[name]
unknown

[dist]
# distance from previous block
# <min> <max>
14	323

[block]
# block no. 0 follows, 29 sequences, length 74
# corresponding to MSA columns:
# 326-399
name=unknown_A
#
# <colnr> <probs for GDERKNQSTAVLIFYWHMCP>
#	G	D	E	R	K	N	Q	S	T	A	V	L	I	F	Y	W	H	M	C	P
0	0.01045	0.00825	0.00848	0.00855	0.01049	0.03772	0.00640	0.01280	0.01670	0.02209	0.18133	0.13282	0.33764	0.01596	0.00795	0.00233	0.00412	0.04472	0.12486	0.00635
1	0.07603	0.01274	0.01305	0.04064	0.01583	0.07387	0.00943	0.11743	0.08195	0.02529	0.10607	0.20571	0.06817	0.03759	0.03813	0.02759	0.00662	0.03007	0.00603	0.00775
2	0.03870	0.01122	0.06262	0.01266	0.01556	0.00950	0.08762	0.01554	0.01757	0.04511	0.38460	0.12228	0.06532	0.04576	0.00987	0.00257	0.02782	0.01193	0.00644	0.00732
3	0.05266	0.01393	0.01615	0.01205	0.01775	0.01250	0.00978	0.11967	0.01774	0.08713	0.01437	0.01586	0.01121	0.00657	0.00677	0.00149	0.04961	0.00491	0.00500	0.52483
4	0.40910	0.01349	0.01350	0.07782	0.03749	0.01532	0.00997	0.10210	0.04263	0.03014	0.01454	0.03866	0.01174	0.00784	0.00599	0.00216	0.02789	0.00557	0.10142	0.03261
5	0.02001	0.00988	0.01296	0.01091	0.01440	0.00904	0.00863	0.02418	0.06314	0.32297	0.36789	0.03899	0.04289	0.01176	0.00779	0.00224	0.00467	0.01010	0.00822	0.00934
6	0.01430	0.01635	0.08711	0.10725	0.06963	0.01530	0.25318	0.01838	0.01467	0.02022	0.01920	0.13804	0.03973	0.01085	0.01094	0.02926	0.11370	0.00952	0.00400	0.00836
7	0.33420	0.01369	0.01438	0.01163	0.01654	0.01421	0.00957	0.12601	0.01882	0.30819	0.01900	0.01826	0.01290	0.00788	0.00596	0.00217	0.00598	0.00571	0.04479	0.01011
8	0.01237	0.00618	0.00928	0.00928	0.00928	0.00618	0.00618	0.00928	0.00928	0.01237	0.01237	0.02165	0.01237	0.02474	0.02783	0.79283	0.00618	0.00618	0.00309	0.00309
9	0.02707	0.01995	0.02137	0.01638	0.02208	0.02208	0.01353	0.68159	0.03348	0.04488	0.01710	0.01710	0.01211	0.00855	0.00712	0.00214	0.00784	0.00641	0.00712	0.01211
10	0.01762	0.01692	0.02890	0.04371	0.70533	0.01692	0.02185	0.02185	0.01621	0.02326	0.01339	0.01762	0.01128	0.00634	0.00705	0.00211	0.00846	0.00634	0.00352	0.01128
11	0.01428	0.03683	0.71286	0.02030	0.03082	0.01654	0.02631	0.02255	0.01503	0.02255	0.01278	0.01503	0.00902	0.00677	0.00677	0.00226	0.01052	0.00526	0.00301	0.01052
12	0.80005	0.01377	0.01047	0.00936	0.01377	0.01597	0.00771	0.02093	0.01212	0.03195	0.00991	0.01157	0.00771	0.00661	0.00441	0.00220	0.00551	0.00386	0.00441	0.00771
13	0.01558	0.01558	0.02181	0.01869	0.01869	0.02181	0.01558	0.01714	0.01091	0.01714	0.00935	0.01558	0.00935	0.01246	0.02337	0.00312	0.73672	0.00623	0.00312	0.00779
14	0.01011	0.00887	0.03276	0.00913	0.01169	0.00744	0.00747	0.03913	0.01780	0.02274	0.20620	0.06256	0.42824	0.01668	0.00847	0.00246	0.00431	0.09052	0.00678	0.00664
15	0.01052	0.00756	0.01035	0.01193	0.01323	0.00739	0.00979	0.01313	0.01557	0.02030	0.03953	0.27752	0.06916	0.02039	0.00956	0.00313	0.00572	0.44234	0.00657	0.00631
16	0.01771	0.01530	0.01610	0.01449	0.01852	0.01771	0.01127	0.03784	0.69247	0.02979	0.02898	0.02657	0.02174	0.00966	0.00725	0.00242	0.00564	0.00805	0.00725	0.01127
17	0.01327	0.00664	0.00664	0.00664	0.00830	0.00664	0.00498	0.01659	0.01493	0.02655	0.02323	0.02655	0.01825	0.00830	0.00498	0.00166	0.00332	0.00664	0.78928	0.00664
18	0.01469	0.01662	0.08417	0.44385	0.10007	0.01651	0.18175	0.01999	0.01510	0.02011	0.01316	0.01860	0.00992	0.00675	0.00740	0.00235	0.01010	0.00675	0.00329	0.00882
19	0.00842	0.00721	0.00721	0.00721	0.00962	0.00601	0.00541	0.01022	0.01623	0.01924	0.07213	0.06853	0.70244	0.01803	0.00842	0.00240	0.00361	0.01503	0.00661	0.00601
20	0.03195	0.01212	0.01652	0.01267	0.01818	0.01047	0.01047	0.03470	0.02038	0.71026	0.02809	0.02424	0.01763	0.00881	0.00716	0.00220	0.00606	0.00716	0.00881	0.01212
21	0.01681	0.01921	0.04202	0.03001	0.03721	0.01801	0.67947	0.02281	0.01681	0.02281	0.01441	0.01921	0.01080	0.00600	0.00840	0.00240	0.01200	0.00840	0.00360	0.00960
22	0.12016	0.11974	0.13210	0.01627	0.04230	0.21353	0.01441	0.08050	0.01862	0.15652	0.01490	0.01556	0.01091	0.00735	0.00621	0.00201	0.00902	0.00521	0.00485	0.00983
23	0.00868	0.00620	0.00826	0.00991	0.01033	0.00578	0.00661	0.00991	0.01363	0.01818	0.03925	0.74510	0.04710	0.02231	0.00909	0.00289	0.00413	0.02024	0.00661	0.00578
24	0.00868	0.00620	0.00826	0.00991	0.01033	0.00578	0.00661	0.00991	0.01363	0.01818	0.03925	0.74510	0.04710	0.02231	0.00909	0.00289	0.00413	0.02024	0.00661	0.00578
25	0.12276	0.03012	0.37101	0.01981	0.08131	0.17897	0.01968	0.02324	0.01615	0.02295	0.04227	0.01595	0.01162	0.00718	0.00646	0.00214	0.00990	0.00534	0.00360	0.00952
26	0.01832	0.10230	0.01817	0.01149	0.01747	0.01267	0.00957	0.04346	0.01611	0.12670	0.01471	0.01589	0.01147	0.00622	0.00604	0.00138	0.02625	0.00474	0.00484	0.53221
27	0.13359	0.05746	0.55360	0.01829	0.02744	0.04778	0.02247	0.02252	0.01480	0.02355	0.01217	0.01429	0.00883	0.00674	0.00632	0.00220	0.00977	0.00497	0.00325	0.00995
28	0.02829	0.01196	0.01592	0.01217	0.01761	0.01014	0.00998	0.03114	0.01952	0.57339	0.05853	0.02422	0.01897	0.00856	0.00694	0.00203	0.00581	0.00699	0.00807	0.12976
29	0.02885	0.04912	0.01822	0.01425	0.04617	0.01288	0.01121	0.10226	0.04174	0.52872	0.02590	0.05119	0.01766	0.00911	0.00711	0.00219	0.00633	0.00743	0.00800	0.01166
30	0.01584	0.08327	0.23585	0.01858	0.02250	0.02072	0.01854	0.04055	0.01320	0.01967	0.01070	0.01512	0.00932	0.01006	0.01618	0.00269	0.42942	0.00574	0.00321	0.00888
31	0.02662	0.01094	0.01482	0.01177	0.01634	0.00955	0.00955	0.02952	0.02033	0.54427	0.19208	0.03129	0.02969	0.01021	0.00746	0.00221	0.00540	0.00855	0.00858	0.01080
32	0.01008	0.00728	0.00952	0.00896	0.01064	0.00672	0.00672	0.01344	0.02016	0.02855	0.70158	0.05319	0.06719	0.01456	0.00840	0.00224	0.00336	0.01288	0.00784	0.00672
33	0.01626	0.02397	0.25977	0.15803	0.18124	0.04082	0.14620	0.04811	0.01639	0.02267	0.01331	0.01712	0.01006	0.00669	0.00720	0.00225	0.01014	0.00631	0.00345	0.01002
34	0.01953	0.08207	0.02037	0.06945	0.02195	0.29779	0.03625	0.04796	0.01768	0.01968	0.01821	0.03154	0.01772	0.01101	0.00915	0.00240	0.08872	0.17611	0.00441	0.00801
35	0.00868	0.00620	0.00826	0.00991	0.01033	0.00578	0.00661	0.00991	0.01363	0.01818	0.03925	0.74510	0.04710	0.02231	0.00909	0.00289	0.00413	0.02024	0.00661	0.00578
36	0.00868	0.00620	0.00826	0.00991	0.01033	0.00578	0.00661	0.00991	0.01363	0.01818	0.03925	0.74510	0.04710	0.02231	0.00909	0.00289	0.00413	0.02024	0.00661	0.00578
37	0.01477	0.01266	0.01477	0.01055	0.01687	0.00949	0.00844	0.01793	0.01477	0.02320	0.01266	0.01477	0.01055	0.00527	0.00527	0.00105	0.00527	0.00422	0.00422	0.79328
38	0.01643	0.28715	0.24344	0.01692	0.02338	0.02119	0.06027	0.02076	0.01417	0.01956	0.01122	0.01409	0.00936	0.00739	0.00898	0.00206	0.14131	0.00503	0.00318	0.07412
39	0.01455	0.05488	0.01530	0.01310	0.01531	0.11112	0.01037	0.07081	0.01464	0.01903	0.01693	0.02360	0.01535	0.03919	0.49830	0.00849	0.04088	0.00684	0.00400	0.00730
40	0.01652	0.00865	0.01153	0.01013	0.01287	0.00777	0.00783	0.01955	0.01977	0.23159	0.45417	0.09270	0.05098	0.01338	0.00808	0.00227	0.00422	0.01168	0.00804	0.00827
41	0.08731	0.09780	0.02343	0.02393	0.20770	0.40291	0.01532	0.02532	0.01787	0.02016	0.01146	0.01390	0.00962	0.00688	0.00625	0.00191	0.01053	0.00493	0.00363	0.00912
42	0.80005	0.01377	0.01047	0.00936	0.01377	0.01597	0.00771	0.02093	0.01212	0.03195	0.00991	0.01157	0.00771	0.00661	0.00441	0.00220	0.00551	0.00386	0.00441	0.00771
43	0.02099	0.56764	0.03288	0.01378	0.01924	0.20756	0.01259	0.02316	0.01595	0.01693	0.01019	0.01179	0.00915	0.00641	0.00505	0.00160	0.00897	0.00401	0.00321	0.00891
44	0.00868	0.00620	0.00826	0.00991	0.01033	0.00578	0.00661	0.00991	0.01363	0.01818	0.03925	0.74510	0.04710	0.02231	0.00909	0.00289	0.00413	0.02024	0.00661	0.00578
45	0.02707	0.01995	0.02137	0.01638	0.02208	0.02208	0.01353	0.68159	0.03348	0.04488	0.01710	0.01710	0.01211	0.00855	0.00712	0.00214	0.00784	0.00641	0.00712	0.01211
46	0.03063	0.01337	0.01719	0.01327	0.01874	0.01243	0.01094	0.12636	0.05174	0.58626	0.02658	0.02333	0.01703	0.00881	0.00716	0.00220	0.00629	0.00709	0.00851	0.01208
47	0.00891	0.00636	0.00853	0.01018	0.01069	0.00598	0.00701	0.01031	0.01386	0.01844	0.03912	0.69018	0.04659	0.02209	0.00915	0.00292	0.00433	0.07288	0.00661	0.00585
48	0.01383	0.00718	0.00723	0.00703	0.00886	0.00726	0.00532	0.04356	0.01568	0.02729	0.02298	0.02616	0.01800	0.00831	0.00506	0.00168	0.00350	0.00663	0.75756	0.00686
49	0.01047	0.00775	0.00983	0.00923	0.01107	0.00735	0.00694	0.01478	0.05991	0.02831	0.64023	0.05213	0.08614	0.01439	0.00833	0.00226	0.00350	0.01266	0.00776	0.00696
50	0.01237	0.00618	0.00928	0.00928	0.00928	0.00618	0.00618	0.00928	0.00928	0.01237	0.01237	0.02165	0.01237	0.02474	0.02783	0.79283	0.00618	0.00618	0.00309	0.00309
51	0.01670	0.01260	0.01496	0.01079	0.01702	0.00960	0.00867	0.01981	0.01540	0.10036	0.01439	0.01583	0.01134	0.00567	0.00549	0.00118	0.00536	0.00455	0.00473	0.70556
52	0.01904	0.75404	0.03731	0.01218	0.01828	0.02818	0.01218	0.02132	0.01447	0.01675	0.00990	0.01142	0.00914	0.00609	0.00457	0.00152	0.00761	0.00381	0.00305	0.00914
53	0.01667	0.01895	0.04120	0.05784	0.03768	0.01792	0.65335	0.02263	0.01671	0.02263	0.01434	0.01920	0.01075	0.00605	0.00835	0.00240	0.01191	0.00832	0.00358	0.00954
54	0.00896	0.00723	0.00797	0.00778	0.00995	0.00624	0.00584	0.01127	0.01751	0.02228	0.27772	0.06352	0.49496	0.01690	0.00841	0.00235	0.00353	0.01433	0.00701	0.00624
55	0.01345	0.01266	0.02136	0.73264	0.04904	0.01582	0.01978	0.01819	0.01424	0.01819	0.01266	0.01898	0.00949	0.00712	0.00712	0.00237	0.00949	0.00633	0.00316	0.00791
56	0.01545	0.01554	0.02063	0.01796	0.01814	0.04836	0.01477	0.01699	0.01150	0.01723	0.01188	0.07574	0.01246	0.01307	0.02151	0.00305	0.64734	0.00732	0.00343	0.00764
57	0.03938	0.00752	0.01202	0.01099	0.01174	0.00749	0.06186	0.01079	0.00999	0.01389	0.01245	0.02110	0.01208	0.02258	0.02543	0.70078	0.00664	0.00629	0.00318	0.00379
58	0.01221	0.00965	0.01405	0.01301	0.01473	0.01131	0.03074	0.06865	0.01339	0.01912	0.01798	0.02581	0.01643	0.04493	0.58423	0.00972	0.07551	0.00744	0.00403	0.00705
59	0.01680	0.01607	0.02741	0.18021	0.57530	0.01670	0.02144	0.02113	0.01582	0.02226	0.01325	0.01789	0.01093	0.00650	0.00706	0.00217	0.00866	0.00634	0.00345	0.01061
60	0.01017	0.00763	0.01144	0.01144	0.01272	0.00890	0.00890	0.01272	0.01144	0.01653	0.01907	0.02797	0.01780	0.05340	0.72153	0.01144	0.01907	0.00763	0.00381	0.00636
61	0.01386	0.01323	0.02282	0.65713	0.08783	0.01599	0.05200	0.01864	0.01448	0.01872	0.01279	0.01891	0.00966	0.00702	0.00718	0.00236	0.00955	0.00643	0.00321	0.00819
62	0.01237	0.00618	0.00928	0.00928	0.00928	0.00618	0.00618	0.00928	0.00928	0.01237	0.01237	0.02165	0.01237	0.02474	0.02783	0.79283	0.00618	0.00618	0.00309	0.00309
63	0.01945	0.01532	0.01646	0.01446	0.01870	0.01738	0.01134	0.07659	0.59701	0.08692	0.02819	0.02580	0.02081	0.00952	0.00723	0.00238	0.00580	0.00788	0.00737	0.01139
64	0.02707	0.01995	0.02137	0.01638	0.02208	0.02208	0.01353	0.68159	0.03348	0.04488	0.01710	0.01710	0.01211	0.00855	0.00712	0.00214	0.00784	0.00641	0.00712	0.01211
65	0.01743	0.01446	0.01679	0.01251	0.01814	0.01326	0.01015	0.15779	0.01836	0.02723	0.01329	0.01533	0.01077	0.00661	0.00729	0.00147	0.07164	0.00486	0.00473	0.55788
66	0.00868	0.00620	0.00826	0.00991	0.01033	0.00578	0.00661	0.00991	0.01363	0.01818	0.03925	0.74510	0.04710	0.02231	0.00909	0.00289	0.00413	0.02024	0.00661	0.00578
67	0.01558	0.01558	0.02181	0.01869	0.01869	0.02181	0.01558	0.01714	0.01091	0.01714	0.00935	0.01558	0.00935	0.01246	0.02337	0.00312	0.73672	0.00623	0.00312	0.00779
68	0.01032	0.00705	0.00851	0.00851	0.00877	0.00731	0.00524	0.01083	0.01058	0.01436	0.02175	0.04282	0.02425	0.60864	0.17512	0.00782	0.00937	0.00980	0.00421	0.00473
69	0.01036	0.00762	0.00798	0.00766	0.01033	0.00638	0.00583	0.01224	0.01657	0.07633	0.06850	0.06487	0.64587	0.01727	0.00831	0.00239	0.00381	0.01438	0.00679	0.00652
70	0.01966	0.69454	0.03590	0.01269	0.01858	0.08543	0.01231	0.02191	0.01494	0.01681	0.00999	0.01154	0.00914	0.00619	0.00472	0.00155	0.00805	0.00387	0.00310	0.00907
71	0.01771	0.01530	0.01610	0.01449	0.01852	0.01771	0.01127	0.03784	0.69247	0.02979	0.02898	0.02657	0.02174	0.00966	0.00725	0.00242	0.00564	0.00805	0.00725	0.01127
72	0.01477	0.01266	0.01477	0.01055	0.01687	0.00949	0.00844	0.01793	0.01477	0.02320	0.01266	0.01477	0.01055	0.00527	0.00527	0.00105	0.00527	0.00422	0.00422	0.79328
73	0.01904	0.75404	0.03731	0.01218	0.01828	0.02818	0.01218	0.02132	0.01447	0.01675	0.00990	0.01142	0.00914	0.00609	0.00457	0.00152	0.00761	0.00381	0.00305	0.00914

[dist]
# distance from previous block
# <min> <max>
0	1

[block]
# block no. 1 follows, 29 sequences, length 11
# corresponding to MSA columns:
# 401-411
name=unknown_B
#
# <colnr> <probs for GDERKNQSTAVLIFYWHMCP>
#	G	D	E	R	K	N	Q	S	T	A	V	L	I	F	Y	W	H	M	C	P
0	0.02972	0.05561	0.01906	0.01518	0.06656	0.01309	0.01166	0.09750	0.02106	0.55637	0.02493	0.02233	0.01615	0.00846	0.00700	0.00215	0.00649	0.00684	0.00795	0.01189
1	0.01327	0.00664	0.00664	0.00664	0.00830	0.00664	0.00498	0.01659	0.01493	0.02655	0.02323	0.02655	0.01825	0.00830	0.00498	0.00166	0.00332	0.00664	0.78928	0.00664
2	0.07892	0.02196	0.01918	0.01597	0.02072	0.19290	0.01270	0.33592	0.17065	0.03396	0.01765	0.01770	0.01315	0.00835	0.00679	0.00213	0.00843	0.00614	0.00611	0.01067
3	0.01031	0.00710	0.00874	0.00874	0.00908	0.00743	0.00553	0.01098	0.01064	0.01453	0.02154	0.04166	0.02374	0.56518	0.21788	0.00811	0.01013	0.00963	0.00418	0.00486
4	0.01768	0.36258	0.21082	0.01688	0.02377	0.08768	0.09806	0.02201	0.01579	0.01980	0.05389	0.01603	0.01289	0.00689	0.00603	0.00190	0.00914	0.00539	0.00346	0.00933
5	0.01019	0.00755	0.01106	0.01106	0.01220	0.00869	0.00842	0.01247	0.01133	0.01625	0.01942	0.02991	0.01864	0.12573	0.65035	0.01097	0.01781	0.00791	0.00387	0.00615
6	0.02344	0.06354	0.11528	0.01880	0.06551	0.01989	0.05821	0.37798	0.07005	0.09036	0.01737	0.01786	0.01247	0.00796	0.00702	0.00216	0.00820	0.00640	0.00604	0.01146
7	0.01345	0.01266	0.02136	0.73264	0.04904	0.01582	0.01978	0.01819	0.01424	0.01819	0.01266	0.01898	0.00949	0.00712	0.00712	0.00237	0.00949	0.00633	0.00316	0.00791
8	0.01904	0.75404	0.03731	0.01218	0.01828	0.02818	0.01218	0.02132	0.01447	0.01675	0.00990	0.01142	0.00914	0.00609	0.00457	0.00152	0.00761	0.00381	0.00305	0.00914
9	0.01327	0.00664	0.00664	0.00664	0.00830	0.00664	0.00498	0.01659	0.01493	0.02655	0.02323	0.02655	0.01825	0.00830	0.00498	0.00166	0.00332	0.00664	0.78928	0.00664
10	0.01522	0.01629	0.05860	0.01827	0.01893	0.02073	0.01570	0.01724	0.01161	0.01803	0.04585	0.01752	0.01236	0.01226	0.02168	0.00302	0.65891	0.00653	0.00336	0.00788

[dist]
# distance from previous block
# <min> <max>
0	5

[block]
# block no. 2 follows, 29 sequences, length 191
# corresponding to MSA columns:
# 417-607
name=unknown_C
#
# <colnr> <probs for GDERKNQSTAVLIFYWHMCP>
#	G	D	E	R	K	N	Q	S	T	A	V	L	I	F	Y	W	H	M	C	P
0	0.01656	0.02176	0.20144	0.03507	0.46437	0.01637	0.04619	0.02180	0.01584	0.02306	0.01323	0.01684	0.01064	0.00637	0.00691	0.00209	0.00890	0.00600	0.00344	0.06312
1	0.04518	0.67644	0.03516	0.01255	0.01841	0.07912	0.01215	0.02184	0.01481	0.01730	0.00998	0.01153	0.00909	0.00620	0.00470	0.00157	0.00793	0.00387	0.00314	0.00903
2	0.01141	0.00825	0.01163	0.03527	0.01557	0.00832	0.01145	0.01467	0.01635	0.02133	0.05634	0.09775	0.04095	0.01921	0.00969	0.00321	0.00648	0.59906	0.00649	0.00658
3	0.01327	0.00664	0.00664	0.00664	0.00830	0.00664	0.00498	0.01659	0.01493	0.02655	0.02323	0.02655	0.01825	0.00830	0.00498	0.00166	0.00332	0.00664	0.78928	0.00664
4	0.01002	0.00728	0.00944	0.00890	0.01060	0.00669	0.00667	0.01333	0.02002	0.02823	0.67976	0.05372	0.08920	0.01468	0.00840	0.00225	0.00337	0.01295	0.00780	0.00669
5	0.02884	0.11955	0.01928	0.01253	0.01794	0.01314	0.01061	0.03213	0.04206	0.56334	0.04883	0.02346	0.01825	0.00865	0.00683	0.00211	0.00618	0.00690	0.00789	0.01147
6	0.80005	0.01377	0.01047	0.00936	0.01377	0.01597	0.00771	0.02093	0.01212	0.03195	0.00991	0.01157	0.00771	0.00661	0.00441	0.00220	0.00551	0.00386	0.00441	0.00771
7	0.03195	0.01212	0.01652	0.01267	0.01818	0.01047	0.01047	0.03470	0.02038	0.71026	0.02809	0.02424	0.01763	0.00881	0.00716	0.00220	0.00606	0.00716	0.00881	0.01212
8	0.00867	0.00722	0.00757	0.00748	0.00977	0.00612	0.00561	0.01071	0.01683	0.02067	0.16889	0.06617	0.60479	0.01750	0.00841	0.00238	0.00357	0.01470	0.00680	0.00612
9	0.01668	0.01788	0.03600	0.10354	0.18392	0.01754	0.44163	0.02274	0.04379	0.02272	0.01460	0.01914	0.01122	0.00634	0.00793	0.00234	0.01072	0.00773	0.00369	0.00987
10	0.02660	0.03394	0.02018	0.01834	0.02201	0.72116	0.01376	0.02843	0.02018	0.01743	0.01101	0.01284	0.00917	0.00734	0.00642	0.00183	0.01284	0.00459	0.00367	0.00825
11	0.01035	0.00693	0.00791	0.00791	0.00796	0.00698	0.00450	0.01045	0.01040	0.01391	0.02230	0.04586	0.02557	0.72216	0.06340	0.00708	0.00739	0.01025	0.00429	0.00440
12	0.01771	0.01530	0.01610	0.01449	0.01852	0.01771	0.01127	0.03784	0.69247	0.02979	0.02898	0.02657	0.02174	0.00966	0.00725	0.00242	0.00564	0.00805	0.00725	0.01127
13	0.02520	0.01948	0.02029	0.01607	0.02137	0.04412	0.01309	0.53265	0.16361	0.04099	0.01925	0.01883	0.01392	0.00873	0.00712	0.00218	0.00756	0.00668	0.00703	0.01182
14	0.01681	0.01921	0.04202	0.03001	0.03721	0.01801	0.67947	0.02281	0.01681	0.02281	0.01441	0.01921	0.01080	0.00600	0.00840	0.00240	0.01200	0.00840	0.00360	0.00960
15	0.00868	0.00620	0.00826	0.00991	0.01033	0.00578	0.00661	0.00991	0.01363	0.01818	0.03925	0.74510	0.04710	0.02231	0.00909	0.00289	0.00413	0.02024	0.00661	0.00578
16	0.05073	0.01570	0.04169	0.01905	0.07432	0.01571	0.13802	0.22793	0.06598	0.02944	0.02284	0.20076	0.02179	0.01162	0.00782	0.00243	0.00754	0.03127	0.00581	0.00953
17	0.01577	0.01570	0.02221	0.01885	0.01940	0.02139	0.04098	0.01874	0.05654	0.01820	0.01085	0.01645	0.01023	0.01203	0.02172	0.00304	0.65997	0.00644	0.00341	0.00809
18	0.01017	0.00763	0.01144	0.01144	0.01272	0.00890	0.00890	0.01272	0.01144	0.01653	0.01907	0.02797	0.01780	0.05340	0.72153	0.01144	0.01907	0.00763	0.00381	0.00636
19	0.15761	0.01391	0.01978	0.41485	0.10819	0.01658	0.01672	0.04464	0.06994	0.02310	0.01360	0.01791	0.01045	0.00741	0.00727	0.00234	0.03710	0.00602	0.00390	0.00866
20	0.01482	0.06523	0.58524	0.01943	0.02854	0.01752	0.02389	0.02311	0.05983	0.02237	0.01348	0.01568	0.00990	0.00735	0.00794	0.00230	0.06430	0.00546	0.00330	0.01031
21	0.74787	0.01413	0.01257	0.01074	0.01533	0.01611	0.05246	0.02106	0.01243	0.03134	0.01021	0.01208	0.00792	0.00657	0.00467	0.00222	0.00594	0.00416	0.00435	0.00784
22	0.07139	0.01597	0.01661	0.01447	0.01880	0.01833	0.01141	0.14429	0.53702	0.03245	0.02573	0.02398	0.01919	0.00927	0.00704	0.00235	0.00599	0.00750	0.00704	0.01117
23	0.05485	0.01882	0.02027	0.01572	0.02125	0.02067	0.01294	0.56694	0.07212	0.09618	0.01844	0.01804	0.01298	0.00857	0.00704	0.00216	0.00748	0.00648	0.00717	0.01190
24	0.01904	0.75404	0.03731	0.01218	0.01828	0.02818	0.01218	0.02132	0.01447	0.01675	0.00990	0.01142	0.00914	0.00609	0.00457	0.00152	0.00761	0.00381	0.00305	0.00914
25	0.03996	0.01343	0.02180	0.63431	0.04565	0.01633	0.04449	0.06266	0.01555	0.02059	0.01293	0.01863	0.00966	0.00715	0.00708	0.00235	0.00935	0.00633	0.00348	0.00825
26	0.01354	0.01266	0.02092	0.68453	0.04690	0.01540	0.01902	0.01818	0.01427	0.01853	0.01266	0.01870	0.00956	0.00700	0.00700	0.00229	0.00921	0.00619	0.00323	0.06023
27	0.01119	0.00913	0.01340	0.01281	0.01385	0.01134	0.01016	0.01355	0.01134	0.01664	0.01723	0.02563	0.01620	0.04567	0.58955	0.00987	0.15473	0.00736	0.00368	0.00663
28	0.02660	0.03394	0.02018	0.01834	0.02201	0.72116	0.01376	0.02843	0.02018	0.01743	0.01101	0.01284	0.00917	0.00734	0.00642	0.00183	0.01284	0.00459	0.00367	0.00825
29	0.01089	0.00778	0.01080	0.01245	0.01383	0.00769	0.01046	0.01374	0.01582	0.02066	0.03802	0.21890	0.04226	0.02022	0.00968	0.00320	0.00605	0.52459	0.00657	0.00640
30	0.01771	0.01530	0.01610	0.01449	0.01852	0.01771	0.01127	0.03784	0.69247	0.02979	0.02898	0.02657	0.02174	0.00966	0.00725	0.00242	0.00564	0.00805	0.00725	0.01127
31	0.01428	0.03683	0.71286	0.02030	0.03082	0.01654	0.02631	0.02255	0.01503	0.02255	0.01278	0.01503	0.00902	0.00677	0.00677	0.00226	0.01052	0.00526	0.00301	0.01052
32	0.03195	0.01212	0.01652	0.01267	0.01818	0.01047	0.01047	0.03470	0.02038	0.71026	0.02809	0.02424	0.01763	0.00881	0.00716	0.00220	0.00606	0.00716	0.00881	0.01212
33	0.00868	0.00620	0.00826	0.00991	0.01033	0.00578	0.00661	0.00991	0.01363	0.01818	0.03925	0.74510	0.04710	0.02231	0.00909	0.00289	0.00413	0.02024	0.00661	0.00578
34	0.00868	0.00620	0.00826	0.00991	0.01033	0.00578	0.00661	0.00991	0.01363	0.01818	0.03925	0.74510	0.04710	0.02231	0.00909	0.00289	0.00413	0.02024	0.00661	0.00578
35	0.01036	0.00690	0.00777	0.00777	0.00777	0.00690	0.00431	0.01036	0.01036	0.01381	0.02244	0.04660	0.02589	0.74975	0.03624	0.00690	0.00690	0.01036	0.00431	0.00431
36	0.00868	0.00620	0.00826	0.00991	0.01033	0.00578	0.00661	0.00991	0.01363	0.01818	0.03925	0.74510	0.04710	0.02231	0.00909	0.00289	0.00413	0.02024	0.00661	0.00578
37	0.02740	0.01941	0.02104	0.01613	0.02182	0.02129	0.01333	0.63751	0.03259	0.09022	0.01785	0.01758	0.01249	0.00857	0.00713	0.00214	0.00771	0.00646	0.00724	0.01211
38	0.01558	0.01558	0.02181	0.01869	0.01869	0.02181	0.01558	0.01714	0.01091	0.01714	0.00935	0.01558	0.00935	0.01246	0.02337	0.00312	0.73672	0.00623	0.00312	0.00779
39	0.01036	0.00690	0.00777	0.00777	0.00777	0.00690	0.00431	0.01036	0.01036	0.01381	0.02244	0.04660	0.02589	0.74975	0.03624	0.00690	0.00690	0.01036	0.00431	0.00431
40	0.01156	0.00836	0.01145	0.01276	0.01448	0.00839	0.01100	0.01544	0.04068	0.02232	0.10227	0.07577	0.04286	0.01882	0.00960	0.00315	0.00621	0.57144	0.00671	0.00674
41	0.80005	0.01377	0.01047	0.00936	0.01377	0.01597	0.00771	0.02093	0.01212	0.03195	0.00991	0.01157	0.00771	0.00661	0.00441	0.00220	0.00551	0.00386	0.00441	0.00771
42	0.01904	0.75404	0.03731	0.01218	0.01828	0.02818	0.01218	0.02132	0.01447	0.01675	0.00990	0.01142	0.00914	0.00609	0.00457	0.00152	0.00761	0.00381	0.00305	0.00914
43	0.00855	0.00713	0.00746	0.00756	0.00975	0.00604	0.00560	0.01041	0.01628	0.01978	0.11235	0.12339	0.60496	0.01815	0.00847	0.00243	0.00363	0.01531	0.00670	0.00604
44	0.01558	0.01558	0.02181	0.01869	0.01869	0.02181	0.01558	0.01714	0.01091	0.01714	0.00935	0.01558	0.00935	0.01246	0.02337	0.00312	0.73672	0.00623	0.00312	0.00779
45	0.01681	0.01921	0.04202	0.03001	0.03721	0.01801	0.67947	0.02281	0.01681	0.02281	0.01441	0.01921	0.01080	0.00600	0.00840	0.00240	0.01200	0.00840	0.00360	0.00960
46	0.01477	0.01266	0.01477	0.01055	0.01687	0.00949	0.00844	0.01793	0.01477	0.02320	0.01266	0.01477	0.01055	0.00527	0.00527	0.00105	0.00527	0.00422	0.00422	0.79328
47	0.01078	0.00770	0.01068	0.01232	0.01365	0.00760	0.01027	0.01355	0.01571	0.02053	0.03809	0.24536	0.04250	0.02033	0.00965	0.00318	0.00595	0.49923	0.00657	0.00636
48	0.01558	0.01558	0.02181	0.01869	0.01869	0.02181	0.01558	0.01714	0.01091	0.01714	0.00935	0.01558	0.00935	0.01246	0.02337	0.00312	0.73672	0.00623	0.00312	0.00779
49	0.01009	0.00725	0.00922	0.00873	0.01046	0.00666	0.00655	0.01334	0.01964	0.02778	0.62525	0.05316	0.11209	0.01454	0.00825	0.00223	0.00338	0.01276	0.04198	0.00666
50	0.76640	0.01370	0.01073	0.00951	0.01396	0.01573	0.00783	0.02153	0.01248	0.06166	0.01071	0.01212	0.00815	0.00671	0.00453	0.00220	0.00553	0.00400	0.00460	0.00790
51	0.01058	0.00728	0.00838	0.00825	0.00825	0.00756	0.00481	0.01065	0.01038	0.01395	0.02186	0.04524	0.02516	0.71746	0.03568	0.00674	0.03887	0.01017	0.00426	0.00447
52	0.01866	0.01508	0.01613	0.01437	0.01849	0.01723	0.01122	0.03763	0.64769	0.07512	0.02892	0.02641	0.02146	0.00960	0.00724	0.00240	0.00566	0.00799	0.00735	0.01133
53	0.05886	0.01864	0.01973	0.01566	0.02093	0.02085	0.01278	0.51005	0.17852	0.04097	0.01941	0.01895	0.01405	0.00871	0.00703	0.00220	0.00725	0.00666	0.00703	0.01173
54	0.01904	0.75404	0.03731	0.01218	0.01828	0.02818	0.01218	0.02132	0.01447	0.01675	0.00990	0.01142	0.00914	0.00609	0.00457	0.00152	0.00761	0.00381	0.00305	0.00914
55	0.01668	0.03003	0.51673	0.04946	0.07571	0.01539	0.02303	0.02360	0.01584	0.11281	0.01587	0.01932	0.01167	0.00756	0.00698	0.00229	0.00959	0.03297	0.00396	0.01051
56	0.80005	0.01377	0.01047	0.00936	0.01377	0.01597	0.00771	0.02093	0.01212	0.03195	0.00991	0.01157	0.00771	0.00661	0.00441	0.00220	0.00551	0.00386	0.00441	0.00771
57	0.80005	0.01377	0.01047	0.00936	0.01377	0.01597	0.00771	0.02093	0.01212	0.03195	0.00991	0.01157	0.00771	0.00661	0.00441	0.00220	0.00551	0.00386	0.00441	0.00771
58	0.02660	0.03394	0.02018	0.01834	0.02201	0.72116	0.01376	0.02843	0.02018	0.01743	0.01101	0.01284	0.00917	0.00734	0.00642	0.00183	0.01284	0.00459	0.00367	0.00825
59	0.01933	0.01610	0.01701	0.01482	0.01913	0.01847	0.01166	0.14918	0.57849	0.03240	0.02693	0.02493	0.02007	0.00947	0.00722	0.00237	0.00602	0.00777	0.00722	0.01142
60	0.00842	0.00721	0.00721	0.00721	0.00962	0.00601	0.00541	0.01022	0.01623	0.01924	0.07213	0.06853	0.70244	0.01803	0.00842	0.00240	0.00361	0.01503	0.00661	0.00601
61	0.05037	0.39283	0.22200	0.01502	0.02204	0.07897	0.01603	0.04695	0.01605	0.06360	0.01220	0.01356	0.00969	0.00666	0.00558	0.00184	0.00868	0.00458	0.00365	0.00969
62	0.00881	0.00630	0.00838	0.00982	0.01036	0.00587	0.00662	0.01025	0.01426	0.01917	0.10275	0.67877	0.04902	0.02157	0.00902	0.00283	0.00406	0.01954	0.00673	0.00587
63	0.01353	0.01276	0.02137	0.70647	0.04793	0.01604	0.01962	0.01815	0.01412	0.01815	0.01253	0.01886	0.00949	0.00731	0.00771	0.00240	0.03614	0.00632	0.00316	0.00791
64	0.01237	0.00618	0.00928	0.00928	0.00928	0.00618	0.00618	0.00928	0.00928	0.01237	0.01237	0.02165	0.01237	0.02474	0.02783	0.79283	0.00618	0.00618	0.00309	0.00309
65	0.01031	0.00709	0.00870	0.00870	0.00902	0.00741	0.00548	0.01095	0.01063	0.01450	0.02158	0.04188	0.02384	0.57323	0.20996	0.00805	0.00999	0.00966	0.00419	0.00483
66	0.01395	0.01320	0.02212	0.63472	0.11254	0.01618	0.01980	0.01851	0.01429	0.01865	0.01259	0.01871	0.00966	0.00727	0.00779	0.00238	0.03987	0.00633	0.00320	0.00824
67	0.01535	0.01527	0.02176	0.09388	0.02189	0.02118	0.01602	0.01725	0.01126	0.01725	0.00970	0.01594	0.00936	0.01190	0.02166	0.00304	0.66013	0.00624	0.00312	0.00780
68	0.01762	0.01692	0.02890	0.04371	0.70533	0.01692	0.02185	0.02185	0.01621	0.02326	0.01339	0.01762	0.01128	0.00634	0.00705	0.00211	0.00846	0.00634	0.00352	0.01128
69	0.02707	0.01995	0.02137	0.01638	0.02208	0.02208	0.01353	0.68159	0.03348	0.04488	0.01710	0.01710	0.01211	0.00855	0.00712	0.00214	0.00784	0.00641	0.00712	0.01211
70	0.02660	0.03394	0.02018	0.01834	0.02201	0.72116	0.01376	0.02843	0.02018	0.01743	0.01101	0.01284	0.00917	0.00734	0.00642	0.00183	0.01284	0.00459	0.00367	0.00825
71	0.00868	0.00620	0.00826	0.00991	0.01033	0.00578	0.00661	0.00991	0.01363	0.01818	0.03925	0.74510	0.04710	0.02231	0.00909	0.00289	0.00413	0.02024	0.00661	0.00578
72	0.01558	0.01558	0.02181	0.01869	0.01869	0.02181	0.01558	0.01714	0.01091	0.01714	0.00935	0.01558	0.00935	0.01246	0.02337	0.00312	0.73672	0.00623	0.00312	0.00779
73	0.01558	0.01558	0.02181	0.01869	0.01869	0.02181	0.01558	0.01714	0.01091	0.01714	0.00935	0.01558	0.00935	0.01246	0.02337	0.00312	0.73672	0.00623	0.00312	0.00779
74	0.01008	0.00728	0.00952	0.00896	0.01064	0.00672	0.00672	0.01344	0.02016	0.02855	0.70158	0.05319	0.06719	0.01456	0.00840	0.00224	0.00336	0.01288	0.00784	0.00672
75	0.01237	0.00618	0.00928	0.00928	0.00928	0.00618	0.00618	0.00928	0.00928	0.01237	0.01237	0.02165	0.01237	0.02474	0.02783	0.79283	0.00618	0.00618	0.00309	0.00309
76	0.01904	0.75404	0.03731	0.01218	0.01828	0.02818	0.01218	0.02132	0.01447	0.01675	0.00990	0.01142	0.00914	0.00609	0.00457	0.00152	0.00761	0.00381	0.00305	0.00914
77	0.01345	0.01266	0.02136	0.73264	0.04904	0.01582	0.01978	0.01819	0.01424	0.01819	0.01266	0.01898	0.00949	0.00712	0.00712	0.00237	0.00949	0.00633	0.00316	0.00791
78	0.01478	0.11236	0.64171	0.01944	0.02950	0.01776	0.02482	0.02242	0.01497	0.02194	0.01248	0.01465	0.00903	0.00669	0.00653	0.00218	0.01022	0.00511	0.00301	0.01038
79	0.00842	0.00721	0.00721	0.00721	0.00962	0.00601	0.00541	0.01022	0.01623	0.01924	0.07213	0.06853	0.70244	0.01803	0.00842	0.00240	0.00361	0.01503	0.00661	0.00601
80	0.00848	0.00718	0.00733	0.00738	0.00968	0.00603	0.00550	0.01032	0.01626	0.01951	0.09195	0.09469	0.65530	0.01809	0.00844	0.00242	0.00362	0.01516	0.00665	0.00603
81	0.00914	0.00663	0.00870	0.01023	0.01083	0.00635	0.00700	0.01120	0.04001	0.01876	0.03878	0.68930	0.04586	0.02171	0.00905	0.00289	0.00429	0.04661	0.00663	0.00603
82	0.01800	0.01579	0.01842	0.01583	0.02018	0.01790	0.06586	0.06152	0.61186	0.02980	0.02733	0.02560	0.02047	0.00932	0.00734	0.00240	0.00624	0.00802	0.00694	0.01117
83	0.03122	0.01252	0.01668	0.01287	0.01833	0.01116	0.01061	0.05771	0.04685	0.66039	0.02774	0.02407	0.01759	0.00884	0.00716	0.00221	0.00611	0.00717	0.00869	0.01209
84	0.01571	0.00928	0.03940	0.01138	0.01374	0.00774	0.00890	0.01783	0.01582	0.21410	0.03490	0.45708	0.03673	0.01765	0.00851	0.00270	0.00513	0.06850	0.00708	0.00783
85	0.02601	0.01618	0.02359	0.02776	0.31595	0.01562	0.01653	0.07703	0.02008	0.31626	0.02152	0.02276	0.01566	0.00905	0.00855	0.00253	0.03862	0.00725	0.00665	0.01238
86	0.01823	0.63184	0.15242	0.01357	0.02041	0.02619	0.01459	0.02153	0.01456	0.01774	0.01039	0.01204	0.00912	0.00621	0.00494	0.00165	0.00811	0.00406	0.00304	0.00937
87	0.01211	0.00976	0.01213	0.01173	0.01326	0.04981	0.00896	0.05241	0.01311	0.01795	0.01886	0.02847	0.01784	0.12238	0.56629	0.00987	0.01677	0.00768	0.00405	0.00658
88	0.01040	0.00796	0.01188	0.01175	0.01297	0.00944	0.00918	0.01290	0.01142	0.01656	0.01867	0.02745	0.01745	0.05169	0.69227	0.01109	0.04916	0.00757	0.00379	0.00642
89	0.07750	0.34978	0.21726	0.04042	0.02250	0.02090	0.01576	0.02388	0.04006	0.11121	0.01388	0.01494	0.01059	0.00684	0.00569	0.00193	0.00805	0.00490	0.00405	0.00984
90	0.01845	0.01943	0.05273	0.04019	0.60905	0.09098	0.02116	0.02257	0.01659	0.02262	0.01312	0.01703	0.01098	0.00646	0.00697	0.00209	0.00899	0.00612	0.00352	0.01093
91	0.04390	0.62455	0.03395	0.01301	0.01869	0.13077	0.01228	0.02237	0.01525	0.01731	0.01006	0.01164	0.00910	0.00629	0.00484	0.00159	0.00833	0.00392	0.00318	0.00896
92	0.06378	0.00823	0.01035	0.01102	0.01281	0.00814	0.00879	0.01493	0.03966	0.04504	0.15667	0.22861	0.08259	0.01773	0.00877	0.00281	0.00510	0.26144	0.00676	0.00679
93	0.12548	0.26576	0.13166	0.01499	0.02063	0.15610	0.01424	0.07083	0.06799	0.02284	0.01250	0.01400	0.01011	0.00722	0.00642	0.00197	0.03921	0.00480	0.00395	0.00931
94	0.01138	0.00822	0.01020	0.01081	0.01204	0.00817	0.00761	0.10701	0.01675	0.02243	0.06168	0.61325	0.04282	0.02002	0.00878	0.00276	0.00464	0.01796	0.00673	0.00673
95	0.00868	0.00620	0.00826	0.00991	0.01033	0.00578	0.00661	0.00991	0.01363	0.01818	0.03925	0.74510	0.04710	0.02231	0.00909	0.00289	0.00413	0.02024	0.00661	0.00578
96	0.01284	0.01571	0.11514	0.01975	0.02435	0.01235	0.29277	0.01701	0.01515	0.02070	0.02530	0.34318	0.02679	0.01339	0.00849	0.00260	0.00829	0.01328	0.00487	0.00802
97	0.01553	0.02843	0.39990	0.02605	0.09424	0.01712	0.27037	0.02258	0.01580	0.02271	0.01344	0.01683	0.00989	0.00644	0.00740	0.00230	0.01089	0.00654	0.00328	0.01025
98	0.02001	0.57963	0.10236	0.01340	0.01979	0.05239	0.01358	0.04266	0.01574	0.06726	0.01174	0.01292	0.00982	0.00647	0.00512	0.00168	0.00801	0.00430	0.00360	0.00954
99	0.00848	0.00697	0.00747	0.00786	0.00979	0.00596	0.00570	0.01015	0.01561	0.01898	0.06422	0.23142	0.54466	0.01906	0.00858	0.00252	0.00373	0.01628	0.00661	0.00596
100	0.01478	0.02784	0.41678	0.02342	0.07738	0.01600	0.19941	0.02168	0.01609	0.02325	0.08039	0.02005	0.01532	0.00729	0.00738	0.00228	0.01008	0.00692	0.00367	0.00996
101	0.39927	0.01401	0.01666	0.14604	0.14546	0.01555	0.01288	0.02284	0.04051	0.10570	0.01386	0.01603	0.01036	0.00702	0.00580	0.00223	0.00682	0.00529	0.00464	0.00903
102	0.02660	0.03394	0.02018	0.01834	0.02201	0.72116	0.01376	0.02843	0.02018	0.01743	0.01101	0.01284	0.00917	0.00734	0.00642	0.00183	0.01284	0.00459	0.00367	0.00825
103	0.00967	0.00699	0.00825	0.00846	0.00925	0.00685	0.00554	0.01061	0.01227	0.01601	0.03539	0.13994	0.18066	0.38683	0.12712	0.00603	0.00758	0.01230	0.00506	0.00519
104	0.01771	0.01530	0.01610	0.01449	0.01852	0.01771	0.01127	0.03784	0.69247	0.02979	0.02898	0.02657	0.02174	0.00966	0.00725	0.00242	0.00564	0.00805	0.00725	0.01127
105	0.01880	0.43407	0.07971	0.01504	0.02048	0.12917	0.05763	0.02223	0.03529	0.01855	0.04060	0.01542	0.01240	0.00887	0.03399	0.00218	0.03801	0.00508	0.00353	0.00893
106	0.80005	0.01377	0.01047	0.00936	0.01377	0.01597	0.00771	0.02093	0.01212	0.03195	0.00991	0.01157	0.00771	0.00661	0.00441	0.00220	0.00551	0.00386	0.00441	0.00771
107	0.01039	0.00777	0.00864	0.00852	0.01073	0.00690	0.00633	0.03966	0.01709	0.04917	0.13338	0.18767	0.45279	0.01766	0.00843	0.00246	0.00395	0.01507	0.00686	0.00655
108	0.01237	0.00618	0.00928	0.00928	0.00928	0.00618	0.00618	0.00928	0.00928	0.01237	0.01237	0.02165	0.01237	0.02474	0.02783	0.79283	0.00618	0.00618	0.00309	0.00309
109	0.02146	0.01586	0.01892	0.01534	0.01912	0.01782	0.03118	0.35559	0.05010	0.08001	0.04555	0.07394	0.01811	0.05829	0.03386	0.00295	0.11753	0.00809	0.00625	0.01002
110	0.04515	0.59418	0.06165	0.01373	0.01982	0.07282	0.04073	0.04744	0.01563	0.01887	0.01056	0.01221	0.00927	0.00631	0.00503	0.00166	0.00820	0.00421	0.00331	0.00922
111	0.01904	0.75404	0.03731	0.01218	0.01828	0.02818	0.01218	0.02132	0.01447	0.01675	0.00990	0.01142	0.00914	0.00609	0.00457	0.00152	0.00761	0.00381	0.00305	0.00914
112	0.00984	0.00726	0.00923	0.00935	0.01079	0.00682	0.00678	0.01311	0.04510	0.02473	0.42484	0.26710	0.10429	0.01700	0.00857	0.00246	0.00371	0.01511	0.00735	0.00656
113	0.02498	0.01663	0.04718	0.01453	0.01996	0.01632	0.01222	0.29310	0.13227	0.23397	0.02254	0.04680	0.01630	0.00901	0.00709	0.00216	0.00677	0.00720	0.00725	0.06372
114	0.02567	0.01931	0.02089	0.01630	0.02159	0.02165	0.01341	0.59111	0.09531	0.04222	0.01789	0.01793	0.01291	0.00883	0.00785	0.00221	0.03955	0.00656	0.00696	0.01184
115	0.01237	0.00618	0.00928	0.00928	0.00928	0.00618	0.00618	0.00928	0.00928	0.01237	0.01237	0.02165	0.01237	0.02474	0.02783	0.79283	0.00618	0.00618	0.00309	0.00309
116	0.04942	0.01861	0.12070	0.14489	0.28974	0.01687	0.04505	0.02501	0.17057	0.02417	0.01665	0.01934	0.01290	0.00729	0.00701	0.00226	0.00829	0.00656	0.00429	0.01040
117	0.01660	0.20989	0.28845	0.06562	0.02611	0.06826	0.04297	0.02128	0.01443	0.01939	0.01130	0.01450	0.00922	0.00777	0.00959	0.00223	0.15478	0.00523	0.00312	0.00927
118	0.01327	0.00664	0.00664	0.00664	0.00830	0.00664	0.00498	0.01659	0.01493	0.02655	0.02323	0.02655	0.01825	0.00830	0.00498	0.00166	0.00332	0.00664	0.78928	0.00664
119	0.12440	0.29933	0.02471	0.01410	0.01877	0.27567	0.01189	0.06548	0.01782	0.02158	0.05684	0.01510	0.01302	0.00733	0.00564	0.00181	0.00896	0.00487	0.00403	0.00866
120	0.01962	0.51471	0.06132	0.01583	0.06513	0.12337	0.01373	0.02298	0.04498	0.01811	0.01122	0.01300	0.00984	0.00670	0.00588	0.00173	0.03482	0.00442	0.00335	0.00926
121	0.00904	0.00702	0.00862	0.00930	0.01047	0.00660	0.00660	0.01072	0.01513	0.01973	0.12901	0.42044	0.25306	0.01964	0.00936	0.00267	0.03276	0.01716	0.00662	0.00605
122	0.01459	0.04192	0.01326	0.01127	0.01361	0.05854	0.00839	0.13881	0.01755	0.02254	0.03209	0.20333	0.14664	0.16618	0.01431	0.00330	0.03816	0.01171	0.00565	0.03815
123	0.02387	0.01776	0.04285	0.04212	0.04611	0.01816	0.03909	0.34873	0.13464	0.13420	0.01981	0.01962	0.01410	0.00828	0.00707	0.00215	0.00739	0.00668	0.00667	0.06071
124	0.01327	0.00664	0.00664	0.00664	0.00830	0.00664	0.00498	0.01659	0.01493	0.02655	0.02323	0.02655	0.01825	0.00830	0.00498	0.00166	0.00332	0.00664	0.78928	0.00664
125	0.01187	0.00932	0.01130	0.00961	0.01289	0.00795	0.00736	0.03360	0.01805	0.02587	0.36459	0.08435	0.09784	0.01213	0.00739	0.00191	0.00418	0.01051	0.00646	0.26282
126	0.02403	0.05333	0.02070	0.01779	0.02112	0.51025	0.01375	0.05379	0.07464	0.01949	0.01246	0.01449	0.01035	0.00828	0.00891	0.00207	0.11674	0.00516	0.00400	0.00862
127	0.01811	0.04641	0.02832	0.06965	0.60493	0.06503	0.02084	0.02213	0.01633	0.02240	0.01307	0.01712	0.01098	0.00643	0.00691	0.00208	0.00877	0.00613	0.00350	0.01085
128	0.01066	0.00723	0.01050	0.01050	0.01134	0.00806	0.00772	0.01168	0.01084	0.01529	0.01810	0.02908	0.01771	0.13891	0.48451	0.17632	0.01474	0.00768	0.00373	0.00540
129	0.03195	0.01212	0.01652	0.01267	0.01818	0.01047	0.01047	0.03470	0.02038	0.71026	0.02809	0.02424	0.01763	0.00881	0.00716	0.00220	0.00606	0.00716	0.00881	0.01212
130	0.02034	0.01649	0.06475	0.01890	0.12114	0.01612	0.01383	0.14813	0.25949	0.12589	0.04442	0.05316	0.02013	0.00969	0.00736	0.00233	0.00675	0.03354	0.00658	0.01096
131	0.01428	0.03683	0.71286	0.02030	0.03082	0.01654	0.02631	0.02255	0.01503	0.02255	0.01278	0.01503	0.00902	0.00677	0.00677	0.00226	0.01052	0.00526	0.00301	0.01052
132	0.02707	0.01995	0.02137	0.01638	0.02208	0.02208	0.01353	0.68159	0.03348	0.04488	0.01710	0.01710	0.01211	0.00855	0.00712	0.00214	0.00784	0.00641	0.00712	0.01211
133	0.00916	0.00779	0.00799	0.00795	0.01043	0.00688	0.00606	0.01225	0.06129	0.02003	0.06781	0.06623	0.62923	0.01754	0.00840	0.00244	0.00387	0.04163	0.00665	0.00638
134	0.02359	0.07481	0.04734	0.02287	0.13737	0.34696	0.08471	0.08699	0.01986	0.06993	0.01350	0.01547	0.01055	0.00715	0.00674	0.00199	0.01066	0.00560	0.00425	0.00966
135	0.00887	0.00700	0.00807	0.00875	0.01042	0.00619	0.00648	0.01069	0.01552	0.01936	0.07430	0.28582	0.40548	0.01949	0.00878	0.00265	0.00408	0.08540	0.00664	0.00602
136	0.03195	0.01212	0.01652	0.01267	0.01818	0.01047	0.01047	0.03470	0.02038	0.71026	0.02809	0.02424	0.01763	0.00881	0.00716	0.00220	0.00606	0.00716	0.00881	0.01212
137	0.01327	0.00664	0.00664	0.00664	0.00830	0.00664	0.00498	0.01659	0.01493	0.02655	0.02323	0.02655	0.01825	0.00830	0.00498	0.00166	0.00332	0.00664	0.78928	0.00664
138	0.01800	0.01757	0.02803	0.04149	0.64947	0.04647	0.02109	0.02276	0.04318	0.02328	0.01391	0.01778	0.01161	0.00652	0.00703	0.00211	0.00853	0.00634	0.00368	0.01115
139	0.01221	0.00629	0.00943	0.00943	0.00952	0.00638	0.00638	0.00952	0.00943	0.01266	0.01284	0.02209	0.01275	0.02677	0.07701	0.73743	0.00710	0.00629	0.00314	0.00332
140	0.74888	0.01366	0.01087	0.00958	0.01406	0.01561	0.00790	0.02185	0.01267	0.07714	0.01113	0.01241	0.00837	0.00676	0.00459	0.00220	0.00554	0.00408	0.00470	0.00801
141	0.01017	0.00763	0.01144	0.01144	0.01272	0.00890	0.00890	0.01272	0.01144	0.01653	0.01907	0.02797	0.01780	0.05340	0.72153	0.01144	0.01907	0.00763	0.00381	0.00636
142	0.04079	0.02029	0.14306	0.03782	0.52602	0.01690	0.06749	0.02201	0.01593	0.02338	0.01326	0.01712	0.01076	0.00640	0.00702	0.00216	0.00896	0.00623	0.00347	0.01093
143	0.68573	0.12213	0.01440	0.00978	0.01443	0.01776	0.00837	0.02099	0.01246	0.02972	0.00991	0.01155	0.00792	0.00653	0.00443	0.00210	0.00582	0.00385	0.00421	0.00792
144	0.01184	0.00767	0.01008	0.00926	0.01124	0.00702	0.00702	0.01515	0.02017	0.08340	0.64739	0.05086	0.06320	0.01410	0.00830	0.00224	0.00358	0.01242	0.00792	0.00715
145	0.01589	0.02721	0.38386	0.03053	0.33104	0.01675	0.02380	0.02277	0.03904	0.02312	0.01361	0.01659	0.01047	0.00668	0.00691	0.00220	0.00943	0.00584	0.00338	0.01089
146	0.04872	0.01663	0.03962	0.01515	0.04692	0.01590	0.01218	0.31082	0.02422	0.19623	0.01820	0.01805	0.01280	0.00767	0.00661	0.00191	0.00687	0.00598	0.00652	0.18898
147	0.80005	0.01377	0.01047	0.00936	0.01377	0.01597	0.00771	0.02093	0.01212	0.03195	0.00991	0.01157	0.00771	0.00661	0.00441	0.00220	0.00551	0.00386	0.00441	0.00771
148	0.01671	0.13415	0.31589	0.01596	0.02298	0.01619	0.03660	0.04696	0.06492	0.09208	0.07815	0.02552	0.06320	0.00898	0.00693	0.00220	0.00803	0.02993	0.00484	0.00980
149	0.01771	0.01530	0.01610	0.01449	0.01852	0.01771	0.01127	0.03784	0.69247	0.02979	0.02898	0.02657	0.02174	0.00966	0.00725	0.00242	0.00564	0.00805	0.00725	0.01127
150	0.00868	0.00620	0.00826	0.00991	0.01033	0.00578	0.00661	0.00991	0.01363	0.01818	0.03925	0.74510	0.04710	0.02231	0.00909	0.00289	0.00413	0.02024	0.00661	0.00578
151	0.02819	0.01655	0.01907	0.01480	0.02029	0.01725	0.01217	0.37968	0.08217	0.30019	0.02230	0.02062	0.01502	0.00874	0.00715	0.00219	0.00697	0.00683	0.00778	0.01204
152	0.01766	0.54675	0.23256	0.01453	0.02190	0.02481	0.01627	0.02168	0.01463	0.01843	0.01073	0.01247	0.00910	0.00629	0.00520	0.00173	0.00846	0.00423	0.00303	0.00954
153	0.01740	0.45632	0.26197	0.01512	0.02241	0.05099	0.01685	0.02168	0.01477	0.01871	0.01126	0.01333	0.00944	0.00820	0.03312	0.00216	0.00924	0.00447	0.00309	0.00946
154	0.01017	0.00763	0.01144	0.01144	0.01272	0.00890	0.00890	0.01272	0.01144	0.01653	0.01907	0.02797	0.01780	0.05340	0.72153	0.01144	0.01907	0.00763	0.00381	0.00636
