[name]
unknown

[dist]
# distance from previous block
# <min> <max>
0	50

[block]
# block no. 0 follows, 29 sequences, length 74
# corresponding to MSA columns:
# 50-123
name=unknown_A
#
# <colnr> <probs for GDERKNQSTAVLIFYWHMCP>
#	G	D	E	R	K	N	Q	S	T	A	V	L	I	F	Y	W	H	M	C	P
0	0.10260	0.01368	0.02000	0.17177	0.12251	0.01473	0.08213	0.06579	0.08896	0.04915	0.02322	0.05344	0.06401	0.01003	0.00744	0.00243	0.00758	0.08648	0.00506	0.00897
1	0.05026	0.04303	0.10130	0.03913	0.02170	0.04495	0.01370	0.23343	0.16120	0.15913	0.02218	0.02149	0.03899	0.00871	0.00695	0.00221	0.00738	0.00681	0.00646	0.01099
2	0.01709	0.01649	0.02850	0.12670	0.59958	0.01683	0.04737	0.02145	0.01600	0.02263	0.01334	0.01785	0.01104	0.00643	0.00711	0.00216	0.00872	0.00642	0.00348	0.01080
3	0.04530	0.01132	0.01310	0.01182	0.01468	0.01162	0.00900	0.19214	0.05372	0.06272	0.15287	0.29733	0.03595	0.01469	0.00793	0.00242	0.00524	0.01273	0.00694	0.03850
4	0.03847	0.01663	0.02805	0.07507	0.65598	0.01684	0.02138	0.02166	0.01601	0.02326	0.01327	0.01752	0.01110	0.00639	0.00698	0.00213	0.00843	0.00628	0.00353	0.01103
5	0.01676	0.01834	0.06897	0.05946	0.03371	0.01663	0.49798	0.04840	0.01724	0.04521	0.01730	0.05040	0.01433	0.00782	0.00829	0.00245	0.01079	0.05235	0.00417	0.00940
6	0.13649	0.01204	0.01486	0.01187	0.01666	0.01133	0.00969	0.05305	0.03725	0.47886	0.11834	0.02626	0.02300	0.00931	0.00695	0.00221	0.00566	0.00748	0.00796	0.01073
7	0.01929	0.01252	0.01458	0.01277	0.01608	0.01303	0.01001	0.24780	0.05879	0.12470	0.05223	0.21190	0.02757	0.04993	0.00926	0.00267	0.00603	0.06313	0.03850	0.00921
8	0.01128	0.00870	0.01189	0.04657	0.01462	0.00859	0.03939	0.07589	0.01705	0.02287	0.15485	0.43709	0.08778	0.01781	0.00860	0.00262	0.00495	0.01602	0.00657	0.00685
9	0.00923	0.00709	0.01058	0.01130	0.01218	0.00662	0.05289	0.01080	0.01385	0.01850	0.03754	0.69518	0.04460	0.02119	0.00904	0.00286	0.00467	0.01943	0.00640	0.00605
10	0.01218	0.00631	0.00946	0.00946	0.00957	0.00642	0.00642	0.00957	0.00946	0.01273	0.01295	0.02219	0.01284	0.02721	0.08765	0.72544	0.00730	0.00631	0.00315	0.00337
11	0.01169	0.00709	0.00909	0.00944	0.01060	0.00663	0.00653	0.01343	0.01509	0.08502	0.15982	0.39171	0.04295	0.12861	0.01260	0.00323	0.00453	0.01519	0.06035	0.00639
12	0.01637	0.18774	0.45821	0.01749	0.02592	0.04583	0.02081	0.02244	0.01513	0.05442	0.01327	0.01551	0.01008	0.00994	0.05529	0.00271	0.01036	0.00518	0.00338	0.00993
13	0.80005	0.01377	0.01047	0.00936	0.01377	0.01597	0.00771	0.02093	0.01212	0.03195	0.00991	0.01157	0.00771	0.00661	0.00441	0.00220	0.00551	0.00386	0.00441	0.00771
14	0.01006	0.00687	0.00817	0.00830	0.00869	0.00671	0.00511	0.01088	0.01271	0.01727	0.15538	0.14849	0.03688	0.50367	0.02698	0.00543	0.00582	0.01226	0.00532	0.00499
15	0.06776	0.01285	0.02024	0.43273	0.16645	0.01464	0.01729	0.01896	0.01489	0.05411	0.01884	0.05288	0.06232	0.00846	0.00710	0.00233	0.00820	0.00743	0.00399	0.00852
16	0.01483	0.10495	0.62293	0.01988	0.02986	0.01771	0.04943	0.02244	0.01505	0.02200	0.01256	0.01484	0.00910	0.00667	0.00662	0.00219	0.01030	0.00524	0.00303	0.01036
17	0.03195	0.01212	0.01652	0.01267	0.01818	0.01047	0.01047	0.03470	0.02038	0.71026	0.02809	0.02424	0.01763	0.00881	0.00716	0.00220	0.00606	0.00716	0.00881	0.01212
18	0.01396	0.00730	0.00737	0.00712	0.00898	0.00740	0.00540	0.04950	0.01585	0.02745	0.02293	0.02608	0.01795	0.00831	0.00508	0.00168	0.00354	0.00663	0.75057	0.00691
19	0.01564	0.00892	0.00917	0.00831	0.01067	0.00929	0.00645	0.13088	0.01812	0.02970	0.02217	0.02492	0.01720	0.00834	0.00535	0.00174	0.00409	0.00660	0.65486	0.00758
20	0.00868	0.00620	0.00826	0.00991	0.01033	0.00578	0.00661	0.00991	0.01363	0.01818	0.03925	0.74510	0.04710	0.02231	0.00909	0.00289	0.00413	0.02024	0.00661	0.00578
21	0.01558	0.01558	0.02181	0.01869	0.01869	0.02181	0.01558	0.01714	0.01091	0.01714	0.00935	0.01558	0.00935	0.01246	0.02337	0.00312	0.73672	0.00623	0.00312	0.00779
22	0.01345	0.01266	0.02136	0.73264	0.04904	0.01582	0.01978	0.01819	0.01424	0.01819	0.01266	0.01898	0.00949	0.00712	0.00712	0.00237	0.00949	0.00633	0.00316	0.00791
23	0.01000	0.00728	0.00941	0.00888	0.01059	0.00669	0.00666	0.01329	0.01997	0.02812	0.67208	0.05391	0.09696	0.01472	0.00840	0.00225	0.00337	0.01298	0.00778	0.00669
24	0.00960	0.00715	0.00868	0.00847	0.01007	0.00650	0.00614	0.01208	0.01771	0.02401	0.43017	0.10434	0.21715	0.09294	0.01137	0.00281	0.00384	0.01365	0.00708	0.00623
25	0.00976	0.00739	0.00798	0.00785	0.01019	0.00629	0.00588	0.01174	0.01667	0.05403	0.13384	0.11048	0.55786	0.01751	0.00840	0.00241	0.00374	0.01477	0.00685	0.00637
26	0.00904	0.00655	0.00904	0.01029	0.01091	0.00655	0.00717	0.01060	0.01310	0.01777	0.03431	0.56964	0.03993	0.02992	0.18341	0.00498	0.00779	0.01716	0.00593	0.00592
27	0.01491	0.00822	0.00839	0.00780	0.00994	0.00847	0.00600	0.09569	0.01714	0.02873	0.02250	0.02542	0.01752	0.00833	0.00523	0.00172	0.00386	0.00661	0.69624	0.00729
28	0.01140	0.00972	0.01400	0.11302	0.01834	0.01166	0.01124	0.01347	0.01301	0.01797	0.02602	0.34804	0.02920	0.02049	0.07993	0.00371	0.19041	0.05667	0.00498	0.00669
29	0.01362	0.01284	0.02168	0.70343	0.07686	0.01587	0.01986	0.01835	0.01432	0.01841	0.01269	0.01893	0.00957	0.00709	0.00712	0.00236	0.00945	0.00633	0.00318	0.00805
30	0.02707	0.01995	0.02137	0.01638	0.02208	0.02208	0.01353	0.68159	0.03348	0.04488	0.01710	0.01710	0.01211	0.00855	0.00712	0.00214	0.00784	0.00641	0.00712	0.01211
31	0.01577	0.01558	0.02309	0.44632	0.21919	0.06947	0.01943	0.02062	0.04003	0.01987	0.01322	0.01833	0.01039	0.00720	0.00758	0.00229	0.03296	0.00626	0.00345	0.00895
32	0.01884	0.07110	0.07818	0.03279	0.36201	0.08412	0.15426	0.07031	0.01775	0.02369	0.01336	0.01686	0.01074	0.00654	0.00708	0.00212	0.00963	0.00636	0.00374	0.01052
33	0.00868	0.00620	0.00826	0.00991	0.01033	0.00578	0.00661	0.00991	0.01363	0.01818	0.03925	0.74510	0.04710	0.02231	0.00909	0.00289	0.00413	0.02024	0.00661	0.00578
34	0.01399	0.00811	0.01068	0.01102	0.01272	0.00764	0.00809	0.04773	0.01607	0.14330	0.03603	0.51881	0.03955	0.01898	0.00872	0.00277	0.00488	0.07659	0.00702	0.00730
35	0.00872	0.00710	0.00776	0.00815	0.01012	0.00614	0.00608	0.01057	0.01590	0.01949	0.08409	0.18963	0.52038	0.01880	0.00863	0.00255	0.00389	0.05931	0.00665	0.00603
36	0.01345	0.01266	0.02136	0.73264	0.04904	0.01582	0.01978	0.01819	0.01424	0.01819	0.01266	0.01898	0.00949	0.00712	0.00712	0.00237	0.00949	0.00633	0.00316	0.00791
37	0.01807	0.01547	0.01630	0.01456	0.01865	0.01788	0.01136	0.06253	0.66719	0.03037	0.02853	0.02620	0.02137	0.00962	0.00724	0.00240	0.00572	0.00799	0.00724	0.01130
38	0.80005	0.01377	0.01047	0.00936	0.01377	0.01597	0.00771	0.02093	0.01212	0.03195	0.00991	0.01157	0.00771	0.00661	0.00441	0.00220	0.00551	0.00386	0.00441	0.00771
39	0.01681	0.01921	0.04202	0.03001	0.03721	0.01801	0.67947	0.02281	0.01681	0.02281	0.01441	0.01921	0.01080	0.00600	0.00840	0.00240	0.01200	0.00840	0.00360	0.00960
40	0.01327	0.00664	0.00664	0.00664	0.00830	0.00664	0.00498	0.01659	0.01493	0.02655	0.02323	0.02655	0.01825	0.00830	0.00498	0.00166	0.00332	0.00664	0.78928	0.00664
41	0.01150	0.00780	0.00870	0.00836	0.00875	0.00794	0.00495	0.05637	0.01194	0.01594	0.02207	0.04458	0.02494	0.69894	0.03425	0.00658	0.00697	0.01008	0.00451	0.00485
42	0.00868	0.00620	0.00826	0.00991	0.01033	0.00578	0.00661	0.00991	0.01363	0.01818	0.03925	0.74510	0.04710	0.02231	0.00909	0.00289	0.00413	0.02024	0.00661	0.00578
43	0.00879	0.00625	0.00823	0.00977	0.01015	0.00586	0.00645	0.00995	0.01341	0.01788	0.03809	0.69722	0.04564	0.07217	0.01095	0.00317	0.00432	0.01957	0.00645	0.00568
44	0.02660	0.03394	0.02018	0.01834	0.02201	0.72116	0.01376	0.02843	0.02018	0.01743	0.01101	0.01284	0.00917	0.00734	0.00642	0.00183	0.01284	0.00459	0.00367	0.00825
45	0.80005	0.01377	0.01047	0.00936	0.01377	0.01597	0.00771	0.02093	0.01212	0.03195	0.00991	0.01157	0.00771	0.00661	0.00441	0.00220	0.00551	0.00386	0.00441	0.00771
46	0.01000	0.00675	0.00787	0.00822	0.00831	0.00667	0.00480	0.01026	0.01105	0.01473	0.02600	0.19476	0.03039	0.59545	0.03048	0.00605	0.00632	0.01245	0.00480	0.00463
47	0.00842	0.00718	0.00725	0.00730	0.00964	0.00600	0.00545	0.01021	0.01614	0.01920	0.07103	0.09120	0.68049	0.01818	0.00844	0.00242	0.00362	0.01520	0.00661	0.00600
48	0.01035	0.00694	0.00795	0.00795	0.00801	0.00700	0.00454	0.01047	0.01041	0.01394	0.02227	0.04568	0.02549	0.71529	0.07016	0.00713	0.00751	0.01022	0.00429	0.00442
49	0.00868	0.00620	0.00826	0.00991	0.01033	0.00578	0.00661	0.00991	0.01363	0.01818	0.03925	0.74510	0.04710	0.02231	0.00909	0.00289	0.00413	0.02024	0.00661	0.00578
50	0.80005	0.01377	0.01047	0.00936	0.01377	0.01597	0.00771	0.02093	0.01212	0.03195	0.00991	0.01157	0.00771	0.00661	0.00441	0.00220	0.00551	0.00386	0.00441	0.00771
51	0.02707	0.01995	0.02137	0.01638	0.02208	0.02208	0.01353	0.68159	0.03348	0.04488	0.01710	0.01710	0.01211	0.00855	0.00712	0.00214	0.00784	0.00641	0.00712	0.01211
52	0.00880	0.00698	0.00794	0.00849	0.01022	0.00613	0.00623	0.01064	0.01576	0.01970	0.10357	0.26457	0.42709	0.01914	0.00870	0.00259	0.00393	0.05681	0.00669	0.00603
53	0.12039	0.00865	0.00923	0.00900	0.01022	0.00897	0.00597	0.05790	0.01341	0.02009	0.05800	0.16334	0.04735	0.41159	0.02292	0.00487	0.00602	0.01118	0.00516	0.00574
54	0.01043	0.00738	0.00924	0.00899	0.01085	0.00668	0.00678	0.01323	0.01856	0.04920	0.45143	0.11850	0.19999	0.01604	0.00849	0.00238	0.00373	0.04400	0.00744	0.00666
55	0.00891	0.00629	0.00819	0.00962	0.00997	0.00594	0.00629	0.00998	0.01318	0.01757	0.03692	0.64846	0.04416	0.12295	0.01285	0.00345	0.00451	0.01887	0.00629	0.00558
56	0.01997	0.02161	0.02583	0.08346	0.46037	0.22300	0.01934	0.02353	0.01724	0.02121	0.01264	0.01632	0.01054	0.00669	0.00687	0.00205	0.00981	0.00583	0.00354	0.01016
57	0.02377	0.01710	0.01880	0.01496	0.01950	0.01877	0.01204	0.54253	0.02877	0.03855	0.01796	0.06763	0.01454	0.01173	0.01012	0.11158	0.00735	0.00733	0.00653	0.01043
58	0.01066	0.00723	0.00903	0.00878	0.01010	0.00674	0.00616	0.01281	0.01671	0.04808	0.38557	0.13298	0.10082	0.19518	0.01524	0.00347	0.00443	0.01308	0.00678	0.00617
59	0.00929	0.00718	0.00847	0.00830	0.01019	0.00636	0.00616	0.01185	0.01807	0.02395	0.39335	0.10702	0.33106	0.01654	0.00845	0.00235	0.00352	0.01428	0.00724	0.00636
60	0.01043	0.08000	0.01081	0.00829	0.01090	0.03855	0.00641	0.01224	0.01604	0.01905	0.09418	0.05836	0.52582	0.06640	0.00987	0.00260	0.00460	0.01307	0.00605	0.00633
61	0.01477	0.01266	0.01477	0.01055	0.01687	0.00949	0.00844	0.01793	0.01477	0.02320	0.01266	0.01477	0.01055	0.00527	0.00527	0.00105	0.00527	0.00422	0.00422	0.79328
62	0.02407	0.01261	0.01547	0.01304	0.01744	0.01254	0.01053	0.05122	0.22410	0.37335	0.03000	0.03213	0.04078	0.03758	0.00854	0.00255	0.00599	0.06934	0.00785	0.01087
63	0.00868	0.00620	0.00826	0.00991	0.01033	0.00578	0.00661	0.00991	0.01363	0.01818	0.03925	0.74510	0.04710	0.02231	0.00909	0.00289	0.00413	0.02024	0.00661	0.00578
64	0.01554	0.02187	0.21240	0.04286	0.04629	0.05047	0.27330	0.02012	0.01485	0.02035	0.01402	0.04450	0.01168	0.00996	0.01152	0.11289	0.05808	0.00724	0.00344	0.00861
65	0.01222	0.00618	0.00924	0.00930	0.00932	0.00617	0.00620	0.00930	0.00945	0.01260	0.01345	0.05071	0.01376	0.02464	0.02708	0.76109	0.00610	0.00675	0.00323	0.00320
66	0.00849	0.00715	0.00737	0.00746	0.00970	0.00602	0.00554	0.01031	0.01619	0.01950	0.09240	0.11436	0.63479	0.01820	0.00846	0.00243	0.00363	0.01531	0.00666	0.00602
67	0.00868	0.00620	0.00826	0.00991	0.01033	0.00578	0.00661	0.00991	0.01363	0.01818	0.03925	0.74510	0.04710	0.02231	0.00909	0.00289	0.00413	0.02024	0.00661	0.00578
68	0.01477	0.01266	0.01477	0.01055	0.01687	0.00949	0.00844	0.01793	0.01477	0.02320	0.01266	0.01477	0.01055	0.00527	0.00527	0.00105	0.00527	0.00422	0.00422	0.79328
69	0.18308	0.47441	0.06228	0.01218	0.01762	0.02336	0.01178	0.02124	0.01391	0.04614	0.01111	0.01347	0.00971	0.03097	0.00671	0.00198	0.04332	0.00435	0.00359	0.00879
70	0.06993	0.01866	0.07580	0.06094	0.02847	0.05192	0.29318	0.02073	0.01490	0.02162	0.01333	0.01920	0.01110	0.00811	0.01098	0.00243	0.17184	0.03107	0.00365	0.07214
71	0.01378	0.00821	0.00994	0.02939	0.01181	0.00850	0.03777	0.04264	0.01558	0.02607	0.04396	0.02676	0.01896	0.02891	0.02601	0.00219	0.02379	0.00702	0.61172	0.00699
72	0.02187	0.01626	0.01853	0.06353	0.02159	0.01677	0.01203	0.39090	0.02540	0.06379	0.01775	0.07026	0.01433	0.00864	0.00680	0.00194	0.00695	0.00689	0.00615	0.20963
73	0.04085	0.08147	0.07325	0.01987	0.02506	0.01629	0.27314	0.01940	0.01509	0.02164	0.04758	0.09274	0.01656	0.00892	0.00948	0.00226	0.10693	0.00819	0.00407	0.11722

[dist]
# distance from previous block
# <min> <max>
0	1

[block]
# block no. 1 follows, 29 sequences, length 10
# corresponding to MSA columns:
# 125-134
name=unknown_B
#
# <colnr> <probs for GDERKNQSTAVLIFYWHMCP>
#	G	D	E	R	K	N	Q	S	T	A	V	L	I	F	Y	W	H	M	C	P
0	0.09210	0.07310	0.01835	0.04345	0.01945	0.15941	0.01156	0.20610	0.08508	0.05019	0.13322	0.02286	0.02140	0.00902	0.00673	0.00208	0.00757	0.00690	0.02200	0.00943
1	0.02087	0.06246	0.01808	0.01362	0.01770	0.01737	0.01103	0.40619	0.02492	0.03395	0.01898	0.05910	0.01607	0.07033	0.10582	0.00371	0.00869	0.00744	0.07391	0.00976
2	0.07168	0.02032	0.13579	0.06112	0.03159	0.01770	0.37208	0.02135	0.01512	0.02237	0.01293	0.01730	0.01002	0.00713	0.00985	0.00241	0.11663	0.00699	0.00350	0.04410
3	0.07261	0.11860	0.37615	0.02029	0.07985	0.01725	0.08430	0.02289	0.01544	0.08198	0.01461	0.03956	0.01128	0.00725	0.00661	0.00218	0.00919	0.00602	0.00383	0.01010
4	0.01452	0.01105	0.01289	0.01171	0.01460	0.01100	0.00890	0.14119	0.08405	0.02572	0.07064	0.25226	0.03083	0.07968	0.01034	0.00275	0.00557	0.06761	0.00624	0.13845
5	0.01607	0.00957	0.01000	0.00899	0.01147	0.01002	0.00697	0.16382	0.01897	0.03013	0.02279	0.06604	0.01856	0.00916	0.00569	0.00184	0.00437	0.00737	0.57036	0.00780
6	0.02042	0.07739	0.07890	0.06031	0.02119	0.01619	0.01283	0.22650	0.07738	0.12114	0.02130	0.12931	0.01818	0.01004	0.00704	0.00216	0.00695	0.00825	0.00608	0.07844
7	0.01268	0.03946	0.01200	0.04444	0.01307	0.01029	0.00757	0.09340	0.01407	0.01888	0.02200	0.11151	0.02355	0.39068	0.15021	0.00627	0.00906	0.00998	0.00471	0.00616
8	0.37245	0.09328	0.01779	0.01306	0.01719	0.07454	0.01091	0.12330	0.01662	0.07177	0.01216	0.01391	0.00952	0.00793	0.00803	0.00223	0.11686	0.00487	0.00471	0.00887
9	0.36327	0.07175	0.01601	0.03643	0.01755	0.01714	0.01030	0.17971	0.04710	0.05893	0.05952	0.02134	0.01587	0.00861	0.00599	0.00222	0.00632	0.04730	0.00556	0.00907

[dist]
# distance from previous block
# <min> <max>
0	3

[block]
# block no. 2 follows, 29 sequences, length 49
# corresponding to MSA columns:
# 138-186
name=unknown_C
#
# <colnr> <probs for GDERKNQSTAVLIFYWHMCP>
#	G	D	E	R	K	N	Q	S	T	A	V	L	I	F	Y	W	H	M	C	P
0	0.01104	0.00763	0.00891	0.00906	0.00960	0.00765	0.00570	0.05884	0.01305	0.01742	0.02727	0.26157	0.03148	0.46996	0.02569	0.00531	0.00611	0.01314	0.00523	0.00534
1	0.01048	0.00808	0.01203	0.01186	0.01306	0.00964	0.00928	0.01297	0.01141	0.01656	0.01852	0.02727	0.01732	0.05107	0.68173	0.01097	0.05999	0.00755	0.00377	0.00644
2	0.02456	0.01642	0.01965	0.12170	0.02463	0.01776	0.01344	0.39891	0.02622	0.16419	0.01847	0.01926	0.01303	0.01083	0.04780	0.00268	0.00830	0.00653	0.00656	0.03908
3	0.01089	0.00751	0.00839	0.00825	0.00874	0.00749	0.00497	0.04212	0.01212	0.01597	0.02720	0.08682	0.08175	0.61334	0.03104	0.00608	0.00652	0.01111	0.00477	0.00491
4	0.00868	0.00620	0.00826	0.00991	0.01033	0.00578	0.00661	0.00991	0.01363	0.01818	0.03925	0.74510	0.04710	0.02231	0.00909	0.00289	0.00413	0.02024	0.00661	0.00578
5	0.01345	0.01266	0.02136	0.73264	0.04904	0.01582	0.01978	0.01819	0.01424	0.01819	0.01266	0.01898	0.00949	0.00712	0.00712	0.00237	0.00949	0.00633	0.00316	0.00791
6	0.17651	0.01026	0.01237	0.03951	0.04685	0.01134	0.00931	0.04186	0.01503	0.02394	0.13310	0.31158	0.03353	0.01485	0.00927	0.00258	0.08284	0.01240	0.00572	0.00715
7	0.57729	0.01270	0.01132	0.00995	0.01413	0.01394	0.00802	0.02229	0.01367	0.15369	0.01576	0.06826	0.01296	0.03229	0.00628	0.00241	0.00555	0.00586	0.00536	0.00826
8	0.01106	0.00797	0.00992	0.01127	0.01202	0.00721	0.00755	0.01175	0.01530	0.02061	0.06652	0.67007	0.07381	0.02275	0.00986	0.00322	0.00487	0.01993	0.00730	0.00701
9	0.00901	0.00704	0.00817	0.00830	0.01009	0.00620	0.00607	0.01122	0.01704	0.02211	0.27387	0.19124	0.36880	0.01769	0.00854	0.00244	0.00362	0.01530	0.00702	0.00620
10	0.01681	0.01921	0.04202	0.03001	0.03721	0.01801	0.67947	0.02281	0.01681	0.02281	0.01441	0.01921	0.01080	0.00600	0.00840	0.00240	0.01200	0.00840	0.00360	0.00960
11	0.00866	0.00625	0.00820	0.00976	0.01029	0.00580	0.00654	0.00993	0.01378	0.01824	0.04112	0.70653	0.08446	0.02206	0.00905	0.00286	0.00410	0.01995	0.00661	0.00580
12	0.01019	0.00693	0.00775	0.00777	0.00828	0.00672	0.00470	0.01084	0.01205	0.01620	0.06834	0.07049	0.11854	0.54768	0.02841	0.00563	0.00598	0.01123	0.04742	0.00485
13	0.01117	0.00922	0.01197	0.01186	0.01328	0.05203	0.00919	0.01367	0.01197	0.01658	0.01858	0.02706	0.01728	0.05062	0.67823	0.01086	0.01870	0.00744	0.00381	0.00647
14	0.05735	0.00768	0.00938	0.00900	0.01089	0.00719	0.00672	0.01374	0.01853	0.04608	0.49749	0.12712	0.13208	0.01516	0.00820	0.00233	0.00368	0.01322	0.00739	0.00675
15	0.01035	0.00726	0.00848	0.00886	0.00926	0.00730	0.00547	0.01209	0.05765	0.01619	0.02789	0.25328	0.03192	0.48284	0.02619	0.00540	0.00599	0.01314	0.00520	0.00522
16	0.01237	0.00618	0.00928	0.00928	0.00928	0.00618	0.00618	0.00928	0.00928	0.01237	0.01237	0.02165	0.01237	0.02474	0.02783	0.79283	0.00618	0.00618	0.00309	0.00309
17	0.01028	0.00687	0.00779	0.00786	0.00788	0.00685	0.00442	0.01034	0.01050	0.01400	0.02318	0.07754	0.02683	0.71753	0.03504	0.00673	0.00678	0.01079	0.00442	0.00438
18	0.01017	0.00763	0.01144	0.01144	0.01272	0.00890	0.00890	0.01272	0.01144	0.01653	0.01907	0.02797	0.01780	0.05340	0.72153	0.01144	0.01907	0.00763	0.00381	0.00636
19	0.01477	0.01266	0.01477	0.01055	0.01687	0.00949	0.00844	0.01793	0.01477	0.02320	0.01266	0.01477	0.01055	0.00527	0.00527	0.00105	0.00527	0.00422	0.00422	0.79328
20	0.00905	0.00647	0.00870	0.01035	0.01093	0.00611	0.00727	0.01057	0.01401	0.01860	0.03904	0.65535	0.04627	0.02195	0.00919	0.00294	0.00446	0.10627	0.00660	0.00589
21	0.01017	0.00763	0.01144	0.01144	0.01272	0.00890	0.00890	0.01272	0.01144	0.01653	0.01907	0.02797	0.01780	0.05340	0.72153	0.01144	0.01907	0.00763	0.00381	0.00636
22	0.00961	0.00728	0.00894	0.00904	0.01082	0.00661	0.00692	0.01229	0.01786	0.02378	0.35977	0.12327	0.26060	0.01700	0.00865	0.00248	0.00392	0.09760	0.00718	0.00639
23	0.01074	0.00728	0.00832	0.00835	0.00861	0.00730	0.00494	0.03429	0.01161	0.01548	0.02442	0.13592	0.02814	0.62914	0.03169	0.00621	0.00658	0.01149	0.00471	0.00478
24	0.02707	0.01995	0.02137	0.01638	0.02208	0.02208	0.01353	0.68159	0.03348	0.04488	0.01710	0.01710	0.01211	0.00855	0.00712	0.00214	0.00784	0.00641	0.00712	0.01211
25	0.00950	0.00684	0.00782	0.00816	0.00892	0.00643	0.00520	0.01037	0.01297	0.01679	0.07038	0.20592	0.19684	0.37714	0.02219	0.00471	0.00532	0.01379	0.00554	0.00516
26	0.00865	0.00722	0.00754	0.00746	0.00976	0.00611	0.00559	0.01067	0.01678	0.02055	0.16087	0.06637	0.61288	0.01754	0.00841	0.00238	0.00357	0.01472	0.00679	0.00611
27	0.00904	0.00678	0.00978	0.01082	0.01154	0.00633	0.03683	0.01049	0.01378	0.01839	0.03813	0.71250	0.04547	0.02158	0.00906	0.00287	0.00448	0.01971	0.00647	0.00596
28	0.02707	0.01995	0.02137	0.01638	0.02208	0.02208	0.01353	0.68159	0.03348	0.04488	0.01710	0.01710	0.01211	0.00855	0.00712	0.00214	0.00784	0.00641	0.00712	0.01211
29	0.02391	0.02600	0.01909	0.01685	0.02094	0.39559	0.01295	0.13119	0.23124	0.02547	0.01753	0.01776	0.01353	0.00824	0.00678	0.00206	0.00984	0.00594	0.00531	0.00978
30	0.00856	0.00716	0.00748	0.00769	0.00989	0.00608	0.00576	0.01038	0.01601	0.01923	0.06781	0.12905	0.61727	0.01848	0.00853	0.00248	0.00377	0.04173	0.00661	0.00601
31	0.01237	0.00618	0.00928	0.00928	0.00928	0.00618	0.00618	0.00928	0.00928	0.01237	0.01237	0.02165	0.01237	0.02474	0.02783	0.79283	0.00618	0.00618	0.00309	0.00309
32	0.01017	0.00763	0.01144	0.01144	0.01272	0.00890	0.00890	0.01272	0.01144	0.01653	0.01907	0.02797	0.01780	0.05340	0.72153	0.01144	0.01907	0.00763	0.00381	0.00636
33	0.02597	0.03302	0.01973	0.01796	0.02159	0.69656	0.01347	0.02781	0.02004	0.01749	0.01311	0.01476	0.03302	0.00771	0.00649	0.00185	0.01252	0.00495	0.00377	0.00818
34	0.01867	0.69793	0.09016	0.01282	0.01926	0.02726	0.01329	0.02142	0.01451	0.01721	0.01012	0.01170	0.00913	0.00614	0.00474	0.00158	0.00784	0.00392	0.00304	0.00925
35	0.00859	0.00722	0.00746	0.00740	0.00973	0.00609	0.00555	0.01057	0.01665	0.02024	0.13996	0.06688	0.63399	0.01766	0.00841	0.00239	0.00358	0.01480	0.00674	0.00609
36	0.03173	0.01247	0.01674	0.01283	0.01835	0.01098	0.01060	0.06340	0.02096	0.68075	0.02760	0.02392	0.01738	0.00880	0.00716	0.00220	0.00614	0.00713	0.00874	0.01212
37	0.01743	0.01790	0.05999	0.04089	0.61299	0.01699	0.06083	0.02246	0.03816	0.02342	0.01393	0.01789	0.01149	0.00645	0.00712	0.00215	0.00867	0.00647	0.00363	0.01115
38	0.01192	0.01007	0.01427	0.01327	0.01397	0.01275	0.01043	0.01382	0.01113	0.01637	0.01641	0.02646	0.01616	0.13144	0.40933	0.00820	0.24626	0.00754	0.00366	0.00655
39	0.80005	0.01377	0.01047	0.00936	0.01377	0.01597	0.00771	0.02093	0.01212	0.03195	0.00991	0.01157	0.00771	0.00661	0.00441	0.00220	0.00551	0.00386	0.00441	0.00771
40	0.01037	0.00693	0.00815	0.00825	0.00849	0.00704	0.00499	0.01087	0.01088	0.01494	0.02310	0.08520	0.02592	0.59663	0.10856	0.00693	0.00792	0.01048	0.03965	0.00473
41	0.02090	0.01427	0.10412	0.01258	0.01690	0.01134	0.01099	0.05426	0.08019	0.29705	0.05585	0.02988	0.02100	0.18977	0.04584	0.00377	0.00733	0.00803	0.00649	0.00944
42	0.03065	0.01183	0.01611	0.01245	0.01773	0.01024	0.01024	0.03344	0.02037	0.66971	0.06815	0.02596	0.02057	0.00915	0.00723	0.00221	0.00590	0.00750	0.00876	0.01180
43	0.01136	0.00851	0.01083	0.01179	0.01368	0.00844	0.00979	0.03303	0.05671	0.02169	0.04328	0.15373	0.16426	0.01878	0.00925	0.00298	0.00569	0.40277	0.00663	0.00679
44	0.42982	0.02464	0.34141	0.01451	0.02180	0.01624	0.01647	0.02169	0.01349	0.02752	0.01126	0.01320	0.00833	0.00668	0.00552	0.00223	0.00787	0.00452	0.00375	0.00904
45	0.01631	0.01765	0.05020	0.31567	0.18858	0.12032	0.03627	0.02134	0.05619	0.02032	0.01870	0.02230	0.06991	0.00801	0.00714	0.00224	0.00913	0.00693	0.00387	0.00892
46	0.01998	0.07629	0.02045	0.01503	0.01929	0.04908	0.03907	0.29856	0.02188	0.02949	0.01559	0.01931	0.01287	0.04497	0.14099	0.00395	0.07079	0.00633	0.00514	0.09094
47	0.43100	0.06004	0.13519	0.01683	0.12572	0.01624	0.01336	0.02092	0.01386	0.02760	0.04170	0.01508	0.01133	0.00686	0.00545	0.00211	0.00685	0.00490	0.00410	0.04088
48	0.01669	0.05741	0.01755	0.01294	0.01740	0.01248	0.05971	0.10802	0.01759	0.08456	0.02395	0.15510	0.06868	0.03063	0.00827	0.00210	0.03083	0.00903	0.00548	0.26158

[dist]
# distance from previous block
# <min> <max>
14	29

[block]
# block no. 3 follows, 29 sequences, length 123
# corresponding to MSA columns:
# 217-339
name=unknown_D
#
# <colnr> <probs for GDERKNQSTAVLIFYWHMCP>
#	G	D	E	R	K	N	Q	S	T	A	V	L	I	F	Y	W	H	M	C	P
0	0.02345	0.01450	0.01670	0.01355	0.01832	0.01499	0.01091	0.20392	0.20469	0.24076	0.07673	0.02664	0.05032	0.00965	0.00724	0.00221	0.00608	0.00784	0.00758	0.04392
1	0.49978	0.29837	0.02079	0.01045	0.01550	0.02066	0.00943	0.02108	0.01302	0.02611	0.00991	0.01151	0.00826	0.00641	0.00447	0.00194	0.00632	0.00384	0.00388	0.00826
2	0.00874	0.00626	0.00821	0.00973	0.01020	0.00584	0.00647	0.00994	0.01358	0.01803	0.03967	0.69241	0.06869	0.05286	0.01021	0.00304	0.00423	0.01965	0.00651	0.00573
3	0.61074	0.01933	0.17969	0.01200	0.01788	0.01611	0.01219	0.02132	0.01282	0.02968	0.01060	0.01240	0.00803	0.00665	0.00497	0.00222	0.00672	0.00419	0.00407	0.00839
4	0.63770	0.01315	0.01199	0.11544	0.01868	0.01537	0.00939	0.01983	0.01226	0.02876	0.01046	0.01326	0.00825	0.00777	0.00620	0.04938	0.00613	0.00436	0.00415	0.00747
5	0.01073	0.00743	0.00938	0.00880	0.01062	0.00678	0.00655	0.01365	0.01906	0.05284	0.55233	0.05366	0.14517	0.05971	0.01005	0.00254	0.00371	0.01278	0.00750	0.00669
6	0.01138	0.00813	0.01134	0.01283	0.01447	0.00809	0.01114	0.01466	0.01665	0.02181	0.08377	0.07844	0.04280	0.01932	0.00974	0.00321	0.00633	0.61268	0.00665	0.00657
7	0.00848	0.00722	0.00731	0.00728	0.00966	0.00604	0.00546	0.01035	0.01639	0.01961	0.09767	0.06791	0.67668	0.01789	0.00842	0.00240	0.00360	0.01494	0.00666	0.00604
8	0.52370	0.04805	0.05899	0.01170	0.01664	0.04509	0.01027	0.13137	0.01663	0.03214	0.04029	0.01450	0.01114	0.00728	0.00527	0.00215	0.00651	0.00478	0.00483	0.00867
9	0.00842	0.00721	0.00721	0.00721	0.00962	0.00601	0.00541	0.01022	0.01623	0.01924	0.07213	0.06853	0.70244	0.01803	0.00842	0.00240	0.00361	0.01503	0.00661	0.00601
10	0.58462	0.01331	0.01217	0.01029	0.01501	0.01443	0.00848	0.02479	0.01444	0.22219	0.01501	0.01512	0.01049	0.00723	0.00518	0.00220	0.00566	0.00478	0.00564	0.00895
11	0.01445	0.03565	0.66799	0.02095	0.03125	0.01664	0.07000	0.02257	0.01515	0.02257	0.01289	0.01531	0.00914	0.00671	0.00687	0.00226	0.01062	0.00547	0.00305	0.01046
12	0.01681	0.01921	0.04202	0.03001	0.03721	0.01801	0.67947	0.02281	0.01681	0.02281	0.01441	0.01921	0.01080	0.00600	0.00840	0.00240	0.01200	0.00840	0.00360	0.00960
13	0.04264	0.00767	0.00981	0.00945	0.01125	0.00717	0.00701	0.01457	0.01848	0.07698	0.48506	0.19492	0.05694	0.01545	0.00829	0.00237	0.00381	0.01365	0.00752	0.00696
14	0.01017	0.00763	0.01144	0.01144	0.01272	0.00890	0.00890	0.01272	0.01144	0.01653	0.01907	0.02797	0.01780	0.05340	0.72153	0.01144	0.01907	0.00763	0.00381	0.00636
15	0.02707	0.01995	0.02137	0.01638	0.02208	0.02208	0.01353	0.68159	0.03348	0.04488	0.01710	0.01710	0.01211	0.00855	0.00712	0.00214	0.00784	0.00641	0.00712	0.01211
16	0.01022	0.00731	0.00893	0.00899	0.01083	0.00656	0.00675	0.01263	0.01737	0.04963	0.29298	0.18684	0.27352	0.01730	0.00859	0.00249	0.00392	0.06149	0.00714	0.00651
17	0.00868	0.00620	0.00826	0.00991	0.01033	0.00578	0.00661	0.00991	0.01363	0.01818	0.03925	0.74510	0.04710	0.02231	0.00909	0.00289	0.00413	0.02024	0.00661	0.00578
18	0.00868	0.00620	0.00826	0.00991	0.01033	0.00578	0.00661	0.00991	0.01363	0.01818	0.03925	0.74510	0.04710	0.02231	0.00909	0.00289	0.00413	0.02024	0.00661	0.00578
19	0.00866	0.00624	0.00822	0.00980	0.01030	0.00579	0.00656	0.00993	0.01375	0.01822	0.04067	0.71580	0.07548	0.02212	0.00906	0.00287	0.00411	0.02002	0.00661	0.00579
20	0.05046	0.01818	0.01850	0.01534	0.02014	0.05013	0.01229	0.33249	0.33628	0.03626	0.02206	0.02108	0.01627	0.00894	0.00705	0.00225	0.00695	0.00700	0.00693	0.01140
21	0.01110	0.00750	0.00857	0.00832	0.00903	0.00745	0.00526	0.04031	0.01354	0.01868	0.13580	0.06984	0.05221	0.50422	0.02671	0.00533	0.00595	0.01084	0.05404	0.00529
22	0.01036	0.00690	0.00777	0.00777	0.00777	0.00690	0.00431	0.01036	0.01036	0.01381	0.02244	0.04660	0.02589	0.74975	0.03624	0.00690	0.00690	0.01036	0.00431	0.00431
23	0.01029	0.00688	0.00778	0.00785	0.00786	0.00686	0.00440	0.01034	0.01048	0.01397	0.02306	0.07266	0.02668	0.72261	0.03523	0.00675	0.00680	0.01072	0.00440	0.00437
24	0.00961	0.00694	0.00913	0.01029	0.01116	0.00666	0.00738	0.01198	0.03473	0.02039	0.13888	0.49912	0.04780	0.04555	0.00998	0.00297	0.00450	0.11005	0.00673	0.00615
25	0.01438	0.03615	0.68688	0.02067	0.03107	0.01659	0.05160	0.02256	0.01510	0.02256	0.01284	0.01520	0.00909	0.00674	0.00683	0.00226	0.01058	0.00538	0.00303	0.01049
26	0.01008	0.00728	0.00952	0.00896	0.01064	0.00672	0.00672	0.01344	0.02016	0.02855	0.70158	0.05319	0.06719	0.01456	0.00840	0.00224	0.00336	0.01288	0.00784	0.00672
27	0.01090	0.00865	0.01134	0.01126	0.01264	0.03845	0.00865	0.01331	0.01207	0.01689	0.02108	0.02963	0.04455	0.07686	0.61240	0.01018	0.01720	0.00787	0.02972	0.00635
28	0.02056	0.00957	0.01285	0.01078	0.01426	0.00849	0.00852	0.02355	0.02001	0.35671	0.35078	0.06660	0.04251	0.01210	0.00783	0.00225	0.00469	0.01041	0.00826	0.00928
29	0.01589	0.01347	0.01449	0.01322	0.01671	0.01520	0.01020	0.03213	0.54237	0.02871	0.12594	0.06074	0.05764	0.01121	0.00753	0.00241	0.00517	0.00951	0.00728	0.01019
30	0.80005	0.01377	0.01047	0.00936	0.01377	0.01597	0.00771	0.02093	0.01212	0.03195	0.00991	0.01157	0.00771	0.00661	0.00441	0.00220	0.00551	0.00386	0.00441	0.00771
31	0.01013	0.00694	0.00834	0.00843	0.00880	0.00692	0.00523	0.01092	0.01215	0.01653	0.11954	0.11642	0.03323	0.52041	0.08131	0.00619	0.00704	0.01150	0.00500	0.00496
32	0.00869	0.00707	0.00770	0.00786	0.00987	0.00608	0.00578	0.01064	0.01642	0.02043	0.15850	0.16570	0.51413	0.01816	0.00851	0.00245	0.00365	0.01548	0.00679	0.00608
33	0.01477	0.01266	0.01477	0.01055	0.01687	0.00949	0.00844	0.01793	0.01477	0.02320	0.01266	0.01477	0.01055	0.00527	0.00527	0.00105	0.00527	0.00422	0.00422	0.79328
34	0.01011	0.00754	0.01119	0.01126	0.01245	0.00870	0.00865	0.01252	0.01150	0.01651	0.02006	0.05964	0.01933	0.07477	0.66832	0.01093	0.01803	0.00826	0.00395	0.00627
35	0.01044	0.00761	0.00835	0.00805	0.01055	0.00650	0.00616	0.01258	0.01710	0.07018	0.15819	0.06354	0.54060	0.01693	0.00837	0.00239	0.00384	0.03511	0.00694	0.00657
36	0.80005	0.01377	0.01047	0.00936	0.01377	0.01597	0.00771	0.02093	0.01212	0.03195	0.00991	0.01157	0.00771	0.00661	0.00441	0.00220	0.00551	0.00386	0.00441	0.00771
37	0.01762	0.01692	0.02890	0.04371	0.70533	0.01692	0.02185	0.02185	0.01621	0.02326	0.01339	0.01762	0.01128	0.00634	0.00705	0.00211	0.00846	0.00634	0.00352	0.01128
38	0.05504	0.01068	0.01334	0.01117	0.01514	0.00985	0.00884	0.02623	0.07451	0.38705	0.10030	0.08209	0.12119	0.04091	0.00863	0.00249	0.00529	0.00977	0.00777	0.00974
39	0.00882	0.00637	0.00826	0.00958	0.01019	0.00591	0.00644	0.01019	0.01411	0.01876	0.08507	0.62430	0.09139	0.05195	0.01013	0.00298	0.00416	0.01899	0.00660	0.00580
40	0.02662	0.03338	0.02023	0.01827	0.02202	0.69327	0.01375	0.05449	0.02071	0.01852	0.01125	0.01301	0.00929	0.00739	0.00645	0.00185	0.01264	0.00466	0.00381	0.00841
41	0.01036	0.00690	0.00777	0.00777	0.00777	0.00690	0.00431	0.01036	0.01036	0.01381	0.02244	0.04660	0.02589	0.74975	0.03624	0.00690	0.00690	0.01036	0.00431	0.00431
42	0.00933	0.00676	0.00873	0.00994	0.01082	0.00636	0.00713	0.01101	0.01454	0.01915	0.08361	0.46477	0.11561	0.07603	0.01115	0.00317	0.00464	0.12487	0.00651	0.00589
43	0.00868	0.00620	0.00826	0.00991	0.01033	0.00578	0.00661	0.00991	0.01363	0.01818	0.03925	0.74510	0.04710	0.02231	0.00909	0.00289	0.00413	0.02024	0.00661	0.00578
44	0.00868	0.00620	0.00826	0.00991	0.01033	0.00578	0.00661	0.00991	0.01363	0.01818	0.03925	0.74510	0.04710	0.02231	0.00909	0.00289	0.00413	0.02024	0.00661	0.00578
45	0.02722	0.01971	0.02122	0.01627	0.02196	0.02173	0.01344	0.66175	0.03308	0.06529	0.01743	0.01731	0.01228	0.00856	0.00712	0.00214	0.00778	0.00643	0.00718	0.01211
46	0.01237	0.00618	0.00928	0.00928	0.00928	0.00618	0.00618	0.00928	0.00928	0.01237	0.01237	0.02165	0.01237	0.02474	0.02783	0.79283	0.00618	0.00618	0.00309	0.00309
47	0.01107	0.00790	0.01101	0.01265	0.01411	0.00784	0.01077	0.01405	0.01599	0.02085	0.03793	0.17724	0.04187	0.02006	0.00973	0.00322	0.00620	0.56451	0.00656	0.00644
48	0.01017	0.00763	0.01144	0.01144	0.01272	0.00890	0.00890	0.01272	0.01144	0.01653	0.01907	0.02797	0.01780	0.05340	0.72153	0.01144	0.01907	0.00763	0.00381	0.00636
49	0.03195	0.01212	0.01652	0.01267	0.01818	0.01047	0.01047	0.03470	0.02038	0.71026	0.02809	0.02424	0.01763	0.00881	0.00716	0.00220	0.00606	0.00716	0.00881	0.01212
50	0.01017	0.00763	0.01144	0.01144	0.01272	0.00890	0.00890	0.01272	0.01144	0.01653	0.01907	0.02797	0.01780	0.05340	0.72153	0.01144	0.01907	0.00763	0.00381	0.00636
51	0.01017	0.00763	0.01144	0.01144	0.01272	0.00890	0.00890	0.01272	0.01144	0.01653	0.01907	0.02797	0.01780	0.05340	0.72153	0.01144	0.01907	0.00763	0.00381	0.00636
52	0.01327	0.00664	0.00664	0.00664	0.00830	0.00664	0.00498	0.01659	0.01493	0.02655	0.02323	0.02655	0.01825	0.00830	0.00498	0.00166	0.00332	0.00664	0.78928	0.00664
53	0.01033	0.00701	0.00828	0.00828	0.00846	0.00718	0.00496	0.01069	0.01051	0.01419	0.02196	0.04397	0.02475	0.65166	0.13278	0.00754	0.00862	0.00997	0.00424	0.00460
54	0.01428	0.03683	0.71286	0.02030	0.03082	0.01654	0.02631	0.02255	0.01503	0.02255	0.01278	0.01503	0.00902	0.00677	0.00677	0.00226	0.01052	0.00526	0.00301	0.01052
55	0.01017	0.00763	0.01144	0.01144	0.01272	0.00890	0.00890	0.01272	0.01144	0.01653	0.01907	0.02797	0.01780	0.05340	0.72153	0.01144	0.01907	0.00763	0.00381	0.00636
56	0.01762	0.01692	0.02890	0.04371	0.70533	0.01692	0.02185	0.02185	0.01621	0.02326	0.01339	0.01762	0.01128	0.00634	0.00705	0.00211	0.00846	0.00634	0.00352	0.01128
57	0.01237	0.00618	0.00928	0.00928	0.00928	0.00618	0.00618	0.00928	0.00928	0.01237	0.01237	0.02165	0.01237	0.02474	0.02783	0.79283	0.00618	0.00618	0.00309	0.00309
58	0.02660	0.03394	0.02018	0.01834	0.02201	0.72116	0.01376	0.02843	0.02018	0.01743	0.01101	0.01284	0.00917	0.00734	0.00642	0.00183	0.01284	0.00459	0.00367	0.00825
59	0.00975	0.00671	0.00819	0.00877	0.00901	0.00665	0.00544	0.01036	0.01158	0.01553	0.02811	0.29052	0.03278	0.44653	0.07381	0.00581	0.00677	0.01364	0.00509	0.00497
60	0.02496	0.02034	0.01993	0.01604	0.02099	0.10770	0.01294	0.50089	0.07932	0.03823	0.01823	0.04837	0.01413	0.01060	0.03172	0.00247	0.00853	0.00693	0.00657	0.01110
61	0.34324	0.05757	0.36629	0.01618	0.04637	0.01682	0.01777	0.02180	0.01383	0.02625	0.01148	0.01352	0.00856	0.00666	0.00569	0.00220	0.00823	0.00465	0.00361	0.00931
62	0.00970	0.00712	0.00924	0.03760	0.01181	0.00667	0.00695	0.01187	0.01681	0.02274	0.34564	0.23711	0.16433	0.01758	0.00979	0.05350	0.00403	0.01452	0.00681	0.00616
63	0.15125	0.01620	0.01773	0.03716	0.02014	0.01707	0.01155	0.32885	0.05056	0.16971	0.01793	0.01778	0.01260	0.00793	0.00649	0.00206	0.00680	0.00597	0.00658	0.09562
64	0.00868	0.00620	0.00826	0.00991	0.01033	0.00578	0.00661	0.00991	0.01363	0.01818	0.03925	0.74510	0.04710	0.02231	0.00909	0.00289	0.00413	0.02024	0.00661	0.00578
65	0.01794	0.57560	0.12363	0.01539	0.06936	0.02494	0.01450	0.02119	0.01491	0.01848	0.03972	0.01411	0.01173	0.00656	0.00520	0.00169	0.00788	0.00456	0.00328	0.00937
66	0.01606	0.01532	0.02607	0.30232	0.45897	0.01651	0.02107	0.02048	0.01547	0.02136	0.01312	0.01813	0.01061	0.00664	0.00708	0.00221	0.00885	0.00634	0.00339	0.01001
67	0.01345	0.01266	0.02136	0.73264	0.04904	0.01582	0.01978	0.01819	0.01424	0.01819	0.01266	0.01898	0.00949	0.00712	0.00712	0.00237	0.00949	0.00633	0.00316	0.00791
68	0.00868	0.00620	0.00826	0.00991	0.01033	0.00578	0.00661	0.00991	0.01363	0.01818	0.03925	0.74510	0.04710	0.02231	0.00909	0.00289	0.00413	0.02024	0.00661	0.00578
69	0.01832	0.67030	0.08662	0.01276	0.01899	0.02653	0.01310	0.02106	0.01439	0.01718	0.01049	0.01236	0.00948	0.00806	0.03381	0.00198	0.00830	0.00407	0.00307	0.00913
70	0.01026	0.00700	0.00839	0.00846	0.00868	0.00719	0.00516	0.01073	0.01066	0.01443	0.02253	0.07057	0.02537	0.60659	0.14836	0.00750	0.00881	0.01029	0.00432	0.00471
71	0.01036	0.00690	0.00777	0.00777	0.00777	0.00690	0.00431	0.01036	0.01036	0.01381	0.02244	0.04660	0.02589	0.74975	0.03624	0.00690	0.00690	0.01036	0.00431	0.00431
72	0.01447	0.03555	0.66407	0.02100	0.03128	0.01664	0.07381	0.02257	0.01516	0.02257	0.01290	0.01534	0.00915	0.00671	0.00688	0.00227	0.01063	0.00549	0.00305	0.01046
73	0.02645	0.02020	0.02098	0.01634	0.02185	0.04949	0.01340	0.61415	0.07551	0.04281	0.01762	0.01754	0.01261	0.00857	0.00710	0.00214	0.00789	0.00644	0.00699	0.01190
74	0.02455	0.03066	0.01909	0.01748	0.02085	0.63243	0.01315	0.02648	0.01909	0.01732	0.01201	0.01473	0.01025	0.01308	0.09551	0.00303	0.01362	0.00497	0.00369	0.00802
75	0.01237	0.00618	0.00928	0.00928	0.00928	0.00618	0.00618	0.00928	0.00928	0.01237	0.01237	0.02165	0.01237	0.02474	0.02783	0.79283	0.00618	0.00618	0.00309	0.00309
76	0.02863	0.01222	0.01618	0.01226	0.01793	0.01028	0.01007	0.03146	0.01930	0.57745	0.02511	0.02241	0.01626	0.00813	0.00680	0.00198	0.00591	0.00659	0.00793	0.16313
77	0.01036	0.00690	0.00777	0.00777	0.00777	0.00690	0.00431	0.01036	0.01036	0.01381	0.02244	0.04660	0.02589	0.74975	0.03624	0.00690	0.00690	0.01036	0.00431	0.00431
78	0.01036	0.00690	0.00777	0.00777	0.00777	0.00690	0.00431	0.01036	0.01036	0.01381	0.02244	0.04660	0.02589	0.74975	0.03624	0.00690	0.00690	0.01036	0.00431	0.00431
79	0.03147	0.01222	0.01651	0.01273	0.01819	0.01071	0.01049	0.03481	0.04289	0.68747	0.02812	0.02431	0.01776	0.00884	0.00716	0.00221	0.00604	0.00719	0.00876	0.01209
80	0.80005	0.01377	0.01047	0.00936	0.01377	0.01597	0.00771	0.02093	0.01212	0.03195	0.00991	0.01157	0.00771	0.00661	0.00441	0.00220	0.00551	0.00386	0.00441	0.00771
81	0.01036	0.00690	0.00777	0.00777	0.00777	0.00690	0.00431	0.01036	0.01036	0.01381	0.02244	0.04660	0.02589	0.74975	0.03624	0.00690	0.00690	0.01036	0.00431	0.00431
82	0.80005	0.01377	0.01047	0.00936	0.01377	0.01597	0.00771	0.02093	0.01212	0.03195	0.00991	0.01157	0.00771	0.00661	0.00441	0.00220	0.00551	0.00386	0.00441	0.00771
83	0.02694	0.02376	0.02105	0.01692	0.02206	0.21264	0.01360	0.50355	0.02985	0.03739	0.01544	0.01594	0.01131	0.00822	0.00693	0.00205	0.00920	0.00591	0.00618	0.01106
84	0.01477	0.01266	0.01477	0.01055	0.01687	0.00949	0.00844	0.01793	0.01477	0.02320	0.01266	0.01477	0.01055	0.00527	0.00527	0.00105	0.00527	0.00422	0.00422	0.79328
85	0.04647	0.00694	0.00680	0.00675	0.00853	0.00703	0.00509	0.01678	0.01481	0.02678	0.02267	0.02592	0.01781	0.00822	0.00495	0.00168	0.00341	0.00652	0.75616	0.00668
86	0.01008	0.00728	0.00952	0.00896	0.01064	0.00672	0.00672	0.01344	0.02016	0.02855	0.70158	0.05319	0.06719	0.01456	0.00840	0.00224	0.00336	0.01288	0.00784	0.00672
87	0.00874	0.00623	0.00824	0.00983	0.01022	0.00583	0.00652	0.00993	0.01350	0.01800	0.03856	0.71677	0.04624	0.05181	0.01019	0.00305	0.00424	0.01984	0.00652	0.00572
88	0.03071	0.01242	0.01658	0.01266	0.01823	0.01080	0.01044	0.05585	0.02048	0.64465	0.02675	0.02340	0.01700	0.00858	0.00704	0.00213	0.00607	0.00695	0.00847	0.06076
89	0.01022	0.00792	0.00854	0.00830	0.01078	0.00702	0.00636	0.03821	0.01692	0.04421	0.08446	0.08327	0.55791	0.01889	0.03824	0.00281	0.00462	0.03816	0.00663	0.00652
90	0.01030	0.00688	0.00778	0.00784	0.00785	0.00687	0.00439	0.01034	0.01046	0.01395	0.02298	0.06936	0.02658	0.72604	0.03536	0.00677	0.00681	0.01068	0.00439	0.00436
91	0.01001	0.00676	0.00787	0.00821	0.00830	0.00667	0.00479	0.01026	0.01103	0.01471	0.02591	0.19092	0.03027	0.59945	0.03063	0.00607	0.00633	0.01240	0.00479	0.00462
92	0.01012	0.00680	0.00784	0.00807	0.00813	0.00675	0.00464	0.01029	0.01082	0.01442	0.02480	0.14499	0.02888	0.64728	0.03242	0.00634	0.00651	0.01175	0.00464	0.00452
93	0.02616	0.01941	0.02088	0.01595	0.02170	0.02115	0.01316	0.63267	0.03210	0.04328	0.01677	0.01692	0.01199	0.00831	0.00699	0.00206	0.00765	0.00625	0.00691	0.06969
94	0.01516	0.01289	0.01498	0.01073	0.01704	0.00989	0.00860	0.03910	0.01536	0.02389	0.01280	0.01484	0.01060	0.00538	0.00533	0.00109	0.00536	0.00429	0.00431	0.76836
95	0.00868	0.00620	0.00826	0.00991	0.01033	0.00578	0.00661	0.00991	0.01363	0.01818	0.03925	0.74510	0.04710	0.02231	0.00909	0.00289	0.00413	0.02024	0.00661	0.00578
96	0.01019	0.00843	0.03694	0.00934	0.01139	0.00708	0.00744	0.01369	0.01983	0.02802	0.65411	0.05220	0.08564	0.01437	0.00834	0.00225	0.00365	0.01265	0.00761	0.00684
97	0.10575	0.01899	0.02006	0.01552	0.02107	0.02098	0.01281	0.58744	0.03076	0.07142	0.01683	0.01683	0.01189	0.00836	0.00685	0.00215	0.00752	0.00618	0.00692	0.01166
98	0.12177	0.00836	0.01065	0.01050	0.01220	0.00958	0.00814	0.01419	0.01187	0.01965	0.01836	0.02625	0.01675	0.06962	0.51749	0.00893	0.01501	0.00710	0.08710	0.00650
99	0.66182	0.01347	0.01156	0.00996	0.01456	0.01498	0.00821	0.02341	0.01361	0.15402	0.01319	0.01385	0.00950	0.00701	0.00490	0.00220	0.00561	0.00445	0.00520	0.00850
100	0.00980	0.00706	0.00879	0.00868	0.01010	0.00652	0.00624	0.01231	0.01757	0.02433	0.43876	0.15109	0.13773	0.09273	0.01131	0.00282	0.00387	0.01373	0.03033	0.00625
101	0.01137	0.00812	0.01135	0.01299	0.01459	0.00811	0.01129	0.01457	0.01629	0.02119	0.03776	0.10513	0.04121	0.01977	0.00981	0.00326	0.00647	0.63363	0.00656	0.00653
102	0.03195	0.01212	0.01652	0.01267	0.01818	0.01047	0.01047	0.03470	0.02038	0.71026	0.02809	0.02424	0.01763	0.00881	0.00716	0.00220	0.00606	0.00716	0.00881	0.01212
103	0.00904	0.00757	0.00793	0.00785	0.01022	0.00661	0.00596	0.01177	0.04308	0.02068	0.13459	0.06565	0.59030	0.01740	0.00841	0.00241	0.00375	0.03372	0.00676	0.00631
104	0.00868	0.00620	0.00826	0.00991	0.01033	0.00578	0.00661	0.00991	0.01363	0.01818	0.03925	0.74510	0.04710	0.02231	0.00909	0.00289	0.00413	0.02024	0.00661	0.00578
105	0.01033	0.00699	0.00819	0.00819	0.00834	0.00713	0.00485	0.01063	0.01048	0.01412	0.02205	0.04444	0.02495	0.66913	0.11559	0.00743	0.00831	0.01004	0.00426	0.00455
