[name]
unknown

[dist]
# distance from previous block
# <min> <max>
0	52

[block]
# block no. 0 follows, 31 sequences, length 15
# corresponding to MSA columns:
# 52-66
name=unknown_A
#
# <colnr> <probs for GDERKNQSTAVLIFYWHMCP>
#	G	D	E	R	K	N	Q	S	T	A	V	L	I	F	Y	W	H	M	C	P
0	0.01133	0.00829	0.01133	0.01236	0.01437	0.00799	0.01074	0.01447	0.01560	0.02065	0.03391	0.07111	0.03656	0.01757	0.00903	0.00294	0.00618	0.60671	0.00608	0.08277
1	0.73155	0.01313	0.01045	0.00911	0.01352	0.01475	0.00748	0.01983	0.01189	0.02989	0.00978	0.01141	0.00767	0.00623	0.00431	0.00201	0.00527	0.00374	0.00422	0.08378
2	0.01275	0.00638	0.00638	0.00638	0.00797	0.00638	0.00478	0.01594	0.01435	0.02551	0.02232	0.02551	0.01754	0.00797	0.00478	0.00159	0.00319	0.00638	0.79755	0.00638
3	0.01080	0.00726	0.00941	0.00872	0.01058	0.00662	0.00659	0.01392	0.01917	0.06688	0.63830	0.05032	0.09762	0.01385	0.00800	0.00216	0.00339	0.01217	0.00752	0.00672
4	0.02477	0.01843	0.01987	0.01515	0.02069	0.01995	0.01249	0.62300	0.03028	0.04093	0.01598	0.01619	0.01148	0.00788	0.00666	0.00194	0.00727	0.00594	0.00655	0.09457
5	0.02601	0.01916	0.02053	0.01574	0.02122	0.02122	0.01300	0.69408	0.03217	0.04312	0.01643	0.01643	0.01163	0.00821	0.00684	0.00205	0.00753	0.00616	0.00684	0.01163
6	0.01693	0.01626	0.02777	0.04199	0.71689	0.01626	0.02100	0.02100	0.01558	0.02235	0.01287	0.01693	0.01084	0.00610	0.00677	0.00203	0.00813	0.00610	0.00339	0.01084
7	0.00965	0.00764	0.01039	0.01118	0.01157	0.00838	0.00813	0.01101	0.01280	0.01747	0.03261	0.58645	0.03858	0.01964	0.01117	0.00284	0.13369	0.05513	0.00576	0.00594
8	0.07364	0.00730	0.00841	0.00830	0.00949	0.00736	0.00575	0.01202	0.01339	0.01973	0.18833	0.08722	0.09627	0.28279	0.10370	0.00482	0.00647	0.01052	0.04897	0.00555
9	0.01684	0.01550	0.02412	0.27955	0.40718	0.05564	0.01924	0.02086	0.01537	0.06118	0.01332	0.01749	0.01049	0.00654	0.00677	0.00211	0.00857	0.00604	0.00357	0.00961
10	0.01815	0.01886	0.02564	0.09724	0.53418	0.14552	0.01942	0.02184	0.01610	0.02092	0.01239	0.01621	0.01032	0.00633	0.00667	0.00200	0.00897	0.00579	0.00338	0.01004
11	0.01636	0.24753	0.29048	0.02263	0.17063	0.04340	0.07652	0.02138	0.01483	0.02000	0.01165	0.01420	0.00931	0.00618	0.00605	0.00193	0.00905	0.00509	0.00307	0.00972
12	0.01128	0.03657	0.01073	0.03295	0.01253	0.08364	0.00750	0.01338	0.04278	0.01740	0.03416	0.38953	0.11795	0.12634	0.01195	0.00311	0.00558	0.03108	0.00553	0.00604
13	0.01449	0.01696	0.09994	0.07090	0.24757	0.06503	0.10622	0.01836	0.01536	0.02041	0.04039	0.10157	0.11078	0.00973	0.00778	0.00223	0.03067	0.00881	0.00414	0.00867
14	0.01524	0.01602	0.05195	0.27098	0.13326	0.01632	0.26024	0.05253	0.01561	0.02111	0.01385	0.04402	0.01120	0.00714	0.00799	0.00229	0.04063	0.00724	0.00354	0.00885

[dist]
# distance from previous block
# <min> <max>
2	32

[block]
# block no. 1 follows, 31 sequences, length 24
# corresponding to MSA columns:
# 99-122
name=unknown_B
#
# <colnr> <probs for GDERKNQSTAVLIFYWHMCP>
#	G	D	E	R	K	N	Q	S	T	A	V	L	I	F	Y	W	H	M	C	P
0	0.02121	0.25840	0.04879	0.01576	0.01980	0.32476	0.01342	0.06804	0.01693	0.01843	0.01044	0.01268	0.00901	0.00752	0.00828	0.00190	0.12818	0.00456	0.00345	0.00845
1	0.01497	0.01497	0.02095	0.01796	0.01796	0.02095	0.01497	0.01646	0.01048	0.01646	0.00898	0.01497	0.00898	0.01197	0.02245	0.00299	0.74704	0.00599	0.00299	0.00748
2	0.00932	0.00696	0.00854	0.00816	0.00985	0.00630	0.00604	0.01204	0.01801	0.02462	0.52756	0.05424	0.21472	0.05234	0.00942	0.00241	0.00345	0.01273	0.00708	0.00618
3	0.00968	0.00699	0.00914	0.00861	0.01022	0.00646	0.00646	0.01291	0.01937	0.02743	0.71328	0.05110	0.06455	0.01399	0.00807	0.00215	0.00323	0.01237	0.00753	0.00646
4	0.02537	0.01855	0.01985	0.01529	0.02058	0.02051	0.01261	0.66160	0.03131	0.04227	0.01671	0.01686	0.01192	0.00820	0.00675	0.00203	0.00732	0.00617	0.04471	0.01138
5	0.00834	0.00595	0.00794	0.00953	0.00992	0.00556	0.00635	0.00953	0.01310	0.01746	0.03771	0.75510	0.04525	0.02143	0.00873	0.00278	0.00397	0.01945	0.00635	0.00556
6	0.01701	0.01481	0.01637	0.01598	0.06911	0.01696	0.01158	0.03523	0.65396	0.02816	0.02675	0.02489	0.02015	0.00905	0.00695	0.00230	0.00561	0.00761	0.00670	0.01083
7	0.02601	0.01916	0.02053	0.01574	0.02122	0.02122	0.01300	0.69408	0.03217	0.04312	0.01643	0.01643	0.01163	0.00821	0.00684	0.00205	0.00753	0.00616	0.00684	0.01163
8	0.02398	0.01816	0.01939	0.01533	0.02044	0.02027	0.01251	0.54571	0.18383	0.03985	0.01900	0.01848	0.01372	0.00845	0.00687	0.00211	0.00705	0.00651	0.00687	0.01145
9	0.01702	0.01470	0.01547	0.01392	0.01779	0.01702	0.01083	0.03635	0.70453	0.02862	0.02785	0.02553	0.02088	0.00928	0.00696	0.00232	0.00541	0.00773	0.00696	0.01083
10	0.00970	0.00726	0.01085	0.01093	0.01211	0.00841	0.00845	0.01209	0.01110	0.01596	0.01925	0.06156	0.01844	0.04989	0.69798	0.01060	0.01764	0.00791	0.00379	0.00608
11	0.80789	0.01323	0.01006	0.00900	0.01323	0.01535	0.00741	0.02011	0.01164	0.03070	0.00953	0.01111	0.00741	0.00635	0.00423	0.00212	0.00529	0.00370	0.00423	0.00741
12	0.01887	0.01019	0.01383	0.01169	0.01443	0.01039	0.00937	0.02149	0.01766	0.29992	0.29257	0.06051	0.03524	0.01173	0.01014	0.00231	0.13458	0.00935	0.00706	0.00865
13	0.00834	0.00595	0.00794	0.00953	0.00992	0.00556	0.00635	0.00953	0.01310	0.01746	0.03771	0.75510	0.04525	0.02143	0.00873	0.00278	0.00397	0.01945	0.00635	0.00556
14	0.01985	0.15283	0.02566	0.05314	0.21627	0.28661	0.06349	0.02280	0.01669	0.01881	0.01283	0.01786	0.01129	0.00717	0.00638	0.00193	0.00974	0.04425	0.00352	0.00887
15	0.00832	0.00601	0.00788	0.00939	0.00989	0.00557	0.00629	0.00954	0.01323	0.01752	0.03942	0.71782	0.08142	0.02121	0.00870	0.00275	0.00394	0.01918	0.00635	0.00557
16	0.01717	0.58467	0.20502	0.01362	0.02052	0.02432	0.01504	0.02078	0.01403	0.01747	0.01019	0.01183	0.00875	0.00601	0.00491	0.00164	0.00800	0.00400	0.00292	0.00911
17	0.05943	0.02299	0.10056	0.02564	0.27011	0.24450	0.03950	0.04995	0.01728	0.04203	0.01572	0.01790	0.05016	0.00724	0.00655	0.00199	0.00931	0.00589	0.00388	0.00937
18	0.05670	0.27032	0.18110	0.14313	0.02660	0.08838	0.05946	0.04236	0.01528	0.01992	0.03094	0.01493	0.01051	0.00661	0.00587	0.00192	0.00879	0.00507	0.00335	0.00877
19	0.01981	0.02089	0.15200	0.04360	0.06553	0.11236	0.14215	0.08942	0.01811	0.14547	0.01815	0.03863	0.03819	0.00765	0.00691	0.00206	0.00880	0.00673	0.00478	0.05876
20	0.01680	0.02177	0.19050	0.07045	0.15597	0.12072	0.07209	0.05365	0.04094	0.04215	0.05442	0.04668	0.04128	0.00801	0.00688	0.00209	0.00869	0.00691	0.00417	0.03582
21	0.04726	0.01476	0.01867	0.01534	0.01894	0.09151	0.15654	0.04149	0.17335	0.02250	0.06798	0.08490	0.04463	0.12076	0.01130	0.00284	0.00739	0.00885	0.00513	0.04587
22	0.01806	0.01622	0.04218	0.01976	0.09919	0.04083	0.14068	0.14961	0.12709	0.06221	0.09526	0.05192	0.01988	0.00890	0.00812	0.00220	0.05038	0.00785	0.00544	0.03423
23	0.01496	0.05313	0.13075	0.08763	0.02462	0.03890	0.14022	0.06696	0.01618	0.02230	0.03875	0.06312	0.05563	0.00789	0.00665	0.00190	0.00778	0.00708	0.00417	0.21139

[dist]
# distance from previous block
# <min> <max>
12	45

[block]
# block no. 2 follows, 31 sequences, length 17
# corresponding to MSA columns:
# 175-191
name=unknown_C
#
# <colnr> <probs for GDERKNQSTAVLIFYWHMCP>
#	G	D	E	R	K	N	Q	S	T	A	V	L	I	F	Y	W	H	M	C	P
0	0.01738	0.17918	0.25339	0.01539	0.02205	0.04346	0.01600	0.12115	0.09543	0.02412	0.01386	0.01519	0.01072	0.00701	0.00665	0.00190	0.03946	0.00512	0.00411	0.10842
1	0.01472	0.01170	0.01423	0.01118	0.01539	0.01074	0.00895	0.04117	0.01492	0.06189	0.05746	0.05756	0.05557	0.00852	0.00832	0.00165	0.11444	0.00649	0.03157	0.45354
2	0.01308	0.03215	0.64250	0.01807	0.02729	0.01474	0.02299	0.02032	0.01457	0.02130	0.01877	0.02029	0.08895	0.00773	0.00668	0.00218	0.00935	0.00612	0.00328	0.00962
3	0.01108	0.00989	0.00974	0.00920	0.01121	0.08886	0.00690	0.01375	0.01840	0.02391	0.46756	0.05049	0.22540	0.01406	0.00786	0.00215	0.00433	0.01200	0.00677	0.00645
4	0.00809	0.00693	0.00693	0.00693	0.00924	0.00578	0.00520	0.00982	0.01559	0.01848	0.06931	0.06584	0.71411	0.01733	0.00809	0.00231	0.00347	0.01444	0.00635	0.00578
5	0.02556	0.03261	0.01939	0.01763	0.02115	0.73210	0.01322	0.02732	0.01939	0.01674	0.01058	0.01234	0.00881	0.00705	0.00617	0.00176	0.01234	0.00441	0.00353	0.00793
6	0.02410	0.01311	0.01568	0.01302	0.01762	0.01341	0.01043	0.03479	0.34980	0.38752	0.02740	0.02437	0.01884	0.00886	0.00692	0.00222	0.00563	0.00729	0.00774	0.01125
7	0.01188	0.00594	0.00891	0.00891	0.00891	0.00594	0.00594	0.00891	0.00891	0.01188	0.01188	0.02080	0.01188	0.02377	0.02674	0.80095	0.00594	0.00594	0.00297	0.00297
8	0.01372	0.03539	0.72412	0.01950	0.02961	0.01589	0.02528	0.02167	0.01444	0.02167	0.01228	0.01444	0.00867	0.00650	0.00650	0.00217	0.01011	0.00506	0.00289	0.01011
9	0.00834	0.00595	0.00794	0.00953	0.00992	0.00556	0.00635	0.00953	0.01310	0.01746	0.03771	0.75510	0.04525	0.02143	0.00873	0.00278	0.00397	0.01945	0.00635	0.00556
10	0.01102	0.00787	0.01102	0.01260	0.01417	0.00787	0.01102	0.01417	0.01575	0.02047	0.03622	0.07717	0.03937	0.01890	0.00945	0.00315	0.00630	0.67084	0.00630	0.00630
11	0.01427	0.06446	0.61790	0.02165	0.10485	0.01641	0.02422	0.02154	0.01455	0.02150	0.01222	0.01457	0.00891	0.00643	0.00644	0.00212	0.00977	0.00511	0.00295	0.01013
12	0.46033	0.34356	0.02141	0.01019	0.01514	0.02051	0.00930	0.02028	0.01264	0.02427	0.00952	0.01105	0.00801	0.00613	0.00430	0.00183	0.00618	0.00368	0.00366	0.00801
13	0.00834	0.00595	0.00794	0.00953	0.00992	0.00556	0.00635	0.00953	0.01310	0.01746	0.03771	0.75510	0.04525	0.02143	0.00873	0.00278	0.00397	0.01945	0.00635	0.00556
14	0.01440	0.18737	0.54310	0.01723	0.02605	0.01774	0.02141	0.02082	0.01439	0.02033	0.01456	0.01630	0.04414	0.00691	0.00614	0.00203	0.00919	0.00523	0.00307	0.00961
15	0.01506	0.24920	0.52206	0.01721	0.02607	0.01917	0.02129	0.02132	0.01428	0.02003	0.01147	0.01343	0.00870	0.00631	0.00588	0.00196	0.00929	0.00465	0.00290	0.00972
16	0.31839	0.08444	0.24050	0.01382	0.02032	0.01714	0.01449	0.12991	0.01649	0.06893	0.01253	0.01372	0.00916	0.00678	0.00554	0.00207	0.00738	0.00471	0.00436	0.00931

[dist]
# distance from previous block
# <min> <max>
2	12

[block]
# block no. 3 follows, 31 sequences, length 6
# corresponding to MSA columns:
# 204-209
name=unknown_D
#
# <colnr> <probs for GDERKNQSTAVLIFYWHMCP>
#	G	D	E	R	K	N	Q	S	T	A	V	L	I	F	Y	W	H	M	C	P
0	0.01699	0.01484	0.02180	0.07746	0.37638	0.01511	0.01602	0.15341	0.01885	0.02596	0.05134	0.02371	0.09125	0.00811	0.00689	0.00202	0.00714	0.00718	0.00461	0.06093
1	0.02353	0.02099	0.11657	0.01610	0.02206	0.02011	0.01449	0.54368	0.08922	0.03889	0.01687	0.01696	0.01205	0.00807	0.00681	0.00209	0.00770	0.00615	0.00631	0.01135
2	0.01465	0.01296	0.01711	0.12376	0.11704	0.01176	0.01175	0.01961	0.08039	0.02219	0.01376	0.01625	0.01111	0.00587	0.00575	0.00147	0.00612	0.00499	0.00409	0.49936
3	0.13315	0.01446	0.02234	0.11106	0.47074	0.01500	0.01725	0.01941	0.01479	0.02268	0.01770	0.02089	0.07746	0.00729	0.00653	0.00210	0.00737	0.00654	0.00376	0.00949
4	0.14015	0.01669	0.01758	0.01364	0.01895	0.01782	0.01120	0.43380	0.05383	0.06572	0.01565	0.01595	0.01138	0.00750	0.00619	0.00191	0.00665	0.00556	0.00610	0.13370
5	0.13236	0.01250	0.01662	0.35806	0.03050	0.01416	0.01363	0.02129	0.12957	0.04751	0.01587	0.04475	0.01257	0.00752	0.00630	0.00210	0.00707	0.00624	0.00433	0.11704

[dist]
# distance from previous block
# <min> <max>
9	20

[block]
# block no. 4 follows, 31 sequences, length 6
# corresponding to MSA columns:
# 230-235
name=unknown_E
#
# <colnr> <probs for GDERKNQSTAVLIFYWHMCP>
#	G	D	E	R	K	N	Q	S	T	A	V	L	I	F	Y	W	H	M	C	P
0	0.01597	0.01693	0.03432	0.02488	0.03100	0.01609	0.54223	0.07531	0.01767	0.02387	0.07182	0.02366	0.05676	0.00730	0.00797	0.00227	0.01008	0.00863	0.00423	0.00900
1	0.01013	0.00851	0.00887	0.00904	0.01072	0.05057	0.00676	0.01210	0.01568	0.01970	0.17819	0.12595	0.30169	0.10346	0.01135	0.00292	0.00479	0.10753	0.00614	0.00590
2	0.41130	0.01808	0.16787	0.01217	0.01759	0.01510	0.01197	0.09484	0.04156	0.05462	0.03961	0.01580	0.01178	0.00716	0.00539	0.00210	0.00641	0.00503	0.05297	0.00865
3	0.02516	0.01874	0.02005	0.01557	0.02089	0.02082	0.01280	0.63191	0.09571	0.04175	0.01750	0.01729	0.01251	0.00831	0.00686	0.00208	0.00733	0.00631	0.00686	0.01156
4	0.01567	0.01304	0.01498	0.01084	0.01684	0.01064	0.00872	0.10225	0.01645	0.02491	0.01270	0.01447	0.01032	0.00546	0.00529	0.00114	0.00538	0.00432	0.00440	0.70218
5	0.01490	0.01379	0.02239	0.17837	0.40683	0.01401	0.01751	0.01872	0.01488	0.02095	0.01552	0.06258	0.01415	0.00780	0.00685	0.00207	0.00760	0.04845	0.00375	0.10890

[dist]
# distance from previous block
# <min> <max>
0	3

[block]
# block no. 5 follows, 31 sequences, length 12
# corresponding to MSA columns:
# 239-250
name=unknown_F
#
# <colnr> <probs for GDERKNQSTAVLIFYWHMCP>
#	G	D	E	R	K	N	Q	S	T	A	V	L	I	F	Y	W	H	M	C	P
0	0.05982	0.01608	0.02283	0.08922	0.36616	0.01710	0.01678	0.21025	0.04963	0.02871	0.04616	0.01852	0.01362	0.00726	0.00673	0.00208	0.00756	0.00634	0.00472	0.01041
1	0.07391	0.01087	0.01258	0.01107	0.01406	0.01105	0.00854	0.15719	0.04538	0.15208	0.12267	0.16894	0.06129	0.08496	0.01005	0.00272	0.00539	0.03236	0.00665	0.00826
2	0.01671	0.01635	0.02553	0.10676	0.56640	0.05958	0.01972	0.02063	0.01564	0.02142	0.01408	0.02044	0.01228	0.00701	0.00691	0.00211	0.00837	0.04646	0.00354	0.01007
3	0.01512	0.01420	0.02293	0.35650	0.32506	0.01587	0.01881	0.02133	0.10145	0.02093	0.01443	0.01861	0.01132	0.00683	0.00683	0.00218	0.00824	0.00629	0.00368	0.00937
4	0.01267	0.00897	0.01027	0.00937	0.01074	0.00921	0.00635	0.12505	0.01481	0.02012	0.07594	0.07885	0.02595	0.46122	0.06825	0.00535	0.00702	0.00967	0.00496	0.03523
5	0.48012	0.05266	0.01393	0.03467	0.01610	0.01618	0.00917	0.13087	0.05799	0.05768	0.06159	0.01633	0.01339	0.00744	0.00529	0.00209	0.00577	0.00515	0.00511	0.00848
6	0.80789	0.01323	0.01006	0.00900	0.01323	0.01535	0.00741	0.02011	0.01164	0.03070	0.00953	0.01111	0.00741	0.00635	0.00423	0.00212	0.00529	0.00370	0.00423	0.00741
7	0.01693	0.01626	0.02777	0.04199	0.71689	0.01626	0.02100	0.02100	0.01558	0.02235	0.01287	0.01693	0.01084	0.00610	0.00677	0.00203	0.00813	0.00610	0.00339	0.01084
8	0.01372	0.03539	0.72412	0.01950	0.02961	0.01589	0.02528	0.02167	0.01444	0.02167	0.01228	0.01444	0.00867	0.00650	0.00650	0.00217	0.01011	0.00506	0.00289	0.01011
9	0.02556	0.03261	0.01939	0.01763	0.02115	0.73210	0.01322	0.02732	0.01939	0.01674	0.01058	0.01234	0.00881	0.00705	0.00617	0.00176	0.01234	0.00441	0.00353	0.00793
10	0.01613	0.01587	0.02493	0.26874	0.45872	0.05730	0.01990	0.02022	0.01518	0.02044	0.01251	0.01709	0.01016	0.00639	0.00676	0.00210	0.00869	0.00599	0.00328	0.00962
11	0.51405	0.01267	0.01267	0.04380	0.01602	0.01399	0.04014	0.05857	0.01471	0.07140	0.10028	0.01981	0.04206	0.00794	0.00546	0.00214	0.00560	0.00582	0.00504	0.00782

[dist]
# distance from previous block
# <min> <max>
31	79

[block]
# block no. 6 follows, 31 sequences, length 11
# corresponding to MSA columns:
# 342-352
name=unknown_G
#
# <colnr> <probs for GDERKNQSTAVLIFYWHMCP>
#	G	D	E	R	K	N	Q	S	T	A	V	L	I	F	Y	W	H	M	C	P
0	0.01315	0.01173	0.01900	0.47720	0.12570	0.01365	0.01647	0.04016	0.01468	0.01940	0.05481	0.10579	0.01684	0.00941	0.00773	0.02679	0.00791	0.00799	0.00385	0.00772
1	0.10574	0.01240	0.01907	0.62447	0.04184	0.01530	0.01728	0.01864	0.04481	0.01953	0.01257	0.01774	0.00945	0.00689	0.00654	0.00226	0.00851	0.00588	0.00336	0.00772
2	0.01549	0.01395	0.02218	0.43685	0.22848	0.01592	0.01856	0.09717	0.01644	0.02193	0.01375	0.01986	0.01102	0.00724	0.00692	0.00222	0.00855	0.03087	0.00370	0.00892
3	0.02338	0.01864	0.01857	0.01476	0.01947	0.09064	0.01197	0.52138	0.02875	0.03769	0.09905	0.02193	0.04426	0.00912	0.00697	0.00205	0.00736	0.00702	0.00657	0.01043
4	0.01013	0.00763	0.00942	0.00919	0.01087	0.00687	0.00634	0.01156	0.01246	0.01738	0.02749	0.33080	0.05254	0.20282	0.07692	0.00404	0.00609	0.01251	0.00507	0.17985
5	0.21267	0.01926	0.01786	0.05531	0.02075	0.12089	0.01203	0.39930	0.02438	0.03493	0.01370	0.01467	0.01008	0.00752	0.00612	0.00204	0.00777	0.00532	0.00553	0.00987
6	0.01419	0.01216	0.01419	0.01013	0.01621	0.00912	0.00811	0.01723	0.01419	0.02229	0.01216	0.01419	0.01013	0.00507	0.00507	0.00101	0.00507	0.00405	0.00405	0.80139
7	0.00870	0.00621	0.00836	0.00994	0.01050	0.00587	0.00698	0.01016	0.01346	0.01787	0.03751	0.66318	0.04445	0.02109	0.00883	0.00283	0.00429	0.10777	0.00634	0.00566
8	0.00995	0.00663	0.00746	0.00746	0.00746	0.00663	0.00415	0.00995	0.00995	0.01327	0.02156	0.04477	0.02487	0.75957	0.03482	0.00663	0.00663	0.00995	0.00415	0.00415
9	0.01696	0.62417	0.03070	0.01095	0.01602	0.02326	0.01060	0.01934	0.01449	0.01802	0.08159	0.01624	0.01514	0.00685	0.00479	0.00154	0.00656	0.00476	0.06966	0.00834
10	0.01484	0.08820	0.01648	0.01061	0.01648	0.01159	0.00870	0.01915	0.07173	0.02220	0.01320	0.01481	0.01089	0.00550	0.00516	0.00117	0.00532	0.00432	0.00418	0.65548

[dist]
# distance from previous block
# <min> <max>
1	15

[block]
# block no. 7 follows, 31 sequences, length 8
# corresponding to MSA columns:
# 368-375
name=unknown_H
#
# <colnr> <probs for GDERKNQSTAVLIFYWHMCP>
#	G	D	E	R	K	N	Q	S	T	A	V	L	I	F	Y	W	H	M	C	P
0	0.05888	0.03169	0.62205	0.01797	0.02701	0.01505	0.02264	0.02083	0.01470	0.02268	0.07208	0.01739	0.01337	0.00713	0.00650	0.00216	0.00925	0.00560	0.00336	0.00964
1	0.01596	0.01967	0.10530	0.02918	0.12647	0.01719	0.50350	0.02151	0.01564	0.02169	0.01333	0.01769	0.01021	0.00618	0.00842	0.00229	0.04556	0.00741	0.00337	0.00945
2	0.00830	0.00694	0.00723	0.00716	0.00937	0.00587	0.00537	0.01024	0.01610	0.01969	0.15644	0.06385	0.62622	0.01687	0.00808	0.00229	0.00343	0.01416	0.00651	0.00587
3	0.01693	0.01626	0.02777	0.04199	0.71689	0.01626	0.02100	0.02100	0.01558	0.02235	0.01287	0.01693	0.01084	0.00610	0.00677	0.00203	0.00813	0.00610	0.00339	0.01084
4	0.01439	0.01499	0.07430	0.29113	0.32211	0.01465	0.01916	0.01879	0.01483	0.02026	0.01590	0.02582	0.01412	0.00822	0.00716	0.00229	0.00837	0.10090	0.00364	0.00896
5	0.01176	0.00887	0.01077	0.01084	0.01309	0.00878	0.00896	0.08087	0.04496	0.02359	0.14807	0.06209	0.21795	0.01629	0.00852	0.00263	0.00516	0.30332	0.00659	0.00689
6	0.08787	0.00751	0.00835	0.00811	0.01014	0.00702	0.00609	0.01226	0.01678	0.02380	0.36244	0.10457	0.29078	0.01498	0.00775	0.00225	0.00357	0.01278	0.00669	0.00624
7	0.02157	0.01594	0.01765	0.01480	0.04362	0.01730	0.01140	0.45880	0.07694	0.03531	0.01806	0.04372	0.01446	0.05594	0.00937	0.03876	0.00682	0.00685	0.04609	0.04659

[dist]
# distance from previous block
# <min> <max>
3	17

[block]
# block no. 8 follows, 31 sequences, length 114
# corresponding to MSA columns:
# 393-506
name=unknown_I
#
# <colnr> <probs for GDERKNQSTAVLIFYWHMCP>
#	G	D	E	R	K	N	Q	S	T	A	V	L	I	F	Y	W	H	M	C	P
0	0.02217	0.01697	0.01807	0.01513	0.03992	0.04668	0.01170	0.41938	0.13095	0.05846	0.01914	0.04453	0.01520	0.06775	0.00903	0.00243	0.00707	0.00701	0.00634	0.04208
1	0.01372	0.01499	0.06909	0.19609	0.05271	0.04203	0.19414	0.03840	0.04139	0.02036	0.02318	0.16551	0.07756	0.01039	0.00760	0.00234	0.00825	0.00986	0.00437	0.00802
2	0.07319	0.31640	0.28445	0.01619	0.04589	0.02044	0.03646	0.06869	0.01556	0.04810	0.01191	0.01352	0.00927	0.00640	0.00561	0.00188	0.00831	0.00468	0.00352	0.00956
3	0.02403	0.01516	0.01722	0.01370	0.01844	0.01589	0.01110	0.38068	0.07261	0.20196	0.02183	0.09013	0.01691	0.00951	0.00692	0.00211	0.00642	0.00766	0.02953	0.03821
4	0.01441	0.02696	0.43571	0.01954	0.07778	0.05015	0.06334	0.04707	0.01633	0.02303	0.11280	0.02203	0.04493	0.00800	0.00690	0.00214	0.00883	0.00674	0.00394	0.00938
5	0.01982	0.01577	0.01771	0.13892	0.02339	0.04533	0.01262	0.30585	0.17105	0.05226	0.05301	0.05021	0.04498	0.00930	0.00702	0.00218	0.00699	0.00755	0.00613	0.00992
6	0.01071	0.03609	0.00986	0.00922	0.01120	0.00775	0.00712	0.01337	0.04643	0.04988	0.07004	0.16043	0.30967	0.09017	0.01083	0.00292	0.00472	0.13714	0.00616	0.00631
7	0.00842	0.00602	0.00802	0.00947	0.00994	0.00561	0.00636	0.00974	0.01350	0.01811	0.08118	0.70980	0.04649	0.02095	0.00869	0.00274	0.00392	0.01899	0.00643	0.00561
8	0.01705	0.09147	0.23947	0.06550	0.12673	0.13975	0.13226	0.02188	0.01538	0.01987	0.01186	0.01506	0.00935	0.00674	0.00765	0.00210	0.05984	0.00560	0.00318	0.00925
9	0.01685	0.04774	0.01596	0.01445	0.06035	0.06405	0.01049	0.16103	0.08703	0.06026	0.08797	0.23649	0.02705	0.01249	0.00800	0.00227	0.03869	0.01051	0.00597	0.03236
10	0.00985	0.00667	0.00787	0.00795	0.00810	0.00679	0.00473	0.01017	0.01022	0.01376	0.02201	0.07820	0.02505	0.64638	0.10882	0.00691	0.00776	0.01014	0.00420	0.00443
11	0.01442	0.10774	0.42862	0.01807	0.05160	0.01568	0.06305	0.02042	0.01469	0.02144	0.04007	0.01584	0.01135	0.00642	0.00620	0.00190	0.00869	0.00526	0.00333	0.14524
12	0.04206	0.02395	0.28665	0.02881	0.31135	0.04433	0.08700	0.02139	0.01517	0.02210	0.01251	0.01565	0.00976	0.00621	0.00661	0.00205	0.00913	0.00566	0.00327	0.04631
13	0.01637	0.01587	0.02542	0.03771	0.62076	0.04125	0.01918	0.02009	0.01561	0.02171	0.01704	0.05205	0.05167	0.00744	0.00691	0.00207	0.00784	0.00709	0.00369	0.01021
14	0.01341	0.00701	0.00708	0.00684	0.00863	0.00712	0.00519	0.04970	0.01523	0.02638	0.02202	0.02505	0.01724	0.00798	0.00489	0.00162	0.00340	0.00637	0.75818	0.00664
15	0.01413	0.01216	0.01448	0.04364	0.01763	0.00940	0.00860	0.01724	0.01416	0.02207	0.01216	0.01437	0.01009	0.00515	0.00515	0.00107	0.00525	0.00415	0.00401	0.76511
16	0.01544	0.01212	0.01431	0.01029	0.01631	0.00919	0.00825	0.01845	0.01460	0.07525	0.01328	0.01488	0.01065	0.00532	0.00520	0.00110	0.00512	0.00427	0.00439	0.74158
17	0.69754	0.01439	0.04384	0.01169	0.05938	0.01527	0.00918	0.02064	0.01226	0.05049	0.01039	0.01201	0.00797	0.00640	0.00458	0.00211	0.00571	0.00402	0.00425	0.00788
18	0.77237	0.01316	0.01032	0.00914	0.01342	0.01511	0.00753	0.02072	0.01201	0.06228	0.01032	0.01167	0.00784	0.00645	0.00435	0.00212	0.00532	0.00385	0.00443	0.00760
19	0.01452	0.08496	0.65654	0.01875	0.02843	0.01649	0.02391	0.02192	0.01455	0.04114	0.01250	0.01446	0.00891	0.00651	0.00637	0.00212	0.00980	0.00501	0.00305	0.01006
20	0.02385	0.09655	0.02061	0.01680	0.02044	0.58606	0.01295	0.02708	0.07469	0.01765	0.01184	0.01338	0.00980	0.00729	0.00662	0.00182	0.03594	0.00466	0.00373	0.00823
21	0.02724	0.01363	0.01646	0.01277	0.01774	0.01343	0.01050	0.25429	0.02328	0.42029	0.02294	0.02120	0.01521	0.00833	0.00665	0.00204	0.00612	0.00658	0.09020	0.01109
22	0.01036	0.00715	0.00930	0.00868	0.01044	0.00656	0.00654	0.01352	0.01925	0.05119	0.66819	0.05063	0.08440	0.01391	0.00803	0.00216	0.00333	0.01225	0.00752	0.00661
23	0.00968	0.00699	0.00914	0.00861	0.01022	0.00646	0.00646	0.01291	0.01937	0.02743	0.71328	0.05110	0.06455	0.01399	0.00807	0.00215	0.00323	0.01237	0.00753	0.00646
24	0.00837	0.00695	0.00734	0.00740	0.00955	0.00592	0.00559	0.01029	0.01590	0.01940	0.12982	0.08485	0.60447	0.01718	0.00816	0.00234	0.00357	0.04059	0.00647	0.00586
25	0.00977	0.00733	0.01100	0.01100	0.01222	0.00855	0.00855	0.01222	0.01100	0.01588	0.01833	0.02688	0.01710	0.05131	0.73245	0.01100	0.01833	0.00733	0.00367	0.00611
26	0.01585	0.01368	0.01435	0.01301	0.01667	0.01555	0.01009	0.03289	0.61450	0.02729	0.03326	0.03079	0.11147	0.01033	0.00711	0.00232	0.00516	0.00861	0.00688	0.01017
27	0.01702	0.01470	0.01547	0.01392	0.01779	0.01702	0.01083	0.03635	0.70453	0.02862	0.02785	0.02553	0.02088	0.00928	0.00696	0.00232	0.00541	0.00773	0.00696	0.01083
28	0.01734	0.01486	0.01565	0.01399	0.01791	0.01717	0.01091	0.06009	0.68026	0.02914	0.02743	0.02520	0.02055	0.00924	0.00696	0.00231	0.00549	0.00768	0.00696	0.01086
29	0.00834	0.00595	0.00794	0.00953	0.00992	0.00556	0.00635	0.00953	0.01310	0.01746	0.03771	0.75510	0.04525	0.02143	0.00873	0.00278	0.00397	0.01945	0.00635	0.00556
30	0.01292	0.01216	0.02052	0.74312	0.04712	0.01520	0.01900	0.01748	0.01368	0.01748	0.01216	0.01824	0.00912	0.00684	0.00684	0.00228	0.00912	0.00608	0.00304	0.00760
31	0.80789	0.01323	0.01006	0.00900	0.01323	0.01535	0.00741	0.02011	0.01164	0.03070	0.00953	0.01111	0.00741	0.00635	0.00423	0.00212	0.00529	0.00370	0.00423	0.00741
32	0.00809	0.00693	0.00693	0.00693	0.00924	0.00578	0.00520	0.00982	0.01559	0.01848	0.06931	0.06584	0.71411	0.01733	0.00809	0.00231	0.00347	0.01444	0.00635	0.00578
33	0.01292	0.01216	0.02052	0.74312	0.04712	0.01520	0.01900	0.01748	0.01368	0.01748	0.01216	0.01824	0.00912	0.00684	0.00684	0.00228	0.00912	0.00608	0.00304	0.00760
34	0.01690	0.01633	0.02822	0.04152	0.69267	0.01629	0.04486	0.02103	0.01560	0.02234	0.01290	0.01699	0.01082	0.00608	0.00682	0.00204	0.00825	0.00617	0.00339	0.01078
35	0.01702	0.01470	0.01547	0.01392	0.01779	0.01702	0.01083	0.03635	0.70453	0.02862	0.02785	0.02553	0.02088	0.00928	0.00696	0.00232	0.00541	0.00773	0.00696	0.01083
36	0.00994	0.00667	0.00764	0.00764	0.00770	0.00673	0.00436	0.01006	0.01000	0.01340	0.02140	0.04388	0.02449	0.72431	0.06955	0.00685	0.00721	0.00982	0.00412	0.00424
37	0.01372	0.03539	0.72412	0.01950	0.02961	0.01589	0.02528	0.02167	0.01444	0.02167	0.01228	0.01444	0.00867	0.00650	0.00650	0.00217	0.01011	0.00506	0.00289	0.01011
38	0.01752	0.63177	0.13167	0.01305	0.01926	0.02526	0.01374	0.02049	0.01384	0.01689	0.00988	0.01162	0.00877	0.00619	0.00541	0.00162	0.03724	0.00395	0.00292	0.00891
39	0.01275	0.00638	0.00638	0.00638	0.00797	0.00638	0.00478	0.01594	0.01435	0.02551	0.02232	0.02551	0.01754	0.00797	0.00478	0.00159	0.00319	0.00638	0.79755	0.00638
40	0.02556	0.03261	0.01939	0.01763	0.02115	0.73210	0.01322	0.02732	0.01939	0.01674	0.01058	0.01234	0.00881	0.00705	0.00617	0.00176	0.01234	0.00441	0.00353	0.00793
41	0.01769	0.01436	0.01827	0.05364	0.19658	0.04796	0.01325	0.04803	0.23368	0.10229	0.11359	0.02625	0.04488	0.00909	0.00748	0.00218	0.02740	0.00772	0.00581	0.00982
42	0.01345	0.00783	0.01035	0.00925	0.01152	0.00710	0.00710	0.01657	0.01940	0.15177	0.59036	0.04612	0.05602	0.01300	0.00786	0.00215	0.00369	0.01139	0.00770	0.00738
43	0.01292	0.01216	0.02052	0.74312	0.04712	0.01520	0.01900	0.01748	0.01368	0.01748	0.01216	0.01824	0.00912	0.00684	0.00684	0.00228	0.00912	0.00608	0.00304	0.00760
44	0.06559	0.01780	0.01935	0.01490	0.02029	0.01935	0.01231	0.56715	0.02937	0.13839	0.01758	0.01713	0.01217	0.00816	0.00672	0.00207	0.00718	0.00614	0.00694	0.01143
45	0.00911	0.00710	0.00757	0.00736	0.00967	0.00602	0.00555	0.01109	0.01629	0.04418	0.16373	0.06217	0.59324	0.01652	0.00804	0.00228	0.00351	0.01387	0.00660	0.00608
46	0.00888	0.00691	0.00815	0.00870	0.01026	0.00630	0.00639	0.01127	0.03592	0.01978	0.13929	0.29855	0.32572	0.01817	0.00838	0.00252	0.00389	0.06842	0.00652	0.00598
47	0.01480	0.20691	0.56202	0.01766	0.02677	0.01852	0.02208	0.02139	0.01432	0.02035	0.01163	0.01363	0.00869	0.00635	0.00600	0.00200	0.00945	0.00473	0.00290	0.00980
48	0.02601	0.01916	0.02053	0.01574	0.02122	0.02122	0.01300	0.69408	0.03217	0.04312	0.01643	0.01643	0.01163	0.00821	0.00684	0.00205	0.00753	0.00616	0.00684	0.01163
49	0.01457	0.01467	0.01710	0.01537	0.01631	0.11692	0.01238	0.01645	0.01193	0.01629	0.01262	0.01895	0.01192	0.02565	0.27950	0.00574	0.37703	0.00625	0.00331	0.00704
50	0.07940	0.12572	0.13910	0.04698	0.01876	0.03382	0.03345	0.01808	0.01330	0.02064	0.01498	0.07325	0.01338	0.00903	0.00930	0.00216	0.16557	0.00644	0.16882	0.00781
51	0.00929	0.00716	0.00850	0.00813	0.01006	0.00647	0.00611	0.01238	0.03526	0.02422	0.46261	0.05580	0.29888	0.01508	0.00805	0.00221	0.00337	0.01300	0.00709	0.00632
52	0.01444	0.01442	0.02581	0.27763	0.03315	0.01665	0.22908	0.01850	0.01370	0.01923	0.01266	0.01803	0.01012	0.00789	0.01104	0.00242	0.19687	0.00671	0.06367	0.00799
53	0.01031	0.00749	0.00955	0.00991	0.01137	0.00727	0.00779	0.01331	0.03677	0.02164	0.26350	0.06031	0.10516	0.14361	0.01313	0.00331	0.00505	0.25808	0.00637	0.00607
54	0.01219	0.00919	0.01082	0.06525	0.01396	0.00938	0.00765	0.12783	0.01686	0.02208	0.10471	0.16475	0.19015	0.19768	0.01446	0.00339	0.00543	0.01193	0.00576	0.00655
55	0.01372	0.03539	0.72412	0.01950	0.02961	0.01589	0.02528	0.02167	0.01444	0.02167	0.01228	0.01444	0.00867	0.00650	0.00650	0.00217	0.01011	0.00506	0.00289	0.01011
56	0.01292	0.01216	0.02052	0.74312	0.04712	0.01520	0.01900	0.01748	0.01368	0.01748	0.01216	0.01824	0.00912	0.00684	0.00684	0.00228	0.00912	0.00608	0.00304	0.00760
57	0.01829	0.76368	0.03585	0.01171	0.01756	0.02707	0.01171	0.02049	0.01390	0.01610	0.00951	0.01097	0.00878	0.00585	0.00439	0.00146	0.00732	0.00366	0.00293	0.00878
58	0.00889	0.00696	0.00804	0.00777	0.00973	0.00612	0.00583	0.01137	0.01748	0.02297	0.39211	0.05845	0.38851	0.01565	0.00808	0.00223	0.00335	0.01340	0.00694	0.00612
59	0.02601	0.01916	0.02053	0.01574	0.02122	0.02122	0.01300	0.69408	0.03217	0.04312	0.01643	0.01643	0.01163	0.00821	0.00684	0.00205	0.00753	0.00616	0.00684	0.01163
60	0.01102	0.00787	0.01102	0.01260	0.01417	0.00787	0.01102	0.01417	0.01575	0.02047	0.03622	0.07717	0.03937	0.01890	0.00945	0.00315	0.00630	0.67084	0.00630	0.00630
61	0.01728	0.53547	0.03131	0.01361	0.01768	0.02521	0.01270	0.01926	0.01286	0.01621	0.00935	0.01219	0.00884	0.00772	0.00990	0.00193	0.23279	0.00437	0.00295	0.00838
62	0.02601	0.01916	0.02053	0.01574	0.02122	0.02122	0.01300	0.69408	0.03217	0.04312	0.01643	0.01643	0.01163	0.00821	0.00684	0.00205	0.00753	0.00616	0.00684	0.01163
63	0.67126	0.01216	0.00990	0.00893	0.01272	0.01383	0.00725	0.01888	0.01296	0.03014	0.12999	0.01796	0.01719	0.00766	0.00489	0.00212	0.00494	0.00519	0.00480	0.00725
64	0.00981	0.00677	0.00837	0.00846	0.00879	0.00705	0.00537	0.01049	0.01039	0.01416	0.02168	0.08106	0.02410	0.54026	0.20762	0.00750	0.00940	0.00984	0.00415	0.00472
65	0.01680	0.01612	0.02753	0.06522	0.69470	0.01622	0.02093	0.02088	0.01552	0.02219	0.01285	0.01698	0.01078	0.00612	0.00678	0.00204	0.00816	0.00610	0.00338	0.01073
66	0.01372	0.03539	0.72412	0.01950	0.02961	0.01589	0.02528	0.02167	0.01444	0.02167	0.01228	0.01444	0.00867	0.00650	0.00650	0.00217	0.01011	0.00506	0.00289	0.01011
67	0.01392	0.06750	0.69377	0.01916	0.02908	0.01638	0.02468	0.02161	0.01442	0.02142	0.01216	0.01429	0.00867	0.00647	0.00641	0.00214	0.00999	0.00499	0.00289	0.01005
68	0.00827	0.00620	0.00768	0.00887	0.00975	0.00561	0.00606	0.00960	0.01373	0.01772	0.04568	0.58114	0.21406	0.02040	0.00857	0.00266	0.00384	0.01818	0.00635	0.00561
69	0.01323	0.01247	0.02107	0.68973	0.09813	0.01528	0.01915	0.01775	0.01382	0.01785	0.01221	0.01814	0.00925	0.00678	0.00683	0.00226	0.00904	0.00608	0.00307	0.00785
70	0.42995	0.01356	0.01620	0.06536	0.22016	0.01472	0.01224	0.02066	0.01358	0.07812	0.01337	0.05120	0.01111	0.00722	0.00556	0.00214	0.00633	0.00557	0.00433	0.00864
71	0.00835	0.00617	0.00782	0.00904	0.00982	0.00564	0.00616	0.00973	0.01381	0.01809	0.07399	0.60494	0.16063	0.02039	0.00859	0.00267	0.00385	0.01827	0.00641	0.00564
72	0.01114	0.00815	0.01094	0.01213	0.01377	0.00825	0.01025	0.01534	0.06794	0.02134	0.08610	0.13253	0.04038	0.01803	0.00909	0.00298	0.00579	0.51282	0.00645	0.00659
73	0.69991	0.01564	0.08098	0.01029	0.01515	0.01562	0.00939	0.04573	0.01270	0.03027	0.01006	0.01164	0.00769	0.00644	0.00456	0.00212	0.00585	0.00393	0.00420	0.00784
74	0.01910	0.01537	0.01814	0.01829	0.12012	0.01699	0.01282	0.18834	0.37125	0.05179	0.02357	0.02598	0.01851	0.00927	0.00709	0.00227	0.00639	0.05760	0.00641	0.01070
75	0.01657	0.01580	0.02690	0.06938	0.66563	0.01592	0.02057	0.02062	0.01551	0.02209	0.01364	0.01905	0.01175	0.00657	0.00687	0.00208	0.00811	0.02892	0.00347	0.01055
76	0.01477	0.06626	0.37402	0.02170	0.02933	0.01716	0.24321	0.02094	0.01475	0.02112	0.03267	0.01669	0.01089	0.00696	0.00846	0.00225	0.07993	0.00628	0.00322	0.00939
77	0.00968	0.00699	0.00914	0.00861	0.01022	0.00646	0.00646	0.01291	0.01937	0.02743	0.71328	0.05110	0.06455	0.01399	0.00807	0.00215	0.00323	0.01237	0.00753	0.00646
78	0.01663	0.01617	0.02829	0.08362	0.62429	0.01627	0.07198	0.02085	0.01551	0.02202	0.01290	0.01713	0.01070	0.00612	0.00688	0.00207	0.00845	0.00625	0.00337	0.01052
79	0.00941	0.00698	0.00877	0.00832	0.01005	0.00634	0.00624	0.01238	0.01872	0.02590	0.60304	0.05363	0.17574	0.01456	0.00807	0.00218	0.00327	0.01273	0.00733	0.00634
80	0.01419	0.01216	0.01419	0.01013	0.01621	0.00912	0.00811	0.01723	0.01419	0.02229	0.01216	0.01419	0.01013	0.00507	0.00507	0.00101	0.00507	0.00405	0.00405	0.80139
81	0.01349	0.00750	0.00992	0.00972	0.01159	0.00677	0.00712	0.01556	0.01627	0.17173	0.21497	0.37777	0.07754	0.01648	0.00813	0.00245	0.00415	0.01463	0.00712	0.00711
82	0.00962	0.00695	0.00909	0.00865	0.01021	0.00642	0.00645	0.01276	0.01909	0.02700	0.68349	0.08215	0.06370	0.01431	0.00810	0.00218	0.00326	0.01268	0.00748	0.00642
83	0.00987	0.00660	0.00749	0.00756	0.00758	0.00658	0.00426	0.00993	0.01011	0.01347	0.02236	0.08013	0.02589	0.72282	0.03352	0.00644	0.00650	0.01042	0.00426	0.00422
84	0.00964	0.00696	0.00911	0.00864	0.01021	0.00643	0.00645	0.01280	0.01916	0.02710	0.69092	0.07440	0.06391	0.01423	0.00809	0.00217	0.00325	0.01261	0.00749	0.00643
85	0.01679	0.01611	0.02752	0.06607	0.69389	0.01622	0.02093	0.02088	0.01551	0.02218	0.01284	0.01698	0.01078	0.00612	0.00678	0.00204	0.00816	0.00610	0.00337	0.01073
86	0.80789	0.01323	0.01006	0.00900	0.01323	0.01535	0.00741	0.02011	0.01164	0.03070	0.00953	0.01111	0.00741	0.00635	0.00423	0.00212	0.00529	0.00370	0.00423	0.00741
87	0.01292	0.01216	0.02052	0.74312	0.04712	0.01520	0.01900	0.01748	0.01368	0.01748	0.01216	0.01824	0.00912	0.00684	0.00684	0.00228	0.00912	0.00608	0.00304	0.00760
88	0.00892	0.00633	0.00843	0.00989	0.01046	0.00604	0.00698	0.01035	0.01331	0.01766	0.03622	0.58496	0.04269	0.07721	0.01084	0.00314	0.00457	0.13023	0.00617	0.00558
89	0.00843	0.00691	0.00743	0.00736	0.00947	0.00591	0.00550	0.01046	0.01631	0.02034	0.20439	0.08367	0.55656	0.01675	0.00810	0.00229	0.00343	0.01415	0.00660	0.00591
90	0.80789	0.01323	0.01006	0.00900	0.01323	0.01535	0.00741	0.02011	0.01164	0.03070	0.00953	0.01111	0.00741	0.00635	0.00423	0.00212	0.00529	0.00370	0.00423	0.00741
91	0.67405	0.01425	0.01185	0.01015	0.01460	0.01635	0.00837	0.13548	0.01516	0.03282	0.01071	0.01202	0.00813	0.00667	0.00468	0.00211	0.00568	0.00412	0.00468	0.00813
92	0.02171	0.01008	0.01331	0.01087	0.01464	0.00911	0.00870	0.05773	0.02012	0.39881	0.31222	0.03453	0.03650	0.01075	0.00737	0.00213	0.00483	0.00913	0.00800	0.00948
93	0.01723	0.47475	0.27668	0.01446	0.02179	0.02239	0.01640	0.02147	0.01434	0.04916	0.01125	0.01274	0.00910	0.00620	0.00524	0.00174	0.00823	0.00429	0.00316	0.00937
94	0.01406	0.06340	0.65332	0.01978	0.02952	0.01642	0.06698	0.02163	0.01453	0.02146	0.01227	0.01456	0.00878	0.00643	0.00652	0.00215	0.01009	0.00519	0.00293	0.01000
95	0.00949	0.00707	0.00891	0.00886	0.01057	0.00648	0.00684	0.01233	0.01784	0.02423	0.45973	0.08442	0.19376	0.01565	0.00829	0.00235	0.00374	0.10612	0.00707	0.00626
96	0.00977	0.00703	0.00937	0.00960	0.01103	0.00663	0.00742	0.01268	0.01766	0.02446	0.46774	0.16083	0.05628	0.01614	0.00846	0.00246	0.00400	0.15505	0.00709	0.00629
97	0.01649	0.01580	0.02697	0.11919	0.64314	0.01614	0.02078	0.02061	0.01537	0.02181	0.01279	0.01708	0.01065	0.00618	0.00678	0.00206	0.00824	0.00609	0.00335	0.01048
98	0.00845	0.00604	0.00807	0.00966	0.01011	0.00566	0.00656	0.00973	0.01322	0.01760	0.03764	0.72521	0.04499	0.02132	0.00876	0.00279	0.00407	0.04817	0.00635	0.00559
99	0.01405	0.08704	0.67531	0.01895	0.02876	0.01668	0.02431	0.02158	0.01441	0.02127	0.01208	0.01420	0.00867	0.00645	0.00635	0.00212	0.00991	0.00496	0.00289	0.01002
100	0.01389	0.06189	0.69907	0.01922	0.02917	0.01630	0.02478	0.02162	0.01442	0.02146	0.01218	0.01432	0.00867	0.00648	0.00642	0.00214	0.01001	0.00500	0.00289	0.01006
101	0.01390	0.06435	0.69675	0.01919	0.02913	0.01633	0.02474	0.02162	0.01442	0.02144	0.01217	0.01431	0.00867	0.00647	0.00642	0.00214	0.01000	0.00500	0.00289	0.01006
102	0.74741	0.01492	0.06444	0.00980	0.01448	0.01539	0.00877	0.02023	0.01186	0.03001	0.00974	0.01137	0.00750	0.00636	0.00441	0.00212	0.00566	0.00381	0.00413	0.00761
103	0.01667	0.01599	0.02729	0.08803	0.67291	0.01619	0.02087	0.02077	0.01545	0.02203	0.01282	0.01702	0.01072	0.00614	0.00678	0.00205	0.00819	0.00609	0.00336	0.01062
104	0.00834	0.00595	0.00794	0.00953	0.00992	0.00556	0.00635	0.00953	0.01310	0.01746	0.03771	0.75510	0.04525	0.02143	0.00873	0.00278	0.00397	0.01945	0.00635	0.00556
105	0.64376	0.03795	0.11530	0.01083	0.01601	0.01595	0.01032	0.04265	0.01279	0.02937	0.01016	0.01177	0.00777	0.00642	0.00466	0.00210	0.00613	0.00398	0.00409	0.00798
106	0.04060	0.00718	0.00790	0.00788	0.00993	0.00642	0.00596	0.01123	0.01629	0.02138	0.23478	0.10376	0.43997	0.01633	0.00803	0.00233	0.00364	0.04378	0.00658	0.00603
107	0.00834	0.00595	0.00794	0.00953	0.00992	0.00556	0.00635	0.00953	0.01310	0.01746	0.03771	0.75510	0.04525	0.02143	0.00873	0.00278	0.00397	0.01945	0.00635	0.00556
108	0.00907	0.00626	0.00772	0.00858	0.00880	0.00605	0.00535	0.00972	0.01166	0.01555	0.03034	0.43119	0.03596	0.35802	0.02063	0.00454	0.00518	0.01512	0.00535	0.00491
109	0.01622	0.33830	0.33362	0.01677	0.02420	0.04241	0.06583	0.02112	0.01430	0.01896	0.01102	0.01323	0.00885	0.00645	0.00646	0.00191	0.04336	0.00471	0.00297	0.00930
110	0.69663	0.01264	0.01044	0.05530	0.01497	0.01465	0.00794	0.01962	0.01198	0.02946	0.01067	0.01267	0.00829	0.00651	0.00444	0.00209	0.00537	0.00406	0.06492	0.00734
111	0.00831	0.00700	0.00724	0.00736	0.00962	0.00594	0.00564	0.01015	0.01561	0.01863	0.06677	0.06671	0.66243	0.01745	0.00819	0.00237	0.00368	0.06472	0.00635	0.00582
112	0.01394	0.01194	0.01415	0.03210	0.01692	0.00918	0.00837	0.01696	0.01413	0.02198	0.01307	0.04065	0.01135	0.00570	0.00525	0.00111	0.00515	0.00466	0.00410	0.74928
113	0.01665	0.01375	0.02143	0.28981	0.22486	0.01491	0.03620	0.04245	0.09684	0.08796	0.01688	0.02171	0.01326	0.00757	0.00693	0.00219	0.00784	0.03673	0.00442	0.03760

[dist]
# distance from previous block
# <min> <max>
1	4

[block]
# block no. 9 follows, 31 sequences, length 28
# corresponding to MSA columns:
# 511-538
name=unknown_J
#
# <colnr> <probs for GDERKNQSTAVLIFYWHMCP>
#	G	D	E	R	K	N	Q	S	T	A	V	L	I	F	Y	W	H	M	C	P
0	0.20939	0.03978	0.01192	0.01011	0.01319	0.01078	0.00801	0.05868	0.01634	0.14138	0.13659	0.17644	0.08219	0.01253	0.00692	0.00229	0.00491	0.04455	0.00627	0.00772
1	0.30014	0.01297	0.01395	0.03623	0.01680	0.01342	0.00942	0.12711	0.01816	0.23897	0.08329	0.01985	0.01661	0.00794	0.00594	0.00205	0.00572	0.00597	0.00617	0.05930
2	0.32703	0.04529	0.01187	0.00963	0.01325	0.01260	0.00784	0.05144	0.05504	0.12039	0.03845	0.04203	0.04784	0.00866	0.00553	0.00205	0.00500	0.02528	0.16274	0.00804
3	0.01275	0.00638	0.00638	0.00638	0.00797	0.00638	0.00478	0.01594	0.01435	0.02551	0.02232	0.02551	0.01754	0.00797	0.00478	0.00159	0.00319	0.00638	0.79755	0.00638
4	0.05086	0.06829	0.34959	0.11487	0.08188	0.04308	0.10070	0.02079	0.01454	0.02110	0.01244	0.01563	0.00941	0.00663	0.00693	0.00213	0.03172	0.00554	0.03464	0.00923
5	0.75967	0.01285	0.01000	0.00897	0.01305	0.01481	0.00735	0.01968	0.01211	0.03050	0.05204	0.01353	0.01086	0.00681	0.00447	0.00212	0.00517	0.00423	0.00443	0.00735
6	0.01275	0.00638	0.00638	0.00638	0.00797	0.00638	0.00478	0.01594	0.01435	0.02551	0.02232	0.02551	0.01754	0.00797	0.00478	0.00159	0.00319	0.00638	0.79755	0.00638
7	0.40362	0.01272	0.01328	0.01080	0.01559	0.01307	0.00891	0.05501	0.01630	0.36114	0.01816	0.01715	0.01214	0.00744	0.00561	0.00211	0.00564	0.00532	0.00637	0.00961
8	0.77137	0.04794	0.01125	0.00912	0.01343	0.01589	0.00761	0.02013	0.01175	0.03002	0.00953	0.01111	0.00747	0.00633	0.00424	0.00209	0.00539	0.00370	0.00417	0.00747
9	0.00960	0.00712	0.00896	0.00938	0.01095	0.00664	0.00734	0.01208	0.01632	0.02159	0.26530	0.12226	0.20605	0.06188	0.01015	0.00280	0.00445	0.20451	0.00659	0.00603
10	0.01292	0.01216	0.02052	0.74312	0.04712	0.01520	0.01900	0.01748	0.01368	0.01748	0.01216	0.01824	0.00912	0.00684	0.00684	0.00228	0.00912	0.00608	0.00304	0.00760
11	0.00995	0.00663	0.00746	0.00746	0.00746	0.00663	0.00415	0.00995	0.00995	0.01327	0.02156	0.04477	0.02487	0.75957	0.03482	0.00663	0.00663	0.00995	0.00415	0.00415
12	0.00971	0.00704	0.00921	0.00902	0.01060	0.00654	0.00690	0.01278	0.01855	0.02589	0.58457	0.08642	0.08524	0.01499	0.00825	0.00230	0.00361	0.08471	0.00730	0.00637
13	0.01102	0.00787	0.01102	0.01260	0.01417	0.00787	0.01102	0.01417	0.01575	0.02047	0.03622	0.07717	0.03937	0.01890	0.00945	0.00315	0.00630	0.67084	0.00630	0.00630
14	0.01275	0.00638	0.00638	0.00638	0.00797	0.00638	0.00478	0.01594	0.01435	0.02551	0.02232	0.02551	0.01754	0.00797	0.00478	0.00159	0.00319	0.00638	0.79755	0.00638
15	0.01357	0.03972	0.01492	0.01660	0.13266	0.01040	0.01148	0.01783	0.06217	0.06723	0.18335	0.07358	0.03657	0.01389	0.00813	0.00254	0.00579	0.27563	0.00613	0.00782
