[name]
unknown

[dist]
# distance from previous block
# <min> <max>
1	113

[block]
# block no. 0 follows, 31 sequences, length 8
# corresponding to MSA columns:
# 127-134
name=unknown_A
#
# <colnr> <probs for GDERKNQSTAVLIFYWHMCP>
#	G	D	E	R	K	N	Q	S	T	A	V	L	I	F	Y	W	H	M	C	P
0	0.02450	0.07269	0.01739	0.01248	0.01712	0.03056	0.01033	0.06440	0.04899	0.41689	0.05488	0.02205	0.01726	0.01044	0.04158	0.00244	0.04790	0.00656	0.00681	0.07471
1	0.01933	0.01459	0.01685	0.01376	0.01754	0.01571	0.04224	0.39625	0.06217	0.03216	0.02321	0.13403	0.05032	0.11635	0.01119	0.00285	0.00676	0.00923	0.00622	0.00925
2	0.55291	0.01516	0.07030	0.12048	0.02017	0.01566	0.01098	0.04376	0.05187	0.02829	0.01141	0.01345	0.00867	0.00666	0.00505	0.00215	0.00634	0.00448	0.00419	0.00799
3	0.01094	0.00794	0.01004	0.10261	0.01524	0.00752	0.00797	0.01335	0.01598	0.07596	0.15033	0.12697	0.36456	0.01528	0.00797	0.00236	0.00455	0.04758	0.00627	0.00659
4	0.01552	0.00947	0.01039	0.06375	0.01367	0.01013	0.00756	0.15717	0.01800	0.02857	0.02033	0.02307	0.01567	0.00794	0.00537	0.00174	0.00454	0.00631	0.57324	0.00756
5	0.01639	0.05085	0.02837	0.02286	0.08014	0.03945	0.25602	0.06368	0.01479	0.02059	0.01221	0.01699	0.01033	0.01123	0.06086	0.00303	0.27339	0.00669	0.00350	0.00863
6	0.01348	0.00948	0.01121	0.01072	0.01296	0.00962	0.00798	0.09142	0.12841	0.07435	0.14589	0.32654	0.09938	0.01550	0.00794	0.00243	0.00456	0.01359	0.00685	0.00768
7	0.01984	0.01032	0.01308	0.01066	0.01469	0.00917	0.00849	0.02399	0.07415	0.32605	0.21876	0.03317	0.08201	0.01028	0.00706	0.00201	0.00479	0.00866	0.00733	0.11549

[dist]
# distance from previous block
# <min> <max>
0	1

[block]
# block no. 1 follows, 31 sequences, length 6
# corresponding to MSA columns:
# 136-141
name=unknown_B
#
# <colnr> <probs for GDERKNQSTAVLIFYWHMCP>
#	G	D	E	R	K	N	Q	S	T	A	V	L	I	F	Y	W	H	M	C	P
0	0.01578	0.02100	0.14317	0.02743	0.03483	0.01709	0.59179	0.02188	0.01589	0.02188	0.01361	0.01785	0.01012	0.00588	0.00784	0.00229	0.01132	0.00762	0.00337	0.00936
1	0.02843	0.01114	0.01515	0.01179	0.01668	0.00967	0.00967	0.03114	0.01956	0.64676	0.10100	0.02629	0.02207	0.00906	0.00701	0.00212	0.00554	0.00747	0.00837	0.01108
2	0.01246	0.00978	0.01089	0.01013	0.01281	0.00981	0.00794	0.11340	0.10893	0.02519	0.17035	0.08289	0.30290	0.01468	0.00792	0.00235	0.00458	0.07881	0.00672	0.00746
3	0.01703	0.01696	0.02602	0.14401	0.56193	0.07335	0.02008	0.02098	0.01560	0.02118	0.01258	0.01676	0.01042	0.00628	0.00673	0.00205	0.00861	0.00596	0.00335	0.01012
4	0.62922	0.01389	0.01243	0.08185	0.01758	0.01609	0.00927	0.10667	0.01449	0.03100	0.01067	0.01250	0.00812	0.00664	0.00483	0.00212	0.00596	0.00425	0.00445	0.00797
5	0.01794	0.39388	0.26757	0.01535	0.02226	0.14063	0.01658	0.02203	0.01500	0.01810	0.01063	0.01238	0.00875	0.00627	0.00540	0.00175	0.00910	0.00426	0.00301	0.00909

[dist]
# distance from previous block
# <min> <max>
5	14

[block]
# block no. 2 follows, 31 sequences, length 9
# corresponding to MSA columns:
# 156-164
name=unknown_C
#
# <colnr> <probs for GDERKNQSTAVLIFYWHMCP>
#	G	D	E	R	K	N	Q	S	T	A	V	L	I	F	Y	W	H	M	C	P
0	0.01489	0.06561	0.49189	0.02121	0.12043	0.06531	0.02174	0.02123	0.01530	0.02160	0.06647	0.01731	0.01331	0.00703	0.00653	0.00209	0.00933	0.00565	0.00336	0.00971
1	0.01604	0.24787	0.42006	0.01786	0.02617	0.01909	0.08971	0.02183	0.01468	0.04950	0.01224	0.01421	0.00923	0.00632	0.00606	0.00197	0.00925	0.00503	0.00319	0.00969
2	0.00952	0.00699	0.00892	0.00843	0.01012	0.00638	0.00632	0.01259	0.01897	0.02651	0.64655	0.05263	0.13186	0.01433	0.00807	0.00217	0.00325	0.01259	0.00741	0.00638
3	0.01693	0.01626	0.02777	0.04199	0.71689	0.01626	0.02100	0.02100	0.01558	0.02235	0.01287	0.01693	0.01084	0.00610	0.00677	0.00203	0.00813	0.00610	0.00339	0.01084
4	0.01437	0.01406	0.02252	0.16900	0.02580	0.01767	0.12340	0.01721	0.01225	0.01792	0.01177	0.01821	0.01047	0.04477	0.01648	0.00283	0.39865	0.00655	0.04850	0.00757
5	0.00836	0.00694	0.00731	0.00722	0.00941	0.00589	0.00541	0.01034	0.01624	0.02001	0.17897	0.06333	0.60350	0.01676	0.00808	0.00228	0.00342	0.01409	0.00655	0.00589
6	0.00869	0.00630	0.00811	0.00900	0.00983	0.00583	0.00618	0.01034	0.01461	0.01965	0.19382	0.50493	0.10677	0.05044	0.00962	0.00276	0.00387	0.01700	0.00653	0.00572
7	0.01447	0.20290	0.50828	0.01684	0.02530	0.01776	0.02066	0.02071	0.01470	0.02082	0.06600	0.01648	0.01303	0.00693	0.00613	0.00200	0.00893	0.00530	0.00326	0.00952
8	0.01093	0.00795	0.01077	0.01216	0.01367	0.00802	0.01023	0.01470	0.05595	0.02045	0.03598	0.18804	0.03927	0.01876	0.00918	0.00304	0.00586	0.52225	0.00635	0.00644

[dist]
# distance from previous block
# <min> <max>
0	15

[block]
# block no. 3 follows, 31 sequences, length 102
# corresponding to MSA columns:
# 180-281
name=unknown_D
#
# <colnr> <probs for GDERKNQSTAVLIFYWHMCP>
#	G	D	E	R	K	N	Q	S	T	A	V	L	I	F	Y	W	H	M	C	P
0	0.03070	0.01164	0.01588	0.01217	0.01746	0.01006	0.01006	0.03334	0.01958	0.72163	0.02699	0.02329	0.01694	0.00847	0.00688	0.00212	0.00582	0.00688	0.00847	0.01164
1	0.01596	0.01604	0.02355	0.36438	0.33477	0.08959	0.01927	0.02002	0.01509	0.01952	0.01230	0.01706	0.00983	0.00654	0.00674	0.00212	0.00902	0.00591	0.00324	0.00904
2	0.01292	0.01216	0.02052	0.74312	0.04712	0.01520	0.01900	0.01748	0.01368	0.01748	0.01216	0.01824	0.00912	0.00684	0.00684	0.00228	0.00912	0.00608	0.00304	0.00760
3	0.03051	0.01194	0.01606	0.01231	0.01761	0.01050	0.01017	0.05964	0.02008	0.69462	0.02657	0.02301	0.01672	0.00846	0.00688	0.00211	0.00589	0.00685	0.00840	0.01164
4	0.02573	0.01726	0.01909	0.01485	0.02003	0.01863	0.01218	0.53560	0.05418	0.15140	0.01940	0.04728	0.01417	0.00882	0.00693	0.00210	0.00703	0.00686	0.00709	0.01136
5	0.01701	0.01222	0.01394	0.01249	0.01539	0.01298	0.00954	0.29713	0.06647	0.05252	0.02784	0.37523	0.02871	0.01470	0.00777	0.00242	0.00561	0.01273	0.00667	0.00864
6	0.01359	0.01284	0.02173	0.62655	0.15848	0.01538	0.01933	0.01806	0.01400	0.01829	0.01228	0.01802	0.00941	0.00672	0.00683	0.00224	0.00895	0.00608	0.00310	0.00814
7	0.01389	0.01337	0.02105	0.67266	0.04501	0.04467	0.03816	0.03671	0.01450	0.01829	0.01226	0.01796	0.00921	0.00686	0.00685	0.00225	0.00928	0.00607	0.00318	0.00777
8	0.01367	0.06231	0.66832	0.01869	0.02831	0.01591	0.02393	0.02114	0.01447	0.02132	0.01450	0.01641	0.03745	0.00692	0.00648	0.00215	0.00973	0.00538	0.00303	0.00988
9	0.01056	0.00751	0.00951	0.00893	0.01077	0.00706	0.00672	0.01447	0.05570	0.04737	0.59229	0.07473	0.10017	0.01404	0.00800	0.00219	0.00346	0.01234	0.00741	0.00677
10	0.00886	0.00633	0.00825	0.00961	0.01012	0.00601	0.00644	0.02739	0.01347	0.01797	0.03651	0.70763	0.04356	0.05041	0.00972	0.00291	0.00417	0.01873	0.00628	0.00566
11	0.01497	0.01497	0.02095	0.01796	0.01796	0.02095	0.01497	0.01646	0.01048	0.01646	0.00898	0.01497	0.00898	0.01197	0.02245	0.00299	0.74704	0.00599	0.00299	0.00748
12	0.01759	0.01498	0.01579	0.01404	0.01801	0.01728	0.01097	0.07807	0.66189	0.02954	0.02712	0.02495	0.02030	0.00921	0.00695	0.00230	0.00555	0.00763	0.00695	0.01088
13	0.01959	0.59740	0.05304	0.01311	0.01863	0.16622	0.01241	0.02187	0.01500	0.01639	0.00980	0.01135	0.00878	0.00611	0.00480	0.00154	0.00839	0.00385	0.00304	0.00865
14	0.00995	0.00663	0.00746	0.00746	0.00746	0.00663	0.00415	0.00995	0.00995	0.01327	0.02156	0.04477	0.02487	0.75957	0.03482	0.00663	0.00663	0.00995	0.00415	0.00415
15	0.00834	0.00595	0.00794	0.00953	0.00992	0.00556	0.00635	0.00953	0.01310	0.01746	0.03771	0.75510	0.04525	0.02143	0.00873	0.00278	0.00397	0.01945	0.00635	0.00556
16	0.01702	0.01470	0.01547	0.01392	0.01779	0.01702	0.01083	0.03635	0.70453	0.02862	0.02785	0.02553	0.02088	0.00928	0.00696	0.00232	0.00541	0.00773	0.00696	0.01083
17	0.01397	0.01193	0.01396	0.01011	0.01598	0.00899	0.00804	0.01695	0.01415	0.02212	0.01309	0.04107	0.01141	0.00566	0.00520	0.00108	0.00503	0.00461	0.00414	0.77251
18	0.01419	0.01216	0.01419	0.01013	0.01621	0.00912	0.00811	0.01723	0.01419	0.02229	0.01216	0.01419	0.01013	0.00507	0.00507	0.00101	0.00507	0.00405	0.00405	0.80139
19	0.00972	0.00728	0.00905	0.00856	0.01036	0.00676	0.00643	0.01335	0.04521	0.02612	0.58914	0.05235	0.16143	0.01431	0.00803	0.00218	0.00335	0.01251	0.00733	0.00652
20	0.00891	0.00673	0.00944	0.00998	0.01100	0.00623	0.03428	0.01072	0.01461	0.01968	0.17264	0.54604	0.08576	0.01908	0.00854	0.00261	0.00410	0.01729	0.00647	0.00590
21	0.01671	0.01759	0.07647	0.04042	0.66882	0.01623	0.02130	0.02104	0.01550	0.02230	0.01283	0.01676	0.01069	0.00612	0.00675	0.00204	0.00827	0.00602	0.00335	0.01079
22	0.01390	0.06347	0.69758	0.01920	0.02915	0.01632	0.02475	0.02162	0.01442	0.02145	0.01217	0.01431	0.00867	0.00647	0.00642	0.00214	0.01000	0.00500	0.00289	0.01006
23	0.02633	0.01864	0.02021	0.01549	0.02095	0.02044	0.01280	0.64787	0.03129	0.09057	0.01716	0.01691	0.01201	0.00823	0.00685	0.00206	0.00741	0.00621	0.00696	0.01164
24	0.01081	0.00773	0.01073	0.01197	0.01355	0.00765	0.01030	0.01397	0.01632	0.02158	0.14367	0.07303	0.04337	0.01812	0.00923	0.00299	0.00581	0.56634	0.00650	0.00632
25	0.01345	0.01003	0.01479	0.01313	0.01567	0.00972	0.10424	0.10432	0.01697	0.07121	0.05358	0.41138	0.08333	0.01596	0.00821	0.00253	0.00564	0.03229	0.00619	0.00737
26	0.01475	0.00841	0.01081	0.00979	0.01228	0.00779	0.00748	0.01848	0.06059	0.18704	0.38567	0.13645	0.08563	0.01358	0.00781	0.00225	0.00408	0.01186	0.00749	0.00777
27	0.00833	0.00599	0.00790	0.00942	0.00990	0.00557	0.00630	0.00954	0.01320	0.01750	0.03897	0.72766	0.07188	0.02127	0.00871	0.00276	0.00395	0.01925	0.00635	0.00557
28	0.11277	0.02826	0.48536	0.02004	0.07523	0.01550	0.07481	0.02163	0.01454	0.04767	0.01338	0.01680	0.01005	0.00685	0.00647	0.00219	0.00922	0.02610	0.00344	0.00969
29	0.01636	0.01567	0.02674	0.14196	0.62139	0.01610	0.02071	0.02049	0.01531	0.02166	0.01277	0.01712	0.01059	0.00620	0.00678	0.00207	0.00827	0.00609	0.00334	0.01038
30	0.00858	0.00607	0.00792	0.00925	0.00964	0.00572	0.00609	0.00970	0.01294	0.01732	0.05977	0.64522	0.04350	0.10937	0.01183	0.00322	0.00426	0.01806	0.00613	0.00542
31	0.03054	0.01189	0.01603	0.01229	0.01759	0.01043	0.01015	0.05528	0.02000	0.69910	0.02664	0.02306	0.01676	0.00846	0.00688	0.00211	0.00588	0.00686	0.00841	0.01164
32	0.01829	0.76368	0.03585	0.01171	0.01756	0.02707	0.01171	0.02049	0.01390	0.01610	0.00951	0.01097	0.00878	0.00585	0.00439	0.00146	0.00732	0.00366	0.00293	0.00878
33	0.00909	0.00685	0.00842	0.00842	0.01004	0.00618	0.00625	0.01161	0.01729	0.02328	0.41437	0.15966	0.23913	0.01616	0.00822	0.00232	0.00351	0.03609	0.00699	0.00613
34	0.01779	0.01691	0.02585	0.08285	0.57494	0.06605	0.01956	0.02222	0.04034	0.04767	0.01372	0.01723	0.01117	0.00641	0.00675	0.00204	0.00830	0.00606	0.00369	0.01046
35	0.02242	0.01007	0.01306	0.01074	0.01480	0.00887	0.00869	0.02547	0.03853	0.44823	0.12263	0.03730	0.16266	0.01133	0.00737	0.00220	0.00503	0.03319	0.00781	0.00960
36	0.00927	0.00693	0.00854	0.00821	0.00990	0.00627	0.00609	0.01199	0.01799	0.02459	0.51992	0.07831	0.21330	0.03769	0.00891	0.00235	0.00341	0.01302	0.00711	0.00620
37	0.05224	0.01264	0.01615	0.01237	0.01771	0.01150	0.01020	0.11207	0.02049	0.56963	0.02415	0.02145	0.01553	0.00814	0.00667	0.00203	0.00596	0.00650	0.00783	0.06675
38	0.01639	0.01877	0.03716	0.02702	0.03335	0.06666	0.60779	0.02163	0.01621	0.02131	0.01489	0.05754	0.01214	0.00670	0.00798	0.00229	0.01118	0.00843	0.00362	0.00894
39	0.80789	0.01323	0.01006	0.00900	0.01323	0.01535	0.00741	0.02011	0.01164	0.03070	0.00953	0.01111	0.00741	0.00635	0.00423	0.00212	0.00529	0.00370	0.00423	0.00741
40	0.80789	0.01323	0.01006	0.00900	0.01323	0.01535	0.00741	0.02011	0.01164	0.03070	0.00953	0.01111	0.00741	0.00635	0.00423	0.00212	0.00529	0.00370	0.00423	0.00741
41	0.00977	0.00733	0.01100	0.01100	0.01222	0.00855	0.00855	0.01222	0.01100	0.01588	0.01833	0.02688	0.01710	0.05131	0.73245	0.01100	0.01833	0.00733	0.00367	0.00611
42	0.01419	0.01216	0.01419	0.01013	0.01621	0.00912	0.00811	0.01723	0.01419	0.02229	0.01216	0.01419	0.01013	0.00507	0.00507	0.00101	0.00507	0.00405	0.00405	0.80139
43	0.01493	0.02693	0.38272	0.02416	0.03268	0.01659	0.35820	0.02179	0.01529	0.02179	0.01306	0.01645	0.00952	0.00613	0.00729	0.00224	0.01082	0.00656	0.00317	0.00967
44	0.03070	0.01164	0.01588	0.01217	0.01746	0.01006	0.01006	0.03334	0.01958	0.72163	0.02699	0.02329	0.01694	0.00847	0.00688	0.00212	0.00582	0.00688	0.00847	0.01164
45	0.01372	0.03539	0.72412	0.01950	0.02961	0.01589	0.02528	0.02167	0.01444	0.02167	0.01228	0.01444	0.00867	0.00650	0.00650	0.00217	0.01011	0.00506	0.00289	0.01011
46	0.01292	0.01216	0.02052	0.74312	0.04712	0.01520	0.01900	0.01748	0.01368	0.01748	0.01216	0.01824	0.00912	0.00684	0.00684	0.00228	0.00912	0.00608	0.00304	0.00760
47	0.01275	0.00638	0.00638	0.00638	0.00797	0.00638	0.00478	0.01594	0.01435	0.02551	0.02232	0.02551	0.01754	0.00797	0.00478	0.00159	0.00319	0.00638	0.79755	0.00638
48	0.01292	0.01216	0.02052	0.74312	0.04712	0.01520	0.01900	0.01748	0.01368	0.01748	0.01216	0.01824	0.00912	0.00684	0.00684	0.00228	0.00912	0.00608	0.00304	0.00760
49	0.00822	0.00642	0.00746	0.00829	0.00960	0.00566	0.00580	0.00967	0.01429	0.01795	0.05277	0.42653	0.36409	0.01948	0.00842	0.00256	0.00373	0.01706	0.00635	0.00566
50	0.02538	0.01885	0.02018	0.01561	0.02098	0.02092	0.01285	0.64808	0.07919	0.04210	0.01722	0.01706	0.01228	0.00829	0.00685	0.00207	0.00738	0.00627	0.00685	0.01158
51	0.00932	0.00698	0.00864	0.00823	0.01000	0.00630	0.00617	0.01221	0.01851	0.02541	0.56745	0.05444	0.21165	0.01474	0.00807	0.00219	0.00328	0.01284	0.00726	0.00630
52	0.80789	0.01323	0.01006	0.00900	0.01323	0.01535	0.00741	0.02011	0.01164	0.03070	0.00953	0.01111	0.00741	0.00635	0.00423	0.00212	0.00529	0.00370	0.00423	0.00741
53	0.01497	0.01497	0.02095	0.01796	0.01796	0.02095	0.01497	0.01646	0.01048	0.01646	0.00898	0.01497	0.00898	0.01197	0.02245	0.00299	0.74704	0.00599	0.00299	0.00748
54	0.01577	0.01296	0.01480	0.01089	0.01658	0.01092	0.00875	0.12943	0.01739	0.02576	0.03603	0.01776	0.04072	0.00636	0.00557	0.00127	0.00536	0.00507	0.00471	0.61389
55	0.01579	0.36489	0.41273	0.01597	0.02416	0.02095	0.01914	0.02113	0.01420	0.01915	0.01103	0.01287	0.00872	0.00621	0.00555	0.00185	0.00885	0.00442	0.00291	0.00951
56	0.01742	0.01336	0.12286	0.03447	0.01700	0.00977	0.01109	0.02189	0.04645	0.24790	0.33565	0.03447	0.03717	0.01065	0.00736	0.00215	0.00540	0.00910	0.00695	0.00889
57	0.00834	0.00595	0.00794	0.00953	0.00992	0.00556	0.00635	0.00953	0.01310	0.01746	0.03771	0.75510	0.04525	0.02143	0.00873	0.00278	0.00397	0.01945	0.00635	0.00556
58	0.01623	0.01408	0.01573	0.06541	0.03875	0.01620	0.01149	0.03301	0.59217	0.02706	0.02805	0.02775	0.04488	0.00960	0.00706	0.00233	0.00571	0.02766	0.00655	0.01029
59	0.02403	0.02176	0.01905	0.01569	0.02030	0.21250	0.01249	0.40071	0.11815	0.03314	0.01829	0.01833	0.03760	0.00837	0.00672	0.00202	0.00840	0.00620	0.00594	0.01031
60	0.01761	0.60723	0.10729	0.01234	0.01834	0.02386	0.01274	0.02051	0.01453	0.04117	0.05961	0.01457	0.01294	0.00658	0.00496	0.00161	0.00728	0.00453	0.00343	0.00886
61	0.01419	0.01216	0.01419	0.01013	0.01621	0.00912	0.00811	0.01723	0.01419	0.02229	0.01216	0.01419	0.01013	0.00507	0.00507	0.00101	0.00507	0.00405	0.00405	0.80139
62	0.01858	0.73464	0.03520	0.01194	0.01770	0.05507	0.01177	0.02076	0.01412	0.01612	0.00955	0.01103	0.00878	0.00590	0.00446	0.00148	0.00752	0.00369	0.00295	0.00875
63	0.01145	0.00984	0.00951	0.00898	0.01142	0.06853	0.00679	0.01486	0.06527	0.04700	0.23580	0.05291	0.40306	0.01466	0.00780	0.00221	0.00437	0.01228	0.00655	0.00671
64	0.00929	0.00698	0.00860	0.00819	0.00998	0.00629	0.00614	0.01215	0.01843	0.02522	0.55391	0.05475	0.22531	0.01481	0.00807	0.00219	0.00329	0.01288	0.00724	0.00629
65	0.02868	0.01361	0.03401	0.01296	0.01830	0.01235	0.01091	0.16636	0.02200	0.54533	0.04581	0.02254	0.01714	0.00854	0.00690	0.00211	0.00619	0.00686	0.00797	0.01144
66	0.03070	0.01164	0.01588	0.01217	0.01746	0.01006	0.01006	0.03334	0.01958	0.72163	0.02699	0.02329	0.01694	0.00847	0.00688	0.00212	0.00582	0.00688	0.00847	0.01164
67	0.00972	0.00662	0.00854	0.00962	0.01049	0.00619	0.00660	0.02943	0.01406	0.04697	0.03890	0.65650	0.09007	0.02025	0.00856	0.00270	0.00411	0.01822	0.00645	0.00599
68	0.02553	0.02018	0.02042	0.04034	0.02208	0.08714	0.01322	0.60934	0.03036	0.03980	0.01574	0.01611	0.01129	0.00806	0.00678	0.00203	0.00803	0.00599	0.00641	0.01115
69	0.00814	0.00693	0.00701	0.00699	0.00927	0.00580	0.00524	0.00992	0.01572	0.01879	0.09119	0.06534	0.69204	0.01721	0.00809	0.00230	0.00346	0.01437	0.00639	0.00580
70	0.01968	0.01610	0.01763	0.01597	0.05634	0.01822	0.01202	0.23057	0.46816	0.03258	0.02365	0.02237	0.01760	0.00879	0.00692	0.00223	0.00619	0.00718	0.00673	0.01107
71	0.80789	0.01323	0.01006	0.00900	0.01323	0.01535	0.00741	0.02011	0.01164	0.03070	0.00953	0.01111	0.00741	0.00635	0.00423	0.00212	0.00529	0.00370	0.00423	0.00741
72	0.05325	0.03192	0.01906	0.01732	0.02087	0.70672	0.01301	0.02706	0.01911	0.01724	0.01054	0.01229	0.00876	0.00703	0.00610	0.00178	0.01209	0.00438	0.00355	0.00791
73	0.00989	0.00661	0.00748	0.00754	0.00755	0.00659	0.00423	0.00993	0.01007	0.01342	0.02215	0.07098	0.02562	0.73233	0.03386	0.00649	0.00653	0.01030	0.00423	0.00420
74	0.38275	0.01611	0.01706	0.01438	0.04206	0.04233	0.06567	0.21595	0.04641	0.07685	0.01386	0.01483	0.01018	0.00711	0.00573	0.00211	0.00683	0.00524	0.00525	0.00931
75	0.00994	0.00668	0.00771	0.00771	0.00779	0.00677	0.00445	0.01011	0.01002	0.01345	0.02133	0.04352	0.02433	0.71003	0.08361	0.00694	0.00745	0.00977	0.00411	0.00428
76	0.01577	0.05165	0.15780	0.02609	0.03324	0.01760	0.52189	0.02160	0.01554	0.02142	0.01320	0.01732	0.00996	0.00614	0.00822	0.00228	0.04040	0.00729	0.00332	0.00929
77	0.01613	0.01293	0.01497	0.01084	0.01682	0.01052	0.00873	0.09425	0.01642	0.05045	0.01319	0.01478	0.01055	0.00555	0.00533	0.00117	0.00537	0.00440	0.00453	0.68307
78	0.01275	0.00681	0.00708	0.00679	0.00869	0.00664	0.00514	0.01591	0.01422	0.02496	0.02147	0.02476	0.01700	0.00921	0.02896	0.00187	0.00382	0.00625	0.71570	0.06197
79	0.02601	0.01916	0.02053	0.01574	0.02122	0.02122	0.01300	0.69408	0.03217	0.04312	0.01643	0.01643	0.01163	0.00821	0.00684	0.00205	0.00753	0.00616	0.00684	0.01163
80	0.01497	0.01497	0.02095	0.01796	0.01796	0.02095	0.01497	0.01646	0.01048	0.01646	0.00898	0.01497	0.00898	0.01197	0.02245	0.00299	0.74704	0.00599	0.00299	0.00748
81	0.78126	0.01343	0.01041	0.00923	0.01350	0.01555	0.00760	0.04307	0.01234	0.03112	0.00976	0.01129	0.00755	0.00641	0.00432	0.00211	0.00537	0.00379	0.00432	0.00755
82	0.01829	0.76368	0.03585	0.01171	0.01756	0.02707	0.01171	0.02049	0.01390	0.01610	0.00951	0.01097	0.00878	0.00585	0.00439	0.00146	0.00732	0.00366	0.00293	0.00878
83	0.00994	0.00666	0.00758	0.00758	0.00762	0.00670	0.00430	0.01003	0.00998	0.01335	0.02145	0.04416	0.02461	0.73550	0.05853	0.00678	0.00703	0.00986	0.00413	0.00421
84	0.00834	0.00595	0.00794	0.00953	0.00992	0.00556	0.00635	0.00953	0.01310	0.01746	0.03771	0.75510	0.04525	0.02143	0.00873	0.00278	0.00397	0.01945	0.00635	0.00556
85	0.80789	0.01323	0.01006	0.00900	0.01323	0.01535	0.00741	0.02011	0.01164	0.03070	0.00953	0.01111	0.00741	0.00635	0.00423	0.00212	0.00529	0.00370	0.00423	0.00741
86	0.02856	0.01448	0.01756	0.01353	0.01884	0.01434	0.01115	0.27447	0.04560	0.45242	0.02316	0.02085	0.01513	0.00840	0.00687	0.00210	0.00643	0.00664	0.00783	0.01161
87	0.00820	0.00693	0.00709	0.00705	0.00931	0.00582	0.00529	0.01003	0.01586	0.01911	0.11434	0.06481	0.66869	0.01709	0.00808	0.00230	0.00345	0.01429	0.00644	0.00582
88	0.00834	0.00595	0.00794	0.00953	0.00992	0.00556	0.00635	0.00953	0.01310	0.01746	0.03771	0.75510	0.04525	0.02143	0.00873	0.00278	0.00397	0.01945	0.00635	0.00556
89	0.77774	0.01346	0.01046	0.00926	0.01354	0.01557	0.00762	0.04610	0.01243	0.03117	0.00979	0.01132	0.00757	0.00642	0.00433	0.00211	0.00538	0.00380	0.00433	0.00757
90	0.01701	0.01476	0.01596	0.01504	0.04556	0.01699	0.01123	0.03574	0.67716	0.02837	0.02725	0.02518	0.02049	0.00916	0.00695	0.00231	0.00552	0.00767	0.00682	0.01083
91	0.80789	0.01323	0.01006	0.00900	0.01323	0.01535	0.00741	0.02011	0.01164	0.03070	0.00953	0.01111	0.00741	0.00635	0.00423	0.00212	0.00529	0.00370	0.00423	0.00741
92	0.00814	0.00693	0.00701	0.00699	0.00928	0.00580	0.00524	0.00993	0.01573	0.01880	0.09218	0.06532	0.69104	0.01721	0.00809	0.00230	0.00346	0.01437	0.00639	0.00580
93	0.02441	0.01307	0.01586	0.01261	0.01715	0.01297	0.01024	0.21385	0.07165	0.35080	0.15510	0.02684	0.02483	0.00951	0.00710	0.00212	0.00577	0.00779	0.00773	0.01059
94	0.01292	0.01216	0.02052	0.74312	0.04712	0.01520	0.01900	0.01748	0.01368	0.01748	0.01216	0.01824	0.00912	0.00684	0.00684	0.00228	0.00912	0.00608	0.00304	0.00760
95	0.01645	0.15186	0.49475	0.01793	0.02625	0.13847	0.02106	0.02243	0.01519	0.01994	0.01155	0.01353	0.00871	0.00649	0.00611	0.00199	0.01004	0.00472	0.00300	0.00953
96	0.01693	0.01626	0.02777	0.04199	0.71689	0.01626	0.02100	0.02100	0.01558	0.02235	0.01287	0.01693	0.01084	0.00610	0.00677	0.00203	0.00813	0.00610	0.00339	0.01084
97	0.00855	0.00614	0.00805	0.00927	0.00987	0.00571	0.00626	0.00999	0.01388	0.01866	0.12601	0.62267	0.06528	0.04329	0.00944	0.00280	0.00394	0.01810	0.00644	0.00564
98	0.80789	0.01323	0.01006	0.00900	0.01323	0.01535	0.00741	0.02011	0.01164	0.03070	0.00953	0.01111	0.00741	0.00635	0.00423	0.00212	0.00529	0.00370	0.00423	0.00741
99	0.01829	0.76368	0.03585	0.01171	0.01756	0.02707	0.01171	0.02049	0.01390	0.01610	0.00951	0.01097	0.00878	0.00585	0.00439	0.00146	0.00732	0.00366	0.00293	0.00878
100	0.00819	0.00693	0.00707	0.00704	0.00930	0.00582	0.00528	0.01001	0.01583	0.01904	0.10946	0.06492	0.67361	0.01712	0.00808	0.00230	0.00345	0.01431	0.00643	0.00582
101	0.00840	0.00658	0.00764	0.00843	0.00987	0.00583	0.00609	0.01000	0.01455	0.01819	0.05362	0.35827	0.38392	0.01917	0.00845	0.00257	0.00388	0.06246	0.00635	0.00572

[dist]
# distance from previous block
# <min> <max>
0	1

[block]
# block no. 4 follows, 31 sequences, length 114
# corresponding to MSA columns:
# 283-396
name=unknown_E
#
# <colnr> <probs for GDERKNQSTAVLIFYWHMCP>
#	G	D	E	R	K	N	Q	S	T	A	V	L	I	F	Y	W	H	M	C	P
0	0.00840	0.00614	0.00781	0.00906	0.00973	0.00566	0.00610	0.00967	0.01346	0.01767	0.05823	0.61340	0.13566	0.05236	0.00975	0.00286	0.00400	0.01818	0.00629	0.00555
1	0.01604	0.01920	0.07057	0.02842	0.03548	0.01724	0.66259	0.02190	0.01607	0.02190	0.01377	0.01828	0.01030	0.00580	0.00800	0.00230	0.01147	0.00794	0.00343	0.00927
2	0.63725	0.01799	0.16349	0.01125	0.01675	0.01546	0.01125	0.02044	0.01224	0.02876	0.01012	0.01183	0.00768	0.00638	0.00472	0.00213	0.00633	0.00399	0.00394	0.00799
3	0.01390	0.06393	0.69715	0.01919	0.02914	0.01633	0.02475	0.02162	0.01442	0.02145	0.01217	0.01431	0.00867	0.00647	0.00642	0.00214	0.01000	0.00500	0.00289	0.01006
4	0.01669	0.01634	0.02870	0.06424	0.58055	0.01638	0.10706	0.02153	0.03995	0.02234	0.01350	0.01748	0.01107	0.00619	0.00695	0.00209	0.00851	0.00641	0.00351	0.01051
5	0.80789	0.01323	0.01006	0.00900	0.01323	0.01535	0.00741	0.02011	0.01164	0.03070	0.00953	0.01111	0.00741	0.00635	0.00423	0.00212	0.00529	0.00370	0.00423	0.00741
6	0.03070	0.01164	0.01588	0.01217	0.01746	0.01006	0.01006	0.03334	0.01958	0.72163	0.02699	0.02329	0.01694	0.00847	0.00688	0.00212	0.00582	0.00688	0.00847	0.01164
7	0.01580	0.01742	0.03463	0.02562	0.03049	0.01838	0.49175	0.02030	0.01447	0.02030	0.01240	0.01742	0.00997	0.00760	0.01233	0.00251	0.22912	0.00746	0.00332	0.00871
8	0.00908	0.00696	0.00824	0.00793	0.00975	0.00620	0.00590	0.01163	0.01761	0.02354	0.44428	0.05651	0.31103	0.04039	0.00898	0.00236	0.00343	0.01308	0.00697	0.00612
9	0.00837	0.00623	0.00779	0.00890	0.00979	0.00566	0.00611	0.00980	0.01404	0.01831	0.08689	0.56058	0.19246	0.02007	0.00855	0.00264	0.00381	0.01791	0.00643	0.00566
10	0.00910	0.00713	0.00827	0.00810	0.01000	0.00642	0.00603	0.01202	0.03896	0.02274	0.35435	0.11055	0.34979	0.01589	0.00809	0.00228	0.00346	0.01368	0.00690	0.00622
11	0.00968	0.00699	0.00914	0.00861	0.01022	0.00646	0.00646	0.01291	0.01937	0.02743	0.71328	0.05110	0.06455	0.01399	0.00807	0.00215	0.00323	0.01237	0.00753	0.00646
12	0.01426	0.01241	0.01523	0.01088	0.01699	0.00945	0.03531	0.01741	0.01426	0.02228	0.01223	0.01436	0.01014	0.00509	0.00519	0.00106	0.00532	0.00421	0.00403	0.76988
13	0.01409	0.09367	0.66903	0.01888	0.02865	0.01678	0.02419	0.02157	0.01440	0.02122	0.01206	0.01417	0.00868	0.00645	0.00633	0.00211	0.00989	0.00494	0.00289	0.01000
14	0.00834	0.00595	0.00794	0.00953	0.00992	0.00556	0.00635	0.00953	0.01310	0.01746	0.03771	0.75510	0.04525	0.02143	0.00873	0.00278	0.00397	0.01945	0.00635	0.00556
15	0.01430	0.00965	0.01171	0.01015	0.01281	0.00949	0.00791	0.14311	0.02163	0.08317	0.49902	0.04310	0.08110	0.01263	0.00775	0.00214	0.00425	0.01087	0.00742	0.00780
16	0.01770	0.66981	0.12456	0.01271	0.01911	0.02563	0.01346	0.02064	0.01397	0.01681	0.00987	0.01142	0.00877	0.00594	0.00466	0.00155	0.00768	0.00384	0.00292	0.00895
17	0.00992	0.00674	0.00801	0.00801	0.00820	0.00693	0.00483	0.01030	0.01011	0.01367	0.02106	0.04201	0.02367	0.65023	0.14252	0.00731	0.00844	0.00954	0.00407	0.00445
18	0.00856	0.00640	0.00798	0.00895	0.01000	0.00582	0.00631	0.01021	0.01454	0.01899	0.12260	0.47828	0.20612	0.01948	0.00854	0.00261	0.00388	0.04850	0.00648	0.00575
19	0.01140	0.00826	0.01015	0.01023	0.01234	0.00802	0.00818	0.01594	0.09415	0.05358	0.22092	0.09715	0.19510	0.01585	0.00835	0.00254	0.00460	0.20950	0.00681	0.00693
20	0.02479	0.01769	0.01927	0.01516	0.02030	0.01942	0.01248	0.54857	0.10242	0.09018	0.01920	0.02031	0.01411	0.00877	0.00696	0.00213	0.00713	0.03282	0.00695	0.01134
21	0.02647	0.01557	0.01796	0.01408	0.01924	0.01625	0.01153	0.33845	0.12868	0.30426	0.02225	0.02046	0.01509	0.00847	0.00688	0.00212	0.00655	0.00668	0.00749	0.01152
22	0.00838	0.00599	0.00797	0.00950	0.00993	0.00558	0.00635	0.00963	0.01329	0.01776	0.05804	0.73391	0.04583	0.02121	0.00871	0.00276	0.00395	0.01924	0.00639	0.00558
23	0.01754	0.61580	0.07746	0.03810	0.01906	0.05081	0.01257	0.02024	0.01447	0.01724	0.05368	0.01401	0.01226	0.00648	0.00491	0.00159	0.00749	0.00440	0.00324	0.00865
24	0.01693	0.01626	0.02777	0.04199	0.71689	0.01626	0.02100	0.02100	0.01558	0.02235	0.01287	0.01693	0.01084	0.00610	0.00677	0.00203	0.00813	0.00610	0.00339	0.01084
25	0.00968	0.00699	0.00914	0.00861	0.01022	0.00646	0.00646	0.01291	0.01937	0.02743	0.71328	0.05110	0.06455	0.01399	0.00807	0.00215	0.00323	0.01237	0.00753	0.00646
26	0.64915	0.01300	0.01202	0.13613	0.01921	0.01518	0.00949	0.02002	0.01221	0.04722	0.01046	0.01268	0.00796	0.00649	0.00476	0.00215	0.00597	0.00420	0.00414	0.00756
27	0.02515	0.03183	0.01979	0.01879	0.05432	0.69797	0.01359	0.02702	0.01921	0.01701	0.01068	0.01256	0.00891	0.00700	0.00620	0.00178	0.01214	0.00449	0.00352	0.00807
28	0.00968	0.00699	0.00914	0.00861	0.01022	0.00646	0.00646	0.01291	0.01937	0.02743	0.71328	0.05110	0.06455	0.01399	0.00807	0.00215	0.00323	0.01237	0.00753	0.00646
29	0.08071	0.01621	0.01739	0.01335	0.01880	0.01669	0.01089	0.38424	0.07374	0.03463	0.01540	0.01599	0.01152	0.00717	0.00610	0.00175	0.00644	0.00543	0.00578	0.25777
30	0.00968	0.00699	0.00914	0.00861	0.01022	0.00646	0.00646	0.01291	0.01937	0.02743	0.71328	0.05110	0.06455	0.01399	0.00807	0.00215	0.00323	0.01237	0.00753	0.00646
31	0.02263	0.01749	0.01863	0.01506	0.01993	0.01964	0.01219	0.44716	0.28458	0.03767	0.02071	0.01984	0.01511	0.00861	0.00689	0.00215	0.00673	0.00675	0.00689	0.01133
32	0.01242	0.00639	0.00657	0.00662	0.00816	0.00635	0.00493	0.01553	0.01453	0.02525	0.05510	0.05800	0.02091	0.00883	0.00510	0.00167	0.00322	0.00722	0.72687	0.00635
33	0.01824	0.01507	0.01965	0.02114	0.18353	0.01634	0.04338	0.06519	0.41071	0.07654	0.02326	0.02389	0.01777	0.00851	0.00702	0.00224	0.00649	0.02426	0.00605	0.01074
34	0.01563	0.01501	0.02595	0.18887	0.50469	0.01558	0.05538	0.01975	0.01509	0.02106	0.01395	0.05248	0.01209	0.00697	0.00695	0.00213	0.00832	0.00683	0.00346	0.00981
35	0.00829	0.00700	0.00722	0.00733	0.00959	0.00592	0.00561	0.01013	0.01560	0.01862	0.06697	0.06664	0.66646	0.01744	0.00818	0.00237	0.00367	0.06079	0.00635	0.00581
36	0.01475	0.01249	0.01449	0.01040	0.01645	0.00970	0.00834	0.04949	0.01504	0.02329	0.01236	0.01429	0.01020	0.00522	0.00515	0.00106	0.00518	0.00415	0.00419	0.76374
37	0.00834	0.00595	0.00794	0.00953	0.00992	0.00556	0.00635	0.00953	0.01310	0.01746	0.03771	0.75510	0.04525	0.02143	0.00873	0.00278	0.00397	0.01945	0.00635	0.00556
38	0.00882	0.00796	0.04205	0.00939	0.01094	0.00652	0.00707	0.01114	0.03836	0.01836	0.04554	0.48914	0.24143	0.01907	0.00837	0.00259	0.00416	0.01686	0.00621	0.00603
39	0.02955	0.01348	0.01702	0.01305	0.01838	0.01279	0.01078	0.19497	0.02266	0.55565	0.02441	0.02161	0.01564	0.00841	0.00687	0.00210	0.00624	0.00670	0.00807	0.01164
40	0.00832	0.00600	0.00789	0.00941	0.00989	0.00557	0.00630	0.00954	0.01321	0.01751	0.03918	0.72306	0.07634	0.02124	0.00870	0.00276	0.00395	0.01922	0.00635	0.00557
41	0.01490	0.22287	0.54694	0.01749	0.02651	0.01877	0.02178	0.02136	0.01430	0.02023	0.01157	0.01355	0.00870	0.00633	0.00596	0.00199	0.00939	0.00470	0.00290	0.00977
42	0.00977	0.00733	0.01100	0.01100	0.01222	0.00855	0.00855	0.01222	0.01100	0.01588	0.01833	0.02688	0.01710	0.05131	0.73245	0.01100	0.01833	0.00733	0.00367	0.00611
43	0.01383	0.03464	0.69391	0.01991	0.02988	0.01595	0.05473	0.02168	0.01452	0.02168	0.01235	0.01462	0.00874	0.00647	0.00657	0.00217	0.01017	0.00519	0.00291	0.01007
44	0.01426	0.01315	0.03721	0.01122	0.01747	0.00968	0.03799	0.01756	0.01428	0.02226	0.01224	0.01438	0.01010	0.00514	0.00524	0.00110	0.00550	0.00426	0.00399	0.74299
45	0.01419	0.01216	0.01419	0.01013	0.01621	0.00912	0.00811	0.01723	0.01419	0.02229	0.01216	0.01419	0.01013	0.00507	0.00507	0.00101	0.00507	0.00405	0.00405	0.80139
46	0.01429	0.01296	0.02078	0.64984	0.06837	0.01580	0.01851	0.08131	0.01549	0.02007	0.01259	0.01802	0.00942	0.00694	0.00684	0.00225	0.00893	0.00609	0.00341	0.00809
47	0.01702	0.01470	0.01547	0.01392	0.01779	0.01702	0.01083	0.03635	0.70453	0.02862	0.02785	0.02553	0.02088	0.00928	0.00696	0.00232	0.00541	0.00773	0.00696	0.01083
48	0.01782	0.01833	0.02727	0.05912	0.52408	0.10615	0.08141	0.02224	0.03730	0.02165	0.01311	0.01680	0.01080	0.00631	0.00682	0.00204	0.00892	0.00612	0.00351	0.01022
49	0.02372	0.01803	0.01924	0.01528	0.02034	0.02015	0.01245	0.52656	0.20341	0.03942	0.01933	0.01874	0.01399	0.00848	0.00687	0.00212	0.00699	0.00656	0.00687	0.01143
50	0.01054	0.00718	0.00822	0.00821	0.00856	0.00723	0.00495	0.04551	0.01159	0.01547	0.02379	0.15308	0.02733	0.60635	0.02933	0.00580	0.00627	0.01122	0.00463	0.00475
51	0.01706	0.01663	0.02725	0.06616	0.67098	0.03894	0.02068	0.02107	0.01563	0.02200	0.01277	0.01683	0.01071	0.00615	0.00676	0.00203	0.00830	0.00604	0.00338	0.01063
52	0.02037	0.01521	0.01650	0.01407	0.01842	0.01702	0.01116	0.16395	0.49347	0.11264	0.02552	0.02349	0.01862	0.00898	0.00693	0.00224	0.00587	0.00733	0.00712	0.01108
53	0.00922	0.00725	0.00837	0.00804	0.01005	0.00654	0.00604	0.01237	0.04326	0.02337	0.39239	0.05690	0.36074	0.01534	0.00804	0.00223	0.00342	0.01315	0.00697	0.00631
54	0.01372	0.03539	0.72412	0.01950	0.02961	0.01589	0.02528	0.02167	0.01444	0.02167	0.01228	0.01444	0.00867	0.00650	0.00650	0.00217	0.01011	0.00506	0.00289	0.01011
55	0.05749	0.01194	0.01548	0.01217	0.01708	0.01089	0.00994	0.08849	0.01990	0.58511	0.02621	0.07621	0.01821	0.00932	0.00692	0.00216	0.00581	0.00763	0.00801	0.01104
56	0.02601	0.01916	0.02053	0.01574	0.02122	0.02122	0.01300	0.69408	0.03217	0.04312	0.01643	0.01643	0.01163	0.00821	0.00684	0.00205	0.00753	0.00616	0.00684	0.01163
57	0.00948	0.00629	0.00843	0.00977	0.01044	0.00586	0.00671	0.01082	0.01351	0.05032	0.03715	0.69411	0.04370	0.02073	0.00867	0.00276	0.00415	0.04477	0.00645	0.00587
58	0.01292	0.01216	0.02052	0.74312	0.04712	0.01520	0.01900	0.01748	0.01368	0.01748	0.01216	0.01824	0.00912	0.00684	0.00684	0.00228	0.00912	0.00608	0.00304	0.00760
59	0.00895	0.00673	0.00829	0.00840	0.00990	0.00607	0.00611	0.01131	0.01690	0.02276	0.38699	0.22400	0.22531	0.01663	0.00823	0.00234	0.00347	0.01460	0.00695	0.00607
60	0.01829	0.76368	0.03585	0.01171	0.01756	0.02707	0.01171	0.02049	0.01390	0.01610	0.00951	0.01097	0.00878	0.00585	0.00439	0.00146	0.00732	0.00366	0.00293	0.00878
61	0.03049	0.01198	0.01608	0.01233	0.01763	0.01055	0.01019	0.06253	0.02014	0.69165	0.02652	0.02298	0.01670	0.00846	0.00688	0.00211	0.00590	0.00685	0.00840	0.01164
62	0.00881	0.00657	0.00820	0.00861	0.00989	0.00596	0.00615	0.01093	0.01611	0.02162	0.31143	0.32943	0.19599	0.01761	0.00833	0.00243	0.00357	0.01558	0.00682	0.00596
63	0.09544	0.01178	0.01539	0.01191	0.01711	0.01050	0.00983	0.03224	0.01892	0.66406	0.02554	0.02227	0.01614	0.00829	0.00666	0.00212	0.00578	0.00662	0.00811	0.01129
64	0.02601	0.01916	0.02053	0.01574	0.02122	0.02122	0.01300	0.69408	0.03217	0.04312	0.01643	0.01643	0.01163	0.00821	0.00684	0.00205	0.00753	0.00616	0.00684	0.01163
65	0.03070	0.01164	0.01588	0.01217	0.01746	0.01006	0.01006	0.03334	0.01958	0.72163	0.02699	0.02329	0.01694	0.00847	0.00688	0.00212	0.00582	0.00688	0.00847	0.01164
66	0.80789	0.01323	0.01006	0.00900	0.01323	0.01535	0.00741	0.02011	0.01164	0.03070	0.00953	0.01111	0.00741	0.00635	0.00423	0.00212	0.00529	0.00370	0.00423	0.00741
67	0.00994	0.00666	0.00759	0.00759	0.00764	0.00670	0.00431	0.01003	0.00999	0.01336	0.02144	0.04411	0.02458	0.73328	0.06072	0.00679	0.00707	0.00985	0.00413	0.00422
68	0.01693	0.01626	0.02777	0.04199	0.71689	0.01626	0.02100	0.02100	0.01558	0.02235	0.01287	0.01693	0.01084	0.00610	0.00677	0.00203	0.00813	0.00610	0.00339	0.01084
69	0.00851	0.00691	0.00756	0.00762	0.00964	0.00596	0.00572	0.01054	0.01615	0.02017	0.18724	0.10796	0.52473	0.01702	0.00817	0.00234	0.00355	0.03772	0.00657	0.00591
70	0.02601	0.01916	0.02053	0.01574	0.02122	0.02122	0.01300	0.69408	0.03217	0.04312	0.01643	0.01643	0.01163	0.00821	0.00684	0.00205	0.00753	0.00616	0.00684	0.01163
71	0.01292	0.01216	0.02052	0.74312	0.04712	0.01520	0.01900	0.01748	0.01368	0.01748	0.01216	0.01824	0.00912	0.00684	0.00684	0.00228	0.00912	0.00608	0.00304	0.00760
72	0.02458	0.01845	0.01973	0.01545	0.02067	0.02055	0.01266	0.58952	0.13905	0.04081	0.01824	0.01787	0.01310	0.00838	0.00686	0.00210	0.00719	0.00641	0.00686	0.01151
73	0.01693	0.01626	0.02777	0.04199	0.71689	0.01626	0.02100	0.02100	0.01558	0.02235	0.01287	0.01693	0.01084	0.00610	0.00677	0.00203	0.00813	0.00610	0.00339	0.01084
74	0.00896	0.00638	0.00854	0.01005	0.01067	0.00608	0.00720	0.01049	0.01349	0.01788	0.03664	0.58352	0.04308	0.05611	0.01012	0.00304	0.00457	0.15132	0.00624	0.00564
75	0.01570	0.00832	0.01107	0.00963	0.01230	0.00749	0.00749	0.01876	0.01943	0.22624	0.51674	0.04314	0.05092	0.01241	0.00773	0.00214	0.00397	0.01080	0.00780	0.00794
76	0.02121	0.42569	0.05093	0.01383	0.01922	0.15939	0.01254	0.12998	0.04266	0.04920	0.01225	0.01322	0.00999	0.00670	0.00538	0.00169	0.00827	0.00452	0.00403	0.00930
77	0.00937	0.00672	0.00883	0.01017	0.01091	0.00647	0.00721	0.03692	0.01419	0.01886	0.03668	0.63881	0.04318	0.02059	0.00875	0.00280	0.00441	0.10289	0.00636	0.00589
78	0.00809	0.00693	0.00693	0.00693	0.00924	0.00578	0.00520	0.00982	0.01559	0.01848	0.06931	0.06584	0.71411	0.01733	0.00809	0.00231	0.00347	0.01444	0.00635	0.00578
79	0.02484	0.01854	0.02053	0.08077	0.02353	0.02068	0.01354	0.63359	0.03051	0.04082	0.01604	0.01659	0.01141	0.00809	0.00684	0.00207	0.00767	0.00615	0.00650	0.01127
80	0.02360	0.15641	0.02310	0.01850	0.08093	0.46816	0.01361	0.10022	0.01954	0.02007	0.01124	0.01296	0.00930	0.00689	0.00599	0.00177	0.01056	0.00462	0.00378	0.00875
81	0.69178	0.01338	0.01214	0.06356	0.06877	0.01541	0.00926	0.01999	0.01208	0.02913	0.00997	0.01206	0.00779	0.00637	0.00461	0.00212	0.00578	0.00405	0.00409	0.00768
82	0.01811	0.73518	0.06279	0.01201	0.01803	0.02663	0.01224	0.02053	0.01392	0.01631	0.00962	0.01111	0.00878	0.00588	0.00447	0.00149	0.00743	0.00371	0.00293	0.00883
83	0.00968	0.00699	0.00914	0.00861	0.01022	0.00646	0.00646	0.01291	0.01937	0.02743	0.71328	0.05110	0.06455	0.01399	0.00807	0.00215	0.00323	0.01237	0.00753	0.00646
84	0.01292	0.01216	0.02052	0.74312	0.04712	0.01520	0.01900	0.01748	0.01368	0.01748	0.01216	0.01824	0.00912	0.00684	0.00684	0.00228	0.00912	0.00608	0.00304	0.00760
85	0.00938	0.00689	0.00878	0.00850	0.01008	0.00630	0.00630	0.01225	0.01837	0.02552	0.57931	0.11573	0.13703	0.01503	0.00813	0.00223	0.00332	0.01324	0.00729	0.00630
86	0.02556	0.03261	0.01939	0.01763	0.02115	0.73210	0.01322	0.02732	0.01939	0.01674	0.01058	0.01234	0.00881	0.00705	0.00617	0.00176	0.01234	0.00441	0.00353	0.00793
87	0.01188	0.00594	0.00891	0.00891	0.00891	0.00594	0.00594	0.00891	0.00891	0.01188	0.01188	0.02080	0.01188	0.02377	0.02674	0.80095	0.00594	0.00594	0.00297	0.00297
88	0.02016	0.01398	0.01518	0.01287	0.01696	0.03587	0.01021	0.14213	0.30651	0.17290	0.08344	0.02913	0.09007	0.01003	0.00710	0.00220	0.00570	0.00822	0.00713	0.01020
89	0.01715	0.01443	0.01564	0.01301	0.01769	0.01515	0.01026	0.10112	0.43047	0.02832	0.02203	0.02123	0.01675	0.00793	0.00639	0.00191	0.00554	0.00649	0.00610	0.24238
90	0.00945	0.00698	0.00883	0.00837	0.01008	0.00636	0.00627	0.01247	0.01882	0.02615	0.62075	0.05322	0.15789	0.01447	0.00807	0.00217	0.00326	0.01267	0.00736	0.00636
91	0.01806	0.01521	0.01606	0.01413	0.01819	0.01750	0.01108	0.11267	0.62651	0.03030	0.02652	0.02447	0.01981	0.00916	0.00695	0.00229	0.00566	0.00755	0.00695	0.01092
92	0.01728	0.01622	0.02637	0.03844	0.62691	0.01651	0.01977	0.04757	0.07923	0.02370	0.01437	0.01770	0.01179	0.00647	0.00679	0.00206	0.00786	0.00625	0.00384	0.01087
93	0.02454	0.02777	0.02070	0.02038	0.11084	0.49543	0.01418	0.16195	0.02149	0.02282	0.01206	0.01376	0.00965	0.00716	0.00638	0.00186	0.01082	0.00498	0.00418	0.00906
94	0.50270	0.02079	0.01370	0.01236	0.01632	0.29495	0.00968	0.02292	0.01466	0.02525	0.00994	0.01159	0.00796	0.00662	0.00499	0.00198	0.00804	0.00398	0.00396	0.00761
95	0.01891	0.01459	0.01543	0.01367	0.01762	0.03876	0.01067	0.03484	0.56776	0.12289	0.02747	0.04674	0.02069	0.00946	0.00698	0.00229	0.00565	0.00786	0.00704	0.01069
96	0.01569	0.01295	0.01370	0.01239	0.01599	0.01439	0.00962	0.03069	0.53365	0.05366	0.03648	0.03387	0.16566	0.01093	0.00719	0.00231	0.00502	0.00910	0.00689	0.00980
97	0.00849	0.00643	0.00784	0.00859	0.00977	0.00578	0.00602	0.01019	0.01492	0.01946	0.16186	0.42723	0.25081	0.01893	0.00842	0.00253	0.00369	0.01673	0.00655	0.00578
98	0.01630	0.01561	0.02663	0.15192	0.61188	0.01609	0.02068	0.02044	0.01528	0.02159	0.01276	0.01714	0.01057	0.00621	0.00678	0.00207	0.00828	0.00609	0.00333	0.01033
99	0.01949	0.01547	0.01652	0.01421	0.01847	0.01755	0.01124	0.17054	0.53537	0.06380	0.02547	0.02356	0.01881	0.00903	0.00693	0.00226	0.00587	0.00737	0.00701	0.01103
100	0.80789	0.01323	0.01006	0.00900	0.01323	0.01535	0.00741	0.02011	0.01164	0.03070	0.00953	0.01111	0.00741	0.00635	0.00423	0.00212	0.00529	0.00370	0.00423	0.00741
101	0.01829	0.76368	0.03585	0.01171	0.01756	0.02707	0.01171	0.02049	0.01390	0.01610	0.00951	0.01097	0.00878	0.00585	0.00439	0.00146	0.00732	0.00366	0.00293	0.00878
102	0.00937	0.00740	0.00860	0.00888	0.01088	0.00677	0.00701	0.01229	0.04069	0.02080	0.16919	0.09029	0.39642	0.01699	0.00838	0.00250	0.00417	0.16661	0.00656	0.00619
103	0.00919	0.00697	0.00846	0.00809	0.00992	0.00624	0.00607	0.01195	0.01820	0.02466	0.51356	0.05567	0.26600	0.01502	0.00807	0.00220	0.00330	0.01301	0.00717	0.00624
104	0.02601	0.01916	0.02053	0.01574	0.02122	0.02122	0.01300	0.69408	0.03217	0.04312	0.01643	0.01643	0.01163	0.00821	0.00684	0.00205	0.00753	0.00616	0.00684	0.01163
105	0.00963	0.00699	0.00908	0.00856	0.01019	0.00643	0.00642	0.01282	0.01925	0.02717	0.69390	0.05155	0.08410	0.01409	0.00807	0.00216	0.00323	0.01243	0.00750	0.00643
106	0.02484	0.01854	0.02053	0.08077	0.02353	0.02068	0.01354	0.63359	0.03051	0.04082	0.01604	0.01659	0.01141	0.00809	0.00684	0.00207	0.00767	0.00615	0.00650	0.01127
107	0.80789	0.01323	0.01006	0.00900	0.01323	0.01535	0.00741	0.02011	0.01164	0.03070	0.00953	0.01111	0.00741	0.00635	0.00423	0.00212	0.00529	0.00370	0.00423	0.00741
108	0.01547	0.01806	0.13629	0.06153	0.47634	0.01501	0.04372	0.01999	0.01512	0.02186	0.01489	0.06619	0.01302	0.00729	0.00681	0.00210	0.00809	0.00690	0.04135	0.00997
109	0.80789	0.01323	0.01006	0.00900	0.01323	0.01535	0.00741	0.02011	0.01164	0.03070	0.00953	0.01111	0.00741	0.00635	0.00423	0.00212	0.00529	0.00370	0.00423	0.00741
110	0.01292	0.01216	0.02052	0.74312	0.04712	0.01520	0.01900	0.01748	0.01368	0.01748	0.01216	0.01824	0.00912	0.00684	0.00684	0.00228	0.00912	0.00608	0.00304	0.00760
111	0.00833	0.00599	0.00790	0.00944	0.00990	0.00556	0.00631	0.00954	0.01318	0.01750	0.03877	0.73187	0.06779	0.02130	0.00871	0.00276	0.00395	0.01928	0.00635	0.00556
