[name]
unknown

[dist]
# distance from previous block
# <min> <max>
2	66

[block]
# block no. 0 follows, 29 sequences, length 28
# corresponding to MSA columns:
# 67-94
name=unknown_A
#
# <colnr> <probs for GDERKNQSTAVLIFYWHMCP>
#	G	D	E	R	K	N	Q	S	T	A	V	L	I	F	Y	W	H	M	C	P
0	0.03898	0.30480	0.35647	0.01731	0.05250	0.02047	0.01906	0.02295	0.01520	0.07343	0.01281	0.01439	0.00978	0.00665	0.00591	0.00197	0.00886	0.00486	0.00353	0.01008
1	0.01561	0.19668	0.49287	0.01945	0.02864	0.01931	0.08909	0.02230	0.01509	0.02127	0.01229	0.01464	0.00923	0.00654	0.00644	0.00210	0.01002	0.00525	0.00308	0.01012
2	0.01904	0.75404	0.03731	0.01218	0.01828	0.02818	0.01218	0.02132	0.01447	0.01675	0.00990	0.01142	0.00914	0.00609	0.00457	0.00152	0.00761	0.00381	0.00305	0.00914
3	0.01192	0.01082	0.01001	0.00944	0.01186	0.08109	0.00704	0.04143	0.04569	0.02210	0.18894	0.05427	0.39659	0.06546	0.01001	0.00261	0.00499	0.01254	0.00645	0.00674
4	0.01543	0.01435	0.02191	0.53203	0.11630	0.03559	0.01878	0.06985	0.01602	0.02095	0.01294	0.01825	0.00992	0.00724	0.00750	0.00228	0.03090	0.00620	0.00356	0.04000
5	0.00875	0.00631	0.00830	0.00986	0.01042	0.00587	0.00669	0.01008	0.01386	0.01833	0.04104	0.68713	0.08366	0.02199	0.00907	0.00288	0.00417	0.03915	0.00661	0.00582
6	0.01622	0.32933	0.43735	0.01699	0.02570	0.02128	0.02055	0.02205	0.01480	0.02019	0.01160	0.01356	0.00907	0.00649	0.00587	0.00196	0.00934	0.00467	0.00302	0.00996
7	0.02169	0.01393	0.01572	0.01325	0.01770	0.01468	0.01056	0.11731	0.32696	0.22173	0.03295	0.03029	0.11037	0.01040	0.00736	0.00232	0.00577	0.00852	0.00759	0.01092
8	0.01702	0.01437	0.01540	0.01380	0.01757	0.01637	0.01073	0.05883	0.57519	0.03019	0.12093	0.02987	0.02762	0.01029	0.00740	0.00238	0.00541	0.00865	0.00732	0.01068
9	0.01368	0.01290	0.02178	0.69401	0.08584	0.01588	0.01989	0.01840	0.01435	0.01848	0.01270	0.01891	0.00959	0.00708	0.00712	0.00236	0.00943	0.00633	0.00318	0.00810
10	0.03041	0.01315	0.01699	0.01318	0.01860	0.01218	0.01084	0.10112	0.07094	0.59235	0.02703	0.02368	0.01736	0.00885	0.00716	0.00221	0.00621	0.00715	0.00853	0.01206
11	0.01362	0.01283	0.02166	0.70469	0.07567	0.01586	0.01986	0.01834	0.01432	0.01840	0.01269	0.01893	0.00956	0.00709	0.00712	0.00236	0.00945	0.00633	0.00318	0.00805
12	0.01014	0.00676	0.00790	0.00819	0.00826	0.00669	0.00477	0.01024	0.01088	0.01450	0.02495	0.16500	0.02903	0.59970	0.03131	0.03420	0.00640	0.01190	0.00466	0.00452
13	0.11221	0.01803	0.04003	0.05508	0.02150	0.04745	0.01273	0.36411	0.10144	0.07798	0.01912	0.06547	0.01497	0.00918	0.00692	0.00223	0.00735	0.00714	0.00640	0.01065
14	0.02669	0.03134	0.02040	0.01798	0.02203	0.59156	0.01372	0.14952	0.02264	0.02252	0.01214	0.01363	0.00972	0.00756	0.00655	0.00189	0.01191	0.00492	0.00431	0.00897
15	0.01038	0.00714	0.00926	0.00926	0.01076	0.00654	0.00674	0.01299	0.01800	0.05043	0.44112	0.25584	0.10100	0.01684	0.00856	0.00244	0.00370	0.01496	0.00743	0.00660
16	0.00888	0.00643	0.00824	0.00945	0.01012	0.00596	0.00636	0.01027	0.01420	0.01885	0.09638	0.57976	0.10741	0.06886	0.01075	0.00306	0.00420	0.01850	0.00656	0.00579
17	0.01762	0.01692	0.02890	0.04371	0.70533	0.01692	0.02185	0.02185	0.01621	0.02326	0.01339	0.01762	0.01128	0.00634	0.00705	0.00211	0.00846	0.00634	0.00352	0.01128
18	0.01387	0.01309	0.02213	0.66214	0.11620	0.01593	0.01999	0.01857	0.01444	0.01871	0.01273	0.01885	0.00968	0.00704	0.00711	0.00235	0.00939	0.00633	0.00320	0.00825
19	0.01558	0.01558	0.02181	0.01869	0.01869	0.02181	0.01558	0.01714	0.01091	0.01714	0.00935	0.01558	0.00935	0.01246	0.02337	0.00312	0.73672	0.00623	0.00312	0.00779
20	0.34093	0.01431	0.01631	0.11243	0.02186	0.01554	0.03775	0.13090	0.01804	0.18554	0.01723	0.01801	0.02730	0.00774	0.00610	0.00223	0.00678	0.00581	0.00570	0.00949
21	0.01643	0.21714	0.42820	0.01924	0.02802	0.01950	0.10813	0.02268	0.01530	0.04436	0.01277	0.01497	0.00958	0.00656	0.00643	0.00209	0.00982	0.00537	0.00329	0.01010
22	0.00868	0.00620	0.00826	0.00991	0.01033	0.00578	0.00661	0.00991	0.01363	0.01818	0.03925	0.74510	0.04710	0.02231	0.00909	0.00289	0.00413	0.02024	0.00661	0.00578
23	0.02464	0.01432	0.01669	0.01373	0.01855	0.01487	0.01104	0.12494	0.29555	0.31640	0.02849	0.02577	0.04286	0.00945	0.00723	0.00229	0.00605	0.00770	0.00786	0.01156
24	0.01556	0.16104	0.57024	0.01882	0.02832	0.04452	0.02340	0.02255	0.01513	0.02136	0.01221	0.01433	0.00905	0.00667	0.00637	0.00211	0.01010	0.00498	0.00304	0.01020
25	0.01362	0.01283	0.02167	0.70423	0.07610	0.01587	0.01986	0.01834	0.01432	0.01840	0.01269	0.01893	0.00957	0.00709	0.00712	0.00236	0.00945	0.00633	0.00318	0.00805
26	0.00898	0.00640	0.00851	0.01000	0.01053	0.00602	0.00685	0.01039	0.01396	0.01864	0.06566	0.64710	0.04673	0.04906	0.01013	0.00304	0.00436	0.06125	0.00657	0.00582
27	0.02575	0.01854	0.02007	0.01577	0.02116	0.02045	0.01291	0.51919	0.15033	0.09085	0.02003	0.01931	0.01423	0.00877	0.00715	0.00219	0.00731	0.00676	0.00727	0.01196

[dist]
# distance from previous block
# <min> <max>
0	2

[block]
# block no. 1 follows, 29 sequences, length 54
# corresponding to MSA columns:
# 97-150
name=unknown_B
#
# <colnr> <probs for GDERKNQSTAVLIFYWHMCP>
#	G	D	E	R	K	N	Q	S	T	A	V	L	I	F	Y	W	H	M	C	P
0	0.01345	0.01266	0.02136	0.73264	0.04904	0.01582	0.01978	0.01819	0.01424	0.01819	0.01266	0.01898	0.00949	0.00712	0.00712	0.00237	0.00949	0.00633	0.00316	0.00791
1	0.01904	0.75404	0.03731	0.01218	0.01828	0.02818	0.01218	0.02132	0.01447	0.01675	0.00990	0.01142	0.00914	0.00609	0.00457	0.00152	0.00761	0.00381	0.00305	0.00914
2	0.02730	0.01958	0.02114	0.01621	0.02190	0.02154	0.01339	0.65153	0.03287	0.07580	0.01761	0.01743	0.01237	0.00856	0.00713	0.00214	0.00775	0.00645	0.00720	0.01211
3	0.01904	0.75404	0.03731	0.01218	0.01828	0.02818	0.01218	0.02132	0.01447	0.01675	0.00990	0.01142	0.00914	0.00609	0.00457	0.00152	0.00761	0.00381	0.00305	0.00914
4	0.01733	0.01661	0.02836	0.09284	0.65853	0.01684	0.02171	0.02159	0.01607	0.02290	0.01334	0.01772	0.01115	0.00640	0.00705	0.00213	0.00853	0.00634	0.00350	0.01104
5	0.01599	0.01252	0.01428	0.01347	0.01667	0.01358	0.01101	0.14468	0.24137	0.02812	0.03452	0.07358	0.09529	0.01426	0.00832	0.00268	0.00611	0.23760	0.00689	0.00905
6	0.00899	0.00727	0.00801	0.00792	0.01010	0.00629	0.00601	0.01127	0.01729	0.02183	0.24014	0.06488	0.50435	0.01717	0.00847	0.00240	0.00366	0.04078	0.00694	0.00622
7	0.01021	0.00691	0.00810	0.00822	0.00836	0.00698	0.00486	0.01051	0.01069	0.01436	0.02345	0.09827	0.02685	0.63858	0.08909	0.00696	0.00767	0.01089	0.00445	0.00459
8	0.01543	0.20964	0.55008	0.01834	0.02780	0.01934	0.02291	0.02225	0.01490	0.02115	0.01208	0.01416	0.00905	0.00660	0.00624	0.00208	0.00982	0.00491	0.00302	0.01019
9	0.01345	0.01266	0.02136	0.73264	0.04904	0.01582	0.01978	0.01819	0.01424	0.01819	0.01266	0.01898	0.00949	0.00712	0.00712	0.00237	0.00949	0.00633	0.00316	0.00791
10	0.00868	0.00620	0.00826	0.00991	0.01033	0.00578	0.00661	0.00991	0.01363	0.01818	0.03925	0.74510	0.04710	0.02231	0.00909	0.00289	0.00413	0.02024	0.00661	0.00578
11	0.01859	0.02076	0.03742	0.02735	0.03381	0.09558	0.53519	0.07160	0.01820	0.02365	0.01406	0.01823	0.01067	0.00655	0.00860	0.00234	0.03619	0.00777	0.00385	0.00958
12	0.01709	0.01662	0.02717	0.17608	0.55738	0.03846	0.02120	0.02135	0.01595	0.02210	0.01318	0.01774	0.01087	0.00652	0.00704	0.00216	0.00879	0.00629	0.00346	0.01053
13	0.01428	0.03683	0.71286	0.02030	0.03082	0.01654	0.02631	0.02255	0.01503	0.02255	0.01278	0.01503	0.00902	0.00677	0.00677	0.00226	0.01052	0.00526	0.00301	0.01052
14	0.01036	0.00690	0.00777	0.00777	0.00777	0.00690	0.00431	0.01036	0.01036	0.01381	0.02244	0.04660	0.02589	0.74975	0.03624	0.00690	0.00690	0.01036	0.00431	0.00431
15	0.01477	0.11072	0.64326	0.01946	0.02953	0.01774	0.02485	0.02242	0.01498	0.02195	0.01248	0.01466	0.00903	0.00670	0.00654	0.00218	0.01022	0.00511	0.00301	0.01038
16	0.03122	0.01250	0.01667	0.01286	0.01832	0.01114	0.01060	0.05613	0.04750	0.66133	0.02777	0.02409	0.01761	0.00884	0.00716	0.00221	0.00610	0.00717	0.00870	0.01208
17	0.03115	0.01194	0.01627	0.01253	0.01790	0.01033	0.01033	0.03393	0.02037	0.68544	0.05261	0.02529	0.01943	0.00902	0.00721	0.00220	0.00596	0.00737	0.00878	0.01192
18	0.01351	0.01233	0.02032	0.65582	0.04507	0.01538	0.01857	0.01804	0.01417	0.01875	0.01329	0.01940	0.01011	0.00739	0.00754	0.00235	0.03456	0.00635	0.05922	0.00782
19	0.02825	0.01168	0.01629	0.06725	0.01988	0.01064	0.01094	0.03116	0.01927	0.58513	0.04898	0.02508	0.01869	0.01206	0.05814	0.00288	0.00716	0.00732	0.00799	0.01121
20	0.02621	0.01931	0.02076	0.01608	0.02154	0.02132	0.01321	0.65038	0.03256	0.04364	0.01813	0.05093	0.01374	0.00919	0.00721	0.00217	0.00766	0.00705	0.00710	0.01182
21	0.01657	0.01874	0.04054	0.08012	0.03806	0.01785	0.63243	0.02248	0.01662	0.02248	0.01428	0.01919	0.01071	0.00608	0.00831	0.00240	0.01183	0.00826	0.00357	0.00948
22	0.02062	0.01641	0.01749	0.01493	0.01944	0.01861	0.01184	0.20590	0.49823	0.05610	0.02585	0.02402	0.01909	0.00934	0.00721	0.00234	0.00622	0.00759	0.00727	0.01152
23	0.01603	0.02137	0.14893	0.10412	0.03745	0.01753	0.50214	0.02227	0.01624	0.02227	0.01395	0.01850	0.01037	0.00625	0.00800	0.00237	0.01149	0.00767	0.00346	0.00957
24	0.01428	0.03683	0.71286	0.02030	0.03082	0.01654	0.02631	0.02255	0.01503	0.02255	0.01278	0.01503	0.00902	0.00677	0.00677	0.00226	0.01052	0.00526	0.00301	0.01052
25	0.00888	0.00705	0.00798	0.00812	0.01000	0.00615	0.00595	0.01098	0.01678	0.02142	0.22607	0.18173	0.42792	0.01789	0.00853	0.00245	0.00363	0.01539	0.00692	0.00615
26	0.01540	0.01191	0.01145	0.01058	0.01270	0.09206	0.00805	0.09434	0.01670	0.02406	0.02314	0.04886	0.05705	0.07284	0.12079	0.00380	0.03684	0.00768	0.32450	0.00723
27	0.00868	0.00620	0.00826	0.00991	0.01033	0.00578	0.00661	0.00991	0.01363	0.01818	0.03925	0.74510	0.04710	0.02231	0.00909	0.00289	0.00413	0.02024	0.00661	0.00578
28	0.01794	0.57806	0.13794	0.01521	0.05970	0.02512	0.01476	0.02125	0.01455	0.01800	0.01084	0.01288	0.00954	0.00780	0.02914	0.00200	0.00849	0.00430	0.00309	0.00938
29	0.77341	0.01382	0.01066	0.00954	0.01393	0.01603	0.00783	0.02151	0.03529	0.03187	0.01056	0.01208	0.00819	0.00671	0.00450	0.00221	0.00551	0.00400	0.00450	0.00783
30	0.01477	0.11009	0.64386	0.01947	0.02954	0.01773	0.02487	0.02242	0.01498	0.02196	0.01248	0.01466	0.00903	0.00670	0.00654	0.00218	0.01023	0.00511	0.00301	0.01038
31	0.01683	0.04843	0.31978	0.02427	0.03271	0.01720	0.34250	0.02345	0.01623	0.06819	0.01450	0.01757	0.01046	0.00651	0.00752	0.00230	0.01086	0.00687	0.00368	0.01014
32	0.01237	0.00618	0.00928	0.00928	0.00928	0.00618	0.00618	0.00928	0.00928	0.01237	0.01237	0.02165	0.01237	0.02474	0.02783	0.79283	0.00618	0.00618	0.00309	0.00309
33	0.02660	0.03394	0.02018	0.01834	0.02201	0.72116	0.01376	0.02843	0.02018	0.01743	0.01101	0.01284	0.00917	0.00734	0.00642	0.00183	0.01284	0.00459	0.00367	0.00825
34	0.01904	0.75404	0.03731	0.01218	0.01828	0.02818	0.01218	0.02132	0.01447	0.01675	0.00990	0.01142	0.00914	0.00609	0.00457	0.00152	0.00761	0.00381	0.00305	0.00914
35	0.80005	0.01377	0.01047	0.00936	0.01377	0.01597	0.00771	0.02093	0.01212	0.03195	0.00991	0.01157	0.00771	0.00661	0.00441	0.00220	0.00551	0.00386	0.00441	0.00771
36	0.00868	0.00620	0.00826	0.00991	0.01033	0.00578	0.00661	0.00991	0.01363	0.01818	0.03925	0.74510	0.04710	0.02231	0.00909	0.00289	0.00413	0.02024	0.00661	0.00578
37	0.00868	0.00620	0.00826	0.00991	0.01033	0.00578	0.00661	0.00991	0.01363	0.01818	0.03925	0.74510	0.04710	0.02231	0.00909	0.00289	0.00413	0.02024	0.00661	0.00578
38	0.03195	0.01212	0.01652	0.01267	0.01818	0.01047	0.01047	0.03470	0.02038	0.71026	0.02809	0.02424	0.01763	0.00881	0.00716	0.00220	0.00606	0.00716	0.00881	0.01212
39	0.01771	0.01530	0.01610	0.01449	0.01852	0.01771	0.01127	0.03784	0.69247	0.02979	0.02898	0.02657	0.02174	0.00966	0.00725	0.00242	0.00564	0.00805	0.00725	0.01127
40	0.00859	0.00703	0.00757	0.00784	0.00982	0.00602	0.00573	0.01040	0.01604	0.01973	0.11235	0.19131	0.53576	0.01856	0.00854	0.00248	0.00368	0.01583	0.00670	0.00602
41	0.01345	0.01266	0.02136	0.73264	0.04904	0.01582	0.01978	0.01819	0.01424	0.01819	0.01266	0.01898	0.00949	0.00712	0.00712	0.00237	0.00949	0.00633	0.00316	0.00791
42	0.01428	0.03683	0.71286	0.02030	0.03082	0.01654	0.02631	0.02255	0.01503	0.02255	0.01278	0.01503	0.00902	0.00677	0.00677	0.00226	0.01052	0.00526	0.00301	0.01052
43	0.01358	0.01291	0.02215	0.70567	0.04859	0.01590	0.04509	0.01837	0.01434	0.01837	0.01272	0.01899	0.00954	0.00708	0.00717	0.00237	0.00959	0.00641	0.00318	0.00798
44	0.01008	0.00728	0.00952	0.00896	0.01064	0.00672	0.00672	0.01344	0.02016	0.02855	0.70158	0.05319	0.06719	0.01456	0.00840	0.00224	0.00336	0.01288	0.00784	0.00672
45	0.01558	0.01558	0.02181	0.01869	0.01869	0.02181	0.01558	0.01714	0.01091	0.01714	0.00935	0.01558	0.00935	0.01246	0.02337	0.00312	0.73672	0.00623	0.00312	0.00779
46	0.01147	0.00820	0.01147	0.01311	0.01475	0.00820	0.01147	0.01475	0.01639	0.02131	0.03770	0.08032	0.04098	0.01967	0.00984	0.00328	0.00656	0.65741	0.00656	0.00656
47	0.01428	0.03683	0.71286	0.02030	0.03082	0.01654	0.02631	0.02255	0.01503	0.02255	0.01278	0.01503	0.00902	0.00677	0.00677	0.00226	0.01052	0.00526	0.00301	0.01052
48	0.02753	0.01173	0.01554	0.01222	0.01703	0.01054	0.00997	0.07370	0.02121	0.53847	0.15341	0.02918	0.02654	0.00987	0.00739	0.00221	0.00567	0.00818	0.00852	0.01111
49	0.01712	0.46461	0.30993	0.01546	0.02334	0.02348	0.01788	0.02182	0.01470	0.01909	0.01106	0.01288	0.00909	0.00636	0.00546	0.00182	0.00879	0.00439	0.00303	0.00970
50	0.01459	0.01335	0.02167	0.65304	0.07428	0.01631	0.01942	0.06565	0.01569	0.02031	0.01300	0.01879	0.00975	0.00719	0.00712	0.00235	0.00933	0.00633	0.00346	0.00835
51	0.01718	0.01646	0.02810	0.11743	0.63510	0.01680	0.02163	0.02146	0.01600	0.02272	0.01332	0.01777	0.01109	0.00643	0.00706	0.00214	0.00857	0.00634	0.00349	0.01092
52	0.02930	0.04367	0.01826	0.01348	0.01891	0.01263	0.02972	0.05982	0.09114	0.56417	0.02661	0.02352	0.01729	0.00870	0.00710	0.00220	0.00632	0.00712	0.00819	0.01183
53	0.01378	0.09232	0.03767	0.01327	0.01617	0.01241	0.01175	0.04634	0.10822	0.02348	0.07917	0.05888	0.03454	0.01559	0.00860	0.00282	0.00650	0.40439	0.00627	0.00784

[dist]
# distance from previous block
# <min> <max>
7	14

[block]
# block no. 2 follows, 29 sequences, length 69
# corresponding to MSA columns:
# 165-233
name=unknown_C
#
# <colnr> <probs for GDERKNQSTAVLIFYWHMCP>
#	G	D	E	R	K	N	Q	S	T	A	V	L	I	F	Y	W	H	M	C	P
0	0.01667	0.02237	0.22352	0.02131	0.02712	0.04509	0.21910	0.02157	0.01523	0.07427	0.01610	0.08333	0.01376	0.00928	0.01084	0.00251	0.15672	0.00789	0.00401	0.00929
1	0.03967	0.10670	0.62409	0.01915	0.02904	0.01766	0.02433	0.02238	0.01489	0.02228	0.01240	0.01457	0.00899	0.00669	0.00647	0.00218	0.01008	0.00507	0.00305	0.01030
2	0.01656	0.01604	0.02607	0.20117	0.50689	0.03643	0.02051	0.02075	0.01587	0.02177	0.01542	0.01976	0.03746	0.00700	0.00710	0.00218	0.00864	0.00663	0.00356	0.01021
3	0.00986	0.00818	0.00857	0.00823	0.01075	0.00741	0.00624	0.03409	0.06282	0.02199	0.15015	0.06203	0.55097	0.01671	0.00829	0.00237	0.00385	0.01400	0.00683	0.00665
4	0.01839	0.01515	0.01612	0.01440	0.01850	0.01737	0.01123	0.03769	0.66053	0.06212	0.02894	0.02646	0.02154	0.00962	0.00724	0.00241	0.00566	0.00801	0.00732	0.01131
5	0.01017	0.00763	0.01144	0.01144	0.01272	0.00890	0.00890	0.01272	0.01144	0.01653	0.01907	0.02797	0.01780	0.05340	0.72153	0.01144	0.01907	0.00763	0.00381	0.00636
6	0.01574	0.01500	0.02550	0.35422	0.40953	0.01642	0.02092	0.02020	0.01532	0.02098	0.01306	0.01824	0.01047	0.00669	0.00708	0.00223	0.00892	0.00634	0.00336	0.00976
7	0.01121	0.00757	0.00967	0.00898	0.01098	0.00686	0.00679	0.01435	0.01971	0.06891	0.58636	0.05324	0.13912	0.01462	0.00833	0.00226	0.00355	0.01278	0.00775	0.00696
8	0.80005	0.01377	0.01047	0.00936	0.01377	0.01597	0.00771	0.02093	0.01212	0.03195	0.00991	0.01157	0.00771	0.00661	0.00441	0.00220	0.00551	0.00386	0.00441	0.00771
9	0.02507	0.05626	0.02036	0.01731	0.02137	0.50603	0.01331	0.10983	0.12046	0.02259	0.01436	0.01533	0.01138	0.00778	0.00656	0.00195	0.01097	0.00529	0.00460	0.00921
10	0.01762	0.01692	0.02890	0.04371	0.70533	0.01692	0.02185	0.02185	0.01621	0.02326	0.01339	0.01762	0.01128	0.00634	0.00705	0.00211	0.00846	0.00634	0.00352	0.01128
11	0.01024	0.00740	0.00968	0.00947	0.01111	0.00691	0.00729	0.01344	0.01922	0.02681	0.56773	0.05736	0.08164	0.03649	0.00940	0.00253	0.00393	0.10524	0.00752	0.00660
12	0.00844	0.00713	0.00729	0.00742	0.00967	0.00599	0.00550	0.01020	0.01603	0.01915	0.06958	0.12101	0.65161	0.01837	0.00847	0.00244	0.00365	0.01543	0.00661	0.00599
13	0.01303	0.00671	0.00701	0.00701	0.00864	0.00681	0.00529	0.01629	0.01466	0.02576	0.02290	0.02666	0.01822	0.01184	0.06121	0.00243	0.00455	0.00671	0.72764	0.00661
14	0.01327	0.00664	0.00664	0.00664	0.00830	0.00664	0.00498	0.01659	0.01493	0.02655	0.02323	0.02655	0.01825	0.00830	0.00498	0.00166	0.00332	0.00664	0.78928	0.00664
15	0.00868	0.00620	0.00826	0.00991	0.01033	0.00578	0.00661	0.00991	0.01363	0.01818	0.03925	0.74510	0.04710	0.02231	0.00909	0.00289	0.00413	0.02024	0.00661	0.00578
16	0.07634	0.20199	0.50112	0.01756	0.02658	0.01920	0.02158	0.02214	0.01468	0.02193	0.01189	0.01392	0.00895	0.00660	0.00607	0.00208	0.00946	0.00481	0.00312	0.00998
17	0.77548	0.01355	0.01035	0.00928	0.01360	0.01568	0.00763	0.02080	0.01221	0.03178	0.01033	0.01204	0.00804	0.00666	0.00442	0.00219	0.00544	0.00394	0.02892	0.00768
18	0.03071	0.01297	0.01691	0.01309	0.01853	0.01188	0.01077	0.09023	0.06044	0.61392	0.02720	0.02376	0.01739	0.00884	0.00716	0.00221	0.00619	0.00715	0.00858	0.01207
19	0.01345	0.01266	0.02136	0.73264	0.04904	0.01582	0.01978	0.01819	0.01424	0.01819	0.01266	0.01898	0.00949	0.00712	0.00712	0.00237	0.00949	0.00633	0.00316	0.00791
20	0.00842	0.00721	0.00721	0.00721	0.00962	0.00601	0.00541	0.01022	0.01623	0.01924	0.07213	0.06853	0.70244	0.01803	0.00842	0.00240	0.00361	0.01503	0.00661	0.00601
21	0.80005	0.01377	0.01047	0.00936	0.01377	0.01597	0.00771	0.02093	0.01212	0.03195	0.00991	0.01157	0.00771	0.00661	0.00441	0.00220	0.00551	0.00386	0.00441	0.00771
22	0.00857	0.00722	0.00743	0.00738	0.00971	0.00608	0.00553	0.01052	0.01660	0.02011	0.13102	0.06709	0.64302	0.01771	0.00841	0.00239	0.00358	0.01483	0.00673	0.00608
23	0.01551	0.01704	0.03610	0.08195	0.03470	0.01628	0.54239	0.02080	0.01620	0.02186	0.01744	0.11187	0.01534	0.00817	0.00839	0.00246	0.01080	0.00975	0.00395	0.00898
24	0.01018	0.00760	0.01128	0.01128	0.01250	0.00881	0.00870	0.01261	0.01140	0.01641	0.01922	0.02878	0.01815	0.08357	0.69185	0.01125	0.01855	0.00775	0.00384	0.00627
25	0.07987	0.07652	0.61529	0.01892	0.02867	0.01717	0.02394	0.02234	0.01476	0.02300	0.01237	0.01454	0.00892	0.00671	0.00644	0.00221	0.00994	0.00506	0.00313	0.01021
26	0.01882	0.01505	0.01613	0.01435	0.01849	0.01715	0.01121	0.03759	0.64034	0.08257	0.02891	0.02639	0.02142	0.00959	0.00724	0.00240	0.00567	0.00798	0.00737	0.01134
27	0.02443	0.01803	0.01951	0.01528	0.02036	0.01966	0.01240	0.57362	0.03019	0.04060	0.01885	0.07469	0.01533	0.04022	0.00841	0.00235	0.00740	0.00755	0.00684	0.04429
28	0.01079	0.00765	0.00894	0.00882	0.00942	0.00798	0.00559	0.01275	0.06108	0.01564	0.02449	0.04312	0.05289	0.55484	0.14061	0.00710	0.00858	0.00995	0.00455	0.00522
29	0.09091	0.01227	0.01599	0.01234	0.01779	0.01086	0.01018	0.03304	0.01954	0.63319	0.02613	0.02292	0.01661	0.00852	0.00688	0.00216	0.00599	0.00680	0.00831	0.03959
30	0.80005	0.01377	0.01047	0.00936	0.01377	0.01597	0.00771	0.02093	0.01212	0.03195	0.00991	0.01157	0.00771	0.00661	0.00441	0.00220	0.00551	0.00386	0.00441	0.00771
31	0.04209	0.05681	0.61172	0.01896	0.02840	0.01630	0.02384	0.02169	0.01463	0.02223	0.01307	0.01580	0.00966	0.01036	0.06205	0.00294	0.01091	0.00535	0.00312	0.01006
32	0.01719	0.01352	0.01543	0.01194	0.01726	0.01237	0.00952	0.11592	0.12941	0.05573	0.09100	0.02157	0.01901	0.00761	0.00627	0.00161	0.00552	0.00621	0.00571	0.43721
33	0.01269	0.00754	0.00931	0.09324	0.01396	0.00816	0.00749	0.01603	0.01417	0.02361	0.02117	0.02593	0.01713	0.01693	0.14458	0.00365	0.00711	0.00679	0.54377	0.00673
34	0.01543	0.21010	0.54966	0.01834	0.02779	0.01935	0.02290	0.02225	0.01490	0.02115	0.01208	0.01416	0.00905	0.00660	0.00623	0.00208	0.00982	0.00491	0.00302	0.01019
35	0.00923	0.00678	0.00866	0.00944	0.01041	0.00635	0.00651	0.01082	0.01426	0.01912	0.11615	0.45075	0.12015	0.08674	0.06648	0.00373	0.00541	0.01652	0.00627	0.02622
36	0.01019	0.00757	0.01116	0.01116	0.01233	0.00875	0.00855	0.01253	0.01136	0.01632	0.01933	0.02942	0.01843	0.10741	0.66838	0.01109	0.01813	0.00784	0.00385	0.00620
37	0.01558	0.01558	0.02181	0.01869	0.01869	0.02181	0.01558	0.01714	0.01091	0.01714	0.00935	0.01558	0.00935	0.01246	0.02337	0.00312	0.73672	0.00623	0.00312	0.00779
38	0.01278	0.00667	0.00683	0.00687	0.00852	0.00658	0.00512	0.01596	0.01514	0.02601	0.05201	0.05604	0.04959	0.00946	0.00541	0.00176	0.00336	0.00773	0.69758	0.00658
39	0.01008	0.00728	0.00952	0.00896	0.01064	0.00672	0.00672	0.01344	0.02016	0.02855	0.70158	0.05319	0.06719	0.01456	0.00840	0.00224	0.00336	0.01288	0.00784	0.00672
40	0.00868	0.00620	0.00826	0.00991	0.01033	0.00578	0.00661	0.00991	0.01363	0.01818	0.03925	0.74510	0.04710	0.02231	0.00909	0.00289	0.00413	0.02024	0.00661	0.00578
41	0.01477	0.03618	0.68619	0.02014	0.03048	0.01675	0.02582	0.04796	0.01574	0.02341	0.01295	0.01511	0.00914	0.00683	0.00678	0.00225	0.01042	0.00531	0.00317	0.01058
42	0.02707	0.01995	0.02137	0.01638	0.02208	0.02208	0.01353	0.68159	0.03348	0.04488	0.01710	0.01710	0.01211	0.00855	0.00712	0.00214	0.00784	0.00641	0.00712	0.01211
43	0.01762	0.01692	0.02890	0.04371	0.70533	0.01692	0.02185	0.02185	0.01621	0.02326	0.01339	0.01762	0.01128	0.00634	0.00705	0.00211	0.00846	0.00634	0.00352	0.01128
44	0.02707	0.01995	0.02137	0.01638	0.02208	0.02208	0.01353	0.68159	0.03348	0.04488	0.01710	0.01710	0.01211	0.00855	0.00712	0.00214	0.00784	0.00641	0.00712	0.01211
45	0.01036	0.00690	0.00777	0.00777	0.00777	0.00690	0.00431	0.01036	0.01036	0.01381	0.02244	0.04660	0.02589	0.74975	0.03624	0.00690	0.00690	0.01036	0.00431	0.00431
46	0.00868	0.00620	0.00826	0.00991	0.01033	0.00578	0.00661	0.00991	0.01363	0.01818	0.03925	0.74510	0.04710	0.02231	0.00909	0.00289	0.00413	0.02024	0.00661	0.00578
47	0.01458	0.03473	0.63300	0.02145	0.03158	0.01671	0.10406	0.02258	0.01524	0.02258	0.01297	0.01553	0.00923	0.00667	0.00696	0.00227	0.01070	0.00564	0.00308	0.01041
48	0.01762	0.01692	0.02890	0.04371	0.70533	0.01692	0.02185	0.02185	0.01621	0.02326	0.01339	0.01762	0.01128	0.00634	0.00705	0.00211	0.00846	0.00634	0.00352	0.01128
49	0.01147	0.00820	0.01147	0.01311	0.01475	0.00820	0.01147	0.01475	0.01639	0.02131	0.03770	0.08032	0.04098	0.01967	0.00984	0.00328	0.00656	0.65741	0.00656	0.00656
50	0.01761	0.01563	0.01569	0.01411	0.01803	0.05026	0.01095	0.05405	0.58319	0.02874	0.03147	0.02922	0.07909	0.01023	0.00730	0.00238	0.00587	0.00843	0.00702	0.01070
51	0.01008	0.00728	0.00952	0.00896	0.01064	0.00672	0.00672	0.01344	0.02016	0.02855	0.70158	0.05319	0.06719	0.01456	0.00840	0.00224	0.00336	0.01288	0.00784	0.00672
52	0.00898	0.00658	0.00847	0.00991	0.01057	0.00622	0.00670	0.01092	0.03777	0.01865	0.04092	0.67784	0.08677	0.02160	0.00898	0.00284	0.00415	0.01949	0.00663	0.00599
53	0.01438	0.03612	0.68574	0.02069	0.03108	0.01660	0.05272	0.02256	0.01511	0.02256	0.01284	0.01520	0.00909	0.00673	0.00683	0.00226	0.01058	0.00539	0.00303	0.01049
54	0.01558	0.01558	0.02181	0.01869	0.01869	0.02181	0.01558	0.01714	0.01091	0.01714	0.00935	0.01558	0.00935	0.01246	0.02337	0.00312	0.73672	0.00623	0.00312	0.00779
55	0.01771	0.01530	0.01610	0.01449	0.01852	0.01771	0.01127	0.03784	0.69247	0.02979	0.02898	0.02657	0.02174	0.00966	0.00725	0.00242	0.00564	0.00805	0.00725	0.01127
56	0.00907	0.00724	0.00812	0.00790	0.01002	0.00629	0.00592	0.01148	0.01777	0.02289	0.31903	0.06251	0.45326	0.01667	0.00841	0.00234	0.00351	0.01418	0.00709	0.00629
57	0.01477	0.01266	0.01477	0.01055	0.01687	0.00949	0.00844	0.01793	0.01477	0.02320	0.01266	0.01477	0.01055	0.00527	0.00527	0.00105	0.00527	0.00422	0.00422	0.79328
58	0.01035	0.00693	0.00789	0.00789	0.00793	0.00697	0.00446	0.01043	0.01039	0.01390	0.02233	0.04599	0.02562	0.72708	0.05855	0.00705	0.00730	0.01027	0.00430	0.00438
59	0.01036	0.00690	0.00777	0.00777	0.00777	0.00690	0.00431	0.01036	0.01036	0.01381	0.02244	0.04660	0.02589	0.74975	0.03624	0.00690	0.00690	0.01036	0.00431	0.00431
60	0.00866	0.00624	0.00822	0.00980	0.01030	0.00579	0.00656	0.00993	0.01374	0.01822	0.04061	0.71704	0.07428	0.02213	0.00906	0.00287	0.00411	0.02003	0.00661	0.00579
61	0.01477	0.01266	0.01477	0.01055	0.01687	0.00949	0.00844	0.01793	0.01477	0.02320	0.01266	0.01477	0.01055	0.00527	0.00527	0.00105	0.00527	0.00422	0.00422	0.79328
62	0.00852	0.00698	0.00753	0.00790	0.00981	0.00598	0.00573	0.01024	0.01574	0.01926	0.08273	0.22625	0.53078	0.01893	0.00857	0.00251	0.00372	0.01618	0.00665	0.00598
63	0.01459	0.01383	0.02356	0.59331	0.04537	0.01642	0.09580	0.04820	0.04059	0.02032	0.01366	0.01921	0.01021	0.00715	0.00727	0.00237	0.00957	0.00664	0.00354	0.00841
64	0.01581	0.22641	0.47979	0.01995	0.07980	0.01967	0.02220	0.02217	0.01497	0.02106	0.01206	0.01427	0.00923	0.00655	0.00620	0.00205	0.00959	0.00496	0.00306	0.01021
65	0.02293	0.01037	0.01363	0.01154	0.01539	0.00934	0.00908	0.02644	0.05918	0.42401	0.10257	0.17014	0.06861	0.01262	0.00774	0.00237	0.00524	0.01081	0.00806	0.00992
66	0.01428	0.03683	0.71286	0.02030	0.03082	0.01654	0.02631	0.02255	0.01503	0.02255	0.01278	0.01503	0.00902	0.00677	0.00677	0.00226	0.01052	0.00526	0.00301	0.01052
67	0.02660	0.03394	0.02018	0.01834	0.02201	0.72116	0.01376	0.02843	0.02018	0.01743	0.01101	0.01284	0.00917	0.00734	0.00642	0.00183	0.01284	0.00459	0.00367	0.00825
68	0.01774	0.58665	0.16023	0.01352	0.02022	0.02502	0.01452	0.02117	0.01484	0.01838	0.04329	0.01407	0.01187	0.00662	0.00515	0.00169	0.00795	0.00451	0.00327	0.00928

[dist]
# distance from previous block
# <min> <max>
0	1

[block]
# block no. 3 follows, 29 sequences, length 59
# corresponding to MSA columns:
# 235-293
name=unknown_D
#
# <colnr> <probs for GDERKNQSTAVLIFYWHMCP>
#	G	D	E	R	K	N	Q	S	T	A	V	L	I	F	Y	W	H	M	C	P
0	0.00868	0.00620	0.00826	0.00991	0.01033	0.00578	0.00661	0.00991	0.01363	0.01818	0.03925	0.74510	0.04710	0.02231	0.00909	0.00289	0.00413	0.02024	0.00661	0.00578
1	0.02465	0.01776	0.01900	0.01483	0.01978	0.01955	0.01209	0.57165	0.03019	0.04122	0.01807	0.01966	0.01350	0.04560	0.00833	0.00232	0.00727	0.00663	0.09680	0.01109
2	0.02630	0.01934	0.02074	0.01599	0.02142	0.02138	0.01311	0.65064	0.03241	0.04344	0.01734	0.01846	0.01274	0.04273	0.00847	0.00236	0.00779	0.00659	0.00699	0.01175
3	0.02660	0.03394	0.02018	0.01834	0.02201	0.72116	0.01376	0.02843	0.02018	0.01743	0.01101	0.01284	0.00917	0.00734	0.00642	0.00183	0.01284	0.00459	0.00367	0.00825
4	0.03195	0.01212	0.01652	0.01267	0.01818	0.01047	0.01047	0.03470	0.02038	0.71026	0.02809	0.02424	0.01763	0.00881	0.00716	0.00220	0.00606	0.00716	0.00881	0.01212
5	0.01219	0.00978	0.01426	0.01827	0.15270	0.00958	0.01254	0.01542	0.01633	0.02135	0.03862	0.06573	0.14653	0.01672	0.00904	0.00290	0.00644	0.41824	0.00596	0.00741
6	0.01680	0.01608	0.02742	0.17921	0.57625	0.01670	0.02144	0.02113	0.01583	0.02227	0.01325	0.01789	0.01093	0.00650	0.00706	0.00217	0.00866	0.00634	0.00345	0.01062
7	0.01036	0.00690	0.00777	0.00777	0.00777	0.00690	0.00431	0.01036	0.01036	0.01381	0.02244	0.04660	0.02589	0.74975	0.03624	0.00690	0.00690	0.01036	0.00431	0.00431
8	0.00842	0.00721	0.00721	0.00721	0.00962	0.00601	0.00541	0.01022	0.01623	0.01924	0.07213	0.06853	0.70244	0.01803	0.00842	0.00240	0.00361	0.01503	0.00661	0.00601
9	0.01904	0.75404	0.03731	0.01218	0.01828	0.02818	0.01218	0.02132	0.01447	0.01675	0.00990	0.01142	0.00914	0.00609	0.00457	0.00152	0.00761	0.00381	0.00305	0.00914
10	0.01631	0.01709	0.01877	0.04355	0.01894	0.15880	0.01363	0.01830	0.01303	0.01708	0.01234	0.01838	0.01152	0.02189	0.20118	0.00500	0.37700	0.00627	0.00341	0.00751
11	0.00967	0.00726	0.00895	0.00853	0.01039	0.00655	0.00640	0.01265	0.01920	0.02628	0.54761	0.05694	0.22257	0.01541	0.00840	0.00228	0.00342	0.01340	0.00754	0.00655
12	0.76463	0.01369	0.01075	0.00952	0.01397	0.01572	0.00784	0.02157	0.01250	0.06323	0.01075	0.01215	0.00817	0.00671	0.00453	0.00220	0.00553	0.00401	0.00461	0.00791
13	0.01625	0.33368	0.43325	0.01694	0.02563	0.02135	0.02046	0.02204	0.01480	0.02015	0.01159	0.01354	0.00907	0.00649	0.00586	0.00195	0.00932	0.00466	0.00302	0.00995
14	0.00868	0.00620	0.00826	0.00991	0.01033	0.00578	0.00661	0.00991	0.01363	0.01818	0.03925	0.74510	0.04710	0.02231	0.00909	0.00289	0.00413	0.02024	0.00661	0.00578
15	0.00868	0.00620	0.00826	0.00991	0.01033	0.00578	0.00661	0.00991	0.01363	0.01818	0.03925	0.74510	0.04710	0.02231	0.00909	0.00289	0.00413	0.02024	0.00661	0.00578
16	0.01676	0.01908	0.04129	0.02960	0.03655	0.01814	0.65547	0.02260	0.01659	0.02260	0.01422	0.01908	0.01075	0.00624	0.00894	0.00243	0.03820	0.00832	0.00358	0.00954
17	0.03139	0.01301	0.01707	0.01309	0.01862	0.01178	0.01081	0.10805	0.02187	0.63482	0.02685	0.02343	0.01700	0.00878	0.00716	0.00220	0.00626	0.00708	0.00862	0.01212
18	0.01018	0.00759	0.01123	0.01123	0.01242	0.00878	0.00863	0.01258	0.01138	0.01637	0.01927	0.02907	0.01828	0.09436	0.68123	0.01118	0.01836	0.00779	0.00384	0.00624
19	0.01008	0.00728	0.00952	0.00896	0.01064	0.00672	0.00672	0.01344	0.02016	0.02855	0.70158	0.05319	0.06719	0.01456	0.00840	0.00224	0.00336	0.01288	0.00784	0.00672
20	0.01863	0.69303	0.09477	0.01287	0.01934	0.02719	0.01339	0.02143	0.01452	0.01725	0.01014	0.01173	0.00913	0.00615	0.00476	0.00159	0.00786	0.00393	0.00304	0.00926
21	0.01345	0.01266	0.02136	0.73264	0.04904	0.01582	0.01978	0.01819	0.01424	0.01819	0.01266	0.01898	0.00949	0.00712	0.00712	0.00237	0.00949	0.00633	0.00316	0.00791
22	0.01434	0.01356	0.02296	0.58607	0.18867	0.01605	0.02022	0.01897	0.01466	0.01927	0.01281	0.01869	0.00987	0.00695	0.00710	0.00232	0.00927	0.00633	0.00324	0.00863
23	0.01428	0.03683	0.71286	0.02030	0.03082	0.01654	0.02631	0.02255	0.01503	0.02255	0.01278	0.01503	0.00902	0.00677	0.00677	0.00226	0.01052	0.00526	0.00301	0.01052
24	0.01681	0.01921	0.04202	0.03001	0.03721	0.01801	0.67947	0.02281	0.01681	0.02281	0.01441	0.01921	0.01080	0.00600	0.00840	0.00240	0.01200	0.00840	0.00360	0.00960
25	0.01008	0.00728	0.00952	0.00896	0.01064	0.00672	0.00672	0.01344	0.02016	0.02855	0.70158	0.05319	0.06719	0.01456	0.00840	0.00224	0.00336	0.01288	0.00784	0.00672
26	0.01360	0.01296	0.02232	0.70006	0.04849	0.01592	0.05036	0.01841	0.01436	0.01841	0.01274	0.01899	0.00955	0.00707	0.00718	0.00237	0.00961	0.00642	0.00318	0.00799
27	0.00873	0.00624	0.00831	0.00988	0.01034	0.00582	0.00661	0.01006	0.01390	0.01860	0.06628	0.71686	0.04792	0.02199	0.00906	0.00287	0.00410	0.01994	0.00666	0.00582
28	0.01017	0.00760	0.00824	0.00814	0.01064	0.00650	0.00632	0.01221	0.01660	0.06134	0.08329	0.06655	0.58176	0.01754	0.00847	0.00247	0.00403	0.07491	0.00677	0.00645
29	0.01803	0.01785	0.02906	0.04186	0.64229	0.05141	0.05061	0.02222	0.01643	0.02296	0.01332	0.01746	0.01116	0.00638	0.00708	0.00211	0.00883	0.00635	0.00354	0.01106
30	0.01465	0.09231	0.66061	0.01967	0.02985	0.01744	0.02522	0.02246	0.01499	0.02210	0.01256	0.01475	0.00903	0.00671	0.00660	0.00220	0.01030	0.00515	0.00301	0.01042
31	0.00866	0.00624	0.00822	0.00979	0.01030	0.00579	0.00656	0.00993	0.01375	0.01823	0.04073	0.71456	0.07668	0.02212	0.00906	0.00287	0.00411	0.02001	0.00661	0.00579
32	0.01018	0.00759	0.01126	0.01126	0.01247	0.00880	0.00867	0.01260	0.01139	0.01639	0.01924	0.02891	0.01821	0.08824	0.68725	0.01122	0.01846	0.00777	0.00384	0.00626
33	0.80005	0.01377	0.01047	0.00936	0.01377	0.01597	0.00771	0.02093	0.01212	0.03195	0.00991	0.01157	0.00771	0.00661	0.00441	0.00220	0.00551	0.00386	0.00441	0.00771
34	0.02570	0.06641	0.02105	0.01808	0.02167	0.65404	0.01378	0.02754	0.01945	0.01738	0.01087	0.01291	0.00918	0.00754	0.00718	0.00188	0.04881	0.00463	0.00361	0.00827
35	0.01681	0.01921	0.04202	0.03001	0.03721	0.01801	0.67947	0.02281	0.01681	0.02281	0.01441	0.01921	0.01080	0.00600	0.00840	0.00240	0.01200	0.00840	0.00360	0.00960
36	0.00843	0.00717	0.00726	0.00733	0.00965	0.00600	0.00546	0.01021	0.01612	0.01919	0.07068	0.09853	0.67339	0.01822	0.00845	0.00243	0.00363	0.01526	0.00661	0.00600
37	0.37907	0.01603	0.03412	0.18955	0.11601	0.05112	0.01378	0.08082	0.01558	0.02771	0.01181	0.01481	0.00912	0.00691	0.00582	0.00221	0.00755	0.00509	0.00417	0.00873
38	0.01458	0.06864	0.66076	0.02024	0.03046	0.01711	0.04671	0.02250	0.01507	0.02230	0.01270	0.01501	0.00908	0.00671	0.00672	0.00223	0.01044	0.00530	0.00303	0.01043
39	0.00864	0.00635	0.00810	0.00951	0.01022	0.00582	0.00643	0.00996	0.01403	0.01834	0.04422	0.64286	0.14614	0.02166	0.00899	0.00282	0.00405	0.01945	0.00661	0.00582
40	0.01058	0.00816	0.01194	0.01171	0.01280	0.00970	0.00906	0.01287	0.01133	0.01638	0.01860	0.02841	0.01777	0.10042	0.62136	0.01051	0.07058	0.00772	0.00380	0.00632
41	0.01556	0.01508	0.01955	0.01701	0.01743	0.05368	0.01400	0.01737	0.01180	0.01808	0.01144	0.01732	0.01076	0.01425	0.06274	0.00341	0.58295	0.00628	0.08370	0.00761
42	0.02650	0.01966	0.02105	0.01627	0.02187	0.02182	0.01340	0.64279	0.07320	0.04397	0.01781	0.01767	0.01269	0.00861	0.00713	0.00215	0.00770	0.00651	0.00713	0.01206
43	0.00888	0.00634	0.00850	0.01015	0.01065	0.00596	0.00697	0.01027	0.01383	0.01841	0.03913	0.69658	0.04665	0.02212	0.00914	0.00292	0.00431	0.06675	0.00661	0.00584
44	0.01498	0.01285	0.01486	0.01083	0.01699	0.01009	0.00864	0.01938	0.06423	0.02368	0.01385	0.01563	0.01136	0.00559	0.00542	0.00115	0.00530	0.00450	0.00444	0.73620
45	0.01018	0.00758	0.01119	0.01119	0.01238	0.00877	0.00859	0.01256	0.01137	0.01635	0.01930	0.02923	0.01835	0.10056	0.67513	0.01114	0.01825	0.00781	0.00385	0.00622
46	0.01684	0.05022	0.02289	0.01868	0.01951	0.09041	0.03349	0.01858	0.01213	0.01730	0.00967	0.01523	0.00936	0.01150	0.02047	0.00290	0.61367	0.00602	0.00318	0.00794
47	0.01110	0.00793	0.01105	0.01269	0.01416	0.00787	0.01083	0.01411	0.01602	0.02089	0.03791	0.16892	0.04180	0.02002	0.00974	0.00323	0.00623	0.57249	0.00656	0.00645
48	0.00871	0.00723	0.00762	0.00752	0.00980	0.00614	0.00564	0.01079	0.01693	0.02089	0.18365	0.06581	0.58990	0.01742	0.00841	0.00238	0.00356	0.01465	0.00683	0.00614
49	0.01494	0.03311	0.61945	0.01908	0.02856	0.01539	0.02392	0.02236	0.01525	0.06368	0.01563	0.06888	0.01232	0.00802	0.00696	0.00230	0.00979	0.00647	0.00362	0.01027
50	0.01026	0.00686	0.00780	0.00789	0.00792	0.00684	0.00445	0.01033	0.01055	0.01406	0.02342	0.08768	0.02714	0.70697	0.03465	0.00667	0.00674	0.01094	0.00445	0.00440
51	0.01737	0.01039	0.01296	0.01122	0.01430	0.01011	0.00885	0.11933	0.03851	0.17171	0.38163	0.07417	0.04536	0.01292	0.00802	0.00230	0.00483	0.03951	0.00780	0.00872
52	0.00907	0.00671	0.00853	0.00957	0.01064	0.00617	0.00684	0.01088	0.01525	0.02005	0.13407	0.46484	0.17237	0.02023	0.00894	0.00275	0.00415	0.07616	0.00677	0.00602
53	0.01709	0.45868	0.19675	0.01365	0.02009	0.02199	0.01466	0.02074	0.01482	0.03906	0.05374	0.01776	0.01408	0.06113	0.00772	0.00216	0.00797	0.00528	0.00359	0.00906
54	0.01862	0.71941	0.03602	0.01203	0.01792	0.02718	0.01193	0.02096	0.01473	0.01730	0.04197	0.01336	0.01183	0.00648	0.00475	0.00156	0.00742	0.00423	0.00327	0.00903
55	0.01550	0.01026	0.01109	0.00986	0.01194	0.01092	0.00716	0.16967	0.04868	0.02592	0.02162	0.03174	0.01976	0.28120	0.04392	0.00409	0.00638	0.00805	0.25497	0.00726
56	0.07542	0.60562	0.12426	0.01305	0.01960	0.02575	0.01372	0.02146	0.01437	0.01863	0.01028	0.01191	0.00902	0.00622	0.00485	0.00167	0.00784	0.00400	0.00314	0.00922
57	0.01499	0.00829	0.00847	0.00785	0.01001	0.00856	0.00604	0.09922	0.01724	0.02882	0.02247	0.02537	0.01749	0.00833	0.00524	0.00172	0.00388	0.00661	0.69210	0.00732
58	0.01757	0.01696	0.02890	0.04051	0.60485	0.01706	0.06906	0.02313	0.06718	0.02372	0.01464	0.01841	0.01203	0.00657	0.00716	0.00216	0.00851	0.00662	0.00381	0.01116

[dist]
# distance from previous block
# <min> <max>
0	1

[block]
# block no. 4 follows, 29 sequences, length 30
# corresponding to MSA columns:
# 295-324
name=unknown_E
#
# <colnr> <probs for GDERKNQSTAVLIFYWHMCP>
#	G	D	E	R	K	N	Q	S	T	A	V	L	I	F	Y	W	H	M	C	P
0	0.00982	0.00723	0.00897	0.00855	0.01020	0.00662	0.00628	0.01261	0.01860	0.02563	0.53293	0.05519	0.17113	0.08218	0.01094	0.00269	0.00372	0.01301	0.00731	0.00638
1	0.01546	0.01297	0.01417	0.01311	0.01647	0.01451	0.01026	0.03046	0.49043	0.02823	0.13445	0.03788	0.06919	0.01179	0.00772	0.00247	0.00526	0.06807	0.00724	0.00985
2	0.00995	0.00727	0.00934	0.00882	0.01056	0.00666	0.00661	0.01318	0.01984	0.02781	0.65158	0.05441	0.11765	0.01483	0.00840	0.00225	0.00338	0.01305	0.00774	0.00666
3	0.10438	0.01828	0.02032	0.01827	0.09677	0.02012	0.01345	0.48797	0.05673	0.03981	0.01668	0.01734	0.01221	0.00814	0.00676	0.00214	0.00740	0.00622	0.03569	0.01133
4	0.00868	0.00620	0.00826	0.00991	0.01033	0.00578	0.00661	0.00991	0.01363	0.01818	0.03925	0.74510	0.04710	0.02231	0.00909	0.00289	0.00413	0.02024	0.00661	0.00578
5	0.01413	0.01336	0.02260	0.61930	0.15701	0.01600	0.02012	0.01880	0.01456	0.01903	0.01278	0.01876	0.00979	0.00699	0.00711	0.00233	0.00932	0.00633	0.00322	0.00846
6	0.01017	0.00763	0.01144	0.01144	0.01272	0.00890	0.00890	0.01272	0.01144	0.01653	0.01907	0.02797	0.01780	0.05340	0.72153	0.01144	0.01907	0.00763	0.00381	0.00636
7	0.17424	0.01484	0.08277	0.01272	0.01853	0.01206	0.01142	0.03044	0.01814	0.49577	0.02273	0.02068	0.01472	0.00810	0.00655	0.00217	0.00636	0.00627	0.00729	0.03420
8	0.01944	0.64934	0.07430	0.01319	0.01932	0.08892	0.01313	0.02202	0.01501	0.01714	0.01016	0.01175	0.00913	0.00624	0.00486	0.00159	0.00824	0.00396	0.00310	0.00914
9	0.00868	0.00620	0.00826	0.00991	0.01033	0.00578	0.00661	0.00991	0.01363	0.01818	0.03925	0.74510	0.04710	0.02231	0.00909	0.00289	0.00413	0.02024	0.00661	0.00578
10	0.00928	0.00708	0.00856	0.00885	0.01050	0.00636	0.00657	0.01161	0.01705	0.02244	0.28463	0.21516	0.28500	0.01788	0.00866	0.00252	0.00384	0.06073	0.00704	0.00625
11	0.02266	0.01608	0.01734	0.01391	0.01835	0.01761	0.01128	0.48778	0.02790	0.03869	0.01979	0.06660	0.01576	0.01079	0.02901	0.00238	0.00706	0.00739	0.15916	0.01046
12	0.01184	0.01400	0.14261	0.01175	0.01550	0.01011	0.01096	0.01844	0.11667	0.02685	0.42320	0.04338	0.10106	0.01266	0.00792	0.00228	0.00506	0.01092	0.00674	0.00804
13	0.00868	0.00620	0.00826	0.00991	0.01033	0.00578	0.00661	0.00991	0.01363	0.01818	0.03925	0.74510	0.04710	0.02231	0.00909	0.00289	0.00413	0.02024	0.00661	0.00578
14	0.01477	0.01266	0.01477	0.01055	0.01687	0.00949	0.00844	0.01793	0.01477	0.02320	0.01266	0.01477	0.01055	0.00527	0.00527	0.00105	0.00527	0.00422	0.00422	0.79328
15	0.01922	0.01605	0.01695	0.01480	0.01909	0.01842	0.01164	0.14160	0.58625	0.03222	0.02707	0.02504	0.02018	0.00948	0.00723	0.00237	0.00599	0.00779	0.00723	0.01141
16	0.12517	0.01516	0.02128	0.37764	0.18376	0.05495	0.01770	0.02052	0.03658	0.02150	0.01269	0.01737	0.01001	0.00728	0.00762	0.00231	0.05022	0.00594	0.00357	0.00874
17	0.01078	0.00752	0.00923	0.00865	0.01075	0.00672	0.00654	0.01365	0.01903	0.06283	0.48181	0.05608	0.24941	0.01526	0.00834	0.00229	0.00358	0.01319	0.00753	0.00681
18	0.01987	0.01629	0.02189	0.33516	0.09731	0.01869	0.01699	0.30610	0.04515	0.03059	0.01518	0.01829	0.01119	0.00775	0.00712	0.00225	0.00855	0.00642	0.00504	0.01015
19	0.00993	0.00727	0.00931	0.00880	0.01054	0.00665	0.00660	0.01314	0.01980	0.02770	0.64418	0.05459	0.12511	0.01487	0.00840	0.00225	0.00338	0.01307	0.00773	0.00665
20	0.00920	0.00653	0.00855	0.00972	0.01033	0.00616	0.00664	0.01071	0.01433	0.01931	0.12891	0.53893	0.04726	0.09954	0.01196	0.00325	0.00445	0.05191	0.00653	0.00580
21	0.05710	0.01156	0.01541	0.01208	0.01706	0.01019	0.00989	0.03149	0.02005	0.59878	0.11319	0.02746	0.02358	0.00946	0.00722	0.00221	0.00570	0.00777	0.00853	0.01127
22	0.01228	0.00621	0.00921	0.00921	0.00921	0.00621	0.00611	0.00932	0.00932	0.01243	0.01279	0.02270	0.01294	0.05529	0.02818	0.75971	0.00621	0.00636	0.00314	0.00314
23	0.01477	0.01266	0.01477	0.01055	0.01687	0.00949	0.00844	0.01793	0.01477	0.02320	0.01266	0.01477	0.01055	0.00527	0.00527	0.00105	0.00527	0.00422	0.00422	0.79328
24	0.01207	0.00909	0.01189	0.04286	0.01567	0.00932	0.01060	0.04047	0.07095	0.02319	0.11196	0.10234	0.09463	0.01737	0.00910	0.00292	0.00593	0.39587	0.00664	0.00713
25	0.01786	0.01809	0.02321	0.02163	0.11232	0.11181	0.08899	0.06635	0.01543	0.02095	0.01237	0.01789	0.01110	0.05611	0.01522	0.00271	0.29492	0.00635	0.00376	0.08293
26	0.01776	0.01892	0.03040	0.02606	0.12679	0.09192	0.31158	0.05643	0.01704	0.02258	0.01643	0.02012	0.04828	0.00776	0.00962	0.00229	0.10273	0.00740	0.00393	0.06197
