[name]
unknown

[dist]
# distance from previous block
# <min> <max>
12	28

[block]
# block no. 0 follows, 26 sequences, length 123
# corresponding to MSA columns:
# 29-151
name=unknown_A
#
# <colnr> <probs for GDERKNQSTAVLIFYWHMCP>
#	G	D	E	R	K	N	Q	S	T	A	V	L	I	F	Y	W	H	M	C	P
0	0.01855	0.01544	0.02386	0.35278	0.18600	0.03547	0.04059	0.06620	0.01843	0.09073	0.06365	0.02276	0.01605	0.00822	0.00770	0.00241	0.00910	0.00736	0.00474	0.00997
1	0.04096	0.01121	0.01238	0.01130	0.01399	0.05662	0.00865	0.02033	0.06033	0.12656	0.37834	0.06720	0.07101	0.04786	0.00988	0.00267	0.00529	0.03941	0.00772	0.00828
2	0.02704	0.03272	0.02095	0.01888	0.02293	0.57740	0.01428	0.05975	0.11284	0.02170	0.01468	0.01592	0.01177	0.00822	0.00700	0.00205	0.01237	0.00549	0.00460	0.00942
3	0.09303	0.01537	0.01625	0.01311	0.01822	0.04477	0.01045	0.12303	0.12769	0.09878	0.11524	0.02471	0.02260	0.00897	0.00692	0.00200	0.00627	0.00716	0.00655	0.23889
4	0.01794	0.02035	0.04414	0.03262	0.06842	0.01913	0.63029	0.02425	0.01787	0.02432	0.01530	0.02039	0.01153	0.00641	0.00889	0.00254	0.01262	0.00885	0.00383	0.01031
5	0.01790	0.02046	0.04476	0.03197	0.03964	0.01918	0.65857	0.02430	0.01790	0.02430	0.01535	0.02046	0.01151	0.00639	0.00895	0.00256	0.01279	0.00895	0.00384	0.01023
6	0.01449	0.06131	0.01363	0.01089	0.01353	0.01000	0.00863	0.04737	0.02109	0.09146	0.46368	0.08585	0.05636	0.01479	0.00861	0.00243	0.00468	0.05523	0.00788	0.00809
7	0.01321	0.00934	0.01103	0.01008	0.01275	0.00885	0.00772	0.04355	0.07472	0.07300	0.38127	0.05539	0.23902	0.01547	0.00871	0.00244	0.00425	0.01326	0.00796	0.00796
8	0.01102	0.00741	0.00855	0.00855	0.00865	0.00751	0.00495	0.01121	0.01111	0.01492	0.02364	0.04821	0.02696	0.68485	0.08634	0.00770	0.00828	0.01082	0.00456	0.00475
9	0.01547	0.03771	0.64650	0.02341	0.07974	0.01764	0.02768	0.02397	0.01610	0.02408	0.01366	0.01621	0.00978	0.00717	0.00723	0.00239	0.01105	0.00569	0.00324	0.01127
10	0.00924	0.00660	0.00880	0.01056	0.01100	0.00616	0.00704	0.01056	0.01452	0.01936	0.04181	0.72848	0.05017	0.02376	0.00968	0.00308	0.00440	0.02156	0.00704	0.00616
11	0.01856	0.01781	0.03041	0.07801	0.65629	0.01797	0.02317	0.02310	0.01717	0.02453	0.01423	0.01884	0.01193	0.00680	0.00751	0.00227	0.00906	0.00676	0.00374	0.01185
12	0.01881	0.01933	0.03257	0.02845	0.13081	0.04372	0.26396	0.07335	0.01717	0.02397	0.01341	0.01845	0.01110	0.00911	0.01409	0.00273	0.25754	0.00750	0.00395	0.01000
13	0.01706	0.01631	0.02753	0.28818	0.42628	0.01783	0.02218	0.02164	0.01626	0.02253	0.01379	0.01920	0.01123	0.00735	0.00831	0.00240	0.04104	0.00675	0.00360	0.01055
14	0.01241	0.00812	0.01067	0.00983	0.01191	0.00744	0.00744	0.01594	0.02149	0.07788	0.63528	0.05444	0.06778	0.01507	0.00885	0.00238	0.00378	0.01328	0.00842	0.00757
15	0.01178	0.00965	0.01071	0.01007	0.01206	0.05360	0.00755	0.01512	0.02116	0.02888	0.59199	0.05501	0.11324	0.01527	0.00881	0.00237	0.00427	0.01330	0.00796	0.00721
16	0.01162	0.00952	0.01023	0.01093	0.01239	0.04250	0.00766	0.01562	0.09850	0.02112	0.04309	0.44037	0.14470	0.05714	0.01055	0.00306	0.00510	0.01717	0.03174	0.00702
17	0.03403	0.01291	0.01760	0.01350	0.01936	0.01115	0.01115	0.03697	0.02171	0.69137	0.02992	0.02582	0.01878	0.00939	0.00763	0.00235	0.00645	0.00763	0.00939	0.01291
18	0.00922	0.00668	0.00872	0.01035	0.01095	0.00618	0.00695	0.01058	0.01472	0.01944	0.04432	0.68141	0.09561	0.02344	0.00963	0.00304	0.00436	0.02116	0.00704	0.00618
19	0.02838	0.03479	0.02161	0.01935	0.02346	0.64077	0.01463	0.08802	0.02279	0.02124	0.01232	0.01409	0.01006	0.00793	0.00691	0.00198	0.01319	0.00506	0.00425	0.00917
20	0.01877	0.01802	0.03079	0.04656	0.68612	0.01802	0.02328	0.02328	0.01727	0.02478	0.01427	0.01877	0.01201	0.00676	0.00751	0.00225	0.00901	0.00676	0.00375	0.01201
21	0.00931	0.00674	0.00880	0.01030	0.01097	0.00623	0.00696	0.01080	0.01511	0.02006	0.08030	0.64366	0.09681	0.02297	0.00959	0.00300	0.00431	0.02072	0.00711	0.00623
22	0.03366	0.01351	0.01797	0.01378	0.01966	0.01204	0.01138	0.08176	0.02271	0.64516	0.02908	0.02527	0.01835	0.00937	0.00762	0.00234	0.00659	0.00757	0.00926	0.01291
23	0.02028	0.73799	0.03975	0.01298	0.01947	0.03001	0.01298	0.02271	0.01541	0.01785	0.01055	0.01217	0.00973	0.00649	0.00487	0.00162	0.00811	0.00406	0.00324	0.00973
24	0.01432	0.01348	0.02275	0.71520	0.05224	0.01685	0.02107	0.01938	0.01517	0.01938	0.01348	0.02022	0.01011	0.00758	0.00758	0.00253	0.01011	0.00674	0.00337	0.00843
25	0.02028	0.73799	0.03975	0.01298	0.01947	0.03001	0.01298	0.02271	0.01541	0.01785	0.01055	0.01217	0.00973	0.00649	0.00487	0.00162	0.00811	0.00406	0.00324	0.00973
26	0.01887	0.01629	0.01715	0.01544	0.01972	0.01887	0.01201	0.04031	0.67241	0.03173	0.03087	0.02830	0.02315	0.01029	0.00772	0.00257	0.00600	0.00858	0.00772	0.01201
27	0.01202	0.00896	0.01255	0.01214	0.01330	0.01068	0.00943	0.01453	0.01257	0.01899	0.01992	0.02933	0.01852	0.09125	0.47606	0.00930	0.10267	0.00799	0.11294	0.00685
28	0.01753	0.01969	0.04202	0.09490	0.04017	0.01910	0.57876	0.02365	0.01745	0.02365	0.01500	0.02031	0.01133	0.00673	0.00934	0.00258	0.03536	0.00867	0.00378	0.01000
29	0.00984	0.00839	0.01020	0.11746	0.01686	0.00798	0.00834	0.01214	0.01649	0.02013	0.06107	0.17677	0.47102	0.01819	0.00887	0.00264	0.00491	0.01553	0.00648	0.00667
30	0.78701	0.01467	0.01115	0.00997	0.01467	0.01702	0.00821	0.02230	0.01291	0.03403	0.01056	0.01232	0.00821	0.00704	0.00469	0.00235	0.00587	0.00411	0.00469	0.00821
31	0.01179	0.00798	0.01024	0.00954	0.01150	0.00731	0.00713	0.01503	0.02065	0.06173	0.57375	0.05588	0.10866	0.05298	0.01043	0.00266	0.00394	0.01343	0.00812	0.00726
32	0.04423	0.39748	0.28677	0.01751	0.02581	0.02410	0.06487	0.02331	0.01573	0.02120	0.01205	0.01422	0.00976	0.00677	0.00604	0.00201	0.00954	0.00500	0.00332	0.01028
33	0.01560	0.09257	0.64418	0.02096	0.03181	0.01856	0.02688	0.02392	0.01597	0.02355	0.01338	0.01572	0.00962	0.00715	0.00703	0.00234	0.01097	0.00549	0.00321	0.01110
34	0.00924	0.00660	0.00880	0.01056	0.01100	0.00616	0.00704	0.01056	0.01452	0.01936	0.04181	0.72848	0.05017	0.02376	0.00968	0.00308	0.00440	0.02156	0.00704	0.00616
35	0.01542	0.06794	0.66725	0.02126	0.03228	0.01812	0.02741	0.02397	0.01599	0.02377	0.01349	0.01586	0.00961	0.00718	0.00711	0.00237	0.01108	0.00554	0.00320	0.01115
36	0.01912	0.01868	0.03045	0.04558	0.66207	0.04288	0.02297	0.02353	0.01742	0.02455	0.01418	0.01859	0.01193	0.00680	0.00748	0.00224	0.00918	0.00669	0.00376	0.01190
37	0.01632	0.01292	0.01409	0.01306	0.01662	0.01395	0.01019	0.02956	0.39083	0.06500	0.06169	0.07225	0.17872	0.01378	0.00832	0.00264	0.00547	0.05699	0.00759	0.01002
38	0.02209	0.01036	0.01322	0.01101	0.01510	0.00897	0.00878	0.02485	0.02036	0.36437	0.17133	0.04575	0.22485	0.01348	0.00828	0.00242	0.00512	0.01129	0.00849	0.00987
39	0.01566	0.03613	0.58672	0.02333	0.03396	0.01787	0.13232	0.02407	0.01633	0.02407	0.01390	0.01675	0.00992	0.00707	0.00749	0.00243	0.01147	0.00616	0.00331	0.01105
40	0.01784	0.01235	0.01462	0.08022	0.01807	0.01421	0.01063	0.16244	0.01961	0.03025	0.01990	0.02343	0.01560	0.00946	0.00906	0.00220	0.11586	0.00692	0.40865	0.00870
41	0.00923	0.00666	0.00874	0.01041	0.01096	0.00617	0.00697	0.01058	0.01467	0.01942	0.04364	0.69422	0.08324	0.02353	0.00964	0.00305	0.00437	0.02127	0.00704	0.00617
42	0.02332	0.01757	0.01790	0.01549	0.02016	0.07709	0.01218	0.06955	0.44959	0.16775	0.02838	0.02601	0.02057	0.00983	0.00762	0.00246	0.00688	0.00797	0.00772	0.01196
43	0.01684	0.01420	0.01704	0.01244	0.01892	0.01155	0.02890	0.08137	0.01769	0.02676	0.01501	0.04156	0.01279	0.00663	0.00605	0.00135	0.00605	0.00546	0.00487	0.65453
44	0.01970	0.65790	0.11475	0.01397	0.02100	0.02859	0.01470	0.02286	0.01548	0.01855	0.01090	0.01261	0.00972	0.00657	0.00514	0.00171	0.00847	0.00423	0.00324	0.00990
45	0.40323	0.01693	0.06414	0.03923	0.19355	0.01679	0.01438	0.02376	0.05192	0.05214	0.01516	0.01966	0.01241	0.00798	0.00625	0.00240	0.00725	0.03832	0.00476	0.00973
46	0.00953	0.00771	0.00847	0.00828	0.01059	0.00664	0.00621	0.01198	0.01862	0.02366	0.27001	0.06778	0.48789	0.01803	0.00896	0.00251	0.00376	0.01528	0.00746	0.00664
47	0.02632	0.01496	0.01790	0.01399	0.01944	0.01447	0.01136	0.22114	0.04569	0.29394	0.07136	0.05918	0.02135	0.00992	0.00751	0.00219	0.00658	0.00808	0.00786	0.12675
48	0.01548	0.01249	0.01439	0.01059	0.01656	0.00964	0.00842	0.01888	0.01576	0.02527	0.01522	0.01767	0.01250	0.00611	0.00557	0.00122	0.00530	0.00489	0.12360	0.66044
49	0.01103	0.00735	0.00827	0.00827	0.00827	0.00735	0.00460	0.01103	0.01103	0.01471	0.02390	0.04964	0.02758	0.73343	0.03861	0.00735	0.00735	0.01103	0.00460	0.00460
50	0.00930	0.00665	0.00886	0.01052	0.01102	0.00620	0.00705	0.01072	0.01481	0.01982	0.06811	0.70089	0.05105	0.02342	0.00965	0.00305	0.00437	0.02124	0.00709	0.00620
51	0.02760	0.02034	0.02204	0.01709	0.02284	0.02256	0.01408	0.61635	0.03405	0.04573	0.01836	0.01901	0.01332	0.01239	0.05539	0.00296	0.00917	0.00692	0.00735	0.01248
52	0.01414	0.00707	0.00707	0.00707	0.00884	0.00707	0.00530	0.01767	0.01591	0.02828	0.02474	0.02828	0.01944	0.00884	0.00530	0.00177	0.00353	0.00707	0.77554	0.00707
53	0.00896	0.00768	0.00768	0.00768	0.01025	0.00640	0.00576	0.01089	0.01729	0.02049	0.07684	0.07300	0.68304	0.01921	0.00896	0.00256	0.00384	0.01601	0.00704	0.00640
54	0.00924	0.00660	0.00880	0.01056	0.01100	0.00616	0.00704	0.01056	0.01452	0.01936	0.04181	0.72848	0.05017	0.02376	0.00968	0.00308	0.00440	0.02156	0.00704	0.00616
55	0.02028	0.73799	0.03975	0.01298	0.01947	0.03001	0.01298	0.02271	0.01541	0.01785	0.01055	0.01217	0.00973	0.00649	0.00487	0.00162	0.00811	0.00406	0.00324	0.00973
56	0.01902	0.01606	0.01707	0.01518	0.01942	0.01840	0.01185	0.08308	0.58197	0.03279	0.07471	0.02952	0.02574	0.01056	0.00779	0.00254	0.00600	0.00880	0.00775	0.01174
57	0.02028	0.73799	0.03975	0.01298	0.01947	0.03001	0.01298	0.02271	0.01541	0.01785	0.01055	0.01217	0.00973	0.00649	0.00487	0.00162	0.00811	0.00406	0.00324	0.00973
58	0.02742	0.02071	0.02329	0.02018	0.08742	0.02278	0.01517	0.57156	0.06223	0.04486	0.01839	0.01871	0.01327	0.00893	0.00759	0.00229	0.00831	0.00690	0.00722	0.01277
59	0.04272	0.03659	0.62445	0.02067	0.03129	0.01715	0.02619	0.02485	0.01630	0.07021	0.01463	0.01656	0.01019	0.00735	0.00715	0.00240	0.01070	0.00569	0.00368	0.01122
60	0.01744	0.01946	0.04132	0.05048	0.06693	0.01866	0.56427	0.02335	0.01745	0.02378	0.01615	0.04939	0.01303	0.00739	0.00941	0.00259	0.03570	0.00923	0.00393	0.01003
61	0.01877	0.01802	0.03079	0.04656	0.68612	0.01802	0.02328	0.02328	0.01727	0.02478	0.01427	0.01877	0.01201	0.00676	0.00751	0.00225	0.00901	0.00676	0.00375	0.01201
62	0.02767	0.02028	0.02169	0.01680	0.02257	0.02244	0.01382	0.60370	0.05609	0.04616	0.01901	0.01912	0.01361	0.00913	0.00746	0.00226	0.00800	0.00690	0.05075	0.01254
63	0.03361	0.01359	0.01803	0.01382	0.01970	0.01216	0.01142	0.08808	0.02285	0.63864	0.02896	0.02519	0.01829	0.00936	0.00762	0.00234	0.00661	0.00756	0.00924	0.01291
64	0.01064	0.00775	0.01000	0.00944	0.01127	0.00711	0.00708	0.01412	0.02124	0.02986	0.64810	0.05758	0.10593	0.01571	0.00895	0.00240	0.00359	0.01385	0.00828	0.00711
65	0.01432	0.01348	0.02275	0.71520	0.05224	0.01685	0.02107	0.01938	0.01517	0.01938	0.01348	0.02022	0.01011	0.00758	0.00758	0.00253	0.01011	0.00674	0.00337	0.00843
66	0.01817	0.01758	0.03051	0.12931	0.57316	0.01794	0.05620	0.02284	0.01704	0.02408	0.01423	0.01904	0.01175	0.00684	0.00759	0.00230	0.00935	0.00687	0.00371	0.01147
67	0.01521	0.03923	0.69413	0.02162	0.03283	0.01762	0.02802	0.02402	0.01601	0.02402	0.01361	0.01601	0.00961	0.00721	0.00721	0.00240	0.01121	0.00560	0.00320	0.01121
68	0.01779	0.01059	0.01097	0.00965	0.01248	0.01115	0.00757	0.17736	0.02081	0.03313	0.02312	0.02578	0.01782	0.00890	0.00587	0.00189	0.00473	0.00701	0.58487	0.00852
69	0.00933	0.00770	0.00819	0.00806	0.01047	0.00656	0.00605	0.01159	0.01814	0.02252	0.20062	0.06966	0.55799	0.01845	0.00896	0.00253	0.00379	0.01554	0.00731	0.00656
70	0.01463	0.01379	0.02330	0.66910	0.09595	0.01693	0.02122	0.01965	0.01531	0.01975	0.01354	0.02012	0.01024	0.00753	0.00758	0.00251	0.01004	0.00674	0.00340	0.00867
71	0.00958	0.00684	0.00919	0.01095	0.01153	0.00645	0.00763	0.01114	0.01485	0.01974	0.04162	0.65586	0.04943	0.02345	0.00977	0.00313	0.00469	0.09086	0.00703	0.00625
72	0.01177	0.00857	0.01159	0.01304	0.01489	0.00839	0.01125	0.01507	0.01757	0.02267	0.06553	0.08305	0.12442	0.02056	0.01024	0.00334	0.00648	0.53762	0.00704	0.00692
73	0.63446	0.01431	0.01246	0.01069	0.01562	0.01583	0.00881	0.02527	0.01469	0.16720	0.01448	0.01506	0.01035	0.00752	0.00529	0.00235	0.00599	0.00482	0.00564	0.00917
74	0.01682	0.01339	0.01501	0.01382	0.01732	0.01480	0.01085	0.03157	0.42936	0.05407	0.18624	0.04066	0.03653	0.01256	0.00828	0.00261	0.00554	0.07233	0.00785	0.01039
75	0.00930	0.00665	0.00886	0.01052	0.01102	0.00620	0.00705	0.01072	0.01481	0.01982	0.06816	0.70083	0.05105	0.02342	0.00965	0.00305	0.00437	0.02124	0.00709	0.00620
76	0.02649	0.01124	0.01519	0.01222	0.01676	0.00986	0.00986	0.02963	0.02163	0.47742	0.24103	0.03580	0.03586	0.01137	0.00805	0.00236	0.00552	0.00960	0.00905	0.01105
77	0.02057	0.02095	0.02429	0.24330	0.20119	0.17508	0.01881	0.09421	0.04848	0.02419	0.01440	0.01832	0.01140	0.00800	0.00826	0.00234	0.04549	0.00641	0.00425	0.01007
78	0.01210	0.00829	0.00967	0.00948	0.01008	0.00849	0.00607	0.04813	0.01322	0.01773	0.04153	0.04938	0.02850	0.58019	0.07615	0.00697	0.00811	0.05549	0.00500	0.00544
79	0.01659	0.01659	0.02323	0.01991	0.01991	0.02323	0.01659	0.01825	0.01162	0.01825	0.00996	0.01659	0.00996	0.01328	0.02489	0.00332	0.71955	0.00664	0.00332	0.00830
80	0.10422	0.11407	0.32528	0.05447	0.06424	0.05346	0.10926	0.02355	0.01599	0.02379	0.01294	0.01600	0.00990	0.00723	0.00754	0.00233	0.03612	0.00583	0.00354	0.01025
81	0.37652	0.11889	0.01919	0.01313	0.01845	0.05409	0.01105	0.18083	0.03841	0.08477	0.01455	0.01529	0.01088	0.00778	0.00584	0.00221	0.00723	0.00520	0.00561	0.01007
82	0.01000	0.00810	0.01147	0.01168	0.01308	0.00764	0.05182	0.01182	0.01528	0.01992	0.04680	0.51191	0.18716	0.02123	0.00994	0.00294	0.02695	0.01900	0.00671	0.00656
83	0.01004	0.00772	0.00922	0.00908	0.01111	0.00689	0.00686	0.01286	0.01930	0.02562	0.38246	0.09612	0.30927	0.01762	0.00906	0.00254	0.00389	0.04583	0.00771	0.00681
84	0.49872	0.01346	0.01252	0.04741	0.01668	0.01507	0.00919	0.06469	0.01653	0.05691	0.13616	0.04580	0.02205	0.00941	0.00610	0.00238	0.00581	0.00691	0.00574	0.00845
85	0.01776	0.01459	0.01671	0.01228	0.01870	0.01228	0.00986	0.12882	0.01911	0.02850	0.01521	0.03924	0.01278	0.00680	0.00609	0.00138	0.00605	0.00545	0.00511	0.62328
86	0.01517	0.01450	0.02050	0.01800	0.01834	0.01983	0.01483	0.01709	0.01176	0.01809	0.01252	0.01986	0.01219	0.02407	0.19283	0.00551	0.54647	0.00701	0.00350	0.00792
87	0.00945	0.00676	0.00899	0.01042	0.01105	0.00630	0.00706	0.01108	0.01548	0.02089	0.13002	0.63593	0.05312	0.02263	0.00958	0.00298	0.00429	0.02048	0.00722	0.00630
88	0.48897	0.01523	0.01403	0.04832	0.01822	0.04403	0.01002	0.06727	0.01693	0.14877	0.05241	0.01805	0.01411	0.00813	0.00588	0.00234	0.00655	0.00562	0.00582	0.00933
89	0.01854	0.01778	0.03037	0.08150	0.65299	0.01796	0.02316	0.02307	0.01716	0.02450	0.01423	0.01885	0.01192	0.00680	0.00751	0.00227	0.00907	0.00676	0.00373	0.01183
90	0.01200	0.00866	0.01191	0.01354	0.01534	0.00857	0.01178	0.01538	0.01745	0.02255	0.04268	0.08470	0.08758	0.02083	0.01037	0.00343	0.00677	0.59253	0.00699	0.00694
91	0.01080	0.00779	0.01022	0.00972	0.01151	0.00722	0.00737	0.01437	0.02131	0.03010	0.65569	0.05785	0.07042	0.01573	0.00901	0.00243	0.00372	0.03929	0.00829	0.00715
92	0.06995	0.01499	0.01813	0.01416	0.01970	0.01473	0.01163	0.20279	0.04353	0.41945	0.07059	0.02525	0.02039	0.00964	0.00756	0.00234	0.00672	0.00767	0.00854	0.01224
93	0.07996	0.02032	0.02142	0.01674	0.02255	0.02263	0.01376	0.55695	0.09567	0.04530	0.01891	0.01878	0.01357	0.00908	0.00740	0.00231	0.00795	0.00681	0.00740	0.01249
94	0.00917	0.00763	0.00800	0.00804	0.01040	0.00647	0.00598	0.01123	0.01757	0.02147	0.13842	0.10812	0.58327	0.01908	0.00900	0.00257	0.00385	0.01608	0.00718	0.00647
95	0.01074	0.00775	0.01014	0.00954	0.01133	0.00716	0.00716	0.01431	0.02147	0.03042	0.68211	0.05666	0.07157	0.01551	0.00895	0.00239	0.00358	0.01372	0.00835	0.00716
96	0.01877	0.01802	0.03079	0.04656	0.68612	0.01802	0.02328	0.02328	0.01727	0.02478	0.01427	0.01877	0.01201	0.00676	0.00751	0.00225	0.00901	0.00676	0.00375	0.01201
97	0.01432	0.01348	0.02275	0.71520	0.05224	0.01685	0.02107	0.01938	0.01517	0.01938	0.01348	0.02022	0.01011	0.00758	0.00758	0.00253	0.01011	0.00674	0.00337	0.00843
98	0.00924	0.00660	0.00880	0.01056	0.01100	0.00616	0.00704	0.01056	0.01452	0.01936	0.04181	0.72848	0.05017	0.02376	0.00968	0.00308	0.00440	0.02156	0.00704	0.00616
99	0.01834	0.01758	0.03001	0.11121	0.62482	0.01791	0.02306	0.02290	0.01707	0.02426	0.01419	0.01891	0.01183	0.00684	0.00752	0.00228	0.00912	0.00676	0.00372	0.01167
100	0.02028	0.73799	0.03975	0.01298	0.01947	0.03001	0.01298	0.02271	0.01541	0.01785	0.01055	0.01217	0.00973	0.00649	0.00487	0.00162	0.00811	0.00406	0.00324	0.00973
101	0.02074	0.01707	0.02143	0.01574	0.02234	0.01598	0.08118	0.25351	0.02323	0.03308	0.01541	0.01714	0.01187	0.00697	0.00670	0.00170	0.00739	0.00583	0.00555	0.41715
102	0.02028	0.73799	0.03975	0.01298	0.01947	0.03001	0.01298	0.02271	0.01541	0.01785	0.01055	0.01217	0.00973	0.00649	0.00487	0.00162	0.00811	0.00406	0.00324	0.00973
103	0.02601	0.01984	0.02117	0.01688	0.02245	0.02220	0.01373	0.48508	0.21601	0.04325	0.02180	0.02107	0.01580	0.00944	0.00762	0.00236	0.00768	0.00732	0.00762	0.01265
104	0.05549	0.00841	0.01046	0.00968	0.01189	0.00788	0.00736	0.01578	0.02079	0.06467	0.58024	0.05337	0.09561	0.01490	0.00864	0.00239	0.00387	0.01297	0.00813	0.00748
105	0.01074	0.00775	0.01014	0.00954	0.01133	0.00716	0.00716	0.01431	0.02147	0.03042	0.68211	0.05666	0.07157	0.01551	0.00895	0.00239	0.00358	0.01372	0.00835	0.00716
106	0.01432	0.01348	0.02275	0.71520	0.05224	0.01685	0.02107	0.01938	0.01517	0.01938	0.01348	0.02022	0.01011	0.00758	0.00758	0.00253	0.01011	0.00674	0.00337	0.00843
107	0.01993	0.68999	0.08471	0.01357	0.02039	0.02916	0.01401	0.02280	0.01545	0.01827	0.01076	0.01243	0.00973	0.00654	0.00503	0.00168	0.00832	0.00416	0.00324	0.00984
108	0.03215	0.01298	0.01732	0.01350	0.01912	0.01157	0.01107	0.03644	0.06842	0.62165	0.05205	0.02704	0.02088	0.00966	0.00768	0.00236	0.00632	0.00790	0.00923	0.01265
109	0.01414	0.00707	0.00707	0.00707	0.00884	0.00707	0.00530	0.01767	0.01591	0.02828	0.02474	0.02828	0.01944	0.00884	0.00530	0.00177	0.00353	0.00707	0.77554	0.00707
110	0.01080	0.00846	0.01122	0.01025	0.01234	0.00794	0.02884	0.01407	0.02016	0.02775	0.51225	0.05749	0.19391	0.01589	0.00949	0.00246	0.02798	0.01379	0.00776	0.00714
111	0.01628	0.16498	0.53889	0.02063	0.03079	0.01995	0.06073	0.02380	0.01601	0.02292	0.01315	0.01557	0.00974	0.00703	0.00688	0.00227	0.01074	0.00551	0.00325	0.01089
112	0.01887	0.01629	0.01715	0.01544	0.01972	0.01887	0.01201	0.04031	0.67241	0.03173	0.03087	0.02830	0.02315	0.01029	0.00772	0.00257	0.00600	0.00858	0.00772	0.01201
113	0.01177	0.00823	0.01100	0.01179	0.01341	0.00805	0.00969	0.01502	0.01813	0.02478	0.23823	0.07076	0.04984	0.07402	0.01192	0.00336	0.00577	0.36001	0.04739	0.00686
114	0.78701	0.01467	0.01115	0.00997	0.01467	0.01702	0.00821	0.02230	0.01291	0.03403	0.01056	0.01232	0.00821	0.00704	0.00469	0.00235	0.00587	0.00411	0.00469	0.00821
115	0.01044	0.00778	0.00973	0.00935	0.01130	0.00707	0.00709	0.01369	0.02047	0.02812	0.53478	0.06111	0.19257	0.01647	0.00901	0.00247	0.00377	0.03975	0.00803	0.00700
116	0.00943	0.00668	0.00874	0.01032	0.01071	0.00629	0.00678	0.01061	0.01415	0.01886	0.03988	0.65550	0.04774	0.10006	0.01279	0.00354	0.00472	0.02043	0.00678	0.00599
117	0.03403	0.01291	0.01760	0.01350	0.01936	0.01115	0.01115	0.03697	0.02171	0.69137	0.02992	0.02582	0.01878	0.00939	0.00763	0.00235	0.00645	0.00763	0.00939	0.01291
118	0.02717	0.01957	0.02128	0.01655	0.02215	0.02142	0.01357	0.57403	0.03354	0.06871	0.06497	0.04308	0.01829	0.01001	0.00775	0.00231	0.00783	0.00779	0.00769	0.01230
119	0.01908	0.01973	0.07797	0.04313	0.60197	0.01830	0.02312	0.05916	0.01821	0.02602	0.01444	0.01854	0.01189	0.00692	0.00749	0.00226	0.00913	0.00668	0.00393	0.01201
120	0.01037	0.00737	0.00991	0.01154	0.01239	0.00711	0.00861	0.01233	0.01526	0.02015	0.03997	0.46376	0.04636	0.07378	0.01203	0.00353	0.00548	0.22690	0.00685	0.00633
121	0.13377	0.01933	0.02003	0.01578	0.02137	0.02145	0.01296	0.50227	0.06729	0.04354	0.02091	0.02081	0.04784	0.00941	0.00726	0.00232	0.00763	0.00702	0.00716	0.01185
122	0.07753	0.05885	0.01949	0.01597	0.02023	0.32919	0.01250	0.17042	0.05527	0.02835	0.01602	0.01752	0.01253	0.00827	0.00657	0.00204	0.00973	0.00575	0.12414	0.00962

[dist]
# distance from previous block
# <min> <max>
2	5

[block]
# block no. 1 follows, 26 sequences, length 184
# corresponding to MSA columns:
# 157-174,176-277,280-343
name=unknown_B
#
# <colnr> <probs for GDERKNQSTAVLIFYWHMCP>
#	G	D	E	R	K	N	Q	S	T	A	V	L	I	F	Y	W	H	M	C	P
0	0.20319	0.33735	0.05077	0.01293	0.01799	0.11327	0.01164	0.02214	0.01573	0.02266	0.05120	0.04249	0.01531	0.04695	0.00739	0.00227	0.00801	0.00579	0.00418	0.00875
1	0.05045	0.12650	0.45455	0.02017	0.02954	0.04456	0.06879	0.04869	0.01712	0.05210	0.01399	0.01608	0.01021	0.00723	0.00694	0.00229	0.01048	0.00568	0.00377	0.01087
2	0.11414	0.07780	0.02239	0.05547	0.07554	0.25051	0.01445	0.18480	0.04878	0.06470	0.01514	0.01651	0.01157	0.00803	0.00680	0.00215	0.00979	0.00575	0.00527	0.01040
3	0.11689	0.42485	0.05999	0.01318	0.01846	0.07239	0.01236	0.02145	0.01491	0.02010	0.01275	0.01652	0.01159	0.04081	0.11235	0.00359	0.01020	0.00507	0.00365	0.00890
4	0.68710	0.01606	0.04499	0.01178	0.01697	0.01697	0.04327	0.02294	0.01359	0.05369	0.01156	0.01334	0.00878	0.00709	0.00513	0.00236	0.00650	0.00454	0.00473	0.00861
5	0.01141	0.00794	0.01015	0.00949	0.01151	0.00722	0.00715	0.01479	0.02102	0.05409	0.59125	0.05730	0.13670	0.01568	0.00890	0.00240	0.00372	0.01374	0.00825	0.00729
6	0.01103	0.00735	0.00827	0.00827	0.00827	0.00735	0.00460	0.01103	0.01103	0.01471	0.02390	0.04964	0.02758	0.73343	0.03861	0.00735	0.00735	0.01103	0.00460	0.00460
7	0.01064	0.00775	0.01001	0.00945	0.01127	0.00712	0.00708	0.01413	0.02125	0.02990	0.65044	0.05751	0.10357	0.01570	0.00895	0.00239	0.00359	0.01384	0.00828	0.00712
8	0.01959	0.01277	0.01515	0.01294	0.01663	0.01309	0.01026	0.16971	0.10927	0.13683	0.29777	0.06320	0.04180	0.01288	0.00835	0.00244	0.00559	0.03361	0.00816	0.00996
9	0.00924	0.00660	0.00880	0.01056	0.01100	0.00616	0.00704	0.01056	0.01452	0.01936	0.04181	0.72848	0.05017	0.02376	0.00968	0.00308	0.00440	0.02156	0.00704	0.00616
10	0.01074	0.00775	0.01014	0.00954	0.01133	0.00716	0.00716	0.01431	0.02147	0.03042	0.68211	0.05666	0.07157	0.01551	0.00895	0.00239	0.00358	0.01372	0.00835	0.00716
11	0.01655	0.01575	0.02676	0.38123	0.36885	0.01744	0.02217	0.02133	0.01622	0.02208	0.01387	0.01950	0.01106	0.00717	0.00755	0.00239	0.00956	0.00675	0.00356	0.01022
12	0.01573	0.01348	0.01573	0.01123	0.01798	0.01011	0.00899	0.01910	0.01573	0.02472	0.01348	0.01573	0.01123	0.00562	0.00562	0.00112	0.00562	0.00449	0.00449	0.77980
13	0.00930	0.00693	0.00856	0.00975	0.01073	0.00630	0.00665	0.01080	0.01532	0.01988	0.07379	0.52070	0.20175	0.04881	0.01056	0.00309	0.00435	0.01954	0.00700	0.00620
14	0.01103	0.00735	0.00827	0.00827	0.00827	0.00735	0.00460	0.01103	0.01103	0.01471	0.02390	0.04964	0.02758	0.73343	0.03861	0.00735	0.00735	0.01103	0.00460	0.00460
15	0.01521	0.03923	0.69413	0.02162	0.03283	0.01762	0.02802	0.02402	0.01601	0.02402	0.01361	0.01601	0.00961	0.00721	0.00721	0.00240	0.01121	0.00560	0.00320	0.01121
16	0.03193	0.01396	0.01791	0.01382	0.01955	0.01286	0.01139	0.13411	0.02369	0.55556	0.03047	0.02702	0.05173	0.00984	0.00769	0.00235	0.00662	0.00793	0.00898	0.01258
17	0.00931	0.00689	0.00873	0.01016	0.01106	0.00631	0.00702	0.01084	0.01517	0.01971	0.04833	0.57838	0.16901	0.02279	0.00958	0.00300	0.00440	0.04603	0.00704	0.00624
18	0.78701	0.01467	0.01115	0.00997	0.01467	0.01702	0.00821	0.02230	0.01291	0.03403	0.01056	0.01232	0.00821	0.00704	0.00469	0.00235	0.00587	0.00411	0.00469	0.00821
19	0.01646	0.21086	0.53340	0.01950	0.02955	0.02066	0.02433	0.02370	0.01587	0.02250	0.01286	0.01507	0.00964	0.00703	0.00663	0.00221	0.01045	0.00522	0.00321	0.01085
20	0.01790	0.02046	0.04476	0.03197	0.03964	0.01918	0.65857	0.02430	0.01790	0.02430	0.01535	0.02046	0.01151	0.00639	0.00895	0.00256	0.01279	0.00895	0.00384	0.01023
21	0.02780	0.03469	0.02162	0.01948	0.02329	0.64629	0.01474	0.05289	0.02155	0.01962	0.01188	0.01398	0.00989	0.00812	0.00771	0.00203	0.04643	0.00504	0.00402	0.00892
22	0.01831	0.01755	0.02995	0.11645	0.61985	0.01790	0.02305	0.02287	0.01705	0.02422	0.01419	0.01892	0.01182	0.00684	0.00752	0.00228	0.00913	0.00676	0.00371	0.01164
23	0.01644	0.01776	0.03650	0.02705	0.03278	0.01776	0.47288	0.02168	0.01621	0.02244	0.01575	0.02184	0.01276	0.01658	0.14122	0.00445	0.08414	0.00857	0.00383	0.00939
24	0.01082	0.00787	0.01025	0.00998	0.01181	0.00731	0.00770	0.01429	0.02074	0.02890	0.56891	0.06113	0.10326	0.01638	0.00913	0.00253	0.00401	0.08978	0.00811	0.00709
25	0.01790	0.02046	0.04476	0.03197	0.03964	0.01918	0.65857	0.02430	0.01790	0.02430	0.01535	0.02046	0.01151	0.00639	0.00895	0.00256	0.01279	0.00895	0.00384	0.01023
26	0.06965	0.01895	0.02012	0.01610	0.02147	0.02108	0.01305	0.43624	0.17996	0.06556	0.02131	0.02154	0.01571	0.03386	0.00851	0.00252	0.00756	0.00725	0.00742	0.01214
27	0.78701	0.01467	0.01115	0.00997	0.01467	0.01702	0.00821	0.02230	0.01291	0.03403	0.01056	0.01232	0.00821	0.00704	0.00469	0.00235	0.00587	0.00411	0.00469	0.00821
28	0.03068	0.01828	0.02093	0.01604	0.02204	0.01912	0.01325	0.43894	0.03070	0.27670	0.02238	0.02092	0.01499	0.00921	0.00760	0.00230	0.00767	0.00711	0.00823	0.01290
29	0.03403	0.01291	0.01760	0.01350	0.01936	0.01115	0.01115	0.03697	0.02171	0.69137	0.02992	0.02582	0.01878	0.00939	0.00763	0.00235	0.00645	0.00763	0.00939	0.01291
30	0.00948	0.00675	0.00896	0.01064	0.01113	0.00635	0.00720	0.01086	0.01452	0.01932	0.04088	0.66231	0.04876	0.05674	0.01107	0.00330	0.00468	0.05398	0.00692	0.00613
31	0.01475	0.00766	0.00772	0.00750	0.00945	0.00775	0.00568	0.04442	0.01673	0.02909	0.02447	0.02786	0.01917	0.00885	0.00540	0.00179	0.00373	0.00706	0.74361	0.00731
32	0.00924	0.00660	0.00880	0.01056	0.01100	0.00616	0.00704	0.01056	0.01452	0.01936	0.04181	0.72848	0.05017	0.02376	0.00968	0.00308	0.00440	0.02156	0.00704	0.00616
33	0.03274	0.01348	0.01781	0.01371	0.01945	0.01213	0.01130	0.09264	0.02296	0.60969	0.05196	0.02622	0.02011	0.00958	0.00767	0.00234	0.00652	0.00777	0.00919	0.01270
34	0.01452	0.01386	0.02393	0.67855	0.05157	0.01698	0.05526	0.01964	0.01531	0.01964	0.01358	0.02024	0.01019	0.00752	0.00766	0.00253	0.01025	0.00686	0.00340	0.00852
35	0.01047	0.00774	0.00977	0.00927	0.01117	0.00704	0.00695	0.01380	0.02085	0.02894	0.59181	0.05910	0.16280	0.01606	0.00895	0.00241	0.00362	0.01406	0.00815	0.00704
36	0.00903	0.00769	0.00778	0.00776	0.01029	0.00643	0.00582	0.01102	0.01746	0.02089	0.10090	0.07235	0.65873	0.01906	0.00896	0.00255	0.00383	0.01592	0.00710	0.00643
37	0.02028	0.73799	0.03975	0.01298	0.01947	0.03001	0.01298	0.02271	0.01541	0.01785	0.01055	0.01217	0.00973	0.00649	0.00487	0.00162	0.00811	0.00406	0.00324	0.00973
38	0.02780	0.02840	0.02127	0.01802	0.02271	0.38266	0.01407	0.29309	0.02712	0.03129	0.01512	0.01634	0.01158	0.00841	0.00707	0.00208	0.01092	0.00581	0.04583	0.01042
39	0.01863	0.01502	0.01599	0.01396	0.01814	0.01642	0.01110	0.19267	0.30806	0.03261	0.03945	0.03999	0.18435	0.01279	0.00815	0.00255	0.00613	0.04592	0.00748	0.01057
40	0.05898	0.01739	0.02524	0.01975	0.02361	0.04035	0.14600	0.05809	0.01595	0.05758	0.01331	0.01747	0.01104	0.00949	0.01450	0.00255	0.30344	0.00658	0.00429	0.15441
41	0.02068	0.40902	0.15733	0.01606	0.02259	0.18027	0.01601	0.02422	0.01675	0.01916	0.01189	0.01414	0.01019	0.00950	0.04139	0.00238	0.01059	0.00474	0.00343	0.00965
42	0.01898	0.01368	0.01627	0.01181	0.01839	0.01076	0.00951	0.04547	0.01737	0.12645	0.01614	0.01735	0.01244	0.00632	0.00599	0.00135	0.00584	0.00505	0.00535	0.63546
43	0.01573	0.01348	0.01573	0.01123	0.01798	0.01011	0.00899	0.01910	0.01573	0.02472	0.01348	0.01573	0.01123	0.00562	0.00562	0.00112	0.00562	0.00449	0.00449	0.77980
44	0.01739	0.00986	0.01249	0.01076	0.01412	0.00888	0.00840	0.02150	0.05394	0.20429	0.36876	0.04676	0.12391	0.01352	0.00836	0.00234	0.00461	0.01162	0.00823	0.05029
45	0.02548	0.01668	0.01892	0.01508	0.02026	0.01749	0.01235	0.36857	0.06180	0.16327	0.08839	0.02945	0.04690	0.01073	0.00787	0.00235	0.00708	0.04170	0.00785	0.03778
46	0.00907	0.00764	0.00786	0.00790	0.01033	0.00643	0.00589	0.01106	0.01740	0.02098	0.10792	0.09818	0.62508	0.01919	0.00899	0.00257	0.00385	0.01611	0.00711	0.00643
47	0.00919	0.00680	0.00859	0.01002	0.01086	0.00621	0.00680	0.01062	0.01504	0.01958	0.04840	0.60511	0.16928	0.02291	0.00955	0.00298	0.00430	0.02052	0.00704	0.00621
48	0.01784	0.02026	0.04366	0.03135	0.03864	0.01939	0.62582	0.02399	0.01758	0.02399	0.01507	0.02026	0.01143	0.00674	0.00976	0.00260	0.04884	0.00883	0.00381	0.01013
49	0.01590	0.01504	0.02529	0.46331	0.26903	0.01704	0.02145	0.02071	0.01591	0.02140	0.01375	0.01958	0.01080	0.00724	0.00750	0.00239	0.00959	0.00668	0.00354	0.03386
50	0.01194	0.00864	0.01184	0.01343	0.01525	0.00853	0.01167	0.01530	0.01745	0.02251	0.04329	0.08449	0.09821	0.02080	0.01035	0.00341	0.00672	0.58224	0.00699	0.00693
51	0.00924	0.00660	0.00880	0.01056	0.01100	0.00616	0.00704	0.01056	0.01452	0.01936	0.04181	0.72848	0.05017	0.02376	0.00968	0.00308	0.00440	0.02156	0.00704	0.00616
52	0.07158	0.01558	0.01657	0.01431	0.01890	0.05937	0.01145	0.05698	0.27407	0.24459	0.03061	0.03157	0.05469	0.01081	0.00770	0.00250	0.00668	0.05306	0.00773	0.01124
53	0.01561	0.01479	0.02507	0.52212	0.23528	0.01719	0.02170	0.02051	0.01577	0.02094	0.01371	0.01980	0.01066	0.00735	0.00756	0.00245	0.00979	0.00675	0.00348	0.00946
54	0.01818	0.01570	0.01650	0.01490	0.01907	0.01800	0.01157	0.03827	0.62702	0.03095	0.03406	0.03140	0.06887	0.01091	0.00780	0.00257	0.00585	0.00909	0.00767	0.01162
55	0.01355	0.01063	0.01152	0.01081	0.01341	0.04603	0.00831	0.01878	0.09956	0.06169	0.34989	0.05488	0.20540	0.01534	0.00871	0.00249	0.00483	0.04852	0.00770	0.00794
56	0.01877	0.01802	0.03079	0.04656	0.68612	0.01802	0.02328	0.02328	0.01727	0.02478	0.01427	0.01877	0.01201	0.00676	0.00751	0.00225	0.00901	0.00676	0.00375	0.01201
57	0.00940	0.00667	0.00875	0.01035	0.01075	0.00627	0.00682	0.01060	0.01421	0.01894	0.04018	0.66687	0.04812	0.08817	0.01231	0.00347	0.00467	0.02061	0.00682	0.00602
58	0.00924	0.00660	0.00880	0.01056	0.01100	0.00616	0.00704	0.01056	0.01452	0.01936	0.04181	0.72848	0.05017	0.02376	0.00968	0.00308	0.00440	0.02156	0.00704	0.00616
59	0.02034	0.02120	0.02862	0.07646	0.52822	0.14688	0.02154	0.02439	0.01796	0.02333	0.01375	0.01789	0.01149	0.00700	0.00739	0.00221	0.00995	0.00640	0.00376	0.01122
60	0.02837	0.03497	0.02160	0.01938	0.02345	0.64922	0.01464	0.08018	0.02262	0.02088	0.01224	0.01404	0.01002	0.00792	0.00690	0.00198	0.01326	0.00504	0.00420	0.00912
61	0.01819	0.01494	0.01705	0.01240	0.01902	0.01263	0.01001	0.13952	0.01947	0.02905	0.01437	0.01619	0.01155	0.00627	0.00599	0.00134	0.00613	0.00493	0.00507	0.63589
62	0.01727	0.01772	0.02313	0.01989	0.02012	0.06226	0.01648	0.01895	0.01218	0.01827	0.01006	0.01643	0.00995	0.01296	0.02386	0.00324	0.67902	0.00654	0.00335	0.00833
63	0.01090	0.00730	0.00831	0.00844	0.00847	0.00727	0.00477	0.01100	0.01128	0.01504	0.02519	0.09862	0.02921	0.68222	0.03652	0.00705	0.00714	0.01179	0.00477	0.00471
64	0.01146	0.00842	0.01119	0.01261	0.01445	0.00816	0.01074	0.01454	0.01728	0.02211	0.04715	0.11599	0.16432	0.02077	0.01015	0.00330	0.00626	0.48726	0.00700	0.00683
65	0.03403	0.01291	0.01760	0.01350	0.01936	0.01115	0.01115	0.03697	0.02171	0.69137	0.02992	0.02582	0.01878	0.00939	0.00763	0.00235	0.00645	0.00763	0.00939	0.01291
66	0.01877	0.01802	0.03079	0.04656	0.68612	0.01802	0.02328	0.02328	0.01727	0.02478	0.01427	0.01877	0.01201	0.00676	0.00751	0.00225	0.00901	0.00676	0.00375	0.01201
67	0.01763	0.01401	0.01633	0.01180	0.01845	0.01113	0.00949	0.06634	0.01748	0.06127	0.01468	0.01644	0.01175	0.00607	0.00586	0.00127	0.00586	0.00483	0.00497	0.68433
68	0.05881	0.01357	0.01776	0.01366	0.01951	0.01224	0.01129	0.08149	0.02242	0.62297	0.02843	0.02482	0.01800	0.00929	0.00753	0.00234	0.00657	0.00745	0.00910	0.01275
69	0.01068	0.00775	0.01006	0.00948	0.01130	0.00713	0.00711	0.01420	0.02133	0.03009	0.66189	0.05720	0.09200	0.01563	0.00895	0.00239	0.00359	0.01379	0.00831	0.00713
70	0.00906	0.00769	0.00782	0.00778	0.01030	0.00644	0.00584	0.01107	0.01751	0.02102	0.10931	0.07212	0.65024	0.01901	0.00896	0.00255	0.00383	0.01589	0.00711	0.00644
71	0.01545	0.07185	0.66359	0.02122	0.03221	0.01819	0.02732	0.02396	0.01599	0.02373	0.01347	0.01583	0.00961	0.00717	0.00710	0.00237	0.01107	0.00553	0.00320	0.01114
72	0.00924	0.00660	0.00880	0.01056	0.01100	0.00616	0.00704	0.01056	0.01452	0.01936	0.04181	0.72848	0.05017	0.02376	0.00968	0.00308	0.00440	0.02156	0.00704	0.00616
73	0.02833	0.03615	0.02149	0.01954	0.02345	0.70298	0.01466	0.03029	0.02149	0.01856	0.01172	0.01368	0.00977	0.00782	0.00684	0.00195	0.01368	0.00489	0.00391	0.00879
74	0.01458	0.01374	0.02321	0.67681	0.08863	0.01692	0.02119	0.01960	0.01529	0.01969	0.01353	0.02014	0.01022	0.00754	0.00758	0.00251	0.01005	0.00674	0.00339	0.00863
75	0.02801	0.02068	0.02214	0.01705	0.02297	0.02281	0.01406	0.63380	0.03490	0.04667	0.02065	0.02049	0.04076	0.00953	0.00765	0.00229	0.00816	0.00721	0.00757	0.01263
76	0.00904	0.00762	0.00783	0.00791	0.01033	0.00641	0.00588	0.01098	0.01727	0.02076	0.09538	0.11008	0.62594	0.01935	0.00901	0.00259	0.00387	0.01625	0.00709	0.00641
77	0.00896	0.00768	0.00768	0.00768	0.01025	0.00640	0.00576	0.01089	0.01729	0.02049	0.07684	0.07300	0.68304	0.01921	0.00896	0.00256	0.00384	0.01601	0.00704	0.00640
78	0.01581	0.01711	0.03606	0.02679	0.03272	0.01603	0.50099	0.02097	0.01709	0.02310	0.02174	0.19170	0.02086	0.01059	0.00913	0.00268	0.01076	0.01200	0.00461	0.00925
79	0.03291	0.01302	0.01750	0.01349	0.01920	0.01145	0.01111	0.05944	0.02222	0.64098	0.05541	0.02676	0.02065	0.00962	0.00768	0.00235	0.00641	0.00784	0.00928	0.01268
80	0.78701	0.01467	0.01115	0.00997	0.01467	0.01702	0.00821	0.02230	0.01291	0.03403	0.01056	0.01232	0.00821	0.00704	0.00469	0.00235	0.00587	0.00411	0.00469	0.00821
81	0.78701	0.01467	0.01115	0.00997	0.01467	0.01702	0.00821	0.02230	0.01291	0.03403	0.01056	0.01232	0.00821	0.00704	0.00469	0.00235	0.00587	0.00411	0.00469	0.00821
82	0.03272	0.01320	0.01756	0.01366	0.01939	0.01182	0.01122	0.03725	0.07809	0.63421	0.03001	0.02603	0.01916	0.00947	0.00764	0.00237	0.00642	0.00771	0.00924	0.01283
83	0.02124	0.01704	0.01742	0.01446	0.01939	0.07927	0.01135	0.15298	0.19158	0.09008	0.02341	0.09937	0.01953	0.01008	0.00730	0.00213	0.00695	0.00823	0.00661	0.20157
84	0.02181	0.01808	0.01899	0.01699	0.04557	0.05113	0.01291	0.16596	0.43901	0.05850	0.02610	0.02465	0.01942	0.00960	0.00756	0.00241	0.00696	0.00780	0.00731	0.03926
85	0.01684	0.01709	0.02974	0.08591	0.15314	0.01904	0.20195	0.02087	0.01551	0.02228	0.04797	0.02047	0.01409	0.00932	0.01376	0.00267	0.24901	0.00760	0.00388	0.04886
86	0.05548	0.02700	0.02184	0.01803	0.02318	0.29626	0.01429	0.38491	0.02917	0.03557	0.01533	0.01618	0.01148	0.00851	0.00718	0.00215	0.01040	0.00595	0.00601	0.01108
87	0.05978	0.01092	0.01349	0.01171	0.01516	0.01045	0.00921	0.08842	0.02153	0.22107	0.27588	0.11586	0.06801	0.01384	0.00833	0.00248	0.00523	0.03117	0.00814	0.00933
88	0.00935	0.00668	0.00893	0.01069	0.01118	0.00626	0.00723	0.01075	0.01463	0.01949	0.04174	0.70452	0.04992	0.02366	0.00971	0.00310	0.00450	0.04443	0.00704	0.00619
89	0.02652	0.01934	0.02088	0.01644	0.02197	0.02124	0.01342	0.52934	0.09025	0.06773	0.02318	0.04994	0.04381	0.01023	0.00774	0.00235	0.00772	0.00799	0.00762	0.01228
90	0.08368	0.01526	0.01803	0.01436	0.01988	0.01538	0.01172	0.15398	0.14922	0.39626	0.02653	0.02390	0.01776	0.00934	0.00743	0.00238	0.00668	0.00741	0.00839	0.01240
91	0.03403	0.01291	0.01760	0.01350	0.01936	0.01115	0.01115	0.03697	0.02171	0.69137	0.02992	0.02582	0.01878	0.00939	0.00763	0.00235	0.00645	0.00763	0.00939	0.01291
92	0.01154	0.00855	0.01123	0.01258	0.01440	0.00836	0.01056	0.01506	0.03624	0.02223	0.04633	0.14988	0.15302	0.02064	0.01005	0.00326	0.00614	0.44596	0.00702	0.00694
93	0.02378	0.01503	0.01711	0.01437	0.01900	0.01598	0.01144	0.15407	0.28454	0.20974	0.05304	0.05947	0.02291	0.01057	0.00767	0.00243	0.00626	0.00870	0.05221	0.01168
94	0.09436	0.02068	0.02176	0.01681	0.02276	0.02296	0.01388	0.60564	0.03370	0.04661	0.01755	0.01770	0.01249	0.00893	0.00734	0.00228	0.00813	0.00659	0.00734	0.01249
95	0.00935	0.00762	0.00779	0.00779	0.00987	0.00658	0.00554	0.01091	0.01611	0.01940	0.06688	0.06860	0.55967	0.15363	0.01454	0.00346	0.00450	0.01507	0.00658	0.00606
96	0.01790	0.02046	0.04476	0.03197	0.03964	0.01918	0.65857	0.02430	0.01790	0.02430	0.01535	0.02046	0.01151	0.00639	0.00895	0.00256	0.01279	0.00895	0.00384	0.01023
97	0.01636	0.19722	0.54618	0.01967	0.02981	0.02042	0.02462	0.02373	0.01588	0.02262	0.01292	0.01514	0.00964	0.00704	0.00668	0.00223	0.01051	0.00525	0.00321	0.01088
98	0.13515	0.01413	0.01734	0.01349	0.01922	0.01341	0.01114	0.10887	0.02217	0.52634	0.02592	0.02309	0.01665	0.00904	0.00723	0.00234	0.00660	0.00706	0.00854	0.01227
99	0.00924	0.00660	0.00880	0.01056	0.01100	0.00616	0.00704	0.01056	0.01452	0.01936	0.04181	0.72848	0.05017	0.02376	0.00968	0.00308	0.00440	0.02156	0.00704	0.00616
100	0.01859	0.01783	0.03045	0.07436	0.65976	0.01797	0.02319	0.02312	0.01718	0.02456	0.01423	0.01883	0.01194	0.00679	0.00751	0.00226	0.00906	0.00676	0.00374	0.01187
101	0.02758	0.07239	0.02289	0.01870	0.02312	0.48694	0.01457	0.17239	0.02402	0.02514	0.01307	0.01472	0.01048	0.00822	0.00752	0.00205	0.03640	0.00534	0.00468	0.00976
102	0.02634	0.02132	0.02387	0.02295	0.14801	0.06624	0.01596	0.46436	0.06784	0.04065	0.01778	0.01860	0.01312	0.00865	0.00753	0.00227	0.00868	0.00679	0.00664	0.01242
103	0.02028	0.73799	0.03975	0.01298	0.01947	0.03001	0.01298	0.02271	0.01541	0.01785	0.01055	0.01217	0.00973	0.00649	0.00487	0.00162	0.00811	0.00406	0.00324	0.00973
104	0.01318	0.00659	0.00988	0.00988	0.00988	0.00659	0.00659	0.00988	0.00988	0.01318	0.01318	0.02306	0.01318	0.02635	0.02964	0.77931	0.00659	0.00659	0.00329	0.00329
105	0.02403	0.01461	0.01696	0.01442	0.01916	0.01543	0.01144	0.03775	0.39967	0.27449	0.06374	0.02883	0.02401	0.01022	0.00775	0.00248	0.00605	0.00849	0.00837	0.01209
106	0.01887	0.01629	0.01715	0.01544	0.01972	0.01887	0.01201	0.04031	0.67241	0.03173	0.03087	0.02830	0.02315	0.01029	0.00772	0.00257	0.00600	0.00858	0.00772	0.01201
107	0.01432	0.01348	0.02275	0.71520	0.05224	0.01685	0.02107	0.01938	0.01517	0.01938	0.01348	0.02022	0.01011	0.00758	0.00758	0.00253	0.01011	0.00674	0.00337	0.00843
108	0.01877	0.01802	0.03079	0.04656	0.68612	0.01802	0.02328	0.02328	0.01727	0.02478	0.01427	0.01877	0.01201	0.00676	0.00751	0.00225	0.00901	0.00676	0.00375	0.01201
109	0.03339	0.01331	0.01778	0.01370	0.01952	0.01183	0.01129	0.05973	0.04151	0.64844	0.02953	0.02561	0.01869	0.00940	0.00763	0.00235	0.00651	0.00763	0.00927	0.01288
110	0.03403	0.01291	0.01760	0.01350	0.01936	0.01115	0.01115	0.03697	0.02171	0.69137	0.02992	0.02582	0.01878	0.00939	0.00763	0.00235	0.00645	0.00763	0.00939	0.01291
111	0.02426	0.01683	0.01788	0.01422	0.01895	0.01840	0.01158	0.46060	0.02951	0.04173	0.02024	0.02135	0.01494	0.00902	0.00688	0.00212	0.00685	0.00690	0.24666	0.01108
112	0.01804	0.00936	0.01211	0.01080	0.01392	0.00829	0.00840	0.02086	0.01991	0.24630	0.26715	0.12404	0.15757	0.01522	0.00865	0.00252	0.00479	0.03497	0.00827	0.00882
113	0.03403	0.01291	0.01760	0.01350	0.01936	0.01115	0.01115	0.03697	0.02171	0.69137	0.02992	0.02582	0.01878	0.00939	0.00763	0.00235	0.00645	0.00763	0.00939	0.01291
114	0.00924	0.00660	0.00880	0.01056	0.01100	0.00616	0.00704	0.01056	0.01452	0.01936	0.04181	0.72848	0.05017	0.02376	0.00968	0.00308	0.00440	0.02156	0.00704	0.00616
115	0.51756	0.01326	0.01241	0.01130	0.01564	0.01449	0.00945	0.02347	0.01521	0.13983	0.01931	0.02832	0.01662	0.01004	0.00626	0.00256	0.00617	0.12344	0.00590	0.00875
116	0.01676	0.23860	0.48320	0.01952	0.02925	0.02122	0.04662	0.02366	0.01591	0.02226	0.01280	0.01507	0.00971	0.00697	0.00660	0.00218	0.01038	0.00528	0.00324	0.01075
117	0.00897	0.00765	0.00772	0.00778	0.01027	0.00639	0.00581	0.01087	0.01719	0.02045	0.07564	0.09552	0.66129	0.01937	0.00899	0.00258	0.00386	0.01620	0.00704	0.00639
