[name]
unknown

[dist]
# distance from previous block
# <min> <max>
11	68

[block]
# block no. 0 follows, 26 sequences, length 26
# corresponding to MSA columns:
# 71-96
name=unknown_A
#
# <colnr> <probs for GDERKNQSTAVLIFYWHMCP>
#	G	D	E	R	K	N	Q	S	T	A	V	L	I	F	Y	W	H	M	C	P
0	0.06494	0.38980	0.14488	0.01592	0.02254	0.16863	0.01571	0.06036	0.01779	0.02165	0.01175	0.01349	0.00981	0.00707	0.00582	0.00190	0.00970	0.00465	0.00370	0.00988
1	0.02850	0.01702	0.04908	0.01501	0.02104	0.01589	0.01277	0.25709	0.04893	0.33197	0.04966	0.02321	0.01795	0.00918	0.00750	0.00224	0.00715	0.00729	0.00800	0.07053
2	0.02779	0.02069	0.02276	0.06777	0.02559	0.02304	0.01490	0.61457	0.03418	0.04575	0.01787	0.01836	0.01270	0.00900	0.00759	0.00229	0.00847	0.00682	0.00728	0.01258
3	0.01901	0.01812	0.03177	0.09594	0.05585	0.04045	0.34229	0.11113	0.02012	0.04850	0.02119	0.02454	0.06308	0.00819	0.00819	0.00242	0.01025	0.00857	0.06038	0.01000
4	0.01898	0.01596	0.01681	0.01486	0.01917	0.01810	0.01163	0.10873	0.53056	0.03241	0.03422	0.03181	0.09095	0.01109	0.00783	0.00254	0.00605	0.00915	0.00763	0.01152
5	0.01559	0.01437	0.02427	0.46099	0.24196	0.01647	0.02069	0.01988	0.01543	0.02057	0.01370	0.01999	0.01091	0.00869	0.00915	0.05846	0.00952	0.00674	0.00348	0.00915
6	0.01694	0.01851	0.03875	0.10622	0.03811	0.01778	0.51961	0.02263	0.01703	0.02307	0.01569	0.02239	0.01250	0.05893	0.01083	0.00286	0.01187	0.00871	0.00386	0.03370
7	0.01432	0.01348	0.02275	0.71520	0.05224	0.01685	0.02107	0.01938	0.01517	0.01938	0.01348	0.02022	0.01011	0.00758	0.00758	0.00253	0.01011	0.00674	0.00337	0.00843
8	0.01785	0.01708	0.02912	0.18511	0.55477	0.01778	0.02282	0.02247	0.01684	0.02366	0.01410	0.01907	0.01162	0.00693	0.00752	0.00231	0.00924	0.00675	0.00367	0.01127
9	0.01816	0.01739	0.02967	0.13926	0.59823	0.01786	0.02297	0.02274	0.01698	0.02403	0.01416	0.01897	0.01175	0.00687	0.00752	0.00229	0.00916	0.00676	0.00370	0.01152
10	0.01432	0.01348	0.02275	0.71520	0.05224	0.01685	0.02107	0.01938	0.01517	0.01938	0.01348	0.02022	0.01011	0.00758	0.00758	0.00253	0.01011	0.00674	0.00337	0.00843
11	0.01877	0.01802	0.03079	0.04656	0.68612	0.01802	0.02328	0.02328	0.01727	0.02478	0.01427	0.01877	0.01201	0.00676	0.00751	0.00225	0.00901	0.00676	0.00375	0.01201
12	0.01318	0.00659	0.00988	0.00988	0.00988	0.00659	0.00659	0.00988	0.00988	0.01318	0.01318	0.02306	0.01318	0.02635	0.02964	0.77931	0.00659	0.00659	0.00329	0.00329
13	0.02028	0.73799	0.03975	0.01298	0.01947	0.03001	0.01298	0.02271	0.01541	0.01785	0.01055	0.01217	0.00973	0.00649	0.00487	0.00162	0.00811	0.00406	0.00324	0.00973
14	0.01794	0.02035	0.04413	0.03262	0.06846	0.01913	0.63025	0.02425	0.01787	0.02432	0.01530	0.02039	0.01153	0.00641	0.00889	0.00254	0.01262	0.00885	0.00383	0.01031
15	0.01573	0.01348	0.01573	0.01123	0.01798	0.01011	0.00899	0.01910	0.01573	0.02472	0.01348	0.01573	0.01123	0.00562	0.00562	0.00112	0.00562	0.00449	0.00449	0.77980
16	0.03299	0.06771	0.01928	0.01346	0.01937	0.01257	0.01129	0.03589	0.02123	0.64046	0.02846	0.02479	0.01809	0.00917	0.00742	0.00229	0.00658	0.00736	0.00892	0.01267
17	0.01635	0.10675	0.60709	0.02050	0.03106	0.01861	0.02598	0.02433	0.01615	0.04608	0.01387	0.01597	0.00993	0.00721	0.00699	0.00232	0.01075	0.00552	0.00342	0.01112
18	0.02553	0.01952	0.02491	0.01900	0.02510	0.02075	0.11847	0.40090	0.11926	0.08711	0.02015	0.02042	0.01445	0.00871	0.00775	0.00232	0.00850	0.00738	0.00700	0.04275
19	0.00977	0.00686	0.00882	0.01019	0.01058	0.00654	0.00670	0.01088	0.01386	0.01845	0.03770	0.54889	0.04481	0.18364	0.01624	0.00406	0.00517	0.04452	0.00649	0.00584
20	0.01157	0.00791	0.01028	0.00999	0.01187	0.00727	0.00756	0.01473	0.02011	0.05729	0.49175	0.13421	0.11114	0.01681	0.00908	0.00255	0.00405	0.05654	0.00806	0.00723
21	0.02620	0.01872	0.01999	0.01538	0.02140	0.05658	0.01253	0.35034	0.04932	0.14486	0.01905	0.01894	0.01363	0.00829	0.00709	0.00201	0.00761	0.00635	0.00694	0.19475
22	0.02453	0.04026	0.08546	0.01299	0.01815	0.01179	0.01155	0.02899	0.05620	0.37804	0.09341	0.03114	0.05306	0.05105	0.00926	0.00259	0.00641	0.00847	0.06587	0.01080
23	0.70109	0.01450	0.01177	0.01024	0.01512	0.01630	0.00842	0.02294	0.01356	0.07044	0.01181	0.01327	0.00898	0.00709	0.00491	0.00228	0.00589	0.00433	0.00495	0.05210
24	0.01194	0.00832	0.01066	0.01051	0.01233	0.00795	0.00791	0.01594	0.05601	0.05197	0.41145	0.16225	0.07765	0.04657	0.01032	0.00282	0.00445	0.07579	0.00782	0.00734
25	0.03121	0.01287	0.01712	0.01331	0.01875	0.01148	0.01092	0.07284	0.02254	0.58079	0.09933	0.02867	0.02409	0.01003	0.00777	0.00235	0.00626	0.00823	0.00917	0.01229

[dist]
# distance from previous block
# <min> <max>
26	74

[block]
# block no. 1 follows, 26 sequences, length 9
# corresponding to MSA columns:
# 188-196
name=unknown_B
#
# <colnr> <probs for GDERKNQSTAVLIFYWHMCP>
#	G	D	E	R	K	N	Q	S	T	A	V	L	I	F	Y	W	H	M	C	P
0	0.02108	0.04670	0.01812	0.01591	0.01918	0.38160	0.01207	0.02401	0.04901	0.02035	0.05510	0.11246	0.08496	0.01158	0.00846	0.00223	0.05074	0.00873	0.00498	0.05272
1	0.01752	0.02052	0.07772	0.02960	0.07378	0.01788	0.50388	0.02357	0.01748	0.02436	0.01495	0.01951	0.01139	0.00636	0.00835	0.00235	0.01158	0.00807	0.00388	0.10723
2	0.01852	0.01580	0.02335	0.02015	0.10625	0.01421	0.12241	0.05225	0.05036	0.07145	0.01599	0.01838	0.01253	0.00680	0.00739	0.00179	0.03101	0.00614	0.00489	0.40032
3	0.01757	0.01658	0.02802	0.04203	0.60116	0.01653	0.02124	0.02168	0.01693	0.02410	0.01773	0.10808	0.01682	0.00890	0.00778	0.00236	0.00843	0.00862	0.00417	0.01128
4	0.00944	0.00777	0.00834	0.00838	0.01077	0.00667	0.00640	0.01170	0.01790	0.02206	0.16053	0.07153	0.55222	0.01880	0.00907	0.00260	0.00402	0.05802	0.00723	0.00655
5	0.01790	0.02046	0.04476	0.03197	0.03964	0.01918	0.65857	0.02430	0.01790	0.02430	0.01535	0.02046	0.01151	0.00639	0.00895	0.00256	0.01279	0.00895	0.00384	0.01023
6	0.01938	0.61337	0.15646	0.01452	0.02185	0.02780	0.01566	0.02295	0.01552	0.01895	0.01109	0.01285	0.00971	0.00662	0.00528	0.00176	0.00866	0.00433	0.00324	0.01000
7	0.01576	0.11429	0.62384	0.02069	0.03139	0.01895	0.02641	0.02388	0.01595	0.02336	0.01328	0.01560	0.00962	0.00713	0.00696	0.00232	0.01088	0.00544	0.00321	0.01105
8	0.00935	0.00668	0.00890	0.01049	0.01103	0.00623	0.00705	0.01083	0.01502	0.02015	0.08754	0.68050	0.05170	0.02317	0.00963	0.00303	0.00434	0.02100	0.00713	0.00623

[dist]
# distance from previous block
# <min> <max>
0	1

[block]
# block no. 2 follows, 26 sequences, length 26
# corresponding to MSA columns:
# 198-223
name=unknown_C
#
# <colnr> <probs for GDERKNQSTAVLIFYWHMCP>
#	G	D	E	R	K	N	Q	S	T	A	V	L	I	F	Y	W	H	M	C	P
0	0.00896	0.00768	0.00768	0.00768	0.01025	0.00640	0.00576	0.01089	0.01729	0.02049	0.07684	0.07300	0.68304	0.01921	0.00896	0.00256	0.00384	0.01601	0.00704	0.00640
1	0.03403	0.01291	0.01760	0.01350	0.01936	0.01115	0.01115	0.03697	0.02171	0.69137	0.02992	0.02582	0.01878	0.00939	0.00763	0.00235	0.00645	0.00763	0.00939	0.01291
2	0.01432	0.01348	0.02275	0.71520	0.05224	0.01685	0.02107	0.01938	0.01517	0.01938	0.01348	0.02022	0.01011	0.00758	0.00758	0.00253	0.01011	0.00674	0.00337	0.00843
3	0.01521	0.03923	0.69413	0.02162	0.03283	0.01762	0.02802	0.02402	0.01601	0.02402	0.01361	0.01601	0.00961	0.00721	0.00721	0.00240	0.01121	0.00560	0.00320	0.01121
4	0.00896	0.00768	0.00768	0.00768	0.01025	0.00640	0.00576	0.01089	0.01729	0.02049	0.07684	0.07300	0.68304	0.01921	0.00896	0.00256	0.00384	0.01601	0.00704	0.00640
5	0.01134	0.00829	0.01048	0.00974	0.01175	0.00776	0.00736	0.04005	0.02176	0.03045	0.61516	0.05620	0.10991	0.01550	0.00889	0.00239	0.00379	0.01359	0.00823	0.00734
6	0.00911	0.00773	0.00789	0.00797	0.01049	0.00651	0.00605	0.01110	0.01730	0.02059	0.07518	0.07356	0.65419	0.01929	0.00903	0.00260	0.00398	0.04394	0.00704	0.00643
7	0.02833	0.03615	0.02149	0.01954	0.02345	0.70298	0.01466	0.03029	0.02149	0.01856	0.01172	0.01368	0.00977	0.00782	0.00684	0.00195	0.01368	0.00489	0.00391	0.00879
8	0.02079	0.69337	0.03859	0.01340	0.01972	0.07280	0.01309	0.02319	0.01580	0.01789	0.01062	0.01226	0.00974	0.00657	0.00499	0.00164	0.00847	0.00411	0.00329	0.00967
9	0.03380	0.01328	0.01784	0.01367	0.01955	0.01171	0.01130	0.06511	0.02234	0.66233	0.02940	0.02547	0.01851	0.00938	0.00763	0.00234	0.00654	0.00759	0.00931	0.01291
10	0.01619	0.17429	0.56766	0.01995	0.03025	0.02001	0.02512	0.02377	0.01590	0.02283	0.01302	0.01527	0.00963	0.00707	0.00675	0.00225	0.01061	0.00531	0.00321	0.01092
11	0.02698	0.01749	0.01992	0.01508	0.02126	0.01751	0.01239	0.36596	0.02777	0.19206	0.01983	0.01940	0.01388	0.00836	0.00714	0.00202	0.00727	0.00647	0.00728	0.19192
12	0.02810	0.01939	0.02127	0.01659	0.02232	0.02110	0.01360	0.52103	0.07561	0.12330	0.02131	0.04524	0.01562	0.00974	0.00768	0.00233	0.00782	0.00757	0.00779	0.01260
13	0.01017	0.00756	0.00951	0.00964	0.01130	0.00690	0.00714	0.01297	0.01903	0.02584	0.40040	0.19884	0.18243	0.01820	0.00918	0.00262	0.00398	0.04972	0.00776	0.00680
14	0.01432	0.01348	0.02275	0.71520	0.05224	0.01685	0.02107	0.01938	0.01517	0.01938	0.01348	0.02022	0.01011	0.00758	0.00758	0.00253	0.01011	0.00674	0.00337	0.00843
15	0.01202	0.00983	0.01430	0.01362	0.01464	0.01221	0.01075	0.01441	0.01203	0.01763	0.01834	0.02787	0.01745	0.07424	0.53871	0.01019	0.16291	0.00793	0.00393	0.00700
16	0.01791	0.01715	0.02924	0.17558	0.56380	0.01780	0.02285	0.02253	0.01687	0.02374	0.01412	0.01905	0.01165	0.00692	0.00752	0.00231	0.00922	0.00675	0.00368	0.01132
17	0.00924	0.00660	0.00880	0.01056	0.01100	0.00616	0.00704	0.01056	0.01452	0.01936	0.04181	0.72848	0.05017	0.02376	0.00968	0.00308	0.00440	0.02156	0.00704	0.00616
18	0.01887	0.01629	0.01715	0.01544	0.01972	0.01887	0.01201	0.04031	0.67241	0.03173	0.03087	0.02830	0.02315	0.01029	0.00772	0.00257	0.00600	0.00858	0.00772	0.01201
19	0.01854	0.01779	0.03037	0.08094	0.65352	0.01796	0.02316	0.02308	0.01716	0.02450	0.01423	0.01885	0.01192	0.00680	0.00751	0.00227	0.00907	0.00676	0.00373	0.01183
20	0.01431	0.01307	0.02175	0.67018	0.04948	0.01623	0.02006	0.01927	0.01521	0.01995	0.01420	0.02073	0.01070	0.00766	0.00744	0.00248	0.00969	0.00676	0.05246	0.00834
21	0.02007	0.02041	0.03908	0.02834	0.03526	0.02029	0.49165	0.15423	0.02119	0.02878	0.01564	0.01979	0.01171	0.00732	0.00954	0.00254	0.05051	0.00839	0.00458	0.01067
22	0.01842	0.01579	0.01682	0.01534	0.01946	0.01819	0.01202	0.03867	0.62882	0.03113	0.03149	0.03211	0.02452	0.01100	0.00790	0.00263	0.00607	0.05027	0.00767	0.01167
23	0.01784	0.02028	0.04377	0.03141	0.03873	0.01937	0.62902	0.02402	0.01761	0.02402	0.01510	0.02028	0.01144	0.00671	0.00969	0.00259	0.04532	0.00884	0.00381	0.01014
24	0.01521	0.03923	0.69413	0.02162	0.03283	0.01762	0.02802	0.02402	0.01601	0.02402	0.01361	0.01601	0.00961	0.00721	0.00721	0.00240	0.01121	0.00560	0.00320	0.01121
25	0.01549	0.07721	0.65856	0.02115	0.03210	0.01829	0.02721	0.02395	0.01598	0.02369	0.01345	0.01581	0.00962	0.00717	0.00708	0.00236	0.01104	0.00552	0.00321	0.01113

[dist]
# distance from previous block
# <min> <max>
0	6

[block]
# block no. 3 follows, 26 sequences, length 37
# corresponding to MSA columns:
# 230-266
name=unknown_D
#
# <colnr> <probs for GDERKNQSTAVLIFYWHMCP>
#	G	D	E	R	K	N	Q	S	T	A	V	L	I	F	Y	W	H	M	C	P
0	0.00896	0.00768	0.00768	0.00768	0.01025	0.00640	0.00576	0.01089	0.01729	0.02049	0.07684	0.07300	0.68304	0.01921	0.00896	0.00256	0.00384	0.01601	0.00704	0.00640
1	0.01790	0.02046	0.04476	0.03197	0.03964	0.01918	0.65857	0.02430	0.01790	0.02430	0.01535	0.02046	0.01151	0.00639	0.00895	0.00256	0.01279	0.00895	0.00384	0.01023
2	0.01662	0.01582	0.02690	0.37014	0.37936	0.01746	0.02221	0.02139	0.01625	0.02217	0.01389	0.01947	0.01109	0.00716	0.00755	0.00239	0.00954	0.00675	0.00357	0.01028
3	0.01898	0.01214	0.01300	0.01111	0.01416	0.01324	0.00885	0.22338	0.02198	0.03396	0.02182	0.02440	0.01682	0.00917	0.00714	0.00202	0.04536	0.00697	0.48651	0.00900
4	0.01941	0.01657	0.01746	0.01555	0.01993	0.01912	0.01214	0.07438	0.63745	0.03261	0.03018	0.02775	0.02259	0.01023	0.00771	0.00256	0.00613	0.00848	0.00771	0.01205
5	0.74942	0.01499	0.01172	0.01035	0.01511	0.01734	0.00852	0.05395	0.01404	0.03471	0.01094	0.01261	0.00845	0.00714	0.00484	0.00234	0.00599	0.00424	0.00484	0.00845
6	0.03336	0.01306	0.01758	0.01358	0.01938	0.01149	0.01119	0.03711	0.05066	0.66202	0.02997	0.02593	0.01897	0.00943	0.00763	0.00236	0.00643	0.00767	0.00931	0.01287
7	0.01042	0.00774	0.00970	0.00921	0.01114	0.00702	0.00691	0.01370	0.02073	0.02865	0.57458	0.05956	0.18020	0.01616	0.00895	0.00242	0.00363	0.01412	0.00812	0.00702
8	0.01074	0.00775	0.01014	0.00954	0.01133	0.00716	0.00716	0.01431	0.02147	0.03042	0.68211	0.05666	0.07157	0.01551	0.00895	0.00239	0.00358	0.01372	0.00835	0.00716
9	0.00949	0.00814	0.00818	0.00809	0.01074	0.00706	0.00609	0.01243	0.05177	0.02108	0.07442	0.07064	0.64830	0.01874	0.00890	0.00256	0.00396	0.01562	0.00708	0.00670
10	0.01887	0.01629	0.01715	0.01544	0.01972	0.01887	0.01201	0.04031	0.67241	0.03173	0.03087	0.02830	0.02315	0.01029	0.00772	0.00257	0.00600	0.00858	0.00772	0.01201
11	0.01432	0.01348	0.02275	0.71520	0.05224	0.01685	0.02107	0.01938	0.01517	0.01938	0.01348	0.02022	0.01011	0.00758	0.00758	0.00253	0.01011	0.00674	0.00337	0.00843
12	0.78701	0.01467	0.01115	0.00997	0.01467	0.01702	0.00821	0.02230	0.01291	0.03403	0.01056	0.01232	0.00821	0.00704	0.00469	0.00235	0.00587	0.00411	0.00469	0.00821
13	0.01853	0.01777	0.03035	0.08327	0.65131	0.01796	0.02316	0.02306	0.01716	0.02448	0.01422	0.01885	0.01191	0.00680	0.00751	0.00227	0.00907	0.00676	0.00373	0.01182
14	0.01084	0.00813	0.01219	0.01219	0.01354	0.00948	0.00948	0.01354	0.01219	0.01761	0.02032	0.02980	0.01896	0.05689	0.70337	0.01219	0.02032	0.00813	0.00406	0.00677
15	0.01493	0.01420	0.02338	0.58018	0.09335	0.01774	0.02066	0.01952	0.01487	0.01962	0.01309	0.01966	0.01023	0.00824	0.00975	0.00261	0.09918	0.00673	0.00339	0.00867
16	0.01517	0.01289	0.01513	0.01118	0.01738	0.00977	0.00882	0.01837	0.01562	0.02426	0.01592	0.07696	0.01458	0.00718	0.00597	0.00129	0.00551	0.00596	0.00471	0.71333
17	0.01573	0.01348	0.01573	0.01123	0.01798	0.01011	0.00899	0.01910	0.01573	0.02472	0.01348	0.01573	0.01123	0.00562	0.00562	0.00112	0.00562	0.00449	0.00449	0.77980
18	0.02793	0.03354	0.02142	0.01911	0.02328	0.59486	0.01450	0.10016	0.05479	0.02242	0.01337	0.01489	0.01077	0.00808	0.00696	0.00202	0.01272	0.00528	0.00450	0.00940
19	0.03204	0.01285	0.01721	0.01341	0.01899	0.01139	0.01100	0.03605	0.05831	0.62204	0.06177	0.02746	0.02160	0.00974	0.00770	0.00236	0.00629	0.00798	0.00924	0.01258
20	0.01598	0.01328	0.01548	0.01158	0.01757	0.01067	0.00916	0.06572	0.01730	0.02617	0.03921	0.07695	0.01669	0.00773	0.00622	0.00142	0.00565	0.00641	0.00507	0.63172
21	0.01817	0.01401	0.01609	0.01276	0.01799	0.01287	0.01005	0.15332	0.06870	0.05356	0.04231	0.13154	0.02083	0.01001	0.00701	0.00186	0.00599	0.00839	0.00608	0.38846
22	0.02028	0.73799	0.03975	0.01298	0.01947	0.03001	0.01298	0.02271	0.01541	0.01785	0.01055	0.01217	0.00973	0.00649	0.00487	0.00162	0.00811	0.00406	0.00324	0.00973
23	0.78701	0.01467	0.01115	0.00997	0.01467	0.01702	0.00821	0.02230	0.01291	0.03403	0.01056	0.01232	0.00821	0.00704	0.00469	0.00235	0.00587	0.00411	0.00469	0.00821
24	0.05658	0.03777	0.62034	0.02089	0.03135	0.05614	0.02623	0.02428	0.01616	0.02424	0.01335	0.01569	0.00954	0.00723	0.00705	0.00237	0.01107	0.00549	0.00332	0.01092
25	0.01877	0.01802	0.03079	0.04656	0.68612	0.01802	0.02328	0.02328	0.01727	0.02478	0.01427	0.01877	0.01201	0.00676	0.00751	0.00225	0.00901	0.00676	0.00375	0.01201
26	0.01573	0.01348	0.01573	0.01123	0.01798	0.01011	0.00899	0.01910	0.01573	0.02472	0.01348	0.01573	0.01123	0.00562	0.00562	0.00112	0.00562	0.00449	0.00449	0.77980
27	0.00924	0.00660	0.00880	0.01056	0.01100	0.00616	0.00704	0.01056	0.01452	0.01936	0.04181	0.72848	0.05017	0.02376	0.00968	0.00308	0.00440	0.02156	0.00704	0.00616
28	0.01084	0.00813	0.01219	0.01219	0.01354	0.00948	0.00948	0.01354	0.01219	0.01761	0.02032	0.02980	0.01896	0.05689	0.70337	0.01219	0.02032	0.00813	0.00406	0.00677
29	0.00924	0.00660	0.00880	0.01056	0.01100	0.00616	0.00704	0.01056	0.01452	0.01936	0.04181	0.72848	0.05017	0.02376	0.00968	0.00308	0.00440	0.02156	0.00704	0.00616
30	0.01659	0.01659	0.02323	0.01991	0.01991	0.02323	0.01659	0.01825	0.01162	0.01825	0.00996	0.01659	0.00996	0.01328	0.02489	0.00332	0.71955	0.00664	0.00332	0.00830
31	0.00906	0.00769	0.00781	0.00778	0.01030	0.00644	0.00584	0.01107	0.01751	0.02102	0.10886	0.07213	0.65069	0.01901	0.00896	0.00255	0.00383	0.01589	0.00711	0.00644
32	0.02883	0.02125	0.02276	0.01745	0.02352	0.02352	0.01442	0.66082	0.03566	0.04780	0.01821	0.01821	0.01290	0.00911	0.00759	0.00228	0.00835	0.00683	0.00759	0.01290
33	0.03379	0.01330	0.01785	0.01368	0.01956	0.01173	0.01130	0.06637	0.02237	0.66103	0.02937	0.02546	0.01850	0.00937	0.00763	0.00234	0.00654	0.00759	0.00930	0.01291
34	0.63571	0.01432	0.01245	0.01068	0.01561	0.01584	0.00880	0.02524	0.01468	0.16611	0.01445	0.01503	0.01034	0.00751	0.00528	0.00235	0.00599	0.00481	0.00564	0.00916
35	0.03297	0.01350	0.01783	0.01379	0.01959	0.01217	0.01136	0.06807	0.05682	0.62457	0.02939	0.02557	0.01872	0.00942	0.00763	0.00236	0.00652	0.00764	0.00921	0.01286
36	0.01759	0.01843	0.02524	0.02108	0.02213	0.07315	0.08002	0.01974	0.01297	0.01888	0.01062	0.01676	0.01010	0.01219	0.02198	0.00314	0.59731	0.00674	0.00341	0.00853

[dist]
# distance from previous block
# <min> <max>
0	2

[block]
# block no. 4 follows, 26 sequences, length 25
# corresponding to MSA columns:
# 269-293
name=unknown_E
#
# <colnr> <probs for GDERKNQSTAVLIFYWHMCP>
#	G	D	E	R	K	N	Q	S	T	A	V	L	I	F	Y	W	H	M	C	P
0	0.00919	0.00680	0.00860	0.01004	0.01087	0.00620	0.00681	0.01062	0.01502	0.01957	0.04810	0.61072	0.16386	0.02295	0.00955	0.00299	0.00430	0.02057	0.00704	0.00620
1	0.01828	0.02398	0.19393	0.03932	0.49833	0.04557	0.02410	0.02374	0.01713	0.02434	0.01400	0.01789	0.01133	0.00691	0.00741	0.00228	0.00974	0.00640	0.00362	0.01169
2	0.01752	0.22733	0.34580	0.01770	0.02589	0.02136	0.01990	0.02767	0.17765	0.02421	0.01702	0.01798	0.01298	0.00777	0.00668	0.00223	0.00907	0.00591	0.00433	0.01100
3	0.01838	0.01574	0.01679	0.01533	0.01943	0.01813	0.01202	0.03851	0.62461	0.03107	0.03155	0.03248	0.02465	0.01107	0.00792	0.00264	0.00607	0.05430	0.00766	0.01164
4	0.02586	0.01229	0.01572	0.01317	0.01766	0.01165	0.01044	0.03221	0.14712	0.41942	0.07895	0.12888	0.02793	0.01206	0.00803	0.00250	0.00587	0.01024	0.00865	0.01135
5	0.01554	0.08492	0.65134	0.02105	0.03196	0.01843	0.02704	0.02394	0.01597	0.02362	0.01341	0.01576	0.00962	0.00716	0.00705	0.00235	0.01101	0.00550	0.00321	0.01111
6	0.01432	0.01348	0.02275	0.71520	0.05224	0.01685	0.02107	0.01938	0.01517	0.01938	0.01348	0.02022	0.01011	0.00758	0.00758	0.00253	0.01011	0.00674	0.00337	0.00843
7	0.00896	0.00768	0.00768	0.00768	0.01025	0.00640	0.00576	0.01089	0.01729	0.02049	0.07684	0.07300	0.68304	0.01921	0.00896	0.00256	0.00384	0.01601	0.00704	0.00640
8	0.01144	0.00940	0.01404	0.07889	0.14023	0.00932	0.01121	0.01372	0.01527	0.02045	0.03653	0.49061	0.08167	0.01888	0.00905	0.00284	0.00572	0.01714	0.00611	0.00747
9	0.03269	0.01261	0.01717	0.01327	0.01890	0.01092	0.01092	0.03566	0.02170	0.65331	0.06748	0.02759	0.02182	0.00974	0.00770	0.00235	0.00629	0.00798	0.00933	0.01258
10	0.01074	0.00775	0.01014	0.00954	0.01133	0.00716	0.00716	0.01431	0.02147	0.03042	0.68211	0.05666	0.07157	0.01551	0.00895	0.00239	0.00358	0.01372	0.00835	0.00716
11	0.02028	0.73799	0.03975	0.01298	0.01947	0.03001	0.01298	0.02271	0.01541	0.01785	0.01055	0.01217	0.00973	0.00649	0.00487	0.00162	0.00811	0.00406	0.00324	0.00973
12	0.01463	0.01369	0.02334	0.60786	0.04793	0.01668	0.06173	0.01957	0.01527	0.02015	0.01410	0.02056	0.01071	0.00777	0.00814	0.00251	0.03407	0.00690	0.04593	0.00846
13	0.03403	0.01291	0.01760	0.01350	0.01936	0.01115	0.01115	0.03697	0.02171	0.69137	0.02992	0.02582	0.01878	0.00939	0.00763	0.00235	0.00645	0.00763	0.00939	0.01291
14	0.03403	0.01291	0.01760	0.01350	0.01936	0.01115	0.01115	0.03697	0.02171	0.69137	0.02992	0.02582	0.01878	0.00939	0.00763	0.00235	0.00645	0.00763	0.00939	0.01291
15	0.03365	0.01352	0.01798	0.01378	0.01967	0.01205	0.01139	0.08250	0.02273	0.64440	0.02907	0.02526	0.01835	0.00937	0.00762	0.00234	0.00659	0.00757	0.00926	0.01291
16	0.01186	0.00855	0.01171	0.01306	0.01486	0.00840	0.01123	0.01527	0.01796	0.02355	0.12309	0.08123	0.08239	0.02017	0.01020	0.00330	0.00638	0.52265	0.00716	0.00697
17	0.01005	0.00773	0.00919	0.00882	0.01091	0.00687	0.00662	0.01299	0.01985	0.02657	0.44779	0.06298	0.30829	0.01694	0.00895	0.00245	0.00368	0.01460	0.00784	0.00687
18	0.01521	0.03923	0.69413	0.02162	0.03283	0.01762	0.02802	0.02402	0.01601	0.02402	0.01361	0.01601	0.00961	0.00721	0.00721	0.00240	0.01121	0.00560	0.00320	0.01121
19	0.01550	0.07825	0.65759	0.02114	0.03208	0.01831	0.02718	0.02395	0.01598	0.02368	0.01344	0.01580	0.00962	0.00717	0.00708	0.00236	0.01104	0.00552	0.00321	0.01113
20	0.01151	0.00845	0.01126	0.01269	0.01453	0.00820	0.01084	0.01463	0.01731	0.02216	0.04690	0.10960	0.16023	0.02075	0.01017	0.00331	0.00631	0.49733	0.00700	0.00685
21	0.00981	0.00701	0.00946	0.01121	0.01190	0.00665	0.00803	0.01155	0.01508	0.02000	0.04149	0.60561	0.04892	0.02323	0.00983	0.00316	0.00489	0.13881	0.00703	0.00632
22	0.01819	0.01743	0.02974	0.13386	0.60335	0.01787	0.02299	0.02277	0.01700	0.02408	0.01416	0.01896	0.01177	0.00687	0.00752	0.00229	0.00915	0.00676	0.00370	0.01155
23	0.01696	0.01877	0.03917	0.02872	0.03492	0.01839	0.53122	0.02239	0.01694	0.02321	0.01725	0.08611	0.01495	0.00873	0.01067	0.00269	0.08530	0.00989	0.00408	0.00965
24	0.57922	0.01516	0.01492	0.01639	0.12643	0.01695	0.01096	0.05305	0.01522	0.03296	0.04905	0.01616	0.01261	0.00757	0.00554	0.00233	0.00638	0.00522	0.00488	0.00901

[dist]
# distance from previous block
# <min> <max>
1	19

[block]
# block no. 5 follows, 26 sequences, length 27
# corresponding to MSA columns:
# 313-339
name=unknown_F
#
# <colnr> <probs for GDERKNQSTAVLIFYWHMCP>
#	G	D	E	R	K	N	Q	S	T	A	V	L	I	F	Y	W	H	M	C	P
0	0.01784	0.01775	0.03097	0.03486	0.34131	0.01878	0.17082	0.02322	0.05462	0.02381	0.01609	0.02286	0.01385	0.00878	0.01110	0.00260	0.13547	0.04050	0.00410	0.01067
1	0.01978	0.01217	0.04821	0.01262	0.01702	0.00970	0.01066	0.02306	0.01863	0.24840	0.11701	0.12968	0.03194	0.01305	0.00810	0.00239	0.00595	0.10566	0.00731	0.15866
2	0.01109	0.00872	0.01230	0.01203	0.01394	0.00783	0.04864	0.01307	0.01482	0.02034	0.03427	0.48776	0.03960	0.07300	0.01121	0.00308	0.00548	0.04920	0.00625	0.12736
3	0.02753	0.02171	0.02165	0.01710	0.02268	0.08441	0.01392	0.53613	0.07650	0.04328	0.01873	0.01888	0.01356	0.00906	0.00744	0.00225	0.00848	0.00678	0.03768	0.01223
4	0.01887	0.01629	0.01715	0.01544	0.01972	0.01887	0.01201	0.04031	0.67241	0.03173	0.03087	0.02830	0.02315	0.01029	0.00772	0.00257	0.00600	0.00858	0.00772	0.01201
5	0.01569	0.00857	0.00873	0.00817	0.01039	0.00881	0.00626	0.08555	0.01799	0.03034	0.02405	0.02722	0.01875	0.00887	0.00554	0.00182	0.00404	0.00704	0.69450	0.00768
6	0.01074	0.00775	0.01014	0.00954	0.01133	0.00716	0.00716	0.01431	0.02147	0.03042	0.68211	0.05666	0.07157	0.01551	0.00895	0.00239	0.00358	0.01372	0.00835	0.00716
7	0.01082	0.00776	0.01058	0.01067	0.01148	0.00853	0.00757	0.01247	0.01189	0.01664	0.02276	0.07391	0.02376	0.30256	0.42367	0.00994	0.01474	0.00990	0.00442	0.00594
8	0.00924	0.00660	0.00880	0.01056	0.01100	0.00616	0.00704	0.01056	0.01452	0.01936	0.04181	0.72848	0.05017	0.02376	0.00968	0.00308	0.00440	0.02156	0.00704	0.00616
9	0.78701	0.01467	0.01115	0.00997	0.01467	0.01702	0.00821	0.02230	0.01291	0.03403	0.01056	0.01232	0.00821	0.00704	0.00469	0.00235	0.00587	0.00411	0.00469	0.00821
10	0.01103	0.00735	0.00827	0.00827	0.00827	0.00735	0.00460	0.01103	0.01103	0.01471	0.02390	0.04964	0.02758	0.73343	0.03861	0.00735	0.00735	0.01103	0.00460	0.00460
11	0.01826	0.45882	0.30120	0.01643	0.02481	0.02506	0.01899	0.02324	0.01565	0.02031	0.01177	0.01370	0.00968	0.00678	0.00580	0.00193	0.00935	0.00467	0.00323	0.01032
12	0.03178	0.01313	0.01743	0.01342	0.01927	0.01148	0.01102	0.03574	0.05607	0.60370	0.02868	0.02516	0.01842	0.00914	0.00747	0.00226	0.00636	0.00743	0.00891	0.07309
13	0.02028	0.73799	0.03975	0.01298	0.01947	0.03001	0.01298	0.02271	0.01541	0.01785	0.01055	0.01217	0.00973	0.00649	0.00487	0.00162	0.00811	0.00406	0.00324	0.00973
14	0.01638	0.01436	0.04727	0.01181	0.01845	0.01035	0.00991	0.01990	0.01600	0.05912	0.01555	0.04653	0.01320	0.00666	0.00597	0.00133	0.00587	0.00543	0.00480	0.67111
15	0.02883	0.02125	0.02276	0.01745	0.02352	0.02352	0.01442	0.66082	0.03566	0.04780	0.01821	0.01821	0.01290	0.00911	0.00759	0.00228	0.00835	0.00683	0.00759	0.01290
16	0.01651	0.01007	0.01259	0.01177	0.01405	0.00982	0.00862	0.11412	0.01832	0.11239	0.06485	0.32905	0.03356	0.05439	0.01308	0.11009	0.00573	0.01372	0.00676	0.04051
17	0.02836	0.03528	0.02157	0.01942	0.02345	0.66338	0.01464	0.06704	0.02232	0.02027	0.01210	0.01394	0.00995	0.00789	0.00688	0.00197	0.01337	0.00500	0.00412	0.00903
18	0.00947	0.00770	0.00838	0.00821	0.01055	0.00662	0.00616	0.01186	0.01848	0.02331	0.24866	0.06836	0.50945	0.01816	0.00896	0.00251	0.00377	0.01536	0.00741	0.00662
19	0.02808	0.01302	0.01657	0.01328	0.01836	0.01221	0.01077	0.06674	0.11073	0.46694	0.10132	0.03117	0.05445	0.01059	0.00784	0.00239	0.00607	0.00874	0.00885	0.01188
20	0.03144	0.01272	0.01705	0.01325	0.01871	0.01124	0.01087	0.05968	0.02225	0.59796	0.09615	0.02867	0.02394	0.01000	0.00776	0.00235	0.00624	0.00822	0.00921	0.01232
21	0.01432	0.01317	0.02200	0.68125	0.05016	0.01638	0.02031	0.01930	0.01520	0.01981	0.01402	0.02061	0.01056	0.00764	0.00747	0.00249	0.00980	0.00676	0.04039	0.00836
22	0.00896	0.00768	0.00768	0.00768	0.01025	0.00640	0.00576	0.01089	0.01729	0.02049	0.07684	0.07300	0.68304	0.01921	0.00896	0.00256	0.00384	0.01601	0.00704	0.00640
23	0.01432	0.01348	0.02275	0.71520	0.05224	0.01685	0.02107	0.01938	0.01517	0.01938	0.01348	0.02022	0.01011	0.00758	0.00758	0.00253	0.01011	0.00674	0.00337	0.00843
24	0.78701	0.01467	0.01115	0.00997	0.01467	0.01702	0.00821	0.02230	0.01291	0.03403	0.01056	0.01232	0.00821	0.00704	0.00469	0.00235	0.00587	0.00411	0.00469	0.00821
25	0.01573	0.01348	0.01573	0.01123	0.01798	0.01011	0.00899	0.01910	0.01573	0.02472	0.01348	0.01573	0.01123	0.00562	0.00562	0.00112	0.00562	0.00449	0.00449	0.77980
26	0.02798	0.06824	0.02241	0.01913	0.02327	0.63738	0.01457	0.06159	0.02192	0.02000	0.01199	0.01384	0.00993	0.00782	0.00678	0.00195	0.01315	0.00494	0.00406	0.00904

[dist]
# distance from previous block
# <min> <max>
0	24

[block]
# block no. 6 follows, 26 sequences, length 27
# corresponding to MSA columns:
# 364-390
name=unknown_G
#
# <colnr> <probs for GDERKNQSTAVLIFYWHMCP>
#	G	D	E	R	K	N	Q	S	T	A	V	L	I	F	Y	W	H	M	C	P
0	0.02028	0.73799	0.03975	0.01298	0.01947	0.03001	0.01298	0.02271	0.01541	0.01785	0.01055	0.01217	0.00973	0.00649	0.00487	0.00162	0.00811	0.00406	0.00324	0.00973
1	0.01773	0.02013	0.04372	0.06411	0.04023	0.01907	0.62858	0.02407	0.01777	0.02407	0.01526	0.02045	0.01144	0.00645	0.00889	0.00256	0.01266	0.00885	0.00381	0.01015
2	0.01084	0.00813	0.01219	0.01219	0.01354	0.00948	0.00948	0.01354	0.01219	0.01761	0.02032	0.02980	0.01896	0.05689	0.70337	0.01219	0.02032	0.00813	0.00406	0.00677
3	0.00910	0.00769	0.00787	0.00782	0.01033	0.00646	0.00587	0.01114	0.01760	0.02123	0.12178	0.07178	0.63764	0.01893	0.00896	0.00255	0.00382	0.01584	0.00714	0.00646
4	0.02833	0.03615	0.02149	0.01954	0.02345	0.70298	0.01466	0.03029	0.02149	0.01856	0.01172	0.01368	0.00977	0.00782	0.00684	0.00195	0.01368	0.00489	0.00391	0.00879
5	0.01659	0.01659	0.02323	0.01991	0.01991	0.02323	0.01659	0.01825	0.01162	0.01825	0.00996	0.01659	0.00996	0.01328	0.02489	0.00332	0.71955	0.00664	0.00332	0.00830
6	0.00896	0.00768	0.00768	0.00768	0.01025	0.00640	0.00576	0.01089	0.01729	0.02049	0.07684	0.07300	0.68304	0.01921	0.00896	0.00256	0.00384	0.01601	0.00704	0.00640
7	0.01163	0.00854	0.01139	0.01282	0.01471	0.00830	0.01104	0.01483	0.01743	0.02230	0.04687	0.08326	0.16060	0.02063	0.01020	0.00332	0.00641	0.52183	0.00700	0.00688
8	0.02822	0.03284	0.02087	0.01875	0.02285	0.59845	0.01418	0.03152	0.06354	0.07811	0.01455	0.01568	0.01142	0.00811	0.00696	0.00203	0.01255	0.00536	0.00463	0.00936
9	0.01521	0.03923	0.69413	0.02162	0.03283	0.01762	0.02802	0.02402	0.01601	0.02402	0.01361	0.01601	0.00961	0.00721	0.00721	0.00240	0.01121	0.00560	0.00320	0.01121
10	0.01887	0.01629	0.01715	0.01544	0.01972	0.01887	0.01201	0.04031	0.67241	0.03173	0.03087	0.02830	0.02315	0.01029	0.00772	0.00257	0.00600	0.00858	0.00772	0.01201
11	0.78701	0.01467	0.01115	0.00997	0.01467	0.01702	0.00821	0.02230	0.01291	0.03403	0.01056	0.01232	0.00821	0.00704	0.00469	0.00235	0.00587	0.00411	0.00469	0.00821
12	0.03161	0.01308	0.01733	0.01344	0.01897	0.01172	0.01104	0.08131	0.02272	0.58593	0.08595	0.02794	0.02295	0.00990	0.00774	0.00235	0.00634	0.00810	0.00916	0.01241
13	0.01846	0.01584	0.01685	0.01535	0.01948	0.01825	0.01202	0.03882	0.63278	0.03118	0.03143	0.03176	0.02439	0.01094	0.00788	0.00263	0.00606	0.04648	0.00767	0.01170
14	0.01074	0.00775	0.01014	0.00954	0.01133	0.00716	0.00716	0.01431	0.02147	0.03042	0.68211	0.05666	0.07157	0.01551	0.00895	0.00239	0.00358	0.01372	0.00835	0.00716
15	0.01317	0.00976	0.01157	0.01119	0.01338	0.00964	0.00838	0.12754	0.02057	0.02746	0.20004	0.30161	0.15472	0.01826	0.00904	0.00270	0.00491	0.04094	0.00746	0.00768
16	0.00934	0.00668	0.00889	0.01050	0.01102	0.00623	0.00705	0.01080	0.01497	0.02008	0.08315	0.68510	0.05155	0.02323	0.00963	0.00304	0.00435	0.02106	0.00713	0.00623
17	0.01529	0.01447	0.02450	0.56992	0.18996	0.01711	0.02155	0.02023	0.01562	0.02055	0.01365	0.01991	0.01052	0.00740	0.00757	0.00247	0.00987	0.00674	0.00345	0.00921
18	0.78701	0.01467	0.01115	0.00997	0.01467	0.01702	0.00821	0.02230	0.01291	0.03403	0.01056	0.01232	0.00821	0.00704	0.00469	0.00235	0.00587	0.00411	0.00469	0.00821
19	0.01492	0.01355	0.02099	0.46147	0.03944	0.01704	0.01806	0.04522	0.01531	0.02071	0.01593	0.08155	0.01407	0.01021	0.01102	0.00269	0.14632	0.00803	0.03514	0.00834
20	0.78701	0.01467	0.01115	0.00997	0.01467	0.01702	0.00821	0.02230	0.01291	0.03403	0.01056	0.01232	0.00821	0.00704	0.00469	0.00235	0.00587	0.00411	0.00469	0.00821
21	0.02929	0.02052	0.02231	0.01711	0.02316	0.02244	0.01413	0.60640	0.03445	0.10395	0.01923	0.01887	0.01341	0.00913	0.00759	0.00228	0.00818	0.00690	0.00774	0.01290
22	0.78701	0.01467	0.01115	0.00997	0.01467	0.01702	0.00821	0.02230	0.01291	0.03403	0.01056	0.01232	0.00821	0.00704	0.00469	0.00235	0.00587	0.00411	0.00469	0.00821
23	0.02425	0.05092	0.02036	0.01723	0.02122	0.36239	0.01340	0.15969	0.06453	0.02534	0.01590	0.01855	0.01302	0.01744	0.13811	0.00398	0.01312	0.00611	0.00493	0.00951
24	0.01726	0.04436	0.01546	0.01291	0.01621	0.05823	0.00982	0.17682	0.07769	0.02745	0.03160	0.22898	0.09535	0.08285	0.01098	0.00291	0.00659	0.01211	0.00645	0.06597
25	0.07454	0.15795	0.48811	0.01875	0.02833	0.01935	0.02290	0.02445	0.01602	0.06406	0.01384	0.01566	0.01008	0.00720	0.00664	0.00226	0.00998	0.00535	0.00370	0.01083
26	0.19242	0.02111	0.06025	0.01521	0.02031	0.13745	0.03537	0.23424	0.02300	0.03308	0.02177	0.02264	0.08407	0.00928	0.00684	0.00225	0.00827	0.00689	0.05568	0.00986

[dist]
# distance from previous block
# <min> <max>
3	15

[block]
# block no. 7 follows, 26 sequences, length 52
# corresponding to MSA columns:
# 406-457
name=unknown_H
#
# <colnr> <probs for GDERKNQSTAVLIFYWHMCP>
#	G	D	E	R	K	N	Q	S	T	A	V	L	I	F	Y	W	H	M	C	P
0	0.01642	0.01933	0.07707	0.02757	0.03437	0.01690	0.50522	0.02212	0.01723	0.02358	0.01901	0.12257	0.01699	0.00893	0.00884	0.00258	0.01124	0.01043	0.00428	0.03533
1	0.01645	0.01416	0.01733	0.01244	0.01919	0.01115	0.03752	0.05026	0.01678	0.02581	0.01379	0.01605	0.01133	0.00582	0.00586	0.00124	0.00606	0.00480	0.00461	0.70934
2	0.00937	0.00669	0.00894	0.01070	0.01120	0.00627	0.00726	0.01078	0.01464	0.01950	0.04174	0.70162	0.04990	0.02365	0.00971	0.00310	0.00451	0.04719	0.00704	0.00620
3	0.01659	0.01659	0.02323	0.01991	0.01991	0.02323	0.01659	0.01825	0.01162	0.01825	0.00996	0.01659	0.00996	0.01328	0.02489	0.00332	0.71955	0.00664	0.00332	0.00830
4	0.00924	0.00660	0.00880	0.01056	0.01100	0.00616	0.00704	0.01056	0.01452	0.01936	0.04181	0.72848	0.05017	0.02376	0.00968	0.00308	0.00440	0.02156	0.00704	0.00616
5	0.01041	0.00700	0.00858	0.00931	0.00949	0.00682	0.00572	0.01077	0.01241	0.01655	0.03074	0.32949	0.03616	0.40097	0.02613	0.04749	0.00609	0.01515	0.00554	0.00517
6	0.00920	0.00675	0.00865	0.01017	0.01090	0.00619	0.00687	0.01061	0.01490	0.01952	0.04661	0.63867	0.13688	0.02314	0.00958	0.00301	0.00432	0.02080	0.00704	0.00619
7	0.02883	0.02125	0.02276	0.01745	0.02352	0.02352	0.01442	0.66082	0.03566	0.04780	0.01821	0.01821	0.01290	0.00911	0.00759	0.00228	0.00835	0.00683	0.00759	0.01290
8	0.08971	0.01999	0.02139	0.01651	0.02245	0.02192	0.01364	0.55532	0.03263	0.10305	0.01863	0.01841	0.01304	0.00897	0.00736	0.00229	0.00798	0.00668	0.00751	0.01253
9	0.02846	0.03244	0.02181	0.01902	0.02347	0.53380	0.01460	0.18729	0.02502	0.02584	0.01334	0.01481	0.01055	0.00814	0.00703	0.00203	0.01235	0.00537	0.00482	0.00982
10	0.02833	0.03615	0.02149	0.01954	0.02345	0.70298	0.01466	0.03029	0.02149	0.01856	0.01172	0.01368	0.00977	0.00782	0.00684	0.00195	0.01368	0.00489	0.00391	0.00879
11	0.04936	0.01574	0.01893	0.01459	0.02031	0.01513	0.04608	0.22459	0.04587	0.09865	0.02000	0.08770	0.01665	0.00913	0.00706	0.00198	0.00686	0.00759	0.00630	0.28749
12	0.02086	0.01732	0.02898	0.04203	0.59476	0.01708	0.02162	0.02515	0.01788	0.11612	0.01641	0.01974	0.01294	0.00712	0.00753	0.00227	0.00866	0.00688	0.00453	0.01214
13	0.07878	0.02147	0.02166	0.01699	0.02276	0.06314	0.01391	0.55262	0.06241	0.04442	0.01790	0.01801	0.01287	0.00895	0.00736	0.00228	0.00839	0.00661	0.00718	0.01230
14	0.00925	0.00683	0.00866	0.01003	0.01088	0.00624	0.00683	0.01075	0.01524	0.01994	0.06994	0.59317	0.15911	0.02270	0.00953	0.00297	0.00428	0.02034	0.00709	0.00624
15	0.01656	0.22513	0.52004	0.01932	0.02927	0.02091	0.02402	0.02367	0.01585	0.02238	0.01280	0.01499	0.00964	0.00702	0.00658	0.00219	0.01039	0.00519	0.00321	0.01082
16	0.01944	0.55593	0.05656	0.10996	0.02455	0.02726	0.01479	0.04529	0.01595	0.01936	0.01129	0.01383	0.00991	0.00708	0.00638	0.00188	0.04278	0.00470	0.00342	0.00965
17	0.03403	0.01291	0.01760	0.01350	0.01936	0.01115	0.01115	0.03697	0.02171	0.69137	0.02992	0.02582	0.01878	0.00939	0.00763	0.00235	0.00645	0.00763	0.00939	0.01291
18	0.01848	0.01772	0.03026	0.09049	0.64446	0.01795	0.02313	0.02302	0.01713	0.02443	0.01422	0.01887	0.01189	0.00681	0.00751	0.00227	0.00908	0.00676	0.00373	0.01178
19	0.01313	0.01163	0.01564	0.28606	0.02837	0.05239	0.01333	0.03895	0.01586	0.02028	0.02723	0.35504	0.02950	0.01736	0.03760	0.00315	0.00798	0.01370	0.00532	0.00747
20	0.00924	0.00660	0.00880	0.01056	0.01100	0.00616	0.00704	0.01056	0.01452	0.01936	0.04181	0.72848	0.05017	0.02376	0.00968	0.00308	0.00440	0.02156	0.00704	0.00616
21	0.03403	0.01291	0.01760	0.01350	0.01936	0.01115	0.01115	0.03697	0.02171	0.69137	0.02992	0.02582	0.01878	0.00939	0.00763	0.00235	0.00645	0.00763	0.00939	0.01291
22	0.01546	0.07298	0.66253	0.02120	0.03218	0.01821	0.02730	0.02396	0.01599	0.02372	0.01346	0.01583	0.00961	0.00717	0.00709	0.00236	0.01106	0.00553	0.00320	0.01114
23	0.02709	0.07646	0.02269	0.01918	0.02298	0.61843	0.01468	0.02905	0.02049	0.01850	0.01154	0.01378	0.00978	0.00810	0.00791	0.00202	0.05973	0.00495	0.00383	0.00882
24	0.00924	0.00660	0.00880	0.01056	0.01100	0.00616	0.00704	0.01056	0.01452	0.01936	0.04181	0.72848	0.05017	0.02376	0.00968	0.00308	0.00440	0.02156	0.00704	0.00616
25	0.01006	0.00718	0.00974	0.01149	0.01229	0.00686	0.00846	0.01197	0.01533	0.02028	0.04136	0.55247	0.04838	0.02299	0.00990	0.00319	0.00511	0.18952	0.00703	0.00639
26	0.02028	0.73799	0.03975	0.01298	0.01947	0.03001	0.01298	0.02271	0.01541	0.01785	0.01055	0.01217	0.00973	0.00649	0.00487	0.00162	0.00811	0.00406	0.00324	0.00973
27	0.01887	0.01629	0.01715	0.01544	0.01972	0.01887	0.01201	0.04031	0.67241	0.03173	0.03087	0.02830	0.02315	0.01029	0.00772	0.00257	0.00600	0.00858	0.00772	0.01201
28	0.00909	0.00769	0.00786	0.00782	0.01032	0.00646	0.00587	0.01114	0.01760	0.02122	0.12121	0.07180	0.63821	0.01894	0.00896	0.00255	0.00382	0.01584	0.00714	0.00646
29	0.06972	0.01695	0.01776	0.01415	0.01896	0.01861	0.01154	0.44596	0.02888	0.04161	0.01956	0.02063	0.01442	0.00891	0.00679	0.00214	0.00688	0.00673	0.21879	0.01102
30	0.01743	0.01034	0.01407	0.05156	0.05610	0.00989	0.01025	0.02163	0.05745	0.19151	0.26035	0.12866	0.08513	0.01423	0.00854	0.00253	0.00537	0.03819	0.00772	0.00904
31	0.01521	0.03923	0.69413	0.02162	0.03283	0.01762	0.02802	0.02402	0.01601	0.02402	0.01361	0.01601	0.00961	0.00721	0.00721	0.00240	0.01121	0.00560	0.00320	0.01121
32	0.01310	0.00716	0.00747	0.00747	0.00865	0.00716	0.00507	0.01545	0.01427	0.02374	0.02446	0.03543	0.02216	0.25139	0.01645	0.00364	0.00481	0.00840	0.51747	0.00624
33	0.78701	0.01467	0.01115	0.00997	0.01467	0.01702	0.00821	0.02230	0.01291	0.03403	0.01056	0.01232	0.00821	0.00704	0.00469	0.00235	0.00587	0.00411	0.00469	0.00821
34	0.02927	0.01190	0.01604	0.01278	0.01786	0.01036	0.01048	0.03224	0.02124	0.55657	0.09821	0.03429	0.06449	0.01108	0.00796	0.00241	0.00604	0.03604	0.00904	0.01169
35	0.02883	0.02125	0.02276	0.01745	0.02352	0.02352	0.01442	0.66082	0.03566	0.04780	0.01821	0.01821	0.01290	0.00911	0.00759	0.00228	0.00835	0.00683	0.00759	0.01290
36	0.01432	0.01348	0.02275	0.71520	0.05224	0.01685	0.02107	0.01938	0.01517	0.01938	0.01348	0.02022	0.01011	0.00758	0.00758	0.00253	0.01011	0.00674	0.00337	0.00843
37	0.01279	0.00846	0.01071	0.00984	0.01216	0.00778	0.00749	0.01668	0.04177	0.08623	0.53091	0.05510	0.14040	0.01527	0.00880	0.00241	0.00394	0.01331	0.00826	0.00772
38	0.02912	0.02079	0.02248	0.01724	0.02330	0.02285	0.01424	0.62695	0.03491	0.08274	0.01885	0.01862	0.01322	0.00912	0.00759	0.00228	0.00824	0.00687	0.00769	0.01290
39	0.02883	0.02125	0.02276	0.01745	0.02352	0.02352	0.01442	0.66082	0.03566	0.04780	0.01821	0.01821	0.01290	0.00911	0.00759	0.00228	0.00835	0.00683	0.00759	0.01290
40	0.02016	0.01359	0.01347	0.01144	0.01488	0.04490	0.00906	0.25358	0.02339	0.03498	0.02176	0.02393	0.01661	0.00889	0.00621	0.00196	0.00576	0.00688	0.45927	0.00928
41	0.01923	0.01890	0.03034	0.04525	0.65412	0.05110	0.02286	0.02362	0.01748	0.02448	0.01414	0.01853	0.01191	0.00681	0.00748	0.00224	0.00924	0.00667	0.00376	0.01186
42	0.01060	0.00773	0.00983	0.00932	0.01108	0.00711	0.00690	0.01385	0.02056	0.02874	0.59627	0.05763	0.11980	0.05479	0.01056	0.00267	0.00381	0.01376	0.00804	0.00696
43	0.01084	0.00813	0.01219	0.01219	0.01354	0.00948	0.00948	0.01354	0.01219	0.01761	0.02032	0.02980	0.01896	0.05689	0.70337	0.01219	0.02032	0.00813	0.00406	0.00677
44	0.40009	0.01973	0.01693	0.01403	0.01918	0.09793	0.01141	0.27610	0.02290	0.03772	0.01372	0.01481	0.01025	0.00795	0.00609	0.00227	0.00774	0.00527	0.00575	0.01014
45	0.03403	0.01291	0.01760	0.01350	0.01936	0.01115	0.01115	0.03697	0.02171	0.69137	0.02992	0.02582	0.01878	0.00939	0.00763	0.00235	0.00645	0.00763	0.00939	0.01291
46	0.01064	0.00768	0.01005	0.00961	0.01131	0.00709	0.00715	0.01407	0.02101	0.02969	0.64004	0.10080	0.07016	0.01605	0.00899	0.00243	0.00363	0.01423	0.00826	0.00709
47	0.01693	0.01344	0.01585	0.01138	0.01807	0.01018	0.00913	0.02027	0.01612	0.06852	0.01456	0.01639	0.01173	0.00587	0.00575	0.00120	0.00567	0.00470	0.00482	0.72941
48	0.01573	0.01348	0.01573	0.01123	0.01798	0.01011	0.00899	0.01910	0.01573	0.02472	0.01348	0.01573	0.01123	0.00562	0.00562	0.00112	0.00562	0.00449	0.00449	0.77980
49	0.01573	0.01348	0.01573	0.01123	0.01798	0.01011	0.00899	0.01910	0.01573	0.02472	0.01348	0.01573	0.01123	0.00562	0.00562	0.00112	0.00562	0.00449	0.00449	0.77980
50	0.01706	0.01870	0.03891	0.02808	0.03515	0.01723	0.53812	0.02275	0.01742	0.02401	0.01694	0.06832	0.01412	0.00749	0.00861	0.00243	0.01138	0.00929	0.00413	0.09987
51	0.01780	0.02012	0.04336	0.03097	0.03860	0.01874	0.62726	0.02405	0.01780	0.02432	0.01526	0.02023	0.01150	0.00636	0.00879	0.00249	0.01244	0.00874	0.00387	0.04733

[dist]
# distance from previous block
# <min> <max>
1	52

[block]
# block no. 8 follows, 26 sequences, length 6
# corresponding to MSA columns:
# 510-515
name=unknown_I
#
# <colnr> <probs for GDERKNQSTAVLIFYWHMCP>
#	G	D	E	R	K	N	Q	S	T	A	V	L	I	F	Y	W	H	M	C	P
0	0.06679	0.01460	0.01690	0.01385	0.01861	0.01510	0.01115	0.16928	0.16375	0.25068	0.14705	0.02964	0.02760	0.01052	0.00772	0.00239	0.00621	0.00859	0.00819	0.01139
1	0.54011	0.01544	0.01446	0.06839	0.01949	0.01749	0.01047	0.12229	0.01740	0.09351	0.01371	0.01507	0.01003	0.00761	0.00564	0.00235	0.00665	0.00506	0.00545	0.00938
