[name]
unknown

[dist]
# distance from previous block
# <min> <max>
22	84

[block]
# block no. 0 follows, 28 sequences, length 15
# corresponding to MSA columns:
# 86-100
name=unknown_A
#
# <colnr> <probs for GDERKNQSTAVLIFYWHMCP>
#	G	D	E	R	K	N	Q	S	T	A	V	L	I	F	Y	W	H	M	C	P
0	0.02327	0.01746	0.01906	0.01465	0.02022	0.01815	0.01194	0.46462	0.02802	0.03862	0.01766	0.05124	0.01388	0.00858	0.00684	0.00194	0.00704	0.00669	0.03358	0.19654
1	0.06038	0.01988	0.02109	0.01633	0.02201	0.02207	0.01346	0.61831	0.06235	0.04455	0.01768	0.01764	0.01261	0.00869	0.00716	0.00220	0.00780	0.00651	0.00716	0.01213
2	0.01478	0.01054	0.01249	0.01186	0.01425	0.01090	0.00884	0.11508	0.13428	0.06389	0.16202	0.33826	0.04072	0.01619	0.00841	0.00259	0.00499	0.01425	0.00730	0.00836
3	0.01687	0.01488	0.02256	0.48510	0.12721	0.01749	0.01897	0.13353	0.04787	0.02447	0.01454	0.01921	0.01094	0.00753	0.00726	0.00235	0.00909	0.00655	0.00416	0.00941
4	0.01656	0.01402	0.01513	0.01369	0.01733	0.01589	0.01060	0.03377	0.55636	0.03016	0.15934	0.03242	0.03123	0.01084	0.00763	0.00243	0.00530	0.00918	0.00751	0.01060
5	0.02483	0.02793	0.01965	0.01745	0.02154	0.44903	0.01335	0.10936	0.19675	0.02447	0.01680	0.01731	0.01309	0.00826	0.00686	0.00207	0.01056	0.00583	0.00513	0.00971
6	0.01458	0.03760	0.70688	0.02072	0.03146	0.01688	0.02686	0.02302	0.01535	0.02302	0.01304	0.01535	0.00921	0.00691	0.00691	0.00230	0.01074	0.00537	0.00307	0.01074
7	0.00976	0.00692	0.00886	0.00971	0.01047	0.00658	0.00672	0.01139	0.01483	0.01997	0.16181	0.37843	0.06599	0.17398	0.01508	0.00372	0.00489	0.07856	0.00648	0.00585
8	0.01748	0.41291	0.27049	0.01814	0.07686	0.02344	0.01840	0.02207	0.01496	0.01971	0.01139	0.01362	0.00947	0.00674	0.00642	0.00193	0.03817	0.00471	0.00314	0.00994
9	0.00910	0.00652	0.00866	0.00995	0.01060	0.00607	0.00677	0.01074	0.01506	0.02038	0.15287	0.62179	0.05161	0.02141	0.00916	0.00284	0.00408	0.01937	0.00696	0.00607
10	0.01042	0.00752	0.00990	0.00954	0.01125	0.00700	0.00731	0.01384	0.02022	0.02846	0.63413	0.05688	0.06609	0.01535	0.00871	0.00239	0.00373	0.07253	0.00788	0.00684
11	0.01426	0.01397	0.02511	0.61799	0.04817	0.01650	0.12240	0.01931	0.01495	0.01931	0.01320	0.01942	0.00990	0.00709	0.00747	0.00243	0.01009	0.00679	0.00330	0.00835
12	0.59256	0.01558	0.01190	0.01057	0.01479	0.07949	0.00853	0.06427	0.01485	0.03154	0.01214	0.01392	0.00944	0.00713	0.00493	0.00215	0.00622	0.00448	0.08742	0.00810
13	0.00983	0.00725	0.00919	0.00904	0.01066	0.00661	0.00665	0.01271	0.01900	0.02620	0.50795	0.15984	0.15499	0.01656	0.00868	0.00241	0.00358	0.01459	0.00763	0.00661
14	0.00900	0.00643	0.00856	0.01003	0.01057	0.00600	0.00676	0.01047	0.01457	0.01959	0.10420	0.67270	0.05008	0.02200	0.00921	0.00289	0.00414	0.01993	0.00687	0.00600

[dist]
# distance from previous block
# <min> <max>
0	3

[block]
# block no. 1 follows, 28 sequences, length 14
# corresponding to MSA columns:
# 104-117
name=unknown_B
#
# <colnr> <probs for GDERKNQSTAVLIFYWHMCP>
#	G	D	E	R	K	N	Q	S	T	A	V	L	I	F	Y	W	H	M	C	P
0	0.01716	0.01961	0.04289	0.03064	0.03799	0.01838	0.67279	0.02328	0.01716	0.02328	0.01471	0.01961	0.01103	0.00613	0.00858	0.00245	0.01225	0.00858	0.00368	0.00980
1	0.79588	0.01406	0.01068	0.00956	0.01406	0.01631	0.00787	0.02137	0.01237	0.03261	0.01012	0.01181	0.00787	0.00675	0.00450	0.00225	0.00562	0.00394	0.00450	0.00787
2	0.01068	0.00801	0.00884	0.00934	0.00971	0.03696	0.00587	0.01133	0.01221	0.01593	0.02813	0.28346	0.03272	0.42835	0.06179	0.00566	0.00698	0.01365	0.00516	0.00520
3	0.02763	0.02036	0.02182	0.01672	0.02254	0.02254	0.01382	0.67496	0.03418	0.04581	0.01745	0.01745	0.01236	0.00873	0.00727	0.00218	0.00800	0.00654	0.00727	0.01236
4	0.19851	0.01874	0.01909	0.01504	0.02049	0.02095	0.01239	0.50057	0.05866	0.04218	0.01636	0.01663	0.01180	0.00834	0.00666	0.00221	0.00737	0.00604	0.00666	0.01132
5	0.02128	0.01632	0.01783	0.01377	0.01930	0.01655	0.01116	0.33261	0.10114	0.03522	0.01778	0.01847	0.01341	0.00771	0.00649	0.00181	0.00652	0.00600	0.06316	0.27349
6	0.00955	0.00671	0.00866	0.00984	0.01034	0.00641	0.00663	0.01083	0.01379	0.01844	0.07447	0.49311	0.04396	0.18267	0.01546	0.00386	0.00500	0.06829	0.00630	0.00569
7	0.00992	0.00697	0.00792	0.00822	0.00873	0.00668	0.00502	0.01047	0.01221	0.01586	0.03481	0.17536	0.14691	0.48895	0.02709	0.00551	0.00595	0.01321	0.00523	0.00497
8	0.01523	0.01170	0.01368	0.01243	0.01473	0.03834	0.00951	0.17797	0.01814	0.02457	0.06009	0.07804	0.02253	0.13217	0.32914	0.00716	0.01268	0.00894	0.00524	0.00772
9	0.01263	0.00631	0.00947	0.00947	0.00947	0.00631	0.00631	0.00947	0.00947	0.01263	0.01263	0.02210	0.01263	0.02525	0.02841	0.78851	0.00631	0.00631	0.00316	0.00316
10	0.01884	0.64670	0.08592	0.01350	0.01962	0.02745	0.01373	0.02157	0.01456	0.01756	0.01028	0.01222	0.00933	0.00671	0.00614	0.00172	0.05752	0.00416	0.00311	0.00934
11	0.01641	0.02261	0.19621	0.04902	0.14808	0.05008	0.21248	0.02177	0.01608	0.02262	0.04929	0.01957	0.01363	0.00781	0.00953	0.00239	0.09747	0.00709	0.02813	0.00974
12	0.09658	0.01666	0.01716	0.01799	0.12225	0.10908	0.01208	0.13987	0.10229	0.04751	0.08107	0.08471	0.10080	0.01093	0.00733	0.00228	0.00704	0.00896	0.00597	0.00945
13	0.38925	0.01602	0.10094	0.05928	0.07200	0.01438	0.01221	0.02152	0.01503	0.09779	0.07124	0.02213	0.06459	0.00850	0.00610	0.00228	0.00651	0.00638	0.00507	0.00879

[dist]
# distance from previous block
# <min> <max>
6	7

[block]
# block no. 2 follows, 28 sequences, length 37
# corresponding to MSA columns:
# 126-162
name=unknown_C
#
# <colnr> <probs for GDERKNQSTAVLIFYWHMCP>
#	G	D	E	R	K	N	Q	S	T	A	V	L	I	F	Y	W	H	M	C	P
0	0.02336	0.02067	0.02013	0.07633	0.05518	0.15481	0.01385	0.32582	0.11402	0.03358	0.04925	0.02013	0.01567	0.00869	0.00713	0.00217	0.00849	0.00671	0.03337	0.01063
1	0.67218	0.01636	0.07594	0.01122	0.01600	0.01675	0.01016	0.02127	0.01256	0.03073	0.01035	0.01241	0.00811	0.00716	0.00600	0.00232	0.05385	0.00423	0.00428	0.00814
2	0.00898	0.00733	0.00796	0.00811	0.01026	0.00631	0.00609	0.01104	0.01686	0.02087	0.14935	0.12642	0.52905	0.01841	0.00871	0.00252	0.00383	0.04475	0.00691	0.00624
3	0.01131	0.00910	0.01369	0.12521	0.01884	0.01094	0.01091	0.01397	0.01200	0.01694	0.01805	0.02788	0.01695	0.10407	0.49693	0.00923	0.06583	0.00772	0.00378	0.00666
4	0.01017	0.00734	0.00961	0.00923	0.01083	0.00678	0.00685	0.01342	0.02002	0.02827	0.64106	0.11110	0.06689	0.01552	0.00863	0.00234	0.00349	0.01377	0.00790	0.00678
5	0.02387	0.01919	0.01927	0.01576	0.02082	0.07898	0.01263	0.33448	0.26237	0.06799	0.02154	0.02074	0.01578	0.00888	0.00717	0.00221	0.00744	0.00691	0.00696	0.04701
6	0.01590	0.01590	0.02226	0.01908	0.01908	0.02226	0.01590	0.01749	0.01113	0.01749	0.00954	0.01590	0.00954	0.01272	0.02385	0.00318	0.73123	0.00636	0.00318	0.00795
7	0.00886	0.00633	0.00843	0.01012	0.01054	0.00590	0.00675	0.01012	0.01392	0.01856	0.04006	0.73979	0.04808	0.02277	0.00928	0.00295	0.00422	0.02066	0.00675	0.00590
8	0.02763	0.02036	0.02182	0.01672	0.02254	0.02254	0.01382	0.67496	0.03418	0.04581	0.01745	0.01745	0.01236	0.00873	0.00727	0.00218	0.00800	0.00654	0.00727	0.01236
9	0.01464	0.01470	0.02585	0.12439	0.02772	0.01689	0.22020	0.01805	0.01385	0.01941	0.01642	0.10806	0.01589	0.04689	0.04446	0.00335	0.24821	0.00907	0.00387	0.00807
10	0.02080	0.01752	0.01990	0.02001	0.12710	0.04111	0.01378	0.22177	0.34101	0.03302	0.02333	0.05037	0.01822	0.00942	0.00738	0.00233	0.00704	0.00783	0.00662	0.01144
11	0.02763	0.02036	0.02182	0.01672	0.02254	0.02254	0.01382	0.67496	0.03418	0.04581	0.01745	0.01745	0.01236	0.00873	0.00727	0.00218	0.00800	0.00654	0.00727	0.01236
12	0.00891	0.00637	0.00848	0.01008	0.01056	0.00594	0.00675	0.01026	0.01417	0.01896	0.06521	0.71348	0.04886	0.02247	0.00925	0.00293	0.00419	0.02038	0.00680	0.00594
13	0.08410	0.04950	0.02033	0.01667	0.01845	0.07881	0.04376	0.01906	0.01321	0.05028	0.01421	0.06842	0.01357	0.01663	0.09905	0.00382	0.37092	0.00722	0.00396	0.00802
14	0.02144	0.04819	0.01736	0.04049	0.01848	0.04663	0.01131	0.13518	0.04541	0.21222	0.19912	0.03200	0.02984	0.01108	0.00893	0.00234	0.06448	0.03866	0.00707	0.00977
15	0.00904	0.00703	0.00822	0.00867	0.01028	0.00621	0.00622	0.01103	0.01653	0.02130	0.19453	0.29122	0.34550	0.01912	0.00882	0.00259	0.00381	0.01666	0.00702	0.00621
16	0.00906	0.00645	0.00852	0.00994	0.01045	0.00604	0.00665	0.01045	0.01433	0.01925	0.09522	0.64885	0.04881	0.05589	0.01052	0.00309	0.00428	0.01955	0.00675	0.00592
17	0.06124	0.08897	0.02154	0.01685	0.02125	0.40532	0.01332	0.14119	0.02176	0.09326	0.01389	0.01498	0.01070	0.00792	0.00718	0.00201	0.03898	0.00524	0.00485	0.00955
18	0.11227	0.01852	0.03699	0.02680	0.03343	0.01800	0.53691	0.02260	0.01622	0.02417	0.01384	0.01832	0.01056	0.00648	0.00867	0.00241	0.04465	0.00775	0.00378	0.03763
19	0.01057	0.00705	0.00793	0.00793	0.00793	0.00705	0.00440	0.01057	0.01057	0.01409	0.02290	0.04757	0.02643	0.74454	0.03700	0.00705	0.00705	0.01057	0.00440	0.00440
20	0.01099	0.00839	0.01020	0.01079	0.01262	0.00818	0.00836	0.03432	0.07046	0.02242	0.10666	0.26071	0.20355	0.01881	0.00903	0.00281	0.00490	0.18298	0.00692	0.00690
21	0.01175	0.00989	0.01340	0.01291	0.01414	0.03852	0.01016	0.01419	0.01196	0.01699	0.01787	0.02632	0.01671	0.04728	0.59859	0.01020	0.11108	0.00748	0.00380	0.00675
22	0.03049	0.01385	0.01764	0.01347	0.01918	0.01275	0.01110	0.14966	0.02282	0.53777	0.02555	0.02275	0.01647	0.00870	0.00717	0.00215	0.00646	0.00696	0.00836	0.06672
23	0.03261	0.01237	0.01687	0.01293	0.01856	0.01068	0.01068	0.03543	0.02081	0.70423	0.02868	0.02474	0.01799	0.00900	0.00731	0.00225	0.00619	0.00731	0.00900	0.01237
24	0.01808	0.01561	0.01644	0.01479	0.01890	0.01808	0.01151	0.03863	0.68606	0.03041	0.02959	0.02712	0.02219	0.00986	0.00740	0.00247	0.00575	0.00822	0.00740	0.01151
25	0.01419	0.00739	0.00746	0.00723	0.00911	0.00749	0.00548	0.04683	0.01610	0.02795	0.02343	0.02666	0.01835	0.00848	0.00518	0.00172	0.00360	0.00676	0.74956	0.00703
26	0.00886	0.00633	0.00843	0.01012	0.01054	0.00590	0.00675	0.01012	0.01392	0.01856	0.04006	0.73979	0.04808	0.02277	0.00928	0.00295	0.00422	0.02066	0.00675	0.00590
27	0.01685	0.02027	0.11541	0.09862	0.28754	0.01758	0.29039	0.02245	0.01647	0.02300	0.01395	0.01847	0.01087	0.00646	0.00774	0.00232	0.01047	0.00721	0.00353	0.01040
28	0.01003	0.00733	0.00963	0.01085	0.01153	0.00729	0.00763	0.03324	0.01461	0.01954	0.03750	0.61325	0.04426	0.04612	0.01073	0.00310	0.03073	0.06985	0.00655	0.00621
29	0.01048	0.00771	0.00984	0.00926	0.01109	0.00722	0.00696	0.01444	0.04362	0.02876	0.64350	0.05407	0.09587	0.01485	0.00853	0.00230	0.00352	0.01307	0.00792	0.00699
30	0.01667	0.08074	0.47645	0.02169	0.03107	0.01759	0.15915	0.02383	0.01605	0.06870	0.01425	0.01662	0.01019	0.00684	0.00713	0.00228	0.01055	0.00607	0.00360	0.01056
31	0.01367	0.01056	0.01155	0.01057	0.01341	0.01049	0.00808	0.17025	0.04458	0.02682	0.10232	0.19118	0.32569	0.01639	0.00837	0.00248	0.00488	0.01389	0.00700	0.00783
32	0.01575	0.01158	0.01341	0.08378	0.01794	0.04350	0.00988	0.06233	0.10461	0.10764	0.13727	0.14588	0.15732	0.01553	0.03770	0.00282	0.00629	0.01164	0.00672	0.00839
33	0.01028	0.00779	0.00990	0.03450	0.01241	0.00744	0.00734	0.01394	0.04974	0.02559	0.43489	0.18122	0.14503	0.01631	0.00861	0.00245	0.00394	0.01437	0.00740	0.00684
34	0.02346	0.12666	0.05648	0.01866	0.06391	0.19882	0.07238	0.12376	0.07153	0.11330	0.01679	0.01777	0.01261	0.00770	0.00672	0.00205	0.00921	0.00604	0.04191	0.01023
35	0.06794	0.01923	0.14211	0.19391	0.34504	0.01645	0.02090	0.02237	0.01589	0.06778	0.01415	0.01790	0.01089	0.00692	0.00699	0.00226	0.00888	0.00617	0.00384	0.01041
36	0.00944	0.00730	0.00860	0.00847	0.01039	0.00647	0.00628	0.01200	0.01828	0.02417	0.37324	0.12157	0.33347	0.01707	0.00864	0.00242	0.00361	0.01474	0.00736	0.00647

[dist]
# distance from previous block
# <min> <max>
2	8

[block]
# block no. 3 follows, 28 sequences, length 33
# corresponding to MSA columns:
# 171-199,210-213
name=unknown_D
#
# <colnr> <probs for GDERKNQSTAVLIFYWHMCP>
#	G	D	E	R	K	N	Q	S	T	A	V	L	I	F	Y	W	H	M	C	P
0	0.02014	0.01701	0.02085	0.08475	0.13168	0.04605	0.03489	0.26025	0.10082	0.03126	0.02194	0.06608	0.05619	0.00943	0.00735	0.00221	0.00765	0.00794	0.00579	0.06770
1	0.05185	0.01656	0.01799	0.04054	0.02047	0.04774	0.01136	0.23897	0.02161	0.05168	0.01460	0.01614	0.01125	0.00712	0.00688	0.00170	0.03491	0.00531	0.00534	0.37798
2	0.01596	0.01287	0.01501	0.01170	0.01698	0.01101	0.00942	0.10353	0.01749	0.02566	0.01765	0.02666	0.01625	0.05940	0.00846	0.00194	0.00602	0.09196	0.00502	0.52698
3	0.01507	0.01292	0.01507	0.01077	0.01723	0.00969	0.00861	0.01830	0.01507	0.02369	0.01292	0.01507	0.01077	0.00538	0.00538	0.00108	0.00538	0.00431	0.00431	0.78898
4	0.01808	0.01561	0.01644	0.01479	0.01890	0.01808	0.01151	0.03863	0.68606	0.03041	0.02959	0.02712	0.02219	0.00986	0.00740	0.00247	0.00575	0.00822	0.00740	0.01151
5	0.00886	0.00633	0.00843	0.01012	0.01054	0.00590	0.00675	0.01012	0.01392	0.01856	0.04006	0.73979	0.04808	0.02277	0.00928	0.00295	0.00422	0.02066	0.00675	0.00590
6	0.01546	0.01461	0.02056	0.47736	0.08055	0.07274	0.01814	0.05158	0.01648	0.02068	0.01716	0.02874	0.01507	0.00937	0.00765	0.00250	0.00934	0.10969	0.00405	0.00830
7	0.03261	0.01237	0.01687	0.01293	0.01856	0.01068	0.01068	0.03543	0.02081	0.70423	0.02868	0.02474	0.01799	0.00900	0.00731	0.00225	0.00619	0.00731	0.00900	0.01237
8	0.01057	0.00705	0.00793	0.00793	0.00793	0.00705	0.00440	0.01057	0.01057	0.01409	0.02290	0.04757	0.02643	0.74454	0.03700	0.00705	0.00705	0.01057	0.00440	0.00440
9	0.05245	0.01310	0.01527	0.01244	0.01668	0.01329	0.00998	0.19363	0.07183	0.24662	0.14364	0.02877	0.02583	0.03206	0.00809	0.00234	0.00584	0.00814	0.08970	0.01032
10	0.02169	0.05871	0.01746	0.01338	0.01761	0.06801	0.01083	0.31255	0.10756	0.03455	0.01998	0.02092	0.01508	0.00856	0.00642	0.00201	0.00669	0.00653	0.24134	0.01011
11	0.02743	0.01890	0.02058	0.01586	0.02145	0.02059	0.01307	0.57916	0.03192	0.10999	0.01887	0.01865	0.01323	0.00874	0.00717	0.00216	0.00759	0.00663	0.04592	0.01209
12	0.01429	0.00836	0.01075	0.00962	0.01218	0.00748	0.00740	0.01738	0.02007	0.15581	0.48394	0.05084	0.14486	0.01423	0.00834	0.00230	0.00399	0.01234	0.00802	0.00780
13	0.02559	0.01906	0.02061	0.01625	0.02160	0.02116	0.01336	0.57125	0.09021	0.04253	0.01928	0.02081	0.01440	0.01102	0.03570	0.00262	0.00822	0.02735	0.00713	0.01187
14	0.02767	0.01602	0.04350	0.01578	0.02157	0.01512	0.06836	0.17439	0.11126	0.38992	0.02462	0.02271	0.01643	0.00874	0.00741	0.00228	0.00720	0.00730	0.00775	0.01198
15	0.01270	0.00635	0.00925	0.00925	0.00939	0.00635	0.00621	0.01008	0.00994	0.01382	0.01354	0.02251	0.01312	0.02387	0.02649	0.72386	0.00607	0.00635	0.06739	0.00345
16	0.00891	0.00642	0.00845	0.00995	0.01053	0.00596	0.00670	0.01030	0.01434	0.01909	0.07193	0.67853	0.07755	0.02221	0.00922	0.00290	0.00416	0.02008	0.00681	0.00596
17	0.01716	0.01934	0.10905	0.08879	0.36570	0.01742	0.10020	0.02513	0.13601	0.02438	0.01651	0.01961	0.01294	0.00715	0.00737	0.00229	0.00890	0.00691	0.00419	0.01094
18	0.01385	0.01232	0.02055	0.55057	0.09880	0.01474	0.01840	0.01772	0.01430	0.01858	0.01449	0.02332	0.01209	0.00987	0.00966	0.08528	0.00906	0.04519	0.00346	0.00777
19	0.00910	0.00641	0.00841	0.00987	0.01032	0.00600	0.00655	0.01013	0.01363	0.01809	0.03912	0.64540	0.06836	0.06615	0.01169	0.03487	0.00445	0.01929	0.00646	0.00571
20	0.01373	0.01292	0.02180	0.72707	0.05006	0.01615	0.02019	0.01857	0.01453	0.01857	0.01292	0.01938	0.00969	0.00727	0.00727	0.00242	0.00969	0.00646	0.00323	0.00807
21	0.06838	0.45783	0.03139	0.01496	0.02038	0.23400	0.04170	0.02399	0.01648	0.01851	0.01065	0.01245	0.00933	0.00663	0.00539	0.00173	0.00945	0.00434	0.00341	0.00899
22	0.09173	0.00799	0.00804	0.00800	0.01043	0.00726	0.00601	0.01189	0.01631	0.02187	0.12687	0.11729	0.50717	0.01718	0.00821	0.00246	0.00390	0.01436	0.00664	0.00637
23	0.03226	0.01293	0.01722	0.01320	0.01884	0.01152	0.01090	0.08058	0.02175	0.65774	0.02788	0.02423	0.01760	0.00898	0.00731	0.00224	0.00631	0.00726	0.00888	0.01237
24	0.00886	0.00633	0.00843	0.01012	0.01054	0.00590	0.00675	0.01012	0.01392	0.01856	0.04006	0.73979	0.04808	0.02277	0.00928	0.00295	0.00422	0.02066	0.00675	0.00590
25	0.01916	0.01940	0.02780	0.04003	0.58356	0.10592	0.02079	0.02387	0.04633	0.02328	0.01406	0.01777	0.01171	0.00675	0.00712	0.00214	0.00908	0.00632	0.00378	0.01112
26	0.01458	0.03760	0.70688	0.02072	0.03146	0.01688	0.02686	0.02302	0.01535	0.02302	0.01304	0.01535	0.00921	0.00691	0.00691	0.00230	0.01074	0.00537	0.00307	0.01074
27	0.01458	0.03760	0.70688	0.02072	0.03146	0.01688	0.02686	0.02302	0.01535	0.02302	0.01304	0.01535	0.00921	0.00691	0.00691	0.00230	0.01074	0.00537	0.00307	0.01074
28	0.01144	0.00892	0.01070	0.01083	0.01304	0.00884	0.00862	0.01707	0.12351	0.02446	0.22338	0.09161	0.20796	0.01676	0.00883	0.00268	0.00481	0.19204	0.00717	0.00733
29	0.05732	0.01692	0.02629	0.06299	0.45040	0.01751	0.04794	0.11743	0.04002	0.02727	0.01600	0.02171	0.01345	0.00773	0.00731	0.00227	0.00839	0.04362	0.00447	0.01097
30	0.01069	0.00852	0.00955	0.00949	0.01185	0.00799	0.00737	0.04196	0.06036	0.02300	0.14893	0.11112	0.40242	0.01748	0.00870	0.00257	0.00441	0.09971	0.00698	0.00691
31	0.02259	0.04326	0.01821	0.01478	0.01894	0.20498	0.01170	0.27595	0.06498	0.03166	0.09051	0.02360	0.04451	0.00937	0.00695	0.00206	0.00808	0.00711	0.09101	0.00973
32	0.02333	0.18471	0.06662	0.05251	0.08426	0.37269	0.01548	0.07991	0.01952	0.02087	0.01192	0.01402	0.00980	0.00718	0.00632	0.00191	0.01083	0.00495	0.00382	0.00935

[dist]
# distance from previous block
# <min> <max>
0	1

[block]
# block no. 4 follows, 28 sequences, length 36
# corresponding to MSA columns:
# 215-250
name=unknown_E
#
# <colnr> <probs for GDERKNQSTAVLIFYWHMCP>
#	G	D	E	R	K	N	Q	S	T	A	V	L	I	F	Y	W	H	M	C	P
0	0.02637	0.06445	0.02085	0.01516	0.02054	0.01942	0.01256	0.46222	0.02905	0.15719	0.04672	0.05561	0.01713	0.00955	0.00726	0.00220	0.00730	0.00747	0.00731	0.01163
1	0.06863	0.30180	0.04293	0.01449	0.01933	0.28749	0.01245	0.04411	0.01766	0.03918	0.01262	0.01430	0.01046	0.00712	0.00563	0.00179	0.00931	0.00468	0.07716	0.00887
2	0.23870	0.01354	0.01332	0.01165	0.01544	0.03924	0.00927	0.13792	0.06701	0.08346	0.13492	0.07075	0.09679	0.01134	0.00701	0.00234	0.00576	0.02621	0.00652	0.00881
3	0.39222	0.01303	0.03505	0.04761	0.01600	0.01371	0.00911	0.03738	0.08816	0.02828	0.02459	0.09105	0.10202	0.01029	0.00613	0.00233	0.00554	0.00789	0.06159	0.00801
4	0.01738	0.01421	0.01489	0.01327	0.01697	0.03960	0.01043	0.10974	0.34694	0.05004	0.12044	0.03760	0.12203	0.01196	0.00780	0.00242	0.00576	0.04132	0.00725	0.00993
5	0.01857	0.01486	0.01630	0.03869	0.01952	0.01690	0.01150	0.03641	0.58049	0.07857	0.06359	0.02810	0.02387	0.00997	0.00745	0.00244	0.00580	0.00835	0.00740	0.01121
6	0.01425	0.01205	0.01420	0.01068	0.01634	0.00919	0.00837	0.01722	0.01492	0.02301	0.01650	0.11076	0.01569	0.00768	0.00590	0.00132	0.00523	0.00647	0.00463	0.68559
7	0.01877	0.01596	0.01682	0.01493	0.01916	0.01840	0.01167	0.08455	0.63902	0.03152	0.02871	0.02642	0.02148	0.00978	0.00739	0.00244	0.00591	0.00810	0.00739	0.01157
8	0.00882	0.00647	0.00828	0.00973	0.01044	0.00594	0.00657	0.01017	0.01430	0.01871	0.04487	0.64394	0.14083	0.02215	0.00918	0.00288	0.00414	0.01990	0.00675	0.00594
9	0.00903	0.00645	0.00863	0.01032	0.01081	0.00605	0.00704	0.01042	0.01409	0.01875	0.03997	0.70056	0.04770	0.02261	0.00932	0.00298	0.00436	0.05822	0.00674	0.00595
10	0.79588	0.01406	0.01068	0.00956	0.01406	0.01631	0.00787	0.02137	0.01237	0.03261	0.01012	0.01181	0.00787	0.00675	0.00450	0.00225	0.00562	0.00394	0.00450	0.00787
11	0.00913	0.00649	0.00857	0.01013	0.01058	0.00612	0.00683	0.01041	0.01382	0.01839	0.03871	0.65421	0.04615	0.07618	0.01137	0.00328	0.00456	0.05267	0.00657	0.00583
12	0.08093	0.01546	0.01837	0.01636	0.06971	0.01608	0.01226	0.17788	0.18864	0.29035	0.02395	0.02228	0.01658	0.00881	0.00712	0.00228	0.00663	0.00706	0.00749	0.01177
13	0.07332	0.02396	0.02081	0.01685	0.02202	0.21477	0.01353	0.45640	0.02910	0.03723	0.01529	0.01591	0.01126	0.00826	0.00691	0.00210	0.00928	0.00587	0.00613	0.01100
14	0.05353	0.02015	0.02144	0.01648	0.02226	0.02233	0.01362	0.65292	0.03344	0.04537	0.01720	0.01726	0.01221	0.00866	0.00718	0.00218	0.00792	0.00646	0.00718	0.01221
15	0.00886	0.00633	0.00843	0.01012	0.01054	0.00590	0.00675	0.01012	0.01392	0.01856	0.04006	0.73979	0.04808	0.02277	0.00928	0.00295	0.00422	0.02066	0.00675	0.00590
16	0.02695	0.02002	0.02143	0.01659	0.02228	0.02223	0.01365	0.62982	0.08042	0.04472	0.01831	0.01814	0.01306	0.00881	0.00728	0.00220	0.00784	0.00666	0.00728	0.01230
17	0.02665	0.01983	0.02181	0.06711	0.02449	0.02209	0.01427	0.62840	0.03278	0.04388	0.01713	0.01759	0.01217	0.00862	0.00727	0.00220	0.00812	0.00654	0.00698	0.01206
18	0.00896	0.00641	0.00853	0.01005	0.01057	0.00597	0.00676	0.01038	0.01440	0.01932	0.08736	0.69032	0.04956	0.02220	0.00923	0.00290	0.00416	0.02012	0.00684	0.00597
19	0.01355	0.00678	0.00678	0.00678	0.00847	0.00678	0.00508	0.01694	0.01524	0.02710	0.02371	0.02710	0.01863	0.00847	0.00508	0.00169	0.00339	0.00678	0.78489	0.00678
20	0.08185	0.01872	0.02016	0.01550	0.02125	0.02022	0.01279	0.52935	0.03023	0.10540	0.01772	0.01759	0.01248	0.00841	0.00697	0.00213	0.00750	0.00630	0.00706	0.05837
21	0.79588	0.01406	0.01068	0.00956	0.01406	0.01631	0.00787	0.02137	0.01237	0.03261	0.01012	0.01181	0.00787	0.00675	0.00450	0.00225	0.00562	0.00394	0.00450	0.00787
22	0.05918	0.01256	0.01663	0.01289	0.01841	0.01118	0.01062	0.03505	0.04680	0.65371	0.02805	0.02438	0.01780	0.00895	0.00721	0.00226	0.00615	0.00723	0.00877	0.01218
23	0.01458	0.03760	0.70688	0.02072	0.03146	0.01688	0.02686	0.02302	0.01535	0.02302	0.01304	0.01535	0.00921	0.00691	0.00691	0.00230	0.01074	0.00537	0.00307	0.01074
24	0.01126	0.00797	0.01064	0.01045	0.01155	0.00883	0.00762	0.03668	0.01238	0.01769	0.02068	0.03378	0.02047	0.25759	0.44424	0.00936	0.01438	0.00852	0.04985	0.00609
25	0.00886	0.00633	0.00843	0.01012	0.01054	0.00590	0.00675	0.01012	0.01392	0.01856	0.04006	0.73979	0.04808	0.02277	0.00928	0.00295	0.00422	0.02066	0.00675	0.00590
26	0.00938	0.00657	0.00842	0.00969	0.01005	0.00627	0.00634	0.01040	0.01319	0.01756	0.03578	0.54696	0.04253	0.20065	0.01614	0.00398	0.00500	0.03938	0.00617	0.00556
27	0.01677	0.02000	0.07424	0.08181	0.03856	0.01814	0.59236	0.02292	0.01687	0.02292	0.01449	0.01938	0.01084	0.00625	0.00840	0.00244	0.01199	0.00826	0.00361	0.00972
28	0.00917	0.00731	0.00821	0.00815	0.01021	0.00636	0.00605	0.01148	0.01768	0.02267	0.27447	0.11387	0.44357	0.01757	0.00864	0.00244	0.00364	0.01501	0.00716	0.00636
29	0.01029	0.00743	0.00972	0.00914	0.01086	0.00686	0.00686	0.01372	0.02058	0.02915	0.69536	0.05430	0.06859	0.01486	0.00857	0.00229	0.00343	0.01315	0.00800	0.00686
30	0.01603	0.09477	0.02653	0.15615	0.02743	0.02129	0.10078	0.01891	0.01295	0.01840	0.01092	0.01659	0.00974	0.01012	0.01663	0.00277	0.42198	0.00640	0.00325	0.00836
31	0.49137	0.02075	0.19901	0.01499	0.06002	0.01659	0.01412	0.04613	0.01444	0.04812	0.01189	0.01368	0.00888	0.00691	0.00548	0.00226	0.00728	0.00466	0.00428	0.00914
32	0.03172	0.01281	0.01702	0.01316	0.01871	0.01146	0.01083	0.05770	0.05424	0.64805	0.02833	0.02461	0.01801	0.00903	0.00731	0.00226	0.00623	0.00733	0.00886	0.01233
33	0.00869	0.00733	0.00752	0.00754	0.00990	0.00617	0.00563	0.01059	0.01669	0.02010	0.10494	0.09006	0.64335	0.01836	0.00861	0.00246	0.00369	0.01539	0.00682	0.00617
34	0.01507	0.01292	0.01507	0.01077	0.01723	0.00969	0.00861	0.01830	0.01507	0.02369	0.01292	0.01507	0.01077	0.00538	0.00538	0.00108	0.00538	0.00431	0.00431	0.78898
35	0.03736	0.08963	0.03176	0.04404	0.10314	0.01801	0.31141	0.02082	0.01573	0.03970	0.01907	0.05732	0.06122	0.00889	0.00997	0.00244	0.10776	0.00844	0.00407	0.00921

[dist]
# distance from previous block
# <min> <max>
0	3

[block]
# block no. 5 follows, 28 sequences, length 33
# corresponding to MSA columns:
# 254-286
name=unknown_F
#
# <colnr> <probs for GDERKNQSTAVLIFYWHMCP>
#	G	D	E	R	K	N	Q	S	T	A	V	L	I	F	Y	W	H	M	C	P
0	0.01560	0.09610	0.51802	0.02346	0.10452	0.01809	0.07921	0.02285	0.01558	0.02260	0.01300	0.01567	0.00963	0.00673	0.00688	0.00223	0.01038	0.00563	0.00318	0.01063
1	0.05659	0.01326	0.01473	0.01206	0.01631	0.01305	0.00933	0.17414	0.08550	0.07431	0.02312	0.09565	0.04632	0.11296	0.01107	0.00269	0.00615	0.00835	0.00599	0.21842
2	0.10870	0.18846	0.02252	0.01481	0.01947	0.22034	0.01217	0.16692	0.07168	0.02688	0.04458	0.04268	0.01481	0.00844	0.00630	0.00201	0.00864	0.00604	0.00503	0.00950
3	0.02206	0.01572	0.01789	0.01426	0.01903	0.01650	0.01155	0.32440	0.07586	0.09866	0.05829	0.02414	0.01820	0.03958	0.04122	0.00273	0.03353	0.02594	0.00659	0.13385
4	0.02103	0.01682	0.01835	0.06574	0.02174	0.04162	0.01235	0.30384	0.16459	0.03369	0.01921	0.02029	0.01456	0.01143	0.05504	0.00271	0.00803	0.00660	0.03853	0.12384
5	0.00931	0.00723	0.00847	0.00850	0.01035	0.00639	0.00625	0.01170	0.01776	0.02328	0.31742	0.16682	0.34512	0.01766	0.00869	0.00246	0.00366	0.01528	0.00725	0.00639
6	0.02113	0.01596	0.01854	0.01386	0.01995	0.01515	0.02950	0.26469	0.05199	0.07852	0.01646	0.01727	0.01236	0.00709	0.00639	0.00167	0.00662	0.00563	0.00585	0.39137
7	0.02950	0.01346	0.01715	0.01332	0.01886	0.01244	0.01091	0.09275	0.08869	0.53011	0.02668	0.02366	0.01741	0.00881	0.00718	0.00219	0.00625	0.00713	0.00836	0.06514
8	0.03069	0.01348	0.01731	0.01349	0.01898	0.01258	0.01107	0.09846	0.08790	0.57303	0.02767	0.02426	0.01786	0.00906	0.00731	0.00226	0.00632	0.00732	0.00867	0.01228
9	0.01694	0.17740	0.48488	0.01864	0.02782	0.01894	0.04142	0.02411	0.03751	0.06724	0.01408	0.01574	0.01029	0.00698	0.00655	0.00216	0.00973	0.00539	0.00363	0.01056
10	0.00978	0.00759	0.00892	0.00927	0.01100	0.00701	0.00684	0.01278	0.04963	0.02186	0.18869	0.23505	0.29611	0.04215	0.00974	0.00276	0.00420	0.06317	0.00696	0.00648
11	0.03115	0.01357	0.01747	0.01352	0.01908	0.01261	0.01113	0.11673	0.06069	0.58203	0.02731	0.02395	0.01752	0.00901	0.00731	0.00225	0.00639	0.00726	0.00869	0.01232
12	0.01248	0.00843	0.01057	0.00973	0.01184	0.00803	0.00730	0.01698	0.07428	0.07644	0.52467	0.05017	0.08456	0.06021	0.01018	0.00261	0.00406	0.01225	0.00774	0.00745
13	0.01506	0.01451	0.02096	0.01800	0.01855	0.01958	0.04115	0.01705	0.01162	0.01801	0.01175	0.01834	0.01122	0.01841	0.12376	0.00434	0.56986	0.00668	0.03342	0.00777
14	0.00979	0.00767	0.00890	0.00861	0.01070	0.00693	0.00645	0.01310	0.04375	0.02468	0.37590	0.08304	0.34114	0.01649	0.00856	0.00239	0.00365	0.01417	0.00739	0.00669
15	0.00886	0.00633	0.00843	0.01012	0.01054	0.00590	0.00675	0.01012	0.01392	0.01856	0.04006	0.73979	0.04808	0.02277	0.00928	0.00295	0.00422	0.02066	0.00675	0.00590
16	0.02119	0.58603	0.03410	0.01387	0.01953	0.18533	0.01280	0.02342	0.01610	0.01726	0.01036	0.01199	0.00934	0.00651	0.00510	0.00163	0.00899	0.00407	0.00325	0.00912
17	0.01412	0.01282	0.01607	0.01466	0.01584	0.06202	0.01168	0.04443	0.01304	0.01828	0.01569	0.02370	0.01484	0.06696	0.37628	0.00757	0.25376	0.00718	0.00382	0.00727
18	0.00884	0.00637	0.00839	0.01000	0.01051	0.00591	0.00669	0.01014	0.01404	0.01860	0.04156	0.70997	0.07693	0.02258	0.00925	0.00293	0.00419	0.02043	0.00675	0.00591
19	0.01121	0.00900	0.01326	0.01278	0.01389	0.01105	0.01010	0.01365	0.01160	0.01697	0.01799	0.02667	0.01689	0.04830	0.61281	0.01042	0.12535	0.00758	0.00379	0.00671
20	0.01649	0.01680	0.06035	0.03765	0.53569	0.01566	0.04535	0.02071	0.01631	0.02305	0.01881	0.08130	0.03911	0.00873	0.00756	0.00230	0.00828	0.03121	0.00405	0.01059
21	0.01735	0.01684	0.02941	0.13741	0.56254	0.01720	0.06869	0.02187	0.01632	0.02300	0.01364	0.01830	0.01123	0.00656	0.00731	0.00222	0.00904	0.00663	0.00355	0.01092
22	0.00886	0.00633	0.00843	0.01012	0.01054	0.00590	0.00675	0.01012	0.01392	0.01856	0.04006	0.73979	0.04808	0.02277	0.00928	0.00295	0.00422	0.02066	0.00675	0.00590
23	0.05348	0.40512	0.06566	0.01478	0.02026	0.22137	0.01338	0.02554	0.08274	0.01957	0.01251	0.01380	0.01054	0.00700	0.00558	0.00180	0.00916	0.00462	0.00377	0.00930
24	0.01623	0.07011	0.59402	0.02020	0.03020	0.01709	0.05447	0.02386	0.01579	0.07162	0.01410	0.01603	0.00993	0.00699	0.00690	0.00227	0.01034	0.00558	0.00352	0.01075
25	0.01429	0.00863	0.01110	0.01016	0.01269	0.00796	0.00794	0.01807	0.04392	0.14186	0.44205	0.05216	0.11953	0.01447	0.00844	0.00239	0.00427	0.06428	0.00792	0.00787
26	0.01355	0.00678	0.00678	0.00678	0.00847	0.00678	0.00508	0.01694	0.01524	0.02710	0.02371	0.02710	0.01863	0.00847	0.00508	0.00169	0.00339	0.00678	0.78489	0.00678
27	0.00919	0.00678	0.00909	0.01055	0.01095	0.00668	0.00718	0.01047	0.01379	0.01851	0.03862	0.70550	0.04625	0.02230	0.00997	0.00296	0.03866	0.01999	0.00658	0.00600
28	0.01024	0.00747	0.00965	0.00922	0.01099	0.00688	0.00700	0.01356	0.02012	0.02815	0.62192	0.05668	0.11004	0.01535	0.00864	0.00235	0.00360	0.04348	0.00785	0.00680
29	0.01673	0.02120	0.11178	0.06060	0.03784	0.01813	0.57581	0.02305	0.01685	0.02305	0.01445	0.01915	0.01078	0.00626	0.00834	0.00243	0.01198	0.00815	0.00359	0.00983
30	0.65309	0.01529	0.01231	0.04317	0.01660	0.06348	0.00906	0.02277	0.01363	0.07915	0.01166	0.01317	0.00878	0.00698	0.00497	0.00223	0.00636	0.00434	0.00471	0.00824
31	0.79588	0.01406	0.01068	0.00956	0.01406	0.01631	0.00787	0.02137	0.01237	0.03261	0.01012	0.01181	0.00787	0.00675	0.00450	0.00225	0.00562	0.00394	0.00450	0.00787
32	0.01494	0.03508	0.61404	0.02211	0.03237	0.01709	0.11717	0.02306	0.01560	0.02306	0.01328	0.01594	0.00946	0.00680	0.00714	0.00232	0.01095	0.00582	0.00315	0.01061

[dist]
# distance from previous block
# <min> <max>
0	6

[block]
# block no. 6 follows, 28 sequences, length 65
# corresponding to MSA columns:
# 293-357
name=unknown_G
#
# <colnr> <probs for GDERKNQSTAVLIFYWHMCP>
#	G	D	E	R	K	N	Q	S	T	A	V	L	I	F	Y	W	H	M	C	P
0	0.07931	0.02897	0.49457	0.01723	0.02545	0.01462	0.02085	0.02083	0.01625	0.02518	0.16331	0.02364	0.02219	0.00865	0.00707	0.00229	0.00870	0.00697	0.00428	0.00964
1	0.04277	0.25662	0.47641	0.01778	0.02691	0.02053	0.02175	0.02258	0.01507	0.02152	0.01204	0.01409	0.00920	0.00669	0.00613	0.00207	0.00965	0.00486	0.00313	0.01021
2	0.15418	0.06045	0.07485	0.01309	0.01881	0.01384	0.01170	0.05324	0.04589	0.42232	0.04429	0.02181	0.01666	0.00850	0.00669	0.00222	0.00653	0.00658	0.00724	0.01109
3	0.01139	0.00923	0.01158	0.01148	0.01270	0.04984	0.00861	0.01352	0.01202	0.01647	0.01956	0.03078	0.01902	0.16512	0.56299	0.01035	0.01706	0.00806	0.00397	0.00626
4	0.01526	0.01543	0.02777	0.17977	0.12372	0.01714	0.21570	0.01927	0.01477	0.02047	0.01601	0.10350	0.01484	0.00986	0.01160	0.00263	0.17088	0.00876	0.00382	0.00879
5	0.01287	0.00859	0.01200	0.01336	0.01525	0.00850	0.01166	0.01619	0.01696	0.05952	0.03794	0.07883	0.04051	0.01947	0.00989	0.00329	0.00667	0.61468	0.00682	0.00701
6	0.00911	0.00668	0.00857	0.00971	0.01063	0.00614	0.00675	0.01081	0.01529	0.02027	0.13525	0.53315	0.13950	0.02100	0.00911	0.00280	0.00411	0.03812	0.00692	0.00609
7	0.00889	0.00642	0.00842	0.00995	0.01052	0.00595	0.00669	0.01025	0.01427	0.01895	0.06292	0.68299	0.08234	0.02229	0.00922	0.00290	0.00416	0.02015	0.00679	0.00595
8	0.01394	0.01328	0.02135	0.01793	0.01961	0.01636	0.12095	0.01658	0.01230	0.01810	0.01443	0.02216	0.01348	0.05195	0.27093	0.00626	0.33184	0.00738	0.00356	0.00761
9	0.01158	0.00781	0.00942	0.00972	0.01185	0.00697	0.00752	0.01374	0.01657	0.08481	0.07679	0.21183	0.34370	0.01866	0.00890	0.00271	0.00461	0.13900	0.00699	0.00681
10	0.01041	0.00709	0.00846	0.00860	0.00880	0.00722	0.00521	0.01085	0.01099	0.01482	0.02383	0.10063	0.02708	0.59615	0.12375	0.00733	0.00845	0.01102	0.00453	0.00480
11	0.01494	0.00848	0.01110	0.00984	0.01244	0.00763	0.00759	0.01814	0.02038	0.17248	0.51487	0.04896	0.09652	0.01383	0.00831	0.00229	0.00403	0.01204	0.00814	0.00799
12	0.72331	0.01465	0.01174	0.01024	0.01486	0.01690	0.00843	0.08311	0.01443	0.03386	0.01081	0.01234	0.00830	0.00693	0.00476	0.00224	0.00585	0.00418	0.00476	0.00830
13	0.02594	0.01929	0.02061	0.01613	0.02159	0.02143	0.01322	0.57204	0.11515	0.04322	0.01919	0.01900	0.01381	0.00886	0.00721	0.00220	0.00755	0.00676	0.03473	0.01206
14	0.00891	0.00644	0.00843	0.00990	0.01051	0.00597	0.00668	0.01032	0.01441	0.01915	0.07459	0.66452	0.08908	0.02211	0.00920	0.00289	0.00415	0.01996	0.00681	0.00597
15	0.00886	0.00633	0.00843	0.01012	0.01054	0.00590	0.00675	0.01012	0.01392	0.01856	0.04006	0.73979	0.04808	0.02277	0.00928	0.00295	0.00422	0.02066	0.00675	0.00590
16	0.01507	0.01292	0.01507	0.01077	0.01723	0.00969	0.00861	0.01830	0.01507	0.02369	0.01292	0.01507	0.01077	0.00538	0.00538	0.00108	0.00538	0.00431	0.00431	0.78898
17	0.01064	0.00771	0.01129	0.01129	0.01262	0.00890	0.00877	0.01329	0.01196	0.01769	0.01981	0.02844	0.01821	0.05086	0.65935	0.01089	0.01819	0.00771	0.06586	0.00651
18	0.00866	0.00737	0.00745	0.00743	0.00986	0.00616	0.00557	0.01056	0.01672	0.02000	0.09714	0.06936	0.67252	0.01828	0.00859	0.00245	0.00367	0.01526	0.00680	0.00616
19	0.01472	0.03660	0.67013	0.02127	0.03182	0.01696	0.06261	0.02303	0.01545	0.02303	0.01314	0.01558	0.00931	0.00686	0.00700	0.00231	0.01083	0.00555	0.00310	0.01069
20	0.66709	0.01451	0.03880	0.01010	0.01463	0.01557	0.00863	0.02132	0.03985	0.03138	0.03831	0.01691	0.04432	0.00774	0.00506	0.00227	0.00566	0.00505	0.00479	0.00801
21	0.00886	0.00633	0.00843	0.01012	0.01054	0.00590	0.00675	0.01012	0.01392	0.01856	0.04006	0.73979	0.04808	0.02277	0.00928	0.00295	0.00422	0.02066	0.00675	0.00590
22	0.01943	0.74891	0.03809	0.01244	0.01866	0.02876	0.01244	0.02177	0.01477	0.01710	0.01011	0.01166	0.00933	0.00622	0.00466	0.00155	0.00777	0.00389	0.00311	0.00933
23	0.02763	0.02036	0.02182	0.01672	0.02254	0.02254	0.01382	0.67496	0.03418	0.04581	0.01745	0.01745	0.01236	0.00873	0.00727	0.00218	0.00800	0.00654	0.00727	0.01236
24	0.01266	0.00633	0.00937	0.00937	0.00943	0.00633	0.00627	0.00974	0.00968	0.01314	0.01302	0.02227	0.01284	0.02466	0.02758	0.76051	0.00621	0.00633	0.03097	0.00329
25	0.00889	0.00646	0.00840	0.00985	0.01049	0.00596	0.00665	0.01029	0.01441	0.01907	0.06933	0.65572	0.10350	0.02209	0.00919	0.00288	0.00414	0.01991	0.00680	0.00596
26	0.01054	0.00718	0.00860	0.00860	0.00883	0.00741	0.00524	0.01100	0.01077	0.01459	0.02229	0.04417	0.02495	0.62136	0.15816	0.00787	0.00926	0.01007	0.00431	0.00478
27	0.01514	0.06211	0.60078	0.02272	0.08483	0.01742	0.05171	0.02293	0.01549	0.02287	0.01305	0.01559	0.00947	0.00681	0.00691	0.00227	0.01052	0.00553	0.00314	0.01071
28	0.79588	0.01406	0.01068	0.00956	0.01406	0.01631	0.00787	0.02137	0.01237	0.03261	0.01012	0.01181	0.00787	0.00675	0.00450	0.00225	0.00562	0.00394	0.00450	0.00787
29	0.01393	0.01173	0.01227	0.01131	0.01466	0.01233	0.00879	0.06395	0.30349	0.02593	0.05022	0.04879	0.34507	0.01421	0.00805	0.00247	0.00493	0.03199	0.00706	0.00883
30	0.00886	0.00633	0.00843	0.01012	0.01054	0.00590	0.00675	0.01012	0.01392	0.01856	0.04006	0.73979	0.04808	0.02277	0.00928	0.00295	0.00422	0.02066	0.00675	0.00590
31	0.01986	0.70938	0.03712	0.01279	0.01887	0.06676	0.01253	0.02217	0.01509	0.01714	0.01017	0.01174	0.00933	0.00629	0.00477	0.00157	0.00807	0.00393	0.00314	0.00928
32	0.01943	0.74891	0.03809	0.01244	0.01866	0.02876	0.01244	0.02177	0.01477	0.01710	0.01011	0.01166	0.00933	0.00622	0.00466	0.00155	0.00777	0.00389	0.00311	0.00933
33	0.01507	0.01292	0.01507	0.01077	0.01723	0.00969	0.00861	0.01830	0.01507	0.02369	0.01292	0.01507	0.01077	0.00538	0.00538	0.00108	0.00538	0.00431	0.00431	0.78898
34	0.01208	0.00810	0.00936	0.00899	0.00977	0.00844	0.00582	0.05998	0.01291	0.01807	0.02210	0.04066	0.02346	0.52064	0.12844	0.00683	0.00853	0.00951	0.08079	0.00551
35	0.11422	0.05968	0.51305	0.01847	0.02760	0.04143	0.02229	0.05531	0.01625	0.04888	0.01327	0.01512	0.00951	0.00704	0.00654	0.00224	0.00978	0.00524	0.00369	0.01039
36	0.01458	0.03760	0.70688	0.02072	0.03146	0.01688	0.02686	0.02302	0.01535	0.02302	0.01304	0.01535	0.00921	0.00691	0.00691	0.00230	0.01074	0.00537	0.00307	0.01074
37	0.01088	0.00781	0.01073	0.01235	0.01373	0.00766	0.01024	0.01365	0.01601	0.02087	0.04012	0.24835	0.06643	0.02070	0.00980	0.00322	0.00596	0.46832	0.00671	0.00647
38	0.01056	0.00708	0.00809	0.00809	0.00814	0.00713	0.00460	0.01067	0.01062	0.01421	0.02276	0.04676	0.02608	0.71521	0.06585	0.00724	0.00758	0.01045	0.00438	0.00449
39	0.01048	0.00701	0.00795	0.00804	0.00806	0.00699	0.00453	0.01055	0.01074	0.01433	0.02379	0.08345	0.02755	0.70712	0.03556	0.00683	0.00690	0.01109	0.00453	0.00448
40	0.01212	0.00964	0.01288	0.03395	0.01473	0.01127	0.00956	0.01737	0.12272	0.01931	0.04770	0.03075	0.02111	0.13194	0.41633	0.00836	0.06012	0.00831	0.00463	0.00720
41	0.03039	0.04160	0.05141	0.01340	0.01921	0.01210	0.01159	0.03449	0.05901	0.60575	0.02726	0.02393	0.01748	0.00884	0.00720	0.00224	0.00644	0.00714	0.00839	0.01213
42	0.02685	0.06430	0.02140	0.01836	0.02231	0.65186	0.01397	0.06071	0.02102	0.01915	0.01150	0.01326	0.00951	0.00750	0.00651	0.00187	0.01263	0.00474	0.00389	0.00866
43	0.01656	0.01724	0.05652	0.22569	0.36569	0.01716	0.12842	0.02200	0.03743	0.02245	0.01412	0.01882	0.01119	0.00676	0.00744	0.00229	0.00951	0.00683	0.00361	0.01027
44	0.08685	0.07967	0.10274	0.08301	0.05058	0.01652	0.01449	0.14182	0.04351	0.27978	0.01972	0.01950	0.01351	0.00805	0.00680	0.00221	0.00755	0.00630	0.00631	0.01109
45	0.00938	0.00739	0.00846	0.00819	0.01030	0.00647	0.00615	0.01196	0.01844	0.02407	0.36341	0.06266	0.40371	0.01676	0.00858	0.00238	0.00356	0.01432	0.00733	0.00647
46	0.07052	0.01842	0.02009	0.01559	0.02122	0.01996	0.01284	0.49878	0.06299	0.15601	0.01955	0.01886	0.01356	0.00872	0.00713	0.00221	0.00745	0.00661	0.00742	0.01207
47	0.00992	0.00742	0.00921	0.00876	0.01064	0.00670	0.00657	0.01301	0.01972	0.02711	0.56232	0.05765	0.20289	0.01562	0.00858	0.00232	0.00348	0.01362	0.00773	0.00670
48	0.02053	0.45523	0.13350	0.01456	0.02089	0.12891	0.01453	0.02378	0.01637	0.06860	0.03504	0.01482	0.01193	0.00701	0.00561	0.00179	0.00877	0.00479	0.00379	0.00954
49	0.01596	0.22383	0.50958	0.01930	0.04938	0.02002	0.02292	0.02267	0.01523	0.02149	0.01229	0.01446	0.00931	0.00671	0.00633	0.00210	0.00990	0.00502	0.00310	0.01040
50	0.02885	0.01352	0.01720	0.01340	0.01862	0.01286	0.01100	0.11774	0.05420	0.49244	0.02544	0.02314	0.01677	0.00894	0.00778	0.00220	0.03549	0.00704	0.04119	0.05217
51	0.01543	0.16280	0.58916	0.01926	0.02921	0.01897	0.02432	0.02280	0.01525	0.02198	0.01253	0.01470	0.00923	0.00679	0.00651	0.00217	0.01022	0.00511	0.00308	0.01049
52	0.01057	0.00705	0.00793	0.00793	0.00793	0.00705	0.00440	0.01057	0.01057	0.01409	0.02290	0.04757	0.02643	0.74454	0.03700	0.00705	0.00705	0.01057	0.00440	0.00440
53	0.01263	0.00631	0.00947	0.00947	0.00947	0.00631	0.00631	0.00947	0.00947	0.01263	0.01263	0.02210	0.01263	0.02525	0.02841	0.78851	0.00631	0.00631	0.00316	0.00316
54	0.01501	0.10120	0.64708	0.01998	0.03032	0.01794	0.02557	0.02291	0.01530	0.02249	0.01278	0.01502	0.00922	0.00684	0.00671	0.00224	0.01048	0.00524	0.00307	0.01062
55	0.01747	0.01662	0.02825	0.07689	0.63357	0.01678	0.02169	0.02177	0.01646	0.02339	0.01485	0.02119	0.01291	0.00718	0.00734	0.00223	0.00859	0.03798	0.00373	0.01111
56	0.02763	0.02036	0.02182	0.01672	0.02254	0.02254	0.01382	0.67496	0.03418	0.04581	0.01745	0.01745	0.01236	0.00873	0.00727	0.00218	0.00800	0.00654	0.00727	0.01236
57	0.01055	0.00774	0.01143	0.01143	0.01275	0.00897	0.00888	0.01319	0.01187	0.01740	0.01969	0.02848	0.01820	0.05213	0.67889	0.01116	0.01864	0.00774	0.04438	0.00650
58	0.01140	0.00942	0.01484	0.01385	0.01567	0.00926	0.10467	0.03978	0.01587	0.02144	0.09136	0.47468	0.04116	0.01853	0.00964	0.00283	0.03309	0.05928	0.00629	0.00695
59	0.00941	0.00677	0.00873	0.00984	0.01069	0.00618	0.00665	0.01055	0.01383	0.01844	0.03911	0.59213	0.09085	0.04893	0.01101	0.04141	0.00445	0.01835	0.00636	0.04632
60	0.01378	0.01258	0.02060	0.58412	0.06895	0.01525	0.01887	0.01894	0.03784	0.01959	0.01684	0.02774	0.01437	0.00899	0.00763	0.00253	0.00913	0.09028	0.00384	0.00814
61	0.01859	0.01603	0.02355	0.07277	0.13620	0.01629	0.12831	0.22479	0.02193	0.02969	0.04479	0.06060	0.09048	0.00948	0.00762	0.00222	0.00794	0.00857	0.00544	0.07472
62	0.01361	0.00848	0.01079	0.01046	0.01261	0.00800	0.00786	0.01747	0.06819	0.12222	0.27442	0.24735	0.10397	0.01648	0.00858	0.00255	0.00442	0.04731	0.00757	0.00766
63	0.01743	0.01737	0.03303	0.07966	0.15999	0.01661	0.36086	0.02334	0.04946	0.04917	0.01541	0.01927	0.01180	0.00647	0.00771	0.00221	0.00997	0.00742	0.00409	0.10872
64	0.09558	0.05188	0.01654	0.01381	0.01623	0.11818	0.01102	0.06575	0.01576	0.02246	0.01957	0.09530	0.04550	0.03176	0.05073	0.00303	0.18105	0.02931	0.07758	0.03895

[dist]
# distance from previous block
# <min> <max>
15	49

[block]
# block no. 7 follows, 28 sequences, length 30
# corresponding to MSA columns:
# 407-436
name=unknown_H
#
# <colnr> <probs for GDERKNQSTAVLIFYWHMCP>
#	G	D	E	R	K	N	Q	S	T	A	V	L	I	F	Y	W	H	M	C	P
