[name]
unknown

[dist]
# distance from previous block
# <min> <max>
0	43

[block]
# block no. 0 follows, 30 sequences, length 62
# corresponding to MSA columns:
# 43-104
name=unknown_A
#
# <colnr> <probs for GDERKNQSTAVLIFYWHMCP>
#	G	D	E	R	K	N	Q	S	T	A	V	L	I	F	Y	W	H	M	C	P
0	0.12996	0.06476	0.15986	0.01413	0.01873	0.01388	0.01401	0.10572	0.01725	0.02540	0.02352	0.04319	0.02321	0.01251	0.00756	0.00259	0.00731	0.30288	0.00525	0.00827
1	0.15575	0.02019	0.24669	0.07301	0.02262	0.01387	0.01505	0.07771	0.01646	0.10260	0.02269	0.02340	0.11382	0.00855	0.00647	0.00214	0.00731	0.00666	0.00479	0.06024
2	0.22703	0.16665	0.09512	0.03576	0.04711	0.03902	0.01277	0.14058	0.01775	0.11446	0.01383	0.01497	0.01033	0.00752	0.00629	0.02425	0.00727	0.00502	0.00479	0.00948
3	0.06513	0.01676	0.01699	0.03856	0.01912	0.08456	0.01137	0.27437	0.12076	0.05437	0.01930	0.08365	0.01640	0.05267	0.00915	0.00242	0.03800	0.00749	0.00589	0.06306
4	0.13870	0.01774	0.01858	0.01460	0.01968	0.01971	0.01201	0.53939	0.02843	0.04045	0.04065	0.01766	0.01340	0.01006	0.03534	0.00247	0.00763	0.00619	0.00649	0.01082
5	0.57001	0.01290	0.01122	0.00977	0.01369	0.01446	0.00780	0.07460	0.01420	0.07861	0.03393	0.01786	0.01241	0.09371	0.00846	0.00269	0.00572	0.00522	0.00493	0.00780
6	0.00997	0.00748	0.01121	0.01121	0.01246	0.00872	0.00872	0.01246	0.01121	0.01620	0.01869	0.02741	0.01745	0.05234	0.72710	0.01121	0.01869	0.00748	0.00374	0.00623
7	0.01727	0.01658	0.02832	0.04283	0.71123	0.01658	0.02142	0.02142	0.01589	0.02280	0.01313	0.01727	0.01105	0.00622	0.00691	0.00207	0.00829	0.00622	0.00345	0.01105
8	0.01558	0.27184	0.46451	0.01722	0.02565	0.02017	0.02079	0.02147	0.01437	0.02000	0.01145	0.01360	0.00889	0.00666	0.00664	0.00201	0.04169	0.00473	0.00296	0.00975
9	0.00997	0.00748	0.01121	0.01121	0.01246	0.00872	0.00872	0.01246	0.01121	0.01620	0.01869	0.02741	0.01745	0.05234	0.72710	0.01121	0.01869	0.00748	0.00374	0.00623
10	0.00974	0.00703	0.00921	0.00887	0.01040	0.00649	0.00657	0.01283	0.01912	0.02698	0.64156	0.12097	0.06390	0.01502	0.00830	0.00226	0.00337	0.01333	0.00756	0.00649
11	0.03131	0.01188	0.01619	0.01242	0.01781	0.01026	0.01026	0.03401	0.01997	0.71606	0.02753	0.02375	0.01727	0.00864	0.00702	0.00216	0.00594	0.00702	0.00864	0.01188
12	0.80405	0.01350	0.01026	0.00918	0.01350	0.01565	0.00756	0.02051	0.01188	0.03131	0.00972	0.01134	0.00756	0.00648	0.00432	0.00216	0.00540	0.00378	0.00432	0.00756
13	0.00917	0.00643	0.00858	0.01013	0.01080	0.00612	0.00724	0.01082	0.01389	0.01869	0.03754	0.60260	0.04392	0.02084	0.00887	0.00285	0.00443	0.13180	0.03945	0.00584
14	0.01091	0.00891	0.01001	0.01076	0.01212	0.05059	0.00804	0.01398	0.05693	0.02036	0.12564	0.35089	0.08916	0.04759	0.00972	0.00286	0.00513	0.15362	0.00640	0.00638
15	0.05889	0.01227	0.01619	0.01246	0.01783	0.01095	0.01029	0.06240	0.02025	0.66175	0.02641	0.02300	0.01669	0.00855	0.00692	0.00216	0.00600	0.00687	0.00841	0.01172
16	0.80405	0.01350	0.01026	0.00918	0.01350	0.01565	0.00756	0.02051	0.01188	0.03131	0.00972	0.01134	0.00756	0.00648	0.00432	0.00216	0.00540	0.00378	0.00432	0.00756
17	0.00944	0.00693	0.00884	0.00875	0.01025	0.00634	0.00642	0.01218	0.01815	0.02508	0.51250	0.17999	0.13712	0.01604	0.00835	0.00233	0.00346	0.01417	0.00732	0.00634
18	0.03076	0.01276	0.01674	0.01284	0.01826	0.01157	0.01060	0.10945	0.02145	0.63853	0.02629	0.02294	0.01665	0.00861	0.00701	0.00215	0.00614	0.00693	0.00845	0.01187
19	0.01770	0.01328	0.01484	0.01357	0.01726	0.01470	0.01082	0.03229	0.49090	0.10628	0.03093	0.03546	0.04429	0.01119	0.00753	0.00248	0.00566	0.11343	0.00715	0.01025
20	0.00988	0.00713	0.00933	0.00878	0.01043	0.00658	0.00658	0.01317	0.01975	0.02798	0.70754	0.05213	0.06584	0.01427	0.00823	0.00219	0.00329	0.01262	0.00768	0.00658
21	0.04545	0.00928	0.01104	0.00954	0.01283	0.00838	0.00751	0.04672	0.01862	0.23058	0.20920	0.04637	0.29009	0.01334	0.00768	0.00224	0.00443	0.01116	0.00736	0.00816
22	0.01376	0.01130	0.01241	0.01130	0.01431	0.01210	0.00871	0.05201	0.33532	0.02760	0.24990	0.04117	0.15674	0.01239	0.00766	0.00230	0.00456	0.01053	0.00717	0.00876
23	0.80405	0.01350	0.01026	0.00918	0.01350	0.01565	0.00756	0.02051	0.01188	0.03131	0.00972	0.01134	0.00756	0.00648	0.00432	0.00216	0.00540	0.00378	0.00432	0.00756
24	0.01527	0.01527	0.02137	0.01832	0.01832	0.02137	0.01527	0.01679	0.01069	0.01679	0.00916	0.01527	0.00916	0.01221	0.02290	0.00305	0.74198	0.00611	0.00305	0.00763
25	0.01447	0.01240	0.01447	0.01034	0.01654	0.00930	0.00827	0.01757	0.01447	0.02274	0.01240	0.01447	0.01034	0.00517	0.00517	0.00103	0.00517	0.00413	0.00413	0.79742
26	0.01015	0.00677	0.00761	0.00761	0.00761	0.00677	0.00423	0.01015	0.01015	0.01353	0.02199	0.04567	0.02537	0.75476	0.03552	0.00677	0.00677	0.01015	0.00423	0.00423
27	0.01866	0.75896	0.03657	0.01194	0.01791	0.02761	0.01194	0.02090	0.01418	0.01642	0.00970	0.01119	0.00896	0.00597	0.00448	0.00149	0.00746	0.00373	0.00299	0.00896
28	0.01736	0.01499	0.01578	0.01420	0.01815	0.01736	0.01105	0.03708	0.69862	0.02919	0.02840	0.02604	0.02130	0.00947	0.00710	0.00237	0.00552	0.00789	0.00710	0.01105
29	0.00980	0.00713	0.00922	0.00870	0.01038	0.00655	0.00653	0.01302	0.01958	0.02756	0.67828	0.05282	0.09537	0.01442	0.00823	0.00220	0.00330	0.01272	0.00763	0.00655
30	0.01727	0.01658	0.02832	0.04283	0.71123	0.01658	0.02142	0.02142	0.01589	0.02280	0.01313	0.01727	0.01105	0.00622	0.00691	0.00207	0.00829	0.00622	0.00345	0.01105
31	0.00988	0.00713	0.00933	0.00878	0.01043	0.00658	0.00658	0.01317	0.01975	0.02798	0.70754	0.05213	0.06584	0.01427	0.00823	0.00219	0.00329	0.01262	0.00768	0.00658
32	0.01666	0.01578	0.02676	0.06621	0.63396	0.01589	0.02057	0.02076	0.01583	0.02247	0.01490	0.02198	0.01319	0.00724	0.00712	0.00217	0.00819	0.05607	0.00367	0.01058
33	0.00874	0.00624	0.00837	0.00999	0.01050	0.00588	0.00690	0.01013	0.01360	0.01808	0.03833	0.69123	0.04563	0.02164	0.00897	0.00287	0.00426	0.07644	0.00647	0.00573
34	0.01647	0.01882	0.04118	0.02941	0.03647	0.01765	0.68588	0.02235	0.01647	0.02235	0.01412	0.01882	0.01059	0.00588	0.00824	0.00235	0.01176	0.00824	0.00353	0.00941
35	0.01702	0.01616	0.02708	0.04037	0.65294	0.01625	0.02055	0.02178	0.04457	0.02299	0.01477	0.02021	0.01270	0.00690	0.00703	0.00213	0.00810	0.03385	0.00373	0.01086
36	0.01491	0.01474	0.02069	0.01784	0.01793	0.02052	0.01483	0.01650	0.01072	0.01675	0.00980	0.01608	0.00972	0.01491	0.07019	0.00360	0.69342	0.00620	0.00310	0.00754
37	0.02607	0.03326	0.01978	0.01798	0.02157	0.72674	0.01348	0.02787	0.01978	0.01708	0.01079	0.01258	0.00899	0.00719	0.00629	0.00180	0.01258	0.00449	0.00360	0.00809
38	0.01841	0.01475	0.01581	0.01407	0.01812	0.01682	0.01099	0.03685	0.64720	0.08123	0.02834	0.02586	0.02100	0.00940	0.00709	0.00235	0.00555	0.00782	0.00722	0.01111
39	0.01500	0.14826	0.49035	0.01853	0.05476	0.04553	0.02121	0.02132	0.01533	0.02154	0.07307	0.01747	0.01396	0.00720	0.00642	0.00207	0.00925	0.00560	0.00342	0.00971
40	0.02347	0.04204	0.01508	0.01137	0.01566	0.01030	0.00926	0.05393	0.02003	0.42555	0.23516	0.03138	0.03143	0.01014	0.00723	0.00210	0.00524	0.00848	0.00790	0.03425
41	0.09392	0.01727	0.04427	0.13306	0.02607	0.07090	0.11955	0.03844	0.01365	0.02021	0.01094	0.01579	0.00930	0.00919	0.01410	0.00260	0.34310	0.00608	0.00341	0.00816
42	0.65762	0.01248	0.01039	0.00961	0.01348	0.01415	0.00786	0.01977	0.01260	0.05481	0.01453	0.07062	0.01319	0.00865	0.00515	0.00229	0.00540	0.05511	0.00479	0.00749
43	0.00955	0.00713	0.00819	0.00832	0.01020	0.00629	0.00619	0.01154	0.01608	0.04128	0.17120	0.16269	0.40517	0.05007	0.00960	0.00264	0.00397	0.05713	0.00665	0.00612
44	0.01635	0.01566	0.02571	0.15496	0.34172	0.01638	0.10658	0.02382	0.14910	0.02312	0.01609	0.01931	0.01266	0.00690	0.00706	0.00217	0.00825	0.00672	0.00414	0.04329
45	0.00997	0.00748	0.01121	0.01121	0.01246	0.00872	0.00872	0.01246	0.01121	0.01620	0.01869	0.02741	0.01745	0.05234	0.72710	0.01121	0.01869	0.00748	0.00374	0.00623
46	0.01598	0.01599	0.02369	0.40072	0.30241	0.08312	0.01961	0.02017	0.01525	0.01968	0.01253	0.01752	0.00995	0.00670	0.00689	0.00218	0.00922	0.00605	0.00328	0.00906
47	0.05871	0.03067	0.01953	0.01736	0.02124	0.60664	0.01321	0.11211	0.02111	0.02112	0.01151	0.01307	0.00930	0.00731	0.00630	0.00185	0.01165	0.00469	0.00406	0.00855
48	0.76832	0.01377	0.01075	0.00949	0.01387	0.01593	0.00782	0.05118	0.01284	0.03189	0.01004	0.01158	0.00776	0.00656	0.00444	0.00216	0.00550	0.00389	0.00444	0.00776
49	0.00881	0.00622	0.00807	0.00935	0.00974	0.00587	0.00613	0.00991	0.01310	0.01752	0.06065	0.61477	0.04365	0.13560	0.01302	0.00342	0.00444	0.01806	0.00617	0.00548
50	0.01527	0.01527	0.02137	0.01832	0.01832	0.02137	0.01527	0.01679	0.01069	0.01679	0.00916	0.01527	0.00916	0.01221	0.02290	0.00305	0.74198	0.00611	0.00305	0.00763
51	0.01301	0.00650	0.00650	0.00650	0.00813	0.00650	0.00488	0.01626	0.01463	0.02602	0.02276	0.02602	0.01789	0.00813	0.00488	0.00163	0.00325	0.00650	0.79350	0.00650
52	0.02328	0.01367	0.01596	0.01344	0.01800	0.01434	0.01071	0.03578	0.41029	0.32102	0.02803	0.02507	0.01959	0.00911	0.00707	0.00228	0.00570	0.00752	0.00775	0.01140
53	0.02802	0.01374	0.01694	0.01336	0.01853	0.01347	0.01091	0.14697	0.14194	0.47931	0.02583	0.02295	0.01706	0.00874	0.00703	0.00218	0.00616	0.00705	0.00808	0.01173
54	0.01318	0.01240	0.02093	0.73798	0.04806	0.01550	0.01938	0.01783	0.01395	0.01783	0.01240	0.01860	0.00930	0.00698	0.00698	0.00233	0.00930	0.00620	0.00310	0.00775
55	0.00830	0.00707	0.00714	0.00712	0.00946	0.00591	0.00534	0.01011	0.01603	0.01914	0.09068	0.06669	0.68823	0.01757	0.00825	0.00235	0.00353	0.01466	0.00652	0.00591
56	0.00855	0.00611	0.00814	0.00968	0.01013	0.00570	0.00648	0.00984	0.01359	0.01819	0.06298	0.72462	0.04688	0.02158	0.00888	0.00281	0.00402	0.01957	0.00652	0.00570
57	0.01758	0.01697	0.03274	0.08333	0.31595	0.01655	0.31788	0.02244	0.01629	0.06922	0.01450	0.01850	0.01114	0.00628	0.00751	0.00222	0.00976	0.00717	0.00381	0.01014
58	0.01879	0.01581	0.01628	0.01439	0.01849	0.04204	0.01125	0.08007	0.60549	0.05517	0.02698	0.02486	0.02010	0.00928	0.00706	0.00232	0.00593	0.00763	0.00703	0.01103
59	0.01419	0.06637	0.69004	0.01956	0.02969	0.01668	0.02520	0.02205	0.01471	0.02186	0.01240	0.01458	0.00884	0.00660	0.00654	0.00218	0.01019	0.00510	0.00295	0.01026
60	0.80405	0.01350	0.01026	0.00918	0.01350	0.01565	0.00756	0.02051	0.01188	0.03131	0.00972	0.01134	0.00756	0.00648	0.00432	0.00216	0.00540	0.00378	0.00432	0.00756
61	0.00938	0.00711	0.00864	0.00826	0.01012	0.00637	0.00619	0.01220	0.01857	0.02518	0.51237	0.05673	0.26277	0.01531	0.00824	0.00224	0.00337	0.01327	0.00731	0.00637

[dist]
# distance from previous block
# <min> <max>
0	8

[block]
# block no. 1 follows, 30 sequences, length 32
# corresponding to MSA columns:
# 113-144
name=unknown_B
#
# <colnr> <probs for GDERKNQSTAVLIFYWHMCP>
#	G	D	E	R	K	N	Q	S	T	A	V	L	I	F	Y	W	H	M	C	P
0	0.01625	0.01554	0.02648	0.21601	0.54602	0.01631	0.02091	0.02052	0.01541	0.02156	0.01295	0.01760	0.01062	0.00641	0.00693	0.00214	0.00854	0.00621	0.00337	0.01023
1	0.80405	0.01350	0.01026	0.00918	0.01350	0.01565	0.00756	0.02051	0.01188	0.03131	0.00972	0.01134	0.00756	0.00648	0.00432	0.00216	0.00540	0.00378	0.00432	0.00756
2	0.00859	0.00611	0.00807	0.00960	0.00999	0.00573	0.00636	0.00974	0.01319	0.01759	0.03758	0.71268	0.04505	0.06090	0.01032	0.00304	0.00419	0.01932	0.00636	0.00559
3	0.00997	0.00748	0.01121	0.01121	0.01246	0.00872	0.00872	0.01246	0.01121	0.01620	0.01869	0.02741	0.01745	0.05234	0.72710	0.01121	0.01869	0.00748	0.00374	0.00623
4	0.01314	0.01229	0.02018	0.68094	0.04536	0.01519	0.01849	0.01825	0.04015	0.01830	0.01536	0.02084	0.03791	0.00750	0.00703	0.00233	0.00893	0.00661	0.00339	0.00780
5	0.80405	0.01350	0.01026	0.00918	0.01350	0.01565	0.00756	0.02051	0.01188	0.03131	0.00972	0.01134	0.00756	0.00648	0.00432	0.00216	0.00540	0.00378	0.00432	0.00756
6	0.03131	0.01188	0.01619	0.01242	0.01781	0.01026	0.01026	0.03401	0.01997	0.71606	0.02753	0.02375	0.01727	0.00864	0.00702	0.00216	0.00594	0.00702	0.00864	0.01188
7	0.01796	0.01486	0.01580	0.01412	0.01813	0.01705	0.01101	0.03695	0.66924	0.05892	0.02836	0.02594	0.02113	0.00943	0.00710	0.00236	0.00554	0.00785	0.00717	0.01108
8	0.02530	0.01882	0.02028	0.01547	0.02112	0.02038	0.01275	0.61949	0.03094	0.04181	0.01631	0.01652	0.01171	0.00805	0.00680	0.00199	0.00742	0.00606	0.00669	0.09210
9	0.02653	0.01955	0.02094	0.01606	0.02164	0.02164	0.01326	0.68796	0.03281	0.04398	0.01675	0.01675	0.01187	0.00838	0.00698	0.00209	0.00768	0.00628	0.00698	0.01187
10	0.01015	0.00677	0.00761	0.00761	0.00761	0.00677	0.00423	0.01015	0.01015	0.01353	0.02199	0.04567	0.02537	0.75476	0.03552	0.00677	0.00677	0.01015	0.00423	0.00423
11	0.01044	0.00720	0.00885	0.00872	0.01043	0.00651	0.00641	0.01273	0.01694	0.05938	0.32927	0.16681	0.22238	0.06970	0.01029	0.00270	0.00396	0.03397	0.00694	0.00637
12	0.80405	0.01350	0.01026	0.00918	0.01350	0.01565	0.00756	0.02051	0.01188	0.03131	0.00972	0.01134	0.00756	0.00648	0.00432	0.00216	0.00540	0.00378	0.00432	0.00756
13	0.01100	0.00787	0.01090	0.01213	0.01374	0.00777	0.01042	0.01423	0.01672	0.02215	0.15611	0.07399	0.04472	0.01839	0.00939	0.00303	0.00587	0.54846	0.00665	0.00645
14	0.06067	0.01230	0.01619	0.01246	0.01783	0.01100	0.01030	0.06459	0.02027	0.65787	0.02634	0.02294	0.01664	0.00854	0.00691	0.00216	0.00600	0.00686	0.00839	0.01171
15	0.00999	0.00673	0.00778	0.00788	0.00804	0.00666	0.00460	0.01034	0.01115	0.01499	0.07485	0.10719	0.03021	0.63571	0.03117	0.00608	0.00627	0.01117	0.00468	0.00453
16	0.01400	0.03610	0.71860	0.01989	0.03020	0.01621	0.02578	0.02210	0.01473	0.02210	0.01252	0.01473	0.00884	0.00663	0.00663	0.00221	0.01031	0.00516	0.00295	0.01031
17	0.15222	0.01857	0.01921	0.01494	0.02032	0.02067	0.01234	0.58006	0.02943	0.04193	0.01562	0.01588	0.01117	0.00807	0.00655	0.00210	0.00731	0.00588	0.00655	0.01117
18	0.02653	0.01955	0.02094	0.01606	0.02164	0.02164	0.01326	0.68796	0.03281	0.04398	0.01675	0.01675	0.01187	0.00838	0.00698	0.00209	0.00768	0.00628	0.00698	0.01187
19	0.00850	0.00607	0.00810	0.00972	0.01012	0.00567	0.00648	0.00972	0.01336	0.01781	0.03846	0.75020	0.04615	0.02186	0.00891	0.00283	0.00405	0.01984	0.00648	0.00567
20	0.01131	0.00779	0.00970	0.01003	0.01127	0.00762	0.00725	0.06009	0.01560	0.04042	0.11986	0.32365	0.06950	0.16555	0.01402	0.00350	0.00512	0.10522	0.00627	0.00623
21	0.01015	0.00677	0.00761	0.00761	0.00761	0.00677	0.00423	0.01015	0.01015	0.01353	0.02199	0.04567	0.02537	0.75476	0.03552	0.00677	0.00677	0.01015	0.00423	0.00423
22	0.80405	0.01350	0.01026	0.00918	0.01350	0.01565	0.00756	0.02051	0.01188	0.03131	0.00972	0.01134	0.00756	0.00648	0.00432	0.00216	0.00540	0.00378	0.00432	0.00756
23	0.00846	0.00714	0.00737	0.00749	0.00979	0.00605	0.00573	0.01034	0.01592	0.01900	0.06826	0.06799	0.66015	0.01779	0.00835	0.00242	0.00374	0.06162	0.00648	0.00593
24	0.00997	0.00748	0.01121	0.01121	0.01246	0.00872	0.00872	0.01246	0.01121	0.01620	0.01869	0.02741	0.01745	0.05234	0.72710	0.01121	0.01869	0.00748	0.00374	0.00623
25	0.02653	0.01955	0.02094	0.01606	0.02164	0.02164	0.01326	0.68796	0.03281	0.04398	0.01675	0.01675	0.01187	0.00838	0.00698	0.00209	0.00768	0.00628	0.00698	0.01187
26	0.01615	0.01820	0.03922	0.09787	0.03759	0.01744	0.62149	0.02192	0.01623	0.02192	0.01395	0.01880	0.01046	0.00599	0.00811	0.00235	0.01153	0.00804	0.00349	0.00925
27	0.01926	0.01425	0.01574	0.01394	0.01799	0.01588	0.01105	0.06362	0.52552	0.12495	0.02839	0.02911	0.02169	0.01001	0.00727	0.00239	0.00574	0.05509	0.00726	0.01086
28	0.01727	0.01658	0.02832	0.04283	0.71123	0.01658	0.02142	0.02142	0.01589	0.02280	0.01313	0.01727	0.01105	0.00622	0.00691	0.00207	0.00829	0.00622	0.00345	0.01105
29	0.01381	0.01405	0.02720	0.07357	0.05725	0.01411	0.33739	0.01783	0.01513	0.02064	0.04625	0.19771	0.02212	0.01118	0.00956	0.00254	0.07176	0.03538	0.00443	0.00809
30	0.01716	0.01194	0.01470	0.01423	0.06720	0.01262	0.00993	0.22776	0.01918	0.07743	0.02219	0.14289	0.02146	0.17487	0.12972	0.00468	0.00860	0.00952	0.00565	0.00829
31	0.00864	0.00617	0.00825	0.00987	0.01033	0.00578	0.00671	0.00995	0.01349	0.01796	0.03839	0.71726	0.04586	0.02174	0.00894	0.00285	0.00417	0.05145	0.00648	0.00571

[dist]
# distance from previous block
# <min> <max>
0	28

[block]
# block no. 2 follows, 30 sequences, length 35
# corresponding to MSA columns:
# 173-207
name=unknown_C
#
# <colnr> <probs for GDERKNQSTAVLIFYWHMCP>
#	G	D	E	R	K	N	Q	S	T	A	V	L	I	F	Y	W	H	M	C	P
0	0.01611	0.01798	0.03830	0.11392	0.06269	0.01735	0.58239	0.02178	0.01615	0.02183	0.01388	0.01874	0.01045	0.00602	0.00804	0.00234	0.01134	0.00792	0.00348	0.00928
1	0.68427	0.01396	0.03692	0.05987	0.01635	0.01525	0.00900	0.02005	0.01248	0.02989	0.04182	0.01382	0.01038	0.00687	0.00477	0.00217	0.00575	0.00440	0.00434	0.00763
2	0.52098	0.01643	0.04980	0.01293	0.04787	0.04751	0.01037	0.08608	0.10097	0.03075	0.01308	0.01420	0.00998	0.00706	0.00524	0.00216	0.00633	0.00475	0.00478	0.00873
3	0.01226	0.07316	0.01280	0.04136	0.01381	0.03911	0.00811	0.03319	0.01687	0.04447	0.25313	0.25139	0.10648	0.01475	0.00776	0.00227	0.00484	0.01283	0.00628	0.04512
4	0.01650	0.15319	0.03514	0.02266	0.02902	0.01837	0.42184	0.02105	0.01544	0.02103	0.01278	0.01656	0.01017	0.00612	0.00784	0.00203	0.04841	0.00666	0.00350	0.13168
5	0.19546	0.13441	0.02045	0.01399	0.01897	0.10703	0.01165	0.30352	0.07833	0.03241	0.01434	0.01495	0.01089	0.00753	0.00593	0.00200	0.00757	0.00525	0.00537	0.00994
6	0.33721	0.26464	0.02091	0.04936	0.01766	0.01963	0.01031	0.06886	0.05521	0.04819	0.04245	0.01510	0.01209	0.00705	0.00512	0.00195	0.00639	0.00480	0.00444	0.00864
7	0.26564	0.01534	0.08656	0.08921	0.22071	0.01423	0.01444	0.01970	0.01419	0.05415	0.04452	0.06784	0.01468	0.00872	0.00714	0.03644	0.00696	0.00658	0.00424	0.00868
8	0.01447	0.01240	0.01447	0.01034	0.01654	0.00930	0.00827	0.01757	0.01447	0.02274	0.01240	0.01447	0.01034	0.00517	0.00517	0.00103	0.00517	0.00413	0.00413	0.79742
9	0.01542	0.05147	0.07044	0.21129	0.03760	0.01716	0.42618	0.02085	0.01561	0.02085	0.01411	0.02011	0.01103	0.00663	0.00770	0.00233	0.01068	0.02817	0.00345	0.00891
10	0.01515	0.01204	0.01416	0.01066	0.01613	0.00958	0.00841	0.05269	0.01555	0.05317	0.01623	0.09828	0.01477	0.00738	0.00577	0.00134	0.00521	0.00615	0.00474	0.63258
11	0.01559	0.01951	0.13645	0.07434	0.05487	0.03486	0.28587	0.04774	0.01557	0.02155	0.01515	0.08327	0.01325	0.00859	0.00989	0.00240	0.11823	0.00798	0.00376	0.03115
12	0.01404	0.00839	0.01048	0.00937	0.01200	0.00764	0.00723	0.01763	0.04936	0.15996	0.41242	0.04857	0.18809	0.01367	0.00795	0.00223	0.00396	0.01176	0.00759	0.00767
13	0.00837	0.00707	0.00724	0.00720	0.00950	0.00594	0.00540	0.01025	0.01620	0.01954	0.11895	0.06602	0.65971	0.01741	0.00825	0.00234	0.00352	0.01457	0.00657	0.00594
14	0.00883	0.00706	0.00769	0.00755	0.00952	0.00615	0.00553	0.01083	0.01636	0.02068	0.22765	0.06141	0.48390	0.08338	0.01071	0.00271	0.00376	0.01378	0.00658	0.00592
15	0.01447	0.01240	0.01447	0.01034	0.01654	0.00930	0.00827	0.01757	0.01447	0.02274	0.01240	0.01447	0.01034	0.00517	0.00517	0.00103	0.00517	0.00413	0.00413	0.79742
16	0.02690	0.01894	0.02057	0.01577	0.02134	0.02074	0.01303	0.63631	0.03180	0.09706	0.01760	0.01731	0.01229	0.00840	0.00698	0.00210	0.00754	0.00634	0.00711	0.01187
17	0.03131	0.01188	0.01619	0.01242	0.01781	0.01026	0.01026	0.03401	0.01997	0.71606	0.02753	0.02375	0.01727	0.00864	0.00702	0.00216	0.00594	0.00702	0.00864	0.01188
18	0.02819	0.01128	0.01543	0.01248	0.01729	0.00991	0.01041	0.03097	0.01937	0.60804	0.02899	0.03229	0.02083	0.01029	0.00742	0.00232	0.00601	0.10915	0.00829	0.01103
19	0.01074	0.00749	0.00919	0.00905	0.00965	0.00790	0.00594	0.04031	0.01156	0.01577	0.02157	0.06980	0.02352	0.49989	0.22093	0.00760	0.00993	0.00967	0.00431	0.00517
20	0.51013	0.01485	0.01372	0.01134	0.01611	0.01653	0.00935	0.19313	0.01823	0.11852	0.01370	0.01425	0.00985	0.00723	0.00533	0.00214	0.00605	0.00482	0.00553	0.00919
21	0.80405	0.01350	0.01026	0.00918	0.01350	0.01565	0.00756	0.02051	0.01188	0.03131	0.00972	0.01134	0.00756	0.00648	0.00432	0.00216	0.00540	0.00378	0.00432	0.00756
22	0.03015	0.01294	0.01675	0.01293	0.01829	0.01193	0.01065	0.11355	0.04981	0.60581	0.02626	0.02300	0.01679	0.00864	0.00702	0.00216	0.00613	0.00696	0.00837	0.01184
23	0.00840	0.00704	0.00731	0.00732	0.00954	0.00594	0.00546	0.01028	0.01615	0.01962	0.12577	0.09069	0.62755	0.01752	0.00827	0.00236	0.00353	0.01473	0.00659	0.00594
24	0.00962	0.00909	0.00805	0.00791	0.01036	0.06159	0.00593	0.01139	0.01620	0.01871	0.06606	0.06294	0.65435	0.01686	0.00810	0.00231	0.00423	0.01394	0.00626	0.00606
25	0.02653	0.01955	0.02094	0.01606	0.02164	0.02164	0.01326	0.68796	0.03281	0.04398	0.01675	0.01675	0.01187	0.00838	0.00698	0.00209	0.00768	0.00628	0.00698	0.01187
26	0.01015	0.00677	0.00761	0.00761	0.00761	0.00677	0.00423	0.01015	0.01015	0.01353	0.02199	0.04567	0.02537	0.75476	0.03552	0.00677	0.00677	0.01015	0.00423	0.00423
27	0.00928	0.00711	0.00850	0.00815	0.01006	0.00633	0.00611	0.01201	0.01834	0.02464	0.47417	0.05763	0.30130	0.01551	0.00824	0.00225	0.00338	0.01339	0.00724	0.00633
28	0.00850	0.00607	0.00810	0.00972	0.01012	0.00567	0.00648	0.00972	0.01336	0.01781	0.03846	0.75020	0.04615	0.02186	0.00891	0.00283	0.00405	0.01984	0.00648	0.00567
29	0.12518	0.00750	0.00704	0.00688	0.00889	0.00780	0.00526	0.01686	0.01424	0.02677	0.02091	0.02393	0.01642	0.00790	0.00480	0.00170	0.00356	0.00612	0.68159	0.00665
30	0.01447	0.01240	0.01447	0.01034	0.01654	0.00930	0.00827	0.01757	0.01447	0.02274	0.01240	0.01447	0.01034	0.00517	0.00517	0.00103	0.00517	0.00413	0.00413	0.79742
31	0.02390	0.01787	0.01919	0.01535	0.02043	0.01991	0.01247	0.46474	0.23613	0.06412	0.02071	0.01985	0.01495	0.00872	0.00702	0.00218	0.00696	0.00680	0.00708	0.01162
32	0.01400	0.03610	0.71860	0.01989	0.03020	0.01621	0.02578	0.02210	0.01473	0.02210	0.01252	0.01473	0.00884	0.00663	0.00663	0.00221	0.01031	0.00516	0.00295	0.01031
33	0.00850	0.00607	0.00810	0.00972	0.01012	0.00567	0.00648	0.00972	0.01336	0.01781	0.03846	0.75020	0.04615	0.02186	0.00891	0.00283	0.00405	0.01984	0.00648	0.00567
34	0.00955	0.00705	0.00892	0.00861	0.01026	0.00642	0.00639	0.01247	0.01874	0.02595	0.56836	0.10525	0.15552	0.01530	0.00828	0.00226	0.00338	0.01345	0.00742	0.00642

[dist]
# distance from previous block
# <min> <max>
0	23

[block]
# block no. 3 follows, 30 sequences, length 73
# corresponding to MSA columns:
# 231-303
name=unknown_D
#
# <colnr> <probs for GDERKNQSTAVLIFYWHMCP>
#	G	D	E	R	K	N	Q	S	T	A	V	L	I	F	Y	W	H	M	C	P
0	0.01720	0.01678	0.02949	0.04162	0.65027	0.01668	0.08145	0.02150	0.01594	0.02276	0.01322	0.01741	0.01101	0.00619	0.00703	0.00210	0.00860	0.00640	0.00346	0.01091
1	0.01301	0.00650	0.00650	0.00650	0.00813	0.00650	0.00488	0.01626	0.01463	0.02602	0.02276	0.02602	0.01789	0.00813	0.00488	0.00163	0.00325	0.00650	0.79350	0.00650
2	0.01318	0.01240	0.02093	0.73798	0.04806	0.01550	0.01938	0.01783	0.01395	0.01783	0.01240	0.01860	0.00930	0.00698	0.00698	0.00233	0.00930	0.00620	0.00310	0.00775
3	0.01124	0.00803	0.01124	0.01285	0.01446	0.00803	0.01124	0.01446	0.01606	0.02088	0.03695	0.07871	0.04016	0.01928	0.00964	0.00321	0.00643	0.66426	0.00643	0.00643
4	0.01647	0.01882	0.04118	0.02941	0.03647	0.01765	0.68588	0.02235	0.01647	0.02235	0.01412	0.01882	0.01059	0.00588	0.00824	0.00235	0.01176	0.00824	0.00353	0.00941
5	0.00919	0.00711	0.00837	0.00806	0.01000	0.00629	0.00604	0.01184	0.01813	0.02413	0.43873	0.05847	0.33706	0.01570	0.00824	0.00226	0.00339	0.01351	0.00717	0.00629
6	0.01647	0.01882	0.04118	0.02941	0.03647	0.01765	0.68588	0.02235	0.01647	0.02235	0.01412	0.01882	0.01059	0.00588	0.00824	0.00235	0.01176	0.00824	0.00353	0.00941
7	0.80405	0.01350	0.01026	0.00918	0.01350	0.01565	0.00756	0.02051	0.01188	0.03131	0.00972	0.01134	0.00756	0.00648	0.00432	0.00216	0.00540	0.00378	0.00432	0.00756
8	0.01952	0.01480	0.01606	0.01406	0.01826	0.01665	0.01104	0.06538	0.58357	0.11659	0.02778	0.02534	0.02038	0.00931	0.00708	0.00233	0.00567	0.00771	0.00729	0.01119
9	0.05782	0.72178	0.03526	0.01180	0.01769	0.02702	0.01172	0.02088	0.01406	0.01716	0.00970	0.01120	0.00889	0.00600	0.00447	0.00153	0.00736	0.00373	0.00305	0.00889
10	0.02441	0.01778	0.01906	0.01484	0.01974	0.01958	0.01205	0.59501	0.02990	0.04038	0.01751	0.01980	0.01337	0.07580	0.00946	0.00249	0.00739	0.00664	0.04386	0.01092
11	0.00979	0.00670	0.00882	0.00984	0.01079	0.00626	0.00702	0.01154	0.01476	0.04214	0.13089	0.50011	0.07565	0.04536	0.00973	0.00288	0.00435	0.09069	0.00663	0.00604
12	0.00968	0.00708	0.00908	0.00868	0.01033	0.00648	0.00647	0.01275	0.01913	0.02675	0.62356	0.08632	0.11778	0.01491	0.00826	0.00224	0.00335	0.01313	0.00753	0.00648
13	0.01516	0.01247	0.01554	0.01125	0.01728	0.00961	0.03811	0.01831	0.01478	0.05466	0.01395	0.03695	0.01173	0.00586	0.00550	0.00120	0.00546	0.00491	0.00439	0.70288
14	0.01886	0.01828	0.02072	0.02513	0.27628	0.15983	0.01526	0.12077	0.04940	0.02505	0.06716	0.02860	0.04138	0.00950	0.00729	0.00220	0.00821	0.09164	0.00494	0.00949
15	0.02331	0.01700	0.01823	0.01432	0.01893	0.01864	0.01153	0.55334	0.02867	0.03858	0.01952	0.02251	0.03799	0.10317	0.01056	0.00268	0.00725	0.00707	0.03621	0.01049
16	0.02141	0.01651	0.01954	0.18734	0.02673	0.01869	0.01398	0.42051	0.08735	0.03518	0.04450	0.01975	0.01446	0.00837	0.00697	0.00216	0.00755	0.00667	0.03190	0.01043
17	0.04393	0.01316	0.02090	0.59164	0.10083	0.01589	0.01849	0.04118	0.04880	0.02018	0.01330	0.01853	0.01007	0.00706	0.00688	0.00229	0.00883	0.00620	0.00350	0.00832
18	0.00999	0.00741	0.01089	0.01089	0.01202	0.00855	0.00832	0.01225	0.01112	0.01596	0.01899	0.02906	0.01816	0.11580	0.66462	0.01081	0.01761	0.00772	0.00378	0.00605
19	0.08579	0.04459	0.01983	0.01614	0.03867	0.15765	0.01268	0.37213	0.10376	0.05639	0.01641	0.01665	0.01212	0.00800	0.00657	0.00206	0.00816	0.00586	0.00596	0.01059
20	0.41991	0.01648	0.01554	0.01258	0.01752	0.01861	0.01038	0.35027	0.02222	0.03757	0.01319	0.01401	0.00969	0.00742	0.00563	0.00213	0.00652	0.00502	0.00563	0.00969
21	0.01545	0.01303	0.01499	0.01093	0.01697	0.01056	0.00876	0.06525	0.04986	0.02454	0.01350	0.01521	0.01099	0.00561	0.00539	0.00117	0.00536	0.00447	0.00448	0.70347
22	0.00882	0.00650	0.00875	0.04322	0.01187	0.00621	0.00703	0.01039	0.01403	0.01870	0.09375	0.62884	0.07520	0.02036	0.00873	0.00274	0.00421	0.01839	0.00642	0.00585
23	0.01807	0.58607	0.16896	0.01376	0.02047	0.05602	0.01471	0.02144	0.01453	0.01756	0.01030	0.01195	0.00893	0.00615	0.00498	0.00165	0.00824	0.00404	0.00300	0.00918
24	0.01301	0.00650	0.00650	0.00650	0.00813	0.00650	0.00488	0.01626	0.01463	0.02602	0.02276	0.02602	0.01789	0.00813	0.00488	0.00163	0.00325	0.00650	0.79350	0.00650
25	0.02990	0.01180	0.01590	0.01233	0.01752	0.01037	0.01013	0.03326	0.04550	0.66182	0.05563	0.02501	0.01943	0.00890	0.00707	0.00217	0.00581	0.00728	0.00854	0.01163
26	0.00967	0.00665	0.00853	0.00930	0.01040	0.00606	0.00650	0.01141	0.01518	0.04870	0.16915	0.49729	0.13651	0.01932	0.00861	0.00262	0.00391	0.01726	0.00680	0.00613
27	0.01694	0.01687	0.03067	0.06779	0.54638	0.01676	0.15764	0.02147	0.01593	0.02251	0.01330	0.01764	0.01089	0.00618	0.00718	0.00214	0.00904	0.00663	0.00346	0.01059
28	0.01736	0.01499	0.01578	0.01420	0.01815	0.01736	0.01105	0.03708	0.69862	0.02919	0.02840	0.02604	0.02130	0.00947	0.00710	0.00237	0.00552	0.00789	0.00710	0.01105
29	0.00946	0.00699	0.00876	0.00867	0.01020	0.00639	0.00637	0.01208	0.01776	0.02430	0.46525	0.14878	0.16984	0.04655	0.00948	0.00252	0.00365	0.02959	0.00714	0.00624
30	0.01687	0.01731	0.05507	0.07542	0.59159	0.01661	0.08151	0.02135	0.01580	0.02248	0.01316	0.01738	0.01084	0.00624	0.00702	0.00212	0.00873	0.00636	0.00342	0.01071
31	0.04718	0.02163	0.07353	0.01690	0.02190	0.17191	0.07115	0.18869	0.21406	0.05100	0.01838	0.01887	0.01377	0.00933	0.02825	0.00241	0.00888	0.00641	0.00554	0.01017
32	0.01494	0.18251	0.58046	0.01828	0.02771	0.01852	0.02298	0.02186	0.01462	0.02095	0.01195	0.01402	0.00886	0.00650	0.00619	0.00206	0.00974	0.00487	0.00295	0.01004
33	0.80405	0.01350	0.01026	0.00918	0.01350	0.01565	0.00756	0.02051	0.01188	0.03131	0.00972	0.01134	0.00756	0.00648	0.00432	0.00216	0.00540	0.00378	0.00432	0.00756
34	0.01023	0.00709	0.00920	0.00898	0.01055	0.00650	0.00661	0.01304	0.01837	0.04793	0.52723	0.18053	0.09605	0.01567	0.00832	0.00232	0.00353	0.01388	0.00742	0.00655
35	0.01737	0.01503	0.01817	0.06525	0.12696	0.01682	0.01327	0.07541	0.46003	0.02796	0.02417	0.02539	0.01879	0.00901	0.00711	0.00230	0.00636	0.03348	0.00617	0.03096
36	0.77325	0.01343	0.01049	0.00931	0.01367	0.01544	0.00766	0.02105	0.01220	0.05860	0.01043	0.01183	0.00794	0.00656	0.00443	0.00216	0.00542	0.00391	0.00449	0.00773
37	0.00947	0.00726	0.00795	0.00806	0.01029	0.00626	0.00616	0.01141	0.01602	0.04553	0.08725	0.11810	0.54763	0.01767	0.00838	0.00246	0.00392	0.07343	0.00660	0.00617
38	0.01014	0.00680	0.00778	0.00778	0.00784	0.00686	0.00444	0.01026	0.01020	0.01366	0.02183	0.04480	0.02500	0.72160	0.06817	0.00698	0.00733	0.01002	0.00421	0.00432
39	0.01318	0.01240	0.02093	0.73798	0.04806	0.01550	0.01938	0.01783	0.01395	0.01783	0.01240	0.01860	0.00930	0.00698	0.00698	0.00233	0.00930	0.00620	0.00310	0.00775
40	0.80405	0.01350	0.01026	0.00918	0.01350	0.01565	0.00756	0.02051	0.01188	0.03131	0.00972	0.01134	0.00756	0.00648	0.00432	0.00216	0.00540	0.00378	0.00432	0.00756
41	0.73843	0.01401	0.01116	0.00976	0.01418	0.01616	0.00804	0.07684	0.01364	0.03238	0.01031	0.01179	0.00792	0.00664	0.00454	0.00215	0.00559	0.00399	0.00454	0.00792
42	0.05103	0.01160	0.01270	0.01115	0.01368	0.01237	0.00837	0.25348	0.01981	0.02783	0.05232	0.11462	0.02396	0.23331	0.01559	0.00359	0.00623	0.04199	0.07868	0.00769
43	0.02186	0.01399	0.01591	0.01363	0.01804	0.01507	0.01079	0.03609	0.47965	0.25082	0.02812	0.02530	0.02000	0.00920	0.00707	0.00230	0.00566	0.00761	0.00760	0.01131
44	0.01736	0.01499	0.01578	0.01420	0.01815	0.01736	0.01105	0.03708	0.69862	0.02919	0.02840	0.02604	0.02130	0.00947	0.00710	0.00237	0.00552	0.00789	0.00710	0.01105
45	0.00880	0.00620	0.00801	0.00933	0.00966	0.00587	0.00606	0.00980	0.01277	0.01703	0.03544	0.62079	0.04234	0.15648	0.01379	0.00356	0.00455	0.01806	0.00606	0.00540
46	0.00862	0.00616	0.00824	0.00985	0.01031	0.00577	0.00669	0.00992	0.01348	0.01795	0.03840	0.72078	0.04589	0.02175	0.00894	0.00285	0.00415	0.04807	0.00648	0.00570
47	0.01318	0.01240	0.02093	0.73798	0.04806	0.01550	0.01938	0.01783	0.01395	0.01783	0.01240	0.01860	0.00930	0.00698	0.00698	0.00233	0.00930	0.00620	0.00310	0.00775
48	0.01400	0.03610	0.71860	0.01989	0.03020	0.01621	0.02578	0.02210	0.01473	0.02210	0.01252	0.01473	0.00884	0.00663	0.00663	0.00221	0.01031	0.00516	0.00295	0.01031
49	0.02543	0.01649	0.01817	0.01414	0.01915	0.01769	0.01161	0.48847	0.02820	0.15092	0.01934	0.01918	0.01358	0.00839	0.00670	0.00204	0.00678	0.00643	0.11616	0.01113
50	0.01143	0.00785	0.00896	0.00868	0.01093	0.00710	0.00643	0.01436	0.05625	0.08993	0.13611	0.16528	0.38117	0.05194	0.00947	0.00260	0.00410	0.01388	0.00677	0.00676
51	0.80405	0.01350	0.01026	0.00918	0.01350	0.01565	0.00756	0.02051	0.01188	0.03131	0.00972	0.01134	0.00756	0.00648	0.00432	0.00216	0.00540	0.00378	0.00432	0.00756
52	0.02607	0.03326	0.01978	0.01798	0.02157	0.72674	0.01348	0.02787	0.01978	0.01708	0.01079	0.01258	0.00899	0.00719	0.00629	0.00180	0.01258	0.00449	0.00360	0.00809
53	0.06036	0.01194	0.01597	0.01229	0.01765	0.01046	0.01015	0.03350	0.01967	0.69031	0.02686	0.02328	0.01691	0.00856	0.00692	0.00216	0.00592	0.00690	0.00847	0.01171
54	0.01052	0.00778	0.00982	0.00920	0.01099	0.00750	0.00688	0.01509	0.07673	0.02762	0.62796	0.04971	0.06077	0.03792	0.00902	0.00236	0.00359	0.01214	0.00752	0.00688
55	0.01015	0.00677	0.00761	0.00761	0.00761	0.00677	0.00423	0.01015	0.01015	0.01353	0.02199	0.04567	0.02537	0.75476	0.03552	0.00677	0.00677	0.01015	0.00423	0.00423
56	0.01018	0.00681	0.00773	0.00778	0.00783	0.00681	0.00445	0.01029	0.01034	0.01377	0.02247	0.04673	0.02585	0.73111	0.03469	0.00665	0.00675	0.03118	0.00430	0.00430
57	0.05303	0.01770	0.01872	0.01496	0.01995	0.01977	0.01218	0.48048	0.18948	0.03925	0.01951	0.01914	0.01420	0.00855	0.00682	0.00214	0.00690	0.00658	0.03937	0.01129
58	0.01249	0.00993	0.01156	0.01066	0.01315	0.01041	0.00813	0.02160	0.26181	0.02812	0.44485	0.04330	0.07055	0.01266	0.00783	0.00226	0.00410	0.01100	0.00744	0.00815
59	0.00997	0.00748	0.01121	0.01121	0.01246	0.00872	0.00872	0.01246	0.01121	0.01620	0.01869	0.02741	0.01745	0.05234	0.72710	0.01121	0.01869	0.00748	0.00374	0.00623
60	0.01400	0.03610	0.71860	0.01989	0.03020	0.01621	0.02578	0.02210	0.01473	0.02210	0.01252	0.01473	0.00884	0.00663	0.00663	0.00221	0.01031	0.00516	0.00295	0.01031
61	0.01231	0.01109	0.01387	0.01314	0.01434	0.07025	0.01037	0.01456	0.01182	0.01639	0.01621	0.02386	0.01516	0.04092	0.53264	0.00887	0.15699	0.00697	0.00360	0.00665
62	0.01101	0.00754	0.00982	0.00974	0.01138	0.00715	0.00732	0.01452	0.04794	0.05700	0.43998	0.20796	0.05506	0.01592	0.00839	0.00243	0.00395	0.06876	0.00733	0.00681
63	0.01318	0.01240	0.02093	0.73798	0.04806	0.01550	0.01938	0.01783	0.01395	0.01783	0.01240	0.01860	0.00930	0.00698	0.00698	0.00233	0.00930	0.00620	0.00310	0.00775
64	0.01098	0.00897	0.01316	0.01257	0.01358	0.01114	0.00997	0.01329	0.01111	0.01631	0.01687	0.02509	0.01586	0.04467	0.59251	0.00966	0.15693	0.00721	0.00361	0.00650
65	0.01333	0.01194	0.01807	0.04226	0.01798	0.01455	0.08013	0.04444	0.01247	0.01794	0.01508	0.02411	0.01445	0.12860	0.25511	0.00614	0.26532	0.00736	0.00367	0.00706
66	0.01033	0.00759	0.01006	0.01138	0.01296	0.00732	0.00952	0.01301	0.01566	0.02010	0.04322	0.16907	0.16109	0.01934	0.00929	0.00301	0.00558	0.45880	0.00644	0.00623
67	0.01510	0.01504	0.02134	0.07497	0.02066	0.02091	0.01559	0.01688	0.01094	0.01688	0.00942	0.01553	0.00917	0.01180	0.02165	0.00300	0.68431	0.00611	0.00306	0.00764
68	0.01529	0.01081	0.01302	0.04384	0.01571	0.01129	0.00933	0.22337	0.01975	0.05482	0.03007	0.45847	0.03261	0.01644	0.00814	0.00255	0.00549	0.01447	0.00658	0.00796
69	0.01658	0.01737	0.02953	0.18327	0.11258	0.06677	0.28595	0.04992	0.01596	0.02114	0.01313	0.01799	0.01040	0.00880	0.03599	0.00267	0.09253	0.00694	0.00354	0.00894
70	0.00846	0.00623	0.00794	0.00931	0.01001	0.00570	0.00630	0.00976	0.01375	0.01797	0.04343	0.64491	0.14824	0.02122	0.00881	0.00276	0.00397	0.01905	0.00648	0.00570
71	0.01708	0.02010	0.12257	0.06702	0.49778	0.06311	0.02101	0.02147	0.01556	0.02172	0.01260	0.01654	0.01041	0.00676	0.00787	0.00215	0.05653	0.00595	0.00335	0.01039
72	0.17051	0.20976	0.02076	0.03570	0.01813	0.06057	0.01068	0.11235	0.04022	0.11816	0.06270	0.01759	0.01469	0.00748	0.00572	0.00187	0.00671	0.00544	0.00513	0.07582

[dist]
# distance from previous block
# <min> <max>
0	2

[block]
# block no. 4 follows, 30 sequences, length 24
# corresponding to MSA columns:
# 306-329
name=unknown_E
#
# <colnr> <probs for GDERKNQSTAVLIFYWHMCP>
#	G	D	E	R	K	N	Q	S	T	A	V	L	I	F	Y	W	H	M	C	P
0	0.07788	0.04087	0.01810	0.01360	0.01882	0.05041	0.01122	0.25394	0.02360	0.36613	0.04051	0.02040	0.01550	0.00841	0.00674	0.00210	0.00680	0.00648	0.00733	0.01116
1	0.02371	0.01800	0.02094	0.01940	0.12254	0.01959	0.01382	0.53255	0.02856	0.03849	0.01742	0.05197	0.01384	0.03661	0.00813	0.00230	0.00757	0.00705	0.00633	0.01117
2	0.02055	0.01611	0.01723	0.04307	0.01917	0.05178	0.01144	0.40586	0.02484	0.03284	0.02198	0.12934	0.04985	0.06357	0.00983	0.00255	0.03326	0.00879	0.00615	0.03181
3	0.04522	0.30281	0.14817	0.01916	0.12310	0.13218	0.03836	0.02173	0.01561	0.01973	0.04577	0.01561	0.01228	0.00787	0.02350	0.00208	0.00903	0.00515	0.00346	0.00915
4	0.01651	0.12412	0.02104	0.03329	0.01818	0.01897	0.01279	0.13288	0.01578	0.02213	0.04590	0.01875	0.01373	0.01694	0.13147	0.00387	0.30690	0.00626	0.00410	0.03640
5	0.19697	0.01820	0.01857	0.07913	0.07329	0.08213	0.01296	0.31689	0.08089	0.03364	0.01500	0.01617	0.01117	0.00766	0.00633	0.00212	0.00761	0.00569	0.00550	0.01008
6	0.05130	0.04246	0.02103	0.01755	0.02047	0.31655	0.07671	0.04672	0.01612	0.01894	0.01205	0.01606	0.01048	0.01488	0.11678	0.00355	0.18107	0.00568	0.00362	0.00798
7	0.00858	0.00611	0.00807	0.00962	0.01000	0.00572	0.00637	0.00974	0.01321	0.01761	0.03767	0.71633	0.04515	0.05710	0.01019	0.00302	0.00418	0.01937	0.00637	0.00560
8	0.01245	0.00872	0.00983	0.00929	0.01179	0.02761	0.00724	0.01549	0.03915	0.10162	0.25251	0.05592	0.32926	0.01521	0.00814	0.00235	0.00433	0.07500	0.00702	0.00706
9	0.01852	0.66389	0.09868	0.01291	0.01919	0.05405	0.01328	0.02128	0.01445	0.01697	0.01000	0.01157	0.00895	0.00608	0.00475	0.00157	0.00793	0.00389	0.00301	0.00905
10	0.00977	0.00731	0.00926	0.00981	0.01150	0.00680	0.00782	0.01242	0.01683	0.02213	0.24380	0.13758	0.22366	0.01765	0.00878	0.00265	0.00450	0.23469	0.00682	0.00625
11	0.80405	0.01350	0.01026	0.00918	0.01350	0.01565	0.00756	0.02051	0.01188	0.03131	0.00972	0.01134	0.00756	0.00648	0.00432	0.00216	0.00540	0.00378	0.00432	0.00756
12	0.00886	0.00709	0.00792	0.00771	0.00980	0.00615	0.00578	0.01120	0.01735	0.02228	0.30956	0.06152	0.46739	0.01640	0.00824	0.00230	0.00344	0.01394	0.00693	0.00615
13	0.80405	0.01350	0.01026	0.00918	0.01350	0.01565	0.00756	0.02051	0.01188	0.03131	0.00972	0.01134	0.00756	0.00648	0.00432	0.00216	0.00540	0.00378	0.00432	0.00756
14	0.00876	0.00705	0.00781	0.00770	0.00976	0.00610	0.00575	0.01098	0.01700	0.02164	0.26689	0.08906	0.48342	0.01678	0.00827	0.00232	0.00348	0.01427	0.00685	0.00610
15	0.01189	0.00750	0.00966	0.00972	0.01132	0.00699	0.00729	0.01409	0.01614	0.09108	0.23526	0.19408	0.10235	0.12280	0.01241	0.00317	0.00477	0.12626	0.00672	0.00651
16	0.02321	0.01743	0.01873	0.01517	0.02011	0.01946	0.01227	0.40615	0.28939	0.06951	0.02175	0.02066	0.01576	0.00881	0.00703	0.00220	0.00677	0.00694	0.00710	0.01155
17	0.80405	0.01350	0.01026	0.00918	0.01350	0.01565	0.00756	0.02051	0.01188	0.03131	0.00972	0.01134	0.00756	0.00648	0.00432	0.00216	0.00540	0.00378	0.00432	0.00756
18	0.80405	0.01350	0.01026	0.00918	0.01350	0.01565	0.00756	0.02051	0.01188	0.03131	0.00972	0.01134	0.00756	0.00648	0.00432	0.00216	0.00540	0.00378	0.00432	0.00756
19	0.00855	0.00617	0.00811	0.00955	0.01010	0.00572	0.00643	0.00989	0.01377	0.01833	0.07059	0.68665	0.07769	0.02132	0.00885	0.00278	0.00399	0.01927	0.00653	0.00572
20	0.64184	0.01476	0.01249	0.01061	0.01519	0.01690	0.00875	0.15976	0.01624	0.03395	0.01118	0.01247	0.00846	0.00687	0.00487	0.00215	0.00587	0.00430	0.00487	0.00846
21	0.80405	0.01350	0.01026	0.00918	0.01350	0.01565	0.00756	0.02051	0.01188	0.03131	0.00972	0.01134	0.00756	0.00648	0.00432	0.00216	0.00540	0.00378	0.00432	0.00756
22	0.00909	0.00714	0.00824	0.00806	0.01007	0.00629	0.00611	0.01160	0.01763	0.02300	0.35329	0.06091	0.39537	0.01622	0.00830	0.00232	0.00354	0.03958	0.00701	0.00622
23	0.10547	0.01203	0.01562	0.01210	0.01740	0.01077	0.01000	0.03271	0.01920	0.65035	0.02582	0.02256	0.01634	0.00843	0.00676	0.00216	0.00589	0.00671	0.00822	0.01146

[dist]
# distance from previous block
# <min> <max>
0	49

[block]
# block no. 5 follows, 30 sequences, length 29
# corresponding to MSA columns:
# 379-407
name=unknown_F
#
# <colnr> <probs for GDERKNQSTAVLIFYWHMCP>
#	G	D	E	R	K	N	Q	S	T	A	V	L	I	F	Y	W	H	M	C	P
0	0.01116	0.00667	0.00722	0.00722	0.00779	0.00667	0.00446	0.01231	0.01174	0.01795	0.02226	0.03871	0.02272	0.49029	0.02466	0.00494	0.00552	0.00886	0.28380	0.00503
1	0.01212	0.00606	0.00909	0.00909	0.00909	0.00606	0.00606	0.00909	0.00909	0.01212	0.01212	0.02121	0.01212	0.02424	0.02727	0.79697	0.00606	0.00606	0.00303	0.00303
2	0.02234	0.01639	0.01782	0.01444	0.01886	0.01795	0.01160	0.51289	0.05284	0.03792	0.02141	0.15233	0.01875	0.01089	0.00726	0.00222	0.00676	0.00884	0.03800	0.01049
3	0.02576	0.01159	0.01503	0.01210	0.01668	0.01074	0.00979	0.03114	0.12270	0.50185	0.13658	0.02864	0.02566	0.00966	0.00722	0.00220	0.00545	0.00805	0.00825	0.01090
4	0.00981	0.00713	0.00924	0.00871	0.01038	0.00656	0.00653	0.01304	0.01960	0.02762	0.68190	0.05273	0.09172	0.01440	0.00823	0.00220	0.00330	0.01270	0.00763	0.00656
5	0.00874	0.00624	0.00836	0.00998	0.01049	0.00587	0.00688	0.01012	0.01359	0.01807	0.03833	0.69315	0.04564	0.02164	0.00897	0.00287	0.00425	0.07459	0.00647	0.00573
6	0.01447	0.01240	0.01447	0.01034	0.01654	0.00930	0.00827	0.01757	0.01447	0.02274	0.01240	0.01447	0.01034	0.00517	0.00517	0.00103	0.00517	0.00413	0.00413	0.79742
7	0.00886	0.00625	0.00808	0.00930	0.00971	0.00591	0.00610	0.00999	0.01318	0.01766	0.07394	0.58945	0.04372	0.14708	0.01343	0.00347	0.00447	0.01776	0.00616	0.00547
8	0.01866	0.75896	0.03657	0.01194	0.01791	0.02761	0.01194	0.02090	0.01418	0.01642	0.00970	0.01119	0.00896	0.00597	0.00448	0.00149	0.00746	0.00373	0.00299	0.00896
9	0.00988	0.00713	0.00933	0.00878	0.01043	0.00658	0.00658	0.01317	0.01975	0.02798	0.70754	0.05213	0.06584	0.01427	0.00823	0.00219	0.00329	0.01262	0.00768	0.00658
