[name]
unknown

[dist]
# distance from previous block
# <min> <max>
0	9

[block]
# block no. 0 follows, 30 sequences, length 95
# corresponding to MSA columns:
# 9-103
name=unknown_A
#
# <colnr> <probs for GDERKNQSTAVLIFYWHMCP>
#	G	D	E	R	K	N	Q	S	T	A	V	L	I	F	Y	W	H	M	C	P
0	0.01326	0.04540	0.09927	0.01145	0.01498	0.00990	0.01049	0.03648	0.03716	0.08397	0.21264	0.06802	0.17471	0.01402	0.00799	0.00241	0.00545	0.13828	0.00641	0.00770
1	0.05185	0.16555	0.48255	0.01727	0.02597	0.01811	0.02081	0.05203	0.01566	0.07013	0.01310	0.01464	0.00952	0.00672	0.00617	0.00207	0.00915	0.00501	0.00358	0.01012
2	0.01931	0.01814	0.18436	0.01353	0.02018	0.01196	0.01327	0.05325	0.04439	0.20966	0.04833	0.01926	0.01482	0.00717	0.00631	0.00177	0.00665	0.00578	0.00546	0.29641
3	0.01582	0.12864	0.53196	0.01781	0.02672	0.01724	0.02179	0.05152	0.01593	0.05602	0.04407	0.01646	0.01194	0.00706	0.00645	0.00211	0.00930	0.00544	0.00362	0.01011
4	0.06197	0.01411	0.01689	0.01333	0.01839	0.01408	0.01088	0.21836	0.07620	0.40984	0.02424	0.05381	0.01691	0.00912	0.00698	0.00219	0.00629	0.00731	0.00776	0.01134
5	0.01619	0.01235	0.01465	0.01055	0.01667	0.00940	0.00847	0.01925	0.01503	0.09353	0.01395	0.01542	0.01104	0.00552	0.00536	0.00115	0.00525	0.00443	0.00459	0.71721
6	0.01866	0.75896	0.03657	0.01194	0.01791	0.02761	0.01194	0.02090	0.01418	0.01642	0.00970	0.01119	0.00896	0.00597	0.00448	0.00149	0.00746	0.00373	0.00299	0.00896
7	0.00862	0.00616	0.00820	0.00964	0.01015	0.00574	0.00649	0.01001	0.01390	0.01866	0.09446	0.69177	0.04780	0.02123	0.00885	0.00278	0.00399	0.01923	0.00658	0.00574
8	0.00966	0.00864	0.04699	0.00901	0.01124	0.00690	0.00731	0.01277	0.01833	0.02512	0.49376	0.08103	0.21341	0.01496	0.00817	0.00226	0.00376	0.01300	0.00710	0.00659
9	0.01301	0.00650	0.00650	0.00650	0.00813	0.00650	0.00488	0.01626	0.01463	0.02602	0.02276	0.02602	0.01789	0.00813	0.00488	0.00163	0.00325	0.00650	0.79350	0.00650
10	0.01573	0.02196	0.18234	0.04975	0.03392	0.01760	0.46491	0.02166	0.01551	0.02166	0.01329	0.01764	0.01005	0.00663	0.00915	0.00238	0.07574	0.00733	0.00335	0.00939
11	0.00857	0.00610	0.00808	0.00963	0.01002	0.00571	0.00639	0.00973	0.01323	0.01764	0.03780	0.72205	0.04532	0.05115	0.00997	0.00299	0.00416	0.01945	0.00639	0.00561
12	0.01808	0.66966	0.12082	0.01292	0.01943	0.02620	0.01365	0.02104	0.01425	0.01712	0.01005	0.01163	0.00894	0.00605	0.00474	0.00158	0.00781	0.00391	0.00298	0.00912
13	0.02562	0.03184	0.02027	0.01921	0.05785	0.66164	0.01389	0.05351	0.02008	0.01844	0.01114	0.01299	0.00921	0.00719	0.00635	0.00182	0.01217	0.00466	0.00372	0.00839
14	0.00988	0.00713	0.00933	0.00878	0.01043	0.00658	0.00658	0.01317	0.01975	0.02798	0.70754	0.05213	0.06584	0.01427	0.00823	0.00219	0.00329	0.01262	0.00768	0.00658
15	0.01685	0.01940	0.04032	0.02896	0.03588	0.04589	0.65910	0.02257	0.01660	0.02214	0.01398	0.01858	0.01052	0.00593	0.00816	0.00233	0.01180	0.00809	0.00353	0.00936
16	0.80405	0.01350	0.01026	0.00918	0.01350	0.01565	0.00756	0.02051	0.01188	0.03131	0.00972	0.01134	0.00756	0.00648	0.00432	0.00216	0.00540	0.00378	0.00432	0.00756
17	0.01009	0.00734	0.00968	0.01068	0.01207	0.00703	0.00856	0.01262	0.01585	0.02088	0.14957	0.20359	0.12059	0.05160	0.01026	0.00303	0.00514	0.32872	0.00655	0.00614
18	0.00988	0.00713	0.00933	0.00878	0.01043	0.00658	0.00658	0.01317	0.01975	0.02798	0.70754	0.05213	0.06584	0.01427	0.00823	0.00219	0.00329	0.01262	0.00768	0.00658
19	0.05359	0.72579	0.03540	0.01182	0.01771	0.02708	0.01175	0.02088	0.01408	0.01708	0.00970	0.01120	0.00889	0.00599	0.00447	0.00152	0.00737	0.00373	0.00304	0.00889
20	0.03076	0.01200	0.01618	0.01249	0.01783	0.01054	0.01029	0.03413	0.04668	0.68903	0.02756	0.02384	0.01743	0.00867	0.00702	0.00217	0.00592	0.00705	0.00858	0.01184
21	0.00869	0.00615	0.00804	0.00948	0.00984	0.00579	0.00622	0.00977	0.01300	0.01733	0.03660	0.67075	0.04381	0.10451	0.01191	0.00328	0.00435	0.01875	0.00622	0.00551
22	0.02011	0.01607	0.01712	0.01463	0.01903	0.01825	0.01159	0.20405	0.50828	0.05267	0.02539	0.02359	0.01876	0.00916	0.00707	0.00229	0.00609	0.00745	0.00711	0.01128
23	0.02609	0.01432	0.01670	0.01315	0.01802	0.01461	0.01075	0.28248	0.07083	0.31990	0.02283	0.02153	0.01556	0.00853	0.00673	0.00208	0.00622	0.00673	0.11184	0.01110
24	0.00988	0.00713	0.00933	0.00878	0.01043	0.00658	0.00658	0.01317	0.01975	0.02798	0.70754	0.05213	0.06584	0.01427	0.00823	0.00219	0.00329	0.01262	0.00768	0.00658
25	0.01318	0.01240	0.02093	0.73798	0.04806	0.01550	0.01938	0.01783	0.01395	0.01783	0.01240	0.01860	0.00930	0.00698	0.00698	0.00233	0.00930	0.00620	0.00310	0.00775
26	0.01212	0.00606	0.00909	0.00909	0.00909	0.00606	0.00606	0.00909	0.00909	0.01212	0.01212	0.02121	0.01212	0.02424	0.02727	0.79697	0.00606	0.00606	0.00303	0.00303
27	0.01727	0.01658	0.02832	0.04283	0.71123	0.01658	0.02142	0.02142	0.01589	0.02280	0.01313	0.01727	0.01105	0.00622	0.00691	0.00207	0.00829	0.00622	0.00345	0.01105
28	0.01332	0.01255	0.02119	0.71337	0.07154	0.01554	0.01945	0.01796	0.01402	0.01801	0.01243	0.01856	0.00936	0.00695	0.00697	0.00232	0.00927	0.00620	0.00311	0.00787
29	0.01510	0.01536	0.02435	0.01988	0.02130	0.01974	0.14097	0.01752	0.01181	0.01780	0.01080	0.01683	0.01004	0.01398	0.07205	0.00352	0.55126	0.00661	0.00319	0.00786
30	0.01647	0.01882	0.04118	0.02941	0.03647	0.01765	0.68588	0.02235	0.01647	0.02235	0.01412	0.01882	0.01059	0.00588	0.00824	0.00235	0.01176	0.00824	0.00353	0.00941
31	0.01854	0.73262	0.03603	0.01217	0.01792	0.02739	0.01206	0.02075	0.01406	0.01643	0.00968	0.01134	0.00896	0.00619	0.00513	0.00155	0.03347	0.00382	0.00299	0.00891
32	0.03131	0.01188	0.01619	0.01242	0.01781	0.01026	0.01026	0.03401	0.01997	0.71606	0.02753	0.02375	0.01727	0.00864	0.00702	0.00216	0.00594	0.00702	0.00864	0.01188
33	0.00959	0.00691	0.00907	0.00898	0.01036	0.00639	0.00656	0.01244	0.01840	0.02583	0.56585	0.19996	0.06167	0.01587	0.00837	0.00233	0.00345	0.01415	0.00743	0.00639
34	0.00932	0.00690	0.00873	0.00902	0.01046	0.00632	0.00667	0.01177	0.01707	0.02309	0.36399	0.24466	0.17383	0.01729	0.00852	0.00247	0.00377	0.06287	0.00705	0.00620
35	0.01400	0.03610	0.71860	0.01989	0.03020	0.01621	0.02578	0.02210	0.01473	0.02210	0.01252	0.01473	0.00884	0.00663	0.00663	0.00221	0.01031	0.00516	0.00295	0.01031
36	0.00857	0.00612	0.00816	0.00967	0.01014	0.00571	0.00648	0.00988	0.01367	0.01830	0.07070	0.71656	0.04710	0.02150	0.00887	0.00280	0.00401	0.01949	0.00654	0.00571
37	0.02653	0.01955	0.02094	0.01606	0.02164	0.02164	0.01326	0.68796	0.03281	0.04398	0.01675	0.01675	0.01187	0.00838	0.00698	0.00209	0.00768	0.00628	0.00698	0.01187
38	0.01400	0.03610	0.71860	0.01989	0.03020	0.01621	0.02578	0.02210	0.01473	0.02210	0.01252	0.01473	0.00884	0.00663	0.00663	0.00221	0.01031	0.00516	0.00295	0.01031
39	0.01527	0.01527	0.02137	0.01832	0.01832	0.02137	0.01527	0.01679	0.01069	0.01679	0.00916	0.01527	0.00916	0.01221	0.02290	0.00305	0.74198	0.00611	0.00305	0.00763
40	0.80405	0.01350	0.01026	0.00918	0.01350	0.01565	0.00756	0.02051	0.01188	0.03131	0.00972	0.01134	0.00756	0.00648	0.00432	0.00216	0.00540	0.00378	0.00432	0.00756
41	0.00881	0.00709	0.00785	0.00766	0.00977	0.00613	0.00575	0.01111	0.01724	0.02202	0.29177	0.06194	0.48534	0.01649	0.00824	0.00230	0.00345	0.01400	0.00690	0.00613
42	0.00982	0.00713	0.00925	0.00872	0.01039	0.00656	0.00654	0.01306	0.01963	0.02768	0.68649	0.05262	0.08709	0.01438	0.00823	0.00220	0.00330	0.01269	0.00764	0.00656
43	0.00849	0.00611	0.00806	0.00961	0.01009	0.00568	0.00643	0.00973	0.01346	0.01785	0.03973	0.72331	0.07222	0.02170	0.00888	0.00282	0.00403	0.01964	0.00648	0.00568
44	0.00834	0.00707	0.00719	0.00716	0.00948	0.00593	0.00537	0.01018	0.01611	0.01934	0.10503	0.06635	0.67375	0.01749	0.00825	0.00235	0.00352	0.01461	0.00654	0.00593
45	0.00988	0.00713	0.00933	0.00878	0.01043	0.00658	0.00658	0.01317	0.01975	0.02798	0.70754	0.05213	0.06584	0.01427	0.00823	0.00219	0.00329	0.01262	0.00768	0.00658
46	0.01400	0.03610	0.71860	0.01989	0.03020	0.01621	0.02578	0.02210	0.01473	0.02210	0.01252	0.01473	0.00884	0.00663	0.00663	0.00221	0.01031	0.00516	0.00295	0.01031
47	0.01466	0.13858	0.62190	0.01876	0.02846	0.01782	0.02382	0.02193	0.01465	0.02129	0.01212	0.01423	0.00886	0.00654	0.00632	0.00211	0.00991	0.00495	0.00295	0.01012
48	0.02070	0.01654	0.01754	0.01470	0.01925	0.01868	0.01174	0.29525	0.41076	0.03473	0.02518	0.02372	0.04054	0.00931	0.00709	0.00226	0.00631	0.00748	0.00703	0.01120
49	0.51582	0.01399	0.01344	0.06163	0.01774	0.01559	0.00961	0.11447	0.01622	0.14358	0.01377	0.01461	0.00985	0.00713	0.00531	0.00216	0.00607	0.00482	0.00530	0.00887
50	0.01301	0.00650	0.00650	0.00650	0.00813	0.00650	0.00488	0.01626	0.01463	0.02602	0.02276	0.02602	0.01789	0.00813	0.00488	0.00163	0.00325	0.00650	0.79350	0.00650
51	0.00858	0.00613	0.00816	0.00967	0.01014	0.00572	0.00648	0.00990	0.01370	0.01836	0.07453	0.71257	0.04722	0.02145	0.00887	0.00280	0.00401	0.01945	0.00654	0.00572
52	0.01647	0.01882	0.04118	0.02941	0.03647	0.01765	0.68588	0.02235	0.01647	0.02235	0.01412	0.01882	0.01059	0.00588	0.00824	0.00235	0.01176	0.00824	0.00353	0.00941
53	0.03131	0.01188	0.01619	0.01242	0.01781	0.01026	0.01026	0.03401	0.01997	0.71606	0.02753	0.02375	0.01727	0.00864	0.00702	0.00216	0.00594	0.00702	0.00864	0.01188
54	0.01727	0.01658	0.02832	0.04283	0.71123	0.01658	0.02142	0.02142	0.01589	0.02280	0.01313	0.01727	0.01105	0.00622	0.00691	0.00207	0.00829	0.00622	0.00345	0.01105
55	0.00988	0.00713	0.00933	0.00878	0.01043	0.00658	0.00658	0.01317	0.01975	0.02798	0.70754	0.05213	0.06584	0.01427	0.00823	0.00219	0.00329	0.01262	0.00768	0.00658
56	0.00997	0.00748	0.01121	0.01121	0.01246	0.00872	0.00872	0.01246	0.01121	0.01620	0.01869	0.02741	0.01745	0.05234	0.72710	0.01121	0.01869	0.00748	0.00374	0.00623
57	0.00850	0.00607	0.00810	0.00972	0.01012	0.00567	0.00648	0.00972	0.01336	0.01781	0.03846	0.75020	0.04615	0.02186	0.00891	0.00283	0.00405	0.01984	0.00648	0.00567
58	0.01657	0.01855	0.03959	0.03107	0.11982	0.01752	0.60380	0.02224	0.01640	0.02241	0.01400	0.01863	0.01065	0.00592	0.00807	0.00232	0.01134	0.00799	0.00352	0.00961
59	0.01400	0.01324	0.02241	0.59895	0.18069	0.01572	0.01979	0.01855	0.01434	0.01882	0.01255	0.01834	0.00965	0.00682	0.00696	0.00227	0.00910	0.00620	0.00317	0.00841
60	0.01400	0.03610	0.71860	0.01989	0.03020	0.01621	0.02578	0.02210	0.01473	0.02210	0.01252	0.01473	0.00884	0.00663	0.00663	0.00221	0.01031	0.00516	0.00295	0.01031
61	0.00849	0.00611	0.00806	0.00961	0.01009	0.00568	0.00643	0.00973	0.01346	0.01785	0.03973	0.72342	0.07212	0.02170	0.00888	0.00282	0.00403	0.01964	0.00648	0.00568
62	0.01015	0.00677	0.00761	0.00761	0.00761	0.00677	0.00423	0.01015	0.01015	0.01353	0.02199	0.04567	0.02537	0.75476	0.03552	0.00677	0.00677	0.01015	0.00423	0.00423
63	0.01121	0.00875	0.01021	0.00949	0.01178	0.00861	0.00722	0.03577	0.12914	0.02664	0.43810	0.05018	0.19799	0.01407	0.00802	0.00226	0.00383	0.01213	0.00730	0.00731
64	0.01418	0.01357	0.02358	0.46349	0.21186	0.01534	0.07084	0.01859	0.01460	0.01943	0.01431	0.06291	0.01209	0.00761	0.00717	0.00229	0.00892	0.00720	0.00343	0.00859
65	0.00997	0.00748	0.01121	0.01121	0.01246	0.00872	0.00872	0.01246	0.01121	0.01620	0.01869	0.02741	0.01745	0.05234	0.72710	0.01121	0.01869	0.00748	0.00374	0.00623
66	0.01488	0.15965	0.57882	0.01884	0.02830	0.01821	0.04549	0.02190	0.01470	0.02113	0.01209	0.01426	0.00892	0.00649	0.00631	0.00209	0.00987	0.00501	0.00297	0.01005
67	0.01011	0.00741	0.01086	0.01086	0.01208	0.00855	0.00837	0.01254	0.01133	0.01653	0.01900	0.02807	0.01778	0.07801	0.66766	0.01061	0.01753	0.00754	0.03900	0.00616
68	0.17760	0.01997	0.01933	0.01846	0.10487	0.14990	0.01325	0.26820	0.05209	0.03102	0.01372	0.01527	0.01058	0.00788	0.00762	0.00214	0.06768	0.00551	0.00508	0.00984
69	0.10646	0.01237	0.01583	0.01226	0.01756	0.01129	0.01013	0.06178	0.01975	0.61938	0.02531	0.02223	0.01609	0.00841	0.00675	0.00216	0.00596	0.00667	0.00814	0.01145
70	0.01538	0.02510	0.30045	0.11252	0.03424	0.04132	0.29741	0.02167	0.01537	0.02130	0.01298	0.01685	0.00964	0.00660	0.00797	0.00230	0.03966	0.00657	0.00323	0.00944
71	0.73151	0.01334	0.01081	0.00948	0.01390	0.01515	0.00781	0.02178	0.01264	0.09559	0.01139	0.01250	0.00847	0.00668	0.00457	0.00216	0.00545	0.00408	0.00472	0.00796
72	0.01318	0.01240	0.02093	0.73798	0.04806	0.01550	0.01938	0.01783	0.01395	0.01783	0.01240	0.01860	0.00930	0.00698	0.00698	0.00233	0.00930	0.00620	0.00310	0.00775
73	0.01422	0.01212	0.01419	0.01025	0.01621	0.00916	0.00818	0.01733	0.01476	0.02302	0.04988	0.01650	0.01333	0.00566	0.00533	0.00110	0.00507	0.00459	0.00433	0.75478
74	0.01318	0.01240	0.02093	0.73798	0.04806	0.01550	0.01938	0.01783	0.01395	0.01783	0.01240	0.01860	0.00930	0.00698	0.00698	0.00233	0.00930	0.00620	0.00310	0.00775
75	0.01015	0.00677	0.00761	0.00761	0.00761	0.00677	0.00423	0.01015	0.01015	0.01353	0.02199	0.04567	0.02537	0.75476	0.03552	0.00677	0.00677	0.01015	0.00423	0.00423
76	0.80405	0.01350	0.01026	0.00918	0.01350	0.01565	0.00756	0.02051	0.01188	0.03131	0.00972	0.01134	0.00756	0.00648	0.00432	0.00216	0.00540	0.00378	0.00432	0.00756
77	0.00963	0.00709	0.00902	0.00877	0.01043	0.00649	0.00659	0.01258	0.01869	0.02584	0.55362	0.10021	0.14866	0.01540	0.00833	0.00230	0.00350	0.03902	0.00740	0.00643
78	0.06399	0.01925	0.02043	0.01572	0.02125	0.02135	0.01299	0.65580	0.03180	0.04337	0.01641	0.01649	0.01166	0.00829	0.00685	0.00210	0.00757	0.00616	0.00685	0.01166
79	0.00850	0.00607	0.00810	0.00972	0.01012	0.00567	0.00648	0.00972	0.01336	0.01781	0.03846	0.75020	0.04615	0.02186	0.00891	0.00283	0.00405	0.01984	0.00648	0.00567
80	0.76971	0.01376	0.01073	0.00948	0.01386	0.01592	0.00781	0.04999	0.01280	0.03187	0.01003	0.01158	0.00775	0.00656	0.00444	0.00216	0.00550	0.00389	0.00444	0.00775
81	0.00936	0.00696	0.00913	0.01023	0.01087	0.00695	0.00710	0.02919	0.01380	0.01848	0.03705	0.64084	0.06887	0.02210	0.03806	0.00314	0.03754	0.01815	0.00623	0.00596
82	0.00981	0.00662	0.00771	0.00804	0.00812	0.00654	0.00468	0.01006	0.01080	0.01440	0.02533	0.18858	0.02959	0.60610	0.03012	0.00597	0.00621	0.01211	0.00468	0.00452
83	0.01051	0.00729	0.00945	0.00882	0.01062	0.00667	0.00665	0.01372	0.01959	0.05032	0.65665	0.05186	0.09291	0.01423	0.00819	0.00220	0.00339	0.01253	0.00766	0.00673
84	0.01898	0.72690	0.03583	0.01221	0.01807	0.05849	0.01201	0.02120	0.01443	0.01645	0.00975	0.01126	0.00896	0.00602	0.00456	0.00151	0.00769	0.00377	0.00301	0.00892
85	0.01488	0.00831	0.00850	0.00783	0.01000	0.00860	0.00604	0.10929	0.01715	0.02850	0.02193	0.02473	0.01705	0.00816	0.00517	0.00169	0.00387	0.00647	0.68457	0.00725
86	0.00850	0.00607	0.00810	0.00972	0.01012	0.00567	0.00648	0.00972	0.01336	0.01781	0.03846	0.75020	0.04615	0.02186	0.00891	0.00283	0.00405	0.01984	0.00648	0.00567
87	0.02609	0.03260	0.01983	0.01788	0.02158	0.69276	0.01347	0.05967	0.02040	0.01837	0.01107	0.01279	0.00913	0.00725	0.00633	0.00181	0.01235	0.00458	0.00376	0.00827
88	0.01938	0.01476	0.01600	0.01404	0.01822	0.01662	0.01102	0.05814	0.59285	0.11453	0.02791	0.02545	0.02049	0.00933	0.00709	0.00233	0.00564	0.00773	0.00729	0.01118
89	0.01015	0.00677	0.00761	0.00761	0.00761	0.00677	0.00423	0.01015	0.01015	0.01353	0.02199	0.04567	0.02537	0.75476	0.03552	0.00677	0.00677	0.01015	0.00423	0.00423
90	0.02606	0.01910	0.02045	0.01573	0.02118	0.02112	0.01298	0.66489	0.03219	0.04336	0.01696	0.01707	0.01207	0.00837	0.00691	0.00208	0.00753	0.00629	0.03399	0.01168
91	0.01347	0.00925	0.01173	0.04934	0.01436	0.00918	0.00835	0.10368	0.02034	0.07353	0.43781	0.12150	0.07233	0.01368	0.00799	0.00226	0.00446	0.01194	0.00723	0.00757
92	0.01464	0.01295	0.01675	0.01197	0.01824	0.01002	0.06620	0.01798	0.01464	0.02271	0.01255	0.01484	0.01036	0.00523	0.00543	0.00115	0.00573	0.00448	0.00408	0.73005
93	0.74106	0.01336	0.01074	0.00944	0.01385	0.01521	0.00778	0.02161	0.01254	0.08713	0.01117	0.01235	0.00835	0.00665	0.00454	0.00216	0.00544	0.00404	0.00467	0.00791
94	0.01530	0.03582	0.02452	0.14307	0.07995	0.01975	0.09261	0.01808	0.01240	0.01806	0.01060	0.01628	0.00949	0.00996	0.01677	0.00273	0.45699	0.00631	0.00315	0.00816

[dist]
# distance from previous block
# <min> <max>
0	2

[block]
# block no. 1 follows, 30 sequences, length 167
# corresponding to MSA columns:
# 106-272
name=unknown_B
#
# <colnr> <probs for GDERKNQSTAVLIFYWHMCP>
#	G	D	E	R	K	N	Q	S	T	A	V	L	I	F	Y	W	H	M	C	P
0	0.02547	0.01901	0.02121	0.01631	0.02176	0.02089	0.03798	0.63762	0.03147	0.04219	0.01748	0.04455	0.01312	0.00879	0.00710	0.00213	0.00769	0.00687	0.00683	0.01154
1	0.02611	0.02358	0.02043	0.01658	0.02151	0.23633	0.01326	0.46701	0.04914	0.03533	0.01529	0.01577	0.01128	0.00805	0.00677	0.00201	0.00911	0.00579	0.00595	0.01069
2	0.01730	0.01088	0.01328	0.03196	0.01610	0.01113	0.00978	0.02529	0.22915	0.18749	0.11104	0.10040	0.08333	0.01290	0.00783	0.00246	0.00533	0.10805	0.00722	0.00909
3	0.00827	0.00699	0.00715	0.00727	0.00948	0.00587	0.00539	0.00999	0.01571	0.01877	0.06819	0.12012	0.65705	0.01800	0.00830	0.00239	0.00357	0.01512	0.00648	0.00587
4	0.01431	0.03393	0.63346	0.02109	0.03099	0.01639	0.10874	0.02213	0.01495	0.02213	0.01272	0.01525	0.00906	0.00654	0.00683	0.00223	0.01050	0.00554	0.00302	0.01020
5	0.00848	0.00689	0.00745	0.00785	0.00968	0.00595	0.00572	0.01012	0.01517	0.01851	0.06095	0.20848	0.52115	0.04654	0.00947	0.00265	0.00387	0.03889	0.00639	0.00580
6	0.01501	0.01465	0.02748	0.29051	0.17636	0.01542	0.23083	0.01950	0.01496	0.02051	0.01370	0.01897	0.01072	0.00737	0.00821	0.04043	0.00936	0.00686	0.05049	0.00866
7	0.00997	0.00748	0.01121	0.01121	0.01246	0.00872	0.00872	0.01246	0.01121	0.01620	0.01869	0.02741	0.01745	0.05234	0.72710	0.01121	0.01869	0.00748	0.00374	0.00623
8	0.01447	0.01240	0.01447	0.01034	0.01654	0.00930	0.00827	0.01757	0.01447	0.02274	0.01240	0.01447	0.01034	0.00517	0.00517	0.00103	0.00517	0.00413	0.00413	0.79742
9	0.80405	0.01350	0.01026	0.00918	0.01350	0.01565	0.00756	0.02051	0.01188	0.03131	0.00972	0.01134	0.00756	0.00648	0.00432	0.00216	0.00540	0.00378	0.00432	0.00756
10	0.01447	0.01240	0.01447	0.01034	0.01654	0.00930	0.00827	0.01757	0.01447	0.02274	0.01240	0.01447	0.01034	0.00517	0.00517	0.00103	0.00517	0.00413	0.00413	0.79742
11	0.01866	0.75896	0.03657	0.01194	0.01791	0.02761	0.01194	0.02090	0.01418	0.01642	0.00970	0.01119	0.00896	0.00597	0.00448	0.00149	0.00746	0.00373	0.00299	0.00896
12	0.01114	0.00796	0.01113	0.01274	0.01430	0.00794	0.01107	0.01428	0.01596	0.02077	0.03700	0.10364	0.04038	0.01937	0.00961	0.00320	0.00634	0.64033	0.00643	0.00640
13	0.01606	0.02172	0.15476	0.02782	0.03542	0.01741	0.57520	0.02231	0.01618	0.02231	0.01385	0.01814	0.01030	0.00601	0.00797	0.00233	0.01152	0.00772	0.00343	0.00956
14	0.00857	0.00612	0.00816	0.00967	0.01014	0.00571	0.00648	0.00988	0.01367	0.01830	0.07062	0.71666	0.04710	0.02150	0.00887	0.00280	0.00401	0.01949	0.00654	0.00571
15	0.00850	0.00607	0.00810	0.00972	0.01012	0.00567	0.00648	0.00972	0.01336	0.01781	0.03846	0.75020	0.04615	0.02186	0.00891	0.00283	0.00405	0.01984	0.00648	0.00567
16	0.00863	0.00625	0.00815	0.00943	0.01010	0.00578	0.00641	0.01010	0.01420	0.01894	0.11015	0.63017	0.09433	0.02078	0.00879	0.00273	0.00393	0.01873	0.00660	0.00578
17	0.01695	0.01625	0.02774	0.09804	0.65856	0.01649	0.02125	0.02113	0.01574	0.02240	0.01307	0.01738	0.01091	0.00628	0.00691	0.00209	0.00837	0.00622	0.00343	0.01079
18	0.02618	0.01937	0.02075	0.01599	0.02151	0.02148	0.01318	0.66336	0.05797	0.04342	0.01719	0.01710	0.01222	0.00842	0.00699	0.00210	0.00760	0.00634	0.00699	0.01184
19	0.01016	0.00743	0.00957	0.00898	0.01072	0.00699	0.00675	0.01408	0.04548	0.02803	0.68180	0.05114	0.06416	0.01408	0.00819	0.00220	0.00338	0.01244	0.00766	0.00675
20	0.01827	0.69922	0.09292	0.01260	0.01893	0.02667	0.01308	0.02100	0.01422	0.01689	0.00993	0.01149	0.00895	0.00602	0.00466	0.00155	0.00770	0.00385	0.00298	0.00907
21	0.02453	0.01834	0.01959	0.01542	0.02060	0.02041	0.01261	0.55619	0.14384	0.04089	0.01891	0.01862	0.01365	0.00855	0.00693	0.00212	0.00717	0.00656	0.03350	0.01155
22	0.01230	0.00918	0.01106	0.01084	0.01291	0.00885	0.00791	0.12465	0.01692	0.02291	0.03285	0.49632	0.06054	0.01738	0.00813	0.00249	0.00483	0.03203	0.00628	0.10161
23	0.06747	0.48318	0.05559	0.01369	0.01913	0.19626	0.01262	0.04790	0.01613	0.01872	0.01034	0.01188	0.00899	0.00641	0.00508	0.00166	0.00870	0.00407	0.00336	0.00882
24	0.03010	0.01382	0.01740	0.01334	0.01878	0.01314	0.01102	0.19971	0.02323	0.54576	0.02480	0.02198	0.01590	0.00857	0.00701	0.00214	0.00638	0.00683	0.00822	0.01187
25	0.01471	0.00814	0.00832	0.00770	0.00983	0.00841	0.00593	0.10068	0.01692	0.02827	0.02201	0.02485	0.01713	0.00816	0.00514	0.00168	0.00381	0.00648	0.69465	0.00718
26	0.01012	0.00870	0.00886	0.00854	0.01122	0.00825	0.00648	0.01558	0.15640	0.02098	0.06199	0.05870	0.56700	0.01598	0.00801	0.00236	0.00394	0.01332	0.00661	0.00695
27	0.01035	0.00735	0.01062	0.01062	0.01192	0.00844	0.00824	0.01294	0.01164	0.01743	0.01920	0.02724	0.01750	0.04678	0.63634	0.01001	0.01675	0.00735	0.10299	0.00626
28	0.03051	0.01316	0.01699	0.01303	0.01846	0.01217	0.01076	0.14366	0.02213	0.60337	0.02572	0.02258	0.01637	0.00859	0.00701	0.00215	0.00623	0.00689	0.00836	0.01187
29	0.01411	0.03527	0.68612	0.02035	0.03050	0.01628	0.05744	0.02211	0.01482	0.02211	0.01260	0.01493	0.00892	0.00659	0.00671	0.00222	0.01038	0.00530	0.00297	0.01027
30	0.00831	0.00707	0.00715	0.00713	0.00946	0.00592	0.00535	0.01013	0.01605	0.01918	0.09376	0.06661	0.68512	0.01755	0.00825	0.00235	0.00353	0.01465	0.00652	0.00592
31	0.01318	0.01240	0.02093	0.73798	0.04806	0.01550	0.01938	0.01783	0.01395	0.01783	0.01240	0.01860	0.00930	0.00698	0.00698	0.00233	0.00930	0.00620	0.00310	0.00775
32	0.01736	0.01499	0.01578	0.01420	0.01815	0.01736	0.01105	0.03708	0.69862	0.02919	0.02840	0.02604	0.02130	0.00947	0.00710	0.00237	0.00552	0.00789	0.00710	0.01105
33	0.01318	0.01240	0.02093	0.73798	0.04806	0.01550	0.01938	0.01783	0.01395	0.01783	0.01240	0.01860	0.00930	0.00698	0.00698	0.00233	0.00930	0.00620	0.00310	0.00775
34	0.00826	0.00703	0.00711	0.00716	0.00945	0.00588	0.00534	0.01000	0.01581	0.01881	0.06954	0.09160	0.68470	0.01782	0.00827	0.00237	0.00355	0.01491	0.00648	0.00588
35	0.01488	0.01264	0.01469	0.01053	0.01671	0.00972	0.00844	0.04016	0.01509	0.02345	0.01255	0.01455	0.01039	0.00528	0.00523	0.00107	0.00525	0.00421	0.00423	0.77095
36	0.01734	0.55445	0.22952	0.01419	0.02139	0.02439	0.01586	0.02124	0.01434	0.01803	0.01050	0.01220	0.00892	0.00616	0.00509	0.00170	0.00827	0.00413	0.00297	0.00934
37	0.01714	0.01474	0.01561	0.01415	0.01801	0.01702	0.01105	0.03626	0.67389	0.02889	0.02871	0.02794	0.02198	0.00982	0.00719	0.00240	0.00556	0.03167	0.00708	0.01088
38	0.01159	0.00871	0.00943	0.00862	0.01128	0.00804	0.00660	0.09072	0.01850	0.04968	0.16663	0.05647	0.47352	0.03815	0.00888	0.00243	0.00417	0.01296	0.00675	0.00688
39	0.02598	0.01840	0.04274	0.01541	0.02096	0.01920	0.01297	0.49603	0.09593	0.15031	0.01950	0.01873	0.01357	0.00847	0.00699	0.00214	0.00727	0.00652	0.00713	0.01174
40	0.01212	0.00606	0.00909	0.00909	0.00909	0.00606	0.00606	0.00909	0.00909	0.01212	0.01212	0.02121	0.01212	0.02424	0.02727	0.79697	0.00606	0.00606	0.00303	0.00303
41	0.01923	0.70263	0.03526	0.01241	0.01819	0.08188	0.01206	0.02144	0.01461	0.01647	0.00979	0.01130	0.00896	0.00606	0.00462	0.00152	0.00786	0.00379	0.00303	0.00889
42	0.00997	0.00748	0.01121	0.01121	0.01246	0.00872	0.00872	0.01246	0.01121	0.01620	0.01869	0.02741	0.01745	0.05234	0.72710	0.01121	0.01869	0.00748	0.00374	0.00623
43	0.02580	0.05926	0.02038	0.01776	0.02144	0.70169	0.01343	0.02762	0.01957	0.01705	0.01075	0.01253	0.00899	0.00715	0.00623	0.00179	0.01240	0.00447	0.00357	0.00812
44	0.01015	0.00677	0.00761	0.00761	0.00761	0.00677	0.00423	0.01015	0.01015	0.01353	0.02199	0.04567	0.02537	0.75476	0.03552	0.00677	0.00677	0.01015	0.00423	0.00423
45	0.01417	0.06288	0.69333	0.01959	0.02975	0.01663	0.02527	0.02205	0.01471	0.02189	0.01242	0.01460	0.00884	0.00661	0.00655	0.00218	0.01021	0.00510	0.00295	0.01026
46	0.01481	0.01348	0.01895	0.01353	0.01988	0.01070	0.12189	0.01837	0.01481	0.02267	0.01269	0.01520	0.01038	0.00529	0.00568	0.00125	0.00627	0.00482	0.00403	0.66529
47	0.02906	0.01168	0.01567	0.01223	0.01729	0.01033	0.01002	0.03262	0.05250	0.63251	0.07759	0.02595	0.02104	0.00909	0.00711	0.00217	0.00572	0.00747	0.00849	0.01145
48	0.80405	0.01350	0.01026	0.00918	0.01350	0.01565	0.00756	0.02051	0.01188	0.03131	0.00972	0.01134	0.00756	0.00648	0.00432	0.00216	0.00540	0.00378	0.00432	0.00756
49	0.02538	0.01727	0.01900	0.01492	0.02014	0.01871	0.01221	0.46960	0.12459	0.14768	0.02189	0.02084	0.03703	0.00888	0.00705	0.00215	0.00696	0.00691	0.00724	0.01156
50	0.02070	0.01638	0.01650	0.01430	0.01851	0.07863	0.01123	0.10077	0.45817	0.12286	0.04721	0.02444	0.02014	0.00920	0.00704	0.00226	0.00634	0.00746	0.00701	0.01084
51	0.01447	0.01240	0.01447	0.01034	0.01654	0.00930	0.00827	0.01757	0.01447	0.02274	0.01240	0.01447	0.01034	0.00517	0.00517	0.00103	0.00517	0.00413	0.00413	0.79742
52	0.00848	0.00615	0.00802	0.00952	0.01007	0.00568	0.00639	0.00974	0.01355	0.01789	0.04088	0.69900	0.09579	0.02155	0.00886	0.00280	0.00401	0.01945	0.00648	0.00568
53	0.02264	0.01731	0.01853	0.01513	0.01999	0.01941	0.01220	0.38185	0.32514	0.05798	0.02220	0.02105	0.01618	0.00886	0.00703	0.00222	0.00668	0.00701	0.00708	0.01151
54	0.01015	0.00677	0.00761	0.00761	0.00761	0.00677	0.00423	0.01015	0.01015	0.01353	0.02199	0.04567	0.02537	0.75476	0.03552	0.00677	0.00677	0.01015	0.00423	0.00423
55	0.01736	0.01499	0.01578	0.01420	0.01815	0.01736	0.01105	0.03708	0.69862	0.02919	0.02840	0.02604	0.02130	0.00947	0.00710	0.00237	0.00552	0.00789	0.00710	0.01105
56	0.00982	0.00713	0.00925	0.00872	0.01039	0.00656	0.00654	0.01306	0.01962	0.02767	0.68591	0.05264	0.08767	0.01438	0.00823	0.00220	0.00330	0.01269	0.00764	0.00656
57	0.01712	0.01643	0.02806	0.06774	0.68747	0.01654	0.02134	0.02129	0.01582	0.02262	0.01310	0.01732	0.01099	0.00624	0.00691	0.00208	0.00833	0.00622	0.00344	0.01094
58	0.02653	0.01955	0.02094	0.01606	0.02164	0.02164	0.01326	0.68796	0.03281	0.04398	0.01675	0.01675	0.01187	0.00838	0.00698	0.00209	0.00768	0.00628	0.00698	0.01187
59	0.03096	0.01244	0.01654	0.01268	0.01810	0.01110	0.01048	0.08220	0.02092	0.66654	0.02674	0.02324	0.01688	0.00862	0.00701	0.00215	0.00607	0.00696	0.00851	0.01188
60	0.03131	0.01188	0.01619	0.01242	0.01781	0.01026	0.01026	0.03401	0.01997	0.71606	0.02753	0.02375	0.01727	0.00864	0.00702	0.00216	0.00594	0.00702	0.00864	0.01188
61	0.00850	0.00607	0.00810	0.00972	0.01012	0.00567	0.00648	0.00972	0.01336	0.01781	0.03846	0.75020	0.04615	0.02186	0.00891	0.00283	0.00405	0.01984	0.00648	0.00567
62	0.01727	0.01658	0.02832	0.04283	0.71123	0.01658	0.02142	0.02142	0.01589	0.02280	0.01313	0.01727	0.01105	0.00622	0.00691	0.00207	0.00829	0.00622	0.00345	0.01105
63	0.01400	0.03610	0.71860	0.01989	0.03020	0.01621	0.02578	0.02210	0.01473	0.02210	0.01252	0.01473	0.00884	0.00663	0.00663	0.00221	0.01031	0.00516	0.00295	0.01031
64	0.03131	0.01188	0.01619	0.01242	0.01781	0.01026	0.01026	0.03401	0.01997	0.71606	0.02753	0.02375	0.01727	0.00864	0.00702	0.00216	0.00594	0.00702	0.00864	0.01188
65	0.00832	0.00706	0.00709	0.00709	0.00936	0.00592	0.00526	0.01002	0.01569	0.01865	0.06888	0.06636	0.68304	0.04504	0.00926	0.00252	0.00365	0.01456	0.00640	0.00583
66	0.01794	0.64820	0.14107	0.01316	0.01979	0.02586	0.01406	0.02108	0.01426	0.01729	0.01013	0.01174	0.00894	0.00607	0.00481	0.00160	0.00790	0.00395	0.00298	0.00916
67	0.01866	0.75896	0.03657	0.01194	0.01791	0.02761	0.01194	0.02090	0.01418	0.01642	0.00970	0.01119	0.00896	0.00597	0.00448	0.00149	0.00746	0.00373	0.00299	0.00896
68	0.00850	0.00607	0.00810	0.00972	0.01012	0.00567	0.00648	0.00972	0.01336	0.01781	0.03846	0.75020	0.04615	0.02186	0.00891	0.00283	0.00405	0.01984	0.00648	0.00567
69	0.01400	0.03610	0.71860	0.01989	0.03020	0.01621	0.02578	0.02210	0.01473	0.02210	0.01252	0.01473	0.00884	0.00663	0.00663	0.00221	0.01031	0.00516	0.00295	0.01031
70	0.01212	0.00606	0.00909	0.00909	0.00909	0.00606	0.00606	0.00909	0.00909	0.01212	0.01212	0.02121	0.01212	0.02424	0.02727	0.79697	0.00606	0.00606	0.00303	0.00303
71	0.01447	0.01240	0.01447	0.01034	0.01654	0.00930	0.00827	0.01757	0.01447	0.02274	0.01240	0.01447	0.01034	0.00517	0.00517	0.00103	0.00517	0.00413	0.00413	0.79742
72	0.80405	0.01350	0.01026	0.00918	0.01350	0.01565	0.00756	0.02051	0.01188	0.03131	0.00972	0.01134	0.00756	0.00648	0.00432	0.00216	0.00540	0.00378	0.00432	0.00756
73	0.02653	0.01955	0.02094	0.01606	0.02164	0.02164	0.01326	0.68796	0.03281	0.04398	0.01675	0.01675	0.01187	0.00838	0.00698	0.00209	0.00768	0.00628	0.00698	0.01187
74	0.02653	0.01955	0.02094	0.01606	0.02164	0.02164	0.01326	0.68796	0.03281	0.04398	0.01675	0.01675	0.01187	0.00838	0.00698	0.00209	0.00768	0.00628	0.00698	0.01187
75	0.00864	0.00708	0.00761	0.00748	0.00967	0.00606	0.00561	0.01078	0.01683	0.02105	0.22436	0.06353	0.55336	0.01685	0.00824	0.00232	0.00348	0.01422	0.00677	0.00606
76	0.01557	0.01789	0.06231	0.02649	0.05586	0.01696	0.49742	0.02059	0.01538	0.02126	0.01513	0.06477	0.01282	0.00898	0.03025	0.00270	0.09448	0.00851	0.00364	0.00898
77	0.00834	0.00690	0.00731	0.00757	0.00957	0.00588	0.00554	0.01006	0.01560	0.01896	0.08532	0.18135	0.57700	0.01827	0.00836	0.00243	0.00361	0.01552	0.00652	0.00588
78	0.01739	0.01436	0.01533	0.01488	0.07453	0.05803	0.01069	0.17917	0.17057	0.05365	0.03660	0.05810	0.22709	0.01188	0.00747	0.00227	0.00609	0.02628	0.00638	0.00924
79	0.00863	0.00617	0.00825	0.00987	0.01033	0.00578	0.00671	0.00994	0.01349	0.01796	0.03839	0.71793	0.04587	0.02174	0.00894	0.00285	0.00416	0.05081	0.00648	0.00570
80	0.01615	0.02123	0.14236	0.02782	0.05541	0.01739	0.54067	0.02283	0.04152	0.02258	0.01438	0.01842	0.01074	0.00614	0.00791	0.00232	0.01121	0.00770	0.00357	0.00966
81	0.01494	0.01310	0.01679	0.01578	0.13302	0.01052	0.01047	0.01822	0.01471	0.02275	0.01252	0.01494	0.01046	0.00534	0.00546	0.00121	0.00569	0.00448	0.00402	0.66556
82	0.01812	0.13418	0.08800	0.01351	0.01822	0.04293	0.01202	0.11525	0.21603	0.07398	0.16764	0.02628	0.02569	0.00938	0.00683	0.00210	0.00640	0.00758	0.00612	0.00974
83	0.01447	0.01240	0.01447	0.01034	0.01654	0.00930	0.00827	0.01757	0.01447	0.02274	0.01240	0.01447	0.01034	0.00517	0.00517	0.00103	0.00517	0.00413	0.00413	0.79742
84	0.01447	0.01240	0.01447	0.01034	0.01654	0.00930	0.00827	0.01757	0.01447	0.02274	0.01240	0.01447	0.01034	0.00517	0.00517	0.00103	0.00517	0.00413	0.00413	0.79742
85	0.02200	0.01561	0.01664	0.01329	0.01768	0.01705	0.01080	0.46758	0.05237	0.03804	0.04190	0.02184	0.03591	0.00882	0.00658	0.00201	0.00632	0.00684	0.18846	0.01026
86	0.00982	0.00713	0.00925	0.00872	0.01039	0.00656	0.00654	0.01307	0.01963	0.02769	0.68682	0.05262	0.08675	0.01438	0.00823	0.00220	0.00330	0.01269	0.00764	0.00656
87	0.01664	0.01425	0.01497	0.01345	0.01727	0.01619	0.01047	0.05755	0.59606	0.02854	0.03284	0.03042	0.09990	0.01037	0.00723	0.00236	0.00537	0.00862	0.00702	0.01048
88	0.00994	0.00668	0.00767	0.00788	0.00793	0.00663	0.00451	0.01009	0.01055	0.01407	0.02406	0.13421	0.02798	0.66265	0.03217	0.00627	0.00642	0.01137	0.00451	0.00441
89	0.01404	0.01328	0.02249	0.59145	0.18785	0.01573	0.01981	0.01859	0.01436	0.01888	0.01256	0.01832	0.00967	0.00682	0.00696	0.00227	0.00909	0.00620	0.00318	0.00845
90	0.64068	0.01315	0.01151	0.00986	0.01441	0.01451	0.00813	0.02337	0.01359	0.17608	0.01348	0.01396	0.00961	0.00693	0.00489	0.00216	0.00551	0.00446	0.00523	0.00847
91	0.01400	0.03610	0.71860	0.01989	0.03020	0.01621	0.02578	0.02210	0.01473	0.02210	0.01252	0.01473	0.00884	0.00663	0.00663	0.00221	0.01031	0.00516	0.00295	0.01031
92	0.80405	0.01350	0.01026	0.00918	0.01350	0.01565	0.00756	0.02051	0.01188	0.03131	0.00972	0.01134	0.00756	0.00648	0.00432	0.00216	0.00540	0.00378	0.00432	0.00756
93	0.01527	0.01527	0.02137	0.01832	0.01832	0.02137	0.01527	0.01679	0.01069	0.01679	0.00916	0.01527	0.00916	0.01221	0.02290	0.00305	0.74198	0.00611	0.00305	0.00763
94	0.80405	0.01350	0.01026	0.00918	0.01350	0.01565	0.00756	0.02051	0.01188	0.03131	0.00972	0.01134	0.00756	0.00648	0.00432	0.00216	0.00540	0.00378	0.00432	0.00756
95	0.01866	0.75896	0.03657	0.01194	0.01791	0.02761	0.01194	0.02090	0.01418	0.01642	0.00970	0.01119	0.00896	0.00597	0.00448	0.00149	0.00746	0.00373	0.00299	0.00896
96	0.00850	0.00607	0.00810	0.00972	0.01012	0.00567	0.00648	0.00972	0.01336	0.01781	0.03846	0.75020	0.04615	0.02186	0.00891	0.00283	0.00405	0.01984	0.00648	0.00567
97	0.01647	0.01882	0.04118	0.02941	0.03647	0.01765	0.68588	0.02235	0.01647	0.02235	0.01412	0.01882	0.01059	0.00588	0.00824	0.00235	0.01176	0.00824	0.00353	0.00941
98	0.00831	0.00707	0.00715	0.00713	0.00946	0.00592	0.00535	0.01013	0.01605	0.01920	0.09476	0.06659	0.68411	0.01754	0.00825	0.00235	0.00353	0.01465	0.00653	0.00592
99	0.01812	0.67636	0.11450	0.01285	0.01932	0.02631	0.01352	0.02103	0.01424	0.01707	0.01002	0.01160	0.00894	0.00605	0.00472	0.00157	0.00779	0.00389	0.00298	0.00911
100	0.01004	0.00672	0.00764	0.00775	0.00778	0.00669	0.00438	0.01012	0.01036	0.01381	0.02306	0.09172	0.02673	0.70685	0.03378	0.00651	0.00659	0.01078	0.00438	0.00432
101	0.01224	0.00968	0.01177	0.01291	0.01481	0.04304	0.01105	0.01646	0.06373	0.02118	0.03672	0.07132	0.06947	0.01794	0.00923	0.00304	0.00652	0.55573	0.00634	0.00680
102	0.01048	0.00731	0.01042	0.01042	0.01173	0.00835	0.00808	0.01310	0.01179	0.01785	0.01938	0.02718	0.01752	0.04492	0.60586	0.00961	0.01610	0.00731	0.13632	0.00628
103	0.01062	0.00827	0.01290	0.01218	0.01372	0.00946	0.04545	0.01330	0.01165	0.01702	0.01837	0.02654	0.01686	0.04655	0.63341	0.01004	0.03811	0.00743	0.04166	0.00646
104	0.02226	0.00987	0.01329	0.01088	0.01469	0.00871	0.00871	0.02521	0.01988	0.42542	0.31477	0.03574	0.03779	0.01101	0.00753	0.00217	0.00482	0.00938	0.00823	0.00964
105	0.02607	0.03326	0.01978	0.01798	0.02157	0.72674	0.01348	0.02787	0.01978	0.01708	0.01079	0.01258	0.00899	0.00719	0.00629	0.00180	0.01258	0.00449	0.00360	0.00809
106	0.01822	0.01523	0.01621	0.01437	0.01841	0.01745	0.01133	0.11780	0.58221	0.03065	0.02735	0.02740	0.02102	0.00980	0.00721	0.00237	0.00584	0.03916	0.00705	0.01093
107	0.01829	0.70285	0.08951	0.01256	0.01886	0.02673	0.01301	0.02099	0.01422	0.01686	0.00992	0.01147	0.00895	0.00602	0.00464	0.00155	0.00768	0.00384	0.00298	0.00906
108	0.00850	0.00607	0.00810	0.00972	0.01012	0.00567	0.00648	0.00972	0.01336	0.01781	0.03846	0.75020	0.04615	0.02186	0.00891	0.00283	0.00405	0.01984	0.00648	0.00567
109	0.00865	0.00618	0.00825	0.00980	0.01029	0.00579	0.00666	0.01000	0.01367	0.01826	0.06018	0.70261	0.04657	0.02152	0.00891	0.00283	0.00411	0.04348	0.00651	0.00573
110	0.01084	0.00752	0.00899	0.00874	0.01079	0.00678	0.00650	0.01370	0.03864	0.07299	0.29075	0.17181	0.29350	0.01623	0.00823	0.00236	0.00377	0.01405	0.00709	0.00670
111	0.03113	0.01217	0.01637	0.01255	0.01796	0.01069	0.01037	0.05872	0.02046	0.69066	0.02712	0.02349	0.01707	0.00863	0.00702	0.00216	0.00600	0.00699	0.00857	0.01188
112	0.01015	0.00677	0.00761	0.00761	0.00761	0.00677	0.00423	0.01015	0.01015	0.01353	0.02199	0.04567	0.02537	0.75476	0.03552	0.00677	0.00677	0.01015	0.00423	0.00423
113	0.01711	0.01707	0.02503	0.02015	0.02239	0.04725	0.14888	0.08547	0.03890	0.02105	0.01165	0.01641	0.01014	0.01028	0.01720	0.00275	0.46947	0.00655	0.00370	0.00855
114	0.01301	0.00650	0.00650	0.00650	0.00813	0.00650	0.00488	0.01626	0.01463	0.02602	0.02276	0.02602	0.01789	0.00813	0.00488	0.00163	0.00325	0.00650	0.79350	0.00650
115	0.01866	0.75896	0.03657	0.01194	0.01791	0.02761	0.01194	0.02090	0.01418	0.01642	0.00970	0.01119	0.00896	0.00597	0.00448	0.00149	0.00746	0.00373	0.00299	0.00896
116	0.01467	0.01399	0.02024	0.36264	0.03280	0.03940	0.04145	0.02043	0.10633	0.01947	0.01436	0.01918	0.01152	0.01029	0.03759	0.00280	0.18879	0.00649	0.02941	0.00815
117	0.01507	0.02323	0.29329	0.12992	0.03243	0.01535	0.22436	0.02111	0.01536	0.04632	0.01573	0.01886	0.03639	0.00682	0.00713	0.00217	0.00975	0.00660	0.00359	0.07650
118	0.01110	0.00878	0.03222	0.00957	0.01180	0.00779	0.00757	0.01573	0.07211	0.04641	0.58369	0.04886	0.09007	0.01366	0.00806	0.00222	0.00377	0.01196	0.00746	0.00716
119	0.02653	0.01955	0.02094	0.01606	0.02164	0.02164	0.01326	0.68796	0.03281	0.04398	0.01675	0.01675	0.01187	0.00838	0.00698	0.00209	0.00768	0.00628	0.00698	0.01187
120	0.01188	0.01017	0.01439	0.01330	0.01394	0.01299	0.01049	0.01372	0.01089	0.01608	0.01571	0.02538	0.01549	0.12630	0.38902	0.00774	0.27517	0.00732	0.00356	0.00648
121	0.09292	0.01316	0.02101	0.55716	0.14757	0.01569	0.01851	0.01865	0.01405	0.01995	0.01225	0.01767	0.00940	0.00681	0.00670	0.00227	0.00875	0.00596	0.00328	0.00825
122	0.00997	0.00748	0.01121	0.01121	0.01246	0.00872	0.00872	0.01246	0.01121	0.01620	0.01869	0.02741	0.01745	0.05234	0.72710	0.01121	0.01869	0.00748	0.00374	0.00623
123	0.01727	0.01658	0.02832	0.04283	0.71123	0.01658	0.02142	0.02142	0.01589	0.02280	0.01313	0.01727	0.01105	0.00622	0.00691	0.00207	0.00829	0.00622	0.00345	0.01105
124	0.00997	0.00748	0.01121	0.01121	0.01246	0.00872	0.00872	0.01246	0.01121	0.01620	0.01869	0.02741	0.01745	0.05234	0.72710	0.01121	0.01869	0.00748	0.00374	0.00623
125	0.01727	0.01658	0.02832	0.04283	0.71123	0.01658	0.02142	0.02142	0.01589	0.02280	0.01313	0.01727	0.01105	0.00622	0.00691	0.00207	0.00829	0.00622	0.00345	0.01105
126	0.01015	0.00677	0.00761	0.00761	0.00761	0.00677	0.00423	0.01015	0.01015	0.01353	0.02199	0.04567	0.02537	0.75476	0.03552	0.00677	0.00677	0.01015	0.00423	0.00423
127	0.00850	0.00607	0.00810	0.00972	0.01012	0.00567	0.00648	0.00972	0.01336	0.01781	0.03846	0.75020	0.04615	0.02186	0.00891	0.00283	0.00405	0.01984	0.00648	0.00567
128	0.01393	0.01319	0.02218	0.59947	0.15835	0.01586	0.01960	0.01840	0.01418	0.01863	0.01243	0.01828	0.00959	0.00701	0.00745	0.00231	0.03149	0.00620	0.00316	0.00830
129	0.03131	0.01188	0.01619	0.01242	0.01781	0.01026	0.01026	0.03401	0.01997	0.71606	0.02753	0.02375	0.01727	0.00864	0.00702	0.00216	0.00594	0.00702	0.00864	0.01188
130	0.01780	0.01521	0.01603	0.01429	0.01831	0.01756	0.01115	0.06836	0.66662	0.02990	0.02784	0.02559	0.02085	0.00942	0.00709	0.00235	0.00563	0.00781	0.00709	0.01108
131	0.01736	0.01499	0.01578	0.01420	0.01815	0.01736	0.01105	0.03708	0.69862	0.02919	0.02840	0.02604	0.02130	0.00947	0.00710	0.00237	0.00552	0.00789	0.00710	0.01105
132	0.02733	0.01826	0.02015	0.01545	0.02100	0.01973	0.01276	0.57831	0.03066	0.15667	0.01856	0.01793	0.01277	0.00842	0.00699	0.00211	0.00739	0.00641	0.00726	0.01187
133	0.02607	0.03326	0.01978	0.01798	0.02157	0.72674	0.01348	0.02787	0.01978	0.01708	0.01079	0.01258	0.00899	0.00719	0.00629	0.00180	0.01258	0.00449	0.00360	0.00809
134	0.00872	0.00703	0.00784	0.00829	0.01021	0.00615	0.00629	0.01064	0.01565	0.01926	0.08391	0.17917	0.49379	0.01843	0.00853	0.00254	0.00397	0.09712	0.00652	0.00595
135	0.01447	0.01240	0.01447	0.01034	0.01654	0.00930	0.00827	0.01757	0.01447	0.02274	0.01240	0.01447	0.01034	0.00517	0.00517	0.00103	0.00517	0.00413	0.00413	0.79742
136	0.20829	0.01777	0.01822	0.01428	0.01956	0.01970	0.01179	0.50076	0.02731	0.07325	0.01563	0.01582	0.01112	0.00795	0.00636	0.00211	0.00706	0.00573	0.00644	0.01086
137	0.02573	0.02199	0.02031	0.01630	0.02136	0.16480	0.01314	0.50377	0.08116	0.03737	0.01643	0.01662	0.01200	0.00822	0.00685	0.00205	0.00851	0.00604	0.00630	0.01104
138	0.00988	0.00713	0.00933	0.00878	0.01043	0.00658	0.00658	0.01317	0.01975	0.02798	0.70754	0.05213	0.06584	0.01427	0.00823	0.00219	0.00329	0.01262	0.00768	0.00658
139	0.01006	0.00786	0.00854	0.00826	0.01064	0.00710	0.00622	0.01360	0.07384	0.04428	0.17259	0.09247	0.48675	0.01631	0.00814	0.00235	0.00376	0.01379	0.00681	0.00663
140	0.01564	0.01491	0.02537	0.32020	0.44662	0.01615	0.02060	0.01999	0.01512	0.02082	0.01284	0.01780	0.01035	0.00652	0.00694	0.00217	0.00869	0.00621	0.00331	0.00974
141	0.01679	0.47006	0.30914	0.01512	0.02282	0.02305	0.01747	0.02138	0.01440	0.01869	0.01083	0.01261	0.00891	0.00623	0.00534	0.00178	0.00860	0.00430	0.00297	0.00950
142	0.02607	0.03326	0.01978	0.01798	0.02157	0.72674	0.01348	0.02787	0.01978	0.01708	0.01079	0.01258	0.00899	0.00719	0.00629	0.00180	0.01258	0.00449	0.00360	0.00809
143	0.01318	0.01240	0.02093	0.73798	0.04806	0.01550	0.01938	0.01783	0.01395	0.01783	0.01240	0.01860	0.00930	0.00698	0.00698	0.00233	0.00930	0.00620	0.00310	0.00775
144	0.80405	0.01350	0.01026	0.00918	0.01350	0.01565	0.00756	0.02051	0.01188	0.03131	0.00972	0.01134	0.00756	0.00648	0.00432	0.00216	0.00540	0.00378	0.00432	0.00756
145	0.02653	0.01955	0.02094	0.01606	0.02164	0.02164	0.01326	0.68796	0.03281	0.04398	0.01675	0.01675	0.01187	0.00838	0.00698	0.00209	0.00768	0.00628	0.00698	0.01187
