[name]
unknown

[dist]
# distance from previous block
# <min> <max>
0	526

[block]
# block no. 0 follows, 31 sequences, length 28
# corresponding to MSA columns:
# 528-555
name=unknown_A
#
# <colnr> <probs for GDERKNQSTAVLIFYWHMCP>
#	G	D	E	R	K	N	Q	S	T	A	V	L	I	F	Y	W	H	M	C	P
0	0.01102	0.00787	0.01102	0.01260	0.01417	0.00787	0.01102	0.01417	0.01575	0.02047	0.03622	0.07717	0.03937	0.01890	0.00945	0.00315	0.00630	0.67084	0.00630	0.00630
1	0.03070	0.01164	0.01588	0.01217	0.01746	0.01006	0.01006	0.03334	0.01958	0.72163	0.02699	0.02329	0.01694	0.00847	0.00688	0.00212	0.00582	0.00688	0.00847	0.01164
2	0.00834	0.00595	0.00794	0.00953	0.00992	0.00556	0.00635	0.00953	0.01310	0.01746	0.03771	0.75510	0.04525	0.02143	0.00873	0.00278	0.00397	0.01945	0.00635	0.00556
3	0.00968	0.00699	0.00914	0.00861	0.01022	0.00646	0.00646	0.01291	0.01937	0.02743	0.71328	0.05110	0.06455	0.01399	0.00807	0.00215	0.00323	0.01237	0.00753	0.00646
4	0.00959	0.00699	0.00902	0.00851	0.01016	0.00642	0.00638	0.01273	0.01915	0.02692	0.67641	0.05195	0.10174	0.01418	0.00807	0.00216	0.00324	0.01249	0.00746	0.00642
5	0.00830	0.00700	0.00722	0.00734	0.00959	0.00593	0.00561	0.01013	0.01560	0.01862	0.06695	0.06665	0.66598	0.01744	0.00818	0.00237	0.00367	0.06127	0.00635	0.00581
6	0.01339	0.00699	0.00706	0.00683	0.00861	0.00709	0.00518	0.04857	0.01520	0.02635	0.02203	0.02507	0.01725	0.00798	0.00488	0.00162	0.00340	0.00637	0.75949	0.00663
7	0.80789	0.01323	0.01006	0.00900	0.01323	0.01535	0.00741	0.02011	0.01164	0.03070	0.00953	0.01111	0.00741	0.00635	0.00423	0.00212	0.00529	0.00370	0.00423	0.00741
8	0.01615	0.01845	0.04037	0.02884	0.03576	0.01730	0.69204	0.02191	0.01615	0.02191	0.01384	0.01845	0.01038	0.00577	0.00807	0.00231	0.01153	0.00807	0.00346	0.00923
9	0.01419	0.01216	0.01419	0.01013	0.01621	0.00912	0.00811	0.01723	0.01419	0.02229	0.01216	0.01419	0.01013	0.00507	0.00507	0.00101	0.00507	0.00405	0.00405	0.80139
10	0.01335	0.00695	0.00701	0.00680	0.00856	0.00704	0.00515	0.04627	0.01514	0.02629	0.02205	0.02510	0.01727	0.00798	0.00487	0.00161	0.00338	0.00637	0.76218	0.00661
11	0.02601	0.01916	0.02053	0.01574	0.02122	0.02122	0.01300	0.69408	0.03217	0.04312	0.01643	0.01643	0.01163	0.00821	0.00684	0.00205	0.00753	0.00616	0.00684	0.01163
12	0.80789	0.01323	0.01006	0.00900	0.01323	0.01535	0.00741	0.02011	0.01164	0.03070	0.00953	0.01111	0.00741	0.00635	0.00423	0.00212	0.00529	0.00370	0.00423	0.00741
13	0.01693	0.01626	0.02777	0.04199	0.71689	0.01626	0.02100	0.02100	0.01558	0.02235	0.01287	0.01693	0.01084	0.00610	0.00677	0.00203	0.00813	0.00610	0.00339	0.01084
14	0.02601	0.01916	0.02053	0.01574	0.02122	0.02122	0.01300	0.69408	0.03217	0.04312	0.01643	0.01643	0.01163	0.00821	0.00684	0.00205	0.00753	0.00616	0.00684	0.01163
15	0.01461	0.01269	0.01565	0.01776	0.14671	0.01370	0.01160	0.02595	0.37210	0.02452	0.03218	0.09359	0.11770	0.01151	0.00741	0.00236	0.00560	0.05887	0.00611	0.00936
16	0.03070	0.01164	0.01588	0.01217	0.01746	0.01006	0.01006	0.03334	0.01958	0.72163	0.02699	0.02329	0.01694	0.00847	0.00688	0.00212	0.00582	0.00688	0.00847	0.01164
17	0.03048	0.01199	0.01609	0.01234	0.01764	0.01057	0.01019	0.06406	0.02017	0.69009	0.02650	0.02297	0.01669	0.00846	0.00688	0.00211	0.00590	0.00685	0.00839	0.01164
18	0.01391	0.00874	0.01143	0.01181	0.05102	0.00841	0.00814	0.01791	0.08863	0.13955	0.21409	0.27267	0.05951	0.05055	0.00919	0.00258	0.00458	0.01288	0.00682	0.00760
19	0.01439	0.00888	0.00922	0.00860	0.01081	0.00942	0.00654	0.07994	0.12802	0.02690	0.02321	0.05117	0.01878	0.03406	0.00648	0.00197	0.00409	0.00716	0.54289	0.00747
20	0.00834	0.00595	0.00794	0.00953	0.00992	0.00556	0.00635	0.00953	0.01310	0.01746	0.03771	0.75510	0.04525	0.02143	0.00873	0.00278	0.00397	0.01945	0.00635	0.00556
21	0.02723	0.04554	0.01719	0.01268	0.01772	0.01304	0.01050	0.16553	0.04584	0.47957	0.07308	0.02342	0.01904	0.00872	0.00685	0.00209	0.00603	0.00702	0.00778	0.01112
22	0.04827	0.03370	0.66678	0.01990	0.05494	0.01588	0.02434	0.02157	0.01437	0.02208	0.01218	0.01439	0.00869	0.00648	0.00641	0.00216	0.00983	0.00504	0.00297	0.01002
23	0.02885	0.01250	0.01615	0.01261	0.01776	0.01160	0.01034	0.07879	0.09700	0.59785	0.02636	0.02307	0.01701	0.00854	0.00689	0.00214	0.00589	0.00693	0.00819	0.01155
24	0.00834	0.00595	0.00794	0.00953	0.00992	0.00556	0.00635	0.00953	0.01310	0.01746	0.03771	0.75510	0.04525	0.02143	0.00873	0.00278	0.00397	0.01945	0.00635	0.00556
25	0.04602	0.01767	0.02590	0.10334	0.52907	0.09670	0.04054	0.02138	0.01570	0.02155	0.01245	0.01638	0.01031	0.00627	0.00666	0.00204	0.00870	0.00588	0.00340	0.01003
26	0.01529	0.13313	0.51351	0.01936	0.02816	0.05858	0.09680	0.02186	0.01484	0.02065	0.01197	0.01429	0.00888	0.00636	0.00637	0.00206	0.01001	0.00516	0.00299	0.00971
27	0.02343	0.01788	0.01908	0.01522	0.02023	0.02001	0.01238	0.50563	0.22481	0.03896	0.01970	0.01903	0.01428	0.00852	0.00688	0.00213	0.00692	0.00661	0.00688	0.01140

[dist]
# distance from previous block
# <min> <max>
0	1

[block]
# block no. 1 follows, 31 sequences, length 135
# corresponding to MSA columns:
# 557-691
name=unknown_B
#
# <colnr> <probs for GDERKNQSTAVLIFYWHMCP>
#	G	D	E	R	K	N	Q	S	T	A	V	L	I	F	Y	W	H	M	C	P
0	0.06305	0.08582	0.60575	0.01823	0.02744	0.04272	0.02278	0.02169	0.01441	0.02164	0.01185	0.01392	0.00860	0.00646	0.00620	0.00210	0.00970	0.00485	0.00300	0.00977
1	0.01971	0.01411	0.01558	0.01286	0.01699	0.01497	0.01023	0.30574	0.14965	0.07518	0.04724	0.10893	0.02001	0.00992	0.00680	0.00206	0.00585	0.00815	0.07618	0.07983
2	0.01825	0.02110	0.08729	0.06038	0.49131	0.16098	0.01973	0.02221	0.01618	0.02098	0.01233	0.01583	0.01017	0.00635	0.00663	0.00200	0.00919	0.00566	0.00336	0.01007
3	0.01359	0.01372	0.04250	0.01712	0.02164	0.01247	0.22877	0.01771	0.03908	0.02065	0.01852	0.16976	0.01799	0.01119	0.03571	0.00242	0.06985	0.00898	0.00431	0.23404
4	0.02183	0.01857	0.01996	0.01611	0.02088	0.13478	0.08734	0.20621	0.21122	0.10568	0.02104	0.02076	0.03688	0.00824	0.00688	0.00208	0.00777	0.00678	0.00601	0.04098
5	0.00981	0.00720	0.00922	0.00876	0.01042	0.00674	0.00655	0.01342	0.04121	0.02674	0.63978	0.07979	0.08599	0.01426	0.00806	0.00219	0.00334	0.01259	0.00742	0.00654
6	0.01339	0.01264	0.02136	0.66154	0.12506	0.01532	0.01923	0.01789	0.01390	0.01805	0.01224	0.01809	0.00932	0.00675	0.00683	0.00225	0.00900	0.00608	0.00308	0.00798
7	0.00965	0.00811	0.00852	0.00821	0.01066	0.00756	0.00622	0.01423	0.11955	0.02123	0.15122	0.05777	0.52112	0.01566	0.00791	0.00229	0.00373	0.01315	0.00661	0.00663
8	0.00816	0.00693	0.00703	0.00701	0.00929	0.00581	0.00526	0.00996	0.01577	0.01890	0.09938	0.06515	0.68378	0.01717	0.00808	0.00230	0.00345	0.01434	0.00641	0.00581
9	0.01944	0.64833	0.03325	0.01264	0.01813	0.13831	0.01194	0.02156	0.01477	0.01620	0.00968	0.01119	0.00878	0.00604	0.00467	0.00151	0.00811	0.00378	0.00302	0.00865
10	0.01394	0.06940	0.69198	0.01914	0.02905	0.01641	0.02464	0.02161	0.01442	0.02141	0.01215	0.01428	0.00867	0.00647	0.00640	0.00213	0.00998	0.00499	0.00289	0.01005
11	0.04826	0.07327	0.01725	0.01298	0.01762	0.01526	0.01057	0.05606	0.34352	0.29168	0.02507	0.02273	0.01766	0.00857	0.00663	0.00216	0.00579	0.00690	0.00712	0.01089
12	0.02302	0.01676	0.01817	0.01437	0.01897	0.01846	0.01167	0.56455	0.02841	0.03848	0.01818	0.05845	0.01450	0.03745	0.03936	0.00262	0.00753	0.00708	0.05147	0.01050
13	0.00965	0.00651	0.00755	0.00785	0.00792	0.00643	0.00456	0.00987	0.01054	0.01405	0.02457	0.17712	0.02867	0.62204	0.02996	0.00591	0.00614	0.01172	0.00456	0.00441
14	0.01497	0.01497	0.02095	0.01796	0.01796	0.02095	0.01497	0.01646	0.01048	0.01646	0.00898	0.01497	0.00898	0.01197	0.02245	0.00299	0.74704	0.00599	0.00299	0.00748
15	0.00834	0.00595	0.00794	0.00953	0.00992	0.00556	0.00635	0.00953	0.01310	0.01746	0.03771	0.75510	0.04525	0.02143	0.00873	0.00278	0.00397	0.01945	0.00635	0.00556
16	0.02018	0.57866	0.03194	0.01286	0.01847	0.07935	0.01205	0.13839	0.01750	0.02085	0.01080	0.01203	0.00928	0.00635	0.00495	0.00159	0.00773	0.00415	0.00365	0.00921
17	0.01299	0.01226	0.02053	0.71847	0.04613	0.01540	0.01886	0.01745	0.01357	0.01745	0.01205	0.01813	0.00912	0.00701	0.00737	0.00230	0.03421	0.00608	0.00304	0.00760
18	0.02556	0.03261	0.01939	0.01763	0.02115	0.73210	0.01322	0.02732	0.01939	0.01674	0.01058	0.01234	0.00881	0.00705	0.00617	0.00176	0.01234	0.00441	0.00353	0.00793
19	0.01600	0.01960	0.08947	0.02864	0.06011	0.01716	0.61928	0.02186	0.01600	0.02191	0.01369	0.01811	0.01027	0.00583	0.00791	0.00229	0.01131	0.00778	0.00342	0.00935
20	0.05293	0.02040	0.01937	0.01544	0.02040	0.12646	0.01251	0.52394	0.05669	0.03763	0.01595	0.01627	0.01162	0.00801	0.00660	0.00201	0.00795	0.00588	0.02920	0.01075
21	0.00977	0.00733	0.01100	0.01100	0.01222	0.00855	0.00855	0.01222	0.01100	0.01588	0.01833	0.02688	0.01710	0.05131	0.73245	0.01100	0.01833	0.00733	0.00367	0.00611
22	0.02932	0.01134	0.01544	0.01194	0.01699	0.00982	0.00982	0.03201	0.01957	0.67636	0.07174	0.02510	0.02004	0.00883	0.00696	0.00212	0.00565	0.00724	0.00841	0.01130
23	0.02427	0.08050	0.04938	0.01711	0.02113	0.60725	0.01352	0.04641	0.04556	0.01813	0.01141	0.01296	0.00935	0.00707	0.00611	0.00179	0.01150	0.00456	0.00369	0.00830
24	0.01102	0.00787	0.01102	0.01260	0.01417	0.00787	0.01102	0.01417	0.01575	0.02047	0.03622	0.07717	0.03937	0.01890	0.00945	0.00315	0.00630	0.67084	0.00630	0.00630
25	0.01531	0.01348	0.01453	0.01161	0.01666	0.03297	0.00914	0.02422	0.26645	0.02429	0.02006	0.02028	0.04133	0.00714	0.00591	0.00156	0.00534	0.00581	0.00519	0.45873
26	0.02449	0.01792	0.16045	0.01424	0.02028	0.01364	0.01358	0.18814	0.02154	0.36267	0.07449	0.02199	0.01766	0.00843	0.00689	0.00211	0.00690	0.00676	0.00687	0.01093
27	0.01372	0.03539	0.72412	0.01950	0.02961	0.01589	0.02528	0.02167	0.01444	0.02167	0.01228	0.01444	0.00867	0.00650	0.00650	0.00217	0.01011	0.00506	0.00289	0.01011
28	0.01693	0.01626	0.02777	0.04199	0.71689	0.01626	0.02100	0.02100	0.01558	0.02235	0.01287	0.01693	0.01084	0.00610	0.00677	0.00203	0.00813	0.00610	0.00339	0.01084
29	0.02461	0.03100	0.01884	0.01730	0.02070	0.68492	0.01308	0.02646	0.01915	0.01699	0.01225	0.01656	0.01080	0.00782	0.00638	0.00185	0.01194	0.04782	0.00371	0.00782
30	0.00844	0.00603	0.00803	0.00946	0.00995	0.00562	0.00636	0.00978	0.01356	0.01821	0.08789	0.70281	0.04668	0.02088	0.00868	0.00273	0.00391	0.01892	0.00644	0.00562
31	0.01292	0.01216	0.02052	0.74312	0.04712	0.01520	0.01900	0.01748	0.01368	0.01748	0.01216	0.01824	0.00912	0.00684	0.00684	0.00228	0.00912	0.00608	0.00304	0.00760
32	0.80789	0.01323	0.01006	0.00900	0.01323	0.01535	0.00741	0.02011	0.01164	0.03070	0.00953	0.01111	0.00741	0.00635	0.00423	0.00212	0.00529	0.00370	0.00423	0.00741
33	0.01076	0.00837	0.01192	0.01359	0.11564	0.00792	0.00862	0.01412	0.01880	0.02668	0.60879	0.04601	0.05654	0.01281	0.00788	0.00213	0.00396	0.01144	0.00691	0.00711
34	0.00832	0.00600	0.00789	0.00941	0.00989	0.00557	0.00630	0.00954	0.01321	0.01751	0.03908	0.72514	0.07432	0.02126	0.00870	0.00276	0.00395	0.01923	0.00635	0.00557
35	0.01292	0.01216	0.02052	0.74312	0.04712	0.01520	0.01900	0.01748	0.01368	0.01748	0.01216	0.01824	0.00912	0.00684	0.00684	0.00228	0.00912	0.00608	0.00304	0.00760
36	0.02601	0.01916	0.02053	0.01574	0.02122	0.02122	0.01300	0.69408	0.03217	0.04312	0.01643	0.01643	0.01163	0.00821	0.00684	0.00205	0.00753	0.00616	0.00684	0.01163
37	0.01440	0.14404	0.62144	0.01834	0.02781	0.01756	0.02325	0.02149	0.01436	0.02084	0.01186	0.01393	0.00868	0.00640	0.00619	0.00206	0.00969	0.00485	0.00289	0.00991
38	0.00968	0.00699	0.00914	0.00861	0.01022	0.00646	0.00646	0.01291	0.01937	0.02743	0.71328	0.05110	0.06455	0.01399	0.00807	0.00215	0.00323	0.01237	0.00753	0.00646
39	0.01829	0.76368	0.03585	0.01171	0.01756	0.02707	0.01171	0.02049	0.01390	0.01610	0.00951	0.01097	0.00878	0.00585	0.00439	0.00146	0.00732	0.00366	0.00293	0.00878
40	0.01292	0.01216	0.02052	0.74312	0.04712	0.01520	0.01900	0.01748	0.01368	0.01748	0.01216	0.01824	0.00912	0.00684	0.00684	0.00228	0.00912	0.00608	0.00304	0.00760
41	0.02601	0.01916	0.02053	0.01574	0.02122	0.02122	0.01300	0.69408	0.03217	0.04312	0.01643	0.01643	0.01163	0.00821	0.00684	0.00205	0.00753	0.00616	0.00684	0.01163
42	0.00909	0.00654	0.00861	0.00901	0.01009	0.00606	0.00641	0.01142	0.01660	0.02304	0.41561	0.36130	0.05605	0.01727	0.00836	0.00243	0.00355	0.01549	0.00701	0.00606
43	0.02564	0.01951	0.02029	0.01574	0.02108	0.04863	0.01293	0.64290	0.05754	0.04154	0.01664	0.01662	0.01188	0.00821	0.00682	0.00205	0.00763	0.00615	0.00672	0.01146
44	0.01597	0.01523	0.02566	0.20915	0.53496	0.01603	0.02021	0.02062	0.03624	0.02138	0.01316	0.01751	0.01073	0.00637	0.00679	0.00210	0.00828	0.00614	0.00341	0.01006
45	0.13586	0.54787	0.10462	0.01234	0.01833	0.04958	0.01256	0.02080	0.01382	0.01889	0.00985	0.01141	0.00856	0.00604	0.00466	0.00165	0.00749	0.00384	0.00314	0.00869
46	0.02360	0.13583	0.04364	0.01568	0.02062	0.24089	0.01307	0.31279	0.07943	0.02907	0.01438	0.01502	0.01099	0.00753	0.00626	0.00190	0.00889	0.00533	0.00512	0.00995
47	0.00820	0.00693	0.00709	0.00705	0.00931	0.00582	0.00529	0.01003	0.01586	0.01911	0.11439	0.06481	0.66864	0.01709	0.00808	0.00230	0.00345	0.01429	0.00644	0.00582
48	0.00877	0.00696	0.00788	0.00765	0.00966	0.00607	0.00574	0.01114	0.01721	0.02231	0.34477	0.05954	0.43626	0.01590	0.00808	0.00224	0.00336	0.01355	0.00686	0.00607
49	0.00813	0.00693	0.00700	0.00698	0.00927	0.00580	0.00524	0.00991	0.01571	0.01875	0.08886	0.06539	0.69439	0.01723	0.00809	0.00231	0.00346	0.01438	0.00639	0.00580
50	0.00962	0.00695	0.00909	0.00865	0.01021	0.00642	0.00645	0.01276	0.01909	0.02700	0.68391	0.08171	0.06371	0.01431	0.00810	0.00218	0.00326	0.01268	0.00748	0.00642
51	0.01829	0.76368	0.03585	0.01171	0.01756	0.02707	0.01171	0.02049	0.01390	0.01610	0.00951	0.01097	0.00878	0.00585	0.00439	0.00146	0.00732	0.00366	0.00293	0.00878
52	0.02601	0.01916	0.02053	0.01574	0.02122	0.02122	0.01300	0.69408	0.03217	0.04312	0.01643	0.01643	0.01163	0.00821	0.00684	0.00205	0.00753	0.00616	0.00684	0.01163
53	0.00834	0.00595	0.00794	0.00953	0.00992	0.00556	0.00635	0.00953	0.01310	0.01746	0.03771	0.75510	0.04525	0.02143	0.00873	0.00278	0.00397	0.01945	0.00635	0.00556
54	0.02556	0.03261	0.01939	0.01763	0.02115	0.73210	0.01322	0.02732	0.01939	0.01674	0.01058	0.01234	0.00881	0.00705	0.00617	0.00176	0.01234	0.00441	0.00353	0.00793
55	0.02591	0.02197	0.02029	0.01613	0.02120	0.16982	0.01305	0.55470	0.02950	0.03760	0.01520	0.01557	0.01104	0.00797	0.00670	0.00199	0.00853	0.00579	0.00615	0.01086
56	0.00809	0.00693	0.00693	0.00693	0.00924	0.00578	0.00520	0.00982	0.01559	0.01848	0.06931	0.06584	0.71411	0.01733	0.00809	0.00231	0.00347	0.01444	0.00635	0.00578
57	0.01693	0.01626	0.02777	0.04199	0.71689	0.01626	0.02100	0.02100	0.01558	0.02235	0.01287	0.01693	0.01084	0.00610	0.00677	0.00203	0.00813	0.00610	0.00339	0.01084
58	0.80789	0.01323	0.01006	0.00900	0.01323	0.01535	0.00741	0.02011	0.01164	0.03070	0.00953	0.01111	0.00741	0.00635	0.00423	0.00212	0.00529	0.00370	0.00423	0.00741
59	0.00977	0.00733	0.01100	0.01100	0.01222	0.00855	0.00855	0.01222	0.01100	0.01588	0.01833	0.02688	0.01710	0.05131	0.73245	0.01100	0.01833	0.00733	0.00367	0.00611
60	0.01292	0.01216	0.02052	0.74312	0.04712	0.01520	0.01900	0.01748	0.01368	0.01748	0.01216	0.01824	0.00912	0.00684	0.00684	0.00228	0.00912	0.00608	0.00304	0.00760
61	0.00977	0.00733	0.01100	0.01100	0.01222	0.00855	0.00855	0.01222	0.01100	0.01588	0.01833	0.02688	0.01710	0.05131	0.73245	0.01100	0.01833	0.00733	0.00367	0.00611
62	0.01372	0.03539	0.72412	0.01950	0.02961	0.01589	0.02528	0.02167	0.01444	0.02167	0.01228	0.01444	0.00867	0.00650	0.00650	0.00217	0.01011	0.00506	0.00289	0.01011
63	0.00834	0.00595	0.00794	0.00953	0.00992	0.00556	0.00635	0.00953	0.01310	0.01746	0.03771	0.75510	0.04525	0.02143	0.00873	0.00278	0.00397	0.01945	0.00635	0.00556
64	0.01188	0.00594	0.00891	0.00891	0.00891	0.00594	0.00594	0.00891	0.00891	0.01188	0.01188	0.02080	0.01188	0.02377	0.02674	0.80095	0.00594	0.00594	0.00297	0.00297
65	0.01275	0.00638	0.00638	0.00638	0.00797	0.00638	0.00478	0.01594	0.01435	0.02551	0.02232	0.02551	0.01754	0.00797	0.00478	0.00159	0.00319	0.00638	0.79755	0.00638
66	0.00830	0.00610	0.00779	0.00914	0.00982	0.00559	0.00618	0.00957	0.01347	0.01762	0.04242	0.65227	0.14503	0.02082	0.00864	0.00271	0.00389	0.01870	0.00635	0.00559
67	0.03070	0.01164	0.01588	0.01217	0.01746	0.01006	0.01006	0.03334	0.01958	0.72163	0.02699	0.02329	0.01694	0.00847	0.00688	0.00212	0.00582	0.00688	0.00847	0.01164
68	0.01292	0.01216	0.02052	0.74312	0.04712	0.01520	0.01900	0.01748	0.01368	0.01748	0.01216	0.01824	0.00912	0.00684	0.00684	0.00228	0.00912	0.00608	0.00304	0.00760
69	0.08166	0.01175	0.01550	0.01196	0.01719	0.01040	0.00988	0.03247	0.01906	0.67632	0.02585	0.02249	0.01631	0.00833	0.00671	0.00212	0.00579	0.00667	0.00819	0.01137
70	0.02979	0.01240	0.01626	0.01254	0.01780	0.01127	0.01034	0.09024	0.04560	0.63809	0.02611	0.02278	0.01662	0.00848	0.00688	0.00212	0.00595	0.00685	0.00827	0.01161
71	0.80789	0.01323	0.01006	0.00900	0.01323	0.01535	0.00741	0.02011	0.01164	0.03070	0.00953	0.01111	0.00741	0.00635	0.00423	0.00212	0.00529	0.00370	0.00423	0.00741
72	0.00880	0.00750	0.00763	0.00750	0.00990	0.00662	0.00565	0.01187	0.06617	0.01954	0.08912	0.06237	0.64030	0.01662	0.00800	0.00231	0.00360	0.01387	0.00644	0.00617
73	0.01292	0.01216	0.02052	0.74312	0.04712	0.01520	0.01900	0.01748	0.01368	0.01748	0.01216	0.01824	0.00912	0.00684	0.00684	0.00228	0.00912	0.00608	0.00304	0.00760
74	0.00999	0.00764	0.01141	0.01128	0.01245	0.00906	0.00882	0.01239	0.01097	0.01591	0.01794	0.02639	0.01677	0.04969	0.70322	0.01067	0.04832	0.00727	0.00364	0.00616
75	0.01275	0.00638	0.00638	0.00638	0.00797	0.00638	0.00478	0.01594	0.01435	0.02551	0.02232	0.02551	0.01754	0.00797	0.00478	0.00159	0.00319	0.00638	0.79755	0.00638
76	0.00968	0.00699	0.00914	0.00861	0.01022	0.00646	0.00646	0.01291	0.01937	0.02743	0.71328	0.05110	0.06455	0.01399	0.00807	0.00215	0.00323	0.01237	0.00753	0.00646
77	0.00893	0.00640	0.00840	0.00908	0.00995	0.00596	0.00631	0.01090	0.01549	0.02129	0.30728	0.44685	0.05220	0.04621	0.00945	0.00267	0.00377	0.01626	0.00674	0.00586
78	0.01090	0.00877	0.01230	0.01168	0.01238	0.01072	0.00893	0.01261	0.01066	0.01543	0.01708	0.02829	0.01710	0.19742	0.43227	0.00837	0.16786	0.00762	0.00363	0.00597
79	0.01275	0.00638	0.00638	0.00638	0.00797	0.00638	0.00478	0.01594	0.01435	0.02551	0.02232	0.02551	0.01754	0.00797	0.00478	0.00159	0.00319	0.00638	0.79755	0.00638
80	0.01812	0.73566	0.06234	0.01201	0.01802	0.02664	0.01223	0.02053	0.01392	0.01631	0.00962	0.01111	0.00878	0.00588	0.00447	0.00149	0.00742	0.00371	0.00293	0.00883
81	0.01161	0.00740	0.00974	0.00897	0.01089	0.00677	0.00679	0.01472	0.01920	0.09210	0.62937	0.06902	0.05953	0.01369	0.00798	0.00217	0.00349	0.01206	0.00758	0.00691
82	0.05831	0.29398	0.41734	0.01645	0.02462	0.01990	0.04110	0.02117	0.01415	0.02017	0.01119	0.01315	0.00869	0.00624	0.00567	0.00192	0.00890	0.00458	0.00299	0.00946
83	0.01389	0.06277	0.69824	0.01921	0.02916	0.01631	0.02477	0.02162	0.01442	0.02146	0.01217	0.01431	0.00867	0.00648	0.00642	0.00214	0.01001	0.00500	0.00289	0.01006
84	0.01986	0.15578	0.06667	0.01556	0.02096	0.04005	0.08864	0.11675	0.24516	0.10515	0.01924	0.01910	0.01430	0.00763	0.00647	0.00203	0.00727	0.00632	0.00552	0.03755
85	0.01695	0.13032	0.04335	0.04331	0.02116	0.01986	0.09516	0.13547	0.01568	0.02168	0.01222	0.01729	0.01079	0.05327	0.04249	0.00298	0.29961	0.00617	0.00380	0.00845
86	0.01314	0.00675	0.00679	0.00665	0.00836	0.00681	0.00502	0.03591	0.01487	0.02602	0.02214	0.02524	0.01736	0.00798	0.00484	0.00161	0.00332	0.00637	0.77426	0.00653
87	0.01320	0.01258	0.02168	0.68747	0.06789	0.01533	0.05049	0.01780	0.01386	0.01784	0.01226	0.01821	0.00923	0.00677	0.00690	0.00227	0.00920	0.00617	0.00307	0.00778
88	0.01583	0.01605	0.05077	0.03279	0.46015	0.01537	0.09419	0.02177	0.09641	0.02261	0.02053	0.02306	0.08434	0.00760	0.00707	0.00213	0.00779	0.00733	0.00410	0.01011
89	0.01188	0.00594	0.00891	0.00891	0.00891	0.00594	0.00594	0.00891	0.00891	0.01188	0.01188	0.02080	0.01188	0.02377	0.02674	0.80095	0.00594	0.00594	0.00297	0.00297
90	0.02556	0.03261	0.01939	0.01763	0.02115	0.73210	0.01322	0.02732	0.01939	0.01674	0.01058	0.01234	0.00881	0.00705	0.00617	0.00176	0.01234	0.00441	0.00353	0.00793
91	0.06326	0.02517	0.38459	0.05436	0.15088	0.01520	0.09691	0.02043	0.01495	0.02242	0.05379	0.01901	0.03478	0.00712	0.00674	0.00216	0.00898	0.00626	0.00350	0.00952
92	0.04491	0.09020	0.56834	0.01949	0.02869	0.01690	0.09564	0.02154	0.01448	0.02160	0.01212	0.01448	0.00881	0.00636	0.00642	0.00212	0.00986	0.00522	0.00301	0.00981
93	0.01292	0.01216	0.02052	0.74312	0.04712	0.01520	0.01900	0.01748	0.01368	0.01748	0.01216	0.01824	0.00912	0.00684	0.00684	0.00228	0.00912	0.00608	0.00304	0.00760
94	0.01518	0.01431	0.04588	0.48535	0.06216	0.01654	0.01760	0.11371	0.01605	0.02155	0.01270	0.01762	0.00973	0.00762	0.00857	0.00230	0.09370	0.00605	0.02506	0.00833
95	0.04307	0.11613	0.59184	0.01916	0.05595	0.01715	0.02292	0.02145	0.01433	0.02139	0.01189	0.01403	0.00872	0.00640	0.00619	0.00208	0.00954	0.00489	0.00296	0.00989
96	0.01602	0.01585	0.02443	0.30601	0.41423	0.06609	0.01969	0.02011	0.01513	0.02011	0.01244	0.01711	0.01004	0.00644	0.00676	0.00211	0.00880	0.00597	0.00326	0.00941
97	0.66327	0.01662	0.08767	0.01071	0.01559	0.04511	0.00976	0.04378	0.01297	0.02958	0.01010	0.01171	0.00775	0.00646	0.00465	0.00211	0.00618	0.00396	0.00415	0.00787
98	0.01372	0.03539	0.72412	0.01950	0.02961	0.01589	0.02528	0.02167	0.01444	0.02167	0.01228	0.01444	0.00867	0.00650	0.00650	0.00217	0.01011	0.00506	0.00289	0.01011
99	0.04779	0.10525	0.01720	0.01125	0.01638	0.01215	0.00941	0.05049	0.01773	0.33506	0.09471	0.02184	0.01888	0.00781	0.00616	0.00176	0.00559	0.00624	0.00637	0.20792
100	0.10420	0.01740	0.01767	0.01405	0.01907	0.09324	0.01143	0.31550	0.05055	0.25948	0.01900	0.01805	0.01300	0.00803	0.00653	0.00206	0.00719	0.00602	0.00676	0.01079
101	0.00977	0.00733	0.01100	0.01100	0.01222	0.00855	0.00855	0.01222	0.01100	0.01588	0.01833	0.02688	0.01710	0.05131	0.73245	0.01100	0.01833	0.00733	0.00367	0.00611
102	0.01995	0.55692	0.05550	0.01338	0.01887	0.17729	0.01254	0.04489	0.01571	0.01735	0.01007	0.01157	0.00888	0.00621	0.00493	0.00157	0.00849	0.00395	0.00319	0.00874
103	0.01817	0.65616	0.10443	0.01277	0.01894	0.05887	0.01314	0.02092	0.01421	0.01669	0.00984	0.01139	0.00877	0.00597	0.00469	0.00155	0.00783	0.00383	0.00295	0.00887
104	0.13751	0.01746	0.01811	0.04486	0.17661	0.16948	0.01303	0.06068	0.03906	0.09789	0.08051	0.05124	0.01729	0.00849	0.00714	0.00210	0.03806	0.00668	0.00488	0.00894
105	0.00814	0.00693	0.00701	0.00699	0.00928	0.00580	0.00524	0.00993	0.01573	0.01880	0.09255	0.06531	0.69067	0.01721	0.00809	0.00230	0.00346	0.01436	0.00640	0.00580
106	0.00994	0.00667	0.00763	0.00763	0.00768	0.00672	0.00435	0.01005	0.01000	0.01339	0.02141	0.04393	0.02451	0.72649	0.06740	0.00684	0.00718	0.00983	0.00412	0.00424
107	0.01411	0.09765	0.66528	0.01883	0.02858	0.01684	0.02412	0.02157	0.01440	0.02119	0.01204	0.01415	0.00868	0.00644	0.00632	0.00211	0.00987	0.00494	0.00289	0.01000
108	0.01829	0.76368	0.03585	0.01171	0.01756	0.02707	0.01171	0.02049	0.01390	0.01610	0.00951	0.01097	0.00878	0.00585	0.00439	0.00146	0.00732	0.00366	0.00293	0.00878
109	0.00834	0.00595	0.00794	0.00953	0.00992	0.00556	0.00635	0.00953	0.01310	0.01746	0.03771	0.75510	0.04525	0.02143	0.00873	0.00278	0.00397	0.01945	0.00635	0.00556
110	0.01031	0.00714	0.00929	0.00867	0.01042	0.00655	0.00653	0.01347	0.01924	0.04963	0.66914	0.05070	0.08510	0.01392	0.00803	0.00216	0.00332	0.01226	0.00752	0.00660
111	0.01292	0.01216	0.02052	0.74312	0.04712	0.01520	0.01900	0.01748	0.01368	0.01748	0.01216	0.01824	0.00912	0.00684	0.00684	0.00228	0.00912	0.00608	0.00304	0.00760
112	0.01292	0.01216	0.02052	0.74312	0.04712	0.01520	0.01900	0.01748	0.01368	0.01748	0.01216	0.01824	0.00912	0.00684	0.00684	0.00228	0.00912	0.00608	0.00304	0.00760
113	0.00995	0.00663	0.00746	0.00746	0.00746	0.00663	0.00415	0.00995	0.00995	0.01327	0.02156	0.04477	0.02487	0.75957	0.03482	0.00663	0.00663	0.00995	0.00415	0.00415
114	0.01372	0.03539	0.72412	0.01950	0.02961	0.01589	0.02528	0.02167	0.01444	0.02167	0.01228	0.01444	0.00867	0.00650	0.00650	0.00217	0.01011	0.00506	0.00289	0.01011
115	0.01527	0.01426	0.02237	0.26181	0.34780	0.01559	0.01789	0.02206	0.13539	0.02171	0.01771	0.02098	0.04261	0.00738	0.00688	0.00217	0.00777	0.00674	0.00403	0.00957
116	0.01419	0.01216	0.01419	0.01013	0.01621	0.00912	0.00811	0.01723	0.01419	0.02229	0.01216	0.01419	0.01013	0.00507	0.00507	0.00101	0.00507	0.00405	0.00405	0.80139
117	0.01702	0.56046	0.22790	0.01388	0.02092	0.02395	0.01549	0.02082	0.01405	0.01765	0.01028	0.01194	0.00875	0.00603	0.00498	0.00166	0.00810	0.00405	0.00292	0.00915
118	0.01753	0.01484	0.02131	0.43485	0.11140	0.01724	0.01730	0.23395	0.01979	0.02620	0.01360	0.01752	0.01011	0.00720	0.00683	0.00218	0.00850	0.00611	0.00429	0.00924
119	0.01388	0.01314	0.02225	0.57550	0.20724	0.01545	0.01948	0.01832	0.01413	0.01864	0.01233	0.01793	0.00953	0.00666	0.00682	0.00222	0.00888	0.00608	0.00312	0.00837
120	0.02556	0.03261	0.01939	0.01763	0.02115	0.73210	0.01322	0.02732	0.01939	0.01674	0.01058	0.01234	0.00881	0.00705	0.00617	0.00176	0.01234	0.00441	0.00353	0.00793
121	0.01292	0.01216	0.02052	0.74312	0.04712	0.01520	0.01900	0.01748	0.01368	0.01748	0.01216	0.01824	0.00912	0.00684	0.00684	0.00228	0.00912	0.00608	0.00304	0.00760
122	0.01188	0.00594	0.00891	0.00891	0.00891	0.00594	0.00594	0.00891	0.00891	0.01188	0.01188	0.02080	0.01188	0.02377	0.02674	0.80095	0.00594	0.00594	0.00297	0.00297
123	0.01829	0.76368	0.03585	0.01171	0.01756	0.02707	0.01171	0.02049	0.01390	0.01610	0.00951	0.01097	0.00878	0.00585	0.00439	0.00146	0.00732	0.00366	0.00293	0.00878
124	0.02601	0.01916	0.02053	0.01574	0.02122	0.02122	0.01300	0.69408	0.03217	0.04312	0.01643	0.01643	0.01163	0.00821	0.00684	0.00205	0.00753	0.00616	0.00684	0.01163
125	0.01419	0.01216	0.01419	0.01013	0.01621	0.00912	0.00811	0.01723	0.01419	0.02229	0.01216	0.01419	0.01013	0.00507	0.00507	0.00101	0.00507	0.00405	0.00405	0.80139
126	0.00834	0.00595	0.00794	0.00953	0.00992	0.00556	0.00635	0.00953	0.01310	0.01746	0.03771	0.75510	0.04525	0.02143	0.00873	0.00278	0.00397	0.01945	0.00635	0.00556
127	0.00989	0.00666	0.00754	0.00754	0.00765	0.00666	0.00430	0.01001	0.01016	0.01350	0.02299	0.04496	0.04658	0.71680	0.05285	0.00661	0.00685	0.01002	0.00420	0.00425
128	0.01353	0.03406	0.69073	0.01899	0.02870	0.01545	0.02440	0.02126	0.01467	0.02194	0.04501	0.01616	0.01128	0.00685	0.00657	0.00217	0.00979	0.00540	0.00311	0.00994
129	0.00834	0.00595	0.00794	0.00953	0.00992	0.00556	0.00635	0.00953	0.01310	0.01746	0.03771	0.75510	0.04525	0.02143	0.00873	0.00278	0.00397	0.01945	0.00635	0.00556
130	0.01311	0.00861	0.01295	0.03681	0.06980	0.00900	0.03274	0.05992	0.01203	0.01655	0.01401	0.02195	0.01308	0.05042	0.13088	0.45150	0.00839	0.00642	0.02661	0.00522
131	0.01538	0.01249	0.01452	0.01062	0.01643	0.01000	0.00849	0.07225	0.01575	0.04257	0.01383	0.04139	0.01171	0.00600	0.00539	0.00119	0.00525	0.00486	0.00448	0.68741
132	0.02119	0.01419	0.01763	0.04592	0.01876	0.01619	0.01191	0.24775	0.02000	0.17499	0.01738	0.02056	0.01348	0.06434	0.05481	0.00313	0.18558	0.00661	0.03615	0.00941
133	0.01607	0.04849	0.04771	0.28202	0.38654	0.03574	0.01953	0.04525	0.01553	0.02099	0.01253	0.01690	0.01006	0.00646	0.00667	0.00209	0.00859	0.00591	0.00336	0.00955
134	0.01720	0.42964	0.29325	0.01496	0.02238	0.02239	0.01691	0.07554	0.01559	0.02038	0.01111	0.01272	0.00897	0.00629	0.00538	0.00178	0.00838	0.00439	0.00323	0.00951

[dist]
# distance from previous block
# <min> <max>
0	3

[block]
# block no. 2 follows, 31 sequences, length 62
# corresponding to MSA columns:
# 695-756
name=unknown_C
#
# <colnr> <probs for GDERKNQSTAVLIFYWHMCP>
#	G	D	E	R	K	N	Q	S	T	A	V	L	I	F	Y	W	H	M	C	P
0	0.04349	0.06027	0.02605	0.05748	0.52998	0.09254	0.01868	0.02202	0.01587	0.05115	0.01290	0.01623	0.01060	0.00632	0.00650	0.00198	0.00837	0.00573	0.00361	0.01023
1	0.02319	0.01797	0.01850	0.01488	0.01956	0.05715	0.01201	0.51000	0.10646	0.03753	0.01926	0.07535	0.01534	0.00930	0.00691	0.00211	0.00714	0.00729	0.02934	0.01072
2	0.02647	0.01841	0.02007	0.01539	0.02084	0.02011	0.01271	0.62833	0.03091	0.11064	0.01748	0.01711	0.01216	0.00824	0.00685	0.00206	0.00736	0.00623	0.00701	0.01164
3	0.02222	0.03768	0.01856	0.01387	0.01903	0.01397	0.06580	0.15039	0.13041	0.25754	0.04371	0.02243	0.03822	0.00819	0.00671	0.00197	0.00632	0.00686	0.00658	0.12953
4	0.02385	0.01015	0.01359	0.01093	0.01508	0.00886	0.00883	0.02660	0.01930	0.49809	0.21069	0.03307	0.06934	0.01043	0.00726	0.00214	0.00500	0.00876	0.00810	0.00994
5	0.00879	0.00723	0.00779	0.00773	0.00993	0.00635	0.00589	0.01140	0.03762	0.02044	0.17716	0.06264	0.54598	0.01658	0.00812	0.00233	0.00363	0.04775	0.00657	0.00608
6	0.04599	0.05189	0.01197	0.03244	0.01325	0.00982	0.00791	0.07914	0.04147	0.04601	0.22471	0.27090	0.10865	0.01484	0.00768	0.00233	0.00457	0.01289	0.00643	0.00712
7	0.01724	0.59692	0.19345	0.01349	0.02032	0.02451	0.01481	0.02076	0.01403	0.01737	0.01014	0.01177	0.00875	0.00600	0.00487	0.00162	0.00796	0.00398	0.00292	0.00908
8	0.02817	0.01104	0.01503	0.01181	0.01660	0.00959	0.00963	0.03077	0.01922	0.64004	0.07095	0.06423	0.02146	0.00951	0.00705	0.00215	0.00556	0.00790	0.00830	0.01099
9	0.00948	0.00699	0.00886	0.00840	0.01010	0.00637	0.00630	0.01252	0.01889	0.02630	0.63186	0.05297	0.14668	0.01441	0.00807	0.00217	0.00326	0.01263	0.00738	0.00637
10	0.02179	0.08810	0.01955	0.01425	0.01892	0.01899	0.01167	0.39968	0.17313	0.05792	0.02062	0.08888	0.01676	0.00949	0.00682	0.00213	0.00665	0.00756	0.00650	0.01060
11	0.00977	0.00733	0.01100	0.01100	0.01222	0.00855	0.00855	0.01222	0.01100	0.01588	0.01833	0.02688	0.01710	0.05131	0.73245	0.01100	0.01833	0.00733	0.00367	0.00611
12	0.00830	0.00610	0.00778	0.00913	0.00982	0.00559	0.00617	0.00957	0.01348	0.01762	0.04254	0.64961	0.14762	0.02081	0.00863	0.00271	0.00389	0.01868	0.00635	0.00559
13	0.01702	0.01470	0.01547	0.01392	0.01779	0.01702	0.01083	0.03635	0.70453	0.02862	0.02785	0.02553	0.02088	0.00928	0.00696	0.00232	0.00541	0.00773	0.00696	0.01083
14	0.01693	0.01626	0.02777	0.04199	0.71689	0.01626	0.02100	0.02100	0.01558	0.02235	0.01287	0.01693	0.01084	0.00610	0.00677	0.00203	0.00813	0.00610	0.00339	0.01084
15	0.01648	0.01547	0.02449	0.11904	0.50034	0.01628	0.01876	0.02361	0.15103	0.02301	0.01573	0.01878	0.01261	0.00681	0.00682	0.00212	0.00771	0.00642	0.00405	0.01045
16	0.01182	0.00744	0.00972	0.00898	0.01095	0.00677	0.00679	0.01482	0.01889	0.10184	0.57562	0.08887	0.08310	0.01394	0.00798	0.00219	0.00356	0.01226	0.00752	0.00694
17	0.01829	0.76368	0.03585	0.01171	0.01756	0.02707	0.01171	0.02049	0.01390	0.01610	0.00951	0.01097	0.00878	0.00585	0.00439	0.00146	0.00732	0.00366	0.00293	0.00878
18	0.02601	0.01916	0.02053	0.01574	0.02122	0.02122	0.01300	0.69408	0.03217	0.04312	0.01643	0.01643	0.01163	0.00821	0.00684	0.00205	0.00753	0.00616	0.00684	0.01163
19	0.01676	0.01602	0.02707	0.07255	0.66543	0.01623	0.02060	0.02131	0.03662	0.02232	0.01330	0.01725	0.01107	0.00623	0.00678	0.00205	0.00809	0.00615	0.00348	0.01069
20	0.01931	0.01583	0.01676	0.01439	0.01866	0.01809	0.01138	0.20378	0.53338	0.03231	0.02494	0.02321	0.01853	0.00901	0.00693	0.00225	0.00595	0.00733	0.00693	0.01103
21	0.01395	0.01365	0.02425	0.53324	0.13141	0.01578	0.11355	0.01853	0.01419	0.01871	0.01240	0.01802	0.00952	0.00673	0.00741	0.00227	0.02865	0.00636	0.00314	0.00824
22	0.01829	0.76368	0.03585	0.01171	0.01756	0.02707	0.01171	0.02049	0.01390	0.01610	0.00951	0.01097	0.00878	0.00585	0.00439	0.00146	0.00732	0.00366	0.00293	0.00878
23	0.00962	0.00699	0.00906	0.00854	0.01018	0.00643	0.00641	0.01279	0.01922	0.02708	0.68763	0.05169	0.09042	0.01412	0.00807	0.00216	0.00324	0.01245	0.00748	0.00643
24	0.01625	0.01556	0.02654	0.16046	0.60372	0.01608	0.02066	0.02040	0.01526	0.02153	0.01275	0.01715	0.01055	0.00622	0.00678	0.00207	0.00830	0.00609	0.00333	0.01029
25	0.00898	0.00748	0.00791	0.00771	0.01000	0.00667	0.00581	0.01219	0.06371	0.02076	0.18039	0.06046	0.55144	0.01618	0.00801	0.00228	0.00356	0.01361	0.00660	0.00624
26	0.00834	0.00595	0.00794	0.00953	0.00992	0.00556	0.00635	0.00953	0.01310	0.01746	0.03771	0.75510	0.04525	0.02143	0.00873	0.00278	0.00397	0.01945	0.00635	0.00556
27	0.01615	0.01845	0.04037	0.02884	0.03576	0.01730	0.69204	0.02191	0.01615	0.02191	0.01384	0.01845	0.01038	0.00577	0.00807	0.00231	0.01153	0.00807	0.00346	0.00923
28	0.01419	0.01216	0.01419	0.01013	0.01621	0.00912	0.00811	0.01723	0.01419	0.02229	0.01216	0.01419	0.01013	0.00507	0.00507	0.00101	0.00507	0.00405	0.00405	0.80139
29	0.01879	0.01558	0.01647	0.01428	0.01847	0.01785	0.01126	0.16618	0.57181	0.03148	0.02559	0.02373	0.01906	0.00907	0.00694	0.00227	0.00583	0.00742	0.00694	0.01099
30	0.00809	0.00693	0.00693	0.00693	0.00924	0.00578	0.00520	0.00982	0.01559	0.01848	0.06931	0.06584	0.71411	0.01733	0.00809	0.00231	0.00347	0.01444	0.00635	0.00578
31	0.03070	0.01164	0.01588	0.01217	0.01746	0.01006	0.01006	0.03334	0.01958	0.72163	0.02699	0.02329	0.01694	0.00847	0.00688	0.00212	0.00582	0.00688	0.00847	0.01164
32	0.01702	0.01470	0.01547	0.01392	0.01779	0.01702	0.01083	0.03635	0.70453	0.02862	0.02785	0.02553	0.02088	0.00928	0.00696	0.00232	0.00541	0.00773	0.00696	0.01083
33	0.01618	0.01837	0.03987	0.02936	0.06288	0.01726	0.66532	0.02188	0.01612	0.02193	0.01380	0.01839	0.01040	0.00578	0.00802	0.00230	0.01140	0.00800	0.00346	0.00929
34	0.05039	0.02283	0.01829	0.01554	0.01988	0.31250	0.01218	0.20390	0.13569	0.11591	0.01702	0.01694	0.01254	0.00788	0.00650	0.00199	0.00887	0.00571	0.00561	0.00984
35	0.05439	0.01299	0.01618	0.01431	0.05720	0.01296	0.01087	0.09465	0.17090	0.37809	0.06173	0.02549	0.01984	0.00903	0.00693	0.00219	0.00588	0.02816	0.00741	0.01081
36	0.01292	0.01216	0.02052	0.74312	0.04712	0.01520	0.01900	0.01748	0.01368	0.01748	0.01216	0.01824	0.00912	0.00684	0.00684	0.00228	0.00912	0.00608	0.00304	0.00760
37	0.13272	0.00786	0.00812	0.00780	0.00868	0.00807	0.00480	0.01179	0.01037	0.01629	0.01935	0.03843	0.02163	0.61501	0.02898	0.00572	0.00637	0.00876	0.00416	0.03511
38	0.02601	0.01916	0.02053	0.01574	0.02122	0.02122	0.01300	0.69408	0.03217	0.04312	0.01643	0.01643	0.01163	0.00821	0.00684	0.00205	0.00753	0.00616	0.00684	0.01163
39	0.01443	0.14898	0.61677	0.01828	0.02773	0.01763	0.02316	0.02148	0.01436	0.02080	0.01185	0.01390	0.00868	0.00640	0.00617	0.00206	0.00968	0.00484	0.00289	0.00990
40	0.03070	0.01164	0.01588	0.01217	0.01746	0.01006	0.01006	0.03334	0.01958	0.72163	0.02699	0.02329	0.01694	0.00847	0.00688	0.00212	0.00582	0.00688	0.00847	0.01164
41	0.02556	0.03261	0.01939	0.01763	0.02115	0.73210	0.01322	0.02732	0.01939	0.01674	0.01058	0.01234	0.00881	0.00705	0.00617	0.00176	0.01234	0.00441	0.00353	0.00793
42	0.02601	0.01916	0.02053	0.01574	0.02122	0.02122	0.01300	0.69408	0.03217	0.04312	0.01643	0.01643	0.01163	0.00821	0.00684	0.00205	0.00753	0.00616	0.00684	0.01163
43	0.00834	0.00595	0.00794	0.00953	0.00992	0.00556	0.00635	0.00953	0.01310	0.01746	0.03771	0.75510	0.04525	0.02143	0.00873	0.00278	0.00397	0.01945	0.00635	0.00556
44	0.01008	0.00775	0.01146	0.01128	0.01240	0.00920	0.00878	0.01239	0.01093	0.01583	0.01789	0.02674	0.01688	0.07074	0.67054	0.01040	0.05960	0.00733	0.00364	0.00613
45	0.01372	0.03539	0.72412	0.01950	0.02961	0.01589	0.02528	0.02167	0.01444	0.02167	0.01228	0.01444	0.00867	0.00650	0.00650	0.00217	0.01011	0.00506	0.00289	0.01011
46	0.00929	0.00664	0.00904	0.01062	0.01144	0.00638	0.00801	0.01118	0.01404	0.01854	0.03718	0.51381	0.04316	0.02053	0.00899	0.00291	0.00480	0.25130	0.00633	0.00582
47	0.01829	0.76368	0.03585	0.01171	0.01756	0.02707	0.01171	0.02049	0.01390	0.01610	0.00951	0.01097	0.00878	0.00585	0.00439	0.00146	0.00732	0.00366	0.00293	0.00878
48	0.01379	0.01305	0.02209	0.59134	0.19211	0.01543	0.01943	0.01824	0.01409	0.01853	0.01231	0.01796	0.00949	0.00668	0.00683	0.00223	0.00891	0.00608	0.00311	0.00830
49	0.03070	0.01164	0.01588	0.01217	0.01746	0.01006	0.01006	0.03334	0.01958	0.72163	0.02699	0.02329	0.01694	0.00847	0.00688	0.00212	0.00582	0.00688	0.00847	0.01164
50	0.01702	0.01470	0.01547	0.01392	0.01779	0.01702	0.01083	0.03635	0.70453	0.02862	0.02785	0.02553	0.02088	0.00928	0.00696	0.00232	0.00541	0.00773	0.00696	0.01083
51	0.01580	0.01789	0.03892	0.02797	0.03460	0.01677	0.66131	0.02136	0.01601	0.02172	0.01491	0.05147	0.01194	0.00647	0.00810	0.00233	0.01119	0.00858	0.00359	0.00906
52	0.01384	0.03468	0.69826	0.02033	0.05513	0.01590	0.02512	0.02164	0.01449	0.02169	0.01230	0.01454	0.00875	0.00648	0.00651	0.00216	0.01004	0.00509	0.00291	0.01014
53	0.00936	0.00698	0.00870	0.00827	0.01002	0.00632	0.00620	0.01229	0.01861	0.02564	0.58431	0.05406	0.19464	0.01466	0.00807	0.00218	0.00328	0.01279	0.00730	0.00632
54	0.01249	0.00995	0.01078	0.01021	0.01308	0.01009	0.00802	0.04097	0.22635	0.04572	0.06785	0.05148	0.36273	0.01438	0.00782	0.00239	0.00458	0.08668	0.00665	0.00777
55	0.06746	0.03110	0.01893	0.01710	0.02073	0.66872	0.01290	0.05038	0.01942	0.01842	0.01072	0.01242	0.00884	0.00705	0.00609	0.00179	0.01179	0.00443	0.00368	0.00803
56	0.02865	0.01122	0.01529	0.01199	0.01692	0.00976	0.00990	0.03135	0.01940	0.65185	0.06532	0.02724	0.02057	0.00924	0.00706	0.00217	0.00570	0.03694	0.00832	0.01112
57	0.00814	0.00693	0.00701	0.00699	0.00927	0.00580	0.00524	0.00992	0.01572	0.01878	0.09111	0.06534	0.69212	0.01721	0.00809	0.00230	0.00346	0.01437	0.00639	0.00580
58	0.01177	0.00746	0.00981	0.00896	0.01094	0.00681	0.00681	0.01494	0.01939	0.09651	0.64499	0.04834	0.05981	0.01344	0.00795	0.00215	0.00349	0.01183	0.00762	0.00697
59	0.01528	0.03321	0.65914	0.01883	0.02850	0.01535	0.02388	0.02274	0.01492	0.08589	0.01363	0.01526	0.00943	0.00668	0.00653	0.00216	0.00972	0.00522	0.00340	0.01025
60	0.06979	0.01279	0.01899	0.01440	0.01981	0.01160	0.10560	0.03114	0.04276	0.56212	0.02424	0.02204	0.01564	0.00800	0.00691	0.00215	0.00658	0.00691	0.00749	0.01105
61	0.01615	0.01845	0.04037	0.02884	0.03576	0.01730	0.69204	0.02191	0.01615	0.02191	0.01384	0.01845	0.01038	0.00577	0.00807	0.00231	0.01153	0.00807	0.00346	0.00923

[dist]
# distance from previous block
# <min> <max>
4	7

[block]
# block no. 3 follows, 31 sequences, length 67
# corresponding to MSA columns:
# 764-830
name=unknown_D
#
# <colnr> <probs for GDERKNQSTAVLIFYWHMCP>
#	G	D	E	R	K	N	Q	S	T	A	V	L	I	F	Y	W	H	M	C	P
0	0.01780	0.01319	0.01478	0.01091	0.01671	0.04893	0.00874	0.02069	0.01545	0.14848	0.01476	0.01573	0.01129	0.00579	0.00546	0.00125	0.00560	0.00458	0.00482	0.61503
1	0.01141	0.00769	0.00939	0.00948	0.01130	0.00708	0.00692	0.05061	0.01596	0.07695	0.10354	0.38900	0.20280	0.01751	0.00819	0.00248	0.00422	0.03264	0.00660	0.02625
2	0.08108	0.02742	0.01889	0.01640	0.02049	0.49182	0.01266	0.18386	0.02185	0.04581	0.01239	0.01355	0.00963	0.00732	0.00621	0.00187	0.01051	0.00485	0.00451	0.00888
3	0.57712	0.01356	0.01261	0.14228	0.01982	0.03731	0.00986	0.03639	0.01318	0.04554	0.03181	0.01408	0.00982	0.00679	0.00501	0.00213	0.00621	0.00456	0.00427	0.00764
4	0.00905	0.00691	0.00830	0.00807	0.00986	0.00617	0.00601	0.01164	0.01770	0.02376	0.45102	0.09486	0.29067	0.01556	0.00811	0.00224	0.00335	0.01348	0.00705	0.00617
5	0.05736	0.01751	0.01856	0.01467	0.01972	0.01939	0.01198	0.50444	0.15180	0.03877	0.01821	0.01802	0.01324	0.00821	0.00664	0.00206	0.00685	0.00627	0.02838	0.03794
6	0.00865	0.00642	0.00807	0.00879	0.00988	0.00584	0.00616	0.01049	0.01525	0.02033	0.22516	0.43706	0.17548	0.01866	0.00843	0.00252	0.00368	0.01661	0.00667	0.00584
7	0.75180	0.04993	0.01240	0.01020	0.01457	0.01664	0.00829	0.02107	0.01274	0.03110	0.01113	0.01333	0.00901	0.00736	0.00495	0.00237	0.00592	0.00424	0.00469	0.00827
8	0.01799	0.03518	0.02668	0.02201	0.09289	0.11708	0.25509	0.02133	0.01680	0.02249	0.03688	0.05118	0.01475	0.00778	0.00739	0.00211	0.00920	0.00719	0.00440	0.23159
9	0.40617	0.26373	0.11141	0.03255	0.01882	0.02000	0.01210	0.02130	0.01379	0.02548	0.01155	0.01391	0.00960	0.00726	0.00535	0.00219	0.00721	0.00446	0.00411	0.00900
10	0.01003	0.00731	0.00897	0.01019	0.01096	0.00661	0.00683	0.01079	0.01424	0.01887	0.04191	0.62658	0.12793	0.04916	0.01022	0.00313	0.00457	0.01861	0.00673	0.00637
11	0.01629	0.01319	0.01526	0.01126	0.01731	0.01005	0.00883	0.01881	0.01530	0.04836	0.01422	0.01665	0.01184	0.00626	0.00582	0.00136	0.00563	0.00468	0.00473	0.75415
12	0.01791	0.01541	0.01597	0.01344	0.01795	0.05541	0.01037	0.07443	0.30590	0.02794	0.09295	0.02494	0.02175	0.00916	0.00704	0.00210	0.00615	0.00715	0.00632	0.26771
13	0.00836	0.00689	0.00735	0.00735	0.00944	0.00588	0.00547	0.01031	0.01608	0.01991	0.17433	0.10199	0.56893	0.01700	0.00812	0.00231	0.00345	0.01438	0.00655	0.00588
