[name]
unknown

[dist]
# distance from previous block
# <min> <max>
0	38

[block]
# block no. 0 follows, 30 sequences, length 20
# corresponding to MSA columns:
# 49-68
name=unknown_A
#
# <colnr> <probs for GDERKNQSTAVLIFYWHMCP>
#	G	D	E	R	K	N	Q	S	T	A	V	L	I	F	Y	W	H	M	C	P
0	0.08517	0.19767	0.09308	0.01513	0.03835	0.07300	0.01354	0.21078	0.02039	0.06684	0.01678	0.02304	0.01431	0.00877	0.00642	0.00209	0.00783	0.09211	0.00506	0.00963
1	0.09957	0.02022	0.10662	0.07116	0.02235	0.16090	0.02958	0.06344	0.08884	0.17244	0.01986	0.02129	0.03898	0.00829	0.00665	0.00213	0.00817	0.02441	0.00538	0.02972
2	0.18321	0.08082	0.11177	0.04242	0.02016	0.05717	0.01278	0.12102	0.10912	0.12940	0.01752	0.03759	0.01321	0.00798	0.00616	0.00212	0.00713	0.00600	0.02472	0.00973
3	0.06476	0.06330	0.06842	0.05752	0.04965	0.14842	0.01360	0.17671	0.14926	0.08077	0.01701	0.01754	0.01267	0.00771	0.00648	0.00204	0.00809	0.00585	0.00536	0.04483
4	0.01832	0.03757	0.04748	0.07706	0.05500	0.14588	0.01318	0.08238	0.29913	0.02533	0.03905	0.04037	0.03678	0.00948	0.00706	0.00224	0.00760	0.04086	0.00561	0.00962
5	0.00849	0.00702	0.00748	0.00771	0.00980	0.00601	0.00578	0.01034	0.01581	0.01923	0.09230	0.13740	0.57922	0.01804	0.00839	0.00244	0.00373	0.04836	0.00653	0.00592
6	0.01943	0.01920	0.02177	0.06252	0.27432	0.15009	0.01589	0.07708	0.23705	0.02510	0.01783	0.01924	0.01393	0.00764	0.00686	0.00213	0.00821	0.00644	0.00490	0.01039
7	0.00894	0.00668	0.00808	0.00855	0.00976	0.00607	0.00596	0.01071	0.01534	0.02022	0.21368	0.31880	0.22924	0.09180	0.01121	0.00293	0.00399	0.01567	0.00656	0.00582
8	0.02021	0.02019	0.01964	0.01660	0.02091	0.19649	0.08110	0.11772	0.33430	0.02685	0.02311	0.02277	0.05096	0.00880	0.00706	0.00219	0.00813	0.00721	0.00580	0.00998
9	0.00959	0.00712	0.00893	0.00848	0.01025	0.00646	0.00636	0.01261	0.01907	0.02636	0.59439	0.05480	0.18001	0.01487	0.00823	0.00222	0.00334	0.01299	0.00747	0.00646
10	0.01704	0.01634	0.02790	0.08257	0.67332	0.01652	0.02130	0.02121	0.01578	0.02251	0.01308	0.01735	0.01095	0.00626	0.00691	0.00209	0.00835	0.00622	0.00343	0.01086
11	0.01006	0.00673	0.00764	0.00772	0.00774	0.00671	0.00434	0.01013	0.01031	0.01375	0.02283	0.08175	0.02643	0.71722	0.03415	0.00656	0.00663	0.01064	0.00434	0.00430
12	0.18920	0.01791	0.01743	0.04250	0.01998	0.08009	0.01166	0.36240	0.05164	0.08407	0.01606	0.01658	0.01162	0.00787	0.00628	0.00209	0.00729	0.00572	0.03938	0.01021
13	0.80405	0.01350	0.01026	0.00918	0.01350	0.01565	0.00756	0.02051	0.01188	0.03131	0.00972	0.01134	0.00756	0.00648	0.00432	0.00216	0.00540	0.00378	0.00432	0.00756
14	0.01440	0.01375	0.02401	0.47891	0.13170	0.01559	0.11116	0.04003	0.01552	0.02058	0.05580	0.02047	0.01329	0.00722	0.00722	0.00228	0.00909	0.00688	0.00361	0.00848
15	0.02312	0.01806	0.01885	0.01515	0.02006	0.04552	0.01222	0.46523	0.16411	0.03760	0.01994	0.06072	0.01557	0.00919	0.00701	0.00214	0.00711	0.00723	0.00673	0.04445
16	0.00843	0.00709	0.00735	0.00751	0.00974	0.00601	0.00569	0.01026	0.01581	0.01893	0.06747	0.09475	0.64370	0.01793	0.00835	0.00242	0.00372	0.05244	0.00648	0.00591
17	0.01438	0.01240	0.01492	0.06114	0.01874	0.00974	0.00904	0.01759	0.01443	0.02240	0.01240	0.01476	0.01026	0.00529	0.00529	0.00112	0.00546	0.00428	0.00406	0.74228
18	0.00895	0.00688	0.00819	0.00831	0.00997	0.00612	0.00606	0.01121	0.01691	0.02228	0.31827	0.20509	0.31219	0.01720	0.00838	0.00239	0.00355	0.01496	0.00696	0.00612
19	0.02204	0.02360	0.19215	0.01756	0.05299	0.10483	0.01596	0.27299	0.07245	0.09917	0.01891	0.01916	0.03999	0.00818	0.00687	0.00212	0.00846	0.00631	0.00556	0.01068

[dist]
# distance from previous block
# <min> <max>
0	1

[block]
# block no. 1 follows, 30 sequences, length 46
# corresponding to MSA columns:
# 70-115
name=unknown_B
#
# <colnr> <probs for GDERKNQSTAVLIFYWHMCP>
#	G	D	E	R	K	N	Q	S	T	A	V	L	I	F	Y	W	H	M	C	P
0	0.01021	0.00750	0.00880	0.00884	0.01073	0.00687	0.00648	0.01333	0.05764	0.04993	0.21427	0.24049	0.30497	0.01708	0.00830	0.00244	0.00383	0.01484	0.00690	0.00656
1	0.02617	0.01863	0.02026	0.01549	0.02110	0.02018	0.01278	0.60645	0.03092	0.08785	0.01723	0.01709	0.01214	0.00821	0.00688	0.00204	0.00742	0.00621	0.00693	0.05599
2	0.04594	0.12743	0.01856	0.01332	0.05686	0.01355	0.02581	0.05807	0.01586	0.04077	0.06668	0.09715	0.04358	0.00886	0.00680	0.00174	0.03523	0.00722	0.00474	0.31185
3	0.01794	0.42008	0.19038	0.01526	0.02168	0.11532	0.04359	0.02164	0.01496	0.01805	0.01123	0.01350	0.00952	0.00908	0.04909	0.00232	0.00965	0.00458	0.00312	0.00901
4	0.02405	0.01800	0.01838	0.01463	0.01946	0.06148	0.01188	0.48293	0.07930	0.06552	0.01998	0.01999	0.03470	0.00866	0.00677	0.00206	0.00716	0.00661	0.08761	0.01084
5	0.01801	0.01538	0.01661	0.01538	0.04377	0.01764	0.01158	0.08343	0.62563	0.03002	0.02700	0.02505	0.02025	0.00927	0.00708	0.00234	0.00578	0.00771	0.00696	0.01110
6	0.00949	0.00742	0.00864	0.00828	0.01031	0.00672	0.00622	0.01280	0.04532	0.02420	0.41316	0.05739	0.33365	0.01550	0.00819	0.00227	0.00348	0.01331	0.00715	0.00647
7	0.01734	0.01542	0.02596	0.09513	0.57998	0.01555	0.01981	0.02129	0.01585	0.06408	0.01524	0.05543	0.01309	0.00723	0.00702	0.00214	0.00801	0.00696	0.00389	0.01056
8	0.01758	0.56388	0.09047	0.05107	0.02107	0.02512	0.03422	0.02047	0.01393	0.01718	0.01015	0.01251	0.00903	0.00670	0.00675	0.00178	0.08183	0.00435	0.00301	0.00889
9	0.00861	0.00614	0.00813	0.00962	0.01006	0.00574	0.00642	0.00987	0.01353	0.01811	0.06532	0.70135	0.04636	0.04271	0.00965	0.00292	0.00410	0.01926	0.00646	0.00566
10	0.01727	0.01658	0.02832	0.04283	0.71123	0.01658	0.02142	0.02142	0.01589	0.02280	0.01313	0.01727	0.01105	0.00622	0.00691	0.00207	0.00829	0.00622	0.00345	0.01105
11	0.02401	0.01838	0.01841	0.01466	0.01919	0.08160	0.01170	0.49542	0.02763	0.05806	0.01747	0.02067	0.01375	0.10374	0.01049	0.00265	0.00777	0.00665	0.03743	0.01034
12	0.01101	0.00772	0.01083	0.01121	0.01214	0.00783	0.02525	0.01255	0.01386	0.06767	0.05516	0.58789	0.04027	0.01935	0.01007	0.00277	0.07463	0.01709	0.00627	0.00642
13	0.00850	0.00607	0.00810	0.00972	0.01012	0.00567	0.00648	0.00972	0.01336	0.01781	0.03846	0.75020	0.04615	0.02186	0.00891	0.00283	0.00405	0.01984	0.00648	0.00567
14	0.01450	0.01567	0.03298	0.02453	0.02995	0.01468	0.51764	0.01922	0.01570	0.02123	0.02015	0.19994	0.01940	0.00984	0.00840	0.00247	0.00985	0.01111	0.00426	0.00848
15	0.01609	0.01340	0.01533	0.01120	0.01724	0.01116	0.00900	0.10240	0.04329	0.02565	0.01357	0.01520	0.01095	0.00574	0.00547	0.00122	0.00550	0.00455	0.00461	0.66843
16	0.01006	0.00775	0.00991	0.03455	0.01244	0.00789	0.00766	0.04908	0.01469	0.01939	0.03917	0.54234	0.13497	0.01942	0.00949	0.00272	0.04900	0.01705	0.00619	0.00624
17	0.01736	0.01499	0.01578	0.01420	0.01815	0.01736	0.01105	0.03708	0.69862	0.02919	0.02840	0.02604	0.02130	0.00947	0.00710	0.00237	0.00552	0.00789	0.00710	0.01105
18	0.02529	0.10896	0.02153	0.01735	0.02119	0.65381	0.01332	0.02714	0.01919	0.01701	0.01067	0.01244	0.00899	0.00706	0.00610	0.00177	0.01205	0.00441	0.00353	0.00818
19	0.00988	0.00713	0.00933	0.00878	0.01043	0.00658	0.00658	0.01317	0.01975	0.02798	0.70754	0.05213	0.06584	0.01427	0.00823	0.00219	0.00329	0.01262	0.00768	0.00658
20	0.00850	0.00607	0.00810	0.00972	0.01012	0.00567	0.00648	0.00972	0.01336	0.01781	0.03846	0.75020	0.04615	0.02186	0.00891	0.00283	0.00405	0.01984	0.00648	0.00567
21	0.01515	0.01284	0.01483	0.01075	0.01684	0.01018	0.00861	0.05058	0.03932	0.02399	0.01317	0.01499	0.01079	0.00547	0.00532	0.00113	0.00530	0.00437	0.00438	0.73198
22	0.01318	0.01240	0.02093	0.73798	0.04806	0.01550	0.01938	0.01783	0.01395	0.01783	0.01240	0.01860	0.00930	0.00698	0.00698	0.00233	0.00930	0.00620	0.00310	0.00775
23	0.80405	0.01350	0.01026	0.00918	0.01350	0.01565	0.00756	0.02051	0.01188	0.03131	0.00972	0.01134	0.00756	0.00648	0.00432	0.00216	0.00540	0.00378	0.00432	0.00756
24	0.01647	0.01882	0.04118	0.02941	0.03647	0.01765	0.68588	0.02235	0.01647	0.02235	0.01412	0.01882	0.01059	0.00588	0.00824	0.00235	0.01176	0.00824	0.00353	0.00941
25	0.01727	0.01658	0.02832	0.04283	0.71123	0.01658	0.02142	0.02142	0.01589	0.02280	0.01313	0.01727	0.01105	0.00622	0.00691	0.00207	0.00829	0.00622	0.00345	0.01105
26	0.00849	0.00611	0.00805	0.00960	0.01009	0.00568	0.00643	0.00973	0.01347	0.01786	0.03982	0.72137	0.07411	0.02169	0.00888	0.00281	0.00403	0.01962	0.00648	0.00568
27	0.00825	0.00707	0.00707	0.00707	0.00943	0.00589	0.00530	0.01001	0.01591	0.01885	0.07069	0.06716	0.70839	0.01767	0.00825	0.00236	0.00353	0.01473	0.00648	0.00589
28	0.01234	0.00751	0.00857	0.00815	0.00881	0.00746	0.00498	0.03348	0.01184	0.06509	0.02227	0.04196	0.02390	0.63126	0.03067	0.00597	0.00651	0.00957	0.05450	0.00515
29	0.01762	0.01669	0.02805	0.04182	0.68522	0.01677	0.02111	0.04656	0.01653	0.02360	0.01326	0.01725	0.01108	0.00630	0.00691	0.00207	0.00827	0.00622	0.00359	0.01108
30	0.80405	0.01350	0.01026	0.00918	0.01350	0.01565	0.00756	0.02051	0.01188	0.03131	0.00972	0.01134	0.00756	0.00648	0.00432	0.00216	0.00540	0.00378	0.00432	0.00756
31	0.01697	0.01627	0.02777	0.09463	0.66181	0.01650	0.02126	0.02115	0.01575	0.02243	0.01307	0.01737	0.01092	0.00627	0.00691	0.00209	0.00837	0.00622	0.00343	0.01081
32	0.00946	0.00695	0.00887	0.00874	0.01026	0.00635	0.00642	0.01224	0.01826	0.02526	0.52461	0.17040	0.13437	0.01592	0.00835	0.00232	0.00345	0.01406	0.00735	0.00635
33	0.00850	0.00607	0.00810	0.00972	0.01012	0.00567	0.00648	0.00972	0.01336	0.01781	0.03846	0.75020	0.04615	0.02186	0.00891	0.00283	0.00405	0.01984	0.00648	0.00567
34	0.04800	0.09955	0.13420	0.01388	0.04062	0.05633	0.01251	0.04651	0.04493	0.10246	0.24589	0.03225	0.03134	0.01033	0.00709	0.00215	0.00651	0.05092	0.00581	0.00872
35	0.01837	0.61881	0.13276	0.01338	0.01985	0.06191	0.01399	0.02142	0.01455	0.01726	0.01016	0.01177	0.00894	0.00613	0.00488	0.00161	0.00813	0.00397	0.00301	0.00910
36	0.06454	0.02238	0.25981	0.01608	0.02292	0.01599	0.03842	0.11298	0.18351	0.08972	0.01816	0.01846	0.01315	0.00755	0.00660	0.00211	0.00766	0.00605	0.00521	0.08868
37	0.01448	0.05714	0.05105	0.01418	0.04239	0.01214	0.01201	0.13694	0.01901	0.02507	0.06658	0.07523	0.07627	0.01507	0.00840	0.00269	0.00656	0.35080	0.00610	0.00789
38	0.01735	0.01510	0.01667	0.01623	0.06729	0.01730	0.01178	0.03597	0.65021	0.02874	0.02732	0.02541	0.02058	0.00924	0.00709	0.00235	0.00572	0.00777	0.00684	0.01105
39	0.00862	0.00612	0.00806	0.00957	0.00994	0.00575	0.00632	0.00975	0.01313	0.01751	0.03729	0.70024	0.04468	0.07383	0.01079	0.00311	0.00424	0.01915	0.00632	0.00557
40	0.10648	0.01553	0.02156	0.16834	0.29033	0.03831	0.01658	0.09764	0.05624	0.07006	0.01568	0.02001	0.01248	0.00753	0.00675	0.00219	0.00785	0.03202	0.00454	0.00988
41	0.02141	0.01947	0.15222	0.01810	0.02439	0.01573	0.15593	0.20014	0.03801	0.18533	0.05445	0.04811	0.01656	0.00842	0.00733	0.00222	0.00822	0.00753	0.00590	0.01054
42	0.02385	0.01679	0.01833	0.01455	0.01928	0.01828	0.01181	0.53467	0.02878	0.07437	0.02020	0.10316	0.01651	0.00995	0.00708	0.00216	0.00690	0.00791	0.05459	0.01082
43	0.14307	0.14834	0.37422	0.01698	0.04483	0.08802	0.01846	0.02170	0.01466	0.02201	0.01250	0.04292	0.01023	0.00715	0.00597	0.00206	0.00897	0.00526	0.00340	0.00926
44	0.00996	0.00747	0.00930	0.00917	0.01081	0.00709	0.00674	0.01385	0.06622	0.02508	0.45918	0.19086	0.12633	0.01580	0.00829	0.00235	0.00363	0.01394	0.00727	0.00665
45	0.18308	0.01198	0.01381	0.01458	0.09448	0.01283	0.01014	0.04296	0.16019	0.07747	0.06925	0.04443	0.07626	0.01313	0.05775	0.00289	0.00643	0.04617	0.05347	0.00869

[dist]
# distance from previous block
# <min> <max>
0	1

[block]
# block no. 2 follows, 30 sequences, length 22
# corresponding to MSA columns:
# 117-138
name=unknown_C
#
# <colnr> <probs for GDERKNQSTAVLIFYWHMCP>
#	G	D	E	R	K	N	Q	S	T	A	V	L	I	F	Y	W	H	M	C	P
0	0.12221	0.10380	0.02043	0.01607	0.02020	0.49739	0.01257	0.09102	0.01950	0.02142	0.01113	0.01270	0.00909	0.00709	0.00593	0.00184	0.01068	0.00450	0.00396	0.00848
1	0.72663	0.01288	0.01017	0.00914	0.01320	0.01477	0.00746	0.01980	0.01264	0.03098	0.07774	0.01531	0.01324	0.00724	0.00470	0.00216	0.00519	0.00464	0.00465	0.00746
2	0.02567	0.01264	0.01600	0.01271	0.01731	0.01227	0.01037	0.17814	0.02201	0.41561	0.10275	0.02580	0.02167	0.01349	0.07735	0.00303	0.00727	0.00754	0.00767	0.01071
3	0.01710	0.01640	0.02801	0.07253	0.68289	0.01653	0.02133	0.02126	0.01581	0.02259	0.01310	0.01733	0.01098	0.00625	0.00691	0.00208	0.00833	0.00622	0.00344	0.01091
4	0.00866	0.00687	0.00782	0.00829	0.01001	0.00603	0.00610	0.01051	0.01562	0.01961	0.12361	0.24936	0.42697	0.01855	0.00851	0.00252	0.00382	0.05463	0.00660	0.00593
5	0.01175	0.00908	0.01416	0.01447	0.01660	0.00897	0.07701	0.01523	0.01610	0.02103	0.03472	0.07288	0.03728	0.01797	0.00950	0.00313	0.00695	0.60030	0.00614	0.00672
6	0.00850	0.00607	0.00810	0.00972	0.01012	0.00567	0.00648	0.00972	0.01336	0.01781	0.03846	0.75020	0.04615	0.02186	0.00891	0.00283	0.00405	0.01984	0.00648	0.00567
7	0.01031	0.00753	0.01003	0.01115	0.01270	0.00725	0.00923	0.01307	0.01615	0.02110	0.12610	0.16260	0.13393	0.01877	0.00918	0.00292	0.00533	0.40979	0.00660	0.00627
8	0.08916	0.01218	0.01572	0.01228	0.01751	0.01109	0.01010	0.03317	0.05983	0.62309	0.02623	0.02294	0.01678	0.00852	0.00682	0.00217	0.00587	0.00682	0.00822	0.01150
9	0.02554	0.01906	0.02039	0.01586	0.02127	0.02118	0.01303	0.61809	0.10428	0.04239	0.01800	0.01775	0.01288	0.00849	0.00699	0.00212	0.00745	0.00646	0.00699	0.01178
10	0.01639	0.01860	0.03992	0.02871	0.03532	0.01788	0.64333	0.02200	0.01610	0.02200	0.01380	0.01860	0.01050	0.00628	0.00917	0.00240	0.05810	0.00810	0.00350	0.00930
11	0.80405	0.01350	0.01026	0.00918	0.01350	0.01565	0.00756	0.02051	0.01188	0.03131	0.00972	0.01134	0.00756	0.00648	0.00432	0.00216	0.00540	0.00378	0.00432	0.00756
12	0.00861	0.00615	0.00819	0.00965	0.01014	0.00574	0.00649	0.00998	0.01385	0.01859	0.08927	0.69719	0.04765	0.02129	0.00886	0.00279	0.00399	0.01929	0.00657	0.00574
13	0.01476	0.01452	0.02040	0.01764	0.01776	0.02016	0.01464	0.01638	0.01074	0.01674	0.01007	0.01643	0.00995	0.01606	0.09041	0.00384	0.67264	0.00624	0.00312	0.00750
14	0.01647	0.01882	0.04118	0.02941	0.03647	0.01765	0.68588	0.02235	0.01647	0.02235	0.01412	0.01882	0.01059	0.00588	0.00824	0.00235	0.01176	0.00824	0.00353	0.00941
15	0.80405	0.01350	0.01026	0.00918	0.01350	0.01565	0.00756	0.02051	0.01188	0.03131	0.00972	0.01134	0.00756	0.00648	0.00432	0.00216	0.00540	0.00378	0.00432	0.00756
16	0.12917	0.45028	0.15553	0.01340	0.01989	0.02327	0.01397	0.08609	0.01577	0.02224	0.01090	0.01240	0.00902	0.00640	0.00509	0.00178	0.00771	0.00425	0.00356	0.00929
17	0.80405	0.01350	0.01026	0.00918	0.01350	0.01565	0.00756	0.02051	0.01188	0.03131	0.00972	0.01134	0.00756	0.00648	0.00432	0.00216	0.00540	0.00378	0.00432	0.00756
18	0.01447	0.01240	0.01447	0.01034	0.01654	0.00930	0.00827	0.01757	0.01447	0.02274	0.01240	0.01447	0.01034	0.00517	0.00517	0.00103	0.00517	0.00413	0.00413	0.79742
19	0.00865	0.00703	0.00768	0.00780	0.00984	0.00607	0.00584	0.01067	0.01631	0.02031	0.16898	0.12308	0.52258	0.01754	0.00836	0.00240	0.00365	0.04050	0.00667	0.00600
20	0.01210	0.00925	0.01432	0.10143	0.12173	0.00920	0.03450	0.01443	0.01441	0.06306	0.03088	0.46300	0.05124	0.01623	0.00822	0.00259	0.00569	0.01481	0.00566	0.00726
21	0.01761	0.01652	0.02742	0.08259	0.62791	0.01684	0.02078	0.06350	0.01685	0.02385	0.01331	0.01732	0.01100	0.00640	0.00692	0.00209	0.00831	0.00622	0.00366	0.01091

[dist]
# distance from previous block
# <min> <max>
20	26

[block]
# block no. 3 follows, 30 sequences, length 46
# corresponding to MSA columns:
# 165-186,308-331
name=unknown_D
#
# <colnr> <probs for GDERKNQSTAVLIFYWHMCP>
#	G	D	E	R	K	N	Q	S	T	A	V	L	I	F	Y	W	H	M	C	P
0	0.05353	0.29575	0.04448	0.01213	0.01621	0.01662	0.04771	0.01831	0.04847	0.02184	0.20498	0.04714	0.04933	0.01184	0.03344	0.00237	0.00662	0.05625	0.00501	0.00796
1	0.01706	0.01627	0.02730	0.04043	0.65991	0.01604	0.02045	0.02113	0.01578	0.02279	0.01307	0.01706	0.01100	0.00614	0.00678	0.00200	0.00806	0.00606	0.00350	0.06914
2	0.04494	0.04714	0.01928	0.01645	0.03750	0.32159	0.01257	0.21198	0.11368	0.02754	0.06627	0.01851	0.01565	0.00827	0.00664	0.00199	0.00911	0.00605	0.00531	0.00952
3	0.01544	0.06996	0.02783	0.34228	0.03693	0.01770	0.21838	0.05254	0.01535	0.02050	0.01289	0.01790	0.01001	0.00720	0.00873	0.00232	0.08388	0.00663	0.02502	0.00850
4	0.05103	0.00886	0.01076	0.01074	0.01257	0.00898	0.00792	0.04965	0.08014	0.09033	0.06882	0.34167	0.03477	0.09710	0.03569	0.00336	0.00557	0.06849	0.00640	0.00717
5	0.01518	0.18438	0.51801	0.01908	0.02820	0.01870	0.08065	0.02187	0.01477	0.02094	0.01208	0.01436	0.00902	0.00643	0.00632	0.00207	0.00985	0.00513	0.00301	0.00995
6	0.01318	0.01240	0.02093	0.73798	0.04806	0.01550	0.01938	0.01783	0.01395	0.01783	0.01240	0.01860	0.00930	0.00698	0.00698	0.00233	0.00930	0.00620	0.00310	0.00775
7	0.01212	0.00606	0.00909	0.00909	0.00909	0.00606	0.00606	0.00909	0.00909	0.01212	0.01212	0.02121	0.01212	0.02424	0.02727	0.79697	0.00606	0.00606	0.00303	0.00303
8	0.01694	0.01610	0.02737	0.04116	0.67242	0.01610	0.02085	0.02103	0.01590	0.02269	0.01445	0.02069	0.01267	0.00694	0.00706	0.00214	0.00819	0.04287	0.00362	0.01080
9	0.02469	0.01053	0.01395	0.01138	0.01548	0.00937	0.00902	0.02764	0.04012	0.49867	0.09176	0.08732	0.04981	0.06567	0.00943	0.00257	0.00551	0.00909	0.00793	0.01009
10	0.01736	0.01499	0.01578	0.01420	0.01815	0.01736	0.01105	0.03708	0.69862	0.02919	0.02840	0.02604	0.02130	0.00947	0.00710	0.00237	0.00552	0.00789	0.00710	0.01105
11	0.80405	0.01350	0.01026	0.00918	0.01350	0.01565	0.00756	0.02051	0.01188	0.03131	0.00972	0.01134	0.00756	0.00648	0.00432	0.00216	0.00540	0.00378	0.00432	0.00756
12	0.00976	0.00713	0.00916	0.00865	0.01035	0.00653	0.00649	0.01294	0.01947	0.02731	0.66050	0.05324	0.11331	0.01452	0.00823	0.00221	0.00331	0.01278	0.00759	0.00653
13	0.00871	0.00703	0.00775	0.00769	0.00974	0.00607	0.00572	0.01087	0.01682	0.02131	0.24451	0.10105	0.49433	0.01697	0.00828	0.00234	0.00350	0.01443	0.00681	0.00607
14	0.17993	0.01219	0.01505	0.01179	0.01698	0.01129	0.00974	0.03141	0.01842	0.58436	0.02410	0.02136	0.01541	0.00822	0.00650	0.00216	0.00583	0.00639	0.00781	0.01105
15	0.00864	0.00617	0.00825	0.00987	0.01034	0.00579	0.00671	0.00995	0.01349	0.01797	0.03839	0.71686	0.04586	0.02173	0.00894	0.00285	0.00417	0.05183	0.00648	0.00571
16	0.02763	0.01609	0.01906	0.05747	0.02169	0.01677	0.01244	0.38934	0.02661	0.30844	0.02076	0.01963	0.01386	0.00840	0.00700	0.00213	0.00709	0.00657	0.00741	0.01163
17	0.03634	0.21730	0.39251	0.01886	0.02710	0.05606	0.11649	0.02209	0.01503	0.02066	0.01187	0.01422	0.00910	0.00638	0.00624	0.00202	0.00979	0.00517	0.00311	0.00965
18	0.05858	0.01107	0.01314	0.09055	0.01723	0.01209	0.00956	0.14291	0.01802	0.11059	0.01949	0.02200	0.01476	0.01085	0.04949	0.00252	0.04277	0.00639	0.33961	0.00837
19	0.11086	0.12034	0.02170	0.05162	0.04075	0.48652	0.03176	0.02536	0.01771	0.01892	0.01076	0.01286	0.00894	0.00688	0.00595	0.00185	0.01084	0.00455	0.00357	0.00824
20	0.00849	0.00612	0.00804	0.00958	0.01009	0.00568	0.00642	0.00973	0.01349	0.01787	0.04013	0.71487	0.08041	0.02165	0.00887	0.00281	0.00402	0.01957	0.00648	0.00568
21	0.01663	0.01855	0.10639	0.07938	0.53026	0.01656	0.04600	0.02219	0.05385	0.02276	0.01391	0.01761	0.01125	0.00648	0.00694	0.00213	0.00856	0.00626	0.00358	0.01071
22	0.02050	0.01351	0.08192	0.01224	0.01669	0.01118	0.01068	0.07422	0.09324	0.29318	0.19309	0.03273	0.06710	0.03745	0.00838	0.00237	0.00570	0.00878	0.00729	0.00974
23	0.00841	0.00691	0.00741	0.00763	0.00961	0.00591	0.00559	0.01020	0.01577	0.01935	0.11241	0.17880	0.55161	0.01811	0.00836	0.00242	0.00360	0.01542	0.00657	0.00591
24	0.01447	0.01240	0.01447	0.01034	0.01654	0.00930	0.00827	0.01757	0.01447	0.02274	0.01240	0.01447	0.01034	0.00517	0.00517	0.00103	0.00517	0.00413	0.00413	0.79742
25	0.03678	0.39065	0.22910	0.01655	0.02362	0.08557	0.08831	0.02201	0.01503	0.01909	0.01108	0.01315	0.00907	0.00627	0.00565	0.00183	0.00914	0.00469	0.00312	0.00928
26	0.01482	0.03494	0.68505	0.01953	0.02961	0.01592	0.02504	0.02267	0.01498	0.05524	0.01324	0.01516	0.00924	0.00673	0.00665	0.00221	0.01010	0.00525	0.00322	0.01039
27	0.00979	0.00713	0.00920	0.00868	0.01037	0.00655	0.00651	0.01299	0.01954	0.02747	0.67193	0.05297	0.10178	0.01446	0.00823	0.00220	0.00331	0.01274	0.00761	0.00655
28	0.01162	0.00606	0.00895	0.00918	0.00923	0.00601	0.00612	0.00918	0.00968	0.01291	0.01575	0.12162	0.01681	0.02391	0.02474	0.68759	0.00578	0.00796	0.00351	0.00339
29	0.02255	0.15405	0.08773	0.01398	0.01916	0.12348	0.01246	0.05064	0.11873	0.23487	0.07620	0.02134	0.01811	0.00832	0.00652	0.00202	0.00742	0.00642	0.00593	0.01006
30	0.01349	0.00748	0.00773	0.00741	0.00930	0.00757	0.00560	0.05358	0.03380	0.02591	0.02561	0.02831	0.06837	0.00965	0.00637	0.03971	0.00372	0.00712	0.63255	0.00671
31	0.67051	0.01402	0.03487	0.00980	0.01418	0.01518	0.00834	0.05299	0.01357	0.03107	0.05099	0.01565	0.03176	0.00734	0.00486	0.00217	0.00551	0.00477	0.00466	0.00776
32	0.02238	0.01508	0.01718	0.01305	0.01863	0.01461	0.01064	0.29168	0.04637	0.16237	0.01974	0.01951	0.03868	0.00773	0.00643	0.00177	0.00628	0.00607	0.00632	0.27549
33	0.07958	0.01662	0.01778	0.01408	0.01866	0.01817	0.01131	0.49708	0.02709	0.07096	0.01825	0.04774	0.01482	0.10349	0.01049	0.00272	0.00718	0.00714	0.00650	0.01036
34	0.02359	0.01066	0.01381	0.01124	0.01548	0.00958	0.00904	0.02754	0.06936	0.45615	0.15473	0.03436	0.11163	0.01082	0.00739	0.00221	0.00514	0.00904	0.00809	0.01013
35	0.01318	0.01240	0.02093	0.73798	0.04806	0.01550	0.01938	0.01783	0.01395	0.01783	0.01240	0.01860	0.00930	0.00698	0.00698	0.00233	0.00930	0.00620	0.00310	0.00775
36	0.00974	0.00711	0.00903	0.00856	0.01019	0.00653	0.00634	0.01272	0.01890	0.02640	0.61351	0.05317	0.12285	0.05288	0.00964	0.00245	0.00349	0.01269	0.00739	0.00640
37	0.00849	0.00613	0.00804	0.00956	0.01008	0.00568	0.00641	0.00973	0.01351	0.01788	0.04037	0.70966	0.08546	0.02161	0.00887	0.00281	0.00402	0.01953	0.00648	0.00568
38	0.01838	0.71605	0.07705	0.01241	0.01864	0.02693	0.01276	0.02097	0.01421	0.01676	0.00987	0.01140	0.00895	0.00601	0.00461	0.00154	0.00763	0.00382	0.00298	0.00904
39	0.00892	0.00656	0.00777	0.00847	0.00977	0.00591	0.00597	0.01072	0.01505	0.01996	0.12423	0.38362	0.27004	0.01851	0.00829	0.00251	0.00373	0.01625	0.06782	0.00591
40	0.02414	0.02047	0.02098	0.12763	0.04628	0.12886	0.01448	0.46410	0.02742	0.03521	0.01506	0.01641	0.01101	0.00792	0.00687	0.00208	0.00870	0.00599	0.00576	0.01063
41	0.02040	0.02606	0.10446	0.01864	0.03907	0.35387	0.05247	0.02469	0.07085	0.01949	0.01295	0.01559	0.01058	0.00823	0.00966	0.00216	0.15220	0.00551	0.04454	0.00857
42	0.02607	0.03326	0.01978	0.01798	0.02157	0.72674	0.01348	0.02787	0.01978	0.01708	0.01079	0.01258	0.00899	0.00719	0.00629	0.00180	0.01258	0.00449	0.00360	0.00809
43	0.01933	0.01262	0.01406	0.01171	0.01492	0.01327	0.00897	0.29958	0.02183	0.09949	0.04297	0.07867	0.03728	0.19562	0.01407	0.00328	0.00633	0.00867	0.08863	0.00867
44	0.00851	0.00703	0.00758	0.00765	0.00974	0.00610	0.00569	0.01042	0.01581	0.01945	0.12302	0.11325	0.56350	0.01961	0.04850	0.00287	0.00440	0.01450	0.00644	0.00596
45	0.01553	0.01771	0.07172	0.06344	0.13190	0.03990	0.34152	0.02019	0.01552	0.02124	0.01605	0.09933	0.01432	0.00812	0.00840	0.00229	0.04468	0.00847	0.00381	0.05585

[dist]
# distance from previous block
# <min> <max>
0	1

[block]
# block no. 4 follows, 30 sequences, length 189
# corresponding to MSA columns:
# 333-502,524-542
name=unknown_E
#
# <colnr> <probs for GDERKNQSTAVLIFYWHMCP>
#	G	D	E	R	K	N	Q	S	T	A	V	L	I	F	Y	W	H	M	C	P
0	0.00935	0.00698	0.00869	0.00855	0.01017	0.00632	0.00630	0.01204	0.01808	0.02469	0.48346	0.14961	0.19805	0.01601	0.00833	0.00232	0.00345	0.01404	0.00727	0.00632
1	0.01504	0.01274	0.01478	0.01061	0.01678	0.00988	0.00850	0.04916	0.01533	0.02374	0.01261	0.01458	0.01041	0.00532	0.00525	0.00108	0.00529	0.00424	0.00427	0.76040
2	0.02334	0.07258	0.06211	0.01273	0.01765	0.05307	0.01101	0.06843	0.06207	0.34054	0.08823	0.04802	0.02085	0.00905	0.00676	0.00205	0.00633	0.00732	0.04052	0.04735
3	0.05523	0.01728	0.09345	0.11397	0.23789	0.01584	0.12290	0.04178	0.08805	0.08335	0.01619	0.01909	0.01232	0.00910	0.04094	0.00264	0.00900	0.00662	0.00436	0.01002
4	0.00835	0.00707	0.00722	0.00718	0.00949	0.00594	0.00539	0.01022	0.01616	0.01945	0.11253	0.06617	0.66618	0.01745	0.00825	0.00235	0.00352	0.01459	0.00656	0.00594
5	0.30619	0.05181	0.01670	0.04656	0.01896	0.12389	0.01091	0.21293	0.01997	0.07703	0.01582	0.01663	0.03976	0.00775	0.00586	0.00207	0.00736	0.00540	0.00524	0.00916
6	0.08518	0.01359	0.01577	0.08411	0.01926	0.01511	0.03474	0.27923	0.02133	0.03214	0.01740	0.01971	0.01318	0.00807	0.00675	0.00201	0.03765	0.00620	0.27961	0.00896
7	0.00896	0.00633	0.00828	0.00967	0.01011	0.00601	0.00654	0.01016	0.01312	0.01745	0.03600	0.59650	0.04273	0.12558	0.01274	0.00342	0.00462	0.07009	0.00615	0.00552
8	0.10666	0.01822	0.01835	0.06713	0.05367	0.09332	0.01272	0.28490	0.19584	0.03254	0.01919	0.01950	0.03066	0.00835	0.00668	0.00216	0.00744	0.00643	0.00591	0.01031
9	0.10921	0.01737	0.01873	0.01562	0.04360	0.01925	0.01229	0.49800	0.05892	0.03864	0.01751	0.05167	0.01368	0.01084	0.04046	0.00257	0.00769	0.00678	0.00640	0.01077
10	0.00907	0.00671	0.00859	0.00979	0.01087	0.00623	0.00721	0.01089	0.01469	0.01910	0.07546	0.45045	0.17407	0.02018	0.00890	0.00279	0.00439	0.14818	0.00652	0.00591
11	0.01626	0.02021	0.10631	0.02934	0.09739	0.01753	0.53707	0.02206	0.01605	0.02218	0.01370	0.01816	0.01041	0.00620	0.00844	0.00234	0.03563	0.00767	0.00345	0.00959
12	0.01727	0.01658	0.02832	0.04283	0.71123	0.01658	0.02142	0.02142	0.01589	0.02280	0.01313	0.01727	0.01105	0.00622	0.00691	0.00207	0.00829	0.00622	0.00345	0.01105
13	0.00868	0.00618	0.00823	0.00980	0.01025	0.00581	0.00663	0.00995	0.01339	0.01783	0.03791	0.69842	0.04527	0.04318	0.00972	0.00297	0.00424	0.04947	0.00641	0.00566
14	0.00940	0.00697	0.00859	0.00914	0.00992	0.00686	0.00628	0.01063	0.01317	0.01733	0.06905	0.31447	0.15788	0.22069	0.04986	0.00420	0.03197	0.04243	0.00567	0.00549
15	0.00877	0.00630	0.00838	0.00995	0.01054	0.00591	0.00692	0.01020	0.01371	0.01816	0.03933	0.66092	0.06648	0.02147	0.00896	0.00286	0.00427	0.08465	0.00647	0.00575
16	0.02249	0.22182	0.02719	0.01776	0.02261	0.37477	0.10833	0.06579	0.04102	0.01969	0.01192	0.01380	0.00979	0.00683	0.00616	0.00183	0.01058	0.00504	0.00375	0.00883
17	0.39168	0.04625	0.01512	0.01163	0.01642	0.01621	0.00965	0.17730	0.03534	0.16878	0.03958	0.01681	0.01289	0.00766	0.00568	0.00212	0.00605	0.00540	0.00591	0.00952
18	0.02607	0.03326	0.01978	0.01798	0.02157	0.72674	0.01348	0.02787	0.01978	0.01708	0.01079	0.01258	0.00899	0.00719	0.00629	0.00180	0.01258	0.00449	0.00360	0.00809
19	0.31748	0.15838	0.19444	0.01299	0.01891	0.07315	0.01332	0.02168	0.01409	0.04590	0.01199	0.01370	0.00929	0.00666	0.00521	0.00198	0.00745	0.00447	0.06030	0.00861
20	0.00866	0.00684	0.00787	0.00859	0.01021	0.00605	0.00635	0.01040	0.01507	0.01873	0.05619	0.29748	0.41312	0.01925	0.00862	0.00261	0.00402	0.08759	0.00647	0.00587
21	0.01959	0.01723	0.09125	0.01535	0.03650	0.01624	0.01306	0.37734	0.04101	0.03321	0.04310	0.12735	0.02154	0.03816	0.00855	0.00250	0.00712	0.07482	0.00627	0.00981
22	0.01926	0.69972	0.03520	0.01243	0.01821	0.08468	0.01207	0.02146	0.01464	0.01647	0.00979	0.01131	0.00896	0.00607	0.00463	0.00152	0.00788	0.00379	0.00303	0.00888
23	0.01713	0.16678	0.44433	0.01841	0.02660	0.14767	0.04316	0.02294	0.01561	0.02016	0.01175	0.01383	0.00895	0.00659	0.00623	0.00201	0.01026	0.00488	0.00309	0.00963
24	0.02649	0.01888	0.02142	0.01633	0.02196	0.02053	0.04177	0.60549	0.03105	0.09856	0.01753	0.01742	0.01226	0.00829	0.00704	0.00211	0.00771	0.00643	0.00697	0.01176
25	0.00874	0.00711	0.00778	0.00804	0.00995	0.00628	0.00586	0.01111	0.03820	0.01974	0.11666	0.21738	0.48244	0.01805	0.00836	0.00245	0.00369	0.01547	0.00660	0.00607
26	0.04976	0.01937	0.02355	0.08316	0.04964	0.10953	0.12925	0.31112	0.02296	0.03028	0.01457	0.01782	0.01134	0.04241	0.00927	0.00240	0.05228	0.00646	0.00503	0.00981
27	0.01212	0.00606	0.00909	0.00909	0.00909	0.00606	0.00606	0.00909	0.00909	0.01212	0.01212	0.02121	0.01212	0.02424	0.02727	0.79697	0.00606	0.00606	0.00303	0.00303
28	0.01436	0.08070	0.58309	0.02019	0.05506	0.01660	0.05470	0.02160	0.01505	0.02203	0.04418	0.01650	0.01162	0.00688	0.00665	0.00216	0.00979	0.00559	0.00321	0.01004
29	0.58858	0.01525	0.06773	0.01143	0.01650	0.01496	0.04037	0.02278	0.01354	0.13473	0.01286	0.01384	0.00928	0.00679	0.00509	0.00217	0.00615	0.00458	0.00483	0.00852
30	0.00861	0.00629	0.00796	0.00918	0.00987	0.00580	0.00617	0.00989	0.01370	0.01798	0.06142	0.58733	0.13929	0.06861	0.01052	0.00300	0.00413	0.01827	0.00637	0.00563
31	0.02487	0.01353	0.01712	0.01545	0.07339	0.01349	0.01143	0.09881	0.19223	0.37705	0.06696	0.02483	0.02021	0.00897	0.00710	0.00220	0.00604	0.00744	0.00761	0.01128
32	0.02304	0.01873	0.05290	0.01700	0.05241	0.04108	0.04183	0.44169	0.07216	0.06217	0.01780	0.02036	0.01371	0.08120	0.00980	0.00258	0.00786	0.00677	0.00618	0.01073
33	0.00863	0.00616	0.00824	0.00986	0.01032	0.00578	0.00670	0.00994	0.01349	0.01796	0.03839	0.71880	0.04587	0.02174	0.00894	0.00285	0.00416	0.04997	0.00648	0.00570
34	0.04323	0.01648	0.02773	0.04172	0.68820	0.01655	0.02096	0.02139	0.01576	0.02308	0.01301	0.01708	0.01094	0.00623	0.00682	0.00208	0.00819	0.00614	0.00348	0.01094
35	0.05365	0.01367	0.01747	0.15046	0.02276	0.01629	0.01294	0.22219	0.01842	0.02589	0.01624	0.06920	0.01447	0.04245	0.13841	0.00414	0.14079	0.00738	0.00472	0.00846
36	0.00848	0.00614	0.00803	0.00954	0.01007	0.00568	0.00640	0.00974	0.01353	0.01788	0.04063	0.70425	0.09071	0.02158	0.00886	0.00280	0.00401	0.01949	0.00648	0.00568
37	0.01669	0.01324	0.01541	0.01520	0.04948	0.01465	0.01171	0.07488	0.39778	0.05138	0.02935	0.04028	0.02554	0.01208	0.00782	0.00257	0.00608	0.19929	0.00678	0.00978
38	0.01063	0.00744	0.00956	0.00916	0.01073	0.00710	0.00678	0.01319	0.01731	0.05339	0.43360	0.12851	0.12724	0.06590	0.04410	0.00303	0.02608	0.01284	0.00690	0.00649
39	0.00848	0.00615	0.00802	0.00951	0.01007	0.00569	0.00639	0.00974	0.01356	0.01789	0.04097	0.69702	0.09772	0.02154	0.00886	0.00280	0.00401	0.01944	0.00648	0.00569
40	0.02620	0.01939	0.02076	0.01599	0.02152	0.02149	0.01319	0.66507	0.05622	0.04346	0.01716	0.01708	0.01220	0.00842	0.00699	0.00210	0.00760	0.00634	0.00699	0.01184
41	0.00872	0.00645	0.00805	0.00923	0.01011	0.00593	0.00641	0.01011	0.01390	0.01799	0.04431	0.52123	0.18588	0.06237	0.01032	0.00298	0.00425	0.05974	0.00635	0.00568
42	0.02450	0.08206	0.02146	0.01709	0.04311	0.27435	0.01327	0.31025	0.09480	0.02996	0.01514	0.01580	0.01155	0.00781	0.00655	0.00197	0.00922	0.00560	0.00535	0.01017
43	0.01532	0.01629	0.03101	0.15248	0.03267	0.01798	0.35684	0.01965	0.01423	0.01979	0.01260	0.01810	0.01020	0.00947	0.03736	0.00285	0.21407	0.00725	0.00333	0.00851
44	0.02607	0.03326	0.01978	0.01798	0.02157	0.72674	0.01348	0.02787	0.01978	0.01708	0.01079	0.01258	0.00899	0.00719	0.00629	0.00180	0.01258	0.00449	0.00360	0.00809
45	0.01779	0.04436	0.02276	0.07502	0.02352	0.22442	0.14250	0.02064	0.01536	0.01880	0.01436	0.07041	0.01303	0.01045	0.03137	0.00255	0.17196	0.00705	0.06576	0.00789
46	0.00851	0.00624	0.00793	0.00925	0.00994	0.00574	0.00623	0.00977	0.01364	0.01784	0.04279	0.62587	0.14494	0.04389	0.00963	0.00288	0.00406	0.01877	0.00641	0.00566
47	0.02008	0.01537	0.01704	0.01632	0.07076	0.04838	0.01198	0.07502	0.43306	0.13175	0.02606	0.02681	0.01983	0.00948	0.00717	0.00232	0.00631	0.04460	0.00685	0.01083
48	0.01860	0.01553	0.01568	0.04766	0.01867	0.09537	0.01101	0.11703	0.29328	0.07625	0.14426	0.03008	0.04681	0.01026	0.00729	0.00224	0.00640	0.02726	0.00667	0.00965
49	0.00850	0.00607	0.00810	0.00972	0.01012	0.00567	0.00648	0.00972	0.01336	0.01781	0.03846	0.75020	0.04615	0.02186	0.00891	0.00283	0.00405	0.01984	0.00648	0.00567
50	0.01447	0.01240	0.01447	0.01034	0.01654	0.00930	0.00827	0.01757	0.01447	0.02274	0.01240	0.01447	0.01034	0.00517	0.00517	0.00103	0.00517	0.00413	0.00413	0.79742
51	0.05916	0.01714	0.01851	0.01413	0.01968	0.01794	0.01160	0.47449	0.02699	0.05645	0.01594	0.01645	0.01165	0.00759	0.00641	0.00185	0.00686	0.00572	0.02789	0.18357
52	0.02374	0.08270	0.19126	0.01448	0.02096	0.01467	0.01439	0.10685	0.04854	0.34376	0.02303	0.02170	0.04558	0.00833	0.00676	0.00212	0.00723	0.00658	0.00639	0.01093
53	0.00886	0.00646	0.00828	0.00926	0.01013	0.00596	0.00642	0.01054	0.01483	0.01981	0.16894	0.50120	0.12288	0.04326	0.00957	0.00279	0.00400	0.03432	0.00663	0.00584
54	0.80405	0.01350	0.01026	0.00918	0.01350	0.01565	0.00756	0.02051	0.01188	0.03131	0.00972	0.01134	0.00756	0.00648	0.00432	0.00216	0.00540	0.00378	0.00432	0.00756
55	0.06062	0.01406	0.01654	0.01340	0.01768	0.01472	0.01078	0.24645	0.07502	0.27214	0.02230	0.07531	0.01709	0.02971	0.00944	0.03981	0.03996	0.00764	0.00697	0.01034
56	0.00849	0.00614	0.00803	0.00954	0.01008	0.00568	0.00640	0.00974	0.01353	0.01788	0.04056	0.70571	0.08930	0.02159	0.00886	0.00280	0.00402	0.01951	0.00648	0.00568
57	0.01870	0.01544	0.01654	0.01504	0.04315	0.03393	0.01136	0.09614	0.51231	0.06137	0.02667	0.02498	0.03764	0.00917	0.00700	0.00224	0.00595	0.00756	0.00679	0.04800
58	0.07722	0.01805	0.01936	0.01514	0.02036	0.01995	0.01245	0.55709	0.05552	0.07197	0.01732	0.01757	0.01245	0.01036	0.04048	0.00254	0.00788	0.00627	0.00673	0.01129
59	0.00850	0.00607	0.00810	0.00972	0.01012	0.00567	0.00648	0.00972	0.01336	0.01781	0.03846	0.75020	0.04615	0.02186	0.00891	0.00283	0.00405	0.01984	0.00648	0.00567
60	0.01463	0.01502	0.05622	0.45645	0.22157	0.01600	0.05031	0.02001	0.04389	0.02004	0.01336	0.01840	0.01032	0.00682	0.00701	0.00226	0.00903	0.00632	0.00338	0.00897
61	0.01571	0.02128	0.16287	0.05920	0.03365	0.01773	0.45167	0.02142	0.01533	0.02142	0.01314	0.01763	0.01003	0.00684	0.00966	0.00241	0.10005	0.00731	0.00334	0.00929
62	0.00855	0.00609	0.00808	0.00965	0.01004	0.00570	0.00641	0.00973	0.01326	0.01768	0.03794	0.72773	0.04549	0.04524	0.00976	0.00296	0.00414	0.01953	0.00641	0.00562
63	0.01505	0.15345	0.02260	0.01599	0.01731	0.02052	0.01360	0.01687	0.01143	0.01663	0.01079	0.01645	0.01045	0.01747	0.13219	0.00407	0.48848	0.00588	0.00315	0.00766
64	0.00947	0.00706	0.00873	0.00842	0.01010	0.00640	0.00623	0.01223	0.01831	0.02507	0.51700	0.08801	0.20080	0.04019	0.00918	0.00241	0.00350	0.01333	0.00725	0.00631
65	0.02782	0.05001	0.04347	0.01375	0.01922	0.03912	0.01169	0.16880	0.07574	0.44054	0.02341	0.02118	0.01549	0.00840	0.00686	0.00212	0.00673	0.00663	0.00753	0.01149
66	0.02450	0.02887	0.02016	0.01779	0.02109	0.53414	0.01372	0.10736	0.02001	0.02034	0.01128	0.01350	0.00937	0.00809	0.00887	0.00202	0.12149	0.00496	0.00393	0.00849
67	0.02607	0.03326	0.01978	0.01798	0.02157	0.72674	0.01348	0.02787	0.01978	0.01708	0.01079	0.01258	0.00899	0.00719	0.00629	0.00180	0.01258	0.00449	0.00360	0.00809
68	0.01635	0.01774	0.09173	0.03738	0.55681	0.01586	0.05209	0.02085	0.01578	0.02259	0.03090	0.02026	0.01329	0.00813	0.02685	0.00239	0.00875	0.02812	0.00362	0.01051
69	0.00850	0.00607	0.00810	0.00972	0.01012	0.00567	0.00648	0.00972	0.01336	0.01781	0.03846	0.75020	0.04615	0.02186	0.00891	0.00283	0.00405	0.01984	0.00648	0.00567
70	0.07199	0.01601	0.01592	0.01412	0.01818	0.06168	0.01111	0.08585	0.50069	0.06156	0.02538	0.02525	0.01934	0.00935	0.00694	0.00232	0.00618	0.03083	0.00673	0.01056
71	0.17495	0.03547	0.01573	0.01232	0.01668	0.01696	0.01008	0.35504	0.05444	0.03594	0.01710	0.01809	0.01276	0.00793	0.00591	0.00200	0.00611	0.00585	0.18696	0.00967
72	0.00861	0.00612	0.00806	0.00957	0.00995	0.00574	0.00633	0.00975	0.01314	0.01753	0.03735	0.70280	0.04476	0.07117	0.01070	0.00310	0.00423	0.01919	0.00633	0.00557
73	0.01447	0.01240	0.01447	0.01034	0.01654	0.00930	0.00827	0.01757	0.01447	0.02274	0.01240	0.01447	0.01034	0.00517	0.00517	0.00103	0.00517	0.00413	0.00413	0.79742
74	0.02108	0.14768	0.02050	0.01410	0.01844	0.20005	0.01150	0.23679	0.05361	0.02744	0.08705	0.02393	0.09040	0.00927	0.00663	0.00196	0.00794	0.00697	0.00544	0.00921
75	0.01423	0.03460	0.66579	0.01990	0.02982	0.01630	0.04428	0.02281	0.04701	0.02244	0.01332	0.01538	0.00948	0.00674	0.00670	0.00222	0.01013	0.00537	0.00316	0.01032
76	0.00836	0.00697	0.00718	0.00731	0.00940	0.00591	0.00535	0.01000	0.01542	0.01852	0.06574	0.12237	0.62170	0.05275	0.00959	0.00260	0.00373	0.01493	0.00637	0.00579
77	0.69152	0.01450	0.03657	0.04524	0.04019	0.01585	0.00938	0.03775	0.01276	0.03038	0.01024	0.01214	0.00792	0.00655	0.00468	0.00216	0.00591	0.00409	0.00425	0.00790
78	0.01025	0.00805	0.01157	0.01156	0.01248	0.00840	0.04753	0.01191	0.01310	0.01799	0.03141	0.43511	0.05229	0.10066	0.04688	0.00361	0.07998	0.05197	0.03922	0.00604
79	0.00858	0.00613	0.00819	0.00981	0.01025	0.00574	0.00662	0.00985	0.01344	0.01790	0.03842	0.73068	0.04598	0.02179	0.00893	0.00285	0.00412	0.03858	0.00648	0.00569
80	0.01940	0.01582	0.01642	0.01438	0.01856	0.04109	0.01128	0.09697	0.57032	0.07444	0.02667	0.02458	0.01975	0.00924	0.00706	0.00231	0.00599	0.00757	0.00707	0.01108
81	0.09517	0.01729	0.05425	0.12769	0.22381	0.01715	0.25576	0.05460	0.01604	0.02361	0.01305	0.01722	0.01019	0.00658	0.00774	0.00226	0.03773	0.00665	0.00366	0.00955
82	0.00849	0.00610	0.00807	0.00963	0.01010	0.00567	0.00644	0.00973	0.01344	0.01785	0.03946	0.72909	0.06663	0.02173	0.00889	0.00282	0.00403	0.01968	0.00648	0.00567
83	0.01419	0.03474	0.66528	0.02064	0.03070	0.01632	0.07773	0.02212	0.01487	0.02212	0.01265	0.01505	0.00898	0.00657	0.00676	0.00222	0.01043	0.00540	0.00299	0.01024
84	0.00952	0.00712	0.00883	0.00841	0.01021	0.00643	0.00630	0.01248	0.01891	0.02599	0.56828	0.05541	0.20636	0.01501	0.00823	0.00223	0.00335	0.01308	0.00742	0.00643
85	0.00856	0.00610	0.00808	0.00965	0.01004	0.00570	0.00640	0.00973	0.01325	0.01767	0.03791	0.72673	0.04546	0.04628	0.00979	0.00297	0.00414	0.01952	0.00640	0.00562
86	0.01697	0.01736	0.05560	0.06198	0.61958	0.01661	0.06623	0.02140	0.01583	0.02259	0.01315	0.01732	0.01088	0.00623	0.00699	0.00210	0.00863	0.00631	0.00343	0.01082
87	0.02323	0.01007	0.01359	0.01107	0.01503	0.00886	0.00888	0.02610	0.01973	0.45768	0.26593	0.05182	0.03500	0.01094	0.00749	0.00219	0.00496	0.00930	0.00825	0.00987
88	0.05237	0.03120	0.02003	0.01791	0.02167	0.64358	0.03734	0.02784	0.05090	0.01833	0.01169	0.01339	0.00957	0.00722	0.00633	0.00186	0.01198	0.00476	0.00378	0.00826
89	0.02466	0.05931	0.02093	0.01892	0.05324	0.62046	0.01391	0.02657	0.01878	0.01730	0.01075	0.01292	0.00909	0.00743	0.00734	0.00188	0.06010	0.00465	0.00353	0.00823
90	0.02607	0.03326	0.01978	0.01798	0.02157	0.72674	0.01348	0.02787	0.01978	0.01708	0.01079	0.01258	0.00899	0.00719	0.00629	0.00180	0.01258	0.00449	0.00360	0.00809
91	0.01318	0.01240	0.02093	0.73798	0.04806	0.01550	0.01938	0.01783	0.01395	0.01783	0.01240	0.01860	0.00930	0.00698	0.00698	0.00233	0.00930	0.00620	0.00310	0.00775
92	0.00835	0.00705	0.00725	0.00738	0.00962	0.00595	0.00554	0.01014	0.01579	0.01887	0.06812	0.09946	0.65631	0.01792	0.00832	0.00241	0.00365	0.03549	0.00648	0.00590
93	0.02003	0.01587	0.01843	0.06631	0.04564	0.01806	0.01271	0.30347	0.18753	0.03270	0.04817	0.02104	0.01631	0.00901	0.00850	0.00222	0.08133	0.00688	0.05581	0.02997
94	0.01937	0.01499	0.01645	0.01457	0.03967	0.01657	0.01110	0.21525	0.35742	0.06378	0.04908	0.02766	0.06781	0.04379	0.00847	0.00247	0.00608	0.00808	0.00687	0.01050
95	0.00857	0.00681	0.00771	0.00819	0.00988	0.00596	0.00595	0.01036	0.01551	0.01945	0.11841	0.26689	0.43367	0.01864	0.00848	0.00251	0.00376	0.03675	0.00659	0.00591
96	0.01577	0.01321	0.01516	0.01105	0.01710	0.01083	0.00887	0.08461	0.04268	0.02509	0.01345	0.01514	0.01091	0.00565	0.00542	0.00119	0.00543	0.00449	0.00453	0.68940
97	0.01785	0.07338	0.29979	0.01607	0.02301	0.01674	0.01694	0.10347	0.19112	0.08164	0.01893	0.04299	0.01437	0.00811	0.00668	0.00215	0.00779	0.00648	0.00510	0.04736
98	0.02158	0.01590	0.01859	0.03334	0.01984	0.01733	0.05344	0.42381	0.07316	0.03561	0.01819	0.02017	0.01377	0.03255	0.00859	0.03966	0.00702	0.00666	0.13076	0.01004
99	0.00853	0.00725	0.00737	0.00740	0.00971	0.00622	0.00552	0.01079	0.03576	0.01911	0.06795	0.09790	0.65733	0.01763	0.00824	0.00238	0.00362	0.01477	0.00650	0.00603
100	0.78326	0.01333	0.01023	0.00917	0.01341	0.01542	0.00753	0.02032	0.01208	0.03122	0.02798	0.01240	0.00908	0.00668	0.00442	0.00216	0.00534	0.00401	0.00441	0.00753
101	0.11757	0.29054	0.13187	0.01486	0.02059	0.22186	0.01407	0.07726	0.01708	0.02155	0.01102	0.01260	0.00901	0.00668	0.00551	0.00182	0.00911	0.00438	0.00364	0.00898
102	0.01280	0.00648	0.00658	0.00666	0.00822	0.00646	0.00495	0.01595	0.01457	0.02563	0.02350	0.06014	0.01922	0.00878	0.00507	0.00168	0.00329	0.00713	0.75641	0.00646
