[name]
unknown

[dist]
# distance from previous block
# <min> <max>
0	34

[block]
# block no. 0 follows, 30 sequences, length 7
# corresponding to MSA columns:
# 34-40
name=unknown_A
#
# <colnr> <probs for GDERKNQSTAVLIFYWHMCP>
#	G	D	E	R	K	N	Q	S	T	A	V	L	I	F	Y	W	H	M	C	P
0	0.02209	0.01081	0.01419	0.01225	0.01630	0.00989	0.01009	0.02634	0.07574	0.37728	0.05278	0.07350	0.02568	0.01184	0.00764	0.00238	0.00577	0.16552	0.00748	0.07244
1	0.44375	0.01178	0.01117	0.04179	0.01487	0.01297	0.00825	0.04770	0.03644	0.07596	0.05073	0.12745	0.07227	0.01029	0.00597	0.00229	0.00528	0.00794	0.00540	0.00772
2	0.07697	0.02326	0.02087	0.02314	0.20702	0.31199	0.01471	0.12888	0.04813	0.02443	0.01573	0.01745	0.04212	0.00763	0.00655	0.00199	0.00945	0.00580	0.00442	0.00947
3	0.01004	0.00727	0.00978	0.00973	0.01061	0.00699	0.04251	0.01134	0.01286	0.01744	0.06619	0.27948	0.06793	0.32206	0.01962	0.00433	0.00560	0.04590	0.04491	0.00542
4	0.14987	0.01152	0.01191	0.01031	0.01380	0.01191	0.00826	0.18281	0.01996	0.06660	0.10876	0.03803	0.22301	0.01183	0.00696	0.00220	0.00507	0.03431	0.07472	0.00813
5	0.01171	0.00868	0.01030	0.00976	0.01111	0.00916	0.00700	0.06407	0.04483	0.02066	0.12311	0.11181	0.11245	0.25456	0.08388	0.00459	0.05044	0.01095	0.04465	0.00628
6	0.08838	0.01479	0.02334	0.16704	0.40096	0.01623	0.01817	0.01964	0.01480	0.02227	0.05367	0.01883	0.01345	0.00754	0.00856	0.00225	0.09058	0.00636	0.00367	0.00945

[dist]
# distance from previous block
# <min> <max>
5	9

[block]
# block no. 1 follows, 30 sequences, length 10
# corresponding to MSA columns:
# 51-60
name=unknown_B
#
# <colnr> <probs for GDERKNQSTAVLIFYWHMCP>
#	G	D	E	R	K	N	Q	S	T	A	V	L	I	F	Y	W	H	M	C	P
0	0.01301	0.01207	0.01967	0.60092	0.04149	0.01505	0.01758	0.01712	0.01389	0.01821	0.05669	0.02160	0.01356	0.03959	0.00959	0.00257	0.06965	0.00677	0.00344	0.00752
1	0.04847	0.00921	0.01097	0.00974	0.01214	0.00885	0.00720	0.07493	0.01752	0.11280	0.25920	0.10188	0.06627	0.17311	0.01359	0.00317	0.00503	0.01070	0.00651	0.04870
2	0.01084	0.00773	0.00886	0.00880	0.00980	0.00761	0.00581	0.06651	0.01421	0.01873	0.07586	0.21183	0.12847	0.36955	0.02131	0.00454	0.00553	0.01290	0.00552	0.00559
3	0.01597	0.01154	0.01337	0.03386	0.01519	0.01216	0.00900	0.24268	0.02095	0.04528	0.15408	0.08129	0.10316	0.13473	0.07185	0.00370	0.00695	0.00999	0.00623	0.00801
4	0.00960	0.00816	0.00950	0.01083	0.06924	0.00736	0.00725	0.01220	0.03943	0.01944	0.05914	0.08597	0.53210	0.04499	0.00926	0.00258	0.00434	0.05600	0.00616	0.00647
5	0.01786	0.01356	0.01570	0.01147	0.01750	0.01145	0.00927	0.13148	0.01800	0.08251	0.01436	0.01561	0.01116	0.00599	0.00562	0.00130	0.00565	0.00473	0.00498	0.60181
6	0.01224	0.00733	0.01114	0.15090	0.01665	0.00792	0.00857	0.01143	0.01070	0.01466	0.01424	0.05340	0.01357	0.01941	0.02062	0.53986	0.00637	0.00674	0.06991	0.00436
7	0.01332	0.00993	0.01185	0.07177	0.01568	0.03933	0.00898	0.04520	0.04971	0.07657	0.31225	0.10308	0.12781	0.01395	0.00803	0.00235	0.00506	0.07094	0.00677	0.00740
8	0.01848	0.01712	0.02279	0.13749	0.25101	0.11645	0.07240	0.05135	0.05314	0.08054	0.02055	0.02364	0.07408	0.00821	0.00714	0.00217	0.00852	0.02085	0.00454	0.00953
9	0.05938	0.01467	0.05340	0.15827	0.29530	0.01444	0.07255	0.03647	0.01488	0.02130	0.01483	0.02289	0.01302	0.00989	0.00978	0.10662	0.00823	0.06171	0.00371	0.00866

[dist]
# distance from previous block
# <min> <max>
2	7

[block]
# block no. 2 follows, 30 sequences, length 10
# corresponding to MSA columns:
# 68-77
name=unknown_C
#
# <colnr> <probs for GDERKNQSTAVLIFYWHMCP>
#	G	D	E	R	K	N	Q	S	T	A	V	L	I	F	Y	W	H	M	C	P
0	0.00968	0.00768	0.00838	0.00810	0.01025	0.00691	0.00602	0.04705	0.01718	0.02180	0.19819	0.10228	0.46025	0.05338	0.00957	0.00256	0.00390	0.01392	0.00665	0.00626
1	0.01584	0.01090	0.01528	0.13974	0.03530	0.01148	0.04463	0.09006	0.05100	0.10453	0.02490	0.17464	0.02348	0.04767	0.02431	0.00279	0.00670	0.07207	0.09656	0.00811
2	0.01425	0.00772	0.00801	0.00754	0.00946	0.00792	0.00573	0.07978	0.01609	0.02703	0.02166	0.02490	0.01703	0.00895	0.00619	0.04120	0.00381	0.00646	0.67941	0.00684
3	0.01412	0.00939	0.01122	0.01088	0.01277	0.00952	0.00802	0.15076	0.01778	0.06124	0.04593	0.37904	0.03348	0.09037	0.01080	0.00296	0.00523	0.05394	0.06528	0.00726
4	0.05819	0.05770	0.08348	0.07900	0.38284	0.01682	0.05194	0.07225	0.01707	0.09342	0.01443	0.01721	0.01112	0.00669	0.00671	0.00210	0.00823	0.00606	0.00419	0.01054
5	0.15063	0.01820	0.06934	0.08911	0.05531	0.11255	0.07370	0.09056	0.01730	0.06227	0.07933	0.01943	0.01548	0.00825	0.00817	0.00221	0.08153	0.00633	0.03154	0.00874
6	0.01599	0.01417	0.02191	0.52333	0.13142	0.01669	0.01861	0.13209	0.01741	0.02293	0.01324	0.01811	0.00997	0.00711	0.00697	0.00225	0.00889	0.00622	0.00381	0.00889
7	0.02003	0.38523	0.16858	0.01405	0.02036	0.08794	0.01435	0.02354	0.01604	0.13132	0.04797	0.01611	0.01311	0.00706	0.00568	0.00181	0.00807	0.00507	0.00418	0.00950
8	0.01167	0.08519	0.06637	0.01155	0.01360	0.01157	0.00973	0.01401	0.01182	0.01680	0.01835	0.06321	0.01817	0.16304	0.34905	0.00722	0.07097	0.00787	0.04326	0.00655
9	0.14968	0.09197	0.01948	0.01390	0.01884	0.05313	0.01156	0.40380	0.04482	0.03537	0.01668	0.01739	0.03050	0.00951	0.03008	0.00233	0.00759	0.00586	0.02733	0.01018

[dist]
# distance from previous block
# <min> <max>
0	2

[block]
# block no. 3 follows, 30 sequences, length 21
# corresponding to MSA columns:
# 80-100
name=unknown_D
#
# <colnr> <probs for GDERKNQSTAVLIFYWHMCP>
#	G	D	E	R	K	N	Q	S	T	A	V	L	I	F	Y	W	H	M	C	P
0	0.02697	0.01889	0.01996	0.01552	0.02091	0.05656	0.01272	0.52811	0.05174	0.14915	0.01854	0.01795	0.01288	0.00839	0.00695	0.00210	0.00759	0.00636	0.00707	0.01164
1	0.15026	0.01004	0.04028	0.00960	0.01190	0.00939	0.00755	0.04918	0.01606	0.02472	0.27449	0.08352	0.06907	0.17227	0.01338	0.00325	0.00513	0.03737	0.00593	0.00659
2	0.01503	0.01238	0.01432	0.01103	0.01625	0.01047	0.00867	0.08792	0.04827	0.02458	0.01728	0.11883	0.01605	0.00806	0.00598	0.00146	0.00529	0.00675	0.00490	0.56648
3	0.01166	0.00816	0.01026	0.00944	0.01148	0.00778	0.00716	0.05075	0.04003	0.05324	0.57388	0.07912	0.08190	0.01405	0.00812	0.00223	0.00373	0.01232	0.00757	0.00713
4	0.01427	0.01351	0.02290	0.55313	0.22441	0.01579	0.01992	0.01878	0.01447	0.01915	0.01260	0.01825	0.00977	0.00677	0.00696	0.00226	0.00903	0.00621	0.00319	0.00863
5	0.01075	0.00863	0.01272	0.01227	0.01333	0.01060	0.00969	0.01310	0.01114	0.01629	0.01728	0.02562	0.01622	0.04640	0.62287	0.01001	0.12575	0.00727	0.00364	0.00644
6	0.00948	0.00781	0.00834	0.00808	0.01037	0.00713	0.00605	0.01316	0.08040	0.02140	0.18776	0.05969	0.49728	0.04106	0.00905	0.00247	0.00378	0.01353	0.00669	0.00645
7	0.01624	0.01235	0.01465	0.01055	0.01667	0.00940	0.00848	0.01930	0.01505	0.09569	0.01399	0.01545	0.01107	0.00553	0.00536	0.00115	0.00525	0.00444	0.00461	0.71476
8	0.01815	0.01756	0.02626	0.06756	0.53108	0.07496	0.04017	0.06132	0.01709	0.02350	0.01359	0.01736	0.01115	0.00654	0.00681	0.00205	0.00853	0.00615	0.03970	0.01045
9	0.07878	0.01588	0.02224	0.10870	0.37429	0.04885	0.01689	0.03801	0.13514	0.02453	0.05584	0.02028	0.01548	0.00745	0.00680	0.00215	0.00759	0.00661	0.00445	0.01003
10	0.02136	0.01576	0.01729	0.01394	0.01826	0.01693	0.01111	0.47552	0.02681	0.03616	0.04550	0.13682	0.02003	0.05505	0.00893	0.00243	0.00674	0.00879	0.00660	0.05597
11	0.01611	0.01398	0.01729	0.14972	0.10137	0.06690	0.01297	0.14071	0.01765	0.02368	0.03435	0.13053	0.01850	0.04072	0.06554	0.00310	0.05204	0.00846	0.04165	0.04473
12	0.08859	0.07603	0.18934	0.09337	0.29529	0.04135	0.04167	0.02088	0.01509	0.02210	0.01482	0.01787	0.04034	0.00692	0.00651	0.00211	0.00859	0.00594	0.00349	0.00971
13	0.01232	0.03556	0.01133	0.00982	0.01229	0.04024	0.00766	0.05051	0.04543	0.02455	0.27869	0.06488	0.16468	0.01529	0.04514	0.00263	0.00530	0.04873	0.08141	0.04353
14	0.05459	0.06591	0.14240	0.08067	0.20267	0.14693	0.09605	0.04320	0.06096	0.02226	0.01340	0.01620	0.01052	0.00676	0.00666	0.00209	0.00952	0.00581	0.00373	0.00968
15	0.01411	0.04637	0.29107	0.02321	0.18721	0.01458	0.07140	0.02002	0.04712	0.02180	0.03730	0.12724	0.04929	0.00952	0.00722	0.00227	0.00822	0.00851	0.00411	0.00943
16	0.02041	0.08161	0.05671	0.01402	0.01885	0.04802	0.01195	0.28079	0.05164	0.07025	0.05352	0.06604	0.01712	0.03040	0.00823	0.00214	0.04138	0.00705	0.00573	0.11414
17	0.01455	0.06820	0.35306	0.04416	0.09600	0.08107	0.01870	0.01975	0.01542	0.02098	0.06733	0.13323	0.01916	0.00957	0.00699	0.00222	0.00861	0.00802	0.00397	0.00901
18	0.02044	0.07634	0.01913	0.06215	0.07532	0.08995	0.01233	0.09462	0.24541	0.12928	0.05262	0.02305	0.01813	0.04073	0.00804	0.00233	0.00710	0.00698	0.00598	0.01007
19	0.02424	0.01504	0.01796	0.01436	0.01877	0.01615	0.01174	0.30914	0.05158	0.23675	0.02051	0.04402	0.01518	0.01301	0.07040	0.00300	0.07609	0.00705	0.00675	0.02826
20	0.01504	0.03558	0.06007	0.01646	0.04232	0.01355	0.12850	0.11589	0.11295	0.02490	0.04041	0.26570	0.02537	0.01233	0.00769	0.00235	0.00678	0.01128	0.00560	0.05723

[dist]
# distance from previous block
# <min> <max>
38	129

[block]
# block no. 4 follows, 30 sequences, length 7
# corresponding to MSA columns:
# 256-262
name=unknown_E
#
# <colnr> <probs for GDERKNQSTAVLIFYWHMCP>
#	G	D	E	R	K	N	Q	S	T	A	V	L	I	F	Y	W	H	M	C	P
0	0.01578	0.06332	0.12338	0.01391	0.01827	0.01354	0.07290	0.15500	0.01825	0.05443	0.06347	0.10025	0.09411	0.14763	0.01252	0.00306	0.00716	0.00943	0.00530	0.00829
1	0.01130	0.00825	0.01055	0.03385	0.01363	0.00837	0.00904	0.01512	0.08342	0.02032	0.06075	0.11469	0.12868	0.05910	0.01185	0.07309	0.00560	0.29514	0.03088	0.00638
2	0.13481	0.02632	0.41606	0.13184	0.02996	0.01567	0.05572	0.02203	0.01464	0.07147	0.01322	0.01568	0.00940	0.00676	0.00645	0.00222	0.00918	0.00541	0.00361	0.00955
3	0.09339	0.06087	0.33016	0.02395	0.16054	0.01663	0.12591	0.02256	0.01526	0.06733	0.01344	0.01595	0.00997	0.00651	0.00663	0.00216	0.00925	0.00577	0.00364	0.01008
4	0.01443	0.01561	0.12100	0.01307	0.01744	0.01266	0.01180	0.09572	0.01633	0.02359	0.08189	0.08240	0.05678	0.05763	0.01085	0.00232	0.11210	0.00783	0.00478	0.24178
5	0.04407	0.19292	0.25416	0.02098	0.15184	0.01755	0.05528	0.02113	0.01520	0.06020	0.03970	0.06791	0.01448	0.00781	0.00643	0.00207	0.00825	0.00655	0.00387	0.00962
6	0.01647	0.08682	0.45621	0.02188	0.08944	0.01681	0.10752	0.02301	0.01547	0.08177	0.01386	0.01598	0.01000	0.00662	0.00672	0.00216	0.00972	0.00569	0.00356	0.01029

[dist]
# distance from previous block
# <min> <max>
7	21

[block]
# block no. 5 follows, 30 sequences, length 48
# corresponding to MSA columns:
# 284-331
name=unknown_F
#
# <colnr> <probs for GDERKNQSTAVLIFYWHMCP>
#	G	D	E	R	K	N	Q	S	T	A	V	L	I	F	Y	W	H	M	C	P
0	0.13341	0.20377	0.01938	0.01224	0.04253	0.01708	0.00996	0.14472	0.01789	0.07105	0.01934	0.02048	0.06133	0.00813	0.00604	0.00190	0.02609	0.00595	0.16992	0.00880
1	0.01677	0.04520	0.02804	0.09546	0.58131	0.01670	0.04767	0.02093	0.01570	0.02207	0.01374	0.01917	0.01175	0.00667	0.00696	0.00212	0.00842	0.02732	0.00351	0.01049
2	0.02051	0.01528	0.03714	0.06020	0.02025	0.05039	0.03309	0.11383	0.25315	0.17551	0.05140	0.02627	0.04018	0.06007	0.00906	0.00254	0.00676	0.00770	0.00656	0.01010
3	0.01509	0.01366	0.01826	0.17549	0.17308	0.04961	0.01479	0.04289	0.14760	0.02255	0.02496	0.06272	0.06081	0.01097	0.00762	0.00244	0.00736	0.13622	0.00508	0.00880
4	0.01681	0.01815	0.06898	0.02315	0.06382	0.04476	0.33025	0.10371	0.01789	0.02433	0.05401	0.08170	0.01656	0.00864	0.00902	0.00233	0.07047	0.00849	0.00439	0.03255
5	0.01868	0.54693	0.17073	0.01379	0.02050	0.05298	0.01467	0.02209	0.01482	0.05352	0.01122	0.01260	0.00936	0.00629	0.00511	0.00168	0.00816	0.00422	0.00329	0.00934
6	0.02756	0.01105	0.01499	0.01178	0.01652	0.00961	0.00961	0.03036	0.01993	0.59561	0.14656	0.02872	0.02578	0.00962	0.00723	0.00217	0.00547	0.00800	0.00847	0.01095
7	0.01400	0.03610	0.71860	0.01989	0.03020	0.01621	0.02578	0.02210	0.01473	0.02210	0.01252	0.01473	0.00884	0.00663	0.00663	0.00221	0.01031	0.00516	0.00295	0.01031
8	0.01790	0.05941	0.06651	0.12442	0.32216	0.13514	0.04517	0.02256	0.05110	0.02072	0.01299	0.01658	0.01062	0.00705	0.00781	0.00213	0.05863	0.00589	0.00354	0.00967
9	0.01447	0.01027	0.01218	0.01167	0.01419	0.01043	0.00923	0.16525	0.03987	0.05601	0.06378	0.24166	0.13995	0.01632	0.00838	0.00261	0.00543	0.16382	0.00674	0.00774
10	0.03131	0.01188	0.01619	0.01242	0.01781	0.01026	0.01026	0.03401	0.01997	0.71606	0.02753	0.02375	0.01727	0.00864	0.00702	0.00216	0.00594	0.00702	0.00864	0.01188
11	0.00931	0.00742	0.00827	0.00810	0.01015	0.00668	0.00607	0.01220	0.04402	0.02179	0.25595	0.06027	0.42866	0.05565	0.00970	0.00257	0.00382	0.03640	0.00674	0.00623
12	0.01469	0.02241	0.27303	0.25885	0.18236	0.01621	0.09242	0.02059	0.01491	0.02089	0.01278	0.01696	0.00965	0.00658	0.00697	0.00223	0.00971	0.00605	0.00317	0.00955
13	0.00890	0.00636	0.00852	0.00972	0.01021	0.00625	0.00658	0.01018	0.01269	0.01711	0.03368	0.56457	0.03955	0.10488	0.12135	0.00453	0.00657	0.01692	0.00582	0.00560
14	0.00850	0.00607	0.00810	0.00972	0.01012	0.00567	0.00648	0.00972	0.01336	0.01781	0.03846	0.75020	0.04615	0.02186	0.00891	0.00283	0.00405	0.01984	0.00648	0.00567
15	0.23669	0.01269	0.01485	0.01174	0.01686	0.01226	0.00969	0.06328	0.01846	0.50008	0.02225	0.02010	0.01442	0.00805	0.00630	0.00216	0.00588	0.00612	0.00740	0.01073
16	0.05462	0.01414	0.01692	0.05221	0.07689	0.01524	0.01187	0.17866	0.21599	0.13483	0.02423	0.13231	0.02025	0.01045	0.00719	0.00231	0.00627	0.00881	0.00658	0.01022
17	0.01318	0.01240	0.02093	0.73798	0.04806	0.01550	0.01938	0.01783	0.01395	0.01783	0.01240	0.01860	0.00930	0.00698	0.00698	0.00233	0.00930	0.00620	0.00310	0.00775
18	0.03095	0.01245	0.01655	0.01269	0.01810	0.01111	0.01048	0.08282	0.02093	0.66590	0.02673	0.02323	0.01687	0.00862	0.00701	0.00215	0.00607	0.00696	0.00851	0.01188
19	0.00963	0.00681	0.00895	0.00941	0.00994	0.00711	0.00636	0.01080	0.01141	0.01563	0.02551	0.23738	0.02855	0.31396	0.25944	0.00715	0.00999	0.01197	0.00470	0.00530
20	0.01827	0.01544	0.01629	0.01439	0.01849	0.01778	0.01127	0.10178	0.63244	0.03066	0.02724	0.02511	0.02036	0.00936	0.00709	0.00234	0.00574	0.00773	0.00709	0.01113
21	0.06961	0.01204	0.01628	0.01366	0.05220	0.01073	0.01056	0.03201	0.01934	0.62401	0.04768	0.02370	0.01802	0.00858	0.00691	0.00216	0.00594	0.00699	0.00812	0.01144
22	0.03746	0.00832	0.01074	0.00992	0.01225	0.00778	0.00763	0.01751	0.03719	0.15278	0.42873	0.13091	0.05031	0.01404	0.00801	0.00232	0.00415	0.04482	0.00753	0.00759
23	0.01523	0.08350	0.63524	0.01896	0.02871	0.01666	0.02402	0.02265	0.01497	0.05869	0.01313	0.01498	0.00930	0.00669	0.00651	0.00216	0.00989	0.00516	0.00325	0.01030
24	0.00877	0.00627	0.00840	0.00995	0.01049	0.00589	0.00688	0.01022	0.01378	0.01838	0.05902	0.67251	0.04626	0.02141	0.00895	0.00285	0.00422	0.07347	0.00651	0.00576
25	0.01504	0.01430	0.02403	0.41657	0.29646	0.01607	0.03895	0.02034	0.05123	0.02044	0.01358	0.01850	0.01064	0.00679	0.00699	0.00223	0.00879	0.00636	0.00346	0.00922
26	0.01727	0.01658	0.02832	0.04283	0.71123	0.01658	0.02142	0.02142	0.01589	0.02280	0.01313	0.01727	0.01105	0.00622	0.00691	0.00207	0.00829	0.00622	0.00345	0.01105
27	0.01727	0.01658	0.02832	0.04283	0.71123	0.01658	0.02142	0.02142	0.01589	0.02280	0.01313	0.01727	0.01105	0.00622	0.00691	0.00207	0.00829	0.00622	0.00345	0.01105
28	0.00850	0.00607	0.00810	0.00972	0.01012	0.00567	0.00648	0.00972	0.01336	0.01781	0.03846	0.75020	0.04615	0.02186	0.00891	0.00283	0.00405	0.01984	0.00648	0.00567
29	0.01129	0.01040	0.01500	0.01346	0.01542	0.03163	0.10737	0.01346	0.01432	0.01859	0.03733	0.27799	0.19853	0.04880	0.01166	0.00284	0.10453	0.05538	0.00540	0.00659
30	0.57947	0.01323	0.01233	0.07166	0.01722	0.01488	0.00911	0.04847	0.01420	0.11997	0.03502	0.01510	0.01102	0.00713	0.00513	0.00217	0.00582	0.00479	0.00499	0.00828
31	0.01646	0.01575	0.02686	0.18050	0.57989	0.01637	0.02101	0.02071	0.01551	0.02181	0.01298	0.01754	0.01071	0.00637	0.00692	0.00212	0.00849	0.00621	0.00338	0.01040
32	0.05092	0.01618	0.02360	0.33537	0.33542	0.08043	0.01922	0.02043	0.01524	0.02054	0.01246	0.01715	0.00997	0.00664	0.00677	0.00216	0.00898	0.00595	0.00335	0.00922
33	0.01009	0.00694	0.00846	0.00842	0.00879	0.00714	0.00530	0.01084	0.01108	0.01515	0.07288	0.04250	0.02683	0.55865	0.17173	0.00731	0.00889	0.00980	0.00439	0.00481
34	0.01975	0.04079	0.01788	0.01324	0.01866	0.01576	0.01080	0.24803	0.12831	0.05438	0.01672	0.01729	0.01273	0.00728	0.00665	0.00172	0.02802	0.00560	0.00565	0.33073
35	0.01238	0.03165	0.01170	0.00980	0.01304	0.00832	0.00740	0.03457	0.01526	0.04481	0.06551	0.28501	0.10984	0.01341	0.00711	0.00200	0.00458	0.01165	0.03278	0.27918
36	0.02038	0.28087	0.17457	0.01588	0.02169	0.18249	0.01553	0.07637	0.01709	0.05728	0.01202	0.01371	0.00963	0.00723	0.00717	0.00192	0.06833	0.00478	0.00374	0.00933
37	0.01363	0.00879	0.01040	0.00935	0.01211	0.00815	0.00722	0.03763	0.06842	0.13069	0.30551	0.05015	0.28266	0.01409	0.00793	0.00226	0.00408	0.01197	0.00734	0.00764
38	0.00986	0.00739	0.00917	0.00868	0.01052	0.00684	0.00652	0.01346	0.04245	0.02650	0.57751	0.05375	0.17195	0.01467	0.00819	0.00223	0.00341	0.01281	0.00746	0.00662
39	0.01771	0.30722	0.34876	0.01659	0.02418	0.13599	0.01858	0.02258	0.01534	0.01915	0.01118	0.01305	0.00891	0.00647	0.00577	0.00187	0.00961	0.00451	0.00307	0.00944
40	0.02659	0.01422	0.05274	0.05816	0.06291	0.01275	0.01253	0.06978	0.09974	0.47766	0.02448	0.02246	0.01616	0.00837	0.00700	0.00219	0.00655	0.00689	0.00743	0.01140
41	0.00979	0.00706	0.00925	0.00884	0.01041	0.00652	0.00658	0.01294	0.01933	0.02731	0.66314	0.09845	0.06454	0.01477	0.00828	0.00224	0.00334	0.01310	0.00760	0.00652
42	0.00835	0.00702	0.00724	0.00730	0.00951	0.00592	0.00543	0.01017	0.01598	0.01928	0.10297	0.10144	0.64014	0.01771	0.00828	0.00237	0.00355	0.01488	0.00654	0.00592
43	0.02228	0.06870	0.01975	0.01717	0.05037	0.37320	0.01279	0.08302	0.21437	0.02299	0.01804	0.01844	0.03260	0.00812	0.00655	0.00199	0.00942	0.00593	0.00491	0.00936
44	0.01848	0.58604	0.06984	0.01710	0.12212	0.02518	0.01411	0.04360	0.01509	0.01859	0.01060	0.01247	0.00936	0.00612	0.00504	0.00164	0.00774	0.00426	0.00319	0.00944
45	0.01003	0.00671	0.00765	0.00777	0.00780	0.00668	0.00440	0.01012	0.01039	0.01385	0.02321	0.09787	0.02691	0.70045	0.03355	0.00647	0.00656	0.01087	0.00440	0.00434
46	0.01651	0.03610	0.03396	0.02752	0.11452	0.03603	0.42405	0.02183	0.04240	0.02158	0.01470	0.02072	0.01209	0.00754	0.00992	0.00242	0.10880	0.03633	0.00371	0.00926
47	0.01852	0.05376	0.01832	0.11797	0.04251	0.06217	0.01248	0.21012	0.12775	0.04690	0.02728	0.02766	0.14529	0.01007	0.00791	0.00222	0.04612	0.00790	0.00566	0.00937

[dist]
# distance from previous block
# <min> <max>
0	1

[block]
# block no. 6 follows, 30 sequences, length 53
# corresponding to MSA columns:
# 333-385
name=unknown_G
#
# <colnr> <probs for GDERKNQSTAVLIFYWHMCP>
#	G	D	E	R	K	N	Q	S	T	A	V	L	I	F	Y	W	H	M	C	P
0	0.01330	0.01265	0.02169	0.71126	0.04762	0.01558	0.04451	0.01800	0.01405	0.01800	0.01247	0.01861	0.00935	0.00694	0.00702	0.00233	0.00940	0.00628	0.00312	0.00781
1	0.74571	0.01372	0.01160	0.01167	0.06524	0.01572	0.00859	0.02058	0.01217	0.03068	0.00997	0.01178	0.00782	0.00646	0.00451	0.00215	0.00561	0.00396	0.00425	0.00782
2	0.00914	0.00639	0.00809	0.00904	0.00940	0.00616	0.00583	0.01010	0.01255	0.01685	0.06328	0.46788	0.03945	0.25942	0.03977	0.00434	0.00535	0.01599	0.00572	0.00526
3	0.00832	0.00700	0.00722	0.00732	0.00951	0.00590	0.00543	0.01010	0.01585	0.01909	0.09027	0.11729	0.63712	0.01787	0.00830	0.00239	0.00356	0.01503	0.00652	0.00590
4	0.02552	0.08707	0.02102	0.01753	0.02130	0.67490	0.01337	0.02735	0.01936	0.01703	0.01071	0.01248	0.00899	0.00710	0.00616	0.00178	0.01220	0.00444	0.00355	0.00815
5	0.01837	0.71480	0.07822	0.01243	0.01866	0.02692	0.01279	0.02097	0.01421	0.01676	0.00987	0.01141	0.00895	0.00601	0.00461	0.00154	0.00764	0.00382	0.00298	0.00904
6	0.13549	0.01696	0.06002	0.11110	0.04380	0.04225	0.01294	0.29798	0.02168	0.04663	0.01632	0.04988	0.01338	0.06362	0.00867	0.00249	0.00750	0.00666	0.03323	0.00941
7	0.00915	0.00704	0.01053	0.01110	0.01199	0.00660	0.05678	0.01067	0.01348	0.01800	0.03606	0.67062	0.04277	0.04704	0.00981	0.00294	0.00472	0.01863	0.00618	0.00589
8	0.00997	0.00748	0.01121	0.01121	0.01246	0.00872	0.00872	0.01246	0.01121	0.01620	0.01869	0.02741	0.01745	0.05234	0.72710	0.01121	0.01869	0.00748	0.00374	0.00623
9	0.03131	0.01188	0.01619	0.01242	0.01781	0.01026	0.01026	0.03401	0.01997	0.71606	0.02753	0.02375	0.01727	0.00864	0.00702	0.00216	0.00594	0.00702	0.00864	0.01188
10	0.01400	0.03610	0.71860	0.01989	0.03020	0.01621	0.02578	0.02210	0.01473	0.02210	0.01252	0.01473	0.00884	0.00663	0.00663	0.00221	0.01031	0.00516	0.00295	0.01031
11	0.02348	0.01464	0.01698	0.01413	0.01870	0.01545	0.01161	0.25397	0.18217	0.22519	0.02546	0.02999	0.01974	0.01031	0.00741	0.00234	0.00650	0.10364	0.00739	0.01088
12	0.01012	0.00687	0.00815	0.00815	0.00833	0.00706	0.00490	0.01049	0.01031	0.01393	0.02150	0.04295	0.02419	0.65016	0.13850	0.00743	0.00854	0.00975	0.00416	0.00453
13	0.02562	0.01910	0.02043	0.01587	0.02129	0.02122	0.01304	0.62359	0.09866	0.04252	0.01791	0.01767	0.01280	0.00848	0.00699	0.00212	0.00747	0.00644	0.00699	0.01179
14	0.01369	0.01329	0.02283	0.59911	0.04395	0.01630	0.08010	0.01814	0.01385	0.01814	0.01223	0.01828	0.00941	0.00741	0.00873	0.00240	0.08474	0.00638	0.00314	0.00789
15	0.02653	0.01955	0.02094	0.01606	0.02164	0.02164	0.01326	0.68796	0.03281	0.04398	0.01675	0.01675	0.01187	0.00838	0.00698	0.00209	0.00768	0.00628	0.00698	0.01187
16	0.01318	0.01240	0.02093	0.73798	0.04806	0.01550	0.01938	0.01783	0.01395	0.01783	0.01240	0.01860	0.00930	0.00698	0.00698	0.00233	0.00930	0.00620	0.00310	0.00775
17	0.01197	0.00611	0.00898	0.00898	0.00898	0.00611	0.00592	0.00917	0.00917	0.01223	0.01285	0.02303	0.01310	0.07841	0.02788	0.73837	0.00611	0.00636	0.00312	0.00312
18	0.02614	0.01942	0.02125	0.01717	0.05031	0.02143	0.01360	0.66025	0.03211	0.04310	0.01660	0.01678	0.01183	0.00829	0.00698	0.00209	0.00770	0.00628	0.00683	0.01183
19	0.02582	0.01902	0.02050	0.01591	0.02131	0.02101	0.01317	0.65699	0.03204	0.04292	0.01768	0.01960	0.01317	0.00888	0.00710	0.00215	0.00762	0.03653	0.00696	0.01162
20	0.02216	0.01579	0.01747	0.01429	0.01855	0.01709	0.01141	0.48726	0.02731	0.06660	0.02274	0.20330	0.02081	0.01181	0.00747	0.00228	0.00668	0.00976	0.00693	0.01029
21	0.02504	0.01853	0.01980	0.01545	0.02070	0.02055	0.01268	0.59558	0.09577	0.04176	0.01814	0.01806	0.01304	0.00847	0.00690	0.00210	0.00727	0.00645	0.04216	0.01155
22	0.01212	0.00606	0.00909	0.00909	0.00909	0.00606	0.00606	0.00909	0.00909	0.01212	0.01212	0.02121	0.01212	0.02424	0.02727	0.79697	0.00606	0.00606	0.00303	0.00303
23	0.80405	0.01350	0.01026	0.00918	0.01350	0.01565	0.00756	0.02051	0.01188	0.03131	0.00972	0.01134	0.00756	0.00648	0.00432	0.00216	0.00540	0.00378	0.00432	0.00756
24	0.01447	0.01240	0.01447	0.01034	0.01654	0.00930	0.00827	0.01757	0.01447	0.02274	0.01240	0.01447	0.01034	0.00517	0.00517	0.00103	0.00517	0.00413	0.00413	0.79742
25	0.01464	0.01249	0.02080	0.66369	0.06537	0.01515	0.01876	0.01913	0.01446	0.06975	0.01355	0.01895	0.00995	0.00708	0.00698	0.00231	0.00902	0.00626	0.00352	0.00816
26	0.01343	0.01266	0.02138	0.69553	0.08857	0.01557	0.01950	0.01805	0.01407	0.01813	0.01245	0.01852	0.00941	0.00693	0.00697	0.00231	0.00924	0.00620	0.00312	0.00795
27	0.00825	0.00707	0.00707	0.00707	0.00943	0.00589	0.00530	0.01001	0.01591	0.01885	0.07069	0.06716	0.70839	0.01767	0.00825	0.00236	0.00353	0.01473	0.00648	0.00589
28	0.01713	0.01643	0.02806	0.06742	0.68777	0.01654	0.02134	0.02129	0.01582	0.02262	0.01310	0.01732	0.01099	0.00624	0.00691	0.00208	0.00833	0.00622	0.00344	0.01094
29	0.01610	0.01824	0.03966	0.02851	0.03526	0.01710	0.65465	0.02177	0.01633	0.02214	0.01524	0.05245	0.01222	0.00662	0.00827	0.00238	0.01141	0.00877	0.00366	0.00924
30	0.03053	0.01296	0.04760	0.01275	0.01837	0.01052	0.01095	0.03348	0.01974	0.68503	0.02686	0.02335	0.01690	0.00855	0.00700	0.00216	0.00613	0.00693	0.00838	0.01181
31	0.00850	0.00607	0.00810	0.00972	0.01012	0.00567	0.00648	0.00972	0.01336	0.01781	0.03846	0.75020	0.04615	0.02186	0.00891	0.00283	0.00405	0.01984	0.00648	0.00567
32	0.01144	0.00788	0.00953	0.06240	0.01219	0.00786	0.00642	0.03472	0.01359	0.04732	0.09963	0.07797	0.12896	0.42432	0.02319	0.00478	0.00599	0.01097	0.00521	0.00562
33	0.01661	0.01542	0.02495	0.05703	0.54632	0.01574	0.01891	0.03912	0.07436	0.02334	0.01693	0.07382	0.01517	0.00804	0.00714	0.00219	0.00771	0.02258	0.00414	0.01047
34	0.01727	0.01658	0.02832	0.04283	0.71123	0.01658	0.02142	0.02142	0.01589	0.02280	0.01313	0.01727	0.01105	0.00622	0.00691	0.00207	0.00829	0.00622	0.00345	0.01105
35	0.80405	0.01350	0.01026	0.00918	0.01350	0.01565	0.00756	0.02051	0.01188	0.03131	0.00972	0.01134	0.00756	0.00648	0.00432	0.00216	0.00540	0.00378	0.00432	0.00756
36	0.00936	0.00711	0.00861	0.00824	0.01011	0.00636	0.00618	0.01217	0.01853	0.02509	0.50554	0.05689	0.26965	0.01535	0.00824	0.00225	0.00337	0.01329	0.00730	0.00636
37	0.07398	0.02022	0.02020	0.01578	0.02114	0.07500	0.01293	0.59690	0.03054	0.04116	0.01587	0.01611	0.01138	0.00817	0.00677	0.00208	0.00791	0.00599	0.00656	0.01132
38	0.03694	0.05950	0.31877	0.06586	0.07787	0.14791	0.13404	0.02310	0.01603	0.03783	0.01268	0.01544	0.00953	0.00661	0.00674	0.00212	0.01043	0.00565	0.00338	0.00956
39	0.01951	0.01416	0.10490	0.01508	0.07800	0.01112	0.01203	0.04363	0.06508	0.26781	0.17437	0.07929	0.02881	0.04373	0.00863	0.00243	0.00605	0.00900	0.00674	0.00961
40	0.01783	0.68784	0.03399	0.01164	0.01720	0.02562	0.01143	0.02016	0.01471	0.01751	0.07571	0.01507	0.01434	0.00675	0.00483	0.00156	0.00707	0.00457	0.00343	0.00873
41	0.02968	0.01287	0.01665	0.01283	0.01810	0.01187	0.01057	0.13457	0.02195	0.58321	0.05413	0.02385	0.01845	0.00883	0.00706	0.00215	0.00610	0.00714	0.00834	0.01165
42	0.01546	0.12967	0.48054	0.02172	0.08696	0.03562	0.09174	0.02205	0.01506	0.02130	0.01232	0.01484	0.00923	0.00644	0.00652	0.00211	0.00997	0.00536	0.00307	0.01004
43	0.01932	0.01861	0.02428	0.03302	0.46271	0.14040	0.01808	0.02389	0.05979	0.06447	0.01597	0.02105	0.01345	0.00752	0.00698	0.00212	0.00862	0.04521	0.00420	0.01031
44	0.03131	0.01188	0.01619	0.01242	0.01781	0.01026	0.01026	0.03401	0.01997	0.71606	0.02753	0.02375	0.01727	0.00864	0.00702	0.00216	0.00594	0.00702	0.00864	0.01188
45	0.00892	0.00704	0.00804	0.00791	0.00987	0.00616	0.00589	0.01126	0.01730	0.02246	0.32456	0.10079	0.41191	0.01655	0.00828	0.00232	0.00347	0.01418	0.00696	0.00616
46	0.01735	0.01910	0.09127	0.03965	0.61872	0.04747	0.02147	0.02176	0.01595	0.02248	0.01297	0.01683	0.01076	0.00630	0.00686	0.00207	0.00866	0.00605	0.00341	0.01086
47	0.00885	0.00633	0.00845	0.00978	0.01042	0.00593	0.00678	0.01046	0.01438	0.01936	0.12831	0.61650	0.04844	0.02069	0.00886	0.00277	0.00409	0.05713	0.00664	0.00584
48	0.00988	0.00713	0.00933	0.00878	0.01043	0.00658	0.00658	0.01317	0.01975	0.02798	0.70754	0.05213	0.06584	0.01427	0.00823	0.00219	0.00329	0.01262	0.00768	0.00658
49	0.01008	0.00674	0.00763	0.00770	0.00772	0.00672	0.00432	0.01013	0.01029	0.01371	0.02269	0.07573	0.02626	0.72348	0.03438	0.00660	0.00665	0.01056	0.00432	0.00429
50	0.01497	0.02903	0.47496	0.05825	0.24139	0.01629	0.02415	0.02170	0.01506	0.02213	0.01270	0.01569	0.00954	0.00652	0.00673	0.00217	0.00964	0.00553	0.00311	0.01043
51	0.06387	0.39226	0.10224	0.01914	0.14450	0.11682	0.01513	0.02192	0.01508	0.01911	0.01075	0.01295	0.00925	0.00642	0.00581	0.00179	0.02598	0.00449	0.00323	0.00925
52	0.32751	0.21213	0.02055	0.09811	0.06393	0.10206	0.01156	0.02103	0.01403	0.02335	0.01095	0.01333	0.00898	0.00654	0.00509	0.00193	0.00733	0.00441	0.03897	0.00819

[dist]
# distance from previous block
# <min> <max>
1	11

[block]
# block no. 7 follows, 30 sequences, length 63
# corresponding to MSA columns:
# 397-459
name=unknown_H
#
# <colnr> <probs for GDERKNQSTAVLIFYWHMCP>
#	G	D	E	R	K	N	Q	S	T	A	V	L	I	F	Y	W	H	M	C	P
0	0.10312	0.09856	0.10661	0.03986	0.02679	0.01826	0.26457	0.05666	0.08005	0.06598	0.01489	0.01736	0.01123	0.00712	0.00794	0.00225	0.05846	0.00652	0.00426	0.00952
1	0.06075	0.08317	0.43365	0.06004	0.09317	0.03730	0.05422	0.02136	0.01508	0.02220	0.04679	0.01672	0.01194	0.00691	0.00653	0.00214	0.00936	0.00563	0.00337	0.00969
2	0.01984	0.01502	0.01726	0.01509	0.05244	0.01561	0.01147	0.38142	0.02441	0.03326	0.02128	0.16202	0.01987	0.01102	0.00723	0.00214	0.00655	0.04677	0.00624	0.13106
3	0.13508	0.01527	0.01891	0.19054	0.15911	0.08011	0.03329	0.08075	0.03730	0.02489	0.10003	0.02351	0.05592	0.00842	0.00676	0.00217	0.00758	0.00705	0.00462	0.00867
4	0.01148	0.00989	0.01279	0.01206	0.01292	0.01167	0.00921	0.01401	0.05080	0.01901	0.10920	0.22046	0.12976	0.08920	0.01583	0.00313	0.24452	0.01217	0.00531	0.00660
5	0.55371	0.01318	0.01240	0.05005	0.01656	0.01462	0.00897	0.02415	0.05361	0.17337	0.01467	0.01518	0.01048	0.00713	0.00519	0.00218	0.00573	0.00483	0.00531	0.00867
6	0.00938	0.00675	0.00900	0.01049	0.01135	0.00644	0.00783	0.01121	0.01423	0.01869	0.03916	0.48805	0.07733	0.04171	0.00986	0.00304	0.00483	0.21836	0.00640	0.00587
7	0.02653	0.01955	0.02094	0.01606	0.02164	0.02164	0.01326	0.68796	0.03281	0.04398	0.01675	0.01675	0.01187	0.00838	0.00698	0.00209	0.00768	0.00628	0.00698	0.01187
8	0.01727	0.05738	0.02790	0.09815	0.59730	0.03858	0.02049	0.02128	0.01575	0.02186	0.01281	0.01691	0.01073	0.00630	0.00676	0.00205	0.00846	0.00603	0.00340	0.01057
9	0.01351	0.01511	0.12953	0.01301	0.01700	0.01196	0.01180	0.08529	0.01627	0.02315	0.08602	0.18809	0.07661	0.01220	0.00925	0.00221	0.10114	0.00990	0.00513	0.17283
10	0.02762	0.01780	0.01986	0.01523	0.02077	0.01905	0.01258	0.53896	0.02989	0.19710	0.01921	0.01835	0.01310	0.00844	0.00699	0.00211	0.00728	0.00645	0.00736	0.01187
11	0.00991	0.00729	0.00984	0.03436	0.01304	0.00707	0.00867	0.01238	0.01562	0.02065	0.14209	0.30178	0.10034	0.01886	0.00897	0.00283	0.00499	0.26859	0.00653	0.00619
12	0.01866	0.67702	0.05339	0.01329	0.01935	0.04921	0.04924	0.02123	0.01450	0.01691	0.01005	0.01175	0.00904	0.00602	0.00480	0.00157	0.00793	0.00404	0.00303	0.00899
13	0.01596	0.01723	0.03086	0.08918	0.02989	0.03861	0.33982	0.01988	0.01403	0.01958	0.01190	0.01722	0.00986	0.00854	0.01390	0.00261	0.30201	0.00710	0.00330	0.00852
14	0.00850	0.00607	0.00810	0.00972	0.01012	0.00567	0.00648	0.00972	0.01336	0.01781	0.03846	0.75020	0.04615	0.02186	0.00891	0.00283	0.00405	0.01984	0.00648	0.00567
15	0.00989	0.00700	0.00925	0.00943	0.01002	0.00751	0.00646	0.01112	0.01097	0.01518	0.02236	0.11565	0.02418	0.36451	0.33689	0.00829	0.01171	0.01005	0.00426	0.00527
16	0.01346	0.00862	0.01076	0.00974	0.01216	0.00817	0.00746	0.03920	0.06531	0.11551	0.46192	0.08156	0.11107	0.01371	0.00799	0.00224	0.00399	0.01192	0.00758	0.00763
17	0.01633	0.01983	0.08051	0.02886	0.03611	0.01756	0.64756	0.02234	0.01637	0.02234	0.01403	0.01859	0.01049	0.00593	0.00814	0.00234	0.01168	0.00806	0.00350	0.00946
18	0.02834	0.01142	0.01538	0.01205	0.01696	0.01006	0.00985	0.03167	0.04211	0.61303	0.10721	0.02715	0.02309	0.00932	0.00716	0.00217	0.00561	0.00770	0.00847	0.01123
19	0.02653	0.01955	0.02094	0.01606	0.02164	0.02164	0.01326	0.68796	0.03281	0.04398	0.01675	0.01675	0.01187	0.00838	0.00698	0.00209	0.00768	0.00628	0.00698	0.01187
20	0.01727	0.01658	0.02832	0.04283	0.71123	0.01658	0.02142	0.02142	0.01589	0.02280	0.01313	0.01727	0.01105	0.00622	0.00691	0.00207	0.00829	0.00622	0.00345	0.01105
21	0.01570	0.01725	0.03576	0.18050	0.03796	0.01739	0.50648	0.02108	0.01562	0.02108	0.01348	0.01858	0.01023	0.00646	0.00877	0.00239	0.05122	0.00768	0.00341	0.00896
22	0.01212	0.00606	0.00909	0.00909	0.00909	0.00606	0.00606	0.00909	0.00909	0.01212	0.01212	0.02121	0.01212	0.02424	0.02727	0.79697	0.00606	0.00606	0.00303	0.00303
23	0.00969	0.00760	0.01167	0.01170	0.01282	0.00719	0.07740	0.01136	0.01345	0.01795	0.03383	0.54919	0.03957	0.10917	0.01212	0.00328	0.00532	0.05486	0.00589	0.00593
24	0.01453	0.01444	0.02644	0.47564	0.15114	0.01613	0.16239	0.01937	0.01480	0.01959	0.01289	0.01844	0.00986	0.00662	0.00724	0.00229	0.00967	0.00664	0.00325	0.00863
25	0.59483	0.01474	0.01290	0.01085	0.01550	0.01670	0.00895	0.16780	0.01688	0.06814	0.01215	0.01314	0.00899	0.00700	0.00504	0.00214	0.00593	0.00449	0.00512	0.00872
26	0.06292	0.01603	0.02987	0.18586	0.06801	0.01646	0.34612	0.05343	0.01614	0.02272	0.01467	0.02137	0.01187	0.00725	0.00801	0.00233	0.03201	0.04520	0.00382	0.03591
27	0.19357	0.40357	0.06429	0.01268	0.01805	0.10880	0.01187	0.05440	0.01520	0.02147	0.01064	0.01241	0.00907	0.00796	0.02937	0.00208	0.00818	0.00417	0.00358	0.00867
28	0.01292	0.00814	0.01162	0.01065	0.01279	0.00746	0.04076	0.01574	0.01795	0.12181	0.39493	0.21863	0.05074	0.01506	0.00826	0.00238	0.00435	0.03128	0.00728	0.00724
29	0.01592	0.01331	0.01523	0.01116	0.01717	0.01106	0.00896	0.09039	0.05389	0.02537	0.01374	0.01535	0.01110	0.00575	0.00547	0.00122	0.00546	0.00457	0.00460	0.67028
30	0.01410	0.01363	0.03564	0.23867	0.21945	0.01443	0.04940	0.01940	0.07237	0.02173	0.10261	0.02716	0.08303	0.00907	0.00816	0.00228	0.04770	0.00799	0.00441	0.00876
31	0.01431	0.08413	0.67328	0.01936	0.02939	0.01696	0.02486	0.02202	0.01470	0.02172	0.01234	0.01450	0.00885	0.00659	0.00649	0.00216	0.01012	0.00506	0.00295	0.01022
32	0.01778	0.01655	0.01955	0.02267	0.21771	0.06685	0.01421	0.03132	0.43603	0.02628	0.02300	0.02398	0.01799	0.00864	0.00706	0.00226	0.00684	0.02479	0.00579	0.01072
33	0.01334	0.01272	0.02194	0.70275	0.04749	0.01561	0.05252	0.01805	0.01408	0.01805	0.01249	0.01862	0.00937	0.00692	0.00704	0.00233	0.00942	0.00630	0.00312	0.00783
34	0.01727	0.01658	0.02832	0.04283	0.71123	0.01658	0.02142	0.02142	0.01589	0.02280	0.01313	0.01727	0.01105	0.00622	0.00691	0.00207	0.00829	0.00622	0.00345	0.01105
35	0.05281	0.01655	0.01879	0.01452	0.01994	0.01738	0.01197	0.41906	0.05006	0.27497	0.02064	0.01931	0.01391	0.00844	0.00691	0.00213	0.00693	0.00651	0.00747	0.01170
36	0.01338	0.01261	0.02130	0.70364	0.08082	0.01556	0.01948	0.01801	0.01405	0.01807	0.01244	0.01854	0.00939	0.00694	0.00697	0.00231	0.00925	0.00620	0.00312	0.00792
37	0.00885	0.00716	0.00791	0.00792	0.01006	0.00622	0.00607	0.01107	0.01676	0.02102	0.20768	0.06480	0.51279	0.01706	0.00836	0.00239	0.00372	0.06734	0.00674	0.00609
38	0.00900	0.00710	0.00812	0.00786	0.00989	0.00621	0.00590	0.01148	0.01769	0.02309	0.36609	0.06019	0.41035	0.01609	0.00824	0.00228	0.00342	0.01375	0.00704	0.00621
39	0.01405	0.01385	0.02189	0.64345	0.04519	0.05117	0.05188	0.01852	0.01426	0.01798	0.01230	0.01821	0.00935	0.00711	0.00753	0.00232	0.03374	0.00621	0.00314	0.00785
40	0.01212	0.00606	0.00909	0.00909	0.00909	0.00606	0.00606	0.00909	0.00909	0.01212	0.01212	0.02121	0.01212	0.02424	0.02727	0.79697	0.00606	0.00606	0.00303	0.00303
41	0.00850	0.00607	0.00810	0.00972	0.01012	0.00567	0.00648	0.00972	0.01336	0.01781	0.03846	0.75020	0.04615	0.02186	0.00891	0.00283	0.00405	0.01984	0.00648	0.00567
42	0.01647	0.01882	0.04118	0.02941	0.03647	0.01765	0.68588	0.02235	0.01647	0.02235	0.01412	0.01882	0.01059	0.00588	0.00824	0.00235	0.01176	0.00824	0.00353	0.00941
43	0.00997	0.00748	0.01121	0.01121	0.01246	0.00872	0.00872	0.01246	0.01121	0.01620	0.01869	0.02741	0.01745	0.05234	0.72710	0.01121	0.01869	0.00748	0.00374	0.00623
44	0.01318	0.01240	0.02093	0.73798	0.04806	0.01550	0.01938	0.01783	0.01395	0.01783	0.01240	0.01860	0.00930	0.00698	0.00698	0.00233	0.00930	0.00620	0.00310	0.00775
45	0.80405	0.01350	0.01026	0.00918	0.01350	0.01565	0.00756	0.02051	0.01188	0.03131	0.00972	0.01134	0.00756	0.00648	0.00432	0.00216	0.00540	0.00378	0.00432	0.00756
46	0.01015	0.00677	0.00761	0.00761	0.00761	0.00677	0.00423	0.01015	0.01015	0.01353	0.02199	0.04567	0.02537	0.75476	0.03552	0.00677	0.00677	0.01015	0.00423	0.00423
47	0.02310	0.29944	0.02590	0.01554	0.02012	0.41265	0.01283	0.05834	0.03890	0.01854	0.01122	0.01269	0.00949	0.00687	0.00568	0.00172	0.01024	0.00440	0.00364	0.00869
48	0.01212	0.00606	0.00909	0.00909	0.00909	0.00606	0.00606	0.00909	0.00909	0.01212	0.01212	0.02121	0.01212	0.02424	0.02727	0.79697	0.00606	0.00606	0.00303	0.00303
49	0.40745	0.08027	0.01605	0.01189	0.01654	0.08580	0.00984	0.16164	0.01799	0.08933	0.01323	0.01412	0.00988	0.00714	0.00533	0.00204	0.00672	0.00473	0.03108	0.00896
50	0.00983	0.00713	0.00926	0.00873	0.01039	0.00656	0.00654	0.01307	0.01963	0.02770	0.68772	0.05259	0.08585	0.01437	0.00823	0.00220	0.00330	0.01269	0.00764	0.00656
51	0.00995	0.00782	0.00908	0.00864	0.01076	0.00731	0.00652	0.01418	0.08013	0.02472	0.41013	0.05531	0.29949	0.01509	0.00813	0.00227	0.00358	0.01297	0.00718	0.00673
52	0.09191	0.02005	0.01862	0.01502	0.01992	0.13692	0.01213	0.42719	0.04958	0.06982	0.01922	0.01918	0.05204	0.00861	0.00672	0.00208	0.00790	0.00635	0.00625	0.01050
53	0.05151	0.01030	0.01455	0.01227	0.01448	0.01033	0.11787	0.05354	0.05356	0.01972	0.04787	0.08051	0.08226	0.37691	0.02137	0.00452	0.00695	0.01021	0.00488	0.00639
54	0.00875	0.00698	0.00788	0.00817	0.01004	0.00611	0.00610	0.01077	0.01611	0.02027	0.16474	0.17802	0.45175	0.01793	0.00845	0.00247	0.00378	0.05901	0.00667	0.00600
55	0.00864	0.00618	0.00825	0.00980	0.01029	0.00578	0.00666	0.00999	0.01365	0.01823	0.05810	0.70509	0.04651	0.02154	0.00891	0.00283	0.00411	0.04320	0.00651	0.00572
56	0.01727	0.01658	0.02832	0.04283	0.71123	0.01658	0.02142	0.02142	0.01589	0.02280	0.01313	0.01727	0.01105	0.00622	0.00691	0.00207	0.00829	0.00622	0.00345	0.01105
57	0.01660	0.01589	0.02711	0.15731	0.60201	0.01640	0.02108	0.02083	0.01557	0.02198	0.01301	0.01749	0.01077	0.00634	0.00692	0.00211	0.00846	0.00621	0.00340	0.01051
58	0.00850	0.00607	0.00810	0.00972	0.01012	0.00567	0.00648	0.00972	0.01336	0.01781	0.03846	0.75020	0.04615	0.02186	0.00891	0.00283	0.00405	0.01984	0.00648	0.00567
59	0.01495	0.14072	0.54512	0.01974	0.02907	0.01804	0.09489	0.02195	0.01484	0.02129	0.01228	0.01465	0.00905	0.00645	0.00649	0.00212	0.01005	0.00528	0.00302	0.01002
60	0.02419	0.01801	0.01984	0.06128	0.02242	0.02004	0.01317	0.56285	0.06911	0.04010	0.01803	0.01977	0.01339	0.00870	0.00701	0.00215	0.00747	0.02818	0.03311	0.01120
61	0.05727	0.05710	0.12259	0.02202	0.06683	0.03619	0.25109	0.13372	0.08268	0.02642	0.01488	0.01733	0.01127	0.00701	0.00758	0.00218	0.03407	0.00658	0.00438	0.03881
62	0.01331	0.09843	0.03765	0.01326	0.01521	0.01403	0.03339	0.01554	0.01208	0.03985	0.01660	0.05030	0.01597	0.10632	0.28823	0.00625	0.18080	0.00737	0.02836	0.00706

[dist]
# distance from previous block
# <min> <max>
0	7

# created by:
# /st0/software/busco_prod/Augustus/scripts/msa2prfl.pl ./align_prep/101787.fa
