[name]
unknown

[dist]
# distance from previous block
# <min> <max>
0	120

[block]
# block no. 0 follows, 28 sequences, length 70
# corresponding to MSA columns:
# 120-189
name=unknown_A
#
# <colnr> <probs for GDERKNQSTAVLIFYWHMCP>
#	G	D	E	R	K	N	Q	S	T	A	V	L	I	F	Y	W	H	M	C	P
0	0.01355	0.00678	0.00678	0.00678	0.00847	0.00678	0.00508	0.01694	0.01524	0.02710	0.02371	0.02710	0.01863	0.00847	0.00508	0.00169	0.00339	0.00678	0.78489	0.00678
1	0.01786	0.02279	0.10804	0.02729	0.03396	0.09402	0.47618	0.02337	0.01681	0.02215	0.01370	0.01813	0.01053	0.00694	0.00953	0.00244	0.07545	0.00763	0.00358	0.00959
2	0.01799	0.01727	0.02950	0.04462	0.69919	0.01727	0.02231	0.02231	0.01655	0.02375	0.01367	0.01799	0.01151	0.00648	0.00720	0.00216	0.00864	0.00648	0.00360	0.01151
3	0.01716	0.01961	0.04289	0.03064	0.03799	0.01838	0.67279	0.02328	0.01716	0.02328	0.01471	0.01961	0.01103	0.00613	0.00858	0.00245	0.01225	0.00858	0.00368	0.00980
4	0.01057	0.00705	0.00793	0.00793	0.00793	0.00705	0.00440	0.01057	0.01057	0.01409	0.02290	0.04757	0.02643	0.74454	0.03700	0.00705	0.00705	0.01057	0.00440	0.00440
5	0.02801	0.01975	0.02144	0.01643	0.02224	0.02163	0.01358	0.62584	0.03315	0.09638	0.01831	0.01801	0.01279	0.00875	0.00727	0.00219	0.00786	0.00660	0.00740	0.01236
6	0.01680	0.01895	0.04060	0.02931	0.03603	0.01816	0.61467	0.02252	0.01672	0.02281	0.01531	0.04445	0.01224	0.00706	0.00942	0.00251	0.05025	0.00888	0.00376	0.00957
7	0.01038	0.00779	0.01168	0.01168	0.01298	0.00909	0.00909	0.01298	0.01168	0.01687	0.01947	0.02856	0.01817	0.05452	0.71573	0.01168	0.01947	0.00779	0.00389	0.00649
8	0.01786	0.01548	0.01671	0.05061	0.02047	0.01798	0.01194	0.03762	0.65230	0.02981	0.02875	0.02673	0.02156	0.00973	0.00739	0.00246	0.00595	0.00813	0.00719	0.01133
9	0.01355	0.00678	0.00678	0.00678	0.00847	0.00678	0.00508	0.01694	0.01524	0.02710	0.02371	0.02710	0.01863	0.00847	0.00508	0.00169	0.00339	0.00678	0.78489	0.00678
10	0.01507	0.01292	0.01507	0.01077	0.01723	0.00969	0.00861	0.01830	0.01507	0.02369	0.01292	0.01507	0.01077	0.00538	0.00538	0.00108	0.00538	0.00431	0.00431	0.78898
11	0.01373	0.01292	0.02180	0.72707	0.05006	0.01615	0.02019	0.01857	0.01453	0.01857	0.01292	0.01938	0.00969	0.00727	0.00727	0.00242	0.00969	0.00646	0.00323	0.00807
12	0.01355	0.00678	0.00678	0.00678	0.00847	0.00678	0.00508	0.01694	0.01524	0.02710	0.02371	0.02710	0.01863	0.00847	0.00508	0.00169	0.00339	0.00678	0.78489	0.00678
13	0.02715	0.03464	0.02060	0.01873	0.02247	0.71536	0.01404	0.02903	0.02060	0.01779	0.01124	0.01311	0.00936	0.00749	0.00655	0.00187	0.01311	0.00468	0.00375	0.00843
14	0.02176	0.01674	0.01786	0.01468	0.01915	0.01861	0.01164	0.36535	0.23999	0.03612	0.02476	0.02646	0.05143	0.08924	0.01060	0.00281	0.00696	0.00796	0.00698	0.01091
15	0.01390	0.01316	0.02184	0.67009	0.04757	0.01664	0.01984	0.01849	0.01426	0.01849	0.01265	0.01910	0.00968	0.00771	0.00860	0.00248	0.06776	0.00645	0.00323	0.00807
16	0.01038	0.00779	0.01168	0.01168	0.01298	0.00909	0.00909	0.01298	0.01168	0.01687	0.01947	0.02856	0.01817	0.05452	0.71573	0.01168	0.01947	0.00779	0.00389	0.00649
17	0.01355	0.00678	0.00678	0.00678	0.00847	0.00678	0.00508	0.01694	0.01524	0.02710	0.02371	0.02710	0.01863	0.00847	0.00508	0.00169	0.00339	0.00678	0.78489	0.00678
18	0.02763	0.02036	0.02182	0.01672	0.02254	0.02254	0.01382	0.67496	0.03418	0.04581	0.01745	0.01745	0.01236	0.00873	0.00727	0.00218	0.00800	0.00654	0.00727	0.01236
19	0.00886	0.00633	0.00843	0.01012	0.01054	0.00590	0.00675	0.01012	0.01392	0.01856	0.04006	0.73979	0.04808	0.02277	0.00928	0.00295	0.00422	0.02066	0.00675	0.00590
20	0.01612	0.01586	0.02491	0.02017	0.05585	0.01687	0.16837	0.02022	0.04179	0.02169	0.01287	0.01707	0.01090	0.00837	0.01280	0.00225	0.26228	0.00630	0.00386	0.26144
21	0.01355	0.00678	0.00678	0.00678	0.00847	0.00678	0.00508	0.01694	0.01524	0.02710	0.02371	0.02710	0.01863	0.00847	0.00508	0.00169	0.00339	0.00678	0.78489	0.00678
22	0.01038	0.00779	0.01168	0.01168	0.01298	0.00909	0.00909	0.01298	0.01168	0.01687	0.01947	0.02856	0.01817	0.05452	0.71573	0.01168	0.01947	0.00779	0.00389	0.00649
23	0.01795	0.01738	0.03015	0.04394	0.66719	0.01732	0.05380	0.02236	0.01658	0.02373	0.01372	0.01807	0.01149	0.00646	0.00726	0.00217	0.00881	0.00658	0.00360	0.01143
24	0.02763	0.02036	0.02182	0.01672	0.02254	0.02254	0.01382	0.67496	0.03418	0.04581	0.01745	0.01745	0.01236	0.00873	0.00727	0.00218	0.00800	0.00654	0.00727	0.01236
25	0.01590	0.01590	0.02226	0.01908	0.01908	0.02226	0.01590	0.01749	0.01113	0.01749	0.00954	0.01590	0.00954	0.01272	0.02385	0.00318	0.73123	0.00636	0.00318	0.00795
26	0.02760	0.02145	0.02172	0.01688	0.02254	0.07535	0.01383	0.62573	0.03314	0.04368	0.01698	0.01712	0.01213	0.00863	0.00722	0.00216	0.00839	0.00640	0.00700	0.01206
27	0.01055	0.00882	0.01056	0.08367	0.01521	0.04492	0.00840	0.01266	0.01579	0.02048	0.15365	0.43304	0.11796	0.01850	0.00873	0.00267	0.00506	0.01645	0.00645	0.00645
28	0.01485	0.01405	0.02409	0.61316	0.04727	0.01674	0.09049	0.05466	0.01588	0.02056	0.01336	0.01930	0.00998	0.00722	0.00741	0.00241	0.00988	0.00669	0.00350	0.00849
29	0.01355	0.00678	0.00678	0.00678	0.00847	0.00678	0.00508	0.01694	0.01524	0.02710	0.02371	0.02710	0.01863	0.00847	0.00508	0.00169	0.00339	0.00678	0.78489	0.00678
30	0.01808	0.01561	0.01644	0.01479	0.01890	0.01808	0.01151	0.03863	0.68606	0.03041	0.02959	0.02712	0.02219	0.00986	0.00740	0.00247	0.00575	0.00822	0.00740	0.01151
31	0.01458	0.03760	0.70688	0.02072	0.03146	0.01688	0.02686	0.02302	0.01535	0.02302	0.01304	0.01535	0.00921	0.00691	0.00691	0.00230	0.01074	0.00537	0.00307	0.01074
32	0.02763	0.02036	0.02182	0.01672	0.02254	0.02254	0.01382	0.67496	0.03418	0.04581	0.01745	0.01745	0.01236	0.00873	0.00727	0.00218	0.00800	0.00654	0.00727	0.01236
33	0.01057	0.00705	0.00793	0.00793	0.00793	0.00705	0.00440	0.01057	0.01057	0.01409	0.02290	0.04757	0.02643	0.74454	0.03700	0.00705	0.00705	0.01057	0.00440	0.00440
34	0.01171	0.00837	0.01171	0.01339	0.01506	0.00837	0.01171	0.01506	0.01673	0.02175	0.03849	0.08199	0.04183	0.02008	0.01004	0.00335	0.00669	0.65027	0.00669	0.00669
35	0.01436	0.01368	0.02348	0.62113	0.12642	0.01636	0.04405	0.01918	0.01487	0.01936	0.01307	0.01922	0.00995	0.00713	0.00731	0.00239	0.00966	0.00654	0.00329	0.00854
36	0.01573	0.20557	0.54895	0.01876	0.02844	0.01969	0.02345	0.02272	0.01521	0.02162	0.01235	0.01448	0.00924	0.00674	0.00638	0.00213	0.01004	0.00502	0.00308	0.01041
37	0.02715	0.03464	0.02060	0.01873	0.02247	0.71536	0.01404	0.02903	0.02060	0.01779	0.01124	0.01311	0.00936	0.00749	0.00655	0.00187	0.01311	0.00468	0.00375	0.00843
38	0.01029	0.00743	0.00972	0.00914	0.01086	0.00686	0.00686	0.01372	0.02058	0.02915	0.69536	0.05430	0.06859	0.01486	0.00857	0.00229	0.00343	0.01315	0.00800	0.00686
39	0.01143	0.00981	0.03535	0.01101	0.01308	0.03662	0.00904	0.01488	0.01922	0.02629	0.46028	0.08205	0.05682	0.01582	0.00881	0.00255	0.00491	0.16774	0.00729	0.00699
40	0.16178	0.13540	0.39937	0.01801	0.02647	0.01844	0.07581	0.02296	0.01504	0.04639	0.01272	0.01482	0.00942	0.00678	0.00628	0.00219	0.00933	0.00522	0.00359	0.00997
41	0.04204	0.03677	0.68241	0.02033	0.03085	0.01686	0.02619	0.02296	0.01524	0.02336	0.01294	0.01522	0.00916	0.00690	0.00682	0.00230	0.01056	0.00532	0.00312	0.01064
42	0.00912	0.00651	0.00873	0.01042	0.01095	0.00613	0.00720	0.01057	0.01417	0.01885	0.03992	0.67998	0.04751	0.02253	0.00935	0.00299	0.00444	0.07792	0.00674	0.00598
43	0.09945	0.01634	0.03011	0.27161	0.10295	0.01741	0.28941	0.02115	0.01547	0.02249	0.01332	0.01841	0.01022	0.00685	0.00807	0.00242	0.03457	0.00707	0.00358	0.00910
44	0.01651	0.01826	0.03753	0.06187	0.03474	0.01843	0.51787	0.02172	0.01600	0.02201	0.01471	0.04406	0.01203	0.00777	0.01087	0.00258	0.12151	0.00856	0.00369	0.00930
45	0.01071	0.00808	0.01135	0.01200	0.01344	0.00788	0.03430	0.01407	0.04964	0.02181	0.13114	0.37934	0.04636	0.01954	0.00929	0.00293	0.00524	0.20933	0.00682	0.00671
46	0.04361	0.01932	0.10020	0.21966	0.03982	0.01755	0.40797	0.02190	0.01609	0.02230	0.01389	0.01886	0.01037	0.00654	0.00791	0.00242	0.01117	0.00752	0.00352	0.00935
47	0.02042	0.01613	0.01793	0.01344	0.01951	0.01544	0.01091	0.29037	0.05868	0.03317	0.01568	0.01670	0.01203	0.00700	0.00627	0.00161	0.00648	0.00544	0.00569	0.42710
48	0.02113	0.53977	0.05675	0.01410	0.01981	0.15326	0.01326	0.02359	0.01601	0.04667	0.01119	0.01274	0.00971	0.00679	0.00578	0.00172	0.03064	0.00430	0.00348	0.00930
49	0.01832	0.58636	0.19093	0.01433	0.02158	0.02605	0.01573	0.02205	0.01490	0.01845	0.01078	0.01250	0.00930	0.00638	0.00518	0.00173	0.00845	0.00423	0.00310	0.00965
50	0.16237	0.02686	0.33311	0.02006	0.02807	0.05375	0.16459	0.02418	0.01596	0.08450	0.01415	0.01634	0.01015	0.00692	0.00685	0.00230	0.00985	0.00595	0.00403	0.01002
51	0.02147	0.01661	0.01779	0.01502	0.01968	0.01863	0.01196	0.23425	0.42479	0.07065	0.02738	0.02555	0.04332	0.00977	0.00740	0.00237	0.00640	0.00791	0.00742	0.01162
52	0.01799	0.01727	0.02950	0.04462	0.69919	0.01727	0.02231	0.02231	0.01655	0.02375	0.01367	0.01799	0.01151	0.00648	0.00720	0.00216	0.00864	0.00648	0.00360	0.01151
53	0.01738	0.01790	0.02979	0.20878	0.06129	0.05811	0.27490	0.05624	0.08937	0.02313	0.01528	0.01948	0.01174	0.00765	0.00927	0.00245	0.07627	0.00738	0.00410	0.00948
54	0.01799	0.01727	0.02950	0.04462	0.69919	0.01727	0.02231	0.02231	0.01655	0.02375	0.01367	0.01799	0.01151	0.00648	0.00720	0.00216	0.00864	0.00648	0.00360	0.01151
55	0.01205	0.00875	0.01196	0.01346	0.01526	0.00888	0.01170	0.01631	0.05237	0.02221	0.03801	0.07907	0.04079	0.01954	0.00990	0.00330	0.00664	0.61609	0.00673	0.00695
56	0.00908	0.00649	0.00867	0.01025	0.01080	0.00608	0.00702	0.01056	0.01439	0.01924	0.07170	0.67095	0.04873	0.02224	0.00929	0.00294	0.00431	0.05443	0.00681	0.00599
57	0.01907	0.53790	0.17588	0.01477	0.02193	0.02498	0.03659	0.02282	0.01529	0.05578	0.01187	0.01339	0.00983	0.00651	0.00540	0.00178	0.00845	0.00453	0.00344	0.00980
58	0.00859	0.00736	0.00736	0.00736	0.00982	0.00614	0.00552	0.01043	0.01657	0.01964	0.07364	0.06996	0.69624	0.01841	0.00859	0.00245	0.00368	0.01534	0.00675	0.00614
59	0.00886	0.00633	0.00843	0.01012	0.01054	0.00590	0.00675	0.01012	0.01392	0.01856	0.04006	0.73979	0.04808	0.02277	0.00928	0.00295	0.00422	0.02066	0.00675	0.00590
60	0.01776	0.01721	0.02990	0.07288	0.63575	0.01728	0.05748	0.02220	0.01650	0.02350	0.01370	0.01814	0.01141	0.00649	0.00727	0.00219	0.00888	0.00659	0.00359	0.01128
61	0.01373	0.01292	0.02180	0.72707	0.05006	0.01615	0.02019	0.01857	0.01453	0.01857	0.01292	0.01938	0.00969	0.00727	0.00727	0.00242	0.00969	0.00646	0.00323	0.00807
62	0.01039	0.00700	0.00812	0.00830	0.00839	0.00701	0.00482	0.01062	0.01095	0.01465	0.02451	0.11706	0.02830	0.64459	0.06047	0.00681	0.00724	0.01149	0.00462	0.00464
63	0.01590	0.01590	0.02226	0.01908	0.01908	0.02226	0.01590	0.01749	0.01113	0.01749	0.00954	0.01590	0.00954	0.01272	0.02385	0.00318	0.73123	0.00636	0.00318	0.00795
64	0.02449	0.02124	0.10764	0.01665	0.02271	0.02031	0.01486	0.47585	0.10060	0.06581	0.01942	0.04362	0.01448	0.00912	0.00731	0.00226	0.00790	0.00710	0.00680	0.01184
65	0.01503	0.03449	0.59201	0.02243	0.03259	0.01714	0.13860	0.02307	0.01566	0.02307	0.01333	0.01608	0.00952	0.00677	0.00720	0.00233	0.01100	0.00593	0.00317	0.01058
66	0.01579	0.21515	0.53994	0.01865	0.02826	0.01985	0.02326	0.02271	0.01520	0.02154	0.01231	0.01443	0.00924	0.00673	0.00635	0.00212	0.01000	0.00500	0.00308	0.01039
67	0.01483	0.05888	0.65914	0.02087	0.03133	0.01731	0.05271	0.02299	0.01540	0.02285	0.01302	0.01541	0.00929	0.00685	0.00690	0.00228	0.01071	0.00546	0.00310	0.01066
68	0.01737	0.04654	0.13951	0.01390	0.01858	0.01187	0.01339	0.02289	0.07822	0.17350	0.06012	0.04693	0.09697	0.01334	0.00819	0.00262	0.00683	0.21351	0.00652	0.00918
69	0.04384	0.46742	0.20457	0.01489	0.02188	0.04480	0.01604	0.02269	0.01513	0.04711	0.01162	0.01333	0.00961	0.00680	0.00608	0.00186	0.03473	0.00452	0.00341	0.00969

[dist]
# distance from previous block
# <min> <max>
5	14

[block]
# block no. 1 follows, 28 sequences, length 74
# corresponding to MSA columns:
# 204-277
name=unknown_B
#
# <colnr> <probs for GDERKNQSTAVLIFYWHMCP>
#	G	D	E	R	K	N	Q	S	T	A	V	L	I	F	Y	W	H	M	C	P
0	0.08680	0.52458	0.09643	0.01330	0.01955	0.02519	0.01338	0.07645	0.01612	0.02142	0.01141	0.01324	0.00983	0.00862	0.03564	0.00217	0.00839	0.00442	0.00361	0.00947
1	0.02541	0.01805	0.01957	0.01540	0.02051	0.01973	0.01256	0.55456	0.03082	0.06754	0.02007	0.07511	0.01580	0.00982	0.00729	0.00221	0.00733	0.00770	0.05903	0.01148
2	0.07820	0.01535	0.01591	0.01365	0.01776	0.05101	0.01076	0.12113	0.26667	0.07599	0.05797	0.06740	0.05210	0.01038	0.00784	0.00228	0.03688	0.00826	0.00657	0.08387
3	0.00899	0.00646	0.00842	0.00984	0.01039	0.00601	0.00658	0.01031	0.01415	0.01883	0.06888	0.64498	0.07712	0.05884	0.01062	0.00311	0.00430	0.01959	0.00668	0.00588
4	0.02596	0.01937	0.02092	0.01593	0.02184	0.02084	0.01313	0.58776	0.03164	0.04287	0.01685	0.01714	0.01215	0.00828	0.00702	0.00203	0.00765	0.00625	0.00688	0.11549
5	0.01511	0.11603	0.63314	0.01981	0.03005	0.01819	0.02527	0.02288	0.01528	0.02237	0.01272	0.01494	0.00922	0.00683	0.00666	0.00222	0.01042	0.00521	0.00307	0.01059
6	0.01469	0.06835	0.61988	0.02048	0.05023	0.01693	0.02504	0.02247	0.01562	0.02308	0.04753	0.01723	0.01230	0.00726	0.00690	0.00226	0.01017	0.00573	0.00334	0.01050
7	0.01611	0.01378	0.01462	0.01336	0.01700	0.01550	0.01031	0.03263	0.54022	0.02850	0.06949	0.06021	0.11355	0.01171	0.00768	0.00247	0.00531	0.00985	0.00732	0.01036
8	0.00945	0.00745	0.00829	0.00851	0.01066	0.00656	0.00659	0.01174	0.01695	0.02139	0.14416	0.09132	0.47588	0.01796	0.00868	0.00255	0.00408	0.10419	0.03727	0.00632
9	0.01649	0.02423	0.21360	0.02809	0.03631	0.01800	0.50673	0.02322	0.01669	0.02322	0.01428	0.01851	0.01056	0.00633	0.00815	0.00241	0.01187	0.00775	0.00352	0.01005
10	0.01760	0.01687	0.02880	0.10713	0.63973	0.01717	0.02211	0.02197	0.01637	0.02327	0.01360	0.01812	0.01135	0.00655	0.00720	0.00218	0.00873	0.00648	0.00356	0.01120
11	0.00921	0.00732	0.00827	0.00817	0.01023	0.00638	0.00607	0.01158	0.01782	0.02294	0.29165	0.10708	0.43270	0.01743	0.00863	0.00243	0.00363	0.01490	0.00719	0.00638
12	0.00918	0.00662	0.00877	0.01037	0.01104	0.00620	0.00727	0.01072	0.01438	0.01898	0.04150	0.63019	0.07872	0.02225	0.00933	0.00297	0.00448	0.09428	0.00674	0.00601
13	0.02842	0.01976	0.02096	0.01621	0.02189	0.05431	0.01332	0.54003	0.03135	0.15103	0.01897	0.01842	0.01313	0.00871	0.00724	0.00218	0.00795	0.00658	0.00738	0.01217
14	0.79588	0.01406	0.01068	0.00956	0.01406	0.01631	0.00787	0.02137	0.01237	0.03261	0.01012	0.01181	0.00787	0.00675	0.00450	0.00225	0.00562	0.00394	0.00450	0.00787
15	0.24637	0.23601	0.09071	0.03924	0.02118	0.09461	0.07469	0.02209	0.01521	0.02378	0.03772	0.01547	0.01169	0.00702	0.00566	0.00201	0.00816	0.00513	0.03450	0.00875
16	0.01631	0.03043	0.43895	0.02377	0.03305	0.01776	0.24229	0.06648	0.01721	0.02462	0.01389	0.01691	0.01003	0.00677	0.00749	0.00234	0.01107	0.00652	0.00355	0.01054
17	0.00937	0.00738	0.00848	0.00842	0.01047	0.00649	0.00635	0.01185	0.01795	0.02325	0.30426	0.09701	0.40117	0.01736	0.00868	0.00245	0.00374	0.04168	0.00722	0.00642
18	0.02593	0.05538	0.02305	0.01780	0.02291	0.21869	0.04721	0.38894	0.05288	0.03415	0.01549	0.01641	0.01161	0.00829	0.00747	0.00212	0.02896	0.00606	0.00581	0.01084
19	0.01019	0.00700	0.00822	0.00845	0.00877	0.00690	0.00513	0.01075	0.01191	0.01591	0.06185	0.15443	0.06255	0.53591	0.05681	0.00615	0.00676	0.01236	0.00503	0.00492
20	0.01918	0.53666	0.17227	0.01472	0.02162	0.09149	0.01552	0.02271	0.01544	0.01837	0.01081	0.01255	0.00931	0.00648	0.00530	0.00174	0.00888	0.00426	0.00316	0.00953
21	0.01943	0.74891	0.03809	0.01244	0.01866	0.02876	0.01244	0.02177	0.01477	0.01710	0.01011	0.01166	0.00933	0.00622	0.00466	0.00155	0.00777	0.00389	0.00311	0.00933
22	0.00886	0.00633	0.00843	0.01012	0.01054	0.00590	0.00675	0.01012	0.01392	0.01856	0.04006	0.73979	0.04808	0.02277	0.00928	0.00295	0.00422	0.02066	0.00675	0.00590
23	0.02699	0.02000	0.02146	0.01649	0.02228	0.02204	0.01360	0.63716	0.05272	0.04471	0.01768	0.01767	0.01260	0.00866	0.00722	0.00216	0.00786	0.00653	0.00719	0.03499
24	0.02086	0.01314	0.08240	0.01283	0.01711	0.01029	0.01095	0.02526	0.07530	0.32030	0.03043	0.26483	0.02735	0.01337	0.00787	0.00246	0.00590	0.01158	0.00733	0.04043
25	0.01633	0.09189	0.57121	0.02004	0.02980	0.04502	0.05004	0.02370	0.01581	0.05164	0.01348	0.01554	0.00967	0.00693	0.00680	0.00223	0.01046	0.00544	0.00338	0.01057
26	0.04119	0.06287	0.65882	0.02004	0.03040	0.01730	0.02569	0.02292	0.01523	0.02313	0.01284	0.01509	0.00917	0.00688	0.00674	0.00227	0.01046	0.00527	0.00312	0.01059
27	0.01710	0.01637	0.02790	0.18673	0.56402	0.01704	0.02187	0.02153	0.01613	0.02267	0.01352	0.01828	0.01113	0.00664	0.00721	0.00221	0.00886	0.00647	0.00352	0.01080
28	0.01743	0.01668	0.02826	0.06982	0.64450	0.01676	0.02151	0.02166	0.01647	0.02337	0.01618	0.02025	0.04046	0.00701	0.00726	0.00218	0.00847	0.00685	0.00372	0.01115
29	0.11759	0.01323	0.02050	0.21262	0.02779	0.01553	0.11182	0.01768	0.01380	0.02113	0.01779	0.16174	0.01752	0.01134	0.01102	0.00265	0.16412	0.00926	0.02505	0.00781
30	0.01057	0.00705	0.00793	0.00793	0.00793	0.00705	0.00440	0.01057	0.01057	0.01409	0.02290	0.04757	0.02643	0.74454	0.03700	0.00705	0.00705	0.01057	0.00440	0.00440
31	0.01636	0.01811	0.03757	0.02756	0.03343	0.01793	0.53646	0.02152	0.01613	0.02217	0.01598	0.07446	0.01368	0.00826	0.01061	0.00258	0.10485	0.00922	0.00385	0.00926
32	0.01404	0.01324	0.02236	0.67722	0.09748	0.01623	0.02034	0.01885	0.01468	0.01895	0.01297	0.01928	0.00982	0.00721	0.00726	0.00240	0.00961	0.00646	0.00326	0.00833
33	0.03158	0.01214	0.01654	0.01276	0.01820	0.01051	0.01051	0.03442	0.02079	0.67300	0.05952	0.02611	0.02033	0.00927	0.00737	0.00225	0.00606	0.00758	0.00895	0.01212
34	0.00973	0.00722	0.00910	0.00924	0.01080	0.00659	0.00683	0.01239	0.01818	0.02471	0.40471	0.21070	0.17709	0.01752	0.00880	0.00252	0.00381	0.04614	0.00743	0.00651
35	0.02946	0.01169	0.01577	0.01233	0.01745	0.01012	0.01009	0.03228	0.02058	0.61096	0.09023	0.02956	0.05534	0.00997	0.00748	0.00226	0.00582	0.00822	0.00880	0.01158
36	0.02616	0.01937	0.02096	0.01633	0.02179	0.02151	0.01342	0.60765	0.05850	0.04336	0.01806	0.01854	0.01312	0.01169	0.05240	0.00280	0.00864	0.00669	0.00706	0.01195
37	0.79588	0.01406	0.01068	0.00956	0.01406	0.01631	0.00787	0.02137	0.01237	0.03261	0.01012	0.01181	0.00787	0.00675	0.00450	0.00225	0.00562	0.00394	0.00450	0.00787
38	0.01482	0.03605	0.65284	0.02211	0.06001	0.01696	0.05130	0.02300	0.01547	0.02306	0.01313	0.01562	0.00938	0.00686	0.00698	0.00230	0.01071	0.00554	0.00311	0.01074
39	0.00886	0.00633	0.00843	0.01012	0.01054	0.00590	0.00675	0.01012	0.01392	0.01856	0.04006	0.73979	0.04808	0.02277	0.00928	0.00295	0.00422	0.02066	0.00675	0.00590
40	0.02763	0.02036	0.02182	0.01672	0.02254	0.02254	0.01382	0.67496	0.03418	0.04581	0.01745	0.01745	0.01236	0.00873	0.00727	0.00218	0.00800	0.00654	0.00727	0.01236
41	0.01765	0.01693	0.02890	0.09854	0.64790	0.01718	0.02214	0.02201	0.01639	0.02334	0.01361	0.01810	0.01137	0.00654	0.00720	0.00218	0.00872	0.00648	0.00357	0.01124
42	0.01094	0.00781	0.01082	0.01250	0.01384	0.00770	0.01037	0.01372	0.01597	0.02089	0.03891	0.26032	0.04353	0.02081	0.00983	0.00324	0.00602	0.47958	0.00671	0.00648
43	0.00859	0.00736	0.00736	0.00736	0.00982	0.00614	0.00552	0.01043	0.01657	0.01964	0.07364	0.06996	0.69624	0.01841	0.00859	0.00245	0.00368	0.01534	0.00675	0.00614
44	0.01579	0.05615	0.43799	0.02669	0.20449	0.01729	0.05164	0.02306	0.03625	0.02320	0.01436	0.01822	0.01116	0.00718	0.00707	0.00228	0.00989	0.02306	0.00346	0.01077
45	0.01507	0.01292	0.01507	0.01077	0.01723	0.00969	0.00861	0.01830	0.01507	0.02369	0.01292	0.01507	0.01077	0.00538	0.00538	0.00108	0.00538	0.00431	0.00431	0.78898
46	0.01263	0.00631	0.00947	0.00947	0.00947	0.00631	0.00631	0.00947	0.00947	0.01263	0.01263	0.02210	0.01263	0.02525	0.02841	0.78851	0.00631	0.00631	0.00316	0.00316
47	0.01779	0.45369	0.25799	0.01532	0.02276	0.05306	0.01707	0.02217	0.01544	0.01957	0.03802	0.01462	0.01162	0.00684	0.00564	0.00184	0.00881	0.00478	0.00332	0.00966
48	0.01592	0.01289	0.01516	0.01087	0.01729	0.00974	0.00871	0.01913	0.01535	0.05671	0.01368	0.01554	0.01112	0.00556	0.00548	0.00113	0.00542	0.00445	0.00453	0.75128
49	0.01263	0.00631	0.00947	0.00947	0.00947	0.00631	0.00631	0.00947	0.00947	0.01263	0.01263	0.02210	0.01263	0.02525	0.02841	0.78851	0.00631	0.00631	0.00316	0.00316
50	0.01263	0.00631	0.00947	0.00947	0.00947	0.00631	0.00631	0.00947	0.00947	0.01263	0.01263	0.02210	0.01263	0.02525	0.02841	0.78851	0.00631	0.00631	0.00316	0.00316
51	0.01163	0.00839	0.01047	0.01121	0.01244	0.00836	0.00798	0.10355	0.01689	0.02253	0.03682	0.60662	0.04277	0.02067	0.00903	0.00286	0.00487	0.04924	0.00682	0.00685
52	0.05621	0.01743	0.02711	0.03941	0.58498	0.04124	0.02033	0.05148	0.01718	0.02477	0.01462	0.04567	0.01273	0.00726	0.00713	0.00219	0.00844	0.00685	0.00394	0.01105
53	0.01623	0.01293	0.01511	0.01124	0.01719	0.01038	0.00894	0.04899	0.03950	0.05770	0.01610	0.05946	0.01382	0.00691	0.00587	0.00134	0.00548	0.00567	0.00492	0.64222
54	0.02763	0.01882	0.02057	0.01584	0.02146	0.02044	0.01306	0.56980	0.03176	0.12415	0.01907	0.01874	0.01331	0.00875	0.00718	0.00217	0.00758	0.00665	0.04090	0.01212
55	0.03261	0.01237	0.01687	0.01293	0.01856	0.01068	0.01068	0.03543	0.02081	0.70423	0.02868	0.02474	0.01799	0.00900	0.00731	0.00225	0.00619	0.00731	0.00900	0.01237
56	0.07106	0.01471	0.02445	0.42419	0.25645	0.01662	0.04945	0.02019	0.01515	0.02146	0.01304	0.01840	0.01021	0.00692	0.00711	0.00233	0.00918	0.00638	0.00346	0.00925
57	0.01953	0.04364	0.01918	0.05025	0.08883	0.12526	0.01326	0.03271	0.40598	0.05201	0.02323	0.02313	0.01778	0.01093	0.03966	0.00272	0.00807	0.00721	0.00601	0.01060
58	0.00904	0.00763	0.00826	0.00877	0.02858	0.00654	0.00631	0.01104	0.01662	0.02014	0.09210	0.09475	0.60359	0.01820	0.00864	0.00250	0.00395	0.04032	0.00671	0.00632
59	0.02371	0.01788	0.02041	0.10895	0.02469	0.02024	0.01396	0.47802	0.05390	0.03870	0.01743	0.01878	0.01275	0.00876	0.00794	0.00224	0.04444	0.00661	0.06949	0.01109
60	0.00897	0.00637	0.00840	0.00997	0.01037	0.00598	0.00659	0.01015	0.01369	0.01825	0.03891	0.69306	0.04662	0.07150	0.01115	0.00323	0.00441	0.01998	0.00659	0.00580
61	0.24916	0.01831	0.01834	0.01456	0.01991	0.02052	0.01199	0.45529	0.05943	0.04125	0.01592	0.01629	0.01154	0.00821	0.00648	0.00221	0.00720	0.00587	0.00648	0.01102
62	0.01862	0.01810	0.06310	0.12227	0.24395	0.01759	0.16685	0.09613	0.04439	0.05612	0.01531	0.01881	0.01174	0.00723	0.00811	0.00228	0.03784	0.00692	0.00435	0.04028
63	0.05468	0.26191	0.32336	0.02005	0.05361	0.02094	0.12595	0.02255	0.01536	0.02165	0.01225	0.01478	0.00957	0.00653	0.00635	0.00208	0.00970	0.00539	0.00327	0.01003
64	0.79588	0.01406	0.01068	0.00956	0.01406	0.01631	0.00787	0.02137	0.01237	0.03261	0.01012	0.01181	0.00787	0.00675	0.00450	0.00225	0.00562	0.00394	0.00450	0.00787
65	0.01957	0.01595	0.01751	0.01622	0.04991	0.01808	0.01215	0.09217	0.56931	0.06259	0.02779	0.02577	0.02067	0.00957	0.00737	0.00242	0.00610	0.00795	0.00729	0.01162
66	0.01663	0.01845	0.03891	0.11668	0.03849	0.01768	0.55903	0.02245	0.01673	0.02272	0.01440	0.01936	0.01085	0.00623	0.00826	0.00238	0.01160	0.00811	0.00365	0.04740
67	0.00909	0.00665	0.00908	0.04483	0.01246	0.00640	0.00740	0.01053	0.01395	0.01856	0.03875	0.70492	0.04622	0.02202	0.00918	0.00293	0.00448	0.01998	0.00658	0.00601
68	0.00977	0.00741	0.00900	0.00860	0.01054	0.00664	0.00645	0.01271	0.01935	0.02624	0.50492	0.05909	0.26084	0.01595	0.00858	0.00234	0.00351	0.01382	0.00762	0.00664
69	0.01715	0.01939	0.04166	0.03077	0.06268	0.01847	0.62498	0.02305	0.01692	0.02310	0.01449	0.01942	0.01100	0.00637	0.00906	0.00247	0.03715	0.00842	0.00366	0.00981
70	0.01647	0.01265	0.01497	0.04578	0.01817	0.01086	0.00937	0.08771	0.01724	0.05491	0.01711	0.07378	0.01478	0.00761	0.00604	0.00151	0.00564	0.00627	0.07066	0.50846
71	0.00957	0.00724	0.00936	0.01015	0.01113	0.00703	0.00728	0.01145	0.01557	0.02086	0.17084	0.45086	0.13666	0.02003	0.00979	0.00278	0.03939	0.04692	0.00682	0.00626
72	0.05690	0.04583	0.10630	0.01228	0.01716	0.01137	0.01124	0.02357	0.04418	0.23847	0.24025	0.03307	0.05856	0.01055	0.00734	0.00218	0.00578	0.00878	0.00697	0.05922
73	0.05547	0.02218	0.18895	0.13874	0.17172	0.09884	0.01883	0.02299	0.04262	0.05530	0.01562	0.02097	0.01266	0.00835	0.00763	0.02450	0.00918	0.04196	0.00407	0.03941

[dist]
# distance from previous block
# <min> <max>
3	14

[block]
# block no. 2 follows, 28 sequences, length 20
# corresponding to MSA columns:
# 292-311
name=unknown_C
#
# <colnr> <probs for GDERKNQSTAVLIFYWHMCP>
#	G	D	E	R	K	N	Q	S	T	A	V	L	I	F	Y	W	H	M	C	P
0	0.01624	0.01969	0.17209	0.02055	0.02713	0.01432	0.26592	0.02182	0.03368	0.07499	0.04103	0.08114	0.01717	0.03543	0.02532	0.00264	0.00944	0.00846	0.00456	0.10836
1	0.01803	0.01329	0.05705	0.01259	0.01629	0.01192	0.01031	0.18357	0.02091	0.12416	0.12365	0.21807	0.03154	0.06415	0.00992	0.00269	0.00601	0.01144	0.00684	0.05756
2	0.05340	0.01885	0.01971	0.01597	0.02006	0.08247	0.01299	0.35698	0.02448	0.03364	0.01573	0.04156	0.01273	0.00955	0.01024	0.00228	0.15245	0.00656	0.04034	0.07001
3	0.08289	0.28292	0.33800	0.01652	0.02440	0.02162	0.01883	0.07223	0.01619	0.02331	0.01199	0.01394	0.00939	0.00699	0.00653	0.00206	0.03378	0.00485	0.00353	0.01003
4	0.00909	0.00737	0.00796	0.00782	0.00999	0.00635	0.00580	0.01124	0.01729	0.02172	0.22306	0.06518	0.51441	0.04875	0.00981	0.00261	0.00376	0.01460	0.00695	0.00624
5	0.01507	0.01292	0.01507	0.01077	0.01723	0.00969	0.00861	0.01830	0.01507	0.02369	0.01292	0.01507	0.01077	0.00538	0.00538	0.00108	0.00538	0.00431	0.00431	0.78898
6	0.01544	0.01147	0.01454	0.11249	0.02023	0.01056	0.01011	0.04687	0.04278	0.07598	0.04430	0.15801	0.02132	0.01010	0.00680	0.00190	0.00577	0.00869	0.05398	0.32867
7	0.75805	0.01397	0.01099	0.00973	0.01428	0.01603	0.00801	0.02206	0.01279	0.06590	0.01104	0.01245	0.00837	0.00686	0.00464	0.00225	0.00565	0.00410	0.00472	0.00810
8	0.01507	0.01292	0.01507	0.01077	0.01723	0.00969	0.00861	0.01830	0.01507	0.02369	0.01292	0.01507	0.01077	0.00538	0.00538	0.00108	0.00538	0.00431	0.00431	0.78898
9	0.01689	0.27787	0.34957	0.01863	0.06710	0.02113	0.01972	0.02448	0.09825	0.02195	0.01412	0.01570	0.01100	0.00701	0.00622	0.00206	0.00897	0.00528	0.00365	0.01040
10	0.02216	0.01558	0.01724	0.01459	0.01920	0.01713	0.01160	0.15396	0.42037	0.15485	0.05305	0.02597	0.02143	0.00969	0.00740	0.00237	0.00615	0.00794	0.00769	0.01164
11	0.01720	0.01334	0.01563	0.01130	0.01766	0.01057	0.00910	0.06049	0.01670	0.07723	0.01441	0.01596	0.01142	0.00587	0.00565	0.00124	0.00561	0.00468	0.00485	0.68110
12	0.00894	0.00636	0.00841	0.01002	0.01042	0.00596	0.00664	0.01014	0.01376	0.01835	0.03925	0.70711	0.04705	0.05685	0.01059	0.00315	0.00435	0.02019	0.00664	0.00583
13	0.01565	0.01323	0.01538	0.01187	0.01727	0.01159	0.00950	0.06045	0.07955	0.02504	0.01840	0.04296	0.03722	0.00785	0.00695	0.00156	0.03974	0.02862	0.00497	0.55218
14	0.01936	0.01546	0.01738	0.01280	0.01904	0.01408	0.01039	0.24268	0.02160	0.03125	0.01447	0.01589	0.01131	0.00653	0.00603	0.00145	0.00628	0.00507	0.00532	0.52361
15	0.00947	0.00692	0.00890	0.00941	0.01061	0.00635	0.00668	0.01176	0.01716	0.02340	0.33624	0.36673	0.12182	0.01880	0.00889	0.00260	0.00381	0.01677	0.00731	0.00635
16	0.02458	0.02120	0.02266	0.10721	0.11624	0.12558	0.01576	0.41047	0.02738	0.03532	0.01546	0.01710	0.01147	0.00806	0.00715	0.00216	0.00906	0.00624	0.00576	0.01113
17	0.01790	0.01790	0.06873	0.06347	0.49069	0.01708	0.02043	0.06831	0.06896	0.02542	0.01663	0.02253	0.01407	0.00780	0.00738	0.00228	0.00842	0.04664	0.00429	0.01109
18	0.00886	0.00633	0.00843	0.01012	0.01054	0.00590	0.00675	0.01012	0.01392	0.01856	0.04006	0.73979	0.04808	0.02277	0.00928	0.00295	0.00422	0.02066	0.00675	0.00590
19	0.02027	0.01540	0.01674	0.03458	0.01890	0.01654	0.01117	0.39092	0.06828	0.03558	0.06492	0.06494	0.18629	0.01206	0.00776	0.00231	0.00646	0.00976	0.00704	0.01010

[dist]
# distance from previous block
# <min> <max>
0	1

[block]
# block no. 3 follows, 28 sequences, length 53
# corresponding to MSA columns:
# 313-365
name=unknown_D
#
# <colnr> <probs for GDERKNQSTAVLIFYWHMCP>
#	G	D	E	R	K	N	Q	S	T	A	V	L	I	F	Y	W	H	M	C	P
0	0.02849	0.01829	0.02045	0.01575	0.02147	0.01956	0.01299	0.50041	0.05342	0.20244	0.02055	0.01952	0.01404	0.00883	0.00729	0.00221	0.00749	0.00678	0.00769	0.01233
1	0.02250	0.01515	0.01847	0.05979	0.07959	0.01633	0.01294	0.09116	0.35452	0.20896	0.02591	0.02439	0.01854	0.00909	0.00734	0.00235	0.00655	0.00757	0.00723	0.01160
2	0.07662	0.07261	0.32996	0.02198	0.12053	0.07504	0.05398	0.02447	0.05414	0.05315	0.01428	0.01632	0.01073	0.00700	0.00667	0.00216	0.00946	0.00564	0.00389	0.04139
3	0.01507	0.01292	0.01507	0.01077	0.01723	0.00969	0.00861	0.01830	0.01507	0.02369	0.01292	0.01507	0.01077	0.00538	0.00538	0.00108	0.00538	0.00431	0.00431	0.78898
4	0.02763	0.02036	0.02182	0.01672	0.02254	0.02254	0.01382	0.67496	0.03418	0.04581	0.01745	0.01745	0.01236	0.00873	0.00727	0.00218	0.00800	0.00654	0.00727	0.01236
5	0.01472	0.01255	0.01470	0.01073	0.01685	0.00947	0.00851	0.01784	0.01501	0.02339	0.01446	0.05627	0.01289	0.00637	0.00560	0.00118	0.00532	0.00524	0.00445	0.74446
6	0.00920	0.00664	0.00867	0.01019	0.01071	0.00632	0.00682	0.01102	0.03467	0.01877	0.03916	0.69438	0.04655	0.04665	0.01015	0.00307	0.00436	0.01994	0.00669	0.00603
7	0.00886	0.00633	0.00843	0.01012	0.01054	0.00590	0.00675	0.01012	0.01392	0.01856	0.04006	0.73979	0.04808	0.02277	0.00928	0.00295	0.00422	0.02066	0.00675	0.00590
8	0.02643	0.01287	0.01630	0.01268	0.01812	0.01153	0.01030	0.05028	0.09749	0.44631	0.05504	0.02427	0.01918	0.00866	0.00701	0.00205	0.00591	0.00708	0.00782	0.16067
9	0.01006	0.00734	0.00922	0.00886	0.01045	0.00675	0.00647	0.01289	0.01888	0.02618	0.53215	0.08429	0.13635	0.08475	0.01130	0.00278	0.00383	0.01347	0.00746	0.00650
10	0.01590	0.01590	0.02226	0.01908	0.01908	0.02226	0.01590	0.01749	0.01113	0.01749	0.00954	0.01590	0.00954	0.01272	0.02385	0.00318	0.73123	0.00636	0.00318	0.00795
11	0.00886	0.00633	0.00843	0.01012	0.01054	0.00590	0.00675	0.01012	0.01392	0.01856	0.04006	0.73979	0.04808	0.02277	0.00928	0.00295	0.00422	0.02066	0.00675	0.00590
12	0.01022	0.00743	0.00962	0.00907	0.01082	0.00683	0.00680	0.01358	0.02041	0.02876	0.67003	0.05494	0.09415	0.01501	0.00857	0.00229	0.00344	0.01324	0.00795	0.00683
13	0.01943	0.74891	0.03809	0.01244	0.01866	0.02876	0.01244	0.02177	0.01477	0.01710	0.01011	0.01166	0.00933	0.00622	0.00466	0.00155	0.00777	0.00389	0.00311	0.00933
14	0.00866	0.00737	0.00746	0.00744	0.00986	0.00617	0.00558	0.01057	0.01674	0.02003	0.09954	0.06930	0.67010	0.01826	0.00859	0.00245	0.00367	0.01525	0.00680	0.00617
15	0.00929	0.00719	0.00854	0.00914	0.01080	0.00644	0.00681	0.01139	0.01643	0.02103	0.15546	0.26338	0.33525	0.01932	0.00896	0.00268	0.00415	0.09056	0.00694	0.00625
16	0.01032	0.00772	0.01154	0.01161	0.01287	0.00894	0.00898	0.01285	0.01178	0.01695	0.02038	0.06014	0.01950	0.05311	0.68436	0.01129	0.01879	0.00836	0.00402	0.00646
17	0.02763	0.02036	0.02182	0.01672	0.02254	0.02254	0.01382	0.67496	0.03418	0.04581	0.01745	0.01745	0.01236	0.00873	0.00727	0.00218	0.00800	0.00654	0.00727	0.01236
18	0.01038	0.00779	0.01168	0.01168	0.01298	0.00909	0.00909	0.01298	0.01168	0.01687	0.01947	0.02856	0.01817	0.05452	0.71573	0.01168	0.01947	0.00779	0.00389	0.00649
19	0.01355	0.00678	0.00678	0.00678	0.00847	0.00678	0.00508	0.01694	0.01524	0.02710	0.02371	0.02710	0.01863	0.00847	0.00508	0.00169	0.00339	0.00678	0.78489	0.00678
20	0.01049	0.00702	0.00795	0.00803	0.00804	0.00700	0.00451	0.01055	0.01072	0.01429	0.02367	0.07831	0.02739	0.71249	0.03577	0.00687	0.00692	0.01102	0.00451	0.00447
21	0.01920	0.01537	0.01647	0.01465	0.01888	0.01751	0.01144	0.03838	0.63494	0.08219	0.02952	0.02694	0.02187	0.00980	0.00739	0.00245	0.00579	0.00815	0.00752	0.01157
22	0.00885	0.00637	0.00839	0.01001	0.01051	0.00591	0.00670	0.01013	0.01402	0.01860	0.04140	0.71314	0.07387	0.02260	0.00925	0.00293	0.00420	0.02045	0.00675	0.00591
23	0.01373	0.01292	0.02180	0.72707	0.05006	0.01615	0.02019	0.01857	0.01453	0.01857	0.01292	0.01938	0.00969	0.00727	0.00727	0.00242	0.00969	0.00646	0.00323	0.00807
24	0.00897	0.00661	0.00841	0.00958	0.01046	0.00604	0.00657	0.01056	0.01506	0.01988	0.11701	0.56028	0.15145	0.02123	0.00909	0.00280	0.00405	0.01901	0.00689	0.00604
25	0.01038	0.00779	0.01168	0.01168	0.01298	0.00909	0.00909	0.01298	0.01168	0.01687	0.01947	0.02856	0.01817	0.05452	0.71573	0.01168	0.01947	0.00779	0.00389	0.00649
26	0.02715	0.03464	0.02060	0.01873	0.02247	0.71536	0.01404	0.02903	0.02060	0.01779	0.01124	0.01311	0.00936	0.00749	0.00655	0.00187	0.01311	0.00468	0.00375	0.00843
27	0.79588	0.01406	0.01068	0.00956	0.01406	0.01631	0.00787	0.02137	0.01237	0.03261	0.01012	0.01181	0.00787	0.00675	0.00450	0.00225	0.00562	0.00394	0.00450	0.00787
28	0.01821	0.56952	0.20675	0.01453	0.02189	0.02577	0.01607	0.02208	0.01492	0.01859	0.01085	0.01259	0.00930	0.00639	0.00523	0.00174	0.00852	0.00426	0.00310	0.00969
29	0.01294	0.00684	0.00987	0.00977	0.01001	0.00698	0.00661	0.01113	0.04793	0.01364	0.01359	0.02238	0.01317	0.02438	0.02721	0.74383	0.00628	0.00642	0.00340	0.00363
30	0.01596	0.01928	0.09884	0.11365	0.09760	0.01694	0.42382	0.02162	0.01637	0.02238	0.01613	0.07272	0.01350	0.00761	0.00819	0.00244	0.01087	0.00873	0.00379	0.00955
31	0.02662	0.01986	0.02125	0.01652	0.02216	0.02207	0.01357	0.60778	0.10299	0.04419	0.01873	0.01847	0.01340	0.00885	0.00728	0.00221	0.00776	0.00672	0.00728	0.01227
32	0.01943	0.74891	0.03809	0.01244	0.01866	0.02876	0.01244	0.02177	0.01477	0.01710	0.01011	0.01166	0.00933	0.00622	0.00466	0.00155	0.00777	0.00389	0.00311	0.00933
33	0.02642	0.01388	0.01707	0.01308	0.01881	0.01270	0.01068	0.11916	0.07795	0.39066	0.02338	0.02159	0.01582	0.00815	0.00684	0.00197	0.00620	0.00655	0.00748	0.20161
34	0.01019	0.00819	0.00922	0.00926	0.01133	0.00773	0.00681	0.01458	0.10088	0.02271	0.18837	0.20608	0.34284	0.01755	0.00859	0.00253	0.00401	0.01515	0.00709	0.00691
35	0.74740	0.01552	0.05388	0.01025	0.01514	0.01634	0.00905	0.02147	0.01256	0.03202	0.01030	0.01203	0.00796	0.00676	0.00465	0.00225	0.00594	0.00403	0.00441	0.00805
36	0.02816	0.01952	0.02129	0.01632	0.02212	0.02129	0.01348	0.60732	0.03276	0.11545	0.01864	0.01822	0.01296	0.00875	0.00728	0.00219	0.00781	0.00663	0.00745	0.01236
37	0.02748	0.01279	0.01632	0.01291	0.01783	0.01203	0.01051	0.11803	0.05702	0.46841	0.13814	0.02880	0.02587	0.00998	0.00752	0.00226	0.00595	0.00822	0.00852	0.01141
38	0.01328	0.01045	0.01291	0.03444	0.01654	0.01115	0.01110	0.02155	0.21313	0.02434	0.07137	0.08448	0.07732	0.01642	0.00899	0.00294	0.00607	0.34858	0.00687	0.00809
39	0.01158	0.00883	0.01129	0.01099	0.01282	0.00901	0.00859	0.01674	0.09490	0.02693	0.44157	0.09318	0.05505	0.01553	0.00939	0.00256	0.03596	0.12029	0.00743	0.00735
40	0.01152	0.00752	0.00977	0.00956	0.01130	0.00686	0.00703	0.01423	0.01860	0.07779	0.43146	0.22830	0.10496	0.01669	0.00866	0.00247	0.00386	0.01478	0.00767	0.00699
41	0.00900	0.00643	0.00860	0.01029	0.01078	0.00603	0.00700	0.01038	0.01406	0.01872	0.03998	0.70573	0.04775	0.02263	0.00932	0.00297	0.00435	0.05327	0.00674	0.00595
42	0.02664	0.01987	0.02126	0.01652	0.02216	0.02208	0.01358	0.60872	0.10203	0.04421	0.01872	0.01846	0.01338	0.00884	0.00728	0.00221	0.00777	0.00672	0.00728	0.01227
43	0.00982	0.00731	0.00913	0.00888	0.01062	0.00663	0.00658	0.01273	0.01916	0.02628	0.51118	0.12098	0.19127	0.01630	0.00864	0.00238	0.00355	0.01428	0.00764	0.00663
44	0.02763	0.02036	0.02182	0.01672	0.02254	0.02254	0.01382	0.67496	0.03418	0.04581	0.01745	0.01745	0.01236	0.00873	0.00727	0.00218	0.00800	0.00654	0.00727	0.01236
45	0.02525	0.01927	0.02006	0.01591	0.02097	0.05635	0.01295	0.54996	0.03057	0.04075	0.01844	0.04966	0.01433	0.01217	0.05223	0.00279	0.00868	0.00715	0.03119	0.01133
46	0.01014	0.00742	0.00950	0.00898	0.01077	0.00679	0.00674	0.01342	0.02021	0.02829	0.63930	0.05571	0.12518	0.01518	0.00857	0.00230	0.00345	0.01334	0.00789	0.00679
47	0.00886	0.00633	0.00843	0.01012	0.01054	0.00590	0.00675	0.01012	0.01392	0.01856	0.04006	0.73979	0.04808	0.02277	0.00928	0.00295	0.00422	0.02066	0.00675	0.00590
48	0.70580	0.03926	0.01253	0.01025	0.01492	0.01724	0.00852	0.07584	0.01427	0.03319	0.01073	0.01227	0.00830	0.00689	0.00474	0.00222	0.00589	0.00415	0.00468	0.00830
49	0.01705	0.02039	0.07158	0.03021	0.03771	0.01832	0.64488	0.02327	0.01708	0.02327	0.01463	0.01942	0.01095	0.00616	0.00851	0.00244	0.01219	0.00844	0.00365	0.00984
50	0.53142	0.01800	0.01387	0.01204	0.01661	0.13770	0.00968	0.07744	0.01634	0.09105	0.01257	0.01365	0.00940	0.00724	0.00533	0.00218	0.00717	0.00458	0.00500	0.00874
51	0.52897	0.01506	0.05586	0.04207	0.01778	0.01498	0.01026	0.02475	0.01469	0.19388	0.01491	0.01548	0.01048	0.00732	0.00545	0.00226	0.00625	0.00495	0.00544	0.00915
52	0.04269	0.01841	0.03838	0.07359	0.08860	0.01769	0.53842	0.02244	0.01669	0.02319	0.01516	0.04196	0.01205	0.00677	0.00828	0.00244	0.01134	0.00851	0.00377	0.00964

[dist]
# distance from previous block
# <min> <max>
0	1

[block]
# block no. 4 follows, 28 sequences, length 17
# corresponding to MSA columns:
# 367-383
name=unknown_E
#
# <colnr> <probs for GDERKNQSTAVLIFYWHMCP>
#	G	D	E	R	K	N	Q	S	T	A	V	L	I	F	Y	W	H	M	C	P
0	0.01531	0.01313	0.01518	0.01109	0.01736	0.01035	0.00884	0.01991	0.06823	0.02422	0.01424	0.01603	0.01167	0.00574	0.00554	0.00119	0.00541	0.00462	0.00455	0.72738
1	0.05313	0.03562	0.64231	0.02062	0.03090	0.01692	0.05542	0.02295	0.01528	0.02350	0.01298	0.01537	0.00923	0.00686	0.00686	0.00231	0.01056	0.00545	0.00317	0.01056
2	0.01941	0.01628	0.01719	0.01506	0.01941	0.01870	0.01183	0.12745	0.59506	0.03256	0.02789	0.02577	0.02082	0.00970	0.00738	0.00243	0.00607	0.00798	0.00738	0.01163
3	0.01203	0.00795	0.01027	0.00984	0.01195	0.00729	0.00770	0.01519	0.01950	0.07989	0.46474	0.05811	0.14245	0.01563	0.00869	0.00246	0.00416	0.10723	0.00772	0.00717
4	0.01294	0.01051	0.01569	0.03879	0.12093	0.01051	0.05253	0.07439	0.01643	0.02216	0.03055	0.41479	0.03417	0.05322	0.01010	0.00294	0.00623	0.05957	0.00589	0.00765
5	0.04371	0.03552	0.64086	0.02172	0.07048	0.01688	0.02588	0.02292	0.01531	0.02342	0.01297	0.01537	0.00930	0.00687	0.00683	0.00229	0.01043	0.00538	0.00315	0.01068
6	0.02717	0.01160	0.01544	0.01223	0.01695	0.01036	0.00994	0.06089	0.02139	0.51525	0.18373	0.03129	0.02953	0.01035	0.00760	0.00225	0.00563	0.00864	0.00868	0.01108
7	0.00913	0.00657	0.00855	0.00974	0.01043	0.00611	0.00660	0.01069	0.01487	0.01996	0.13710	0.57429	0.08238	0.05431	0.01040	0.00302	0.00420	0.01884	0.00682	0.00599
8	0.02715	0.01828	0.02000	0.01546	0.02093	0.01980	0.01273	0.54228	0.03099	0.12741	0.01936	0.01913	0.01357	0.00874	0.00710	0.00215	0.00741	0.00666	0.06892	0.01192
9	0.01401	0.01255	0.01726	0.01535	0.01587	0.01647	0.01228	0.03622	0.01193	0.01771	0.01446	0.02416	0.01450	0.13641	0.20688	0.00598	0.40975	0.00739	0.00369	0.00716
10	0.04277	0.00707	0.00702	0.00697	0.00864	0.00716	0.00513	0.01659	0.01476	0.02625	0.02314	0.02818	0.01886	0.06800	0.00764	0.00215	0.00377	0.00698	0.69232	0.00662
11	0.00914	0.00653	0.00876	0.01045	0.01099	0.00615	0.00724	0.01061	0.01420	0.01887	0.03991	0.67450	0.04746	0.02251	0.00935	0.00299	0.00446	0.08316	0.00674	0.00598
12	0.01458	0.03760	0.70688	0.02072	0.03146	0.01688	0.02686	0.02302	0.01535	0.02302	0.01304	0.01535	0.00921	0.00691	0.00691	0.00230	0.01074	0.00537	0.00307	0.01074
13	0.01716	0.01961	0.04289	0.03064	0.03799	0.01838	0.67279	0.02328	0.01716	0.02328	0.01471	0.01961	0.01103	0.00613	0.00858	0.00245	0.01225	0.00858	0.00368	0.00980
14	0.01774	0.01408	0.01531	0.01370	0.01755	0.01576	0.01066	0.03430	0.53441	0.07489	0.11663	0.03184	0.04961	0.01072	0.00758	0.00243	0.00542	0.00902	0.00756	0.01079
15	0.01355	0.00678	0.00678	0.00678	0.00847	0.00678	0.00508	0.01694	0.01524	0.02710	0.02371	0.02710	0.01863	0.00847	0.00508	0.00169	0.00339	0.00678	0.78489	0.00678
16	0.07779	0.01884	0.01985	0.01544	0.02084	0.02085	0.01271	0.57804	0.03119	0.04342	0.01747	0.01786	0.01257	0.00857	0.00691	0.00215	0.00747	0.00639	0.07004	0.01161

[dist]
# distance from previous block
# <min> <max>
0	1

[block]
# block no. 5 follows, 28 sequences, length 6
# corresponding to MSA columns:
# 385-390
name=unknown_F
#
# <colnr> <probs for GDERKNQSTAVLIFYWHMCP>
#	G	D	E	R	K	N	Q	S	T	A	V	L	I	F	Y	W	H	M	C	P
0	0.02755	0.04724	0.06631	0.01368	0.01921	0.03815	0.01194	0.08072	0.04666	0.46229	0.08761	0.02539	0.02114	0.00923	0.00726	0.00222	0.00669	0.00745	0.00785	0.01143
1	0.01030	0.00744	0.01030	0.01045	0.01130	0.00820	0.00752	0.01202	0.01157	0.01623	0.02238	0.10049	0.02335	0.25038	0.45415	0.00953	0.01447	0.00979	0.00431	0.00583
