[name]
unknown

[dist]
# distance from previous block
# <min> <max>
0	40

[block]
# block no. 0 follows, 30 sequences, length 11
# corresponding to MSA columns:
# 42-52
name=unknown_A
#
# <colnr> <probs for GDERKNQSTAVLIFYWHMCP>
#	G	D	E	R	K	N	Q	S	T	A	V	L	I	F	Y	W	H	M	C	P
0	0.16536	0.06553	0.21133	0.01838	0.11456	0.03656	0.01598	0.04080	0.05082	0.10749	0.01733	0.02308	0.01417	0.00838	0.00651	0.00224	0.00773	0.07948	0.00469	0.00958
1	0.07819	0.01897	0.16594	0.01419	0.01976	0.03623	0.01334	0.04538	0.28611	0.07705	0.05357	0.02287	0.03837	0.00848	0.00663	0.00213	0.00664	0.00680	0.00569	0.09365
2	0.02055	0.01422	0.04954	0.01387	0.01898	0.01260	0.06095	0.14776	0.04709	0.21602	0.02621	0.05523	0.07917	0.00983	0.00714	0.00210	0.00650	0.05780	0.00639	0.14806
3	0.01707	0.01270	0.01563	0.09388	0.01994	0.01350	0.02694	0.22787	0.06993	0.06441	0.11142	0.08901	0.11821	0.01230	0.00775	0.00236	0.00624	0.07551	0.00648	0.00885
4	0.05350	0.01160	0.01863	0.60122	0.04111	0.01417	0.01701	0.01687	0.01377	0.01853	0.01581	0.11770	0.01422	0.00897	0.00710	0.00239	0.00839	0.00793	0.00362	0.00746
5	0.11786	0.00800	0.00945	0.00883	0.01084	0.00782	0.00672	0.01417	0.01868	0.02844	0.61266	0.04658	0.05792	0.01321	0.00770	0.00219	0.00358	0.01142	0.00722	0.00672
6	0.01569	0.02424	0.25375	0.02642	0.03450	0.01719	0.47875	0.02227	0.01593	0.02227	0.01362	0.01754	0.01004	0.00612	0.00773	0.00231	0.01131	0.00727	0.00335	0.00969
7	0.01873	0.01333	0.01544	0.04749	0.04838	0.03955	0.01076	0.20121	0.08197	0.12180	0.02759	0.23847	0.05664	0.01266	0.00755	0.00233	0.00618	0.01082	0.00650	0.03260
8	0.00932	0.01049	0.10458	0.01040	0.01272	0.00724	0.00884	0.01180	0.01475	0.01962	0.10679	0.42512	0.19606	0.01809	0.00838	0.00258	0.00471	0.01597	0.00611	0.00644
9	0.02369	0.01233	0.01511	0.01223	0.01659	0.01195	0.00985	0.16123	0.06326	0.35611	0.12765	0.06190	0.07519	0.01070	0.00736	0.00221	0.00562	0.00886	0.00782	0.01034
10	0.01576	0.02330	0.25220	0.06692	0.24680	0.01674	0.23263	0.02175	0.01560	0.02218	0.01321	0.01702	0.01011	0.00628	0.00724	0.00222	0.01009	0.00652	0.00330	0.01013

[dist]
# distance from previous block
# <min> <max>
1	3

[block]
# block no. 1 follows, 30 sequences, length 12
# corresponding to MSA columns:
# 56-67
name=unknown_B
#
# <colnr> <probs for GDERKNQSTAVLIFYWHMCP>
#	G	D	E	R	K	N	Q	S	T	A	V	L	I	F	Y	W	H	M	C	P
0	0.01582	0.01532	0.11166	0.01448	0.05480	0.01266	0.01197	0.18491	0.04525	0.04894	0.08511	0.19938	0.09096	0.01244	0.00749	0.00226	0.00614	0.01063	0.00598	0.06382
1	0.01984	0.20089	0.02079	0.01265	0.01733	0.03182	0.01076	0.18511	0.06823	0.10948	0.04621	0.06688	0.06460	0.00982	0.00660	0.00201	0.00646	0.04399	0.00582	0.07069
2	0.01913	0.02034	0.13525	0.08205	0.05377	0.01823	0.17655	0.26440	0.03848	0.03007	0.05052	0.01910	0.01374	0.00779	0.00793	0.00224	0.03837	0.00692	0.00494	0.01019
3	0.01107	0.00917	0.01213	0.01101	0.01231	0.01023	0.00864	0.01377	0.01711	0.02429	0.47085	0.04433	0.11362	0.01408	0.01191	0.00243	0.18867	0.01119	0.00640	0.00678
4	0.01517	0.01345	0.01795	0.01849	0.19085	0.01113	0.01157	0.01854	0.01483	0.02275	0.01258	0.01517	0.01052	0.00543	0.00560	0.00129	0.00595	0.00466	0.00396	0.60010
5	0.02190	0.01631	0.01827	0.03949	0.02036	0.01658	0.01149	0.40377	0.02509	0.06227	0.01582	0.01730	0.01194	0.03109	0.00732	0.00192	0.00684	0.00575	0.00592	0.26058
6	0.21360	0.01949	0.12769	0.02162	0.02813	0.01668	0.36259	0.02141	0.01475	0.02437	0.01251	0.01601	0.00951	0.00635	0.00744	0.00225	0.03800	0.00640	0.00366	0.04756
7	0.01001	0.00730	0.01031	0.01031	0.01124	0.00823	0.00759	0.01188	0.01095	0.01553	0.01952	0.03199	0.01943	0.22859	0.55357	0.01010	0.01570	0.00815	0.00386	0.00573
8	0.00850	0.00683	0.00759	0.00793	0.00972	0.00592	0.00575	0.01031	0.01571	0.01965	0.13646	0.23681	0.46771	0.01833	0.00841	0.00246	0.00364	0.01577	0.00662	0.00592
9	0.01447	0.01562	0.03288	0.02447	0.02986	0.01464	0.51540	0.01918	0.01569	0.02121	0.02023	0.20235	0.01951	0.00989	0.00840	0.00247	0.00983	0.01115	0.00427	0.00847
10	0.01787	0.01397	0.01609	0.01210	0.01761	0.01268	0.00975	0.18600	0.01910	0.05405	0.01523	0.05142	0.01270	0.00717	0.00649	0.00150	0.03148	0.00562	0.00510	0.50407
11	0.01503	0.01277	0.01464	0.01173	0.01654	0.01183	0.00922	0.04341	0.18648	0.02434	0.01900	0.08981	0.01661	0.00826	0.00675	0.00166	0.03328	0.00677	0.00516	0.46671

[dist]
# distance from previous block
# <min> <max>
0	4

[block]
# block no. 2 follows, 30 sequences, length 9
# corresponding to MSA columns:
# 72-80
name=unknown_C
#
# <colnr> <probs for GDERKNQSTAVLIFYWHMCP>
#	G	D	E	R	K	N	Q	S	T	A	V	L	I	F	Y	W	H	M	C	P
0	0.01629	0.07343	0.31414	0.02433	0.13178	0.07063	0.14605	0.02181	0.01512	0.02093	0.01223	0.01556	0.00956	0.00705	0.00862	0.00223	0.09149	0.00586	0.00320	0.00971
1	0.02059	0.01888	0.01661	0.01483	0.01820	0.21307	0.01143	0.09322	0.23020	0.09243	0.02262	0.13098	0.01959	0.01070	0.00810	0.00227	0.05259	0.00841	0.00592	0.00936
2	0.01382	0.10049	0.02278	0.65231	0.04450	0.01693	0.01850	0.01819	0.01398	0.01766	0.01208	0.01773	0.00926	0.00686	0.00668	0.00223	0.00909	0.00591	0.00309	0.00789
3	0.01396	0.01167	0.01357	0.01034	0.01558	0.00926	0.00811	0.04884	0.01532	0.02295	0.01934	0.10470	0.05840	0.00808	0.00589	0.00138	0.00506	0.00676	0.00470	0.61609
4	0.09210	0.03672	0.01950	0.01560	0.01923	0.14766	0.13901	0.06140	0.03713	0.02239	0.06883	0.06039	0.14521	0.03858	0.00944	0.00242	0.06293	0.00875	0.00486	0.00785
5	0.01480	0.01272	0.01506	0.11995	0.03922	0.05476	0.01100	0.11682	0.01668	0.02222	0.04475	0.12079	0.09397	0.10520	0.01279	0.00287	0.10021	0.00935	0.03467	0.05218
6	0.01594	0.01708	0.09386	0.01764	0.07746	0.04261	0.01418	0.08630	0.06499	0.02324	0.07806	0.04076	0.04694	0.01026	0.01227	0.00236	0.25265	0.00720	0.00454	0.09164
7	0.01704	0.04344	0.01689	0.01569	0.06447	0.12696	0.01139	0.11693	0.12214	0.02355	0.05099	0.11282	0.03797	0.03872	0.11070	0.00366	0.06437	0.00858	0.00519	0.00849
8	0.04593	0.01786	0.09122	0.05132	0.02032	0.10016	0.01223	0.08704	0.05808	0.09218	0.05936	0.04401	0.01602	0.00798	0.00686	0.00185	0.02929	0.00623	0.00506	0.24701

[dist]
# distance from previous block
# <min> <max>
0	11

[block]
# block no. 3 follows, 30 sequences, length 11
# corresponding to MSA columns:
# 92-102
name=unknown_D
#
# <colnr> <probs for GDERKNQSTAVLIFYWHMCP>
#	G	D	E	R	K	N	Q	S	T	A	V	L	I	F	Y	W	H	M	C	P
0	0.02032	0.08358	0.04109	0.01617	0.05978	0.11904	0.06392	0.12748	0.01981	0.12132	0.11818	0.02246	0.01994	0.00843	0.00711	0.00198	0.02723	0.00684	0.06194	0.05338
1	0.01984	0.04164	0.01823	0.03856	0.12078	0.04460	0.01239	0.12188	0.05670	0.17507	0.02751	0.07423	0.11494	0.01080	0.00862	0.00229	0.07028	0.02614	0.00596	0.00955
2	0.02121	0.07306	0.04077	0.03360	0.06159	0.16227	0.03323	0.12982	0.10587	0.11568	0.02057	0.06827	0.04207	0.00916	0.00739	0.00212	0.03338	0.00723	0.00545	0.02727
3	0.00916	0.00741	0.00830	0.00797	0.01028	0.00631	0.00595	0.01138	0.01659	0.02143	0.22851	0.11219	0.43769	0.01616	0.00806	0.00225	0.00364	0.01377	0.00661	0.06634
4	0.01447	0.01240	0.01447	0.01034	0.01654	0.00930	0.00827	0.01757	0.01447	0.02274	0.01240	0.01447	0.01034	0.00517	0.00517	0.00103	0.00517	0.00413	0.00413	0.79742
5	0.01450	0.01090	0.04176	0.01119	0.01409	0.01014	0.00907	0.07116	0.12796	0.09182	0.23020	0.14830	0.08450	0.01355	0.00779	0.00235	0.00486	0.05051	0.04719	0.00817
6	0.00850	0.00708	0.00742	0.00734	0.00958	0.00600	0.00550	0.01051	0.01651	0.02028	0.17039	0.06480	0.60780	0.01714	0.00824	0.00233	0.00350	0.01440	0.00667	0.00600
7	0.02016	0.56958	0.03212	0.01316	0.01869	0.11729	0.01220	0.07432	0.05128	0.01929	0.01134	0.01256	0.00982	0.00649	0.00504	0.00162	0.00804	0.00424	0.00358	0.00918
8	0.00860	0.00612	0.00807	0.00959	0.00997	0.00574	0.00634	0.00974	0.01316	0.01755	0.03744	0.70658	0.04487	0.06724	0.01055	0.00308	0.00422	0.01924	0.00634	0.00558
9	0.06843	0.05026	0.01745	0.01330	0.01728	0.04487	0.01048	0.41293	0.02421	0.03288	0.01716	0.02365	0.01493	0.20514	0.01421	0.00329	0.00748	0.00697	0.00578	0.00931
10	0.23961	0.01791	0.01596	0.01425	0.04292	0.13828	0.01080	0.20012	0.05125	0.02938	0.01479	0.03758	0.01233	0.04969	0.00822	0.00233	0.03461	0.00585	0.02906	0.04506

[dist]
# distance from previous block
# <min> <max>
1	6

[block]
# block no. 4 follows, 30 sequences, length 55
# corresponding to MSA columns:
# 109-163
name=unknown_E
#
# <colnr> <probs for GDERKNQSTAVLIFYWHMCP>
#	G	D	E	R	K	N	Q	S	T	A	V	L	I	F	Y	W	H	M	C	P
0	0.04791	0.23219	0.08489	0.01606	0.05344	0.08455	0.03571	0.07473	0.13748	0.07274	0.01559	0.01646	0.01213	0.00736	0.00667	0.00195	0.03709	0.00547	0.00462	0.05295
1	0.02189	0.04461	0.01776	0.03770	0.01928	0.14450	0.01150	0.29095	0.04458	0.09473	0.02432	0.11800	0.07842	0.01069	0.00714	0.00216	0.00753	0.00852	0.00615	0.00957
2	0.01245	0.00809	0.01029	0.01012	0.01194	0.00780	0.00742	0.01668	0.09154	0.09735	0.30535	0.31304	0.04829	0.01605	0.00824	0.00245	0.00411	0.01427	0.00726	0.00728
3	0.01265	0.01089	0.01653	0.38943	0.05040	0.01269	0.01423	0.05318	0.01514	0.02010	0.04810	0.19603	0.05436	0.01161	0.00811	0.00243	0.03650	0.01011	0.03013	0.00740
4	0.01769	0.09295	0.35838	0.07266	0.06619	0.01563	0.01910	0.02376	0.03682	0.14157	0.01537	0.01674	0.01099	0.00688	0.00643	0.00204	0.00850	0.00548	0.00421	0.07861
5	0.02233	0.02196	0.24725	0.01764	0.04890	0.01541	0.05441	0.18457	0.02098	0.23771	0.04598	0.01977	0.01458	0.00790	0.00700	0.00217	0.00809	0.00650	0.00587	0.01099
6	0.00843	0.00683	0.00751	0.00801	0.00980	0.00591	0.00584	0.01009	0.01521	0.01864	0.06054	0.25652	0.50074	0.01889	0.00848	0.00252	0.00378	0.03992	0.00648	0.00585
7	0.42083	0.01412	0.01649	0.12331	0.08808	0.01568	0.04408	0.05993	0.04069	0.09743	0.01355	0.01546	0.01004	0.00694	0.00568	0.00219	0.00676	0.00521	0.00470	0.00882
8	0.01800	0.08011	0.16861	0.17023	0.11284	0.08501	0.11514	0.12399	0.01817	0.02379	0.01307	0.01625	0.00994	0.00681	0.00682	0.00213	0.00966	0.00594	0.00381	0.00967
9	0.03036	0.01320	0.05463	0.01282	0.01849	0.01058	0.01111	0.03336	0.01969	0.67808	0.02671	0.02326	0.01681	0.00853	0.00700	0.00216	0.00618	0.00692	0.00833	0.01179
10	0.01375	0.00722	0.00729	0.00703	0.00887	0.00733	0.00534	0.05302	0.01563	0.02700	0.02244	0.02551	0.01756	0.00814	0.00499	0.00165	0.00349	0.00649	0.75046	0.00680
11	0.05864	0.01437	0.02322	0.43262	0.21398	0.01634	0.05094	0.06814	0.01584	0.02197	0.01284	0.01774	0.00991	0.00680	0.00687	0.00224	0.00883	0.00618	0.00356	0.00897
12	0.01649	0.24567	0.41854	0.01731	0.02518	0.08249	0.02006	0.02196	0.01479	0.01970	0.01136	0.01354	0.00890	0.00680	0.00689	0.00201	0.05097	0.00474	0.00302	0.00957
13	0.01195	0.00606	0.00904	0.00912	0.00914	0.00604	0.00608	0.00912	0.00930	0.01240	0.01339	0.05635	0.01376	0.02413	0.02639	0.75869	0.00596	0.00672	0.00320	0.00316
14	0.80405	0.01350	0.01026	0.00918	0.01350	0.01565	0.00756	0.02051	0.01188	0.03131	0.00972	0.01134	0.00756	0.00648	0.00432	0.00216	0.00540	0.00378	0.00432	0.00756
15	0.02986	0.01155	0.01573	0.01217	0.01731	0.01001	0.01001	0.03259	0.01996	0.66939	0.07366	0.02568	0.02057	0.00902	0.00710	0.00216	0.00576	0.00740	0.00857	0.01152
16	0.01015	0.00677	0.00761	0.00761	0.00761	0.00677	0.00423	0.01015	0.01015	0.01353	0.02199	0.04567	0.02537	0.75476	0.03552	0.00677	0.00677	0.01015	0.00423	0.00423
17	0.01549	0.01593	0.02508	0.02039	0.02172	0.02068	0.14069	0.01783	0.01177	0.01783	0.01009	0.01593	0.00943	0.01103	0.02016	0.00292	0.60541	0.00650	0.00314	0.00797
18	0.00976	0.00709	0.00919	0.00875	0.01037	0.00652	0.00653	0.01290	0.01934	0.02721	0.65536	0.08061	0.09075	0.01471	0.00826	0.00223	0.00333	0.01299	0.00759	0.00652
19	0.01149	0.00975	0.01025	0.00977	0.01252	0.00987	0.00741	0.01950	0.25156	0.02282	0.08627	0.09076	0.40163	0.01491	0.00789	0.00238	0.00424	0.01255	0.00675	0.00769
20	0.02556	0.08422	0.02101	0.01747	0.02132	0.64842	0.01336	0.05423	0.01991	0.01813	0.01095	0.01266	0.00910	0.00715	0.00619	0.00179	0.01202	0.00451	0.00369	0.00831
21	0.01527	0.01527	0.02137	0.01832	0.01832	0.02137	0.01527	0.01679	0.01069	0.01679	0.00916	0.01527	0.00916	0.01221	0.02290	0.00305	0.74198	0.00611	0.00305	0.00763
22	0.66185	0.01449	0.01286	0.04688	0.08266	0.04256	0.00967	0.02075	0.01266	0.02932	0.01021	0.01230	0.00803	0.00650	0.00477	0.00215	0.00613	0.00415	0.00415	0.00792
23	0.00961	0.00712	0.00895	0.00849	0.01026	0.00647	0.00637	0.01264	0.01911	0.02646	0.60155	0.05463	0.17279	0.01483	0.00823	0.00222	0.00333	0.01297	0.00748	0.00647
24	0.01526	0.01287	0.01489	0.01071	0.01687	0.01011	0.00859	0.06122	0.01566	0.02412	0.01269	0.01462	0.01044	0.00538	0.00529	0.00110	0.00533	0.00427	0.00432	0.74627
25	0.01257	0.00925	0.01036	0.00979	0.01237	0.00907	0.00744	0.03941	0.14761	0.07037	0.13242	0.12191	0.31150	0.04171	0.00899	0.00255	0.00445	0.03390	0.00683	0.00751
26	0.05641	0.02024	0.11422	0.01868	0.09704	0.08590	0.01489	0.21708	0.06930	0.02812	0.01477	0.01702	0.01155	0.00961	0.02514	0.02822	0.09640	0.00588	0.03363	0.03591
27	0.00849	0.00611	0.00806	0.00962	0.01010	0.00568	0.00643	0.00973	0.01346	0.01785	0.03967	0.72461	0.07097	0.02171	0.00888	0.00282	0.00403	0.01965	0.00648	0.00568
28	0.00885	0.00632	0.00848	0.01001	0.01059	0.00595	0.00699	0.01035	0.01389	0.01852	0.06337	0.65265	0.04625	0.02130	0.00896	0.00285	0.00427	0.08809	0.00652	0.00578
29	0.04411	0.47627	0.02998	0.01381	0.01842	0.10808	0.01252	0.04830	0.04076	0.01861	0.01073	0.01278	0.00953	0.00733	0.00776	0.00185	0.12248	0.00445	0.00342	0.00880
30	0.04877	0.25697	0.05089	0.18160	0.02780	0.01904	0.11285	0.02271	0.01534	0.14902	0.01437	0.01665	0.01078	0.00698	0.00689	0.00205	0.03814	0.00572	0.00420	0.00923
31	0.01072	0.00764	0.00982	0.01058	0.01242	0.00718	0.00871	0.01338	0.01635	0.04351	0.12172	0.12353	0.22238	0.01814	0.00896	0.00280	0.00509	0.34399	0.00666	0.00642
32	0.01355	0.01269	0.02137	0.63861	0.11733	0.01536	0.01931	0.01809	0.01423	0.01846	0.01334	0.02058	0.01057	0.00733	0.00706	0.00233	0.00909	0.02936	0.00326	0.00806
33	0.01935	0.01581	0.01988	0.33218	0.05458	0.07322	0.01565	0.13889	0.10717	0.10441	0.01676	0.01921	0.01225	0.00790	0.00746	0.00225	0.03218	0.00639	0.00498	0.00950
34	0.01718	0.01019	0.01223	0.01075	0.01361	0.03729	0.00830	0.05228	0.04124	0.21238	0.37092	0.11456	0.04441	0.01284	0.00780	0.00224	0.00474	0.01110	0.00760	0.00837
35	0.69966	0.01286	0.01029	0.00914	0.01331	0.01464	0.00749	0.02092	0.01254	0.06836	0.01172	0.01317	0.00890	0.00673	0.00451	0.00212	0.00526	0.00417	0.06652	0.00771
36	0.01297	0.01031	0.01430	0.24565	0.02415	0.01145	0.01167	0.12179	0.01659	0.02191	0.02605	0.37444	0.02810	0.03710	0.00878	0.00267	0.00641	0.01296	0.00540	0.00730
37	0.05455	0.01808	0.01896	0.01510	0.02022	0.04514	0.01229	0.43872	0.16150	0.11306	0.01975	0.01899	0.01405	0.00851	0.00688	0.00215	0.00716	0.00652	0.00696	0.01141
38	0.01014	0.00679	0.00775	0.00775	0.00779	0.00684	0.00440	0.01024	0.01019	0.01363	0.02186	0.04498	0.02507	0.72828	0.06159	0.00693	0.00721	0.01005	0.00421	0.00430
39	0.01015	0.00677	0.00761	0.00761	0.00761	0.00677	0.00423	0.01015	0.01015	0.01353	0.02199	0.04567	0.02537	0.75476	0.03552	0.00677	0.00677	0.01015	0.00423	0.00423
40	0.07141	0.05519	0.25999	0.09676	0.08052	0.13931	0.07700	0.04850	0.03807	0.05002	0.01335	0.01575	0.01000	0.00687	0.00657	0.00212	0.00970	0.00556	0.00377	0.00954
41	0.11897	0.51783	0.11697	0.03694	0.01989	0.02399	0.01348	0.02073	0.01380	0.01911	0.01012	0.01206	0.00878	0.00641	0.00556	0.00176	0.03750	0.00409	0.00316	0.00885
42	0.01443	0.00975	0.01198	0.09009	0.04323	0.01050	0.00888	0.12297	0.01683	0.02524	0.04300	0.06739	0.01966	0.09567	0.07236	0.00329	0.00661	0.00786	0.32292	0.00736
43	0.01667	0.05845	0.09544	0.01267	0.01903	0.01362	0.01141	0.11793	0.07774	0.02599	0.01432	0.01567	0.01129	0.00623	0.00573	0.00146	0.00627	0.00487	0.00462	0.48060
44	0.01063	0.00776	0.01020	0.01109	0.01263	0.00760	0.00905	0.01390	0.03876	0.02154	0.15910	0.13683	0.09629	0.06093	0.01062	0.00310	0.00539	0.37166	0.00656	0.00636
45	0.01709	0.07974	0.35435	0.01832	0.04314	0.01736	0.06183	0.14145	0.06246	0.02617	0.01421	0.01587	0.01054	0.00685	0.00650	0.00201	0.00876	0.00554	0.00413	0.10367
46	0.01584	0.27487	0.40069	0.01810	0.02628	0.02034	0.08441	0.02153	0.01457	0.02004	0.01161	0.01397	0.00906	0.00654	0.00665	0.00201	0.03580	0.00501	0.00302	0.00968
47	0.01727	0.01658	0.02832	0.04283	0.71123	0.01658	0.02142	0.02142	0.01589	0.02280	0.01313	0.01727	0.01105	0.00622	0.00691	0.00207	0.00829	0.00622	0.00345	0.01105
48	0.00870	0.00619	0.00820	0.00972	0.01015	0.00582	0.00654	0.00993	0.01329	0.01769	0.03747	0.68364	0.04474	0.06312	0.01044	0.00307	0.00430	0.04501	0.00635	0.00562
49	0.01756	0.01536	0.04630	0.26833	0.31218	0.01574	0.03739	0.07177	0.01682	0.08330	0.01474	0.01849	0.01121	0.00691	0.00691	0.00216	0.00837	0.00632	0.03027	0.00986
50	0.00997	0.00748	0.01121	0.01121	0.01246	0.00872	0.00872	0.01246	0.01121	0.01620	0.01869	0.02741	0.01745	0.05234	0.72710	0.01121	0.01869	0.00748	0.00374	0.00623
51	0.10453	0.01404	0.01686	0.01306	0.01840	0.01375	0.01078	0.20373	0.02255	0.47430	0.02300	0.02073	0.01492	0.00836	0.00675	0.00214	0.00634	0.00651	0.00779	0.01146
52	0.01301	0.00650	0.00650	0.00650	0.00813	0.00650	0.00488	0.01626	0.01463	0.02602	0.02276	0.02602	0.01789	0.00813	0.00488	0.00163	0.00325	0.00650	0.79350	0.00650
53	0.01942	0.56392	0.03289	0.01353	0.01928	0.07529	0.04446	0.06823	0.04335	0.01940	0.01133	0.01276	0.00978	0.00633	0.00509	0.00162	0.00789	0.00436	0.00354	0.03754
54	0.01974	0.01567	0.01694	0.01298	0.01859	0.03761	0.01046	0.23530	0.10676	0.05787	0.01636	0.01696	0.01244	0.00694	0.00610	0.00161	0.00629	0.00542	0.00558	0.39037

[dist]
# distance from previous block
# <min> <max>
0	2

[block]
# block no. 5 follows, 30 sequences, length 13
# corresponding to MSA columns:
# 166-178
name=unknown_F
#
# <colnr> <probs for GDERKNQSTAVLIFYWHMCP>
#	G	D	E	R	K	N	Q	S	T	A	V	L	I	F	Y	W	H	M	C	P
0	0.02407	0.01215	0.01513	0.01179	0.01658	0.01098	0.00938	0.08659	0.05231	0.39173	0.02287	0.02427	0.01667	0.10585	0.01039	0.00254	0.00603	0.00683	0.00694	0.16688
1	0.03131	0.01188	0.01619	0.01242	0.01781	0.01026	0.01026	0.03401	0.01997	0.71606	0.02753	0.02375	0.01727	0.00864	0.00702	0.00216	0.00594	0.00702	0.00864	0.01188
2	0.02550	0.01904	0.02036	0.01585	0.02125	0.02116	0.01302	0.61514	0.10730	0.04232	0.01806	0.01779	0.01292	0.00850	0.00699	0.00212	0.00744	0.00646	0.00699	0.01178
3	0.01421	0.03459	0.65935	0.02072	0.03075	0.01633	0.08352	0.02212	0.01488	0.02212	0.01266	0.01509	0.00899	0.00656	0.00677	0.00222	0.01044	0.00543	0.00300	0.01023
4	0.80405	0.01350	0.01026	0.00918	0.01350	0.01565	0.00756	0.02051	0.01188	0.03131	0.00972	0.01134	0.00756	0.00648	0.00432	0.00216	0.00540	0.00378	0.00432	0.00756
5	0.00997	0.00748	0.01121	0.01121	0.01246	0.00872	0.00872	0.01246	0.01121	0.01620	0.01869	0.02741	0.01745	0.05234	0.72710	0.01121	0.01869	0.00748	0.00374	0.00623
6	0.80405	0.01350	0.01026	0.00918	0.01350	0.01565	0.00756	0.02051	0.01188	0.03131	0.00972	0.01134	0.00756	0.00648	0.00432	0.00216	0.00540	0.00378	0.00432	0.00756
7	0.02566	0.01912	0.02045	0.01588	0.02131	0.02124	0.01305	0.62645	0.09573	0.04258	0.01785	0.01763	0.01276	0.00848	0.00699	0.00212	0.00748	0.00643	0.00699	0.01179
8	0.01456	0.01410	0.02478	0.48938	0.22025	0.01599	0.08290	0.01919	0.01470	0.01956	0.01275	0.01828	0.00988	0.00667	0.00708	0.00226	0.00927	0.00640	0.00323	0.00877
9	0.01101	0.00787	0.01098	0.01259	0.01409	0.00783	0.01084	0.01406	0.01584	0.02063	0.03707	0.13508	0.04066	0.01949	0.00958	0.00318	0.00623	0.61017	0.00643	0.00636
10	0.00850	0.00607	0.00810	0.00972	0.01012	0.00567	0.00648	0.00972	0.01336	0.01781	0.03846	0.75020	0.04615	0.02186	0.00891	0.00283	0.00405	0.01984	0.00648	0.00567
11	0.01215	0.01135	0.09595	0.01189	0.01483	0.00841	0.04853	0.01550	0.01708	0.08204	0.32834	0.25068	0.04589	0.01465	0.00814	0.00239	0.00507	0.01315	0.00660	0.00737
12	0.11533	0.10990	0.07287	0.01639	0.06500	0.08925	0.03315	0.16309	0.07725	0.13754	0.01732	0.04376	0.01331	0.00802	0.00638	0.00207	0.00764	0.00621	0.00545	0.01008

[dist]
# distance from previous block
# <min> <max>
1	9

[block]
# block no. 6 follows, 30 sequences, length 28
# corresponding to MSA columns:
# 188-215
name=unknown_G
#
# <colnr> <probs for GDERKNQSTAVLIFYWHMCP>
#	G	D	E	R	K	N	Q	S	T	A	V	L	I	F	Y	W	H	M	C	P
0	0.04639	0.48547	0.10001	0.01307	0.01908	0.04379	0.01297	0.07054	0.04281	0.06516	0.01281	0.01385	0.01040	0.00664	0.00520	0.00172	0.00754	0.00454	0.02860	0.00942
1	0.04438	0.01384	0.01732	0.01447	0.01851	0.01489	0.07973	0.08969	0.34820	0.07872	0.17185	0.02940	0.02819	0.00987	0.00735	0.00228	0.00591	0.00860	0.00686	0.00993
2	0.00979	0.00713	0.00920	0.00869	0.01037	0.00655	0.00651	0.01300	0.01954	0.02748	0.67273	0.05295	0.10097	0.01445	0.00823	0.00220	0.00331	0.01274	0.00762	0.00655
3	0.00850	0.00607	0.00810	0.00972	0.01012	0.00567	0.00648	0.00972	0.01336	0.01781	0.03846	0.75020	0.04615	0.02186	0.00891	0.00283	0.00405	0.01984	0.00648	0.00567
4	0.01866	0.75896	0.03657	0.01194	0.01791	0.02761	0.01194	0.02090	0.01418	0.01642	0.00970	0.01119	0.00896	0.00597	0.00448	0.00149	0.00746	0.00373	0.00299	0.00896
5	0.01212	0.00606	0.00909	0.00909	0.00909	0.00606	0.00606	0.00909	0.00909	0.01212	0.01212	0.02121	0.01212	0.02424	0.02727	0.79697	0.00606	0.00606	0.00303	0.00303
6	0.01318	0.01240	0.02093	0.73798	0.04806	0.01550	0.01938	0.01783	0.01395	0.01783	0.01240	0.01860	0.00930	0.00698	0.00698	0.00233	0.00930	0.00620	0.00310	0.00775
7	0.01866	0.75896	0.03657	0.01194	0.01791	0.02761	0.01194	0.02090	0.01418	0.01642	0.00970	0.01119	0.00896	0.00597	0.00448	0.00149	0.00746	0.00373	0.00299	0.00896
8	0.00998	0.00745	0.01107	0.01107	0.01226	0.00864	0.00854	0.01237	0.01117	0.01609	0.01883	0.02817	0.01777	0.08132	0.69857	0.01103	0.01820	0.00759	0.00376	0.00615
9	0.01015	0.00677	0.00761	0.00761	0.00761	0.00677	0.00423	0.01015	0.01015	0.01353	0.02199	0.04567	0.02537	0.75476	0.03552	0.00677	0.00677	0.01015	0.00423	0.00423
10	0.01866	0.75896	0.03657	0.01194	0.01791	0.02761	0.01194	0.02090	0.01418	0.01642	0.00970	0.01119	0.00896	0.00597	0.00448	0.00149	0.00746	0.00373	0.00299	0.00896
11	0.01527	0.01527	0.02137	0.01832	0.01832	0.02137	0.01527	0.01679	0.01069	0.01679	0.00916	0.01527	0.00916	0.01221	0.02290	0.00305	0.74198	0.00611	0.00305	0.00763
12	0.01527	0.01527	0.02137	0.01832	0.01832	0.02137	0.01527	0.01679	0.01069	0.01679	0.00916	0.01527	0.00916	0.01221	0.02290	0.00305	0.74198	0.00611	0.00305	0.00763
13	0.01736	0.01499	0.01578	0.01420	0.01815	0.01736	0.01105	0.03708	0.69862	0.02919	0.02840	0.02604	0.02130	0.00947	0.00710	0.00237	0.00552	0.00789	0.00710	0.01105
14	0.00910	0.00636	0.00810	0.00925	0.00960	0.00609	0.00605	0.01005	0.01256	0.01672	0.03366	0.51738	0.03991	0.23237	0.01659	0.00398	0.00494	0.04618	0.00583	0.00529
15	0.01447	0.01240	0.01447	0.01034	0.01654	0.00930	0.00827	0.01757	0.01447	0.02274	0.01240	0.01447	0.01034	0.00517	0.00517	0.00103	0.00517	0.00413	0.00413	0.79742
16	0.00934	0.00681	0.00875	0.00980	0.01070	0.00636	0.00672	0.03194	0.01441	0.01932	0.06831	0.64431	0.06941	0.02036	0.00866	0.00270	0.00415	0.01835	0.00647	0.03315
17	0.02573	0.01874	0.02047	0.04211	0.02226	0.02074	0.01325	0.60240	0.06802	0.06850	0.01765	0.01760	0.01250	0.00840	0.00699	0.00212	0.00755	0.00640	0.00691	0.01167
18	0.01318	0.01240	0.02093	0.73798	0.04806	0.01550	0.01938	0.01783	0.01395	0.01783	0.01240	0.01860	0.00930	0.00698	0.00698	0.00233	0.00930	0.00620	0.00310	0.00775
19	0.01318	0.01240	0.02093	0.73798	0.04806	0.01550	0.01938	0.01783	0.01395	0.01783	0.01240	0.01860	0.00930	0.00698	0.00698	0.00233	0.00930	0.00620	0.00310	0.00775
20	0.02317	0.24568	0.02482	0.01622	0.02028	0.47421	0.01315	0.02508	0.01753	0.01687	0.01036	0.01235	0.00899	0.00716	0.00686	0.00179	0.05941	0.00438	0.00338	0.00831
21	0.01460	0.01252	0.01453	0.01050	0.01661	0.00965	0.00839	0.01842	0.04415	0.02302	0.01310	0.01497	0.01081	0.00535	0.00525	0.00109	0.00518	0.00430	0.00426	0.76330
22	0.02517	0.06707	0.02143	0.01570	0.02108	0.04917	0.01299	0.56012	0.09176	0.03981	0.01713	0.01708	0.01243	0.00828	0.00680	0.00207	0.00766	0.00620	0.00660	0.01146
23	0.01484	0.01387	0.02099	0.45487	0.08615	0.03992	0.01766	0.01845	0.01361	0.03916	0.01240	0.01849	0.01010	0.03013	0.01145	0.00258	0.17772	0.00627	0.00333	0.00800
24	0.01212	0.00606	0.00909	0.00909	0.00909	0.00606	0.00606	0.00909	0.00909	0.01212	0.01212	0.02121	0.01212	0.02424	0.02727	0.79697	0.00606	0.00606	0.00303	0.00303
25	0.01447	0.01240	0.01447	0.01034	0.01654	0.00930	0.00827	0.01757	0.01447	0.02274	0.01240	0.01447	0.01034	0.00517	0.00517	0.00103	0.00517	0.00413	0.00413	0.79742
26	0.01634	0.19307	0.10947	0.01571	0.01944	0.06939	0.03688	0.05806	0.01478	0.01942	0.01767	0.06382	0.07335	0.01033	0.01180	0.00234	0.24895	0.00700	0.00382	0.00834
27	0.01533	0.01160	0.01391	0.03670	0.03590	0.01301	0.00907	0.18825	0.01646	0.02238	0.01841	0.03213	0.01869	0.39954	0.05057	0.00499	0.09299	0.00832	0.00473	0.00702

[dist]
# distance from previous block
# <min> <max>
0	1

[block]
# block no. 7 follows, 30 sequences, length 41
# corresponding to MSA columns:
# 217-257
name=unknown_H
#
# <colnr> <probs for GDERKNQSTAVLIFYWHMCP>
#	G	D	E	R	K	N	Q	S	T	A	V	L	I	F	Y	W	H	M	C	P
0	0.01495	0.01256	0.01443	0.01069	0.01642	0.01019	0.00852	0.06514	0.04019	0.02414	0.01696	0.03704	0.04759	0.00663	0.00562	0.00127	0.00525	0.00538	0.00462	0.65240
1	0.01967	0.01498	0.04928	0.01234	0.01848	0.01244	0.01048	0.16501	0.01930	0.13526	0.01570	0.01642	0.01168	0.00647	0.00592	0.00149	0.00607	0.00510	0.00539	0.46851
2	0.02081	0.36358	0.10622	0.01463	0.02009	0.20604	0.01373	0.05327	0.01677	0.05783	0.01206	0.01356	0.00987	0.00689	0.00603	0.00177	0.03157	0.00456	0.03168	0.00905
3	0.00997	0.00748	0.01121	0.01121	0.01246	0.00872	0.00872	0.01246	0.01121	0.01620	0.01869	0.02741	0.01745	0.05234	0.72710	0.01121	0.01869	0.00748	0.00374	0.00623
4	0.05423	0.01271	0.02038	0.67498	0.04535	0.01573	0.01856	0.04174	0.01452	0.01945	0.01242	0.01817	0.00930	0.00700	0.00684	0.00231	0.00904	0.00608	0.00330	0.00789
5	0.08500	0.05732	0.26744	0.05988	0.17136	0.03953	0.14543	0.02155	0.01496	0.02224	0.01236	0.01572	0.00956	0.00665	0.00743	0.00220	0.04252	0.00584	0.00332	0.00968
6	0.01058	0.00781	0.00979	0.00930	0.01109	0.00748	0.00695	0.03777	0.05005	0.02708	0.54964	0.12576	0.09040	0.01482	0.00821	0.00228	0.00364	0.01306	0.00744	0.00684
7	0.00984	0.00714	0.00934	0.00925	0.01082	0.00664	0.00705	0.01287	0.01859	0.02584	0.54156	0.11650	0.09171	0.01567	0.00845	0.00238	0.00373	0.08880	0.00737	0.00645
8	0.16603	0.01597	0.11238	0.01288	0.01843	0.01311	0.01186	0.08788	0.04811	0.35241	0.03828	0.02056	0.01529	0.00810	0.00640	0.00214	0.00638	0.00626	0.04709	0.01043
9	0.01585	0.08962	0.42959	0.05387	0.09513	0.04008	0.06721	0.02210	0.01534	0.05140	0.01421	0.01851	0.01107	0.00721	0.00675	0.00218	0.00963	0.03687	0.00348	0.00990
10	0.00997	0.00748	0.01121	0.01121	0.01246	0.00872	0.00872	0.01246	0.01121	0.01620	0.01869	0.02741	0.01745	0.05234	0.72710	0.01121	0.01869	0.00748	0.00374	0.00623
11	0.12252	0.01844	0.01940	0.01504	0.02045	0.02036	0.01242	0.57459	0.02962	0.07445	0.01640	0.01642	0.01159	0.00816	0.00665	0.00211	0.00732	0.00601	0.00673	0.01134
12	0.01915	0.67340	0.05653	0.01271	0.01861	0.08781	0.01251	0.02154	0.01468	0.01665	0.00988	0.01143	0.00895	0.00610	0.00470	0.00154	0.00800	0.00384	0.00304	0.00892
13	0.01527	0.02394	0.29048	0.08377	0.06181	0.05050	0.14018	0.02063	0.01451	0.02085	0.01282	0.01670	0.00999	0.00767	0.00986	0.00234	0.14632	0.00609	0.05717	0.00910
14	0.01125	0.00827	0.01106	0.01237	0.01416	0.00827	0.01068	0.01510	0.04818	0.02108	0.03972	0.07515	0.10223	0.01866	0.00939	0.00309	0.00611	0.57216	0.00646	0.00659
15	0.04996	0.01571	0.02508	0.03517	0.53081	0.01593	0.01875	0.05347	0.01676	0.08917	0.01553	0.02049	0.01287	0.00737	0.00745	0.00217	0.03079	0.03755	0.00427	0.01070
16	0.05555	0.01101	0.01449	0.01496	0.10014	0.01062	0.01025	0.08640	0.01863	0.22028	0.12573	0.16185	0.08452	0.01261	0.00761	0.00233	0.00549	0.04172	0.00683	0.00897
17	0.00850	0.00607	0.00810	0.00972	0.01012	0.00567	0.00648	0.00972	0.01336	0.01781	0.03846	0.75020	0.04615	0.02186	0.00891	0.00283	0.00405	0.01984	0.00648	0.00567
18	0.02946	0.01177	0.01567	0.01215	0.01724	0.01043	0.00999	0.06053	0.02024	0.62903	0.04928	0.02450	0.01868	0.00879	0.00695	0.00213	0.00579	0.00714	0.04880	0.01143
19	0.01567	0.05249	0.10362	0.09405	0.06168	0.01714	0.46913	0.02120	0.01579	0.02144	0.01472	0.05277	0.01193	0.00684	0.00777	0.00231	0.01069	0.00801	0.00354	0.00921
20	0.01578	0.06098	0.16828	0.10879	0.38526	0.01643	0.04725	0.02068	0.01538	0.02161	0.01448	0.02101	0.01236	0.00729	0.00697	0.00219	0.00877	0.05297	0.00350	0.01003
21	0.00850	0.00607	0.00810	0.00972	0.01012	0.00567	0.00648	0.00972	0.01336	0.01781	0.03846	0.75020	0.04615	0.02186	0.00891	0.00283	0.00405	0.01984	0.00648	0.00567
22	0.00879	0.00628	0.00842	0.01004	0.01057	0.00591	0.00697	0.01021	0.01364	0.01813	0.03831	0.68077	0.04553	0.02160	0.00898	0.00287	0.00429	0.08647	0.00647	0.00575
23	0.55776	0.01348	0.03114	0.01023	0.01490	0.01399	0.00867	0.02391	0.01413	0.20796	0.01481	0.01510	0.01043	0.00709	0.00510	0.00214	0.00561	0.00474	0.03009	0.00872
24	0.00864	0.00623	0.00801	0.00933	0.00988	0.00579	0.00622	0.00986	0.01347	0.01782	0.05655	0.62677	0.09527	0.07753	0.01088	0.00308	0.00420	0.01853	0.00634	0.00560
25	0.00975	0.00736	0.00810	0.00793	0.01027	0.00633	0.00609	0.01189	0.01674	0.05234	0.17233	0.06336	0.53128	0.01679	0.00827	0.00237	0.00377	0.05195	0.00677	0.00631
26	0.02676	0.01917	0.02071	0.01588	0.02145	0.02109	0.01312	0.65622	0.03219	0.07660	0.01728	0.01709	0.01213	0.00839	0.00698	0.00210	0.00759	0.00632	0.00706	0.01187
27	0.01424	0.03454	0.66357	0.01992	0.02983	0.01631	0.04615	0.02282	0.04730	0.02244	0.01333	0.01540	0.00949	0.00674	0.00670	0.00222	0.01013	0.00538	0.00316	0.01032
28	0.02602	0.01929	0.02065	0.01595	0.02145	0.02140	0.01314	0.65168	0.06992	0.04315	0.01740	0.01727	0.01239	0.00844	0.00699	0.00211	0.00756	0.00637	0.00699	0.01182
29	0.00858	0.00618	0.00813	0.00954	0.01011	0.00573	0.00643	0.00994	0.01387	0.01849	0.08124	0.67765	0.07585	0.02121	0.00884	0.00277	0.00398	0.01917	0.00655	0.00573
30	0.72871	0.04717	0.01199	0.00966	0.01411	0.01650	0.00805	0.05503	0.01306	0.03130	0.01008	0.01161	0.00784	0.00655	0.00446	0.00213	0.00561	0.00391	0.00440	0.00784
31	0.00850	0.00607	0.00810	0.00972	0.01012	0.00567	0.00648	0.00972	0.01336	0.01781	0.03846	0.75020	0.04615	0.02186	0.00891	0.00283	0.00405	0.01984	0.00648	0.00567
32	0.01670	0.01551	0.05093	0.10994	0.10160	0.01441	0.03436	0.10876	0.12741	0.02588	0.01569	0.01763	0.01219	0.00672	0.00631	0.00177	0.00688	0.00570	0.00470	0.31692
33	0.04355	0.01473	0.01600	0.01285	0.01738	0.01566	0.01040	0.32451	0.11498	0.11049	0.02024	0.02036	0.01474	0.00822	0.00637	0.00197	0.00605	0.00640	0.16872	0.06639
34	0.02307	0.01831	0.02343	0.05084	0.02459	0.01991	0.11988	0.48514	0.06550	0.03728	0.01687	0.01816	0.01232	0.00995	0.03956	0.00257	0.00878	0.00673	0.00612	0.01099
35	0.01480	0.00976	0.01168	0.07825	0.01512	0.01077	0.00857	0.12724	0.01689	0.02584	0.05007	0.02529	0.01788	0.04856	0.07153	0.03714	0.04139	0.00693	0.37499	0.00729
36	0.00886	0.00717	0.00799	0.00846	0.01049	0.00629	0.00659	0.01087	0.01570	0.01916	0.06098	0.13380	0.51389	0.01838	0.00858	0.00257	0.00415	0.14362	0.00647	0.00598
37	0.05002	0.03207	0.58037	0.02294	0.13441	0.01624	0.02429	0.02192	0.01478	0.02262	0.01249	0.01497	0.00912	0.00656	0.00657	0.00219	0.00978	0.00526	0.00309	0.01030
38	0.01829	0.39484	0.23519	0.04416	0.02336	0.13966	0.01659	0.02229	0.01526	0.01827	0.01082	0.01277	0.00894	0.00641	0.00552	0.00179	0.00923	0.00438	0.00308	0.00917
39	0.05447	0.01149	0.01479	0.01172	0.01630	0.01053	0.00953	0.07758	0.01984	0.50570	0.08614	0.02625	0.03578	0.00983	0.00776	0.03373	0.00564	0.00745	0.04495	0.01052
40	0.01043	0.00732	0.00938	0.00890	0.01074	0.00669	0.00678	0.01353	0.01916	0.04817	0.58409	0.05416	0.13403	0.01470	0.00826	0.00226	0.00355	0.04366	0.00752	0.00667

[dist]
# distance from previous block
# <min> <max>
0	6

[block]
# block no. 8 follows, 30 sequences, length 48
# corresponding to MSA columns:
# 264-311
name=unknown_I
#
# <colnr> <probs for GDERKNQSTAVLIFYWHMCP>
#	G	D	E	R	K	N	Q	S	T	A	V	L	I	F	Y	W	H	M	C	P
0	0.76296	0.01467	0.04710	0.00973	0.01436	0.01568	0.00851	0.02060	0.01202	0.03083	0.00986	0.01151	0.00762	0.00649	0.00444	0.00216	0.00565	0.00385	0.00425	0.00770
1	0.05588	0.15751	0.56609	0.01798	0.02725	0.01811	0.02249	0.02181	0.01449	0.02161	0.01190	0.01396	0.00879	0.00651	0.00614	0.00209	0.00957	0.00484	0.00302	0.00994
2	0.00957	0.00674	0.00770	0.00790	0.00847	0.00644	0.00490	0.01026	0.01224	0.01602	0.07814	0.15235	0.14772	0.47309	0.02518	0.00514	0.00559	0.01250	0.00517	0.00488
3	0.01006	0.00742	0.01113	0.01113	0.01232	0.00861	0.00861	0.01232	0.01113	0.01603	0.01842	0.02716	0.01723	0.05118	0.69823	0.04363	0.01817	0.00742	0.00371	0.00610
4	0.01647	0.01882	0.04118	0.02941	0.03647	0.01765	0.68588	0.02235	0.01647	0.02235	0.01412	0.01882	0.01059	0.00588	0.00824	0.00235	0.01176	0.00824	0.00353	0.00941
5	0.02607	0.03326	0.01978	0.01798	0.02157	0.72674	0.01348	0.02787	0.01978	0.01708	0.01079	0.01258	0.00899	0.00719	0.00629	0.00180	0.01258	0.00449	0.00360	0.00809
6	0.00831	0.00707	0.00715	0.00713	0.00946	0.00592	0.00535	0.01013	0.01604	0.01918	0.09363	0.06662	0.68525	0.01755	0.00825	0.00235	0.00353	0.01465	0.00652	0.00592
7	0.01736	0.01499	0.01578	0.01420	0.01815	0.01736	0.01105	0.03708	0.69862	0.02919	0.02840	0.02604	0.02130	0.00947	0.00710	0.00237	0.00552	0.00789	0.00710	0.01105
8	0.01061	0.00748	0.00875	0.00838	0.01065	0.00657	0.00644	0.01307	0.01758	0.07080	0.29507	0.05938	0.39121	0.01591	0.00823	0.00233	0.00378	0.05010	0.00706	0.00659
9	0.02619	0.01938	0.02075	0.01599	0.02151	0.02148	0.01318	0.66394	0.05738	0.04343	0.01718	0.01710	0.01222	0.00842	0.00699	0.00210	0.00760	0.00634	0.00699	0.01184
10	0.00998	0.00745	0.01107	0.01107	0.01227	0.00864	0.00854	0.01237	0.01117	0.01609	0.01882	0.02814	0.01776	0.08033	0.69954	0.01104	0.01822	0.00758	0.00376	0.00615
11	0.00997	0.00748	0.01121	0.01121	0.01246	0.00872	0.00872	0.01246	0.01121	0.01620	0.01869	0.02741	0.01745	0.05234	0.72710	0.01121	0.01869	0.00748	0.00374	0.00623
12	0.01447	0.01240	0.01447	0.01034	0.01654	0.00930	0.00827	0.01757	0.01447	0.02274	0.01240	0.01447	0.01034	0.00517	0.00517	0.00103	0.00517	0.00413	0.00413	0.79742
13	0.01527	0.01288	0.01490	0.01072	0.01688	0.01012	0.00860	0.06200	0.01569	0.02415	0.01269	0.01462	0.01044	0.00538	0.00529	0.00110	0.00533	0.00428	0.00432	0.74535
14	0.01301	0.00650	0.00650	0.00650	0.00813	0.00650	0.00488	0.01626	0.01463	0.02602	0.02276	0.02602	0.01789	0.00813	0.00488	0.00163	0.00325	0.00650	0.79350	0.00650
15	0.01447	0.01240	0.01447	0.01034	0.01654	0.00930	0.00827	0.01757	0.01447	0.02274	0.01240	0.01447	0.01034	0.00517	0.00517	0.00103	0.00517	0.00413	0.00413	0.79742
16	0.01614	0.01983	0.09066	0.05971	0.03651	0.01745	0.60764	0.02214	0.01623	0.02214	0.01392	0.01851	0.01040	0.00599	0.00806	0.00234	0.01155	0.00792	0.00347	0.00941
17	0.01447	0.01240	0.01447	0.01034	0.01654	0.00930	0.00827	0.01757	0.01447	0.02274	0.01240	0.01447	0.01034	0.00517	0.00517	0.00103	0.00517	0.00413	0.00413	0.79742
18	0.01557	0.28022	0.48826	0.01720	0.02605	0.02006	0.02111	0.02169	0.01455	0.02018	0.01157	0.01354	0.00888	0.00641	0.00590	0.00197	0.00935	0.00468	0.00296	0.00985
19	0.00854	0.00614	0.00810	0.00959	0.01011	0.00571	0.00644	0.00984	0.01366	0.01818	0.06130	0.70310	0.07053	0.02147	0.00886	0.00280	0.00401	0.01942	0.00652	0.00571
20	0.01783	0.01488	0.01579	0.01414	0.01813	0.01712	0.01102	0.03698	0.67565	0.05244	0.02837	0.02596	0.02117	0.00944	0.00710	0.00236	0.00554	0.00786	0.00715	0.01107
21	0.00850	0.00607	0.00810	0.00972	0.01012	0.00567	0.00648	0.00972	0.01336	0.01781	0.03846	0.75020	0.04615	0.02186	0.00891	0.00283	0.00405	0.01984	0.00648	0.00567
22	0.80405	0.01350	0.01026	0.00918	0.01350	0.01565	0.00756	0.02051	0.01188	0.03131	0.00972	0.01134	0.00756	0.00648	0.00432	0.00216	0.00540	0.00378	0.00432	0.00756
23	0.00850	0.00607	0.00810	0.00972	0.01012	0.00567	0.00648	0.00972	0.01336	0.01781	0.03846	0.75020	0.04615	0.02186	0.00891	0.00283	0.00405	0.01984	0.00648	0.00567
24	0.01647	0.01882	0.04118	0.02941	0.03647	0.01765	0.68588	0.02235	0.01647	0.02235	0.01412	0.01882	0.01059	0.00588	0.00824	0.00235	0.01176	0.00824	0.00353	0.00941
25	0.02669	0.01826	0.02006	0.01535	0.02094	0.01966	0.01267	0.57560	0.03040	0.13185	0.01801	0.01759	0.01252	0.00829	0.00692	0.00206	0.00735	0.00630	0.00709	0.04240
26	0.01527	0.01527	0.02137	0.01832	0.01832	0.02137	0.01527	0.01679	0.01069	0.01679	0.00916	0.01527	0.00916	0.01221	0.02290	0.00305	0.74198	0.00611	0.00305	0.00763
27	0.02653	0.01955	0.02094	0.01606	0.02164	0.02164	0.01326	0.68796	0.03281	0.04398	0.01675	0.01675	0.01187	0.00838	0.00698	0.00209	0.00768	0.00628	0.00698	0.01187
28	0.01866	0.75896	0.03657	0.01194	0.01791	0.02761	0.01194	0.02090	0.01418	0.01642	0.00970	0.01119	0.00896	0.00597	0.00448	0.00149	0.00746	0.00373	0.00299	0.00896
29	0.01055	0.00757	0.00972	0.01068	0.01197	0.00741	0.00858	0.01272	0.01448	0.01866	0.03757	0.06841	0.12688	0.21352	0.01629	0.00404	0.00612	0.40321	0.00585	0.00577
30	0.80405	0.01350	0.01026	0.00918	0.01350	0.01565	0.00756	0.02051	0.01188	0.03131	0.00972	0.01134	0.00756	0.00648	0.00432	0.00216	0.00540	0.00378	0.00432	0.00756
31	0.02922	0.01138	0.01540	0.01198	0.01690	0.00991	0.00974	0.03176	0.01931	0.64739	0.04901	0.02612	0.01937	0.05827	0.00895	0.00247	0.00591	0.00741	0.00831	0.01120
32	0.00831	0.00703	0.00718	0.00723	0.00948	0.00590	0.00539	0.01010	0.01593	0.01910	0.08950	0.09323	0.66241	0.01773	0.00827	0.00237	0.00355	0.01486	0.00652	0.00590
33	0.01736	0.01499	0.01578	0.01420	0.01815	0.01736	0.01105	0.03708	0.69862	0.02919	0.02840	0.02604	0.02130	0.00947	0.00710	0.00237	0.00552	0.00789	0.00710	0.01105
34	0.00850	0.00607	0.00810	0.00972	0.01012	0.00567	0.00648	0.00972	0.01336	0.01781	0.03846	0.75020	0.04615	0.02186	0.00891	0.00283	0.00405	0.01984	0.00648	0.00567
35	0.00850	0.00607	0.00810	0.00972	0.01012	0.00567	0.00648	0.00972	0.01336	0.01781	0.03846	0.75020	0.04615	0.02186	0.00891	0.00283	0.00405	0.01984	0.00648	0.00567
36	0.00850	0.00712	0.00742	0.00745	0.00972	0.00603	0.00565	0.01044	0.01619	0.01960	0.11535	0.06657	0.63260	0.01750	0.00831	0.00238	0.00364	0.04300	0.00656	0.00596
37	0.01647	0.01882	0.04118	0.02941	0.03647	0.01765	0.68588	0.02235	0.01647	0.02235	0.01412	0.01882	0.01059	0.00588	0.00824	0.00235	0.01176	0.00824	0.00353	0.00941
38	0.01835	0.71104	0.08177	0.01247	0.01873	0.02686	0.01286	0.02098	0.01422	0.01679	0.00989	0.01143	0.00895	0.00601	0.00462	0.00154	0.00765	0.00383	0.00298	0.00905
39	0.01895	0.57888	0.08372	0.01391	0.01975	0.10321	0.03253	0.02164	0.01478	0.01709	0.01013	0.01197	0.00900	0.00637	0.00560	0.00166	0.03469	0.00413	0.00307	0.00892
40	0.00981	0.00713	0.00924	0.00871	0.01038	0.00656	0.00653	0.01304	0.01960	0.02761	0.68177	0.05273	0.09185	0.01440	0.00823	0.00220	0.00330	0.01271	0.00763	0.00656
41	0.48844	0.01915	0.18351	0.01240	0.01839	0.01549	0.01249	0.05639	0.01430	0.07477	0.01205	0.01339	0.00885	0.00670	0.00523	0.00212	0.00674	0.00447	0.00440	0.04071
42	0.80405	0.01350	0.01026	0.00918	0.01350	0.01565	0.00756	0.02051	0.01188	0.03131	0.00972	0.01134	0.00756	0.00648	0.00432	0.00216	0.00540	0.00378	0.00432	0.00756
43	0.00850	0.00607	0.00810	0.00972	0.01012	0.00567	0.00648	0.00972	0.01336	0.01781	0.03846	0.75020	0.04615	0.02186	0.00891	0.00283	0.00405	0.01984	0.00648	0.00567
44	0.01575	0.02386	0.23866	0.02664	0.03464	0.01723	0.49345	0.02228	0.01596	0.02228	0.01365	0.01763	0.01008	0.00610	0.00777	0.00231	0.01134	0.00734	0.00336	0.00967
45	0.01037	0.00710	0.00934	0.00907	0.01063	0.00654	0.00669	0.01326	0.01860	0.04987	0.56280	0.17769	0.06060	0.01545	0.00831	0.00231	0.00352	0.01374	0.00750	0.00660
46	0.01030	0.00733	0.00929	0.00986	0.01063	0.00743	0.00672	0.05517	0.01358	0.01830	0.03025	0.42980	0.03479	0.19892	0.11939	0.00493	0.00706	0.01485	0.00558	0.00582
47	0.01946	0.02008	0.02665	0.03615	0.51946	0.15640	0.03953	0.05738	0.01755	0.02276	0.01289	0.01637	0.01068	0.00651	0.00683	0.00203	0.00921	0.00594	0.00367	0.01046

[dist]
# distance from previous block
# <min> <max>
1	6

[block]
# block no. 9 follows, 30 sequences, length 10
# corresponding to MSA columns:
# 318-327
name=unknown_J
#
# <colnr> <probs for GDERKNQSTAVLIFYWHMCP>
#	G	D	E	R	K	N	Q	S	T	A	V	L	I	F	Y	W	H	M	C	P
0	0.39357	0.12621	0.04007	0.03579	0.01746	0.09842	0.01038	0.07787	0.01550	0.07262	0.01237	0.01469	0.00987	0.04167	0.00659	0.00224	0.00711	0.00470	0.00446	0.00842
1	0.06746	0.04858	0.31539	0.02371	0.06799	0.03870	0.27313	0.02204	0.01529	0.02236	0.01274	0.01604	0.00956	0.00647	0.00750	0.00224	0.03160	0.00625	0.00331	0.00965
