[name]
unknown

[dist]
# distance from previous block
# <min> <max>
0	59

[block]
# block no. 0 follows, 29 sequences, length 10
# corresponding to MSA columns:
# 82-91
name=unknown_A
#
# <colnr> <probs for GDERKNQSTAVLIFYWHMCP>
#	G	D	E	R	K	N	Q	S	T	A	V	L	I	F	Y	W	H	M	C	P
0	0.02073	0.01579	0.02084	0.07554	0.02370	0.01702	0.08357	0.30428	0.05396	0.07452	0.02131	0.03087	0.01815	0.01053	0.00847	0.00244	0.03995	0.13710	0.00615	0.03507
1	0.01053	0.00803	0.01078	0.01102	0.01236	0.00813	0.02812	0.04303	0.04415	0.01961	0.03489	0.42633	0.09018	0.05994	0.15285	0.00468	0.00769	0.01530	0.00590	0.00650
2	0.02186	0.01496	0.01620	0.01358	0.01794	0.04291	0.01081	0.16837	0.26274	0.18538	0.09061	0.02907	0.07312	0.01022	0.00736	0.00227	0.00612	0.00833	0.00744	0.01071
3	0.00987	0.00727	0.00923	0.00874	0.01051	0.00663	0.00656	0.01304	0.01967	0.02740	0.62360	0.05509	0.14588	0.01499	0.00840	0.00226	0.00339	0.01314	0.00769	0.00663
4	0.02217	0.55376	0.03192	0.01272	0.01852	0.07430	0.01195	0.02451	0.01606	0.15576	0.01362	0.01409	0.01084	0.00673	0.00522	0.00168	0.00768	0.00454	0.00425	0.00967
5	0.17306	0.01419	0.01572	0.01356	0.01696	0.01637	0.01087	0.02493	0.24971	0.02561	0.01823	0.05130	0.01525	0.00952	0.01019	0.00232	0.17644	0.00667	0.00516	0.14394
6	0.02502	0.16612	0.02380	0.01513	0.02076	0.02215	0.01287	0.45183	0.08317	0.08358	0.01739	0.01723	0.01269	0.00817	0.00662	0.00204	0.00749	0.00608	0.00643	0.01145
7	0.01236	0.00895	0.01089	0.01121	0.01268	0.00905	0.00800	0.14450	0.01761	0.02353	0.03481	0.59923	0.04009	0.01955	0.00869	0.00274	0.00487	0.01747	0.00671	0.00705
8	0.02304	0.01759	0.07991	0.01415	0.02044	0.01530	0.01245	0.28445	0.02332	0.16940	0.01752	0.01761	0.01245	0.00741	0.00652	0.00182	0.00691	0.00577	0.00618	0.25776
9	0.01094	0.00848	0.00993	0.01041	0.01184	0.00867	0.00730	0.01646	0.16754	0.02084	0.06505	0.41072	0.10272	0.10057	0.01163	0.00316	0.00470	0.01557	0.00655	0.00692

[dist]
# distance from previous block
# <min> <max>
0	2

[block]
# block no. 1 follows, 29 sequences, length 8
# corresponding to MSA columns:
# 94-101
name=unknown_B
#
# <colnr> <probs for GDERKNQSTAVLIFYWHMCP>
#	G	D	E	R	K	N	Q	S	T	A	V	L	I	F	Y	W	H	M	C	P
0	0.01635	0.01428	0.01491	0.01175	0.01693	0.05159	0.00930	0.09806	0.11646	0.02579	0.02435	0.02468	0.11558	0.00832	0.00631	0.00163	0.00580	0.00667	0.00533	0.42592
1	0.01528	0.12320	0.04611	0.01501	0.01801	0.04586	0.09956	0.01808	0.01461	0.04691	0.03960	0.18106	0.02122	0.01172	0.01026	0.00237	0.15212	0.00947	0.12169	0.00787
2	0.12857	0.00874	0.01050	0.01151	0.01357	0.00888	0.00972	0.01469	0.01552	0.02238	0.03837	0.11861	0.12681	0.01770	0.00877	0.00297	0.00581	0.42403	0.00625	0.00660
3	0.01606	0.01369	0.01841	0.02209	0.23652	0.01426	0.01330	0.09665	0.17974	0.02811	0.18513	0.03284	0.09190	0.01041	0.00755	0.00225	0.00606	0.00911	0.00612	0.00980
4	0.01513	0.01248	0.01455	0.01081	0.01639	0.01016	0.00862	0.07451	0.01718	0.02587	0.11589	0.02070	0.01914	0.00694	0.00590	0.00132	0.00521	0.00570	0.00501	0.60847
5	0.13136	0.01221	0.01738	0.27794	0.14489	0.01371	0.01436	0.04907	0.01512	0.02310	0.01834	0.15034	0.01726	0.00984	0.00688	0.00232	0.00713	0.00852	0.07204	0.00816
6	0.00899	0.00710	0.00810	0.00813	0.01004	0.00621	0.00599	0.01123	0.01717	0.02214	0.27310	0.15147	0.41013	0.01746	0.00850	0.00241	0.00359	0.01500	0.00701	0.00621
7	0.00945	0.00765	0.00846	0.00833	0.01049	0.00690	0.00621	0.01275	0.05804	0.02237	0.24056	0.11017	0.43938	0.01688	0.00839	0.00239	0.00370	0.01439	0.00699	0.00651

[dist]
# distance from previous block
# <min> <max>
0	2

[block]
# block no. 2 follows, 29 sequences, length 39
# corresponding to MSA columns:
# 104-142
name=unknown_C
#
# <colnr> <probs for GDERKNQSTAVLIFYWHMCP>
#	G	D	E	R	K	N	Q	S	T	A	V	L	I	F	Y	W	H	M	C	P
0	0.01757	0.05349	0.48166	0.02154	0.08965	0.12904	0.02268	0.04118	0.01660	0.04358	0.01306	0.01516	0.00960	0.00691	0.00670	0.00215	0.01041	0.00530	0.00345	0.01028
1	0.00900	0.00643	0.00863	0.01029	0.01084	0.00606	0.00717	0.01048	0.01395	0.01854	0.03907	0.66811	0.04639	0.02200	0.00918	0.00294	0.00441	0.09403	0.00660	0.00587
2	0.01313	0.00668	0.00686	0.00686	0.00850	0.00674	0.00516	0.01642	0.01477	0.02609	0.02304	0.02661	0.01823	0.01035	0.03767	0.00211	0.00404	0.00668	0.75344	0.00662
3	0.01736	0.01665	0.02843	0.08656	0.66451	0.01685	0.02172	0.02163	0.01609	0.02295	0.01335	0.01771	0.01117	0.00639	0.00705	0.00213	0.00852	0.00634	0.00350	0.01107
4	0.01904	0.75404	0.03731	0.01218	0.01828	0.02818	0.01218	0.02132	0.01447	0.01675	0.00990	0.01142	0.00914	0.00609	0.00457	0.00152	0.00761	0.00381	0.00305	0.00914
5	0.00911	0.00656	0.00873	0.01032	0.01100	0.00618	0.00734	0.01070	0.01417	0.01872	0.04030	0.61262	0.07193	0.02172	0.00918	0.00293	0.00450	0.12148	0.00660	0.00592
6	0.01036	0.00690	0.00777	0.00777	0.00777	0.00690	0.00431	0.01036	0.01036	0.01381	0.02244	0.04660	0.02589	0.74975	0.03624	0.00690	0.00690	0.01036	0.00431	0.00431
7	0.03990	0.02078	0.05287	0.05280	0.46837	0.15319	0.01943	0.04710	0.01752	0.04201	0.01334	0.01664	0.01085	0.00673	0.00686	0.00208	0.00925	0.00592	0.00382	0.01054
8	0.02147	0.02283	0.10059	0.02705	0.20462	0.18235	0.17452	0.02575	0.01783	0.13108	0.01535	0.01765	0.01144	0.00694	0.00721	0.00215	0.01017	0.00643	0.00436	0.01022
9	0.01237	0.00618	0.00928	0.00928	0.00928	0.00618	0.00618	0.00928	0.00928	0.01237	0.01237	0.02165	0.01237	0.02474	0.02783	0.79283	0.00618	0.00618	0.00309	0.00309
10	0.04706	0.01642	0.01935	0.11231	0.02406	0.01778	0.01321	0.40292	0.02648	0.17679	0.01976	0.05813	0.01467	0.00910	0.00716	0.00223	0.00743	0.00723	0.00683	0.01107
11	0.04446	0.17087	0.13157	0.02229	0.16430	0.28207	0.01679	0.02489	0.04280	0.02021	0.01221	0.01438	0.01001	0.00686	0.00621	0.00193	0.01005	0.00501	0.00357	0.00950
12	0.00907	0.00674	0.00915	0.01132	0.04200	0.00630	0.00725	0.01047	0.01388	0.01846	0.03968	0.67876	0.07758	0.02137	0.00896	0.00283	0.00430	0.01935	0.00647	0.00605
13	0.01954	0.66326	0.07805	0.01272	0.01905	0.02635	0.01296	0.02223	0.01487	0.06026	0.01121	0.01244	0.00966	0.00630	0.00487	0.00161	0.00770	0.00411	0.00340	0.00941
14	0.07883	0.50667	0.14534	0.01369	0.02022	0.06480	0.01420	0.02245	0.01496	0.04721	0.01118	0.01264	0.00936	0.00643	0.00513	0.00174	0.00818	0.00423	0.00341	0.00933
15	0.02641	0.01886	0.02040	0.01574	0.02112	0.02070	0.01289	0.61391	0.03160	0.07582	0.01792	0.01903	0.01312	0.04829	0.00869	0.00240	0.00770	0.00666	0.00706	0.01169
16	0.01362	0.07471	0.01757	0.22105	0.02399	0.01413	0.02988	0.01673	0.01396	0.02036	0.03661	0.12016	0.01836	0.01056	0.00969	0.00233	0.14046	0.00831	0.20014	0.00740
17	0.01036	0.00690	0.00777	0.00777	0.00777	0.00690	0.00431	0.01036	0.01036	0.01381	0.02244	0.04660	0.02589	0.74975	0.03624	0.00690	0.00690	0.01036	0.00431	0.00431
18	0.02538	0.05749	0.02089	0.01540	0.02048	0.02028	0.01271	0.51327	0.02882	0.10000	0.01824	0.04056	0.01391	0.03725	0.00886	0.00236	0.03915	0.00690	0.00676	0.01127
19	0.01090	0.00748	0.00944	0.00889	0.01085	0.00676	0.00669	0.01387	0.01922	0.06272	0.53011	0.08235	0.17361	0.01517	0.00836	0.00229	0.00358	0.01324	0.00763	0.00685
20	0.04065	0.05662	0.60613	0.02112	0.05677	0.01697	0.05976	0.02245	0.01506	0.02272	0.01271	0.01513	0.00916	0.00668	0.00672	0.00223	0.01026	0.00538	0.00311	0.01037
21	0.01677	0.01498	0.01928	0.17506	0.13449	0.01717	0.01480	0.03103	0.43755	0.02623	0.02296	0.02350	0.01741	0.00858	0.00719	0.00236	0.00692	0.00740	0.00577	0.01054
22	0.00971	0.00726	0.00900	0.00857	0.01041	0.00656	0.00643	0.01272	0.01928	0.02647	0.56081	0.05662	0.20925	0.01533	0.00840	0.00228	0.00341	0.01336	0.00756	0.00656
23	0.02751	0.01923	0.02093	0.01604	0.02173	0.02102	0.01325	0.62261	0.03229	0.10555	0.01810	0.01775	0.01261	0.00857	0.00713	0.00214	0.00767	0.00648	0.00728	0.01211
24	0.80005	0.01377	0.01047	0.00936	0.01377	0.01597	0.00771	0.02093	0.01212	0.03195	0.00991	0.01157	0.00771	0.00661	0.00441	0.00220	0.00551	0.00386	0.00441	0.00771
25	0.80005	0.01377	0.01047	0.00936	0.01377	0.01597	0.00771	0.02093	0.01212	0.03195	0.00991	0.01157	0.00771	0.00661	0.00441	0.00220	0.00551	0.00386	0.00441	0.00771
26	0.00842	0.00721	0.00721	0.00721	0.00962	0.00601	0.00541	0.01022	0.01623	0.01924	0.07213	0.06853	0.70244	0.01803	0.00842	0.00240	0.00361	0.01503	0.00661	0.00601
27	0.01771	0.01530	0.01610	0.01449	0.01852	0.01771	0.01127	0.03784	0.69247	0.02979	0.02898	0.02657	0.02174	0.00966	0.00725	0.00242	0.00564	0.00805	0.00725	0.01127
28	0.02660	0.03394	0.02018	0.01834	0.02201	0.72116	0.01376	0.02843	0.02018	0.01743	0.01101	0.01284	0.00917	0.00734	0.00642	0.00183	0.01284	0.00459	0.00367	0.00825
29	0.00901	0.00673	0.00964	0.01073	0.01143	0.00628	0.03406	0.01044	0.01376	0.01837	0.03823	0.71549	0.04561	0.02164	0.00906	0.00287	0.00445	0.01976	0.00649	0.00594
30	0.00868	0.00620	0.00826	0.00991	0.01033	0.00578	0.00661	0.00991	0.01363	0.01818	0.03925	0.74510	0.04710	0.02231	0.00909	0.00289	0.00413	0.02024	0.00661	0.00578
31	0.00868	0.00620	0.00826	0.00991	0.01033	0.00578	0.00661	0.00991	0.01363	0.01818	0.03925	0.74510	0.04710	0.02231	0.00909	0.00289	0.00413	0.02024	0.00661	0.00578
32	0.01762	0.01692	0.02890	0.04371	0.70533	0.01692	0.02185	0.02185	0.01621	0.02326	0.01339	0.01762	0.01128	0.00634	0.00705	0.00211	0.00846	0.00634	0.00352	0.01128
33	0.01090	0.00746	0.00978	0.00910	0.01092	0.00686	0.00686	0.01424	0.02016	0.05422	0.67622	0.05210	0.06532	0.01434	0.00835	0.00224	0.00346	0.01266	0.00788	0.00692
34	0.02393	0.01815	0.01940	0.01549	0.02050	0.02025	0.01252	0.48901	0.19582	0.03961	0.02031	0.02089	0.01517	0.04514	0.00858	0.00244	0.00724	0.00701	0.00702	0.01152
35	0.01008	0.00728	0.00952	0.00896	0.01064	0.00672	0.00672	0.01344	0.02016	0.02855	0.70158	0.05319	0.06719	0.01456	0.00840	0.00224	0.00336	0.01288	0.00784	0.00672
36	0.01728	0.01812	0.06391	0.12923	0.55819	0.04530	0.02150	0.02169	0.01606	0.02234	0.01317	0.01747	0.01085	0.00651	0.00702	0.00214	0.00888	0.00621	0.00346	0.01069
37	0.01480	0.03331	0.58148	0.02268	0.05607	0.01678	0.13014	0.02257	0.01536	0.02262	0.01306	0.01579	0.00939	0.00663	0.00704	0.00227	0.01069	0.00580	0.00312	0.01040
38	0.05063	0.27776	0.38981	0.01751	0.02581	0.04909	0.05489	0.02232	0.01502	0.02080	0.01169	0.01379	0.00910	0.00651	0.00599	0.00200	0.00949	0.00485	0.00314	0.00979

[dist]
# distance from previous block
# <min> <max>
0	1

[block]
# block no. 3 follows, 29 sequences, length 133
# corresponding to MSA columns:
# 144-276
name=unknown_D
#
# <colnr> <probs for GDERKNQSTAVLIFYWHMCP>
#	G	D	E	R	K	N	Q	S	T	A	V	L	I	F	Y	W	H	M	C	P
0	0.54990	0.10692	0.01433	0.01010	0.01445	0.03952	0.00849	0.05258	0.01418	0.02964	0.03146	0.01433	0.01077	0.00704	0.00479	0.00206	0.00587	0.00449	0.07107	0.00800
1	0.01981	0.07060	0.05122	0.06723	0.18286	0.30849	0.01525	0.02354	0.04884	0.01984	0.02065	0.02241	0.10263	0.00852	0.00681	0.00204	0.00960	0.00664	0.00409	0.00894
2	0.01743	0.12770	0.30888	0.01755	0.02421	0.10794	0.03825	0.07236	0.04884	0.02280	0.04515	0.01870	0.03723	0.00825	0.00814	0.00219	0.07475	0.00606	0.00397	0.00960
3	0.01207	0.05032	0.16191	0.01189	0.01588	0.01062	0.01147	0.03801	0.03858	0.02651	0.42841	0.06321	0.07807	0.01254	0.00781	0.00224	0.00535	0.01079	0.00644	0.00790
4	0.02296	0.01822	0.01831	0.01575	0.05129	0.11525	0.01204	0.31489	0.02455	0.10341	0.02417	0.02420	0.10419	0.00948	0.00759	0.00209	0.03350	0.00723	0.02922	0.06166
5	0.01000	0.00750	0.00941	0.00957	0.01144	0.00691	0.00761	0.01292	0.01812	0.02417	0.35985	0.06437	0.23083	0.01682	0.00878	0.00255	0.00426	0.18124	0.00718	0.00649
6	0.01771	0.01530	0.01610	0.01449	0.01852	0.01771	0.01127	0.03784	0.69247	0.02979	0.02898	0.02657	0.02174	0.00966	0.00725	0.00242	0.00564	0.00805	0.00725	0.01127
7	0.00971	0.00722	0.00904	0.00868	0.01044	0.00654	0.00647	0.01268	0.01913	0.02636	0.55483	0.08857	0.18288	0.01556	0.00843	0.00230	0.00344	0.01362	0.00756	0.00654
8	0.01345	0.01266	0.02136	0.73264	0.04904	0.01582	0.01978	0.01819	0.01424	0.01819	0.01266	0.01898	0.00949	0.00712	0.00712	0.00237	0.00949	0.00633	0.00316	0.00791
9	0.01079	0.00773	0.00975	0.01126	0.01186	0.00703	0.00749	0.01144	0.01483	0.01998	0.04033	0.72430	0.04777	0.02312	0.00983	0.00322	0.00484	0.02039	0.00719	0.00685
10	0.01017	0.00763	0.01144	0.01144	0.01272	0.00890	0.00890	0.01272	0.01144	0.01653	0.01907	0.02797	0.01780	0.05340	0.72153	0.01144	0.01907	0.00763	0.00381	0.00636
11	0.80005	0.01377	0.01047	0.00936	0.01377	0.01597	0.00771	0.02093	0.01212	0.03195	0.00991	0.01157	0.00771	0.00661	0.00441	0.00220	0.00551	0.00386	0.00441	0.00771
12	0.01477	0.01266	0.01477	0.01055	0.01687	0.00949	0.00844	0.01793	0.01477	0.02320	0.01266	0.01477	0.01055	0.00527	0.00527	0.00105	0.00527	0.00422	0.00422	0.79328
13	0.02660	0.03394	0.02018	0.01834	0.02201	0.72116	0.01376	0.02843	0.02018	0.01743	0.01101	0.01284	0.00917	0.00734	0.00642	0.00183	0.01284	0.00459	0.00367	0.00825
14	0.01771	0.01530	0.01610	0.01449	0.01852	0.01771	0.01127	0.03784	0.69247	0.02979	0.02898	0.02657	0.02174	0.00966	0.00725	0.00242	0.00564	0.00805	0.00725	0.01127
15	0.01542	0.20856	0.55110	0.01835	0.02782	0.01932	0.02293	0.02226	0.01490	0.02116	0.01209	0.01417	0.00905	0.00660	0.00624	0.00208	0.00983	0.00491	0.00302	0.01019
16	0.01014	0.00755	0.01099	0.01099	0.01218	0.00864	0.00838	0.01243	0.01148	0.01636	0.02086	0.03081	0.03761	0.11607	0.63903	0.01078	0.01753	0.00808	0.00394	0.00616
17	0.00980	0.00722	0.00916	0.00877	0.01049	0.00658	0.00654	0.01286	0.01935	0.02687	0.58929	0.08493	0.15096	0.01535	0.00843	0.00229	0.00343	0.01348	0.00762	0.00658
18	0.00842	0.00721	0.00721	0.00721	0.00962	0.00601	0.00541	0.01022	0.01623	0.01924	0.07213	0.06853	0.70244	0.01803	0.00842	0.00240	0.00361	0.01503	0.00661	0.00601
19	0.02482	0.20314	0.02420	0.01690	0.02114	0.55833	0.01339	0.02676	0.01884	0.01727	0.01075	0.01251	0.00916	0.00705	0.00599	0.00176	0.01161	0.00440	0.00352	0.00846
20	0.01345	0.01266	0.02136	0.73264	0.04904	0.01582	0.01978	0.01819	0.01424	0.01819	0.01266	0.01898	0.00949	0.00712	0.00712	0.00237	0.00949	0.00633	0.00316	0.00791
21	0.01504	0.06564	0.52192	0.02167	0.03086	0.01761	0.14811	0.02228	0.01514	0.02207	0.01279	0.01568	0.00938	0.00687	0.00777	0.00229	0.04577	0.00583	0.00313	0.01015
22	0.01363	0.01284	0.02168	0.70307	0.07721	0.01587	0.01986	0.01835	0.01432	0.01841	0.01269	0.01893	0.00957	0.00709	0.00712	0.00236	0.00945	0.00633	0.00318	0.00805
23	0.01428	0.03683	0.71286	0.02030	0.03082	0.01654	0.02631	0.02255	0.01503	0.02255	0.01278	0.01503	0.00902	0.00677	0.00677	0.00226	0.01052	0.00526	0.00301	0.01052
24	0.00888	0.00644	0.00834	0.00979	0.01045	0.00599	0.00672	0.01025	0.01394	0.01833	0.04171	0.61829	0.10786	0.04517	0.00994	0.00300	0.00432	0.05825	0.00653	0.00580
25	0.01534	0.01761	0.06410	0.02639	0.05571	0.01600	0.49522	0.02045	0.01599	0.02186	0.01825	0.13904	0.01671	0.00896	0.00888	0.00249	0.03384	0.01009	0.00406	0.00901
26	0.03180	0.01236	0.01667	0.01278	0.01830	0.01082	0.01056	0.05441	0.02078	0.68999	0.02776	0.02402	0.01746	0.00881	0.00716	0.00220	0.00611	0.00714	0.00876	0.01212
27	0.00920	0.00790	0.00797	0.00783	0.01037	0.00700	0.00591	0.01256	0.07363	0.02013	0.06847	0.06497	0.64466	0.01732	0.00832	0.00241	0.00378	0.01444	0.00667	0.00646
28	0.04008	0.01684	0.02963	0.06691	0.47761	0.01690	0.14374	0.02151	0.01587	0.02300	0.01327	0.01760	0.01091	0.00649	0.00773	0.00217	0.03490	0.00656	0.00357	0.04471
29	0.01091	0.00863	0.01252	0.01210	0.01309	0.01045	0.00940	0.01311	0.01128	0.01638	0.01806	0.02790	0.01736	0.10705	0.57014	0.00995	0.11386	0.00767	0.00376	0.00638
30	0.00864	0.00633	0.00812	0.00955	0.01023	0.00581	0.00645	0.00996	0.01398	0.01832	0.04363	0.65496	0.13441	0.02174	0.00900	0.00283	0.00406	0.01955	0.00661	0.00581
31	0.02582	0.01933	0.02067	0.01613	0.02161	0.02150	0.01323	0.59582	0.12128	0.04287	0.01868	0.01836	0.01339	0.00870	0.00714	0.00217	0.00754	0.00663	0.00714	0.01200
32	0.03045	0.04428	0.01713	0.01249	0.01786	0.01108	0.01038	0.03321	0.02011	0.65075	0.05620	0.02492	0.01938	0.00894	0.00710	0.00218	0.00601	0.00726	0.00852	0.01176
33	0.03195	0.01212	0.01652	0.01267	0.01818	0.01047	0.01047	0.03470	0.02038	0.71026	0.02809	0.02424	0.01763	0.00881	0.00716	0.00220	0.00606	0.00716	0.00881	0.01212
34	0.80005	0.01377	0.01047	0.00936	0.01377	0.01597	0.00771	0.02093	0.01212	0.03195	0.00991	0.01157	0.00771	0.00661	0.00441	0.00220	0.00551	0.00386	0.00441	0.00771
35	0.01036	0.00690	0.00777	0.00777	0.00777	0.00690	0.00431	0.01036	0.01036	0.01381	0.02244	0.04660	0.02589	0.74975	0.03624	0.00690	0.00690	0.01036	0.00431	0.00431
36	0.80005	0.01377	0.01047	0.00936	0.01377	0.01597	0.00771	0.02093	0.01212	0.03195	0.00991	0.01157	0.00771	0.00661	0.00441	0.00220	0.00551	0.00386	0.00441	0.00771
37	0.03195	0.01212	0.01652	0.01267	0.01818	0.01047	0.01047	0.03470	0.02038	0.71026	0.02809	0.02424	0.01763	0.00881	0.00716	0.00220	0.00606	0.00716	0.00881	0.01212
38	0.01821	0.01746	0.02777	0.04062	0.62879	0.03859	0.02082	0.04457	0.04960	0.02411	0.01420	0.01789	0.01175	0.00661	0.00704	0.00212	0.00844	0.00638	0.00383	0.01121
39	0.00917	0.00620	0.00840	0.00983	0.01019	0.00584	0.00655	0.00983	0.01305	0.01740	0.03567	0.64872	0.04247	0.02263	0.01159	0.10814	0.00440	0.01837	0.00614	0.00543
40	0.00868	0.00620	0.00826	0.00991	0.01033	0.00578	0.00661	0.00991	0.01363	0.01818	0.03925	0.74510	0.04710	0.02231	0.00909	0.00289	0.00413	0.02024	0.00661	0.00578
41	0.64934	0.01345	0.01165	0.01001	0.01464	0.01489	0.00825	0.02363	0.01374	0.16504	0.01348	0.01405	0.00966	0.00704	0.00495	0.00220	0.00562	0.00450	0.00527	0.00858
42	0.13456	0.00825	0.00931	0.00883	0.01098	0.00805	0.00670	0.01404	0.01809	0.02741	0.48048	0.07791	0.14158	0.01409	0.00780	0.00228	0.00376	0.01205	0.00708	0.00674
43	0.01036	0.00690	0.00777	0.00777	0.00777	0.00690	0.00431	0.01036	0.01036	0.01381	0.02244	0.04660	0.02589	0.74975	0.03624	0.00690	0.00690	0.01036	0.00431	0.00431
44	0.73998	0.01462	0.03268	0.01128	0.04626	0.01603	0.00893	0.02102	0.01240	0.03126	0.01016	0.01195	0.00792	0.00660	0.00460	0.00220	0.00580	0.00401	0.00432	0.00796
45	0.02660	0.03394	0.02018	0.01834	0.02201	0.72116	0.01376	0.02843	0.02018	0.01743	0.01101	0.01284	0.00917	0.00734	0.00642	0.00183	0.01284	0.00459	0.00367	0.00825
46	0.80005	0.01377	0.01047	0.00936	0.01377	0.01597	0.00771	0.02093	0.01212	0.03195	0.00991	0.01157	0.00771	0.00661	0.00441	0.00220	0.00551	0.00386	0.00441	0.00771
47	0.01147	0.00820	0.01147	0.01311	0.01475	0.00820	0.01147	0.01475	0.01639	0.02131	0.03770	0.08032	0.04098	0.01967	0.00984	0.00328	0.00656	0.65741	0.00656	0.00656
48	0.01008	0.00728	0.00952	0.00896	0.01064	0.00672	0.00672	0.01344	0.02016	0.02855	0.70158	0.05319	0.06719	0.01456	0.00840	0.00224	0.00336	0.01288	0.00784	0.00672
49	0.01681	0.01921	0.04202	0.03001	0.03721	0.01801	0.67947	0.02281	0.01681	0.02281	0.01441	0.01921	0.01080	0.00600	0.00840	0.00240	0.01200	0.00840	0.00360	0.00960
50	0.02707	0.01995	0.02137	0.01638	0.02208	0.02208	0.01353	0.68159	0.03348	0.04488	0.01710	0.01710	0.01211	0.00855	0.00712	0.00214	0.00784	0.00641	0.00712	0.01211
51	0.01036	0.00690	0.00777	0.00777	0.00777	0.00690	0.00431	0.01036	0.01036	0.01381	0.02244	0.04660	0.02589	0.74975	0.03624	0.00690	0.00690	0.01036	0.00431	0.00431
52	0.00842	0.00721	0.00721	0.00721	0.00962	0.00601	0.00541	0.01022	0.01623	0.01924	0.07213	0.06853	0.70244	0.01803	0.00842	0.00240	0.00361	0.01503	0.00661	0.00601
53	0.02240	0.18174	0.02322	0.01643	0.01991	0.43292	0.01311	0.02424	0.01710	0.01707	0.01129	0.01478	0.01015	0.04051	0.03106	0.00244	0.10502	0.00497	0.00350	0.00816
54	0.03195	0.01212	0.01652	0.01267	0.01818	0.01047	0.01047	0.03470	0.02038	0.71026	0.02809	0.02424	0.01763	0.00881	0.00716	0.00220	0.00606	0.00716	0.00881	0.01212
55	0.01357	0.01297	0.02263	0.63813	0.04628	0.01567	0.07525	0.01832	0.01432	0.01850	0.01311	0.01944	0.01001	0.00926	0.04177	0.00281	0.01017	0.00657	0.00323	0.00798
56	0.01771	0.01530	0.01610	0.01449	0.01852	0.01771	0.01127	0.03784	0.69247	0.02979	0.02898	0.02657	0.02174	0.00966	0.00725	0.00242	0.00564	0.00805	0.00725	0.01127
57	0.00868	0.00620	0.00826	0.00991	0.01033	0.00578	0.00661	0.00991	0.01363	0.01818	0.03925	0.74510	0.04710	0.02231	0.00909	0.00289	0.00413	0.02024	0.00661	0.00578
58	0.01751	0.04139	0.13920	0.01488	0.02007	0.01673	0.01357	0.08638	0.39982	0.05116	0.07964	0.02659	0.04253	0.00956	0.00719	0.00231	0.00651	0.00786	0.00644	0.01065
59	0.01558	0.01314	0.01521	0.01094	0.01722	0.01033	0.00878	0.06209	0.01601	0.02465	0.01295	0.01492	0.01065	0.00549	0.00540	0.00113	0.00544	0.00436	0.00441	0.74130
60	0.02284	0.01619	0.03998	0.01413	0.01926	0.01588	0.01170	0.36559	0.02521	0.13713	0.02128	0.12666	0.01785	0.01011	0.00714	0.00211	0.00673	0.00824	0.00674	0.12525
61	0.01904	0.75404	0.03731	0.01218	0.01828	0.02818	0.01218	0.02132	0.01447	0.01675	0.00990	0.01142	0.00914	0.00609	0.00457	0.00152	0.00761	0.00381	0.00305	0.00914
62	0.01112	0.00795	0.01107	0.01271	0.01420	0.00789	0.01086	0.01415	0.01605	0.02092	0.03790	0.16375	0.04175	0.02000	0.00974	0.00323	0.00625	0.57744	0.00656	0.00646
63	0.01424	0.01326	0.02202	0.64961	0.10583	0.01611	0.01976	0.03937	0.01502	0.01948	0.01286	0.01881	0.00973	0.00710	0.00711	0.00234	0.00935	0.00633	0.00332	0.00834
64	0.01826	0.08349	0.15703	0.02713	0.25109	0.15803	0.08179	0.02309	0.03618	0.02130	0.01489	0.04915	0.01292	0.00774	0.00697	0.00214	0.00967	0.02554	0.00375	0.00982
65	0.01477	0.01266	0.01477	0.01055	0.01687	0.00949	0.00844	0.01793	0.01477	0.02320	0.01266	0.01477	0.01055	0.00527	0.00527	0.00105	0.00527	0.00422	0.00422	0.79328
66	0.01754	0.05253	0.06092	0.04114	0.64181	0.01743	0.02160	0.02186	0.01608	0.02292	0.01320	0.01721	0.01107	0.00635	0.00692	0.00209	0.00852	0.00618	0.00348	0.01114
67	0.00869	0.00636	0.00817	0.00954	0.01025	0.00584	0.00646	0.01007	0.01417	0.01864	0.06448	0.63776	0.13037	0.02152	0.00898	0.00281	0.00404	0.01935	0.00665	0.00584
68	0.02809	0.01153	0.01546	0.01219	0.01707	0.01021	0.00994	0.03166	0.04846	0.58003	0.12867	0.02866	0.02520	0.00971	0.00735	0.00222	0.00564	0.00805	0.00860	0.01128
69	0.03195	0.01212	0.01652	0.01267	0.01818	0.01047	0.01047	0.03470	0.02038	0.71026	0.02809	0.02424	0.01763	0.00881	0.00716	0.00220	0.00606	0.00716	0.00881	0.01212
70	0.01495	0.05507	0.51587	0.02408	0.15137	0.01662	0.04531	0.02201	0.01550	0.02275	0.04196	0.01713	0.01195	0.00697	0.00687	0.00221	0.00980	0.00583	0.00332	0.01042
71	0.00842	0.00721	0.00721	0.00721	0.00962	0.00601	0.00541	0.01022	0.01623	0.01924	0.07213	0.06853	0.70244	0.01803	0.00842	0.00240	0.00361	0.01503	0.00661	0.00601
72	0.03195	0.01212	0.01652	0.01267	0.01818	0.01047	0.01047	0.03470	0.02038	0.71026	0.02809	0.02424	0.01763	0.00881	0.00716	0.00220	0.00606	0.00716	0.00881	0.01212
73	0.01765	0.01820	0.05727	0.06411	0.63246	0.04074	0.02170	0.02199	0.01623	0.02287	0.01326	0.01740	0.01105	0.00642	0.00702	0.00212	0.00873	0.00624	0.00350	0.01104
74	0.01622	0.02332	0.19843	0.02775	0.03572	0.01766	0.52718	0.02275	0.01639	0.02275	0.01403	0.01823	0.01039	0.00618	0.00802	0.00237	0.01166	0.00767	0.00346	0.00982
75	0.00868	0.00620	0.00826	0.00991	0.01033	0.00578	0.00661	0.00991	0.01363	0.01818	0.03925	0.74510	0.04710	0.02231	0.00909	0.00289	0.00413	0.02024	0.00661	0.00578
76	0.13887	0.01424	0.02020	0.41523	0.08829	0.04844	0.04502	0.01942	0.01428	0.02136	0.01271	0.01768	0.00991	0.00733	0.00756	0.00230	0.05248	0.00596	0.05055	0.00815
77	0.01619	0.01580	0.02611	0.31706	0.39946	0.03728	0.04455	0.02062	0.01556	0.02105	0.01307	0.01808	0.01049	0.00667	0.00711	0.00222	0.00913	0.00636	0.00339	0.00979
78	0.01036	0.00690	0.00777	0.00777	0.00777	0.00690	0.00431	0.01036	0.01036	0.01381	0.02244	0.04660	0.02589	0.74975	0.03624	0.00690	0.00690	0.01036	0.00431	0.00431
79	0.01558	0.01558	0.02181	0.01869	0.01869	0.02181	0.01558	0.01714	0.01091	0.01714	0.00935	0.01558	0.00935	0.01246	0.02337	0.00312	0.73672	0.00623	0.00312	0.00779
80	0.01631	0.02077	0.16448	0.02830	0.16885	0.01669	0.31042	0.02178	0.01571	0.04231	0.01444	0.01880	0.01128	0.01064	0.06903	0.00311	0.04645	0.00717	0.00362	0.00983
81	0.01008	0.00728	0.00952	0.00896	0.01064	0.00672	0.00672	0.01344	0.02016	0.02855	0.70158	0.05319	0.06719	0.01456	0.00840	0.00224	0.00336	0.01288	0.00784	0.00672
82	0.01496	0.10577	0.59155	0.01903	0.02846	0.04030	0.02371	0.02217	0.01498	0.02154	0.01273	0.01521	0.00944	0.00887	0.03958	0.00259	0.01071	0.00521	0.00307	0.01012
83	0.00849	0.00722	0.00732	0.00730	0.00967	0.00604	0.00547	0.01037	0.01642	0.01967	0.10176	0.06781	0.67254	0.01787	0.00841	0.00240	0.00360	0.01493	0.00667	0.00604
84	0.01477	0.01266	0.01477	0.01055	0.01687	0.00949	0.00844	0.01793	0.01477	0.02320	0.01266	0.01477	0.01055	0.00527	0.00527	0.00105	0.00527	0.00422	0.00422	0.79328
85	0.80005	0.01377	0.01047	0.00936	0.01377	0.01597	0.00771	0.02093	0.01212	0.03195	0.00991	0.01157	0.00771	0.00661	0.00441	0.00220	0.00551	0.00386	0.00441	0.00771
86	0.02502	0.01861	0.02013	0.01551	0.02104	0.02009	0.01271	0.58465	0.03071	0.04151	0.01759	0.04810	0.01345	0.00880	0.00702	0.00206	0.00741	0.00678	0.00680	0.09202
87	0.01804	0.01771	0.02850	0.04253	0.67374	0.04948	0.02148	0.02216	0.01640	0.02299	0.01328	0.01740	0.01118	0.00639	0.00702	0.00210	0.00866	0.00626	0.00353	0.01114
88	0.01428	0.03683	0.71286	0.02030	0.03082	0.01654	0.02631	0.02255	0.01503	0.02255	0.01278	0.01503	0.00902	0.00677	0.00677	0.00226	0.01052	0.00526	0.00301	0.01052
89	0.01602	0.01294	0.01512	0.01088	0.01715	0.01007	0.00874	0.04670	0.01580	0.05361	0.01351	0.01527	0.01092	0.00556	0.00543	0.00115	0.00542	0.00444	0.00454	0.72674
90	0.01681	0.01921	0.04202	0.03001	0.03721	0.01801	0.67947	0.02281	0.01681	0.02281	0.01441	0.01921	0.01080	0.00600	0.00840	0.00240	0.01200	0.00840	0.00360	0.00960
91	0.00880	0.00629	0.00838	0.00983	0.01036	0.00587	0.00662	0.01023	0.01422	0.01911	0.09879	0.68291	0.04890	0.02161	0.00903	0.00283	0.00406	0.01958	0.00672	0.00587
92	0.01237	0.00618	0.00928	0.00928	0.00928	0.00618	0.00618	0.00928	0.00928	0.01237	0.01237	0.02165	0.01237	0.02474	0.02783	0.79283	0.00618	0.00618	0.00309	0.00309
93	0.01912	0.02221	0.01511	0.01394	0.01688	0.40059	0.01042	0.02178	0.04126	0.02019	0.15529	0.03284	0.15554	0.03450	0.00816	0.00220	0.00882	0.00849	0.00517	0.00750
94	0.01868	0.70077	0.08749	0.01279	0.01921	0.02731	0.01323	0.02141	0.01451	0.01718	0.01011	0.01169	0.00913	0.00614	0.00473	0.00158	0.00783	0.00392	0.00304	0.00924
95	0.00904	0.00716	0.00815	0.00821	0.01017	0.00627	0.00613	0.01130	0.01715	0.02199	0.25596	0.13349	0.42294	0.01749	0.00853	0.00243	0.00369	0.03669	0.00698	0.00622
96	0.01323	0.00932	0.01128	0.04524	0.01343	0.00972	0.00772	0.13466	0.01606	0.02147	0.04645	0.25703	0.02933	0.26431	0.01936	0.07112	0.00616	0.01226	0.00550	0.00636
97	0.01747	0.01676	0.02863	0.06860	0.68162	0.01688	0.02178	0.02172	0.01614	0.02308	0.01337	0.01767	0.01121	0.00637	0.00705	0.00212	0.00850	0.00634	0.00351	0.01116
98	0.01036	0.00690	0.00777	0.00777	0.00777	0.00690	0.00431	0.01036	0.01036	0.01381	0.02244	0.04660	0.02589	0.74975	0.03624	0.00690	0.00690	0.01036	0.00431	0.00431
99	0.01031	0.00707	0.00861	0.00861	0.00891	0.00736	0.00537	0.01090	0.01061	0.01443	0.02166	0.04230	0.02402	0.58915	0.19430	0.00795	0.00971	0.00973	0.00420	0.00479
100	0.04929	0.07894	0.50939	0.05837	0.12255	0.01729	0.02363	0.02208	0.01499	0.02246	0.01254	0.01520	0.00930	0.00667	0.00657	0.00219	0.00978	0.00531	0.00315	0.01028
101	0.01831	0.01870	0.02789	0.09468	0.54128	0.09993	0.05169	0.02238	0.01655	0.02215	0.01310	0.01724	0.01087	0.00651	0.00704	0.00212	0.00922	0.00623	0.00352	0.01058
102	0.03195	0.01212	0.01652	0.01267	0.01818	0.01047	0.01047	0.03470	0.02038	0.71026	0.02809	0.02424	0.01763	0.00881	0.00716	0.00220	0.00606	0.00716	0.00881	0.01212
103	0.02593	0.01885	0.02016	0.01558	0.02095	0.02081	0.01283	0.62690	0.03195	0.04337	0.01760	0.01787	0.01261	0.00853	0.00695	0.00210	0.00746	0.00643	0.07145	0.01166
104	0.05474	0.04056	0.01672	0.01390	0.01812	0.11278	0.01097	0.07304	0.32978	0.13957	0.05478	0.02609	0.05877	0.00957	0.00702	0.00224	0.00668	0.00761	0.00673	0.01033
105	0.00868	0.00620	0.00826	0.00991	0.01033	0.00578	0.00661	0.00991	0.01363	0.01818	0.03925	0.74510	0.04710	0.02231	0.00909	0.00289	0.00413	0.02024	0.00661	0.00578
106	0.01640	0.01968	0.12781	0.12111	0.27342	0.01710	0.20163	0.02336	0.08396	0.02305	0.01506	0.01876	0.01165	0.00674	0.00741	0.00228	0.00957	0.00692	0.00380	0.01028
107	0.01035	0.00693	0.00792	0.00792	0.00798	0.00699	0.00451	0.01046	0.01040	0.01392	0.02229	0.04580	0.02554	0.71977	0.06575	0.00710	0.00743	0.01024	0.00429	0.00440
108	0.01742	0.53836	0.20605	0.01407	0.02107	0.02424	0.01548	0.02126	0.01488	0.01877	0.04318	0.01430	0.01184	0.00666	0.00530	0.00174	0.00815	0.00460	0.00326	0.00937
109	0.01864	0.61221	0.14057	0.01370	0.02037	0.05661	0.01443	0.02182	0.01480	0.01767	0.01039	0.01204	0.00912	0.00625	0.00499	0.00165	0.00829	0.00407	0.00307	0.00931
110	0.12685	0.04807	0.01573	0.01323	0.04114	0.11455	0.01006	0.07669	0.08125	0.02505	0.05405	0.02708	0.14359	0.00957	0.00706	0.00198	0.03253	0.00730	0.00519	0.15903
111	0.05167	0.19516	0.53025	0.01799	0.02724	0.01910	0.02231	0.02220	0.01477	0.02170	0.01201	0.01407	0.00899	0.00661	0.00617	0.00209	0.00965	0.00487	0.00308	0.01009
112	0.01697	0.01624	0.02752	0.08600	0.63449	0.01639	0.02103	0.02113	0.01609	0.02277	0.01580	0.01984	0.04007	0.00688	0.00711	0.00214	0.00832	0.00671	0.00363	0.01084
113	0.01665	0.01808	0.03785	0.05345	0.12995	0.01725	0.53424	0.02223	0.01655	0.02290	0.01462	0.01932	0.01118	0.00619	0.00801	0.00233	0.01102	0.00796	0.04056	0.00964
114	0.01719	0.01654	0.05372	0.15648	0.41416	0.01643	0.01933	0.10244	0.01797	0.02474	0.01799	0.02267	0.05363	0.00788	0.00723	0.00222	0.00830	0.02663	0.00417	0.01030
115	0.01382	0.01221	0.01806	0.04950	0.28583	0.01239	0.01403	0.01917	0.10578	0.02221	0.03134	0.16993	0.12171	0.01292	0.00796	0.00248	0.00640	0.08004	0.00536	0.00886
116	0.01020	0.00754	0.01098	0.01098	0.01210	0.00865	0.00833	0.01242	0.01131	0.01619	0.01949	0.03031	0.01881	0.14068	0.63565	0.01087	0.01755	0.00797	0.00388	0.00610
117	0.01550	0.06604	0.53916	0.02325	0.11843	0.01738	0.05222	0.04591	0.01589	0.02318	0.01295	0.01546	0.00951	0.00671	0.00678	0.00220	0.01009	0.00551	0.00325	0.01058
118	0.01803	0.01547	0.03638	0.01451	0.01870	0.01691	0.01168	0.03623	0.61059	0.06210	0.02884	0.02846	0.02200	0.00997	0.00734	0.00244	0.00584	0.03625	0.00717	0.01108
119	0.00857	0.00722	0.00742	0.00737	0.00971	0.00608	0.00553	0.01051	0.01659	0.02008	0.12922	0.06714	0.64483	0.01772	0.00841	0.00239	0.00358	0.01483	0.00672	0.00608
120	0.02408	0.05255	0.02026	0.01527	0.02024	0.02006	0.01249	0.55533	0.02977	0.03977	0.01990	0.11999	0.01693	0.01038	0.00728	0.00222	0.00730	0.00825	0.00686	0.01107
121	0.01036	0.00690	0.00777	0.00777	0.00777	0.00690	0.00431	0.01036	0.01036	0.01381	0.02244	0.04660	0.02589	0.74975	0.03624	0.00690	0.00690	0.01036	0.00431	0.00431
122	0.05129	0.02133	0.17727	0.05111	0.30718	0.01706	0.12265	0.06451	0.04955	0.02495	0.01421	0.01739	0.01104	0.00668	0.00704	0.00218	0.00908	0.00634	0.00388	0.03524
123	0.01428	0.03683	0.71286	0.02030	0.03082	0.01654	0.02631	0.02255	0.01503	0.02255	0.01278	0.01503	0.00902	0.00677	0.00677	0.00226	0.01052	0.00526	0.00301	0.01052
124	0.00924	0.00699	0.00852	0.00868	0.01026	0.00628	0.00630	0.01161	0.01737	0.02321	0.35004	0.23025	0.25029	0.01752	0.00858	0.00245	0.00363	0.01535	0.00717	0.00628
125	0.01559	0.01582	0.02221	0.04155	0.02057	0.05070	0.06159	0.01766	0.01188	0.01753	0.01076	0.01694	0.01021	0.01531	0.08398	0.00374	0.56649	0.00644	0.00324	0.00781
126	0.02103	0.19103	0.04929	0.02336	0.21796	0.21602	0.01555	0.05216	0.04192	0.05342	0.01583	0.01757	0.04049	0.00741	0.00637	0.00193	0.00911	0.00571	0.00410	0.00976
127	0.01458	0.06748	0.65915	0.02029	0.03050	0.01710	0.04929	0.02251	0.01507	0.02231	0.01271	0.01503	0.00909	0.00671	0.00673	0.00223	0.01045	0.00531	0.00303	0.01043
128	0.00958	0.00728	0.00811	0.00805	0.01019	0.00628	0.00598	0.01167	0.01687	0.04443	0.19440	0.13985	0.47705	0.01750	0.00845	0.00242	0.00370	0.01491	0.00693	0.00634
129	0.01110	0.00876	0.01007	0.00964	0.01189	0.00859	0.00726	0.04341	0.10748	0.02454	0.26521	0.12678	0.26997	0.01755	0.04275	0.00283	0.00478	0.01323	0.00699	0.00719
130	0.04447	0.06181	0.47811	0.02297	0.11778	0.04774	0.06550	0.02293	0.01553	0.04013	0.01305	0.01550	0.00962	0.00670	0.00672	0.00219	0.01003	0.00551	0.00334	0.01035
131	0.00869	0.00634	0.00819	0.00960	0.01026	0.00584	0.00649	0.01006	0.01412	0.01863	0.06449	0.65210	0.11575	0.02161	0.00900	0.00282	0.00405	0.01946	0.00665	0.00584
132	0.01689	0.01645	0.02891	0.15126	0.54071	0.01684	0.08154	0.02136	0.01596	0.02242	0.01337	0.01798	0.01095	0.00644	0.00718	0.00218	0.00895	0.00653	0.00347	0.01059

[dist]
# distance from previous block
# <min> <max>
0	1

[block]
# block no. 4 follows, 29 sequences, length 86
# corresponding to MSA columns:
# 278-363
name=unknown_E
#
# <colnr> <probs for GDERKNQSTAVLIFYWHMCP>
#	G	D	E	R	K	N	Q	S	T	A	V	L	I	F	Y	W	H	M	C	P
0	0.05136	0.09546	0.53211	0.01780	0.02660	0.01638	0.02184	0.02174	0.01521	0.04448	0.04838	0.04908	0.01383	0.00784	0.00666	0.00221	0.00925	0.00617	0.00366	0.00992
1	0.00907	0.00640	0.00835	0.00975	0.01017	0.00607	0.00651	0.01022	0.01328	0.01768	0.03666	0.60779	0.04363	0.13068	0.01318	0.00351	0.00467	0.05053	0.00626	0.00560
2	0.01768	0.01398	0.01482	0.01334	0.01711	0.01590	0.01038	0.03481	0.57272	0.05684	0.02816	0.02647	0.02109	0.00944	0.00693	0.00230	0.00534	0.00782	0.11418	0.01067
3	0.33361	0.30414	0.05103	0.01185	0.01711	0.06540	0.01089	0.06613	0.01521	0.02541	0.01107	0.01266	0.00910	0.00665	0.00490	0.00189	0.00707	0.00422	0.03298	0.00867
4	0.01210	0.01040	0.01518	0.18925	0.04096	0.01229	0.01221	0.01459	0.01356	0.01904	0.04524	0.30151	0.02651	0.01444	0.01137	0.00265	0.16854	0.01188	0.04910	0.02917
5	0.00889	0.00629	0.00820	0.00964	0.01000	0.00593	0.00632	0.00997	0.01321	0.01762	0.03709	0.65548	0.04437	0.11565	0.01257	0.00341	0.00449	0.01897	0.00632	0.00560
6	0.02467	0.07536	0.02273	0.02206	0.13442	0.53320	0.01499	0.05379	0.01972	0.01948	0.01158	0.01372	0.00964	0.00715	0.00644	0.00187	0.01159	0.00490	0.00375	0.00897
7	0.03052	0.01441	0.01794	0.01376	0.01932	0.01387	0.01136	0.22423	0.02422	0.51532	0.02487	0.02214	0.01601	0.00874	0.00715	0.00218	0.00658	0.00694	0.00832	0.01212
8	0.01527	0.01296	0.01504	0.01079	0.01709	0.01001	0.00865	0.04524	0.01554	0.02409	0.01284	0.01486	0.01061	0.00541	0.00535	0.00110	0.00538	0.00431	0.00434	0.76113
9	0.01000	0.00728	0.00940	0.00887	0.01059	0.00668	0.00665	0.01328	0.01996	0.02809	0.67020	0.05395	0.09885	0.01473	0.00840	0.00225	0.00337	0.01298	0.00778	0.00668
10	0.00985	0.00727	0.00920	0.00872	0.01050	0.00662	0.00654	0.01300	0.01962	0.02728	0.61555	0.05529	0.15400	0.01503	0.00840	0.00226	0.00339	0.01317	0.00767	0.00662
11	0.01035	0.00694	0.00795	0.00795	0.00801	0.00700	0.00454	0.01047	0.01041	0.01394	0.02227	0.04567	0.02548	0.71504	0.07040	0.00713	0.00751	0.01022	0.00429	0.00442
12	0.06244	0.01342	0.01679	0.01299	0.01834	0.01269	0.01071	0.15239	0.02224	0.53407	0.02513	0.02248	0.01622	0.00865	0.00696	0.00217	0.00626	0.00687	0.03744	0.01173
13	0.01558	0.01558	0.02181	0.01869	0.01869	0.02181	0.01558	0.01714	0.01091	0.01714	0.00935	0.01558	0.00935	0.01246	0.02337	0.00312	0.73672	0.00623	0.00312	0.00779
14	0.02660	0.03394	0.02018	0.01834	0.02201	0.72116	0.01376	0.02843	0.02018	0.01743	0.01101	0.01284	0.00917	0.00734	0.00642	0.00183	0.01284	0.00459	0.00367	0.00825
15	0.01904	0.75404	0.03731	0.01218	0.01828	0.02818	0.01218	0.02132	0.01447	0.01675	0.00990	0.01142	0.00914	0.00609	0.00457	0.00152	0.00761	0.00381	0.00305	0.00914
16	0.00868	0.00620	0.00826	0.00991	0.01033	0.00578	0.00661	0.00991	0.01363	0.01818	0.03925	0.74510	0.04710	0.02231	0.00909	0.00289	0.00413	0.02024	0.00661	0.00578
17	0.00868	0.00620	0.00826	0.00991	0.01033	0.00578	0.00661	0.00991	0.01363	0.01818	0.03925	0.74510	0.04710	0.02231	0.00909	0.00289	0.00413	0.02024	0.00661	0.00578
18	0.02649	0.01939	0.02075	0.01598	0.02151	0.02144	0.01318	0.65381	0.03270	0.04411	0.01735	0.01749	0.01237	0.00854	0.00703	0.00212	0.00765	0.00642	0.03980	0.01188
19	0.80005	0.01377	0.01047	0.00936	0.01377	0.01597	0.00771	0.02093	0.01212	0.03195	0.00991	0.01157	0.00771	0.00661	0.00441	0.00220	0.00551	0.00386	0.00441	0.00771
20	0.02660	0.03394	0.02018	0.01834	0.02201	0.72116	0.01376	0.02843	0.02018	0.01743	0.01101	0.01284	0.00917	0.00734	0.00642	0.00183	0.01284	0.00459	0.00367	0.00825
21	0.00864	0.00656	0.00790	0.00895	0.01001	0.00589	0.00614	0.01003	0.01440	0.01840	0.04968	0.49901	0.26450	0.04275	0.00968	0.00285	0.00404	0.01821	0.00654	0.00582
22	0.01147	0.00820	0.01147	0.01311	0.01475	0.00820	0.01147	0.01475	0.01639	0.02131	0.03770	0.08032	0.04098	0.01967	0.00984	0.00328	0.00656	0.65741	0.00656	0.00656
23	0.00905	0.00665	0.00853	0.00952	0.01051	0.00612	0.00671	0.01089	0.01540	0.02051	0.17351	0.48386	0.14029	0.02007	0.00890	0.00272	0.00403	0.04984	0.00685	0.00604
24	0.02660	0.03394	0.02018	0.01834	0.02201	0.72116	0.01376	0.02843	0.02018	0.01743	0.01101	0.01284	0.00917	0.00734	0.00642	0.00183	0.01284	0.00459	0.00367	0.00825
25	0.01635	0.37155	0.29850	0.01536	0.02249	0.02145	0.01738	0.02100	0.01441	0.01948	0.01204	0.01448	0.00992	0.00894	0.03963	0.00235	0.04138	0.00479	0.03913	0.00938
26	0.01598	0.29310	0.47148	0.01740	0.02634	0.02070	0.02126	0.02211	0.01483	0.02048	0.01175	0.01374	0.00906	0.00652	0.00598	0.00199	0.00948	0.00474	0.00302	0.01003
27	0.01509	0.03033	0.49058	0.05154	0.15148	0.01685	0.07823	0.02213	0.01524	0.02238	0.01291	0.01600	0.00959	0.00681	0.00745	0.00227	0.03178	0.00578	0.00316	0.01041
28	0.23254	0.24536	0.31662	0.01485	0.02236	0.01987	0.01694	0.02174	0.01406	0.02341	0.01113	0.01300	0.00869	0.00652	0.00546	0.00202	0.00827	0.00444	0.00340	0.00933
29	0.01725	0.01740	0.05374	0.08453	0.64067	0.01684	0.02189	0.02166	0.01605	0.02293	0.01333	0.01761	0.01109	0.00641	0.00704	0.00214	0.00860	0.00630	0.00348	0.01105
30	0.00868	0.00620	0.00826	0.00991	0.01033	0.00578	0.00661	0.00991	0.01363	0.01818	0.03925	0.74510	0.04710	0.02231	0.00909	0.00289	0.00413	0.02024	0.00661	0.00578
31	0.01017	0.00763	0.01144	0.01144	0.01272	0.00890	0.00890	0.01272	0.01144	0.01653	0.01907	0.02797	0.01780	0.05340	0.72153	0.01144	0.01907	0.00763	0.00381	0.00636
32	0.00965	0.00676	0.00782	0.00826	0.00869	0.00649	0.00507	0.01022	0.01201	0.01569	0.03356	0.23315	0.12280	0.45977	0.02535	0.00524	0.00573	0.01358	0.00523	0.00493
33	0.00842	0.00721	0.00721	0.00721	0.00962	0.00601	0.00541	0.01022	0.01623	0.01924	0.07213	0.06853	0.70244	0.01803	0.00842	0.00240	0.00361	0.01503	0.00661	0.00601
34	0.01904	0.75404	0.03731	0.01218	0.01828	0.02818	0.01218	0.02132	0.01447	0.01675	0.00990	0.01142	0.00914	0.00609	0.00457	0.00152	0.00761	0.00381	0.00305	0.00914
35	0.01033	0.00700	0.00827	0.00827	0.00844	0.00718	0.00494	0.01068	0.01050	0.01418	0.02198	0.04405	0.02478	0.65459	0.12990	0.00752	0.00857	0.00998	0.00425	0.00459
36	0.01428	0.03683	0.71286	0.02030	0.03082	0.01654	0.02631	0.02255	0.01503	0.02255	0.01278	0.01503	0.00902	0.00677	0.00677	0.00226	0.01052	0.00526	0.00301	0.01052
37	0.01017	0.00763	0.01144	0.01144	0.01272	0.00890	0.00890	0.01272	0.01144	0.01653	0.01907	0.02797	0.01780	0.05340	0.72153	0.01144	0.01907	0.00763	0.00381	0.00636
38	0.69508	0.01354	0.01129	0.00982	0.01437	0.01522	0.00809	0.02281	0.01325	0.12465	0.01240	0.01330	0.00907	0.00691	0.00478	0.00220	0.00558	0.00431	0.00501	0.00831
39	0.02707	0.01995	0.02137	0.01638	0.02208	0.02208	0.01353	0.68159	0.03348	0.04488	0.01710	0.01710	0.01211	0.00855	0.00712	0.00214	0.00784	0.00641	0.00712	0.01211
40	0.01017	0.00763	0.01144	0.01144	0.01272	0.00890	0.00890	0.01272	0.01144	0.01653	0.01907	0.02797	0.01780	0.05340	0.72153	0.01144	0.01907	0.00763	0.00381	0.00636
41	0.02668	0.03143	0.02039	0.01799	0.02203	0.59590	0.01372	0.14547	0.02256	0.02235	0.01210	0.01360	0.00970	0.00755	0.00655	0.00189	0.01194	0.00491	0.00429	0.00895
42	0.01017	0.00763	0.01144	0.01144	0.01272	0.00890	0.00890	0.01272	0.01144	0.01653	0.01907	0.02797	0.01780	0.05340	0.72153	0.01144	0.01907	0.00763	0.00381	0.00636
43	0.01345	0.01266	0.02136	0.73264	0.04904	0.01582	0.01978	0.01819	0.01424	0.01819	0.01266	0.01898	0.00949	0.00712	0.00712	0.00237	0.00949	0.00633	0.00316	0.00791
44	0.80005	0.01377	0.01047	0.00936	0.01377	0.01597	0.00771	0.02093	0.01212	0.03195	0.00991	0.01157	0.00771	0.00661	0.00441	0.00220	0.00551	0.00386	0.00441	0.00771
45	0.01030	0.00711	0.00880	0.00880	0.00915	0.00746	0.00560	0.01102	0.01066	0.01457	0.02149	0.04138	0.02362	0.55451	0.22838	0.00818	0.01032	0.00959	0.00417	0.00489
46	0.01904	0.75404	0.03731	0.01218	0.01828	0.02818	0.01218	0.02132	0.01447	0.01675	0.00990	0.01142	0.00914	0.00609	0.00457	0.00152	0.00761	0.00381	0.00305	0.00914
