[name]
unknown

[dist]
# distance from previous block
# <min> <max>
0	290

[block]
# block no. 0 follows, 29 sequences, length 29
# corresponding to MSA columns:
# 290-318
name=unknown_A
#
# <colnr> <probs for GDERKNQSTAVLIFYWHMCP>
#	G	D	E	R	K	N	Q	S	T	A	V	L	I	F	Y	W	H	M	C	P
0	0.09922	0.06214	0.16503	0.01864	0.08037	0.03879	0.08106	0.06273	0.07871	0.12414	0.01757	0.02057	0.01346	0.00777	0.00672	0.00215	0.00805	0.03650	0.00500	0.07139
1	0.04891	0.01732	0.07413	0.01771	0.02327	0.03497	0.15850	0.10810	0.10537	0.22966	0.06685	0.02281	0.01787	0.00851	0.00790	0.00229	0.03148	0.00749	0.00629	0.01058
2	0.07588	0.08143	0.01902	0.01504	0.04372	0.14704	0.01169	0.10535	0.12833	0.15792	0.03737	0.02116	0.01586	0.00835	0.00656	0.00203	0.00752	0.02711	0.00589	0.08275
3	0.06404	0.03853	0.06234	0.01919	0.10264	0.12914	0.01452	0.17537	0.06163	0.15448	0.01677	0.01766	0.01235	0.00838	0.00861	0.00222	0.09004	0.00607	0.00553	0.01047
4	0.22316	0.01615	0.01711	0.05008	0.10486	0.06581	0.01226	0.12230	0.13436	0.08059	0.01913	0.02147	0.03221	0.00840	0.00646	0.00221	0.00697	0.03187	0.00554	0.03907
5	0.07739	0.19189	0.10582	0.01527	0.03696	0.06557	0.03816	0.09333	0.05429	0.07233	0.01797	0.04016	0.04797	0.00830	0.00705	0.00202	0.04288	0.00624	0.00468	0.07173
6	0.02088	0.10947	0.04773	0.01996	0.13949	0.09794	0.01423	0.24660	0.06797	0.02907	0.01752	0.08861	0.01521	0.00895	0.00682	0.00207	0.00794	0.00721	0.00528	0.04705
7	0.01836	0.51396	0.17780	0.01466	0.02120	0.07254	0.01545	0.02184	0.01478	0.01804	0.01055	0.01250	0.00913	0.00666	0.00617	0.00178	0.04788	0.00430	0.00308	0.00930
8	0.01512	0.05760	0.45503	0.02138	0.03051	0.01664	0.18252	0.02211	0.01542	0.02246	0.01305	0.01588	0.00961	0.00641	0.00693	0.00214	0.01025	0.00587	0.00327	0.08780
9	0.02636	0.01915	0.02099	0.04347	0.02281	0.02102	0.01350	0.61166	0.03168	0.06857	0.01721	0.01737	0.01217	0.00841	0.00707	0.00212	0.00775	0.00637	0.00695	0.03536
10	0.00892	0.00640	0.00839	0.00979	0.01037	0.00599	0.00665	0.01031	0.01399	0.01862	0.07065	0.62714	0.07127	0.05683	0.01037	0.00305	0.00431	0.04460	0.00655	0.00580
11	0.01657	0.01584	0.02700	0.21781	0.53948	0.01664	0.02133	0.02093	0.01571	0.02198	0.01321	0.01797	0.01083	0.00654	0.00707	0.00218	0.00872	0.00634	0.00343	0.01043
12	0.00874	0.00643	0.00819	0.00943	0.01024	0.00589	0.00643	0.01022	0.01452	0.01911	0.09371	0.58881	0.15002	0.02107	0.00893	0.00277	0.00399	0.01889	0.00670	0.00589
13	0.03195	0.01212	0.01652	0.01267	0.01818	0.01047	0.01047	0.03470	0.02038	0.71026	0.02809	0.02424	0.01763	0.00881	0.00716	0.00220	0.00606	0.00716	0.00881	0.01212
14	0.00954	0.00748	0.00868	0.00860	0.01053	0.00681	0.00636	0.01275	0.04915	0.02329	0.31530	0.14947	0.33251	0.01683	0.00844	0.00240	0.00367	0.01453	0.00713	0.00651
15	0.03195	0.01212	0.01652	0.01267	0.01818	0.01047	0.01047	0.03470	0.02038	0.71026	0.02809	0.02424	0.01763	0.00881	0.00716	0.00220	0.00606	0.00716	0.00881	0.01212
16	0.05065	0.00772	0.00907	0.00948	0.01144	0.00722	0.00748	0.01259	0.01663	0.02228	0.18926	0.13241	0.29783	0.01755	0.00864	0.00263	0.00446	0.17957	0.00674	0.00637
17	0.02894	0.01694	0.01951	0.01496	0.02058	0.01762	0.01236	0.43303	0.02845	0.30055	0.02132	0.01984	0.01423	0.00865	0.00714	0.00216	0.00715	0.00670	0.00777	0.01211
18	0.00864	0.00633	0.00813	0.00957	0.01024	0.00581	0.00646	0.00995	0.01396	0.01831	0.04340	0.65968	0.12984	0.02177	0.00900	0.00283	0.00406	0.01958	0.00661	0.00581
19	0.00906	0.00645	0.00847	0.00959	0.01021	0.00604	0.00647	0.01062	0.01466	0.01987	0.16511	0.56489	0.04951	0.07033	0.01080	0.00304	0.00417	0.01816	0.00669	0.00586
20	0.01397	0.01323	0.02213	0.62734	0.11249	0.01624	0.01976	0.01850	0.01426	0.01864	0.01256	0.01867	0.00966	0.00732	0.00796	0.00239	0.04712	0.00632	0.00320	0.00824
21	0.02633	0.01917	0.02066	0.01605	0.02157	0.02119	0.01319	0.59219	0.09825	0.06973	0.01871	0.01832	0.01328	0.00867	0.00714	0.00217	0.00755	0.00660	0.00720	0.01203
22	0.01782	0.01765	0.02756	0.11024	0.59381	0.06474	0.02110	0.02194	0.01629	0.02236	0.01316	0.01743	0.01096	0.00649	0.00701	0.00212	0.00886	0.00622	0.00350	0.01074
23	0.01066	0.00747	0.00976	0.08079	0.01399	0.00729	0.00750	0.01225	0.01406	0.05375	0.05712	0.37512	0.14786	0.15272	0.01365	0.00344	0.00516	0.01529	0.00600	0.00612
24	0.01040	0.00887	0.01446	0.08431	0.01814	0.00865	0.10522	0.01279	0.01446	0.01904	0.03574	0.48856	0.09318	0.01800	0.00876	0.00274	0.00584	0.03841	0.00583	0.00659
25	0.01844	0.02007	0.03139	0.02686	0.12850	0.11959	0.32018	0.04858	0.01689	0.02220	0.01304	0.01715	0.01047	0.00722	0.00978	0.00228	0.11395	0.00688	0.00371	0.06283
26	0.01901	0.02040	0.02454	0.15719	0.31744	0.20695	0.04455	0.02259	0.01665	0.02059	0.01283	0.01687	0.01054	0.00710	0.00765	0.00213	0.04470	0.00595	0.03286	0.00945
27	0.01526	0.01503	0.05131	0.09684	0.05215	0.01443	0.20193	0.01961	0.03480	0.05295	0.01947	0.11530	0.03934	0.00968	0.00959	0.00232	0.10286	0.00874	0.00441	0.13397
28	0.01976	0.01754	0.01934	0.01642	0.06153	0.09494	0.03623	0.16271	0.07708	0.04634	0.01509	0.01671	0.01184	0.00732	0.00763	0.00179	0.06331	0.00557	0.00501	0.31385

[dist]
# distance from previous block
# <min> <max>
2	36

[block]
# block no. 1 follows, 29 sequences, length 30
# corresponding to MSA columns:
# 356-385
name=unknown_B
#
# <colnr> <probs for GDERKNQSTAVLIFYWHMCP>
#	G	D	E	R	K	N	Q	S	T	A	V	L	I	F	Y	W	H	M	C	P
0	0.02161	0.04395	0.02327	0.01729	0.02251	0.04148	0.11685	0.34084	0.02403	0.04917	0.01632	0.04047	0.01291	0.01076	0.04746	0.00261	0.05007	0.00682	0.00557	0.10601
1	0.02121	0.04733	0.21237	0.01981	0.06060	0.04297	0.06143	0.29783	0.02285	0.05317	0.01474	0.01647	0.01086	0.00804	0.00853	0.00225	0.07759	0.00609	0.00501	0.01084
2	0.02375	0.21257	0.02485	0.01500	0.02061	0.04818	0.01283	0.40846	0.08284	0.03451	0.01584	0.01617	0.01198	0.00784	0.00638	0.00195	0.00769	0.00573	0.00584	0.03699
3	0.01975	0.56649	0.03261	0.08290	0.02141	0.04769	0.01280	0.02303	0.04302	0.07469	0.01249	0.01389	0.01039	0.00660	0.00520	0.00171	0.00776	0.00453	0.00373	0.00932
4	0.02538	0.01090	0.01456	0.01187	0.01614	0.00972	0.00950	0.05224	0.02000	0.49063	0.13707	0.11777	0.02901	0.01139	0.00760	0.00229	0.00545	0.00967	0.00832	0.01047
5	0.00924	0.00678	0.00847	0.00954	0.01033	0.00643	0.00644	0.01126	0.03990	0.01889	0.07818	0.53913	0.11406	0.09200	0.01156	0.00318	0.00436	0.01785	0.00648	0.00593
6	0.01496	0.01423	0.02363	0.40147	0.27306	0.01648	0.01969	0.01911	0.01458	0.01985	0.01340	0.04020	0.01124	0.00783	0.00874	0.00237	0.08001	0.00675	0.00339	0.00901
7	0.01237	0.00618	0.00928	0.00928	0.00928	0.00618	0.00618	0.00928	0.00928	0.01237	0.01237	0.02165	0.01237	0.02474	0.02783	0.79283	0.00618	0.00618	0.00309	0.00309
8	0.01762	0.01692	0.02890	0.04371	0.70533	0.01692	0.02185	0.02185	0.01621	0.02326	0.01339	0.01762	0.01128	0.00634	0.00705	0.00211	0.00846	0.00634	0.00352	0.01128
9	0.01463	0.01466	0.02698	0.49466	0.04407	0.01654	0.20754	0.02054	0.05041	0.02012	0.01401	0.01944	0.01051	0.00693	0.00749	0.00238	0.01001	0.00701	0.00350	0.00857
10	0.01762	0.01692	0.02890	0.04371	0.70533	0.01692	0.02185	0.02185	0.01621	0.02326	0.01339	0.01762	0.01128	0.00634	0.00705	0.00211	0.00846	0.00634	0.00352	0.01128
11	0.03195	0.01212	0.01652	0.01267	0.01818	0.01047	0.01047	0.03470	0.02038	0.71026	0.02809	0.02424	0.01763	0.00881	0.00716	0.00220	0.00606	0.00716	0.00881	0.01212
12	0.01762	0.01692	0.02890	0.04371	0.70533	0.01692	0.02185	0.02185	0.01621	0.02326	0.01339	0.01762	0.01128	0.00634	0.00705	0.00211	0.00846	0.00634	0.00352	0.01128
13	0.01593	0.07489	0.57199	0.01996	0.02959	0.01781	0.05839	0.08687	0.01690	0.02442	0.01312	0.01525	0.00942	0.00686	0.00676	0.00221	0.01017	0.00546	0.00344	0.01055
14	0.01345	0.01266	0.02136	0.73264	0.04904	0.01582	0.01978	0.01819	0.01424	0.01819	0.01266	0.01898	0.00949	0.00712	0.00712	0.00237	0.00949	0.00633	0.00316	0.00791
15	0.01762	0.01692	0.02890	0.04371	0.70533	0.01692	0.02185	0.02185	0.01621	0.02326	0.01339	0.01762	0.01128	0.00634	0.00705	0.00211	0.00846	0.00634	0.00352	0.01128
16	0.01609	0.01913	0.08724	0.06976	0.12343	0.01696	0.47012	0.02169	0.01628	0.02233	0.01543	0.05880	0.01267	0.00707	0.00807	0.00238	0.01085	0.00844	0.00369	0.00958
17	0.01468	0.03343	0.61833	0.01982	0.02946	0.01580	0.04964	0.02236	0.01547	0.04360	0.03547	0.01907	0.01233	0.00752	0.00700	0.00230	0.01008	0.02989	0.00349	0.01027
18	0.00857	0.00691	0.00764	0.00810	0.00988	0.00598	0.00583	0.01028	0.01563	0.01935	0.09146	0.27080	0.47637	0.01916	0.00862	0.00254	0.00375	0.01649	0.00667	0.00598
19	0.00883	0.00646	0.00809	0.00925	0.00999	0.00595	0.00621	0.01012	0.01397	0.01828	0.06401	0.54897	0.15301	0.08760	0.01143	0.00316	0.00427	0.01826	0.00644	0.00572
20	0.01356	0.01272	0.02141	0.66508	0.08958	0.01556	0.01948	0.01816	0.01434	0.01852	0.01357	0.04268	0.01084	0.00757	0.00718	0.00237	0.00925	0.00678	0.00330	0.00806
21	0.00868	0.00620	0.00826	0.00991	0.01033	0.00578	0.00661	0.00991	0.01363	0.01818	0.03925	0.74510	0.04710	0.02231	0.00909	0.00289	0.00413	0.02024	0.00661	0.00578
22	0.01646	0.01532	0.02550	0.37421	0.26973	0.01697	0.06973	0.08460	0.01699	0.02288	0.01347	0.01835	0.01046	0.00691	0.00719	0.00226	0.00917	0.00650	0.00371	0.00960
23	0.01493	0.07900	0.58881	0.02170	0.06612	0.01738	0.07005	0.02246	0.01518	0.02225	0.01274	0.01523	0.00927	0.00665	0.00676	0.00221	0.01034	0.00544	0.00308	0.01041
24	0.01944	0.60174	0.10135	0.01368	0.01993	0.10618	0.01374	0.02225	0.01518	0.01740	0.01031	0.01194	0.00913	0.00630	0.00499	0.00163	0.00850	0.00404	0.00311	0.00917
25	0.00865	0.00630	0.00816	0.00965	0.01026	0.00581	0.00649	0.00994	0.01389	0.01828	0.04246	0.67901	0.11111	0.02189	0.00902	0.00284	0.00408	0.01973	0.00661	0.00581
26	0.01755	0.01836	0.06434	0.07649	0.61213	0.04188	0.02170	0.02194	0.01619	0.02276	0.01324	0.01739	0.01099	0.00644	0.00702	0.00213	0.00878	0.00622	0.00348	0.01096
27	0.01437	0.16398	0.33213	0.08671	0.02665	0.01683	0.06464	0.01996	0.01577	0.02173	0.11427	0.02329	0.05379	0.00833	0.00682	0.00214	0.00858	0.00691	0.00395	0.00916
28	0.02832	0.01161	0.01555	0.01236	0.01717	0.01029	0.01002	0.05777	0.02025	0.57926	0.06431	0.09589	0.02290	0.01042	0.00741	0.00227	0.00580	0.00871	0.00848	0.01121
29	0.01463	0.03455	0.62928	0.02213	0.06260	0.01667	0.07660	0.02254	0.01523	0.02260	0.01293	0.01548	0.00926	0.00669	0.00690	0.00226	0.01054	0.00555	0.00308	0.01049

[dist]
# distance from previous block
# <min> <max>
0	30

[block]
# block no. 2 follows, 29 sequences, length 23
# corresponding to MSA columns:
# 416-438
name=unknown_C
#
# <colnr> <probs for GDERKNQSTAVLIFYWHMCP>
#	G	D	E	R	K	N	Q	S	T	A	V	L	I	F	Y	W	H	M	C	P
0	0.01619	0.01591	0.02534	0.09360	0.02558	0.01966	0.15409	0.06970	0.01426	0.02054	0.01192	0.01754	0.01038	0.01269	0.05866	0.00331	0.41185	0.00679	0.00357	0.00843
1	0.01452	0.06571	0.01450	0.09191	0.01663	0.01296	0.00988	0.05215	0.01474	0.02315	0.01788	0.02232	0.01467	0.01355	0.08510	0.00305	0.13257	0.00641	0.38084	0.00743
2	0.01939	0.66488	0.08305	0.01277	0.01914	0.02643	0.01307	0.02212	0.01482	0.05401	0.01107	0.01235	0.00958	0.00628	0.00486	0.00161	0.00773	0.00409	0.00335	0.00939
3	0.01025	0.00673	0.00868	0.00955	0.01046	0.00621	0.00651	0.01148	0.01421	0.05511	0.07878	0.51612	0.10904	0.07535	0.01169	0.03568	0.00443	0.01727	0.00648	0.00598
4	0.01110	0.00761	0.00883	0.00877	0.00923	0.00775	0.00542	0.04988	0.01222	0.01638	0.02425	0.13997	0.02756	0.56823	0.06805	0.00632	0.00724	0.01134	0.00477	0.00509
5	0.01712	0.01412	0.01601	0.01184	0.01790	0.01227	0.00953	0.13548	0.06503	0.02745	0.01457	0.01599	0.01160	0.00615	0.00573	0.00134	0.00575	0.00487	0.00494	0.60232
6	0.07253	0.01968	0.11897	0.02621	0.11411	0.01631	0.36363	0.02367	0.01650	0.10183	0.01525	0.01833	0.01119	0.00647	0.00747	0.00225	0.00996	0.00711	0.00419	0.04431
7	0.07096	0.02293	0.01946	0.01607	0.02078	0.23368	0.01278	0.37434	0.06216	0.03409	0.05182	0.01789	0.01439	0.00844	0.00682	0.00207	0.00887	0.00613	0.00596	0.01035
8	0.03029	0.01242	0.01647	0.01273	0.01802	0.01111	0.01047	0.08195	0.02135	0.62001	0.06714	0.02542	0.02015	0.00913	0.00723	0.00220	0.00603	0.00744	0.00863	0.01180
9	0.02681	0.01889	0.02054	0.01591	0.02146	0.02071	0.01309	0.57518	0.08171	0.10355	0.01898	0.01845	0.01333	0.00866	0.00714	0.00216	0.00751	0.00660	0.00728	0.01205
10	0.01327	0.00664	0.00664	0.00664	0.00830	0.00664	0.00498	0.01659	0.01493	0.02655	0.02323	0.02655	0.01825	0.00830	0.00498	0.00166	0.00332	0.00664	0.78928	0.00664
11	0.01762	0.01692	0.02890	0.04371	0.70533	0.01692	0.02185	0.02185	0.01621	0.02326	0.01339	0.01762	0.01128	0.00634	0.00705	0.00211	0.00846	0.00634	0.00352	0.01128
12	0.01327	0.00664	0.00664	0.00664	0.00830	0.00664	0.00498	0.01659	0.01493	0.02655	0.02323	0.02655	0.01825	0.00830	0.00498	0.00166	0.00332	0.00664	0.78928	0.00664
13	0.01043	0.00788	0.01140	0.01127	0.01231	0.00920	0.00858	0.01259	0.01127	0.01619	0.01910	0.02992	0.01851	0.14476	0.59938	0.01047	0.04879	0.00793	0.00385	0.00615
14	0.01036	0.00690	0.00777	0.00777	0.00777	0.00690	0.00431	0.01036	0.01036	0.01381	0.02244	0.04660	0.02589	0.74975	0.03624	0.00690	0.00690	0.01036	0.00431	0.00431
15	0.01024	0.00695	0.00823	0.00832	0.00850	0.00707	0.00499	0.01061	0.01067	0.01438	0.02301	0.08475	0.02616	0.62557	0.11553	0.00721	0.00818	0.01060	0.00439	0.00464
16	0.09241	0.63445	0.08162	0.01248	0.01872	0.02622	0.01274	0.02137	0.01429	0.01859	0.01010	0.01169	0.00900	0.00619	0.00471	0.00164	0.00762	0.00391	0.00317	0.00910
17	0.02310	0.18820	0.04474	0.02128	0.13738	0.40481	0.01513	0.04951	0.01860	0.01942	0.01144	0.01356	0.00963	0.00692	0.00616	0.00184	0.01071	0.00480	0.00362	0.00917
18	0.00883	0.00634	0.00829	0.00980	0.01032	0.00592	0.00660	0.01010	0.01368	0.01812	0.03983	0.66243	0.07416	0.05607	0.01035	0.00307	0.00431	0.03953	0.00650	0.00575
19	0.71208	0.01540	0.05275	0.01112	0.01603	0.01612	0.04531	0.02113	0.01254	0.03091	0.01032	0.01218	0.00796	0.00659	0.00476	0.00222	0.00615	0.00418	0.00428	0.00798
20	0.01605	0.01909	0.14025	0.02948	0.35117	0.05276	0.05755	0.02041	0.01628	0.04037	0.05069	0.09902	0.05716	0.00925	0.00741	0.00225	0.00822	0.00848	0.00429	0.00982
21	0.04679	0.00730	0.00897	0.00982	0.01071	0.00715	0.00670	0.03856	0.01464	0.02044	0.09960	0.53369	0.04335	0.10316	0.01182	0.00322	0.00459	0.01706	0.00639	0.00606
22	0.02691	0.02456	0.02098	0.01703	0.02206	0.25249	0.01361	0.46632	0.02910	0.03583	0.01509	0.01569	0.01114	0.00815	0.00689	0.00204	0.00949	0.00581	0.00598	0.01084

[dist]
# distance from previous block
# <min> <max>
2	7

[block]
# block no. 3 follows, 29 sequences, length 21
# corresponding to MSA columns:
# 446-466
name=unknown_D
#
# <colnr> <probs for GDERKNQSTAVLIFYWHMCP>
#	G	D	E	R	K	N	Q	S	T	A	V	L	I	F	Y	W	H	M	C	P
0	0.38704	0.05964	0.01455	0.03324	0.01648	0.03791	0.00933	0.02417	0.01502	0.21595	0.01618	0.01697	0.01173	0.01014	0.04982	0.00267	0.00692	0.00521	0.03293	0.03409
1	0.02428	0.11229	0.02170	0.01478	0.02005	0.02111	0.01240	0.50481	0.05394	0.03883	0.01725	0.01769	0.01272	0.00825	0.00658	0.00202	0.00726	0.00616	0.08672	0.01114
2	0.01779	0.42992	0.20885	0.01724	0.02453	0.05109	0.11894	0.02215	0.01520	0.01919	0.01137	0.01360	0.00937	0.00630	0.00579	0.00186	0.00924	0.00492	0.00315	0.00953
3	0.03673	0.01564	0.02240	0.15202	0.02706	0.05948	0.14455	0.07871	0.03407	0.04362	0.01451	0.01847	0.01148	0.00966	0.03176	0.02900	0.10005	0.00640	0.05045	0.11394
4	0.01398	0.01364	0.02152	0.62332	0.04483	0.04370	0.04193	0.01842	0.01450	0.01832	0.01477	0.02049	0.03579	0.00772	0.00784	0.00238	0.03894	0.00666	0.00333	0.00791
5	0.01031	0.00701	0.00798	0.00808	0.00834	0.00693	0.00485	0.01064	0.01112	0.01464	0.02652	0.05018	0.06881	0.65628	0.03278	0.00639	0.00668	0.05330	0.00460	0.00457
6	0.07430	0.02906	0.01989	0.01737	0.02142	0.50319	0.01339	0.17028	0.02230	0.02431	0.01222	0.01378	0.00973	0.00772	0.00697	0.00196	0.03363	0.00499	0.00445	0.00905
7	0.01870	0.70250	0.08585	0.01277	0.01918	0.02734	0.01320	0.02141	0.01451	0.01717	0.01011	0.01168	0.00913	0.00614	0.00473	0.00158	0.00782	0.00391	0.00304	0.00924
8	0.01229	0.00777	0.01023	0.00933	0.01140	0.00710	0.00710	0.01559	0.02018	0.09746	0.63351	0.05026	0.06218	0.01398	0.00827	0.00224	0.00363	0.01230	0.00794	0.00726
9	0.00868	0.00620	0.00826	0.00991	0.01033	0.00578	0.00661	0.00991	0.01363	0.01818	0.03925	0.74510	0.04710	0.02231	0.00909	0.00289	0.00413	0.02024	0.00661	0.00578
10	0.01341	0.01260	0.02089	0.65802	0.04557	0.01583	0.01900	0.01781	0.01400	0.01812	0.01345	0.04645	0.01092	0.00805	0.00827	0.00244	0.05722	0.00685	0.00329	0.00782
11	0.01345	0.01266	0.02136	0.73264	0.04904	0.01582	0.01978	0.01819	0.01424	0.01819	0.01266	0.01898	0.00949	0.00712	0.00712	0.00237	0.00949	0.00633	0.00316	0.00791
12	0.01345	0.01266	0.02136	0.73264	0.04904	0.01582	0.01978	0.01819	0.01424	0.01819	0.01266	0.01898	0.00949	0.00712	0.00712	0.00237	0.00949	0.00633	0.00316	0.00791
13	0.01036	0.00690	0.00777	0.00777	0.00777	0.00690	0.00431	0.01036	0.01036	0.01381	0.02244	0.04660	0.02589	0.74975	0.03624	0.00690	0.00690	0.01036	0.00431	0.00431
14	0.00868	0.00620	0.00826	0.00991	0.01033	0.00578	0.00661	0.00991	0.01363	0.01818	0.03925	0.74510	0.04710	0.02231	0.00909	0.00289	0.00413	0.02024	0.00661	0.00578
15	0.01345	0.01266	0.02136	0.73264	0.04904	0.01582	0.01978	0.01819	0.01424	0.01819	0.01266	0.01898	0.00949	0.00712	0.00712	0.00237	0.00949	0.00633	0.00316	0.00791
16	0.01426	0.01512	0.02999	0.02271	0.02741	0.01479	0.41634	0.01848	0.01556	0.02100	0.02457	0.16466	0.08761	0.01101	0.00999	0.00257	0.08000	0.01116	0.00444	0.00832
17	0.01378	0.08337	0.01322	0.00976	0.01238	0.00937	0.00775	0.01696	0.01961	0.11467	0.54541	0.04526	0.05497	0.01297	0.00785	0.00216	0.00414	0.01123	0.00748	0.00765
18	0.01313	0.01207	0.01998	0.65937	0.04487	0.01492	0.01821	0.01740	0.01385	0.01775	0.01364	0.02178	0.01115	0.08218	0.01006	0.00283	0.00923	0.00674	0.00328	0.00755
19	0.00993	0.00759	0.00963	0.03391	0.03416	0.00741	0.00740	0.01207	0.03624	0.01825	0.04005	0.32588	0.17664	0.16112	0.04084	0.00385	0.00564	0.05746	0.00587	0.00605
20	0.04112	0.01649	0.02556	0.19864	0.30443	0.04328	0.08244	0.08563	0.01791	0.09354	0.01497	0.01837	0.01135	0.00700	0.00712	0.00221	0.00883	0.00649	0.00435	0.01026

[dist]
# distance from previous block
# <min> <max>
18	28

[block]
# block no. 4 follows, 29 sequences, length 22
# corresponding to MSA columns:
# 501-522
name=unknown_E
#
# <colnr> <probs for GDERKNQSTAVLIFYWHMCP>
#	G	D	E	R	K	N	Q	S	T	A	V	L	I	F	Y	W	H	M	C	P
0	0.01989	0.08871	0.08607	0.01842	0.09347	0.21941	0.01422	0.11971	0.06767	0.02358	0.01787	0.02007	0.04637	0.01388	0.09844	0.00322	0.01055	0.00624	0.02296	0.00926
1	0.06641	0.12096	0.53291	0.01764	0.02663	0.01717	0.02185	0.02141	0.01486	0.02222	0.01651	0.01821	0.05888	0.00748	0.00646	0.00217	0.00934	0.00569	0.00336	0.00984
2	0.01928	0.42345	0.18821	0.01522	0.02185	0.13136	0.01566	0.04289	0.04703	0.01961	0.01181	0.01333	0.00978	0.00667	0.00555	0.00180	0.00900	0.00453	0.00344	0.00951
3	0.01643	0.03537	0.56230	0.02053	0.02975	0.13129	0.06111	0.02352	0.01597	0.02173	0.01258	0.01491	0.00915	0.00682	0.00680	0.00219	0.01098	0.00533	0.00315	0.01010
4	0.01855	0.01005	0.01269	0.01116	0.01451	0.00949	0.00886	0.02368	0.10869	0.26266	0.23513	0.06880	0.10811	0.01298	0.00796	0.00238	0.00491	0.06252	0.00782	0.00907
5	0.01449	0.06850	0.68303	0.01994	0.03027	0.01705	0.02569	0.02250	0.01501	0.02229	0.01265	0.01487	0.00903	0.00674	0.00667	0.00222	0.01040	0.00520	0.00301	0.01046
6	0.01621	0.01762	0.03506	0.06419	0.07751	0.01824	0.44918	0.02100	0.01536	0.02133	0.01393	0.03894	0.01150	0.00785	0.01128	0.00254	0.15750	0.00806	0.00356	0.00915
7	0.00879	0.00624	0.00823	0.00977	0.01016	0.00586	0.00646	0.00994	0.01342	0.01789	0.03813	0.69891	0.04569	0.07042	0.01088	0.00316	0.00431	0.01959	0.00646	0.00569
8	0.01677	0.01446	0.02216	0.42847	0.10961	0.01664	0.05160	0.15099	0.01847	0.02489	0.01447	0.01902	0.01090	0.00735	0.00702	0.00225	0.00874	0.00648	0.06062	0.00910
9	0.02615	0.01119	0.01447	0.01156	0.01632	0.00982	0.00940	0.02950	0.05020	0.52814	0.03776	0.03402	0.16747	0.01087	0.00744	0.00226	0.00550	0.00892	0.00826	0.01074
10	0.02742	0.01938	0.02102	0.01612	0.02180	0.02125	0.01331	0.63501	0.03254	0.09279	0.01789	0.01761	0.01251	0.00857	0.00713	0.00214	0.00771	0.00646	0.00724	0.01211
11	0.01317	0.00806	0.00996	0.00903	0.01156	0.00712	0.00693	0.01594	0.01898	0.13802	0.39532	0.05318	0.25608	0.01469	0.00820	0.00228	0.00388	0.01260	0.00762	0.00739
12	0.01930	0.66293	0.07402	0.01307	0.01924	0.07646	0.01309	0.02189	0.01490	0.01713	0.01014	0.01173	0.00913	0.00622	0.00482	0.00159	0.00815	0.00394	0.00309	0.00915
13	0.01036	0.00690	0.00777	0.00777	0.00777	0.00690	0.00431	0.01036	0.01036	0.01381	0.02244	0.04660	0.02589	0.74975	0.03624	0.00690	0.00690	0.01036	0.00431	0.00431
14	0.00868	0.00620	0.00826	0.00991	0.01033	0.00578	0.00661	0.00991	0.01363	0.01818	0.03925	0.74510	0.04710	0.02231	0.00909	0.00289	0.00413	0.02024	0.00661	0.00578
15	0.00961	0.00692	0.00910	0.00928	0.01053	0.00641	0.00668	0.01226	0.01797	0.02508	0.47986	0.28481	0.06046	0.01715	0.00863	0.00246	0.00362	0.01534	0.00743	0.00641
16	0.01528	0.12523	0.52927	0.02119	0.05513	0.01819	0.09471	0.02240	0.01520	0.02187	0.01261	0.01512	0.00931	0.00658	0.00667	0.00217	0.01024	0.00546	0.00310	0.01028
17	0.00866	0.00627	0.00818	0.00971	0.01027	0.00580	0.00652	0.00994	0.01383	0.01826	0.04175	0.69367	0.09692	0.02198	0.00904	0.00285	0.00409	0.01985	0.00661	0.00580
18	0.07517	0.00939	0.00957	0.00867	0.01118	0.00997	0.00678	0.12472	0.01755	0.02942	0.02101	0.02395	0.01643	0.01053	0.04212	0.00228	0.00503	0.00644	0.56221	0.00759
19	0.01745	0.40845	0.22828	0.01526	0.02220	0.02231	0.03785	0.07331	0.01615	0.02096	0.01368	0.06895	0.01228	0.00771	0.00587	0.00192	0.00835	0.00583	0.00365	0.00953
20	0.02120	0.01419	0.01672	0.01552	0.06326	0.01503	0.01143	0.12626	0.30452	0.18960	0.02921	0.08103	0.05881	0.01051	0.00740	0.00234	0.00601	0.00881	0.00727	0.01088
21	0.03367	0.10707	0.01629	0.01146	0.01504	0.01298	0.02667	0.09453	0.06721	0.07856	0.18240	0.08200	0.07876	0.01337	0.04376	0.00257	0.00605	0.00930	0.06580	0.05250

[dist]
# distance from previous block
# <min> <max>
2	7

[block]
# block no. 5 follows, 29 sequences, length 17
# corresponding to MSA columns:
# 530-546
name=unknown_F
#
# <colnr> <probs for GDERKNQSTAVLIFYWHMCP>
#	G	D	E	R	K	N	Q	S	T	A	V	L	I	F	Y	W	H	M	C	P
0	0.01857	0.16632	0.24274	0.01730	0.06501	0.03506	0.01671	0.15826	0.01995	0.05885	0.11505	0.02090	0.01878	0.00823	0.00668	0.00206	0.00806	0.00648	0.00490	0.01009
1	0.08233	0.02686	0.01638	0.10453	0.02080	0.01501	0.01160	0.16819	0.10232	0.09093	0.04110	0.02239	0.01623	0.01782	0.15524	0.00411	0.02614	0.00683	0.04218	0.02901
2	0.02100	0.02296	0.01995	0.07714	0.11470	0.31313	0.01413	0.04637	0.15824	0.02237	0.01557	0.01719	0.01235	0.00744	0.00661	0.00195	0.00938	0.00569	0.00452	0.10932
3	0.01246	0.00864	0.00987	0.00921	0.01011	0.00899	0.00596	0.09614	0.01381	0.01862	0.05102	0.04164	0.02528	0.56762	0.08623	0.00646	0.00784	0.00974	0.00479	0.00558
4	0.01782	0.01252	0.03981	0.01643	0.12702	0.01160	0.01138	0.09679	0.05038	0.14649	0.03344	0.05714	0.16063	0.01145	0.00734	0.00226	0.00587	0.06095	0.12148	0.00918
5	0.02065	0.02313	0.01632	0.01531	0.01811	0.40560	0.01134	0.09341	0.01944	0.02067	0.02112	0.25834	0.02218	0.01248	0.00739	0.00222	0.00938	0.01002	0.00503	0.00785
6	0.01301	0.00993	0.01014	0.01006	0.01107	0.09714	0.00703	0.01197	0.01251	0.01498	0.02711	0.09814	0.15828	0.02090	0.01932	0.45412	0.00630	0.00913	0.00423	0.00461
7	0.01937	0.01195	0.01387	0.01165	0.01493	0.01221	0.00904	0.23124	0.02218	0.14301	0.16387	0.08878	0.02960	0.10529	0.01105	0.00279	0.00575	0.00951	0.08498	0.00895
8	0.01491	0.01447	0.02002	0.01730	0.01730	0.01991	0.01414	0.01627	0.01084	0.01671	0.01101	0.01953	0.01145	0.10634	0.02501	0.00360	0.64380	0.00676	0.00327	0.00735
9	0.01780	0.02060	0.03319	0.02503	0.03064	0.16222	0.45580	0.02233	0.01710	0.02110	0.01686	0.11031	0.01509	0.00836	0.00808	0.00235	0.01118	0.00912	0.00400	0.00884
10	0.02712	0.01089	0.01481	0.01210	0.01655	0.00950	0.00967	0.02956	0.01898	0.56679	0.03040	0.17368	0.02374	0.01161	0.00756	0.00235	0.00566	0.00987	0.00836	0.01081
11	0.01174	0.00765	0.01005	0.00924	0.01121	0.00700	0.00700	0.01506	0.02017	0.08051	0.65025	0.05098	0.06341	0.01412	0.00830	0.00224	0.00357	0.01244	0.00791	0.00713
12	0.01788	0.57985	0.20138	0.01415	0.02132	0.02535	0.01561	0.02162	0.01461	0.01816	0.01060	0.01230	0.00911	0.00626	0.00510	0.00170	0.00832	0.00416	0.00304	0.00947
13	0.01001	0.00676	0.00787	0.00821	0.00830	0.00667	0.00479	0.01026	0.01103	0.01471	0.02592	0.19140	0.03028	0.59895	0.03061	0.00607	0.00633	0.01240	0.00479	0.00462
14	0.00973	0.00834	0.00878	0.00790	0.01112	0.00673	0.00604	0.01182	0.01593	0.02006	0.05980	0.05738	0.55901	0.01539	0.00776	0.00212	0.00395	0.01279	0.00612	0.16922
15	0.01356	0.01020	0.01237	0.01200	0.01366	0.01091	0.00885	0.16732	0.01803	0.02424	0.03215	0.47963	0.05355	0.03722	0.01047	0.00282	0.06375	0.01549	0.00639	0.00739
16	0.13458	0.08762	0.01787	0.01245	0.01742	0.01494	0.01041	0.16283	0.02132	0.32101	0.10717	0.02338	0.02055	0.00891	0.00666	0.00213	0.00616	0.00693	0.00714	0.01051

[dist]
# distance from previous block
# <min> <max>
1	7

[block]
# block no. 6 follows, 29 sequences, length 37
# corresponding to MSA columns:
# 593-629
name=unknown_G
#
# <colnr> <probs for GDERKNQSTAVLIFYWHMCP>
#	G	D	E	R	K	N	Q	S	T	A	V	L	I	F	Y	W	H	M	C	P
0	0.00872	0.00631	0.00825	0.00970	0.01030	0.00584	0.00654	0.01009	0.01408	0.01870	0.07042	0.67229	0.08904	0.02170	0.00902	0.00283	0.00406	0.01959	0.00666	0.00584
1	0.06486	0.01577	0.02565	0.09881	0.52305	0.01598	0.01945	0.02304	0.01631	0.10704	0.01492	0.01819	0.01169	0.00673	0.00691	0.00215	0.00809	0.00630	0.00419	0.01087
2	0.02377	0.05273	0.02128	0.02054	0.10652	0.44356	0.01434	0.02818	0.10087	0.05697	0.01428	0.01584	0.01143	0.00783	0.00757	0.00202	0.05329	0.00544	0.00431	0.00921
3	0.00899	0.00655	0.00854	0.01001	0.01079	0.00610	0.00707	0.01054	0.01425	0.01867	0.04266	0.59008	0.11805	0.02152	0.00911	0.00289	0.00437	0.09732	0.00660	0.00590
4	0.01088	0.00803	0.00970	0.01030	0.01165	0.00780	0.00727	0.09181	0.01644	0.02159	0.04150	0.55441	0.14161	0.01999	0.00875	0.00273	0.00450	0.01777	0.00667	0.00659
5	0.02386	0.01794	0.01952	0.01495	0.02057	0.01889	0.01223	0.52068	0.02891	0.03944	0.01703	0.04433	0.01312	0.00840	0.00682	0.00194	0.00717	0.00649	0.00651	0.17118
6	0.05711	0.01207	0.01560	0.05086	0.12480	0.01286	0.01219	0.02326	0.21603	0.04622	0.11029	0.06448	0.05913	0.01240	0.00787	0.00253	0.00605	0.15107	0.00624	0.00895
7	0.53518	0.01789	0.13894	0.05097	0.04681	0.01575	0.01245	0.02202	0.01346	0.07353	0.01190	0.01365	0.00883	0.00680	0.00526	0.00222	0.00678	0.00456	0.00434	0.00866
8	0.01545	0.01537	0.05150	0.30890	0.33218	0.01594	0.01987	0.02098	0.05778	0.02153	0.01567	0.02277	0.01311	0.00776	0.00726	0.00232	0.00864	0.04956	0.00380	0.00961
9	0.02365	0.10555	0.02072	0.01647	0.02027	0.51352	0.01277	0.06647	0.01956	0.01911	0.01516	0.01707	0.04736	0.01124	0.05886	0.00256	0.01194	0.00540	0.00399	0.00833
10	0.01432	0.04948	0.01379	0.06454	0.01640	0.01044	0.00986	0.01771	0.04783	0.11414	0.12173	0.19146	0.10108	0.01500	0.00899	0.00255	0.04500	0.11949	0.00639	0.02980
11	0.04894	0.07632	0.54597	0.01993	0.05984	0.04169	0.02311	0.02330	0.01543	0.06275	0.01335	0.01526	0.00959	0.00684	0.00656	0.00218	0.00986	0.00525	0.00346	0.01037
12	0.01686	0.01313	0.01579	0.01436	0.05324	0.01356	0.01048	0.22681	0.01975	0.02740	0.02124	0.18798	0.02117	0.07808	0.04833	0.00307	0.05270	0.00958	0.00558	0.16089
13	0.00936	0.00726	0.00855	0.00847	0.01041	0.00645	0.00641	0.01193	0.01790	0.02352	0.35308	0.09203	0.34783	0.01675	0.00852	0.00240	0.00369	0.05194	0.00716	0.00635
14	0.01446	0.03579	0.67689	0.02153	0.06629	0.01656	0.02607	0.02251	0.01510	0.02259	0.01281	0.01517	0.00914	0.00674	0.00678	0.00225	0.01042	0.00532	0.00303	0.01056
15	0.61227	0.01839	0.14167	0.01178	0.01739	0.01641	0.01148	0.05685	0.01381	0.03090	0.01083	0.01251	0.00819	0.00674	0.00499	0.00221	0.00657	0.00425	0.00429	0.00847
16	0.01221	0.00982	0.01038	0.00949	0.01240	0.00953	0.00731	0.11415	0.07932	0.02483	0.11443	0.07951	0.45857	0.01570	0.00814	0.00237	0.00442	0.01310	0.00685	0.00745
17	0.00918	0.00724	0.00827	0.00801	0.01009	0.00634	0.00601	0.01170	0.01803	0.02351	0.36091	0.06149	0.41100	0.01644	0.00841	0.00233	0.00349	0.01404	0.00717	0.00634
18	0.07455	0.05401	0.02072	0.03855	0.02220	0.35837	0.01342	0.28034	0.02443	0.02897	0.01330	0.01454	0.01023	0.00771	0.00652	0.00198	0.01014	0.00527	0.00501	0.00974
19	0.06064	0.01778	0.01916	0.03953	0.02083	0.01968	0.01232	0.54401	0.02893	0.03947	0.01728	0.02059	0.01354	0.10112	0.01064	0.00274	0.00767	0.00678	0.00651	0.01079
20	0.00910	0.00650	0.00875	0.01040	0.01099	0.00615	0.00734	0.01064	0.01405	0.01865	0.03901	0.64490	0.04617	0.02191	0.00920	0.00295	0.00450	0.11628	0.00660	0.00590
21	0.00972	0.00802	0.00829	0.00793	0.01048	0.00708	0.00603	0.05255	0.01763	0.02161	0.12051	0.06404	0.60689	0.01715	0.00833	0.00237	0.00385	0.01431	0.00675	0.00645
22	0.01388	0.01096	0.01370	0.01469	0.05177	0.01169	0.01126	0.04682	0.21874	0.02494	0.07211	0.12538	0.03474	0.01553	0.00865	0.00282	0.00599	0.30127	0.00671	0.00835
23	0.01418	0.01376	0.02402	0.52246	0.04249	0.01650	0.11824	0.01872	0.01428	0.01906	0.01291	0.01890	0.00997	0.00759	0.00905	0.00244	0.09052	0.00664	0.03017	0.00811
24	0.00878	0.00627	0.00838	0.01003	0.01049	0.00587	0.00679	0.01009	0.01374	0.01829	0.03919	0.72041	0.04687	0.02221	0.00912	0.00291	0.00422	0.04391	0.00661	0.00581
25	0.03806	0.00800	0.00941	0.00921	0.01121	0.00758	0.00697	0.03260	0.03714	0.02500	0.35128	0.13986	0.23049	0.01613	0.00835	0.00242	0.00396	0.04846	0.00713	0.00672
26	0.03756	0.01357	0.02099	0.49367	0.12188	0.01601	0.01806	0.02227	0.11383	0.04973	0.01570	0.01994	0.01179	0.00745	0.00705	0.00234	0.00855	0.00655	0.00408	0.00898
27	0.01439	0.01386	0.02424	0.52581	0.16770	0.01597	0.07816	0.01907	0.01481	0.01953	0.01361	0.03687	0.01087	0.00726	0.00727	0.00234	0.00939	0.00686	0.00335	0.00863
28	0.01120	0.00805	0.01113	0.01270	0.01431	0.00798	0.01097	0.01431	0.01624	0.02106	0.03922	0.11479	0.06887	0.01974	0.00974	0.00322	0.00631	0.59713	0.00656	0.00649
29	0.01410	0.00814	0.00865	0.00818	0.01002	0.00863	0.00622	0.05641	0.04280	0.02646	0.02242	0.02662	0.01806	0.04579	0.03259	0.00237	0.03033	0.00688	0.61828	0.00707
30	0.02248	0.01740	0.01777	0.01473	0.01932	0.05621	0.01179	0.31445	0.28011	0.06529	0.02230	0.02162	0.01639	0.00889	0.00694	0.00219	0.00679	0.00699	0.07725	0.01109
31	0.03479	0.01404	0.05236	0.01185	0.01745	0.01141	0.00993	0.05686	0.08813	0.07555	0.01727	0.04751	0.01434	0.03101	0.02706	0.00198	0.00619	0.00594	0.00507	0.47126
32	0.01473	0.01064	0.01241	0.01167	0.01377	0.01108	0.00863	0.21537	0.01976	0.02649	0.07054	0.35483	0.03444	0.11817	0.01224	0.00319	0.00570	0.04222	0.00652	0.00760
33	0.04838	0.01917	0.10368	0.09065	0.25384	0.01726	0.23646	0.05924	0.01672	0.02389	0.01420	0.03588	0.01148	0.00706	0.00790	0.00230	0.03095	0.00715	0.00377	0.01003
34	0.39181	0.06710	0.13065	0.08350	0.04887	0.05758	0.02833	0.02085	0.01411	0.02616	0.04404	0.03410	0.01228	0.00744	0.00569	0.00218	0.00742	0.00541	0.00409	0.00841
35	0.02128	0.29398	0.12822	0.01591	0.02130	0.33254	0.01460	0.02414	0.01689	0.01777	0.01140	0.01423	0.00992	0.04151	0.00719	0.00202	0.01033	0.00467	0.00338	0.00873
36	0.15299	0.04827	0.43476	0.01629	0.02404	0.01505	0.01910	0.02154	0.01489	0.06878	0.03840	0.08477	0.01485	0.00857	0.00658	0.00228	0.00843	0.00676	0.00413	0.00952

[dist]
# distance from previous block
# <min> <max>
0	6

[block]
# block no. 7 follows, 29 sequences, length 52
# corresponding to MSA columns:
# 636-687
name=unknown_H
#
# <colnr> <probs for GDERKNQSTAVLIFYWHMCP>
#	G	D	E	R	K	N	Q	S	T	A	V	L	I	F	Y	W	H	M	C	P
0	0.01791	0.14511	0.02822	0.02023	0.04856	0.06940	0.16220	0.03925	0.01479	0.04700	0.01291	0.03501	0.01136	0.01075	0.03774	0.00277	0.27766	0.00663	0.00372	0.00879
1	0.01460	0.01224	0.04071	0.01234	0.03170	0.01176	0.00926	0.13559	0.11957	0.02503	0.06553	0.16998	0.07653	0.17366	0.01389	0.00332	0.00598	0.01096	0.00598	0.06135
2	0.15933	0.32565	0.21872	0.01398	0.02071	0.04701	0.01502	0.02234	0.01473	0.05624	0.01219	0.01376	0.00964	0.00664	0.00537	0.00190	0.00800	0.00453	0.03493	0.00928
3	0.02124	0.01804	0.01695	0.01472	0.01897	0.13283	0.01150	0.10643	0.37845	0.10344	0.02545	0.04194	0.03582	0.00946	0.00710	0.00224	0.00702	0.00757	0.00669	0.03415
4	0.02312	0.39089	0.02837	0.01418	0.01956	0.17123	0.01246	0.11183	0.04588	0.10070	0.01393	0.01454	0.01101	0.00713	0.00570	0.00178	0.00849	0.00487	0.00454	0.00977
5	0.04972	0.01131	0.01402	0.01152	0.01522	0.01094	0.00916	0.10863	0.02073	0.25740	0.27776	0.03387	0.03489	0.04032	0.00908	0.00237	0.02759	0.00904	0.00747	0.04895
6	0.11979	0.01849	0.03787	0.02730	0.03413	0.01774	0.59114	0.02256	0.01619	0.02401	0.01382	0.01820	0.01040	0.00608	0.00788	0.00237	0.01115	0.00781	0.00371	0.00936
7	0.01027	0.00690	0.00790	0.00793	0.00806	0.00685	0.00456	0.01055	0.01115	0.01497	0.06924	0.07342	0.02950	0.67230	0.03332	0.00643	0.00656	0.01090	0.00464	0.00453
8	0.01203	0.00937	0.01311	0.05126	0.01488	0.01149	0.00993	0.01445	0.01200	0.01827	0.01760	0.02588	0.01618	0.08160	0.36663	0.00722	0.16681	0.00728	0.13737	0.00665
9	0.01036	0.00745	0.00877	0.00838	0.01054	0.00655	0.00630	0.01291	0.01815	0.05805	0.35672	0.08212	0.35550	0.01613	0.00837	0.00234	0.00363	0.01383	0.00728	0.00663
10	0.01681	0.01921	0.04202	0.03001	0.03721	0.01801	0.67947	0.02281	0.01681	0.02281	0.01441	0.01921	0.01080	0.00600	0.00840	0.00240	0.01200	0.00840	0.00360	0.00960
11	0.01565	0.01578	0.02291	0.01931	0.01970	0.02160	0.05180	0.01745	0.01123	0.01745	0.00962	0.01578	0.00943	0.01211	0.02255	0.00308	0.69718	0.00635	0.00314	0.00789
12	0.00878	0.00636	0.00834	0.00987	0.01048	0.00591	0.00675	0.01015	0.01393	0.01839	0.04141	0.66932	0.09138	0.02190	0.00908	0.00288	0.00420	0.04844	0.00661	0.00583
13	0.00900	0.00724	0.00813	0.00868	0.01065	0.00637	0.00668	0.01099	0.01587	0.01945	0.06103	0.17206	0.48557	0.01897	0.00877	0.00263	0.00421	0.13102	0.00660	0.00607
14	0.01327	0.01238	0.02082	0.69329	0.04706	0.01544	0.01918	0.01789	0.01409	0.01810	0.01301	0.01947	0.00995	0.00964	0.04610	0.00287	0.01001	0.00640	0.00320	0.00783
15	0.01704	0.01732	0.06195	0.04045	0.62462	0.01631	0.02137	0.02141	0.01617	0.02309	0.01502	0.02176	0.01319	0.00727	0.00722	0.00220	0.00843	0.05055	0.00370	0.01092
16	0.00882	0.00635	0.00836	0.00972	0.01034	0.00589	0.00658	0.01030	0.01442	0.01932	0.11120	0.64909	0.07053	0.02134	0.00899	0.00281	0.00403	0.01929	0.00674	0.00589
17	0.73963	0.01364	0.01094	0.00962	0.01412	0.01554	0.00793	0.02201	0.01277	0.08531	0.01134	0.01256	0.00849	0.00678	0.00462	0.00220	0.00555	0.00412	0.00475	0.00806
18	0.02384	0.02047	0.01914	0.05146	0.02161	0.15540	0.01275	0.39145	0.08891	0.03431	0.01741	0.01914	0.01329	0.04154	0.00817	0.00230	0.00837	0.00640	0.05365	0.01039
19	0.01742	0.16325	0.47918	0.01825	0.02723	0.01796	0.04646	0.02383	0.01566	0.10622	0.01420	0.01567	0.01017	0.00687	0.00648	0.00212	0.00950	0.00535	0.00375	0.01043
20	0.02091	0.01413	0.01646	0.01246	0.01811	0.01295	0.01009	0.18046	0.05454	0.16173	0.05554	0.01986	0.01597	0.00747	0.00635	0.00167	0.00595	0.00598	0.00615	0.37321
21	0.01036	0.00744	0.01049	0.01049	0.01154	0.00840	0.00782	0.01246	0.01141	0.01651	0.01993	0.03148	0.01938	0.18509	0.55349	0.01008	0.01594	0.00810	0.04360	0.00598
22	0.00908	0.00718	0.00817	0.00805	0.01006	0.00628	0.00599	0.01146	0.01762	0.02283	0.31669	0.09986	0.41763	0.01691	0.00845	0.00237	0.00354	0.01447	0.00709	0.00628
23	0.80005	0.01377	0.01047	0.00936	0.01377	0.01597	0.00771	0.02093	0.01212	0.03195	0.00991	0.01157	0.00771	0.00661	0.00441	0.00220	0.00551	0.00386	0.00441	0.00771
24	0.01671	0.01893	0.04049	0.02916	0.03582	0.01829	0.62943	0.02238	0.01636	0.02238	0.01402	0.01893	0.01069	0.00649	0.00953	0.00245	0.06663	0.00824	0.00356	0.00947
25	0.01362	0.01299	0.02240	0.69713	0.04845	0.01593	0.05311	0.01843	0.01437	0.01843	0.01274	0.01900	0.00956	0.00706	0.00718	0.00237	0.00962	0.00643	0.00319	0.00800
26	0.02069	0.00978	0.01263	0.01072	0.01428	0.00873	0.00844	0.04174	0.01918	0.35041	0.17792	0.11832	0.12123	0.01276	0.00772	0.00229	0.00489	0.01086	0.03817	0.00923
27	0.00848	0.00696	0.00747	0.00787	0.00979	0.00596	0.00570	0.01014	0.01560	0.01898	0.06409	0.23402	0.54215	0.01908	0.00858	0.00252	0.00374	0.01630	0.00661	0.00596
28	0.00953	0.00661	0.00819	0.00891	0.00928	0.00635	0.00565	0.01047	0.01294	0.01743	0.10186	0.37793	0.04027	0.32805	0.02046	0.00451	0.00522	0.01530	0.00577	0.00526
29	0.02725	0.01532	0.01805	0.01420	0.01929	0.01564	0.01157	0.34629	0.02606	0.31786	0.02387	0.09301	0.01790	0.01004	0.00734	0.00224	0.00673	0.00811	0.00777	0.01148
30	0.01011	0.00754	0.00943	0.00891	0.01077	0.00700	0.00670	0.01383	0.04238	0.02733	0.59358	0.05437	0.15166	0.01486	0.00836	0.00227	0.00347	0.01301	0.00765	0.00678
31	0.02424	0.01746	0.01861	0.01464	0.01957	0.01925	0.01197	0.53485	0.06632	0.04098	0.01877	0.01920	0.01367	0.00857	0.00677	0.00207	0.00696	0.00654	0.13841	0.01115
32	0.01672	0.01896	0.04064	0.02924	0.03596	0.01827	0.63434	0.02242	0.01641	0.02242	0.01406	0.01896	0.01071	0.00644	0.00942	0.00245	0.06128	0.00826	0.00357	0.00948
33	0.01360	0.01280	0.02144	0.64727	0.10215	0.01553	0.01939	0.01819	0.01448	0.01866	0.01502	0.02079	0.03641	0.00748	0.00716	0.00235	0.00918	0.00667	0.00333	0.00812
34	0.00849	0.00715	0.00736	0.00744	0.00970	0.00602	0.00553	0.01032	0.01622	0.01952	0.09378	0.10938	0.63844	0.01816	0.00846	0.00243	0.00363	0.01527	0.00666	0.00602
35	0.02514	0.01860	0.02016	0.01570	0.02109	0.02028	0.01291	0.59587	0.03109	0.04183	0.01842	0.04729	0.01438	0.00928	0.00719	0.00215	0.00751	0.02942	0.00692	0.05478
36	0.01350	0.01026	0.05825	0.01031	0.01323	0.00823	0.00859	0.03877	0.01922	0.11702	0.40196	0.10376	0.14051	0.01417	0.00814	0.00231	0.00445	0.01228	0.00735	0.00770
37	0.03132	0.00682	0.00871	0.00967	0.01067	0.00642	0.00683	0.01130	0.01539	0.02118	0.19292	0.48922	0.09162	0.01968	0.00879	0.00271	0.00408	0.04972	0.00683	0.00611
38	0.07014	0.01260	0.01647	0.01269	0.01815	0.01133	0.01048	0.06670	0.02063	0.64269	0.02663	0.02324	0.01685	0.00869	0.00702	0.00220	0.00612	0.00696	0.00851	0.01190
39	0.01428	0.03683	0.71286	0.02030	0.03082	0.01654	0.02631	0.02255	0.01503	0.02255	0.01278	0.01503	0.00902	0.00677	0.00677	0.00226	0.01052	0.00526	0.00301	0.01052
40	0.02419	0.02278	0.02263	0.09055	0.05630	0.21493	0.05980	0.34143	0.04460	0.03169	0.01495	0.01654	0.01118	0.00783	0.00701	0.00210	0.00964	0.00607	0.00537	0.01039
41	0.00882	0.00632	0.00816	0.00957	0.01005	0.00590	0.00633	0.00997	0.01347	0.01783	0.03950	0.64282	0.08129	0.08971	0.01158	0.00324	0.00436	0.01904	0.00640	0.00566
42	0.00868	0.00620	0.00826	0.00991	0.01033	0.00578	0.00661	0.00991	0.01363	0.01818	0.03925	0.74510	0.04710	0.02231	0.00909	0.00289	0.00413	0.02024	0.00661	0.00578
43	0.01148	0.00780	0.00874	0.00839	0.00882	0.00793	0.00501	0.05608	0.01221	0.01634	0.04151	0.04478	0.02613	0.67832	0.03347	0.00645	0.00687	0.01016	0.00461	0.00491
44	0.01569	0.01137	0.01367	0.01315	0.01582	0.01196	0.01080	0.20734	0.04123	0.02830	0.05771	0.17348	0.03338	0.01602	0.00862	0.00276	0.00624	0.29032	0.03397	0.00818
45	0.01904	0.75404	0.03731	0.01218	0.01828	0.02818	0.01218	0.02132	0.01447	0.01675	0.00990	0.01142	0.00914	0.00609	0.00457	0.00152	0.00761	0.00381	0.00305	0.00914
46	0.01477	0.01266	0.01477	0.01055	0.01687	0.00949	0.00844	0.01793	0.01477	0.02320	0.01266	0.01477	0.01055	0.00527	0.00527	0.00105	0.00527	0.00422	0.00422	0.79328
47	0.01036	0.00690	0.00777	0.00777	0.00777	0.00690	0.00431	0.01036	0.01036	0.01381	0.02244	0.04660	0.02589	0.74975	0.03624	0.00690	0.00690	0.01036	0.00431	0.00431
48	0.01933	0.68983	0.03586	0.01274	0.01849	0.06577	0.01238	0.02157	0.01466	0.01680	0.00994	0.01164	0.00915	0.00637	0.00530	0.00159	0.03250	0.00393	0.00308	0.00904
49	0.04997	0.45652	0.21007	0.01458	0.02165	0.04322	0.01574	0.05562	0.01583	0.04283	0.01163	0.01311	0.00948	0.00654	0.00540	0.00180	0.00840	0.00445	0.00350	0.00966
50	0.04609	0.06099	0.01937	0.01568	0.05698	0.06778	0.01207	0.19565	0.12298	0.26532	0.02351	0.02218	0.04156	0.00876	0.00692	0.00215	0.00706	0.00688	0.00693	0.01113
51	0.01036	0.00690	0.00777	0.00777	0.00777	0.00690	0.00431	0.01036	0.01036	0.01381	0.02244	0.04660	0.02589	0.74975	0.03624	0.00690	0.00690	0.01036	0.00431	0.00431

[dist]
# distance from previous block
# <min> <max>
0	2

[block]
# block no. 8 follows, 29 sequences, length 27
# corresponding to MSA columns:
# 690-716
name=unknown_I
#
# <colnr> <probs for GDERKNQSTAVLIFYWHMCP>
#	G	D	E	R	K	N	Q	S	T	A	V	L	I	F	Y	W	H	M	C	P
