[name]
unknown

[dist]
# distance from previous block
# <min> <max>
39	77

[block]
# block no. 0 follows, 28 sequences, length 59
# corresponding to MSA columns:
# 105-163
name=unknown_A
#
# <colnr> <probs for GDERKNQSTAVLIFYWHMCP>
#	G	D	E	R	K	N	Q	S	T	A	V	L	I	F	Y	W	H	M	C	P
0	0.05299	0.01932	0.10543	0.01839	0.08332	0.04294	0.01465	0.08014	0.37194	0.07166	0.02285	0.02235	0.01704	0.00892	0.00774	0.00238	0.03348	0.00714	0.00618	0.01113
1	0.05133	0.11931	0.07307	0.04566	0.02983	0.07249	0.33372	0.02342	0.04996	0.02240	0.01386	0.01732	0.01086	0.00677	0.00794	0.00220	0.04138	0.00675	0.00380	0.06793
2	0.01902	0.65110	0.06734	0.01447	0.02099	0.02729	0.07388	0.02196	0.01501	0.01793	0.01066	0.01255	0.00948	0.00624	0.00512	0.00167	0.00831	0.00438	0.00316	0.00943
3	0.01943	0.61764	0.08369	0.01339	0.01977	0.07396	0.01341	0.02220	0.01522	0.01786	0.01051	0.01217	0.00938	0.00632	0.00498	0.00161	0.00825	0.00407	0.00320	0.04294
4	0.69854	0.01425	0.01172	0.01018	0.01483	0.01619	0.00839	0.05535	0.01412	0.08490	0.01192	0.01309	0.00888	0.00702	0.00485	0.00225	0.00579	0.00433	0.00498	0.00844
5	0.00882	0.00737	0.00767	0.00760	0.00996	0.00623	0.00570	0.01087	0.01710	0.02090	0.15587	0.06788	0.61322	0.01794	0.00859	0.00243	0.00365	0.01505	0.00692	0.00623
6	0.01565	0.01259	0.01486	0.01084	0.01699	0.00957	0.00863	0.01877	0.01530	0.05668	0.01493	0.04860	0.01282	0.00635	0.00565	0.00122	0.00537	0.00520	0.00465	0.71534
7	0.01919	0.01017	0.01243	0.01059	0.01419	0.00922	0.00838	0.06896	0.01981	0.27212	0.15192	0.04650	0.24649	0.04501	0.00929	0.00256	0.00511	0.03143	0.00771	0.00892
8	0.01768	0.27007	0.40567	0.01777	0.02619	0.10454	0.02060	0.02333	0.01579	0.02046	0.01187	0.01387	0.00927	0.00675	0.00613	0.00201	0.01005	0.00480	0.00316	0.01000
9	0.01674	0.40320	0.15732	0.01475	0.02006	0.02277	0.01496	0.01991	0.01402	0.01826	0.01340	0.07057	0.01304	0.03955	0.01004	0.00231	0.13060	0.00615	0.00345	0.00889
10	0.01013	0.00742	0.00949	0.00898	0.01076	0.00679	0.00673	0.01340	0.02019	0.02824	0.63622	0.05579	0.12829	0.01520	0.00858	0.00230	0.00345	0.01335	0.00788	0.00679
11	0.01799	0.01727	0.02950	0.04462	0.69919	0.01727	0.02231	0.02231	0.01655	0.02375	0.01367	0.01799	0.01151	0.00648	0.00720	0.00216	0.00864	0.00648	0.00360	0.01151
12	0.01347	0.01134	0.01219	0.01142	0.01453	0.01201	0.00884	0.02448	0.33526	0.02608	0.13091	0.04817	0.26327	0.01397	0.00809	0.00248	0.00478	0.04267	0.00722	0.00881
13	0.00875	0.00673	0.00802	0.00906	0.01026	0.00599	0.00628	0.01024	0.01494	0.01897	0.05299	0.48189	0.29764	0.02109	0.00901	0.00276	0.00401	0.01861	0.00675	0.00599
14	0.02691	0.01111	0.01504	0.01196	0.01659	0.00971	0.00971	0.02988	0.02075	0.53166	0.19910	0.03230	0.03093	0.01050	0.00763	0.00226	0.00548	0.00880	0.00874	0.01096
15	0.01821	0.01735	0.02950	0.06603	0.62041	0.01750	0.04990	0.04948	0.01725	0.02447	0.01385	0.01809	0.01147	0.00658	0.00726	0.00218	0.00880	0.00657	0.00374	0.01136
16	0.01057	0.00705	0.00793	0.00793	0.00793	0.00705	0.00440	0.01057	0.01057	0.01409	0.02290	0.04757	0.02643	0.74454	0.03700	0.00705	0.00705	0.01057	0.00440	0.00440
17	0.01776	0.01703	0.02908	0.08224	0.66341	0.01721	0.02219	0.02210	0.01644	0.02346	0.01363	0.01807	0.01141	0.00652	0.00720	0.00217	0.00869	0.00648	0.00358	0.01132
18	0.02704	0.02006	0.02148	0.01660	0.02232	0.02226	0.01367	0.63526	0.07485	0.04485	0.01821	0.01806	0.01297	0.00880	0.00728	0.00220	0.00786	0.00665	0.00728	0.01231
19	0.01373	0.01292	0.02180	0.72707	0.05006	0.01615	0.02019	0.01857	0.01453	0.01857	0.01292	0.01938	0.00969	0.00727	0.00727	0.00242	0.00969	0.00646	0.00323	0.00807
20	0.01438	0.01361	0.01914	0.01684	0.01714	0.01850	0.01378	0.01612	0.01123	0.01718	0.01247	0.02037	0.01235	0.05906	0.18172	0.00531	0.53305	0.00690	0.00340	0.00744
21	0.02715	0.03464	0.02060	0.01873	0.02247	0.71536	0.01404	0.02903	0.02060	0.01779	0.01124	0.01311	0.00936	0.00749	0.00655	0.00187	0.01311	0.00468	0.00375	0.00843
22	0.01041	0.00771	0.01126	0.01126	0.01241	0.00886	0.00856	0.01271	0.01156	0.01656	0.01985	0.03069	0.01910	0.13179	0.63972	0.01116	0.01808	0.00810	0.00395	0.00626
23	0.00859	0.00736	0.00736	0.00736	0.00982	0.00614	0.00552	0.01043	0.01657	0.01964	0.07364	0.06996	0.69624	0.01841	0.00859	0.00245	0.00368	0.01534	0.00675	0.00614
24	0.01373	0.01292	0.02180	0.72707	0.05006	0.01615	0.02019	0.01857	0.01453	0.01857	0.01292	0.01938	0.00969	0.00727	0.00727	0.00242	0.00969	0.00646	0.00323	0.00807
25	0.01029	0.00743	0.00972	0.00914	0.01086	0.00686	0.00686	0.01372	0.02058	0.02915	0.69536	0.05430	0.06859	0.01486	0.00857	0.00229	0.00343	0.01315	0.00800	0.00686
26	0.00879	0.00660	0.00815	0.00940	0.01035	0.00596	0.00643	0.01020	0.01461	0.01884	0.04883	0.56490	0.21731	0.02163	0.00910	0.00282	0.00408	0.01927	0.00675	0.00596
27	0.01521	0.05842	0.56435	0.02223	0.03221	0.01755	0.14301	0.02303	0.01565	0.02287	0.01325	0.01599	0.00954	0.00674	0.00713	0.00230	0.01092	0.00590	0.00318	0.01053
28	0.01021	0.00743	0.00960	0.00906	0.01081	0.00682	0.00679	0.01356	0.02038	0.02869	0.66500	0.05506	0.09923	0.01503	0.00857	0.00229	0.00344	0.01325	0.00794	0.00682
29	0.02699	0.01974	0.02113	0.01627	0.02190	0.02182	0.01342	0.64494	0.03331	0.04496	0.01774	0.01789	0.01265	0.00871	0.00717	0.00216	0.00779	0.00656	0.04274	0.01211
30	0.01373	0.01292	0.02180	0.72707	0.05006	0.01615	0.02019	0.01857	0.01453	0.01857	0.01292	0.01938	0.00969	0.00727	0.00727	0.00242	0.00969	0.00646	0.00323	0.00807
31	0.01700	0.01540	0.02603	0.30322	0.42262	0.01656	0.02100	0.02145	0.01597	0.05107	0.01403	0.01881	0.01110	0.00689	0.00723	0.00226	0.00893	0.00651	0.00369	0.01024
32	0.02814	0.01335	0.01669	0.01324	0.01834	0.01283	0.01079	0.11437	0.11242	0.47001	0.06397	0.02586	0.02067	0.00939	0.00731	0.00225	0.00611	0.00764	0.03486	0.01176
33	0.01972	0.60795	0.10212	0.01388	0.02030	0.09586	0.01402	0.02261	0.01541	0.01775	0.01051	0.01217	0.00932	0.00641	0.00507	0.00166	0.00860	0.00411	0.00317	0.00938
34	0.01590	0.01590	0.02226	0.01908	0.01908	0.02226	0.01590	0.01749	0.01113	0.01749	0.00954	0.01590	0.00954	0.01272	0.02385	0.00318	0.73123	0.00636	0.00318	0.00795
35	0.01507	0.01292	0.01507	0.01077	0.01723	0.00969	0.00861	0.01830	0.01507	0.02369	0.01292	0.01507	0.01077	0.00538	0.00538	0.00108	0.00538	0.00431	0.00431	0.78898
36	0.00984	0.00674	0.00814	0.00887	0.00905	0.00656	0.00541	0.01038	0.01200	0.01600	0.03024	0.34362	0.03569	0.43585	0.02514	0.00530	0.00584	0.01489	0.00541	0.00505
37	0.03028	0.01272	0.01761	0.09461	0.02230	0.01173	0.01188	0.05646	0.02057	0.60230	0.02648	0.02387	0.01684	0.00879	0.00730	0.00227	0.00665	0.00719	0.00828	0.01188
38	0.79588	0.01406	0.01068	0.00956	0.01406	0.01631	0.00787	0.02137	0.01237	0.03261	0.01012	0.01181	0.00787	0.00675	0.00450	0.00225	0.00562	0.00394	0.00450	0.00787
39	0.02791	0.01992	0.02154	0.01652	0.02232	0.02189	0.01364	0.63970	0.03344	0.08211	0.01807	0.01785	0.01267	0.00874	0.00727	0.00219	0.00790	0.00659	0.00737	0.01236
40	0.01373	0.01292	0.02180	0.72707	0.05006	0.01615	0.02019	0.01857	0.01453	0.01857	0.01292	0.01938	0.00969	0.00727	0.00727	0.00242	0.00969	0.00646	0.00323	0.00807
41	0.00886	0.00633	0.00843	0.01012	0.01054	0.00590	0.00675	0.01012	0.01392	0.01856	0.04006	0.73979	0.04808	0.02277	0.00928	0.00295	0.00422	0.02066	0.00675	0.00590
42	0.00886	0.00633	0.00843	0.01012	0.01054	0.00590	0.00675	0.01012	0.01392	0.01856	0.04006	0.73979	0.04808	0.02277	0.00928	0.00295	0.00422	0.02066	0.00675	0.00590
43	0.00886	0.00633	0.00843	0.01012	0.01054	0.00590	0.00675	0.01012	0.01392	0.01856	0.04006	0.73979	0.04808	0.02277	0.00928	0.00295	0.00422	0.02066	0.00675	0.00590
44	0.00886	0.00633	0.00843	0.01012	0.01054	0.00590	0.00675	0.01012	0.01392	0.01856	0.04006	0.73979	0.04808	0.02277	0.00928	0.00295	0.00422	0.02066	0.00675	0.00590
45	0.01943	0.74891	0.03809	0.01244	0.01866	0.02876	0.01244	0.02177	0.01477	0.01710	0.01011	0.01166	0.00933	0.00622	0.00466	0.00155	0.00777	0.00389	0.00311	0.00933
46	0.19789	0.01849	0.01676	0.01395	0.01870	0.14890	0.01116	0.15222	0.06669	0.21883	0.05272	0.01991	0.01586	0.00851	0.00660	0.00218	0.00756	0.00627	0.00651	0.01028
47	0.01507	0.01292	0.01507	0.01077	0.01723	0.00969	0.00861	0.01830	0.01507	0.02369	0.01292	0.01507	0.01077	0.00538	0.00538	0.00108	0.00538	0.00431	0.00431	0.78898
48	0.79588	0.01406	0.01068	0.00956	0.01406	0.01631	0.00787	0.02137	0.01237	0.03261	0.01012	0.01181	0.00787	0.00675	0.00450	0.00225	0.00562	0.00394	0.00450	0.00787
49	0.02715	0.03464	0.02060	0.01873	0.02247	0.71536	0.01404	0.02903	0.02060	0.01779	0.01124	0.01311	0.00936	0.00749	0.00655	0.00187	0.01311	0.00468	0.00375	0.00843
50	0.00859	0.00736	0.00736	0.00736	0.00982	0.00614	0.00552	0.01043	0.01657	0.01964	0.07364	0.06996	0.69624	0.01841	0.00859	0.00245	0.00368	0.01534	0.00675	0.00614
51	0.01590	0.01590	0.02226	0.01908	0.01908	0.02226	0.01590	0.01749	0.01113	0.01749	0.00954	0.01590	0.00954	0.01272	0.02385	0.00318	0.73123	0.00636	0.00318	0.00795
52	0.02763	0.02036	0.02182	0.01672	0.02254	0.02254	0.01382	0.67496	0.03418	0.04581	0.01745	0.01745	0.01236	0.00873	0.00727	0.00218	0.00800	0.00654	0.00727	0.01236
53	0.00859	0.00736	0.00736	0.00736	0.00982	0.00614	0.00552	0.01043	0.01657	0.01964	0.07364	0.06996	0.69624	0.01841	0.00859	0.00245	0.00368	0.01534	0.00675	0.00614
54	0.02763	0.02036	0.02182	0.01672	0.02254	0.02254	0.01382	0.67496	0.03418	0.04581	0.01745	0.01745	0.01236	0.00873	0.00727	0.00218	0.00800	0.00654	0.00727	0.01236
55	0.01054	0.00716	0.00848	0.00848	0.00867	0.00735	0.00509	0.01093	0.01073	0.01450	0.02240	0.04477	0.02521	0.64294	0.13693	0.00773	0.00888	0.01016	0.00433	0.00471
56	0.00923	0.00695	0.00945	0.06868	0.01373	0.00676	0.00775	0.01084	0.01418	0.01864	0.04049	0.62781	0.09615	0.02116	0.00906	0.00287	0.00462	0.01908	0.00646	0.00610
57	0.01006	0.00691	0.00843	0.00891	0.00916	0.00691	0.00552	0.01067	0.01164	0.01564	0.02751	0.24455	0.03186	0.47212	0.09313	0.00631	0.00741	0.01321	0.00503	0.00503
58	0.01805	0.01739	0.02742	0.07828	0.57045	0.03880	0.02079	0.02404	0.08753	0.02398	0.01524	0.01888	0.01248	0.00691	0.00720	0.00220	0.00853	0.00661	0.00398	0.01123

[dist]
# distance from previous block
# <min> <max>
0	1

[block]
# block no. 1 follows, 28 sequences, length 43
# corresponding to MSA columns:
# 165-207
name=unknown_B
#
# <colnr> <probs for GDERKNQSTAVLIFYWHMCP>
#	G	D	E	R	K	N	Q	S	T	A	V	L	I	F	Y	W	H	M	C	P
0	0.02418	0.01895	0.01977	0.01656	0.02131	0.04399	0.01295	0.36176	0.20342	0.03787	0.02470	0.10133	0.02067	0.01175	0.00831	0.00268	0.00771	0.00902	0.00762	0.04545
1	0.00890	0.00651	0.00826	0.00963	0.01032	0.00599	0.00646	0.01019	0.01413	0.01850	0.04400	0.61204	0.13886	0.05643	0.01050	0.00308	0.00428	0.01943	0.00664	0.00587
2	0.01808	0.01561	0.01644	0.01479	0.01890	0.01808	0.01151	0.03863	0.68606	0.03041	0.02959	0.02712	0.02219	0.00986	0.00740	0.00247	0.00575	0.00822	0.00740	0.01151
3	0.05550	0.21192	0.02598	0.01981	0.10669	0.32162	0.01447	0.09574	0.01938	0.02202	0.01182	0.01388	0.00990	0.00733	0.00679	0.00193	0.03690	0.00494	0.00396	0.00943
4	0.02211	0.01569	0.01728	0.01473	0.01936	0.01735	0.01168	0.12834	0.47132	0.15640	0.02770	0.02531	0.02002	0.00954	0.00736	0.00239	0.00615	0.00781	0.00767	0.01179
5	0.01038	0.00779	0.01168	0.01168	0.01298	0.00909	0.00909	0.01298	0.01168	0.01687	0.01947	0.02856	0.01817	0.05452	0.71573	0.01168	0.01947	0.00779	0.00389	0.00649
6	0.01046	0.00718	0.00878	0.00886	0.00916	0.00745	0.00555	0.01109	0.01096	0.01490	0.02287	0.07294	0.02552	0.56017	0.18681	0.00790	0.00969	0.01038	0.00439	0.00493
7	0.01943	0.74891	0.03809	0.01244	0.01866	0.02876	0.01244	0.02177	0.01477	0.01710	0.01011	0.01166	0.00933	0.00622	0.00466	0.00155	0.00777	0.00389	0.00311	0.00933
8	0.01112	0.00761	0.00998	0.00929	0.01115	0.00700	0.00700	0.01452	0.02058	0.05422	0.67060	0.05320	0.06671	0.01464	0.00853	0.00228	0.00353	0.01293	0.00804	0.00706
9	0.01025	0.00691	0.00802	0.00834	0.00842	0.00683	0.00485	0.01049	0.01120	0.01494	0.02615	0.17850	0.03052	0.60802	0.03175	0.00627	0.00651	0.01248	0.00485	0.00469
10	0.03261	0.01237	0.01687	0.01293	0.01856	0.01068	0.01068	0.03543	0.02081	0.70423	0.02868	0.02474	0.01799	0.00900	0.00731	0.00225	0.00619	0.00731	0.00900	0.01237
11	0.01772	0.01531	0.01610	0.01451	0.01856	0.01763	0.01128	0.03757	0.66095	0.03000	0.03124	0.02873	0.04747	0.01018	0.00744	0.00247	0.00568	0.00849	0.00737	0.01130
12	0.00893	0.00636	0.00841	0.01003	0.01043	0.00595	0.00665	0.01014	0.01378	0.01837	0.03935	0.71112	0.04718	0.05267	0.01043	0.00312	0.00433	0.02025	0.00665	0.00584
13	0.01507	0.01292	0.01507	0.01077	0.01723	0.00969	0.00861	0.01830	0.01507	0.02369	0.01292	0.01507	0.01077	0.00538	0.00538	0.00108	0.00538	0.00431	0.00431	0.78898
14	0.01591	0.01289	0.01516	0.01087	0.01729	0.00974	0.00871	0.01912	0.01535	0.05600	0.01367	0.01553	0.01111	0.00555	0.00547	0.00113	0.00542	0.00445	0.00453	0.75209
15	0.00866	0.00733	0.00749	0.00753	0.00988	0.00615	0.00562	0.01054	0.01661	0.01994	0.09460	0.09534	0.64866	0.01845	0.00862	0.00247	0.00369	0.01547	0.00679	0.00615
16	0.00879	0.00659	0.00816	0.00941	0.01036	0.00596	0.00643	0.01020	0.01460	0.01884	0.04876	0.56630	0.21596	0.02164	0.00910	0.00282	0.00408	0.01929	0.00675	0.00596
17	0.01507	0.01292	0.01507	0.01077	0.01723	0.00969	0.00861	0.01830	0.01507	0.02369	0.01292	0.01507	0.01077	0.00538	0.00538	0.00108	0.00538	0.00431	0.00431	0.78898
18	0.01672	0.01400	0.01650	0.01293	0.04693	0.01157	0.00983	0.09784	0.01745	0.02636	0.01350	0.01549	0.01099	0.00583	0.00569	0.00126	0.00584	0.00467	0.00463	0.66198
19	0.79588	0.01406	0.01068	0.00956	0.01406	0.01631	0.00787	0.02137	0.01237	0.03261	0.01012	0.01181	0.00787	0.00675	0.00450	0.00225	0.00562	0.00394	0.00450	0.00787
20	0.01578	0.01290	0.01515	0.01085	0.01728	0.00973	0.00870	0.01899	0.01530	0.05111	0.01355	0.01546	0.01106	0.00553	0.00546	0.00112	0.00542	0.00443	0.00450	0.75768
21	0.00903	0.00707	0.00818	0.00857	0.01026	0.00622	0.00617	0.01104	0.01663	0.02133	0.19561	0.26685	0.36923	0.01896	0.00879	0.00257	0.00379	0.01647	0.00702	0.00622
22	0.56566	0.01355	0.01255	0.01058	0.01541	0.01461	0.00872	0.02561	0.01491	0.23520	0.01572	0.01571	0.01093	0.00743	0.00535	0.00225	0.00579	0.00495	0.00586	0.00923
23	0.00897	0.00729	0.00794	0.00796	0.01009	0.00627	0.00590	0.01109	0.01719	0.02153	0.20042	0.12171	0.51223	0.01803	0.00864	0.00246	0.00367	0.01532	0.00701	0.00627
24	0.00886	0.00633	0.00843	0.01012	0.01054	0.00590	0.00675	0.01012	0.01392	0.01856	0.04006	0.73979	0.04808	0.02277	0.00928	0.00295	0.00422	0.02066	0.00675	0.00590
25	0.79588	0.01406	0.01068	0.00956	0.01406	0.01631	0.00787	0.02137	0.01237	0.03261	0.01012	0.01181	0.00787	0.00675	0.00450	0.00225	0.00562	0.00394	0.00450	0.00787
26	0.01057	0.00705	0.00793	0.00793	0.00793	0.00705	0.00440	0.01057	0.01057	0.01409	0.02290	0.04757	0.02643	0.74454	0.03700	0.00705	0.00705	0.01057	0.00440	0.00440
27	0.79588	0.01406	0.01068	0.00956	0.01406	0.01631	0.00787	0.02137	0.01237	0.03261	0.01012	0.01181	0.00787	0.00675	0.00450	0.00225	0.00562	0.00394	0.00450	0.00787
28	0.03261	0.01237	0.01687	0.01293	0.01856	0.01068	0.01068	0.03543	0.02081	0.70423	0.02868	0.02474	0.01799	0.00900	0.00731	0.00225	0.00619	0.00731	0.00900	0.01237
29	0.79588	0.01406	0.01068	0.00956	0.01406	0.01631	0.00787	0.02137	0.01237	0.03261	0.01012	0.01181	0.00787	0.00675	0.00450	0.00225	0.00562	0.00394	0.00450	0.00787
30	0.02651	0.01981	0.02119	0.01650	0.02212	0.02202	0.01355	0.60047	0.11049	0.04401	0.01887	0.01858	0.01351	0.00886	0.00729	0.00221	0.00774	0.00674	0.00729	0.01226
31	0.02729	0.01312	0.01642	0.01332	0.01832	0.01272	0.01076	0.03541	0.21911	0.47335	0.05859	0.02676	0.02149	0.00952	0.00739	0.00232	0.00593	0.00784	0.00848	0.01187
32	0.03261	0.01237	0.01687	0.01293	0.01856	0.01068	0.01068	0.03543	0.02081	0.70423	0.02868	0.02474	0.01799	0.00900	0.00731	0.00225	0.00619	0.00731	0.00900	0.01237
33	0.01477	0.01401	0.02355	0.54689	0.19506	0.01663	0.02050	0.01937	0.01486	0.01970	0.01296	0.01894	0.01010	0.00729	0.00787	0.00239	0.03648	0.00646	0.00331	0.00884
34	0.01059	0.00782	0.00953	0.01030	0.01156	0.00751	0.00722	0.07292	0.01626	0.02130	0.04333	0.56385	0.14899	0.02075	0.00898	0.00280	0.00449	0.01848	0.00680	0.00655
35	0.00901	0.00729	0.00781	0.00815	0.01027	0.00630	0.00613	0.01095	0.01621	0.01989	0.06523	0.15320	0.54459	0.01877	0.00868	0.00256	0.00397	0.06407	0.03075	0.00617
36	0.00886	0.00633	0.00843	0.01012	0.01054	0.00590	0.00675	0.01012	0.01392	0.01856	0.04006	0.73979	0.04808	0.02277	0.00928	0.00295	0.00422	0.02066	0.00675	0.00590
37	0.01590	0.12101	0.55223	0.02076	0.05055	0.04813	0.04837	0.02311	0.01561	0.02212	0.01270	0.01505	0.00937	0.00681	0.00669	0.00220	0.01048	0.00532	0.00314	0.01046
38	0.01030	0.00802	0.01032	0.01125	0.01208	0.00837	0.00802	0.01332	0.07071	0.01963	0.03811	0.56707	0.07132	0.02057	0.01031	0.00292	0.06412	0.04046	0.00651	0.00658
39	0.01062	0.00813	0.01213	0.01199	0.01324	0.00964	0.00937	0.01317	0.01166	0.01690	0.01905	0.02802	0.01781	0.05276	0.68662	0.01132	0.04942	0.00773	0.00386	0.00655
40	0.01507	0.01292	0.01507	0.01077	0.01723	0.00969	0.00861	0.01830	0.01507	0.02369	0.01292	0.01507	0.01077	0.00538	0.00538	0.00108	0.00538	0.00431	0.00431	0.78898
41	0.01628	0.13097	0.19347	0.05108	0.02878	0.01872	0.21671	0.02137	0.01522	0.02144	0.01266	0.01629	0.01006	0.00708	0.00897	0.00218	0.09888	0.00614	0.00346	0.12023
42	0.24953	0.03760	0.11615	0.01227	0.01697	0.01328	0.01129	0.02275	0.07286	0.13368	0.13783	0.10093	0.02580	0.01050	0.00677	0.00234	0.00602	0.00844	0.00605	0.00897

[dist]
# distance from previous block
# <min> <max>
0	1

[block]
# block no. 2 follows, 28 sequences, length 40
# corresponding to MSA columns:
# 209-248
name=unknown_C
#
# <colnr> <probs for GDERKNQSTAVLIFYWHMCP>
#	G	D	E	R	K	N	Q	S	T	A	V	L	I	F	Y	W	H	M	C	P
0	0.04981	0.00973	0.01168	0.01047	0.01331	0.00955	0.00809	0.02089	0.12491	0.12691	0.41494	0.04502	0.09945	0.01313	0.00802	0.00232	0.00431	0.01128	0.00780	0.00838
1	0.00933	0.00733	0.00844	0.00830	0.01031	0.00643	0.00617	0.01182	0.01811	0.02363	0.33725	0.10538	0.38723	0.01717	0.00863	0.00241	0.00361	0.01474	0.00728	0.00643
2	0.01590	0.01590	0.02226	0.01908	0.01908	0.02226	0.01590	0.01749	0.01113	0.01749	0.00954	0.01590	0.00954	0.01272	0.02385	0.00318	0.73123	0.00636	0.00318	0.00795
3	0.79588	0.01406	0.01068	0.00956	0.01406	0.01631	0.00787	0.02137	0.01237	0.03261	0.01012	0.01181	0.00787	0.00675	0.00450	0.00225	0.00562	0.00394	0.00450	0.00787
4	0.01222	0.00655	0.00967	0.00967	0.00984	0.00672	0.00657	0.00999	0.00982	0.01326	0.01409	0.02435	0.01411	0.06894	0.11848	0.64393	0.00807	0.00674	0.00332	0.00366
5	0.01458	0.03760	0.70688	0.02072	0.03146	0.01688	0.02686	0.02302	0.01535	0.02302	0.01304	0.01535	0.00921	0.00691	0.00691	0.00230	0.01074	0.00537	0.00307	0.01074
6	0.00881	0.00651	0.00825	0.00964	0.01042	0.00594	0.00653	0.01018	0.01438	0.01875	0.04594	0.62247	0.16161	0.02201	0.00916	0.00286	0.00412	0.01973	0.00675	0.00594
7	0.01943	0.74891	0.03809	0.01244	0.01866	0.02876	0.01244	0.02177	0.01477	0.01710	0.01011	0.01166	0.00933	0.00622	0.00466	0.00155	0.00777	0.00389	0.00311	0.00933
8	0.01557	0.01332	0.01561	0.01132	0.01750	0.01067	0.00910	0.04276	0.01563	0.02427	0.01296	0.01519	0.01078	0.00580	0.00618	0.00120	0.03418	0.00447	0.00437	0.72914
9	0.02735	0.05824	0.02082	0.01520	0.02077	0.01945	0.01262	0.43947	0.06309	0.19180	0.02042	0.01960	0.01418	0.00870	0.00707	0.00216	0.00731	0.00666	0.03311	0.01197
10	0.01029	0.00743	0.00972	0.00914	0.01086	0.00686	0.00686	0.01372	0.02058	0.02915	0.69536	0.05430	0.06859	0.01486	0.00857	0.00229	0.00343	0.01315	0.00800	0.00686
11	0.00897	0.00738	0.00790	0.00777	0.01005	0.00630	0.00582	0.01117	0.01747	0.02179	0.21411	0.06642	0.55443	0.01761	0.00859	0.00242	0.00362	0.01485	0.00703	0.00630
12	0.04627	0.16366	0.09771	0.01691	0.04819	0.01900	0.05559	0.20149	0.02200	0.23159	0.01836	0.01826	0.01287	0.00781	0.00673	0.00211	0.00793	0.00618	0.00607	0.01127
13	0.01029	0.00743	0.00972	0.00914	0.01086	0.00686	0.00686	0.01372	0.02058	0.02915	0.69536	0.05430	0.06859	0.01486	0.00857	0.00229	0.00343	0.01315	0.00800	0.00686
14	0.50299	0.01341	0.01306	0.01085	0.01578	0.01415	0.00895	0.02676	0.01561	0.29033	0.01724	0.01677	0.01176	0.00761	0.00558	0.00225	0.00584	0.00523	0.00622	0.00960
15	0.01373	0.01292	0.02180	0.72707	0.05006	0.01615	0.02019	0.01857	0.01453	0.01857	0.01292	0.01938	0.00969	0.00727	0.00727	0.00242	0.00969	0.00646	0.00323	0.00807
16	0.01477	0.03648	0.66956	0.02203	0.06825	0.01690	0.02661	0.02298	0.01541	0.02306	0.01308	0.01549	0.00934	0.00688	0.00692	0.00229	0.01063	0.00543	0.00310	0.01079
17	0.01044	0.00757	0.01059	0.01059	0.01151	0.00849	0.00773	0.01228	0.01136	0.01607	0.02047	0.03408	0.02057	0.25501	0.51852	0.01034	0.01586	0.00860	0.00404	0.00588
18	0.01046	0.00700	0.00796	0.00807	0.00810	0.00697	0.00456	0.01054	0.01079	0.01438	0.02402	0.09242	0.02783	0.69777	0.03520	0.00678	0.00686	0.01122	0.00456	0.00450
19	0.63089	0.01713	0.01271	0.01124	0.01572	0.11524	0.00906	0.04593	0.01462	0.05671	0.01125	0.01269	0.00863	0.00701	0.00499	0.00219	0.00679	0.00426	0.00466	0.00828
20	0.00890	0.00640	0.00844	0.00999	0.01053	0.00595	0.00671	0.01026	0.01424	0.01896	0.06415	0.69268	0.07117	0.02235	0.00923	0.00291	0.00417	0.02022	0.00679	0.00595
21	0.12668	0.06046	0.12235	0.01570	0.02175	0.01886	0.03232	0.30613	0.06074	0.09872	0.01824	0.05463	0.01401	0.00879	0.00685	0.00224	0.00770	0.00682	0.00609	0.01090
22	0.01781	0.01709	0.02918	0.07369	0.67154	0.01722	0.02222	0.02215	0.01647	0.02353	0.01364	0.01805	0.01144	0.00651	0.00720	0.00217	0.00868	0.00648	0.00358	0.01137
23	0.00920	0.00658	0.00878	0.01018	0.01083	0.00617	0.00704	0.01086	0.01494	0.02011	0.12540	0.61397	0.05040	0.02159	0.00923	0.00289	0.00425	0.05458	0.00691	0.00607
24	0.01458	0.03760	0.70688	0.02072	0.03146	0.01688	0.02686	0.02302	0.01535	0.02302	0.01304	0.01535	0.00921	0.00691	0.00691	0.00230	0.01074	0.00537	0.00307	0.01074
25	0.01698	0.01640	0.02524	0.34851	0.34224	0.05545	0.02055	0.04816	0.01660	0.02201	0.01336	0.01832	0.01061	0.00698	0.00720	0.00226	0.00933	0.00637	0.00359	0.00983
26	0.01755	0.18296	0.19773	0.02564	0.12043	0.02030	0.26170	0.04772	0.01677	0.02280	0.01327	0.01655	0.01034	0.00648	0.00709	0.00217	0.01027	0.00643	0.00353	0.01025
27	0.01482	0.01438	0.01623	0.01487	0.01603	0.11558	0.01176	0.01686	0.01285	0.01743	0.01520	0.02292	0.01438	0.06739	0.31622	0.00676	0.26120	0.00696	0.03098	0.00717
28	0.01689	0.05604	0.02414	0.05198	0.17199	0.01464	0.10720	0.05627	0.01671	0.02428	0.01343	0.01649	0.01093	0.00604	0.00638	0.00166	0.00754	0.00558	0.00411	0.38770
29	0.05442	0.54209	0.03474	0.01489	0.02051	0.08527	0.07073	0.02221	0.01513	0.01843	0.01057	0.01277	0.00943	0.00678	0.00644	0.00180	0.05684	0.00453	0.00328	0.00914
30	0.01391	0.01310	0.02213	0.69824	0.07749	0.01620	0.02028	0.01873	0.01462	0.01879	0.01295	0.01932	0.00977	0.00723	0.00726	0.00241	0.00965	0.00646	0.00325	0.00822
31	0.00879	0.00657	0.00818	0.00947	0.01037	0.00596	0.00646	0.01020	0.01455	0.01881	0.04804	0.58074	0.20199	0.02174	0.00911	0.00283	0.00409	0.01940	0.00675	0.00596
32	0.01046	0.00710	0.00811	0.00808	0.00832	0.00706	0.00473	0.01080	0.01139	0.01521	0.05977	0.04832	0.05834	0.65274	0.05553	0.00674	0.00710	0.01083	0.00468	0.00467
33	0.00911	0.00738	0.00809	0.00791	0.01014	0.00636	0.00593	0.01145	0.01780	0.02257	0.26534	0.06513	0.50271	0.01732	0.00859	0.00240	0.00360	0.01466	0.00714	0.00636
34	0.01477	0.01400	0.01544	0.01434	0.01599	0.12177	0.01130	0.04643	0.01399	0.01845	0.01631	0.02337	0.01498	0.03758	0.44838	0.00819	0.14650	0.00699	0.00390	0.00732
35	0.00950	0.00773	0.00846	0.00822	0.01051	0.00685	0.00618	0.01261	0.04565	0.02299	0.26189	0.06339	0.47630	0.01697	0.00854	0.00240	0.00369	0.01437	0.00716	0.00658
36	0.65296	0.05536	0.01364	0.01065	0.01542	0.01781	0.00890	0.10659	0.01535	0.03348	0.01108	0.01254	0.00854	0.00698	0.00487	0.00220	0.00605	0.00427	0.00478	0.00854
37	0.02424	0.30420	0.02720	0.01635	0.02103	0.45624	0.01344	0.02629	0.01840	0.01753	0.01081	0.01256	0.00935	0.00701	0.00584	0.00175	0.01110	0.00438	0.00351	0.00877
38	0.06737	0.01245	0.01659	0.01278	0.01835	0.01094	0.01056	0.03479	0.02042	0.67365	0.02783	0.02415	0.01753	0.00889	0.00718	0.00225	0.00616	0.00716	0.00879	0.01217
39	0.00902	0.00640	0.00839	0.00991	0.01029	0.00601	0.00652	0.01016	0.01359	0.01813	0.03841	0.67308	0.04599	0.09234	0.01195	0.00335	0.00449	0.01969	0.00652	0.00576

[dist]
# distance from previous block
# <min> <max>
0	2

[block]
# block no. 3 follows, 28 sequences, length 78
# corresponding to MSA columns:
# 251-328
name=unknown_D
#
# <colnr> <probs for GDERKNQSTAVLIFYWHMCP>
#	G	D	E	R	K	N	Q	S	T	A	V	L	I	F	Y	W	H	M	C	P
0	0.02200	0.04829	0.02470	0.05222	0.30620	0.29822	0.01746	0.05391	0.06661	0.02238	0.01385	0.01650	0.01132	0.00724	0.00687	0.00206	0.01020	0.00580	0.00406	0.01013
1	0.03216	0.01309	0.01732	0.01328	0.01892	0.01175	0.01097	0.09318	0.02201	0.64477	0.02766	0.02408	0.01749	0.00897	0.00731	0.00224	0.00635	0.00724	0.00884	0.01237
2	0.02541	0.02185	0.02031	0.01654	0.02155	0.15186	0.01325	0.42757	0.13776	0.03747	0.04043	0.01942	0.01524	0.00888	0.00720	0.00217	0.00845	0.00668	0.00665	0.01130
3	0.01181	0.00817	0.01030	0.00985	0.01176	0.00773	0.00733	0.03983	0.03913	0.05789	0.45060	0.18565	0.10000	0.01599	0.00857	0.00243	0.00397	0.01409	0.00767	0.00722
4	0.01636	0.04928	0.10117	0.20430	0.37271	0.01672	0.02056	0.02107	0.01571	0.02211	0.01320	0.01749	0.01065	0.00660	0.00690	0.00211	0.00878	0.00603	0.00350	0.08476
5	0.14587	0.30055	0.06458	0.01422	0.01958	0.15389	0.01274	0.05387	0.12870	0.02353	0.01407	0.01501	0.01138	0.00730	0.00569	0.00195	0.00828	0.00497	0.00435	0.00950
6	0.75106	0.01424	0.01177	0.01158	0.05353	0.01636	0.00870	0.02142	0.01261	0.03210	0.01033	0.01216	0.00808	0.00673	0.00465	0.00224	0.00580	0.00408	0.00445	0.00808
7	0.01054	0.00718	0.00858	0.00858	0.00880	0.00740	0.00522	0.01099	0.01076	0.01458	0.02231	0.04428	0.02500	0.62500	0.15458	0.00785	0.00920	0.01009	0.00432	0.00477
8	0.02866	0.01872	0.02080	0.01595	0.02172	0.02011	0.01317	0.54362	0.03143	0.18103	0.01976	0.01895	0.01352	0.00878	0.00728	0.00220	0.00763	0.00670	0.00763	0.01236
9	0.79588	0.01406	0.01068	0.00956	0.01406	0.01631	0.00787	0.02137	0.01237	0.03261	0.01012	0.01181	0.00787	0.00675	0.00450	0.00225	0.00562	0.00394	0.00450	0.00787
10	0.00883	0.00712	0.00777	0.00811	0.00997	0.00616	0.00583	0.01057	0.01599	0.01977	0.10255	0.21739	0.48718	0.04725	0.00984	0.00273	0.00392	0.01621	0.00674	0.00606
11	0.00923	0.00674	0.00855	0.00962	0.01050	0.00623	0.00665	0.01084	0.01499	0.01983	0.12314	0.49093	0.13771	0.06867	0.01096	0.00309	0.00434	0.04525	0.00674	0.00599
12	0.01016	0.00743	0.00954	0.00901	0.01078	0.00681	0.00676	0.01348	0.02028	0.02845	0.64979	0.05545	0.11459	0.01512	0.00857	0.00230	0.00345	0.01331	0.00791	0.00681
13	0.01943	0.74891	0.03809	0.01244	0.01866	0.02876	0.01244	0.02177	0.01477	0.01710	0.01011	0.01166	0.00933	0.00622	0.00466	0.00155	0.00777	0.00389	0.00311	0.00933
14	0.00897	0.00641	0.00856	0.01025	0.01072	0.00600	0.00694	0.01031	0.01403	0.01868	0.04000	0.71412	0.04783	0.02267	0.00931	0.00297	0.00431	0.04524	0.00675	0.00593
15	0.01057	0.00705	0.00793	0.00793	0.00793	0.00705	0.00440	0.01057	0.01057	0.01409	0.02290	0.04757	0.02643	0.74454	0.03700	0.00705	0.00705	0.01057	0.00440	0.00440
16	0.05655	0.01952	0.02096	0.03707	0.02263	0.02167	0.01353	0.61198	0.03223	0.04398	0.01721	0.01756	0.01228	0.00860	0.00710	0.00218	0.00783	0.00645	0.02876	0.01191
17	0.01723	0.02220	0.18211	0.09168	0.47106	0.04382	0.02286	0.02243	0.01628	0.02295	0.01338	0.01731	0.01077	0.00667	0.00711	0.00220	0.00937	0.00616	0.00346	0.01095
18	0.79588	0.01406	0.01068	0.00956	0.01406	0.01631	0.00787	0.02137	0.01237	0.03261	0.01012	0.01181	0.00787	0.00675	0.00450	0.00225	0.00562	0.00394	0.00450	0.00787
19	0.02205	0.01548	0.01710	0.07316	0.02044	0.01706	0.01161	0.41360	0.02659	0.03766	0.01904	0.02064	0.01410	0.00852	0.00658	0.00205	0.00669	0.00661	0.25076	0.01025
20	0.00932	0.00668	0.00885	0.00981	0.01064	0.00621	0.00678	0.01128	0.01606	0.02196	0.25075	0.51940	0.05467	0.02023	0.00905	0.00274	0.00396	0.01825	0.00715	0.00621
21	0.00885	0.00734	0.00774	0.00772	0.01000	0.00623	0.00576	0.01090	0.01706	0.02099	0.16327	0.09114	0.58185	0.01804	0.00861	0.00245	0.00366	0.01521	0.00693	0.00623
22	0.01589	0.01456	0.03950	0.01587	0.11008	0.01140	0.01123	0.04201	0.01595	0.02445	0.01318	0.01556	0.01087	0.00570	0.00574	0.00130	0.00609	0.00471	0.00427	0.63162
23	0.01458	0.03760	0.70688	0.02072	0.03146	0.01688	0.02686	0.02302	0.01535	0.02302	0.01304	0.01535	0.00921	0.00691	0.00691	0.00230	0.01074	0.00537	0.00307	0.01074
24	0.00886	0.00633	0.00843	0.01012	0.01054	0.00590	0.00675	0.01012	0.01392	0.01856	0.04006	0.73979	0.04808	0.02277	0.00928	0.00295	0.00422	0.02066	0.00675	0.00590
25	0.01685	0.02175	0.12185	0.02946	0.03721	0.01820	0.59598	0.02325	0.01694	0.02325	0.01451	0.01910	0.01081	0.00622	0.00838	0.00243	0.01208	0.00820	0.00360	0.00992
26	0.01934	0.55822	0.15156	0.01446	0.02123	0.09230	0.01507	0.02268	0.01543	0.01819	0.01072	0.01243	0.00931	0.00646	0.00523	0.00171	0.00879	0.00422	0.00316	0.00949
27	0.01616	0.01268	0.01500	0.01086	0.01709	0.00966	0.00870	0.01936	0.01569	0.07283	0.03933	0.01722	0.01343	0.00599	0.00564	0.00121	0.00537	0.00485	0.00478	0.70415
28	0.07538	0.07553	0.02467	0.07638	0.09457	0.25289	0.10402	0.05055	0.01880	0.13718	0.01511	0.01692	0.01130	0.00734	0.00683	0.00210	0.01002	0.00594	0.00470	0.00974
29	0.01678	0.01424	0.01531	0.01385	0.01756	0.01620	0.01073	0.03446	0.57468	0.03020	0.14101	0.03167	0.02995	0.01070	0.00759	0.00244	0.00536	0.00904	0.00750	0.01073
30	0.01263	0.00631	0.00947	0.00947	0.00947	0.00631	0.00631	0.00947	0.00947	0.01263	0.01263	0.02210	0.01263	0.02525	0.02841	0.78851	0.00631	0.00631	0.00316	0.00316
31	0.01442	0.02924	0.47154	0.10274	0.05313	0.01616	0.06192	0.02142	0.01560	0.02264	0.05342	0.02126	0.01427	0.00812	0.00791	0.00240	0.03657	0.03375	0.00358	0.00990
32	0.04259	0.09244	0.08626	0.08415	0.31768	0.04395	0.01831	0.04171	0.01663	0.02289	0.01784	0.04966	0.01669	0.00933	0.00732	0.00234	0.00843	0.10778	0.00421	0.00980
33	0.00897	0.00645	0.00853	0.01016	0.01071	0.00602	0.00691	0.01034	0.01414	0.01873	0.04124	0.68688	0.07182	0.02250	0.00929	0.00295	0.00430	0.04736	0.00675	0.00595
34	0.01632	0.01626	0.05886	0.31888	0.28935	0.01679	0.01988	0.05916	0.06343	0.02319	0.01662	0.02073	0.03383	0.00758	0.00727	0.00231	0.00878	0.00683	0.00400	0.00993
35	0.19657	0.01570	0.02220	0.16389	0.27763	0.01711	0.03959	0.08888	0.03999	0.02736	0.01400	0.01744	0.01098	0.00709	0.00659	0.00224	0.00795	0.00604	0.02887	0.00989
36	0.01653	0.01456	0.05165	0.23974	0.14858	0.01482	0.05766	0.10603	0.01789	0.02591	0.01671	0.02081	0.01286	0.00756	0.00673	0.00214	0.00778	0.00665	0.21628	0.00913
37	0.00886	0.00633	0.00843	0.01012	0.01054	0.00590	0.00675	0.01012	0.01392	0.01856	0.04006	0.73979	0.04808	0.02277	0.00928	0.00295	0.00422	0.02066	0.00675	0.00590
38	0.01510	0.01477	0.02256	0.51126	0.17790	0.05615	0.01951	0.01952	0.01540	0.01963	0.01608	0.02132	0.04511	0.00769	0.00728	0.00234	0.00937	0.00681	0.00351	0.00869
39	0.01750	0.01797	0.05685	0.09496	0.57145	0.03885	0.02156	0.02189	0.01628	0.02285	0.01374	0.01825	0.01147	0.00848	0.03508	0.00255	0.00938	0.00642	0.00356	0.01092
40	0.62024	0.05621	0.01412	0.12981	0.02035	0.01700	0.01020	0.02092	0.01287	0.02937	0.01059	0.01307	0.00826	0.00680	0.00497	0.00224	0.00643	0.00436	0.00421	0.00799
41	0.79588	0.01406	0.01068	0.00956	0.01406	0.01631	0.00787	0.02137	0.01237	0.03261	0.01012	0.01181	0.00787	0.00675	0.00450	0.00225	0.00562	0.00394	0.00450	0.00787
42	0.01434	0.01354	0.02290	0.62945	0.14292	0.01631	0.02049	0.01911	0.01482	0.01931	0.01303	0.01918	0.00995	0.00715	0.00726	0.00238	0.00954	0.00646	0.00328	0.00857
43	0.00905	0.00734	0.00807	0.00830	0.01040	0.00636	0.00626	0.01113	0.01679	0.02083	0.14281	0.13805	0.50615	0.01855	0.00876	0.00255	0.00392	0.06154	0.00690	0.00624
44	0.01171	0.00837	0.01171	0.01339	0.01506	0.00837	0.01171	0.01506	0.01673	0.02175	0.03849	0.08199	0.04183	0.02008	0.01004	0.00335	0.00669	0.65027	0.00669	0.00669
45	0.01029	0.00743	0.00972	0.00914	0.01086	0.00686	0.00686	0.01372	0.02058	0.02915	0.69536	0.05430	0.06859	0.01486	0.00857	0.00229	0.00343	0.01315	0.00800	0.00686
46	0.02715	0.03464	0.02060	0.01873	0.02247	0.71536	0.01404	0.02903	0.02060	0.01779	0.01124	0.01311	0.00936	0.00749	0.00655	0.00187	0.01311	0.00468	0.00375	0.00843
47	0.01131	0.00766	0.01004	0.00932	0.01121	0.00703	0.00703	0.01471	0.02059	0.05991	0.66498	0.05295	0.06628	0.01459	0.00852	0.00228	0.00355	0.01288	0.00805	0.00711
48	0.79588	0.01406	0.01068	0.00956	0.01406	0.01631	0.00787	0.02137	0.01237	0.03261	0.01012	0.01181	0.00787	0.00675	0.00450	0.00225	0.00562	0.00394	0.00450	0.00787
49	0.79588	0.01406	0.01068	0.00956	0.01406	0.01631	0.00787	0.02137	0.01237	0.03261	0.01012	0.01181	0.00787	0.00675	0.00450	0.00225	0.00562	0.00394	0.00450	0.00787
50	0.02434	0.01920	0.02232	0.15104	0.07565	0.04263	0.01561	0.48626	0.02885	0.03830	0.01615	0.01771	0.01171	0.00826	0.00724	0.00222	0.00852	0.00647	0.00615	0.01138
51	0.01355	0.00678	0.00678	0.00678	0.00847	0.00678	0.00508	0.01694	0.01524	0.02710	0.02371	0.02710	0.01863	0.00847	0.00508	0.00169	0.00339	0.00678	0.78489	0.00678
52	0.01029	0.00743	0.00972	0.00914	0.01086	0.00686	0.00686	0.01372	0.02058	0.02915	0.69536	0.05430	0.06859	0.01486	0.00857	0.00229	0.00343	0.01315	0.00800	0.00686
53	0.01458	0.03760	0.70688	0.02072	0.03146	0.01688	0.02686	0.02302	0.01535	0.02302	0.01304	0.01535	0.00921	0.00691	0.00691	0.00230	0.01074	0.00537	0.00307	0.01074
54	0.02786	0.01252	0.01638	0.01235	0.01820	0.01041	0.01012	0.03079	0.01925	0.51991	0.02441	0.02212	0.01604	0.00802	0.00679	0.00193	0.00597	0.00650	0.00773	0.22271
55	0.01458	0.03760	0.70688	0.02072	0.03146	0.01688	0.02686	0.02302	0.01535	0.02302	0.01304	0.01535	0.00921	0.00691	0.00691	0.00230	0.01074	0.00537	0.00307	0.01074
56	0.02022	0.67777	0.03645	0.01293	0.01904	0.05195	0.01258	0.06379	0.01621	0.01896	0.01061	0.01208	0.00952	0.00642	0.00490	0.00161	0.00797	0.00408	0.00340	0.00949
57	0.02133	0.01788	0.04640	0.06665	0.16292	0.01831	0.01519	0.37140	0.02586	0.03463	0.02487	0.02569	0.11719	0.00959	0.00745	0.00224	0.00768	0.00784	0.00602	0.01089
58	0.04310	0.04565	0.13399	0.40459	0.03681	0.01581	0.01810	0.04904	0.03530	0.02160	0.04078	0.06661	0.01523	0.03389	0.00821	0.00254	0.00877	0.00744	0.00399	0.00855
59	0.01425	0.01344	0.02255	0.58473	0.15771	0.01596	0.01998	0.01889	0.01495	0.01948	0.01537	0.02108	0.03628	0.00756	0.00731	0.00238	0.00928	0.00680	0.00343	0.00858
60	0.01962	0.70143	0.03699	0.01286	0.01881	0.05385	0.01260	0.02191	0.01488	0.01714	0.01013	0.01184	0.00934	0.00645	0.00529	0.00161	0.02888	0.00399	0.00313	0.00926
61	0.79588	0.01406	0.01068	0.00956	0.01406	0.01631	0.00787	0.02137	0.01237	0.03261	0.01012	0.01181	0.00787	0.00675	0.00450	0.00225	0.00562	0.00394	0.00450	0.00787
62	0.06793	0.13098	0.02793	0.09175	0.42104	0.04232	0.01864	0.04677	0.01680	0.05026	0.01348	0.01682	0.01101	0.00674	0.00662	0.00209	0.00843	0.00589	0.00390	0.01062
63	0.01000	0.00727	0.00947	0.00954	0.01104	0.00673	0.00711	0.01290	0.01873	0.02594	0.48091	0.19496	0.09872	0.01703	0.00882	0.00251	0.00384	0.06029	0.00758	0.00661
64	0.00979	0.00741	0.00902	0.00862	0.01055	0.00665	0.00646	0.01275	0.01939	0.02634	0.51186	0.05892	0.25384	0.01591	0.00858	0.00234	0.00350	0.01379	0.00763	0.00665
65	0.01171	0.00837	0.01171	0.01339	0.01506	0.00837	0.01171	0.01506	0.01673	0.02175	0.03849	0.08199	0.04183	0.02008	0.01004	0.00335	0.00669	0.65027	0.00669	0.00669
66	0.01477	0.07233	0.62724	0.02025	0.03035	0.01721	0.04729	0.02266	0.01555	0.02293	0.03550	0.01659	0.01124	0.00711	0.00690	0.00227	0.01040	0.00566	0.00325	0.01051
67	0.01625	0.16822	0.52427	0.01941	0.02896	0.01895	0.05660	0.02323	0.01552	0.04580	0.01313	0.01521	0.00963	0.00681	0.00659	0.00217	0.01011	0.00533	0.00332	0.01049
68	0.01865	0.01590	0.01676	0.01491	0.01912	0.01835	0.01164	0.07648	0.64729	0.03132	0.02886	0.02655	0.02160	0.00979	0.00739	0.00245	0.00589	0.00812	0.00739	0.01156
69	0.00886	0.00633	0.00843	0.01012	0.01054	0.00590	0.00675	0.01012	0.01392	0.01856	0.04006	0.73979	0.04808	0.02277	0.00928	0.00295	0.00422	0.02066	0.00675	0.00590
70	0.01658	0.01740	0.07809	0.10992	0.50996	0.01614	0.02114	0.02117	0.01642	0.02324	0.04178	0.02353	0.01536	0.00781	0.00742	0.00228	0.00857	0.04871	0.00389	0.01060
71	0.03173	0.01218	0.01659	0.01278	0.01825	0.01053	0.01053	0.03457	0.02080	0.67764	0.05494	0.02591	0.01999	0.00923	0.00736	0.00225	0.00608	0.00754	0.00896	0.01215
72	0.01171	0.00837	0.01171	0.01339	0.01506	0.00837	0.01171	0.01506	0.01673	0.02175	0.03849	0.08199	0.04183	0.02008	0.01004	0.00335	0.00669	0.65027	0.00669	0.00669
73	0.01925	0.02041	0.05115	0.12489	0.09183	0.15835	0.01658	0.10971	0.01740	0.02237	0.01258	0.01698	0.01059	0.01188	0.05321	0.00302	0.24071	0.00612	0.00393	0.00905
74	0.04219	0.01880	0.08243	0.12024	0.23862	0.05673	0.18793	0.02144	0.01621	0.02235	0.01601	0.04517	0.01398	0.00827	0.00820	0.00241	0.03234	0.05315	0.00387	0.00964
75	0.01020	0.00743	0.00960	0.00905	0.01081	0.00682	0.00679	0.01355	0.02037	0.02866	0.66360	0.05510	0.10065	0.01504	0.00857	0.00229	0.00344	0.01326	0.00794	0.00682
76	0.01056	0.00709	0.00812	0.00812	0.00819	0.00715	0.00464	0.01069	0.01063	0.01424	0.02273	0.04660	0.02601	0.70929	0.07167	0.00728	0.00768	0.01043	0.00438	0.00451
77	0.55621	0.05869	0.08555	0.01106	0.01660	0.01612	0.01022	0.02112	0.01321	0.02942	0.01083	0.01264	0.00852	0.00654	0.00489	0.00204	0.00625	0.00414	0.00424	0.12170

[dist]
# distance from previous block
# <min> <max>
1	3

[block]
# block no. 4 follows, 28 sequences, length 11
# corresponding to MSA columns:
# 332-342
name=unknown_E
#
# <colnr> <probs for GDERKNQSTAVLIFYWHMCP>
#	G	D	E	R	K	N	Q	S	T	A	V	L	I	F	Y	W	H	M	C	P
0	0.00936	0.00671	0.00888	0.00978	0.01065	0.00624	0.00679	0.01138	0.01625	0.02226	0.26939	0.49990	0.05525	0.02000	0.00903	0.00272	0.00394	0.01803	0.00719	0.00624
1	0.01241	0.00899	0.01192	0.04615	0.01341	0.00951	0.03478	0.06358	0.01302	0.01759	0.02047	0.03787	0.02163	0.45701	0.15392	0.04871	0.00967	0.00924	0.00438	0.00574
2	0.01029	0.00743	0.00972	0.00914	0.01086	0.00686	0.00686	0.01372	0.02058	0.02915	0.69536	0.05430	0.06859	0.01486	0.00857	0.00229	0.00343	0.01315	0.00800	0.00686
3	0.00912	0.00651	0.00873	0.01042	0.01095	0.00613	0.00720	0.01057	0.01417	0.01885	0.03992	0.67984	0.04751	0.02253	0.00935	0.00299	0.00444	0.07805	0.00674	0.00598
4	0.05841	0.02403	0.02004	0.12496	0.02579	0.30046	0.01428	0.19292	0.11898	0.02753	0.01568	0.01714	0.01196	0.00808	0.00687	0.00214	0.00989	0.00590	0.00513	0.00980
5	0.00886	0.00633	0.00843	0.01012	0.01054	0.00590	0.00675	0.01012	0.01392	0.01856	0.04006	0.73979	0.04808	0.02277	0.00928	0.00295	0.00422	0.02066	0.00675	0.00590
6	0.69792	0.07119	0.01335	0.04423	0.01614	0.01727	0.00882	0.02126	0.01266	0.03073	0.01025	0.01216	0.00807	0.00673	0.00464	0.00220	0.00599	0.00405	0.00433	0.00800
7	0.02668	0.03170	0.02051	0.01824	0.02227	0.58592	0.01387	0.11203	0.06147	0.02211	0.01311	0.01449	0.01050	0.00779	0.00670	0.00195	0.01202	0.00513	0.00441	0.00911
8	0.20710	0.01345	0.01949	0.51113	0.07805	0.01625	0.01727	0.01947	0.01412	0.02233	0.01227	0.01743	0.00934	0.00709	0.00658	0.00236	0.00863	0.00584	0.00356	0.00822
9	0.06308	0.04822	0.06615	0.03500	0.41503	0.09222	0.13018	0.02315	0.01671	0.02325	0.01322	0.01701	0.01079	0.00655	0.00710	0.00217	0.00963	0.00634	0.00363	0.01056
10	0.01812	0.53926	0.12542	0.01543	0.02217	0.02503	0.08860	0.02174	0.01538	0.01913	0.04213	0.01498	0.01220	0.00669	0.00558	0.00179	0.00847	0.00503	0.00339	0.00946

[dist]
# distance from previous block
# <min> <max>
0	2

[block]
# block no. 5 follows, 28 sequences, length 8
# corresponding to MSA columns:
# 345-352
name=unknown_F
#
# <colnr> <probs for GDERKNQSTAVLIFYWHMCP>
#	G	D	E	R	K	N	Q	S	T	A	V	L	I	F	Y	W	H	M	C	P
0	0.02763	0.02036	0.02182	0.01672	0.02254	0.02254	0.01382	0.67496	0.03418	0.04581	0.01745	0.01745	0.01236	0.00873	0.00727	0.00218	0.00800	0.00654	0.00727	0.01236
1	0.02642	0.01909	0.02064	0.01617	0.02170	0.02107	0.01325	0.53204	0.13775	0.08553	0.02012	0.01947	0.01430	0.00893	0.00729	0.00223	0.00752	0.00686	0.00740	0.01223
2	0.00944	0.00710	0.00874	0.00897	0.01050	0.00640	0.00648	0.01184	0.01764	0.02367	0.34795	0.25464	0.22398	0.01804	0.00878	0.00252	0.00372	0.01586	0.00732	0.00640
3	0.03261	0.01237	0.01687	0.01293	0.01856	0.01068	0.01068	0.03543	0.02081	0.70423	0.02868	0.02474	0.01799	0.00900	0.00731	0.00225	0.00619	0.00731	0.00900	0.01237
4	0.00905	0.00662	0.00830	0.00942	0.01022	0.00610	0.00635	0.01043	0.01446	0.01899	0.08394	0.52922	0.15246	0.08443	0.01154	0.00319	0.00433	0.01847	0.00662	0.00587
