[name]
unknown

[dist]
# distance from previous block
# <min> <max>
0	0

[block]
# block no. 0 follows, 25 sequences, length 28
# corresponding to MSA columns:
# 0-27
name=unknown_A
#
# <colnr> <probs for GDERKNQSTAVLIFYWHMCP>
#	G	D	E	R	K	N	Q	S	T	A	V	L	I	F	Y	W	H	M	C	P
0	0.01249	0.00892	0.01249	0.01428	0.01606	0.00892	0.01249	0.01606	0.01785	0.02320	0.04105	0.08746	0.04462	0.02142	0.01071	0.00357	0.00714	0.62695	0.00714	0.00714
1	0.03450	0.01365	0.01828	0.01401	0.02002	0.01207	0.01157	0.07074	0.02296	0.65048	0.02995	0.02597	0.01887	0.00958	0.00780	0.00240	0.00670	0.00775	0.00950	0.01319
2	0.02900	0.03588	0.02206	0.01982	0.02398	0.64881	0.01496	0.07499	0.02300	0.02109	0.01245	0.01431	0.01021	0.00808	0.00705	0.00202	0.01360	0.00513	0.00426	0.00929
3	0.01818	0.01728	0.02936	0.15056	0.55172	0.01782	0.02295	0.02283	0.01732	0.02437	0.01560	0.02237	0.01337	0.00767	0.00782	0.00240	0.00930	0.03367	0.00392	0.01148
4	0.00978	0.00699	0.00936	0.01105	0.01168	0.00657	0.00766	0.01143	0.01543	0.02061	0.07148	0.63704	0.05170	0.02366	0.00993	0.00315	0.00469	0.07411	0.00725	0.00642
5	0.00929	0.00770	0.00813	0.00837	0.01064	0.00654	0.00614	0.01123	0.01745	0.02123	0.09974	0.16851	0.55804	0.02015	0.00927	0.00269	0.00400	0.01709	0.00726	0.00654
6	0.19077	0.02360	0.02044	0.01667	0.02209	0.16910	0.01343	0.38252	0.02831	0.03934	0.01549	0.01632	0.01146	0.00857	0.00696	0.00227	0.00918	0.00595	0.00630	0.01124
7	0.01615	0.03593	0.54755	0.02440	0.03508	0.01836	0.16423	0.02462	0.01679	0.02462	0.01430	0.01736	0.01025	0.00719	0.00776	0.00249	0.01181	0.00647	0.00342	0.01124
8	0.01196	0.00875	0.01175	0.01325	0.01517	0.00854	0.01143	0.01527	0.01782	0.02284	0.04708	0.08540	0.14606	0.02113	0.01046	0.00342	0.00662	0.52886	0.00715	0.00704
9	0.62984	0.04577	0.01370	0.03392	0.01696	0.01713	0.00922	0.02296	0.01396	0.05580	0.01186	0.01365	0.00918	0.00715	0.00509	0.00226	0.00624	0.00445	0.00484	0.07601
10	0.00945	0.00675	0.00900	0.01080	0.01125	0.00630	0.00720	0.01080	0.01484	0.01979	0.04274	0.72245	0.05128	0.02429	0.00990	0.00315	0.00450	0.02204	0.00720	0.00630
11	0.01627	0.01446	0.01772	0.01339	0.01880	0.01321	0.01085	0.01934	0.01518	0.02385	0.01301	0.01627	0.01120	0.00742	0.00997	0.00163	0.15745	0.00506	0.00434	0.61058
12	0.01931	0.01895	0.02775	0.06744	0.49721	0.06866	0.02090	0.02568	0.09466	0.02528	0.01913	0.02241	0.04203	0.00800	0.00772	0.00234	0.00902	0.00739	0.00446	0.01163
13	0.02688	0.02061	0.02432	0.08134	0.11045	0.02274	0.01648	0.51798	0.03224	0.04334	0.01768	0.01887	0.01282	0.00887	0.00775	0.00235	0.00877	0.00696	0.00688	0.01268
14	0.00916	0.00785	0.00785	0.00785	0.01047	0.00655	0.00589	0.01113	0.01767	0.02095	0.07855	0.07462	0.67599	0.01964	0.00916	0.00262	0.00393	0.01636	0.00720	0.00655
15	0.06941	0.01550	0.01905	0.01467	0.02067	0.01497	0.01212	0.19716	0.02547	0.48788	0.02652	0.02370	0.01711	0.00941	0.00764	0.00238	0.00707	0.00741	0.00889	0.01296
16	0.02765	0.03481	0.02166	0.01968	0.02338	0.63559	0.01486	0.02966	0.02109	0.01892	0.01226	0.01481	0.01039	0.01033	0.03640	0.00250	0.04795	0.00522	0.00397	0.00888
17	0.00967	0.00787	0.00856	0.00839	0.01078	0.00676	0.00629	0.01211	0.01887	0.02378	0.24518	0.06995	0.50759	0.01858	0.00916	0.00257	0.00385	0.01571	0.00757	0.00676
18	0.01128	0.00752	0.00846	0.00846	0.00846	0.00752	0.00470	0.01128	0.01128	0.01503	0.02443	0.05074	0.02819	0.72751	0.03946	0.00752	0.00752	0.01128	0.00470	0.00470
19	0.03298	0.01349	0.01790	0.01388	0.01966	0.01210	0.01141	0.06496	0.04677	0.60409	0.05692	0.02744	0.02133	0.00988	0.00785	0.00241	0.00655	0.00806	0.00941	0.01292
20	0.03479	0.01320	0.01799	0.01380	0.01979	0.01140	0.01140	0.03779	0.02219	0.68451	0.03059	0.02639	0.01919	0.00960	0.00780	0.00240	0.00660	0.00780	0.00960	0.01320
21	0.01464	0.01378	0.02326	0.70887	0.05340	0.01723	0.02153	0.01981	0.01550	0.01981	0.01378	0.02067	0.01034	0.00775	0.00775	0.00258	0.01034	0.00689	0.00345	0.00861
22	0.02900	0.03588	0.02206	0.01982	0.02398	0.64881	0.01496	0.07499	0.02300	0.02109	0.01245	0.01431	0.01021	0.00808	0.00705	0.00202	0.01360	0.00513	0.00426	0.00929
23	0.00923	0.00759	0.00812	0.00855	0.01066	0.00649	0.00620	0.01105	0.01701	0.02067	0.07009	0.22755	0.52852	0.02074	0.00934	0.00274	0.00406	0.01770	0.00720	0.00649
24	0.01449	0.01305	0.01328	0.01354	0.06128	0.05867	0.00949	0.07409	0.10849	0.02550	0.07839	0.05472	0.41414	0.01564	0.00861	0.00252	0.00570	0.01296	0.00693	0.00852
25	0.01929	0.01666	0.01753	0.01578	0.02016	0.01929	0.01227	0.04120	0.66513	0.03243	0.03156	0.02893	0.02367	0.01052	0.00789	0.00263	0.00614	0.00877	0.00789	0.01227
26	0.03479	0.01320	0.01799	0.01380	0.01979	0.01140	0.01140	0.03779	0.02219	0.68451	0.03059	0.02639	0.01919	0.00960	0.00780	0.00240	0.00660	0.00780	0.00960	0.01320
27	0.01919	0.01842	0.03147	0.04759	0.67914	0.01842	0.02380	0.02380	0.01765	0.02533	0.01458	0.01919	0.01228	0.00691	0.00768	0.00230	0.00921	0.00691	0.00384	0.01228

[dist]
# distance from previous block
# <min> <max>
0	21

[block]
# block no. 1 follows, 25 sequences, length 39
# corresponding to MSA columns:
# 49-87
name=unknown_B
#
# <colnr> <probs for GDERKNQSTAVLIFYWHMCP>
#	G	D	E	R	K	N	Q	S	T	A	V	L	I	F	Y	W	H	M	C	P
0	0.01992	0.62426	0.14147	0.01464	0.02203	0.02870	0.01567	0.02343	0.01585	0.01923	0.01127	0.01305	0.00993	0.00675	0.00535	0.00178	0.00879	0.00439	0.00331	0.01019
1	0.02971	0.01208	0.01629	0.01287	0.01802	0.01051	0.01048	0.03278	0.02197	0.54667	0.14285	0.03367	0.05409	0.01106	0.00808	0.00241	0.00599	0.00920	0.00932	0.01193
2	0.00963	0.00682	0.00894	0.01056	0.01097	0.00642	0.00695	0.01084	0.01449	0.01932	0.04092	0.65586	0.04899	0.09400	0.01283	0.00358	0.00480	0.02097	0.00695	0.00614
3	0.02947	0.02172	0.02327	0.01784	0.02404	0.02404	0.01474	0.65329	0.03646	0.04887	0.01862	0.01862	0.01319	0.00931	0.00776	0.00233	0.00853	0.00698	0.00776	0.01319
4	0.01077	0.00813	0.01131	0.01350	0.04218	0.00813	0.00933	0.01267	0.01536	0.02059	0.03965	0.54607	0.04643	0.02251	0.01068	0.00320	0.03875	0.12709	0.00686	0.00682
5	0.01929	0.01666	0.01753	0.01578	0.02016	0.01929	0.01227	0.04120	0.66513	0.03243	0.03156	0.02893	0.02367	0.01052	0.00789	0.00263	0.00614	0.00877	0.00789	0.01227
6	0.01555	0.04011	0.68733	0.02210	0.03356	0.01801	0.02865	0.02455	0.01637	0.02455	0.01391	0.01637	0.00982	0.00737	0.00737	0.00246	0.01146	0.00573	0.00327	0.01146
7	0.01115	0.00746	0.00849	0.00862	0.00865	0.00743	0.00487	0.01124	0.01152	0.01536	0.02568	0.09660	0.02977	0.67950	0.03745	0.00722	0.00731	0.01201	0.00487	0.00481
8	0.01618	0.10753	0.59525	0.02169	0.03252	0.01933	0.05458	0.02444	0.01639	0.02394	0.01368	0.01618	0.00992	0.00726	0.00721	0.00238	0.01122	0.00572	0.00331	0.01127
9	0.00945	0.00675	0.00900	0.01080	0.01125	0.00630	0.00720	0.01080	0.01484	0.01979	0.04274	0.72245	0.05128	0.02429	0.00990	0.00315	0.00450	0.02204	0.00720	0.00630
10	0.01249	0.00892	0.01249	0.01428	0.01606	0.00892	0.01249	0.01606	0.01785	0.02320	0.04105	0.08746	0.04462	0.02142	0.01071	0.00357	0.00714	0.62695	0.00714	0.00714
11	0.01580	0.03863	0.64255	0.02384	0.07764	0.01804	0.02832	0.02450	0.01646	0.02461	0.01396	0.01656	0.00999	0.00734	0.00739	0.00245	0.01131	0.00581	0.00331	0.01152
12	0.00952	0.00680	0.00906	0.01075	0.01126	0.00634	0.00720	0.01097	0.01517	0.02032	0.07204	0.69165	0.05230	0.02390	0.00986	0.00312	0.00446	0.02167	0.00726	0.00634
13	0.01084	0.00710	0.00949	0.01096	0.01172	0.00658	0.00743	0.01228	0.01525	0.05636	0.04207	0.68416	0.04952	0.02348	0.00978	0.00311	0.00461	0.02126	0.00733	0.00668
14	0.02073	0.73217	0.04063	0.01327	0.01990	0.03068	0.01327	0.02322	0.01575	0.01824	0.01078	0.01244	0.00995	0.00663	0.00498	0.00166	0.00829	0.00415	0.00332	0.00995
15	0.01098	0.00798	0.01037	0.00992	0.01178	0.00737	0.00754	0.01456	0.02154	0.03022	0.61415	0.06027	0.09789	0.01632	0.00923	0.00251	0.00386	0.04784	0.00840	0.00727
16	0.53892	0.13684	0.06343	0.01217	0.01785	0.02022	0.01113	0.07663	0.01582	0.03253	0.01167	0.01334	0.00916	0.00729	0.00525	0.00227	0.00697	0.00453	0.00470	0.00927
17	0.01127	0.00814	0.01147	0.01386	0.04470	0.00791	0.01002	0.01342	0.01593	0.02110	0.03946	0.41228	0.04519	0.02247	0.01101	0.03729	0.00584	0.25503	0.00685	0.00678
18	0.02755	0.01733	0.05337	0.02249	0.16641	0.01616	0.01555	0.12341	0.11082	0.32712	0.02468	0.02355	0.01697	0.00898	0.00776	0.00240	0.00762	0.00752	0.00753	0.01278
19	0.01556	0.11090	0.42545	0.04621	0.02965	0.01776	0.07160	0.02259	0.01735	0.02477	0.12391	0.02337	0.02057	0.00865	0.00755	0.00238	0.00988	0.00724	0.00421	0.01041
20	0.01058	0.00791	0.00981	0.00934	0.01134	0.00715	0.00700	0.01386	0.02101	0.02886	0.54360	0.06160	0.20600	0.01669	0.00915	0.00248	0.00372	0.01454	0.00824	0.00715
21	0.01941	0.01571	0.02135	0.16801	0.08259	0.01748	0.05345	0.03267	0.34051	0.09385	0.05336	0.02688	0.02085	0.00953	0.00796	0.00256	0.00765	0.00836	0.00656	0.01125
22	0.02792	0.02055	0.02216	0.01729	0.02305	0.02266	0.01415	0.60328	0.03477	0.04660	0.02049	0.07339	0.01615	0.01047	0.00792	0.00239	0.00822	0.00815	0.00771	0.01265
23	0.03479	0.01320	0.01799	0.01380	0.01979	0.01140	0.01140	0.03779	0.02219	0.68451	0.03059	0.02639	0.01919	0.00960	0.00780	0.00240	0.00660	0.00780	0.00960	0.01320
24	0.01044	0.00782	0.00977	0.01010	0.01185	0.00715	0.00764	0.01323	0.01898	0.02537	0.32211	0.19401	0.21240	0.01915	0.00951	0.00277	0.00435	0.09866	0.00776	0.00691
25	0.03178	0.01466	0.02013	0.04843	0.08674	0.01372	0.01343	0.10220	0.02299	0.52125	0.02697	0.02459	0.01747	0.00922	0.00778	0.00239	0.00723	0.00758	0.00856	0.01290
26	0.01447	0.01365	0.02038	0.07657	0.02147	0.01723	0.05805	0.01663	0.01346	0.01937	0.02083	0.22281	0.02288	0.04339	0.01886	0.00336	0.37262	0.01154	0.00458	0.00785
27	0.00944	0.00787	0.00824	0.00815	0.01064	0.00666	0.00611	0.01167	0.01833	0.02252	0.17082	0.07204	0.58274	0.01905	0.00916	0.00259	0.00389	0.01600	0.00741	0.00666
28	0.02947	0.02172	0.02327	0.01784	0.02404	0.02404	0.01474	0.65329	0.03646	0.04887	0.01862	0.01862	0.01319	0.00931	0.00776	0.00233	0.00853	0.00698	0.00776	0.01319
29	0.01724	0.03682	0.59577	0.02208	0.03289	0.01758	0.06483	0.02562	0.01695	0.07668	0.01534	0.01744	0.01068	0.00749	0.00751	0.00246	0.01117	0.00610	0.00381	0.01154
30	0.01548	0.00941	0.01145	0.04822	0.01524	0.00839	0.00840	0.01814	0.01914	0.16858	0.14501	0.05919	0.38919	0.01631	0.00884	0.00258	0.00495	0.03554	0.00770	0.00825
31	0.01850	0.01247	0.01465	0.01296	0.01656	0.01300	0.01008	0.02966	0.29033	0.14292	0.29683	0.04045	0.04332	0.01256	0.00839	0.00251	0.00519	0.01077	0.00845	0.01039
32	0.02218	0.01373	0.01472	0.01214	0.01609	0.01458	0.00975	0.28643	0.02516	0.08279	0.02285	0.02441	0.01702	0.00919	0.00657	0.00207	0.00589	0.00716	0.39714	0.01015
33	0.01608	0.01378	0.01608	0.01148	0.01837	0.01034	0.00919	0.01952	0.01608	0.02527	0.01378	0.01608	0.01148	0.00574	0.00574	0.00115	0.00574	0.00459	0.00459	0.77491
34	0.01608	0.01378	0.01608	0.01148	0.01837	0.01034	0.00919	0.01952	0.01608	0.02527	0.01378	0.01608	0.01148	0.00574	0.00574	0.00115	0.00574	0.00459	0.00459	0.77491
35	0.01250	0.00822	0.01069	0.01062	0.01217	0.00912	0.00807	0.01608	0.03865	0.02187	0.02289	0.03128	0.02031	0.08617	0.40226	0.00831	0.01376	0.00818	0.25178	0.00707
36	0.01777	0.02006	0.04353	0.03136	0.03876	0.01880	0.61214	0.02399	0.01809	0.02453	0.01732	0.06324	0.01415	0.00761	0.00920	0.00265	0.01255	0.00993	0.00412	0.01021
37	0.02198	0.01799	0.01905	0.01632	0.02119	0.02054	0.01292	0.20308	0.49887	0.03678	0.02814	0.02620	0.02090	0.01020	0.00785	0.00255	0.00677	0.00829	0.00785	0.01251
38	0.03210	0.01260	0.01713	0.01334	0.01887	0.01094	0.01094	0.03517	0.02216	0.61077	0.10332	0.02995	0.02528	0.01030	0.00795	0.00240	0.00627	0.00850	0.00948	0.01253

[dist]
# distance from previous block
# <min> <max>
0	2

[block]
# block no. 2 follows, 25 sequences, length 49
# corresponding to MSA columns:
# 94-112,124-153
name=unknown_C
#
# <colnr> <probs for GDERKNQSTAVLIFYWHMCP>
#	G	D	E	R	K	N	Q	S	T	A	V	L	I	F	Y	W	H	M	C	P
0	0.01097	0.00893	0.01385	0.15209	0.02129	0.00921	0.04495	0.01337	0.01516	0.02007	0.03546	0.54359	0.04092	0.02001	0.00943	0.00301	0.00613	0.01830	0.00627	0.00699
1	0.02521	0.01820	0.01991	0.01610	0.02106	0.01987	0.01290	0.46048	0.07973	0.06780	0.02392	0.12609	0.02051	0.03964	0.00932	0.00268	0.00763	0.00957	0.00764	0.01176
2	0.00945	0.00675	0.00900	0.01080	0.01125	0.00630	0.00720	0.01080	0.01484	0.01979	0.04274	0.72245	0.05128	0.02429	0.00990	0.00315	0.00450	0.02204	0.00720	0.00630
3	0.01112	0.00762	0.01052	0.01211	0.01305	0.00740	0.00927	0.01283	0.01552	0.02045	0.03879	0.39023	0.04439	0.02344	0.01250	0.08943	0.00581	0.26249	0.00675	0.00631
4	0.01596	0.03769	0.61411	0.02495	0.10564	0.01805	0.02811	0.02447	0.01651	0.02464	0.01399	0.01668	0.01010	0.00732	0.00740	0.00244	0.01121	0.00586	0.00334	0.01155
5	0.01821	0.02040	0.04362	0.06382	0.09166	0.01941	0.57344	0.02453	0.01813	0.02465	0.01551	0.02077	0.01174	0.00662	0.00897	0.00259	0.01265	0.00887	0.00389	0.01052
6	0.01581	0.01507	0.02496	0.49928	0.17530	0.01819	0.02148	0.02048	0.01553	0.02079	0.01354	0.01996	0.01071	0.00823	0.00971	0.00262	0.08860	0.00688	0.00352	0.00933
7	0.06684	0.01035	0.01248	0.03337	0.01494	0.01040	0.00893	0.08733	0.02112	0.06550	0.35068	0.09903	0.07470	0.06395	0.01080	0.00290	0.00526	0.04571	0.00760	0.00811
8	0.01832	0.02359	0.17042	0.09446	0.05953	0.01858	0.41159	0.02497	0.01784	0.05996	0.01592	0.02022	0.01166	0.00700	0.00854	0.00256	0.01201	0.00810	0.00405	0.01069
9	0.02590	0.03074	0.02210	0.02213	0.09485	0.48272	0.01539	0.03229	0.15401	0.02244	0.01630	0.01763	0.01306	0.00839	0.00725	0.00216	0.01184	0.00598	0.00478	0.01003
10	0.01555	0.04011	0.68733	0.02210	0.03356	0.01801	0.02865	0.02455	0.01637	0.02455	0.01391	0.01637	0.00982	0.00737	0.00737	0.00246	0.01146	0.00573	0.00327	0.01146
11	0.01958	0.02050	0.02341	0.06197	0.02412	0.16344	0.06539	0.06172	0.03767	0.02154	0.01378	0.01907	0.01207	0.01676	0.10242	0.00404	0.31259	0.00687	0.00408	0.00897
12	0.01118	0.00850	0.01156	0.01271	0.01345	0.00900	0.00962	0.01311	0.01518	0.02040	0.03793	0.44653	0.04400	0.04973	0.01300	0.00346	0.08447	0.18279	0.00666	0.00671
13	0.17596	0.01490	0.01695	0.01347	0.01905	0.01470	0.01098	0.13048	0.05657	0.31993	0.02347	0.04967	0.01681	0.00930	0.00707	0.00229	0.00658	0.00724	0.00762	0.09697
14	0.69823	0.01575	0.01272	0.01105	0.01601	0.01814	0.00910	0.09319	0.01579	0.03636	0.01167	0.01327	0.00893	0.00743	0.00513	0.00239	0.00628	0.00451	0.00513	0.00893
15	0.01633	0.01591	0.02204	0.01903	0.01903	0.02194	0.01559	0.01784	0.01181	0.01826	0.01177	0.02073	0.01219	0.09328	0.02701	0.00385	0.63451	0.00729	0.00354	0.00806
16	0.00957	0.00680	0.00896	0.01064	0.01105	0.00638	0.00703	0.01083	0.01460	0.01947	0.04148	0.67626	0.04969	0.07264	0.01193	0.00345	0.00471	0.02130	0.00703	0.00619
17	0.01710	0.01439	0.01663	0.01197	0.01881	0.01138	0.00961	0.06780	0.01763	0.02706	0.01415	0.01627	0.01161	0.00601	0.00590	0.00124	0.00595	0.00478	0.00483	0.71688
18	0.01929	0.01666	0.01753	0.01578	0.02016	0.01929	0.01227	0.04120	0.66513	0.03243	0.03156	0.02893	0.02367	0.01052	0.00789	0.00263	0.00614	0.00877	0.00789	0.01227
19	0.12463	0.01556	0.02113	0.19433	0.02816	0.01945	0.04118	0.08315	0.01613	0.02547	0.01372	0.01878	0.01127	0.01004	0.01365	0.00275	0.26667	0.00661	0.07837	0.00893
20	0.00945	0.00675	0.00900	0.01080	0.01125	0.00630	0.00720	0.01080	0.01484	0.01979	0.04274	0.72245	0.05128	0.02429	0.00990	0.00315	0.00450	0.02204	0.00720	0.00630
21	0.02028	0.02049	0.03041	0.04451	0.60599	0.09412	0.02281	0.02460	0.01814	0.02462	0.01429	0.01861	0.01203	0.00703	0.00760	0.00227	0.00974	0.00669	0.00386	0.01191
22	0.78228	0.01499	0.01140	0.01020	0.01499	0.01739	0.00840	0.02279	0.01320	0.03479	0.01080	0.01260	0.00840	0.00720	0.00480	0.00240	0.00600	0.00420	0.00480	0.00840
23	0.00945	0.00675	0.00900	0.01080	0.01125	0.00630	0.00720	0.01080	0.01484	0.01979	0.04274	0.72245	0.05128	0.02429	0.00990	0.00315	0.00450	0.02204	0.00720	0.00630
24	0.02073	0.73217	0.04063	0.01327	0.01990	0.03068	0.01327	0.02322	0.01575	0.01824	0.01078	0.01244	0.00995	0.00663	0.00498	0.00166	0.00829	0.00415	0.00332	0.00995
25	0.02413	0.10540	0.21429	0.01824	0.02528	0.14879	0.04309	0.07885	0.02037	0.17922	0.01912	0.05644	0.01466	0.00897	0.00737	0.00230	0.00991	0.00702	0.00550	0.01104
26	0.03224	0.01376	0.01792	0.01412	0.01985	0.01269	0.01154	0.03835	0.12773	0.57748	0.03075	0.02681	0.01993	0.00975	0.00781	0.00244	0.00652	0.00796	0.00932	0.01304
27	0.00945	0.00675	0.00900	0.01080	0.01125	0.00630	0.00720	0.01080	0.01484	0.01979	0.04274	0.72245	0.05128	0.02429	0.00990	0.00315	0.00450	0.02204	0.00720	0.00630
28	0.04150	0.00754	0.00754	0.00749	0.00917	0.00763	0.00543	0.01736	0.01550	0.02732	0.02466	0.03115	0.02054	0.10204	0.00981	0.00257	0.00420	0.00764	0.64396	0.00694
29	0.78228	0.01499	0.01140	0.01020	0.01499	0.01739	0.00840	0.02279	0.01320	0.03479	0.01080	0.01260	0.00840	0.00720	0.00480	0.00240	0.00600	0.00420	0.00480	0.00840
30	0.78228	0.01499	0.01140	0.01020	0.01499	0.01739	0.00840	0.02279	0.01320	0.03479	0.01080	0.01260	0.00840	0.00720	0.00480	0.00240	0.00600	0.00420	0.00480	0.00840
31	0.00927	0.00782	0.00803	0.00807	0.01056	0.00658	0.00602	0.01130	0.01780	0.02145	0.10944	0.09786	0.62014	0.01961	0.00919	0.00263	0.00393	0.01645	0.00727	0.00658
32	0.01608	0.01378	0.01608	0.01148	0.01837	0.01034	0.00919	0.01952	0.01608	0.02527	0.01378	0.01608	0.01148	0.00574	0.00574	0.00115	0.00574	0.00459	0.00459	0.77491
33	0.01325	0.01080	0.00997	0.00974	0.01019	0.08443	0.00585	0.01347	0.01247	0.01547	0.02304	0.04664	0.02616	0.64717	0.03584	0.00690	0.00824	0.01057	0.00462	0.00518
34	0.78228	0.01499	0.01140	0.01020	0.01499	0.01739	0.00840	0.02279	0.01320	0.03479	0.01080	0.01260	0.00840	0.00720	0.00480	0.00240	0.00600	0.00420	0.00480	0.00840
35	0.01226	0.00821	0.01078	0.00997	0.01203	0.00754	0.00754	0.01589	0.02196	0.06649	0.64013	0.05621	0.07024	0.01551	0.00907	0.00244	0.00382	0.01368	0.00859	0.00763
36	0.00976	0.00704	0.00925	0.01046	0.01129	0.00653	0.00717	0.01163	0.01648	0.02227	0.18011	0.55395	0.08069	0.02229	0.00971	0.00298	0.00430	0.02009	0.00749	0.00653
37	0.01929	0.01666	0.01753	0.01578	0.02016	0.01929	0.01227	0.04120	0.66513	0.03243	0.03156	0.02893	0.02367	0.01052	0.00789	0.00263	0.00614	0.00877	0.00789	0.01227
38	0.01555	0.04011	0.68733	0.02210	0.03356	0.01801	0.02865	0.02455	0.01637	0.02455	0.01391	0.01637	0.00982	0.00737	0.00737	0.00246	0.01146	0.00573	0.00327	0.01146
39	0.00962	0.00688	0.00915	0.01068	0.01128	0.00641	0.00721	0.01122	0.01564	0.02105	0.11333	0.64825	0.05372	0.02335	0.00981	0.00307	0.00440	0.02115	0.00735	0.00641
40	0.01097	0.00793	0.01036	0.00975	0.01158	0.00732	0.00732	0.01463	0.02195	0.03109	0.67505	0.05792	0.07316	0.01585	0.00914	0.00244	0.00366	0.01402	0.00854	0.00732
41	0.78228	0.01499	0.01140	0.01020	0.01499	0.01739	0.00840	0.02279	0.01320	0.03479	0.01080	0.01260	0.00840	0.00720	0.00480	0.00240	0.00600	0.00420	0.00480	0.00840
42	0.01608	0.01378	0.01608	0.01148	0.01837	0.01034	0.00919	0.01952	0.01608	0.02527	0.01378	0.01608	0.01148	0.00574	0.00574	0.00115	0.00574	0.00459	0.00459	0.77491
43	0.02919	0.01337	0.01742	0.01310	0.01937	0.01108	0.01074	0.03232	0.02036	0.48730	0.02556	0.02331	0.01689	0.00844	0.00718	0.00203	0.00634	0.00684	0.00810	0.24106
44	0.78228	0.01499	0.01140	0.01020	0.01499	0.01739	0.00840	0.02279	0.01320	0.03479	0.01080	0.01260	0.00840	0.00720	0.00480	0.00240	0.00600	0.00420	0.00480	0.00840
45	0.00971	0.00833	0.00838	0.00828	0.01100	0.00723	0.00624	0.01275	0.05266	0.02157	0.07601	0.07215	0.64075	0.01914	0.00909	0.00262	0.00405	0.01595	0.00724	0.00686
46	0.78228	0.01499	0.01140	0.01020	0.01499	0.01739	0.00840	0.02279	0.01320	0.03479	0.01080	0.01260	0.00840	0.00720	0.00480	0.00240	0.00600	0.00420	0.00480	0.00840
47	0.01919	0.01842	0.03147	0.04759	0.67914	0.01842	0.02380	0.02380	0.01765	0.02533	0.01458	0.01919	0.01228	0.00691	0.00768	0.00230	0.00921	0.00691	0.00384	0.01228
48	0.02133	0.01767	0.01868	0.01619	0.02094	0.02024	0.01277	0.16405	0.53895	0.03573	0.02896	0.02686	0.02156	0.01028	0.00786	0.00257	0.00662	0.00841	0.00786	0.01246

[dist]
# distance from previous block
# <min> <max>
0	10

[block]
# block no. 3 follows, 25 sequences, length 57
# corresponding to MSA columns:
# 164-213,215-221
name=unknown_D
#
# <colnr> <probs for GDERKNQSTAVLIFYWHMCP>
#	G	D	E	R	K	N	Q	S	T	A	V	L	I	F	Y	W	H	M	C	P
0	0.01830	0.02092	0.04575	0.03268	0.04052	0.01961	0.65098	0.02484	0.01830	0.02484	0.01569	0.02092	0.01176	0.00654	0.00915	0.00261	0.01307	0.00915	0.00392	0.01046
1	0.01118	0.00748	0.00848	0.00857	0.00860	0.00746	0.00482	0.01125	0.01146	0.01527	0.02536	0.08471	0.02936	0.69194	0.03797	0.00730	0.00736	0.01182	0.00482	0.00478
2	0.01445	0.00723	0.00723	0.00723	0.00903	0.00723	0.00542	0.01807	0.01626	0.02891	0.02529	0.02891	0.01987	0.00903	0.00542	0.00181	0.00361	0.00723	0.77055	0.00723
3	0.01000	0.00714	0.00963	0.01143	0.01212	0.00678	0.00816	0.01175	0.01539	0.02041	0.04243	0.60706	0.05007	0.02377	0.01004	0.00323	0.00498	0.13196	0.00719	0.00645
4	0.01919	0.01842	0.03147	0.04759	0.67914	0.01842	0.02380	0.02380	0.01765	0.02533	0.01458	0.01919	0.01228	0.00691	0.00768	0.00230	0.00921	0.00691	0.00384	0.01228
5	0.00958	0.00690	0.00911	0.01083	0.01145	0.00644	0.00740	0.01107	0.01512	0.02001	0.04430	0.66176	0.07965	0.02394	0.00990	0.00315	0.00460	0.05125	0.00719	0.00635
6	0.03096	0.01933	0.02179	0.01671	0.02286	0.02051	0.01380	0.48116	0.03247	0.22663	0.02196	0.02079	0.01487	0.00939	0.00777	0.00235	0.00799	0.00721	0.00827	0.01319
7	0.00962	0.00685	0.00903	0.01062	0.01111	0.00641	0.00707	0.01101	0.01500	0.02009	0.07255	0.65378	0.05110	0.06188	0.01146	0.00335	0.00462	0.02107	0.00713	0.00626
8	0.01309	0.00947	0.01159	0.01208	0.01357	0.00952	0.00857	0.12754	0.01877	0.02508	0.03835	0.59455	0.04436	0.02157	0.00951	0.00300	0.00523	0.01931	0.00730	0.00755
9	0.03479	0.01320	0.01799	0.01380	0.01979	0.01140	0.01140	0.03779	0.02219	0.68451	0.03059	0.02639	0.01919	0.00960	0.00780	0.00240	0.00660	0.00780	0.00960	0.01320
10	0.02955	0.02055	0.02242	0.01730	0.02340	0.02245	0.01426	0.55696	0.06554	0.11675	0.02054	0.01996	0.01435	0.00940	0.00777	0.00235	0.00821	0.00716	0.00796	0.01314
11	0.00978	0.00689	0.00890	0.01037	0.01074	0.00652	0.00674	0.01088	0.01420	0.01893	0.03941	0.60039	0.04709	0.15207	0.01527	0.00394	0.00505	0.02009	0.00674	0.00601
12	0.01608	0.01378	0.01608	0.01148	0.01837	0.01034	0.00919	0.01952	0.01608	0.02527	0.01378	0.01608	0.01148	0.00574	0.00574	0.00115	0.00574	0.00459	0.00459	0.77491
13	0.02292	0.01508	0.01839	0.01697	0.07414	0.01543	0.01235	0.16382	0.16108	0.17910	0.14110	0.05349	0.02856	0.01091	0.00800	0.00239	0.00649	0.00917	0.00781	0.05279
14	0.02815	0.01973	0.02058	0.05528	0.02337	0.10976	0.01376	0.26628	0.05800	0.21755	0.02131	0.02120	0.01495	0.00940	0.00851	0.00236	0.04654	0.00703	0.04446	0.01178
15	0.01204	0.00859	0.01211	0.01192	0.01331	0.01002	0.00930	0.01491	0.01314	0.02008	0.02102	0.02941	0.01896	0.04644	0.52953	0.00996	0.05640	0.00802	0.14776	0.00707
16	0.78228	0.01499	0.01140	0.01020	0.01499	0.01739	0.00840	0.02279	0.01320	0.03479	0.01080	0.01260	0.00840	0.00720	0.00480	0.00240	0.00600	0.00420	0.00480	0.00840
17	0.78228	0.01499	0.01140	0.01020	0.01499	0.01739	0.00840	0.02279	0.01320	0.03479	0.01080	0.01260	0.00840	0.00720	0.00480	0.00240	0.00600	0.00420	0.00480	0.00840
18	0.00945	0.00675	0.00900	0.01080	0.01125	0.00630	0.00720	0.01080	0.01484	0.01979	0.04274	0.72245	0.05128	0.02429	0.00990	0.00315	0.00450	0.02204	0.00720	0.00630
19	0.05892	0.57331	0.08703	0.01382	0.02037	0.05940	0.01391	0.02341	0.01599	0.02013	0.01180	0.01364	0.01035	0.00690	0.00527	0.00178	0.00846	0.00446	0.04122	0.00981
20	0.74034	0.01489	0.01177	0.01040	0.01526	0.01706	0.00857	0.02363	0.01370	0.07124	0.01191	0.01337	0.00900	0.00733	0.00497	0.00240	0.00603	0.00440	0.00507	0.00867
21	0.05934	0.01633	0.02437	0.36422	0.07070	0.01971	0.05432	0.12159	0.01833	0.02561	0.01388	0.01917	0.01083	0.00892	0.01090	0.00267	0.13838	0.00687	0.00424	0.00959
22	0.01097	0.00793	0.01036	0.00975	0.01158	0.00732	0.00732	0.01463	0.02195	0.03109	0.67505	0.05792	0.07316	0.01585	0.00914	0.00244	0.00366	0.01402	0.00854	0.00732
23	0.00939	0.00786	0.00817	0.00809	0.01061	0.00664	0.00607	0.01157	0.01821	0.02222	0.15356	0.07252	0.60018	0.01916	0.00916	0.00260	0.00389	0.01607	0.00737	0.00664
24	0.01108	0.00831	0.01246	0.01246	0.01385	0.00969	0.00969	0.01385	0.01246	0.01800	0.02077	0.03046	0.01938	0.05815	0.69678	0.01246	0.02077	0.00831	0.00415	0.00692
25	0.00916	0.00785	0.00785	0.00785	0.01047	0.00655	0.00589	0.01113	0.01767	0.02095	0.07855	0.07462	0.67599	0.01964	0.00916	0.00262	0.00393	0.01636	0.00720	0.00655
26	0.02073	0.73217	0.04063	0.01327	0.01990	0.03068	0.01327	0.02322	0.01575	0.01824	0.01078	0.01244	0.00995	0.00663	0.00498	0.00166	0.00829	0.00415	0.00332	0.00995
27	0.01308	0.00951	0.01168	0.01078	0.01320	0.00935	0.00820	0.01957	0.12469	0.05420	0.52467	0.05284	0.08801	0.01493	0.00890	0.00248	0.00417	0.01306	0.00842	0.00829
28	0.01555	0.04011	0.68733	0.02210	0.03356	0.01801	0.02865	0.02455	0.01637	0.02455	0.01391	0.01637	0.00982	0.00737	0.00737	0.00246	0.01146	0.00573	0.00327	0.01146
29	0.02972	0.02133	0.02303	0.01766	0.02385	0.02347	0.01459	0.62531	0.03581	0.07775	0.01916	0.01897	0.01346	0.00932	0.00776	0.00233	0.00844	0.00702	0.00784	0.01319
30	0.01920	0.01833	0.03072	0.04587	0.64354	0.01847	0.02317	0.02474	0.05263	0.02571	0.01550	0.01972	0.01290	0.00710	0.00769	0.00232	0.00905	0.00701	0.00406	0.01228
31	0.01128	0.00752	0.00846	0.00846	0.00846	0.00752	0.00470	0.01128	0.01128	0.01503	0.02443	0.05074	0.02819	0.72751	0.03946	0.00752	0.00752	0.01128	0.00470	0.00470
32	0.02832	0.02112	0.02296	0.04603	0.02504	0.02351	0.01488	0.59427	0.06956	0.04679	0.01912	0.01926	0.01364	0.00931	0.00776	0.00235	0.00848	0.00707	0.00759	0.01295
33	0.02947	0.02172	0.02327	0.01784	0.02404	0.02404	0.01474	0.65329	0.03646	0.04887	0.01862	0.01862	0.01319	0.00931	0.00776	0.00233	0.00853	0.00698	0.00776	0.01319
34	0.01604	0.01512	0.02512	0.50453	0.21412	0.01763	0.02168	0.02186	0.04683	0.02184	0.01483	0.02068	0.01147	0.00766	0.00774	0.00251	0.00985	0.00698	0.00376	0.00974
35	0.01464	0.01378	0.02326	0.70887	0.05340	0.01723	0.02153	0.01981	0.01550	0.01981	0.01378	0.02067	0.01034	0.00775	0.00775	0.00258	0.01034	0.00689	0.00345	0.00861
36	0.01085	0.00782	0.01049	0.01177	0.01307	0.00747	0.00913	0.01347	0.01738	0.02317	0.15865	0.33555	0.08147	0.02147	0.01003	0.00315	0.00530	0.24552	0.00742	0.00681
37	0.00918	0.00777	0.00794	0.00807	0.01053	0.00653	0.00599	0.01110	0.01747	0.02086	0.07595	0.12156	0.63073	0.01997	0.00922	0.00266	0.00397	0.01678	0.00720	0.00653
38	0.01555	0.04011	0.68733	0.02210	0.03356	0.01801	0.02865	0.02455	0.01637	0.02455	0.01391	0.01637	0.00982	0.00737	0.00737	0.00246	0.01146	0.00573	0.00327	0.01146
39	0.01012	0.00816	0.00918	0.00969	0.01207	0.00723	0.00778	0.01254	0.01772	0.02159	0.06781	0.07830	0.49523	0.02015	0.00961	0.00289	0.00485	0.19118	0.00718	0.00672
40	0.78228	0.01499	0.01140	0.01020	0.01499	0.01739	0.00840	0.02279	0.01320	0.03479	0.01080	0.01260	0.00840	0.00720	0.00480	0.00240	0.00600	0.00420	0.00480	0.00840
41	0.01825	0.01100	0.01349	0.01248	0.01519	0.01102	0.00938	0.10354	0.05938	0.15562	0.03374	0.24538	0.05797	0.12101	0.05882	0.00410	0.00718	0.04640	0.00723	0.00882
42	0.02134	0.02466	0.07982	0.11705	0.25090	0.19819	0.05550	0.05993	0.04901	0.02423	0.01465	0.01821	0.01170	0.00784	0.00819	0.00234	0.03505	0.00652	0.00417	0.01070
43	0.02947	0.02172	0.02327	0.01784	0.02404	0.02404	0.01474	0.65329	0.03646	0.04887	0.01862	0.01862	0.01319	0.00931	0.00776	0.00233	0.00853	0.00698	0.00776	0.01319
44	0.01128	0.00752	0.00846	0.00846	0.00846	0.00752	0.00470	0.01128	0.01128	0.01503	0.02443	0.05074	0.02819	0.72751	0.03946	0.00752	0.00752	0.01128	0.00470	0.00470
45	0.01608	0.01378	0.01608	0.01148	0.01837	0.01034	0.00919	0.01952	0.01608	0.02527	0.01378	0.01608	0.01148	0.00574	0.00574	0.00115	0.00574	0.00459	0.00459	0.77491
46	0.01609	0.11250	0.61968	0.02118	0.03213	0.01933	0.02704	0.02442	0.01631	0.02389	0.01359	0.01596	0.00984	0.00729	0.00712	0.00237	0.01113	0.00556	0.00328	0.01130
47	0.01164	0.00823	0.00964	0.00934	0.01178	0.00723	0.00712	0.01428	0.01925	0.06830	0.26825	0.09849	0.37114	0.01804	0.00918	0.00262	0.00421	0.04619	0.00780	0.00726
48	0.01128	0.00752	0.00846	0.00846	0.00846	0.00752	0.00470	0.01128	0.01128	0.01503	0.02443	0.05074	0.02819	0.72751	0.03946	0.00752	0.00752	0.01128	0.00470	0.00470
49	0.01675	0.01709	0.02483	0.05471	0.02387	0.05699	0.10266	0.01939	0.01366	0.01955	0.01366	0.04771	0.01305	0.01721	0.09233	0.00413	0.44233	0.00780	0.00374	0.00853
50	0.01697	0.01300	0.01729	0.05099	0.12260	0.01369	0.01328	0.05828	0.17885	0.07036	0.05438	0.19664	0.03193	0.01483	0.00880	0.00281	0.00667	0.11191	0.00690	0.00983
51	0.01805	0.02346	0.19130	0.07846	0.48626	0.01825	0.02485	0.02376	0.01722	0.02483	0.01438	0.01858	0.01157	0.00707	0.00760	0.00236	0.00982	0.00662	0.00368	0.01187
52	0.68557	0.05556	0.06195	0.01122	0.01660	0.01816	0.01013	0.02294	0.01356	0.03315	0.01102	0.01286	0.00858	0.00718	0.00499	0.00236	0.00652	0.00431	0.00461	0.00870
53	0.01235	0.00882	0.01233	0.01411	0.01584	0.00880	0.01224	0.01581	0.01771	0.02304	0.04113	0.11754	0.04494	0.02156	0.01067	0.00355	0.00701	0.59830	0.00714	0.00710
54	0.03479	0.01320	0.01799	0.01380	0.01979	0.01140	0.01140	0.03779	0.02219	0.68451	0.03059	0.02639	0.01919	0.00960	0.00780	0.00240	0.00660	0.00780	0.00960	0.01320
55	0.01832	0.02141	0.07480	0.03483	0.15460	0.01932	0.50795	0.02464	0.01809	0.02491	0.01540	0.02038	0.01176	0.00664	0.00880	0.00255	0.01230	0.00858	0.00387	0.01083
56	0.01570	0.03922	0.66062	0.02314	0.05986	0.01802	0.02845	0.02452	0.01642	0.02459	0.01394	0.01648	0.00992	0.00735	0.00738	0.00245	0.01137	0.00578	0.00330	0.01149

[dist]
# distance from previous block
# <min> <max>
0	1

[block]
# block no. 4 follows, 25 sequences, length 18
# corresponding to MSA columns:
# 223-240
name=unknown_E
#
# <colnr> <probs for GDERKNQSTAVLIFYWHMCP>
#	G	D	E	R	K	N	Q	S	T	A	V	L	I	F	Y	W	H	M	C	P
0	0.01223	0.00884	0.01213	0.01377	0.01562	0.00874	0.01197	0.01568	0.01784	0.02303	0.04401	0.08645	0.09437	0.02128	0.01059	0.00349	0.00689	0.57884	0.00714	0.00709
1	0.09330	0.01396	0.01786	0.01381	0.01972	0.01279	0.01140	0.08145	0.02252	0.58700	0.02816	0.02474	0.01790	0.00939	0.00756	0.00239	0.00669	0.00745	0.00908	0.01282
2	0.78228	0.01499	0.01140	0.01020	0.01499	0.01739	0.00840	0.02279	0.01320	0.03479	0.01080	0.01260	0.00840	0.00720	0.00480	0.00240	0.00600	0.00420	0.00480	0.00840
3	0.01464	0.01378	0.02326	0.70887	0.05340	0.01723	0.02153	0.01981	0.01550	0.01981	0.01378	0.02067	0.01034	0.00775	0.00775	0.00258	0.01034	0.00689	0.00345	0.00861
4	0.00916	0.00785	0.00785	0.00785	0.01047	0.00655	0.00589	0.01113	0.01767	0.02095	0.07855	0.07462	0.67599	0.01964	0.00916	0.00262	0.00393	0.01636	0.00720	0.00655
5	0.01116	0.00863	0.01159	0.04710	0.01475	0.00913	0.00922	0.01388	0.04429	0.02090	0.07061	0.48102	0.04421	0.05648	0.01243	0.00333	0.06103	0.06666	0.00668	0.00690
6	0.01072	0.00792	0.01001	0.00949	0.01143	0.00721	0.00712	0.01414	0.02135	0.02967	0.59161	0.06025	0.15749	0.01638	0.00915	0.00246	0.00370	0.01435	0.00835	0.00721
7	0.00974	0.00675	0.00908	0.01075	0.01116	0.00633	0.00716	0.01075	0.01450	0.01933	0.04060	0.67152	0.04853	0.02448	0.01138	0.05935	0.00466	0.02093	0.00692	0.00608
8	0.01510	0.01467	0.02605	0.62475	0.05180	0.01752	0.09984	0.02044	0.01585	0.02044	0.01402	0.02070	0.01051	0.00760	0.00793	0.00259	0.01068	0.00717	0.00350	0.00884
9	0.01608	0.01378	0.01608	0.01148	0.01837	0.01034	0.00919	0.01952	0.01608	0.02527	0.01378	0.01608	0.01148	0.00574	0.00574	0.00115	0.00574	0.00459	0.00459	0.77491
10	0.05708	0.01736	0.05308	0.01555	0.02076	0.01773	0.01291	0.06939	0.43669	0.16824	0.02884	0.02649	0.02080	0.00995	0.00770	0.00255	0.00663	0.00811	0.00785	0.01229
11	0.02947	0.02172	0.02327	0.01784	0.02404	0.02404	0.01474	0.65329	0.03646	0.04887	0.01862	0.01862	0.01319	0.00931	0.00776	0.00233	0.00853	0.00698	0.00776	0.01319
12	0.00945	0.00675	0.00900	0.01080	0.01125	0.00630	0.00720	0.01080	0.01484	0.01979	0.04274	0.72245	0.05128	0.02429	0.00990	0.00315	0.00450	0.02204	0.00720	0.00630
13	0.03042	0.02020	0.02233	0.01712	0.02329	0.02179	0.01414	0.54371	0.03392	0.16203	0.02075	0.02000	0.01426	0.00936	0.00776	0.00234	0.00819	0.00713	0.00808	0.01319
14	0.01742	0.09322	0.56477	0.02119	0.03146	0.09301	0.02597	0.02515	0.01693	0.02346	0.01346	0.01581	0.00985	0.00738	0.00714	0.00234	0.01149	0.00553	0.00336	0.01107
15	0.01128	0.00752	0.00846	0.00846	0.00846	0.00752	0.00470	0.01128	0.01128	0.01503	0.02443	0.05074	0.02819	0.72751	0.03946	0.00752	0.00752	0.01128	0.00470	0.00470
16	0.02145	0.01617	0.01760	0.01550	0.02011	0.01818	0.01215	0.04072	0.57519	0.12365	0.03142	0.02857	0.02304	0.01039	0.00788	0.00260	0.00620	0.00863	0.00813	0.01240
17	0.01668	0.14246	0.50820	0.02210	0.03237	0.02013	0.10510	0.02439	0.01652	0.02363	0.01366	0.01635	0.01009	0.00715	0.00723	0.00235	0.01118	0.00592	0.00336	0.01110

[dist]
# distance from previous block
# <min> <max>
1	50

[block]
# block no. 5 follows, 25 sequences, length 27
# corresponding to MSA columns:
# 291-317
name=unknown_F
#
# <colnr> <probs for GDERKNQSTAVLIFYWHMCP>
#	G	D	E	R	K	N	Q	S	T	A	V	L	I	F	Y	W	H	M	C	P
0	0.00939	0.00698	0.00876	0.01019	0.01109	0.00635	0.00693	0.01086	0.01543	0.02003	0.05015	0.58829	0.18065	0.02333	0.00974	0.00304	0.00438	0.02087	0.00720	0.00635
1	0.01768	0.02158	0.09345	0.02986	0.03698	0.01951	0.51481	0.02379	0.01729	0.02395	0.01520	0.02053	0.01174	0.00924	0.03660	0.00305	0.08210	0.00861	0.00383	0.01021
2	0.01769	0.02340	0.17143	0.08428	0.24414	0.01890	0.24719	0.02381	0.01721	0.02430	0.01459	0.01923	0.01135	0.00722	0.00891	0.00251	0.04164	0.00745	0.00370	0.01103
3	0.01049	0.00845	0.00908	0.00917	0.01150	0.00757	0.00675	0.05073	0.01816	0.02240	0.06632	0.22536	0.48634	0.02011	0.00925	0.00273	0.00435	0.01714	0.00723	0.00690
4	0.01919	0.01842	0.03147	0.04759	0.67914	0.01842	0.02380	0.02380	0.01765	0.02533	0.01458	0.01919	0.01228	0.00691	0.00768	0.00230	0.00921	0.00691	0.00384	0.01228
5	0.01276	0.09206	0.04997	0.01109	0.01406	0.03898	0.00927	0.01618	0.02004	0.02697	0.43230	0.09195	0.12548	0.01498	0.00854	0.00240	0.00510	0.01285	0.00725	0.00775
6	0.02597	0.01910	0.02077	0.01661	0.02180	0.02094	0.01342	0.54076	0.03267	0.04377	0.02284	0.14189	0.01986	0.01193	0.00813	0.00247	0.00783	0.00962	0.00766	0.01198
7	0.00939	0.00698	0.00876	0.01019	0.01109	0.00635	0.00693	0.01086	0.01543	0.02003	0.05015	0.58829	0.18065	0.02333	0.00974	0.00304	0.00438	0.02087	0.00720	0.00635
8	0.01010	0.00731	0.00949	0.01074	0.01108	0.00724	0.00712	0.01121	0.01405	0.01884	0.03794	0.56632	0.04523	0.15744	0.01614	0.00399	0.03374	0.01938	0.00657	0.00608
9	0.01801	0.02317	0.12486	0.03216	0.07370	0.01935	0.54007	0.02475	0.01803	0.02483	0.01541	0.02026	0.01155	0.00666	0.00885	0.00258	0.01267	0.00860	0.00384	0.01068
10	0.02319	0.02780	0.02819	0.06599	0.02915	0.36131	0.17088	0.02644	0.01876	0.02040	0.01266	0.01666	0.01048	0.00868	0.01107	0.00245	0.14638	0.00647	0.00383	0.00923
11	0.13650	0.02138	0.10320	0.06911	0.03520	0.01929	0.39858	0.04591	0.01749	0.02661	0.01449	0.01889	0.01094	0.00720	0.00886	0.00259	0.04182	0.00771	0.00407	0.01014
12	0.01097	0.00793	0.01036	0.00975	0.01158	0.00732	0.00732	0.01463	0.02195	0.03109	0.67505	0.05792	0.07316	0.01585	0.00914	0.00244	0.00366	0.01402	0.00854	0.00732
13	0.01919	0.01842	0.03147	0.04759	0.67914	0.01842	0.02380	0.02380	0.01765	0.02533	0.01458	0.01919	0.01228	0.00691	0.00768	0.00230	0.00921	0.00691	0.00384	0.01228
14	0.00968	0.00692	0.00927	0.01106	0.01162	0.00650	0.00760	0.01120	0.01508	0.02006	0.04261	0.67361	0.05077	0.02407	0.00996	0.00318	0.00470	0.06857	0.00719	0.00636
15	0.00954	0.00682	0.00908	0.01073	0.01127	0.00636	0.00720	0.01104	0.01529	0.02050	0.08212	0.68105	0.05264	0.02377	0.00985	0.00310	0.00445	0.02154	0.00728	0.00636
16	0.01013	0.00789	0.00919	0.00886	0.01106	0.00695	0.00665	0.01299	0.01994	0.02633	0.39532	0.06575	0.35586	0.01763	0.00915	0.00252	0.00378	0.01512	0.00791	0.00695
17	0.00936	0.00786	0.00812	0.00806	0.01059	0.00663	0.00604	0.01150	0.01813	0.02203	0.14230	0.07283	0.61156	0.01923	0.00916	0.00260	0.00390	0.01611	0.00734	0.00663
18	0.02073	0.73217	0.04063	0.01327	0.01990	0.03068	0.01327	0.02322	0.01575	0.01824	0.01078	0.01244	0.00995	0.00663	0.00498	0.00166	0.00829	0.00415	0.00332	0.00995
19	0.02947	0.02172	0.02327	0.01784	0.02404	0.02404	0.01474	0.65329	0.03646	0.04887	0.01862	0.01862	0.01319	0.00931	0.00776	0.00233	0.00853	0.00698	0.00776	0.01319
20	0.01249	0.00892	0.01249	0.01428	0.01606	0.00892	0.01249	0.01606	0.01785	0.02320	0.04105	0.08746	0.04462	0.02142	0.01071	0.00357	0.00714	0.62695	0.00714	0.00714
21	0.03099	0.01404	0.01788	0.01428	0.01988	0.01333	0.01161	0.03862	0.17989	0.52457	0.03083	0.02701	0.02029	0.00982	0.00782	0.00246	0.00648	0.00803	0.00918	0.01297
22	0.03479	0.01320	0.01799	0.01380	0.01979	0.01140	0.01140	0.03779	0.02219	0.68451	0.03059	0.02639	0.01919	0.00960	0.00780	0.00240	0.00660	0.00780	0.00960	0.01320
23	0.00954	0.00682	0.00908	0.01073	0.01127	0.00636	0.00720	0.01103	0.01528	0.02049	0.08181	0.68138	0.05263	0.02377	0.00985	0.00311	0.00445	0.02155	0.00728	0.00636
24	0.01153	0.00818	0.01023	0.01045	0.01214	0.00771	0.00755	0.01517	0.05860	0.04927	0.28553	0.32091	0.13513	0.01912	0.00932	0.00275	0.00429	0.01695	0.00784	0.00734
25	0.02637	0.01811	0.02012	0.01607	0.02145	0.01941	0.01300	0.41323	0.09783	0.12610	0.02405	0.09879	0.01925	0.01100	0.00794	0.00242	0.00747	0.00886	0.00783	0.04071
26	0.78228	0.01499	0.01140	0.01020	0.01499	0.01739	0.00840	0.02279	0.01320	0.03479	0.01080	0.01260	0.00840	0.00720	0.00480	0.00240	0.00600	0.00420	0.00480	0.00840

[dist]
# distance from previous block
# <min> <max>
0	22

[block]
# block no. 6 follows, 25 sequences, length 8
# corresponding to MSA columns:
# 340-347
name=unknown_G
#
# <colnr> <probs for GDERKNQSTAVLIFYWHMCP>
#	G	D	E	R	K	N	Q	S	T	A	V	L	I	F	Y	W	H	M	C	P
0	0.01473	0.03435	0.56614	0.01989	0.02962	0.01609	0.02483	0.02278	0.01737	0.02573	0.13228	0.02381	0.02116	0.00889	0.00768	0.00245	0.01006	0.00721	0.00422	0.01072
1	0.11266	0.01589	0.01740	0.01566	0.01716	0.09772	0.01248	0.01899	0.01359	0.02091	0.01475	0.02213	0.01383	0.06969	0.17742	0.00541	0.29224	0.00693	0.04729	0.00784
2	0.06586	0.11773	0.37774	0.02146	0.10434	0.01806	0.02162	0.02350	0.01714	0.05068	0.09364	0.02136	0.01803	0.00832	0.00717	0.00233	0.00932	0.00665	0.00432	0.01074
3	0.01768	0.01818	0.03533	0.02603	0.03207	0.01781	0.42577	0.04947	0.01792	0.02529	0.01739	0.06162	0.01454	0.00851	0.01022	0.00254	0.08088	0.00908	0.06000	0.06968
4	0.64485	0.01478	0.01352	0.13528	0.02187	0.01736	0.01075	0.02226	0.01361	0.03211	0.01133	0.01404	0.00874	0.00730	0.00533	0.00243	0.00677	0.00468	0.00456	0.00844
5	0.02668	0.01327	0.01693	0.01335	0.01871	0.01207	0.01083	0.03165	0.08740	0.40822	0.05862	0.02863	0.05752	0.01003	0.00830	0.00226	0.03455	0.00806	0.00812	0.14480
6	0.02048	0.01722	0.02542	0.06768	0.02757	0.01655	0.16857	0.13959	0.08584	0.07196	0.01799	0.02000	0.01350	0.00745	0.00743	0.00205	0.00846	0.00693	0.00557	0.26972
7	0.15264	0.01458	0.02216	0.50123	0.12465	0.01741	0.01946	0.02084	0.01536	0.02318	0.01335	0.01904	0.01023	0.00755	0.00721	0.00252	0.00942	0.00641	0.00374	0.00903

[dist]
# distance from previous block
# <min> <max>
0	1

[block]
# block no. 7 follows, 25 sequences, length 32
# corresponding to MSA columns:
# 349-380
name=unknown_H
#
# <colnr> <probs for GDERKNQSTAVLIFYWHMCP>
#	G	D	E	R	K	N	Q	S	T	A	V	L	I	F	Y	W	H	M	C	P
0	0.01767	0.02001	0.04313	0.03096	0.03845	0.01870	0.60638	0.02389	0.01826	0.02457	0.02003	0.02463	0.05769	0.00744	0.00915	0.00261	0.01244	0.00965	0.00415	0.01019
1	0.01864	0.01999	0.02740	0.02217	0.02469	0.10467	0.14277	0.02146	0.01468	0.02038	0.01174	0.01733	0.01056	0.01095	0.01858	0.00291	0.43945	0.00689	0.00365	0.06106
2	0.02238	0.01721	0.02446	0.01847	0.02465	0.01669	0.15231	0.19870	0.07205	0.11351	0.02090	0.06733	0.01655	0.00898	0.00774	0.00220	0.00818	0.00813	0.00636	0.19321
3	0.00945	0.00675	0.00900	0.01080	0.01125	0.00630	0.00720	0.01080	0.01484	0.01979	0.04274	0.72245	0.05128	0.02429	0.00990	0.00315	0.00450	0.02204	0.00720	0.00630
4	0.65453	0.01614	0.01341	0.01149	0.01653	0.01852	0.00947	0.12979	0.01714	0.03718	0.01212	0.01362	0.00921	0.00756	0.00530	0.00239	0.00643	0.00467	0.00530	0.00921
5	0.01347	0.00673	0.01010	0.01010	0.01010	0.00673	0.00673	0.01010	0.01010	0.01347	0.01347	0.02357	0.01347	0.02694	0.03030	0.77441	0.00673	0.00673	0.00337	0.00337
6	0.01696	0.01696	0.02375	0.02036	0.02036	0.02375	0.01696	0.01866	0.01187	0.01866	0.01018	0.01696	0.01018	0.01357	0.02545	0.00339	0.71332	0.00679	0.00339	0.00848
