[name]
unknown

[dist]
# distance from previous block
# <min> <max>
5	8

[block]
# block no. 0 follows, 29 sequences, length 31
# corresponding to MSA columns:
# 8-38
name=unknown_A
#
# <colnr> <probs for GDERKNQSTAVLIFYWHMCP>
#	G	D	E	R	K	N	Q	S	T	A	V	L	I	F	Y	W	H	M	C	P
0	0.02147	0.01936	0.01770	0.01543	0.01971	0.14938	0.01205	0.13657	0.43408	0.06010	0.02373	0.02242	0.01770	0.00902	0.00707	0.00225	0.00734	0.00711	0.00663	0.01088
1	0.01177	0.00744	0.00976	0.00955	0.01126	0.00679	0.00701	0.01438	0.01809	0.09294	0.41381	0.25695	0.08000	0.01642	0.00848	0.00244	0.00387	0.01458	0.00752	0.00695
2	0.01292	0.00938	0.01115	0.01103	0.01274	0.00952	0.00794	0.15825	0.01828	0.02444	0.07424	0.46978	0.06509	0.06716	0.01040	0.00293	0.00507	0.01589	0.00664	0.00715
3	0.02077	0.01569	0.01745	0.01572	0.04618	0.01750	0.01194	0.13406	0.48841	0.11057	0.02647	0.02451	0.01939	0.00926	0.00721	0.00234	0.00613	0.00763	0.00726	0.01150
4	0.01034	0.00685	0.00872	0.00928	0.00994	0.00659	0.00613	0.01154	0.01347	0.04374	0.11079	0.37096	0.03994	0.26068	0.05407	0.00454	0.00578	0.01500	0.00594	0.00568
5	0.07563	0.01192	0.01575	0.01225	0.01747	0.01056	0.01008	0.03262	0.01988	0.62967	0.06739	0.02523	0.02002	0.00903	0.00707	0.00221	0.00587	0.00731	0.00850	0.01154
6	0.01458	0.05675	0.65050	0.02067	0.03086	0.01697	0.06732	0.02253	0.01513	0.02240	0.01280	0.01519	0.00914	0.00670	0.00680	0.00224	0.01053	0.00542	0.00305	0.01042
7	0.01698	0.01626	0.02774	0.14947	0.60458	0.01675	0.02153	0.02129	0.01591	0.02248	0.01328	0.01783	0.01100	0.00646	0.00706	0.00215	0.00862	0.00634	0.00347	0.01076
8	0.01385	0.00719	0.00725	0.00704	0.00887	0.00728	0.00533	0.04420	0.01570	0.02731	0.02297	0.02615	0.01800	0.00831	0.00507	0.00168	0.00351	0.00663	0.75681	0.00686
9	0.01746	0.01675	0.02860	0.07148	0.67888	0.01687	0.02177	0.02171	0.01613	0.02306	0.01336	0.01768	0.01121	0.00638	0.00705	0.00213	0.00850	0.00634	0.00351	0.01114
10	0.02447	0.02760	0.01932	0.01715	0.02116	0.46077	0.01312	0.11197	0.18761	0.02389	0.01620	0.01675	0.01264	0.00806	0.00671	0.00202	0.01044	0.00567	0.00498	0.00948
11	0.00872	0.00723	0.00763	0.00753	0.00980	0.00614	0.00565	0.01081	0.01695	0.02094	0.18697	0.06573	0.58655	0.01740	0.00841	0.00237	0.00356	0.01464	0.00684	0.00614
12	0.00863	0.00639	0.00807	0.00941	0.01020	0.00583	0.00639	0.00997	0.01412	0.01837	0.04539	0.61882	0.16942	0.02151	0.00896	0.00280	0.00403	0.01927	0.00661	0.00583
13	0.02507	0.04270	0.01617	0.01227	0.01686	0.01185	0.01002	0.07245	0.08463	0.42774	0.17045	0.02964	0.02788	0.00999	0.00732	0.00220	0.00562	0.00828	0.00811	0.01076
14	0.02742	0.01938	0.02102	0.01611	0.02180	0.02124	0.01331	0.63470	0.03253	0.09311	0.01789	0.01761	0.01251	0.00857	0.00713	0.00214	0.00771	0.00647	0.00725	0.01211
15	0.02660	0.03394	0.02018	0.01834	0.02201	0.72116	0.01376	0.02843	0.02018	0.01743	0.01101	0.01284	0.00917	0.00734	0.00642	0.00183	0.01284	0.00459	0.00367	0.00825
16	0.01237	0.00618	0.00928	0.00928	0.00928	0.00618	0.00618	0.00928	0.00928	0.01237	0.01237	0.02165	0.01237	0.02474	0.02783	0.79283	0.00618	0.00618	0.00309	0.00309
17	0.01629	0.01820	0.03847	0.05703	0.06105	0.01747	0.57603	0.02184	0.01646	0.02229	0.01669	0.02121	0.04148	0.00681	0.00881	0.00241	0.03590	0.00846	0.00370	0.00938
18	0.72299	0.01360	0.01107	0.00970	0.01421	0.01542	0.00799	0.02231	0.01295	0.10000	0.01174	0.01284	0.00871	0.00683	0.00468	0.00220	0.00556	0.00419	0.00485	0.00815
19	0.01696	0.01595	0.01892	0.08347	0.02169	0.10964	0.05654	0.11645	0.06730	0.02245	0.01607	0.02096	0.01359	0.02376	0.24846	0.00542	0.12283	0.00679	0.00436	0.00840
20	0.00868	0.00620	0.00826	0.00991	0.01033	0.00578	0.00661	0.00991	0.01363	0.01818	0.03925	0.74510	0.04710	0.02231	0.00909	0.00289	0.00413	0.02024	0.00661	0.00578
21	0.02629	0.03256	0.02030	0.01824	0.02192	0.65902	0.01380	0.06635	0.02068	0.01903	0.01131	0.01317	0.00935	0.00756	0.00698	0.00189	0.03449	0.00474	0.00385	0.00847
22	0.01771	0.01530	0.01610	0.01449	0.01852	0.01771	0.01127	0.03784	0.69247	0.02979	0.02898	0.02657	0.02174	0.00966	0.00725	0.00242	0.00564	0.00805	0.00725	0.01127
23	0.00878	0.00723	0.00772	0.00760	0.00984	0.00617	0.00570	0.01093	0.01709	0.02129	0.21068	0.06515	0.56262	0.01727	0.00841	0.00237	0.00355	0.01455	0.00688	0.00617
24	0.01701	0.01615	0.02742	0.08223	0.62550	0.01633	0.02111	0.02121	0.01611	0.02285	0.01481	0.02146	0.01295	0.00719	0.00722	0.00220	0.00841	0.04537	0.00369	0.01080
25	0.02697	0.01228	0.01594	0.01223	0.01764	0.01063	0.00999	0.05085	0.03773	0.50433	0.06292	0.02394	0.01904	0.00849	0.00688	0.00199	0.00580	0.00693	0.00781	0.15760
26	0.01815	0.62017	0.16341	0.01370	0.02062	0.02600	0.01482	0.02155	0.01457	0.01784	0.01044	0.01210	0.00912	0.00622	0.00498	0.00166	0.00816	0.00408	0.00304	0.00940
27	0.02875	0.15073	0.02037	0.01260	0.01811	0.01406	0.01078	0.05347	0.01971	0.53886	0.04355	0.02243	0.01727	0.00846	0.00671	0.00208	0.00633	0.00667	0.00765	0.01141
28	0.01827	0.01935	0.05110	0.03640	0.47751	0.08426	0.10340	0.02393	0.07195	0.02316	0.01455	0.01801	0.01180	0.00668	0.00717	0.00215	0.00916	0.00654	0.00384	0.01075
29	0.62949	0.03923	0.01253	0.01008	0.01475	0.01537	0.00838	0.02352	0.01374	0.15803	0.01331	0.01393	0.00961	0.00700	0.00493	0.00218	0.00568	0.00447	0.00518	0.00858
30	0.02707	0.01995	0.02137	0.01638	0.02208	0.02208	0.01353	0.68159	0.03348	0.04488	0.01710	0.01710	0.01211	0.00855	0.00712	0.00214	0.00784	0.00641	0.00712	0.01211

[dist]
# distance from previous block
# <min> <max>
0	2

[block]
# block no. 1 follows, 29 sequences, length 106
# corresponding to MSA columns:
# 41-146
name=unknown_B
#
# <colnr> <probs for GDERKNQSTAVLIFYWHMCP>
#	G	D	E	R	K	N	Q	S	T	A	V	L	I	F	Y	W	H	M	C	P
0	0.01714	0.26847	0.18919	0.01422	0.02014	0.12072	0.01441	0.05812	0.01706	0.02075	0.04812	0.02503	0.14112	0.00912	0.00637	0.00197	0.00818	0.00685	0.00420	0.00884
1	0.00843	0.00717	0.00726	0.00733	0.00965	0.00600	0.00546	0.01021	0.01612	0.01919	0.07072	0.09760	0.67428	0.01822	0.00844	0.00243	0.00363	0.01525	0.00661	0.00600
2	0.01245	0.01081	0.01548	0.01422	0.01499	0.01404	0.01147	0.01462	0.01134	0.01709	0.01528	0.02293	0.01440	0.03546	0.41721	0.00777	0.30819	0.00703	0.02828	0.00694
3	0.01923	0.01603	0.01722	0.03933	0.02019	0.01842	0.01196	0.15153	0.55225	0.03207	0.02631	0.02463	0.01961	0.00938	0.00722	0.00236	0.00616	0.00770	0.00708	0.01131
4	0.02707	0.01995	0.02137	0.01638	0.02208	0.02208	0.01353	0.68159	0.03348	0.04488	0.01710	0.01710	0.01211	0.00855	0.00712	0.00214	0.00784	0.00641	0.00712	0.01211
5	0.01745	0.01674	0.02858	0.07283	0.67759	0.01687	0.02177	0.02170	0.01613	0.02305	0.01336	0.01768	0.01120	0.00638	0.00705	0.00213	0.00850	0.00634	0.00351	0.01114
6	0.00986	0.00727	0.00921	0.00873	0.01050	0.00663	0.00655	0.01301	0.01964	0.02733	0.61874	0.05521	0.15079	0.01501	0.00840	0.00226	0.00339	0.01316	0.00768	0.00663
7	0.01760	0.01734	0.02743	0.13093	0.58194	0.05689	0.02112	0.02176	0.01619	0.02228	0.01316	0.01753	0.01093	0.00650	0.00702	0.00213	0.00884	0.00624	0.00349	0.01067
8	0.01017	0.00763	0.01144	0.01144	0.01272	0.00890	0.00890	0.01272	0.01144	0.01653	0.01907	0.02797	0.01780	0.05340	0.72153	0.01144	0.01907	0.00763	0.00381	0.00636
9	0.00953	0.00718	0.00850	0.00885	0.01035	0.00658	0.00652	0.01146	0.01566	0.02024	0.17221	0.15459	0.28678	0.13970	0.01333	0.00331	0.00461	0.10824	0.00645	0.00591
10	0.00980	0.00699	0.00890	0.00949	0.01082	0.00651	0.00706	0.01225	0.01666	0.02287	0.27230	0.28943	0.12845	0.01786	0.00861	0.00258	0.00408	0.10191	0.05715	0.00629
11	0.01526	0.01443	0.02441	0.35842	0.36937	0.01586	0.02014	0.01958	0.01518	0.02068	0.01434	0.05442	0.01224	0.00749	0.00718	0.00227	0.00872	0.00703	0.00351	0.00946
12	0.05413	0.01431	0.02365	0.43833	0.29339	0.01624	0.01995	0.01970	0.01487	0.02078	0.01280	0.01811	0.01007	0.00680	0.00696	0.00227	0.00891	0.00621	0.00336	0.00916
13	0.80005	0.01377	0.01047	0.00936	0.01377	0.01597	0.00771	0.02093	0.01212	0.03195	0.00991	0.01157	0.00771	0.00661	0.00441	0.00220	0.00551	0.00386	0.00441	0.00771
14	0.01712	0.01697	0.02827	0.15468	0.49763	0.04164	0.07698	0.02143	0.01593	0.02202	0.01316	0.01776	0.01082	0.00664	0.00760	0.00220	0.02884	0.00645	0.00347	0.01038
15	0.01477	0.01266	0.01477	0.01055	0.01687	0.00949	0.00844	0.01793	0.01477	0.02320	0.01266	0.01477	0.01055	0.00527	0.00527	0.00105	0.00527	0.00422	0.00422	0.79328
16	0.01013	0.00755	0.01121	0.01127	0.01247	0.00873	0.00867	0.01254	0.01148	0.01650	0.01989	0.05372	0.01910	0.07547	0.67379	0.01099	0.01814	0.00816	0.00393	0.00627
17	0.00855	0.00688	0.00763	0.00816	0.00988	0.00596	0.00585	0.01022	0.01550	0.01918	0.08106	0.29063	0.46691	0.01933	0.00864	0.00256	0.00377	0.01668	0.00665	0.00596
18	0.01237	0.00618	0.00928	0.00928	0.00928	0.00618	0.00618	0.00928	0.00928	0.01237	0.01237	0.02165	0.01237	0.02474	0.02783	0.79283	0.00618	0.00618	0.00309	0.00309
19	0.00985	0.00723	0.00923	0.00881	0.01052	0.00661	0.00658	0.01297	0.01950	0.02719	0.61096	0.08013	0.13345	0.01521	0.00843	0.00228	0.00341	0.01337	0.00766	0.00661
20	0.01530	0.01264	0.01482	0.01061	0.01692	0.00952	0.00850	0.01846	0.01494	0.04476	0.01314	0.01506	0.01077	0.00538	0.00533	0.00109	0.00530	0.00431	0.00436	0.76877
21	0.01423	0.05511	0.66473	0.01960	0.02962	0.01644	0.02510	0.02213	0.01523	0.02265	0.04181	0.01655	0.01148	0.00708	0.00677	0.00223	0.01014	0.00554	0.00321	0.01032
22	0.02219	0.05059	0.04505	0.02762	0.28611	0.24736	0.01722	0.14726	0.02045	0.02494	0.01302	0.01559	0.01054	0.00730	0.00733	0.00205	0.03531	0.00566	0.00420	0.01023
23	0.01714	0.46778	0.30695	0.01542	0.02328	0.02353	0.01782	0.02181	0.01469	0.01907	0.01105	0.01286	0.00909	0.00636	0.00545	0.00182	0.00878	0.00439	0.00303	0.00969
24	0.01156	0.00869	0.01098	0.01101	0.01321	0.00799	0.00853	0.04142	0.01569	0.02142	0.06153	0.29262	0.05807	0.05569	0.00989	0.00280	0.00531	0.20392	0.00610	0.15358
25	0.01558	0.01558	0.02181	0.01869	0.01869	0.02181	0.01558	0.01714	0.01091	0.01714	0.00935	0.01558	0.00935	0.01246	0.02337	0.00312	0.73672	0.00623	0.00312	0.00779
26	0.02660	0.03394	0.02018	0.01834	0.02201	0.72116	0.01376	0.02843	0.02018	0.01743	0.01101	0.01284	0.00917	0.00734	0.00642	0.00183	0.01284	0.00459	0.00367	0.00825
27	0.01016	0.00733	0.00964	0.00921	0.01089	0.00681	0.00701	0.01352	0.01993	0.02811	0.66108	0.05484	0.06559	0.01487	0.00849	0.00230	0.00355	0.05219	0.00776	0.00671
28	0.02660	0.03394	0.02018	0.01834	0.02201	0.72116	0.01376	0.02843	0.02018	0.01743	0.01101	0.01284	0.00917	0.00734	0.00642	0.00183	0.01284	0.00459	0.00367	0.00825
29	0.01498	0.01284	0.01354	0.01244	0.01590	0.01421	0.00959	0.02963	0.48908	0.02690	0.06246	0.05890	0.18525	0.01219	0.00762	0.00242	0.00503	0.01023	0.00710	0.00971
30	0.00967	0.00753	0.00899	0.00957	0.01155	0.00684	0.00772	0.01213	0.01659	0.02088	0.12294	0.09587	0.38111	0.01841	0.00894	0.00271	0.00464	0.24094	0.00672	0.00627
31	0.00903	0.00717	0.00767	0.00758	0.00943	0.00629	0.00540	0.01074	0.01573	0.01964	0.15893	0.06208	0.47888	0.15440	0.01362	0.00322	0.00419	0.01383	0.00637	0.00580
32	0.01904	0.75404	0.03731	0.01218	0.01828	0.02818	0.01218	0.02132	0.01447	0.01675	0.00990	0.01142	0.00914	0.00609	0.00457	0.00152	0.00761	0.00381	0.00305	0.00914
33	0.01428	0.03683	0.71286	0.02030	0.03082	0.01654	0.02631	0.02255	0.01503	0.02255	0.01278	0.01503	0.00902	0.00677	0.00677	0.00226	0.01052	0.00526	0.00301	0.01052
34	0.01345	0.01266	0.02136	0.73264	0.04904	0.01582	0.01978	0.01819	0.01424	0.01819	0.01266	0.01898	0.00949	0.00712	0.00712	0.00237	0.00949	0.00633	0.00316	0.00791
35	0.66197	0.01454	0.01221	0.01046	0.01509	0.01658	0.00862	0.11178	0.01539	0.06239	0.01166	0.01286	0.00873	0.00697	0.00489	0.00219	0.00585	0.00434	0.00496	0.00850
36	0.02707	0.01995	0.02137	0.01638	0.02208	0.02208	0.01353	0.68159	0.03348	0.04488	0.01710	0.01710	0.01211	0.00855	0.00712	0.00214	0.00784	0.00641	0.00712	0.01211
37	0.00996	0.00674	0.00788	0.00827	0.00836	0.00664	0.00485	0.01025	0.01112	0.01482	0.02634	0.20891	0.03082	0.58072	0.02993	0.00597	0.00626	0.01265	0.00485	0.00466
38	0.02990	0.01472	0.01805	0.01392	0.01943	0.01442	0.01147	0.24090	0.04791	0.47464	0.02462	0.02204	0.01601	0.00876	0.00715	0.00219	0.00661	0.00695	0.00822	0.01209
39	0.00977	0.00727	0.00909	0.00863	0.01045	0.00659	0.00647	0.01284	0.01942	0.02681	0.58395	0.05606	0.18590	0.01521	0.00840	0.00227	0.00341	0.01328	0.00761	0.00659
40	0.02795	0.01369	0.01691	0.01349	0.01866	0.01343	0.01098	0.10108	0.18707	0.47535	0.02720	0.02409	0.01808	0.00899	0.00718	0.00225	0.00614	0.00730	0.00826	0.01191
41	0.02315	0.01844	0.02045	0.04662	0.02177	0.04468	0.01368	0.43826	0.06825	0.03589	0.01625	0.01774	0.01225	0.00924	0.01005	0.00232	0.14411	0.00642	0.03971	0.01070
42	0.01477	0.01266	0.01477	0.01055	0.01687	0.00949	0.00844	0.01793	0.01477	0.02320	0.01266	0.01477	0.01055	0.00527	0.00527	0.00105	0.00527	0.00422	0.00422	0.79328
43	0.01050	0.00740	0.00903	0.00909	0.00994	0.00769	0.00620	0.01233	0.03442	0.01663	0.02757	0.06871	0.08802	0.38465	0.20950	0.00699	0.00945	0.03047	0.04591	0.00549
44	0.01477	0.01266	0.01477	0.01055	0.01687	0.00949	0.00844	0.01793	0.01477	0.02320	0.01266	0.01477	0.01055	0.00527	0.00527	0.00105	0.00527	0.00422	0.00422	0.79328
45	0.69482	0.01338	0.01130	0.04754	0.01570	0.01537	0.00843	0.02109	0.01255	0.06432	0.01104	0.01292	0.00845	0.00734	0.00545	0.02800	0.00577	0.00423	0.00452	0.00779
46	0.01514	0.01292	0.01541	0.05480	0.01903	0.01034	0.00932	0.04228	0.01542	0.02369	0.01282	0.01511	0.01054	0.00551	0.00545	0.00117	0.00562	0.00443	0.00426	0.71674
47	0.00868	0.00620	0.00826	0.00991	0.01033	0.00578	0.00661	0.00991	0.01363	0.01818	0.03925	0.74510	0.04710	0.02231	0.00909	0.00289	0.00413	0.02024	0.00661	0.00578
48	0.14164	0.01271	0.01536	0.01216	0.01723	0.01202	0.00993	0.07863	0.03969	0.45141	0.05022	0.04389	0.01825	0.00890	0.00675	0.00216	0.00589	0.00708	0.00761	0.05850
49	0.04866	0.02030	0.02034	0.03515	0.06828	0.18730	0.03892	0.22140	0.02309	0.17936	0.03569	0.01849	0.01372	0.00796	0.00686	0.00204	0.00858	0.00619	0.00596	0.05170
50	0.00891	0.00639	0.00804	0.00931	0.01001	0.00591	0.00626	0.01023	0.01382	0.01836	0.04190	0.58867	0.12971	0.06543	0.01050	0.00303	0.00420	0.01847	0.03511	0.00576
51	0.00893	0.00631	0.00819	0.00958	0.00993	0.00596	0.00626	0.00998	0.01313	0.01750	0.03665	0.63720	0.04382	0.13468	0.01328	0.00351	0.00456	0.01872	0.00626	0.00556
52	0.04016	0.01625	0.02578	0.20468	0.45838	0.03916	0.02024	0.02083	0.01537	0.02170	0.01276	0.01747	0.01054	0.00700	0.00811	0.00224	0.05967	0.00620	0.00344	0.01003
53	0.02609	0.01968	0.02064	0.01611	0.02146	0.04403	0.01318	0.62498	0.03200	0.04258	0.01806	0.05522	0.01385	0.00923	0.00720	0.00217	0.00780	0.00708	0.00698	0.01165
54	0.00922	0.00734	0.00873	0.03278	0.01205	0.00669	0.00731	0.01126	0.01559	0.01934	0.05599	0.22758	0.40153	0.01898	0.00880	0.00268	0.00448	0.13704	0.00649	0.00612
55	0.16490	0.01960	0.08073	0.05835	0.39486	0.08450	0.01831	0.05503	0.01651	0.02515	0.01262	0.01584	0.01019	0.00666	0.00648	0.00213	0.00851	0.00562	0.00383	0.01017
56	0.01762	0.01692	0.02890	0.04371	0.70533	0.01692	0.02185	0.02185	0.01621	0.02326	0.01339	0.01762	0.01128	0.00634	0.00705	0.00211	0.00846	0.00634	0.00352	0.01128
57	0.00967	0.00698	0.00896	0.01000	0.01083	0.00657	0.00678	0.03327	0.01437	0.01935	0.05827	0.62929	0.04396	0.06415	0.01047	0.00302	0.00444	0.01835	0.00644	0.03482
58	0.01477	0.01266	0.01477	0.01055	0.01687	0.00949	0.00844	0.01793	0.01477	0.02320	0.01266	0.01477	0.01055	0.00527	0.00527	0.00105	0.00527	0.00422	0.00422	0.79328
59	0.02586	0.08920	0.07248	0.01378	0.01940	0.09982	0.01209	0.05075	0.04167	0.38019	0.04505	0.02096	0.01621	0.00814	0.00668	0.00201	0.00727	0.00634	0.00666	0.07547
60	0.01345	0.01266	0.02136	0.73264	0.04904	0.01582	0.01978	0.01819	0.01424	0.01819	0.01266	0.01898	0.00949	0.00712	0.00712	0.00237	0.00949	0.00633	0.00316	0.00791
61	0.00963	0.00726	0.00889	0.00848	0.01036	0.00653	0.00636	0.01256	0.01909	0.02602	0.53012	0.05737	0.24023	0.01550	0.00840	0.00228	0.00343	0.01346	0.00750	0.00653
62	0.03171	0.01251	0.01677	0.01285	0.01837	0.01104	0.01062	0.06687	0.02103	0.67718	0.02755	0.02388	0.01735	0.00880	0.00716	0.00220	0.00615	0.00712	0.00873	0.01212
63	0.00889	0.00635	0.00814	0.00948	0.00994	0.00595	0.00623	0.00999	0.01332	0.01763	0.03865	0.61295	0.07861	0.12267	0.01281	0.00342	0.00449	0.01860	0.00629	0.00559
64	0.01629	0.01312	0.01449	0.01318	0.01658	0.01444	0.01043	0.12235	0.35097	0.02954	0.11810	0.06900	0.07779	0.01248	0.00785	0.00248	0.00557	0.08857	0.00715	0.00963
65	0.80005	0.01377	0.01047	0.00936	0.01377	0.01597	0.00771	0.02093	0.01212	0.03195	0.00991	0.01157	0.00771	0.00661	0.00441	0.00220	0.00551	0.00386	0.00441	0.00771
66	0.01754	0.43512	0.30312	0.01569	0.02341	0.05804	0.01784	0.02216	0.01498	0.01907	0.01109	0.01292	0.00909	0.00642	0.00553	0.00183	0.00902	0.00442	0.00306	0.00964
67	0.01012	0.00771	0.00937	0.00902	0.01099	0.00717	0.00687	0.01392	0.05241	0.02590	0.47569	0.05713	0.22240	0.01545	0.00842	0.00234	0.00370	0.04720	0.00743	0.00676
68	0.01099	0.00989	0.06529	0.01024	0.01263	0.00790	0.00839	0.01469	0.05210	0.04560	0.23017	0.24414	0.16291	0.01768	0.03836	0.00283	0.00507	0.01381	0.04030	0.00703
69	0.01479	0.01279	0.01544	0.07696	0.01991	0.01048	0.00962	0.01894	0.04842	0.02307	0.01347	0.01574	0.01101	0.00566	0.00554	0.00124	0.00568	0.00460	0.00427	0.68238
70	0.00899	0.00644	0.00854	0.00970	0.01040	0.00599	0.00663	0.01070	0.01508	0.02048	0.18637	0.59141	0.05156	0.02059	0.00894	0.00275	0.00396	0.01861	0.00688	0.00599
71	0.04618	0.01836	0.07024	0.06707	0.52665	0.03855	0.03844	0.02296	0.05934	0.02355	0.01415	0.01776	0.01152	0.00665	0.00697	0.00216	0.00857	0.00630	0.00375	0.01082
72	0.01872	0.38837	0.26537	0.01570	0.02319	0.04364	0.01724	0.11159	0.01741	0.02257	0.01189	0.01347	0.00950	0.00669	0.00572	0.00187	0.00879	0.00468	0.00360	0.00999
73	0.07371	0.10855	0.34663	0.02527	0.21892	0.01775	0.04285	0.02252	0.01533	0.04626	0.01300	0.01556	0.00993	0.00660	0.00649	0.00213	0.00914	0.00547	0.00348	0.01040
74	0.01658	0.01575	0.02674	0.17129	0.55287	0.01634	0.02102	0.02086	0.01585	0.02223	0.01430	0.02057	0.01222	0.00706	0.00718	0.00221	0.00857	0.03432	0.00359	0.01045
75	0.02356	0.01056	0.01388	0.01126	0.01542	0.00937	0.00906	0.04612	0.02036	0.43701	0.22330	0.03605	0.09006	0.01123	0.00762	0.00223	0.00513	0.00944	0.00830	0.01006
76	0.01678	0.07053	0.13769	0.16944	0.15488	0.07097	0.23430	0.02200	0.01601	0.02111	0.01306	0.01723	0.01011	0.00651	0.00725	0.00222	0.01041	0.00654	0.00338	0.00957
77	0.02012	0.05165	0.01596	0.01278	0.01630	0.01363	0.01001	0.25232	0.02186	0.15689	0.02733	0.29545	0.02665	0.03388	0.00853	0.00253	0.00606	0.01177	0.00695	0.00934
78	0.02357	0.01060	0.01412	0.01146	0.01576	0.00914	0.00913	0.02631	0.01904	0.43821	0.15384	0.10959	0.02952	0.01106	0.00742	0.00218	0.00526	0.00941	0.00794	0.08643
79	0.04508	0.01790	0.06154	0.06066	0.04454	0.12213	0.01302	0.05096	0.18656	0.21716	0.05832	0.02527	0.01923	0.00917	0.00714	0.00226	0.00749	0.03491	0.00640	0.01027
80	0.04936	0.05401	0.48870	0.02458	0.17575	0.04165	0.02366	0.02250	0.01533	0.02275	0.01264	0.01526	0.00946	0.00667	0.00664	0.00218	0.00985	0.00537	0.00320	0.01044
81	0.01935	0.01472	0.01819	0.05502	0.09638	0.01618	0.01274	0.32367	0.03965	0.03218	0.06139	0.02281	0.01729	0.01859	0.16575	0.00420	0.00986	0.00714	0.05508	0.00981
82	0.00897	0.00648	0.00849	0.00959	0.01037	0.00600	0.00658	0.01070	0.01518	0.02050	0.18618	0.56401	0.07967	0.02042	0.00891	0.00273	0.00394	0.01840	0.00688	0.00600
83	0.01591	0.01973	0.15563	0.19940	0.36572	0.01680	0.05973	0.02103	0.01540	0.02173	0.01304	0.01749	0.01035	0.00677	0.00759	0.00225	0.03169	0.00625	0.00334	0.01014
84	0.01546	0.07323	0.64059	0.01947	0.02949	0.01683	0.02473	0.02313	0.01529	0.05855	0.01344	0.01533	0.00948	0.00684	0.00667	0.00221	0.01014	0.00529	0.00332	0.01053
85	0.01595	0.00908	0.01181	0.01079	0.01352	0.00853	0.00856	0.02018	0.06548	0.19050	0.35801	0.07129	0.06854	0.01393	0.00825	0.00242	0.00465	0.10249	0.00777	0.00825
86	0.00886	0.00731	0.00786	0.00809	0.01031	0.00630	0.00624	0.01089	0.01633	0.01982	0.09143	0.08960	0.57708	0.01823	0.00861	0.00252	0.00397	0.09381	0.00665	0.00610
87	0.01455	0.01320	0.02253	0.01879	0.04284	0.01292	0.23858	0.10237	0.03808	0.02440	0.06183	0.27089	0.05311	0.01342	0.00846	0.00255	0.00752	0.03998	0.00563	0.00833
88	0.02465	0.01762	0.01901	0.01492	0.01983	0.01933	0.01208	0.53209	0.06471	0.06641	0.01891	0.02087	0.01431	0.07201	0.00952	0.00254	0.00735	0.00687	0.04585	0.01113
89	0.01412	0.03570	0.68556	0.01995	0.03011	0.01624	0.02563	0.02217	0.01489	0.02232	0.01302	0.01554	0.00936	0.00858	0.03458	0.00261	0.01086	0.00535	0.00304	0.01036
90	0.01549	0.01737	0.09482	0.15057	0.03374	0.01534	0.35207	0.02086	0.01636	0.04713	0.04038	0.02938	0.01709	0.00874	0.00819	0.00250	0.01009	0.10671	0.00425	0.00892
91	0.01771	0.01826	0.09415	0.24087	0.29862	0.01751	0.04206	0.13859	0.01861	0.02553	0.01381	0.01773	0.01065	0.00700	0.00710	0.00222	0.00898	0.00631	0.00401	0.01029
92	0.06532	0.01242	0.04454	0.01264	0.01756	0.01046	0.01088	0.02954	0.01922	0.51389	0.07214	0.03234	0.02304	0.01039	0.00743	0.00235	0.00611	0.09099	0.00799	0.01076
93	0.00954	0.00777	0.00836	0.00839	0.01054	0.00707	0.00630	0.01261	0.06113	0.02022	0.10136	0.08761	0.49006	0.07566	0.01068	0.00284	0.00423	0.06279	0.00655	0.00631
94	0.04709	0.04915	0.12285	0.04624	0.18584	0.09923	0.01701	0.25821	0.02241	0.02994	0.01657	0.01828	0.03997	0.00783	0.00684	0.00211	0.00874	0.00620	0.00488	0.01059
95	0.01654	0.09423	0.45477	0.02373	0.14944	0.05452	0.04268	0.02300	0.01568	0.04248	0.01305	0.01547	0.00975	0.00670	0.00667	0.00215	0.00993	0.00544	0.00333	0.01044
96	0.01680	0.01206	0.01318	0.01132	0.01368	0.01301	0.00817	0.24822	0.06436	0.02625	0.02092	0.03375	0.02031	0.39727	0.04317	0.00490	0.00739	0.00862	0.02895	0.00765
97	0.06430	0.01743	0.01858	0.01453	0.01989	0.01872	0.01185	0.43967	0.11236	0.03831	0.01777	0.01800	0.01308	0.00808	0.00664	0.00199	0.00688	0.00616	0.03517	0.13058
98	0.01360	0.01234	0.01332	0.01277	0.01464	0.11947	0.00989	0.05045	0.01395	0.01816	0.01772	0.02507	0.01617	0.04393	0.57352	0.00947	0.01752	0.00710	0.00397	0.00695
99	0.02293	0.01656	0.01809	0.01491	0.01965	0.01828	0.01195	0.32465	0.29021	0.10780	0.02410	0.06000	0.01832	0.00974	0.00728	0.00229	0.00659	0.00787	0.00732	0.01145
100	0.01008	0.00728	0.00952	0.00896	0.01064	0.00672	0.00672	0.01344	0.02016	0.02855	0.70158	0.05319	0.06719	0.01456	0.00840	0.00224	0.00336	0.01288	0.00784	0.00672
101	0.02214	0.01650	0.01891	0.11140	0.02347	0.01833	0.01303	0.47094	0.02736	0.03689	0.01967	0.11155	0.01658	0.01011	0.00726	0.00224	0.00734	0.00819	0.04764	0.01044
102	0.51587	0.01678	0.01441	0.01205	0.01682	0.05512	0.00986	0.22932	0.01927	0.03525	0.01223	0.01338	0.00917	0.00726	0.00537	0.00216	0.00663	0.00470	0.00522	0.00912
103	0.00922	0.00725	0.00833	0.00806	0.01011	0.00636	0.00605	0.01178	0.01814	0.02377	0.37826	0.06107	0.39350	0.01634	0.00841	0.00232	0.00349	0.01398	0.00721	0.00636
104	0.00876	0.00623	0.00824	0.00980	0.01019	0.00584	0.00649	0.00994	0.01346	0.01795	0.03836	0.70839	0.04598	0.06055	0.01052	0.00310	0.00428	0.01972	0.00649	0.00571
105	0.02646	0.02299	0.02150	0.01827	0.05813	0.18171	0.01402	0.49737	0.02953	0.03746	0.01551	0.01615	0.01139	0.00815	0.00696	0.00207	0.00901	0.00599	0.00614	0.01118

[dist]
# distance from previous block
# <min> <max>
3	4

[block]
# block no. 2 follows, 29 sequences, length 15
# corresponding to MSA columns:
# 151-165
name=unknown_C
#
# <colnr> <probs for GDERKNQSTAVLIFYWHMCP>
#	G	D	E	R	K	N	Q	S	T	A	V	L	I	F	Y	W	H	M	C	P
0	0.15235	0.01473	0.03624	0.03702	0.06539	0.04806	0.01160	0.18454	0.01992	0.02873	0.05497	0.05039	0.10779	0.03415	0.00822	0.00254	0.00680	0.12221	0.00576	0.00858
1	0.01751	0.01210	0.01496	0.07750	0.01845	0.01341	0.01070	0.17874	0.06898	0.08651	0.05101	0.06406	0.01976	0.04992	0.15567	0.00432	0.03935	0.00806	0.10026	0.00874
2	0.02049	0.01451	0.01612	0.01392	0.01836	0.01581	0.01096	0.03618	0.52002	0.16921	0.02797	0.02549	0.02032	0.00926	0.00713	0.00230	0.00570	0.00767	0.00741	0.05116
3	0.02369	0.01727	0.01864	0.01483	0.01963	0.01906	0.01207	0.52395	0.06703	0.03993	0.01955	0.05589	0.01522	0.01081	0.03129	0.00246	0.00747	0.00727	0.08292	0.01101
4	0.01339	0.01231	0.02070	0.69356	0.04689	0.01530	0.01904	0.01771	0.01397	0.01788	0.01264	0.01913	0.00965	0.00807	0.00824	0.04508	0.00931	0.00632	0.00316	0.00765
5	0.10355	0.01537	0.01585	0.03383	0.01801	0.03692	0.01058	0.35123	0.02444	0.07483	0.02073	0.02151	0.04648	0.00868	0.00639	0.00205	0.00644	0.00660	0.18665	0.00986
6	0.04214	0.23599	0.43221	0.01862	0.02736	0.01994	0.08714	0.02218	0.01495	0.02126	0.01204	0.01432	0.00919	0.00649	0.00623	0.00206	0.00969	0.00512	0.00312	0.00995
7	0.02491	0.02883	0.01978	0.01743	0.02111	0.51499	0.01339	0.13705	0.02156	0.02215	0.01527	0.01680	0.04769	0.00849	0.00783	0.00201	0.06200	0.00558	0.00438	0.00875
8	0.00868	0.00620	0.00826	0.00991	0.01033	0.00578	0.00661	0.00991	0.01363	0.01818	0.03925	0.74510	0.04710	0.02231	0.00909	0.00289	0.00413	0.02024	0.00661	0.00578
9	0.01615	0.01653	0.03176	0.12035	0.29490	0.01646	0.28768	0.02106	0.01618	0.02239	0.04261	0.02035	0.01347	0.00861	0.03759	0.00266	0.01026	0.00751	0.00370	0.00979
10	0.06269	0.17432	0.41580	0.01672	0.02513	0.01776	0.01965	0.02435	0.01570	0.14299	0.01474	0.01574	0.01048	0.00698	0.00626	0.00210	0.00887	0.00523	0.00412	0.01037
11	0.00871	0.00631	0.00824	0.00969	0.01029	0.00584	0.00653	0.01007	0.01406	0.01865	0.06690	0.67140	0.09359	0.02171	0.00902	0.00283	0.00407	0.01960	0.00666	0.00584
12	0.00899	0.00651	0.00828	0.00932	0.01006	0.00603	0.00629	0.01046	0.01446	0.01926	0.12928	0.52134	0.11269	0.08804	0.01144	0.00313	0.00423	0.01783	0.00656	0.00580
13	0.06394	0.41516	0.14812	0.01514	0.02159	0.11864	0.04662	0.02329	0.01565	0.05701	0.01176	0.01332	0.00959	0.00655	0.00552	0.00181	0.00883	0.00457	0.00354	0.00936
14	0.37638	0.17533	0.09004	0.01242	0.01791	0.04824	0.01160	0.09938	0.01633	0.05853	0.02930	0.01420	0.01066	0.00707	0.00531	0.00204	0.00702	0.00469	0.00454	0.00901

[dist]
# distance from previous block
# <min> <max>
0	1

[block]
# block no. 3 follows, 29 sequences, length 11
# corresponding to MSA columns:
# 167-177
name=unknown_D
#
# <colnr> <probs for GDERKNQSTAVLIFYWHMCP>
#	G	D	E	R	K	N	Q	S	T	A	V	L	I	F	Y	W	H	M	C	P
0	0.12721	0.21280	0.06044	0.03433	0.06173	0.22479	0.01335	0.07088	0.05343	0.02304	0.04670	0.01591	0.01286	0.00739	0.00593	0.00193	0.00880	0.00520	0.00419	0.00906
1	0.04869	0.06195	0.43665	0.02581	0.19055	0.01724	0.07584	0.02228	0.01531	0.02288	0.01280	0.01567	0.00965	0.00657	0.00676	0.00220	0.00981	0.00564	0.00324	0.01045
2	0.04450	0.05832	0.07743	0.18544	0.28941	0.05292	0.08884	0.07682	0.01717	0.02352	0.01318	0.01708	0.01040	0.00674	0.00694	0.00217	0.00923	0.00617	0.00373	0.00999
3	0.01129	0.00927	0.01358	0.01294	0.01395	0.01157	0.01028	0.01363	0.01133	0.01666	0.01707	0.02542	0.01606	0.04495	0.57744	0.00972	0.16719	0.00734	0.00367	0.00665
4	0.01712	0.01320	0.01456	0.08511	0.01867	0.07236	0.01040	0.10587	0.10345	0.09865	0.30186	0.03616	0.07014	0.01140	0.00767	0.00223	0.00594	0.00960	0.00688	0.00874
5	0.00951	0.00718	0.00878	0.00854	0.01033	0.00645	0.00635	0.01228	0.01858	0.02520	0.47750	0.10811	0.24295	0.01609	0.00845	0.00233	0.00348	0.01402	0.00741	0.00645
6	0.01012	0.00745	0.01076	0.01085	0.01190	0.00846	0.00814	0.01224	0.01141	0.01624	0.02061	0.06869	0.02049	0.14890	0.58806	0.01036	0.01658	0.00868	0.00403	0.00604
7	0.01649	0.01577	0.02686	0.22991	0.52795	0.01662	0.02129	0.02086	0.01568	0.02189	0.01319	0.01799	0.01080	0.00655	0.00707	0.00218	0.00874	0.00634	0.00343	0.01037
8	0.01021	0.00684	0.00781	0.00795	0.00798	0.00681	0.00451	0.01032	0.01063	0.01417	0.02385	0.10520	0.02767	0.68872	0.03396	0.00657	0.00667	0.01118	0.00451	0.00444
9	0.02201	0.17670	0.02403	0.01995	0.12542	0.36815	0.01396	0.05177	0.01894	0.02046	0.08114	0.01754	0.01547	0.00771	0.00636	0.00187	0.00992	0.00561	0.00408	0.00891
10	0.01216	0.01011	0.01284	0.01121	0.01459	0.00906	0.04113	0.01664	0.08625	0.02268	0.11823	0.15879	0.13975	0.03151	0.00831	0.00226	0.00508	0.06204	0.00594	0.23141

[dist]
# distance from previous block
# <min> <max>
0	4

[block]
# block no. 4 follows, 29 sequences, length 10
# corresponding to MSA columns:
# 182-191
name=unknown_E
#
# <colnr> <probs for GDERKNQSTAVLIFYWHMCP>
#	G	D	E	R	K	N	Q	S	T	A	V	L	I	F	Y	W	H	M	C	P
0	0.02182	0.01713	0.02137	0.29257	0.03248	0.01967	0.01594	0.42579	0.02606	0.03459	0.01538	0.01782	0.01110	0.00800	0.00712	0.00223	0.00847	0.00638	0.00560	0.01049
1	0.02583	0.01902	0.02048	0.01595	0.02129	0.02098	0.01307	0.63623	0.03214	0.04307	0.01859	0.06627	0.01447	0.00948	0.00726	0.00219	0.00759	0.00735	0.00709	0.01168
2	0.01326	0.00768	0.00813	0.00781	0.00979	0.00778	0.00597	0.05894	0.01598	0.02586	0.02865	0.03140	0.10484	0.01384	0.07376	0.00272	0.00515	0.00778	0.56376	0.00689
3	0.01484	0.01126	0.01376	0.01383	0.01652	0.01206	0.01169	0.10468	0.16792	0.02618	0.03315	0.06040	0.03306	0.01604	0.00892	0.00294	0.00652	0.43114	0.00678	0.00830
4	0.01018	0.00721	0.00952	0.00961	0.01023	0.00778	0.00659	0.01144	0.01104	0.01532	0.02174	0.07469	0.02321	0.38412	0.35687	0.00883	0.01248	0.00960	0.00420	0.00535
5	0.00877	0.00719	0.00751	0.00745	0.00955	0.00617	0.00544	0.01057	0.01608	0.01969	0.13324	0.06484	0.57161	0.08731	0.01106	0.00282	0.00389	0.01436	0.00652	0.00592
6	0.01843	0.66280	0.12325	0.01322	0.01987	0.02669	0.01398	0.02148	0.01454	0.01749	0.01027	0.01188	0.00912	0.00618	0.00485	0.00162	0.00798	0.00399	0.00304	0.00931
7	0.34719	0.01603	0.01576	0.01255	0.01777	0.01733	0.01032	0.28828	0.02158	0.07931	0.01429	0.01498	0.01045	0.00738	0.00578	0.00204	0.00646	0.00514	0.00576	0.10160
8	0.02136	0.02489	0.02173	0.02268	0.14751	0.38940	0.03798	0.02437	0.03949	0.01904	0.01337	0.04099	0.01185	0.01092	0.04868	0.00266	0.10450	0.00608	0.00380	0.00871
9	0.74488	0.01539	0.05978	0.01013	0.01497	0.01601	0.00902	0.02105	0.01232	0.03129	0.01012	0.01181	0.00780	0.00662	0.00457	0.00221	0.00586	0.00395	0.00431	0.00791

[dist]
# distance from previous block
# <min> <max>
0	1

[block]
# block no. 5 follows, 29 sequences, length 50
# corresponding to MSA columns:
# 193-242
name=unknown_F
#
# <colnr> <probs for GDERKNQSTAVLIFYWHMCP>
#	G	D	E	R	K	N	Q	S	T	A	V	L	I	F	Y	W	H	M	C	P
0	0.01945	0.01683	0.01687	0.01557	0.03932	0.08875	0.01183	0.06046	0.48805	0.06820	0.02622	0.02683	0.02023	0.00964	0.00723	0.00234	0.00661	0.04033	0.00675	0.02849
1	0.01548	0.01442	0.02052	0.04804	0.10277	0.01855	0.01486	0.05592	0.01303	0.01925	0.01241	0.01966	0.01187	0.07137	0.09161	0.00404	0.44786	0.00671	0.00357	0.00807
2	0.01464	0.09125	0.66160	0.01968	0.02987	0.01742	0.02524	0.02246	0.01499	0.02211	0.01256	0.01476	0.00903	0.00671	0.00660	0.00220	0.01030	0.00515	0.00301	0.01042
3	0.00965	0.00723	0.00895	0.00859	0.01039	0.00653	0.00642	0.01258	0.01904	0.02608	0.53561	0.07979	0.21170	0.01561	0.00843	0.00230	0.00344	0.01361	0.00752	0.00653
4	0.01927	0.63273	0.09333	0.01339	0.01966	0.08522	0.01352	0.02202	0.01499	0.01730	0.01024	0.01185	0.00913	0.00625	0.00491	0.00161	0.00830	0.00400	0.00309	0.00918
5	0.01155	0.00909	0.03615	0.01089	0.01287	0.00775	0.02814	0.03594	0.01523	0.05522	0.08281	0.43787	0.08045	0.07925	0.01076	0.00294	0.00505	0.01550	0.00626	0.05627
6	0.01553	0.07646	0.47661	0.02641	0.22096	0.01738	0.02416	0.02228	0.01533	0.02239	0.01277	0.01554	0.00967	0.00660	0.00671	0.00217	0.00976	0.00548	0.00316	0.01065
7	0.01678	0.42217	0.11055	0.01320	0.01845	0.05290	0.01299	0.02057	0.03960	0.02033	0.14989	0.02105	0.02124	0.00838	0.00673	0.00188	0.04421	0.00611	0.00418	0.00879
8	0.00977	0.00707	0.00889	0.00965	0.01073	0.00669	0.00705	0.01161	0.01494	0.01970	0.13892	0.26513	0.14102	0.16041	0.01429	0.00358	0.00500	0.15337	0.00634	0.00584
9	0.06447	0.02694	0.37529	0.09082	0.04937	0.03831	0.10526	0.02307	0.04944	0.04555	0.01388	0.01667	0.01023	0.00726	0.00790	0.00232	0.05379	0.00595	0.00363	0.00985
10	0.01910	0.01437	0.04675	0.04501	0.16441	0.01389	0.03774	0.02741	0.21441	0.17783	0.02541	0.13936	0.02138	0.01048	0.00750	0.00237	0.00664	0.00930	0.00626	0.01037
11	0.02389	0.01756	0.01871	0.01487	0.01980	0.01947	0.01211	0.49829	0.13346	0.04024	0.01971	0.01975	0.01437	0.00869	0.00687	0.00212	0.00693	0.00669	0.10519	0.01129
12	0.01762	0.01692	0.02890	0.04371	0.70533	0.01692	0.02185	0.02185	0.01621	0.02326	0.01339	0.01762	0.01128	0.00634	0.00705	0.00211	0.00846	0.00634	0.00352	0.01128
13	0.02807	0.01216	0.01600	0.01230	0.01774	0.01048	0.01007	0.03159	0.04587	0.55746	0.04898	0.02391	0.01843	0.00851	0.00692	0.00204	0.00583	0.00695	0.00803	0.12866
14	0.01919	0.70323	0.03623	0.01255	0.01842	0.02775	0.01235	0.04355	0.01499	0.01772	0.01012	0.01176	0.00925	0.00640	0.00532	0.00160	0.03322	0.00398	0.00319	0.00919
15	0.01471	0.01180	0.01443	0.01272	0.05907	0.00979	0.00920	0.05055	0.01602	0.04739	0.02283	0.12200	0.07499	0.00945	0.00646	0.00165	0.00537	0.02630	0.00508	0.48019
16	0.00868	0.00620	0.00826	0.00991	0.01033	0.00578	0.00661	0.00991	0.01363	0.01818	0.03925	0.74510	0.04710	0.02231	0.00909	0.00289	0.00413	0.02024	0.00661	0.00578
17	0.15377	0.01523	0.01718	0.01350	0.01882	0.01570	0.01111	0.25406	0.05757	0.33835	0.02143	0.01986	0.01434	0.00841	0.00671	0.00219	0.00656	0.00641	0.00744	0.01136
18	0.01731	0.01369	0.01711	0.01305	0.01835	0.01251	0.06015	0.14505	0.05831	0.05480	0.06673	0.04387	0.04117	0.00807	0.00648	0.00169	0.00602	0.00685	0.03401	0.37478
19	0.01084	0.00759	0.01005	0.01005	0.01035	0.00832	0.00688	0.01116	0.01098	0.01511	0.02178	0.15216	0.02421	0.31445	0.15778	0.13384	0.07465	0.01044	0.00430	0.00506
20	0.02554	0.01836	0.01992	0.01567	0.02095	0.02019	0.01280	0.53737	0.11101	0.08402	0.02008	0.04696	0.01497	0.00923	0.00722	0.00220	0.00732	0.00719	0.00722	0.01176
21	0.05673	0.01219	0.01535	0.01285	0.01741	0.01174	0.01053	0.03164	0.15433	0.43980	0.04899	0.03209	0.02247	0.01043	0.00744	0.00238	0.00593	0.08878	0.00801	0.01091
22	0.01979	0.01798	0.02425	0.03135	0.40605	0.07626	0.01776	0.17606	0.02080	0.02797	0.05056	0.02313	0.01613	0.00826	0.00727	0.00218	0.00830	0.05044	0.00480	0.01067
23	0.00870	0.00634	0.00812	0.00951	0.01015	0.00585	0.00639	0.00997	0.01383	0.01815	0.04264	0.63914	0.12551	0.04704	0.00995	0.00297	0.00416	0.01927	0.00653	0.00576
24	0.00875	0.00723	0.00768	0.00756	0.00982	0.00615	0.00567	0.01087	0.01702	0.02111	0.19859	0.06545	0.57482	0.01734	0.00841	0.00237	0.00356	0.01460	0.00686	0.00615
25	0.01938	0.72170	0.03654	0.01246	0.01844	0.05929	0.01225	0.02164	0.01472	0.01678	0.00995	0.01149	0.00914	0.00615	0.00465	0.00154	0.00785	0.00384	0.00307	0.00910
26	0.80005	0.01377	0.01047	0.00936	0.01377	0.01597	0.00771	0.02093	0.01212	0.03195	0.00991	0.01157	0.00771	0.00661	0.00441	0.00220	0.00551	0.00386	0.00441	0.00771
27	0.00842	0.00721	0.00721	0.00721	0.00962	0.00601	0.00541	0.01022	0.01623	0.01924	0.07213	0.06853	0.70244	0.01803	0.00842	0.00240	0.00361	0.01503	0.00661	0.00601
28	0.02660	0.03394	0.02018	0.01834	0.02201	0.72116	0.01376	0.02843	0.02018	0.01743	0.01101	0.01284	0.00917	0.00734	0.00642	0.00183	0.01284	0.00459	0.00367	0.00825
29	0.01669	0.01836	0.03838	0.08368	0.14612	0.01767	0.52482	0.02232	0.01652	0.02254	0.01411	0.01894	0.01079	0.00614	0.00809	0.00235	0.01125	0.00792	0.00356	0.00975
30	0.02667	0.05114	0.02179	0.01656	0.02192	0.14338	0.01352	0.54260	0.03043	0.03902	0.01576	0.01614	0.01148	0.00824	0.00690	0.00206	0.00869	0.00599	0.00637	0.01133
31	0.03787	0.03233	0.58456	0.01986	0.05462	0.01569	0.02361	0.02313	0.01562	0.07888	0.03899	0.01717	0.01188	0.00719	0.00680	0.00224	0.00968	0.00569	0.00371	0.01046
32	0.02590	0.01316	0.01613	0.01284	0.01766	0.01277	0.01044	0.16116	0.08288	0.40027	0.09968	0.02886	0.06533	0.01002	0.00737	0.00223	0.00594	0.00819	0.00809	0.01109
33	0.01345	0.01266	0.02136	0.73264	0.04904	0.01582	0.01978	0.01819	0.01424	0.01819	0.01266	0.01898	0.00949	0.00712	0.00712	0.00237	0.00949	0.00633	0.00316	0.00791
34	0.01345	0.01266	0.02136	0.73264	0.04904	0.01582	0.01978	0.01819	0.01424	0.01819	0.01266	0.01898	0.00949	0.00712	0.00712	0.00237	0.00949	0.00633	0.00316	0.00791
35	0.01389	0.01298	0.02117	0.65851	0.06544	0.01600	0.01919	0.01979	0.06575	0.01922	0.01392	0.01952	0.01047	0.00729	0.00713	0.00237	0.00917	0.00646	0.00348	0.00826
36	0.05708	0.01237	0.01629	0.01267	0.01805	0.01111	0.01042	0.03443	0.06252	0.64432	0.02753	0.02395	0.01755	0.00879	0.00707	0.00222	0.00601	0.00710	0.00856	0.01192
37	0.00868	0.00620	0.00826	0.00991	0.01033	0.00578	0.00661	0.00991	0.01363	0.01818	0.03925	0.74510	0.04710	0.02231	0.00909	0.00289	0.00413	0.02024	0.00661	0.00578
38	0.00975	0.00766	0.00895	0.00913	0.01118	0.00701	0.00713	0.01286	0.04169	0.02230	0.22079	0.09572	0.36619	0.01735	0.00866	0.00255	0.00419	0.13348	0.00693	0.00647
39	0.00881	0.00633	0.00828	0.00967	0.01023	0.00589	0.00649	0.01016	0.01403	0.01872	0.08178	0.64969	0.07395	0.04723	0.00997	0.00297	0.00416	0.01922	0.00661	0.00580
40	0.01015	0.00682	0.00783	0.00803	0.00808	0.00677	0.00459	0.01030	0.01075	0.01434	0.02449	0.13182	0.02848	0.66100	0.03293	0.00641	0.00657	0.01156	0.00459	0.00449
41	0.01327	0.00664	0.00664	0.00664	0.00830	0.00664	0.00498	0.01659	0.01493	0.02655	0.02323	0.02655	0.01825	0.00830	0.00498	0.00166	0.00332	0.00664	0.78928	0.00664
42	0.01019	0.00698	0.00819	0.00853	0.00956	0.00646	0.00564	0.01126	0.01362	0.04505	0.06334	0.27061	0.20760	0.27917	0.01847	0.00414	0.00503	0.01461	0.00592	0.00561
43	0.01416	0.01073	0.01262	0.01155	0.01430	0.01145	0.00892	0.06337	0.22428	0.05334	0.24012	0.06317	0.09286	0.01931	0.12327	0.00381	0.00703	0.01037	0.00685	0.00851
44	0.01093	0.00868	0.01244	0.01207	0.01295	0.01047	0.00929	0.01296	0.01138	0.01644	0.01921	0.07333	0.01922	0.11956	0.49626	0.00914	0.12691	0.00850	0.00394	0.00632
45	0.01059	0.00820	0.01189	0.01548	0.11990	0.00795	0.00947	0.01247	0.01414	0.01904	0.03361	0.48558	0.03893	0.07849	0.01107	0.00315	0.00536	0.10211	0.00593	0.00663
46	0.02439	0.20186	0.05003	0.01692	0.02147	0.51231	0.01385	0.04589	0.01905	0.01827	0.01099	0.01272	0.00925	0.00706	0.00602	0.00179	0.01139	0.00448	0.00360	0.00866
47	0.02063	0.01298	0.04369	0.01796	0.15075	0.01158	0.01217	0.02567	0.08884	0.28594	0.13372	0.03290	0.11106	0.01039	0.00748	0.00224	0.00593	0.00890	0.00696	0.01020
48	0.02615	0.03261	0.02001	0.01797	0.02181	0.66874	0.01354	0.05095	0.02043	0.01862	0.01129	0.01307	0.00933	0.00730	0.00640	0.00181	0.01237	0.00464	0.00381	0.03915
49	0.02944	0.01156	0.01572	0.01224	0.01731	0.01004	0.01004	0.03227	0.02035	0.63219	0.10523	0.02755	0.02330	0.00947	0.00730	0.00221	0.00575	0.00782	0.00870	0.01150

[dist]
# distance from previous block
# <min> <max>
0	10

[block]
# block no. 6 follows, 29 sequences, length 22
# corresponding to MSA columns:
# 253-274
name=unknown_G
#
# <colnr> <probs for GDERKNQSTAVLIFYWHMCP>
#	G	D	E	R	K	N	Q	S	T	A	V	L	I	F	Y	W	H	M	C	P
0	0.01628	0.01554	0.02647	0.26587	0.49369	0.01656	0.02118	0.02067	0.01558	0.02163	0.01316	0.01806	0.01070	0.00659	0.00707	0.00220	0.00879	0.00634	0.00341	0.01019
1	0.01904	0.75404	0.03731	0.01218	0.01828	0.02818	0.01218	0.02132	0.01447	0.01675	0.00990	0.01142	0.00914	0.00609	0.00457	0.00152	0.00761	0.00381	0.00305	0.00914
2	0.03195	0.01212	0.01652	0.01267	0.01818	0.01047	0.01047	0.03470	0.02038	0.71026	0.02809	0.02424	0.01763	0.00881	0.00716	0.00220	0.00606	0.00716	0.00881	0.01212
3	0.01013	0.00744	0.01068	0.01073	0.01179	0.00837	0.00803	0.01227	0.01177	0.01674	0.05083	0.06491	0.02253	0.15169	0.55711	0.00998	0.01591	0.00884	0.00420	0.00605
4	0.01027	0.00756	0.00991	0.01092	0.01251	0.00720	0.00889	0.01298	0.01651	0.02158	0.14790	0.18076	0.16104	0.01901	0.00924	0.00290	0.00515	0.34251	0.00678	0.00636
5	0.01016	0.00767	0.01002	0.01128	0.03600	0.00748	0.00760	0.01373	0.07576	0.02207	0.20817	0.47681	0.04874	0.01861	0.00867	0.00265	0.00422	0.01676	0.00687	0.00671
6	0.02728	0.01961	0.02116	0.01622	0.02191	0.02158	0.01340	0.65349	0.03291	0.07378	0.01757	0.01741	0.01235	0.00856	0.00712	0.00214	0.00776	0.00644	0.00720	0.01211
7	0.01116	0.00750	0.00929	0.00889	0.01091	0.00671	0.00664	0.01379	0.01832	0.07778	0.39876	0.13980	0.23178	0.01600	0.00839	0.00236	0.00373	0.01391	0.00743	0.00683
8	0.01904	0.75404	0.03731	0.01218	0.01828	0.02818	0.01218	0.02132	0.01447	0.01675	0.00990	0.01142	0.00914	0.00609	0.00457	0.00152	0.00761	0.00381	0.00305	0.00914
9	0.01415	0.01329	0.02225	0.57068	0.10136	0.01597	0.04758	0.01922	0.03518	0.01943	0.01354	0.01924	0.01037	0.00732	0.00769	0.00236	0.03548	0.00648	0.03010	0.00833
10	0.01740	0.01669	0.02850	0.08037	0.67041	0.01686	0.02174	0.02166	0.01611	0.02299	0.01335	0.01770	0.01118	0.00639	0.00705	0.00213	0.00851	0.00634	0.00351	0.01110
