[name]
unknown

[dist]
# distance from previous block
# <min> <max>
0	53

[block]
# block no. 0 follows, 29 sequences, length 78
# corresponding to MSA columns:
# 53-130
name=unknown_A
#
# <colnr> <probs for GDERKNQSTAVLIFYWHMCP>
#	G	D	E	R	K	N	Q	S	T	A	V	L	I	F	Y	W	H	M	C	P
0	0.04870	0.01085	0.03717	0.01334	0.01628	0.01019	0.01175	0.04772	0.04836	0.13034	0.03291	0.06132	0.03275	0.01606	0.00885	0.00294	0.00659	0.44907	0.00675	0.00806
1	0.19909	0.11939	0.06354	0.01270	0.01830	0.04462	0.01134	0.04641	0.01772	0.37056	0.01949	0.01836	0.01317	0.00774	0.00613	0.00209	0.00678	0.00571	0.00639	0.01046
2	0.02106	0.21127	0.23806	0.01676	0.02381	0.10435	0.01715	0.23581	0.02146	0.02770	0.01324	0.01453	0.01007	0.00724	0.00629	0.00198	0.00920	0.00519	0.00442	0.01042
3	0.01577	0.06212	0.62885	0.01948	0.02943	0.01690	0.02455	0.04758	0.01595	0.05556	0.01355	0.01541	0.00954	0.00690	0.00671	0.00222	0.01010	0.00534	0.00343	0.01061
4	0.01463	0.08963	0.66313	0.01970	0.02990	0.01739	0.02527	0.02246	0.01499	0.02212	0.01257	0.01477	0.00903	0.00672	0.00660	0.00220	0.01031	0.00515	0.00301	0.01042
5	0.01557	0.12088	0.53124	0.07745	0.03024	0.06251	0.02328	0.02242	0.01523	0.02117	0.01231	0.01478	0.00908	0.00675	0.00651	0.00215	0.01024	0.00513	0.00307	0.01000
6	0.01575	0.01402	0.02216	0.55495	0.14717	0.04023	0.01928	0.02018	0.01515	0.06383	0.01371	0.01890	0.01028	0.00712	0.00709	0.00230	0.00923	0.00632	0.00360	0.00871
7	0.01693	0.03471	0.01249	0.01042	0.01331	0.00855	0.00819	0.01977	0.01902	0.23488	0.34900	0.11912	0.07030	0.01368	0.00802	0.00232	0.00456	0.03865	0.00774	0.00832
8	0.00874	0.00628	0.00830	0.00979	0.01032	0.00584	0.00658	0.01010	0.01404	0.01873	0.07384	0.69161	0.06583	0.02180	0.00904	0.00285	0.00408	0.01973	0.00667	0.00584
9	0.01428	0.03683	0.71286	0.02030	0.03082	0.01654	0.02631	0.02255	0.01503	0.02255	0.01278	0.01503	0.00902	0.00677	0.00677	0.00226	0.01052	0.00526	0.00301	0.01052
10	0.01984	0.18699	0.14689	0.06489	0.07106	0.26728	0.01627	0.02400	0.04194	0.01956	0.04125	0.01597	0.01224	0.00747	0.00692	0.00198	0.03742	0.00531	0.00366	0.00907
11	0.01447	0.01888	0.13967	0.02368	0.02979	0.01486	0.41587	0.01969	0.01577	0.02166	0.02008	0.19189	0.01919	0.01002	0.00831	0.00250	0.00989	0.01074	0.00423	0.00884
12	0.00868	0.00620	0.00826	0.00991	0.01033	0.00578	0.00661	0.00991	0.01363	0.01818	0.03925	0.74510	0.04710	0.02231	0.00909	0.00289	0.00413	0.02024	0.00661	0.00578
13	0.04802	0.14548	0.54524	0.01908	0.02850	0.01838	0.05660	0.02231	0.01491	0.02206	0.01230	0.01454	0.00907	0.00662	0.00641	0.00215	0.00994	0.00514	0.00310	0.01015
14	0.01049	0.00919	0.01047	0.01056	0.01209	0.05809	0.03718	0.01216	0.01488	0.01863	0.06804	0.37846	0.21655	0.07408	0.03234	0.00320	0.00561	0.01579	0.00605	0.00614
15	0.01681	0.01921	0.04202	0.03001	0.03721	0.01801	0.67947	0.02281	0.01681	0.02281	0.01441	0.01921	0.01080	0.00600	0.00840	0.00240	0.01200	0.00840	0.00360	0.00960
16	0.00867	0.00623	0.00823	0.00982	0.01030	0.00579	0.00657	0.00993	0.01372	0.01821	0.04040	0.72145	0.07001	0.02216	0.00907	0.00287	0.00411	0.02006	0.00661	0.00579
17	0.01678	0.06471	0.11980	0.02763	0.15829	0.05010	0.29816	0.02164	0.01575	0.02145	0.01499	0.01891	0.03443	0.00743	0.00942	0.00234	0.09793	0.00714	0.00353	0.00961
18	0.04754	0.09269	0.62995	0.01920	0.02911	0.01744	0.02441	0.02239	0.01487	0.02248	0.01243	0.01460	0.00897	0.00671	0.00649	0.00219	0.01008	0.00509	0.00307	0.01030
19	0.01675	0.01904	0.04109	0.02950	0.03637	0.01818	0.64918	0.02255	0.01654	0.02255	0.01417	0.01904	0.01074	0.00630	0.00909	0.00243	0.04508	0.00830	0.00358	0.00952
20	0.01516	0.01440	0.02445	0.45019	0.31811	0.01627	0.02063	0.01969	0.01505	0.02027	0.01296	0.01843	0.01022	0.00680	0.00709	0.00227	0.00907	0.00633	0.00331	0.00929
21	0.01715	0.49775	0.24516	0.01455	0.02181	0.02359	0.01631	0.02134	0.01490	0.01909	0.04252	0.01446	0.01176	0.00669	0.00542	0.00178	0.00832	0.00467	0.00325	0.00946
22	0.02786	0.01868	0.02059	0.01578	0.02145	0.02020	0.01304	0.57696	0.03136	0.15250	0.01887	0.01825	0.01300	0.00859	0.00713	0.00215	0.00755	0.00653	0.00740	0.01211
23	0.00873	0.00627	0.00819	0.00971	0.01020	0.00584	0.00647	0.00995	0.01363	0.01807	0.04017	0.68733	0.07718	0.04909	0.01006	0.00302	0.00421	0.01963	0.00652	0.00574
24	0.02400	0.01535	0.01838	0.01472	0.01881	0.01683	0.01201	0.28882	0.05417	0.21537	0.08040	0.02343	0.01896	0.03575	0.01090	0.00250	0.12472	0.00737	0.00690	0.01062
25	0.02789	0.01430	0.01738	0.01370	0.01890	0.01420	0.01119	0.18905	0.12432	0.42544	0.04902	0.02389	0.01865	0.00908	0.00721	0.00222	0.00633	0.00731	0.00814	0.01180
26	0.00864	0.00666	0.00791	0.00878	0.01006	0.00592	0.00613	0.01022	0.01501	0.01913	0.08615	0.43835	0.31114	0.02020	0.00878	0.00266	0.00388	0.01778	0.00667	0.00592
27	0.04936	0.18161	0.04607	0.01786	0.04566	0.33161	0.06333	0.05662	0.05892	0.06545	0.01359	0.01496	0.01074	0.00719	0.00627	0.00192	0.01010	0.00522	0.00424	0.00931
28	0.01645	0.27214	0.30634	0.01928	0.02687	0.02113	0.14344	0.02176	0.01485	0.02023	0.01185	0.01465	0.00942	0.00684	0.00764	0.00210	0.06674	0.00544	0.00314	0.00967
29	0.03195	0.01212	0.01652	0.01267	0.01818	0.01047	0.01047	0.03470	0.02038	0.71026	0.02809	0.02424	0.01763	0.00881	0.00716	0.00220	0.00606	0.00716	0.00881	0.01212
30	0.00874	0.00625	0.00832	0.00987	0.01034	0.00583	0.00661	0.01007	0.01393	0.01865	0.06924	0.71377	0.04801	0.02196	0.00906	0.00286	0.00410	0.01991	0.00667	0.00583
31	0.02495	0.01236	0.01540	0.01254	0.01695	0.01178	0.01005	0.16601	0.02182	0.39088	0.05382	0.14003	0.06772	0.01168	0.00758	0.00231	0.00588	0.00977	0.00793	0.01053
32	0.02612	0.01932	0.02074	0.01610	0.02156	0.02139	0.01322	0.63566	0.05733	0.04344	0.01826	0.04128	0.01361	0.00904	0.00719	0.00217	0.00763	0.00692	0.00711	0.01187
33	0.01882	0.72113	0.06831	0.01256	0.01885	0.02764	0.01283	0.02138	0.01449	0.01702	0.01003	0.01159	0.00913	0.00612	0.00467	0.00156	0.00775	0.00387	0.00304	0.00920
34	0.01541	0.01264	0.01483	0.01063	0.01692	0.00953	0.00851	0.01856	0.01498	0.04914	0.01324	0.01512	0.01081	0.00541	0.00534	0.00110	0.00530	0.00433	0.00439	0.76379
35	0.02378	0.01828	0.02087	0.01641	0.02143	0.05119	0.06834	0.40379	0.12792	0.08086	0.01952	0.02130	0.01476	0.06689	0.00952	0.00257	0.00789	0.00710	0.00658	0.01098
36	0.02565	0.12421	0.02233	0.01757	0.02154	0.63429	0.01356	0.02754	0.01946	0.01734	0.01087	0.01266	0.00917	0.00718	0.00619	0.00180	0.01219	0.00449	0.00359	0.00837
37	0.01772	0.01349	0.01573	0.01195	0.01746	0.01193	0.00957	0.11932	0.04893	0.07981	0.01690	0.06342	0.01417	0.00754	0.00653	0.00154	0.02567	0.00604	0.00528	0.50700
38	0.01471	0.08806	0.64155	0.02004	0.03013	0.01743	0.04720	0.02247	0.01505	0.02214	0.01263	0.01491	0.00909	0.00669	0.00666	0.00221	0.01036	0.00526	0.00303	0.01039
39	0.00862	0.00641	0.00805	0.00936	0.01018	0.00583	0.00636	0.00998	0.01417	0.01840	0.04603	0.60565	0.18218	0.02143	0.00895	0.00279	0.00402	0.01917	0.00661	0.00583
40	0.00923	0.00704	0.01030	0.03889	0.01305	0.00673	0.03759	0.01082	0.01380	0.01839	0.03709	0.68404	0.04399	0.02098	0.00898	0.00285	0.00470	0.01917	0.00634	0.00604
41	0.02525	0.02054	0.15436	0.01587	0.02226	0.01716	0.01491	0.34772	0.02549	0.22508	0.02014	0.04575	0.01435	0.00879	0.00714	0.00221	0.00773	0.00691	0.00677	0.01157
42	0.00996	0.00719	0.00941	0.00904	0.01061	0.00664	0.00671	0.01314	0.01960	0.02768	0.64547	0.11180	0.06549	0.01521	0.00846	0.00229	0.00342	0.01350	0.00773	0.00664
43	0.01542	0.01570	0.02474	0.04189	0.02249	0.02023	0.13210	0.01784	0.01217	0.01821	0.01169	0.04936	0.01132	0.01161	0.01960	0.00296	0.55403	0.00725	0.00336	0.00802
44	0.01505	0.03326	0.61329	0.02042	0.05974	0.01577	0.02436	0.02263	0.01560	0.05528	0.04858	0.01753	0.01249	0.00724	0.00688	0.00225	0.00986	0.00579	0.00355	0.01044
45	0.01428	0.03683	0.71286	0.02030	0.03082	0.01654	0.02631	0.02255	0.01503	0.02255	0.01278	0.01503	0.00902	0.00677	0.00677	0.00226	0.01052	0.00526	0.00301	0.01052
46	0.00872	0.00629	0.00826	0.00975	0.01031	0.00583	0.00656	0.01007	0.01401	0.01863	0.06648	0.68719	0.07794	0.02181	0.00903	0.00284	0.00408	0.01972	0.00666	0.00583
47	0.00962	0.00711	0.00899	0.00883	0.01044	0.00648	0.00650	0.01244	0.01863	0.02565	0.51103	0.15399	0.16152	0.01619	0.00850	0.00236	0.00351	0.01425	0.00748	0.00648
48	0.04135	0.01921	0.08109	0.02486	0.03138	0.01737	0.45945	0.11369	0.01852	0.02570	0.03425	0.02023	0.01286	0.02851	0.00946	0.02996	0.01053	0.00788	0.00420	0.00950
49	0.02855	0.01326	0.01680	0.01306	0.01819	0.01253	0.01071	0.16996	0.02314	0.49506	0.09858	0.02585	0.02181	0.00938	0.00729	0.00219	0.00614	0.00762	0.00835	0.01153
50	0.00927	0.00779	0.00786	0.00763	0.01019	0.00674	0.00578	0.04086	0.01702	0.02041	0.06962	0.06618	0.67094	0.01760	0.00836	0.00239	0.00380	0.01463	0.00664	0.00629
51	0.01745	0.01674	0.02858	0.07293	0.67750	0.01687	0.02177	0.02170	0.01613	0.02305	0.01336	0.01768	0.01120	0.00638	0.00705	0.00213	0.00850	0.00634	0.00351	0.01114
52	0.01828	0.63906	0.14561	0.01348	0.02029	0.02631	0.01445	0.02152	0.01456	0.01768	0.01036	0.01200	0.00912	0.00620	0.00492	0.00164	0.00808	0.00404	0.00304	0.00936
53	0.02858	0.01204	0.01590	0.01250	0.01752	0.01087	0.01021	0.05171	0.06363	0.57515	0.09905	0.02724	0.02297	0.00947	0.00730	0.00222	0.00580	0.00780	0.00856	0.01149
54	0.01442	0.03599	0.68385	0.02129	0.05943	0.01655	0.02612	0.02252	0.01508	0.02258	0.01280	0.01514	0.00912	0.00675	0.00678	0.00225	0.01044	0.00531	0.00303	0.01056
55	0.01476	0.10856	0.64529	0.01948	0.02956	0.01770	0.02490	0.02243	0.01498	0.02197	0.01249	0.01467	0.00903	0.00670	0.00655	0.00218	0.01023	0.00512	0.00301	0.01038
56	0.80005	0.01377	0.01047	0.00936	0.01377	0.01597	0.00771	0.02093	0.01212	0.03195	0.00991	0.01157	0.00771	0.00661	0.00441	0.00220	0.00551	0.00386	0.00441	0.00771
57	0.00868	0.00620	0.00826	0.00991	0.01033	0.00578	0.00661	0.00991	0.01363	0.01818	0.03925	0.74510	0.04710	0.02231	0.00909	0.00289	0.00413	0.02024	0.00661	0.00578
58	0.00948	0.00653	0.00803	0.00889	0.00910	0.00632	0.00551	0.01013	0.01207	0.01609	0.03121	0.41126	0.03696	0.36998	0.02207	0.00481	0.00546	0.01552	0.00551	0.00508
59	0.01620	0.01690	0.02432	0.02000	0.02145	0.06387	0.12001	0.01856	0.01285	0.01859	0.04286	0.01775	0.01229	0.01122	0.01925	0.00288	0.54271	0.00679	0.00345	0.00805
60	0.00868	0.00620	0.00826	0.00991	0.01033	0.00578	0.00661	0.00991	0.01363	0.01818	0.03925	0.74510	0.04710	0.02231	0.00909	0.00289	0.00413	0.02024	0.00661	0.00578
61	0.01762	0.01692	0.02890	0.04371	0.70533	0.01692	0.02185	0.02185	0.01621	0.02326	0.01339	0.01762	0.01128	0.00634	0.00705	0.00211	0.00846	0.00634	0.00352	0.01128
62	0.01366	0.01287	0.02174	0.69758	0.08244	0.01588	0.01988	0.01838	0.01434	0.01845	0.01269	0.01892	0.00958	0.00708	0.00712	0.00236	0.00944	0.00633	0.00318	0.00808
63	0.03152	0.01281	0.01695	0.01300	0.01852	0.01150	0.01074	0.09204	0.02154	0.65128	0.02712	0.02360	0.01714	0.00879	0.00716	0.00220	0.00622	0.00709	0.00866	0.01212
64	0.01345	0.01266	0.02136	0.73264	0.04904	0.01582	0.01978	0.01819	0.01424	0.01819	0.01266	0.01898	0.00949	0.00712	0.00712	0.00237	0.00949	0.00633	0.00316	0.00791
65	0.00868	0.00620	0.00826	0.00991	0.01033	0.00578	0.00661	0.00991	0.01363	0.01818	0.03925	0.74510	0.04710	0.02231	0.00909	0.00289	0.00413	0.02024	0.00661	0.00578
66	0.00868	0.00620	0.00826	0.00991	0.01033	0.00578	0.00661	0.00991	0.01363	0.01818	0.03925	0.74510	0.04710	0.02231	0.00909	0.00289	0.00413	0.02024	0.00661	0.00578
67	0.01386	0.01407	0.04769	0.41962	0.03877	0.01489	0.15648	0.03970	0.01534	0.02019	0.01747	0.13628	0.01592	0.00938	0.00770	0.00245	0.00914	0.00898	0.00394	0.00815
68	0.01428	0.03683	0.71286	0.02030	0.03082	0.01654	0.02631	0.02255	0.01503	0.02255	0.01278	0.01503	0.00902	0.00677	0.00677	0.00226	0.01052	0.00526	0.00301	0.01052
69	0.02289	0.01041	0.01375	0.01127	0.01528	0.00934	0.00902	0.02661	0.05082	0.41875	0.26177	0.03596	0.06028	0.01117	0.00764	0.00223	0.00502	0.00946	0.00832	0.00999
70	0.01904	0.75404	0.03731	0.01218	0.01828	0.02818	0.01218	0.02132	0.01447	0.01675	0.00990	0.01142	0.00914	0.00609	0.00457	0.00152	0.00761	0.00381	0.00305	0.00914
71	0.02104	0.01340	0.01524	0.01260	0.01673	0.01366	0.01005	0.28145	0.04591	0.17224	0.06471	0.11796	0.15914	0.01247	0.00769	0.00231	0.00590	0.01030	0.00734	0.00985
72	0.01787	0.00988	0.01231	0.01054	0.01380	0.00916	0.00827	0.08380	0.02058	0.23007	0.30398	0.07616	0.14776	0.01319	0.00794	0.00228	0.00467	0.01125	0.00780	0.00868
73	0.00970	0.00763	0.01143	0.01164	0.01265	0.00739	0.05887	0.01145	0.01421	0.01920	0.08847	0.58882	0.04398	0.04080	0.01025	0.00292	0.03016	0.01798	0.00629	0.00618
74	0.01771	0.05272	0.05846	0.07301	0.05569	0.13071	0.09805	0.02078	0.01486	0.04613	0.01514	0.01899	0.03948	0.00938	0.01264	0.00244	0.26417	0.00652	0.05463	0.00848
75	0.43782	0.08062	0.01532	0.01225	0.04469	0.04730	0.00950	0.04370	0.07484	0.02870	0.05522	0.01630	0.01343	0.00727	0.00530	0.00202	0.00607	0.00504	0.00475	0.08986
76	0.01918	0.01491	0.01778	0.01722	0.09427	0.01648	0.01212	0.29127	0.10479	0.03107	0.02171	0.13326	0.01981	0.07247	0.01094	0.00273	0.05965	0.00906	0.04155	0.00973
77	0.01989	0.08011	0.05532	0.02452	0.24234	0.20633	0.01574	0.05286	0.03488	0.05301	0.01907	0.05683	0.06257	0.00880	0.00752	0.00211	0.03717	0.00703	0.00436	0.00954

[dist]
# distance from previous block
# <min> <max>
14	43

[block]
# block no. 1 follows, 29 sequences, length 29
# corresponding to MSA columns:
# 182-210
name=unknown_B
#
# <colnr> <probs for GDERKNQSTAVLIFYWHMCP>
#	G	D	E	R	K	N	Q	S	T	A	V	L	I	F	Y	W	H	M	C	P
0	0.01566	0.01877	0.12860	0.08507	0.20773	0.01578	0.19556	0.02037	0.01540	0.02195	0.03790	0.01883	0.01254	0.00777	0.00918	0.03769	0.05366	0.00675	0.00362	0.08719
1	0.01936	0.05035	0.14610	0.07060	0.09550	0.04551	0.01551	0.25803	0.02199	0.03021	0.01941	0.02108	0.05645	0.00831	0.00672	0.00209	0.00784	0.00659	0.10832	0.01003
2	0.01210	0.08800	0.01504	0.01195	0.01342	0.01249	0.00954	0.01425	0.01191	0.01713	0.01798	0.05529	0.01750	0.09723	0.40377	0.00774	0.12572	0.00769	0.05455	0.00669
3	0.02137	0.04634	0.01977	0.04400	0.02066	0.01782	0.03925	0.35704	0.06831	0.06649	0.04245	0.07938	0.01807	0.05598	0.00971	0.00252	0.03780	0.00801	0.00628	0.03873
4	0.01115	0.11735	0.01328	0.00918	0.01161	0.00978	0.00733	0.01413	0.01874	0.02545	0.50718	0.04929	0.15192	0.01382	0.00784	0.00216	0.00402	0.01186	0.00695	0.00697
5	0.80005	0.01377	0.01047	0.00936	0.01377	0.01597	0.00771	0.02093	0.01212	0.03195	0.00991	0.01157	0.00771	0.00661	0.00441	0.00220	0.00551	0.00386	0.00441	0.00771
6	0.02592	0.01909	0.02055	0.01598	0.02135	0.02106	0.01310	0.63967	0.03224	0.04321	0.01848	0.06253	0.01429	0.00941	0.00725	0.00218	0.00760	0.00727	0.00709	0.01171
7	0.01762	0.01692	0.02890	0.04371	0.70533	0.01692	0.02185	0.02185	0.01621	0.02326	0.01339	0.01762	0.01128	0.00634	0.00705	0.00211	0.00846	0.00634	0.00352	0.01128
8	0.01327	0.00664	0.00664	0.00664	0.00830	0.00664	0.00498	0.01659	0.01493	0.02655	0.02323	0.02655	0.01825	0.00830	0.00498	0.00166	0.00332	0.00664	0.78928	0.00664
9	0.01345	0.01266	0.02136	0.73264	0.04904	0.01582	0.01978	0.01819	0.01424	0.01819	0.01266	0.01898	0.00949	0.00712	0.00712	0.00237	0.00949	0.00633	0.00316	0.00791
10	0.01036	0.00690	0.00777	0.00777	0.00777	0.00690	0.00431	0.01036	0.01036	0.01381	0.02244	0.04660	0.02589	0.74975	0.03624	0.00690	0.00690	0.01036	0.00431	0.00431
11	0.01344	0.01241	0.02076	0.70309	0.04738	0.01545	0.01917	0.01813	0.01427	0.01853	0.01309	0.01929	0.00985	0.00717	0.00703	0.00234	0.00924	0.00634	0.03516	0.00786
12	0.01527	0.01496	0.01837	0.01631	0.01723	0.08480	0.01324	0.03641	0.01263	0.01779	0.01280	0.01927	0.01208	0.02477	0.24145	0.00559	0.41950	0.00652	0.00351	0.00751
13	0.02072	0.02028	0.01799	0.01679	0.05480	0.19704	0.01240	0.12508	0.34820	0.02778	0.02466	0.02394	0.06029	0.00927	0.00708	0.00221	0.00780	0.00729	0.00608	0.01028
14	0.02003	0.65924	0.03506	0.01299	0.01877	0.11940	0.01239	0.02226	0.01522	0.01684	0.01005	0.01161	0.00914	0.00626	0.00481	0.00156	0.00830	0.00391	0.00313	0.00902
15	0.80005	0.01377	0.01047	0.00936	0.01377	0.01597	0.00771	0.02093	0.01212	0.03195	0.00991	0.01157	0.00771	0.00661	0.00441	0.00220	0.00551	0.00386	0.00441	0.00771
16	0.01352	0.01245	0.02061	0.66875	0.04582	0.01557	0.01886	0.01807	0.01415	0.01859	0.01308	0.01925	0.00994	0.00738	0.00761	0.00236	0.03608	0.00634	0.04374	0.00784
17	0.01244	0.00659	0.01003	0.05442	0.01176	0.00679	0.00703	0.00983	0.00959	0.01273	0.01239	0.02148	0.01219	0.02364	0.02654	0.74349	0.00639	0.00619	0.00310	0.00339
18	0.01017	0.00763	0.01144	0.01144	0.01272	0.00890	0.00890	0.01272	0.01144	0.01653	0.01907	0.02797	0.01780	0.05340	0.72153	0.01144	0.01907	0.00763	0.00381	0.00636
19	0.02488	0.14175	0.02251	0.01716	0.02122	0.57079	0.01336	0.02796	0.06276	0.01812	0.01200	0.01351	0.00998	0.00730	0.00619	0.00182	0.01158	0.00469	0.00381	0.00858
20	0.80005	0.01377	0.01047	0.00936	0.01377	0.01597	0.00771	0.02093	0.01212	0.03195	0.00991	0.01157	0.00771	0.00661	0.00441	0.00220	0.00551	0.00386	0.00441	0.00771
21	0.01381	0.01593	0.09214	0.19920	0.06814	0.01423	0.24751	0.01857	0.01563	0.02122	0.06705	0.15353	0.02095	0.00995	0.00798	0.00244	0.00900	0.00995	0.00428	0.00846
22	0.00926	0.00725	0.00838	0.00809	0.01013	0.00637	0.00607	0.01184	0.01821	0.02394	0.38998	0.06078	0.38166	0.01628	0.00841	0.00232	0.00348	0.01394	0.00723	0.00637
23	0.00946	0.00721	0.00869	0.00841	0.01028	0.00644	0.00627	0.01221	0.01856	0.02499	0.46239	0.08736	0.27971	0.01605	0.00843	0.00232	0.00347	0.01391	0.00738	0.00644
24	0.47718	0.01849	0.14126	0.01419	0.02009	0.01596	0.08920	0.02318	0.04168	0.08093	0.01312	0.01466	0.00964	0.00686	0.00562	0.00224	0.00721	0.00506	0.00451	0.00892
25	0.01019	0.00722	0.00901	0.00992	0.01060	0.00705	0.00662	0.05341	0.01429	0.01906	0.03458	0.56373	0.04076	0.16131	0.01418	0.00361	0.00490	0.01745	0.00620	0.00591
26	0.01693	0.28512	0.42239	0.01733	0.02576	0.07792	0.02039	0.02260	0.01526	0.02012	0.01164	0.01360	0.00907	0.00658	0.00598	0.00197	0.00970	0.00470	0.00307	0.00986
27	0.55126	0.01764	0.05824	0.01155	0.01626	0.09748	0.00996	0.06481	0.01499	0.05017	0.01182	0.01334	0.00901	0.00697	0.00508	0.00214	0.00675	0.00442	0.03977	0.00832
28	0.02390	0.01702	0.01859	0.01477	0.01948	0.01864	0.01193	0.50615	0.05297	0.06924	0.01960	0.05099	0.01552	0.05892	0.03840	0.00286	0.00776	0.00740	0.03499	0.01088

[dist]
# distance from previous block
# <min> <max>
0	1

[block]
# block no. 2 follows, 29 sequences, length 66
# corresponding to MSA columns:
# 212-277
name=unknown_C
#
# <colnr> <probs for GDERKNQSTAVLIFYWHMCP>
#	G	D	E	R	K	N	Q	S	T	A	V	L	I	F	Y	W	H	M	C	P
0	0.02127	0.05597	0.04443	0.01459	0.01904	0.06492	0.01205	0.35397	0.10415	0.03325	0.05853	0.05032	0.01938	0.08607	0.01017	0.00268	0.00748	0.02542	0.00626	0.01005
1	0.03049	0.01197	0.01621	0.01245	0.01786	0.01030	0.01025	0.03328	0.02015	0.65862	0.05095	0.02486	0.01907	0.00887	0.00713	0.00216	0.00593	0.00724	0.00859	0.04362
2	0.01732	0.01660	0.02835	0.09445	0.65699	0.01684	0.02170	0.02158	0.01607	0.02289	0.01334	0.01772	0.01115	0.00640	0.00705	0.00213	0.00854	0.00634	0.00350	0.01103
3	0.00895	0.00723	0.00795	0.00777	0.00994	0.00624	0.00583	0.01125	0.01748	0.02221	0.27310	0.06363	0.49962	0.01692	0.00841	0.00235	0.00353	0.01434	0.00700	0.00624
4	0.02412	0.01644	0.01774	0.01401	0.01878	0.01789	0.01144	0.47276	0.05528	0.08482	0.01960	0.01994	0.01416	0.00856	0.00668	0.00205	0.00668	0.00657	0.17155	0.01093
5	0.01036	0.00690	0.00777	0.00777	0.00777	0.00690	0.00431	0.01036	0.01036	0.01381	0.02244	0.04660	0.02589	0.74975	0.03624	0.00690	0.00690	0.01036	0.00431	0.00431
6	0.00917	0.00686	0.00961	0.08453	0.01433	0.00682	0.00797	0.01077	0.01370	0.01818	0.03650	0.67014	0.04321	0.02074	0.00889	0.00284	0.00468	0.01881	0.00625	0.00600
7	0.01895	0.01656	0.01671	0.03610	0.01976	0.06716	0.01174	0.05478	0.58380	0.05164	0.02686	0.02503	0.02008	0.00936	0.00718	0.00236	0.00633	0.00768	0.00692	0.01101
8	0.01477	0.01266	0.01477	0.01055	0.01687	0.00949	0.00844	0.01793	0.01477	0.02320	0.01266	0.01477	0.01055	0.00527	0.00527	0.00105	0.00527	0.00422	0.00422	0.79328
9	0.01771	0.01535	0.01656	0.01553	0.04297	0.01768	0.01165	0.03727	0.66839	0.02955	0.02843	0.02625	0.02136	0.00954	0.00724	0.00240	0.00574	0.00799	0.00711	0.01127
10	0.02654	0.01937	0.02084	0.01613	0.02170	0.02141	0.01328	0.61512	0.08066	0.06435	0.01829	0.01800	0.01298	0.00864	0.00713	0.00216	0.00762	0.00655	0.00718	0.01205
11	0.01428	0.03683	0.71286	0.02030	0.03082	0.01654	0.02631	0.02255	0.01503	0.02255	0.01278	0.01503	0.00902	0.00677	0.00677	0.00226	0.01052	0.00526	0.00301	0.01052
12	0.02602	0.03020	0.02103	0.01986	0.07236	0.54499	0.01431	0.14409	0.02225	0.02274	0.01227	0.01395	0.00985	0.00748	0.00659	0.00191	0.01163	0.00504	0.00427	0.00916
13	0.01200	0.00912	0.01376	0.01523	0.04393	0.00906	0.04637	0.01546	0.01641	0.02147	0.03551	0.07462	0.03822	0.01842	0.00965	0.00319	0.00692	0.59750	0.00628	0.00691
14	0.00993	0.00721	0.00956	0.01086	0.01187	0.00701	0.00810	0.01271	0.04366	0.02048	0.10131	0.47312	0.04631	0.02034	0.00914	0.00291	0.00476	0.18764	0.00674	0.00631
15	0.01045	0.00802	0.00992	0.01081	0.01283	0.00762	0.00906	0.01366	0.03719	0.02075	0.05111	0.07398	0.30312	0.01871	0.00919	0.00290	0.00536	0.38222	0.00660	0.00649
16	0.01327	0.00664	0.00664	0.00664	0.00830	0.00664	0.00498	0.01659	0.01493	0.02655	0.02323	0.02655	0.01825	0.00830	0.00498	0.00166	0.00332	0.00664	0.78928	0.00664
17	0.01757	0.01708	0.02982	0.04275	0.65859	0.01699	0.06786	0.02192	0.01626	0.02323	0.01346	0.01773	0.01125	0.00632	0.00714	0.00213	0.00871	0.00649	0.00353	0.01116
18	0.01036	0.00690	0.00777	0.00777	0.00777	0.00690	0.00431	0.01036	0.01036	0.01381	0.02244	0.04660	0.02589	0.74975	0.03624	0.00690	0.00690	0.01036	0.00431	0.00431
19	0.01036	0.00690	0.00777	0.00777	0.00777	0.00690	0.00431	0.01036	0.01036	0.01381	0.02244	0.04660	0.02589	0.74975	0.03624	0.00690	0.00690	0.01036	0.00431	0.00431
20	0.00969	0.00729	0.01022	0.01108	0.01210	0.00698	0.03234	0.01216	0.03915	0.01985	0.08658	0.57375	0.04568	0.02040	0.00902	0.00285	0.00467	0.08329	0.00661	0.00627
21	0.01670	0.01995	0.07036	0.02960	0.03694	0.01795	0.65188	0.02280	0.01673	0.02280	0.01434	0.01903	0.01073	0.00603	0.00833	0.00239	0.01194	0.00827	0.00358	0.00964
22	0.04300	0.01903	0.04096	0.02932	0.03643	0.01794	0.65701	0.02275	0.01665	0.02311	0.01426	0.01895	0.01070	0.00602	0.00827	0.00239	0.01179	0.00825	0.00363	0.00954
23	0.01345	0.01266	0.02136	0.73264	0.04904	0.01582	0.01978	0.01819	0.01424	0.01819	0.01266	0.01898	0.00949	0.00712	0.00712	0.00237	0.00949	0.00633	0.00316	0.00791
24	0.01327	0.00664	0.00664	0.00664	0.00830	0.00664	0.00498	0.01659	0.01493	0.02655	0.02323	0.02655	0.01825	0.00830	0.00498	0.00166	0.00332	0.00664	0.78928	0.00664
25	0.01345	0.01266	0.02136	0.73264	0.04904	0.01582	0.01978	0.01819	0.01424	0.01819	0.01266	0.01898	0.00949	0.00712	0.00712	0.00237	0.00949	0.00633	0.00316	0.00791
26	0.01035	0.00693	0.00790	0.00790	0.00795	0.00698	0.00448	0.01044	0.01039	0.01391	0.02231	0.04592	0.02559	0.72447	0.06112	0.00707	0.00735	0.01026	0.00430	0.00439
27	0.77250	0.01371	0.01068	0.00948	0.01393	0.01578	0.00781	0.02143	0.01241	0.05628	0.01057	0.01202	0.00807	0.00669	0.00451	0.00220	0.00553	0.00397	0.00456	0.00787
28	0.02489	0.01815	0.01916	0.01544	0.02054	0.04753	0.01249	0.38380	0.22637	0.12251	0.02174	0.02062	0.01553	0.00886	0.00714	0.00222	0.00716	0.00692	0.00723	0.01171
29	0.02634	0.02704	0.02114	0.01881	0.05731	0.38405	0.01408	0.30910	0.02570	0.02954	0.01375	0.01492	0.01054	0.00781	0.00676	0.00198	0.01046	0.00546	0.00515	0.01007
30	0.01327	0.00664	0.00664	0.00664	0.00830	0.00664	0.00498	0.01659	0.01493	0.02655	0.02323	0.02655	0.01825	0.00830	0.00498	0.00166	0.00332	0.00664	0.78928	0.00664
31	0.01345	0.01266	0.02136	0.73264	0.04904	0.01582	0.01978	0.01819	0.01424	0.01819	0.01266	0.01898	0.00949	0.00712	0.00712	0.00237	0.00949	0.00633	0.00316	0.00791
32	0.01215	0.00880	0.01074	0.01114	0.01255	0.00887	0.00792	0.13693	0.01739	0.02323	0.03506	0.60744	0.04048	0.01971	0.00872	0.00275	0.00483	0.01763	0.00671	0.00698
33	0.02633	0.01939	0.02084	0.01612	0.02161	0.02142	0.01325	0.65450	0.03268	0.04380	0.01799	0.04645	0.01352	0.00910	0.00720	0.00217	0.00769	0.00697	0.00710	0.01185
34	0.01558	0.01558	0.02181	0.01869	0.01869	0.02181	0.01558	0.01714	0.01091	0.01714	0.00935	0.01558	0.00935	0.01246	0.02337	0.00312	0.73672	0.00623	0.00312	0.00779
35	0.80005	0.01377	0.01047	0.00936	0.01377	0.01597	0.00771	0.02093	0.01212	0.03195	0.00991	0.01157	0.00771	0.00661	0.00441	0.00220	0.00551	0.00386	0.00441	0.00771
36	0.00993	0.00769	0.00904	0.00890	0.01075	0.00718	0.00654	0.01362	0.06719	0.02375	0.33752	0.15099	0.26125	0.04201	0.00938	0.00256	0.00384	0.01413	0.00711	0.00662
37	0.01850	0.67720	0.03466	0.01220	0.01780	0.04746	0.01182	0.02070	0.01458	0.01688	0.01209	0.06551	0.01193	0.00732	0.00496	0.00163	0.00752	0.00504	0.00333	0.00886
38	0.00968	0.00721	0.00900	0.00867	0.01042	0.00653	0.00646	0.01263	0.01905	0.02620	0.54461	0.09190	0.19006	0.01564	0.00844	0.00231	0.00345	0.01368	0.00754	0.00653
39	0.01626	0.01398	0.01740	0.01273	0.01867	0.01204	0.04658	0.09018	0.01669	0.02518	0.01304	0.01531	0.01066	0.00608	0.00669	0.00137	0.04798	0.00480	0.00444	0.61991
40	0.00874	0.00656	0.00813	0.00927	0.01029	0.00595	0.00645	0.01026	0.01462	0.01890	0.06993	0.52278	0.22072	0.02084	0.00891	0.00275	0.00404	0.03831	0.00665	0.00590
41	0.02610	0.01932	0.02081	0.01613	0.02160	0.02143	0.01328	0.63311	0.05678	0.04327	0.01760	0.01785	0.01267	0.01026	0.03374	0.00249	0.00817	0.00652	0.00700	0.01186
42	0.02635	0.01876	0.02045	0.01585	0.02127	0.02059	0.01304	0.60681	0.03155	0.08130	0.01838	0.03732	0.01353	0.01026	0.02841	0.00244	0.00797	0.00686	0.00711	0.01177
43	0.00868	0.00620	0.00826	0.00991	0.01033	0.00578	0.00661	0.00991	0.01363	0.01818	0.03925	0.74510	0.04710	0.02231	0.00909	0.00289	0.00413	0.02024	0.00661	0.00578
44	0.01720	0.01648	0.02813	0.11421	0.63817	0.01681	0.02164	0.02148	0.01601	0.02274	0.01332	0.01776	0.01110	0.00642	0.00706	0.00214	0.00857	0.00634	0.00349	0.01093
45	0.01904	0.02093	0.07235	0.03331	0.42730	0.13722	0.03806	0.04803	0.06353	0.02337	0.01504	0.01951	0.01256	0.00732	0.00708	0.00215	0.00917	0.02950	0.00401	0.01052
46	0.01019	0.00756	0.01110	0.01110	0.01226	0.00872	0.00848	0.01250	0.01134	0.01628	0.01938	0.02970	0.01855	0.11795	0.65801	0.01102	0.01795	0.00788	0.00386	0.00617
47	0.01298	0.03370	0.11269	0.03824	0.01649	0.03057	0.01070	0.01840	0.09561	0.05868	0.21325	0.06832	0.23621	0.01318	0.00779	0.00231	0.00551	0.01111	0.00629	0.00798
48	0.01588	0.01473	0.04161	0.01346	0.01997	0.01160	0.08362	0.06751	0.01638	0.02473	0.01318	0.01544	0.01064	0.00565	0.00581	0.00132	0.00638	0.00488	0.00432	0.62291
49	0.01639	0.01394	0.01511	0.01377	0.01761	0.01552	0.01087	0.03255	0.53542	0.02788	0.03041	0.03379	0.04804	0.01086	0.00746	0.00242	0.00565	0.08728	0.00692	0.06810
50	0.01418	0.01511	0.10970	0.01984	0.18591	0.01238	0.01398	0.06182	0.06813	0.02430	0.06070	0.03995	0.18822	0.01172	0.00760	0.00234	0.00648	0.08566	0.06314	0.00885
51	0.01237	0.00618	0.00928	0.00928	0.00928	0.00618	0.00618	0.00928	0.00928	0.01237	0.01237	0.02165	0.01237	0.02474	0.02783	0.79283	0.00618	0.00618	0.00309	0.00309
52	0.10727	0.23908	0.21848	0.02183	0.17783	0.08212	0.01793	0.02237	0.01526	0.02164	0.01159	0.01398	0.00943	0.00651	0.00589	0.00197	0.00884	0.00486	0.00335	0.00977
53	0.01766	0.02050	0.10833	0.02511	0.03238	0.01747	0.45090	0.10834	0.01858	0.02571	0.01440	0.01801	0.01076	0.00634	0.00773	0.00221	0.01058	0.00736	0.00406	0.09358
54	0.02557	0.01897	0.02046	0.01575	0.02132	0.02063	0.01294	0.61119	0.03147	0.04242	0.01748	0.04025	0.01312	0.00875	0.00705	0.00208	0.00753	0.00669	0.00689	0.06944
55	0.00978	0.00713	0.00948	0.01080	0.01161	0.00702	0.00803	0.01154	0.01421	0.01876	0.03811	0.45499	0.07040	0.07468	0.01168	0.00328	0.02586	0.20035	0.00633	0.00596
56	0.01516	0.00840	0.01115	0.00982	0.01239	0.00759	0.00759	0.01838	0.02021	0.18692	0.54512	0.04646	0.05567	0.01322	0.00811	0.00223	0.00399	0.01155	0.00806	0.00797
57	0.80005	0.01377	0.01047	0.00936	0.01377	0.01597	0.00771	0.02093	0.01212	0.03195	0.00991	0.01157	0.00771	0.00661	0.00441	0.00220	0.00551	0.00386	0.00441	0.00771
58	0.02638	0.01960	0.02098	0.01624	0.02182	0.02176	0.01337	0.63417	0.08202	0.04377	0.01797	0.01779	0.01282	0.00863	0.00713	0.00216	0.00767	0.00653	0.00713	0.01205
59	0.02418	0.01941	0.02083	0.01924	0.10877	0.07601	0.01386	0.45154	0.07632	0.03753	0.01742	0.01817	0.01289	0.00823	0.00692	0.00210	0.00784	0.00639	0.06112	0.01125
60	0.00850	0.00722	0.00733	0.00730	0.00967	0.00605	0.00548	0.01039	0.01643	0.01972	0.10462	0.06774	0.66965	0.01785	0.00841	0.00240	0.00359	0.01492	0.00668	0.00605
61	0.01222	0.00618	0.00924	0.00930	0.00932	0.00617	0.00620	0.00930	0.00945	0.01260	0.01346	0.05099	0.01378	0.02464	0.02707	0.76078	0.00610	0.00675	0.00323	0.00320
62	0.03195	0.01212	0.01652	0.01267	0.01818	0.01047	0.01047	0.03470	0.02038	0.71026	0.02809	0.02424	0.01763	0.00881	0.00716	0.00220	0.00606	0.00716	0.00881	0.01212
63	0.01156	0.00850	0.01126	0.08441	0.01547	0.00855	0.00854	0.01606	0.07684	0.04980	0.40324	0.17729	0.07133	0.01473	0.00825	0.00240	0.00444	0.01303	0.00707	0.00723
64	0.02618	0.01905	0.02061	0.01581	0.02150	0.02071	0.01302	0.59606	0.05054	0.06783	0.01756	0.01748	0.01249	0.00838	0.00701	0.00208	0.00754	0.00634	0.00700	0.06282
65	0.15230	0.44711	0.06415	0.06564	0.02068	0.04276	0.01275	0.04639	0.05363	0.02155	0.01164	0.01330	0.00974	0.00662	0.00514	0.00182	0.00758	0.00444	0.00369	0.00908

[dist]
# distance from previous block
# <min> <max>
0	1

[block]
# block no. 3 follows, 29 sequences, length 15
# corresponding to MSA columns:
# 279-293
name=unknown_D
#
# <colnr> <probs for GDERKNQSTAVLIFYWHMCP>
#	G	D	E	R	K	N	Q	S	T	A	V	L	I	F	Y	W	H	M	C	P
0	0.06419	0.01976	0.08031	0.09250	0.48625	0.09119	0.02035	0.02226	0.01614	0.02270	0.01283	0.01667	0.01052	0.00656	0.00681	0.00212	0.00899	0.00592	0.00352	0.01042
1	0.01969	0.04244	0.01478	0.01195	0.01540	0.04548	0.00951	0.04688	0.07531	0.24957	0.16292	0.03141	0.04410	0.03741	0.15605	0.00421	0.00859	0.00848	0.00673	0.00910
2	0.58374	0.14991	0.01636	0.05291	0.01697	0.04271	0.00945	0.02110	0.01295	0.02785	0.01011	0.01202	0.00813	0.00657	0.00467	0.00208	0.00638	0.00402	0.00406	0.00800
3	0.00937	0.00759	0.00838	0.00843	0.01049	0.00686	0.00622	0.01255	0.05987	0.02151	0.18356	0.16777	0.43692	0.01750	0.00844	0.00245	0.00377	0.01498	0.00688	0.00645
4	0.01237	0.00618	0.00928	0.00928	0.00928	0.00618	0.00618	0.00928	0.00928	0.01237	0.01237	0.02165	0.01237	0.02474	0.02783	0.79283	0.00618	0.00618	0.00309	0.00309
5	0.01425	0.01348	0.02281	0.59969	0.17569	0.01603	0.02018	0.01890	0.01462	0.01917	0.01280	0.01872	0.00984	0.00697	0.00711	0.00232	0.00929	0.00633	0.00323	0.00856
6	0.01498	0.02702	0.40642	0.02631	0.23395	0.01601	0.02264	0.02124	0.01566	0.02305	0.07588	0.01934	0.01505	0.00763	0.00781	0.00225	0.04453	0.00634	0.00361	0.01027
7	0.08071	0.01222	0.01614	0.01246	0.01790	0.01082	0.01029	0.03383	0.01986	0.66720	0.02694	0.02343	0.01700	0.00867	0.00699	0.00220	0.00602	0.00695	0.00853	0.01184
8	0.01449	0.03557	0.66947	0.02178	0.07361	0.01656	0.02603	0.02251	0.01511	0.02260	0.01282	0.01520	0.00916	0.00674	0.00678	0.00225	0.01039	0.00533	0.00304	0.01057
9	0.00876	0.00623	0.00824	0.00981	0.01020	0.00584	0.00649	0.00994	0.01347	0.01796	0.03840	0.70992	0.04603	0.05895	0.01046	0.00309	0.00427	0.01974	0.00649	0.00571
10	0.07932	0.03184	0.56268	0.01925	0.02855	0.01597	0.06202	0.02254	0.01530	0.04926	0.03964	0.01680	0.01157	0.00708	0.00675	0.00226	0.00976	0.00570	0.00356	0.01015
11	0.02614	0.01925	0.02071	0.01606	0.02149	0.02126	0.01318	0.64767	0.03248	0.04353	0.01821	0.05386	0.01388	0.00924	0.00722	0.00218	0.00765	0.00711	0.00710	0.01179
12	0.01237	0.00618	0.00928	0.00928	0.00928	0.00618	0.00618	0.00928	0.00928	0.01237	0.01237	0.02165	0.01237	0.02474	0.02783	0.79283	0.00618	0.00618	0.00309	0.00309
13	0.01955	0.70556	0.03616	0.01260	0.01853	0.07483	0.01229	0.02180	0.01485	0.01680	0.00997	0.01152	0.00914	0.00618	0.00469	0.00154	0.00797	0.00386	0.00309	0.00908
14	0.10006	0.44978	0.22138	0.01437	0.02143	0.05001	0.01570	0.02189	0.01460	0.01998	0.01074	0.01249	0.00896	0.00638	0.00523	0.00181	0.00840	0.00425	0.00320	0.00934

[dist]
# distance from previous block
# <min> <max>
0	1

[block]
# block no. 4 follows, 29 sequences, length 35
# corresponding to MSA columns:
# 295-329
name=unknown_E
#
# <colnr> <probs for GDERKNQSTAVLIFYWHMCP>
#	G	D	E	R	K	N	Q	S	T	A	V	L	I	F	Y	W	H	M	C	P
0	0.01686	0.02288	0.26743	0.03102	0.37307	0.01559	0.02160	0.02221	0.01592	0.07124	0.01594	0.06557	0.01332	0.00773	0.00709	0.00222	0.00873	0.00695	0.00392	0.01071
1	0.01139	0.03817	0.01065	0.01049	0.01164	0.00792	0.00746	0.03338	0.01467	0.06067	0.03543	0.60805	0.04082	0.01971	0.00894	0.00274	0.02229	0.01757	0.03144	0.00658
2	0.23982	0.01974	0.04329	0.17599	0.04884	0.15971	0.12899	0.06248	0.01654	0.02463	0.01215	0.01540	0.00935	0.00688	0.00642	0.00220	0.00938	0.00561	0.00394	0.00865
3	0.01208	0.01022	0.02990	0.01359	0.03674	0.00949	0.07512	0.05701	0.03484	0.02542	0.30781	0.22965	0.04650	0.01524	0.00851	0.00251	0.00534	0.06592	0.00669	0.00743
4	0.72009	0.01360	0.01110	0.00971	0.01423	0.01540	0.00800	0.02236	0.01298	0.10256	0.01181	0.01289	0.00874	0.00684	0.00469	0.00220	0.00557	0.00420	0.00487	0.00817
5	0.12021	0.01779	0.07679	0.12723	0.19532	0.01755	0.20494	0.02092	0.01479	0.02273	0.01254	0.01701	0.01001	0.00722	0.00919	0.00238	0.10400	0.00650	0.00352	0.00935
6	0.00997	0.00727	0.00937	0.00884	0.01057	0.00667	0.00663	0.01323	0.01990	0.02795	0.66065	0.05419	0.10849	0.01478	0.00840	0.00225	0.00338	0.01302	0.00776	0.00667
7	0.00998	0.00727	0.00938	0.00885	0.01058	0.00668	0.00664	0.01324	0.01992	0.02799	0.66325	0.05412	0.10587	0.01477	0.00840	0.00225	0.00337	0.01301	0.00776	0.00668
8	0.01030	0.00688	0.00778	0.00784	0.00785	0.00687	0.00439	0.01034	0.01047	0.01395	0.02300	0.07015	0.02660	0.72522	0.03533	0.00677	0.00681	0.01069	0.00439	0.00436
9	0.01354	0.01216	0.02023	0.54335	0.09003	0.01442	0.03747	0.01793	0.01449	0.01955	0.01546	0.06387	0.01284	0.00807	0.00705	0.00231	0.00854	0.00727	0.08345	0.00795
10	0.07557	0.66515	0.03415	0.01194	0.01769	0.02638	0.01170	0.02089	0.01416	0.01785	0.01033	0.01221	0.00944	0.00834	0.03809	0.00204	0.00800	0.00399	0.00318	0.00890
11	0.01979	0.68210	0.03560	0.01280	0.01865	0.09740	0.01234	0.02203	0.01504	0.01682	0.01001	0.01156	0.00914	0.00622	0.00475	0.00155	0.00814	0.00389	0.00311	0.00905
12	0.75143	0.01383	0.01137	0.03347	0.03569	0.01600	0.00852	0.02087	0.01231	0.03125	0.01011	0.01199	0.00788	0.00662	0.00457	0.00221	0.00572	0.00401	0.00434	0.00783
13	0.02604	0.01943	0.02079	0.01617	0.02169	0.02160	0.01328	0.61062	0.10613	0.04321	0.01841	0.01814	0.01317	0.00867	0.00714	0.00217	0.00759	0.00659	0.00714	0.01202
14	0.02652	0.01902	0.02058	0.01597	0.02151	0.02095	0.01313	0.58172	0.09285	0.08572	0.01888	0.01841	0.01334	0.00867	0.00714	0.00217	0.00752	0.00661	0.00724	0.01203
15	0.02361	0.01352	0.06746	0.01345	0.01827	0.01117	0.03982	0.06875	0.04133	0.39424	0.12282	0.10470	0.02671	0.01082	0.00757	0.00230	0.00615	0.00928	0.00763	0.01041
16	0.01767	0.01982	0.09123	0.03382	0.45383	0.10112	0.01973	0.02241	0.03901	0.02248	0.01642	0.02446	0.01464	0.00818	0.00728	0.00224	0.00887	0.08254	0.00397	0.01029
17	0.00882	0.00631	0.00839	0.00982	0.01036	0.00588	0.00662	0.01027	0.01429	0.01922	0.10565	0.67574	0.04911	0.02153	0.00902	0.00283	0.00405	0.01950	0.00673	0.00588
18	0.74332	0.01544	0.06117	0.01015	0.01500	0.01601	0.00905	0.02105	0.01233	0.03127	0.01012	0.01182	0.00781	0.00662	0.00458	0.00221	0.00587	0.00396	0.00431	0.00791
19	0.02043	0.01434	0.05512	0.01271	0.01747	0.01310	0.01076	0.15315	0.13316	0.20135	0.09395	0.03236	0.13850	0.01067	0.00735	0.00219	0.00587	0.00874	0.00712	0.06165
20	0.01595	0.22201	0.49162	0.01854	0.02760	0.03824	0.04934	0.02240	0.01510	0.02092	0.01205	0.01421	0.00913	0.00657	0.00625	0.00206	0.00989	0.00500	0.00306	0.01007
21	0.02689	0.07400	0.04938	0.01528	0.02075	0.12280	0.03187	0.23495	0.02354	0.27493	0.01952	0.01887	0.01345	0.00812	0.00680	0.00207	0.00802	0.00623	0.03154	0.01100
22	0.00933	0.00730	0.00862	0.00939	0.01120	0.00659	0.00735	0.01145	0.01579	0.01963	0.05625	0.19792	0.39295	0.01929	0.00894	0.00274	0.00454	0.19799	0.00660	0.00612
23	0.02216	0.01818	0.12146	0.01481	0.02021	0.03992	0.01341	0.13995	0.18979	0.21845	0.07947	0.02626	0.02107	0.00949	0.00729	0.00228	0.00696	0.03104	0.00692	0.01088
24	0.00866	0.00625	0.00821	0.00977	0.01029	0.00580	0.00655	0.00993	0.01377	0.01823	0.04096	0.70979	0.08130	0.02209	0.00905	0.00287	0.00410	0.01997	0.00661	0.00580
25	0.02707	0.01995	0.02137	0.01638	0.02208	0.02208	0.01353	0.68159	0.03348	0.04488	0.01710	0.01710	0.01211	0.00855	0.00712	0.00214	0.00784	0.00641	0.00712	0.01211
26	0.01549	0.03441	0.63544	0.02034	0.03038	0.01624	0.05944	0.02330	0.01545	0.06444	0.01380	0.01581	0.00964	0.00685	0.00687	0.00226	0.01033	0.00554	0.00339	0.01057
27	0.01130	0.00922	0.01321	0.01259	0.01344	0.01138	0.00981	0.01334	0.01129	0.01644	0.01795	0.04953	0.01770	0.11218	0.48196	0.00894	0.17148	0.00799	0.00380	0.00645
28	0.03195	0.01212	0.01652	0.01267	0.01818	0.01047	0.01047	0.03470	0.02038	0.71026	0.02809	0.02424	0.01763	0.00881	0.00716	0.00220	0.00606	0.00716	0.00881	0.01212
29	0.01552	0.12236	0.24656	0.02248	0.02990	0.01768	0.31688	0.02130	0.01582	0.02176	0.03653	0.07033	0.01440	0.00770	0.00743	0.00227	0.01011	0.00780	0.00369	0.00946
30	0.01432	0.07843	0.01431	0.01265	0.03861	0.01034	0.01012	0.01775	0.03836	0.10377	0.14328	0.09826	0.10398	0.01550	0.00843	0.00264	0.00568	0.26924	0.00663	0.00770
31	0.04955	0.05033	0.02058	0.01581	0.02099	0.08423	0.01289	0.45381	0.15449	0.03801	0.01825	0.01808	0.01339	0.00849	0.00689	0.00214	0.00779	0.00637	0.00658	0.01134
32	0.05169	0.63206	0.06634	0.01278	0.01887	0.06282	0.01270	0.02210	0.01486	0.03674	0.01059	0.01202	0.00931	0.00628	0.00483	0.00162	0.00789	0.00401	0.00329	0.00918
33	0.06177	0.18904	0.45443	0.01712	0.02570	0.01893	0.02052	0.06117	0.01590	0.02304	0.01470	0.01638	0.03785	0.00718	0.00624	0.00209	0.00915	0.00534	0.00349	0.00997
34	0.04732	0.18195	0.50013	0.01761	0.02638	0.01843	0.02153	0.02161	0.01457	0.02136	0.01247	0.01497	0.00955	0.00958	0.05158	0.00269	0.01026	0.00505	0.00312	0.00986

[dist]
# distance from previous block
# <min> <max>
1	13

[block]
# block no. 5 follows, 29 sequences, length 12
# corresponding to MSA columns:
# 343-354
name=unknown_F
#
# <colnr> <probs for GDERKNQSTAVLIFYWHMCP>
#	G	D	E	R	K	N	Q	S	T	A	V	L	I	F	Y	W	H	M	C	P
0	0.05842	0.01597	0.01698	0.01387	0.01817	0.01761	0.01108	0.41964	0.10328	0.03686	0.02079	0.07814	0.01716	0.05116	0.00858	0.00245	0.00668	0.00782	0.08502	0.01032
1	0.12397	0.17180	0.02276	0.01441	0.01986	0.02213	0.01228	0.39445	0.09265	0.03584	0.01586	0.01615	0.01189	0.00790	0.00625	0.00205	0.00727	0.00570	0.00594	0.01084
2	0.02370	0.01881	0.05180	0.01555	0.02080	0.01955	0.01310	0.53765	0.05723	0.03981	0.02155	0.08439	0.04294	0.01012	0.00734	0.00223	0.00737	0.00800	0.00687	0.01119
3	0.01540	0.02964	0.48112	0.02008	0.02865	0.01640	0.10309	0.08735	0.01668	0.02412	0.01413	0.01723	0.01055	0.01219	0.08891	0.00331	0.01142	0.00603	0.00358	0.01009
4	0.01817	0.14782	0.24742	0.02128	0.02869	0.06676	0.22038	0.09816	0.01780	0.02370	0.01306	0.01581	0.00996	0.00685	0.00748	0.00217	0.03473	0.00610	0.00371	0.00995
5	0.02467	0.02161	0.09983	0.01642	0.02230	0.04270	0.01450	0.54873	0.02968	0.03975	0.01670	0.01834	0.01242	0.04884	0.00865	0.00240	0.00825	0.00644	0.00639	0.01138
6	0.06099	0.39965	0.07871	0.01328	0.01870	0.09222	0.01254	0.09666	0.01793	0.02295	0.10845	0.01837	0.01757	0.00777	0.00574	0.00182	0.00767	0.00557	0.00432	0.00908
7	0.02202	0.10095	0.02028	0.01421	0.01870	0.01928	0.01164	0.44136	0.02575	0.03434	0.01720	0.02155	0.01422	0.11017	0.09283	0.00376	0.00898	0.00677	0.00591	0.01009
8	0.02622	0.01913	0.02047	0.01579	0.02124	0.02114	0.01301	0.64089	0.03234	0.04375	0.01747	0.01767	0.01249	0.00853	0.00699	0.00211	0.00756	0.00642	0.05499	0.01177
9	0.01978	0.65967	0.06489	0.01276	0.01893	0.04859	0.01275	0.02233	0.01500	0.05495	0.01105	0.01232	0.00960	0.00631	0.00486	0.00160	0.00782	0.00408	0.00338	0.00933
10	0.01361	0.07771	0.01474	0.01175	0.01411	0.01228	0.00948	0.10627	0.01509	0.02139	0.01834	0.02482	0.01626	0.03869	0.49069	0.00834	0.01501	0.00702	0.07696	0.00743
11	0.05306	0.18246	0.54085	0.01811	0.02743	0.01889	0.02252	0.02222	0.01478	0.02182	0.01205	0.01413	0.00898	0.00662	0.00620	0.00210	0.00969	0.00490	0.00308	0.01010

[dist]
# distance from previous block
# <min> <max>
2	8

[block]
# block no. 6 follows, 29 sequences, length 14
# corresponding to MSA columns:
# 363-376
name=unknown_G
#
