[name]
unknown

[dist]
# distance from previous block
# <min> <max>
0	82

[block]
# block no. 0 follows, 29 sequences, length 16
# corresponding to MSA columns:
# 83-98
name=unknown_A
#
# <colnr> <probs for GDERKNQSTAVLIFYWHMCP>
#	G	D	E	R	K	N	Q	S	T	A	V	L	I	F	Y	W	H	M	C	P
0	0.01256	0.00901	0.01216	0.01334	0.01526	0.00916	0.01162	0.06116	0.01758	0.02295	0.03627	0.07592	0.03897	0.01890	0.00965	0.00320	0.00665	0.61210	0.00660	0.00694
1	0.02537	0.02091	0.01978	0.06371	0.02272	0.16874	0.01320	0.39470	0.02704	0.09903	0.01996	0.02018	0.05461	0.00881	0.00706	0.00211	0.00858	0.00662	0.00625	0.01063
2	0.02647	0.01455	0.01733	0.01382	0.01877	0.01474	0.01121	0.24918	0.10041	0.34332	0.04461	0.07260	0.01970	0.00991	0.00733	0.00225	0.00640	0.00808	0.00789	0.01143
3	0.01351	0.00729	0.00776	0.00755	0.00934	0.00752	0.00575	0.04375	0.01533	0.02624	0.02253	0.02631	0.01795	0.01313	0.08166	0.00272	0.00519	0.00673	0.67290	0.00683
4	0.01657	0.01622	0.02515	0.20312	0.45954	0.05953	0.01981	0.02057	0.01581	0.02135	0.01485	0.06776	0.01319	0.00769	0.00717	0.00221	0.00868	0.00719	0.00366	0.00991
5	0.01750	0.01403	0.01495	0.01330	0.01712	0.01566	0.01032	0.07356	0.50130	0.06263	0.03352	0.03213	0.10955	0.04125	0.00859	0.00257	0.00558	0.00890	0.00711	0.01039
6	0.00892	0.00655	0.00842	0.00970	0.01056	0.00604	0.00679	0.01052	0.01460	0.01920	0.08560	0.55995	0.14014	0.02103	0.00900	0.00281	0.00418	0.06338	0.00668	0.00593
7	0.01387	0.01089	0.01109	0.01031	0.01292	0.05421	0.00772	0.05916	0.09860	0.07028	0.12983	0.12514	0.28166	0.06975	0.01013	0.00271	0.00514	0.01240	0.00667	0.00753
8	0.07558	0.01166	0.01825	0.42656	0.03452	0.01373	0.05519	0.01738	0.01413	0.02055	0.01720	0.11376	0.01539	0.00930	0.00750	0.00237	0.03121	0.00810	0.10007	0.00756
9	0.04267	0.01427	0.01593	0.01333	0.01762	0.01527	0.01059	0.18673	0.25297	0.17486	0.02826	0.02801	0.07504	0.05083	0.03830	0.00291	0.00670	0.00804	0.00712	0.01054
10	0.02360	0.01807	0.02132	0.01638	0.02154	0.01960	0.05493	0.49247	0.02771	0.03765	0.01572	0.01718	0.01172	0.00929	0.00929	0.05010	0.05291	0.00630	0.00612	0.08808
11	0.00946	0.00717	0.00857	0.00933	0.01049	0.00680	0.00643	0.01211	0.05966	0.01942	0.08486	0.43128	0.19771	0.08852	0.01132	0.00308	0.00432	0.01683	0.00651	0.00612
12	0.02421	0.01732	0.01941	0.06073	0.02208	0.01904	0.01283	0.48833	0.07094	0.08590	0.02001	0.06930	0.01574	0.03066	0.00810	0.00236	0.00740	0.00763	0.00688	0.01113
13	0.01923	0.01508	0.01523	0.01290	0.01646	0.05862	0.00999	0.31615	0.07691	0.03113	0.02790	0.09551	0.10791	0.10657	0.01107	0.00283	0.00670	0.00934	0.05137	0.00911
14	0.01592	0.01148	0.01285	0.01151	0.01413	0.01199	0.00865	0.25576	0.02113	0.02851	0.06427	0.25164	0.09314	0.10463	0.01135	0.00295	0.00568	0.01230	0.05408	0.00803
15	0.08686	0.07012	0.13210	0.01643	0.02161	0.01705	0.10350	0.10887	0.05775	0.02498	0.01808	0.02165	0.05565	0.06005	0.01090	0.00255	0.10329	0.00679	0.00446	0.07731

[dist]
# distance from previous block
# <min> <max>
11	43

[block]
# block no. 1 follows, 29 sequences, length 8
# corresponding to MSA columns:
# 148-155
name=unknown_B
#
# <colnr> <probs for GDERKNQSTAVLIFYWHMCP>
#	G	D	E	R	K	N	Q	S	T	A	V	L	I	F	Y	W	H	M	C	P
0	0.01408	0.01120	0.01468	0.09239	0.01893	0.01139	0.03944	0.06381	0.07667	0.06048	0.07747	0.14666	0.18255	0.01299	0.00862	0.00232	0.04863	0.01100	0.00590	0.10079
1	0.06486	0.02035	0.08984	0.01865	0.06531	0.11533	0.10039	0.16032	0.04366	0.13875	0.04120	0.01923	0.01421	0.00776	0.00691	0.00210	0.00848	0.00647	0.02916	0.04704
2	0.01618	0.01379	0.01946	0.22603	0.07651	0.01439	0.04799	0.12280	0.04865	0.02493	0.01600	0.04539	0.01314	0.01045	0.05244	0.00257	0.00827	0.00661	0.03225	0.20213
3	0.05241	0.01292	0.01521	0.11626	0.06343	0.07213	0.01152	0.04201	0.01485	0.02209	0.01713	0.06295	0.01506	0.01498	0.10355	0.00336	0.09831	0.00697	0.19121	0.06367
4	0.05490	0.01536	0.02069	0.29239	0.09796	0.06972	0.05806	0.04509	0.11571	0.07701	0.01706	0.02148	0.01335	0.06049	0.00911	0.00261	0.00854	0.00682	0.00459	0.00908
5	0.01589	0.03587	0.01300	0.01095	0.01362	0.00992	0.00842	0.05974	0.01705	0.15884	0.12986	0.19699	0.09534	0.06647	0.05635	0.00325	0.03959	0.01160	0.00651	0.05071
6	0.01726	0.01453	0.01779	0.11994	0.02261	0.01636	0.01266	0.15310	0.17858	0.02760	0.06703	0.04855	0.01856	0.00960	0.00944	0.00224	0.11535	0.00738	0.00554	0.13589
7	0.07484	0.01637	0.05052	0.10290	0.02281	0.01721	0.01318	0.27408	0.10280	0.10154	0.01797	0.01935	0.01320	0.00954	0.00900	0.05283	0.04474	0.00643	0.04060	0.01008

[dist]
# distance from previous block
# <min> <max>
15	39

[block]
# block no. 2 follows, 29 sequences, length 7
# corresponding to MSA columns:
# 197-203
name=unknown_C
#
# <colnr> <probs for GDERKNQSTAVLIFYWHMCP>
#	G	D	E	R	K	N	Q	S	T	A	V	L	I	F	Y	W	H	M	C	P
0	0.01782	0.38851	0.04903	0.01265	0.01764	0.13939	0.01140	0.02030	0.01593	0.01874	0.06082	0.05981	0.06344	0.00852	0.00580	0.00174	0.00761	0.00631	0.00403	0.09050
1	0.01948	0.01655	0.01813	0.01628	0.04144	0.05435	0.01254	0.11839	0.37471	0.06343	0.02401	0.02371	0.03977	0.00999	0.00995	0.00245	0.13055	0.00747	0.00628	0.01051
2	0.01279	0.00942	0.01129	0.01004	0.01248	0.00925	0.00774	0.12661	0.02201	0.03035	0.51945	0.04866	0.12428	0.01390	0.00818	0.00224	0.00415	0.01200	0.00759	0.00756
3	0.01398	0.02408	0.33790	0.07141	0.12333	0.01539	0.05707	0.01950	0.01502	0.02123	0.02267	0.02506	0.12731	0.00920	0.00894	0.00237	0.08503	0.00743	0.00375	0.00934
4	0.04393	0.09128	0.17393	0.06005	0.06439	0.01921	0.25252	0.02110	0.01468	0.02113	0.01230	0.01649	0.00982	0.00759	0.01049	0.00241	0.15953	0.00649	0.00333	0.00931
5	0.01170	0.01097	0.01022	0.01118	0.01227	0.12734	0.00775	0.01308	0.01491	0.01812	0.03650	0.57841	0.08161	0.01950	0.00859	0.00268	0.00558	0.01726	0.00611	0.00622
6	0.00868	0.00620	0.00826	0.00991	0.01033	0.00578	0.00661	0.00991	0.01363	0.01818	0.03925	0.74510	0.04710	0.02231	0.00909	0.00289	0.00413	0.02024	0.00661	0.00578

[dist]
# distance from previous block
# <min> <max>
3	5

[block]
# block no. 3 follows, 29 sequences, length 15
# corresponding to MSA columns:
# 209-223
name=unknown_D
#
# <colnr> <probs for GDERKNQSTAVLIFYWHMCP>
#	G	D	E	R	K	N	Q	S	T	A	V	L	I	F	Y	W	H	M	C	P
0	0.08181	0.53281	0.12131	0.01360	0.01990	0.09173	0.01381	0.02213	0.01490	0.01879	0.01038	0.01204	0.00901	0.00634	0.00502	0.00170	0.00832	0.00407	0.00321	0.00912
1	0.10629	0.55070	0.06246	0.01407	0.05786	0.02454	0.01276	0.02221	0.01471	0.06295	0.01138	0.01277	0.00963	0.00637	0.00495	0.00171	0.00746	0.00424	0.00359	0.00935
2	0.01399	0.00895	0.01127	0.01001	0.01252	0.00852	0.00772	0.05904	0.04593	0.11068	0.53015	0.04701	0.07896	0.01343	0.00813	0.00224	0.00406	0.01168	0.00784	0.00785
3	0.08436	0.01574	0.01734	0.05949	0.02063	0.01727	0.01179	0.28636	0.19742	0.07010	0.04608	0.06026	0.01820	0.00938	0.00698	0.00222	0.00658	0.00752	0.00660	0.05568
4	0.04449	0.01782	0.02336	0.17538	0.17474	0.05895	0.05940	0.23052	0.09220	0.02956	0.01585	0.01832	0.01199	0.00759	0.00708	0.00221	0.00858	0.00650	0.00501	0.01043
5	0.00949	0.00668	0.00873	0.01006	0.01061	0.00642	0.00702	0.01085	0.01349	0.01789	0.03575	0.49450	0.04196	0.16125	0.01442	0.00373	0.00509	0.13024	0.00616	0.00564
6	0.01147	0.00820	0.01147	0.01311	0.01475	0.00820	0.01147	0.01475	0.01639	0.02131	0.03770	0.08032	0.04098	0.01967	0.00984	0.00328	0.00656	0.65741	0.00656	0.00656
7	0.01762	0.01692	0.02890	0.04371	0.70533	0.01692	0.02185	0.02185	0.01621	0.02326	0.01339	0.01762	0.01128	0.00634	0.00705	0.00211	0.00846	0.00634	0.00352	0.01128
8	0.01147	0.00820	0.01147	0.01311	0.01475	0.00820	0.01147	0.01475	0.01639	0.02131	0.03770	0.08032	0.04098	0.01967	0.00984	0.00328	0.00656	0.65741	0.00656	0.00656
9	0.01479	0.09240	0.62463	0.02016	0.03016	0.01753	0.05930	0.02247	0.01508	0.02211	0.01264	0.01497	0.00912	0.00667	0.00668	0.00221	0.01037	0.00531	0.00304	0.01037
10	0.01345	0.01266	0.02136	0.73264	0.04904	0.01582	0.01978	0.01819	0.01424	0.01819	0.01266	0.01898	0.00949	0.00712	0.00712	0.00237	0.00949	0.00633	0.00316	0.00791
11	0.01503	0.01390	0.02283	0.55806	0.17551	0.01639	0.01983	0.05617	0.01570	0.02068	0.01305	0.01861	0.00999	0.00705	0.00711	0.00231	0.00920	0.00634	0.00346	0.00880
12	0.01771	0.01342	0.01508	0.03858	0.01762	0.01343	0.00983	0.21037	0.09407	0.02975	0.01986	0.08156	0.01692	0.03294	0.00738	0.00200	0.00587	0.00726	0.12167	0.24466
13	0.05874	0.08819	0.11759	0.05121	0.02003	0.05531	0.01300	0.16720	0.01986	0.05028	0.08049	0.10801	0.08299	0.01131	0.00723	0.00228	0.00716	0.04462	0.00558	0.00892
14	0.06338	0.01192	0.02938	0.01133	0.01403	0.05437	0.00878	0.05530	0.09984	0.04248	0.07449	0.24155	0.08362	0.04300	0.00873	0.00257	0.00553	0.04590	0.05125	0.05254

[dist]
# distance from previous block
# <min> <max>
1	11

[block]
# block no. 4 follows, 29 sequences, length 15
# corresponding to MSA columns:
# 235-249
name=unknown_E
#
# <colnr> <probs for GDERKNQSTAVLIFYWHMCP>
#	G	D	E	R	K	N	Q	S	T	A	V	L	I	F	Y	W	H	M	C	P
0	0.15891	0.01537	0.02176	0.13393	0.05728	0.03776	0.13908	0.09923	0.01762	0.08051	0.06073	0.04184	0.01548	0.00823	0.00772	0.00226	0.04411	0.00706	0.00488	0.04626
1	0.29033	0.07273	0.07861	0.03549	0.07678	0.05702	0.01234	0.11118	0.01733	0.02870	0.07582	0.01755	0.01473	0.00750	0.00586	0.00203	0.00699	0.00552	0.00470	0.07879
2	0.01577	0.01400	0.02172	0.58801	0.07593	0.01685	0.01890	0.12208	0.01734	0.02261	0.01339	0.01862	0.00999	0.00731	0.00712	0.00232	0.00918	0.00634	0.00380	0.00873
3	0.01237	0.00618	0.00928	0.00928	0.00928	0.00618	0.00618	0.00928	0.00928	0.01237	0.01237	0.02165	0.01237	0.02474	0.02783	0.79283	0.00618	0.00618	0.00309	0.00309
4	0.01036	0.00690	0.00777	0.00777	0.00777	0.00690	0.00431	0.01036	0.01036	0.01381	0.02244	0.04660	0.02589	0.74975	0.03624	0.00690	0.00690	0.01036	0.00431	0.00431
5	0.01477	0.01266	0.01477	0.01055	0.01687	0.00949	0.00844	0.01793	0.01477	0.02320	0.01266	0.01477	0.01055	0.00527	0.00527	0.00105	0.00527	0.00422	0.00422	0.79328
6	0.01017	0.00763	0.01144	0.01144	0.01272	0.00890	0.00890	0.01272	0.01144	0.01653	0.01907	0.02797	0.01780	0.05340	0.72153	0.01144	0.01907	0.00763	0.00381	0.00636
7	0.00999	0.01158	0.11963	0.07840	0.01711	0.00839	0.01091	0.01266	0.01391	0.01886	0.03265	0.56379	0.03766	0.01847	0.00854	0.00274	0.00563	0.01661	0.00573	0.00672
8	0.01974	0.68742	0.03573	0.01275	0.01862	0.09228	0.01233	0.02198	0.01500	0.01682	0.01000	0.01155	0.00914	0.00621	0.00474	0.00155	0.00810	0.00388	0.00310	0.00906
9	0.01777	0.01556	0.04812	0.34765	0.26155	0.01631	0.01929	0.08241	0.01725	0.08407	0.01469	0.01868	0.01104	0.00713	0.00709	0.00225	0.00873	0.00638	0.00415	0.00989
10	0.01117	0.00718	0.00856	0.00837	0.00889	0.00721	0.00522	0.01192	0.01179	0.04026	0.07914	0.04379	0.02797	0.56620	0.10147	0.00663	0.00769	0.01005	0.03139	0.00508
11	0.01723	0.01602	0.02427	0.34915	0.30174	0.04417	0.01961	0.09987	0.01756	0.02336	0.01342	0.01799	0.01049	0.00700	0.00707	0.00222	0.00902	0.00628	0.00380	0.00975
12	0.01938	0.00940	0.01080	0.00936	0.01238	0.00919	0.00731	0.05644	0.05838	0.22003	0.02460	0.02634	0.01833	0.04251	0.00727	0.00212	0.00463	0.00703	0.44587	0.00864
13	0.65851	0.01518	0.01402	0.01179	0.01646	0.05086	0.06789	0.02207	0.01330	0.06004	0.01116	0.01286	0.00849	0.00669	0.00498	0.00220	0.00647	0.00444	0.00449	0.00810
14	0.09156	0.11729	0.13081	0.01627	0.02191	0.24503	0.01472	0.17100	0.06117	0.04573	0.01396	0.01498	0.01065	0.00748	0.00629	0.00201	0.00945	0.00521	0.00467	0.00982

[dist]
# distance from previous block
# <min> <max>
0	1

[block]
# block no. 5 follows, 29 sequences, length 70
# corresponding to MSA columns:
# 251-320
name=unknown_F
#
# <colnr> <probs for GDERKNQSTAVLIFYWHMCP>
#	G	D	E	R	K	N	Q	S	T	A	V	L	I	F	Y	W	H	M	C	P
0	0.04433	0.05882	0.06178	0.01220	0.01600	0.01254	0.01049	0.08669	0.10157	0.12075	0.26284	0.05789	0.03584	0.01332	0.03589	0.00264	0.00609	0.04456	0.00682	0.00893
1	0.01279	0.05733	0.06758	0.01328	0.01540	0.01331	0.01140	0.03789	0.01369	0.01959	0.11379	0.02706	0.02183	0.05325	0.30633	0.03313	0.16322	0.00768	0.00425	0.00721
2	0.00878	0.00628	0.00836	0.00984	0.01035	0.00585	0.00662	0.01018	0.01413	0.01897	0.08965	0.69244	0.04862	0.02172	0.00904	0.00284	0.00407	0.01968	0.00670	0.00585
3	0.02497	0.02278	0.01993	0.01652	0.02131	0.21172	0.01312	0.36781	0.16881	0.03421	0.01794	0.01793	0.01334	0.00845	0.00696	0.00211	0.00874	0.00626	0.00621	0.01088
4	0.05426	0.01973	0.02099	0.01614	0.02179	0.02187	0.01333	0.65835	0.03273	0.04442	0.01684	0.01690	0.01195	0.00848	0.00703	0.00214	0.00775	0.00632	0.00703	0.01195
5	0.24524	0.06261	0.01790	0.17276	0.02430	0.01646	0.01233	0.14861	0.01855	0.16850	0.01650	0.03935	0.01227	0.00799	0.00625	0.00221	0.00705	0.00607	0.00553	0.00953
6	0.01445	0.03568	0.66892	0.02093	0.03124	0.01663	0.06909	0.02257	0.01515	0.02257	0.01289	0.01531	0.00914	0.00672	0.00687	0.00226	0.01062	0.00547	0.00305	0.01046
7	0.00964	0.00726	0.00891	0.00849	0.01037	0.00653	0.00637	0.01258	0.01911	0.02608	0.53424	0.05727	0.23607	0.01548	0.00840	0.00228	0.00343	0.01345	0.00751	0.00653
8	0.00880	0.00642	0.00828	0.00952	0.01028	0.00591	0.00649	0.01032	0.01461	0.01940	0.11328	0.59762	0.12082	0.02102	0.00894	0.00277	0.00399	0.01889	0.00674	0.00591
9	0.01468	0.09740	0.65581	0.01961	0.02976	0.01752	0.02512	0.02245	0.01499	0.02206	0.01254	0.01473	0.00903	0.00671	0.00658	0.00219	0.01028	0.00514	0.00301	0.01041
10	0.02992	0.01225	0.01630	0.01262	0.01784	0.01093	0.01037	0.07541	0.02122	0.61350	0.07991	0.02603	0.02113	0.00924	0.00725	0.00220	0.00596	0.00756	0.00863	0.01170
11	0.00967	0.00696	0.00920	0.00958	0.01081	0.00649	0.00700	0.01227	0.01758	0.02437	0.42107	0.30105	0.05827	0.01766	0.00874	0.00254	0.00385	0.05918	0.00731	0.00638
12	0.09497	0.25045	0.02400	0.01412	0.01926	0.14034	0.01200	0.15473	0.09905	0.10332	0.01578	0.01600	0.01202	0.00755	0.00597	0.00194	0.00794	0.00533	0.00521	0.01002
13	0.01599	0.01338	0.01542	0.01113	0.01739	0.01074	0.00894	0.08391	0.01663	0.02536	0.01310	0.01500	0.01070	0.00560	0.00546	0.00116	0.00553	0.00444	0.00451	0.71562
14	0.01201	0.00918	0.01233	0.01171	0.01304	0.01068	0.00914	0.04729	0.01412	0.02066	0.08723	0.10539	0.04899	0.03111	0.32182	0.00640	0.12558	0.00934	0.09713	0.00687
15	0.00893	0.00722	0.00803	0.00853	0.01053	0.00632	0.00654	0.01089	0.01588	0.01941	0.06197	0.16832	0.50381	0.01891	0.00874	0.00261	0.00415	0.11655	0.00660	0.00606
16	0.01350	0.00974	0.01260	0.01324	0.01535	0.01001	0.01123	0.11466	0.01865	0.02450	0.03477	0.14713	0.03733	0.01830	0.00934	0.00306	0.00647	0.48617	0.00665	0.00730
17	0.01629	0.33944	0.42783	0.01687	0.02553	0.02145	0.02035	0.02203	0.01480	0.02010	0.01156	0.01351	0.00907	0.00648	0.00584	0.00195	0.00930	0.00465	0.00302	0.00994
18	0.01634	0.10319	0.21003	0.01448	0.02007	0.01587	0.01452	0.15986	0.07008	0.02858	0.20509	0.06322	0.02852	0.01020	0.00719	0.00219	0.00698	0.00839	0.00570	0.00947
19	0.01345	0.01266	0.02136	0.73264	0.04904	0.01582	0.01978	0.01819	0.01424	0.01819	0.01266	0.01898	0.00949	0.00712	0.00712	0.00237	0.00949	0.00633	0.00316	0.00791
20	0.01773	0.01606	0.02587	0.05722	0.54441	0.01644	0.01937	0.06591	0.05813	0.02411	0.01449	0.01849	0.01201	0.00815	0.00869	0.06383	0.00810	0.00644	0.00395	0.01060
21	0.01586	0.14711	0.47869	0.07426	0.02919	0.01891	0.02229	0.06497	0.01593	0.02254	0.01246	0.01492	0.00929	0.00703	0.00713	0.00217	0.03864	0.00523	0.00330	0.01009
22	0.01364	0.01286	0.02171	0.70033	0.07982	0.01587	0.01987	0.01836	0.01433	0.01843	0.01269	0.01892	0.00958	0.00708	0.00712	0.00236	0.00944	0.00633	0.00318	0.00807
23	0.01024	0.00686	0.00780	0.00791	0.00794	0.00683	0.00447	0.01033	0.01057	0.01410	0.02355	0.09269	0.02729	0.70175	0.03445	0.00664	0.00672	0.01101	0.00447	0.00441
24	0.10713	0.01455	0.06538	0.42577	0.12833	0.01520	0.01795	0.01957	0.01480	0.04558	0.03377	0.02192	0.01300	0.00783	0.00694	0.00235	0.00851	0.03903	0.00385	0.00856
25	0.02184	0.07226	0.02190	0.20119	0.02844	0.34473	0.01533	0.10844	0.01920	0.02109	0.01200	0.01511	0.00965	0.00779	0.00802	0.00210	0.07298	0.00536	0.00390	0.00868
26	0.01813	0.00906	0.01210	0.01032	0.01341	0.00810	0.00810	0.02127	0.02024	0.27960	0.45356	0.04253	0.04894	0.01244	0.00794	0.00223	0.00435	0.01077	0.00820	0.00871
27	0.01008	0.00728	0.00952	0.00896	0.01064	0.00672	0.00672	0.01344	0.02016	0.02855	0.70158	0.05319	0.06719	0.01456	0.00840	0.00224	0.00336	0.01288	0.00784	0.00672
28	0.01591	0.01935	0.13153	0.29634	0.25098	0.07609	0.02044	0.02071	0.01563	0.02062	0.01430	0.02115	0.01188	0.00760	0.00715	0.00228	0.00943	0.04576	0.00350	0.00934
29	0.02576	0.03205	0.02034	0.01831	0.02176	0.64401	0.01389	0.04896	0.01990	0.01830	0.01108	0.01319	0.00928	0.00777	0.00776	0.00194	0.06883	0.00477	0.00374	0.00835
30	0.01345	0.01266	0.02136	0.73264	0.04904	0.01582	0.01978	0.01819	0.01424	0.01819	0.01266	0.01898	0.00949	0.00712	0.00712	0.00237	0.00949	0.00633	0.00316	0.00791
31	0.02494	0.01889	0.02017	0.01595	0.02127	0.02109	0.01302	0.53496	0.18358	0.04144	0.01980	0.01925	0.01430	0.00880	0.00715	0.00220	0.00733	0.00678	0.00715	0.01192
32	0.01019	0.00756	0.01107	0.01107	0.01222	0.00870	0.00844	0.01248	0.01133	0.01626	0.01941	0.02985	0.01862	0.12372	0.65234	0.01099	0.01784	0.00790	0.00387	0.00615
33	0.06364	0.01914	0.02054	0.01581	0.02144	0.02103	0.01306	0.60823	0.03162	0.08785	0.01748	0.01730	0.01226	0.00847	0.00700	0.00214	0.00761	0.00634	0.00711	0.01190
34	0.01008	0.00728	0.00952	0.00896	0.01064	0.00672	0.00672	0.01344	0.02016	0.02855	0.70158	0.05319	0.06719	0.01456	0.00840	0.00224	0.00336	0.01288	0.00784	0.00672
35	0.01373	0.00708	0.00712	0.00696	0.00875	0.00715	0.00526	0.03849	0.01554	0.02715	0.02303	0.02624	0.01805	0.00830	0.00505	0.00167	0.00347	0.00663	0.76352	0.00682
36	0.00882	0.00630	0.00842	0.01008	0.01055	0.00591	0.00686	0.01016	0.01377	0.01834	0.03917	0.71157	0.04679	0.02218	0.00913	0.00291	0.00425	0.05238	0.00661	0.00582
37	0.01008	0.00728	0.00952	0.00896	0.01064	0.00672	0.00672	0.01344	0.02016	0.02855	0.70158	0.05319	0.06719	0.01456	0.00840	0.00224	0.00336	0.01288	0.00784	0.00672
38	0.01008	0.00728	0.00952	0.00896	0.01064	0.00672	0.00672	0.01344	0.02016	0.02855	0.70158	0.05319	0.06719	0.01456	0.00840	0.00224	0.00336	0.01288	0.00784	0.00672
39	0.01428	0.03683	0.71286	0.02030	0.03082	0.01654	0.02631	0.02255	0.01503	0.02255	0.01278	0.01503	0.00902	0.00677	0.00677	0.00226	0.01052	0.00526	0.00301	0.01052
40	0.80005	0.01377	0.01047	0.00936	0.01377	0.01597	0.00771	0.02093	0.01212	0.03195	0.00991	0.01157	0.00771	0.00661	0.00441	0.00220	0.00551	0.00386	0.00441	0.00771
41	0.00868	0.00620	0.00826	0.00991	0.01033	0.00578	0.00661	0.00991	0.01363	0.01818	0.03925	0.74510	0.04710	0.02231	0.00909	0.00289	0.00413	0.02024	0.00661	0.00578
42	0.07737	0.01569	0.01637	0.01314	0.01758	0.01725	0.01069	0.42977	0.04995	0.03840	0.01869	0.01964	0.01383	0.00838	0.00635	0.00202	0.00635	0.00635	0.22192	0.01027
43	0.01904	0.75404	0.03731	0.01218	0.01828	0.02818	0.01218	0.02132	0.01447	0.01675	0.00990	0.01142	0.00914	0.00609	0.00457	0.00152	0.00761	0.00381	0.00305	0.00914
44	0.01045	0.00721	0.00808	0.00787	0.00835	0.00697	0.00460	0.01073	0.01097	0.01464	0.02527	0.04646	0.07041	0.66321	0.03282	0.00631	0.00660	0.01036	0.00446	0.04423
45	0.80005	0.01377	0.01047	0.00936	0.01377	0.01597	0.00771	0.02093	0.01212	0.03195	0.00991	0.01157	0.00771	0.00661	0.00441	0.00220	0.00551	0.00386	0.00441	0.00771
46	0.02660	0.03394	0.02018	0.01834	0.02201	0.72116	0.01376	0.02843	0.02018	0.01743	0.01101	0.01284	0.00917	0.00734	0.00642	0.00183	0.01284	0.00459	0.00367	0.00825
47	0.00972	0.00726	0.00902	0.00858	0.01042	0.00656	0.00643	0.01274	0.01930	0.02652	0.56441	0.05653	0.20562	0.01531	0.00840	0.00228	0.00341	0.01335	0.00757	0.00656
48	0.02707	0.01995	0.02137	0.01638	0.02208	0.02208	0.01353	0.68159	0.03348	0.04488	0.01710	0.01710	0.01211	0.00855	0.00712	0.00214	0.00784	0.00641	0.00712	0.01211
49	0.03195	0.01212	0.01652	0.01267	0.01818	0.01047	0.01047	0.03470	0.02038	0.71026	0.02809	0.02424	0.01763	0.00881	0.00716	0.00220	0.00606	0.00716	0.00881	0.01212
50	0.02368	0.01184	0.01483	0.01226	0.01660	0.01140	0.00981	0.03076	0.18444	0.39610	0.15446	0.03155	0.04920	0.01037	0.00745	0.00227	0.00538	0.00868	0.00818	0.01072
51	0.01028	0.00687	0.00779	0.00787	0.00789	0.00685	0.00442	0.01033	0.01051	0.01401	0.02322	0.07936	0.02688	0.71563	0.03497	0.00672	0.00677	0.01082	0.00442	0.00438
52	0.01345	0.01266	0.02136	0.73264	0.04904	0.01582	0.01978	0.01819	0.01424	0.01819	0.01266	0.01898	0.00949	0.00712	0.00712	0.00237	0.00949	0.00633	0.00316	0.00791
53	0.02707	0.01995	0.02137	0.01638	0.02208	0.02208	0.01353	0.68159	0.03348	0.04488	0.01710	0.01710	0.01211	0.00855	0.00712	0.00214	0.00784	0.00641	0.00712	0.01211
54	0.03195	0.01212	0.01652	0.01267	0.01818	0.01047	0.01047	0.03470	0.02038	0.71026	0.02809	0.02424	0.01763	0.00881	0.00716	0.00220	0.00606	0.00716	0.00881	0.01212
55	0.01904	0.75404	0.03731	0.01218	0.01828	0.02818	0.01218	0.02132	0.01447	0.01675	0.00990	0.01142	0.00914	0.00609	0.00457	0.00152	0.00761	0.00381	0.00305	0.00914
56	0.03195	0.01212	0.01652	0.01267	0.01818	0.01047	0.01047	0.03470	0.02038	0.71026	0.02809	0.02424	0.01763	0.00881	0.00716	0.00220	0.00606	0.00716	0.00881	0.01212
57	0.00868	0.00620	0.00826	0.00991	0.01033	0.00578	0.00661	0.00991	0.01363	0.01818	0.03925	0.74510	0.04710	0.02231	0.00909	0.00289	0.00413	0.02024	0.00661	0.00578
58	0.80005	0.01377	0.01047	0.00936	0.01377	0.01597	0.00771	0.02093	0.01212	0.03195	0.00991	0.01157	0.00771	0.00661	0.00441	0.00220	0.00551	0.00386	0.00441	0.00771
59	0.00934	0.00706	0.00787	0.00788	0.00926	0.00640	0.00537	0.01081	0.01489	0.01910	0.16581	0.10350	0.33221	0.24955	0.01727	0.00383	0.00464	0.01351	0.00610	0.00558
60	0.01681	0.01921	0.04202	0.03001	0.03721	0.01801	0.67947	0.02281	0.01681	0.02281	0.01441	0.01921	0.01080	0.00600	0.00840	0.00240	0.01200	0.00840	0.00360	0.00960
61	0.02707	0.01995	0.02137	0.01638	0.02208	0.02208	0.01353	0.68159	0.03348	0.04488	0.01710	0.01710	0.01211	0.00855	0.00712	0.00214	0.00784	0.00641	0.00712	0.01211
62	0.00999	0.00721	0.00944	0.00902	0.01062	0.00666	0.00671	0.01321	0.01973	0.02787	0.65819	0.09851	0.06587	0.01506	0.00844	0.00228	0.00341	0.01336	0.00776	0.00666
63	0.01558	0.01558	0.02181	0.01869	0.01869	0.02181	0.01558	0.01714	0.01091	0.01714	0.00935	0.01558	0.00935	0.01246	0.02337	0.00312	0.73672	0.00623	0.00312	0.00779
64	0.01008	0.00728	0.00952	0.00896	0.01064	0.00672	0.00672	0.01344	0.02016	0.02855	0.70158	0.05319	0.06719	0.01456	0.00840	0.00224	0.00336	0.01288	0.00784	0.00672
65	0.00998	0.00720	0.00943	0.00903	0.01062	0.00665	0.00671	0.01319	0.01970	0.02782	0.65495	0.10190	0.06577	0.01510	0.00845	0.00229	0.00341	0.01340	0.00775	0.00665
66	0.02772	0.01812	0.02014	0.01553	0.02112	0.01947	0.01280	0.52020	0.05680	0.18408	0.01988	0.01897	0.01365	0.00865	0.00714	0.00216	0.00738	0.00663	0.00748	0.01208
67	0.01393	0.00781	0.00809	0.00767	0.00974	0.00779	0.00582	0.06429	0.01625	0.02709	0.02489	0.06313	0.04237	0.00925	0.00547	0.00176	0.00377	0.00751	0.63888	0.03451
68	0.04611	0.68168	0.03528	0.01249	0.01837	0.07315	0.01213	0.02177	0.01476	0.01731	0.00997	0.01152	0.00909	0.00619	0.00468	0.00157	0.00789	0.00386	0.00313	0.00903
69	0.02640	0.01809	0.01973	0.01531	0.02067	0.01969	0.01259	0.54508	0.05624	0.11638	0.01914	0.01882	0.01346	0.00860	0.00700	0.00213	0.00728	0.00657	0.05506	0.01174

[dist]
# distance from previous block
# <min> <max>
0	1

[block]
# block no. 6 follows, 29 sequences, length 48
# corresponding to MSA columns:
# 322-369
name=unknown_G
#
# <colnr> <probs for GDERKNQSTAVLIFYWHMCP>
#	G	D	E	R	K	N	Q	S	T	A	V	L	I	F	Y	W	H	M	C	P
0	0.01735	0.01664	0.02840	0.08923	0.66197	0.01685	0.02172	0.02161	0.01608	0.02293	0.01335	0.01771	0.01116	0.00640	0.00705	0.00213	0.00853	0.00634	0.00350	0.01106
1	0.01345	0.01266	0.02136	0.73264	0.04904	0.01582	0.01978	0.01819	0.01424	0.01819	0.01266	0.01898	0.00949	0.00712	0.00712	0.00237	0.00949	0.00633	0.00316	0.00791
2	0.01017	0.00763	0.01144	0.01144	0.01272	0.00890	0.00890	0.01272	0.01144	0.01653	0.01907	0.02797	0.01780	0.05340	0.72153	0.01144	0.01907	0.00763	0.00381	0.00636
3	0.01528	0.01532	0.02217	0.57568	0.12753	0.08678	0.01943	0.01967	0.01508	0.01874	0.01258	0.01820	0.00968	0.00705	0.00704	0.00229	0.00970	0.00616	0.00326	0.00836
4	0.09606	0.27967	0.34094	0.01622	0.02392	0.09187	0.01834	0.02256	0.01507	0.02099	0.01133	0.01323	0.00894	0.00658	0.00574	0.00196	0.00926	0.00455	0.00323	0.00954
5	0.02590	0.03277	0.02028	0.01837	0.02180	0.67679	0.01387	0.02772	0.01959	0.01741	0.01090	0.01301	0.00918	0.00766	0.00750	0.00192	0.05877	0.00469	0.00363	0.00823
6	0.01345	0.01266	0.02136	0.73264	0.04904	0.01582	0.01978	0.01819	0.01424	0.01819	0.01266	0.01898	0.00949	0.00712	0.00712	0.00237	0.00949	0.00633	0.00316	0.00791
7	0.01558	0.01558	0.02181	0.01869	0.01869	0.02181	0.01558	0.01714	0.01091	0.01714	0.00935	0.01558	0.00935	0.01246	0.02337	0.00312	0.73672	0.00623	0.00312	0.00779
8	0.00997	0.00727	0.00937	0.00885	0.01057	0.00667	0.00664	0.01323	0.01991	0.02796	0.66164	0.05416	0.10750	0.01478	0.00840	0.00225	0.00338	0.01301	0.00776	0.00667
9	0.02707	0.01995	0.02137	0.01638	0.02208	0.02208	0.01353	0.68159	0.03348	0.04488	0.01710	0.01710	0.01211	0.00855	0.00712	0.00214	0.00784	0.00641	0.00712	0.01211
10	0.01147	0.00820	0.01147	0.01311	0.01475	0.00820	0.01147	0.01475	0.01639	0.02131	0.03770	0.08032	0.04098	0.01967	0.00984	0.00328	0.00656	0.65741	0.00656	0.00656
11	0.80005	0.01377	0.01047	0.00936	0.01377	0.01597	0.00771	0.02093	0.01212	0.03195	0.00991	0.01157	0.00771	0.00661	0.00441	0.00220	0.00551	0.00386	0.00441	0.00771
12	0.03167	0.01256	0.01680	0.01288	0.01840	0.01112	0.01064	0.07135	0.02112	0.67257	0.02747	0.02383	0.01731	0.00880	0.00716	0.00220	0.00616	0.00712	0.00872	0.01212
13	0.01428	0.03683	0.71286	0.02030	0.03082	0.01654	0.02631	0.02255	0.01503	0.02255	0.01278	0.01503	0.00902	0.00677	0.00677	0.00226	0.01052	0.00526	0.00301	0.01052
14	0.01762	0.01692	0.02890	0.04371	0.70533	0.01692	0.02185	0.02185	0.01621	0.02326	0.01339	0.01762	0.01128	0.00634	0.00705	0.00211	0.00846	0.00634	0.00352	0.01128
15	0.01237	0.00618	0.00928	0.00928	0.00928	0.00618	0.00618	0.00928	0.00928	0.01237	0.01237	0.02165	0.01237	0.02474	0.02783	0.79283	0.00618	0.00618	0.00309	0.00309
16	0.00868	0.00620	0.00826	0.00991	0.01033	0.00578	0.00661	0.00991	0.01363	0.01818	0.03925	0.74510	0.04710	0.02231	0.00909	0.00289	0.00413	0.02024	0.00661	0.00578
17	0.01904	0.75404	0.03731	0.01218	0.01828	0.02818	0.01218	0.02132	0.01447	0.01675	0.00990	0.01142	0.00914	0.00609	0.00457	0.00152	0.00761	0.00381	0.00305	0.00914
18	0.00842	0.00721	0.00721	0.00721	0.00962	0.00601	0.00541	0.01022	0.01623	0.01924	0.07213	0.06853	0.70244	0.01803	0.00842	0.00240	0.00361	0.01503	0.00661	0.00601
19	0.01428	0.03683	0.71286	0.02030	0.03082	0.01654	0.02631	0.02255	0.01503	0.02255	0.01278	0.01503	0.00902	0.00677	0.00677	0.00226	0.01052	0.00526	0.00301	0.01052
20	0.00892	0.00633	0.00828	0.00964	0.01009	0.00595	0.00639	0.01016	0.01367	0.01833	0.07508	0.63577	0.04610	0.09491	0.01178	0.00326	0.00437	0.01883	0.00645	0.00569
21	0.01237	0.00618	0.00928	0.00928	0.00928	0.00618	0.00618	0.00928	0.00928	0.01237	0.01237	0.02165	0.01237	0.02474	0.02783	0.79283	0.00618	0.00618	0.00309	0.00309
22	0.02095	0.53538	0.03250	0.01512	0.04833	0.20810	0.01300	0.02320	0.01603	0.01720	0.01034	0.01205	0.00924	0.00643	0.00516	0.00163	0.00901	0.00412	0.00323	0.00900
23	0.02567	0.01889	0.02032	0.01594	0.02135	0.02094	0.01305	0.55115	0.14328	0.06573	0.01947	0.01893	0.01391	0.00874	0.00715	0.00219	0.00741	0.00671	0.00720	0.01197
24	0.01610	0.01257	0.01428	0.01206	0.01627	0.01255	0.00943	0.02675	0.31469	0.07090	0.17607	0.02922	0.02869	0.00952	0.00697	0.00199	0.00505	0.00804	0.00666	0.22219
25	0.01709	0.01754	0.07014	0.09394	0.26977	0.01732	0.11850	0.09619	0.01713	0.02405	0.01489	0.06181	0.01290	0.00840	0.00949	0.00234	0.10542	0.00737	0.00404	0.03168
26	0.01446	0.06404	0.68723	0.01999	0.03034	0.01698	0.02577	0.02250	0.01501	0.02233	0.01267	0.01490	0.00902	0.00674	0.00668	0.00223	0.01041	0.00521	0.00301	0.01047
27	0.01327	0.00664	0.00664	0.00664	0.00830	0.00664	0.00498	0.01659	0.01493	0.02655	0.02323	0.02655	0.01825	0.00830	0.00498	0.00166	0.00332	0.00664	0.78928	0.00664
28	0.01036	0.00690	0.00777	0.00777	0.00777	0.00690	0.00431	0.01036	0.01036	0.01381	0.02244	0.04660	0.02589	0.74975	0.03624	0.00690	0.00690	0.01036	0.00431	0.00431
29	0.06929	0.06518	0.19626	0.05686	0.27447	0.09222	0.08101	0.02302	0.03502	0.02261	0.01306	0.01618	0.01032	0.00665	0.00673	0.00214	0.00948	0.00582	0.00354	0.01012
30	0.01083	0.00752	0.00964	0.00925	0.01109	0.00692	0.00708	0.01386	0.01901	0.05120	0.51753	0.05627	0.13457	0.04055	0.00945	0.00252	0.00391	0.07456	0.00749	0.00674
31	0.00868	0.00620	0.00826	0.00991	0.01033	0.00578	0.00661	0.00991	0.01363	0.01818	0.03925	0.74510	0.04710	0.02231	0.00909	0.00289	0.00413	0.02024	0.00661	0.00578
32	0.01690	0.01613	0.02718	0.16217	0.56952	0.01675	0.02115	0.02173	0.03760	0.02259	0.01377	0.01815	0.01131	0.00659	0.00707	0.00217	0.00855	0.00640	0.00358	0.01069
33	0.02739	0.01943	0.02105	0.01614	0.02182	0.02131	0.01333	0.63885	0.03261	0.08884	0.01782	0.01757	0.01247	0.00857	0.00713	0.00214	0.00772	0.00646	0.00723	0.01211
34	0.01344	0.01242	0.02077	0.70363	0.04741	0.01545	0.01918	0.01813	0.01427	0.01853	0.01308	0.01929	0.00984	0.00717	0.00703	0.00234	0.00925	0.00634	0.03458	0.00786
35	0.80005	0.01377	0.01047	0.00936	0.01377	0.01597	0.00771	0.02093	0.01212	0.03195	0.00991	0.01157	0.00771	0.00661	0.00441	0.00220	0.00551	0.00386	0.00441	0.00771
36	0.01017	0.00763	0.01144	0.01144	0.01272	0.00890	0.00890	0.01272	0.01144	0.01653	0.01907	0.02797	0.01780	0.05340	0.72153	0.01144	0.01907	0.00763	0.00381	0.00636
37	0.01359	0.01293	0.02223	0.70290	0.04854	0.01591	0.04770	0.01839	0.01435	0.01839	0.01273	0.01899	0.00955	0.00707	0.00717	0.00237	0.00960	0.00642	0.00318	0.00798
38	0.00842	0.00721	0.00721	0.00721	0.00962	0.00601	0.00541	0.01022	0.01623	0.01924	0.07213	0.06853	0.70244	0.01803	0.00842	0.00240	0.00361	0.01503	0.00661	0.00601
39	0.03088	0.01188	0.01618	0.01249	0.01781	0.01028	0.01028	0.03366	0.02037	0.67684	0.06112	0.02566	0.02006	0.00909	0.00722	0.00221	0.00593	0.00744	0.00877	0.01185
40	0.01932	0.01609	0.01701	0.01482	0.01913	0.01846	0.01166	0.14841	0.57928	0.03238	0.02694	0.02494	0.02008	0.00947	0.00722	0.00237	0.00601	0.00777	0.00722	0.01141
41	0.01865	0.01509	0.01613	0.01437	0.01849	0.01723	0.01122	0.03763	0.64806	0.07475	0.02892	0.02641	0.02146	0.00960	0.00724	0.00240	0.00566	0.00799	0.00735	0.01133
42	0.01558	0.01558	0.02181	0.01869	0.01869	0.02181	0.01558	0.01714	0.01091	0.01714	0.00935	0.01558	0.00935	0.01246	0.02337	0.00312	0.73672	0.00623	0.00312	0.00779
43	0.00929	0.00667	0.00881	0.00950	0.01046	0.00619	0.00666	0.01145	0.01648	0.02271	0.32823	0.44322	0.05586	0.01893	0.00879	0.00261	0.00379	0.01703	0.00715	0.00619
44	0.76910	0.01370	0.01071	0.00950	0.01395	0.01575	0.00782	0.02149	0.01245	0.05928	0.01065	0.01208	0.00811	0.00670	0.00452	0.00220	0.00553	0.00399	0.00458	0.00789
45	0.01334	0.00973	0.01289	0.01440	0.05402	0.00984	0.01136	0.01874	0.10674	0.05612	0.03825	0.06563	0.10399	0.01688	0.00905	0.00295	0.00621	0.43559	0.00659	0.00767
46	0.01953	0.63242	0.07837	0.01335	0.01947	0.10068	0.01325	0.02215	0.01511	0.01719	0.01020	0.01180	0.00913	0.00627	0.00490	0.00160	0.00835	0.00398	0.00311	0.00913
47	0.02649	0.01334	0.01636	0.01337	0.01831	0.01324	0.01077	0.03590	0.27795	0.44948	0.02843	0.02513	0.01920	0.00914	0.00719	0.00228	0.00590	0.00750	0.00821	0.01179

[dist]
# distance from previous block
# <min> <max>
0	8

[block]
# block no. 7 follows, 29 sequences, length 106
# corresponding to MSA columns:
# 378-483
name=unknown_H
#
# <colnr> <probs for GDERKNQSTAVLIFYWHMCP>
#	G	D	E	R	K	N	Q	S	T	A	V	L	I	F	Y	W	H	M	C	P
0	0.01001	0.00728	0.00942	0.00888	0.01059	0.00669	0.00666	0.01330	0.01999	0.02815	0.67432	0.05385	0.09470	0.01471	0.00840	0.00225	0.00337	0.01297	0.00779	0.00669
1	0.02707	0.01995	0.02137	0.01638	0.02208	0.02208	0.01353	0.68159	0.03348	0.04488	0.01710	0.01710	0.01211	0.00855	0.00712	0.00214	0.00784	0.00641	0.00712	0.01211
2	0.00921	0.00724	0.00831	0.00804	0.01010	0.00635	0.00603	0.01175	0.01810	0.02368	0.37209	0.06122	0.39971	0.01638	0.00841	0.00233	0.00349	0.01400	0.00720	0.00635
3	0.01083	0.00860	0.01271	0.01233	0.01344	0.01047	0.00972	0.01325	0.01138	0.01660	0.01789	0.02646	0.01677	0.04841	0.63640	0.01043	0.10658	0.00746	0.00373	0.00653
4	0.01911	0.70834	0.05943	0.01264	0.01881	0.04863	0.01270	0.02158	0.01466	0.01697	0.01003	0.01159	0.00914	0.00615	0.00470	0.00156	0.00787	0.00388	0.00306	0.00916
5	0.01108	0.00792	0.01100	0.01252	0.01402	0.00784	0.01066	0.01412	0.01627	0.02133	0.07314	0.15605	0.04308	0.01971	0.00967	0.00318	0.00611	0.54921	0.00663	0.00648
6	0.01904	0.75404	0.03731	0.01218	0.01828	0.02818	0.01218	0.02132	0.01447	0.01675	0.00990	0.01142	0.00914	0.00609	0.00457	0.00152	0.00761	0.00381	0.00305	0.00914
7	0.01237	0.00618	0.00928	0.00928	0.00928	0.00618	0.00618	0.00928	0.00928	0.01237	0.01237	0.02165	0.01237	0.02474	0.02783	0.79283	0.00618	0.00618	0.00309	0.00309
8	0.02640	0.01961	0.02099	0.01625	0.02183	0.02177	0.01337	0.63533	0.08083	0.04379	0.01795	0.01778	0.01280	0.00863	0.00713	0.00216	0.00768	0.00653	0.00713	0.01205
9	0.01351	0.00829	0.01042	0.05570	0.01310	0.00899	0.03457	0.01686	0.01453	0.02476	0.02093	0.02493	0.01665	0.00997	0.03065	0.00218	0.06337	0.00669	0.61698	0.00692
10	0.01477	0.01266	0.01477	0.01055	0.01687	0.00949	0.00844	0.01793	0.01477	0.02320	0.01266	0.01477	0.01055	0.00527	0.00527	0.00105	0.00527	0.00422	0.00422	0.79328
11	0.01771	0.01530	0.01610	0.01449	0.01852	0.01771	0.01127	0.03784	0.69247	0.02979	0.02898	0.02657	0.02174	0.00966	0.00725	0.00242	0.00564	0.00805	0.00725	0.01127
12	0.03195	0.01212	0.01652	0.01267	0.01818	0.01047	0.01047	0.03470	0.02038	0.71026	0.02809	0.02424	0.01763	0.00881	0.00716	0.00220	0.00606	0.00716	0.00881	0.01212
13	0.00848	0.00722	0.00731	0.00728	0.00966	0.00604	0.00546	0.01035	0.01639	0.01962	0.09777	0.06790	0.67657	0.01789	0.00842	0.00240	0.00360	0.01494	0.00666	0.00604
14	0.01003	0.00728	0.00945	0.00890	0.01061	0.00670	0.00668	0.01334	0.02003	0.02826	0.68199	0.05367	0.08696	0.01467	0.00840	0.00224	0.00337	0.01294	0.00780	0.00670
15	0.01008	0.00728	0.00952	0.00896	0.01064	0.00672	0.00672	0.01344	0.02016	0.02855	0.70158	0.05319	0.06719	0.01456	0.00840	0.00224	0.00336	0.01288	0.00784	0.00672
16	0.80005	0.01377	0.01047	0.00936	0.01377	0.01597	0.00771	0.02093	0.01212	0.03195	0.00991	0.01157	0.00771	0.00661	0.00441	0.00220	0.00551	0.00386	0.00441	0.00771
17	0.02660	0.03394	0.02018	0.01834	0.02201	0.72116	0.01376	0.02843	0.02018	0.01743	0.01101	0.01284	0.00917	0.00734	0.00642	0.00183	0.01284	0.00459	0.00367	0.00825
18	0.01428	0.03683	0.71286	0.02030	0.03082	0.01654	0.02631	0.02255	0.01503	0.02255	0.01278	0.01503	0.00902	0.00677	0.00677	0.00226	0.01052	0.00526	0.00301	0.01052
19	0.18994	0.02195	0.01571	0.01544	0.04609	0.34938	0.01112	0.04423	0.01719	0.02192	0.01762	0.18259	0.01783	0.01065	0.00665	0.00218	0.00888	0.00819	0.00462	0.00782
20	0.01514	0.01364	0.02167	0.62460	0.07276	0.01656	0.01916	0.09242	0.01647	0.02138	0.01318	0.01872	0.00986	0.00725	0.00712	0.00234	0.00927	0.00634	0.00362	0.00852
21	0.80005	0.01377	0.01047	0.00936	0.01377	0.01597	0.00771	0.02093	0.01212	0.03195	0.00991	0.01157	0.00771	0.00661	0.00441	0.00220	0.00551	0.00386	0.00441	0.00771
22	0.00849	0.00722	0.00731	0.00729	0.00966	0.00604	0.00547	0.01036	0.01640	0.01964	0.09940	0.06786	0.67493	0.01788	0.00841	0.00240	0.00360	0.01493	0.00667	0.00604
23	0.02660	0.01949	0.02086	0.01605	0.02161	0.02155	0.01324	0.65878	0.03284	0.04425	0.01731	0.01742	0.01232	0.00854	0.00705	0.00212	0.00768	0.00642	0.03396	0.01192
24	0.01801	0.50904	0.20735	0.01612	0.05807	0.04796	0.01633	0.02190	0.01490	0.01859	0.01085	0.01271	0.00922	0.00632	0.00532	0.00175	0.00857	0.00434	0.00308	0.00957
25	0.01428	0.03683	0.71286	0.02030	0.03082	0.01654	0.02631	0.02255	0.01503	0.02255	0.01278	0.01503	0.00902	0.00677	0.00677	0.00226	0.01052	0.00526	0.00301	0.01052
26	0.03195	0.01212	0.01652	0.01267	0.01818	0.01047	0.01047	0.03470	0.02038	0.71026	0.02809	0.02424	0.01763	0.00881	0.00716	0.00220	0.00606	0.00716	0.00881	0.01212
27	0.00868	0.00620	0.00826	0.00991	0.01033	0.00578	0.00661	0.00991	0.01363	0.01818	0.03925	0.74510	0.04710	0.02231	0.00909	0.00289	0.00413	0.02024	0.00661	0.00578
28	0.04174	0.07040	0.43804	0.04469	0.09814	0.01713	0.02175	0.07939	0.01705	0.08559	0.01432	0.01612	0.01027	0.00702	0.00667	0.00219	0.00933	0.00555	0.00398	0.01063
29	0.01045	0.00752	0.00958	0.01063	0.01157	0.00735	0.00743	0.07077	0.01554	0.02072	0.03718	0.65249	0.04369	0.02096	0.00894	0.00284	0.00456	0.04474	0.00665	0.00639
30	0.02707	0.01995	0.02137	0.01638	0.02208	0.02208	0.01353	0.68159	0.03348	0.04488	0.01710	0.01710	0.01211	0.00855	0.00712	0.00214	0.00784	0.00641	0.00712	0.01211
31	0.01904	0.75404	0.03731	0.01218	0.01828	0.02818	0.01218	0.02132	0.01447	0.01675	0.00990	0.01142	0.00914	0.00609	0.00457	0.00152	0.00761	0.00381	0.00305	0.00914
32	0.00879	0.00628	0.00839	0.01004	0.01051	0.00588	0.00681	0.01011	0.01374	0.01830	0.03918	0.71824	0.04685	0.02220	0.00912	0.00291	0.00423	0.04599	0.00661	0.00581
33	0.01562	0.01557	0.02067	0.09521	0.02151	0.05720	0.01526	0.01765	0.01193	0.01760	0.01072	0.01673	0.01004	0.01313	0.04864	0.00325	0.56214	0.00623	0.03317	0.00772
34	0.01327	0.00664	0.00664	0.00664	0.00830	0.00664	0.00498	0.01659	0.01493	0.02655	0.02323	0.02655	0.01825	0.00830	0.00498	0.00166	0.00332	0.00664	0.78928	0.00664
35	0.02707	0.01995	0.02137	0.01638	0.02208	0.02208	0.01353	0.68159	0.03348	0.04488	0.01710	0.01710	0.01211	0.00855	0.00712	0.00214	0.00784	0.00641	0.00712	0.01211
36	0.00842	0.00721	0.00721	0.00721	0.00962	0.00601	0.00541	0.01022	0.01623	0.01924	0.07213	0.06853	0.70244	0.01803	0.00842	0.00240	0.00361	0.01503	0.00661	0.00601
37	0.01477	0.01266	0.01477	0.01055	0.01687	0.00949	0.00844	0.01793	0.01477	0.02320	0.01266	0.01477	0.01055	0.00527	0.00527	0.00105	0.00527	0.00422	0.00422	0.79328
38	0.01147	0.00820	0.01147	0.01311	0.01475	0.00820	0.01147	0.01475	0.01639	0.02131	0.03770	0.08032	0.04098	0.01967	0.00984	0.00328	0.00656	0.65741	0.00656	0.00656
39	0.02080	0.02058	0.02532	0.07144	0.44390	0.19311	0.01880	0.02434	0.01744	0.07658	0.01393	0.01703	0.01116	0.00683	0.00690	0.00207	0.00942	0.00597	0.00397	0.01041
40	0.80005	0.01377	0.01047	0.00936	0.01377	0.01597	0.00771	0.02093	0.01212	0.03195	0.00991	0.01157	0.00771	0.00661	0.00441	0.00220	0.00551	0.00386	0.00441	0.00771
41	0.01147	0.00820	0.01147	0.01311	0.01475	0.00820	0.01147	0.01475	0.01639	0.02131	0.03770	0.08032	0.04098	0.01967	0.00984	0.00328	0.00656	0.65741	0.00656	0.00656
42	0.01008	0.00728	0.00952	0.00896	0.01064	0.00672	0.00672	0.01344	0.02016	0.02855	0.70158	0.05319	0.06719	0.01456	0.00840	0.00224	0.00336	0.01288	0.00784	0.00672
43	0.01904	0.75404	0.03731	0.01218	0.01828	0.02818	0.01218	0.02132	0.01447	0.01675	0.00990	0.01142	0.00914	0.00609	0.00457	0.00152	0.00761	0.00381	0.00305	0.00914
44	0.02707	0.01995	0.02137	0.01638	0.02208	0.02208	0.01353	0.68159	0.03348	0.04488	0.01710	0.01710	0.01211	0.00855	0.00712	0.00214	0.00784	0.00641	0.00712	0.01211
45	0.01036	0.00690	0.00777	0.00777	0.00777	0.00690	0.00431	0.01036	0.01036	0.01381	0.02244	0.04660	0.02589	0.74975	0.03624	0.00690	0.00690	0.01036	0.00431	0.00431
46	0.02660	0.03394	0.02018	0.01834	0.02201	0.72116	0.01376	0.02843	0.02018	0.01743	0.01101	0.01284	0.00917	0.00734	0.00642	0.00183	0.01284	0.00459	0.00367	0.00825
47	0.01008	0.00728	0.00952	0.00896	0.01064	0.00672	0.00672	0.01344	0.02016	0.02855	0.70158	0.05319	0.06719	0.01456	0.00840	0.00224	0.00336	0.01288	0.00784	0.00672
48	0.02707	0.01995	0.02137	0.01638	0.02208	0.02208	0.01353	0.68159	0.03348	0.04488	0.01710	0.01710	0.01211	0.00855	0.00712	0.00214	0.00784	0.00641	0.00712	0.01211
49	0.01008	0.00728	0.00952	0.00896	0.01064	0.00672	0.00672	0.01344	0.02016	0.02855	0.70158	0.05319	0.06719	0.01456	0.00840	0.00224	0.00336	0.01288	0.00784	0.00672
50	0.03195	0.01212	0.01652	0.01267	0.01818	0.01047	0.01047	0.03470	0.02038	0.71026	0.02809	0.02424	0.01763	0.00881	0.00716	0.00220	0.00606	0.00716	0.00881	0.01212
51	0.03175	0.01243	0.01672	0.01282	0.01834	0.01094	0.01059	0.06084	0.02091	0.68338	0.02765	0.02395	0.01740	0.00880	0.00716	0.00220	0.00613	0.00713	0.00874	0.01212
52	0.80005	0.01377	0.01047	0.00936	0.01377	0.01597	0.00771	0.02093	0.01212	0.03195	0.00991	0.01157	0.00771	0.00661	0.00441	0.00220	0.00551	0.00386	0.00441	0.00771
53	0.00848	0.00698	0.00746	0.00784	0.00978	0.00596	0.00569	0.01015	0.01563	0.01899	0.06451	0.22531	0.55058	0.01902	0.00857	0.00252	0.00373	0.01624	0.00661	0.00596
