[name]
unknown

[dist]
# distance from previous block
# <min> <max>
0	42

[block]
# block no. 0 follows, 27 sequences, length 16
# corresponding to MSA columns:
# 48-63
name=unknown_A
#
# <colnr> <probs for GDERKNQSTAVLIFYWHMCP>
#	G	D	E	R	K	N	Q	S	T	A	V	L	I	F	Y	W	H	M	C	P
0	0.10947	0.01430	0.07057	0.01269	0.01761	0.01231	0.01113	0.04890	0.08723	0.26489	0.07368	0.02874	0.02178	0.00974	0.00701	0.00226	0.00610	0.04879	0.09549	0.05730
1	0.01684	0.09004	0.36267	0.04540	0.11911	0.06597	0.08817	0.02386	0.04643	0.02283	0.01628	0.01877	0.03603	0.00748	0.00715	0.00227	0.01022	0.00634	0.00367	0.01047
2	0.01129	0.00890	0.01035	0.00986	0.01215	0.00866	0.00742	0.01715	0.12883	0.02684	0.38270	0.08993	0.22636	0.01571	0.00860	0.00245	0.00401	0.01358	0.00766	0.00755
3	0.00933	0.00693	0.00873	0.00978	0.01087	0.00633	0.00689	0.01115	0.01584	0.02085	0.13907	0.47656	0.17986	0.02110	0.00927	0.00284	0.00420	0.04709	0.00707	0.00625
4	0.01698	0.25951	0.35329	0.02047	0.05335	0.02159	0.09548	0.02281	0.01552	0.02135	0.01240	0.01510	0.00976	0.00703	0.00742	0.00217	0.04676	0.00547	0.00325	0.01028
5	0.01267	0.00976	0.01175	0.01154	0.01398	0.00823	0.00813	0.01404	0.01576	0.02207	0.03621	0.47565	0.07794	0.01874	0.00898	0.00274	0.00524	0.01623	0.00671	0.22365
6	0.01119	0.00832	0.01192	0.01172	0.01288	0.00976	0.00902	0.01361	0.01205	0.01775	0.01986	0.02991	0.01877	0.10747	0.56268	0.01030	0.06052	0.00803	0.05768	0.00656
7	0.01527	0.06873	0.51053	0.02160	0.03112	0.01740	0.13123	0.02283	0.01632	0.02368	0.06018	0.01896	0.01391	0.00745	0.00734	0.00234	0.01056	0.00650	0.00359	0.01047
8	0.00910	0.00661	0.00859	0.01005	0.01072	0.00610	0.00679	0.01055	0.01479	0.01960	0.07735	0.64443	0.10298	0.02247	0.00938	0.00294	0.00422	0.02026	0.00696	0.00610
9	0.02032	0.02120	0.12017	0.05651	0.02653	0.02087	0.09883	0.24971	0.02138	0.02988	0.01405	0.01736	0.01095	0.00936	0.01255	0.00257	0.22360	0.00665	0.00481	0.03270
10	0.01057	0.00778	0.01121	0.01128	0.01236	0.00883	0.00845	0.01276	0.01185	0.01687	0.02129	0.06110	0.02111	0.15940	0.57765	0.01084	0.01729	0.00893	0.00418	0.00628
11	0.02716	0.02017	0.02171	0.01658	0.02257	0.02194	0.01367	0.61441	0.03329	0.04492	0.01744	0.01762	0.01249	0.00863	0.00727	0.00213	0.00795	0.00649	0.00718	0.07638
12	0.01943	0.68410	0.09471	0.01342	0.02016	0.02835	0.01394	0.02234	0.01513	0.01798	0.01057	0.01223	0.00952	0.00641	0.00496	0.00165	0.00819	0.00410	0.00317	0.00965
13	0.00904	0.00646	0.00861	0.01034	0.01077	0.00603	0.00689	0.01034	0.01421	0.01895	0.04092	0.73426	0.04910	0.02326	0.00948	0.00301	0.00431	0.02110	0.00689	0.00603
14	0.01334	0.01021	0.01212	0.01331	0.05001	0.03546	0.00947	0.07010	0.03757	0.02444	0.08796	0.30642	0.06331	0.01715	0.00859	0.00270	0.00554	0.12864	0.09617	0.00750
15	0.01704	0.03627	0.01741	0.01668	0.07992	0.01329	0.04256	0.19014	0.02055	0.06128	0.02937	0.38150	0.03117	0.01577	0.00844	0.00262	0.00638	0.01404	0.00658	0.00897

[dist]
# distance from previous block
# <min> <max>
2	27

[block]
# block no. 1 follows, 27 sequences, length 53
# corresponding to MSA columns:
# 91-143
name=unknown_B
#
# <colnr> <probs for GDERKNQSTAVLIFYWHMCP>
#	G	D	E	R	K	N	Q	S	T	A	V	L	I	F	Y	W	H	M	C	P
0	0.01741	0.01359	0.01673	0.05346	0.07398	0.01495	0.01201	0.19219	0.13281	0.02887	0.02584	0.22651	0.02493	0.01515	0.03101	0.03035	0.03408	0.01114	0.03562	0.00938
1	0.01278	0.01072	0.01402	0.01392	0.07201	0.01015	0.05371	0.04440	0.07903	0.04103	0.15203	0.05351	0.38411	0.01489	0.00845	0.00244	0.00520	0.01283	0.00674	0.00804
2	0.02039	0.01752	0.06596	0.09838	0.05900	0.01769	0.01468	0.23979	0.18708	0.06001	0.06335	0.05583	0.02105	0.01025	0.00771	0.00243	0.00745	0.03398	0.00656	0.01089
3	0.05811	0.12490	0.06213	0.20964	0.14317	0.07352	0.01703	0.02602	0.16752	0.02335	0.01652	0.01907	0.01293	0.00770	0.00683	0.00225	0.00863	0.00629	0.00442	0.01000
4	0.05361	0.02058	0.01990	0.01620	0.02135	0.13353	0.01316	0.36291	0.05456	0.14908	0.02043	0.02308	0.01541	0.00952	0.00741	0.00228	0.00846	0.05017	0.00699	0.01137
5	0.00953	0.00749	0.00861	0.00846	0.01053	0.00657	0.00630	0.01208	0.01852	0.02416	0.33649	0.10231	0.38749	0.01750	0.00881	0.00246	0.00368	0.01502	0.00744	0.00657
6	0.01174	0.00844	0.01167	0.01331	0.01501	0.00837	0.01154	0.01502	0.01699	0.02202	0.04087	0.10367	0.07023	0.02052	0.01017	0.00337	0.00663	0.59681	0.00684	0.00679
7	0.01623	0.07920	0.52333	0.02369	0.10308	0.01836	0.06127	0.04777	0.01660	0.02410	0.01347	0.01605	0.00989	0.00699	0.00705	0.00229	0.01053	0.00574	0.00339	0.01097
8	0.03010	0.02107	0.01856	0.01549	0.02041	0.26216	0.01221	0.03410	0.07466	0.39978	0.02297	0.02120	0.01556	0.00871	0.00720	0.00218	0.00882	0.00658	0.00713	0.01112
9	0.00930	0.00673	0.00889	0.01036	0.01104	0.00619	0.00697	0.01067	0.01426	0.01916	0.03980	0.70521	0.04756	0.02254	0.00931	0.00294	0.00436	0.02043	0.00679	0.03748
10	0.79154	0.01436	0.01091	0.00976	0.01436	0.01665	0.00804	0.02182	0.01263	0.03331	0.01034	0.01206	0.00804	0.00689	0.00459	0.00230	0.00574	0.00402	0.00459	0.00804
11	0.01662	0.01350	0.01615	0.05117	0.01976	0.01088	0.00978	0.04748	0.01645	0.05323	0.01407	0.01616	0.01132	0.00591	0.00577	0.00128	0.00589	0.00475	0.00467	0.67516
12	0.08709	0.08563	0.06783	0.01794	0.07520	0.13783	0.01407	0.12450	0.18190	0.02846	0.03876	0.02221	0.01654	0.00883	0.00691	0.00222	0.00824	0.03346	0.00551	0.03687
13	0.79154	0.01436	0.01091	0.00976	0.01436	0.01665	0.00804	0.02182	0.01263	0.03331	0.01034	0.01206	0.00804	0.00689	0.00459	0.00230	0.00574	0.00402	0.00459	0.00804
14	0.01592	0.01350	0.01567	0.01124	0.01781	0.01043	0.00901	0.04514	0.01619	0.02511	0.01338	0.01549	0.01106	0.00564	0.00558	0.00115	0.00561	0.00449	0.00452	0.75305
15	0.79154	0.01436	0.01091	0.00976	0.01436	0.01665	0.00804	0.02182	0.01263	0.03331	0.01034	0.01206	0.00804	0.00689	0.00459	0.00230	0.00574	0.00402	0.00459	0.00804
16	0.00904	0.00646	0.00861	0.01034	0.01077	0.00603	0.00689	0.01034	0.01421	0.01895	0.04092	0.73426	0.04910	0.02326	0.00948	0.00301	0.00431	0.02110	0.00689	0.00603
17	0.00904	0.00646	0.00861	0.01034	0.01077	0.00603	0.00689	0.01034	0.01421	0.01895	0.04092	0.73426	0.04910	0.02326	0.00948	0.00301	0.00431	0.02110	0.00689	0.00603
18	0.02680	0.01385	0.01636	0.01302	0.01786	0.01384	0.01060	0.20799	0.06126	0.33281	0.02505	0.02386	0.01716	0.00904	0.00696	0.00217	0.00618	0.00718	0.17666	0.01134
19	0.00929	0.00754	0.00824	0.00806	0.01034	0.00649	0.00605	0.01165	0.01814	0.02295	0.25817	0.06668	0.50500	0.01772	0.00877	0.00246	0.00368	0.01500	0.00727	0.00649
20	0.01788	0.01490	0.01663	0.05120	0.02005	0.01712	0.01186	0.05538	0.48690	0.05128	0.05886	0.03064	0.07221	0.01089	0.00862	0.00253	0.04626	0.00886	0.00712	0.01082
21	0.60006	0.05369	0.01405	0.01114	0.01593	0.06455	0.00920	0.04566	0.01492	0.09598	0.01249	0.01361	0.00937	0.00721	0.00512	0.00223	0.00652	0.00449	0.00501	0.00875
22	0.01036	0.00758	0.00972	0.00918	0.01100	0.00694	0.00689	0.01372	0.02066	0.02894	0.63655	0.05682	0.12289	0.01549	0.00876	0.00235	0.00352	0.01362	0.00806	0.00694
23	0.01433	0.01212	0.01422	0.01077	0.01643	0.00926	0.00843	0.01732	0.01531	0.02337	0.01918	0.10797	0.04321	0.00827	0.00613	0.00140	0.00528	0.00695	0.00481	0.65524
24	0.19391	0.10244	0.16432	0.01943	0.08924	0.27033	0.01636	0.02516	0.01701	0.02321	0.01174	0.01392	0.00940	0.00712	0.00617	0.00209	0.01016	0.00486	0.00377	0.00939
25	0.02899	0.01353	0.01708	0.01334	0.01859	0.01272	0.01093	0.15766	0.02373	0.47393	0.09431	0.02878	0.05135	0.01014	0.00764	0.00230	0.00629	0.00826	0.00864	0.01180
26	0.02675	0.01722	0.01991	0.05495	0.02267	0.01817	0.01303	0.39290	0.05576	0.19767	0.02156	0.05023	0.01572	0.00937	0.00743	0.00225	0.00743	0.00743	0.00744	0.05212
27	0.02092	0.01808	0.05404	0.01412	0.01771	0.18422	0.01126	0.06046	0.04169	0.17156	0.04867	0.22384	0.04879	0.03885	0.00897	0.00259	0.00772	0.01108	0.00643	0.00897
28	0.00935	0.00682	0.00907	0.01056	0.01096	0.00664	0.00712	0.01061	0.01399	0.01874	0.03920	0.68398	0.04693	0.05000	0.01105	0.00318	0.02885	0.02022	0.00668	0.00604
29	0.01409	0.01284	0.02101	0.64079	0.04683	0.01558	0.01908	0.01886	0.01492	0.01976	0.01382	0.01999	0.01048	0.00738	0.00719	0.00235	0.00928	0.00649	0.04758	0.05168
30	0.01817	0.01800	0.06203	0.36406	0.03829	0.05738	0.08810	0.15231	0.01926	0.02506	0.01409	0.01879	0.01068	0.00861	0.00914	0.03574	0.04014	0.00667	0.00421	0.00928
31	0.02055	0.06723	0.05861	0.02267	0.15376	0.12772	0.04028	0.10025	0.15064	0.04692	0.01775	0.01989	0.01406	0.01238	0.06810	0.00310	0.05393	0.00667	0.00501	0.01047
32	0.00904	0.00646	0.00861	0.01034	0.01077	0.00603	0.00689	0.01034	0.01421	0.01895	0.04092	0.73426	0.04910	0.02326	0.00948	0.00301	0.00431	0.02110	0.00689	0.00603
33	0.00914	0.00650	0.00859	0.01021	0.01062	0.00610	0.00676	0.01036	0.01402	0.01870	0.03993	0.69582	0.04786	0.06339	0.01106	0.00325	0.00447	0.02053	0.00676	0.00594
34	0.01526	0.01319	0.01606	0.07947	0.02083	0.01053	0.00994	0.01872	0.01534	0.02369	0.01319	0.01582	0.01089	0.00568	0.00568	0.00123	0.00592	0.00461	0.00429	0.70965
35	0.00974	0.00691	0.00918	0.01074	0.01137	0.00659	0.00760	0.01130	0.01443	0.01914	0.03904	0.55371	0.04594	0.08733	0.01217	0.00347	0.00503	0.13361	0.00667	0.00604
36	0.03331	0.01263	0.01723	0.01321	0.01895	0.01091	0.01091	0.03618	0.02125	0.69794	0.02929	0.02527	0.01838	0.00919	0.00747	0.00230	0.00632	0.00747	0.00919	0.01263
37	0.01415	0.01319	0.02160	0.65278	0.04790	0.01586	0.01948	0.01894	0.01490	0.01947	0.01319	0.01937	0.01000	0.00724	0.00724	0.00234	0.00947	0.00639	0.00340	0.08308
38	0.01912	0.05916	0.03026	0.07522	0.51962	0.01883	0.05814	0.08430	0.01845	0.02572	0.01415	0.01812	0.01159	0.00684	0.00729	0.00220	0.00897	0.00659	0.00399	0.01143
39	0.00904	0.00646	0.00861	0.01034	0.01077	0.00603	0.00689	0.01034	0.01421	0.01895	0.04092	0.73426	0.04910	0.02326	0.00948	0.00301	0.00431	0.02110	0.00689	0.00603
40	0.03251	0.01391	0.01802	0.01381	0.01959	0.01280	0.01141	0.13483	0.02338	0.59627	0.02750	0.02411	0.01748	0.00915	0.00746	0.00229	0.00661	0.00734	0.00891	0.01263
41	0.00904	0.00646	0.00861	0.01034	0.01077	0.00603	0.00689	0.01034	0.01421	0.01895	0.04092	0.73426	0.04910	0.02326	0.00948	0.00301	0.00431	0.02110	0.00689	0.00603
42	0.00917	0.00655	0.00876	0.01048	0.01096	0.00614	0.00711	0.01055	0.01434	0.01909	0.04085	0.70652	0.04883	0.02314	0.00951	0.00303	0.00441	0.04761	0.00689	0.00606
43	0.02148	0.31783	0.02750	0.01530	0.01994	0.22666	0.01306	0.06754	0.01799	0.02060	0.03730	0.01560	0.01245	0.00945	0.03077	0.00223	0.07851	0.00515	0.00396	0.05670
44	0.01747	0.01757	0.01783	0.11744	0.02322	0.15114	0.01213	0.02038	0.01577	0.02104	0.01310	0.01763	0.01134	0.04902	0.00974	0.00203	0.07917	0.00537	0.00401	0.39461
45	0.01833	0.35490	0.21652	0.05807	0.02645	0.07348	0.07318	0.02281	0.01566	0.01981	0.01176	0.01443	0.00968	0.00707	0.00714	0.00204	0.05050	0.00514	0.00327	0.00974
46	0.01807	0.23747	0.05040	0.09639	0.13465	0.04857	0.01591	0.02392	0.11245	0.02148	0.01479	0.01770	0.01230	0.00830	0.00922	0.00223	0.12369	0.00596	0.03674	0.00976
47	0.01373	0.01281	0.02148	0.68050	0.04882	0.01589	0.01983	0.01847	0.01481	0.01897	0.01478	0.06076	0.01214	0.00833	0.00754	0.00251	0.00958	0.00743	0.00350	0.00812
48	0.01972	0.02070	0.02698	0.07371	0.49477	0.16055	0.02027	0.02355	0.01765	0.02256	0.01573	0.01942	0.03688	0.00733	0.00727	0.00217	0.00963	0.00658	0.00381	0.01072
49	0.01345	0.01237	0.02017	0.60098	0.04453	0.01510	0.01840	0.01839	0.03482	0.01936	0.01864	0.09873	0.03581	0.00957	0.00769	0.00253	0.00898	0.00850	0.00393	0.00805
50	0.00918	0.00722	0.00815	0.00855	0.01025	0.00635	0.00609	0.01099	0.01633	0.02063	0.13883	0.25018	0.39834	0.06158	0.01066	0.00290	0.00408	0.01660	0.00691	0.00619
51	0.00904	0.00646	0.00861	0.01034	0.01077	0.00603	0.00689	0.01034	0.01421	0.01895	0.04092	0.73426	0.04910	0.02326	0.00948	0.00301	0.00431	0.02110	0.00689	0.00603
52	0.01780	0.01714	0.02966	0.09012	0.59094	0.01730	0.05562	0.02231	0.01680	0.02379	0.01486	0.02086	0.01270	0.00714	0.00753	0.00228	0.00902	0.02912	0.00376	0.01125

[dist]
# distance from previous block
# <min> <max>
0	2

[block]
# block no. 2 follows, 27 sequences, length 32
# corresponding to MSA columns:
# 146-177
name=unknown_C
#
# <colnr> <probs for GDERKNQSTAVLIFYWHMCP>
#	G	D	E	R	K	N	Q	S	T	A	V	L	I	F	Y	W	H	M	C	P
0	0.01598	0.23516	0.46603	0.01795	0.02698	0.01995	0.02186	0.02249	0.01588	0.02224	0.05938	0.01737	0.01365	0.00742	0.00653	0.00213	0.00960	0.00561	0.00350	0.01029
1	0.01705	0.01768	0.02389	0.02017	0.02087	0.06596	0.05508	0.01897	0.01235	0.01824	0.01017	0.01629	0.00982	0.01225	0.02231	0.00312	0.63768	0.00652	0.00332	0.00827
2	0.14772	0.02492	0.02203	0.02033	0.06900	0.32564	0.05956	0.04343	0.01736	0.02221	0.01151	0.01476	0.00972	0.00860	0.01054	0.00235	0.17206	0.00550	0.00391	0.00884
3	0.00911	0.00651	0.00867	0.01029	0.01078	0.00607	0.00690	0.01051	0.01453	0.01945	0.07077	0.70298	0.05007	0.02289	0.00944	0.00298	0.00427	0.02075	0.00695	0.00607
4	0.79154	0.01436	0.01091	0.00976	0.01436	0.01665	0.00804	0.02182	0.01263	0.03331	0.01034	0.01206	0.00804	0.00689	0.00459	0.00230	0.00574	0.00402	0.00459	0.00804
5	0.08149	0.01984	0.02090	0.01636	0.02202	0.02210	0.01344	0.55728	0.09977	0.04421	0.01857	0.01843	0.01333	0.00889	0.00724	0.00226	0.00776	0.00667	0.00724	0.01221
6	0.01985	0.74357	0.03890	0.01270	0.01905	0.02937	0.01270	0.02223	0.01508	0.01747	0.01032	0.01191	0.00953	0.00635	0.00476	0.00159	0.00794	0.00397	0.00318	0.00953
7	0.01044	0.00754	0.00987	0.00938	0.01108	0.00696	0.00700	0.01385	0.02072	0.02930	0.66076	0.08491	0.06914	0.01553	0.00879	0.00236	0.00354	0.01376	0.00812	0.00696
8	0.01910	0.01539	0.01738	0.01275	0.01916	0.01369	0.01033	0.20618	0.02103	0.03071	0.01453	0.01610	0.01147	0.00648	0.00605	0.00143	0.00627	0.00506	0.00527	0.56162
9	0.00925	0.00661	0.00885	0.01057	0.01109	0.00620	0.00724	0.01069	0.01441	0.01918	0.04080	0.68910	0.04866	0.02307	0.00953	0.00304	0.00448	0.06427	0.00689	0.00609
10	0.01744	0.01663	0.02827	0.13297	0.58233	0.01704	0.02189	0.02180	0.01653	0.02336	0.01490	0.04603	0.01295	0.00736	0.00744	0.00227	0.00879	0.00717	0.00375	0.01108
11	0.02629	0.08323	0.02164	0.01813	0.02207	0.62877	0.01382	0.02823	0.02043	0.01821	0.01442	0.01604	0.04181	0.00809	0.00666	0.00192	0.01255	0.00524	0.00393	0.00856
12	0.01407	0.01185	0.01394	0.01073	0.01615	0.00911	0.00834	0.01698	0.01528	0.02316	0.02052	0.13336	0.04861	0.00897	0.00629	0.00147	0.00523	0.00760	0.00491	0.62345
13	0.01793	0.27403	0.24431	0.01680	0.02301	0.10013	0.01759	0.02214	0.01540	0.01995	0.01324	0.04835	0.01170	0.00854	0.00874	0.00218	0.11112	0.00581	0.02960	0.00943
14	0.01402	0.01319	0.02227	0.72126	0.05113	0.01649	0.02062	0.01897	0.01484	0.01897	0.01319	0.01979	0.00990	0.00742	0.00742	0.00247	0.00990	0.00660	0.00330	0.00825
15	0.02191	0.15099	0.02359	0.05494	0.06965	0.19199	0.01395	0.16332	0.09374	0.02619	0.01918	0.05405	0.04411	0.00929	0.00747	0.00216	0.03140	0.00700	0.00512	0.00994
16	0.01051	0.00759	0.00992	0.00934	0.01109	0.00700	0.00700	0.01401	0.02101	0.02977	0.68888	0.05545	0.07005	0.01518	0.00876	0.00233	0.00350	0.01343	0.00817	0.00700
17	0.02822	0.02079	0.02228	0.01708	0.02302	0.02302	0.01411	0.66804	0.03490	0.04679	0.01782	0.01782	0.01262	0.00891	0.00743	0.00223	0.00817	0.00668	0.00743	0.01262
18	0.02681	0.01996	0.02152	0.01641	0.02243	0.02158	0.01353	0.59681	0.03276	0.04431	0.01732	0.01756	0.01245	0.00854	0.00721	0.00210	0.00788	0.00643	0.00709	0.09730
19	0.01079	0.00724	0.00830	0.00830	0.00837	0.00731	0.00475	0.01093	0.01086	0.01454	0.02321	0.04756	0.02655	0.70319	0.07310	0.00745	0.00786	0.01065	0.00447	0.00461
20	0.03179	0.01377	0.01778	0.01377	0.01944	0.01277	0.01133	0.10835	0.06446	0.58156	0.02804	0.02457	0.01799	0.00921	0.00747	0.00230	0.00650	0.00744	0.00888	0.01258
21	0.01196	0.00854	0.01196	0.01367	0.01538	0.00854	0.01196	0.01538	0.01709	0.02222	0.03931	0.08374	0.04272	0.02051	0.01025	0.00342	0.00684	0.64283	0.00684	0.00684
22	0.01742	0.01949	0.04080	0.03065	0.06764	0.01916	0.56265	0.02307	0.01680	0.02314	0.01438	0.01952	0.01112	0.00703	0.01044	0.00257	0.09213	0.00841	0.00369	0.00988
23	0.00916	0.00663	0.00869	0.01029	0.01092	0.00616	0.00703	0.01058	0.01453	0.01917	0.04326	0.65860	0.09388	0.02282	0.00946	0.00300	0.00438	0.04847	0.00689	0.00608
24	0.01959	0.02054	0.02702	0.12091	0.45009	0.15433	0.02054	0.02344	0.01720	0.02210	0.01317	0.01746	0.01100	0.00723	0.00806	0.00223	0.04469	0.00624	0.00364	0.01053
25	0.01061	0.00792	0.01175	0.01175	0.01301	0.00918	0.00905	0.01314	0.01188	0.01710	0.02005	0.03008	0.01895	0.08777	0.67813	0.01171	0.01929	0.00809	0.00400	0.00653
26	0.07197	0.07816	0.21560	0.01774	0.04193	0.04915	0.04824	0.08710	0.07145	0.21777	0.01920	0.01921	0.01337	0.00798	0.00699	0.00226	0.00856	0.00633	0.00577	0.01122
27	0.01704	0.02040	0.10169	0.13374	0.14687	0.04378	0.28327	0.02233	0.01633	0.02241	0.01372	0.01847	0.01074	0.00717	0.00925	0.00241	0.07203	0.00718	0.00360	0.04757
28	0.17588	0.10503	0.04813	0.01286	0.01772	0.01746	0.01102	0.10225	0.19595	0.06793	0.01955	0.02004	0.01486	0.00866	0.00674	0.02171	0.00634	0.00617	0.09405	0.04764
29	0.01465	0.01129	0.01314	0.01290	0.04500	0.02842	0.00901	0.09921	0.07987	0.02509	0.11448	0.15657	0.05521	0.11209	0.05500	0.04463	0.00672	0.01101	0.04277	0.06295
30	0.01684	0.12005	0.30500	0.01777	0.05474	0.01732	0.01810	0.12745	0.01838	0.02571	0.01839	0.11417	0.01663	0.03381	0.02797	0.00271	0.00892	0.00794	0.03817	0.00993
31	0.01809	0.06545	0.05886	0.09588	0.04149	0.04839	0.04390	0.13340	0.01971	0.08299	0.07131	0.11543	0.05241	0.04713	0.04052	0.00305	0.00825	0.03888	0.00576	0.00908

[dist]
# distance from previous block
# <min> <max>
6	29

[block]
# block no. 3 follows, 27 sequences, length 76
# corresponding to MSA columns:
# 208-283
name=unknown_D
#
# <colnr> <probs for GDERKNQSTAVLIFYWHMCP>
#	G	D	E	R	K	N	Q	S	T	A	V	L	I	F	Y	W	H	M	C	P
0	0.07029	0.09658	0.07529	0.01202	0.01568	0.01383	0.02954	0.11321	0.01799	0.02599	0.12131	0.05618	0.05162	0.17588	0.01392	0.00331	0.00665	0.00894	0.08378	0.00800
1	0.01794	0.17152	0.08984	0.06420	0.02421	0.09074	0.11561	0.07751	0.01732	0.02215	0.01692	0.04688	0.03407	0.01270	0.05619	0.06009	0.00987	0.00695	0.03065	0.03466
2	0.16292	0.35006	0.05413	0.03784	0.02017	0.02157	0.04751	0.02280	0.03924	0.07198	0.04036	0.05122	0.01472	0.00821	0.00640	0.00206	0.02898	0.00607	0.00445	0.00929
3	0.06143	0.31779	0.02680	0.01562	0.05006	0.16601	0.01272	0.09585	0.06243	0.02311	0.01811	0.01928	0.06290	0.00962	0.02724	0.00223	0.00893	0.00587	0.00448	0.00952
4	0.09817	0.11474	0.47624	0.01786	0.02671	0.01759	0.02158	0.02278	0.01563	0.04663	0.04038	0.04199	0.01332	0.00791	0.00669	0.00228	0.00938	0.00608	0.00383	0.01022
5	0.01065	0.00722	0.00805	0.00805	0.00824	0.00713	0.00458	0.01079	0.01124	0.01481	0.02719	0.05026	0.07558	0.68630	0.03566	0.00685	0.00695	0.01115	0.00467	0.00463
6	0.01813	0.13016	0.16412	0.05880	0.33900	0.04913	0.02068	0.02463	0.08164	0.02329	0.01475	0.01763	0.01186	0.00708	0.00690	0.00217	0.00907	0.00609	0.00386	0.01099
7	0.02373	0.10980	0.02308	0.01992	0.08269	0.43739	0.01443	0.05115	0.01949	0.01989	0.01636	0.01833	0.05976	0.00869	0.00808	0.00206	0.06627	0.00586	0.00406	0.00895
8	0.00904	0.00646	0.00861	0.01034	0.01077	0.00603	0.00689	0.01034	0.01421	0.01895	0.04092	0.73426	0.04910	0.02326	0.00948	0.00301	0.00431	0.02110	0.00689	0.00603
9	0.63402	0.01579	0.05662	0.06287	0.01836	0.01655	0.01037	0.04143	0.01397	0.03192	0.03421	0.01452	0.01053	0.00729	0.00519	0.00231	0.00638	0.00471	0.00461	0.00835
10	0.10012	0.08237	0.01829	0.01518	0.03888	0.31553	0.01133	0.06669	0.01865	0.04636	0.01550	0.01964	0.01314	0.07939	0.00923	0.00246	0.00930	0.00583	0.12363	0.00847
11	0.07680	0.01244	0.01481	0.01400	0.05137	0.01272	0.01054	0.09270	0.12479	0.16510	0.11111	0.03870	0.10776	0.01356	0.03178	0.00277	0.00631	0.07115	0.03188	0.00970
12	0.01080	0.00720	0.00810	0.00810	0.00810	0.00720	0.00450	0.01080	0.01080	0.01439	0.02339	0.04858	0.02699	0.73910	0.03779	0.00720	0.00720	0.01080	0.00450	0.00450
13	0.01712	0.01875	0.08032	0.17139	0.39892	0.01760	0.14240	0.02229	0.01653	0.02309	0.01396	0.01876	0.01114	0.00674	0.00760	0.00232	0.00987	0.00693	0.00358	0.01070
14	0.04370	0.07908	0.39138	0.02282	0.11404	0.01710	0.07833	0.02341	0.01660	0.06757	0.06380	0.01955	0.01486	0.00761	0.00715	0.00229	0.00959	0.00647	0.00407	0.01060
15	0.00904	0.00646	0.00861	0.01034	0.01077	0.00603	0.00689	0.01034	0.01421	0.01895	0.04092	0.73426	0.04910	0.02326	0.00948	0.00301	0.00431	0.02110	0.00689	0.00603
16	0.79154	0.01436	0.01091	0.00976	0.01436	0.01665	0.00804	0.02182	0.01263	0.03331	0.01034	0.01206	0.00804	0.00689	0.00459	0.00230	0.00574	0.00402	0.00459	0.00804
17	0.01399	0.01071	0.01160	0.01085	0.01231	0.04394	0.00755	0.11092	0.01562	0.02054	0.02459	0.09018	0.04942	0.38414	0.15547	0.00660	0.00970	0.01030	0.00508	0.00650
18	0.01269	0.00688	0.00728	0.00758	0.00905	0.00675	0.00547	0.01558	0.01520	0.02535	0.02909	0.15129	0.05146	0.04048	0.00736	0.00220	0.00376	0.00985	0.58603	0.00664
19	0.01196	0.00854	0.01196	0.01367	0.01538	0.00854	0.01196	0.01538	0.01709	0.02222	0.03931	0.08374	0.04272	0.02051	0.01025	0.00342	0.00684	0.64283	0.00684	0.00684
20	0.01183	0.00889	0.01250	0.08261	0.01833	0.00908	0.01214	0.01523	0.01685	0.02167	0.04057	0.07614	0.10848	0.01904	0.00982	0.00323	0.00681	0.51338	0.00649	0.00691
21	0.01624	0.23113	0.51978	0.01885	0.02856	0.02056	0.02340	0.02316	0.01551	0.02186	0.01250	0.01464	0.00944	0.00686	0.00643	0.00214	0.01014	0.00507	0.00315	0.01058
22	0.00913	0.00658	0.00866	0.01016	0.01076	0.00611	0.00685	0.01060	0.01478	0.01973	0.08622	0.66247	0.07538	0.02254	0.00940	0.00295	0.00423	0.02037	0.00698	0.00611
23	0.79154	0.01436	0.01091	0.00976	0.01436	0.01665	0.00804	0.02182	0.01263	0.03331	0.01034	0.01206	0.00804	0.00689	0.00459	0.00230	0.00574	0.00402	0.00459	0.00804
24	0.00938	0.00655	0.00844	0.00995	0.01058	0.00611	0.00671	0.01086	0.01444	0.01964	0.04136	0.65027	0.07801	0.02197	0.00913	0.00290	0.00422	0.01980	0.06359	0.00611
25	0.05240	0.01373	0.02001	0.33907	0.03354	0.01564	0.06989	0.13492	0.01872	0.02701	0.01660	0.02093	0.01253	0.00785	0.00689	0.00225	0.00813	0.00675	0.18428	0.00886
26	0.00913	0.00691	0.00844	0.00937	0.01058	0.00622	0.00653	0.01086	0.01582	0.02055	0.12683	0.45492	0.24504	0.02097	0.00918	0.00278	0.00405	0.01857	0.00704	0.00622
27	0.03331	0.01263	0.01723	0.01321	0.01895	0.01091	0.01091	0.03618	0.02125	0.69794	0.02929	0.02527	0.01838	0.00919	0.00747	0.00230	0.00632	0.00747	0.00919	0.01263
28	0.01485	0.01468	0.02673	0.56363	0.07070	0.01698	0.14646	0.02004	0.01544	0.02009	0.01358	0.01979	0.01023	0.00717	0.00768	0.00247	0.01037	0.00702	0.00340	0.00871
29	0.00929	0.00747	0.00829	0.00824	0.01039	0.00646	0.00612	0.01160	0.01791	0.02278	0.24963	0.11366	0.46593	0.01807	0.00882	0.00249	0.00372	0.01541	0.00726	0.00646
30	0.01384	0.00692	0.00692	0.00692	0.00865	0.00692	0.00519	0.01730	0.01557	0.02768	0.02422	0.02768	0.01903	0.00865	0.00519	0.00173	0.00346	0.00692	0.78031	0.00692
31	0.01985	0.74357	0.03890	0.01270	0.01905	0.02937	0.01270	0.02223	0.01508	0.01747	0.01032	0.01191	0.00953	0.00635	0.00476	0.00159	0.00794	0.00397	0.00318	0.00953
32	0.01551	0.01796	0.11781	0.37228	0.26100	0.01667	0.02194	0.02073	0.01573	0.02148	0.01448	0.02123	0.01172	0.00761	0.00746	0.00240	0.00957	0.03114	0.00354	0.00974
33	0.02379	0.06041	0.13965	0.01378	0.01940	0.01293	0.01297	0.06064	0.01932	0.34870	0.09492	0.02838	0.02252	0.09617	0.01098	0.00285	0.00715	0.00790	0.00698	0.01057
34	0.00877	0.00752	0.00752	0.00752	0.01003	0.00627	0.00564	0.01065	0.01692	0.02005	0.07520	0.07144	0.68978	0.01880	0.00877	0.00251	0.00376	0.01567	0.00689	0.00627
35	0.79154	0.01436	0.01091	0.00976	0.01436	0.01665	0.00804	0.02182	0.01263	0.03331	0.01034	0.01206	0.00804	0.00689	0.00459	0.00230	0.00574	0.00402	0.00459	0.00804
36	0.70375	0.06878	0.04069	0.01044	0.01542	0.01761	0.00916	0.02192	0.01294	0.03175	0.01046	0.01219	0.00820	0.00686	0.00471	0.00225	0.00611	0.00408	0.00443	0.00827
37	0.15795	0.02190	0.02722	0.04311	0.02715	0.20435	0.25702	0.02397	0.01683	0.02346	0.01315	0.01685	0.01045	0.00754	0.00870	0.00234	0.07825	0.00646	0.04440	0.00889
38	0.01492	0.03254	0.52731	0.01891	0.02744	0.06607	0.02262	0.02165	0.01554	0.02195	0.01675	0.09041	0.01478	0.06563	0.00966	0.00276	0.01018	0.00742	0.00367	0.00980
39	0.00904	0.00646	0.00861	0.01034	0.01077	0.00603	0.00689	0.01034	0.01421	0.01895	0.04092	0.73426	0.04910	0.02326	0.00948	0.00301	0.00431	0.02110	0.00689	0.00603
40	0.01520	0.03622	0.62283	0.02236	0.03292	0.01742	0.10305	0.02354	0.01589	0.02354	0.01352	0.01619	0.00962	0.00696	0.00726	0.00237	0.01115	0.00587	0.00321	0.01086
41	0.05024	0.04650	0.12431	0.07532	0.03479	0.04221	0.41888	0.02275	0.01679	0.02318	0.01584	0.04503	0.01296	0.00756	0.00812	0.00247	0.01125	0.02830	0.00386	0.00963
42	0.02744	0.02041	0.02184	0.01692	0.02272	0.02266	0.01392	0.61772	0.08650	0.04553	0.01882	0.01861	0.01343	0.00900	0.00744	0.00225	0.00799	0.00682	0.00744	0.01255
43	0.00904	0.00646	0.00861	0.01034	0.01077	0.00603	0.00689	0.01034	0.01421	0.01895	0.04092	0.73426	0.04910	0.02326	0.00948	0.00301	0.00431	0.02110	0.00689	0.00603
44	0.00924	0.00657	0.00864	0.01013	0.01059	0.00616	0.00672	0.01054	0.01427	0.01911	0.06929	0.65291	0.04844	0.07537	0.01152	0.00329	0.00448	0.02000	0.00677	0.00596
45	0.01612	0.19257	0.52078	0.01983	0.02960	0.01999	0.05751	0.02324	0.01564	0.02219	0.01275	0.01507	0.00953	0.00686	0.00664	0.00219	0.01038	0.00532	0.00318	0.01060
46	0.02784	0.01947	0.02111	0.01627	0.02197	0.02129	0.01341	0.58775	0.03289	0.09353	0.01900	0.01888	0.01338	0.00892	0.00731	0.00221	0.00779	0.00675	0.04790	0.01233
47	0.25997	0.01187	0.01017	0.03341	0.01335	0.05851	0.00753	0.04129	0.01564	0.02914	0.01840	0.02120	0.01440	0.00799	0.00526	0.00196	0.00523	0.00584	0.43123	0.00762
48	0.07115	0.01457	0.01572	0.01377	0.01798	0.01615	0.01083	0.06368	0.43801	0.12001	0.07634	0.02793	0.02397	0.01000	0.00731	0.00241	0.00574	0.00820	0.04514	0.01108
49	0.03331	0.01263	0.01723	0.01321	0.01895	0.01091	0.01091	0.03618	0.02125	0.69794	0.02929	0.02527	0.01838	0.00919	0.00747	0.00230	0.00632	0.00747	0.00919	0.01263
50	0.01837	0.01764	0.03013	0.04557	0.69279	0.01764	0.02278	0.02278	0.01690	0.02425	0.01396	0.01837	0.01176	0.00661	0.00735	0.00220	0.00882	0.00661	0.00367	0.01176
51	0.70890	0.01417	0.01160	0.01014	0.01486	0.01603	0.00835	0.02339	0.01357	0.10575	0.01240	0.01350	0.00917	0.00714	0.00491	0.00230	0.00581	0.00440	0.00509	0.00854
52	0.01402	0.01319	0.02227	0.72126	0.05113	0.01649	0.02062	0.01897	0.01484	0.01897	0.01319	0.01979	0.00990	0.00742	0.00742	0.00247	0.00990	0.00660	0.00330	0.00825
53	0.00904	0.00646	0.00861	0.01034	0.01077	0.00603	0.00689	0.01034	0.01421	0.01895	0.04092	0.73426	0.04910	0.02326	0.00948	0.00301	0.00431	0.02110	0.00689	0.00603
54	0.00877	0.00752	0.00752	0.00752	0.01003	0.00627	0.00564	0.01065	0.01692	0.02005	0.07520	0.07144	0.68978	0.01880	0.00877	0.00251	0.00376	0.01567	0.00689	0.00627
55	0.01624	0.01624	0.02274	0.01949	0.01949	0.02274	0.01624	0.01787	0.01137	0.01787	0.00975	0.01624	0.00975	0.01299	0.02436	0.00325	0.72552	0.00650	0.00325	0.00812
56	0.01061	0.00795	0.01193	0.01193	0.01326	0.00928	0.00928	0.01326	0.01193	0.01723	0.01988	0.02916	0.01856	0.05568	0.70968	0.01193	0.01988	0.00795	0.00398	0.00663
57	0.01624	0.01624	0.02274	0.01949	0.01949	0.02274	0.01624	0.01787	0.01137	0.01787	0.00975	0.01624	0.00975	0.01299	0.02436	0.00325	0.72552	0.00650	0.00325	0.00812
58	0.02822	0.02079	0.02228	0.01708	0.02302	0.02302	0.01411	0.66804	0.03490	0.04679	0.01782	0.01782	0.01262	0.00891	0.00743	0.00223	0.00817	0.00668	0.00743	0.01262
59	0.07716	0.01207	0.01523	0.04491	0.01780	0.01228	0.01051	0.04628	0.03998	0.24373	0.10643	0.03239	0.06726	0.04782	0.03372	0.00293	0.07911	0.03293	0.00672	0.07076
60	0.01584	0.00932	0.01282	0.01172	0.01415	0.00871	0.03976	0.01904	0.05164	0.17356	0.15445	0.28134	0.06352	0.09448	0.01180	0.00311	0.00538	0.01407	0.00726	0.00802
61	0.01943	0.68428	0.09454	0.01341	0.02015	0.02835	0.01394	0.02234	0.01513	0.01797	0.01057	0.01223	0.00952	0.00641	0.00496	0.00165	0.00819	0.00410	0.00317	0.00965
62	0.02436	0.02321	0.02283	0.02349	0.16439	0.26423	0.04325	0.11254	0.04446	0.11253	0.01924	0.02051	0.04763	0.00860	0.00791	0.00219	0.03633	0.00670	0.00524	0.01036
63	0.01577	0.10021	0.01968	0.03903	0.01904	0.06543	0.07802	0.08044	0.06697	0.02341	0.05134	0.20885	0.09725	0.01495	0.03216	0.00277	0.03590	0.01149	0.02891	0.00836
64	0.01397	0.00864	0.01025	0.00961	0.01185	0.00793	0.00699	0.04327	0.01737	0.12344	0.13889	0.16242	0.24475	0.15028	0.01399	0.00339	0.00502	0.01370	0.00700	0.00724
65	0.00920	0.00676	0.00865	0.00999	0.01086	0.00622	0.00691	0.01078	0.01511	0.01983	0.08116	0.57121	0.14715	0.02204	0.00936	0.00292	0.00428	0.04448	0.00696	0.00615
66	0.01609	0.01694	0.05741	0.30270	0.16127	0.04414	0.14178	0.04080	0.01709	0.02271	0.06502	0.04813	0.01647	0.00825	0.00779	0.00240	0.00965	0.00793	0.00409	0.00934
67	0.01696	0.02954	0.41330	0.02464	0.09864	0.01737	0.14640	0.02552	0.07561	0.05706	0.01599	0.01831	0.01162	0.00723	0.00747	0.00238	0.01037	0.00658	0.00400	0.01102
68	0.02271	0.09109	0.12465	0.01487	0.02043	0.04312	0.01380	0.10147	0.04008	0.24008	0.02527	0.07178	0.06572	0.01030	0.00839	0.00231	0.05485	0.00801	0.00632	0.03476
69	0.18957	0.06805	0.10819	0.04304	0.02194	0.04982	0.03533	0.09810	0.01917	0.24282	0.01842	0.01857	0.01277	0.00793	0.00653	0.00222	0.00771	0.00600	0.03325	0.01056
70	0.01763	0.01727	0.02404	0.29332	0.17025	0.08898	0.06987	0.06740	0.04998	0.02324	0.01758	0.02304	0.03618	0.00822	0.00752	0.00233	0.00944	0.02984	0.00426	0.03962
71	0.01866	0.01661	0.02325	0.36095	0.14392	0.04251	0.01856	0.17032	0.01988	0.02638	0.01415	0.01853	0.01085	0.00786	0.00820	0.00234	0.04663	0.00647	0.00437	0.03957
72	0.04582	0.01984	0.02443	0.10170	0.30711	0.16632	0.04915	0.02433	0.04130	0.05754	0.01618	0.02220	0.01371	0.04130	0.00872	0.00248	0.00960	0.03394	0.00430	0.01001
73	0.30543	0.01692	0.06969	0.12926	0.10020	0.01667	0.07830	0.02399	0.08609	0.04889	0.01474	0.01729	0.01120	0.00724	0.00639	0.00230	0.00781	0.00588	0.00455	0.04714
74	0.06133	0.01647	0.02106	0.06777	0.05234	0.03969	0.07997	0.22235	0.08623	0.08343	0.01950	0.04726	0.01544	0.01525	0.10403	0.00362	0.00981	0.00753	0.00586	0.04104
75	0.13925	0.01793	0.01880	0.01742	0.07724	0.07433	0.01281	0.21137	0.14419	0.10059	0.06480	0.02171	0.01784	0.00915	0.00778	0.00232	0.03826	0.00697	0.00646	0.01079

[dist]
# distance from previous block
# <min> <max>
7	36

[block]
# block no. 4 follows, 27 sequences, length 28
# corresponding to MSA columns:
# 320-347
name=unknown_E
#
# <colnr> <probs for GDERKNQSTAVLIFYWHMCP>
#	G	D	E	R	K	N	Q	S	T	A	V	L	I	F	Y	W	H	M	C	P
0	0.26227	0.10879	0.09024	0.01609	0.06237	0.01846	0.03708	0.13184	0.04064	0.11459	0.01769	0.01840	0.03610	0.00796	0.00628	0.00222	0.00740	0.00595	0.00541	0.01023
1	0.08250	0.05152	0.01818	0.07481	0.02118	0.19905	0.01238	0.14163	0.04489	0.02648	0.07444	0.02924	0.11302	0.01072	0.00814	0.00230	0.04436	0.03081	0.00546	0.00889
2	0.01944	0.16706	0.06190	0.01906	0.02267	0.08371	0.08016	0.09679	0.01655	0.02207	0.01166	0.01565	0.01016	0.00974	0.01445	0.00256	0.32723	0.00603	0.00382	0.00931
3	0.02239	0.04135	0.01787	0.01390	0.01821	0.01611	0.01115	0.29487	0.04783	0.13208	0.02129	0.02713	0.01753	0.12175	0.09858	0.00414	0.00893	0.02927	0.00651	0.04913
4	0.11970	0.14272	0.02200	0.01645	0.02066	0.45647	0.01296	0.02703	0.04201	0.02034	0.01224	0.01429	0.01029	0.00985	0.04142	0.00243	0.01164	0.00485	0.00396	0.00869
5	0.00904	0.00646	0.00861	0.01034	0.01077	0.00603	0.00689	0.01034	0.01421	0.01895	0.04092	0.73426	0.04910	0.02326	0.00948	0.00301	0.00431	0.02110	0.00689	0.00603
6	0.01289	0.00645	0.00967	0.00967	0.00967	0.00645	0.00645	0.00967	0.00967	0.01289	0.01289	0.02257	0.01289	0.02579	0.02901	0.78401	0.00645	0.00645	0.00322	0.00322
7	0.01752	0.02003	0.04380	0.03129	0.03880	0.01877	0.66583	0.02378	0.01752	0.02378	0.01502	0.02003	0.01126	0.00626	0.00876	0.00250	0.01252	0.00876	0.00375	0.01001
8	0.01736	0.02118	0.08513	0.03065	0.03838	0.01868	0.62567	0.02376	0.01741	0.02376	0.01491	0.01975	0.01115	0.00631	0.00865	0.00249	0.01242	0.00855	0.00372	0.01007
9	0.01289	0.00645	0.00967	0.00967	0.00967	0.00645	0.00645	0.00967	0.00967	0.01289	0.01289	0.02257	0.01289	0.02579	0.02901	0.78401	0.00645	0.00645	0.00322	0.00322
10	0.01624	0.01624	0.02274	0.01949	0.01949	0.02274	0.01624	0.01787	0.01137	0.01787	0.00975	0.01624	0.00975	0.01299	0.02436	0.00325	0.72552	0.00650	0.00325	0.00812
11	0.01061	0.00792	0.01174	0.01174	0.01300	0.00917	0.00904	0.01313	0.01187	0.01709	0.02006	0.03014	0.01898	0.09001	0.67593	0.01169	0.01925	0.00810	0.00400	0.00652
12	0.01985	0.74357	0.03890	0.01270	0.01905	0.02937	0.01270	0.02223	0.01508	0.01747	0.01032	0.01191	0.00953	0.00635	0.00476	0.00159	0.00794	0.00397	0.00318	0.00953
13	0.01061	0.00795	0.01193	0.01193	0.01326	0.00928	0.00928	0.01326	0.01193	0.01723	0.01988	0.02916	0.01856	0.05568	0.70968	0.01193	0.01988	0.00795	0.00398	0.00663
14	0.79154	0.01436	0.01091	0.00976	0.01436	0.01665	0.00804	0.02182	0.01263	0.03331	0.01034	0.01206	0.00804	0.00689	0.00459	0.00230	0.00574	0.00402	0.00459	0.00804
15	0.00942	0.00797	0.00820	0.00806	0.01060	0.00696	0.00607	0.01242	0.05183	0.02140	0.12160	0.06789	0.60572	0.01806	0.00871	0.00249	0.00385	0.01511	0.00703	0.00661
16	0.01080	0.00720	0.00810	0.00810	0.00810	0.00720	0.00450	0.01080	0.01080	0.01439	0.02339	0.04858	0.02699	0.73910	0.03779	0.00720	0.00720	0.01080	0.00450	0.00450
17	0.01846	0.01595	0.01679	0.01511	0.01930	0.01846	0.01175	0.03945	0.67938	0.03105	0.03022	0.02770	0.02266	0.01007	0.00755	0.00252	0.00588	0.00839	0.00755	0.01175
18	0.00988	0.00735	0.00919	0.00919	0.01082	0.00666	0.00672	0.01262	0.01885	0.02570	0.43913	0.19544	0.18607	0.01751	0.00890	0.00251	0.00371	0.01541	0.00767	0.00666
19	0.00904	0.00646	0.00861	0.01034	0.01077	0.00603	0.00689	0.01034	0.01421	0.01895	0.04092	0.73426	0.04910	0.02326	0.00948	0.00301	0.00431	0.02110	0.00689	0.00603
20	0.01846	0.01595	0.01679	0.01511	0.01930	0.01846	0.01175	0.03945	0.67938	0.03105	0.03022	0.02770	0.02266	0.01007	0.00755	0.00252	0.00588	0.00839	0.00755	0.01175
21	0.02340	0.23428	0.05749	0.01351	0.01904	0.01816	0.01215	0.08046	0.09579	0.24714	0.10347	0.02417	0.02167	0.00905	0.00680	0.00211	0.00679	0.00709	0.00662	0.01082
22	0.01539	0.01319	0.01539	0.01100	0.01759	0.00990	0.00880	0.01869	0.01539	0.02419	0.01319	0.01539	0.01100	0.00550	0.00550	0.00110	0.00550	0.00440	0.00440	0.78449
23	0.01147	0.00811	0.01094	0.01225	0.01357	0.00805	0.01005	0.01414	0.01595	0.02094	0.06544	0.12591	0.04167	0.14592	0.01493	0.00400	0.00656	0.45724	0.00649	0.00637
24	0.01080	0.00720	0.00810	0.00810	0.00810	0.00720	0.00450	0.01080	0.01080	0.01439	0.02339	0.04858	0.02699	0.73910	0.03779	0.00720	0.00720	0.01080	0.00450	0.00450
25	0.00970	0.00730	0.00890	0.00988	0.01103	0.00686	0.00690	0.01210	0.04423	0.02006	0.07543	0.45322	0.19044	0.06624	0.01102	0.00313	0.00451	0.04590	0.00682	0.00632
26	0.01502	0.01140	0.01436	0.04978	0.01707	0.01194	0.03201	0.17538	0.04908	0.02724	0.09413	0.34731	0.03597	0.07034	0.01080	0.00300	0.00604	0.01429	0.00670	0.00814
27	0.02296	0.01801	0.02170	0.01624	0.02247	0.04652	0.08161	0.29281	0.02450	0.08747	0.01655	0.01761	0.01224	0.00740	0.00686	0.00185	0.00777	0.00608	0.00596	0.28341

[dist]
# distance from previous block
# <min> <max>
0	17

[block]
# block no. 5 follows, 27 sequences, length 93
# corresponding to MSA columns:
# 365-457
name=unknown_F
#
# <colnr> <probs for GDERKNQSTAVLIFYWHMCP>
#	G	D	E	R	K	N	Q	S	T	A	V	L	I	F	Y	W	H	M	C	P
0	0.07616	0.12378	0.14447	0.01501	0.05848	0.01537	0.01331	0.03913	0.01503	0.02311	0.04389	0.02326	0.01640	0.06864	0.12367	0.00408	0.04975	0.00665	0.13134	0.00847
1	0.01652	0.07333	0.15887	0.02324	0.05556	0.01828	0.25454	0.05399	0.01687	0.02357	0.05827	0.04231	0.01600	0.01120	0.04781	0.00299	0.10499	0.00793	0.00410	0.00962
2	0.03925	0.09387	0.62661	0.02013	0.03054	0.01819	0.02566	0.02336	0.01553	0.02333	0.01299	0.01526	0.00937	0.00699	0.00679	0.00229	0.01057	0.00532	0.00318	0.01077
3	0.01407	0.00829	0.00925	0.04455	0.01205	0.00864	0.00675	0.06307	0.01604	0.02584	0.02387	0.06943	0.02094	0.11745	0.03418	0.00302	0.00527	0.00828	0.50202	0.00699
4	0.01899	0.01691	0.04698	0.01447	0.02043	0.07151	0.05815	0.06430	0.07166	0.08922	0.01788	0.05634	0.01463	0.00769	0.00659	0.00173	0.00712	0.00645	0.00529	0.40366
5	0.02252	0.01645	0.01831	0.01501	0.01937	0.01809	0.01206	0.45934	0.02806	0.03805	0.02165	0.12176	0.01888	0.01726	0.10242	0.00363	0.00901	0.00892	0.03856	0.01064
6	0.01438	0.01199	0.01417	0.01102	0.01643	0.00940	0.00882	0.01745	0.01544	0.02321	0.02015	0.02878	0.04898	0.04757	0.00801	0.00180	0.00568	0.08819	0.00484	0.60371
7	0.09510	0.05004	0.01978	0.01551	0.02048	0.11349	0.01254	0.33937	0.14840	0.03639	0.01866	0.01889	0.01392	0.00865	0.00684	0.00219	0.00792	0.00640	0.05440	0.01102
8	0.61257	0.01629	0.05005	0.05899	0.01875	0.01738	0.01060	0.09364	0.01542	0.03332	0.01152	0.01341	0.00875	0.00716	0.00523	0.00230	0.00657	0.00457	0.00474	0.00872
9	0.01694	0.01757	0.02126	0.01859	0.01914	0.10241	0.01519	0.01865	0.01267	0.01791	0.01188	0.04616	0.01190	0.01553	0.06574	0.00364	0.56632	0.00699	0.00351	0.00800
10	0.02146	0.01719	0.01833	0.01557	0.02020	0.01946	0.01234	0.26208	0.41575	0.03605	0.02634	0.06014	0.02043	0.01033	0.00761	0.00244	0.00661	0.00843	0.00747	0.01177
11	0.01204	0.00962	0.01200	0.01188	0.01341	0.05418	0.00919	0.01473	0.01289	0.01836	0.01979	0.02799	0.01803	0.04776	0.59217	0.01024	0.01778	0.00764	0.08350	0.00679
12	0.00904	0.00646	0.00861	0.01034	0.01077	0.00603	0.00689	0.01034	0.01421	0.01895	0.04092	0.73426	0.04910	0.02326	0.00948	0.00301	0.00431	0.02110	0.00689	0.00603
13	0.01715	0.01922	0.04070	0.08902	0.03867	0.01882	0.57166	0.02301	0.01692	0.02301	0.01454	0.01978	0.01106	0.00677	0.00960	0.00255	0.05566	0.00844	0.00369	0.00975
14	0.00894	0.00753	0.00776	0.00770	0.01013	0.00634	0.00577	0.01098	0.01732	0.02101	0.13566	0.06987	0.62873	0.01844	0.00877	0.00249	0.00373	0.01545	0.00702	0.00634
15	0.01060	0.00743	0.00956	0.00968	0.01021	0.00789	0.00645	0.01168	0.01146	0.01578	0.02335	0.09063	0.02545	0.43383	0.28532	0.00865	0.01170	0.01048	0.00448	0.00540
16	0.01856	0.37279	0.02997	0.01576	0.01921	0.07529	0.01402	0.02062	0.01392	0.01766	0.01066	0.01457	0.01007	0.01151	0.04806	0.00278	0.28728	0.00521	0.00329	0.00877
17	0.01539	0.01319	0.01539	0.01100	0.01759	0.00990	0.00880	0.01869	0.01539	0.02419	0.01319	0.01539	0.01100	0.00550	0.00550	0.00110	0.00550	0.00440	0.00440	0.78449
18	0.02367	0.02448	0.04895	0.01988	0.09738	0.26750	0.01452	0.22178	0.05941	0.02913	0.02016	0.02121	0.06245	0.00890	0.00713	0.00213	0.00955	0.00671	0.04483	0.01020
19	0.01841	0.01826	0.02771	0.11846	0.53506	0.07572	0.02137	0.02262	0.01703	0.02305	0.01473	0.02085	0.01266	0.00738	0.00742	0.00226	0.00925	0.03310	0.00378	0.01089
20	0.02612	0.03182	0.02266	0.02366	0.13953	0.56653	0.01580	0.04928	0.02077	0.02016	0.01212	0.01440	0.01004	0.00751	0.00683	0.00197	0.01242	0.00516	0.00392	0.00929
21	0.06369	0.08141	0.02648	0.12171	0.20578	0.16772	0.09031	0.05886	0.03896	0.02368	0.01408	0.01743	0.01127	0.00722	0.00693	0.00216	0.00977	0.00616	0.03652	0.00985
22	0.01254	0.00823	0.01041	0.00964	0.01147	0.00780	0.00704	0.01610	0.04678	0.07531	0.49492	0.05089	0.05665	0.14373	0.01379	0.00321	0.00446	0.01232	0.00756	0.00716
23	0.01049	0.00749	0.00974	0.03162	0.01177	0.00776	0.00710	0.01216	0.01316	0.01816	0.06520	0.17836	0.07816	0.25017	0.21984	0.00672	0.00974	0.01218	0.04428	0.00592
24	0.01217	0.00900	0.01192	0.01323	0.01513	0.00912	0.01127	0.01689	0.07416	0.02267	0.04079	0.11476	0.08071	0.01966	0.00989	0.00326	0.00642	0.51485	0.00690	0.00718
25	0.01051	0.00759	0.00992	0.00934	0.01109	0.00700	0.00700	0.01401	0.02101	0.02977	0.68888	0.05545	0.07005	0.01518	0.00876	0.00233	0.00350	0.01343	0.00817	0.00700
26	0.01857	0.01826	0.02916	0.08780	0.61731	0.05277	0.02221	0.02289	0.01698	0.02360	0.01379	0.01821	0.01153	0.00672	0.00732	0.00221	0.00912	0.00652	0.00366	0.01137
27	0.02616	0.01402	0.01702	0.01402	0.01892	0.01411	0.01138	0.10709	0.20933	0.36248	0.06207	0.02992	0.02291	0.01035	0.00771	0.00242	0.00629	0.04370	0.00834	0.01177
28	0.01997	0.01590	0.01785	0.01317	0.01953	0.01458	0.01069	0.25024	0.02235	0.03225	0.01485	0.01626	0.01158	0.00672	0.00619	0.00150	0.00645	0.00521	0.00548	0.50925
29	0.01722	0.01437	0.02028	0.01613	0.04872	0.01272	0.10353	0.07648	0.01786	0.05985	0.05275	0.06360	0.01708	0.00801	0.00736	0.00176	0.03071	0.00706	0.00510	0.41941
30	0.09047	0.20164	0.47921	0.01808	0.02736	0.02003	0.02211	0.02305	0.01524	0.02303	0.01233	0.01444	0.00930	0.00687	0.00628	0.00217	0.00976	0.00499	0.00328	0.01035
