[name]
unknown

[dist]
# distance from previous block
# <min> <max>
0	0

[block]
# block no. 0 follows, 29 sequences, length 6
# corresponding to MSA columns:
# 0-5
name=unknown_A
#
# <colnr> <probs for GDERKNQSTAVLIFYWHMCP>
#	G	D	E	R	K	N	Q	S	T	A	V	L	I	F	Y	W	H	M	C	P
0	0.01147	0.00820	0.01147	0.01311	0.01475	0.00820	0.01147	0.01475	0.01639	0.02131	0.03770	0.08032	0.04098	0.01967	0.00984	0.00328	0.00656	0.65741	0.00656	0.00656
1	0.48293	0.01531	0.07540	0.01141	0.01671	0.01426	0.01026	0.02550	0.01503	0.24893	0.01601	0.01595	0.01101	0.00733	0.00550	0.00221	0.00613	0.00504	0.00570	0.00938
2	0.01850	0.01858	0.02805	0.04124	0.63879	0.08550	0.02106	0.02249	0.01660	0.02269	0.01316	0.01716	0.01107	0.00644	0.00699	0.00209	0.00889	0.00617	0.00354	0.01098
3	0.01706	0.01635	0.02789	0.13631	0.61711	0.01677	0.02157	0.02136	0.01595	0.02258	0.01329	0.01781	0.01104	0.00645	0.00706	0.00215	0.00860	0.00634	0.00348	0.01083
4	0.01915	0.11909	0.06202	0.03406	0.46760	0.10024	0.01943	0.05476	0.01722	0.02273	0.01280	0.01608	0.01068	0.00655	0.00663	0.00201	0.00892	0.00575	0.00363	0.01064
5	0.01720	0.04600	0.08926	0.10234	0.44979	0.04334	0.04838	0.02233	0.04427	0.02229	0.01360	0.01748	0.01110	0.00683	0.00758	0.00218	0.03568	0.00624	0.00358	0.01050

[dist]
# distance from previous block
# <min> <max>
27	85

[block]
# block no. 1 follows, 29 sequences, length 59
# corresponding to MSA columns:
# 101-159
name=unknown_B
#
# <colnr> <probs for GDERKNQSTAVLIFYWHMCP>
#	G	D	E	R	K	N	Q	S	T	A	V	L	I	F	Y	W	H	M	C	P
0	0.04853	0.09558	0.04554	0.04639	0.12482	0.19722	0.01400	0.08473	0.09425	0.04410	0.03698	0.02239	0.05135	0.01030	0.03457	0.00245	0.00902	0.02360	0.00479	0.00938
1	0.01671	0.04485	0.13241	0.02451	0.22568	0.03523	0.08069	0.08765	0.01839	0.04617	0.12261	0.09177	0.02304	0.00948	0.00744	0.00223	0.00789	0.00859	0.00492	0.00972
2	0.02040	0.08226	0.07281	0.04746	0.10391	0.03512	0.01340	0.09632	0.07450	0.17512	0.02183	0.07690	0.04001	0.00900	0.00684	0.00207	0.00700	0.00745	0.00572	0.10188
3	0.01852	0.10464	0.10708	0.05230	0.30116	0.04962	0.01723	0.02309	0.04284	0.10874	0.02136	0.02290	0.08384	0.00810	0.00686	0.00211	0.00793	0.00691	0.00454	0.01023
4	0.12212	0.11420	0.34022	0.01644	0.04855	0.01664	0.01749	0.06906	0.01592	0.02457	0.04756	0.04442	0.01453	0.04769	0.00791	0.00240	0.00823	0.00624	0.02647	0.00932
5	0.01171	0.01052	0.01423	0.13903	0.13794	0.01060	0.01127	0.01604	0.07299	0.02093	0.06724	0.04717	0.38655	0.01332	0.00786	0.00234	0.00563	0.01137	0.00557	0.00772
6	0.01729	0.01272	0.01508	0.01105	0.01714	0.01006	0.00887	0.02130	0.05133	0.11843	0.01565	0.01670	0.01212	0.00599	0.00564	0.00129	0.00540	0.00483	0.00501	0.64411
7	0.01771	0.01530	0.01610	0.01449	0.01852	0.01771	0.01127	0.03784	0.69247	0.02979	0.02898	0.02657	0.02174	0.00966	0.00725	0.00242	0.00564	0.00805	0.00725	0.01127
8	0.00990	0.00723	0.00930	0.00887	0.01055	0.00663	0.00662	0.01307	0.01962	0.02747	0.63001	0.08125	0.11260	0.01511	0.00843	0.00228	0.00341	0.01332	0.00770	0.00663
9	0.02523	0.01903	0.02034	0.01601	0.02138	0.02122	0.01309	0.55515	0.16291	0.04191	0.01943	0.01896	0.01400	0.00877	0.00715	0.00219	0.00740	0.00673	0.00715	0.01194
10	0.00896	0.00730	0.00798	0.00801	0.01022	0.00632	0.00614	0.01117	0.01696	0.02110	0.18410	0.06668	0.53340	0.01753	0.00853	0.00244	0.00380	0.06635	0.00683	0.00618
11	0.03195	0.01212	0.01652	0.01267	0.01818	0.01047	0.01047	0.03470	0.02038	0.71026	0.02809	0.02424	0.01763	0.00881	0.00716	0.00220	0.00606	0.00716	0.00881	0.01212
12	0.00927	0.00704	0.00854	0.00860	0.01025	0.00631	0.00628	0.01171	0.01760	0.02352	0.36908	0.19736	0.26412	0.01722	0.00854	0.00242	0.00359	0.01504	0.00720	0.00631
13	0.02150	0.01274	0.01566	0.01154	0.01755	0.01032	0.00937	0.04923	0.01752	0.27452	0.01845	0.01831	0.01319	0.00669	0.00603	0.00151	0.00566	0.00537	0.00600	0.47884
14	0.66024	0.01389	0.01183	0.01016	0.01478	0.01560	0.00838	0.05821	0.01432	0.11941	0.01263	0.01349	0.00922	0.00700	0.00490	0.00220	0.00570	0.00442	0.00512	0.00851
15	0.02707	0.01995	0.02137	0.01638	0.02208	0.02208	0.01353	0.68159	0.03348	0.04488	0.01710	0.01710	0.01211	0.00855	0.00712	0.00214	0.00784	0.00641	0.00712	0.01211
16	0.00842	0.00721	0.00721	0.00721	0.00962	0.00601	0.00541	0.01022	0.01623	0.01924	0.07213	0.06853	0.70244	0.01803	0.00842	0.00240	0.00361	0.01503	0.00661	0.00601
17	0.00852	0.00722	0.00736	0.00732	0.00968	0.00606	0.00549	0.01042	0.01648	0.01983	0.11224	0.06755	0.66196	0.01781	0.00841	0.00239	0.00359	0.01489	0.00669	0.00606
18	0.06015	0.45615	0.03039	0.01430	0.01828	0.04702	0.01308	0.02019	0.01338	0.01771	0.00976	0.01280	0.00913	0.00819	0.01062	0.00208	0.24040	0.00461	0.00316	0.00860
19	0.02660	0.03394	0.02018	0.01834	0.02201	0.72116	0.01376	0.02843	0.02018	0.01743	0.01101	0.01284	0.00917	0.00734	0.00642	0.00183	0.01284	0.00459	0.00367	0.00825
20	0.02390	0.01267	0.01547	0.01287	0.01734	0.01266	0.01028	0.03314	0.26803	0.37229	0.11457	0.02880	0.02548	0.00986	0.00735	0.00229	0.00556	0.00822	0.00811	0.01112
21	0.01664	0.01868	0.03982	0.02844	0.03558	0.01732	0.62545	0.02242	0.01664	0.02284	0.01426	0.01885	0.01078	0.00594	0.00815	0.00229	0.01146	0.00807	0.00365	0.07269
22	0.02587	0.01935	0.02070	0.01614	0.02163	0.02152	0.01324	0.59924	0.11778	0.04295	0.01862	0.01831	0.01334	0.00869	0.00714	0.00217	0.00755	0.00662	0.00714	0.01200
23	0.00921	0.00685	0.00902	0.01016	0.01065	0.00685	0.00695	0.01045	0.01330	0.01780	0.03730	0.59704	0.07427	0.07460	0.03779	0.00348	0.04423	0.01807	0.00616	0.00582
24	0.01455	0.07683	0.67518	0.01984	0.03012	0.01719	0.02552	0.02248	0.01500	0.02223	0.01262	0.01483	0.00903	0.00673	0.00664	0.00221	0.01036	0.00518	0.00301	0.01045
25	0.00866	0.00625	0.00821	0.00979	0.01029	0.00579	0.00655	0.00993	0.01376	0.01823	0.04081	0.71302	0.07817	0.02211	0.00906	0.00287	0.00411	0.02000	0.00661	0.00579
26	0.03195	0.01212	0.01652	0.01267	0.01818	0.01047	0.01047	0.03470	0.02038	0.71026	0.02809	0.02424	0.01763	0.00881	0.00716	0.00220	0.00606	0.00716	0.00881	0.01212
27	0.01771	0.01530	0.01610	0.01449	0.01852	0.01771	0.01127	0.03784	0.69247	0.02979	0.02898	0.02657	0.02174	0.00966	0.00725	0.00242	0.00564	0.00805	0.00725	0.01127
28	0.01345	0.01266	0.02136	0.73264	0.04904	0.01582	0.01978	0.01819	0.01424	0.01819	0.01266	0.01898	0.00949	0.00712	0.00712	0.00237	0.00949	0.00633	0.00316	0.00791
29	0.00868	0.00620	0.00826	0.00991	0.01033	0.00578	0.00661	0.00991	0.01363	0.01818	0.03925	0.74510	0.04710	0.02231	0.00909	0.00289	0.00413	0.02024	0.00661	0.00578
30	0.03195	0.01212	0.01652	0.01267	0.01818	0.01047	0.01047	0.03470	0.02038	0.71026	0.02809	0.02424	0.01763	0.00881	0.00716	0.00220	0.00606	0.00716	0.00881	0.01212
31	0.74933	0.01418	0.01118	0.00982	0.01432	0.01637	0.00809	0.06428	0.01352	0.03280	0.01039	0.01193	0.00800	0.00674	0.00458	0.00220	0.00566	0.00402	0.00458	0.00800
32	0.01681	0.01921	0.04202	0.03001	0.03721	0.01801	0.67947	0.02281	0.01681	0.02281	0.01441	0.01921	0.01080	0.00600	0.00840	0.00240	0.01200	0.00840	0.00360	0.00960
33	0.00849	0.00722	0.00731	0.00729	0.00966	0.00604	0.00547	0.01035	0.01640	0.01963	0.09871	0.06788	0.67563	0.01789	0.00842	0.00240	0.00360	0.01494	0.00666	0.00604
34	0.03195	0.01212	0.01652	0.01267	0.01818	0.01047	0.01047	0.03470	0.02038	0.71026	0.02809	0.02424	0.01763	0.00881	0.00716	0.00220	0.00606	0.00716	0.00881	0.01212
35	0.01345	0.01266	0.02136	0.73264	0.04904	0.01582	0.01978	0.01819	0.01424	0.01819	0.01266	0.01898	0.00949	0.00712	0.00712	0.00237	0.00949	0.00633	0.00316	0.00791
36	0.03195	0.01212	0.01652	0.01267	0.01818	0.01047	0.01047	0.03470	0.02038	0.71026	0.02809	0.02424	0.01763	0.00881	0.00716	0.00220	0.00606	0.00716	0.00881	0.01212
37	0.02777	0.01285	0.01629	0.01284	0.01778	0.01214	0.01056	0.15460	0.02248	0.47631	0.07931	0.02727	0.02135	0.00958	0.00726	0.00221	0.00609	0.03076	0.04128	0.01126
38	0.01771	0.01530	0.01610	0.01449	0.01852	0.01771	0.01127	0.03784	0.69247	0.02979	0.02898	0.02657	0.02174	0.00966	0.00725	0.00242	0.00564	0.00805	0.00725	0.01127
39	0.00842	0.00721	0.00721	0.00721	0.00962	0.00601	0.00541	0.01022	0.01623	0.01924	0.07213	0.06853	0.70244	0.01803	0.00842	0.00240	0.00361	0.01503	0.00661	0.00601
40	0.01035	0.00694	0.00796	0.00796	0.00803	0.00701	0.00456	0.01048	0.01041	0.01395	0.02226	0.04560	0.02545	0.71232	0.07308	0.00715	0.00756	0.01021	0.00429	0.00442
41	0.01363	0.01302	0.02251	0.69345	0.04838	0.01594	0.05657	0.01845	0.01438	0.01845	0.01275	0.01900	0.00957	0.00706	0.00719	0.00237	0.00963	0.00644	0.00319	0.00800
42	0.00850	0.00722	0.00733	0.00730	0.00967	0.00605	0.00547	0.01038	0.01642	0.01969	0.10266	0.06778	0.67163	0.01787	0.00841	0.00240	0.00359	0.01492	0.00667	0.00605
43	0.02011	0.61125	0.05815	0.01347	0.01933	0.14102	0.01294	0.02253	0.01542	0.01707	0.01018	0.01178	0.00914	0.00632	0.00495	0.00160	0.00857	0.00399	0.00315	0.00904
44	0.01428	0.03683	0.71286	0.02030	0.03082	0.01654	0.02631	0.02255	0.01503	0.02255	0.01278	0.01503	0.00902	0.00677	0.00677	0.00226	0.01052	0.00526	0.00301	0.01052
45	0.00972	0.00726	0.00903	0.00859	0.01042	0.00657	0.00644	0.01275	0.01932	0.02657	0.56723	0.05646	0.20277	0.01530	0.00840	0.00227	0.00341	0.01334	0.00758	0.00657
46	0.00995	0.00727	0.00934	0.00882	0.01056	0.00666	0.00662	0.01319	0.01985	0.02783	0.65266	0.05438	0.11656	0.01483	0.00840	0.00225	0.00338	0.01304	0.00774	0.00666
47	0.00993	0.00727	0.00931	0.00880	0.01054	0.00665	0.00660	0.01314	0.01980	0.02770	0.64390	0.05460	0.12539	0.01488	0.00840	0.00225	0.00338	0.01307	0.00773	0.00665
48	0.01034	0.00694	0.00797	0.00797	0.00804	0.00701	0.00457	0.01049	0.01042	0.01396	0.02225	0.04556	0.02544	0.71091	0.07446	0.00716	0.00758	0.01020	0.00429	0.00443
49	0.01904	0.75404	0.03731	0.01218	0.01828	0.02818	0.01218	0.02132	0.01447	0.01675	0.00990	0.01142	0.00914	0.00609	0.00457	0.00152	0.00761	0.00381	0.00305	0.00914
50	0.02613	0.03141	0.01978	0.01768	0.02149	0.62034	0.01339	0.09618	0.02136	0.02065	0.01212	0.01382	0.00983	0.00750	0.00644	0.00186	0.01195	0.00486	0.03462	0.00859
51	0.04719	0.01827	0.04660	0.06844	0.47952	0.08802	0.04281	0.02147	0.01636	0.02240	0.01756	0.02090	0.06447	0.00740	0.00703	0.00214	0.00866	0.00678	0.00378	0.01018
52	0.23632	0.04300	0.01772	0.10031	0.02176	0.01847	0.01192	0.33492	0.02308	0.03547	0.03862	0.01739	0.01274	0.00795	0.00621	0.00214	0.00698	0.00584	0.04940	0.00979
53	0.02344	0.07487	0.10423	0.01620	0.02184	0.13104	0.01438	0.36839	0.07656	0.03375	0.01634	0.01700	0.01212	0.00804	0.00668	0.00206	0.00852	0.00594	0.04785	0.01074
54	0.05196	0.01754	0.01901	0.01493	0.02015	0.01891	0.01216	0.49429	0.06112	0.07155	0.01923	0.07136	0.01515	0.00931	0.00703	0.00213	0.00709	0.00729	0.00685	0.07296
55	0.16798	0.10711	0.16727	0.03892	0.01947	0.05445	0.01335	0.04377	0.04238	0.02575	0.18566	0.02748	0.02562	0.00951	0.00664	0.00219	0.00701	0.04191	0.00503	0.00851
56	0.01938	0.23405	0.07819	0.01659	0.07281	0.22781	0.01343	0.04620	0.04301	0.02007	0.02032	0.02133	0.10440	0.00835	0.00624	0.00187	0.00874	0.00615	0.00411	0.04695
57	0.12173	0.25569	0.11216	0.01316	0.01853	0.08655	0.01251	0.06207	0.01574	0.02243	0.01357	0.04116	0.01180	0.01122	0.06723	0.00265	0.00868	0.00534	0.04288	0.07489
58	0.07341	0.05962	0.09182	0.01505	0.02069	0.07352	0.01330	0.30741	0.04738	0.06102	0.01563	0.01724	0.01191	0.03407	0.00795	0.00217	0.02719	0.00579	0.00553	0.10931

[dist]
# distance from previous block
# <min> <max>
0	7

[block]
# block no. 2 follows, 29 sequences, length 41
# corresponding to MSA columns:
# 167-207
name=unknown_C
#
# <colnr> <probs for GDERKNQSTAVLIFYWHMCP>
#	G	D	E	R	K	N	Q	S	T	A	V	L	I	F	Y	W	H	M	C	P
0	0.06642	0.06368	0.15108	0.01437	0.01955	0.03122	0.05814	0.05019	0.07571	0.04164	0.18028	0.05215	0.02749	0.00996	0.00712	0.00216	0.00684	0.04429	0.00543	0.09227
1	0.08902	0.24936	0.02325	0.01434	0.01877	0.30522	0.01181	0.02502	0.03419	0.08439	0.03190	0.05515	0.01373	0.00810	0.00597	0.00189	0.00906	0.00569	0.00438	0.00874
2	0.08652	0.14193	0.05896	0.04791	0.04739	0.17097	0.01323	0.10556	0.09813	0.07490	0.01524	0.01621	0.01170	0.00734	0.00616	0.00194	0.00833	0.00536	0.00483	0.07740
3	0.02579	0.02086	0.02032	0.01603	0.02131	0.10955	0.01302	0.53127	0.05155	0.03949	0.01673	0.01708	0.01218	0.00830	0.00690	0.00205	0.00815	0.00616	0.03198	0.04128
4	0.04846	0.42126	0.08775	0.01425	0.01941	0.09056	0.01353	0.06824	0.01590	0.02002	0.01232	0.05322	0.01141	0.00806	0.00743	0.00194	0.08825	0.00537	0.00365	0.00900
5	0.08380	0.19661	0.34839	0.01624	0.02378	0.05862	0.01826	0.07848	0.01690	0.02407	0.06142	0.01669	0.01337	0.00734	0.00619	0.00205	0.00881	0.00541	0.00387	0.00970
6	0.02274	0.28499	0.07557	0.01618	0.02120	0.40177	0.01401	0.02589	0.04351	0.01803	0.01143	0.01303	0.00963	0.00695	0.00583	0.00178	0.01057	0.00449	0.00354	0.00884
7	0.01476	0.06448	0.62696	0.02196	0.08776	0.01705	0.02535	0.02244	0.01511	0.02237	0.01271	0.01511	0.00922	0.00670	0.00670	0.00221	0.01023	0.00529	0.00305	0.01053
8	0.02515	0.01895	0.02081	0.06499	0.02354	0.02119	0.01372	0.56793	0.10225	0.04145	0.01806	0.01823	0.01296	0.00857	0.00714	0.00218	0.00771	0.00658	0.00687	0.01173
9	0.67793	0.01437	0.01221	0.01066	0.01478	0.01691	0.00880	0.06788	0.01354	0.03161	0.01038	0.01230	0.00817	0.00725	0.00622	0.00228	0.06795	0.00424	0.00449	0.00803
10	0.03006	0.01328	0.01707	0.01312	0.01865	0.01220	0.01081	0.11985	0.04369	0.56882	0.02596	0.02294	0.01671	0.00865	0.00707	0.00215	0.00625	0.00696	0.00833	0.04744
11	0.02995	0.06609	0.01850	0.01298	0.01858	0.01300	0.01087	0.10546	0.02125	0.56530	0.02509	0.02223	0.01619	0.00848	0.00691	0.00211	0.00634	0.00675	0.00807	0.03584
12	0.01036	0.00690	0.00777	0.00777	0.00777	0.00690	0.00431	0.01036	0.01036	0.01381	0.02244	0.04660	0.02589	0.74975	0.03624	0.00690	0.00690	0.01036	0.00431	0.00431
13	0.00882	0.00626	0.00822	0.00973	0.01011	0.00588	0.00641	0.00995	0.01335	0.01781	0.03781	0.68561	0.04529	0.08427	0.01140	0.00323	0.00437	0.01940	0.00641	0.00566
14	0.00956	0.00730	0.00874	0.00898	0.01073	0.00662	0.00685	0.01195	0.01693	0.02208	0.25611	0.11961	0.30558	0.05843	0.01025	0.00279	0.00424	0.12018	0.00685	0.00621
15	0.01345	0.01266	0.02136	0.73264	0.04904	0.01582	0.01978	0.01819	0.01424	0.01819	0.01266	0.01898	0.00949	0.00712	0.00712	0.00237	0.00949	0.00633	0.00316	0.00791
16	0.00857	0.00717	0.00746	0.00748	0.00974	0.00606	0.00558	0.01048	0.01645	0.01998	0.12427	0.09756	0.61895	0.01793	0.00844	0.00241	0.00361	0.01508	0.00672	0.00606
17	0.00868	0.00620	0.00826	0.00991	0.01033	0.00578	0.00661	0.00991	0.01363	0.01818	0.03925	0.74510	0.04710	0.02231	0.00909	0.00289	0.00413	0.02024	0.00661	0.00578
18	0.01605	0.01566	0.02824	0.26216	0.26322	0.01648	0.17786	0.04536	0.01637	0.02220	0.01502	0.02226	0.01243	0.00741	0.00757	0.00234	0.00951	0.04661	0.00375	0.00952
19	0.01017	0.00763	0.01144	0.01144	0.01272	0.00890	0.00890	0.01272	0.01144	0.01653	0.01907	0.02797	0.01780	0.05340	0.72153	0.01144	0.01907	0.00763	0.00381	0.00636
20	0.00906	0.00647	0.00870	0.01035	0.01094	0.00611	0.00728	0.01058	0.01401	0.01861	0.03903	0.65382	0.04626	0.02195	0.00919	0.00294	0.00446	0.10774	0.00660	0.00589
21	0.01428	0.03683	0.71286	0.02030	0.03082	0.01654	0.02631	0.02255	0.01503	0.02255	0.01278	0.01503	0.00902	0.00677	0.00677	0.00226	0.01052	0.00526	0.00301	0.01052
22	0.01771	0.01530	0.01610	0.01449	0.01852	0.01771	0.01127	0.03784	0.69247	0.02979	0.02898	0.02657	0.02174	0.00966	0.00725	0.00242	0.00564	0.00805	0.00725	0.01127
23	0.01477	0.01266	0.01477	0.01055	0.01687	0.00949	0.00844	0.01793	0.01477	0.02320	0.01266	0.01477	0.01055	0.00527	0.00527	0.00105	0.00527	0.00422	0.00422	0.79328
24	0.01681	0.01921	0.04202	0.03001	0.03721	0.01801	0.67947	0.02281	0.01681	0.02281	0.01441	0.01921	0.01080	0.00600	0.00840	0.00240	0.01200	0.00840	0.00360	0.00960
25	0.01017	0.00763	0.01144	0.01144	0.01272	0.00890	0.00890	0.01272	0.01144	0.01653	0.01907	0.02797	0.01780	0.05340	0.72153	0.01144	0.01907	0.00763	0.00381	0.00636
26	0.00868	0.00620	0.00826	0.00991	0.01033	0.00578	0.00661	0.00991	0.01363	0.01818	0.03925	0.74510	0.04710	0.02231	0.00909	0.00289	0.00413	0.02024	0.00661	0.00578
27	0.01345	0.01266	0.02136	0.73264	0.04904	0.01582	0.01978	0.01819	0.01424	0.01819	0.01266	0.01898	0.00949	0.00712	0.00712	0.00237	0.00949	0.00633	0.00316	0.00791
28	0.01694	0.01622	0.02766	0.15712	0.59729	0.01674	0.02151	0.02125	0.01589	0.02243	0.01327	0.01785	0.01098	0.00647	0.00706	0.00216	0.00863	0.00634	0.00347	0.01072
29	0.02780	0.01607	0.01821	0.01442	0.01968	0.04235	0.01175	0.25113	0.13405	0.35111	0.02392	0.02180	0.01613	0.00881	0.00713	0.00220	0.00684	0.00696	0.00780	0.01183
30	0.00868	0.00620	0.00826	0.00991	0.01033	0.00578	0.00661	0.00991	0.01363	0.01818	0.03925	0.74510	0.04710	0.02231	0.00909	0.00289	0.00413	0.02024	0.00661	0.00578
31	0.01053	0.00689	0.00770	0.00770	0.00780	0.00689	0.00436	0.01074	0.01063	0.01459	0.02248	0.04537	0.02542	0.70445	0.03433	0.00658	0.00668	0.01013	0.05227	0.00446
32	0.01627	0.01319	0.01525	0.01123	0.01730	0.01080	0.00899	0.05007	0.07356	0.05285	0.01488	0.01626	0.01186	0.00594	0.00560	0.00127	0.00545	0.00476	0.00479	0.65969
33	0.01527	0.01353	0.02233	0.09525	0.41788	0.01382	0.01791	0.01884	0.01566	0.02162	0.01981	0.03488	0.01918	0.01113	0.00908	0.05076	0.00790	0.18167	0.00428	0.00920
34	0.01526	0.01537	0.02318	0.01938	0.02022	0.02034	0.08912	0.01730	0.01174	0.01784	0.01187	0.06367	0.01198	0.01239	0.02076	0.00302	0.60791	0.00739	0.00340	0.00786
35	0.02666	0.03212	0.02033	0.01809	0.02202	0.63028	0.01373	0.11335	0.02191	0.02100	0.01180	0.01339	0.00955	0.00750	0.00651	0.00187	0.01219	0.00482	0.00412	0.00876
36	0.09168	0.12647	0.02249	0.01555	0.02082	0.15216	0.01289	0.41016	0.02649	0.03468	0.01433	0.01503	0.01077	0.00781	0.00640	0.00200	0.00853	0.00548	0.00567	0.01060
37	0.00868	0.00620	0.00826	0.00991	0.01033	0.00578	0.00661	0.00991	0.01363	0.01818	0.03925	0.74510	0.04710	0.02231	0.00909	0.00289	0.00413	0.02024	0.00661	0.00578
38	0.01364	0.01285	0.02170	0.70146	0.07874	0.01587	0.01987	0.01836	0.01433	0.01842	0.01269	0.01892	0.00957	0.00708	0.00712	0.00236	0.00945	0.00633	0.00318	0.00806
39	0.01019	0.00704	0.00877	0.00889	0.00925	0.00735	0.00569	0.01094	0.01088	0.01484	0.02275	0.09167	0.02528	0.51454	0.21455	0.00781	0.00991	0.01035	0.00435	0.00496
40	0.01298	0.00792	0.01045	0.00945	0.01164	0.00722	0.00722	0.01626	0.02019	0.11898	0.61224	0.04935	0.06061	0.01380	0.00823	0.00223	0.00372	0.01212	0.00797	0.00743

[dist]
# distance from previous block
# <min> <max>
0	27

[block]
# block no. 3 follows, 29 sequences, length 31
# corresponding to MSA columns:
# 235-265
name=unknown_D
#
# <colnr> <probs for GDERKNQSTAVLIFYWHMCP>
#	G	D	E	R	K	N	Q	S	T	A	V	L	I	F	Y	W	H	M	C	P
0	0.80005	0.01377	0.01047	0.00936	0.01377	0.01597	0.00771	0.02093	0.01212	0.03195	0.00991	0.01157	0.00771	0.00661	0.00441	0.00220	0.00551	0.00386	0.00441	0.00771
1	0.01298	0.00937	0.01187	0.01241	0.01425	0.00956	0.00992	0.12373	0.01816	0.02401	0.03488	0.32897	0.03856	0.01885	0.00909	0.00294	0.00582	0.30078	0.00667	0.00718
2	0.00868	0.00620	0.00826	0.00991	0.01033	0.00578	0.00661	0.00991	0.01363	0.01818	0.03925	0.74510	0.04710	0.02231	0.00909	0.00289	0.00413	0.02024	0.00661	0.00578
3	0.01477	0.01266	0.01477	0.01055	0.01687	0.00949	0.00844	0.01793	0.01477	0.02320	0.01266	0.01477	0.01055	0.00527	0.00527	0.00105	0.00527	0.00422	0.00422	0.79328
4	0.01477	0.01266	0.01477	0.01055	0.01687	0.00949	0.00844	0.01793	0.01477	0.02320	0.01266	0.01477	0.01055	0.00527	0.00527	0.00105	0.00527	0.00422	0.00422	0.79328
5	0.00873	0.00624	0.00831	0.00988	0.01034	0.00582	0.00661	0.01006	0.01390	0.01861	0.06670	0.71642	0.04793	0.02199	0.00906	0.00286	0.00410	0.01994	0.00666	0.00582
6	0.01904	0.75404	0.03731	0.01218	0.01828	0.02818	0.01218	0.02132	0.01447	0.01675	0.00990	0.01142	0.00914	0.00609	0.00457	0.00152	0.00761	0.00381	0.00305	0.00914
7	0.03195	0.01212	0.01652	0.01267	0.01818	0.01047	0.01047	0.03470	0.02038	0.71026	0.02809	0.02424	0.01763	0.00881	0.00716	0.00220	0.00606	0.00716	0.00881	0.01212
8	0.01477	0.01266	0.01477	0.01055	0.01687	0.00949	0.00844	0.01793	0.01477	0.02320	0.01266	0.01477	0.01055	0.00527	0.00527	0.00105	0.00527	0.00422	0.00422	0.79328
9	0.01558	0.01558	0.02181	0.01869	0.01869	0.02181	0.01558	0.01714	0.01091	0.01714	0.00935	0.01558	0.00935	0.01246	0.02337	0.00312	0.73672	0.00623	0.00312	0.00779
10	0.01558	0.01558	0.02181	0.01869	0.01869	0.02181	0.01558	0.01714	0.01091	0.01714	0.00935	0.01558	0.00935	0.01246	0.02337	0.00312	0.73672	0.00623	0.00312	0.00779
11	0.00868	0.00620	0.00826	0.00991	0.01033	0.00578	0.00661	0.00991	0.01363	0.01818	0.03925	0.74510	0.04710	0.02231	0.00909	0.00289	0.00413	0.02024	0.00661	0.00578
12	0.01345	0.01266	0.02136	0.73264	0.04904	0.01582	0.01978	0.01819	0.01424	0.01819	0.01266	0.01898	0.00949	0.00712	0.00712	0.00237	0.00949	0.00633	0.00316	0.00791
13	0.01731	0.01659	0.02833	0.09614	0.65538	0.01684	0.02170	0.02157	0.01606	0.02288	0.01334	0.01773	0.01114	0.00640	0.00705	0.00213	0.00854	0.00634	0.00350	0.01102
14	0.01558	0.01558	0.02181	0.01869	0.01869	0.02181	0.01558	0.01714	0.01091	0.01714	0.00935	0.01558	0.00935	0.01246	0.02337	0.00312	0.73672	0.00623	0.00312	0.00779
15	0.01428	0.03683	0.71286	0.02030	0.03082	0.01654	0.02631	0.02255	0.01503	0.02255	0.01278	0.01503	0.00902	0.00677	0.00677	0.00226	0.01052	0.00526	0.00301	0.01052
16	0.01237	0.00618	0.00928	0.00928	0.00928	0.00618	0.00618	0.00928	0.00928	0.01237	0.01237	0.02165	0.01237	0.02474	0.02783	0.79283	0.00618	0.00618	0.00309	0.00309
17	0.30180	0.01660	0.12403	0.01270	0.01860	0.01338	0.01198	0.02790	0.01661	0.36121	0.01923	0.01829	0.01275	0.00771	0.00612	0.00221	0.00657	0.00569	0.00633	0.01030
18	0.01537	0.01360	0.01887	0.01404	0.01977	0.01161	0.11435	0.05923	0.04751	0.02465	0.04489	0.06617	0.01602	0.00731	0.00635	0.00157	0.00635	0.00662	0.00475	0.50097
19	0.01020	0.00754	0.01098	0.01098	0.01209	0.00865	0.00832	0.01242	0.01131	0.01619	0.01950	0.03032	0.01882	0.14100	0.63533	0.01087	0.01754	0.00797	0.00388	0.00610
20	0.01345	0.01266	0.02136	0.73264	0.04904	0.01582	0.01978	0.01819	0.01424	0.01819	0.01266	0.01898	0.00949	0.00712	0.00712	0.00237	0.00949	0.00633	0.00316	0.00791
21	0.01428	0.03683	0.71286	0.02030	0.03082	0.01654	0.02631	0.02255	0.01503	0.02255	0.01278	0.01503	0.00902	0.00677	0.00677	0.00226	0.01052	0.00526	0.00301	0.01052
22	0.80005	0.01377	0.01047	0.00936	0.01377	0.01597	0.00771	0.02093	0.01212	0.03195	0.00991	0.01157	0.00771	0.00661	0.00441	0.00220	0.00551	0.00386	0.00441	0.00771
23	0.01089	0.00748	0.00966	0.00900	0.01089	0.00683	0.00679	0.01412	0.01991	0.05681	0.63135	0.05298	0.10718	0.01454	0.00835	0.00225	0.00349	0.01278	0.00780	0.00690
24	0.01785	0.01480	0.01571	0.01408	0.01809	0.01689	0.01097	0.03644	0.63475	0.05629	0.03093	0.02840	0.05284	0.01001	0.00730	0.00241	0.00556	0.00834	0.00728	0.01106
25	0.00907	0.00673	0.00917	0.05764	0.01289	0.00652	0.00744	0.01070	0.01419	0.01888	0.08106	0.62628	0.07159	0.02064	0.00889	0.00280	0.00442	0.01865	0.00646	0.00599
26	0.01865	0.02017	0.11311	0.08199	0.46463	0.05994	0.02080	0.06269	0.01740	0.05258	0.01396	0.01734	0.01106	0.00675	0.00699	0.00214	0.00892	0.00614	0.00388	0.01086
27	0.01575	0.15250	0.49830	0.01976	0.07208	0.01781	0.02222	0.02225	0.01517	0.04851	0.01405	0.04556	0.01112	0.00736	0.00653	0.00215	0.00946	0.00579	0.00343	0.01021
28	0.01556	0.01543	0.02584	0.42133	0.24619	0.04204	0.09155	0.02018	0.01533	0.02021	0.01301	0.01837	0.01017	0.00677	0.00721	0.00228	0.00957	0.00649	0.00334	0.00913
29	0.02643	0.11218	0.02043	0.01378	0.01910	0.07900	0.01151	0.14380	0.02092	0.33939	0.01986	0.01893	0.01370	0.00804	0.00718	0.00198	0.03576	0.00601	0.00658	0.09542
30	0.01662	0.01294	0.01529	0.05956	0.01888	0.01205	0.00998	0.12472	0.07695	0.05763	0.02127	0.11848	0.04195	0.00925	0.00658	0.00179	0.00581	0.00775	0.00550	0.37699

[dist]
# distance from previous block
# <min> <max>
0	1

[block]
# block no. 4 follows, 29 sequences, length 36
# corresponding to MSA columns:
# 267-302
name=unknown_E
#
# <colnr> <probs for GDERKNQSTAVLIFYWHMCP>
#	G	D	E	R	K	N	Q	S	T	A	V	L	I	F	Y	W	H	M	C	P
0	0.10942	0.01798	0.01899	0.01479	0.02001	0.01970	0.01208	0.52610	0.02873	0.06556	0.01693	0.01852	0.01265	0.05406	0.00858	0.00241	0.00739	0.00634	0.00664	0.03314
1	0.18789	0.01687	0.13912	0.04983	0.04540	0.01377	0.03683	0.09445	0.01834	0.09197	0.18730	0.02680	0.04399	0.00935	0.00687	0.00223	0.00666	0.00764	0.00566	0.00903
2	0.55142	0.01477	0.01527	0.01249	0.01737	0.01628	0.07268	0.08464	0.04074	0.09640	0.01344	0.01457	0.00988	0.00706	0.00541	0.00222	0.00640	0.00500	0.00511	0.00885
3	0.01834	0.01542	0.01640	0.01461	0.01869	0.01770	0.01150	0.09969	0.59688	0.03087	0.02822	0.02812	0.02168	0.01001	0.00735	0.00243	0.00589	0.03784	0.00720	0.01114
4	0.01085	0.00731	0.00964	0.01068	0.01176	0.00699	0.00774	0.03673	0.01544	0.05022	0.07695	0.55063	0.04484	0.02038	0.00900	0.00285	0.00465	0.11010	0.00679	0.00646
5	0.01115	0.00752	0.00986	0.00914	0.01101	0.00690	0.00690	0.01448	0.02017	0.06209	0.66844	0.05177	0.06475	0.01427	0.00834	0.00224	0.00349	0.01260	0.00789	0.00698
6	0.01904	0.75404	0.03731	0.01218	0.01828	0.02818	0.01218	0.02132	0.01447	0.01675	0.00990	0.01142	0.00914	0.00609	0.00457	0.00152	0.00761	0.00381	0.00305	0.00914
7	0.00997	0.00727	0.00937	0.00884	0.01057	0.00667	0.00663	0.01322	0.01990	0.02794	0.65998	0.05420	0.10917	0.01479	0.00840	0.00225	0.00338	0.01302	0.00776	0.00667
8	0.80005	0.01377	0.01047	0.00936	0.01377	0.01597	0.00771	0.02093	0.01212	0.03195	0.00991	0.01157	0.00771	0.00661	0.00441	0.00220	0.00551	0.00386	0.00441	0.00771
9	0.00868	0.00620	0.00826	0.00991	0.01033	0.00578	0.00661	0.00991	0.01363	0.01818	0.03925	0.74510	0.04710	0.02231	0.00909	0.00289	0.00413	0.02024	0.00661	0.00578
10	0.02383	0.12734	0.02212	0.01522	0.02019	0.11781	0.01255	0.40410	0.05585	0.03431	0.05794	0.01929	0.01553	0.03307	0.00771	0.00218	0.00809	0.00638	0.00601	0.01052
11	0.01757	0.01706	0.02971	0.04286	0.66405	0.01699	0.06249	0.02191	0.01625	0.02324	0.01346	0.01772	0.01125	0.00632	0.00713	0.00213	0.00868	0.00647	0.00353	0.01118
12	0.02418	0.06110	0.02040	0.01658	0.02097	0.44721	0.01291	0.13028	0.02091	0.02263	0.01212	0.01384	0.00985	0.00733	0.00684	0.00179	0.03471	0.00484	0.00426	0.12725
13	0.00997	0.00727	0.00937	0.00884	0.01057	0.00667	0.00663	0.01322	0.01990	0.02794	0.65996	0.05420	0.10919	0.01479	0.00840	0.00225	0.00338	0.01302	0.00776	0.00667
14	0.01457	0.00829	0.01082	0.00982	0.01231	0.00747	0.00760	0.01756	0.01937	0.17180	0.44113	0.08317	0.11144	0.01425	0.00823	0.00232	0.00413	0.04015	0.00782	0.00775
15	0.00919	0.00724	0.00829	0.00803	0.01009	0.00634	0.00602	0.01172	0.01806	0.02358	0.36522	0.06139	0.40665	0.01641	0.00841	0.00233	0.00349	0.01403	0.00718	0.00634
16	0.02025	0.63825	0.03456	0.01317	0.01888	0.13960	0.01244	0.02247	0.01539	0.01686	0.01008	0.01165	0.00914	0.00629	0.00487	0.00157	0.00846	0.00393	0.00315	0.00900
17	0.01651	0.02162	0.14068	0.02981	0.09703	0.01769	0.52244	0.02268	0.01649	0.02281	0.01407	0.01844	0.01058	0.00615	0.00804	0.00235	0.01146	0.00775	0.00351	0.00989
18	0.01392	0.00956	0.04459	0.00993	0.01281	0.00776	0.00816	0.01720	0.01943	0.14711	0.46667	0.04826	0.13925	0.01362	0.00810	0.00226	0.00422	0.01178	0.00761	0.00776
19	0.00959	0.00704	0.00876	0.00969	0.01073	0.00662	0.00682	0.03148	0.01508	0.01980	0.08609	0.48007	0.15239	0.06518	0.01059	0.00302	0.00444	0.06000	0.00656	0.00604
20	0.15359	0.12340	0.41089	0.01662	0.02485	0.01807	0.01938	0.07484	0.01620	0.06200	0.01307	0.01462	0.00951	0.00690	0.00612	0.00214	0.00882	0.00502	0.00389	0.01006
21	0.01521	0.01292	0.01500	0.01076	0.01706	0.00994	0.00862	0.04174	0.01544	0.02398	0.01282	0.01485	0.01060	0.00539	0.00534	0.00109	0.00537	0.00430	0.00432	0.76525
22	0.74818	0.01389	0.01122	0.00998	0.01410	0.01636	0.00823	0.02068	0.01204	0.03097	0.00988	0.01183	0.00782	0.00700	0.00566	0.00226	0.05386	0.00401	0.00432	0.00772
23	0.01284	0.01120	0.01506	0.08793	0.15207	0.01154	0.01151	0.01925	0.15141	0.02332	0.13622	0.09422	0.21938	0.01280	0.00783	0.00236	0.00555	0.01115	0.00597	0.00837
24	0.01345	0.01266	0.02136	0.73264	0.04904	0.01582	0.01978	0.01819	0.01424	0.01819	0.01266	0.01898	0.00949	0.00712	0.00712	0.00237	0.00949	0.00633	0.00316	0.00791
25	0.00998	0.00727	0.00938	0.00885	0.01057	0.00668	0.00664	0.01324	0.01991	0.02798	0.66268	0.05414	0.10644	0.01477	0.00840	0.00225	0.00337	0.01301	0.00776	0.00668
26	0.01771	0.01530	0.01610	0.01449	0.01852	0.01771	0.01127	0.03784	0.69247	0.02979	0.02898	0.02657	0.02174	0.00966	0.00725	0.00242	0.00564	0.00805	0.00725	0.01127
27	0.01008	0.00728	0.00952	0.00896	0.01064	0.00672	0.00672	0.01344	0.02016	0.02855	0.70158	0.05319	0.06719	0.01456	0.00840	0.00224	0.00336	0.01288	0.00784	0.00672
28	0.02889	0.01483	0.06663	0.01359	0.01930	0.01247	0.01188	0.13033	0.02196	0.52776	0.05803	0.02391	0.01859	0.00891	0.00719	0.00220	0.00651	0.00719	0.00810	0.01174
29	0.01147	0.00820	0.01147	0.01311	0.01475	0.00820	0.01147	0.01475	0.01639	0.02131	0.03770	0.08032	0.04098	0.01967	0.00984	0.00328	0.00656	0.65741	0.00656	0.00656
30	0.80005	0.01377	0.01047	0.00936	0.01377	0.01597	0.00771	0.02093	0.01212	0.03195	0.00991	0.01157	0.00771	0.00661	0.00441	0.00220	0.00551	0.00386	0.00441	0.00771
31	0.02024	0.04507	0.01650	0.01352	0.01784	0.01581	0.01075	0.03464	0.47363	0.17604	0.03084	0.02820	0.06533	0.00988	0.00719	0.00233	0.00568	0.00814	0.00737	0.01102
32	0.02195	0.24713	0.16168	0.01682	0.02264	0.34791	0.01575	0.05258	0.01803	0.01939	0.01128	0.01303	0.00926	0.00691	0.00597	0.00184	0.01063	0.00457	0.00350	0.00912
33	0.01410	0.01350	0.02150	0.58563	0.04307	0.03610	0.03897	0.01814	0.01393	0.01796	0.01231	0.01857	0.00963	0.00839	0.00971	0.03561	0.08562	0.00633	0.00318	0.00776
34	0.02393	0.20220	0.02523	0.01719	0.02154	0.44409	0.03832	0.07465	0.01923	0.01950	0.01124	0.01319	0.00945	0.00733	0.00694	0.00187	0.04681	0.00476	0.00375	0.00878
35	0.00868	0.00620	0.00826	0.00991	0.01033	0.00578	0.00661	0.00991	0.01363	0.01818	0.03925	0.74510	0.04710	0.02231	0.00909	0.00289	0.00413	0.02024	0.00661	0.00578

[dist]
# distance from previous block
# <min> <max>
2	4

[block]
# block no. 5 follows, 29 sequences, length 12
# corresponding to MSA columns:
# 307-318
name=unknown_F
#
# <colnr> <probs for GDERKNQSTAVLIFYWHMCP>
#	G	D	E	R	K	N	Q	S	T	A	V	L	I	F	Y	W	H	M	C	P
0	0.01552	0.01140	0.01370	0.01069	0.01549	0.00940	0.00840	0.05371	0.01722	0.08629	0.14950	0.08728	0.02540	0.00905	0.00648	0.00161	0.00501	0.00768	0.00569	0.46048
1	0.01418	0.01366	0.02151	0.48703	0.03860	0.01788	0.01833	0.01783	0.01309	0.01783	0.01152	0.01781	0.00944	0.00896	0.01271	0.00263	0.25967	0.00629	0.00315	0.00787
2	0.01649	0.02168	0.14197	0.02962	0.08862	0.01770	0.52960	0.02270	0.01649	0.02281	0.01408	0.01846	0.01057	0.00614	0.00805	0.00236	0.01150	0.00777	0.00351	0.00987
3	0.00958	0.00726	0.00883	0.00843	0.01033	0.00651	0.00633	0.01247	0.01898	0.02576	0.51255	0.05780	0.25796	0.01560	0.00840	0.00229	0.00343	0.01352	0.00747	0.00651
4	0.01008	0.00728	0.00952	0.00896	0.01064	0.00672	0.00672	0.01344	0.02016	0.02855	0.70158	0.05319	0.06719	0.01456	0.00840	0.00224	0.00336	0.01288	0.00784	0.00672
5	0.02272	0.01898	0.05375	0.01641	0.02261	0.01855	0.07142	0.43939	0.02682	0.03688	0.01563	0.01665	0.01149	0.00748	0.00679	0.00191	0.00773	0.00602	0.00595	0.19281
6	0.02160	0.01597	0.01774	0.01394	0.01875	0.01665	0.01121	0.42769	0.02603	0.03559	0.04659	0.06348	0.01636	0.01049	0.00880	0.07256	0.00679	0.00711	0.00622	0.15643
7	0.02493	0.01831	0.01983	0.01558	0.02063	0.02028	0.01268	0.56506	0.08918	0.04065	0.01772	0.01833	0.01298	0.01009	0.00898	0.07274	0.00750	0.00653	0.00677	0.01123
8	0.01732	0.01616	0.02498	0.09010	0.47502	0.01704	0.01893	0.02573	0.19218	0.02456	0.01740	0.02006	0.01386	0.00727	0.00711	0.00221	0.00780	0.00679	0.00447	0.01101
9	0.01477	0.01266	0.01477	0.01055	0.01687	0.00949	0.00844	0.01793	0.01477	0.02320	0.01266	0.01477	0.01055	0.00527	0.00527	0.00105	0.00527	0.00422	0.00422	0.79328
10	0.01425	0.01288	0.02085	0.56934	0.09280	0.01542	0.01858	0.05407	0.01578	0.02059	0.03904	0.02404	0.01389	0.00823	0.00734	0.00240	0.00891	0.04954	0.00380	0.00826
11	0.01428	0.03683	0.71286	0.02030	0.03082	0.01654	0.02631	0.02255	0.01503	0.02255	0.01278	0.01503	0.00902	0.00677	0.00677	0.00226	0.01052	0.00526	0.00301	0.01052

[dist]
# distance from previous block
# <min> <max>
0	1

[block]
# block no. 6 follows, 29 sequences, length 25
# corresponding to MSA columns:
# 320-344
name=unknown_G
#
# <colnr> <probs for GDERKNQSTAVLIFYWHMCP>
#	G	D	E	R	K	N	Q	S	T	A	V	L	I	F	Y	W	H	M	C	P
0	0.02631	0.07154	0.15140	0.01415	0.02050	0.01341	0.01363	0.05107	0.04132	0.46300	0.04471	0.02230	0.01688	0.00842	0.00694	0.00217	0.00699	0.00674	0.00714	0.01140
1	0.80005	0.01377	0.01047	0.00936	0.01377	0.01597	0.00771	0.02093	0.01212	0.03195	0.00991	0.01157	0.00771	0.00661	0.00441	0.00220	0.00551	0.00386	0.00441	0.00771
2	0.01462	0.00957	0.01229	0.01255	0.01501	0.00962	0.01043	0.02024	0.12290	0.10994	0.06333	0.11455	0.07085	0.01664	0.00890	0.00289	0.00588	0.36487	0.00701	0.00792
3	0.01017	0.00763	0.01144	0.01144	0.01272	0.00890	0.00890	0.01272	0.01144	0.01653	0.01907	0.02797	0.01780	0.05340	0.72153	0.01144	0.01907	0.00763	0.00381	0.00636
4	0.01237	0.00618	0.00928	0.00928	0.00928	0.00618	0.00618	0.00928	0.00928	0.01237	0.01237	0.02165	0.01237	0.02474	0.02783	0.79283	0.00618	0.00618	0.00309	0.00309
5	0.80005	0.01377	0.01047	0.00936	0.01377	0.01597	0.00771	0.02093	0.01212	0.03195	0.00991	0.01157	0.00771	0.00661	0.00441	0.00220	0.00551	0.00386	0.00441	0.00771
6	0.01017	0.00763	0.01144	0.01144	0.01272	0.00890	0.00890	0.01272	0.01144	0.01653	0.01907	0.02797	0.01780	0.05340	0.72153	0.01144	0.01907	0.00763	0.00381	0.00636
7	0.01662	0.01626	0.02880	0.19152	0.48486	0.01681	0.09831	0.02117	0.01585	0.02211	0.01335	0.01810	0.01084	0.00647	0.00722	0.00220	0.00910	0.00658	0.00346	0.01035
8	0.01008	0.00728	0.00952	0.00896	0.01064	0.00672	0.00672	0.01344	0.02016	0.02855	0.70158	0.05319	0.06719	0.01456	0.00840	0.00224	0.00336	0.01288	0.00784	0.00672
9	0.01345	0.01266	0.02136	0.73264	0.04904	0.01582	0.01978	0.01819	0.01424	0.01819	0.01266	0.01898	0.00949	0.00712	0.00712	0.00237	0.00949	0.00633	0.00316	0.00791
10	0.01017	0.00763	0.01144	0.01144	0.01272	0.00890	0.00890	0.01272	0.01144	0.01653	0.01907	0.02797	0.01780	0.05340	0.72153	0.01144	0.01907	0.00763	0.00381	0.00636
11	0.03195	0.01212	0.01652	0.01267	0.01818	0.01047	0.01047	0.03470	0.02038	0.71026	0.02809	0.02424	0.01763	0.00881	0.00716	0.00220	0.00606	0.00716	0.00881	0.01212
12	0.02275	0.01714	0.01945	0.01494	0.02013	0.01818	0.01229	0.39831	0.02530	0.06889	0.01557	0.01666	0.01165	0.00816	0.00854	0.00197	0.09232	0.00585	0.00598	0.21590
13	0.02504	0.03034	0.02240	0.01930	0.02322	0.55814	0.07571	0.07777	0.02032	0.02003	0.01169	0.01393	0.00956	0.00763	0.00772	0.00199	0.05747	0.00518	0.00390	0.00865
14	0.00850	0.00687	0.00757	0.00812	0.00986	0.00593	0.00581	0.01012	0.01536	0.01888	0.06108	0.29586	0.48225	0.01947	0.00864	0.00257	0.00378	0.01678	0.00661	0.00593
15	0.02629	0.02030	0.02088	0.01633	0.02179	0.05802	0.01336	0.59567	0.08604	0.04223	0.01774	0.01764	0.01273	0.00858	0.00710	0.00214	0.00792	0.00645	0.00695	0.01184
16	0.02709	0.01916	0.02079	0.01602	0.02164	0.02102	0.01321	0.60701	0.05755	0.09581	0.01840	0.01801	0.01290	0.00861	0.00713	0.00215	0.00761	0.00653	0.00726	0.01208
17	0.01008	0.00728	0.00952	0.00896	0.01064	0.00672	0.00672	0.01344	0.02016	0.02855	0.70158	0.05319	0.06719	0.01456	0.00840	0.00224	0.00336	0.01288	0.00784	0.00672
18	0.01033	0.00717	0.00842	0.03541	0.00984	0.00720	0.00536	0.01082	0.01127	0.01482	0.02666	0.07393	0.07200	0.61477	0.03115	0.00613	0.00666	0.03873	0.00461	0.00471
19	0.02005	0.04879	0.02708	0.03374	0.43554	0.16275	0.05141	0.06277	0.04712	0.02334	0.01371	0.01683	0.01124	0.00679	0.00691	0.00206	0.00935	0.00606	0.00391	0.01054
20	0.01889	0.24628	0.29876	0.01844	0.04715	0.15600	0.04274	0.05591	0.01687	0.02099	0.01188	0.01388	0.00938	0.00672	0.00614	0.00195	0.00996	0.00491	0.00339	0.00975
21	0.01434	0.00767	0.00778	0.00739	0.00936	0.00783	0.00564	0.06807	0.01637	0.02797	0.02275	0.02582	0.01778	0.00832	0.00514	0.00170	0.00367	0.00662	0.72874	0.00706
22	0.01793	0.01394	0.01715	0.01272	0.01867	0.01208	0.04423	0.11753	0.04575	0.07872	0.01602	0.03802	0.01286	0.00674	0.00604	0.00148	0.00604	0.00561	0.00516	0.52330
23	0.01022	0.00746	0.01057	0.01057	0.01153	0.00842	0.00781	0.01215	0.01118	0.01588	0.01988	0.03242	0.01973	0.21956	0.55802	0.01036	0.01617	0.00828	0.00393	0.00587
24	0.01644	0.02368	0.25353	0.03452	0.40951	0.01692	0.09788	0.02219	0.01590	0.02298	0.01331	0.01696	0.01049	0.00644	0.00711	0.00219	0.00953	0.00622	0.00336	0.01084

[dist]
# distance from previous block
# <min> <max>
0	1

[block]
# block no. 7 follows, 29 sequences, length 54
# corresponding to MSA columns:
# 346-399
name=unknown_H
#
# <colnr> <probs for GDERKNQSTAVLIFYWHMCP>
#	G	D	E	R	K	N	Q	S	T	A	V	L	I	F	Y	W	H	M	C	P
0	0.80005	0.01377	0.01047	0.00936	0.01377	0.01597	0.00771	0.02093	0.01212	0.03195	0.00991	0.01157	0.00771	0.00661	0.00441	0.00220	0.00551	0.00386	0.00441	0.00771
1	0.80005	0.01377	0.01047	0.00936	0.01377	0.01597	0.00771	0.02093	0.01212	0.03195	0.00991	0.01157	0.00771	0.00661	0.00441	0.00220	0.00551	0.00386	0.00441	0.00771
2	0.01017	0.00763	0.01144	0.01144	0.01272	0.00890	0.00890	0.01272	0.01144	0.01653	0.01907	0.02797	0.01780	0.05340	0.72153	0.01144	0.01907	0.00763	0.00381	0.00636
3	0.01904	0.75404	0.03731	0.01218	0.01828	0.02818	0.01218	0.02132	0.01447	0.01675	0.00990	0.01142	0.00914	0.00609	0.00457	0.00152	0.00761	0.00381	0.00305	0.00914
4	0.01325	0.01208	0.01713	0.03814	0.01674	0.01602	0.01253	0.01512	0.01115	0.01669	0.01382	0.02243	0.01357	0.08665	0.26031	0.00622	0.41061	0.00705	0.00345	0.00702
5	0.01073	0.00739	0.00960	0.03350	0.01246	0.00703	0.00752	0.03263	0.01544	0.05427	0.08411	0.51327	0.11909	0.01962	0.00878	0.00274	0.00451	0.04414	0.00670	0.00648
6	0.00857	0.00722	0.00742	0.00737	0.00971	0.00608	0.00553	0.01051	0.01659	0.02008	0.12919	0.06714	0.64486	0.01772	0.00841	0.00239	0.00358	0.01483	0.00672	0.00608
7	0.80005	0.01377	0.01047	0.00936	0.01377	0.01597	0.00771	0.02093	0.01212	0.03195	0.00991	0.01157	0.00771	0.00661	0.00441	0.00220	0.00551	0.00386	0.00441	0.00771
8	0.01771	0.01530	0.01610	0.01449	0.01852	0.01771	0.01127	0.03784	0.69247	0.02979	0.02898	0.02657	0.02174	0.00966	0.00725	0.00242	0.00564	0.00805	0.00725	0.01127
9	0.02707	0.01995	0.02137	0.01638	0.02208	0.02208	0.01353	0.68159	0.03348	0.04488	0.01710	0.01710	0.01211	0.00855	0.00712	0.00214	0.00784	0.00641	0.00712	0.01211
10	0.01428	0.03683	0.71286	0.02030	0.03082	0.01654	0.02631	0.02255	0.01503	0.02255	0.01278	0.01503	0.00902	0.00677	0.00677	0.00226	0.01052	0.00526	0.00301	0.01052
11	0.01558	0.01558	0.02181	0.01869	0.01869	0.02181	0.01558	0.01714	0.01091	0.01714	0.00935	0.01558	0.00935	0.01246	0.02337	0.00312	0.73672	0.00623	0.00312	0.00779
12	0.80005	0.01377	0.01047	0.00936	0.01377	0.01597	0.00771	0.02093	0.01212	0.03195	0.00991	0.01157	0.00771	0.00661	0.00441	0.00220	0.00551	0.00386	0.00441	0.00771
13	0.01205	0.03747	0.05375	0.01686	0.04738	0.01118	0.17036	0.01523	0.01531	0.02063	0.08261	0.32747	0.08253	0.01507	0.00895	0.00260	0.03019	0.03745	0.00544	0.00746
14	0.00976	0.00779	0.00948	0.01010	0.05022	0.00699	0.00687	0.01228	0.01762	0.02319	0.33542	0.05794	0.35742	0.05201	0.00970	0.00254	0.00394	0.01338	0.00684	0.00653
15	0.00944	0.00735	0.00853	0.00859	0.01054	0.00657	0.00659	0.01184	0.01718	0.02213	0.25976	0.06431	0.38228	0.05332	0.00998	0.00269	0.00410	0.10171	0.00687	0.00622
16	0.02135	0.02151	0.02458	0.06573	0.35781	0.19673	0.01790	0.13879	0.04211	0.02551	0.01390	0.01667	0.01114	0.00713	0.00691	0.00207	0.00942	0.00596	0.00429	0.01049
17	0.02728	0.01961	0.02116	0.01623	0.02192	0.02159	0.01340	0.65402	0.03292	0.07323	0.01756	0.01740	0.01234	0.00856	0.00712	0.00214	0.00776	0.00644	0.00720	0.01211
18	0.02707	0.01995	0.02137	0.01638	0.02208	0.02208	0.01353	0.68159	0.03348	0.04488	0.01710	0.01710	0.01211	0.00855	0.00712	0.00214	0.00784	0.00641	0.00712	0.01211
19	0.01662	0.28485	0.39405	0.01885	0.05519	0.04465	0.05079	0.02230	0.01514	0.02040	0.01182	0.01400	0.00924	0.00650	0.00608	0.00199	0.00957	0.00492	0.00309	0.00995
20	0.00868	0.00620	0.00826	0.00991	0.01033	0.00578	0.00661	0.00991	0.01363	0.01818	0.03925	0.74510	0.04710	0.02231	0.00909	0.00289	0.00413	0.02024	0.00661	0.00578
21	0.01782	0.04035	0.12371	0.01903	0.11907	0.04917	0.01478	0.12563	0.25417	0.02770	0.02679	0.02655	0.10527	0.00947	0.00717	0.00225	0.00723	0.00777	0.00568	0.01040
22	0.00856	0.00664	0.00781	0.00874	0.01002	0.00588	0.00609	0.01005	0.01476	0.01864	0.05353	0.45130	0.33168	0.02045	0.00880	0.00268	0.00390	0.01798	0.00661	0.00588
