[name]
unknown

[dist]
# distance from previous block
# <min> <max>
0	9

[block]
# block no. 0 follows, 29 sequences, length 24
# corresponding to MSA columns:
# 9-32
name=unknown_A
#
# <colnr> <probs for GDERKNQSTAVLIFYWHMCP>
#	G	D	E	R	K	N	Q	S	T	A	V	L	I	F	Y	W	H	M	C	P
0	0.01235	0.00920	0.04566	0.01008	0.01261	0.00737	0.00819	0.01484	0.01668	0.10989	0.15299	0.23307	0.24966	0.01695	0.00846	0.00255	0.00463	0.07078	0.00690	0.00713
1	0.05726	0.25156	0.30887	0.08722	0.02660	0.04540	0.01875	0.06179	0.01578	0.02180	0.01181	0.01421	0.00924	0.00693	0.00663	0.00205	0.03617	0.00493	0.00338	0.00961
2	0.74873	0.01511	0.01111	0.00996	0.01432	0.06276	0.00811	0.02143	0.01265	0.03098	0.00999	0.01165	0.00781	0.00666	0.00454	0.00218	0.00599	0.00390	0.00436	0.00775
3	0.00950	0.00671	0.00816	0.00889	0.00940	0.00646	0.00576	0.01038	0.01253	0.01649	0.03475	0.33649	0.10310	0.32964	0.04420	0.00483	0.00582	0.03610	0.00555	0.00523
4	0.01870	0.01989	0.04831	0.16007	0.38217	0.14248	0.01934	0.04695	0.05213	0.02240	0.01375	0.01737	0.01108	0.00693	0.00695	0.00213	0.00933	0.00608	0.00379	0.01014
5	0.00956	0.00659	0.00809	0.00883	0.00911	0.00637	0.00551	0.01031	0.01239	0.01660	0.06513	0.37229	0.03789	0.37318	0.02217	0.00480	0.00543	0.01509	0.00556	0.00512
6	0.01497	0.14091	0.61482	0.01912	0.02900	0.01823	0.02426	0.02237	0.01495	0.02171	0.01236	0.01451	0.00904	0.00667	0.00645	0.00215	0.01010	0.00505	0.00301	0.01032
7	0.01673	0.01897	0.04068	0.02926	0.03599	0.01826	0.63542	0.02243	0.01642	0.02243	0.01407	0.01897	0.01071	0.00643	0.00940	0.00245	0.06009	0.00826	0.00357	0.00948
8	0.01389	0.01334	0.02323	0.64873	0.07890	0.01603	0.06837	0.01870	0.01452	0.01877	0.01282	0.01894	0.00967	0.00700	0.00721	0.00236	0.00963	0.00648	0.00321	0.00819
9	0.01558	0.01558	0.02181	0.01869	0.01869	0.02181	0.01558	0.01714	0.01091	0.01714	0.00935	0.01558	0.00935	0.01246	0.02337	0.00312	0.73672	0.00623	0.00312	0.00779
10	0.80005	0.01377	0.01047	0.00936	0.01377	0.01597	0.00771	0.02093	0.01212	0.03195	0.00991	0.01157	0.00771	0.00661	0.00441	0.00220	0.00551	0.00386	0.00441	0.00771
11	0.01762	0.01692	0.02890	0.04371	0.70533	0.01692	0.02185	0.02185	0.01621	0.02326	0.01339	0.01762	0.01128	0.00634	0.00705	0.00211	0.00846	0.00634	0.00352	0.01128
12	0.02477	0.14544	0.13280	0.01592	0.02250	0.01732	0.06862	0.15431	0.02076	0.29827	0.01932	0.01880	0.01319	0.00774	0.00675	0.00210	0.00786	0.00624	0.00616	0.01115
13	0.01345	0.01266	0.02136	0.73264	0.04904	0.01582	0.01978	0.01819	0.01424	0.01819	0.01266	0.01898	0.00949	0.00712	0.00712	0.00237	0.00949	0.00633	0.00316	0.00791
14	0.01008	0.00728	0.00952	0.00896	0.01064	0.00672	0.00672	0.01344	0.02016	0.02855	0.70158	0.05319	0.06719	0.01456	0.00840	0.00224	0.00336	0.01288	0.00784	0.00672
15	0.01345	0.01266	0.02136	0.73264	0.04904	0.01582	0.01978	0.01819	0.01424	0.01819	0.01266	0.01898	0.00949	0.00712	0.00712	0.00237	0.00949	0.00633	0.00316	0.00791
16	0.01001	0.00722	0.00945	0.00901	0.01062	0.00667	0.00671	0.01326	0.01982	0.02802	0.66731	0.08899	0.06615	0.01496	0.00843	0.00227	0.00340	0.01326	0.00777	0.00667
17	0.38583	0.01311	0.01369	0.01127	0.01617	0.01353	0.00925	0.02856	0.06453	0.34828	0.01976	0.01855	0.01334	0.00786	0.00589	0.00222	0.00577	0.00570	0.00667	0.01002
18	0.01345	0.01266	0.02136	0.73264	0.04904	0.01582	0.01978	0.01819	0.01424	0.01819	0.01266	0.01898	0.00949	0.00712	0.00712	0.00237	0.00949	0.00633	0.00316	0.00791
19	0.01008	0.00728	0.00952	0.00896	0.01064	0.00672	0.00672	0.01344	0.02016	0.02855	0.70158	0.05319	0.06719	0.01456	0.00840	0.00224	0.00336	0.01288	0.00784	0.00672
20	0.01237	0.00618	0.00928	0.00928	0.00928	0.00618	0.00618	0.00928	0.00928	0.01237	0.01237	0.02165	0.01237	0.02474	0.02783	0.79283	0.00618	0.00618	0.00309	0.00309
21	0.01434	0.01356	0.02297	0.58581	0.18892	0.01605	0.02022	0.01897	0.01466	0.01927	0.01281	0.01869	0.00987	0.00695	0.00710	0.00232	0.00927	0.00633	0.00324	0.00863
22	0.02201	0.12586	0.04552	0.04285	0.02304	0.11444	0.06664	0.23388	0.10548	0.05260	0.01583	0.01716	0.01211	0.00827	0.00841	0.00218	0.08216	0.00613	0.00520	0.01023
23	0.13941	0.04551	0.04707	0.06343	0.20363	0.08654	0.07155	0.05405	0.04092	0.06920	0.01401	0.01652	0.01092	0.00699	0.00698	0.00208	0.03176	0.00575	0.00432	0.07934

[dist]
# distance from previous block
# <min> <max>
2	3

[block]
# block no. 1 follows, 29 sequences, length 208
# corresponding to MSA columns:
# 36-243
name=unknown_B
#
# <colnr> <probs for GDERKNQSTAVLIFYWHMCP>
#	G	D	E	R	K	N	Q	S	T	A	V	L	I	F	Y	W	H	M	C	P
0	0.01709	0.01598	0.02085	0.39542	0.11519	0.09128	0.01700	0.11978	0.01801	0.02288	0.03985	0.02085	0.01324	0.05264	0.00885	0.00252	0.00909	0.00665	0.00411	0.00872
1	0.01552	0.01557	0.02081	0.01803	0.01828	0.04773	0.01490	0.01717	0.01131	0.01709	0.01029	0.01659	0.01010	0.01597	0.08582	0.00382	0.64382	0.00629	0.00320	0.00768
2	0.01360	0.01174	0.03349	0.01260	0.01375	0.01320	0.00974	0.08529	0.01403	0.01957	0.04487	0.08531	0.05237	0.29438	0.04572	0.00461	0.22491	0.00950	0.00460	0.00670
3	0.01062	0.00750	0.00898	0.00920	0.01007	0.00740	0.00642	0.01248	0.03355	0.01823	0.11923	0.05570	0.08863	0.41945	0.02396	0.00504	0.00606	0.14653	0.00552	0.00544
4	0.01272	0.00816	0.01058	0.00956	0.01173	0.00758	0.00730	0.03761	0.02062	0.09384	0.61492	0.04924	0.06065	0.01381	0.00824	0.00223	0.00376	0.01212	0.00791	0.00741
5	0.01428	0.03683	0.71286	0.02030	0.03082	0.01654	0.02631	0.02255	0.01503	0.02255	0.01278	0.01503	0.00902	0.00677	0.00677	0.00226	0.01052	0.00526	0.00301	0.01052
6	0.01237	0.00618	0.00928	0.00928	0.00928	0.00618	0.00618	0.00928	0.00928	0.01237	0.01237	0.02165	0.01237	0.02474	0.02783	0.79283	0.00618	0.00618	0.00309	0.00309
7	0.02432	0.02651	0.04754	0.08741	0.04503	0.36619	0.01489	0.22074	0.05366	0.02656	0.01392	0.01554	0.01070	0.00773	0.00677	0.00203	0.01049	0.00553	0.00477	0.00968
8	0.01008	0.00728	0.00952	0.00896	0.01064	0.00672	0.00672	0.01344	0.02016	0.02855	0.70158	0.05319	0.06719	0.01456	0.00840	0.00224	0.00336	0.01288	0.00784	0.00672
9	0.18715	0.04960	0.01944	0.01522	0.02020	0.18121	0.01233	0.36984	0.02528	0.03484	0.01394	0.01476	0.01041	0.00778	0.00630	0.00206	0.00849	0.00536	0.00561	0.01020
10	0.00848	0.00722	0.00730	0.00728	0.00966	0.00604	0.00546	0.01034	0.01638	0.01959	0.09591	0.06795	0.67845	0.01790	0.00842	0.00240	0.00360	0.01495	0.00666	0.00604
11	0.02619	0.01993	0.02085	0.01627	0.02175	0.04259	0.01333	0.60250	0.09405	0.04266	0.01801	0.01784	0.01291	0.00861	0.00711	0.00215	0.00778	0.00651	0.00703	0.01192
12	0.00868	0.00620	0.00826	0.00991	0.01033	0.00578	0.00661	0.00991	0.01363	0.01818	0.03925	0.74510	0.04710	0.02231	0.00909	0.00289	0.00413	0.02024	0.00661	0.00578
13	0.00883	0.00637	0.00811	0.00942	0.00999	0.00592	0.00625	0.00999	0.01354	0.01782	0.04069	0.60539	0.10887	0.09857	0.01189	0.00327	0.00437	0.01869	0.00637	0.00565
14	0.02669	0.01975	0.02115	0.01631	0.02194	0.02190	0.01344	0.65526	0.06043	0.04426	0.01758	0.01748	0.01250	0.00859	0.00713	0.00215	0.00775	0.00648	0.00713	0.01208
15	0.01973	0.52633	0.03221	0.01416	0.01894	0.13845	0.01295	0.02183	0.01484	0.01692	0.00999	0.01228	0.00918	0.00726	0.00772	0.00181	0.11915	0.00430	0.00316	0.00879
16	0.01437	0.00769	0.00780	0.00741	0.00939	0.00786	0.00566	0.06929	0.01640	0.02800	0.02274	0.02580	0.01776	0.00832	0.00515	0.00170	0.00368	0.00662	0.72730	0.00707
17	0.00959	0.00717	0.00897	0.00957	0.01081	0.00678	0.00677	0.01262	0.05516	0.02209	0.24153	0.41452	0.13032	0.01874	0.00869	0.00261	0.00392	0.01670	0.00702	0.00641
18	0.04464	0.04596	0.01798	0.05715	0.02042	0.13775	0.01139	0.14888	0.02060	0.17081	0.04674	0.02053	0.04074	0.00805	0.00653	0.00187	0.00746	0.00619	0.00578	0.18053
19	0.03044	0.01454	0.01802	0.01382	0.01938	0.01406	0.01141	0.23468	0.02443	0.50457	0.02469	0.02203	0.01592	0.00873	0.00715	0.00218	0.00661	0.00693	0.00829	0.01212
20	0.01017	0.00763	0.01144	0.01144	0.01272	0.00890	0.00890	0.01272	0.01144	0.01653	0.01907	0.02797	0.01780	0.05340	0.72153	0.01144	0.01907	0.00763	0.00381	0.00636
21	0.01227	0.00976	0.01223	0.03194	0.01402	0.01057	0.00880	0.04243	0.11930	0.02557	0.34476	0.12992	0.06481	0.03977	0.03129	0.00286	0.07361	0.01185	0.00672	0.00752
22	0.01759	0.07142	0.02161	0.43070	0.03662	0.06010	0.01657	0.15059	0.01856	0.04199	0.01520	0.06026	0.01238	0.00827	0.00700	0.00225	0.00882	0.00688	0.00432	0.00885
23	0.13418	0.53835	0.03053	0.01202	0.01762	0.02416	0.01143	0.02269	0.01471	0.09941	0.01200	0.01305	0.00992	0.00667	0.00540	0.00175	0.02869	0.00428	0.00392	0.00924
24	0.01904	0.75404	0.03731	0.01218	0.01828	0.02818	0.01218	0.02132	0.01447	0.01675	0.00990	0.01142	0.00914	0.00609	0.00457	0.00152	0.00761	0.00381	0.00305	0.00914
25	0.02660	0.03394	0.02018	0.01834	0.02201	0.72116	0.01376	0.02843	0.02018	0.01743	0.01101	0.01284	0.00917	0.00734	0.00642	0.00183	0.01284	0.00459	0.00367	0.00825
26	0.02651	0.01954	0.02104	0.01622	0.02177	0.02165	0.01338	0.65941	0.03275	0.04394	0.01716	0.01746	0.01230	0.01004	0.03081	0.00245	0.00821	0.00645	0.00701	0.01192
27	0.07937	0.64088	0.03391	0.01245	0.01822	0.08165	0.01197	0.02185	0.01474	0.01797	0.00999	0.01154	0.00903	0.00623	0.00470	0.00160	0.00786	0.00387	0.00320	0.00896
28	0.00843	0.00717	0.00726	0.00732	0.00965	0.00600	0.00546	0.01021	0.01612	0.01919	0.07079	0.09620	0.67564	0.01821	0.00844	0.00242	0.00363	0.01524	0.00661	0.00600
29	0.01008	0.00728	0.00952	0.00896	0.01064	0.00672	0.00672	0.01344	0.02016	0.02855	0.70158	0.05319	0.06719	0.01456	0.00840	0.00224	0.00336	0.01288	0.00784	0.00672
30	0.03195	0.01212	0.01652	0.01267	0.01818	0.01047	0.01047	0.03470	0.02038	0.71026	0.02809	0.02424	0.01763	0.00881	0.00716	0.00220	0.00606	0.00716	0.00881	0.01212
31	0.01771	0.01530	0.01610	0.01449	0.01852	0.01771	0.01127	0.03784	0.69247	0.02979	0.02898	0.02657	0.02174	0.00966	0.00725	0.00242	0.00564	0.00805	0.00725	0.01127
32	0.01904	0.75404	0.03731	0.01218	0.01828	0.02818	0.01218	0.02132	0.01447	0.01675	0.00990	0.01142	0.00914	0.00609	0.00457	0.00152	0.00761	0.00381	0.00305	0.00914
33	0.01813	0.01551	0.01634	0.01458	0.01868	0.01791	0.01137	0.06698	0.66263	0.03047	0.02844	0.02614	0.02130	0.00961	0.00724	0.00240	0.00574	0.00798	0.00724	0.01131
34	0.01127	0.00813	0.01119	0.01272	0.01441	0.00805	0.01107	0.01445	0.01638	0.02117	0.04001	0.07953	0.08540	0.01956	0.00974	0.00322	0.00636	0.61427	0.00656	0.00652
35	0.01762	0.01692	0.02890	0.04371	0.70533	0.01692	0.02185	0.02185	0.01621	0.02326	0.01339	0.01762	0.01128	0.00634	0.00705	0.00211	0.00846	0.00634	0.00352	0.01128
36	0.02660	0.03394	0.02018	0.01834	0.02201	0.72116	0.01376	0.02843	0.02018	0.01743	0.01101	0.01284	0.00917	0.00734	0.00642	0.00183	0.01284	0.00459	0.00367	0.00825
37	0.01771	0.01530	0.01610	0.01449	0.01852	0.01771	0.01127	0.03784	0.69247	0.02979	0.02898	0.02657	0.02174	0.00966	0.00725	0.00242	0.00564	0.00805	0.00725	0.01127
38	0.01008	0.00728	0.00952	0.00896	0.01064	0.00672	0.00672	0.01344	0.02016	0.02855	0.70158	0.05319	0.06719	0.01456	0.00840	0.00224	0.00336	0.01288	0.00784	0.00672
39	0.01017	0.00763	0.01144	0.01144	0.01272	0.00890	0.00890	0.01272	0.01144	0.01653	0.01907	0.02797	0.01780	0.05340	0.72153	0.01144	0.01907	0.00763	0.00381	0.00636
40	0.02105	0.00971	0.01303	0.01082	0.01442	0.00860	0.00860	0.02411	0.02027	0.37067	0.36359	0.03866	0.04232	0.01167	0.00778	0.00222	0.00471	0.01001	0.00833	0.00943
41	0.01738	0.01657	0.02820	0.04247	0.67747	0.01657	0.02143	0.02157	0.01622	0.02318	0.01437	0.02015	0.01248	0.00688	0.00716	0.00216	0.00838	0.03261	0.00365	0.01109
42	0.03195	0.01212	0.01652	0.01267	0.01818	0.01047	0.01047	0.03470	0.02038	0.71026	0.02809	0.02424	0.01763	0.00881	0.00716	0.00220	0.00606	0.00716	0.00881	0.01212
43	0.01762	0.01692	0.02890	0.04371	0.70533	0.01692	0.02185	0.02185	0.01621	0.02326	0.01339	0.01762	0.01128	0.00634	0.00705	0.00211	0.00846	0.00634	0.00352	0.01128
44	0.01438	0.03612	0.68579	0.02069	0.03108	0.01660	0.05266	0.02256	0.01511	0.02256	0.01284	0.01520	0.00909	0.00673	0.00683	0.00226	0.01058	0.00539	0.00303	0.01049
45	0.01327	0.00664	0.00664	0.00664	0.00830	0.00664	0.00498	0.01659	0.01493	0.02655	0.02323	0.02655	0.01825	0.00830	0.00498	0.00166	0.00332	0.00664	0.78928	0.00664
46	0.14172	0.01711	0.01941	0.01820	0.11180	0.01860	0.01303	0.38770	0.05145	0.06831	0.06845	0.01975	0.01613	0.00847	0.00680	0.00217	0.00706	0.00660	0.00636	0.01089
47	0.01571	0.22031	0.48428	0.01899	0.02810	0.01966	0.07564	0.02225	0.01503	0.02108	0.01217	0.01444	0.00920	0.00653	0.00633	0.00208	0.00989	0.00514	0.00307	0.01009
48	0.01534	0.01732	0.06084	0.14066	0.08398	0.01605	0.40980	0.02060	0.01615	0.02176	0.01950	0.02349	0.07736	0.00737	0.00792	0.00232	0.01023	0.00828	0.00381	0.03722
49	0.00916	0.00681	0.00858	0.00964	0.01060	0.00639	0.00665	0.01146	0.04140	0.01996	0.11930	0.55175	0.13113	0.02038	0.00885	0.00274	0.00404	0.01826	0.00678	0.00614
50	0.02650	0.01966	0.02105	0.01627	0.02187	0.02182	0.01340	0.64250	0.07349	0.04396	0.01782	0.01767	0.01269	0.00862	0.00713	0.00215	0.00770	0.00651	0.00713	0.01206
51	0.01742	0.00897	0.01204	0.01064	0.01358	0.00812	0.00848	0.02057	0.01981	0.25156	0.40563	0.04674	0.04796	0.01325	0.00815	0.00234	0.00461	0.08364	0.00801	0.00847
52	0.01428	0.03683	0.71286	0.02030	0.03082	0.01654	0.02631	0.02255	0.01503	0.02255	0.01278	0.01503	0.00902	0.00677	0.00677	0.00226	0.01052	0.00526	0.00301	0.01052
53	0.01779	0.40406	0.28575	0.01636	0.02394	0.07789	0.04337	0.02239	0.01522	0.01918	0.01122	0.01317	0.00916	0.00644	0.00567	0.00185	0.00927	0.00458	0.00310	0.00960
54	0.01036	0.00690	0.00777	0.00777	0.00777	0.00690	0.00431	0.01036	0.01036	0.01381	0.02244	0.04660	0.02589	0.74975	0.03624	0.00690	0.00690	0.01036	0.00431	0.00431
55	0.03195	0.01212	0.01652	0.01267	0.01818	0.01047	0.01047	0.03470	0.02038	0.71026	0.02809	0.02424	0.01763	0.00881	0.00716	0.00220	0.00606	0.00716	0.00881	0.01212
56	0.00847	0.00722	0.00729	0.00727	0.00965	0.00603	0.00545	0.01033	0.01636	0.01954	0.09301	0.06802	0.68138	0.01792	0.00842	0.00240	0.00360	0.01496	0.00665	0.00603
57	0.00950	0.00715	0.00991	0.04078	0.04341	0.00686	0.00782	0.01138	0.01491	0.02014	0.14655	0.55070	0.06490	0.01958	0.00878	0.00272	0.00441	0.01770	0.00653	0.00628
58	0.00865	0.00629	0.00817	0.00967	0.01026	0.00580	0.00650	0.00994	0.01386	0.01827	0.04217	0.68501	0.10530	0.02193	0.00903	0.00285	0.00408	0.01978	0.00661	0.00580
59	0.21748	0.01252	0.01506	0.01187	0.01711	0.01180	0.00980	0.03138	0.01838	0.54642	0.02370	0.02118	0.01523	0.00828	0.00650	0.00220	0.00593	0.00636	0.00775	0.01105
60	0.01842	0.01857	0.02860	0.04085	0.61692	0.08181	0.04620	0.02250	0.01660	0.02271	0.01321	0.01724	0.01107	0.00642	0.00704	0.00210	0.00900	0.00626	0.00354	0.01094
61	0.01558	0.01558	0.02181	0.01869	0.01869	0.02181	0.01558	0.01714	0.01091	0.01714	0.00935	0.01558	0.00935	0.01246	0.02337	0.00312	0.73672	0.00623	0.00312	0.00779
62	0.01036	0.00690	0.00777	0.00777	0.00777	0.00690	0.00431	0.01036	0.01036	0.01381	0.02244	0.04660	0.02589	0.74975	0.03624	0.00690	0.00690	0.01036	0.00431	0.00431
63	0.01739	0.01325	0.01425	0.01282	0.01642	0.01486	0.00996	0.03279	0.50396	0.07053	0.07291	0.02820	0.02399	0.00973	0.00697	0.00228	0.00516	0.00810	0.12611	0.01032
64	0.02707	0.01995	0.02137	0.01638	0.02208	0.02208	0.01353	0.68159	0.03348	0.04488	0.01710	0.01710	0.01211	0.00855	0.00712	0.00214	0.00784	0.00641	0.00712	0.01211
65	0.01071	0.00729	0.00850	0.00848	0.00878	0.00743	0.00513	0.03036	0.01137	0.01527	0.02329	0.09730	0.02645	0.61710	0.08791	0.00682	0.00769	0.01077	0.00453	0.00482
66	0.01017	0.00763	0.01144	0.01144	0.01272	0.00890	0.00890	0.01272	0.01144	0.01653	0.01907	0.02797	0.01780	0.05340	0.72153	0.01144	0.01907	0.00763	0.00381	0.00636
67	0.01636	0.01661	0.02804	0.11647	0.17249	0.04273	0.24075	0.02086	0.01591	0.02222	0.01334	0.01734	0.01060	0.00606	0.00699	0.00193	0.00906	0.00637	0.00371	0.23219
68	0.01667	0.02041	0.09272	0.03018	0.08128	0.01782	0.58540	0.02273	0.01663	0.02282	0.01421	0.01878	0.01070	0.00608	0.00819	0.00237	0.01165	0.00802	0.00355	0.00979
69	0.01008	0.00728	0.00952	0.00896	0.01064	0.00672	0.00672	0.01344	0.02016	0.02855	0.70158	0.05319	0.06719	0.01456	0.00840	0.00224	0.00336	0.01288	0.00784	0.00672
70	0.01688	0.01453	0.01497	0.01356	0.01688	0.04415	0.01031	0.05501	0.50148	0.02671	0.02627	0.02863	0.02123	0.11825	0.05601	0.00359	0.00703	0.00816	0.00646	0.00988
71	0.12248	0.01449	0.01552	0.01332	0.01774	0.01594	0.01059	0.08200	0.39445	0.17007	0.02525	0.02345	0.01824	0.00896	0.00677	0.00230	0.00579	0.00715	0.03461	0.01088
72	0.03195	0.01212	0.01652	0.01267	0.01818	0.01047	0.01047	0.03470	0.02038	0.71026	0.02809	0.02424	0.01763	0.00881	0.00716	0.00220	0.00606	0.00716	0.00881	0.01212
73	0.00859	0.00718	0.00749	0.00750	0.00975	0.00607	0.00559	0.01053	0.01651	0.02012	0.13339	0.09468	0.61246	0.01786	0.00844	0.00241	0.00360	0.01503	0.00673	0.00607
74	0.00977	0.00727	0.00909	0.00863	0.01045	0.00659	0.00647	0.01284	0.01942	0.02682	0.58426	0.05605	0.18558	0.01521	0.00840	0.00227	0.00341	0.01328	0.00761	0.00659
75	0.02193	0.02425	0.02379	0.05613	0.31118	0.32287	0.01728	0.06521	0.04952	0.02214	0.01326	0.01597	0.01082	0.00709	0.00679	0.00202	0.01024	0.00566	0.00396	0.00989
76	0.00864	0.00722	0.00752	0.00745	0.00975	0.00611	0.00559	0.01065	0.01676	0.02049	0.15665	0.06647	0.61715	0.01757	0.00841	0.00238	0.00357	0.01474	0.00678	0.00611
77	0.01088	0.00880	0.04129	0.00935	0.01169	0.00720	0.00755	0.01420	0.01934	0.05367	0.54835	0.05265	0.15905	0.01451	0.00828	0.00226	0.00383	0.01263	0.00747	0.00700
78	0.01428	0.03683	0.71286	0.02030	0.03082	0.01654	0.02631	0.02255	0.01503	0.02255	0.01278	0.01503	0.00902	0.00677	0.00677	0.00226	0.01052	0.00526	0.00301	0.01052
79	0.01762	0.01692	0.02890	0.04371	0.70533	0.01692	0.02185	0.02185	0.01621	0.02326	0.01339	0.01762	0.01128	0.00634	0.00705	0.00211	0.00846	0.00634	0.00352	0.01128
80	0.01525	0.01294	0.01503	0.01078	0.01708	0.00999	0.00864	0.04402	0.01550	0.02406	0.01283	0.01486	0.01061	0.00540	0.00535	0.00110	0.00537	0.00430	0.00433	0.76257
81	0.01237	0.00618	0.00928	0.00928	0.00928	0.00618	0.00618	0.00928	0.00928	0.01237	0.01237	0.02165	0.01237	0.02474	0.02783	0.79283	0.00618	0.00618	0.00309	0.00309
82	0.01448	0.03562	0.67133	0.02172	0.07178	0.01656	0.02604	0.02251	0.01511	0.02259	0.01282	0.01519	0.00916	0.00674	0.00678	0.00225	0.01040	0.00533	0.00304	0.01057
83	0.01357	0.01268	0.02159	0.67760	0.04702	0.01555	0.04476	0.01831	0.01436	0.01869	0.01313	0.01928	0.00988	0.00712	0.00709	0.00235	0.00935	0.00642	0.03332	0.00793
84	0.01087	0.00746	0.00929	0.00871	0.01070	0.00675	0.00657	0.01391	0.01923	0.05758	0.52628	0.05378	0.18338	0.01472	0.00822	0.00225	0.00353	0.01279	0.03717	0.00683
85	0.02077	0.01521	0.01704	0.01394	0.01807	0.01678	0.01131	0.42938	0.02571	0.03499	0.02164	0.02381	0.05994	0.02029	0.18424	0.00443	0.01006	0.00730	0.05516	0.00993
86	0.00892	0.00723	0.00791	0.00774	0.00993	0.00622	0.00581	0.01119	0.01742	0.02205	0.26218	0.06390	0.51064	0.01698	0.00841	0.00235	0.00353	0.01438	0.00698	0.00622
87	0.02095	0.47528	0.03177	0.01732	0.09657	0.18519	0.01369	0.05099	0.01678	0.01883	0.01085	0.01268	0.00951	0.00651	0.00538	0.00169	0.00891	0.00438	0.00342	0.00930
88	0.77025	0.04202	0.01149	0.00947	0.01394	0.01644	0.00788	0.02095	0.01221	0.03137	0.00991	0.01156	0.00777	0.00659	0.00441	0.00218	0.00559	0.00385	0.00435	0.00777
89	0.01684	0.01948	0.06354	0.03175	0.13842	0.01779	0.55673	0.02265	0.01665	0.02287	0.01420	0.01882	0.01081	0.00608	0.00814	0.00235	0.01141	0.00798	0.00357	0.00989
90	0.01482	0.01356	0.03873	0.01366	0.01952	0.01054	0.10654	0.01831	0.01510	0.04196	0.01646	0.10102	0.01501	0.00751	0.00627	0.00153	0.00630	0.00681	0.00450	0.54183
91	0.01558	0.01558	0.02181	0.01869	0.01869	0.02181	0.01558	0.01714	0.01091	0.01714	0.00935	0.01558	0.00935	0.01246	0.02337	0.00312	0.73672	0.00623	0.00312	0.00779
92	0.01488	0.11338	0.32841	0.08717	0.05232	0.04410	0.03990	0.02148	0.06816	0.02117	0.01771	0.12687	0.01601	0.00929	0.00697	0.00227	0.00878	0.00780	0.00397	0.00935
93	0.01558	0.01558	0.02181	0.01869	0.01869	0.02181	0.01558	0.01714	0.01091	0.01714	0.00935	0.01558	0.00935	0.01246	0.02337	0.00312	0.73672	0.00623	0.00312	0.00779
94	0.80005	0.01377	0.01047	0.00936	0.01377	0.01597	0.00771	0.02093	0.01212	0.03195	0.00991	0.01157	0.00771	0.00661	0.00441	0.00220	0.00551	0.00386	0.00441	0.00771
95	0.01036	0.00690	0.00777	0.00777	0.00777	0.00690	0.00431	0.01036	0.01036	0.01381	0.02244	0.04660	0.02589	0.74975	0.03624	0.00690	0.00690	0.01036	0.00431	0.00431
96	0.01742	0.01808	0.07003	0.04136	0.64254	0.01692	0.02179	0.02240	0.03764	0.02343	0.01385	0.01775	0.01147	0.00648	0.00704	0.00213	0.00849	0.00633	0.00361	0.01123
97	0.00889	0.00649	0.00886	0.04264	0.01208	0.00624	0.00721	0.01029	0.01366	0.01818	0.03804	0.71223	0.04539	0.02162	0.00900	0.00287	0.00437	0.01961	0.00645	0.00588
98	0.80005	0.01377	0.01047	0.00936	0.01377	0.01597	0.00771	0.02093	0.01212	0.03195	0.00991	0.01157	0.00771	0.00661	0.00441	0.00220	0.00551	0.00386	0.00441	0.00771
99	0.02707	0.01995	0.02137	0.01638	0.02208	0.02208	0.01353	0.68159	0.03348	0.04488	0.01710	0.01710	0.01211	0.00855	0.00712	0.00214	0.00784	0.00641	0.00712	0.01211
100	0.04517	0.03593	0.68524	0.01987	0.03015	0.01651	0.02558	0.02249	0.01492	0.02292	0.01267	0.01490	0.00897	0.00676	0.00667	0.00225	0.01033	0.00521	0.00306	0.01041
101	0.01773	0.01784	0.02510	0.19993	0.41652	0.10151	0.01958	0.02301	0.06809	0.02187	0.01413	0.01805	0.01141	0.00690	0.00701	0.00216	0.00901	0.00626	0.00374	0.01012
102	0.01558	0.01558	0.02181	0.01869	0.01869	0.02181	0.01558	0.01714	0.01091	0.01714	0.00935	0.01558	0.00935	0.01246	0.02337	0.00312	0.73672	0.00623	0.00312	0.00779
103	0.01725	0.01481	0.01570	0.01416	0.01804	0.01704	0.01099	0.03636	0.65164	0.02971	0.06982	0.02818	0.02450	0.00996	0.00732	0.00240	0.00550	0.00834	0.00728	0.01099
104	0.02064	0.01434	0.01599	0.01391	0.01819	0.01575	0.01095	0.03637	0.52167	0.18118	0.05002	0.02689	0.02226	0.00963	0.00726	0.00236	0.00566	0.00800	0.00761	0.01132
105	0.01439	0.03609	0.68443	0.02071	0.03109	0.01660	0.05399	0.02256	0.01511	0.02256	0.01285	0.01521	0.00910	0.00673	0.00683	0.00226	0.01059	0.00539	0.00303	0.01048
106	0.04215	0.00909	0.01187	0.01020	0.01324	0.00825	0.00799	0.02072	0.01998	0.25473	0.45650	0.04228	0.04888	0.01240	0.00786	0.00223	0.00432	0.01070	0.00805	0.00854
107	0.01118	0.00928	0.01092	0.07434	0.01551	0.00938	0.00871	0.01682	0.13647	0.02208	0.11466	0.05620	0.34060	0.03717	0.00912	0.00265	0.00500	0.10621	0.00646	0.00721
108	0.01034	0.00747	0.00962	0.00952	0.01100	0.00705	0.00696	0.03869	0.01881	0.02622	0.48472	0.25020	0.05926	0.01654	0.00855	0.00242	0.00376	0.01474	0.00746	0.00666
109	0.01764	0.12822	0.14748	0.02659	0.20040	0.01917	0.18451	0.06409	0.09696	0.02416	0.01510	0.01770	0.01175	0.00682	0.00701	0.00216	0.00920	0.00651	0.00405	0.01047
110	0.01750	0.01768	0.05512	0.04281	0.67948	0.01690	0.02202	0.02188	0.01617	0.02324	0.01337	0.01752	0.01119	0.00636	0.00704	0.00212	0.00854	0.00630	0.00350	0.01125
111	0.02669	0.02036	0.02112	0.01639	0.02194	0.05154	0.01346	0.62898	0.05844	0.04313	0.01730	0.01728	0.01236	0.00854	0.00710	0.00213	0.00796	0.00640	0.00698	0.01191
112	0.80005	0.01377	0.01047	0.00936	0.01377	0.01597	0.00771	0.02093	0.01212	0.03195	0.00991	0.01157	0.00771	0.00661	0.00441	0.00220	0.00551	0.00386	0.00441	0.00771
113	0.02564	0.04154	0.01736	0.01387	0.03729	0.01358	0.01094	0.09869	0.15443	0.39757	0.07102	0.02642	0.03995	0.00941	0.00719	0.00222	0.00604	0.00770	0.00783	0.01129
114	0.00866	0.00626	0.00820	0.00975	0.01028	0.00580	0.00654	0.00993	0.01379	0.01824	0.04124	0.70402	0.08689	0.02205	0.00905	0.00286	0.00410	0.01993	0.00661	0.00580
115	0.01797	0.01917	0.03226	0.14176	0.12937	0.10204	0.34164	0.02266	0.01649	0.04287	0.01371	0.01813	0.01060	0.00686	0.00860	0.00232	0.05337	0.00716	0.00366	0.00938
116	0.00936	0.00671	0.00895	0.00995	0.01085	0.00629	0.00712	0.01142	0.01581	0.02152	0.23249	0.47761	0.05236	0.01979	0.00896	0.00274	0.00414	0.08083	0.00696	0.00613
117	0.01855	0.01539	0.01623	0.01425	0.01838	0.01756	0.01118	0.12656	0.55477	0.03143	0.02868	0.02674	0.04466	0.00976	0.00720	0.00235	0.00580	0.00803	0.03139	0.01106
118	0.02707	0.01995	0.02137	0.01638	0.02208	0.02208	0.01353	0.68159	0.03348	0.04488	0.01710	0.01710	0.01211	0.00855	0.00712	0.00214	0.00784	0.00641	0.00712	0.01211
119	0.75311	0.01415	0.01113	0.00979	0.01428	0.01634	0.00807	0.06105	0.01342	0.03273	0.01035	0.01190	0.00798	0.00673	0.00457	0.00220	0.00565	0.00401	0.00457	0.00798
120	0.00868	0.00722	0.00758	0.00749	0.00978	0.00612	0.00562	0.01073	0.01686	0.02073	0.17290	0.06607	0.60075	0.01748	0.00841	0.00238	0.00357	0.01468	0.00681	0.00612
121	0.06212	0.06093	0.49413	0.01843	0.02726	0.01624	0.05145	0.04369	0.01623	0.09374	0.04054	0.01732	0.01222	0.00725	0.00672	0.00222	0.00937	0.00578	0.00402	0.01033
122	0.77247	0.01373	0.01085	0.03472	0.01501	0.01597	0.00813	0.02084	0.01219	0.03147	0.01001	0.01183	0.00777	0.00663	0.00450	0.00221	0.00565	0.00394	0.00436	0.00772
123	0.00879	0.00628	0.00839	0.01004	0.01051	0.00588	0.00681	0.01011	0.01374	0.01830	0.03918	0.71828	0.04685	0.02220	0.00912	0.00291	0.00423	0.04595	0.00661	0.00581
124	0.02911	0.01668	0.01935	0.01483	0.02045	0.01723	0.01225	0.41157	0.02801	0.32261	0.02169	0.02008	0.01441	0.00866	0.00714	0.00216	0.00709	0.00672	0.00783	0.01211
125	0.00904	0.00662	0.00849	0.00932	0.01033	0.00607	0.00650	0.01094	0.01578	0.02123	0.22977	0.46985	0.13053	0.01962	0.00881	0.00265	0.00385	0.01755	0.00696	0.00607
126	0.00873	0.00624	0.00831	0.00988	0.01034	0.00582	0.00661	0.01006	0.01390	0.01860	0.06597	0.71719	0.04791	0.02200	0.00906	0.00287	0.00410	0.01995	0.00666	0.00582
127	0.01762	0.01692	0.02890	0.04371	0.70533	0.01692	0.02185	0.02185	0.01621	0.02326	0.01339	0.01762	0.01128	0.00634	0.00705	0.00211	0.00846	0.00634	0.00352	0.01128
128	0.01858	0.01510	0.01613	0.01438	0.01850	0.01727	0.01122	0.03765	0.65166	0.07111	0.02893	0.02643	0.02149	0.00961	0.00724	0.00240	0.00566	0.00800	0.00734	0.01132
129	0.01771	0.01530	0.01610	0.01449	0.01852	0.01771	0.01127	0.03784	0.69247	0.02979	0.02898	0.02657	0.02174	0.00966	0.00725	0.00242	0.00564	0.00805	0.00725	0.01127
130	0.01687	0.01724	0.03299	0.03610	0.38931	0.01676	0.28572	0.02175	0.01646	0.02295	0.01546	0.02255	0.01312	0.00712	0.00778	0.00231	0.00976	0.05170	0.00376	0.01028
131	0.02729	0.01959	0.02115	0.01622	0.02191	0.02156	0.01340	0.65230	0.03289	0.07500	0.01759	0.01742	0.01236	0.00856	0.00712	0.00214	0.00776	0.00644	0.00720	0.01211
132	0.80005	0.01377	0.01047	0.00936	0.01377	0.01597	0.00771	0.02093	0.01212	0.03195	0.00991	0.01157	0.00771	0.00661	0.00441	0.00220	0.00551	0.00386	0.00441	0.00771
133	0.01036	0.00690	0.00777	0.00777	0.00777	0.00690	0.00431	0.01036	0.01036	0.01381	0.02244	0.04660	0.02589	0.74975	0.03624	0.00690	0.00690	0.01036	0.00431	0.00431
134	0.01414	0.03580	0.68831	0.01990	0.03011	0.01619	0.02563	0.02223	0.01521	0.02276	0.03682	0.01637	0.01105	0.00704	0.00682	0.00225	0.01027	0.00553	0.00318	0.01039
135	0.59826	0.01504	0.01343	0.12645	0.04179	0.06301	0.01049	0.02102	0.01312	0.02851	0.01053	0.01303	0.00821	0.00673	0.00506	0.00220	0.00673	0.00438	0.00413	0.00789
136	0.01034	0.00695	0.00799	0.00799	0.00807	0.00702	0.00459	0.01050	0.01042	0.01397	0.02223	0.04547	0.02540	0.70747	0.07786	0.00718	0.00764	0.01019	0.00428	0.00444
137	0.00918	0.00756	0.00846	0.00817	0.01027	0.00684	0.00619	0.01143	0.01716	0.02187	0.25293	0.06198	0.49024	0.01680	0.00900	0.00238	0.03236	0.01406	0.00683	0.00629
138	0.01345	0.01266	0.02136	0.73264	0.04904	0.01582	0.01978	0.01819	0.01424	0.01819	0.01266	0.01898	0.00949	0.00712	0.00712	0.00237	0.00949	0.00633	0.00316	0.00791
139	0.01904	0.75404	0.03731	0.01218	0.01828	0.02818	0.01218	0.02132	0.01447	0.01675	0.00990	0.01142	0.00914	0.00609	0.00457	0.00152	0.00761	0.00381	0.00305	0.00914
140	0.01736	0.01687	0.02916	0.06266	0.61614	0.01716	0.06114	0.02160	0.01596	0.02282	0.01326	0.01767	0.01111	0.00661	0.00782	0.00218	0.03957	0.00646	0.00350	0.01093
141	0.01149	0.00972	0.01203	0.01189	0.01331	0.06593	0.00915	0.01390	0.01211	0.01652	0.01853	0.02732	0.01735	0.07054	0.64372	0.01054	0.01821	0.00747	0.00382	0.00645
142	0.01771	0.01530	0.01610	0.01449	0.01852	0.01771	0.01127	0.03784	0.69247	0.02979	0.02898	0.02657	0.02174	0.00966	0.00725	0.00242	0.00564	0.00805	0.00725	0.01127
143	0.01974	0.00960	0.01230	0.01073	0.01436	0.00843	0.00873	0.02235	0.01853	0.33508	0.10979	0.04855	0.23103	0.01373	0.00805	0.00242	0.00513	0.10479	0.00773	0.00894
144	0.00868	0.00620	0.00826	0.00991	0.01033	0.00578	0.00661	0.00991	0.01363	0.01818	0.03925	0.74510	0.04710	0.02231	0.00909	0.00289	0.00413	0.02024	0.00661	0.00578
145	0.01554	0.01263	0.01485	0.01064	0.01693	0.00954	0.00853	0.01869	0.01502	0.05431	0.01336	0.01519	0.01087	0.00543	0.00536	0.00111	0.00531	0.00435	0.00443	0.75791
146	0.01566	0.24394	0.51778	0.01795	0.02720	0.01990	0.02223	0.02220	0.01487	0.02088	0.01195	0.01399	0.00905	0.00657	0.00613	0.00204	0.00968	0.00484	0.00302	0.01012
147	0.01771	0.01530	0.01610	0.01449	0.01852	0.01771	0.01127	0.03784	0.69247	0.02979	0.02898	0.02657	0.02174	0.00966	0.00725	0.00242	0.00564	0.00805	0.00725	0.01127
148	0.03650	0.01294	0.02155	0.65407	0.04620	0.01564	0.04423	0.01844	0.01430	0.01898	0.01264	0.01860	0.00954	0.00698	0.00701	0.00231	0.00929	0.00625	0.00326	0.04125
149	0.01445	0.06186	0.68928	0.02001	0.03038	0.01694	0.02582	0.02251	0.01501	0.02235	0.01268	0.01491	0.00902	0.00674	0.00669	0.00223	0.01042	0.00521	0.00301	0.01048
150	0.01345	0.01266	0.02136	0.73264	0.04904	0.01582	0.01978	0.01819	0.01424	0.01819	0.01266	0.01898	0.00949	0.00712	0.00712	0.00237	0.00949	0.00633	0.00316	0.00791
151	0.01057	0.00790	0.01021	0.01136	0.01323	0.00755	0.00967	0.01341	0.01634	0.02069	0.04794	0.07682	0.23760	0.01918	0.00941	0.00302	0.00568	0.46646	0.00657	0.00639
152	0.00915	0.00654	0.00879	0.01034	0.01099	0.00618	0.00732	0.01078	0.01433	0.01910	0.06901	0.61696	0.04711	0.02157	0.00917	0.00292	0.00445	0.11270	0.00666	0.00594
153	0.03195	0.01212	0.01652	0.01267	0.01818	0.01047	0.01047	0.03470	0.02038	0.71026	0.02809	0.02424	0.01763	0.00881	0.00716	0.00220	0.00606	0.00716	0.00881	0.01212
154	0.01771	0.01530	0.01610	0.01449	0.01852	0.01771	0.01127	0.03784	0.69247	0.02979	0.02898	0.02657	0.02174	0.00966	0.00725	0.00242	0.00564	0.00805	0.00725	0.01127
155	0.01555	0.06467	0.64294	0.01950	0.02954	0.01664	0.02477	0.02324	0.01534	0.06407	0.01359	0.01544	0.00955	0.00686	0.00670	0.00222	0.01013	0.00532	0.00336	0.01056
156	0.00990	0.00723	0.00930	0.00887	0.01055	0.00663	0.00662	0.01307	0.01961	0.02747	0.62987	0.08258	0.11139	0.01512	0.00843	0.00228	0.00341	0.01333	0.00770	0.00663
157	0.02051	0.01885	0.01754	0.01537	0.01960	0.12519	0.01200	0.13638	0.48807	0.03025	0.02441	0.02301	0.01833	0.00914	0.00710	0.00228	0.00707	0.00727	0.00668	0.01094
158	0.03176	0.01242	0.01671	0.01281	0.01833	0.01091	0.01058	0.05950	0.02088	0.68476	0.02767	0.02396	0.01741	0.00880	0.00716	0.00220	0.00613	0.00713	0.00875	0.01212
159	0.02436	0.01816	0.01958	0.01557	0.02059	0.02007	0.01264	0.55294	0.09684	0.04080	0.02041	0.08836	0.01644	0.00999	0.00733	0.00224	0.00726	0.00791	0.00709	0.01142
160	0.01237	0.00618	0.00928	0.00928	0.00928	0.00618	0.00618	0.00928	0.00928	0.01237	0.01237	0.02165	0.01237	0.02474	0.02783	0.79283	0.00618	0.00618	0.00309	0.00309
161	0.01379	0.01294	0.02145	0.67546	0.07428	0.01594	0.01951	0.01914	0.04206	0.01887	0.01335	0.01924	0.01007	0.00719	0.00712	0.00236	0.00929	0.00640	0.00335	0.00818
162	0.01017	0.00763	0.01144	0.01144	0.01272	0.00890	0.00890	0.01272	0.01144	0.01653	0.01907	0.02797	0.01780	0.05340	0.72153	0.01144	0.01907	0.00763	0.00381	0.00636
163	0.02320	0.01768	0.01944	0.01504	0.02037	0.01887	0.01230	0.47925	0.04783	0.03801	0.01710	0.04464	0.01331	0.00863	0.00753	0.00200	0.03802	0.00655	0.00637	0.16386
164	0.01025	0.00733	0.00995	0.00995	0.01070	0.00809	0.00703	0.01175	0.01100	0.01542	0.02044	0.03555	0.02109	0.33676	0.44267	0.00960	0.01412	0.00874	0.00402	0.00553
165	0.01504	0.15464	0.57464	0.04613	0.02944	0.01844	0.02372	0.02218	0.01491	0.02142	0.01230	0.01459	0.00906	0.00667	0.00642	0.00214	0.01000	0.00506	0.00302	0.01019
166	0.02566	0.01952	0.02052	0.01608	0.02137	0.04616	0.01317	0.59265	0.05718	0.04159	0.01746	0.01797	0.01272	0.01127	0.05048	0.00270	0.00861	0.00648	0.00680	0.01159
167	0.01062	0.00704	0.00912	0.00949	0.01079	0.00645	0.00673	0.01271	0.01646	0.06386	0.27725	0.38532	0.09804	0.04017	0.00949	0.00270	0.00402	0.01615	0.00711	0.00647
168	0.02309	0.01422	0.01807	0.01448	0.01873	0.01500	0.03952	0.25563	0.02216	0.23075	0.02223	0.02405	0.03924	0.04543	0.13565	0.00406	0.05355	0.00737	0.00652	0.01021
169	0.09171	0.02091	0.01991	0.01591	0.02111	0.11272	0.01291	0.49321	0.07807	0.03909	0.01656	0.01676	0.01206	0.00831	0.00681	0.00212	0.00813	0.00608	0.00645	0.01117
170	0.00866	0.00697	0.00772	0.00807	0.00990	0.00603	0.00585	0.01048	0.01599	0.01995	0.13028	0.23650	0.47117	0.01874	0.00858	0.00251	0.00371	0.01611	0.00674	0.00603
171	0.04804	0.01270	0.01458	0.01050	0.01674	0.00977	0.00841	0.01806	0.01465	0.02357	0.01254	0.01463	0.01043	0.00533	0.00524	0.00110	0.00528	0.00420	0.00423	0.75999
172	0.01617	0.01497	0.02660	0.07248	0.12497	0.01492	0.26164	0.06141	0.07774	0.04878	0.06546	0.14003	0.02171	0.00993	0.00801	0.00241	0.00844	0.00999	0.00506	0.00931
173	0.05119	0.04807	0.06876	0.03480	0.47700	0.09228	0.04939	0.02211	0.01635	0.02253	0.01523	0.01858	0.03855	0.00693	0.00687	0.00210	0.00886	0.00633	0.00366	0.01039
174	0.08552	0.01452	0.03949	0.04101	0.04161	0.01235	0.06058	0.07584	0.01629	0.02542	0.01398	0.04356	0.01180	0.00654	0.00591	0.00154	0.00640	0.00549	0.00443	0.48772
175	0.04071	0.00717	0.00909	0.01030	0.01115	0.00704	0.00720	0.03480	0.01429	0.01969	0.03611	0.60789	0.04243	0.04347	0.03082	0.00323	0.00499	0.05713	0.00639	0.00611
176	0.04374	0.00784	0.01115	0.01110	0.01248	0.00907	0.00860	0.01310	0.01154	0.01738	0.01891	0.02782	0.01764	0.07203	0.64941	0.01063	0.01767	0.00753	0.02600	0.00636
177	0.01036	0.00690	0.00777	0.00777	0.00777	0.00690	0.00431	0.01036	0.01036	0.01381	0.02244	0.04660	0.02589	0.74975	0.03624	0.00690	0.00690	0.01036	0.00431	0.00431
178	0.01965	0.01705	0.01813	0.01560	0.01995	0.05610	0.03770	0.15403	0.48495	0.03132	0.02558	0.02573	0.01956	0.00955	0.00732	0.00236	0.00671	0.03084	0.00686	0.01103
179	0.01515	0.14832	0.58130	0.01991	0.05433	0.01837	0.02393	0.02233	0.01499	0.02167	0.01235	0.01457	0.00912	0.00664	0.00643	0.00214	0.00999	0.00508	0.00303	0.01034
180	0.01593	0.01519	0.02428	0.30345	0.34223	0.03806	0.03637	0.02089	0.04215	0.02140	0.01487	0.02101	0.01225	0.00735	0.00715	0.00226	0.00876	0.03100	0.02586	0.00954
181	0.01029	0.00749	0.01074	0.01074	0.01183	0.00853	0.00809	0.01247	0.01138	0.01642	0.01971	0.03076	0.01904	0.15776	0.59582	0.01046	0.01675	0.00801	0.02764	0.00606
182	0.01128	0.00832	0.01057	0.01154	0.01297	0.00836	0.00884	0.05415	0.06261	0.02161	0.03770	0.42270	0.06113	0.01965	0.00906	0.00292	0.00520	0.21792	0.00667	0.00680
183	0.02028	0.54073	0.10024	0.01389	0.02010	0.10729	0.01375	0.04980	0.01620	0.04514	0.01130	0.01267	0.00958	0.00651	0.00521	0.00168	0.00846	0.00428	0.00350	0.00941
184	0.01008	0.00728	0.00952	0.00896	0.01064	0.00672	0.00672	0.01344	0.02016	0.02855	0.70158	0.05319	0.06719	0.01456	0.00840	0.00224	0.00336	0.01288	0.00784	0.00672
185	0.01737	0.01666	0.02844	0.08554	0.66548	0.01685	0.02173	0.02163	0.01609	0.02296	0.01335	0.01771	0.01117	0.00639	0.00705	0.00213	0.00852	0.00634	0.00350	0.01107
186	0.01719	0.02011	0.12721	0.08672	0.51121	0.04341	0.02168	0.02250	0.03965	0.02281	0.01371	0.01747	0.01111	0.00661	0.00700	0.00215	0.00890	0.00618	0.00356	0.01082
187	0.01008	0.00728	0.00952	0.00896	0.01064	0.00672	0.00672	0.01344	0.02016	0.02855	0.70158	0.05319	0.06719	0.01456	0.00840	0.00224	0.00336	0.01288	0.00784	0.00672
188	0.00868	0.00620	0.00826	0.00991	0.01033	0.00578	0.00661	0.00991	0.01363	0.01818	0.03925	0.74510	0.04710	0.02231	0.00909	0.00289	0.00413	0.02024	0.00661	0.00578
189	0.01632	0.00897	0.01183	0.01117	0.01375	0.00835	0.00883	0.04385	0.01846	0.20195	0.20637	0.19628	0.06503	0.01562	0.00846	0.00258	0.00504	0.14156	0.00751	0.00807
190	0.01949	0.43706	0.17193	0.01624	0.04929	0.13294	0.01576	0.04827	0.01628	0.01940	0.01108	0.01285	0.00932	0.00653	0.00551	0.00177	0.00907	0.00443	0.00331	0.00949
191	0.01771	0.01530	0.01610	0.01449	0.01852	0.01771	0.01127	0.03784	0.69247	0.02979	0.02898	0.02657	0.02174	0.00966	0.00725	0.00242	0.00564	0.00805	0.00725	0.01127
192	0.01036	0.00690	0.00777	0.00777	0.00777	0.00690	0.00431	0.01036	0.01036	0.01381	0.02244	0.04660	0.02589	0.74975	0.03624	0.00690	0.00690	0.01036	0.00431	0.00431
193	0.01034	0.00698	0.00815	0.00815	0.00829	0.00711	0.00480	0.01060	0.01047	0.01409	0.02208	0.04463	0.02503	0.67620	0.10863	0.00738	0.00819	0.01007	0.00426	0.00453
194	0.80005	0.01377	0.01047	0.00936	0.01377	0.01597	0.00771	0.02093	0.01212	0.03195	0.00991	0.01157	0.00771	0.00661	0.00441	0.00220	0.00551	0.00386	0.00441	0.00771
195	0.01598	0.01318	0.01547	0.01125	0.01728	0.01072	0.00906	0.05691	0.01586	0.04284	0.01321	0.01519	0.01078	0.00583	0.00612	0.00123	0.03335	0.00450	0.00447	0.69677
196	0.01632	0.01361	0.01559	0.01137	0.01755	0.01127	0.00914	0.09659	0.04124	0.02598	0.01376	0.01546	0.01113	0.00582	0.00556	0.00123	0.00559	0.00461	0.00467	0.67352
197	0.01827	0.08832	0.14942	0.06427	0.39583	0.11978	0.02052	0.02272	0.01633	0.02148	0.01259	0.01598	0.01030	0.00658	0.00669	0.00206	0.00943	0.00567	0.00339	0.01036
198	0.11636	0.02513	0.33715	0.08678	0.09533	0.01672	0.06765	0.02421	0.11768	0.02455	0.01504	0.01726	0.01118	0.00712	0.00671	0.00228	0.00894	0.00594	0.00394	0.01004
199	0.80005	0.01377	0.01047	0.00936	0.01377	0.01597	0.00771	0.02093	0.01212	0.03195	0.00991	0.01157	0.00771	0.00661	0.00441	0.00220	0.00551	0.00386	0.00441	0.00771
200	0.01034	0.00762	0.01020	0.01018	0.03499	0.00708	0.00725	0.01373	0.02002	0.02837	0.67745	0.05194	0.06523	0.01427	0.00835	0.00224	0.00354	0.01265	0.00769	0.00688
201	0.01017	0.00763	0.01144	0.01144	0.01272	0.00890	0.00890	0.01272	0.01144	0.01653	0.01907	0.02797	0.01780	0.05340	0.72153	0.01144	0.01907	0.00763	0.00381	0.00636
202	0.02707	0.01995	0.02137	0.01638	0.02208	0.02208	0.01353	0.68159	0.03348	0.04488	0.01710	0.01710	0.01211	0.00855	0.00712	0.00214	0.00784	0.00641	0.00712	0.01211
203	0.01887	0.01253	0.01519	0.01105	0.01719	0.00972	0.00892	0.02194	0.01611	0.18744	0.01635	0.01703	0.01224	0.00612	0.00572	0.00133	0.00546	0.00492	0.00532	0.60656
204	0.02707	0.01995	0.02137	0.01638	0.02208	0.02208	0.01353	0.68159	0.03348	0.04488	0.01710	0.01710	0.01211	0.00855	0.00712	0.00214	0.00784	0.00641	0.00712	0.01211
205	0.01008	0.00728	0.00952	0.00896	0.01064	0.00672	0.00672	0.01344	0.02016	0.02855	0.70158	0.05319	0.06719	0.01456	0.00840	0.00224	0.00336	0.01288	0.00784	0.00672
206	0.01653	0.01872	0.04072	0.02923	0.03618	0.01762	0.65105	0.02238	0.01658	0.02254	0.01460	0.01958	0.01110	0.00801	0.03862	0.00278	0.01230	0.00837	0.00361	0.00947
207	0.02394	0.01724	0.01899	0.12386	0.02416	0.08469	0.01324	0.31928	0.02437	0.15720	0.01825	0.01953	0.01314	0.01192	0.06534	0.00290	0.00899	0.00647	0.03607	0.01042

[dist]
# distance from previous block
# <min> <max>
0	8

[block]
# block no. 2 follows, 29 sequences, length 31
# corresponding to MSA columns:
# 252-282
name=unknown_C
#
# <colnr> <probs for GDERKNQSTAVLIFYWHMCP>
#	G	D	E	R	K	N	Q	S	T	A	V	L	I	F	Y	W	H	M	C	P
0	0.01073	0.00798	0.01007	0.00953	0.01137	0.00771	0.00714	0.01556	0.08329	0.02813	0.60386	0.08643	0.06186	0.01450	0.00833	0.00229	0.00361	0.01280	0.00772	0.00710
1	0.00968	0.00776	0.00892	0.01029	0.01103	0.04284	0.00707	0.01105	0.01422	0.01831	0.03974	0.64406	0.08489	0.02119	0.00893	0.00282	0.00463	0.04016	0.00646	0.00595
2	0.17990	0.02193	0.04390	0.08275	0.11428	0.26101	0.01395	0.07000	0.01803	0.07012	0.01605	0.01780	0.04578	0.00775	0.00637	0.00209	0.00910	0.00570	0.00447	0.00902
3	0.06732	0.01351	0.02063	0.60829	0.04383	0.01650	0.01831	0.08890	0.01614	0.02195	0.01295	0.01829	0.00965	0.00724	0.00694	0.00234	0.00905	0.00617	0.00367	0.00834
4	0.01082	0.00737	0.00827	0.00808	0.00844	0.00737	0.00477	0.03322	0.01177	0.01565	0.04977	0.04684	0.05763	0.66410	0.03296	0.00636	0.00665	0.01053	0.00465	0.00475
5	0.04086	0.01289	0.01617	0.01259	0.01749	0.01170	0.03417	0.04412	0.03533	0.08253	0.01713	0.07385	0.01513	0.00839	0.00790	0.00174	0.07857	0.02787	0.00494	0.45665
6	0.01796	0.65372	0.05634	0.01211	0.01789	0.02558	0.01208	0.02055	0.01507	0.01816	0.08138	0.01585	0.01513	0.00699	0.00504	0.00162	0.00727	0.00479	0.00354	0.00893
7	0.00878	0.00723	0.00772	0.00760	0.00984	0.00617	0.00570	0.01093	0.01710	0.02130	0.21142	0.06513	0.56187	0.01726	0.00841	0.00237	0.00355	0.01455	0.00688	0.00617
