[name]
unknown

[dist]
# distance from previous block
# <min> <max>
0	70

[block]
# block no. 0 follows, 26 sequences, length 58
# corresponding to MSA columns:
# 70-106,109-129
name=unknown_A
#
# <colnr> <probs for GDERKNQSTAVLIFYWHMCP>
#	G	D	E	R	K	N	Q	S	T	A	V	L	I	F	Y	W	H	M	C	P
0	0.01222	0.00873	0.01222	0.01397	0.01572	0.00873	0.01222	0.01572	0.01746	0.02270	0.04016	0.08556	0.04365	0.02095	0.01048	0.00349	0.00698	0.63506	0.00698	0.00698
1	0.01664	0.10871	0.58142	0.02061	0.03083	0.06720	0.02558	0.02433	0.01634	0.02302	0.01317	0.01547	0.00963	0.00718	0.00695	0.00229	0.01108	0.00540	0.00326	0.01089
2	0.02670	0.02130	0.02185	0.05878	0.04832	0.10671	0.01453	0.40741	0.07470	0.08497	0.01849	0.01892	0.01337	0.00873	0.00742	0.00223	0.00874	0.00666	0.00675	0.04343
3	0.01123	0.00835	0.01052	0.00987	0.01187	0.00795	0.00743	0.01599	0.06720	0.03005	0.60823	0.05541	0.09639	0.01531	0.00886	0.00241	0.00376	0.01346	0.00824	0.00746
4	0.01002	0.00773	0.00915	0.00880	0.01090	0.00685	0.00660	0.01294	0.01979	0.02643	0.43889	0.06322	0.31728	0.01699	0.00895	0.00246	0.00368	0.01464	0.00782	0.00685
5	0.03103	0.01224	0.01664	0.01299	0.01833	0.01063	0.01063	0.03405	0.02168	0.60620	0.11396	0.02979	0.02558	0.01018	0.00780	0.00235	0.00608	0.00841	0.00925	0.01217
6	0.01978	0.01675	0.01767	0.01562	0.02007	0.01929	0.01223	0.09729	0.61394	0.03321	0.02971	0.02737	0.02221	0.01018	0.00771	0.00255	0.00622	0.00842	0.00771	0.01209
7	0.01074	0.00775	0.01014	0.00954	0.01133	0.00716	0.00716	0.01431	0.02147	0.03042	0.68211	0.05666	0.07157	0.01551	0.00895	0.00239	0.00358	0.01372	0.00835	0.00716
8	0.02755	0.02061	0.02204	0.01719	0.02303	0.02292	0.01411	0.58086	0.11771	0.04573	0.01984	0.01951	0.01422	0.00926	0.00760	0.00231	0.00804	0.00705	0.00760	0.01278
9	0.78701	0.01467	0.01115	0.00997	0.01467	0.01702	0.00821	0.02230	0.01291	0.03403	0.01056	0.01232	0.00821	0.00704	0.00469	0.00235	0.00587	0.00411	0.00469	0.00821
10	0.01084	0.00813	0.01219	0.01219	0.01354	0.00948	0.00948	0.01354	0.01219	0.01761	0.02032	0.02980	0.01896	0.05689	0.70337	0.01219	0.02032	0.00813	0.00406	0.00677
11	0.01659	0.01659	0.02323	0.01991	0.01991	0.02323	0.01659	0.01825	0.01162	0.01825	0.00996	0.01659	0.00996	0.01328	0.02489	0.00332	0.71955	0.00664	0.00332	0.00830
12	0.74221	0.01486	0.01229	0.01211	0.05383	0.01707	0.00909	0.02235	0.01316	0.03349	0.01078	0.01270	0.00844	0.00702	0.00486	0.00234	0.00605	0.00426	0.00464	0.00844
13	0.02431	0.01715	0.01894	0.01554	0.02047	0.01872	0.01247	0.32857	0.21971	0.11676	0.05563	0.07326	0.02192	0.01080	0.00784	0.00243	0.00694	0.00878	0.00784	0.01190
14	0.01582	0.08090	0.58335	0.02219	0.03273	0.01856	0.09493	0.02397	0.01618	0.02366	0.01361	0.01625	0.00982	0.00707	0.00725	0.00237	0.01119	0.00587	0.00327	0.01101
15	0.01432	0.01348	0.02275	0.71520	0.05224	0.01685	0.02107	0.01938	0.01517	0.01938	0.01348	0.02022	0.01011	0.00758	0.00758	0.00253	0.01011	0.00674	0.00337	0.00843
16	0.01193	0.00811	0.00929	0.00915	0.00962	0.00819	0.00569	0.04149	0.01302	0.01740	0.04994	0.05099	0.02971	0.62229	0.03406	0.00666	0.00723	0.05496	0.00505	0.00525
17	0.02540	0.08977	0.02521	0.02542	0.18072	0.48454	0.01657	0.02800	0.01999	0.01998	0.01223	0.01477	0.01030	0.00746	0.00684	0.00200	0.01211	0.00526	0.00382	0.00964
18	0.00924	0.00660	0.00880	0.01056	0.01100	0.00616	0.00704	0.01056	0.01452	0.01936	0.04181	0.72848	0.05017	0.02376	0.00968	0.00308	0.00440	0.02156	0.00704	0.00616
19	0.00896	0.00768	0.00768	0.00768	0.01025	0.00640	0.00576	0.01089	0.01729	0.02049	0.07684	0.07300	0.68304	0.01921	0.00896	0.00256	0.00384	0.01601	0.00704	0.00640
20	0.01859	0.01783	0.03046	0.07414	0.65996	0.01797	0.02319	0.02312	0.01718	0.02456	0.01424	0.01883	0.01194	0.00679	0.00751	0.00226	0.00906	0.00676	0.00374	0.01187
21	0.00924	0.00660	0.00880	0.01056	0.01100	0.00616	0.00704	0.01056	0.01452	0.01936	0.04181	0.72848	0.05017	0.02376	0.00968	0.00308	0.00440	0.02156	0.00704	0.00616
22	0.00904	0.00769	0.00779	0.00776	0.01029	0.00643	0.00582	0.01103	0.01746	0.02090	0.10191	0.07232	0.65771	0.01906	0.00896	0.00255	0.00383	0.01591	0.00710	0.00643
23	0.02735	0.14593	0.02572	0.01667	0.02282	0.02465	0.01417	0.54982	0.03214	0.04259	0.01688	0.01716	0.01235	0.00865	0.00711	0.00216	0.00831	0.00635	0.00683	0.01235
24	0.01658	0.01594	0.02570	0.02576	0.16706	0.01840	0.11731	0.04962	0.01572	0.02263	0.04354	0.09735	0.01805	0.01357	0.04298	0.00321	0.28393	0.00901	0.00434	0.00929
25	0.02905	0.01606	0.01899	0.01502	0.02051	0.01638	0.01236	0.27738	0.08363	0.33242	0.02580	0.02600	0.01808	0.00989	0.00768	0.00238	0.00708	0.03717	0.03175	0.01237
26	0.78701	0.01467	0.01115	0.00997	0.01467	0.01702	0.00821	0.02230	0.01291	0.03403	0.01056	0.01232	0.00821	0.00704	0.00469	0.00235	0.00587	0.00411	0.00469	0.00821
27	0.08422	0.01303	0.01717	0.01326	0.01905	0.01154	0.01095	0.03599	0.02112	0.64756	0.02863	0.02492	0.01807	0.00923	0.00743	0.00235	0.00642	0.00739	0.00908	0.01260
28	0.02709	0.02305	0.02192	0.01859	0.05309	0.15322	0.01422	0.46648	0.03044	0.03890	0.01716	0.01946	0.01323	0.05703	0.00951	0.00255	0.00934	0.00673	0.00650	0.01151
29	0.01200	0.00999	0.01281	0.01268	0.01420	0.05570	0.00983	0.01466	0.01281	0.01767	0.01974	0.02872	0.01835	0.05362	0.65695	0.01151	0.01987	0.00791	0.00405	0.00691
30	0.01074	0.00775	0.01014	0.00954	0.01133	0.00716	0.00716	0.01431	0.02147	0.03042	0.68211	0.05666	0.07157	0.01551	0.00895	0.00239	0.00358	0.01372	0.00835	0.00716
31	0.78701	0.01467	0.01115	0.00997	0.01467	0.01702	0.00821	0.02230	0.01291	0.03403	0.01056	0.01232	0.00821	0.00704	0.00469	0.00235	0.00587	0.00411	0.00469	0.00821
32	0.02598	0.05821	0.02016	0.01682	0.06666	0.04479	0.01271	0.15966	0.13110	0.26509	0.02387	0.02326	0.01698	0.01220	0.05371	0.00294	0.00814	0.00725	0.03878	0.01169
33	0.01137	0.00821	0.01118	0.01281	0.01434	0.00803	0.01068	0.01429	0.01683	0.02184	0.04309	0.21989	0.09013	0.02142	0.01020	0.00334	0.00622	0.46236	0.00700	0.00677
34	0.02756	0.02551	0.02173	0.01790	0.02308	0.24266	0.01423	0.38780	0.10207	0.03656	0.01753	0.01787	0.01303	0.00882	0.00736	0.00221	0.00981	0.00640	0.00641	0.01147
35	0.01849	0.01914	0.02863	0.24167	0.13280	0.10292	0.18286	0.05300	0.01801	0.02329	0.01408	0.01865	0.01097	0.00703	0.00761	0.00225	0.01049	0.00683	0.00394	0.09735
36	0.02883	0.02125	0.02276	0.01745	0.02352	0.02352	0.01442	0.66082	0.03566	0.04780	0.01821	0.01821	0.01290	0.00911	0.00759	0.00228	0.00835	0.00683	0.00759	0.01290
37	0.01372	0.01166	0.01232	0.01146	0.01473	0.01223	0.00879	0.02482	0.31989	0.02675	0.12095	0.05062	0.31272	0.01470	0.00839	0.00255	0.00481	0.01233	0.00750	0.00907
38	0.01887	0.01629	0.01715	0.01544	0.01972	0.01887	0.01201	0.04031	0.67241	0.03173	0.03087	0.02830	0.02315	0.01029	0.00772	0.00257	0.00600	0.00858	0.00772	0.01201
39	0.01659	0.01659	0.02323	0.01991	0.01991	0.02323	0.01659	0.01825	0.01162	0.01825	0.00996	0.01659	0.00996	0.01328	0.02489	0.00332	0.71955	0.00664	0.00332	0.00830
40	0.00924	0.00660	0.00880	0.01056	0.01100	0.00616	0.00704	0.01056	0.01452	0.01936	0.04181	0.72848	0.05017	0.02376	0.00968	0.00308	0.00440	0.02156	0.00704	0.00616
41	0.01044	0.00770	0.00975	0.00932	0.01117	0.00702	0.00696	0.01371	0.02065	0.02866	0.57596	0.08315	0.15469	0.01631	0.00898	0.00243	0.00364	0.01431	0.00812	0.00702
42	0.01414	0.00707	0.00707	0.00707	0.00884	0.00707	0.00530	0.01767	0.01591	0.02828	0.02474	0.02828	0.01944	0.00884	0.00530	0.00177	0.00353	0.00707	0.77554	0.00707
43	0.01333	0.00751	0.01160	0.10387	0.01553	0.00796	0.00852	0.01115	0.01059	0.01400	0.01322	0.02268	0.01277	0.02385	0.02670	0.67580	0.00706	0.00661	0.00330	0.00398
44	0.01720	0.01752	0.05765	0.25864	0.45503	0.01763	0.02278	0.02207	0.01654	0.02302	0.01399	0.01911	0.01130	0.00704	0.00752	0.00235	0.00946	0.00670	0.00361	0.01083
45	0.01103	0.00735	0.00827	0.00827	0.00827	0.00735	0.00460	0.01103	0.01103	0.01471	0.02390	0.04964	0.02758	0.73343	0.03861	0.00735	0.00735	0.01103	0.00460	0.00460
46	0.01611	0.07822	0.53467	0.02465	0.10753	0.01852	0.06859	0.02387	0.01625	0.02375	0.01362	0.01639	0.01002	0.00706	0.00721	0.00235	0.01087	0.00587	0.00331	0.01115
47	0.78701	0.01467	0.01115	0.00997	0.01467	0.01702	0.00821	0.02230	0.01291	0.03403	0.01056	0.01232	0.00821	0.00704	0.00469	0.00235	0.00587	0.00411	0.00469	0.00821
48	0.01669	0.01872	0.10154	0.25782	0.33252	0.01712	0.05229	0.02187	0.01638	0.02292	0.01394	0.01881	0.01105	0.00698	0.00744	0.00230	0.00957	0.00658	0.00362	0.06185
49	0.01877	0.01802	0.03079	0.04656	0.68612	0.01802	0.02328	0.02328	0.01727	0.02478	0.01427	0.01877	0.01201	0.00676	0.00751	0.00225	0.00901	0.00676	0.00375	0.01201
50	0.01107	0.00847	0.01264	0.01250	0.01380	0.01004	0.00977	0.01374	0.01217	0.01763	0.01990	0.02926	0.01860	0.05512	0.67585	0.01183	0.04868	0.00807	0.00403	0.00683
51	0.01865	0.23536	0.38492	0.01861	0.02718	0.06184	0.02135	0.07903	0.01770	0.02379	0.01289	0.01500	0.00995	0.00743	0.00723	0.00218	0.03729	0.00527	0.00364	0.01068
52	0.00933	0.00681	0.00861	0.01000	0.01070	0.00628	0.00669	0.01064	0.01465	0.01918	0.04532	0.58857	0.13569	0.07501	0.01170	0.00332	0.00454	0.02003	0.00686	0.00608
53	0.03403	0.01291	0.01760	0.01350	0.01936	0.01115	0.01115	0.03697	0.02171	0.69137	0.02992	0.02582	0.01878	0.00939	0.00763	0.00235	0.00645	0.00763	0.00939	0.01291
54	0.01784	0.01726	0.02756	0.14065	0.49793	0.04344	0.02144	0.02209	0.01685	0.02327	0.01581	0.04602	0.01406	0.00824	0.00824	0.00239	0.03224	0.02988	0.00392	0.01086
55	0.01859	0.01783	0.03046	0.07415	0.65996	0.01797	0.02319	0.02312	0.01718	0.02456	0.01424	0.01883	0.01194	0.00679	0.00751	0.00226	0.00906	0.00676	0.00374	0.01187
56	0.01060	0.00717	0.00840	0.00882	0.00893	0.00707	0.00518	0.01092	0.01187	0.01582	0.02818	0.21201	0.03298	0.56368	0.03169	0.00633	0.00665	0.01355	0.00518	0.00497
57	0.14166	0.04054	0.02573	0.11611	0.39084	0.08565	0.01910	0.04963	0.01744	0.02573	0.01339	0.01720	0.01093	0.00709	0.00693	0.00225	0.00905	0.00607	0.00402	0.01063

[dist]
# distance from previous block
# <min> <max>
0	1

[block]
# block no. 1 follows, 26 sequences, length 27
# corresponding to MSA columns:
# 131-157
name=unknown_B
#
# <colnr> <probs for GDERKNQSTAVLIFYWHMCP>
#	G	D	E	R	K	N	Q	S	T	A	V	L	I	F	Y	W	H	M	C	P
0	0.01570	0.01343	0.01556	0.01629	0.07623	0.01455	0.01168	0.02867	0.37265	0.02730	0.04080	0.04584	0.16879	0.01353	0.00839	0.00268	0.00595	0.10482	0.00711	0.01003
1	0.01563	0.01265	0.01512	0.04106	0.07438	0.01286	0.01070	0.17475	0.02171	0.02842	0.09673	0.08140	0.30223	0.01442	0.00895	0.00245	0.03219	0.01193	0.00663	0.03579
2	0.00955	0.00771	0.00850	0.00830	0.01060	0.00665	0.00622	0.01202	0.01867	0.02377	0.27682	0.06760	0.48101	0.01799	0.00896	0.00250	0.00375	0.01525	0.00748	0.00665
3	0.01039	0.00768	0.00970	0.00933	0.01115	0.00699	0.00694	0.01360	0.02046	0.02833	0.55654	0.09726	0.16044	0.01652	0.00899	0.00245	0.00366	0.01450	0.00808	0.00699
4	0.02836	0.03530	0.02157	0.01942	0.02345	0.66436	0.01464	0.06613	0.02230	0.02023	0.01209	0.01394	0.00995	0.00789	0.00688	0.00197	0.01338	0.00500	0.00412	0.00903
5	0.01659	0.01659	0.02323	0.01991	0.01991	0.02323	0.01659	0.01825	0.01162	0.01825	0.00996	0.01659	0.00996	0.01328	0.02489	0.00332	0.71955	0.00664	0.00332	0.00830
6	0.01608	0.01643	0.03131	0.40026	0.12224	0.01780	0.24200	0.02154	0.01636	0.02172	0.01422	0.02013	0.01082	0.00707	0.00805	0.00251	0.01091	0.00751	0.00358	0.00947
7	0.01318	0.00659	0.00988	0.00988	0.00988	0.00659	0.00659	0.00988	0.00988	0.01318	0.01318	0.02306	0.01318	0.02635	0.02964	0.77931	0.00659	0.00659	0.00329	0.00329
8	0.00991	0.00757	0.00882	0.00876	0.01054	0.00678	0.00631	0.01222	0.01800	0.02367	0.30579	0.12778	0.31133	0.09423	0.01218	0.00305	0.00417	0.01512	0.00730	0.00648
9	0.01521	0.03923	0.69413	0.02162	0.03283	0.01762	0.02802	0.02402	0.01601	0.02402	0.01361	0.01601	0.00961	0.00721	0.00721	0.00240	0.01121	0.00560	0.00320	0.01121
10	0.02001	0.51390	0.19221	0.01529	0.02276	0.05233	0.01651	0.02395	0.01607	0.04933	0.01218	0.01374	0.01011	0.00684	0.00562	0.00185	0.00898	0.00461	0.00353	0.01019
11	0.01502	0.00792	0.00801	0.00769	0.00971	0.00805	0.00585	0.05610	0.01709	0.02944	0.02435	0.02768	0.01905	0.00885	0.00544	0.00180	0.00382	0.00706	0.72966	0.00742
12	0.01037	0.00794	0.00849	0.00821	0.01082	0.00673	0.00621	0.01258	0.01808	0.05298	0.15961	0.06852	0.56643	0.01823	0.00890	0.00253	0.00393	0.01530	0.00734	0.00681
13	0.01872	0.01877	0.02814	0.19002	0.48416	0.08340	0.02197	0.02310	0.01722	0.02301	0.01385	0.01860	0.01138	0.00704	0.00746	0.00228	0.00970	0.00657	0.00369	0.01092
14	0.01748	0.02918	0.36484	0.02718	0.09373	0.01788	0.25395	0.02473	0.01711	0.05893	0.01515	0.01838	0.01099	0.00699	0.00788	0.00244	0.01133	0.00702	0.00380	0.01102
15	0.75441	0.01475	0.01166	0.01040	0.01489	0.01728	0.00857	0.02213	0.01285	0.03336	0.01054	0.01250	0.00829	0.00730	0.00555	0.00239	0.03606	0.00421	0.00464	0.00822
16	0.01622	0.01535	0.02565	0.42918	0.29689	0.01738	0.02158	0.02169	0.04101	0.02195	0.01445	0.01997	0.01135	0.00737	0.00756	0.00242	0.00953	0.00682	0.00368	0.00995
17	0.01444	0.01364	0.02277	0.67970	0.05059	0.01718	0.02084	0.01932	0.01499	0.01932	0.01330	0.02004	0.01010	0.00787	0.00847	0.00257	0.04633	0.00674	0.00337	0.00842
18	0.01003	0.00728	0.00946	0.00986	0.01114	0.00671	0.00704	0.01259	0.01839	0.02535	0.38696	0.33355	0.09518	0.01910	0.00925	0.00268	0.00393	0.01706	0.00774	0.00671
19	0.01888	0.01535	0.01742	0.01273	0.01931	0.01334	0.01030	0.17362	0.02053	0.03028	0.01462	0.01633	0.01164	0.00646	0.00609	0.00140	0.00627	0.00506	0.00524	0.59514
20	0.01521	0.03923	0.69413	0.02162	0.03283	0.01762	0.02802	0.02402	0.01601	0.02402	0.01361	0.01601	0.00961	0.00721	0.00721	0.00240	0.01121	0.00560	0.00320	0.01121
21	0.06726	0.06950	0.05280	0.11597	0.04398	0.05272	0.03335	0.02946	0.10961	0.24444	0.02061	0.02123	0.01471	0.00896	0.00899	0.00244	0.08024	0.00685	0.00608	0.01078
22	0.01815	0.01491	0.01703	0.01238	0.01900	0.01259	0.00999	0.13754	0.01941	0.02898	0.01435	0.01619	0.01154	0.00626	0.00598	0.00134	0.00612	0.00492	0.00506	0.63825
23	0.01084	0.00813	0.01219	0.01219	0.01354	0.00948	0.00948	0.01354	0.01219	0.01761	0.02032	0.02980	0.01896	0.05689	0.70337	0.01219	0.02032	0.00813	0.00406	0.00677
24	0.01525	0.01232	0.01405	0.01375	0.01683	0.01334	0.01110	0.05420	0.30199	0.02727	0.04011	0.08954	0.11856	0.01572	0.00891	0.00289	0.00607	0.22146	0.00734	0.00930
25	0.01317	0.00867	0.01099	0.01183	0.04015	0.00852	0.00752	0.05372	0.01493	0.05956	0.03070	0.33246	0.03453	0.28574	0.02085	0.03325	0.00615	0.01469	0.00603	0.00655
26	0.01633	0.02283	0.18401	0.10811	0.03670	0.01815	0.36276	0.02250	0.01654	0.02297	0.01576	0.05668	0.01286	0.00812	0.00956	0.00260	0.06140	0.00845	0.00377	0.00989

[dist]
# distance from previous block
# <min> <max>
0	1

[block]
# block no. 2 follows, 26 sequences, length 15
# corresponding to MSA columns:
# 159-173
name=unknown_C
#
# <colnr> <probs for GDERKNQSTAVLIFYWHMCP>
#	G	D	E	R	K	N	Q	S	T	A	V	L	I	F	Y	W	H	M	C	P
0	0.78701	0.01467	0.01115	0.00997	0.01467	0.01702	0.00821	0.02230	0.01291	0.03403	0.01056	0.01232	0.00821	0.00704	0.00469	0.00235	0.00587	0.00411	0.00469	0.00821
1	0.01749	0.02428	0.20919	0.02999	0.15989	0.01859	0.28391	0.04792	0.01736	0.02454	0.01473	0.01958	0.01158	0.03068	0.01012	0.00265	0.05559	0.00749	0.00379	0.01063
2	0.01557	0.07150	0.63532	0.02165	0.03249	0.01827	0.05434	0.02397	0.01607	0.02374	0.01354	0.01602	0.00970	0.00714	0.00717	0.00237	0.01113	0.00568	0.00323	0.01110
3	0.01143	0.00863	0.01137	0.01167	0.04284	0.00822	0.00825	0.01580	0.05379	0.02914	0.54874	0.08992	0.08171	0.01554	0.00890	0.00246	0.00410	0.03198	0.00796	0.00755
4	0.74036	0.01615	0.05243	0.01068	0.01577	0.01705	0.00941	0.02240	0.01310	0.03343	0.01075	0.01254	0.00830	0.00705	0.00485	0.00235	0.00619	0.00420	0.00460	0.00840
5	0.01696	0.01396	0.01628	0.03943	0.01921	0.01186	0.00979	0.10083	0.01787	0.02662	0.01497	0.01910	0.01279	0.06790	0.00875	0.00186	0.00629	0.00544	0.00486	0.58525
6	0.01084	0.00920	0.00979	0.01109	0.01200	0.06531	0.00758	0.01226	0.01534	0.01939	0.04214	0.61373	0.09897	0.02203	0.00938	0.00294	0.00514	0.01969	0.00678	0.00640
7	0.01098	0.00782	0.01013	0.01138	0.01268	0.00754	0.00871	0.02926	0.01657	0.02212	0.06634	0.38684	0.10004	0.02103	0.00957	0.00306	0.00521	0.21784	0.04618	0.00670
8	0.01003	0.00744	0.00959	0.01058	0.01184	0.00671	0.00743	0.01181	0.01535	0.02068	0.07636	0.55305	0.08727	0.02133	0.00930	0.00287	0.00457	0.05497	0.00689	0.07192
9	0.01764	0.34373	0.34405	0.01870	0.06050	0.02277	0.02038	0.02320	0.01580	0.02138	0.01229	0.01446	0.00986	0.00680	0.00613	0.00200	0.00950	0.00494	0.00330	0.04256
10	0.01402	0.01125	0.01265	0.01154	0.01405	0.03594	0.00887	0.06817	0.05284	0.04772	0.24153	0.12781	0.20927	0.01569	0.01000	0.00254	0.06552	0.01302	0.00710	0.03047
11	0.01705	0.01463	0.01717	0.01379	0.04082	0.01306	0.01057	0.05643	0.11953	0.02674	0.01632	0.01797	0.01316	0.00692	0.00700	0.00155	0.03873	0.00543	0.00508	0.55804
12	0.01397	0.06623	0.07118	0.01163	0.01485	0.01033	0.00984	0.03601	0.01824	0.08369	0.21808	0.25982	0.10228	0.01605	0.00847	0.00252	0.00532	0.01398	0.00695	0.03057
13	0.05342	0.03401	0.03492	0.01148	0.01436	0.03991	0.00892	0.05234	0.09332	0.02615	0.23238	0.10430	0.06383	0.13624	0.01319	0.00320	0.00588	0.01116	0.00650	0.05448
14	0.06822	0.04393	0.01912	0.10505	0.05816	0.05171	0.01303	0.15483	0.08861	0.14089	0.06676	0.02768	0.08339	0.00994	0.00744	0.00231	0.00733	0.00801	0.00651	0.03708

[dist]
# distance from previous block
# <min> <max>
6	25

[block]
# block no. 3 follows, 26 sequences, length 7
# corresponding to MSA columns:
# 200-206
name=unknown_D
#
# <colnr> <probs for GDERKNQSTAVLIFYWHMCP>
#	G	D	E	R	K	N	Q	S	T	A	V	L	I	F	Y	W	H	M	C	P
0	0.12626	0.02212	0.13061	0.24888	0.12478	0.13651	0.01873	0.02253	0.01650	0.02287	0.01638	0.01998	0.04705	0.00801	0.00705	0.00235	0.00982	0.00637	0.00388	0.00930
1	0.01596	0.12411	0.22557	0.02003	0.02720	0.01744	0.17897	0.02123	0.01599	0.02248	0.01710	0.10881	0.01560	0.00907	0.00814	0.00228	0.03856	0.00818	0.00405	0.11925
2	0.01688	0.01723	0.14640	0.01565	0.05380	0.04425	0.01353	0.02210	0.07263	0.11532	0.14575	0.07487	0.05894	0.01681	0.07488	0.05535	0.00832	0.00941	0.00599	0.03188
3	0.08968	0.01405	0.01322	0.01158	0.01544	0.07805	0.00905	0.08902	0.07814	0.08236	0.08723	0.04366	0.29213	0.01330	0.00781	0.00235	0.00595	0.01071	0.00679	0.04949
4	0.06777	0.26755	0.05918	0.11679	0.08733	0.10941	0.01565	0.02299	0.01613	0.05167	0.01399	0.05040	0.01233	0.00848	0.00795	0.00219	0.07065	0.00612	0.00396	0.00947
5	0.01342	0.07872	0.01539	0.06106	0.06085	0.01207	0.01003	0.06068	0.04323	0.02318	0.10412	0.13215	0.21817	0.08704	0.01137	0.00301	0.00598	0.04558	0.00616	0.00780
6	0.28922	0.10753	0.13341	0.05034	0.02053	0.01741	0.01313	0.07645	0.01656	0.07253	0.01524	0.01831	0.01196	0.04756	0.00767	0.00249	0.00740	0.00562	0.07733	0.00933

[dist]
# distance from previous block
# <min> <max>
4	9

[block]
# block no. 4 follows, 26 sequences, length 20
# corresponding to MSA columns:
# 216-235
name=unknown_E
#
# <colnr> <probs for GDERKNQSTAVLIFYWHMCP>
#	G	D	E	R	K	N	Q	S	T	A	V	L	I	F	Y	W	H	M	C	P
0	0.01748	0.05963	0.01492	0.04435	0.01656	0.08457	0.00968	0.05742	0.01767	0.12729	0.03292	0.31461	0.07717	0.07692	0.01092	0.00300	0.00667	0.01358	0.00649	0.00814
1	0.02803	0.12177	0.02162	0.01458	0.01998	0.07503	0.01217	0.15336	0.04318	0.33202	0.03922	0.02243	0.01704	0.01193	0.05065	0.00282	0.00845	0.00693	0.00727	0.01154
2	0.09798	0.07458	0.01659	0.05111	0.01815	0.01515	0.01051	0.09389	0.16159	0.06629	0.21164	0.05612	0.07276	0.01173	0.00761	0.00238	0.00581	0.00968	0.00697	0.00947
3	0.01413	0.00803	0.01080	0.01056	0.01131	0.00818	0.00734	0.07312	0.01341	0.01830	0.01870	0.13140	0.01919	0.02332	0.02311	0.54214	0.00625	0.00894	0.04690	0.00487
4	0.01764	0.05508	0.09132	0.01724	0.06134	0.01679	0.01415	0.10973	0.26545	0.02898	0.02913	0.10130	0.04577	0.01249	0.00811	0.00263	0.00708	0.09878	0.00654	0.01046
5	0.08519	0.55184	0.03640	0.01663	0.07075	0.02709	0.05500	0.04457	0.01619	0.02118	0.01140	0.01342	0.01000	0.00664	0.00541	0.00181	0.00830	0.00467	0.00359	0.00992
6	0.02658	0.05785	0.02266	0.01662	0.02259	0.02255	0.01376	0.52624	0.09465	0.04320	0.01872	0.01871	0.01361	0.00886	0.00733	0.00220	0.00793	0.00670	0.00717	0.06207
7	0.01528	0.01031	0.01194	0.01068	0.01317	0.01050	0.00805	0.04833	0.08936	0.07529	0.12720	0.04027	0.12713	0.12393	0.01406	0.02852	0.04837	0.01002	0.13929	0.04832
8	0.00941	0.00667	0.00875	0.01034	0.01074	0.00628	0.00681	0.01061	0.01419	0.01891	0.04008	0.66309	0.04799	0.09212	0.01247	0.00349	0.00469	0.02055	0.00681	0.00601
9	0.01141	0.00819	0.01033	0.01131	0.01235	0.00806	0.00794	0.07355	0.01655	0.02206	0.03846	0.58301	0.04494	0.06074	0.01110	0.00326	0.00510	0.05789	0.00696	0.00678
10	0.02132	0.20029	0.03090	0.03212	0.37073	0.17647	0.01877	0.02473	0.01777	0.02165	0.01277	0.01598	0.01094	0.00693	0.00670	0.00203	0.00985	0.00566	0.00366	0.01072
11	0.01583	0.03557	0.57964	0.02592	0.14558	0.01769	0.02721	0.02389	0.01623	0.02415	0.01373	0.01649	0.01002	0.00713	0.00726	0.00238	0.01083	0.00580	0.00330	0.01135
12	0.02295	0.05865	0.02305	0.02168	0.09949	0.34581	0.01552	0.05025	0.01838	0.02093	0.01255	0.01603	0.01079	0.00916	0.01146	0.00233	0.19559	0.00573	0.05049	0.00915
13	0.01471	0.09367	0.08098	0.01309	0.01653	0.09311	0.01101	0.05193	0.01709	0.02156	0.03252	0.35255	0.09367	0.01607	0.00816	0.00251	0.00679	0.01378	0.00577	0.05450
14	0.01590	0.01608	0.15528	0.01306	0.01692	0.01155	0.01188	0.05922	0.05377	0.09605	0.07812	0.08067	0.02718	0.28931	0.01979	0.00438	0.00755	0.02935	0.00573	0.00822
15	0.01818	0.01710	0.07762	0.05336	0.02241	0.01469	0.03572	0.17670	0.05640	0.02994	0.03882	0.09914	0.01829	0.00934	0.00714	0.00198	0.00710	0.00787	0.00563	0.30257
16	0.05110	0.11873	0.23484	0.02069	0.07994	0.06147	0.05350	0.15218	0.06161	0.04861	0.03635	0.01846	0.01358	0.00796	0.00708	0.00225	0.00938	0.00632	0.00489	0.01108
17	0.01735	0.03951	0.01727	0.05751	0.05561	0.07618	0.01164	0.12912	0.03779	0.02675	0.12688	0.10296	0.02854	0.08934	0.01173	0.00286	0.03265	0.03940	0.00588	0.09102
18	0.12244	0.01784	0.11047	0.22003	0.05987	0.03970	0.01690	0.05929	0.03684	0.02468	0.04066	0.02410	0.01548	0.01432	0.08369	0.00358	0.05592	0.04077	0.00441	0.00902
19	0.01997	0.01903	0.05833	0.14312	0.20652	0.01917	0.11186	0.18372	0.02118	0.02922	0.01495	0.01866	0.01157	0.00777	0.00865	0.00235	0.05177	0.00689	0.00467	0.06060

[dist]
# distance from previous block
# <min> <max>
12	95

[block]
# block no. 5 follows, 26 sequences, length 17
# corresponding to MSA columns:
# 345-361
name=unknown_F
#
# <colnr> <probs for GDERKNQSTAVLIFYWHMCP>
#	G	D	E	R	K	N	Q	S	T	A	V	L	I	F	Y	W	H	M	C	P
0	0.07936	0.01894	0.02269	0.08281	0.29025	0.12167	0.01689	0.08741	0.04476	0.02595	0.02090	0.02369	0.07664	0.01111	0.04245	0.00278	0.00946	0.00730	0.00470	0.01023
1	0.23568	0.07284	0.10074	0.21894	0.06506	0.03911	0.06700	0.02156	0.01539	0.02510	0.04382	0.01854	0.01276	0.00876	0.02382	0.00259	0.00909	0.00613	0.00404	0.00903
2	0.13697	0.06126	0.01862	0.01485	0.01913	0.20715	0.01176	0.19529	0.04851	0.03040	0.09206	0.02350	0.05303	0.01038	0.00805	0.03832	0.00850	0.00703	0.00576	0.00943
3	0.01990	0.01597	0.01799	0.01701	0.07153	0.01741	0.01235	0.23988	0.25303	0.03382	0.03292	0.09463	0.11609	0.01213	0.00802	0.00249	0.00657	0.01010	0.00720	0.01097
4	0.09213	0.13457	0.09439	0.01497	0.02090	0.02041	0.01363	0.23282	0.14082	0.03324	0.02009	0.02048	0.03540	0.00865	0.00670	0.00217	0.00743	0.00652	0.04671	0.04798
5	0.05353	0.01035	0.01207	0.01146	0.01367	0.01088	0.00855	0.10080	0.06771	0.04497	0.11707	0.19924	0.03433	0.11007	0.08699	0.00421	0.00716	0.03163	0.06743	0.00788
6	0.02942	0.01464	0.01792	0.01394	0.01954	0.01403	0.01142	0.18395	0.05218	0.42433	0.02869	0.02616	0.05184	0.00968	0.00753	0.00228	0.00663	0.00775	0.03004	0.04801
7	0.07820	0.03212	0.48173	0.02420	0.13489	0.01773	0.02446	0.02500	0.06570	0.02553	0.01478	0.01709	0.01091	0.00736	0.00709	0.00239	0.01003	0.00589	0.00375	0.01116
8	0.02174	0.01745	0.01943	0.01532	0.02073	0.01843	0.01241	0.28027	0.17056	0.03503	0.01900	0.01960	0.01447	0.00864	0.00834	0.00208	0.06089	0.00650	0.00636	0.24276
9	0.02636	0.01957	0.02133	0.01674	0.02194	0.02179	0.01364	0.56526	0.03224	0.04332	0.01936	0.05674	0.01545	0.04659	0.01004	0.00262	0.04008	0.00780	0.00722	0.01192
10	0.05547	0.01385	0.02170	0.33845	0.15530	0.01555	0.05111	0.04135	0.03559	0.02452	0.04960	0.02275	0.01537	0.00805	0.00723	0.00234	0.00837	0.00718	0.11708	0.00915
11	0.07870	0.04794	0.02698	0.23018	0.39932	0.04504	0.02068	0.02235	0.01642	0.02344	0.01349	0.01819	0.01099	0.00704	0.00717	0.00230	0.00922	0.00635	0.00370	0.01048
12	0.54435	0.01689	0.01460	0.01350	0.04886	0.05419	0.01030	0.13714	0.01783	0.03473	0.01466	0.01604	0.03464	0.00790	0.00562	0.00232	0.00680	0.00521	0.00522	0.00920
13	0.09314	0.01438	0.02256	0.51051	0.12022	0.01751	0.01967	0.02004	0.01490	0.02141	0.01300	0.01897	0.01013	0.00788	0.00865	0.00254	0.06565	0.00647	0.00355	0.00882
14	0.01511	0.01475	0.02268	0.67642	0.05064	0.05510	0.02071	0.01999	0.01552	0.01933	0.01338	0.01986	0.01009	0.00760	0.00754	0.00250	0.01031	0.00664	0.00340	0.00845
15	0.01060	0.00846	0.01279	0.13836	0.01955	0.00866	0.03436	0.01296	0.01529	0.02039	0.08421	0.52292	0.04309	0.01956	0.00922	0.00291	0.00569	0.01782	0.00636	0.00680
16	0.04183	0.00864	0.01090	0.01091	0.01299	0.00826	0.00841	0.01653	0.04178	0.08004	0.28520	0.20432	0.10216	0.01751	0.00905	0.00274	0.00476	0.11879	0.00766	0.00753

[dist]
# distance from previous block
# <min> <max>
3	4

[block]
# block no. 6 follows, 26 sequences, length 6
# corresponding to MSA columns:
# 366-371
name=unknown_G
#
# <colnr> <probs for GDERKNQSTAVLIFYWHMCP>
#	G	D	E	R	K	N	Q	S	T	A	V	L	I	F	Y	W	H	M	C	P
0	0.23471	0.08102	0.07386	0.01533	0.05210	0.09253	0.01259	0.13806	0.03899	0.03081	0.05334	0.04656	0.01630	0.00884	0.00639	0.00222	0.00757	0.00655	0.07267	0.00956
1	0.08156	0.07908	0.07953	0.24654	0.03034	0.05210	0.01554	0.07330	0.05967	0.02492	0.01764	0.02089	0.03629	0.00963	0.02901	0.00252	0.00877	0.00644	0.05341	0.07284
2	0.08605	0.23977	0.17535	0.09941	0.02574	0.10065	0.01653	0.02388	0.05906	0.02290	0.07055	0.01904	0.01579	0.00800	0.00647	0.00213	0.00897	0.00595	0.00418	0.00959
3	0.04376	0.01812	0.07367	0.01373	0.01718	0.16689	0.01136	0.04682	0.04072	0.05703	0.12350	0.15408	0.10738	0.04759	0.00960	0.00272	0.00756	0.04392	0.00615	0.00823
4	0.03965	0.01078	0.01332	0.01459	0.07058	0.01113	0.00970	0.07427	0.11432	0.02595	0.12124	0.33670	0.05905	0.05034	0.01008	0.00293	0.00543	0.01480	0.00689	0.00825
5	0.06187	0.08218	0.24007	0.01926	0.09895	0.01679	0.01754	0.11129	0.01973	0.08469	0.07339	0.02685	0.09643	0.00960	0.00734	0.00231	0.00814	0.00773	0.00534	0.01051

[dist]
# distance from previous block
# <min> <max>
2	7

[block]
# block no. 7 follows, 26 sequences, length 8
# corresponding to MSA columns:
# 379-386
name=unknown_H
#
# <colnr> <probs for GDERKNQSTAVLIFYWHMCP>
#	G	D	E	R	K	N	Q	S	T	A	V	L	I	F	Y	W	H	M	C	P
0	0.02538	0.02289	0.07872	0.09523	0.02723	0.08223	0.01616	0.43953	0.07227	0.03900	0.01756	0.01851	0.01271	0.00874	0.00750	0.00231	0.00910	0.00666	0.00643	0.01184
1	0.05501	0.36047	0.17075	0.01786	0.02493	0.14191	0.08774	0.02445	0.01675	0.02069	0.01191	0.01415	0.00984	0.00688	0.00613	0.00198	0.01013	0.00506	0.00348	0.00986
2	0.02237	0.13059	0.08396	0.02634	0.16724	0.20572	0.12618	0.10316	0.02039	0.02476	0.01365	0.01643	0.01091	0.00727	0.00717	0.00215	0.01087	0.00614	0.00416	0.01055
3	0.01828	0.07813	0.21229	0.10020	0.03284	0.11836	0.19378	0.02364	0.01661	0.02160	0.01310	0.01715	0.01026	0.00785	0.00980	0.00246	0.10379	0.00656	0.00351	0.00980
4	0.01769	0.01417	0.01517	0.09069	0.01951	0.07479	0.01115	0.11383	0.09120	0.02711	0.02221	0.10217	0.01938	0.01167	0.00956	0.03825	0.06656	0.00854	0.23777	0.00859
5	0.01660	0.04763	0.01630	0.01399	0.01582	0.09101	0.01080	0.03637	0.07038	0.04670	0.02258	0.15420	0.02244	0.09832	0.06546	0.00387	0.16797	0.00992	0.08166	0.00798
6	0.01721	0.06328	0.16780	0.04935	0.05613	0.01441	0.10872	0.02198	0.01703	0.09726	0.04173	0.06428	0.07514	0.00920	0.00742	0.00216	0.00819	0.00816	0.00498	0.16557
7	0.01613	0.15717	0.01814	0.04294	0.01700	0.07489	0.01018	0.03776	0.01821	0.06563	0.11864	0.07516	0.20198	0.01511	0.03422	0.00269	0.00703	0.05138	0.00599	0.02976

[dist]
# distance from previous block
# <min> <max>
41	96

[block]
# block no. 8 follows, 26 sequences, length 6
# corresponding to MSA columns:
# 488-493
name=unknown_I
#
# <colnr> <probs for GDERKNQSTAVLIFYWHMCP>
#	G	D	E	R	K	N	Q	S	T	A	V	L	I	F	Y	W	H	M	C	P
0	0.06227	0.33099	0.20062	0.01607	0.02313	0.09866	0.01665	0.07005	0.01771	0.05140	0.01322	0.01503	0.01060	0.00911	0.03305	0.00239	0.00982	0.00506	0.00399	0.01017
1	0.15876	0.14266	0.12416	0.04207	0.05301	0.09269	0.01389	0.02111	0.01601	0.02382	0.04945	0.11462	0.01836	0.00963	0.00659	0.00216	0.00791	0.00756	0.00452	0.09101
2	0.06386	0.01195	0.07177	0.03476	0.01456	0.00997	0.00893	0.05058	0.01653	0.02652	0.02861	0.06467	0.10184	0.05297	0.00828	0.00236	0.00531	0.00859	0.35726	0.06066
3	0.01995	0.01620	0.01728	0.04827	0.01999	0.06268	0.01151	0.26104	0.05541	0.03089	0.02132	0.11684	0.01967	0.08578	0.06069	0.00343	0.00851	0.00890	0.00605	0.12562
4	0.08914	0.17704	0.10636	0.01498	0.02136	0.10226	0.01392	0.07011	0.01948	0.24764	0.01821	0.01799	0.01291	0.00788	0.00653	0.00208	0.00832	0.00575	0.00585	0.05219
5	0.01588	0.07532	0.06229	0.01357	0.05179	0.01250	0.01079	0.08492	0.01985	0.08331	0.22089	0.04233	0.15814	0.05984	0.05260	0.00324	0.00684	0.01063	0.00657	0.00869

[dist]
# distance from previous block
# <min> <max>
8	16

[block]
# block no. 9 follows, 26 sequences, length 85
# corresponding to MSA columns:
# 511-595
name=unknown_J
#
# <colnr> <probs for GDERKNQSTAVLIFYWHMCP>
#	G	D	E	R	K	N	Q	S	T	A	V	L	I	F	Y	W	H	M	C	P
0	0.02270	0.10190	0.02163	0.01775	0.08410	0.09805	0.03347	0.12831	0.13389	0.11150	0.02091	0.02162	0.01572	0.00852	0.00683	0.00214	0.00764	0.00678	0.14588	0.01066
1	0.10145	0.06814	0.04758	0.14425	0.16748	0.01658	0.03635	0.04692	0.07822	0.05465	0.02167	0.05342	0.05041	0.00937	0.00722	0.00238	0.00775	0.02791	0.04844	0.00981
2	0.01657	0.01166	0.01622	0.01601	0.06728	0.01145	0.05501	0.09885	0.04800	0.10578	0.07748	0.31078	0.08383	0.01616	0.00879	0.00270	0.00612	0.03138	0.00703	0.00890
3	0.01980	0.05781	0.02000	0.01625	0.07287	0.04162	0.01211	0.18172	0.04811	0.03032	0.04185	0.02102	0.01559	0.00786	0.00666	0.00176	0.00701	0.02946	0.00549	0.36268
4	0.02119	0.01585	0.01777	0.03513	0.04545	0.04051	0.01236	0.06943	0.36086	0.13522	0.05168	0.02878	0.02237	0.01007	0.00765	0.00240	0.00663	0.03535	0.00730	0.07401
5	0.02596	0.01946	0.02108	0.01622	0.02212	0.02088	0.01330	0.52573	0.05554	0.04343	0.04709	0.01993	0.01562	0.00897	0.00739	0.00214	0.00769	0.00689	0.00722	0.11334
6	0.04492	0.01515	0.01608	0.01444	0.01817	0.06484	0.01159	0.07725	0.23461	0.12462	0.08599	0.03939	0.06492	0.01259	0.00886	0.00263	0.03572	0.11080	0.00729	0.01015
7	0.01937	0.05719	0.37070	0.02231	0.03116	0.06524	0.16737	0.02657	0.03738	0.10640	0.01630	0.01830	0.01160	0.00740	0.00756	0.00238	0.01088	0.00660	0.00430	0.01100
8	0.00962	0.00689	0.00918	0.01057	0.01129	0.00645	0.00732	0.01141	0.01575	0.02125	0.14158	0.59132	0.05318	0.02233	0.00961	0.00299	0.00440	0.05124	0.00724	0.00636
9	0.02883	0.02125	0.02276	0.01745	0.02352	0.02352	0.01442	0.66082	0.03566	0.04780	0.01821	0.01821	0.01290	0.00911	0.00759	0.00228	0.00835	0.00683	0.00759	0.01290
10	0.01414	0.00707	0.00707	0.00707	0.00884	0.00707	0.00530	0.01767	0.01591	0.02828	0.02474	0.02828	0.01944	0.00884	0.00530	0.00177	0.00353	0.00707	0.77554	0.00707
11	0.01054	0.00775	0.00986	0.00933	0.01121	0.00707	0.00700	0.01393	0.02100	0.02930	0.61420	0.05849	0.14018	0.01592	0.00895	0.00241	0.00361	0.01397	0.00820	0.00707
12	0.00896	0.00768	0.00768	0.00768	0.01025	0.00640	0.00576	0.01089	0.01729	0.02049	0.07684	0.07300	0.68304	0.01921	0.00896	0.00256	0.00384	0.01601	0.00704	0.00640
13	0.01414	0.00707	0.00707	0.00707	0.00884	0.00707	0.00530	0.01767	0.01591	0.02828	0.02474	0.02828	0.01944	0.00884	0.00530	0.00177	0.00353	0.00707	0.77554	0.00707
14	0.01307	0.00663	0.00980	0.00980	0.00980	0.00663	0.00649	0.00994	0.00994	0.01325	0.01372	0.02440	0.01390	0.06196	0.03010	0.74043	0.00663	0.00681	0.00336	0.00336
15	0.01835	0.01584	0.01666	0.01503	0.01923	0.01822	0.01168	0.03877	0.63819	0.03114	0.03327	0.03063	0.05762	0.01076	0.00778	0.00257	0.00589	0.00896	0.00768	0.01171
16	0.05167	0.33759	0.35783	0.01724	0.02594	0.02314	0.02018	0.04744	0.01636	0.02271	0.01234	0.01428	0.00973	0.00696	0.00611	0.00206	0.00954	0.00492	0.00345	0.01051
17	0.01100	0.00748	0.00892	0.00892	0.00915	0.00771	0.00541	0.01145	0.01122	0.01519	0.02331	0.04635	0.02615	0.62123	0.14886	0.00816	0.00950	0.01055	0.00451	0.00496
18	0.02883	0.02125	0.02276	0.01745	0.02352	0.02352	0.01442	0.66082	0.03566	0.04780	0.01821	0.01821	0.01290	0.00911	0.00759	0.00228	0.00835	0.00683	0.00759	0.01290
19	0.02767	0.02020	0.02184	0.01681	0.02283	0.02198	0.01383	0.56601	0.06595	0.06835	0.01896	0.01883	0.01352	0.00895	0.00747	0.00222	0.00799	0.00679	0.00746	0.06234
20	0.02068	0.01683	0.01792	0.01540	0.01995	0.01904	0.01217	0.19701	0.45363	0.03546	0.06617	0.02859	0.04179	0.01054	0.00779	0.00249	0.00640	0.00863	0.00770	0.01180
21	0.01432	0.01348	0.02275	0.71520	0.05224	0.01685	0.02107	0.01938	0.01517	0.01938	0.01348	0.02022	0.01011	0.00758	0.00758	0.00253	0.01011	0.00674	0.00337	0.00843
22	0.78701	0.01467	0.01115	0.00997	0.01467	0.01702	0.00821	0.02230	0.01291	0.03403	0.01056	0.01232	0.00821	0.00704	0.00469	0.00235	0.00587	0.00411	0.00469	0.00821
23	0.01000	0.00768	0.00916	0.00888	0.01091	0.00683	0.00662	0.01286	0.01961	0.02621	0.42717	0.08982	0.30229	0.01724	0.00898	0.00248	0.00371	0.01490	0.00780	0.00683
24	0.00924	0.00660	0.00880	0.01056	0.01100	0.00616	0.00704	0.01056	0.01452	0.01936	0.04181	0.72848	0.05017	0.02376	0.00968	0.00308	0.00440	0.02156	0.00704	0.00616
25	0.01628	0.01534	0.06534	0.01207	0.01911	0.01069	0.01045	0.02004	0.01594	0.04622	0.01402	0.01608	0.01136	0.00586	0.00580	0.00126	0.00605	0.00468	0.00456	0.69887
26	0.01414	0.00707	0.00707	0.00707	0.00884	0.00707	0.00530	0.01767	0.01591	0.02828	0.02474	0.02828	0.01944	0.00884	0.00530	0.00177	0.00353	0.00707	0.77554	0.00707
27	0.78701	0.01467	0.01115	0.00997	0.01467	0.01702	0.00821	0.02230	0.01291	0.03403	0.01056	0.01232	0.00821	0.00704	0.00469	0.00235	0.00587	0.00411	0.00469	0.00821
28	0.01659	0.01659	0.02323	0.01991	0.01991	0.02323	0.01659	0.01825	0.01162	0.01825	0.00996	0.01659	0.00996	0.01328	0.02489	0.00332	0.71955	0.00664	0.00332	0.00830
29	0.01491	0.01379	0.02275	0.68719	0.05109	0.01712	0.02080	0.04513	0.01599	0.02052	0.01367	0.02014	0.01022	0.00764	0.00758	0.00252	0.01004	0.00674	0.00354	0.00861
30	0.01103	0.00735	0.00827	0.00827	0.00827	0.00735	0.00460	0.01103	0.01103	0.01471	0.02390	0.04964	0.02758	0.73343	0.03861	0.00735	0.00735	0.01103	0.00460	0.00460
31	0.01414	0.00707	0.00707	0.00707	0.00884	0.00707	0.00530	0.01767	0.01591	0.02828	0.02474	0.02828	0.01944	0.00884	0.00530	0.00177	0.00353	0.00707	0.77554	0.00707
32	0.01134	0.00840	0.01122	0.01098	0.01162	0.00952	0.00779	0.01275	0.01162	0.01634	0.02118	0.03782	0.02221	0.36005	0.35280	0.00935	0.06552	0.00933	0.00425	0.00590
33	0.02670	0.02005	0.02160	0.01664	0.02265	0.02174	0.01366	0.54647	0.08002	0.04415	0.01863	0.01868	0.01347	0.00882	0.00739	0.00217	0.00788	0.00671	0.00726	0.09533
34	0.01414	0.00707	0.00707	0.00707	0.00884	0.00707	0.00530	0.01767	0.01591	0.02828	0.02474	0.02828	0.01944	0.00884	0.00530	0.00177	0.00353	0.00707	0.77554	0.00707
35	0.00896	0.00768	0.00768	0.00768	0.01025	0.00640	0.00576	0.01089	0.01729	0.02049	0.07684	0.07300	0.68304	0.01921	0.00896	0.00256	0.00384	0.01601	0.00704	0.00640
36	0.01759	0.02087	0.07141	0.07007	0.04006	0.01898	0.59552	0.02401	0.01767	0.02401	0.01517	0.02026	0.01135	0.00650	0.00880	0.00255	0.01257	0.00868	0.00378	0.01017
37	0.07929	0.05045	0.04808	0.02228	0.12381	0.25141	0.04356	0.10903	0.14768	0.02729	0.01674	0.01809	0.01306	0.00811	0.00708	0.00222	0.00991	0.00625	0.00509	0.01057
38	0.01318	0.00659	0.00988	0.00988	0.00988	0.00659	0.00659	0.00988	0.00988	0.01318	0.01318	0.02306	0.01318	0.02635	0.02964	0.77931	0.00659	0.00659	0.00329	0.00329
39	0.02897	0.01232	0.01637	0.01291	0.01795	0.01103	0.01052	0.06752	0.02245	0.51976	0.16278	0.03170	0.02925	0.01062	0.00790	0.00235	0.00597	0.00883	0.00907	0.01173
40	0.05546	0.54575	0.03409	0.01390	0.01987	0.13184	0.01290	0.02490	0.01670	0.06784	0.01214	0.01340	0.01033	0.00693	0.00537	0.00176	0.00875	0.00445	0.00386	0.00976
41	0.01656	0.01539	0.02182	0.12798	0.04881	0.02036	0.01633	0.05196	0.01397	0.02092	0.01257	0.01868	0.01124	0.01325	0.04485	0.00332	0.46669	0.00676	0.05999	0.00855
42	0.01225	0.00925	0.01347	0.05103	0.06564	0.00934	0.01251	0.01549	0.01678	0.02206	0.03723	0.19742	0.04087	0.01977	0.00997	0.00328	0.00681	0.44299	0.00658	0.00727
43	0.05632	0.01318	0.01693	0.05528	0.06805	0.01300	0.01173	0.08739	0.07840	0.29138	0.13212	0.03316	0.08801	0.01092	0.00783	0.00239	0.00627	0.00911	0.00773	0.01080
44	0.02941	0.02032	0.02219	0.01701	0.02306	0.02214	0.01405	0.59133	0.03411	0.11949	0.01952	0.01906	0.01355	0.00914	0.00759	0.00228	0.00814	0.00692	0.00779	0.01290
45	0.02045	0.02051	0.12641	0.19109	0.09367	0.05653	0.01835	0.18233	0.02188	0.07742	0.03991	0.02609	0.01657	0.00945	0.00779	0.00246	0.00918	0.06403	0.00540	0.01050
46	0.15813	0.01477	0.02140	0.46411	0.10460	0.01753	0.01838	0.07208	0.01661	0.02490	0.01340	0.01847	0.01017	0.00753	0.00704	0.00245	0.00908	0.00626	0.00399	0.00910
47	0.01873	0.01805	0.03075	0.04404	0.61476	0.01813	0.05583	0.02429	0.05426	0.02515	0.01526	0.01940	0.01262	0.00694	0.00760	0.00229	0.00904	0.00698	0.00398	0.01192
48	0.01687	0.01447	0.05446	0.01746	0.12041	0.04170	0.01210	0.02334	0.13283	0.10750	0.14749	0.04163	0.19034	0.03465	0.00907	0.00257	0.00626	0.01062	0.00673	0.00951
49	0.02621	0.01947	0.02106	0.01642	0.02227	0.02113	0.01342	0.48338	0.13264	0.06391	0.02012	0.01980	0.01453	0.00897	0.00742	0.00222	0.00766	0.00691	0.00737	0.08508
50	0.02004	0.01714	0.01729	0.03683	0.02057	0.06793	0.01218	0.03792	0.54633	0.06472	0.02866	0.02685	0.02141	0.00993	0.00756	0.00248	0.00662	0.00814	0.03587	0.01153
51	0.01414	0.00707	0.00707	0.00707	0.00884	0.00707	0.00530	0.01767	0.01591	0.02828	0.02474	0.02828	0.01944	0.00884	0.00530	0.00177	0.00353	0.00707	0.77554	0.00707
52	0.01573	0.01348	0.01573	0.01123	0.01798	0.01011	0.00899	0.01910	0.01573	0.02472	0.01348	0.01573	0.01123	0.00562	0.00562	0.00112	0.00562	0.00449	0.00449	0.77980
53	0.00924	0.00660	0.00880	0.01056	0.01100	0.00616	0.00704	0.01056	0.01452	0.01936	0.04181	0.72848	0.05017	0.02376	0.00968	0.00308	0.00440	0.02156	0.00704	0.00616
54	0.01414	0.00707	0.00707	0.00707	0.00884	0.00707	0.00530	0.01767	0.01591	0.02828	0.02474	0.02828	0.01944	0.00884	0.00530	0.00177	0.00353	0.00707	0.77554	0.00707
55	0.01877	0.01802	0.03079	0.04656	0.68612	0.01802	0.02328	0.02328	0.01727	0.02478	0.01427	0.01877	0.01201	0.00676	0.00751	0.00225	0.00901	0.00676	0.00375	0.01201
56	0.03116	0.01389	0.01774	0.01387	0.01937	0.01302	0.01130	0.10611	0.07775	0.53385	0.02843	0.02622	0.01887	0.04111	0.00899	0.00258	0.00667	0.00777	0.00884	0.01247
57	0.02620	0.02063	0.02029	0.01607	0.02152	0.10067	0.01302	0.44539	0.03012	0.07694	0.02432	0.02401	0.08658	0.00990	0.00755	0.00221	0.00823	0.00753	0.00703	0.05176
58	0.01088	0.00738	0.00823	0.00823	0.00842	0.00728	0.00468	0.01102	0.01149	0.01513	0.02777	0.05134	0.07545	0.68127	0.03644	0.00700	0.00710	0.01139	0.00477	0.00473
59	0.01300	0.03667	0.01218	0.01059	0.01320	0.00963	0.00830	0.01819	0.09525	0.06154	0.35255	0.05429	0.18216	0.01706	0.03699	0.00289	0.00515	0.05483	0.00760	0.00794
60	0.02583	0.01786	0.01986	0.06694	0.02339	0.04445	0.01353	0.32646	0.12884	0.15710	0.02304	0.02486	0.01701	0.00977	0.00766	0.00239	0.00774	0.03882	0.03268	0.01179
61	0.00908	0.00767	0.00772	0.00772	0.01013	0.00646	0.00570	0.01089	0.01693	0.02016	0.07381	0.07166	0.64554	0.06007	0.01066	0.00284	0.00404	0.01572	0.00690	0.00630
62	0.01790	0.01561	0.01861	0.09022	0.08350	0.01784	0.01398	0.03480	0.49720	0.02917	0.02825	0.03078	0.02229	0.01047	0.00789	0.00261	0.00677	0.05398	0.00686	0.01127
63	0.01852	0.01776	0.03033	0.08481	0.64985	0.01796	0.02315	0.02306	0.01715	0.02447	0.01422	0.01886	0.01191	0.00681	0.00751	0.00227	0.00907	0.00676	0.00373	0.01181
64	0.01053	0.00777	0.00978	0.00939	0.01125	0.00711	0.00707	0.01374	0.02033	0.02807	0.54132	0.06017	0.16444	0.03837	0.00992	0.00261	0.00387	0.03932	0.00798	0.00695
65	0.01657	0.22697	0.51831	0.01930	0.02924	0.02095	0.02398	0.02367	0.01585	0.02236	0.01279	0.01498	0.00964	0.00701	0.00658	0.00219	0.01038	0.00519	0.00321	0.01081
