[name]
unknown

[dist]
# distance from previous block
# <min> <max>
3	126

[block]
# block no. 0 follows, 29 sequences, length 29
# corresponding to MSA columns:
# 141-169
name=unknown_A
#
# <colnr> <probs for GDERKNQSTAVLIFYWHMCP>
#	G	D	E	R	K	N	Q	S	T	A	V	L	I	F	Y	W	H	M	C	P
0	0.05460	0.03919	0.22163	0.02209	0.06290	0.04660	0.23099	0.04725	0.03989	0.02346	0.01403	0.01780	0.01099	0.03391	0.00861	0.00235	0.03182	0.00646	0.00379	0.08165
1	0.01695	0.12408	0.15890	0.06434	0.05256	0.10310	0.06040	0.04276	0.03772	0.02104	0.03951	0.01918	0.01347	0.06299	0.01008	0.00241	0.06934	0.00607	0.00386	0.09124
2	0.08194	0.08762	0.25823	0.01939	0.04667	0.09196	0.11292	0.06181	0.04017	0.02338	0.01490	0.06702	0.01260	0.00820	0.00757	0.00224	0.04322	0.00671	0.00395	0.00948
3	0.04669	0.04086	0.18303	0.07250	0.05692	0.11552	0.07125	0.07188	0.01665	0.04958	0.01439	0.04474	0.01206	0.03626	0.00993	0.00243	0.09752	0.00646	0.00404	0.04728
4	0.01714	0.13234	0.24057	0.07061	0.12959	0.04108	0.09706	0.02208	0.01517	0.05407	0.01287	0.01609	0.01008	0.00739	0.00885	0.00225	0.10363	0.00584	0.00349	0.00980
5	0.01747	0.19241	0.23069	0.01852	0.02462	0.07417	0.09302	0.05210	0.01551	0.02083	0.01167	0.01471	0.00953	0.00775	0.00975	0.00220	0.15707	0.00545	0.00339	0.03915
6	0.04623	0.00883	0.01119	0.01204	0.03521	0.00924	0.00852	0.01521	0.08939	0.02071	0.06109	0.36497	0.05648	0.04133	0.09504	0.00384	0.03428	0.04973	0.00593	0.03074
7	0.04729	0.04450	0.13639	0.05080	0.26536	0.05922	0.14437	0.05137	0.01633	0.02304	0.01284	0.01662	0.01030	0.00715	0.00871	0.00227	0.08353	0.00628	0.00359	0.01005
8	0.01692	0.04162	0.06075	0.06191	0.54956	0.01682	0.06924	0.02128	0.01596	0.02259	0.01446	0.04998	0.01261	0.00707	0.00715	0.00217	0.00863	0.00698	0.00362	0.01069
9	0.00994	0.00734	0.00909	0.01008	0.01111	0.00707	0.00703	0.04111	0.03772	0.01984	0.04105	0.55968	0.11967	0.04756	0.00989	0.00295	0.00448	0.04158	0.00657	0.00625
10	0.01285	0.00784	0.01010	0.01035	0.01177	0.00751	0.00746	0.03609	0.01511	0.10480	0.06333	0.36376	0.05982	0.14544	0.04373	0.00382	0.00579	0.07732	0.00644	0.00667
11	0.02208	0.01691	0.02045	0.14982	0.08631	0.01885	0.01453	0.41494	0.04977	0.03577	0.01695	0.01872	0.01247	0.00810	0.00692	0.00214	0.00769	0.00647	0.08041	0.01071
12	0.02482	0.01847	0.01989	0.01572	0.02086	0.02043	0.01280	0.57268	0.09022	0.04148	0.01986	0.07427	0.01567	0.00971	0.00729	0.00222	0.00735	0.00763	0.00709	0.01155
13	0.01020	0.00752	0.01087	0.01087	0.01194	0.00859	0.00818	0.01234	0.01127	0.01610	0.01960	0.03090	0.01907	0.16279	0.61389	0.01073	0.01716	0.00806	0.00389	0.00604
14	0.00870	0.00635	0.00811	0.00949	0.01014	0.00585	0.00637	0.00997	0.01385	0.01815	0.04286	0.63215	0.13072	0.04864	0.01001	0.00298	0.00417	0.01921	0.00653	0.00576
15	0.76657	0.01350	0.01043	0.00935	0.01364	0.01558	0.00767	0.02061	0.01246	0.03180	0.03923	0.01333	0.01023	0.00695	0.00458	0.00220	0.00542	0.00424	0.00455	0.00767
16	0.00892	0.00648	0.00844	0.00971	0.01048	0.00600	0.00672	0.01053	0.01469	0.01956	0.11652	0.58475	0.10344	0.02098	0.00898	0.00279	0.00410	0.04421	0.00675	0.00594
17	0.02707	0.01995	0.02137	0.01638	0.02208	0.02208	0.01353	0.68159	0.03348	0.04488	0.01710	0.01710	0.01211	0.00855	0.00712	0.00214	0.00784	0.00641	0.00712	0.01211
18	0.01019	0.00683	0.00781	0.00798	0.00802	0.00679	0.00454	0.01031	0.01067	0.01423	0.02407	0.11444	0.02795	0.67909	0.03361	0.00651	0.00663	0.01132	0.00454	0.00446
19	0.06451	0.01750	0.01923	0.01506	0.02046	0.01889	0.01236	0.44136	0.10713	0.17883	0.02040	0.01940	0.01416	0.00864	0.00701	0.00219	0.00710	0.00663	0.00735	0.01180
20	0.00952	0.00720	0.00886	0.00907	0.01076	0.00653	0.00686	0.01207	0.01752	0.02329	0.33149	0.16891	0.25227	0.01741	0.00868	0.00251	0.00393	0.08967	0.00713	0.00634
21	0.01126	0.00768	0.00894	0.00898	0.00949	0.00777	0.00584	0.04041	0.01231	0.01634	0.02460	0.05060	0.02766	0.60264	0.03082	0.00613	0.00689	0.11182	0.00479	0.00501
22	0.00872	0.00627	0.00827	0.00978	0.01031	0.00583	0.00657	0.01005	0.01397	0.01860	0.06470	0.69513	0.07170	0.02187	0.00904	0.00285	0.00408	0.01978	0.00666	0.00583
23	0.24669	0.01291	0.01504	0.01190	0.01711	0.01250	0.00983	0.05833	0.01862	0.49217	0.02254	0.02039	0.01462	0.00819	0.00639	0.00220	0.00598	0.00620	0.00751	0.01088
24	0.01437	0.01140	0.01402	0.01290	0.01441	0.01316	0.00975	0.13427	0.06196	0.02270	0.02432	0.25128	0.02589	0.14221	0.06461	0.00403	0.15421	0.01157	0.00546	0.00749
25	0.01091	0.00688	0.00895	0.00989	0.01101	0.00626	0.00686	0.01235	0.01456	0.08551	0.04166	0.60306	0.11400	0.02054	0.00883	0.00277	0.00426	0.01842	0.00682	0.00642
26	0.01593	0.01262	0.01488	0.01069	0.01696	0.00956	0.00857	0.01907	0.01515	0.06978	0.01370	0.01541	0.01103	0.00551	0.00540	0.00113	0.00533	0.00442	0.00453	0.74033
27	0.02077	0.02202	0.05014	0.06548	0.31168	0.19514	0.01789	0.11623	0.05207	0.02455	0.01381	0.01665	0.01110	0.00742	0.00770	0.00213	0.04483	0.00595	0.00419	0.01026
28	0.02283	0.14081	0.02479	0.02089	0.11795	0.35155	0.04530	0.09695	0.04829	0.02187	0.01301	0.01512	0.01067	0.00866	0.02958	0.00222	0.01072	0.00533	0.00408	0.00937

[dist]
# distance from previous block
# <min> <max>
1	12

[block]
# block no. 1 follows, 29 sequences, length 55
# corresponding to MSA columns:
# 182-236
name=unknown_B
#
# <colnr> <probs for GDERKNQSTAVLIFYWHMCP>
#	G	D	E	R	K	N	Q	S	T	A	V	L	I	F	Y	W	H	M	C	P
0	0.01765	0.01725	0.06405	0.24667	0.28844	0.01749	0.05051	0.12827	0.05377	0.02548	0.01460	0.01835	0.01126	0.00712	0.00714	0.00223	0.00881	0.00648	0.00416	0.01026
1	0.01639	0.12888	0.40193	0.01736	0.02516	0.01801	0.01983	0.10256	0.07098	0.02467	0.01610	0.02053	0.01290	0.01015	0.04037	0.00265	0.00955	0.04772	0.00412	0.01013
2	0.00929	0.00709	0.00945	0.01060	0.01106	0.00724	0.00737	0.01058	0.01349	0.01812	0.03782	0.65276	0.06918	0.02125	0.01035	0.00289	0.07041	0.01877	0.00629	0.00597
3	0.02042	0.01661	0.02045	0.02094	0.15563	0.01845	0.01417	0.29204	0.16733	0.03245	0.02052	0.09260	0.01732	0.01005	0.00862	0.00235	0.06507	0.00813	0.00606	0.01078
4	0.01507	0.01097	0.01644	0.09920	0.06013	0.01136	0.06998	0.06349	0.01557	0.09853	0.02500	0.25393	0.02577	0.15105	0.01406	0.00337	0.04119	0.01176	0.00545	0.00769
5	0.06010	0.01441	0.02506	0.47082	0.15543	0.01634	0.11741	0.01965	0.01483	0.02052	0.01288	0.01836	0.00988	0.00679	0.00714	0.00232	0.00946	0.00650	0.00336	0.00872
6	0.01229	0.00712	0.00954	0.01034	0.01155	0.00651	0.00721	0.01376	0.01468	0.12558	0.03752	0.63323	0.04252	0.02021	0.00879	0.00278	0.00443	0.01821	0.00695	0.00677
7	0.01360	0.01016	0.05182	0.06180	0.01549	0.00901	0.00932	0.01560	0.01463	0.12089	0.05661	0.21511	0.15116	0.10178	0.03906	0.04346	0.04549	0.01218	0.00579	0.00705
8	0.01920	0.07380	0.12407	0.08629	0.06129	0.01699	0.23118	0.02600	0.09632	0.14813	0.01773	0.01965	0.01284	0.00734	0.00772	0.00228	0.02711	0.00702	0.00480	0.01023
9	0.02848	0.01289	0.01642	0.01311	0.01826	0.01223	0.01066	0.03547	0.18432	0.54428	0.02831	0.02480	0.01863	0.00902	0.00718	0.00225	0.00596	0.00738	0.00843	0.01191
10	0.01542	0.03523	0.66781	0.01980	0.03000	0.01614	0.02528	0.02334	0.01538	0.06704	0.01377	0.01563	0.00958	0.00690	0.00679	0.00225	0.01023	0.00538	0.00338	0.01063
11	0.01582	0.09258	0.56691	0.02000	0.02962	0.01728	0.07624	0.02313	0.01542	0.05916	0.01350	0.01557	0.00964	0.00676	0.00674	0.00220	0.01016	0.00550	0.00337	0.01042
12	0.01596	0.02512	0.26719	0.02675	0.03507	0.01751	0.46024	0.02272	0.01621	0.02272	0.01386	0.01781	0.01021	0.00626	0.00785	0.00235	0.01151	0.00735	0.00340	0.00991
13	0.00899	0.00644	0.00855	0.00970	0.01040	0.00599	0.00663	0.01071	0.01511	0.02052	0.18874	0.58894	0.05163	0.02056	0.00893	0.00274	0.00396	0.01858	0.00689	0.00599
14	0.01577	0.01479	0.04511	0.39531	0.23139	0.01594	0.01890	0.07335	0.01646	0.02263	0.01407	0.01891	0.01090	0.00710	0.00692	0.00222	0.00860	0.00633	0.06610	0.00920
15	0.01640	0.01964	0.07653	0.08536	0.03781	0.01775	0.59181	0.02243	0.01651	0.02243	0.01418	0.01896	0.01060	0.00613	0.00821	0.00239	0.01173	0.00807	0.00353	0.00952
16	0.01029	0.00741	0.01006	0.01150	0.01276	0.00718	0.00925	0.01280	0.01564	0.02052	0.07573	0.30595	0.07756	0.02022	0.00943	0.00305	0.00541	0.37233	0.00665	0.00627
17	0.01460	0.01340	0.02228	0.15635	0.40216	0.01399	0.01757	0.01823	0.01498	0.02085	0.01849	0.15190	0.01808	0.01349	0.06945	0.00311	0.00877	0.00900	0.00405	0.00925
18	0.02456	0.01786	0.01923	0.01504	0.01996	0.01969	0.01223	0.57466	0.03008	0.04072	0.01790	0.02014	0.01365	0.06495	0.02897	0.00272	0.00782	0.00675	0.05202	0.01105
19	0.01345	0.01266	0.02136	0.73264	0.04904	0.01582	0.01978	0.01819	0.01424	0.01819	0.01266	0.01898	0.00949	0.00712	0.00712	0.00237	0.00949	0.00633	0.00316	0.00791
20	0.01345	0.01266	0.02136	0.73264	0.04904	0.01582	0.01978	0.01819	0.01424	0.01819	0.01266	0.01898	0.00949	0.00712	0.00712	0.00237	0.00949	0.00633	0.00316	0.00791
21	0.01614	0.01569	0.02816	0.03486	0.44865	0.01535	0.15220	0.02057	0.01702	0.02410	0.13402	0.02417	0.02097	0.00771	0.00756	0.00219	0.00828	0.00790	0.00430	0.01014
22	0.01428	0.03683	0.71286	0.02030	0.03082	0.01654	0.02631	0.02255	0.01503	0.02255	0.01278	0.01503	0.00902	0.00677	0.00677	0.00226	0.01052	0.00526	0.00301	0.01052
23	0.01904	0.75404	0.03731	0.01218	0.01828	0.02818	0.01218	0.02132	0.01447	0.01675	0.00990	0.01142	0.00914	0.00609	0.00457	0.00152	0.00761	0.00381	0.00305	0.00914
24	0.02589	0.01826	0.02012	0.01567	0.02095	0.02004	0.01289	0.57399	0.03053	0.09073	0.01807	0.01860	0.01303	0.01263	0.07178	0.00298	0.00872	0.00658	0.00695	0.01159
25	0.01762	0.01692	0.02890	0.04371	0.70533	0.01692	0.02185	0.02185	0.01621	0.02326	0.01339	0.01762	0.01128	0.00634	0.00705	0.00211	0.00846	0.00634	0.00352	0.01128
26	0.03195	0.01212	0.01652	0.01267	0.01818	0.01047	0.01047	0.03470	0.02038	0.71026	0.02809	0.02424	0.01763	0.00881	0.00716	0.00220	0.00606	0.00716	0.00881	0.01212
27	0.02660	0.03394	0.02018	0.01834	0.02201	0.72116	0.01376	0.02843	0.02018	0.01743	0.01101	0.01284	0.00917	0.00734	0.00642	0.00183	0.01284	0.00459	0.00367	0.00825
28	0.03195	0.01212	0.01652	0.01267	0.01818	0.01047	0.01047	0.03470	0.02038	0.71026	0.02809	0.02424	0.01763	0.00881	0.00716	0.00220	0.00606	0.00716	0.00881	0.01212
29	0.01345	0.01266	0.02136	0.73264	0.04904	0.01582	0.01978	0.01819	0.01424	0.01819	0.01266	0.01898	0.00949	0.00712	0.00712	0.00237	0.00949	0.00633	0.00316	0.00791
30	0.01008	0.00728	0.00952	0.00896	0.01064	0.00672	0.00672	0.01344	0.02016	0.02855	0.70158	0.05319	0.06719	0.01456	0.00840	0.00224	0.00336	0.01288	0.00784	0.00672
31	0.01206	0.00772	0.01015	0.00929	0.01132	0.00706	0.00706	0.01536	0.02018	0.09025	0.64063	0.05057	0.06270	0.01404	0.00829	0.00224	0.00360	0.01236	0.00793	0.00721
32	0.01446	0.06404	0.68723	0.01999	0.03034	0.01698	0.02577	0.02250	0.01501	0.02233	0.01267	0.01490	0.00902	0.00674	0.00668	0.00223	0.01041	0.00521	0.00301	0.01047
33	0.00842	0.00721	0.00721	0.00721	0.00962	0.00601	0.00541	0.01022	0.01623	0.01924	0.07213	0.06853	0.70244	0.01803	0.00842	0.00240	0.00361	0.01503	0.00661	0.00601
34	0.01036	0.00690	0.00777	0.00777	0.00777	0.00690	0.00431	0.01036	0.01036	0.01381	0.02244	0.04660	0.02589	0.74975	0.03624	0.00690	0.00690	0.01036	0.00431	0.00431
35	0.03113	0.01230	0.01650	0.01277	0.01820	0.01088	0.01051	0.03488	0.05922	0.67095	0.02814	0.02437	0.01786	0.00886	0.00717	0.00222	0.00603	0.00721	0.00872	0.01207
36	0.08773	0.01905	0.02005	0.01566	0.02111	0.02122	0.01288	0.57372	0.08843	0.04255	0.01755	0.01747	0.01259	0.00849	0.00692	0.00217	0.00746	0.00635	0.00692	0.01169
37	0.01546	0.01541	0.02178	0.05995	0.02045	0.02146	0.01582	0.01720	0.01110	0.01720	0.00954	0.01578	0.00936	0.01215	0.02243	0.00307	0.69470	0.00624	0.00312	0.00780
38	0.01345	0.01266	0.02136	0.73264	0.04904	0.01582	0.01978	0.01819	0.01424	0.01819	0.01266	0.01898	0.00949	0.00712	0.00712	0.00237	0.00949	0.00633	0.00316	0.00791
39	0.02265	0.02921	0.07570	0.01859	0.02182	0.47645	0.01525	0.02492	0.01727	0.01776	0.01070	0.01375	0.00921	0.00868	0.01102	0.00221	0.20796	0.00508	0.00347	0.00831
40	0.11806	0.01270	0.01609	0.01248	0.01788	0.01167	0.01031	0.06550	0.02011	0.60074	0.02550	0.02246	0.01624	0.00855	0.00685	0.00220	0.00609	0.00675	0.00823	0.01162
41	0.01237	0.00618	0.00928	0.00928	0.00928	0.00618	0.00618	0.00928	0.00928	0.01237	0.01237	0.02165	0.01237	0.02474	0.02783	0.79283	0.00618	0.00618	0.00309	0.00309
42	0.01612	0.01787	0.03779	0.17370	0.03963	0.01756	0.54456	0.02187	0.01628	0.02187	0.01405	0.01916	0.01054	0.00623	0.00814	0.00240	0.01149	0.00798	0.00351	0.00926
43	0.02084	0.08615	0.14969	0.07737	0.02961	0.01623	0.25172	0.02583	0.01715	0.22799	0.01768	0.01926	0.01228	0.00708	0.00729	0.00223	0.00937	0.00690	0.00498	0.01034
44	0.01446	0.06428	0.68700	0.01998	0.03034	0.01698	0.02577	0.02250	0.01501	0.02233	0.01267	0.01490	0.00902	0.00674	0.00668	0.00223	0.01041	0.00521	0.00301	0.01047
45	0.01428	0.03683	0.71286	0.02030	0.03082	0.01654	0.02631	0.02255	0.01503	0.02255	0.01278	0.01503	0.00902	0.00677	0.00677	0.00226	0.01052	0.00526	0.00301	0.01052
46	0.01688	0.01616	0.02756	0.16590	0.58893	0.01672	0.02148	0.02120	0.01586	0.02236	0.01326	0.01786	0.01096	0.00648	0.00706	0.00216	0.00864	0.00634	0.00346	0.01068
47	0.01382	0.01324	0.02299	0.66160	0.07206	0.01600	0.06310	0.01863	0.01448	0.01868	0.01280	0.01895	0.00964	0.00702	0.00720	0.00237	0.00962	0.00646	0.00321	0.00814
48	0.00890	0.00636	0.00852	0.01017	0.01068	0.00598	0.00700	0.01030	0.01385	0.01843	0.03912	0.69224	0.04661	0.02210	0.00915	0.00292	0.00432	0.07091	0.00661	0.00585
49	0.00958	0.00746	0.01134	0.01166	0.01280	0.00698	0.06378	0.01147	0.01453	0.01951	0.08975	0.60340	0.04539	0.02021	0.00900	0.00281	0.00483	0.04283	0.00645	0.00621
50	0.01854	0.07922	0.03031	0.14401	0.03190	0.17793	0.28507	0.03981	0.01696	0.02043	0.01368	0.04317	0.01135	0.00751	0.00823	0.00225	0.05008	0.00708	0.00367	0.00880
51	0.04245	0.01792	0.07063	0.24838	0.03976	0.01717	0.41508	0.02129	0.01575	0.02167	0.01362	0.01865	0.01019	0.00641	0.00778	0.00238	0.01092	0.00743	0.00346	0.00906
52	0.00849	0.00713	0.00738	0.00750	0.00971	0.00602	0.00556	0.01030	0.01614	0.01946	0.09089	0.12574	0.62476	0.01828	0.00847	0.00244	0.00364	0.01540	0.00665	0.00602
53	0.01749	0.46968	0.09640	0.04263	0.02076	0.02498	0.01467	0.02025	0.01361	0.01745	0.01014	0.01311	0.00919	0.00782	0.00966	0.00203	0.19352	0.00466	0.00306	0.00888
54	0.02089	0.09813	0.34986	0.01619	0.02394	0.01535	0.01809	0.04988	0.01771	0.25267	0.05488	0.01988	0.01515	0.00787	0.00678	0.00216	0.00826	0.00620	0.00536	0.01077

[dist]
# distance from previous block
# <min> <max>
8	22

[block]
# block no. 2 follows, 29 sequences, length 7
# corresponding to MSA columns:
# 259-265
name=unknown_C
#
# <colnr> <probs for GDERKNQSTAVLIFYWHMCP>
#	G	D	E	R	K	N	Q	S	T	A	V	L	I	F	Y	W	H	M	C	P
0	0.01486	0.05007	0.22388	0.11837	0.17141	0.01520	0.01880	0.04401	0.05706	0.02256	0.01958	0.09186	0.01810	0.01004	0.00744	0.00241	0.00833	0.09226	0.00434	0.00943
1	0.04824	0.10072	0.09756	0.04675	0.09102	0.10783	0.01440	0.08937	0.01928	0.26070	0.01998	0.01992	0.03695	0.00801	0.00668	0.00208	0.00806	0.00623	0.00572	0.01050
2	0.06418	0.01766	0.08031	0.30933	0.03042	0.13940	0.01507	0.04539	0.01612	0.02215	0.01471	0.01868	0.01132	0.00741	0.00633	0.00209	0.00851	0.00584	0.17702	0.00808
3	0.01158	0.00775	0.00947	0.00893	0.01121	0.00690	0.00688	0.01434	0.01860	0.08708	0.38345	0.05743	0.28170	0.01553	0.00837	0.00235	0.00388	0.05016	0.00743	0.00696
4	0.01878	0.13295	0.27972	0.01771	0.02472	0.06465	0.07991	0.04652	0.09128	0.09879	0.01629	0.01756	0.01203	0.00748	0.00715	0.00215	0.03225	0.00594	0.03398	0.01016
5	0.01588	0.29986	0.30742	0.17453	0.03015	0.02073	0.01958	0.02113	0.01465	0.01942	0.01167	0.01455	0.00917	0.00659	0.00602	0.00201	0.00921	0.00495	0.00306	0.00943
6	0.01381	0.00750	0.01009	0.01052	0.01206	0.00682	0.00746	0.01539	0.01512	0.17097	0.03678	0.58596	0.04059	0.01933	0.00866	0.00274	0.00456	0.01735	0.00710	0.00718

[dist]
# distance from previous block
# <min> <max>
0	7

[block]
# block no. 3 follows, 29 sequences, length 12
# corresponding to MSA columns:
# 273-284
name=unknown_D
#
# <colnr> <probs for GDERKNQSTAVLIFYWHMCP>
#	G	D	E	R	K	N	Q	S	T	A	V	L	I	F	Y	W	H	M	C	P
0	0.01798	0.53573	0.14129	0.01606	0.02299	0.02489	0.11302	0.02173	0.01490	0.01853	0.01101	0.01313	0.00937	0.00618	0.00547	0.00176	0.00871	0.00471	0.00312	0.00942
1	0.01556	0.22975	0.53115	0.01811	0.02745	0.01967	0.02251	0.02222	0.01488	0.02099	0.01200	0.01406	0.00905	0.00658	0.00617	0.00206	0.00974	0.00487	0.00302	0.01015
2	0.01112	0.00813	0.01091	0.01231	0.01393	0.00808	0.01038	0.01465	0.04166	0.02106	0.04008	0.16606	0.08915	0.01952	0.00953	0.00313	0.00598	0.50113	0.00659	0.00659
3	0.00852	0.00679	0.00765	0.00833	0.00991	0.00592	0.00591	0.01009	0.01516	0.01880	0.05853	0.34837	0.43138	0.01980	0.00869	0.00261	0.00382	0.01719	0.00661	0.00592
4	0.37882	0.02087	0.01560	0.06743	0.01999	0.26250	0.01119	0.05169	0.01662	0.07899	0.01221	0.01378	0.00931	0.00715	0.00564	0.00208	0.00851	0.00466	0.00451	0.00844
5	0.01036	0.00690	0.00777	0.00777	0.00777	0.00690	0.00431	0.01036	0.01036	0.01381	0.02244	0.04660	0.02589	0.74975	0.03624	0.00690	0.00690	0.01036	0.00431	0.00431
6	0.01067	0.00789	0.01035	0.01140	0.01321	0.00757	0.00967	0.01364	0.01676	0.02163	0.11550	0.07491	0.18604	0.01878	0.00938	0.00298	0.00558	0.45089	0.00670	0.00646
7	0.02699	0.01851	0.02029	0.01573	0.02127	0.02015	0.01294	0.54217	0.08396	0.13456	0.01954	0.01882	0.01363	0.00867	0.00714	0.00217	0.00742	0.00664	0.00736	0.01204
8	0.01632	0.01547	0.02063	0.46962	0.06788	0.07256	0.01744	0.06511	0.13969	0.02217	0.01582	0.01970	0.01194	0.00766	0.00708	0.00231	0.00890	0.00651	0.00422	0.00896
9	0.01567	0.01552	0.06448	0.44704	0.03799	0.01712	0.01778	0.08305	0.14417	0.02306	0.01598	0.01981	0.01201	0.00800	0.00800	0.00239	0.04795	0.00659	0.00429	0.00909
10	0.25047	0.01761	0.09728	0.11447	0.05920	0.05684	0.01327	0.12412	0.01719	0.05177	0.01643	0.02007	0.03869	0.06525	0.00849	0.00256	0.00760	0.00608	0.02382	0.00878
11	0.12392	0.07435	0.12800	0.08172	0.02118	0.01388	0.06401	0.04841	0.01632	0.07657	0.07346	0.02496	0.07072	0.00866	0.00641	0.00211	0.00680	0.00709	0.14287	0.00856

[dist]
# distance from previous block
# <min> <max>
46	108

[block]
# block no. 4 follows, 29 sequences, length 10
# corresponding to MSA columns:
# 425-434
name=unknown_E
#
# <colnr> <probs for GDERKNQSTAVLIFYWHMCP>
#	G	D	E	R	K	N	Q	S	T	A	V	L	I	F	Y	W	H	M	C	P
0	0.01311	0.00942	0.01181	0.01147	0.01336	0.00988	0.00872	0.01856	0.13682	0.07527	0.20896	0.25883	0.06418	0.01595	0.00953	0.00261	0.05930	0.05758	0.00695	0.00769
1	0.01238	0.01088	0.01568	0.01441	0.01516	0.01417	0.01163	0.01452	0.01122	0.01678	0.01510	0.02291	0.01435	0.03668	0.43634	0.00804	0.31222	0.00706	0.00353	0.00694
2	0.01688	0.07280	0.02244	0.09809	0.02241	0.09504	0.01536	0.01991	0.05035	0.01796	0.01102	0.01597	0.01002	0.01069	0.01745	0.00274	0.48334	0.00599	0.00340	0.00815
3	0.01264	0.00956	0.01181	0.01217	0.01417	0.00996	0.00963	0.05860	0.14200	0.02435	0.11664	0.24732	0.04055	0.01724	0.00881	0.00281	0.00540	0.24187	0.00689	0.00758
4	0.01762	0.01692	0.02890	0.04371	0.70533	0.01692	0.02185	0.02185	0.01621	0.02326	0.01339	0.01762	0.01128	0.00634	0.00705	0.00211	0.00846	0.00634	0.00352	0.01128
5	0.01592	0.01659	0.02745	0.02185	0.02386	0.02075	0.20075	0.01872	0.01255	0.01872	0.01076	0.01659	0.00975	0.01066	0.01919	0.00292	0.53458	0.00684	0.00325	0.00830
6	0.01032	0.00705	0.00850	0.00850	0.00875	0.00730	0.00523	0.01082	0.01057	0.01435	0.02177	0.04290	0.02428	0.61133	0.17246	0.00781	0.00932	0.00981	0.00422	0.00472
7	0.01276	0.00787	0.01038	0.00941	0.01156	0.00718	0.00718	0.01604	0.02018	0.11213	0.61901	0.04964	0.06111	0.01385	0.00825	0.00224	0.00369	0.01218	0.00796	0.00738
8	0.02351	0.01242	0.01546	0.01219	0.01720	0.01132	0.00983	0.05810	0.11180	0.36004	0.10706	0.02581	0.02254	0.00888	0.00693	0.00199	0.00559	0.00734	0.00744	0.17457
9	0.01345	0.01266	0.02136	0.73264	0.04904	0.01582	0.01978	0.01819	0.01424	0.01819	0.01266	0.01898	0.00949	0.00712	0.00712	0.00237	0.00949	0.00633	0.00316	0.00791

[dist]
# distance from previous block
# <min> <max>
0	1

[block]
# block no. 5 follows, 29 sequences, length 32
# corresponding to MSA columns:
# 436-467
name=unknown_F
#
# <colnr> <probs for GDERKNQSTAVLIFYWHMCP>
#	G	D	E	R	K	N	Q	S	T	A	V	L	I	F	Y	W	H	M	C	P
0	0.01438	0.03615	0.68691	0.02067	0.03107	0.01659	0.05157	0.02256	0.01510	0.02256	0.01284	0.01520	0.00909	0.00674	0.00683	0.00226	0.01058	0.00538	0.00303	0.01049
1	0.02782	0.01875	0.02063	0.01581	0.02148	0.02030	0.01306	0.58243	0.03147	0.14687	0.01878	0.01819	0.01296	0.00859	0.00713	0.00215	0.00756	0.00653	0.00738	0.01211
2	0.01477	0.01266	0.01477	0.01055	0.01687	0.00949	0.00844	0.01793	0.01477	0.02320	0.01266	0.01477	0.01055	0.00527	0.00527	0.00105	0.00527	0.00422	0.00422	0.79328
3	0.01237	0.00618	0.00928	0.00928	0.00928	0.00618	0.00618	0.00928	0.00928	0.01237	0.01237	0.02165	0.01237	0.02474	0.02783	0.79283	0.00618	0.00618	0.00309	0.00309
4	0.01762	0.01692	0.02890	0.04371	0.70533	0.01692	0.02185	0.02185	0.01621	0.02326	0.01339	0.01762	0.01128	0.00634	0.00705	0.00211	0.00846	0.00634	0.00352	0.01128
5	0.00946	0.00721	0.00872	0.00862	0.01044	0.00647	0.00647	0.01212	0.01815	0.02428	0.40896	0.11652	0.27723	0.01657	0.00852	0.00239	0.00364	0.04056	0.00727	0.00640
6	0.01908	0.67070	0.06371	0.01298	0.01897	0.05884	0.01293	0.02157	0.01465	0.01703	0.01005	0.01176	0.00914	0.00636	0.00529	0.00161	0.02915	0.00397	0.00307	0.00912
7	0.65963	0.01489	0.01245	0.01064	0.01528	0.01708	0.00877	0.14094	0.01600	0.03430	0.01122	0.01257	0.00851	0.00696	0.00490	0.00219	0.00593	0.00432	0.00490	0.00851
8	0.01589	0.18119	0.54009	0.01856	0.02783	0.05616	0.02280	0.02261	0.01519	0.02111	0.01210	0.01419	0.00905	0.00666	0.00630	0.00209	0.01006	0.00493	0.00305	0.01012
9	0.11379	0.01811	0.01931	0.01507	0.02051	0.01983	0.01241	0.49923	0.06445	0.11898	0.01818	0.01780	0.01276	0.00842	0.00683	0.00217	0.00725	0.00630	0.00702	0.01157
10	0.02090	0.01477	0.01637	0.01407	0.01843	0.01626	0.01112	0.09556	0.47498	0.15898	0.05812	0.02646	0.02213	0.00962	0.00727	0.00234	0.00582	0.00795	0.00756	0.01130
11	0.72981	0.01406	0.01145	0.03671	0.01553	0.01629	0.00847	0.05578	0.01333	0.03212	0.01040	0.01214	0.00801	0.00673	0.00465	0.00221	0.00578	0.00408	0.00450	0.00795
12	0.00984	0.00727	0.00919	0.00871	0.01049	0.00662	0.00653	0.01297	0.01959	0.02722	0.61109	0.05539	0.15851	0.01506	0.00840	0.00226	0.00339	0.01319	0.00766	0.00662
13	0.02682	0.01853	0.02024	0.01560	0.02102	0.02018	0.01279	0.58335	0.03106	0.11315	0.01849	0.01918	0.01331	0.04225	0.00845	0.00236	0.00761	0.00667	0.00717	0.01176
14	0.06069	0.01800	0.01987	0.01529	0.02089	0.01933	0.01263	0.51471	0.02976	0.18735	0.01916	0.01840	0.01311	0.00852	0.00702	0.00215	0.00736	0.00646	0.00737	0.01193
15	0.01762	0.01692	0.02890	0.04371	0.70533	0.01692	0.02185	0.02185	0.01621	0.02326	0.01339	0.01762	0.01128	0.00634	0.00705	0.00211	0.00846	0.00634	0.00352	0.01128
16	0.00868	0.00620	0.00826	0.00991	0.01033	0.00578	0.00661	0.00991	0.01363	0.01818	0.03925	0.74510	0.04710	0.02231	0.00909	0.00289	0.00413	0.02024	0.00661	0.00578
17	0.01686	0.01614	0.02753	0.16885	0.58612	0.01672	0.02148	0.02119	0.01585	0.02234	0.01326	0.01787	0.01095	0.00649	0.00706	0.00216	0.00865	0.00634	0.00346	0.01067
18	0.00880	0.00629	0.00837	0.00983	0.01035	0.00586	0.00662	0.01022	0.01420	0.01908	0.09679	0.68499	0.04884	0.02164	0.00903	0.00284	0.00406	0.01960	0.00672	0.00586
19	0.00868	0.00620	0.00826	0.00991	0.01033	0.00578	0.00661	0.00991	0.01363	0.01818	0.03925	0.74510	0.04710	0.02231	0.00909	0.00289	0.00413	0.02024	0.00661	0.00578
20	0.01428	0.03683	0.71286	0.02030	0.03082	0.01654	0.02631	0.02255	0.01503	0.02255	0.01278	0.01503	0.00902	0.00677	0.00677	0.00226	0.01052	0.00526	0.00301	0.01052
21	0.01620	0.02343	0.20263	0.02769	0.03568	0.01766	0.52309	0.02275	0.01638	0.02275	0.01402	0.01821	0.01038	0.00619	0.00801	0.00237	0.01165	0.00765	0.00346	0.00982
22	0.01460	0.08511	0.66738	0.01975	0.02997	0.01732	0.02536	0.02247	0.01500	0.02216	0.01258	0.01479	0.00903	0.00672	0.00662	0.00221	0.01033	0.00516	0.00301	0.01043
23	0.00868	0.00620	0.00826	0.00991	0.01033	0.00578	0.00661	0.00991	0.01363	0.01818	0.03925	0.74510	0.04710	0.02231	0.00909	0.00289	0.00413	0.02024	0.00661	0.00578
24	0.01000	0.00765	0.01100	0.01143	0.01268	0.00725	0.04797	0.02843	0.01516	0.02020	0.08340	0.53907	0.07416	0.01999	0.00900	0.00282	0.00487	0.08208	0.00652	0.00633
25	0.02609	0.03286	0.01994	0.01812	0.02181	0.68053	0.01361	0.02898	0.05901	0.01814	0.01204	0.01363	0.00990	0.00747	0.00647	0.00187	0.01242	0.00479	0.00388	0.00843
26	0.00874	0.00625	0.00832	0.00987	0.01034	0.00583	0.00661	0.01007	0.01393	0.01865	0.06934	0.71367	0.04801	0.02196	0.00906	0.00286	0.00410	0.01991	0.00667	0.00583
27	0.01457	0.10904	0.61050	0.01893	0.02858	0.01727	0.02394	0.02200	0.01522	0.02224	0.04483	0.01646	0.01176	0.00706	0.00662	0.00218	0.00989	0.00547	0.00324	0.01020
28	0.01880	0.01902	0.02603	0.14589	0.46583	0.12535	0.01989	0.05328	0.01733	0.02259	0.01309	0.01708	0.01072	0.00672	0.00697	0.00211	0.00927	0.00607	0.00366	0.01033
29	0.00997	0.00822	0.00894	0.00862	0.01064	0.03304	0.00644	0.01258	0.01837	0.02403	0.39961	0.07707	0.32479	0.01593	0.00835	0.00231	0.00384	0.01365	0.00715	0.00646
30	0.59643	0.01198	0.00970	0.00884	0.01254	0.01357	0.00714	0.01957	0.01325	0.03071	0.06548	0.01749	0.01420	0.00753	0.00482	0.00211	0.00495	0.00505	0.14725	0.00744
31	0.01773	0.05056	0.02573	0.13616	0.44141	0.07607	0.01887	0.04398	0.01646	0.02206	0.01343	0.01831	0.01140	0.03991	0.00814	0.00228	0.00873	0.00618	0.00365	0.03894

[dist]
# distance from previous block
# <min> <max>
0	1

[block]
# block no. 6 follows, 29 sequences, length 11
# corresponding to MSA columns:
# 469-479
name=unknown_G
#
# <colnr> <probs for GDERKNQSTAVLIFYWHMCP>
#	G	D	E	R	K	N	Q	S	T	A	V	L	I	F	Y	W	H	M	C	P
0	0.04155	0.06588	0.01856	0.01443	0.01869	0.15799	0.01154	0.23007	0.12665	0.07098	0.14630	0.02439	0.02337	0.00942	0.00701	0.00210	0.00748	0.00733	0.00636	0.00990
1	0.01710	0.50651	0.02847	0.01155	0.01647	0.07996	0.01069	0.01932	0.01563	0.01803	0.06582	0.02493	0.14310	0.00898	0.00569	0.00176	0.00702	0.00656	0.00407	0.00832
2	0.01224	0.01001	0.01214	0.01139	0.01404	0.00976	0.02561	0.01864	0.18141	0.02221	0.05059	0.33298	0.07879	0.04223	0.00890	0.00254	0.00495	0.01326	0.00623	0.14208
3	0.02349	0.01878	0.02426	0.01833	0.02413	0.01992	0.13805	0.47222	0.05665	0.03805	0.01749	0.03911	0.01321	0.00833	0.00732	0.00216	0.00827	0.00713	0.00628	0.05682
4	0.01905	0.01985	0.02680	0.08147	0.53644	0.14916	0.02020	0.02286	0.01684	0.02185	0.01290	0.01681	0.01077	0.00658	0.00694	0.00208	0.00935	0.00601	0.00353	0.01050
5	0.01532	0.01328	0.01258	0.01135	0.01384	0.14205	0.00864	0.05662	0.02095	0.06293	0.49654	0.04198	0.05047	0.01255	0.00789	0.00216	0.00554	0.01064	0.00706	0.00761
6	0.16474	0.01352	0.01464	0.01126	0.01675	0.01239	0.00906	0.11597	0.01726	0.06765	0.01524	0.05780	0.01279	0.00721	0.00571	0.00160	0.00567	0.00558	0.00509	0.44005
7	0.02477	0.01871	0.02112	0.01663	0.02120	0.02150	0.01374	0.51412	0.05031	0.06141	0.01640	0.01736	0.01209	0.00933	0.01018	0.00233	0.14465	0.00646	0.00643	0.01127
8	0.01411	0.01047	0.01227	0.01146	0.01372	0.01087	0.00866	0.17342	0.01925	0.04253	0.06677	0.33936	0.17180	0.01686	0.00924	0.00258	0.04798	0.01436	0.00664	0.00767
9	0.01259	0.00998	0.01186	0.01227	0.01459	0.01049	0.00990	0.02057	0.22391	0.02321	0.04025	0.14704	0.13250	0.01669	0.00874	0.00284	0.00553	0.28242	0.00678	0.00783
10	0.01741	0.01779	0.02240	0.44149	0.15196	0.14889	0.01863	0.05956	0.01681	0.02046	0.01273	0.01749	0.00988	0.00711	0.00698	0.00221	0.00985	0.00601	0.00355	0.00878

[dist]
# distance from previous block
# <min> <max>
0	15

[block]
# block no. 7 follows, 29 sequences, length 20
# corresponding to MSA columns:
# 495-514
name=unknown_H
#
# <colnr> <probs for GDERKNQSTAVLIFYWHMCP>
#	G	D	E	R	K	N	Q	S	T	A	V	L	I	F	Y	W	H	M	C	P
0	0.01766	0.01632	0.02422	0.03302	0.45403	0.01721	0.01798	0.02770	0.26365	0.02565	0.01910	0.02090	0.01511	0.00756	0.00712	0.00222	0.00743	0.00697	0.00489	0.01128
1	0.01551	0.01461	0.02907	0.02146	0.02663	0.01385	0.43268	0.02053	0.01612	0.02418	0.01763	0.02189	0.01353	0.00684	0.00715	0.00213	0.00883	0.00776	0.29108	0.00852
2	0.02312	0.01192	0.01518	0.01158	0.01697	0.00993	0.00938	0.02655	0.03635	0.37340	0.08886	0.02369	0.02003	0.00811	0.00659	0.00179	0.00549	0.00667	0.00699	0.29739
3	0.01641	0.01518	0.02342	0.05984	0.42650	0.01416	0.01686	0.02027	0.01560	0.02303	0.01309	0.01663	0.01094	0.00598	0.00640	0.00174	0.00734	0.00557	0.00376	0.29727
4	0.01843	0.01532	0.02136	0.47057	0.03918	0.01811	0.01749	0.26093	0.02128	0.02796	0.01428	0.01829	0.01045	0.00764	0.00712	0.00229	0.00889	0.00636	0.00461	0.00945
5	0.01107	0.00707	0.01050	0.01050	0.01132	0.00784	0.00779	0.01158	0.01076	0.01532	0.01675	0.02561	0.01583	0.04152	0.44551	0.29704	0.01387	0.00707	0.02789	0.00517
6	0.30339	0.01722	0.03047	0.02246	0.02864	0.01726	0.43368	0.02212	0.01509	0.02615	0.01276	0.01641	0.00967	0.00622	0.00694	0.00233	0.00963	0.00674	0.00390	0.00891
7	0.08176	0.03225	0.01667	0.01330	0.01818	0.01465	0.01077	0.06551	0.27927	0.34967	0.02614	0.02355	0.01801	0.00890	0.00693	0.00226	0.00598	0.00714	0.00766	0.01140
8	0.00865	0.00660	0.00786	0.00884	0.00996	0.00591	0.00608	0.01004	0.01445	0.01839	0.05059	0.46889	0.28601	0.05059	0.00996	0.00288	0.00405	0.01793	0.00652	0.00581
9	0.31003	0.01488	0.01535	0.01248	0.01742	0.01598	0.01022	0.19609	0.07588	0.21823	0.03503	0.01866	0.01412	0.00815	0.00618	0.00220	0.00622	0.00597	0.00661	0.01030
10	0.37462	0.02334	0.08549	0.01403	0.01887	0.27360	0.01203	0.02497	0.01604	0.08135	0.01210	0.01342	0.00919	0.00707	0.00561	0.00207	0.00874	0.00454	0.00436	0.00856
11	0.01496	0.01325	0.02117	0.03056	0.45010	0.01325	0.01544	0.01765	0.01407	0.01980	0.01670	0.02823	0.01662	0.27835	0.01773	0.00387	0.00789	0.00781	0.00381	0.00873
12	0.00851	0.00684	0.00760	0.00820	0.00988	0.00593	0.00585	0.01011	0.01528	0.01885	0.06010	0.31608	0.46266	0.01960	0.00866	0.00258	0.00380	0.01694	0.00661	0.00593
13	0.30459	0.45135	0.05747	0.01151	0.01718	0.02319	0.01117	0.02123	0.01363	0.02257	0.01003	0.01164	0.00861	0.00631	0.00461	0.00180	0.00697	0.00389	0.00354	0.00868
14	0.01525	0.48041	0.02668	0.01135	0.01537	0.01998	0.01014	0.01715	0.01416	0.01727	0.02064	0.27987	0.02303	0.01203	0.00622	0.00202	0.00634	0.00982	0.00435	0.00791
15	0.01198	0.00953	0.01113	0.01159	0.01332	0.01015	0.00832	0.02013	0.26201	0.02243	0.03549	0.48220	0.03782	0.01768	0.00841	0.00272	0.00468	0.01578	0.00684	0.00779
16	0.01221	0.00673	0.00705	0.00705	0.00810	0.00673	0.00474	0.01431	0.01326	0.02189	0.02294	0.03388	0.02105	0.27959	0.01642	0.00358	0.00463	0.00800	0.50207	0.00579
17	0.01358	0.01291	0.02217	0.70497	0.04858	0.01591	0.04576	0.01838	0.01434	0.01838	0.01273	0.01899	0.00954	0.00708	0.00717	0.00237	0.00959	0.00641	0.00318	0.00798
18	0.01183	0.01043	0.01680	0.44662	0.05544	0.01218	0.01502	0.01528	0.01408	0.01835	0.02241	0.28462	0.02331	0.01265	0.00784	0.00255	0.00750	0.01142	0.00444	0.00724
19	0.01076	0.00762	0.00969	0.01056	0.01168	0.00750	0.00824	0.01269	0.01417	0.01835	0.03560	0.06679	0.10230	0.28664	0.01935	0.00452	0.00639	0.35574	0.00574	0.00568

[dist]
# distance from previous block
# <min> <max>
0	2

[block]
# block no. 8 follows, 29 sequences, length 49
# corresponding to MSA columns:
# 517-565
name=unknown_I
#
# <colnr> <probs for GDERKNQSTAVLIFYWHMCP>
#	G	D	E	R	K	N	Q	S	T	A	V	L	I	F	Y	W	H	M	C	P
0	0.02959	0.03955	0.05538	0.01381	0.01965	0.01373	0.01199	0.16454	0.02255	0.51593	0.02445	0.02188	0.01577	0.00856	0.00705	0.00217	0.00671	0.00680	0.00797	0.01193
1	0.02701	0.02175	0.02122	0.01664	0.02207	0.11220	0.01356	0.59739	0.03176	0.04134	0.01631	0.01655	0.01173	0.00839	0.00703	0.00210	0.00848	0.00618	0.00668	0.01161
2	0.01888	0.72981	0.06013	0.01246	0.01870	0.02778	0.01266	0.02136	0.01449	0.01695	0.01000	0.01154	0.00913	0.00611	0.00464	0.00155	0.00771	0.00386	0.00304	0.00918
3	0.01488	0.01302	0.01629	0.01164	0.01801	0.00997	0.04599	0.01820	0.01488	0.02318	0.01275	0.01501	0.01056	0.00531	0.00545	0.00113	0.00565	0.00445	0.00418	0.74942
4	0.06778	0.01021	0.01033	0.00909	0.01187	0.01086	0.00716	0.17230	0.01908	0.03118	0.02093	0.02336	0.01613	0.00824	0.00544	0.00181	0.00452	0.00640	0.55532	0.00799
5	0.01545	0.15506	0.57968	0.01890	0.02847	0.04056	0.02358	0.02253	0.01510	0.02143	0.01225	0.01437	0.00904	0.00667	0.00639	0.00212	0.01012	0.00500	0.00303	0.01022
6	0.02031	0.01252	0.01531	0.01140	0.01722	0.01014	0.00919	0.04878	0.01719	0.23575	0.01865	0.04674	0.01424	0.00717	0.00608	0.00152	0.00557	0.00585	0.00584	0.49054
7	0.02088	0.06107	0.01884	0.01541	0.01970	0.16206	0.01214	0.12346	0.42715	0.02862	0.02262	0.02162	0.01715	0.00884	0.00691	0.00221	0.00751	0.00688	0.00627	0.01065
8	0.01005	0.00661	0.00882	0.00997	0.01078	0.00612	0.00683	0.01156	0.01459	0.05609	0.09906	0.64350	0.04735	0.02088	0.00892	0.00280	0.00416	0.01887	0.00684	0.00621
9	0.28902	0.01785	0.01767	0.01400	0.01927	0.02001	0.01156	0.45770	0.02624	0.04050	0.01466	0.01522	0.01062	0.00789	0.00620	0.00216	0.00705	0.00555	0.00620	0.01062
10	0.01771	0.01430	0.01673	0.01253	0.01826	0.01286	0.02591	0.19878	0.02002	0.02900	0.03538	0.05564	0.01458	0.00737	0.00615	0.00152	0.00602	0.00603	0.00523	0.49599
11	0.01428	0.03683	0.71286	0.02030	0.03082	0.01654	0.02631	0.02255	0.01503	0.02255	0.01278	0.01503	0.00902	0.00677	0.00677	0.00226	0.01052	0.00526	0.00301	0.01052
12	0.01036	0.00690	0.00777	0.00777	0.00777	0.00690	0.00431	0.01036	0.01036	0.01381	0.02244	0.04660	0.02589	0.74975	0.03624	0.00690	0.00690	0.01036	0.00431	0.00431
13	0.01357	0.01290	0.02213	0.70653	0.04860	0.01590	0.04429	0.01836	0.01433	0.01836	0.01272	0.01899	0.00954	0.00708	0.00717	0.00237	0.00959	0.00641	0.00318	0.00797
14	0.01833	0.01538	0.01639	0.01461	0.01867	0.01762	0.01152	0.10400	0.58457	0.03088	0.02824	0.02866	0.02183	0.01012	0.00738	0.00244	0.00592	0.04516	0.00719	0.01109
15	0.01662	0.01884	0.04086	0.06933	0.03788	0.01788	0.64255	0.02255	0.01666	0.02255	0.01431	0.01920	0.01073	0.00606	0.00833	0.00240	0.01186	0.00829	0.00358	0.00951
16	0.01460	0.01332	0.02064	0.60403	0.04372	0.01634	0.01835	0.04861	0.10824	0.02090	0.01509	0.01995	0.01128	0.00753	0.00714	0.00237	0.00889	0.00657	0.00389	0.00855
17	0.01681	0.01921	0.04202	0.03001	0.03721	0.01801	0.67947	0.02281	0.01681	0.02281	0.01441	0.01921	0.01080	0.00600	0.00840	0.00240	0.01200	0.00840	0.00360	0.00960
18	0.01803	0.01597	0.01625	0.01463	0.01864	0.04303	0.01136	0.03750	0.66827	0.02934	0.02833	0.02607	0.02128	0.00958	0.00722	0.00239	0.00589	0.00793	0.00712	0.01116
19	0.01428	0.03683	0.71286	0.02030	0.03082	0.01654	0.02631	0.02255	0.01503	0.02255	0.01278	0.01503	0.00902	0.00677	0.00677	0.00226	0.01052	0.00526	0.00301	0.01052
20	0.01036	0.00690	0.00777	0.00777	0.00777	0.00690	0.00431	0.01036	0.01036	0.01381	0.02244	0.04660	0.02589	0.74975	0.03624	0.00690	0.00690	0.01036	0.00431	0.00431
21	0.00868	0.00620	0.00826	0.00991	0.01033	0.00578	0.00661	0.00991	0.01363	0.01818	0.03925	0.74510	0.04710	0.02231	0.00909	0.00289	0.00413	0.02024	0.00661	0.00578
22	0.00868	0.00620	0.00826	0.00991	0.01033	0.00578	0.00661	0.00991	0.01363	0.01818	0.03925	0.74510	0.04710	0.02231	0.00909	0.00289	0.00413	0.02024	0.00661	0.00578
23	0.01428	0.03683	0.71286	0.02030	0.03082	0.01654	0.02631	0.02255	0.01503	0.02255	0.01278	0.01503	0.00902	0.00677	0.00677	0.00226	0.01052	0.00526	0.00301	0.01052
24	0.05855	0.01200	0.01512	0.01189	0.01675	0.01111	0.00974	0.08975	0.02036	0.51222	0.02559	0.02347	0.01684	0.00862	0.00669	0.00211	0.00575	0.00688	0.13551	0.01105
25	0.01020	0.00684	0.00781	0.00797	0.00800	0.00680	0.00453	0.01031	0.01066	0.01421	0.02400	0.11161	0.02786	0.68205	0.03372	0.00653	0.00665	0.01128	0.00453	0.00445
26	0.01367	0.01308	0.02270	0.68684	0.04827	0.01596	0.06277	0.01849	0.01441	0.01849	0.01277	0.01900	0.00958	0.00705	0.00720	0.00237	0.00966	0.00646	0.00319	0.00802
27	0.00875	0.00623	0.00824	0.00983	0.01022	0.00583	0.00651	0.00993	0.01350	0.01799	0.03854	0.71592	0.04621	0.05270	0.01022	0.00306	0.00425	0.01983	0.00651	0.00572
28	0.01681	0.01921	0.04202	0.03001	0.03721	0.01801	0.67947	0.02281	0.01681	0.02281	0.01441	0.01921	0.01080	0.00600	0.00840	0.00240	0.01200	0.00840	0.00360	0.00960
29	0.01681	0.01921	0.04202	0.03001	0.03721	0.01801	0.67947	0.02281	0.01681	0.02281	0.01441	0.01921	0.01080	0.00600	0.00840	0.00240	0.01200	0.00840	0.00360	0.00960
30	0.09535	0.03777	0.02078	0.61257	0.04346	0.01643	0.01815	0.01855	0.01393	0.01954	0.01218	0.01786	0.00929	0.00719	0.00722	0.00235	0.03018	0.00598	0.00329	0.00793
31	0.07328	0.01185	0.01566	0.01220	0.01736	0.01049	0.01003	0.03233	0.01990	0.62084	0.07792	0.02571	0.02081	0.00912	0.00710	0.00221	0.00582	0.00741	0.00849	0.01146
32	0.02653	0.01968	0.02107	0.01627	0.02188	0.02183	0.01340	0.64463	0.07132	0.04401	0.01778	0.01764	0.01266	0.00861	0.00713	0.00215	0.00771	0.00651	0.00713	0.01206
33	0.01456	0.07801	0.67407	0.01983	0.03010	0.01721	0.02550	0.02248	0.01500	0.02222	0.01261	0.01483	0.00903	0.00673	0.00664	0.00221	0.01036	0.00518	0.00301	0.01044
34	0.01771	0.01530	0.01610	0.01449	0.01852	0.01771	0.01127	0.03784	0.69247	0.02979	0.02898	0.02657	0.02174	0.00966	0.00725	0.00242	0.00564	0.00805	0.00725	0.01127
35	0.62272	0.01409	0.01198	0.01031	0.01491	0.03765	0.00845	0.02391	0.01402	0.16603	0.01356	0.01412	0.00973	0.00707	0.00502	0.00219	0.00585	0.00453	0.00526	0.00860
36	0.01686	0.01906	0.04116	0.03090	0.08076	0.01794	0.63661	0.02275	0.01677	0.02284	0.01434	0.01910	0.01084	0.00602	0.00832	0.00238	0.01177	0.00827	0.00360	0.00971
37	0.01830	0.01820	0.02824	0.04179	0.65374	0.07009	0.02124	0.02235	0.01651	0.02282	0.01321	0.01726	0.01112	0.00642	0.00700	0.00209	0.00879	0.00621	0.00354	0.01105
38	0.00873	0.00622	0.00825	0.00985	0.01025	0.00582	0.00654	0.00993	0.01353	0.01804	0.03873	0.72350	0.04644	0.04480	0.00993	0.00302	0.00422	0.01994	0.00654	0.00574
39	0.01177	0.00884	0.01137	0.01206	0.01400	0.00899	0.00999	0.01721	0.10968	0.02366	0.17030	0.10428	0.06982	0.01736	0.00910	0.00290	0.00554	0.37905	0.00691	0.00717
40	0.02769	0.01296	0.01642	0.01292	0.01791	0.01229	0.01055	0.13212	0.06618	0.48302	0.10580	0.02670	0.02288	0.00950	0.00731	0.00221	0.00599	0.00778	0.00834	0.01143
41	0.00880	0.00629	0.00838	0.00983	0.01036	0.00587	0.00662	0.01023	0.01422	0.01912	0.09917	0.68250	0.04891	0.02161	0.00903	0.00283	0.00406	0.01958	0.00672	0.00587
42	0.01651	0.01845	0.03841	0.05453	0.03505	0.01846	0.56152	0.02184	0.01588	0.02184	0.01363	0.01869	0.01055	0.00695	0.01046	0.00250	0.11391	0.00802	0.00352	0.00929
43	0.01900	0.01520	0.01628	0.01441	0.01859	0.01731	0.01128	0.05560	0.62571	0.07916	0.02859	0.02613	0.02117	0.00957	0.00724	0.00239	0.00573	0.00794	0.00735	0.01136
44	0.01495	0.13769	0.61786	0.01915	0.02906	0.01817	0.02432	0.02238	0.01495	0.02174	0.01237	0.01453	0.00904	0.00667	0.00646	0.00215	0.01011	0.00506	0.00301	0.01033
45	0.01299	0.01041	0.01123	0.01013	0.01312	0.01044	0.00784	0.11007	0.13619	0.02664	0.19019	0.05081	0.35342	0.01452	0.00803	0.00233	0.00450	0.01216	0.00705	0.00793
46	0.60215	0.01390	0.01186	0.01056	0.01478	0.01607	0.00858	0.05735	0.10525	0.03133	0.01347	0.01496	0.01050	0.01017	0.05167	0.00283	0.00653	0.00480	0.00489	0.00834
47	0.01743	0.01703	0.02637	0.15257	0.51726	0.05441	0.02039	0.02265	0.06018	0.02255	0.01416	0.01817	0.01156	0.00674	0.00704	0.00216	0.00868	0.00636	0.00372	0.01057
48	0.06703	0.01937	0.01986	0.01561	0.02093	0.04803	0.01277	0.55476	0.07195	0.04118	0.01937	0.01924	0.03940	0.00884	0.00701	0.00216	0.00760	0.00664	0.00683	0.01143

[dist]
# distance from previous block
# <min> <max>
8	13

[block]
# block no. 9 follows, 29 sequences, length 44
# corresponding to MSA columns:
# 581-624
name=unknown_J
#
# <colnr> <probs for GDERKNQSTAVLIFYWHMCP>
#	G	D	E	R	K	N	Q	S	T	A	V	L	I	F	Y	W	H	M	C	P
0	0.02904	0.01264	0.01636	0.01296	0.01810	0.01172	0.01056	0.05839	0.11145	0.56966	0.02819	0.04914	0.01899	0.00938	0.00724	0.00225	0.00600	0.00770	0.00846	0.01178
1	0.04400	0.01671	0.02891	0.10435	0.36349	0.01714	0.17665	0.02384	0.10739	0.02383	0.01555	0.01914	0.01228	0.00680	0.00731	0.00225	0.00893	0.00698	0.00404	0.01042
2	0.01039	0.00690	0.00920	0.01032	0.01123	0.00651	0.00739	0.01211	0.01469	0.05128	0.09135	0.51197	0.04514	0.06546	0.01073	0.00311	0.00469	0.11469	0.00666	0.00618
3	0.06064	0.01735	0.01745	0.01551	0.04610	0.12175	0.01178	0.07644	0.26548	0.25525	0.02369	0.02204	0.01677	0.00868	0.00695	0.00222	0.00712	0.00686	0.00694	0.01099
4	0.01690	0.01437	0.01550	0.01431	0.01803	0.01647	0.01130	0.03483	0.60432	0.02868	0.03012	0.03358	0.02425	0.01097	0.00758	0.00253	0.00576	0.09271	0.00716	0.01066
