[name]
unknown

[dist]
# distance from previous block
# <min> <max>
0	140

[block]
# block no. 0 follows, 27 sequences, length 12
# corresponding to MSA columns:
# 169-180
name=unknown_A
#
# <colnr> <probs for GDERKNQSTAVLIFYWHMCP>
#	G	D	E	R	K	N	Q	S	T	A	V	L	I	F	Y	W	H	M	C	P
0	0.01324	0.00828	0.00997	0.00985	0.01223	0.00737	0.00757	0.01537	0.01702	0.12385	0.08304	0.16388	0.32612	0.06139	0.01064	0.00296	0.00488	0.10798	0.00715	0.00722
1	0.01034	0.00758	0.00969	0.00917	0.01099	0.00693	0.00687	0.01369	0.02062	0.02884	0.63019	0.05698	0.12931	0.01552	0.00876	0.00235	0.00353	0.01364	0.00805	0.00693
2	0.01659	0.21500	0.42333	0.02068	0.02990	0.02059	0.12936	0.02323	0.01583	0.02201	0.01284	0.01543	0.00974	0.00674	0.00675	0.00218	0.01045	0.00564	0.00325	0.01044
3	0.02676	0.01828	0.02078	0.01763	0.06344	0.01970	0.01354	0.44340	0.09248	0.13968	0.02077	0.02036	0.01468	0.00891	0.00734	0.00224	0.00750	0.00697	0.04331	0.01222
4	0.01042	0.00704	0.00821	0.00857	0.00867	0.00695	0.00501	0.01070	0.01152	0.01536	0.02712	0.19452	0.03170	0.58675	0.03176	0.00631	0.00658	0.01299	0.00501	0.00482
5	0.01402	0.01319	0.02227	0.72126	0.05113	0.01649	0.02062	0.01897	0.01484	0.01897	0.01319	0.01979	0.00990	0.00742	0.00742	0.00247	0.00990	0.00660	0.00330	0.00825
6	0.01753	0.06526	0.39111	0.02537	0.11548	0.09958	0.13484	0.02413	0.01675	0.02274	0.01334	0.01632	0.01005	0.00690	0.00724	0.00227	0.01111	0.00604	0.00339	0.01056
7	0.01202	0.00866	0.01100	0.01186	0.01324	0.00865	0.00884	0.09246	0.01736	0.02306	0.03773	0.51017	0.04327	0.02092	0.00939	0.00300	0.00531	0.14910	0.00695	0.00701
8	0.00909	0.00661	0.00858	0.01004	0.01072	0.00610	0.00678	0.01054	0.01478	0.01956	0.07476	0.64241	0.10772	0.02247	0.00938	0.00294	0.00422	0.02025	0.00695	0.00610
9	0.01313	0.00939	0.01092	0.01050	0.01196	0.00939	0.00713	0.11344	0.01609	0.02170	0.02844	0.29634	0.03203	0.31710	0.02068	0.00452	0.00618	0.01361	0.00584	0.05163
10	0.01111	0.00923	0.01498	0.08098	0.01858	0.00901	0.10411	0.01377	0.01539	0.02089	0.07559	0.44736	0.06940	0.01770	0.00885	0.00275	0.00591	0.01636	0.05109	0.00695
11	0.01631	0.20919	0.43661	0.01882	0.02703	0.02105	0.02213	0.02236	0.01489	0.02118	0.01205	0.01483	0.00948	0.00776	0.00906	0.00230	0.11634	0.00526	0.00316	0.01019

[dist]
# distance from previous block
# <min> <max>
0	1

[block]
# block no. 1 follows, 27 sequences, length 259
# corresponding to MSA columns:
# 182-440
name=unknown_B
#
# <colnr> <probs for GDERKNQSTAVLIFYWHMCP>
#	G	D	E	R	K	N	Q	S	T	A	V	L	I	F	Y	W	H	M	C	P
0	0.01523	0.01676	0.05395	0.02436	0.05998	0.01643	0.33903	0.01951	0.01571	0.02165	0.02237	0.14030	0.06413	0.01121	0.01161	0.00270	0.14117	0.01064	0.00437	0.00887
1	0.06313	0.00871	0.01041	0.01118	0.01230	0.03683	0.02709	0.01255	0.01476	0.02049	0.07180	0.57523	0.04399	0.04257	0.00984	0.00300	0.00508	0.01815	0.00651	0.00640
2	0.01405	0.01377	0.06132	0.01218	0.01789	0.00992	0.03578	0.01742	0.01541	0.02305	0.02139	0.13183	0.05805	0.00923	0.00656	0.00163	0.00586	0.00795	0.00483	0.53189
3	0.17999	0.08715	0.06894	0.01525	0.02148	0.01644	0.09177	0.07741	0.04993	0.16957	0.01715	0.01783	0.01242	0.00734	0.00642	0.00206	0.00743	0.00591	0.00556	0.13994
4	0.01844	0.01812	0.02975	0.04134	0.57932	0.04129	0.06528	0.02281	0.01699	0.02400	0.01390	0.01811	0.01160	0.00655	0.00730	0.00214	0.00901	0.00655	0.00373	0.06378
5	0.01674	0.01728	0.02287	0.01936	0.02041	0.08281	0.06829	0.01876	0.01276	0.01817	0.01168	0.01873	0.01128	0.04989	0.06848	0.00384	0.52030	0.00683	0.00345	0.00804
6	0.16086	0.07239	0.02025	0.01624	0.02063	0.32197	0.03404	0.10461	0.10087	0.02585	0.01487	0.01704	0.01205	0.03862	0.00776	0.00231	0.00983	0.00565	0.00483	0.00931
7	0.01970	0.71295	0.03822	0.01299	0.01907	0.02910	0.01285	0.02205	0.01493	0.01748	0.01030	0.01209	0.00954	0.00663	0.00559	0.00166	0.03814	0.00408	0.00318	0.00947
8	0.01206	0.00960	0.01383	0.01318	0.01450	0.01168	0.01044	0.03848	0.01271	0.01843	0.01839	0.02693	0.01710	0.04794	0.58723	0.01035	0.11839	0.00770	0.00400	0.00706
9	0.01753	0.04885	0.02221	0.01847	0.01941	0.11993	0.01520	0.01932	0.01296	0.01784	0.01093	0.01681	0.01050	0.01578	0.08245	0.00377	0.53027	0.00628	0.00339	0.00812
10	0.01846	0.01595	0.01679	0.01511	0.01930	0.01846	0.01175	0.03945	0.67938	0.03105	0.03022	0.02770	0.02266	0.01007	0.00755	0.00252	0.00588	0.00839	0.00755	0.01175
11	0.00904	0.00646	0.00861	0.01034	0.01077	0.00603	0.00689	0.01034	0.01421	0.01895	0.04092	0.73426	0.04910	0.02326	0.00948	0.00301	0.00431	0.02110	0.00689	0.00603
12	0.00939	0.00697	0.00954	0.06029	0.01358	0.00677	0.00781	0.01096	0.01435	0.01899	0.04016	0.66077	0.06875	0.02199	0.00931	0.00296	0.00468	0.01989	0.00664	0.00619
13	0.01402	0.01319	0.02227	0.72126	0.05113	0.01649	0.02062	0.01897	0.01484	0.01897	0.01319	0.01979	0.00990	0.00742	0.00742	0.00247	0.00990	0.00660	0.00330	0.00825
14	0.01080	0.00720	0.00810	0.00810	0.00810	0.00720	0.00450	0.01080	0.01080	0.01439	0.02339	0.04858	0.02699	0.73910	0.03779	0.00720	0.00720	0.01080	0.00450	0.00450
15	0.00904	0.00646	0.00861	0.01034	0.01077	0.00603	0.00689	0.01034	0.01421	0.01895	0.04092	0.73426	0.04910	0.02326	0.00948	0.00301	0.00431	0.02110	0.00689	0.00603
16	0.01497	0.01422	0.02375	0.54889	0.16761	0.01713	0.02072	0.01960	0.01499	0.01987	0.01310	0.01929	0.01023	0.00765	0.00855	0.00248	0.05809	0.00659	0.00336	0.00889
17	0.01196	0.00854	0.01196	0.01367	0.01538	0.00854	0.01196	0.01538	0.01709	0.02222	0.03931	0.08374	0.04272	0.02051	0.01025	0.00342	0.00684	0.64283	0.00684	0.00684
18	0.01488	0.01445	0.02264	0.65215	0.08501	0.04821	0.02045	0.01966	0.01524	0.01922	0.01316	0.01942	0.00998	0.00739	0.00738	0.00243	0.01000	0.00652	0.00334	0.00846
19	0.01940	0.68035	0.09823	0.01346	0.02023	0.02829	0.01402	0.02234	0.01514	0.01801	0.01059	0.01225	0.00952	0.00641	0.00497	0.00166	0.00821	0.00411	0.00317	0.00966
20	0.01075	0.00739	0.00905	0.00905	0.00938	0.00771	0.00569	0.01141	0.01108	0.01510	0.02252	0.04376	0.02490	0.56939	0.20463	0.00837	0.01035	0.01009	0.00437	0.00503
21	0.01985	0.74357	0.03890	0.01270	0.01905	0.02937	0.01270	0.02223	0.01508	0.01747	0.01032	0.01191	0.00953	0.00635	0.00476	0.00159	0.00794	0.00397	0.00318	0.00953
22	0.00944	0.00697	0.00882	0.01006	0.01106	0.00644	0.00714	0.01113	0.01521	0.01982	0.07389	0.48398	0.16971	0.04663	0.01038	0.00308	0.00455	0.08868	0.00686	0.00615
23	0.04851	0.02029	0.14756	0.01670	0.02264	0.01721	0.05451	0.18963	0.18998	0.05372	0.02226	0.09698	0.01833	0.00996	0.00746	0.00236	0.00764	0.00835	0.00613	0.05976
24	0.01874	0.01694	0.02859	0.04235	0.62913	0.01683	0.02149	0.02303	0.01730	0.05702	0.04554	0.02040	0.01474	0.00713	0.00742	0.00222	0.00846	0.00697	0.00415	0.01158
25	0.03131	0.01583	0.01921	0.01473	0.02055	0.01566	0.01216	0.28370	0.02660	0.44286	0.02480	0.02235	0.01612	0.00908	0.00745	0.00227	0.00704	0.00716	0.00850	0.01263
26	0.01817	0.01744	0.02977	0.07643	0.66348	0.01759	0.02268	0.02261	0.01681	0.02401	0.01393	0.01844	0.01167	0.00665	0.00735	0.00222	0.00887	0.00661	0.00366	0.01160
27	0.01904	0.27498	0.32680	0.01763	0.02554	0.12489	0.01945	0.04487	0.04336	0.02170	0.01285	0.01461	0.01010	0.00708	0.00626	0.00203	0.01002	0.00502	0.00356	0.01021
28	0.01942	0.01056	0.01416	0.01358	0.01679	0.01017	0.01158	0.06571	0.01971	0.22730	0.06218	0.06052	0.03452	0.01610	0.00916	0.00295	0.00663	0.38234	0.00764	0.00898
29	0.01070	0.00728	0.00869	0.00875	0.00896	0.00747	0.00530	0.01115	0.01109	0.01498	0.02350	0.07053	0.02653	0.61113	0.13707	0.00775	0.00899	0.01075	0.00451	0.00487
30	0.01058	0.00809	0.01164	0.01200	0.01321	0.00772	0.05058	0.04310	0.01568	0.02100	0.06158	0.62811	0.04561	0.02115	0.00930	0.00292	0.00500	0.01932	0.00676	0.00665
31	0.02607	0.03105	0.02234	0.02277	0.12221	0.53410	0.01549	0.07509	0.04334	0.02157	0.01293	0.01492	0.01055	0.00767	0.00687	0.00200	0.01208	0.00531	0.00419	0.00947
32	0.01111	0.00842	0.01219	0.01197	0.01311	0.00994	0.00923	0.01352	0.01193	0.01742	0.01963	0.02977	0.01864	0.10498	0.58587	0.01062	0.06603	0.00804	0.03102	0.00657
33	0.00930	0.00686	0.00878	0.01020	0.01112	0.00633	0.00721	0.01092	0.01498	0.01948	0.04666	0.55177	0.15891	0.02220	0.00944	0.00297	0.00448	0.08534	0.00689	0.00616
34	0.01833	0.01807	0.03017	0.08949	0.58607	0.04032	0.06303	0.02281	0.01694	0.02367	0.01390	0.01841	0.01153	0.00668	0.00742	0.00223	0.00928	0.00669	0.00366	0.01131
35	0.01289	0.00645	0.00967	0.00967	0.00967	0.00645	0.00645	0.00967	0.00967	0.01289	0.01289	0.02257	0.01289	0.02579	0.02901	0.78401	0.00645	0.00645	0.00322	0.00322
36	0.01401	0.01299	0.02175	0.69741	0.04971	0.01617	0.02010	0.01891	0.01487	0.01926	0.01356	0.02006	0.01020	0.00746	0.00735	0.00245	0.00968	0.00661	0.02925	0.00820
37	0.01559	0.02764	0.40043	0.06056	0.12233	0.03803	0.02178	0.02209	0.01711	0.04682	0.13396	0.02360	0.02085	0.00855	0.00742	0.00232	0.00920	0.00716	0.00434	0.01021
38	0.01753	0.41854	0.31770	0.01607	0.02421	0.02343	0.01866	0.02259	0.01535	0.02039	0.01209	0.01407	0.00982	0.00673	0.00575	0.00192	0.00906	0.00472	0.03132	0.01004
39	0.01320	0.00941	0.01154	0.01081	0.01214	0.01022	0.00765	0.10497	0.01464	0.02005	0.02129	0.03696	0.02180	0.37990	0.28477	0.00826	0.01208	0.00915	0.00472	0.00645
40	0.19802	0.01702	0.04760	0.15382	0.22479	0.03811	0.06118	0.02131	0.01499	0.02433	0.01332	0.01904	0.01120	0.00809	0.00892	0.00246	0.09439	0.02814	0.00387	0.00940
41	0.01089	0.00799	0.01025	0.00962	0.01149	0.00756	0.00723	0.01524	0.05279	0.02983	0.65708	0.05411	0.06776	0.01493	0.00870	0.00234	0.00362	0.01318	0.00814	0.00723
42	0.01964	0.71389	0.06676	0.01306	0.01960	0.02886	0.01332	0.02228	0.01511	0.01772	0.01045	0.01207	0.00952	0.00638	0.00486	0.00162	0.00807	0.00403	0.00317	0.00959
43	0.02185	0.01456	0.07781	0.01440	0.01905	0.01244	0.03337	0.02916	0.16725	0.29059	0.02983	0.13041	0.02490	0.03720	0.00905	0.00272	0.00663	0.06083	0.00742	0.01052
44	0.00884	0.00728	0.00777	0.00817	0.01020	0.00621	0.00593	0.01058	0.01629	0.01980	0.06727	0.22488	0.54147	0.01983	0.00894	0.00262	0.00389	0.01693	0.00689	0.00621
45	0.02271	0.01663	0.02005	0.01571	0.02072	0.01740	0.05321	0.35887	0.02583	0.08088	0.02028	0.09653	0.01689	0.01003	0.00812	0.00220	0.04005	0.00813	0.04901	0.11676
46	0.01797	0.01889	0.07034	0.06506	0.58700	0.01766	0.06826	0.02277	0.01681	0.02400	0.01398	0.01838	0.01153	0.00664	0.00743	0.00224	0.00924	0.00670	0.00364	0.01148
47	0.01565	0.09487	0.54996	0.04645	0.07797	0.01831	0.02508	0.02374	0.03859	0.02315	0.01369	0.01611	0.01006	0.00708	0.00691	0.00229	0.01035	0.00558	0.00333	0.01084
48	0.01059	0.00711	0.00816	0.00837	0.00842	0.00706	0.00479	0.01074	0.01121	0.01494	0.02549	0.13089	0.02964	0.65317	0.03439	0.00670	0.00685	0.01203	0.00479	0.00468
49	0.01915	0.02054	0.05880	0.03923	0.53399	0.10608	0.02137	0.02331	0.01720	0.02317	0.01425	0.01953	0.01225	0.00740	0.00790	0.00225	0.03306	0.02573	0.00375	0.01105
50	0.01078	0.00726	0.00840	0.00840	0.00850	0.00736	0.00487	0.01099	0.01088	0.01462	0.02312	0.04707	0.02633	0.68589	0.09010	0.00757	0.00819	0.01057	0.00446	0.00466
51	0.01526	0.03421	0.58095	0.01991	0.02962	0.01708	0.02454	0.02547	0.11024	0.02479	0.03766	0.01867	0.01326	0.00775	0.00718	0.00237	0.01000	0.00616	0.00393	0.01095
52	0.01489	0.03840	0.70064	0.02116	0.03213	0.01724	0.02743	0.02351	0.01567	0.02351	0.01332	0.01567	0.00940	0.00705	0.00705	0.00235	0.01097	0.00549	0.00313	0.01097
53	0.01104	0.00815	0.01171	0.01256	0.04478	0.00901	0.00875	0.01325	0.01226	0.01758	0.02174	0.07669	0.02170	0.17288	0.48197	0.00964	0.01542	0.00919	0.03522	0.00646
54	0.13292	0.02308	0.09827	0.05651	0.06852	0.18723	0.01486	0.09952	0.07118	0.09439	0.01590	0.01713	0.01186	0.00770	0.00665	0.00213	0.00899	0.00571	0.00510	0.07234
55	0.01580	0.03568	0.62647	0.02027	0.03052	0.01680	0.02559	0.04502	0.01672	0.04796	0.04127	0.01768	0.01227	0.00752	0.00715	0.00234	0.01042	0.00591	0.00369	0.01092
56	0.01043	0.00753	0.00985	0.00939	0.01107	0.00695	0.00700	0.01381	0.02064	0.02918	0.65336	0.09266	0.06890	0.01562	0.00880	0.00237	0.00355	0.01385	0.00810	0.00695
57	0.01832	0.01780	0.03106	0.04460	0.64857	0.01772	0.06627	0.02285	0.01695	0.02422	0.01404	0.01849	0.01173	0.00659	0.00744	0.00222	0.00907	0.00676	0.00368	0.01164
58	0.01841	0.01840	0.02912	0.04088	0.57165	0.06257	0.06030	0.02263	0.01721	0.02359	0.01722	0.02105	0.04875	0.00733	0.00747	0.00222	0.00907	0.00712	0.00387	0.01114
59	0.01384	0.00864	0.01003	0.00945	0.01069	0.00984	0.00723	0.01660	0.01421	0.02421	0.02140	0.02781	0.01817	0.08491	0.03738	0.00292	0.13278	0.00727	0.53573	0.00688
60	0.01061	0.00795	0.01193	0.01193	0.01326	0.00928	0.00928	0.01326	0.01193	0.01723	0.01988	0.02916	0.01856	0.05568	0.70968	0.01193	0.01988	0.00795	0.00398	0.00663
61	0.01539	0.01319	0.01539	0.01100	0.01759	0.00990	0.00880	0.01869	0.01539	0.02419	0.01319	0.01539	0.01100	0.00550	0.00550	0.00110	0.00550	0.00440	0.00440	0.78449
62	0.01624	0.01624	0.02274	0.01949	0.01949	0.02274	0.01624	0.01787	0.01137	0.01787	0.00975	0.01624	0.00975	0.01299	0.02436	0.00325	0.72552	0.00650	0.00325	0.00812
63	0.79154	0.01436	0.01091	0.00976	0.01436	0.01665	0.00804	0.02182	0.01263	0.03331	0.01034	0.01206	0.00804	0.00689	0.00459	0.00230	0.00574	0.00402	0.00459	0.00804
64	0.01072	0.00749	0.00959	0.00959	0.01011	0.00801	0.00636	0.01175	0.01124	0.01550	0.02203	0.04102	0.02371	0.47310	0.29931	0.00904	0.01214	0.00969	0.00430	0.00533
65	0.01624	0.01624	0.02274	0.01949	0.01949	0.02274	0.01624	0.01787	0.01137	0.01787	0.00975	0.01624	0.00975	0.01299	0.02436	0.00325	0.72552	0.00650	0.00325	0.00812
66	0.62923	0.01488	0.01454	0.01624	0.13510	0.01664	0.01075	0.02246	0.01368	0.05350	0.01160	0.01362	0.00904	0.00692	0.00518	0.00228	0.00631	0.00459	0.00458	0.00885
67	0.01044	0.00759	0.00984	0.00927	0.01105	0.00698	0.00696	0.01389	0.02087	0.02942	0.66667	0.05603	0.09247	0.01531	0.00876	0.00234	0.00351	0.01351	0.00813	0.00698
68	0.01985	0.74357	0.03890	0.01270	0.01905	0.02937	0.01270	0.02223	0.01508	0.01747	0.01032	0.01191	0.00953	0.00635	0.00476	0.00159	0.00794	0.00397	0.00318	0.00953
69	0.01533	0.01453	0.02464	0.51753	0.24460	0.01684	0.02127	0.02012	0.01547	0.02056	0.01343	0.01936	0.01046	0.00718	0.00740	0.00239	0.00957	0.00660	0.00341	0.00931
70	0.01625	0.01175	0.01444	0.01370	0.04213	0.01304	0.01025	0.17211	0.06520	0.02730	0.02078	0.02631	0.01753	0.05378	0.31651	0.00659	0.01230	0.00754	0.14389	0.00860
71	0.79154	0.01436	0.01091	0.00976	0.01436	0.01665	0.00804	0.02182	0.01263	0.03331	0.01034	0.01206	0.00804	0.00689	0.00459	0.00230	0.00574	0.00402	0.00459	0.00804
72	0.01402	0.01319	0.02227	0.72126	0.05113	0.01649	0.02062	0.01897	0.01484	0.01897	0.01319	0.01979	0.00990	0.00742	0.00742	0.00247	0.00990	0.00660	0.00330	0.00825
73	0.01539	0.01319	0.01539	0.01100	0.01759	0.00990	0.00880	0.01869	0.01539	0.02419	0.01319	0.01539	0.01100	0.00550	0.00550	0.00110	0.00550	0.00440	0.00440	0.78449
74	0.00943	0.00735	0.00856	0.00868	0.01054	0.00648	0.00635	0.01177	0.01785	0.02324	0.28314	0.18919	0.35414	0.01836	0.00890	0.00254	0.00377	0.01590	0.00734	0.00648
75	0.01061	0.00795	0.01193	0.01193	0.01326	0.00928	0.00928	0.01326	0.01193	0.01723	0.01988	0.02916	0.01856	0.05568	0.70968	0.01193	0.01988	0.00795	0.00398	0.00663
76	0.00877	0.00752	0.00752	0.00752	0.01003	0.00627	0.00564	0.01065	0.01692	0.02005	0.07520	0.07144	0.68978	0.01880	0.00877	0.00251	0.00376	0.01567	0.00689	0.00627
77	0.01489	0.03840	0.70064	0.02116	0.03213	0.01724	0.02743	0.02351	0.01567	0.02351	0.01332	0.01567	0.00940	0.00705	0.00705	0.00235	0.01097	0.00549	0.00313	0.01097
78	0.01421	0.01357	0.02345	0.68344	0.05045	0.01662	0.05598	0.01923	0.01499	0.01923	0.01329	0.01980	0.00997	0.00736	0.00750	0.00248	0.01004	0.00672	0.00332	0.00834
79	0.01011	0.00822	0.00911	0.00941	0.01160	0.00762	0.00711	0.01389	0.07931	0.02140	0.08000	0.19054	0.42616	0.01885	0.00893	0.00269	0.00435	0.07690	0.00699	0.00682
80	0.79154	0.01436	0.01091	0.00976	0.01436	0.01665	0.00804	0.02182	0.01263	0.03331	0.01034	0.01206	0.00804	0.00689	0.00459	0.00230	0.00574	0.00402	0.00459	0.00804
81	0.01134	0.00824	0.01146	0.03383	0.01535	0.00821	0.01100	0.01433	0.01646	0.02141	0.04014	0.20811	0.06644	0.02059	0.00996	0.00328	0.00632	0.48008	0.00674	0.00670
82	0.01145	0.00806	0.01024	0.00954	0.01158	0.00750	0.00721	0.01543	0.04433	0.05215	0.59626	0.05462	0.11324	0.01506	0.00867	0.00235	0.00370	0.01321	0.00809	0.00731
83	0.02127	0.61560	0.03567	0.01386	0.01976	0.15224	0.01300	0.02357	0.01616	0.01759	0.01053	0.01218	0.00953	0.00659	0.00511	0.00165	0.00892	0.00412	0.00329	0.00936
84	0.00903	0.00651	0.00856	0.01021	0.01073	0.00604	0.00683	0.01035	0.01434	0.01900	0.04248	0.70398	0.07837	0.02305	0.00944	0.00299	0.00428	0.02086	0.00689	0.00604
85	0.02608	0.10247	0.02237	0.01812	0.02222	0.57736	0.01394	0.02986	0.08312	0.01933	0.01315	0.01461	0.01081	0.00775	0.00659	0.00194	0.01214	0.00505	0.00412	0.00900
86	0.02440	0.01433	0.02136	0.17433	0.17938	0.01444	0.01581	0.07796	0.01993	0.31931	0.04801	0.02314	0.01666	0.00844	0.00748	0.00231	0.00769	0.00726	0.00648	0.01126
87	0.00936	0.00659	0.00852	0.00994	0.01029	0.00624	0.00647	0.01042	0.01361	0.01814	0.03780	0.61237	0.04517	0.15050	0.01451	0.00376	0.00482	0.01927	0.00647	0.00576
88	0.06190	0.00813	0.01059	0.01109	0.01232	0.00800	0.03357	0.03667	0.01486	0.02123	0.03508	0.55356	0.04067	0.06751	0.01072	0.00313	0.00503	0.01761	0.04181	0.00651
89	0.01708	0.02376	0.19007	0.03153	0.15354	0.01822	0.40700	0.02354	0.01699	0.02380	0.01445	0.01875	0.01093	0.00650	0.00812	0.00242	0.01151	0.00764	0.00360	0.01054
90	0.04915	0.00978	0.01267	0.05857	0.01603	0.00940	0.00900	0.04214	0.02029	0.17703	0.38535	0.07116	0.08303	0.01328	0.00819	0.00237	0.00486	0.01144	0.00777	0.00850
91	0.01846	0.01595	0.01679	0.01511	0.01930	0.01846	0.01175	0.03945	0.67938	0.03105	0.03022	0.02770	0.02266	0.01007	0.00755	0.00252	0.00588	0.00839	0.00755	0.01175
92	0.01983	0.01709	0.01781	0.04104	0.02104	0.04140	0.01245	0.11755	0.55280	0.03218	0.02743	0.02570	0.02051	0.00975	0.00751	0.00246	0.00655	0.00800	0.00726	0.01163
93	0.01014	0.00817	0.00942	0.00954	0.01129	0.00785	0.00701	0.01304	0.05246	0.02114	0.12878	0.20854	0.34632	0.06603	0.01152	0.00297	0.03726	0.03516	0.00675	0.00659
94	0.01555	0.13286	0.61200	0.02003	0.03038	0.01887	0.02546	0.02334	0.01559	0.02270	0.01292	0.01517	0.00942	0.00696	0.00675	0.00225	0.01057	0.00528	0.00314	0.01078
95	0.01442	0.01360	0.02298	0.65974	0.10956	0.01660	0.02081	0.01931	0.01503	0.01945	0.01326	0.01966	0.01007	0.00735	0.00742	0.00245	0.00980	0.00660	0.00333	0.00857
96	0.01056	0.00727	0.00895	0.00914	0.00946	0.00750	0.00575	0.01126	0.01141	0.01548	0.02459	0.11978	0.02767	0.51883	0.17402	0.00772	0.00951	0.01134	0.00465	0.00511
97	0.01072	0.00809	0.00997	0.00952	0.01148	0.00762	0.00712	0.01505	0.06483	0.02786	0.51968	0.09309	0.15544	0.01580	0.00872	0.00241	0.00375	0.01383	0.00787	0.00717
98	0.01786	0.01741	0.02827	0.17623	0.54378	0.04223	0.02206	0.02229	0.01665	0.02301	0.01372	0.01847	0.01132	0.00681	0.00734	0.00225	0.00919	0.00655	0.00361	0.01096
99	0.01203	0.01005	0.01466	0.01384	0.01483	0.01268	0.01104	0.01442	0.01179	0.01739	0.01732	0.02590	0.01633	0.04489	0.53645	0.00974	0.19825	0.00759	0.00379	0.00701
100	0.01624	0.01624	0.02274	0.01949	0.01949	0.02274	0.01624	0.01787	0.01137	0.01787	0.00975	0.01624	0.00975	0.01299	0.02436	0.00325	0.72552	0.00650	0.00325	0.00812
101	0.01020	0.00758	0.00950	0.00902	0.01090	0.00687	0.00676	0.01341	0.02029	0.02804	0.57979	0.05830	0.18021	0.01582	0.00876	0.00237	0.00355	0.01382	0.00794	0.00687
102	0.02362	0.01834	0.02198	0.04428	0.09511	0.02003	0.03688	0.43151	0.08647	0.03808	0.01938	0.04449	0.01545	0.05847	0.00960	0.00263	0.00806	0.00765	0.00654	0.01144
103	0.01489	0.03840	0.70064	0.02116	0.03213	0.01724	0.02743	0.02351	0.01567	0.02351	0.01332	0.01567	0.00940	0.00705	0.00705	0.00235	0.01097	0.00549	0.00313	0.01097
104	0.01752	0.02003	0.04380	0.03129	0.03880	0.01877	0.66583	0.02378	0.01752	0.02378	0.01502	0.02003	0.01126	0.00626	0.00876	0.00250	0.01252	0.00876	0.00375	0.01001
105	0.01489	0.03840	0.70064	0.02116	0.03213	0.01724	0.02743	0.02351	0.01567	0.02351	0.01332	0.01567	0.00940	0.00705	0.00705	0.00235	0.01097	0.00549	0.00313	0.01097
106	0.01807	0.01727	0.02911	0.09183	0.62429	0.01759	0.02225	0.02310	0.03993	0.02412	0.01448	0.01880	0.01201	0.00679	0.00736	0.00223	0.00879	0.00668	0.00378	0.01151
107	0.01846	0.01595	0.01679	0.01511	0.01930	0.01846	0.01175	0.03945	0.67938	0.03105	0.03022	0.02770	0.02266	0.01007	0.00755	0.00252	0.00588	0.00839	0.00755	0.01175
108	0.01115	0.00752	0.01080	0.01153	0.01267	0.00699	0.03508	0.01283	0.01493	0.06518	0.03898	0.63291	0.04520	0.02149	0.00934	0.00296	0.00488	0.04197	0.00691	0.00667
109	0.02451	0.02619	0.02232	0.12510	0.09778	0.35163	0.01602	0.17476	0.04582	0.02597	0.01411	0.01638	0.01101	0.00788	0.00707	0.00212	0.01092	0.00581	0.00469	0.00992
110	0.01128	0.00793	0.01131	0.01117	0.01231	0.00761	0.04295	0.03431	0.01482	0.01987	0.10777	0.36006	0.06979	0.06984	0.01538	0.17139	0.00543	0.01492	0.00593	0.00589
111	0.01402	0.01319	0.02227	0.72126	0.05113	0.01649	0.02062	0.01897	0.01484	0.01897	0.01319	0.01979	0.00990	0.00742	0.00742	0.00247	0.00990	0.00660	0.00330	0.00825
112	0.01068	0.00765	0.01040	0.01040	0.01119	0.00845	0.00737	0.01227	0.01148	0.01610	0.02129	0.03693	0.02193	0.32902	0.44095	0.01004	0.01481	0.00909	0.00419	0.00578
113	0.01539	0.01319	0.01539	0.01100	0.01759	0.00990	0.00880	0.01869	0.01539	0.02419	0.01319	0.01539	0.01100	0.00550	0.00550	0.00110	0.00550	0.00440	0.00440	0.78449
114	0.03178	0.01440	0.01824	0.01406	0.01979	0.01362	0.01159	0.16465	0.04593	0.54346	0.02699	0.02384	0.01735	0.00916	0.00746	0.00229	0.00668	0.00734	0.00878	0.01260
115	0.01431	0.00737	0.00742	0.00725	0.00912	0.00744	0.00548	0.03843	0.01620	0.02830	0.02401	0.02736	0.01882	0.00866	0.00526	0.00175	0.00361	0.00691	0.75522	0.00710
116	0.02756	0.02047	0.02191	0.01695	0.02277	0.02271	0.01395	0.62554	0.07848	0.04572	0.01866	0.01849	0.01330	0.00899	0.00744	0.00225	0.00801	0.00680	0.00744	0.01257
117	0.00893	0.00718	0.00797	0.00851	0.01031	0.00622	0.00610	0.01068	0.01620	0.02008	0.08848	0.28747	0.45563	0.02011	0.00900	0.00267	0.00393	0.01736	0.00694	0.00622
118	0.03160	0.01340	0.01887	0.01446	0.02001	0.01222	0.04119	0.05458	0.02103	0.61386	0.02733	0.02436	0.01745	0.00923	0.00834	0.00235	0.04137	0.00745	0.00860	0.01230
119	0.03233	0.01420	0.01820	0.01395	0.01973	0.01323	0.01152	0.15718	0.02386	0.57324	0.02709	0.02384	0.01728	0.00914	0.00746	0.00228	0.00667	0.00732	0.00885	0.01263
120	0.07023	0.07059	0.10115	0.06270	0.50531	0.01831	0.02150	0.02262	0.01628	0.02412	0.01337	0.01725	0.01103	0.00669	0.00695	0.00219	0.00882	0.00613	0.00363	0.01114
121	0.01765	0.01642	0.02705	0.26167	0.43940	0.01764	0.02148	0.06616	0.01748	0.02411	0.01398	0.01879	0.01122	0.00703	0.00738	0.00229	0.00912	0.00661	0.00381	0.01069
122	0.01609	0.01604	0.02271	0.06694	0.02163	0.02232	0.01654	0.01794	0.01160	0.01794	0.00998	0.01648	0.00976	0.01262	0.02322	0.00320	0.67713	0.00650	0.00325	0.00813
123	0.00927	0.00754	0.00821	0.00804	0.01033	0.00648	0.00603	0.01162	0.01810	0.02285	0.25186	0.06684	0.51138	0.01776	0.00877	0.00246	0.00369	0.01502	0.00726	0.00648
124	0.03159	0.01427	0.01810	0.01400	0.01969	0.01348	0.01153	0.14868	0.05975	0.54564	0.02730	0.02408	0.01759	0.00919	0.00746	0.00230	0.00662	0.00738	0.00879	0.01258
125	0.02822	0.02079	0.02228	0.01708	0.02302	0.02302	0.01411	0.66804	0.03490	0.04679	0.01782	0.01782	0.01262	0.00891	0.00743	0.00223	0.00817	0.00668	0.00743	0.01262
126	0.01915	0.01614	0.01713	0.01524	0.01951	0.01854	0.01198	0.09811	0.59434	0.03222	0.02937	0.02879	0.02244	0.01034	0.00764	0.00252	0.00613	0.03122	0.00752	0.01166
127	0.01703	0.01444	0.01555	0.01407	0.01782	0.01639	0.01089	0.03485	0.56041	0.03082	0.14924	0.03271	0.03122	0.01099	0.00777	0.00248	0.00545	0.00930	0.00767	0.01089
128	0.02630	0.01911	0.02066	0.01636	0.02188	0.02114	0.01335	0.47912	0.18387	0.08716	0.02148	0.02062	0.01535	0.00920	0.00746	0.00230	0.00751	0.00713	0.00758	0.01242
129	0.00877	0.00752	0.00752	0.00752	0.01003	0.00627	0.00564	0.01065	0.01692	0.02005	0.07520	0.07144	0.68978	0.01880	0.00877	0.00251	0.00376	0.01567	0.00689	0.00627
130	0.00912	0.00657	0.00865	0.01016	0.01076	0.00610	0.00685	0.01057	0.01473	0.01965	0.08159	0.66664	0.07593	0.02259	0.00940	0.00295	0.00424	0.02042	0.00697	0.00610
131	0.01985	0.74357	0.03890	0.01270	0.01905	0.02937	0.01270	0.02223	0.01508	0.01747	0.01032	0.01191	0.00953	0.00635	0.00476	0.00159	0.00794	0.00397	0.00318	0.00953
132	0.01051	0.00759	0.00992	0.00934	0.01109	0.00700	0.00700	0.01401	0.02101	0.02977	0.68888	0.05545	0.07005	0.01518	0.00876	0.00233	0.00350	0.01343	0.00817	0.00700
133	0.05902	0.02115	0.02519	0.03112	0.34954	0.14610	0.01816	0.13892	0.04240	0.02737	0.01427	0.01722	0.01156	0.00778	0.00827	0.00224	0.05804	0.00622	0.00451	0.01091
134	0.65209	0.14613	0.01597	0.01029	0.01521	0.01895	0.00888	0.02190	0.01308	0.03044	0.01033	0.01203	0.00831	0.00679	0.00462	0.00217	0.00614	0.00401	0.00434	0.00831
135	0.01028	0.00754	0.00963	0.00919	0.01097	0.00689	0.00686	0.01353	0.02034	0.02837	0.60187	0.08257	0.13256	0.01585	0.00878	0.00238	0.00356	0.01394	0.00799	0.00689
136	0.79154	0.01436	0.01091	0.00976	0.01436	0.01665	0.00804	0.02182	0.01263	0.03331	0.01034	0.01206	0.00804	0.00689	0.00459	0.00230	0.00574	0.00402	0.00459	0.00804
137	0.01161	0.00868	0.01123	0.01228	0.01420	0.00858	0.01027	0.01583	0.06193	0.02279	0.08989	0.12030	0.14421	0.01935	0.00968	0.00311	0.00589	0.41614	0.00699	0.00704
138	0.02758	0.01970	0.02139	0.01648	0.02235	0.02145	0.01356	0.56854	0.06430	0.08940	0.01901	0.01871	0.01343	0.00885	0.00736	0.00220	0.00782	0.00673	0.00743	0.04371
139	0.02778	0.03395	0.02116	0.01893	0.02296	0.64219	0.01432	0.09207	0.02239	0.02097	0.01210	0.01382	0.00986	0.00777	0.00677	0.00194	0.01288	0.00497	0.00418	0.00900
140	0.01080	0.00720	0.00810	0.00810	0.00810	0.00720	0.00450	0.01080	0.01080	0.01439	0.02339	0.04858	0.02699	0.73910	0.03779	0.00720	0.00720	0.01080	0.00450	0.00450
141	0.02769	0.02053	0.02198	0.01697	0.02282	0.02277	0.01398	0.63359	0.07023	0.04592	0.01850	0.01836	0.01317	0.00898	0.00743	0.00224	0.00804	0.00678	0.00743	0.01258
142	0.01820	0.01746	0.02982	0.07253	0.66719	0.01759	0.02270	0.02263	0.01682	0.02404	0.01393	0.01843	0.01168	0.00665	0.00735	0.00222	0.00886	0.00661	0.00366	0.01162
143	0.01613	0.01404	0.01762	0.01274	0.01929	0.01129	0.05353	0.04413	0.03940	0.02525	0.01408	0.01623	0.01148	0.00584	0.00586	0.00129	0.00609	0.00492	0.00458	0.67622
144	0.03331	0.01263	0.01723	0.01321	0.01895	0.01091	0.01091	0.03618	0.02125	0.69794	0.02929	0.02527	0.01838	0.00919	0.00747	0.00230	0.00632	0.00747	0.00919	0.01263
145	0.01402	0.01319	0.02227	0.72126	0.05113	0.01649	0.02062	0.01897	0.01484	0.01897	0.01319	0.01979	0.00990	0.00742	0.00742	0.00247	0.00990	0.00660	0.00330	0.00825
146	0.01575	0.01272	0.01548	0.01376	0.01619	0.05090	0.03648	0.15031	0.01754	0.02387	0.02023	0.06998	0.01901	0.11341	0.32570	0.00720	0.04198	0.00857	0.03302	0.00791
147	0.00901	0.00661	0.00846	0.00994	0.01066	0.00606	0.00672	0.01038	0.01459	0.01911	0.04574	0.64092	0.13932	0.02263	0.00938	0.00294	0.00423	0.02034	0.00689	0.00606
148	0.01080	0.00720	0.00810	0.00810	0.00810	0.00720	0.00450	0.01080	0.01080	0.01439	0.02339	0.04858	0.02699	0.73910	0.03779	0.00720	0.00720	0.01080	0.00450	0.00450
149	0.01179	0.00865	0.01154	0.01296	0.01457	0.00876	0.01069	0.01616	0.07231	0.02215	0.03894	0.24054	0.04261	0.02031	0.00983	0.00324	0.00613	0.43486	0.00691	0.00705
150	0.01489	0.03840	0.70064	0.02116	0.03213	0.01724	0.02743	0.02351	0.01567	0.02351	0.01332	0.01567	0.00940	0.00705	0.00705	0.00235	0.01097	0.00549	0.00313	0.01097
151	0.00893	0.00744	0.00762	0.00771	0.00994	0.00632	0.00563	0.01065	0.01636	0.01961	0.06982	0.10623	0.60985	0.06775	0.01077	0.00285	0.00402	0.01564	0.00673	0.00613
152	0.01724	0.01957	0.04263	0.03059	0.03786	0.01835	0.64383	0.02333	0.01741	0.02362	0.01588	0.04388	0.01253	0.00683	0.00878	0.00252	0.01224	0.00917	0.00386	0.00988
153	0.01791	0.01717	0.02930	0.11705	0.62491	0.01752	0.02255	0.02238	0.01669	0.02369	0.01388	0.01852	0.01156	0.00670	0.00736	0.00223	0.00893	0.00661	0.00363	0.01139
154	0.00877	0.00752	0.00752	0.00752	0.01003	0.00627	0.00564	0.01065	0.01692	0.02005	0.07520	0.07144	0.68978	0.01880	0.00877	0.00251	0.00376	0.01567	0.00689	0.00627
155	0.01985	0.74357	0.03890	0.01270	0.01905	0.02937	0.01270	0.02223	0.01508	0.01747	0.01032	0.01191	0.00953	0.00635	0.00476	0.00159	0.00794	0.00397	0.00318	0.00953
156	0.02775	0.02087	0.02175	0.01683	0.02257	0.04652	0.01384	0.62527	0.03381	0.04518	0.01780	0.01798	0.01272	0.00886	0.00733	0.00220	0.00820	0.00662	0.03158	0.01231
157	0.02478	0.02880	0.02052	0.01821	0.02139	0.48002	0.01406	0.08161	0.02012	0.02120	0.01255	0.01522	0.01048	0.00879	0.00985	0.00217	0.14097	0.00540	0.05509	0.00875
158	0.01061	0.00795	0.01193	0.01193	0.01326	0.00928	0.00928	0.01326	0.01193	0.01723	0.01988	0.02916	0.01856	0.05568	0.70968	0.01193	0.01988	0.00795	0.00398	0.00663
159	0.01061	0.00795	0.01193	0.01193	0.01326	0.00928	0.00928	0.01326	0.01193	0.01723	0.01988	0.02916	0.01856	0.05568	0.70968	0.01193	0.01988	0.00795	0.00398	0.00663
160	0.01539	0.01319	0.01539	0.01100	0.01759	0.00990	0.00880	0.01869	0.01539	0.02419	0.01319	0.01539	0.01100	0.00550	0.00550	0.00110	0.00550	0.00440	0.00440	0.78449
161	0.05779	0.08476	0.61809	0.01996	0.03027	0.01803	0.02537	0.02333	0.01547	0.02364	0.01296	0.01522	0.00934	0.00700	0.00676	0.00230	0.01048	0.00530	0.00322	0.01071
162	0.01846	0.01595	0.01679	0.01511	0.01930	0.01846	0.01175	0.03945	0.67938	0.03105	0.03022	0.02770	0.02266	0.01007	0.00755	0.00252	0.00588	0.00839	0.00755	0.01175
163	0.00904	0.00646	0.00861	0.01034	0.01077	0.00603	0.00689	0.01034	0.01421	0.01895	0.04092	0.73426	0.04910	0.02326	0.00948	0.00301	0.00431	0.02110	0.00689	0.00603
164	0.02212	0.02603	0.02187	0.01930	0.02126	0.37374	0.01527	0.02389	0.01631	0.01802	0.01063	0.01478	0.00965	0.01026	0.01533	0.00257	0.36145	0.00562	0.00354	0.00837
165	0.01533	0.01499	0.02676	0.49694	0.17115	0.01703	0.11092	0.02036	0.01561	0.02064	0.01359	0.01956	0.01044	0.00711	0.00759	0.00243	0.01006	0.00690	0.00343	0.00916
166	0.00912	0.00652	0.00869	0.01028	0.01079	0.00608	0.00690	0.01054	0.01459	0.01954	0.07643	0.69705	0.05025	0.02281	0.00944	0.00298	0.00426	0.02068	0.00696	0.00608
167	0.01078	0.00725	0.00836	0.00836	0.00845	0.00734	0.00482	0.01096	0.01087	0.01459	0.02315	0.04727	0.02642	0.69289	0.08322	0.00752	0.00806	0.01060	0.00446	0.00464
168	0.00918	0.00754	0.00808	0.00794	0.01027	0.00644	0.00596	0.01143	0.01787	0.02231	0.21793	0.06773	0.54565	0.01796	0.00877	0.00247	0.00370	0.01515	0.00719	0.00644
169	0.00970	0.00756	0.00880	0.00849	0.01059	0.00666	0.00637	0.01244	0.01910	0.02522	0.40175	0.06294	0.36001	0.01687	0.00876	0.00242	0.00362	0.01447	0.00757	0.00666
170	0.02773	0.03538	0.02104	0.01913	0.02295	0.70930	0.01434	0.02964	0.02104	0.01817	0.01148	0.01339	0.00956	0.00765	0.00669	0.00191	0.01339	0.00478	0.00383	0.00861
171	0.03331	0.01263	0.01723	0.01321	0.01895	0.01091	0.01091	0.03618	0.02125	0.69794	0.02929	0.02527	0.01838	0.00919	0.00747	0.00230	0.00632	0.00747	0.00919	0.01263
172	0.65584	0.01605	0.01289	0.01114	0.01589	0.04355	0.00913	0.11273	0.01607	0.03463	0.01143	0.01292	0.00874	0.00720	0.00507	0.00227	0.00637	0.00442	0.00496	0.00870
173	0.02774	0.02100	0.02199	0.01693	0.02282	0.04539	0.01393	0.62330	0.03374	0.04502	0.01744	0.01759	0.01246	0.00875	0.00733	0.00218	0.00825	0.00654	0.00720	0.04042
174	0.73070	0.01425	0.01164	0.04238	0.01619	0.01645	0.00871	0.02217	0.01302	0.05485	0.01110	0.01285	0.00847	0.00699	0.00482	0.00231	0.00595	0.00425	0.00469	0.00820
175	0.01080	0.00720	0.00810	0.00810	0.00810	0.00720	0.00450	0.01080	0.01080	0.01439	0.02339	0.04858	0.02699	0.73910	0.03779	0.00720	0.00720	0.01080	0.00450	0.00450
176	0.01527	0.01437	0.02426	0.48597	0.24604	0.01652	0.02093	0.01999	0.01556	0.02072	0.01448	0.02194	0.01179	0.00770	0.00751	0.00243	0.00944	0.03226	0.00356	0.00926
177	0.01415	0.00880	0.01196	0.01237	0.01463	0.00839	0.01044	0.01744	0.01846	0.10785	0.18179	0.06969	0.07690	0.01785	0.00951	0.00300	0.00589	0.39591	0.00742	0.00757
178	0.00904	0.00646	0.00861	0.01034	0.01077	0.00603	0.00689	0.01034	0.01421	0.01895	0.04092	0.73426	0.04910	0.02326	0.00948	0.00301	0.00431	0.02110	0.00689	0.00603
179	0.01289	0.00645	0.00967	0.00967	0.00967	0.00645	0.00645	0.00967	0.00967	0.01289	0.01289	0.02257	0.01289	0.02579	0.02901	0.78401	0.00645	0.00645	0.00322	0.00322
180	0.01672	0.01565	0.02631	0.03930	0.57156	0.01558	0.01996	0.02057	0.01643	0.02331	0.01875	0.14563	0.01840	0.00957	0.00773	0.00235	0.00802	0.00919	0.00425	0.01074
181	0.02893	0.01167	0.01583	0.01247	0.01744	0.01016	0.01016	0.03193	0.02120	0.56980	0.15578	0.03106	0.02829	0.01034	0.00771	0.00230	0.00578	0.00861	0.00899	0.01155
182	0.00940	0.00715	0.00865	0.00911	0.01062	0.00640	0.00651	0.01156	0.01717	0.02260	0.24913	0.30952	0.26662	0.01933	0.00903	0.00264	0.00388	0.01698	0.00728	0.00640
183	0.01745	0.01669	0.02846	0.18937	0.55623	0.01739	0.02232	0.02197	0.01647	0.02313	0.01380	0.01868	0.01136	0.00679	0.00736	0.00226	0.00905	0.00661	0.00359	0.01101
184	0.02637	0.01418	0.01702	0.01410	0.01912	0.01444	0.01130	0.03771	0.32884	0.38626	0.02972	0.02640	0.02038	0.00960	0.00751	0.00240	0.00611	0.00790	0.00842	0.01222
185	0.01080	0.00720	0.00810	0.00810	0.00810	0.00720	0.00450	0.01080	0.01080	0.01439	0.02339	0.04858	0.02699	0.73910	0.03779	0.00720	0.00720	0.01080	0.00450	0.00450
186	0.00928	0.00669	0.00883	0.01037	0.01104	0.00624	0.00716	0.01082	0.01480	0.01965	0.06860	0.63375	0.08047	0.02254	0.00946	0.00299	0.00441	0.05985	0.00694	0.00613
187	0.02023	0.71055	0.03814	0.01290	0.01923	0.02908	0.01277	0.05173	0.01599	0.01881	0.01066	0.01218	0.00967	0.00647	0.00489	0.00162	0.00795	0.00409	0.00337	0.00967
188	0.02715	0.01546	0.07431	0.01625	0.02243	0.01228	0.11103	0.03098	0.01975	0.46850	0.04717	0.04500	0.01884	0.00901	0.00764	0.00230	0.00743	0.00795	0.00756	0.04898
189	0.01379	0.01284	0.02157	0.67330	0.04857	0.01601	0.01985	0.01858	0.01465	0.01885	0.01365	0.02043	0.01048	0.01069	0.05491	0.00311	0.01057	0.00669	0.00334	0.00814
190	0.01846	0.01595	0.01679	0.01511	0.01930	0.01846	0.01175	0.03945	0.67938	0.03105	0.03022	0.02770	0.02266	0.01007	0.00755	0.00252	0.00588	0.00839	0.00755	0.01175
191	0.01094	0.00712	0.00942	0.01043	0.01149	0.00657	0.00731	0.01269	0.01566	0.06623	0.11365	0.56068	0.07469	0.02113	0.00926	0.00288	0.00442	0.04161	0.00719	0.00662
192	0.07487	0.01273	0.01688	0.01302	0.01870	0.01123	0.01075	0.03539	0.02078	0.66151	0.02825	0.02454	0.01781	0.00906	0.00731	0.00230	0.00629	0.00728	0.00894	0.01238
193	0.01837	0.01764	0.03013	0.04557	0.69279	0.01764	0.02278	0.02278	0.01690	0.02425	0.01396	0.01837	0.01176	0.00661	0.00735	0.00220	0.00882	0.00661	0.00367	0.01176
194	0.00915	0.00754	0.00804	0.00792	0.01026	0.00643	0.00594	0.01139	0.01781	0.02217	0.20903	0.06796	0.55463	0.01801	0.00877	0.00247	0.00370	0.01518	0.00717	0.00643
195	0.01767	0.02055	0.06516	0.02902	0.06134	0.04153	0.49085	0.02390	0.04469	0.02323	0.01483	0.01946	0.01146	0.00729	0.01032	0.00255	0.09426	0.00814	0.00383	0.00993
196	0.01051	0.00759	0.00992	0.00934	0.01109	0.00700	0.00700	0.01401	0.02101	0.02977	0.68888	0.05545	0.07005	0.01518	0.00876	0.00233	0.00350	0.01343	0.00817	0.00700
197	0.00916	0.00654	0.00875	0.01047	0.01095	0.00613	0.00710	0.01054	0.01433	0.01908	0.04085	0.70803	0.04884	0.02315	0.00951	0.00303	0.00441	0.04617	0.00689	0.00606
198	0.79154	0.01436	0.01091	0.00976	0.01436	0.01665	0.00804	0.02182	0.01263	0.03331	0.01034	0.01206	0.00804	0.00689	0.00459	0.00230	0.00574	0.00402	0.00459	0.00804
199	0.06381	0.04705	0.01923	0.01450	0.01937	0.01814	0.01187	0.34532	0.02423	0.03419	0.01637	0.01941	0.01315	0.04110	0.10475	0.00356	0.04374	0.00633	0.00577	0.14811
200	0.02740	0.06519	0.02179	0.01885	0.02279	0.68068	0.01427	0.02933	0.02079	0.01814	0.01143	0.01333	0.00956	0.00760	0.00661	0.00190	0.01316	0.00475	0.00380	0.00865
201	0.01063	0.00787	0.01149	0.01149	0.01266	0.00904	0.00873	0.01297	0.01180	0.01690	0.02029	0.03141	0.01954	0.13488	0.63182	0.01138	0.01841	0.00828	0.00404	0.00638
202	0.01288	0.01129	0.01729	0.06407	0.05645	0.01151	0.10452	0.01899	0.13550	0.02269	0.06441	0.35932	0.05836	0.01589	0.00871	0.00272	0.00634	0.01469	0.00620	0.00816
203	0.18695	0.02056	0.02092	0.02016	0.12101	0.10597	0.01426	0.32499	0.02467	0.03564	0.01449	0.01606	0.01101	0.00818	0.00754	0.00225	0.04303	0.00587	0.00562	0.01081
204	0.01918	0.04903	0.17472	0.02076	0.10499	0.18769	0.04023	0.02623	0.11810	0.04452	0.11965	0.02368	0.02138	0.00886	0.00734	0.00223	0.00921	0.00723	0.00502	0.00996
205	0.00904	0.00646	0.00861	0.01034	0.01077	0.00603	0.00689	0.01034	0.01421	0.01895	0.04092	0.73426	0.04910	0.02326	0.00948	0.00301	0.00431	0.02110	0.00689	0.00603
206	0.01184	0.00828	0.01112	0.04535	0.01409	0.00842	0.00853	0.01433	0.03593	0.06653	0.11688	0.48053	0.06521	0.01936	0.01000	0.00284	0.04985	0.01706	0.00682	0.00702
207	0.03946	0.06214	0.65599	0.02051	0.03112	0.01764	0.02631	0.02341	0.01556	0.02361	0.01312	0.01543	0.00937	0.00702	0.00690	0.00232	0.01070	0.00539	0.00318	0.01083
208	0.04205	0.00943	0.01217	0.01054	0.01364	0.00855	0.00817	0.02125	0.02000	0.25198	0.36950	0.06718	0.07835	0.04225	0.00938	0.00255	0.00470	0.01140	0.00815	0.00875
209	0.00883	0.00752	0.00760	0.00758	0.01006	0.00629	0.00569	0.01077	0.01706	0.02039	0.09652	0.07089	0.66826	0.01868	0.00877	0.00250	0.00375	0.01559	0.00694	0.00629
210	0.01917	0.64741	0.12914	0.01386	0.02084	0.02772	0.01471	0.02240	0.01516	0.01829	0.01073	0.01242	0.00951	0.00645	0.00508	0.00169	0.00835	0.00418	0.00317	0.00972
211	0.01681	0.01401	0.01773	0.01275	0.01935	0.01117	0.05382	0.05102	0.01669	0.04967	0.01413	0.01618	0.01136	0.00585	0.00588	0.00129	0.00613	0.00492	0.00467	0.66658
212	0.02705	0.02001	0.02176	0.03762	0.02335	0.02215	0.01400	0.62128	0.03373	0.04525	0.04593	0.01947	0.01496	0.00913	0.00748	0.00224	0.00802	0.00696	0.00734	0.01226
213	0.02732	0.03469	0.02110	0.01914	0.02282	0.68446	0.01441	0.02922	0.02069	0.01816	0.01141	0.01349	0.00957	0.00784	0.00733	0.00196	0.03916	0.00484	0.00380	0.00859
214	0.00904	0.00646	0.00861	0.01034	0.01077	0.00603	0.00689	0.01034	0.01421	0.01895	0.04092	0.73426	0.04910	0.02326	0.00948	0.00301	0.00431	0.02110	0.00689	0.00603
215	0.01539	0.01319	0.01539	0.01100	0.01759	0.00990	0.00880	0.01869	0.01539	0.02419	0.01319	0.01539	0.01100	0.00550	0.00550	0.00110	0.00550	0.00440	0.00440	0.78449
216	0.04912	0.01687	0.01781	0.01530	0.01994	0.01918	0.01212	0.17909	0.49103	0.05518	0.02670	0.02485	0.01976	0.00967	0.00742	0.00244	0.00640	0.00782	0.00747	0.01184
217	0.01100	0.00718	0.00802	0.00802	0.00813	0.00718	0.00454	0.01124	0.01112	0.01529	0.02345	0.04717	0.02645	0.68971	0.03558	0.00683	0.00694	0.01053	0.05696	0.00466
218	0.00915	0.00650	0.00858	0.01020	0.01061	0.00610	0.00675	0.01036	0.01401	0.01868	0.03988	0.69386	0.04780	0.06543	0.01114	0.00326	0.00448	0.02050	0.00675	0.00594
219	0.76051	0.01406	0.01075	0.00965	0.01413	0.01627	0.00793	0.02164	0.01275	0.03308	0.01089	0.01268	0.00848	0.00696	0.00462	0.00227	0.00565	0.00414	0.03555	0.00800
220	0.79154	0.01436	0.01091	0.00976	0.01436	0.01665	0.00804	0.02182	0.01263	0.03331	0.01034	0.01206	0.00804	0.00689	0.00459	0.00230	0.00574	0.00402	0.00459	0.00804
221	0.05248	0.11893	0.06886	0.01804	0.02281	0.51286	0.01480	0.06896	0.02056	0.02080	0.01183	0.01360	0.00969	0.00751	0.00646	0.00194	0.01197	0.00483	0.00396	0.00911
222	0.01384	0.00692	0.00692	0.00692	0.00865	0.00692	0.00519	0.01730	0.01557	0.02768	0.02422	0.02768	0.01903	0.00865	0.00519	0.00173	0.00346	0.00692	0.78031	0.00692
223	0.01868	0.01546	0.01688	0.01568	0.03943	0.01758	0.01182	0.03758	0.60086	0.05768	0.06148	0.02865	0.02444	0.01018	0.00760	0.00249	0.00587	0.00854	0.00753	0.01156
224	0.01384	0.00692	0.00692	0.00692	0.00865	0.00692	0.00519	0.01730	0.01557	0.02768	0.02422	0.02768	0.01903	0.00865	0.00519	0.00173	0.00346	0.00692	0.78031	0.00692
225	0.02719	0.01875	0.02054	0.01577	0.02153	0.02008	0.01298	0.52616	0.03121	0.11293	0.01903	0.01892	0.01343	0.00870	0.00719	0.00213	0.00757	0.00662	0.04471	0.06454
226	0.04978	0.59184	0.15286	0.01406	0.02114	0.02676	0.01508	0.02244	0.01509	0.01915	0.01084	0.01257	0.00945	0.00649	0.00515	0.00175	0.00838	0.00424	0.00323	0.00972
227	0.01192	0.00980	0.01417	0.03973	0.01544	0.01213	0.01066	0.01418	0.01181	0.01714	0.01789	0.02813	0.01727	0.11544	0.47163	0.00928	0.16486	0.00789	0.00385	0.00678
228	0.79154	0.01436	0.01091	0.00976	0.01436	0.01665	0.00804	0.02182	0.01263	0.03331	0.01034	0.01206	0.00804	0.00689	0.00459	0.00230	0.00574	0.00402	0.00459	0.00804
