[name]
unknown

[dist]
# distance from previous block
# <min> <max>
60	122

[block]
# block no. 0 follows, 28 sequences, length 19
# corresponding to MSA columns:
# 164-182
name=unknown_A
#
# <colnr> <probs for GDERKNQSTAVLIFYWHMCP>
#	G	D	E	R	K	N	Q	S	T	A	V	L	I	F	Y	W	H	M	C	P
0	0.01818	0.01501	0.04456	0.01473	0.05137	0.04359	0.01105	0.26982	0.02206	0.02950	0.05490	0.17294	0.04442	0.10087	0.01219	0.03872	0.00691	0.01036	0.03003	0.00877
1	0.02253	0.07462	0.01966	0.04272	0.02057	0.04736	0.01206	0.28248	0.12492	0.10790	0.02322	0.07365	0.04527	0.00983	0.00713	0.00217	0.00709	0.00784	0.00659	0.06239
2	0.02409	0.01920	0.05365	0.01528	0.02057	0.07388	0.01276	0.32888	0.11015	0.11966	0.03834	0.02152	0.01607	0.04628	0.00864	0.00238	0.00767	0.00687	0.00667	0.06745
3	0.02094	0.01743	0.06744	0.04500	0.02103	0.03766	0.01294	0.22005	0.22613	0.10133	0.09223	0.06166	0.02308	0.01022	0.00750	0.00233	0.00689	0.00839	0.00695	0.01079
4	0.04991	0.05361	0.01931	0.01762	0.10111	0.04664	0.01242	0.22431	0.15612	0.03063	0.02182	0.08258	0.03563	0.04311	0.00842	0.00240	0.00704	0.00799	0.00595	0.07335
5	0.05521	0.01780	0.04389	0.07102	0.02178	0.08513	0.01266	0.13734	0.27498	0.06010	0.02383	0.02388	0.05041	0.01102	0.03689	0.00265	0.00782	0.00725	0.00612	0.05021
6	0.13015	0.08526	0.14705	0.12438	0.07694	0.01847	0.09486	0.05742	0.10180	0.04250	0.01518	0.01768	0.01154	0.00752	0.00744	0.00230	0.03915	0.00617	0.00434	0.00986
7	0.05704	0.06198	0.02660	0.02126	0.04374	0.32383	0.19533	0.04430	0.01827	0.02102	0.01454	0.07265	0.01298	0.00850	0.00806	0.00220	0.04772	0.00714	0.00404	0.00881
8	0.01733	0.01641	0.02052	0.43974	0.03776	0.10239	0.01712	0.09606	0.05858	0.02274	0.01468	0.01912	0.01121	0.00796	0.00791	0.00233	0.04594	0.00637	0.04709	0.00874
9	0.01541	0.01535	0.01993	0.07352	0.02052	0.06937	0.01470	0.01749	0.01220	0.01747	0.01198	0.01858	0.01132	0.02053	0.16395	0.00478	0.47528	0.00654	0.00337	0.00769
10	0.01263	0.00631	0.00947	0.00947	0.00947	0.00631	0.00631	0.00947	0.00947	0.01263	0.01263	0.02210	0.01263	0.02525	0.02841	0.78851	0.00631	0.00631	0.00316	0.00316
11	0.01152	0.00858	0.01165	0.04494	0.01577	0.00866	0.01089	0.01539	0.04496	0.02211	0.08792	0.12593	0.08950	0.01877	0.00953	0.00309	0.00614	0.45111	0.00667	0.00687
12	0.01029	0.00743	0.00972	0.00914	0.01086	0.00686	0.00686	0.01372	0.02058	0.02915	0.69536	0.05430	0.06859	0.01486	0.00857	0.00229	0.00343	0.01315	0.00800	0.00686
13	0.01091	0.00819	0.01102	0.01116	0.01259	0.00789	0.03303	0.06388	0.01696	0.02287	0.15846	0.50559	0.07054	0.01942	0.00894	0.00273	0.00466	0.01752	0.00690	0.00675
14	0.01139	0.00836	0.01110	0.01225	0.01383	0.00839	0.00999	0.01562	0.06945	0.02254	0.11347	0.22748	0.04480	0.01930	0.00949	0.00306	0.00567	0.37999	0.00691	0.00691
15	0.01794	0.30187	0.35699	0.01878	0.07420	0.02094	0.01995	0.02338	0.01561	0.06939	0.01310	0.01482	0.01005	0.00677	0.00611	0.00201	0.00915	0.00503	0.00355	0.01038
16	0.02326	0.01528	0.02079	0.09308	0.18085	0.01592	0.01491	0.10641	0.17906	0.23915	0.02250	0.02234	0.01599	0.00841	0.00730	0.00229	0.00722	0.00716	0.00658	0.01153
17	0.01604	0.01289	0.01517	0.01089	0.01730	0.00974	0.00873	0.01925	0.01539	0.06119	0.01379	0.01561	0.01116	0.00558	0.00549	0.00114	0.00543	0.00447	0.00457	0.74618
18	0.01528	0.01293	0.01505	0.01096	0.01715	0.01001	0.00873	0.04190	0.01572	0.02429	0.01416	0.04397	0.01231	0.00620	0.00561	0.00119	0.00543	0.00504	0.00451	0.72955

[dist]
# distance from previous block
# <min> <max>
0	1

[block]
# block no. 1 follows, 28 sequences, length 23
# corresponding to MSA columns:
# 184-206
name=unknown_B
#
# <colnr> <probs for GDERKNQSTAVLIFYWHMCP>
#	G	D	E	R	K	N	Q	S	T	A	V	L	I	F	Y	W	H	M	C	P
0	0.07589	0.02081	0.08345	0.05248	0.02945	0.09281	0.29397	0.04528	0.06687	0.07237	0.01548	0.01849	0.01164	0.00763	0.00915	0.00241	0.08062	0.00708	0.00440	0.00973
1	0.51275	0.01300	0.01345	0.01330	0.06448	0.01429	0.03392	0.02020	0.01354	0.05831	0.03743	0.02084	0.01380	0.00993	0.00792	0.08104	0.00619	0.05306	0.00475	0.00781
2	0.01138	0.00811	0.01082	0.06076	0.01416	0.00765	0.00791	0.01415	0.01755	0.04971	0.37338	0.21565	0.05088	0.05667	0.00998	0.00264	0.00452	0.01351	0.00692	0.06366
3	0.02424	0.07723	0.02092	0.04101	0.02187	0.34094	0.01322	0.22131	0.04727	0.02718	0.04290	0.01990	0.05332	0.00876	0.00688	0.00203	0.00990	0.00631	0.00521	0.00958
4	0.02597	0.01922	0.02071	0.01609	0.02154	0.02121	0.01321	0.59997	0.06074	0.04395	0.06726	0.02054	0.01687	0.00922	0.00737	0.00220	0.00757	0.00710	0.00733	0.01193
5	0.01767	0.01695	0.02893	0.09537	0.65092	0.01719	0.02215	0.02203	0.01640	0.02336	0.01362	0.01809	0.01138	0.00654	0.00720	0.00218	0.00871	0.00648	0.00357	0.01126
6	0.01974	0.01539	0.01930	0.01433	0.02041	0.01417	0.07048	0.20225	0.03750	0.07599	0.01836	0.01940	0.04072	0.00728	0.00651	0.00168	0.00673	0.00608	0.00557	0.39813
7	0.01631	0.13139	0.34445	0.02080	0.02873	0.01807	0.18051	0.02231	0.01570	0.05106	0.01555	0.06897	0.01289	0.00806	0.00775	0.00231	0.03429	0.00717	0.00375	0.00993
8	0.00950	0.00740	0.00865	0.00852	0.01054	0.00655	0.00644	0.01211	0.01831	0.02401	0.35320	0.08568	0.36158	0.01702	0.00867	0.00243	0.00371	0.04186	0.00732	0.00648
9	0.00900	0.00738	0.00793	0.00779	0.01007	0.00631	0.00585	0.01123	0.01754	0.02194	0.22405	0.06617	0.54440	0.01755	0.00859	0.00241	0.00362	0.01481	0.00705	0.00631
10	0.01924	0.66176	0.09830	0.01339	0.01994	0.04934	0.01380	0.02211	0.01501	0.01766	0.01041	0.01204	0.00932	0.00632	0.00493	0.00163	0.00821	0.00405	0.00313	0.00943
11	0.01040	0.00774	0.01141	0.01141	0.01262	0.00894	0.00875	0.01281	0.01160	0.01668	0.01972	0.02991	0.01876	0.10371	0.66734	0.01135	0.01858	0.00799	0.00393	0.00634
12	0.01038	0.00779	0.01168	0.01168	0.01298	0.00909	0.00909	0.01298	0.01168	0.01687	0.01947	0.02856	0.01817	0.05452	0.71573	0.01168	0.01947	0.00779	0.00389	0.00649
13	0.01142	0.00768	0.01008	0.00934	0.01125	0.00705	0.00705	0.01482	0.02059	0.06337	0.66156	0.05280	0.06602	0.01456	0.00851	0.00228	0.00357	0.01285	0.00805	0.00714
14	0.07440	0.02417	0.15490	0.11939	0.19072	0.16122	0.06790	0.05192	0.01719	0.02301	0.01277	0.01624	0.01005	0.00722	0.00761	0.00223	0.03972	0.00587	0.00369	0.00978
15	0.01548	0.01282	0.01458	0.01458	0.06538	0.01379	0.01038	0.02808	0.38780	0.04838	0.11934	0.03915	0.17562	0.01208	0.00779	0.00241	0.00524	0.01024	0.00710	0.00978
16	0.00892	0.00647	0.00843	0.00986	0.01051	0.00598	0.00666	0.01036	0.01451	0.01926	0.08109	0.64967	0.09748	0.02198	0.00919	0.00288	0.00413	0.01983	0.00682	0.00598
17	0.04599	0.02232	0.25019	0.07184	0.05791	0.01515	0.18198	0.02419	0.01666	0.15813	0.01849	0.07242	0.01438	0.00831	0.00753	0.00238	0.00938	0.00777	0.00476	0.01021
18	0.01673	0.01482	0.02082	0.34299	0.11397	0.01690	0.01674	0.08388	0.19246	0.02513	0.01779	0.02075	0.01350	0.00785	0.00716	0.00228	0.00807	0.00677	0.00481	0.06656
19	0.01029	0.00743	0.00972	0.00914	0.01086	0.00686	0.00686	0.01372	0.02058	0.02915	0.69536	0.05430	0.06859	0.01486	0.00857	0.00229	0.00343	0.01315	0.00800	0.00686
20	0.00909	0.00660	0.00864	0.01018	0.01089	0.00615	0.00709	0.01059	0.01439	0.01893	0.04276	0.62417	0.10221	0.02216	0.00929	0.00295	0.00439	0.07678	0.00674	0.00599
21	0.79588	0.01406	0.01068	0.00956	0.01406	0.01631	0.00787	0.02137	0.01237	0.03261	0.01012	0.01181	0.00787	0.00675	0.00450	0.00225	0.00562	0.00394	0.00450	0.00787
22	0.02708	0.02419	0.02123	0.01721	0.02236	0.21822	0.01378	0.46428	0.05908	0.03721	0.01623	0.01665	0.01195	0.00843	0.00707	0.00211	0.00934	0.00609	0.00628	0.01121

[dist]
# distance from previous block
# <min> <max>
0	1

[block]
# block no. 2 follows, 28 sequences, length 33
# corresponding to MSA columns:
# 208-240
name=unknown_C
#
# <colnr> <probs for GDERKNQSTAVLIFYWHMCP>
#	G	D	E	R	K	N	Q	S	T	A	V	L	I	F	Y	W	H	M	C	P
0	0.01461	0.03423	0.61226	0.02197	0.08385	0.01633	0.02534	0.02243	0.01575	0.02343	0.05250	0.01781	0.01282	0.00733	0.00703	0.00229	0.01015	0.00591	0.00340	0.01058
1	0.01707	0.02040	0.14466	0.09454	0.53371	0.01712	0.02292	0.02213	0.01619	0.02321	0.01351	0.01765	0.01098	0.00661	0.00715	0.00220	0.00908	0.00629	0.00348	0.01111
2	0.05030	0.61662	0.10394	0.01313	0.01954	0.02625	0.01358	0.02152	0.01461	0.01833	0.01078	0.01272	0.00961	0.00826	0.03358	0.00207	0.00846	0.00420	0.00319	0.00930
3	0.03261	0.01237	0.01687	0.01293	0.01856	0.01068	0.01068	0.03543	0.02081	0.70423	0.02868	0.02474	0.01799	0.00900	0.00731	0.00225	0.00619	0.00731	0.00900	0.01237
4	0.01696	0.02097	0.09326	0.02988	0.03749	0.01827	0.62380	0.02326	0.01702	0.02326	0.01458	0.01928	0.01089	0.00619	0.00845	0.00244	0.01214	0.00834	0.00363	0.00988
5	0.07178	0.00905	0.01214	0.01403	0.04339	0.00917	0.01139	0.01559	0.01652	0.02300	0.07506	0.09625	0.03980	0.01827	0.00938	0.00313	0.00641	0.51219	0.00648	0.00697
6	0.01581	0.00895	0.00919	0.00837	0.01073	0.00930	0.00648	0.12245	0.01828	0.03010	0.02271	0.02555	0.01763	0.00851	0.00543	0.00177	0.00413	0.00674	0.66020	0.00767
7	0.00885	0.00741	0.00774	0.00793	0.01026	0.00631	0.00605	0.01079	0.01649	0.01977	0.06974	0.09318	0.62290	0.01869	0.00873	0.00254	0.00394	0.06577	0.00675	0.00617
8	0.01038	0.00779	0.01168	0.01168	0.01298	0.00909	0.00909	0.01298	0.01168	0.01687	0.01947	0.02856	0.01817	0.05452	0.71573	0.01168	0.01947	0.00779	0.00389	0.00649
9	0.02142	0.53226	0.03285	0.01435	0.01970	0.21473	0.01298	0.02360	0.01624	0.01730	0.01039	0.01219	0.00934	0.00677	0.00578	0.00169	0.03189	0.00418	0.00328	0.00904
10	0.03171	0.01217	0.01658	0.01278	0.01825	0.01053	0.01053	0.03455	0.02080	0.67698	0.05558	0.02593	0.02004	0.00923	0.00736	0.00225	0.00607	0.00755	0.00896	0.01215
11	0.02633	0.01934	0.02075	0.01605	0.02142	0.02136	0.01310	0.62413	0.03237	0.04338	0.01787	0.01976	0.01344	0.06502	0.00955	0.00255	0.00793	0.00685	0.00705	0.01175
12	0.01285	0.00722	0.00872	0.06453	0.01187	0.00747	0.00641	0.01442	0.01318	0.02117	0.02046	0.02912	0.01809	0.14281	0.01568	0.16259	0.00513	0.00733	0.42525	0.00572
13	0.02043	0.52187	0.08702	0.01448	0.02043	0.12118	0.01402	0.06040	0.01658	0.01934	0.01089	0.01266	0.00951	0.00687	0.00606	0.00176	0.03924	0.00437	0.00344	0.00943
14	0.01839	0.01561	0.01571	0.01366	0.01773	0.06871	0.01067	0.09894	0.35900	0.05356	0.11060	0.03078	0.07821	0.01049	0.00741	0.00226	0.00610	0.00862	0.00696	0.06660
15	0.01542	0.01452	0.01920	0.01568	0.01819	0.01706	0.01291	0.01767	0.01266	0.01985	0.01113	0.01596	0.01026	0.01114	0.03716	0.00263	0.43239	0.00562	0.00363	0.30691
16	0.01085	0.00766	0.00927	0.00909	0.00926	0.00821	0.00571	0.01130	0.01076	0.01467	0.02166	0.04314	0.02432	0.60781	0.12916	0.00746	0.05057	0.00995	0.00426	0.00489
17	0.73711	0.01454	0.01154	0.01011	0.01471	0.01678	0.00833	0.07137	0.01404	0.03362	0.01068	0.01224	0.00822	0.00690	0.00471	0.00224	0.00580	0.00414	0.00471	0.00822
18	0.01057	0.00705	0.00793	0.00793	0.00793	0.00705	0.00440	0.01057	0.01057	0.01409	0.02290	0.04757	0.02643	0.74454	0.03700	0.00705	0.00705	0.01057	0.00440	0.00440
19	0.01356	0.00726	0.00796	0.06378	0.01176	0.00752	0.00628	0.01707	0.01519	0.02643	0.02286	0.02649	0.01792	0.00837	0.00525	0.00175	0.00389	0.00675	0.72303	0.00688
20	0.01355	0.00678	0.00678	0.00678	0.00847	0.00678	0.00508	0.01694	0.01524	0.02710	0.02371	0.02710	0.01863	0.00847	0.00508	0.00169	0.00339	0.00678	0.78489	0.00678
21	0.01827	0.51166	0.08670	0.01447	0.01965	0.04337	0.01415	0.02094	0.01418	0.01765	0.01059	0.01337	0.00967	0.00921	0.03331	0.00228	0.14369	0.00462	0.00316	0.00906
22	0.00917	0.00745	0.00817	0.00818	0.01043	0.00645	0.00626	0.01144	0.01738	0.02170	0.19504	0.06775	0.52090	0.01783	0.00870	0.00249	0.00386	0.06348	0.00700	0.00632
23	0.01917	0.69335	0.06164	0.01349	0.01992	0.02791	0.04077	0.02187	0.01489	0.01757	0.01040	0.01212	0.00940	0.00624	0.00491	0.00162	0.00807	0.00414	0.00313	0.00940
24	0.01572	0.12827	0.57369	0.01908	0.02876	0.01796	0.02385	0.02299	0.01535	0.04629	0.01342	0.01561	0.00982	0.00838	0.02873	0.00250	0.01047	0.00532	0.00331	0.01048
25	0.01741	0.17538	0.36734	0.01812	0.02611	0.01845	0.07033	0.02383	0.04053	0.08727	0.05397	0.01852	0.01412	0.00765	0.00725	0.00219	0.03105	0.00609	0.00414	0.01026
26	0.01842	0.01217	0.01428	0.04151	0.01743	0.01270	0.01004	0.02871	0.30105	0.17829	0.12627	0.06391	0.12018	0.01192	0.00777	0.00241	0.00535	0.01008	0.00755	0.00997
27	0.02940	0.01753	0.02006	0.01538	0.02113	0.01834	0.01271	0.44855	0.02944	0.27891	0.02143	0.02003	0.01436	0.00882	0.00729	0.00221	0.00736	0.00682	0.00788	0.01236
28	0.01600	0.11004	0.02435	0.33834	0.03442	0.03999	0.08663	0.07120	0.03824	0.02131	0.01696	0.06855	0.02894	0.01064	0.03674	0.00272	0.03464	0.00758	0.00408	0.00862
29	0.01585	0.02934	0.41474	0.02751	0.15058	0.01734	0.19438	0.02296	0.01603	0.02322	0.01359	0.01692	0.01009	0.00663	0.00739	0.00232	0.01077	0.00640	0.00332	0.01063
30	0.00881	0.00651	0.00825	0.00964	0.01042	0.00595	0.00653	0.01018	0.01438	0.01875	0.04598	0.62172	0.16233	0.02200	0.00916	0.00286	0.00412	0.01973	0.00675	0.00595
31	0.03211	0.01318	0.01737	0.01332	0.01896	0.01188	0.01100	0.09989	0.02215	0.63786	0.02755	0.02401	0.01743	0.00897	0.00731	0.00224	0.00637	0.00723	0.00882	0.01237
32	0.19744	0.01431	0.01719	0.27579	0.02882	0.01659	0.01360	0.19242	0.01932	0.03017	0.01495	0.01818	0.01120	0.00770	0.00633	0.00222	0.00745	0.00594	0.11139	0.00898

[dist]
# distance from previous block
# <min> <max>
0	10

[block]
# block no. 3 follows, 28 sequences, length 21
# corresponding to MSA columns:
# 251-271
name=unknown_D
#
# <colnr> <probs for GDERKNQSTAVLIFYWHMCP>
#	G	D	E	R	K	N	Q	S	T	A	V	L	I	F	Y	W	H	M	C	P
0	0.00942	0.00679	0.00899	0.01021	0.01109	0.00636	0.00729	0.01133	0.01551	0.02081	0.15545	0.51801	0.07719	0.02091	0.00921	0.00286	0.00434	0.09111	0.00696	0.00617
1	0.01517	0.01323	0.01637	0.01169	0.01819	0.01010	0.03957	0.01854	0.01517	0.02367	0.01300	0.01528	0.01078	0.00542	0.00553	0.00114	0.00570	0.00451	0.00428	0.75266
2	0.61887	0.01755	0.11719	0.06485	0.01939	0.01638	0.01167	0.02141	0.01298	0.03011	0.01077	0.01291	0.00821	0.00681	0.00507	0.00227	0.00670	0.00434	0.00419	0.00832
3	0.01029	0.00743	0.00972	0.00914	0.01086	0.00686	0.00686	0.01372	0.02058	0.02915	0.69536	0.05430	0.06859	0.01486	0.00857	0.00229	0.00343	0.01315	0.00800	0.00686
4	0.00900	0.00653	0.00850	0.00980	0.01052	0.00603	0.00667	0.01055	0.01488	0.01984	0.11706	0.60994	0.10076	0.02154	0.00914	0.00284	0.00409	0.01940	0.00689	0.00603
5	0.02555	0.01800	0.01974	0.01562	0.02075	0.01961	0.01270	0.53190	0.04994	0.09108	0.02126	0.10188	0.01720	0.01041	0.00751	0.00228	0.00736	0.00828	0.00734	0.01159
6	0.01010	0.00742	0.00945	0.00894	0.01074	0.00678	0.00671	0.01335	0.02012	0.02807	0.62491	0.05607	0.13971	0.01526	0.00858	0.00231	0.00346	0.01339	0.00786	0.00678
7	0.01450	0.01546	0.07557	0.35730	0.24917	0.01522	0.01942	0.01910	0.01565	0.02103	0.04244	0.02501	0.08290	0.00839	0.00740	0.00233	0.00861	0.00752	0.00386	0.00913
8	0.01507	0.01292	0.01507	0.01077	0.01723	0.00969	0.00861	0.01830	0.01507	0.02369	0.01292	0.01507	0.01077	0.00538	0.00538	0.00108	0.00538	0.00431	0.00431	0.78898
9	0.01857	0.62269	0.15677	0.01391	0.02093	0.02665	0.01500	0.02199	0.01487	0.01815	0.01063	0.01231	0.00931	0.00634	0.00506	0.00169	0.00830	0.00415	0.00310	0.00958
10	0.01689	0.01253	0.01595	0.01190	0.01772	0.00986	0.03907	0.02001	0.01581	0.11283	0.01766	0.08547	0.01528	0.00755	0.00615	0.00147	0.00569	0.00645	0.00513	0.57658
11	0.09590	0.54019	0.05584	0.01344	0.01926	0.13548	0.01275	0.02292	0.01548	0.01892	0.01039	0.01203	0.00919	0.00649	0.00502	0.00170	0.00851	0.00407	0.00334	0.00909
12	0.01055	0.00757	0.00995	0.00990	0.01079	0.00798	0.00686	0.01194	0.01152	0.01609	0.02228	0.09146	0.02375	0.34850	0.33685	0.00855	0.01231	0.00984	0.00435	0.03897
13	0.04590	0.07291	0.04490	0.01667	0.02121	0.31823	0.01361	0.23104	0.02332	0.02735	0.01771	0.01880	0.06126	0.00884	0.00767	0.00209	0.04777	0.00610	0.00501	0.00960
14	0.02610	0.01878	0.02031	0.01581	0.02123	0.02051	0.01297	0.58626	0.03187	0.07160	0.02178	0.04925	0.04985	0.00980	0.00742	0.00223	0.00754	0.00760	0.00730	0.01178
15	0.04176	0.01651	0.18925	0.01441	0.04080	0.01098	0.01361	0.01930	0.04437	0.08795	0.18934	0.10295	0.08607	0.01320	0.00806	0.00250	0.00643	0.09778	0.00615	0.00858
16	0.01616	0.01815	0.09046	0.10844	0.29422	0.05973	0.06683	0.02114	0.04001	0.02322	0.10956	0.02512	0.04825	0.00867	0.00817	0.00229	0.03775	0.00776	0.00437	0.00972
17	0.01774	0.01878	0.07978	0.04284	0.64963	0.01724	0.02265	0.02236	0.01646	0.02369	0.01363	0.01779	0.01134	0.00651	0.00717	0.00217	0.00879	0.00639	0.00356	0.01146
18	0.05324	0.53970	0.03245	0.01364	0.01925	0.16943	0.01251	0.02384	0.01614	0.04735	0.01114	0.01253	0.00965	0.00662	0.00516	0.00168	0.00872	0.00420	0.00355	0.00921
19	0.01260	0.01048	0.01263	0.01221	0.01384	0.06451	0.00937	0.04873	0.01347	0.01826	0.01898	0.02819	0.01780	0.09968	0.57315	0.01008	0.01745	0.00769	0.00410	0.00679
20	0.23674	0.01785	0.01873	0.01667	0.07152	0.01992	0.01257	0.37259	0.10164	0.03873	0.01654	0.01705	0.01219	0.00814	0.00652	0.00223	0.00714	0.00602	0.00624	0.01097

[dist]
# distance from previous block
# <min> <max>
3	14

[block]
# block no. 4 follows, 28 sequences, length 100
# corresponding to MSA columns:
# 286-330,338-392
name=unknown_E
#
# <colnr> <probs for GDERKNQSTAVLIFYWHMCP>
#	G	D	E	R	K	N	Q	S	T	A	V	L	I	F	Y	W	H	M	C	P
0	0.20908	0.06616	0.19925	0.03549	0.06456	0.01568	0.03567	0.02276	0.07608	0.06761	0.04118	0.02405	0.09627	0.00880	0.00657	0.00227	0.00737	0.00694	0.00483	0.00939
1	0.20081	0.01735	0.01619	0.04839	0.01924	0.09354	0.01109	0.22396	0.12076	0.03211	0.04128	0.02145	0.01574	0.07293	0.00915	0.00263	0.00737	0.00658	0.02993	0.00949
2	0.01933	0.03900	0.01733	0.03723	0.01902	0.05962	0.01128	0.23248	0.17180	0.03164	0.12533	0.07894	0.02544	0.01108	0.00808	0.02760	0.00664	0.00863	0.00655	0.06298
3	0.01726	0.01316	0.01693	0.01400	0.01796	0.01308	0.06842	0.21204	0.02086	0.02913	0.04469	0.12213	0.02306	0.03254	0.00915	0.03220	0.00662	0.08811	0.07567	0.14299
4	0.00886	0.00633	0.00843	0.01012	0.01054	0.00590	0.00675	0.01012	0.01392	0.01856	0.04006	0.73979	0.04808	0.02277	0.00928	0.00295	0.00422	0.02066	0.00675	0.00590
5	0.01055	0.00708	0.00809	0.00804	0.00819	0.00703	0.00462	0.01085	0.01147	0.01544	0.08307	0.04817	0.03020	0.67925	0.03445	0.00662	0.00672	0.01080	0.00473	0.00462
6	0.01553	0.12637	0.01839	0.01100	0.01721	0.01250	0.00914	0.01855	0.01499	0.02249	0.01345	0.04030	0.01187	0.00613	0.00541	0.00122	0.00571	0.00482	0.00421	0.64072
7	0.02185	0.01266	0.01614	0.01367	0.01705	0.01325	0.01087	0.12615	0.03945	0.26763	0.04744	0.19697	0.02465	0.01300	0.01033	0.00253	0.11787	0.01042	0.00707	0.03099
8	0.61317	0.01651	0.01490	0.01253	0.01729	0.07904	0.06696	0.04095	0.01440	0.05212	0.01142	0.01318	0.00873	0.00689	0.00521	0.00223	0.00696	0.00459	0.00458	0.00836
9	0.02404	0.02592	0.01910	0.01698	0.02108	0.38360	0.01302	0.08929	0.26333	0.04231	0.01889	0.01887	0.01450	0.00850	0.00694	0.00212	0.00981	0.00620	0.00551	0.00999
10	0.01800	0.01436	0.01583	0.01350	0.01760	0.01536	0.01058	0.18230	0.28939	0.03207	0.12848	0.09005	0.02793	0.01097	0.00748	0.00225	0.00575	0.00921	0.00704	0.10183
11	0.01813	0.01767	0.02895	0.06805	0.65469	0.03935	0.02197	0.02239	0.01661	0.02338	0.01357	0.01789	0.01138	0.00654	0.00718	0.00216	0.00881	0.00642	0.00359	0.01129
12	0.01558	0.01543	0.02276	0.07242	0.05499	0.02067	0.04107	0.01777	0.01191	0.01806	0.01076	0.01713	0.01020	0.01416	0.06092	0.00353	0.57472	0.00654	0.00326	0.00812
13	0.01263	0.00631	0.00947	0.00947	0.00947	0.00631	0.00631	0.00947	0.00947	0.01263	0.01263	0.02210	0.01263	0.02525	0.02841	0.78851	0.00631	0.00631	0.00316	0.00316
14	0.00930	0.00664	0.00894	0.01063	0.01124	0.00628	0.00751	0.01088	0.01435	0.01905	0.03982	0.63818	0.04711	0.02236	0.00940	0.00301	0.00460	0.11792	0.00674	0.00603
15	0.01029	0.00743	0.00972	0.00914	0.01086	0.00686	0.00686	0.01372	0.02058	0.02915	0.69536	0.05430	0.06859	0.01486	0.00857	0.00229	0.00343	0.01315	0.00800	0.00686
16	0.01410	0.01339	0.02292	0.66354	0.09013	0.01629	0.04002	0.01895	0.01474	0.01904	0.01302	0.01930	0.00984	0.00718	0.00730	0.00241	0.00970	0.00652	0.00327	0.00834
17	0.01186	0.00904	0.01135	0.01197	0.01410	0.00909	0.00996	0.01730	0.10770	0.02373	0.14419	0.06840	0.14706	0.01763	0.00923	0.00292	0.00559	0.36461	0.00700	0.00728
18	0.02077	0.43407	0.18507	0.01473	0.02179	0.04766	0.01554	0.04380	0.01656	0.11906	0.01373	0.01462	0.01065	0.00690	0.00570	0.00185	0.00841	0.00483	0.00410	0.01015
19	0.01651	0.01554	0.02626	0.19143	0.49698	0.01624	0.02092	0.02085	0.01613	0.02244	0.01568	0.02390	0.01377	0.00784	0.00746	0.00232	0.00870	0.06290	0.00379	0.01034
20	0.01507	0.01292	0.01507	0.01077	0.01723	0.00969	0.00861	0.01830	0.01507	0.02369	0.01292	0.01507	0.01077	0.00538	0.00538	0.00108	0.00538	0.00431	0.00431	0.78898
21	0.43085	0.01494	0.01416	0.01197	0.01654	0.01659	0.00971	0.19586	0.03938	0.09366	0.01696	0.08004	0.01398	0.00900	0.00600	0.00230	0.00618	0.00655	0.00592	0.00939
22	0.01158	0.00855	0.01047	0.00957	0.01175	0.00814	0.00729	0.07124	0.02124	0.02935	0.55375	0.05314	0.14664	0.01479	0.00846	0.00230	0.00386	0.01286	0.00777	0.00725
23	0.67402	0.01695	0.09756	0.03366	0.01736	0.01637	0.01062	0.02148	0.01281	0.03098	0.01057	0.01249	0.00810	0.00678	0.00489	0.00226	0.00639	0.00419	0.00428	0.00824
24	0.01107	0.00768	0.00972	0.00917	0.01118	0.00696	0.00698	0.01420	0.01978	0.05806	0.53729	0.05656	0.17081	0.01537	0.00857	0.00235	0.00371	0.03576	0.00779	0.00698
25	0.01005	0.00741	0.00945	0.00935	0.01106	0.00681	0.00709	0.01305	0.01907	0.02620	0.49001	0.11910	0.15439	0.01653	0.00877	0.00246	0.00383	0.07113	0.00760	0.00666
26	0.01694	0.01707	0.07923	0.14991	0.02591	0.01761	0.01452	0.03344	0.49916	0.02751	0.02496	0.02460	0.01867	0.00911	0.00733	0.00244	0.00694	0.00763	0.00622	0.01079
27	0.01762	0.01689	0.02883	0.10443	0.64230	0.01717	0.02212	0.02198	0.01637	0.02329	0.01361	0.01811	0.01135	0.00655	0.00720	0.00218	0.00873	0.00648	0.00357	0.01121
28	0.07492	0.01252	0.01635	0.01255	0.01818	0.01092	0.01034	0.03309	0.01981	0.60473	0.02620	0.02313	0.01677	0.00854	0.00698	0.00214	0.00608	0.00685	0.00832	0.08160
29	0.01675	0.01832	0.03710	0.02678	0.03336	0.01748	0.51999	0.02206	0.01633	0.02283	0.01400	0.01863	0.01086	0.00660	0.00946	0.00232	0.07429	0.00777	0.00372	0.12136
30	0.01088	0.00790	0.01061	0.01166	0.01331	0.00763	0.00970	0.01392	0.01726	0.02280	0.17706	0.13282	0.10936	0.01909	0.00954	0.00301	0.00552	0.40437	0.00697	0.00661
31	0.01023	0.00743	0.00964	0.00909	0.01082	0.00683	0.00681	0.01361	0.02044	0.02883	0.67458	0.05482	0.08956	0.01498	0.00857	0.00229	0.00344	0.01322	0.00796	0.00683
32	0.01943	0.74891	0.03809	0.01244	0.01866	0.02876	0.01244	0.02177	0.01477	0.01710	0.01011	0.01166	0.00933	0.00622	0.00466	0.00155	0.00777	0.00389	0.00311	0.00933
33	0.01151	0.00937	0.01361	0.03099	0.01466	0.01156	0.01027	0.01377	0.01156	0.01681	0.01773	0.02747	0.01700	0.10011	0.51522	0.00950	0.15072	0.00771	0.00378	0.00664
34	0.01087	0.00763	0.01092	0.01092	0.01228	0.00873	0.00847	0.01359	0.01223	0.01845	0.02013	0.02833	0.01824	0.04740	0.60596	0.01014	0.01699	0.00763	0.12454	0.00653
35	0.02010	0.01054	0.01348	0.01144	0.01502	0.00998	0.00902	0.02578	0.11772	0.29162	0.33924	0.03885	0.04216	0.01185	0.00791	0.00230	0.00484	0.01016	0.00830	0.00968
36	0.01691	0.02132	0.10625	0.02969	0.03737	0.01824	0.61116	0.02326	0.01698	0.02326	0.01455	0.01920	0.01086	0.00620	0.00842	0.00244	0.01211	0.00827	0.00362	0.00989
37	0.00971	0.00737	0.00827	0.00830	0.01040	0.00638	0.00613	0.01180	0.01705	0.04296	0.18450	0.16904	0.45604	0.01811	0.00865	0.00249	0.00380	0.01549	0.00706	0.00643
38	0.00886	0.00633	0.00843	0.01012	0.01054	0.00590	0.00675	0.01012	0.01392	0.01856	0.04006	0.73979	0.04808	0.02277	0.00928	0.00295	0.00422	0.02066	0.00675	0.00590
39	0.02163	0.01549	0.01712	0.01472	0.01923	0.01712	0.01174	0.13532	0.44645	0.14220	0.02797	0.02774	0.02088	0.01001	0.00748	0.00243	0.00621	0.03707	0.00761	0.01156
40	0.01862	0.01855	0.02772	0.07194	0.57579	0.07972	0.02094	0.02354	0.04957	0.02330	0.01420	0.01806	0.01176	0.00677	0.00715	0.00216	0.00894	0.00640	0.00378	0.01108
41	0.01014	0.00742	0.00951	0.00899	0.01077	0.00679	0.00674	0.01342	0.02022	0.02830	0.63973	0.05570	0.12475	0.01518	0.00857	0.00230	0.00345	0.01334	0.00789	0.00679
42	0.00912	0.00652	0.00874	0.01043	0.01097	0.00614	0.00721	0.01059	0.01418	0.01886	0.03992	0.67800	0.04749	0.02252	0.00935	0.00299	0.00445	0.07981	0.00674	0.00598
43	0.61454	0.01357	0.03296	0.04251	0.01551	0.01479	0.00876	0.01969	0.01229	0.02903	0.01107	0.01401	0.00892	0.00911	0.00767	0.09934	0.00599	0.00448	0.02840	0.00736
44	0.02715	0.03464	0.02060	0.01873	0.02247	0.71536	0.01404	0.02903	0.02060	0.01779	0.01124	0.01311	0.00936	0.00749	0.00655	0.00187	0.01311	0.00468	0.00375	0.00843
45	0.01440	0.05634	0.56550	0.05431	0.03034	0.01639	0.04722	0.02194	0.01582	0.02317	0.07406	0.01906	0.01461	0.00759	0.00706	0.00229	0.00999	0.00619	0.00354	0.01019
46	0.01799	0.01721	0.02906	0.04359	0.67586	0.01730	0.02194	0.02287	0.03952	0.02398	0.01422	0.01830	0.01188	0.00659	0.00720	0.00217	0.00854	0.00654	0.00373	0.01151
47	0.01943	0.74891	0.03809	0.01244	0.01866	0.02876	0.01244	0.02177	0.01477	0.01710	0.01011	0.01166	0.00933	0.00622	0.00466	0.00155	0.00777	0.00389	0.00311	0.00933
48	0.03261	0.01237	0.01687	0.01293	0.01856	0.01068	0.01068	0.03543	0.02081	0.70423	0.02868	0.02474	0.01799	0.00900	0.00731	0.00225	0.00619	0.00731	0.00900	0.01237
49	0.01703	0.02049	0.07537	0.03015	0.03767	0.01831	0.64120	0.02327	0.01707	0.02327	0.01462	0.01940	0.01094	0.00617	0.00850	0.00244	0.01218	0.00842	0.00365	0.00985
50	0.01171	0.00837	0.01171	0.01339	0.01506	0.00837	0.01171	0.01506	0.01673	0.02175	0.03849	0.08199	0.04183	0.02008	0.01004	0.00335	0.00669	0.65027	0.00669	0.00669
51	0.01355	0.00678	0.00678	0.00678	0.00847	0.00678	0.00508	0.01694	0.01524	0.02710	0.02371	0.02710	0.01863	0.00847	0.00508	0.00169	0.00339	0.00678	0.78489	0.00678
52	0.00909	0.00719	0.00827	0.00900	0.01074	0.00637	0.00672	0.01096	0.01580	0.01960	0.05889	0.27109	0.41481	0.01993	0.00899	0.00272	0.00425	0.10268	0.00674	0.00614
53	0.01038	0.00779	0.01168	0.01168	0.01298	0.00909	0.00909	0.01298	0.01168	0.01687	0.01947	0.02856	0.01817	0.05452	0.71573	0.01168	0.01947	0.00779	0.00389	0.00649
54	0.01691	0.01758	0.02212	0.01905	0.01939	0.08428	0.01574	0.01853	0.01198	0.01752	0.00969	0.01565	0.00953	0.01225	0.02231	0.00306	0.66698	0.00621	0.00323	0.00799
55	0.01042	0.00782	0.00970	0.00916	0.01110	0.00730	0.00689	0.01445	0.05254	0.02782	0.57171	0.05526	0.15827	0.01514	0.00852	0.00232	0.00358	0.01323	0.00779	0.00698
56	0.02611	0.01917	0.02057	0.01594	0.02123	0.02116	0.01297	0.61551	0.03206	0.04297	0.01794	0.02015	0.01362	0.07457	0.00993	0.00262	0.00791	0.00690	0.00702	0.01165
57	0.01230	0.00631	0.00938	0.00953	0.00956	0.00628	0.00635	0.00953	0.00986	0.01315	0.01503	0.08500	0.01573	0.02504	0.02673	0.71966	0.00613	0.00757	0.00347	0.00340
58	0.01640	0.01868	0.06637	0.09586	0.11871	0.01783	0.41768	0.02170	0.01610	0.02220	0.01484	0.04620	0.01216	0.00752	0.00957	0.00249	0.07420	0.00823	0.00367	0.00959
59	0.02461	0.01811	0.01954	0.01539	0.02050	0.01984	0.01243	0.49500	0.11409	0.05815	0.01962	0.02144	0.01494	0.07325	0.00983	0.00261	0.00749	0.00705	0.00698	0.03915
60	0.02407	0.21117	0.02619	0.01895	0.06215	0.43854	0.03126	0.04743	0.01895	0.01902	0.01134	0.01344	0.00963	0.00729	0.00675	0.00188	0.03450	0.00481	0.00367	0.00899
61	0.01042	0.00726	0.00923	0.00931	0.00977	0.00768	0.00611	0.01137	0.01111	0.01526	0.02258	0.07496	0.02468	0.47462	0.26643	0.00842	0.01113	0.01012	0.00435	0.00519
62	0.79588	0.01406	0.01068	0.00956	0.01406	0.01631	0.00787	0.02137	0.01237	0.03261	0.01012	0.01181	0.00787	0.00675	0.00450	0.00225	0.00562	0.00394	0.00450	0.00787
63	0.01057	0.00705	0.00793	0.00793	0.00793	0.00705	0.00440	0.01057	0.01057	0.01409	0.02290	0.04757	0.02643	0.74454	0.03700	0.00705	0.00705	0.01057	0.00440	0.00440
64	0.01355	0.00678	0.00678	0.00678	0.00847	0.00678	0.00508	0.01694	0.01524	0.02710	0.02371	0.02710	0.01863	0.00847	0.00508	0.00169	0.00339	0.00678	0.78489	0.00678
65	0.01481	0.00799	0.00812	0.00767	0.00973	0.00819	0.00586	0.07582	0.01694	0.02877	0.02315	0.02624	0.01807	0.00849	0.00528	0.00174	0.00380	0.00675	0.71531	0.00727
66	0.01495	0.14478	0.54119	0.01840	0.02764	0.01782	0.02284	0.02199	0.01573	0.02265	0.07364	0.01826	0.01454	0.00751	0.00671	0.00219	0.00963	0.00584	0.00352	0.01018
67	0.00883	0.00642	0.00834	0.00988	0.01048	0.00592	0.00664	0.01015	0.01415	0.01865	0.04298	0.68161	0.10438	0.02239	0.00922	0.00291	0.00417	0.02020	0.00675	0.00592
68	0.02011	0.68631	0.03656	0.01299	0.01899	0.08894	0.01258	0.02240	0.01528	0.01716	0.01020	0.01179	0.00933	0.00633	0.00483	0.00158	0.00824	0.00396	0.00317	0.00925
69	0.08607	0.20560	0.46162	0.01767	0.02654	0.04301	0.02128	0.02277	0.01512	0.02229	0.01202	0.01407	0.00912	0.00675	0.00614	0.00210	0.00965	0.00486	0.00323	0.01007
70	0.01850	0.09546	0.37739	0.03934	0.06936	0.03799	0.02014	0.02490	0.03752	0.13803	0.05941	0.01965	0.01506	0.00779	0.00690	0.00221	0.00898	0.00622	0.00458	0.01056
71	0.01584	0.00934	0.00994	0.00902	0.01143	0.00985	0.00702	0.13645	0.01838	0.02961	0.02220	0.02547	0.01745	0.01255	0.06777	0.00266	0.00564	0.00682	0.57479	0.00777
72	0.03194	0.01222	0.01665	0.01282	0.01832	0.01057	0.01057	0.03477	0.02080	0.68375	0.04891	0.02564	0.01953	0.00917	0.00735	0.00225	0.00610	0.00749	0.00897	0.01220
73	0.01620	0.01737	0.05100	0.17326	0.09255	0.03533	0.27972	0.04011	0.01669	0.02271	0.07812	0.02190	0.01601	0.00816	0.00989	0.00246	0.09751	0.00785	0.00402	0.00916
74	0.01495	0.03751	0.68649	0.02066	0.03119	0.03763	0.02648	0.02320	0.01550	0.02286	0.01299	0.01528	0.00921	0.00692	0.00690	0.00229	0.01081	0.00535	0.00309	0.01067
75	0.00894	0.00639	0.00851	0.01007	0.01056	0.00596	0.00675	0.01032	0.01428	0.01914	0.07620	0.70200	0.04921	0.02234	0.00924	0.00292	0.00417	0.02025	0.00682	0.00596
76	0.03218	0.01307	0.01730	0.01327	0.01891	0.01172	0.01096	0.09148	0.02198	0.64652	0.02769	0.02410	0.01750	0.00897	0.00731	0.00224	0.00634	0.00724	0.00885	0.01237
77	0.62000	0.07635	0.01458	0.01084	0.01567	0.01825	0.00911	0.11586	0.01572	0.03323	0.01118	0.01261	0.00864	0.00699	0.00491	0.00218	0.00615	0.00431	0.00478	0.00864
78	0.01022	0.00742	0.00964	0.00924	0.01093	0.00684	0.00695	0.01351	0.02008	0.02820	0.62967	0.07923	0.09090	0.01542	0.00864	0.00235	0.00356	0.03252	0.00787	0.00679
79	0.01507	0.01292	0.01507	0.01077	0.01723	0.00969	0.00861	0.01830	0.01507	0.02369	0.01292	0.01507	0.01077	0.00538	0.00538	0.00108	0.00538	0.00431	0.00431	0.78898
80	0.79588	0.01406	0.01068	0.00956	0.01406	0.01631	0.00787	0.02137	0.01237	0.03261	0.01012	0.01181	0.00787	0.00675	0.00450	0.00225	0.00562	0.00394	0.00450	0.00787
81	0.01029	0.00743	0.00972	0.00914	0.01086	0.00686	0.00686	0.01372	0.02058	0.02915	0.69536	0.05430	0.06859	0.01486	0.00857	0.00229	0.00343	0.01315	0.00800	0.00686
82	0.00906	0.00672	0.00895	0.04255	0.01228	0.00639	0.00725	0.01053	0.01418	0.01865	0.04177	0.64825	0.10314	0.02168	0.00913	0.00288	0.00442	0.01955	0.00659	0.00602
83	0.02757	0.01848	0.02037	0.01571	0.02121	0.01995	0.01287	0.54367	0.03096	0.14597	0.01945	0.02005	0.01392	0.04476	0.00873	0.00243	0.00767	0.00686	0.00740	0.01197
84	0.01029	0.00743	0.00972	0.00914	0.01086	0.00686	0.00686	0.01372	0.02058	0.02915	0.69536	0.05430	0.06859	0.01486	0.00857	0.00229	0.00343	0.01315	0.00800	0.00686
85	0.01487	0.01948	0.15019	0.12779	0.03357	0.01561	0.33897	0.02065	0.01688	0.02330	0.12009	0.04700	0.02058	0.00831	0.00811	0.00241	0.00999	0.00879	0.00427	0.00913
86	0.01405	0.01182	0.01397	0.01062	0.01609	0.00907	0.00830	0.01701	0.01509	0.02315	0.03874	0.11762	0.01785	0.00812	0.00603	0.00138	0.00516	0.00688	0.00477	0.65429
87	0.01943	0.74891	0.03809	0.01244	0.01866	0.02876	0.01244	0.02177	0.01477	0.01710	0.01011	0.01166	0.00933	0.00622	0.00466	0.00155	0.00777	0.00389	0.00311	0.00933
88	0.01885	0.08665	0.34121	0.04645	0.14754	0.16904	0.02141	0.02436	0.01681	0.04371	0.01305	0.01549	0.00996	0.00698	0.00673	0.00213	0.01047	0.00540	0.00351	0.01024
89	0.02620	0.02818	0.02204	0.02123	0.10399	0.41916	0.01497	0.22599	0.02427	0.02709	0.01343	0.01503	0.01054	0.00775	0.00685	0.00200	0.01101	0.00547	0.00481	0.01000
90	0.01070	0.00703	0.00834	0.00834	0.00854	0.00705	0.00500	0.01060	0.01081	0.01438	0.02395	0.04439	0.05701	0.57785	0.08052	0.09893	0.00764	0.01012	0.00434	0.00448
91	0.09319	0.29051	0.37211	0.01755	0.05049	0.02112	0.01963	0.02238	0.01489	0.02186	0.01172	0.01377	0.00921	0.00663	0.00587	0.00202	0.00909	0.00474	0.00324	0.00998
92	0.02706	0.08529	0.02311	0.01622	0.02206	0.02271	0.01359	0.59557	0.03200	0.06480	0.01716	0.01717	0.01227	0.00851	0.00704	0.00213	0.00792	0.00633	0.00696	0.01209
93	0.01623	0.29287	0.31305	0.01593	0.02300	0.06148	0.01770	0.02093	0.01523	0.01985	0.01603	0.12577	0.01527	0.00914	0.00643	0.00210	0.00879	0.00715	0.00369	0.00934
94	0.02464	0.11735	0.05329	0.01751	0.02183	0.55096	0.01403	0.02753	0.04303	0.01846	0.01420	0.01569	0.03587	0.00781	0.00645	0.00190	0.01175	0.00515	0.00388	0.00866
95	0.01715	0.01638	0.02752	0.04128	0.63751	0.01627	0.02081	0.02125	0.01655	0.02338	0.01904	0.02264	0.07278	0.00754	0.00732	0.00219	0.00819	0.00727	0.00388	0.01103
96	0.01935	0.63271	0.03439	0.01260	0.01827	0.04931	0.01213	0.02171	0.01490	0.04138	0.01164	0.01368	0.01043	0.01068	0.06845	0.00250	0.00894	0.00438	0.00341	0.00915
97	0.01193	0.00889	0.01247	0.01201	0.01367	0.01022	0.00936	0.07214	0.01366	0.01937	0.01940	0.02818	0.01792	0.07269	0.63043	0.01068	0.01804	0.00777	0.00421	0.00695
98	0.47182	0.01899	0.16664	0.07528	0.02156	0.01581	0.01346	0.02301	0.01413	0.10170	0.01302	0.01465	0.00942	0.00707	0.00558	0.00228	0.00717	0.00484	0.00456	0.00901
99	0.72783	0.07847	0.01309	0.00981	0.01446	0.01740	0.00827	0.02140	0.01258	0.03125	0.01012	0.01180	0.00800	0.00670	0.00451	0.00219	0.00581	0.00393	0.00438	0.00800

[dist]
# distance from previous block
# <min> <max>
10	18

[block]
# block no. 5 follows, 28 sequences, length 36
# corresponding to MSA columns:
# 432-467
name=unknown_F
#
# <colnr> <probs for GDERKNQSTAVLIFYWHMCP>
#	G	D	E	R	K	N	Q	S	T	A	V	L	I	F	Y	W	H	M	C	P
0	0.06430	0.02240	0.23900	0.02026	0.02676	0.01626	0.20738	0.06392	0.01665	0.02407	0.02243	0.05643	0.10110	0.00954	0.00915	0.00246	0.07591	0.00837	0.00427	0.00932
1	0.01717	0.01949	0.18257	0.01560	0.02137	0.01488	0.03403	0.10974	0.17764	0.05743	0.10946	0.03024	0.02407	0.01004	0.00750	0.00231	0.00721	0.06788	0.00601	0.08536
2	0.01757	0.01444	0.03704	0.01312	0.01755	0.01440	0.01065	0.09811	0.31758	0.07019	0.11634	0.03155	0.08835	0.01046	0.00737	0.00221	0.00563	0.00869	0.00696	0.11177
3	0.01866	0.12606	0.02083	0.01396	0.01941	0.08916	0.03574	0.08516	0.15714	0.02538	0.01710	0.03916	0.01407	0.00752	0.00623	0.00173	0.00709	0.00596	0.00504	0.30460
4	0.11277	0.00906	0.00974	0.00930	0.01178	0.00898	0.00706	0.01608	0.08728	0.02615	0.30514	0.09288	0.24770	0.01486	0.00797	0.00239	0.00408	0.01257	0.00702	0.00719
5	0.06186	0.01546	0.02525	0.19689	0.46691	0.01626	0.01993	0.02065	0.01585	0.02282	0.01705	0.02121	0.05384	0.00742	0.00714	0.00224	0.00839	0.00688	0.00376	0.01017
6	0.01749	0.01446	0.01518	0.01375	0.01754	0.01661	0.01067	0.03580	0.59873	0.02998	0.02882	0.02712	0.02173	0.00968	0.00710	0.00237	0.00544	0.00803	0.10862	0.01089
7	0.01699	0.01599	0.02693	0.04000	0.60958	0.01592	0.02030	0.02119	0.01708	0.02445	0.10242	0.02272	0.01894	0.00757	0.00738	0.00218	0.00796	0.00734	0.00417	0.01091
8	0.11927	0.01685	0.02705	0.04005	0.60999	0.01715	0.02043	0.02219	0.01601	0.02490	0.01321	0.01719	0.01104	0.00651	0.00685	0.00217	0.00824	0.00615	0.00372	0.01104
9	0.00882	0.00646	0.00830	0.00976	0.01045	0.00593	0.00659	0.01016	0.01426	0.01870	0.04444	0.65259	0.13246	0.02221	0.00919	0.00289	0.00415	0.01997	0.00675	0.00593
10	0.01279	0.00878	0.00974	0.00907	0.00983	0.00906	0.00563	0.09707	0.01364	0.01822	0.02219	0.04365	0.02460	0.64874	0.03313	0.00641	0.00717	0.01005	0.00478	0.00544
11	0.01004	0.00754	0.00937	0.00924	0.01114	0.00687	0.00715	0.01305	0.01904	0.02573	0.44959	0.06194	0.22688	0.01645	0.00877	0.00247	0.00392	0.09666	0.00751	0.00665
12	0.01684	0.01454	0.01526	0.01383	0.01772	0.01653	0.01073	0.03496	0.59890	0.02901	0.03532	0.03270	0.10995	0.01097	0.00755	0.00246	0.00548	0.00915	0.00731	0.01081
13	0.79588	0.01406	0.01068	0.00956	0.01406	0.01631	0.00787	0.02137	0.01237	0.03261	0.01012	0.01181	0.00787	0.00675	0.00450	0.00225	0.00562	0.00394	0.00450	0.00787
14	0.00886	0.00633	0.00843	0.01012	0.01054	0.00590	0.00675	0.01012	0.01392	0.01856	0.04006	0.73979	0.04808	0.02277	0.00928	0.00295	0.00422	0.02066	0.00675	0.00590
15	0.02763	0.02036	0.02182	0.01672	0.02254	0.02254	0.01382	0.67496	0.03418	0.04581	0.01745	0.01745	0.01236	0.00873	0.00727	0.00218	0.00800	0.00654	0.00727	0.01236
16	0.01057	0.00705	0.00793	0.00793	0.00793	0.00705	0.00440	0.01057	0.01057	0.01409	0.02290	0.04757	0.02643	0.74454	0.03700	0.00705	0.00705	0.01057	0.00440	0.00440
17	0.01038	0.00779	0.01168	0.01168	0.01298	0.00909	0.00909	0.01298	0.01168	0.01687	0.01947	0.02856	0.01817	0.05452	0.71573	0.01168	0.01947	0.00779	0.00389	0.00649
18	0.01808	0.01561	0.01644	0.01479	0.01890	0.01808	0.01151	0.03863	0.68606	0.03041	0.02959	0.02712	0.02219	0.00986	0.00740	0.00247	0.00575	0.00822	0.00740	0.01151
19	0.02763	0.02036	0.02182	0.01672	0.02254	0.02254	0.01382	0.67496	0.03418	0.04581	0.01745	0.01745	0.01236	0.00873	0.00727	0.00218	0.00800	0.00654	0.00727	0.01236
20	0.01458	0.03760	0.70688	0.02072	0.03146	0.01688	0.02686	0.02302	0.01535	0.02302	0.01304	0.01535	0.00921	0.00691	0.00691	0.00230	0.01074	0.00537	0.00307	0.01074
21	0.01799	0.01727	0.02950	0.04462	0.69919	0.01727	0.02231	0.02231	0.01655	0.02375	0.01367	0.01799	0.01151	0.00648	0.00720	0.00216	0.00864	0.00648	0.00360	0.01151
22	0.01808	0.01561	0.01644	0.01479	0.01890	0.01808	0.01151	0.03863	0.68606	0.03041	0.02959	0.02712	0.02219	0.00986	0.00740	0.00247	0.00575	0.00822	0.00740	0.01151
23	0.00886	0.00633	0.00843	0.01012	0.01054	0.00590	0.00675	0.01012	0.01392	0.01856	0.04006	0.73979	0.04808	0.02277	0.00928	0.00295	0.00422	0.02066	0.00675	0.00590
24	0.01373	0.01292	0.02180	0.72707	0.05006	0.01615	0.02019	0.01857	0.01453	0.01857	0.01292	0.01938	0.00969	0.00727	0.00727	0.00242	0.00969	0.00646	0.00323	0.00807
25	0.05443	0.01571	0.08671	0.01397	0.02004	0.01267	0.01250	0.08486	0.04232	0.53982	0.02564	0.02287	0.01647	0.00872	0.00718	0.00226	0.00676	0.00697	0.00807	0.01203
26	0.03063	0.01376	0.04846	0.01372	0.01918	0.01178	0.01178	0.03361	0.01988	0.62527	0.02663	0.02370	0.01700	0.00916	0.00845	0.00232	0.05722	0.00716	0.00832	0.01199
27	0.01057	0.00705	0.00793	0.00793	0.00793	0.00705	0.00440	0.01057	0.01057	0.01409	0.02290	0.04757	0.02643	0.74454	0.03700	0.00705	0.00705	0.01057	0.00440	0.00440
28	0.01484	0.03578	0.63984	0.02172	0.03212	0.01703	0.09207	0.02305	0.01553	0.02305	0.01321	0.01578	0.00939	0.00683	0.00707	0.00232	0.01090	0.00570	0.00313	0.01065
29	0.79588	0.01406	0.01068	0.00956	0.01406	0.01631	0.00787	0.02137	0.01237	0.03261	0.01012	0.01181	0.00787	0.00675	0.00450	0.00225	0.00562	0.00394	0.00450	0.00787
30	0.01055	0.00714	0.00837	0.00837	0.00853	0.00729	0.00496	0.01086	0.01070	0.01443	0.02250	0.04531	0.02545	0.66246	0.11774	0.00760	0.00853	0.01024	0.00434	0.00465
31	0.79588	0.01406	0.01068	0.00956	0.01406	0.01631	0.00787	0.02137	0.01237	0.03261	0.01012	0.01181	0.00787	0.00675	0.00450	0.00225	0.00562	0.00394	0.00450	0.00787
32	0.01519	0.09013	0.60234	0.02141	0.05586	0.01786	0.05307	0.02291	0.01543	0.02261	0.01292	0.01535	0.00938	0.00680	0.00682	0.00225	0.01050	0.00544	0.00312	0.01062
33	0.00885	0.00637	0.00839	0.01000	0.01051	0.00591	0.00670	0.01013	0.01403	0.01860	0.04149	0.71134	0.07561	0.02259	0.00925	0.00293	0.00419	0.02044	0.00675	0.00591
34	0.01029	0.00743	0.00972	0.00914	0.01086	0.00686	0.00686	0.01372	0.02058	0.02915	0.69536	0.05430	0.06859	0.01486	0.00857	0.00229	0.00343	0.01315	0.00800	0.00686
35	0.01486	0.07915	0.66781	0.02023	0.03071	0.01758	0.02601	0.02295	0.01531	0.02267	0.01287	0.01513	0.00922	0.00687	0.00678	0.00226	0.01057	0.00528	0.00307	0.01066

[dist]
# distance from previous block
# <min> <max>
0	5

[block]
# block no. 6 follows, 28 sequences, length 51
# corresponding to MSA columns:
# 473-523
name=unknown_G
#
# <colnr> <probs for GDERKNQSTAVLIFYWHMCP>
#	G	D	E	R	K	N	Q	S	T	A	V	L	I	F	Y	W	H	M	C	P
0	0.01029	0.00743	0.00972	0.00914	0.01086	0.00686	0.00686	0.01372	0.02058	0.02915	0.69536	0.05430	0.06859	0.01486	0.00857	0.00229	0.00343	0.01315	0.00800	0.00686
1	0.01799	0.01727	0.02950	0.04462	0.69919	0.01727	0.02231	0.02231	0.01655	0.02375	0.01367	0.01799	0.01151	0.00648	0.00720	0.00216	0.00864	0.00648	0.00360	0.01151
