[name]
unknown

[dist]
# distance from previous block
# <min> <max>
0	7

[block]
# block no. 0 follows, 28 sequences, length 32
# corresponding to MSA columns:
# 7-38
name=unknown_A
#
# <colnr> <probs for GDERKNQSTAVLIFYWHMCP>
#	G	D	E	R	K	N	Q	S	T	A	V	L	I	F	Y	W	H	M	C	P
0	0.01384	0.01325	0.09156	0.01453	0.01777	0.01135	0.01347	0.07328	0.07300	0.02441	0.03224	0.06207	0.03297	0.01836	0.04140	0.00344	0.00777	0.44102	0.00626	0.00802
1	0.23340	0.04853	0.14282	0.01372	0.01917	0.03836	0.01307	0.02445	0.04122	0.17688	0.01835	0.05165	0.01460	0.01008	0.02587	0.00253	0.04044	0.03077	0.00536	0.04871
2	0.04396	0.01308	0.06221	0.01292	0.01593	0.01232	0.01102	0.15714	0.01928	0.02654	0.09463	0.09836	0.08576	0.09659	0.03616	0.00345	0.03996	0.15662	0.00611	0.00796
3	0.07851	0.04340	0.18824	0.04974	0.10828	0.01411	0.03008	0.06303	0.01837	0.06190	0.21951	0.02963	0.02882	0.00978	0.00735	0.00227	0.00723	0.02499	0.00543	0.00934
4	0.01000	0.00714	0.00833	0.00869	0.00949	0.00680	0.00576	0.01106	0.01342	0.01745	0.07770	0.15789	0.16869	0.38407	0.02310	0.00490	0.00570	0.06885	0.00564	0.00532
5	0.28528	0.30492	0.14789	0.04015	0.02022	0.02080	0.01352	0.02120	0.01400	0.02364	0.01212	0.04586	0.01058	0.00732	0.00532	0.00203	0.00748	0.00504	0.00375	0.00888
6	0.01432	0.03580	0.66537	0.02003	0.03023	0.01628	0.02567	0.02247	0.01566	0.02339	0.05366	0.01767	0.01274	0.00738	0.00701	0.00230	0.01031	0.00583	0.00336	0.01051
7	0.01915	0.15736	0.12278	0.03119	0.36461	0.08375	0.04868	0.02346	0.01662	0.04718	0.01330	0.01633	0.01081	0.00666	0.00669	0.00206	0.00925	0.00580	0.00365	0.01067
8	0.01733	0.42234	0.32083	0.01707	0.04783	0.02333	0.01888	0.02232	0.01508	0.01984	0.01147	0.01344	0.00935	0.00652	0.00570	0.00189	0.00906	0.00461	0.00311	0.01000
9	0.01234	0.00722	0.00919	0.00901	0.00948	0.00721	0.00574	0.01198	0.01113	0.05586	0.02103	0.06460	0.02258	0.43409	0.08819	0.20396	0.00773	0.00946	0.00441	0.00480
10	0.01092	0.00893	0.01347	0.03515	0.12890	0.00861	0.03208	0.01301	0.01472	0.01981	0.05669	0.48149	0.07793	0.05046	0.01001	0.00292	0.00545	0.01647	0.00596	0.00702
11	0.05690	0.01196	0.01551	0.01229	0.01709	0.01091	0.01001	0.07252	0.02132	0.49912	0.16177	0.02973	0.02745	0.01008	0.00746	0.00225	0.00573	0.00831	0.00851	0.01109
12	0.01433	0.00753	0.00761	0.00733	0.00925	0.00765	0.00557	0.05341	0.01629	0.02814	0.02337	0.02657	0.01828	0.00848	0.00520	0.00172	0.00364	0.00676	0.74179	0.00708
13	0.01355	0.00678	0.00678	0.00678	0.00847	0.00678	0.00508	0.01694	0.01524	0.02710	0.02371	0.02710	0.01863	0.00847	0.00508	0.00169	0.00339	0.00678	0.78489	0.00678
14	0.79588	0.01406	0.01068	0.00956	0.01406	0.01631	0.00787	0.02137	0.01237	0.03261	0.01012	0.01181	0.00787	0.00675	0.00450	0.00225	0.00562	0.00394	0.00450	0.00787
15	0.02763	0.02036	0.02182	0.01672	0.02254	0.02254	0.01382	0.67496	0.03418	0.04581	0.01745	0.01745	0.01236	0.00873	0.00727	0.00218	0.00800	0.00654	0.00727	0.01236
16	0.02049	0.01602	0.01791	0.01599	0.04725	0.01791	0.01219	0.20565	0.35958	0.06796	0.06033	0.02692	0.05147	0.01012	0.00808	0.00238	0.03330	0.00815	0.00713	0.01117
17	0.01706	0.09630	0.09661	0.13626	0.35903	0.01847	0.12889	0.02194	0.01605	0.02214	0.01330	0.01754	0.01071	0.00655	0.00714	0.00220	0.00950	0.00644	0.00345	0.01042
18	0.01057	0.00705	0.00793	0.00793	0.00793	0.00705	0.00440	0.01057	0.01057	0.01409	0.02290	0.04757	0.02643	0.74454	0.03700	0.00705	0.00705	0.01057	0.00440	0.00440
19	0.07014	0.01290	0.01684	0.01298	0.01855	0.01162	0.01072	0.07018	0.02113	0.63447	0.02714	0.02370	0.01718	0.00887	0.00717	0.00225	0.00626	0.00710	0.00868	0.01215
20	0.01884	0.02022	0.09781	0.03803	0.50704	0.05568	0.07302	0.02351	0.01692	0.05837	0.01433	0.01793	0.01146	0.00668	0.00725	0.00219	0.00926	0.00647	0.00384	0.01117
21	0.01496	0.05063	0.36117	0.02065	0.02813	0.05427	0.17208	0.02095	0.01577	0.02176	0.01832	0.15240	0.01696	0.00972	0.00765	0.00241	0.00990	0.00891	0.00394	0.00944
22	0.01155	0.00832	0.01149	0.01308	0.01479	0.00825	0.01139	0.01482	0.01673	0.02164	0.04030	0.08137	0.07556	0.01999	0.00997	0.00330	0.00654	0.61755	0.00670	0.00666
23	0.02143	0.01203	0.04819	0.01197	0.01614	0.01023	0.01004	0.05559	0.04863	0.32601	0.30973	0.03655	0.03889	0.01140	0.00783	0.00227	0.00531	0.00969	0.00814	0.00992
24	0.02128	0.01501	0.04421	0.05548	0.12480	0.01465	0.01374	0.19348	0.05267	0.17411	0.02469	0.15718	0.02174	0.01152	0.00777	0.00242	0.00702	0.04120	0.00659	0.01043
25	0.02791	0.05715	0.01801	0.01307	0.01826	0.01362	0.01079	0.14381	0.04389	0.44979	0.04679	0.02664	0.05244	0.03372	0.00823	0.00237	0.00641	0.00768	0.00800	0.01143
26	0.30298	0.01664	0.01669	0.01352	0.01856	0.01851	0.01110	0.32622	0.05700	0.09307	0.01644	0.01700	0.01196	0.01012	0.03763	0.00265	0.00739	0.00581	0.00627	0.01045
27	0.01507	0.01292	0.01507	0.01077	0.01723	0.00969	0.00861	0.01830	0.01507	0.02369	0.01292	0.01507	0.01077	0.00538	0.00538	0.00108	0.00538	0.00431	0.00431	0.78898
28	0.01041	0.00698	0.00798	0.00814	0.00818	0.00694	0.00463	0.01053	0.01089	0.01452	0.02455	0.11411	0.02851	0.67516	0.03433	0.00665	0.00678	0.01154	0.00463	0.00455
29	0.02404	0.06197	0.02024	0.01497	0.02046	0.06799	0.01223	0.31646	0.13641	0.10227	0.01901	0.01877	0.01392	0.00818	0.00679	0.00200	0.00738	0.00626	0.00650	0.13414
30	0.02553	0.02094	0.02053	0.01654	0.02176	0.09910	0.01335	0.46649	0.17219	0.03938	0.01935	0.01904	0.01413	0.00883	0.00722	0.00221	0.00809	0.00669	0.00690	0.01174
31	0.01036	0.00959	0.04672	0.01281	0.01438	0.00865	0.05864	0.01258	0.01406	0.01924	0.05481	0.50973	0.03869	0.02341	0.08742	0.00383	0.04600	0.01656	0.00587	0.00664

[dist]
# distance from previous block
# <min> <max>
0	1

[block]
# block no. 1 follows, 28 sequences, length 34
# corresponding to MSA columns:
# 40-73
name=unknown_B
#
# <colnr> <probs for GDERKNQSTAVLIFYWHMCP>
#	G	D	E	R	K	N	Q	S	T	A	V	L	I	F	Y	W	H	M	C	P
0	0.01807	0.16091	0.22929	0.02006	0.04952	0.01988	0.11156	0.02380	0.05515	0.08293	0.01449	0.01701	0.01120	0.00811	0.00999	0.00235	0.14553	0.00612	0.00400	0.01004
1	0.03231	0.01286	0.01717	0.01317	0.01880	0.01141	0.01088	0.07461	0.02162	0.66389	0.02799	0.02429	0.01765	0.00898	0.00731	0.00225	0.00630	0.00726	0.00889	0.01237
2	0.00931	0.00735	0.00839	0.00822	0.01028	0.00643	0.00613	0.01179	0.01813	0.02355	0.33094	0.09141	0.40801	0.01711	0.00861	0.00241	0.00360	0.01465	0.00727	0.00643
3	0.02055	0.12029	0.07383	0.06523	0.02239	0.01881	0.02999	0.21192	0.08173	0.08868	0.04174	0.03819	0.01576	0.01135	0.03285	0.03776	0.06638	0.00695	0.00555	0.01005
4	0.02595	0.01222	0.01552	0.01253	0.01723	0.01146	0.01013	0.06069	0.11263	0.44946	0.12590	0.03131	0.06078	0.01043	0.00757	0.00229	0.00568	0.00865	0.00844	0.01114
5	0.03261	0.01237	0.01687	0.01293	0.01856	0.01068	0.01068	0.03543	0.02081	0.70423	0.02868	0.02474	0.01799	0.00900	0.00731	0.00225	0.00619	0.00731	0.00900	0.01237
6	0.01451	0.01360	0.02234	0.60147	0.12310	0.01641	0.01986	0.02032	0.05876	0.01995	0.01410	0.01973	0.01072	0.00735	0.00727	0.00239	0.00931	0.00658	0.00355	0.00870
7	0.02001	0.44771	0.06901	0.01523	0.02016	0.15632	0.01414	0.02246	0.01527	0.01763	0.01038	0.01287	0.00937	0.00763	0.00848	0.00194	0.13462	0.00455	0.00324	0.00900
8	0.00923	0.00774	0.00807	0.00792	0.01036	0.00676	0.00596	0.01211	0.04702	0.02131	0.14979	0.06607	0.58722	0.01758	0.00854	0.00243	0.00374	0.01475	0.00694	0.00647
9	0.01263	0.00631	0.00947	0.00947	0.00947	0.00631	0.00631	0.00947	0.00947	0.01263	0.01263	0.02210	0.01263	0.02525	0.02841	0.78851	0.00631	0.00631	0.00316	0.00316
10	0.01057	0.00705	0.00793	0.00793	0.00793	0.00705	0.00440	0.01057	0.01057	0.01409	0.02290	0.04757	0.02643	0.74454	0.03700	0.00705	0.00705	0.01057	0.00440	0.00440
11	0.02606	0.09112	0.02207	0.01824	0.02202	0.63138	0.01399	0.02796	0.01974	0.01772	0.01107	0.01311	0.00937	0.00761	0.00713	0.00190	0.04266	0.00469	0.00367	0.00848
12	0.01772	0.01852	0.03028	0.06597	0.36680	0.08438	0.19934	0.02208	0.01681	0.02239	0.01582	0.07625	0.01404	0.00783	0.00769	0.00229	0.00976	0.00803	0.00387	0.01014
13	0.01029	0.00743	0.00972	0.00914	0.01086	0.00686	0.00686	0.01372	0.02058	0.02915	0.69536	0.05430	0.06859	0.01486	0.00857	0.00229	0.00343	0.01315	0.00800	0.00686
14	0.02066	0.58000	0.03406	0.01394	0.01938	0.15419	0.01291	0.02287	0.01565	0.01725	0.01028	0.01215	0.00935	0.00679	0.00601	0.00170	0.04633	0.00416	0.00323	0.00909
15	0.01029	0.00743	0.00972	0.00914	0.01086	0.00686	0.00686	0.01372	0.02058	0.02915	0.69536	0.05430	0.06859	0.01486	0.00857	0.00229	0.00343	0.01315	0.00800	0.00686
16	0.02344	0.02519	0.01910	0.01692	0.02050	0.38112	0.01308	0.08595	0.13575	0.05383	0.01819	0.01941	0.03703	0.01104	0.04004	0.00260	0.07629	0.00625	0.00499	0.00928
17	0.54330	0.07094	0.01438	0.01063	0.01555	0.01586	0.00894	0.02494	0.01468	0.20038	0.01479	0.01505	0.01053	0.00727	0.00522	0.00220	0.00593	0.00478	0.00552	0.00912
18	0.01263	0.00631	0.00947	0.00947	0.00947	0.00631	0.00631	0.00947	0.00947	0.01263	0.01263	0.02210	0.01263	0.02525	0.02841	0.78851	0.00631	0.00631	0.00316	0.00316
19	0.00884	0.00638	0.00838	0.00997	0.01050	0.00592	0.00668	0.01014	0.01406	0.01862	0.04192	0.70277	0.08390	0.02253	0.00924	0.00292	0.00419	0.02037	0.00675	0.00592
20	0.01534	0.05907	0.53187	0.02268	0.03249	0.01765	0.17321	0.02304	0.01574	0.02287	0.01332	0.01618	0.00963	0.00670	0.00721	0.00231	0.01098	0.00605	0.00321	0.01048
21	0.03261	0.01237	0.01687	0.01293	0.01856	0.01068	0.01068	0.03543	0.02081	0.70423	0.02868	0.02474	0.01799	0.00900	0.00731	0.00225	0.00619	0.00731	0.00900	0.01237
22	0.01057	0.00705	0.00793	0.00793	0.00793	0.00705	0.00440	0.01057	0.01057	0.01409	0.02290	0.04757	0.02643	0.74454	0.03700	0.00705	0.00705	0.01057	0.00440	0.00440
23	0.05874	0.01655	0.01919	0.01476	0.02044	0.01701	0.01219	0.36450	0.02738	0.33964	0.02219	0.02050	0.01471	0.00877	0.00718	0.00221	0.00710	0.00679	0.00794	0.01220
24	0.03176	0.01212	0.01642	0.01266	0.01811	0.01051	0.01043	0.03460	0.02056	0.67406	0.02846	0.02485	0.01802	0.00897	0.00721	0.00222	0.00606	0.00729	0.04356	0.01212
25	0.01590	0.01590	0.02226	0.01908	0.01908	0.02226	0.01590	0.01749	0.01113	0.01749	0.00954	0.01590	0.00954	0.01272	0.02385	0.00318	0.73123	0.00636	0.00318	0.00795
26	0.01507	0.01292	0.01507	0.01077	0.01723	0.00969	0.00861	0.01830	0.01507	0.02369	0.01292	0.01507	0.01077	0.00538	0.00538	0.00108	0.00538	0.00431	0.00431	0.78898
27	0.01752	0.01828	0.03748	0.05847	0.03512	0.01738	0.53501	0.05647	0.01780	0.04283	0.01624	0.05236	0.01291	0.00712	0.00832	0.00240	0.01112	0.00873	0.00416	0.04029
28	0.00859	0.00736	0.00736	0.00736	0.00982	0.00614	0.00552	0.01043	0.01657	0.01964	0.07364	0.06996	0.69624	0.01841	0.00859	0.00245	0.00368	0.01534	0.00675	0.00614
29	0.79588	0.01406	0.01068	0.00956	0.01406	0.01631	0.00787	0.02137	0.01237	0.03261	0.01012	0.01181	0.00787	0.00675	0.00450	0.00225	0.00562	0.00394	0.00450	0.00787
30	0.07493	0.05279	0.13331	0.02432	0.06018	0.14600	0.29217	0.02352	0.01650	0.02217	0.01279	0.01650	0.01004	0.00716	0.00884	0.00233	0.07687	0.00657	0.00359	0.00944
31	0.02399	0.02001	0.02088	0.01688	0.02202	0.08109	0.04218	0.38128	0.24612	0.03733	0.02077	0.02034	0.01527	0.00888	0.00731	0.00226	0.00789	0.00702	0.00685	0.01163
32	0.01574	0.01349	0.01657	0.05024	0.04955	0.01175	0.01045	0.05512	0.03513	0.02480	0.04366	0.01767	0.01365	0.00659	0.00670	0.00144	0.03858	0.00523	0.00458	0.57906
33	0.02691	0.01944	0.02109	0.01611	0.02196	0.02104	0.01328	0.59682	0.03214	0.07387	0.01762	0.01760	0.01250	0.00849	0.00713	0.00210	0.00772	0.00641	0.00713	0.07063

[dist]
# distance from previous block
# <min> <max>
0	12

[block]
# block no. 2 follows, 28 sequences, length 89
# corresponding to MSA columns:
# 86-130,134-177
name=unknown_C
#
# <colnr> <probs for GDERKNQSTAVLIFYWHMCP>
#	G	D	E	R	K	N	Q	S	T	A	V	L	I	F	Y	W	H	M	C	P
0	0.03089	0.01232	0.01644	0.01273	0.01807	0.01090	0.01047	0.06113	0.02115	0.62656	0.05164	0.02557	0.01957	0.00917	0.00727	0.00223	0.00606	0.00746	0.03841	0.01196
1	0.01622	0.01774	0.03673	0.21259	0.04056	0.01792	0.48150	0.02187	0.01628	0.02187	0.01408	0.01943	0.01063	0.00663	0.00871	0.00247	0.03397	0.00795	0.00354	0.00929
2	0.01287	0.00779	0.01223	0.17002	0.01855	0.00851	0.00942	0.01151	0.01060	0.01396	0.01269	0.02149	0.01197	0.02123	0.02368	0.61263	0.00707	0.00635	0.00317	0.00426
3	0.02763	0.02036	0.02182	0.01672	0.02254	0.02254	0.01382	0.67496	0.03418	0.04581	0.01745	0.01745	0.01236	0.00873	0.00727	0.00218	0.00800	0.00654	0.00727	0.01236
4	0.01648	0.01653	0.05892	0.03724	0.54619	0.01543	0.01982	0.02084	0.01720	0.02466	0.13307	0.02422	0.02140	0.00797	0.00742	0.00219	0.00783	0.00759	0.00434	0.01066
5	0.56639	0.01421	0.01269	0.01084	0.01550	0.01583	0.00888	0.07759	0.04769	0.12507	0.03615	0.01613	0.01225	0.00763	0.00538	0.00226	0.00583	0.00511	0.00559	0.00900
6	0.01458	0.03760	0.70688	0.02072	0.03146	0.01688	0.02686	0.02302	0.01535	0.02302	0.01304	0.01535	0.00921	0.00691	0.00691	0.00230	0.01074	0.00537	0.00307	0.01074
7	0.01716	0.01961	0.04289	0.03064	0.03799	0.01838	0.67279	0.02328	0.01716	0.02328	0.01471	0.01961	0.01103	0.00613	0.00858	0.00245	0.01225	0.00858	0.00368	0.00980
8	0.02784	0.02003	0.02161	0.01657	0.02238	0.02205	0.01369	0.64867	0.03363	0.07287	0.01791	0.01775	0.01259	0.00874	0.00727	0.00218	0.00792	0.00658	0.00734	0.01236
9	0.01787	0.01549	0.01669	0.04874	0.02039	0.01799	0.01192	0.03767	0.65405	0.02984	0.02879	0.02675	0.02159	0.00974	0.00739	0.00246	0.00594	0.00813	0.00720	0.01134
10	0.03261	0.01237	0.01687	0.01293	0.01856	0.01068	0.01068	0.03543	0.02081	0.70423	0.02868	0.02474	0.01799	0.00900	0.00731	0.00225	0.00619	0.00731	0.00900	0.01237
11	0.00947	0.00674	0.00841	0.00949	0.01007	0.00639	0.00633	0.01059	0.01346	0.01768	0.03855	0.45171	0.10244	0.21334	0.01660	0.00402	0.00508	0.05793	0.00612	0.00558
12	0.03146	0.01361	0.01839	0.01402	0.01972	0.01242	0.03404	0.11432	0.02234	0.59895	0.02680	0.02366	0.01705	0.00886	0.00735	0.00225	0.00662	0.00726	0.00860	0.01228
13	0.01808	0.01561	0.01644	0.01479	0.01890	0.01808	0.01151	0.03863	0.68606	0.03041	0.02959	0.02712	0.02219	0.00986	0.00740	0.00247	0.00575	0.00822	0.00740	0.01151
14	0.02905	0.01359	0.01708	0.01358	0.01888	0.01308	0.01106	0.07586	0.17048	0.51258	0.02818	0.02482	0.01858	0.00917	0.00733	0.00229	0.00620	0.00747	0.00853	0.01218
15	0.02060	0.01749	0.01782	0.01539	0.01987	0.04871	0.01213	0.18059	0.51193	0.03332	0.02609	0.02436	0.01945	0.00951	0.00733	0.00238	0.00657	0.00769	0.00721	0.01157
16	0.17235	0.24570	0.11614	0.01366	0.01988	0.04792	0.01321	0.06714	0.01741	0.19997	0.01581	0.01599	0.01146	0.00734	0.00586	0.00202	0.00759	0.00518	0.00518	0.01018
17	0.02505	0.01843	0.01998	0.01577	0.02087	0.02024	0.01283	0.58182	0.03156	0.04235	0.04297	0.09539	0.01807	0.01043	0.00753	0.00227	0.00744	0.00827	0.00724	0.01149
18	0.09096	0.01657	0.01810	0.01467	0.01980	0.01798	0.01190	0.27945	0.23113	0.18724	0.02310	0.02160	0.01628	0.00897	0.00708	0.00229	0.00670	0.00701	0.00746	0.01172
19	0.00994	0.00727	0.00967	0.01150	0.03293	0.00697	0.00754	0.03876	0.01486	0.01988	0.03826	0.68617	0.04540	0.02166	0.00913	0.00289	0.00452	0.01961	0.00667	0.00636
20	0.01692	0.02128	0.10463	0.02971	0.03738	0.01824	0.61273	0.02326	0.01699	0.02326	0.01455	0.01921	0.01086	0.00620	0.00842	0.00244	0.01211	0.00828	0.00362	0.00989
21	0.01458	0.03760	0.70688	0.02072	0.03146	0.01688	0.02686	0.02302	0.01535	0.02302	0.01304	0.01535	0.00921	0.00691	0.00691	0.00230	0.01074	0.00537	0.00307	0.01074
22	0.00886	0.00633	0.00843	0.01012	0.01054	0.00590	0.00675	0.01012	0.01392	0.01856	0.04006	0.73979	0.04808	0.02277	0.00928	0.00295	0.00422	0.02066	0.00675	0.00590
23	0.02315	0.01491	0.01718	0.01399	0.01826	0.01585	0.01116	0.33660	0.05670	0.16095	0.04527	0.06676	0.01973	0.07832	0.08347	0.00366	0.00828	0.00830	0.00700	0.01046
24	0.01685	0.33136	0.36487	0.01824	0.02677	0.02196	0.08330	0.02252	0.01528	0.02059	0.01198	0.01423	0.00943	0.00655	0.00614	0.00201	0.00966	0.00506	0.00314	0.01006
25	0.03941	0.00658	0.00951	0.00947	0.00963	0.00665	0.00637	0.00988	0.00957	0.01331	0.01254	0.02174	0.01246	0.02462	0.02759	0.76162	0.00629	0.00623	0.00320	0.00332
26	0.02715	0.03464	0.02060	0.01873	0.02247	0.71536	0.01404	0.02903	0.02060	0.01779	0.01124	0.01311	0.00936	0.00749	0.00655	0.00187	0.01311	0.00468	0.00375	0.00843
27	0.02528	0.01251	0.01521	0.01238	0.01682	0.04051	0.00994	0.05219	0.06521	0.42797	0.18543	0.03245	0.05000	0.01064	0.00762	0.00226	0.00579	0.00884	0.00831	0.01066
28	0.01365	0.01291	0.02272	0.40837	0.06527	0.01460	0.12520	0.01789	0.01485	0.01980	0.01840	0.14996	0.01722	0.01007	0.00830	0.00251	0.03180	0.00939	0.02901	0.00806
29	0.01038	0.00779	0.01168	0.01168	0.01298	0.00909	0.00909	0.01298	0.01168	0.01687	0.01947	0.02856	0.01817	0.05452	0.71573	0.01168	0.01947	0.00779	0.00389	0.00649
30	0.01453	0.01348	0.02293	0.49516	0.17871	0.01560	0.03924	0.01893	0.01499	0.01977	0.01478	0.02328	0.01230	0.00853	0.00821	0.02970	0.00924	0.04850	0.00354	0.00857
31	0.01588	0.02425	0.25012	0.06147	0.08443	0.01718	0.35953	0.02234	0.01627	0.02281	0.01509	0.04873	0.01200	0.00716	0.00791	0.00240	0.01104	0.00782	0.00359	0.00998
32	0.01761	0.01688	0.02881	0.10615	0.64067	0.01717	0.02212	0.02197	0.01637	0.02328	0.01361	0.01812	0.01135	0.00655	0.00720	0.00218	0.00873	0.00648	0.00356	0.01120
33	0.01057	0.00705	0.00793	0.00793	0.00793	0.00705	0.00440	0.01057	0.01057	0.01409	0.02290	0.04757	0.02643	0.74454	0.03700	0.00705	0.00705	0.01057	0.00440	0.00440
34	0.79588	0.01406	0.01068	0.00956	0.01406	0.01631	0.00787	0.02137	0.01237	0.03261	0.01012	0.01181	0.00787	0.00675	0.00450	0.00225	0.00562	0.00394	0.00450	0.00787
35	0.01102	0.00780	0.00914	0.00887	0.00887	0.00834	0.00538	0.01116	0.01062	0.01438	0.02177	0.04488	0.02499	0.68246	0.03588	0.00672	0.06848	0.01021	0.00430	0.00471
36	0.00970	0.00741	0.00890	0.00853	0.01050	0.00661	0.00640	0.01258	0.01919	0.02586	0.48052	0.05971	0.28548	0.01609	0.00858	0.00234	0.00352	0.01390	0.00757	0.00661
37	0.01057	0.00705	0.00793	0.00793	0.00793	0.00705	0.00440	0.01057	0.01057	0.01409	0.02290	0.04757	0.02643	0.74454	0.03700	0.00705	0.00705	0.01057	0.00440	0.00440
38	0.00878	0.00664	0.00811	0.00928	0.01032	0.00597	0.00637	0.01022	0.01472	0.01889	0.05029	0.53586	0.24542	0.02144	0.00907	0.00280	0.00405	0.01904	0.00675	0.00597
39	0.00859	0.00736	0.00736	0.00736	0.00982	0.00614	0.00552	0.01043	0.01657	0.01964	0.07364	0.06996	0.69624	0.01841	0.00859	0.00245	0.00368	0.01534	0.00675	0.00614
40	0.01317	0.00681	0.00692	0.00692	0.00840	0.00681	0.00499	0.01612	0.01465	0.02544	0.02361	0.02972	0.01963	0.10257	0.00916	0.00238	0.00386	0.00726	0.68511	0.00647
41	0.03261	0.01237	0.01687	0.01293	0.01856	0.01068	0.01068	0.03543	0.02081	0.70423	0.02868	0.02474	0.01799	0.00900	0.00731	0.00225	0.00619	0.00731	0.00900	0.01237
42	0.02787	0.01998	0.02158	0.01655	0.02235	0.02198	0.01367	0.64466	0.03354	0.07700	0.01798	0.01780	0.01263	0.00874	0.00727	0.00218	0.00791	0.00658	0.00735	0.01236
43	0.79588	0.01406	0.01068	0.00956	0.01406	0.01631	0.00787	0.02137	0.01237	0.03261	0.01012	0.01181	0.00787	0.00675	0.00450	0.00225	0.00562	0.00394	0.00450	0.00787
44	0.01404	0.01324	0.02236	0.67758	0.09713	0.01623	0.02034	0.01884	0.01468	0.01895	0.01297	0.01928	0.00982	0.00721	0.00726	0.00240	0.00961	0.00646	0.00326	0.00832
45	0.02383	0.01847	0.01967	0.01596	0.02109	0.02077	0.01290	0.42173	0.29359	0.03968	0.02228	0.02130	0.01627	0.00918	0.00732	0.00229	0.00711	0.00721	0.00732	0.01202
46	0.02058	0.01547	0.01816	0.01558	0.01913	0.01811	0.01251	0.07530	0.38432	0.13771	0.02415	0.02359	0.01803	0.01029	0.01106	0.00257	0.16829	0.00755	0.00670	0.01091
47	0.02276	0.13075	0.02035	0.01290	0.01877	0.01570	0.01084	0.12283	0.08380	0.21445	0.01909	0.01871	0.01387	0.00744	0.00627	0.00177	0.00641	0.00578	0.00615	0.26138
48	0.07123	0.03589	0.65639	0.01991	0.03020	0.01684	0.02548	0.02290	0.01513	0.02372	0.01283	0.01509	0.00911	0.00689	0.00673	0.00230	0.01037	0.00527	0.00317	0.01053
49	0.00929	0.00759	0.00834	0.00871	0.01099	0.00664	0.00691	0.01147	0.01661	0.02011	0.06577	0.07265	0.54983	0.01878	0.00892	0.00265	0.00436	0.15740	0.00674	0.00626
50	0.00886	0.00633	0.00843	0.01012	0.01054	0.00590	0.00675	0.01012	0.01392	0.01856	0.04006	0.73979	0.04808	0.02277	0.00928	0.00295	0.00422	0.02066	0.00675	0.00590
51	0.05647	0.03701	0.01887	0.01426	0.01922	0.01361	0.04322	0.05791	0.06411	0.46505	0.05495	0.02406	0.01864	0.00930	0.00860	0.00233	0.06603	0.00735	0.00768	0.01131
52	0.01617	0.03538	0.64608	0.02003	0.03032	0.01634	0.02543	0.02411	0.01583	0.08304	0.01442	0.01617	0.00998	0.00709	0.00694	0.00230	0.01034	0.00554	0.00359	0.01089
53	0.00904	0.00646	0.00865	0.01034	0.01084	0.00607	0.00707	0.01045	0.01410	0.01877	0.03996	0.69655	0.04767	0.02260	0.00933	0.00298	0.00438	0.06205	0.00674	0.00596
54	0.01800	0.01719	0.02889	0.04320	0.66696	0.01731	0.02180	0.02308	0.04827	0.02406	0.01443	0.01842	0.01202	0.00664	0.00721	0.00217	0.00850	0.00656	0.00378	0.01151
55	0.12612	0.01731	0.07663	0.14008	0.26723	0.06730	0.01666	0.02000	0.01584	0.02292	0.02358	0.02608	0.13324	0.00890	0.00700	0.00226	0.00800	0.00748	0.00420	0.00918
56	0.01373	0.01292	0.02180	0.72707	0.05006	0.01615	0.02019	0.01857	0.01453	0.01857	0.01292	0.01938	0.00969	0.00727	0.00727	0.00242	0.00969	0.00646	0.00323	0.00807
57	0.01040	0.00771	0.01128	0.01128	0.01244	0.00887	0.00858	0.01272	0.01156	0.01657	0.01984	0.03061	0.01906	0.12895	0.64252	0.01118	0.01813	0.00809	0.00395	0.00627
58	0.01930	0.01875	0.11106	0.01927	0.05019	0.01583	0.15476	0.11884	0.08616	0.09215	0.01707	0.01904	0.01278	0.00825	0.00871	0.03936	0.03285	0.00661	0.00509	0.16393
59	0.02715	0.03464	0.02060	0.01873	0.02247	0.71536	0.01404	0.02903	0.02060	0.01779	0.01124	0.01311	0.00936	0.00749	0.00655	0.00187	0.01311	0.00468	0.00375	0.00843
60	0.01389	0.01309	0.02210	0.70110	0.07476	0.01619	0.02027	0.01871	0.01461	0.01877	0.01295	0.01933	0.00976	0.00724	0.00726	0.00241	0.00965	0.00646	0.00324	0.00821
61	0.01507	0.01292	0.01507	0.01077	0.01723	0.00969	0.00861	0.01830	0.01507	0.02369	0.01292	0.01507	0.01077	0.00538	0.00538	0.00108	0.00538	0.00431	0.00431	0.78898
62	0.00866	0.00735	0.00738	0.00738	0.00975	0.00617	0.00548	0.01044	0.01636	0.01945	0.07190	0.06919	0.67330	0.04328	0.00956	0.00261	0.00380	0.01518	0.00667	0.00608
63	0.01117	0.00907	0.03647	0.00962	0.01190	0.00780	0.00769	0.01417	0.01865	0.05328	0.43541	0.05381	0.21710	0.04288	0.01012	0.00254	0.03128	0.01280	0.00722	0.00700
64	0.01458	0.03760	0.70688	0.02072	0.03146	0.01688	0.02686	0.02302	0.01535	0.02302	0.01304	0.01535	0.00921	0.00691	0.00691	0.00230	0.01074	0.00537	0.00307	0.01074
65	0.01004	0.00682	0.00808	0.00860	0.00874	0.00669	0.00513	0.01043	0.01160	0.01547	0.02820	0.26117	0.03311	0.52182	0.02844	0.00578	0.00617	0.01369	0.00513	0.00487
66	0.01468	0.03691	0.68149	0.02110	0.03171	0.01694	0.05155	0.02303	0.01542	0.02303	0.01311	0.01551	0.00928	0.00688	0.00697	0.00231	0.01080	0.00549	0.00309	0.01071
67	0.00957	0.00866	0.00814	0.00809	0.01050	0.04059	0.00604	0.01146	0.01685	0.01992	0.09598	0.08928	0.61411	0.01788	0.00851	0.00244	0.00415	0.01491	0.00666	0.00627
68	0.03261	0.01237	0.01687	0.01293	0.01856	0.01068	0.01068	0.03543	0.02081	0.70423	0.02868	0.02474	0.01799	0.00900	0.00731	0.00225	0.00619	0.00731	0.00900	0.01237
69	0.03243	0.01267	0.01705	0.01308	0.01871	0.01113	0.01080	0.05938	0.02131	0.67957	0.02826	0.02447	0.01778	0.00899	0.00731	0.00225	0.00625	0.00728	0.00893	0.01237
70	0.01672	0.01935	0.08079	0.03165	0.18136	0.01722	0.43290	0.02238	0.01687	0.02324	0.01632	0.02410	0.01355	0.00740	0.00828	0.00245	0.01090	0.06066	0.00387	0.00999
71	0.01458	0.03760	0.70688	0.02072	0.03146	0.01688	0.02686	0.02302	0.01535	0.02302	0.01304	0.01535	0.00921	0.00691	0.00691	0.00230	0.01074	0.00537	0.00307	0.01074
72	0.01716	0.01961	0.04289	0.03064	0.03799	0.01838	0.67279	0.02328	0.01716	0.02328	0.01471	0.01961	0.01103	0.00613	0.00858	0.00245	0.01225	0.00858	0.00368	0.00980
73	0.01171	0.00837	0.01171	0.01339	0.01506	0.00837	0.01171	0.01506	0.01673	0.02175	0.03849	0.08199	0.04183	0.02008	0.01004	0.00335	0.00669	0.65027	0.00669	0.00669
74	0.01799	0.01727	0.02950	0.04462	0.69919	0.01727	0.02231	0.02231	0.01655	0.02375	0.01367	0.01799	0.01151	0.00648	0.00720	0.00216	0.00864	0.00648	0.00360	0.01151
75	0.00877	0.00737	0.00761	0.00755	0.00993	0.00621	0.00566	0.01078	0.01699	0.02064	0.13891	0.06831	0.63035	0.01804	0.00859	0.00244	0.00366	0.01511	0.00688	0.00621
76	0.01808	0.01561	0.01644	0.01479	0.01890	0.01808	0.01151	0.03863	0.68606	0.03041	0.02959	0.02712	0.02219	0.00986	0.00740	0.00247	0.00575	0.00822	0.00740	0.01151
77	0.01458	0.03760	0.70688	0.02072	0.03146	0.01688	0.02686	0.02302	0.01535	0.02302	0.01304	0.01535	0.00921	0.00691	0.00691	0.00230	0.01074	0.00537	0.00307	0.01074
78	0.00893	0.00636	0.00841	0.01002	0.01042	0.00596	0.00664	0.01014	0.01377	0.01835	0.03929	0.70842	0.04710	0.05549	0.01053	0.00314	0.00435	0.02021	0.00664	0.00584
79	0.01373	0.01292	0.02180	0.72707	0.05006	0.01615	0.02019	0.01857	0.01453	0.01857	0.01292	0.01938	0.00969	0.00727	0.00727	0.00242	0.00969	0.00646	0.00323	0.00807
80	0.00922	0.00669	0.00879	0.01032	0.01109	0.00626	0.00731	0.01082	0.01453	0.01909	0.04280	0.59156	0.10425	0.02202	0.00932	0.00296	0.00451	0.10568	0.00674	0.00603
81	0.08446	0.03913	0.01917	0.07441	0.02215	0.01408	0.03525	0.12039	0.02117	0.45896	0.02332	0.02172	0.01524	0.00845	0.00705	0.00224	0.00696	0.00682	0.00755	0.01148
82	0.01785	0.01713	0.02926	0.06674	0.67816	0.01723	0.02224	0.02219	0.01649	0.02358	0.01365	0.01804	0.01145	0.00650	0.00720	0.00217	0.00867	0.00648	0.00359	0.01140
83	0.00886	0.00633	0.00843	0.01012	0.01054	0.00590	0.00675	0.01012	0.01392	0.01856	0.04006	0.73979	0.04808	0.02277	0.00928	0.00295	0.00422	0.02066	0.00675	0.00590
84	0.01048	0.00704	0.00811	0.00819	0.00827	0.00708	0.00472	0.01065	0.01078	0.01442	0.02357	0.07955	0.02710	0.68092	0.06463	0.00705	0.00744	0.01093	0.00449	0.00456
85	0.02711	0.02010	0.02152	0.01662	0.02234	0.02230	0.01369	0.64008	0.06991	0.04497	0.01812	0.01798	0.01290	0.00879	0.00728	0.00220	0.00788	0.00664	0.00728	0.01231
86	0.02288	0.23451	0.07534	0.01469	0.02040	0.06874	0.01323	0.11021	0.18101	0.15874	0.01965	0.01905	0.01450	0.00809	0.00646	0.00207	0.00760	0.00610	0.00585	0.01087
87	0.01858	0.01773	0.02740	0.07651	0.52571	0.06420	0.04292	0.02325	0.03787	0.04675	0.03868	0.01959	0.01383	0.00707	0.00726	0.00218	0.00877	0.00675	0.00405	0.01092
88	0.08644	0.04378	0.15751	0.01458	0.02072	0.01348	0.03347	0.05044	0.04147	0.34882	0.06887	0.05024	0.01945	0.00915	0.00711	0.00228	0.00709	0.00748	0.00679	0.01084

[dist]
# distance from previous block
# <min> <max>
1	16

[block]
# block no. 3 follows, 28 sequences, length 18
# corresponding to MSA columns:
# 194-211
name=unknown_D
#
# <colnr> <probs for GDERKNQSTAVLIFYWHMCP>
#	G	D	E	R	K	N	Q	S	T	A	V	L	I	F	Y	W	H	M	C	P
0	0.01959	0.01770	0.04810	0.07991	0.21010	0.01860	0.01625	0.16611	0.28531	0.03060	0.02069	0.02150	0.01569	0.00837	0.00729	0.00231	0.00752	0.00714	0.00583	0.01139
1	0.01801	0.01699	0.02728	0.03955	0.58361	0.01741	0.02047	0.02508	0.13030	0.02488	0.01638	0.01954	0.01333	0.00705	0.00723	0.00221	0.00815	0.00677	0.00424	0.01151
2	0.02433	0.01151	0.01554	0.01353	0.05644	0.00999	0.01013	0.02733	0.01964	0.42591	0.15171	0.03141	0.06599	0.01009	0.00740	0.00214	0.00559	0.00848	0.00786	0.09498
3	0.06002	0.03140	0.51359	0.01998	0.02949	0.01617	0.09352	0.02240	0.01534	0.02368	0.01304	0.01557	0.00951	0.00663	0.00677	0.00217	0.00998	0.00551	0.00336	0.10187
4	0.01507	0.03434	0.59081	0.02323	0.06977	0.01708	0.10246	0.02301	0.01563	0.02309	0.01328	0.01600	0.00955	0.00679	0.00712	0.00231	0.01080	0.00581	0.00317	0.01068
5	0.08208	0.62276	0.09833	0.01298	0.01948	0.02664	0.01341	0.02185	0.01463	0.01892	0.01038	0.01202	0.00920	0.00633	0.00486	0.00168	0.00788	0.00403	0.00322	0.00934
6	0.01373	0.01292	0.02180	0.72707	0.05006	0.01615	0.02019	0.01857	0.01453	0.01857	0.01292	0.01938	0.00969	0.00727	0.00727	0.00242	0.00969	0.00646	0.00323	0.00807
7	0.00986	0.00722	0.00928	0.00938	0.01087	0.00664	0.00691	0.01264	0.01851	0.02550	0.45735	0.21174	0.12470	0.01723	0.00880	0.00250	0.00378	0.04300	0.00754	0.00656
8	0.12026	0.01944	0.01957	0.17606	0.02719	0.13562	0.01419	0.25530	0.05598	0.08388	0.01595	0.01750	0.01162	0.00802	0.00681	0.00221	0.00869	0.00603	0.00556	0.01013
9	0.00888	0.00737	0.00776	0.00766	0.00999	0.00626	0.00575	0.01099	0.01724	0.02124	0.17842	0.06732	0.59046	0.01781	0.00859	0.00243	0.00364	0.01497	0.00696	0.00626
10	0.00862	0.00727	0.00746	0.00762	0.00989	0.00611	0.00564	0.01040	0.01632	0.01954	0.07052	0.13213	0.63609	0.01881	0.00865	0.00250	0.00373	0.01584	0.00675	0.00611
11	0.70813	0.01568	0.04789	0.01058	0.01549	0.01672	0.00923	0.06124	0.01385	0.03291	0.01072	0.01234	0.00822	0.00688	0.00479	0.00225	0.00604	0.00417	0.00459	0.00830
12	0.50441	0.01491	0.01597	0.01288	0.01799	0.01610	0.07110	0.09082	0.01659	0.15659	0.01471	0.01549	0.01049	0.00731	0.00568	0.00226	0.00659	0.00526	0.00553	0.00934
13	0.01590	0.01590	0.02226	0.01908	0.01908	0.02226	0.01590	0.01749	0.01113	0.01749	0.00954	0.01590	0.00954	0.01272	0.02385	0.00318	0.73123	0.00636	0.00318	0.00795
14	0.00900	0.00643	0.00856	0.01003	0.01057	0.00600	0.00676	0.01048	0.01457	0.01960	0.10470	0.67217	0.05010	0.02199	0.00921	0.00289	0.00414	0.01992	0.00687	0.00600
15	0.04966	0.02047	0.01777	0.01634	0.04264	0.20120	0.01225	0.09178	0.34339	0.05404	0.02206	0.02159	0.01669	0.00880	0.00693	0.00222	0.00788	0.00681	0.04704	0.01043
16	0.02684	0.01147	0.01529	0.01214	0.01680	0.01022	0.00986	0.05634	0.02130	0.50877	0.19448	0.03181	0.03038	0.01045	0.00762	0.00226	0.00557	0.00873	0.00868	0.01100
17	0.02608	0.01593	0.07127	0.01395	0.01989	0.01360	0.01217	0.14075	0.07989	0.36848	0.04113	0.02243	0.01706	0.00852	0.00705	0.00210	0.00663	0.00685	0.00743	0.11880

[dist]
# distance from previous block
# <min> <max>
0	11

[block]
# block no. 4 follows, 28 sequences, length 36
# corresponding to MSA columns:
# 223-258
name=unknown_E
#
# <colnr> <probs for GDERKNQSTAVLIFYWHMCP>
#	G	D	E	R	K	N	Q	S	T	A	V	L	I	F	Y	W	H	M	C	P
0	0.01734	0.01962	0.08199	0.02857	0.12323	0.01853	0.37816	0.06590	0.01713	0.02387	0.01477	0.04299	0.01211	0.00791	0.01038	0.00250	0.11321	0.00803	0.00390	0.00988
1	0.01564	0.01166	0.01222	0.01069	0.01389	0.05291	0.00827	0.06927	0.04496	0.11050	0.13309	0.04645	0.30458	0.04896	0.00986	0.00251	0.03086	0.01117	0.00670	0.05581
2	0.01665	0.01408	0.01738	0.01286	0.01892	0.01200	0.04958	0.10408	0.04112	0.02653	0.01545	0.04956	0.01311	0.00682	0.00607	0.00144	0.00610	0.00575	0.00487	0.57762
3	0.02160	0.01857	0.01923	0.01979	0.13310	0.14186	0.01335	0.05093	0.27320	0.12378	0.02336	0.02295	0.03719	0.00868	0.00710	0.00218	0.00760	0.00707	0.00610	0.06238
4	0.01373	0.01292	0.02180	0.72707	0.05006	0.01615	0.02019	0.01857	0.01453	0.01857	0.01292	0.01938	0.00969	0.00727	0.00727	0.00242	0.00969	0.00646	0.00323	0.00807
5	0.01944	0.01600	0.01705	0.01479	0.01908	0.01820	0.01165	0.16277	0.51219	0.03337	0.07218	0.02705	0.02338	0.00998	0.00745	0.00240	0.00604	0.00822	0.00741	0.01136
6	0.01373	0.01292	0.02180	0.72707	0.05006	0.01615	0.02019	0.01857	0.01453	0.01857	0.01292	0.01938	0.00969	0.00727	0.00727	0.00242	0.00969	0.00646	0.00323	0.00807
7	0.01482	0.01265	0.01480	0.01074	0.01695	0.00953	0.00854	0.01797	0.01503	0.02348	0.01404	0.04490	0.01230	0.00610	0.00554	0.00115	0.00534	0.00498	0.00441	0.75675
8	0.01507	0.01292	0.01507	0.01077	0.01723	0.00969	0.00861	0.01830	0.01507	0.02369	0.01292	0.01507	0.01077	0.00538	0.00538	0.00108	0.00538	0.00431	0.00431	0.78898
9	0.00859	0.00736	0.00736	0.00736	0.00982	0.00614	0.00552	0.01043	0.01657	0.01964	0.07364	0.06996	0.69624	0.01841	0.00859	0.00245	0.00368	0.01534	0.00675	0.00614
10	0.01808	0.01561	0.01644	0.01479	0.01890	0.01808	0.01151	0.03863	0.68606	0.03041	0.02959	0.02712	0.02219	0.00986	0.00740	0.00247	0.00575	0.00822	0.00740	0.01151
11	0.01808	0.01561	0.01644	0.01479	0.01890	0.01808	0.01151	0.03863	0.68606	0.03041	0.02959	0.02712	0.02219	0.00986	0.00740	0.00247	0.00575	0.00822	0.00740	0.01151
12	0.01590	0.01590	0.02226	0.01908	0.01908	0.02226	0.01590	0.01749	0.01113	0.01749	0.00954	0.01590	0.00954	0.01272	0.02385	0.00318	0.73123	0.00636	0.00318	0.00795
13	0.01013	0.00742	0.00950	0.00898	0.01076	0.00679	0.00673	0.01341	0.02020	0.02827	0.63775	0.05575	0.12675	0.01519	0.00858	0.00230	0.00345	0.01335	0.00789	0.00679
14	0.00886	0.00633	0.00843	0.01012	0.01054	0.00590	0.00675	0.01012	0.01392	0.01856	0.04006	0.73979	0.04808	0.02277	0.00928	0.00295	0.00422	0.02066	0.00675	0.00590
15	0.01943	0.74891	0.03809	0.01244	0.01866	0.02876	0.01244	0.02177	0.01477	0.01710	0.01011	0.01166	0.00933	0.00622	0.00466	0.00155	0.00777	0.00389	0.00311	0.00933
16	0.01128	0.00879	0.01041	0.00989	0.01208	0.00865	0.00744	0.01732	0.13670	0.02707	0.43028	0.09422	0.16784	0.01508	0.00841	0.00239	0.00393	0.01312	0.00760	0.00749
17	0.02884	0.01842	0.02061	0.01580	0.02157	0.01966	0.01305	0.51927	0.03092	0.20609	0.02018	0.01923	0.01373	0.00879	0.00728	0.00220	0.00756	0.00673	0.00769	0.01236
18	0.01411	0.01341	0.02355	0.61643	0.04688	0.01600	0.09380	0.01904	0.01486	0.01948	0.01359	0.01974	0.01023	0.00719	0.00732	0.00239	0.00971	0.00671	0.03734	0.00822
19	0.79588	0.01406	0.01068	0.00956	0.01406	0.01631	0.00787	0.02137	0.01237	0.03261	0.01012	0.01181	0.00787	0.00675	0.00450	0.00225	0.00562	0.00394	0.00450	0.00787
20	0.02175	0.01323	0.01491	0.01231	0.01611	0.01413	0.00992	0.24287	0.06337	0.14622	0.02209	0.02306	0.01625	0.01047	0.03133	0.00240	0.03512	0.00689	0.28767	0.00992
21	0.01507	0.01292	0.01507	0.01077	0.01723	0.00969	0.00861	0.01830	0.01507	0.02369	0.01292	0.01507	0.01077	0.00538	0.00538	0.00108	0.00538	0.00431	0.00431	0.78898
22	0.09127	0.01250	0.01639	0.01267	0.01821	0.01112	0.01047	0.03434	0.02016	0.65261	0.02725	0.02375	0.01722	0.00882	0.00709	0.00225	0.00614	0.00705	0.00865	0.01202
23	0.08134	0.01643	0.01744	0.01397	0.01912	0.09827	0.01131	0.13594	0.05134	0.41781	0.04617	0.02240	0.01726	0.00886	0.00707	0.00220	0.00716	0.00688	0.00768	0.01136
24	0.79588	0.01406	0.01068	0.00956	0.01406	0.01631	0.00787	0.02137	0.01237	0.03261	0.01012	0.01181	0.00787	0.00675	0.00450	0.00225	0.00562	0.00394	0.00450	0.00787
25	0.00914	0.00739	0.00813	0.00794	0.01016	0.00637	0.00596	0.01150	0.01787	0.02274	0.27618	0.06485	0.49177	0.01725	0.00859	0.00240	0.00360	0.01463	0.00716	0.00637
26	0.01504	0.10474	0.64375	0.01994	0.03025	0.01800	0.02550	0.02290	0.01529	0.02246	0.01277	0.01500	0.00922	0.00684	0.00669	0.00223	0.01046	0.00523	0.00307	0.01061
27	0.01029	0.00743	0.00972	0.00914	0.01086	0.00686	0.00686	0.01372	0.02058	0.02915	0.69536	0.05430	0.06859	0.01486	0.00857	0.00229	0.00343	0.01315	0.00800	0.00686
28	0.01361	0.01194	0.01891	0.35722	0.03225	0.01444	0.05313	0.01728	0.01415	0.02003	0.01781	0.11611	0.01629	0.01037	0.01004	0.00251	0.12889	0.00851	0.12886	0.00766
29	0.00886	0.00633	0.00843	0.01012	0.01054	0.00590	0.00675	0.01012	0.01392	0.01856	0.04006	0.73979	0.04808	0.02277	0.00928	0.00295	0.00422	0.02066	0.00675	0.00590
30	0.01470	0.03673	0.67488	0.02120	0.03178	0.01695	0.05799	0.02303	0.01543	0.02303	0.01312	0.01555	0.00930	0.00687	0.00699	0.00231	0.01082	0.00553	0.00310	0.01070
31	0.01198	0.00906	0.01289	0.04735	0.05771	0.00915	0.01161	0.01587	0.03569	0.02332	0.16562	0.09136	0.04347	0.01744	0.00935	0.00298	0.00619	0.41513	0.00662	0.00719
32	0.01247	0.00641	0.00962	0.00962	0.00971	0.00650	0.00650	0.00971	0.00962	0.01291	0.01309	0.02253	0.01300	0.02723	0.07485	0.73602	0.00720	0.00641	0.00321	0.00338
33	0.06678	0.01816	0.02427	0.08136	0.40045	0.08307	0.01812	0.09023	0.06359	0.02589	0.01741	0.02021	0.04340	0.00766	0.00706	0.00219	0.00846	0.00668	0.00442	0.01060
34	0.50506	0.14411	0.01710	0.01105	0.01609	0.01878	0.00945	0.08592	0.04195	0.03054	0.01178	0.01315	0.00932	0.00689	0.00497	0.00206	0.00622	0.00438	0.00463	0.05657
35	0.04291	0.06836	0.01976	0.01559	0.01968	0.18659	0.05611	0.06696	0.21222	0.02538	0.08728	0.02574	0.06556	0.00963	0.00776	0.00219	0.03633	0.00760	0.00561	0.03875

[dist]
# distance from previous block
# <min> <max>
0	1

[block]
# block no. 5 follows, 28 sequences, length 92
# corresponding to MSA columns:
# 260-271,274-278,291-301,303,306-329,345-355,364-391
name=unknown_F
#
# <colnr> <probs for GDERKNQSTAVLIFYWHMCP>
#	G	D	E	R	K	N	Q	S	T	A	V	L	I	F	Y	W	H	M	C	P
0	0.01957	0.01415	0.01627	0.01261	0.01830	0.01303	0.01009	0.08279	0.18329	0.13054	0.01982	0.01972	0.01482	0.00733	0.00634	0.00169	0.00582	0.00592	0.00604	0.41187
1	0.13980	0.01362	0.01999	0.45853	0.03798	0.01631	0.04596	0.06460	0.01559	0.02344	0.01347	0.01844	0.01024	0.00751	0.00733	0.00236	0.03453	0.00618	0.05579	0.00833
2	0.01507	0.01292	0.01507	0.01077	0.01723	0.00969	0.00861	0.01830	0.01507	0.02369	0.01292	0.01507	0.01077	0.00538	0.00538	0.00108	0.00538	0.00431	0.00431	0.78898
3	0.01618	0.01320	0.01889	0.01601	0.01952	0.01355	0.12545	0.18468	0.06881	0.02836	0.07977	0.25103	0.03154	0.01445	0.00854	0.00263	0.00691	0.08520	0.00648	0.00880
4	0.01050	0.00702	0.00795	0.00802	0.00803	0.00700	0.00450	0.01055	0.01071	0.01428	0.02360	0.07565	0.02731	0.71526	0.03587	0.00688	0.00693	0.01098	0.00450	0.00447
5	0.67035	0.04592	0.01266	0.03527	0.01572	0.01667	0.00869	0.04619	0.01375	0.03180	0.04060	0.01415	0.01084	0.00718	0.00489	0.00222	0.00586	0.00453	0.00465	0.00807
6	0.07770	0.05269	0.28832	0.02328	0.13409	0.01804	0.07152	0.02261	0.01503	0.07161	0.01340	0.01647	0.01032	0.00798	0.01002	0.00242	0.14468	0.00596	0.00376	0.01011
7	0.15761	0.01550	0.06828	0.01327	0.01802	0.01469	0.01138	0.10306	0.17994	0.18363	0.02560	0.05406	0.04775	0.04302	0.00836	0.00259	0.00642	0.02997	0.00669	0.01017
8	0.20055	0.40808	0.05511	0.01251	0.01805	0.04359	0.01178	0.04557	0.03923	0.04586	0.01238	0.01405	0.01035	0.00945	0.04523	0.00241	0.00810	0.00457	0.00400	0.00915
9	0.13263	0.04264	0.03860	0.08485	0.01764	0.01244	0.00978	0.07109	0.06738	0.02579	0.13970	0.04079	0.24256	0.03384	0.00824	0.00246	0.00560	0.01010	0.00597	0.00788
10	0.59183	0.11385	0.01555	0.01078	0.01560	0.04501	0.00913	0.05270	0.01440	0.06077	0.01134	0.01268	0.00879	0.00690	0.00486	0.00214	0.00634	0.00423	0.00461	0.00850
11	0.41998	0.11666	0.01631	0.01164	0.01593	0.09969	0.00968	0.06637	0.01633	0.02879	0.09282	0.02027	0.01714	0.00841	0.00567	0.00215	0.00675	0.03220	0.00492	0.00828
12	0.01263	0.00631	0.00947	0.00947	0.00947	0.00631	0.00631	0.00947	0.00947	0.01263	0.01263	0.02210	0.01263	0.02525	0.02841	0.78851	0.00631	0.00631	0.00316	0.00316
13	0.01571	0.01158	0.01398	0.04245	0.05652	0.01172	0.00989	0.14072	0.07473	0.07268	0.20985	0.07026	0.21372	0.01338	0.00805	0.00235	0.00532	0.01134	0.00704	0.00872
14	0.01212	0.00863	0.01013	0.00995	0.01138	0.00866	0.00701	0.09259	0.01637	0.02206	0.09746	0.22659	0.10403	0.23529	0.04981	0.00433	0.00615	0.03496	0.03602	0.00645
15	0.01343	0.01654	0.12309	0.02011	0.02511	0.01287	0.28510	0.01814	0.01655	0.02283	0.12185	0.21103	0.02995	0.01235	0.00858	0.00257	0.00846	0.03791	0.00513	0.00838
16	0.76269	0.01398	0.01095	0.00971	0.01425	0.01606	0.00799	0.02198	0.01274	0.06182	0.01093	0.01237	0.00831	0.00685	0.00462	0.00225	0.00565	0.00408	0.00469	0.00807
17	0.02276	0.01692	0.01814	0.01473	0.01940	0.01873	0.01188	0.41930	0.17198	0.03894	0.04933	0.04518	0.01860	0.00965	0.00718	0.00222	0.00672	0.00765	0.08952	0.01115
18	0.02763	0.02036	0.02182	0.01672	0.02254	0.02254	0.01382	0.67496	0.03418	0.04581	0.01745	0.01745	0.01236	0.00873	0.00727	0.00218	0.00800	0.00654	0.00727	0.01236
19	0.02358	0.01401	0.01635	0.01361	0.01822	0.01453	0.01088	0.10658	0.28931	0.28084	0.08177	0.02885	0.04794	0.01012	0.00749	0.00234	0.00591	0.00834	0.00800	0.01136
20	0.01808	0.01561	0.01644	0.01479	0.01890	0.01808	0.01151	0.03863	0.68606	0.03041	0.02959	0.02712	0.02219	0.00986	0.00740	0.00247	0.00575	0.00822	0.00740	0.01151
21	0.02036	0.66353	0.03600	0.01319	0.01911	0.11084	0.01263	0.02263	0.01547	0.01718	0.01024	0.01183	0.00933	0.00637	0.00489	0.00159	0.00841	0.00398	0.00319	0.00922
22	0.01914	0.01726	0.02605	0.14399	0.42115	0.06747	0.04213	0.04628	0.01743	0.07737	0.01573	0.04527	0.01296	0.00755	0.00730	0.00223	0.00887	0.00701	0.00423	0.01058
23	0.01943	0.74891	0.03809	0.01244	0.01866	0.02876	0.01244	0.02177	0.01477	0.01710	0.01011	0.01166	0.00933	0.00622	0.00466	0.00155	0.00777	0.00389	0.00311	0.00933
24	0.79588	0.01406	0.01068	0.00956	0.01406	0.01631	0.00787	0.02137	0.01237	0.03261	0.01012	0.01181	0.00787	0.00675	0.00450	0.00225	0.00562	0.00394	0.00450	0.00787
25	0.01373	0.01292	0.02180	0.72707	0.05006	0.01615	0.02019	0.01857	0.01453	0.01857	0.01292	0.01938	0.00969	0.00727	0.00727	0.00242	0.00969	0.00646	0.00323	0.00807
