[name]
unknown

[dist]
# distance from previous block
# <min> <max>
0	43

[block]
# block no. 0 follows, 29 sequences, length 64
# corresponding to MSA columns:
# 44-96,103-113
name=unknown_A
#
# <colnr> <probs for GDERKNQSTAVLIFYWHMCP>
#	G	D	E	R	K	N	Q	S	T	A	V	L	I	F	Y	W	H	M	C	P
0	0.08912	0.09781	0.25020	0.01698	0.04801	0.04797	0.01681	0.15148	0.04242	0.10170	0.01610	0.01842	0.01213	0.00777	0.00652	0.00213	0.00835	0.02818	0.00491	0.03298
1	0.20340	0.04461	0.06722	0.01373	0.04603	0.01517	0.01134	0.12938	0.05401	0.07814	0.04149	0.04714	0.01503	0.00824	0.00664	0.00203	0.03132	0.00622	0.04780	0.13107
2	0.02204	0.01743	0.04069	0.01516	0.01972	0.04204	0.01257	0.33501	0.06420	0.08774	0.01920	0.09023	0.01594	0.01001	0.00894	0.00222	0.08971	0.00760	0.00620	0.09334
3	0.02047	0.07452	0.09816	0.14250	0.02542	0.01505	0.01402	0.12541	0.01881	0.17521	0.01652	0.01772	0.01186	0.00712	0.00642	0.00188	0.00738	0.00567	0.00526	0.21061
4	0.01026	0.00726	0.00959	0.00959	0.01022	0.00789	0.00659	0.01152	0.01089	0.01515	0.02077	0.03738	0.02188	0.40502	0.37550	0.00915	0.01293	0.00901	0.00407	0.00533
5	0.01744	0.04098	0.03006	0.10704	0.43798	0.01760	0.14387	0.04576	0.04579	0.02351	0.01420	0.01822	0.01142	0.00657	0.00724	0.00219	0.00906	0.00672	0.00378	0.01059
6	0.00871	0.00633	0.00823	0.00965	0.01028	0.00584	0.00651	0.01009	0.01413	0.01871	0.07052	0.65855	0.10295	0.02162	0.00900	0.00282	0.00405	0.01949	0.00666	0.00584
7	0.00883	0.00629	0.00835	0.00995	0.01039	0.00591	0.00669	0.01010	0.01361	0.01813	0.03858	0.69677	0.04611	0.04880	0.01011	0.00305	0.00432	0.04175	0.00652	0.00576
8	0.00903	0.00646	0.00829	0.00939	0.01001	0.00604	0.00627	0.01039	0.01412	0.01889	0.11544	0.54200	0.08231	0.11130	0.01234	0.00329	0.00436	0.01788	0.00647	0.00572
9	0.02682	0.01922	0.02083	0.01594	0.02165	0.02093	0.01316	0.61890	0.03199	0.08003	0.01751	0.01739	0.01234	0.00843	0.00705	0.00210	0.00763	0.00636	0.00709	0.04464
10	0.01426	0.00805	0.00822	0.00782	0.00983	0.00835	0.00591	0.05407	0.06899	0.02732	0.02332	0.02678	0.01847	0.03581	0.00643	0.00194	0.00388	0.00687	0.65646	0.00721
11	0.01477	0.01266	0.01477	0.01055	0.01687	0.00949	0.00844	0.01793	0.01477	0.02320	0.01266	0.01477	0.01055	0.00527	0.00527	0.00105	0.00527	0.00422	0.00422	0.79328
12	0.02274	0.01658	0.01834	0.01476	0.01904	0.01834	0.01182	0.47148	0.05018	0.05622	0.01975	0.07398	0.01666	0.08707	0.03860	0.00309	0.03642	0.00794	0.00657	0.01043
13	0.76958	0.01371	0.01071	0.00950	0.01395	0.01576	0.00782	0.02148	0.01245	0.05886	0.01064	0.01207	0.00810	0.00670	0.00452	0.00220	0.00553	0.00399	0.00458	0.00789
14	0.00874	0.00622	0.00824	0.00983	0.01023	0.00583	0.00652	0.00993	0.01350	0.01801	0.03859	0.71766	0.04626	0.05089	0.01016	0.00305	0.00424	0.01985	0.00652	0.00573
15	0.02484	0.01849	0.02002	0.01567	0.02094	0.02034	0.01282	0.57441	0.06699	0.04127	0.01838	0.04117	0.01393	0.01082	0.03717	0.00253	0.00798	0.00692	0.00687	0.03843
16	0.01606	0.01302	0.01590	0.01173	0.01764	0.01056	0.03283	0.06897	0.01642	0.05119	0.01533	0.06153	0.01326	0.00676	0.00584	0.00135	0.00567	0.00566	0.00475	0.62553
17	0.02626	0.01947	0.02094	0.01600	0.02174	0.02126	0.01320	0.63816	0.03225	0.04346	0.01681	0.01694	0.01201	0.00833	0.00700	0.00207	0.00767	0.00627	0.00693	0.06322
18	0.01661	0.02061	0.09533	0.02924	0.03671	0.01789	0.62757	0.02279	0.01667	0.02279	0.01428	0.01888	0.01066	0.00606	0.00827	0.00239	0.01189	0.00815	0.00355	0.00968
19	0.00991	0.00721	0.00934	0.00895	0.01057	0.00663	0.00666	0.01307	0.01956	0.02747	0.63114	0.09912	0.09322	0.01521	0.00844	0.00229	0.00342	0.01345	0.00771	0.00663
20	0.02707	0.01995	0.02137	0.01638	0.02208	0.02208	0.01353	0.68159	0.03348	0.04488	0.01710	0.01710	0.01211	0.00855	0.00712	0.00214	0.00784	0.00641	0.00712	0.01211
21	0.01148	0.00761	0.00987	0.00912	0.01110	0.00694	0.00690	0.01472	0.01996	0.07468	0.62139	0.05204	0.09822	0.01435	0.00831	0.00225	0.00356	0.01260	0.00784	0.00705
22	0.01600	0.23107	0.04164	0.01286	0.03978	0.01508	0.03491	0.04510	0.01861	0.08628	0.33933	0.03316	0.03760	0.01046	0.00701	0.00202	0.00575	0.00880	0.00603	0.00851
23	0.01029	0.00688	0.00779	0.00785	0.00787	0.00686	0.00440	0.01034	0.01048	0.01398	0.02309	0.07370	0.02671	0.72152	0.03519	0.00675	0.00680	0.01074	0.00440	0.00437
24	0.02247	0.43894	0.03042	0.01406	0.01991	0.05110	0.01277	0.28133	0.02216	0.02784	0.01277	0.01371	0.01031	0.00710	0.00564	0.00178	0.00789	0.00486	0.00467	0.01027
25	0.06740	0.15152	0.29163	0.02277	0.12692	0.01873	0.12217	0.02248	0.01527	0.05102	0.01296	0.01562	0.00994	0.00676	0.00716	0.00216	0.03626	0.00568	0.00352	0.01004
26	0.02335	0.03849	0.01867	0.04189	0.05687	0.01605	0.01214	0.29006	0.07130	0.19571	0.06553	0.09624	0.02093	0.01023	0.00734	0.00224	0.00668	0.00844	0.00706	0.01077
27	0.01138	0.00930	0.01333	0.01264	0.01349	0.01152	0.00987	0.01343	0.01121	0.01637	0.01730	0.02727	0.01682	0.11996	0.49353	0.00912	0.17568	0.00762	0.00372	0.00645
28	0.01904	0.75404	0.03731	0.01218	0.01828	0.02818	0.01218	0.02132	0.01447	0.01675	0.00990	0.01142	0.00914	0.00609	0.00457	0.00152	0.00761	0.00381	0.00305	0.00914
29	0.01345	0.01266	0.02136	0.73264	0.04904	0.01582	0.01978	0.01819	0.01424	0.01819	0.01266	0.01898	0.00949	0.00712	0.00712	0.00237	0.00949	0.00633	0.00316	0.00791
30	0.00912	0.00801	0.00784	0.00772	0.01009	0.02718	0.00579	0.01109	0.01675	0.02015	0.13566	0.06529	0.61607	0.01736	0.00836	0.00237	0.00385	0.01450	0.00665	0.00615
31	0.01413	0.01224	0.01554	0.06001	0.01912	0.00985	0.03357	0.01731	0.01469	0.02234	0.01544	0.08991	0.01422	0.00717	0.00590	0.00138	0.00569	0.00615	0.00437	0.63097
32	0.01544	0.01539	0.02178	0.06582	0.02070	0.02141	0.01586	0.01721	0.01113	0.01721	0.00957	0.01580	0.00936	0.01211	0.02230	0.00307	0.68871	0.00624	0.00312	0.00780
33	0.01799	0.01476	0.01729	0.01272	0.01885	0.01314	0.03027	0.18477	0.03913	0.02881	0.01429	0.01583	0.01127	0.00624	0.00589	0.00141	0.00613	0.00501	0.00501	0.55121
34	0.01904	0.75404	0.03731	0.01218	0.01828	0.02818	0.01218	0.02132	0.01447	0.01675	0.00990	0.01142	0.00914	0.00609	0.00457	0.00152	0.00761	0.00381	0.00305	0.00914
35	0.01452	0.04058	0.01413	0.01142	0.01451	0.03950	0.00908	0.07610	0.03732	0.05150	0.16471	0.06461	0.21081	0.01274	0.00945	0.00221	0.09633	0.01010	0.00599	0.11439
36	0.07591	0.13527	0.07745	0.01562	0.02072	0.16327	0.04107	0.15633	0.13125	0.02684	0.03750	0.01911	0.03111	0.00942	0.02708	0.00233	0.00878	0.00616	0.00505	0.00970
37	0.00868	0.00620	0.00826	0.00991	0.01033	0.00578	0.00661	0.00991	0.01363	0.01818	0.03925	0.74510	0.04710	0.02231	0.00909	0.00289	0.00413	0.02024	0.00661	0.00578
38	0.01462	0.08813	0.66454	0.01972	0.02992	0.01737	0.02530	0.02246	0.01499	0.02214	0.01257	0.01478	0.00903	0.00672	0.00661	0.00220	0.01032	0.00516	0.00301	0.01042
39	0.02347	0.22719	0.02608	0.01843	0.06130	0.42515	0.03363	0.05191	0.01860	0.01884	0.01115	0.01316	0.00946	0.00708	0.00647	0.00183	0.02907	0.00471	0.00361	0.00886
40	0.02599	0.01941	0.02076	0.01616	0.02167	0.02158	0.01327	0.60724	0.10959	0.04313	0.01847	0.01819	0.01322	0.00868	0.00714	0.00217	0.00758	0.00660	0.00714	0.01201
41	0.00853	0.00722	0.00738	0.00734	0.00969	0.00606	0.00550	0.01045	0.01651	0.01990	0.11715	0.06743	0.65701	0.01779	0.00841	0.00239	0.00359	0.01487	0.00670	0.00606
42	0.02746	0.01761	0.01972	0.01530	0.02081	0.01884	0.01258	0.46606	0.08744	0.20780	0.02084	0.01968	0.01431	0.00871	0.00714	0.00218	0.00721	0.00674	0.00755	0.01204
43	0.01490	0.03265	0.55668	0.02312	0.06012	0.01683	0.15045	0.02257	0.01542	0.02263	0.01311	0.01594	0.00945	0.00660	0.00709	0.00228	0.01072	0.00590	0.00314	0.01038
44	0.00946	0.00740	0.00781	0.00761	0.01004	0.00625	0.00574	0.01147	0.01682	0.04556	0.14020	0.06521	0.60706	0.01731	0.00837	0.00238	0.00367	0.01450	0.00683	0.00631
45	0.01237	0.00618	0.00928	0.00928	0.00928	0.00618	0.00618	0.00928	0.00928	0.01237	0.01237	0.02165	0.01237	0.02474	0.02783	0.79283	0.00618	0.00618	0.00309	0.00309
46	0.01904	0.43615	0.21872	0.01536	0.02233	0.11403	0.01629	0.04910	0.01612	0.01955	0.01112	0.01282	0.00923	0.00653	0.00551	0.00179	0.00909	0.00441	0.00328	0.00952
47	0.04717	0.01868	0.07962	0.05546	0.05273	0.01665	0.44215	0.04935	0.01736	0.10151	0.01642	0.04058	0.01243	0.00703	0.00788	0.00236	0.01039	0.00801	0.00439	0.00984
48	0.01393	0.01315	0.02224	0.65237	0.12550	0.01595	0.02002	0.01862	0.01447	0.01878	0.01274	0.01883	0.00970	0.00703	0.00711	0.00234	0.00937	0.00633	0.00321	0.00830
49	0.01737	0.01170	0.01367	0.01168	0.01502	0.01193	0.00918	0.18590	0.08526	0.10974	0.30539	0.07699	0.09107	0.01262	0.00787	0.00227	0.00507	0.01071	0.00755	0.00901
50	0.01527	0.01804	0.08217	0.05108	0.03185	0.01624	0.46209	0.02053	0.01621	0.02233	0.06850	0.07830	0.01771	0.00845	0.00926	0.00246	0.05722	0.00924	0.00407	0.00897
51	0.11354	0.01707	0.02786	0.04684	0.22305	0.04250	0.23847	0.03792	0.05284	0.02417	0.01796	0.02112	0.05812	0.00761	0.00795	0.00230	0.03960	0.00735	0.00414	0.00959
52	0.02669	0.03128	0.02041	0.01797	0.02203	0.58830	0.01372	0.15257	0.02271	0.02264	0.01216	0.01365	0.00973	0.00757	0.00655	0.00189	0.01189	0.00493	0.00433	0.00899
53	0.05119	0.01818	0.02004	0.01901	0.11920	0.07297	0.01339	0.28366	0.12604	0.10053	0.01828	0.01855	0.01345	0.00794	0.00680	0.00205	0.00747	0.00627	0.00613	0.08884
54	0.02591	0.01917	0.02060	0.01603	0.02144	0.02121	0.01315	0.62654	0.06009	0.04313	0.01852	0.04810	0.01398	0.00917	0.00721	0.00218	0.00759	0.00706	0.00711	0.01181
55	0.00868	0.00620	0.00826	0.00991	0.01033	0.00578	0.00661	0.00991	0.01363	0.01818	0.03925	0.74510	0.04710	0.02231	0.00909	0.00289	0.00413	0.02024	0.00661	0.00578
56	0.01028	0.00719	0.00921	0.00921	0.00971	0.00769	0.00612	0.01128	0.01078	0.01488	0.02112	0.03928	0.02271	0.47622	0.30543	0.00869	0.01168	0.00928	0.00412	0.00512
57	0.02660	0.03394	0.02018	0.01834	0.02201	0.72116	0.01376	0.02843	0.02018	0.01743	0.01101	0.01284	0.00917	0.00734	0.00642	0.00183	0.01284	0.00459	0.00367	0.00825
58	0.80005	0.01377	0.01047	0.00936	0.01377	0.01597	0.00771	0.02093	0.01212	0.03195	0.00991	0.01157	0.00771	0.00661	0.00441	0.00220	0.00551	0.00386	0.00441	0.00771
59	0.01778	0.01718	0.02614	0.02882	0.28589	0.04332	0.14018	0.05367	0.19967	0.02519	0.01874	0.04929	0.01534	0.00819	0.00806	0.00231	0.03721	0.00768	0.00481	0.01053
60	0.01762	0.01692	0.02890	0.04371	0.70533	0.01692	0.02185	0.02185	0.01621	0.02326	0.01339	0.01762	0.01128	0.00634	0.00705	0.00211	0.00846	0.00634	0.00352	0.01128
61	0.01036	0.00690	0.00777	0.00777	0.00777	0.00690	0.00431	0.01036	0.01036	0.01381	0.02244	0.04660	0.02589	0.74975	0.03624	0.00690	0.00690	0.01036	0.00431	0.00431
62	0.01345	0.01266	0.02136	0.73264	0.04904	0.01582	0.01978	0.01819	0.01424	0.01819	0.01266	0.01898	0.00949	0.00712	0.00712	0.00237	0.00949	0.00633	0.00316	0.00791
63	0.01032	0.00781	0.01152	0.01141	0.01262	0.00910	0.00883	0.01278	0.01171	0.01689	0.04401	0.02925	0.01968	0.07635	0.65133	0.01071	0.03750	0.00788	0.00396	0.00633

[dist]
# distance from previous block
# <min> <max>
4	21

[block]
# block no. 1 follows, 29 sequences, length 16
# corresponding to MSA columns:
# 136-151
name=unknown_B
#
# <colnr> <probs for GDERKNQSTAVLIFYWHMCP>
#	G	D	E	R	K	N	Q	S	T	A	V	L	I	F	Y	W	H	M	C	P
0	0.08903	0.15556	0.06341	0.01994	0.11894	0.29265	0.01481	0.12306	0.01961	0.02378	0.01207	0.01393	0.00977	0.00706	0.00614	0.00192	0.00978	0.00495	0.00408	0.00950
1	0.01597	0.04518	0.21043	0.05674	0.14727	0.03845	0.25529	0.02153	0.01592	0.02207	0.03650	0.04292	0.01327	0.00745	0.00815	0.00231	0.03989	0.00734	0.00362	0.00971
2	0.01387	0.11699	0.25911	0.01821	0.07429	0.01485	0.09024	0.01897	0.01652	0.02301	0.18691	0.05726	0.06077	0.00970	0.00727	0.00219	0.00777	0.00850	0.00464	0.00893
3	0.02017	0.01486	0.01672	0.01263	0.01831	0.01403	0.01024	0.24391	0.05355	0.07902	0.01661	0.01745	0.01254	0.00701	0.00611	0.00160	0.00610	0.00548	0.05053	0.39315
4	0.01543	0.01429	0.02041	0.17077	0.02460	0.01896	0.01545	0.06312	0.01315	0.01902	0.01134	0.01748	0.01024	0.01416	0.06142	0.04375	0.44882	0.00635	0.00345	0.00779
5	0.01149	0.00753	0.00990	0.00930	0.01114	0.00690	0.00697	0.01463	0.01963	0.07532	0.59948	0.10867	0.06205	0.01480	0.00837	0.00229	0.00361	0.01309	0.00780	0.00702
6	0.05453	0.00972	0.01045	0.03360	0.01272	0.01039	0.00739	0.14053	0.01761	0.02826	0.02042	0.02479	0.01647	0.05309	0.03744	0.03381	0.00545	0.00668	0.46918	0.00747
7	0.00868	0.00620	0.00826	0.00991	0.01033	0.00578	0.00661	0.00991	0.01363	0.01818	0.03925	0.74510	0.04710	0.02231	0.00909	0.00289	0.00413	0.02024	0.00661	0.00578
8	0.01485	0.01481	0.02341	0.19815	0.02805	0.01907	0.09451	0.01771	0.01257	0.01812	0.01225	0.05302	0.01143	0.01085	0.01683	0.00283	0.43303	0.00721	0.00336	0.00793
9	0.00868	0.00620	0.00826	0.00991	0.01033	0.00578	0.00661	0.00991	0.01363	0.01818	0.03925	0.74510	0.04710	0.02231	0.00909	0.00289	0.00413	0.02024	0.00661	0.00578
10	0.80005	0.01377	0.01047	0.00936	0.01377	0.01597	0.00771	0.02093	0.01212	0.03195	0.00991	0.01157	0.00771	0.00661	0.00441	0.00220	0.00551	0.00386	0.00441	0.00771
11	0.00868	0.00620	0.00826	0.00991	0.01033	0.00578	0.00661	0.00991	0.01363	0.01818	0.03925	0.74510	0.04710	0.02231	0.00909	0.00289	0.00413	0.02024	0.00661	0.00578
12	0.01771	0.01530	0.01610	0.01449	0.01852	0.01771	0.01127	0.03784	0.69247	0.02979	0.02898	0.02657	0.02174	0.00966	0.00725	0.00242	0.00564	0.00805	0.00725	0.01127
13	0.01904	0.75404	0.03731	0.01218	0.01828	0.02818	0.01218	0.02132	0.01447	0.01675	0.00990	0.01142	0.00914	0.00609	0.00457	0.00152	0.00761	0.00381	0.00305	0.00914
14	0.01017	0.00763	0.01144	0.01144	0.01272	0.00890	0.00890	0.01272	0.01144	0.01653	0.01907	0.02797	0.01780	0.05340	0.72153	0.01144	0.01907	0.00763	0.00381	0.00636
15	0.01345	0.01266	0.02136	0.73264	0.04904	0.01582	0.01978	0.01819	0.01424	0.01819	0.01266	0.01898	0.00949	0.00712	0.00712	0.00237	0.00949	0.00633	0.00316	0.00791

[dist]
# distance from previous block
# <min> <max>
0	11

[block]
# block no. 2 follows, 29 sequences, length 76
# corresponding to MSA columns:
# 163-238
name=unknown_C
#
# <colnr> <probs for GDERKNQSTAVLIFYWHMCP>
#	G	D	E	R	K	N	Q	S	T	A	V	L	I	F	Y	W	H	M	C	P
0	0.01809	0.01610	0.01628	0.01466	0.01867	0.04789	0.01138	0.03743	0.66363	0.02926	0.02821	0.02598	0.02120	0.00956	0.00721	0.00239	0.00594	0.00790	0.00709	0.01114
1	0.01036	0.00690	0.00777	0.00777	0.00777	0.00690	0.00431	0.01036	0.01036	0.01381	0.02244	0.04660	0.02589	0.74975	0.03624	0.00690	0.00690	0.01036	0.00431	0.00431
2	0.01013	0.00731	0.00962	0.00934	0.01096	0.00680	0.00710	0.01339	0.01957	0.02752	0.61911	0.08531	0.06419	0.01531	0.00854	0.00235	0.00365	0.06546	0.00768	0.00667
3	0.80005	0.01377	0.01047	0.00936	0.01377	0.01597	0.00771	0.02093	0.01212	0.03195	0.00991	0.01157	0.00771	0.00661	0.00441	0.00220	0.00551	0.00386	0.00441	0.00771
4	0.01771	0.01530	0.01610	0.01449	0.01852	0.01771	0.01127	0.03784	0.69247	0.02979	0.02898	0.02657	0.02174	0.00966	0.00725	0.00242	0.00564	0.00805	0.00725	0.01127
5	0.02660	0.03394	0.02018	0.01834	0.02201	0.72116	0.01376	0.02843	0.02018	0.01743	0.01101	0.01284	0.00917	0.00734	0.00642	0.00183	0.01284	0.00459	0.00367	0.00825
6	0.00868	0.00620	0.00826	0.00991	0.01033	0.00578	0.00661	0.00991	0.01363	0.01818	0.03925	0.74510	0.04710	0.02231	0.00909	0.00289	0.00413	0.02024	0.00661	0.00578
7	0.02683	0.02708	0.02076	0.01738	0.02205	0.37842	0.01365	0.34866	0.02670	0.03088	0.01399	0.01493	0.01061	0.00793	0.00677	0.00198	0.01039	0.00548	0.00536	0.01014
8	0.01739	0.01432	0.01646	0.01212	0.01805	0.01267	0.00982	0.15757	0.01854	0.02750	0.01345	0.01529	0.01082	0.00627	0.00644	0.00137	0.03719	0.00477	0.00478	0.59517
9	0.01214	0.00908	0.01222	0.01234	0.01403	0.00906	0.03849	0.10453	0.01707	0.02270	0.03477	0.48079	0.03943	0.01916	0.00893	0.00284	0.00547	0.14345	0.00654	0.00698
10	0.01237	0.00618	0.00928	0.00928	0.00928	0.00618	0.00618	0.00928	0.00928	0.01237	0.01237	0.02165	0.01237	0.02474	0.02783	0.79283	0.00618	0.00618	0.00309	0.00309
11	0.04440	0.03595	0.68593	0.01988	0.03017	0.01652	0.02560	0.02249	0.01492	0.02291	0.01267	0.01490	0.00897	0.00676	0.00667	0.00225	0.01033	0.00521	0.00306	0.01042
12	0.01650	0.01583	0.02474	0.35729	0.34559	0.04709	0.02019	0.04876	0.01622	0.02161	0.01311	0.01802	0.01040	0.00684	0.00706	0.00222	0.00910	0.00626	0.00352	0.00964
13	0.01035	0.00693	0.00789	0.00789	0.00793	0.00697	0.00447	0.01043	0.01039	0.01390	0.02233	0.04598	0.02562	0.72679	0.05884	0.00705	0.00730	0.01027	0.00430	0.00438
14	0.00878	0.00636	0.00832	0.00984	0.01046	0.00591	0.00673	0.01015	0.01396	0.01840	0.04175	0.66347	0.09806	0.02186	0.00907	0.00287	0.00420	0.04738	0.00661	0.00583
15	0.01073	0.00739	0.00970	0.00912	0.01087	0.00680	0.00684	0.01399	0.01991	0.05031	0.65413	0.07895	0.06480	0.01467	0.00838	0.00226	0.00348	0.01298	0.00782	0.00686
16	0.01832	0.01484	0.04404	0.01411	0.02021	0.01249	0.08249	0.04988	0.11439	0.12273	0.01758	0.01840	0.01320	0.00667	0.00629	0.00165	0.00646	0.00577	0.00531	0.42518
17	0.02665	0.01974	0.02114	0.01630	0.02192	0.02189	0.01343	0.65304	0.06271	0.04421	0.01762	0.01752	0.01254	0.00860	0.00713	0.00215	0.00774	0.00648	0.00713	0.01207
18	0.01464	0.03240	0.55809	0.02183	0.03142	0.01650	0.15396	0.02230	0.01555	0.02280	0.03562	0.01710	0.01127	0.00687	0.00714	0.00228	0.01058	0.00613	0.00328	0.01022
19	0.01888	0.73053	0.05946	0.01245	0.01869	0.02779	0.01265	0.02136	0.01449	0.01694	0.00999	0.01154	0.00913	0.00611	0.00464	0.00155	0.00771	0.00386	0.00304	0.00918
20	0.01845	0.66489	0.12128	0.01319	0.01984	0.02673	0.01394	0.02147	0.01454	0.01747	0.01026	0.01187	0.00912	0.00618	0.00484	0.00161	0.00798	0.00399	0.00304	0.00931
21	0.02136	0.01427	0.01564	0.01264	0.01687	0.01511	0.01017	0.32824	0.07622	0.08626	0.04689	0.02216	0.01688	0.00920	0.00726	0.02956	0.00602	0.00677	0.20201	0.05647
22	0.01076	0.00862	0.01019	0.01041	0.04074	0.00808	0.00748	0.03831	0.05682	0.02449	0.29687	0.05690	0.34626	0.01549	0.00830	0.00236	0.00411	0.03978	0.00699	0.00704
23	0.01436	0.01384	0.02532	0.37615	0.03803	0.01509	0.21474	0.04340	0.01568	0.02090	0.01711	0.11098	0.01507	0.00880	0.00767	0.00241	0.00927	0.00872	0.03421	0.00826
24	0.01327	0.00664	0.00664	0.00664	0.00830	0.00664	0.00498	0.01659	0.01493	0.02655	0.02323	0.02655	0.01825	0.00830	0.00498	0.00166	0.00332	0.00664	0.78928	0.00664
25	0.01603	0.01857	0.06410	0.17211	0.03936	0.01751	0.52012	0.02186	0.01622	0.02186	0.01399	0.01900	0.01047	0.00626	0.00808	0.00239	0.01144	0.00786	0.00349	0.00930
26	0.01575	0.01590	0.02144	0.01846	0.01861	0.04290	0.01532	0.01735	0.01121	0.01713	0.00970	0.01587	0.00960	0.01356	0.04424	0.00333	0.69250	0.00622	0.00315	0.00776
27	0.01737	0.01468	0.01579	0.01441	0.01823	0.01682	0.01138	0.05947	0.59263	0.02941	0.02950	0.03218	0.02351	0.01073	0.00753	0.00250	0.00582	0.08010	0.00716	0.01078
28	0.02726	0.01964	0.02118	0.01624	0.02193	0.02162	0.01341	0.65612	0.03296	0.07107	0.01753	0.01738	0.01233	0.00856	0.00712	0.00214	0.00777	0.00644	0.00719	0.01211
29	0.02700	0.02202	0.02119	0.01667	0.02207	0.12586	0.01357	0.58463	0.03150	0.04080	0.01619	0.01646	0.01167	0.00837	0.00702	0.00209	0.00858	0.00614	0.00661	0.01154
30	0.01477	0.01266	0.01477	0.01055	0.01687	0.00949	0.00844	0.01793	0.01477	0.02320	0.01266	0.01477	0.01055	0.00527	0.00527	0.00105	0.00527	0.00422	0.00422	0.79328
31	0.00868	0.00620	0.00826	0.00991	0.01033	0.00578	0.00661	0.00991	0.01363	0.01818	0.03925	0.74510	0.04710	0.02231	0.00909	0.00289	0.00413	0.02024	0.00661	0.00578
32	0.80005	0.01377	0.01047	0.00936	0.01377	0.01597	0.00771	0.02093	0.01212	0.03195	0.00991	0.01157	0.00771	0.00661	0.00441	0.00220	0.00551	0.00386	0.00441	0.00771
33	0.02660	0.03394	0.02018	0.01834	0.02201	0.72116	0.01376	0.02843	0.02018	0.01743	0.01101	0.01284	0.00917	0.00734	0.00642	0.00183	0.01284	0.00459	0.00367	0.00825
34	0.76585	0.01370	0.01074	0.00951	0.01397	0.01573	0.00783	0.02154	0.01249	0.06215	0.01072	0.01213	0.00815	0.00671	0.00453	0.00220	0.00553	0.00400	0.00460	0.00791
35	0.06601	0.01219	0.01626	0.01252	0.01798	0.01071	0.01034	0.03409	0.02001	0.68018	0.02729	0.02367	0.01719	0.00872	0.00704	0.00220	0.00603	0.00701	0.00862	0.01192
36	0.00931	0.00725	0.00846	0.00816	0.01017	0.00639	0.00612	0.01196	0.01835	0.02427	0.41195	0.06025	0.35949	0.01616	0.00841	0.00232	0.00347	0.01387	0.00727	0.00639
37	0.00968	0.00726	0.00897	0.00854	0.01040	0.00655	0.00641	0.01267	0.01923	0.02635	0.55233	0.05683	0.21781	0.01538	0.00840	0.00228	0.00342	0.01339	0.00755	0.00655
38	0.01439	0.03608	0.68434	0.02071	0.03109	0.01660	0.05407	0.02256	0.01511	0.02256	0.01285	0.01521	0.00910	0.00673	0.00683	0.00226	0.01059	0.00540	0.00303	0.01048
39	0.01771	0.01530	0.01610	0.01449	0.01852	0.01771	0.01127	0.03784	0.69247	0.02979	0.02898	0.02657	0.02174	0.00966	0.00725	0.00242	0.00564	0.00805	0.00725	0.01127
40	0.02476	0.01843	0.02038	0.01715	0.06378	0.02014	0.01321	0.57186	0.03058	0.04118	0.02059	0.02075	0.05602	0.00900	0.00712	0.00213	0.00743	0.00696	0.03705	0.01146
41	0.01904	0.75404	0.03731	0.01218	0.01828	0.02818	0.01218	0.02132	0.01447	0.01675	0.00990	0.01142	0.00914	0.00609	0.00457	0.00152	0.00761	0.00381	0.00305	0.00914
42	0.07662	0.02121	0.05417	0.06861	0.34478	0.18588	0.03833	0.02359	0.01668	0.05237	0.01300	0.01625	0.01050	0.00703	0.00747	0.00213	0.04187	0.00579	0.00380	0.00991
43	0.01660	0.01658	0.05085	0.14848	0.55062	0.01636	0.02125	0.02101	0.01587	0.02237	0.01429	0.02041	0.01219	0.00705	0.00717	0.00221	0.00861	0.03398	0.00358	0.01053
44	0.00848	0.00722	0.00731	0.00729	0.00966	0.00604	0.00546	0.01035	0.01639	0.01962	0.09823	0.06789	0.67611	0.01789	0.00842	0.00240	0.00360	0.01494	0.00666	0.00604
45	0.00899	0.00670	0.00838	0.00909	0.01026	0.00608	0.00639	0.01092	0.01592	0.02116	0.22252	0.41832	0.19054	0.01934	0.00876	0.00262	0.00382	0.01718	0.00694	0.00608
46	0.00988	0.00712	0.00934	0.00909	0.01059	0.00659	0.00670	0.01294	0.01923	0.02708	0.60722	0.15176	0.06432	0.01566	0.00850	0.00233	0.00347	0.01393	0.00766	0.00659
47	0.00868	0.00620	0.00826	0.00991	0.01033	0.00578	0.00661	0.00991	0.01363	0.01818	0.03925	0.74510	0.04710	0.02231	0.00909	0.00289	0.00413	0.02024	0.00661	0.00578
48	0.01583	0.01694	0.03401	0.23783	0.09467	0.01743	0.40357	0.02113	0.01576	0.02125	0.01360	0.01886	0.01040	0.00663	0.00853	0.00240	0.04102	0.00753	0.00345	0.00917
49	0.01345	0.01266	0.02136	0.73264	0.04904	0.01582	0.01978	0.01819	0.01424	0.01819	0.01266	0.01898	0.00949	0.00712	0.00712	0.00237	0.00949	0.00633	0.00316	0.00791
50	0.02707	0.01995	0.02137	0.01638	0.02208	0.02208	0.01353	0.68159	0.03348	0.04488	0.01710	0.01710	0.01211	0.00855	0.00712	0.00214	0.00784	0.00641	0.00712	0.01211
51	0.02415	0.11309	0.02143	0.01694	0.02070	0.54856	0.01315	0.04475	0.01917	0.01817	0.01362	0.01553	0.03629	0.00932	0.03024	0.00219	0.03548	0.00511	0.00380	0.00830
52	0.02504	0.03108	0.02134	0.02154	0.10771	0.60532	0.01485	0.02716	0.01932	0.01815	0.01124	0.01355	0.00944	0.00741	0.00716	0.00192	0.04064	0.00487	0.00363	0.00862
53	0.01008	0.00728	0.00952	0.00896	0.01064	0.00672	0.00672	0.01344	0.02016	0.02855	0.70158	0.05319	0.06719	0.01456	0.00840	0.00224	0.00336	0.01288	0.00784	0.00672
54	0.80005	0.01377	0.01047	0.00936	0.01377	0.01597	0.00771	0.02093	0.01212	0.03195	0.00991	0.01157	0.00771	0.00661	0.00441	0.00220	0.00551	0.00386	0.00441	0.00771
55	0.01428	0.03683	0.71286	0.02030	0.03082	0.01654	0.02631	0.02255	0.01503	0.02255	0.01278	0.01503	0.00902	0.00677	0.00677	0.00226	0.01052	0.00526	0.00301	0.01052
56	0.01036	0.00690	0.00777	0.00777	0.00777	0.00690	0.00431	0.01036	0.01036	0.01381	0.02244	0.04660	0.02589	0.74975	0.03624	0.00690	0.00690	0.01036	0.00431	0.00431
57	0.01477	0.01266	0.01477	0.01055	0.01687	0.00949	0.00844	0.01793	0.01477	0.02320	0.01266	0.01477	0.01055	0.00527	0.00527	0.00105	0.00527	0.00422	0.00422	0.79328
58	0.80005	0.01377	0.01047	0.00936	0.01377	0.01597	0.00771	0.02093	0.01212	0.03195	0.00991	0.01157	0.00771	0.00661	0.00441	0.00220	0.00551	0.00386	0.00441	0.00771
59	0.01409	0.01340	0.01896	0.01670	0.01705	0.01826	0.01374	0.01592	0.01105	0.01697	0.01202	0.01898	0.01167	0.02371	0.21514	0.00540	0.53959	0.00662	0.00331	0.00740
60	0.01024	0.00701	0.00849	0.00854	0.00884	0.00719	0.00529	0.01086	0.01106	0.01503	0.04860	0.07333	0.02698	0.57079	0.15198	0.00734	0.00874	0.01040	0.00446	0.00482
61	0.01008	0.00728	0.00952	0.00896	0.01064	0.00672	0.00672	0.01344	0.02016	0.02855	0.70158	0.05319	0.06719	0.01456	0.00840	0.00224	0.00336	0.01288	0.00784	0.00672
62	0.01036	0.00690	0.00777	0.00777	0.00777	0.00690	0.00431	0.01036	0.01036	0.01381	0.02244	0.04660	0.02589	0.74975	0.03624	0.00690	0.00690	0.01036	0.00431	0.00431
63	0.01477	0.01266	0.01477	0.01055	0.01687	0.00949	0.00844	0.01793	0.01477	0.02320	0.01266	0.01477	0.01055	0.00527	0.00527	0.00105	0.00527	0.00422	0.00422	0.79328
64	0.80005	0.01377	0.01047	0.00936	0.01377	0.01597	0.00771	0.02093	0.01212	0.03195	0.00991	0.01157	0.00771	0.00661	0.00441	0.00220	0.00551	0.00386	0.00441	0.00771
65	0.80005	0.01377	0.01047	0.00936	0.01377	0.01597	0.00771	0.02093	0.01212	0.03195	0.00991	0.01157	0.00771	0.00661	0.00441	0.00220	0.00551	0.00386	0.00441	0.00771
66	0.01558	0.01558	0.02181	0.01869	0.01869	0.02181	0.01558	0.01714	0.01091	0.01714	0.00935	0.01558	0.00935	0.01246	0.02337	0.00312	0.73672	0.00623	0.00312	0.00779
67	0.01477	0.01266	0.01477	0.01055	0.01687	0.00949	0.00844	0.01793	0.01477	0.02320	0.01266	0.01477	0.01055	0.00527	0.00527	0.00105	0.00527	0.00422	0.00422	0.79328
68	0.01428	0.03683	0.71286	0.02030	0.03082	0.01654	0.02631	0.02255	0.01503	0.02255	0.01278	0.01503	0.00902	0.00677	0.00677	0.00226	0.01052	0.00526	0.00301	0.01052
69	0.01477	0.01266	0.01477	0.01055	0.01687	0.00949	0.00844	0.01793	0.01477	0.02320	0.01266	0.01477	0.01055	0.00527	0.00527	0.00105	0.00527	0.00422	0.00422	0.79328
70	0.04466	0.02126	0.16868	0.02438	0.03143	0.01681	0.41036	0.02341	0.08203	0.02360	0.01812	0.02303	0.03366	0.00750	0.00788	0.00241	0.01036	0.03668	0.00409	0.00963
71	0.01729	0.06116	0.56661	0.01883	0.02832	0.01647	0.02316	0.05340	0.01652	0.11107	0.01481	0.01616	0.01026	0.00708	0.00675	0.00221	0.00972	0.00550	0.00393	0.01074
72	0.01051	0.00741	0.00923	0.00875	0.01070	0.00667	0.00657	0.01342	0.01904	0.05292	0.50950	0.08148	0.20645	0.01540	0.00838	0.00230	0.00355	0.01341	0.00756	0.00674
73	0.77486	0.03764	0.01133	0.00946	0.01392	0.01637	0.00786	0.02094	0.01219	0.03146	0.00991	0.01156	0.00776	0.00659	0.00441	0.00218	0.00558	0.00385	0.00436	0.00776
74	0.00855	0.00717	0.00743	0.00746	0.00972	0.00605	0.00556	0.01044	0.01641	0.01987	0.11681	0.09643	0.62782	0.01796	0.00844	0.00241	0.00361	0.01509	0.00670	0.00605
75	0.01664	0.16352	0.08480	0.04411	0.01908	0.01658	0.01205	0.02627	0.26412	0.07385	0.11815	0.02923	0.08277	0.00990	0.00691	0.00218	0.00621	0.00806	0.00596	0.00961

[dist]
# distance from previous block
# <min> <max>
7	12

[block]
# block no. 3 follows, 29 sequences, length 112
# corresponding to MSA columns:
# 251-362
name=unknown_D
#
# <colnr> <probs for GDERKNQSTAVLIFYWHMCP>
#	G	D	E	R	K	N	Q	S	T	A	V	L	I	F	Y	W	H	M	C	P
0	0.01525	0.08331	0.49746	0.04442	0.05434	0.04940	0.02271	0.02176	0.01505	0.02150	0.03554	0.01625	0.01114	0.00751	0.00816	0.00226	0.07526	0.00555	0.00324	0.00989
1	0.01324	0.00974	0.01185	0.01181	0.01378	0.01006	0.00913	0.11808	0.07206	0.02513	0.12244	0.27249	0.03947	0.06433	0.01048	0.00300	0.00550	0.17325	0.00674	0.00742
2	0.00893	0.00712	0.00844	0.03788	0.01159	0.00644	0.00656	0.01089	0.01587	0.02015	0.14634	0.27778	0.37969	0.01846	0.00857	0.00253	0.00398	0.01602	0.00664	0.00611
3	0.02550	0.06522	0.02129	0.01886	0.04268	0.63793	0.01401	0.02742	0.01940	0.01756	0.01096	0.01304	0.00924	0.00747	0.00709	0.00188	0.04377	0.00468	0.00361	0.00837
4	0.01756	0.04506	0.05665	0.14593	0.33710	0.01676	0.05945	0.10251	0.01806	0.04268	0.01904	0.02205	0.07010	0.00780	0.00717	0.00219	0.00835	0.00709	0.00428	0.01018
5	0.01754	0.01665	0.02610	0.09116	0.53681	0.04500	0.02009	0.04974	0.01699	0.02340	0.01556	0.02307	0.01373	0.00772	0.00728	0.00223	0.00852	0.06399	0.00393	0.01052
6	0.01046	0.00736	0.00940	0.00891	0.01073	0.00670	0.00667	0.01353	0.01942	0.04691	0.57965	0.08543	0.13779	0.01514	0.00840	0.00229	0.00350	0.01329	0.00767	0.00675
7	0.02603	0.01907	0.02052	0.01601	0.02148	0.02111	0.01313	0.57525	0.11856	0.06635	0.01903	0.01858	0.01355	0.00870	0.00714	0.00218	0.00749	0.00665	0.00720	0.01200
8	0.01607	0.01889	0.06932	0.07367	0.03581	0.01742	0.55212	0.02172	0.01619	0.02208	0.01510	0.05025	0.01215	0.00706	0.00885	0.00244	0.03933	0.00855	0.00366	0.00930
9	0.01428	0.03683	0.71286	0.02030	0.03082	0.01654	0.02631	0.02255	0.01503	0.02255	0.01278	0.01503	0.00902	0.00677	0.00677	0.00226	0.01052	0.00526	0.00301	0.01052
10	0.01147	0.00820	0.01147	0.01311	0.01475	0.00820	0.01147	0.01475	0.01639	0.02131	0.03770	0.08032	0.04098	0.01967	0.00984	0.00328	0.00656	0.65741	0.00656	0.00656
11	0.01036	0.00690	0.00777	0.00777	0.00777	0.00690	0.00431	0.01036	0.01036	0.01381	0.02244	0.04660	0.02589	0.74975	0.03624	0.00690	0.00690	0.01036	0.00431	0.00431
12	0.01923	0.69857	0.05808	0.01272	0.01885	0.05918	0.01271	0.02168	0.01475	0.01697	0.01004	0.01160	0.00914	0.00617	0.00472	0.00156	0.00794	0.00389	0.00307	0.00914
13	0.02707	0.01995	0.02137	0.01638	0.02208	0.02208	0.01353	0.68159	0.03348	0.04488	0.01710	0.01710	0.01211	0.00855	0.00712	0.00214	0.00784	0.00641	0.00712	0.01211
14	0.00842	0.00721	0.00721	0.00721	0.00962	0.00601	0.00541	0.01022	0.01623	0.01924	0.07213	0.06853	0.70244	0.01803	0.00842	0.00240	0.00361	0.01503	0.00661	0.00601
15	0.01166	0.00881	0.00999	0.00925	0.01179	0.00837	0.00707	0.04435	0.09003	0.04854	0.31085	0.05435	0.32802	0.01506	0.00819	0.00232	0.00399	0.01281	0.00726	0.00732
16	0.01389	0.01283	0.01990	0.63761	0.04417	0.03978	0.01814	0.01840	0.01451	0.01897	0.01362	0.01950	0.01032	0.00724	0.00689	0.00229	0.00902	0.00630	0.07884	0.00780
17	0.01428	0.03683	0.71286	0.02030	0.03082	0.01654	0.02631	0.02255	0.01503	0.02255	0.01278	0.01503	0.00902	0.00677	0.00677	0.00226	0.01052	0.00526	0.00301	0.01052
18	0.01008	0.00728	0.00952	0.00896	0.01064	0.00672	0.00672	0.01344	0.02016	0.02855	0.70158	0.05319	0.06719	0.01456	0.00840	0.00224	0.00336	0.01288	0.00784	0.00672
19	0.01000	0.00728	0.00941	0.00888	0.01059	0.00669	0.00666	0.01329	0.01998	0.02813	0.67261	0.05390	0.09643	0.01472	0.00840	0.00225	0.00337	0.01298	0.00778	0.00669
20	0.01428	0.03683	0.71286	0.02030	0.03082	0.01654	0.02631	0.02255	0.01503	0.02255	0.01278	0.01503	0.00902	0.00677	0.00677	0.00226	0.01052	0.00526	0.00301	0.01052
21	0.01428	0.03683	0.71286	0.02030	0.03082	0.01654	0.02631	0.02255	0.01503	0.02255	0.01278	0.01503	0.00902	0.00677	0.00677	0.00226	0.01052	0.00526	0.00301	0.01052
22	0.01041	0.00890	0.00914	0.00879	0.01151	0.00847	0.00667	0.01608	0.15720	0.02175	0.08448	0.05927	0.53915	0.01617	0.00817	0.00240	0.00402	0.01350	0.00679	0.00713
23	0.80005	0.01377	0.01047	0.00936	0.01377	0.01597	0.00771	0.02093	0.01212	0.03195	0.00991	0.01157	0.00771	0.00661	0.00441	0.00220	0.00551	0.00386	0.00441	0.00771
24	0.01206	0.00797	0.00999	0.00919	0.01142	0.00730	0.00699	0.01564	0.04100	0.08984	0.51419	0.05220	0.16600	0.01445	0.00825	0.00227	0.00372	0.01255	0.00771	0.00724
25	0.01477	0.01266	0.01477	0.01055	0.01687	0.00949	0.00844	0.01793	0.01477	0.02320	0.01266	0.01477	0.01055	0.00527	0.00527	0.00105	0.00527	0.00422	0.00422	0.79328
26	0.02754	0.04851	0.06728	0.01325	0.01898	0.01257	0.01167	0.07876	0.04058	0.49821	0.05517	0.02342	0.01826	0.00865	0.00698	0.00213	0.00641	0.00697	0.00771	0.04696
27	0.02104	0.13478	0.10054	0.01445	0.01988	0.01812	0.01319	0.25505	0.08942	0.10672	0.04531	0.06491	0.04743	0.00982	0.00698	0.00218	0.00711	0.02650	0.00616	0.01040
28	0.02598	0.01940	0.02075	0.01616	0.02167	0.02157	0.01327	0.60644	0.11041	0.04312	0.01848	0.01820	0.01323	0.00868	0.00714	0.00217	0.00758	0.00660	0.00714	0.01201
29	0.00868	0.00620	0.00826	0.00991	0.01033	0.00578	0.00661	0.00991	0.01363	0.01818	0.03925	0.74510	0.04710	0.02231	0.00909	0.00289	0.00413	0.02024	0.00661	0.00578
30	0.05760	0.01600	0.01733	0.01393	0.01811	0.01794	0.01138	0.43354	0.02601	0.03724	0.01761	0.01918	0.01325	0.01024	0.03232	0.00243	0.06099	0.00637	0.17833	0.01019
31	0.02091	0.12596	0.07249	0.01695	0.05039	0.22897	0.03613	0.14851	0.07234	0.02468	0.02063	0.02138	0.08849	0.00857	0.00666	0.00199	0.00894	0.00650	0.00480	0.03469
32	0.01487	0.01313	0.01699	0.03753	0.01950	0.01034	0.05777	0.01829	0.01490	0.02300	0.01278	0.01524	0.01053	0.00539	0.00557	0.00120	0.00591	0.00460	0.00414	0.70834
33	0.01047	0.00777	0.00956	0.03513	0.01248	0.00746	0.00729	0.01389	0.07049	0.04259	0.15435	0.35772	0.20805	0.01800	0.00853	0.00259	0.00425	0.01586	0.00681	0.00671
34	0.01029	0.00688	0.00779	0.00785	0.00786	0.00686	0.00440	0.01034	0.01048	0.01397	0.02307	0.07294	0.02669	0.72232	0.03522	0.00675	0.00680	0.01073	0.00440	0.00437
35	0.00842	0.00721	0.00721	0.00721	0.00962	0.00601	0.00541	0.01022	0.01623	0.01924	0.07213	0.06853	0.70244	0.01803	0.00842	0.00240	0.00361	0.01503	0.00661	0.00601
36	0.80005	0.01377	0.01047	0.00936	0.01377	0.01597	0.00771	0.02093	0.01212	0.03195	0.00991	0.01157	0.00771	0.00661	0.00441	0.00220	0.00551	0.00386	0.00441	0.00771
37	0.00864	0.00718	0.00756	0.00756	0.00978	0.00609	0.00563	0.01062	0.01662	0.02039	0.15191	0.09589	0.59207	0.01777	0.00844	0.00240	0.00360	0.01498	0.00677	0.00609
38	0.02707	0.01995	0.02137	0.01638	0.02208	0.02208	0.01353	0.68159	0.03348	0.04488	0.01710	0.01710	0.01211	0.00855	0.00712	0.00214	0.00784	0.00641	0.00712	0.01211
39	0.01383	0.01224	0.02005	0.56279	0.04129	0.01465	0.04718	0.04034	0.01506	0.02025	0.01524	0.05128	0.01227	0.00791	0.00702	0.00231	0.00862	0.00706	0.09272	0.00789
40	0.01345	0.01266	0.02136	0.73264	0.04904	0.01582	0.01978	0.01819	0.01424	0.01819	0.01266	0.01898	0.00949	0.00712	0.00712	0.00237	0.00949	0.00633	0.00316	0.00791
41	0.01443	0.03966	0.23969	0.03463	0.05164	0.07234	0.01499	0.01919	0.01782	0.05407	0.30144	0.05461	0.03501	0.01062	0.00747	0.00221	0.00714	0.00898	0.00548	0.00859
42	0.00879	0.00633	0.00836	0.00994	0.01050	0.00590	0.00678	0.01015	0.01387	0.01837	0.04060	0.68516	0.07524	0.02200	0.00909	0.00289	0.00422	0.04934	0.00661	0.00583
43	0.02660	0.03394	0.02018	0.01834	0.02201	0.72116	0.01376	0.02843	0.02018	0.01743	0.01101	0.01284	0.00917	0.00734	0.00642	0.00183	0.01284	0.00459	0.00367	0.00825
44	0.01089	0.00746	0.00978	0.00910	0.01092	0.00686	0.00686	0.01423	0.02016	0.05400	0.67644	0.05211	0.06534	0.01434	0.00835	0.00224	0.00346	0.01266	0.00787	0.00692
45	0.01345	0.01266	0.02136	0.73264	0.04904	0.01582	0.01978	0.01819	0.01424	0.01819	0.01266	0.01898	0.00949	0.00712	0.00712	0.00237	0.00949	0.00633	0.00316	0.00791
46	0.01477	0.01266	0.01477	0.01055	0.01687	0.00949	0.00844	0.01793	0.01477	0.02320	0.01266	0.01477	0.01055	0.00527	0.00527	0.00105	0.00527	0.00422	0.00422	0.79328
47	0.02665	0.01330	0.01637	0.01335	0.01830	0.01316	0.01077	0.03587	0.27047	0.45705	0.02842	0.02510	0.01916	0.00913	0.00719	0.00228	0.00590	0.00749	0.00823	0.01180
48	0.02623	0.01098	0.01477	0.01220	0.01676	0.00965	0.01013	0.02898	0.01931	0.52801	0.03405	0.03789	0.08943	0.01152	0.00773	0.00240	0.00590	0.11524	0.00822	0.01059
49	0.01036	0.00690	0.00777	0.00777	0.00777	0.00690	0.00431	0.01036	0.01036	0.01381	0.02244	0.04660	0.02589	0.74975	0.03624	0.00690	0.00690	0.01036	0.00431	0.00431
50	0.01036	0.00690	0.00777	0.00777	0.00777	0.00690	0.00431	0.01036	0.01036	0.01381	0.02244	0.04660	0.02589	0.74975	0.03624	0.00690	0.00690	0.01036	0.00431	0.00431
51	0.01033	0.00699	0.00818	0.00816	0.00834	0.00709	0.00484	0.01069	0.01080	0.01457	0.04539	0.04503	0.02653	0.65754	0.10124	0.00718	0.00795	0.01018	0.00439	0.00459
52	0.00940	0.00760	0.00851	0.00895	0.01106	0.00685	0.00699	0.01210	0.03983	0.01994	0.06031	0.13461	0.47818	0.01849	0.00873	0.00263	0.00434	0.14855	0.00662	0.00629
53	0.01760	0.01703	0.02757	0.08749	0.61115	0.03638	0.02100	0.02253	0.04732	0.02306	0.01400	0.01799	0.01158	0.00658	0.00705	0.00214	0.00852	0.00637	0.00368	0.01097
54	0.01327	0.00664	0.00664	0.00664	0.00830	0.00664	0.00498	0.01659	0.01493	0.02655	0.02323	0.02655	0.01825	0.00830	0.00498	0.00166	0.00332	0.00664	0.78928	0.00664
55	0.02539	0.04720	0.02051	0.01639	0.02114	0.25505	0.01307	0.36589	0.08039	0.03291	0.01601	0.01660	0.01203	0.00814	0.00674	0.00202	0.00916	0.00586	0.03505	0.01045
56	0.00981	0.00774	0.01050	0.01136	0.01171	0.00843	0.00809	0.01111	0.01318	0.01801	0.03431	0.62472	0.04087	0.02068	0.01144	0.00293	0.12502	0.01793	0.00603	0.00611
57	0.01691	0.13417	0.10160	0.06080	0.02527	0.01897	0.15713	0.08829	0.01627	0.02266	0.01370	0.04348	0.01166	0.00835	0.01010	0.00224	0.15634	0.00659	0.02679	0.07866
58	0.02707	0.01995	0.02137	0.01638	0.02208	0.02208	0.01353	0.68159	0.03348	0.04488	0.01710	0.01710	0.01211	0.00855	0.00712	0.00214	0.00784	0.00641	0.00712	0.01211
59	0.01719	0.24732	0.14544	0.02416	0.24803	0.06004	0.01730	0.02177	0.04316	0.02065	0.01654	0.05060	0.04345	0.00778	0.00636	0.00200	0.00827	0.00637	0.00373	0.00983
60	0.01504	0.12911	0.59729	0.02020	0.05669	0.01806	0.02429	0.02236	0.01501	0.02183	0.01243	0.01467	0.00913	0.00666	0.00649	0.00215	0.01006	0.00512	0.00303	0.01037
61	0.00879	0.00723	0.00774	0.00761	0.00985	0.00617	0.00571	0.01095	0.01712	0.02135	0.21467	0.06505	0.55860	0.01725	0.00841	0.00237	0.00355	0.01454	0.00689	0.00617
62	0.01638	0.01897	0.06670	0.02660	0.03360	0.01692	0.53947	0.02196	0.01627	0.02267	0.01394	0.01831	0.01065	0.00614	0.00839	0.00224	0.03414	0.00763	0.00364	0.11538
63	0.04241	0.01697	0.03350	0.15570	0.17692	0.01694	0.38178	0.02132	0.01597	0.02225	0.01453	0.04177	0.01173	0.00681	0.00778	0.00235	0.01035	0.00783	0.00363	0.00947
64	0.00938	0.00665	0.00866	0.00990	0.01036	0.00652	0.00672	0.01066	0.01334	0.01815	0.03566	0.58855	0.04202	0.10271	0.01240	0.00330	0.02698	0.04001	0.04227	0.00575
65	0.01017	0.00763	0.01144	0.01144	0.01272	0.00890	0.00890	0.01272	0.01144	0.01653	0.01907	0.02797	0.01780	0.05340	0.72153	0.01144	0.01907	0.00763	0.00381	0.00636
66	0.02412	0.01730	0.01907	0.04178	0.02104	0.01907	0.01252	0.50871	0.05932	0.06562	0.01919	0.04468	0.01453	0.01042	0.02924	0.00244	0.00761	0.00706	0.06516	0.01111
67	0.07544	0.02173	0.01993	0.01695	0.04282	0.16700	0.01316	0.39289	0.11927	0.03554	0.01687	0.01717	0.01251	0.00825	0.00681	0.00212	0.00845	0.00609	0.00613	0.01088
68	0.03195	0.01212	0.01652	0.01267	0.01818	0.01047	0.01047	0.03470	0.02038	0.71026	0.02809	0.02424	0.01763	0.00881	0.00716	0.00220	0.00606	0.00716	0.00881	0.01212
69	0.01677	0.02077	0.12739	0.02812	0.06387	0.01713	0.52172	0.02274	0.01657	0.04606	0.01539	0.04132	0.01195	0.00672	0.00811	0.00238	0.01121	0.00823	0.00379	0.00976
70	0.01904	0.75404	0.03731	0.01218	0.01828	0.02818	0.01218	0.02132	0.01447	0.01675	0.00990	0.01142	0.00914	0.00609	0.00457	0.00152	0.00761	0.00381	0.00305	0.00914
71	0.68940	0.01432	0.01182	0.01021	0.01479	0.01635	0.00841	0.08763	0.01461	0.06266	0.01142	0.01267	0.00858	0.00690	0.00480	0.00220	0.00577	0.00425	0.00487	0.00834
72	0.01026	0.00727	0.00963	0.00963	0.01028	0.00792	0.00664	0.01155	0.01091	0.01519	0.02073	0.03714	0.02178	0.39602	0.38436	0.00921	0.01309	0.00897	0.00406	0.00535
73	0.01428	0.03683	0.71286	0.02030	0.03082	0.01654	0.02631	0.02255	0.01503	0.02255	0.01278	0.01503	0.00902	0.00677	0.00677	0.00226	0.01052	0.00526	0.00301	0.01052
74	0.02707	0.01995	0.02137	0.01638	0.02208	0.02208	0.01353	0.68159	0.03348	0.04488	0.01710	0.01710	0.01211	0.00855	0.00712	0.00214	0.00784	0.00641	0.00712	0.01211
75	0.01771	0.01530	0.01610	0.01449	0.01852	0.01771	0.01127	0.03784	0.69247	0.02979	0.02898	0.02657	0.02174	0.00966	0.00725	0.00242	0.00564	0.00805	0.00725	0.01127
76	0.01677	0.01874	0.03936	0.03010	0.08556	0.01824	0.57529	0.02227	0.01627	0.02237	0.01391	0.01879	0.01072	0.00656	0.00954	0.00244	0.07187	0.00807	0.00356	0.00958
77	0.00868	0.00620	0.00826	0.00991	0.01033	0.00578	0.00661	0.00991	0.01363	0.01818	0.03925	0.74510	0.04710	0.02231	0.00909	0.00289	0.00413	0.02024	0.00661	0.00578
78	0.01133	0.00924	0.01328	0.01263	0.01351	0.01144	0.00988	0.01343	0.01123	0.01640	0.01734	0.02712	0.01678	0.11049	0.50951	0.00926	0.16938	0.00759	0.00371	0.00647
79	0.02081	0.01471	0.04754	0.01363	0.01824	0.01462	0.01124	0.03392	0.41367	0.22166	0.03161	0.02891	0.07726	0.00999	0.00730	0.00235	0.00581	0.00826	0.00744	0.01103
80	0.01000	0.00731	0.00941	0.00900	0.01074	0.00673	0.00682	0.01323	0.01966	0.02744	0.61864	0.05571	0.11937	0.01508	0.00846	0.00230	0.00352	0.04224	0.00768	0.00665
81	0.02236	0.01742	0.01990	0.01502	0.02090	0.01777	0.03898	0.41701	0.05726	0.03649	0.01614	0.01689	0.01201	0.00747	0.00660	0.00182	0.00710	0.00588	0.00607	0.25691
82	0.01101	0.00825	0.01164	0.04030	0.04444	0.00809	0.01039	0.01373	0.01549	0.02061	0.05868	0.28352	0.04014	0.01869	0.00914	0.00294	0.00581	0.35220	0.00626	0.03865
