[name]
unknown

[dist]
# distance from previous block
# <min> <max>
4	21

[block]
# block no. 0 follows, 25 sequences, length 43
# corresponding to MSA columns:
# 23-35,59-88
name=unknown_A
#
# <colnr> <probs for GDERKNQSTAVLIFYWHMCP>
#	G	D	E	R	K	N	Q	S	T	A	V	L	I	F	Y	W	H	M	C	P
0	0.02416	0.01384	0.01678	0.01437	0.01888	0.01407	0.01167	0.09665	0.20055	0.27271	0.10427	0.03836	0.02947	0.01217	0.00838	0.00262	0.00641	0.09473	0.00847	0.01143
1	0.62833	0.01511	0.01267	0.01120	0.01602	0.01727	0.00913	0.02631	0.10437	0.07611	0.01495	0.01575	0.01121	0.00781	0.00542	0.00243	0.00606	0.00506	0.00554	0.00924
2	0.01116	0.00818	0.01025	0.00963	0.01150	0.00744	0.00698	0.01409	0.01949	0.02734	0.47629	0.08808	0.09692	0.11474	0.01318	0.00311	0.00439	0.01357	0.00761	0.05606
3	0.02833	0.02284	0.02625	0.02029	0.02632	0.15605	0.13716	0.27676	0.02702	0.17194	0.01923	0.01976	0.01353	0.00857	0.00788	0.00233	0.01010	0.00717	0.00664	0.01181
4	0.02256	0.11662	0.02173	0.01559	0.02073	0.02095	0.01274	0.13947	0.41333	0.09175	0.02645	0.02471	0.01963	0.00970	0.00745	0.00242	0.00687	0.00774	0.00739	0.01218
5	0.02806	0.02101	0.02247	0.01755	0.02351	0.02338	0.01439	0.56822	0.12382	0.04658	0.02041	0.02005	0.01464	0.00948	0.00777	0.00237	0.00820	0.00723	0.00777	0.01306
6	0.01835	0.01691	0.02915	0.04171	0.55733	0.01685	0.04974	0.02194	0.01663	0.02366	0.01448	0.01988	0.01242	0.00967	0.01089	0.10962	0.00904	0.00699	0.00378	0.01096
7	0.01102	0.00787	0.01010	0.00957	0.01115	0.00734	0.00695	0.01417	0.02046	0.02886	0.58463	0.05692	0.06691	0.11475	0.01336	0.00314	0.00419	0.01364	0.00800	0.00695
8	0.01013	0.00688	0.00869	0.01013	0.01089	0.00644	0.00688	0.01183	0.01520	0.02113	0.04236	0.58894	0.08272	0.02190	0.00923	0.00293	0.00434	0.01966	0.11328	0.00644
9	0.00965	0.00782	0.00820	0.00814	0.01031	0.00676	0.00587	0.01152	0.01723	0.02119	0.13371	0.06955	0.52261	0.11761	0.01337	0.00328	0.00440	0.01541	0.00699	0.00637
10	0.01049	0.00817	0.01105	0.01212	0.01251	0.00872	0.00855	0.01189	0.01443	0.01964	0.03821	0.62441	0.04557	0.02280	0.01206	0.00318	0.10300	0.01992	0.00667	0.00660
11	0.01283	0.00932	0.01250	0.01181	0.01338	0.00973	0.00910	0.01583	0.01929	0.05961	0.42487	0.15159	0.05706	0.01676	0.01153	0.00273	0.10272	0.04412	0.00760	0.00761
12	0.67509	0.01401	0.01125	0.01014	0.01452	0.01599	0.00825	0.02166	0.01441	0.03427	0.10311	0.01889	0.01740	0.00840	0.00540	0.00240	0.00567	0.00556	0.00532	0.00825
13	0.03250	0.01427	0.02185	0.01642	0.02267	0.01254	0.10028	0.03599	0.02165	0.59284	0.02852	0.02563	0.01816	0.00917	0.00799	0.00243	0.00750	0.00799	0.00881	0.01281
14	0.78228	0.01499	0.01140	0.01020	0.01499	0.01739	0.00840	0.02279	0.01320	0.03479	0.01080	0.01260	0.00840	0.00720	0.00480	0.00240	0.00600	0.00420	0.00480	0.00840
15	0.00993	0.00712	0.00943	0.01047	0.01135	0.00662	0.00724	0.01201	0.01710	0.02338	0.24361	0.51134	0.05823	0.02161	0.00966	0.00292	0.00423	0.01949	0.00762	0.00662
16	0.02354	0.01805	0.01940	0.01631	0.02138	0.02030	0.01300	0.23675	0.42285	0.07949	0.02736	0.02547	0.02003	0.01007	0.00784	0.00252	0.00693	0.00813	0.00796	0.01262
17	0.66775	0.01602	0.01320	0.01136	0.01637	0.01841	0.00936	0.11871	0.01673	0.03693	0.01199	0.01351	0.00913	0.00752	0.00525	0.00239	0.00638	0.00462	0.00525	0.00913
18	0.02888	0.02142	0.02294	0.01772	0.02382	0.02377	0.01459	0.61770	0.07300	0.04791	0.01937	0.01921	0.01380	0.00938	0.00776	0.00234	0.00839	0.00708	0.00776	0.01313
19	0.01000	0.00789	0.00901	0.00873	0.01099	0.00690	0.00655	0.01274	0.01965	0.02563	0.35381	0.06691	0.39781	0.01789	0.00916	0.00254	0.00380	0.01528	0.00782	0.00690
20	0.01031	0.00783	0.00949	0.00922	0.01121	0.00701	0.00686	0.01329	0.02016	0.02720	0.44799	0.10477	0.26125	0.01757	0.00920	0.00254	0.00380	0.01526	0.00803	0.00701
21	0.00954	0.00679	0.00897	0.01068	0.01110	0.00636	0.00707	0.01082	0.01466	0.01955	0.04179	0.68781	0.05009	0.06055	0.01142	0.00337	0.00465	0.02149	0.00707	0.00622
22	0.01743	0.01803	0.02380	0.53438	0.10601	0.12948	0.02066	0.02202	0.01677	0.02018	0.01356	0.01943	0.01046	0.00771	0.00762	0.00246	0.01083	0.00658	0.00357	0.00901
23	0.04623	0.02107	0.02301	0.01839	0.02285	0.05705	0.01515	0.44251	0.02880	0.03924	0.01591	0.01780	0.01213	0.01028	0.01219	0.00259	0.19003	0.00676	0.00637	0.01164
24	0.78228	0.01499	0.01140	0.01020	0.01499	0.01739	0.00840	0.02279	0.01320	0.03479	0.01080	0.01260	0.00840	0.00720	0.00480	0.00240	0.00600	0.00420	0.00480	0.00840
25	0.01599	0.01579	0.02867	0.48567	0.14245	0.01785	0.13966	0.02133	0.01634	0.02156	0.01426	0.02050	0.01089	0.00740	0.00800	0.00255	0.01068	0.00732	0.00359	0.00949
26	0.00945	0.00675	0.00900	0.01080	0.01125	0.00630	0.00720	0.01080	0.01484	0.01979	0.04274	0.72245	0.05128	0.02429	0.00990	0.00315	0.00450	0.02204	0.00720	0.00630
27	0.02947	0.02172	0.02327	0.01784	0.02404	0.02404	0.01474	0.65329	0.03646	0.04887	0.01862	0.01862	0.01319	0.00931	0.00776	0.00233	0.00853	0.00698	0.00776	0.01319
28	0.06771	0.47411	0.19433	0.01551	0.02317	0.02635	0.01678	0.06390	0.01707	0.02277	0.01204	0.01380	0.01003	0.00702	0.00572	0.00194	0.00893	0.00471	0.00368	0.01043
29	0.00958	0.00697	0.00904	0.01042	0.01121	0.00643	0.00709	0.01124	0.01586	0.02111	0.11358	0.59335	0.10957	0.02297	0.00975	0.00303	0.00436	0.02068	0.00734	0.00643
30	0.00930	0.00769	0.00816	0.00841	0.01065	0.00655	0.00617	0.01126	0.01745	0.02129	0.10375	0.17422	0.54804	0.02016	0.00928	0.00269	0.00400	0.01712	0.00727	0.00655
31	0.03134	0.01520	0.01865	0.01445	0.02009	0.01478	0.01184	0.21797	0.02575	0.43866	0.02656	0.02495	0.01772	0.03057	0.00858	0.00249	0.00702	0.00762	0.05314	0.01260
32	0.01810	0.02150	0.07193	0.03148	0.03901	0.01979	0.58598	0.02445	0.01783	0.02445	0.01528	0.02048	0.01159	0.00700	0.01006	0.00265	0.05533	0.00886	0.00386	0.01038
33	0.00945	0.00675	0.00900	0.01080	0.01125	0.00630	0.00720	0.01080	0.01484	0.01979	0.04274	0.72245	0.05128	0.02429	0.00990	0.00315	0.00450	0.02204	0.00720	0.00630
34	0.01820	0.02061	0.04404	0.03172	0.03895	0.01993	0.60153	0.02435	0.01780	0.02435	0.01526	0.02061	0.01164	0.00708	0.01042	0.00268	0.06768	0.00897	0.00388	0.01030
35	0.01674	0.19896	0.53889	0.02007	0.03042	0.02092	0.02512	0.02425	0.01623	0.02311	0.01319	0.01547	0.00985	0.00720	0.00682	0.00227	0.01073	0.00537	0.00328	0.01111
36	0.00957	0.00691	0.00906	0.01055	0.01124	0.00640	0.00714	0.01117	0.01564	0.02089	0.10265	0.62801	0.08550	0.02328	0.00979	0.00306	0.00439	0.02101	0.00732	0.00640
37	0.01033	0.00761	0.00939	0.01063	0.01175	0.00725	0.00744	0.01317	0.05327	0.02126	0.04668	0.52494	0.14311	0.02197	0.00950	0.00300	0.00458	0.04567	0.04170	0.00676
38	0.02142	0.02279	0.02977	0.04070	0.50583	0.17494	0.04345	0.02549	0.01867	0.02385	0.01402	0.01805	0.01173	0.00715	0.00757	0.00224	0.01045	0.00654	0.00388	0.01146
39	0.73588	0.01492	0.01211	0.05243	0.01732	0.01738	0.00919	0.02261	0.01333	0.03388	0.01098	0.01308	0.00851	0.00723	0.00498	0.00241	0.00626	0.00436	0.00472	0.00841
40	0.01701	0.00921	0.01224	0.01086	0.01367	0.00830	0.00836	0.02036	0.02158	0.19849	0.47105	0.08997	0.05796	0.01475	0.00884	0.00247	0.00446	0.01291	0.00873	0.00877
41	0.02333	0.23174	0.10924	0.01985	0.02615	0.27610	0.10441	0.06359	0.03629	0.02232	0.01327	0.01544	0.01074	0.00747	0.00683	0.00208	0.01142	0.00563	0.00402	0.01009
42	0.23516	0.10744	0.32033	0.01765	0.02594	0.01876	0.05948	0.02514	0.01606	0.08737	0.01432	0.01607	0.01042	0.00739	0.00652	0.00235	0.00921	0.00553	0.00433	0.01052

[dist]
# distance from previous block
# <min> <max>
2	5

[block]
# block no. 1 follows, 25 sequences, length 39
# corresponding to MSA columns:
# 94-132
name=unknown_B
#
# <colnr> <probs for GDERKNQSTAVLIFYWHMCP>
#	G	D	E	R	K	N	Q	S	T	A	V	L	I	F	Y	W	H	M	C	P
0	0.02276	0.01708	0.01882	0.01575	0.02020	0.01880	0.01250	0.39514	0.11929	0.03868	0.02578	0.17334	0.02324	0.01520	0.04315	0.00306	0.00794	0.01057	0.00747	0.01125
1	0.01917	0.01566	0.01773	0.01309	0.01971	0.01378	0.01056	0.15935	0.05300	0.03079	0.01573	0.01728	0.01247	0.00676	0.00629	0.00148	0.00637	0.00533	0.00545	0.57000
2	0.25467	0.01732	0.08695	0.01405	0.01837	0.07404	0.04793	0.01998	0.01437	0.02453	0.01585	0.02296	0.01424	0.10963	0.17887	0.00540	0.01147	0.00663	0.00433	0.05840
3	0.10696	0.01752	0.02825	0.11582	0.53365	0.01817	0.02177	0.02324	0.01690	0.02582	0.01406	0.01859	0.01162	0.00703	0.00735	0.00234	0.00896	0.00659	0.00391	0.01143
4	0.01099	0.00812	0.01181	0.01193	0.01310	0.00924	0.00900	0.01337	0.01249	0.01780	0.02260	0.07804	0.02241	0.12680	0.58208	0.01133	0.01830	0.00952	0.00441	0.00665
5	0.02073	0.73217	0.04063	0.01327	0.01990	0.03068	0.01327	0.02322	0.01575	0.01824	0.01078	0.01244	0.00995	0.00663	0.00498	0.00166	0.00829	0.00415	0.00332	0.00995
6	0.17834	0.01696	0.01844	0.01523	0.02005	0.01901	0.01240	0.18934	0.18752	0.16179	0.02185	0.02139	0.01577	0.00966	0.00891	0.00254	0.07512	0.00702	0.00713	0.01153
7	0.03215	0.01456	0.01849	0.01449	0.02029	0.01379	0.01187	0.10303	0.11008	0.52999	0.02946	0.02591	0.01916	0.00969	0.00781	0.00242	0.00674	0.00784	0.00917	0.01307
8	0.01172	0.00763	0.00999	0.01069	0.01205	0.00708	0.00757	0.01366	0.01649	0.07370	0.12564	0.46704	0.11643	0.02377	0.05466	0.00355	0.00556	0.01837	0.00736	0.00704
9	0.00949	0.00711	0.00895	0.01020	0.01123	0.00658	0.00705	0.01108	0.01536	0.01995	0.04984	0.52233	0.19835	0.02540	0.05482	0.00363	0.00543	0.01978	0.00700	0.00640
10	0.03263	0.01326	0.01856	0.08829	0.02340	0.01202	0.01248	0.03586	0.02148	0.61327	0.02879	0.02578	0.01824	0.00940	0.00779	0.00242	0.00700	0.00770	0.00894	0.01270
11	0.03479	0.01320	0.01799	0.01380	0.01979	0.01140	0.01140	0.03779	0.02219	0.68451	0.03059	0.02639	0.01919	0.00960	0.00780	0.00240	0.00660	0.00780	0.00960	0.01320
12	0.01830	0.02092	0.04575	0.03268	0.04052	0.01961	0.65098	0.02484	0.01830	0.02484	0.01569	0.02092	0.01176	0.00654	0.00915	0.00261	0.01307	0.00915	0.00392	0.01046
13	0.00932	0.00786	0.00806	0.00801	0.01057	0.00661	0.00601	0.01142	0.01803	0.02179	0.12841	0.07322	0.62560	0.01932	0.00916	0.00260	0.00390	0.01617	0.00731	0.00661
14	0.01543	0.01509	0.02703	0.57320	0.08496	0.01764	0.11502	0.02077	0.01603	0.02085	0.01411	0.02063	0.01065	0.00753	0.00796	0.00257	0.01068	0.00723	0.00354	0.00908
15	0.01830	0.02092	0.04575	0.03268	0.04052	0.01961	0.65098	0.02484	0.01830	0.02484	0.01569	0.02092	0.01176	0.00654	0.00915	0.00261	0.01307	0.00915	0.00392	0.01046
16	0.00945	0.00675	0.00900	0.01080	0.01125	0.00630	0.00720	0.01080	0.01484	0.01979	0.04274	0.72245	0.05128	0.02429	0.00990	0.00315	0.00450	0.02204	0.00720	0.00630
17	0.03364	0.01416	0.01848	0.01427	0.02022	0.01294	0.01175	0.09725	0.04996	0.59648	0.02947	0.02575	0.01880	0.00961	0.00780	0.00240	0.00677	0.00776	0.00935	0.01316
18	0.01983	0.02423	0.07525	0.02964	0.05743	0.13047	0.44629	0.02535	0.01831	0.02344	0.01455	0.01919	0.01127	0.00733	0.00981	0.00255	0.06296	0.00804	0.00386	0.01019
19	0.01581	0.07516	0.65458	0.02165	0.03287	0.01865	0.02787	0.02449	0.01634	0.02424	0.01376	0.01617	0.00983	0.00733	0.00725	0.00242	0.01130	0.00565	0.00328	0.01138
20	0.00919	0.00775	0.00797	0.00814	0.01055	0.00652	0.00602	0.01110	0.01740	0.02083	0.07509	0.13720	0.61565	0.02009	0.00923	0.00267	0.00398	0.01691	0.00720	0.00652
21	0.01664	0.01582	0.02687	0.41831	0.32835	0.01775	0.02253	0.02156	0.01645	0.02224	0.01413	0.02002	0.01119	0.00738	0.00772	0.00246	0.00984	0.00690	0.00362	0.01023
22	0.01605	0.10696	0.62486	0.02125	0.03224	0.01923	0.02716	0.02443	0.01631	0.02395	0.01361	0.01599	0.00983	0.00730	0.00714	0.00238	0.01115	0.00558	0.00328	0.01131
23	0.00972	0.00694	0.00931	0.01111	0.01168	0.00654	0.00768	0.01127	0.01512	0.02010	0.04258	0.66489	0.05068	0.02403	0.00997	0.00319	0.00474	0.07687	0.00719	0.00637
24	0.02303	0.01809	0.01933	0.01634	0.02135	0.02046	0.01300	0.23075	0.44603	0.06215	0.02751	0.02564	0.02025	0.01011	0.00784	0.00253	0.00690	0.00818	0.00791	0.01259
25	0.01250	0.00873	0.01095	0.01167	0.01334	0.00854	0.00866	0.01671	0.08710	0.05803	0.08640	0.38396	0.10297	0.03938	0.01037	0.00314	0.00519	0.11743	0.00742	0.00750
26	0.02700	0.02019	0.02156	0.01687	0.02264	0.02225	0.01383	0.55077	0.08767	0.04526	0.02448	0.02395	0.06691	0.01023	0.00788	0.00238	0.00796	0.00788	0.00772	0.01258
27	0.13778	0.02739	0.02051	0.14731	0.02780	0.40797	0.01513	0.02753	0.01908	0.05517	0.01302	0.01577	0.01029	0.00812	0.00756	0.00224	0.03858	0.00544	0.00427	0.00902
28	0.01608	0.01378	0.01608	0.01148	0.01837	0.01034	0.00919	0.01952	0.01608	0.02527	0.01378	0.01608	0.01148	0.00574	0.00574	0.00115	0.00574	0.00459	0.00459	0.77491
29	0.01045	0.00791	0.00964	0.00921	0.01126	0.00709	0.00691	0.01362	0.02072	0.02818	0.50355	0.06272	0.24648	0.01694	0.00915	0.00249	0.00374	0.01470	0.00815	0.00709
30	0.01856	0.01603	0.01684	0.01521	0.01947	0.01838	0.01182	0.03906	0.61894	0.03162	0.03491	0.03219	0.07021	0.01117	0.00798	0.00263	0.00598	0.00931	0.00784	0.01186
31	0.00945	0.00782	0.00802	0.00799	0.01031	0.00668	0.00583	0.01129	0.01720	0.02076	0.09753	0.07151	0.58538	0.09145	0.01224	0.00311	0.00428	0.01575	0.00700	0.00639
32	0.01226	0.00968	0.01028	0.01037	0.01099	0.05694	0.00674	0.01313	0.01273	0.01651	0.02516	0.13006	0.02810	0.45342	0.16373	0.00754	0.01022	0.01162	0.00486	0.00565
33	0.02824	0.03296	0.02189	0.02069	0.05746	0.56783	0.01501	0.03175	0.06399	0.06767	0.01473	0.01612	0.01166	0.00821	0.00714	0.00208	0.01269	0.00554	0.00464	0.00968
34	0.55249	0.01936	0.08315	0.01564	0.07791	0.06576	0.01244	0.02422	0.01489	0.05669	0.01230	0.01421	0.00942	0.00734	0.00559	0.00237	0.00744	0.00480	0.00468	0.00929
35	0.02663	0.23785	0.02760	0.01772	0.02279	0.40990	0.01445	0.11396	0.02214	0.02286	0.01254	0.01417	0.01041	0.00777	0.00651	0.00194	0.01157	0.00502	0.00431	0.00984
36	0.02892	0.02139	0.02297	0.01758	0.02381	0.02348	0.01451	0.62721	0.03562	0.04789	0.01842	0.01851	0.01312	0.00916	0.00767	0.00228	0.00842	0.00688	0.00763	0.04453
37	0.08296	0.11935	0.02382	0.01663	0.02228	0.13340	0.01374	0.33938	0.07842	0.07051	0.01754	0.01779	0.01301	0.00868	0.00705	0.00222	0.00892	0.00625	0.00643	0.01164
38	0.02945	0.02249	0.02320	0.01795	0.02404	0.05811	0.01475	0.62176	0.03572	0.04735	0.01828	0.01838	0.01302	0.00924	0.00772	0.00231	0.00881	0.00688	0.00757	0.01297

[dist]
# distance from previous block
# <min> <max>
0	1

[block]
# block no. 2 follows, 25 sequences, length 138
# corresponding to MSA columns:
# 134-157,160-273
name=unknown_C
#
# <colnr> <probs for GDERKNQSTAVLIFYWHMCP>
#	G	D	E	R	K	N	Q	S	T	A	V	L	I	F	Y	W	H	M	C	P
0	0.63529	0.01801	0.01357	0.01193	0.01675	0.09375	0.00966	0.07637	0.01612	0.03420	0.01158	0.01325	0.00897	0.00746	0.00529	0.00235	0.00710	0.00452	0.00496	0.00886
1	0.45502	0.01916	0.01645	0.01369	0.01892	0.07493	0.01117	0.24626	0.02213	0.03848	0.01366	0.01484	0.01022	0.00801	0.00602	0.00234	0.00754	0.00525	0.00578	0.01014
2	0.01067	0.00806	0.01116	0.01129	0.01268	0.00877	0.00850	0.01299	0.01336	0.01835	0.03175	0.08909	0.12577	0.10460	0.48492	0.00983	0.01585	0.01081	0.00490	0.00664
3	0.15926	0.01482	0.01771	0.01382	0.01965	0.01436	0.01141	0.13074	0.02290	0.47701	0.02541	0.02287	0.01645	0.00915	0.00729	0.00239	0.00680	0.00707	0.00851	0.01239
4	0.02947	0.02172	0.02327	0.01784	0.02404	0.02404	0.01474	0.65329	0.03646	0.04887	0.01862	0.01862	0.01319	0.00931	0.00776	0.00233	0.00853	0.00698	0.00776	0.01319
5	0.01108	0.00831	0.01246	0.01246	0.01385	0.00969	0.00969	0.01385	0.01246	0.01800	0.02077	0.03046	0.01938	0.05815	0.69678	0.01246	0.02077	0.00831	0.00415	0.00692
6	0.00940	0.00693	0.00880	0.01030	0.01112	0.00634	0.00698	0.01085	0.01532	0.01999	0.04878	0.61313	0.15670	0.02351	0.00977	0.00306	0.00440	0.02108	0.00720	0.00634
7	0.01159	0.00792	0.01041	0.01063	0.01228	0.00734	0.00797	0.01448	0.01930	0.05266	0.37141	0.24695	0.09033	0.01878	0.00948	0.00277	0.00442	0.08609	0.00798	0.00721
8	0.01608	0.01378	0.01608	0.01148	0.01837	0.01034	0.00919	0.01952	0.01608	0.02527	0.01378	0.01608	0.01148	0.00574	0.00574	0.00115	0.00574	0.00459	0.00459	0.77491
9	0.03479	0.01320	0.01799	0.01380	0.01979	0.01140	0.01140	0.03779	0.02219	0.68451	0.03059	0.02639	0.01919	0.00960	0.00780	0.00240	0.00660	0.00780	0.00960	0.01320
10	0.03479	0.01320	0.01799	0.01380	0.01979	0.01140	0.01140	0.03779	0.02219	0.68451	0.03059	0.02639	0.01919	0.00960	0.00780	0.00240	0.00660	0.00780	0.00960	0.01320
11	0.03479	0.01320	0.01799	0.01380	0.01979	0.01140	0.01140	0.03779	0.02219	0.68451	0.03059	0.02639	0.01919	0.00960	0.00780	0.00240	0.00660	0.00780	0.00960	0.01320
12	0.00996	0.00740	0.00929	0.00985	0.01123	0.00672	0.00700	0.01229	0.01803	0.02423	0.28561	0.35233	0.17705	0.02026	0.00948	0.00278	0.00408	0.01798	0.00770	0.00672
13	0.78228	0.01499	0.01140	0.01020	0.01499	0.01739	0.00840	0.02279	0.01320	0.03479	0.01080	0.01260	0.00840	0.00720	0.00480	0.00240	0.00600	0.00420	0.00480	0.00840
14	0.03479	0.01320	0.01799	0.01380	0.01979	0.01140	0.01140	0.03779	0.02219	0.68451	0.03059	0.02639	0.01919	0.00960	0.00780	0.00240	0.00660	0.00780	0.00960	0.01320
15	0.01310	0.00891	0.01242	0.01398	0.01582	0.00881	0.01202	0.01647	0.01777	0.04831	0.04079	0.13682	0.04419	0.02120	0.01053	0.00349	0.00690	0.55393	0.00724	0.00730
16	0.78228	0.01499	0.01140	0.01020	0.01499	0.01739	0.00840	0.02279	0.01320	0.03479	0.01080	0.01260	0.00840	0.00720	0.00480	0.00240	0.00600	0.00420	0.00480	0.00840
17	0.01108	0.00831	0.01246	0.01246	0.01385	0.00969	0.00969	0.01385	0.01246	0.01800	0.02077	0.03046	0.01938	0.05815	0.69678	0.01246	0.02077	0.00831	0.00415	0.00692
18	0.01445	0.00723	0.00723	0.00723	0.00903	0.00723	0.00542	0.01807	0.01626	0.02891	0.02529	0.02891	0.01987	0.00903	0.00542	0.00181	0.00361	0.00723	0.77055	0.00723
19	0.01108	0.00831	0.01246	0.01246	0.01385	0.00969	0.00969	0.01385	0.01246	0.01800	0.02077	0.03046	0.01938	0.05815	0.69678	0.01246	0.02077	0.00831	0.00415	0.00692
20	0.01249	0.00892	0.01249	0.01428	0.01606	0.00892	0.01249	0.01606	0.01785	0.02320	0.04105	0.08746	0.04462	0.02142	0.01071	0.00357	0.00714	0.62695	0.00714	0.00714
21	0.01441	0.00916	0.01457	0.09272	0.10926	0.00954	0.01078	0.01311	0.01176	0.01584	0.01366	0.02263	0.01295	0.02199	0.02462	0.58009	0.00748	0.00678	0.00344	0.00521
22	0.01347	0.00673	0.01010	0.01010	0.01010	0.00673	0.00673	0.01010	0.01010	0.01347	0.01347	0.02357	0.01347	0.02694	0.03030	0.77441	0.00673	0.00673	0.00337	0.00337
23	0.01869	0.01791	0.03057	0.12056	0.61009	0.01829	0.02355	0.02336	0.01742	0.02472	0.01450	0.01935	0.01207	0.00700	0.00768	0.00233	0.00934	0.00691	0.00379	0.01188
24	0.72706	0.01542	0.01388	0.01182	0.01684	0.01755	0.05484	0.02294	0.01356	0.03407	0.01115	0.01320	0.00864	0.00715	0.00511	0.00241	0.00651	0.00456	0.00473	0.00855
25	0.01253	0.00674	0.00984	0.01026	0.01037	0.00663	0.00684	0.01026	0.01121	0.01495	0.02030	0.18679	0.02230	0.02632	0.02554	0.59428	0.00621	0.01031	0.00426	0.00405
26	0.02947	0.02172	0.02327	0.01784	0.02404	0.02404	0.01474	0.65329	0.03646	0.04887	0.01862	0.01862	0.01319	0.00931	0.00776	0.00233	0.00853	0.00698	0.00776	0.01319
27	0.01075	0.00735	0.00856	0.00899	0.00921	0.00718	0.00535	0.01115	0.01241	0.01643	0.03123	0.21171	0.06288	0.52821	0.03106	0.00626	0.00664	0.01407	0.00541	0.00516
28	0.02905	0.02151	0.02303	0.01775	0.02388	0.02384	0.01463	0.62754	0.06290	0.04817	0.01916	0.01905	0.01363	0.00936	0.00776	0.00234	0.00843	0.00706	0.00776	0.01315
29	0.02073	0.73217	0.04063	0.01327	0.01990	0.03068	0.01327	0.02322	0.01575	0.01824	0.01078	0.01244	0.00995	0.00663	0.00498	0.00166	0.00829	0.00415	0.00332	0.00995
30	0.01654	0.00917	0.01206	0.01062	0.01348	0.00825	0.00822	0.01996	0.02181	0.18564	0.49445	0.05121	0.08836	0.01454	0.00883	0.00244	0.00437	0.01265	0.00873	0.00868
31	0.01249	0.00892	0.01249	0.01428	0.01606	0.00892	0.01249	0.01606	0.01785	0.02320	0.04105	0.08746	0.04462	0.02142	0.01071	0.00357	0.00714	0.62695	0.00714	0.00714
32	0.01123	0.00769	0.00931	0.00931	0.00961	0.00798	0.00577	0.01183	0.01153	0.01567	0.02365	0.04639	0.02630	0.58408	0.18031	0.00858	0.01036	0.01064	0.00458	0.00517
33	0.01097	0.00793	0.01036	0.00975	0.01158	0.00732	0.00732	0.01463	0.02195	0.03109	0.67505	0.05792	0.07316	0.01585	0.00914	0.00244	0.00366	0.01402	0.00854	0.00732
34	0.01929	0.01666	0.01753	0.01578	0.02016	0.01929	0.01227	0.04120	0.66513	0.03243	0.03156	0.02893	0.02367	0.01052	0.00789	0.00263	0.00614	0.00877	0.00789	0.01227
35	0.01864	0.01787	0.03049	0.12688	0.60411	0.01828	0.02352	0.02332	0.01740	0.02467	0.01449	0.01937	0.01205	0.00701	0.00769	0.00234	0.00935	0.00691	0.00379	0.01184
36	0.01854	0.01910	0.02907	0.11271	0.25739	0.07099	0.10082	0.02230	0.01590	0.02194	0.01298	0.01846	0.01112	0.00924	0.01368	0.00271	0.24225	0.00701	0.00367	0.01012
37	0.02898	0.03642	0.02202	0.01990	0.02397	0.67296	0.01497	0.05264	0.02248	0.02002	0.01222	0.01414	0.01010	0.00804	0.00702	0.00201	0.01379	0.00506	0.00413	0.00913
38	0.01249	0.00892	0.01249	0.01428	0.01606	0.00892	0.01249	0.01606	0.01785	0.02320	0.04105	0.08746	0.04462	0.02142	0.01071	0.00357	0.00714	0.62695	0.00714	0.00714
39	0.03197	0.01260	0.01717	0.01351	0.01900	0.01097	0.01114	0.03505	0.02198	0.60506	0.08004	0.03154	0.02444	0.01060	0.00803	0.00245	0.00640	0.03617	0.00941	0.01248
40	0.02701	0.16990	0.02539	0.01852	0.02304	0.54234	0.01455	0.02986	0.04546	0.01935	0.01250	0.01426	0.01051	0.00783	0.00664	0.00196	0.01259	0.00498	0.00401	0.00930
41	0.03479	0.01320	0.01799	0.01380	0.01979	0.01140	0.01140	0.03779	0.02219	0.68451	0.03059	0.02639	0.01919	0.00960	0.00780	0.00240	0.00660	0.00780	0.00960	0.01320
42	0.01097	0.00793	0.01036	0.00975	0.01158	0.00732	0.00732	0.01463	0.02195	0.03109	0.67505	0.05792	0.07316	0.01585	0.00914	0.00244	0.00366	0.01402	0.00854	0.00732
43	0.03058	0.01774	0.10699	0.01539	0.02200	0.01394	0.01403	0.08739	0.07303	0.49326	0.02746	0.02462	0.01781	0.00935	0.00774	0.00242	0.00737	0.00753	0.00847	0.01289
44	0.02400	0.01858	0.01916	0.01598	0.02101	0.05322	0.01276	0.26274	0.30078	0.09001	0.02932	0.02766	0.06835	0.01057	0.00789	0.00247	0.00728	0.00842	0.00773	0.01208
45	0.01099	0.00791	0.01027	0.00969	0.01144	0.00733	0.00719	0.01447	0.02145	0.03034	0.64459	0.05758	0.07105	0.04916	0.01056	0.00268	0.00384	0.01389	0.00836	0.00719
46	0.02947	0.02172	0.02327	0.01784	0.02404	0.02404	0.01474	0.65329	0.03646	0.04887	0.01862	0.01862	0.01319	0.00931	0.00776	0.00233	0.00853	0.00698	0.00776	0.01319
47	0.01970	0.01859	0.03106	0.04611	0.64644	0.01870	0.02334	0.05522	0.01859	0.02651	0.01479	0.01916	0.01233	0.00703	0.00768	0.00230	0.00918	0.00691	0.00403	0.01233
48	0.01830	0.02092	0.04575	0.03268	0.04052	0.01961	0.65098	0.02484	0.01830	0.02484	0.01569	0.02092	0.01176	0.00654	0.00915	0.00261	0.01307	0.00915	0.00392	0.01046
49	0.00945	0.00675	0.00900	0.01080	0.01125	0.00630	0.00720	0.01080	0.01484	0.01979	0.04274	0.72245	0.05128	0.02429	0.00990	0.00315	0.00450	0.02204	0.00720	0.00630
50	0.01844	0.27529	0.41126	0.01892	0.02810	0.07947	0.02226	0.02464	0.01663	0.02194	0.01269	0.01483	0.00988	0.00717	0.00652	0.00215	0.01059	0.00513	0.00335	0.01074
51	0.02302	0.16521	0.02598	0.01859	0.02183	0.31677	0.01516	0.02596	0.04812	0.01937	0.01210	0.01536	0.01069	0.00965	0.01261	0.00241	0.23857	0.00559	0.00385	0.00917
52	0.01068	0.00770	0.01010	0.00996	0.01152	0.00712	0.00729	0.01388	0.02056	0.02889	0.55164	0.18762	0.06889	0.01750	0.00929	0.00258	0.00382	0.01559	0.00827	0.00712
53	0.02555	0.02023	0.02342	0.01863	0.02289	0.02395	0.01543	0.45446	0.02875	0.03940	0.01597	0.01810	0.01224	0.01064	0.01330	0.00266	0.22934	0.00692	0.00639	0.01171
54	0.01703	0.18227	0.46902	0.02235	0.06347	0.02080	0.07400	0.02426	0.01646	0.02330	0.01343	0.01604	0.01012	0.00713	0.00702	0.00229	0.01081	0.00573	0.00336	0.01111
55	0.02375	0.01566	0.01767	0.01521	0.02006	0.01701	0.01202	0.04022	0.48005	0.22015	0.03128	0.02820	0.02238	0.01025	0.00786	0.00256	0.00627	0.00849	0.00838	0.01254
56	0.00950	0.00679	0.00905	0.01076	0.01126	0.00634	0.00720	0.01094	0.01511	0.02021	0.06609	0.69790	0.05209	0.02398	0.00987	0.00312	0.00447	0.02175	0.00725	0.00634
57	0.06043	0.01500	0.01780	0.01402	0.01966	0.06723	0.01143	0.03583	0.02184	0.58272	0.05216	0.02605	0.02005	0.00961	0.00767	0.00237	0.00707	0.00767	0.00893	0.01246
58	0.02781	0.02031	0.02184	0.01704	0.02291	0.02234	0.01398	0.54714	0.08982	0.06906	0.02303	0.02246	0.04588	0.00992	0.00784	0.00237	0.00803	0.00761	0.00781	0.01279
59	0.01929	0.01666	0.01753	0.01578	0.02016	0.01929	0.01227	0.04120	0.66513	0.03243	0.03156	0.02893	0.02367	0.01052	0.00789	0.00263	0.00614	0.00877	0.00789	0.01227
60	0.01780	0.01701	0.02897	0.24930	0.48828	0.01806	0.02311	0.02258	0.01700	0.02365	0.01434	0.01964	0.01169	0.00717	0.00770	0.00239	0.00955	0.00690	0.00372	0.01116
61	0.01594	0.01511	0.02560	0.51991	0.23221	0.01757	0.02218	0.02095	0.01612	0.02139	0.01401	0.02025	0.01089	0.00751	0.00773	0.00250	0.01001	0.00690	0.00356	0.00966
62	0.01708	0.01732	0.02573	0.02146	0.02217	0.02338	0.07396	0.01922	0.01245	0.01922	0.01067	0.01732	0.01032	0.01294	0.02398	0.00332	0.65037	0.00700	0.00344	0.00866
63	0.00945	0.00675	0.00900	0.01080	0.01125	0.00630	0.00720	0.01080	0.01484	0.01979	0.04274	0.72245	0.05128	0.02429	0.00990	0.00315	0.00450	0.02204	0.00720	0.00630
64	0.02451	0.01869	0.02006	0.01658	0.02184	0.02097	0.01330	0.30816	0.35867	0.07216	0.02586	0.02430	0.01887	0.00994	0.00783	0.00249	0.00720	0.00794	0.00792	0.01272
65	0.01933	0.01902	0.03126	0.07577	0.60212	0.04467	0.04639	0.02393	0.01775	0.02482	0.01449	0.01912	0.01209	0.00697	0.00771	0.00232	0.00959	0.00692	0.00383	0.01192
66	0.01629	0.01760	0.08204	0.42276	0.26772	0.01771	0.02291	0.02159	0.01632	0.02212	0.01407	0.01980	0.01096	0.00743	0.00769	0.00248	0.01004	0.00680	0.00357	0.01012
67	0.00945	0.00675	0.00900	0.01080	0.01125	0.00630	0.00720	0.01080	0.01484	0.01979	0.04274	0.72245	0.05128	0.02429	0.00990	0.00315	0.00450	0.02204	0.00720	0.00630
68	0.01917	0.03449	0.53130	0.02109	0.03135	0.01737	0.05031	0.05596	0.01825	0.12362	0.01668	0.01814	0.01145	0.00776	0.00752	0.00245	0.01067	0.00623	0.00445	0.01176
69	0.17211	0.02785	0.05202	0.01988	0.07747	0.34785	0.01478	0.07842	0.09212	0.02667	0.01476	0.01629	0.01163	0.00810	0.00680	0.00222	0.01062	0.00561	0.00483	0.00996
70	0.00945	0.00675	0.00900	0.01080	0.01125	0.00630	0.00720	0.01080	0.01484	0.01979	0.04274	0.72245	0.05128	0.02429	0.00990	0.00315	0.00450	0.02204	0.00720	0.00630
71	0.02073	0.73217	0.04063	0.01327	0.01990	0.03068	0.01327	0.02322	0.01575	0.01824	0.01078	0.01244	0.00995	0.00663	0.00498	0.00166	0.00829	0.00415	0.00332	0.00995
72	0.01287	0.00674	0.00994	0.01020	0.01027	0.00667	0.00680	0.01020	0.01080	0.01441	0.01781	0.12719	0.01907	0.02654	0.02728	0.66005	0.00640	0.00900	0.00393	0.00380
73	0.01872	0.01977	0.07850	0.07647	0.60341	0.01834	0.02404	0.02367	0.01746	0.02502	0.01450	0.01906	0.01201	0.00698	0.00766	0.00233	0.00943	0.00682	0.00378	0.01205
74	0.01015	0.00728	0.00967	0.01069	0.01168	0.00680	0.00759	0.01239	0.01735	0.02368	0.24748	0.46460	0.05792	0.02136	0.00971	0.00295	0.00440	0.05999	0.00763	0.00668
75	0.01698	0.21615	0.49647	0.02027	0.03035	0.02131	0.04959	0.02422	0.01629	0.02295	0.01318	0.01555	0.00993	0.00715	0.00683	0.00226	0.01071	0.00546	0.00331	0.01103
76	0.01581	0.03854	0.63993	0.02394	0.08022	0.01804	0.02830	0.02450	0.01646	0.02461	0.01396	0.01657	0.01000	0.00733	0.00739	0.00244	0.01130	0.00581	0.00331	0.01152
77	0.01807	0.02151	0.07388	0.03125	0.03867	0.01985	0.57389	0.02435	0.01772	0.02435	0.01519	0.02040	0.01155	0.00711	0.01031	0.00267	0.06621	0.00881	0.00385	0.01035
78	0.01921	0.02044	0.02212	0.08620	0.25820	0.19160	0.01655	0.02409	0.07314	0.02288	0.02883	0.03054	0.15322	0.01026	0.00784	0.00234	0.00917	0.00857	0.00490	0.00990
79	0.01555	0.04011	0.68733	0.02210	0.03356	0.01801	0.02865	0.02455	0.01637	0.02455	0.01391	0.01637	0.00982	0.00737	0.00737	0.00246	0.01146	0.00573	0.00327	0.01146
80	0.01486	0.01188	0.01302	0.01248	0.01563	0.01253	0.00958	0.02578	0.30624	0.04960	0.04798	0.14947	0.22539	0.01603	0.00876	0.00276	0.00531	0.05576	0.00759	0.00934
81	0.13977	0.02006	0.02076	0.01644	0.02220	0.02244	0.01348	0.48011	0.11486	0.04464	0.01914	0.01907	0.01384	0.00915	0.00734	0.00238	0.00784	0.00680	0.00734	0.01236
82	0.01992	0.02238	0.05459	0.06782	0.27776	0.14056	0.19314	0.02525	0.04200	0.02376	0.01624	0.05074	0.01372	0.00797	0.00806	0.00240	0.01094	0.00789	0.00415	0.01071
83	0.01010	0.00725	0.00961	0.01127	0.01205	0.00687	0.00808	0.01186	0.01541	0.02032	0.04316	0.54639	0.07450	0.05053	0.01116	0.00338	0.00511	0.13946	0.00709	0.00641
84	0.00925	0.00786	0.00797	0.00795	0.01053	0.00658	0.00596	0.01129	0.01788	0.02143	0.10695	0.07382	0.64728	0.01946	0.00916	0.00261	0.00391	0.01625	0.00726	0.00658
85	0.02585	0.01408	0.01695	0.01413	0.01872	0.01412	0.01121	0.17099	0.10719	0.30165	0.03018	0.16092	0.02471	0.01250	0.00812	0.00254	0.00645	0.01050	0.03770	0.01150
86	0.02726	0.08738	0.02382	0.01998	0.05291	0.43655	0.01500	0.14839	0.07051	0.02583	0.01467	0.01605	0.01168	0.00826	0.00707	0.00209	0.01171	0.00566	0.00493	0.01024
87	0.05805	0.60912	0.03685	0.01398	0.02019	0.11517	0.01325	0.02419	0.01643	0.01912	0.01093	0.01264	0.00988	0.00683	0.00522	0.00174	0.00891	0.00426	0.00347	0.00975
88	0.01097	0.00793	0.01036	0.00975	0.01158	0.00732	0.00732	0.01463	0.02195	0.03109	0.67505	0.05792	0.07316	0.01585	0.00914	0.00244	0.00366	0.01402	0.00854	0.00732
89	0.05254	0.19858	0.05654	0.08247	0.04962	0.20164	0.01531	0.02905	0.16890	0.02315	0.01650	0.01808	0.01323	0.00833	0.00741	0.00222	0.03562	0.00598	0.00466	0.01015
90	0.10208	0.21096	0.38983	0.01766	0.02651	0.02043	0.02084	0.02424	0.01636	0.05523	0.03998	0.01708	0.01267	0.00760	0.00657	0.00224	0.00951	0.00559	0.00396	0.01065
91	0.01151	0.00828	0.01111	0.01135	0.01316	0.00788	0.00914	0.01514	0.02051	0.02832	0.45197	0.06831	0.06312	0.01781	0.00970	0.00284	0.00488	0.22969	0.00804	0.00725
92	0.01939	0.01939	0.02939	0.14393	0.52674	0.07919	0.02267	0.02384	0.01772	0.02393	0.01423	0.01894	0.01178	0.00713	0.00763	0.00232	0.00981	0.00673	0.00379	0.01144
93	0.02735	0.01905	0.02096	0.01659	0.02206	0.02068	0.01348	0.50261	0.05289	0.10440	0.02291	0.10016	0.01844	0.01109	0.00801	0.00244	0.00781	0.00884	0.00787	0.01237
94	0.02818	0.10936	0.02431	0.01875	0.02354	0.46817	0.01474	0.17405	0.02464	0.02581	0.01339	0.01489	0.01072	0.00815	0.00695	0.00204	0.01210	0.00536	0.00479	0.01006
95	0.00939	0.00696	0.00877	0.01022	0.01110	0.00635	0.00694	0.01086	0.01540	0.02002	0.04972	0.59601	0.17321	0.02338	0.00975	0.00305	0.00439	0.02093	0.00720	0.00635
96	0.02870	0.02438	0.02245	0.01794	0.02345	0.16397	0.01442	0.49949	0.03250	0.04137	0.01744	0.01883	0.01307	0.03556	0.00877	0.00245	0.00963	0.00672	0.00686	0.01200
97	0.01791	0.02297	0.11994	0.03082	0.03870	0.01963	0.54631	0.02450	0.01775	0.02450	0.01520	0.02018	0.01146	0.00698	0.00975	0.00263	0.04784	0.00863	0.00382	0.01048
98	0.00918	0.00780	0.00791	0.00799	0.01051	0.00653	0.00595	0.01111	0.01754	0.02089	0.07687	0.10494	0.64675	0.01985	0.00920	0.00264	0.00395	0.01663	0.00720	0.00653
99	0.75167	0.01527	0.01188	0.01051	0.01536	0.01766	0.00865	0.04843	0.01414	0.03536	0.01111	0.01284	0.00859	0.00728	0.00492	0.00240	0.00610	0.00431	0.00492	0.00859
100	0.01206	0.00809	0.00946	0.00934	0.00990	0.00834	0.00589	0.03543	0.01286	0.01786	0.02456	0.07355	0.02684	0.53067	0.12221	0.00739	0.00891	0.01088	0.06020	0.00555
101	0.02175	0.64632	0.03833	0.01410	0.02040	0.11289	0.01348	0.02417	0.01652	0.01833	0.01093	0.01263	0.00995	0.00680	0.00522	0.00170	0.00899	0.00425	0.00340	0.00983
102	0.01044	0.00782	0.00918	0.00888	0.01061	0.00710	0.00634	0.01284	0.01848	0.02466	0.35421	0.06194	0.26030	0.15598	0.01507	0.00349	0.00450	0.01425	0.00735	0.00655
103	0.04826	0.12665	0.36153	0.02368	0.10182	0.08301	0.07580	0.02532	0.01720	0.04753	0.01402	0.01653	0.01057	0.00728	0.00711	0.00230	0.01077	0.00588	0.00375	0.01098
104	0.01566	0.01234	0.01889	0.01754	0.04512	0.01228	0.11120	0.06295	0.07563	0.05781	0.10841	0.18979	0.03781	0.01613	0.00941	0.00293	0.00717	0.18319	0.00691	0.00885
105	0.00944	0.00781	0.00832	0.00865	0.01096	0.00669	0.00651	0.01145	0.01737	0.02098	0.07186	0.14741	0.56106	0.02028	0.00936	0.00275	0.00422	0.06113	0.00720	0.00656
106	0.01943	0.02140	0.02514	0.07483	0.02576	0.18338	0.09182	0.02211	0.01539	0.01952	0.01227	0.01792	0.01096	0.01397	0.06326	0.00352	0.36019	0.00675	0.00366	0.00874
107	0.01845	0.05421	0.22888	0.02860	0.06525	0.07094	0.37031	0.02511	0.01790	0.02409	0.01466	0.01868	0.01102	0.00691	0.00825	0.00247	0.01232	0.00756	0.00371	0.01070
108	0.01235	0.00882	0.01233	0.01411	0.01583	0.00880	0.01224	0.01581	0.01771	0.02304	0.04113	0.11770	0.04494	0.02156	0.01067	0.00355	0.00701	0.59814	0.00714	0.00710
109	0.01016	0.00780	0.00930	0.00913	0.01114	0.00694	0.00677	0.01299	0.01973	0.02631	0.39658	0.12136	0.29773	0.01800	0.00922	0.00257	0.00383	0.01559	0.00792	0.00694
110	0.02959	0.01937	0.02151	0.01659	0.02245	0.02078	0.01359	0.50259	0.03245	0.16971	0.02121	0.02172	0.01509	0.04521	0.00935	0.00260	0.00811	0.00735	0.00796	0.01276
111	0.71853	0.01501	0.01286	0.01116	0.01602	0.01710	0.03815	0.02246	0.01360	0.03382	0.01350	0.01525	0.03295	0.00762	0.00516	0.00242	0.00625	0.00487	0.00485	0.00843
112	0.00940	0.00692	0.00882	0.01033	0.01112	0.00634	0.00699	0.01085	0.01529	0.01997	0.04838	0.62026	0.14982	0.02356	0.00978	0.00307	0.00441	0.02115	0.00720	0.00634
113	0.01555	0.04011	0.68733	0.02210	0.03356	0.01801	0.02865	0.02455	0.01637	0.02455	0.01391	0.01637	0.00982	0.00737	0.00737	0.00246	0.01146	0.00573	0.00327	0.01146
114	0.75024	0.04516	0.01263	0.01033	0.01520	0.01795	0.00860	0.02281	0.01330	0.03409	0.01080	0.01259	0.00846	0.00717	0.00481	0.00237	0.00609	0.00420	0.00474	0.00846
115	0.01915	0.01852	0.03205	0.04699	0.65317	0.01847	0.04930	0.02384	0.01768	0.02531	0.01463	0.01926	0.01226	0.00689	0.00774	0.00232	0.00937	0.00700	0.00384	0.01221
116	0.00948	0.00748	0.00855	0.00909	0.01087	0.00655	0.00651	0.01143	0.01721	0.02175	0.13694	0.29581	0.38931	0.02079	0.00941	0.00278	0.00409	0.01804	0.00736	0.00655
117	0.04618	0.12822	0.52905	0.02232	0.07771	0.01967	0.02550	0.02426	0.01626	0.02418	0.01343	0.01591	0.00996	0.00723	0.00698	0.00234	0.01067	0.00555	0.00338	0.01120
118	0.01388	0.04337	0.01325	0.01229	0.01415	0.01089	0.00895	0.13677	0.01910	0.02540	0.03654	0.55210	0.04193	0.02055	0.00925	0.00292	0.00546	0.01827	0.00713	0.00781
119	0.00965	0.00706	0.00889	0.01010	0.01095	0.00650	0.00683	0.01117	0.01555	0.02048	0.09487	0.52565	0.14554	0.07378	0.01187	0.00333	0.00457	0.01980	0.00712	0.00630
120	0.01555	0.04011	0.68733	0.02210	0.03356	0.01801	0.02865	0.02455	0.01637	0.02455	0.01391	0.01637	0.00982	0.00737	0.00737	0.00246	0.01146	0.00573	0.00327	0.01146
121	0.14295	0.07223	0.02267	0.04852	0.02373	0.04748	0.01399	0.45968	0.02992	0.04208	0.01639	0.01718	0.01197	0.00867	0.00708	0.00229	0.00841	0.00628	0.00665	0.01186
122	0.02081	0.02149	0.02990	0.04302	0.57057	0.13077	0.02234	0.02498	0.01837	0.02428	0.01415	0.01833	0.01190	0.00709	0.00756	0.00225	0.01000	0.00659	0.00386	0.01174
123	0.01830	0.02092	0.04575	0.03268	0.04052	0.01961	0.65098	0.02484	0.01830	0.02484	0.01569	0.02092	0.01176	0.00654	0.00915	0.00261	0.01307	0.00915	0.00392	0.01046
124	0.02022	0.62121	0.06235	0.01386	0.02017	0.05960	0.01367	0.02295	0.01583	0.01850	0.01168	0.01396	0.01063	0.01045	0.05516	0.00249	0.00958	0.00455	0.00341	0.00974
125	0.01286	0.00846	0.01112	0.01101	0.01311	0.00785	0.00868	0.01614	0.02017	0.07698	0.38754	0.11166	0.11051	0.01757	0.00945	0.00276	0.00475	0.15371	0.00809	0.00758
126	0.02117	0.01624	0.01759	0.01554	0.02012	0.01833	0.01217	0.04079	0.58708	0.11159	0.03144	0.02862	0.02313	0.01041	0.00788	0.00260	0.00619	0.00865	0.00810	0.01238
127	0.02419	0.03129	0.06753	0.01834	0.02218	0.51266	0.01445	0.02656	0.02018	0.01954	0.01813	0.15243	0.01804	0.01113	0.00759	0.00226	0.01195	0.00837	0.00457	0.00864
128	0.02855	0.02135	0.02345	0.01924	0.05659	0.02357	0.01509	0.59698	0.06108	0.04702	0.01894	0.01906	0.01357	0.00924	0.00776	0.00234	0.00847	0.00705	0.00757	0.01310
129	0.78228	0.01499	0.01140	0.01020	0.01499	0.01739	0.00840	0.02279	0.01320	0.03479	0.01080	0.01260	0.00840	0.00720	0.00480	0.00240	0.00600	0.00420	0.00480	0.00840
130	0.00956	0.00683	0.00910	0.01072	0.01127	0.00637	0.00721	0.01107	0.01536	0.02061	0.08844	0.67441	0.05286	0.02368	0.00984	0.00310	0.00444	0.02146	0.00729	0.00637
131	0.01421	0.00839	0.01328	0.01224	0.01312	0.00842	0.05390	0.03225	0.01194	0.01598	0.01516	0.02602	0.01480	0.02581	0.05162	0.63511	0.00778	0.03177	0.00373	0.00448
132	0.01247	0.01036	0.01514	0.01433	0.01539	0.01303	0.01142	0.01499	0.01232	0.01816	0.01826	0.02726	0.01720	0.04758	0.53751	0.01031	0.18507	0.00795	0.00397	0.00729
133	0.00945	0.00675	0.00900	0.01080	0.01125	0.00630	0.00720	0.01080	0.01484	0.01979	0.04274	0.72245	0.05128	0.02429	0.00990	0.00315	0.00450	0.02204	0.00720	0.00630
134	0.01445	0.00723	0.00723	0.00723	0.00903	0.00723	0.00542	0.01807	0.01626	0.02891	0.02529	0.02891	0.01987	0.00903	0.00542	0.00181	0.00361	0.00723	0.77055	0.00723
135	0.01830	0.02092	0.04575	0.03268	0.04052	0.01961	0.65098	0.02484	0.01830	0.02484	0.01569	0.02092	0.01176	0.00654	0.00915	0.00261	0.01307	0.00915	0.00392	0.01046
136	0.01528	0.00873	0.01082	0.00988	0.01220	0.00795	0.00726	0.01776	0.01873	0.14725	0.28077	0.07979	0.14421	0.15022	0.01449	0.00342	0.00501	0.01271	0.04578	0.00775
137	0.03307	0.01281	0.01744	0.01350	0.01920	0.01110	0.01110	0.03611	0.02217	0.63728	0.07717	0.02867	0.02309	0.01005	0.00789	0.00240	0.00639	0.00825	0.00952	0.01277

[dist]
# distance from previous block
# <min> <max>
0	2

[block]
# block no. 3 follows, 25 sequences, length 12
# corresponding to MSA columns:
# 276-287
name=unknown_D
#
# <colnr> <probs for GDERKNQSTAVLIFYWHMCP>
#	G	D	E	R	K	N	Q	S	T	A	V	L	I	F	Y	W	H	M	C	P
0	0.60741	0.08349	0.01531	0.01140	0.01640	0.06404	0.00951	0.02444	0.01466	0.07801	0.01227	0.01365	0.00941	0.00737	0.00517	0.00230	0.00679	0.00450	0.00494	0.00892
1	0.01187	0.00866	0.01007	0.00965	0.01127	0.00831	0.00676	0.05763	0.01827	0.02447	0.25671	0.11567	0.17518	0.23039	0.01821	0.00405	0.00529	0.01389	0.00694	0.00670
2	0.02103	0.02252	0.02941	0.09848	0.43010	0.17761	0.06081	0.02519	0.01852	0.02332	0.01397	0.01821	0.01154	0.00721	0.00761	0.00228	0.01067	0.00660	0.00385	0.01107
3	0.08919	0.51655	0.05824	0.01455	0.02071	0.15079	0.01371	0.02464	0.01669	0.02007	0.01112	0.01288	0.00982	0.00696	0.00542	0.00181	0.00925	0.00436	0.00357	0.00969
4	0.29038	0.06323	0.01887	0.19934	0.02725	0.01761	0.01338	0.09447	0.01837	0.13259	0.04442	0.01955	0.01406	0.00829	0.00659	0.00239	0.00759	0.00622	0.00558	0.00980
5	0.01526	0.01331	0.01899	0.01697	0.06369	0.01243	0.09124	0.02079	0.09588	0.03949	0.04365	0.16554	0.09347	0.01228	0.00865	0.00229	0.03449	0.01091	0.00581	0.23486
6	0.07130	0.07781	0.06999	0.01973	0.06442	0.27468	0.01558	0.18081	0.08407	0.04601	0.01604	0.01712	0.01231	0.00833	0.00708	0.00220	0.01038	0.00596	0.00535	0.01083
7	0.17514	0.01914	0.07914	0.01685	0.02287	0.01837	0.07305	0.14607	0.19444	0.14412	0.02185	0.02151	0.01562	0.00883	0.00731	0.00247	0.00774	0.00714	0.00676	0.01158
8	0.01801	0.05599	0.02815	0.09799	0.46262	0.01743	0.02030	0.02229	0.01686	0.02404	0.01454	0.01916	0.01226	0.00962	0.04508	0.00270	0.00943	0.00652	0.00389	0.11312
9	0.08169	0.01100	0.01420	0.01678	0.12738	0.01089	0.01024	0.01753	0.06209	0.02473	0.14347	0.19686	0.07933	0.10956	0.01243	0.00320	0.00585	0.01264	0.00620	0.05392
10	0.01288	0.08892	0.01621	0.01187	0.01450	0.01162	0.06743	0.03706	0.01555	0.01980	0.03889	0.07958	0.22135	0.24720	0.07977	0.00498	0.00811	0.01193	0.00541	0.00695
11	0.01728	0.01827	0.03548	0.02956	0.13132	0.01716	0.39837	0.02347	0.04830	0.02488	0.02299	0.02649	0.08525	0.00815	0.00857	0.00244	0.01051	0.00918	0.00451	0.07779

[dist]
# distance from previous block
# <min> <max>
11	17

[block]
# block no. 4 follows, 25 sequences, length 16
# corresponding to MSA columns:
# 305-320
name=unknown_E
#
# <colnr> <probs for GDERKNQSTAVLIFYWHMCP>
#	G	D	E	R	K	N	Q	S	T	A	V	L	I	F	Y	W	H	M	C	P
0	0.07876	0.02343	0.02400	0.07558	0.25648	0.22812	0.01763	0.05265	0.12028	0.02570	0.01625	0.01869	0.01296	0.00798	0.00729	0.00229	0.01002	0.00641	0.00471	0.01076
1	0.08479	0.01958	0.02120	0.01630	0.02242	0.02097	0.01344	0.48329	0.03144	0.12343	0.01913	0.01892	0.01343	0.00891	0.00739	0.00225	0.00790	0.00669	0.00752	0.07101
2	0.01409	0.00898	0.01160	0.01115	0.01365	0.00781	0.00810	0.01635	0.01705	0.10760	0.12885	0.41145	0.04338	0.01791	0.00879	0.00260	0.00486	0.01597	0.00724	0.14258
3	0.02118	0.01906	0.02988	0.04183	0.55236	0.01951	0.02204	0.14562	0.02129	0.02989	0.01536	0.01908	0.01246	0.00737	0.00769	0.00231	0.00908	0.00692	0.00460	0.01246
4	0.78228	0.01499	0.01140	0.01020	0.01499	0.01739	0.00840	0.02279	0.01320	0.03479	0.01080	0.01260	0.00840	0.00720	0.00480	0.00240	0.00600	0.00420	0.00480	0.00840
