[name]
unknown

[dist]
# distance from previous block
# <min> <max>
0	57

[block]
# block no. 0 follows, 31 sequences, length 75
# corresponding to MSA columns:
# 61-135
name=unknown_A
#
# <colnr> <probs for GDERKNQSTAVLIFYWHMCP>
#	G	D	E	R	K	N	Q	S	T	A	V	L	I	F	Y	W	H	M	C	P
0	0.03944	0.01208	0.01776	0.01466	0.01879	0.01168	0.10911	0.07872	0.06328	0.26572	0.08180	0.05611	0.02537	0.01126	0.00773	0.00241	0.00660	0.16136	0.00677	0.00932
1	0.02197	0.01283	0.01510	0.01360	0.05670	0.06721	0.01006	0.04616	0.07238	0.33541	0.16999	0.05853	0.02703	0.00981	0.00706	0.00207	0.00582	0.00823	0.00709	0.05296
2	0.04784	0.02521	0.02128	0.02310	0.19665	0.39499	0.01490	0.13130	0.04041	0.02313	0.01256	0.01450	0.01008	0.00704	0.00639	0.00190	0.01009	0.00519	0.00414	0.00932
3	0.02248	0.01764	0.02034	0.01911	0.12136	0.01946	0.01363	0.43485	0.19488	0.03654	0.01871	0.01873	0.01379	0.00817	0.00686	0.00212	0.00710	0.00654	0.00637	0.01132
4	0.01055	0.00819	0.01168	0.01358	0.11276	0.00775	0.00855	0.01361	0.01793	0.02529	0.51635	0.14541	0.05403	0.01389	0.00797	0.00222	0.00404	0.01246	0.00676	0.00696
5	0.01304	0.01553	0.12265	0.63808	0.04458	0.01530	0.01991	0.01809	0.01379	0.01809	0.01218	0.01769	0.00905	0.00679	0.00679	0.00226	0.00926	0.00593	0.00302	0.00796
6	0.01007	0.01111	0.11265	0.00998	0.01291	0.00774	0.00903	0.01380	0.01818	0.02549	0.53153	0.04761	0.13713	0.01331	0.00784	0.00217	0.00426	0.01157	0.00671	0.00690
7	0.02765	0.01097	0.01490	0.01165	0.01641	0.00953	0.00953	0.03038	0.01955	0.62086	0.12661	0.02732	0.02385	0.00927	0.00705	0.00212	0.00544	0.00768	0.00833	0.01089
8	0.02555	0.01055	0.01449	0.01164	0.01598	0.00948	0.00948	0.02823	0.01831	0.54953	0.09459	0.02660	0.02174	0.01524	0.11232	0.00341	0.00738	0.00750	0.00768	0.01032
9	0.02850	0.01116	0.01517	0.01180	0.01671	0.00968	0.00968	0.03121	0.01956	0.64915	0.09864	0.02619	0.02191	0.00904	0.00700	0.00212	0.00555	0.00745	0.00837	0.01110
10	0.01522	0.01684	0.03611	0.02625	0.03234	0.01603	0.59283	0.02051	0.01540	0.02104	0.01449	0.01968	0.01136	0.01238	0.11322	0.00357	0.01252	0.00797	0.00349	0.00877
11	0.01087	0.00769	0.01051	0.01185	0.01320	0.00769	0.01003	0.01356	0.01491	0.01943	0.03409	0.07247	0.03727	0.12641	0.01313	0.00366	0.00635	0.57491	0.00599	0.00599
12	0.01720	0.12342	0.01843	0.01360	0.01776	0.01848	0.01096	0.03405	0.60428	0.02680	0.02518	0.02341	0.01913	0.00878	0.00659	0.00220	0.00569	0.00714	0.00638	0.01053
13	0.02669	0.01807	0.01986	0.01522	0.02067	0.01960	0.01258	0.59817	0.03034	0.14161	0.01796	0.01742	0.01240	0.00825	0.00685	0.00206	0.00728	0.00626	0.00708	0.01164
14	0.00893	0.00682	0.00820	0.00815	0.00983	0.00609	0.00600	0.01134	0.01714	0.02286	0.39006	0.15845	0.28886	0.01624	0.00817	0.00230	0.00342	0.01412	0.00695	0.00609
15	0.02370	0.02842	0.01859	0.01633	0.02035	0.56906	0.01240	0.06247	0.03783	0.01931	0.01159	0.01319	0.00948	0.00689	0.00607	0.00168	0.01083	0.00454	0.00388	0.12339
16	0.02066	0.52591	0.03053	0.01358	0.01873	0.23692	0.01219	0.04063	0.01603	0.01702	0.01001	0.01153	0.00887	0.00627	0.00499	0.00157	0.00882	0.00395	0.00321	0.00860
17	0.00856	0.00617	0.00812	0.00928	0.00995	0.00572	0.00633	0.01013	0.01428	0.01925	0.15726	0.60908	0.07049	0.01999	0.00859	0.00265	0.00382	0.01804	0.00656	0.00572
18	0.04526	0.01232	0.01709	0.01671	0.11867	0.01151	0.01190	0.07106	0.01908	0.46302	0.02509	0.02900	0.01855	0.00948	0.00715	0.00224	0.00632	0.09765	0.00722	0.01069
19	0.02259	0.01190	0.01472	0.01197	0.01579	0.01178	0.00950	0.17846	0.05636	0.30719	0.12050	0.02604	0.02222	0.03236	0.01071	0.11820	0.00586	0.00749	0.00696	0.00939
20	0.02562	0.03065	0.01955	0.01735	0.02116	0.62891	0.01319	0.12410	0.02124	0.02057	0.01142	0.01293	0.00922	0.00722	0.00627	0.00180	0.01164	0.00466	0.00401	0.00847
21	0.01016	0.00653	0.00780	0.00786	0.00792	0.00655	0.00463	0.00985	0.00996	0.01331	0.02069	0.06878	0.02355	0.60186	0.05406	0.12192	0.00679	0.00966	0.00405	0.00409
22	0.04646	0.03358	0.01711	0.01337	0.01828	0.13727	0.01082	0.07668	0.05655	0.48361	0.02265	0.02047	0.01496	0.00814	0.00664	0.00205	0.00707	0.00630	0.00719	0.01079
23	0.01599	0.01353	0.01431	0.01298	0.01629	0.01551	0.00986	0.03252	0.60371	0.02639	0.02693	0.02832	0.02146	0.11819	0.01101	0.00295	0.00559	0.00806	0.00655	0.00986
24	0.01211	0.00632	0.00660	0.00683	0.00825	0.00626	0.00501	0.01501	0.01417	0.02434	0.02455	0.13141	0.02156	0.00992	0.00536	0.00177	0.00330	0.00827	0.68270	0.00626
25	0.02309	0.01707	0.01850	0.01477	0.01944	0.01878	0.01195	0.56875	0.05594	0.03882	0.01997	0.12401	0.01688	0.01017	0.00712	0.00217	0.00693	0.00815	0.00678	0.01072
26	0.03572	0.01553	0.12207	0.56884	0.04149	0.01532	0.01911	0.01793	0.01358	0.01842	0.01257	0.03489	0.00986	0.00734	0.00742	0.00230	0.04039	0.00618	0.00313	0.00791
27	0.00960	0.00722	0.00903	0.01016	0.01106	0.00722	0.00700	0.01342	0.11346	0.01908	0.03628	0.64920	0.04171	0.01967	0.00848	0.00271	0.00418	0.01775	0.00644	0.00632
28	0.01225	0.00896	0.01097	0.00978	0.01202	0.00888	0.00752	0.11241	0.03945	0.02974	0.59389	0.04539	0.05571	0.01302	0.00786	0.00214	0.00391	0.01135	0.00742	0.00732
29	0.01676	0.01652	0.02928	0.03943	0.60151	0.01655	0.11279	0.02098	0.01550	0.02211	0.01288	0.01708	0.01072	0.00624	0.00745	0.00210	0.03187	0.00636	0.00338	0.01051
30	0.01372	0.03539	0.72412	0.01950	0.02961	0.01589	0.02528	0.02167	0.01444	0.02167	0.01228	0.01444	0.00867	0.00650	0.00650	0.00217	0.01011	0.00506	0.00289	0.01011
31	0.03070	0.01164	0.01588	0.01217	0.01746	0.01006	0.01006	0.03334	0.01958	0.72163	0.02699	0.02329	0.01694	0.00847	0.00688	0.00212	0.00582	0.00688	0.00847	0.01164
32	0.02927	0.01133	0.01542	0.01193	0.01697	0.00981	0.00981	0.03196	0.01957	0.67463	0.07345	0.02517	0.02016	0.00884	0.00696	0.00212	0.00565	0.00725	0.00840	0.01129
33	0.02556	0.01562	0.01789	0.01406	0.01897	0.01636	0.01146	0.43161	0.02655	0.23786	0.02168	0.09424	0.01663	0.00964	0.00705	0.00215	0.00667	0.00773	0.00727	0.01101
34	0.03054	0.01189	0.01603	0.01229	0.01759	0.01042	0.01015	0.05479	0.01999	0.69960	0.02665	0.02306	0.01676	0.00846	0.00688	0.00211	0.00588	0.00686	0.00841	0.01164
35	0.80789	0.01323	0.01006	0.00900	0.01323	0.01535	0.00741	0.02011	0.01164	0.03070	0.00953	0.01111	0.00741	0.00635	0.00423	0.00212	0.00529	0.00370	0.00423	0.00741
36	0.03070	0.01164	0.01588	0.01217	0.01746	0.01006	0.01006	0.03334	0.01958	0.72163	0.02699	0.02329	0.01694	0.00847	0.00688	0.00212	0.00582	0.00688	0.00847	0.01164
37	0.01693	0.01626	0.02777	0.04199	0.71689	0.01626	0.02100	0.02100	0.01558	0.02235	0.01287	0.01693	0.01084	0.00610	0.00677	0.00203	0.00813	0.00610	0.00339	0.01084
38	0.00866	0.00617	0.00823	0.00976	0.01026	0.00583	0.00674	0.01001	0.01325	0.01762	0.03699	0.66207	0.04394	0.04703	0.00972	0.00295	0.00430	0.08460	0.00627	0.00558
39	0.00825	0.00630	0.00758	0.00861	0.00968	0.00563	0.00595	0.00963	0.01398	0.01782	0.04882	0.51280	0.28038	0.01999	0.00850	0.00261	0.00379	0.01769	0.00635	0.00563
40	0.01275	0.00638	0.00638	0.00638	0.00797	0.00638	0.00478	0.01594	0.01435	0.02551	0.02232	0.02551	0.01754	0.00797	0.00478	0.00159	0.00319	0.00638	0.79755	0.00638
41	0.00970	0.00653	0.00753	0.00778	0.00784	0.00647	0.00448	0.00988	0.01043	0.01391	0.02403	0.15376	0.02800	0.64631	0.03082	0.00604	0.00622	0.01141	0.00448	0.00436
42	0.01419	0.01216	0.01419	0.01013	0.01621	0.00912	0.00811	0.01723	0.01419	0.02229	0.01216	0.01419	0.01013	0.00507	0.00507	0.00101	0.00507	0.00405	0.00405	0.80139
43	0.01372	0.03539	0.72412	0.01950	0.02961	0.01589	0.02528	0.02167	0.01444	0.02167	0.01228	0.01444	0.00867	0.00650	0.00650	0.00217	0.01011	0.00506	0.00289	0.01011
44	0.02600	0.05216	0.02002	0.01615	0.02065	0.37263	0.01275	0.26832	0.02382	0.10164	0.01440	0.01493	0.01070	0.00758	0.00642	0.00189	0.00972	0.00528	0.00523	0.00970
45	0.00995	0.00663	0.00746	0.00746	0.00746	0.00663	0.00415	0.00995	0.00995	0.01327	0.02156	0.04477	0.02487	0.75957	0.03482	0.00663	0.00663	0.00995	0.00415	0.00415
46	0.02601	0.01916	0.02053	0.01574	0.02122	0.02122	0.01300	0.69408	0.03217	0.04312	0.01643	0.01643	0.01163	0.00821	0.00684	0.00205	0.00753	0.00616	0.00684	0.01163
47	0.00987	0.00693	0.00899	0.00899	0.00951	0.00746	0.00605	0.01093	0.01040	0.01439	0.02016	0.03705	0.02152	0.45396	0.33585	0.00852	0.01168	0.00882	0.00394	0.00499
48	0.00971	0.00715	0.00921	0.00935	0.01101	0.00666	0.00736	0.01261	0.01767	0.02400	0.42597	0.08947	0.15474	0.01598	0.00843	0.00244	0.00403	0.17091	0.00701	0.00628
49	0.75174	0.01314	0.01041	0.00915	0.01349	0.01494	0.00753	0.02047	0.01201	0.05459	0.01023	0.01165	0.00784	0.00638	0.00436	0.00208	0.00530	0.00383	0.00438	0.03649
50	0.02420	0.19895	0.06208	0.01272	0.01830	0.01572	0.01145	0.05075	0.09792	0.37434	0.02095	0.01939	0.01444	0.00765	0.00618	0.00193	0.00642	0.00594	0.00636	0.04431
51	0.01766	0.01829	0.05015	0.05167	0.40229	0.14116	0.01707	0.04524	0.01650	0.03898	0.01646	0.12187	0.01545	0.00864	0.00694	0.00211	0.00830	0.00769	0.00406	0.00949
52	0.01689	0.32462	0.14165	0.01488	0.02054	0.01970	0.07774	0.12755	0.01701	0.02215	0.01630	0.14002	0.01559	0.00899	0.00622	0.00198	0.00764	0.00740	0.00419	0.00895
53	0.77414	0.01417	0.04040	0.00944	0.01393	0.01537	0.00817	0.02018	0.01176	0.03031	0.00964	0.01126	0.00746	0.00636	0.00433	0.00212	0.00550	0.00376	0.00418	0.00752
54	0.01681	0.52759	0.25897	0.01423	0.02147	0.02345	0.01611	0.02087	0.01408	0.01790	0.01041	0.01210	0.00874	0.00606	0.00507	0.00169	0.00822	0.00411	0.00291	0.00921
55	0.02601	0.01916	0.02053	0.01574	0.02122	0.02122	0.01300	0.69408	0.03217	0.04312	0.01643	0.01643	0.01163	0.00821	0.00684	0.00205	0.00753	0.00616	0.00684	0.01163
56	0.00925	0.00693	0.00966	0.00972	0.01098	0.00641	0.03136	0.01158	0.01624	0.02235	0.35606	0.37572	0.07332	0.01723	0.00838	0.00245	0.00388	0.01555	0.00680	0.00612
57	0.01715	0.01612	0.02460	0.07111	0.48170	0.04414	0.03800	0.07660	0.05829	0.02358	0.01583	0.07282	0.01391	0.00768	0.00696	0.00212	0.00792	0.00719	0.00410	0.01017
58	0.00847	0.00695	0.00746	0.00733	0.00948	0.00594	0.00550	0.01056	0.01650	0.02062	0.22345	0.06231	0.55863	0.01653	0.00808	0.00227	0.00341	0.01394	0.00664	0.00594
59	0.14351	0.01187	0.01503	0.01171	0.01685	0.01082	0.00967	0.03142	0.01843	0.62133	0.02446	0.02152	0.01555	0.00816	0.00650	0.00212	0.00574	0.00642	0.00785	0.01103
60	0.01405	0.03309	0.63144	0.02076	0.03044	0.01608	0.11566	0.02170	0.01467	0.02170	0.01249	0.01499	0.00890	0.00640	0.00671	0.00219	0.01030	0.00546	0.00297	0.00999
61	0.01624	0.01255	0.01558	0.11726	0.02112	0.01120	0.01028	0.04014	0.08134	0.09179	0.01525	0.01682	0.01173	0.00615	0.00574	0.00146	0.00583	0.00504	0.00470	0.50976
62	0.00834	0.00595	0.00794	0.00953	0.00992	0.00556	0.00635	0.00953	0.01310	0.01746	0.03771	0.75510	0.04525	0.02143	0.00873	0.00278	0.00397	0.01945	0.00635	0.00556
63	0.01801	0.71049	0.05760	0.01221	0.01797	0.02647	0.01228	0.02037	0.01378	0.01629	0.00958	0.01124	0.00878	0.00612	0.00517	0.00155	0.03661	0.00380	0.00293	0.00877
64	0.80789	0.01323	0.01006	0.00900	0.01323	0.01535	0.00741	0.02011	0.01164	0.03070	0.00953	0.01111	0.00741	0.00635	0.00423	0.00212	0.00529	0.00370	0.00423	0.00741
65	0.01419	0.01216	0.01419	0.01013	0.01621	0.00912	0.00811	0.01723	0.01419	0.02229	0.01216	0.01419	0.01013	0.00507	0.00507	0.00101	0.00507	0.00405	0.00405	0.80139
66	0.00841	0.00694	0.00737	0.00727	0.00944	0.00591	0.00545	0.01044	0.01635	0.02027	0.19827	0.06289	0.58403	0.01666	0.00808	0.00228	0.00342	0.01402	0.00659	0.00591
67	0.01095	0.00782	0.01094	0.01251	0.01405	0.00781	0.01089	0.01404	0.01567	0.02039	0.03627	0.09654	0.03954	0.01897	0.00943	0.00314	0.00623	0.65223	0.00630	0.00628
68	0.01745	0.05910	0.05307	0.02762	0.13509	0.10063	0.42344	0.02305	0.05110	0.02141	0.01375	0.01737	0.01067	0.00617	0.00736	0.00215	0.01054	0.00702	0.00359	0.00940
69	0.33554	0.01520	0.02381	0.12040	0.11458	0.01609	0.23822	0.02046	0.01392	0.02491	0.01174	0.01527	0.00907	0.00619	0.00619	0.00219	0.00825	0.00579	0.00371	0.00847
70	0.00977	0.00733	0.01100	0.01100	0.01222	0.00855	0.00855	0.01222	0.01100	0.01588	0.01833	0.02688	0.01710	0.05131	0.73245	0.01100	0.01833	0.00733	0.00367	0.00611
71	0.01288	0.00748	0.00922	0.09924	0.01374	0.00782	0.02821	0.01632	0.01432	0.02439	0.02078	0.02438	0.01626	0.00776	0.00514	0.00170	0.00419	0.00639	0.67315	0.00662
72	0.02615	0.01893	0.02039	0.01563	0.02110	0.02087	0.01291	0.67377	0.03178	0.06397	0.01675	0.01664	0.01180	0.00822	0.00685	0.00206	0.00748	0.00618	0.00689	0.01163
73	0.00834	0.00595	0.00794	0.00953	0.00992	0.00556	0.00635	0.00953	0.01310	0.01746	0.03771	0.75510	0.04525	0.02143	0.00873	0.00278	0.00397	0.01945	0.00635	0.00556
74	0.03070	0.01164	0.01588	0.01217	0.01746	0.01006	0.01006	0.03334	0.01958	0.72163	0.02699	0.02329	0.01694	0.00847	0.00688	0.00212	0.00582	0.00688	0.00847	0.01164

[dist]
# distance from previous block
# <min> <max>
0	4

[block]
# block no. 1 follows, 31 sequences, length 15
# corresponding to MSA columns:
# 140-154
name=unknown_B
#
# <colnr> <probs for GDERKNQSTAVLIFYWHMCP>
#	G	D	E	R	K	N	Q	S	T	A	V	L	I	F	Y	W	H	M	C	P
0	0.01337	0.01262	0.02134	0.66425	0.12247	0.01532	0.01922	0.01788	0.01389	0.01803	0.01224	0.01809	0.00931	0.00676	0.00683	0.00225	0.00901	0.00608	0.00308	0.00796
1	0.01468	0.16464	0.56986	0.01912	0.05835	0.01790	0.02266	0.02143	0.01440	0.02070	0.01181	0.01394	0.00878	0.00637	0.00614	0.00203	0.00952	0.00485	0.00292	0.00991
2	0.02472	0.01835	0.01979	0.01541	0.02060	0.02038	0.01267	0.62281	0.07232	0.04099	0.01721	0.01746	0.01245	0.01024	0.03989	0.00248	0.00789	0.00631	0.00671	0.01133
3	0.10243	0.04924	0.02079	0.07424	0.08359	0.32240	0.03565	0.18627	0.02063	0.02523	0.01228	0.01421	0.00960	0.00708	0.00624	0.00194	0.00965	0.00513	0.00433	0.00908
4	0.00850	0.00704	0.00750	0.00765	0.00985	0.00605	0.00592	0.01046	0.01580	0.01915	0.09716	0.06640	0.60582	0.01734	0.00824	0.00240	0.00377	0.08868	0.00640	0.00587
5	0.01188	0.00594	0.00891	0.00891	0.00891	0.00594	0.00594	0.00891	0.00891	0.01188	0.01188	0.02080	0.01188	0.02377	0.02674	0.80095	0.00594	0.00594	0.00297	0.00297
6	0.00842	0.00602	0.00801	0.00947	0.00994	0.00561	0.00636	0.00973	0.01347	0.01806	0.07815	0.71296	0.04640	0.02099	0.00869	0.00274	0.00392	0.01903	0.00642	0.00561
7	0.02601	0.01916	0.02053	0.01574	0.02122	0.02122	0.01300	0.69408	0.03217	0.04312	0.01643	0.01643	0.01163	0.00821	0.00684	0.00205	0.00753	0.00616	0.00684	0.01163
8	0.00834	0.00595	0.00794	0.00953	0.00992	0.00556	0.00635	0.00953	0.01310	0.01746	0.03771	0.75510	0.04525	0.02143	0.00873	0.00278	0.00397	0.01945	0.00635	0.00556
9	0.80789	0.01323	0.01006	0.00900	0.01323	0.01535	0.00741	0.02011	0.01164	0.03070	0.00953	0.01111	0.00741	0.00635	0.00423	0.00212	0.00529	0.00370	0.00423	0.00741
10	0.80789	0.01323	0.01006	0.00900	0.01323	0.01535	0.00741	0.02011	0.01164	0.03070	0.00953	0.01111	0.00741	0.00635	0.00423	0.00212	0.00529	0.00370	0.00423	0.00741
11	0.00995	0.00663	0.00746	0.00746	0.00746	0.00663	0.00415	0.00995	0.00995	0.01327	0.02156	0.04477	0.02487	0.75957	0.03482	0.00663	0.00663	0.00995	0.00415	0.00415
12	0.01615	0.01845	0.04037	0.02884	0.03576	0.01730	0.69204	0.02191	0.01615	0.02191	0.01384	0.01845	0.01038	0.00577	0.00807	0.00231	0.01153	0.00807	0.00346	0.00923
13	0.01372	0.03539	0.72412	0.01950	0.02961	0.01589	0.02528	0.02167	0.01444	0.02167	0.01228	0.01444	0.00867	0.00650	0.00650	0.00217	0.01011	0.00506	0.00289	0.01011
14	0.01587	0.01507	0.02510	0.22636	0.49693	0.01602	0.01985	0.02099	0.05668	0.02144	0.01358	0.01780	0.01099	0.00649	0.00680	0.00212	0.00823	0.00619	0.00351	0.00998

[dist]
# distance from previous block
# <min> <max>
3	4

[block]
# block no. 2 follows, 31 sequences, length 19
# corresponding to MSA columns:
# 159-177
name=unknown_C
#
# <colnr> <probs for GDERKNQSTAVLIFYWHMCP>
#	G	D	E	R	K	N	Q	S	T	A	V	L	I	F	Y	W	H	M	C	P
0	0.02258	0.01748	0.11997	0.01727	0.02335	0.01444	0.15599	0.08080	0.13553	0.30682	0.02151	0.02089	0.01467	0.00774	0.00709	0.00219	0.00768	0.00697	0.00626	0.01078
1	0.01497	0.01497	0.02095	0.01796	0.01796	0.02095	0.01497	0.01646	0.01048	0.01646	0.00898	0.01497	0.00898	0.01197	0.02245	0.00299	0.74704	0.00599	0.00299	0.00748
2	0.00844	0.00604	0.00786	0.00927	0.00972	0.00564	0.00614	0.00957	0.01296	0.01720	0.03775	0.67638	0.06974	0.07526	0.01062	0.00304	0.00414	0.01856	0.00619	0.00546
3	0.01212	0.00850	0.01187	0.25978	0.02179	0.00967	0.00998	0.01527	0.01317	0.02009	0.01830	0.02574	0.01558	0.11276	0.08737	0.00351	0.00730	0.00685	0.33388	0.00647
4	0.02556	0.03261	0.01939	0.01763	0.02115	0.73210	0.01322	0.02732	0.01939	0.01674	0.01058	0.01234	0.00881	0.00705	0.00617	0.00176	0.01234	0.00441	0.00353	0.00793
5	0.01702	0.01470	0.01547	0.01392	0.01779	0.01702	0.01083	0.03635	0.70453	0.02862	0.02785	0.02553	0.02088	0.00928	0.00696	0.00232	0.00541	0.00773	0.00696	0.01083
6	0.01497	0.01497	0.02095	0.01796	0.01796	0.02095	0.01497	0.01646	0.01048	0.01646	0.00898	0.01497	0.00898	0.01197	0.02245	0.00299	0.74704	0.00599	0.00299	0.00748
7	0.00968	0.00699	0.00914	0.00861	0.01022	0.00646	0.00646	0.01291	0.01937	0.02743	0.71328	0.05110	0.06455	0.01399	0.00807	0.00215	0.00323	0.01237	0.00753	0.00646
8	0.00874	0.00666	0.00803	0.00832	0.00980	0.00596	0.00600	0.01085	0.01621	0.02142	0.29276	0.26723	0.27856	0.01735	0.00827	0.00239	0.00353	0.01519	0.00678	0.00596
9	0.00867	0.00695	0.00775	0.00755	0.00960	0.00603	0.00566	0.01096	0.01698	0.02178	0.30661	0.06041	0.47475	0.01610	0.00808	0.00225	0.00338	0.01368	0.00679	0.00603
10	0.01829	0.76368	0.03585	0.01171	0.01756	0.02707	0.01171	0.02049	0.01390	0.01610	0.00951	0.01097	0.00878	0.00585	0.00439	0.00146	0.00732	0.00366	0.00293	0.00878
11	0.01893	0.63527	0.08663	0.01259	0.01864	0.05687	0.01272	0.02157	0.01449	0.05412	0.01070	0.01196	0.00921	0.00610	0.00476	0.00157	0.00768	0.00397	0.00325	0.00900
12	0.05908	0.01527	0.01624	0.04501	0.03794	0.09496	0.01113	0.07287	0.21165	0.28496	0.02305	0.04131	0.01664	0.00863	0.00669	0.00214	0.00661	0.00692	0.02862	0.01029
13	0.80789	0.01323	0.01006	0.00900	0.01323	0.01535	0.00741	0.02011	0.01164	0.03070	0.00953	0.01111	0.00741	0.00635	0.00423	0.00212	0.00529	0.00370	0.00423	0.00741
14	0.02067	0.05270	0.01979	0.02054	0.14161	0.40369	0.01398	0.02437	0.06800	0.01920	0.01656	0.02507	0.01524	0.00901	0.00682	0.00207	0.00987	0.11818	0.00420	0.00841
15	0.00809	0.00693	0.00693	0.00693	0.00924	0.00578	0.00520	0.00982	0.01559	0.01848	0.06931	0.06584	0.71411	0.01733	0.00809	0.00231	0.00347	0.01444	0.00635	0.00578
16	0.01358	0.01306	0.02226	0.54208	0.07199	0.01523	0.09803	0.01922	0.06467	0.01908	0.01597	0.02076	0.04017	0.00730	0.00705	0.00228	0.00885	0.00679	0.00353	0.00810
17	0.02374	0.11178	0.02222	0.01623	0.05725	0.02098	0.01291	0.54268	0.02824	0.03750	0.01777	0.01802	0.04318	0.00822	0.00659	0.00199	0.00735	0.00622	0.00615	0.01097
18	0.01836	0.01547	0.01707	0.01612	0.06622	0.01759	0.01185	0.13366	0.55676	0.03036	0.02511	0.02358	0.01881	0.00890	0.00693	0.00226	0.00592	0.00739	0.00670	0.01095

[dist]
# distance from previous block
# <min> <max>
0	6

[block]
# block no. 3 follows, 31 sequences, length 18
# corresponding to MSA columns:
# 184-201
name=unknown_D
#
# <colnr> <probs for GDERKNQSTAVLIFYWHMCP>
#	G	D	E	R	K	N	Q	S	T	A	V	L	I	F	Y	W	H	M	C	P
0	0.00995	0.00663	0.00746	0.00746	0.00746	0.00663	0.00415	0.00995	0.00995	0.01327	0.02156	0.04477	0.02487	0.75957	0.03482	0.00663	0.00663	0.00995	0.00415	0.00415
1	0.01829	0.76368	0.03585	0.01171	0.01756	0.02707	0.01171	0.02049	0.01390	0.01610	0.00951	0.01097	0.00878	0.00585	0.00439	0.00146	0.00732	0.00366	0.00293	0.00878
2	0.00968	0.00699	0.00914	0.00861	0.01022	0.00646	0.00646	0.01291	0.01937	0.02743	0.71328	0.05110	0.06455	0.01399	0.00807	0.00215	0.00323	0.01237	0.00753	0.00646
3	0.01884	0.70808	0.03460	0.01216	0.01783	0.08069	0.01182	0.02101	0.01432	0.01615	0.00959	0.01108	0.00878	0.00594	0.00453	0.00149	0.00770	0.00372	0.00297	0.00872
4	0.01002	0.00754	0.00933	0.00879	0.01065	0.00713	0.00662	0.01422	0.06815	0.02644	0.58631	0.05104	0.13980	0.01405	0.00799	0.00218	0.00341	0.01229	0.00735	0.00669
5	0.01419	0.01216	0.01419	0.01013	0.01621	0.00912	0.00811	0.01723	0.01419	0.02229	0.01216	0.01419	0.01013	0.00507	0.00507	0.00101	0.00507	0.00405	0.00405	0.80139
6	0.74784	0.07031	0.01202	0.00920	0.01356	0.01624	0.00774	0.02014	0.01181	0.02958	0.00952	0.01110	0.00751	0.00631	0.00425	0.00207	0.00545	0.00370	0.00413	0.00751
7	0.80789	0.01323	0.01006	0.00900	0.01323	0.01535	0.00741	0.02011	0.01164	0.03070	0.00953	0.01111	0.00741	0.00635	0.00423	0.00212	0.00529	0.00370	0.00423	0.00741
8	0.01972	0.01320	0.01904	0.39946	0.03374	0.01480	0.01537	0.14844	0.01869	0.19704	0.01749	0.02122	0.01259	0.00793	0.00694	0.00223	0.00790	0.02967	0.00522	0.00932
9	0.01700	0.01159	0.01361	0.01142	0.01468	0.01192	0.00904	0.22686	0.06081	0.09405	0.39910	0.03650	0.04155	0.01145	0.00752	0.00213	0.00491	0.00971	0.00737	0.00876
10	0.00977	0.00733	0.01100	0.01100	0.01222	0.00855	0.00855	0.01222	0.01100	0.01588	0.01833	0.02688	0.01710	0.05131	0.73245	0.01100	0.01833	0.00733	0.00367	0.00611
11	0.01748	0.01748	0.02663	0.07816	0.61843	0.07982	0.02020	0.02137	0.01581	0.02159	0.01263	0.01660	0.01056	0.00622	0.00672	0.00202	0.00856	0.00594	0.00338	0.01040
12	0.01372	0.03539	0.72412	0.01950	0.02961	0.01589	0.02528	0.02167	0.01444	0.02167	0.01228	0.01444	0.00867	0.00650	0.00650	0.00217	0.01011	0.00506	0.00289	0.01011
13	0.09550	0.01864	0.01960	0.01514	0.02051	0.02069	0.01251	0.63418	0.03034	0.04201	0.01581	0.01595	0.01126	0.00805	0.00661	0.00206	0.00733	0.00594	0.00661	0.01126
14	0.02383	0.01768	0.01888	0.01467	0.01976	0.01934	0.01206	0.61107	0.03016	0.04013	0.02284	0.02242	0.09685	0.00932	0.00699	0.00208	0.00704	0.00716	0.00678	0.01092
15	0.00981	0.00669	0.00761	0.00761	0.00784	0.00667	0.00446	0.01006	0.01041	0.01378	0.02481	0.04533	0.07399	0.66830	0.07025	0.00656	0.00703	0.01013	0.00428	0.00437
16	0.01702	0.01470	0.01547	0.01392	0.01779	0.01702	0.01083	0.03635	0.70453	0.02862	0.02785	0.02553	0.02088	0.00928	0.00696	0.00232	0.00541	0.00773	0.00696	0.01083
17	0.01358	0.06659	0.55754	0.01887	0.06323	0.01520	0.02187	0.02041	0.01513	0.02220	0.10557	0.01929	0.01623	0.00744	0.00662	0.00212	0.00895	0.00602	0.00354	0.00960

[dist]
# distance from previous block
# <min> <max>
0	8

[block]
# block no. 4 follows, 31 sequences, length 71
# corresponding to MSA columns:
# 210-280
name=unknown_E
#
# <colnr> <probs for GDERKNQSTAVLIFYWHMCP>
#	G	D	E	R	K	N	Q	S	T	A	V	L	I	F	Y	W	H	M	C	P
0	0.05166	0.01249	0.03827	0.01147	0.01697	0.01001	0.00962	0.02638	0.01703	0.41905	0.02080	0.02026	0.01433	0.03205	0.00710	0.00190	0.00572	0.00587	0.00653	0.27249
1	0.80789	0.01323	0.01006	0.00900	0.01323	0.01535	0.00741	0.02011	0.01164	0.03070	0.00953	0.01111	0.00741	0.00635	0.00423	0.00212	0.00529	0.00370	0.00423	0.00741
2	0.01852	0.01867	0.06221	0.03282	0.47409	0.09664	0.01846	0.02437	0.10254	0.06211	0.01526	0.01772	0.01210	0.00676	0.00672	0.00205	0.00824	0.00610	0.00411	0.01051
3	0.01785	0.39894	0.17135	0.01809	0.10810	0.10348	0.01596	0.02135	0.01466	0.01810	0.01058	0.01279	0.00903	0.00648	0.00629	0.00179	0.04850	0.00446	0.00305	0.00914
4	0.00840	0.00694	0.00737	0.00726	0.00943	0.00591	0.00545	0.01043	0.01634	0.02025	0.19637	0.06293	0.58594	0.01667	0.00808	0.00228	0.00342	0.01403	0.00659	0.00591
5	0.01215	0.00755	0.00986	0.00897	0.01105	0.00686	0.00684	0.01524	0.01924	0.11065	0.60428	0.04836	0.08542	0.01346	0.00793	0.00215	0.00355	0.01180	0.00760	0.00705
6	0.02637	0.01201	0.01545	0.01212	0.01681	0.01117	0.00990	0.13233	0.02150	0.49756	0.14282	0.02698	0.02426	0.00937	0.00708	0.00211	0.00564	0.00771	0.00806	0.01075
7	0.01139	0.00735	0.00951	0.00885	0.01078	0.00668	0.00668	0.01433	0.01874	0.08916	0.56198	0.08879	0.11117	0.01417	0.00800	0.00220	0.00352	0.01243	0.00746	0.00682
8	0.01787	0.69601	0.09980	0.01243	0.01868	0.02603	0.01297	0.02060	0.01395	0.01661	0.00977	0.01130	0.00877	0.00591	0.00459	0.00153	0.00758	0.00379	0.00292	0.00890
9	0.02550	0.01891	0.02024	0.01564	0.02102	0.02098	0.01288	0.65679	0.07029	0.04229	0.01707	0.01694	0.01216	0.00827	0.00685	0.00207	0.00741	0.00625	0.00685	0.01159
10	0.01476	0.01214	0.01425	0.01020	0.01626	0.00915	0.00817	0.01778	0.01437	0.04653	0.01267	0.01450	0.01037	0.00518	0.00513	0.00105	0.00509	0.00415	0.00421	0.77402
11	0.01025	0.00702	0.00805	0.00774	0.00936	0.00640	0.00550	0.01218	0.01551	0.04806	0.25289	0.05170	0.27261	0.18905	0.01405	0.00321	0.00420	0.01186	0.06448	0.00588
12	0.80789	0.01323	0.01006	0.00900	0.01323	0.01535	0.00741	0.02011	0.01164	0.03070	0.00953	0.01111	0.00741	0.00635	0.00423	0.00212	0.00529	0.00370	0.00423	0.00741
13	0.01253	0.01144	0.01881	0.64465	0.04206	0.01400	0.01721	0.01685	0.01410	0.01838	0.05462	0.02232	0.04144	0.00772	0.00689	0.00225	0.00834	0.00679	0.03220	0.00742
14	0.00841	0.00601	0.00801	0.00947	0.00994	0.00561	0.00636	0.00972	0.01345	0.01803	0.07601	0.71519	0.04634	0.02101	0.00869	0.00274	0.00393	0.01905	0.00642	0.00561
15	0.80789	0.01323	0.01006	0.00900	0.01323	0.01535	0.00741	0.02011	0.01164	0.03070	0.00953	0.01111	0.00741	0.00635	0.00423	0.00212	0.00529	0.00370	0.00423	0.00741
16	0.00866	0.00625	0.00826	0.00944	0.01014	0.00576	0.00641	0.01014	0.01386	0.01876	0.11538	0.65231	0.04649	0.02010	0.00855	0.00266	0.00391	0.01819	0.00642	0.02831
17	0.01863	0.01550	0.01638	0.01425	0.01840	0.01777	0.01122	0.15426	0.58400	0.03122	0.02580	0.02389	0.01923	0.00909	0.00694	0.00227	0.00579	0.00745	0.00694	0.01097
18	0.00962	0.00699	0.00906	0.00855	0.01018	0.00643	0.00641	0.01280	0.01923	0.02711	0.68971	0.05164	0.08832	0.01411	0.00807	0.00216	0.00324	0.01245	0.00749	0.00643
19	0.01275	0.00638	0.00638	0.00638	0.00797	0.00638	0.00478	0.01594	0.01435	0.02551	0.02232	0.02551	0.01754	0.00797	0.00478	0.00159	0.00319	0.00638	0.79755	0.00638
20	0.00977	0.00733	0.01100	0.01100	0.01222	0.00855	0.00855	0.01222	0.01100	0.01588	0.01833	0.02688	0.01710	0.05131	0.73245	0.01100	0.01833	0.00733	0.00367	0.00611
21	0.01829	0.76368	0.03585	0.01171	0.01756	0.02707	0.01171	0.02049	0.01390	0.01610	0.00951	0.01097	0.00878	0.00585	0.00439	0.00146	0.00732	0.00366	0.00293	0.00878
22	0.00834	0.00595	0.00794	0.00953	0.00992	0.00556	0.00635	0.00953	0.01310	0.01746	0.03771	0.75510	0.04525	0.02143	0.00873	0.00278	0.00397	0.01945	0.00635	0.00556
23	0.01292	0.01216	0.02052	0.74312	0.04712	0.01520	0.01900	0.01748	0.01368	0.01748	0.01216	0.01824	0.00912	0.00684	0.00684	0.00228	0.00912	0.00608	0.00304	0.00760
24	0.00995	0.00663	0.00746	0.00746	0.00746	0.00663	0.00415	0.00995	0.00995	0.01327	0.02156	0.04477	0.02487	0.75957	0.03482	0.00663	0.00663	0.00995	0.00415	0.00415
25	0.01419	0.01216	0.01419	0.01013	0.01621	0.00912	0.00811	0.01723	0.01419	0.02229	0.01216	0.01419	0.01013	0.00507	0.00507	0.00101	0.00507	0.00405	0.00405	0.80139
26	0.01422	0.03242	0.61611	0.02299	0.13622	0.01595	0.02461	0.02156	0.01462	0.02177	0.01237	0.01483	0.00900	0.00644	0.00654	0.00215	0.00980	0.00522	0.00297	0.01022
27	0.00855	0.00651	0.00790	0.00871	0.00996	0.00586	0.00623	0.01025	0.01477	0.01905	0.12061	0.40541	0.27613	0.01909	0.00848	0.00257	0.00385	0.05382	0.00647	0.00577
28	0.00977	0.00733	0.01100	0.01100	0.01222	0.00855	0.00855	0.01222	0.01100	0.01588	0.01833	0.02688	0.01710	0.05131	0.73245	0.01100	0.01833	0.00733	0.00367	0.00611
29	0.01563	0.01844	0.06522	0.02743	0.03412	0.01661	0.62908	0.02124	0.01592	0.02166	0.01507	0.05807	0.01220	0.00664	0.00805	0.00233	0.01107	0.00857	0.00359	0.00906
30	0.01466	0.01575	0.03305	0.06556	0.03144	0.01499	0.52412	0.01957	0.01548	0.02113	0.01766	0.12940	0.01583	0.00827	0.00797	0.00235	0.00994	0.00960	0.03476	0.00847
31	0.00834	0.00595	0.00794	0.00953	0.00992	0.00556	0.00635	0.00953	0.01310	0.01746	0.03771	0.75510	0.04525	0.02143	0.00873	0.00278	0.00397	0.01945	0.00635	0.00556
32	0.01292	0.01216	0.02052	0.74312	0.04712	0.01520	0.01900	0.01748	0.01368	0.01748	0.01216	0.01824	0.00912	0.00684	0.00684	0.00228	0.00912	0.00608	0.00304	0.00760
33	0.00995	0.00663	0.00746	0.00746	0.00746	0.00663	0.00415	0.00995	0.00995	0.01327	0.02156	0.04477	0.02487	0.75957	0.03482	0.00663	0.00663	0.00995	0.00415	0.00415
34	0.01793	0.13586	0.07286	0.02188	0.02739	0.16706	0.33520	0.02198	0.01587	0.01939	0.01291	0.04178	0.01085	0.00709	0.00807	0.00212	0.06295	0.00672	0.00343	0.00869
35	0.06013	0.01534	0.02295	0.01950	0.04013	0.02005	0.09906	0.01748	0.01140	0.01812	0.00973	0.01524	0.00912	0.01071	0.01917	0.00283	0.59199	0.00612	0.00313	0.00779
36	0.14728	0.24273	0.23059	0.01770	0.10386	0.08352	0.01617	0.02195	0.01461	0.04837	0.01150	0.01333	0.00909	0.00636	0.00552	0.00190	0.00830	0.00456	0.00345	0.00923
37	0.03070	0.01164	0.01588	0.01217	0.01746	0.01006	0.01006	0.03334	0.01958	0.72163	0.02699	0.02329	0.01694	0.00847	0.00688	0.00212	0.00582	0.00688	0.00847	0.01164
38	0.01619	0.01834	0.03969	0.02955	0.07253	0.01724	0.65581	0.02187	0.01612	0.02194	0.01379	0.01837	0.01041	0.00578	0.00800	0.00229	0.01135	0.00797	0.00346	0.00931
39	0.00949	0.00699	0.00888	0.00840	0.01010	0.00637	0.00630	0.01254	0.01891	0.02635	0.63518	0.05289	0.14333	0.01439	0.00807	0.00217	0.00326	0.01262	0.00739	0.00637
40	0.00839	0.00610	0.00794	0.00938	0.00999	0.00565	0.00638	0.00969	0.01341	0.01765	0.04062	0.67029	0.10758	0.02097	0.00869	0.00275	0.00399	0.03858	0.00635	0.00560
41	0.00834	0.00595	0.00794	0.00953	0.00992	0.00556	0.00635	0.00953	0.01310	0.01746	0.03771	0.75510	0.04525	0.02143	0.00873	0.00278	0.00397	0.01945	0.00635	0.00556
42	0.00968	0.00699	0.00914	0.00861	0.01022	0.00646	0.00646	0.01291	0.01937	0.02743	0.71328	0.05110	0.06455	0.01399	0.00807	0.00215	0.00323	0.01237	0.00753	0.00646
43	0.01419	0.01216	0.01419	0.01013	0.01621	0.00912	0.00811	0.01723	0.01419	0.02229	0.01216	0.01419	0.01013	0.00507	0.00507	0.00101	0.00507	0.00405	0.00405	0.80139
44	0.02840	0.01533	0.01816	0.01392	0.01930	0.01553	0.01150	0.35730	0.02575	0.38895	0.02181	0.01992	0.01434	0.00834	0.00686	0.00209	0.00666	0.00653	0.00767	0.01164
45	0.03070	0.01164	0.01588	0.01217	0.01746	0.01006	0.01006	0.03334	0.01958	0.72163	0.02699	0.02329	0.01694	0.00847	0.00688	0.00212	0.00582	0.00688	0.00847	0.01164
46	0.00995	0.00663	0.00746	0.00746	0.00746	0.00663	0.00415	0.00995	0.00995	0.01327	0.02156	0.04477	0.02487	0.75957	0.03482	0.00663	0.00663	0.00995	0.00415	0.00415
47	0.01702	0.01470	0.01547	0.01392	0.01779	0.01702	0.01083	0.03635	0.70453	0.02862	0.02785	0.02553	0.02088	0.00928	0.00696	0.00232	0.00541	0.00773	0.00696	0.01083
48	0.01648	0.01519	0.02301	0.03163	0.46656	0.01567	0.01714	0.02447	0.19710	0.02409	0.03782	0.02180	0.01583	0.00749	0.00687	0.00211	0.00711	0.02555	0.00456	0.03951
49	0.01053	0.00870	0.04774	0.00913	0.01143	0.00702	0.00746	0.01381	0.01865	0.05319	0.57016	0.04983	0.13878	0.01377	0.00794	0.00217	0.00373	0.01201	0.00717	0.00677
50	0.01702	0.01470	0.01547	0.01392	0.01779	0.01702	0.01083	0.03635	0.70453	0.02862	0.02785	0.02553	0.02088	0.00928	0.00696	0.00232	0.00541	0.00773	0.00696	0.01083
51	0.80789	0.01323	0.01006	0.00900	0.01323	0.01535	0.00741	0.02011	0.01164	0.03070	0.00953	0.01111	0.00741	0.00635	0.00423	0.00212	0.00529	0.00370	0.00423	0.00741
52	0.01586	0.02395	0.29233	0.02425	0.05248	0.01599	0.36466	0.02208	0.01560	0.06129	0.01467	0.03864	0.01114	0.00666	0.00740	0.00225	0.01036	0.00715	0.00361	0.00964
53	0.03070	0.01164	0.01588	0.01217	0.01746	0.01006	0.01006	0.03334	0.01958	0.72163	0.02699	0.02329	0.01694	0.00847	0.00688	0.00212	0.00582	0.00688	0.00847	0.01164
54	0.01497	0.01497	0.02095	0.01796	0.01796	0.02095	0.01497	0.01646	0.01048	0.01646	0.00898	0.01497	0.00898	0.01197	0.02245	0.00299	0.74704	0.00599	0.00299	0.00748
55	0.01188	0.00594	0.00891	0.00891	0.00891	0.00594	0.00594	0.00891	0.00891	0.01188	0.01188	0.02080	0.01188	0.02377	0.02674	0.80095	0.00594	0.00594	0.00297	0.00297
56	0.01372	0.03539	0.72412	0.01950	0.02961	0.01589	0.02528	0.02167	0.01444	0.02167	0.01228	0.01444	0.00867	0.00650	0.00650	0.00217	0.01011	0.00506	0.00289	0.01011
57	0.00816	0.00690	0.00706	0.00709	0.00931	0.00580	0.00529	0.00993	0.01566	0.01881	0.09455	0.08978	0.66370	0.01734	0.00811	0.00232	0.00347	0.01453	0.00640	0.00580
58	0.00834	0.00595	0.00794	0.00953	0.00992	0.00556	0.00635	0.00953	0.01310	0.01746	0.03771	0.75510	0.04525	0.02143	0.00873	0.00278	0.00397	0.01945	0.00635	0.00556
59	0.00834	0.00595	0.00794	0.00953	0.00992	0.00556	0.00635	0.00953	0.01310	0.01746	0.03771	0.75510	0.04525	0.02143	0.00873	0.00278	0.00397	0.01945	0.00635	0.00556
60	0.01292	0.01216	0.02052	0.74312	0.04712	0.01520	0.01900	0.01748	0.01368	0.01748	0.01216	0.01824	0.00912	0.00684	0.00684	0.00228	0.00912	0.00608	0.00304	0.00760
61	0.03044	0.01205	0.01613	0.01236	0.01767	0.01066	0.01021	0.06902	0.02026	0.68499	0.02642	0.02292	0.01665	0.00845	0.00688	0.00211	0.00591	0.00684	0.00838	0.01164
62	0.01292	0.01216	0.02052	0.74312	0.04712	0.01520	0.01900	0.01748	0.01368	0.01748	0.01216	0.01824	0.00912	0.00684	0.00684	0.00228	0.00912	0.00608	0.00304	0.00760
63	0.03070	0.01164	0.01588	0.01217	0.01746	0.01006	0.01006	0.03334	0.01958	0.72163	0.02699	0.02329	0.01694	0.00847	0.00688	0.00212	0.00582	0.00688	0.00847	0.01164
64	0.00809	0.00693	0.00693	0.00693	0.00924	0.00578	0.00520	0.00982	0.01559	0.01848	0.06931	0.06584	0.71411	0.01733	0.00809	0.00231	0.00347	0.01444	0.00635	0.00578
65	0.01372	0.03539	0.72412	0.01950	0.02961	0.01589	0.02528	0.02167	0.01444	0.02167	0.01228	0.01444	0.00867	0.00650	0.00650	0.00217	0.01011	0.00506	0.00289	0.01011
66	0.01804	0.01685	0.01594	0.01437	0.01819	0.10295	0.01112	0.03527	0.62220	0.02719	0.02577	0.02394	0.01943	0.00901	0.00687	0.00225	0.00625	0.00733	0.00655	0.01048
67	0.01615	0.01845	0.04037	0.02884	0.03576	0.01730	0.69204	0.02191	0.01615	0.02191	0.01384	0.01845	0.01038	0.00577	0.00807	0.00231	0.01153	0.00807	0.00346	0.00923
68	0.01327	0.00688	0.00693	0.00674	0.00849	0.00696	0.00510	0.04247	0.01504	0.02620	0.02209	0.02515	0.01730	0.00798	0.00486	0.00161	0.00336	0.00637	0.76661	0.00658
69	0.00977	0.00733	0.01100	0.01100	0.01222	0.00855	0.00855	0.01222	0.01100	0.01588	0.01833	0.02688	0.01710	0.05131	0.73245	0.01100	0.01833	0.00733	0.00367	0.00611
70	0.00968	0.00699	0.00914	0.00861	0.01022	0.00646	0.00646	0.01291	0.01937	0.02743	0.71328	0.05110	0.06455	0.01399	0.00807	0.00215	0.00323	0.01237	0.00753	0.00646

[dist]
# distance from previous block
# <min> <max>
0	7

[block]
# block no. 5 follows, 31 sequences, length 68
# corresponding to MSA columns:
# 288-355
name=unknown_F
#
# <colnr> <probs for GDERKNQSTAVLIFYWHMCP>
#	G	D	E	R	K	N	Q	S	T	A	V	L	I	F	Y	W	H	M	C	P
0	0.00817	0.00693	0.00705	0.00702	0.00929	0.00581	0.00526	0.00998	0.01579	0.01895	0.10323	0.06506	0.67989	0.01715	0.00808	0.00230	0.00345	0.01433	0.00642	0.00581
1	0.03070	0.01164	0.01588	0.01217	0.01746	0.01006	0.01006	0.03334	0.01958	0.72163	0.02699	0.02329	0.01694	0.00847	0.00688	0.00212	0.00582	0.00688	0.00847	0.01164
2	0.03023	0.01238	0.01633	0.01252	0.01783	0.01115	0.01035	0.09833	0.02082	0.65488	0.02595	0.02261	0.01641	0.00844	0.00688	0.00211	0.00599	0.00681	0.00831	0.01164
3	0.02981	0.01207	0.01602	0.01239	0.01761	0.01081	0.01020	0.05657	0.05611	0.66142	0.02667	0.02316	0.01696	0.00850	0.00688	0.00213	0.00586	0.00690	0.00833	0.01160
4	0.01615	0.01845	0.04037	0.02884	0.03576	0.01730	0.69204	0.02191	0.01615	0.02191	0.01384	0.01845	0.01038	0.00577	0.00807	0.00231	0.01153	0.00807	0.00346	0.00923
5	0.08652	0.01196	0.01543	0.01205	0.01718	0.01089	0.00991	0.03257	0.06304	0.62666	0.02577	0.02254	0.01649	0.00837	0.00669	0.00213	0.00576	0.00670	0.00806	0.01128
6	0.80789	0.01323	0.01006	0.00900	0.01323	0.01535	0.00741	0.02011	0.01164	0.03070	0.00953	0.01111	0.00741	0.00635	0.00423	0.00212	0.00529	0.00370	0.00423	0.00741
7	0.01654	0.01613	0.02639	0.03655	0.56006	0.03893	0.06799	0.02102	0.03818	0.02210	0.01657	0.02207	0.03734	0.00728	0.00704	0.00212	0.00816	0.04155	0.00377	0.01021
8	0.01638	0.01572	0.02060	0.01763	0.01810	0.05783	0.01461	0.01796	0.01144	0.05487	0.01005	0.01528	0.00940	0.01152	0.02075	0.00288	0.66798	0.00595	0.00332	0.00773
9	0.07592	0.02954	0.01894	0.01681	0.02065	0.58962	0.01282	0.11727	0.02062	0.02122	0.01130	0.01281	0.00910	0.00716	0.00614	0.00182	0.01123	0.00460	0.00402	0.00840
10	0.01650	0.35127	0.37010	0.01666	0.04975	0.02055	0.01860	0.02158	0.01445	0.04666	0.01167	0.01337	0.00912	0.00628	0.00561	0.00185	0.00865	0.00456	0.00314	0.00962
11	0.01667	0.01587	0.02669	0.03992	0.66843	0.01595	0.02015	0.02122	0.04144	0.02243	0.01421	0.04037	0.01229	0.00670	0.00684	0.00207	0.00790	0.00658	0.00361	0.01067
12	0.01292	0.01216	0.02052	0.74312	0.04712	0.01520	0.01900	0.01748	0.01368	0.01748	0.01216	0.01824	0.00912	0.00684	0.00684	0.00228	0.00912	0.00608	0.00304	0.00760
13	0.01372	0.03539	0.72412	0.01950	0.02961	0.01589	0.02528	0.02167	0.01444	0.02167	0.01228	0.01444	0.00867	0.00650	0.00650	0.00217	0.01011	0.00506	0.00289	0.01011
14	0.02601	0.01916	0.02053	0.01574	0.02122	0.02122	0.01300	0.69408	0.03217	0.04312	0.01643	0.01643	0.01163	0.00821	0.00684	0.00205	0.00753	0.00616	0.00684	0.01163
15	0.01029	0.00802	0.01170	0.01141	0.01242	0.00962	0.00885	0.01246	0.01087	0.01574	0.01765	0.02704	0.01689	0.09990	0.61158	0.00989	0.08852	0.00739	0.00364	0.00610
16	0.80789	0.01323	0.01006	0.00900	0.01323	0.01535	0.00741	0.02011	0.01164	0.03070	0.00953	0.01111	0.00741	0.00635	0.00423	0.00212	0.00529	0.00370	0.00423	0.00741
17	0.01776	0.62698	0.14563	0.01312	0.01959	0.04462	0.01392	0.02086	0.01414	0.01701	0.00998	0.01157	0.00876	0.00599	0.00478	0.00158	0.00790	0.00390	0.00294	0.00897
18	0.01944	0.01590	0.01684	0.01441	0.01871	0.01815	0.01142	0.21378	0.52315	0.03253	0.02476	0.02307	0.01839	0.00899	0.00693	0.00225	0.00598	0.00731	0.00693	0.01105
19	0.00837	0.00604	0.00793	0.00936	0.00990	0.00560	0.00629	0.00967	0.01346	0.01789	0.06459	0.69251	0.08121	0.02094	0.00867	0.00273	0.00391	0.01892	0.00639	0.00560
20	0.00815	0.00693	0.00702	0.00700	0.00928	0.00580	0.00525	0.00994	0.01574	0.01883	0.09451	0.06526	0.68869	0.01720	0.00809	0.00230	0.00346	0.01436	0.00640	0.00580
21	0.00809	0.00693	0.00693	0.00693	0.00924	0.00578	0.00520	0.00982	0.01559	0.01848	0.06931	0.06584	0.71411	0.01733	0.00809	0.00231	0.00347	0.01444	0.00635	0.00578
22	0.01829	0.76368	0.03585	0.01171	0.01756	0.02707	0.01171	0.02049	0.01390	0.01610	0.00951	0.01097	0.00878	0.00585	0.00439	0.00146	0.00732	0.00366	0.00293	0.00878
23	0.01419	0.01216	0.01419	0.01013	0.01621	0.00912	0.00811	0.01723	0.01419	0.02229	0.01216	0.01419	0.01013	0.00507	0.00507	0.00101	0.00507	0.00405	0.00405	0.80139
24	0.01188	0.00594	0.00891	0.00891	0.00891	0.00594	0.00594	0.00891	0.00891	0.01188	0.01188	0.02080	0.01188	0.02377	0.02674	0.80095	0.00594	0.00594	0.00297	0.00297
25	0.80789	0.01323	0.01006	0.00900	0.01323	0.01535	0.00741	0.02011	0.01164	0.03070	0.00953	0.01111	0.00741	0.00635	0.00423	0.00212	0.00529	0.00370	0.00423	0.00741
26	0.01799	0.01537	0.01752	0.01754	0.10334	0.01738	0.01230	0.10613	0.54734	0.02943	0.02478	0.02349	0.01865	0.00878	0.00693	0.00226	0.00598	0.00736	0.00651	0.01092
27	0.00896	0.00696	0.00814	0.00785	0.00978	0.00615	0.00589	0.01151	0.01766	0.02338	0.42136	0.05778	0.35900	0.01550	0.00808	0.00222	0.00334	0.01331	0.00700	0.00615
28	0.00943	0.00698	0.00880	0.00835	0.01007	0.00635	0.00626	0.01243	0.01878	0.02604	0.61314	0.05340	0.16556	0.01451	0.00807	0.00218	0.00326	0.01269	0.00735	0.00635
29	0.78244	0.01342	0.01040	0.00922	0.01349	0.01554	0.00759	0.04205	0.01231	0.03110	0.00975	0.01129	0.00755	0.00641	0.00432	0.00211	0.00537	0.00378	0.00432	0.00755
30	0.01292	0.01216	0.02052	0.74312	0.04712	0.01520	0.01900	0.01748	0.01368	0.01748	0.01216	0.01824	0.00912	0.00684	0.00684	0.00228	0.00912	0.00608	0.00304	0.00760
31	0.00834	0.00595	0.00794	0.00953	0.00992	0.00556	0.00635	0.00953	0.01310	0.01746	0.03771	0.75510	0.04525	0.02143	0.00873	0.00278	0.00397	0.01945	0.00635	0.00556
32	0.01687	0.01375	0.01563	0.01141	0.01735	0.01187	0.00922	0.17114	0.01828	0.02703	0.01313	0.01470	0.01047	0.00578	0.00547	0.00125	0.00563	0.00453	0.00469	0.62180
33	0.01829	0.76368	0.03585	0.01171	0.01756	0.02707	0.01171	0.02049	0.01390	0.01610	0.00951	0.01097	0.00878	0.00585	0.00439	0.00146	0.00732	0.00366	0.00293	0.00878
34	0.01335	0.01255	0.02089	0.66725	0.09585	0.01534	0.01888	0.01836	0.03642	0.01821	0.01273	0.01838	0.00963	0.00686	0.00684	0.00226	0.00893	0.00614	0.00319	0.00795
35	0.01162	0.00864	0.01055	0.01035	0.01185	0.00886	0.00753	0.10189	0.03920	0.02331	0.19494	0.36626	0.06607	0.06597	0.01049	0.00276	0.03220	0.01431	0.00645	0.00673
36	0.02617	0.01890	0.02037	0.01562	0.02108	0.02082	0.01290	0.67080	0.03172	0.06701	0.01680	0.01667	0.01182	0.00822	0.00685	0.00206	0.00747	0.00618	0.00690	0.01163
37	0.01702	0.01470	0.01547	0.01392	0.01779	0.01702	0.01083	0.03635	0.70453	0.02862	0.02785	0.02553	0.02088	0.00928	0.00696	0.00232	0.00541	0.00773	0.00696	0.01083
