[name]
unknown

[dist]
# distance from previous block
# <min> <max>
0	107

[block]
# block no. 0 follows, 29 sequences, length 75
# corresponding to MSA columns:
# 119-193
name=unknown_A
#
# <colnr> <probs for GDERKNQSTAVLIFYWHMCP>
#	G	D	E	R	K	N	Q	S	T	A	V	L	I	F	Y	W	H	M	C	P
0	0.01147	0.00820	0.01147	0.01311	0.01475	0.00820	0.01147	0.01475	0.01639	0.02131	0.03770	0.08032	0.04098	0.01967	0.00984	0.00328	0.00656	0.65741	0.00656	0.00656
1	0.80005	0.01377	0.01047	0.00936	0.01377	0.01597	0.00771	0.02093	0.01212	0.03195	0.00991	0.01157	0.00771	0.00661	0.00441	0.00220	0.00551	0.00386	0.00441	0.00771
2	0.02620	0.01816	0.01984	0.01540	0.02067	0.01979	0.01257	0.54928	0.05552	0.11139	0.01901	0.01999	0.01389	0.05390	0.00891	0.00245	0.00751	0.00679	0.00713	0.01160
3	0.01345	0.01266	0.02136	0.73264	0.04904	0.01582	0.01978	0.01819	0.01424	0.01819	0.01266	0.01898	0.00949	0.00712	0.00712	0.00237	0.00949	0.00633	0.00316	0.00791
4	0.01147	0.00820	0.01147	0.01311	0.01475	0.00820	0.01147	0.01475	0.01639	0.02131	0.03770	0.08032	0.04098	0.01967	0.00984	0.00328	0.00656	0.65741	0.00656	0.00656
5	0.02788	0.01122	0.01522	0.01198	0.01677	0.00977	0.00977	0.03074	0.02034	0.58331	0.15352	0.02963	0.02686	0.00988	0.00739	0.00221	0.00556	0.00823	0.00863	0.01111
6	0.02305	0.15217	0.02360	0.01809	0.04990	0.43772	0.03626	0.04441	0.05722	0.01968	0.04223	0.01576	0.01264	0.00767	0.00687	0.00191	0.03271	0.00532	0.00402	0.00878
7	0.02664	0.03258	0.02029	0.01815	0.02202	0.65351	0.01374	0.09165	0.02147	0.02008	0.01160	0.01325	0.00946	0.00745	0.00649	0.00186	0.01236	0.00476	0.00400	0.00863
8	0.00868	0.00620	0.00826	0.00991	0.01033	0.00578	0.00661	0.00991	0.01363	0.01818	0.03925	0.74510	0.04710	0.02231	0.00909	0.00289	0.00413	0.02024	0.00661	0.00578
9	0.00881	0.00713	0.00784	0.00799	0.01001	0.00616	0.00594	0.01084	0.01656	0.02070	0.17085	0.14882	0.49956	0.01803	0.00853	0.00246	0.00371	0.03312	0.00681	0.00612
10	0.01722	0.01640	0.02789	0.06535	0.65336	0.01650	0.02133	0.02142	0.01616	0.02301	0.01443	0.02040	0.01251	0.00695	0.00717	0.00217	0.00841	0.03470	0.00364	0.01096
11	0.03081	0.06194	0.01818	0.01285	0.01841	0.01230	0.01075	0.07057	0.02073	0.62630	0.02626	0.02298	0.01675	0.00862	0.00699	0.00215	0.00626	0.00689	0.00833	0.01192
12	0.80005	0.01377	0.01047	0.00936	0.01377	0.01597	0.00771	0.02093	0.01212	0.03195	0.00991	0.01157	0.00771	0.00661	0.00441	0.00220	0.00551	0.00386	0.00441	0.00771
13	0.01047	0.00785	0.01114	0.01100	0.01193	0.00908	0.00823	0.01242	0.01118	0.01597	0.01934	0.03139	0.01914	0.20097	0.54153	0.01008	0.05026	0.00815	0.00389	0.00599
14	0.01968	0.08398	0.09324	0.08827	0.30827	0.14231	0.04120	0.09642	0.01843	0.02359	0.01301	0.01612	0.01044	0.00684	0.00676	0.00206	0.00950	0.00579	0.00383	0.01025
15	0.00997	0.00723	0.00945	0.00942	0.01097	0.00672	0.00713	0.01298	0.01877	0.02607	0.52078	0.14332	0.09190	0.01622	0.00863	0.00244	0.00380	0.08014	0.00750	0.00655
16	0.02409	0.01291	0.01569	0.01295	0.01746	0.01292	0.01038	0.06952	0.23604	0.36036	0.12108	0.02859	0.02550	0.00987	0.00736	0.00227	0.00565	0.00819	0.00808	0.01110
17	0.01008	0.00728	0.00952	0.00896	0.01064	0.00672	0.00672	0.01344	0.02016	0.02855	0.70158	0.05319	0.06719	0.01456	0.00840	0.00224	0.00336	0.01288	0.00784	0.00672
18	0.01558	0.01558	0.02181	0.01869	0.01869	0.02181	0.01558	0.01714	0.01091	0.01714	0.00935	0.01558	0.00935	0.01246	0.02337	0.00312	0.73672	0.00623	0.00312	0.00779
19	0.01904	0.75404	0.03731	0.01218	0.01828	0.02818	0.01218	0.02132	0.01447	0.01675	0.00990	0.01142	0.00914	0.00609	0.00457	0.00152	0.00761	0.00381	0.00305	0.00914
20	0.00923	0.00751	0.00866	0.00921	0.03150	0.00660	0.00661	0.01147	0.01687	0.02131	0.19501	0.11059	0.46895	0.01735	0.00850	0.00244	0.00391	0.05118	0.00677	0.00633
21	0.02624	0.06785	0.02099	0.01805	0.02184	0.68852	0.01368	0.02810	0.01991	0.01740	0.01095	0.01277	0.00917	0.00728	0.00633	0.00182	0.01259	0.00455	0.00364	0.00830
22	0.09279	0.01226	0.01629	0.15220	0.02191	0.01433	0.04068	0.08294	0.01542	0.02432	0.01632	0.04797	0.01377	0.01187	0.05460	0.00284	0.13998	0.00679	0.19569	0.03702
23	0.02214	0.31770	0.05659	0.01538	0.02027	0.34773	0.01327	0.04992	0.01821	0.01908	0.05013	0.01483	0.01256	0.00728	0.00584	0.00176	0.00993	0.00485	0.00376	0.00877
24	0.01655	0.00925	0.01194	0.01041	0.01331	0.00865	0.00810	0.02117	0.07720	0.21010	0.46532	0.04323	0.05014	0.01261	0.00797	0.00224	0.00427	0.01095	0.00805	0.00854
25	0.01192	0.00803	0.01085	0.01194	0.01372	0.00774	0.01002	0.01476	0.01638	0.06011	0.06439	0.16081	0.10708	0.01905	0.00939	0.00304	0.00581	0.45146	0.00674	0.00672
26	0.01728	0.04374	0.07206	0.07011	0.58599	0.01727	0.02134	0.02227	0.03931	0.02299	0.01374	0.01761	0.01134	0.00651	0.00695	0.00212	0.00851	0.00624	0.00359	0.01101
27	0.01304	0.01115	0.01589	0.04224	0.11206	0.03702	0.05045	0.01686	0.03698	0.02130	0.03342	0.10906	0.07896	0.01594	0.00892	0.00287	0.00706	0.37346	0.00578	0.00754
28	0.01034	0.00698	0.00814	0.00814	0.00827	0.00711	0.00479	0.01060	0.01047	0.01409	0.02209	0.04468	0.02506	0.67821	0.10665	0.00737	0.00815	0.01008	0.00426	0.00452
29	0.02473	0.01718	0.01891	0.01506	0.02014	0.01872	0.01225	0.41844	0.17355	0.12905	0.06003	0.02214	0.01805	0.00917	0.00723	0.00221	0.00687	0.00723	0.00741	0.01162
30	0.05167	0.44819	0.15930	0.01624	0.04160	0.02302	0.08067	0.02258	0.01515	0.06539	0.01218	0.01389	0.00985	0.00642	0.00559	0.00184	0.00842	0.00483	0.00355	0.00964
31	0.01335	0.01142	0.01834	0.14666	0.18378	0.01188	0.04394	0.01704	0.01573	0.02090	0.02710	0.05034	0.04891	0.04445	0.00971	0.00293	0.00767	0.31289	0.00503	0.00792
32	0.80005	0.01377	0.01047	0.00936	0.01377	0.01597	0.00771	0.02093	0.01212	0.03195	0.00991	0.01157	0.00771	0.00661	0.00441	0.00220	0.00551	0.00386	0.00441	0.00771
33	0.01096	0.00755	0.00933	0.00872	0.01082	0.00676	0.00660	0.01387	0.01913	0.06716	0.49418	0.05551	0.23256	0.01513	0.00833	0.00228	0.00359	0.01310	0.00757	0.00686
34	0.01886	0.01409	0.03400	0.01302	0.01734	0.01347	0.01046	0.27328	0.02206	0.07914	0.02366	0.24112	0.02286	0.01207	0.00734	0.00215	0.00611	0.01024	0.00637	0.17235
35	0.01920	0.01386	0.01549	0.01368	0.01765	0.01524	0.01080	0.05540	0.47051	0.13483	0.09326	0.03097	0.02604	0.01043	0.00746	0.00240	0.00560	0.03891	0.00751	0.01077
36	0.01640	0.01965	0.14419	0.14715	0.48814	0.01668	0.02229	0.02140	0.01570	0.02235	0.01317	0.01739	0.01062	0.00654	0.00701	0.00218	0.00897	0.00616	0.00338	0.01063
37	0.04682	0.15335	0.38222	0.04094	0.12359	0.04930	0.06435	0.02234	0.01531	0.02171	0.01229	0.01493	0.00944	0.00657	0.00644	0.00210	0.00971	0.00531	0.00321	0.01006
38	0.02042	0.01664	0.01763	0.01504	0.01955	0.01898	0.01193	0.22443	0.50146	0.03416	0.02554	0.02382	0.01895	0.00934	0.00721	0.00233	0.00627	0.00758	0.00721	0.01151
39	0.01477	0.01266	0.01477	0.01055	0.01687	0.00949	0.00844	0.01793	0.01477	0.02320	0.01266	0.01477	0.01055	0.00527	0.00527	0.00105	0.00527	0.00422	0.00422	0.79328
40	0.01059	0.00748	0.00957	0.01000	0.01076	0.00772	0.00698	0.03627	0.01294	0.01748	0.02758	0.23651	0.03087	0.29972	0.17534	0.00627	0.00881	0.07428	0.00516	0.00567
41	0.01500	0.03240	0.55691	0.02485	0.14605	0.01669	0.06399	0.02245	0.01534	0.02269	0.01298	0.01572	0.00951	0.00665	0.00691	0.00224	0.01026	0.00563	0.00313	0.01060
42	0.00991	0.00727	0.00929	0.00878	0.01054	0.00665	0.00659	0.01311	0.01976	0.02762	0.63839	0.05473	0.13096	0.01491	0.00840	0.00226	0.00338	0.01309	0.00772	0.00665
43	0.03094	0.01301	0.01699	0.01310	0.01858	0.01188	0.01080	0.09872	0.04662	0.61927	0.02704	0.02362	0.01723	0.00882	0.00716	0.00220	0.00622	0.00712	0.00859	0.01209
44	0.01468	0.03408	0.60825	0.02181	0.03182	0.01677	0.12816	0.02259	0.01531	0.02259	0.01303	0.01568	0.00930	0.00665	0.00702	0.00228	0.01075	0.00575	0.00310	0.01038
45	0.02523	0.12934	0.04866	0.01309	0.01846	0.01486	0.01138	0.03182	0.16279	0.40073	0.02651	0.02407	0.04347	0.00884	0.00681	0.00215	0.00630	0.00705	0.00725	0.01117
46	0.02658	0.01947	0.02085	0.01604	0.02159	0.02153	0.01323	0.65793	0.03282	0.04422	0.01731	0.01743	0.01233	0.00854	0.00705	0.00212	0.00767	0.00642	0.03495	0.01191
47	0.01859	0.59647	0.11618	0.01453	0.02113	0.04990	0.05826	0.02181	0.01489	0.01786	0.01057	0.01241	0.00924	0.00621	0.00514	0.00168	0.00843	0.00431	0.00310	0.00930
48	0.01092	0.00748	0.00967	0.00900	0.01090	0.00683	0.00679	0.01415	0.01990	0.05760	0.62983	0.05296	0.10786	0.01454	0.00835	0.00225	0.00349	0.01277	0.00780	0.00691
49	0.00993	0.00727	0.00931	0.00880	0.01055	0.00666	0.00660	0.01315	0.01981	0.02772	0.64540	0.05456	0.12388	0.01487	0.00840	0.00225	0.00338	0.01307	0.00773	0.00666
50	0.00849	0.00722	0.00731	0.00729	0.00966	0.00604	0.00547	0.01035	0.01640	0.01963	0.09866	0.06788	0.67567	0.01789	0.00842	0.00240	0.00360	0.01494	0.00666	0.00604
51	0.01771	0.01530	0.01610	0.01449	0.01852	0.01771	0.01127	0.03784	0.69247	0.02979	0.02898	0.02657	0.02174	0.00966	0.00725	0.00242	0.00564	0.00805	0.00725	0.01127
52	0.01147	0.00820	0.01147	0.01311	0.01475	0.00820	0.01147	0.01475	0.01639	0.02131	0.03770	0.08032	0.04098	0.01967	0.00984	0.00328	0.00656	0.65741	0.00656	0.00656
53	0.00868	0.00620	0.00826	0.00991	0.01033	0.00578	0.00661	0.00991	0.01363	0.01818	0.03925	0.74510	0.04710	0.02231	0.00909	0.00289	0.00413	0.02024	0.00661	0.00578
54	0.01477	0.01266	0.01477	0.01055	0.01687	0.00949	0.00844	0.01793	0.01477	0.02320	0.01266	0.01477	0.01055	0.00527	0.00527	0.00105	0.00527	0.00422	0.00422	0.79328
55	0.02611	0.01947	0.02083	0.01619	0.02172	0.02164	0.01330	0.61595	0.10068	0.04334	0.01831	0.01806	0.01309	0.00866	0.00714	0.00217	0.00761	0.00658	0.00714	0.01202
56	0.02535	0.01896	0.02044	0.01566	0.02137	0.02050	0.01288	0.58406	0.05395	0.04189	0.01700	0.01716	0.01226	0.00821	0.00692	0.00202	0.00747	0.00622	0.00680	0.10090
57	0.02656	0.02045	0.02013	0.01692	0.04643	0.13856	0.01315	0.37528	0.09146	0.15003	0.01891	0.01850	0.01343	0.00841	0.00702	0.00212	0.00820	0.00638	0.00670	0.01134
58	0.01592	0.01615	0.02176	0.01868	0.01880	0.04369	0.01552	0.01749	0.01120	0.01715	0.00940	0.01549	0.00934	0.01230	0.02284	0.00308	0.71408	0.00618	0.00313	0.00780
59	0.01008	0.00728	0.00952	0.00896	0.01064	0.00672	0.00672	0.01344	0.02016	0.02855	0.70158	0.05319	0.06719	0.01456	0.00840	0.00224	0.00336	0.01288	0.00784	0.00672
60	0.00967	0.00701	0.00924	0.01050	0.01149	0.00677	0.00786	0.01154	0.01431	0.01877	0.03961	0.39316	0.10677	0.07570	0.05426	0.00376	0.00588	0.20148	0.00626	0.00596
61	0.01900	0.67933	0.08168	0.01295	0.01925	0.05331	0.01318	0.02167	0.01472	0.01716	0.01013	0.01172	0.00913	0.00618	0.00478	0.00158	0.00800	0.00393	0.00307	0.00920
62	0.01008	0.00728	0.00952	0.00896	0.01064	0.00672	0.00672	0.01344	0.02016	0.02855	0.70158	0.05319	0.06719	0.01456	0.00840	0.00224	0.00336	0.01288	0.00784	0.00672
63	0.01018	0.00761	0.01133	0.01133	0.01257	0.00884	0.00876	0.01264	0.01141	0.01645	0.01917	0.02854	0.01805	0.07451	0.70077	0.01131	0.01870	0.00771	0.00383	0.00630
64	0.01853	0.01858	0.04225	0.01523	0.01924	0.13279	0.01226	0.03381	0.50047	0.02678	0.02614	0.02834	0.02079	0.01000	0.00731	0.00239	0.00708	0.06124	0.00644	0.01036
65	0.80005	0.01377	0.01047	0.00936	0.01377	0.01597	0.00771	0.02093	0.01212	0.03195	0.00991	0.01157	0.00771	0.00661	0.00441	0.00220	0.00551	0.00386	0.00441	0.00771
66	0.01662	0.01468	0.01952	0.04124	0.06664	0.01361	0.08026	0.07329	0.14461	0.02590	0.01631	0.01797	0.01282	0.00657	0.00630	0.00165	0.00660	0.00576	0.00487	0.42480
67	0.02551	0.05943	0.02126	0.01923	0.05149	0.63827	0.01412	0.02746	0.01944	0.01765	0.01101	0.01310	0.00927	0.00744	0.00702	0.00188	0.03971	0.00470	0.00362	0.00840
68	0.80005	0.01377	0.01047	0.00936	0.01377	0.01597	0.00771	0.02093	0.01212	0.03195	0.00991	0.01157	0.00771	0.00661	0.00441	0.00220	0.00551	0.00386	0.00441	0.00771
69	0.00896	0.00635	0.00835	0.00985	0.01027	0.00600	0.00660	0.01017	0.01344	0.01789	0.03755	0.64857	0.04478	0.09260	0.01175	0.00330	0.00451	0.04702	0.00639	0.00568
70	0.00866	0.00624	0.00822	0.00980	0.01030	0.00579	0.00656	0.00993	0.01375	0.01822	0.04068	0.71563	0.07564	0.02212	0.00906	0.00287	0.00411	0.02002	0.00661	0.00579
71	0.01769	0.01648	0.02333	0.06141	0.02343	0.04611	0.12499	0.15980	0.01756	0.02417	0.01533	0.08770	0.01413	0.01237	0.03802	0.00295	0.29331	0.00798	0.00444	0.00880
72	0.66375	0.04643	0.01270	0.01018	0.01470	0.01683	0.00846	0.08701	0.01462	0.03248	0.03227	0.01342	0.01008	0.00703	0.00481	0.00217	0.00577	0.00439	0.00473	0.00818
73	0.58327	0.04046	0.12343	0.01154	0.01691	0.01651	0.01103	0.05842	0.01381	0.03017	0.01116	0.01349	0.00876	0.02920	0.00590	0.00233	0.00654	0.00442	0.00429	0.00835
74	0.02455	0.05543	0.04050	0.02112	0.11487	0.42890	0.01501	0.14683	0.04478	0.02377	0.01307	0.01474	0.01042	0.00744	0.00660	0.00195	0.01083	0.00527	0.00436	0.00957

[dist]
# distance from previous block
# <min> <max>
0	1

[block]
# block no. 1 follows, 29 sequences, length 31
# corresponding to MSA columns:
# 195-225
name=unknown_B
#
# <colnr> <probs for GDERKNQSTAVLIFYWHMCP>
#	G	D	E	R	K	N	Q	S	T	A	V	L	I	F	Y	W	H	M	C	P
0	0.00976	0.00731	0.00923	0.03366	0.01208	0.00700	0.00719	0.04281	0.01543	0.02027	0.08271	0.53209	0.15401	0.01997	0.00878	0.00272	0.00435	0.01781	0.00660	0.00625
1	0.01423	0.01316	0.02137	0.59048	0.04363	0.01588	0.04863	0.04397	0.06580	0.02026	0.01522	0.04942	0.01212	0.00794	0.00727	0.00239	0.00904	0.00713	0.00378	0.00831
2	0.01544	0.01306	0.01513	0.01087	0.01716	0.01018	0.00872	0.05430	0.01579	0.02439	0.01290	0.01489	0.01063	0.00545	0.00537	0.00111	0.00541	0.00434	0.00438	0.75048
3	0.01577	0.01045	0.01801	0.16669	0.02348	0.01072	0.11582	0.01678	0.01322	0.10504	0.01579	0.02339	0.01334	0.01580	0.01700	0.36747	0.00780	0.03293	0.00406	0.00644
4	0.00868	0.00620	0.00826	0.00991	0.01033	0.00578	0.00661	0.00991	0.01363	0.01818	0.03925	0.74510	0.04710	0.02231	0.00909	0.00289	0.00413	0.02024	0.00661	0.00578
5	0.00968	0.00662	0.00796	0.00863	0.00879	0.00646	0.00523	0.01018	0.01167	0.01555	0.02916	0.32581	0.03437	0.45898	0.02539	0.00530	0.00580	0.01431	0.00523	0.00490
6	0.00843	0.00714	0.00729	0.00741	0.00967	0.00599	0.00550	0.01020	0.01604	0.01916	0.06972	0.11820	0.65433	0.01835	0.00847	0.00244	0.00365	0.01541	0.00661	0.00599
7	0.01944	0.71604	0.03641	0.01251	0.01847	0.06474	0.01227	0.02170	0.01477	0.01679	0.00996	0.01150	0.00914	0.00616	0.00467	0.00154	0.00789	0.00385	0.00308	0.00909
8	0.02707	0.01995	0.02137	0.01638	0.02208	0.02208	0.01353	0.68159	0.03348	0.04488	0.01710	0.01710	0.01211	0.00855	0.00712	0.00214	0.00784	0.00641	0.00712	0.01211
9	0.02707	0.01995	0.02137	0.01638	0.02208	0.02208	0.01353	0.68159	0.03348	0.04488	0.01710	0.01710	0.01211	0.00855	0.00712	0.00214	0.00784	0.00641	0.00712	0.01211
10	0.01771	0.01530	0.01610	0.01449	0.01852	0.01771	0.01127	0.03784	0.69247	0.02979	0.02898	0.02657	0.02174	0.00966	0.00725	0.00242	0.00564	0.00805	0.00725	0.01127
11	0.00842	0.00721	0.00721	0.00721	0.00962	0.00601	0.00541	0.01022	0.01623	0.01924	0.07213	0.06853	0.70244	0.01803	0.00842	0.00240	0.00361	0.01503	0.00661	0.00601
12	0.01904	0.75404	0.03731	0.01218	0.01828	0.02818	0.01218	0.02132	0.01447	0.01675	0.00990	0.01142	0.00914	0.00609	0.00457	0.00152	0.00761	0.00381	0.00305	0.00914
13	0.01477	0.01266	0.01477	0.01055	0.01687	0.00949	0.00844	0.01793	0.01477	0.02320	0.01266	0.01477	0.01055	0.00527	0.00527	0.00105	0.00527	0.00422	0.00422	0.79328
14	0.01602	0.02149	0.14995	0.02750	0.03494	0.01721	0.54201	0.02218	0.01637	0.02255	0.01528	0.05183	0.01218	0.00687	0.00817	0.00240	0.01140	0.00843	0.00364	0.00958
15	0.01771	0.01530	0.01610	0.01449	0.01852	0.01771	0.01127	0.03784	0.69247	0.02979	0.02898	0.02657	0.02174	0.00966	0.00725	0.00242	0.00564	0.00805	0.00725	0.01127
16	0.02555	0.01919	0.02051	0.01608	0.02150	0.02137	0.01317	0.57694	0.14061	0.04242	0.01903	0.01864	0.01367	0.00873	0.00714	0.00218	0.00748	0.00668	0.00714	0.01197
17	0.01345	0.01266	0.02136	0.73264	0.04904	0.01582	0.01978	0.01819	0.01424	0.01819	0.01266	0.01898	0.00949	0.00712	0.00712	0.00237	0.00949	0.00633	0.00316	0.00791
18	0.01934	0.02130	0.05237	0.06491	0.50058	0.17448	0.02013	0.02320	0.01698	0.02173	0.01281	0.01651	0.01065	0.00661	0.00690	0.00207	0.00956	0.00591	0.00352	0.01044
19	0.01016	0.00697	0.00866	0.00922	0.01064	0.00626	0.00654	0.01196	0.01570	0.05970	0.14944	0.42147	0.21847	0.01923	0.00870	0.00263	0.00399	0.01700	0.00693	0.00635
20	0.02727	0.01962	0.02117	0.01623	0.02192	0.02160	0.01341	0.65460	0.03293	0.07264	0.01755	0.01739	0.01234	0.00856	0.00712	0.00214	0.00776	0.00644	0.00719	0.01211
21	0.02190	0.01171	0.04741	0.01218	0.01619	0.00992	0.01011	0.04788	0.04678	0.36767	0.12629	0.17069	0.03093	0.01260	0.00780	0.00239	0.00557	0.03441	0.00776	0.00979
22	0.02591	0.05585	0.01760	0.01309	0.01803	0.01402	0.01074	0.14531	0.11253	0.38611	0.05274	0.04819	0.04774	0.00975	0.00718	0.00221	0.00614	0.00791	0.00778	0.01118
23	0.00993	0.00727	0.00932	0.00881	0.01055	0.00666	0.00660	0.01316	0.01981	0.02774	0.64641	0.05453	0.12287	0.01486	0.00840	0.00225	0.00338	0.01307	0.00773	0.00666
24	0.02628	0.01918	0.02053	0.01583	0.02129	0.02120	0.01304	0.64350	0.03242	0.04383	0.01745	0.01764	0.01246	0.00853	0.00700	0.00211	0.00758	0.00642	0.05193	0.01180
25	0.06149	0.06617	0.02090	0.01821	0.04094	0.58317	0.01362	0.07631	0.02041	0.02028	0.01143	0.01317	0.00938	0.00731	0.00631	0.00187	0.01175	0.00470	0.00393	0.00865
26	0.01401	0.00827	0.00900	0.00844	0.01016	0.00878	0.00633	0.07489	0.01562	0.02553	0.02177	0.02792	0.01830	0.10543	0.05852	0.00309	0.03335	0.00714	0.53660	0.00686
27	0.05040	0.01586	0.01495	0.01352	0.03556	0.12278	0.01022	0.15560	0.10677	0.08241	0.09401	0.06053	0.18456	0.01171	0.00742	0.00223	0.00656	0.00945	0.00645	0.00903
28	0.00896	0.00641	0.00857	0.01011	0.01068	0.00602	0.00699	0.01047	0.01419	0.01896	0.07408	0.65801	0.04769	0.02170	0.00911	0.00289	0.00428	0.06834	0.00667	0.00589
29	0.01616	0.01663	0.05751	0.03312	0.45782	0.03724	0.04282	0.02107	0.05337	0.02274	0.02330	0.02819	0.10432	0.00887	0.00742	0.00224	0.00793	0.04484	0.00429	0.01012
30	0.10517	0.14092	0.40939	0.01942	0.05454	0.01869	0.07160	0.02186	0.01456	0.02247	0.01196	0.01454	0.00914	0.00689	0.00725	0.00219	0.05113	0.00522	0.00325	0.00979

[dist]
# distance from previous block
# <min> <max>
2	12

[block]
# block no. 2 follows, 29 sequences, length 55
# corresponding to MSA columns:
# 238-292
name=unknown_C
#
# <colnr> <probs for GDERKNQSTAVLIFYWHMCP>
#	G	D	E	R	K	N	Q	S	T	A	V	L	I	F	Y	W	H	M	C	P
0	0.01422	0.01212	0.01413	0.01030	0.01621	0.00918	0.00820	0.01733	0.01511	0.02327	0.04975	0.01932	0.04743	0.00636	0.00558	0.00118	0.00510	0.00518	0.00452	0.71551
1	0.01732	0.00970	0.01221	0.01064	0.01345	0.00919	0.00818	0.08432	0.01980	0.20242	0.30592	0.08150	0.06140	0.09824	0.01126	0.00283	0.00505	0.03082	0.00747	0.00828
2	0.01184	0.00882	0.01262	0.01521	0.06939	0.00879	0.01191	0.01505	0.01619	0.02118	0.03635	0.07398	0.05805	0.04015	0.01035	0.00327	0.00663	0.56712	0.00625	0.00685
3	0.00868	0.00620	0.00826	0.00991	0.01033	0.00578	0.00661	0.00991	0.01363	0.01818	0.03925	0.74510	0.04710	0.02231	0.00909	0.00289	0.00413	0.02024	0.00661	0.00578
4	0.01904	0.75404	0.03731	0.01218	0.01828	0.02818	0.01218	0.02132	0.01447	0.01675	0.00990	0.01142	0.00914	0.00609	0.00457	0.00152	0.00761	0.00381	0.00305	0.00914
5	0.03195	0.01212	0.01652	0.01267	0.01818	0.01047	0.01047	0.03470	0.02038	0.71026	0.02809	0.02424	0.01763	0.00881	0.00716	0.00220	0.00606	0.00716	0.00881	0.01212
6	0.01477	0.01266	0.01477	0.01055	0.01687	0.00949	0.00844	0.01793	0.01477	0.02320	0.01266	0.01477	0.01055	0.00527	0.00527	0.00105	0.00527	0.00422	0.00422	0.79328
7	0.01008	0.00728	0.00952	0.00896	0.01064	0.00672	0.00672	0.01344	0.02016	0.02855	0.70158	0.05319	0.06719	0.01456	0.00840	0.00224	0.00336	0.01288	0.00784	0.00672
8	0.02707	0.01995	0.02137	0.01638	0.02208	0.02208	0.01353	0.68159	0.03348	0.04488	0.01710	0.01710	0.01211	0.00855	0.00712	0.00214	0.00784	0.00641	0.00712	0.01211
9	0.80005	0.01377	0.01047	0.00936	0.01377	0.01597	0.00771	0.02093	0.01212	0.03195	0.00991	0.01157	0.00771	0.00661	0.00441	0.00220	0.00551	0.00386	0.00441	0.00771
10	0.70576	0.01452	0.01180	0.01022	0.01478	0.01672	0.00842	0.10152	0.01472	0.03353	0.01079	0.01224	0.00825	0.00685	0.00474	0.00220	0.00579	0.00417	0.00474	0.00825
11	0.00995	0.00727	0.00934	0.00882	0.01056	0.00666	0.00662	0.01319	0.01985	0.02782	0.65223	0.05439	0.11699	0.01483	0.00840	0.00225	0.00338	0.01305	0.00774	0.00666
12	0.01050	0.00778	0.00966	0.01049	0.01164	0.00769	0.00742	0.04304	0.06914	0.02102	0.07962	0.52816	0.07153	0.04268	0.00967	0.00290	0.00456	0.04925	0.00669	0.00657
13	0.03171	0.01250	0.01676	0.01285	0.01837	0.01104	0.01062	0.06656	0.02103	0.67750	0.02755	0.02388	0.01735	0.00880	0.00716	0.00220	0.00615	0.00712	0.00873	0.01212
14	0.03195	0.01212	0.01652	0.01267	0.01818	0.01047	0.01047	0.03470	0.02038	0.71026	0.02809	0.02424	0.01763	0.00881	0.00716	0.00220	0.00606	0.00716	0.00881	0.01212
15	0.01453	0.07404	0.67781	0.01987	0.03017	0.01714	0.02558	0.02249	0.01500	0.02225	0.01263	0.01485	0.00903	0.00673	0.00665	0.00222	0.01037	0.00519	0.00301	0.01045
16	0.02844	0.03886	0.01759	0.01357	0.01869	0.07148	0.01104	0.05610	0.13767	0.48947	0.02587	0.02304	0.01718	0.00874	0.00703	0.00219	0.00666	0.00697	0.00787	0.01155
17	0.69566	0.01358	0.01153	0.04716	0.01597	0.01551	0.00857	0.02193	0.01291	0.08738	0.01156	0.01300	0.00862	0.00682	0.00478	0.00221	0.00576	0.00426	0.00471	0.00809
18	0.01972	0.01630	0.01723	0.01490	0.01928	0.01865	0.01176	0.17619	0.55084	0.03303	0.02643	0.02453	0.01967	0.00942	0.00722	0.00236	0.00611	0.00770	0.00722	0.01145
19	0.00868	0.00620	0.00826	0.00991	0.01033	0.00578	0.00661	0.00991	0.01363	0.01818	0.03925	0.74510	0.04710	0.02231	0.00909	0.00289	0.00413	0.02024	0.00661	0.00578
20	0.01821	0.01518	0.01612	0.01443	0.01850	0.01745	0.01124	0.03773	0.66869	0.05387	0.02895	0.02648	0.02159	0.00963	0.00724	0.00241	0.00565	0.00802	0.00730	0.01130
21	0.01036	0.00690	0.00777	0.00777	0.00777	0.00690	0.00431	0.01036	0.01036	0.01381	0.02244	0.04660	0.02589	0.74975	0.03624	0.00690	0.00690	0.01036	0.00431	0.00431
22	0.01147	0.00820	0.01147	0.01311	0.01475	0.00820	0.01147	0.01475	0.01639	0.02131	0.03770	0.08032	0.04098	0.01967	0.00984	0.00328	0.00656	0.65741	0.00656	0.00656
23	0.00995	0.00727	0.00933	0.00882	0.01056	0.00666	0.00661	0.01318	0.01984	0.02781	0.65141	0.05441	0.11782	0.01483	0.00840	0.00225	0.00338	0.01305	0.00774	0.00666
24	0.80005	0.01377	0.01047	0.00936	0.01377	0.01597	0.00771	0.02093	0.01212	0.03195	0.00991	0.01157	0.00771	0.00661	0.00441	0.00220	0.00551	0.00386	0.00441	0.00771
25	0.80005	0.01377	0.01047	0.00936	0.01377	0.01597	0.00771	0.02093	0.01212	0.03195	0.00991	0.01157	0.00771	0.00661	0.00441	0.00220	0.00551	0.00386	0.00441	0.00771
26	0.02204	0.01672	0.01835	0.01429	0.01958	0.01734	0.01157	0.43763	0.04655	0.03662	0.01853	0.08755	0.01542	0.00913	0.00687	0.00196	0.00679	0.00728	0.00638	0.19939
27	0.01469	0.03440	0.62938	0.02315	0.11314	0.01658	0.02577	0.02247	0.01518	0.02264	0.01285	0.01535	0.00930	0.00671	0.00680	0.00224	0.01027	0.00539	0.00307	0.01062
28	0.01588	0.27729	0.48636	0.01758	0.02661	0.02044	0.02157	0.02214	0.01484	0.02061	0.01181	0.01382	0.00906	0.00654	0.00603	0.00201	0.00955	0.00477	0.00302	0.01006
29	0.03049	0.01180	0.01606	0.01242	0.01767	0.01022	0.01022	0.03328	0.02037	0.66477	0.07304	0.02617	0.02093	0.00920	0.00724	0.00221	0.00588	0.00754	0.00875	0.01176
30	0.01012	0.00751	0.01102	0.01109	0.01222	0.00861	0.00844	0.01241	0.01145	0.01638	0.02020	0.05982	0.01969	0.10754	0.63679	0.01072	0.01747	0.00838	0.00397	0.00617
31	0.01046	0.00825	0.01152	0.01281	0.04370	0.00836	0.02552	0.01338	0.05408	0.02018	0.08831	0.51622	0.04233	0.01913	0.00960	0.00280	0.04271	0.05760	0.00634	0.00668
32	0.03062	0.01303	0.01694	0.01312	0.01856	0.01198	0.01080	0.09414	0.06336	0.60702	0.02714	0.02373	0.01738	0.00884	0.00716	0.00221	0.00620	0.00715	0.00856	0.01206
33	0.03104	0.01221	0.01644	0.01266	0.01804	0.01071	0.01044	0.05500	0.02080	0.66517	0.05091	0.02500	0.01915	0.00900	0.00720	0.00220	0.00602	0.00733	0.00872	0.01193
34	0.01670	0.01788	0.08336	0.14854	0.54879	0.01672	0.02189	0.02134	0.01581	0.02242	0.01323	0.01762	0.01082	0.00650	0.00704	0.00217	0.00879	0.00625	0.00343	0.01070
35	0.01785	0.01404	0.01621	0.01205	0.01793	0.01238	0.00973	0.12896	0.05163	0.06257	0.01490	0.01625	0.01169	0.00642	0.00630	0.00142	0.02688	0.00498	0.00505	0.56276
36	0.00863	0.00639	0.00806	0.00940	0.01019	0.00583	0.00638	0.00997	0.01413	0.01838	0.04557	0.61493	0.17318	0.02149	0.00896	0.00280	0.00403	0.01924	0.00661	0.00583
37	0.00969	0.00662	0.00796	0.00862	0.00879	0.00646	0.00523	0.01018	0.01166	0.01554	0.02912	0.32440	0.03432	0.46044	0.02544	0.00531	0.00580	0.01429	0.00523	0.00490
38	0.01075	0.00998	0.05542	0.01255	0.01443	0.00841	0.07070	0.04235	0.01465	0.01974	0.03296	0.54379	0.03809	0.07714	0.01095	0.00309	0.00565	0.01680	0.00595	0.00660
39	0.02731	0.01887	0.02062	0.01589	0.02150	0.02058	0.01310	0.58412	0.05464	0.12182	0.01879	0.01825	0.01308	0.00862	0.00713	0.00215	0.00755	0.00655	0.00732	0.01208
40	0.01136	0.00816	0.01132	0.01290	0.01457	0.00812	0.01126	0.01459	0.01639	0.02124	0.03894	0.07990	0.06474	0.01961	0.00978	0.00325	0.00645	0.63433	0.00656	0.00654
41	0.80005	0.01377	0.01047	0.00936	0.01377	0.01597	0.00771	0.02093	0.01212	0.03195	0.00991	0.01157	0.00771	0.00661	0.00441	0.00220	0.00551	0.00386	0.00441	0.00771
42	0.01683	0.01610	0.02746	0.17528	0.57999	0.01671	0.02146	0.02115	0.01584	0.02229	0.01325	0.01788	0.01094	0.00649	0.00706	0.00216	0.00866	0.00634	0.00346	0.01064
43	0.06516	0.05346	0.01987	0.01671	0.02092	0.42522	0.01296	0.14640	0.12610	0.02499	0.01479	0.01561	0.01157	0.00783	0.00650	0.00199	0.01026	0.00538	0.00486	0.00942
44	0.02214	0.01587	0.01734	0.01445	0.01912	0.01744	0.01156	0.23313	0.36187	0.13061	0.02734	0.02540	0.05173	0.00961	0.00725	0.00230	0.00627	0.00777	0.00740	0.01139
45	0.00869	0.00722	0.00760	0.00750	0.00979	0.00613	0.00563	0.01076	0.01689	0.02079	0.17723	0.06597	0.59638	0.01745	0.00841	0.00238	0.00357	0.01467	0.00682	0.00613
46	0.01042	0.00789	0.01152	0.01139	0.01248	0.00925	0.00873	0.01267	0.01131	0.01629	0.01899	0.02928	0.01824	0.12022	0.62464	0.01065	0.04814	0.00784	0.00383	0.00622
47	0.01327	0.00664	0.00664	0.00664	0.00830	0.00664	0.00498	0.01659	0.01493	0.02655	0.02323	0.02655	0.01825	0.00830	0.00498	0.00166	0.00332	0.00664	0.78928	0.00664
48	0.80005	0.01377	0.01047	0.00936	0.01377	0.01597	0.00771	0.02093	0.01212	0.03195	0.00991	0.01157	0.00771	0.00661	0.00441	0.00220	0.00551	0.00386	0.00441	0.00771
49	0.69842	0.01411	0.01183	0.01096	0.03877	0.01596	0.00851	0.05073	0.01336	0.03179	0.01050	0.01219	0.00818	0.00662	0.00467	0.00214	0.00571	0.00408	0.00449	0.04699
50	0.02700	0.01509	0.01794	0.01374	0.01937	0.01474	0.01128	0.25824	0.05745	0.34274	0.02202	0.02046	0.01486	0.00824	0.00687	0.00202	0.00654	0.00651	0.00747	0.12744
51	0.80005	0.01377	0.01047	0.00936	0.01377	0.01597	0.00771	0.02093	0.01212	0.03195	0.00991	0.01157	0.00771	0.00661	0.00441	0.00220	0.00551	0.00386	0.00441	0.00771
52	0.02473	0.02819	0.01944	0.01727	0.02126	0.48347	0.01319	0.11014	0.16747	0.02345	0.01564	0.01633	0.01225	0.00799	0.00669	0.00200	0.01067	0.00556	0.00487	0.00938
53	0.80005	0.01377	0.01047	0.00936	0.01377	0.01597	0.00771	0.02093	0.01212	0.03195	0.00991	0.01157	0.00771	0.00661	0.00441	0.00220	0.00551	0.00386	0.00441	0.00771
54	0.02833	0.01792	0.02012	0.01542	0.02107	0.01908	0.01274	0.51462	0.03010	0.21662	0.01993	0.01894	0.01353	0.00862	0.00713	0.00215	0.00738	0.00660	0.00756	0.01211

[dist]
# distance from previous block
# <min> <max>
0	4

[block]
# block no. 3 follows, 29 sequences, length 103
# corresponding to MSA columns:
# 297-382,384-400
name=unknown_D
#
# <colnr> <probs for GDERKNQSTAVLIFYWHMCP>
#	G	D	E	R	K	N	Q	S	T	A	V	L	I	F	Y	W	H	M	C	P
0	0.02791	0.01218	0.01585	0.01262	0.01757	0.01123	0.01026	0.03333	0.12144	0.54873	0.08671	0.02710	0.02255	0.00944	0.00728	0.00224	0.00576	0.00779	0.00849	0.01152
1	0.03195	0.01212	0.01652	0.01267	0.01818	0.01047	0.01047	0.03470	0.02038	0.71026	0.02809	0.02424	0.01763	0.00881	0.00716	0.00220	0.00606	0.00716	0.00881	0.01212
2	0.01762	0.01692	0.02890	0.04371	0.70533	0.01692	0.02185	0.02185	0.01621	0.02326	0.01339	0.01762	0.01128	0.00634	0.00705	0.00211	0.00846	0.00634	0.00352	0.01128
3	0.00842	0.00721	0.00721	0.00721	0.00962	0.00601	0.00541	0.01022	0.01623	0.01924	0.07213	0.06853	0.70244	0.01803	0.00842	0.00240	0.00361	0.01503	0.00661	0.00601
4	0.01327	0.00664	0.00664	0.00664	0.00830	0.00664	0.00498	0.01659	0.01493	0.02655	0.02323	0.02655	0.01825	0.00830	0.00498	0.00166	0.00332	0.00664	0.78928	0.00664
5	0.02660	0.03394	0.02018	0.01834	0.02201	0.72116	0.01376	0.02843	0.02018	0.01743	0.01101	0.01284	0.00917	0.00734	0.00642	0.00183	0.01284	0.00459	0.00367	0.00825
6	0.02660	0.03394	0.02018	0.01834	0.02201	0.72116	0.01376	0.02843	0.02018	0.01743	0.01101	0.01284	0.00917	0.00734	0.00642	0.00183	0.01284	0.00459	0.00367	0.00825
7	0.00868	0.00620	0.00826	0.00991	0.01033	0.00578	0.00661	0.00991	0.01363	0.01818	0.03925	0.74510	0.04710	0.02231	0.00909	0.00289	0.00413	0.02024	0.00661	0.00578
8	0.03050	0.01201	0.01620	0.01257	0.01786	0.01055	0.01033	0.03388	0.04328	0.65715	0.05768	0.02559	0.01994	0.00909	0.00722	0.00221	0.00593	0.00744	0.00872	0.01185
9	0.01093	0.00781	0.01084	0.01241	0.01383	0.00772	0.01045	0.01384	0.01601	0.02097	0.05821	0.19949	0.04288	0.01999	0.00966	0.00318	0.00602	0.52276	0.00661	0.00642
10	0.09910	0.01226	0.01600	0.01238	0.01779	0.01095	0.01022	0.03350	0.01966	0.65097	0.02650	0.02313	0.01676	0.00862	0.00692	0.00220	0.00601	0.00687	0.00843	0.01173
11	0.00958	0.00726	0.00883	0.00844	0.01033	0.00651	0.00633	0.01247	0.01898	0.02576	0.51302	0.05778	0.25749	0.01560	0.00840	0.00229	0.00343	0.01352	0.00747	0.00651
12	0.05245	0.01974	0.02101	0.01615	0.02181	0.02188	0.01334	0.65989	0.03278	0.04445	0.01686	0.01691	0.01197	0.00848	0.00703	0.00214	0.00776	0.00633	0.00703	0.01197
13	0.01147	0.00820	0.01147	0.01311	0.01475	0.00820	0.01147	0.01475	0.01639	0.02131	0.03770	0.08032	0.04098	0.01967	0.00984	0.00328	0.00656	0.65741	0.00656	0.00656
14	0.00865	0.00629	0.00817	0.00967	0.01026	0.00580	0.00650	0.00994	0.01387	0.01827	0.04226	0.68312	0.10714	0.02192	0.00903	0.00285	0.00408	0.01977	0.00661	0.00580
15	0.80005	0.01377	0.01047	0.00936	0.01377	0.01597	0.00771	0.02093	0.01212	0.03195	0.00991	0.01157	0.00771	0.00661	0.00441	0.00220	0.00551	0.00386	0.00441	0.00771
16	0.01091	0.00839	0.01012	0.00956	0.01163	0.00818	0.00720	0.01642	0.11641	0.02717	0.50005	0.07350	0.14409	0.01456	0.00826	0.00231	0.00375	0.01270	0.00755	0.00725
17	0.02707	0.01995	0.02137	0.01638	0.02208	0.02208	0.01353	0.68159	0.03348	0.04488	0.01710	0.01710	0.01211	0.00855	0.00712	0.00214	0.00784	0.00641	0.00712	0.01211
18	0.01428	0.03683	0.71286	0.02030	0.03082	0.01654	0.02631	0.02255	0.01503	0.02255	0.01278	0.01503	0.00902	0.00677	0.00677	0.00226	0.01052	0.00526	0.00301	0.01052
19	0.03160	0.01268	0.01687	0.01294	0.01846	0.01130	0.01069	0.08121	0.02132	0.66243	0.02730	0.02372	0.01723	0.00879	0.00716	0.00220	0.00619	0.00711	0.00869	0.01212
20	0.00924	0.00645	0.00816	0.00923	0.00956	0.00616	0.00592	0.01017	0.01287	0.01721	0.05742	0.50846	0.04136	0.24315	0.01732	0.00409	0.00495	0.01698	0.00596	0.00537
21	0.02952	0.01180	0.01589	0.01240	0.01752	0.01038	0.01016	0.03292	0.04327	0.62641	0.08805	0.02689	0.02218	0.00935	0.00727	0.00221	0.00580	0.00770	0.00867	0.01161
22	0.00875	0.00626	0.00833	0.00986	0.01035	0.00583	0.00662	0.01011	0.01399	0.01875	0.07559	0.70714	0.04820	0.02188	0.00905	0.00286	0.00409	0.01984	0.00668	0.00583
23	0.80005	0.01377	0.01047	0.00936	0.01377	0.01597	0.00771	0.02093	0.01212	0.03195	0.00991	0.01157	0.00771	0.00661	0.00441	0.00220	0.00551	0.00386	0.00441	0.00771
24	0.01681	0.01921	0.04202	0.03001	0.03721	0.01801	0.67947	0.02281	0.01681	0.02281	0.01441	0.01921	0.01080	0.00600	0.00840	0.00240	0.01200	0.00840	0.00360	0.00960
25	0.02707	0.01995	0.02137	0.01638	0.02208	0.02208	0.01353	0.68159	0.03348	0.04488	0.01710	0.01710	0.01211	0.00855	0.00712	0.00214	0.00784	0.00641	0.00712	0.01211
26	0.00868	0.00620	0.00826	0.00991	0.01033	0.00578	0.00661	0.00991	0.01363	0.01818	0.03925	0.74510	0.04710	0.02231	0.00909	0.00289	0.00413	0.02024	0.00661	0.00578
27	0.80005	0.01377	0.01047	0.00936	0.01377	0.01597	0.00771	0.02093	0.01212	0.03195	0.00991	0.01157	0.00771	0.00661	0.00441	0.00220	0.00551	0.00386	0.00441	0.00771
28	0.00867	0.00719	0.00759	0.00757	0.00979	0.00611	0.00565	0.01068	0.01672	0.02057	0.16357	0.09028	0.58574	0.01767	0.00844	0.00240	0.00359	0.01490	0.00679	0.00611
29	0.08379	0.04210	0.08355	0.01581	0.04804	0.01730	0.01335	0.26559	0.10220	0.18979	0.01946	0.01895	0.01367	0.00810	0.00673	0.00213	0.00713	0.00628	0.00652	0.04950
30	0.03195	0.01212	0.01652	0.01267	0.01818	0.01047	0.01047	0.03470	0.02038	0.71026	0.02809	0.02424	0.01763	0.00881	0.00716	0.00220	0.00606	0.00716	0.00881	0.01212
31	0.07934	0.11044	0.02222	0.01642	0.05566	0.02121	0.01301	0.42264	0.09948	0.06445	0.01723	0.01733	0.01265	0.00812	0.00662	0.00210	0.00737	0.00611	0.00632	0.01129
32	0.01745	0.01502	0.01587	0.01430	0.01824	0.01733	0.01111	0.03699	0.66910	0.02974	0.05236	0.02749	0.02332	0.00983	0.00729	0.00241	0.00556	0.00822	0.00727	0.01111
33	0.00868	0.00620	0.00826	0.00991	0.01033	0.00578	0.00661	0.00991	0.01363	0.01818	0.03925	0.74510	0.04710	0.02231	0.00909	0.00289	0.00413	0.02024	0.00661	0.00578
34	0.01868	0.01545	0.01640	0.01454	0.01870	0.01772	0.01137	0.07306	0.63483	0.05237	0.02830	0.02597	0.02108	0.00957	0.00724	0.00239	0.00577	0.00793	0.00729	0.01134
35	0.01737	0.02094	0.12589	0.14730	0.41112	0.08918	0.04278	0.02208	0.01616	0.02174	0.01297	0.01703	0.01044	0.00662	0.00700	0.00216	0.00949	0.00607	0.00341	0.01027
36	0.00910	0.00724	0.00817	0.00794	0.01004	0.00630	0.00595	0.01155	0.01785	0.02309	0.33257	0.06218	0.43960	0.01660	0.00841	0.00234	0.00350	0.01414	0.00712	0.00630
37	0.00990	0.00677	0.00785	0.00820	0.00840	0.00662	0.00486	0.01025	0.01134	0.01500	0.02845	0.19679	0.06341	0.55876	0.02909	0.00583	0.00615	0.01269	0.00492	0.00471
38	0.02660	0.03394	0.02018	0.01834	0.02201	0.72116	0.01376	0.02843	0.02018	0.01743	0.01101	0.01284	0.00917	0.00734	0.00642	0.00183	0.01284	0.00459	0.00367	0.00825
39	0.02327	0.01691	0.01799	0.01438	0.01912	0.01871	0.01169	0.47063	0.12525	0.03944	0.01990	0.02014	0.01459	0.00866	0.00676	0.00209	0.00672	0.00669	0.14604	0.01102
40	0.02707	0.01995	0.02137	0.01638	0.02208	0.02208	0.01353	0.68159	0.03348	0.04488	0.01710	0.01710	0.01211	0.00855	0.00712	0.00214	0.00784	0.00641	0.00712	0.01211
41	0.02656	0.01969	0.02108	0.01628	0.02189	0.02184	0.01341	0.64627	0.06964	0.04405	0.01775	0.01762	0.01264	0.00861	0.00713	0.00215	0.00771	0.00650	0.00713	0.01206
42	0.16975	0.01241	0.01544	0.01208	0.01739	0.01145	0.00997	0.03223	0.01890	0.58857	0.02483	0.02196	0.01585	0.00842	0.00667	0.00220	0.00596	0.00657	0.00802	0.01133
43	0.01345	0.01266	0.02136	0.73264	0.04904	0.01582	0.01978	0.01819	0.01424	0.01819	0.01266	0.01898	0.00949	0.00712	0.00712	0.00237	0.00949	0.00633	0.00316	0.00791
44	0.01386	0.00720	0.00726	0.00705	0.00888	0.00729	0.00534	0.04464	0.01571	0.02732	0.02297	0.02615	0.01799	0.00831	0.00507	0.00168	0.00351	0.00663	0.75629	0.00687
45	0.01228	0.00622	0.00921	0.00921	0.00921	0.00622	0.00610	0.00932	0.00932	0.01243	0.01281	0.02274	0.01296	0.05656	0.02820	0.75833	0.00622	0.00637	0.00315	0.00315
46	0.02646	0.01936	0.02072	0.01596	0.02148	0.02140	0.01316	0.65240	0.03267	0.04407	0.01737	0.01751	0.01238	0.00854	0.00703	0.00212	0.00764	0.00642	0.04145	0.01187
47	0.02707	0.01995	0.02137	0.01638	0.02208	0.02208	0.01353	0.68159	0.03348	0.04488	0.01710	0.01710	0.01211	0.00855	0.00712	0.00214	0.00784	0.00641	0.00712	0.01211
48	0.01879	0.71710	0.07211	0.01260	0.01892	0.02758	0.01291	0.02139	0.01450	0.01705	0.01005	0.01161	0.00913	0.00613	0.00468	0.00156	0.00776	0.00388	0.00304	0.00921
49	0.02446	0.01637	0.01896	0.01664	0.06396	0.01759	0.01260	0.27305	0.25020	0.19303	0.02340	0.02196	0.01656	0.00884	0.00717	0.00224	0.00673	0.00713	0.00733	0.01178
50	0.01017	0.00763	0.01144	0.01144	0.01272	0.00890	0.00890	0.01272	0.01144	0.01653	0.01907	0.02797	0.01780	0.05340	0.72153	0.01144	0.01907	0.00763	0.00381	0.00636
51	0.02660	0.03394	0.02018	0.01834	0.02201	0.72116	0.01376	0.02843	0.02018	0.01743	0.01101	0.01284	0.00917	0.00734	0.00642	0.00183	0.01284	0.00459	0.00367	0.00825
52	0.01477	0.01266	0.01477	0.01055	0.01687	0.00949	0.00844	0.01793	0.01477	0.02320	0.01266	0.01477	0.01055	0.00527	0.00527	0.00105	0.00527	0.00422	0.00422	0.79328
53	0.01008	0.00728	0.00952	0.00896	0.01064	0.00672	0.00672	0.01344	0.02016	0.02855	0.70158	0.05319	0.06719	0.01456	0.00840	0.00224	0.00336	0.01288	0.00784	0.00672
54	0.01477	0.01266	0.01477	0.01055	0.01687	0.00949	0.00844	0.01793	0.01477	0.02320	0.01266	0.01477	0.01055	0.00527	0.00527	0.00105	0.00527	0.00422	0.00422	0.79328
55	0.80005	0.01377	0.01047	0.00936	0.01377	0.01597	0.00771	0.02093	0.01212	0.03195	0.00991	0.01157	0.00771	0.00661	0.00441	0.00220	0.00551	0.00386	0.00441	0.00771
56	0.00989	0.00718	0.00933	0.00899	0.01058	0.00661	0.00667	0.01301	0.01943	0.02729	0.61981	0.11752	0.08620	0.01539	0.00846	0.00231	0.00344	0.01363	0.00768	0.00661
57	0.01147	0.00820	0.01147	0.01311	0.01475	0.00820	0.01147	0.01475	0.01639	0.02131	0.03770	0.08032	0.04098	0.01967	0.00984	0.00328	0.00656	0.65741	0.00656	0.00656
58	0.04747	0.20305	0.40681	0.02049	0.10030	0.01916	0.04205	0.02198	0.01496	0.02165	0.01209	0.01444	0.00934	0.00648	0.00619	0.00203	0.00929	0.00505	0.00318	0.03398
59	0.73276	0.01490	0.04685	0.01004	0.01480	0.01581	0.00877	0.02150	0.01256	0.05515	0.01070	0.01219	0.00813	0.00669	0.00462	0.00221	0.00579	0.00404	0.00449	0.00801
60	0.01084	0.00745	0.00976	0.00909	0.01090	0.00685	0.00685	0.01418	0.02016	0.05236	0.67806	0.05218	0.06546	0.01436	0.00836	0.00224	0.00345	0.01268	0.00787	0.00691
61	0.01477	0.01266	0.01477	0.01055	0.01687	0.00949	0.00844	0.01793	0.01477	0.02320	0.01266	0.01477	0.01055	0.00527	0.00527	0.00105	0.00527	0.00422	0.00422	0.79328
62	0.02805	0.01837	0.02039	0.01564	0.02130	0.01974	0.01292	0.55127	0.03084	0.17892	0.01931	0.01853	0.01322	0.00860	0.00713	0.00215	0.00748	0.00656	0.00746	0.01211
63	0.02732	0.01954	0.02112	0.01619	0.02188	0.02148	0.01338	0.64827	0.03280	0.07915	0.01766	0.01746	0.01239	0.00856	0.00713	0.00214	0.00774	0.00645	0.00721	0.01211
64	0.03928	0.01288	0.02133	0.67881	0.07670	0.01587	0.01947	0.01844	0.01426	0.01886	0.01260	0.01868	0.00951	0.00707	0.00703	0.00236	0.00932	0.00625	0.00322	0.00805
65	0.02263	0.36982	0.02862	0.01670	0.05359	0.36278	0.01342	0.02479	0.01732	0.01740	0.01061	0.01241	0.00926	0.00671	0.00559	0.00170	0.01018	0.00431	0.00337	0.00882
66	0.01017	0.00763	0.01144	0.01144	0.01272	0.00890	0.00890	0.01272	0.01144	0.01653	0.01907	0.02797	0.01780	0.05340	0.72153	0.01144	0.01907	0.00763	0.00381	0.00636
67	0.04538	0.23185	0.04705	0.01404	0.01878	0.14196	0.04802	0.06402	0.09075	0.04476	0.06714	0.02553	0.11424	0.00923	0.00651	0.00200	0.00770	0.00717	0.00495	0.00892
68	0.80005	0.01377	0.01047	0.00936	0.01377	0.01597	0.00771	0.02093	0.01212	0.03195	0.00991	0.01157	0.00771	0.00661	0.00441	0.00220	0.00551	0.00386	0.00441	0.00771
69	0.80005	0.01377	0.01047	0.00936	0.01377	0.01597	0.00771	0.02093	0.01212	0.03195	0.00991	0.01157	0.00771	0.00661	0.00441	0.00220	0.00551	0.00386	0.00441	0.00771
70	0.01036	0.00690	0.00777	0.00777	0.00777	0.00690	0.00431	0.01036	0.01036	0.01381	0.02244	0.04660	0.02589	0.74975	0.03624	0.00690	0.00690	0.01036	0.00431	0.00431
71	0.03171	0.01250	0.01676	0.01285	0.01837	0.01103	0.01062	0.06625	0.02102	0.67781	0.02756	0.02389	0.01736	0.00880	0.00716	0.00220	0.00615	0.00712	0.00873	0.01212
72	0.02557	0.01920	0.02052	0.01608	0.02151	0.02138	0.01317	0.57833	0.13919	0.04246	0.01900	0.01862	0.01365	0.00873	0.00714	0.00218	0.00748	0.00667	0.00714	0.01198
73	0.01820	0.01673	0.02841	0.04246	0.67770	0.01666	0.02140	0.02237	0.01638	0.05089	0.01398	0.01789	0.01153	0.00644	0.00705	0.00212	0.00836	0.00638	0.00374	0.01131
74	0.00868	0.00620	0.00826	0.00991	0.01033	0.00578	0.00661	0.00991	0.01363	0.01818	0.03925	0.74510	0.04710	0.02231	0.00909	0.00289	0.00413	0.02024	0.00661	0.00578
75	0.01147	0.00820	0.01147	0.01311	0.01475	0.00820	0.01147	0.01475	0.01639	0.02131	0.03770	0.08032	0.04098	0.01967	0.00984	0.00328	0.00656	0.65741	0.00656	0.00656
76	0.02991	0.01207	0.01614	0.01259	0.01781	0.01074	0.01032	0.03381	0.06342	0.63157	0.06284	0.02588	0.02044	0.00916	0.00723	0.00222	0.00589	0.00751	0.00866	0.01179
77	0.01762	0.01692	0.02890	0.04371	0.70533	0.01692	0.02185	0.02185	0.01621	0.02326	0.01339	0.01762	0.01128	0.00634	0.00705	0.00211	0.00846	0.00634	0.00352	0.01128
