[name]
unknown

[dist]
# distance from previous block
# <min> <max>
2	43

[block]
# block no. 0 follows, 31 sequences, length 63
# corresponding to MSA columns:
# 54-116
name=unknown_A
#
# <colnr> <probs for GDERKNQSTAVLIFYWHMCP>
#	G	D	E	R	K	N	Q	S	T	A	V	L	I	F	Y	W	H	M	C	P
0	0.01505	0.01238	0.01405	0.01066	0.01584	0.01061	0.00842	0.10524	0.04923	0.02447	0.01889	0.03960	0.06579	0.04236	0.00711	0.00162	0.00533	0.00597	0.00479	0.54260
1	0.02289	0.10952	0.02189	0.01692	0.03859	0.35834	0.03389	0.16607	0.06906	0.02361	0.01309	0.01444	0.01042	0.00729	0.00662	0.00185	0.02919	0.00511	0.00440	0.04683
2	0.02276	0.12535	0.02267	0.01525	0.02069	0.07073	0.04402	0.41809	0.05801	0.03356	0.01501	0.01565	0.01125	0.00740	0.00633	0.00187	0.00767	0.00563	0.00561	0.09245
3	0.01634	0.01552	0.02066	0.01704	0.07067	0.06718	0.13940	0.07358	0.05769	0.02392	0.04421	0.01907	0.03567	0.00668	0.00632	0.00164	0.00715	0.00605	0.00446	0.36676
4	0.01765	0.12671	0.14966	0.01854	0.02423	0.05876	0.17778	0.02297	0.06671	0.08441	0.01418	0.01649	0.01093	0.00735	0.00885	0.00212	0.11643	0.00598	0.00398	0.06627
5	0.01115	0.00886	0.00933	0.00924	0.00993	0.05939	0.00607	0.01255	0.03366	0.01534	0.04896	0.08660	0.02510	0.47111	0.15807	0.00651	0.00885	0.00973	0.00439	0.00518
6	0.01558	0.01649	0.04596	0.11919	0.02695	0.07447	0.21831	0.05729	0.01551	0.02078	0.01557	0.10996	0.01428	0.00897	0.00940	0.00224	0.11419	0.00795	0.00395	0.10294
7	0.01994	0.02198	0.05527	0.02535	0.15297	0.18939	0.23962	0.12159	0.06180	0.02424	0.01406	0.01669	0.01085	0.00674	0.00707	0.00208	0.01009	0.00641	0.00415	0.00969
8	0.02591	0.01784	0.01874	0.01483	0.01992	0.06923	0.01207	0.41174	0.11352	0.19456	0.01987	0.01885	0.01382	0.00832	0.00682	0.00208	0.00722	0.00640	0.00699	0.01127
9	0.00885	0.00639	0.00826	0.00948	0.01006	0.00611	0.00637	0.01076	0.03825	0.01830	0.08483	0.63086	0.04440	0.06967	0.01036	0.00297	0.00415	0.01789	0.00631	0.00572
10	0.01378	0.01319	0.02246	0.56969	0.15142	0.01572	0.04537	0.01816	0.01392	0.01838	0.01219	0.01789	0.00943	0.00692	0.00762	0.00228	0.04414	0.00616	0.00311	0.00817
11	0.00978	0.00731	0.01087	0.01087	0.01205	0.00848	0.00840	0.01214	0.01096	0.01579	0.01844	0.02751	0.01738	0.07629	0.70785	0.01084	0.01791	0.00742	0.00368	0.00604
12	0.03048	0.01200	0.01609	0.01234	0.01764	0.01058	0.01019	0.06428	0.02017	0.68985	0.02650	0.02296	0.01669	0.00846	0.00688	0.00211	0.00590	0.00685	0.00839	0.01164
13	0.00988	0.00799	0.00935	0.00923	0.01060	0.00815	0.00669	0.01261	0.06359	0.01886	0.11121	0.19143	0.28643	0.13905	0.01386	0.00316	0.07278	0.01323	0.00584	0.00605
14	0.01292	0.01216	0.02052	0.74312	0.04712	0.01520	0.01900	0.01748	0.01368	0.01748	0.01216	0.01824	0.00912	0.00684	0.00684	0.00228	0.00912	0.00608	0.00304	0.00760
15	0.00810	0.00686	0.00700	0.00711	0.00929	0.00576	0.00528	0.00980	0.01542	0.01841	0.06711	0.11371	0.66766	0.01761	0.00813	0.00234	0.00350	0.01479	0.00635	0.00576
16	0.00833	0.00599	0.00791	0.00944	0.00990	0.00556	0.00631	0.00954	0.01318	0.01750	0.03873	0.73272	0.06697	0.02130	0.00871	0.00276	0.00395	0.01929	0.00635	0.00556
17	0.02507	0.01868	0.02026	0.04130	0.02195	0.02078	0.01310	0.63536	0.06714	0.04144	0.01688	0.01697	0.01204	0.00822	0.00685	0.00208	0.00747	0.00624	0.00672	0.01145
18	0.02601	0.01916	0.02053	0.01574	0.02122	0.02122	0.01300	0.69408	0.03217	0.04312	0.01643	0.01643	0.01163	0.00821	0.00684	0.00205	0.00753	0.00616	0.00684	0.01163
19	0.01289	0.01212	0.02014	0.67833	0.04427	0.01522	0.01837	0.01717	0.01348	0.01742	0.01280	0.04166	0.01027	0.00760	0.00779	0.00234	0.05098	0.00650	0.00314	0.00753
20	0.00962	0.00687	0.00941	0.01099	0.01195	0.00666	0.00858	0.01174	0.01436	0.01890	0.03700	0.43150	0.04244	0.02022	0.00907	0.00296	0.00508	0.33038	0.00633	0.00591
21	0.01758	0.01457	0.01549	0.01385	0.01778	0.01673	0.01080	0.03623	0.67649	0.05699	0.02781	0.02543	0.02072	0.00925	0.00696	0.00231	0.00543	0.00770	0.00702	0.01086
22	0.01419	0.01216	0.01419	0.01013	0.01621	0.00912	0.00811	0.01723	0.01419	0.02229	0.01216	0.01419	0.01013	0.00507	0.00507	0.00101	0.00507	0.00405	0.00405	0.80139
23	0.02601	0.01916	0.02053	0.01574	0.02122	0.02122	0.01300	0.69408	0.03217	0.04312	0.01643	0.01643	0.01163	0.00821	0.00684	0.00205	0.00753	0.00616	0.00684	0.01163
24	0.00860	0.00695	0.00765	0.00747	0.00956	0.00600	0.00560	0.01082	0.01681	0.02137	0.27735	0.06108	0.50427	0.01625	0.00808	0.00226	0.00339	0.01377	0.00673	0.00600
25	0.02717	0.01338	0.01652	0.01298	0.01793	0.01303	0.01060	0.20204	0.06153	0.45812	0.04249	0.05506	0.01829	0.00917	0.00699	0.00214	0.00609	0.00745	0.00785	0.01119
26	0.01892	0.01180	0.01449	0.01068	0.01635	0.00929	0.00862	0.02185	0.01600	0.23047	0.04444	0.01836	0.01432	0.00643	0.00573	0.00139	0.00522	0.00522	0.00550	0.53493
27	0.01864	0.72893	0.03507	0.01199	0.01773	0.06059	0.01178	0.02081	0.01416	0.01613	0.00956	0.01104	0.00878	0.00591	0.00447	0.00148	0.00756	0.00369	0.00295	0.00874
28	0.02396	0.05419	0.22846	0.01440	0.02103	0.01308	0.01471	0.06526	0.01847	0.41454	0.04795	0.02077	0.01564	0.00796	0.00669	0.00210	0.00717	0.00636	0.00641	0.01085
29	0.05586	0.05640	0.01764	0.01285	0.01804	0.01393	0.01067	0.15514	0.08389	0.46702	0.02348	0.02107	0.01550	0.00827	0.00664	0.00209	0.00617	0.00653	0.00756	0.01125
30	0.03038	0.01214	0.01619	0.01241	0.01771	0.01080	0.01025	0.07736	0.02042	0.67643	0.02629	0.02283	0.01658	0.00845	0.00688	0.00211	0.00594	0.00683	0.00836	0.01164
31	0.00928	0.00726	0.00862	0.00927	0.01120	0.00660	0.00753	0.01158	0.01567	0.01949	0.07541	0.09795	0.40688	0.01800	0.00864	0.00265	0.00457	0.26708	0.00637	0.00599
32	0.02861	0.01118	0.01521	0.01182	0.01675	0.00970	0.00970	0.03132	0.01956	0.65282	0.09502	0.02604	0.02166	0.00901	0.00700	0.00212	0.00556	0.00742	0.00837	0.01113
33	0.01392	0.10992	0.60052	0.01807	0.02709	0.01654	0.02265	0.02086	0.01414	0.02066	0.01242	0.01497	0.00928	0.00965	0.05846	0.00273	0.01041	0.00507	0.00295	0.00968
34	0.02601	0.01916	0.02053	0.01574	0.02122	0.02122	0.01300	0.69408	0.03217	0.04312	0.01643	0.01643	0.01163	0.00821	0.00684	0.00205	0.00753	0.00616	0.00684	0.01163
35	0.00875	0.00727	0.00771	0.00778	0.00990	0.00646	0.00576	0.01155	0.05609	0.01955	0.10580	0.14978	0.54528	0.01715	0.00810	0.00236	0.00363	0.01454	0.00647	0.00609
36	0.01693	0.01626	0.02777	0.04199	0.71689	0.01626	0.02100	0.02100	0.01558	0.02235	0.01287	0.01693	0.01084	0.00610	0.00677	0.00203	0.00813	0.00610	0.00339	0.01084
37	0.01386	0.01266	0.02052	0.69084	0.04526	0.01563	0.01857	0.06611	0.01501	0.01932	0.01247	0.01811	0.00930	0.00694	0.00684	0.00226	0.00901	0.00609	0.00331	0.00789
38	0.01413	0.01423	0.02335	0.55496	0.04220	0.04999	0.11513	0.01851	0.01408	0.01801	0.01210	0.01776	0.00928	0.00706	0.00808	0.00231	0.06157	0.00628	0.00312	0.00784
39	0.00834	0.00595	0.00794	0.00953	0.00992	0.00556	0.00635	0.00953	0.01310	0.01746	0.03771	0.75510	0.04525	0.02143	0.00873	0.00278	0.00397	0.01945	0.00635	0.00556
40	0.02843	0.01114	0.01515	0.01179	0.01668	0.00967	0.00967	0.03114	0.01956	0.64672	0.10104	0.02629	0.02207	0.00906	0.00701	0.00212	0.00554	0.00747	0.00837	0.01108
41	0.01701	0.01481	0.01635	0.01594	0.06804	0.01696	0.01156	0.03525	0.65501	0.02817	0.02677	0.02491	0.02016	0.00905	0.00695	0.00230	0.00561	0.00762	0.00670	0.01083
42	0.01695	0.01930	0.07353	0.02650	0.03297	0.04169	0.55947	0.02228	0.01598	0.05415	0.01396	0.01804	0.01046	0.00636	0.00876	0.00231	0.05681	0.00760	0.00364	0.00923
43	0.75710	0.01313	0.01044	0.00920	0.01351	0.01500	0.00758	0.02098	0.01216	0.07585	0.01067	0.01191	0.00803	0.00649	0.00441	0.00212	0.00533	0.00391	0.00451	0.00769
44	0.01690	0.01666	0.02634	0.13198	0.58980	0.05707	0.02029	0.02090	0.01555	0.02140	0.01265	0.01684	0.01050	0.00625	0.00675	0.00205	0.00850	0.00600	0.00335	0.01025
45	0.02474	0.01821	0.01963	0.01529	0.02040	0.02009	0.01253	0.64487	0.03080	0.04127	0.01796	0.06952	0.01405	0.00916	0.00698	0.00211	0.00727	0.00711	0.00681	0.01120
46	0.02651	0.01836	0.02004	0.01536	0.02082	0.02003	0.01269	0.62385	0.03083	0.11523	0.01755	0.01715	0.01220	0.00824	0.00685	0.00206	0.00735	0.00624	0.00702	0.01164
47	0.04172	0.42808	0.13319	0.01754	0.02424	0.02238	0.20487	0.02104	0.01454	0.01897	0.01112	0.01357	0.00917	0.00594	0.00572	0.00182	0.00883	0.00510	0.00311	0.00905
48	0.03070	0.01164	0.01588	0.01217	0.01746	0.01006	0.01006	0.03334	0.01958	0.72163	0.02699	0.02329	0.01694	0.00847	0.00688	0.00212	0.00582	0.00688	0.00847	0.01164
49	0.00834	0.00595	0.00794	0.00953	0.00992	0.00556	0.00635	0.00953	0.01310	0.01746	0.03771	0.75510	0.04525	0.02143	0.00873	0.00278	0.00397	0.01945	0.00635	0.00556
50	0.05446	0.01595	0.01692	0.01408	0.01866	0.03594	0.01127	0.23023	0.34982	0.14266	0.02311	0.02153	0.01664	0.00866	0.00678	0.00219	0.00628	0.00688	0.00696	0.01098
51	0.00995	0.00663	0.00746	0.00746	0.00746	0.00663	0.00415	0.00995	0.00995	0.01327	0.02156	0.04477	0.02487	0.75957	0.03482	0.00663	0.00663	0.00995	0.00415	0.00415
52	0.03053	0.01191	0.01604	0.01230	0.01760	0.01045	0.01016	0.05690	0.02003	0.69744	0.02661	0.02304	0.01675	0.00846	0.00688	0.00211	0.00588	0.00685	0.00841	0.01164
53	0.01812	0.73675	0.06130	0.01199	0.01800	0.02666	0.01221	0.02053	0.01392	0.01630	0.00961	0.01110	0.00878	0.00588	0.00447	0.00149	0.00742	0.00371	0.00293	0.00883
54	0.00847	0.00610	0.00802	0.00933	0.00993	0.00566	0.00632	0.00989	0.01385	0.01854	0.10896	0.65525	0.07333	0.02050	0.00864	0.00270	0.00387	0.01852	0.00647	0.00566
55	0.01038	0.00818	0.01087	0.01081	0.01196	0.03507	0.00818	0.01250	0.01118	0.01559	0.01844	0.02854	0.01775	0.13660	0.61998	0.01012	0.01667	0.00754	0.00372	0.00593
56	0.02310	0.01654	0.01747	0.01440	0.01906	0.05290	0.01154	0.25965	0.31101	0.16444	0.02292	0.02134	0.01638	0.00865	0.00687	0.00216	0.00656	0.00687	0.00704	0.01111
57	0.01693	0.01626	0.02777	0.04199	0.71689	0.01626	0.02100	0.02100	0.01558	0.02235	0.01287	0.01693	0.01084	0.00610	0.00677	0.00203	0.00813	0.00610	0.00339	0.01084
58	0.00995	0.00663	0.00746	0.00746	0.00746	0.00663	0.00415	0.00995	0.00995	0.01327	0.02156	0.04477	0.02487	0.75957	0.03482	0.00663	0.00663	0.00995	0.00415	0.00415
59	0.02931	0.01386	0.01725	0.01322	0.01857	0.01334	0.01092	0.22786	0.02329	0.52187	0.02388	0.02127	0.01537	0.00839	0.00687	0.00210	0.00632	0.00667	0.00799	0.01164
60	0.02416	0.01695	0.01861	0.01470	0.01952	0.01842	0.01195	0.55885	0.02884	0.09108	0.01988	0.10911	0.01623	0.00988	0.00708	0.00215	0.00696	0.00787	0.00690	0.01088
61	0.01681	0.01613	0.02755	0.06286	0.69695	0.01622	0.02094	0.02089	0.01552	0.02221	0.01285	0.01697	0.01079	0.00612	0.00677	0.00204	0.00816	0.00610	0.00338	0.01074
62	0.02026	0.05251	0.01699	0.01403	0.01809	0.14841	0.01104	0.05846	0.40234	0.11068	0.02521	0.02369	0.05019	0.00895	0.00673	0.00214	0.00682	0.00708	0.00629	0.01009

[dist]
# distance from previous block
# <min> <max>
0	2

[block]
# block no. 1 follows, 31 sequences, length 24
# corresponding to MSA columns:
# 119-142
name=unknown_B
#
# <colnr> <probs for GDERKNQSTAVLIFYWHMCP>
#	G	D	E	R	K	N	Q	S	T	A	V	L	I	F	Y	W	H	M	C	P
0	0.62699	0.01387	0.01328	0.01131	0.01571	0.01575	0.06252	0.02267	0.11517	0.02969	0.01260	0.01384	0.00965	0.00674	0.00495	0.00216	0.00581	0.00465	0.00458	0.00806
1	0.02486	0.13001	0.02281	0.01514	0.02067	0.02209	0.01281	0.59379	0.02945	0.03909	0.01540	0.01561	0.01121	0.00786	0.00648	0.00197	0.00750	0.00579	0.00626	0.01121
2	0.00952	0.00699	0.00891	0.00843	0.01012	0.00638	0.00632	0.01259	0.01897	0.02650	0.64591	0.05265	0.13250	0.01434	0.00807	0.00217	0.00325	0.01259	0.00741	0.00638
3	0.02212	0.15807	0.04949	0.05438	0.11273	0.45429	0.01469	0.02462	0.01747	0.01758	0.01083	0.01306	0.00908	0.00668	0.00598	0.00178	0.01067	0.00460	0.00336	0.00852
4	0.02556	0.03261	0.01939	0.01763	0.02115	0.73210	0.01322	0.02732	0.01939	0.01674	0.01058	0.01234	0.00881	0.00705	0.00617	0.00176	0.01234	0.00441	0.00353	0.00793
5	0.01693	0.01626	0.02777	0.04199	0.71689	0.01626	0.02100	0.02100	0.01558	0.02235	0.01287	0.01693	0.01084	0.00610	0.00677	0.00203	0.00813	0.00610	0.00339	0.01084
6	0.01188	0.00594	0.00891	0.00891	0.00891	0.00594	0.00594	0.00891	0.00891	0.01188	0.01188	0.02080	0.01188	0.02377	0.02674	0.80095	0.00594	0.00594	0.00297	0.00297
7	0.03040	0.01211	0.01617	0.01240	0.01770	0.01075	0.01024	0.07466	0.02037	0.67919	0.02633	0.02286	0.01660	0.00845	0.00688	0.00211	0.00593	0.00683	0.00837	0.01164
8	0.00926	0.00667	0.00876	0.00890	0.01013	0.00617	0.00642	0.01184	0.01739	0.02429	0.50047	0.27287	0.05847	0.01633	0.00828	0.00235	0.00346	0.01460	0.00716	0.00617
9	0.00845	0.00616	0.00796	0.00917	0.00988	0.00567	0.00624	0.00991	0.01400	0.01860	0.11092	0.61171	0.11563	0.02024	0.00860	0.00267	0.00384	0.01820	0.00647	0.00567
10	0.01055	0.00847	0.01248	0.01203	0.01307	0.01040	0.00951	0.01285	0.01092	0.01597	0.01693	0.02510	0.01589	0.04545	0.62674	0.00980	0.12682	0.00713	0.00357	0.00631
11	0.00834	0.00595	0.00794	0.00953	0.00992	0.00556	0.00635	0.00953	0.01310	0.01746	0.03771	0.75510	0.04525	0.02143	0.00873	0.00278	0.00397	0.01945	0.00635	0.00556
12	0.00858	0.00605	0.00787	0.00922	0.00956	0.00572	0.00602	0.00959	0.01263	0.01684	0.03530	0.64934	0.04222	0.13133	0.01262	0.00335	0.00437	0.01803	0.00602	0.00535
13	0.01780	0.01826	0.02576	0.11189	0.54306	0.12273	0.01963	0.02157	0.01595	0.02101	0.01245	0.01639	0.01036	0.00632	0.00669	0.00202	0.00886	0.00584	0.00337	0.01006
14	0.01018	0.00860	0.00900	0.00861	0.01118	0.00826	0.00654	0.01585	0.16367	0.02164	0.13116	0.05558	0.49418	0.01524	0.00784	0.00229	0.00386	0.01277	0.00661	0.00693
15	0.00879	0.00696	0.00791	0.00767	0.00967	0.00608	0.00575	0.01118	0.01726	0.02243	0.35347	0.05934	0.42748	0.01585	0.00808	0.00224	0.00336	0.01353	0.00687	0.00608
16	0.02658	0.01824	0.01996	0.01530	0.02075	0.01984	0.01264	0.61266	0.03062	0.12672	0.01773	0.01727	0.01229	0.00824	0.00685	0.00206	0.00732	0.00625	0.00704	0.01164
17	0.01498	0.17571	0.48732	0.01936	0.02816	0.01829	0.12189	0.02147	0.01459	0.02061	0.01197	0.01436	0.00894	0.00626	0.00632	0.00205	0.00977	0.00523	0.00298	0.00972
18	0.01829	0.76368	0.03585	0.01171	0.01756	0.02707	0.01171	0.02049	0.01390	0.01610	0.00951	0.01097	0.00878	0.00585	0.00439	0.00146	0.00732	0.00366	0.00293	0.00878
19	0.01376	0.01406	0.03982	0.63219	0.06583	0.05982	0.01849	0.01819	0.01429	0.01801	0.03360	0.01873	0.01085	0.00704	0.00682	0.00223	0.00914	0.00614	0.00322	0.00776
20	0.01715	0.01700	0.02627	0.03824	0.61851	0.06398	0.01973	0.02088	0.01562	0.02160	0.01432	0.01807	0.03267	0.00676	0.00744	0.00206	0.03965	0.00624	0.00347	0.01034
21	0.04677	0.01517	0.01530	0.01476	0.07193	0.10992	0.01061	0.14632	0.09990	0.06646	0.04395	0.09340	0.10303	0.01061	0.00693	0.00210	0.00650	0.03640	0.03094	0.06902
22	0.05154	0.06113	0.02176	0.05751	0.02245	0.03611	0.13979	0.05614	0.09554	0.31834	0.05362	0.02182	0.01662	0.00792	0.00689	0.00213	0.00727	0.00699	0.00627	0.01017
23	0.01797	0.01464	0.04349	0.05094	0.29654	0.03262	0.03631	0.08272	0.01805	0.13067	0.09335	0.04850	0.08593	0.00907	0.00713	0.00212	0.00696	0.00806	0.00526	0.00966

[dist]
# distance from previous block
# <min> <max>
14	147

[block]
# block no. 2 follows, 31 sequences, length 6
# corresponding to MSA columns:
# 291-296
name=unknown_C
#
# <colnr> <probs for GDERKNQSTAVLIFYWHMCP>
#	G	D	E	R	K	N	Q	S	T	A	V	L	I	F	Y	W	H	M	C	P
0	0.09554	0.04671	0.08844	0.07460	0.16583	0.09118	0.01374	0.04413	0.01605	0.02284	0.11416	0.10412	0.02135	0.00918	0.00662	0.00205	0.00713	0.00774	0.00449	0.06409
1	0.14669	0.09575	0.25989	0.04675	0.08163	0.09899	0.05784	0.09465	0.01659	0.02428	0.01196	0.01414	0.00911	0.00660	0.00606	0.00203	0.00892	0.00505	0.00369	0.00937
2	0.01760	0.01921	0.05252	0.08355	0.31842	0.17285	0.01653	0.02322	0.10874	0.02144	0.04176	0.06269	0.01557	0.00802	0.00682	0.00209	0.00842	0.00693	0.00418	0.00943
3	0.35682	0.13459	0.06911	0.08016	0.16179	0.01715	0.01325	0.02092	0.01359	0.06046	0.01152	0.01375	0.00905	0.00638	0.00530	0.00201	0.00689	0.00465	0.00387	0.00875
4	0.01198	0.00712	0.01074	0.01210	0.07675	0.00723	0.00741	0.01046	0.00984	0.01338	0.01358	0.02355	0.01364	0.10423	0.08636	0.57052	0.00729	0.00651	0.00320	0.00412
5	0.02138	0.06548	0.04766	0.09471	0.07797	0.22234	0.06213	0.20865	0.08681	0.02612	0.01440	0.01611	0.01103	0.00731	0.00659	0.00201	0.00927	0.00575	0.00464	0.00963

[dist]
# distance from previous block
# <min> <max>
0	1

[block]
# block no. 3 follows, 31 sequences, length 99
# corresponding to MSA columns:
# 298-396
name=unknown_D
#
# <colnr> <probs for GDERKNQSTAVLIFYWHMCP>
#	G	D	E	R	K	N	Q	S	T	A	V	L	I	F	Y	W	H	M	C	P
0	0.27812	0.11468	0.01869	0.01505	0.04515	0.38598	0.01145	0.02390	0.01606	0.02141	0.01019	0.01195	0.00843	0.00664	0.00535	0.00185	0.00928	0.00415	0.00368	0.00798
1	0.80789	0.01323	0.01006	0.00900	0.01323	0.01535	0.00741	0.02011	0.01164	0.03070	0.00953	0.01111	0.00741	0.00635	0.00423	0.00212	0.00529	0.00370	0.00423	0.00741
2	0.00962	0.00699	0.00906	0.00854	0.01018	0.00643	0.00641	0.01279	0.01922	0.02709	0.68878	0.05166	0.08926	0.01411	0.00807	0.00216	0.00324	0.01245	0.00749	0.00643
3	0.00844	0.00604	0.00803	0.00945	0.00995	0.00563	0.00636	0.00979	0.01359	0.01824	0.09056	0.70003	0.04676	0.02085	0.00868	0.00273	0.00391	0.01890	0.00644	0.00563
4	0.00900	0.00647	0.00866	0.01003	0.01083	0.00612	0.00731	0.01078	0.01421	0.01891	0.09107	0.53908	0.06295	0.02021	0.00881	0.00280	0.00439	0.15615	0.00643	0.00579
5	0.00952	0.00687	0.00900	0.00872	0.01018	0.00635	0.00644	0.01250	0.01860	0.02622	0.63105	0.13680	0.06220	0.01489	0.00815	0.00223	0.00332	0.01323	0.00739	0.00635
6	0.08744	0.01747	0.01854	0.01450	0.01964	0.04012	0.01189	0.49115	0.02752	0.15379	0.01808	0.03824	0.01307	0.00845	0.00668	0.00208	0.00711	0.00642	0.00680	0.01102
7	0.01651	0.01582	0.02700	0.11618	0.64602	0.01614	0.02079	0.02062	0.01538	0.02184	0.01279	0.01707	0.01066	0.00617	0.00678	0.00206	0.00823	0.00609	0.00335	0.01049
8	0.01829	0.76368	0.03585	0.01171	0.01756	0.02707	0.01171	0.02049	0.01390	0.01610	0.00951	0.01097	0.00878	0.00585	0.00439	0.00146	0.00732	0.00366	0.00293	0.00878
9	0.01462	0.01242	0.01442	0.01034	0.01640	0.00956	0.00829	0.04201	0.01485	0.02306	0.01232	0.01427	0.01019	0.00518	0.00513	0.00105	0.00516	0.00413	0.00416	0.77247
10	0.01440	0.05332	0.61481	0.07570	0.03022	0.01641	0.02380	0.05460	0.01525	0.02224	0.01240	0.01474	0.00885	0.00659	0.00648	0.00215	0.00983	0.00515	0.00310	0.00995
11	0.02556	0.03261	0.01939	0.01763	0.02115	0.73210	0.01322	0.02732	0.01939	0.01674	0.01058	0.01234	0.00881	0.00705	0.00617	0.00176	0.01234	0.00441	0.00353	0.00793
12	0.00948	0.00756	0.01082	0.17517	0.01846	0.00788	0.00931	0.01159	0.01364	0.01773	0.03540	0.47788	0.11164	0.01755	0.00827	0.00263	0.00519	0.04813	0.00560	0.00608
13	0.01292	0.01216	0.02052	0.74312	0.04712	0.01520	0.01900	0.01748	0.01368	0.01748	0.01216	0.01824	0.00912	0.00684	0.00684	0.00228	0.00912	0.00608	0.00304	0.00760
14	0.01578	0.38541	0.36625	0.01543	0.02316	0.02101	0.01812	0.02075	0.01406	0.01877	0.01117	0.01323	0.00903	0.00783	0.03207	0.00215	0.00906	0.00447	0.00294	0.00932
15	0.00930	0.00716	0.00856	0.00876	0.01062	0.00649	0.00689	0.01176	0.01660	0.02149	0.25558	0.06332	0.34024	0.03979	0.00923	0.00259	0.00414	0.16479	0.00663	0.00605
16	0.02943	0.01177	0.01577	0.01217	0.01729	0.01041	0.01002	0.06415	0.02018	0.65457	0.06047	0.02433	0.01904	0.00873	0.00694	0.00212	0.00578	0.00712	0.00834	0.01139
17	0.00990	0.00680	0.00832	0.00831	0.00864	0.00707	0.00523	0.01056	0.01047	0.01428	0.04109	0.04083	0.02425	0.57457	0.19473	0.00751	0.00923	0.00942	0.00413	0.00467
18	0.07612	0.01327	0.02152	0.50995	0.21235	0.01548	0.01859	0.01857	0.01400	0.01973	0.01213	0.01735	0.00942	0.00662	0.00662	0.00221	0.00857	0.00590	0.00322	0.00840
19	0.01372	0.03539	0.72412	0.01950	0.02961	0.01589	0.02528	0.02167	0.01444	0.02167	0.01228	0.01444	0.00867	0.00650	0.00650	0.00217	0.01011	0.00506	0.00289	0.01011
20	0.00990	0.00684	0.00852	0.00852	0.00889	0.00721	0.00547	0.01063	0.01026	0.01405	0.02059	0.03939	0.02254	0.54679	0.24440	0.00794	0.01015	0.00916	0.00400	0.00474
21	0.07602	0.00962	0.01198	0.02697	0.01400	0.00931	0.00823	0.04645	0.04955	0.21474	0.38317	0.05725	0.04165	0.01154	0.00736	0.00216	0.00450	0.00985	0.00735	0.00832
22	0.02125	0.14234	0.02165	0.01839	0.10388	0.41220	0.01302	0.04269	0.03535	0.01912	0.05805	0.01836	0.05015	0.00781	0.00622	0.00182	0.00969	0.00565	0.00399	0.00839
23	0.00833	0.00599	0.00790	0.00943	0.00990	0.00557	0.00631	0.00954	0.01319	0.01750	0.03891	0.72898	0.07060	0.02128	0.00871	0.00276	0.00395	0.01926	0.00635	0.00557
24	0.01130	0.00821	0.01005	0.00944	0.01132	0.00796	0.00706	0.09212	0.01908	0.02617	0.42922	0.16243	0.11975	0.01522	0.00872	0.03151	0.00398	0.01277	0.00697	0.00672
25	0.01674	0.01663	0.04516	0.06040	0.68141	0.01622	0.02105	0.02092	0.01550	0.02220	0.01283	0.01691	0.01074	0.00613	0.00677	0.00204	0.00820	0.00607	0.00336	0.01073
26	0.01372	0.03539	0.72412	0.01950	0.02961	0.01589	0.02528	0.02167	0.01444	0.02167	0.01228	0.01444	0.00867	0.00650	0.00650	0.00217	0.01011	0.00506	0.00289	0.01011
27	0.01372	0.03539	0.72412	0.01950	0.02961	0.01589	0.02528	0.02167	0.01444	0.02167	0.01228	0.01444	0.00867	0.00650	0.00650	0.00217	0.01011	0.00506	0.00289	0.01011
28	0.02558	0.03187	0.01945	0.01752	0.02115	0.69311	0.01321	0.06389	0.02009	0.01819	0.01090	0.01256	0.00897	0.00711	0.00621	0.00178	0.01207	0.00450	0.00371	0.00813
29	0.01445	0.15164	0.61425	0.01826	0.02769	0.01767	0.02311	0.02148	0.01436	0.02078	0.01184	0.01389	0.00868	0.00640	0.00616	0.00205	0.00966	0.00483	0.00289	0.00990
30	0.00961	0.00699	0.00905	0.00853	0.01018	0.00642	0.00640	0.01277	0.01920	0.02704	0.68460	0.05176	0.09348	0.01414	0.00807	0.00216	0.00324	0.01246	0.00748	0.00642
31	0.02121	0.01640	0.01755	0.01439	0.01896	0.01827	0.01155	0.38055	0.28556	0.03556	0.02165	0.04914	0.01660	0.00905	0.00686	0.00214	0.00640	0.00723	0.02940	0.03152
32	0.01372	0.03539	0.72412	0.01950	0.02961	0.01589	0.02528	0.02167	0.01444	0.02167	0.01228	0.01444	0.00867	0.00650	0.00650	0.00217	0.01011	0.00506	0.00289	0.01011
33	0.01406	0.11254	0.62299	0.01825	0.02758	0.01673	0.02310	0.02121	0.01457	0.02129	0.03865	0.01547	0.01080	0.00672	0.00633	0.00209	0.00955	0.00518	0.00307	0.00983
34	0.01329	0.00779	0.01030	0.00922	0.01146	0.00707	0.00707	0.01641	0.01940	0.14648	0.59559	0.04633	0.05639	0.01304	0.00787	0.00215	0.00367	0.01143	0.00769	0.00734
35	0.00864	0.00626	0.00824	0.00970	0.01039	0.00586	0.00683	0.01011	0.01361	0.01791	0.03992	0.62042	0.09515	0.02081	0.00877	0.00279	0.00421	0.09836	0.00634	0.00566
36	0.00968	0.00699	0.00914	0.00861	0.01022	0.00646	0.00646	0.01291	0.01937	0.02743	0.71328	0.05110	0.06455	0.01399	0.00807	0.00215	0.00323	0.01237	0.00753	0.00646
37	0.01357	0.01256	0.01972	0.62787	0.04248	0.01549	0.01771	0.02046	0.12287	0.01924	0.01464	0.01939	0.01098	0.00723	0.00686	0.00229	0.00853	0.00634	0.00366	0.00811
38	0.01829	0.76368	0.03585	0.01171	0.01756	0.02707	0.01171	0.02049	0.01390	0.01610	0.00951	0.01097	0.00878	0.00585	0.00439	0.00146	0.00732	0.00366	0.00293	0.00878
39	0.00968	0.00699	0.00914	0.00861	0.01022	0.00646	0.00646	0.01291	0.01937	0.02743	0.71328	0.05110	0.06455	0.01399	0.00807	0.00215	0.00323	0.01237	0.00753	0.00646
40	0.00834	0.00595	0.00794	0.00953	0.00992	0.00556	0.00635	0.00953	0.01310	0.01746	0.03771	0.75510	0.04525	0.02143	0.00873	0.00278	0.00397	0.01945	0.00635	0.00556
41	0.00977	0.00733	0.01100	0.01100	0.01222	0.00855	0.00855	0.01222	0.01100	0.01588	0.01833	0.02688	0.01710	0.05131	0.73245	0.01100	0.01833	0.00733	0.00367	0.00611
42	0.02998	0.01176	0.01576	0.01213	0.01731	0.01035	0.01000	0.05701	0.01988	0.67556	0.02646	0.02310	0.01676	0.00844	0.00681	0.00210	0.00580	0.00684	0.03246	0.01148
43	0.01440	0.00796	0.00813	0.00754	0.00961	0.00822	0.00580	0.10002	0.01656	0.02769	0.02159	0.02438	0.01680	0.00800	0.00504	0.00165	0.00373	0.00635	0.69950	0.00703
44	0.01615	0.01845	0.04037	0.02884	0.03576	0.01730	0.69204	0.02191	0.01615	0.02191	0.01384	0.01845	0.01038	0.00577	0.00807	0.00231	0.01153	0.00807	0.00346	0.00923
45	0.80789	0.01323	0.01006	0.00900	0.01323	0.01535	0.00741	0.02011	0.01164	0.03070	0.00953	0.01111	0.00741	0.00635	0.00423	0.00212	0.00529	0.00370	0.00423	0.00741
46	0.00840	0.00694	0.00737	0.00726	0.00943	0.00591	0.00545	0.01043	0.01634	0.02025	0.19643	0.06293	0.58589	0.01667	0.00808	0.00228	0.00342	0.01403	0.00659	0.00591
47	0.01829	0.76368	0.03585	0.01171	0.01756	0.02707	0.01171	0.02049	0.01390	0.01610	0.00951	0.01097	0.00878	0.00585	0.00439	0.00146	0.00732	0.00366	0.00293	0.00878
48	0.80789	0.01323	0.01006	0.00900	0.01323	0.01535	0.00741	0.02011	0.01164	0.03070	0.00953	0.01111	0.00741	0.00635	0.00423	0.00212	0.00529	0.00370	0.00423	0.00741
49	0.01679	0.01583	0.02647	0.13576	0.59521	0.01633	0.02037	0.05050	0.01606	0.02262	0.01293	0.01709	0.01064	0.00629	0.00679	0.00207	0.00824	0.00610	0.00349	0.01043
50	0.00979	0.00728	0.01073	0.01073	0.01186	0.00841	0.00822	0.01205	0.01092	0.01568	0.01857	0.02823	0.01769	0.10491	0.67966	0.01066	0.01744	0.00753	0.00370	0.00596
51	0.00968	0.00699	0.00914	0.00861	0.01022	0.00646	0.00646	0.01291	0.01937	0.02743	0.71328	0.05110	0.06455	0.01399	0.00807	0.00215	0.00323	0.01237	0.00753	0.00646
52	0.01693	0.01626	0.02777	0.04199	0.71689	0.01626	0.02100	0.02100	0.01558	0.02235	0.01287	0.01693	0.01084	0.00610	0.00677	0.00203	0.00813	0.00610	0.00339	0.01084
53	0.00992	0.00674	0.00801	0.00801	0.00820	0.00693	0.00483	0.01030	0.01011	0.01367	0.02106	0.04201	0.02367	0.65021	0.14253	0.00731	0.00844	0.00954	0.00407	0.00445
54	0.04021	0.53818	0.08386	0.01344	0.01910	0.17120	0.01293	0.02197	0.01501	0.01703	0.00994	0.01152	0.00874	0.00616	0.00491	0.00160	0.00851	0.00392	0.00308	0.00867
55	0.02127	0.01982	0.07899	0.02237	0.20292	0.10083	0.01541	0.26345	0.06146	0.07126	0.06111	0.01910	0.01514	0.00783	0.00681	0.00205	0.00796	0.00638	0.00537	0.01048
56	0.04234	0.05712	0.22720	0.01674	0.02232	0.30372	0.01607	0.07701	0.05991	0.02191	0.03275	0.01946	0.01324	0.00804	0.00652	0.00204	0.00983	0.05077	0.00410	0.00891
57	0.01716	0.04648	0.07225	0.01155	0.01544	0.06710	0.00995	0.09623	0.01915	0.15913	0.19183	0.07091	0.17125	0.01179	0.00730	0.00214	0.00576	0.00976	0.00644	0.00838
58	0.01907	0.65052	0.03365	0.01358	0.04548	0.10742	0.01224	0.02129	0.01460	0.01642	0.00977	0.01137	0.00886	0.00600	0.00469	0.00152	0.00792	0.00384	0.00301	0.00876
59	0.62181	0.07150	0.01293	0.06477	0.01607	0.01566	0.00861	0.02026	0.01239	0.05461	0.01094	0.01273	0.00845	0.00650	0.00457	0.00206	0.00567	0.00412	0.03870	0.00765
60	0.00978	0.00731	0.01089	0.01089	0.01208	0.00850	0.00843	0.01215	0.01097	0.01581	0.01842	0.02739	0.01733	0.07156	0.71251	0.01087	0.01799	0.00740	0.00368	0.00605
61	0.01512	0.00816	0.01063	0.00938	0.01197	0.00732	0.00725	0.01803	0.01882	0.20818	0.44713	0.06473	0.09610	0.01281	0.00768	0.00216	0.00394	0.01111	0.03174	0.00774
62	0.00863	0.00622	0.00799	0.00904	0.00972	0.00578	0.00611	0.01005	0.01390	0.01859	0.13185	0.55044	0.09693	0.07784	0.01063	0.00296	0.00404	0.01735	0.00634	0.00559
63	0.01558	0.01193	0.01561	0.03385	0.01757	0.01103	0.06157	0.13215	0.01767	0.05956	0.04535	0.17609	0.02133	0.01022	0.00675	0.00189	0.00580	0.02935	0.04069	0.28601
64	0.01806	0.65316	0.11284	0.01281	0.01906	0.05318	0.01330	0.02088	0.01418	0.01675	0.00986	0.01142	0.00877	0.00597	0.00470	0.00155	0.00783	0.00384	0.00295	0.00890
65	0.01793	0.01322	0.01467	0.01273	0.01568	0.03598	0.00983	0.32653	0.04020	0.02890	0.04102	0.19396	0.02166	0.01652	0.05438	0.12612	0.00706	0.00951	0.00586	0.00824
66	0.00968	0.00740	0.00900	0.00891	0.01082	0.00687	0.00694	0.01305	0.04371	0.02365	0.38486	0.05868	0.25853	0.01559	0.00825	0.00236	0.00386	0.11450	0.00696	0.00639
67	0.01610	0.01567	0.02541	0.24082	0.50133	0.04146	0.02015	0.02022	0.01517	0.02076	0.01259	0.01714	0.01028	0.00634	0.00677	0.00209	0.00856	0.00603	0.00329	0.00981
68	0.01076	0.00745	0.00963	0.00893	0.01077	0.00697	0.00675	0.01454	0.04379	0.05443	0.66221	0.04911	0.06115	0.01360	0.00798	0.00216	0.00341	0.01199	0.00755	0.00681
69	0.01608	0.01328	0.01521	0.01103	0.01702	0.01106	0.00889	0.12589	0.01707	0.02564	0.01284	0.01455	0.01037	0.00557	0.00535	0.00118	0.00546	0.00439	0.00450	0.67460
70	0.01320	0.01239	0.02064	0.69384	0.07159	0.01530	0.01882	0.01820	0.03527	0.01801	0.01268	0.01842	0.00955	0.00689	0.00684	0.00227	0.00897	0.00613	0.00318	0.00782
71	0.04791	0.01211	0.01587	0.01222	0.01749	0.01082	0.01007	0.06124	0.03827	0.63049	0.02558	0.02241	0.01633	0.00830	0.00675	0.00208	0.00584	0.00669	0.00809	0.04145
72	0.01676	0.01447	0.01522	0.01372	0.01754	0.01669	0.01067	0.03559	0.68475	0.02833	0.02904	0.02668	0.04079	0.00951	0.00699	0.00232	0.00536	0.00793	0.00694	0.01068
73	0.01366	0.01278	0.02088	0.61305	0.11459	0.01545	0.01857	0.01932	0.06792	0.01886	0.01346	0.01867	0.01022	0.00695	0.00684	0.00226	0.00873	0.00621	0.00338	0.00819
74	0.01562	0.01262	0.01297	0.01130	0.01465	0.03868	0.00884	0.22962	0.10777	0.02790	0.08056	0.10227	0.28302	0.01322	0.00754	0.00224	0.00535	0.01093	0.00655	0.00836
75	0.01066	0.00779	0.01042	0.01140	0.01307	0.00766	0.00962	0.01414	0.03652	0.02175	0.16240	0.08873	0.09436	0.01767	0.00900	0.00287	0.00543	0.46356	0.00655	0.00640
76	0.00989	0.00733	0.00926	0.00872	0.01048	0.00687	0.00655	0.01372	0.04959	0.02681	0.63385	0.05108	0.11193	0.01403	0.00802	0.00217	0.00334	0.01232	0.00742	0.00660
77	0.01351	0.01308	0.02176	0.55861	0.04071	0.01646	0.05718	0.01754	0.01319	0.01754	0.01163	0.01761	0.00917	0.00779	0.00999	0.00242	0.15493	0.00618	0.00306	0.00767
78	0.01699	0.01658	0.02499	0.03615	0.56761	0.06960	0.01903	0.02133	0.04043	0.02196	0.01561	0.02304	0.01395	0.00759	0.00701	0.00214	0.00816	0.07386	0.00382	0.01015
79	0.00840	0.00601	0.00800	0.00948	0.00994	0.00560	0.00636	0.00969	0.01341	0.01796	0.07116	0.72024	0.04620	0.02106	0.00870	0.00275	0.00393	0.01910	0.00641	0.00560
80	0.01458	0.00814	0.00833	0.00767	0.00979	0.00842	0.00591	0.10931	0.01680	0.02793	0.02151	0.02426	0.01672	0.00800	0.00507	0.00166	0.00379	0.00635	0.68868	0.00710
81	0.07585	0.03365	0.66826	0.01868	0.02833	0.01585	0.02388	0.02154	0.01422	0.02237	0.01206	0.01418	0.00857	0.00649	0.00632	0.00216	0.00973	0.00495	0.00299	0.00990
82	0.00844	0.00603	0.00806	0.00965	0.01009	0.00565	0.00653	0.00971	0.01320	0.01758	0.03765	0.72878	0.04502	0.02134	0.00876	0.00279	0.00406	0.04474	0.00635	0.00559
83	0.80789	0.01323	0.01006	0.00900	0.01323	0.01535	0.00741	0.02011	0.01164	0.03070	0.00953	0.01111	0.00741	0.00635	0.00423	0.00212	0.00529	0.00370	0.00423	0.00741
84	0.01145	0.00615	0.00896	0.00885	0.00917	0.00604	0.00604	0.00970	0.01098	0.01495	0.15034	0.02678	0.02228	0.02184	0.02305	0.64327	0.00541	0.00721	0.00387	0.00366
85	0.00834	0.00595	0.00794	0.00953	0.00992	0.00556	0.00635	0.00953	0.01310	0.01746	0.03771	0.75510	0.04525	0.02143	0.00873	0.00278	0.00397	0.01945	0.00635	0.00556
86	0.00995	0.00663	0.00746	0.00746	0.00746	0.00663	0.00415	0.00995	0.00995	0.01327	0.02156	0.04477	0.02487	0.75957	0.03482	0.00663	0.00663	0.00995	0.00415	0.00415
87	0.01407	0.01316	0.02194	0.58569	0.17717	0.01558	0.01922	0.03726	0.01457	0.01915	0.01242	0.01793	0.00953	0.00673	0.00683	0.00223	0.00888	0.00609	0.00321	0.00835
88	0.01644	0.01575	0.02688	0.12807	0.63466	0.01613	0.02075	0.02056	0.01534	0.02175	0.01278	0.01709	0.01063	0.00619	0.00678	0.00206	0.00825	0.00609	0.00334	0.01044
89	0.00968	0.00699	0.00914	0.00861	0.01022	0.00646	0.00646	0.01291	0.01937	0.02743	0.71328	0.05110	0.06455	0.01399	0.00807	0.00215	0.00323	0.01237	0.00753	0.00646
90	0.01642	0.01522	0.02446	0.05711	0.55769	0.01532	0.01841	0.07046	0.01678	0.02330	0.01999	0.02289	0.09645	0.00765	0.00694	0.00207	0.00754	0.00712	0.00400	0.01018
91	0.67961	0.01414	0.02870	0.01000	0.01439	0.01574	0.00840	0.04582	0.08315	0.03070	0.01171	0.01286	0.00897	0.00672	0.00466	0.00214	0.00550	0.00424	0.00457	0.00798
92	0.01003	0.00757	0.01095	0.01082	0.01182	0.00884	0.00823	0.01209	0.01083	0.01555	0.01835	0.02881	0.01781	0.14708	0.60478	0.01004	0.04917	0.00763	0.00370	0.00590
93	0.00816	0.00693	0.00704	0.00701	0.00929	0.00581	0.00526	0.00997	0.01578	0.01892	0.10120	0.06511	0.68195	0.01716	0.00808	0.00230	0.00345	0.01434	0.00641	0.00581
94	0.02357	0.07657	0.02124	0.01628	0.05064	0.02079	0.01290	0.50712	0.13734	0.03779	0.01755	0.01747	0.01285	0.00811	0.00667	0.00205	0.00720	0.00621	0.00641	0.01125
95	0.01467	0.09754	0.50988	0.02087	0.02989	0.01721	0.17221	0.02161	0.01477	0.02122	0.01237	0.01502	0.00906	0.00628	0.00666	0.00213	0.01017	0.00560	0.00302	0.00979
96	0.02462	0.01804	0.01928	0.01499	0.02011	0.01996	0.01231	0.61347	0.06420	0.04115	0.01741	0.01752	0.01251	0.00825	0.00670	0.00203	0.00712	0.00625	0.06286	0.01122
97	0.01075	0.00768	0.01069	0.01216	0.01365	0.00762	0.01043	0.01375	0.01572	0.02058	0.06987	0.12892	0.04108	0.01885	0.00933	0.00307	0.00597	0.58727	0.00636	0.00625
98	0.11540	0.49918	0.05692	0.01313	0.01858	0.09974	0.04544	0.02098	0.01424	0.01845	0.01028	0.01225	0.00901	0.00779	0.03242	0.00201	0.00834	0.00416	0.00320	0.00849

[dist]
# distance from previous block
# <min> <max>
0	4

[block]
# block no. 4 follows, 31 sequences, length 44
# corresponding to MSA columns:
# 401-444
name=unknown_E
#
# <colnr> <probs for GDERKNQSTAVLIFYWHMCP>
#	G	D	E	R	K	N	Q	S	T	A	V	L	I	F	Y	W	H	M	C	P
0	0.01487	0.03144	0.57533	0.02080	0.03015	0.01588	0.14013	0.02221	0.01496	0.05170	0.01318	0.01552	0.00932	0.00646	0.00679	0.00219	0.01017	0.00566	0.00323	0.01002
1	0.01803	0.72217	0.07508	0.01215	0.01825	0.02643	0.01248	0.02055	0.01393	0.01641	0.00967	0.01117	0.00877	0.00589	0.00451	0.00150	0.00748	0.00374	0.00292	0.00886
2	0.00959	0.00699	0.00902	0.00851	0.01017	0.00642	0.00638	0.01273	0.01915	0.02693	0.67671	0.05194	0.10144	0.01418	0.00807	0.00216	0.00324	0.01249	0.00746	0.00642
3	0.80789	0.01323	0.01006	0.00900	0.01323	0.01535	0.00741	0.02011	0.01164	0.03070	0.00953	0.01111	0.00741	0.00635	0.00423	0.00212	0.00529	0.00370	0.00423	0.00741
4	0.01668	0.01440	0.01515	0.01366	0.01747	0.01659	0.01062	0.03535	0.67856	0.02824	0.02941	0.02704	0.04701	0.00959	0.00700	0.00232	0.00534	0.00799	0.00694	0.01064
5	0.00961	0.00699	0.00905	0.00854	0.01018	0.00643	0.00640	0.01278	0.01920	0.02705	0.68569	0.05174	0.09238	0.01413	0.00807	0.00216	0.00324	0.01246	0.00748	0.00643
6	0.75762	0.01313	0.01043	0.00920	0.01350	0.01501	0.00758	0.02097	0.01216	0.07539	0.01066	0.01190	0.00803	0.00649	0.00440	0.00212	0.00533	0.00391	0.00451	0.00768
7	0.01608	0.01826	0.03927	0.02822	0.03475	0.01751	0.65359	0.02161	0.01583	0.02161	0.01356	0.01826	0.01030	0.00612	0.00889	0.00235	0.05330	0.00796	0.00343	0.00913
8	0.03070	0.01164	0.01588	0.01217	0.01746	0.01006	0.01006	0.03334	0.01958	0.72163	0.02699	0.02329	0.01694	0.00847	0.00688	0.00212	0.00582	0.00688	0.00847	0.01164
9	0.00995	0.00663	0.00746	0.00746	0.00746	0.00663	0.00415	0.00995	0.00995	0.01327	0.02156	0.04477	0.02487	0.75957	0.03482	0.00663	0.00663	0.00995	0.00415	0.00415
10	0.01275	0.00638	0.00638	0.00638	0.00797	0.00638	0.00478	0.01594	0.01435	0.02551	0.02232	0.02551	0.01754	0.00797	0.00478	0.00159	0.00319	0.00638	0.79755	0.00638
11	0.03008	0.01264	0.01649	0.01264	0.01796	0.01153	0.01045	0.12071	0.02125	0.63191	0.02559	0.02238	0.01623	0.00843	0.00688	0.00211	0.00605	0.00678	0.00825	0.01164
12	0.03070	0.01164	0.01588	0.01217	0.01746	0.01006	0.01006	0.03334	0.01958	0.72163	0.02699	0.02329	0.01694	0.00847	0.00688	0.00212	0.00582	0.00688	0.00847	0.01164
13	0.00834	0.00595	0.00794	0.00953	0.00992	0.00556	0.00635	0.00953	0.01310	0.01746	0.03771	0.75510	0.04525	0.02143	0.00873	0.00278	0.00397	0.01945	0.00635	0.00556
14	0.01615	0.01845	0.04037	0.02884	0.03576	0.01730	0.69204	0.02191	0.01615	0.02191	0.01384	0.01845	0.01038	0.00577	0.00807	0.00231	0.01153	0.00807	0.00346	0.00923
15	0.01829	0.76368	0.03585	0.01171	0.01756	0.02707	0.01171	0.02049	0.01390	0.01610	0.00951	0.01097	0.00878	0.00585	0.00439	0.00146	0.00732	0.00366	0.00293	0.00878
16	0.01372	0.03539	0.72412	0.01950	0.02961	0.01589	0.02528	0.02167	0.01444	0.02167	0.01228	0.01444	0.00867	0.00650	0.00650	0.00217	0.01011	0.00506	0.00289	0.01011
17	0.00839	0.00598	0.00792	0.00945	0.00983	0.00560	0.00627	0.00954	0.01298	0.01731	0.03712	0.72918	0.04451	0.04837	0.00968	0.00292	0.00407	0.01910	0.00627	0.00551
18	0.02419	0.01783	0.01911	0.01498	0.02000	0.01973	0.01225	0.59310	0.07990	0.04044	0.01818	0.03986	0.01361	0.00868	0.00681	0.00207	0.00706	0.00669	0.04437	0.01114
19	0.01500	0.23121	0.51412	0.01734	0.02596	0.01908	0.02126	0.02117	0.01416	0.01998	0.01142	0.01353	0.00871	0.00651	0.00648	0.00201	0.03480	0.00471	0.00290	0.00966
20	0.00977	0.00733	0.01100	0.01100	0.01222	0.00855	0.00855	0.01222	0.01100	0.01588	0.01833	0.02688	0.01710	0.05131	0.73245	0.01100	0.01833	0.00733	0.00367	0.00611
21	0.00977	0.00733	0.01100	0.01100	0.01222	0.00855	0.00855	0.01222	0.01100	0.01588	0.01833	0.02688	0.01710	0.05131	0.73245	0.01100	0.01833	0.00733	0.00367	0.00611
22	0.01693	0.01626	0.02777	0.04199	0.71689	0.01626	0.02100	0.02100	0.01558	0.02235	0.01287	0.01693	0.01084	0.00610	0.00677	0.00203	0.00813	0.00610	0.00339	0.01084
23	0.00834	0.00595	0.00794	0.00953	0.00992	0.00556	0.00635	0.00953	0.01310	0.01746	0.03771	0.75510	0.04525	0.02143	0.00873	0.00278	0.00397	0.01945	0.00635	0.00556
24	0.00834	0.00595	0.00794	0.00953	0.00992	0.00556	0.00635	0.00953	0.01310	0.01746	0.03771	0.75510	0.04525	0.02143	0.00873	0.00278	0.00397	0.01945	0.00635	0.00556
25	0.03070	0.01164	0.01588	0.01217	0.01746	0.01006	0.01006	0.03334	0.01958	0.72163	0.02699	0.02329	0.01694	0.00847	0.00688	0.00212	0.00582	0.00688	0.00847	0.01164
26	0.00959	0.00699	0.00902	0.00851	0.01017	0.00642	0.00638	0.01273	0.01915	0.02693	0.67671	0.05194	0.10144	0.01418	0.00807	0.00216	0.00324	0.01249	0.00746	0.00642
27	0.00834	0.00595	0.00794	0.00953	0.00992	0.00556	0.00635	0.00953	0.01310	0.01746	0.03771	0.75510	0.04525	0.02143	0.00873	0.00278	0.00397	0.01945	0.00635	0.00556
28	0.01388	0.03429	0.67989	0.02010	0.03001	0.01598	0.06841	0.02168	0.01455	0.02168	0.01238	0.01470	0.00878	0.00645	0.00660	0.00218	0.01020	0.00525	0.00293	0.01005
29	0.16503	0.01240	0.01517	0.01185	0.01697	0.01169	0.00979	0.07379	0.01902	0.55804	0.02328	0.02073	0.01494	0.00808	0.00642	0.00211	0.00584	0.00628	0.00763	0.01091
30	0.01615	0.01845	0.04037	0.02884	0.03576	0.01730	0.69204	0.02191	0.01615	0.02191	0.01384	0.01845	0.01038	0.00577	0.00807	0.00231	0.01153	0.00807	0.00346	0.00923
31	0.05349	0.01548	0.01803	0.01386	0.01921	0.01584	0.01145	0.36518	0.02565	0.35807	0.02111	0.01944	0.01396	0.00827	0.00678	0.00208	0.00666	0.00641	0.00751	0.01150
32	0.01319	0.00958	0.01242	0.01306	0.01522	0.00992	0.01128	0.10477	0.03935	0.02372	0.03334	0.06753	0.03513	0.01719	0.00903	0.00298	0.00643	0.56232	0.00639	0.00715
33	0.02556	0.03261	0.01939	0.01763	0.02115	0.73210	0.01322	0.02732	0.01939	0.01674	0.01058	0.01234	0.00881	0.00705	0.00617	0.00176	0.01234	0.00441	0.00353	0.00793
34	0.01419	0.01216	0.01419	0.01013	0.01621	0.00912	0.00811	0.01723	0.01419	0.02229	0.01216	0.01419	0.01013	0.00507	0.00507	0.00101	0.00507	0.00405	0.00405	0.80139
35	0.00821	0.00694	0.00710	0.00706	0.00932	0.00583	0.00529	0.01005	0.01588	0.01916	0.11808	0.06472	0.66491	0.01707	0.00808	0.00230	0.00345	0.01428	0.00644	0.00583
36	0.01419	0.01216	0.01419	0.01013	0.01621	0.00912	0.00811	0.01723	0.01419	0.02229	0.01216	0.01419	0.01013	0.00507	0.00507	0.00101	0.00507	0.00405	0.00405	0.80139
37	0.00917	0.00658	0.00854	0.00982	0.01046	0.00630	0.00667	0.04204	0.01400	0.01868	0.03670	0.72002	0.04365	0.02081	0.00864	0.00274	0.00414	0.01882	0.00637	0.00585
38	0.14774	0.00799	0.00904	0.00862	0.01065	0.00787	0.00652	0.01366	0.01725	0.02654	0.48978	0.10070	0.10195	0.01350	0.00746	0.00221	0.00366	0.01158	0.00678	0.00650
39	0.02495	0.01834	0.01962	0.01521	0.02042	0.02031	0.01251	0.63065	0.06325	0.04159	0.01725	0.01729	0.01235	0.00825	0.00675	0.00204	0.00722	0.00624	0.04438	0.01135
40	0.06076	0.08119	0.63757	0.01838	0.02787	0.01658	0.02335	0.02150	0.01424	0.02184	0.01194	0.01402	0.00860	0.00645	0.00623	0.00212	0.00965	0.00489	0.00297	0.00987
41	0.15861	0.01725	0.01717	0.01498	0.04468	0.08576	0.01161	0.25380	0.14734	0.08758	0.01765	0.01893	0.01336	0.00827	0.00695	0.00213	0.03399	0.02424	0.00587	0.02984
42	0.02667	0.01188	0.03717	0.01195	0.01681	0.01001	0.01005	0.05045	0.01978	0.56781	0.13551	0.02722	0.02409	0.00928	0.00706	0.00212	0.00560	0.00767	0.00809	0.01077
43	0.07156	0.01627	0.01652	0.01329	0.01770	0.04199	0.01079	0.44328	0.07017	0.03678	0.01777	0.01846	0.01312	0.00807	0.00623	0.00197	0.00650	0.00609	0.17336	0.01008

[dist]
# distance from previous block
# <min> <max>
0	1

[block]
# block no. 5 follows, 31 sequences, length 331
# corresponding to MSA columns:
# 446-776
name=unknown_F
#
# <colnr> <probs for GDERKNQSTAVLIFYWHMCP>
#	G	D	E	R	K	N	Q	S	T	A	V	L	I	F	Y	W	H	M	C	P
