[name]
unknown

[dist]
# distance from previous block
# <min> <max>
0	71

[block]
# block no. 0 follows, 28 sequences, length 8
# corresponding to MSA columns:
# 71-78
name=unknown_A
#
# <colnr> <probs for GDERKNQSTAVLIFYWHMCP>
#	G	D	E	R	K	N	Q	S	T	A	V	L	I	F	Y	W	H	M	C	P
0	0.01171	0.00837	0.01171	0.01339	0.01506	0.00837	0.01171	0.01506	0.01673	0.02175	0.03849	0.08199	0.04183	0.02008	0.01004	0.00335	0.00669	0.65027	0.00669	0.00669
1	0.02880	0.01243	0.01627	0.01281	0.01789	0.01134	0.01046	0.06629	0.06546	0.54716	0.10555	0.02795	0.02385	0.00972	0.00746	0.00226	0.00593	0.00801	0.00869	0.01167
2	0.07554	0.01033	0.00997	0.00924	0.01213	0.05724	0.00708	0.01576	0.01770	0.09173	0.17741	0.05378	0.40548	0.01509	0.00799	0.00234	0.00470	0.01245	0.00682	0.00720
3	0.01805	0.01445	0.01632	0.01259	0.01810	0.01336	0.01003	0.19694	0.06521	0.02962	0.01802	0.08998	0.01575	0.00835	0.00643	0.00166	0.00600	0.00683	0.00557	0.44675
4	0.01290	0.00887	0.01109	0.04892	0.01477	0.00850	0.00881	0.01681	0.06179	0.09185	0.17229	0.10005	0.25517	0.01622	0.00864	0.00261	0.00499	0.14121	0.00706	0.00746
5	0.01483	0.01103	0.01255	0.01164	0.01388	0.01170	0.00858	0.16847	0.09052	0.02518	0.03063	0.20199	0.07981	0.19466	0.06480	0.00430	0.00706	0.03447	0.00617	0.00774
6	0.01517	0.01454	0.02024	0.38087	0.08819	0.07152	0.01691	0.01972	0.05515	0.01905	0.01430	0.02012	0.01172	0.01449	0.09565	0.04021	0.08379	0.00657	0.00363	0.00815
7	0.02503	0.04788	0.01880	0.01402	0.01924	0.01361	0.04652	0.12392	0.06168	0.34149	0.02599	0.02796	0.03782	0.00953	0.00726	0.00220	0.00663	0.05762	0.03212	0.08068

[dist]
# distance from previous block
# <min> <max>
33	47

[block]
# block no. 1 follows, 28 sequences, length 68
# corresponding to MSA columns:
# 142-185,241-264
name=unknown_B
#
# <colnr> <probs for GDERKNQSTAVLIFYWHMCP>
#	G	D	E	R	K	N	Q	S	T	A	V	L	I	F	Y	W	H	M	C	P
0	0.02294	0.01866	0.04818	0.01776	0.04588	0.01806	0.08655	0.36921	0.02581	0.06932	0.01634	0.01743	0.01197	0.00752	0.00696	0.00196	0.00789	0.00623	0.00598	0.19535
1	0.14719	0.08074	0.54469	0.01828	0.02767	0.01757	0.02269	0.02266	0.01480	0.02425	0.01236	0.01450	0.00899	0.00683	0.00635	0.00224	0.00968	0.00503	0.00331	0.01016
2	0.01011	0.00724	0.00963	0.01027	0.01149	0.00685	0.00771	0.01270	0.01730	0.02371	0.32777	0.28378	0.05514	0.04296	0.01005	0.00287	0.00446	0.14231	0.00721	0.00643
3	0.02517	0.01837	0.01960	0.01540	0.02059	0.02032	0.01260	0.54403	0.08709	0.04232	0.01921	0.01940	0.01393	0.00879	0.00703	0.00215	0.00727	0.00671	0.09841	0.01163
4	0.00961	0.00672	0.00821	0.00902	0.00941	0.00643	0.00570	0.01044	0.01286	0.01708	0.05602	0.39081	0.07337	0.32643	0.02090	0.00463	0.00536	0.01589	0.00580	0.00532
5	0.01947	0.01301	0.01448	0.04963	0.03981	0.01407	0.01002	0.28636	0.02300	0.03420	0.02025	0.02244	0.01536	0.00844	0.00616	0.00195	0.00578	0.00665	0.39962	0.00929
6	0.01169	0.00778	0.00997	0.00922	0.01129	0.00705	0.00698	0.01490	0.02015	0.07626	0.57915	0.05392	0.13428	0.01483	0.00849	0.00230	0.00365	0.01297	0.00793	0.00717
7	0.79588	0.01406	0.01068	0.00956	0.01406	0.01631	0.00787	0.02137	0.01237	0.03261	0.01012	0.01181	0.00787	0.00675	0.00450	0.00225	0.00562	0.00394	0.00450	0.00787
8	0.01708	0.01393	0.01510	0.01389	0.01764	0.01563	0.01095	0.03332	0.52488	0.05475	0.03454	0.03702	0.08536	0.01174	0.00780	0.00255	0.00569	0.08029	0.00732	0.01052
9	0.01503	0.01431	0.02076	0.01778	0.01846	0.01912	0.04838	0.01712	0.01181	0.01838	0.01220	0.01866	0.01147	0.01796	0.11900	0.00423	0.54261	0.00671	0.05823	0.00776
10	0.01301	0.00776	0.01097	0.01127	0.01277	0.00710	0.02977	0.01469	0.01515	0.13065	0.03735	0.59886	0.04192	0.01996	0.00893	0.00282	0.00481	0.01808	0.00701	0.00709
11	0.00859	0.00736	0.00736	0.00736	0.00982	0.00614	0.00552	0.01043	0.01657	0.01964	0.07364	0.06996	0.69624	0.01841	0.00859	0.00245	0.00368	0.01534	0.00675	0.00614
12	0.01507	0.01292	0.01507	0.01077	0.01723	0.00969	0.00861	0.01830	0.01507	0.02369	0.01292	0.01507	0.01077	0.00538	0.00538	0.00108	0.00538	0.00431	0.00431	0.78898
13	0.01590	0.01590	0.02226	0.01908	0.01908	0.02226	0.01590	0.01749	0.01113	0.01749	0.00954	0.01590	0.00954	0.01272	0.02385	0.00318	0.73123	0.00636	0.00318	0.00795
14	0.01507	0.01292	0.01507	0.01077	0.01723	0.00969	0.00861	0.01830	0.01507	0.02369	0.01292	0.01507	0.01077	0.00538	0.00538	0.00108	0.00538	0.00431	0.00431	0.78898
15	0.02382	0.18310	0.02603	0.02212	0.14743	0.41341	0.01523	0.05036	0.01911	0.01980	0.01168	0.01387	0.00987	0.00708	0.00630	0.00187	0.01095	0.00492	0.00371	0.00934
16	0.01799	0.01727	0.02950	0.04462	0.69919	0.01727	0.02231	0.02231	0.01655	0.02375	0.01367	0.01799	0.01151	0.00648	0.00720	0.00216	0.00864	0.00648	0.00360	0.01151
17	0.01094	0.00762	0.00965	0.00903	0.01101	0.00690	0.00681	0.01410	0.01998	0.05504	0.57442	0.05547	0.16138	0.01516	0.00852	0.00231	0.00358	0.01324	0.00785	0.00697
18	0.01720	0.18241	0.45528	0.01795	0.02665	0.04496	0.02129	0.04448	0.01627	0.05762	0.01442	0.04438	0.01137	0.00760	0.00656	0.00215	0.00962	0.00580	0.00370	0.01030
19	0.01661	0.01567	0.02554	0.26445	0.41162	0.01699	0.02042	0.02289	0.09004	0.02279	0.01519	0.01946	0.01210	0.00711	0.00724	0.00228	0.00866	0.00666	0.00390	0.01039
20	0.79588	0.01406	0.01068	0.00956	0.01406	0.01631	0.00787	0.02137	0.01237	0.03261	0.01012	0.01181	0.00787	0.00675	0.00450	0.00225	0.00562	0.00394	0.00450	0.00787
21	0.79588	0.01406	0.01068	0.00956	0.01406	0.01631	0.00787	0.02137	0.01237	0.03261	0.01012	0.01181	0.00787	0.00675	0.00450	0.00225	0.00562	0.00394	0.00450	0.00787
22	0.01458	0.03760	0.70688	0.02072	0.03146	0.01688	0.02686	0.02302	0.01535	0.02302	0.01304	0.01535	0.00921	0.00691	0.00691	0.00230	0.01074	0.00537	0.00307	0.01074
23	0.01943	0.74891	0.03809	0.01244	0.01866	0.02876	0.01244	0.02177	0.01477	0.01710	0.01011	0.01166	0.00933	0.00622	0.00466	0.00155	0.00777	0.00389	0.00311	0.00933
24	0.03261	0.01237	0.01687	0.01293	0.01856	0.01068	0.01068	0.03543	0.02081	0.70423	0.02868	0.02474	0.01799	0.00900	0.00731	0.00225	0.00619	0.00731	0.00900	0.01237
25	0.01039	0.00697	0.00798	0.00816	0.00820	0.00693	0.00465	0.01052	0.01092	0.01456	0.02470	0.12017	0.02870	0.66884	0.03409	0.00662	0.00675	0.01163	0.00465	0.00456
26	0.01049	0.00701	0.00795	0.00803	0.00805	0.00699	0.00452	0.01055	0.01073	0.01431	0.02373	0.08088	0.02747	0.70980	0.03566	0.00685	0.00691	0.01106	0.00452	0.00448
27	0.01021	0.00743	0.00961	0.00906	0.01081	0.00682	0.00680	0.01356	0.02039	0.02870	0.66601	0.05504	0.09822	0.01503	0.00857	0.00229	0.00344	0.01325	0.00794	0.00682
28	0.02715	0.02010	0.02181	0.04131	0.02349	0.02232	0.01404	0.65224	0.03350	0.04487	0.01730	0.01752	0.01227	0.00868	0.00727	0.00219	0.00806	0.00654	0.00713	0.01221
29	0.06325	0.02196	0.02040	0.03915	0.02244	0.15548	0.01336	0.45667	0.02869	0.03760	0.01577	0.01659	0.01160	0.00822	0.00687	0.00208	0.00871	0.00599	0.02774	0.03742
30	0.01213	0.11549	0.01557	0.01170	0.01358	0.01236	0.00944	0.01452	0.01221	0.01726	0.01803	0.02656	0.01698	0.08501	0.50289	0.00903	0.05174	0.00727	0.04136	0.00686
31	0.06272	0.05610	0.02137	0.13439	0.04911	0.46479	0.01494	0.07448	0.01985	0.02091	0.01196	0.01450	0.00964	0.00743	0.00657	0.00200	0.01144	0.00510	0.00393	0.00877
32	0.79588	0.01406	0.01068	0.00956	0.01406	0.01631	0.00787	0.02137	0.01237	0.03261	0.01012	0.01181	0.00787	0.00675	0.00450	0.00225	0.00562	0.00394	0.00450	0.00787
33	0.73384	0.01510	0.03843	0.01142	0.04271	0.01637	0.00920	0.02147	0.01266	0.03188	0.01038	0.01220	0.00807	0.00674	0.00470	0.00225	0.00594	0.00410	0.00441	0.00813
34	0.01129	0.00766	0.00998	0.00927	0.01119	0.00702	0.00700	0.01464	0.02046	0.06071	0.64392	0.05341	0.08635	0.01470	0.00851	0.00229	0.00357	0.01294	0.00801	0.00710
35	0.00882	0.00742	0.00769	0.00777	0.01016	0.00629	0.00592	0.01080	0.01670	0.02004	0.09003	0.07019	0.63942	0.01840	0.00868	0.00250	0.00385	0.05234	0.00678	0.00619
36	0.02995	0.01211	0.01625	0.01265	0.01784	0.01069	0.01037	0.05635	0.02127	0.60506	0.10247	0.02777	0.02342	0.00964	0.00745	0.00225	0.00594	0.00793	0.00882	0.01176
37	0.01029	0.00743	0.00972	0.00914	0.01086	0.00686	0.00686	0.01372	0.02058	0.02915	0.69536	0.05430	0.06859	0.01486	0.00857	0.00229	0.00343	0.01315	0.00800	0.00686
38	0.03261	0.01237	0.01687	0.01293	0.01856	0.01068	0.01068	0.03543	0.02081	0.70423	0.02868	0.02474	0.01799	0.00900	0.00731	0.00225	0.00619	0.00731	0.00900	0.01237
39	0.01943	0.74891	0.03809	0.01244	0.01866	0.02876	0.01244	0.02177	0.01477	0.01710	0.01011	0.01166	0.00933	0.00622	0.00466	0.00155	0.00777	0.00389	0.00311	0.00933
40	0.79588	0.01406	0.01068	0.00956	0.01406	0.01631	0.00787	0.02137	0.01237	0.03261	0.01012	0.01181	0.00787	0.00675	0.00450	0.00225	0.00562	0.00394	0.00450	0.00787
41	0.01029	0.00743	0.00972	0.00914	0.01086	0.00686	0.00686	0.01372	0.02058	0.02915	0.69536	0.05430	0.06859	0.01486	0.00857	0.00229	0.00343	0.01315	0.00800	0.00686
42	0.02763	0.02036	0.02182	0.01672	0.02254	0.02254	0.01382	0.67496	0.03418	0.04581	0.01745	0.01745	0.01236	0.00873	0.00727	0.00218	0.00800	0.00654	0.00727	0.01236
43	0.73455	0.01456	0.01157	0.01013	0.01473	0.01680	0.00835	0.07355	0.01411	0.03367	0.01071	0.01226	0.00823	0.00691	0.00472	0.00224	0.00581	0.00414	0.00472	0.00823
44	0.01263	0.00631	0.00947	0.00947	0.00947	0.00631	0.00631	0.00947	0.00947	0.01263	0.01263	0.02210	0.01263	0.02525	0.02841	0.78851	0.00631	0.00631	0.00316	0.00316
45	0.03261	0.01237	0.01687	0.01293	0.01856	0.01068	0.01068	0.03543	0.02081	0.70423	0.02868	0.02474	0.01799	0.00900	0.00731	0.00225	0.00619	0.00731	0.00900	0.01237
46	0.01458	0.03760	0.70688	0.02072	0.03146	0.01688	0.02686	0.02302	0.01535	0.02302	0.01304	0.01535	0.00921	0.00691	0.00691	0.00230	0.01074	0.00537	0.00307	0.01074
47	0.01635	0.02058	0.13423	0.08129	0.19980	0.01714	0.33917	0.02205	0.01640	0.02280	0.01528	0.05257	0.01253	0.00720	0.00793	0.00238	0.01058	0.00801	0.00368	0.01006
48	0.02347	0.37577	0.02895	0.01572	0.02065	0.38745	0.01328	0.02556	0.01782	0.01746	0.01070	0.01242	0.00935	0.00688	0.00565	0.00172	0.01056	0.00430	0.00344	0.00886
49	0.01029	0.00743	0.00972	0.00914	0.01086	0.00686	0.00686	0.01372	0.02058	0.02915	0.69536	0.05430	0.06859	0.01486	0.00857	0.00229	0.00343	0.01315	0.00800	0.00686
50	0.01982	0.71330	0.03722	0.01275	0.01885	0.06300	0.01252	0.02213	0.01506	0.01714	0.01016	0.01173	0.00933	0.00628	0.00476	0.00157	0.00804	0.00393	0.00314	0.00928
51	0.01507	0.01292	0.01507	0.01077	0.01723	0.00969	0.00861	0.01830	0.01507	0.02369	0.01292	0.01507	0.01077	0.00538	0.00538	0.00108	0.00538	0.00431	0.00431	0.78898
52	0.02927	0.01774	0.02019	0.01548	0.02123	0.01865	0.01279	0.46522	0.02979	0.26174	0.02113	0.01984	0.01421	0.00881	0.00728	0.00220	0.00740	0.00680	0.00784	0.01236
53	0.00929	0.00702	0.01023	0.01119	0.01197	0.00655	0.04142	0.01081	0.01409	0.01880	0.03874	0.70230	0.04615	0.02191	0.00924	0.00293	0.00464	0.02004	0.00659	0.00611
54	0.01057	0.00705	0.00793	0.00793	0.00793	0.00705	0.00440	0.01057	0.01057	0.01409	0.02290	0.04757	0.02643	0.74454	0.03700	0.00705	0.00705	0.01057	0.00440	0.00440
55	0.02329	0.01779	0.01948	0.01466	0.02070	0.01810	0.01202	0.44783	0.02757	0.03816	0.01588	0.01663	0.01181	0.00757	0.00662	0.00180	0.00709	0.00577	0.00625	0.28098
56	0.01577	0.01511	0.02597	0.39557	0.34367	0.01673	0.04215	0.02042	0.01553	0.02107	0.01332	0.01876	0.01056	0.00687	0.00728	0.00230	0.00929	0.00654	0.00341	0.00969
57	0.01458	0.03760	0.70688	0.02072	0.03146	0.01688	0.02686	0.02302	0.01535	0.02302	0.01304	0.01535	0.00921	0.00691	0.00691	0.00230	0.01074	0.00537	0.00307	0.01074
58	0.00892	0.00639	0.00838	0.00994	0.01041	0.00596	0.00661	0.01015	0.01387	0.01841	0.04050	0.68930	0.06894	0.05185	0.01038	0.00310	0.00431	0.02008	0.00665	0.00585
59	0.01124	0.00804	0.01113	0.01255	0.01409	0.00793	0.01062	0.01436	0.01685	0.02222	0.11178	0.15176	0.04550	0.01980	0.00979	0.00318	0.00606	0.50963	0.00685	0.00662
60	0.02957	0.01332	0.01741	0.05059	0.02051	0.01264	0.01149	0.07802	0.10013	0.54440	0.02721	0.02425	0.01768	0.00899	0.00732	0.00228	0.00644	0.00732	0.00839	0.01204
61	0.02515	0.03123	0.02086	0.01984	0.05708	0.59701	0.01444	0.02715	0.01930	0.01804	0.01153	0.01416	0.00982	0.00961	0.03447	0.00236	0.07073	0.00503	0.00370	0.00848
62	0.02866	0.01150	0.01560	0.01226	0.01719	0.01001	0.01001	0.03158	0.02076	0.58473	0.14669	0.02997	0.02695	0.01003	0.00753	0.00226	0.00570	0.00834	0.00882	0.01139
63	0.02610	0.01923	0.02080	0.01622	0.02162	0.02125	0.01330	0.61880	0.03238	0.04344	0.01861	0.05262	0.01429	0.01107	0.03322	0.00257	0.00824	0.00727	0.00712	0.01184
64	0.02151	0.06543	0.01995	0.13101	0.02426	0.12083	0.01328	0.29785	0.02379	0.03070	0.01884	0.02091	0.04631	0.01109	0.04526	0.00262	0.00897	0.00661	0.08105	0.00972
65	0.00943	0.00661	0.00846	0.00972	0.01009	0.00631	0.00638	0.01047	0.01319	0.01757	0.03560	0.53183	0.04225	0.20710	0.01640	0.00402	0.00506	0.04781	0.00615	0.00556
66	0.01016	0.00737	0.00957	0.00913	0.01081	0.00679	0.00680	0.01342	0.02011	0.02828	0.64052	0.08787	0.09113	0.01537	0.00861	0.00232	0.00348	0.01359	0.00789	0.00679
67	0.39367	0.16801	0.20279	0.01415	0.02080	0.01906	0.04699	0.02198	0.01388	0.02649	0.01112	0.01311	0.00868	0.00665	0.00537	0.00213	0.00775	0.00454	0.00380	0.00902

[dist]
# distance from previous block
# <min> <max>
0	3

[block]
# block no. 2 follows, 28 sequences, length 31
# corresponding to MSA columns:
# 268-298
name=unknown_C
#
# <colnr> <probs for GDERKNQSTAVLIFYWHMCP>
#	G	D	E	R	K	N	Q	S	T	A	V	L	I	F	Y	W	H	M	C	P
0	0.01478	0.03619	0.65488	0.02149	0.03197	0.01700	0.07744	0.02304	0.01549	0.02304	0.01317	0.01568	0.00935	0.00685	0.00704	0.00231	0.01086	0.00562	0.00312	0.01067
1	0.01029	0.00743	0.00972	0.00914	0.01086	0.00686	0.00686	0.01372	0.02058	0.02915	0.69536	0.05430	0.06859	0.01486	0.00857	0.00229	0.00343	0.01315	0.00800	0.00686
2	0.06942	0.05877	0.02165	0.13244	0.08022	0.47828	0.01525	0.02607	0.01858	0.01924	0.01158	0.01436	0.00950	0.00728	0.00652	0.00199	0.01154	0.00503	0.00367	0.00862
3	0.01467	0.10279	0.01692	0.01330	0.01549	0.13229	0.01060	0.01697	0.01351	0.01701	0.01645	0.02371	0.01534	0.05912	0.44731	0.00814	0.05868	0.00679	0.00375	0.00719
4	0.02063	0.63812	0.03538	0.01341	0.01925	0.13526	0.01269	0.02289	0.01567	0.01721	0.01028	0.01189	0.00933	0.00642	0.00496	0.00160	0.00860	0.00401	0.00321	0.00919
5	0.01507	0.01292	0.01507	0.01077	0.01723	0.00969	0.00861	0.01830	0.01507	0.02369	0.01292	0.01507	0.01077	0.00538	0.00538	0.00108	0.00538	0.00431	0.00431	0.78898
6	0.13940	0.01614	0.02991	0.24382	0.03693	0.01689	0.33862	0.02102	0.01546	0.02312	0.01437	0.04532	0.01150	0.00721	0.00755	0.00243	0.01010	0.00763	0.00378	0.00881
7	0.01106	0.00872	0.00874	0.00854	0.01059	0.03663	0.00618	0.01267	0.01576	0.04902	0.07711	0.06069	0.44160	0.17570	0.01470	0.00346	0.00505	0.04137	0.00625	0.00618
8	0.00886	0.00633	0.00843	0.01012	0.01054	0.00590	0.00675	0.01012	0.01392	0.01856	0.04006	0.73979	0.04808	0.02277	0.00928	0.00295	0.00422	0.02066	0.00675	0.00590
9	0.00904	0.00723	0.00815	0.00868	0.01056	0.00634	0.00649	0.01097	0.01614	0.02000	0.08801	0.22424	0.45494	0.01943	0.00890	0.00265	0.00410	0.08116	0.00680	0.00617
10	0.08863	0.13139	0.02631	0.31872	0.23943	0.01857	0.03729	0.02061	0.01506	0.02136	0.01249	0.01703	0.01006	0.00678	0.00661	0.00219	0.00876	0.00588	0.00345	0.00935
11	0.14429	0.01739	0.05580	0.07821	0.51983	0.01703	0.02003	0.02197	0.01570	0.02485	0.01302	0.01695	0.01071	0.00659	0.00675	0.00220	0.00830	0.00601	0.00370	0.01068
12	0.03261	0.01237	0.01687	0.01293	0.01856	0.01068	0.01068	0.03543	0.02081	0.70423	0.02868	0.02474	0.01799	0.00900	0.00731	0.00225	0.00619	0.00731	0.00900	0.01237
13	0.01590	0.01590	0.02226	0.01908	0.01908	0.02226	0.01590	0.01749	0.01113	0.01749	0.00954	0.01590	0.00954	0.01272	0.02385	0.00318	0.73123	0.00636	0.00318	0.00795
14	0.02994	0.01297	0.01679	0.01328	0.01862	0.01205	0.01084	0.03602	0.14341	0.58004	0.02884	0.02518	0.01877	0.00916	0.00733	0.00229	0.00611	0.00748	0.00870	0.01221
15	0.03178	0.01219	0.01660	0.01279	0.01827	0.01054	0.01054	0.03461	0.02080	0.67895	0.05364	0.02585	0.01989	0.00922	0.00736	0.00225	0.00608	0.00753	0.00896	0.01216
16	0.01846	0.01642	0.01661	0.01496	0.01905	0.04758	0.01161	0.03822	0.65790	0.02987	0.02881	0.02653	0.02165	0.00976	0.00736	0.00244	0.00606	0.00807	0.00724	0.01138
17	0.02353	0.01762	0.01884	0.01513	0.01988	0.01957	0.01212	0.45854	0.16221	0.03889	0.02064	0.02277	0.01597	0.08391	0.01026	0.00272	0.00730	0.00730	0.03161	0.01120
18	0.02788	0.01997	0.02157	0.01654	0.02235	0.02196	0.01366	0.64334	0.03352	0.07836	0.01801	0.01781	0.01264	0.00874	0.00727	0.00218	0.00791	0.00658	0.00736	0.01236
19	0.01297	0.01144	0.01487	0.12840	0.10919	0.01199	0.01156	0.02004	0.16951	0.02338	0.10563	0.04380	0.28297	0.01278	0.00792	0.00240	0.00574	0.01093	0.00604	0.00845
20	0.79588	0.01406	0.01068	0.00956	0.01406	0.01631	0.00787	0.02137	0.01237	0.03261	0.01012	0.01181	0.00787	0.00675	0.00450	0.00225	0.00562	0.00394	0.00450	0.00787
21	0.02763	0.02036	0.02182	0.01672	0.02254	0.02254	0.01382	0.67496	0.03418	0.04581	0.01745	0.01745	0.01236	0.00873	0.00727	0.00218	0.00800	0.00654	0.00727	0.01236
22	0.03261	0.01237	0.01687	0.01293	0.01856	0.01068	0.01068	0.03543	0.02081	0.70423	0.02868	0.02474	0.01799	0.00900	0.00731	0.00225	0.00619	0.00731	0.00900	0.01237
23	0.01808	0.01561	0.01644	0.01479	0.01890	0.01808	0.01151	0.03863	0.68606	0.03041	0.02959	0.02712	0.02219	0.00986	0.00740	0.00247	0.00575	0.00822	0.00740	0.01151
24	0.01450	0.00841	0.01078	0.00962	0.01224	0.00751	0.00741	0.01756	0.01999	0.16324	0.46274	0.05085	0.15807	0.01425	0.00832	0.00231	0.00402	0.01232	0.00800	0.00785
25	0.00883	0.00732	0.00773	0.00774	0.00999	0.00622	0.00576	0.01084	0.01695	0.02082	0.15297	0.10347	0.57995	0.01818	0.00863	0.00246	0.00368	0.01534	0.00691	0.00622
26	0.00999	0.00731	0.00937	0.00908	0.01073	0.00670	0.00672	0.01306	0.01955	0.02722	0.57317	0.12360	0.12442	0.01597	0.00864	0.00237	0.00353	0.01409	0.00776	0.00670
27	0.03178	0.01370	0.01769	0.01356	0.01922	0.01266	0.01121	0.14199	0.02303	0.59452	0.02681	0.02353	0.01706	0.00895	0.00730	0.00224	0.00649	0.00718	0.00871	0.01237
28	0.01135	0.00816	0.01123	0.01264	0.01430	0.00804	0.01084	0.01455	0.01694	0.02219	0.09774	0.10818	0.06885	0.01968	0.00982	0.00320	0.00618	0.54265	0.00681	0.00665
29	0.00940	0.00663	0.00866	0.01007	0.01054	0.00632	0.00683	0.01066	0.01364	0.01813	0.03712	0.56545	0.04397	0.14008	0.01386	0.00366	0.00491	0.07797	0.00636	0.00573
30	0.01511	0.06481	0.60406	0.02223	0.06676	0.01748	0.06421	0.02295	0.01549	0.02283	0.01306	0.01559	0.00944	0.00681	0.00693	0.00227	0.01060	0.00556	0.00313	0.01067

[dist]
# distance from previous block
# <min> <max>
0	1

[block]
# block no. 3 follows, 28 sequences, length 93
# corresponding to MSA columns:
# 300-392
name=unknown_D
#
# <colnr> <probs for GDERKNQSTAVLIFYWHMCP>
#	G	D	E	R	K	N	Q	S	T	A	V	L	I	F	Y	W	H	M	C	P
0	0.02334	0.12029	0.02098	0.01632	0.02004	0.50942	0.01263	0.02553	0.01986	0.01961	0.12620	0.01986	0.01932	0.00857	0.00666	0.00190	0.01081	0.00601	0.00438	0.00828
1	0.79588	0.01406	0.01068	0.00956	0.01406	0.01631	0.00787	0.02137	0.01237	0.03261	0.01012	0.01181	0.00787	0.00675	0.00450	0.00225	0.00562	0.00394	0.00450	0.00787
2	0.01126	0.00960	0.01007	0.00995	0.01248	0.03073	0.00778	0.01628	0.11587	0.02265	0.13590	0.06176	0.39919	0.01662	0.00857	0.00255	0.00471	0.10998	0.00689	0.00717
3	0.00904	0.00646	0.00865	0.01034	0.01084	0.00607	0.00708	0.01045	0.01410	0.01877	0.03996	0.69638	0.04766	0.02260	0.00933	0.00298	0.00438	0.06221	0.00674	0.00596
4	0.01753	0.01680	0.02868	0.11813	0.62927	0.01715	0.02208	0.02191	0.01633	0.02319	0.01359	0.01814	0.01132	0.00656	0.00720	0.00219	0.00875	0.00647	0.00356	0.01114
5	0.00891	0.00738	0.00780	0.00769	0.01001	0.00627	0.00577	0.01104	0.01731	0.02140	0.18895	0.06705	0.57983	0.01775	0.00859	0.00242	0.00364	0.01493	0.00698	0.00627
6	0.18523	0.01271	0.01563	0.01226	0.01766	0.01181	0.01012	0.03261	0.01912	0.56994	0.02497	0.02216	0.01597	0.00855	0.00675	0.00225	0.00607	0.00664	0.00810	0.01147
7	0.02727	0.03126	0.02089	0.01825	0.02249	0.55117	0.01399	0.18210	0.02382	0.02443	0.01271	0.01414	0.01007	0.00778	0.00672	0.00195	0.01190	0.00512	0.00458	0.00936
8	0.01029	0.00743	0.00972	0.00914	0.01086	0.00686	0.00686	0.01372	0.02058	0.02915	0.69536	0.05430	0.06859	0.01486	0.00857	0.00229	0.00343	0.01315	0.00800	0.00686
9	0.79588	0.01406	0.01068	0.00956	0.01406	0.01631	0.00787	0.02137	0.01237	0.03261	0.01012	0.01181	0.00787	0.00675	0.00450	0.00225	0.00562	0.00394	0.00450	0.00787
10	0.01943	0.74891	0.03809	0.01244	0.01866	0.02876	0.01244	0.02177	0.01477	0.01710	0.01011	0.01166	0.00933	0.00622	0.00466	0.00155	0.00777	0.00389	0.00311	0.00933
11	0.01355	0.00678	0.00678	0.00678	0.00847	0.00678	0.00508	0.01694	0.01524	0.02710	0.02371	0.02710	0.01863	0.00847	0.00508	0.00169	0.00339	0.00678	0.78489	0.00678
12	0.79588	0.01406	0.01068	0.00956	0.01406	0.01631	0.00787	0.02137	0.01237	0.03261	0.01012	0.01181	0.00787	0.00675	0.00450	0.00225	0.00562	0.00394	0.00450	0.00787
13	0.00886	0.00633	0.00843	0.01012	0.01054	0.00590	0.00675	0.01012	0.01392	0.01856	0.04006	0.73979	0.04808	0.02277	0.00928	0.00295	0.00422	0.02066	0.00675	0.00590
14	0.01495	0.01417	0.02401	0.53147	0.23611	0.01647	0.02080	0.01964	0.01511	0.02006	0.01314	0.01898	0.01021	0.00704	0.00725	0.00235	0.00939	0.00646	0.00334	0.00906
15	0.00976	0.00716	0.00916	0.00919	0.01067	0.00655	0.00669	0.01251	0.01855	0.02560	0.47199	0.22080	0.13007	0.01714	0.00874	0.00246	0.00365	0.01519	0.00757	0.00655
16	0.00889	0.00720	0.00790	0.00809	0.01010	0.00621	0.00593	0.01087	0.01672	0.02088	0.16090	0.18032	0.49339	0.01861	0.00870	0.00251	0.00373	0.01591	0.00694	0.00621
17	0.01373	0.01292	0.02180	0.72707	0.05006	0.01615	0.02019	0.01857	0.01453	0.01857	0.01292	0.01938	0.00969	0.00727	0.00727	0.00242	0.00969	0.00646	0.00323	0.00807
18	0.07243	0.02530	0.24768	0.05847	0.33762	0.08951	0.02183	0.02302	0.01621	0.02331	0.01294	0.01624	0.01021	0.00677	0.00685	0.00219	0.00962	0.00575	0.00349	0.01055
19	0.79588	0.01406	0.01068	0.00956	0.01406	0.01631	0.00787	0.02137	0.01237	0.03261	0.01012	0.01181	0.00787	0.00675	0.00450	0.00225	0.00562	0.00394	0.00450	0.00787
20	0.01694	0.01861	0.03837	0.07782	0.11783	0.01838	0.50285	0.02243	0.01647	0.02261	0.01409	0.01913	0.01089	0.00672	0.00943	0.00247	0.06357	0.00802	0.00360	0.00976
21	0.00947	0.00784	0.00935	0.00918	0.01152	0.00688	0.02759	0.01180	0.01697	0.02109	0.13897	0.09435	0.49289	0.01799	0.00880	0.00257	0.00432	0.09523	0.00679	0.00640
22	0.00969	0.00838	0.00855	0.00858	0.01079	0.03281	0.00646	0.01177	0.01681	0.02056	0.13772	0.10610	0.50325	0.01955	0.04051	0.00289	0.00486	0.03777	0.00665	0.00633
23	0.01055	0.00714	0.00841	0.00841	0.00858	0.00731	0.00501	0.01088	0.01071	0.01445	0.02246	0.04511	0.02536	0.65535	0.12473	0.00765	0.00865	0.01021	0.00434	0.00467
24	0.02813	0.01957	0.02133	0.01635	0.02215	0.02137	0.01351	0.61168	0.03285	0.11095	0.01856	0.01817	0.01292	0.00875	0.00728	0.00219	0.00782	0.00662	0.00744	0.01236
25	0.01810	0.01549	0.01630	0.01459	0.01870	0.01780	0.01137	0.06316	0.63408	0.03061	0.03079	0.02838	0.04771	0.01014	0.00744	0.00245	0.00576	0.00842	0.00737	0.01133
26	0.02085	0.01507	0.01635	0.01354	0.01731	0.01646	0.01047	0.33825	0.13556	0.05514	0.02227	0.05526	0.01920	0.18626	0.01444	0.00341	0.00702	0.00838	0.03492	0.00985
27	0.01530	0.01312	0.01517	0.01107	0.01735	0.01031	0.00883	0.01981	0.06485	0.02419	0.01416	0.01597	0.01161	0.00572	0.00553	0.00118	0.00541	0.00460	0.00454	0.73130
28	0.01636	0.01834	0.03960	0.02868	0.03537	0.01719	0.60921	0.02203	0.01685	0.02283	0.01713	0.08836	0.01457	0.00772	0.00865	0.00250	0.01149	0.00973	0.00397	0.00943
29	0.01470	0.03673	0.67492	0.02120	0.03178	0.01695	0.05794	0.02303	0.01543	0.02303	0.01312	0.01555	0.00930	0.00687	0.00699	0.00231	0.01082	0.00553	0.00310	0.01070
30	0.01590	0.01590	0.02226	0.01908	0.01908	0.02226	0.01590	0.01749	0.01113	0.01749	0.00954	0.01590	0.00954	0.01272	0.02385	0.00318	0.73123	0.00636	0.00318	0.00795
31	0.01039	0.00776	0.01152	0.01152	0.01276	0.00900	0.00889	0.01288	0.01163	0.01676	0.01962	0.02937	0.01852	0.08398	0.68675	0.01148	0.01894	0.00791	0.00392	0.00640
32	0.01057	0.00705	0.00793	0.00793	0.00793	0.00705	0.00440	0.01057	0.01057	0.01409	0.02290	0.04757	0.02643	0.74454	0.03700	0.00705	0.00705	0.01057	0.00440	0.00440
33	0.01978	0.71669	0.03730	0.01272	0.01883	0.05973	0.01251	0.02209	0.01503	0.01713	0.01016	0.01173	0.00933	0.00628	0.00475	0.00157	0.00801	0.00392	0.00314	0.00929
34	0.01355	0.00678	0.00678	0.00678	0.00847	0.00678	0.00508	0.01694	0.01524	0.02710	0.02371	0.02710	0.01863	0.00847	0.00508	0.00169	0.00339	0.00678	0.78489	0.00678
35	0.01507	0.01292	0.01507	0.01077	0.01723	0.00969	0.00861	0.01830	0.01507	0.02369	0.01292	0.01507	0.01077	0.00538	0.00538	0.00108	0.00538	0.00431	0.00431	0.78898
36	0.01042	0.00765	0.01098	0.01098	0.01204	0.00871	0.00821	0.01253	0.01147	0.01635	0.02011	0.03211	0.01971	0.18346	0.58890	0.01082	0.01715	0.00831	0.00399	0.00610
37	0.01716	0.01961	0.04289	0.03064	0.03799	0.01838	0.67279	0.02328	0.01716	0.02328	0.01471	0.01961	0.01103	0.00613	0.00858	0.00245	0.01225	0.00858	0.00368	0.00980
38	0.00886	0.00633	0.00843	0.01012	0.01054	0.00590	0.00675	0.01012	0.01392	0.01856	0.04006	0.73979	0.04808	0.02277	0.00928	0.00295	0.00422	0.02066	0.00675	0.00590
39	0.02763	0.02036	0.02182	0.01672	0.02254	0.02254	0.01382	0.67496	0.03418	0.04581	0.01745	0.01745	0.01236	0.00873	0.00727	0.00218	0.00800	0.00654	0.00727	0.01236
40	0.02763	0.02036	0.02182	0.01672	0.02254	0.02254	0.01382	0.67496	0.03418	0.04581	0.01745	0.01745	0.01236	0.00873	0.00727	0.00218	0.00800	0.00654	0.00727	0.01236
41	0.01486	0.03581	0.64432	0.02232	0.06389	0.01697	0.05578	0.02300	0.01549	0.02307	0.01315	0.01567	0.00940	0.00685	0.00700	0.00230	0.01071	0.00557	0.00312	0.01074
42	0.15103	0.01300	0.03902	0.11691	0.02141	0.01275	0.01170	0.06745	0.04248	0.22482	0.08322	0.07620	0.04621	0.01079	0.00728	0.00241	0.00644	0.05092	0.00655	0.00939
43	0.01457	0.01024	0.01219	0.01064	0.01333	0.01016	0.00821	0.14944	0.02258	0.05704	0.44896	0.04662	0.10545	0.04659	0.00954	0.00249	0.00465	0.01164	0.00762	0.00803
44	0.44928	0.01477	0.01398	0.01183	0.01661	0.01638	0.00964	0.10316	0.12735	0.14680	0.01731	0.01717	0.01246	0.00787	0.00577	0.00228	0.00602	0.00552	0.00606	0.00975
45	0.01716	0.01961	0.04289	0.03064	0.03799	0.01838	0.67279	0.02328	0.01716	0.02328	0.01471	0.01961	0.01103	0.00613	0.00858	0.00245	0.01225	0.00858	0.00368	0.00980
46	0.01808	0.01561	0.01644	0.01479	0.01890	0.01808	0.01151	0.03863	0.68606	0.03041	0.02959	0.02712	0.02219	0.00986	0.00740	0.00247	0.00575	0.00822	0.00740	0.01151
47	0.01041	0.00770	0.01122	0.01122	0.01236	0.00884	0.00851	0.01269	0.01155	0.01653	0.01989	0.03088	0.01918	0.13894	0.63269	0.01112	0.01795	0.00813	0.00396	0.00623
48	0.00977	0.00763	0.01158	0.04403	0.01443	0.00734	0.05436	0.01162	0.01428	0.01901	0.03700	0.63172	0.04350	0.02080	0.00917	0.00291	0.00512	0.04306	0.00637	0.00631
49	0.01943	0.74891	0.03809	0.01244	0.01866	0.02876	0.01244	0.02177	0.01477	0.01710	0.01011	0.01166	0.00933	0.00622	0.00466	0.00155	0.00777	0.00389	0.00311	0.00933
50	0.03261	0.01237	0.01687	0.01293	0.01856	0.01068	0.01068	0.03543	0.02081	0.70423	0.02868	0.02474	0.01799	0.00900	0.00731	0.00225	0.00619	0.00731	0.00900	0.01237
51	0.01843	0.01190	0.01412	0.01259	0.01611	0.01210	0.01018	0.13248	0.12592	0.15010	0.13258	0.07061	0.11628	0.01370	0.00824	0.00253	0.00573	0.12956	0.00751	0.00934
52	0.01027	0.00732	0.00936	0.00898	0.01035	0.00685	0.00644	0.01303	0.01859	0.02614	0.55266	0.08409	0.06057	0.13799	0.01339	0.00312	0.00407	0.01305	0.00734	0.00640
53	0.02462	0.01916	0.01929	0.01550	0.02047	0.06819	0.01254	0.46142	0.13195	0.03949	0.01957	0.01968	0.01434	0.00879	0.00701	0.00215	0.00751	0.00670	0.09027	0.01136
54	0.02183	0.02028	0.01770	0.01512	0.01944	0.18069	0.01187	0.24646	0.19768	0.03084	0.02861	0.02779	0.12928	0.01036	0.00736	0.00223	0.00788	0.00802	0.00639	0.01017
55	0.01042	0.00755	0.00990	0.00965	0.01139	0.00704	0.00747	0.01378	0.01991	0.02779	0.58305	0.05864	0.08831	0.01570	0.00877	0.00244	0.00388	0.09972	0.00778	0.00681
56	0.01621	0.10191	0.52642	0.02243	0.10275	0.06242	0.02419	0.02321	0.01576	0.02221	0.01272	0.01515	0.00948	0.00683	0.00671	0.00219	0.01038	0.00531	0.00317	0.01055
57	0.00973	0.00699	0.00911	0.01013	0.01098	0.00662	0.00699	0.03153	0.01590	0.02156	0.17287	0.57766	0.05114	0.02072	0.00907	0.00279	0.00417	0.01869	0.00702	0.00630
58	0.01304	0.01245	0.04347	0.01982	0.11205	0.01125	0.14059	0.01699	0.01716	0.02304	0.12662	0.07931	0.11211	0.01422	0.00885	0.00270	0.00727	0.22529	0.00575	0.00802
59	0.01485	0.03067	0.50528	0.02438	0.16261	0.01600	0.02404	0.02199	0.01609	0.02375	0.07831	0.01959	0.01534	0.00758	0.00712	0.00227	0.00962	0.00633	0.00365	0.01053
60	0.73397	0.01521	0.04192	0.01129	0.03914	0.01637	0.00922	0.02147	0.01265	0.03188	0.01038	0.01218	0.00806	0.00674	0.00470	0.00225	0.00595	0.00409	0.00440	0.00813
61	0.01943	0.74891	0.03809	0.01244	0.01866	0.02876	0.01244	0.02177	0.01477	0.01710	0.01011	0.01166	0.00933	0.00622	0.00466	0.00155	0.00777	0.00389	0.00311	0.00933
62	0.01462	0.01237	0.01325	0.01216	0.01549	0.01348	0.00937	0.02804	0.42220	0.02775	0.15160	0.04141	0.18293	0.01264	0.00787	0.00243	0.00489	0.01066	0.00735	0.00951
63	0.00881	0.00733	0.00769	0.00770	0.00997	0.00621	0.00574	0.01081	0.01694	0.02073	0.14680	0.09668	0.59325	0.01817	0.00862	0.00246	0.00367	0.01531	0.00690	0.00621
64	0.01001	0.00742	0.00933	0.00885	0.01069	0.00674	0.00664	0.01318	0.01992	0.02759	0.59334	0.05687	0.17158	0.01544	0.00858	0.00231	0.00347	0.01351	0.00780	0.00674
65	0.01189	0.00860	0.01180	0.01325	0.01502	0.00866	0.01149	0.01588	0.04181	0.02240	0.06700	0.07874	0.04228	0.01947	0.00988	0.00327	0.00652	0.59840	0.00678	0.00688
66	0.79588	0.01406	0.01068	0.00956	0.01406	0.01631	0.00787	0.02137	0.01237	0.03261	0.01012	0.01181	0.00787	0.00675	0.00450	0.00225	0.00562	0.00394	0.00450	0.00787
67	0.02763	0.02036	0.02182	0.01672	0.02254	0.02254	0.01382	0.67496	0.03418	0.04581	0.01745	0.01745	0.01236	0.00873	0.00727	0.00218	0.00800	0.00654	0.00727	0.01236
68	0.01920	0.71468	0.07028	0.01284	0.01927	0.02819	0.01313	0.02183	0.01480	0.01739	0.01025	0.01184	0.00932	0.00625	0.00477	0.00159	0.00792	0.00396	0.00311	0.00940
69	0.79588	0.01406	0.01068	0.00956	0.01406	0.01631	0.00787	0.02137	0.01237	0.03261	0.01012	0.01181	0.00787	0.00675	0.00450	0.00225	0.00562	0.00394	0.00450	0.00787
70	0.00886	0.00633	0.00843	0.01012	0.01054	0.00590	0.00675	0.01012	0.01392	0.01856	0.04006	0.73979	0.04808	0.02277	0.00928	0.00295	0.00422	0.02066	0.00675	0.00590
71	0.01057	0.00705	0.00793	0.00793	0.00793	0.00705	0.00440	0.01057	0.01057	0.01409	0.02290	0.04757	0.02643	0.74454	0.03700	0.00705	0.00705	0.01057	0.00440	0.00440
72	0.01943	0.74891	0.03809	0.01244	0.01866	0.02876	0.01244	0.02177	0.01477	0.01710	0.01011	0.01166	0.00933	0.00622	0.00466	0.00155	0.00777	0.00389	0.00311	0.00933
73	0.02715	0.03464	0.02060	0.01873	0.02247	0.71536	0.01404	0.02903	0.02060	0.01779	0.01124	0.01311	0.00936	0.00749	0.00655	0.00187	0.01311	0.00468	0.00375	0.00843
74	0.00995	0.00738	0.00927	0.00887	0.01067	0.00670	0.00663	0.01303	0.01966	0.02715	0.56620	0.08081	0.17527	0.01574	0.00860	0.00234	0.00350	0.01378	0.00774	0.00670
75	0.01057	0.00705	0.00793	0.00793	0.00793	0.00705	0.00440	0.01057	0.01057	0.01409	0.02290	0.04757	0.02643	0.74454	0.03700	0.00705	0.00705	0.01057	0.00440	0.00440
76	0.02009	0.68910	0.03668	0.01289	0.01898	0.06159	0.01256	0.04492	0.01573	0.01814	0.01042	0.01193	0.00944	0.00637	0.00485	0.00159	0.00804	0.00402	0.00329	0.00939
77	0.04035	0.01656	0.04789	0.10134	0.02519	0.02015	0.09907	0.04429	0.01340	0.02010	0.01146	0.01722	0.01016	0.01250	0.04772	0.00327	0.45085	0.00661	0.00348	0.00841
78	0.01458	0.03760	0.70688	0.02072	0.03146	0.01688	0.02686	0.02302	0.01535	0.02302	0.01304	0.01535	0.00921	0.00691	0.00691	0.00230	0.01074	0.00537	0.00307	0.01074
79	0.00866	0.00737	0.00746	0.00744	0.00986	0.00617	0.00558	0.01056	0.01673	0.02002	0.09866	0.06933	0.67098	0.01827	0.00859	0.00245	0.00367	0.01525	0.00680	0.00617
80	0.01013	0.00742	0.00949	0.00898	0.01076	0.00679	0.00673	0.01341	0.02020	0.02825	0.63640	0.05578	0.12810	0.01520	0.00858	0.00230	0.00345	0.01335	0.00788	0.00679
81	0.02693	0.02017	0.02355	0.01793	0.02382	0.04743	0.08198	0.53037	0.03080	0.09638	0.01785	0.01811	0.01257	0.00843	0.00738	0.00220	0.00849	0.00675	0.00691	0.01195
82	0.01485	0.01254	0.01350	0.01247	0.01582	0.01375	0.00967	0.02859	0.43312	0.02773	0.13078	0.04166	0.16433	0.01268	0.00790	0.00247	0.00505	0.03617	0.00732	0.00959
83	0.01075	0.00773	0.00933	0.00933	0.01125	0.00708	0.00692	0.01385	0.04449	0.05244	0.27771	0.21375	0.25386	0.01747	0.00868	0.00253	0.00400	0.03469	0.00731	0.00683
84	0.07558	0.01412	0.01575	0.01346	0.01780	0.01519	0.01068	0.08373	0.34917	0.19222	0.10718	0.02800	0.02500	0.00995	0.00731	0.00235	0.00574	0.00816	0.00764	0.01097
85	0.07763	0.04108	0.02326	0.18503	0.24125	0.01735	0.04256	0.07643	0.12517	0.04696	0.01857	0.02112	0.03652	0.00787	0.00706	0.00228	0.00799	0.00689	0.00476	0.01022
86	0.01523	0.01433	0.01701	0.01525	0.01629	0.08451	0.01214	0.04057	0.01319	0.01849	0.01473	0.02271	0.01407	0.08890	0.22619	0.00580	0.32818	0.00701	0.03803	0.00736
87	0.04712	0.13916	0.02314	0.09592	0.09354	0.09951	0.03432	0.12502	0.15502	0.02609	0.02141	0.02245	0.06966	0.00866	0.00683	0.00216	0.00804	0.00691	0.00512	0.00992
88	0.01983	0.66182	0.03544	0.01273	0.01857	0.08360	0.01228	0.02217	0.01526	0.01755	0.01073	0.01238	0.00970	0.00641	0.00483	0.00159	0.00803	0.00406	0.03386	0.00915
89	0.01116	0.00762	0.01000	0.00929	0.01116	0.00701	0.00701	0.01457	0.02059	0.05566	0.66918	0.05314	0.06660	0.01463	0.00852	0.00228	0.00354	0.01292	0.00804	0.00708
90	0.05978	0.01425	0.01700	0.01348	0.01848	0.01427	0.01099	0.20966	0.07445	0.35284	0.11277	0.02624	0.02299	0.00966	0.00735	0.00225	0.00627	0.00779	0.00807	0.01138
91	0.04719	0.06534	0.49049	0.01886	0.02742	0.12915	0.02213	0.02314	0.01614	0.02213	0.01556	0.01896	0.03487	0.00783	0.00683	0.00224	0.01040	0.02794	0.00349	0.00989
92	0.03020	0.01407	0.01765	0.01377	0.01926	0.01348	0.01130	0.14338	0.09529	0.52028	0.02689	0.02377	0.01750	0.00905	0.00731	0.00226	0.00644	0.00728	0.00853	0.01228

[dist]
# distance from previous block
# <min> <max>
0	11

[block]
# block no. 4 follows, 28 sequences, length 61
# corresponding to MSA columns:
# 404-448,453-468
name=unknown_E
#
# <colnr> <probs for GDERKNQSTAVLIFYWHMCP>
#	G	D	E	R	K	N	Q	S	T	A	V	L	I	F	Y	W	H	M	C	P
0	0.03178	0.01371	0.01770	0.01357	0.01923	0.01267	0.01121	0.14280	0.02305	0.59368	0.02679	0.02352	0.01705	0.00895	0.00730	0.00224	0.00649	0.00718	0.00871	0.01237
1	0.01727	0.01654	0.02821	0.15920	0.59021	0.01708	0.02195	0.02168	0.01621	0.02288	0.01355	0.01822	0.01121	0.00661	0.00721	0.00220	0.00881	0.00647	0.00354	0.01094
2	0.02648	0.01176	0.01538	0.01259	0.01709	0.01079	0.01006	0.07100	0.05150	0.48101	0.06417	0.14596	0.02548	0.01163	0.00771	0.00237	0.00581	0.00985	0.00838	0.01096
3	0.00894	0.00639	0.00851	0.01006	0.01056	0.00596	0.00675	0.01033	0.01430	0.01917	0.07807	0.70003	0.04927	0.02231	0.00924	0.00291	0.00417	0.02023	0.00682	0.00596
4	0.03261	0.01237	0.01687	0.01293	0.01856	0.01068	0.01068	0.03543	0.02081	0.70423	0.02868	0.02474	0.01799	0.00900	0.00731	0.00225	0.00619	0.00731	0.00900	0.01237
5	0.02175	0.22480	0.16067	0.04842	0.04575	0.34244	0.01666	0.02525	0.01762	0.01886	0.01144	0.01358	0.00941	0.00699	0.00617	0.00190	0.01093	0.00474	0.00342	0.00921
6	0.00910	0.00651	0.00865	0.00996	0.01060	0.00606	0.00677	0.01073	0.01504	0.02033	0.15009	0.62470	0.05152	0.02144	0.00916	0.00284	0.00408	0.01940	0.00696	0.00606
7	0.03261	0.01237	0.01687	0.01293	0.01856	0.01068	0.01068	0.03543	0.02081	0.70423	0.02868	0.02474	0.01799	0.00900	0.00731	0.00225	0.00619	0.00731	0.00900	0.01237
8	0.02137	0.01680	0.02094	0.20062	0.04787	0.01939	0.01528	0.37330	0.02483	0.03363	0.01589	0.01880	0.01197	0.01095	0.04491	0.00279	0.06680	0.00658	0.03693	0.01035
9	0.02455	0.05666	0.06172	0.01945	0.07809	0.27598	0.01500	0.27956	0.02480	0.02969	0.01648	0.01894	0.03072	0.00849	0.00699	0.00209	0.00992	0.02539	0.00522	0.01028
10	0.01590	0.01590	0.02226	0.01908	0.01908	0.02226	0.01590	0.01749	0.01113	0.01749	0.00954	0.01590	0.00954	0.01272	0.02385	0.00318	0.73123	0.00636	0.00318	0.00795
11	0.02810	0.01962	0.02135	0.01637	0.02217	0.02144	0.01352	0.61545	0.03293	0.10707	0.01850	0.01813	0.01289	0.00875	0.00728	0.00219	0.00783	0.00662	0.00743	0.01236
12	0.01424	0.00990	0.01401	0.13304	0.04862	0.01025	0.01143	0.01876	0.06944	0.09793	0.16989	0.18530	0.03789	0.01478	0.00849	0.00265	0.00596	0.13283	0.00658	0.00800
13	0.01943	0.74891	0.03809	0.01244	0.01866	0.02876	0.01244	0.02177	0.01477	0.01710	0.01011	0.01166	0.00933	0.00622	0.00466	0.00155	0.00777	0.00389	0.00311	0.00933
14	0.02126	0.01647	0.01833	0.01598	0.05440	0.01774	0.01205	0.35720	0.15639	0.03530	0.02426	0.06578	0.05769	0.04779	0.00888	0.00247	0.00688	0.00826	0.00669	0.06619
15	0.07726	0.07296	0.08848	0.06533	0.12886	0.24003	0.01595	0.10600	0.01936	0.05940	0.01385	0.01623	0.01087	0.00977	0.04303	0.00256	0.01041	0.00556	0.00436	0.00973
16	0.01056	0.00709	0.00815	0.00815	0.00822	0.00717	0.00468	0.01071	0.01064	0.01426	0.02270	0.04647	0.02595	0.70452	0.07637	0.00732	0.00777	0.01041	0.00437	0.00453
17	0.01801	0.46715	0.27634	0.01556	0.02338	0.02428	0.01764	0.04705	0.01571	0.02031	0.01143	0.01320	0.00940	0.00656	0.00556	0.00185	0.00884	0.00452	0.00325	0.00995
18	0.02763	0.02036	0.02182	0.01672	0.02254	0.02254	0.01382	0.67496	0.03418	0.04581	0.01745	0.01745	0.01236	0.00873	0.00727	0.00218	0.00800	0.00654	0.00727	0.01236
19	0.01507	0.01292	0.01507	0.01077	0.01723	0.00969	0.00861	0.01830	0.01507	0.02369	0.01292	0.01507	0.01077	0.00538	0.00538	0.00108	0.00538	0.00431	0.00431	0.78898
20	0.01040	0.00771	0.01128	0.01128	0.01244	0.00887	0.00859	0.01272	0.01156	0.01658	0.01984	0.03058	0.01905	0.12790	0.64355	0.01119	0.01815	0.00808	0.00395	0.00627
21	0.02718	0.01761	0.01964	0.01529	0.02079	0.01878	0.01256	0.45384	0.07715	0.19219	0.02348	0.02224	0.04622	0.00932	0.00735	0.00223	0.00723	0.00725	0.00765	0.01201
22	0.01027	0.00786	0.01053	0.01092	0.01232	0.00742	0.03514	0.03952	0.01564	0.02048	0.06303	0.47403	0.15280	0.04686	0.01010	0.00297	0.00488	0.06223	0.00659	0.00641
23	0.01458	0.03760	0.70688	0.02072	0.03146	0.01688	0.02686	0.02302	0.01535	0.02302	0.01304	0.01535	0.00921	0.00691	0.00691	0.00230	0.01074	0.00537	0.00307	0.01074
24	0.03261	0.01237	0.01687	0.01293	0.01856	0.01068	0.01068	0.03543	0.02081	0.70423	0.02868	0.02474	0.01799	0.00900	0.00731	0.00225	0.00619	0.00731	0.00900	0.01237
25	0.01373	0.01292	0.02180	0.72707	0.05006	0.01615	0.02019	0.01857	0.01453	0.01857	0.01292	0.01938	0.00969	0.00727	0.00727	0.00242	0.00969	0.00646	0.00323	0.00807
26	0.02727	0.01581	0.01837	0.01465	0.01994	0.01644	0.01192	0.24483	0.19532	0.31714	0.02525	0.02297	0.01723	0.00913	0.00732	0.00228	0.00667	0.00729	0.00802	0.01215
27	0.01655	0.01573	0.02686	0.33439	0.33965	0.01712	0.07033	0.05120	0.01656	0.02253	0.01361	0.01868	0.01074	0.00689	0.00734	0.00229	0.00933	0.00663	0.00362	0.00995
28	0.79588	0.01406	0.01068	0.00956	0.01406	0.01631	0.00787	0.02137	0.01237	0.03261	0.01012	0.01181	0.00787	0.00675	0.00450	0.00225	0.00562	0.00394	0.00450	0.00787
29	0.01032	0.00706	0.00828	0.00843	0.00869	0.00709	0.00508	0.01074	0.01122	0.01498	0.02630	0.10883	0.05616	0.58774	0.09354	0.00690	0.00775	0.01143	0.00467	0.00480
30	0.01895	0.62618	0.07732	0.01583	0.06372	0.02684	0.04470	0.02195	0.01503	0.01816	0.01072	0.01265	0.00954	0.00627	0.00514	0.00168	0.00821	0.00436	0.00316	0.00957
31	0.01295	0.00830	0.01081	0.00965	0.01208	0.00744	0.00738	0.01631	0.02025	0.10019	0.58133	0.04867	0.05955	0.01364	0.00824	0.00221	0.00385	0.01196	0.00787	0.05733
32	0.01507	0.01292	0.01507	0.01077	0.01723	0.00969	0.00861	0.01830	0.01507	0.02369	0.01292	0.01507	0.01077	0.00538	0.00538	0.00108	0.00538	0.00431	0.00431	0.78898
33	0.01158	0.00767	0.00972	0.01003	0.01088	0.00759	0.00690	0.05946	0.01441	0.01922	0.06840	0.30941	0.05905	0.15369	0.01840	0.17753	0.00551	0.03931	0.00563	0.00559
34	0.01263	0.00631	0.00947	0.00947	0.00947	0.00631	0.00631	0.00947	0.00947	0.01263	0.01263	0.02210	0.01263	0.02525	0.02841	0.78851	0.00631	0.00631	0.00316	0.00316
35	0.01799	0.01727	0.02950	0.04462	0.69919	0.01727	0.02231	0.02231	0.01655	0.02375	0.01367	0.01799	0.01151	0.00648	0.00720	0.00216	0.00864	0.00648	0.00360	0.01151
36	0.01799	0.01727	0.02950	0.04462	0.69919	0.01727	0.02231	0.02231	0.01655	0.02375	0.01367	0.01799	0.01151	0.00648	0.00720	0.00216	0.00864	0.00648	0.00360	0.01151
