[name]
unknown

[dist]
# distance from previous block
# <min> <max>
0	1

[block]
# block no. 0 follows, 29 sequences, length 6
# corresponding to MSA columns:
# 1-6
name=unknown_A
#
# <colnr> <probs for GDERKNQSTAVLIFYWHMCP>
#	G	D	E	R	K	N	Q	S	T	A	V	L	I	F	Y	W	H	M	C	P
0	0.01514	0.01207	0.01675	0.08921	0.12358	0.01286	0.01411	0.10424	0.07528	0.02505	0.02817	0.05212	0.02805	0.01414	0.00858	0.00279	0.00722	0.35623	0.00590	0.00852
1	0.01913	0.01715	0.02093	0.15255	0.20679	0.10704	0.01599	0.05342	0.18225	0.07599	0.01957	0.02392	0.01565	0.00855	0.00722	0.00228	0.00819	0.04819	0.00513	0.01007
2	0.01662	0.01324	0.01468	0.01352	0.01681	0.01461	0.01062	0.15138	0.32475	0.02897	0.03156	0.16714	0.05561	0.01344	0.00795	0.00256	0.00581	0.09417	0.00699	0.00958
3	0.01305	0.00875	0.01094	0.01103	0.01292	0.00872	0.00817	0.01836	0.13643	0.09078	0.16914	0.36191	0.04330	0.01699	0.00848	0.00263	0.00460	0.05898	0.00718	0.00762
4	0.01240	0.00943	0.03502	0.01055	0.01304	0.00831	0.00850	0.01698	0.06983	0.06994	0.43952	0.10357	0.05220	0.01430	0.00825	0.00236	0.00440	0.07567	0.00732	0.03840
5	0.02251	0.01262	0.01647	0.01348	0.01795	0.01214	0.04287	0.09145	0.12246	0.31059	0.05977	0.11931	0.02383	0.01089	0.00749	0.00228	0.00604	0.03066	0.00740	0.06978

[dist]
# distance from previous block
# <min> <max>
49	85

[block]
# block no. 1 follows, 29 sequences, length 31
# corresponding to MSA columns:
# 103-133
name=unknown_B
#
# <colnr> <probs for GDERKNQSTAVLIFYWHMCP>
#	G	D	E	R	K	N	Q	S	T	A	V	L	I	F	Y	W	H	M	C	P
0	0.06456	0.37063	0.24391	0.01716	0.07890	0.02178	0.01692	0.02217	0.04280	0.02093	0.03311	0.01498	0.01149	0.00676	0.00568	0.00190	0.00825	0.00493	0.00348	0.00968
1	0.01890	0.11804	0.01684	0.01171	0.01557	0.01341	0.00954	0.04517	0.15742	0.20133	0.19715	0.07723	0.06547	0.01133	0.00730	0.00221	0.00533	0.00948	0.00712	0.00946
2	0.06633	0.31688	0.10296	0.01562	0.02104	0.32998	0.01418	0.02455	0.01690	0.01856	0.01070	0.01245	0.00906	0.00674	0.00561	0.00178	0.01011	0.00431	0.00339	0.00882
3	0.03336	0.00748	0.00906	0.00883	0.01072	0.00688	0.00672	0.01284	0.01852	0.02561	0.46600	0.07965	0.21775	0.01573	0.00839	0.00236	0.00370	0.05253	0.00732	0.00654
4	0.01119	0.00755	0.00844	0.00820	0.00848	0.00766	0.00477	0.04379	0.01151	0.01535	0.02217	0.04513	0.02520	0.71283	0.03479	0.00667	0.00695	0.01016	0.00445	0.00470
5	0.01684	0.01969	0.07559	0.03228	0.17316	0.01771	0.51004	0.02260	0.01659	0.02289	0.01411	0.01866	0.01080	0.00611	0.00804	0.00233	0.01120	0.00781	0.00355	0.01000
6	0.00925	0.00689	0.00959	0.01209	0.05506	0.00650	0.00759	0.01068	0.01380	0.01850	0.03758	0.69828	0.04479	0.02128	0.00896	0.00284	0.00441	0.01935	0.00641	0.00614
7	0.00851	0.00722	0.00735	0.00732	0.00968	0.00605	0.00549	0.01041	0.01646	0.01978	0.10922	0.06762	0.66502	0.01783	0.00841	0.00239	0.00359	0.01490	0.00668	0.00605
8	0.01692	0.01888	0.04013	0.03198	0.13321	0.01785	0.58499	0.02267	0.01672	0.02287	0.01426	0.01898	0.01087	0.00605	0.00821	0.00236	0.01150	0.00811	0.00359	0.00984
9	0.02801	0.04900	0.04103	0.01575	0.05688	0.01423	0.03219	0.13109	0.06078	0.45867	0.02396	0.02191	0.01582	0.00842	0.00706	0.00218	0.00682	0.00688	0.00758	0.01176
10	0.01558	0.01558	0.02181	0.01869	0.01869	0.02181	0.01558	0.01714	0.01091	0.01714	0.00935	0.01558	0.00935	0.01246	0.02337	0.00312	0.73672	0.00623	0.00312	0.00779
11	0.01642	0.02193	0.14545	0.02851	0.03623	0.01778	0.57877	0.02277	0.01653	0.02277	0.01415	0.01856	0.01053	0.00612	0.00815	0.00238	0.01178	0.00792	0.00351	0.00975
12	0.01501	0.03581	0.68409	0.01998	0.03030	0.01629	0.02565	0.02305	0.01525	0.05096	0.01341	0.01541	0.00938	0.00685	0.00678	0.00225	0.01034	0.00534	0.00325	0.01059
13	0.01840	0.01666	0.02823	0.04203	0.66821	0.01657	0.02124	0.02255	0.01644	0.06038	0.01419	0.01798	0.01162	0.00648	0.00706	0.00212	0.00833	0.00639	0.00381	0.01132
14	0.03195	0.01212	0.01652	0.01267	0.01818	0.01047	0.01047	0.03470	0.02038	0.71026	0.02809	0.02424	0.01763	0.00881	0.00716	0.00220	0.00606	0.00716	0.00881	0.01212
15	0.03015	0.01221	0.01629	0.01272	0.01791	0.01087	0.01040	0.07241	0.02074	0.62529	0.02814	0.07020	0.01919	0.00967	0.00728	0.00224	0.00604	0.00796	0.00857	0.01171
16	0.01345	0.01266	0.02136	0.73264	0.04904	0.01582	0.01978	0.01819	0.01424	0.01819	0.01266	0.01898	0.00949	0.00712	0.00712	0.00237	0.00949	0.00633	0.00316	0.00791
17	0.00868	0.00620	0.00826	0.00991	0.01033	0.00578	0.00661	0.00991	0.01363	0.01818	0.03925	0.74510	0.04710	0.02231	0.00909	0.00289	0.00413	0.02024	0.00661	0.00578
18	0.01982	0.01569	0.01747	0.01306	0.01903	0.01490	0.01061	0.28401	0.05370	0.03217	0.01519	0.01624	0.01169	0.00679	0.00610	0.00155	0.00631	0.00527	0.00552	0.44487
19	0.01477	0.01266	0.01477	0.01055	0.01687	0.00949	0.00844	0.01793	0.01477	0.02320	0.01266	0.01477	0.01055	0.00527	0.00527	0.00105	0.00527	0.00422	0.00422	0.79328
20	0.01102	0.00777	0.00955	0.00912	0.01113	0.00717	0.00682	0.01458	0.04988	0.05953	0.43520	0.12315	0.19707	0.01557	0.00836	0.00235	0.00373	0.01357	0.00747	0.00695
21	0.01461	0.06157	0.64779	0.02059	0.03076	0.01705	0.06549	0.02252	0.01512	0.02236	0.01277	0.01516	0.00913	0.00669	0.00679	0.00224	0.01051	0.00540	0.00304	0.01042
22	0.01480	0.11462	0.63959	0.01942	0.02946	0.01780	0.02478	0.02242	0.01497	0.02192	0.01247	0.01464	0.00903	0.00669	0.00653	0.00218	0.01021	0.00510	0.00301	0.01037
23	0.00874	0.00723	0.00767	0.00756	0.00982	0.00615	0.00567	0.01086	0.01701	0.02108	0.19671	0.06549	0.57671	0.01735	0.00841	0.00237	0.00356	0.01460	0.00686	0.00615
24	0.01376	0.01297	0.02192	0.68172	0.09755	0.01590	0.01993	0.01846	0.01438	0.01857	0.01271	0.01888	0.00962	0.00706	0.00711	0.00235	0.00942	0.00633	0.00319	0.00816
25	0.01771	0.01530	0.01610	0.01449	0.01852	0.01771	0.01127	0.03784	0.69247	0.02979	0.02898	0.02657	0.02174	0.00966	0.00725	0.00242	0.00564	0.00805	0.00725	0.01127
26	0.00963	0.00693	0.00912	0.00926	0.01054	0.00642	0.00668	0.01231	0.01807	0.02524	0.48984	0.27438	0.06076	0.01704	0.00862	0.00245	0.00361	0.01523	0.00745	0.00642
27	0.00884	0.00638	0.00837	0.00967	0.01033	0.00591	0.00657	0.01037	0.01457	0.01952	0.12364	0.62727	0.07988	0.02114	0.00897	0.00279	0.00401	0.01908	0.00676	0.00591
28	0.02024	0.38382	0.02821	0.01459	0.01877	0.16361	0.01282	0.02234	0.01517	0.06158	0.01173	0.01425	0.01023	0.01044	0.05033	0.00250	0.14219	0.00484	0.00360	0.00874
29	0.13570	0.01420	0.01820	0.15714	0.02391	0.08098	0.07981	0.01833	0.01366	0.02068	0.01463	0.03877	0.01275	0.01882	0.17360	0.00446	0.10945	0.00667	0.05066	0.00758
30	0.02707	0.01995	0.02137	0.01638	0.02208	0.02208	0.01353	0.68159	0.03348	0.04488	0.01710	0.01710	0.01211	0.00855	0.00712	0.00214	0.00784	0.00641	0.00712	0.01211

[dist]
# distance from previous block
# <min> <max>
0	1

[block]
# block no. 2 follows, 29 sequences, length 170
# corresponding to MSA columns:
# 135-304
name=unknown_C
#
# <colnr> <probs for GDERKNQSTAVLIFYWHMCP>
#	G	D	E	R	K	N	Q	S	T	A	V	L	I	F	Y	W	H	M	C	P
0	0.01175	0.00879	0.01077	0.01036	0.01232	0.00876	0.00780	0.05961	0.09085	0.02712	0.40572	0.18731	0.07204	0.01551	0.00839	0.00243	0.00420	0.04154	0.00739	0.00735
1	0.01343	0.01211	0.02002	0.66685	0.04535	0.01499	0.01843	0.01805	0.01430	0.01895	0.01361	0.01967	0.01029	0.00723	0.00693	0.00231	0.00893	0.00636	0.07440	0.00779
2	0.77307	0.01371	0.01068	0.00948	0.01393	0.01578	0.00781	0.02142	0.01241	0.05578	0.01055	0.01201	0.00806	0.00669	0.00450	0.00220	0.00553	0.00397	0.00456	0.00787
3	0.01156	0.00852	0.01122	0.01182	0.01368	0.00854	0.00983	0.01637	0.07828	0.02455	0.26387	0.06623	0.04821	0.01703	0.00911	0.00285	0.00538	0.37887	0.00706	0.00703
4	0.00868	0.00620	0.00826	0.00991	0.01033	0.00578	0.00661	0.00991	0.01363	0.01818	0.03925	0.74510	0.04710	0.02231	0.00909	0.00289	0.00413	0.02024	0.00661	0.00578
5	0.05431	0.01973	0.02099	0.01614	0.02179	0.02187	0.01333	0.65831	0.03273	0.04442	0.01684	0.01690	0.01195	0.00848	0.00703	0.00214	0.00775	0.00632	0.00703	0.01195
6	0.01771	0.01530	0.01610	0.01449	0.01852	0.01771	0.01127	0.03784	0.69247	0.02979	0.02898	0.02657	0.02174	0.00966	0.00725	0.00242	0.00564	0.00805	0.00725	0.01127
7	0.01032	0.00688	0.00772	0.00778	0.00795	0.00682	0.00447	0.01055	0.01088	0.01464	0.02512	0.07175	0.05431	0.66742	0.03302	0.00639	0.00654	0.01077	0.03216	0.00452
8	0.02707	0.01995	0.02137	0.01638	0.02208	0.02208	0.01353	0.68159	0.03348	0.04488	0.01710	0.01710	0.01211	0.00855	0.00712	0.00214	0.00784	0.00641	0.00712	0.01211
9	0.01607	0.01877	0.08007	0.09971	0.12795	0.01721	0.43169	0.02151	0.01602	0.02202	0.01476	0.04630	0.01196	0.00706	0.00854	0.00239	0.03676	0.00808	0.00361	0.00952
10	0.01822	0.01711	0.02843	0.04199	0.66251	0.01724	0.02133	0.06320	0.01730	0.02462	0.01363	0.01759	0.01133	0.00648	0.00705	0.00212	0.00842	0.00635	0.00375	0.01133
11	0.01155	0.00960	0.01341	0.01262	0.01337	0.01187	0.00979	0.01336	0.01137	0.01641	0.01950	0.05114	0.04216	0.14932	0.37851	0.00790	0.20952	0.00833	0.00389	0.00639
12	0.01558	0.21193	0.52108	0.01920	0.05351	0.01941	0.02268	0.02222	0.01494	0.02116	0.01210	0.01425	0.00914	0.00658	0.00624	0.00207	0.00973	0.00495	0.00304	0.01021
13	0.80005	0.01377	0.01047	0.00936	0.01377	0.01597	0.00771	0.02093	0.01212	0.03195	0.00991	0.01157	0.00771	0.00661	0.00441	0.00220	0.00551	0.00386	0.00441	0.00771
14	0.01017	0.00763	0.01144	0.01144	0.01272	0.00890	0.00890	0.01272	0.01144	0.01653	0.01907	0.02797	0.01780	0.05340	0.72153	0.01144	0.01907	0.00763	0.00381	0.00636
15	0.01477	0.01266	0.01477	0.01055	0.01687	0.00949	0.00844	0.01793	0.01477	0.02320	0.01266	0.01477	0.01055	0.00527	0.00527	0.00105	0.00527	0.00422	0.00422	0.79328
16	0.02707	0.01995	0.02137	0.01638	0.02208	0.02208	0.01353	0.68159	0.03348	0.04488	0.01710	0.01710	0.01211	0.00855	0.00712	0.00214	0.00784	0.00641	0.00712	0.01211
17	0.71994	0.01360	0.01110	0.00971	0.01423	0.01540	0.00800	0.02237	0.01298	0.10270	0.01181	0.01289	0.00875	0.00684	0.00469	0.00220	0.00557	0.00420	0.00487	0.00817
18	0.02707	0.01995	0.02137	0.01638	0.02208	0.02208	0.01353	0.68159	0.03348	0.04488	0.01710	0.01710	0.01211	0.00855	0.00712	0.00214	0.00784	0.00641	0.00712	0.01211
19	0.01136	0.00809	0.01118	0.01265	0.01419	0.00807	0.01088	0.01444	0.01613	0.02106	0.05724	0.07737	0.04084	0.06527	0.01145	0.00347	0.00648	0.59696	0.00646	0.00642
20	0.01008	0.00728	0.00952	0.00896	0.01064	0.00672	0.00672	0.01344	0.02016	0.02855	0.70158	0.05319	0.06719	0.01456	0.00840	0.00224	0.00336	0.01288	0.00784	0.00672
21	0.01904	0.75404	0.03731	0.01218	0.01828	0.02818	0.01218	0.02132	0.01447	0.01675	0.00990	0.01142	0.00914	0.00609	0.00457	0.00152	0.00761	0.00381	0.00305	0.00914
22	0.01036	0.00690	0.00777	0.00777	0.00777	0.00690	0.00431	0.01036	0.01036	0.01381	0.02244	0.04660	0.02589	0.74975	0.03624	0.00690	0.00690	0.01036	0.00431	0.00431
23	0.03195	0.01212	0.01652	0.01267	0.01818	0.01047	0.01047	0.03470	0.02038	0.71026	0.02809	0.02424	0.01763	0.00881	0.00716	0.00220	0.00606	0.00716	0.00881	0.01212
24	0.01327	0.00664	0.00664	0.00664	0.00830	0.00664	0.00498	0.01659	0.01493	0.02655	0.02323	0.02655	0.01825	0.00830	0.00498	0.00166	0.00332	0.00664	0.78928	0.00664
25	0.01904	0.75404	0.03731	0.01218	0.01828	0.02818	0.01218	0.02132	0.01447	0.01675	0.00990	0.01142	0.00914	0.00609	0.00457	0.00152	0.00761	0.00381	0.00305	0.00914
26	0.02807	0.01214	0.01683	0.01314	0.01822	0.01091	0.03777	0.03226	0.06822	0.56366	0.09635	0.02715	0.02270	0.00934	0.00734	0.00223	0.00600	0.00786	0.00839	0.01140
27	0.01962	0.43336	0.02815	0.01356	0.01819	0.20964	0.01193	0.02185	0.01557	0.01718	0.01189	0.01461	0.01065	0.01328	0.10806	0.00304	0.01053	0.00465	0.02581	0.00843
28	0.80005	0.01377	0.01047	0.00936	0.01377	0.01597	0.00771	0.02093	0.01212	0.03195	0.00991	0.01157	0.00771	0.00661	0.00441	0.00220	0.00551	0.00386	0.00441	0.00771
29	0.02233	0.01677	0.01824	0.01480	0.01934	0.01870	0.01193	0.43605	0.15847	0.03708	0.02006	0.02166	0.01538	0.04556	0.08031	0.00332	0.00834	0.00703	0.03379	0.01084
30	0.01454	0.01241	0.01452	0.01052	0.01663	0.00935	0.00837	0.01763	0.01472	0.02302	0.01365	0.04205	0.01191	0.00591	0.00542	0.00112	0.00523	0.00482	0.00431	0.76387
31	0.00871	0.00742	0.00752	0.00754	0.00991	0.00636	0.00563	0.01104	0.03656	0.01951	0.06957	0.09311	0.65684	0.01794	0.00841	0.00242	0.00369	0.01502	0.00663	0.00616
32	0.00868	0.00620	0.00826	0.00991	0.01033	0.00578	0.00661	0.00991	0.01363	0.01818	0.03925	0.74510	0.04710	0.02231	0.00909	0.00289	0.00413	0.02024	0.00661	0.00578
33	0.03195	0.01212	0.01652	0.01267	0.01818	0.01047	0.01047	0.03470	0.02038	0.71026	0.02809	0.02424	0.01763	0.00881	0.00716	0.00220	0.00606	0.00716	0.00881	0.01212
34	0.00992	0.00724	0.00932	0.00886	0.01056	0.00664	0.00662	0.01310	0.01967	0.02757	0.63628	0.07583	0.11165	0.01505	0.00842	0.00227	0.00340	0.01326	0.00771	0.00664
35	0.02707	0.01995	0.02137	0.01638	0.02208	0.02208	0.01353	0.68159	0.03348	0.04488	0.01710	0.01710	0.01211	0.00855	0.00712	0.00214	0.00784	0.00641	0.00712	0.01211
36	0.02601	0.11365	0.02325	0.01606	0.02160	0.09656	0.01339	0.52976	0.02969	0.03845	0.01555	0.01593	0.01143	0.00811	0.00673	0.00203	0.00834	0.00589	0.00625	0.01133
37	0.00868	0.00620	0.00826	0.00991	0.01033	0.00578	0.00661	0.00991	0.01363	0.01818	0.03925	0.74510	0.04710	0.02231	0.00909	0.00289	0.00413	0.02024	0.00661	0.00578
38	0.03195	0.01212	0.01652	0.01267	0.01818	0.01047	0.01047	0.03470	0.02038	0.71026	0.02809	0.02424	0.01763	0.00881	0.00716	0.00220	0.00606	0.00716	0.00881	0.01212
39	0.01195	0.01181	0.05468	0.01081	0.01322	0.07906	0.00885	0.01530	0.01904	0.02570	0.49645	0.06896	0.07811	0.01529	0.03365	0.00259	0.00547	0.03517	0.00684	0.00704
40	0.01558	0.01558	0.02181	0.01869	0.01869	0.02181	0.01558	0.01714	0.01091	0.01714	0.00935	0.01558	0.00935	0.01246	0.02337	0.00312	0.73672	0.00623	0.00312	0.00779
41	0.02042	0.01600	0.01715	0.01474	0.01919	0.01811	0.01166	0.16277	0.52226	0.07537	0.02662	0.02458	0.01961	0.00939	0.00722	0.00235	0.00609	0.00768	0.00732	0.01149
42	0.01759	0.01702	0.02947	0.04312	0.67653	0.01697	0.05020	0.02189	0.01624	0.02324	0.01344	0.01769	0.01126	0.00633	0.00711	0.00213	0.00861	0.00643	0.00353	0.01121
43	0.01951	0.70891	0.03624	0.01257	0.01851	0.07161	0.01228	0.02177	0.01483	0.01680	0.00997	0.01151	0.00914	0.00617	0.00469	0.00154	0.00794	0.00386	0.00309	0.00908
44	0.00868	0.00620	0.00826	0.00991	0.01033	0.00578	0.00661	0.00991	0.01363	0.01818	0.03925	0.74510	0.04710	0.02231	0.00909	0.00289	0.00413	0.02024	0.00661	0.00578
45	0.01078	0.00993	0.05391	0.01128	0.01315	0.00876	0.00868	0.01615	0.14277	0.02109	0.06238	0.50724	0.06921	0.01845	0.00854	0.00272	0.00476	0.01648	0.00655	0.00717
46	0.02919	0.01221	0.01682	0.01312	0.01831	0.01090	0.03111	0.03311	0.06220	0.60352	0.05176	0.04469	0.02021	0.00935	0.00730	0.00224	0.00607	0.00781	0.00846	0.01163
47	0.02566	0.03197	0.01975	0.01794	0.02164	0.64699	0.01350	0.02943	0.09107	0.01873	0.01290	0.01429	0.01050	0.00758	0.00651	0.00190	0.01208	0.00495	0.00405	0.00857
48	0.01839	0.01474	0.01655	0.01235	0.01819	0.01348	0.00993	0.21516	0.04815	0.02959	0.01497	0.01699	0.01198	0.03089	0.00692	0.00162	0.00610	0.00523	0.00521	0.50359
49	0.01715	0.01657	0.02867	0.11576	0.60733	0.01685	0.04998	0.02151	0.01603	0.02271	0.01336	0.01784	0.01107	0.00641	0.00712	0.00215	0.00872	0.00643	0.00349	0.01085
50	0.01327	0.00664	0.00664	0.00664	0.00830	0.00664	0.00498	0.01659	0.01493	0.02655	0.02323	0.02655	0.01825	0.00830	0.00498	0.00166	0.00332	0.00664	0.78928	0.00664
51	0.02707	0.01995	0.02137	0.01638	0.02208	0.02208	0.01353	0.68159	0.03348	0.04488	0.01710	0.01710	0.01211	0.00855	0.00712	0.00214	0.00784	0.00641	0.00712	0.01211
52	0.00872	0.00623	0.00831	0.00988	0.01034	0.00582	0.00661	0.01004	0.01386	0.01854	0.06220	0.72113	0.04779	0.02204	0.00906	0.00287	0.00410	0.01999	0.00665	0.00582
53	0.00868	0.00620	0.00826	0.00991	0.01033	0.00578	0.00661	0.00991	0.01363	0.01818	0.03925	0.74510	0.04710	0.02231	0.00909	0.00289	0.00413	0.02024	0.00661	0.00578
54	0.00976	0.00723	0.00911	0.00871	0.01046	0.00657	0.00651	0.01280	0.01930	0.02670	0.57784	0.07962	0.16821	0.01538	0.00843	0.00229	0.00343	0.01348	0.00760	0.00657
55	0.03134	0.01214	0.01646	0.01259	0.01813	0.01043	0.01039	0.03411	0.02018	0.68613	0.02755	0.02390	0.01738	0.00869	0.00709	0.00216	0.00603	0.00706	0.00865	0.03956
56	0.01437	0.01358	0.02283	0.52436	0.22084	0.01575	0.01980	0.01887	0.01483	0.01957	0.01502	0.02043	0.03521	0.00731	0.00715	0.00231	0.00901	0.00665	0.00338	0.00873
57	0.01901	0.68286	0.07903	0.01292	0.01920	0.05269	0.01313	0.02166	0.01471	0.01714	0.01012	0.01170	0.00913	0.00618	0.00477	0.00158	0.00799	0.00393	0.00307	0.00919
58	0.01490	0.01262	0.01482	0.01092	0.01669	0.01010	0.00871	0.04285	0.01554	0.02391	0.03929	0.03886	0.01382	0.00647	0.00609	0.00125	0.02583	0.00518	0.00451	0.68766
59	0.01449	0.06775	0.68374	0.01995	0.03028	0.01704	0.02570	0.02250	0.01501	0.02230	0.01265	0.01488	0.00903	0.00674	0.00667	0.00222	0.01040	0.00520	0.00301	0.01046
60	0.01904	0.75404	0.03731	0.01218	0.01828	0.02818	0.01218	0.02132	0.01447	0.01675	0.00990	0.01142	0.00914	0.00609	0.00457	0.00152	0.00761	0.00381	0.00305	0.00914
61	0.01362	0.01283	0.02167	0.70419	0.07614	0.01587	0.01986	0.01834	0.01432	0.01840	0.01269	0.01893	0.00957	0.00709	0.00712	0.00236	0.00945	0.00633	0.00318	0.00805
62	0.06674	0.01520	0.01575	0.01417	0.01822	0.01760	0.01105	0.03678	0.64983	0.02992	0.02779	0.02563	0.02086	0.00947	0.00707	0.00240	0.00563	0.00779	0.00707	0.01105
63	0.14163	0.59146	0.03177	0.01189	0.01758	0.02560	0.01142	0.02230	0.05659	0.01996	0.01110	0.01239	0.00970	0.00640	0.00471	0.00169	0.00716	0.00408	0.00352	0.00905
64	0.00868	0.00620	0.00826	0.00991	0.01033	0.00578	0.00661	0.00991	0.01363	0.01818	0.03925	0.74510	0.04710	0.02231	0.00909	0.00289	0.00413	0.02024	0.00661	0.00578
65	0.01051	0.00804	0.01129	0.12270	0.01665	0.00808	0.00876	0.01393	0.01875	0.02618	0.54538	0.09794	0.05667	0.01395	0.00825	0.00231	0.00438	0.01238	0.00702	0.00684
66	0.00862	0.00722	0.00749	0.00742	0.00974	0.00610	0.00557	0.01061	0.01670	0.02036	0.14816	0.06668	0.62572	0.01761	0.00841	0.00238	0.00358	0.01477	0.00676	0.00610
67	0.01771	0.01530	0.01610	0.01449	0.01852	0.01771	0.01127	0.03784	0.69247	0.02979	0.02898	0.02657	0.02174	0.00966	0.00725	0.00242	0.00564	0.00805	0.00725	0.01127
68	0.00911	0.00658	0.00861	0.00950	0.01039	0.00609	0.00659	0.01104	0.01580	0.02150	0.24962	0.49736	0.08198	0.01968	0.00884	0.00266	0.00386	0.01769	0.00700	0.00609
69	0.01539	0.01530	0.02144	0.01844	0.01848	0.02136	0.01534	0.01698	0.01092	0.01712	0.00969	0.01602	0.00965	0.01391	0.04797	0.00341	0.71143	0.00628	0.00314	0.00774
70	0.80005	0.01377	0.01047	0.00936	0.01377	0.01597	0.00771	0.02093	0.01212	0.03195	0.00991	0.01157	0.00771	0.00661	0.00441	0.00220	0.00551	0.00386	0.00441	0.00771
71	0.01904	0.75404	0.03731	0.01218	0.01828	0.02818	0.01218	0.02132	0.01447	0.01675	0.00990	0.01142	0.00914	0.00609	0.00457	0.00152	0.00761	0.00381	0.00305	0.00914
72	0.03133	0.01226	0.01651	0.01275	0.01819	0.01078	0.01050	0.03484	0.04965	0.68063	0.02813	0.02434	0.01781	0.00885	0.00716	0.00221	0.00604	0.00720	0.00874	0.01208
73	0.00978	0.00747	0.00900	0.00864	0.01057	0.00682	0.00647	0.01313	0.03948	0.02551	0.47375	0.07873	0.25311	0.01568	0.00839	0.00231	0.00353	0.01360	0.00742	0.00662
74	0.01908	0.01278	0.01496	0.01203	0.01657	0.01195	0.00941	0.15565	0.05933	0.14257	0.02202	0.13455	0.01957	0.06308	0.00892	0.00226	0.00589	0.00835	0.00615	0.27489
75	0.01008	0.00728	0.00952	0.00896	0.01064	0.00672	0.00672	0.01344	0.02016	0.02855	0.70158	0.05319	0.06719	0.01456	0.00840	0.00224	0.00336	0.01288	0.00784	0.00672
76	0.02188	0.01658	0.01834	0.01385	0.01972	0.01649	0.01130	0.36776	0.05398	0.05601	0.01617	0.01679	0.01207	0.00729	0.00639	0.00172	0.00666	0.00563	0.00602	0.32538
77	0.01513	0.08298	0.63910	0.01969	0.02963	0.04798	0.02485	0.02273	0.01522	0.02195	0.01252	0.01471	0.00903	0.00675	0.00661	0.00219	0.01044	0.00514	0.00304	0.01034
78	0.06706	0.02162	0.15426	0.02823	0.32245	0.08890	0.01859	0.02479	0.12774	0.02400	0.01766	0.01970	0.03892	0.00754	0.00685	0.00218	0.00846	0.00642	0.00423	0.01039
79	0.01787	0.49296	0.26053	0.01489	0.02243	0.02376	0.01681	0.02215	0.01484	0.04055	0.01143	0.01302	0.00937	0.00640	0.00538	0.00179	0.00853	0.00440	0.00321	0.00969
80	0.01630	0.01631	0.02956	0.21280	0.32826	0.01709	0.18327	0.02159	0.03986	0.02191	0.01389	0.01862	0.01102	0.00676	0.00792	0.00229	0.03218	0.00691	0.00357	0.00990
81	0.08153	0.05523	0.30393	0.01562	0.02320	0.01478	0.01691	0.06517	0.01771	0.26259	0.01799	0.01790	0.01218	0.00745	0.00655	0.00212	0.00798	0.00575	0.00545	0.05995
82	0.15788	0.04343	0.01654	0.01230	0.01760	0.01280	0.01022	0.05510	0.04491	0.51954	0.02397	0.02144	0.01559	0.00836	0.00660	0.00218	0.00608	0.00648	0.00773	0.01123
83	0.00911	0.00724	0.00817	0.00794	0.01004	0.00630	0.00595	0.01156	0.01786	0.02310	0.33347	0.06216	0.43870	0.01659	0.00841	0.00234	0.00350	0.01414	0.00712	0.00630
84	0.01345	0.01266	0.02136	0.73264	0.04904	0.01582	0.01978	0.01819	0.01424	0.01819	0.01266	0.01898	0.00949	0.00712	0.00712	0.00237	0.00949	0.00633	0.00316	0.00791
85	0.02488	0.01451	0.01692	0.01395	0.01880	0.01517	0.01120	0.11418	0.32800	0.32012	0.02717	0.02444	0.01883	0.00917	0.00719	0.00229	0.00608	0.00748	0.00790	0.01173
86	0.02977	0.01230	0.01626	0.01275	0.01798	0.01111	0.01044	0.03438	0.09124	0.61754	0.04891	0.02537	0.01959	0.00908	0.00721	0.00223	0.00593	0.00743	0.00862	0.01186
87	0.01017	0.00763	0.01144	0.01144	0.01272	0.00890	0.00890	0.01272	0.01144	0.01653	0.01907	0.02797	0.01780	0.05340	0.72153	0.01144	0.01907	0.00763	0.00381	0.00636
88	0.00868	0.00620	0.00826	0.00991	0.01033	0.00578	0.00661	0.00991	0.01363	0.01818	0.03925	0.74510	0.04710	0.02231	0.00909	0.00289	0.00413	0.02024	0.00661	0.00578
89	0.03011	0.01410	0.04731	0.01344	0.01913	0.01217	0.01149	0.09795	0.04919	0.58674	0.02638	0.02323	0.01688	0.00873	0.00714	0.00221	0.00641	0.00704	0.00833	0.01201
90	0.01533	0.01458	0.02476	0.42164	0.34531	0.01632	0.02071	0.01985	0.01513	0.02048	0.01299	0.01837	0.01030	0.00677	0.00709	0.00226	0.00903	0.00634	0.00333	0.00943
91	0.01558	0.01558	0.02181	0.01869	0.01869	0.02181	0.01558	0.01714	0.01091	0.01714	0.00935	0.01558	0.00935	0.01246	0.02337	0.00312	0.73672	0.00623	0.00312	0.00779
92	0.01477	0.01266	0.01477	0.01055	0.01687	0.00949	0.00844	0.01793	0.01477	0.02320	0.01266	0.01477	0.01055	0.00527	0.00527	0.00105	0.00527	0.00422	0.00422	0.79328
93	0.02294	0.13617	0.06519	0.02022	0.10556	0.38572	0.01505	0.07040	0.07446	0.02119	0.01312	0.01476	0.01064	0.00727	0.00636	0.00192	0.01047	0.00513	0.00404	0.00940
94	0.03195	0.01212	0.01652	0.01267	0.01818	0.01047	0.01047	0.03470	0.02038	0.71026	0.02809	0.02424	0.01763	0.00881	0.00716	0.00220	0.00606	0.00716	0.00881	0.01212
95	0.01036	0.00690	0.00777	0.00777	0.00777	0.00690	0.00431	0.01036	0.01036	0.01381	0.02244	0.04660	0.02589	0.74975	0.03624	0.00690	0.00690	0.01036	0.00431	0.00431
96	0.01237	0.00618	0.00928	0.00928	0.00928	0.00618	0.00618	0.00928	0.00928	0.01237	0.01237	0.02165	0.01237	0.02474	0.02783	0.79283	0.00618	0.00618	0.00309	0.00309
97	0.01008	0.00728	0.00952	0.00896	0.01064	0.00672	0.00672	0.01344	0.02016	0.02855	0.70158	0.05319	0.06719	0.01456	0.00840	0.00224	0.00336	0.01288	0.00784	0.00672
98	0.01904	0.75404	0.03731	0.01218	0.01828	0.02818	0.01218	0.02132	0.01447	0.01675	0.00990	0.01142	0.00914	0.00609	0.00457	0.00152	0.00761	0.00381	0.00305	0.00914
99	0.01036	0.00690	0.00777	0.00777	0.00777	0.00690	0.00431	0.01036	0.01036	0.01381	0.02244	0.04660	0.02589	0.74975	0.03624	0.00690	0.00690	0.01036	0.00431	0.00431
100	0.77481	0.01372	0.01066	0.00947	0.01392	0.01579	0.00780	0.02138	0.01239	0.05424	0.01051	0.01198	0.00804	0.00668	0.00450	0.00220	0.00553	0.00396	0.00455	0.00786
101	0.01904	0.75404	0.03731	0.01218	0.01828	0.02818	0.01218	0.02132	0.01447	0.01675	0.00990	0.01142	0.00914	0.00609	0.00457	0.00152	0.00761	0.00381	0.00305	0.00914
102	0.01036	0.00690	0.00777	0.00777	0.00777	0.00690	0.00431	0.01036	0.01036	0.01381	0.02244	0.04660	0.02589	0.74975	0.03624	0.00690	0.00690	0.01036	0.00431	0.00431
103	0.01889	0.01981	0.03551	0.05146	0.05373	0.06275	0.46472	0.12623	0.01930	0.02557	0.01433	0.01828	0.01082	0.00679	0.00857	0.00234	0.03930	0.00763	0.00412	0.00983
104	0.01030	0.00688	0.00778	0.00784	0.00785	0.00687	0.00439	0.01034	0.01046	0.01395	0.02300	0.06996	0.02660	0.72542	0.03533	0.00677	0.00681	0.01069	0.00439	0.00436
105	0.01032	0.00752	0.01001	0.01117	0.01263	0.00721	0.00906	0.01298	0.01627	0.02134	0.13041	0.22121	0.12353	0.01938	0.00931	0.00295	0.00525	0.35635	0.00675	0.00634
106	0.01355	0.01277	0.02183	0.63150	0.07461	0.01552	0.04383	0.01818	0.01424	0.01848	0.01316	0.01950	0.01014	0.00994	0.05194	0.00293	0.01014	0.00649	0.00324	0.00802
107	0.00842	0.00721	0.00721	0.00721	0.00962	0.00601	0.00541	0.01022	0.01623	0.01924	0.07213	0.06853	0.70244	0.01803	0.00842	0.00240	0.00361	0.01503	0.00661	0.00601
108	0.01448	0.03362	0.61424	0.02235	0.10141	0.01621	0.02511	0.02214	0.01535	0.02285	0.03857	0.01673	0.01143	0.00701	0.00686	0.00224	0.01004	0.00566	0.00324	0.01046
109	0.01450	0.01238	0.01449	0.01052	0.01659	0.00933	0.00836	0.01758	0.01472	0.02299	0.01380	0.04625	0.01212	0.00601	0.00544	0.00113	0.00522	0.00491	0.00432	0.75934
110	0.01664	0.01603	0.02768	0.20044	0.53000	0.01671	0.04650	0.02105	0.01579	0.02209	0.01326	0.01799	0.01085	0.00651	0.00712	0.00218	0.00883	0.00642	0.00345	0.01045
111	0.01208	0.00776	0.00992	0.00910	0.01127	0.00700	0.00692	0.01516	0.01964	0.09664	0.54683	0.05235	0.14916	0.01445	0.00827	0.00226	0.00367	0.01259	0.00777	0.00717
112	0.00997	0.00727	0.00937	0.00885	0.01057	0.00667	0.00664	0.01324	0.01991	0.02797	0.66213	0.05415	0.10700	0.01478	0.00840	0.00225	0.00337	0.01301	0.00776	0.00667
113	0.01345	0.01266	0.02136	0.73264	0.04904	0.01582	0.01978	0.01819	0.01424	0.01819	0.01266	0.01898	0.00949	0.00712	0.00712	0.00237	0.00949	0.00633	0.00316	0.00791
114	0.01021	0.00748	0.01068	0.01068	0.01169	0.00849	0.00795	0.01222	0.01122	0.01596	0.01977	0.03185	0.01948	0.19827	0.57897	0.01050	0.01654	0.00820	0.00392	0.00593
115	0.01002	0.00728	0.00944	0.00890	0.01060	0.00669	0.00667	0.01333	0.02002	0.02824	0.68017	0.05371	0.08879	0.01468	0.00840	0.00225	0.00337	0.01295	0.00780	0.00669
116	0.02641	0.01945	0.02091	0.01610	0.02164	0.02149	0.01327	0.65569	0.03296	0.04424	0.04363	0.01849	0.01424	0.00878	0.00717	0.00214	0.00766	0.00666	0.00715	0.01190
117	0.80005	0.01377	0.01047	0.00936	0.01377	0.01597	0.00771	0.02093	0.01212	0.03195	0.00991	0.01157	0.00771	0.00661	0.00441	0.00220	0.00551	0.00386	0.00441	0.00771
118	0.00979	0.00727	0.00913	0.00866	0.01046	0.00660	0.00650	0.01289	0.01949	0.02697	0.59430	0.05580	0.17545	0.01515	0.00840	0.00227	0.00340	0.01324	0.00763	0.00660
119	0.03195	0.01212	0.01652	0.01267	0.01818	0.01047	0.01047	0.03470	0.02038	0.71026	0.02809	0.02424	0.01763	0.00881	0.00716	0.00220	0.00606	0.00716	0.00881	0.01212
120	0.01771	0.01530	0.01610	0.01449	0.01852	0.01771	0.01127	0.03784	0.69247	0.02979	0.02898	0.02657	0.02174	0.00966	0.00725	0.00242	0.00564	0.00805	0.00725	0.01127
121	0.03195	0.01212	0.01652	0.01267	0.01818	0.01047	0.01047	0.03470	0.02038	0.71026	0.02809	0.02424	0.01763	0.00881	0.00716	0.00220	0.00606	0.00716	0.00881	0.01212
122	0.01010	0.00738	0.00888	0.00950	0.01056	0.00705	0.00649	0.05226	0.01504	0.01973	0.06540	0.45188	0.15084	0.13471	0.01309	0.00337	0.00468	0.01668	0.00633	0.00602
123	0.00868	0.00620	0.00826	0.00991	0.01033	0.00578	0.00661	0.00991	0.01363	0.01818	0.03925	0.74510	0.04710	0.02231	0.00909	0.00289	0.00413	0.02024	0.00661	0.00578
124	0.80005	0.01377	0.01047	0.00936	0.01377	0.01597	0.00771	0.02093	0.01212	0.03195	0.00991	0.01157	0.00771	0.00661	0.00441	0.00220	0.00551	0.00386	0.00441	0.00771
125	0.02707	0.01995	0.02137	0.01638	0.02208	0.02208	0.01353	0.68159	0.03348	0.04488	0.01710	0.01710	0.01211	0.00855	0.00712	0.00214	0.00784	0.00641	0.00712	0.01211
126	0.76760	0.01472	0.03947	0.00982	0.01447	0.01600	0.00848	0.02100	0.01224	0.03156	0.01003	0.01171	0.00777	0.00662	0.00450	0.00221	0.00572	0.00391	0.00435	0.00783
127	0.01428	0.03683	0.71286	0.02030	0.03082	0.01654	0.02631	0.02255	0.01503	0.02255	0.01278	0.01503	0.00902	0.00677	0.00677	0.00226	0.01052	0.00526	0.00301	0.01052
128	0.01025	0.00686	0.00780	0.00790	0.00793	0.00683	0.00446	0.01033	0.01056	0.01408	0.02349	0.09037	0.02722	0.70416	0.03454	0.00665	0.00673	0.01097	0.00446	0.00441
129	0.02506	0.04621	0.02087	0.01608	0.02130	0.08715	0.01310	0.48118	0.15020	0.03859	0.01841	0.01820	0.01346	0.00855	0.00699	0.00214	0.00790	0.00644	0.00668	0.01149
130	0.14124	0.01758	0.02428	0.11105	0.40501	0.08804	0.04126	0.02248	0.01593	0.04911	0.01311	0.01664	0.01053	0.00665	0.00663	0.00214	0.00859	0.00588	0.00384	0.01001
131	0.01519	0.10421	0.62341	0.01946	0.02931	0.04395	0.02451	0.02265	0.01517	0.02181	0.01244	0.01461	0.00904	0.00672	0.00655	0.00217	0.01034	0.00510	0.00304	0.01031
132	0.01511	0.03521	0.66356	0.02068	0.05056	0.01630	0.02552	0.02303	0.01529	0.05097	0.01343	0.01549	0.00944	0.00684	0.00679	0.00225	0.01028	0.00537	0.00326	0.01061
133	0.01024	0.00737	0.01015	0.01015	0.01098	0.00820	0.00729	0.01189	0.01106	0.01557	0.02026	0.03452	0.02065	0.29828	0.48055	0.00985	0.01479	0.00859	0.00399	0.00564
134	0.01660	0.01688	0.02917	0.14830	0.21143	0.04297	0.24624	0.02333	0.09916	0.02271	0.01696	0.02325	0.01388	0.00764	0.00770	0.00236	0.00955	0.04800	0.00414	0.00972
135	0.02669	0.03906	0.04240	0.04001	0.02033	0.01446	0.01199	0.11891	0.15846	0.41196	0.02513	0.02284	0.01686	0.00873	0.00707	0.00222	0.00654	0.00704	0.00767	0.01164
136	0.03116	0.01272	0.01682	0.01297	0.01844	0.01144	0.01069	0.07561	0.04406	0.64516	0.02743	0.02387	0.01742	0.00883	0.00716	0.00221	0.00616	0.00714	0.00865	0.01209
137	0.01773	0.01770	0.02825	0.03969	0.59089	0.06040	0.06185	0.02182	0.01650	0.02270	0.01584	0.01962	0.04091	0.00689	0.00715	0.00213	0.00875	0.00674	0.00367	0.01076
138	0.00992	0.00727	0.00930	0.00879	0.01054	0.00665	0.00659	0.01313	0.01978	0.02766	0.64089	0.05467	0.12844	0.01489	0.00840	0.00226	0.00338	0.01308	0.00772	0.00665
139	0.01904	0.75404	0.03731	0.01218	0.01828	0.02818	0.01218	0.02132	0.01447	0.01675	0.00990	0.01142	0.00914	0.00609	0.00457	0.00152	0.00761	0.00381	0.00305	0.00914
140	0.01528	0.01264	0.01482	0.01061	0.01691	0.00952	0.00850	0.01844	0.01494	0.04396	0.01312	0.01505	0.01076	0.00538	0.00533	0.00109	0.00530	0.00431	0.00436	0.76968
141	0.00842	0.00721	0.00721	0.00721	0.00962	0.00601	0.00541	0.01022	0.01623	0.01924	0.07213	0.06853	0.70244	0.01803	0.00842	0.00240	0.00361	0.01503	0.00661	0.00601
142	0.02559	0.01117	0.01519	0.01238	0.01666	0.01047	0.01002	0.05631	0.01839	0.48554	0.02517	0.02552	0.01767	0.04132	0.18935	0.00468	0.00946	0.00734	0.00734	0.01043
143	0.01684	0.01911	0.04145	0.03061	0.06631	0.01796	0.65083	0.02277	0.01678	0.02283	0.01436	0.01914	0.01083	0.00602	0.00834	0.00239	0.01185	0.00831	0.00360	0.00968
144	0.01034	0.00697	0.00811	0.00811	0.00822	0.00709	0.00474	0.01057	0.01046	0.01406	0.02212	0.04487	0.02514	0.68530	0.09967	0.00732	0.00803	0.01010	0.00427	0.00450
145	0.02781	0.01806	0.02012	0.01550	0.02110	0.01937	0.01278	0.51644	0.05414	0.19056	0.01994	0.01900	0.01367	0.00865	0.00714	0.00216	0.00737	0.00663	0.00750	0.01208
146	0.01746	0.01675	0.02861	0.07041	0.67989	0.01688	0.02177	0.02171	0.01614	0.02307	0.01337	0.01768	0.01121	0.00637	0.00705	0.00212	0.00850	0.00634	0.00351	0.01115
147	0.01477	0.01266	0.01477	0.01055	0.01687	0.00949	0.00844	0.01793	0.01477	0.02320	0.01266	0.01477	0.01055	0.00527	0.00527	0.00105	0.00527	0.00422	0.00422	0.79328
148	0.00974	0.00727	0.00905	0.00860	0.01043	0.00657	0.00645	0.01278	0.01936	0.02666	0.57330	0.05632	0.19665	0.01527	0.00840	0.00227	0.00341	0.01332	0.00759	0.00657
149	0.02363	0.01369	0.01613	0.01366	0.01824	0.01427	0.01093	0.03572	0.38050	0.32247	0.02889	0.02736	0.02061	0.00963	0.00730	0.00235	0.00585	0.02939	0.00790	0.01148
150	0.02707	0.01995	0.02137	0.01638	0.02208	0.02208	0.01353	0.68159	0.03348	0.04488	0.01710	0.01710	0.01211	0.00855	0.00712	0.00214	0.00784	0.00641	0.00712	0.01211
151	0.01558	0.01558	0.02181	0.01869	0.01869	0.02181	0.01558	0.01714	0.01091	0.01714	0.00935	0.01558	0.00935	0.01246	0.02337	0.00312	0.73672	0.00623	0.00312	0.00779
152	0.01147	0.00820	0.01147	0.01311	0.01475	0.00820	0.01147	0.01475	0.01639	0.02131	0.03770	0.08032	0.04098	0.01967	0.00984	0.00328	0.00656	0.65741	0.00656	0.00656
153	0.02660	0.03394	0.02018	0.01834	0.02201	0.72116	0.01376	0.02843	0.02018	0.01743	0.01101	0.01284	0.00917	0.00734	0.00642	0.00183	0.01284	0.00459	0.00367	0.00825
154	0.01653	0.01574	0.02646	0.22336	0.50816	0.01666	0.02092	0.02148	0.04033	0.02217	0.01377	0.01831	0.01119	0.00667	0.00707	0.00219	0.00863	0.00640	0.00357	0.01040
155	0.01904	0.75404	0.03731	0.01218	0.01828	0.02818	0.01218	0.02132	0.01447	0.01675	0.00990	0.01142	0.00914	0.00609	0.00457	0.00152	0.00761	0.00381	0.00305	0.00914
156	0.01558	0.01558	0.02181	0.01869	0.01869	0.02181	0.01558	0.01714	0.01091	0.01714	0.00935	0.01558	0.00935	0.01246	0.02337	0.00312	0.73672	0.00623	0.00312	0.00779
157	0.12497	0.01707	0.12549	0.01396	0.01994	0.01362	0.01303	0.10568	0.04182	0.38963	0.02250	0.02260	0.01541	0.00863	0.00685	0.00225	0.00690	0.03159	0.00701	0.01106
158	0.01494	0.13556	0.61986	0.01918	0.02909	0.01814	0.02436	0.02238	0.01496	0.02175	0.01238	0.01454	0.00904	0.00667	0.00646	0.00215	0.01012	0.00506	0.00301	0.01033
159	0.01904	0.75404	0.03731	0.01218	0.01828	0.02818	0.01218	0.02132	0.01447	0.01675	0.00990	0.01142	0.00914	0.00609	0.00457	0.00152	0.00761	0.00381	0.00305	0.00914
160	0.01824	0.01640	0.01634	0.01472	0.01872	0.05953	0.01142	0.03728	0.65250	0.02905	0.02791	0.02575	0.02099	0.00952	0.00720	0.00238	0.00606	0.00784	0.00703	0.01109
161	0.01620	0.01544	0.02583	0.12625	0.55513	0.01571	0.01998	0.02026	0.01597	0.02223	0.01906	0.02278	0.07877	0.00759	0.00719	0.00218	0.00811	0.00719	0.00378	0.01034
162	0.01583	0.00962	0.01124	0.01090	0.01305	0.05194	0.00800	0.01784	0.01685	0.19273	0.14160	0.38767	0.06074	0.01663	0.00831	0.00253	0.00502	0.01466	0.00717	0.00768
163	0.00867	0.00729	0.00756	0.00770	0.01004	0.00619	0.00591	0.01059	0.01624	0.01941	0.06932	0.06949	0.64836	0.01817	0.00853	0.00248	0.00385	0.06755	0.00661	0.00606
164	0.01008	0.00728	0.00952	0.00896	0.01064	0.00672	0.00672	0.01344	0.02016	0.02855	0.70158	0.05319	0.06719	0.01456	0.00840	0.00224	0.00336	0.01288	0.00784	0.00672
165	0.01603	0.01746	0.03480	0.13920	0.03547	0.01840	0.44524	0.02097	0.01525	0.02097	0.01314	0.01846	0.01031	0.00744	0.01112	0.00254	0.15313	0.00765	0.00344	0.00898
166	0.01605	0.01644	0.02048	0.01780	0.01823	0.08516	0.01458	0.01765	0.01178	0.01701	0.01060	0.01720	0.01046	0.03904	0.07045	0.00370	0.59616	0.00631	0.00325	0.00762
167	0.02146	0.01413	0.01618	0.01321	0.01702	0.01501	0.01046	0.34947	0.04859	0.10044	0.06980	0.02499	0.06016	0.01336	0.01206	0.18392	0.00662	0.00749	0.00639	0.00924
168	0.01700	0.01463	0.01590	0.01509	0.04032	0.01675	0.01125	0.03512	0.61695	0.02866	0.02928	0.08281	0.02339	0.01055	0.00738	0.00244	0.00561	0.00895	0.00707	0.01084
169	0.02707	0.01995	0.02137	0.01638	0.02208	0.02208	0.01353	0.68159	0.03348	0.04488	0.01710	0.01710	0.01211	0.00855	0.00712	0.00214	0.00784	0.00641	0.00712	0.01211

[dist]
# distance from previous block
# <min> <max>
0	2

[block]
# block no. 3 follows, 29 sequences, length 53
# corresponding to MSA columns:
# 307-359
name=unknown_D
#
# <colnr> <probs for GDERKNQSTAVLIFYWHMCP>
#	G	D	E	R	K	N	Q	S	T	A	V	L	I	F	Y	W	H	M	C	P
0	0.01008	0.00728	0.00952	0.00896	0.01064	0.00672	0.00672	0.01344	0.02016	0.02855	0.70158	0.05319	0.06719	0.01456	0.00840	0.00224	0.00336	0.01288	0.00784	0.00672
1	0.01789	0.58130	0.20001	0.01414	0.02130	0.02537	0.01559	0.02162	0.01460	0.01815	0.01059	0.01229	0.00911	0.00625	0.00510	0.00170	0.00832	0.00416	0.00304	0.00947
2	0.01894	0.01406	0.01484	0.01237	0.01528	0.03580	0.00921	0.33633	0.02189	0.02906	0.01940	0.03072	0.01846	0.34711	0.04194	0.00458	0.00790	0.00819	0.00564	0.00827
3	0.03195	0.01212	0.01652	0.01267	0.01818	0.01047	0.01047	0.03470	0.02038	0.71026	0.02809	0.02424	0.01763	0.00881	0.00716	0.00220	0.00606	0.00716	0.00881	0.01212
4	0.01045	0.05499	0.01246	0.01110	0.01260	0.00956	0.00864	0.01276	0.01214	0.01689	0.02352	0.13198	0.04891	0.04449	0.54449	0.00922	0.01557	0.00950	0.00428	0.00644
5	0.01035	0.00777	0.00995	0.01107	0.01288	0.00737	0.00928	0.01304	0.01618	0.02048	0.04866	0.11473	0.25007	0.01931	0.00934	0.00298	0.00549	0.41814	0.00658	0.00634
6	0.00876	0.00626	0.00833	0.00986	0.01035	0.00584	0.00662	0.01012	0.01400	0.01877	0.07696	0.70571	0.04824	0.02187	0.00905	0.00285	0.00409	0.01982	0.00668	0.00584
7	0.01912	0.70068	0.06304	0.01272	0.01890	0.05217	0.01279	0.02162	0.01469	0.01700	0.01005	0.01161	0.00913	0.00616	0.00472	0.00156	0.00791	0.00389	0.00307	0.00916
8	0.00899	0.00661	0.00847	0.00958	0.01052	0.00608	0.00673	0.01073	0.01507	0.01996	0.13666	0.51373	0.14310	0.02046	0.00894	0.00275	0.00409	0.05474	0.00678	0.00599
9	0.01904	0.75404	0.03731	0.01218	0.01828	0.02818	0.01218	0.02132	0.01447	0.01675	0.00990	0.01142	0.00914	0.00609	0.00457	0.00152	0.00761	0.00381	0.00305	0.00914
10	0.02586	0.01940	0.02139	0.04589	0.02299	0.02181	0.01391	0.61655	0.03141	0.04220	0.01647	0.01709	0.01184	0.00871	0.00805	0.00220	0.04940	0.00640	0.00673	0.01169
11	0.00879	0.00626	0.00829	0.00980	0.01024	0.00586	0.00652	0.01006	0.01374	0.01838	0.06259	0.69281	0.04700	0.05038	0.01012	0.00302	0.00421	0.01959	0.00656	0.00576
12	0.80005	0.01377	0.01047	0.00936	0.01377	0.01597	0.00771	0.02093	0.01212	0.03195	0.00991	0.01157	0.00771	0.00661	0.00441	0.00220	0.00551	0.00386	0.00441	0.00771
13	0.01023	0.00692	0.00773	0.00773	0.00788	0.00685	0.00438	0.01035	0.01073	0.01415	0.02560	0.04799	0.06898	0.70315	0.03447	0.00662	0.00669	0.01065	0.00446	0.00442
14	0.02603	0.03237	0.01992	0.01801	0.02168	0.66453	0.01357	0.05670	0.02045	0.01861	0.01157	0.01358	0.00961	0.00906	0.03233	0.00220	0.01285	0.00478	0.00383	0.00836
15	0.01008	0.00728	0.00952	0.00896	0.01064	0.00672	0.00672	0.01344	0.02016	0.02855	0.70158	0.05319	0.06719	0.01456	0.00840	0.00224	0.00336	0.01288	0.00784	0.00672
16	0.01762	0.01692	0.02890	0.04371	0.70533	0.01692	0.02185	0.02185	0.01621	0.02326	0.01339	0.01762	0.01128	0.00634	0.00705	0.00211	0.00846	0.00634	0.00352	0.01128
17	0.03108	0.01193	0.01625	0.01252	0.01788	0.01032	0.01032	0.03386	0.02037	0.68322	0.05481	0.02539	0.01959	0.00904	0.00721	0.00220	0.00595	0.00739	0.00877	0.01190
18	0.40964	0.04352	0.01363	0.01111	0.01528	0.01623	0.00903	0.10398	0.14879	0.03187	0.06308	0.01913	0.01591	0.00809	0.00562	0.00217	0.00559	0.00581	0.06266	0.00886
19	0.01020	0.00735	0.01061	0.01085	0.01203	0.00828	0.00827	0.01261	0.01203	0.01754	0.02230	0.13130	0.02206	0.04544	0.56345	0.00945	0.01570	0.00937	0.06486	0.00630
20	0.01621	0.01759	0.03653	0.11067	0.10808	0.01708	0.49649	0.02172	0.01643	0.02225	0.01543	0.02249	0.01242	0.00694	0.00819	0.00242	0.01103	0.04490	0.00371	0.00941
21	0.63412	0.11611	0.01523	0.04047	0.03868	0.01768	0.00929	0.02090	0.01266	0.02900	0.01014	0.01205	0.00810	0.00655	0.00463	0.00211	0.00606	0.00403	0.00414	0.00803
22	0.02347	0.09954	0.05040	0.04169	0.06140	0.40251	0.01447	0.10197	0.09642	0.02244	0.01388	0.01529	0.01105	0.00753	0.00648	0.00195	0.01049	0.00529	0.00435	0.00937
23	0.02137	0.07381	0.01917	0.01535	0.01967	0.18125	0.01212	0.10289	0.39321	0.05221	0.02214	0.02120	0.01674	0.00871	0.00684	0.00218	0.00769	0.00673	0.00616	0.01054
24	0.01032	0.00691	0.00810	0.00821	0.00841	0.00700	0.00492	0.01075	0.01083	0.01477	0.02328	0.09126	0.02631	0.61171	0.09688	0.00688	0.00773	0.01065	0.03038	0.00468
25	0.01762	0.01692	0.02890	0.04371	0.70533	0.01692	0.02185	0.02185	0.01621	0.02326	0.01339	0.01762	0.01128	0.00634	0.00705	0.00211	0.00846	0.00634	0.00352	0.01128
26	0.00868	0.00620	0.00826	0.00991	0.01033	0.00578	0.00661	0.00991	0.01363	0.01818	0.03925	0.74510	0.04710	0.02231	0.00909	0.00289	0.00413	0.02024	0.00661	0.00578
27	0.01345	0.01266	0.02136	0.73264	0.04904	0.01582	0.01978	0.01819	0.01424	0.01819	0.01266	0.01898	0.00949	0.00712	0.00712	0.00237	0.00949	0.00633	0.00316	0.00791
28	0.00927	0.00725	0.00839	0.00811	0.01014	0.00637	0.00608	0.01187	0.01824	0.02401	0.39436	0.06068	0.37725	0.01625	0.00841	0.00232	0.00348	0.01393	0.00724	0.00637
29	0.01477	0.01266	0.01477	0.01055	0.01687	0.00949	0.00844	0.01793	0.01477	0.02320	0.01266	0.01477	0.01055	0.00527	0.00527	0.00105	0.00527	0.00422	0.00422	0.79328
30	0.01036	0.00690	0.00777	0.00777	0.00777	0.00690	0.00431	0.01036	0.01036	0.01381	0.02244	0.04660	0.02589	0.74975	0.03624	0.00690	0.00690	0.01036	0.00431	0.00431
