[name]
unknown

[dist]
# distance from previous block
# <min> <max>
54	97

[block]
# block no. 0 follows, 28 sequences, length 65
# corresponding to MSA columns:
# 134-198
name=unknown_A
#
# <colnr> <probs for GDERKNQSTAVLIFYWHMCP>
#	G	D	E	R	K	N	Q	S	T	A	V	L	I	F	Y	W	H	M	C	P
0	0.01789	0.04043	0.04337	0.01357	0.01828	0.04494	0.01123	0.11733	0.17765	0.02689	0.01866	0.02186	0.01520	0.00967	0.00894	0.06346	0.03571	0.03249	0.03270	0.24972
1	0.02368	0.13309	0.04536	0.01397	0.01966	0.04404	0.01203	0.17631	0.09116	0.20095	0.04399	0.02014	0.01592	0.00814	0.00662	0.00197	0.00702	0.00630	0.00638	0.12329
2	0.02269	0.01695	0.01810	0.01550	0.04674	0.06704	0.01185	0.19088	0.19946	0.14440	0.02335	0.02257	0.04166	0.00871	0.00699	0.00207	0.00690	0.00694	0.00668	0.14052
3	0.02248	0.08257	0.03979	0.01468	0.02009	0.04511	0.01231	0.24182	0.19642	0.10212	0.04014	0.02076	0.01648	0.00849	0.00684	0.00206	0.00703	0.00663	0.00651	0.10766
4	0.01737	0.03839	0.04369	0.01213	0.01572	0.05019	0.00979	0.07564	0.15675	0.11630	0.10622	0.06481	0.14920	0.09805	0.01111	0.00288	0.00613	0.01010	0.00665	0.00888
5	0.05400	0.09481	0.10323	0.01824	0.06965	0.16249	0.01501	0.19619	0.10851	0.05783	0.01627	0.01704	0.01230	0.00782	0.00666	0.00207	0.00884	0.00583	0.00526	0.03796
6	0.22316	0.01453	0.01645	0.01307	0.01829	0.01481	0.03693	0.12954	0.08936	0.22259	0.01962	0.01927	0.01384	0.00790	0.00633	0.00211	0.00632	0.00609	0.03790	0.10187
7	0.01263	0.00631	0.00947	0.00947	0.00947	0.00631	0.00631	0.00947	0.00947	0.01263	0.01263	0.02210	0.01263	0.02525	0.02841	0.78851	0.00631	0.00631	0.00316	0.00316
8	0.05396	0.01760	0.01951	0.01501	0.02074	0.01846	0.01234	0.43055	0.05684	0.16726	0.01935	0.01879	0.01352	0.00839	0.00698	0.00209	0.00719	0.00642	0.00718	0.09783
9	0.01600	0.08764	0.52574	0.02140	0.03107	0.01780	0.12825	0.02341	0.01579	0.04690	0.01364	0.01608	0.00982	0.00680	0.00702	0.00227	0.01060	0.00584	0.00338	0.01054
10	0.01057	0.00705	0.00793	0.00793	0.00793	0.00705	0.00440	0.01057	0.01057	0.01409	0.02290	0.04757	0.02643	0.74454	0.03700	0.00705	0.00705	0.01057	0.00440	0.00440
11	0.06409	0.01252	0.01648	0.01276	0.01818	0.01119	0.01051	0.05713	0.02092	0.62252	0.05620	0.02520	0.01954	0.00914	0.00724	0.00225	0.00611	0.00739	0.00870	0.01194
12	0.01711	0.05648	0.05644	0.24081	0.20468	0.01793	0.11838	0.09646	0.01777	0.02390	0.01658	0.02058	0.04361	0.00769	0.00785	0.00230	0.03059	0.00704	0.00402	0.00980
13	0.02413	0.02951	0.02165	0.13385	0.09228	0.53670	0.01582	0.02671	0.01924	0.01849	0.01174	0.01458	0.00962	0.00736	0.00673	0.00199	0.01213	0.00514	0.00365	0.00867
14	0.01009	0.00742	0.00944	0.00894	0.01074	0.00678	0.00670	0.01334	0.02011	0.02805	0.62332	0.05611	0.14131	0.01527	0.00858	0.00231	0.00346	0.01340	0.00786	0.00678
15	0.02763	0.02036	0.02182	0.01672	0.02254	0.02254	0.01382	0.67496	0.03418	0.04581	0.01745	0.01745	0.01236	0.00873	0.00727	0.00218	0.00800	0.00654	0.00727	0.01236
16	0.79588	0.01406	0.01068	0.00956	0.01406	0.01631	0.00787	0.02137	0.01237	0.03261	0.01012	0.01181	0.00787	0.00675	0.00450	0.00225	0.00562	0.00394	0.00450	0.00787
17	0.01458	0.03760	0.70688	0.02072	0.03146	0.01688	0.02686	0.02302	0.01535	0.02302	0.01304	0.01535	0.00921	0.00691	0.00691	0.00230	0.01074	0.00537	0.00307	0.01074
18	0.01263	0.00631	0.00947	0.00947	0.00947	0.00631	0.00631	0.00947	0.00947	0.01263	0.01263	0.02210	0.01263	0.02525	0.02841	0.78851	0.00631	0.00631	0.00316	0.00316
19	0.01943	0.74891	0.03809	0.01244	0.01866	0.02876	0.01244	0.02177	0.01477	0.01710	0.01011	0.01166	0.00933	0.00622	0.00466	0.00155	0.00777	0.00389	0.00311	0.00933
20	0.79588	0.01406	0.01068	0.00956	0.01406	0.01631	0.00787	0.02137	0.01237	0.03261	0.01012	0.01181	0.00787	0.00675	0.00450	0.00225	0.00562	0.00394	0.00450	0.00787
21	0.01053	0.00723	0.00885	0.00885	0.00917	0.00755	0.00555	0.01116	0.01084	0.01478	0.02206	0.04291	0.02440	0.57543	0.20334	0.00818	0.01009	0.00989	0.00428	0.00492
22	0.75374	0.01533	0.04823	0.01016	0.01500	0.01634	0.00890	0.02146	0.01253	0.03210	0.01028	0.01200	0.00794	0.00676	0.00463	0.00225	0.00590	0.00401	0.00442	0.00803
23	0.03261	0.01237	0.01687	0.01293	0.01856	0.01068	0.01068	0.03543	0.02081	0.70423	0.02868	0.02474	0.01799	0.00900	0.00731	0.00225	0.00619	0.00731	0.00900	0.01237
24	0.01883	0.66044	0.12128	0.01347	0.02025	0.02728	0.01423	0.02192	0.01484	0.01784	0.01047	0.01212	0.00931	0.00630	0.00494	0.00165	0.00814	0.00407	0.00310	0.00950
25	0.01057	0.00705	0.00793	0.00793	0.00793	0.00705	0.00440	0.01057	0.01057	0.01409	0.02290	0.04757	0.02643	0.74454	0.03700	0.00705	0.00705	0.01057	0.00440	0.00440
26	0.02289	0.01800	0.01914	0.01577	0.02073	0.02033	0.01267	0.35895	0.35790	0.03816	0.02348	0.02225	0.01724	0.00929	0.00733	0.00232	0.00688	0.00738	0.00733	0.01194
27	0.01875	0.01681	0.01787	0.08017	0.11599	0.12208	0.01281	0.11560	0.09763	0.05084	0.05469	0.02815	0.11660	0.00967	0.00715	0.00212	0.00740	0.00790	0.05156	0.06621
28	0.01529	0.06216	0.53327	0.02209	0.03160	0.01785	0.14110	0.02279	0.01547	0.02260	0.01308	0.01598	0.00955	0.00698	0.00781	0.00233	0.04052	0.00592	0.00318	0.01040
29	0.79588	0.01406	0.01068	0.00956	0.01406	0.01631	0.00787	0.02137	0.01237	0.03261	0.01012	0.01181	0.00787	0.00675	0.00450	0.00225	0.00562	0.00394	0.00450	0.00787
30	0.01942	0.02248	0.10243	0.03011	0.30465	0.13660	0.07699	0.07485	0.04165	0.02402	0.01574	0.01878	0.03280	0.00777	0.00840	0.00225	0.06003	0.00657	0.00406	0.01040
31	0.01604	0.01300	0.01521	0.01103	0.01736	0.01007	0.00883	0.01994	0.04233	0.05665	0.01435	0.01602	0.01157	0.00574	0.00556	0.00119	0.00544	0.00461	0.00466	0.72041
32	0.00955	0.00768	0.00828	0.00829	0.01040	0.00680	0.00608	0.03484	0.01693	0.02105	0.11978	0.16403	0.49342	0.04784	0.00979	0.00269	0.00403	0.01541	0.00678	0.00632
33	0.01458	0.03760	0.70688	0.02072	0.03146	0.01688	0.02686	0.02302	0.01535	0.02302	0.01304	0.01535	0.00921	0.00691	0.00691	0.00230	0.01074	0.00537	0.00307	0.01074
34	0.00886	0.00633	0.00843	0.01012	0.01054	0.00590	0.00675	0.01012	0.01392	0.01856	0.04006	0.73979	0.04808	0.02277	0.00928	0.00295	0.00422	0.02066	0.00675	0.00590
35	0.01507	0.01292	0.01507	0.01077	0.01723	0.00969	0.00861	0.01830	0.01507	0.02369	0.01292	0.01507	0.01077	0.00538	0.00538	0.00108	0.00538	0.00431	0.00431	0.78898
36	0.01458	0.03760	0.70688	0.02072	0.03146	0.01688	0.02686	0.02302	0.01535	0.02302	0.01304	0.01535	0.00921	0.00691	0.00691	0.00230	0.01074	0.00537	0.00307	0.01074
37	0.02442	0.02051	0.01943	0.01598	0.02052	0.14219	0.01282	0.43639	0.02784	0.03558	0.01840	0.02412	0.01528	0.06460	0.03864	0.00296	0.00921	0.05442	0.00626	0.01043
38	0.01170	0.00774	0.01017	0.00938	0.01135	0.00710	0.00710	0.01509	0.02059	0.07177	0.65326	0.05243	0.06539	0.01449	0.00849	0.00228	0.00360	0.01278	0.00806	0.00721
39	0.01029	0.00743	0.00972	0.00914	0.01086	0.00686	0.00686	0.01372	0.02058	0.02915	0.69536	0.05430	0.06859	0.01486	0.00857	0.00229	0.00343	0.01315	0.00800	0.00686
40	0.01507	0.01292	0.01507	0.01077	0.01723	0.00969	0.00861	0.01830	0.01507	0.02369	0.01292	0.01507	0.01077	0.00538	0.00538	0.00108	0.00538	0.00431	0.00431	0.78898
41	0.09291	0.11136	0.56599	0.01872	0.02836	0.01810	0.02342	0.02272	0.01499	0.02334	0.01244	0.01460	0.00909	0.00682	0.00643	0.00222	0.00992	0.00507	0.00322	0.01031
42	0.03192	0.01253	0.01685	0.01302	0.01857	0.01104	0.01072	0.03558	0.05277	0.67186	0.02872	0.02486	0.01820	0.00904	0.00731	0.00226	0.00616	0.00735	0.00892	0.01233
43	0.01042	0.00766	0.01105	0.01105	0.01214	0.00875	0.00830	0.01258	0.01150	0.01641	0.02004	0.03173	0.01955	0.16986	0.60227	0.01091	0.01739	0.00825	0.00398	0.00614
44	0.01373	0.01292	0.02180	0.72707	0.05006	0.01615	0.02019	0.01857	0.01453	0.01857	0.01292	0.01938	0.00969	0.00727	0.00727	0.00242	0.00969	0.00646	0.00323	0.00807
45	0.01477	0.06499	0.68113	0.02040	0.03097	0.01734	0.02630	0.02297	0.01532	0.02279	0.01293	0.01520	0.00921	0.00688	0.00682	0.00227	0.01063	0.00531	0.00307	0.01069
46	0.01263	0.00631	0.00947	0.00947	0.00947	0.00631	0.00631	0.00947	0.00947	0.01263	0.01263	0.02210	0.01263	0.02525	0.02841	0.78851	0.00631	0.00631	0.00316	0.00316
47	0.01458	0.03760	0.70688	0.02072	0.03146	0.01688	0.02686	0.02302	0.01535	0.02302	0.01304	0.01535	0.00921	0.00691	0.00691	0.00230	0.01074	0.00537	0.00307	0.01074
48	0.01029	0.00743	0.00972	0.00914	0.01086	0.00686	0.00686	0.01372	0.02058	0.02915	0.69536	0.05430	0.06859	0.01486	0.00857	0.00229	0.00343	0.01315	0.00800	0.00686
49	0.01844	0.01832	0.02967	0.04255	0.63093	0.05498	0.05311	0.02272	0.01680	0.02340	0.01359	0.01781	0.01137	0.00651	0.00723	0.00216	0.00905	0.00648	0.00361	0.01127
50	0.01029	0.00743	0.00972	0.00914	0.01086	0.00686	0.00686	0.01372	0.02058	0.02915	0.69536	0.05430	0.06859	0.01486	0.00857	0.00229	0.00343	0.01315	0.00800	0.00686
51	0.01077	0.00746	0.00878	0.00865	0.00874	0.00781	0.00521	0.01103	0.01067	0.01443	0.02211	0.04491	0.02515	0.66511	0.08539	0.00722	0.03732	0.01020	0.00432	0.00470
52	0.01943	0.74891	0.03809	0.01244	0.01866	0.02876	0.01244	0.02177	0.01477	0.01710	0.01011	0.01166	0.00933	0.00622	0.00466	0.00155	0.00777	0.00389	0.00311	0.00933
53	0.01263	0.00631	0.00947	0.00947	0.00947	0.00631	0.00631	0.00947	0.00947	0.01263	0.01263	0.02210	0.01263	0.02525	0.02841	0.78851	0.00631	0.00631	0.00316	0.00316
54	0.01716	0.01961	0.04289	0.03064	0.03799	0.01838	0.67279	0.02328	0.01716	0.02328	0.01471	0.01961	0.01103	0.00613	0.00858	0.00245	0.01225	0.00858	0.00368	0.00980
55	0.01808	0.01561	0.01644	0.01479	0.01890	0.01808	0.01151	0.03863	0.68606	0.03041	0.02959	0.02712	0.02219	0.00986	0.00740	0.00247	0.00575	0.00822	0.00740	0.01151
56	0.01716	0.01961	0.04289	0.03064	0.03799	0.01838	0.67279	0.02328	0.01716	0.02328	0.01471	0.01961	0.01103	0.00613	0.00858	0.00245	0.01225	0.00858	0.00368	0.00980
57	0.01355	0.00678	0.00678	0.00678	0.00847	0.00678	0.00508	0.01694	0.01524	0.02710	0.02371	0.02710	0.01863	0.00847	0.00508	0.00169	0.00339	0.00678	0.78489	0.00678
58	0.01507	0.01292	0.01507	0.01077	0.01723	0.00969	0.00861	0.01830	0.01507	0.02369	0.01292	0.01507	0.01077	0.00538	0.00538	0.00108	0.00538	0.00431	0.00431	0.78898
59	0.01808	0.01561	0.01644	0.01479	0.01890	0.01808	0.01151	0.03863	0.68606	0.03041	0.02959	0.02712	0.02219	0.00986	0.00740	0.00247	0.00575	0.00822	0.00740	0.01151
60	0.00930	0.03837	0.00965	0.01007	0.01085	0.00690	0.00693	0.01064	0.01410	0.01855	0.04058	0.67230	0.08137	0.02182	0.00904	0.00287	0.00434	0.01965	0.00659	0.00606
61	0.03261	0.01237	0.01687	0.01293	0.01856	0.01068	0.01068	0.03543	0.02081	0.70423	0.02868	0.02474	0.01799	0.00900	0.00731	0.00225	0.00619	0.00731	0.00900	0.01237
62	0.01734	0.11915	0.23064	0.09515	0.03244	0.09224	0.23663	0.02289	0.01617	0.02112	0.01287	0.01649	0.00991	0.00690	0.00787	0.00226	0.04063	0.00632	0.00337	0.00962
63	0.04428	0.09526	0.01868	0.01202	0.01810	0.01274	0.03757	0.04211	0.01585	0.04787	0.01447	0.04642	0.01243	0.00655	0.00571	0.00139	0.00602	0.00532	0.00453	0.55268
64	0.04733	0.15630	0.31655	0.01966	0.04640	0.10325	0.07758	0.02266	0.01576	0.02148	0.03497	0.01611	0.01145	0.00755	0.00809	0.00220	0.07389	0.00564	0.00346	0.00967

[dist]
# distance from previous block
# <min> <max>
1	2

[block]
# block no. 1 follows, 28 sequences, length 32
# corresponding to MSA columns:
# 201-232
name=unknown_B
#
# <colnr> <probs for GDERKNQSTAVLIFYWHMCP>
#	G	D	E	R	K	N	Q	S	T	A	V	L	I	F	Y	W	H	M	C	P
0	0.01484	0.01374	0.01983	0.11331	0.04942	0.04251	0.11089	0.04485	0.05090	0.02105	0.02006	0.14835	0.01995	0.11656	0.01351	0.00306	0.08030	0.00960	0.00463	0.10263
1	0.01718	0.01298	0.01484	0.01282	0.01608	0.01400	0.01008	0.20561	0.14144	0.04905	0.23774	0.09318	0.08377	0.01288	0.00875	0.00240	0.03992	0.01070	0.00729	0.00931
2	0.01196	0.00751	0.00969	0.01032	0.01141	0.00716	0.00742	0.01351	0.01443	0.07638	0.05574	0.31553	0.05530	0.22015	0.01689	0.00407	0.00563	0.14435	0.00632	0.00623
3	0.01452	0.03633	0.04197	0.01434	0.04277	0.01146	0.05956	0.05367	0.08792	0.06946	0.08812	0.15488	0.14430	0.04397	0.00952	0.00276	0.00617	0.10365	0.00638	0.00825
4	0.01065	0.00817	0.01219	0.01203	0.01327	0.00971	0.00941	0.01320	0.01166	0.01690	0.01900	0.02795	0.01776	0.05253	0.68281	0.01128	0.05334	0.00772	0.00386	0.00656
5	0.01809	0.01765	0.02878	0.08008	0.64061	0.04194	0.02190	0.02235	0.01659	0.02326	0.01355	0.01789	0.01134	0.00655	0.00718	0.00216	0.00885	0.00641	0.00358	0.01122
6	0.02164	0.01784	0.01765	0.01493	0.01901	0.08615	0.01165	0.32445	0.18463	0.03346	0.02285	0.10608	0.01979	0.07393	0.01003	0.00273	0.00744	0.00875	0.00665	0.01033
7	0.00859	0.00736	0.00736	0.00736	0.00982	0.00614	0.00552	0.01043	0.01657	0.01964	0.07364	0.06996	0.69624	0.01841	0.00859	0.00245	0.00368	0.01534	0.00675	0.00614
8	0.01710	0.01877	0.08841	0.12211	0.48996	0.01723	0.09582	0.02204	0.01628	0.02302	0.01365	0.01811	0.01104	0.00657	0.00734	0.00224	0.00935	0.00662	0.00352	0.01085
9	0.00886	0.00633	0.00843	0.01012	0.01054	0.00590	0.00675	0.01012	0.01392	0.01856	0.04006	0.73979	0.04808	0.02277	0.00928	0.00295	0.00422	0.02066	0.00675	0.00590
10	0.00886	0.00633	0.00843	0.01012	0.01054	0.00590	0.00675	0.01012	0.01392	0.01856	0.04006	0.73979	0.04808	0.02277	0.00928	0.00295	0.00422	0.02066	0.00675	0.00590
11	0.01507	0.01292	0.01507	0.01077	0.01723	0.00969	0.00861	0.01830	0.01507	0.02369	0.01292	0.01507	0.01077	0.00538	0.00538	0.00108	0.00538	0.00431	0.00431	0.78898
12	0.01808	0.01561	0.01644	0.01479	0.01890	0.01808	0.01151	0.03863	0.68606	0.03041	0.02959	0.02712	0.02219	0.00986	0.00740	0.00247	0.00575	0.00822	0.00740	0.01151
13	0.01029	0.00743	0.00972	0.00914	0.01086	0.00686	0.00686	0.01372	0.02058	0.02915	0.69536	0.05430	0.06859	0.01486	0.00857	0.00229	0.00343	0.01315	0.00800	0.00686
14	0.79588	0.01406	0.01068	0.00956	0.01406	0.01631	0.00787	0.02137	0.01237	0.03261	0.01012	0.01181	0.00787	0.00675	0.00450	0.00225	0.00562	0.00394	0.00450	0.00787
15	0.01508	0.00796	0.00798	0.00791	0.00972	0.00773	0.00581	0.01796	0.01614	0.02829	0.02496	0.02891	0.01988	0.00945	0.00576	0.00198	0.00396	0.00723	0.76569	0.00758
16	0.01609	0.03801	0.69039	0.02150	0.03213	0.01758	0.02704	0.02389	0.01624	0.02431	0.01456	0.01746	0.01069	0.00793	0.00754	0.00258	0.01113	0.00587	0.00361	0.01145
17	0.03366	0.01341	0.01782	0.01391	0.01955	0.01154	0.01127	0.03598	0.02156	0.68832	0.02980	0.02662	0.01926	0.00997	0.00794	0.00253	0.00669	0.00776	0.00939	0.01304
18	0.02082	0.73135	0.03850	0.01343	0.01965	0.02916	0.01298	0.02267	0.01568	0.01854	0.01169	0.01386	0.01081	0.00726	0.00536	0.00185	0.00824	0.00442	0.00365	0.01007
19	0.03366	0.01341	0.01782	0.01391	0.01955	0.01154	0.01127	0.03598	0.02156	0.68832	0.02980	0.02662	0.01926	0.00997	0.00794	0.00253	0.00669	0.00776	0.00939	0.01304
20	0.03366	0.01341	0.01782	0.01391	0.01955	0.01154	0.01127	0.03598	0.02156	0.68832	0.02980	0.02662	0.01926	0.00997	0.00794	0.00253	0.00669	0.00776	0.00939	0.01304
21	0.01950	0.01658	0.01739	0.01572	0.01989	0.01875	0.01207	0.03910	0.67002	0.03151	0.03068	0.02893	0.02335	0.01081	0.00802	0.00274	0.00627	0.00864	0.00783	0.01219
22	0.01360	0.01303	0.02207	0.58079	0.04424	0.01565	0.06737	0.01814	0.01478	0.01898	0.01847	0.02389	0.07261	0.00842	0.00815	0.00246	0.03833	0.00743	0.00358	0.00802
23	0.01096	0.00859	0.01261	0.01228	0.01338	0.01036	0.00958	0.01334	0.01157	0.01681	0.01860	0.02812	0.01766	0.08194	0.61287	0.01059	0.09259	0.00777	0.00384	0.00655
24	0.02676	0.02119	0.02124	0.01673	0.02222	0.08221	0.01364	0.56386	0.08946	0.04205	0.01796	0.01791	0.01295	0.00872	0.00722	0.00218	0.00825	0.00653	0.00698	0.01195
25	0.01080	0.00861	0.00933	0.00882	0.01140	0.00787	0.00679	0.07209	0.01900	0.02405	0.19355	0.06243	0.48069	0.01687	0.00852	0.00243	0.00414	0.03869	0.00705	0.00687
26	0.01817	0.62584	0.06248	0.01271	0.01847	0.02605	0.01262	0.02066	0.01471	0.01754	0.01448	0.04085	0.04539	0.00772	0.00590	0.00175	0.03698	0.00522	0.00342	0.00905
27	0.01495	0.03234	0.53745	0.02267	0.06658	0.01688	0.10379	0.02244	0.01569	0.02314	0.04058	0.01759	0.01195	0.00732	0.00780	0.00234	0.03654	0.00617	0.00337	0.01041
28	0.01412	0.01332	0.02251	0.66441	0.10966	0.01625	0.02038	0.01892	0.01472	0.01905	0.01299	0.01925	0.00986	0.00719	0.00726	0.00240	0.00959	0.00646	0.00326	0.00839
29	0.02349	0.02528	0.01969	0.01862	0.06981	0.36858	0.01349	0.15181	0.07412	0.02507	0.01943	0.02056	0.06682	0.00896	0.00759	0.00209	0.03788	0.00644	0.03088	0.00939
30	0.00945	0.00768	0.00841	0.00818	0.01047	0.00679	0.00615	0.01246	0.04207	0.02293	0.26185	0.06362	0.48018	0.01702	0.00854	0.00240	0.00368	0.01441	0.00716	0.00655
31	0.61098	0.01434	0.01247	0.03919	0.01635	0.01642	0.00905	0.10361	0.01581	0.03348	0.06011	0.01586	0.01285	0.00760	0.00525	0.00225	0.00593	0.00503	0.00505	0.00838

[dist]
# distance from previous block
# <min> <max>
2	8

[block]
# block no. 2 follows, 28 sequences, length 19
# corresponding to MSA columns:
# 241-259
name=unknown_C
#
# <colnr> <probs for GDERKNQSTAVLIFYWHMCP>
#	G	D	E	R	K	N	Q	S	T	A	V	L	I	F	Y	W	H	M	C	P
0	0.01556	0.00945	0.01144	0.01045	0.01293	0.03646	0.00792	0.01841	0.01947	0.17379	0.40043	0.15269	0.07260	0.01462	0.00833	0.00237	0.00456	0.01276	0.00781	0.00795
1	0.02350	0.01685	0.01813	0.01494	0.01946	0.04162	0.01191	0.38935	0.10291	0.10545	0.02403	0.15511	0.02068	0.01148	0.00764	0.00236	0.00702	0.00941	0.00724	0.01091
2	0.03229	0.01289	0.01719	0.01318	0.01881	0.01145	0.01089	0.07697	0.02167	0.66145	0.02795	0.02427	0.01763	0.00898	0.00731	0.00224	0.00630	0.00726	0.00888	0.01237
3	0.01057	0.00705	0.00793	0.00793	0.00793	0.00705	0.00440	0.01057	0.01057	0.01409	0.02290	0.04757	0.02643	0.74454	0.03700	0.00705	0.00705	0.01057	0.00440	0.00440
4	0.07691	0.01368	0.01699	0.01321	0.01856	0.01303	0.01087	0.15361	0.02279	0.49813	0.06610	0.02438	0.01940	0.00917	0.00721	0.00224	0.00632	0.00732	0.00834	0.01176
5	0.01040	0.00774	0.01144	0.01144	0.01265	0.00895	0.00878	0.01282	0.01161	0.01669	0.01969	0.02978	0.01871	0.09909	0.67189	0.01138	0.01867	0.00797	0.00393	0.00636
6	0.01904	0.01949	0.03749	0.02722	0.03377	0.01944	0.50308	0.14553	0.01994	0.02712	0.01486	0.01894	0.01118	0.00708	0.00939	0.00245	0.06146	0.00804	0.00432	0.01016
7	0.02381	0.01787	0.01914	0.05854	0.02176	0.06318	0.01271	0.42694	0.02867	0.08221	0.14510	0.02470	0.02296	0.00973	0.00747	0.00220	0.00745	0.00771	0.00705	0.01081
8	0.02428	0.01965	0.01986	0.01618	0.02127	0.06661	0.01303	0.41108	0.26004	0.03861	0.02126	0.02053	0.01558	0.00904	0.00727	0.00226	0.00755	0.00700	0.00708	0.01180
9	0.79588	0.01406	0.01068	0.00956	0.01406	0.01631	0.00787	0.02137	0.01237	0.03261	0.01012	0.01181	0.00787	0.00675	0.00450	0.00225	0.00562	0.00394	0.00450	0.00787
10	0.01926	0.01229	0.01288	0.01081	0.01418	0.01317	0.00863	0.28390	0.02292	0.03469	0.02117	0.02319	0.01609	0.00857	0.00597	0.00189	0.00526	0.00668	0.46941	0.00904
11	0.01038	0.00779	0.01168	0.01168	0.01298	0.00909	0.00909	0.01298	0.01168	0.01687	0.01947	0.02856	0.01817	0.05452	0.71573	0.01168	0.01947	0.00779	0.00389	0.00649
12	0.01255	0.00859	0.01087	0.00997	0.01219	0.00825	0.00758	0.01768	0.08834	0.07373	0.58369	0.04959	0.06053	0.01397	0.00837	0.00230	0.00385	0.01226	0.00801	0.00769
13	0.03087	0.01268	0.01681	0.01299	0.01839	0.01135	0.01069	0.08289	0.02181	0.61279	0.06852	0.02599	0.02065	0.00933	0.00738	0.00225	0.00616	0.00761	0.00880	0.01203
14	0.01187	0.00768	0.00977	0.00936	0.01127	0.00696	0.00692	0.01455	0.01860	0.08745	0.41683	0.16672	0.14682	0.04044	0.00952	0.00257	0.00397	0.01407	0.00759	0.00702
15	0.01249	0.00657	0.00991	0.03783	0.01112	0.00668	0.00688	0.00986	0.00988	0.01314	0.01392	0.05548	0.01416	0.02443	0.02668	0.72082	0.00635	0.00699	0.00333	0.00348
16	0.01858	0.01570	0.02159	0.01584	0.02199	0.01445	0.13726	0.18672	0.02036	0.02948	0.01513	0.01734	0.01174	0.00658	0.00646	0.00166	0.00724	0.00586	0.05634	0.38967
17	0.01560	0.01325	0.01407	0.01450	0.07451	0.09566	0.01007	0.04573	0.06195	0.06793	0.16791	0.12716	0.14850	0.01355	0.00796	0.00232	0.00604	0.04799	0.00641	0.05890
18	0.06818	0.02366	0.23340	0.08932	0.17457	0.07809	0.05403	0.04956	0.01696	0.07135	0.01594	0.06390	0.01305	0.00810	0.00710	0.00228	0.00929	0.00691	0.00421	0.01009

[dist]
# distance from previous block
# <min> <max>
0	10

[block]
# block no. 3 follows, 28 sequences, length 26
# corresponding to MSA columns:
# 270-295
name=unknown_D
#
# <colnr> <probs for GDERKNQSTAVLIFYWHMCP>
#	G	D	E	R	K	N	Q	S	T	A	V	L	I	F	Y	W	H	M	C	P
0	0.08780	0.07846	0.04102	0.02474	0.22887	0.24484	0.03669	0.02288	0.01709	0.02141	0.01599	0.09344	0.01520	0.00902	0.00691	0.00217	0.00941	0.03075	0.00412	0.00917
1	0.01474	0.01156	0.01720	0.04013	0.01892	0.01153	0.11382	0.13142	0.01881	0.05041	0.05603	0.35483	0.06384	0.01596	0.00865	0.00267	0.00650	0.04855	0.00636	0.00807
2	0.00976	0.00656	0.00859	0.00968	0.01018	0.00621	0.00650	0.01026	0.01310	0.01726	0.03600	0.46800	0.08809	0.10296	0.01555	0.13549	0.00493	0.03965	0.00588	0.00532
3	0.01458	0.03760	0.70688	0.02072	0.03146	0.01688	0.02686	0.02302	0.01535	0.02302	0.01304	0.01535	0.00921	0.00691	0.00691	0.00230	0.01074	0.00537	0.00307	0.01074
4	0.00932	0.00665	0.00873	0.00974	0.01047	0.00621	0.00664	0.01106	0.01541	0.02099	0.20577	0.52434	0.05201	0.06356	0.01074	0.00303	0.00418	0.01815	0.00693	0.00606
5	0.01458	0.03760	0.70688	0.02072	0.03146	0.01688	0.02686	0.02302	0.01535	0.02302	0.01304	0.01535	0.00921	0.00691	0.00691	0.00230	0.01074	0.00537	0.00307	0.01074
6	0.01435	0.01298	0.01793	0.01584	0.01626	0.01740	0.01290	0.01623	0.01163	0.01819	0.01356	0.02111	0.01299	0.05933	0.15084	0.00481	0.48518	0.00689	0.08420	0.00737
7	0.01355	0.00678	0.00678	0.00678	0.00847	0.00678	0.00508	0.01694	0.01524	0.02710	0.02371	0.02710	0.01863	0.00847	0.00508	0.00169	0.00339	0.00678	0.78489	0.00678
8	0.00915	0.00654	0.00877	0.01046	0.01101	0.00616	0.00726	0.01063	0.01421	0.01889	0.03990	0.67178	0.04743	0.02249	0.00936	0.00299	0.00447	0.08576	0.00674	0.00599
9	0.00892	0.00738	0.00782	0.00771	0.01002	0.00628	0.00578	0.01107	0.01735	0.02149	0.19469	0.06691	0.57404	0.01772	0.00859	0.00242	0.00363	0.01491	0.00699	0.00628
10	0.02435	0.22084	0.02556	0.01677	0.02122	0.37489	0.01372	0.12621	0.02046	0.02192	0.01177	0.01360	0.00983	0.00773	0.00743	0.00193	0.06355	0.00488	0.00408	0.00924
11	0.01507	0.01292	0.01507	0.01077	0.01723	0.00969	0.00861	0.01830	0.01507	0.02369	0.01292	0.01507	0.01077	0.00538	0.00538	0.00108	0.00538	0.00431	0.00431	0.78898
12	0.04144	0.01906	0.03039	0.19644	0.07345	0.11280	0.30824	0.04492	0.01723	0.02223	0.01506	0.05694	0.01244	0.00761	0.00777	0.00236	0.01076	0.00785	0.00389	0.00911
13	0.02003	0.66746	0.06131	0.01302	0.01928	0.05594	0.01297	0.02259	0.01524	0.04143	0.01091	0.01231	0.00963	0.00639	0.00492	0.00162	0.00805	0.00409	0.00334	0.00945
14	0.01649	0.01515	0.02556	0.15233	0.46504	0.01564	0.04600	0.02070	0.01587	0.02283	0.01500	0.02041	0.01252	0.03631	0.00824	0.00236	0.00835	0.00675	0.08435	0.01010
15	0.01469	0.03682	0.67811	0.02115	0.03174	0.01695	0.05484	0.02303	0.01543	0.02303	0.01312	0.01553	0.00929	0.00687	0.00698	0.00231	0.01081	0.00551	0.00310	0.01070
16	0.02763	0.02036	0.02182	0.01672	0.02254	0.02254	0.01382	0.67496	0.03418	0.04581	0.01745	0.01745	0.01236	0.00873	0.00727	0.00218	0.00800	0.00654	0.00727	0.01236
17	0.01373	0.01292	0.02180	0.72707	0.05006	0.01615	0.02019	0.01857	0.01453	0.01857	0.01292	0.01938	0.00969	0.00727	0.00727	0.00242	0.00969	0.00646	0.00323	0.00807
18	0.01028	0.00742	0.00974	0.00934	0.01100	0.00688	0.00703	0.01362	0.02017	0.02846	0.64574	0.08227	0.06681	0.01536	0.00865	0.00235	0.00358	0.03657	0.00791	0.00682
19	0.01373	0.01292	0.02180	0.72707	0.05006	0.01615	0.02019	0.01857	0.01453	0.01857	0.01292	0.01938	0.00969	0.00727	0.00727	0.00242	0.00969	0.00646	0.00323	0.00807
20	0.00895	0.00738	0.00785	0.00774	0.01004	0.00629	0.00580	0.01112	0.01741	0.02162	0.20344	0.06669	0.56521	0.01767	0.00859	0.00242	0.00363	0.01488	0.00701	0.00629
21	0.00974	0.00777	0.00839	0.00819	0.01019	0.00706	0.00591	0.01259	0.05229	0.02109	0.17957	0.06103	0.43207	0.13677	0.01320	0.00318	0.00430	0.01376	0.00663	0.00628
22	0.01716	0.01961	0.04289	0.03064	0.03799	0.01838	0.67279	0.02328	0.01716	0.02328	0.01471	0.01961	0.01103	0.00613	0.00858	0.00245	0.01225	0.00858	0.00368	0.00980
23	0.04359	0.00853	0.01094	0.01078	0.03633	0.00836	0.00765	0.01479	0.01851	0.05063	0.49312	0.04868	0.08456	0.08954	0.01186	0.00281	0.03330	0.01188	0.00711	0.00702
24	0.00965	0.00731	0.00883	0.00883	0.01057	0.00659	0.00655	0.01219	0.01797	0.02396	0.36405	0.13760	0.26733	0.04447	0.00979	0.00264	0.00389	0.04410	0.00726	0.00642
25	0.05203	0.01647	0.06750	0.37342	0.03584	0.03804	0.03645	0.08235	0.01597	0.02206	0.01371	0.04737	0.01141	0.00901	0.01036	0.00253	0.14618	0.00685	0.00383	0.00861

[dist]
# distance from previous block
# <min> <max>
1	4

[block]
# block no. 4 follows, 28 sequences, length 60
# corresponding to MSA columns:
# 300-359
name=unknown_E
#
# <colnr> <probs for GDERKNQSTAVLIFYWHMCP>
#	G	D	E	R	K	N	Q	S	T	A	V	L	I	F	Y	W	H	M	C	P
0	0.02275	0.01757	0.01968	0.03990	0.02202	0.04356	0.03971	0.26627	0.29720	0.09346	0.02358	0.02409	0.01756	0.00937	0.00744	0.00235	0.00729	0.02771	0.00705	0.01144
1	0.01756	0.02085	0.12445	0.11007	0.43787	0.07984	0.02145	0.02225	0.01654	0.02245	0.01454	0.02056	0.01233	0.00740	0.00725	0.00224	0.00936	0.03880	0.00365	0.01051
2	0.01029	0.00747	0.00975	0.01099	0.01223	0.00716	0.00859	0.01252	0.01545	0.02009	0.06553	0.27664	0.12729	0.08469	0.01196	0.00340	0.00547	0.29775	0.00656	0.00618
3	0.03651	0.01173	0.01515	0.01683	0.12811	0.01197	0.01106	0.11035	0.07432	0.02870	0.26493	0.09004	0.09625	0.01321	0.00811	0.00240	0.00551	0.05941	0.00673	0.00868
4	0.00920	0.00656	0.00875	0.01038	0.01091	0.00619	0.00717	0.01064	0.01409	0.01873	0.03934	0.65042	0.04673	0.04641	0.01027	0.00313	0.00456	0.08392	0.00666	0.00593
5	0.01728	0.04853	0.03836	0.06863	0.19934	0.01842	0.45378	0.02274	0.01678	0.02291	0.01417	0.01888	0.01101	0.00627	0.00801	0.00234	0.01106	0.00777	0.00361	0.01011
6	0.13366	0.02736	0.01990	0.01799	0.04901	0.40967	0.01347	0.19555	0.02282	0.02737	0.01280	0.01426	0.01002	0.00767	0.00648	0.00202	0.01056	0.00514	0.00476	0.00950
7	0.00950	0.00759	0.00844	0.00829	0.01038	0.00676	0.00613	0.01232	0.03864	0.02259	0.25758	0.09314	0.42750	0.04696	0.00974	0.00261	0.00383	0.01449	0.00705	0.00644
8	0.01652	0.01560	0.02632	0.33717	0.36974	0.01704	0.04281	0.04730	0.01642	0.02240	0.01354	0.01862	0.01075	0.00690	0.00728	0.00228	0.00919	0.00654	0.00359	0.01001
9	0.01029	0.00743	0.00972	0.00914	0.01086	0.00686	0.00686	0.01372	0.02058	0.02915	0.69536	0.05430	0.06859	0.01486	0.00857	0.00229	0.00343	0.01315	0.00800	0.00686
10	0.01049	0.00705	0.00812	0.00819	0.00827	0.00709	0.00472	0.01066	0.01077	0.01442	0.02353	0.07796	0.02704	0.68158	0.06565	0.00707	0.00747	0.01090	0.00449	0.00456
11	0.01287	0.00801	0.00992	0.13814	0.01642	0.00845	0.00808	0.01643	0.01587	0.02536	0.11008	0.03173	0.06421	0.00966	0.00613	0.00195	0.00456	0.00804	0.49709	0.00698
12	0.01458	0.03760	0.70688	0.02072	0.03146	0.01688	0.02686	0.02302	0.01535	0.02302	0.01304	0.01535	0.00921	0.00691	0.00691	0.00230	0.01074	0.00537	0.00307	0.01074
13	0.01611	0.01761	0.03584	0.05593	0.03318	0.01783	0.48592	0.02106	0.01583	0.02178	0.01600	0.08075	0.01392	0.00863	0.01097	0.00261	0.12392	0.00918	0.00384	0.00911
14	0.01263	0.00631	0.00947	0.00947	0.00947	0.00631	0.00631	0.00947	0.00947	0.01263	0.01263	0.02210	0.01263	0.02525	0.02841	0.78851	0.00631	0.00631	0.00316	0.00316
15	0.01038	0.00779	0.01168	0.01168	0.01298	0.00909	0.00909	0.01298	0.01168	0.01687	0.01947	0.02856	0.01817	0.05452	0.71573	0.01168	0.01947	0.00779	0.00389	0.00649
16	0.79588	0.01406	0.01068	0.00956	0.01406	0.01631	0.00787	0.02137	0.01237	0.03261	0.01012	0.01181	0.00787	0.00675	0.00450	0.00225	0.00562	0.00394	0.00450	0.00787
17	0.01515	0.01317	0.01612	0.01151	0.01801	0.01002	0.03354	0.01849	0.01515	0.02367	0.01299	0.01524	0.01078	0.00541	0.00550	0.00113	0.00564	0.00447	0.00428	0.75974
18	0.01057	0.00705	0.00793	0.00793	0.00793	0.00705	0.00440	0.01057	0.01057	0.01409	0.02290	0.04757	0.02643	0.74454	0.03700	0.00705	0.00705	0.01057	0.00440	0.00440
19	0.01373	0.01292	0.02180	0.72707	0.05006	0.01615	0.02019	0.01857	0.01453	0.01857	0.01292	0.01938	0.00969	0.00727	0.00727	0.00242	0.00969	0.00646	0.00323	0.00807
20	0.02548	0.18992	0.02440	0.01736	0.02164	0.56610	0.01370	0.02745	0.01933	0.01764	0.01099	0.01279	0.00936	0.00721	0.00614	0.00180	0.01195	0.00451	0.00361	0.00862
21	0.79588	0.01406	0.01068	0.00956	0.01406	0.01631	0.00787	0.02137	0.01237	0.03261	0.01012	0.01181	0.00787	0.00675	0.00450	0.00225	0.00562	0.00394	0.00450	0.00787
22	0.01833	0.58741	0.18993	0.01432	0.02156	0.02606	0.01571	0.02205	0.01490	0.01845	0.01077	0.01250	0.00930	0.00637	0.00517	0.00172	0.00845	0.00422	0.00310	0.00965
23	0.01779	0.01965	0.04162	0.02980	0.03706	0.01863	0.63306	0.06257	0.01818	0.02464	0.01487	0.01948	0.01111	0.00628	0.00850	0.00243	0.01200	0.00846	0.00389	0.00996
24	0.00886	0.00633	0.00843	0.01012	0.01054	0.00590	0.00675	0.01012	0.01392	0.01856	0.04006	0.73979	0.04808	0.02277	0.00928	0.00295	0.00422	0.02066	0.00675	0.00590
25	0.79588	0.01406	0.01068	0.00956	0.01406	0.01631	0.00787	0.02137	0.01237	0.03261	0.01012	0.01181	0.00787	0.00675	0.00450	0.00225	0.00562	0.00394	0.00450	0.00787
26	0.79588	0.01406	0.01068	0.00956	0.01406	0.01631	0.00787	0.02137	0.01237	0.03261	0.01012	0.01181	0.00787	0.00675	0.00450	0.00225	0.00562	0.00394	0.00450	0.00787
27	0.01355	0.00678	0.00678	0.00678	0.00847	0.00678	0.00508	0.01694	0.01524	0.02710	0.02371	0.02710	0.01863	0.00847	0.00508	0.00169	0.00339	0.00678	0.78489	0.00678
28	0.03231	0.01285	0.01717	0.01316	0.01880	0.01140	0.01087	0.07398	0.02161	0.66453	0.02800	0.02430	0.01765	0.00898	0.00731	0.00225	0.00629	0.00726	0.00889	0.01237
29	0.00927	0.00778	0.00812	0.00817	0.01056	0.00685	0.00618	0.01214	0.05054	0.02052	0.08787	0.09730	0.58680	0.01813	0.00862	0.00251	0.00393	0.04145	0.00682	0.00644
30	0.01436	0.01403	0.02318	0.59474	0.06526	0.03854	0.07434	0.01905	0.01498	0.01909	0.01421	0.05038	0.01151	0.00783	0.00744	0.00242	0.00975	0.00720	0.00345	0.00824
31	0.02120	0.59115	0.03450	0.01346	0.01950	0.05744	0.01275	0.13577	0.01840	0.02213	0.01143	0.01273	0.00986	0.00671	0.00520	0.00168	0.00804	0.00438	0.00386	0.00982
32	0.02650	0.01975	0.02119	0.01635	0.02209	0.02171	0.01345	0.60766	0.07264	0.04391	0.01798	0.01793	0.01288	0.00865	0.00720	0.00215	0.00775	0.00655	0.00715	0.04652
33	0.21729	0.01280	0.01529	0.01202	0.01740	0.01201	0.00991	0.03126	0.01850	0.51107	0.02347	0.02117	0.01522	0.00829	0.00654	0.00220	0.00601	0.00636	0.00770	0.04549
34	0.01057	0.00705	0.00793	0.00793	0.00793	0.00705	0.00440	0.01057	0.01057	0.01409	0.02290	0.04757	0.02643	0.74454	0.03700	0.00705	0.00705	0.01057	0.00440	0.00440
35	0.03261	0.01237	0.01687	0.01293	0.01856	0.01068	0.01068	0.03543	0.02081	0.70423	0.02868	0.02474	0.01799	0.00900	0.00731	0.00225	0.00619	0.00731	0.00900	0.01237
36	0.02646	0.01746	0.01934	0.01509	0.02049	0.01867	0.01236	0.44423	0.08748	0.16117	0.02078	0.02013	0.01457	0.00876	0.00710	0.00216	0.00712	0.00678	0.05439	0.03545
37	0.01808	0.01561	0.01644	0.01479	0.01890	0.01808	0.01151	0.03863	0.68606	0.03041	0.02959	0.02712	0.02219	0.00986	0.00740	0.00247	0.00575	0.00822	0.00740	0.01151
38	0.02146	0.07073	0.08256	0.01779	0.09009	0.01366	0.07597	0.02534	0.01726	0.24100	0.01801	0.01867	0.01294	0.00692	0.00657	0.00184	0.00728	0.00596	0.00548	0.26049
39	0.02776	0.01319	0.01671	0.01302	0.01855	0.01203	0.01061	0.05442	0.11941	0.48443	0.02618	0.02346	0.01739	0.00860	0.00704	0.00211	0.00607	0.00699	0.00803	0.12400
40	0.01193	0.00924	0.01127	0.01206	0.01373	0.00968	0.00906	0.01880	0.19484	0.02240	0.03692	0.41130	0.03983	0.01875	0.00893	0.00290	0.00515	0.14873	0.00691	0.00757
41	0.02269	0.16778	0.10499	0.02088	0.14211	0.14726	0.04024	0.02624	0.01786	0.18499	0.01857	0.01935	0.04032	0.00775	0.00667	0.00205	0.00888	0.00614	0.00490	0.01033
42	0.02902	0.01327	0.01701	0.01302	0.01860	0.01196	0.01070	0.11650	0.02190	0.51183	0.05408	0.02396	0.01861	0.00880	0.00714	0.00211	0.00621	0.00712	0.00820	0.09995
43	0.02670	0.01835	0.02027	0.01581	0.02119	0.01995	0.01297	0.54781	0.03091	0.11795	0.01982	0.05128	0.01483	0.01111	0.03395	0.00258	0.00805	0.00731	0.00732	0.01185
44	0.01672	0.19376	0.27917	0.01985	0.05660	0.01838	0.13744	0.02223	0.01652	0.05703	0.09764	0.02066	0.01744	0.00767	0.00693	0.00214	0.00910	0.00672	0.00412	0.00988
45	0.01013	0.00738	0.00952	0.00908	0.01078	0.00678	0.00677	0.01337	0.02006	0.02814	0.63087	0.08316	0.10592	0.01540	0.00860	0.00232	0.00348	0.01359	0.00787	0.00678
46	0.04047	0.01036	0.01257	0.01087	0.01434	0.00981	0.00853	0.04908	0.08144	0.23585	0.23868	0.07233	0.15946	0.01311	0.00794	0.00235	0.00482	0.01109	0.00784	0.00907
47	0.75622	0.01400	0.01125	0.04595	0.01588	0.01630	0.00850	0.02123	0.01248	0.03190	0.01026	0.01219	0.00796	0.00677	0.00464	0.00226	0.00583	0.00406	0.00443	0.00788
48	0.01431	0.01194	0.03432	0.01272	0.03677	0.01170	0.00991	0.13096	0.07254	0.02941	0.32393	0.04553	0.15050	0.01361	0.00889	0.00239	0.03652	0.03862	0.00707	0.00836
49	0.01263	0.00631	0.00947	0.00947	0.00947	0.00631	0.00631	0.00947	0.00947	0.01263	0.01263	0.02210	0.01263	0.02525	0.02841	0.78851	0.00631	0.00631	0.00316	0.00316
50	0.01598	0.02145	0.16780	0.18273	0.10611	0.01749	0.33676	0.02210	0.01616	0.02225	0.01388	0.01855	0.01043	0.00657	0.00782	0.00239	0.01103	0.00727	0.00345	0.00978
51	0.51575	0.01324	0.01200	0.01035	0.01462	0.01458	0.00843	0.07422	0.01623	0.11049	0.09795	0.01965	0.01735	0.00824	0.00557	0.00222	0.00551	0.00579	0.03922	0.00858
52	0.01673	0.01417	0.04064	0.01616	0.09409	0.01294	0.01154	0.18306	0.02035	0.02864	0.08419	0.18227	0.02499	0.01120	0.00729	0.00206	0.00616	0.00965	0.00583	0.22806
53	0.01867	0.04292	0.01878	0.06959	0.04150	0.11873	0.01295	0.14028	0.14390	0.02586	0.04285	0.14528	0.02106	0.01170	0.00983	0.00246	0.10969	0.00913	0.00558	0.00925
54	0.09117	0.01450	0.01762	0.01362	0.01920	0.01409	0.01125	0.19412	0.02349	0.48710	0.02442	0.02191	0.01579	0.00875	0.00708	0.00223	0.00659	0.00685	0.00821	0.01202
55	0.01284	0.00982	0.01188	0.01173	0.04227	0.00975	0.00843	0.04008	0.13764	0.04671	0.37125	0.07051	0.17024	0.01416	0.00825	0.00236	0.00436	0.01225	0.00744	0.00805
56	0.02716	0.01401	0.01705	0.01375	0.01883	0.01397	0.01113	0.10787	0.20951	0.41609	0.05145	0.02564	0.02034	0.00942	0.00738	0.00230	0.00617	0.00769	0.00832	0.01193
57	0.02370	0.04525	0.02028	0.03867	0.02163	0.07361	0.01298	0.42782	0.11631	0.03689	0.02165	0.02190	0.05472	0.01120	0.03768	0.00261	0.00837	0.00711	0.00656	0.01107
58	0.01055	0.00711	0.00824	0.00822	0.00837	0.00717	0.00481	0.01086	0.01106	0.01490	0.05054	0.04662	0.02764	0.66992	0.07948	0.00715	0.00770	0.01050	0.00452	0.00464
59	0.06756	0.18666	0.02560	0.01691	0.02046	0.11923	0.06476	0.07852	0.04362	0.02223	0.01247	0.01565	0.01064	0.00897	0.01173	0.00233	0.24026	0.00569	0.03777	0.00895

[dist]
# distance from previous block
# <min> <max>
3	11

[block]
# block no. 5 follows, 28 sequences, length 6
# corresponding to MSA columns:
# 395-400
name=unknown_F
#
# <colnr> <probs for GDERKNQSTAVLIFYWHMCP>
#	G	D	E	R	K	N	Q	S	T	A	V	L	I	F	Y	W	H	M	C	P
0	0.00902	0.00690	0.00800	0.00866	0.00995	0.00619	0.00597	0.01050	0.01500	0.01907	0.08787	0.34268	0.31663	0.10463	0.01218	0.00319	0.00428	0.01686	0.00654	0.00588
1	0.01607	0.01895	0.07921	0.09425	0.07072	0.01704	0.48538	0.02174	0.01651	0.02248	0.01637	0.07570	0.01372	0.00761	0.00833	0.00246	0.01110	0.00902	0.00383	0.00948
2	0.01521	0.03319	0.54407	0.02315	0.03306	0.01725	0.18524	0.02309	0.01579	0.02309	0.01345	0.01639	0.00965	0.00672	0.00732	0.00234	0.01111	0.00616	0.00322	0.01051
3	0.00938	0.00666	0.00866	0.00964	0.01030	0.00626	0.00649	0.01098	0.01501	0.02040	0.18539	0.50217	0.05008	0.10799	0.01246	0.00330	0.00438	0.01776	0.00675	0.00594
4	0.05313	0.01078	0.01379	0.01590	0.11803	0.01109	0.01024	0.01947	0.14642	0.02504	0.20148	0.11669	0.08649	0.07663	0.01057	0.00288	0.00546	0.06139	0.00639	0.00815
5	0.28799	0.25989	0.10165	0.01356	0.01973	0.01977	0.05634	0.02298	0.01475	0.08808	0.01263	0.01405	0.00981	0.00669	0.00541	0.00198	0.00740	0.00473	0.00423	0.04833

[dist]
# distance from previous block
# <min> <max>
0	1

[block]
# block no. 6 follows, 28 sequences, length 8
# corresponding to MSA columns:
# 402-409
name=unknown_G
#
# <colnr> <probs for GDERKNQSTAVLIFYWHMCP>
#	G	D	E	R	K	N	Q	S	T	A	V	L	I	F	Y	W	H	M	C	P
0	0.15483	0.21459	0.19163	0.01523	0.02142	0.16280	0.01519	0.05227	0.01697	0.02353	0.05932	0.01613	0.01333	0.00746	0.00597	0.00200	0.00893	0.00519	0.00400	0.00920
1	0.21422	0.01664	0.01904	0.02125	0.19829	0.03996	0.01352	0.18900	0.08698	0.03206	0.01830	0.01973	0.04040	0.00809	0.00648	0.00219	0.00707	0.00636	0.05018	0.01023
2	0.01429	0.01463	0.10360	0.01299	0.01684	0.01252	0.01150	0.06298	0.21743	0.02940	0.33692	0.04020	0.04240	0.01221	0.00800	0.00238	0.00551	0.04005	0.00707	0.00907
3	0.01444	0.01576	0.06383	0.14130	0.03162	0.01447	0.33279	0.01941	0.01645	0.02240	0.06154	0.07240	0.07233	0.00953	0.00817	0.00245	0.00933	0.03394	0.04927	0.00857
4	0.01796	0.05882	0.12039	0.08246	0.41146	0.10209	0.02046	0.02236	0.01665	0.02202	0.01596	0.01932	0.04387	0.00728	0.00702	0.00215	0.00926	0.00640	0.00365	0.01042
5	0.02005	0.01524	0.01644	0.01376	0.01792	0.01644	0.01093	0.36864	0.11466	0.03487	0.03273	0.13740	0.14382	0.01277	0.00783	0.00239	0.00634	0.01050	0.00711	0.01014
6	0.01412	0.01019	0.04784	0.01040	0.01341	0.00842	0.00854	0.01823	0.05464	0.13434	0.37277	0.08459	0.16523	0.01428	0.00826	0.00236	0.00447	0.01232	0.00758	0.00801
7	0.01373	0.01292	0.02180	0.72707	0.05006	0.01615	0.02019	0.01857	0.01453	0.01857	0.01292	0.01938	0.00969	0.00727	0.00727	0.00242	0.00969	0.00646	0.00323	0.00807

[dist]
# distance from previous block
# <min> <max>
1	4

[block]
# block no. 7 follows, 28 sequences, length 17
# corresponding to MSA columns:
# 414-430
name=unknown_H
#
# <colnr> <probs for GDERKNQSTAVLIFYWHMCP>
#	G	D	E	R	K	N	Q	S	T	A	V	L	I	F	Y	W	H	M	C	P
0	0.04853	0.09846	0.09019	0.01998	0.12338	0.04494	0.01522	0.22897	0.02094	0.02873	0.01763	0.12118	0.01622	0.01026	0.00878	0.00233	0.08111	0.00800	0.00512	0.01005
1	0.09002	0.40907	0.05514	0.01416	0.01933	0.17168	0.01290	0.04554	0.01630	0.02025	0.01119	0.01314	0.00967	0.00711	0.00634	0.00183	0.05015	0.00446	0.03271	0.00899
2	0.01116	0.00970	0.01007	0.01135	0.01225	0.08672	0.00797	0.01266	0.01490	0.01872	0.03666	0.60578	0.04319	0.02083	0.00903	0.00286	0.00542	0.06807	0.00640	0.00625
3	0.00955	0.00757	0.00918	0.00990	0.03694	0.00675	0.00683	0.01189	0.01735	0.02264	0.26451	0.18958	0.34576	0.01763	0.00866	0.00248	0.00389	0.01530	0.00703	0.00653
4	0.00919	0.00657	0.00879	0.01030	0.01092	0.00617	0.00714	0.01078	0.01464	0.01960	0.08910	0.63694	0.04913	0.02197	0.00928	0.00293	0.00435	0.06933	0.00684	0.00604
5	0.00886	0.00633	0.00843	0.01012	0.01054	0.00590	0.00675	0.01012	0.01392	0.01856	0.04006	0.73979	0.04808	0.02277	0.00928	0.00295	0.00422	0.02066	0.00675	0.00590
6	0.01507	0.01292	0.01507	0.01077	0.01723	0.00969	0.00861	0.01830	0.01507	0.02369	0.01292	0.01507	0.01077	0.00538	0.00538	0.00108	0.00538	0.00431	0.00431	0.78898
7	0.01659	0.01644	0.02979	0.24135	0.38452	0.01715	0.14469	0.02140	0.01608	0.02215	0.01365	0.01870	0.01089	0.00664	0.00748	0.00229	0.00963	0.00687	0.00351	0.01019
8	0.04510	0.04693	0.10252	0.02857	0.07886	0.05841	0.48428	0.02340	0.01689	0.02309	0.01396	0.01817	0.01062	0.00633	0.00793	0.00235	0.01153	0.00759	0.00363	0.00984
9	0.00902	0.00644	0.00862	0.01031	0.01080	0.00605	0.00703	0.01041	0.01408	0.01874	0.03997	0.70175	0.04772	0.02262	0.00932	0.00297	0.00436	0.05708	0.00674	0.00595
10	0.01263	0.00631	0.00947	0.00947	0.00947	0.00631	0.00631	0.00947	0.00947	0.01263	0.01263	0.02210	0.01263	0.02525	0.02841	0.78851	0.00631	0.00631	0.00316	0.00316
11	0.01465	0.00808	0.00829	0.00781	0.00976	0.00829	0.00586	0.07885	0.01667	0.02786	0.02306	0.02779	0.01865	0.06604	0.00778	0.00216	0.00411	0.00705	0.65012	0.00712
12	0.02579	0.01806	0.01943	0.01512	0.02033	0.01976	0.01242	0.55308	0.03088	0.07008	0.01882	0.01915	0.01350	0.00870	0.00695	0.00211	0.00725	0.00661	0.12038	0.01155
13	0.00904	0.00661	0.00853	0.00987	0.01068	0.00610	0.00683	0.01061	0.01479	0.01950	0.08558	0.58512	0.12826	0.02162	0.00918	0.00287	0.00421	0.04773	0.00682	0.00603
14	0.01772	0.01827	0.05919	0.06076	0.48086	0.01736	0.14481	0.04601	0.01720	0.02421	0.01469	0.02010	0.01219	0.00694	0.00753	0.00226	0.00936	0.02579	0.00380	0.01094
15	0.10303	0.12917	0.41203	0.02072	0.05350	0.01869	0.12001	0.02268	0.01525	0.02335	0.01259	0.01519	0.00944	0.00666	0.00659	0.00221	0.00991	0.00553	0.00335	0.01011
16	0.15990	0.04971	0.01774	0.08734	0.02131	0.07274	0.01185	0.25985	0.06076	0.03227	0.04429	0.02395	0.09043	0.00936	0.00674	0.00220	0.00726	0.00711	0.02557	0.00959

[dist]
