[name]
unknown

[dist]
# distance from previous block
# <min> <max>
25	112

[block]
# block no. 0 follows, 31 sequences, length 6
# corresponding to MSA columns:
# 133-138
name=unknown_A
#
# <colnr> <probs for GDERKNQSTAVLIFYWHMCP>
#	G	D	E	R	K	N	Q	S	T	A	V	L	I	F	Y	W	H	M	C	P
0	0.06019	0.01431	0.01678	0.01482	0.05458	0.01508	0.01126	0.13501	0.28976	0.27628	0.02414	0.02221	0.01690	0.00852	0.00678	0.00218	0.00602	0.00692	0.00716	0.01108
1	0.02423	0.01672	0.01884	0.05292	0.02110	0.01818	0.01237	0.51957	0.02799	0.11751	0.01937	0.08524	0.01520	0.00939	0.00702	0.00214	0.00709	0.00746	0.00679	0.01086
2	0.12078	0.06144	0.02274	0.33767	0.10083	0.01658	0.09717	0.04616	0.01443	0.02115	0.01287	0.04505	0.01069	0.00747	0.00758	0.00224	0.05700	0.00637	0.00356	0.00824
3	0.01079	0.00841	0.00963	0.00910	0.01130	0.00811	0.00687	0.05999	0.08139	0.02458	0.31682	0.12124	0.27590	0.01504	0.00796	0.00228	0.00388	0.01293	0.00691	0.00689
4	0.02305	0.01631	0.01789	0.01400	0.01873	0.01744	0.01127	0.50215	0.02696	0.08214	0.01833	0.05472	0.01477	0.08189	0.00954	0.00246	0.00698	0.00706	0.00646	0.06787
5	0.01070	0.00761	0.00986	0.07605	0.01377	0.00718	0.00748	0.01334	0.01700	0.06687	0.34122	0.14407	0.22937	0.01487	0.00797	0.00229	0.00410	0.01295	0.00670	0.00659

[dist]
# distance from previous block
# <min> <max>
4	17

[block]
# block no. 1 follows, 31 sequences, length 13
# corresponding to MSA columns:
# 156-168
name=unknown_B
#
# <colnr> <probs for GDERKNQSTAVLIFYWHMCP>
#	G	D	E	R	K	N	Q	S	T	A	V	L	I	F	Y	W	H	M	C	P
0	0.01632	0.03977	0.19070	0.05290	0.33606	0.07414	0.11567	0.02120	0.01550	0.02117	0.01361	0.04672	0.01143	0.00687	0.00687	0.00211	0.00925	0.00649	0.00339	0.00983
1	0.11840	0.01708	0.02194	0.11975	0.34731	0.08969	0.01658	0.07357	0.08662	0.02443	0.01391	0.01673	0.01106	0.00680	0.00642	0.00208	0.00800	0.00579	0.00409	0.00975
2	0.01405	0.01010	0.03190	0.06624	0.01611	0.00947	0.02746	0.08526	0.01937	0.10330	0.40207	0.11686	0.04464	0.01264	0.00775	0.00222	0.00489	0.01111	0.00686	0.00772
3	0.01627	0.01166	0.01344	0.01177	0.01497	0.01183	0.00903	0.21324	0.08079	0.06493	0.06581	0.26787	0.05294	0.01350	0.00798	0.02514	0.00535	0.01119	0.00638	0.09593
4	0.02011	0.01705	0.01833	0.01754	0.09847	0.07130	0.01249	0.19352	0.34099	0.05287	0.02096	0.02049	0.01571	0.00818	0.00672	0.00209	0.00675	0.00664	0.00612	0.06366
5	0.00977	0.00733	0.01100	0.01100	0.01222	0.00855	0.00855	0.01222	0.01100	0.01588	0.01833	0.02688	0.01710	0.05131	0.73245	0.01100	0.01833	0.00733	0.00367	0.00611
6	0.01000	0.00748	0.01008	0.08500	0.01449	0.00761	0.00810	0.05675	0.01445	0.01921	0.03365	0.62963	0.03927	0.01904	0.00841	0.00268	0.00474	0.01718	0.00605	0.00618
7	0.00994	0.00668	0.00769	0.00769	0.00777	0.00676	0.00443	0.01010	0.01002	0.01343	0.02135	0.04362	0.02437	0.71387	0.07984	0.00691	0.00739	0.00978	0.00411	0.00427
8	0.01242	0.01080	0.01790	0.58204	0.03881	0.01314	0.01617	0.01565	0.01295	0.01667	0.01405	0.07435	0.01225	0.01038	0.00984	0.11717	0.00827	0.00707	0.00328	0.00678
9	0.01640	0.01400	0.01501	0.01379	0.01742	0.01608	0.01085	0.03408	0.63406	0.02779	0.02870	0.03081	0.02278	0.01027	0.00722	0.00241	0.00550	0.07558	0.00689	0.01037
10	0.01492	0.13062	0.49775	0.02205	0.12322	0.01753	0.05877	0.02143	0.01462	0.02102	0.01207	0.01453	0.00907	0.00632	0.00634	0.00206	0.00953	0.00517	0.00299	0.00998
11	0.01434	0.01108	0.01183	0.01104	0.03268	0.02830	0.00817	0.11287	0.13186	0.06714	0.06968	0.06254	0.33806	0.05834	0.00919	0.00251	0.00505	0.01100	0.00641	0.00791
12	0.75993	0.05882	0.01162	0.00916	0.01349	0.01606	0.00767	0.02013	0.01178	0.02981	0.00953	0.01111	0.00749	0.00632	0.00424	0.00208	0.00542	0.00370	0.00415	0.00749

[dist]
# distance from previous block
# <min> <max>
0	1

[block]
# block no. 2 follows, 31 sequences, length 10
# corresponding to MSA columns:
# 170-179
name=unknown_C
#
# <colnr> <probs for GDERKNQSTAVLIFYWHMCP>
#	G	D	E	R	K	N	Q	S	T	A	V	L	I	F	Y	W	H	M	C	P
0	0.50008	0.19890	0.01695	0.00998	0.01460	0.01759	0.00870	0.02160	0.03470	0.08056	0.01189	0.01296	0.00925	0.00654	0.00458	0.00194	0.00577	0.00416	0.03109	0.00815
1	0.01279	0.01278	0.02051	0.01710	0.01979	0.06047	0.22542	0.01560	0.01450	0.01919	0.05733	0.35516	0.02861	0.01408	0.00984	0.00255	0.08922	0.01299	0.00493	0.00714
2	0.00955	0.00697	0.00900	0.00872	0.01031	0.00642	0.00657	0.01255	0.01857	0.02590	0.59717	0.09464	0.10861	0.01488	0.00817	0.00224	0.00343	0.04264	0.00732	0.00635
3	0.01875	0.01886	0.02610	0.03682	0.57241	0.12289	0.01937	0.06172	0.01712	0.02275	0.01274	0.01622	0.01058	0.00636	0.00669	0.00199	0.00872	0.00585	0.00361	0.01045
4	0.01136	0.00736	0.00968	0.00889	0.01080	0.00674	0.00674	0.01454	0.01938	0.08282	0.65852	0.04888	0.06075	0.01355	0.00797	0.00215	0.00343	0.01193	0.00761	0.00687
5	0.01324	0.00962	0.01260	0.01375	0.08888	0.00990	0.00901	0.10869	0.01536	0.03899	0.02629	0.16110	0.07548	0.17891	0.12146	0.04782	0.00786	0.04908	0.00510	0.00685
6	0.01097	0.00764	0.00969	0.00898	0.01093	0.00718	0.00680	0.01501	0.05821	0.05859	0.60814	0.04918	0.09507	0.01365	0.00795	0.00217	0.00348	0.01197	0.00748	0.00690
7	0.15554	0.02127	0.27487	0.18895	0.09228	0.01548	0.01816	0.02162	0.08239	0.02316	0.01367	0.01641	0.01024	0.00684	0.00619	0.00217	0.00816	0.00546	0.02808	0.00906
8	0.01647	0.07074	0.06664	0.05043	0.44183	0.07290	0.03740	0.02028	0.01553	0.02086	0.01556	0.06258	0.01441	0.00801	0.00689	0.00212	0.00827	0.05571	0.00371	0.00965
9	0.01772	0.01759	0.02352	0.15027	0.39406	0.10941	0.01797	0.04743	0.11140	0.02242	0.01465	0.01772	0.01170	0.00686	0.00673	0.00208	0.00844	0.00610	0.00396	0.00995

[dist]
# distance from previous block
# <min> <max>
0	1

[block]
# block no. 3 follows, 31 sequences, length 17
# corresponding to MSA columns:
# 181-197
name=unknown_D
#
# <colnr> <probs for GDERKNQSTAVLIFYWHMCP>
#	G	D	E	R	K	N	Q	S	T	A	V	L	I	F	Y	W	H	M	C	P
0	0.07777	0.03982	0.02047	0.12129	0.12789	0.36369	0.01464	0.09125	0.04198	0.02170	0.01221	0.01459	0.00975	0.00699	0.00627	0.00194	0.00993	0.00511	0.00392	0.00877
1	0.12304	0.12848	0.11571	0.01353	0.04385	0.07419	0.01186	0.06761	0.01716	0.08036	0.17760	0.07568	0.02509	0.00950	0.00644	0.00204	0.00659	0.00761	0.00520	0.00845
2	0.01896	0.01795	0.02408	0.13015	0.42833	0.12713	0.01822	0.04177	0.03607	0.07134	0.01394	0.01708	0.01103	0.00666	0.00670	0.00204	0.00866	0.00593	0.00392	0.01002
3	0.01013	0.00750	0.01085	0.01075	0.01186	0.00875	0.00827	0.01241	0.01108	0.01623	0.01843	0.02765	0.01739	0.09797	0.61819	0.00989	0.04294	0.00742	0.04627	0.00603
4	0.05609	0.01342	0.01662	0.05728	0.11160	0.01414	0.01147	0.19262	0.09510	0.13569	0.06044	0.02650	0.04501	0.12077	0.01103	0.00280	0.00657	0.00755	0.00593	0.00938
5	0.00946	0.00698	0.00884	0.00837	0.01008	0.00636	0.00628	0.01248	0.01884	0.02619	0.62355	0.05316	0.15506	0.01445	0.00807	0.00217	0.00326	0.01266	0.00737	0.00636
6	0.01428	0.05572	0.01431	0.01266	0.01465	0.14628	0.00984	0.04271	0.04790	0.01836	0.02164	0.15900	0.02214	0.05277	0.23735	0.00524	0.04303	0.07058	0.00460	0.00695
7	0.00881	0.00690	0.00797	0.00782	0.00972	0.00607	0.00582	0.01118	0.01713	0.02242	0.35457	0.09818	0.38682	0.01607	0.00811	0.00227	0.00339	0.01380	0.00688	0.00607
8	0.01357	0.06701	0.59176	0.01817	0.02680	0.01583	0.02251	0.02044	0.01392	0.02061	0.01267	0.01560	0.00957	0.01137	0.08337	0.00309	0.03594	0.00526	0.00298	0.00954
9	0.01001	0.00707	0.00887	0.00842	0.01015	0.00643	0.00625	0.01277	0.01813	0.04577	0.53403	0.07641	0.16734	0.04699	0.00922	0.00239	0.00352	0.01268	0.00718	0.00637
10	0.02184	0.01730	0.05072	0.01460	0.01941	0.01772	0.01220	0.51512	0.02726	0.03676	0.01985	0.14747	0.01741	0.01036	0.00709	0.00215	0.00692	0.00839	0.00646	0.04096
11	0.02324	0.01752	0.01905	0.01443	0.02004	0.01838	0.01186	0.53563	0.02796	0.03824	0.01543	0.01590	0.01128	0.00748	0.00643	0.00181	0.00695	0.00567	0.00619	0.19651
12	0.01142	0.00832	0.01030	0.01067	0.01215	0.00821	0.00774	0.11230	0.01635	0.02196	0.05241	0.54964	0.03906	0.01847	0.00835	0.00261	0.00469	0.06305	0.00637	0.03593
13	0.01562	0.05519	0.32093	0.02265	0.03002	0.05579	0.28788	0.02153	0.01499	0.02079	0.01238	0.01584	0.00939	0.00673	0.00854	0.00225	0.08072	0.00625	0.00316	0.00934
14	0.01017	0.04985	0.01058	0.00995	0.01130	0.00799	0.00713	0.03128	0.04794	0.01998	0.11355	0.54972	0.04217	0.01818	0.00815	0.00253	0.00428	0.01627	0.00626	0.03274
15	0.05353	0.05349	0.01787	0.01436	0.01813	0.17865	0.01143	0.26730	0.07323	0.02887	0.08570	0.06758	0.01892	0.01110	0.03530	0.00242	0.04024	0.00718	0.00556	0.00913
16	0.22091	0.17050	0.05331	0.08974	0.02094	0.06060	0.01255	0.14986	0.03227	0.02578	0.01187	0.01411	0.00949	0.00830	0.02330	0.00225	0.07640	0.00490	0.00417	0.00873

[dist]
# distance from previous block
# <min> <max>
0	4

[block]
# block no. 4 follows, 31 sequences, length 14
# corresponding to MSA columns:
# 202-215
name=unknown_E
#
# <colnr> <probs for GDERKNQSTAVLIFYWHMCP>
#	G	D	E	R	K	N	Q	S	T	A	V	L	I	F	Y	W	H	M	C	P
0	0.04319	0.09669	0.15970	0.07602	0.02323	0.08501	0.01510	0.19172	0.03661	0.10202	0.01500	0.01664	0.01118	0.01022	0.05155	0.00261	0.04343	0.00563	0.00476	0.00968
1	0.01529	0.07289	0.17657	0.23089	0.10094	0.01702	0.10056	0.03802	0.13720	0.02187	0.01515	0.01804	0.01146	0.00695	0.00676	0.00218	0.00871	0.00622	0.00387	0.00941
2	0.00867	0.00626	0.00830	0.00962	0.01029	0.00579	0.00658	0.01008	0.01350	0.01815	0.06567	0.67717	0.04478	0.02052	0.00862	0.00271	0.00406	0.04310	0.00633	0.02980
3	0.00975	0.00744	0.00988	0.01074	0.05459	0.00688	0.00733	0.01251	0.01752	0.02410	0.45267	0.15956	0.14914	0.01526	0.00814	0.00230	0.00378	0.03504	0.00688	0.00649
4	0.00920	0.00667	0.00887	0.01031	0.01126	0.00634	0.00779	0.01108	0.01419	0.01855	0.04000	0.47097	0.10226	0.02024	0.00891	0.00286	0.00469	0.23365	0.00633	0.00582
5	0.01641	0.01157	0.01312	0.03858	0.01529	0.01204	0.00895	0.25649	0.02248	0.05071	0.22936	0.03535	0.13105	0.01116	0.00710	0.00207	0.00509	0.00924	0.11555	0.00838
6	0.10904	0.00685	0.00892	0.00879	0.00939	0.00711	0.00606	0.01064	0.00953	0.01488	0.01213	0.01986	0.01163	0.02083	0.02286	0.66232	0.00572	0.00569	0.04406	0.00369
7	0.74444	0.01294	0.01044	0.03819	0.01446	0.01499	0.00783	0.01972	0.01203	0.03004	0.03769	0.01299	0.00976	0.00667	0.00449	0.00212	0.00536	0.00414	0.00432	0.00738
8	0.00930	0.00690	0.00873	0.00895	0.01047	0.00634	0.00677	0.01186	0.01704	0.02302	0.38088	0.18607	0.18272	0.01661	0.00837	0.00242	0.00379	0.09668	0.00693	0.00614
9	0.01013	0.00758	0.01055	0.01037	0.01117	0.00872	0.00764	0.01181	0.01066	0.01515	0.01872	0.03140	0.01889	0.25599	0.48657	0.00925	0.05800	0.00802	0.00377	0.00562
10	0.01367	0.01258	0.02028	0.67784	0.04464	0.01554	0.01836	0.04747	0.04668	0.01910	0.01307	0.01850	0.00978	0.00701	0.00685	0.00227	0.00888	0.00616	0.00339	0.00792
11	0.05281	0.11575	0.02182	0.01471	0.02018	0.02094	0.01242	0.53305	0.02812	0.08974	0.01607	0.01604	0.01151	0.00786	0.00643	0.00198	0.00729	0.00580	0.00636	0.01111
12	0.01865	0.66417	0.03330	0.01224	0.01769	0.09367	0.01173	0.02081	0.01431	0.01615	0.00996	0.01173	0.00911	0.00775	0.03315	0.00187	0.00823	0.00387	0.00301	0.00859
13	0.02483	0.01650	0.01905	0.01499	0.01953	0.01817	0.01233	0.44373	0.02605	0.17903	0.01867	0.05115	0.01393	0.00932	0.00884	0.00221	0.09723	0.00689	0.00669	0.01085

[dist]
# distance from previous block
# <min> <max>
7	20

[block]
# block no. 5 follows, 31 sequences, length 6
# corresponding to MSA columns:
# 236-241
name=unknown_F
#
# <colnr> <probs for GDERKNQSTAVLIFYWHMCP>
#	G	D	E	R	K	N	Q	S	T	A	V	L	I	F	Y	W	H	M	C	P
0	0.01339	0.08719	0.40559	0.01773	0.02496	0.01476	0.11322	0.01926	0.01519	0.02164	0.11115	0.08883	0.02002	0.00877	0.00697	0.00218	0.00856	0.00771	0.00393	0.00895
1	0.01786	0.01451	0.01531	0.01316	0.01718	0.01613	0.01041	0.21133	0.39623	0.03075	0.03222	0.03032	0.14365	0.01044	0.00713	0.00225	0.00564	0.00852	0.00682	0.01014
2	0.01670	0.01288	0.01542	0.06238	0.01902	0.01110	0.00961	0.08255	0.04671	0.08259	0.01449	0.01594	0.01124	0.00595	0.00559	0.00135	0.00566	0.00479	0.00474	0.57129
3	0.00921	0.00632	0.00768	0.00841	0.00859	0.00614	0.00516	0.00975	0.01140	0.01520	0.02898	0.37130	0.03424	0.42026	0.02283	0.00486	0.00541	0.01432	0.00516	0.00479
4	0.01098	0.00907	0.01097	0.08464	0.01513	0.03876	0.00853	0.01498	0.06128	0.02373	0.39188	0.10957	0.11457	0.01403	0.00796	0.00231	0.00469	0.06362	0.00655	0.00676
5	0.01633	0.01781	0.08430	0.10166	0.20861	0.03724	0.28290	0.02110	0.01564	0.05420	0.01493	0.05411	0.01221	0.00693	0.00728	0.00217	0.00941	0.00735	0.00376	0.04203

[dist]
# distance from previous block
# <min> <max>
1	2

[block]
# block no. 6 follows, 31 sequences, length 25
# corresponding to MSA columns:
# 244-268
name=unknown_G
#
# <colnr> <probs for GDERKNQSTAVLIFYWHMCP>
#	G	D	E	R	K	N	Q	S	T	A	V	L	I	F	Y	W	H	M	C	P
0	0.01666	0.01292	0.03441	0.01294	0.03648	0.01325	0.00981	0.28417	0.02088	0.02861	0.09275	0.15721	0.02555	0.14545	0.01270	0.00302	0.03012	0.00982	0.04504	0.00822
1	0.46324	0.10886	0.01627	0.01149	0.01613	0.08339	0.00961	0.14547	0.01673	0.05768	0.01159	0.01268	0.00887	0.00678	0.00502	0.00199	0.00662	0.00434	0.00466	0.00858
2	0.01617	0.01890	0.15200	0.11276	0.33095	0.01610	0.01885	0.06991	0.11811	0.02389	0.01741	0.01983	0.04006	0.00733	0.00682	0.00214	0.00798	0.00648	0.00415	0.01017
3	0.00933	0.00658	0.00814	0.00851	0.00911	0.00644	0.00558	0.01047	0.01266	0.01709	0.13058	0.24307	0.07813	0.33174	0.08773	0.00504	0.00630	0.01298	0.00535	0.00516
4	0.07625	0.01385	0.03156	0.01309	0.01727	0.01421	0.01088	0.17836	0.19211	0.17320	0.08801	0.03089	0.02322	0.01030	0.00714	0.00229	0.00599	0.09453	0.00692	0.00992
5	0.00938	0.00685	0.00886	0.00928	0.01042	0.00651	0.00660	0.01237	0.04715	0.02278	0.36376	0.38214	0.05348	0.01729	0.00833	0.00246	0.00368	0.01550	0.00695	0.00623
6	0.09778	0.03232	0.62226	0.01924	0.05393	0.01585	0.02323	0.02148	0.01419	0.02265	0.01201	0.01419	0.00862	0.00647	0.00627	0.00216	0.00953	0.00495	0.00305	0.00985
7	0.00850	0.00607	0.00813	0.00972	0.01019	0.00570	0.00664	0.00981	0.01326	0.01765	0.03762	0.71315	0.04489	0.02128	0.00878	0.00280	0.00411	0.05976	0.00635	0.00560
8	0.03882	0.23690	0.46871	0.01691	0.02526	0.06312	0.02024	0.02164	0.01452	0.02008	0.01132	0.01325	0.00867	0.00635	0.00583	0.00194	0.00933	0.00459	0.00298	0.00953
9	0.00985	0.00659	0.00749	0.00759	0.00761	0.00657	0.00428	0.00992	0.01014	0.01352	0.02255	0.08855	0.02613	0.71408	0.03321	0.00640	0.00647	0.01053	0.00428	0.00423
10	0.01514	0.26082	0.51107	0.01709	0.02588	0.01935	0.02108	0.02130	0.01428	0.01994	0.01142	0.01337	0.00870	0.00630	0.00585	0.00195	0.00925	0.00462	0.00290	0.00970
11	0.12908	0.01383	0.07151	0.01220	0.01745	0.01157	0.01075	0.06938	0.01875	0.45528	0.08213	0.02275	0.01866	0.00841	0.00656	0.00209	0.00596	0.00668	0.00717	0.02978
12	0.01933	0.01925	0.06860	0.02987	0.39215	0.08820	0.01779	0.18369	0.01961	0.02636	0.01380	0.01681	0.01108	0.00953	0.05162	0.00257	0.00916	0.00595	0.00422	0.01040
13	0.01239	0.01578	0.14988	0.01934	0.08735	0.01228	0.16157	0.01621	0.01393	0.01950	0.02217	0.28684	0.02322	0.01529	0.06008	0.00309	0.05755	0.01129	0.00439	0.00787
14	0.02149	0.01184	0.01427	0.01177	0.01585	0.01167	0.00943	0.11467	0.14267	0.30999	0.15698	0.03220	0.09576	0.01049	0.00723	0.00217	0.00526	0.00871	0.00760	0.00995
15	0.01419	0.01216	0.01419	0.01013	0.01621	0.00912	0.00811	0.01723	0.01419	0.02229	0.01216	0.01419	0.01013	0.00507	0.00507	0.00101	0.00507	0.00405	0.00405	0.80139
16	0.01001	0.00657	0.00743	0.00754	0.00767	0.00654	0.00434	0.01029	0.01045	0.01432	0.02275	0.09380	0.02586	0.66064	0.03111	0.00605	0.00623	0.01040	0.05363	0.00438
17	0.01067	0.00811	0.01161	0.01128	0.01254	0.00950	0.00875	0.03969	0.01176	0.01684	0.01803	0.02703	0.01700	0.09168	0.62821	0.01001	0.04986	0.00738	0.00379	0.00627
18	0.00856	0.00624	0.00793	0.00897	0.00972	0.00576	0.00608	0.00999	0.01395	0.01851	0.12052	0.54251	0.12867	0.06615	0.01020	0.00289	0.00399	0.01740	0.00635	0.00560
19	0.02601	0.01916	0.02053	0.01574	0.02122	0.02122	0.01300	0.69408	0.03217	0.04312	0.01643	0.01643	0.01163	0.00821	0.00684	0.00205	0.00753	0.00616	0.00684	0.01163
20	0.00986	0.00665	0.00744	0.00744	0.00755	0.00659	0.00420	0.00994	0.01023	0.01352	0.02391	0.04581	0.05890	0.72292	0.03350	0.00642	0.00648	0.01017	0.00425	0.00423
21	0.01041	0.00837	0.01159	0.03144	0.05573	0.00907	0.00877	0.01279	0.03559	0.01843	0.09044	0.34172	0.05867	0.07449	0.11832	0.00414	0.08516	0.01319	0.00530	0.00638
22	0.00867	0.00624	0.00829	0.00975	0.01039	0.00585	0.00684	0.01017	0.01369	0.01816	0.06060	0.63197	0.06846	0.02076	0.00877	0.00278	0.00419	0.09235	0.00638	0.00568
23	0.01644	0.01559	0.02617	0.08450	0.61946	0.01588	0.02008	0.02107	0.04116	0.02220	0.01433	0.01979	0.01226	0.00678	0.00689	0.00210	0.00802	0.03321	0.00362	0.01045
24	0.02044	0.01439	0.01614	0.01328	0.01701	0.01560	0.01047	0.42176	0.02430	0.06923	0.02059	0.11843	0.01847	0.10603	0.07830	0.00355	0.00787	0.00852	0.00624	0.00940

[dist]
# distance from previous block
# <min> <max>
0	6

[block]
# block no. 7 follows, 31 sequences, length 34
# corresponding to MSA columns:
# 275-308
name=unknown_H
#
# <colnr> <probs for GDERKNQSTAVLIFYWHMCP>
#	G	D	E	R	K	N	Q	S	T	A	V	L	I	F	Y	W	H	M	C	P
0	0.12365	0.12237	0.10531	0.05756	0.11477	0.03844	0.01487	0.27343	0.02101	0.04688	0.01348	0.01497	0.01015	0.00706	0.00610	0.00200	0.00777	0.00532	0.00478	0.01009
1	0.42445	0.08021	0.01578	0.01274	0.05046	0.05141	0.00988	0.15441	0.05006	0.03002	0.01537	0.01629	0.04918	0.00746	0.00533	0.00205	0.00629	0.00514	0.00481	0.00863
2	0.01706	0.01308	0.01641	0.01377	0.01715	0.01370	0.06869	0.31425	0.02213	0.02957	0.05645	0.23848	0.06006	0.05346	0.00921	0.00259	0.00636	0.03276	0.00625	0.00857
3	0.01492	0.05136	0.60482	0.01985	0.06340	0.01599	0.02333	0.02283	0.04795	0.05306	0.01364	0.01541	0.00974	0.00668	0.00650	0.00215	0.00952	0.00528	0.00336	0.01022
4	0.00850	0.00706	0.00750	0.00772	0.00993	0.00607	0.00601	0.01043	0.01562	0.01876	0.06468	0.06743	0.61975	0.01755	0.00828	0.00243	0.00386	0.10624	0.00635	0.00585
5	0.01225	0.01122	0.01839	0.53614	0.09029	0.01327	0.01645	0.01610	0.01381	0.01789	0.01897	0.14163	0.04659	0.00965	0.00720	0.00234	0.00794	0.00866	0.00376	0.00743
6	0.02371	0.02004	0.01911	0.01557	0.02036	0.12493	0.01250	0.43257	0.19717	0.03563	0.01840	0.01808	0.01351	0.00831	0.00677	0.00208	0.00771	0.00629	0.00638	0.01089
7	0.01553	0.03776	0.02132	0.01776	0.01809	0.05229	0.01480	0.01706	0.01097	0.01647	0.00907	0.01474	0.00897	0.01158	0.02121	0.00289	0.69310	0.00585	0.00301	0.00754
8	0.01288	0.01186	0.01974	0.55877	0.11924	0.01408	0.01769	0.01701	0.01396	0.01820	0.01578	0.08653	0.01412	0.00868	0.00714	0.00234	0.00840	0.04233	0.00355	0.00772
9	0.04791	0.14327	0.05743	0.07984	0.29163	0.15889	0.04644	0.05827	0.01664	0.02124	0.01190	0.01486	0.00977	0.00643	0.00622	0.00193	0.00900	0.00532	0.00351	0.00950
10	0.02017	0.01434	0.01661	0.05315	0.04376	0.01582	0.01162	0.08225	0.45907	0.16651	0.02550	0.02373	0.01846	0.00880	0.00692	0.00225	0.00594	0.00731	0.00692	0.01088
11	0.02418	0.09335	0.02167	0.01917	0.08396	0.54690	0.01378	0.08166	0.01963	0.01939	0.01118	0.01298	0.00923	0.00696	0.00613	0.00179	0.01112	0.00464	0.00374	0.00858
12	0.00995	0.00663	0.00746	0.00746	0.00746	0.00663	0.00415	0.00995	0.00995	0.01327	0.02156	0.04477	0.02487	0.75957	0.03482	0.00663	0.00663	0.00995	0.00415	0.00415
13	0.01293	0.00730	0.00770	0.00732	0.00920	0.00730	0.00557	0.05830	0.01626	0.02657	0.12398	0.03057	0.05749	0.00931	0.00555	0.00174	0.00348	0.00762	0.59512	0.00669
14	0.00956	0.00697	0.00887	0.00840	0.01000	0.00640	0.00623	0.01249	0.01857	0.02595	0.62238	0.05209	0.11967	0.05126	0.00940	0.00239	0.00342	0.01243	0.00726	0.00628
15	0.01419	0.01216	0.01419	0.01013	0.01621	0.00912	0.00811	0.01723	0.01419	0.02229	0.01216	0.01419	0.01013	0.00507	0.00507	0.00101	0.00507	0.00405	0.00405	0.80139
16	0.00950	0.00699	0.00889	0.00841	0.01011	0.00638	0.00631	0.01255	0.01893	0.02640	0.63853	0.05281	0.13995	0.01437	0.00807	0.00217	0.00326	0.01261	0.00739	0.00638
17	0.80789	0.01323	0.01006	0.00900	0.01323	0.01535	0.00741	0.02011	0.01164	0.03070	0.00953	0.01111	0.00741	0.00635	0.00423	0.00212	0.00529	0.00370	0.00423	0.00741
18	0.00947	0.00652	0.00772	0.00822	0.00851	0.00636	0.00509	0.01002	0.01133	0.01497	0.02890	0.23752	0.06516	0.49207	0.02538	0.00523	0.00575	0.04214	0.00494	0.00470
19	0.15592	0.03738	0.01589	0.08424	0.01960	0.09375	0.01099	0.13709	0.16981	0.05706	0.01870	0.06979	0.01560	0.03704	0.04565	0.00278	0.00757	0.00695	0.00534	0.00887
20	0.02193	0.01503	0.02003	0.15123	0.06195	0.01547	0.04858	0.25730	0.02172	0.18159	0.01702	0.01808	0.01201	0.00733	0.00666	0.00197	0.00734	0.00610	0.00574	0.12292
21	0.80789	0.01323	0.01006	0.00900	0.01323	0.01535	0.00741	0.02011	0.01164	0.03070	0.00953	0.01111	0.00741	0.00635	0.00423	0.00212	0.00529	0.00370	0.00423	0.00741
22	0.01360	0.03565	0.01703	0.07430	0.01831	0.01416	0.04618	0.07369	0.01398	0.02019	0.05255	0.02245	0.01586	0.02464	0.27133	0.00549	0.20188	0.00690	0.06448	0.00735
23	0.01419	0.01216	0.01419	0.01013	0.01621	0.00912	0.00811	0.01723	0.01419	0.02229	0.01216	0.01419	0.01013	0.00507	0.00507	0.00101	0.00507	0.00405	0.00405	0.80139
24	0.08411	0.03676	0.01582	0.01241	0.01666	0.01364	0.00998	0.22472	0.03727	0.28483	0.02352	0.14128	0.01941	0.03788	0.00792	0.00236	0.00605	0.00852	0.00694	0.00993
25	0.01388	0.01183	0.01386	0.01010	0.01588	0.00893	0.00801	0.01682	0.01413	0.02204	0.01351	0.05327	0.01199	0.00593	0.00526	0.00111	0.00501	0.00487	0.00417	0.75941
26	0.00909	0.00651	0.00854	0.00991	0.01054	0.00622	0.00683	0.03326	0.01390	0.01851	0.03690	0.69315	0.04378	0.02084	0.00871	0.00277	0.00422	0.05416	0.00636	0.00581
27	0.80789	0.01323	0.01006	0.00900	0.01323	0.01535	0.00741	0.02011	0.01164	0.03070	0.00953	0.01111	0.00741	0.00635	0.00423	0.00212	0.00529	0.00370	0.00423	0.00741
28	0.00830	0.00608	0.00781	0.00919	0.00983	0.00559	0.00620	0.00956	0.01342	0.01760	0.04184	0.66502	0.13266	0.02090	0.00865	0.00272	0.00390	0.01879	0.00635	0.00559
29	0.02551	0.01892	0.02025	0.01564	0.02103	0.02098	0.01288	0.65758	0.06948	0.04231	0.01706	0.01693	0.01215	0.00827	0.00685	0.00207	0.00741	0.00625	0.00685	0.01159
30	0.01252	0.00878	0.01016	0.00945	0.01070	0.00926	0.00649	0.12318	0.01426	0.01940	0.02251	0.07138	0.04413	0.43453	0.14160	0.00610	0.00835	0.00937	0.03191	0.00590
31	0.15252	0.01691	0.02022	0.01569	0.02078	0.01828	0.09544	0.42852	0.02503	0.06160	0.01683	0.06700	0.01330	0.00852	0.00670	0.00215	0.00735	0.00693	0.00602	0.01022
32	0.04300	0.01495	0.01524	0.01211	0.01716	0.07074	0.00961	0.10913	0.15662	0.06054	0.01948	0.01976	0.05065	0.00735	0.00599	0.00163	0.00600	0.00579	0.00530	0.36894
33	0.05875	0.72523	0.03453	0.01157	0.01734	0.02647	0.01149	0.02047	0.01379	0.01684	0.00951	0.01098	0.00871	0.00588	0.00438	0.00150	0.00721	0.00366	0.00299	0.00871

[dist]
# distance from previous block
# <min> <max>
0	2

[block]
# block no. 8 follows, 31 sequences, length 23
# corresponding to MSA columns:
# 311-333
name=unknown_I
#
# <colnr> <probs for GDERKNQSTAVLIFYWHMCP>
#	G	D	E	R	K	N	Q	S	T	A	V	L	I	F	Y	W	H	M	C	P
0	0.67945	0.10327	0.04434	0.00978	0.01446	0.01676	0.00870	0.02022	0.01203	0.02857	0.00964	0.01124	0.00763	0.00630	0.00435	0.00204	0.00574	0.00376	0.00402	0.00769
1	0.02354	0.01771	0.01973	0.01674	0.06386	0.01953	0.01282	0.55154	0.07725	0.03854	0.01730	0.01869	0.01300	0.04190	0.03362	0.00258	0.00776	0.00647	0.00641	0.01101
2	0.00998	0.00716	0.00913	0.00953	0.01111	0.00661	0.00742	0.01167	0.01492	0.01953	0.14528	0.13955	0.21402	0.01818	0.01108	0.11592	0.00472	0.20155	0.00595	0.03668
3	0.02556	0.03261	0.01939	0.01763	0.02115	0.73210	0.01322	0.02732	0.01939	0.01674	0.01058	0.01234	0.00881	0.00705	0.00617	0.00176	0.01234	0.00441	0.00353	0.00793
4	0.00984	0.00665	0.00743	0.00743	0.00756	0.00658	0.00421	0.00994	0.01027	0.01357	0.02430	0.04598	0.06452	0.71686	0.03328	0.00638	0.00645	0.01021	0.00427	0.00424
5	0.02962	0.01336	0.01694	0.01299	0.01832	0.01261	0.01073	0.18456	0.02246	0.56634	0.02457	0.02172	0.01572	0.00841	0.00687	0.00210	0.00621	0.00672	0.00810	0.01164
6	0.00888	0.00655	0.00766	0.00809	0.00908	0.00603	0.00542	0.01015	0.01373	0.01784	0.12645	0.27078	0.23638	0.22347	0.01568	0.00363	0.00447	0.01449	0.00589	0.00534
7	0.00993	0.00670	0.00779	0.00779	0.00790	0.00681	0.00455	0.01016	0.01005	0.01351	0.02126	0.04311	0.02415	0.69377	0.09963	0.00704	0.00772	0.00971	0.00410	0.00433
8	0.02601	0.01916	0.02053	0.01574	0.02122	0.02122	0.01300	0.69408	0.03217	0.04312	0.01643	0.01643	0.01163	0.00821	0.00684	0.00205	0.00753	0.00616	0.00684	0.01163
9	0.01369	0.01263	0.02054	0.67927	0.04473	0.01572	0.01854	0.05369	0.01456	0.01882	0.01228	0.01803	0.00925	0.00709	0.00738	0.00229	0.03436	0.00608	0.00324	0.00781
10	0.02353	0.02590	0.01965	0.04876	0.02178	0.42913	0.01348	0.17494	0.05775	0.02326	0.01271	0.01449	0.01012	0.00794	0.00810	0.00201	0.08801	0.00522	0.00437	0.00885
11	0.02931	0.01255	0.01631	0.01256	0.01775	0.01152	0.01035	0.12645	0.02136	0.60138	0.04913	0.02327	0.01782	0.00862	0.00692	0.00211	0.00597	0.00697	0.00820	0.01146
12	0.04584	0.02413	0.34079	0.06204	0.23306	0.01576	0.03822	0.02212	0.07662	0.02239	0.01404	0.01688	0.01079	0.00854	0.03773	0.00253	0.00925	0.00578	0.00351	0.00996
13	0.23057	0.01762	0.01745	0.05380	0.02032	0.06279	0.01171	0.40085	0.02425	0.07585	0.01463	0.01527	0.01052	0.00759	0.00612	0.00207	0.00723	0.00544	0.00584	0.01008
14	0.00935	0.00681	0.00880	0.00866	0.01011	0.00626	0.00636	0.01213	0.01804	0.02515	0.55593	0.17376	0.10211	0.01548	0.00818	0.00227	0.00337	0.01373	0.00725	0.00626
15	0.01029	0.00712	0.00913	0.00856	0.01023	0.00655	0.00636	0.01321	0.01857	0.04842	0.61216	0.05062	0.09628	0.06093	0.00972	0.00244	0.00354	0.01216	0.00728	0.00644
16	0.00834	0.00595	0.00794	0.00953	0.00992	0.00556	0.00635	0.00953	0.01310	0.01746	0.03771	0.75510	0.04525	0.02143	0.00873	0.00278	0.00397	0.01945	0.00635	0.00556
17	0.01275	0.00638	0.00638	0.00638	0.00797	0.00638	0.00478	0.01594	0.01435	0.02551	0.02232	0.02551	0.01754	0.00797	0.00478	0.00159	0.00319	0.00638	0.79755	0.00638
18	0.00834	0.00595	0.00794	0.00953	0.00992	0.00556	0.00635	0.00953	0.01310	0.01746	0.03771	0.75510	0.04525	0.02143	0.00873	0.00278	0.00397	0.01945	0.00635	0.00556
19	0.00979	0.00725	0.01058	0.01058	0.01166	0.00833	0.00803	0.01195	0.01087	0.01557	0.01871	0.02899	0.01802	0.13490	0.65012	0.01048	0.01695	0.00764	0.00372	0.00588
20	0.01896	0.65216	0.07201	0.01247	0.01841	0.06349	0.01246	0.02147	0.01447	0.04670	0.01047	0.01177	0.00912	0.00606	0.00471	0.00155	0.00768	0.00391	0.00319	0.00893
21	0.04948	0.60683	0.06949	0.01261	0.01835	0.08722	0.01237	0.02166	0.03722	0.01744	0.01036	0.01177	0.00912	0.00613	0.00474	0.00158	0.00776	0.00394	0.00316	0.00879
22	0.01862	0.06609	0.01838	0.01644	0.09326	0.08255	0.01183	0.20721	0.18022	0.02830	0.06396	0.04271	0.08838	0.00970	0.00690	0.00210	0.00671	0.02373	0.00583	0.02707

[dist]
# distance from previous block
# <min> <max>
1	4

[block]
# block no. 9 follows, 31 sequences, length 27
# corresponding to MSA columns:
# 338-364
name=unknown_J
#
# <colnr> <probs for GDERKNQSTAVLIFYWHMCP>
#	G	D	E	R	K	N	Q	S	T	A	V	L	I	F	Y	W	H	M	C	P
0	0.01671	0.22796	0.43121	0.01725	0.02537	0.07978	0.04008	0.02231	0.01498	0.04804	0.01204	0.01382	0.00909	0.00643	0.00597	0.00195	0.00942	0.00479	0.00320	0.00961
1	0.01630	0.01829	0.10097	0.07999	0.53515	0.04799	0.02026	0.02057	0.01539	0.02148	0.01389	0.05312	0.01211	0.00699	0.00682	0.00209	0.00839	0.00657	0.00346	0.01017
2	0.01419	0.01216	0.01419	0.01013	0.01621	0.00912	0.00811	0.01723	0.01419	0.02229	0.01216	0.01419	0.01013	0.00507	0.00507	0.00101	0.00507	0.00405	0.00405	0.80139
3	0.02819	0.01272	0.01621	0.01271	0.01773	0.01198	0.01039	0.13032	0.06584	0.54716	0.02592	0.05244	0.01757	0.00901	0.00696	0.00215	0.00597	0.00734	0.00804	0.01134
4	0.00834	0.00595	0.00794	0.00953	0.00992	0.00556	0.00635	0.00953	0.01310	0.01746	0.03771	0.75510	0.04525	0.02143	0.00873	0.00278	0.00397	0.01945	0.00635	0.00556
5	0.01372	0.03539	0.72412	0.01950	0.02961	0.01589	0.02528	0.02167	0.01444	0.02167	0.01228	0.01444	0.00867	0.00650	0.00650	0.00217	0.01011	0.00506	0.00289	0.01011
6	0.00844	0.00642	0.00767	0.00845	0.00960	0.00576	0.00586	0.00994	0.01436	0.01848	0.10568	0.42172	0.28003	0.05273	0.00963	0.00274	0.00385	0.01666	0.00635	0.00565
7	0.01803	0.72146	0.07576	0.01216	0.01826	0.02642	0.01249	0.02055	0.01393	0.01642	0.00967	0.01118	0.00877	0.00589	0.00451	0.00150	0.00748	0.00374	0.00292	0.00886
8	0.00834	0.00595	0.00794	0.00953	0.00992	0.00556	0.00635	0.00953	0.01310	0.01746	0.03771	0.75510	0.04525	0.02143	0.00873	0.00278	0.00397	0.01945	0.00635	0.00556
9	0.01829	0.76368	0.03585	0.01171	0.01756	0.02707	0.01171	0.02049	0.01390	0.01610	0.00951	0.01097	0.00878	0.00585	0.00439	0.00146	0.00732	0.00366	0.00293	0.00878
10	0.01487	0.01257	0.01455	0.01046	0.01650	0.00982	0.00839	0.05647	0.01523	0.02350	0.01241	0.01432	0.01022	0.00525	0.00517	0.00107	0.00521	0.00418	0.00422	0.75560
11	0.00979	0.00727	0.01070	0.01070	0.01182	0.00839	0.00819	0.01203	0.01091	0.01567	0.01859	0.02836	0.01775	0.10990	0.67474	0.01063	0.01736	0.00755	0.00370	0.00595
12	0.00980	0.00732	0.00916	0.00877	0.01057	0.00682	0.00667	0.01341	0.04417	0.02585	0.56189	0.05357	0.15381	0.01454	0.00810	0.00223	0.00350	0.04603	0.00728	0.00651
13	0.02503	0.03173	0.01947	0.01764	0.02099	0.69685	0.01331	0.02678	0.01895	0.01673	0.01050	0.01247	0.00882	0.00729	0.00698	0.00182	0.04875	0.00448	0.00350	0.00791
14	0.01307	0.01244	0.02141	0.71096	0.04661	0.01529	0.04931	0.01768	0.01379	0.01768	0.01224	0.01825	0.00918	0.00679	0.00690	0.00228	0.00923	0.00617	0.00306	0.00767
15	0.02287	0.01760	0.01877	0.01511	0.02002	0.01975	0.01224	0.46457	0.26678	0.03806	0.02041	0.01960	0.01486	0.00859	0.00688	0.00215	0.00679	0.00671	0.00688	0.01135
16	0.80789	0.01323	0.01006	0.00900	0.01323	0.01535	0.00741	0.02011	0.01164	0.03070	0.00953	0.01111	0.00741	0.00635	0.00423	0.00212	0.00529	0.00370	0.00423	0.00741
17	0.01882	0.71063	0.03466	0.01214	0.01782	0.07823	0.01182	0.02098	0.01430	0.01614	0.00959	0.01107	0.00878	0.00594	0.00452	0.00148	0.00768	0.00371	0.00297	0.00872
18	0.00869	0.00703	0.00777	0.00779	0.00988	0.00611	0.00597	0.01088	0.01645	0.02064	0.20970	0.06353	0.51207	0.01672	0.00820	0.00235	0.00365	0.06999	0.00661	0.00597
19	0.01188	0.00594	0.00891	0.00891	0.00891	0.00594	0.00594	0.00891	0.00891	0.01188	0.01188	0.02080	0.01188	0.02377	0.02674	0.80095	0.00594	0.00594	0.00297	0.00297
20	0.01497	0.01497	0.02095	0.01796	0.01796	0.02095	0.01497	0.01646	0.01048	0.01646	0.00898	0.01497	0.00898	0.01197	0.02245	0.00299	0.74704	0.00599	0.00299	0.00748
21	0.02541	0.01049	0.01409	0.01120	0.01562	0.00913	0.00910	0.02812	0.01932	0.54944	0.16099	0.03098	0.06475	0.01002	0.00717	0.00213	0.00519	0.00835	0.00817	0.01032
22	0.02706	0.01747	0.01948	0.01494	0.02037	0.01870	0.01234	0.54509	0.02933	0.19611	0.01881	0.01797	0.01283	0.00827	0.00685	0.00207	0.00714	0.00632	0.00721	0.01164
23	0.00919	0.00661	0.00808	0.00872	0.00955	0.00623	0.00600	0.01053	0.01352	0.01781	0.11338	0.29552	0.14378	0.23568	0.01626	0.00380	0.00482	0.07933	0.00583	0.00535
24	0.04120	0.33589	0.38832	0.01587	0.02376	0.04942	0.01861	0.02136	0.01433	0.01945	0.01098	0.01282	0.00868	0.00625	0.00554	0.00186	0.00889	0.00441	0.00297	0.00939
25	0.16007	0.01693	0.01618	0.01449	0.05916	0.09745	0.01089	0.32472	0.02257	0.03319	0.01551	0.01687	0.01170	0.00758	0.00589	0.00194	0.00685	0.00557	0.16304	0.00938
26	0.02328	0.04712	0.01667	0.01268	0.01719	0.01397	0.01034	0.18229	0.13722	0.30196	0.13748	0.02613	0.02389	0.00934	0.00697	0.00211	0.00579	0.00762	0.00743	0.01052

[dist]
# distance from previous block
# <min> <max>
0	1

[block]
# block no. 10 follows, 31 sequences, length 14
# corresponding to MSA columns:
# 366-379
name=unknown_K
#
# <colnr> <probs for GDERKNQSTAVLIFYWHMCP>
#	G	D	E	R	K	N	Q	S	T	A	V	L	I	F	Y	W	H	M	C	P
0	0.09109	0.01153	0.08050	0.03387	0.05881	0.00994	0.01008	0.06393	0.01382	0.02036	0.02233	0.15137	0.06651	0.01576	0.01287	0.23734	0.00602	0.04644	0.04107	0.00636
1	0.03992	0.08205	0.01796	0.01357	0.01816	0.16822	0.01080	0.10384	0.21866	0.02493	0.01734	0.03852	0.01400	0.00766	0.00609	0.00179	0.00717	0.00585	0.00509	0.19837
2	0.01034	0.00710	0.00844	0.00839	0.00877	0.00732	0.00523	0.03281	0.01105	0.01492	0.02202	0.08977	0.02470	0.58139	0.13353	0.00685	0.00818	0.01009	0.00432	0.00477
3	0.01194	0.01175	0.08175	0.01500	0.11385	0.00966	0.01077	0.04667	0.03694	0.02598	0.43190	0.10547	0.04604	0.01243	0.00771	0.00219	0.00492	0.01101	0.00633	0.00771
4	0.02193	0.01703	0.01981	0.17084	0.02626	0.01933	0.01397	0.45549	0.12438	0.03557	0.01715	0.01811	0.01242	0.00807	0.00686	0.00214	0.00757	0.00637	0.00605	0.01066
5	0.00977	0.00733	0.01100	0.01100	0.01222	0.00855	0.00855	0.01222	0.01100	0.01588	0.01833	0.02688	0.01710	0.05131	0.73245	0.01100	0.01833	0.00733	0.00367	0.00611
6	0.73250	0.01308	0.01062	0.00930	0.01364	0.01483	0.00767	0.02139	0.01241	0.09772	0.01122	0.01229	0.00833	0.00656	0.00449	0.00212	0.00534	0.00401	0.00464	0.00782
7	0.00980	0.00724	0.01052	0.01052	0.01158	0.00829	0.00796	0.01191	0.01085	0.01553	0.01876	0.02928	0.01815	0.14654	0.63865	0.01041	0.01675	0.00768	0.00373	0.00584
8	0.01349	0.01290	0.02228	0.63516	0.11420	0.01542	0.05419	0.01807	0.01400	0.01820	0.01232	0.01812	0.00936	0.00671	0.00690	0.00226	0.00915	0.00619	0.00310	0.00801
9	0.01189	0.00642	0.00663	0.00671	0.00808	0.00633	0.00480	0.01447	0.01377	0.02307	0.02568	0.06782	0.05958	0.10858	0.00915	0.00236	0.00370	0.00798	0.60695	0.00601
10	0.05604	0.01526	0.04386	0.23051	0.39868	0.01559	0.06526	0.01975	0.01487	0.02130	0.01363	0.01981	0.01141	0.00689	0.00687	0.00218	0.00846	0.03675	0.00346	0.00943
11	0.47029	0.01677	0.10579	0.01149	0.01646	0.05502	0.01057	0.04161	0.01471	0.12665	0.06174	0.01629	0.01311	0.00730	0.00536	0.00210	0.00632	0.00505	0.00492	0.00845
12	0.16280	0.01457	0.01596	0.01524	0.08455	0.06603	0.01101	0.11649	0.07729	0.23889	0.02172	0.05962	0.03496	0.00990	0.02219	0.00235	0.00674	0.02377	0.00618	0.00974
13	0.06214	0.01365	0.01502	0.02895	0.05275	0.04908	0.01049	0.12386	0.19684	0.07255	0.11669	0.07613	0.07478	0.02837	0.00853	0.00236	0.04390	0.00877	0.00617	0.00897

[dist]
# distance from previous block
# <min> <max>
3	13

[block]
# block no. 11 follows, 31 sequences, length 15
# corresponding to MSA columns:
# 393-407
name=unknown_L
#
# <colnr> <probs for GDERKNQSTAVLIFYWHMCP>
#	G	D	E	R	K	N	Q	S	T	A	V	L	I	F	Y	W	H	M	C	P
0	0.14500	0.01599	0.12359	0.01392	0.04368	0.01320	0.01225	0.11642	0.05093	0.21756	0.11351	0.04628	0.02133	0.00918	0.00669	0.00218	0.00631	0.02617	0.00621	0.00963
1	0.08013	0.05519	0.41820	0.01785	0.02539	0.05413	0.05152	0.07731	0.01600	0.06533	0.01291	0.01486	0.00942	0.00714	0.00758	0.00217	0.06615	0.00528	0.00373	0.00971
2	0.01398	0.01275	0.03532	0.18162	0.04354	0.03506	0.03168	0.05681	0.04021	0.02107	0.01903	0.14855	0.01820	0.01061	0.00904	0.00226	0.10924	0.03392	0.08853	0.08857
3	0.00969	0.00744	0.00892	0.00847	0.01041	0.00690	0.00637	0.01347	0.05948	0.02505	0.49570	0.05361	0.23988	0.01462	0.00801	0.00221	0.00342	0.01266	0.00717	0.00653
4	0.01009	0.00701	0.00923	0.00964	0.01071	0.00677	0.00690	0.01200	0.01527	0.05371	0.23809	0.44084	0.08280	0.01795	0.00906	0.00255	0.03867	0.01586	0.00664	0.00621
5	0.00873	0.00634	0.00834	0.00948	0.01026	0.00580	0.00645	0.01018	0.01367	0.01852	0.09192	0.66106	0.04512	0.02002	0.00850	0.00264	0.00396	0.01812	0.00634	0.04456
6	0.01829	0.76368	0.03585	0.01171	0.01756	0.02707	0.01171	0.02049	0.01390	0.01610	0.00951	0.01097	0.00878	0.00585	0.00439	0.00146	0.00732	0.00366	0.00293	0.00878
7	0.01419	0.01216	0.01419	0.01013	0.01621	0.00912	0.00811	0.01723	0.01419	0.02229	0.01216	0.01419	0.01013	0.00507	0.00507	0.00101	0.00507	0.00405	0.00405	0.80139
8	0.00977	0.00733	0.01100	0.01100	0.01222	0.00855	0.00855	0.01222	0.01100	0.01588	0.01833	0.02688	0.01710	0.05131	0.73245	0.01100	0.01833	0.00733	0.00367	0.00611
9	0.03035	0.01219	0.01621	0.01243	0.01774	0.01087	0.01027	0.08128	0.02049	0.67240	0.02622	0.02279	0.01655	0.00845	0.00688	0.00211	0.00595	0.00683	0.00835	0.01164
10	0.01632	0.01542	0.02503	0.14653	0.52164	0.01619	0.01935	0.02247	0.10581	0.02242	0.01473	0.01826	0.01189	0.00663	0.00681	0.00211	0.00792	0.00631	0.00380	0.01034
11	0.00886	0.00686	0.00807	0.00798	0.00977	0.00607	0.00590	0.01125	0.01713	0.02260	0.36983	0.12715	0.34159	0.01616	0.00814	0.00228	0.00340	0.01396	0.00691	0.00607
12	0.00841	0.00686	0.00744	0.00746	0.00948	0.00589	0.00553	0.01038	0.01611	0.02011	0.18970	0.11961	0.53515	0.01703	0.00814	0.00232	0.00346	0.01446	0.00658	0.00589
13	0.27057	0.07232	0.07108	0.19546	0.02392	0.01449	0.01263	0.02090	0.01447	0.13247	0.05433	0.02127	0.01466	0.00796	0.00602	0.00217	0.00681	0.04545	0.00470	0.00831
14	0.01984	0.02209	0.09751	0.04235	0.22692	0.18841	0.01642	0.15246	0.01916	0.02449	0.01290	0.01548	0.01029	0.00811	0.02660	0.00218	0.03047	0.00545	0.00408	0.07481

[dist]
# distance from previous block
# <min> <max>
1	15

[block]
# block no. 12 follows, 31 sequences, length 78
# corresponding to MSA columns:
# 423-500
name=unknown_M
#
# <colnr> <probs for GDERKNQSTAVLIFYWHMCP>
#	G	D	E	R	K	N	Q	S	T	A	V	L	I	F	Y	W	H	M	C	P
0	0.01266	0.05307	0.01328	0.03818	0.01399	0.09816	0.00891	0.01453	0.01225	0.01600	0.01770	0.05399	0.01753	0.17786	0.34554	0.00706	0.05100	0.00759	0.03452	0.00621
1	0.00850	0.00625	0.00838	0.03807	0.01134	0.00595	0.00678	0.00985	0.01325	0.01752	0.03839	0.68970	0.07934	0.02065	0.00862	0.00273	0.00414	0.01866	0.00622	0.00565
2	0.80789	0.01323	0.01006	0.00900	0.01323	0.01535	0.00741	0.02011	0.01164	0.03070	0.00953	0.01111	0.00741	0.00635	0.00423	0.00212	0.00529	0.00370	0.00423	0.00741
3	0.01475	0.01983	0.23812	0.24574	0.03112	0.01491	0.06947	0.11102	0.01620	0.02217	0.01492	0.06785	0.01254	0.03229	0.00906	0.05198	0.00877	0.00695	0.00380	0.00852
4	0.00831	0.00607	0.00782	0.00922	0.00984	0.00558	0.00622	0.00956	0.01339	0.01758	0.04143	0.67396	0.12398	0.02095	0.00866	0.00272	0.00391	0.01886	0.00635	0.00558
5	0.01439	0.01009	0.01375	0.09852	0.05885	0.01063	0.06249	0.07893	0.04282	0.02493	0.01994	0.04336	0.01631	0.04896	0.00742	0.00213	0.00553	0.00704	0.42639	0.00752
6	0.01613	0.05967	0.09532	0.05753	0.48101	0.04366	0.03773	0.02022	0.01535	0.02116	0.01575	0.05537	0.03642	0.00734	0.00677	0.00207	0.00820	0.00681	0.00356	0.00994
7	0.01495	0.05334	0.50443	0.01827	0.02650	0.07616	0.05674	0.03930	0.03413	0.02186	0.04009	0.01886	0.05057	0.00747	0.00665	0.00213	0.00948	0.00600	0.00354	0.00953
8	0.01536	0.01286	0.01482	0.01069	0.01671	0.01032	0.00859	0.08460	0.01598	0.02437	0.01258	0.01441	0.01028	0.00538	0.00524	0.00112	0.00531	0.00426	0.00433	0.72278
9	0.15480	0.03829	0.01622	0.01250	0.01733	0.04415	0.01025	0.14331	0.08338	0.34989	0.04678	0.02050	0.01600	0.00821	0.00638	0.00209	0.00621	0.00631	0.00694	0.01043
10	0.00992	0.00675	0.00804	0.00804	0.00824	0.00695	0.00487	0.01032	0.01012	0.01369	0.02103	0.04183	0.02360	0.64331	0.14933	0.00735	0.00855	0.00952	0.00407	0.00447
11	0.01825	0.68824	0.08115	0.01244	0.01849	0.05224	0.01267	0.02082	0.01414	0.01649	0.00973	0.01126	0.00877	0.00594	0.00460	0.00152	0.00769	0.00378	0.00295	0.00884
12	0.01188	0.00594	0.00891	0.00891	0.00891	0.00594	0.00594	0.00891	0.00891	0.01188	0.01188	0.02080	0.01188	0.02377	0.02674	0.80095	0.00594	0.00594	0.00297	0.00297
13	0.30438	0.07072	0.01752	0.01294	0.01786	0.04522	0.01075	0.33609	0.05091	0.05239	0.01400	0.01454	0.01034	0.00739	0.00572	0.00204	0.00676	0.00512	0.00555	0.00975
14	0.45263	0.22265	0.07312	0.03313	0.01724	0.04085	0.01070	0.04501	0.01353	0.02560	0.01010	0.01178	0.00813	0.00633	0.00468	0.00193	0.00663	0.00398	0.00381	0.00817
15	0.01757	0.64955	0.14371	0.01293	0.01945	0.02532	0.01383	0.02067	0.01399	0.01697	0.00994	0.01152	0.00876	0.00595	0.00472	0.00157	0.00775	0.00388	0.00292	0.00899
16	0.01169	0.00826	0.01013	0.00928	0.01131	0.00799	0.00701	0.07736	0.01883	0.04856	0.43726	0.06622	0.13750	0.06243	0.05298	0.00299	0.00489	0.01162	0.00687	0.00684
17	0.01579	0.01397	0.01980	0.27091	0.02867	0.01650	0.03750	0.12881	0.01599	0.02240	0.01253	0.01699	0.01013	0.00949	0.03261	0.00250	0.19949	0.00590	0.02336	0.11664
18	0.01382	0.01177	0.01379	0.01009	0.01582	0.00889	0.00800	0.01674	0.01412	0.02199	0.01377	0.06098	0.01235	0.00610	0.00530	0.00112	0.00500	0.00503	0.00420	0.75112
19	0.06620	0.08887	0.01857	0.01475	0.01838	0.39097	0.01147	0.13321	0.01937	0.02211	0.01377	0.04316	0.01200	0.04085	0.03394	0.00238	0.00990	0.00560	0.04634	0.00819
20	0.00832	0.00621	0.00768	0.00884	0.00969	0.00564	0.00601	0.00961	0.01361	0.01760	0.04488	0.56973	0.20584	0.04052	0.00929	0.00277	0.00392	0.01798	0.00629	0.00557
