[name]
unknown

[dist]
# distance from previous block
# <min> <max>
0	27

[block]
# block no. 0 follows, 30 sequences, length 11
# corresponding to MSA columns:
# 28-38
name=unknown_A
#
# <colnr> <probs for GDERKNQSTAVLIFYWHMCP>
#	G	D	E	R	K	N	Q	S	T	A	V	L	I	F	Y	W	H	M	C	P
0	0.12597	0.01674	0.08225	0.01359	0.01813	0.08135	0.03979	0.14565	0.01941	0.08990	0.06698	0.03311	0.12399	0.01072	0.00711	0.00226	0.00701	0.08420	0.00575	0.02608
1	0.13479	0.06009	0.15787	0.01569	0.04922	0.05943	0.01411	0.20119	0.04627	0.07775	0.06030	0.06017	0.01640	0.00867	0.00654	0.00214	0.00749	0.00674	0.00535	0.00979
2	0.04547	0.01833	0.05201	0.03955	0.02203	0.06051	0.05225	0.28122	0.08706	0.13247	0.01744	0.01808	0.01262	0.00831	0.00834	0.00218	0.07717	0.00629	0.00592	0.05275
3	0.09138	0.17322	0.02121	0.01396	0.01767	0.06024	0.07740	0.09593	0.01605	0.02223	0.04476	0.02426	0.01646	0.06308	0.16662	0.00436	0.03291	0.04598	0.00432	0.00798
4	0.08667	0.01626	0.01784	0.15208	0.02363	0.07652	0.01287	0.23837	0.02014	0.02762	0.01895	0.02177	0.07723	0.03459	0.00970	0.00237	0.10026	0.00670	0.00494	0.05149
5	0.01811	0.07067	0.01595	0.01321	0.03920	0.08047	0.01009	0.14649	0.01976	0.10992	0.13115	0.12205	0.07478	0.01300	0.00866	0.05012	0.00633	0.05554	0.00617	0.00834
6	0.52551	0.01432	0.05504	0.06598	0.05698	0.01477	0.01042	0.04481	0.01366	0.02849	0.03983	0.07631	0.01362	0.00817	0.00544	0.00223	0.00604	0.00597	0.00451	0.00791
7	0.00935	0.00708	0.00848	0.00846	0.01007	0.00633	0.00604	0.01141	0.01606	0.02148	0.27986	0.20904	0.23586	0.09007	0.01096	0.00278	0.00396	0.01418	0.00657	0.04195
8	0.01910	0.55783	0.12510	0.01387	0.02008	0.12699	0.01401	0.02206	0.01506	0.01727	0.01023	0.01187	0.00894	0.00623	0.00503	0.00163	0.00858	0.00403	0.00307	0.00901
9	0.01612	0.15522	0.50441	0.01812	0.02676	0.08876	0.02160	0.02314	0.04551	0.02097	0.01259	0.01443	0.00943	0.00670	0.00626	0.00206	0.00985	0.00497	0.00320	0.00990
10	0.10206	0.02111	0.13781	0.01572	0.02196	0.01917	0.01457	0.45373	0.02658	0.09551	0.01624	0.01646	0.01138	0.00791	0.00666	0.00213	0.00775	0.00590	0.00617	0.01118

[dist]
# distance from previous block
# <min> <max>
0	1

[block]
# block no. 1 follows, 30 sequences, length 23
# corresponding to MSA columns:
# 40-62
name=unknown_B
#
# <colnr> <probs for GDERKNQSTAVLIFYWHMCP>
#	G	D	E	R	K	N	Q	S	T	A	V	L	I	F	Y	W	H	M	C	P
0	0.01375	0.01233	0.02038	0.60437	0.08940	0.01491	0.01816	0.03664	0.01420	0.01842	0.01255	0.01869	0.00975	0.00850	0.00878	0.07317	0.00890	0.00619	0.00323	0.00768
1	0.01657	0.01274	0.01518	0.01188	0.01638	0.01207	0.00954	0.11711	0.04916	0.06944	0.15287	0.02347	0.02244	0.00849	0.00782	0.00173	0.07073	0.00666	0.00558	0.37014
2	0.00943	0.00733	0.01065	0.15478	0.01768	0.00763	0.00905	0.01133	0.01348	0.01782	0.03327	0.60448	0.03881	0.01890	0.00852	0.00273	0.00510	0.01712	0.00581	0.00608
3	0.01438	0.01712	0.15472	0.01224	0.01926	0.01068	0.01176	0.01847	0.01452	0.02261	0.01243	0.01452	0.01004	0.00546	0.00546	0.00127	0.00619	0.00434	0.00390	0.64064
4	0.01791	0.01262	0.01439	0.01175	0.01535	0.01283	0.00909	0.25844	0.02023	0.06716	0.03556	0.02789	0.06387	0.16199	0.07768	0.04139	0.00754	0.00756	0.00559	0.13116
5	0.00941	0.00622	0.00846	0.00946	0.00996	0.00587	0.00641	0.01007	0.01339	0.01808	0.12545	0.50876	0.04209	0.02129	0.01247	0.16093	0.00435	0.01610	0.00596	0.00527
6	0.01070	0.00741	0.01081	0.01069	0.01158	0.00848	0.00804	0.01193	0.01081	0.01554	0.01735	0.02680	0.01658	0.08722	0.49659	0.16685	0.04221	0.00728	0.02759	0.00553
7	0.01056	0.00772	0.00910	0.00946	0.01069	0.00750	0.00661	0.07060	0.01504	0.01958	0.03929	0.36092	0.17018	0.17896	0.01442	0.00355	0.00498	0.04882	0.00603	0.00599
8	0.03434	0.01209	0.01405	0.01160	0.01611	0.01150	0.00932	0.06348	0.16772	0.21756	0.03192	0.03214	0.14103	0.01019	0.00696	0.00206	0.00538	0.03907	0.00673	0.16675
9	0.00966	0.00672	0.00846	0.00890	0.00926	0.00686	0.00574	0.01049	0.01123	0.01523	0.02581	0.23364	0.02944	0.41552	0.16604	0.00658	0.00840	0.01225	0.00474	0.00502
10	0.01398	0.01089	0.01395	0.15655	0.02096	0.01207	0.01099	0.06112	0.19866	0.04926	0.02814	0.27657	0.02786	0.04172	0.00889	0.00270	0.00601	0.04555	0.00600	0.00813
11	0.01648	0.01205	0.01320	0.01155	0.01470	0.01260	0.00898	0.24709	0.07846	0.04641	0.03517	0.12214	0.18534	0.08787	0.01045	0.00278	0.00572	0.04445	0.03617	0.00840
12	0.16688	0.00833	0.00774	0.00752	0.01012	0.00789	0.00568	0.01211	0.01475	0.02100	0.05554	0.05471	0.52666	0.06091	0.00915	0.00259	0.00411	0.01226	0.00591	0.00612
13	0.01233	0.00732	0.01145	0.15428	0.01685	0.00794	0.00871	0.01083	0.01006	0.01326	0.01218	0.02069	0.01156	0.02080	0.02323	0.63869	0.00671	0.00609	0.00304	0.00397
14	0.01173	0.00853	0.00948	0.00904	0.01049	0.00847	0.00617	0.10543	0.01547	0.02014	0.05345	0.15933	0.19012	0.33829	0.02006	0.00431	0.00560	0.01230	0.00560	0.00599
15	0.00949	0.00681	0.00850	0.00860	0.00968	0.00636	0.00596	0.01148	0.01595	0.02186	0.35783	0.21054	0.10651	0.17244	0.01414	0.00332	0.00422	0.01391	0.00658	0.00582
16	0.02507	0.01841	0.01975	0.01530	0.02039	0.02031	0.01246	0.62751	0.03079	0.04126	0.01722	0.01933	0.01307	0.07494	0.00953	0.00251	0.00760	0.00663	0.00674	0.01119
17	0.02720	0.01127	0.01504	0.01194	0.01655	0.01002	0.00965	0.05726	0.01978	0.56384	0.08668	0.07140	0.02330	0.03257	0.00810	0.00234	0.00569	0.00836	0.00822	0.01080
18	0.01622	0.01032	0.01107	0.00968	0.01228	0.01086	0.00747	0.20895	0.01995	0.03010	0.08331	0.05737	0.02221	0.06490	0.00824	0.00225	0.00483	0.00782	0.40432	0.00785
19	0.02346	0.01693	0.01814	0.01425	0.01884	0.01860	0.01149	0.55120	0.02862	0.03892	0.01788	0.02086	0.01394	0.09298	0.01003	0.00258	0.00718	0.00674	0.07681	0.01052
20	0.01173	0.00620	0.00880	0.00880	0.00880	0.00620	0.00570	0.00930	0.00930	0.01240	0.01409	0.02608	0.01476	0.16975	0.02892	0.63957	0.00620	0.00687	0.00327	0.00327
21	0.01698	0.01230	0.01319	0.01187	0.01534	0.01351	0.00923	0.03023	0.43809	0.09180	0.03097	0.02949	0.08152	0.00986	0.00675	0.00220	0.00493	0.00814	0.16383	0.00976
22	0.01003	0.00706	0.00845	0.00832	0.00962	0.00653	0.00580	0.01186	0.01557	0.03683	0.29264	0.10916	0.18469	0.23132	0.01624	0.00363	0.00454	0.02558	0.00633	0.00580

[dist]
# distance from previous block
# <min> <max>
0	18

[block]
# block no. 2 follows, 30 sequences, length 9
# corresponding to MSA columns:
# 81-89
name=unknown_C
#
# <colnr> <probs for GDERKNQSTAVLIFYWHMCP>
#	G	D	E	R	K	N	Q	S	T	A	V	L	I	F	Y	W	H	M	C	P
0	0.01900	0.02222	0.01532	0.01475	0.01712	0.43022	0.01085	0.02070	0.01689	0.01720	0.01995	0.23459	0.02105	0.01667	0.08853	0.00317	0.01072	0.00941	0.00447	0.00716
1	0.01658	0.01988	0.17851	0.01552	0.02094	0.01709	0.01446	0.03361	0.54027	0.02755	0.02473	0.02342	0.01842	0.00881	0.00699	0.00233	0.00663	0.00726	0.00614	0.01088
2	0.01234	0.00974	0.01486	0.01807	0.17357	0.01066	0.01113	0.01465	0.01232	0.01807	0.01709	0.02542	0.01588	0.09178	0.36136	0.06030	0.04970	0.00716	0.06885	0.00706
3	0.01556	0.01451	0.02290	0.12181	0.42378	0.01412	0.01715	0.01939	0.01531	0.02191	0.01631	0.01978	0.05242	0.00676	0.00659	0.00188	0.00741	0.00624	0.00375	0.19240
4	0.02161	0.02432	0.01773	0.01534	0.01956	0.40581	0.01175	0.06170	0.09553	0.02118	0.01388	0.01552	0.01128	0.00932	0.04256	0.00218	0.01011	0.00504	0.00431	0.19130
5	0.01357	0.01107	0.01756	0.52507	0.03687	0.01316	0.01532	0.01703	0.01344	0.05899	0.01554	0.02518	0.01350	0.18022	0.01359	0.00334	0.00851	0.00716	0.00370	0.00719
6	0.01796	0.01650	0.02062	0.06048	0.02070	0.05331	0.01461	0.17254	0.01646	0.02313	0.01171	0.01635	0.01024	0.01296	0.05584	0.00317	0.45466	0.00615	0.00403	0.00857
7	0.01147	0.01417	0.17297	0.01123	0.01399	0.00972	0.01003	0.01513	0.06926	0.01729	0.02210	0.11226	0.02343	0.44062	0.02360	0.00492	0.00719	0.00984	0.00441	0.00636
8	0.01626	0.01840	0.03985	0.07580	0.03723	0.01751	0.64224	0.02206	0.01631	0.02206	0.01401	0.01881	0.01050	0.00595	0.00815	0.00235	0.01160	0.00810	0.00350	0.00930

[dist]
# distance from previous block
# <min> <max>
0	1

[block]
# block no. 3 follows, 30 sequences, length 16
# corresponding to MSA columns:
# 91-106
name=unknown_D
#
# <colnr> <probs for GDERKNQSTAVLIFYWHMCP>
#	G	D	E	R	K	N	Q	S	T	A	V	L	I	F	Y	W	H	M	C	P
0	0.01619	0.01240	0.01394	0.01248	0.01586	0.01341	0.00964	0.02836	0.42401	0.06302	0.07283	0.02902	0.04209	0.01199	0.00990	0.11124	0.00541	0.02953	0.00639	0.07230
1	0.02609	0.03257	0.01983	0.01788	0.02158	0.69148	0.01347	0.06087	0.02043	0.01842	0.01108	0.01279	0.00913	0.00725	0.00633	0.00181	0.01234	0.00458	0.00376	0.00828
2	0.02318	0.02653	0.02118	0.12205	0.11418	0.45045	0.01531	0.10510	0.02003	0.02116	0.01203	0.01454	0.00965	0.00718	0.00655	0.00194	0.01098	0.00517	0.00392	0.00888
3	0.00850	0.00607	0.00810	0.00972	0.01012	0.00567	0.00648	0.00972	0.01336	0.01781	0.03846	0.75020	0.04615	0.02186	0.00891	0.00283	0.00405	0.01984	0.00648	0.00567
4	0.01647	0.01882	0.04118	0.02941	0.03647	0.01765	0.68588	0.02235	0.01647	0.02235	0.01412	0.01882	0.01059	0.00588	0.00824	0.00235	0.01176	0.00824	0.00353	0.00941
5	0.01179	0.00606	0.00900	0.00915	0.00919	0.00602	0.00610	0.00915	0.00949	0.01265	0.01455	0.08855	0.01526	0.02402	0.02558	0.72361	0.00587	0.00733	0.00335	0.00327
6	0.01637	0.01365	0.01482	0.01359	0.01712	0.01542	0.01071	0.07150	0.51183	0.02843	0.05710	0.05535	0.04738	0.01133	0.00752	0.00245	0.00556	0.08279	0.00700	0.01007
7	0.00850	0.00607	0.00810	0.00972	0.01012	0.00567	0.00648	0.00972	0.01336	0.01781	0.03846	0.75020	0.04615	0.02186	0.00891	0.00283	0.00405	0.01984	0.00648	0.00567
8	0.02856	0.01202	0.01581	0.01246	0.01749	0.01094	0.01017	0.03336	0.10265	0.59874	0.06087	0.02542	0.02014	0.00901	0.00709	0.00219	0.00576	0.00740	0.00840	0.01152
9	0.02540	0.01899	0.02031	0.01583	0.02121	0.02112	0.01299	0.60812	0.11448	0.04217	0.01818	0.01789	0.01302	0.00851	0.00700	0.00213	0.00741	0.00648	0.00700	0.01177
10	0.00973	0.00713	0.00912	0.00862	0.01033	0.00652	0.00647	0.01288	0.01940	0.02714	0.64872	0.05351	0.12520	0.01458	0.00823	0.00221	0.00331	0.01281	0.00757	0.00652
11	0.01447	0.01240	0.01447	0.01034	0.01654	0.00930	0.00827	0.01757	0.01447	0.02274	0.01240	0.01447	0.01034	0.00517	0.00517	0.00103	0.00517	0.00413	0.00413	0.79742
12	0.00910	0.00610	0.00807	0.00945	0.00990	0.00576	0.00633	0.01011	0.01311	0.01792	0.03528	0.64228	0.04149	0.02111	0.01010	0.06629	0.00416	0.01782	0.06010	0.00551
13	0.00838	0.00700	0.00730	0.00738	0.00955	0.00592	0.00548	0.01021	0.01598	0.01940	0.11193	0.11645	0.61560	0.01775	0.00829	0.00238	0.00356	0.01496	0.00656	0.00592
14	0.01727	0.01658	0.02832	0.04283	0.71123	0.01658	0.02142	0.02142	0.01589	0.02280	0.01313	0.01727	0.01105	0.00622	0.00691	0.00207	0.00829	0.00622	0.00345	0.01105
15	0.02791	0.01316	0.01648	0.01309	0.01819	0.01270	0.01067	0.08699	0.16752	0.51399	0.02686	0.02368	0.01771	0.00880	0.00703	0.00220	0.00599	0.00715	0.00817	0.01170

[dist]
# distance from previous block
# <min> <max>
0	10

[block]
# block no. 4 follows, 30 sequences, length 229
# corresponding to MSA columns:
# 117-345
name=unknown_E
#
# <colnr> <probs for GDERKNQSTAVLIFYWHMCP>
#	G	D	E	R	K	N	Q	S	T	A	V	L	I	F	Y	W	H	M	C	P
0	0.01106	0.00914	0.01270	0.01227	0.01343	0.02976	0.00966	0.01341	0.01138	0.01630	0.01730	0.02552	0.01620	0.04617	0.62087	0.00995	0.10755	0.00723	0.00365	0.00645
1	0.02592	0.01907	0.02045	0.01574	0.02112	0.02109	0.01293	0.66293	0.03197	0.04285	0.01695	0.01782	0.01237	0.03594	0.00803	0.00227	0.00765	0.00643	0.00688	0.01159
2	0.01301	0.00650	0.00650	0.00650	0.00813	0.00650	0.00488	0.01626	0.01463	0.02602	0.02276	0.02602	0.01789	0.00813	0.00488	0.00163	0.00325	0.00650	0.79350	0.00650
3	0.01012	0.00684	0.00798	0.00794	0.00814	0.00688	0.00470	0.01053	0.01093	0.01478	0.07260	0.04492	0.02784	0.65283	0.07979	0.00672	0.00731	0.01015	0.00445	0.00454
4	0.01362	0.01318	0.01463	0.01373	0.01510	0.12652	0.01080	0.01580	0.01248	0.01646	0.01551	0.02260	0.01443	0.03704	0.47014	0.00807	0.16280	0.00672	0.00358	0.00681
5	0.01398	0.01188	0.01456	0.01327	0.01443	0.03250	0.01021	0.10760	0.01492	0.02047	0.02319	0.21781	0.05365	0.12228	0.05831	0.00380	0.24442	0.01077	0.00489	0.00707
6	0.01661	0.02038	0.09183	0.02517	0.03057	0.06589	0.42359	0.02136	0.01515	0.02064	0.01256	0.01720	0.00999	0.00756	0.01151	0.00247	0.18795	0.00721	0.00337	0.00897
7	0.01258	0.00891	0.01057	0.03688	0.01335	0.00861	0.00763	0.01772	0.11894	0.09067	0.27552	0.06779	0.27563	0.01412	0.00792	0.00229	0.00421	0.01206	0.00706	0.00754
8	0.01301	0.00650	0.00650	0.00650	0.00813	0.00650	0.00488	0.01626	0.01463	0.02602	0.02276	0.02602	0.01789	0.00813	0.00488	0.00163	0.00325	0.00650	0.79350	0.00650
9	0.02653	0.01955	0.02094	0.01606	0.02164	0.02164	0.01326	0.68796	0.03281	0.04398	0.01675	0.01675	0.01187	0.00838	0.00698	0.00209	0.00768	0.00628	0.00698	0.01187
10	0.00853	0.00617	0.00807	0.00951	0.01008	0.00571	0.00640	0.00984	0.01372	0.01819	0.06093	0.68328	0.09108	0.02135	0.00884	0.00278	0.00399	0.01928	0.00651	0.00571
11	0.01212	0.00606	0.00909	0.00909	0.00909	0.00606	0.00606	0.00909	0.00909	0.01212	0.01212	0.02121	0.01212	0.02424	0.02727	0.79697	0.00606	0.00606	0.00303	0.00303
12	0.01037	0.00766	0.01008	0.01134	0.01301	0.00737	0.00956	0.01310	0.01580	0.02019	0.04437	0.13258	0.18519	0.01915	0.00928	0.00300	0.00560	0.46969	0.00644	0.00625
13	0.02653	0.01955	0.02094	0.01606	0.02164	0.02164	0.01326	0.68796	0.03281	0.04398	0.01675	0.01675	0.01187	0.00838	0.00698	0.00209	0.00768	0.00628	0.00698	0.01187
14	0.01015	0.00677	0.00761	0.00761	0.00761	0.00677	0.00423	0.01015	0.01015	0.01353	0.02199	0.04567	0.02537	0.75476	0.03552	0.00677	0.00677	0.01015	0.00423	0.00423
15	0.80405	0.01350	0.01026	0.00918	0.01350	0.01565	0.00756	0.02051	0.01188	0.03131	0.00972	0.01134	0.00756	0.00648	0.00432	0.00216	0.00540	0.00378	0.00432	0.00756
16	0.00988	0.00713	0.00933	0.00878	0.01043	0.00658	0.00658	0.01317	0.01975	0.02798	0.70754	0.05213	0.06584	0.01427	0.00823	0.00219	0.00329	0.01262	0.00768	0.00658
17	0.00997	0.00748	0.01121	0.01121	0.01246	0.00872	0.00872	0.01246	0.01121	0.01620	0.01869	0.02741	0.01745	0.05234	0.72710	0.01121	0.01869	0.00748	0.00374	0.00623
18	0.00963	0.00712	0.00899	0.00852	0.01027	0.00648	0.00639	0.01269	0.01917	0.02661	0.61146	0.05439	0.16279	0.01478	0.00823	0.00222	0.00333	0.01294	0.00750	0.00648
19	0.01695	0.01452	0.01548	0.01411	0.01790	0.01673	0.01106	0.03557	0.65293	0.02864	0.02897	0.02956	0.02256	0.01012	0.00727	0.00242	0.00558	0.05183	0.00706	0.01074
20	0.77796	0.01344	0.01046	0.00929	0.01364	0.01547	0.00765	0.02097	0.01215	0.05443	0.01032	0.01176	0.00789	0.00655	0.00441	0.00216	0.00542	0.00389	0.00446	0.00770
21	0.00948	0.00706	0.00882	0.00850	0.01022	0.00640	0.00633	0.01236	0.01864	0.02564	0.54658	0.09532	0.18814	0.01536	0.00827	0.00226	0.00338	0.01344	0.00738	0.00640
22	0.00849	0.00613	0.00804	0.00957	0.01008	0.00568	0.00641	0.00973	0.01350	0.01787	0.04020	0.71339	0.08184	0.02164	0.00887	0.00281	0.00402	0.01956	0.00648	0.00568
23	0.01015	0.00677	0.00761	0.00761	0.00761	0.00677	0.00423	0.01015	0.01015	0.01353	0.02199	0.04567	0.02537	0.75476	0.03552	0.00677	0.00677	0.01015	0.00423	0.00423
24	0.01633	0.01982	0.08029	0.02886	0.03611	0.01756	0.64777	0.02234	0.01637	0.02234	0.01403	0.01859	0.01049	0.00593	0.00814	0.00234	0.01168	0.00806	0.00350	0.00946
25	0.01736	0.01499	0.01578	0.01420	0.01815	0.01736	0.01105	0.03708	0.69862	0.02919	0.02840	0.02604	0.02130	0.00947	0.00710	0.00237	0.00552	0.00789	0.00710	0.01105
26	0.02673	0.01145	0.01510	0.01190	0.01659	0.01028	0.00970	0.07360	0.02068	0.53549	0.14286	0.02928	0.04431	0.00982	0.00725	0.00217	0.00554	0.00813	0.00830	0.01082
27	0.02529	0.01708	0.01880	0.01482	0.01996	0.01854	0.01211	0.44751	0.14359	0.15063	0.02070	0.01979	0.01456	0.00860	0.00694	0.00214	0.00688	0.00668	0.03383	0.01155
28	0.00995	0.00677	0.00768	0.00773	0.00796	0.00666	0.00450	0.01026	0.01106	0.01469	0.05647	0.08032	0.06760	0.64438	0.03146	0.00612	0.00629	0.01098	0.00462	0.00450
29	0.06283	0.00755	0.00909	0.00858	0.01050	0.00710	0.00648	0.01324	0.01872	0.02700	0.57651	0.05139	0.14701	0.01420	0.00797	0.00221	0.00347	0.01231	0.00730	0.00656
30	0.02566	0.01871	0.02001	0.01544	0.02077	0.02067	0.01272	0.64468	0.03164	0.04282	0.01714	0.01735	0.01226	0.00836	0.00685	0.00206	0.00739	0.00630	0.05765	0.01152
31	0.01015	0.00677	0.00761	0.00761	0.00761	0.00677	0.00423	0.01015	0.01015	0.01353	0.02199	0.04567	0.02537	0.75476	0.03552	0.00677	0.00677	0.01015	0.00423	0.00423
32	0.00873	0.00619	0.00808	0.00945	0.00985	0.00582	0.00623	0.00988	0.01321	0.01766	0.05846	0.64795	0.04445	0.10426	0.01189	0.00326	0.00433	0.01851	0.00626	0.00554
33	0.00850	0.00607	0.00810	0.00972	0.01012	0.00567	0.00648	0.00972	0.01336	0.01781	0.03846	0.75020	0.04615	0.02186	0.00891	0.00283	0.00405	0.01984	0.00648	0.00567
34	0.00825	0.00707	0.00707	0.00707	0.00943	0.00589	0.00530	0.01001	0.01591	0.01885	0.07069	0.06716	0.70839	0.01767	0.00825	0.00236	0.00353	0.01473	0.00648	0.00589
35	0.02714	0.01856	0.02033	0.01559	0.02115	0.02018	0.01288	0.60397	0.03116	0.13030	0.01814	0.01765	0.01256	0.00841	0.00699	0.00210	0.00746	0.00638	0.00719	0.01187
36	0.01581	0.01578	0.02044	0.01765	0.01814	0.05966	0.01457	0.03942	0.01197	0.01767	0.01028	0.01616	0.00992	0.01507	0.07878	0.00362	0.61799	0.00613	0.00327	0.00769
37	0.80405	0.01350	0.01026	0.00918	0.01350	0.01565	0.00756	0.02051	0.01188	0.03131	0.00972	0.01134	0.00756	0.00648	0.00432	0.00216	0.00540	0.00378	0.00432	0.00756
38	0.00997	0.00748	0.01121	0.01121	0.01246	0.00872	0.00872	0.01246	0.01121	0.01620	0.01869	0.02741	0.01745	0.05234	0.72710	0.01121	0.01869	0.00748	0.00374	0.00623
39	0.01379	0.00726	0.00734	0.00706	0.00891	0.00738	0.00536	0.05504	0.01568	0.02705	0.02242	0.02548	0.01754	0.00814	0.00500	0.00165	0.00351	0.00649	0.74809	0.00681
40	0.00825	0.00707	0.00707	0.00707	0.00943	0.00589	0.00530	0.01001	0.01591	0.01885	0.07069	0.06716	0.70839	0.01767	0.00825	0.00236	0.00353	0.01473	0.00648	0.00589
41	0.01422	0.01142	0.01345	0.01351	0.01625	0.01257	0.01115	0.02547	0.34828	0.02493	0.03279	0.05307	0.03098	0.01450	0.00840	0.00280	0.00599	0.34479	0.00675	0.00867
42	0.01440	0.00784	0.00799	0.00749	0.00952	0.00806	0.00574	0.08531	0.01650	0.02786	0.02215	0.02506	0.01727	0.00816	0.00509	0.00167	0.00371	0.00648	0.71264	0.00706
43	0.01408	0.03470	0.67193	0.01978	0.02941	0.01655	0.02508	0.02174	0.01446	0.02174	0.01230	0.01477	0.00886	0.00700	0.00772	0.00227	0.05929	0.00522	0.00295	0.01013
44	0.01343	0.01275	0.02098	0.65003	0.04443	0.01622	0.01888	0.01770	0.01355	0.01770	0.01201	0.01820	0.00928	0.00762	0.00892	0.00241	0.09885	0.00619	0.00309	0.00774
45	0.00848	0.00614	0.00803	0.00954	0.01007	0.00568	0.00640	0.00974	0.01353	0.01788	0.04062	0.70448	0.09049	0.02158	0.00886	0.00280	0.00401	0.01950	0.00648	0.00568
46	0.02591	0.01924	0.02060	0.01593	0.02141	0.02135	0.01312	0.64439	0.07738	0.04299	0.01753	0.01738	0.01250	0.00845	0.00699	0.00211	0.00753	0.00639	0.00699	0.01181
47	0.00999	0.00700	0.00863	0.00878	0.01040	0.00627	0.00637	0.01217	0.01664	0.05454	0.28477	0.28064	0.23320	0.01739	0.00840	0.00244	0.00373	0.01527	0.00701	0.00635
48	0.01624	0.01420	0.01851	0.01609	0.04544	0.01502	0.08906	0.07162	0.34502	0.02628	0.02251	0.05593	0.01819	0.01350	0.08581	0.00314	0.00782	0.00773	0.00572	0.12217
49	0.01415	0.05921	0.69679	0.01964	0.02981	0.01657	0.02534	0.02206	0.01472	0.02192	0.01243	0.01462	0.00884	0.00661	0.00656	0.00219	0.01022	0.00511	0.00295	0.01027
50	0.01318	0.01240	0.02093	0.73798	0.04806	0.01550	0.01938	0.01783	0.01395	0.01783	0.01240	0.01860	0.00930	0.00698	0.00698	0.00233	0.00930	0.00620	0.00310	0.00775
51	0.01318	0.01240	0.02093	0.73798	0.04806	0.01550	0.01938	0.01783	0.01395	0.01783	0.01240	0.01860	0.00930	0.00698	0.00698	0.00233	0.00930	0.00620	0.00310	0.00775
52	0.01974	0.01413	0.01566	0.01355	0.01768	0.01537	0.01085	0.15408	0.36164	0.12767	0.03056	0.03193	0.08168	0.01068	0.00738	0.00235	0.00588	0.06152	0.00719	0.01048
53	0.01631	0.01380	0.01501	0.01397	0.01752	0.01577	0.01108	0.03322	0.58224	0.02777	0.02986	0.03502	0.02452	0.01114	0.00753	0.00251	0.00568	0.11980	0.00699	0.01026
54	0.03131	0.01188	0.01619	0.01242	0.01781	0.01026	0.01026	0.03401	0.01997	0.71606	0.02753	0.02375	0.01727	0.00864	0.00702	0.00216	0.00594	0.00702	0.00864	0.01188
55	0.02808	0.01351	0.01682	0.01313	0.01826	0.01305	0.01076	0.17821	0.06824	0.48112	0.06445	0.02399	0.01915	0.00896	0.00708	0.00216	0.00614	0.00724	0.00811	0.01151
56	0.00867	0.00625	0.00826	0.00981	0.01038	0.00584	0.00674	0.01005	0.01366	0.01807	0.03981	0.67447	0.07560	0.02150	0.00893	0.00284	0.00418	0.06275	0.00647	0.00573
57	0.68467	0.01369	0.01145	0.00989	0.01438	0.01548	0.00815	0.06035	0.01387	0.09805	0.01184	0.01285	0.00874	0.00680	0.00473	0.00216	0.00558	0.00424	0.00489	0.00822
58	0.01411	0.00771	0.00788	0.00743	0.00934	0.00790	0.00561	0.07735	0.01608	0.02707	0.02218	0.02609	0.01769	0.04325	0.00651	0.00191	0.00382	0.00666	0.68453	0.00689
59	0.01086	0.00743	0.00915	0.00854	0.01064	0.00664	0.00647	0.01368	0.01869	0.07149	0.48368	0.05444	0.24253	0.01484	0.00815	0.00224	0.00354	0.01284	0.00741	0.00674
60	0.01015	0.00677	0.00761	0.00761	0.00761	0.00677	0.00423	0.01015	0.01015	0.01353	0.02199	0.04567	0.02537	0.75476	0.03552	0.00677	0.00677	0.01015	0.00423	0.00423
61	0.00997	0.00748	0.01121	0.01121	0.01246	0.00872	0.00872	0.01246	0.01121	0.01620	0.01869	0.02741	0.01745	0.05234	0.72710	0.01121	0.01869	0.00748	0.00374	0.00623
62	0.00861	0.00612	0.00806	0.00958	0.00995	0.00574	0.00633	0.00975	0.01315	0.01753	0.03736	0.70304	0.04476	0.07092	0.01069	0.00310	0.00423	0.01919	0.00633	0.00557
63	0.01684	0.01438	0.01512	0.01355	0.01741	0.01637	0.01055	0.06487	0.59662	0.02882	0.03223	0.02986	0.09201	0.01027	0.00721	0.00235	0.00542	0.00852	0.00703	0.01055
64	0.00910	0.00689	0.00928	0.01048	0.01085	0.00707	0.00726	0.01035	0.01312	0.01772	0.03585	0.68477	0.04286	0.02100	0.01015	0.00285	0.06975	0.01862	0.00617	0.00584
65	0.00973	0.00713	0.00912	0.00862	0.01033	0.00652	0.00647	0.01288	0.01940	0.02716	0.64982	0.05349	0.12409	0.01457	0.00823	0.00221	0.00331	0.01281	0.00757	0.00652
66	0.80405	0.01350	0.01026	0.00918	0.01350	0.01565	0.00756	0.02051	0.01188	0.03131	0.00972	0.01134	0.00756	0.00648	0.00432	0.00216	0.00540	0.00378	0.00432	0.00756
67	0.01052	0.00826	0.01215	0.01183	0.01291	0.00997	0.00925	0.01283	0.01112	0.01617	0.01781	0.02676	0.01685	0.07158	0.63114	0.01022	0.09320	0.00742	0.00368	0.00631
68	0.01404	0.01328	0.02249	0.59176	0.18756	0.01573	0.01981	0.01858	0.01436	0.01887	0.01256	0.01832	0.00967	0.00682	0.00696	0.00227	0.00909	0.00620	0.00318	0.00845
69	0.03131	0.01188	0.01619	0.01242	0.01781	0.01026	0.01026	0.03401	0.01997	0.71606	0.02753	0.02375	0.01727	0.00864	0.00702	0.00216	0.00594	0.00702	0.00864	0.01188
70	0.02566	0.01871	0.02001	0.01544	0.02077	0.02067	0.01272	0.64468	0.03164	0.04282	0.01714	0.01735	0.01226	0.00836	0.00685	0.00206	0.00739	0.00630	0.05765	0.01152
71	0.00963	0.00712	0.00898	0.00852	0.01027	0.00648	0.00639	0.01269	0.01917	0.02659	0.61046	0.05442	0.16380	0.01479	0.00823	0.00222	0.00333	0.01294	0.00750	0.00648
72	0.01447	0.01240	0.01447	0.01034	0.01654	0.00930	0.00827	0.01757	0.01447	0.02274	0.01240	0.01447	0.01034	0.00517	0.00517	0.00103	0.00517	0.00413	0.00413	0.79742
73	0.00997	0.00745	0.01109	0.01109	0.01230	0.00866	0.00857	0.01238	0.01118	0.01611	0.01880	0.02803	0.01771	0.07605	0.70375	0.01106	0.01829	0.00757	0.00375	0.00616
74	0.01015	0.00677	0.00761	0.00761	0.00761	0.00677	0.00423	0.01015	0.01015	0.01353	0.02199	0.04567	0.02537	0.75476	0.03552	0.00677	0.00677	0.01015	0.00423	0.00423
75	0.02325	0.01617	0.01773	0.01446	0.01925	0.01773	0.01166	0.31267	0.28860	0.14077	0.02313	0.02174	0.01656	0.00883	0.00696	0.00219	0.00643	0.00703	0.03348	0.01137
76	0.04311	0.00811	0.01031	0.00926	0.01164	0.00746	0.00712	0.01653	0.01927	0.13532	0.53797	0.04701	0.09314	0.01329	0.00789	0.00220	0.00380	0.01153	0.00764	0.00741
77	0.00850	0.00607	0.00810	0.00972	0.01012	0.00567	0.00648	0.00972	0.01336	0.01781	0.03846	0.75020	0.04615	0.02186	0.00891	0.00283	0.00405	0.01984	0.00648	0.00567
78	0.00850	0.00607	0.00810	0.00972	0.01012	0.00567	0.00648	0.00972	0.01336	0.01781	0.03846	0.75020	0.04615	0.02186	0.00891	0.00283	0.00405	0.01984	0.00648	0.00567
79	0.01012	0.00783	0.00941	0.01006	0.01144	0.00778	0.00712	0.01478	0.13114	0.02093	0.11000	0.47040	0.12547	0.01845	0.00845	0.00263	0.00416	0.01642	0.00671	0.00671
80	0.00864	0.00627	0.00811	0.00936	0.01003	0.00579	0.00634	0.01006	0.01407	0.01870	0.10034	0.61434	0.10275	0.03814	0.00942	0.00283	0.00400	0.01854	0.00653	0.00573
81	0.09494	0.07228	0.01999	0.01669	0.02065	0.56566	0.01285	0.08055	0.01981	0.02050	0.01111	0.01273	0.00909	0.00715	0.00607	0.00184	0.01125	0.00453	0.00390	0.00840
82	0.00997	0.00748	0.01121	0.01121	0.01246	0.00872	0.00872	0.01246	0.01121	0.01620	0.01869	0.02741	0.01745	0.05234	0.72710	0.01121	0.01869	0.00748	0.00374	0.00623
83	0.00978	0.00681	0.00841	0.00904	0.00961	0.00661	0.00612	0.01092	0.01289	0.01717	0.08789	0.24173	0.05889	0.36109	0.02130	0.00465	0.00558	0.11078	0.00553	0.00520
84	0.00864	0.00703	0.00765	0.00762	0.00970	0.00604	0.00566	0.01072	0.01664	0.02089	0.21525	0.10314	0.52243	0.01713	0.00828	0.00235	0.00351	0.01454	0.00676	0.00604
85	0.02294	0.01708	0.01844	0.01464	0.01943	0.01872	0.01190	0.53063	0.07296	0.03931	0.06786	0.05624	0.05787	0.01000	0.00723	0.00217	0.00684	0.00792	0.00698	0.01083
86	0.01015	0.00677	0.00761	0.00761	0.00761	0.00677	0.00423	0.01015	0.01015	0.01353	0.02199	0.04567	0.02537	0.75476	0.03552	0.00677	0.00677	0.01015	0.00423	0.00423
87	0.01073	0.00798	0.01145	0.01123	0.01260	0.00919	0.00867	0.04284	0.01213	0.01730	0.01879	0.02799	0.01765	0.09090	0.65465	0.01055	0.01751	0.00758	0.00391	0.00637
88	0.00989	0.00733	0.00926	0.00891	0.01060	0.00685	0.00663	0.01349	0.04448	0.02634	0.56745	0.11111	0.12134	0.01503	0.00825	0.00227	0.00346	0.01324	0.00745	0.00661
89	0.00825	0.00707	0.00707	0.00707	0.00943	0.00589	0.00530	0.01001	0.01591	0.01885	0.07069	0.06716	0.70839	0.01767	0.00825	0.00236	0.00353	0.01473	0.00648	0.00589
90	0.01015	0.00677	0.00761	0.00761	0.00761	0.00677	0.00423	0.01015	0.01015	0.01353	0.02199	0.04567	0.02537	0.75476	0.03552	0.00677	0.00677	0.01015	0.00423	0.00423
91	0.01635	0.06634	0.02250	0.01978	0.08003	0.07832	0.01520	0.01822	0.01214	0.01730	0.01004	0.01541	0.00961	0.01237	0.04546	0.00307	0.54081	0.00588	0.00315	0.00801
92	0.01499	0.01497	0.02148	0.01833	0.01861	0.02050	0.03962	0.01667	0.01103	0.01705	0.01072	0.04995	0.01095	0.01243	0.02170	0.00302	0.68033	0.00683	0.00323	0.00761
93	0.00877	0.00744	0.00762	0.00751	0.00989	0.00646	0.00565	0.01147	0.04745	0.01994	0.11139	0.06427	0.63389	0.01707	0.00819	0.00235	0.00361	0.01427	0.00659	0.00617
94	0.02564	0.01812	0.01982	0.01544	0.02072	0.01990	0.01269	0.56741	0.06924	0.09586	0.01838	0.01833	0.01310	0.01044	0.03944	0.00253	0.00791	0.00649	0.00697	0.01157
95	0.01604	0.01799	0.03855	0.12150	0.03798	0.01737	0.59926	0.02177	0.01614	0.02177	0.01389	0.01880	0.01042	0.00602	0.00807	0.00235	0.01144	0.00797	0.00347	0.00920
96	0.02607	0.03326	0.01978	0.01798	0.02157	0.72674	0.01348	0.02787	0.01978	0.01708	0.01079	0.01258	0.00899	0.00719	0.00629	0.00180	0.01258	0.00449	0.00360	0.00809
97	0.00849	0.00612	0.00805	0.00960	0.01009	0.00568	0.00642	0.00973	0.01348	0.01786	0.03991	0.71942	0.07600	0.02167	0.00888	0.00281	0.00403	0.01961	0.00648	0.00568
98	0.01688	0.01181	0.01370	0.03598	0.01602	0.01221	0.00946	0.25746	0.02182	0.07789	0.09156	0.24586	0.13180	0.01426	0.00785	0.00237	0.00553	0.01218	0.00680	0.00853
99	0.01084	0.00793	0.01006	0.00955	0.01135	0.00764	0.00722	0.04429	0.04526	0.02759	0.56701	0.11202	0.05904	0.01467	0.00824	0.00229	0.00376	0.03686	0.00748	0.00690
100	0.00850	0.00607	0.00810	0.00972	0.01012	0.00567	0.00648	0.00972	0.01336	0.01781	0.03846	0.75020	0.04615	0.02186	0.00891	0.00283	0.00405	0.01984	0.00648	0.00567
101	0.01452	0.01412	0.02529	0.55134	0.04432	0.01625	0.16274	0.05031	0.01538	0.02003	0.01298	0.01856	0.00970	0.00681	0.00725	0.00232	0.00976	0.00664	0.00338	0.00830
102	0.01438	0.08328	0.63269	0.01927	0.02869	0.01727	0.02425	0.02171	0.01446	0.02141	0.01214	0.01453	0.00887	0.00691	0.00743	0.00221	0.05236	0.00512	0.00296	0.01007
103	0.01647	0.01882	0.04118	0.02941	0.03647	0.01765	0.68588	0.02235	0.01647	0.02235	0.01412	0.01882	0.01059	0.00588	0.00824	0.00235	0.01176	0.00824	0.00353	0.00941
104	0.00850	0.00607	0.00810	0.00972	0.01012	0.00567	0.00648	0.00972	0.01336	0.01781	0.03846	0.75020	0.04615	0.02186	0.00891	0.00283	0.00405	0.01984	0.00648	0.00567
105	0.02227	0.01754	0.01829	0.01516	0.01983	0.04565	0.01223	0.35760	0.29634	0.05189	0.02235	0.02330	0.01694	0.00927	0.00713	0.00224	0.00691	0.03702	0.00691	0.01115
106	0.01001	0.00681	0.00808	0.00814	0.00840	0.00684	0.00493	0.01055	0.01119	0.01514	0.07566	0.09003	0.02917	0.59172	0.08949	0.00653	0.00732	0.01074	0.00460	0.00467
107	0.00825	0.00707	0.00707	0.00707	0.00943	0.00589	0.00530	0.01001	0.01591	0.01885	0.07069	0.06716	0.70839	0.01767	0.00825	0.00236	0.00353	0.01473	0.00648	0.00589
108	0.01395	0.07180	0.59180	0.01892	0.02812	0.01603	0.04835	0.02115	0.01488	0.02160	0.01620	0.01998	0.04238	0.00764	0.00678	0.00223	0.00973	0.03534	0.00329	0.00983
109	0.01956	0.61731	0.06478	0.01321	0.01901	0.13217	0.01280	0.02200	0.01505	0.01677	0.00999	0.01156	0.00896	0.00618	0.00485	0.00157	0.00836	0.00391	0.00308	0.00889
110	0.01442	0.10187	0.65654	0.01917	0.02908	0.01724	0.02452	0.02199	0.01468	0.02158	0.01227	0.01441	0.00885	0.00657	0.00643	0.00214	0.01005	0.00503	0.00295	0.01019
111	0.01863	0.52447	0.17146	0.01428	0.02083	0.11137	0.01491	0.02200	0.01498	0.01764	0.01040	0.01208	0.00894	0.00625	0.00513	0.00167	0.00867	0.00411	0.00305	0.00912
112	0.00949	0.00712	0.00880	0.00838	0.01019	0.00642	0.00628	0.01243	0.01885	0.02584	0.55796	0.05566	0.21676	0.01507	0.00823	0.00223	0.00335	0.01312	0.00740	0.00642
113	0.01552	0.01634	0.03079	0.11227	0.03147	0.01658	0.37510	0.02004	0.01485	0.02092	0.01278	0.01746	0.01015	0.00696	0.01002	0.00224	0.13287	0.00693	0.00350	0.14323
114	0.02613	0.07617	0.05813	0.01263	0.01822	0.01242	0.01107	0.05126	0.04201	0.47827	0.05412	0.02246	0.01761	0.00826	0.00667	0.00201	0.00617	0.00663	0.00728	0.08248
115	0.01124	0.00803	0.01124	0.01285	0.01446	0.00803	0.01124	0.01446	0.01606	0.02088	0.03695	0.07871	0.04016	0.01928	0.00964	0.00321	0.00643	0.66426	0.00643	0.00643
116	0.01471	0.01447	0.02067	0.09322	0.02106	0.01994	0.01528	0.01662	0.01106	0.01686	0.01011	0.01640	0.00971	0.01425	0.06660	0.00350	0.61867	0.00621	0.00310	0.00756
117	0.01769	0.60905	0.17801	0.01359	0.02046	0.02525	0.01481	0.02115	0.01429	0.01760	0.01029	0.01193	0.00893	0.00611	0.00492	0.00164	0.00805	0.00403	0.00298	0.00924
118	0.03131	0.01188	0.01619	0.01242	0.01781	0.01026	0.01026	0.03401	0.01997	0.71606	0.02753	0.02375	0.01727	0.00864	0.00702	0.00216	0.00594	0.00702	0.00864	0.01188
119	0.00945	0.00712	0.00874	0.00833	0.01016	0.00640	0.00625	0.01234	0.01875	0.02560	0.54111	0.05605	0.23377	0.01516	0.00823	0.00224	0.00336	0.01317	0.00737	0.00640
120	0.01035	0.00805	0.01211	0.04436	0.01433	0.00960	0.00950	0.01290	0.01131	0.01630	0.01798	0.02647	0.01670	0.04848	0.66284	0.01045	0.05086	0.00736	0.00368	0.00636
121	0.01958	0.01426	0.01696	0.01668	0.08478	0.01550	0.01212	0.08371	0.40043	0.13581	0.02681	0.02985	0.02100	0.01001	0.00734	0.00238	0.00612	0.07903	0.00691	0.01074
122	0.01727	0.01658	0.02832	0.04283	0.71123	0.01658	0.02142	0.02142	0.01589	0.02280	0.01313	0.01727	0.01105	0.00622	0.00691	0.00207	0.00829	0.00622	0.00345	0.01105
123	0.00997	0.00748	0.01121	0.01121	0.01246	0.00872	0.00872	0.01246	0.01121	0.01620	0.01869	0.02741	0.01745	0.05234	0.72710	0.01121	0.01869	0.00748	0.00374	0.00623
124	0.01161	0.00986	0.01169	0.03135	0.06748	0.00991	0.00879	0.01818	0.18108	0.02267	0.12140	0.09037	0.33004	0.01446	0.00793	0.00239	0.00467	0.04202	0.00644	0.00767
125	0.01105	0.00797	0.01098	0.01248	0.01413	0.00789	0.01086	0.01417	0.01605	0.02075	0.03912	0.07797	0.08321	0.01917	0.00955	0.00316	0.00624	0.62241	0.00643	0.00639
126	0.00982	0.00663	0.00771	0.00803	0.00810	0.00655	0.00467	0.01006	0.01078	0.01437	0.02523	0.18423	0.02946	0.61061	0.03028	0.00599	0.00623	0.01205	0.00467	0.00451
127	0.01708	0.01639	0.02799	0.07469	0.68084	0.01653	0.02132	0.02125	0.01580	0.02257	0.01309	0.01733	0.01097	0.00625	0.00691	0.00208	0.00834	0.00622	0.00344	0.01090
128	0.01727	0.01658	0.02832	0.04283	0.71123	0.01658	0.02142	0.02142	0.01589	0.02280	0.01313	0.01727	0.01105	0.00622	0.00691	0.00207	0.00829	0.00622	0.00345	0.01105
129	0.01015	0.00677	0.00761	0.00761	0.00761	0.00677	0.00423	0.01015	0.01015	0.01353	0.02199	0.04567	0.02537	0.75476	0.03552	0.00677	0.00677	0.01015	0.00423	0.00423
130	0.01617	0.01801	0.03829	0.10536	0.07666	0.01736	0.57681	0.02182	0.01617	0.02190	0.01388	0.01871	0.01048	0.00602	0.00803	0.00233	0.01130	0.00790	0.00348	0.00933
131	0.57866	0.01521	0.01184	0.01056	0.01464	0.09263	0.00847	0.02241	0.05563	0.06024	0.06223	0.01588	0.01321	0.00740	0.00511	0.00213	0.00606	0.00489	0.00485	0.00795
132	0.02955	0.01150	0.01555	0.01205	0.01719	0.00994	0.00991	0.03222	0.01978	0.66141	0.05243	0.02667	0.05006	0.00923	0.00711	0.00217	0.00574	0.00755	0.00851	0.01143
133	0.01124	0.00803	0.01124	0.01285	0.01446	0.00803	0.01124	0.01446	0.01606	0.02088	0.03695	0.07871	0.04016	0.01928	0.00964	0.00321	0.00643	0.66426	0.00643	0.00643
134	0.01534	0.01673	0.03383	0.02516	0.03019	0.01695	0.48740	0.01991	0.01507	0.02083	0.01600	0.10162	0.01439	0.00885	0.01096	0.00253	0.14261	0.00918	0.00378	0.00866
135	0.00894	0.00722	0.00807	0.00844	0.01052	0.00635	0.00662	0.01105	0.01600	0.01965	0.09234	0.09964	0.51301	0.01803	0.00856	0.00254	0.00413	0.14635	0.00653	0.00602
136	0.01104	0.00746	0.00989	0.00956	0.01134	0.00694	0.00742	0.01424	0.01906	0.05904	0.56131	0.07349	0.05934	0.01493	0.00839	0.00236	0.00389	0.10600	0.00751	0.00679
137	0.03052	0.01170	0.01594	0.01228	0.01754	0.01012	0.01012	0.03324	0.01996	0.69065	0.05264	0.02480	0.01907	0.00884	0.00706	0.00216	0.00584	0.00722	0.00860	0.01168
138	0.01091	0.00823	0.01042	0.01089	0.01278	0.00812	0.00887	0.01544	0.08277	0.02328	0.23079	0.09483	0.13844	0.01681	0.00877	0.00271	0.00494	0.29736	0.00686	0.00681
139	0.03099	0.01239	0.01651	0.01266	0.01807	0.01102	0.01046	0.07779	0.02083	0.67107	0.02681	0.02328	0.01691	0.00862	0.00702	0.00215	0.00605	0.00697	0.00853	0.01188
140	0.01400	0.03610	0.71860	0.01989	0.03020	0.01621	0.02578	0.02210	0.01473	0.02210	0.01252	0.01473	0.00884	0.00663	0.00663	0.00221	0.01031	0.00516	0.00295	0.01031
141	0.01447	0.01151	0.01263	0.01195	0.01488	0.01249	0.00904	0.02625	0.39957	0.05591	0.03730	0.20421	0.13341	0.01364	0.00770	0.00247	0.00488	0.01175	0.00693	0.00901
142	0.01813	0.00894	0.01198	0.01034	0.01338	0.00800	0.00813	0.02110	0.01945	0.29300	0.39581	0.07338	0.04547	0.01258	0.00783	0.00224	0.00444	0.02926	0.00796	0.00858
143	0.00825	0.00707	0.00707	0.00707	0.00943	0.00589	0.00530	0.01001	0.01591	0.01885	0.07069	0.06716	0.70839	0.01767	0.00825	0.00236	0.00353	0.01473	0.00648	0.00589
144	0.01002	0.00759	0.01066	0.01083	0.01160	0.00860	0.00798	0.01177	0.01153	0.01623	0.02320	0.20086	0.02485	0.14666	0.40404	0.00799	0.06457	0.01071	0.00441	0.00590
145	0.00927	0.00727	0.00856	0.00920	0.01110	0.00656	0.00732	0.01149	0.01584	0.01972	0.08096	0.13941	0.40922	0.01847	0.00875	0.00267	0.00448	0.21716	0.00651	0.00606
146	0.02612	0.03155	0.01992	0.01774	0.02158	0.63883	0.01346	0.11016	0.02140	0.02043	0.01153	0.01310	0.00935	0.00734	0.00638	0.00183	0.01197	0.00472	0.00402	0.00856
147	0.01021	0.00743	0.00987	0.01058	0.01215	0.00709	0.00859	0.01311	0.01704	0.02282	0.27085	0.13609	0.11370	0.01766	0.00895	0.00274	0.00483	0.31305	0.00687	0.00635
148	0.05494	0.65398	0.03332	0.01203	0.01763	0.07143	0.01161	0.02118	0.01445	0.01745	0.01019	0.01176	0.00918	0.00614	0.00460	0.00155	0.00756	0.00387	0.02837	0.00876
149	0.02167	0.39120	0.02813	0.01508	0.03590	0.24131	0.01271	0.06270	0.04931	0.04481	0.01205	0.01337	0.01008	0.00693	0.00598	0.00174	0.02958	0.00456	0.00382	0.00908
150	0.02599	0.01913	0.02051	0.01578	0.02118	0.02115	0.01297	0.66582	0.03207	0.04298	0.01692	0.01770	0.01231	0.03276	0.00791	0.00225	0.00765	0.00641	0.00689	0.01162
151	0.01925	0.01409	0.01551	0.01270	0.01677	0.01474	0.01015	0.37853	0.02522	0.05238	0.09950	0.11178	0.14009	0.01195	0.00746	0.00219	0.00595	0.00983	0.00683	0.04509
152	0.08506	0.07121	0.44970	0.01946	0.02736	0.01761	0.10336	0.02129	0.01418	0.02199	0.01191	0.01479	0.00899	0.00715	0.00844	0.00228	0.09707	0.00544	0.00316	0.00956
153	0.02324	0.02741	0.01869	0.01741	0.04127	0.50571	0.01285	0.04985	0.15812	0.02066	0.01733	0.01806	0.04317	0.00814	0.00659	0.00196	0.01045	0.00576	0.00454	0.00880
154	0.00998	0.00743	0.01097	0.01097	0.01214	0.00859	0.00842	0.01231	0.01114	0.01602	0.01891	0.02864	0.01798	0.09936	0.68081	0.01092	0.01789	0.00766	0.00377	0.00610
155	0.01212	0.00606	0.00909	0.00909	0.00909	0.00606	0.00606	0.00909	0.00909	0.01212	0.01212	0.02121	0.01212	0.02424	0.02727	0.79697	0.00606	0.00606	0.00303	0.00303
156	0.00889	0.00645	0.00837	0.00975	0.01048	0.00604	0.00685	0.01036	0.01380	0.01810	0.04071	0.56654	0.11005	0.05471	0.01015	0.00301	0.00442	0.09923	0.00637	0.00572
157	0.01341	0.01264	0.02136	0.69785	0.08635	0.01557	0.01950	0.01804	0.01407	0.01812	0.01244	0.01853	0.00940	0.00693	0.00697	0.00231	0.00924	0.00620	0.00312	0.00794
158	0.00858	0.00611	0.00807	0.00962	0.01000	0.00572	0.00637	0.00974	0.01321	0.01761	0.03769	0.71708	0.04518	0.05631	0.01016	0.00302	0.00418	0.01938	0.00637	0.00560
159	0.00859	0.00614	0.00818	0.00965	0.01014	0.00573	0.00648	0.00995	0.01379	0.01849	0.08325	0.70347	0.04747	0.02135	0.00886	0.00279	0.00400	0.01935	0.00656	0.00573
160	0.00942	0.00700	0.00868	0.00849	0.01009	0.00636	0.00623	0.01207	0.01797	0.02457	0.48592	0.12566	0.19140	0.04366	0.00933	0.00246	0.00355	0.01368	0.00719	0.00626
161	0.01352	0.01275	0.02155	0.67963	0.10373	0.01559	0.01955	0.01813	0.01412	0.01825	0.01246	0.01849	0.00945	0.00691	0.00697	0.00230	0.00922	0.00620	0.00313	0.00803
162	0.01400	0.03610	0.71860	0.01989	0.03020	0.01621	0.02578	0.02210	0.01473	0.02210	0.01252	0.01473	0.00884	0.00663	0.00663	0.00221	0.01031	0.00516	0.00295	0.01031
163	0.01212	0.00606	0.00909	0.00909	0.00909	0.00606	0.00606	0.00909	0.00909	0.01212	0.01212	0.02121	0.01212	0.02424	0.02727	0.79697	0.00606	0.00606	0.00303	0.00303
164	0.03109	0.01223	0.01641	0.01258	0.01799	0.01078	0.01039	0.06398	0.02056	0.68526	0.02704	0.02343	0.01703	0.00863	0.00702	0.00216	0.00602	0.00698	0.00856	0.01188
165	0.01609	0.01817	0.03875	0.02793	0.03440	0.01742	0.62149	0.02157	0.01612	0.02190	0.01597	0.02044	0.03684	0.00669	0.00908	0.00239	0.05361	0.00836	0.00361	0.00918
166	0.01006	0.00676	0.00780	0.00787	0.00795	0.00680	0.00454	0.01023	0.01035	0.01385	0.02261	0.07796	0.02599	0.68858	0.06550	0.00678	0.00718	0.01048	0.00431	0.00439
167	0.01342	0.00721	0.00740	0.00718	0.00887	0.00731	0.00533	0.05170	0.01527	0.02592	0.02282	0.04649	0.01883	0.05850	0.00715	0.00203	0.00375	0.00710	0.67711	0.00662
168	0.00825	0.00707	0.00707	0.00707	0.00943	0.00589	0.00530	0.01001	0.01591	0.01885	0.07069	0.06716	0.70839	0.01767	0.00825	0.00236	0.00353	0.01473	0.00648	0.00589
169	0.01058	0.00722	0.00834	0.00844	0.00879	0.00724	0.00512	0.04192	0.01188	0.01585	0.02516	0.19042	0.02905	0.56768	0.02866	0.00573	0.00624	0.01198	0.00482	0.00489
170	0.01309	0.00949	0.01162	0.01151	0.01343	0.00967	0.00882	0.15727	0.01900	0.02554	0.13407	0.36609	0.04064	0.01735	0.00852	0.00265	0.00515	0.13207	0.00676	0.00728
171	0.00997	0.00748	0.01121	0.01121	0.01246	0.00872	0.00872	0.01246	0.01121	0.01620	0.01869	0.02741	0.01745	0.05234	0.72710	0.01121	0.01869	0.00748	0.00374	0.00623
172	0.00825	0.00707	0.00707	0.00707	0.00943	0.00589	0.00530	0.01001	0.01591	0.01885	0.07069	0.06716	0.70839	0.01767	0.00825	0.00236	0.00353	0.01473	0.00648	0.00589
173	0.80405	0.01350	0.01026	0.00918	0.01350	0.01565	0.00756	0.02051	0.01188	0.03131	0.00972	0.01134	0.00756	0.00648	0.00432	0.00216	0.00540	0.00378	0.00432	0.00756
174	0.01212	0.00606	0.00909	0.00909	0.00909	0.00606	0.00606	0.00909	0.00909	0.01212	0.01212	0.02121	0.01212	0.02424	0.02727	0.79697	0.00606	0.00606	0.00303	0.00303
175	0.01493	0.01288	0.01346	0.01230	0.01583	0.01431	0.00952	0.02988	0.51692	0.02644	0.03966	0.03698	0.20417	0.01165	0.00741	0.00236	0.00499	0.00971	0.00694	0.00967
176	0.01015	0.00677	0.00761	0.00761	0.00761	0.00677	0.00423	0.01015	0.01015	0.01353	0.02199	0.04567	0.02537	0.75476	0.03552	0.00677	0.00677	0.01015	0.00423	0.00423
177	0.01313	0.01211	0.02039	0.70458	0.04628	0.01507	0.01877	0.01743	0.01373	0.01757	0.01239	0.01872	0.00943	0.00777	0.00791	0.03874	0.00915	0.00620	0.00310	0.00754
