[name]
unknown

[dist]
# distance from previous block
# <min> <max>
0	2

[block]
# block no. 0 follows, 29 sequences, length 10
# corresponding to MSA columns:
# 9-18
name=unknown_A
#
# <colnr> <probs for GDERKNQSTAVLIFYWHMCP>
#	G	D	E	R	K	N	Q	S	T	A	V	L	I	F	Y	W	H	M	C	P
0	0.01298	0.00991	0.01259	0.01345	0.01566	0.01050	0.01143	0.02034	0.17996	0.02336	0.03559	0.06732	0.03632	0.01725	0.00921	0.00307	0.00633	0.50030	0.00672	0.00770
1	0.01625	0.01435	0.01728	0.06502	0.12444	0.01599	0.01271	0.03063	0.45960	0.02670	0.03096	0.02998	0.10496	0.01004	0.00735	0.00237	0.00606	0.00855	0.00633	0.01039
2	0.01709	0.01404	0.01602	0.01165	0.01786	0.01188	0.00940	0.14355	0.01831	0.02731	0.01350	0.01521	0.01084	0.00589	0.00562	0.00126	0.00576	0.00463	0.00477	0.64542
3	0.01008	0.00728	0.00952	0.00896	0.01064	0.00672	0.00672	0.01344	0.02016	0.02855	0.70158	0.05319	0.06719	0.01456	0.00840	0.00224	0.00336	0.01288	0.00784	0.00672
4	0.06809	0.00713	0.00690	0.00683	0.00868	0.00729	0.00517	0.01689	0.01474	0.02692	0.02230	0.02550	0.01752	0.00818	0.00494	0.00170	0.00347	0.00644	0.73460	0.00671
5	0.01477	0.01266	0.01477	0.01055	0.01687	0.00949	0.00844	0.01793	0.01477	0.02320	0.01266	0.01477	0.01055	0.00527	0.00527	0.00105	0.00527	0.00422	0.00422	0.79328
6	0.01036	0.00690	0.00777	0.00777	0.00777	0.00690	0.00431	0.01036	0.01036	0.01381	0.02244	0.04660	0.02589	0.74975	0.03624	0.00690	0.00690	0.01036	0.00431	0.00431
7	0.01785	0.01097	0.01341	0.01133	0.01461	0.01084	0.00893	0.14510	0.05302	0.16288	0.41210	0.03959	0.04518	0.01209	0.00787	0.00222	0.00483	0.01034	0.00786	0.00898
8	0.11580	0.01627	0.02614	0.07966	0.57997	0.01674	0.01995	0.02152	0.01558	0.02406	0.01291	0.01694	0.01073	0.00642	0.00672	0.00214	0.00815	0.00603	0.00361	0.01063
9	0.02903	0.01189	0.01580	0.01231	0.01740	0.01051	0.01010	0.06141	0.02077	0.59780	0.07979	0.02808	0.05220	0.00965	0.00731	0.00221	0.00583	0.00791	0.00856	0.01144

[dist]
# distance from previous block
# <min> <max>
0	1

[block]
# block no. 1 follows, 29 sequences, length 7
# corresponding to MSA columns:
# 20-26
name=unknown_B
#
# <colnr> <probs for GDERKNQSTAVLIFYWHMCP>
#	G	D	E	R	K	N	Q	S	T	A	V	L	I	F	Y	W	H	M	C	P
0	0.01294	0.01197	0.01996	0.65567	0.04492	0.01475	0.01837	0.01731	0.01417	0.01819	0.01549	0.09632	0.01350	0.00874	0.00733	0.00243	0.00892	0.00781	0.00353	0.00768
1	0.01477	0.01266	0.01477	0.01055	0.01687	0.00949	0.00844	0.01793	0.01477	0.02320	0.01266	0.01477	0.01055	0.00527	0.00527	0.00105	0.00527	0.00422	0.00422	0.79328
2	0.02000	0.57705	0.08681	0.01351	0.01987	0.02627	0.01350	0.13082	0.01766	0.02186	0.01131	0.01264	0.00962	0.00655	0.00516	0.00168	0.00788	0.00435	0.00372	0.00974
3	0.01801	0.59927	0.18309	0.01393	0.02098	0.02566	0.01523	0.02159	0.01459	0.01800	0.01052	0.01220	0.00911	0.00624	0.00504	0.00168	0.00824	0.00412	0.00304	0.00944
4	0.06653	0.01464	0.01558	0.01247	0.01743	0.08703	0.01001	0.06575	0.04399	0.34335	0.05017	0.02494	0.06989	0.00889	0.00676	0.00199	0.00642	0.00703	0.00690	0.14020
5	0.06338	0.01661	0.01629	0.01334	0.01790	0.07104	0.01067	0.29269	0.12325	0.03307	0.02323	0.02336	0.07731	0.00900	0.00662	0.00201	0.00662	0.00695	0.08965	0.09702
6	0.01945	0.01441	0.01732	0.01778	0.13095	0.03732	0.01192	0.12324	0.15542	0.12740	0.02719	0.07829	0.08676	0.01003	0.00714	0.00215	0.00631	0.00844	0.03015	0.08833

[dist]
# distance from previous block
# <min> <max>
2	108

[block]
# block no. 2 follows, 29 sequences, length 94
# corresponding to MSA columns:
# 139-232
name=unknown_C
#
# <colnr> <probs for GDERKNQSTAVLIFYWHMCP>
#	G	D	E	R	K	N	Q	S	T	A	V	L	I	F	Y	W	H	M	C	P
0	0.02015	0.29954	0.24346	0.01682	0.05230	0.02122	0.01707	0.13342	0.01850	0.09449	0.01401	0.01508	0.01056	0.00700	0.00605	0.00195	0.00844	0.00515	0.00433	0.01046
1	0.02397	0.01786	0.04813	0.01484	0.02046	0.01782	0.01255	0.43201	0.05319	0.10952	0.06574	0.02035	0.01658	0.00855	0.00698	0.00203	0.00705	0.00668	0.00682	0.10888
2	0.21997	0.01658	0.03644	0.01495	0.05375	0.08259	0.03960	0.07077	0.15235	0.08075	0.06897	0.02216	0.04265	0.00847	0.00644	0.00214	0.00677	0.00666	0.00563	0.06236
3	0.01932	0.44378	0.16003	0.01698	0.07107	0.02316	0.04407	0.05701	0.01622	0.07073	0.01258	0.01411	0.01012	0.00656	0.00564	0.00182	0.00830	0.00484	0.00373	0.00994
4	0.02617	0.01926	0.04992	0.01591	0.02163	0.02001	0.01349	0.51111	0.09692	0.12256	0.01942	0.01881	0.01360	0.00861	0.00712	0.00218	0.00752	0.00662	0.00716	0.01196
5	0.11603	0.01333	0.01600	0.01261	0.01786	0.04125	0.01033	0.03303	0.04284	0.58253	0.02540	0.02244	0.01632	0.00854	0.00683	0.00220	0.00627	0.00672	0.00806	0.01144
6	0.05059	0.01483	0.01615	0.01389	0.01817	0.01636	0.01108	0.15793	0.37963	0.11045	0.05610	0.02884	0.04618	0.01017	0.00730	0.00236	0.00597	0.03592	0.00726	0.01081
7	0.01232	0.00790	0.00960	0.00902	0.01144	0.00698	0.00695	0.01491	0.01822	0.11326	0.30937	0.08181	0.30523	0.01571	0.00835	0.00238	0.00401	0.04806	0.00738	0.00711
8	0.05355	0.01837	0.04895	0.01470	0.02071	0.01809	0.01248	0.44133	0.02675	0.05715	0.01583	0.01641	0.01157	0.00758	0.00654	0.00187	0.00716	0.00573	0.00616	0.20907
9	0.04893	0.01258	0.01498	0.01096	0.01703	0.00995	0.00885	0.02165	0.01587	0.17122	0.01587	0.01668	0.01196	0.00609	0.00565	0.00135	0.00545	0.00484	0.00521	0.59489
10	0.01762	0.01692	0.02890	0.04371	0.70533	0.01692	0.02185	0.02185	0.01621	0.02326	0.01339	0.01762	0.01128	0.00634	0.00705	0.00211	0.00846	0.00634	0.00352	0.01128
11	0.01327	0.00664	0.00664	0.00664	0.00830	0.00664	0.00498	0.01659	0.01493	0.02655	0.02323	0.02655	0.01825	0.00830	0.00498	0.00166	0.00332	0.00664	0.78928	0.00664
12	0.01477	0.01266	0.01477	0.01055	0.01687	0.00949	0.00844	0.01793	0.01477	0.02320	0.01266	0.01477	0.01055	0.00527	0.00527	0.00105	0.00527	0.00422	0.00422	0.79328
13	0.00984	0.00669	0.00792	0.00843	0.00855	0.00656	0.00502	0.01022	0.01136	0.01515	0.02760	0.26138	0.03241	0.52608	0.02789	0.00567	0.00605	0.01340	0.00502	0.00477
14	0.80005	0.01377	0.01047	0.00936	0.01377	0.01597	0.00771	0.02093	0.01212	0.03195	0.00991	0.01157	0.00771	0.00661	0.00441	0.00220	0.00551	0.00386	0.00441	0.00771
15	0.01017	0.00763	0.01144	0.01144	0.01272	0.00890	0.00890	0.01272	0.01144	0.01653	0.01907	0.02797	0.01780	0.05340	0.72153	0.01144	0.01907	0.00763	0.00381	0.00636
16	0.01904	0.75404	0.03731	0.01218	0.01828	0.02818	0.01218	0.02132	0.01447	0.01675	0.00990	0.01142	0.00914	0.00609	0.00457	0.00152	0.00761	0.00381	0.00305	0.00914
17	0.02725	0.01965	0.02119	0.01624	0.02194	0.02165	0.01342	0.65733	0.03299	0.06983	0.01751	0.01736	0.01232	0.00856	0.00712	0.00214	0.00777	0.00644	0.00719	0.01211
18	0.01711	0.02029	0.06346	0.06501	0.03583	0.06249	0.55027	0.02267	0.01657	0.02197	0.01382	0.01848	0.01050	0.00645	0.00880	0.00239	0.04311	0.00784	0.00354	0.00939
19	0.02145	0.01675	0.01721	0.01470	0.01912	0.06187	0.01162	0.16319	0.41972	0.10864	0.04968	0.02453	0.02022	0.00938	0.00720	0.00229	0.00649	0.00758	0.00719	0.01118
20	0.01036	0.00690	0.00777	0.00777	0.00777	0.00690	0.00431	0.01036	0.01036	0.01381	0.02244	0.04660	0.02589	0.74975	0.03624	0.00690	0.00690	0.01036	0.00431	0.00431
21	0.01762	0.01692	0.02890	0.04371	0.70533	0.01692	0.02185	0.02185	0.01621	0.02326	0.01339	0.01762	0.01128	0.00634	0.00705	0.00211	0.00846	0.00634	0.00352	0.01128
22	0.00858	0.00658	0.00787	0.00890	0.01006	0.00587	0.00616	0.01003	0.01461	0.01858	0.05162	0.49054	0.29367	0.02070	0.00884	0.00271	0.00393	0.01828	0.00661	0.00587
23	0.80005	0.01377	0.01047	0.00936	0.01377	0.01597	0.00771	0.02093	0.01212	0.03195	0.00991	0.01157	0.00771	0.00661	0.00441	0.00220	0.00551	0.00386	0.00441	0.00771
24	0.01477	0.01266	0.01477	0.01055	0.01687	0.00949	0.00844	0.01793	0.01477	0.02320	0.01266	0.01477	0.01055	0.00527	0.00527	0.00105	0.00527	0.00422	0.00422	0.79328
25	0.00933	0.00647	0.00807	0.00908	0.00933	0.00622	0.00571	0.01009	0.01235	0.01647	0.03268	0.47219	0.03881	0.30653	0.01970	0.00446	0.00521	0.01638	0.00571	0.00521
26	0.02707	0.01995	0.02137	0.01638	0.02208	0.02208	0.01353	0.68159	0.03348	0.04488	0.01710	0.01710	0.01211	0.00855	0.00712	0.00214	0.00784	0.00641	0.00712	0.01211
27	0.01327	0.00664	0.00664	0.00664	0.00830	0.00664	0.00498	0.01659	0.01493	0.02655	0.02323	0.02655	0.01825	0.00830	0.00498	0.00166	0.00332	0.00664	0.78928	0.00664
28	0.01150	0.00845	0.01127	0.01246	0.01424	0.00849	0.01059	0.01571	0.06041	0.02215	0.08745	0.10223	0.07634	0.01867	0.00946	0.00308	0.00601	0.50796	0.00670	0.00681
29	0.00864	0.00698	0.00768	0.00802	0.00988	0.00603	0.00582	0.01046	0.01599	0.01988	0.12471	0.22663	0.48698	0.01871	0.00857	0.00250	0.00371	0.01605	0.00673	0.00603
30	0.01327	0.00664	0.00664	0.00664	0.00830	0.00664	0.00498	0.01659	0.01493	0.02655	0.02323	0.02655	0.01825	0.00830	0.00498	0.00166	0.00332	0.00664	0.78928	0.00664
31	0.01674	0.01884	0.03998	0.02965	0.06046	0.01826	0.60413	0.02234	0.01633	0.02239	0.01398	0.01887	0.01071	0.00651	0.00950	0.00245	0.06761	0.00816	0.00356	0.00953
32	0.03195	0.01212	0.01652	0.01267	0.01818	0.01047	0.01047	0.03470	0.02038	0.71026	0.02809	0.02424	0.01763	0.00881	0.00716	0.00220	0.00606	0.00716	0.00881	0.01212
33	0.00868	0.00620	0.00826	0.00991	0.01033	0.00578	0.00661	0.00991	0.01363	0.01818	0.03925	0.74510	0.04710	0.02231	0.00909	0.00289	0.00413	0.02024	0.00661	0.00578
34	0.00868	0.00620	0.00826	0.00991	0.01033	0.00578	0.00661	0.00991	0.01363	0.01818	0.03925	0.74510	0.04710	0.02231	0.00909	0.00289	0.00413	0.02024	0.00661	0.00578
35	0.01029	0.00715	0.00903	0.00903	0.00946	0.00759	0.00589	0.01116	0.01073	0.01474	0.02128	0.04022	0.02312	0.51114	0.27106	0.00846	0.01107	0.00942	0.00414	0.00501
36	0.01672	0.38712	0.35343	0.01674	0.02495	0.02230	0.04741	0.02196	0.01483	0.01972	0.01144	0.01345	0.00915	0.00640	0.00576	0.00190	0.00916	0.00468	0.00305	0.00981
37	0.02076	0.01466	0.01550	0.01279	0.01684	0.01614	0.01027	0.34239	0.14771	0.03601	0.02131	0.02198	0.01591	0.00867	0.00643	0.00203	0.00593	0.00679	0.26776	0.01013
38	0.02622	0.01835	0.02002	0.01567	0.02110	0.02010	0.01284	0.51086	0.13091	0.11882	0.02014	0.01934	0.01419	0.00875	0.00715	0.00219	0.00730	0.00674	0.00734	0.01198
39	0.01622	0.01580	0.02536	0.33374	0.40052	0.04484	0.02065	0.02057	0.01554	0.02089	0.01299	0.01801	0.01044	0.00671	0.00705	0.00221	0.00907	0.00627	0.00338	0.00973
40	0.01378	0.00712	0.00718	0.00699	0.00880	0.00720	0.00529	0.04093	0.01561	0.02722	0.02300	0.02620	0.01803	0.00831	0.00506	0.00168	0.00348	0.00663	0.76066	0.00684
41	0.01026	0.00761	0.00962	0.00917	0.01101	0.00712	0.00696	0.01409	0.04482	0.02736	0.58481	0.05489	0.12800	0.01494	0.00842	0.00231	0.00361	0.04056	0.00764	0.00681
42	0.01477	0.01266	0.01477	0.01055	0.01687	0.00949	0.00844	0.01793	0.01477	0.02320	0.01266	0.01477	0.01055	0.00527	0.00527	0.00105	0.00527	0.00422	0.00422	0.79328
43	0.01327	0.00664	0.00664	0.00664	0.00830	0.00664	0.00498	0.01659	0.01493	0.02655	0.02323	0.02655	0.01825	0.00830	0.00498	0.00166	0.00332	0.00664	0.78928	0.00664
44	0.02513	0.01972	0.02023	0.01610	0.02135	0.05758	0.01308	0.51563	0.16787	0.04035	0.01922	0.01882	0.01393	0.00871	0.00711	0.00218	0.00765	0.00665	0.00697	0.01174
45	0.01558	0.01558	0.02181	0.01869	0.01869	0.02181	0.01558	0.01714	0.01091	0.01714	0.00935	0.01558	0.00935	0.01246	0.02337	0.00312	0.73672	0.00623	0.00312	0.00779
46	0.01107	0.00818	0.01004	0.00936	0.01136	0.00775	0.00706	0.06417	0.02024	0.02790	0.52270	0.09624	0.14679	0.01505	0.00835	0.00230	0.00379	0.01313	0.00754	0.00698
47	0.01032	0.00705	0.00852	0.00852	0.00877	0.00731	0.00525	0.01084	0.01058	0.01436	0.02175	0.04280	0.02424	0.60785	0.17589	0.00783	0.00938	0.00980	0.00421	0.00473
48	0.01327	0.00664	0.00664	0.00664	0.00830	0.00664	0.00498	0.01659	0.01493	0.02655	0.02323	0.02655	0.01825	0.00830	0.00498	0.00166	0.00332	0.00664	0.78928	0.00664
49	0.01762	0.01692	0.02890	0.04371	0.70533	0.01692	0.02185	0.02185	0.01621	0.02326	0.01339	0.01762	0.01128	0.00634	0.00705	0.00211	0.00846	0.00634	0.00352	0.01128
50	0.02618	0.01115	0.01490	0.01185	0.01638	0.00990	0.00961	0.05133	0.02077	0.51303	0.20014	0.03141	0.03013	0.01027	0.00748	0.00221	0.00543	0.00860	0.00851	0.01074
51	0.01327	0.00664	0.00664	0.00664	0.00830	0.00664	0.00498	0.01659	0.01493	0.02655	0.02323	0.02655	0.01825	0.00830	0.00498	0.00166	0.00332	0.00664	0.78928	0.00664
52	0.00879	0.00701	0.00787	0.00811	0.00996	0.00610	0.00591	0.01077	0.01644	0.02080	0.18551	0.20628	0.44485	0.01826	0.00855	0.00247	0.00367	0.01570	0.00685	0.00610
53	0.02642	0.01874	0.02038	0.01582	0.02126	0.02053	0.01299	0.59138	0.05247	0.08945	0.01906	0.04528	0.01411	0.00912	0.00720	0.00218	0.00750	0.00703	0.00722	0.01185
54	0.01369	0.01284	0.02133	0.66603	0.07500	0.01554	0.01927	0.01833	0.01435	0.01867	0.01269	0.01871	0.00962	0.00699	0.00702	0.00229	0.00923	0.00622	0.00323	0.04894
55	0.01036	0.00690	0.00777	0.00777	0.00777	0.00690	0.00431	0.01036	0.01036	0.01381	0.02244	0.04660	0.02589	0.74975	0.03624	0.00690	0.00690	0.01036	0.00431	0.00431
56	0.01873	0.01915	0.02676	0.07478	0.54567	0.12067	0.02017	0.02321	0.04111	0.02237	0.01357	0.01731	0.01125	0.00665	0.00697	0.00210	0.00906	0.00615	0.00366	0.01066
57	0.01904	0.75404	0.03731	0.01218	0.01828	0.02818	0.01218	0.02132	0.01447	0.01675	0.00990	0.01142	0.00914	0.00609	0.00457	0.00152	0.00761	0.00381	0.00305	0.00914
58	0.01327	0.00664	0.00664	0.00664	0.00830	0.00664	0.00498	0.01659	0.01493	0.02655	0.02323	0.02655	0.01825	0.00830	0.00498	0.00166	0.00332	0.00664	0.78928	0.00664
59	0.01477	0.01266	0.01477	0.01055	0.01687	0.00949	0.00844	0.01793	0.01477	0.02320	0.01266	0.01477	0.01055	0.00527	0.00527	0.00105	0.00527	0.00422	0.00422	0.79328
60	0.00868	0.00620	0.00826	0.00991	0.01033	0.00578	0.00661	0.00991	0.01363	0.01818	0.03925	0.74510	0.04710	0.02231	0.00909	0.00289	0.00413	0.02024	0.00661	0.00578
61	0.01327	0.00664	0.00664	0.00664	0.00830	0.00664	0.00498	0.01659	0.01493	0.02655	0.02323	0.02655	0.01825	0.00830	0.00498	0.00166	0.00332	0.00664	0.78928	0.00664
62	0.80005	0.01377	0.01047	0.00936	0.01377	0.01597	0.00771	0.02093	0.01212	0.03195	0.00991	0.01157	0.00771	0.00661	0.00441	0.00220	0.00551	0.00386	0.00441	0.00771
63	0.03195	0.01212	0.01652	0.01267	0.01818	0.01047	0.01047	0.03470	0.02038	0.71026	0.02809	0.02424	0.01763	0.00881	0.00716	0.00220	0.00606	0.00716	0.00881	0.01212
64	0.01904	0.75404	0.03731	0.01218	0.01828	0.02818	0.01218	0.02132	0.01447	0.01675	0.00990	0.01142	0.00914	0.00609	0.00457	0.00152	0.00761	0.00381	0.00305	0.00914
65	0.00848	0.00722	0.00730	0.00728	0.00966	0.00604	0.00546	0.01034	0.01638	0.01959	0.09613	0.06794	0.67823	0.01790	0.00842	0.00240	0.00360	0.01495	0.00666	0.00604
66	0.01388	0.03400	0.64544	0.01921	0.02888	0.01560	0.02443	0.02168	0.01552	0.02313	0.07880	0.01869	0.01460	0.00751	0.00692	0.00225	0.00984	0.00599	0.00347	0.01016
67	0.04895	0.01740	0.02670	0.03696	0.54280	0.01791	0.01966	0.15363	0.01951	0.02791	0.01400	0.01729	0.01131	0.00679	0.00696	0.00212	0.00822	0.00626	0.00428	0.01131
68	0.01063	0.00929	0.00919	0.00897	0.01138	0.03272	0.00665	0.01514	0.11814	0.02078	0.08325	0.10132	0.47422	0.05463	0.00966	0.00264	0.00443	0.01361	0.00653	0.00681
69	0.01444	0.03573	0.67086	0.02090	0.03122	0.01663	0.06720	0.02257	0.01514	0.02257	0.01288	0.01529	0.00913	0.00672	0.00687	0.00226	0.01062	0.00546	0.00304	0.01047
70	0.02545	0.04463	0.01710	0.01232	0.01784	0.01203	0.01016	0.09936	0.02021	0.40316	0.06343	0.02242	0.01799	0.00818	0.00667	0.00190	0.00597	0.00658	0.00723	0.19737
71	0.01909	0.68767	0.07180	0.01285	0.01908	0.05550	0.01298	0.02167	0.01473	0.01708	0.01009	0.01167	0.00913	0.00618	0.00476	0.00157	0.00798	0.00391	0.00307	0.00917
72	0.01871	0.04720	0.15982	0.01502	0.02021	0.03918	0.01432	0.11739	0.13230	0.12084	0.02619	0.06427	0.04601	0.01137	0.00761	0.00245	0.00738	0.13382	0.00610	0.00982
73	0.02413	0.08502	0.07932	0.01864	0.04692	0.51375	0.01481	0.05269	0.06306	0.01986	0.01255	0.01414	0.01016	0.00736	0.00642	0.00191	0.01145	0.00494	0.00392	0.00896
74	0.00907	0.00659	0.00860	0.01011	0.01068	0.00630	0.00681	0.01112	0.04289	0.01868	0.03880	0.71413	0.04600	0.02176	0.00901	0.00287	0.00420	0.01972	0.00664	0.00602
75	0.01681	0.01921	0.04202	0.03001	0.03721	0.01801	0.67947	0.02281	0.01681	0.02281	0.01441	0.01921	0.01080	0.00600	0.00840	0.00240	0.01200	0.00840	0.00360	0.00960
76	0.15095	0.04745	0.02039	0.02034	0.16035	0.16861	0.01363	0.17147	0.02064	0.11107	0.01512	0.01637	0.01136	0.00745	0.00635	0.00205	0.00828	0.00559	0.03246	0.01009
77	0.01096	0.00831	0.01035	0.01048	0.01235	0.00818	0.00817	0.01591	0.09912	0.02488	0.32853	0.14062	0.11974	0.01639	0.00866	0.00259	0.00446	0.15603	0.00721	0.00705
78	0.01008	0.00728	0.00952	0.00896	0.01064	0.00672	0.00672	0.01344	0.02016	0.02855	0.70158	0.05319	0.06719	0.01456	0.00840	0.00224	0.00336	0.01288	0.00784	0.00672
79	0.01904	0.75404	0.03731	0.01218	0.01828	0.02818	0.01218	0.02132	0.01447	0.01675	0.00990	0.01142	0.00914	0.00609	0.00457	0.00152	0.00761	0.00381	0.00305	0.00914
80	0.01399	0.01372	0.02472	0.61820	0.04712	0.01618	0.12722	0.01895	0.01466	0.01895	0.01294	0.01902	0.00971	0.00694	0.00733	0.00238	0.00990	0.00667	0.00324	0.00819
81	0.01036	0.00690	0.00777	0.00777	0.00777	0.00690	0.00431	0.01036	0.01036	0.01381	0.02244	0.04660	0.02589	0.74975	0.03624	0.00690	0.00690	0.01036	0.00431	0.00431
82	0.00842	0.00721	0.00721	0.00721	0.00962	0.00601	0.00541	0.01022	0.01623	0.01924	0.07213	0.06853	0.70244	0.01803	0.00842	0.00240	0.00361	0.01503	0.00661	0.00601
83	0.01469	0.09795	0.65529	0.01960	0.02975	0.01753	0.02511	0.02245	0.01499	0.02206	0.01253	0.01473	0.00903	0.00671	0.00658	0.00219	0.01028	0.00514	0.00301	0.01041
84	0.80005	0.01377	0.01047	0.00936	0.01377	0.01597	0.00771	0.02093	0.01212	0.03195	0.00991	0.01157	0.00771	0.00661	0.00441	0.00220	0.00551	0.00386	0.00441	0.00771
85	0.01558	0.01558	0.02181	0.01869	0.01869	0.02181	0.01558	0.01714	0.01091	0.01714	0.00935	0.01558	0.00935	0.01246	0.02337	0.00312	0.73672	0.00623	0.00312	0.00779
86	0.08357	0.01223	0.01612	0.01245	0.01788	0.01084	0.01028	0.03378	0.01983	0.66467	0.02687	0.02338	0.01696	0.00867	0.00698	0.00220	0.00602	0.00694	0.00852	0.01182
87	0.01345	0.01266	0.02136	0.73264	0.04904	0.01582	0.01978	0.01819	0.01424	0.01819	0.01266	0.01898	0.00949	0.00712	0.00712	0.00237	0.00949	0.00633	0.00316	0.00791
88	0.00842	0.00721	0.00721	0.00721	0.00962	0.00601	0.00541	0.01022	0.01623	0.01924	0.07213	0.06853	0.70244	0.01803	0.00842	0.00240	0.00361	0.01503	0.00661	0.00601
89	0.01762	0.01692	0.02890	0.04371	0.70533	0.01692	0.02185	0.02185	0.01621	0.02326	0.01339	0.01762	0.01128	0.00634	0.00705	0.00211	0.00846	0.00634	0.00352	0.01128
90	0.01345	0.01266	0.02136	0.73264	0.04904	0.01582	0.01978	0.01819	0.01424	0.01819	0.01266	0.01898	0.00949	0.00712	0.00712	0.00237	0.00949	0.00633	0.00316	0.00791
91	0.02553	0.01815	0.02073	0.01579	0.02155	0.01919	0.03717	0.49625	0.04991	0.11009	0.01801	0.01795	0.01276	0.00815	0.00697	0.00204	0.00745	0.00637	0.00685	0.09909
92	0.04065	0.01485	0.02139	0.01746	0.01979	0.05425	0.12976	0.01793	0.01508	0.02190	0.19244	0.02579	0.02479	0.01110	0.01449	0.00257	0.32216	0.00811	0.00456	0.04093
93	0.01570	0.04081	0.01386	0.01171	0.01440	0.12524	0.00907	0.06135	0.04518	0.06398	0.35764	0.06082	0.10100	0.01265	0.00828	0.00221	0.03114	0.01046	0.00666	0.00783

[dist]
# distance from previous block
# <min> <max>
3	16

[block]
# block no. 3 follows, 29 sequences, length 75
# corresponding to MSA columns:
# 249-323
name=unknown_D
#
# <colnr> <probs for GDERKNQSTAVLIFYWHMCP>
#	G	D	E	R	K	N	Q	S	T	A	V	L	I	F	Y	W	H	M	C	P
0	0.01553	0.01651	0.17759	0.01372	0.04058	0.03237	0.01270	0.04032	0.01857	0.13190	0.26764	0.05992	0.11965	0.01182	0.00770	0.00226	0.00613	0.01001	0.00636	0.00871
1	0.31367	0.01945	0.01481	0.01313	0.01714	0.22414	0.01027	0.05164	0.10208	0.07384	0.08069	0.01891	0.01648	0.00820	0.00604	0.00212	0.00762	0.00579	0.00528	0.00870
2	0.01704	0.25337	0.41104	0.01905	0.07223	0.04161	0.02068	0.02279	0.01531	0.04789	0.01249	0.01440	0.00956	0.00663	0.00612	0.00201	0.00939	0.00495	0.00330	0.01015
3	0.02204	0.11784	0.04577	0.04873	0.21576	0.26796	0.01631	0.11579	0.04248	0.02338	0.01310	0.01534	0.01060	0.00712	0.00652	0.00197	0.00982	0.00543	0.00411	0.00991
4	0.01749	0.01764	0.05545	0.04160	0.65099	0.01694	0.02160	0.02252	0.04339	0.02350	0.01400	0.01788	0.01161	0.00649	0.00705	0.00213	0.00843	0.00637	0.00365	0.01125
5	0.01658	0.01544	0.02342	0.06963	0.26358	0.01577	0.09155	0.02556	0.21604	0.02507	0.04998	0.02181	0.01671	0.00758	0.00710	0.00212	0.00744	0.00711	0.00490	0.11262
6	0.00999	0.00728	0.00939	0.00886	0.01058	0.00668	0.00665	0.01326	0.01995	0.02805	0.66777	0.05401	0.10131	0.01474	0.00840	0.00225	0.00337	0.01299	0.00777	0.00668
7	0.00867	0.00728	0.00757	0.00765	0.00998	0.00618	0.00585	0.01063	0.01638	0.01970	0.09239	0.06874	0.63730	0.01801	0.00851	0.00245	0.00379	0.05620	0.00665	0.00607
8	0.01017	0.00763	0.01144	0.01144	0.01272	0.00890	0.00890	0.01272	0.01144	0.01653	0.01907	0.02797	0.01780	0.05340	0.72153	0.01144	0.01907	0.00763	0.00381	0.00636
9	0.01703	0.03299	0.60450	0.01911	0.02885	0.01559	0.02384	0.02444	0.01587	0.12956	0.01516	0.01647	0.01036	0.00708	0.00683	0.00225	0.00983	0.00556	0.00391	0.01077
10	0.01904	0.75404	0.03731	0.01218	0.01828	0.02818	0.01218	0.02132	0.01447	0.01675	0.00990	0.01142	0.00914	0.00609	0.00457	0.00152	0.00761	0.00381	0.00305	0.00914
11	0.01217	0.00774	0.01019	0.00931	0.01136	0.00708	0.00708	0.01547	0.02018	0.09382	0.63710	0.05042	0.06244	0.01401	0.00828	0.00224	0.00362	0.01233	0.00793	0.00724
12	0.02707	0.01995	0.02137	0.01638	0.02208	0.02208	0.01353	0.68159	0.03348	0.04488	0.01710	0.01710	0.01211	0.00855	0.00712	0.00214	0.00784	0.00641	0.00712	0.01211
13	0.00939	0.00671	0.00906	0.01059	0.01136	0.00639	0.00773	0.01121	0.01461	0.01945	0.07447	0.55596	0.04678	0.02129	0.00922	0.00295	0.00464	0.16551	0.00666	0.00601
14	0.01458	0.08228	0.67005	0.01978	0.03002	0.01727	0.02541	0.02247	0.01500	0.02218	0.01260	0.01480	0.00903	0.00672	0.00663	0.00221	0.01034	0.00517	0.00301	0.01044
15	0.01345	0.01266	0.02136	0.73264	0.04904	0.01582	0.01978	0.01819	0.01424	0.01819	0.01266	0.01898	0.00949	0.00712	0.00712	0.00237	0.00949	0.00633	0.00316	0.00791
16	0.80005	0.01377	0.01047	0.00936	0.01377	0.01597	0.00771	0.02093	0.01212	0.03195	0.00991	0.01157	0.00771	0.00661	0.00441	0.00220	0.00551	0.00386	0.00441	0.00771
17	0.02995	0.01462	0.01799	0.01387	0.01938	0.01426	0.01143	0.23187	0.04836	0.48329	0.02477	0.02214	0.01609	0.00876	0.00715	0.00219	0.00659	0.00696	0.00824	0.01209
18	0.01036	0.00690	0.00777	0.00777	0.00777	0.00690	0.00431	0.01036	0.01036	0.01381	0.02244	0.04660	0.02589	0.74975	0.03624	0.00690	0.00690	0.01036	0.00431	0.00431
19	0.00868	0.00620	0.00826	0.00991	0.01033	0.00578	0.00661	0.00991	0.01363	0.01818	0.03925	0.74510	0.04710	0.02231	0.00909	0.00289	0.00413	0.02024	0.00661	0.00578
20	0.01014	0.00733	0.00946	0.00916	0.01076	0.00683	0.00691	0.01319	0.01897	0.02648	0.56770	0.05584	0.09162	0.06532	0.01042	0.00266	0.00389	0.06938	0.00743	0.00651
21	0.01686	0.01905	0.04112	0.03095	0.08279	0.01793	0.63461	0.02274	0.01677	0.02284	0.01434	0.01910	0.01084	0.00603	0.00831	0.00238	0.01176	0.00826	0.00360	0.00972
22	0.01660	0.01859	0.03857	0.02808	0.03406	0.01866	0.56636	0.02184	0.01580	0.02184	0.01354	0.01859	0.01056	0.00710	0.01095	0.00252	0.13547	0.00803	0.00352	0.00929
23	0.03195	0.01212	0.01652	0.01267	0.01818	0.01047	0.01047	0.03470	0.02038	0.71026	0.02809	0.02424	0.01763	0.00881	0.00716	0.00220	0.00606	0.00716	0.00881	0.01212
24	0.01147	0.00820	0.01147	0.01311	0.01475	0.00820	0.01147	0.01475	0.01639	0.02131	0.03770	0.08032	0.04098	0.01967	0.00984	0.00328	0.00656	0.65741	0.00656	0.00656
25	0.01345	0.01266	0.02136	0.73264	0.04904	0.01582	0.01978	0.01819	0.01424	0.01819	0.01266	0.01898	0.00949	0.00712	0.00712	0.00237	0.00949	0.00633	0.00316	0.00791
26	0.03195	0.01212	0.01652	0.01267	0.01818	0.01047	0.01047	0.03470	0.02038	0.71026	0.02809	0.02424	0.01763	0.00881	0.00716	0.00220	0.00606	0.00716	0.00881	0.01212
27	0.01021	0.00684	0.00781	0.00795	0.00799	0.00681	0.00452	0.01032	0.01064	0.01419	0.02391	0.10791	0.02775	0.68590	0.03386	0.00655	0.00666	0.01122	0.00452	0.00444
28	0.01489	0.01374	0.02272	0.62208	0.04585	0.01653	0.06281	0.07789	0.01613	0.02089	0.01317	0.01883	0.00981	0.00717	0.00720	0.00235	0.00951	0.00647	0.00355	0.00840
29	0.03195	0.01212	0.01652	0.01267	0.01818	0.01047	0.01047	0.03470	0.02038	0.71026	0.02809	0.02424	0.01763	0.00881	0.00716	0.00220	0.00606	0.00716	0.00881	0.01212
30	0.01987	0.02368	0.03473	0.02695	0.05941	0.23574	0.44682	0.02451	0.01783	0.02116	0.01331	0.01717	0.01032	0.00643	0.00773	0.00221	0.01212	0.00714	0.00362	0.00925
31	0.02660	0.03394	0.02018	0.01834	0.02201	0.72116	0.01376	0.02843	0.02018	0.01743	0.01101	0.01284	0.00917	0.00734	0.00642	0.00183	0.01284	0.00459	0.00367	0.00825
32	0.00929	0.00716	0.00870	0.00875	0.01041	0.00667	0.00644	0.01151	0.01607	0.02118	0.24161	0.14299	0.29961	0.05253	0.12058	0.00401	0.00614	0.01372	0.00644	0.00617
33	0.01504	0.15155	0.60480	0.01900	0.02881	0.01840	0.02405	0.02235	0.01494	0.02162	0.01232	0.01446	0.00904	0.00666	0.00641	0.00214	0.01006	0.00503	0.00301	0.01030
34	0.02707	0.01995	0.02137	0.01638	0.02208	0.02208	0.01353	0.68159	0.03348	0.04488	0.01710	0.01710	0.01211	0.00855	0.00712	0.00214	0.00784	0.00641	0.00712	0.01211
35	0.03195	0.01212	0.01652	0.01267	0.01818	0.01047	0.01047	0.03470	0.02038	0.71026	0.02809	0.02424	0.01763	0.00881	0.00716	0.00220	0.00606	0.00716	0.00881	0.01212
36	0.01749	0.01678	0.02866	0.06576	0.68432	0.01688	0.02179	0.02174	0.01615	0.02310	0.01337	0.01767	0.01122	0.00637	0.00705	0.00212	0.00849	0.00634	0.00351	0.01117
37	0.02740	0.01941	0.02104	0.01613	0.02182	0.02129	0.01332	0.63746	0.03259	0.09026	0.01785	0.01758	0.01249	0.00857	0.00713	0.00214	0.00771	0.00646	0.00724	0.01211
38	0.01345	0.01266	0.02136	0.73264	0.04904	0.01582	0.01978	0.01819	0.01424	0.01819	0.01266	0.01898	0.00949	0.00712	0.00712	0.00237	0.00949	0.00633	0.00316	0.00791
39	0.00884	0.00626	0.00821	0.00971	0.01008	0.00589	0.00639	0.00996	0.01332	0.01776	0.03764	0.67823	0.04507	0.09195	0.01169	0.00328	0.00440	0.01930	0.00639	0.00564
40	0.02481	0.01924	0.01844	0.01515	0.01992	0.13235	0.01211	0.30015	0.16422	0.13946	0.02220	0.02139	0.03656	0.00891	0.00702	0.00215	0.00765	0.00685	0.03047	0.01095
41	0.00992	0.00714	0.00962	0.01091	0.01203	0.00684	0.00843	0.01225	0.01567	0.02085	0.13224	0.37603	0.06738	0.02010	0.00925	0.00293	0.00493	0.26050	0.00676	0.00621
42	0.01327	0.00664	0.00664	0.00664	0.00830	0.00664	0.00498	0.01659	0.01493	0.02655	0.02323	0.02655	0.01825	0.00830	0.00498	0.00166	0.00332	0.00664	0.78928	0.00664
43	0.02834	0.01247	0.01612	0.01283	0.01789	0.01161	0.01044	0.03428	0.14276	0.55464	0.05958	0.02601	0.02068	0.00923	0.00723	0.00224	0.00586	0.00759	0.00848	0.01171
44	0.01504	0.16842	0.49754	0.01859	0.02747	0.01814	0.06176	0.02171	0.01538	0.02189	0.05932	0.01721	0.01312	0.00712	0.00656	0.00213	0.00958	0.00570	0.00338	0.00995
45	0.01904	0.75404	0.03731	0.01218	0.01828	0.02818	0.01218	0.02132	0.01447	0.01675	0.00990	0.01142	0.00914	0.00609	0.00457	0.00152	0.00761	0.00381	0.00305	0.00914
46	0.00856	0.00722	0.00742	0.00737	0.00971	0.00607	0.00553	0.01050	0.01658	0.02006	0.12757	0.06718	0.64650	0.01773	0.00841	0.00239	0.00358	0.01484	0.00672	0.00607
47	0.01345	0.01266	0.02136	0.73264	0.04904	0.01582	0.01978	0.01819	0.01424	0.01819	0.01266	0.01898	0.00949	0.00712	0.00712	0.00237	0.00949	0.00633	0.00316	0.00791
48	0.22231	0.31220	0.23999	0.01418	0.02113	0.04517	0.01546	0.02185	0.01423	0.02256	0.01084	0.01263	0.00873	0.00648	0.00527	0.00194	0.00815	0.00430	0.00341	0.00917
49	0.01655	0.02101	0.11064	0.02902	0.03656	0.01786	0.61266	0.02278	0.01663	0.02278	0.01424	0.01878	0.01062	0.00608	0.00824	0.00239	0.01185	0.00808	0.00354	0.00970
50	0.00863	0.00637	0.00808	0.00944	0.01020	0.00582	0.00640	0.00997	0.01409	0.01836	0.04499	0.62687	0.16162	0.02156	0.00897	0.00281	0.00404	0.01933	0.00661	0.00582
51	0.13980	0.05269	0.46591	0.01976	0.04966	0.01702	0.08470	0.02286	0.04157	0.02419	0.01305	0.01531	0.00956	0.00675	0.00651	0.00224	0.00952	0.00544	0.00347	0.01000
52	0.01543	0.01519	0.06916	0.36510	0.21854	0.01538	0.01905	0.02101	0.05678	0.04891	0.03660	0.02335	0.01445	0.00801	0.00727	0.00234	0.00857	0.04156	0.00405	0.00926
53	0.01561	0.01503	0.12228	0.01403	0.01805	0.01227	0.01298	0.08985	0.12608	0.07453	0.11401	0.09039	0.03202	0.01367	0.00825	0.00263	0.00656	0.21643	0.00650	0.00886
54	0.74732	0.01419	0.01121	0.00984	0.01434	0.01639	0.00811	0.06600	0.01358	0.03283	0.01040	0.01194	0.00801	0.00674	0.00459	0.00220	0.00567	0.00403	0.00459	0.00801
55	0.02617	0.07729	0.02134	0.01779	0.02179	0.61811	0.01364	0.08422	0.02097	0.01975	0.01146	0.01312	0.00942	0.00736	0.00637	0.00184	0.01209	0.00470	0.00393	0.00864
56	0.01814	0.01562	0.01722	0.01657	0.06553	0.01786	0.01210	0.06669	0.61569	0.03004	0.02737	0.02552	0.02058	0.00938	0.00723	0.00238	0.00593	0.00786	0.00699	0.01131
57	0.02224	0.01709	0.01878	0.01409	0.02004	0.01715	0.01154	0.42137	0.02614	0.03638	0.01536	0.01618	0.01150	0.00726	0.00640	0.00171	0.00683	0.00555	0.00598	0.31841
58	0.01444	0.06113	0.68997	0.02002	0.03039	0.01693	0.02583	0.02251	0.01501	0.02235	0.01268	0.01491	0.00902	0.00674	0.00669	0.00223	0.01043	0.00521	0.00301	0.01048
59	0.00868	0.00620	0.00826	0.00991	0.01033	0.00578	0.00661	0.00991	0.01363	0.01818	0.03925	0.74510	0.04710	0.02231	0.00909	0.00289	0.00413	0.02024	0.00661	0.00578
60	0.01327	0.00664	0.00664	0.00664	0.00830	0.00664	0.00498	0.01659	0.01493	0.02655	0.02323	0.02655	0.01825	0.00830	0.00498	0.00166	0.00332	0.00664	0.78928	0.00664
61	0.02707	0.01995	0.02137	0.01638	0.02208	0.02208	0.01353	0.68159	0.03348	0.04488	0.01710	0.01710	0.01211	0.00855	0.00712	0.00214	0.00784	0.00641	0.00712	0.01211
62	0.01681	0.01921	0.04202	0.03001	0.03721	0.01801	0.67947	0.02281	0.01681	0.02281	0.01441	0.01921	0.01080	0.00600	0.00840	0.00240	0.01200	0.00840	0.00360	0.00960
63	0.00868	0.00620	0.00826	0.00991	0.01033	0.00578	0.00661	0.00991	0.01363	0.01818	0.03925	0.74510	0.04710	0.02231	0.00909	0.00289	0.00413	0.02024	0.00661	0.00578
64	0.80005	0.01377	0.01047	0.00936	0.01377	0.01597	0.00771	0.02093	0.01212	0.03195	0.00991	0.01157	0.00771	0.00661	0.00441	0.00220	0.00551	0.00386	0.00441	0.00771
65	0.03195	0.01212	0.01652	0.01267	0.01818	0.01047	0.01047	0.03470	0.02038	0.71026	0.02809	0.02424	0.01763	0.00881	0.00716	0.00220	0.00606	0.00716	0.00881	0.01212
66	0.01008	0.00728	0.00952	0.00896	0.01064	0.00672	0.00672	0.01344	0.02016	0.02855	0.70158	0.05319	0.06719	0.01456	0.00840	0.00224	0.00336	0.01288	0.00784	0.00672
67	0.00877	0.00623	0.00824	0.00980	0.01019	0.00584	0.00649	0.00994	0.01346	0.01794	0.03834	0.70759	0.04596	0.06138	0.01055	0.00311	0.00428	0.01971	0.00649	0.00570
68	0.80005	0.01377	0.01047	0.00936	0.01377	0.01597	0.00771	0.02093	0.01212	0.03195	0.00991	0.01157	0.00771	0.00661	0.00441	0.00220	0.00551	0.00386	0.00441	0.00771
69	0.01167	0.00846	0.01156	0.01289	0.01465	0.00854	0.01114	0.01574	0.04809	0.02220	0.08258	0.07597	0.04187	0.01886	0.00962	0.00317	0.00630	0.58324	0.00668	0.00679
70	0.00868	0.00620	0.00826	0.00991	0.01033	0.00578	0.00661	0.00991	0.01363	0.01818	0.03925	0.74510	0.04710	0.02231	0.00909	0.00289	0.00413	0.02024	0.00661	0.00578
71	0.80005	0.01377	0.01047	0.00936	0.01377	0.01597	0.00771	0.02093	0.01212	0.03195	0.00991	0.01157	0.00771	0.00661	0.00441	0.00220	0.00551	0.00386	0.00441	0.00771
72	0.01904	0.75404	0.03731	0.01218	0.01828	0.02818	0.01218	0.02132	0.01447	0.01675	0.00990	0.01142	0.00914	0.00609	0.00457	0.00152	0.00761	0.00381	0.00305	0.00914
73	0.01327	0.00664	0.00664	0.00664	0.00830	0.00664	0.00498	0.01659	0.01493	0.02655	0.02323	0.02655	0.01825	0.00830	0.00498	0.00166	0.00332	0.00664	0.78928	0.00664
74	0.01717	0.01039	0.01079	0.00939	0.01219	0.01100	0.00739	0.20425	0.02017	0.03172	0.02150	0.02388	0.01652	0.00837	0.00558	0.00179	0.00459	0.00657	0.56857	0.00818

[dist]
# distance from previous block
# <min> <max>
0	1

[block]
# block no. 4 follows, 29 sequences, length 72
# corresponding to MSA columns:
# 370-441
name=unknown_E
#
# <colnr> <probs for GDERKNQSTAVLIFYWHMCP>
#	G	D	E	R	K	N	Q	S	T	A	V	L	I	F	Y	W	H	M	C	P
0	0.01345	0.01266	0.02136	0.73264	0.04904	0.01582	0.01978	0.01819	0.01424	0.01819	0.01266	0.01898	0.00949	0.00712	0.00712	0.00237	0.00949	0.00633	0.00316	0.00791
1	0.03112	0.01254	0.01667	0.01288	0.01833	0.01120	0.01061	0.05731	0.05195	0.65565	0.02775	0.02410	0.01763	0.00884	0.00716	0.00221	0.00610	0.00718	0.00868	0.01208
2	0.01442	0.01031	0.01275	0.01301	0.01554	0.01080	0.01074	0.02223	0.20829	0.07402	0.03591	0.11190	0.05865	0.01618	0.00879	0.00289	0.00596	0.35248	0.00692	0.00822
3	0.80005	0.01377	0.01047	0.00936	0.01377	0.01597	0.00771	0.02093	0.01212	0.03195	0.00991	0.01157	0.00771	0.00661	0.00441	0.00220	0.00551	0.00386	0.00441	0.00771
4	0.01934	0.72531	0.03663	0.01243	0.01843	0.05582	0.01225	0.02161	0.01470	0.01678	0.00994	0.01148	0.00914	0.00614	0.00464	0.00154	0.00782	0.00384	0.00307	0.00910
5	0.06857	0.01409	0.01729	0.01329	0.01882	0.01346	0.01096	0.18713	0.02282	0.48609	0.02385	0.02146	0.01549	0.00848	0.00693	0.00213	0.00642	0.00668	0.00798	0.04806
6	0.19261	0.07060	0.01777	0.01309	0.01796	0.05220	0.01080	0.22711	0.05157	0.18222	0.07929	0.02050	0.01738	0.00853	0.00644	0.00213	0.00668	0.00639	0.00650	0.01023
7	0.02758	0.01912	0.02086	0.01599	0.02167	0.02086	0.01321	0.61368	0.03210	0.11473	0.01825	0.01785	0.01269	0.00858	0.00713	0.00214	0.00765	0.00649	0.00730	0.01211
8	0.03195	0.01212	0.01652	0.01267	0.01818	0.01047	0.01047	0.03470	0.02038	0.71026	0.02809	0.02424	0.01763	0.00881	0.00716	0.00220	0.00606	0.00716	0.00881	0.01212
9	0.00976	0.00727	0.00908	0.00863	0.01045	0.00658	0.00647	0.01283	0.01941	0.02679	0.58253	0.05609	0.18733	0.01521	0.00840	0.00227	0.00341	0.01328	0.00761	0.00658
10	0.06342	0.01878	0.01923	0.01874	0.11197	0.14203	0.01314	0.13737	0.18292	0.18811	0.02057	0.02007	0.01485	0.00827	0.00689	0.00217	0.00775	0.00652	0.00631	0.01089
11	0.01146	0.00952	0.01390	0.01317	0.01413	0.01197	0.01049	0.01376	0.01132	0.01667	0.01676	0.02503	0.01579	0.04369	0.55580	0.00947	0.18944	0.00730	0.00365	0.00670
12	0.01036	0.00690	0.00777	0.00777	0.00777	0.00690	0.00431	0.01036	0.01036	0.01381	0.02244	0.04660	0.02589	0.74975	0.03624	0.00690	0.00690	0.01036	0.00431	0.00431
13	0.01530	0.07176	0.64816	0.01955	0.02963	0.01685	0.02490	0.02303	0.01524	0.05265	0.01331	0.01526	0.00941	0.00682	0.00667	0.00222	0.01018	0.00527	0.00327	0.01052
14	0.01449	0.06853	0.68300	0.01994	0.03026	0.01705	0.02568	0.02250	0.01501	0.02229	0.01265	0.01487	0.00903	0.00674	0.00667	0.00222	0.01040	0.00520	0.00301	0.01046
15	0.02707	0.01995	0.02137	0.01638	0.02208	0.02208	0.01353	0.68159	0.03348	0.04488	0.01710	0.01710	0.01211	0.00855	0.00712	0.00214	0.00784	0.00641	0.00712	0.01211
16	0.00987	0.00727	0.00923	0.00874	0.01051	0.00663	0.00655	0.01303	0.01966	0.02737	0.62156	0.05514	0.14794	0.01500	0.00840	0.00226	0.00339	0.01315	0.00768	0.00663
17	0.04669	0.07608	0.43986	0.01947	0.02764	0.19114	0.05759	0.02389	0.01626	0.02131	0.01216	0.01438	0.00911	0.00682	0.00656	0.00211	0.01082	0.00513	0.00326	0.00973
18	0.01036	0.00690	0.00777	0.00777	0.00777	0.00690	0.00431	0.01036	0.01036	0.01381	0.02244	0.04660	0.02589	0.74975	0.03624	0.00690	0.00690	0.01036	0.00431	0.00431
19	0.00868	0.00620	0.00826	0.00991	0.01033	0.00578	0.00661	0.00991	0.01363	0.01818	0.03925	0.74510	0.04710	0.02231	0.00909	0.00289	0.00413	0.02024	0.00661	0.00578
20	0.01914	0.01540	0.04231	0.03609	0.01964	0.01599	0.01258	0.31262	0.12212	0.03283	0.04436	0.09945	0.02459	0.01254	0.00796	0.00252	0.00691	0.15641	0.00672	0.00982
21	0.01748	0.01763	0.04999	0.04234	0.65243	0.01696	0.05421	0.02192	0.01621	0.02322	0.01343	0.01762	0.01119	0.00634	0.00711	0.00213	0.00869	0.00641	0.00351	0.01117
22	0.00999	0.00716	0.00919	0.00991	0.01087	0.00686	0.00688	0.04370	0.01603	0.02179	0.19669	0.51315	0.04930	0.05092	0.00999	0.00287	0.00425	0.01737	0.00683	0.00626
23	0.05474	0.01303	0.01484	0.01074	0.01695	0.01037	0.00862	0.04714	0.01545	0.02459	0.01271	0.01471	0.01047	0.00548	0.00531	0.00116	0.00540	0.00430	0.00436	0.71963
24	0.04082	0.01451	0.04980	0.04321	0.20840	0.01397	0.01478	0.05708	0.13102	0.14340	0.02430	0.06896	0.02113	0.01071	0.00763	0.00245	0.00701	0.12478	0.00594	0.01009
25	0.01986	0.57945	0.06751	0.01490	0.05009	0.12965	0.01354	0.02246	0.01542	0.01743	0.01036	0.01209	0.00923	0.00632	0.00506	0.00163	0.00857	0.00411	0.00316	0.00917
26	0.01933	0.68774	0.03557	0.01257	0.01846	0.05979	0.01222	0.02239	0.04497	0.01737	0.01080	0.01216	0.00970	0.00631	0.00477	0.00158	0.00777	0.00403	0.00326	0.00919
27	0.01066	0.00887	0.01436	0.01365	0.01529	0.00869	0.10657	0.01303	0.01477	0.01989	0.07458	0.46997	0.04045	0.01863	0.00969	0.00284	0.03826	0.10713	0.00608	0.00660
28	0.01428	0.03683	0.71286	0.02030	0.03082	0.01654	0.02631	0.02255	0.01503	0.02255	0.01278	0.01503	0.00902	0.00677	0.00677	0.00226	0.01052	0.00526	0.00301	0.01052
29	0.00857	0.00722	0.00743	0.00738	0.00971	0.00608	0.00553	0.01052	0.01660	0.02010	0.13070	0.06710	0.64333	0.01771	0.00841	0.00239	0.00358	0.01483	0.00673	0.00608
30	0.01657	0.01431	0.01564	0.01503	0.04759	0.01618	0.01120	0.03358	0.57089	0.02816	0.03269	0.03239	0.08554	0.01072	0.00746	0.00244	0.00561	0.03644	0.00699	0.01058
31	0.01558	0.01558	0.02181	0.01869	0.01869	0.02181	0.01558	0.01714	0.01091	0.01714	0.00935	0.01558	0.00935	0.01246	0.02337	0.00312	0.73672	0.00623	0.00312	0.00779
32	0.01771	0.01530	0.01610	0.01449	0.01852	0.01771	0.01127	0.03784	0.69247	0.02979	0.02898	0.02657	0.02174	0.00966	0.00725	0.00242	0.00564	0.00805	0.00725	0.01127
33	0.00868	0.00620	0.00826	0.00991	0.01033	0.00578	0.00661	0.00991	0.01363	0.01818	0.03925	0.74510	0.04710	0.02231	0.00909	0.00289	0.00413	0.02024	0.00661	0.00578
34	0.02707	0.01995	0.02137	0.01638	0.02208	0.02208	0.01353	0.68159	0.03348	0.04488	0.01710	0.01710	0.01211	0.00855	0.00712	0.00214	0.00784	0.00641	0.00712	0.01211
35	0.00991	0.00727	0.00928	0.00878	0.01053	0.00665	0.00659	0.01311	0.01976	0.02761	0.63763	0.05475	0.13173	0.01491	0.00840	0.00226	0.00338	0.01310	0.00771	0.00665
36	0.02707	0.01995	0.02137	0.01638	0.02208	0.02208	0.01353	0.68159	0.03348	0.04488	0.01710	0.01710	0.01211	0.00855	0.00712	0.00214	0.00784	0.00641	0.00712	0.01211
37	0.00868	0.00620	0.00826	0.00991	0.01033	0.00578	0.00661	0.00991	0.01363	0.01818	0.03925	0.74510	0.04710	0.02231	0.00909	0.00289	0.00413	0.02024	0.00661	0.00578
38	0.02660	0.03394	0.02018	0.01834	0.02201	0.72116	0.01376	0.02843	0.02018	0.01743	0.01101	0.01284	0.00917	0.00734	0.00642	0.00183	0.01284	0.00459	0.00367	0.00825
39	0.01762	0.01692	0.02890	0.04371	0.70533	0.01692	0.02185	0.02185	0.01621	0.02326	0.01339	0.01762	0.01128	0.00634	0.00705	0.00211	0.00846	0.00634	0.00352	0.01128
40	0.00842	0.00721	0.00721	0.00721	0.00962	0.00601	0.00541	0.01022	0.01623	0.01924	0.07213	0.06853	0.70244	0.01803	0.00842	0.00240	0.00361	0.01503	0.00661	0.00601
41	0.80005	0.01377	0.01047	0.00936	0.01377	0.01597	0.00771	0.02093	0.01212	0.03195	0.00991	0.01157	0.00771	0.00661	0.00441	0.00220	0.00551	0.00386	0.00441	0.00771
42	0.01904	0.75404	0.03731	0.01218	0.01828	0.02818	0.01218	0.02132	0.01447	0.01675	0.00990	0.01142	0.00914	0.00609	0.00457	0.00152	0.00761	0.00381	0.00305	0.00914
43	0.00868	0.00620	0.00826	0.00991	0.01033	0.00578	0.00661	0.00991	0.01363	0.01818	0.03925	0.74510	0.04710	0.02231	0.00909	0.00289	0.00413	0.02024	0.00661	0.00578
44	0.01762	0.01692	0.02890	0.04371	0.70533	0.01692	0.02185	0.02185	0.01621	0.02326	0.01339	0.01762	0.01128	0.00634	0.00705	0.00211	0.00846	0.00634	0.00352	0.01128
45	0.01017	0.00763	0.01144	0.01144	0.01272	0.00890	0.00890	0.01272	0.01144	0.01653	0.01907	0.02797	0.01780	0.05340	0.72153	0.01144	0.01907	0.00763	0.00381	0.00636
46	0.01017	0.00763	0.01144	0.01144	0.01272	0.00890	0.00890	0.01272	0.01144	0.01653	0.01907	0.02797	0.01780	0.05340	0.72153	0.01144	0.01907	0.00763	0.00381	0.00636
47	0.08003	0.49234	0.11964	0.01309	0.01954	0.02306	0.01341	0.02348	0.01526	0.12358	0.01303	0.01384	0.01030	0.00663	0.00523	0.00177	0.00760	0.00451	0.00402	0.00966
48	0.62516	0.01834	0.14528	0.01211	0.01777	0.01615	0.03288	0.02130	0.01282	0.02986	0.01060	0.01247	0.00806	0.00662	0.00498	0.00222	0.00667	0.00427	0.00411	0.00831
49	0.01915	0.69849	0.06258	0.01274	0.01890	0.05469	0.01279	0.02165	0.01471	0.01700	0.01005	0.01162	0.00913	0.00617	0.00473	0.00156	0.00793	0.00389	0.00307	0.00916
50	0.00874	0.00625	0.00832	0.00987	0.01034	0.00583	0.00661	0.01008	0.01394	0.01866	0.06991	0.71307	0.04803	0.02195	0.00906	0.00286	0.00410	0.01990	0.00667	0.00583
