[name]
unknown

[dist]
# distance from previous block
# <min> <max>
1	4

[block]
# block no. 0 follows, 29 sequences, length 18
# corresponding to MSA columns:
# 4-21
name=unknown_A
#
# <colnr> <probs for GDERKNQSTAVLIFYWHMCP>
#	G	D	E	R	K	N	Q	S	T	A	V	L	I	F	Y	W	H	M	C	P
0	0.06567	0.01990	0.05164	0.01564	0.02132	0.06852	0.01326	0.44853	0.02812	0.16884	0.01822	0.01780	0.01260	0.00834	0.00693	0.00214	0.00786	0.00625	0.00688	0.01155
1	0.10430	0.33659	0.14451	0.01432	0.02059	0.09082	0.01420	0.07332	0.04201	0.08015	0.01328	0.01426	0.01037	0.00693	0.00562	0.00189	0.00821	0.00477	0.00419	0.00969
2	0.38827	0.01415	0.04697	0.05174	0.01771	0.01404	0.01002	0.04925	0.04686	0.16453	0.01874	0.02003	0.04598	0.03871	0.00703	0.00237	0.00614	0.00586	0.00548	0.04614
3	0.58264	0.01413	0.01439	0.01186	0.01670	0.01542	0.06939	0.02312	0.04577	0.09703	0.01313	0.01435	0.00975	0.00686	0.00521	0.00218	0.00615	0.00481	0.00489	0.04222
4	0.00898	0.00647	0.00856	0.01000	0.01068	0.00605	0.00697	0.01054	0.01437	0.01912	0.08103	0.61876	0.07596	0.02143	0.00908	0.00286	0.00426	0.07227	0.00668	0.00591
5	0.01809	0.01571	0.02222	0.01931	0.06108	0.01684	0.15591	0.03243	0.43601	0.06913	0.02531	0.02684	0.01944	0.00910	0.00760	0.00242	0.00724	0.03827	0.00631	0.01074
6	0.00949	0.00726	0.00871	0.00834	0.01028	0.00647	0.00626	0.01230	0.01877	0.02527	0.47992	0.05859	0.29089	0.01578	0.00840	0.00230	0.00345	0.01363	0.00741	0.00647
7	0.00913	0.00658	0.00824	0.00912	0.00986	0.00613	0.00611	0.01053	0.01430	0.01905	0.13535	0.45303	0.11856	0.14361	0.01350	0.00342	0.00443	0.01694	0.00640	0.00570
8	0.01904	0.75404	0.03731	0.01218	0.01828	0.02818	0.01218	0.02132	0.01447	0.01675	0.00990	0.01142	0.00914	0.00609	0.00457	0.00152	0.00761	0.00381	0.00305	0.00914
9	0.80005	0.01377	0.01047	0.00936	0.01377	0.01597	0.00771	0.02093	0.01212	0.03195	0.00991	0.01157	0.00771	0.00661	0.00441	0.00220	0.00551	0.00386	0.00441	0.00771
10	0.02073	0.07020	0.10344	0.01495	0.02027	0.03637	0.01325	0.07580	0.38302	0.14785	0.02424	0.02269	0.01761	0.00877	0.00695	0.00226	0.00679	0.00705	0.00660	0.01115
11	0.01551	0.05762	0.02800	0.02198	0.05748	0.04640	0.26625	0.01903	0.01503	0.02056	0.06659	0.11293	0.01909	0.01055	0.01219	0.00256	0.20655	0.00914	0.00414	0.00841
12	0.00868	0.00620	0.00826	0.00991	0.01033	0.00578	0.00661	0.00991	0.01363	0.01818	0.03925	0.74510	0.04710	0.02231	0.00909	0.00289	0.00413	0.02024	0.00661	0.00578
13	0.06260	0.01336	0.02066	0.59629	0.06262	0.01629	0.01836	0.05503	0.04740	0.02116	0.01352	0.01875	0.01016	0.00726	0.00696	0.00234	0.00895	0.00626	0.00366	0.00838
14	0.08011	0.12436	0.04496	0.01473	0.02030	0.01849	0.04511	0.28869	0.02334	0.20412	0.01829	0.01914	0.01326	0.04388	0.00803	0.00232	0.00744	0.00629	0.00632	0.01081
15	0.05388	0.00809	0.00949	0.00944	0.01141	0.00768	0.00689	0.01492	0.05422	0.07826	0.17951	0.27503	0.20104	0.04563	0.00934	0.00268	0.00427	0.01446	0.00687	0.00690
16	0.02068	0.52187	0.03374	0.01496	0.02073	0.13637	0.06773	0.07436	0.01706	0.01957	0.01101	0.01274	0.00951	0.00647	0.00538	0.00169	0.00882	0.00451	0.00351	0.00927
17	0.00949	0.00729	0.00981	0.01038	0.01140	0.00692	0.02473	0.01100	0.01397	0.01871	0.06296	0.54640	0.10372	0.05926	0.01078	0.00296	0.02956	0.01753	0.00624	0.03689

[dist]
# distance from previous block
# <min> <max>
3	8

[block]
# block no. 1 follows, 29 sequences, length 41
# corresponding to MSA columns:
# 31-71
name=unknown_B
#
# <colnr> <probs for GDERKNQSTAVLIFYWHMCP>
#	G	D	E	R	K	N	Q	S	T	A	V	L	I	F	Y	W	H	M	C	P
0	0.13365	0.27111	0.09151	0.01504	0.02106	0.05948	0.07640	0.06559	0.05170	0.12986	0.01491	0.01572	0.01123	0.00705	0.00592	0.00198	0.00797	0.00533	0.00469	0.00981
1	0.17210	0.01393	0.01620	0.08307	0.01992	0.01566	0.01146	0.16112	0.05797	0.09856	0.11613	0.02277	0.01993	0.01059	0.02882	0.00254	0.09335	0.00694	0.00579	0.04317
2	0.06427	0.06191	0.01808	0.03594	0.01934	0.06783	0.01129	0.19638	0.17532	0.07357	0.05880	0.04978	0.01831	0.00890	0.00671	0.00205	0.00675	0.00704	0.00613	0.11161
3	0.00956	0.00690	0.00855	0.00874	0.00995	0.00636	0.00612	0.01141	0.01611	0.02172	0.30715	0.22417	0.17035	0.11145	0.01297	0.03728	0.00417	0.01447	0.00666	0.00590
4	0.01920	0.01592	0.01644	0.01458	0.01873	0.04306	0.01138	0.05685	0.60645	0.07179	0.02791	0.02563	0.02073	0.00949	0.00721	0.00237	0.00599	0.00782	0.00721	0.01124
5	0.75584	0.01368	0.01081	0.00955	0.01402	0.01566	0.00787	0.02172	0.01259	0.07099	0.01096	0.01230	0.00828	0.00674	0.00457	0.00220	0.00554	0.00405	0.00466	0.00797
6	0.03049	0.09608	0.01888	0.01261	0.01819	0.01247	0.01066	0.03319	0.01971	0.63179	0.02603	0.02279	0.01667	0.00851	0.00687	0.00213	0.00624	0.00678	0.00816	0.01178
7	0.01674	0.02124	0.16139	0.06992	0.05743	0.01764	0.38570	0.02236	0.01579	0.05471	0.01403	0.01819	0.01057	0.00710	0.00963	0.00243	0.09452	0.00731	0.00365	0.00964
8	0.00901	0.00667	0.00842	0.00918	0.01029	0.00607	0.00643	0.01091	0.01584	0.02114	0.22256	0.44097	0.16742	0.01948	0.00879	0.00263	0.00383	0.01735	0.00694	0.00607
9	0.00864	0.00634	0.00811	0.00953	0.01023	0.00582	0.00644	0.00996	0.01400	0.01833	0.04393	0.64877	0.14041	0.02170	0.00899	0.00282	0.00406	0.01950	0.00661	0.00582
10	0.01710	0.38957	0.25518	0.01871	0.09728	0.02272	0.01807	0.02149	0.01460	0.01938	0.01118	0.01356	0.00935	0.00678	0.00684	0.00194	0.05872	0.00472	0.00309	0.00973
11	0.00910	0.00684	0.00782	0.00828	0.00942	0.00622	0.00558	0.01038	0.01422	0.01816	0.09225	0.26343	0.29098	0.20640	0.01574	0.00369	0.00459	0.01524	0.00611	0.00556
12	0.03011	0.01302	0.01688	0.01302	0.01836	0.01198	0.01072	0.12870	0.02229	0.57738	0.06113	0.02468	0.01937	0.00907	0.00722	0.00220	0.00618	0.00734	0.00851	0.01184
13	0.01629	0.30146	0.33890	0.01698	0.02400	0.02182	0.01914	0.02114	0.01410	0.01943	0.01110	0.01378	0.00912	0.00751	0.00886	0.00213	0.13680	0.00489	0.00304	0.00953
14	0.02681	0.01970	0.02072	0.01612	0.02163	0.04625	0.01322	0.58113	0.07012	0.08408	0.01824	0.01793	0.01290	0.00858	0.00711	0.00215	0.00778	0.00649	0.00711	0.01192
15	0.01684	0.01618	0.05104	0.20255	0.37116	0.01606	0.08396	0.02198	0.04309	0.05744	0.01676	0.02052	0.03600	0.00719	0.00725	0.00224	0.00872	0.00692	0.00396	0.01014
16	0.02178	0.01020	0.01341	0.01103	0.01485	0.00914	0.00881	0.04787	0.02055	0.37711	0.30256	0.03785	0.07068	0.01158	0.00772	0.00223	0.00491	0.00983	0.00825	0.00964
17	0.02627	0.01932	0.02072	0.01597	0.02140	0.02136	0.01309	0.64950	0.03237	0.04339	0.01735	0.01851	0.01277	0.04399	0.00852	0.00236	0.00779	0.00660	0.00699	0.01174
18	0.01984	0.16327	0.14574	0.01684	0.04683	0.01886	0.05408	0.21791	0.04127	0.06337	0.01718	0.07908	0.01437	0.00854	0.00668	0.00206	0.00788	0.00695	0.00511	0.06414
19	0.02506	0.01794	0.01986	0.05894	0.02235	0.01976	0.01305	0.55235	0.03001	0.07016	0.01834	0.03964	0.01360	0.00886	0.00705	0.00215	0.00747	0.00686	0.05521	0.01133
20	0.00879	0.00625	0.00823	0.00977	0.01015	0.00586	0.00645	0.00995	0.01341	0.01788	0.03809	0.69714	0.04564	0.07226	0.01095	0.00317	0.00432	0.01956	0.00645	0.00568
21	0.03606	0.00912	0.01053	0.00985	0.01106	0.00971	0.00671	0.10974	0.01416	0.01961	0.02148	0.07127	0.02288	0.45867	0.15309	0.00669	0.00906	0.00957	0.00475	0.00600
22	0.60582	0.06485	0.01427	0.09541	0.01876	0.01717	0.00980	0.06141	0.01385	0.03008	0.01068	0.01277	0.00829	0.00675	0.00491	0.00217	0.00627	0.00430	0.00433	0.00810
23	0.00900	0.00650	0.00822	0.00928	0.00997	0.00604	0.00621	0.01036	0.01414	0.01879	0.10729	0.52010	0.11258	0.11166	0.01233	0.00328	0.00435	0.01774	0.00645	0.00572
24	0.02341	0.01710	0.01876	0.01467	0.01998	0.01816	0.01194	0.42383	0.12020	0.07930	0.05819	0.02059	0.01673	0.00861	0.00696	0.00204	0.00681	0.00675	0.00688	0.11908
25	0.00879	0.00625	0.00823	0.00977	0.01015	0.00586	0.00645	0.00995	0.01341	0.01788	0.03809	0.69714	0.04564	0.07226	0.01095	0.00317	0.00432	0.01956	0.00645	0.00568
26	0.01477	0.01266	0.01477	0.01055	0.01687	0.00949	0.00844	0.01793	0.01477	0.02320	0.01266	0.01477	0.01055	0.00527	0.00527	0.00105	0.00527	0.00422	0.00422	0.79328
27	0.01645	0.26590	0.24771	0.01822	0.02597	0.01964	0.15530	0.02152	0.01518	0.02079	0.01215	0.01468	0.00966	0.00616	0.00616	0.00187	0.00910	0.00528	0.00332	0.12494
28	0.04005	0.01755	0.01768	0.01536	0.03619	0.13140	0.01190	0.11608	0.14939	0.13755	0.01895	0.01977	0.01431	0.01092	0.04527	0.00262	0.08884	0.00633	0.03356	0.08629
29	0.00886	0.00645	0.00835	0.00954	0.01031	0.00594	0.00652	0.01046	0.01482	0.01979	0.13908	0.58398	0.10803	0.02080	0.00893	0.00275	0.00397	0.01870	0.00679	0.00594
30	0.01737	0.01666	0.02844	0.08556	0.66546	0.01685	0.02173	0.02163	0.01609	0.02296	0.01335	0.01771	0.01117	0.00639	0.00705	0.00213	0.00852	0.00634	0.00350	0.01107
31	0.02552	0.02017	0.07674	0.01578	0.02140	0.06393	0.01361	0.41115	0.07337	0.14735	0.01915	0.01954	0.01373	0.03549	0.00813	0.00233	0.00791	0.00658	0.00674	0.01139
32	0.02738	0.01693	0.01920	0.01499	0.02042	0.01793	0.01230	0.39938	0.11356	0.24869	0.02201	0.02051	0.01504	0.00877	0.00715	0.00219	0.00701	0.00685	0.00766	0.01201
33	0.03195	0.01212	0.01652	0.01267	0.01818	0.01047	0.01047	0.03470	0.02038	0.71026	0.02809	0.02424	0.01763	0.00881	0.00716	0.00220	0.00606	0.00716	0.00881	0.01212
34	0.00880	0.00639	0.00816	0.00945	0.01010	0.00591	0.00634	0.01010	0.01395	0.01839	0.06580	0.60091	0.11910	0.06756	0.01071	0.00307	0.00422	0.01877	0.00651	0.00575
35	0.06759	0.01926	0.02482	0.12792	0.18773	0.11479	0.11013	0.15747	0.07256	0.02709	0.01486	0.01761	0.01143	0.00727	0.00703	0.00219	0.00919	0.00639	0.00458	0.01009
36	0.01414	0.01330	0.02219	0.59965	0.04441	0.01606	0.06308	0.04689	0.01520	0.01966	0.01523	0.02078	0.03748	0.00774	0.00784	0.00239	0.03550	0.00682	0.00350	0.00813
37	0.00908	0.00675	0.00846	0.00906	0.01029	0.00613	0.00640	0.01111	0.01626	0.02174	0.25957	0.38620	0.18495	0.01895	0.00873	0.00258	0.00378	0.01682	0.00701	0.00613
38	0.19277	0.10477	0.01965	0.09075	0.02198	0.19801	0.01233	0.14646	0.03671	0.06953	0.01534	0.01660	0.03134	0.00771	0.00610	0.00205	0.00846	0.00543	0.00485	0.00917
39	0.09165	0.08113	0.01397	0.01049	0.01359	0.01195	0.00823	0.05438	0.08411	0.11519	0.20066	0.07986	0.09169	0.09989	0.01067	0.00279	0.00528	0.00991	0.00648	0.00808
40	0.28950	0.01852	0.05930	0.01391	0.01887	0.11472	0.04107	0.08611	0.04133	0.07161	0.01368	0.01538	0.01052	0.00885	0.03189	0.00237	0.03718	0.00514	0.00473	0.11533

[dist]
# distance from previous block
# <min> <max>
0	8

[block]
# block no. 2 follows, 29 sequences, length 92
# corresponding to MSA columns:
# 80-171
name=unknown_C
#
# <colnr> <probs for GDERKNQSTAVLIFYWHMCP>
#	G	D	E	R	K	N	Q	S	T	A	V	L	I	F	Y	W	H	M	C	P
0	0.01159	0.00789	0.00885	0.00846	0.00895	0.00803	0.00510	0.06047	0.01248	0.01672	0.04962	0.04467	0.02654	0.66469	0.03294	0.00636	0.00683	0.01016	0.00467	0.00499
1	0.01479	0.01311	0.02162	0.61477	0.04479	0.01580	0.04687	0.02064	0.06516	0.05229	0.01468	0.01981	0.01085	0.00734	0.00719	0.00237	0.00915	0.00658	0.00376	0.00843
2	0.08135	0.01539	0.07203	0.30885	0.07466	0.01566	0.06234	0.06323	0.04829	0.05891	0.01759	0.04312	0.03677	0.00836	0.00772	0.00234	0.04038	0.00707	0.02706	0.00889
3	0.02064	0.01907	0.14045	0.02124	0.15717	0.01636	0.01616	0.07908	0.22514	0.16757	0.02120	0.02115	0.01538	0.00836	0.00775	0.00229	0.03699	0.00685	0.00592	0.01124
4	0.01496	0.04806	0.42759	0.04807	0.05766	0.03584	0.14571	0.02169	0.01589	0.02251	0.05823	0.02057	0.01430	0.00755	0.00724	0.00228	0.01007	0.02837	0.00360	0.00981
5	0.00930	0.00657	0.00858	0.00960	0.01003	0.00649	0.00636	0.01041	0.01252	0.01687	0.03231	0.47353	0.03781	0.20568	0.11477	0.00507	0.00689	0.01606	0.00566	0.00550
6	0.02192	0.36897	0.02938	0.01522	0.02071	0.13255	0.07096	0.05517	0.08891	0.11031	0.01518	0.01585	0.01186	0.00712	0.00593	0.00186	0.00842	0.00534	0.00457	0.00978
7	0.07377	0.01347	0.02047	0.34318	0.10555	0.01469	0.05646	0.05928	0.01595	0.04350	0.04678	0.02095	0.01377	0.04596	0.00836	0.00240	0.00813	0.00659	0.00414	0.09661
8	0.01688	0.22415	0.31155	0.01874	0.02643	0.02015	0.12464	0.07844	0.01666	0.02264	0.01491	0.01708	0.03761	0.00726	0.00710	0.00211	0.03427	0.00590	0.00362	0.00986
9	0.01946	0.06013	0.08351	0.05404	0.16909	0.13995	0.24947	0.02393	0.01695	0.06806	0.01393	0.01725	0.01076	0.00683	0.00785	0.00220	0.03636	0.00660	0.00384	0.00980
10	0.03195	0.01212	0.01652	0.01267	0.01818	0.01047	0.01047	0.03470	0.02038	0.71026	0.02809	0.02424	0.01763	0.00881	0.00716	0.00220	0.00606	0.00716	0.00881	0.01212
11	0.02283	0.04674	0.01954	0.04904	0.02113	0.01864	0.01240	0.43696	0.07275	0.06553	0.02028	0.10457	0.01684	0.00994	0.00717	0.00218	0.00710	0.00798	0.00664	0.05173
12	0.01848	0.09120	0.18840	0.07770	0.11628	0.01817	0.06684	0.19703	0.02036	0.02819	0.04716	0.01849	0.01352	0.00749	0.00681	0.00210	0.00851	0.00629	0.03643	0.03057
13	0.01256	0.01055	0.01510	0.01929	0.21710	0.01018	0.01113	0.04420	0.01766	0.02402	0.23348	0.12048	0.18226	0.03938	0.00900	0.00247	0.00534	0.01184	0.00600	0.00797
14	0.01163	0.00704	0.00919	0.00989	0.01096	0.00650	0.00678	0.01301	0.01439	0.09943	0.06156	0.53841	0.06264	0.09871	0.01174	0.00320	0.00461	0.01721	0.00667	0.00641
15	0.14084	0.01552	0.01973	0.27284	0.13858	0.06417	0.01567	0.08874	0.03801	0.05469	0.01516	0.05524	0.01244	0.00819	0.00724	0.00229	0.03056	0.00665	0.00441	0.00905
16	0.01764	0.34335	0.07602	0.01601	0.07322	0.12287	0.01333	0.02052	0.01611	0.01973	0.12044	0.04883	0.01998	0.00874	0.00719	0.00194	0.05485	0.00647	0.00407	0.00868
17	0.01021	0.00748	0.01069	0.01069	0.01170	0.00849	0.00796	0.01223	0.01122	0.01597	0.01976	0.03179	0.01946	0.19613	0.58108	0.01051	0.01658	0.00819	0.00392	0.00594
18	0.00921	0.00711	0.00825	0.00822	0.00997	0.00631	0.00598	0.01143	0.01708	0.02237	0.30800	0.13713	0.34151	0.06314	0.01023	0.00268	0.00378	0.01449	0.00694	0.00615
19	0.02453	0.08366	0.01957	0.01433	0.01925	0.07005	0.01171	0.23518	0.15767	0.20736	0.02355	0.04632	0.03616	0.00927	0.00698	0.00216	0.00704	0.00728	0.00692	0.01099
20	0.03147	0.01223	0.01651	0.01273	0.01819	0.01071	0.01049	0.03481	0.04305	0.68731	0.02812	0.02432	0.01777	0.00884	0.00716	0.00221	0.00604	0.00719	0.00876	0.01209
21	0.00875	0.00717	0.00771	0.00769	0.00985	0.00613	0.00572	0.01082	0.01685	0.02096	0.19086	0.10089	0.54670	0.01759	0.00845	0.00240	0.00359	0.01489	0.00685	0.00613
22	0.03195	0.01212	0.01652	0.01267	0.01818	0.01047	0.01047	0.03470	0.02038	0.71026	0.02809	0.02424	0.01763	0.00881	0.00716	0.00220	0.00606	0.00716	0.00881	0.01212
23	0.01995	0.66671	0.03524	0.01293	0.01873	0.11221	0.01237	0.02218	0.01516	0.01683	0.01003	0.01159	0.00914	0.00624	0.00479	0.00156	0.00825	0.00390	0.00312	0.00903
24	0.04205	0.02824	0.46231	0.04986	0.02807	0.01518	0.05269	0.02439	0.03805	0.13782	0.01809	0.01923	0.03709	0.00760	0.00693	0.00227	0.00922	0.00619	0.00433	0.01040
25	0.00868	0.00620	0.00826	0.00991	0.01033	0.00578	0.00661	0.00991	0.01363	0.01818	0.03925	0.74510	0.04710	0.02231	0.00909	0.00289	0.00413	0.02024	0.00661	0.00578
26	0.01685	0.01685	0.03070	0.13412	0.42355	0.01707	0.18594	0.02215	0.03976	0.02268	0.01409	0.01852	0.01128	0.00648	0.00741	0.00223	0.00939	0.00692	0.00362	0.01040
27	0.01926	0.67875	0.07918	0.01272	0.01906	0.02672	0.01301	0.02194	0.01474	0.04511	0.01082	0.01217	0.00947	0.00624	0.00481	0.00160	0.00774	0.00403	0.00328	0.00935
28	0.02067	0.45957	0.05788	0.01409	0.01959	0.16930	0.01291	0.02534	0.10033	0.04139	0.01322	0.01417	0.01099	0.00691	0.00546	0.00175	0.00852	0.00467	0.00388	0.00937
29	0.01477	0.01266	0.01477	0.01055	0.01687	0.00949	0.00844	0.01793	0.01477	0.02320	0.01266	0.01477	0.01055	0.00527	0.00527	0.00105	0.00527	0.00422	0.00422	0.79328
30	0.00875	0.00670	0.00803	0.00880	0.01010	0.00598	0.00618	0.01045	0.01537	0.01981	0.13075	0.41241	0.29146	0.01980	0.00876	0.00263	0.00385	0.01744	0.00676	0.00598
31	0.01008	0.00728	0.00955	0.00916	0.01079	0.00674	0.00691	0.01336	0.01976	0.02787	0.64964	0.08038	0.06537	0.01506	0.00848	0.00231	0.00352	0.03933	0.00774	0.00668
32	0.01023	0.00736	0.00908	0.00866	0.01058	0.00661	0.00649	0.01309	0.01889	0.04549	0.49371	0.08422	0.22805	0.01560	0.00839	0.00231	0.00353	0.01356	0.00750	0.00666
33	0.02840	0.01780	0.02004	0.01537	0.02101	0.01890	0.01269	0.50453	0.02989	0.22700	0.02011	0.01905	0.01362	0.00862	0.00713	0.00216	0.00735	0.00662	0.00759	0.01211
34	0.00878	0.00723	0.00772	0.00759	0.00984	0.00617	0.00570	0.01092	0.01709	0.02127	0.20954	0.06518	0.56377	0.01727	0.00841	0.00237	0.00355	0.01456	0.00688	0.00617
35	0.00868	0.00620	0.00826	0.00991	0.01033	0.00578	0.00661	0.00991	0.01363	0.01818	0.03925	0.74510	0.04710	0.02231	0.00909	0.00289	0.00413	0.02024	0.00661	0.00578
36	0.01943	0.71647	0.03642	0.01251	0.01847	0.06433	0.01227	0.02169	0.01477	0.01679	0.00996	0.01150	0.00914	0.00616	0.00467	0.00154	0.00789	0.00385	0.00308	0.00909
37	0.80005	0.01377	0.01047	0.00936	0.01377	0.01597	0.00771	0.02093	0.01212	0.03195	0.00991	0.01157	0.00771	0.00661	0.00441	0.00220	0.00551	0.00386	0.00441	0.00771
38	0.02320	0.02219	0.02220	0.04226	0.18555	0.21173	0.01546	0.26569	0.06590	0.02964	0.01523	0.01704	0.01182	0.00913	0.02933	0.00236	0.00962	0.00603	0.00511	0.01051
39	0.01657	0.01414	0.01520	0.01385	0.01769	0.01589	0.01090	0.03347	0.56576	0.02820	0.03094	0.03299	0.05305	0.01078	0.00745	0.00243	0.00562	0.07017	0.00701	0.04792
40	0.00862	0.00642	0.00803	0.00933	0.01017	0.00583	0.00635	0.00998	0.01420	0.01841	0.04640	0.59802	0.18956	0.02138	0.00894	0.00279	0.00402	0.01911	0.00661	0.00583
41	0.01590	0.01521	0.02701	0.32956	0.21346	0.01639	0.16183	0.05173	0.01626	0.02222	0.01399	0.01899	0.01082	0.00681	0.00727	0.00226	0.00936	0.00680	0.04484	0.00928
42	0.00942	0.00689	0.00901	0.01036	0.01140	0.00648	0.00772	0.01135	0.01494	0.01952	0.06761	0.45647	0.13313	0.02077	0.00917	0.00290	0.00467	0.18551	0.00664	0.00605
43	0.01006	0.00685	0.00797	0.00818	0.00838	0.00681	0.00485	0.01039	0.01103	0.01468	0.02622	0.13751	0.05199	0.59969	0.06100	0.00642	0.00695	0.01169	0.00467	0.00465
44	0.00880	0.00625	0.00823	0.00975	0.01014	0.00587	0.00644	0.00995	0.01339	0.01785	0.03799	0.69308	0.04552	0.07649	0.01111	0.00319	0.00434	0.01951	0.00644	0.00567
45	0.01489	0.09421	0.61351	0.02114	0.07328	0.01751	0.02487	0.02241	0.01506	0.02212	0.01258	0.01491	0.00918	0.00668	0.00660	0.00219	0.01015	0.00521	0.00304	0.01046
46	0.01904	0.75404	0.03731	0.01218	0.01828	0.02818	0.01218	0.02132	0.01447	0.01675	0.00990	0.01142	0.00914	0.00609	0.00457	0.00152	0.00761	0.00381	0.00305	0.00914
47	0.01428	0.03683	0.71286	0.02030	0.03082	0.01654	0.02631	0.02255	0.01503	0.02255	0.01278	0.01503	0.00902	0.00677	0.00677	0.00226	0.01052	0.00526	0.00301	0.01052
48	0.01904	0.75404	0.03731	0.01218	0.01828	0.02818	0.01218	0.02132	0.01447	0.01675	0.00990	0.01142	0.00914	0.00609	0.00457	0.00152	0.00761	0.00381	0.00305	0.00914
49	0.01904	0.75404	0.03731	0.01218	0.01828	0.02818	0.01218	0.02132	0.01447	0.01675	0.00990	0.01142	0.00914	0.00609	0.00457	0.00152	0.00761	0.00381	0.00305	0.00914
50	0.01034	0.00695	0.00801	0.00801	0.00810	0.00704	0.00462	0.01051	0.01043	0.01399	0.02221	0.04535	0.02535	0.70320	0.08206	0.00721	0.00772	0.01017	0.00428	0.00445
51	0.03195	0.01212	0.01652	0.01267	0.01818	0.01047	0.01047	0.03470	0.02038	0.71026	0.02809	0.02424	0.01763	0.00881	0.00716	0.00220	0.00606	0.00716	0.00881	0.01212
52	0.01147	0.00820	0.01147	0.01311	0.01475	0.00820	0.01147	0.01475	0.01639	0.02131	0.03770	0.08032	0.04098	0.01967	0.00984	0.00328	0.00656	0.65741	0.00656	0.00656
53	0.00881	0.00635	0.00838	0.00996	0.01053	0.00592	0.00681	0.01018	0.01389	0.01839	0.04062	0.68060	0.07567	0.02198	0.00910	0.00289	0.00423	0.05325	0.00661	0.00583
54	0.03173	0.01246	0.01674	0.01283	0.01835	0.01098	0.01060	0.06322	0.02096	0.68093	0.02761	0.02392	0.01738	0.00880	0.00716	0.00220	0.00614	0.00713	0.00874	0.01212
55	0.01428	0.03683	0.71286	0.02030	0.03082	0.01654	0.02631	0.02255	0.01503	0.02255	0.01278	0.01503	0.00902	0.00677	0.00677	0.00226	0.01052	0.00526	0.00301	0.01052
56	0.02593	0.06671	0.02092	0.01778	0.02171	0.61649	0.01357	0.07056	0.04611	0.01963	0.01202	0.01357	0.00983	0.00744	0.00641	0.00186	0.01200	0.00480	0.00400	0.00866
57	0.00867	0.00624	0.00822	0.00981	0.01030	0.00579	0.00656	0.00993	0.01373	0.01822	0.04049	0.71958	0.07182	0.02215	0.00906	0.00287	0.00411	0.02005	0.00661	0.00579
58	0.01036	0.00690	0.00777	0.00777	0.00777	0.00690	0.00431	0.01036	0.01036	0.01381	0.02244	0.04660	0.02589	0.74975	0.03624	0.00690	0.00690	0.01036	0.00431	0.00431
59	0.01771	0.01530	0.01610	0.01449	0.01852	0.01771	0.01127	0.03784	0.69247	0.02979	0.02898	0.02657	0.02174	0.00966	0.00725	0.00242	0.00564	0.00805	0.00725	0.01127
60	0.01800	0.59720	0.18504	0.01396	0.02102	0.02563	0.01527	0.02159	0.01459	0.01802	0.01053	0.01221	0.00911	0.00624	0.00505	0.00168	0.00825	0.00413	0.00304	0.00944
61	0.00877	0.00627	0.00838	0.01003	0.01048	0.00587	0.00678	0.01009	0.01373	0.01829	0.03919	0.72167	0.04688	0.02222	0.00911	0.00291	0.00422	0.04270	0.00661	0.00581
62	0.01904	0.75404	0.03731	0.01218	0.01828	0.02818	0.01218	0.02132	0.01447	0.01675	0.00990	0.01142	0.00914	0.00609	0.00457	0.00152	0.00761	0.00381	0.00305	0.00914
63	0.01723	0.06362	0.12492	0.01318	0.01809	0.01395	0.01212	0.02675	0.25166	0.13589	0.10333	0.03310	0.13465	0.01073	0.00730	0.00228	0.00603	0.00885	0.00652	0.00981
64	0.01439	0.03608	0.68421	0.02071	0.03109	0.01660	0.05420	0.02256	0.01511	0.02256	0.01285	0.01521	0.00910	0.00673	0.00684	0.00226	0.01059	0.00540	0.00303	0.01048
65	0.01904	0.75404	0.03731	0.01218	0.01828	0.02818	0.01218	0.02132	0.01447	0.01675	0.00990	0.01142	0.00914	0.00609	0.00457	0.00152	0.00761	0.00381	0.00305	0.00914
66	0.01619	0.01758	0.09667	0.17355	0.37579	0.01643	0.01979	0.02332	0.11780	0.02334	0.03904	0.02019	0.01417	0.00732	0.00711	0.00223	0.00828	0.00671	0.00411	0.01037
67	0.80005	0.01377	0.01047	0.00936	0.01377	0.01597	0.00771	0.02093	0.01212	0.03195	0.00991	0.01157	0.00771	0.00661	0.00441	0.00220	0.00551	0.00386	0.00441	0.00771
68	0.01762	0.01692	0.02890	0.04371	0.70533	0.01692	0.02185	0.02185	0.01621	0.02326	0.01339	0.01762	0.01128	0.00634	0.00705	0.00211	0.00846	0.00634	0.00352	0.01128
69	0.00854	0.00698	0.00754	0.00790	0.00982	0.00598	0.00574	0.01026	0.01577	0.01932	0.08690	0.22494	0.52781	0.01890	0.00857	0.00251	0.00372	0.01616	0.00666	0.00598
70	0.01971	0.01534	0.01858	0.10073	0.13828	0.03802	0.01332	0.26154	0.04756	0.03143	0.01756	0.01986	0.01339	0.00783	0.00650	0.00201	0.00701	0.00637	0.19763	0.03734
71	0.01668	0.01596	0.02720	0.19938	0.55703	0.01667	0.02138	0.02103	0.01577	0.02212	0.01323	0.01793	0.01088	0.00652	0.00707	0.00217	0.00869	0.00634	0.00344	0.01052
72	0.08698	0.06003	0.02078	0.04033	0.05414	0.18862	0.01328	0.33975	0.02508	0.05842	0.01496	0.01598	0.01117	0.00783	0.00654	0.00203	0.00872	0.00566	0.02937	0.01033
73	0.01477	0.03143	0.52168	0.02233	0.03172	0.01657	0.18839	0.02230	0.01565	0.02282	0.03671	0.01738	0.01145	0.00684	0.00723	0.00229	0.01065	0.00630	0.00332	0.01016
74	0.00854	0.00721	0.00741	0.00753	0.00984	0.00609	0.00568	0.01038	0.01614	0.01928	0.06968	0.09282	0.65439	0.01825	0.00849	0.00245	0.00374	0.03944	0.00661	0.00602
75	0.01473	0.01396	0.02442	0.52242	0.10398	0.01609	0.10952	0.04243	0.01527	0.02002	0.01311	0.01892	0.01003	0.00760	0.00805	0.03147	0.00956	0.00661	0.00339	0.00842
76	0.02338	0.15374	0.02472	0.05149	0.12925	0.37187	0.01498	0.10865	0.02000	0.02174	0.01203	0.01414	0.00988	0.00711	0.00632	0.00189	0.01047	0.00503	0.00396	0.00936
77	0.05538	0.01246	0.01652	0.01270	0.01819	0.01106	0.01049	0.05812	0.02061	0.66490	0.02713	0.02358	0.01712	0.00874	0.00707	0.00220	0.00611	0.00703	0.00862	0.01198
78	0.00868	0.00620	0.00826	0.00991	0.01033	0.00578	0.00661	0.00991	0.01363	0.01818	0.03925	0.74510	0.04710	0.02231	0.00909	0.00289	0.00413	0.02024	0.00661	0.00578
79	0.04053	0.04042	0.01146	0.00964	0.01196	0.00909	0.00737	0.06222	0.01904	0.05911	0.39860	0.10952	0.12442	0.05376	0.00950	0.00253	0.00436	0.01220	0.00707	0.00721
80	0.01564	0.01589	0.02219	0.01864	0.02001	0.06839	0.10452	0.01787	0.01287	0.01850	0.01420	0.09899	0.01423	0.01213	0.01763	0.00283	0.46851	0.00802	0.04115	0.00779
81	0.01147	0.00820	0.01147	0.01311	0.01475	0.00820	0.01147	0.01475	0.01639	0.02131	0.03770	0.08032	0.04098	0.01967	0.00984	0.00328	0.00656	0.65741	0.00656	0.00656
82	0.80005	0.01377	0.01047	0.00936	0.01377	0.01597	0.00771	0.02093	0.01212	0.03195	0.00991	0.01157	0.00771	0.00661	0.00441	0.00220	0.00551	0.00386	0.00441	0.00771
83	0.01159	0.00761	0.01000	0.00921	0.01116	0.00698	0.00698	0.01491	0.02017	0.07568	0.65502	0.05119	0.06376	0.01416	0.00831	0.00224	0.00355	0.01248	0.00791	0.00709
84	0.01499	0.14429	0.61164	0.01908	0.02894	0.01828	0.02419	0.02237	0.01495	0.02168	0.01235	0.01449	0.00904	0.00666	0.00644	0.00215	0.01009	0.00504	0.00301	0.01032
85	0.01242	0.00901	0.01205	0.01322	0.01512	0.00919	0.01140	0.05024	0.04268	0.02275	0.03635	0.09865	0.03897	0.01881	0.00957	0.00317	0.00650	0.57629	0.00661	0.00700
86	0.80005	0.01377	0.01047	0.00936	0.01377	0.01597	0.00771	0.02093	0.01212	0.03195	0.00991	0.01157	0.00771	0.00661	0.00441	0.00220	0.00551	0.00386	0.00441	0.00771
87	0.00950	0.00726	0.00872	0.00835	0.01028	0.00647	0.00626	0.01232	0.01879	0.02531	0.48270	0.05852	0.28808	0.01577	0.00840	0.00230	0.00345	0.01363	0.00741	0.00647
88	0.01477	0.01266	0.01477	0.01055	0.01687	0.00949	0.00844	0.01793	0.01477	0.02320	0.01266	0.01477	0.01055	0.00527	0.00527	0.00105	0.00527	0.00422	0.00422	0.79328
89	0.01477	0.01266	0.01477	0.01055	0.01687	0.00949	0.00844	0.01793	0.01477	0.02320	0.01266	0.01477	0.01055	0.00527	0.00527	0.00105	0.00527	0.00422	0.00422	0.79328
90	0.01012	0.00725	0.00882	0.00911	0.01006	0.00676	0.00602	0.01121	0.01280	0.01733	0.05330	0.30394	0.05574	0.32804	0.02023	0.00441	0.00549	0.04744	0.00546	0.07647
91	0.02635	0.02085	0.06830	0.01653	0.02255	0.02134	0.01431	0.61627	0.03181	0.06439	0.01715	0.01718	0.01207	0.00843	0.00710	0.00215	0.00796	0.00636	0.00690	0.01200

[dist]
# distance from previous block
# <min> <max>
0	1

[block]
# block no. 3 follows, 29 sequences, length 61
# corresponding to MSA columns:
# 173-233
name=unknown_D
#
# <colnr> <probs for GDERKNQSTAVLIFYWHMCP>
#	G	D	E	R	K	N	Q	S	T	A	V	L	I	F	Y	W	H	M	C	P
0	0.01525	0.06037	0.65778	0.01967	0.02981	0.01666	0.02510	0.02306	0.01526	0.05380	0.01338	0.01533	0.00942	0.00684	0.00671	0.00223	0.01022	0.00530	0.00327	0.01055
1	0.01018	0.00691	0.00817	0.00832	0.00848	0.00699	0.00497	0.01054	0.01077	0.01448	0.02368	0.10986	0.02708	0.61464	0.10000	0.00697	0.00782	0.01101	0.00448	0.00465
2	0.01542	0.01264	0.01483	0.01063	0.01692	0.00953	0.00851	0.01857	0.01498	0.04942	0.01325	0.01513	0.01082	0.00541	0.00535	0.00110	0.00530	0.00433	0.00439	0.76347
3	0.01117	0.01049	0.04089	0.01463	0.06560	0.00885	0.07900	0.01383	0.01502	0.02028	0.05054	0.35412	0.14284	0.01600	0.00827	0.00248	0.00564	0.04191	0.00570	0.09275
4	0.00874	0.00624	0.00832	0.00987	0.01034	0.00582	0.00661	0.01007	0.01391	0.01862	0.06758	0.71551	0.04796	0.02198	0.00906	0.00286	0.00410	0.01993	0.00666	0.00582
5	0.02380	0.17100	0.02363	0.05584	0.02239	0.31018	0.01351	0.21580	0.02221	0.02528	0.01299	0.01478	0.01041	0.00940	0.03688	0.00230	0.01042	0.00519	0.00453	0.00945
6	0.01907	0.69542	0.06860	0.01278	0.01900	0.05146	0.01290	0.02162	0.01469	0.01705	0.01007	0.01164	0.00913	0.00617	0.00474	0.00157	0.00793	0.00390	0.00307	0.00917
7	0.00845	0.00706	0.00737	0.00762	0.00972	0.00598	0.00559	0.01017	0.01584	0.01908	0.06721	0.16988	0.60427	0.01867	0.00852	0.00248	0.00369	0.01581	0.00661	0.00598
8	0.00870	0.00637	0.00818	0.00954	0.01025	0.00585	0.00647	0.01009	0.01422	0.01872	0.06977	0.63359	0.12915	0.02147	0.00898	0.00281	0.00404	0.01930	0.00666	0.00585
9	0.01770	0.01717	0.02741	0.14613	0.48982	0.04620	0.05698	0.04935	0.03726	0.02330	0.01386	0.01797	0.01124	0.00668	0.00712	0.00217	0.00889	0.00644	0.00374	0.01058
10	0.01724	0.01652	0.02820	0.10770	0.64437	0.01682	0.02166	0.02151	0.01603	0.02279	0.01333	0.01775	0.01111	0.00642	0.00706	0.00214	0.00856	0.00634	0.00349	0.01097
11	0.01558	0.01558	0.02181	0.01869	0.01869	0.02181	0.01558	0.01714	0.01091	0.01714	0.00935	0.01558	0.00935	0.01246	0.02337	0.00312	0.73672	0.00623	0.00312	0.00779
12	0.56778	0.13754	0.08650	0.01202	0.03813	0.01806	0.01077	0.02119	0.01293	0.02823	0.01031	0.01209	0.00819	0.00653	0.00476	0.00209	0.00645	0.00407	0.00401	0.00834
13	0.02828	0.01150	0.01552	0.01208	0.01712	0.00993	0.00988	0.03113	0.02009	0.58885	0.11629	0.02763	0.02385	0.00941	0.00724	0.00216	0.00567	0.00778	0.00847	0.04713
14	0.01602	0.31750	0.42646	0.01684	0.02535	0.02088	0.02024	0.02177	0.01470	0.02009	0.01184	0.01401	0.00933	0.00791	0.02750	0.00225	0.00964	0.00476	0.00305	0.00985
15	0.69360	0.01541	0.04459	0.01051	0.01532	0.01655	0.00911	0.08030	0.01417	0.03266	0.01069	0.01223	0.00817	0.00679	0.00476	0.00220	0.00595	0.00415	0.00458	0.00824
16	0.01638	0.21250	0.45889	0.01928	0.05317	0.01979	0.04329	0.05875	0.01602	0.02239	0.01238	0.01449	0.00937	0.00666	0.00630	0.00207	0.00962	0.00511	0.00328	0.01027
17	0.04793	0.11278	0.46670	0.01950	0.05897	0.03607	0.04311	0.02294	0.05286	0.02285	0.04244	0.01694	0.01232	0.00714	0.00657	0.00217	0.00943	0.00565	0.00357	0.01008
18	0.01483	0.06229	0.54788	0.02271	0.10809	0.01677	0.05531	0.02209	0.01542	0.02263	0.03830	0.01679	0.01152	0.00694	0.00684	0.00221	0.00997	0.00576	0.00328	0.01037
19	0.00875	0.00625	0.00833	0.00987	0.01034	0.00583	0.00662	0.01010	0.01397	0.01871	0.07352	0.70930	0.04814	0.02191	0.00905	0.00286	0.00409	0.01986	0.00667	0.00583
20	0.80005	0.01377	0.01047	0.00936	0.01377	0.01597	0.00771	0.02093	0.01212	0.03195	0.00991	0.01157	0.00771	0.00661	0.00441	0.00220	0.00551	0.00386	0.00441	0.00771
21	0.01681	0.01921	0.04202	0.03001	0.03721	0.01801	0.67947	0.02281	0.01681	0.02281	0.01441	0.01921	0.01080	0.00600	0.00840	0.00240	0.01200	0.00840	0.00360	0.00960
22	0.03076	0.01219	0.01638	0.01271	0.01801	0.01075	0.01043	0.06043	0.02064	0.65341	0.02811	0.05447	0.01865	0.00937	0.00724	0.00223	0.00605	0.00768	0.00865	0.01185
23	0.01681	0.01921	0.04202	0.03001	0.03721	0.01801	0.67947	0.02281	0.01681	0.02281	0.01441	0.01921	0.01080	0.00600	0.00840	0.00240	0.01200	0.00840	0.00360	0.00960
24	0.01036	0.00690	0.00777	0.00777	0.00777	0.00690	0.00431	0.01036	0.01036	0.01381	0.02244	0.04660	0.02589	0.74975	0.03624	0.00690	0.00690	0.01036	0.00431	0.00431
25	0.03195	0.01212	0.01652	0.01267	0.01818	0.01047	0.01047	0.03470	0.02038	0.71026	0.02809	0.02424	0.01763	0.00881	0.00716	0.00220	0.00606	0.00716	0.00881	0.01212
26	0.01525	0.02757	0.37996	0.02252	0.03019	0.03560	0.22192	0.02158	0.01517	0.02168	0.01409	0.05076	0.01140	0.00793	0.00924	0.00242	0.09268	0.00701	0.00339	0.00965
27	0.00973	0.00699	0.00906	0.01006	0.01091	0.00667	0.00694	0.04117	0.01555	0.02100	0.14047	0.60502	0.04860	0.02048	0.00889	0.00276	0.00418	0.01847	0.00682	0.00622
28	0.00868	0.00620	0.00826	0.00991	0.01033	0.00578	0.00661	0.00991	0.01363	0.01818	0.03925	0.74510	0.04710	0.02231	0.00909	0.00289	0.00413	0.02024	0.00661	0.00578
29	0.01681	0.01921	0.04202	0.03001	0.03721	0.01801	0.67947	0.02281	0.01681	0.02281	0.01441	0.01921	0.01080	0.00600	0.00840	0.00240	0.01200	0.00840	0.00360	0.00960
30	0.01960	0.01476	0.01822	0.01337	0.01952	0.01314	0.05162	0.17904	0.01995	0.09887	0.01541	0.01657	0.01166	0.00647	0.00611	0.00152	0.00639	0.00531	0.00535	0.47711
31	0.00959	0.00726	0.00884	0.00845	0.01034	0.00651	0.00633	0.01249	0.01900	0.02582	0.51658	0.05770	0.25390	0.01558	0.00840	0.00229	0.00343	0.01351	0.00748	0.00651
32	0.00888	0.00634	0.00850	0.01015	0.01065	0.00596	0.00697	0.01027	0.01383	0.01841	0.03913	0.69643	0.04665	0.02212	0.00914	0.00292	0.00431	0.06689	0.00661	0.00584
33	0.01661	0.01876	0.04015	0.05748	0.03673	0.01812	0.61878	0.02233	0.01640	0.02233	0.01407	0.01901	0.01068	0.00638	0.00913	0.00244	0.04940	0.00821	0.00356	0.00944
34	0.03950	0.25675	0.48382	0.01747	0.02645	0.02010	0.02140	0.02212	0.01477	0.02105	0.01181	0.01382	0.00902	0.00655	0.00602	0.00203	0.00948	0.00477	0.00306	0.01001
35	0.00937	0.00713	0.00871	0.00958	0.01083	0.00669	0.00681	0.01207	0.05270	0.02017	0.10800	0.45386	0.20076	0.01977	0.00880	0.00271	0.00412	0.04491	0.00676	0.00626
36	0.02915	0.01607	0.12099	0.01393	0.02019	0.01174	0.01294	0.05337	0.01999	0.58617	0.02545	0.02263	0.01616	0.00850	0.00710	0.00221	0.00678	0.00685	0.00789	0.01188
37	0.01726	0.51128	0.23576	0.01445	0.02167	0.02385	0.01613	0.02136	0.01487	0.01895	0.03933	0.01421	0.01150	0.00664	0.00538	0.00177	0.00830	0.00461	0.00323	0.00945
38	0.02114	0.01511	0.11894	0.01316	0.01817	0.01166	0.01200	0.02790	0.13623	0.31188	0.20101	0.03079	0.02993	0.01015	0.00744	0.00226	0.00595	0.00852	0.00742	0.01033
39	0.00868	0.00620	0.00826	0.00991	0.01033	0.00578	0.00661	0.00991	0.01363	0.01818	0.03925	0.74510	0.04710	0.02231	0.00909	0.00289	0.00413	0.02024	0.00661	0.00578
40	0.02763	0.01466	0.01853	0.01460	0.01920	0.01533	0.01206	0.18629	0.04394	0.41561	0.02242	0.02119	0.01509	0.00938	0.00981	0.00234	0.12623	0.00686	0.00742	0.01138
41	0.01558	0.02617	0.35597	0.02993	0.29731	0.01635	0.07841	0.02176	0.01559	0.02267	0.01429	0.04764	0.01169	0.00720	0.00711	0.00224	0.00956	0.00659	0.00342	0.01054
42	0.01898	0.02141	0.07742	0.03747	0.53399	0.14258	0.02073	0.02308	0.01684	0.02217	0.01292	0.01658	0.01074	0.00655	0.00692	0.00208	0.00939	0.00595	0.00351	0.01068
43	0.01710	0.01745	0.01840	0.05200	0.02006	0.14199	0.01233	0.01957	0.01444	0.01991	0.01127	0.01491	0.00985	0.00811	0.01153	0.00194	0.24767	0.00506	0.00370	0.35271
44	0.00968	0.00728	0.00884	0.00865	0.01034	0.00672	0.00642	0.01217	0.01726	0.02316	0.37051	0.05696	0.24830	0.09758	0.05101	0.00335	0.00484	0.04390	0.00681	0.00622
45	0.01331	0.00931	0.01136	0.01034	0.01282	0.00926	0.00791	0.02004	0.15902	0.08147	0.49271	0.04587	0.07167	0.01320	0.00806	0.00228	0.00405	0.01150	0.00776	0.00806
46	0.00991	0.00738	0.00845	0.00824	0.00990	0.00683	0.00589	0.01258	0.03787	0.02230	0.28954	0.07606	0.27221	0.15063	0.01335	0.00315	0.00419	0.01293	0.04245	0.00615
47	0.00947	0.00754	0.00846	0.00837	0.01037	0.00683	0.00617	0.01255	0.05189	0.02217	0.24626	0.12613	0.39749	0.04282	0.00940	0.00256	0.00381	0.01438	0.00692	0.00641
48	0.01598	0.01756	0.03604	0.11157	0.03553	0.01777	0.50026	0.02115	0.01570	0.02144	0.01446	0.04367	0.01172	0.00745	0.01002	0.00250	0.09620	0.00831	0.00360	0.00906
49	0.02462	0.05740	0.02182	0.02135	0.11676	0.57037	0.01462	0.02685	0.01921	0.01843	0.01136	0.01353	0.00952	0.00707	0.00640	0.00183	0.01175	0.00479	0.00365	0.03867
50	0.01048	0.00783	0.00870	0.00828	0.01071	0.00693	0.00627	0.01353	0.04615	0.05796	0.23852	0.06030	0.46611	0.01626	0.00830	0.00235	0.00375	0.01374	0.00709	0.00674
51	0.01662	0.02117	0.17160	0.06833	0.43611	0.01695	0.12119	0.02197	0.01597	0.02282	0.01338	0.01739	0.01066	0.00642	0.00720	0.00220	0.00946	0.00643	0.00341	0.01072
52	0.00892	0.00722	0.00783	0.00769	0.00981	0.00623	0.00571	0.01106	0.01703	0.02146	0.23395	0.06373	0.51224	0.04421	0.00944	0.00253	0.00366	0.01430	0.00685	0.00613
53	0.01430	0.01273	0.01196	0.01101	0.01332	0.10840	0.00812	0.07305	0.08485	0.02429	0.25063	0.06958	0.13791	0.13389	0.01250	0.00301	0.00593	0.01090	0.00633	0.00730
54	0.02517	0.05817	0.02028	0.01762	0.02142	0.60441	0.01338	0.02939	0.10704	0.01900	0.01329	0.01457	0.01080	0.00759	0.00646	0.00190	0.01171	0.00501	0.00411	0.00868
55	0.80005	0.01377	0.01047	0.00936	0.01377	0.01597	0.00771	0.02093	0.01212	0.03195	0.00991	0.01157	0.00771	0.00661	0.00441	0.00220	0.00551	0.00386	0.00441	0.00771
56	0.02675	0.01895	0.02048	0.01576	0.02128	0.02078	0.01300	0.61757	0.03197	0.08098	0.01797	0.01789	0.01268	0.00855	0.00703	0.00212	0.00755	0.00646	0.04034	0.01188
57	0.01695	0.04143	0.05724	0.13018	0.53291	0.01719	0.05790	0.02144	0.01588	0.02234	0.01321	0.01758	0.01086	0.00644	0.00704	0.00215	0.00885	0.00633	0.00345	0.01065
58	0.00861	0.00647	0.00798	0.00920	0.01014	0.00584	0.00629	0.01000	0.01432	0.01846	0.04796	0.56576	0.22081	0.02118	0.00891	0.00276	0.00399	0.01886	0.00661	0.00584
59	0.01390	0.01313	0.02179	0.57075	0.14043	0.01575	0.01923	0.01830	0.01448	0.01893	0.01544	0.02099	0.04244	0.00774	0.00782	0.00237	0.03810	0.00674	0.00338	0.00830
60	0.01718	0.01681	0.02999	0.04001	0.56691	0.01663	0.12190	0.02163	0.01631	0.02309	0.01482	0.02116	0.01276	0.00699	0.00740	0.00222	0.00890	0.04081	0.00370	0.01078

[dist]
# distance from previous block
# <min> <max>
0	20

[block]
# block no. 4 follows, 29 sequences, length 18
# corresponding to MSA columns:
# 254-271
name=unknown_E
#
# <colnr> <probs for GDERKNQSTAVLIFYWHMCP>
#	G	D	E	R	K	N	Q	S	T	A	V	L	I	F	Y	W	H	M	C	P
0	0.00868	0.00650	0.00806	0.00919	0.01016	0.00588	0.00631	0.01016	0.01459	0.01893	0.07841	0.54254	0.21299	0.02087	0.00889	0.00274	0.00396	0.01859	0.00667	0.00588
1	0.00890	0.00636	0.00852	0.01017	0.01069	0.00598	0.00700	0.01031	0.01386	0.01843	0.03912	0.69145	0.04660	0.02210	0.00915	0.00292	0.00433	0.07167	0.00661	0.00585
2	0.08886	0.05025	0.01649	0.01238	0.01725	0.01234	0.01027	0.06098	0.05607	0.46219	0.08008	0.02755	0.02155	0.00955	0.00705	0.00223	0.00596	0.04031	0.00781	0.01085
3	0.02113	0.51093	0.03134	0.01406	0.01935	0.22540	0.01259	0.02419	0.05062	0.01761	0.01119	0.01260	0.00979	0.00663	0.00523	0.00166	0.00901	0.00425	0.00344	0.00899
4	0.01481	0.03370	0.60540	0.02397	0.13679	0.01660	0.02561	0.02244	0.01522	0.02266	0.01288	0.01544	0.00938	0.00670	0.00681	0.00223	0.01020	0.00543	0.00309	0.01064
5	0.01789	0.01919	0.06492	0.03950	0.55665	0.05841	0.09438	0.02238	0.01645	0.02283	0.01333	0.01739	0.01099	0.00639	0.00715	0.00214	0.00922	0.00641	0.00352	0.01088
6	0.01563	0.02035	0.15524	0.02547	0.08522	0.01629	0.36144	0.02293	0.09053	0.02306	0.01835	0.09840	0.01569	0.00835	0.00795	0.00241	0.00989	0.00892	0.00422	0.00967
7	0.00887	0.00632	0.00816	0.00955	0.00999	0.00593	0.00629	0.00998	0.01334	0.01769	0.03852	0.63416	0.07043	0.10985	0.01234	0.00336	0.00444	0.01884	0.00633	0.00562
8	0.02300	0.09470	0.07861	0.02101	0.11792	0.38320	0.01563	0.10531	0.02013	0.02213	0.01339	0.01727	0.01132	0.00777	0.00661	0.00198	0.01065	0.03594	0.00410	0.00933
9	0.03917	0.21174	0.10637	0.03570	0.02026	0.20184	0.01329	0.07456	0.05884	0.02248	0.01588	0.01747	0.02994	0.00758	0.00591	0.00188	0.00852	0.00542	0.11422	0.00893
10	0.01089	0.00831	0.01006	0.00972	0.01158	0.00818	0.00718	0.01621	0.11957	0.02590	0.42598	0.14737	0.11211	0.04329	0.00939	0.00255	0.00397	0.01328	0.00733	0.00712
11	0.01155	0.00867	0.01023	0.00954	0.01187	0.00839	0.00724	0.01717	0.12483	0.04706	0.43062	0.05168	0.20503	0.01442	0.00818	0.00230	0.00385	0.01244	0.00749	0.00743
12	0.01497	0.07017	0.53767	0.05848	0.08539	0.01724	0.05008	0.02272	0.03723	0.02233	0.01326	0.01580	0.00972	0.00678	0.00677	0.00222	0.01005	0.00554	0.00322	0.01037
13	0.01728	0.01673	0.02901	0.09262	0.62483	0.01689	0.05443	0.02164	0.01610	0.02288	0.01339	0.01780	0.01113	0.00638	0.00712	0.00215	0.00871	0.00645	0.00350	0.01095
14	0.01145	0.00831	0.00955	0.00940	0.01182	0.00769	0.00730	0.01527	0.07540	0.06853	0.14233	0.10783	0.38188	0.01673	0.00846	0.00252	0.00433	0.09721	0.00697	0.00703
15	0.01131	0.00937	0.01009	0.01065	0.01193	0.06468	0.00774	0.01355	0.04059	0.01912	0.08906	0.30612	0.11169	0.08708	0.05400	0.04197	0.00630	0.09265	0.00595	0.00616
16	0.01768	0.01727	0.06304	0.06754	0.06675	0.01592	0.35875	0.09127	0.01814	0.07790	0.01891	0.11803	0.01628	0.00884	0.00804	0.00240	0.00961	0.00932	0.00473	0.00957
17	0.08322	0.12908	0.48710	0.01829	0.02698	0.01764	0.06020	0.02161	0.01453	0.02210	0.01222	0.01481	0.00919	0.00749	0.00738	0.04056	0.00957	0.00517	0.00317	0.00968

[dist]
# distance from previous block
# <min> <max>
7	15

[block]
# block no. 5 follows, 29 sequences, length 16
# corresponding to MSA columns:
# 287-302
name=unknown_F
#
# <colnr> <probs for GDERKNQSTAVLIFYWHMCP>
#	G	D	E	R	K	N	Q	S	T	A	V	L	I	F	Y	W	H	M	C	P
0	0.00858	0.00717	0.00747	0.00750	0.00974	0.00607	0.00559	0.01050	0.01647	0.02004	0.12805	0.09894	0.61364	0.01792	0.00845	0.00241	0.00361	0.01508	0.00672	0.00607
1	0.01429	0.01364	0.02346	0.58769	0.15986	0.01609	0.04653	0.01900	0.01468	0.01924	0.01285	0.01876	0.00985	0.00694	0.00716	0.00233	0.00942	0.00641	0.00324	0.00855
2	0.08931	0.07585	0.02186	0.08064	0.05765	0.11047	0.03634	0.24471	0.11681	0.03007	0.01568	0.01714	0.01200	0.00810	0.00764	0.00218	0.05214	0.00603	0.00526	0.01013
3	0.00992	0.00703	0.00931	0.00967	0.01025	0.00744	0.00660	0.01118	0.01149	0.01582	0.02477	0.19062	0.02733	0.32061	0.29763	0.00781	0.01105	0.01143	0.00462	0.00543
4	0.00892	0.00653	0.00818	0.00940	0.01017	0.00604	0.00641	0.01023	0.01389	0.01809	0.04321	0.53343	0.15662	0.08985	0.01156	0.00320	0.00441	0.04773	0.00639	0.00572
5	0.01317	0.02948	0.52958	0.01865	0.05634	0.01426	0.02165	0.01983	0.01521	0.02181	0.02392	0.06255	0.12462	0.00941	0.00717	0.00231	0.00896	0.00770	0.00381	0.00957
