[name]
unknown

[dist]
# distance from previous block
# <min> <max>
0	58

[block]
# block no. 0 follows, 28 sequences, length 25
# corresponding to MSA columns:
# 62-86
name=unknown_A
#
# <colnr> <probs for GDERKNQSTAVLIFYWHMCP>
#	G	D	E	R	K	N	Q	S	T	A	V	L	I	F	Y	W	H	M	C	P
0	0.33803	0.01170	0.01211	0.01207	0.01525	0.01281	0.01029	0.07114	0.01634	0.02820	0.02503	0.04767	0.02537	0.01363	0.00752	0.00280	0.00636	0.33022	0.00583	0.00764
1	0.20901	0.01371	0.01459	0.01215	0.01669	0.04522	0.00977	0.06659	0.06873	0.31860	0.07401	0.05350	0.04741	0.00980	0.00683	0.00228	0.00607	0.00769	0.00721	0.01014
2	0.02367	0.01783	0.01879	0.01518	0.01962	0.04915	0.01210	0.45174	0.09964	0.03667	0.01788	0.01993	0.01375	0.03276	0.01151	0.12858	0.00768	0.00672	0.00639	0.01039
3	0.02060	0.01595	0.01738	0.01439	0.01926	0.01720	0.01146	0.19954	0.35947	0.06992	0.05187	0.02394	0.01976	0.00910	0.00713	0.00218	0.00621	0.00739	0.00704	0.12021
4	0.01070	0.00749	0.01020	0.01020	0.01116	0.00831	0.00742	0.01262	0.01166	0.01694	0.02080	0.03385	0.02056	0.24719	0.46304	0.00953	0.01459	0.00850	0.06930	0.00592
5	0.01373	0.01292	0.02180	0.72707	0.05006	0.01615	0.02019	0.01857	0.01453	0.01857	0.01292	0.01938	0.00969	0.00727	0.00727	0.00242	0.00969	0.00646	0.00323	0.00807
6	0.01984	0.71104	0.03716	0.01277	0.01886	0.06516	0.01252	0.02215	0.01508	0.01714	0.01017	0.01174	0.00933	0.00629	0.00476	0.00157	0.00806	0.00393	0.00314	0.00928
7	0.01373	0.01292	0.02180	0.72707	0.05006	0.01615	0.02019	0.01857	0.01453	0.01857	0.01292	0.01938	0.00969	0.00727	0.00727	0.00242	0.00969	0.00646	0.00323	0.00807
8	0.01808	0.01561	0.01644	0.01479	0.01890	0.01808	0.01151	0.03863	0.68606	0.03041	0.02959	0.02712	0.02219	0.00986	0.00740	0.00247	0.00575	0.00822	0.00740	0.01151
9	0.02701	0.01660	0.01901	0.01477	0.02005	0.01737	0.01212	0.41736	0.02882	0.22943	0.09992	0.02382	0.02053	0.00952	0.00743	0.00221	0.00695	0.00753	0.00784	0.01172
10	0.01458	0.03760	0.70688	0.02072	0.03146	0.01688	0.02686	0.02302	0.01535	0.02302	0.01304	0.01535	0.00921	0.00691	0.00691	0.00230	0.01074	0.00537	0.00307	0.01074
11	0.01049	0.00701	0.00795	0.00803	0.00805	0.00699	0.00451	0.01055	0.01073	0.01430	0.02370	0.07966	0.02743	0.71108	0.03571	0.00686	0.00692	0.01104	0.00451	0.00447
12	0.01575	0.01452	0.05748	0.47860	0.03962	0.01624	0.01825	0.02146	0.06788	0.07548	0.01544	0.02021	0.01163	0.00987	0.03498	0.00282	0.08030	0.00665	0.00404	0.00877
13	0.02633	0.01939	0.02089	0.01627	0.02171	0.02139	0.01333	0.62888	0.03277	0.04392	0.01902	0.06752	0.01484	0.00970	0.00741	0.00223	0.00774	0.00752	0.00724	0.01191
14	0.00891	0.00640	0.00837	0.00991	0.01041	0.00596	0.00660	0.01015	0.01390	0.01842	0.04088	0.68193	0.07621	0.05166	0.01036	0.00309	0.00431	0.02002	0.00665	0.00585
15	0.02419	0.01814	0.01958	0.01566	0.02068	0.02007	0.01269	0.50720	0.12815	0.04093	0.04801	0.07206	0.01862	0.01014	0.00749	0.00228	0.00721	0.00807	0.00728	0.01155
16	0.07387	0.07684	0.20721	0.02729	0.15476	0.01857	0.26066	0.02253	0.01579	0.02328	0.01319	0.01690	0.01023	0.00673	0.00797	0.00231	0.04167	0.00658	0.00350	0.01010
17	0.01776	0.01542	0.01683	0.06703	0.02119	0.01794	0.01214	0.03716	0.63682	0.02954	0.02836	0.02655	0.02127	0.00967	0.00739	0.00246	0.00604	0.00809	0.00709	0.01125
18	0.00907	0.00648	0.00868	0.01036	0.01087	0.00608	0.00711	0.01048	0.01412	0.01879	0.03995	0.69156	0.04762	0.02258	0.00933	0.00298	0.00440	0.06683	0.00674	0.00596
19	0.01751	0.01716	0.03042	0.10455	0.56103	0.01730	0.10038	0.02209	0.01644	0.02322	0.01373	0.01831	0.01129	0.00651	0.00737	0.00222	0.00917	0.00673	0.00357	0.01100
20	0.01776	0.01704	0.02909	0.08148	0.66413	0.01721	0.02219	0.02211	0.01644	0.02347	0.01363	0.01807	0.01142	0.00652	0.00720	0.00217	0.00869	0.00648	0.00358	0.01133
21	0.00882	0.00736	0.00761	0.00774	0.00997	0.00626	0.00577	0.01062	0.01621	0.01943	0.06867	0.09238	0.61571	0.05221	0.00999	0.00272	0.00398	0.04182	0.00664	0.00607
22	0.64177	0.01489	0.03910	0.01064	0.01548	0.01582	0.00912	0.02386	0.04911	0.10433	0.01326	0.01415	0.00977	0.00716	0.00505	0.00226	0.00589	0.00458	0.00508	0.00866
23	0.63534	0.01355	0.01194	0.04315	0.01617	0.01525	0.00876	0.02271	0.01383	0.11581	0.03781	0.01534	0.01146	0.00735	0.00513	0.00226	0.00580	0.00481	0.00513	0.00841
24	0.09698	0.01236	0.01245	0.01111	0.01455	0.04915	0.00882	0.11136	0.05659	0.08838	0.12605	0.04586	0.26439	0.01359	0.00779	0.00239	0.00553	0.05750	0.00682	0.00831

[dist]
# distance from previous block
# <min> <max>
13	24

[block]
# block no. 1 follows, 28 sequences, length 75
# corresponding to MSA columns:
# 111-185
name=unknown_B
#
# <colnr> <probs for GDERKNQSTAVLIFYWHMCP>
#	G	D	E	R	K	N	Q	S	T	A	V	L	I	F	Y	W	H	M	C	P
0	0.12617	0.01465	0.01586	0.01315	0.01771	0.01549	0.01055	0.23246	0.12723	0.15538	0.02749	0.08998	0.08017	0.01076	0.00718	0.00231	0.00619	0.00863	0.00706	0.03159
1	0.02014	0.01488	0.01682	0.01347	0.01809	0.01512	0.01069	0.32725	0.02362	0.05224	0.01998	0.11035	0.01786	0.05551	0.05989	0.00298	0.00761	0.00812	0.00613	0.19926
2	0.02416	0.17923	0.02353	0.01473	0.02014	0.06990	0.01248	0.32146	0.02448	0.10541	0.01650	0.01742	0.01247	0.01164	0.06420	0.00273	0.00889	0.00587	0.00584	0.05893
3	0.18146	0.01316	0.01942	0.57320	0.04234	0.01618	0.01755	0.01917	0.01407	0.02158	0.01232	0.01776	0.00930	0.00716	0.00667	0.00239	0.00882	0.00592	0.00350	0.00803
4	0.02763	0.02036	0.02182	0.01672	0.02254	0.02254	0.01382	0.67496	0.03418	0.04581	0.01745	0.01745	0.01236	0.00873	0.00727	0.00218	0.00800	0.00654	0.00727	0.01236
5	0.01466	0.03703	0.68571	0.02103	0.03167	0.01693	0.04745	0.02303	0.01540	0.02303	0.01310	0.01548	0.00927	0.00688	0.00696	0.00231	0.01079	0.00547	0.00309	0.01071
6	0.01057	0.00705	0.00793	0.00793	0.00793	0.00705	0.00440	0.01057	0.01057	0.01409	0.02290	0.04757	0.02643	0.74454	0.03700	0.00705	0.00705	0.01057	0.00440	0.00440
7	0.02718	0.03382	0.02067	0.01861	0.02248	0.67532	0.01403	0.06635	0.02138	0.01941	0.01160	0.01336	0.00954	0.00756	0.00660	0.00189	0.01281	0.00479	0.00395	0.00865
8	0.01769	0.01687	0.02824	0.09222	0.61520	0.01723	0.02157	0.02293	0.05299	0.02374	0.01449	0.01859	0.01197	0.00672	0.00721	0.00219	0.00855	0.00657	0.00378	0.01127
9	0.01729	0.01648	0.02805	0.12694	0.60013	0.01688	0.02174	0.02164	0.01631	0.02306	0.01430	0.02002	0.01217	0.00697	0.00729	0.00223	0.00871	0.02520	0.00364	0.01095
10	0.03261	0.01237	0.01687	0.01293	0.01856	0.01068	0.01068	0.03543	0.02081	0.70423	0.02868	0.02474	0.01799	0.00900	0.00731	0.00225	0.00619	0.00731	0.00900	0.01237
11	0.02789	0.01995	0.02156	0.01653	0.02234	0.02194	0.01366	0.64234	0.03349	0.07939	0.01802	0.01782	0.01265	0.00874	0.00727	0.00218	0.00791	0.00658	0.00736	0.01236
12	0.01388	0.01317	0.02264	0.53168	0.11124	0.01534	0.06537	0.01840	0.01493	0.01946	0.01689	0.07814	0.03108	0.00864	0.00755	0.00244	0.00917	0.00798	0.00367	0.00832
13	0.00859	0.00736	0.00736	0.00736	0.00982	0.00614	0.00552	0.01043	0.01657	0.01964	0.07364	0.06996	0.69624	0.01841	0.00859	0.00245	0.00368	0.01534	0.00675	0.00614
14	0.79588	0.01406	0.01068	0.00956	0.01406	0.01631	0.00787	0.02137	0.01237	0.03261	0.01012	0.01181	0.00787	0.00675	0.00450	0.00225	0.00562	0.00394	0.00450	0.00787
15	0.01130	0.00812	0.01006	0.01073	0.01182	0.00803	0.00744	0.09070	0.01638	0.02193	0.06052	0.57777	0.04298	0.07200	0.01098	0.00312	0.00485	0.01796	0.00669	0.00661
16	0.54372	0.04002	0.01446	0.10129	0.01992	0.04499	0.01042	0.06315	0.05675	0.03041	0.01220	0.01412	0.00939	0.00714	0.00529	0.00224	0.00666	0.00471	0.00462	0.00848
17	0.00859	0.00736	0.00736	0.00736	0.00982	0.00614	0.00552	0.01043	0.01657	0.01964	0.07364	0.06996	0.69624	0.01841	0.00859	0.00245	0.00368	0.01534	0.00675	0.00614
18	0.01725	0.01762	0.02650	0.02217	0.04855	0.04745	0.14495	0.05277	0.01405	0.02032	0.01118	0.01668	0.01004	0.01079	0.01873	0.00290	0.49908	0.00675	0.00352	0.00869
19	0.01517	0.07434	0.52117	0.02180	0.03132	0.01752	0.14779	0.02261	0.01561	0.02259	0.01401	0.03799	0.01074	0.00720	0.00717	0.00231	0.01066	0.00636	0.00330	0.01034
20	0.01960	0.01486	0.01613	0.01426	0.01850	0.01664	0.01116	0.03709	0.57279	0.11776	0.03122	0.02851	0.04843	0.01009	0.00743	0.00244	0.00573	0.00838	0.00758	0.01140
21	0.02352	0.01792	0.01832	0.01470	0.01911	0.05669	0.01164	0.46374	0.05490	0.03720	0.01889	0.02328	0.01534	0.13398	0.01218	0.00298	0.00777	0.00721	0.05019	0.01044
22	0.01618	0.01787	0.03799	0.06705	0.05365	0.01700	0.55426	0.02171	0.01668	0.02257	0.01707	0.09034	0.01461	0.00784	0.00854	0.00249	0.01123	0.00959	0.00395	0.00937
23	0.01799	0.01727	0.02950	0.04462	0.69919	0.01727	0.02231	0.02231	0.01655	0.02375	0.01367	0.01799	0.01151	0.00648	0.00720	0.00216	0.00864	0.00648	0.00360	0.01151
24	0.00904	0.00765	0.00784	0.00774	0.01020	0.00659	0.00582	0.01162	0.03955	0.02069	0.11700	0.06737	0.62812	0.01786	0.00855	0.00244	0.00373	0.01494	0.00686	0.00637
25	0.10075	0.17527	0.02084	0.01270	0.01787	0.01686	0.01086	0.12646	0.04556	0.28333	0.09809	0.02298	0.02023	0.00883	0.00660	0.00210	0.00642	0.00682	0.00682	0.01059
26	0.01802	0.01581	0.02411	0.67914	0.05063	0.01817	0.02117	0.02133	0.01711	0.02252	0.01718	0.02502	0.01383	0.01011	0.00903	0.00319	0.01086	0.00777	0.00475	0.01025
27	0.00898	0.00638	0.00840	0.00997	0.01036	0.00599	0.00658	0.01015	0.01368	0.01824	0.03885	0.69067	0.04654	0.07399	0.01125	0.00324	0.00442	0.01995	0.00658	0.00580
28	0.03066	0.01431	0.01713	0.01347	0.01878	0.06144	0.01098	0.06943	0.04271	0.57270	0.05168	0.02469	0.01909	0.00912	0.00730	0.00223	0.00666	0.00733	0.00844	0.01186
29	0.01911	0.02070	0.03258	0.03604	0.37695	0.12424	0.23640	0.02366	0.01737	0.02268	0.01364	0.01778	0.01103	0.00652	0.00756	0.00221	0.01052	0.00690	0.00365	0.01048
30	0.00906	0.00647	0.00867	0.01035	0.01086	0.00608	0.00710	0.01047	0.01412	0.01878	0.03995	0.69311	0.04763	0.02258	0.00933	0.00298	0.00439	0.06534	0.00674	0.00596
31	0.03083	0.01393	0.05454	0.01346	0.01928	0.01143	0.01161	0.03492	0.05708	0.62996	0.02787	0.02436	0.01774	0.00893	0.00729	0.00226	0.00641	0.00725	0.00859	0.01223
32	0.01768	0.01696	0.02895	0.09385	0.65237	0.01719	0.02216	0.02204	0.01641	0.02337	0.01362	0.01809	0.01138	0.00653	0.00720	0.00218	0.00871	0.00648	0.00357	0.01127
33	0.01525	0.01570	0.04970	0.44466	0.20571	0.01674	0.10759	0.02026	0.01540	0.02061	0.01334	0.01894	0.01030	0.00691	0.00741	0.00236	0.00981	0.00671	0.00337	0.00923
34	0.02763	0.02036	0.02182	0.01672	0.02254	0.02254	0.01382	0.67496	0.03418	0.04581	0.01745	0.01745	0.01236	0.00873	0.00727	0.00218	0.00800	0.00654	0.00727	0.01236
35	0.02727	0.02018	0.02161	0.01665	0.02241	0.02238	0.01373	0.65115	0.05857	0.04524	0.01791	0.01781	0.01273	0.00877	0.00728	0.00219	0.00791	0.00661	0.00728	0.01233
36	0.01013	0.00778	0.00956	0.01049	0.01242	0.00721	0.00862	0.01266	0.01646	0.02059	0.05415	0.12335	0.33181	0.01953	0.00934	0.00292	0.00519	0.32468	0.00672	0.00639
37	0.01057	0.00705	0.00793	0.00793	0.00793	0.00705	0.00440	0.01057	0.01057	0.01409	0.02290	0.04757	0.02643	0.74454	0.03700	0.00705	0.00705	0.01057	0.00440	0.00440
38	0.02247	0.46945	0.03130	0.01483	0.02015	0.27355	0.01306	0.04640	0.01751	0.01832	0.01076	0.01237	0.00944	0.00676	0.00543	0.00169	0.00968	0.00426	0.00348	0.00911
39	0.01943	0.74891	0.03809	0.01244	0.01866	0.02876	0.01244	0.02177	0.01477	0.01710	0.01011	0.01166	0.00933	0.00622	0.00466	0.00155	0.00777	0.00389	0.00311	0.00933
40	0.01477	0.01292	0.01656	0.16955	0.02451	0.01112	0.01118	0.01836	0.01495	0.02255	0.01292	0.01603	0.01053	0.00580	0.00580	0.00137	0.00634	0.00478	0.00407	0.61587
41	0.01804	0.01349	0.01470	0.01290	0.01668	0.01444	0.01007	0.16870	0.26682	0.07861	0.03763	0.12306	0.16788	0.01300	0.00785	0.00245	0.00564	0.01087	0.00726	0.00990
42	0.01306	0.01095	0.01690	0.06246	0.23226	0.01086	0.01313	0.01677	0.01825	0.02555	0.33583	0.06742	0.04305	0.01267	0.00827	0.00241	0.00588	0.08981	0.00612	0.00835
43	0.01458	0.03760	0.70688	0.02072	0.03146	0.01688	0.02686	0.02302	0.01535	0.02302	0.01304	0.01535	0.00921	0.00691	0.00691	0.00230	0.01074	0.00537	0.00307	0.01074
44	0.00961	0.00886	0.00809	0.00799	0.01051	0.04513	0.00599	0.01145	0.01679	0.01954	0.07021	0.06683	0.65848	0.01781	0.00848	0.00242	0.00420	0.01476	0.00658	0.00626
45	0.01702	0.02060	0.07940	0.03009	0.03763	0.01830	0.63728	0.02327	0.01706	0.02327	0.01461	0.01937	0.01093	0.00617	0.00849	0.00244	0.01217	0.00840	0.00364	0.00986
46	0.01471	0.03668	0.67302	0.02122	0.03179	0.01696	0.05980	0.02303	0.01544	0.02303	0.01313	0.01556	0.00930	0.00687	0.00699	0.00231	0.01082	0.00553	0.00310	0.01069
47	0.00902	0.00644	0.00862	0.01031	0.01080	0.00605	0.00703	0.01041	0.01408	0.01874	0.03997	0.70178	0.04772	0.02262	0.00932	0.00297	0.00436	0.05705	0.00674	0.00595
48	0.01808	0.01561	0.01644	0.01479	0.01890	0.01808	0.01151	0.03863	0.68606	0.03041	0.02959	0.02712	0.02219	0.00986	0.00740	0.00247	0.00575	0.00822	0.00740	0.01151
49	0.02445	0.01227	0.01544	0.01254	0.01692	0.01173	0.01008	0.12239	0.06425	0.36988	0.19591	0.05793	0.03134	0.01101	0.00770	0.00229	0.00565	0.00923	0.00831	0.01068
50	0.00955	0.00683	0.00889	0.01022	0.01085	0.00650	0.00690	0.03116	0.01470	0.01967	0.06322	0.66981	0.04704	0.04472	0.01006	0.00303	0.00440	0.01962	0.00674	0.00610
51	0.00871	0.00737	0.00753	0.00749	0.00989	0.00619	0.00562	0.01067	0.01686	0.02033	0.11876	0.06882	0.65069	0.01815	0.00859	0.00244	0.00366	0.01518	0.00684	0.00619
52	0.01796	0.01677	0.02768	0.15639	0.54297	0.01746	0.02135	0.06800	0.01747	0.02445	0.01382	0.01818	0.01127	0.00677	0.00721	0.00220	0.00877	0.00648	0.00380	0.01100
53	0.02526	0.15468	0.02393	0.01841	0.04862	0.49657	0.01401	0.07855	0.03860	0.02045	0.01213	0.01378	0.01003	0.00739	0.00634	0.00187	0.01142	0.00486	0.00401	0.00910
54	0.01934	0.67349	0.08575	0.01325	0.01971	0.05108	0.01353	0.02210	0.01501	0.01755	0.01036	0.01198	0.00932	0.00631	0.00489	0.00162	0.00817	0.00402	0.00313	0.00940
55	0.00877	0.00737	0.00761	0.00755	0.00993	0.00621	0.00566	0.01078	0.01699	0.02064	0.13952	0.06830	0.62973	0.01803	0.00859	0.00244	0.00366	0.01511	0.00688	0.00621
56	0.01911	0.01538	0.01647	0.01466	0.01888	0.01756	0.01145	0.03840	0.63885	0.07822	0.02952	0.02695	0.02189	0.00980	0.00739	0.00245	0.00578	0.00815	0.00751	0.01157
57	0.15567	0.01432	0.01632	0.01329	0.01835	0.01471	0.01086	0.12495	0.15175	0.34590	0.02443	0.02365	0.01701	0.00907	0.00693	0.00231	0.00628	0.02529	0.00762	0.01129
58	0.00886	0.00633	0.00843	0.01012	0.01054	0.00590	0.00675	0.01012	0.01392	0.01856	0.04006	0.73979	0.04808	0.02277	0.00928	0.00295	0.00422	0.02066	0.00675	0.00590
59	0.02634	0.06277	0.02180	0.01989	0.05952	0.64902	0.01443	0.02836	0.02014	0.01809	0.01132	0.01332	0.00948	0.00738	0.00651	0.00188	0.01265	0.00475	0.00371	0.00863
60	0.01230	0.00911	0.01142	0.01124	0.01342	0.00904	0.00908	0.06297	0.05661	0.02728	0.34834	0.06034	0.10247	0.01611	0.00889	0.00265	0.00496	0.21897	0.00739	0.00740
61	0.15849	0.01265	0.01585	0.01238	0.01781	0.01161	0.01022	0.03311	0.01941	0.59347	0.02562	0.02261	0.01632	0.00863	0.00685	0.00225	0.00609	0.00675	0.00826	0.01163
62	0.00932	0.00682	0.00876	0.00947	0.01057	0.00626	0.00665	0.01140	0.01651	0.02233	0.26966	0.42804	0.12824	0.01955	0.00896	0.00267	0.00389	0.01747	0.00718	0.00626
63	0.02411	0.01850	0.02097	0.01645	0.02176	0.02030	0.04644	0.48683	0.13417	0.04059	0.05787	0.02260	0.03656	0.00938	0.00747	0.00225	0.00749	0.00752	0.00713	0.01162
64	0.01943	0.74891	0.03809	0.01244	0.01866	0.02876	0.01244	0.02177	0.01477	0.01710	0.01011	0.01166	0.00933	0.00622	0.00466	0.00155	0.00777	0.00389	0.00311	0.00933
65	0.00886	0.00633	0.00843	0.01012	0.01054	0.00590	0.00675	0.01012	0.01392	0.01856	0.04006	0.73979	0.04808	0.02277	0.00928	0.00295	0.00422	0.02066	0.00675	0.00590
66	0.01711	0.01946	0.04205	0.03017	0.03722	0.01854	0.64605	0.02305	0.01691	0.02305	0.01450	0.01946	0.01097	0.00640	0.00920	0.00248	0.04153	0.00849	0.00366	0.00973
67	0.02061	0.01620	0.01672	0.01475	0.01905	0.05514	0.01153	0.03765	0.55638	0.12424	0.02846	0.02602	0.02090	0.00961	0.00734	0.00240	0.00622	0.00790	0.00742	0.01146
68	0.00889	0.00667	0.00826	0.00936	0.01038	0.00603	0.00645	0.01045	0.01506	0.01958	0.09502	0.52254	0.21269	0.02111	0.00906	0.00278	0.00403	0.01879	0.00684	0.00603
69	0.01708	0.01939	0.04170	0.02997	0.03690	0.01861	0.63483	0.02295	0.01681	0.02295	0.01441	0.01939	0.01094	0.00651	0.00946	0.00249	0.05380	0.00845	0.00365	0.00970
70	0.02548	0.15096	0.02359	0.04015	0.02273	0.54200	0.01396	0.06279	0.02019	0.01923	0.01144	0.01331	0.00953	0.00734	0.00630	0.00185	0.01184	0.00471	0.00382	0.00878
71	0.01305	0.00838	0.01139	0.01229	0.01425	0.00805	0.01032	0.01600	0.01699	0.08628	0.07623	0.15027	0.09014	0.01893	0.00951	0.00307	0.00596	0.43477	0.00699	0.00711
72	0.01575	0.13055	0.53984	0.01877	0.02806	0.01763	0.02319	0.02278	0.01558	0.04920	0.01507	0.01995	0.01189	0.00783	0.00684	0.00227	0.00987	0.05101	0.00357	0.01033
73	0.01120	0.00857	0.00983	0.00972	0.01211	0.00808	0.00758	0.01570	0.09271	0.04391	0.18865	0.08737	0.35103	0.01684	0.00865	0.00256	0.00440	0.10679	0.00714	0.00715
74	0.03125	0.01340	0.01737	0.01344	0.01900	0.01236	0.01106	0.10316	0.06066	0.59574	0.02754	0.02411	0.01764	0.00902	0.00731	0.00225	0.00635	0.00728	0.00872	0.01232

[dist]
# distance from previous block
# <min> <max>
0	1

[block]
# block no. 2 follows, 28 sequences, length 55
# corresponding to MSA columns:
# 187-241
name=unknown_C
#
# <colnr> <probs for GDERKNQSTAVLIFYWHMCP>
#	G	D	E	R	K	N	Q	S	T	A	V	L	I	F	Y	W	H	M	C	P
0	0.70373	0.01446	0.01201	0.04391	0.01637	0.01675	0.00888	0.06826	0.01404	0.03290	0.01078	0.01257	0.00828	0.00691	0.00483	0.00225	0.00599	0.00424	0.00464	0.00820
1	0.02539	0.05478	0.02087	0.01724	0.02172	0.37643	0.01347	0.20740	0.14128	0.02766	0.01613	0.01671	0.01244	0.00820	0.00683	0.00205	0.01021	0.00578	0.00533	0.01008
2	0.01137	0.00923	0.01357	0.01300	0.01407	0.01143	0.01030	0.01378	0.01158	0.01698	0.01770	0.02630	0.01664	0.04708	0.59259	0.01017	0.14615	0.00753	0.00377	0.00675
3	0.02763	0.02036	0.02182	0.01672	0.02254	0.02254	0.01382	0.67496	0.03418	0.04581	0.01745	0.01745	0.01236	0.00873	0.00727	0.00218	0.00800	0.00654	0.00727	0.01236
4	0.05360	0.12577	0.21986	0.02647	0.14941	0.01926	0.23390	0.02254	0.01579	0.02267	0.01303	0.01655	0.01018	0.00667	0.00765	0.00225	0.03444	0.00637	0.00344	0.01015
5	0.01943	0.74891	0.03809	0.01244	0.01866	0.02876	0.01244	0.02177	0.01477	0.01710	0.01011	0.01166	0.00933	0.00622	0.00466	0.00155	0.00777	0.00389	0.00311	0.00933
6	0.01596	0.01534	0.02329	0.41817	0.18606	0.04383	0.03993	0.02303	0.11870	0.02165	0.01564	0.02003	0.01204	0.00747	0.00729	0.00235	0.00907	0.00673	0.00399	0.00943
7	0.01362	0.00822	0.01048	0.00946	0.01193	0.00736	0.00725	0.01668	0.01993	0.13689	0.48174	0.05217	0.16702	0.01451	0.00837	0.00231	0.00392	0.01257	0.00795	0.00763
8	0.13036	0.03760	0.01098	0.00934	0.01165	0.00916	0.00723	0.01520	0.01910	0.02920	0.56400	0.04615	0.05701	0.01328	0.00780	0.00225	0.00393	0.01138	0.00728	0.00711
9	0.01590	0.01590	0.02226	0.01908	0.01908	0.02226	0.01590	0.01749	0.01113	0.01749	0.00954	0.01590	0.00954	0.01272	0.02385	0.00318	0.73123	0.00636	0.00318	0.00795
10	0.02197	0.01479	0.01661	0.01360	0.01773	0.01605	0.01098	0.37961	0.02546	0.08415	0.02075	0.05545	0.01645	0.01634	0.11494	0.00358	0.00862	0.00750	0.14526	0.01017
11	0.01901	0.01757	0.01687	0.01520	0.01927	0.08986	0.01177	0.03764	0.61756	0.02911	0.02770	0.02568	0.02087	0.00962	0.00731	0.00240	0.00651	0.00785	0.00702	0.01119
12	0.02952	0.01306	0.01678	0.01333	0.01863	0.01226	0.01086	0.03611	0.16222	0.56099	0.02887	0.02525	0.01889	0.00918	0.00733	0.00230	0.00609	0.00750	0.00866	0.01219
13	0.00997	0.00742	0.00928	0.00881	0.01066	0.00672	0.00661	0.01310	0.01982	0.02737	0.57875	0.05723	0.18631	0.01553	0.00858	0.00232	0.00348	0.01356	0.00777	0.00672
14	0.01356	0.00708	0.00714	0.00709	0.00878	0.00716	0.00526	0.01736	0.03691	0.02663	0.02387	0.02802	0.01910	0.04140	0.00658	0.00196	0.00363	0.00699	0.72467	0.00682
15	0.01973	0.72127	0.03741	0.01268	0.01880	0.05534	0.01250	0.02205	0.01500	0.01713	0.01015	0.01172	0.00933	0.00627	0.00474	0.00157	0.00798	0.00392	0.00313	0.00929
16	0.01943	0.74891	0.03809	0.01244	0.01866	0.02876	0.01244	0.02177	0.01477	0.01710	0.01011	0.01166	0.00933	0.00622	0.00466	0.00155	0.00777	0.00389	0.00311	0.00933
17	0.00884	0.00640	0.00836	0.00992	0.01049	0.00592	0.00666	0.01014	0.01411	0.01863	0.04248	0.69160	0.09471	0.02246	0.00923	0.00292	0.00418	0.02028	0.00675	0.00592
18	0.01799	0.01727	0.02950	0.04462	0.69919	0.01727	0.02231	0.02231	0.01655	0.02375	0.01367	0.01799	0.01151	0.00648	0.00720	0.00216	0.00864	0.00648	0.00360	0.01151
19	0.04826	0.02247	0.01936	0.01641	0.02106	0.20892	0.01293	0.26907	0.24517	0.03271	0.01955	0.01929	0.01465	0.00870	0.00703	0.00219	0.00857	0.00651	0.00627	0.01087
20	0.01563	0.01487	0.02525	0.42189	0.34034	0.01665	0.02114	0.02024	0.01544	0.02089	0.01326	0.01876	0.01051	0.00691	0.00724	0.00230	0.00922	0.00647	0.00339	0.00961
21	0.00886	0.00633	0.00843	0.01012	0.01054	0.00590	0.00675	0.01012	0.01392	0.01856	0.04006	0.73979	0.04808	0.02277	0.00928	0.00295	0.00422	0.02066	0.00675	0.00590
22	0.01171	0.00837	0.01171	0.01339	0.01506	0.00837	0.01171	0.01506	0.01673	0.02175	0.03849	0.08199	0.04183	0.02008	0.01004	0.00335	0.00669	0.65027	0.00669	0.00669
23	0.54751	0.01410	0.01289	0.01095	0.01573	0.01553	0.00898	0.05629	0.05963	0.17460	0.01566	0.01581	0.01116	0.00752	0.00541	0.00226	0.00586	0.00505	0.00577	0.00927
24	0.03138	0.01265	0.01683	0.01309	0.01859	0.01131	0.01075	0.03570	0.07714	0.64717	0.02875	0.02494	0.01835	0.00907	0.00732	0.00227	0.00615	0.00739	0.00886	0.01230
25	0.01808	0.01561	0.01644	0.01479	0.01890	0.01808	0.01151	0.03863	0.68606	0.03041	0.02959	0.02712	0.02219	0.00986	0.00740	0.00247	0.00575	0.00822	0.00740	0.01151
26	0.01799	0.01727	0.02950	0.04462	0.69919	0.01727	0.02231	0.02231	0.01655	0.02375	0.01367	0.01799	0.01151	0.00648	0.00720	0.00216	0.00864	0.00648	0.00360	0.01151
27	0.01855	0.02121	0.11875	0.02602	0.08216	0.01951	0.31185	0.13818	0.01889	0.02631	0.01403	0.01793	0.01082	0.00784	0.01062	0.00249	0.13325	0.00727	0.00415	0.01020
28	0.00963	0.00665	0.00821	0.00913	0.00936	0.00642	0.00569	0.01032	0.01240	0.01654	0.03231	0.42688	0.03829	0.34904	0.02181	0.00480	0.00550	0.01610	0.00569	0.00523
29	0.01716	0.01961	0.04289	0.03064	0.03799	0.01838	0.67279	0.02328	0.01716	0.02328	0.01471	0.01961	0.01103	0.00613	0.00858	0.00245	0.01225	0.00858	0.00368	0.00980
30	0.01853	0.61618	0.16289	0.01398	0.02105	0.02655	0.01513	0.02200	0.01488	0.01821	0.01065	0.01235	0.00931	0.00635	0.00508	0.00169	0.00833	0.00416	0.00310	0.00959
31	0.01426	0.00831	0.01099	0.00982	0.01223	0.00754	0.00754	0.01758	0.02062	0.14930	0.57670	0.04904	0.05958	0.01382	0.00835	0.00228	0.00392	0.01211	0.00818	0.00784
32	0.00886	0.00633	0.00843	0.01012	0.01054	0.00590	0.00675	0.01012	0.01392	0.01856	0.04006	0.73979	0.04808	0.02277	0.00928	0.00295	0.00422	0.02066	0.00675	0.00590
33	0.01808	0.01569	0.01703	0.01615	0.04976	0.01804	0.01200	0.03789	0.65569	0.03011	0.02886	0.02671	0.02171	0.00971	0.00739	0.00245	0.00588	0.00814	0.00722	0.01151
34	0.02033	0.01391	0.01549	0.01351	0.01777	0.01500	0.01062	0.03463	0.45551	0.18428	0.03447	0.03153	0.09916	0.01065	0.00751	0.00241	0.00561	0.00883	0.00769	0.01108
35	0.01373	0.01292	0.02180	0.72707	0.05006	0.01615	0.02019	0.01857	0.01453	0.01857	0.01292	0.01938	0.00969	0.00727	0.00727	0.00242	0.00969	0.00646	0.00323	0.00807
36	0.01954	0.01634	0.01726	0.01509	0.01946	0.01876	0.01186	0.13559	0.58673	0.03275	0.02774	0.02565	0.02069	0.00969	0.00738	0.00242	0.00610	0.00796	0.00738	0.01164
37	0.01580	0.03000	0.44621	0.02833	0.21240	0.01716	0.10140	0.02286	0.01588	0.02325	0.01341	0.01656	0.01004	0.00670	0.00718	0.00228	0.01035	0.00605	0.00328	0.01084
38	0.02674	0.03395	0.02066	0.01874	0.02235	0.68974	0.01411	0.02860	0.02025	0.01778	0.01117	0.01321	0.00937	0.00768	0.00719	0.00192	0.03965	0.00474	0.00372	0.00841
39	0.00981	0.00776	0.00906	0.00971	0.01186	0.00701	0.00794	0.01224	0.01663	0.02046	0.05992	0.07465	0.44084	0.01906	0.00916	0.00280	0.00486	0.26314	0.00673	0.00635
40	0.01768	0.01696	0.02895	0.09371	0.65249	0.01719	0.02216	0.02204	0.01641	0.02338	0.01362	0.01809	0.01138	0.00653	0.00720	0.00218	0.00871	0.00648	0.00357	0.01127
41	0.03261	0.01237	0.01687	0.01293	0.01856	0.01068	0.01068	0.03543	0.02081	0.70423	0.02868	0.02474	0.01799	0.00900	0.00731	0.00225	0.00619	0.00731	0.00900	0.01237
42	0.01632	0.01660	0.02220	0.01907	0.01921	0.04814	0.01583	0.01792	0.01149	0.01750	0.00961	0.01580	0.00954	0.01253	0.02321	0.00313	0.70442	0.00630	0.00320	0.00797
43	0.01458	0.03760	0.70688	0.02072	0.03146	0.01688	0.02686	0.02302	0.01535	0.02302	0.01304	0.01535	0.00921	0.00691	0.00691	0.00230	0.01074	0.00537	0.00307	0.01074
44	0.02484	0.19174	0.02444	0.01670	0.02137	0.39660	0.01346	0.13438	0.06940	0.02315	0.01332	0.01451	0.01077	0.00758	0.00631	0.00189	0.01054	0.00506	0.00445	0.00950
45	0.01373	0.01292	0.02180	0.72707	0.05006	0.01615	0.02019	0.01857	0.01453	0.01857	0.01292	0.01938	0.00969	0.00727	0.00727	0.00242	0.00969	0.00646	0.00323	0.00807
46	0.01750	0.01677	0.02862	0.12305	0.62459	0.01714	0.02206	0.02188	0.01632	0.02315	0.01359	0.01815	0.01130	0.00657	0.00720	0.00219	0.00876	0.00647	0.00356	0.01112
47	0.01700	0.01931	0.04195	0.06176	0.03853	0.01828	0.64363	0.02307	0.01704	0.02307	0.01463	0.01960	0.01097	0.00618	0.00852	0.00245	0.01214	0.00848	0.00366	0.00973
48	0.00904	0.00721	0.00817	0.00882	0.01065	0.00635	0.00660	0.01091	0.01589	0.01961	0.06055	0.24731	0.44644	0.01976	0.00895	0.00269	0.00419	0.09397	0.00674	0.00614
49	0.01057	0.00705	0.00793	0.00793	0.00793	0.00705	0.00440	0.01057	0.01057	0.01409	0.02290	0.04757	0.02643	0.74454	0.03700	0.00705	0.00705	0.01057	0.00440	0.00440
50	0.02763	0.02036	0.02182	0.01672	0.02254	0.02254	0.01382	0.67496	0.03418	0.04581	0.01745	0.01745	0.01236	0.00873	0.00727	0.00218	0.00800	0.00654	0.00727	0.01236
51	0.02177	0.01547	0.01896	0.01933	0.12897	0.01662	0.01321	0.07343	0.39528	0.17565	0.02609	0.02455	0.01897	0.00906	0.00734	0.00235	0.00645	0.00764	0.00712	0.01174
52	0.02500	0.02962	0.02154	0.02207	0.12505	0.52248	0.01495	0.07678	0.02102	0.02138	0.04435	0.01613	0.01271	0.00778	0.00680	0.00196	0.01158	0.00550	0.00419	0.00912
53	0.02196	0.01399	0.01447	0.01282	0.01636	0.11705	0.00996	0.02577	0.07038	0.28966	0.10860	0.15818	0.05539	0.01283	0.00787	0.00239	0.00646	0.03908	0.00737	0.00941
54	0.02683	0.01540	0.01802	0.01426	0.01931	0.01573	0.01159	0.34025	0.02638	0.28936	0.02617	0.09716	0.04435	0.01066	0.00754	0.00230	0.00676	0.00863	0.00785	0.01146

[dist]
# distance from previous block
# <min> <max>
8	13

[block]
# block no. 3 follows, 28 sequences, length 11
# corresponding to MSA columns:
# 255-265
name=unknown_D
#
# <colnr> <probs for GDERKNQSTAVLIFYWHMCP>
#	G	D	E	R	K	N	Q	S	T	A	V	L	I	F	Y	W	H	M	C	P
0	0.01242	0.00846	0.01057	0.00992	0.01214	0.00801	0.00757	0.01694	0.07507	0.07844	0.46162	0.08677	0.12914	0.01500	0.00847	0.00239	0.00403	0.03775	0.00777	0.00753
1	0.02120	0.01462	0.01657	0.01387	0.01871	0.01519	0.01107	0.08603	0.36066	0.17210	0.02610	0.02603	0.01945	0.00927	0.00715	0.00221	0.00601	0.03196	0.00721	0.13458
2	0.01481	0.03601	0.64824	0.02159	0.03204	0.01701	0.08389	0.02304	0.01551	0.02304	0.01319	0.01572	0.00937	0.00684	0.00705	0.00232	0.01088	0.00565	0.00312	0.01066
3	0.01507	0.01292	0.01507	0.01077	0.01723	0.00969	0.00861	0.01830	0.01507	0.02369	0.01292	0.01507	0.01077	0.00538	0.00538	0.00108	0.00538	0.00431	0.00431	0.78898
4	0.01621	0.01256	0.01490	0.01091	0.01701	0.00959	0.00869	0.01932	0.01549	0.07926	0.01552	0.05064	0.01315	0.00651	0.00573	0.00126	0.00539	0.00534	0.00481	0.68769
5	0.01507	0.01292	0.01507	0.01077	0.01723	0.00969	0.00861	0.01830	0.01507	0.02369	0.01292	0.01507	0.01077	0.00538	0.00538	0.00108	0.00538	0.00431	0.00431	0.78898
6	0.01263	0.00631	0.00947	0.00947	0.00947	0.00631	0.00631	0.00947	0.00947	0.01263	0.01263	0.02210	0.01263	0.02525	0.02841	0.78851	0.00631	0.00631	0.00316	0.00316
7	0.02700	0.01926	0.02091	0.01620	0.02175	0.02110	0.01331	0.60853	0.03248	0.08004	0.01914	0.05251	0.01438	0.00941	0.00737	0.00222	0.00772	0.00726	0.00734	0.01205
8	0.02213	0.01866	0.01810	0.01507	0.01970	0.09157	0.01201	0.32771	0.22269	0.03471	0.02814	0.02710	0.10939	0.01027	0.00742	0.00227	0.00728	0.00806	0.00687	0.01084
9	0.02302	0.01828	0.01850	0.01465	0.01989	0.07896	0.01178	0.35381	0.08043	0.05610	0.01834	0.04055	0.01419	0.00845	0.00677	0.00195	0.00730	0.00653	0.04774	0.17275
10	0.02321	0.01727	0.02005	0.01591	0.02108	0.01856	0.04730	0.36879	0.17344	0.08290	0.04352	0.05300	0.01814	0.00948	0.00739	0.00224	0.00714	0.00778	0.00706	0.05572

[dist]
# distance from previous block
# <min> <max>
6	28

[block]
# block no. 4 follows, 28 sequences, length 14
# corresponding to MSA columns:
# 310-323
name=unknown_E
#
# <colnr> <probs for GDERKNQSTAVLIFYWHMCP>
#	G	D	E	R	K	N	Q	S	T	A	V	L	I	F	Y	W	H	M	C	P
0	0.02013	0.01006	0.01301	0.01089	0.01447	0.00909	0.00863	0.05304	0.02093	0.30693	0.33242	0.04186	0.10275	0.01249	0.00799	0.00228	0.00480	0.01064	0.00826	0.00932
1	0.01711	0.01794	0.03503	0.05776	0.03341	0.01668	0.47004	0.05586	0.01749	0.02432	0.01439	0.01854	0.01098	0.00616	0.00778	0.00215	0.01048	0.00748	0.00397	0.17241
2	0.09215	0.01134	0.01353	0.01121	0.01505	0.01090	0.00892	0.10350	0.02114	0.19896	0.32610	0.03523	0.03867	0.01112	0.00746	0.00217	0.00505	0.00930	0.00754	0.07067
3	0.55769	0.01541	0.01356	0.01142	0.01614	0.01751	0.00939	0.19279	0.01848	0.03592	0.04369	0.01525	0.01186	0.00764	0.00542	0.00223	0.00615	0.00505	0.00539	0.00901
4	0.06507	0.02742	0.02064	0.01741	0.02209	0.37952	0.01364	0.30979	0.02611	0.03071	0.01389	0.01494	0.01060	0.00799	0.00677	0.00203	0.01052	0.00546	0.00532	0.01011
5	0.01716	0.01961	0.04289	0.03064	0.03799	0.01838	0.67279	0.02328	0.01716	0.02328	0.01471	0.01961	0.01103	0.00613	0.00858	0.00245	0.01225	0.00858	0.00368	0.00980
6	0.00886	0.00633	0.00843	0.01012	0.01054	0.00590	0.00675	0.01012	0.01392	0.01856	0.04006	0.73979	0.04808	0.02277	0.00928	0.00295	0.00422	0.02066	0.00675	0.00590
7	0.01373	0.01292	0.02180	0.72707	0.05006	0.01615	0.02019	0.01857	0.01453	0.01857	0.01292	0.01938	0.00969	0.00727	0.00727	0.00242	0.00969	0.00646	0.00323	0.00807
8	0.01373	0.01292	0.02180	0.72707	0.05006	0.01615	0.02019	0.01857	0.01453	0.01857	0.01292	0.01938	0.00969	0.00727	0.00727	0.00242	0.00969	0.00646	0.00323	0.00807
9	0.01373	0.01292	0.02180	0.72707	0.05006	0.01615	0.02019	0.01857	0.01453	0.01857	0.01292	0.01938	0.00969	0.00727	0.00727	0.00242	0.00969	0.00646	0.00323	0.00807
10	0.01467	0.01042	0.01265	0.01207	0.01462	0.01023	0.00919	0.14880	0.01882	0.05167	0.03182	0.40091	0.03472	0.01712	0.00846	0.00261	0.00551	0.09591	0.00667	0.09315
11	0.10266	0.01253	0.01630	0.01262	0.01814	0.01120	0.01043	0.03414	0.02003	0.64260	0.02697	0.02355	0.01706	0.00879	0.00705	0.00225	0.00613	0.00700	0.00858	0.01196
12	0.07368	0.01114	0.01220	0.01081	0.01388	0.01150	0.00843	0.12814	0.10644	0.03043	0.31664	0.04459	0.17713	0.01330	0.00790	0.00232	0.00471	0.01115	0.00728	0.00831
13	0.01763	0.48434	0.28684	0.01552	0.02342	0.02434	0.01780	0.02223	0.01498	0.01930	0.01120	0.01303	0.00928	0.00647	0.00550	0.00183	0.00888	0.00444	0.00309	0.00985

[dist]
# distance from previous block
# <min> <max>
0	3

[block]
# block no. 5 follows, 28 sequences, length 8
# corresponding to MSA columns:
# 327-334
name=unknown_F
#
# <colnr> <probs for GDERKNQSTAVLIFYWHMCP>
#	G	D	E	R	K	N	Q	S	T	A	V	L	I	F	Y	W	H	M	C	P
0	0.11958	0.01585	0.01540	0.01307	0.01778	0.07844	0.01028	0.02948	0.29442	0.09572	0.02378	0.02304	0.04805	0.00859	0.00656	0.00206	0.00627	0.00674	0.00615	0.17875
1	0.01628	0.01364	0.01572	0.01134	0.01774	0.01093	0.00911	0.08154	0.01691	0.02582	0.01336	0.01530	0.01092	0.00571	0.00557	0.00118	0.00564	0.00452	0.00459	0.71418
2	0.02692	0.02001	0.02141	0.01658	0.02227	0.02221	0.01364	0.62732	0.08297	0.04466	0.01836	0.01818	0.01310	0.00881	0.00728	0.00220	0.00783	0.00667	0.00728	0.01230
3	0.02033	0.07033	0.03140	0.02282	0.02828	0.17870	0.30098	0.08631	0.01864	0.02320	0.01320	0.01669	0.01049	0.00735	0.00915	0.00222	0.08803	0.00666	0.00399	0.06121
4	0.01845	0.02268	0.11211	0.02400	0.02926	0.10608	0.29675	0.06537	0.01689	0.02252	0.01289	0.01717	0.01030	0.00831	0.01209	0.00254	0.20245	0.00699	0.00372	0.00942
5	0.01146	0.00818	0.01142	0.01309	0.01466	0.00815	0.01127	0.01462	0.01648	0.02147	0.03863	0.14084	0.04239	0.02032	0.00997	0.00331	0.00647	0.59394	0.00670	0.00662
6	0.01571	0.03624	0.61210	0.02119	0.03118	0.07082	0.06661	0.02350	0.01587	0.02263	0.01301	0.01544	0.00933	0.00690	0.00698	0.00228	0.01102	0.00552	0.00316	0.01051
7	0.01360	0.00928	0.01234	0.01319	0.01534	0.00939	0.01121	0.01867	0.08856	0.06816	0.06544	0.09783	0.03957	0.01814	0.00948	0.00312	0.00632	0.48582	0.00698	0.00756

[dist]
# distance from previous block
# <min> <max>
0	3

[block]
# block no. 6 follows, 28 sequences, length 50
# corresponding to MSA columns:
# 338-387
name=unknown_G
#
# <colnr> <probs for GDERKNQSTAVLIFYWHMCP>
#	G	D	E	R	K	N	Q	S	T	A	V	L	I	F	Y	W	H	M	C	P
0	0.02663	0.01912	0.02083	0.01616	0.02179	0.02080	0.01337	0.58749	0.03197	0.07541	0.01884	0.02084	0.01400	0.00916	0.00734	0.00220	0.00775	0.03766	0.00721	0.04146
1	0.01133	0.00809	0.01127	0.01295	0.01445	0.00803	0.01104	0.01439	0.01635	0.02132	0.03870	0.17090	0.04268	0.02044	0.00994	0.00329	0.00636	0.56517	0.00670	0.00659
2	0.00936	0.00705	0.01019	0.01105	0.01189	0.00657	0.03900	0.01101	0.01454	0.01953	0.08462	0.65704	0.04772	0.02141	0.00919	0.00288	0.00455	0.01955	0.00669	0.00616
3	0.01716	0.01961	0.04289	0.03064	0.03799	0.01838	0.67279	0.02328	0.01716	0.02328	0.01471	0.01961	0.01103	0.00613	0.00858	0.00245	0.01225	0.00858	0.00368	0.00980
4	0.01706	0.06865	0.10656	0.02850	0.03611	0.01891	0.56772	0.02316	0.01683	0.02286	0.01425	0.01868	0.01074	0.00621	0.00816	0.00238	0.01182	0.00797	0.00358	0.00986
5	0.01339	0.01008	0.01355	0.01184	0.01459	0.01001	0.05117	0.02035	0.15181	0.06290	0.48625	0.04520	0.05315	0.01301	0.00828	0.00233	0.00460	0.01158	0.00765	0.00824
6	0.01264	0.00795	0.01047	0.00954	0.01167	0.00726	0.00726	0.01601	0.02060	0.10036	0.62504	0.05118	0.06325	0.01424	0.00844	0.00228	0.00372	0.01253	0.00811	0.00744
7	0.01507	0.01292	0.01507	0.01077	0.01723	0.00969	0.00861	0.01830	0.01507	0.02369	0.01292	0.01507	0.01077	0.00538	0.00538	0.00108	0.00538	0.00431	0.00431	0.78898
8	0.01484	0.01536	0.05882	0.55580	0.08452	0.01670	0.08810	0.04176	0.01563	0.02051	0.01331	0.01906	0.01000	0.00713	0.00738	0.00240	0.00989	0.00663	0.00343	0.00873
9	0.01710	0.01943	0.04188	0.03007	0.03706	0.01857	0.64049	0.02300	0.01686	0.02300	0.01445	0.01943	0.01096	0.00645	0.00933	0.00249	0.04762	0.00847	0.00365	0.00971
10	0.01436	0.03609	0.67188	0.02014	0.03043	0.01638	0.02585	0.02255	0.01561	0.02333	0.04729	0.01730	0.01219	0.00731	0.00699	0.00230	0.01038	0.00576	0.00332	0.01055
11	0.02606	0.06959	0.04792	0.01789	0.02252	0.43145	0.01443	0.21383	0.02371	0.02600	0.01298	0.01444	0.01022	0.00791	0.00718	0.00200	0.03226	0.00525	0.00468	0.00968
12	0.01061	0.00819	0.01193	0.01176	0.01299	0.00960	0.00913	0.01303	0.01185	0.01695	0.02164	0.03049	0.05051	0.07385	0.62055	0.01061	0.05764	0.00817	0.00401	0.00648
13	0.02371	0.01841	0.01960	0.01593	0.02105	0.02071	0.01287	0.41343	0.30210	0.03948	0.02244	0.02143	0.01640	0.00919	0.00732	0.00230	0.00708	0.00723	0.00732	0.01201
14	0.01705	0.02034	0.07003	0.03023	0.03772	0.01832	0.64640	0.02327	0.01708	0.02327	0.01464	0.01943	0.01095	0.00616	0.00851	0.00244	0.01219	0.00845	0.00365	0.00984
15	0.08097	0.02273	0.02080	0.01662	0.02194	0.15817	0.01345	0.50265	0.02999	0.03939	0.01572	0.01621	0.01146	0.00835	0.00694	0.00213	0.00884	0.00600	0.00639	0.01128
16	0.01373	0.01292	0.02180	0.72707	0.05006	0.01615	0.02019	0.01857	0.01453	0.01857	0.01292	0.01938	0.00969	0.00727	0.00727	0.00242	0.00969	0.00646	0.00323	0.00807
17	0.03157	0.01308	0.01719	0.01329	0.01885	0.01187	0.01094	0.08026	0.05366	0.62589	0.02794	0.02435	0.01780	0.00902	0.00731	0.00225	0.00629	0.00730	0.00880	0.01233
18	0.01525	0.01150	0.01325	0.01179	0.01481	0.01210	0.00913	0.10502	0.21120	0.05031	0.36292	0.06128	0.06573	0.01283	0.00806	0.00235	0.00478	0.01103	0.00769	0.00898
19	0.03173	0.01361	0.05081	0.01332	0.01919	0.01099	0.01148	0.03481	0.02054	0.67072	0.02791	0.02428	0.01756	0.00889	0.00729	0.00225	0.00641	0.00721	0.00871	0.01229
20	0.00886	0.00633	0.00843	0.01012	0.01054	0.00590	0.00675	0.01012	0.01392	0.01856	0.04006	0.73979	0.04808	0.02277	0.00928	0.00295	0.00422	0.02066	0.00675	0.00590
21	0.01646	0.01755	0.03143	0.02422	0.02749	0.02054	0.30791	0.02007	0.01381	0.02007	0.01184	0.01755	0.01020	0.00979	0.01706	0.00286	0.41163	0.00735	0.00340	0.00878
22	0.02727	0.03113	0.02090	0.01823	0.02249	0.54498	0.01399	0.18787	0.02394	0.02468	0.01276	0.01418	0.01010	0.00779	0.00673	0.00195	0.01185	0.00514	0.00461	0.00939
23	0.01029	0.00743	0.00972	0.00914	0.01086	0.00686	0.00686	0.01372	0.02058	0.02915	0.69536	0.05430	0.06859	0.01486	0.00857	0.00229	0.00343	0.01315	0.00800	0.00686
24	0.01458	0.03760	0.70688	0.02072	0.03146	0.01688	0.02686	0.02302	0.01535	0.02302	0.01304	0.01535	0.00921	0.00691	0.00691	0.00230	0.01074	0.00537	0.00307	0.01074
25	0.02763	0.02036	0.02182	0.01672	0.02254	0.02254	0.01382	0.67496	0.03418	0.04581	0.01745	0.01745	0.01236	0.00873	0.00727	0.00218	0.00800	0.00654	0.00727	0.01236
26	0.01783	0.01546	0.01675	0.05603	0.02071	0.01797	0.01201	0.03746	0.64719	0.02972	0.02862	0.02667	0.02147	0.00971	0.00739	0.00246	0.00598	0.00812	0.00716	0.01131
27	0.00859	0.00736	0.00736	0.00736	0.00982	0.00614	0.00552	0.01043	0.01657	0.01964	0.07364	0.06996	0.69624	0.01841	0.00859	0.00245	0.00368	0.01534	0.00675	0.00614
28	0.02408	0.01860	0.01982	0.01601	0.02119	0.02088	0.01296	0.43851	0.27641	0.04009	0.02196	0.02104	0.01601	0.00915	0.00732	0.00229	0.00716	0.00717	0.00732	0.01204
29	0.01458	0.03760	0.70688	0.02072	0.03146	0.01688	0.02686	0.02302	0.01535	0.02302	0.01304	0.01535	0.00921	0.00691	0.00691	0.00230	0.01074	0.00537	0.00307	0.01074
30	0.00886	0.00633	0.00843	0.01012	0.01054	0.00590	0.00675	0.01012	0.01392	0.01856	0.04006	0.73979	0.04808	0.02277	0.00928	0.00295	0.00422	0.02066	0.00675	0.00590
31	0.19343	0.01900	0.01941	0.01518	0.02071	0.02120	0.01253	0.53391	0.02947	0.04296	0.01587	0.01623	0.01139	0.00830	0.00667	0.00220	0.00749	0.00598	0.00667	0.01139
32	0.79588	0.01406	0.01068	0.00956	0.01406	0.01631	0.00787	0.02137	0.01237	0.03261	0.01012	0.01181	0.00787	0.00675	0.00450	0.00225	0.00562	0.00394	0.00450	0.00787
33	0.00874	0.00737	0.00757	0.00752	0.00991	0.00620	0.00564	0.01072	0.01692	0.02048	0.12888	0.06856	0.64047	0.01809	0.00859	0.00244	0.00366	0.01515	0.00686	0.00620
34	0.01057	0.00705	0.00793	0.00793	0.00793	0.00705	0.00440	0.01057	0.01057	0.01409	0.02290	0.04757	0.02643	0.74454	0.03700	0.00705	0.00705	0.01057	0.00440	0.00440
35	0.01887	0.01594	0.01690	0.01475	0.01917	0.01804	0.01157	0.10168	0.58142	0.03157	0.02740	0.02545	0.02054	0.00949	0.00727	0.00236	0.00596	0.00782	0.00720	0.05660
36	0.01714	0.01806	0.02329	0.01972	0.02053	0.09391	0.05374	0.01902	0.01246	0.01786	0.01002	0.01583	0.00961	0.01180	0.02118	0.00300	0.61515	0.00632	0.00327	0.00811
37	0.00886	0.00633	0.00843	0.01012	0.01054	0.00590	0.00675	0.01012	0.01392	0.01856	0.04006	0.73979	0.04808	0.02277	0.00928	0.00295	0.00422	0.02066	0.00675	0.00590
38	0.03261	0.01237	0.01687	0.01293	0.01856	0.01068	0.01068	0.03543	0.02081	0.70423	0.02868	0.02474	0.01799	0.00900	0.00731	0.00225	0.00619	0.00731	0.00900	0.01237
39	0.01900	0.01607	0.01695	0.01498	0.01925	0.01851	0.01173	0.09984	0.62335	0.03189	0.02842	0.02619	0.02124	0.00975	0.00738	0.00244	0.00597	0.00806	0.00738	0.01159
40	0.01171	0.00837	0.01171	0.01339	0.01506	0.00837	0.01171	0.01506	0.01673	0.02175	0.03849	0.08199	0.04183	0.02008	0.01004	0.00335	0.00669	0.65027	0.00669	0.00669
41	0.01029	0.00743	0.00972	0.00914	0.01086	0.00686	0.00686	0.01372	0.02058	0.02915	0.69536	0.05430	0.06859	0.01486	0.00857	0.00229	0.00343	0.01315	0.00800	0.00686
42	0.02851	0.01274	0.01639	0.01309	0.01820	0.01193	0.01063	0.03486	0.15219	0.53382	0.06572	0.02685	0.02162	0.00949	0.00740	0.00229	0.00595	0.00781	0.00863	0.01190
43	0.01674	0.01838	0.03606	0.02681	0.03173	0.01967	0.45517	0.02137	0.01516	0.02137	0.01300	0.01838	0.01054	0.00831	0.01364	0.00269	0.25045	0.00784	0.00351	0.00919
44	0.01716	0.01961	0.04289	0.03064	0.03799	0.01838	0.67279	0.02328	0.01716	0.02328	0.01471	0.01961	0.01103	0.00613	0.00858	0.00245	0.01225	0.00858	0.00368	0.00980
45	0.79588	0.01406	0.01068	0.00956	0.01406	0.01631	0.00787	0.02137	0.01237	0.03261	0.01012	0.01181	0.00787	0.00675	0.00450	0.00225	0.00562	0.00394	0.00450	0.00787
