[name]
unknown

[dist]
# distance from previous block
# <min> <max>
14	106

[block]
# block no. 0 follows, 27 sequences, length 40
# corresponding to MSA columns:
# 111-150
name=unknown_A
#
# <colnr> <probs for GDERKNQSTAVLIFYWHMCP>
#	G	D	E	R	K	N	Q	S	T	A	V	L	I	F	Y	W	H	M	C	P
0	0.02254	0.08884	0.05816	0.04102	0.02168	0.04280	0.01332	0.29199	0.11351	0.08453	0.05245	0.05488	0.03899	0.00979	0.00728	0.00223	0.00749	0.00775	0.00656	0.03418
1	0.01818	0.06252	0.02285	0.02026	0.13792	0.01591	0.07260	0.10767	0.09947	0.02731	0.01722	0.04966	0.01438	0.00761	0.00675	0.00186	0.00722	0.00668	0.00503	0.29891
2	0.05399	0.02114	0.05127	0.02001	0.12637	0.19267	0.03327	0.08535	0.04374	0.02572	0.07100	0.02170	0.04537	0.00824	0.00689	0.00196	0.00855	0.00659	0.00489	0.17129
3	0.02056	0.14335	0.02129	0.01438	0.01851	0.08087	0.03178	0.08676	0.04267	0.14046	0.02574	0.06834	0.09916	0.01292	0.04131	0.00271	0.09165	0.00822	0.00567	0.04367
4	0.14136	0.01860	0.08091	0.06190	0.05020	0.01809	0.05714	0.18607	0.01957	0.03010	0.01360	0.01633	0.01061	0.00800	0.00907	0.00221	0.10951	0.00583	0.00479	0.15612
5	0.01656	0.10398	0.06092	0.03796	0.01827	0.04409	0.01179	0.05144	0.11618	0.07771	0.13033	0.08656	0.08969	0.01315	0.00796	0.00248	0.00656	0.10900	0.00642	0.00893
6	0.12986	0.16792	0.21670	0.04704	0.02387	0.05142	0.01658	0.10021	0.06026	0.05042	0.01464	0.01627	0.01114	0.00766	0.00683	0.00218	0.03145	0.00547	0.02998	0.01012
7	0.01085	0.00812	0.01013	0.01005	0.01198	0.00752	0.00752	0.01417	0.04802	0.02447	0.30751	0.19808	0.14423	0.01743	0.00958	0.03341	0.00435	0.06879	0.00714	0.05666
8	0.02035	0.69811	0.03775	0.01311	0.01930	0.07302	0.01281	0.02271	0.01547	0.01751	0.01039	0.01200	0.00953	0.00643	0.00489	0.00161	0.00829	0.00402	0.00322	0.00947
9	0.01004	0.00720	0.00941	0.00961	0.01085	0.00669	0.00685	0.01266	0.01831	0.02551	0.44567	0.27818	0.06120	0.05080	0.01031	0.00278	0.00393	0.01583	0.00758	0.00657
10	0.05006	0.01356	0.02138	0.61137	0.04596	0.01689	0.01925	0.02049	0.06124	0.02043	0.01412	0.01985	0.01070	0.00780	0.00797	0.00250	0.03770	0.00660	0.00365	0.00848
11	0.01489	0.03840	0.70064	0.02116	0.03213	0.01724	0.02743	0.02351	0.01567	0.02351	0.01332	0.01567	0.00940	0.00705	0.00705	0.00235	0.01097	0.00549	0.00313	0.01097
12	0.01489	0.03840	0.70064	0.02116	0.03213	0.01724	0.02743	0.02351	0.01567	0.02351	0.01332	0.01567	0.00940	0.00705	0.00705	0.00235	0.01097	0.00549	0.00313	0.01097
13	0.01061	0.00795	0.01193	0.01193	0.01326	0.00928	0.00928	0.01326	0.01193	0.01723	0.01988	0.02916	0.01856	0.05568	0.70968	0.01193	0.01988	0.00795	0.00398	0.00663
14	0.03331	0.01263	0.01723	0.01321	0.01895	0.01091	0.01091	0.03618	0.02125	0.69794	0.02929	0.02527	0.01838	0.00919	0.00747	0.00230	0.00632	0.00747	0.00919	0.01263
15	0.02537	0.03145	0.02139	0.01920	0.02224	0.56834	0.01473	0.02723	0.01905	0.01811	0.01112	0.01397	0.00960	0.00875	0.01032	0.00219	0.15959	0.00513	0.00371	0.00851
16	0.03234	0.01285	0.01720	0.01333	0.01897	0.01141	0.01097	0.03639	0.06433	0.65428	0.02935	0.02543	0.01866	0.00925	0.00747	0.00231	0.00629	0.00753	0.00908	0.01258
17	0.01080	0.00720	0.00810	0.00810	0.00810	0.00720	0.00450	0.01080	0.01080	0.01439	0.02339	0.04858	0.02699	0.73910	0.03779	0.00720	0.00720	0.01080	0.00450	0.00450
18	0.01402	0.01319	0.02227	0.72126	0.05113	0.01649	0.02062	0.01897	0.01484	0.01897	0.01319	0.01979	0.00990	0.00742	0.00742	0.00247	0.00990	0.00660	0.00330	0.00825
19	0.01846	0.01595	0.01679	0.01511	0.01930	0.01846	0.01175	0.03945	0.67938	0.03105	0.03022	0.02770	0.02266	0.01007	0.00755	0.00252	0.00588	0.00839	0.00755	0.01175
20	0.01506	0.03720	0.65764	0.02182	0.03257	0.01734	0.06922	0.02353	0.01579	0.02353	0.01343	0.01596	0.00953	0.00700	0.00716	0.00236	0.01107	0.00570	0.00318	0.01091
21	0.02822	0.02079	0.02228	0.01708	0.02302	0.02302	0.01411	0.66804	0.03490	0.04679	0.01782	0.01782	0.01262	0.00891	0.00743	0.00223	0.00817	0.00668	0.00743	0.01262
22	0.01061	0.00795	0.01193	0.01193	0.01326	0.00928	0.00928	0.01326	0.01193	0.01723	0.01988	0.02916	0.01856	0.05568	0.70968	0.01193	0.01988	0.00795	0.00398	0.00663
23	0.02206	0.02255	0.01645	0.01496	0.01855	0.34697	0.01133	0.02650	0.10473	0.10021	0.03090	0.07892	0.15213	0.01149	0.00751	0.00223	0.00901	0.00890	0.00577	0.00883
24	0.01780	0.39669	0.25723	0.01802	0.02582	0.02384	0.09818	0.02269	0.01545	0.02025	0.01187	0.01430	0.00971	0.00680	0.00669	0.00201	0.03426	0.00515	0.00324	0.01001
25	0.01080	0.00720	0.00810	0.00810	0.00810	0.00720	0.00450	0.01080	0.01080	0.01439	0.02339	0.04858	0.02699	0.73910	0.03779	0.00720	0.00720	0.01080	0.00450	0.00450
26	0.01289	0.00645	0.00967	0.00967	0.00967	0.00645	0.00645	0.00967	0.00967	0.01289	0.01289	0.02257	0.01289	0.02579	0.02901	0.78401	0.00645	0.00645	0.00322	0.00322
27	0.02141	0.01599	0.01739	0.01505	0.01963	0.01791	0.01187	0.10171	0.52751	0.12138	0.02886	0.02639	0.02109	0.00984	0.00753	0.00246	0.00616	0.00810	0.00776	0.01196
28	0.01505	0.01455	0.02152	0.59225	0.04506	0.06098	0.01919	0.01950	0.01502	0.01924	0.01334	0.01949	0.01028	0.00790	0.00851	0.00246	0.06192	0.00649	0.03907	0.00820
29	0.01051	0.00759	0.00992	0.00934	0.01109	0.00700	0.00700	0.01401	0.02101	0.02977	0.68888	0.05545	0.07005	0.01518	0.00876	0.00233	0.00350	0.01343	0.00817	0.00700
30	0.00935	0.00686	0.00877	0.00973	0.01074	0.00629	0.00675	0.01122	0.01614	0.02159	0.19471	0.48933	0.13958	0.02080	0.00922	0.00279	0.00405	0.01861	0.00719	0.00629
31	0.02893	0.06330	0.05150	0.01553	0.02131	0.01511	0.05362	0.10934	0.02139	0.45935	0.02382	0.02217	0.01571	0.00893	0.00841	0.00232	0.05268	0.00707	0.00760	0.01191
32	0.01059	0.00768	0.00990	0.01075	0.01176	0.00761	0.00753	0.05391	0.01558	0.02093	0.06572	0.53001	0.06578	0.04899	0.09188	0.00409	0.00642	0.01777	0.00656	0.00653
33	0.09368	0.02137	0.02070	0.01770	0.05252	0.11865	0.01365	0.40216	0.10127	0.05863	0.01781	0.01804	0.01304	0.00859	0.00709	0.00222	0.00842	0.00639	0.00656	0.01152
34	0.01906	0.13374	0.14356	0.13191	0.09280	0.17975	0.01855	0.02288	0.01600	0.01965	0.01181	0.01560	0.00983	0.00823	0.00999	0.00231	0.14606	0.00557	0.00340	0.00931
35	0.24120	0.04901	0.02070	0.02459	0.27190	0.08729	0.01453	0.02299	0.01638	0.07814	0.03858	0.05044	0.03812	0.00841	0.00657	0.00223	0.00763	0.00680	0.00476	0.00974
36	0.12903	0.21164	0.10196	0.01782	0.12439	0.07053	0.01386	0.02043	0.01624	0.02283	0.06620	0.02667	0.13208	0.00939	0.00652	0.00211	0.00751	0.00728	0.00447	0.00903
37	0.02413	0.01786	0.01879	0.01502	0.01990	0.04981	0.01203	0.43683	0.02817	0.06865	0.02056	0.09176	0.01721	0.04175	0.00867	0.00240	0.00748	0.00810	0.04111	0.06975
38	0.02225	0.01539	0.01806	0.04677	0.04448	0.01641	0.01230	0.19653	0.23466	0.15075	0.07405	0.05792	0.02256	0.01016	0.00758	0.00234	0.00657	0.00842	0.00736	0.04546
39	0.04388	0.01362	0.01649	0.01603	0.09242	0.01344	0.01116	0.07167	0.18353	0.08978	0.10930	0.05131	0.06776	0.01005	0.00726	0.00212	0.00584	0.00848	0.00649	0.17939

[dist]
# distance from previous block
# <min> <max>
1	7

[block]
# block no. 1 follows, 27 sequences, length 37
# corresponding to MSA columns:
# 158-194
name=unknown_B
#
# <colnr> <probs for GDERKNQSTAVLIFYWHMCP>
#	G	D	E	R	K	N	Q	S	T	A	V	L	I	F	Y	W	H	M	C	P
0	0.01561	0.04748	0.05889	0.04160	0.18817	0.01355	0.01382	0.08067	0.01822	0.02514	0.06752	0.07774	0.12835	0.01074	0.00742	0.00213	0.00672	0.03123	0.00523	0.15978
1	0.01615	0.01352	0.01638	0.01297	0.01783	0.01276	0.06135	0.15738	0.07115	0.02804	0.03819	0.03761	0.25912	0.01148	0.00752	0.00207	0.00603	0.00964	0.00615	0.21467
2	0.01307	0.01581	0.17095	0.06180	0.05908	0.01076	0.01411	0.01745	0.01755	0.05440	0.22182	0.13363	0.08565	0.01391	0.00839	0.00255	0.00656	0.07811	0.00607	0.00833
3	0.28035	0.09068	0.18545	0.01541	0.02178	0.04881	0.01530	0.17402	0.01912	0.03120	0.01284	0.01454	0.00974	0.00769	0.00695	0.00226	0.04404	0.00515	0.00467	0.01000
4	0.02773	0.02055	0.02200	0.01698	0.02284	0.02279	0.01399	0.63667	0.06707	0.04600	0.01844	0.01832	0.01313	0.00897	0.00743	0.00224	0.00805	0.00677	0.00743	0.01258
5	0.02052	0.01679	0.01785	0.01535	0.01988	0.01911	0.01213	0.19174	0.49544	0.03484	0.05394	0.02642	0.02214	0.01000	0.00757	0.00244	0.00634	0.00818	0.00755	0.01177
6	0.02136	0.01690	0.01806	0.01547	0.02014	0.01916	0.01225	0.18267	0.50281	0.06462	0.02735	0.02534	0.02018	0.00977	0.00752	0.00244	0.00642	0.00796	0.00760	0.01199
7	0.03155	0.01546	0.01898	0.01455	0.02036	0.01510	0.01202	0.25472	0.02597	0.47272	0.02532	0.02269	0.01639	0.00909	0.00745	0.00227	0.00696	0.00720	0.00858	0.01263
8	0.03065	0.01372	0.01752	0.01378	0.01929	0.01294	0.01127	0.08132	0.12425	0.54854	0.02862	0.02512	0.01863	0.00931	0.00748	0.00233	0.00638	0.00755	0.00881	0.01250
9	0.01402	0.01319	0.02227	0.72126	0.05113	0.01649	0.02062	0.01897	0.01484	0.01897	0.01319	0.01979	0.00990	0.00742	0.00742	0.00247	0.00990	0.00660	0.00330	0.00825
10	0.00904	0.00646	0.00861	0.01034	0.01077	0.00603	0.00689	0.01034	0.01421	0.01895	0.04092	0.73426	0.04910	0.02326	0.00948	0.00301	0.00431	0.02110	0.00689	0.00603
11	0.01686	0.01338	0.01568	0.01266	0.01782	0.01197	0.01034	0.14423	0.01946	0.02791	0.02078	0.07112	0.01969	0.01011	0.00703	0.00188	0.00621	0.12968	0.00561	0.43757
12	0.02822	0.02079	0.02228	0.01708	0.02302	0.02302	0.01411	0.66804	0.03490	0.04679	0.01782	0.01782	0.01262	0.00891	0.00743	0.00223	0.00817	0.00668	0.00743	0.01262
13	0.01061	0.00795	0.01193	0.01193	0.01326	0.00928	0.00928	0.01326	0.01193	0.01723	0.01988	0.02916	0.01856	0.05568	0.70968	0.01193	0.01988	0.00795	0.00398	0.00663
14	0.01402	0.01319	0.02227	0.72126	0.05113	0.01649	0.02062	0.01897	0.01484	0.01897	0.01319	0.01979	0.00990	0.00742	0.00742	0.00247	0.00990	0.00660	0.00330	0.00825
15	0.00903	0.00650	0.00857	0.01023	0.01074	0.00604	0.00685	0.01035	0.01431	0.01899	0.04216	0.71020	0.07236	0.02310	0.00945	0.00300	0.00429	0.02091	0.00689	0.00604
16	0.01080	0.00720	0.00810	0.00810	0.00810	0.00720	0.00450	0.01080	0.01080	0.01439	0.02339	0.04858	0.02699	0.73910	0.03779	0.00720	0.00720	0.01080	0.00450	0.00450
17	0.02424	0.01063	0.01432	0.01167	0.01582	0.00936	0.00936	0.02736	0.02115	0.43208	0.29173	0.03728	0.03894	0.01157	0.00798	0.00231	0.00520	0.00984	0.00878	0.01039
18	0.01515	0.03410	0.56912	0.02084	0.02968	0.01831	0.02526	0.02242	0.01484	0.02242	0.01263	0.01578	0.00947	0.00821	0.01041	0.00253	0.14960	0.00568	0.00316	0.01042
19	0.01917	0.02124	0.02256	0.01948	0.02089	0.21060	0.04099	0.02111	0.01430	0.01815	0.01093	0.01625	0.01019	0.01339	0.05310	0.00329	0.46647	0.00619	0.00346	0.00825
20	0.00904	0.00646	0.00861	0.01034	0.01077	0.00603	0.00689	0.01034	0.01421	0.01895	0.04092	0.73426	0.04910	0.02326	0.00948	0.00301	0.00431	0.02110	0.00689	0.00603
21	0.00904	0.00646	0.00861	0.01034	0.01077	0.00603	0.00689	0.01034	0.01421	0.01895	0.04092	0.73426	0.04910	0.02326	0.00948	0.00301	0.00431	0.02110	0.00689	0.00603
22	0.01944	0.60822	0.13731	0.01424	0.02118	0.05606	0.01498	0.02273	0.01542	0.01840	0.01082	0.01253	0.00951	0.00651	0.00519	0.00172	0.00862	0.00423	0.00320	0.00970
23	0.01539	0.01319	0.01539	0.01100	0.01759	0.00990	0.00880	0.01869	0.01539	0.02419	0.01319	0.01539	0.01100	0.00550	0.00550	0.00110	0.00550	0.00440	0.00440	0.78449
24	0.05545	0.66534	0.03617	0.01246	0.01875	0.02760	0.01225	0.02200	0.01499	0.01861	0.01050	0.01213	0.00955	0.00632	0.00480	0.00159	0.00769	0.00400	0.00332	0.05649
25	0.01685	0.01842	0.03801	0.02732	0.03440	0.01689	0.53828	0.02245	0.01706	0.02364	0.01580	0.04863	0.01278	0.00684	0.00829	0.00231	0.01111	0.00860	0.00398	0.12832
26	0.01922	0.01838	0.01725	0.01336	0.01925	0.14727	0.01053	0.08775	0.04518	0.02560	0.01402	0.01575	0.01135	0.00645	0.00601	0.00143	0.00732	0.00487	0.00472	0.52431
27	0.01881	0.01534	0.01643	0.01473	0.01889	0.01742	0.01155	0.05627	0.58040	0.06075	0.03193	0.03102	0.04970	0.01072	0.00769	0.00253	0.00591	0.03092	0.00757	0.01142
28	0.01015	0.00757	0.00942	0.00896	0.01087	0.00685	0.00672	0.01331	0.02016	0.02775	0.56111	0.05878	0.19908	0.01593	0.00876	0.00237	0.00356	0.01389	0.00791	0.00685
29	0.01861	0.01555	0.01652	0.01587	0.05896	0.04824	0.01159	0.05237	0.44086	0.07218	0.03506	0.03295	0.12676	0.01104	0.00769	0.00245	0.00617	0.00916	0.00714	0.01082
30	0.01476	0.01436	0.02529	0.57727	0.08612	0.01703	0.09704	0.01972	0.01517	0.01981	0.01334	0.01962	0.01016	0.00742	0.00813	0.00249	0.03338	0.00685	0.00337	0.00866
31	0.01060	0.00786	0.00849	0.00843	0.01098	0.00670	0.00645	0.01261	0.01706	0.06487	0.06799	0.10786	0.56877	0.01853	0.00882	0.00258	0.00415	0.05350	0.00704	0.00671
32	0.00915	0.00654	0.00874	0.01046	0.01094	0.00612	0.00708	0.01052	0.01432	0.01907	0.04086	0.71012	0.04886	0.02316	0.00950	0.00303	0.00440	0.04417	0.00689	0.00606
33	0.13089	0.21951	0.02318	0.01382	0.01918	0.06624	0.01180	0.10911	0.14443	0.16405	0.01894	0.01846	0.01399	0.00811	0.00628	0.00211	0.00731	0.00591	0.00599	0.01070
34	0.01242	0.00805	0.01137	0.01168	0.01320	0.00755	0.03168	0.01455	0.01602	0.08556	0.10747	0.41951	0.04471	0.06179	0.01096	0.00317	0.00530	0.12109	0.00699	0.00695
35	0.02259	0.01386	0.01623	0.01342	0.01775	0.01437	0.01081	0.15231	0.15053	0.23848	0.06126	0.03418	0.15400	0.01170	0.00881	0.00243	0.04961	0.00931	0.00767	0.01069
36	0.01605	0.01635	0.02759	0.25853	0.11044	0.04489	0.19193	0.02046	0.01568	0.02111	0.01502	0.06208	0.01291	0.00843	0.00952	0.00244	0.08615	0.00781	0.00378	0.06884

[dist]
# distance from previous block
# <min> <max>
2	6

[block]
# block no. 2 follows, 27 sequences, length 41
# corresponding to MSA columns:
# 201-241
name=unknown_C
#
# <colnr> <probs for GDERKNQSTAVLIFYWHMCP>
#	G	D	E	R	K	N	Q	S	T	A	V	L	I	F	Y	W	H	M	C	P
0	0.02420	0.01789	0.01943	0.01578	0.02073	0.01974	0.01270	0.44307	0.16414	0.06217	0.02338	0.10183	0.01904	0.01080	0.00769	0.00238	0.00720	0.00871	0.00745	0.01169
1	0.00904	0.00650	0.00858	0.01024	0.01074	0.00604	0.00685	0.01035	0.01430	0.01899	0.04207	0.71205	0.07056	0.02311	0.00945	0.00300	0.00429	0.02092	0.00689	0.00604
2	0.00923	0.00668	0.00877	0.01037	0.01103	0.00622	0.00715	0.01070	0.01460	0.01925	0.04320	0.64346	0.09336	0.02276	0.00948	0.00301	0.00444	0.06330	0.00689	0.00610
3	0.02379	0.08077	0.02106	0.01612	0.04419	0.01970	0.01262	0.37446	0.10857	0.08451	0.02134	0.06927	0.01743	0.06067	0.00946	0.00261	0.00743	0.00797	0.00682	0.01121
4	0.01894	0.46058	0.16450	0.01633	0.02292	0.06855	0.05090	0.02264	0.01538	0.01905	0.01117	0.01354	0.00962	0.00714	0.00725	0.00195	0.07185	0.00479	0.00325	0.00965
5	0.01061	0.00795	0.01193	0.01193	0.01326	0.00928	0.00928	0.01326	0.01193	0.01723	0.01988	0.02916	0.01856	0.05568	0.70968	0.01193	0.01988	0.00795	0.00398	0.00663
6	0.01080	0.00720	0.00810	0.00810	0.00810	0.00720	0.00450	0.01080	0.01080	0.01439	0.02339	0.04858	0.02699	0.73910	0.03779	0.00720	0.00720	0.01080	0.00450	0.00450
7	0.02091	0.01706	0.06013	0.01517	0.01982	0.01717	0.01260	0.24393	0.25650	0.08147	0.02683	0.14869	0.02284	0.01177	0.00781	0.00248	0.00672	0.00982	0.00723	0.01104
8	0.01702	0.02481	0.21163	0.02483	0.03133	0.06605	0.30501	0.02255	0.01597	0.02202	0.01408	0.03917	0.01150	0.00839	0.01123	0.00258	0.15101	0.00755	0.00359	0.00968
9	0.01846	0.01595	0.01679	0.01511	0.01930	0.01846	0.01175	0.03945	0.67938	0.03105	0.03022	0.02770	0.02266	0.01007	0.00755	0.00252	0.00588	0.00839	0.00755	0.01175
10	0.03230	0.01425	0.01823	0.01397	0.01975	0.01330	0.01154	0.16094	0.02394	0.56937	0.02702	0.02380	0.01724	0.00913	0.00746	0.00228	0.00668	0.00731	0.00884	0.01263
11	0.04976	0.12326	0.14016	0.01956	0.05417	0.42348	0.01662	0.02663	0.01853	0.01978	0.01166	0.01388	0.00959	0.00751	0.00713	0.00202	0.03849	0.00492	0.00362	0.00924
12	0.03281	0.01274	0.01721	0.01327	0.01896	0.01116	0.01094	0.03629	0.04329	0.67560	0.02932	0.02535	0.01852	0.00922	0.00747	0.00230	0.00630	0.00750	0.00913	0.01260
13	0.02586	0.01895	0.02035	0.01586	0.02100	0.02087	0.01281	0.57886	0.03163	0.04239	0.01858	0.02200	0.01457	0.10800	0.01155	0.00290	0.00804	0.00724	0.00703	0.01152
14	0.01037	0.00757	0.00974	0.01053	0.01153	0.00742	0.00746	0.01194	0.01503	0.04228	0.07384	0.51655	0.15638	0.02095	0.01027	0.00289	0.05363	0.01836	0.00678	0.00648
15	0.00928	0.00660	0.00868	0.01010	0.01061	0.00619	0.00673	0.01066	0.01452	0.01950	0.09175	0.63188	0.04924	0.07255	0.01139	0.00325	0.00444	0.01977	0.00683	0.00600
16	0.01363	0.00694	0.00700	0.00700	0.00861	0.00694	0.00514	0.01684	0.01524	0.02675	0.02416	0.02914	0.01958	0.05961	0.00746	0.00211	0.00372	0.00719	0.72619	0.00675
17	0.40663	0.01693	0.01588	0.01317	0.01821	0.01924	0.01077	0.26127	0.11128	0.03795	0.01578	0.01630	0.01171	0.00806	0.00603	0.00230	0.00665	0.00559	0.00603	0.01023
18	0.01477	0.01126	0.01654	0.07588	0.01965	0.01162	0.06939	0.05353	0.01662	0.08195	0.06539	0.31185	0.05834	0.01531	0.01019	0.00265	0.08359	0.01331	0.00603	0.06214
19	0.00902	0.00655	0.00852	0.01009	0.01070	0.00605	0.00678	0.01036	0.01445	0.01905	0.04391	0.67631	0.10511	0.02287	0.00941	0.00297	0.00426	0.02063	0.00689	0.00605
20	0.00904	0.00646	0.00861	0.01034	0.01077	0.00603	0.00689	0.01034	0.01421	0.01895	0.04092	0.73426	0.04910	0.02326	0.00948	0.00301	0.00431	0.02110	0.00689	0.00603
21	0.01803	0.01742	0.03016	0.09334	0.61880	0.01761	0.05020	0.02255	0.01678	0.02385	0.01395	0.01855	0.01160	0.00666	0.00742	0.00224	0.00905	0.00671	0.00365	0.01143
22	0.02059	0.51144	0.03362	0.01561	0.03977	0.13738	0.01374	0.02286	0.01560	0.01783	0.01054	0.01291	0.00963	0.00745	0.00776	0.00188	0.10431	0.00451	0.00330	0.00926
23	0.00988	0.00807	0.00879	0.00852	0.01092	0.00725	0.00642	0.01343	0.05967	0.02355	0.24932	0.06409	0.46923	0.01721	0.00869	0.00246	0.00382	0.01456	0.00730	0.00682
24	0.04999	0.42746	0.08729	0.01558	0.02107	0.02404	0.07273	0.02115	0.01526	0.02032	0.07024	0.01735	0.01493	0.00810	0.00831	0.00205	0.10549	0.00570	0.00373	0.00922
25	0.01739	0.01678	0.02365	0.38054	0.03762	0.06721	0.05887	0.09595	0.01698	0.02222	0.01292	0.01829	0.01024	0.00886	0.01146	0.00259	0.17914	0.00659	0.00384	0.00887
26	0.01308	0.01041	0.01217	0.01225	0.01441	0.01112	0.00912	0.02240	0.27070	0.02541	0.13217	0.31851	0.04160	0.01682	0.00869	0.00275	0.00496	0.05767	0.00733	0.00842
27	0.01402	0.01319	0.02227	0.72126	0.05113	0.01649	0.02062	0.01897	0.01484	0.01897	0.01319	0.01979	0.00990	0.00742	0.00742	0.00247	0.00990	0.00660	0.00330	0.00825
28	0.01742	0.01292	0.01508	0.06102	0.01836	0.01362	0.01052	0.24417	0.05142	0.04858	0.20193	0.12484	0.12210	0.01358	0.00821	0.00242	0.00588	0.01150	0.00725	0.00917
29	0.01748	0.01723	0.02811	0.23797	0.44982	0.04702	0.05114	0.02203	0.01652	0.02245	0.01368	0.01864	0.01111	0.00687	0.00741	0.00228	0.00949	0.00663	0.00358	0.01053
30	0.01047	0.00782	0.01164	0.01179	0.01304	0.00900	0.00907	0.01300	0.01213	0.01738	0.02172	0.09081	0.02123	0.05284	0.64847	0.01115	0.01852	0.00910	0.00423	0.00658
31	0.01673	0.01848	0.11608	0.32137	0.23845	0.01725	0.02094	0.07267	0.03988	0.02404	0.01471	0.01914	0.01131	0.00737	0.00729	0.00234	0.00926	0.00653	0.02606	0.01011
32	0.02854	0.02028	0.02196	0.01684	0.02277	0.02226	0.01391	0.62839	0.03405	0.08765	0.01854	0.01829	0.01299	0.00893	0.00743	0.00223	0.00805	0.00673	0.00754	0.01263
33	0.00941	0.00674	0.00864	0.00978	0.01043	0.00630	0.00654	0.01083	0.01472	0.01969	0.11467	0.53342	0.08594	0.11073	0.01286	0.00343	0.00454	0.01864	0.00674	0.00597
34	0.01833	0.08122	0.02965	0.12122	0.53428	0.04346	0.02134	0.02253	0.01665	0.02282	0.01347	0.01780	0.01127	0.00672	0.00711	0.00217	0.00903	0.00632	0.00359	0.01104
35	0.01823	0.06475	0.02059	0.01679	0.06176	0.01619	0.06853	0.11321	0.21020	0.04778	0.08607	0.05545	0.02292	0.04938	0.00901	0.00245	0.00683	0.00835	0.00614	0.11536
36	0.02099	0.01529	0.01723	0.01729	0.10896	0.07390	0.01185	0.05930	0.15056	0.18759	0.03421	0.03284	0.16378	0.01072	0.00755	0.00226	0.00666	0.00885	0.00673	0.06345
37	0.01161	0.00864	0.01142	0.01338	0.07075	0.00850	0.00833	0.05681	0.01569	0.02121	0.07886	0.44513	0.04060	0.15610	0.01447	0.00364	0.00546	0.01636	0.00628	0.00676
38	0.01849	0.14437	0.03652	0.05979	0.12941	0.06885	0.32667	0.02303	0.01659	0.02163	0.01326	0.01758	0.01072	0.00707	0.00904	0.00233	0.07418	0.00705	0.00358	0.00984
39	0.02437	0.02025	0.07875	0.01584	0.02133	0.06567	0.01373	0.39271	0.02721	0.08959	0.01902	0.03939	0.01441	0.01191	0.05126	0.00279	0.00883	0.00695	0.06343	0.03256
40	0.06389	0.01165	0.10278	0.01145	0.01374	0.00864	0.00962	0.01340	0.01431	0.02048	0.05718	0.39610	0.06546	0.12681	0.01305	0.00348	0.00583	0.04952	0.00591	0.00670

[dist]
# distance from previous block
# <min> <max>
2	11

[block]
# block no. 3 follows, 27 sequences, length 14
# corresponding to MSA columns:
# 253-266
name=unknown_D
#
# <colnr> <probs for GDERKNQSTAVLIFYWHMCP>
#	G	D	E	R	K	N	Q	S	T	A	V	L	I	F	Y	W	H	M	C	P
0	0.01836	0.05633	0.06151	0.04911	0.02270	0.10082	0.05706	0.09691	0.01699	0.02290	0.01418	0.05329	0.01274	0.01223	0.04789	0.00290	0.23555	0.00683	0.00421	0.10749
1	0.01695	0.01256	0.01415	0.01273	0.01557	0.01337	0.00976	0.22762	0.08740	0.02927	0.06334	0.14740	0.06745	0.15863	0.01426	0.00352	0.00651	0.08419	0.00671	0.00859
2	0.01611	0.01389	0.01648	0.04663	0.07842	0.04268	0.01096	0.08783	0.01760	0.02496	0.01992	0.17775	0.01970	0.01014	0.00690	0.00185	0.00636	0.00872	0.00515	0.38795
3	0.08411	0.04371	0.05106	0.01712	0.09570	0.03970	0.04184	0.05566	0.11408	0.09690	0.03411	0.07123	0.17074	0.01184	0.00765	0.00242	0.00676	0.03979	0.00610	0.00948
4	0.01030	0.00809	0.00920	0.00935	0.01116	0.00764	0.00670	0.01407	0.08252	0.02216	0.16996	0.22412	0.29560	0.08125	0.01135	0.00301	0.00436	0.01544	0.00698	0.00674
5	0.00991	0.00757	0.01054	0.01094	0.01230	0.00701	0.03568	0.01212	0.01636	0.02188	0.18421	0.43037	0.12705	0.02004	0.00926	0.00281	0.00461	0.06381	0.00703	0.00650
6	0.01950	0.15878	0.02054	0.01403	0.01850	0.05369	0.01155	0.04821	0.35428	0.07971	0.05765	0.02931	0.05549	0.01024	0.00718	0.00231	0.00659	0.03530	0.00659	0.01054
7	0.01519	0.01478	0.02715	0.39729	0.04107	0.01658	0.21150	0.02016	0.01550	0.02123	0.01466	0.02045	0.01124	0.00755	0.00866	0.00245	0.05501	0.00727	0.08362	0.00863
8	0.00956	0.00673	0.00871	0.01009	0.01051	0.00641	0.00672	0.01072	0.01371	0.01825	0.03737	0.56112	0.04438	0.16389	0.01509	0.00386	0.00502	0.05566	0.00642	0.00578
9	0.01666	0.01469	0.01498	0.01375	0.01726	0.05075	0.01055	0.03187	0.47288	0.02882	0.12499	0.07434	0.07272	0.01198	0.00787	0.00249	0.00570	0.01011	0.00737	0.01025
10	0.01612	0.12933	0.39447	0.02549	0.19977	0.01839	0.02290	0.02239	0.01598	0.02266	0.01671	0.01913	0.05007	0.00753	0.00691	0.00222	0.00957	0.00617	0.00350	0.01070
11	0.01026	0.00711	0.00812	0.00841	0.00878	0.00689	0.00504	0.01070	0.01211	0.01584	0.03253	0.16773	0.10964	0.53180	0.02952	0.00593	0.00630	0.01313	0.00519	0.00497
12	0.02401	0.01692	0.01824	0.01469	0.01948	0.01855	0.01189	0.42104	0.11851	0.06947	0.02195	0.04765	0.01667	0.00957	0.00715	0.00222	0.00684	0.00753	0.13632	0.01131
13	0.02228	0.02550	0.02269	0.14827	0.10775	0.36689	0.04927	0.05727	0.04914	0.02139	0.01665	0.01928	0.04529	0.00815	0.00719	0.00215	0.01109	0.00634	0.00421	0.00921

[dist]
# distance from previous block
# <min> <max>
6	14

[block]
# block no. 4 follows, 27 sequences, length 41
# corresponding to MSA columns:
# 281-321
name=unknown_E
#
# <colnr> <probs for GDERKNQSTAVLIFYWHMCP>
#	G	D	E	R	K	N	Q	S	T	A	V	L	I	F	Y	W	H	M	C	P
0	0.01014	0.00743	0.00885	0.00890	0.01023	0.00689	0.00626	0.01209	0.01640	0.02183	0.26534	0.11558	0.20230	0.21866	0.01699	0.00385	0.00486	0.05071	0.00666	0.00604
1	0.01665	0.01856	0.07276	0.26599	0.10877	0.01795	0.32014	0.04531	0.01707	0.02301	0.01429	0.01944	0.01079	0.00683	0.00801	0.00244	0.01100	0.00754	0.00369	0.00974
2	0.02039	0.01217	0.01460	0.01252	0.01645	0.01195	0.00988	0.10853	0.12177	0.21694	0.12364	0.12280	0.08880	0.01293	0.00802	0.00241	0.00560	0.03355	0.00775	0.04930
3	0.01298	0.01036	0.01160	0.01074	0.01350	0.01051	0.00820	0.06121	0.17754	0.02782	0.27799	0.08539	0.23318	0.01501	0.00842	0.00246	0.00449	0.01283	0.00754	0.00824
4	0.01650	0.01802	0.03728	0.11579	0.06131	0.01783	0.48654	0.02198	0.01664	0.02259	0.01616	0.06592	0.01348	0.00786	0.00938	0.00256	0.04771	0.00910	0.00387	0.00950
5	0.07568	0.01485	0.01644	0.01351	0.01822	0.04669	0.01084	0.14187	0.11840	0.30983	0.05259	0.05670	0.02048	0.00990	0.00724	0.00230	0.00647	0.00795	0.05892	0.01111
6	0.34308	0.09252	0.01980	0.04391	0.02080	0.17151	0.04470	0.10613	0.01829	0.05938	0.01276	0.01440	0.00982	0.00736	0.00589	0.00215	0.00850	0.00503	0.00476	0.00921
7	0.01460	0.00765	0.00773	0.00745	0.00941	0.00777	0.00566	0.05156	0.01659	0.02868	0.02388	0.02716	0.01869	0.00866	0.00531	0.00176	0.00371	0.00691	0.73962	0.00722
8	0.05577	0.01516	0.01650	0.01359	0.01754	0.01632	0.01063	0.37265	0.02541	0.07438	0.02236	0.11283	0.02003	0.12815	0.01230	0.00310	0.00701	0.00909	0.05727	0.00992
9	0.02111	0.19150	0.07897	0.04065	0.19136	0.12061	0.09021	0.07657	0.01860	0.06264	0.01416	0.01679	0.01128	0.00828	0.02440	0.00232	0.00995	0.00598	0.00418	0.01044
10	0.00904	0.00646	0.00861	0.01034	0.01077	0.00603	0.00689	0.01034	0.01421	0.01895	0.04092	0.73426	0.04910	0.02326	0.00948	0.00301	0.00431	0.02110	0.00689	0.00603
11	0.01038	0.00859	0.01414	0.01363	0.01517	0.00803	0.11035	0.01245	0.01473	0.01971	0.03685	0.62212	0.04316	0.02059	0.00936	0.00293	0.00560	0.01917	0.00640	0.00666
12	0.01932	0.01933	0.04871	0.04185	0.60039	0.05304	0.02198	0.06092	0.01813	0.02524	0.01404	0.01801	0.01163	0.00681	0.00731	0.00220	0.00908	0.00649	0.00389	0.01163
13	0.01596	0.01493	0.02515	0.53163	0.10455	0.01738	0.08579	0.07461	0.01699	0.02228	0.01384	0.01952	0.01043	0.00736	0.00755	0.00243	0.00992	0.00683	0.00373	0.00911
14	0.00902	0.00657	0.00850	0.01005	0.01069	0.00605	0.00676	0.01037	0.01449	0.01906	0.04442	0.66662	0.11448	0.02280	0.00940	0.00296	0.00425	0.02055	0.00689	0.00605
15	0.01489	0.03840	0.70064	0.02116	0.03213	0.01724	0.02743	0.02351	0.01567	0.02351	0.01332	0.01567	0.00940	0.00705	0.00705	0.00235	0.01097	0.00549	0.00313	0.01097
16	0.02052	0.01505	0.01691	0.01434	0.01814	0.01627	0.01127	0.39909	0.02667	0.03586	0.05910	0.24361	0.02718	0.01590	0.04116	0.00293	0.00728	0.01158	0.00714	0.01000
17	0.02228	0.01854	0.02190	0.21545	0.06958	0.05499	0.01612	0.32832	0.11790	0.03403	0.01772	0.01957	0.01306	0.00846	0.00740	0.00232	0.00863	0.00680	0.00589	0.01102
18	0.01402	0.01319	0.02227	0.72126	0.05113	0.01649	0.02062	0.01897	0.01484	0.01897	0.01319	0.01979	0.00990	0.00742	0.00742	0.00247	0.00990	0.00660	0.00330	0.00825
19	0.02118	0.62587	0.03603	0.01364	0.01970	0.10139	0.01296	0.06082	0.01688	0.01926	0.01088	0.01241	0.00971	0.00664	0.00512	0.00166	0.00853	0.00421	0.00349	0.00961
20	0.01846	0.01814	0.02832	0.07669	0.58598	0.06188	0.02163	0.02269	0.01707	0.02350	0.01492	0.02111	0.01294	0.00736	0.00744	0.00226	0.00908	0.03556	0.00381	0.01115
21	0.02541	0.01436	0.01664	0.01390	0.01866	0.03649	0.01108	0.03569	0.29016	0.35484	0.07689	0.02806	0.02358	0.00993	0.00757	0.00238	0.00616	0.00819	0.00827	0.01173
22	0.01596	0.01588	0.02587	0.44962	0.18022	0.04740	0.08038	0.02061	0.01561	0.02042	0.01327	0.01905	0.01039	0.00745	0.00839	0.00244	0.04775	0.00672	0.00344	0.00915
23	0.03053	0.04812	0.01874	0.01383	0.01940	0.01367	0.01154	0.12787	0.04147	0.52008	0.02719	0.02628	0.01835	0.00956	0.00746	0.00231	0.00668	0.03624	0.00849	0.01220
24	0.01815	0.01754	0.03035	0.07453	0.63794	0.01764	0.04904	0.02266	0.01684	0.02400	0.01397	0.01850	0.01166	0.00664	0.00741	0.00223	0.00902	0.00670	0.00366	0.01153
25	0.00926	0.00662	0.00884	0.01047	0.01102	0.00620	0.00716	0.01076	0.01465	0.01957	0.06780	0.67175	0.04964	0.02278	0.00949	0.00301	0.00441	0.05352	0.00694	0.00611
26	0.01655	0.01666	0.03021	0.25504	0.25477	0.01810	0.18017	0.02129	0.01581	0.02177	0.01353	0.01901	0.01083	0.00746	0.00953	0.00248	0.08633	0.00713	0.00353	0.00982
27	0.01102	0.00872	0.01168	0.11420	0.01783	0.00912	0.00967	0.01525	0.08753	0.02095	0.06143	0.44261	0.08333	0.01875	0.00894	0.00285	0.00539	0.05716	0.00648	0.00708
28	0.01384	0.00909	0.01180	0.06285	0.04302	0.00843	0.00908	0.01643	0.01754	0.12656	0.12207	0.14762	0.30038	0.01632	0.00863	0.00258	0.00510	0.06396	0.00700	0.00772
29	0.05245	0.06760	0.02224	0.05284	0.08755	0.32448	0.01461	0.13371	0.06456	0.08759	0.01559	0.01678	0.01190	0.00794	0.00685	0.00209	0.01020	0.00576	0.00510	0.01016
30	0.11406	0.01564	0.02318	0.09695	0.37385	0.01648	0.01778	0.08637	0.01778	0.02652	0.01843	0.02472	0.04318	0.01070	0.04030	0.00279	0.00864	0.04788	0.00449	0.01025
31	0.00973	0.00721	0.00867	0.00960	0.01051	0.00683	0.00643	0.01175	0.04318	0.01885	0.04369	0.45209	0.16476	0.15361	0.01447	0.00367	0.00480	0.01763	0.00648	0.00604
32	0.01805	0.01790	0.03166	0.05713	0.42795	0.01799	0.18163	0.02500	0.09951	0.02483	0.01623	0.01999	0.01294	0.00698	0.00773	0.00233	0.00940	0.00737	0.00417	0.01122
33	0.04140	0.01353	0.01875	0.14899	0.02322	0.01732	0.01419	0.01933	0.03658	0.06356	0.01602	0.05687	0.01448	0.04975	0.01702	0.00304	0.35435	0.00757	0.07586	0.00815
34	0.58377	0.01492	0.01282	0.01095	0.01564	0.01692	0.00900	0.13291	0.01695	0.05851	0.01318	0.01452	0.00990	0.00743	0.00522	0.00225	0.00603	0.00478	0.05539	0.00891
35	0.02822	0.02079	0.02228	0.01708	0.02302	0.02302	0.01411	0.66804	0.03490	0.04679	0.01782	0.01782	0.01262	0.00891	0.00743	0.00223	0.00817	0.00668	0.00743	0.01262
36	0.17584	0.01421	0.01596	0.01277	0.01800	0.05698	0.01042	0.03207	0.01959	0.49882	0.05322	0.02331	0.01809	0.00891	0.00693	0.00227	0.00654	0.00690	0.00793	0.01126
37	0.04827	0.00813	0.00939	0.00946	0.01144	0.00781	0.00709	0.01534	0.04605	0.04673	0.20146	0.19751	0.17416	0.01612	0.00815	0.00249	0.00422	0.05049	0.12863	0.00706
38	0.01066	0.00745	0.00858	0.00887	0.00929	0.00741	0.00541	0.01200	0.04239	0.01643	0.03013	0.19752	0.06515	0.51405	0.02879	0.00584	0.00634	0.01317	0.00528	0.00525
39	0.00958	0.00692	0.00906	0.00986	0.01086	0.00640	0.00689	0.01172	0.01685	0.02304	0.28439	0.45646	0.08016	0.02008	0.00918	0.00274	0.00399	0.01804	0.00737	0.00640
40	0.01210	0.00791	0.01025	0.01007	0.01201	0.00724	0.00767	0.01500	0.01904	0.08130	0.39208	0.17182	0.12712	0.01698	0.00893	0.00258	0.00424	0.07870	0.00776	0.00721

[dist]
# distance from previous block
# <min> <max>
0	1

[block]
# block no. 5 follows, 27 sequences, length 26
# corresponding to MSA columns:
# 323-348
name=unknown_F
#
# <colnr> <probs for GDERKNQSTAVLIFYWHMCP>
#	G	D	E	R	K	N	Q	S	T	A	V	L	I	F	Y	W	H	M	C	P
0	0.02910	0.01215	0.01617	0.01279	0.01787	0.01087	0.01042	0.03328	0.06529	0.55916	0.12226	0.02968	0.02594	0.01009	0.00765	0.00232	0.00589	0.00837	0.00894	0.01178
1	0.00917	0.00684	0.00854	0.00958	0.01064	0.00621	0.00663	0.01088	0.01570	0.02060	0.13255	0.49866	0.19448	0.02122	0.00923	0.00281	0.00408	0.01890	0.00706	0.00621
2	0.01846	0.01595	0.01679	0.01511	0.01930	0.01846	0.01175	0.03945	0.67938	0.03105	0.03022	0.02770	0.02266	0.01007	0.00755	0.00252	0.00588	0.00839	0.00755	0.01175
3	0.06661	0.01248	0.01491	0.01252	0.01692	0.01236	0.00999	0.03097	0.20049	0.32507	0.13340	0.03325	0.07656	0.01093	0.00762	0.00238	0.00554	0.00905	0.00816	0.01080
4	0.02633	0.01986	0.02122	0.01670	0.02230	0.02214	0.01365	0.54650	0.15952	0.04374	0.02022	0.01973	0.01457	0.00914	0.00745	0.00228	0.00773	0.00701	0.00745	0.01246
5	0.00916	0.00662	0.00855	0.00996	0.01059	0.00614	0.00668	0.01052	0.01452	0.01921	0.06626	0.62156	0.10209	0.05716	0.01076	0.00315	0.00437	0.01988	0.00682	0.00601
6	0.01698	0.01329	0.01448	0.01299	0.01666	0.01444	0.01008	0.06942	0.38699	0.06717	0.11941	0.06476	0.13677	0.01251	0.00796	0.00248	0.00534	0.01053	0.00758	0.01015
7	0.00983	0.00756	0.00899	0.00863	0.01068	0.00672	0.00647	0.01270	0.01942	0.02599	0.45005	0.06168	0.31124	0.01659	0.00876	0.00240	0.00360	0.01430	0.00767	0.00672
8	0.01038	0.00875	0.00916	0.00910	0.01162	0.00821	0.00679	0.01528	0.12386	0.02170	0.06363	0.14720	0.50168	0.01794	0.00866	0.00257	0.00417	0.01517	0.00700	0.00713
9	0.00969	0.00747	0.00885	0.00869	0.01064	0.00663	0.00645	0.01237	0.01883	0.02501	0.39080	0.11527	0.31796	0.01727	0.00882	0.00246	0.00367	0.01493	0.00756	0.00663
10	0.02215	0.01011	0.01367	0.01183	0.01545	0.00901	0.00942	0.02501	0.01986	0.37124	0.20459	0.13701	0.03825	0.01367	0.00832	0.00250	0.00534	0.06443	0.00840	0.00975
11	0.02486	0.01717	0.01894	0.01551	0.02064	0.01881	0.01249	0.27634	0.31589	0.15860	0.02536	0.02352	0.01809	0.00947	0.00749	0.00237	0.00682	0.00758	0.00780	0.01224
12	0.01624	0.01624	0.02274	0.01949	0.01949	0.02274	0.01624	0.01787	0.01137	0.01787	0.00975	0.01624	0.00975	0.01299	0.02436	0.00325	0.72552	0.00650	0.00325	0.00812
13	0.23868	0.01265	0.01474	0.01184	0.01679	0.01217	0.00959	0.03014	0.01802	0.45940	0.02362	0.02360	0.01627	0.06929	0.00920	0.00270	0.00623	0.00680	0.00754	0.01070
14	0.00966	0.00682	0.00852	0.00948	0.00999	0.00646	0.00615	0.01079	0.01393	0.01860	0.09145	0.44905	0.07543	0.22776	0.01750	0.00413	0.00504	0.01725	0.00631	0.00568
15	0.03090	0.01210	0.01646	0.01280	0.01812	0.01050	0.01050	0.03384	0.02122	0.62741	0.09890	0.02845	0.02383	0.00982	0.00760	0.00230	0.00602	0.00809	0.00908	0.01204
16	0.01114	0.00721	0.00972	0.01095	0.01197	0.00675	0.00787	0.01293	0.01538	0.06535	0.06827	0.56632	0.04707	0.02158	0.00942	0.00299	0.00476	0.10659	0.00709	0.00663
17	0.01163	0.00748	0.00927	0.00951	0.01083	0.00688	0.00655	0.01325	0.01563	0.07646	0.14980	0.31598	0.14373	0.17053	0.01503	0.00364	0.00486	0.01569	0.00679	0.00646
18	0.01045	0.00768	0.00988	0.00980	0.01159	0.00711	0.00757	0.01366	0.01966	0.02702	0.49070	0.08654	0.14286	0.01673	0.00901	0.00254	0.00406	0.10850	0.00776	0.00685
19	0.03331	0.01263	0.01723	0.01321	0.01895	0.01091	0.01091	0.03618	0.02125	0.69794	0.02929	0.02527	0.01838	0.00919	0.00747	0.00230	0.00632	0.00747	0.00919	0.01263
20	0.12196	0.01205	0.01497	0.01268	0.01719	0.01153	0.01046	0.02955	0.07126	0.40131	0.08342	0.03542	0.02551	0.01123	0.00765	0.00249	0.00606	0.10659	0.00803	0.01062
21	0.01539	0.01319	0.01539	0.01100	0.01759	0.00990	0.00880	0.01869	0.01539	0.02419	0.01319	0.01539	0.01100	0.00550	0.00550	0.00110	0.00550	0.00440	0.00440	0.78449
22	0.34247	0.01428	0.01359	0.01200	0.01634	0.01602	0.00958	0.04721	0.26037	0.08983	0.02349	0.02290	0.04983	0.00901	0.00626	0.00236	0.00570	0.00674	0.04222	0.00980
23	0.01006	0.00711	0.00888	0.00962	0.01062	0.00669	0.00675	0.01191	0.01556	0.02110	0.16581	0.33517	0.11359	0.13650	0.01373	0.00349	0.00474	0.07000	0.04258	0.00610
24	0.01410	0.00836	0.01068	0.01056	0.01288	0.00755	0.00816	0.01655	0.01777	0.14469	0.15788	0.22553	0.19899	0.01781	0.00895	0.00271	0.00481	0.11693	0.00752	0.00758
25	0.02069	0.01154	0.01453	0.04524	0.01781	0.01134	0.01035	0.05339	0.12784	0.26761	0.09596	0.11393	0.10143	0.01325	0.00818	0.00253	0.00578	0.06090	0.00780	0.00990

[dist]
# distance from previous block
# <min> <max>
3	7

[block]
# block no. 6 follows, 27 sequences, length 54
# corresponding to MSA columns:
# 356-409
name=unknown_G
#
# <colnr> <probs for GDERKNQSTAVLIFYWHMCP>
#	G	D	E	R	K	N	Q	S	T	A	V	L	I	F	Y	W	H	M	C	P
0	0.02331	0.01748	0.01984	0.01716	0.05889	0.01886	0.01302	0.46971	0.02874	0.03883	0.02105	0.12947	0.01841	0.01279	0.03685	0.00270	0.00796	0.00886	0.00684	0.04924
1	0.02000	0.01807	0.09732	0.12630	0.04861	0.01710	0.01546	0.17300	0.19692	0.09058	0.02509	0.02803	0.05209	0.00995	0.00766	0.00245	0.00769	0.04657	0.00629	0.01081
2	0.04721	0.01927	0.05922	0.35453	0.22858	0.12446	0.02014	0.02207	0.01636	0.02115	0.01305	0.01788	0.01028	0.00719	0.00716	0.00230	0.01003	0.00616	0.00353	0.00944
3	0.05505	0.01640	0.02810	0.23717	0.41841	0.01736	0.07674	0.02172	0.01615	0.02314	0.01365	0.01861	0.01100	0.00683	0.00736	0.00231	0.00930	0.00667	0.00362	0.01041
4	0.00923	0.00659	0.00882	0.01055	0.01106	0.00619	0.00721	0.01065	0.01439	0.01916	0.04082	0.69355	0.04870	0.02309	0.00952	0.00304	0.00447	0.06001	0.00689	0.00608
5	0.07347	0.01331	0.01635	0.04796	0.01960	0.01339	0.01109	0.05895	0.17648	0.36167	0.10268	0.02790	0.02401	0.00984	0.00745	0.00236	0.00611	0.00808	0.00804	0.01128
6	0.01927	0.01640	0.02558	0.26482	0.33653	0.01776	0.02005	0.12502	0.01931	0.06148	0.01513	0.01912	0.01162	0.00739	0.00739	0.00230	0.00894	0.00666	0.00444	0.01077
7	0.01430	0.01226	0.05561	0.01423	0.05392	0.01140	0.01086	0.05325	0.15168	0.02585	0.22438	0.06572	0.03607	0.01568	0.01230	0.15187	0.00590	0.07042	0.00632	0.00800
8	0.02490	0.01616	0.01837	0.01496	0.01985	0.01721	0.01213	0.31885	0.14755	0.18165	0.06313	0.06136	0.02205	0.01073	0.00775	0.00239	0.00683	0.03472	0.00782	0.01158
9	0.03187	0.01325	0.01740	0.01353	0.01915	0.01204	0.01111	0.06273	0.07615	0.61579	0.02889	0.02516	0.01849	0.00925	0.00747	0.00231	0.00636	0.00751	0.00898	0.01256
10	0.01676	0.01854	0.03911	0.18162	0.04149	0.01828	0.52525	0.02273	0.01694	0.02273	0.01462	0.01997	0.01097	0.00651	0.00847	0.00250	0.01194	0.00829	0.00366	0.00963
11	0.00910	0.00650	0.00866	0.01030	0.01078	0.00607	0.00690	0.01048	0.01448	0.01937	0.06607	0.70791	0.04991	0.02294	0.00945	0.00299	0.00428	0.02081	0.00694	0.00607
12	0.02121	0.62139	0.03582	0.01381	0.01973	0.14668	0.01299	0.02351	0.01611	0.01759	0.01052	0.01216	0.00953	0.00658	0.00510	0.00164	0.00888	0.00411	0.00329	0.00937
13	0.02143	0.01009	0.01335	0.01134	0.01509	0.00893	0.00912	0.02445	0.02039	0.35038	0.25638	0.04474	0.10875	0.01308	0.00825	0.00242	0.00514	0.05862	0.00843	0.00963
14	0.03331	0.01263	0.01723	0.01321	0.01895	0.01091	0.01091	0.03618	0.02125	0.69794	0.02929	0.02527	0.01838	0.00919	0.00747	0.00230	0.00632	0.00747	0.00919	0.01263
15	0.03189	0.01295	0.01719	0.01339	0.01898	0.01163	0.01099	0.03649	0.08428	0.63407	0.02938	0.02550	0.01879	0.00927	0.00747	0.00232	0.00627	0.00755	0.00903	0.01255
16	0.01837	0.01764	0.03013	0.04557	0.69279	0.01764	0.02278	0.02278	0.01690	0.02425	0.01396	0.01837	0.01176	0.00661	0.00735	0.00220	0.00882	0.00661	0.00367	0.01176
17	0.79154	0.01436	0.01091	0.00976	0.01436	0.01665	0.00804	0.02182	0.01263	0.03331	0.01034	0.01206	0.00804	0.00689	0.00459	0.00230	0.00574	0.00402	0.00459	0.00804
18	0.02056	0.01624	0.01749	0.01526	0.01972	0.01838	0.01208	0.13686	0.51692	0.06977	0.02857	0.02816	0.02162	0.01024	0.00763	0.00249	0.00630	0.03236	0.00760	0.01175
19	0.01061	0.00795	0.01193	0.01193	0.01326	0.00928	0.00928	0.01326	0.01193	0.01723	0.01988	0.02916	0.01856	0.05568	0.70968	0.01193	0.01988	0.00795	0.00398	0.00663
20	0.00981	0.00842	0.00851	0.00833	0.01102	0.00757	0.00629	0.01372	0.08751	0.02123	0.07041	0.06678	0.61870	0.01787	0.00864	0.00251	0.00399	0.01489	0.00696	0.00685
21	0.00929	0.00665	0.00884	0.01017	0.01082	0.00620	0.00691	0.01096	0.01537	0.02079	0.15106	0.61887	0.05266	0.02188	0.00935	0.00290	0.00417	0.01980	0.00711	0.00620
22	0.02307	0.02361	0.01860	0.01704	0.05276	0.30829	0.01260	0.21051	0.02384	0.02750	0.02688	0.02726	0.14966	0.01028	0.00731	0.00213	0.00934	0.00772	0.03221	0.00939
23	0.01467	0.01386	0.02344	0.62060	0.14672	0.01666	0.02094	0.01954	0.01515	0.01975	0.01331	0.01958	0.01017	0.00730	0.00741	0.00243	0.00974	0.00660	0.00335	0.00877
24	0.01985	0.74357	0.03890	0.01270	0.01905	0.02937	0.01270	0.02223	0.01508	0.01747	0.01032	0.01191	0.00953	0.00635	0.00476	0.00159	0.00794	0.00397	0.00318	0.00953
25	0.00928	0.00664	0.00871	0.01028	0.01082	0.00623	0.00696	0.01062	0.01425	0.01889	0.04101	0.64015	0.06953	0.06406	0.01111	0.00326	0.00458	0.05088	0.00675	0.00599
26	0.01826	0.51739	0.25115	0.01541	0.02325	0.02548	0.01743	0.02264	0.01527	0.01940	0.01128	0.01312	0.00949	0.00658	0.00550	0.00183	0.00891	0.00446	0.00316	0.00999
27	0.01846	0.01595	0.01679	0.01511	0.01930	0.01846	0.01175	0.03945	0.67938	0.03105	0.03022	0.02770	0.02266	0.01007	0.00755	0.00252	0.00588	0.00839	0.00755	0.01175
28	0.01045	0.00878	0.00922	0.00889	0.01155	0.00818	0.00673	0.01539	0.11616	0.02300	0.15076	0.06278	0.50732	0.01701	0.00859	0.00249	0.00404	0.01428	0.00716	0.00718
29	0.07058	0.06496	0.02202	0.01598	0.02165	0.02221	0.01330	0.55616	0.03166	0.04328	0.05219	0.01910	0.01519	0.00896	0.00717	0.00220	0.00777	0.00672	0.00704	0.01187
30	0.01402	0.01319	0.02227	0.72126	0.05113	0.01649	0.02062	0.01897	0.01484	0.01897	0.01319	0.01979	0.00990	0.00742	0.00742	0.00247	0.00990	0.00660	0.00330	0.00825
31	0.00904	0.00646	0.00861	0.01034	0.01077	0.00603	0.00689	0.01034	0.01421	0.01895	0.04092	0.73426	0.04910	0.02326	0.00948	0.00301	0.00431	0.02110	0.00689	0.00603
32	0.01059	0.00764	0.01004	0.00958	0.01133	0.00709	0.00728	0.01408	0.02080	0.02936	0.65324	0.05701	0.06855	0.01547	0.00884	0.00239	0.00369	0.04796	0.00810	0.00700
33	0.19985	0.01394	0.01587	0.01294	0.01811	0.01411	0.01053	0.05191	0.15619	0.39201	0.02491	0.02260	0.01678	0.00885	0.00684	0.00234	0.00615	0.00686	0.00777	0.01142
34	0.01402	0.01319	0.02227	0.72126	0.05113	0.01649	0.02062	0.01897	0.01484	0.01897	0.01319	0.01979	0.00990	0.00742	0.00742	0.00247	0.00990	0.00660	0.00330	0.00825
