[name]
unknown

[dist]
# distance from previous block
# <min> <max>
3	85

[block]
# block no. 0 follows, 29 sequences, length 14
# corresponding to MSA columns:
# 85-98
name=unknown_A
#
# <colnr> <probs for GDERKNQSTAVLIFYWHMCP>
#	G	D	E	R	K	N	Q	S	T	A	V	L	I	F	Y	W	H	M	C	P
0	0.02624	0.02627	0.02056	0.05911	0.02346	0.37518	0.01388	0.28468	0.02506	0.05761	0.01422	0.01535	0.01070	0.00786	0.00677	0.00200	0.01039	0.00551	0.00521	0.00991
1	0.01034	0.00696	0.00807	0.00807	0.00818	0.00707	0.00470	0.01055	0.01045	0.01403	0.02215	0.04504	0.02521	0.69142	0.09365	0.00728	0.00792	0.01013	0.00427	0.00449
2	0.01972	0.56488	0.06104	0.01484	0.02086	0.12340	0.06884	0.02248	0.01548	0.01757	0.01054	0.01241	0.00928	0.00628	0.00523	0.00167	0.00882	0.00436	0.00318	0.00911
3	0.01019	0.00683	0.00781	0.00797	0.00801	0.00680	0.00454	0.01031	0.01067	0.01423	0.02406	0.11422	0.02794	0.67933	0.03361	0.00652	0.00664	0.01131	0.00454	0.00446
4	0.01904	0.75404	0.03731	0.01218	0.01828	0.02818	0.01218	0.02132	0.01447	0.01675	0.00990	0.01142	0.00914	0.00609	0.00457	0.00152	0.00761	0.00381	0.00305	0.00914
5	0.00886	0.00636	0.00812	0.00945	0.00996	0.00594	0.00624	0.00999	0.01343	0.01773	0.03970	0.60909	0.09414	0.11028	0.01233	0.00334	0.00443	0.01865	0.00633	0.00562
6	0.80005	0.01377	0.01047	0.00936	0.01377	0.01597	0.00771	0.02093	0.01212	0.03195	0.00991	0.01157	0.00771	0.00661	0.00441	0.00220	0.00551	0.00386	0.00441	0.00771
7	0.00887	0.00662	0.00829	0.00941	0.01044	0.00604	0.00662	0.01050	0.01482	0.01928	0.09008	0.50401	0.20012	0.02066	0.00893	0.00276	0.00410	0.05582	0.00669	0.00594
8	0.59473	0.01836	0.01311	0.01164	0.01596	0.16490	0.00930	0.05871	0.01499	0.02960	0.01054	0.01214	0.00826	0.00687	0.00498	0.00212	0.00718	0.00415	0.00440	0.00807
9	0.02707	0.01995	0.02137	0.01638	0.02208	0.02208	0.01353	0.68159	0.03348	0.04488	0.01710	0.01710	0.01211	0.00855	0.00712	0.00214	0.00784	0.00641	0.00712	0.01211
10	0.20556	0.02485	0.01831	0.01565	0.02013	0.33692	0.01229	0.23338	0.02252	0.02947	0.01268	0.01389	0.00976	0.00755	0.00618	0.00202	0.00956	0.00499	0.00493	0.00935
11	0.04382	0.01522	0.02426	0.48247	0.11248	0.05507	0.10069	0.01977	0.01489	0.01972	0.01264	0.01814	0.00975	0.00708	0.00771	0.00234	0.03573	0.00640	0.00333	0.00848
12	0.14699	0.01698	0.01783	0.01368	0.01934	0.01768	0.01122	0.39562	0.02498	0.03692	0.01474	0.01558	0.01098	0.00735	0.00619	0.00185	0.00677	0.00541	0.00590	0.22400
13	0.04922	0.01457	0.02396	0.34761	0.33887	0.01597	0.01959	0.02102	0.01543	0.06626	0.01388	0.01841	0.01075	0.00686	0.00698	0.00224	0.00864	0.00629	0.00375	0.00968

[dist]
# distance from previous block
# <min> <max>
0	3

[block]
# block no. 1 follows, 29 sequences, length 11
# corresponding to MSA columns:
# 102-112
name=unknown_B
#
# <colnr> <probs for GDERKNQSTAVLIFYWHMCP>
#	G	D	E	R	K	N	Q	S	T	A	V	L	I	F	Y	W	H	M	C	P
0	0.02326	0.01769	0.01932	0.01458	0.02047	0.01818	0.01196	0.47608	0.02768	0.03817	0.01572	0.01637	0.01163	0.00753	0.00655	0.00180	0.00704	0.00573	0.00622	0.25401
1	0.00884	0.00632	0.00845	0.01011	0.01059	0.00593	0.00690	0.01020	0.01380	0.01836	0.03915	0.70554	0.04673	0.02215	0.00913	0.00291	0.00428	0.05816	0.00661	0.00583
2	0.02400	0.02975	0.01977	0.01970	0.08609	0.58527	0.01373	0.02606	0.01942	0.01816	0.01710	0.01864	0.07591	0.00827	0.00667	0.00192	0.01154	0.00576	0.00394	0.00833
3	0.11780	0.47284	0.11422	0.01366	0.02008	0.02315	0.04336	0.02271	0.01489	0.08302	0.01212	0.01340	0.00980	0.00648	0.00523	0.00180	0.00776	0.00450	0.00376	0.00942
4	0.01659	0.01878	0.04066	0.07611	0.03799	0.01786	0.63619	0.02251	0.01664	0.02251	0.01429	0.01919	0.01072	0.00608	0.00832	0.00240	0.01184	0.00827	0.00357	0.00949
5	0.01804	0.01806	0.02738	0.10751	0.57990	0.08117	0.02091	0.02210	0.01639	0.02224	0.01310	0.01732	0.01092	0.00651	0.00700	0.00211	0.00896	0.00618	0.00350	0.01068
6	0.02513	0.07032	0.02230	0.01820	0.02248	0.51127	0.05203	0.11046	0.06207	0.02190	0.01300	0.01450	0.01040	0.00748	0.00657	0.00192	0.01144	0.00520	0.00428	0.00905
7	0.01766	0.01884	0.02891	0.09460	0.16006	0.10907	0.25967	0.02300	0.05422	0.02219	0.01413	0.01775	0.01112	0.00644	0.00720	0.00206	0.00978	0.00663	0.00385	0.13279
8	0.02091	0.01989	0.01801	0.01701	0.06160	0.18796	0.01245	0.09664	0.36644	0.05347	0.02441	0.02356	0.04772	0.00913	0.00707	0.00222	0.00770	0.00722	0.00617	0.01042
9	0.02217	0.01762	0.01908	0.01514	0.02044	0.04651	0.03032	0.31665	0.21186	0.05965	0.01970	0.01946	0.01456	0.00817	0.00684	0.00202	0.00702	0.00649	0.00647	0.14983
10	0.02266	0.01722	0.01896	0.01476	0.01965	0.01857	0.01194	0.45800	0.04748	0.03657	0.01681	0.01963	0.01326	0.07603	0.01044	0.00247	0.04948	0.00647	0.00618	0.13342

[dist]
# distance from previous block
# <min> <max>
12	30

[block]
# block no. 2 follows, 29 sequences, length 9
# corresponding to MSA columns:
# 148-156
name=unknown_C
#
# <colnr> <probs for GDERKNQSTAVLIFYWHMCP>
#	G	D	E	R	K	N	Q	S	T	A	V	L	I	F	Y	W	H	M	C	P
0	0.01756	0.01699	0.02907	0.04033	0.59602	0.01707	0.07776	0.02314	0.06717	0.02372	0.01465	0.01843	0.01203	0.00656	0.00718	0.00216	0.00855	0.00665	0.00381	0.01113
1	0.01805	0.01478	0.01648	0.01261	0.01834	0.01389	0.01012	0.16749	0.15357	0.02927	0.01688	0.01762	0.01311	0.00686	0.00607	0.00156	0.00591	0.00546	0.00546	0.46647
2	0.02450	0.01867	0.01992	0.01586	0.02110	0.02088	0.01291	0.50482	0.21444	0.04073	0.02036	0.01970	0.01475	0.00885	0.00716	0.00221	0.00723	0.00686	0.00716	0.01188
3	0.01237	0.00618	0.00928	0.00928	0.00928	0.00618	0.00618	0.00928	0.00928	0.01237	0.01237	0.02165	0.01237	0.02474	0.02783	0.79283	0.00618	0.00618	0.00309	0.00309
4	0.01771	0.01530	0.01610	0.01449	0.01852	0.01771	0.01127	0.03784	0.69247	0.02979	0.02898	0.02657	0.02174	0.00966	0.00725	0.00242	0.00564	0.00805	0.00725	0.01127
5	0.01558	0.01558	0.02181	0.01869	0.01869	0.02181	0.01558	0.01714	0.01091	0.01714	0.00935	0.01558	0.00935	0.01246	0.02337	0.00312	0.73672	0.00623	0.00312	0.00779
6	0.01681	0.01921	0.04202	0.03001	0.03721	0.01801	0.67947	0.02281	0.01681	0.02281	0.01441	0.01921	0.01080	0.00600	0.00840	0.00240	0.01200	0.00840	0.00360	0.00960
7	0.01477	0.01266	0.01477	0.01055	0.01687	0.00949	0.00844	0.01793	0.01477	0.02320	0.01266	0.01477	0.01055	0.00527	0.00527	0.00105	0.00527	0.00422	0.00422	0.79328
8	0.02368	0.01170	0.01471	0.01205	0.01637	0.01110	0.00967	0.05985	0.12423	0.39432	0.16737	0.03278	0.06881	0.01065	0.00750	0.00225	0.00538	0.00889	0.00816	0.01053

[dist]
# distance from previous block
# <min> <max>
5	19

[block]
# block no. 3 follows, 29 sequences, length 16
# corresponding to MSA columns:
# 176-191
name=unknown_D
#
# <colnr> <probs for GDERKNQSTAVLIFYWHMCP>
#	G	D	E	R	K	N	Q	S	T	A	V	L	I	F	Y	W	H	M	C	P
0	0.01482	0.01280	0.01536	0.06780	0.01951	0.01045	0.00949	0.01905	0.05216	0.02317	0.01356	0.01575	0.01108	0.00566	0.00553	0.00123	0.00563	0.00460	0.00430	0.68805
1	0.02077	0.01689	0.01682	0.01427	0.01879	0.09113	0.01123	0.11321	0.36175	0.10536	0.05131	0.02346	0.01938	0.00890	0.00696	0.00214	0.00659	0.00715	0.00671	0.09718
2	0.02633	0.01958	0.02095	0.01623	0.02180	0.02174	0.01336	0.63067	0.08560	0.04368	0.01804	0.01784	0.01287	0.00864	0.00713	0.00216	0.00766	0.00654	0.00713	0.01204
3	0.01147	0.00820	0.01147	0.01311	0.01475	0.00820	0.01147	0.01475	0.01639	0.02131	0.03770	0.08032	0.04098	0.01967	0.00984	0.00328	0.00656	0.65741	0.00656	0.00656
4	0.01210	0.00777	0.01028	0.00961	0.01162	0.00716	0.00742	0.01540	0.01988	0.08747	0.59036	0.05281	0.06079	0.01446	0.00840	0.00232	0.00385	0.06329	0.00782	0.00718
5	0.80005	0.01377	0.01047	0.00936	0.01377	0.01597	0.00771	0.02093	0.01212	0.03195	0.00991	0.01157	0.00771	0.00661	0.00441	0.00220	0.00551	0.00386	0.00441	0.00771
6	0.01904	0.75404	0.03731	0.01218	0.01828	0.02818	0.01218	0.02132	0.01447	0.01675	0.00990	0.01142	0.00914	0.00609	0.00457	0.00152	0.00761	0.00381	0.00305	0.00914
7	0.00842	0.00721	0.00721	0.00721	0.00962	0.00601	0.00541	0.01022	0.01623	0.01924	0.07213	0.06853	0.70244	0.01803	0.00842	0.00240	0.00361	0.01503	0.00661	0.00601
8	0.01389	0.01073	0.01266	0.01145	0.01253	0.01227	0.00816	0.09717	0.07294	0.01988	0.02099	0.07437	0.02210	0.42455	0.02636	0.00504	0.13404	0.00949	0.00484	0.00657
9	0.80005	0.01377	0.01047	0.00936	0.01377	0.01597	0.00771	0.02093	0.01212	0.03195	0.00991	0.01157	0.00771	0.00661	0.00441	0.00220	0.00551	0.00386	0.00441	0.00771
10	0.01726	0.01655	0.02825	0.10374	0.64814	0.01682	0.02167	0.02153	0.01604	0.02282	0.01333	0.01774	0.01112	0.00641	0.00706	0.00214	0.00855	0.00634	0.00349	0.01099
11	0.02552	0.02030	0.02043	0.01623	0.02150	0.07667	0.01319	0.52613	0.13868	0.04027	0.01853	0.01829	0.01343	0.00863	0.00709	0.00216	0.00788	0.00653	0.00687	0.01167
12	0.01237	0.00618	0.00928	0.00928	0.00928	0.00618	0.00618	0.00928	0.00928	0.01237	0.01237	0.02165	0.01237	0.02474	0.02783	0.79283	0.00618	0.00618	0.00309	0.00309
13	0.33771	0.01879	0.01521	0.01307	0.01758	0.18759	0.01039	0.06298	0.07081	0.17867	0.01609	0.01616	0.01160	0.00762	0.00588	0.00213	0.00756	0.00523	0.00557	0.00934
14	0.02555	0.01914	0.02053	0.01592	0.02148	0.02106	0.01307	0.58538	0.10004	0.04234	0.01811	0.01796	0.01302	0.00851	0.00705	0.00212	0.00749	0.00648	0.00700	0.04775
15	0.02511	0.01642	0.01851	0.01479	0.01995	0.01746	0.01209	0.34919	0.16286	0.19070	0.02276	0.02340	0.01656	0.00921	0.00721	0.00222	0.00683	0.03616	0.00740	0.04119

[dist]
# distance from previous block
# <min> <max>
3	11

[block]
# block no. 4 follows, 29 sequences, length 23
# corresponding to MSA columns:
# 203-207,209-226
name=unknown_E
#
# <colnr> <probs for GDERKNQSTAVLIFYWHMCP>
#	G	D	E	R	K	N	Q	S	T	A	V	L	I	F	Y	W	H	M	C	P
0	0.02321	0.01785	0.01926	0.01677	0.06189	0.05750	0.01267	0.37371	0.12909	0.07910	0.03714	0.05943	0.01692	0.00925	0.00713	0.00215	0.00724	0.00740	0.00666	0.05562
1	0.35590	0.01951	0.01551	0.01320	0.01782	0.17546	0.01050	0.15116	0.06515	0.03028	0.01309	0.01423	0.01010	0.00724	0.00565	0.00202	0.00760	0.00483	0.00494	0.07578
2	0.00859	0.00717	0.00749	0.00751	0.00975	0.00607	0.00559	0.01053	0.01650	0.02012	0.13328	0.09748	0.60973	0.01788	0.00844	0.00241	0.00361	0.01505	0.00673	0.00607
3	0.73468	0.01363	0.01098	0.00965	0.01415	0.01551	0.00795	0.02210	0.01282	0.08967	0.01146	0.01265	0.00856	0.00680	0.00464	0.00220	0.00556	0.00414	0.00478	0.00809
4	0.00888	0.00727	0.00786	0.00783	0.01006	0.00625	0.00595	0.01106	0.01700	0.02113	0.19186	0.06614	0.54806	0.01744	0.00848	0.00241	0.00370	0.04558	0.00685	0.00617
5	0.01510	0.00870	0.01127	0.00997	0.01261	0.00803	0.00770	0.01908	0.05248	0.17492	0.50377	0.04618	0.07507	0.01320	0.00808	0.00225	0.00406	0.01149	0.00798	0.00808
6	0.02308	0.12618	0.08671	0.01841	0.05912	0.42601	0.01474	0.08108	0.01985	0.02108	0.05033	0.01574	0.01277	0.00757	0.00641	0.00190	0.01074	0.00526	0.00404	0.00899
7	0.01762	0.01692	0.02890	0.04371	0.70533	0.01692	0.02185	0.02185	0.01621	0.02326	0.01339	0.01762	0.01128	0.00634	0.00705	0.00211	0.00846	0.00634	0.00352	0.01128
8	0.02467	0.17582	0.02344	0.01684	0.02110	0.51667	0.01331	0.05690	0.05306	0.01914	0.01195	0.01343	0.00992	0.00726	0.00612	0.00181	0.01122	0.00469	0.00388	0.00875
9	0.01493	0.01280	0.01484	0.01076	0.01696	0.00994	0.00859	0.01902	0.05188	0.02356	0.01355	0.01541	0.01116	0.00551	0.00538	0.00113	0.00529	0.00443	0.00438	0.75046
10	0.02626	0.03124	0.02041	0.01807	0.02190	0.59440	0.01379	0.12235	0.02176	0.02138	0.01182	0.01356	0.00960	0.00770	0.00715	0.00193	0.03881	0.00491	0.00415	0.00879
11	0.00868	0.00620	0.00826	0.00991	0.01033	0.00578	0.00661	0.00991	0.01363	0.01818	0.03925	0.74510	0.04710	0.02231	0.00909	0.00289	0.00413	0.02024	0.00661	0.00578
12	0.01036	0.00690	0.00777	0.00777	0.00777	0.00690	0.00431	0.01036	0.01036	0.01381	0.02244	0.04660	0.02589	0.74975	0.03624	0.00690	0.00690	0.01036	0.00431	0.00431
13	0.69549	0.01544	0.04631	0.01050	0.01532	0.01652	0.00913	0.07699	0.01407	0.03258	0.01067	0.01221	0.00815	0.00678	0.00475	0.00220	0.00595	0.00414	0.00457	0.00822
14	0.01904	0.75404	0.03731	0.01218	0.01828	0.02818	0.01218	0.02132	0.01447	0.01675	0.00990	0.01142	0.00914	0.00609	0.00457	0.00152	0.00761	0.00381	0.00305	0.00914
15	0.00868	0.00620	0.00826	0.00991	0.01033	0.00578	0.00661	0.00991	0.01363	0.01818	0.03925	0.74510	0.04710	0.02231	0.00909	0.00289	0.00413	0.02024	0.00661	0.00578
16	0.00996	0.00719	0.00941	0.00904	0.01061	0.00664	0.00671	0.01314	0.01960	0.02768	0.64546	0.11181	0.06549	0.01521	0.00846	0.00229	0.00342	0.01350	0.00773	0.00664
17	0.28513	0.01762	0.01742	0.01393	0.01910	0.01979	0.01146	0.42399	0.06378	0.03969	0.01537	0.01578	0.01119	0.00796	0.00622	0.00217	0.00693	0.00565	0.00622	0.01059
18	0.02638	0.01954	0.02100	0.01606	0.02179	0.02138	0.01325	0.64444	0.03243	0.04366	0.01685	0.01697	0.01202	0.00836	0.00702	0.00208	0.00769	0.00629	0.00696	0.05584
19	0.03060	0.01377	0.01655	0.01300	0.01819	0.07053	0.01059	0.03330	0.02035	0.62352	0.05435	0.02446	0.01895	0.00892	0.00715	0.00217	0.00652	0.00718	0.00834	0.01157
20	0.00888	0.00651	0.00838	0.00980	0.01060	0.00602	0.00685	0.01037	0.01424	0.01860	0.04387	0.59081	0.14123	0.02147	0.00906	0.00285	0.00426	0.07371	0.00661	0.00588
21	0.76558	0.01405	0.01095	0.00968	0.01414	0.01625	0.00797	0.05039	0.01307	0.03252	0.01024	0.01181	0.00791	0.00670	0.00453	0.00220	0.00561	0.00397	0.00453	0.00791
22	0.32319	0.01568	0.02356	0.01999	0.08493	0.01610	0.23118	0.05897	0.01600	0.08565	0.01511	0.05249	0.01210	0.00746	0.00658	0.00229	0.00803	0.00682	0.00469	0.00918

[dist]
# distance from previous block
# <min> <max>
2	7

[block]
# block no. 5 follows, 29 sequences, length 11
# corresponding to MSA columns:
# 234-244
name=unknown_F
#
# <colnr> <probs for GDERKNQSTAVLIFYWHMCP>
#	G	D	E	R	K	N	Q	S	T	A	V	L	I	F	Y	W	H	M	C	P
0	0.14069	0.01880	0.01904	0.07616	0.02271	0.06713	0.01294	0.40749	0.10422	0.03707	0.01661	0.01724	0.01215	0.00818	0.00668	0.00218	0.00771	0.00609	0.00616	0.01074
1	0.02565	0.07373	0.02166	0.01947	0.06163	0.64086	0.01414	0.02765	0.01962	0.01773	0.01108	0.01304	0.00929	0.00721	0.00635	0.00183	0.01229	0.00464	0.00363	0.00848
2	0.01279	0.00834	0.01069	0.00972	0.01195	0.00788	0.00742	0.01730	0.06856	0.09619	0.58645	0.04841	0.05901	0.01364	0.00819	0.00225	0.00379	0.01196	0.00789	0.00758
3	0.01477	0.01266	0.01477	0.01055	0.01687	0.00949	0.00844	0.01793	0.01477	0.02320	0.01266	0.01477	0.01055	0.00527	0.00527	0.00105	0.00527	0.00422	0.00422	0.79328
4	0.00868	0.00620	0.00826	0.00991	0.01033	0.00578	0.00661	0.00991	0.01363	0.01818	0.03925	0.74510	0.04710	0.02231	0.00909	0.00289	0.00413	0.02024	0.00661	0.00578
5	0.01762	0.01692	0.02890	0.04371	0.70533	0.01692	0.02185	0.02185	0.01621	0.02326	0.01339	0.01762	0.01128	0.00634	0.00705	0.00211	0.00846	0.00634	0.00352	0.01128
6	0.02606	0.03185	0.02082	0.01984	0.06596	0.62622	0.01426	0.07440	0.02087	0.01975	0.01159	0.01345	0.00952	0.00736	0.00651	0.00187	0.01220	0.00483	0.00390	0.00872
7	0.02725	0.01143	0.01526	0.01212	0.01681	0.01017	0.00984	0.05830	0.02062	0.54310	0.13466	0.06023	0.02652	0.01030	0.00744	0.00224	0.00562	0.00861	0.00849	0.01098
8	0.07748	0.01451	0.01553	0.01282	0.01766	0.05172	0.01018	0.03028	0.26016	0.21293	0.04636	0.02258	0.01818	0.00834	0.00660	0.00202	0.00598	0.00669	0.00667	0.17330
9	0.01477	0.01266	0.01477	0.01055	0.01687	0.00949	0.00844	0.01793	0.01477	0.02320	0.01266	0.01477	0.01055	0.00527	0.00527	0.00105	0.00527	0.00422	0.00422	0.79328
10	0.01950	0.01346	0.01590	0.01554	0.08028	0.04243	0.01102	0.02908	0.27431	0.18852	0.19595	0.03132	0.03072	0.01029	0.00746	0.00227	0.00572	0.00875	0.00727	0.01020

[dist]
# distance from previous block
# <min> <max>
0	12

[block]
# block no. 6 follows, 29 sequences, length 16
# corresponding to MSA columns:
# 257-272
name=unknown_G
#
# <colnr> <probs for GDERKNQSTAVLIFYWHMCP>
#	G	D	E	R	K	N	Q	S	T	A	V	L	I	F	Y	W	H	M	C	P
0	0.07721	0.01941	0.01953	0.01560	0.02080	0.06672	0.01268	0.46546	0.13836	0.06418	0.01856	0.01826	0.01340	0.00853	0.00692	0.00217	0.00759	0.00642	0.00680	0.01143
1	0.07710	0.01562	0.01765	0.01370	0.01920	0.01583	0.01121	0.27920	0.08933	0.23226	0.02025	0.01934	0.01410	0.00807	0.00666	0.00201	0.00653	0.00626	0.00697	0.13869
2	0.01028	0.00719	0.00922	0.00922	0.00972	0.00769	0.00613	0.01129	0.01079	0.01488	0.02111	0.03924	0.02269	0.47475	0.30688	0.00870	0.01171	0.00928	0.00412	0.00512
3	0.02707	0.01995	0.02137	0.01638	0.02208	0.02208	0.01353	0.68159	0.03348	0.04488	0.01710	0.01710	0.01211	0.00855	0.00712	0.00214	0.00784	0.00641	0.00712	0.01211
4	0.01147	0.00820	0.01147	0.01311	0.01475	0.00820	0.01147	0.01475	0.01639	0.02131	0.03770	0.08032	0.04098	0.01967	0.00984	0.00328	0.00656	0.65741	0.00656	0.00656
5	0.70121	0.01456	0.01186	0.01026	0.01483	0.01676	0.00846	0.10541	0.01485	0.03360	0.01083	0.01227	0.00827	0.00686	0.00475	0.00219	0.00581	0.00418	0.00475	0.00827
6	0.24729	0.02649	0.01713	0.01534	0.01937	0.46491	0.01178	0.02679	0.01790	0.07559	0.01203	0.01337	0.00942	0.00725	0.00590	0.00197	0.01022	0.00458	0.00428	0.00840
7	0.01066	0.00767	0.01034	0.01143	0.01283	0.00739	0.00919	0.01326	0.01578	0.02107	0.11816	0.23529	0.04382	0.06126	0.01084	0.00319	0.00555	0.36327	0.00652	0.03247
8	0.05512	0.01364	0.01725	0.01502	0.06401	0.03894	0.01134	0.03345	0.08519	0.54911	0.02594	0.02316	0.01695	0.00860	0.00704	0.00220	0.00642	0.00698	0.00796	0.01168
9	0.01993	0.66871	0.03528	0.01291	0.01872	0.11029	0.01237	0.02216	0.01515	0.01683	0.01003	0.01159	0.00914	0.00624	0.00479	0.00156	0.00823	0.00390	0.00312	0.00903
10	0.02652	0.02262	0.02058	0.01659	0.02170	0.18416	0.01333	0.46467	0.07287	0.06103	0.01684	0.01698	0.01225	0.00835	0.00697	0.00209	0.00879	0.00612	0.00639	0.01116
11	0.00868	0.00620	0.00826	0.00991	0.01033	0.00578	0.00661	0.00991	0.01363	0.01818	0.03925	0.74510	0.04710	0.02231	0.00909	0.00289	0.00413	0.02024	0.00661	0.00578
12	0.01573	0.01322	0.01528	0.01100	0.01728	0.01047	0.00883	0.06968	0.01622	0.02489	0.01300	0.01495	0.01067	0.00553	0.00542	0.00114	0.00547	0.00439	0.00445	0.73236
13	0.01726	0.01640	0.02786	0.04188	0.66417	0.01640	0.02123	0.02143	0.01622	0.02315	0.01484	0.02136	0.01305	0.00714	0.00722	0.00218	0.00835	0.04516	0.00371	0.01100
14	0.02330	0.01961	0.01917	0.01559	0.02062	0.09979	0.01249	0.36611	0.22185	0.03560	0.01949	0.01917	0.01444	0.00847	0.00693	0.00210	0.00756	0.00650	0.00653	0.07471
15	0.33610	0.01507	0.01392	0.01185	0.01601	0.06225	0.00951	0.15499	0.05726	0.08653	0.14702	0.02262	0.02171	0.00892	0.00623	0.00218	0.00610	0.00665	0.00607	0.00899

[dist]
# distance from previous block
# <min> <max>
20	68

[block]
# block no. 7 follows, 29 sequences, length 16
# corresponding to MSA columns:
# 347-362
name=unknown_H
#
# <colnr> <probs for GDERKNQSTAVLIFYWHMCP>
#	G	D	E	R	K	N	Q	S	T	A	V	L	I	F	Y	W	H	M	C	P
0	0.11503	0.04662	0.01777	0.01502	0.01895	0.35154	0.01162	0.13750	0.06750	0.02471	0.01931	0.02090	0.07574	0.03869	0.00770	0.00222	0.00935	0.00624	0.00488	0.00872
1	0.01721	0.01616	0.02703	0.05870	0.61952	0.01628	0.02039	0.03793	0.01654	0.02354	0.03957	0.02001	0.01387	0.03325	0.00815	0.00230	0.00822	0.00673	0.00380	0.01079
2	0.08627	0.02012	0.01885	0.04233	0.02135	0.13157	0.01265	0.35308	0.15825	0.03474	0.01932	0.01940	0.03311	0.00864	0.00685	0.00217	0.00795	0.00648	0.00621	0.01064
3	0.01888	0.01496	0.01957	0.01460	0.02058	0.01373	0.09337	0.13249	0.10194	0.08599	0.01693	0.01796	0.01282	0.00675	0.00637	0.00167	0.00665	0.00582	0.00539	0.40353
4	0.02620	0.03172	0.02009	0.01797	0.02185	0.62148	0.01361	0.08958	0.05461	0.02059	0.01246	0.01391	0.01007	0.00756	0.00653	0.00189	0.01202	0.00493	0.00417	0.00876
5	0.00885	0.00637	0.00843	0.01001	0.01059	0.00595	0.00688	0.01024	0.01392	0.01843	0.04055	0.67278	0.07465	0.02195	0.00911	0.00290	0.00427	0.06168	0.00661	0.00584
6	0.80005	0.01377	0.01047	0.00936	0.01377	0.01597	0.00771	0.02093	0.01212	0.03195	0.00991	0.01157	0.00771	0.00661	0.00441	0.00220	0.00551	0.00386	0.00441	0.00771
7	0.75224	0.01367	0.01084	0.00957	0.01404	0.01563	0.00788	0.02179	0.01263	0.07417	0.01105	0.01236	0.00833	0.00675	0.00458	0.00220	0.00554	0.00406	0.00468	0.00799
8	0.01754	0.01382	0.01584	0.01178	0.01777	0.01194	0.00947	0.10668	0.08063	0.06271	0.01556	0.01666	0.01216	0.00629	0.00580	0.00138	0.00568	0.00501	0.00512	0.57814
9	0.02578	0.01858	0.02021	0.01559	0.02110	0.02011	0.01280	0.58377	0.03092	0.07255	0.01822	0.04680	0.01368	0.00891	0.00709	0.00210	0.00745	0.00687	0.00700	0.06048
10	0.01102	0.00805	0.01080	0.01222	0.01378	0.00798	0.01022	0.01447	0.04103	0.02094	0.03994	0.19334	0.08531	0.01965	0.00951	0.00312	0.00590	0.47957	0.00660	0.00656
11	0.04506	0.01592	0.02651	0.22532	0.38840	0.01694	0.07692	0.05085	0.04220	0.02338	0.01392	0.01823	0.01106	0.00676	0.00710	0.00223	0.00880	0.00650	0.00377	0.01013
12	0.05196	0.02617	0.02028	0.01701	0.02166	0.35014	0.01338	0.33230	0.04777	0.03107	0.01438	0.01522	0.01090	0.00795	0.00671	0.00201	0.01004	0.00552	0.00542	0.01013
13	0.06646	0.00985	0.01249	0.01292	0.01536	0.01011	0.01107	0.06026	0.04769	0.06928	0.06355	0.06441	0.03572	0.01670	0.00895	0.00298	0.00635	0.47160	0.00669	0.00757
14	0.19194	0.01455	0.01567	0.01280	0.01748	0.01541	0.01048	0.24268	0.06574	0.19286	0.07212	0.02551	0.04888	0.00955	0.00681	0.00225	0.00621	0.03188	0.00695	0.01023
15	0.62658	0.01439	0.01226	0.01072	0.01515	0.01645	0.00888	0.12551	0.01579	0.03332	0.01284	0.01686	0.01055	0.00776	0.00519	0.00226	0.00595	0.04624	0.00498	0.00834

[dist]
# distance from previous block
# <min> <max>
1	10

[block]
# block no. 8 follows, 29 sequences, length 19
# corresponding to MSA columns:
# 373-391
name=unknown_I
#
# <colnr> <probs for GDERKNQSTAVLIFYWHMCP>
#	G	D	E	R	K	N	Q	S	T	A	V	L	I	F	Y	W	H	M	C	P
0	0.59154	0.01370	0.01194	0.01140	0.04465	0.01548	0.00867	0.05628	0.06163	0.03085	0.01791	0.01879	0.07744	0.00804	0.00526	0.00223	0.00558	0.00550	0.00493	0.00819
1	0.13226	0.01005	0.01160	0.01202	0.03104	0.01031	0.00942	0.06289	0.04664	0.04583	0.06330	0.14783	0.14110	0.01569	0.00816	0.00270	0.00554	0.22982	0.00636	0.00743
2	0.17717	0.01907	0.01778	0.06085	0.02113	0.12014	0.01204	0.32366	0.04157	0.03365	0.01750	0.01837	0.04756	0.00825	0.00645	0.00208	0.00778	0.00602	0.00564	0.05327
3	0.11581	0.01787	0.01729	0.01413	0.01871	0.09077	0.01132	0.35477	0.05383	0.03518	0.09007	0.06085	0.01942	0.00944	0.00686	0.00211	0.00713	0.00731	0.00630	0.06085
4	0.05305	0.02891	0.02076	0.02046	0.09777	0.50702	0.01431	0.10188	0.05062	0.02226	0.01272	0.01442	0.01024	0.00744	0.00653	0.00194	0.01120	0.00512	0.00423	0.00914
5	0.01932	0.01818	0.02672	0.08409	0.51637	0.06326	0.01996	0.11936	0.01889	0.02573	0.01374	0.01733	0.01115	0.00679	0.00702	0.00212	0.00872	0.00624	0.00404	0.01098
6	0.01904	0.75404	0.03731	0.01218	0.01828	0.02818	0.01218	0.02132	0.01447	0.01675	0.00990	0.01142	0.00914	0.00609	0.00457	0.00152	0.00761	0.00381	0.00305	0.00914
7	0.01477	0.01266	0.01477	0.01055	0.01687	0.00949	0.00844	0.01793	0.01477	0.02320	0.01266	0.01477	0.01055	0.00527	0.00527	0.00105	0.00527	0.00422	0.00422	0.79328
8	0.01036	0.00690	0.00777	0.00777	0.00777	0.00690	0.00431	0.01036	0.01036	0.01381	0.02244	0.04660	0.02589	0.74975	0.03624	0.00690	0.00690	0.01036	0.00431	0.00431
9	0.60722	0.01483	0.01273	0.01083	0.01541	0.01692	0.00890	0.16017	0.01693	0.03455	0.03734	0.01429	0.01087	0.00732	0.00513	0.00219	0.00592	0.00473	0.00511	0.00860
10	0.02703	0.02110	0.02127	0.01655	0.02208	0.07999	0.01355	0.62748	0.03238	0.04260	0.01659	0.01674	0.01187	0.00845	0.00707	0.00211	0.00825	0.00626	0.00684	0.01179
11	0.00868	0.00620	0.00826	0.00991	0.01033	0.00578	0.00661	0.00991	0.01363	0.01818	0.03925	0.74510	0.04710	0.02231	0.00909	0.00289	0.00413	0.02024	0.00661	0.00578
12	0.01333	0.00849	0.01068	0.00977	0.01176	0.00811	0.00722	0.06171	0.01915	0.09375	0.43135	0.11096	0.05083	0.11664	0.01213	0.00294	0.00450	0.01219	0.00728	0.00721
13	0.29966	0.44344	0.02661	0.01156	0.01689	0.06716	0.01068	0.02163	0.01398	0.02225	0.00997	0.01156	0.00863	0.00636	0.00463	0.00179	0.00719	0.00387	0.00357	0.00857
14	0.01020	0.00689	0.00807	0.00840	0.00856	0.00684	0.00509	0.01058	0.01119	0.01488	0.02569	0.14271	0.02972	0.60461	0.03088	0.00613	0.00651	0.05363	0.00477	0.00466
15	0.57016	0.01440	0.01271	0.01088	0.01537	0.01622	0.00889	0.14222	0.01661	0.07432	0.01388	0.05239	0.01121	0.00793	0.00532	0.00223	0.00589	0.00539	0.00529	0.00868
16	0.02651	0.01916	0.02075	0.01586	0.02159	0.02080	0.01308	0.61259	0.03175	0.07178	0.01729	0.01725	0.01225	0.00835	0.00701	0.00207	0.00760	0.00631	0.00701	0.06099
17	0.01820	0.01801	0.02834	0.04208	0.66144	0.06216	0.02133	0.02228	0.01647	0.02289	0.01324	0.01732	0.01114	0.00641	0.00701	0.00210	0.00874	0.00623	0.00353	0.01108
18	0.06847	0.01643	0.02617	0.02053	0.06787	0.01548	0.25070	0.11399	0.03984	0.04818	0.01477	0.01733	0.01130	0.00640	0.00683	0.00191	0.00830	0.00635	0.00461	0.25456

[dist]
# distance from previous block
# <min> <max>
9	15

[block]
# block no. 9 follows, 29 sequences, length 15
# corresponding to MSA columns:
# 409-423
name=unknown_J
#
# <colnr> <probs for GDERKNQSTAVLIFYWHMCP>
#	G	D	E	R	K	N	Q	S	T	A	V	L	I	F	Y	W	H	M	C	P
0	0.02188	0.08300	0.01917	0.01535	0.03750	0.20903	0.01186	0.13937	0.15994	0.08816	0.06896	0.02458	0.07199	0.00936	0.00693	0.00209	0.00795	0.00722	0.00592	0.00976
1	0.07815	0.05452	0.02002	0.01728	0.06760	0.22477	0.01289	0.20344	0.07738	0.12603	0.03823	0.01817	0.01405	0.00811	0.00667	0.00206	0.00861	0.00602	0.00576	0.01025
2	0.05977	0.01423	0.01696	0.01558	0.07615	0.01469	0.01136	0.25754	0.05575	0.14824	0.12556	0.08460	0.04284	0.01054	0.00732	0.00221	0.00620	0.00875	0.00693	0.03478
3	0.21190	0.01905	0.11461	0.05680	0.02516	0.01725	0.15645	0.16773	0.04553	0.06985	0.03881	0.01805	0.01280	0.00748	0.00673	0.00226	0.00826	0.00638	0.00506	0.00983
4	0.04813	0.45023	0.05424	0.01482	0.03960	0.07282	0.01330	0.16555	0.01888	0.02385	0.01173	0.01319	0.00980	0.00696	0.00598	0.00179	0.03072	0.00463	0.00404	0.00974
5	0.02000	0.57196	0.05429	0.01301	0.01859	0.06331	0.01251	0.02239	0.01502	0.07628	0.01193	0.01390	0.01034	0.02768	0.00676	0.00185	0.04291	0.00448	0.00361	0.00919
6	0.17383	0.01342	0.04801	0.01241	0.01718	0.01226	0.01068	0.06531	0.04894	0.35145	0.08402	0.02899	0.02181	0.00986	0.00698	0.00232	0.00606	0.06912	0.00722	0.01015
7	0.01036	0.00690	0.00777	0.00777	0.00777	0.00690	0.00431	0.01036	0.01036	0.01381	0.02244	0.04660	0.02589	0.74975	0.03624	0.00690	0.00690	0.01036	0.00431	0.00431
8	0.75327	0.01414	0.01113	0.00979	0.01427	0.01634	0.00806	0.06091	0.01341	0.03273	0.01035	0.01190	0.00798	0.00673	0.00457	0.00220	0.00565	0.00401	0.00457	0.00798
9	0.02077	0.45398	0.02953	0.01396	0.01908	0.20138	0.01234	0.04741	0.07485	0.01949	0.03896	0.01490	0.01259	0.00713	0.00550	0.00173	0.00861	0.00481	0.00389	0.00911
10	0.01022	0.00685	0.00781	0.00794	0.00797	0.00681	0.00450	0.01032	0.01062	0.01416	0.02380	0.10342	0.02761	0.69057	0.03403	0.00658	0.00668	0.01116	0.00450	0.00443
11	0.01681	0.01921	0.04202	0.03001	0.03721	0.01801	0.67947	0.02281	0.01681	0.02281	0.01441	0.01921	0.01080	0.00600	0.00840	0.00240	0.01200	0.00840	0.00360	0.00960
12	0.14992	0.05476	0.01941	0.01641	0.02057	0.48540	0.01270	0.11864	0.02055	0.02357	0.01165	0.01318	0.00935	0.00735	0.00613	0.00192	0.01078	0.00470	0.00425	0.00874
13	0.09533	0.01295	0.01612	0.01260	0.01774	0.01222	0.01035	0.11988	0.02144	0.50823	0.07781	0.02445	0.01991	0.00904	0.00702	0.00220	0.00604	0.00722	0.00813	0.01132
14	0.08759	0.01597	0.01642	0.01326	0.01794	0.05805	0.01053	0.23954	0.10136	0.07391	0.01785	0.02046	0.01416	0.07053	0.04795	0.00283	0.00757	0.00626	0.00579	0.17204

[dist]
# distance from previous block
# <min> <max>
33	84

[block]
# block no. 10 follows, 29 sequences, length 16
# corresponding to MSA columns:
# 520-535
name=unknown_K
#
# <colnr> <probs for GDERKNQSTAVLIFYWHMCP>
#	G	D	E	R	K	N	Q	S	T	A	V	L	I	F	Y	W	H	M	C	P
0	0.01977	0.01914	0.03432	0.02506	0.03143	0.01933	0.43635	0.21457	0.04463	0.02924	0.01549	0.01870	0.01150	0.00713	0.00859	0.00235	0.03962	0.00773	0.00473	0.01032
1	0.11737	0.01804	0.01876	0.01489	0.02005	0.02013	0.01218	0.48839	0.11967	0.04054	0.01810	0.01811	0.01314	0.00846	0.00673	0.00216	0.00708	0.00634	0.03861	0.01125
2	0.09325	0.01614	0.01777	0.01421	0.01925	0.01732	0.01158	0.32524	0.14635	0.19527	0.05418	0.02172	0.01740	0.00893	0.00698	0.00221	0.00661	0.00697	0.00734	0.01132
3	0.36903	0.01862	0.01583	0.01450	0.05071	0.14648	0.01096	0.12940	0.07909	0.08216	0.01452	0.01528	0.01086	0.00748	0.00580	0.00214	0.00742	0.00514	0.00525	0.00933
4	0.28513	0.20757	0.01924	0.01123	0.01581	0.01811	0.00969	0.12722	0.01797	0.05437	0.12727	0.02162	0.04208	0.00856	0.00578	0.00203	0.00604	0.00623	0.00529	0.00874
5	0.12230	0.56004	0.03161	0.01248	0.01819	0.06251	0.01179	0.07495	0.01600	0.02105	0.01054	0.01197	0.00919	0.00642	0.00485	0.00168	0.00763	0.00406	0.00359	0.00914
6	0.01805	0.17699	0.02040	0.01153	0.01769	0.01467	0.00982	0.07138	0.01660	0.07892	0.01364	0.01497	0.01093	0.00599	0.00541	0.00133	0.00605	0.00453	0.00456	0.49652
7	0.00974	0.00678	0.00863	0.00969	0.01016	0.00659	0.00661	0.01088	0.01293	0.01715	0.03301	0.38516	0.03853	0.28034	0.01886	0.00438	0.00552	0.12384	0.00579	0.00539
8	0.15883	0.49091	0.05530	0.01279	0.01849	0.09547	0.01213	0.05069	0.01548	0.02096	0.01043	0.01197	0.00901	0.00644	0.00492	0.00173	0.00789	0.00406	0.00353	0.00898
9	0.01361	0.01002	0.01266	0.01300	0.01535	0.01033	0.01106	0.10301	0.05743	0.02531	0.08598	0.06633	0.07283	0.01718	0.00915	0.00296	0.00628	0.45322	0.00677	0.00754
10	0.00952	0.00655	0.00801	0.00884	0.00904	0.00635	0.00546	0.01014	0.01199	0.01598	0.03080	0.39404	0.03644	0.38792	0.02274	0.00491	0.00552	0.01527	0.00546	0.00505
11	0.01375	0.00955	0.01053	0.00952	0.01068	0.00999	0.00619	0.14680	0.01506	0.02012	0.02135	0.04060	0.02309	0.59909	0.03032	0.00593	0.00709	0.00955	0.00489	0.00590
12	0.02272	0.01723	0.01817	0.01463	0.01962	0.04938	0.01177	0.32257	0.20021	0.09069	0.05933	0.02175	0.01790	0.00879	0.00700	0.00209	0.00681	0.00695	0.00686	0.09553
13	0.02632	0.01829	0.02006	0.01548	0.02108	0.01969	0.01273	0.52351	0.07502	0.12194	0.01895	0.01845	0.01332	0.00847	0.00703	0.00210	0.00733	0.00649	0.00717	0.05657
14	0.02461	0.01909	0.02034	0.01802	0.07610	0.07175	0.01348	0.38610	0.17486	0.09149	0.01984	0.01948	0.01439	0.00855	0.00709	0.00218	0.00763	0.00669	0.00674	0.01157
15	0.02454	0.01983	0.01980	0.01659	0.04489	0.11090	0.01289	0.37550	0.13215	0.08048	0.01840	0.01833	0.01345	0.00824	0.00690	0.00206	0.00784	0.00630	0.00644	0.07447

[dist]
# distance from previous block
# <min> <max>
21	39

[block]
# block no. 11 follows, 29 sequences, length 12
# corresponding to MSA columns:
# 578-589
name=unknown_L
#
# <colnr> <probs for GDERKNQSTAVLIFYWHMCP>
#	G	D	E	R	K	N	Q	S	T	A	V	L	I	F	Y	W	H	M	C	P
0	0.59499	0.01470	0.01282	0.01078	0.01555	0.01647	0.00887	0.13491	0.01630	0.06533	0.01212	0.01326	0.00906	0.00698	0.00504	0.00214	0.00592	0.00447	0.00507	0.04523
1	0.19952	0.01781	0.01689	0.01412	0.01885	0.08018	0.01134	0.23655	0.21600	0.08951	0.01925	0.01878	0.01408	0.00834	0.00649	0.00221	0.00697	0.00621	0.00638	0.01053
2	0.01771	0.01530	0.01610	0.01449	0.01852	0.01771	0.01127	0.03784	0.69247	0.02979	0.02898	0.02657	0.02174	0.00966	0.00725	0.00242	0.00564	0.00805	0.00725	0.01127
3	0.01771	0.01530	0.01610	0.01449	0.01852	0.01771	0.01127	0.03784	0.69247	0.02979	0.02898	0.02657	0.02174	0.00966	0.00725	0.00242	0.00564	0.00805	0.00725	0.01127
4	0.01428	0.03683	0.71286	0.02030	0.03082	0.01654	0.02631	0.02255	0.01503	0.02255	0.01278	0.01503	0.00902	0.00677	0.00677	0.00226	0.01052	0.00526	0.00301	0.01052
5	0.00862	0.00643	0.00802	0.00929	0.01016	0.00584	0.00633	0.00999	0.01424	0.01842	0.04688	0.58806	0.19922	0.02132	0.00893	0.00278	0.00401	0.01903	0.00661	0.00584
6	0.01530	0.18978	0.56880	0.01857	0.02814	0.01902	0.02330	0.02229	0.01491	0.02131	0.01216	0.01426	0.00905	0.00662	0.00630	0.00210	0.00990	0.00495	0.00302	0.01023
7	0.73583	0.01368	0.01135	0.06841	0.01665	0.01596	0.00870	0.02071	0.01229	0.03083	0.01014	0.01217	0.00786	0.00665	0.00463	0.00222	0.00583	0.00406	0.00431	0.00773
8	0.00868	0.00620	0.00826	0.00991	0.01033	0.00578	0.00661	0.00991	0.01363	0.01818	0.03925	0.74510	0.04710	0.02231	0.00909	0.00289	0.00413	0.02024	0.00661	0.00578
9	0.01477	0.01266	0.01477	0.01055	0.01687	0.00949	0.00844	0.01793	0.01477	0.02320	0.01266	0.01477	0.01055	0.00527	0.00527	0.00105	0.00527	0.00422	0.00422	0.79328
10	0.01628	0.01261	0.01492	0.01073	0.01699	0.00958	0.00862	0.01941	0.01526	0.08383	0.01402	0.01560	0.01117	0.00559	0.00544	0.00116	0.00534	0.00448	0.00462	0.72435
11	0.01477	0.01266	0.01477	0.01055	0.01687	0.00949	0.00844	0.01793	0.01477	0.02320	0.01266	0.01477	0.01055	0.00527	0.00527	0.00105	0.00527	0.00422	0.00422	0.79328

[dist]
# distance from previous block
# <min> <max>
0	1

[block]
# block no. 12 follows, 29 sequences, length 45
# corresponding to MSA columns:
# 591-635
name=unknown_M
#
# <colnr> <probs for GDERKNQSTAVLIFYWHMCP>
#	G	D	E	R	K	N	Q	S	T	A	V	L	I	F	Y	W	H	M	C	P
0	0.01477	0.01266	0.01477	0.01055	0.01687	0.00949	0.00844	0.01793	0.01477	0.02320	0.01266	0.01477	0.01055	0.00527	0.00527	0.00105	0.00527	0.00422	0.00422	0.79328
1	0.02844	0.01362	0.01713	0.01302	0.01868	0.01242	0.01071	0.14912	0.02189	0.48481	0.02374	0.02150	0.01555	0.00822	0.00687	0.00202	0.00626	0.00658	0.00780	0.13164
2	0.80005	0.01377	0.01047	0.00936	0.01377	0.01597	0.00771	0.02093	0.01212	0.03195	0.00991	0.01157	0.00771	0.00661	0.00441	0.00220	0.00551	0.00386	0.00441	0.00771
3	0.00996	0.00726	0.00928	0.00878	0.01046	0.00667	0.00653	0.01308	0.01951	0.02732	0.62913	0.05414	0.11478	0.04065	0.00938	0.00242	0.00350	0.01295	0.00762	0.00658
4	0.02354	0.01819	0.01939	0.01567	0.02074	0.02044	0.01268	0.43910	0.28171	0.03919	0.02157	0.02066	0.01574	0.00897	0.00717	0.00224	0.00701	0.00703	0.00717	0.01179
5	0.17656	0.01329	0.01591	0.01245	0.01778	0.01279	0.01028	0.10345	0.02026	0.50869	0.02344	0.02105	0.01514	0.00837	0.00664	0.00220	0.00615	0.00645	0.00779	0.01128
6	0.02571	0.01800	0.01930	0.01536	0.02052	0.04212	0.01248	0.43441	0.13620	0.14381	0.02123	0.04338	0.01556	0.00918	0.00719	0.00221	0.00725	0.00718	0.00727	0.01164
7	0.02630	0.01498	0.01764	0.01411	0.01915	0.01541	0.01153	0.24934	0.14373	0.31932	0.04865	0.02529	0.01910	0.00947	0.00730	0.00226	0.00650	0.03049	0.00786	0.01158
8	0.03195	0.01212	0.01652	0.01267	0.01818	0.01047	0.01047	0.03470	0.02038	0.71026	0.02809	0.02424	0.01763	0.00881	0.00716	0.00220	0.00606	0.00716	0.00881	0.01212
9	0.01762	0.01692	0.02890	0.04371	0.70533	0.01692	0.02185	0.02185	0.01621	0.02326	0.01339	0.01762	0.01128	0.00634	0.00705	0.00211	0.00846	0.00634	0.00352	0.01128
10	0.17646	0.02600	0.01844	0.01599	0.02031	0.39118	0.01244	0.18437	0.04577	0.02729	0.01290	0.01411	0.01004	0.00757	0.00623	0.00200	0.00996	0.00501	0.00477	0.00918
11	0.01747	0.01676	0.02863	0.06866	0.68156	0.01688	0.02178	0.02172	0.01614	0.02308	0.01337	0.01767	0.01121	0.00637	0.00705	0.00212	0.00850	0.00634	0.00351	0.01116
12	0.80005	0.01377	0.01047	0.00936	0.01377	0.01597	0.00771	0.02093	0.01212	0.03195	0.00991	0.01157	0.00771	0.00661	0.00441	0.00220	0.00551	0.00386	0.00441	0.00771
13	0.01016	0.00765	0.00970	0.01061	0.01241	0.00719	0.00875	0.01283	0.01647	0.02106	0.10796	0.12250	0.25634	0.01888	0.00920	0.00288	0.00515	0.34722	0.00669	0.00634
14	0.01877	0.71357	0.07543	0.01264	0.01898	0.02752	0.01298	0.02139	0.01450	0.01708	0.01006	0.01163	0.00913	0.00613	0.00469	0.00156	0.00778	0.00389	0.00304	0.00922
15	0.02584	0.03218	0.01972	0.01783	0.02148	0.66249	0.01342	0.05105	0.02065	0.01893	0.04381	0.01490	0.01201	0.00772	0.00654	0.00186	0.01221	0.00504	0.00399	0.00832
16	0.01370	0.01354	0.02528	0.02001	0.02342	0.01467	0.27549	0.01745	0.01348	0.01912	0.01560	0.02243	0.01361	0.02778	0.32223	0.00647	0.13652	0.00770	0.00361	0.00788
17	0.01679	0.01607	0.02739	0.18162	0.57395	0.01670	0.02144	0.02112	0.01582	0.02225	0.01325	0.01790	0.01092	0.00650	0.00706	0.00217	0.00867	0.00634	0.00345	0.01060
18	0.01834	0.01921	0.03923	0.02824	0.03518	0.04353	0.60295	0.02394	0.01721	0.07585	0.01534	0.01936	0.01127	0.00627	0.00823	0.00236	0.01158	0.00817	0.00401	0.00975
19	0.80005	0.01377	0.01047	0.00936	0.01377	0.01597	0.00771	0.02093	0.01212	0.03195	0.00991	0.01157	0.00771	0.00661	0.00441	0.00220	0.00551	0.00386	0.00441	0.00771
20	0.01681	0.01921	0.04202	0.03001	0.03721	0.01801	0.67947	0.02281	0.01681	0.02281	0.01441	0.01921	0.01080	0.00600	0.00840	0.00240	0.01200	0.00840	0.00360	0.00960
21	0.01022	0.00745	0.01052	0.01052	0.01148	0.00840	0.00775	0.01212	0.01117	0.01585	0.01992	0.03264	0.01983	0.22780	0.54991	0.01031	0.01603	0.00831	0.00394	0.00585
22	0.07122	0.01232	0.01584	0.01207	0.01768	0.01058	0.00992	0.03066	0.01883	0.53840	0.02407	0.02168	0.01569	0.00800	0.00664	0.00198	0.00588	0.00640	0.00767	0.16447
23	0.01904	0.75404	0.03731	0.01218	0.01828	0.02818	0.01218	0.02132	0.01447	0.01675	0.00990	0.01142	0.00914	0.00609	0.00457	0.00152	0.00761	0.00381	0.00305	0.00914
24	0.03195	0.01212	0.01652	0.01267	0.01818	0.01047	0.01047	0.03470	0.02038	0.71026	0.02809	0.02424	0.01763	0.00881	0.00716	0.00220	0.00606	0.00716	0.00881	0.01212
25	0.00842	0.00721	0.00721	0.00721	0.00962	0.00601	0.00541	0.01022	0.01623	0.01924	0.07213	0.06853	0.70244	0.01803	0.00842	0.00240	0.00361	0.01503	0.00661	0.00601
26	0.01762	0.01692	0.02890	0.04371	0.70533	0.01692	0.02185	0.02185	0.01621	0.02326	0.01339	0.01762	0.01128	0.00634	0.00705	0.00211	0.00846	0.00634	0.00352	0.01128
27	0.01237	0.00618	0.00928	0.00928	0.00928	0.00618	0.00618	0.00928	0.00928	0.01237	0.01237	0.02165	0.01237	0.02474	0.02783	0.79283	0.00618	0.00618	0.00309	0.00309
28	0.00880	0.00625	0.00823	0.00976	0.01014	0.00587	0.00644	0.00995	0.01339	0.01785	0.03800	0.69322	0.04552	0.07634	0.01111	0.00319	0.00434	0.01951	0.00644	0.00567
29	0.02707	0.01995	0.02137	0.01638	0.02208	0.02208	0.01353	0.68159	0.03348	0.04488	0.01710	0.01710	0.01211	0.00855	0.00712	0.00214	0.00784	0.00641	0.00712	0.01211
30	0.01237	0.00618	0.00928	0.00928	0.00928	0.00618	0.00618	0.00928	0.00928	0.01237	0.01237	0.02165	0.01237	0.02474	0.02783	0.79283	0.00618	0.00618	0.00309	0.00309
31	0.03195	0.01212	0.01652	0.01267	0.01818	0.01047	0.01047	0.03470	0.02038	0.71026	0.02809	0.02424	0.01763	0.00881	0.00716	0.00220	0.00606	0.00716	0.00881	0.01212
32	0.01009	0.00856	0.04127	0.00935	0.01138	0.00708	0.00744	0.01337	0.01905	0.02669	0.57381	0.08319	0.10960	0.03664	0.00918	0.00242	0.00384	0.01294	0.00737	0.00673
33	0.01003	0.00738	0.00845	0.00821	0.01038	0.00642	0.00614	0.01233	0.01748	0.05359	0.26759	0.11087	0.42187	0.01682	0.00840	0.00238	0.00368	0.01437	0.00710	0.00650
34	0.00866	0.00624	0.00822	0.00979	0.01030	0.00579	0.00656	0.00993	0.01375	0.01822	0.04071	0.71499	0.07626	0.02212	0.00906	0.00287	0.00411	0.02001	0.00661	0.00579
35	0.00930	0.00656	0.00858	0.00995	0.01045	0.00627	0.00683	0.01059	0.01343	0.01784	0.03626	0.54691	0.04282	0.14290	0.01369	0.00361	0.00489	0.09728	0.00622	0.00563
36	0.05907	0.10388	0.60885	0.01891	0.02866	0.01761	0.02391	0.02234	0.01482	0.02253	0.01234	0.01449	0.00896	0.00669	0.00642	0.00218	0.00996	0.00504	0.00309	0.01023
37	0.01723	0.01651	0.02819	0.10924	0.64290	0.01681	0.02166	0.02151	0.01603	0.02278	0.01332	0.01775	0.01111	0.00642	0.00706	0.00214	0.00856	0.00634	0.00349	0.01096
38	0.02907	0.01377	0.01719	0.01350	0.01882	0.01330	0.01105	0.13234	0.12381	0.50759	0.02657	0.02352	0.01742	0.00890	0.00717	0.00223	0.00626	0.00718	0.00832	0.01199
39	0.65774	0.01523	0.01208	0.01053	0.01504	0.05861	0.00859	0.05959	0.01437	0.07764	0.01161	0.01281	0.00872	0.00691	0.00487	0.00218	0.00612	0.00427	0.00481	0.00829
40	0.01918	0.68740	0.06727	0.01284	0.01902	0.06034	0.01290	0.02171	0.01476	0.01705	0.01008	0.01165	0.00913	0.00618	0.00476	0.00157	0.00799	0.00391	0.00307	0.00916
41	0.07371	0.16750	0.14554	0.04271	0.09542	0.15908	0.05842	0.04720	0.04771	0.04732	0.01432	0.01798	0.01169	0.00746	0.00643	0.00207	0.00927	0.03260	0.00404	0.00952
42	0.02865	0.01457	0.01708	0.01355	0.01868	0.05278	0.01102	0.12015	0.09598	0.48340	0.04976	0.02393	0.01863	0.00899	0.00717	0.00220	0.00654	0.00722	0.00809	0.01161
43	0.45883	0.01402	0.01365	0.01130	0.01616	0.01509	0.00930	0.09695	0.04529	0.23206	0.01681	0.01650	0.01168	0.00759	0.00563	0.00221	0.00593	0.00528	0.00611	0.00963
44	0.01897	0.01404	0.01557	0.01350	0.01742	0.01531	0.01070	0.17043	0.32590	0.08903	0.11445	0.05518	0.05882	0.01119	0.00758	0.00237	0.00575	0.03611	0.00735	0.01032

[dist]
# distance from previous block
# <min> <max>
0	1

[block]
# block no. 13 follows, 29 sequences, length 83
# corresponding to MSA columns:
# 637-719
name=unknown_N
#
# <colnr> <probs for GDERKNQSTAVLIFYWHMCP>
#	G	D	E	R	K	N	Q	S	T	A	V	L	I	F	Y	W	H	M	C	P
