[name]
unknown

[dist]
# distance from previous block
# <min> <max>
0	56

[block]
# block no. 0 follows, 29 sequences, length 16
# corresponding to MSA columns:
# 66-81
name=unknown_A
#
# <colnr> <probs for GDERKNQSTAVLIFYWHMCP>
#	G	D	E	R	K	N	Q	S	T	A	V	L	I	F	Y	W	H	M	C	P
0	0.04927	0.01900	0.04027	0.02567	0.27140	0.13306	0.01594	0.13113	0.06237	0.02591	0.01797	0.02633	0.01599	0.04194	0.00852	0.00246	0.00854	0.08958	0.00482	0.00984
1	0.20388	0.04555	0.01660	0.01316	0.01786	0.06802	0.01064	0.18007	0.17925	0.08348	0.02127	0.02089	0.05301	0.00857	0.00635	0.00214	0.00662	0.00641	0.00606	0.05020
2	0.08004	0.01549	0.02481	0.14759	0.08152	0.01606	0.19082	0.09564	0.05437	0.09418	0.05294	0.02059	0.01477	0.00762	0.00763	0.00224	0.02694	0.00710	0.00494	0.05470
3	0.05969	0.01662	0.02690	0.03955	0.61383	0.01693	0.02026	0.02307	0.06948	0.02425	0.01444	0.01801	0.01191	0.00662	0.00692	0.00214	0.00808	0.00635	0.00387	0.01109
4	0.01345	0.01266	0.02136	0.73264	0.04904	0.01582	0.01978	0.01819	0.01424	0.01819	0.01266	0.01898	0.00949	0.00712	0.00712	0.00237	0.00949	0.00633	0.00316	0.00791
5	0.02704	0.02871	0.02031	0.01746	0.02181	0.48196	0.01351	0.21415	0.02396	0.06500	0.01372	0.01470	0.01049	0.00777	0.00666	0.00194	0.01103	0.00525	0.00494	0.00957
6	0.00868	0.00620	0.00826	0.00991	0.01033	0.00578	0.00661	0.00991	0.01363	0.01818	0.03925	0.74510	0.04710	0.02231	0.00909	0.00289	0.00413	0.02024	0.00661	0.00578
7	0.01477	0.01266	0.01477	0.01055	0.01687	0.00949	0.00844	0.01793	0.01477	0.02320	0.01266	0.01477	0.01055	0.00527	0.00527	0.00105	0.00527	0.00422	0.00422	0.79328
8	0.02628	0.01948	0.02095	0.01601	0.02175	0.02128	0.01321	0.63931	0.03229	0.04350	0.01681	0.01695	0.01201	0.00834	0.00701	0.00207	0.00767	0.00627	0.00694	0.06188
9	0.01237	0.00618	0.00928	0.00928	0.00928	0.00618	0.00618	0.00928	0.00928	0.01237	0.01237	0.02165	0.01237	0.02474	0.02783	0.79283	0.00618	0.00618	0.00309	0.00309
10	0.01192	0.00880	0.01173	0.01300	0.01489	0.00897	0.01121	0.01667	0.07792	0.02200	0.03828	0.07496	0.06567	0.01869	0.00954	0.00316	0.00636	0.57262	0.00662	0.00696
11	0.02533	0.01928	0.01971	0.01551	0.02065	0.05890	0.01266	0.55363	0.06333	0.04096	0.01790	0.01819	0.01298	0.00851	0.00690	0.00209	0.00759	0.00641	0.07813	0.01136
12	0.06113	0.05827	0.02105	0.01529	0.02095	0.02060	0.01273	0.53198	0.02961	0.10559	0.01729	0.01715	0.01223	0.00824	0.00680	0.00208	0.00746	0.00615	0.00684	0.03855
13	0.01522	0.01412	0.02308	0.43176	0.26153	0.01596	0.01938	0.05145	0.01594	0.02122	0.01632	0.02112	0.04759	0.00752	0.00717	0.00228	0.00875	0.00681	0.00366	0.00912
14	0.01763	0.36997	0.20995	0.01705	0.05636	0.02168	0.05117	0.02180	0.01488	0.04662	0.01194	0.01405	0.00974	0.00667	0.00665	0.00187	0.04850	0.00485	0.00340	0.06520
15	0.07733	0.14104	0.02300	0.01736	0.05832	0.31059	0.05495	0.02553	0.05372	0.05673	0.01317	0.01477	0.01058	0.00689	0.00608	0.00181	0.00948	0.00502	0.00414	0.10948

[dist]
# distance from previous block
# <min> <max>
5	53

[block]
# block no. 1 follows, 29 sequences, length 108
# corresponding to MSA columns:
# 139-246
name=unknown_B
#
# <colnr> <probs for GDERKNQSTAVLIFYWHMCP>
#	G	D	E	R	K	N	Q	S	T	A	V	L	I	F	Y	W	H	M	C	P
0	0.02199	0.01577	0.01787	0.01532	0.04490	0.01684	0.01168	0.41618	0.04759	0.07437	0.02220	0.15562	0.01984	0.04549	0.00878	0.00247	0.00685	0.00920	0.00675	0.04028
1	0.11556	0.08400	0.09343	0.03771	0.02148	0.12767	0.01391	0.22248	0.09249	0.02929	0.01576	0.04422	0.01268	0.00856	0.00745	0.00218	0.04999	0.00617	0.00512	0.00985
2	0.10175	0.04500	0.01762	0.01498	0.04404	0.08673	0.01137	0.17046	0.17222	0.10527	0.02022	0.04734	0.01639	0.07553	0.01002	0.00265	0.03541	0.00716	0.00600	0.00985
3	0.01970	0.04340	0.01898	0.06806	0.07122	0.08929	0.01303	0.20961	0.21439	0.02932	0.02235	0.10686	0.01932	0.01039	0.00731	0.00231	0.00739	0.03097	0.00603	0.01007
4	0.07852	0.14236	0.11872	0.01767	0.06245	0.29222	0.01478	0.09036	0.01859	0.02245	0.01313	0.04772	0.01127	0.00770	0.00622	0.00194	0.00973	0.00551	0.00403	0.03462
5	0.01176	0.00803	0.00902	0.00862	0.00918	0.00819	0.00526	0.06915	0.01276	0.01709	0.04201	0.06650	0.02655	0.64057	0.03203	0.00622	0.00679	0.01040	0.00473	0.00511
6	0.02623	0.02081	0.02078	0.01636	0.02164	0.09356	0.01334	0.58308	0.03108	0.04073	0.01656	0.01716	0.01207	0.01051	0.04033	0.00254	0.00888	0.00628	0.00661	0.01144
7	0.01700	0.01703	0.05213	0.06803	0.62368	0.01649	0.02133	0.02131	0.01587	0.02273	0.01361	0.01807	0.01143	0.00858	0.04032	0.00256	0.00907	0.00637	0.00351	0.01089
8	0.00873	0.00628	0.00828	0.00977	0.01032	0.00584	0.00657	0.01009	0.01403	0.01870	0.07130	0.68808	0.07205	0.02179	0.00903	0.00284	0.00408	0.01971	0.00667	0.00584
9	0.01038	0.00775	0.01136	0.01237	0.01368	0.00750	0.04026	0.01281	0.01509	0.01988	0.03736	0.39541	0.04250	0.02030	0.00941	0.00305	0.00565	0.32245	0.00644	0.00633
10	0.01487	0.12523	0.62960	0.01930	0.02927	0.01797	0.02457	0.02240	0.01496	0.02184	0.01242	0.01459	0.00903	0.00668	0.00649	0.00216	0.01017	0.00508	0.00301	0.01035
11	0.80005	0.01377	0.01047	0.00936	0.01377	0.01597	0.00771	0.02093	0.01212	0.03195	0.00991	0.01157	0.00771	0.00661	0.00441	0.00220	0.00551	0.00386	0.00441	0.00771
12	0.00993	0.00727	0.00932	0.00881	0.01055	0.00666	0.00660	0.01316	0.01981	0.02774	0.64678	0.05453	0.12249	0.01486	0.00840	0.00225	0.00338	0.01306	0.00773	0.00666
13	0.01001	0.00728	0.00943	0.00889	0.01060	0.00669	0.00667	0.01331	0.02000	0.02819	0.67706	0.05379	0.09193	0.01469	0.00840	0.00225	0.00337	0.01296	0.00779	0.00669
14	0.01036	0.00690	0.00777	0.00777	0.00777	0.00690	0.00431	0.01036	0.01036	0.01381	0.02244	0.04660	0.02589	0.74975	0.03624	0.00690	0.00690	0.01036	0.00431	0.00431
15	0.01123	0.00753	0.00989	0.00915	0.01103	0.00692	0.00692	0.01455	0.02017	0.06432	0.66624	0.05167	0.06459	0.01426	0.00833	0.00224	0.00350	0.01258	0.00789	0.00700
16	0.00953	0.00683	0.00887	0.01021	0.01087	0.00654	0.00693	0.04094	0.01455	0.01941	0.03822	0.71148	0.04548	0.02167	0.00900	0.00286	0.00430	0.01960	0.00663	0.00608
17	0.02707	0.01995	0.02137	0.01638	0.02208	0.02208	0.01353	0.68159	0.03348	0.04488	0.01710	0.01710	0.01211	0.00855	0.00712	0.00214	0.00784	0.00641	0.00712	0.01211
18	0.80005	0.01377	0.01047	0.00936	0.01377	0.01597	0.00771	0.02093	0.01212	0.03195	0.00991	0.01157	0.00771	0.00661	0.00441	0.00220	0.00551	0.00386	0.00441	0.00771
19	0.01030	0.00688	0.00778	0.00783	0.00785	0.00687	0.00439	0.01034	0.01046	0.01395	0.02297	0.06890	0.02656	0.72652	0.03538	0.00678	0.00681	0.01067	0.00439	0.00436
20	0.01009	0.00732	0.00953	0.00911	0.01081	0.00677	0.00692	0.01338	0.01981	0.02782	0.64259	0.05520	0.09019	0.01496	0.00847	0.00230	0.00354	0.04677	0.00772	0.00668
21	0.02660	0.03394	0.02018	0.01834	0.02201	0.72116	0.01376	0.02843	0.02018	0.01743	0.01101	0.01284	0.00917	0.00734	0.00642	0.00183	0.01284	0.00459	0.00367	0.00825
22	0.01477	0.01266	0.01477	0.01055	0.01687	0.00949	0.00844	0.01793	0.01477	0.02320	0.01266	0.01477	0.01055	0.00527	0.00527	0.00105	0.00527	0.00422	0.00422	0.79328
23	0.01428	0.03683	0.71286	0.02030	0.03082	0.01654	0.02631	0.02255	0.01503	0.02255	0.01278	0.01503	0.00902	0.00677	0.00677	0.00226	0.01052	0.00526	0.00301	0.01052
24	0.01345	0.01266	0.02136	0.73264	0.04904	0.01582	0.01978	0.01819	0.01424	0.01819	0.01266	0.01898	0.00949	0.00712	0.00712	0.00237	0.00949	0.00633	0.00316	0.00791
25	0.35536	0.01667	0.01634	0.01309	0.01823	0.01851	0.01081	0.34676	0.02331	0.09555	0.01498	0.01535	0.01071	0.00775	0.00597	0.00217	0.00670	0.00539	0.00611	0.01024
26	0.01476	0.01249	0.01343	0.01246	0.01579	0.01375	0.00971	0.02859	0.45170	0.02701	0.09920	0.04094	0.16168	0.01244	0.00776	0.00246	0.00509	0.05412	0.00713	0.00950
27	0.00868	0.00620	0.00826	0.00991	0.01033	0.00578	0.00661	0.00991	0.01363	0.01818	0.03925	0.74510	0.04710	0.02231	0.00909	0.00289	0.00413	0.02024	0.00661	0.00578
28	0.01345	0.01266	0.02136	0.73264	0.04904	0.01582	0.01978	0.01819	0.01424	0.01819	0.01266	0.01898	0.00949	0.00712	0.00712	0.00237	0.00949	0.00633	0.00316	0.00791
29	0.02707	0.01995	0.02137	0.01638	0.02208	0.02208	0.01353	0.68159	0.03348	0.04488	0.01710	0.01710	0.01211	0.00855	0.00712	0.00214	0.00784	0.00641	0.00712	0.01211
30	0.01606	0.01771	0.03703	0.17758	0.03912	0.01767	0.51955	0.02166	0.01608	0.02166	0.01388	0.01905	0.01048	0.00644	0.00861	0.00242	0.03444	0.00790	0.00349	0.00919
31	0.03087	0.01191	0.01626	0.01269	0.01800	0.01035	0.01052	0.03366	0.02017	0.67412	0.02860	0.02718	0.01885	0.00938	0.00730	0.00226	0.00609	0.04127	0.00869	0.01183
32	0.00917	0.00659	0.00881	0.01041	0.01110	0.00622	0.00745	0.01079	0.01421	0.01877	0.03999	0.60473	0.06625	0.02170	0.00920	0.00295	0.00455	0.13459	0.00660	0.00593
33	0.04593	0.03100	0.53340	0.01845	0.02756	0.01603	0.02228	0.04798	0.05835	0.10929	0.01573	0.01684	0.01094	0.00726	0.00677	0.00225	0.00939	0.00566	0.00418	0.01072
34	0.01138	0.00813	0.01137	0.01301	0.01461	0.00812	0.01131	0.01459	0.01630	0.02121	0.03775	0.10222	0.04118	0.01976	0.00981	0.00327	0.00648	0.63642	0.00656	0.00653
35	0.80005	0.01377	0.01047	0.00936	0.01377	0.01597	0.00771	0.02093	0.01212	0.03195	0.00991	0.01157	0.00771	0.00661	0.00441	0.00220	0.00551	0.00386	0.00441	0.00771
36	0.03195	0.01212	0.01652	0.01267	0.01818	0.01047	0.01047	0.03470	0.02038	0.71026	0.02809	0.02424	0.01763	0.00881	0.00716	0.00220	0.00606	0.00716	0.00881	0.01212
37	0.01678	0.07606	0.31731	0.02408	0.15974	0.01754	0.09111	0.02539	0.12952	0.04975	0.01618	0.01803	0.01213	0.00712	0.00694	0.00222	0.00909	0.00625	0.00411	0.01066
38	0.01018	0.00760	0.01132	0.01132	0.01254	0.00883	0.00874	0.01263	0.01141	0.01643	0.01919	0.02863	0.01808	0.07777	0.69756	0.01128	0.01865	0.00772	0.00383	0.00629
39	0.01600	0.01970	0.10566	0.11120	0.08643	0.01718	0.46947	0.02182	0.01620	0.02215	0.01465	0.03876	0.01151	0.00669	0.00801	0.00238	0.01108	0.00802	0.00357	0.00952
40	0.04618	0.01313	0.01665	0.01202	0.01829	0.01041	0.05623	0.01950	0.01518	0.06880	0.01369	0.01558	0.01092	0.00561	0.00559	0.00127	0.00581	0.00470	0.00448	0.65595
41	0.01904	0.75404	0.03731	0.01218	0.01828	0.02818	0.01218	0.02132	0.01447	0.01675	0.00990	0.01142	0.00914	0.00609	0.00457	0.00152	0.00761	0.00381	0.00305	0.00914
42	0.01237	0.00618	0.00928	0.00928	0.00928	0.00618	0.00618	0.00928	0.00928	0.01237	0.01237	0.02165	0.01237	0.02474	0.02783	0.79283	0.00618	0.00618	0.00309	0.00309
43	0.02626	0.03212	0.02034	0.01819	0.02190	0.63798	0.01380	0.08316	0.02098	0.01973	0.01146	0.01329	0.00943	0.00762	0.00707	0.00190	0.03746	0.00480	0.00394	0.00856
44	0.02663	0.01986	0.02088	0.01607	0.02172	0.04563	0.01321	0.60851	0.03175	0.06303	0.01701	0.01706	0.01210	0.00836	0.00701	0.00208	0.00784	0.00627	0.00692	0.04805
45	0.12166	0.34699	0.12453	0.01476	0.02056	0.22670	0.01406	0.02352	0.01591	0.01974	0.01063	0.01237	0.00895	0.00662	0.00540	0.00181	0.00928	0.00425	0.00340	0.00889
46	0.01689	0.01012	0.01050	0.00919	0.01191	0.01068	0.00722	0.19084	0.01979	0.03135	0.02162	0.02407	0.01664	0.00836	0.00554	0.00178	0.00450	0.00658	0.58433	0.00807
47	0.01771	0.01530	0.01610	0.01449	0.01852	0.01771	0.01127	0.03784	0.69247	0.02979	0.02898	0.02657	0.02174	0.00966	0.00725	0.00242	0.00564	0.00805	0.00725	0.01127
48	0.00868	0.00620	0.00826	0.00991	0.01033	0.00578	0.00661	0.00991	0.01363	0.01818	0.03925	0.74510	0.04710	0.02231	0.00909	0.00289	0.00413	0.02024	0.00661	0.00578
49	0.00868	0.00620	0.00826	0.00991	0.01033	0.00578	0.00661	0.00991	0.01363	0.01818	0.03925	0.74510	0.04710	0.02231	0.00909	0.00289	0.00413	0.02024	0.00661	0.00578
50	0.00941	0.00725	0.00860	0.00826	0.01023	0.00644	0.00620	0.01215	0.01859	0.02483	0.45012	0.05932	0.32096	0.01595	0.00841	0.00231	0.00346	0.01374	0.00735	0.00644
51	0.01327	0.00664	0.00664	0.00664	0.00830	0.00664	0.00498	0.01659	0.01493	0.02655	0.02323	0.02655	0.01825	0.00830	0.00498	0.00166	0.00332	0.00664	0.78928	0.00664
52	0.03195	0.01212	0.01652	0.01267	0.01818	0.01047	0.01047	0.03470	0.02038	0.71026	0.02809	0.02424	0.01763	0.00881	0.00716	0.00220	0.00606	0.00716	0.00881	0.01212
53	0.01034	0.00696	0.00808	0.00808	0.00818	0.00707	0.00470	0.01055	0.01045	0.01404	0.02215	0.04503	0.02521	0.69099	0.09408	0.00729	0.00793	0.01013	0.00427	0.00449
54	0.01824	0.01461	0.01774	0.01295	0.01916	0.01278	0.04508	0.16668	0.01925	0.05319	0.01430	0.01587	0.01117	0.00617	0.00592	0.00141	0.00623	0.00504	0.00500	0.54921
55	0.02662	0.03320	0.02024	0.01824	0.02202	0.68449	0.01375	0.06270	0.02088	0.01887	0.01133	0.01306	0.00933	0.00740	0.00646	0.00185	0.01258	0.00468	0.00385	0.00846
56	0.01771	0.01530	0.01610	0.01449	0.01852	0.01771	0.01127	0.03784	0.69247	0.02979	0.02898	0.02657	0.02174	0.00966	0.00725	0.00242	0.00564	0.00805	0.00725	0.01127
57	0.01477	0.01266	0.01477	0.01055	0.01687	0.00949	0.00844	0.01793	0.01477	0.02320	0.01266	0.01477	0.01055	0.00527	0.00527	0.00105	0.00527	0.00422	0.00422	0.79328
58	0.01762	0.01692	0.02890	0.04371	0.70533	0.01692	0.02185	0.02185	0.01621	0.02326	0.01339	0.01762	0.01128	0.00634	0.00705	0.00211	0.00846	0.00634	0.00352	0.01128
59	0.01036	0.00690	0.00777	0.00777	0.00777	0.00690	0.00431	0.01036	0.01036	0.01381	0.02244	0.04660	0.02589	0.74975	0.03624	0.00690	0.00690	0.01036	0.00431	0.00431
60	0.01345	0.01266	0.02136	0.73264	0.04904	0.01582	0.01978	0.01819	0.01424	0.01819	0.01266	0.01898	0.00949	0.00712	0.00712	0.00237	0.00949	0.00633	0.00316	0.00791
61	0.01681	0.01921	0.04202	0.03001	0.03721	0.01801	0.67947	0.02281	0.01681	0.02281	0.01441	0.01921	0.01080	0.00600	0.00840	0.00240	0.01200	0.00840	0.00360	0.00960
62	0.01008	0.00728	0.00952	0.00896	0.01064	0.00672	0.00672	0.01344	0.02016	0.02855	0.70158	0.05319	0.06719	0.01456	0.00840	0.00224	0.00336	0.01288	0.00784	0.00672
63	0.01450	0.03529	0.65421	0.02114	0.03138	0.01667	0.08341	0.02257	0.01519	0.02257	0.01292	0.01540	0.00918	0.00670	0.00691	0.00227	0.01065	0.00554	0.00306	0.01044
64	0.02935	0.01367	0.01717	0.01345	0.01878	0.01310	0.01101	0.12824	0.11178	0.52385	0.02663	0.02352	0.01738	0.00889	0.00717	0.00222	0.00626	0.00717	0.00836	0.01200
65	0.02017	0.61236	0.05384	0.01345	0.01926	0.14436	0.01285	0.02255	0.01544	0.01703	0.01017	0.01176	0.00914	0.00632	0.00494	0.00160	0.00858	0.00398	0.00315	0.00903
66	0.13812	0.01619	0.01202	0.01098	0.01391	0.20488	0.00843	0.06964	0.01731	0.02623	0.01739	0.01981	0.01370	0.00779	0.00544	0.00183	0.00659	0.00563	0.39645	0.00765
67	0.80005	0.01377	0.01047	0.00936	0.01377	0.01597	0.00771	0.02093	0.01212	0.03195	0.00991	0.01157	0.00771	0.00661	0.00441	0.00220	0.00551	0.00386	0.00441	0.00771
68	0.01771	0.01530	0.01610	0.01449	0.01852	0.01771	0.01127	0.03784	0.69247	0.02979	0.02898	0.02657	0.02174	0.00966	0.00725	0.00242	0.00564	0.00805	0.00725	0.01127
69	0.00842	0.00721	0.00721	0.00721	0.00962	0.00601	0.00541	0.01022	0.01623	0.01924	0.07213	0.06853	0.70244	0.01803	0.00842	0.00240	0.00361	0.01503	0.00661	0.00601
70	0.00984	0.00727	0.00918	0.00870	0.01049	0.00662	0.00653	0.01297	0.01959	0.02720	0.61003	0.05542	0.15958	0.01506	0.00840	0.00226	0.00340	0.01319	0.00766	0.00662
71	0.02643	0.01944	0.02185	0.01857	0.07962	0.02127	0.01414	0.60490	0.03160	0.06466	0.01714	0.01737	0.01222	0.00837	0.00712	0.00214	0.00783	0.00643	0.00687	0.01204
72	0.01762	0.01692	0.02890	0.04371	0.70533	0.01692	0.02185	0.02185	0.01621	0.02326	0.01339	0.01762	0.01128	0.00634	0.00705	0.00211	0.00846	0.00634	0.00352	0.01128
73	0.01596	0.29051	0.47391	0.01743	0.02638	0.02065	0.02131	0.02212	0.01483	0.02050	0.01176	0.01376	0.00906	0.00653	0.00599	0.00200	0.00949	0.00475	0.00302	0.01003
74	0.01237	0.00618	0.00928	0.00928	0.00928	0.00618	0.00618	0.00928	0.00928	0.01237	0.01237	0.02165	0.01237	0.02474	0.02783	0.79283	0.00618	0.00618	0.00309	0.00309
75	0.00843	0.00717	0.00726	0.00734	0.00965	0.00600	0.00547	0.01020	0.01611	0.01919	0.07060	0.10004	0.67192	0.01823	0.00845	0.00243	0.00363	0.01527	0.00661	0.00600
76	0.01848	0.01446	0.01648	0.01420	0.01811	0.01581	0.03403	0.19923	0.31255	0.05461	0.02999	0.14739	0.06934	0.01191	0.00764	0.00241	0.00606	0.01013	0.00699	0.01018
77	0.01464	0.11208	0.61669	0.01904	0.02879	0.01744	0.02413	0.02210	0.01515	0.02214	0.03630	0.01597	0.01104	0.00696	0.00659	0.00218	0.00997	0.00537	0.00318	0.01024
78	0.01381	0.00716	0.00721	0.00702	0.00883	0.00724	0.00531	0.04249	0.01566	0.02726	0.02299	0.02618	0.01801	0.00831	0.00506	0.00168	0.00349	0.00663	0.75882	0.00685
79	0.01017	0.00763	0.01144	0.01144	0.01272	0.00890	0.00890	0.01272	0.01144	0.01653	0.01907	0.02797	0.01780	0.05340	0.72153	0.01144	0.01907	0.00763	0.00381	0.00636
80	0.02158	0.04666	0.02006	0.01959	0.12928	0.12122	0.01346	0.08720	0.32155	0.11053	0.02199	0.02145	0.01641	0.00845	0.00697	0.00220	0.00746	0.00686	0.00614	0.01092
81	0.01670	0.02021	0.08554	0.03034	0.08444	0.01783	0.58928	0.02272	0.01665	0.02282	0.01423	0.01882	0.01072	0.00608	0.00820	0.00237	0.01165	0.00805	0.00356	0.00978
82	0.01649	0.01585	0.02728	0.22675	0.51087	0.01666	0.04070	0.02091	0.01571	0.02190	0.01323	0.01803	0.01079	0.00654	0.00711	0.00219	0.00884	0.00640	0.00343	0.01033
83	0.01746	0.01675	0.02861	0.07037	0.67993	0.01688	0.02177	0.02171	0.01614	0.02307	0.01337	0.01768	0.01121	0.00637	0.00705	0.00212	0.00850	0.00634	0.00351	0.01115
84	0.00868	0.00620	0.00826	0.00991	0.01033	0.00578	0.00661	0.00991	0.01363	0.01818	0.03925	0.74510	0.04710	0.02231	0.00909	0.00289	0.00413	0.02024	0.00661	0.00578
85	0.01098	0.00750	0.00969	0.00901	0.01092	0.00685	0.00680	0.01421	0.01990	0.05967	0.62732	0.05289	0.10817	0.01453	0.00834	0.00225	0.00350	0.01276	0.00780	0.00692
86	0.07533	0.47732	0.24439	0.01449	0.02182	0.02367	0.01622	0.02167	0.01447	0.01967	0.01079	0.01255	0.00900	0.00634	0.00524	0.00180	0.00836	0.00426	0.00313	0.00946
87	0.00842	0.00721	0.00721	0.00721	0.00962	0.00601	0.00541	0.01022	0.01623	0.01924	0.07213	0.06853	0.70244	0.01803	0.00842	0.00240	0.00361	0.01503	0.00661	0.00601
88	0.01575	0.25888	0.50370	0.01778	0.02694	0.02014	0.02194	0.02217	0.01486	0.02076	0.01189	0.01392	0.00906	0.00656	0.00609	0.00203	0.00962	0.00481	0.00302	0.01009
89	0.02050	0.01806	0.02193	0.01712	0.02247	0.06548	0.12389	0.24970	0.18219	0.03149	0.02098	0.02147	0.04590	0.00828	0.00712	0.00209	0.00780	0.00710	0.00589	0.12053
90	0.01090	0.00865	0.01161	0.01145	0.01261	0.03220	0.00871	0.01308	0.01158	0.01625	0.01891	0.02934	0.01823	0.13490	0.59324	0.01032	0.04013	0.00782	0.00385	0.00622
91	0.00877	0.00633	0.00833	0.00990	0.01046	0.00589	0.00673	0.01012	0.01387	0.01835	0.04091	0.68421	0.08124	0.02198	0.00908	0.00288	0.00420	0.04431	0.00661	0.00583
92	0.01078	0.00770	0.01067	0.01223	0.01359	0.00759	0.01018	0.01360	0.01590	0.02086	0.06239	0.23175	0.04334	0.02009	0.00961	0.00315	0.00588	0.48769	0.00662	0.00639
93	0.01601	0.01634	0.02131	0.01839	0.01866	0.06193	0.01521	0.01762	0.01146	0.01713	0.00982	0.01590	0.00966	0.01375	0.04940	0.00336	0.66690	0.00619	0.00317	0.00776
94	0.03042	0.01178	0.01603	0.01241	0.01765	0.01020	0.01020	0.03321	0.02036	0.66252	0.07526	0.02626	0.02110	0.00922	0.00725	0.00221	0.00587	0.00756	0.00874	0.01174
95	0.80005	0.01377	0.01047	0.00936	0.01377	0.01597	0.00771	0.02093	0.01212	0.03195	0.00991	0.01157	0.00771	0.00661	0.00441	0.00220	0.00551	0.00386	0.00441	0.00771
96	0.01791	0.01746	0.02862	0.04289	0.68341	0.03951	0.02159	0.02206	0.01634	0.02308	0.01332	0.01747	0.01121	0.00638	0.00703	0.00211	0.00860	0.00629	0.00353	0.01118
97	0.01477	0.01266	0.01477	0.01055	0.01687	0.00949	0.00844	0.01793	0.01477	0.02320	0.01266	0.01477	0.01055	0.00527	0.00527	0.00105	0.00527	0.00422	0.00422	0.79328
98	0.01237	0.00618	0.00928	0.00928	0.00928	0.00618	0.00618	0.00928	0.00928	0.01237	0.01237	0.02165	0.01237	0.02474	0.02783	0.79283	0.00618	0.00618	0.00309	0.00309
99	0.01384	0.01306	0.02207	0.66795	0.11066	0.01592	0.01997	0.01854	0.01442	0.01867	0.01273	0.01886	0.00966	0.00705	0.00711	0.00235	0.00940	0.00633	0.00320	0.00823
100	0.01655	0.01456	0.02412	0.26582	0.38723	0.01575	0.01930	0.02073	0.01548	0.05333	0.01434	0.01890	0.01138	0.00706	0.00751	0.00221	0.03385	0.00639	0.05571	0.00978
101	0.10220	0.02007	0.02661	0.06637	0.02773	0.10100	0.22914	0.25861	0.04612	0.03095	0.01490	0.01717	0.01106	0.00733	0.00718	0.00222	0.00956	0.00663	0.00505	0.01010
102	0.02363	0.07346	0.02082	0.01662	0.04638	0.19021	0.01291	0.35307	0.04725	0.03187	0.02006	0.02067	0.07002	0.01022	0.02896	0.00234	0.00898	0.00660	0.00572	0.01021
103	0.01423	0.01075	0.01202	0.03565	0.01447	0.04216	0.00840	0.08497	0.04191	0.07316	0.32533	0.07204	0.18017	0.01346	0.00792	0.00223	0.00489	0.01145	0.00702	0.03777
104	0.02297	0.01771	0.01909	0.03793	0.02095	0.05059	0.01240	0.41579	0.04791	0.06172	0.01814	0.06948	0.01460	0.00916	0.00759	0.00208	0.03513	0.00708	0.00630	0.12339
105	0.06971	0.03894	0.02308	0.03782	0.02170	0.01787	0.14389	0.06705	0.01510	0.04802	0.02017	0.04932	0.09204	0.01102	0.01400	0.00264	0.30689	0.00801	0.00434	0.00839
106	0.04736	0.11369	0.37691	0.02094	0.09569	0.06512	0.05133	0.04694	0.04755	0.04988	0.01385	0.01576	0.01034	0.00692	0.00655	0.00213	0.00951	0.00549	0.00376	0.01029
107	0.05859	0.04446	0.01744	0.01381	0.01824	0.08086	0.01109	0.19695	0.17373	0.15878	0.12714	0.02530	0.02328	0.00949	0.00707	0.00218	0.00666	0.00754	0.00698	0.01041

[dist]
# distance from previous block
# <min> <max>
3	21

[block]
# block no. 2 follows, 29 sequences, length 6
# corresponding to MSA columns:
# 268-273
name=unknown_C
#
# <colnr> <probs for GDERKNQSTAVLIFYWHMCP>
#	G	D	E	R	K	N	Q	S	T	A	V	L	I	F	Y	W	H	M	C	P
0	0.03821	0.02084	0.20224	0.01981	0.06444	0.01616	0.13008	0.11919	0.01733	0.02542	0.01458	0.01812	0.01147	0.01217	0.08236	0.00315	0.07481	0.00632	0.04792	0.07538
1	0.01692	0.01603	0.02351	0.03244	0.45337	0.05225	0.01757	0.02257	0.09091	0.02402	0.07731	0.02503	0.01897	0.00821	0.00722	0.00215	0.00764	0.04521	0.00454	0.05413
2	0.01578	0.01597	0.02934	0.21039	0.23705	0.01704	0.21684	0.02035	0.01550	0.02143	0.04276	0.01976	0.01289	0.00743	0.00924	0.00238	0.08567	0.00723	0.00360	0.00936
3	0.06996	0.01312	0.07752	0.01562	0.05722	0.01090	0.11841	0.01822	0.01838	0.07375	0.39560	0.03738	0.04217	0.01106	0.00781	0.00225	0.00601	0.01008	0.00631	0.00822
4	0.05936	0.13999	0.45317	0.01877	0.05288	0.01748	0.04898	0.02145	0.01536	0.02278	0.07327	0.01795	0.01428	0.00730	0.00652	0.00214	0.00915	0.00581	0.00357	0.00981
5	0.10027	0.01805	0.10647	0.15418	0.36019	0.01667	0.01935	0.02296	0.08962	0.02394	0.01453	0.01788	0.01146	0.00692	0.00677	0.00222	0.00826	0.00613	0.00390	0.01022

[dist]
# distance from previous block
# <min> <max>
0	1

[block]
# block no. 3 follows, 29 sequences, length 7
# corresponding to MSA columns:
# 275-281
name=unknown_D
#
# <colnr> <probs for GDERKNQSTAVLIFYWHMCP>
#	G	D	E	R	K	N	Q	S	T	A	V	L	I	F	Y	W	H	M	C	P
0	0.02030	0.08287	0.04221	0.05108	0.02376	0.01809	0.11752	0.25384	0.09438	0.05636	0.01821	0.06256	0.01462	0.00838	0.00700	0.00208	0.00778	0.00724	0.00560	0.10613
1	0.04665	0.05199	0.09214	0.07752	0.02293	0.01544	0.05638	0.09299	0.01632	0.05070	0.01371	0.01691	0.01099	0.01083	0.06313	0.00267	0.10187	0.00563	0.00424	0.24695
2	0.02256	0.01867	0.01975	0.01837	0.09595	0.08149	0.01312	0.36425	0.14748	0.03410	0.01885	0.02153	0.01492	0.08459	0.01007	0.00265	0.00786	0.00694	0.00615	0.01072
3	0.01822	0.01618	0.02406	0.24471	0.35374	0.06121	0.01894	0.02346	0.06437	0.08309	0.01544	0.01895	0.01192	0.00710	0.00705	0.00220	0.00864	0.00642	0.00416	0.01014
4	0.15943	0.01476	0.01751	0.01535	0.06361	0.01492	0.05372	0.11381	0.15588	0.02882	0.01771	0.05676	0.01457	0.00790	0.00630	0.00195	0.00632	0.00651	0.00532	0.23886
5	0.01958	0.01565	0.01815	0.01526	0.01941	0.01751	0.04357	0.20505	0.34408	0.05780	0.02672	0.07141	0.05201	0.01053	0.00833	0.00240	0.04650	0.00862	0.00680	0.01065
6	0.10113	0.01642	0.05604	0.01444	0.02004	0.01563	0.04167	0.17351	0.16054	0.19167	0.02046	0.01985	0.01452	0.00799	0.00667	0.00209	0.00671	0.00640	0.00649	0.11773

[dist]
# distance from previous block
# <min> <max>
0	9

[block]
# block no. 4 follows, 29 sequences, length 88
# corresponding to MSA columns:
# 291-378
name=unknown_E
#
# <colnr> <probs for GDERKNQSTAVLIFYWHMCP>
#	G	D	E	R	K	N	Q	S	T	A	V	L	I	F	Y	W	H	M	C	P
0	0.02139	0.03509	0.01743	0.01376	0.01788	0.01749	0.01127	0.39054	0.07320	0.03577	0.01951	0.02215	0.01512	0.01088	0.03669	0.00250	0.04067	0.02762	0.18089	0.01014
1	0.02143	0.19379	0.02504	0.01902	0.09354	0.32395	0.03936	0.04773	0.01817	0.02012	0.05803	0.01635	0.01355	0.00752	0.00690	0.00187	0.03804	0.00541	0.00392	0.04626
2	0.01543	0.01479	0.05177	0.01590	0.10035	0.06728	0.01128	0.07554	0.08944	0.02453	0.06063	0.14366	0.08895	0.01108	0.00710	0.00208	0.00622	0.00942	0.05303	0.15152
3	0.01853	0.01143	0.03850	0.01142	0.01506	0.01023	0.00935	0.09118	0.05492	0.22658	0.27852	0.08156	0.09763	0.01250	0.00783	0.00228	0.00506	0.01065	0.00766	0.00911
4	0.01681	0.04860	0.08354	0.17701	0.41195	0.04502	0.04631	0.02127	0.01563	0.02145	0.01285	0.01723	0.01047	0.00677	0.00756	0.00219	0.03566	0.00616	0.00338	0.01014
5	0.08516	0.31393	0.28435	0.01850	0.09381	0.05356	0.01812	0.02213	0.01492	0.02093	0.01138	0.01348	0.00919	0.00647	0.00571	0.00193	0.00884	0.00465	0.00323	0.00971
6	0.09368	0.01264	0.06401	0.08385	0.03721	0.01152	0.03442	0.04319	0.01526	0.02471	0.05279	0.07713	0.01818	0.01054	0.03290	0.00234	0.03484	0.00731	0.22196	0.12153
7	0.01011	0.00686	0.00778	0.00793	0.00808	0.00676	0.00457	0.01031	0.01092	0.01445	0.02628	0.10910	0.05999	0.65089	0.03253	0.00634	0.00650	0.01145	0.00463	0.00452
8	0.02329	0.01998	0.09118	0.01561	0.02138	0.01927	0.01377	0.51280	0.02892	0.03907	0.04436	0.02144	0.04922	0.02695	0.00783	0.00224	0.00761	0.00698	0.00652	0.04156
9	0.01529	0.01211	0.01422	0.01090	0.01610	0.01009	0.00861	0.05867	0.04806	0.04990	0.11530	0.05615	0.02136	0.00796	0.00618	0.00148	0.00514	0.00665	0.00534	0.53048
10	0.02236	0.01704	0.01856	0.01493	0.01981	0.01862	0.01205	0.43230	0.15660	0.03727	0.02048	0.06344	0.01625	0.01157	0.04255	0.00261	0.00755	0.00746	0.00673	0.07183
11	0.01646	0.05326	0.32039	0.03137	0.34871	0.03598	0.04883	0.02234	0.01578	0.02255	0.01298	0.01623	0.01016	0.00653	0.00687	0.00216	0.00956	0.00582	0.00329	0.01073
12	0.01103	0.00744	0.00977	0.00920	0.01098	0.00684	0.00689	0.01422	0.01974	0.06036	0.62653	0.09668	0.06352	0.01479	0.00838	0.00228	0.00354	0.01308	0.00781	0.00692
13	0.01750	0.01766	0.05426	0.04284	0.68033	0.01690	0.02202	0.02188	0.01617	0.02324	0.01337	0.01753	0.01120	0.00636	0.00704	0.00212	0.00854	0.00630	0.00351	0.01125
14	0.01718	0.01977	0.13461	0.06478	0.52124	0.01680	0.02162	0.05510	0.01683	0.02395	0.01498	0.01857	0.02882	0.00686	0.00705	0.00216	0.00867	0.00640	0.00369	0.01093
15	0.01233	0.00627	0.00937	0.00943	0.00950	0.00627	0.00640	0.00950	0.00957	0.01273	0.01341	0.02405	0.01354	0.02453	0.02709	0.76048	0.00620	0.03287	0.00323	0.00323
16	0.03025	0.01174	0.01598	0.01238	0.01759	0.01018	0.01018	0.03305	0.02036	0.65742	0.08030	0.02648	0.02147	0.00926	0.00726	0.00221	0.00585	0.00760	0.00874	0.01170
17	0.01246	0.01027	0.01150	0.11417	0.01733	0.05173	0.00900	0.01572	0.04329	0.06476	0.13857	0.07378	0.35652	0.01462	0.00806	0.00238	0.00535	0.03710	0.00626	0.00713
18	0.01929	0.60492	0.06601	0.01274	0.01867	0.07054	0.01254	0.02182	0.01520	0.04561	0.01402	0.01512	0.04478	0.00692	0.00510	0.00165	0.00782	0.00464	0.00350	0.00911
19	0.01904	0.75404	0.03731	0.01218	0.01828	0.02818	0.01218	0.02132	0.01447	0.01675	0.00990	0.01142	0.00914	0.00609	0.00457	0.00152	0.00761	0.00381	0.00305	0.00914
20	0.00899	0.00638	0.00838	0.00968	0.01014	0.00607	0.00644	0.01023	0.01348	0.01810	0.06709	0.60669	0.04450	0.10602	0.03890	0.00364	0.00497	0.01830	0.00630	0.00568
21	0.02164	0.09797	0.02276	0.02130	0.14578	0.28788	0.01457	0.09127	0.10042	0.02271	0.01636	0.01802	0.03828	0.00822	0.00784	0.00207	0.06299	0.00596	0.00443	0.00953
22	0.04605	0.01680	0.07433	0.30519	0.30200	0.01656	0.09581	0.02056	0.01528	0.02154	0.01305	0.01791	0.01024	0.00664	0.00711	0.00226	0.00929	0.00640	0.00339	0.00960
23	0.01771	0.01530	0.01610	0.01449	0.01852	0.01771	0.01127	0.03784	0.69247	0.02979	0.02898	0.02657	0.02174	0.00966	0.00725	0.00242	0.00564	0.00805	0.00725	0.01127
24	0.00896	0.00753	0.00783	0.00790	0.01017	0.00660	0.00586	0.01168	0.05051	0.01992	0.08368	0.13242	0.58629	0.01793	0.00842	0.00245	0.00375	0.01513	0.00668	0.00628
25	0.02443	0.01906	0.02292	0.04573	0.02431	0.02093	0.08243	0.51553	0.10452	0.03986	0.01797	0.01845	0.01295	0.00835	0.00727	0.00220	0.00809	0.00680	0.00662	0.01159
26	0.01237	0.00618	0.00928	0.00928	0.00928	0.00618	0.00618	0.00928	0.00928	0.01237	0.01237	0.02165	0.01237	0.02474	0.02783	0.79283	0.00618	0.00618	0.00309	0.00309
27	0.00868	0.00620	0.00826	0.00991	0.01033	0.00578	0.00661	0.00991	0.01363	0.01818	0.03925	0.74510	0.04710	0.02231	0.00909	0.00289	0.00413	0.02024	0.00661	0.00578
28	0.01445	0.06263	0.68856	0.02000	0.03037	0.01696	0.02580	0.02251	0.01501	0.02234	0.01268	0.01490	0.00902	0.00674	0.00669	0.00223	0.01042	0.00521	0.00301	0.01047
29	0.02697	0.02289	0.02112	0.01680	0.02207	0.16946	0.01358	0.54390	0.03068	0.03909	0.01581	0.01620	0.01149	0.00829	0.00698	0.00207	0.00889	0.00603	0.00640	0.01130
30	0.01664	0.01887	0.04097	0.06578	0.03782	0.01790	0.64589	0.02257	0.01668	0.02257	0.01432	0.01920	0.01074	0.00606	0.00834	0.00240	0.01188	0.00830	0.00358	0.00952
31	0.01566	0.24889	0.48664	0.04429	0.02777	0.01997	0.02187	0.02202	0.01484	0.02067	0.01192	0.01411	0.00907	0.00658	0.00613	0.00204	0.00962	0.00487	0.00302	0.01002
32	0.01428	0.03683	0.71286	0.02030	0.03082	0.01654	0.02631	0.02255	0.01503	0.02255	0.01278	0.01503	0.00902	0.00677	0.00677	0.00226	0.01052	0.00526	0.00301	0.01052
33	0.01720	0.01648	0.02813	0.11409	0.63828	0.01681	0.02164	0.02148	0.01601	0.02275	0.01332	0.01776	0.01110	0.00642	0.00706	0.00214	0.00856	0.00634	0.00349	0.01093
34	0.01477	0.01266	0.01477	0.01055	0.01687	0.00949	0.00844	0.01793	0.01477	0.02320	0.01266	0.01477	0.01055	0.00527	0.00527	0.00105	0.00527	0.00422	0.00422	0.79328
35	0.01635	0.24159	0.42836	0.01768	0.02639	0.01943	0.05194	0.02235	0.01511	0.04212	0.01249	0.01446	0.00948	0.00652	0.00614	0.00199	0.00935	0.00500	0.00329	0.04998
36	0.01570	0.01281	0.01560	0.01119	0.01750	0.00977	0.02686	0.01892	0.01511	0.05817	0.01349	0.01537	0.01091	0.00547	0.00545	0.00115	0.00550	0.00448	0.00444	0.73212
37	0.11494	0.09131	0.02154	0.04377	0.02128	0.04864	0.03868	0.30096	0.04886	0.04943	0.01611	0.02007	0.01297	0.00904	0.00858	0.00228	0.09061	0.04540	0.00552	0.01001
38	0.01453	0.11148	0.59819	0.01874	0.02826	0.01718	0.02362	0.02187	0.01528	0.02230	0.05425	0.01696	0.01256	0.00717	0.00663	0.00218	0.00978	0.00557	0.00330	0.01015
39	0.00897	0.00737	0.00798	0.00822	0.01047	0.00638	0.00642	0.01107	0.01642	0.01994	0.09229	0.06977	0.57218	0.01815	0.00864	0.00254	0.00406	0.11636	0.00665	0.00613
40	0.01742	0.01671	0.02663	0.10897	0.55327	0.03276	0.02037	0.02329	0.08608	0.02330	0.01488	0.01858	0.01214	0.00679	0.00706	0.00217	0.00837	0.00648	0.00388	0.01087
41	0.01712	0.01841	0.05443	0.11844	0.38737	0.05945	0.17470	0.02175	0.01625	0.02204	0.01407	0.03739	0.01171	0.00686	0.00738	0.00222	0.00963	0.00705	0.00357	0.01013
42	0.00866	0.00722	0.00755	0.00747	0.00977	0.00611	0.00560	0.01069	0.01680	0.02059	0.16368	0.06630	0.61005	0.01753	0.00841	0.00238	0.00357	0.01472	0.00679	0.00611
43	0.03195	0.01212	0.01652	0.01267	0.01818	0.01047	0.01047	0.03470	0.02038	0.71026	0.02809	0.02424	0.01763	0.00881	0.00716	0.00220	0.00606	0.00716	0.00881	0.01212
44	0.09149	0.01225	0.01606	0.01241	0.01784	0.01089	0.01025	0.03363	0.01974	0.65769	0.02668	0.02325	0.01686	0.00864	0.00695	0.00220	0.00602	0.00690	0.00847	0.01178
45	0.10206	0.03260	0.58059	0.01919	0.02870	0.01630	0.05040	0.02285	0.01499	0.05029	0.01312	0.01518	0.00928	0.00680	0.00659	0.00225	0.00986	0.00531	0.00341	0.01024
46	0.80005	0.01377	0.01047	0.00936	0.01377	0.01597	0.00771	0.02093	0.01212	0.03195	0.00991	0.01157	0.00771	0.00661	0.00441	0.00220	0.00551	0.00386	0.00441	0.00771
47	0.00866	0.00722	0.00755	0.00747	0.00977	0.00611	0.00560	0.01069	0.01680	0.02059	0.16332	0.06631	0.61041	0.01753	0.00841	0.00238	0.00357	0.01472	0.00679	0.00611
48	0.00864	0.00632	0.00813	0.00958	0.01024	0.00581	0.00646	0.00995	0.01396	0.01831	0.04338	0.66009	0.12944	0.02177	0.00900	0.00283	0.00407	0.01959	0.00661	0.00581
49	0.01702	0.01469	0.01544	0.01395	0.01785	0.01684	0.01083	0.03577	0.64192	0.02900	0.03221	0.02970	0.07262	0.01029	0.00733	0.00241	0.00548	0.00857	0.00720	0.01088
50	0.01327	0.00664	0.00664	0.00664	0.00830	0.00664	0.00498	0.01659	0.01493	0.02655	0.02323	0.02655	0.01825	0.00830	0.00498	0.00166	0.00332	0.00664	0.78928	0.00664
51	0.00868	0.00620	0.00826	0.00991	0.01033	0.00578	0.00661	0.00991	0.01363	0.01818	0.03925	0.74510	0.04710	0.02231	0.00909	0.00289	0.00413	0.02024	0.00661	0.00578
52	0.01681	0.01921	0.04202	0.03001	0.03721	0.01801	0.67947	0.02281	0.01681	0.02281	0.01441	0.01921	0.01080	0.00600	0.00840	0.00240	0.01200	0.00840	0.00360	0.00960
53	0.01904	0.75404	0.03731	0.01218	0.01828	0.02818	0.01218	0.02132	0.01447	0.01675	0.00990	0.01142	0.00914	0.00609	0.00457	0.00152	0.00761	0.00381	0.00305	0.00914
54	0.03109	0.01193	0.01625	0.01252	0.01788	0.01032	0.01032	0.03387	0.02037	0.68348	0.05456	0.02537	0.01957	0.00904	0.00721	0.00220	0.00595	0.00739	0.00877	0.01191
55	0.00849	0.00717	0.00735	0.00741	0.00969	0.00603	0.00552	0.01033	0.01626	0.01955	0.09518	0.09910	0.64746	0.01810	0.00845	0.00242	0.00362	0.01518	0.00666	0.00603
56	0.01867	0.63878	0.05155	0.04135	0.01922	0.02555	0.01236	0.02129	0.01466	0.03602	0.01141	0.01311	0.00995	0.00636	0.00482	0.00160	0.00745	0.00421	0.05259	0.00905
57	0.02554	0.01703	0.01878	0.01474	0.01978	0.01834	0.01204	0.50244	0.02908	0.13118	0.02039	0.06295	0.01545	0.00940	0.00708	0.00215	0.00702	0.00737	0.06795	0.01130
58	0.00866	0.00627	0.00819	0.00972	0.01028	0.00580	0.00652	0.00994	0.01382	0.01825	0.04165	0.69569	0.09496	0.02200	0.00904	0.00286	0.00409	0.01986	0.00661	0.00580
59	0.04487	0.07347	0.41708	0.02383	0.16838	0.05221	0.02222	0.02283	0.01545	0.04885	0.01300	0.01550	0.00980	0.00695	0.00723	0.00219	0.03695	0.00542	0.00343	0.01034
60	0.04869	0.02067	0.10934	0.02899	0.07612	0.01771	0.54447	0.02265	0.01640	0.02318	0.01399	0.01837	0.01052	0.00613	0.00799	0.00236	0.01137	0.00777	0.00357	0.00972
61	0.19259	0.11985	0.02429	0.02694	0.32734	0.15378	0.01585	0.02284	0.01583	0.02317	0.01169	0.01452	0.00979	0.00656	0.00601	0.00200	0.00854	0.00511	0.00368	0.00962
62	0.01644	0.01852	0.04000	0.02948	0.05653	0.01739	0.62714	0.02217	0.01664	0.02260	0.01556	0.05375	0.01255	0.00679	0.00839	0.00242	0.01152	0.00890	0.00374	0.00947
63	0.09229	0.63659	0.05890	0.01240	0.01842	0.04770	0.01233	0.02155	0.01444	0.01841	0.01004	0.01161	0.00900	0.00620	0.00469	0.00162	0.00768	0.00389	0.00319	0.00903
64	0.00921	0.00720	0.00839	0.00851	0.01041	0.00638	0.00642	0.01157	0.01724	0.02230	0.27004	0.13666	0.37709	0.01749	0.00859	0.00247	0.00380	0.06298	0.00701	0.00626
65	0.19016	0.01489	0.02287	0.36654	0.03620	0.04245	0.15887	0.01989	0.01452	0.02223	0.01332	0.04326	0.01072	0.00732	0.00684	0.00234	0.00908	0.00666	0.00368	0.00817
66	0.01831	0.04505	0.05629	0.06419	0.18596	0.01776	0.28374	0.09323	0.01796	0.05011	0.01435	0.01795	0.01104	0.00676	0.00804	0.00221	0.03825	0.00694	0.00411	0.05775
67	0.09102	0.00796	0.00855	0.00864	0.01090	0.00742	0.00670	0.01245	0.01639	0.02245	0.17545	0.10228	0.39367	0.01667	0.00821	0.00249	0.00415	0.09162	0.00660	0.00637
68	0.01801	0.01385	0.01529	0.01365	0.01746	0.01535	0.01081	0.08869	0.44346	0.07940	0.08855	0.03413	0.05177	0.01111	0.00760	0.00243	0.00567	0.06505	0.00732	0.01040
69	0.01485	0.03549	0.67066	0.02094	0.05476	0.01640	0.02575	0.02283	0.01521	0.03996	0.01319	0.01536	0.00932	0.00680	0.00679	0.00225	0.01034	0.00535	0.00317	0.01059
70	0.04750	0.07341	0.13614	0.02349	0.03002	0.01668	0.40774	0.02072	0.01572	0.02203	0.01725	0.12286	0.01555	0.00851	0.00781	0.00238	0.01006	0.00913	0.00394	0.00908
71	0.01237	0.00618	0.00928	0.00928	0.00928	0.00618	0.00618	0.00928	0.00928	0.01237	0.01237	0.02165	0.01237	0.02474	0.02783	0.79283	0.00618	0.00618	0.00309	0.00309
72	0.02385	0.02315	0.07237	0.01881	0.06977	0.22222	0.03273	0.22676	0.06401	0.09720	0.01796	0.02158	0.01412	0.00872	0.00713	0.00217	0.00925	0.05231	0.00560	0.01030
73	0.01112	0.00741	0.00803	0.00791	0.00888	0.00738	0.00511	0.01338	0.05381	0.01862	0.05401	0.04454	0.11758	0.42901	0.02338	0.00479	0.00553	0.01019	0.16380	0.00552
74	0.00951	0.00710	0.00884	0.00873	0.01038	0.00643	0.00643	0.01222	0.01834	0.02502	0.46844	0.16099	0.19842	0.01646	0.00851	0.00237	0.00353	0.01445	0.00739	0.00643
75	0.01477	0.01266	0.01477	0.01055	0.01687	0.00949	0.00844	0.01793	0.01477	0.02320	0.01266	0.01477	0.01055	0.00527	0.00527	0.00105	0.00527	0.00422	0.00422	0.79328
76	0.01387	0.01325	0.02261	0.59192	0.04416	0.01631	0.06783	0.01819	0.01397	0.01828	0.01246	0.01874	0.00965	0.00803	0.00935	0.02351	0.08033	0.00647	0.00319	0.00790
77	0.01640	0.00868	0.01154	0.01003	0.01282	0.00780	0.00780	0.01959	0.02022	0.22566	0.50685	0.04482	0.05286	0.01290	0.00804	0.00223	0.00414	0.01122	0.00812	0.00828
78	0.01000	0.00728	0.00941	0.00888	0.01059	0.00669	0.00666	0.01329	0.01998	0.02813	0.67257	0.05390	0.09646	0.01472	0.00840	0.00225	0.00337	0.01298	0.00778	0.00669
79	0.01522	0.06157	0.53329	0.02517	0.18031	0.01710	0.02474	0.02235	0.01527	0.02247	0.01280	0.01546	0.00953	0.00664	0.00674	0.00219	0.00995	0.00544	0.00312	0.01064
80	0.01428	0.03683	0.71286	0.02030	0.03082	0.01654	0.02631	0.02255	0.01503	0.02255	0.01278	0.01503	0.00902	0.00677	0.00677	0.00226	0.01052	0.00526	0.00301	0.01052
81	0.00868	0.00620	0.00826	0.00991	0.01033	0.00578	0.00661	0.00991	0.01363	0.01818	0.03925	0.74510	0.04710	0.02231	0.00909	0.00289	0.00413	0.02024	0.00661	0.00578
82	0.16823	0.01211	0.01325	0.01099	0.01531	0.04309	0.00885	0.02551	0.01804	0.36653	0.08844	0.03203	0.14713	0.01053	0.00695	0.00223	0.00559	0.00837	0.00727	0.00953
83	0.01662	0.01735	0.06920	0.06610	0.55307	0.01614	0.05234	0.02107	0.01610	0.02277	0.01659	0.02200	0.03895	0.00735	0.00726	0.00220	0.00853	0.03198	0.00372	0.01063
84	0.00961	0.00693	0.00881	0.00970	0.01029	0.00678	0.00666	0.01089	0.01352	0.01802	0.07597	0.41036	0.07591	0.20486	0.01632	0.00388	0.02446	0.07540	0.00601	0.00561
85	0.03659	0.27431	0.34748	0.01687	0.02470	0.02001	0.05874	0.04617	0.01595	0.02214	0.06348	0.01691	0.01360	0.00714	0.00620	0.00201	0.00887	0.00554	0.00361	0.00970
86	0.25469	0.12990	0.01826	0.03837	0.01788	0.04445	0.01051	0.21390	0.02027	0.03107	0.08825	0.02194	0.06599	0.00880	0.00611	0.00209	0.00658	0.00646	0.00544	0.00903
87	0.02424	0.01683	0.01931	0.01671	0.06385	0.01813	0.01271	0.37639	0.15190	0.13806	0.06936	0.02251	0.01858	0.00908	0.00724	0.00220	0.00689	0.00728	0.00722	0.01152

[dist]
# distance from previous block
# <min> <max>
3	8

[block]
# block no. 5 follows, 29 sequences, length 27
# corresponding to MSA columns:
# 387-413
name=unknown_F
#
# <colnr> <probs for GDERKNQSTAVLIFYWHMCP>
#	G	D	E	R	K	N	Q	S	T	A	V	L	I	F	Y	W	H	M	C	P
0	0.02351	0.01765	0.01924	0.01516	0.02041	0.01898	0.01242	0.50255	0.07200	0.03913	0.01931	0.04974	0.01545	0.00937	0.00714	0.00212	0.00719	0.04072	0.00675	0.10118
1	0.01838	0.01879	0.02671	0.08153	0.51862	0.11013	0.02015	0.02211	0.01618	0.02168	0.01271	0.01691	0.01073	0.00702	0.00829	0.00217	0.06791	0.00610	0.00349	0.01039
2	0.01733	0.13646	0.38866	0.02385	0.18159	0.03812	0.02174	0.02323	0.01574	0.06972	0.01351	0.01567	0.01016	0.00673	0.00652	0.00210	0.00938	0.00541	0.00355	0.01054
3	0.01785	0.55207	0.17340	0.01471	0.02148	0.02520	0.03796	0.02144	0.01451	0.01815	0.01061	0.01260	0.00918	0.00650	0.00596	0.00177	0.03982	0.00436	0.00306	0.00938
4	0.00890	0.00665	0.00876	0.04218	0.01200	0.00629	0.00706	0.01042	0.01417	0.01860	0.06049	0.60859	0.12787	0.02087	0.00890	0.00279	0.00429	0.01876	0.00649	0.00593
5	0.01268	0.00783	0.00950	0.00924	0.01048	0.00878	0.00708	0.01526	0.01353	0.02257	0.02144	0.07146	0.01873	0.01823	0.13359	0.03515	0.09398	0.00762	0.47632	0.00653
6	0.01586	0.01623	0.05735	0.29030	0.40484	0.01673	0.02101	0.02034	0.01520	0.02111	0.01291	0.01790	0.01044	0.00693	0.00783	0.00226	0.04325	0.00628	0.00335	0.00986
7	0.01625	0.02044	0.11838	0.06587	0.07742	0.01805	0.45389	0.02187	0.01579	0.02196	0.01352	0.01821	0.01040	0.00686	0.00964	0.00244	0.08848	0.00756	0.00345	0.00954
8	0.03023	0.01174	0.01598	0.01238	0.01759	0.01017	0.01017	0.03304	0.02036	0.65683	0.08088	0.02651	0.02151	0.00926	0.00726	0.00221	0.00585	0.00761	0.00874	0.01169
9	0.01383	0.01158	0.01767	0.02391	0.29385	0.01138	0.01357	0.01774	0.04569	0.04149	0.12868	0.16395	0.08879	0.01310	0.00805	0.00244	0.00612	0.08387	0.00562	0.00867
10	0.02140	0.13527	0.04194	0.01340	0.01823	0.01698	0.01145	0.16410	0.17429	0.16898	0.13462	0.02571	0.02400	0.00940	0.00694	0.00213	0.00628	0.00755	0.00682	0.01049
