[name]
unknown

[dist]
# distance from previous block
# <min> <max>
2	33

[block]
# block no. 0 follows, 29 sequences, length 10
# corresponding to MSA columns:
# 35-44
name=unknown_A
#
# <colnr> <probs for GDERKNQSTAVLIFYWHMCP>
#	G	D	E	R	K	N	Q	S	T	A	V	L	I	F	Y	W	H	M	C	P
0	0.36810	0.05759	0.01521	0.15257	0.02141	0.01499	0.01077	0.02211	0.04859	0.11714	0.06730	0.01902	0.01492	0.00837	0.00658	0.02983	0.00636	0.00577	0.00503	0.00836
1	0.01871	0.06581	0.13220	0.01680	0.02160	0.14552	0.08302	0.11284	0.01778	0.05705	0.01567	0.02054	0.01311	0.07339	0.14772	0.00429	0.03426	0.00651	0.00432	0.00886
2	0.04526	0.01680	0.02580	0.36640	0.11847	0.07141	0.14719	0.08203	0.01714	0.02261	0.01327	0.01795	0.01011	0.00694	0.00721	0.00228	0.00982	0.00652	0.00374	0.00905
3	0.01801	0.59922	0.18314	0.01393	0.02098	0.02566	0.01523	0.02159	0.01459	0.01800	0.01052	0.01220	0.00911	0.00624	0.00504	0.00168	0.00824	0.00412	0.00304	0.00944
4	0.03195	0.01212	0.01652	0.01267	0.01818	0.01047	0.01047	0.03470	0.02038	0.71026	0.02809	0.02424	0.01763	0.00881	0.00716	0.00220	0.00606	0.00716	0.00881	0.01212
5	0.01421	0.08273	0.60171	0.01869	0.02809	0.01641	0.02353	0.02162	0.01547	0.02271	0.07656	0.01833	0.01443	0.00744	0.00677	0.00220	0.00966	0.00587	0.00346	0.01008
6	0.02304	0.01584	0.01767	0.01448	0.01894	0.01706	0.01158	0.40674	0.09670	0.11577	0.02398	0.16222	0.02064	0.01140	0.00753	0.00232	0.00667	0.00939	0.00723	0.01078
7	0.00866	0.00627	0.00819	0.00973	0.01028	0.00580	0.00653	0.00994	0.01381	0.01825	0.04150	0.69868	0.09206	0.02202	0.00904	0.00286	0.00410	0.01989	0.00661	0.00580
8	0.01036	0.00690	0.00777	0.00777	0.00777	0.00690	0.00431	0.01036	0.01036	0.01381	0.02244	0.04660	0.02589	0.74975	0.03624	0.00690	0.00690	0.01036	0.00431	0.00431
9	0.01345	0.01266	0.02136	0.73264	0.04904	0.01582	0.01978	0.01819	0.01424	0.01819	0.01266	0.01898	0.00949	0.00712	0.00712	0.00237	0.00949	0.00633	0.00316	0.00791

[dist]
# distance from previous block
# <min> <max>
0	6

[block]
# block no. 1 follows, 29 sequences, length 70
# corresponding to MSA columns:
# 51-120
name=unknown_B
#
# <colnr> <probs for GDERKNQSTAVLIFYWHMCP>
#	G	D	E	R	K	N	Q	S	T	A	V	L	I	F	Y	W	H	M	C	P
0	0.02227	0.01647	0.01786	0.01491	0.01964	0.01836	0.01192	0.24655	0.40660	0.10747	0.02503	0.02324	0.01817	0.00921	0.00720	0.00230	0.00640	0.00742	0.00737	0.01163
1	0.01795	0.01753	0.02859	0.04280	0.68084	0.04216	0.02156	0.02209	0.01636	0.02305	0.01331	0.01745	0.01120	0.00638	0.00703	0.00210	0.00862	0.00628	0.00353	0.01117
2	0.04700	0.01280	0.01464	0.01065	0.01681	0.01007	0.00852	0.01881	0.04033	0.02381	0.01316	0.01508	0.01085	0.00549	0.00531	0.00115	0.00530	0.00435	0.00434	0.73152
3	0.00909	0.00736	0.00815	0.00829	0.01048	0.00642	0.00645	0.01132	0.01683	0.02090	0.15994	0.06791	0.51684	0.01775	0.00861	0.00250	0.00398	0.10419	0.00679	0.00619
4	0.02784	0.01741	0.01970	0.01507	0.02074	0.01823	0.01243	0.46912	0.02892	0.22959	0.01995	0.01898	0.01357	0.00846	0.00704	0.00210	0.00722	0.00651	0.00746	0.04965
5	0.01437	0.03619	0.68843	0.02065	0.03105	0.01659	0.05009	0.02256	0.01510	0.02256	0.01284	0.01519	0.00909	0.00674	0.00682	0.00226	0.01058	0.00538	0.00303	0.01049
6	0.00842	0.00721	0.00721	0.00721	0.00962	0.00601	0.00541	0.01022	0.01623	0.01924	0.07213	0.06853	0.70244	0.01803	0.00842	0.00240	0.00361	0.01503	0.00661	0.00601
7	0.01345	0.01266	0.02136	0.73264	0.04904	0.01582	0.01978	0.01819	0.01424	0.01819	0.01266	0.01898	0.00949	0.00712	0.00712	0.00237	0.00949	0.00633	0.00316	0.00791
8	0.02431	0.05641	0.02073	0.01939	0.07352	0.55816	0.01386	0.02799	0.08004	0.01901	0.01452	0.01599	0.03040	0.00773	0.00653	0.00191	0.01140	0.00530	0.00404	0.00873
9	0.01081	0.00813	0.01011	0.00946	0.01143	0.00786	0.00714	0.01589	0.09203	0.02822	0.59788	0.05111	0.09420	0.01421	0.00828	0.00227	0.00362	0.01247	0.00771	0.00717
10	0.01428	0.03683	0.71286	0.02030	0.03082	0.01654	0.02631	0.02255	0.01503	0.02255	0.01278	0.01503	0.00902	0.00677	0.00677	0.00226	0.01052	0.00526	0.00301	0.01052
11	0.02819	0.01489	0.01795	0.01409	0.01931	0.01489	0.01161	0.29429	0.02525	0.38456	0.02450	0.04991	0.01754	0.00969	0.00734	0.00225	0.00673	0.03743	0.00795	0.01163
12	0.02715	0.01605	0.05072	0.01419	0.01956	0.04678	0.01197	0.12195	0.16539	0.40990	0.02527	0.02280	0.01695	0.00879	0.00712	0.00222	0.00674	0.00704	0.00773	0.01168
13	0.01771	0.01530	0.01610	0.01449	0.01852	0.01771	0.01127	0.03784	0.69247	0.02979	0.02898	0.02657	0.02174	0.00966	0.00725	0.00242	0.00564	0.00805	0.00725	0.01127
14	0.01467	0.01460	0.02254	0.62466	0.07025	0.06474	0.05113	0.01926	0.01484	0.01854	0.01265	0.01852	0.00960	0.00705	0.00713	0.00233	0.00981	0.00631	0.00323	0.00814
15	0.01796	0.01547	0.02555	0.12480	0.50898	0.01581	0.01958	0.02263	0.04311	0.08107	0.01623	0.04847	0.01348	0.00744	0.00716	0.00220	0.00810	0.00705	0.00420	0.01070
16	0.01817	0.02126	0.03897	0.02839	0.03510	0.11596	0.58674	0.02359	0.01728	0.02206	0.01393	0.01832	0.01058	0.00619	0.00813	0.00232	0.01212	0.00787	0.00361	0.00942
17	0.00842	0.00721	0.00721	0.00721	0.00962	0.00601	0.00541	0.01022	0.01623	0.01924	0.07213	0.06853	0.70244	0.01803	0.00842	0.00240	0.00361	0.01503	0.00661	0.00601
18	0.01648	0.13633	0.21758	0.02473	0.03263	0.01918	0.40568	0.02251	0.01598	0.02181	0.01329	0.01692	0.01008	0.00622	0.00739	0.00223	0.01094	0.00687	0.00336	0.00977
19	0.01940	0.58112	0.05639	0.01331	0.01925	0.02511	0.03644	0.07034	0.01618	0.04769	0.01292	0.04991	0.01168	0.00723	0.00530	0.00172	0.00765	0.00518	0.00378	0.00937
20	0.01762	0.01692	0.02890	0.04371	0.70533	0.01692	0.02185	0.02185	0.01621	0.02326	0.01339	0.01762	0.01128	0.00634	0.00705	0.00211	0.00846	0.00634	0.00352	0.01128
21	0.01960	0.01759	0.02794	0.03412	0.42905	0.01797	0.09898	0.18387	0.02054	0.02844	0.01539	0.02018	0.01261	0.00737	0.00734	0.00220	0.00866	0.03251	0.00454	0.01109
22	0.01428	0.03683	0.71286	0.02030	0.03082	0.01654	0.02631	0.02255	0.01503	0.02255	0.01278	0.01503	0.00902	0.00677	0.00677	0.00226	0.01052	0.00526	0.00301	0.01052
23	0.01428	0.03683	0.71286	0.02030	0.03082	0.01654	0.02631	0.02255	0.01503	0.02255	0.01278	0.01503	0.00902	0.00677	0.00677	0.00226	0.01052	0.00526	0.00301	0.01052
24	0.00868	0.00620	0.00826	0.00991	0.01033	0.00578	0.00661	0.00991	0.01363	0.01818	0.03925	0.74510	0.04710	0.02231	0.00909	0.00289	0.00413	0.02024	0.00661	0.00578
25	0.01345	0.01266	0.02136	0.73264	0.04904	0.01582	0.01978	0.01819	0.01424	0.01819	0.01266	0.01898	0.00949	0.00712	0.00712	0.00237	0.00949	0.00633	0.00316	0.00791
26	0.01642	0.01858	0.04039	0.02905	0.03592	0.01742	0.64714	0.02219	0.01665	0.02259	0.01560	0.05409	0.01255	0.00679	0.00844	0.00242	0.01163	0.00897	0.00375	0.00942
27	0.00890	0.00650	0.00870	0.01020	0.01060	0.00630	0.00690	0.01015	0.01354	0.01814	0.03828	0.72153	0.04588	0.02199	0.00955	0.00290	0.02780	0.01979	0.00650	0.00585
28	0.01000	0.00728	0.00941	0.00888	0.01059	0.00669	0.00666	0.01329	0.01997	0.02812	0.67244	0.05390	0.09660	0.01472	0.00840	0.00225	0.00337	0.01298	0.00778	0.00669
29	0.80005	0.01377	0.01047	0.00936	0.01377	0.01597	0.00771	0.02093	0.01212	0.03195	0.00991	0.01157	0.00771	0.00661	0.00441	0.00220	0.00551	0.00386	0.00441	0.00771
30	0.02283	0.02604	0.01845	0.01671	0.02053	0.42301	0.01270	0.03242	0.30513	0.02267	0.01863	0.01866	0.01450	0.00832	0.00677	0.00208	0.00979	0.00605	0.00518	0.00953
31	0.01345	0.01266	0.02136	0.73264	0.04904	0.01582	0.01978	0.01819	0.01424	0.01819	0.01266	0.01898	0.00949	0.00712	0.00712	0.00237	0.00949	0.00633	0.00316	0.00791
32	0.01017	0.00763	0.01144	0.01144	0.01272	0.00890	0.00890	0.01272	0.01144	0.01653	0.01907	0.02797	0.01780	0.05340	0.72153	0.01144	0.01907	0.00763	0.00381	0.00636
33	0.01345	0.01266	0.02136	0.73264	0.04904	0.01582	0.01978	0.01819	0.01424	0.01819	0.01266	0.01898	0.00949	0.00712	0.00712	0.00237	0.00949	0.00633	0.00316	0.00791
34	0.01904	0.75404	0.03731	0.01218	0.01828	0.02818	0.01218	0.02132	0.01447	0.01675	0.00990	0.01142	0.00914	0.00609	0.00457	0.00152	0.00761	0.00381	0.00305	0.00914
35	0.00868	0.00620	0.00826	0.00991	0.01033	0.00578	0.00661	0.00991	0.01363	0.01818	0.03925	0.74510	0.04710	0.02231	0.00909	0.00289	0.00413	0.02024	0.00661	0.00578
36	0.00842	0.00721	0.00721	0.00721	0.00962	0.00601	0.00541	0.01022	0.01623	0.01924	0.07213	0.06853	0.70244	0.01803	0.00842	0.00240	0.00361	0.01503	0.00661	0.00601
37	0.01904	0.75404	0.03731	0.01218	0.01828	0.02818	0.01218	0.02132	0.01447	0.01675	0.00990	0.01142	0.00914	0.00609	0.00457	0.00152	0.00761	0.00381	0.00305	0.00914
38	0.02707	0.01995	0.02137	0.01638	0.02208	0.02208	0.01353	0.68159	0.03348	0.04488	0.01710	0.01710	0.01211	0.00855	0.00712	0.00214	0.00784	0.00641	0.00712	0.01211
39	0.03195	0.01212	0.01652	0.01267	0.01818	0.01047	0.01047	0.03470	0.02038	0.71026	0.02809	0.02424	0.01763	0.00881	0.00716	0.00220	0.00606	0.00716	0.00881	0.01212
40	0.01904	0.75404	0.03731	0.01218	0.01828	0.02818	0.01218	0.02132	0.01447	0.01675	0.00990	0.01142	0.00914	0.00609	0.00457	0.00152	0.00761	0.00381	0.00305	0.00914
41	0.02707	0.01995	0.02137	0.01638	0.02208	0.02208	0.01353	0.68159	0.03348	0.04488	0.01710	0.01710	0.01211	0.00855	0.00712	0.00214	0.00784	0.00641	0.00712	0.01211
42	0.00842	0.00721	0.00721	0.00721	0.00962	0.00601	0.00541	0.01022	0.01623	0.01924	0.07213	0.06853	0.70244	0.01803	0.00842	0.00240	0.00361	0.01503	0.00661	0.00601
43	0.00987	0.00712	0.00933	0.00910	0.01059	0.00658	0.00670	0.01291	0.01919	0.02701	0.60313	0.15603	0.06420	0.01571	0.00850	0.00234	0.00347	0.01397	0.00766	0.00658
44	0.01178	0.01083	0.01291	0.04300	0.01509	0.07569	0.03146	0.01344	0.01407	0.01815	0.03149	0.49980	0.05532	0.01823	0.01070	0.00277	0.10747	0.01569	0.00560	0.00652
45	0.01147	0.00820	0.01147	0.01311	0.01475	0.00820	0.01147	0.01475	0.01639	0.02131	0.03770	0.08032	0.04098	0.01967	0.00984	0.00328	0.00656	0.65741	0.00656	0.00656
46	0.01762	0.01692	0.02890	0.04371	0.70533	0.01692	0.02185	0.02185	0.01621	0.02326	0.01339	0.01762	0.01128	0.00634	0.00705	0.00211	0.00846	0.00634	0.00352	0.01128
47	0.02599	0.01907	0.02117	0.07525	0.05813	0.05547	0.01414	0.49253	0.02898	0.11157	0.01742	0.01782	0.01230	0.00829	0.00709	0.00215	0.00806	0.00639	0.00663	0.01153
48	0.02367	0.01671	0.01853	0.01491	0.01958	0.01819	0.01205	0.48730	0.05134	0.08522	0.02145	0.11988	0.01798	0.01279	0.04357	0.00273	0.00769	0.00851	0.00701	0.01091
49	0.01811	0.01068	0.01130	0.00970	0.01269	0.01120	0.00767	0.20562	0.02045	0.06605	0.02174	0.02376	0.01648	0.00839	0.00569	0.00182	0.00473	0.00660	0.52884	0.00846
50	0.01569	0.02952	0.42260	0.05410	0.02813	0.09258	0.05505	0.02153	0.01486	0.02069	0.01315	0.04516	0.01076	0.00843	0.00981	0.00240	0.13663	0.00618	0.00328	0.00944
51	0.06017	0.01890	0.02043	0.01572	0.02134	0.02066	0.01298	0.58903	0.03127	0.11087	0.01789	0.01758	0.01248	0.00849	0.00701	0.00215	0.00756	0.00638	0.00718	0.01192
52	0.00842	0.00721	0.00721	0.00721	0.00962	0.00601	0.00541	0.01022	0.01623	0.01924	0.07213	0.06853	0.70244	0.01803	0.00842	0.00240	0.00361	0.01503	0.00661	0.00601
53	0.02668	0.01908	0.02075	0.01601	0.02153	0.02099	0.01320	0.62350	0.03198	0.07749	0.01773	0.01787	0.01260	0.01026	0.03419	0.00249	0.00817	0.00650	0.00708	0.01189
54	0.04786	0.01641	0.05319	0.06904	0.02224	0.01605	0.01297	0.28143	0.06262	0.28057	0.02188	0.04907	0.01557	0.00900	0.00713	0.00223	0.00711	0.00719	0.00714	0.01129
55	0.02660	0.03394	0.02018	0.01834	0.02201	0.72116	0.01376	0.02843	0.02018	0.01743	0.01101	0.01284	0.00917	0.00734	0.00642	0.00183	0.01284	0.00459	0.00367	0.00825
56	0.00860	0.00712	0.00756	0.00779	0.00990	0.00607	0.00579	0.01043	0.01605	0.01949	0.08898	0.15354	0.57765	0.01850	0.00854	0.00249	0.00375	0.03507	0.00665	0.00602
57	0.06424	0.01750	0.01926	0.01506	0.02048	0.01887	0.01236	0.44418	0.10032	0.18321	0.02035	0.01935	0.01410	0.00863	0.00701	0.00218	0.00711	0.00662	0.00736	0.01181
58	0.02819	0.01732	0.01964	0.01515	0.02072	0.01829	0.01248	0.45336	0.05721	0.25106	0.02102	0.01971	0.01423	0.00868	0.00714	0.00217	0.00719	0.00671	0.00765	0.01208
59	0.00889	0.00723	0.00788	0.00772	0.00991	0.00621	0.00579	0.01115	0.01736	0.02192	0.25323	0.06412	0.51968	0.01703	0.00841	0.00236	0.00354	0.01441	0.00697	0.00621
60	0.01662	0.01684	0.02357	0.01957	0.02085	0.05639	0.08773	0.04894	0.01308	0.01904	0.01067	0.01632	0.00991	0.01267	0.04329	0.00320	0.56331	0.00644	0.00341	0.00816
61	0.16081	0.15547	0.02124	0.01435	0.01776	0.02034	0.01217	0.12336	0.06642	0.05258	0.01426	0.04087	0.01222	0.01070	0.03085	0.00263	0.22426	0.00606	0.00463	0.00902
62	0.15359	0.01993	0.01868	0.09200	0.02294	0.16815	0.01295	0.25108	0.02247	0.12218	0.01533	0.01638	0.01111	0.00799	0.00711	0.00215	0.03471	0.00568	0.00559	0.00995
63	0.00842	0.00721	0.00721	0.00721	0.00962	0.00601	0.00541	0.01022	0.01623	0.01924	0.07213	0.06853	0.70244	0.01803	0.00842	0.00240	0.00361	0.01503	0.00661	0.00601
64	0.01265	0.03993	0.01601	0.30880	0.02753	0.01263	0.01291	0.03796	0.04040	0.02007	0.02521	0.24266	0.05938	0.01276	0.00829	0.00248	0.04049	0.01101	0.06148	0.00738
65	0.02463	0.01955	0.02108	0.01671	0.02124	0.05673	0.01374	0.51868	0.02841	0.03805	0.01557	0.01696	0.01168	0.01049	0.03138	0.00257	0.12898	0.00633	0.00619	0.01103
66	0.01320	0.00958	0.01148	0.01151	0.01322	0.00979	0.00831	0.17503	0.01851	0.02474	0.03380	0.56614	0.03850	0.01893	0.00861	0.00271	0.00504	0.01684	0.00674	0.00734
67	0.02255	0.01657	0.01815	0.01479	0.01919	0.01808	0.01183	0.51648	0.02860	0.03831	0.02254	0.19606	0.02071	0.01193	0.00761	0.00232	0.00692	0.00981	0.00700	0.01055
68	0.02248	0.04180	0.02015	0.04467	0.02130	0.01735	0.05531	0.38775	0.02574	0.10770	0.02309	0.13760	0.04108	0.01081	0.00748	0.00228	0.00723	0.00906	0.00667	0.01044
69	0.02589	0.01947	0.05533	0.01595	0.02162	0.02004	0.01358	0.56192	0.03048	0.09650	0.01888	0.05411	0.01416	0.00917	0.00721	0.00219	0.00764	0.00711	0.00703	0.01171

[dist]
# distance from previous block
# <min> <max>
9	16

[block]
# block no. 2 follows, 29 sequences, length 51
# corresponding to MSA columns:
# 137-187
name=unknown_C
#
# <colnr> <probs for GDERKNQSTAVLIFYWHMCP>
#	G	D	E	R	K	N	Q	S	T	A	V	L	I	F	Y	W	H	M	C	P
0	0.01720	0.01437	0.01900	0.01420	0.01986	0.01303	0.08615	0.10157	0.05378	0.05305	0.01557	0.03987	0.01275	0.00706	0.00713	0.00163	0.04542	0.00591	0.00487	0.46758
1	0.02444	0.01589	0.01657	0.01369	0.01812	0.10134	0.01091	0.14143	0.13389	0.28404	0.13658	0.02682	0.02458	0.00968	0.00728	0.00219	0.00668	0.00781	0.00746	0.01060
2	0.07599	0.01333	0.02154	0.58083	0.13659	0.01598	0.01911	0.01891	0.01434	0.01997	0.01254	0.01821	0.00960	0.00697	0.00690	0.00232	0.00904	0.00614	0.00331	0.00836
3	0.01971	0.01098	0.01321	0.01155	0.01450	0.04330	0.00885	0.05258	0.01853	0.27808	0.18230	0.17153	0.03442	0.07040	0.01058	0.00272	0.02968	0.01107	0.00730	0.00871
4	0.05387	0.03946	0.02016	0.33110	0.11577	0.11147	0.01591	0.02142	0.08938	0.01994	0.01407	0.01852	0.01125	0.00929	0.00918	0.09239	0.00877	0.00607	0.00377	0.00822
5	0.01057	0.00873	0.00946	0.00912	0.01158	0.00840	0.00688	0.01620	0.14728	0.02315	0.19298	0.09337	0.40409	0.01592	0.00822	0.00240	0.00397	0.01351	0.00699	0.00716
6	0.01017	0.00763	0.01144	0.01144	0.01272	0.00890	0.00890	0.01272	0.01144	0.01653	0.01907	0.02797	0.01780	0.05340	0.72153	0.01144	0.01907	0.00763	0.00381	0.00636
7	0.67869	0.01351	0.01142	0.00989	0.01447	0.01510	0.00815	0.02311	0.01342	0.13912	0.01279	0.01357	0.00928	0.00696	0.00484	0.00220	0.00560	0.00438	0.00510	0.00841
8	0.00978	0.00742	0.00789	0.00775	0.01017	0.00627	0.00581	0.01168	0.01649	0.05702	0.09796	0.10384	0.59779	0.01761	0.00839	0.00241	0.00376	0.01480	0.00679	0.00636
9	0.03195	0.01212	0.01652	0.01267	0.01818	0.01047	0.01047	0.03470	0.02038	0.71026	0.02809	0.02424	0.01763	0.00881	0.00716	0.00220	0.00606	0.00716	0.00881	0.01212
10	0.01469	0.00800	0.00815	0.00764	0.00971	0.00822	0.00585	0.08475	0.01683	0.02843	0.02260	0.02558	0.01762	0.00832	0.00520	0.00171	0.00378	0.00661	0.70911	0.00720
11	0.01345	0.01266	0.02136	0.73264	0.04904	0.01582	0.01978	0.01819	0.01424	0.01819	0.01266	0.01898	0.00949	0.00712	0.00712	0.00237	0.00949	0.00633	0.00316	0.00791
12	0.00998	0.00727	0.00939	0.00886	0.01058	0.00668	0.00664	0.01325	0.01993	0.02803	0.66581	0.05406	0.10328	0.01475	0.00840	0.00225	0.00337	0.01300	0.00777	0.00668
13	0.01762	0.01692	0.02890	0.04371	0.70533	0.01692	0.02185	0.02185	0.01621	0.02326	0.01339	0.01762	0.01128	0.00634	0.00705	0.00211	0.00846	0.00634	0.00352	0.01128
14	0.01017	0.00763	0.01144	0.01144	0.01272	0.00890	0.00890	0.01272	0.01144	0.01653	0.01907	0.02797	0.01780	0.05340	0.72153	0.01144	0.01907	0.00763	0.00381	0.00636
15	0.00866	0.00625	0.00820	0.00976	0.01029	0.00580	0.00654	0.00993	0.01378	0.01824	0.04110	0.70697	0.08403	0.02207	0.00905	0.00286	0.00410	0.01995	0.00661	0.00580
16	0.01126	0.00754	0.00990	0.00916	0.01105	0.00692	0.00692	0.01459	0.02017	0.06545	0.66513	0.05162	0.06451	0.01425	0.00833	0.00224	0.00351	0.01257	0.00789	0.00701
17	0.01904	0.75404	0.03731	0.01218	0.01828	0.02818	0.01218	0.02132	0.01447	0.01675	0.00990	0.01142	0.00914	0.00609	0.00457	0.00152	0.00761	0.00381	0.00305	0.00914
18	0.01771	0.01530	0.01610	0.01449	0.01852	0.01771	0.01127	0.03784	0.69247	0.02979	0.02898	0.02657	0.02174	0.00966	0.00725	0.00242	0.00564	0.00805	0.00725	0.01127
19	0.01477	0.01266	0.01477	0.01055	0.01687	0.00949	0.00844	0.01793	0.01477	0.02320	0.01266	0.01477	0.01055	0.00527	0.00527	0.00105	0.00527	0.00422	0.00422	0.79328
20	0.01428	0.03683	0.71286	0.02030	0.03082	0.01654	0.02631	0.02255	0.01503	0.02255	0.01278	0.01503	0.00902	0.00677	0.00677	0.00226	0.01052	0.00526	0.00301	0.01052
21	0.02660	0.03394	0.02018	0.01834	0.02201	0.72116	0.01376	0.02843	0.02018	0.01743	0.01101	0.01284	0.00917	0.00734	0.00642	0.00183	0.01284	0.00459	0.00367	0.00825
22	0.00842	0.00721	0.00721	0.00721	0.00962	0.00601	0.00541	0.01022	0.01623	0.01924	0.07213	0.06853	0.70244	0.01803	0.00842	0.00240	0.00361	0.01503	0.00661	0.00601
23	0.01237	0.00618	0.00928	0.00928	0.00928	0.00618	0.00618	0.00928	0.00928	0.01237	0.01237	0.02165	0.01237	0.02474	0.02783	0.79283	0.00618	0.00618	0.00309	0.00309
24	0.80005	0.01377	0.01047	0.00936	0.01377	0.01597	0.00771	0.02093	0.01212	0.03195	0.00991	0.01157	0.00771	0.00661	0.00441	0.00220	0.00551	0.00386	0.00441	0.00771
25	0.01338	0.00706	0.00735	0.00720	0.00878	0.00735	0.00547	0.01662	0.01474	0.02611	0.02258	0.02603	0.01783	0.00849	0.00584	0.00173	0.03772	0.00662	0.75240	0.00669
26	0.00868	0.00620	0.00826	0.00991	0.01033	0.00578	0.00661	0.00991	0.01363	0.01818	0.03925	0.74510	0.04710	0.02231	0.00909	0.00289	0.00413	0.02024	0.00661	0.00578
27	0.01904	0.75404	0.03731	0.01218	0.01828	0.02818	0.01218	0.02132	0.01447	0.01675	0.00990	0.01142	0.00914	0.00609	0.00457	0.00152	0.00761	0.00381	0.00305	0.00914
28	0.01428	0.03683	0.71286	0.02030	0.03082	0.01654	0.02631	0.02255	0.01503	0.02255	0.01278	0.01503	0.00902	0.00677	0.00677	0.00226	0.01052	0.00526	0.00301	0.01052
29	0.11368	0.01803	0.01887	0.01479	0.01981	0.01998	0.01202	0.54410	0.02890	0.04053	0.01677	0.01920	0.01288	0.07695	0.00951	0.00259	0.00748	0.00648	0.00655	0.01089
30	0.01147	0.00820	0.01147	0.01311	0.01475	0.00820	0.01147	0.01475	0.01639	0.02131	0.03770	0.08032	0.04098	0.01967	0.00984	0.00328	0.00656	0.65741	0.00656	0.00656
31	0.01029	0.00688	0.00779	0.00785	0.00787	0.00686	0.00441	0.01034	0.01049	0.01398	0.02311	0.07441	0.02673	0.72079	0.03516	0.00674	0.00679	0.01075	0.00441	0.00437
32	0.00875	0.00626	0.00833	0.00986	0.01035	0.00584	0.00662	0.01011	0.01400	0.01876	0.07657	0.70611	0.04823	0.02187	0.00905	0.00286	0.00409	0.01983	0.00668	0.00584
33	0.05857	0.03553	0.67327	0.01968	0.02986	0.01651	0.02526	0.02246	0.01487	0.02308	0.01262	0.01484	0.00895	0.00676	0.00663	0.00225	0.01024	0.00518	0.00309	0.01037
34	0.03028	0.01480	0.01818	0.01394	0.01951	0.01444	0.01152	0.25597	0.02486	0.48267	0.02433	0.02179	0.01574	0.00872	0.00715	0.00218	0.00667	0.00690	0.00824	0.01212
35	0.03090	0.01380	0.01756	0.01347	0.01901	0.01296	0.01112	0.17334	0.02319	0.56767	0.02574	0.02271	0.01644	0.00876	0.00715	0.00219	0.00644	0.00700	0.00845	0.01212
36	0.15418	0.01371	0.01596	0.01271	0.01775	0.01371	0.01040	0.14210	0.07349	0.39661	0.05927	0.02268	0.01803	0.00878	0.00678	0.00221	0.00610	0.00687	0.00763	0.01104
37	0.01345	0.01266	0.02136	0.73264	0.04904	0.01582	0.01978	0.01819	0.01424	0.01819	0.01266	0.01898	0.00949	0.00712	0.00712	0.00237	0.00949	0.00633	0.00316	0.00791
38	0.01046	0.00805	0.01200	0.01183	0.01303	0.00959	0.00926	0.01295	0.01142	0.01656	0.01855	0.02731	0.01735	0.05122	0.68426	0.01100	0.05739	0.00755	0.00378	0.00643
39	0.01418	0.00887	0.01122	0.01073	0.01312	0.00841	0.00853	0.05915	0.01865	0.11892	0.23323	0.11439	0.13666	0.04503	0.00966	0.00274	0.00503	0.16678	0.00720	0.00750
40	0.01345	0.01266	0.02136	0.73264	0.04904	0.01582	0.01978	0.01819	0.01424	0.01819	0.01266	0.01898	0.00949	0.00712	0.00712	0.00237	0.00949	0.00633	0.00316	0.00791
41	0.03195	0.01212	0.01652	0.01267	0.01818	0.01047	0.01047	0.03470	0.02038	0.71026	0.02809	0.02424	0.01763	0.00881	0.00716	0.00220	0.00606	0.00716	0.00881	0.01212
42	0.01813	0.01809	0.02958	0.07242	0.52164	0.05720	0.11052	0.04398	0.01700	0.02334	0.01348	0.01762	0.01104	0.00646	0.00720	0.00215	0.00922	0.00653	0.00365	0.01075
43	0.01547	0.01561	0.02034	0.01778	0.01802	0.05802	0.01457	0.01701	0.01169	0.01726	0.01249	0.08987	0.01319	0.01319	0.02099	0.00302	0.62280	0.00757	0.00350	0.00761
44	0.01008	0.00728	0.00952	0.00896	0.01064	0.00672	0.00672	0.01344	0.02016	0.02855	0.70158	0.05319	0.06719	0.01456	0.00840	0.00224	0.00336	0.01288	0.00784	0.00672
45	0.01571	0.01634	0.02758	0.02186	0.02415	0.02004	0.22054	0.01869	0.01275	0.01886	0.01136	0.01727	0.01018	0.01234	0.05063	0.00328	0.47986	0.00697	0.00330	0.00828
46	0.01687	0.03937	0.02583	0.01972	0.02311	0.01840	0.20931	0.10866	0.05450	0.02287	0.01494	0.02128	0.01305	0.08848	0.05699	0.00356	0.24273	0.00743	0.00420	0.00870
47	0.12380	0.01620	0.01714	0.17740	0.02471	0.09402	0.01285	0.14396	0.08952	0.06312	0.02305	0.02432	0.10196	0.00941	0.00774	0.00229	0.04702	0.00718	0.00529	0.00902
48	0.00868	0.00620	0.00826	0.00991	0.01033	0.00578	0.00661	0.00991	0.01363	0.01818	0.03925	0.74510	0.04710	0.02231	0.00909	0.00289	0.00413	0.02024	0.00661	0.00578
49	0.01567	0.04885	0.01451	0.01264	0.01522	0.12098	0.00979	0.02176	0.17180	0.04338	0.06828	0.08306	0.11873	0.09700	0.01182	0.00294	0.04717	0.08266	0.00581	0.00790
50	0.01698	0.08155	0.05953	0.08202	0.11545	0.07926	0.06315	0.10150	0.08647	0.02425	0.05710	0.15956	0.02167	0.01060	0.00736	0.00228	0.00777	0.00927	0.00508	0.00915

[dist]
# distance from previous block
# <min> <max>
1	13

[block]
# block no. 3 follows, 29 sequences, length 34
# corresponding to MSA columns:
# 201-234
name=unknown_D
#
# <colnr> <probs for GDERKNQSTAVLIFYWHMCP>
#	G	D	E	R	K	N	Q	S	T	A	V	L	I	F	Y	W	H	M	C	P
0	0.05745	0.08504	0.05130	0.04889	0.14167	0.12717	0.10264	0.02093	0.01472	0.01990	0.01198	0.01639	0.01034	0.01140	0.06163	0.00299	0.19727	0.00601	0.00344	0.00883
1	0.01814	0.01914	0.06070	0.12924	0.15266	0.15677	0.01537	0.10728	0.03483	0.02400	0.05313	0.05175	0.05601	0.00935	0.00720	0.00217	0.00852	0.04028	0.00472	0.04872
2	0.02086	0.01987	0.02249	0.06131	0.27399	0.15796	0.01614	0.20124	0.02184	0.02783	0.05768	0.02129	0.04942	0.00826	0.00710	0.00210	0.00867	0.00684	0.00493	0.01020
3	0.00999	0.05126	0.00997	0.00862	0.01015	0.00768	0.00616	0.01177	0.01549	0.02036	0.23093	0.17889	0.21345	0.17702	0.01439	0.00338	0.00459	0.01368	0.00625	0.00599
4	0.01000	0.00816	0.00967	0.01086	0.01142	0.04308	0.00750	0.01128	0.01380	0.01808	0.03604	0.66464	0.04293	0.02096	0.00980	0.00285	0.04802	0.01862	0.00625	0.00603
5	0.02455	0.01722	0.03993	0.01637	0.05484	0.01761	0.01291	0.43312	0.02755	0.14684	0.05248	0.08509	0.01856	0.00994	0.00735	0.00222	0.00712	0.00803	0.00708	0.01120
6	0.02403	0.02860	0.02149	0.02254	0.15212	0.50831	0.01490	0.05080	0.01952	0.01999	0.01181	0.01405	0.00979	0.00704	0.00648	0.00184	0.01126	0.00496	0.00381	0.06663
7	0.01036	0.00690	0.00777	0.00777	0.00777	0.00690	0.00431	0.01036	0.01036	0.01381	0.02244	0.04660	0.02589	0.74975	0.03624	0.00690	0.00690	0.01036	0.00431	0.00431
8	0.01574	0.01263	0.01487	0.01067	0.01695	0.00955	0.00855	0.01888	0.01509	0.06234	0.01354	0.01531	0.01095	0.00548	0.00538	0.00112	0.00532	0.00439	0.00448	0.74879
9	0.00883	0.00631	0.00845	0.01010	0.01058	0.00592	0.00689	0.01019	0.01379	0.01836	0.03916	0.70724	0.04675	0.02216	0.00913	0.00291	0.00427	0.05653	0.00661	0.00583
10	0.00868	0.00620	0.00826	0.00991	0.01033	0.00578	0.00661	0.00991	0.01363	0.01818	0.03925	0.74510	0.04710	0.02231	0.00909	0.00289	0.00413	0.02024	0.00661	0.00578
11	0.01673	0.02169	0.12624	0.06011	0.03480	0.05371	0.48063	0.02243	0.01619	0.02187	0.01357	0.01806	0.01032	0.00670	0.00913	0.00240	0.06496	0.00754	0.00347	0.00944
12	0.01558	0.01558	0.02181	0.01869	0.01869	0.02181	0.01558	0.01714	0.01091	0.01714	0.00935	0.01558	0.00935	0.01246	0.02337	0.00312	0.73672	0.00623	0.00312	0.00779
13	0.01676	0.01907	0.04123	0.02957	0.03650	0.01815	0.65374	0.02259	0.01658	0.02259	0.01421	0.01907	0.01075	0.00625	0.00898	0.00243	0.04009	0.00832	0.00358	0.00953
14	0.01229	0.00621	0.00908	0.00914	0.00926	0.00620	0.00613	0.00973	0.00977	0.01342	0.01399	0.04822	0.01398	0.02367	0.02579	0.71721	0.00594	0.00672	0.04984	0.00340
15	0.01681	0.01921	0.04202	0.03001	0.03721	0.01801	0.67947	0.02281	0.01681	0.02281	0.01441	0.01921	0.01080	0.00600	0.00840	0.00240	0.01200	0.00840	0.00360	0.00960
16	0.00852	0.00722	0.00735	0.00732	0.00968	0.00605	0.00549	0.01041	0.01647	0.01979	0.10982	0.06761	0.66441	0.01783	0.00841	0.00239	0.00359	0.01490	0.00669	0.00605
17	0.01008	0.00728	0.00952	0.00896	0.01064	0.00672	0.00672	0.01344	0.02016	0.02855	0.70158	0.05319	0.06719	0.01456	0.00840	0.00224	0.00336	0.01288	0.00784	0.00672
18	0.01500	0.14438	0.61156	0.01908	0.02894	0.01828	0.02419	0.02237	0.01495	0.02168	0.01235	0.01449	0.00904	0.00666	0.00644	0.00215	0.01009	0.00504	0.00301	0.01032
19	0.06068	0.01933	0.02050	0.01593	0.02145	0.02149	0.01311	0.60500	0.08093	0.04319	0.01765	0.01755	0.01262	0.00854	0.00701	0.00216	0.00757	0.00642	0.00701	0.01185
20	0.01036	0.00690	0.00777	0.00777	0.00777	0.00690	0.00431	0.01036	0.01036	0.01381	0.02244	0.04660	0.02589	0.74975	0.03624	0.00690	0.00690	0.01036	0.00431	0.00431
21	0.01715	0.01643	0.02804	0.12245	0.63032	0.01679	0.02162	0.02143	0.01599	0.02268	0.01331	0.01778	0.01107	0.00643	0.00706	0.00214	0.00858	0.00634	0.00348	0.01089
22	0.02564	0.01230	0.01542	0.01230	0.01668	0.01171	0.00979	0.13393	0.04149	0.42040	0.09542	0.02908	0.02308	0.10630	0.01109	0.00282	0.00616	0.00808	0.00780	0.01051
23	0.01681	0.01921	0.04202	0.03001	0.03721	0.01801	0.67947	0.02281	0.01681	0.02281	0.01441	0.01921	0.01080	0.00600	0.00840	0.00240	0.01200	0.00840	0.00360	0.00960
24	0.00842	0.00721	0.00721	0.00721	0.00962	0.00601	0.00541	0.01022	0.01623	0.01924	0.07213	0.06853	0.70244	0.01803	0.00842	0.00240	0.00361	0.01503	0.00661	0.00601
25	0.02707	0.01995	0.02137	0.01638	0.02208	0.02208	0.01353	0.68159	0.03348	0.04488	0.01710	0.01710	0.01211	0.00855	0.00712	0.00214	0.00784	0.00641	0.00712	0.01211
26	0.01649	0.01865	0.04050	0.02903	0.03597	0.01748	0.64807	0.02237	0.01696	0.02308	0.04648	0.02079	0.01344	0.00640	0.00840	0.00239	0.01160	0.00861	0.00380	0.00947
27	0.01377	0.01299	0.02194	0.67948	0.09969	0.01591	0.01994	0.01848	0.01439	0.01858	0.01271	0.01888	0.00963	0.00706	0.00711	0.00235	0.00941	0.00633	0.00319	0.00817
28	0.15545	0.01854	0.01932	0.01504	0.02051	0.02050	0.01242	0.54013	0.02929	0.07559	0.01645	0.01653	0.01165	0.00824	0.00667	0.00215	0.00736	0.00602	0.00676	0.01138
29	0.01380	0.01313	0.02143	0.61580	0.04408	0.01680	0.01909	0.01802	0.01369	0.01802	0.01211	0.01843	0.00947	0.00799	0.00978	0.00249	0.12850	0.00631	0.00316	0.00789
30	0.01559	0.23368	0.52744	0.01807	0.02738	0.01973	0.02243	0.02221	0.01488	0.02096	0.01199	0.01404	0.00905	0.00658	0.00616	0.00205	0.00973	0.00486	0.00302	0.01014
31	0.01310	0.01218	0.02040	0.67956	0.04620	0.01508	0.01881	0.01759	0.01419	0.01819	0.01461	0.07231	0.01225	0.00823	0.00726	0.00241	0.00910	0.00735	0.00342	0.00775
32	0.00868	0.00620	0.00826	0.00991	0.01033	0.00578	0.00661	0.00991	0.01363	0.01818	0.03925	0.74510	0.04710	0.02231	0.00909	0.00289	0.00413	0.02024	0.00661	0.00578
33	0.01026	0.00733	0.00927	0.01028	0.01108	0.00716	0.00704	0.05942	0.01486	0.01982	0.03600	0.60698	0.04236	0.08942	0.01151	0.00322	0.00473	0.03667	0.00643	0.00613

[dist]
# distance from previous block
# <min> <max>
1	10

[block]
# block no. 4 follows, 29 sequences, length 47
# corresponding to MSA columns:
# 245-291
name=unknown_E
#
# <colnr> <probs for GDERKNQSTAVLIFYWHMCP>
#	G	D	E	R	K	N	Q	S	T	A	V	L	I	F	Y	W	H	M	C	P
0	0.03899	0.01226	0.01619	0.18246	0.05408	0.03439	0.03445	0.08114	0.01655	0.02292	0.05802	0.13008	0.06265	0.01143	0.00851	0.05501	0.00675	0.00889	0.03337	0.13187
1	0.61137	0.01559	0.01437	0.01371	0.06181	0.06084	0.03596	0.02126	0.01299	0.02902	0.01035	0.01264	0.00828	0.00704	0.00625	0.00225	0.05960	0.00442	0.00418	0.00806
2	0.00874	0.00625	0.00832	0.00987	0.01034	0.00583	0.00661	0.01007	0.01393	0.01864	0.06903	0.71399	0.04800	0.02196	0.00906	0.00286	0.00410	0.01991	0.00667	0.00583
3	0.38722	0.03344	0.05251	0.03829	0.03967	0.01475	0.02759	0.05465	0.01476	0.05208	0.01214	0.01399	0.00941	0.00642	0.00529	0.00188	0.00631	0.00456	0.00445	0.22060
4	0.00887	0.00709	0.00793	0.00802	0.00997	0.00616	0.00590	0.01098	0.01685	0.02141	0.22448	0.15779	0.45396	0.01776	0.00850	0.00243	0.00362	0.01521	0.00692	0.00616
5	0.34694	0.06679	0.01866	0.01610	0.09219	0.04302	0.03262	0.15201	0.01852	0.13002	0.01451	0.01541	0.01064	0.00725	0.00583	0.00213	0.00698	0.00527	0.00533	0.00977
6	0.05297	0.01283	0.01657	0.01282	0.01815	0.01176	0.01056	0.10576	0.02159	0.58521	0.05661	0.02437	0.01895	0.00898	0.00713	0.00220	0.00612	0.00724	0.00845	0.01175
7	0.01020	0.00753	0.01093	0.01093	0.01202	0.00862	0.00826	0.01239	0.01129	0.01615	0.01954	0.03057	0.01893	0.15061	0.62587	0.01081	0.01737	0.00801	0.00388	0.00607
8	0.02823	0.01161	0.01556	0.01220	0.01709	0.01026	0.00996	0.05386	0.02080	0.57639	0.13700	0.02869	0.02548	0.00974	0.00736	0.00221	0.00568	0.00806	0.00860	0.01124
9	0.01904	0.75404	0.03731	0.01218	0.01828	0.02818	0.01218	0.02132	0.01447	0.01675	0.00990	0.01142	0.00914	0.00609	0.00457	0.00152	0.00761	0.00381	0.00305	0.00914
10	0.03195	0.01212	0.01652	0.01267	0.01818	0.01047	0.01047	0.03470	0.02038	0.71026	0.02809	0.02424	0.01763	0.00881	0.00716	0.00220	0.00606	0.00716	0.00881	0.01212
11	0.00868	0.00620	0.00826	0.00991	0.01033	0.00578	0.00661	0.00991	0.01363	0.01818	0.03925	0.74510	0.04710	0.02231	0.00909	0.00289	0.00413	0.02024	0.00661	0.00578
12	0.02999	0.01256	0.01647	0.01292	0.01822	0.01146	0.01058	0.03513	0.11285	0.61664	0.02821	0.02456	0.01819	0.00893	0.00717	0.00223	0.00600	0.00728	0.00860	0.01200
13	0.10567	0.01228	0.01594	0.01235	0.01775	0.01099	0.01020	0.03338	0.01959	0.64516	0.02635	0.02302	0.01667	0.00860	0.00690	0.00220	0.00601	0.00684	0.00839	0.01170
14	0.00987	0.00720	0.00928	0.00892	0.01055	0.00661	0.00663	0.01298	0.01944	0.02721	0.61387	0.10447	0.10563	0.01534	0.00845	0.00230	0.00343	0.01355	0.00767	0.00661
15	0.03154	0.01277	0.01693	0.01298	0.01850	0.01143	0.01072	0.08843	0.02147	0.65500	0.02718	0.02364	0.01717	0.00879	0.00716	0.00220	0.00621	0.00710	0.00867	0.01212
16	0.00971	0.00715	0.00908	0.00884	0.01047	0.00652	0.00654	0.01263	0.01892	0.02618	0.54580	0.13264	0.14732	0.01588	0.00848	0.00233	0.00348	0.01398	0.00754	0.00652
17	0.00923	0.00764	0.00813	0.00794	0.01028	0.00675	0.00597	0.01228	0.05179	0.02165	0.19606	0.06330	0.54013	0.01691	0.00835	0.00237	0.00366	0.01424	0.00689	0.00642
18	0.01904	0.75404	0.03731	0.01218	0.01828	0.02818	0.01218	0.02132	0.01447	0.01675	0.00990	0.01142	0.00914	0.00609	0.00457	0.00152	0.00761	0.00381	0.00305	0.00914
19	0.01566	0.24454	0.51722	0.01795	0.02719	0.01991	0.02222	0.02219	0.01487	0.02087	0.01194	0.01399	0.00905	0.00657	0.00613	0.00204	0.00968	0.00484	0.00302	0.01012
20	0.00879	0.00625	0.00823	0.00977	0.01015	0.00586	0.00645	0.00995	0.01341	0.01788	0.03809	0.69716	0.04564	0.07224	0.01095	0.00317	0.00432	0.01956	0.00645	0.00568
21	0.01907	0.42734	0.15579	0.04398	0.02365	0.08684	0.06106	0.07018	0.01662	0.02037	0.01146	0.01344	0.00946	0.00654	0.00568	0.00182	0.00900	0.00474	0.00343	0.00951
22	0.01477	0.01266	0.01477	0.01055	0.01687	0.00949	0.00844	0.01793	0.01477	0.02320	0.01266	0.01477	0.01055	0.00527	0.00527	0.00105	0.00527	0.00422	0.00422	0.79328
23	0.01695	0.02413	0.27648	0.10194	0.27959	0.05962	0.02147	0.02245	0.01622	0.05920	0.04467	0.01847	0.01299	0.00714	0.00698	0.00219	0.00924	0.00617	0.00378	0.01030
24	0.04277	0.01725	0.03446	0.06377	0.07901	0.01736	0.45814	0.02094	0.01560	0.02197	0.01519	0.06696	0.01293	0.00792	0.00983	0.00249	0.09201	0.00855	0.00375	0.00911
25	0.01154	0.00760	0.00999	0.00921	0.01114	0.00697	0.00697	0.01486	0.02017	0.07414	0.65654	0.05125	0.06387	0.01417	0.00832	0.00224	0.00354	0.01250	0.00790	0.00708
26	0.00879	0.00624	0.00823	0.00977	0.01016	0.00586	0.00646	0.00994	0.01341	0.01789	0.03812	0.69839	0.04568	0.07095	0.01090	0.00316	0.00432	0.01958	0.00646	0.00569
27	0.29367	0.08934	0.06935	0.01461	0.05513	0.01805	0.01209	0.13267	0.13334	0.09309	0.01640	0.01676	0.01216	0.00759	0.00592	0.00216	0.00669	0.00552	0.00545	0.00998
28	0.00868	0.00620	0.00826	0.00991	0.01033	0.00578	0.00661	0.00991	0.01363	0.01818	0.03925	0.74510	0.04710	0.02231	0.00909	0.00289	0.00413	0.02024	0.00661	0.00578
29	0.01027	0.00687	0.00779	0.00788	0.00790	0.00684	0.00444	0.01033	0.01053	0.01404	0.02334	0.08406	0.02703	0.71074	0.03479	0.00669	0.00675	0.01089	0.00444	0.00439
30	0.00876	0.00626	0.00834	0.00985	0.01035	0.00584	0.00662	0.01014	0.01404	0.01883	0.08085	0.70164	0.04836	0.02182	0.00905	0.00285	0.00408	0.01978	0.00669	0.00584
31	0.01692	0.41892	0.30126	0.01584	0.02323	0.02315	0.01797	0.02150	0.01443	0.01906	0.01099	0.01314	0.00911	0.00682	0.00680	0.00193	0.06178	0.00455	0.00304	0.00958
32	0.02414	0.01796	0.01933	0.01555	0.02067	0.02000	0.01261	0.42962	0.25669	0.07397	0.02170	0.02068	0.01566	0.00894	0.00717	0.00223	0.00700	0.00701	0.00725	0.01183
33	0.01345	0.01266	0.02136	0.73264	0.04904	0.01582	0.01978	0.01819	0.01424	0.01819	0.01266	0.01898	0.00949	0.00712	0.00712	0.00237	0.00949	0.00633	0.00316	0.00791
34	0.01733	0.01662	0.02837	0.09231	0.65903	0.01684	0.02171	0.02160	0.01607	0.02291	0.01334	0.01772	0.01115	0.00640	0.00705	0.00213	0.00853	0.00634	0.00350	0.01104
35	0.02473	0.01857	0.01933	0.01555	0.02057	0.05560	0.01257	0.44363	0.16184	0.08769	0.02092	0.05123	0.01581	0.00933	0.00720	0.00221	0.00736	0.00730	0.00707	0.01147
36	0.01231	0.00634	0.00860	0.00860	0.00910	0.00627	0.00589	0.01085	0.01088	0.01573	0.01837	0.02560	0.05693	0.02092	0.02188	0.57959	0.00543	0.00683	0.16587	0.00401
37	0.00894	0.00721	0.00799	0.00811	0.01018	0.00626	0.00612	0.01109	0.01679	0.02104	0.18567	0.11559	0.49405	0.01780	0.00855	0.00246	0.00378	0.05536	0.00684	0.00616
38	0.01795	0.01313	0.01487	0.01318	0.01626	0.01400	0.01010	0.34862	0.02364	0.03164	0.02808	0.37799	0.02945	0.01537	0.00810	0.00251	0.00600	0.01327	0.00687	0.00897
39	0.01662	0.01865	0.03892	0.02828	0.03437	0.01859	0.57762	0.02194	0.01590	0.02194	0.01363	0.01865	0.01058	0.00699	0.01070	0.00251	0.12319	0.00807	0.00353	0.00933
40	0.01577	0.01460	0.02258	0.03183	0.45825	0.01473	0.01690	0.02184	0.11221	0.02398	0.07277	0.02878	0.11680	0.00909	0.00737	0.00221	0.00700	0.00831	0.00480	0.01019
41	0.00868	0.00620	0.00826	0.00991	0.01033	0.00578	0.00661	0.00991	0.01363	0.01818	0.03925	0.74510	0.04710	0.02231	0.00909	0.00289	0.00413	0.02024	0.00661	0.00578
42	0.23407	0.02157	0.01693	0.01454	0.01895	0.25218	0.01147	0.15828	0.07474	0.09175	0.01515	0.01587	0.01137	0.00880	0.02312	0.00230	0.00881	0.00534	0.00533	0.00944
43	0.08781	0.01680	0.01689	0.01382	0.01875	0.13361	0.01109	0.06769	0.10930	0.41446	0.02331	0.02125	0.01567	0.00849	0.00683	0.00216	0.00721	0.00655	0.00730	0.01101
44	0.01887	0.01019	0.01095	0.00951	0.01231	0.03189	0.00730	0.09451	0.01780	0.17223	0.02310	0.02692	0.01804	0.09539	0.00940	0.00245	0.00513	0.00709	0.41873	0.00819
45	0.21255	0.06386	0.01661	0.01376	0.05340	0.04104	0.01045	0.11892	0.08815	0.17537	0.01957	0.05200	0.01525	0.03166	0.00714	0.00230	0.00638	0.00663	0.05527	0.00970
46	0.21047	0.11880	0.01869	0.05781	0.01914	0.07067	0.01108	0.14878	0.01917	0.09566	0.09923	0.01981	0.01748	0.00832	0.00662	0.00207	0.02812	0.00608	0.00542	0.03658

[dist]
# distance from previous block
# <min> <max>
1	9

[block]
# block no. 5 follows, 29 sequences, length 91
# corresponding to MSA columns:
# 301-391
name=unknown_F
#
# <colnr> <probs for GDERKNQSTAVLIFYWHMCP>
#	G	D	E	R	K	N	Q	S	T	A	V	L	I	F	Y	W	H	M	C	P
0	0.01637	0.30366	0.12237	0.01248	0.01741	0.04442	0.01211	0.01958	0.01623	0.07497	0.15289	0.08591	0.05178	0.03193	0.00738	0.00214	0.00681	0.00810	0.00494	0.00852
1	0.01196	0.00769	0.01012	0.00928	0.01129	0.00704	0.00704	0.01526	0.02018	0.08713	0.64371	0.05070	0.06293	0.01406	0.00829	0.00224	0.00359	0.01239	0.00792	0.00718
2	0.01107	0.00760	0.00922	0.00862	0.01082	0.00674	0.00653	0.01384	0.01881	0.07416	0.43431	0.05645	0.28466	0.01536	0.00832	0.00229	0.00364	0.01322	0.00748	0.00686
3	0.02138	0.01678	0.03837	0.01462	0.01943	0.01722	0.01206	0.42906	0.05660	0.03602	0.02146	0.13989	0.01913	0.01089	0.00735	0.00221	0.00689	0.03247	0.00660	0.09157
4	0.01117	0.00755	0.00994	0.00932	0.01118	0.00696	0.00711	0.01450	0.02000	0.06034	0.64012	0.05304	0.06368	0.01452	0.00840	0.00228	0.00363	0.04147	0.00783	0.00697
5	0.00996	0.00685	0.00838	0.00874	0.00900	0.00693	0.00544	0.01058	0.01122	0.01514	0.02567	0.19758	0.02945	0.49518	0.12346	0.00664	0.00795	0.01216	0.00475	0.00492
6	0.01327	0.00664	0.00664	0.00664	0.00830	0.00664	0.00498	0.01659	0.01493	0.02655	0.02323	0.02655	0.01825	0.00830	0.00498	0.00166	0.00332	0.00664	0.78928	0.00664
7	0.01582	0.25915	0.37783	0.03939	0.02721	0.01998	0.08784	0.02160	0.01485	0.02034	0.01233	0.01504	0.00966	0.00866	0.03959	0.00247	0.01013	0.00527	0.00312	0.00972
8	0.01475	0.00829	0.01093	0.00976	0.01224	0.00748	0.00749	0.01785	0.01984	0.17661	0.51090	0.07417	0.07379	0.01370	0.00816	0.00226	0.00399	0.01198	0.00797	0.00784
9	0.00931	0.00679	0.00883	0.01020	0.01090	0.00654	0.00700	0.01172	0.05059	0.01940	0.07148	0.65430	0.04656	0.02117	0.00898	0.00284	0.00424	0.03629	0.00670	0.00615
10	0.08518	0.01709	0.02334	0.17767	0.30671	0.05074	0.01769	0.16726	0.01957	0.04710	0.01407	0.01725	0.01087	0.00713	0.00683	0.00217	0.00843	0.00609	0.00447	0.01034
11	0.01002	0.00745	0.00840	0.00804	0.01034	0.00645	0.00607	0.01239	0.01773	0.05329	0.28046	0.06142	0.45954	0.01646	0.00835	0.00234	0.00363	0.01396	0.00712	0.00652
12	0.00842	0.00721	0.00721	0.00721	0.00962	0.00601	0.00541	0.01022	0.01623	0.01924	0.07213	0.06853	0.70244	0.01803	0.00842	0.00240	0.00361	0.01503	0.00661	0.00601
13	0.01671	0.01989	0.06806	0.02963	0.03697	0.01795	0.65411	0.02280	0.01674	0.02280	0.01434	0.01905	0.01074	0.00603	0.00834	0.00240	0.01195	0.00828	0.00358	0.00964
14	0.00983	0.00722	0.00921	0.00881	0.01051	0.00660	0.00657	0.01292	0.01942	0.02705	0.60167	0.08722	0.13583	0.01530	0.00843	0.00229	0.00342	0.01346	0.00765	0.00660
15	0.02105	0.01696	0.01798	0.01517	0.01979	0.01927	0.01208	0.26782	0.45704	0.03518	0.02474	0.02318	0.01830	0.00926	0.00720	0.00232	0.00642	0.00746	0.00720	0.01157
16	0.00981	0.00731	0.00915	0.00880	0.01062	0.00665	0.00667	0.01286	0.01921	0.02639	0.54757	0.05743	0.19144	0.01547	0.00847	0.00232	0.00355	0.04216	0.00754	0.00657
17	0.55600	0.01299	0.01192	0.01013	0.01470	0.01405	0.00833	0.02445	0.01448	0.21481	0.01544	0.01569	0.01088	0.00728	0.00518	0.00218	0.00555	0.00488	0.04220	0.00885
18	0.01670	0.01888	0.04018	0.02899	0.03554	0.01835	0.61928	0.02229	0.01627	0.02229	0.01395	0.01888	0.01067	0.00659	0.00976	0.00247	0.07771	0.00821	0.00356	0.00944
19	0.01002	0.00728	0.00944	0.00890	0.01060	0.00669	0.00667	0.01333	0.02002	0.02824	0.68010	0.05371	0.08886	0.01468	0.00840	0.00225	0.00337	0.01295	0.00780	0.00669
20	0.80005	0.01377	0.01047	0.00936	0.01377	0.01597	0.00771	0.02093	0.01212	0.03195	0.00991	0.01157	0.00771	0.00661	0.00441	0.00220	0.00551	0.00386	0.00441	0.00771
21	0.01441	0.03596	0.67961	0.02078	0.03114	0.01661	0.05868	0.02256	0.01512	0.02256	0.01286	0.01524	0.00911	0.00673	0.00685	0.00226	0.01060	0.00542	0.00304	0.01048
22	0.00993	0.00713	0.00922	0.01048	0.01127	0.00689	0.00729	0.05060	0.01498	0.01995	0.03783	0.66549	0.04466	0.02134	0.00901	0.00287	0.00448	0.05373	0.00664	0.00621
23	0.01036	0.00690	0.00777	0.00777	0.00777	0.00690	0.00431	0.01036	0.01036	0.01381	0.02244	0.04660	0.02589	0.74975	0.03624	0.00690	0.00690	0.01036	0.00431	0.00431
