[name]
unknown

[dist]
# distance from previous block
# <min> <max>
5	22

[block]
# block no. 0 follows, 27 sequences, length 11
# corresponding to MSA columns:
# 22-32
name=unknown_A
#
# <colnr> <probs for GDERKNQSTAVLIFYWHMCP>
#	G	D	E	R	K	N	Q	S	T	A	V	L	I	F	Y	W	H	M	C	P
0	0.24723	0.02032	0.02178	0.02768	0.31262	0.16323	0.01602	0.02493	0.05573	0.02603	0.01334	0.01602	0.01085	0.00712	0.00641	0.00219	0.00871	0.00557	0.00421	0.01000
1	0.01789	0.01714	0.02925	0.12108	0.62108	0.01751	0.02254	0.02236	0.01667	0.02366	0.01388	0.01853	0.01155	0.00670	0.00736	0.00223	0.00894	0.00661	0.00363	0.01137
2	0.08092	0.01794	0.02385	0.33359	0.26299	0.11472	0.01944	0.02201	0.01624	0.02183	0.01298	0.01777	0.01033	0.00714	0.00706	0.00229	0.00968	0.00614	0.00361	0.00948
3	0.01627	0.01550	0.02634	0.37142	0.38335	0.01709	0.02174	0.02094	0.01591	0.02170	0.01359	0.01906	0.01086	0.00700	0.00738	0.00233	0.00934	0.00661	0.00349	0.01007
4	0.01739	0.01859	0.03457	0.17893	0.15412	0.04655	0.35734	0.02360	0.04965	0.02297	0.01505	0.01979	0.01155	0.00681	0.00809	0.00242	0.01102	0.00774	0.00383	0.00997
5	0.05127	0.01575	0.02507	0.45871	0.04214	0.05063	0.11863	0.02021	0.01500	0.02019	0.01282	0.01871	0.00999	0.00794	0.00964	0.00254	0.10210	0.00671	0.00345	0.00851
6	0.01062	0.00788	0.01156	0.01156	0.01275	0.00908	0.00881	0.01302	0.01182	0.01696	0.02023	0.03107	0.01938	0.12262	0.64387	0.01147	0.01864	0.00823	0.00403	0.00642
7	0.01039	0.00829	0.01232	0.20311	0.02171	0.00887	0.01061	0.01268	0.01438	0.01896	0.03340	0.54053	0.03847	0.01896	0.00892	0.00287	0.00582	0.01717	0.00592	0.00663
8	0.01539	0.01319	0.01539	0.01100	0.01759	0.00990	0.00880	0.01869	0.01539	0.02419	0.01319	0.01539	0.01100	0.00550	0.00550	0.00110	0.00550	0.00440	0.00440	0.78449
9	0.01799	0.01960	0.02581	0.02117	0.02354	0.14112	0.15128	0.02073	0.01441	0.01910	0.01213	0.01777	0.01088	0.01474	0.08377	0.00369	0.38349	0.00681	0.00353	0.00846
10	0.02773	0.03538	0.02104	0.01913	0.02295	0.70930	0.01434	0.02964	0.02104	0.01817	0.01148	0.01339	0.00956	0.00765	0.00669	0.00191	0.01339	0.00478	0.00383	0.00861

[dist]
# distance from previous block
# <min> <max>
4	6

[block]
# block no. 1 follows, 27 sequences, length 34
# corresponding to MSA columns:
# 39-72
name=unknown_B
#
# <colnr> <probs for GDERKNQSTAVLIFYWHMCP>
#	G	D	E	R	K	N	Q	S	T	A	V	L	I	F	Y	W	H	M	C	P
0	0.01837	0.01764	0.03013	0.04557	0.69279	0.01764	0.02278	0.02278	0.01690	0.02425	0.01396	0.01837	0.01176	0.00661	0.00735	0.00220	0.00882	0.00661	0.00367	0.01176
1	0.79154	0.01436	0.01091	0.00976	0.01436	0.01665	0.00804	0.02182	0.01263	0.03331	0.01034	0.01206	0.00804	0.00689	0.00459	0.00230	0.00574	0.00402	0.00459	0.00804
2	0.14210	0.01592	0.01804	0.01403	0.01955	0.01631	0.01156	0.25115	0.02370	0.27262	0.01997	0.01928	0.01370	0.00848	0.00744	0.00218	0.03359	0.00630	0.00714	0.09693
3	0.01082	0.00789	0.01160	0.01160	0.01296	0.00913	0.00901	0.01352	0.01217	0.01792	0.02017	0.02907	0.01859	0.05260	0.66365	0.01126	0.01881	0.00789	0.05470	0.00665
4	0.01539	0.01319	0.01539	0.01100	0.01759	0.00990	0.00880	0.01869	0.01539	0.02419	0.01319	0.01539	0.01100	0.00550	0.00550	0.00110	0.00550	0.00440	0.00440	0.78449
5	0.00903	0.00652	0.00855	0.01018	0.01073	0.00604	0.00682	0.01035	0.01436	0.01901	0.04283	0.69725	0.08488	0.02301	0.00944	0.00299	0.00428	0.02080	0.00689	0.00604
6	0.01561	0.01497	0.02441	0.40223	0.21160	0.01807	0.02029	0.01974	0.01467	0.02012	0.01269	0.01870	0.01035	0.00835	0.01086	0.00256	0.15570	0.00658	0.00339	0.00913
7	0.01639	0.01316	0.01550	0.01112	0.01767	0.00995	0.00891	0.01967	0.01572	0.06181	0.01409	0.01595	0.01141	0.00570	0.00561	0.00117	0.00554	0.00457	0.00467	0.74138
8	0.79154	0.01436	0.01091	0.00976	0.01436	0.01665	0.00804	0.02182	0.01263	0.03331	0.01034	0.01206	0.00804	0.00689	0.00459	0.00230	0.00574	0.00402	0.00459	0.00804
9	0.01032	0.00758	0.00966	0.00914	0.01097	0.00692	0.00686	0.01364	0.02057	0.02871	0.62201	0.05720	0.13758	0.01557	0.00876	0.00235	0.00353	0.01367	0.00803	0.00692
10	0.01738	0.02100	0.07858	0.03075	0.03845	0.01869	0.63203	0.02377	0.01742	0.02377	0.01493	0.01979	0.01117	0.00630	0.00867	0.00250	0.01243	0.00859	0.00372	0.01006
11	0.79154	0.01436	0.01091	0.00976	0.01436	0.01665	0.00804	0.02182	0.01263	0.03331	0.01034	0.01206	0.00804	0.00689	0.00459	0.00230	0.00574	0.00402	0.00459	0.00804
12	0.01080	0.00720	0.00810	0.00810	0.00810	0.00720	0.00450	0.01080	0.01080	0.01439	0.02339	0.04858	0.02699	0.73910	0.03779	0.00720	0.00720	0.01080	0.00450	0.00450
13	0.01078	0.00727	0.00848	0.00848	0.00861	0.00741	0.00498	0.01104	0.01091	0.01468	0.02304	0.04663	0.02614	0.67052	0.10521	0.00767	0.00847	0.01051	0.00445	0.00471
14	0.00877	0.00752	0.00752	0.00752	0.01003	0.00627	0.00564	0.01065	0.01692	0.02005	0.07520	0.07144	0.68978	0.01880	0.00877	0.00251	0.00376	0.01567	0.00689	0.00627
15	0.02006	0.01674	0.01768	0.01543	0.01991	0.01921	0.01214	0.14215	0.57408	0.03362	0.02819	0.02608	0.02102	0.00988	0.00753	0.00247	0.00625	0.00811	0.00753	0.01189
16	0.01384	0.00692	0.00692	0.00692	0.00865	0.00692	0.00519	0.01730	0.01557	0.02768	0.02422	0.02768	0.01903	0.00865	0.00519	0.00173	0.00346	0.00692	0.78031	0.00692
17	0.01985	0.74357	0.03890	0.01270	0.01905	0.02937	0.01270	0.02223	0.01508	0.01747	0.01032	0.01191	0.00953	0.00635	0.00476	0.00159	0.00794	0.00397	0.00318	0.00953
18	0.79154	0.01436	0.01091	0.00976	0.01436	0.01665	0.00804	0.02182	0.01263	0.03331	0.01034	0.01206	0.00804	0.00689	0.00459	0.00230	0.00574	0.00402	0.00459	0.00804
19	0.79154	0.01436	0.01091	0.00976	0.01436	0.01665	0.00804	0.02182	0.01263	0.03331	0.01034	0.01206	0.00804	0.00689	0.00459	0.00230	0.00574	0.00402	0.00459	0.00804
20	0.01422	0.01339	0.02262	0.69086	0.08000	0.01655	0.02071	0.01914	0.01494	0.01921	0.01323	0.01973	0.00998	0.00739	0.00742	0.00246	0.00985	0.00660	0.00332	0.00840
21	0.01489	0.03840	0.70064	0.02116	0.03213	0.01724	0.02743	0.02351	0.01567	0.02351	0.01332	0.01567	0.00940	0.00705	0.00705	0.00235	0.01097	0.00549	0.00313	0.01097
22	0.01418	0.01278	0.01973	0.41942	0.03588	0.01605	0.01669	0.03961	0.01418	0.01907	0.01454	0.02305	0.01267	0.08665	0.09573	0.00418	0.13697	0.00716	0.00363	0.00781
23	0.01752	0.02003	0.04380	0.03129	0.03880	0.01877	0.66583	0.02378	0.01752	0.02378	0.01502	0.02003	0.01126	0.00626	0.00876	0.00250	0.01252	0.00876	0.00375	0.01001
24	0.03331	0.01263	0.01723	0.01321	0.01895	0.01091	0.01091	0.03618	0.02125	0.69794	0.02929	0.02527	0.01838	0.00919	0.00747	0.00230	0.00632	0.00747	0.00919	0.01263
25	0.02835	0.01925	0.02116	0.01637	0.02217	0.02090	0.01348	0.53199	0.07496	0.14364	0.02036	0.01959	0.01415	0.00903	0.00744	0.00226	0.00774	0.00691	0.00770	0.01257
26	0.04127	0.01741	0.02924	0.12256	0.03052	0.04221	0.24958	0.02039	0.01464	0.02073	0.01465	0.01993	0.03559	0.00963	0.01456	0.00277	0.29439	0.00753	0.00364	0.00876
27	0.01489	0.03840	0.70064	0.02116	0.03213	0.01724	0.02743	0.02351	0.01567	0.02351	0.01332	0.01567	0.00940	0.00705	0.00705	0.00235	0.01097	0.00549	0.00313	0.01097
28	0.03331	0.01263	0.01723	0.01321	0.01895	0.01091	0.01091	0.03618	0.02125	0.69794	0.02929	0.02527	0.01838	0.00919	0.00747	0.00230	0.00632	0.00747	0.00919	0.01263
29	0.00915	0.00728	0.00821	0.00851	0.01039	0.00634	0.00618	0.01117	0.01700	0.02152	0.17592	0.22616	0.42754	0.01922	0.00894	0.00260	0.00384	0.01656	0.00712	0.00634
30	0.02577	0.10365	0.02338	0.01869	0.02282	0.58198	0.04176	0.02794	0.01990	0.01830	0.01188	0.01421	0.01002	0.00956	0.03726	0.00234	0.01309	0.00501	0.00376	0.00867
31	0.01031	0.00758	0.00966	0.00914	0.01097	0.00692	0.00685	0.01364	0.02056	0.02869	0.62072	0.05723	0.13887	0.01558	0.00876	0.00235	0.00353	0.01367	0.00803	0.00692
32	0.00882	0.00732	0.00772	0.00804	0.01017	0.00622	0.00587	0.01059	0.01642	0.01985	0.06882	0.19480	0.57055	0.01963	0.00890	0.00260	0.00386	0.01668	0.00689	0.00622
33	0.01937	0.67615	0.10217	0.01351	0.02030	0.02821	0.01411	0.02235	0.01514	0.01804	0.01061	0.01227	0.00952	0.00642	0.00498	0.00166	0.00823	0.00411	0.00317	0.00966

[dist]
# distance from previous block
# <min> <max>
0	53

[block]
# block no. 2 follows, 27 sequences, length 15
# corresponding to MSA columns:
# 126-140
name=unknown_C
#
# <colnr> <probs for GDERKNQSTAVLIFYWHMCP>
#	G	D	E	R	K	N	Q	S	T	A	V	L	I	F	Y	W	H	M	C	P
0	0.02686	0.05330	0.02242	0.01678	0.02247	0.05402	0.01383	0.54825	0.09688	0.04263	0.01842	0.01833	0.01334	0.00885	0.00729	0.00221	0.00817	0.00664	0.00709	0.01222
1	0.01247	0.00850	0.00946	0.00896	0.00953	0.00872	0.00542	0.07393	0.01311	0.01751	0.02286	0.04563	0.02561	0.66896	0.03487	0.00672	0.00729	0.01040	0.00478	0.00528
2	0.01069	0.00762	0.01025	0.01025	0.01099	0.00837	0.00718	0.01218	0.01143	0.01599	0.02142	0.03768	0.02226	0.35538	0.41503	0.00985	0.01432	0.00920	0.00421	0.00569
3	0.01567	0.14879	0.59705	0.01984	0.03008	0.01914	0.02512	0.02331	0.01558	0.02256	0.01285	0.01508	0.00942	0.00694	0.00669	0.00223	0.01050	0.00525	0.00314	0.01075
4	0.01489	0.03840	0.70064	0.02116	0.03213	0.01724	0.02743	0.02351	0.01567	0.02351	0.01332	0.01567	0.00940	0.00705	0.00705	0.00235	0.01097	0.00549	0.00313	0.01097
5	0.00904	0.00646	0.00861	0.01034	0.01077	0.00603	0.00689	0.01034	0.01421	0.01895	0.04092	0.73426	0.04910	0.02326	0.00948	0.00301	0.00431	0.02110	0.00689	0.00603
6	0.01141	0.00767	0.00989	0.00990	0.01166	0.00702	0.00739	0.01413	0.01857	0.06578	0.36730	0.22499	0.13669	0.01763	0.00896	0.00260	0.00414	0.05960	0.00766	0.00700
7	0.04255	0.10864	0.06754	0.01924	0.02254	0.04643	0.10421	0.06554	0.01503	0.02146	0.01225	0.01713	0.01078	0.01374	0.07303	0.00345	0.33736	0.00642	0.00372	0.00894
8	0.75076	0.01426	0.01125	0.00995	0.01460	0.01634	0.00819	0.02259	0.01310	0.06905	0.01136	0.01277	0.00860	0.00701	0.00475	0.00230	0.00577	0.00421	0.00484	0.00829
9	0.01741	0.02057	0.13021	0.08042	0.35257	0.05358	0.01996	0.02497	0.12668	0.02430	0.02036	0.02279	0.05714	0.00816	0.00740	0.00230	0.00866	0.00722	0.00443	0.01086
10	0.13843	0.31566	0.04967	0.01618	0.06606	0.12421	0.01320	0.02182	0.01533	0.02088	0.01374	0.08250	0.01328	0.00888	0.00747	0.00210	0.07160	0.00621	0.00389	0.00891
11	0.02119	0.01596	0.01743	0.01440	0.01891	0.01712	0.01143	0.34711	0.13858	0.03604	0.02381	0.14152	0.02077	0.01120	0.00748	0.00227	0.00658	0.00922	0.05382	0.08515
12	0.27901	0.05875	0.02049	0.05209	0.15800	0.06074	0.01385	0.15961	0.05462	0.05602	0.01460	0.01630	0.01118	0.00755	0.00628	0.00222	0.00769	0.00563	0.00514	0.01026
13	0.06820	0.01152	0.06706	0.01120	0.01428	0.00955	0.00950	0.05105	0.01971	0.07369	0.38901	0.12047	0.07360	0.01441	0.00830	0.00245	0.00493	0.03584	0.00730	0.00794
14	0.11346	0.02127	0.07844	0.03055	0.35621	0.14941	0.01824	0.02294	0.01663	0.02345	0.01434	0.04184	0.01246	0.01091	0.05642	0.00288	0.01012	0.00645	0.00390	0.01008

[dist]
# distance from previous block
# <min> <max>
1	7

[block]
# block no. 3 follows, 27 sequences, length 26
# corresponding to MSA columns:
# 148-173
name=unknown_D
#
# <colnr> <probs for GDERKNQSTAVLIFYWHMCP>
#	G	D	E	R	K	N	Q	S	T	A	V	L	I	F	Y	W	H	M	C	P
0	0.01170	0.00898	0.03707	0.01083	0.01252	0.00770	0.00807	0.04516	0.01615	0.05963	0.06646	0.50529	0.11546	0.04553	0.01005	0.00297	0.00489	0.01772	0.00687	0.00694
1	0.01671	0.01438	0.04442	0.01378	0.01894	0.01224	0.06796	0.12014	0.01840	0.04543	0.04117	0.10406	0.01946	0.08629	0.01019	0.00239	0.00676	0.00817	0.00533	0.34377
2	0.05048	0.16402	0.18241	0.02068	0.09570	0.22411	0.01778	0.09069	0.01896	0.02341	0.01249	0.01469	0.01002	0.00747	0.00718	0.00208	0.03867	0.00522	0.00390	0.01004
3	0.01989	0.02070	0.02804	0.07557	0.53525	0.14602	0.02110	0.02386	0.01756	0.02285	0.01346	0.01752	0.01125	0.00685	0.00723	0.00216	0.00972	0.00627	0.00368	0.01099
4	0.01631	0.01317	0.01549	0.01111	0.01766	0.00995	0.00891	0.01959	0.01569	0.05878	0.01402	0.01590	0.01137	0.00569	0.00560	0.00116	0.00554	0.00456	0.00464	0.74486
5	0.01312	0.00951	0.01116	0.01088	0.01325	0.00931	0.00828	0.07708	0.07351	0.05514	0.14592	0.23958	0.21522	0.01752	0.00880	0.00266	0.00484	0.06921	0.00729	0.00770
6	0.02776	0.03458	0.02111	0.01901	0.02295	0.67166	0.01433	0.06466	0.02180	0.01974	0.01182	0.01363	0.00973	0.00772	0.00673	0.00193	0.01310	0.00489	0.00402	0.00883
7	0.01820	0.01737	0.02912	0.07162	0.63175	0.01763	0.02212	0.02349	0.05105	0.02439	0.01477	0.01891	0.01225	0.00683	0.00736	0.00223	0.00871	0.00671	0.00386	0.01162
8	0.01796	0.01711	0.02907	0.04367	0.65710	0.01708	0.02196	0.02232	0.01712	0.02454	0.04930	0.02031	0.01481	0.00706	0.00742	0.00221	0.00854	0.00697	0.00391	0.01151
9	0.01018	0.00843	0.00903	0.00872	0.01124	0.00772	0.00659	0.01444	0.08791	0.02335	0.20491	0.06331	0.48340	0.01708	0.00864	0.00247	0.00393	0.01441	0.00724	0.00701
10	0.01711	0.01527	0.02122	0.02687	0.29912	0.01622	0.01557	0.02827	0.29351	0.02800	0.13277	0.02841	0.02598	0.00948	0.00767	0.00236	0.00671	0.00849	0.00604	0.01097
11	0.01080	0.00720	0.00810	0.00810	0.00810	0.00720	0.00450	0.01080	0.01080	0.01439	0.02339	0.04858	0.02699	0.73910	0.03779	0.00720	0.00720	0.01080	0.00450	0.00450
12	0.02570	0.01713	0.02043	0.01843	0.09165	0.01810	0.01351	0.34325	0.10160	0.17768	0.07592	0.02362	0.01955	0.00937	0.00755	0.00228	0.00721	0.00758	0.00747	0.01198
13	0.01331	0.13955	0.01735	0.01238	0.01488	0.01368	0.01018	0.05426	0.01387	0.01905	0.01806	0.02541	0.01660	0.04409	0.54205	0.00951	0.01706	0.00717	0.00404	0.00750
14	0.02822	0.02079	0.02228	0.01708	0.02302	0.02302	0.01411	0.66804	0.03490	0.04679	0.01782	0.01782	0.01262	0.00891	0.00743	0.00223	0.00817	0.00668	0.00743	0.01262
15	0.01904	0.51314	0.21331	0.01521	0.02276	0.02578	0.01669	0.06144	0.01643	0.02083	0.01157	0.01326	0.00968	0.00669	0.00553	0.00183	0.00876	0.00453	0.00342	0.01010
16	0.02469	0.32593	0.02930	0.01523	0.02135	0.02570	0.01352	0.39540	0.02654	0.03441	0.01466	0.01533	0.01132	0.00783	0.00630	0.00196	0.00807	0.00554	0.00563	0.01132
17	0.04784	0.14777	0.28050	0.01764	0.02550	0.02168	0.01869	0.29520	0.02359	0.03266	0.01462	0.01583	0.01074	0.00771	0.00674	0.00217	0.00910	0.00569	0.00500	0.01133
18	0.08627	0.29587	0.13214	0.01545	0.02221	0.02400	0.01513	0.27133	0.02261	0.03101	0.01368	0.01478	0.01058	0.00749	0.00613	0.00201	0.00831	0.00525	0.00493	0.01082
19	0.02290	0.31074	0.12951	0.01606	0.02280	0.05992	0.01554	0.28351	0.02348	0.03024	0.01385	0.01493	0.01076	0.00756	0.00628	0.00198	0.00876	0.00533	0.00492	0.01094
20	0.07759	0.43496	0.16626	0.01474	0.02159	0.05859	0.01533	0.07279	0.01703	0.02254	0.03123	0.01447	0.01139	0.00705	0.00563	0.00188	0.00854	0.00480	0.00378	0.00983
21	0.01983	0.47922	0.18948	0.01558	0.02264	0.12370	0.01634	0.02358	0.01607	0.01896	0.01118	0.01299	0.00950	0.00670	0.00557	0.00181	0.00942	0.00444	0.00326	0.00973
22	0.05358	0.51776	0.18513	0.01479	0.02197	0.05983	0.01588	0.02287	0.01540	0.01956	0.01105	0.01283	0.00943	0.00660	0.00536	0.00181	0.00879	0.00435	0.00326	0.00974
23	0.04773	0.45728	0.17474	0.01499	0.02179	0.10368	0.01561	0.02302	0.01604	0.01989	0.03759	0.01458	0.01181	0.00701	0.00562	0.00184	0.00895	0.00475	0.00349	0.00957
24	0.11377	0.33932	0.17576	0.01631	0.04267	0.11125	0.01596	0.06802	0.01710	0.02302	0.01175	0.01354	0.00961	0.00692	0.00575	0.00194	0.00907	0.00468	0.00373	0.00983
25	0.09395	0.24672	0.13197	0.01483	0.02028	0.16330	0.01411	0.02297	0.01702	0.04813	0.09203	0.02056	0.03989	0.00860	0.00699	0.00206	0.03701	0.00611	0.00438	0.00909

[dist]
# distance from previous block
# <min> <max>
35	136

[block]
# block no. 4 follows, 27 sequences, length 25
# corresponding to MSA columns:
# 310-334
name=unknown_E
#
# <colnr> <probs for GDERKNQSTAVLIFYWHMCP>
#	G	D	E	R	K	N	Q	S	T	A	V	L	I	F	Y	W	H	M	C	P
0	0.04247	0.26717	0.13223	0.01648	0.05457	0.09894	0.01482	0.04154	0.06712	0.04999	0.01848	0.09491	0.01708	0.00969	0.00668	0.00217	0.00836	0.04311	0.00461	0.00958
1	0.11470	0.10458	0.17102	0.01738	0.07532	0.03397	0.03395	0.08213	0.01775	0.07247	0.02370	0.09565	0.07685	0.01053	0.00715	0.00235	0.00780	0.03800	0.00511	0.00958
2	0.05004	0.21594	0.22131	0.02037	0.13008	0.06168	0.01770	0.02321	0.04555	0.04028	0.07111	0.02057	0.03627	0.00804	0.00659	0.00211	0.00857	0.00630	0.00421	0.01005
3	0.04733	0.15466	0.05028	0.02027	0.11214	0.13848	0.05605	0.12616	0.11732	0.02677	0.01781	0.01918	0.02991	0.00802	0.00672	0.00210	0.00874	0.00634	0.04140	0.01031
4	0.01704	0.04822	0.07660	0.01742	0.08976	0.12107	0.01319	0.02004	0.01667	0.05972	0.06680	0.11936	0.09095	0.01155	0.00934	0.00227	0.09008	0.00915	0.00505	0.11572
5	0.12896	0.02988	0.42456	0.02201	0.11911	0.05589	0.02191	0.02290	0.01605	0.02514	0.05608	0.01794	0.01342	0.00752	0.00682	0.00230	0.00957	0.00590	0.00378	0.01027
6	0.11220	0.02009	0.04698	0.01852	0.09869	0.18399	0.03193	0.03947	0.10966	0.02533	0.09942	0.02606	0.07402	0.00966	0.00783	0.00224	0.03805	0.00755	0.00523	0.04310
7	0.01764	0.01966	0.08111	0.02863	0.14384	0.01765	0.35383	0.06021	0.07738	0.02562	0.01909	0.02230	0.04547	0.00744	0.00807	0.00236	0.01019	0.00815	0.00443	0.04694
8	0.02076	0.14888	0.18122	0.02124	0.14684	0.01872	0.01738	0.09758	0.08048	0.12017	0.01767	0.01871	0.01315	0.00767	0.00674	0.00213	0.00817	0.00614	0.03767	0.02868
9	0.01922	0.13993	0.05387	0.01914	0.13019	0.16749	0.01366	0.04998	0.05249	0.05217	0.11507	0.02884	0.10802	0.00996	0.00716	0.00212	0.00810	0.00797	0.00523	0.00937
10	0.12632	0.05339	0.40358	0.01805	0.04230	0.05682	0.02006	0.02394	0.04851	0.05377	0.04200	0.02003	0.04426	0.00812	0.00680	0.00230	0.00916	0.00621	0.00423	0.01013
11	0.06019	0.04883	0.01556	0.01239	0.01633	0.05685	0.00982	0.02739	0.14188	0.24448	0.18103	0.05142	0.05545	0.03479	0.00854	0.00247	0.00597	0.00927	0.00749	0.00986
12	0.13031	0.22892	0.33816	0.01696	0.04266	0.01976	0.01879	0.02214	0.01541	0.02356	0.04710	0.01839	0.01345	0.00767	0.00625	0.00216	0.00878	0.02596	0.00375	0.00982
13	0.01489	0.03518	0.61406	0.02221	0.07756	0.01669	0.02594	0.02292	0.01606	0.02392	0.05176	0.01812	0.01302	0.00748	0.00717	0.00234	0.01039	0.00602	0.00346	0.01080
14	0.01479	0.01313	0.01808	0.01349	0.01935	0.01049	0.09225	0.01818	0.01550	0.02341	0.01726	0.11548	0.01630	0.00805	0.00646	0.00154	0.00623	0.00727	0.00466	0.57807
15	0.01557	0.01350	0.01720	0.01259	0.01884	0.01072	0.05523	0.04050	0.01613	0.02459	0.01525	0.06178	0.01351	0.00680	0.00605	0.00136	0.00601	0.00585	0.00461	0.65391
16	0.02438	0.01779	0.11162	0.08772	0.06471	0.04615	0.05194	0.05531	0.01993	0.33542	0.08813	0.02486	0.02001	0.00892	0.00756	0.00231	0.00793	0.00757	0.00672	0.01102
17	0.01728	0.01625	0.02734	0.04055	0.59844	0.01617	0.02060	0.02157	0.01747	0.02502	0.10737	0.02351	0.01983	0.00780	0.00754	0.00222	0.00808	0.00756	0.00430	0.01110
18	0.01801	0.01727	0.02948	0.10164	0.63955	0.01754	0.02260	0.02247	0.01673	0.02381	0.01390	0.01849	0.01160	0.00668	0.00736	0.00223	0.00891	0.00661	0.00364	0.01147
19	0.01808	0.01988	0.06971	0.02781	0.03484	0.01816	0.51619	0.02470	0.05059	0.05697	0.01609	0.02012	0.01202	0.00692	0.00917	0.00247	0.04510	0.00826	0.00418	0.03873
20	0.01350	0.00743	0.00825	0.05758	0.01191	0.00767	0.00648	0.01696	0.01541	0.02629	0.02538	0.02901	0.04635	0.01104	0.03629	0.00226	0.00464	0.00731	0.65927	0.00697
21	0.01247	0.00904	0.01091	0.03340	0.01359	0.00905	0.00817	0.07307	0.05215	0.02641	0.22410	0.22669	0.12250	0.01617	0.00839	0.00252	0.00465	0.04479	0.09450	0.00743
22	0.05948	0.07744	0.46431	0.02494	0.15095	0.01813	0.05687	0.02321	0.01578	0.02382	0.01317	0.01594	0.00986	0.00688	0.00691	0.00228	0.01017	0.00568	0.00335	0.01081
23	0.01870	0.05058	0.14742	0.05047	0.10266	0.01798	0.01635	0.03265	0.37358	0.07479	0.02349	0.02317	0.01748	0.00876	0.00731	0.00239	0.00747	0.00731	0.00601	0.01142
24	0.05983	0.23863	0.09676	0.01542	0.02121	0.13284	0.05508	0.07059	0.01845	0.11537	0.01579	0.01707	0.01204	0.00748	0.00617	0.00197	0.00863	0.00557	0.09124	0.00984

[dist]
# distance from previous block
# <min> <max>
0	11

[block]
# block no. 5 follows, 27 sequences, length 108
# corresponding to MSA columns:
# 346-367,389-474
name=unknown_F
#
# <colnr> <probs for GDERKNQSTAVLIFYWHMCP>
#	G	D	E	R	K	N	Q	S	T	A	V	L	I	F	Y	W	H	M	C	P
0	0.06907	0.01755	0.07654	0.01492	0.04689	0.11474	0.01196	0.05990	0.12053	0.05744	0.28795	0.03357	0.03640	0.01103	0.00765	0.00229	0.00675	0.00912	0.00656	0.00915
1	0.01902	0.06004	0.42561	0.02157	0.10555	0.01620	0.02207	0.02549	0.01683	0.15096	0.01628	0.01763	0.01147	0.00729	0.00698	0.00222	0.00940	0.00587	0.00442	0.05511
2	0.04854	0.03598	0.62137	0.02143	0.03187	0.01733	0.07477	0.02346	0.01568	0.02395	0.01332	0.01585	0.00949	0.00699	0.00708	0.00236	0.01086	0.00567	0.00324	0.01077
3	0.01737	0.01659	0.02883	0.06481	0.53169	0.01660	0.07674	0.02184	0.01691	0.02378	0.01708	0.02645	0.01539	0.00829	0.00782	0.00239	0.00894	0.08355	0.00405	0.01089
4	0.02837	0.02056	0.02214	0.01697	0.02291	0.02268	0.01402	0.65002	0.03451	0.06536	0.01815	0.01804	0.01279	0.00892	0.00743	0.00223	0.00812	0.00671	0.00748	0.01263
5	0.00910	0.00753	0.00798	0.00786	0.01023	0.00641	0.00590	0.01129	0.01770	0.02189	0.19138	0.06842	0.57246	0.01811	0.00877	0.00247	0.00371	0.01524	0.00714	0.00641
6	0.01985	0.74357	0.03890	0.01270	0.01905	0.02937	0.01270	0.02223	0.01508	0.01747	0.01032	0.01191	0.00953	0.00635	0.00476	0.00159	0.00794	0.00397	0.00318	0.00953
7	0.01746	0.01702	0.02998	0.17342	0.50523	0.01753	0.08609	0.02215	0.01657	0.02320	0.01392	0.01881	0.01135	0.00673	0.00750	0.00229	0.00939	0.00682	0.00361	0.01091
8	0.00904	0.00646	0.00861	0.01034	0.01077	0.00603	0.00689	0.01034	0.01421	0.01895	0.04092	0.73426	0.04910	0.02326	0.00948	0.00301	0.00431	0.02110	0.00689	0.00603
9	0.00877	0.00752	0.00752	0.00752	0.01003	0.00627	0.00564	0.01065	0.01692	0.02005	0.07520	0.07144	0.68978	0.01880	0.00877	0.00251	0.00376	0.01567	0.00689	0.00627
10	0.01576	0.16185	0.58480	0.01968	0.02984	0.01936	0.02485	0.02329	0.01557	0.02245	0.01280	0.01501	0.00943	0.00693	0.00665	0.00222	0.01044	0.00522	0.00314	0.01072
11	0.02940	0.16114	0.06623	0.01363	0.01983	0.01503	0.01235	0.03255	0.01965	0.51719	0.02443	0.02196	0.01601	0.00848	0.00690	0.00216	0.00695	0.00663	0.00759	0.01190
12	0.01489	0.03840	0.70064	0.02116	0.03213	0.01724	0.02743	0.02351	0.01567	0.02351	0.01332	0.01567	0.00940	0.00705	0.00705	0.00235	0.01097	0.00549	0.00313	0.01097
13	0.00909	0.00653	0.00855	0.01014	0.01065	0.00608	0.00676	0.01037	0.01422	0.01885	0.04182	0.68223	0.07626	0.04724	0.01040	0.00313	0.00438	0.02052	0.00681	0.00599
14	0.05141	0.01952	0.08922	0.03354	0.37077	0.03969	0.12230	0.02538	0.01757	0.13413	0.01635	0.01910	0.01233	0.00706	0.00743	0.00227	0.00922	0.00683	0.00458	0.01130
15	0.01489	0.03840	0.70064	0.02116	0.03213	0.01724	0.02743	0.02351	0.01567	0.02351	0.01332	0.01567	0.00940	0.00705	0.00705	0.00235	0.01097	0.00549	0.00313	0.01097
16	0.00903	0.00650	0.00857	0.01023	0.01074	0.00604	0.00684	0.01035	0.01432	0.01899	0.04227	0.70810	0.07438	0.02308	0.00945	0.00299	0.00429	0.02089	0.00689	0.00604
17	0.66437	0.01472	0.01376	0.04250	0.10029	0.01677	0.01038	0.02183	0.01325	0.03161	0.01090	0.01315	0.00858	0.00688	0.00505	0.00229	0.00629	0.00445	0.00443	0.00851
18	0.01985	0.74357	0.03890	0.01270	0.01905	0.02937	0.01270	0.02223	0.01508	0.01747	0.01032	0.01191	0.00953	0.00635	0.00476	0.00159	0.00794	0.00397	0.00318	0.00953
19	0.01806	0.01732	0.02957	0.09370	0.64708	0.01756	0.02263	0.02251	0.01676	0.02388	0.01391	0.01847	0.01163	0.00667	0.00735	0.00222	0.00890	0.00661	0.00365	0.01151
20	0.02748	0.02623	0.02148	0.01777	0.02278	0.29121	0.01407	0.38285	0.06585	0.03470	0.01604	0.01665	0.01199	0.00848	0.00715	0.00212	0.01008	0.00604	0.00602	0.01100
21	0.01837	0.01764	0.03013	0.04557	0.69279	0.01764	0.02278	0.02278	0.01690	0.02425	0.01396	0.01837	0.01176	0.00661	0.00735	0.00220	0.00882	0.00661	0.00367	0.01176
22	0.01421	0.01338	0.02260	0.69243	0.07851	0.01654	0.02071	0.01913	0.01493	0.01919	0.01323	0.01973	0.00998	0.00739	0.00742	0.00246	0.00985	0.00660	0.00331	0.00840
23	0.01385	0.01272	0.02120	0.66898	0.04808	0.01576	0.01954	0.01861	0.01485	0.01932	0.01456	0.04391	0.01157	0.00800	0.00740	0.00246	0.00945	0.00709	0.03453	0.00812
24	0.01080	0.00720	0.00810	0.00810	0.00810	0.00720	0.00450	0.01080	0.01080	0.01439	0.02339	0.04858	0.02699	0.73910	0.03779	0.00720	0.00720	0.01080	0.00450	0.00450
25	0.07400	0.01233	0.01293	0.01175	0.01477	0.04421	0.00926	0.13194	0.04431	0.05464	0.17070	0.04785	0.15434	0.07909	0.01085	0.00292	0.00602	0.10310	0.00683	0.00816
26	0.01983	0.02071	0.02212	0.02712	0.27546	0.21744	0.01607	0.04690	0.07266	0.02225	0.01612	0.02077	0.01384	0.04673	0.12575	0.00398	0.01166	0.00663	0.00426	0.00970
27	0.00903	0.00652	0.00855	0.01018	0.01073	0.00604	0.00682	0.01035	0.01437	0.01901	0.04286	0.69673	0.08537	0.02301	0.00944	0.00299	0.00428	0.02080	0.00689	0.00604
28	0.01948	0.69095	0.08828	0.01333	0.02003	0.02847	0.01380	0.02232	0.01513	0.01792	0.01054	0.01219	0.00952	0.00640	0.00493	0.00164	0.00817	0.00408	0.00317	0.00963
29	0.02410	0.01852	0.02002	0.01561	0.02135	0.01980	0.01271	0.43468	0.14986	0.03980	0.01926	0.01920	0.01417	0.00851	0.00710	0.00208	0.00726	0.00658	0.00690	0.15247
30	0.79154	0.01436	0.01091	0.00976	0.01436	0.01665	0.00804	0.02182	0.01263	0.03331	0.01034	0.01206	0.00804	0.00689	0.00459	0.00230	0.00574	0.00402	0.00459	0.00804
31	0.01384	0.00692	0.00692	0.00692	0.00865	0.00692	0.00519	0.01730	0.01557	0.02768	0.02422	0.02768	0.01903	0.00865	0.00519	0.00173	0.00346	0.00692	0.78031	0.00692
32	0.02773	0.03538	0.02104	0.01913	0.02295	0.70930	0.01434	0.02964	0.02104	0.01817	0.01148	0.01339	0.00956	0.00765	0.00669	0.00191	0.01339	0.00478	0.00383	0.00861
33	0.79154	0.01436	0.01091	0.00976	0.01436	0.01665	0.00804	0.02182	0.01263	0.03331	0.01034	0.01206	0.00804	0.00689	0.00459	0.00230	0.00574	0.00402	0.00459	0.00804
34	0.01028	0.00749	0.00966	0.00931	0.01100	0.00688	0.00691	0.01349	0.02019	0.02825	0.59612	0.11281	0.10767	0.01608	0.00882	0.00240	0.00359	0.01421	0.00798	0.00688
35	0.01310	0.00818	0.01067	0.00971	0.01196	0.00743	0.00740	0.01646	0.02086	0.10752	0.58498	0.05262	0.09100	0.01463	0.00861	0.00234	0.00384	0.01283	0.00824	0.00763
36	0.01067	0.00723	0.00814	0.00812	0.00833	0.00714	0.00467	0.01093	0.01158	0.01538	0.05494	0.05017	0.06636	0.66720	0.03489	0.00672	0.00684	0.01118	0.00479	0.00471
37	0.00986	0.00756	0.00902	0.00866	0.01069	0.00673	0.00649	0.01275	0.01948	0.02612	0.45833	0.06146	0.30287	0.01654	0.00876	0.00240	0.00360	0.01427	0.00769	0.00673
38	0.01737	0.01957	0.04128	0.02987	0.03648	0.01925	0.58787	0.02307	0.01678	0.02307	0.01439	0.01957	0.01108	0.00707	0.01063	0.00259	0.09809	0.00849	0.00369	0.00979
39	0.01196	0.00854	0.01196	0.01367	0.01538	0.00854	0.01196	0.01538	0.01709	0.02222	0.03931	0.08374	0.04272	0.02051	0.01025	0.00342	0.00684	0.64283	0.00684	0.00684
40	0.01573	0.01432	0.02310	0.51279	0.16284	0.01678	0.01990	0.07120	0.01679	0.02214	0.01489	0.04986	0.01212	0.00807	0.00750	0.00243	0.00933	0.00723	0.00385	0.00914
41	0.01761	0.01685	0.02874	0.16482	0.57955	0.01744	0.02240	0.02211	0.01654	0.02332	0.01383	0.01862	0.01143	0.00676	0.00736	0.00225	0.00901	0.00661	0.00361	0.01114
42	0.01618	0.01598	0.02498	0.34993	0.28335	0.05537	0.04809	0.02059	0.01622	0.02117	0.01796	0.02266	0.05991	0.00791	0.00751	0.00235	0.00936	0.00725	0.00375	0.00950
43	0.01936	0.67383	0.10435	0.01354	0.02035	0.02817	0.01416	0.02236	0.01514	0.01806	0.01062	0.01228	0.00951	0.00642	0.00499	0.00166	0.00824	0.00412	0.00317	0.00967
44	0.69829	0.01614	0.06414	0.04163	0.01732	0.01669	0.01007	0.02183	0.01296	0.03193	0.01069	0.01267	0.00822	0.00693	0.00491	0.00231	0.00632	0.00424	0.00443	0.00827
45	0.01926	0.67926	0.07528	0.01307	0.01953	0.02794	0.01334	0.02203	0.01531	0.01822	0.03309	0.01357	0.01154	0.00668	0.00503	0.00166	0.00796	0.00437	0.00334	0.00952
46	0.01542	0.01337	0.01643	0.05877	0.04662	0.01063	0.01012	0.01887	0.01542	0.02385	0.01323	0.01580	0.01095	0.00567	0.00570	0.00123	0.00592	0.00463	0.00430	0.70305
47	0.19538	0.02080	0.01900	0.01535	0.02057	0.11365	0.01245	0.41223	0.02738	0.03884	0.01770	0.01818	0.03932	0.00871	0.00676	0.00221	0.00816	0.00621	0.00629	0.01081
48	0.01539	0.01319	0.01539	0.01100	0.01759	0.00990	0.00880	0.01869	0.01539	0.02419	0.01319	0.01539	0.01100	0.00550	0.00550	0.00110	0.00550	0.00440	0.00440	0.78449
49	0.06196	0.01726	0.02870	0.07298	0.62643	0.01753	0.02185	0.02256	0.01657	0.02454	0.01373	0.01808	0.01147	0.00667	0.00720	0.00222	0.00869	0.00647	0.00371	0.01140
50	0.01949	0.54338	0.18683	0.01464	0.02200	0.02560	0.01592	0.02331	0.01556	0.05723	0.01207	0.01351	0.01000	0.00667	0.00543	0.00180	0.00853	0.00451	0.00351	0.01003
51	0.00887	0.00752	0.00766	0.00762	0.01009	0.00631	0.00572	0.01084	0.01715	0.02060	0.10983	0.07054	0.65481	0.01860	0.00877	0.00250	0.00375	0.01554	0.00697	0.00631
52	0.01607	0.00882	0.01170	0.01028	0.01301	0.00796	0.00796	0.01941	0.02107	0.19266	0.52808	0.04809	0.05745	0.01372	0.00844	0.00233	0.00419	0.01197	0.00842	0.00838
53	0.01784	0.02039	0.04152	0.03003	0.03691	0.04648	0.59749	0.02363	0.01726	0.02317	0.01453	0.01951	0.01110	0.00675	0.00970	0.00253	0.05913	0.00845	0.00372	0.00983
54	0.01604	0.01605	0.02352	0.09877	0.02381	0.02188	0.04255	0.01822	0.01200	0.01822	0.01034	0.01679	0.00982	0.01210	0.02184	0.00313	0.61681	0.00660	0.00327	0.00821
55	0.01441	0.00892	0.01178	0.01229	0.01476	0.00840	0.01045	0.01742	0.01766	0.12076	0.04553	0.07254	0.17772	0.01848	0.00953	0.00306	0.00610	0.41544	0.00719	0.00756
56	0.01143	0.00823	0.01127	0.01266	0.01431	0.00807	0.01074	0.01461	0.01726	0.02265	0.10938	0.13222	0.07649	0.02009	0.00996	0.00323	0.00614	0.49751	0.00698	0.00676
57	0.02019	0.01903	0.08677	0.01667	0.02202	0.01883	0.04216	0.13958	0.45626	0.05616	0.02582	0.02447	0.01906	0.00939	0.00753	0.00245	0.00706	0.00781	0.00699	0.01177
58	0.02776	0.02057	0.02202	0.01699	0.02285	0.02281	0.01400	0.63852	0.06517	0.04605	0.01841	0.01829	0.01310	0.00897	0.00743	0.00224	0.00806	0.00676	0.00743	0.01258
59	0.02601	0.01091	0.01465	0.01209	0.01644	0.00952	0.00962	0.02862	0.01984	0.49172	0.09028	0.14608	0.06570	0.01254	0.00798	0.00243	0.00560	0.01066	0.00860	0.01072
60	0.03302	0.01310	0.01751	0.01343	0.01918	0.01160	0.01109	0.07195	0.02202	0.66107	0.02864	0.02485	0.01805	0.00917	0.00746	0.00229	0.00642	0.00742	0.00909	0.01263
61	0.02683	0.01744	0.05097	0.01529	0.02075	0.01705	0.01290	0.36807	0.02739	0.23894	0.02384	0.10595	0.01859	0.01063	0.00767	0.00235	0.00728	0.00859	0.00769	0.01176
62	0.01846	0.01595	0.01679	0.01511	0.01930	0.01846	0.01175	0.03945	0.67938	0.03105	0.03022	0.02770	0.02266	0.01007	0.00755	0.00252	0.00588	0.00839	0.00755	0.01175
63	0.01628	0.01550	0.02635	0.37051	0.38422	0.01709	0.02174	0.02095	0.01591	0.02171	0.01359	0.01906	0.01086	0.00700	0.00738	0.00233	0.00934	0.00661	0.00349	0.01007
64	0.01822	0.01748	0.02985	0.06948	0.67008	0.01760	0.02271	0.02265	0.01683	0.02407	0.01394	0.01842	0.01169	0.00664	0.00735	0.00221	0.00886	0.00661	0.00366	0.01163
65	0.01621	0.01611	0.02242	0.01912	0.01941	0.02219	0.01592	0.01790	0.01154	0.01814	0.00989	0.01621	0.00980	0.01267	0.02355	0.00316	0.69456	0.00641	0.00330	0.04150
66	0.01134	0.00828	0.01109	0.01228	0.01411	0.00804	0.01047	0.01455	0.01755	0.02284	0.12424	0.07854	0.13633	0.01961	0.00986	0.00316	0.00600	0.47792	0.00701	0.00678
67	0.02846	0.02041	0.02204	0.01690	0.02283	0.02245	0.01396	0.63837	0.03426	0.07737	0.01836	0.01817	0.01289	0.00892	0.00743	0.00223	0.00808	0.00672	0.00751	0.01263
68	0.01402	0.01319	0.02227	0.72126	0.05113	0.01649	0.02062	0.01897	0.01484	0.01897	0.01319	0.01979	0.00990	0.00742	0.00742	0.00247	0.00990	0.00660	0.00330	0.00825
69	0.01154	0.00778	0.00871	0.00848	0.00874	0.00788	0.00491	0.03905	0.01183	0.01579	0.02315	0.04726	0.02637	0.70771	0.03648	0.00698	0.00724	0.01062	0.00462	0.00485
70	0.00881	0.00737	0.00768	0.00792	0.01013	0.00623	0.00582	0.01061	0.01654	0.01990	0.07032	0.16579	0.59858	0.01944	0.00887	0.00258	0.00384	0.01644	0.00689	0.00623
71	0.00904	0.00646	0.00861	0.01034	0.01077	0.00603	0.00689	0.01034	0.01421	0.01895	0.04092	0.73426	0.04910	0.02326	0.00948	0.00301	0.00431	0.02110	0.00689	0.00603
72	0.01402	0.01319	0.02227	0.72126	0.05113	0.01649	0.02062	0.01897	0.01484	0.01897	0.01319	0.01979	0.00990	0.00742	0.00742	0.00247	0.00990	0.00660	0.00330	0.00825
73	0.00997	0.00747	0.00926	0.00915	0.01093	0.00676	0.00681	0.01282	0.01913	0.02597	0.44784	0.13987	0.21394	0.01714	0.00889	0.00249	0.00376	0.03342	0.00768	0.00671
74	0.00910	0.00650	0.00866	0.01030	0.01078	0.00606	0.00690	0.01046	0.01445	0.01932	0.06329	0.71082	0.04982	0.02298	0.00945	0.00299	0.00428	0.02084	0.00694	0.00606
75	0.01539	0.01319	0.01539	0.01100	0.01759	0.00990	0.00880	0.01869	0.01539	0.02419	0.01319	0.01539	0.01100	0.00550	0.00550	0.00110	0.00550	0.00440	0.00440	0.78449
76	0.00949	0.00755	0.00851	0.00827	0.01046	0.00657	0.00620	0.01203	0.01860	0.02405	0.32769	0.06487	0.43481	0.01731	0.00877	0.00244	0.00365	0.01475	0.00742	0.00657
77	0.01489	0.03840	0.70064	0.02116	0.03213	0.01724	0.02743	0.02351	0.01567	0.02351	0.01332	0.01567	0.00940	0.00705	0.00705	0.00235	0.01097	0.00549	0.00313	0.01097
78	0.01101	0.00769	0.00988	0.00934	0.01123	0.00702	0.00700	0.01424	0.02035	0.04963	0.58323	0.08516	0.12490	0.01567	0.00875	0.00238	0.00365	0.01377	0.00803	0.00707
79	0.02858	0.01710	0.01962	0.01538	0.02098	0.01795	0.01259	0.34393	0.12778	0.28008	0.02385	0.02202	0.01623	0.00919	0.00746	0.00230	0.00715	0.00723	0.00808	0.01250
80	0.01384	0.00692	0.00692	0.00692	0.00865	0.00692	0.00519	0.01730	0.01557	0.02768	0.02422	0.02768	0.01903	0.00865	0.00519	0.00173	0.00346	0.00692	0.78031	0.00692
81	0.01061	0.00795	0.01193	0.01193	0.01326	0.00928	0.00928	0.01326	0.01193	0.01723	0.01988	0.02916	0.01856	0.05568	0.70968	0.01193	0.01988	0.00795	0.00398	0.00663
82	0.02840	0.01401	0.01747	0.01353	0.01925	0.01298	0.01105	0.10437	0.09796	0.44964	0.02576	0.02327	0.01715	0.00872	0.00718	0.00214	0.00635	0.00704	0.00810	0.12562
83	0.02822	0.02079	0.02228	0.01708	0.02302	0.02302	0.01411	0.66804	0.03490	0.04679	0.01782	0.01782	0.01262	0.00891	0.00743	0.00223	0.00817	0.00668	0.00743	0.01262
84	0.01522	0.06485	0.56270	0.02269	0.09981	0.01723	0.02515	0.02284	0.01608	0.02368	0.05138	0.01804	0.01308	0.00744	0.00708	0.00230	0.01019	0.00599	0.00348	0.01077
85	0.01489	0.03840	0.70064	0.02116	0.03213	0.01724	0.02743	0.02351	0.01567	0.02351	0.01332	0.01567	0.00940	0.00705	0.00705	0.00235	0.01097	0.00549	0.00313	0.01097
86	0.01535	0.10328	0.63975	0.02038	0.03093	0.01836	0.02607	0.02339	0.01562	0.02295	0.01305	0.01533	0.00942	0.00699	0.00684	0.00228	0.01069	0.00535	0.00314	0.01084
87	0.00877	0.00752	0.00752	0.00752	0.01003	0.00627	0.00564	0.01065	0.01692	0.02005	0.07520	0.07144	0.68978	0.01880	0.00877	0.00251	0.00376	0.01567	0.00689	0.00627
88	0.08487	0.01858	0.02020	0.01740	0.05901	0.02063	0.01335	0.42619	0.16222	0.04056	0.04739	0.02097	0.01663	0.00912	0.00728	0.00230	0.00736	0.00710	0.00705	0.01181
89	0.01499	0.01418	0.02386	0.52161	0.21789	0.01647	0.02071	0.01970	0.01545	0.02039	0.01537	0.02106	0.03198	0.00757	0.00745	0.00240	0.00942	0.00689	0.00351	0.00910
90	0.03313	0.01292	0.01740	0.01334	0.01909	0.01133	0.01102	0.05821	0.02172	0.67523	0.02889	0.02501	0.01818	0.00918	0.00746	0.00229	0.00638	0.00744	0.00913	0.01263
91	0.00920	0.00766	0.00812	0.00835	0.01075	0.00657	0.00649	0.01129	0.01694	0.02035	0.07037	0.07310	0.60266	0.01903	0.00897	0.00263	0.00417	0.10011	0.00689	0.00634
92	0.01922	0.01694	0.02845	0.04006	0.56174	0.01686	0.04676	0.02424	0.04477	0.07528	0.01681	0.02186	0.01388	0.00747	0.00753	0.00228	0.00858	0.03131	0.00438	0.01157
93	0.01539	0.01319	0.01539	0.01100	0.01759	0.00990	0.00880	0.01869	0.01539	0.02419	0.01319	0.01539	0.01100	0.00550	0.00550	0.00110	0.00550	0.00440	0.00440	0.78449
94	0.00916	0.00659	0.00868	0.01015	0.01077	0.00612	0.00686	0.01065	0.01487	0.01988	0.09563	0.65438	0.07389	0.02243	0.00939	0.00294	0.00422	0.02027	0.00700	0.00612
95	0.00976	0.00748	0.00894	0.00874	0.01067	0.00666	0.00649	0.01251	0.01902	0.02542	0.41646	0.10906	0.29770	0.01708	0.00881	0.00245	0.00365	0.01479	0.00761	0.00666
96	0.02015	0.05819	0.38482	0.01771	0.02593	0.01594	0.02000	0.02835	0.09913	0.19708	0.02041	0.02218	0.01468	0.00848	0.00725	0.00237	0.00885	0.03180	0.00538	0.01127
97	0.01785	0.01912	0.03859	0.03673	0.28810	0.01834	0.42070	0.02340	0.01729	0.02396	0.01462	0.01940	0.01145	0.00639	0.00822	0.00239	0.01111	0.00794	0.00372	0.01068
98	0.01240	0.01072	0.01403	0.01345	0.01472	0.05076	0.01059	0.01486	0.01236	0.01738	0.01792	0.02638	0.01676	0.04671	0.56954	0.01009	0.12297	0.00756	0.00386	0.00696
99	0.01059	0.00711	0.00816	0.00837	0.00842	0.00706	0.00479	0.01074	0.01121	0.01494	0.02549	0.13087	0.02964	0.65319	0.03439	0.00670	0.00685	0.01203	0.00479	0.00468
100	0.01539	0.01319	0.01539	0.01100	0.01759	0.00990	0.00880	0.01869	0.01539	0.02419	0.01319	0.01539	0.01100	0.00550	0.00550	0.00110	0.00550	0.00440	0.00440	0.78449
101	0.01318	0.00852	0.01124	0.01136	0.04386	0.00775	0.00800	0.01615	0.01943	0.10698	0.41033	0.13484	0.14845	0.01556	0.00862	0.00243	0.00422	0.01365	0.00774	0.00768
102	0.01554	0.13154	0.61324	0.02004	0.03040	0.01884	0.02548	0.02334	0.01560	0.02271	0.01293	0.01518	0.00942	0.00696	0.00675	0.00225	0.01057	0.00529	0.00314	0.01078
103	0.02167	0.01647	0.01780	0.01527	0.01992	0.01852	0.01208	0.15004	0.50006	0.10030	0.02794	0.02571	0.02046	0.00978	0.00752	0.00244	0.00632	0.00800	0.00769	0.01199
104	0.01791	0.21327	0.17347	0.02398	0.03183	0.02137	0.34800	0.04196	0.01702	0.02274	0.01353	0.01696	0.01048	0.00652	0.00733	0.00222	0.01088	0.00679	0.00359	0.01015
105	0.02495	0.05475	0.02066	0.01732	0.02151	0.36543	0.01349	0.09960	0.18824	0.06291	0.01777	0.01821	0.01370	0.00866	0.00773	0.00217	0.04134	0.00609	0.00540	0.01007
106	0.01640	0.01316	0.01550	0.01112	0.01767	0.00995	0.00892	0.01968	0.01572	0.06221	0.01410	0.01595	0.01141	0.00571	0.00561	0.00117	0.00554	0.00457	0.00467	0.74093
107	0.01536	0.01528	0.02753	0.17573	0.13261	0.01656	0.20820	0.01953	0.01561	0.02145	0.05527	0.02456	0.05293	0.01165	0.04409	0.02430	0.11828	0.00818	0.00399	0.00889

[dist]
# distance from previous block
# <min> <max>
0	13

[block]
# block no. 6 follows, 27 sequences, length 72
# corresponding to MSA columns:
# 488-559
name=unknown_G
#
# <colnr> <probs for GDERKNQSTAVLIFYWHMCP>
#	G	D	E	R	K	N	Q	S	T	A	V	L	I	F	Y	W	H	M	C	P
0	0.01817	0.01743	0.02976	0.07731	0.66265	0.01758	0.02268	0.02260	0.01681	0.02400	0.01393	0.01844	0.01167	0.00665	0.00735	0.00222	0.00887	0.00661	0.00366	0.01159
1	0.01079	0.00723	0.00827	0.00827	0.00832	0.00729	0.00471	0.01090	0.01085	0.01452	0.02324	0.04773	0.02662	0.70900	0.06738	0.00741	0.00776	0.01067	0.00448	0.00459
2	0.03331	0.01263	0.01723	0.01321	0.01895	0.01091	0.01091	0.03618	0.02125	0.69794	0.02929	0.02527	0.01838	0.00919	0.00747	0.00230	0.00632	0.00747	0.00919	0.01263
3	0.01051	0.00759	0.00992	0.00934	0.01109	0.00700	0.00700	0.01401	0.02101	0.02977	0.68888	0.05545	0.07005	0.01518	0.00876	0.00233	0.00350	0.01343	0.00817	0.00700
4	0.00943	0.00708	0.01021	0.01129	0.01204	0.00661	0.03684	0.01095	0.01436	0.01917	0.03974	0.70179	0.04738	0.02249	0.00944	0.00299	0.00468	0.02054	0.00675	0.00621
5	0.01077	0.00787	0.01154	0.01154	0.01283	0.00908	0.00889	0.01336	0.01206	0.01763	0.02023	0.02985	0.01891	0.08012	0.64885	0.01125	0.01858	0.00801	0.04206	0.00656
6	0.16747	0.12240	0.48245	0.01787	0.02701	0.01865	0.02178	0.02302	0.01500	0.02467	0.01236	0.01449	0.00915	0.00693	0.00628	0.00224	0.00957	0.00501	0.00343	0.01022
7	0.03288	0.01332	0.01765	0.01353	0.01929	0.01193	0.01118	0.08923	0.02239	0.64327	0.02833	0.02464	0.01789	0.00917	0.00746	0.00229	0.00647	0.00740	0.00904	0.01263
8	0.01402	0.01319	0.02227	0.72126	0.05113	0.01649	0.02062	0.01897	0.01484	0.01897	0.01319	0.01979	0.00990	0.00742	0.00742	0.00247	0.00990	0.00660	0.00330	0.00825
9	0.03310	0.01297	0.01744	0.01337	0.01912	0.01141	0.01104	0.06217	0.02181	0.67115	0.02882	0.02496	0.01814	0.00918	0.00746	0.00229	0.00639	0.00743	0.00912	0.01263
10	0.02773	0.03538	0.02104	0.01913	0.02295	0.70930	0.01434	0.02964	0.02104	0.01817	0.01148	0.01339	0.00956	0.00765	0.00669	0.00191	0.01339	0.00478	0.00383	0.00861
11	0.02058	0.01700	0.01798	0.01554	0.02011	0.01945	0.01226	0.17589	0.53949	0.03447	0.02753	0.02555	0.02048	0.00982	0.00753	0.00245	0.00637	0.00802	0.00753	0.01194
12	0.79154	0.01436	0.01091	0.00976	0.01436	0.01665	0.00804	0.02182	0.01263	0.03331	0.01034	0.01206	0.00804	0.00689	0.00459	0.00230	0.00574	0.00402	0.00459	0.00804
13	0.00925	0.00736	0.00818	0.00833	0.01025	0.00642	0.00604	0.01126	0.01699	0.02147	0.18511	0.16837	0.44071	0.05410	0.01030	0.00278	0.00396	0.01583	0.00702	0.00629
14	0.02017	0.55858	0.12650	0.01466	0.02132	0.11341	0.01491	0.02334	0.01591	0.01838	0.01087	0.01261	0.00951	0.00661	0.00532	0.00173	0.00904	0.00428	0.00325	0.00961
