[name]
unknown

[dist]
# distance from previous block
# <min> <max>
0	70

[block]
# block no. 0 follows, 30 sequences, length 11
# corresponding to MSA columns:
# 73-83
name=unknown_A
#
# <colnr> <probs for GDERKNQSTAVLIFYWHMCP>
#	G	D	E	R	K	N	Q	S	T	A	V	L	I	F	Y	W	H	M	C	P
0	0.01217	0.00915	0.01188	0.01293	0.01489	0.00954	0.01097	0.01816	0.13482	0.02218	0.03553	0.10270	0.03717	0.01770	0.00916	0.00305	0.00615	0.51811	0.00655	0.00719
1	0.02000	0.01627	0.01863	0.21772	0.02733	0.06308	0.01388	0.22780	0.19448	0.06287	0.01892	0.02015	0.01391	0.00819	0.00687	0.00219	0.00761	0.00660	0.04351	0.01000
2	0.02163	0.02460	0.01747	0.01673	0.05122	0.42969	0.01214	0.02788	0.17861	0.02107	0.01883	0.01965	0.04461	0.00824	0.00647	0.00195	0.00948	0.00602	0.07501	0.00868
3	0.02109	0.05329	0.01406	0.01070	0.01447	0.01114	0.00871	0.08801	0.04346	0.28521	0.02617	0.02621	0.06124	0.01283	0.07059	0.00279	0.00641	0.00719	0.22716	0.00928
4	0.01899	0.01387	0.01399	0.01185	0.01512	0.06341	0.00936	0.29280	0.02186	0.03104	0.01893	0.02235	0.01508	0.04828	0.09296	0.00321	0.00772	0.00656	0.28394	0.00868
5	0.01004	0.00771	0.00932	0.00931	0.01087	0.00759	0.00717	0.01228	0.01575	0.02107	0.19847	0.09653	0.27496	0.07467	0.01150	0.00283	0.05766	0.11076	0.05538	0.00615
6	0.02012	0.01495	0.01620	0.01346	0.01795	0.01612	0.01076	0.23876	0.29968	0.09327	0.02964	0.02796	0.11166	0.00996	0.00712	0.00220	0.00595	0.00806	0.00697	0.04923
7	0.14348	0.01241	0.01808	0.46838	0.06416	0.01477	0.01591	0.04817	0.01461	0.02159	0.01528	0.07320	0.01339	0.00861	0.00681	0.00236	0.00802	0.03906	0.00390	0.00783
8	0.00995	0.00676	0.00781	0.00798	0.00843	0.00670	0.00493	0.01061	0.01136	0.01539	0.02814	0.11840	0.09152	0.51482	0.07860	0.00597	0.00684	0.01119	0.04982	0.00481
9	0.09422	0.01394	0.01631	0.10570	0.02007	0.03266	0.01176	0.16372	0.01740	0.02674	0.01456	0.01789	0.01162	0.00862	0.00992	0.00217	0.18258	0.00584	0.17875	0.06552
10	0.16473	0.05201	0.01762	0.01509	0.06775	0.03296	0.01135	0.24187	0.14505	0.08059	0.01968	0.01980	0.03516	0.00822	0.00628	0.00210	0.00647	0.00628	0.05687	0.01011

[dist]
# distance from previous block
# <min> <max>
14	34

[block]
# block no. 1 follows, 30 sequences, length 6
# corresponding to MSA columns:
# 118-123
name=unknown_B
#
# <colnr> <probs for GDERKNQSTAVLIFYWHMCP>
#	G	D	E	R	K	N	Q	S	T	A	V	L	I	F	Y	W	H	M	C	P
0	0.00955	0.00662	0.00768	0.00809	0.00842	0.00640	0.00490	0.01003	0.01151	0.01512	0.03081	0.22593	0.09589	0.49895	0.02618	0.00535	0.00577	0.01304	0.00501	0.00475
1	0.02414	0.01770	0.01917	0.01490	0.02003	0.01934	0.01223	0.57374	0.02953	0.04022	0.01700	0.01779	0.01246	0.01060	0.04625	0.00251	0.00788	0.00625	0.05537	0.05290
2	0.01853	0.01526	0.01611	0.01395	0.01811	0.01724	0.01100	0.17728	0.48971	0.03148	0.02975	0.02779	0.08258	0.00998	0.00718	0.00231	0.00581	0.00817	0.00702	0.01075
3	0.09074	0.00921	0.00972	0.00924	0.01143	0.00993	0.00697	0.04939	0.12764	0.02551	0.04335	0.08529	0.02095	0.04383	0.04830	0.04181	0.00525	0.00792	0.34627	0.00726
4	0.02385	0.05331	0.01691	0.01285	0.01761	0.01427	0.01049	0.11933	0.21043	0.32888	0.02959	0.02702	0.08467	0.00957	0.00702	0.00219	0.00590	0.00774	0.00747	0.01090
5	0.02187	0.01375	0.01595	0.01310	0.01745	0.01415	0.01046	0.22748	0.14967	0.20600	0.09107	0.09937	0.02372	0.01044	0.00723	0.00219	0.00589	0.00867	0.00728	0.05425

[dist]
# distance from previous block
# <min> <max>
18	24

[block]
# block no. 2 follows, 30 sequences, length 6
# corresponding to MSA columns:
# 153-158
name=unknown_C
#
# <colnr> <probs for GDERKNQSTAVLIFYWHMCP>
#	G	D	E	R	K	N	Q	S	T	A	V	L	I	F	Y	W	H	M	C	P
0	0.01279	0.00969	0.01073	0.01014	0.01243	0.04250	0.00746	0.06400	0.01705	0.05969	0.16302	0.28778	0.13936	0.04389	0.00897	0.00248	0.00483	0.01337	0.00641	0.08343
1	0.07636	0.01678	0.01687	0.01401	0.01848	0.06237	0.01121	0.29281	0.22311	0.07410	0.06274	0.02416	0.05739	0.00937	0.00693	0.00218	0.00661	0.00736	0.00672	0.01044
2	0.01674	0.01578	0.02115	0.01606	0.02145	0.08153	0.16452	0.02133	0.06326	0.05544	0.01590	0.05970	0.01342	0.00722	0.00704	0.00173	0.03312	0.00650	0.00447	0.37364
3	0.02589	0.01838	0.01923	0.01498	0.02016	0.06571	0.01217	0.48363	0.02812	0.14047	0.01803	0.01881	0.01306	0.04391	0.00823	0.00226	0.00759	0.00636	0.00674	0.04627
4	0.01975	0.39341	0.05467	0.01355	0.01888	0.17943	0.01223	0.07148	0.01722	0.02019	0.05522	0.01498	0.01293	0.00690	0.00546	0.00163	0.00825	0.00475	0.00383	0.08526
5	0.02128	0.06680	0.01552	0.01168	0.01568	0.01164	0.00957	0.08855	0.05254	0.31228	0.14058	0.07572	0.08166	0.01155	0.00741	0.00224	0.00550	0.05284	0.00738	0.00956

[dist]
# distance from previous block
# <min> <max>
0	1

[block]
# block no. 3 follows, 30 sequences, length 46
# corresponding to MSA columns:
# 160-205
name=unknown_D
#
# <colnr> <probs for GDERKNQSTAVLIFYWHMCP>
#	G	D	E	R	K	N	Q	S	T	A	V	L	I	F	Y	W	H	M	C	P
0	0.01480	0.01312	0.04753	0.01075	0.01679	0.00944	0.00903	0.01801	0.01474	0.05350	0.01592	0.04063	0.03556	0.00636	0.00555	0.00124	0.00535	0.00518	0.00444	0.67205
1	0.01647	0.01882	0.04118	0.02941	0.03647	0.01765	0.68588	0.02235	0.01647	0.02235	0.01412	0.01882	0.01059	0.00588	0.00824	0.00235	0.01176	0.00824	0.00353	0.00941
2	0.01386	0.01310	0.02216	0.62210	0.15861	0.01568	0.01972	0.01843	0.01428	0.01866	0.01252	0.01838	0.00959	0.00685	0.00697	0.00228	0.00913	0.00620	0.00316	0.00830
3	0.02653	0.01955	0.02094	0.01606	0.02164	0.02164	0.01326	0.68796	0.03281	0.04398	0.01675	0.01675	0.01187	0.00838	0.00698	0.00209	0.00768	0.00628	0.00698	0.01187
4	0.01557	0.24145	0.46579	0.01902	0.05747	0.01954	0.04758	0.02173	0.01469	0.02051	0.01181	0.01399	0.00904	0.00639	0.00609	0.00200	0.00946	0.00492	0.00300	0.00992
5	0.01422	0.07042	0.68621	0.01951	0.02962	0.01675	0.02513	0.02204	0.01471	0.02183	0.01239	0.01456	0.00885	0.00660	0.00653	0.00218	0.01018	0.00509	0.00295	0.01025
6	0.01212	0.00606	0.00909	0.00909	0.00909	0.00606	0.00606	0.00909	0.00909	0.01212	0.01212	0.02121	0.01212	0.02424	0.02727	0.79697	0.00606	0.00606	0.00303	0.00303
7	0.01015	0.00677	0.00761	0.00761	0.00761	0.00677	0.00423	0.01015	0.01015	0.01353	0.02199	0.04567	0.02537	0.75476	0.03552	0.00677	0.00677	0.01015	0.00423	0.00423
8	0.03112	0.01217	0.01638	0.01256	0.01796	0.01069	0.01037	0.05918	0.02047	0.69019	0.02712	0.02348	0.01707	0.00863	0.00702	0.00216	0.00600	0.00699	0.00857	0.01188
9	0.00850	0.00607	0.00810	0.00972	0.01012	0.00567	0.00648	0.00972	0.01336	0.01781	0.03846	0.75020	0.04615	0.02186	0.00891	0.00283	0.00405	0.01984	0.00648	0.00567
10	0.01318	0.01240	0.02093	0.73798	0.04806	0.01550	0.01938	0.01783	0.01395	0.01783	0.01240	0.01860	0.00930	0.00698	0.00698	0.00233	0.00930	0.00620	0.00310	0.00775
11	0.01604	0.01533	0.02611	0.25145	0.51220	0.01626	0.02081	0.02034	0.01531	0.02131	0.01291	0.01767	0.01053	0.00645	0.00693	0.00215	0.00859	0.00621	0.00335	0.01006
12	0.01926	0.63458	0.07255	0.01308	0.01902	0.10807	0.01289	0.02177	0.01486	0.01681	0.00998	0.01155	0.00895	0.00615	0.00481	0.00157	0.00822	0.00390	0.00305	0.00893
13	0.01677	0.01607	0.02742	0.12754	0.63041	0.01645	0.02117	0.02098	0.01565	0.02219	0.01304	0.01743	0.01084	0.00631	0.00692	0.00210	0.00841	0.00622	0.00341	0.01065
14	0.00850	0.00607	0.00810	0.00972	0.01012	0.00567	0.00648	0.00972	0.01336	0.01781	0.03846	0.75020	0.04615	0.02186	0.00891	0.00283	0.00405	0.01984	0.00648	0.00567
15	0.01736	0.01499	0.01578	0.01420	0.01815	0.01736	0.01105	0.03708	0.69862	0.02919	0.02840	0.02604	0.02130	0.00947	0.00710	0.00237	0.00552	0.00789	0.00710	0.01105
16	0.01813	0.01482	0.01580	0.01410	0.01813	0.01696	0.01100	0.03691	0.66088	0.06739	0.02835	0.02591	0.02108	0.00942	0.00710	0.00236	0.00555	0.00784	0.00719	0.01109
17	0.02653	0.01955	0.02094	0.01606	0.02164	0.02164	0.01326	0.68796	0.03281	0.04398	0.01675	0.01675	0.01187	0.00838	0.00698	0.00209	0.00768	0.00628	0.00698	0.01187
18	0.01736	0.01499	0.01578	0.01420	0.01815	0.01736	0.01105	0.03708	0.69862	0.02919	0.02840	0.02604	0.02130	0.00947	0.00710	0.00237	0.00552	0.00789	0.00710	0.01105
19	0.01015	0.00677	0.00761	0.00761	0.00761	0.00677	0.00423	0.01015	0.01015	0.01353	0.02199	0.04567	0.02537	0.75476	0.03552	0.00677	0.00677	0.01015	0.00423	0.00423
20	0.02650	0.02031	0.02088	0.01616	0.02164	0.06085	0.01328	0.65125	0.03208	0.04248	0.01642	0.01652	0.01171	0.00831	0.00694	0.00208	0.00795	0.00618	0.00679	0.01166
21	0.01786	0.01488	0.01579	0.01414	0.01813	0.01710	0.01102	0.03697	0.67415	0.05395	0.02837	0.02595	0.02116	0.00944	0.00710	0.00236	0.00554	0.00786	0.00716	0.01108
22	0.03131	0.01188	0.01619	0.01242	0.01781	0.01026	0.01026	0.03401	0.01997	0.71606	0.02753	0.02375	0.01727	0.00864	0.00702	0.00216	0.00594	0.00702	0.00864	0.01188
23	0.00850	0.00607	0.00810	0.00972	0.01012	0.00567	0.00648	0.00972	0.01336	0.01781	0.03846	0.75020	0.04615	0.02186	0.00891	0.00283	0.00405	0.01984	0.00648	0.00567
24	0.80405	0.01350	0.01026	0.00918	0.01350	0.01565	0.00756	0.02051	0.01188	0.03131	0.00972	0.01134	0.00756	0.00648	0.00432	0.00216	0.00540	0.00378	0.00432	0.00756
25	0.00998	0.00677	0.00774	0.00791	0.00808	0.00669	0.00466	0.01025	0.01081	0.01429	0.02568	0.09864	0.05579	0.64793	0.03164	0.00619	0.00642	0.03152	0.00455	0.00447
26	0.01212	0.00606	0.00909	0.00909	0.00909	0.00606	0.00606	0.00909	0.00909	0.01212	0.01212	0.02121	0.01212	0.02424	0.02727	0.79697	0.00606	0.00606	0.00303	0.00303
27	0.01727	0.01658	0.02832	0.04283	0.71123	0.01658	0.02142	0.02142	0.01589	0.02280	0.01313	0.01727	0.01105	0.00622	0.00691	0.00207	0.00829	0.00622	0.00345	0.01105
28	0.74350	0.01373	0.01165	0.01177	0.06719	0.01573	0.00862	0.02058	0.01218	0.03065	0.00998	0.01179	0.00783	0.00646	0.00452	0.00215	0.00562	0.00397	0.00425	0.00783
29	0.04703	0.02512	0.01959	0.01992	0.11170	0.39796	0.01370	0.05256	0.19893	0.02244	0.01593	0.01687	0.01257	0.00768	0.00655	0.00201	0.00975	0.00566	0.00465	0.00938
30	0.01318	0.01240	0.02093	0.73798	0.04806	0.01550	0.01938	0.01783	0.01395	0.01783	0.01240	0.01860	0.00930	0.00698	0.00698	0.00233	0.00930	0.00620	0.00310	0.00775
31	0.01318	0.01240	0.02093	0.73798	0.04806	0.01550	0.01938	0.01783	0.01395	0.01783	0.01240	0.01860	0.00930	0.00698	0.00698	0.00233	0.00930	0.00620	0.00310	0.00775
32	0.04361	0.01382	0.01535	0.01289	0.01634	0.05492	0.01014	0.19397	0.01889	0.11138	0.01892	0.07557	0.01663	0.08790	0.13217	0.00407	0.05876	0.00750	0.00545	0.10171
33	0.01400	0.03610	0.71860	0.01989	0.03020	0.01621	0.02578	0.02210	0.01473	0.02210	0.01252	0.01473	0.00884	0.00663	0.00663	0.00221	0.01031	0.00516	0.00295	0.01031
34	0.00850	0.00607	0.00810	0.00972	0.01012	0.00567	0.00648	0.00972	0.01336	0.01781	0.03846	0.75020	0.04615	0.02186	0.00891	0.00283	0.00405	0.01984	0.00648	0.00567
35	0.01212	0.00606	0.00909	0.00909	0.00909	0.00606	0.00606	0.00909	0.00909	0.01212	0.01212	0.02121	0.01212	0.02424	0.02727	0.79697	0.00606	0.00606	0.00303	0.00303
36	0.01739	0.01765	0.02269	0.04142	0.02127	0.09189	0.06669	0.07860	0.01413	0.01972	0.01049	0.01551	0.00950	0.01071	0.01817	0.00276	0.52358	0.00613	0.00350	0.00820
37	0.01400	0.03610	0.71860	0.01989	0.03020	0.01621	0.02578	0.02210	0.01473	0.02210	0.01252	0.01473	0.00884	0.00663	0.00663	0.00221	0.01031	0.00516	0.00295	0.01031
38	0.01727	0.01658	0.02832	0.04283	0.71123	0.01658	0.02142	0.02142	0.01589	0.02280	0.01313	0.01727	0.01105	0.00622	0.00691	0.00207	0.00829	0.00622	0.00345	0.01105
39	0.00988	0.00713	0.00933	0.00878	0.01043	0.00658	0.00658	0.01317	0.01975	0.02798	0.70754	0.05213	0.06584	0.01427	0.00823	0.00219	0.00329	0.01262	0.00768	0.00658
40	0.01011	0.00691	0.00836	0.00836	0.00862	0.00717	0.00516	0.01063	0.01037	0.01409	0.02130	0.04186	0.02372	0.60841	0.17961	0.00769	0.00925	0.00959	0.00413	0.00465
41	0.02590	0.16391	0.06360	0.01308	0.01897	0.01545	0.01177	0.11120	0.01970	0.39943	0.02060	0.01914	0.01392	0.00770	0.00635	0.00194	0.00667	0.00595	0.00663	0.06809
42	0.02178	0.01597	0.01771	0.01384	0.01896	0.01645	0.01119	0.40932	0.04978	0.06777	0.01896	0.09381	0.01571	0.00911	0.00677	0.00194	0.00656	0.00731	0.00636	0.19069
43	0.04142	0.26526	0.39165	0.01676	0.02470	0.05324	0.04148	0.02157	0.01497	0.02059	0.04045	0.01508	0.01128	0.00673	0.00597	0.00196	0.00910	0.00504	0.00325	0.00950
44	0.01671	0.01213	0.01449	0.01393	0.05860	0.01276	0.01007	0.11188	0.23046	0.09515	0.20057	0.11195	0.05762	0.01192	0.00759	0.00230	0.00522	0.01025	0.00706	0.00933
45	0.01596	0.01948	0.11067	0.14071	0.03581	0.01755	0.43384	0.04627	0.01609	0.02203	0.01342	0.01801	0.01014	0.00668	0.00883	0.00237	0.06208	0.00735	0.00349	0.00921

[dist]
# distance from previous block
# <min> <max>
5	7

[block]
# block no. 4 follows, 30 sequences, length 49
# corresponding to MSA columns:
# 213-261
name=unknown_E
#
# <colnr> <probs for GDERKNQSTAVLIFYWHMCP>
#	G	D	E	R	K	N	Q	S	T	A	V	L	I	F	Y	W	H	M	C	P
0	0.01655	0.01713	0.02411	0.29325	0.23862	0.12526	0.08177	0.02061	0.01584	0.01988	0.01450	0.02212	0.01238	0.00767	0.00718	0.00224	0.00951	0.05894	0.00359	0.00884
1	0.04337	0.01488	0.01624	0.15123	0.02205	0.09572	0.03752	0.19350	0.01909	0.02607	0.01694	0.02317	0.01428	0.13299	0.01125	0.00281	0.00763	0.00675	0.15641	0.00810
2	0.03131	0.01188	0.01619	0.01242	0.01781	0.01026	0.01026	0.03401	0.01997	0.71606	0.02753	0.02375	0.01727	0.00864	0.00702	0.00216	0.00594	0.00702	0.00864	0.01188
3	0.01124	0.00803	0.01124	0.01285	0.01446	0.00803	0.01124	0.01446	0.01606	0.02088	0.03695	0.07871	0.04016	0.01928	0.00964	0.00321	0.00643	0.66426	0.00643	0.00643
4	0.01873	0.14844	0.31371	0.01922	0.02672	0.13700	0.13164	0.02396	0.01624	0.08158	0.01336	0.01528	0.00992	0.00667	0.00653	0.00204	0.01009	0.00550	0.00366	0.00970
5	0.01212	0.00606	0.00909	0.00909	0.00909	0.00606	0.00606	0.00909	0.00909	0.01212	0.01212	0.02121	0.01212	0.02424	0.02727	0.79697	0.00606	0.00606	0.00303	0.00303
6	0.80405	0.01350	0.01026	0.00918	0.01350	0.01565	0.00756	0.02051	0.01188	0.03131	0.00972	0.01134	0.00756	0.00648	0.00432	0.00216	0.00540	0.00378	0.00432	0.00756
7	0.01061	0.00786	0.01002	0.00957	0.01140	0.00760	0.00734	0.01527	0.07600	0.02750	0.59586	0.05214	0.06002	0.01428	0.00825	0.00229	0.00374	0.06578	0.00753	0.00694
8	0.01017	0.00857	0.01427	0.04026	0.01600	0.00815	0.12097	0.01253	0.01463	0.01973	0.10938	0.52075	0.04104	0.01776	0.00864	0.00266	0.00545	0.01656	0.00599	0.00648
9	0.02116	0.02491	0.01695	0.01628	0.01922	0.48896	0.01274	0.02343	0.01855	0.01834	0.01944	0.03446	0.01930	0.01119	0.00740	0.00227	0.01055	0.22277	0.00453	0.00754
10	0.01400	0.03610	0.71860	0.01989	0.03020	0.01621	0.02578	0.02210	0.01473	0.02210	0.01252	0.01473	0.00884	0.00663	0.00663	0.00221	0.01031	0.00516	0.00295	0.01031
11	0.02604	0.01688	0.09510	0.01424	0.02008	0.01452	0.01273	0.22720	0.05642	0.35963	0.04297	0.02132	0.01617	0.00843	0.00694	0.00212	0.00682	0.00671	0.00725	0.03843
12	0.01918	0.01155	0.03980	0.01227	0.04170	0.03018	0.00959	0.04696	0.01971	0.28024	0.31319	0.03753	0.08556	0.01141	0.00757	0.00217	0.00517	0.00971	0.00746	0.00904
13	0.03131	0.01188	0.01619	0.01242	0.01781	0.01026	0.01026	0.03401	0.01997	0.71606	0.02753	0.02375	0.01727	0.00864	0.00702	0.00216	0.00594	0.00702	0.00864	0.01188
14	0.00839	0.00707	0.00726	0.00722	0.00951	0.00595	0.00541	0.01029	0.01624	0.01964	0.12584	0.06586	0.65275	0.01738	0.00825	0.00234	0.00351	0.01455	0.00658	0.00595
15	0.04966	0.21050	0.52215	0.01749	0.02649	0.01895	0.02163	0.02174	0.01447	0.02112	0.01172	0.01373	0.00881	0.00646	0.00601	0.00203	0.00941	0.00475	0.00302	0.00986
16	0.03854	0.01400	0.02393	0.51512	0.13273	0.01613	0.09617	0.04357	0.01513	0.02038	0.01278	0.01816	0.00973	0.00679	0.00703	0.00228	0.00927	0.00637	0.00338	0.00853
17	0.00997	0.00748	0.01121	0.01121	0.01246	0.00872	0.00872	0.01246	0.01121	0.01620	0.01869	0.02741	0.01745	0.05234	0.72710	0.01121	0.01869	0.00748	0.00374	0.00623
18	0.01660	0.01574	0.02629	0.12142	0.57687	0.01622	0.02033	0.02155	0.04967	0.02248	0.01457	0.01985	0.01230	0.00689	0.00701	0.00215	0.00821	0.02762	0.00369	0.01052
19	0.02205	0.01752	0.02184	0.14165	0.14432	0.01944	0.01553	0.41488	0.07390	0.03490	0.01623	0.01781	0.01197	0.00785	0.00698	0.00215	0.00790	0.00637	0.00573	0.01098
20	0.00825	0.00707	0.00707	0.00707	0.00943	0.00589	0.00530	0.01001	0.01591	0.01885	0.07069	0.06716	0.70839	0.01767	0.00825	0.00236	0.00353	0.01473	0.00648	0.00589
21	0.01633	0.01382	0.01502	0.01397	0.01753	0.01579	0.01108	0.03329	0.58410	0.02780	0.02984	0.03487	0.02447	0.01111	0.00753	0.00251	0.00567	0.11802	0.00699	0.01027
22	0.74371	0.01296	0.00997	0.00897	0.01309	0.01496	0.00735	0.02019	0.01209	0.03091	0.01071	0.01246	0.00835	0.00660	0.00436	0.00212	0.00523	0.00399	0.06451	0.00748
23	0.01480	0.01359	0.01845	0.47830	0.03608	0.07388	0.01595	0.03913	0.01489	0.01987	0.01390	0.01904	0.01079	0.00763	0.00777	0.00221	0.06406	0.00611	0.13587	0.00769
24	0.01558	0.28123	0.48731	0.01719	0.02603	0.02007	0.02109	0.02169	0.01455	0.02017	0.01157	0.01353	0.00888	0.00641	0.00590	0.00197	0.00935	0.00467	0.00296	0.00985
25	0.00980	0.00713	0.00922	0.00870	0.01038	0.00655	0.00652	0.01301	0.01956	0.02753	0.67622	0.05287	0.09745	0.01443	0.00823	0.00220	0.00330	0.01272	0.00762	0.00655
26	0.23890	0.01826	0.01771	0.01416	0.01923	0.05061	0.01160	0.44397	0.05967	0.03860	0.01515	0.01555	0.01103	0.00786	0.00623	0.00211	0.00716	0.00560	0.00611	0.01048
27	0.02186	0.01666	0.01831	0.01491	0.01911	0.01873	0.01197	0.44547	0.13113	0.03592	0.02034	0.08839	0.01703	0.04678	0.00965	0.00250	0.05621	0.00798	0.00655	0.01050
28	0.00944	0.00677	0.00929	0.01078	0.01161	0.00662	0.00809	0.01136	0.01400	0.01861	0.03643	0.49058	0.04206	0.02351	0.06635	0.00362	0.00593	0.21275	0.00624	0.00594
29	0.80405	0.01350	0.01026	0.00918	0.01350	0.01565	0.00756	0.02051	0.01188	0.03131	0.00972	0.01134	0.00756	0.00648	0.00432	0.00216	0.00540	0.00378	0.00432	0.00756
30	0.01015	0.00677	0.00761	0.00761	0.00761	0.00677	0.00423	0.01015	0.01015	0.01353	0.02199	0.04567	0.02537	0.75476	0.03552	0.00677	0.00677	0.01015	0.00423	0.00423
31	0.03035	0.01166	0.01589	0.01225	0.01748	0.01009	0.01009	0.03307	0.01996	0.68516	0.05807	0.02503	0.01946	0.00889	0.00707	0.00216	0.00582	0.00727	0.00859	0.01164
32	0.01155	0.00910	0.01049	0.00994	0.01227	0.00911	0.00759	0.04129	0.15469	0.02569	0.32531	0.09558	0.20604	0.01459	0.00806	0.00235	0.00412	0.03766	0.00713	0.00744
33	0.01527	0.01527	0.02137	0.01832	0.01832	0.02137	0.01527	0.01679	0.01069	0.01679	0.00916	0.01527	0.00916	0.01221	0.02290	0.00305	0.74198	0.00611	0.00305	0.00763
34	0.05353	0.01804	0.01947	0.01514	0.02047	0.01968	0.01243	0.55365	0.05923	0.08544	0.01818	0.03748	0.01337	0.00865	0.00689	0.00210	0.00721	0.00662	0.00690	0.03553
35	0.01793	0.14728	0.31511	0.02281	0.15446	0.09091	0.06327	0.02318	0.01584	0.06734	0.01311	0.01528	0.00997	0.00659	0.00643	0.00203	0.00950	0.00538	0.00353	0.01005
36	0.01488	0.05956	0.50045	0.02227	0.03149	0.01706	0.21175	0.02212	0.01520	0.02195	0.01286	0.01575	0.00934	0.00639	0.00700	0.00222	0.01061	0.00597	0.00311	0.01001
37	0.01665	0.01689	0.05449	0.28629	0.14489	0.01718	0.22519	0.10915	0.01758	0.02365	0.01363	0.01807	0.01030	0.00669	0.00734	0.00226	0.00973	0.00680	0.00380	0.00943
38	0.00971	0.00671	0.00832	0.00872	0.00903	0.00682	0.00552	0.01042	0.01111	0.01502	0.02550	0.21589	0.02917	0.45884	0.14290	0.00653	0.00806	0.01209	0.00470	0.00491
39	0.13977	0.42245	0.07519	0.01352	0.01826	0.04638	0.01291	0.02033	0.01334	0.01921	0.00982	0.01231	0.00877	0.00738	0.00833	0.00197	0.15397	0.00433	0.00322	0.00854
40	0.01212	0.00606	0.00909	0.00909	0.00909	0.00606	0.00606	0.00909	0.00909	0.01212	0.01212	0.02121	0.01212	0.02424	0.02727	0.79697	0.00606	0.00606	0.00303	0.00303
41	0.00884	0.00648	0.00832	0.00936	0.01029	0.00597	0.00657	0.01057	0.01492	0.01983	0.15595	0.50729	0.13814	0.01989	0.00874	0.00268	0.00397	0.04963	0.00668	0.00589
42	0.80405	0.01350	0.01026	0.00918	0.01350	0.01565	0.00756	0.02051	0.01188	0.03131	0.00972	0.01134	0.00756	0.00648	0.00432	0.00216	0.00540	0.00378	0.00432	0.00756
43	0.03131	0.01188	0.01619	0.01242	0.01781	0.01026	0.01026	0.03401	0.01997	0.71606	0.02753	0.02375	0.01727	0.00864	0.00702	0.00216	0.00594	0.00702	0.00864	0.01188
44	0.02653	0.01955	0.02094	0.01606	0.02164	0.02164	0.01326	0.68796	0.03281	0.04398	0.01675	0.01675	0.01187	0.00838	0.00698	0.00209	0.00768	0.00628	0.00698	0.01187
45	0.01447	0.01240	0.01447	0.01034	0.01654	0.00930	0.00827	0.01757	0.01447	0.02274	0.01240	0.01447	0.01034	0.00517	0.00517	0.00103	0.00517	0.00413	0.00413	0.79742
46	0.01866	0.75896	0.03657	0.01194	0.01791	0.02761	0.01194	0.02090	0.01418	0.01642	0.00970	0.01119	0.00896	0.00597	0.00448	0.00149	0.00746	0.00373	0.00299	0.00896
47	0.80405	0.01350	0.01026	0.00918	0.01350	0.01565	0.00756	0.02051	0.01188	0.03131	0.00972	0.01134	0.00756	0.00648	0.00432	0.00216	0.00540	0.00378	0.00432	0.00756
48	0.00866	0.00641	0.00809	0.00909	0.01004	0.00584	0.00628	0.01028	0.01478	0.01951	0.14359	0.52085	0.17111	0.01996	0.00869	0.00265	0.00384	0.01783	0.00666	0.00584

[dist]
# distance from previous block
# <min> <max>
3	11

[block]
# block no. 5 follows, 30 sequences, length 93
# corresponding to MSA columns:
# 273-365
name=unknown_F
#
# <colnr> <probs for GDERKNQSTAVLIFYWHMCP>
#	G	D	E	R	K	N	Q	S	T	A	V	L	I	F	Y	W	H	M	C	P
0	0.80405	0.01350	0.01026	0.00918	0.01350	0.01565	0.00756	0.02051	0.01188	0.03131	0.00972	0.01134	0.00756	0.00648	0.00432	0.00216	0.00540	0.00378	0.00432	0.00756
1	0.00827	0.00700	0.00715	0.00726	0.00948	0.00587	0.00539	0.00999	0.01572	0.01877	0.06832	0.11752	0.65957	0.01798	0.00830	0.00239	0.00357	0.01510	0.00648	0.00587
2	0.00850	0.00607	0.00810	0.00972	0.01012	0.00567	0.00648	0.00972	0.01336	0.01781	0.03846	0.75020	0.04615	0.02186	0.00891	0.00283	0.00405	0.01984	0.00648	0.00567
3	0.01400	0.03610	0.71860	0.01989	0.03020	0.01621	0.02578	0.02210	0.01473	0.02210	0.01252	0.01473	0.00884	0.00663	0.00663	0.00221	0.01031	0.00516	0.00295	0.01031
4	0.00988	0.00713	0.00933	0.00878	0.01043	0.00658	0.00658	0.01317	0.01975	0.02798	0.70754	0.05213	0.06584	0.01427	0.00823	0.00219	0.00329	0.01262	0.00768	0.00658
5	0.01727	0.01658	0.02832	0.04283	0.71123	0.01658	0.02142	0.02142	0.01589	0.02280	0.01313	0.01727	0.01105	0.00622	0.00691	0.00207	0.00829	0.00622	0.00345	0.01105
6	0.01301	0.00650	0.00650	0.00650	0.00813	0.00650	0.00488	0.01626	0.01463	0.02602	0.02276	0.02602	0.01789	0.00813	0.00488	0.00163	0.00325	0.00650	0.79350	0.00650
7	0.01447	0.01240	0.01447	0.01034	0.01654	0.00930	0.00827	0.01757	0.01447	0.02274	0.01240	0.01447	0.01034	0.00517	0.00517	0.00103	0.00517	0.00413	0.00413	0.79742
8	0.00998	0.00742	0.01093	0.01093	0.01207	0.00857	0.00836	0.01228	0.01113	0.01599	0.01896	0.02888	0.01808	0.10858	0.67173	0.01086	0.01774	0.00769	0.00378	0.00607
9	0.02607	0.03326	0.01978	0.01798	0.02157	0.72674	0.01348	0.02787	0.01978	0.01708	0.01079	0.01258	0.00899	0.00719	0.00629	0.00180	0.01258	0.00449	0.00360	0.00809
10	0.01727	0.01658	0.02832	0.04283	0.71123	0.01658	0.02142	0.02142	0.01589	0.02280	0.01313	0.01727	0.01105	0.00622	0.00691	0.00207	0.00829	0.00622	0.00345	0.01105
11	0.80405	0.01350	0.01026	0.00918	0.01350	0.01565	0.00756	0.02051	0.01188	0.03131	0.00972	0.01134	0.00756	0.00648	0.00432	0.00216	0.00540	0.00378	0.00432	0.00756
12	0.01727	0.01658	0.02832	0.04283	0.71123	0.01658	0.02142	0.02142	0.01589	0.02280	0.01313	0.01727	0.01105	0.00622	0.00691	0.00207	0.00829	0.00622	0.00345	0.01105
13	0.01500	0.01288	0.01471	0.01104	0.01683	0.01077	0.00878	0.02113	0.13940	0.02392	0.01532	0.01658	0.01234	0.00595	0.00552	0.00128	0.00523	0.00482	0.00468	0.65382
14	0.01425	0.05967	0.66997	0.01999	0.03003	0.01664	0.05043	0.02207	0.01478	0.02192	0.01249	0.01477	0.00891	0.00658	0.00662	0.00219	0.01027	0.00523	0.00297	0.01023
15	0.01633	0.01297	0.01753	0.01965	0.17417	0.01348	0.03236	0.05787	0.22547	0.07669	0.09893	0.08983	0.07035	0.01116	0.00758	0.00234	0.00606	0.05144	0.00620	0.00957
16	0.47235	0.01181	0.01134	0.00990	0.01386	0.01262	0.00806	0.02174	0.01513	0.17119	0.14176	0.02369	0.02134	0.00879	0.00577	0.00220	0.00516	0.02916	0.00589	0.00823
17	0.00888	0.00675	0.00967	0.01055	0.01138	0.00627	0.03972	0.01035	0.01364	0.01809	0.03890	0.67981	0.07790	0.02087	0.00884	0.00279	0.00440	0.01901	0.00633	0.00586
18	0.01447	0.01240	0.01447	0.01034	0.01654	0.00930	0.00827	0.01757	0.01447	0.02274	0.01240	0.01447	0.01034	0.00517	0.00517	0.00103	0.00517	0.00413	0.00413	0.79742
19	0.01212	0.00606	0.00909	0.00909	0.00909	0.00606	0.00606	0.00909	0.00909	0.01212	0.01212	0.02121	0.01212	0.02424	0.02727	0.79697	0.00606	0.00606	0.00303	0.00303
20	0.02483	0.01997	0.04350	0.01904	0.09580	0.03977	0.01447	0.55631	0.05195	0.03981	0.01645	0.01694	0.01192	0.00809	0.00695	0.00210	0.00789	0.00624	0.00639	0.01160
21	0.01882	0.01551	0.01859	0.01955	0.14501	0.01719	0.01319	0.11343	0.44597	0.05573	0.02440	0.02478	0.01868	0.00900	0.00712	0.00230	0.00634	0.02690	0.00646	0.01104
22	0.01071	0.00775	0.01049	0.01146	0.01313	0.00753	0.00970	0.01384	0.01697	0.02251	0.20519	0.07137	0.09072	0.01793	0.00920	0.00290	0.00546	0.45998	0.00674	0.00643
23	0.01447	0.01240	0.01447	0.01034	0.01654	0.00930	0.00827	0.01757	0.01447	0.02274	0.01240	0.01447	0.01034	0.00517	0.00517	0.00103	0.00517	0.00413	0.00413	0.79742
24	0.01013	0.00684	0.00800	0.00800	0.00813	0.00698	0.00471	0.01040	0.01026	0.01382	0.02163	0.04371	0.02452	0.67937	0.10974	0.00724	0.00805	0.00986	0.00418	0.00444
25	0.00997	0.00748	0.01121	0.01121	0.01246	0.00872	0.00872	0.01246	0.01121	0.01620	0.01869	0.02741	0.01745	0.05234	0.72710	0.01121	0.01869	0.00748	0.00374	0.00623
26	0.00997	0.00748	0.01121	0.01121	0.01246	0.00872	0.00872	0.01246	0.01121	0.01620	0.01869	0.02741	0.01745	0.05234	0.72710	0.01121	0.01869	0.00748	0.00374	0.00623
27	0.01124	0.00803	0.01124	0.01285	0.01446	0.00803	0.01124	0.01446	0.01606	0.02088	0.03695	0.07871	0.04016	0.01928	0.00964	0.00321	0.00643	0.66426	0.00643	0.00643
28	0.01447	0.01240	0.01447	0.01034	0.01654	0.00930	0.00827	0.01757	0.01447	0.02274	0.01240	0.01447	0.01034	0.00517	0.00517	0.00103	0.00517	0.00413	0.00413	0.79742
29	0.01647	0.01882	0.04118	0.02941	0.03647	0.01765	0.68588	0.02235	0.01647	0.02235	0.01412	0.01882	0.01059	0.00588	0.00824	0.00235	0.01176	0.00824	0.00353	0.00941
30	0.00970	0.00708	0.00916	0.00905	0.01061	0.00654	0.00682	0.01264	0.01848	0.02561	0.53338	0.13027	0.11413	0.01574	0.00841	0.00235	0.00363	0.06262	0.00736	0.00642
31	0.01647	0.01882	0.04118	0.02941	0.03647	0.01765	0.68588	0.02235	0.01647	0.02235	0.01412	0.01882	0.01059	0.00588	0.00824	0.00235	0.01176	0.00824	0.00353	0.00941
32	0.80405	0.01350	0.01026	0.00918	0.01350	0.01565	0.00756	0.02051	0.01188	0.03131	0.00972	0.01134	0.00756	0.00648	0.00432	0.00216	0.00540	0.00378	0.00432	0.00756
33	0.01647	0.01882	0.04118	0.02941	0.03647	0.01765	0.68588	0.02235	0.01647	0.02235	0.01412	0.01882	0.01059	0.00588	0.00824	0.00235	0.01176	0.00824	0.00353	0.00941
34	0.01105	0.00789	0.01102	0.01263	0.01415	0.00786	0.01090	0.01412	0.01587	0.02066	0.03706	0.12683	0.04059	0.01946	0.00959	0.00319	0.00626	0.61808	0.00643	0.00637
35	0.01400	0.03610	0.71860	0.01989	0.03020	0.01621	0.02578	0.02210	0.01473	0.02210	0.01252	0.01473	0.00884	0.00663	0.00663	0.00221	0.01031	0.00516	0.00295	0.01031
36	0.00839	0.00707	0.00726	0.00722	0.00951	0.00595	0.00541	0.01028	0.01623	0.01963	0.12517	0.06587	0.65343	0.01738	0.00825	0.00234	0.00351	0.01455	0.00658	0.00595
37	0.01115	0.00796	0.01113	0.01274	0.01430	0.00795	0.01108	0.01429	0.01597	0.02077	0.03700	0.10252	0.04037	0.01937	0.00961	0.00320	0.00634	0.64141	0.00643	0.00640
38	0.07102	0.68509	0.03426	0.01196	0.01774	0.05032	0.01170	0.02110	0.01421	0.01743	0.00974	0.01125	0.00886	0.00604	0.00453	0.00155	0.00750	0.00376	0.00309	0.00883
39	0.01307	0.01179	0.01945	0.66110	0.04385	0.01457	0.01783	0.01747	0.01388	0.01830	0.01347	0.02000	0.01044	0.03056	0.00772	0.00241	0.00878	0.00635	0.06141	0.00755
40	0.01585	0.32436	0.44661	0.01672	0.02530	0.02075	0.02026	0.02162	0.01451	0.01983	0.01140	0.01332	0.00889	0.00637	0.00577	0.00192	0.00918	0.00459	0.00296	0.00977
41	0.01212	0.00606	0.00909	0.00909	0.00909	0.00606	0.00606	0.00909	0.00909	0.01212	0.01212	0.02121	0.01212	0.02424	0.02727	0.79697	0.00606	0.00606	0.00303	0.00303
42	0.01302	0.00812	0.01054	0.00946	0.01169	0.00753	0.00725	0.03820	0.02022	0.11155	0.60244	0.04752	0.05818	0.01339	0.00804	0.00219	0.00376	0.01173	0.00777	0.00740
43	0.01945	0.68107	0.03477	0.01259	0.01830	0.10264	0.01211	0.02164	0.01478	0.01649	0.00982	0.01134	0.00896	0.00610	0.00467	0.00153	0.00801	0.00381	0.00305	0.00886
44	0.00874	0.00625	0.00831	0.00956	0.01017	0.00582	0.00650	0.01030	0.01445	0.01954	0.15232	0.63141	0.04950	0.02057	0.00879	0.00273	0.00392	0.01861	0.00668	0.00582
45	0.00997	0.00748	0.01121	0.01121	0.01246	0.00872	0.00872	0.01246	0.01121	0.01620	0.01869	0.02741	0.01745	0.05234	0.72710	0.01121	0.01869	0.00748	0.00374	0.00623
46	0.01301	0.00650	0.00650	0.00650	0.00813	0.00650	0.00488	0.01626	0.01463	0.02602	0.02276	0.02602	0.01789	0.00813	0.00488	0.00163	0.00325	0.00650	0.79350	0.00650
47	0.01212	0.00606	0.00909	0.00909	0.00909	0.00606	0.00606	0.00909	0.00909	0.01212	0.01212	0.02121	0.01212	0.02424	0.02727	0.79697	0.00606	0.00606	0.00303	0.00303
48	0.01691	0.01448	0.01544	0.01410	0.01787	0.01667	0.01106	0.03541	0.64829	0.02858	0.02903	0.02992	0.02269	0.01019	0.00729	0.00243	0.00559	0.05629	0.00705	0.01070
49	0.01389	0.01228	0.01622	0.08945	0.02056	0.01017	0.05236	0.01719	0.01457	0.02179	0.01655	0.04858	0.04704	0.00674	0.00587	0.00140	0.00590	0.00581	0.00420	0.58942
50	0.02607	0.03326	0.01978	0.01798	0.02157	0.72674	0.01348	0.02787	0.01978	0.01708	0.01079	0.01258	0.00899	0.00719	0.00629	0.00180	0.01258	0.00449	0.00360	0.00809
51	0.80405	0.01350	0.01026	0.00918	0.01350	0.01565	0.00756	0.02051	0.01188	0.03131	0.00972	0.01134	0.00756	0.00648	0.00432	0.00216	0.00540	0.00378	0.00432	0.00756
52	0.02653	0.01955	0.02094	0.01606	0.02164	0.02164	0.01326	0.68796	0.03281	0.04398	0.01675	0.01675	0.01187	0.00838	0.00698	0.00209	0.00768	0.00628	0.00698	0.01187
53	0.01885	0.01514	0.01618	0.01423	0.01838	0.01725	0.01116	0.08443	0.60980	0.07096	0.02750	0.02522	0.02037	0.00934	0.00709	0.00233	0.00570	0.00772	0.00718	0.01115
54	0.00854	0.00708	0.00748	0.00738	0.00961	0.00602	0.00554	0.01059	0.01661	0.02052	0.18698	0.06441	0.59106	0.01705	0.00824	0.00233	0.00349	0.01434	0.00670	0.00602
55	0.01009	0.00674	0.00763	0.00768	0.00769	0.00673	0.00430	0.01013	0.01025	0.01367	0.02253	0.06881	0.02605	0.73068	0.03464	0.00664	0.00668	0.01047	0.00430	0.00428
56	0.01325	0.01250	0.02094	0.71424	0.04708	0.01570	0.01924	0.01780	0.01385	0.01780	0.01230	0.01849	0.00930	0.00715	0.00750	0.00235	0.03348	0.00620	0.00310	0.00775
57	0.00979	0.00713	0.00921	0.00869	0.01037	0.00655	0.00652	0.01301	0.01956	0.02752	0.67534	0.05289	0.09834	0.01444	0.00823	0.00220	0.00330	0.01273	0.00762	0.00655
58	0.03670	0.03401	0.01324	0.03816	0.01486	0.04634	0.00988	0.04943	0.01479	0.02117	0.02456	0.06210	0.06637	0.02064	0.15578	0.00421	0.10037	0.12752	0.15286	0.00700
59	0.01318	0.01240	0.02093	0.73798	0.04806	0.01550	0.01938	0.01783	0.01395	0.01783	0.01240	0.01860	0.00930	0.00698	0.00698	0.00233	0.00930	0.00620	0.00310	0.00775
60	0.01706	0.42042	0.28314	0.04123	0.02413	0.02216	0.04236	0.02167	0.01463	0.03939	0.01151	0.01340	0.00923	0.00632	0.00556	0.00183	0.00868	0.00460	0.00316	0.00951
61	0.01345	0.01293	0.02259	0.67984	0.04711	0.01568	0.07407	0.01820	0.01416	0.01820	0.01254	0.01862	0.00941	0.00689	0.00708	0.00233	0.00950	0.00637	0.00314	0.00789
62	0.14887	0.08491	0.13039	0.01512	0.02121	0.04115	0.01410	0.37363	0.02411	0.06088	0.01458	0.01523	0.01057	0.00756	0.00626	0.00206	0.00779	0.00546	0.00553	0.01057
63	0.00997	0.00748	0.01121	0.01121	0.01246	0.00872	0.00872	0.01246	0.01121	0.01620	0.01869	0.02741	0.01745	0.05234	0.72710	0.01121	0.01869	0.00748	0.00374	0.00623
64	0.01212	0.00606	0.00909	0.00909	0.00909	0.00606	0.00606	0.00909	0.00909	0.01212	0.01212	0.02121	0.01212	0.02424	0.02727	0.79697	0.00606	0.00606	0.00303	0.00303
65	0.01687	0.13938	0.35086	0.12422	0.02883	0.12351	0.01998	0.04516	0.01572	0.02037	0.01181	0.01455	0.00907	0.00700	0.00712	0.00210	0.04584	0.00508	0.00322	0.00932
66	0.00858	0.00638	0.00803	0.00930	0.01019	0.00583	0.00646	0.01001	0.01404	0.01819	0.04529	0.57110	0.18760	0.02084	0.00880	0.00275	0.00406	0.05033	0.00648	0.00575
67	0.00902	0.00728	0.00817	0.00863	0.01073	0.00643	0.00686	0.01114	0.01586	0.01933	0.06097	0.09399	0.51506	0.01823	0.00862	0.00259	0.00429	0.18031	0.00647	0.00602
68	0.01472	0.01457	0.02117	0.06952	0.02055	0.01981	0.03756	0.01665	0.01122	0.01706	0.01088	0.03927	0.01073	0.01361	0.05024	0.00331	0.61168	0.00667	0.00321	0.00758
69	0.48346	0.09977	0.20426	0.01257	0.01872	0.01727	0.01311	0.04109	0.01352	0.02761	0.01068	0.01240	0.00818	0.00652	0.00504	0.00210	0.00701	0.00422	0.00389	0.00858
70	0.00893	0.00714	0.00802	0.00792	0.01000	0.00623	0.00602	0.01127	0.01718	0.02197	0.27949	0.06276	0.46331	0.01663	0.00831	0.00234	0.00360	0.04587	0.00687	0.00615
71	0.00850	0.00607	0.00810	0.00972	0.01012	0.00567	0.00648	0.00972	0.01336	0.01781	0.03846	0.75020	0.04615	0.02186	0.00891	0.00283	0.00405	0.01984	0.00648	0.00567
72	0.01389	0.01227	0.02047	0.45526	0.05918	0.01463	0.06257	0.03502	0.01356	0.01791	0.01235	0.01872	0.01002	0.01046	0.01204	0.14599	0.06889	0.00631	0.00323	0.00723
73	0.01400	0.03610	0.71860	0.01989	0.03020	0.01621	0.02578	0.02210	0.01473	0.02210	0.01252	0.01473	0.00884	0.00663	0.00663	0.00221	0.01031	0.00516	0.00295	0.01031
74	0.01015	0.00677	0.00761	0.00761	0.00761	0.00677	0.00423	0.01015	0.01015	0.01353	0.02199	0.04567	0.02537	0.75476	0.03552	0.00677	0.00677	0.01015	0.00423	0.00423
75	0.01212	0.00606	0.00909	0.00909	0.00909	0.00606	0.00606	0.00909	0.00909	0.01212	0.01212	0.02121	0.01212	0.02424	0.02727	0.79697	0.00606	0.00606	0.00303	0.00303
76	0.01212	0.00606	0.00909	0.00909	0.00909	0.00606	0.00606	0.00909	0.00909	0.01212	0.01212	0.02121	0.01212	0.02424	0.02727	0.79697	0.00606	0.00606	0.00303	0.00303
77	0.11603	0.05585	0.60586	0.01826	0.02766	0.01649	0.02300	0.02186	0.01435	0.02311	0.01207	0.01418	0.00868	0.00659	0.00626	0.00218	0.00959	0.00493	0.00312	0.00992
78	0.02612	0.03181	0.01990	0.01778	0.02158	0.65245	0.01346	0.09741	0.02115	0.01991	0.01142	0.01302	0.00929	0.00732	0.00636	0.00183	0.01207	0.00468	0.00395	0.00849
79	0.00988	0.00713	0.00933	0.00878	0.01043	0.00658	0.00658	0.01317	0.01975	0.02798	0.70754	0.05213	0.06584	0.01427	0.00823	0.00219	0.00329	0.01262	0.00768	0.00658
80	0.00909	0.00710	0.00828	0.00828	0.01020	0.00629	0.00628	0.01150	0.01721	0.02236	0.30562	0.10385	0.37934	0.01676	0.00838	0.00239	0.00368	0.06029	0.00693	0.00618
81	0.01447	0.01240	0.01447	0.01034	0.01654	0.00930	0.00827	0.01757	0.01447	0.02274	0.01240	0.01447	0.01034	0.00517	0.00517	0.00103	0.00517	0.00413	0.00413	0.79742
82	0.03131	0.01188	0.01619	0.01242	0.01781	0.01026	0.01026	0.03401	0.01997	0.71606	0.02753	0.02375	0.01727	0.00864	0.00702	0.00216	0.00594	0.00702	0.00864	0.01188
83	0.01369	0.01293	0.02186	0.65034	0.13168	0.01564	0.01964	0.01828	0.01420	0.01846	0.01249	0.01844	0.00952	0.00688	0.00697	0.00229	0.00917	0.00620	0.00315	0.00817
84	0.04715	0.03420	0.65519	0.02057	0.06288	0.01620	0.02481	0.02200	0.01467	0.02252	0.01244	0.01472	0.00889	0.00660	0.00655	0.00220	0.01001	0.00515	0.00303	0.01023
85	0.02973	0.01153	0.01569	0.01215	0.01727	0.00999	0.00999	0.03247	0.01996	0.66533	0.07767	0.02584	0.02086	0.00905	0.00711	0.00216	0.00574	0.00743	0.00857	0.01149
86	0.00861	0.00616	0.00820	0.00964	0.01015	0.00574	0.00649	0.00999	0.01387	0.01863	0.09217	0.69417	0.04773	0.02125	0.00885	0.00278	0.00399	0.01926	0.00657	0.00574
87	0.01257	0.00919	0.01096	0.01093	0.01266	0.00929	0.00793	0.16107	0.01817	0.02422	0.06937	0.51097	0.07874	0.01822	0.00840	0.00261	0.00479	0.01615	0.00665	0.00711
88	0.00910	0.00650	0.00877	0.01032	0.01101	0.00618	0.00745	0.01079	0.01411	0.01875	0.05882	0.59223	0.04554	0.02110	0.00903	0.00289	0.00451	0.15053	0.00650	0.00585
89	0.80405	0.01350	0.01026	0.00918	0.01350	0.01565	0.00756	0.02051	0.01188	0.03131	0.00972	0.01134	0.00756	0.00648	0.00432	0.00216	0.00540	0.00378	0.00432	0.00756
90	0.04336	0.01956	0.02354	0.17801	0.27674	0.18331	0.05008	0.07658	0.01765	0.02249	0.01297	0.01658	0.01035	0.00683	0.00671	0.00207	0.00938	0.00585	0.02856	0.00940
91	0.01440	0.06506	0.64685	0.02100	0.07238	0.01671	0.02493	0.02201	0.01478	0.02191	0.01244	0.01474	0.00898	0.00658	0.00656	0.00217	0.01007	0.00516	0.00298	0.01030
92	0.04422	0.13941	0.55925	0.01946	0.06117	0.01786	0.02288	0.02183	0.01460	0.02165	0.01204	0.01422	0.00892	0.00651	0.00624	0.00210	0.00962	0.00495	0.00303	0.01005

[dist]
# distance from previous block
# <min> <max>
0	1

[block]
# block no. 6 follows, 30 sequences, length 42
# corresponding to MSA columns:
# 367-408
name=unknown_G
#
# <colnr> <probs for GDERKNQSTAVLIFYWHMCP>
#	G	D	E	R	K	N	Q	S	T	A	V	L	I	F	Y	W	H	M	C	P
0	0.14052	0.13862	0.38983	0.01801	0.06849	0.01731	0.03315	0.02182	0.01451	0.05532	0.01321	0.03644	0.01035	0.00702	0.00608	0.00210	0.00861	0.00538	0.00359	0.00963
1	0.02627	0.01076	0.01458	0.01156	0.01608	0.00939	0.00939	0.02911	0.01992	0.55435	0.18735	0.03042	0.02869	0.00996	0.00730	0.00217	0.00532	0.00833	0.00841	0.01063
2	0.01804	0.01875	0.03927	0.10034	0.36800	0.13163	0.01779	0.02478	0.14186	0.02248	0.01625	0.02021	0.01334	0.00749	0.00693	0.00215	0.00856	0.02785	0.00420	0.01008
3	0.02254	0.01585	0.04430	0.03667	0.11684	0.01575	0.02959	0.26203	0.06308	0.18825	0.02095	0.06425	0.01634	0.01118	0.04112	0.00264	0.00774	0.02379	0.00636	0.01072
4	0.01015	0.00769	0.01135	0.01125	0.01239	0.00903	0.00870	0.01248	0.01114	0.01608	0.01856	0.02800	0.01760	0.08888	0.66668	0.01071	0.04182	0.00758	0.00374	0.00617
5	0.01583	0.04316	0.20425	0.07005	0.43985	0.01620	0.02140	0.02087	0.01545	0.02201	0.01505	0.01987	0.02803	0.00709	0.00690	0.00215	0.00866	0.02937	0.00347	0.01034
6	0.01447	0.01240	0.01447	0.01034	0.01654	0.00930	0.00827	0.01757	0.01447	0.02274	0.01240	0.01447	0.01034	0.00517	0.00517	0.00103	0.00517	0.00413	0.00413	0.79742
7	0.04433	0.04638	0.04319	0.01371	0.01844	0.01576	0.01136	0.05029	0.41277	0.22627	0.02594	0.02367	0.01853	0.00886	0.00686	0.00225	0.00595	0.00720	0.00713	0.01109
8	0.02534	0.01884	0.02030	0.01549	0.02114	0.02042	0.01277	0.62169	0.03100	0.04188	0.01632	0.01653	0.01172	0.00806	0.00680	0.00199	0.00743	0.00607	0.00670	0.08952
9	0.01735	0.01507	0.01637	0.01555	0.05081	0.01732	0.01153	0.03634	0.66645	0.02889	0.02768	0.02562	0.02082	0.00931	0.00709	0.00235	0.00565	0.00781	0.00693	0.01105
10	0.01527	0.01527	0.02137	0.01832	0.01832	0.02137	0.01527	0.01679	0.01069	0.01679	0.00916	0.01527	0.00916	0.01221	0.02290	0.00305	0.74198	0.00611	0.00305	0.00763
11	0.01691	0.01640	0.02645	0.14985	0.56109	0.03899	0.02048	0.02161	0.03977	0.02206	0.01348	0.01764	0.01107	0.00648	0.00691	0.00211	0.00849	0.00622	0.00353	0.01044
12	0.01483	0.01478	0.02754	0.19440	0.25708	0.01509	0.21649	0.01919	0.01525	0.02081	0.01688	0.12307	0.01554	0.00853	0.00761	0.00232	0.00895	0.00877	0.00383	0.00903
13	0.01736	0.01499	0.01578	0.01420	0.01815	0.01736	0.01105	0.03708	0.69862	0.02919	0.02840	0.02604	0.02130	0.00947	0.00710	0.00237	0.00552	0.00789	0.00710	0.01105
14	0.76000	0.01367	0.01127	0.01106	0.05256	0.01571	0.00833	0.02056	0.01210	0.03083	0.00991	0.01167	0.00775	0.00646	0.00446	0.00215	0.00556	0.00392	0.00427	0.00775
15	0.00872	0.00620	0.00822	0.00976	0.01020	0.00584	0.00659	0.00997	0.01332	0.01774	0.03754	0.68148	0.04479	0.05964	0.01032	0.00306	0.00430	0.05032	0.00636	0.00563
16	0.01983	0.00936	0.01257	0.01060	0.01398	0.00833	0.00845	0.02285	0.01972	0.34587	0.36951	0.03994	0.04248	0.01184	0.00772	0.00221	0.00463	0.03299	0.00808	0.00903
17	0.00825	0.00707	0.00707	0.00707	0.00943	0.00589	0.00530	0.01001	0.01591	0.01885	0.07069	0.06716	0.70839	0.01767	0.00825	0.00236	0.00353	0.01473	0.00648	0.00589
18	0.02141	0.01323	0.01556	0.01268	0.01636	0.01379	0.01001	0.27902	0.02287	0.18879	0.12890	0.06575	0.02508	0.11289	0.01181	0.00284	0.03392	0.00867	0.00692	0.00951
19	0.01596	0.01540	0.02669	0.25808	0.47032	0.01630	0.05515	0.02035	0.01532	0.02123	0.01295	0.01777	0.01049	0.00644	0.00700	0.00217	0.00878	0.00632	0.00335	0.00994
20	0.02653	0.01955	0.02094	0.01606	0.02164	0.02164	0.01326	0.68796	0.03281	0.04398	0.01675	0.01675	0.01187	0.00838	0.00698	0.00209	0.00768	0.00628	0.00698	0.01187
21	0.00973	0.00768	0.00920	0.01026	0.04004	0.00708	0.00695	0.04551	0.01576	0.02011	0.06881	0.36427	0.33212	0.01847	0.00842	0.00254	0.00417	0.01613	0.00641	0.00634
22	0.01784	0.01816	0.05065	0.07093	0.53826	0.07209	0.02003	0.05382	0.01689	0.02303	0.01407	0.01945	0.01200	0.00700	0.00697	0.00212	0.00864	0.03385	0.00373	0.01048
