[name]
unknown

[dist]
# distance from previous block
# <min> <max>
0	27

[block]
# block no. 0 follows, 29 sequences, length 6
# corresponding to MSA columns:
# 27-32
name=unknown_A
#
# <colnr> <probs for GDERKNQSTAVLIFYWHMCP>
#	G	D	E	R	K	N	Q	S	T	A	V	L	I	F	Y	W	H	M	C	P
0	0.01147	0.00820	0.01147	0.01311	0.01475	0.00820	0.01147	0.01475	0.01639	0.02131	0.03770	0.08032	0.04098	0.01967	0.00984	0.00328	0.00656	0.65741	0.00656	0.00656
1	0.01762	0.01692	0.02890	0.04371	0.70533	0.01692	0.02185	0.02185	0.01621	0.02326	0.01339	0.01762	0.01128	0.00634	0.00705	0.00211	0.00846	0.00634	0.00352	0.01128
2	0.01345	0.01266	0.02136	0.73264	0.04904	0.01582	0.01978	0.01819	0.01424	0.01819	0.01266	0.01898	0.00949	0.00712	0.00712	0.00237	0.00949	0.00633	0.00316	0.00791
3	0.00940	0.00689	0.00906	0.01023	0.01122	0.00628	0.00716	0.01096	0.01395	0.01884	0.03695	0.63122	0.04361	0.02070	0.00884	0.00277	0.00442	0.07095	0.00641	0.07013
4	0.01400	0.01322	0.02236	0.64072	0.13661	0.01597	0.02005	0.01868	0.01450	0.01887	0.01275	0.01880	0.00973	0.00702	0.00711	0.00234	0.00935	0.00633	0.00321	0.00836
5	0.02707	0.01995	0.02137	0.01638	0.02208	0.02208	0.01353	0.68159	0.03348	0.04488	0.01710	0.01710	0.01211	0.00855	0.00712	0.00214	0.00784	0.00641	0.00712	0.01211

[dist]
# distance from previous block
# <min> <max>
1	2

[block]
# block no. 1 follows, 29 sequences, length 8
# corresponding to MSA columns:
# 35-42
name=unknown_B
#
# <colnr> <probs for GDERKNQSTAVLIFYWHMCP>
#	G	D	E	R	K	N	Q	S	T	A	V	L	I	F	Y	W	H	M	C	P
0	0.01913	0.55927	0.14380	0.01407	0.02070	0.06955	0.01461	0.05304	0.01581	0.01905	0.01077	0.01236	0.00926	0.00639	0.00516	0.00169	0.00842	0.00421	0.00327	0.00944
1	0.01904	0.75404	0.03731	0.01218	0.01828	0.02818	0.01218	0.02132	0.01447	0.01675	0.00990	0.01142	0.00914	0.00609	0.00457	0.00152	0.00761	0.00381	0.00305	0.00914
2	0.00875	0.00635	0.00827	0.00965	0.01030	0.00586	0.00653	0.01018	0.01427	0.01896	0.08662	0.64744	0.09762	0.02146	0.00899	0.00281	0.00404	0.01935	0.00669	0.00586
3	0.01925	0.45893	0.12349	0.01492	0.02092	0.02418	0.03725	0.07134	0.01598	0.05719	0.01190	0.01373	0.00988	0.00719	0.00735	0.00190	0.08654	0.00479	0.00368	0.00958
4	0.02361	0.01957	0.07853	0.01567	0.02103	0.01956	0.01353	0.53070	0.02869	0.03871	0.01733	0.02024	0.01343	0.08154	0.04229	0.00303	0.00848	0.00675	0.00635	0.01097
5	0.01311	0.01001	0.01241	0.01336	0.07131	0.04762	0.00929	0.03975	0.01450	0.02144	0.05588	0.02687	0.01935	0.03144	0.37117	0.00675	0.01247	0.00734	0.20876	0.00718
6	0.39117	0.02210	0.06684	0.01379	0.01863	0.22403	0.01168	0.10406	0.01762	0.05439	0.01201	0.01335	0.00915	0.00715	0.00561	0.00209	0.00834	0.00461	0.00458	0.00878
7	0.06030	0.29436	0.23256	0.01866	0.09818	0.08131	0.01727	0.02374	0.07296	0.02119	0.01286	0.01460	0.01034	0.00676	0.00587	0.00195	0.00874	0.00495	0.00357	0.00982

[dist]
# distance from previous block
# <min> <max>
5	27

[block]
# block no. 2 follows, 29 sequences, length 11
# corresponding to MSA columns:
# 73-83
name=unknown_C
#
# <colnr> <probs for GDERKNQSTAVLIFYWHMCP>
#	G	D	E	R	K	N	Q	S	T	A	V	L	I	F	Y	W	H	M	C	P
0	0.02313	0.13631	0.02288	0.07138	0.02270	0.02137	0.01327	0.45067	0.06059	0.03590	0.01752	0.06086	0.01402	0.00893	0.00684	0.00212	0.00760	0.00690	0.00613	0.01088
1	0.06350	0.01639	0.01923	0.13030	0.02442	0.01828	0.01340	0.38537	0.02482	0.06353	0.01749	0.07348	0.01415	0.00933	0.00796	0.00224	0.04929	0.00723	0.00598	0.05361
2	0.01789	0.01777	0.02241	0.01819	0.02087	0.09016	0.07781	0.08882	0.01540	0.02160	0.01135	0.01568	0.00995	0.00976	0.01560	0.00248	0.39973	0.00597	0.00382	0.13473
3	0.01310	0.01170	0.01877	0.55744	0.04014	0.01409	0.01687	0.04386	0.01517	0.01971	0.04535	0.13703	0.01801	0.00992	0.00749	0.00244	0.00831	0.00884	0.00407	0.00769
4	0.16417	0.05913	0.01970	0.05574	0.02145	0.06235	0.01247	0.40304	0.02576	0.06644	0.03350	0.01692	0.01254	0.00808	0.00649	0.00212	0.00761	0.00590	0.00607	0.01054
5	0.05501	0.00912	0.01047	0.00937	0.01102	0.00910	0.00633	0.06689	0.01444	0.12997	0.06339	0.03935	0.02508	0.49130	0.02602	0.00526	0.00655	0.00936	0.00547	0.00649
6	0.01420	0.01150	0.01297	0.01202	0.01393	0.06568	0.00909	0.12097	0.01544	0.02060	0.01881	0.02884	0.01786	0.18404	0.41224	0.00828	0.01431	0.00775	0.00444	0.00701
7	0.01543	0.01193	0.01528	0.01354	0.01579	0.01402	0.01080	0.19372	0.01728	0.02414	0.01745	0.02427	0.01554	0.06650	0.40984	0.00767	0.10691	0.00724	0.00464	0.00800
8	0.05852	0.01738	0.02532	0.08828	0.43303	0.05991	0.01905	0.05450	0.01610	0.02308	0.01255	0.01677	0.01056	0.00757	0.00951	0.00228	0.12568	0.00609	0.00367	0.01013
9	0.06568	0.01793	0.02117	0.13206	0.04869	0.07260	0.06404	0.28339	0.02260	0.03104	0.01429	0.01647	0.01077	0.00720	0.00664	0.00196	0.00819	0.00583	0.00510	0.16435
10	0.01775	0.14897	0.14801	0.01622	0.07207	0.05306	0.01392	0.13811	0.01730	0.02308	0.01370	0.01840	0.01180	0.06872	0.01204	0.12942	0.00803	0.00572	0.00406	0.07965

[dist]
# distance from previous block
# <min> <max>
11	64

[block]
# block no. 3 follows, 29 sequences, length 13
# corresponding to MSA columns:
# 148-160
name=unknown_D
#
# <colnr> <probs for GDERKNQSTAVLIFYWHMCP>
#	G	D	E	R	K	N	Q	S	T	A	V	L	I	F	Y	W	H	M	C	P
0	0.01673	0.01430	0.04795	0.21146	0.02598	0.01463	0.01330	0.22902	0.02007	0.02699	0.02034	0.17022	0.01943	0.06778	0.00962	0.00265	0.00738	0.00934	0.00531	0.06751
1	0.13079	0.01336	0.01973	0.50353	0.06912	0.01583	0.01707	0.05580	0.01552	0.07400	0.01369	0.01813	0.01006	0.00722	0.00672	0.00231	0.00852	0.00603	0.00400	0.00857
2	0.07337	0.00995	0.01130	0.01048	0.01305	0.00977	0.00792	0.06099	0.06096	0.02317	0.09198	0.12336	0.06361	0.17646	0.01390	0.00332	0.00564	0.10457	0.00574	0.13045
3	0.01631	0.01147	0.01323	0.01122	0.01457	0.01149	0.00883	0.19925	0.04353	0.07685	0.30892	0.05972	0.14485	0.01282	0.00785	0.00222	0.00496	0.01082	0.00735	0.03373
4	0.01410	0.01333	0.02254	0.62431	0.15224	0.01599	0.02010	0.01877	0.01455	0.01899	0.01277	0.01877	0.00977	0.00700	0.00711	0.00233	0.00933	0.00633	0.00322	0.00844
5	0.01647	0.01574	0.02682	0.23352	0.52451	0.01662	0.02128	0.02084	0.01567	0.02187	0.01319	0.01800	0.01079	0.00656	0.00707	0.00219	0.00874	0.00634	0.00343	0.01035
6	0.01382	0.01337	0.02362	0.65565	0.04775	0.01606	0.09206	0.01870	0.01452	0.01870	0.01285	0.01901	0.00964	0.00700	0.00726	0.00238	0.00977	0.00656	0.00321	0.00810
7	0.02183	0.01661	0.01817	0.01433	0.01940	0.01757	0.01159	0.41660	0.10193	0.03710	0.07139	0.05272	0.01871	0.00919	0.00701	0.00203	0.00665	0.00733	0.00668	0.14317
8	0.01957	0.30696	0.22401	0.01588	0.02281	0.13811	0.01640	0.09501	0.01768	0.02197	0.01185	0.01350	0.00952	0.00671	0.00582	0.00182	0.00920	0.00466	0.00365	0.05486
9	0.01355	0.01271	0.01959	0.17505	0.02475	0.01574	0.05858	0.01641	0.01253	0.01802	0.01442	0.05869	0.01349	0.02020	0.17450	0.00465	0.28346	0.00735	0.00357	0.05273
10	0.01835	0.65073	0.13462	0.01335	0.02008	0.02650	0.01422	0.02150	0.01455	0.01759	0.01031	0.01194	0.00912	0.00619	0.00489	0.00163	0.00803	0.00402	0.00304	0.00934
11	0.01314	0.01020	0.01075	0.01023	0.01125	0.06341	0.00697	0.04303	0.01433	0.04283	0.11728	0.13797	0.03142	0.38833	0.02326	0.00472	0.04851	0.01111	0.00529	0.00597
12	0.01854	0.47542	0.22355	0.01512	0.02218	0.10087	0.01629	0.02244	0.01525	0.01844	0.01082	0.01258	0.00911	0.00642	0.00538	0.00176	0.00900	0.00430	0.00310	0.00943

[dist]
# distance from previous block
# <min> <max>
3	48

[block]
# block no. 4 follows, 29 sequences, length 13
# corresponding to MSA columns:
# 214-226
name=unknown_E
#
# <colnr> <probs for GDERKNQSTAVLIFYWHMCP>
#	G	D	E	R	K	N	Q	S	T	A	V	L	I	F	Y	W	H	M	C	P
0	0.24363	0.26331	0.07181	0.04622	0.01972	0.06580	0.01205	0.07745	0.01585	0.02476	0.01123	0.01302	0.00915	0.00654	0.00521	0.00183	0.00740	0.00436	0.00396	0.09670
1	0.04690	0.16034	0.05522	0.29831	0.03123	0.06763	0.01560	0.06481	0.01692	0.12512	0.01554	0.01978	0.01199	0.00775	0.00658	0.00215	0.00853	0.03201	0.00446	0.00914
2	0.12660	0.14445	0.11060	0.12504	0.02445	0.07450	0.01434	0.12888	0.01847	0.10212	0.01751	0.01878	0.04974	0.00789	0.00629	0.00209	0.00805	0.00589	0.00480	0.00950
3	0.07254	0.01301	0.01846	0.28953	0.04897	0.01445	0.04087	0.13287	0.01857	0.08371	0.08388	0.11239	0.02082	0.01001	0.00735	0.00235	0.00745	0.00868	0.00532	0.00876
4	0.01177	0.00815	0.01065	0.01039	0.01263	0.00748	0.03241	0.01397	0.01567	0.08529	0.04849	0.17126	0.31053	0.05017	0.06038	0.00345	0.00599	0.12816	0.00641	0.00674
5	0.01568	0.01583	0.02100	0.01816	0.01842	0.05190	0.01502	0.01732	0.01135	0.01711	0.01011	0.01634	0.00994	0.01514	0.07218	0.00365	0.65369	0.00626	0.00319	0.00771
6	0.01345	0.01266	0.02136	0.73264	0.04904	0.01582	0.01978	0.01819	0.01424	0.01819	0.01266	0.01898	0.00949	0.00712	0.00712	0.00237	0.00949	0.00633	0.00316	0.00791
7	0.02707	0.01995	0.02137	0.01638	0.02208	0.02208	0.01353	0.68159	0.03348	0.04488	0.01710	0.01710	0.01211	0.00855	0.00712	0.00214	0.00784	0.00641	0.00712	0.01211
8	0.01493	0.13417	0.62118	0.01919	0.02912	0.01812	0.02439	0.02238	0.01496	0.02176	0.01239	0.01454	0.00904	0.00667	0.00647	0.00216	0.01013	0.00506	0.00301	0.01034
9	0.10105	0.01935	0.02033	0.01571	0.02129	0.02150	0.01298	0.61836	0.03143	0.04364	0.01641	0.01657	0.01169	0.00836	0.00686	0.00214	0.00761	0.00617	0.00686	0.01169
10	0.01448	0.00794	0.00965	0.00891	0.01004	0.00770	0.00575	0.01515	0.01234	0.14725	0.02333	0.04126	0.02385	0.56845	0.06955	0.00626	0.00743	0.00959	0.00515	0.00592
11	0.05279	0.01302	0.01354	0.01121	0.01483	0.01409	0.00901	0.32086	0.02329	0.03516	0.01986	0.02159	0.01500	0.00834	0.00593	0.00190	0.00548	0.00642	0.39849	0.00918
12	0.54272	0.01266	0.01088	0.00967	0.01326	0.01427	0.00758	0.07459	0.01433	0.02988	0.07077	0.02110	0.01598	0.12535	0.01002	0.00295	0.00575	0.00586	0.00491	0.00746

[dist]
# distance from previous block
# <min> <max>
0	5

[block]
# block no. 5 follows, 29 sequences, length 12
# corresponding to MSA columns:
# 232-243
name=unknown_F
#
# <colnr> <probs for GDERKNQSTAVLIFYWHMCP>
#	G	D	E	R	K	N	Q	S	T	A	V	L	I	F	Y	W	H	M	C	P
0	0.05994	0.01310	0.02079	0.57720	0.08224	0.01578	0.01835	0.01851	0.01412	0.01954	0.01240	0.01808	0.00955	0.00716	0.00754	0.00230	0.03993	0.00606	0.00332	0.05409
1	0.01606	0.07789	0.02291	0.54539	0.08142	0.01701	0.01832	0.05851	0.01586	0.06047	0.01362	0.01844	0.01020	0.00717	0.00690	0.00226	0.00897	0.00616	0.00374	0.00871
2	0.01726	0.12038	0.48586	0.01921	0.02828	0.01735	0.07953	0.02392	0.01578	0.10635	0.01445	0.01608	0.01025	0.00687	0.00669	0.00217	0.00975	0.00559	0.00378	0.01047
3	0.01031	0.00699	0.00819	0.00812	0.00840	0.00699	0.00487	0.01088	0.01168	0.01586	0.11025	0.04646	0.03081	0.61744	0.06911	0.00654	0.00709	0.01054	0.00474	0.00473
4	0.01477	0.01266	0.01477	0.01055	0.01687	0.00949	0.00844	0.01793	0.01477	0.02320	0.01266	0.01477	0.01055	0.00527	0.00527	0.00105	0.00527	0.00422	0.00422	0.79328
5	0.01762	0.01692	0.02890	0.04371	0.70533	0.01692	0.02185	0.02185	0.01621	0.02326	0.01339	0.01762	0.01128	0.00634	0.00705	0.00211	0.00846	0.00634	0.00352	0.01128
6	0.80005	0.01377	0.01047	0.00936	0.01377	0.01597	0.00771	0.02093	0.01212	0.03195	0.00991	0.01157	0.00771	0.00661	0.00441	0.00220	0.00551	0.00386	0.00441	0.00771
7	0.01036	0.00690	0.00777	0.00777	0.00777	0.00690	0.00431	0.01036	0.01036	0.01381	0.02244	0.04660	0.02589	0.74975	0.03624	0.00690	0.00690	0.01036	0.00431	0.00431
8	0.01345	0.01266	0.02136	0.73264	0.04904	0.01582	0.01978	0.01819	0.01424	0.01819	0.01266	0.01898	0.00949	0.00712	0.00712	0.00237	0.00949	0.00633	0.00316	0.00791
9	0.02707	0.01995	0.02137	0.01638	0.02208	0.02208	0.01353	0.68159	0.03348	0.04488	0.01710	0.01710	0.01211	0.00855	0.00712	0.00214	0.00784	0.00641	0.00712	0.01211
10	0.01428	0.03683	0.71286	0.02030	0.03082	0.01654	0.02631	0.02255	0.01503	0.02255	0.01278	0.01503	0.00902	0.00677	0.00677	0.00226	0.01052	0.00526	0.00301	0.01052
11	0.01345	0.01266	0.02136	0.73264	0.04904	0.01582	0.01978	0.01819	0.01424	0.01819	0.01266	0.01898	0.00949	0.00712	0.00712	0.00237	0.00949	0.00633	0.00316	0.00791

[dist]
# distance from previous block
# <min> <max>
0	6

[block]
# block no. 6 follows, 29 sequences, length 8
# corresponding to MSA columns:
# 250-257
name=unknown_G
#
# <colnr> <probs for GDERKNQSTAVLIFYWHMCP>
#	G	D	E	R	K	N	Q	S	T	A	V	L	I	F	Y	W	H	M	C	P
0	0.01715	0.43818	0.23319	0.01549	0.02201	0.02385	0.01681	0.02108	0.01412	0.01851	0.01066	0.01308	0.00913	0.00720	0.00790	0.00197	0.11267	0.00458	0.00304	0.00935
1	0.01329	0.01173	0.01963	0.62925	0.04336	0.01444	0.01783	0.01692	0.01353	0.01736	0.01262	0.01936	0.00990	0.00964	0.01008	0.11535	0.00902	0.00631	0.00315	0.00722
2	0.02116	0.01657	0.01817	0.01393	0.01964	0.01675	0.01131	0.34422	0.11587	0.03466	0.01704	0.01750	0.01283	0.00747	0.00644	0.00177	0.00657	0.00581	0.00605	0.30626
3	0.01626	0.01676	0.02252	0.49723	0.16207	0.12691	0.01920	0.02046	0.01553	0.01898	0.01253	0.01778	0.00976	0.00702	0.00700	0.00224	0.00983	0.00606	0.00331	0.00857
4	0.01345	0.01266	0.02136	0.73264	0.04904	0.01582	0.01978	0.01819	0.01424	0.01819	0.01266	0.01898	0.00949	0.00712	0.00712	0.00237	0.00949	0.00633	0.00316	0.00791
5	0.01503	0.14948	0.60676	0.01902	0.02885	0.01836	0.02409	0.02236	0.01494	0.02164	0.01233	0.01447	0.00904	0.00666	0.00642	0.00214	0.01007	0.00503	0.00301	0.01031
6	0.39041	0.15752	0.01835	0.01152	0.01665	0.01806	0.00992	0.11343	0.01712	0.16641	0.01452	0.01482	0.01057	0.00721	0.00536	0.00206	0.00634	0.00485	0.00539	0.00947
7	0.18193	0.01646	0.01684	0.01354	0.01832	0.01814	0.01105	0.41303	0.05389	0.03821	0.07154	0.02342	0.07462	0.00945	0.00678	0.00219	0.00658	0.00717	0.00658	0.01026

[dist]
# distance from previous block
# <min> <max>
1	3

[block]
# block no. 7 follows, 29 sequences, length 10
# corresponding to MSA columns:
# 261-270
name=unknown_H
#
# <colnr> <probs for GDERKNQSTAVLIFYWHMCP>
#	G	D	E	R	K	N	Q	S	T	A	V	L	I	F	Y	W	H	M	C	P
0	0.02528	0.01861	0.02009	0.01575	0.02094	0.02050	0.01286	0.61618	0.03155	0.04228	0.01925	0.08799	0.01552	0.00989	0.00731	0.00221	0.00747	0.00776	0.00707	0.01149
1	0.02707	0.01995	0.02137	0.01638	0.02208	0.02208	0.01353	0.68159	0.03348	0.04488	0.01710	0.01710	0.01211	0.00855	0.00712	0.00214	0.00784	0.00641	0.00712	0.01211
2	0.01237	0.00618	0.00928	0.00928	0.00928	0.00618	0.00618	0.00928	0.00928	0.01237	0.01237	0.02165	0.01237	0.02474	0.02783	0.79283	0.00618	0.00618	0.00309	0.00309
3	0.01372	0.01319	0.02305	0.67496	0.04807	0.01600	0.07393	0.01857	0.01445	0.01857	0.01280	0.01900	0.00960	0.00703	0.00722	0.00238	0.00970	0.00650	0.00320	0.00805
4	0.01345	0.01266	0.02136	0.73264	0.04904	0.01582	0.01978	0.01819	0.01424	0.01819	0.01266	0.01898	0.00949	0.00712	0.00712	0.00237	0.00949	0.00633	0.00316	0.00791
5	0.11968	0.00781	0.00817	0.00812	0.00876	0.00809	0.00493	0.01179	0.01080	0.01659	0.02174	0.08505	0.02468	0.60168	0.03015	0.00600	0.00654	0.01007	0.00447	0.00488
6	0.55024	0.04759	0.01314	0.01199	0.05487	0.01522	0.00893	0.04500	0.01379	0.05422	0.01512	0.11424	0.01398	0.00890	0.00542	0.00226	0.00570	0.00649	0.00486	0.00805
7	0.20675	0.06024	0.01931	0.01968	0.17924	0.07449	0.01283	0.15432	0.01913	0.06794	0.01949	0.02068	0.07452	0.00820	0.00630	0.00210	0.00718	0.00633	0.03165	0.00963
8	0.22158	0.18647	0.08718	0.04651	0.04113	0.03861	0.01180	0.03878	0.01475	0.04570	0.04437	0.01766	0.01312	0.05139	0.00799	0.02651	0.00705	0.00529	0.00416	0.08993
9	0.12141	0.10688	0.06355	0.01900	0.15480	0.09255	0.01309	0.11166	0.01708	0.02404	0.01608	0.07273	0.01528	0.12952	0.01125	0.00288	0.00792	0.00712	0.00442	0.00875

[dist]
# distance from previous block
# <min> <max>
48	139

[block]
# block no. 8 follows, 29 sequences, length 9
# corresponding to MSA columns:
# 444-452
name=unknown_I
#
# <colnr> <probs for GDERKNQSTAVLIFYWHMCP>
#	G	D	E	R	K	N	Q	S	T	A	V	L	I	F	Y	W	H	M	C	P
0	0.02629	0.01869	0.02189	0.01975	0.11571	0.02013	0.01435	0.52165	0.02970	0.11301	0.01776	0.01793	0.01258	0.00827	0.00712	0.00214	0.00773	0.00648	0.00681	0.01200
1	0.01683	0.11737	0.02828	0.20208	0.45576	0.01821	0.02003	0.02092	0.01551	0.02117	0.01274	0.01709	0.01056	0.00649	0.00672	0.00209	0.00859	0.00599	0.00337	0.01019
2	0.02607	0.01945	0.02081	0.01618	0.02170	0.02162	0.01329	0.61280	0.10390	0.04326	0.01837	0.01811	0.01314	0.00867	0.00714	0.00217	0.00760	0.00659	0.00714	0.01202
3	0.01008	0.00728	0.00952	0.00896	0.01064	0.00672	0.00672	0.01344	0.02016	0.02855	0.70158	0.05319	0.06719	0.01456	0.00840	0.00224	0.00336	0.01288	0.00784	0.00672
4	0.30643	0.07646	0.35844	0.01542	0.02304	0.01751	0.01757	0.06750	0.01519	0.02718	0.01182	0.01364	0.00876	0.00678	0.00577	0.00218	0.00828	0.00472	0.00381	0.00950
5	0.09200	0.01571	0.10900	0.01389	0.05724	0.08419	0.01137	0.01863	0.04959	0.02665	0.39340	0.03622	0.04175	0.01122	0.00744	0.00220	0.00596	0.00945	0.00611	0.00799
6	0.08434	0.01659	0.11532	0.05546	0.28143	0.01356	0.01609	0.01940	0.01623	0.02482	0.15776	0.02388	0.02224	0.00804	0.00682	0.00203	0.00702	0.00706	0.00452	0.11739
7	0.09037	0.01311	0.01944	0.06112	0.32091	0.01347	0.01488	0.05808	0.01700	0.02509	0.11855	0.12670	0.02600	0.01085	0.00747	0.00234	0.00672	0.05376	0.00507	0.00908
8	0.08610	0.01691	0.06475	0.05858	0.32110	0.01619	0.04760	0.13099	0.01908	0.05521	0.07560	0.02068	0.01630	0.00766	0.00694	0.00216	0.00773	0.00679	0.02930	0.01032

[dist]
# distance from previous block
# <min> <max>
4	57

[block]
# block no. 9 follows, 29 sequences, length 17
# corresponding to MSA columns:
# 510-526
name=unknown_J
#
# <colnr> <probs for GDERKNQSTAVLIFYWHMCP>
#	G	D	E	R	K	N	Q	S	T	A	V	L	I	F	Y	W	H	M	C	P
0	0.23160	0.04316	0.01799	0.04150	0.01994	0.05477	0.01167	0.35884	0.05996	0.03639	0.01537	0.01622	0.01138	0.00788	0.00618	0.00212	0.00720	0.00564	0.04202	0.01018
1	0.54266	0.01621	0.07376	0.06460	0.05756	0.01643	0.01147	0.04766	0.06517	0.03000	0.01228	0.01409	0.00939	0.00695	0.00527	0.00223	0.00649	0.00471	0.00447	0.00861
2	0.02150	0.04270	0.02023	0.04391	0.02113	0.04361	0.01314	0.28844	0.14744	0.05574	0.01725	0.01836	0.01314	0.00901	0.00986	0.00225	0.14113	0.00636	0.00580	0.07899
3	0.12506	0.02020	0.01965	0.01552	0.02084	0.09067	0.01268	0.50285	0.02884	0.07119	0.01609	0.01630	0.01151	0.00819	0.00671	0.00212	0.00796	0.00594	0.00651	0.01117
4	0.02707	0.01995	0.02137	0.01638	0.02208	0.02208	0.01353	0.68159	0.03348	0.04488	0.01710	0.01710	0.01211	0.00855	0.00712	0.00214	0.00784	0.00641	0.00712	0.01211
5	0.01470	0.09947	0.65386	0.01959	0.02972	0.01755	0.02508	0.02244	0.01498	0.02204	0.01253	0.01472	0.00903	0.00671	0.00657	0.00219	0.01027	0.00513	0.00301	0.01040
6	0.01165	0.00859	0.01234	0.07595	0.01775	0.00886	0.01220	0.01505	0.01620	0.02104	0.03551	0.07496	0.03823	0.01857	0.00960	0.00320	0.00681	0.60054	0.00626	0.00668
7	0.01428	0.03683	0.71286	0.02030	0.03082	0.01654	0.02631	0.02255	0.01503	0.02255	0.01278	0.01503	0.00902	0.00677	0.00677	0.00226	0.01052	0.00526	0.00301	0.01052
8	0.01428	0.03683	0.71286	0.02030	0.03082	0.01654	0.02631	0.02255	0.01503	0.02255	0.01278	0.01503	0.00902	0.00677	0.00677	0.00226	0.01052	0.00526	0.00301	0.01052
9	0.80005	0.01377	0.01047	0.00936	0.01377	0.01597	0.00771	0.02093	0.01212	0.03195	0.00991	0.01157	0.00771	0.00661	0.00441	0.00220	0.00551	0.00386	0.00441	0.00771
10	0.01428	0.03683	0.71286	0.02030	0.03082	0.01654	0.02631	0.02255	0.01503	0.02255	0.01278	0.01503	0.00902	0.00677	0.00677	0.00226	0.01052	0.00526	0.00301	0.01052
11	0.00884	0.00627	0.00821	0.00971	0.01008	0.00589	0.00639	0.00996	0.01331	0.01775	0.03761	0.67703	0.04503	0.09321	0.01174	0.00328	0.00440	0.01928	0.00639	0.00564
12	0.01480	0.10384	0.55499	0.01992	0.02933	0.01739	0.08459	0.02207	0.01536	0.02226	0.04193	0.01669	0.01167	0.00696	0.00677	0.00220	0.01007	0.00573	0.00327	0.01014
13	0.01477	0.01266	0.01477	0.01055	0.01687	0.00949	0.00844	0.01793	0.01477	0.02320	0.01266	0.01477	0.01055	0.00527	0.00527	0.00105	0.00527	0.00422	0.00422	0.79328
14	0.01587	0.27693	0.48671	0.01758	0.02662	0.02043	0.02158	0.02214	0.01484	0.02061	0.01181	0.01382	0.00906	0.00654	0.00603	0.00201	0.00955	0.00477	0.00302	0.01006
15	0.01653	0.01248	0.01550	0.01200	0.01676	0.01117	0.00962	0.01923	0.01479	0.10811	0.01635	0.07812	0.01436	0.00826	0.00858	0.00167	0.11634	0.00626	0.00483	0.50904
16	0.04515	0.02166	0.19347	0.02010	0.02705	0.05246	0.24250	0.04270	0.01709	0.06123	0.07513	0.02012	0.01554	0.00716	0.00717	0.00209	0.00921	0.00690	0.00435	0.12889

[dist]
# distance from previous block
# <min> <max>
47	108

[block]
# block no. 10 follows, 29 sequences, length 6
# corresponding to MSA columns:
# 651-656
name=unknown_K
#
# <colnr> <probs for GDERKNQSTAVLIFYWHMCP>
#	G	D	E	R	K	N	Q	S	T	A	V	L	I	F	Y	W	H	M	C	P
0	0.07669	0.06369	0.17414	0.05026	0.16427	0.10613	0.05758	0.07219	0.01697	0.02338	0.01685	0.01935	0.06069	0.00803	0.00790	0.00220	0.05989	0.00632	0.00393	0.00955
1	0.05881	0.23771	0.12018	0.01917	0.14883	0.09879	0.01478	0.02075	0.01659	0.02213	0.15476	0.02194	0.02151	0.00816	0.00634	0.00196	0.00778	0.00647	0.00427	0.00906
2	0.09586	0.05418	0.08527	0.05117	0.11356	0.01333	0.01266	0.05057	0.04732	0.08530	0.12067	0.05325	0.08923	0.00970	0.00687	0.00211	0.00631	0.00808	0.00542	0.08914
3	0.06952	0.02078	0.27473	0.01685	0.07705	0.01327	0.01590	0.06881	0.01716	0.07788	0.14538	0.05364	0.02403	0.08261	0.01000	0.00271	0.00752	0.00798	0.00507	0.00913
4	0.01658	0.07403	0.10005	0.02601	0.27200	0.06943	0.01722	0.02006	0.01479	0.02079	0.01465	0.07014	0.01345	0.00912	0.01037	0.00231	0.16883	0.00692	0.06399	0.00928
5	0.06228	0.25388	0.18245	0.01653	0.07166	0.06795	0.01526	0.02349	0.04872	0.08242	0.04539	0.01685	0.01332	0.00712	0.00596	0.00190	0.00799	0.00533	0.00421	0.06728

[dist]
# distance from previous block
# <min> <max>
50	79

[block]
# block no. 11 follows, 29 sequences, length 9
# corresponding to MSA columns:
# 762-770
name=unknown_L
#
# <colnr> <probs for GDERKNQSTAVLIFYWHMCP>
#	G	D	E	R	K	N	Q	S	T	A	V	L	I	F	Y	W	H	M	C	P
0	0.02050	0.22887	0.05124	0.04793	0.05845	0.15457	0.01339	0.17651	0.02100	0.02593	0.11717	0.02018	0.01878	0.00828	0.00644	0.00193	0.00827	0.00625	0.00488	0.00942
1	0.06047	0.01726	0.02485	0.07591	0.46423	0.08567	0.04114	0.02117	0.01629	0.02248	0.01823	0.02265	0.06588	0.00777	0.00707	0.00217	0.00848	0.02440	0.00389	0.00998
2	0.39323	0.07577	0.01402	0.03990	0.01575	0.01478	0.00907	0.07119	0.01614	0.05840	0.11885	0.02666	0.06693	0.00951	0.00602	0.00223	0.00567	0.04241	0.00542	0.00805
3	0.01433	0.05584	0.01320	0.01107	0.01395	0.13382	0.00851	0.05599	0.07414	0.02257	0.15010	0.09980	0.29162	0.01402	0.00773	0.00225	0.00586	0.01155	0.00618	0.00747
4	0.08163	0.42142	0.08215	0.08664	0.02150	0.04880	0.01318	0.05998	0.01568	0.02119	0.01212	0.01429	0.01007	0.00669	0.00525	0.00178	0.00768	0.00463	0.07641	0.00892
5	0.25579	0.00953	0.00944	0.00950	0.01198	0.00983	0.00705	0.01531	0.05247	0.02353	0.03499	0.31323	0.16155	0.01518	0.00724	0.00248	0.00459	0.01278	0.00587	0.03764
6	0.09906	0.22930	0.30330	0.01838	0.02610	0.06105	0.12597	0.02243	0.01516	0.02168	0.01185	0.01422	0.00921	0.00647	0.00616	0.00205	0.00957	0.00518	0.00330	0.00956
7	0.01580	0.04004	0.01395	0.01325	0.06780	0.01019	0.00956	0.02039	0.08469	0.15579	0.23611	0.07535	0.13827	0.01335	0.00796	0.00237	0.00506	0.07451	0.00707	0.00849
8	0.05089	0.01896	0.02421	0.18281	0.24008	0.16473	0.07933	0.02239	0.01637	0.05131	0.01422	0.04652	0.01191	0.00771	0.00769	0.00222	0.03886	0.00666	0.00386	0.00927

[dist]
# distance from previous block
# <min> <max>
17	44

[block]
# block no. 12 follows, 29 sequences, length 15
# corresponding to MSA columns:
# 815-829
name=unknown_M
#
# <colnr> <probs for GDERKNQSTAVLIFYWHMCP>
#	G	D	E	R	K	N	Q	S	T	A	V	L	I	F	Y	W	H	M	C	P
0	0.05791	0.24425	0.27959	0.01773	0.08481	0.01881	0.01744	0.02219	0.04131	0.05498	0.04023	0.01999	0.04163	0.00777	0.00624	0.00205	0.00816	0.02120	0.00399	0.00972
1	0.14074	0.15992	0.06285	0.04818	0.01885	0.04179	0.01155	0.15616	0.01870	0.08490	0.01757	0.08294	0.01482	0.00879	0.00608	0.00205	0.00682	0.00672	0.10142	0.00916
2	0.01663	0.01356	0.05839	0.01427	0.05234	0.01273	0.01111	0.21129	0.04519	0.05382	0.16519	0.19563	0.03323	0.01319	0.00782	0.00237	0.00586	0.03542	0.04304	0.00890
3	0.05658	0.01288	0.01441	0.03728	0.01680	0.01379	0.00987	0.19995	0.14808	0.05624	0.22870	0.03536	0.09565	0.03247	0.00834	0.00239	0.00554	0.00947	0.00702	0.00918
4	0.01655	0.01657	0.02408	0.06152	0.02395	0.08604	0.17119	0.01958	0.01474	0.04622	0.05759	0.07425	0.01655	0.01052	0.01372	0.00257	0.28755	0.00801	0.00412	0.04467
5	0.07930	0.02251	0.02159	0.02449	0.23085	0.26056	0.01528	0.13309	0.06285	0.02609	0.04584	0.01765	0.01368	0.00766	0.00673	0.00205	0.00924	0.00598	0.00466	0.00990
6	0.01305	0.00881	0.01104	0.01027	0.01157	0.00934	0.00753	0.04136	0.01575	0.06552	0.21981	0.13192	0.03670	0.19371	0.01663	0.00350	0.09467	0.01112	0.09103	0.00669
7	0.01788	0.01908	0.10656	0.06129	0.45160	0.01706	0.05102	0.10243	0.01816	0.02552	0.01508	0.02068	0.01259	0.00738	0.00724	0.00222	0.00872	0.04059	0.00406	0.01084
8	0.01904	0.75404	0.03731	0.01218	0.01828	0.02818	0.01218	0.02132	0.01447	0.01675	0.00990	0.01142	0.00914	0.00609	0.00457	0.00152	0.00761	0.00381	0.00305	0.00914
9	0.01873	0.01901	0.02783	0.04059	0.62147	0.10335	0.02086	0.02266	0.01670	0.02255	0.01310	0.01704	0.01102	0.00647	0.00697	0.00208	0.00900	0.00613	0.00354	0.01091
10	0.70519	0.01453	0.01180	0.01023	0.01479	0.01672	0.00843	0.10201	0.01474	0.03353	0.01080	0.01225	0.00825	0.00685	0.00474	0.00220	0.00579	0.00417	0.00474	0.00825
11	0.01762	0.01692	0.02890	0.04371	0.70533	0.01692	0.02185	0.02185	0.01621	0.02326	0.01339	0.01762	0.01128	0.00634	0.00705	0.00211	0.00846	0.00634	0.00352	0.01128
12	0.19101	0.01841	0.01778	0.01468	0.01864	0.09723	0.01195	0.30663	0.02229	0.03312	0.01411	0.01594	0.01088	0.00860	0.00889	0.00224	0.12444	0.00565	0.06793	0.00960
13	0.01298	0.00955	0.01139	0.01038	0.01270	0.00947	0.00789	0.14186	0.02131	0.02915	0.40233	0.15739	0.11571	0.01496	0.00826	0.00234	0.00437	0.01300	0.00738	0.00754
14	0.02740	0.21530	0.02321	0.01333	0.01904	0.01776	0.01159	0.16933	0.02157	0.37969	0.02080	0.01923	0.01414	0.00802	0.00645	0.00200	0.00686	0.00609	0.00689	0.01131

[dist]
# distance from previous block
# <min> <max>
17	31

[block]
# block no. 13 follows, 29 sequences, length 7
# corresponding to MSA columns:
# 865-871
name=unknown_N
#
# <colnr> <probs for GDERKNQSTAVLIFYWHMCP>
#	G	D	E	R	K	N	Q	S	T	A	V	L	I	F	Y	W	H	M	C	P
0	0.01939	0.42418	0.02766	0.01292	0.01782	0.06747	0.01153	0.09689	0.07714	0.04383	0.03790	0.05012	0.01607	0.03984	0.00713	0.00208	0.00740	0.02686	0.00457	0.00919
1	0.02011	0.27481	0.08250	0.01417	0.01883	0.24699	0.01254	0.02269	0.01692	0.05691	0.08431	0.02034	0.01711	0.07332	0.00870	0.00227	0.00897	0.00589	0.00417	0.00846
2	0.01141	0.00847	0.01147	0.01361	0.07312	0.00837	0.00958	0.01359	0.01440	0.01888	0.03335	0.06289	0.08628	0.25529	0.01805	0.00428	0.00660	0.33857	0.00557	0.00620
3	0.26928	0.02935	0.48492	0.01675	0.02529	0.01635	0.02027	0.02203	0.01409	0.02560	0.01185	0.01391	0.00860	0.00671	0.00600	0.00224	0.00890	0.00481	0.00346	0.00961
4	0.66246	0.01781	0.13346	0.01128	0.01676	0.01607	0.01097	0.02121	0.01263	0.03030	0.01042	0.01217	0.00794	0.00664	0.00482	0.00221	0.00639	0.00410	0.00416	0.00820
5	0.01692	0.01393	0.01592	0.01157	0.01779	0.01170	0.00933	0.13414	0.01804	0.02700	0.01343	0.01517	0.01082	0.00585	0.00560	0.00124	0.00572	0.00460	0.00473	0.65649
6	0.02707	0.01995	0.02137	0.01638	0.02208	0.02208	0.01353	0.68159	0.03348	0.04488	0.01710	0.01710	0.01211	0.00855	0.00712	0.00214	0.00784	0.00641	0.00712	0.01211

[dist]
# distance from previous block
# <min> <max>
0	1

[block]
# block no. 14 follows, 29 sequences, length 13
# corresponding to MSA columns:
# 873-885
name=unknown_O
#
# <colnr> <probs for GDERKNQSTAVLIFYWHMCP>
#	G	D	E	R	K	N	Q	S	T	A	V	L	I	F	Y	W	H	M	C	P
0	0.01345	0.01266	0.02136	0.73264	0.04904	0.01582	0.01978	0.01819	0.01424	0.01819	0.01266	0.01898	0.00949	0.00712	0.00712	0.00237	0.00949	0.00633	0.00316	0.00791
1	0.80005	0.01377	0.01047	0.00936	0.01377	0.01597	0.00771	0.02093	0.01212	0.03195	0.00991	0.01157	0.00771	0.00661	0.00441	0.00220	0.00551	0.00386	0.00441	0.00771
2	0.01004	0.00677	0.00786	0.00817	0.00824	0.00670	0.00474	0.01027	0.01096	0.01462	0.02556	0.17639	0.02983	0.61459	0.03120	0.00616	0.00639	0.01219	0.00474	0.00459
3	0.01514	0.08626	0.52760	0.02166	0.03118	0.01769	0.15706	0.02251	0.01535	0.02217	0.01289	0.01561	0.00939	0.00656	0.00693	0.00223	0.01061	0.00579	0.00313	0.01024
4	0.00889	0.00629	0.00820	0.00964	0.01000	0.00593	0.00631	0.00997	0.01321	0.01761	0.03708	0.65495	0.04436	0.11620	0.01259	0.00341	0.00449	0.01897	0.00631	0.00559
5	0.01014	0.00681	0.00783	0.00804	0.00810	0.00676	0.00461	0.01030	0.01078	0.01437	0.02461	0.13676	0.02863	0.65586	0.03274	0.00639	0.00655	0.01163	0.00461	0.00450
6	0.02126	0.01586	0.01728	0.01432	0.01841	0.01740	0.01129	0.42713	0.11088	0.03576	0.02309	0.15570	0.02082	0.06513	0.00962	0.00266	0.00680	0.00947	0.00684	0.01026
7	0.02161	0.01670	0.01906	0.10290	0.02333	0.01888	0.01317	0.38913	0.15121	0.03613	0.06847	0.02197	0.01769	0.00914	0.00770	0.00224	0.03081	0.00718	0.03196	0.01073
8	0.16908	0.16692	0.02256	0.01423	0.01977	0.02218	0.01218	0.42561	0.02567	0.03680	0.01431	0.01492	0.01069	0.00769	0.00610	0.00203	0.00736	0.00541	0.00580	0.01069
9	0.01572	0.01224	0.01452	0.01067	0.01660	0.00935	0.00849	0.01874	0.01513	0.07522	0.01537	0.05761	0.01319	0.00653	0.00564	0.00125	0.00527	0.00537	0.00471	0.68839
10	0.07112	0.00802	0.00959	0.00890	0.01111	0.00751	0.00678	0.01462	0.01892	0.06362	0.51118	0.05096	0.16282	0.01421	0.00803	0.00226	0.00371	0.01223	0.00743	0.00697
11	0.01539	0.01415	0.02283	0.30108	0.32489	0.01537	0.01851	0.05698	0.01632	0.02199	0.01917	0.06074	0.06517	0.00851	0.00729	0.00228	0.00822	0.00774	0.00399	0.00934
12	0.01643	0.01570	0.02675	0.24037	0.51799	0.01661	0.02126	0.02081	0.01565	0.02182	0.01318	0.01801	0.01077	0.00657	0.00707	0.00219	0.00875	0.00634	0.00342	0.01032

[dist]
# distance from previous block
# <min> <max>
17	22

[block]
# block no. 15 follows, 29 sequences, length 16
# corresponding to MSA columns:
# 908-923
name=unknown_P
#
# <colnr> <probs for GDERKNQSTAVLIFYWHMCP>
#	G	D	E	R	K	N	Q	S	T	A	V	L	I	F	Y	W	H	M	C	P
0	0.00868	0.00620	0.00826	0.00991	0.01033	0.00578	0.00661	0.00991	0.01363	0.01818	0.03925	0.74510	0.04710	0.02231	0.00909	0.00289	0.00413	0.02024	0.00661	0.00578
1	0.01707	0.48703	0.25273	0.01463	0.02192	0.02338	0.01645	0.02133	0.01493	0.01920	0.04495	0.01464	0.01196	0.00673	0.00546	0.00179	0.00834	0.00472	0.00327	0.00946
2	0.00868	0.00620	0.00826	0.00991	0.01033	0.00578	0.00661	0.00991	0.01363	0.01818	0.03925	0.74510	0.04710	0.02231	0.00909	0.00289	0.00413	0.02024	0.00661	0.00578
3	0.02578	0.01930	0.02064	0.01612	0.02159	0.02148	0.01322	0.59275	0.12442	0.04279	0.01874	0.01840	0.01344	0.00870	0.00714	0.00218	0.00753	0.00664	0.00714	0.01199
4	0.00868	0.00620	0.00826	0.00991	0.01033	0.00578	0.00661	0.00991	0.01363	0.01818	0.03925	0.74510	0.04710	0.02231	0.00909	0.00289	0.00413	0.02024	0.00661	0.00578
5	0.13034	0.01912	0.01991	0.01545	0.02097	0.02127	0.01276	0.59332	0.03063	0.04315	0.01614	0.01636	0.01152	0.00829	0.00676	0.00215	0.00752	0.00607	0.00676	0.01152
6	0.00868	0.00620	0.00826	0.00991	0.01033	0.00578	0.00661	0.00991	0.01363	0.01818	0.03925	0.74510	0.04710	0.02231	0.00909	0.00289	0.00413	0.02024	0.00661	0.00578
7	0.01477	0.01266	0.01477	0.01055	0.01687	0.00949	0.00844	0.01793	0.01477	0.02320	0.01266	0.01477	0.01055	0.00527	0.00527	0.00105	0.00527	0.00422	0.00422	0.79328
8	0.02534	0.15816	0.02335	0.01699	0.02137	0.50272	0.01345	0.11785	0.02102	0.02112	0.01166	0.01318	0.00957	0.00729	0.00619	0.00182	0.01123	0.00470	0.00404	0.00894
9	0.01008	0.00728	0.00952	0.00896	0.01064	0.00672	0.00672	0.01344	0.02016	0.02855	0.70158	0.05319	0.06719	0.01456	0.00840	0.00224	0.00336	0.01288	0.00784	0.00672
10	0.01113	0.00803	0.01001	0.01078	0.01190	0.00796	0.00754	0.09965	0.01628	0.02174	0.03629	0.64784	0.04242	0.02047	0.00883	0.00279	0.00463	0.01839	0.00668	0.00663
11	0.00907	0.00654	0.00887	0.01000	0.01070	0.00634	0.00694	0.01077	0.01420	0.01934	0.12494	0.55312	0.04571	0.02559	0.10789	0.00399	0.00610	0.01751	0.00639	0.00599
12	0.01715	0.01258	0.01501	0.01084	0.01706	0.00963	0.00872	0.02026	0.01555	0.11857	0.01480	0.01608	0.01153	0.00576	0.00554	0.00121	0.00538	0.00463	0.00486	0.68485
13	0.01408	0.01158	0.01026	0.00949	0.01248	0.10588	0.00724	0.01602	0.01733	0.11131	0.05777	0.05488	0.51472	0.01532	0.00797	0.00230	0.00522	0.01253	0.00650	0.00714
14	0.53590	0.01623	0.01305	0.01129	0.01581	0.11274	0.00911	0.02478	0.01492	0.16839	0.01378	0.01433	0.00994	0.00716	0.00525	0.00215	0.00664	0.00463	0.00520	0.00869
15	0.15688	0.01507	0.01719	0.01340	0.01879	0.01536	0.01106	0.25427	0.02351	0.37028	0.02133	0.01970	0.01410	0.00836	0.00669	0.00218	0.00658	0.00636	0.00751	0.01139

[dist]
# distance from previous block
# <min> <max>
0	14

[block]
# block no. 16 follows, 29 sequences, length 14
# corresponding to MSA columns:
# 938-951
name=unknown_Q
#
# <colnr> <probs for GDERKNQSTAVLIFYWHMCP>
#	G	D	E	R	K	N	Q	S	T	A	V	L	I	F	Y	W	H	M	C	P
0	0.02376	0.01382	0.01702	0.01310	0.01854	0.05187	0.04141	0.02784	0.05996	0.35430	0.05678	0.02214	0.01751	0.00788	0.00668	0.00186	0.00633	0.00654	0.00674	0.24593
1	0.01409	0.01155	0.01493	0.01155	0.01658	0.00919	0.04688	0.01704	0.01508	0.04506	0.04741	0.15683	0.02018	0.00909	0.00638	0.00157	0.00539	0.00799	0.00494	0.53827
2	0.66141	0.01434	0.01209	0.01037	0.01500	0.01628	0.00855	0.09535	0.01506	0.07990	0.01196	0.01305	0.00888	0.00698	0.00490	0.00220	0.00580	0.00437	0.00501	0.00850
3	0.02707	0.01995	0.02137	0.01638	0.02208	0.02208	0.01353	0.68159	0.03348	0.04488	0.01710	0.01710	0.01211	0.00855	0.00712	0.00214	0.00784	0.00641	0.00712	0.01211
4	0.01477	0.01266	0.01477	0.01055	0.01687	0.00949	0.00844	0.01793	0.01477	0.02320	0.01266	0.01477	0.01055	0.00527	0.00527	0.00105	0.00527	0.00422	0.00422	0.79328
5	0.02284	0.06299	0.01947	0.01420	0.01913	0.01828	0.01171	0.44655	0.02818	0.07032	0.15531	0.02427	0.02325	0.00948	0.00714	0.00208	0.00673	0.00750	0.00697	0.04359
6	0.01561	0.01644	0.02890	0.24986	0.03552	0.04800	0.27948	0.02005	0.01488	0.01993	0.01302	0.01849	0.01037	0.00948	0.04110	0.00282	0.12819	0.00704	0.00342	0.03741
7	0.26103	0.01433	0.01520	0.01226	0.01716	0.01508	0.01006	0.19072	0.04989	0.26295	0.01956	0.01889	0.01347	0.00808	0.00617	0.00216	0.00613	0.00598	0.06051	0.01037
8	0.17216	0.01348	0.05065	0.47574	0.03724	0.01499	0.01660	0.01843	0.01399	0.02141	0.01484	0.04572	0.01268	0.00843	0.00682	0.00242	0.00834	0.05448	0.00377	0.00782
9	0.02707	0.01995	0.02137	0.01638	0.02208	0.02208	0.01353	0.68159	0.03348	0.04488	0.01710	0.01710	0.01211	0.00855	0.00712	0.00214	0.00784	0.00641	0.00712	0.01211
10	0.04447	0.00750	0.00928	0.00879	0.01031	0.00715	0.00638	0.01327	0.01824	0.02634	0.56289	0.05033	0.05800	0.13179	0.01268	0.00298	0.00402	0.01208	0.00713	0.00638
11	0.01597	0.01757	0.03687	0.20520	0.04016	0.01746	0.51499	0.02166	0.01617	0.02166	0.01397	0.01915	0.01048	0.00628	0.00808	0.00239	0.01138	0.00789	0.00349	0.00918
12	0.02707	0.01995	0.02137	0.01638	0.02208	0.02208	0.01353	0.68159	0.03348	0.04488	0.01710	0.01710	0.01211	0.00855	0.00712	0.00214	0.00784	0.00641	0.00712	0.01211
13	0.00954	0.00653	0.00851	0.00957	0.00996	0.00634	0.00636	0.01034	0.01258	0.01680	0.03234	0.46043	0.03795	0.20123	0.04823	0.05843	0.00572	0.04815	0.00568	0.00530

[dist]
# distance from previous block
# <min> <max>
1	2

[block]
# block no. 17 follows, 29 sequences, length 11
# corresponding to MSA columns:
# 954-964
name=unknown_R
#
# <colnr> <probs for GDERKNQSTAVLIFYWHMCP>
#	G	D	E	R	K	N	Q	S	T	A	V	L	I	F	Y	W	H	M	C	P
0	0.02118	0.01702	0.01805	0.01519	0.01984	0.01933	0.01211	0.27656	0.44810	0.03538	0.02457	0.02305	0.01817	0.00925	0.00720	0.00231	0.00645	0.00744	0.00720	0.01158
1	0.01010	0.00680	0.00784	0.00809	0.00815	0.00674	0.00466	0.01029	0.01084	0.01446	0.02495	0.15086	0.02905	0.64117	0.03219	0.00630	0.00649	0.01183	0.00466	0.00453
2	0.01331	0.01059	0.01632	0.39242	0.03131	0.01244	0.03652	0.01723	0.01428	0.02091	0.01733	0.04737	0.01428	0.03382	0.00814	0.00234	0.03457	0.00712	0.26236	0.00735
3	0.01771	0.01530	0.01610	0.01449	0.01852	0.01771	0.01127	0.03784	0.69247	0.02979	0.02898	0.02657	0.02174	0.00966	0.00725	0.00242	0.00564	0.00805	0.00725	0.01127
4	0.10717	0.07668	0.02033	0.01688	0.02092	0.55644	0.01301	0.07091	0.01986	0.02074	0.01123	0.01290	0.00921	0.00726	0.00614	0.00187	0.01141	0.00458	0.00394	0.00851
5	0.02707	0.01995	0.02137	0.01638	0.02208	0.02208	0.01353	0.68159	0.03348	0.04488	0.01710	0.01710	0.01211	0.00855	0.00712	0.00214	0.00784	0.00641	0.00712	0.01211
6	0.01852	0.67533	0.11144	0.01307	0.01965	0.02690	0.01373	0.02146	0.01453	0.01739	0.01022	0.01182	0.00913	0.00617	0.00481	0.00160	0.00793	0.00397	0.00304	0.00929
7	0.63312	0.01318	0.01094	0.00960	0.01385	0.01489	0.00786	0.04970	0.01388	0.07733	0.01283	0.01422	0.00967	0.00702	0.00477	0.00214	0.00542	0.00448	0.08703	0.00808
8	0.01036	0.00690	0.00777	0.00777	0.00777	0.00690	0.00431	0.01036	0.01036	0.01381	0.02244	0.04660	0.02589	0.74975	0.03624	0.00690	0.00690	0.01036	0.00431	0.00431
9	0.01846	0.01490	0.01604	0.01410	0.01838	0.01666	0.01102	0.03625	0.60061	0.07469	0.02779	0.02559	0.02069	0.00930	0.00710	0.00231	0.00564	0.00773	0.00714	0.06563
10	0.02078	0.01182	0.01708	0.01455	0.01878	0.01110	0.07542	0.02587	0.08868	0.28883	0.02915	0.04273	0.02499	0.01214	0.00809	0.00254	0.00671	0.23173	0.00706	0.06193

[dist]
# distance from previous block
# <min> <max>
0	2

[block]
# block no. 18 follows, 29 sequences, length 6
# corresponding to MSA columns:
# 967-972
name=unknown_S
#
# <colnr> <probs for GDERKNQSTAVLIFYWHMCP>
#	G	D	E	R	K	N	Q	S	T	A	V	L	I	F	Y	W	H	M	C	P
0	0.02707	0.01995	0.02137	0.01638	0.02208	0.02208	0.01353	0.68159	0.03348	0.04488	0.01710	0.01710	0.01211	0.00855	0.00712	0.00214	0.00784	0.00641	0.00712	0.01211
1	0.01002	0.00685	0.00777	0.00795	0.00819	0.00671	0.00465	0.01030	0.01118	0.01471	0.02826	0.12282	0.08300	0.61290	0.03109	0.00611	0.00634	0.01179	0.00475	0.00461
2	0.02707	0.01995	0.02137	0.01638	0.02208	0.02208	0.01353	0.68159	0.03348	0.04488	0.01710	0.01710	0.01211	0.00855	0.00712	0.00214	0.00784	0.00641	0.00712	0.01211
3	0.80005	0.01377	0.01047	0.00936	0.01377	0.01597	0.00771	0.02093	0.01212	0.03195	0.00991	0.01157	0.00771	0.00661	0.00441	0.00220	0.00551	0.00386	0.00441	0.00771
4	0.02707	0.01995	0.02137	0.01638	0.02208	0.02208	0.01353	0.68159	0.03348	0.04488	0.01710	0.01710	0.01211	0.00855	0.00712	0.00214	0.00784	0.00641	0.00712	0.01211
5	0.01607	0.01764	0.03614	0.15612	0.03740	0.01801	0.48970	0.02137	0.01572	0.02137	0.01355	0.01878	0.01041	0.00689	0.00975	0.00247	0.08823	0.00780	0.00347	0.00910

[dist]
# distance from previous block
# <min> <max>
2	4

[block]
# block no. 19 follows, 29 sequences, length 8
# corresponding to MSA columns:
# 977-984
name=unknown_T
#
# <colnr> <probs for GDERKNQSTAVLIFYWHMCP>
#	G	D	E	R	K	N	Q	S	T	A	V	L	I	F	Y	W	H	M	C	P
0	0.01558	0.01558	0.02181	0.01869	0.01869	0.02181	0.01558	0.01714	0.01091	0.01714	0.00935	0.01558	0.00935	0.01246	0.02337	0.00312	0.73672	0.00623	0.00312	0.00779
1	0.02660	0.03394	0.02018	0.01834	0.02201	0.72116	0.01376	0.02843	0.02018	0.01743	0.01101	0.01284	0.00917	0.00734	0.00642	0.00183	0.01284	0.00459	0.00367	0.00825
2	0.01477	0.01266	0.01477	0.01055	0.01687	0.00949	0.00844	0.01793	0.01477	0.02320	0.01266	0.01477	0.01055	0.00527	0.00527	0.00105	0.00527	0.00422	0.00422	0.79328
3	0.02707	0.01995	0.02137	0.01638	0.02208	0.02208	0.01353	0.68159	0.03348	0.04488	0.01710	0.01710	0.01211	0.00855	0.00712	0.00214	0.00784	0.00641	0.00712	0.01211
4	0.01327	0.00664	0.00664	0.00664	0.00830	0.00664	0.00498	0.01659	0.01493	0.02655	0.02323	0.02655	0.01825	0.00830	0.00498	0.00166	0.00332	0.00664	0.78928	0.00664
5	0.02707	0.01995	0.02137	0.01638	0.02208	0.02208	0.01353	0.68159	0.03348	0.04488	0.01710	0.01710	0.01211	0.00855	0.00712	0.00214	0.00784	0.00641	0.00712	0.01211
6	0.00914	0.00649	0.00862	0.01016	0.01070	0.00616	0.00705	0.01054	0.01375	0.01826	0.03790	0.61483	0.04488	0.07214	0.01105	0.00322	0.00462	0.09826	0.00645	0.00578
7	0.02060	0.01853	0.01712	0.01515	0.01930	0.13635	0.01178	0.07390	0.50068	0.06858	0.02520	0.02355	0.01881	0.00915	0.00709	0.00229	0.00701	0.00732	0.00673	0.01086

[dist]
# distance from previous block
# <min> <max>
9	13

[block]
# block no. 20 follows, 29 sequences, length 11
# corresponding to MSA columns:
# 1001-1011
name=unknown_U
#
# <colnr> <probs for GDERKNQSTAVLIFYWHMCP>
#	G	D	E	R	K	N	Q	S	T	A	V	L	I	F	Y	W	H	M	C	P
0	0.01008	0.00728	0.00952	0.00896	0.01064	0.00672	0.00672	0.01344	0.02016	0.02855	0.70158	0.05319	0.06719	0.01456	0.00840	0.00224	0.00336	0.01288	0.00784	0.00672
