[name]
unknown

[dist]
# distance from previous block
# <min> <max>
0	40

[block]
# block no. 0 follows, 27 sequences, length 12
# corresponding to MSA columns:
# 40-51
name=unknown_A
#
# <colnr> <probs for GDERKNQSTAVLIFYWHMCP>
#	G	D	E	R	K	N	Q	S	T	A	V	L	I	F	Y	W	H	M	C	P
0	0.01964	0.01390	0.01560	0.01384	0.01785	0.01492	0.01103	0.11298	0.32293	0.12739	0.03517	0.06869	0.10185	0.01251	0.00804	0.00256	0.00602	0.07689	0.00759	0.01057
1	0.00924	0.00670	0.00840	0.00966	0.01032	0.00622	0.00641	0.01044	0.01414	0.01850	0.04330	0.55402	0.13363	0.11639	0.01309	0.00349	0.00461	0.01901	0.00658	0.00586
2	0.02076	0.01538	0.01687	0.01473	0.01904	0.01710	0.01155	0.11425	0.46501	0.11497	0.02942	0.08250	0.02300	0.01087	0.00768	0.00249	0.00609	0.00908	0.00769	0.01151
3	0.05028	0.01660	0.05387	0.29402	0.26814	0.01755	0.05322	0.02244	0.06842	0.02278	0.01460	0.01923	0.01152	0.00756	0.00827	0.00241	0.04860	0.00669	0.00384	0.00994
4	0.07160	0.01571	0.01608	0.04909	0.07424	0.12279	0.01149	0.12392	0.01941	0.07902	0.04822	0.24740	0.02641	0.04926	0.00931	0.00270	0.00738	0.01127	0.00601	0.00871
5	0.06961	0.01315	0.01683	0.24494	0.07657	0.07297	0.01375	0.01874	0.01570	0.06700	0.05292	0.19417	0.02350	0.01585	0.06878	0.00333	0.00880	0.01026	0.00502	0.00809
6	0.04366	0.01223	0.01743	0.33266	0.03168	0.01329	0.01422	0.02221	0.06610	0.13298	0.02279	0.08462	0.04790	0.00965	0.00730	0.00232	0.00739	0.00826	0.03940	0.08390
7	0.07322	0.01341	0.01855	0.10675	0.04433	0.01421	0.07247	0.09442	0.03649	0.14279	0.05242	0.02933	0.09880	0.03508	0.00967	0.00255	0.06028	0.00837	0.07756	0.00931
8	0.15345	0.01445	0.01650	0.14164	0.02323	0.04431	0.01200	0.14215	0.01997	0.18173	0.04847	0.07247	0.04120	0.04602	0.00866	0.00260	0.00722	0.00807	0.00627	0.00958
9	0.04909	0.01702	0.07054	0.10453	0.07057	0.01682	0.03406	0.16290	0.08476	0.15556	0.02013	0.04823	0.01542	0.01219	0.05216	0.00302	0.05894	0.00748	0.00596	0.01064
10	0.19495	0.01237	0.01295	0.06385	0.01689	0.05888	0.00935	0.02008	0.04041	0.10655	0.05480	0.12232	0.02166	0.06460	0.04959	0.07130	0.00722	0.00868	0.02169	0.04187
11	0.06085	0.03987	0.05010	0.01286	0.01663	0.01472	0.01078	0.18241	0.04810	0.05903	0.05392	0.07430	0.04655	0.04527	0.04258	0.00292	0.05592	0.00833	0.13600	0.03886

[dist]
# distance from previous block
# <min> <max>
29	55

[block]
# block no. 1 follows, 27 sequences, length 56
# corresponding to MSA columns:
# 111-144,146-167
name=unknown_B
#
# <colnr> <probs for GDERKNQSTAVLIFYWHMCP>
#	G	D	E	R	K	N	Q	S	T	A	V	L	I	F	Y	W	H	M	C	P
0	0.11776	0.06094	0.28423	0.07283	0.14227	0.09895	0.04785	0.02401	0.01633	0.04971	0.01337	0.01607	0.01012	0.00707	0.00675	0.00224	0.00988	0.00563	0.00377	0.01021
1	0.13534	0.05108	0.07211	0.24029	0.11231	0.01832	0.08302	0.12510	0.01834	0.02718	0.01366	0.01734	0.01041	0.00722	0.00690	0.00228	0.00894	0.00616	0.00427	0.03974
2	0.19826	0.01680	0.04939	0.21398	0.02992	0.04845	0.09624	0.07098	0.01672	0.02608	0.01553	0.01879	0.03731	0.00743	0.00664	0.00218	0.00842	0.00617	0.00431	0.12640
3	0.10380	0.01887	0.02130	0.10265	0.05992	0.02113	0.01463	0.46574	0.05445	0.04027	0.01678	0.01788	0.01217	0.00845	0.00714	0.00227	0.00807	0.00646	0.00645	0.01155
4	0.11645	0.01538	0.02306	0.20312	0.33837	0.01668	0.01825	0.02277	0.08474	0.02458	0.01839	0.02183	0.04958	0.00789	0.00711	0.00233	0.00810	0.00696	0.00428	0.01010
5	0.05022	0.00760	0.01034	0.01018	0.01089	0.00767	0.00704	0.03660	0.01184	0.04085	0.01750	0.12201	0.01794	0.02330	0.02351	0.57918	0.00617	0.00844	0.00418	0.00455
6	0.02694	0.02016	0.02156	0.01682	0.02253	0.02242	0.01380	0.58543	0.11960	0.04472	0.01945	0.01912	0.01394	0.00906	0.00744	0.00227	0.00787	0.00691	0.00744	0.01251
7	0.01740	0.01734	0.02957	0.22308	0.41281	0.03966	0.10780	0.02212	0.01657	0.02258	0.01382	0.01881	0.01113	0.00682	0.00754	0.00231	0.00975	0.00684	0.00359	0.01049
8	0.01113	0.00652	0.00910	0.00980	0.00998	0.00634	0.00645	0.01005	0.01163	0.01551	0.02532	0.31633	0.02900	0.08941	0.02181	0.39382	0.00564	0.01284	0.00484	0.00449
9	0.00941	0.00664	0.00865	0.01010	0.01051	0.00630	0.00669	0.01058	0.01378	0.01836	0.03815	0.60622	0.04546	0.13397	0.01388	0.00368	0.00484	0.04045	0.00652	0.00582
10	0.00904	0.00646	0.00861	0.01034	0.01077	0.00603	0.00689	0.01034	0.01421	0.01895	0.04092	0.73426	0.04910	0.02326	0.00948	0.00301	0.00431	0.02110	0.00689	0.00603
11	0.01080	0.00720	0.00810	0.00810	0.00810	0.00720	0.00450	0.01080	0.01080	0.01439	0.02339	0.04858	0.02699	0.73910	0.03779	0.00720	0.00720	0.01080	0.00450	0.00450
12	0.00954	0.00693	0.00900	0.00980	0.01083	0.00639	0.00685	0.01165	0.01678	0.02282	0.27036	0.45170	0.09956	0.02013	0.00918	0.00274	0.00399	0.01805	0.00734	0.00639
13	0.01539	0.01319	0.01539	0.01100	0.01759	0.00990	0.00880	0.01869	0.01539	0.02419	0.01319	0.01539	0.01100	0.00550	0.00550	0.00110	0.00550	0.00440	0.00440	0.78449
14	0.79154	0.01436	0.01091	0.00976	0.01436	0.01665	0.00804	0.02182	0.01263	0.03331	0.01034	0.01206	0.00804	0.00689	0.00459	0.00230	0.00574	0.00402	0.00459	0.00804
15	0.02926	0.01200	0.01610	0.01270	0.01777	0.01062	0.01035	0.03295	0.04767	0.56991	0.12924	0.02994	0.02638	0.01013	0.00766	0.00231	0.00587	0.00841	0.00897	0.01175
16	0.00906	0.00749	0.00797	0.00811	0.01037	0.00640	0.00608	0.01109	0.01707	0.02087	0.12307	0.11949	0.56596	0.01889	0.00888	0.00256	0.00389	0.03940	0.00700	0.00633
17	0.02113	0.01589	0.01727	0.01501	0.01954	0.01784	0.01182	0.08743	0.54483	0.11832	0.02914	0.02662	0.02134	0.00987	0.00753	0.00247	0.00611	0.00814	0.00775	0.01193
18	0.01080	0.00720	0.00810	0.00810	0.00810	0.00720	0.00450	0.01080	0.01080	0.01439	0.02339	0.04858	0.02699	0.73910	0.03779	0.00720	0.00720	0.01080	0.00450	0.00450
19	0.79154	0.01436	0.01091	0.00976	0.01436	0.01665	0.00804	0.02182	0.01263	0.03331	0.01034	0.01206	0.00804	0.00689	0.00459	0.00230	0.00574	0.00402	0.00459	0.00804
20	0.00904	0.00646	0.00861	0.01034	0.01077	0.00603	0.00689	0.01034	0.01421	0.01895	0.04092	0.73426	0.04910	0.02326	0.00948	0.00301	0.00431	0.02110	0.00689	0.00603
21	0.79154	0.01436	0.01091	0.00976	0.01436	0.01665	0.00804	0.02182	0.01263	0.03331	0.01034	0.01206	0.00804	0.00689	0.00459	0.00230	0.00574	0.00402	0.00459	0.00804
22	0.02216	0.01778	0.01887	0.01586	0.02071	0.02019	0.01264	0.27760	0.43522	0.03701	0.02552	0.02396	0.01886	0.00963	0.00751	0.00241	0.00674	0.00775	0.00751	0.01208
23	0.01289	0.00645	0.00967	0.00967	0.00967	0.00645	0.00645	0.00967	0.00967	0.01289	0.01289	0.02257	0.01289	0.02579	0.02901	0.78401	0.00645	0.00645	0.00322	0.00322
24	0.01752	0.02003	0.04380	0.03129	0.03880	0.01877	0.66583	0.02378	0.01752	0.02378	0.01502	0.02003	0.01126	0.00626	0.00876	0.00250	0.01252	0.00876	0.00375	0.01001
25	0.00885	0.00752	0.00763	0.00760	0.01008	0.00630	0.00570	0.01081	0.01711	0.02050	0.10334	0.07071	0.66137	0.01863	0.00877	0.00250	0.00375	0.01556	0.00695	0.00630
26	0.01010	0.00733	0.00857	0.00854	0.00968	0.00683	0.00573	0.01171	0.01561	0.02078	0.24108	0.11382	0.19200	0.29323	0.01991	0.00429	0.00504	0.01358	0.00637	0.00580
27	0.01402	0.01319	0.02227	0.72126	0.05113	0.01649	0.02062	0.01897	0.01484	0.01897	0.01319	0.01979	0.00990	0.00742	0.00742	0.00247	0.00990	0.00660	0.00330	0.00825
28	0.01402	0.01319	0.02227	0.72126	0.05113	0.01649	0.02062	0.01897	0.01484	0.01897	0.01319	0.01979	0.00990	0.00742	0.00742	0.00247	0.00990	0.00660	0.00330	0.00825
29	0.01715	0.05118	0.21051	0.02649	0.03437	0.05658	0.41499	0.02344	0.01702	0.02298	0.01525	0.04677	0.01214	0.00722	0.00809	0.00242	0.01167	0.00801	0.00370	0.01001
30	0.01691	0.32527	0.43144	0.01772	0.02681	0.02218	0.02144	0.02299	0.01543	0.02105	0.01210	0.01414	0.00945	0.00677	0.00612	0.00204	0.00974	0.00487	0.00315	0.01038
31	0.01837	0.01764	0.03013	0.04557	0.69279	0.01764	0.02278	0.02278	0.01690	0.02425	0.01396	0.01837	0.01176	0.00661	0.00735	0.00220	0.00882	0.00661	0.00367	0.01176
32	0.00906	0.00749	0.00770	0.00767	0.00989	0.00640	0.00560	0.01084	0.01652	0.01999	0.10169	0.06834	0.59182	0.09035	0.01166	0.00297	0.00409	0.01507	0.00672	0.00613
33	0.01840	0.02410	0.18577	0.03528	0.41838	0.08110	0.04323	0.02454	0.05379	0.02388	0.01452	0.01786	0.01160	0.00699	0.00728	0.00224	0.00970	0.00635	0.00378	0.01123
34	0.01317	0.00998	0.01279	0.01379	0.01595	0.01049	0.01164	0.02016	0.15608	0.02389	0.03749	0.10807	0.03886	0.01847	0.00964	0.00321	0.00649	0.47502	0.00699	0.00782
35	0.00904	0.00646	0.00861	0.01034	0.01077	0.00603	0.00689	0.01034	0.01421	0.01895	0.04092	0.73426	0.04910	0.02326	0.00948	0.00301	0.00431	0.02110	0.00689	0.00603
36	0.01632	0.24232	0.50927	0.01871	0.02835	0.02075	0.02317	0.02314	0.01550	0.02176	0.01245	0.01458	0.00944	0.00685	0.00639	0.00213	0.01009	0.00505	0.00315	0.01055
37	0.01083	0.00828	0.01236	0.01223	0.01351	0.00982	0.00956	0.01344	0.01191	0.01726	0.01948	0.02865	0.01821	0.05397	0.68230	0.01158	0.04807	0.00790	0.00395	0.00669
38	0.01485	0.01460	0.02639	0.56733	0.08209	0.01695	0.13209	0.01999	0.01541	0.02007	0.01355	0.01976	0.01023	0.00718	0.00765	0.00247	0.01029	0.00697	0.00340	0.00873
39	0.05327	0.02018	0.08797	0.11350	0.07494	0.01822	0.47380	0.02303	0.01680	0.02365	0.01439	0.01921	0.01084	0.00651	0.00820	0.00246	0.01156	0.00791	0.00369	0.00988
40	0.02041	0.02235	0.06574	0.08760	0.35083	0.14960	0.08786	0.08141	0.01913	0.02460	0.01385	0.01751	0.01109	0.00707	0.00737	0.00221	0.01022	0.00643	0.00399	0.01074
41	0.01402	0.01319	0.02227	0.72126	0.05113	0.01649	0.02062	0.01897	0.01484	0.01897	0.01319	0.01979	0.00990	0.00742	0.00742	0.00247	0.00990	0.00660	0.00330	0.00825
42	0.00904	0.00646	0.00861	0.01034	0.01077	0.00603	0.00689	0.01034	0.01421	0.01895	0.04092	0.73426	0.04910	0.02326	0.00948	0.00301	0.00431	0.02110	0.00689	0.00603
43	0.01956	0.08990	0.15560	0.08416	0.05321	0.11367	0.20972	0.02498	0.03516	0.08648	0.01645	0.04845	0.01301	0.00783	0.00750	0.00230	0.01045	0.00728	0.00431	0.00998
44	0.01129	0.00813	0.01114	0.01268	0.01422	0.00798	0.01066	0.01430	0.01678	0.02190	0.06736	0.18530	0.07519	0.02065	0.01000	0.00327	0.00616	0.48939	0.00690	0.00669
45	0.01583	0.17244	0.57485	0.01955	0.02964	0.01955	0.02463	0.02327	0.01556	0.02236	0.01275	0.01496	0.00943	0.00692	0.00662	0.00221	0.01039	0.00520	0.00314	0.01070
46	0.01539	0.01319	0.01539	0.01100	0.01759	0.00990	0.00880	0.01869	0.01539	0.02419	0.01319	0.01539	0.01100	0.00550	0.00550	0.00110	0.00550	0.00440	0.00440	0.78449
47	0.00985	0.00728	0.00937	0.01058	0.01183	0.00679	0.00796	0.01197	0.01599	0.02086	0.09919	0.39192	0.16753	0.02108	0.00949	0.00297	0.00478	0.17723	0.00698	0.00636
48	0.02014	0.02288	0.05686	0.05754	0.31301	0.21290	0.06283	0.02404	0.01784	0.02219	0.01399	0.01876	0.01182	0.00726	0.00715	0.00209	0.01011	0.02597	0.00386	0.08879
49	0.07581	0.00748	0.00826	0.00881	0.00981	0.00746	0.00587	0.01286	0.01345	0.02060	0.03118	0.29720	0.06010	0.23302	0.01664	0.00392	0.00510	0.01348	0.16302	0.00593
50	0.06286	0.06082	0.02180	0.01947	0.05311	0.55987	0.01435	0.08251	0.02138	0.02154	0.01202	0.01387	0.00985	0.00762	0.00661	0.00196	0.01216	0.00496	0.00413	0.00910
51	0.04497	0.15982	0.12476	0.01529	0.02077	0.12539	0.01420	0.10285	0.06880	0.08470	0.02216	0.02292	0.08157	0.01155	0.04357	0.00267	0.03224	0.00678	0.00512	0.00985
52	0.01268	0.08217	0.03955	0.01189	0.01505	0.01168	0.03482	0.01856	0.12366	0.02446	0.21517	0.12747	0.18181	0.01493	0.00830	0.00249	0.00531	0.05530	0.00672	0.00799
53	0.02035	0.01515	0.01800	0.01497	0.01868	0.01690	0.01207	0.28189	0.05686	0.06886	0.04510	0.08003	0.01909	0.01854	0.12743	0.00400	0.10503	0.00828	0.00617	0.06259
54	0.01724	0.01417	0.01626	0.01196	0.01822	0.01189	0.00959	0.12421	0.01853	0.02767	0.01501	0.04340	0.01272	0.00674	0.00596	0.00136	0.00589	0.00541	0.00499	0.62878
55	0.02270	0.01693	0.01860	0.01481	0.01974	0.01787	0.01185	0.44698	0.02795	0.03794	0.02105	0.13233	0.01873	0.03877	0.00865	0.00238	0.00714	0.00881	0.00680	0.11998

[dist]
# distance from previous block
# <min> <max>
0	1

[block]
# block no. 2 follows, 27 sequences, length 82
# corresponding to MSA columns:
# 169-250
name=unknown_C
#
# <colnr> <probs for GDERKNQSTAVLIFYWHMCP>
#	G	D	E	R	K	N	Q	S	T	A	V	L	I	F	Y	W	H	M	C	P
0	0.08197	0.06489	0.44376	0.02585	0.19422	0.01787	0.02392	0.02312	0.01569	0.02424	0.01308	0.01586	0.00988	0.00690	0.00681	0.00227	0.00985	0.00557	0.00339	0.01085
1	0.02233	0.08783	0.16221	0.02290	0.10803	0.32654	0.06326	0.05521	0.04320	0.02207	0.01327	0.01552	0.01053	0.00734	0.00690	0.00209	0.01134	0.00558	0.00391	0.00994
2	0.01014	0.00728	0.00943	0.01053	0.01139	0.00696	0.00725	0.04207	0.01606	0.02164	0.12167	0.61445	0.05001	0.02155	0.00929	0.00289	0.00439	0.01945	0.00708	0.00647
3	0.02026	0.54411	0.08897	0.01619	0.04767	0.10997	0.04102	0.02331	0.01602	0.01855	0.01103	0.01297	0.00968	0.00657	0.00544	0.00175	0.00906	0.00449	0.00329	0.00964
4	0.02679	0.05398	0.02119	0.01609	0.02133	0.07431	0.01317	0.34219	0.12695	0.16549	0.02072	0.02006	0.01475	0.00909	0.00798	0.00227	0.03788	0.00681	0.00713	0.01184
5	0.00996	0.00714	0.00926	0.01066	0.01135	0.00684	0.00723	0.04161	0.01520	0.02027	0.03982	0.70019	0.04737	0.02258	0.00938	0.00298	0.00449	0.02042	0.00692	0.00634
6	0.01489	0.03840	0.70064	0.02116	0.03213	0.01724	0.02743	0.02351	0.01567	0.02351	0.01332	0.01567	0.00940	0.00705	0.00705	0.00235	0.01097	0.00549	0.00313	0.01097
7	0.01080	0.00720	0.00810	0.00810	0.00810	0.00720	0.00450	0.01080	0.01080	0.01439	0.02339	0.04858	0.02699	0.73910	0.03779	0.00720	0.00720	0.01080	0.00450	0.00450
8	0.01400	0.01260	0.02080	0.65315	0.04708	0.01558	0.01915	0.01881	0.01491	0.01980	0.01425	0.02054	0.01077	0.00754	0.00721	0.00240	0.00928	0.00663	0.07739	0.00812
9	0.01452	0.01371	0.02317	0.64350	0.12497	0.01663	0.02087	0.01941	0.01508	0.01958	0.01328	0.01963	0.01011	0.00733	0.00741	0.00244	0.00977	0.00660	0.00334	0.00865
10	0.01051	0.00759	0.00992	0.00934	0.01109	0.00700	0.00700	0.01401	0.02101	0.02977	0.68888	0.05545	0.07005	0.01518	0.00876	0.00233	0.00350	0.01343	0.00817	0.00700
11	0.01684	0.01160	0.01544	0.03729	0.06762	0.01135	0.03907	0.10362	0.04073	0.12486	0.10858	0.15866	0.17462	0.04363	0.00951	0.00267	0.00595	0.01226	0.00687	0.00882
12	0.04655	0.00795	0.00807	0.00769	0.00976	0.00807	0.00581	0.04229	0.01616	0.05139	0.02355	0.02751	0.01867	0.04098	0.00677	0.00203	0.00399	0.00698	0.65849	0.00727
13	0.01800	0.01695	0.02845	0.19159	0.48466	0.01777	0.04688	0.06218	0.01760	0.02448	0.01408	0.01872	0.01138	0.00692	0.00743	0.00228	0.00916	0.00670	0.00383	0.01097
14	0.79154	0.01436	0.01091	0.00976	0.01436	0.01665	0.00804	0.02182	0.01263	0.03331	0.01034	0.01206	0.00804	0.00689	0.00459	0.00230	0.00574	0.00402	0.00459	0.00804
15	0.01188	0.00823	0.01095	0.01019	0.01187	0.00818	0.00769	0.01490	0.01874	0.05835	0.49697	0.04860	0.05549	0.07426	0.09525	0.00389	0.03827	0.01198	0.00722	0.00709
16	0.01067	0.00715	0.00813	0.00825	0.00828	0.00712	0.00467	0.01076	0.01103	0.01471	0.02461	0.09644	0.02853	0.68914	0.03581	0.00691	0.00700	0.01152	0.00467	0.00461
17	0.01894	0.65967	0.06247	0.01297	0.01911	0.02736	0.01301	0.02159	0.01486	0.01768	0.01117	0.01338	0.01022	0.01017	0.05907	0.00241	0.00898	0.00433	0.00324	0.00936
18	0.01592	0.20596	0.51741	0.01880	0.02832	0.01985	0.02325	0.02283	0.01540	0.02184	0.01284	0.01526	0.00977	0.00865	0.03197	0.00252	0.01057	0.00521	0.00317	0.01047
19	0.04452	0.01942	0.08365	0.09072	0.40766	0.01794	0.15205	0.05006	0.01739	0.02495	0.01411	0.01837	0.01124	0.00675	0.00753	0.00230	0.00968	0.00687	0.00381	0.01098
20	0.05111	0.01549	0.02573	0.34774	0.37387	0.01708	0.02115	0.02102	0.01579	0.02228	0.01346	0.01873	0.01075	0.00699	0.00726	0.00233	0.00917	0.00649	0.00355	0.01001
21	0.02822	0.02079	0.02228	0.01708	0.02302	0.02302	0.01411	0.66804	0.03490	0.04679	0.01782	0.01782	0.01262	0.00891	0.00743	0.00223	0.00817	0.00668	0.00743	0.01262
22	0.00877	0.00752	0.00752	0.00752	0.01003	0.00627	0.00564	0.01065	0.01692	0.02005	0.07520	0.07144	0.68978	0.01880	0.00877	0.00251	0.00376	0.01567	0.00689	0.00627
23	0.01066	0.00774	0.01085	0.01085	0.01180	0.00869	0.00793	0.01256	0.01161	0.01643	0.02087	0.03464	0.02093	0.24825	0.52035	0.01060	0.01631	0.00875	0.00412	0.00603
24	0.00987	0.00735	0.00919	0.00919	0.01082	0.00666	0.00672	0.01261	0.01884	0.02568	0.43794	0.19680	0.18593	0.01753	0.00891	0.00251	0.00372	0.01542	0.00766	0.00666
25	0.79154	0.01436	0.01091	0.00976	0.01436	0.01665	0.00804	0.02182	0.01263	0.03331	0.01034	0.01206	0.00804	0.00689	0.00459	0.00230	0.00574	0.00402	0.00459	0.00804
26	0.01539	0.01319	0.01539	0.01100	0.01759	0.00990	0.00880	0.01869	0.01539	0.02419	0.01319	0.01539	0.01100	0.00550	0.00550	0.00110	0.00550	0.00440	0.00440	0.78449
27	0.01402	0.01319	0.02227	0.72126	0.05113	0.01649	0.02062	0.01897	0.01484	0.01897	0.01319	0.01979	0.00990	0.00742	0.00742	0.00247	0.00990	0.00660	0.00330	0.00825
28	0.02822	0.02079	0.02228	0.01708	0.02302	0.02302	0.01411	0.66804	0.03490	0.04679	0.01782	0.01782	0.01262	0.00891	0.00743	0.00223	0.00817	0.00668	0.00743	0.01262
29	0.01402	0.01319	0.02227	0.72126	0.05113	0.01649	0.02062	0.01897	0.01484	0.01897	0.01319	0.01979	0.00990	0.00742	0.00742	0.00247	0.00990	0.00660	0.00330	0.00825
30	0.02822	0.02079	0.02228	0.01708	0.02302	0.02302	0.01411	0.66804	0.03490	0.04679	0.01782	0.01782	0.01262	0.00891	0.00743	0.00223	0.00817	0.00668	0.00743	0.01262
31	0.00877	0.00752	0.00752	0.00752	0.01003	0.00627	0.00564	0.01065	0.01692	0.02005	0.07520	0.07144	0.68978	0.01880	0.00877	0.00251	0.00376	0.01567	0.00689	0.00627
32	0.02822	0.02079	0.02228	0.01708	0.02302	0.02302	0.01411	0.66804	0.03490	0.04679	0.01782	0.01782	0.01262	0.00891	0.00743	0.00223	0.00817	0.00668	0.00743	0.01262
33	0.79154	0.01436	0.01091	0.00976	0.01436	0.01665	0.00804	0.02182	0.01263	0.03331	0.01034	0.01206	0.00804	0.00689	0.00459	0.00230	0.00574	0.00402	0.00459	0.00804
34	0.01039	0.00758	0.00976	0.00921	0.01102	0.00695	0.00691	0.01377	0.02073	0.02909	0.64599	0.05657	0.11336	0.01543	0.00876	0.00235	0.00352	0.01358	0.00808	0.00695
35	0.01846	0.01595	0.01679	0.01511	0.01930	0.01846	0.01175	0.03945	0.67938	0.03105	0.03022	0.02770	0.02266	0.01007	0.00755	0.00252	0.00588	0.00839	0.00755	0.01175
36	0.01489	0.03840	0.70064	0.02116	0.03213	0.01724	0.02743	0.02351	0.01567	0.02351	0.01332	0.01567	0.00940	0.00705	0.00705	0.00235	0.01097	0.00549	0.00313	0.01097
37	0.02773	0.03538	0.02104	0.01913	0.02295	0.70930	0.01434	0.02964	0.02104	0.01817	0.01148	0.01339	0.00956	0.00765	0.00669	0.00191	0.01339	0.00478	0.00383	0.00861
38	0.79154	0.01436	0.01091	0.00976	0.01436	0.01665	0.00804	0.02182	0.01263	0.03331	0.01034	0.01206	0.00804	0.00689	0.00459	0.00230	0.00574	0.00402	0.00459	0.00804
39	0.01112	0.00857	0.01236	0.01208	0.01312	0.01017	0.00925	0.01333	0.01173	0.01692	0.01947	0.03060	0.01890	0.14180	0.56206	0.01056	0.07930	0.00820	0.00398	0.00648
40	0.01063	0.00787	0.01149	0.01149	0.01267	0.00904	0.00873	0.01298	0.01180	0.01691	0.02029	0.03138	0.01952	0.13382	0.63286	0.01139	0.01843	0.00828	0.00404	0.00638
41	0.01002	0.00731	0.00942	0.00944	0.01093	0.00671	0.00687	0.01287	0.01907	0.02643	0.48618	0.21920	0.11308	0.01739	0.00893	0.00251	0.00371	0.01544	0.00777	0.00671
42	0.00877	0.00752	0.00752	0.00752	0.01003	0.00627	0.00564	0.01065	0.01692	0.02005	0.07520	0.07144	0.68978	0.01880	0.00877	0.00251	0.00376	0.01567	0.00689	0.00627
43	0.01846	0.01595	0.01679	0.01511	0.01930	0.01846	0.01175	0.03945	0.67938	0.03105	0.03022	0.02770	0.02266	0.01007	0.00755	0.00252	0.00588	0.00839	0.00755	0.01175
44	0.01539	0.01319	0.01539	0.01100	0.01759	0.00990	0.00880	0.01869	0.01539	0.02419	0.01319	0.01539	0.01100	0.00550	0.00550	0.00110	0.00550	0.00440	0.00440	0.78449
45	0.00904	0.00646	0.00861	0.01034	0.01077	0.00603	0.00689	0.01034	0.01421	0.01895	0.04092	0.73426	0.04910	0.02326	0.00948	0.00301	0.00431	0.02110	0.00689	0.00603
46	0.01154	0.00826	0.01143	0.01284	0.01445	0.00815	0.01091	0.01481	0.01739	0.02298	0.12629	0.12971	0.04687	0.02001	0.00999	0.00324	0.00620	0.51112	0.00702	0.00680
47	0.01539	0.01319	0.01539	0.01100	0.01759	0.00990	0.00880	0.01869	0.01539	0.02419	0.01319	0.01539	0.01100	0.00550	0.00550	0.00110	0.00550	0.00440	0.00440	0.78449
48	0.00935	0.00731	0.00836	0.00856	0.01036	0.00644	0.00618	0.01143	0.01713	0.02201	0.21921	0.19901	0.37759	0.05071	0.01020	0.00277	0.00396	0.01598	0.00711	0.00633
49	0.02055	0.01549	0.03950	0.01344	0.01938	0.01364	0.01127	0.13516	0.01942	0.13527	0.01630	0.01748	0.01231	0.00735	0.00774	0.00170	0.06522	0.00549	0.00556	0.43772
50	0.26069	0.17063	0.02157	0.01487	0.01953	0.33091	0.01207	0.05280	0.01785	0.02389	0.01116	0.01287	0.00922	0.00721	0.00569	0.00198	0.00972	0.00446	0.00408	0.00879
51	0.02064	0.36688	0.05891	0.01574	0.04772	0.15435	0.01349	0.07621	0.01782	0.02147	0.01397	0.04902	0.01251	0.00809	0.00656	0.00190	0.03560	0.00567	0.06410	0.00934
52	0.01740	0.01212	0.01464	0.01142	0.01677	0.00978	0.00895	0.02102	0.04313	0.13340	0.02103	0.13470	0.01888	0.00918	0.00655	0.00166	0.00545	0.00778	0.00571	0.50041
53	0.01775	0.34788	0.27514	0.02164	0.13072	0.02276	0.04508	0.02284	0.01568	0.02095	0.01216	0.01460	0.00990	0.00664	0.00615	0.00199	0.00934	0.00512	0.00326	0.01042
54	0.02763	0.02048	0.02228	0.04655	0.02420	0.02275	0.01438	0.64088	0.03406	0.04562	0.01763	0.01791	0.01251	0.00885	0.00743	0.00224	0.00824	0.00668	0.00725	0.01244
55	0.01154	0.00833	0.01084	0.01061	0.01249	0.00800	0.00833	0.04348	0.02055	0.02854	0.49902	0.08829	0.06102	0.01632	0.00903	0.00258	0.00442	0.14163	0.00781	0.00718
56	0.04736	0.01944	0.03904	0.05531	0.08923	0.01885	0.51616	0.07340	0.01854	0.02579	0.01491	0.01942	0.01124	0.00656	0.00834	0.00245	0.01154	0.00817	0.00405	0.01022
57	0.02312	0.01596	0.01781	0.01429	0.01889	0.01678	0.01138	0.37319	0.04670	0.10114	0.02165	0.05534	0.01836	0.12348	0.01220	0.00300	0.00732	0.03480	0.00684	0.07775
58	0.01539	0.01319	0.01539	0.01100	0.01759	0.00990	0.00880	0.01869	0.01539	0.02419	0.01319	0.01539	0.01100	0.00550	0.00550	0.00110	0.00550	0.00440	0.00440	0.78449
59	0.00920	0.00754	0.00811	0.00797	0.01029	0.00645	0.00598	0.01148	0.01793	0.02244	0.22591	0.06752	0.53759	0.01791	0.00877	0.00246	0.00370	0.01512	0.00721	0.00645
60	0.00904	0.00646	0.00861	0.01034	0.01077	0.00603	0.00689	0.01034	0.01421	0.01895	0.04092	0.73426	0.04910	0.02326	0.00948	0.00301	0.00431	0.02110	0.00689	0.00603
61	0.01051	0.00759	0.00992	0.00934	0.01109	0.00700	0.00700	0.01401	0.02101	0.02977	0.68888	0.05545	0.07005	0.01518	0.00876	0.00233	0.00350	0.01343	0.00817	0.00700
62	0.02773	0.03538	0.02104	0.01913	0.02295	0.70930	0.01434	0.02964	0.02104	0.01817	0.01148	0.01339	0.00956	0.00765	0.00669	0.00191	0.01339	0.00478	0.00383	0.00861
63	0.01402	0.01319	0.02227	0.72126	0.05113	0.01649	0.02062	0.01897	0.01484	0.01897	0.01319	0.01979	0.00990	0.00742	0.00742	0.00247	0.00990	0.00660	0.00330	0.00825
64	0.79154	0.01436	0.01091	0.00976	0.01436	0.01665	0.00804	0.02182	0.01263	0.03331	0.01034	0.01206	0.00804	0.00689	0.00459	0.00230	0.00574	0.00402	0.00459	0.00804
65	0.01289	0.00645	0.00967	0.00967	0.00967	0.00645	0.00645	0.00967	0.00967	0.01289	0.01289	0.02257	0.01289	0.02579	0.02901	0.78401	0.00645	0.00645	0.00322	0.00322
66	0.01160	0.00783	0.01027	0.00952	0.01147	0.00719	0.00719	0.01507	0.02103	0.06170	0.65736	0.05401	0.06758	0.01489	0.00869	0.00233	0.00364	0.01314	0.00822	0.00727
67	0.01539	0.01319	0.01539	0.01100	0.01759	0.00990	0.00880	0.01869	0.01539	0.02419	0.01319	0.01539	0.01100	0.00550	0.00550	0.00110	0.00550	0.00440	0.00440	0.78449
68	0.01402	0.01319	0.02227	0.72126	0.05113	0.01649	0.02062	0.01897	0.01484	0.01897	0.01319	0.01979	0.00990	0.00742	0.00742	0.00247	0.00990	0.00660	0.00330	0.00825
69	0.02632	0.02194	0.02079	0.01664	0.02193	0.12982	0.01344	0.49148	0.06226	0.03966	0.02142	0.02134	0.05989	0.00946	0.00741	0.00221	0.00857	0.00709	0.00683	0.01151
70	0.01289	0.00645	0.00967	0.00967	0.00967	0.00645	0.00645	0.00967	0.00967	0.01289	0.01289	0.02257	0.01289	0.02579	0.02901	0.78401	0.00645	0.00645	0.00322	0.00322
71	0.01559	0.01479	0.02510	0.47801	0.28213	0.01691	0.02140	0.02034	0.01559	0.02087	0.01347	0.01928	0.01057	0.00713	0.00740	0.00238	0.00951	0.00660	0.00343	0.00951
72	0.01800	0.48035	0.28591	0.01586	0.02393	0.02485	0.01820	0.02271	0.01530	0.01972	0.01144	0.01331	0.00948	0.00661	0.00562	0.00187	0.00907	0.00454	0.00316	0.01007
73	0.01789	0.01715	0.02926	0.12018	0.62194	0.01751	0.02254	0.02236	0.01668	0.02367	0.01388	0.01853	0.01155	0.00670	0.00736	0.00223	0.00894	0.00661	0.00363	0.01137
74	0.02510	0.01630	0.01823	0.01447	0.01905	0.01734	0.01148	0.41156	0.02725	0.15116	0.02166	0.05001	0.01762	0.14863	0.01329	0.00321	0.00753	0.00811	0.00715	0.01085
75	0.01296	0.01000	0.01338	0.01230	0.01454	0.00961	0.05156	0.09511	0.01731	0.02364	0.08533	0.38997	0.03745	0.10246	0.01207	0.00313	0.00573	0.01500	0.00633	0.08214
76	0.01500	0.03459	0.58744	0.02255	0.05973	0.01689	0.07892	0.02292	0.01581	0.02336	0.01471	0.04800	0.01142	0.00769	0.00731	0.00239	0.01071	0.00650	0.00338	0.01071
77	0.01730	0.06724	0.01521	0.01183	0.01514	0.04314	0.00937	0.10484	0.06881	0.10499	0.24556	0.07271	0.11154	0.04766	0.00942	0.00257	0.00573	0.03105	0.00716	0.00874
78	0.02259	0.01565	0.01730	0.01439	0.01871	0.04845	0.01141	0.22349	0.10775	0.16062	0.05402	0.13528	0.02295	0.01151	0.00835	0.00235	0.03675	0.00936	0.00714	0.07194
79	0.06681	0.09825	0.12489	0.05032	0.05813	0.01813	0.27522	0.02378	0.01653	0.08758	0.01489	0.01797	0.01119	0.00695	0.00793	0.00225	0.03676	0.00677	0.00419	0.07147
80	0.02331	0.33454	0.11072	0.01496	0.02156	0.02082	0.04508	0.07286	0.01869	0.21774	0.04058	0.01856	0.01449	0.00774	0.00634	0.00200	0.00792	0.00592	0.00542	0.01076
81	0.17414	0.35106	0.12845	0.03796	0.02105	0.04414	0.01401	0.04768	0.01585	0.05051	0.01343	0.04794	0.01159	0.00766	0.00566	0.00201	0.00796	0.00539	0.00407	0.00945

[dist]
# distance from previous block
# <min> <max>
4	10

[block]
# block no. 3 follows, 27 sequences, length 18
# corresponding to MSA columns:
# 261-278
name=unknown_D
#
# <colnr> <probs for GDERKNQSTAVLIFYWHMCP>
#	G	D	E	R	K	N	Q	S	T	A	V	L	I	F	Y	W	H	M	C	P
0	0.02248	0.01595	0.05745	0.01388	0.01933	0.01436	0.01179	0.21886	0.05362	0.18304	0.10355	0.06031	0.02278	0.00975	0.00731	0.00210	0.00652	0.00798	0.00705	0.16190
1	0.02120	0.01672	0.04314	0.01802	0.10956	0.01547	0.01308	0.24322	0.02289	0.09085	0.02079	0.03796	0.05502	0.00844	0.00693	0.00192	0.00699	0.00688	0.00593	0.25502
2	0.06797	0.01422	0.01583	0.01288	0.01730	0.01464	0.01034	0.25568	0.06372	0.09690	0.20244	0.03253	0.07834	0.01100	0.00756	0.00221	0.00592	0.00897	0.00733	0.07421
3	0.01605	0.01685	0.03264	0.02575	0.07098	0.01632	0.40216	0.02184	0.05571	0.02320	0.02110	0.10511	0.04625	0.00938	0.00938	0.00250	0.05148	0.00994	0.00449	0.05889
4	0.01865	0.05203	0.25470	0.06404	0.08177	0.01844	0.13100	0.11419	0.09442	0.05051	0.01664	0.01872	0.01225	0.00750	0.00738	0.00231	0.00960	0.00668	0.00464	0.03454
5	0.11040	0.12239	0.06619	0.01719	0.02289	0.14300	0.05270	0.29822	0.02435	0.03259	0.01416	0.01554	0.01079	0.00797	0.00718	0.00215	0.03069	0.00572	0.00529	0.01059
6	0.11724	0.03140	0.49709	0.01928	0.02858	0.01672	0.05405	0.02493	0.03691	0.08488	0.01497	0.01665	0.01053	0.00728	0.00687	0.00235	0.00980	0.00572	0.00403	0.01072
7	0.01713	0.01746	0.05845	0.23929	0.19594	0.01740	0.14535	0.06129	0.07864	0.02449	0.01559	0.01964	0.01200	0.00719	0.00754	0.00231	0.00944	0.00700	0.00418	0.05966
8	0.05005	0.01897	0.02081	0.09537	0.09757	0.09079	0.01457	0.30456	0.06373	0.07528	0.05703	0.02231	0.03771	0.00905	0.00737	0.00226	0.00824	0.00719	0.00623	0.01091
9	0.02633	0.01903	0.02073	0.01617	0.02138	0.02098	0.01317	0.58702	0.03180	0.04262	0.01722	0.01841	0.01266	0.01099	0.01008	0.09843	0.00796	0.00665	0.00691	0.01147
10	0.01278	0.00649	0.00958	0.00958	0.00958	0.00649	0.00634	0.00973	0.00973	0.01298	0.01348	0.02402	0.01368	0.06562	0.02950	0.74064	0.00649	0.00669	0.00329	0.00329
11	0.07614	0.00709	0.00977	0.00968	0.01005	0.00728	0.00658	0.01066	0.00991	0.01455	0.01269	0.02171	0.01250	0.02425	0.02703	0.72052	0.00639	0.00625	0.00334	0.00361
12	0.01462	0.01320	0.02224	0.32624	0.21388	0.01453	0.04527	0.01858	0.01550	0.02072	0.01909	0.08585	0.01803	0.01103	0.00904	0.04063	0.00870	0.09004	0.00416	0.00866
13	0.01079	0.00744	0.00879	0.00879	0.00924	0.00734	0.00534	0.01129	0.01149	0.01559	0.02471	0.12590	0.02820	0.56930	0.08449	0.00679	0.00775	0.01149	0.00473	0.04052
14	0.06394	0.00844	0.01159	0.06796	0.01421	0.00900	0.00820	0.05400	0.01192	0.01690	0.01308	0.02136	0.01232	0.02199	0.02429	0.61956	0.00679	0.00632	0.00359	0.00455
15	0.02619	0.01942	0.02096	0.01653	0.02196	0.02147	0.01355	0.57735	0.07310	0.04371	0.02037	0.05533	0.01594	0.01004	0.00762	0.00232	0.00780	0.02688	0.00739	0.01207
16	0.01927	0.01876	0.02933	0.04301	0.62988	0.05678	0.02198	0.04745	0.01781	0.02476	0.01397	0.01807	0.01167	0.00676	0.00732	0.00219	0.00905	0.00651	0.00382	0.01161
17	0.01859	0.06036	0.08962	0.03738	0.50212	0.01858	0.02121	0.05291	0.07988	0.02544	0.01540	0.01862	0.01249	0.00707	0.00720	0.00221	0.00866	0.00653	0.00413	0.01160

[dist]
# distance from previous block
# <min> <max>
7	9

[block]
# block no. 4 follows, 27 sequences, length 95
# corresponding to MSA columns:
# 288-382
name=unknown_E
#
# <colnr> <probs for GDERKNQSTAVLIFYWHMCP>
#	G	D	E	R	K	N	Q	S	T	A	V	L	I	F	Y	W	H	M	C	P
0	0.03983	0.04335	0.01207	0.00989	0.01276	0.00916	0.00768	0.01689	0.04425	0.07600	0.37869	0.08131	0.15483	0.01411	0.00808	0.00227	0.00431	0.01210	0.00732	0.06510
1	0.01840	0.01558	0.04865	0.01280	0.01915	0.01283	0.01077	0.13311	0.04852	0.06074	0.01638	0.03879	0.01324	0.00709	0.00621	0.00153	0.00624	0.00568	0.00531	0.51899
2	0.02535	0.01567	0.01917	0.01520	0.02048	0.01605	0.04231	0.20724	0.17828	0.25631	0.07026	0.02518	0.02069	0.00943	0.00754	0.00229	0.00678	0.00780	0.00779	0.04619
3	0.01137	0.00810	0.01077	0.01002	0.01208	0.00735	0.02976	0.01422	0.01891	0.05834	0.41302	0.13791	0.17862	0.04395	0.00990	0.00264	0.00424	0.01423	0.00753	0.00703
4	0.02113	0.01636	0.02125	0.02472	0.23567	0.03643	0.01534	0.05679	0.28736	0.13424	0.02425	0.02615	0.01865	0.00920	0.00757	0.00240	0.00724	0.03724	0.00642	0.01161
5	0.01795	0.01448	0.01659	0.01237	0.01837	0.01278	0.00996	0.16888	0.02004	0.02941	0.04620	0.01839	0.01445	0.00877	0.03457	0.00186	0.00661	0.00550	0.00526	0.53755
6	0.01288	0.06964	0.01420	0.01209	0.04344	0.01129	0.00890	0.01931	0.13786	0.02785	0.42850	0.04676	0.11157	0.01350	0.00815	0.00232	0.00455	0.01166	0.00733	0.00820
7	0.01489	0.03840	0.70064	0.02116	0.03213	0.01724	0.02743	0.02351	0.01567	0.02351	0.01332	0.01567	0.00940	0.00705	0.00705	0.00235	0.01097	0.00549	0.00313	0.01097
8	0.01044	0.00759	0.00983	0.00927	0.01105	0.00698	0.00695	0.01388	0.02086	0.02940	0.66539	0.05607	0.09377	0.01532	0.00876	0.00234	0.00351	0.01351	0.00812	0.00698
9	0.00994	0.00751	0.00918	0.00887	0.01077	0.00675	0.00661	0.01288	0.01952	0.02648	0.48289	0.09276	0.24548	0.01660	0.00880	0.00242	0.00361	0.01443	0.00775	0.00675
10	0.79154	0.01436	0.01091	0.00976	0.01436	0.01665	0.00804	0.02182	0.01263	0.03331	0.01034	0.01206	0.00804	0.00689	0.00459	0.00230	0.00574	0.00402	0.00459	0.00804
11	0.01051	0.00759	0.00992	0.00934	0.01109	0.00700	0.00700	0.01401	0.02101	0.02977	0.68888	0.05545	0.07005	0.01518	0.00876	0.00233	0.00350	0.01343	0.00817	0.00700
12	0.00952	0.00755	0.00856	0.00830	0.01049	0.00658	0.00623	0.01210	0.01868	0.02424	0.33965	0.06455	0.42272	0.01724	0.00877	0.00243	0.00365	0.01470	0.00744	0.00658
13	0.01402	0.01319	0.02227	0.72126	0.05113	0.01649	0.02062	0.01897	0.01484	0.01897	0.01319	0.01979	0.00990	0.00742	0.00742	0.00247	0.00990	0.00660	0.00330	0.00825
14	0.75722	0.01443	0.01117	0.01000	0.01458	0.01673	0.00820	0.02260	0.04224	0.03321	0.01122	0.01275	0.00869	0.00703	0.00473	0.00231	0.00575	0.00421	0.00473	0.00820
15	0.15852	0.01970	0.02034	0.01583	0.02154	0.02193	0.01307	0.55773	0.03110	0.04449	0.01655	0.01684	0.01184	0.00857	0.00694	0.00224	0.00775	0.00623	0.00694	0.01184
16	0.01489	0.03840	0.70064	0.02116	0.03213	0.01724	0.02743	0.02351	0.01567	0.02351	0.01332	0.01567	0.00940	0.00705	0.00705	0.00235	0.01097	0.00549	0.00313	0.01097
17	0.02043	0.02153	0.02814	0.03977	0.54585	0.16937	0.02093	0.02429	0.01781	0.02292	0.01342	0.01728	0.01128	0.00684	0.00721	0.00214	0.00982	0.00621	0.00371	0.01107
18	0.01539	0.01319	0.01539	0.01100	0.01759	0.00990	0.00880	0.01869	0.01539	0.02419	0.01319	0.01539	0.01100	0.00550	0.00550	0.00110	0.00550	0.00440	0.00440	0.78449
19	0.02822	0.02079	0.02228	0.01708	0.02302	0.02302	0.01411	0.66804	0.03490	0.04679	0.01782	0.01782	0.01262	0.00891	0.00743	0.00223	0.00817	0.00668	0.00743	0.01262
20	0.00884	0.00752	0.00762	0.00759	0.01007	0.00630	0.00570	0.01079	0.01709	0.02045	0.10002	0.07080	0.66472	0.01865	0.00877	0.00250	0.00375	0.01558	0.00695	0.00630
21	0.01080	0.00720	0.00810	0.00810	0.00810	0.00720	0.00450	0.01080	0.01080	0.01439	0.02339	0.04858	0.02699	0.73910	0.03779	0.00720	0.00720	0.01080	0.00450	0.00450
22	0.01051	0.00759	0.00992	0.00934	0.01109	0.00700	0.00700	0.01401	0.02101	0.02977	0.68888	0.05545	0.07005	0.01518	0.00876	0.00233	0.00350	0.01343	0.00817	0.00700
23	0.01539	0.01319	0.01539	0.01100	0.01759	0.00990	0.00880	0.01869	0.01539	0.02419	0.01319	0.01539	0.01100	0.00550	0.00550	0.00110	0.00550	0.00440	0.00440	0.78449
24	0.02755	0.01801	0.13663	0.01473	0.02151	0.01312	0.01387	0.09595	0.02099	0.43801	0.02352	0.02172	0.01539	0.00837	0.00717	0.00216	0.00722	0.00669	0.00741	0.09997
25	0.02773	0.03538	0.02104	0.01913	0.02295	0.70930	0.01434	0.02964	0.02104	0.01817	0.01148	0.01339	0.00956	0.00765	0.00669	0.00191	0.01339	0.00478	0.00383	0.00861
26	0.01943	0.71036	0.03759	0.01255	0.01869	0.02837	0.01245	0.02186	0.01535	0.01802	0.04094	0.01387	0.01226	0.00675	0.00494	0.00162	0.00774	0.00440	0.00340	0.00941
27	0.01508	0.01286	0.01506	0.01096	0.01726	0.00970	0.00870	0.01828	0.01534	0.02393	0.01457	0.05098	0.01288	0.00638	0.00569	0.00119	0.00544	0.00523	0.00452	0.74595
28	0.02516	0.05524	0.05198	0.01940	0.08746	0.20043	0.01473	0.26273	0.02480	0.08958	0.01753	0.02047	0.01363	0.00869	0.00711	0.00215	0.00926	0.03478	0.04412	0.01073
29	0.02754	0.01904	0.02085	0.01630	0.02197	0.02079	0.01336	0.49744	0.12228	0.13077	0.02106	0.02017	0.01477	0.00911	0.00745	0.00228	0.00761	0.00702	0.00768	0.01251
30	0.30526	0.01345	0.01401	0.10119	0.01930	0.01506	0.01005	0.14295	0.01741	0.06230	0.01654	0.02302	0.01411	0.15211	0.01222	0.00324	0.00690	0.00655	0.05594	0.00839
31	0.01752	0.02003	0.04380	0.03129	0.03880	0.01877	0.66583	0.02378	0.01752	0.02378	0.01502	0.02003	0.01126	0.00626	0.00876	0.00250	0.01252	0.00876	0.00375	0.01001
32	0.01289	0.00645	0.00967	0.00967	0.00967	0.00645	0.00645	0.00967	0.00967	0.01289	0.01289	0.02257	0.01289	0.02579	0.02901	0.78401	0.00645	0.00645	0.00322	0.00322
33	0.01080	0.00720	0.00810	0.00810	0.00810	0.00720	0.00450	0.01080	0.01080	0.01439	0.02339	0.04858	0.02699	0.73910	0.03779	0.00720	0.00720	0.01080	0.00450	0.00450
34	0.01061	0.00792	0.01178	0.01178	0.01305	0.00920	0.00909	0.01316	0.01189	0.01712	0.02002	0.02992	0.01889	0.08244	0.68337	0.01175	0.01939	0.00807	0.00400	0.00654
35	0.01035	0.00758	0.00971	0.00918	0.01100	0.00694	0.00688	0.01371	0.02065	0.02890	0.63389	0.05689	0.12558	0.01550	0.00876	0.00235	0.00353	0.01363	0.00806	0.00694
36	0.01985	0.74357	0.03890	0.01270	0.01905	0.02937	0.01270	0.02223	0.01508	0.01747	0.01032	0.01191	0.00953	0.00635	0.00476	0.00159	0.00794	0.00397	0.00318	0.00953
37	0.01089	0.00799	0.01025	0.00962	0.01149	0.00756	0.00723	0.01524	0.05278	0.02983	0.65709	0.05411	0.06776	0.01493	0.00870	0.00234	0.00362	0.01318	0.00814	0.00723
38	0.01781	0.01409	0.01632	0.01184	0.01832	0.01154	0.00954	0.09820	0.01804	0.05944	0.01453	0.01616	0.01155	0.00609	0.00583	0.00129	0.00586	0.00482	0.00500	0.65373
39	0.06841	0.01341	0.01736	0.01338	0.01908	0.01221	0.01105	0.08920	0.02200	0.61145	0.02743	0.02402	0.01740	0.00906	0.00733	0.00229	0.00645	0.00724	0.00882	0.01242
40	0.00941	0.00765	0.00844	0.00879	0.01103	0.00668	0.00684	0.01160	0.01700	0.02081	0.09510	0.10508	0.52019	0.01915	0.00906	0.00268	0.00430	0.12289	0.00694	0.00639
41	0.03306	0.01304	0.01748	0.01340	0.01915	0.01151	0.01107	0.06745	0.02192	0.66571	0.02872	0.02490	0.01809	0.00917	0.00746	0.00229	0.00641	0.00743	0.00910	0.01263
42	0.01418	0.01343	0.02220	0.55081	0.04354	0.01671	0.04248	0.01863	0.01493	0.01979	0.06251	0.02195	0.01435	0.00869	0.00981	0.00257	0.10436	0.00716	0.00367	0.00820
43	0.02909	0.01292	0.01656	0.01315	0.01831	0.01207	0.01071	0.06270	0.10898	0.51653	0.06077	0.02684	0.02124	0.00956	0.00743	0.00230	0.00607	0.00782	0.04498	0.01197
44	0.01668	0.01068	0.01133	0.00996	0.01278	0.01115	0.00774	0.17558	0.03970	0.03165	0.09362	0.03185	0.06961	0.03555	0.00755	0.00218	0.00483	0.00831	0.41091	0.00833
45	0.76009	0.01533	0.03884	0.01022	0.01508	0.01668	0.00882	0.02189	0.01276	0.03291	0.01046	0.01221	0.00809	0.00690	0.00469	0.00230	0.00595	0.00408	0.00454	0.00816
46	0.00903	0.00650	0.00857	0.01023	0.01074	0.00604	0.00685	0.01035	0.01431	0.01899	0.04218	0.70980	0.07275	0.02309	0.00945	0.00300	0.00429	0.02090	0.00689	0.00604
47	0.01628	0.01317	0.01548	0.01111	0.01766	0.00995	0.00890	0.01956	0.01568	0.05754	0.01399	0.01588	0.01136	0.00568	0.00560	0.00116	0.00554	0.00455	0.00464	0.74628
48	0.01600	0.03466	0.59221	0.04997	0.08040	0.01694	0.02603	0.02389	0.01600	0.05593	0.01413	0.01649	0.01003	0.00714	0.00711	0.00234	0.01055	0.00571	0.00347	0.01100
49	0.02557	0.22967	0.02594	0.01736	0.02188	0.52276	0.01389	0.02761	0.01940	0.01798	0.01116	0.01298	0.00955	0.00729	0.00616	0.00182	0.01189	0.00456	0.00365	0.00886
50	0.01915	0.01629	0.01717	0.01525	0.01956	0.01878	0.01192	0.08347	0.63425	0.03216	0.02935	0.02701	0.02196	0.00999	0.00754	0.00250	0.00604	0.00827	0.00754	0.01181
51	0.00920	0.00718	0.00824	0.00871	0.01033	0.00634	0.00619	0.01104	0.01636	0.02084	0.14957	0.28093	0.36613	0.05170	0.01028	0.00285	0.00405	0.01688	0.00697	0.00622
52	0.01049	0.00784	0.01169	0.01181	0.01307	0.00904	0.00910	0.01304	0.01210	0.01736	0.02143	0.08104	0.02081	0.05329	0.65817	0.01127	0.01874	0.00892	0.00419	0.00658
53	0.01011	0.00796	0.00918	0.00880	0.01101	0.00723	0.00662	0.01373	0.05095	0.02547	0.38176	0.06129	0.34581	0.01656	0.00871	0.00242	0.00373	0.01419	0.00757	0.00690
54	0.01514	0.07330	0.66788	0.02074	0.03148	0.01784	0.02670	0.02345	0.01564	0.02321	0.01317	0.01549	0.00941	0.00702	0.00694	0.00231	0.01082	0.00541	0.00314	0.01090
55	0.02122	0.64284	0.03590	0.01283	0.01905	0.02707	0.01248	0.02426	0.03730	0.08969	0.01297	0.01383	0.01089	0.00677	0.00514	0.00169	0.00770	0.00448	0.00395	0.00993
56	0.00915	0.00754	0.00804	0.00792	0.01026	0.00643	0.00594	0.01138	0.01781	0.02217	0.20872	0.06797	0.55495	0.01801	0.00877	0.00247	0.00370	0.01518	0.00717	0.00643
57	0.02539	0.03079	0.02144	0.01911	0.02224	0.53724	0.01472	0.05603	0.01968	0.01940	0.01141	0.01417	0.00974	0.00881	0.01036	0.00220	0.15950	0.00522	0.00387	0.00869
58	0.01564	0.14456	0.60102	0.01989	0.03016	0.01907	0.02521	0.02332	0.01558	0.02260	0.01287	0.01511	0.00942	0.00695	0.00671	0.00224	0.01051	0.00526	0.00314	0.01075
59	0.02496	0.08246	0.07097	0.01887	0.02294	0.53486	0.01538	0.02736	0.01914	0.01847	0.01133	0.01377	0.00957	0.00812	0.00859	0.00207	0.09371	0.00497	0.00367	0.00878
60	0.01011	0.00757	0.00937	0.00892	0.01085	0.00683	0.00669	0.01324	0.02007	0.02753	0.54738	0.05914	0.21294	0.01601	0.00876	0.00237	0.00356	0.01394	0.00788	0.00683
61	0.02526	0.26106	0.02693	0.01681	0.02171	0.40526	0.01379	0.10691	0.02086	0.02151	0.01190	0.01347	0.00993	0.00739	0.00617	0.00185	0.01099	0.00476	0.00407	0.00940
62	0.01626	0.01385	0.01716	0.13276	0.02378	0.01215	0.01127	0.07433	0.01697	0.02523	0.01359	0.01635	0.01095	0.00612	0.00599	0.00143	0.00648	0.00497	0.00447	0.58590
63	0.05913	0.02053	0.02182	0.01678	0.02267	0.02276	0.01386	0.64188	0.03400	0.04624	0.01752	0.01759	0.01244	0.00883	0.00731	0.00223	0.00807	0.00658	0.00731	0.01244
64	0.02388	0.05989	0.02089	0.13755	0.02637	0.46732	0.01455	0.05750	0.01992	0.02048	0.01312	0.01585	0.01058	0.00770	0.00664	0.00199	0.01145	0.00533	0.07036	0.00864
65	0.01539	0.01319	0.01539	0.01100	0.01759	0.00990	0.00880	0.01869	0.01539	0.02419	0.01319	0.01539	0.01100	0.00550	0.00550	0.00110	0.00550	0.00440	0.00440	0.78449
66	0.01061	0.00795	0.01193	0.01193	0.01326	0.00928	0.00928	0.01326	0.01193	0.01723	0.01988	0.02916	0.01856	0.05568	0.70968	0.01193	0.01988	0.00795	0.00398	0.00663
67	0.01539	0.01319	0.01539	0.01100	0.01759	0.00990	0.00880	0.01869	0.01539	0.02419	0.01319	0.01539	0.01100	0.00550	0.00550	0.00110	0.00550	0.00440	0.00440	0.78449
68	0.00981	0.00734	0.00910	0.00912	0.01078	0.00663	0.00667	0.01248	0.01867	0.02530	0.41395	0.19863	0.20892	0.01767	0.00891	0.00251	0.00373	0.01552	0.00761	0.00663
