[name]
unknown

[dist]
# distance from previous block
# <min> <max>
1	101

[block]
# block no. 0 follows, 27 sequences, length 18
# corresponding to MSA columns:
# 103-120
name=unknown_A
#
# <colnr> <probs for GDERKNQSTAVLIFYWHMCP>
#	G	D	E	R	K	N	Q	S	T	A	V	L	I	F	Y	W	H	M	C	P
0	0.09524	0.04258	0.01491	0.01131	0.01607	0.01198	0.00904	0.05279	0.06691	0.11054	0.09005	0.07648	0.02213	0.00921	0.00649	0.00187	0.00544	0.00751	0.05967	0.28978
1	0.01597	0.15464	0.52852	0.02069	0.03057	0.01941	0.08467	0.02332	0.01575	0.02252	0.01298	0.01545	0.00960	0.00686	0.00683	0.00224	0.01061	0.00554	0.00320	0.01064
2	0.01800	0.01557	0.02007	0.03493	0.02202	0.01524	0.08964	0.11462	0.20776	0.02886	0.02006	0.04973	0.01613	0.00816	0.00696	0.00195	0.00689	0.00713	0.00571	0.31056
3	0.01402	0.01319	0.02227	0.72126	0.05113	0.01649	0.02062	0.01897	0.01484	0.01897	0.01319	0.01979	0.00990	0.00742	0.00742	0.00247	0.00990	0.00660	0.00330	0.00825
4	0.02305	0.01271	0.01796	0.01869	0.14938	0.01151	0.01224	0.02682	0.04220	0.32760	0.08717	0.09713	0.02425	0.01024	0.00753	0.00221	0.00622	0.00888	0.00713	0.10707
5	0.01156	0.00805	0.00894	0.00842	0.01112	0.00687	0.00642	0.01384	0.01810	0.09021	0.18203	0.06388	0.50948	0.01717	0.00864	0.00245	0.00397	0.01443	0.00736	0.00704
6	0.00921	0.00653	0.00857	0.01013	0.01052	0.00614	0.00667	0.01038	0.01389	0.01852	0.03928	0.67013	0.04703	0.09020	0.01212	0.00341	0.00458	0.02014	0.00667	0.00589
7	0.50708	0.01394	0.01431	0.01592	0.13154	0.01525	0.01051	0.02267	0.01442	0.08610	0.01410	0.01601	0.01078	0.00723	0.00538	0.00222	0.00606	0.00508	0.09247	0.00894
8	0.01727	0.01431	0.01640	0.01189	0.01839	0.01182	0.00957	0.11377	0.01825	0.02750	0.01387	0.01575	0.01123	0.00600	0.00578	0.00126	0.00589	0.00473	0.00484	0.67146
9	0.27828	0.01459	0.01495	0.01286	0.01758	0.01597	0.01031	0.03279	0.29379	0.19871	0.02340	0.02191	0.01675	0.00880	0.00655	0.00239	0.00594	0.00671	0.00698	0.01074
10	0.72719	0.01374	0.01058	0.00953	0.01388	0.01585	0.00780	0.02145	0.01288	0.03284	0.01149	0.01335	0.00895	0.00704	0.00464	0.00225	0.00555	0.00426	0.06878	0.00795
11	0.02773	0.03538	0.02104	0.01913	0.02295	0.70930	0.01434	0.02964	0.02104	0.01817	0.01148	0.01339	0.00956	0.00765	0.00669	0.00191	0.01339	0.00478	0.00383	0.00861
12	0.01367	0.01263	0.02102	0.64943	0.04709	0.01554	0.01924	0.01847	0.01547	0.02006	0.08137	0.02339	0.01597	0.00820	0.00756	0.00246	0.00925	0.00729	0.00379	0.00812
13	0.01360	0.04291	0.01231	0.00989	0.01253	0.00873	0.00754	0.01659	0.01907	0.08944	0.45459	0.04581	0.05172	0.09240	0.01129	0.00270	0.00458	0.01123	0.00725	0.08582
14	0.01668	0.01457	0.02254	0.34758	0.21191	0.01595	0.01830	0.04474	0.06449	0.05086	0.01813	0.02200	0.04109	0.00786	0.00731	0.00228	0.00848	0.00698	0.00434	0.07391
15	0.01492	0.10142	0.01658	0.04217	0.01602	0.01313	0.00987	0.01941	0.07290	0.07488	0.35145	0.03827	0.04217	0.04229	0.01066	0.00251	0.07781	0.00996	0.00658	0.03701
16	0.05135	0.07857	0.08745	0.01511	0.03832	0.01704	0.01270	0.24008	0.07060	0.02967	0.01883	0.07478	0.01664	0.07280	0.03328	0.07604	0.00788	0.00769	0.00550	0.04568
17	0.01839	0.07755	0.35433	0.02506	0.15334	0.14665	0.04242	0.02417	0.01672	0.02202	0.01279	0.01568	0.00996	0.00729	0.00776	0.00224	0.04420	0.00562	0.00339	0.01043

[dist]
# distance from previous block
# <min> <max>
72	115

[block]
# block no. 1 follows, 27 sequences, length 33
# corresponding to MSA columns:
# 254-286
name=unknown_B
#
# <colnr> <probs for GDERKNQSTAVLIFYWHMCP>
#	G	D	E	R	K	N	Q	S	T	A	V	L	I	F	Y	W	H	M	C	P
0	0.01529	0.01367	0.01515	0.01450	0.05661	0.10120	0.03946	0.04387	0.01888	0.04788	0.20725	0.13903	0.11709	0.01335	0.00804	0.00227	0.00630	0.02838	0.00628	0.10551
1	0.02214	0.11924	0.02168	0.01389	0.02014	0.01822	0.01167	0.29395	0.02382	0.05942	0.01538	0.01632	0.01177	0.00720	0.00629	0.00169	0.00700	0.00542	0.00569	0.31905
2	0.26388	0.01318	0.07020	0.03780	0.01635	0.01161	0.00988	0.01842	0.01576	0.06745	0.14458	0.15100	0.06526	0.01197	0.00700	0.00235	0.00559	0.00982	0.00586	0.07203
3	0.01539	0.01319	0.01539	0.01100	0.01759	0.00990	0.00880	0.01869	0.01539	0.02419	0.01319	0.01539	0.01100	0.00550	0.00550	0.00110	0.00550	0.00440	0.00440	0.78449
4	0.03883	0.00905	0.01086	0.01002	0.01255	0.00817	0.00738	0.03659	0.01756	0.02521	0.27327	0.21822	0.08177	0.05751	0.00982	0.00256	0.00456	0.01305	0.00668	0.15634
5	0.01837	0.01764	0.03013	0.04557	0.69279	0.01764	0.02278	0.02278	0.01690	0.02425	0.01396	0.01837	0.01176	0.00661	0.00735	0.00220	0.00882	0.00661	0.00367	0.01176
6	0.01420	0.01354	0.02337	0.68598	0.05050	0.01661	0.05361	0.01921	0.01498	0.01921	0.01329	0.01980	0.00997	0.00736	0.00749	0.00248	0.01003	0.00671	0.00332	0.00834
7	0.01384	0.00692	0.00692	0.00692	0.00865	0.00692	0.00519	0.01730	0.01557	0.02768	0.02422	0.02768	0.01903	0.00865	0.00519	0.00173	0.00346	0.00692	0.78031	0.00692
8	0.01862	0.54192	0.14081	0.01488	0.02116	0.02664	0.01546	0.02189	0.01471	0.01847	0.01072	0.01304	0.00953	0.00729	0.00757	0.00192	0.09810	0.00452	0.00318	0.00958
9	0.01289	0.00645	0.00967	0.00967	0.00967	0.00645	0.00645	0.00967	0.00967	0.01289	0.01289	0.02257	0.01289	0.02579	0.02901	0.78401	0.00645	0.00645	0.00322	0.00322
10	0.00877	0.00752	0.00752	0.00752	0.01003	0.00627	0.00564	0.01065	0.01692	0.02005	0.07520	0.07144	0.68978	0.01880	0.00877	0.00251	0.00376	0.01567	0.00689	0.00627
11	0.01846	0.01595	0.01679	0.01511	0.01930	0.01846	0.01175	0.03945	0.67938	0.03105	0.03022	0.02770	0.02266	0.01007	0.00755	0.00252	0.00588	0.00839	0.00755	0.01175
12	0.01720	0.01386	0.01783	0.01441	0.05830	0.01131	0.04181	0.04954	0.01681	0.06906	0.01556	0.04160	0.01294	0.00662	0.00612	0.00143	0.00617	0.00563	0.00486	0.58895
13	0.02079	0.02387	0.01955	0.01727	0.01986	0.36426	0.05176	0.02318	0.03647	0.01808	0.01475	0.02226	0.01392	0.14853	0.06029	0.00380	0.12284	0.00672	0.00398	0.00781
14	0.02842	0.02047	0.02208	0.01693	0.02286	0.02254	0.01398	0.64265	0.03436	0.07295	0.01828	0.01812	0.01286	0.00892	0.00743	0.00223	0.00809	0.00672	0.00750	0.01263
15	0.01886	0.49277	0.23302	0.01559	0.02315	0.06688	0.01715	0.02306	0.01562	0.01929	0.01128	0.01311	0.00949	0.00664	0.00556	0.00183	0.00916	0.00447	0.00320	0.00990
16	0.01649	0.01385	0.01598	0.01152	0.01806	0.01102	0.00925	0.07440	0.01707	0.02613	0.01359	0.01560	0.01114	0.00579	0.00566	0.00120	0.00573	0.00459	0.00466	0.71827
17	0.01016	0.00826	0.00961	0.01045	0.01159	0.03163	0.00732	0.01174	0.01514	0.01967	0.06960	0.51829	0.15883	0.02070	0.00962	0.00281	0.02975	0.01825	0.00663	0.02994
18	0.01094	0.00844	0.01256	0.01237	0.01362	0.01007	0.00969	0.01353	0.01190	0.01727	0.01929	0.02841	0.01804	0.05317	0.66951	0.01142	0.06125	0.00787	0.00393	0.00672
19	0.01443	0.01104	0.01233	0.01140	0.01452	0.01138	0.00885	0.02395	0.26555	0.06750	0.19805	0.04912	0.22519	0.01419	0.00830	0.00250	0.00478	0.04043	0.00758	0.00890
20	0.02461	0.01620	0.01862	0.01579	0.04641	0.01724	0.01217	0.39337	0.02718	0.13888	0.02212	0.08187	0.01776	0.03759	0.03501	0.00281	0.00764	0.00823	0.06539	0.01109
21	0.01071	0.00716	0.00812	0.00821	0.00823	0.00714	0.00462	0.01077	0.01097	0.01462	0.02428	0.08329	0.02811	0.70287	0.03635	0.00699	0.00705	0.01132	0.00462	0.00458
22	0.01624	0.01624	0.02274	0.01949	0.01949	0.02274	0.01624	0.01787	0.01137	0.01787	0.00975	0.01624	0.00975	0.01299	0.02436	0.00325	0.72552	0.00650	0.00325	0.00812
23	0.01985	0.74357	0.03890	0.01270	0.01905	0.02937	0.01270	0.02223	0.01508	0.01747	0.01032	0.01191	0.00953	0.00635	0.00476	0.00159	0.00794	0.00397	0.00318	0.00953
24	0.01520	0.03641	0.63311	0.02291	0.06592	0.01734	0.05984	0.02349	0.01583	0.02356	0.01344	0.01603	0.00962	0.00699	0.00716	0.00235	0.01094	0.00571	0.00319	0.01096
25	0.01489	0.03840	0.70064	0.02116	0.03213	0.01724	0.02743	0.02351	0.01567	0.02351	0.01332	0.01567	0.00940	0.00705	0.00705	0.00235	0.01097	0.00549	0.00313	0.01097
26	0.01275	0.00654	0.00982	0.00982	0.00990	0.00663	0.00663	0.00990	0.00982	0.01317	0.01334	0.02299	0.01326	0.02770	0.07260	0.73457	0.00731	0.00654	0.00327	0.00344
27	0.79154	0.01436	0.01091	0.00976	0.01436	0.01665	0.00804	0.02182	0.01263	0.03331	0.01034	0.01206	0.00804	0.00689	0.00459	0.00230	0.00574	0.00402	0.00459	0.00804
28	0.01400	0.01306	0.01224	0.01137	0.01359	0.13824	0.00854	0.01783	0.04450	0.02765	0.53920	0.04663	0.05709	0.01359	0.00833	0.00226	0.00543	0.01164	0.00734	0.00747
29	0.01539	0.01319	0.01539	0.01100	0.01759	0.00990	0.00880	0.01869	0.01539	0.02419	0.01319	0.01539	0.01100	0.00550	0.00550	0.00110	0.00550	0.00440	0.00440	0.78449
30	0.01151	0.00783	0.01013	0.00942	0.01141	0.00715	0.00711	0.01488	0.02078	0.06161	0.61979	0.05495	0.10499	0.01511	0.00869	0.00234	0.00365	0.01327	0.00814	0.00723
31	0.01481	0.01444	0.01941	0.14077	0.02383	0.07331	0.03886	0.01759	0.01321	0.01808	0.01435	0.02143	0.01299	0.02671	0.26650	0.00610	0.25931	0.00698	0.00359	0.00772
32	0.02048	0.61918	0.07560	0.01395	0.02028	0.10840	0.01376	0.02317	0.01582	0.01790	0.01063	0.01230	0.00952	0.00654	0.00512	0.00167	0.00876	0.00415	0.00325	0.00950

[dist]
# distance from previous block
# <min> <max>
0	1

[block]
# block no. 2 follows, 27 sequences, length 26
# corresponding to MSA columns:
# 288-313
name=unknown_C
#
# <colnr> <probs for GDERKNQSTAVLIFYWHMCP>
#	G	D	E	R	K	N	Q	S	T	A	V	L	I	F	Y	W	H	M	C	P
0	0.01985	0.74357	0.03890	0.01270	0.01905	0.02937	0.01270	0.02223	0.01508	0.01747	0.01032	0.01191	0.00953	0.00635	0.00476	0.00159	0.00794	0.00397	0.00318	0.00953
1	0.01669	0.01686	0.05527	0.27695	0.18597	0.04472	0.01815	0.02595	0.19996	0.02419	0.04735	0.02274	0.01643	0.00830	0.00745	0.00239	0.00845	0.00727	0.00479	0.01012
2	0.01837	0.01764	0.03013	0.04557	0.69279	0.01764	0.02278	0.02278	0.01690	0.02425	0.01396	0.01837	0.01176	0.00661	0.00735	0.00220	0.00882	0.00661	0.00367	0.01176
3	0.00904	0.00646	0.00861	0.01034	0.01077	0.00603	0.00689	0.01034	0.01421	0.01895	0.04092	0.73426	0.04910	0.02326	0.00948	0.00301	0.00431	0.02110	0.00689	0.00603
4	0.01076	0.00736	0.00890	0.00890	0.00918	0.00763	0.00550	0.01131	0.01103	0.01499	0.02265	0.04451	0.02522	0.59567	0.17879	0.00819	0.00986	0.01020	0.00439	0.00495
5	0.01489	0.03840	0.70064	0.02116	0.03213	0.01724	0.02743	0.02351	0.01567	0.02351	0.01332	0.01567	0.00940	0.00705	0.00705	0.00235	0.01097	0.00549	0.00313	0.01097
6	0.00904	0.00646	0.00861	0.01034	0.01077	0.00603	0.00689	0.01034	0.01421	0.01895	0.04092	0.73426	0.04910	0.02326	0.00948	0.00301	0.00431	0.02110	0.00689	0.00603
7	0.00916	0.00651	0.00858	0.01019	0.01059	0.00611	0.00674	0.01037	0.01399	0.01865	0.03977	0.68954	0.04766	0.06995	0.01132	0.00329	0.00450	0.02043	0.00674	0.00593
8	0.01507	0.00900	0.01168	0.01032	0.01292	0.00835	0.00796	0.04611	0.02166	0.14170	0.54995	0.04880	0.05895	0.01391	0.00848	0.00232	0.00417	0.01214	0.00831	0.00819
9	0.00996	0.00688	0.00849	0.00930	0.00956	0.00672	0.00581	0.01067	0.01246	0.01666	0.03158	0.37344	0.03717	0.37374	0.04937	0.00539	0.00630	0.01558	0.00562	0.00530
10	0.02822	0.02079	0.02228	0.01708	0.02302	0.02302	0.01411	0.66804	0.03490	0.04679	0.01782	0.01782	0.01262	0.00891	0.00743	0.00223	0.00817	0.00668	0.00743	0.01262
11	0.01695	0.01921	0.04144	0.02974	0.03692	0.01796	0.62277	0.02292	0.01748	0.02354	0.01894	0.02338	0.05552	0.00708	0.00876	0.00250	0.01194	0.00921	0.00396	0.00977
12	0.02920	0.01218	0.01624	0.01274	0.01782	0.01085	0.01041	0.06345	0.02188	0.55302	0.14023	0.03001	0.02683	0.01019	0.00768	0.00230	0.00593	0.00843	0.00893	0.01168
13	0.01001	0.00718	0.00930	0.01068	0.01138	0.00689	0.00725	0.04347	0.01526	0.02035	0.03975	0.69817	0.04726	0.02254	0.00937	0.00298	0.00450	0.02038	0.00692	0.00636
14	0.03287	0.01333	0.01766	0.01354	0.01930	0.01195	0.01118	0.09017	0.02241	0.64230	0.02831	0.02463	0.01789	0.00916	0.00746	0.00229	0.00648	0.00740	0.00904	0.01263
15	0.01489	0.03840	0.70064	0.02116	0.03213	0.01724	0.02743	0.02351	0.01567	0.02351	0.01332	0.01567	0.00940	0.00705	0.00705	0.00235	0.01097	0.00549	0.00313	0.01097
16	0.01094	0.00834	0.01132	0.01232	0.01306	0.00892	0.00942	0.01283	0.01451	0.01951	0.03542	0.40046	0.04083	0.07038	0.01347	0.00345	0.09316	0.20897	0.00627	0.00643
17	0.02336	0.01835	0.01992	0.04976	0.02276	0.02076	0.01341	0.36741	0.31050	0.03871	0.02292	0.02215	0.01680	0.00934	0.00748	0.00236	0.00727	0.00741	0.00728	0.01204
18	0.01289	0.00645	0.00967	0.00967	0.00967	0.00645	0.00645	0.00967	0.00967	0.01289	0.01289	0.02257	0.01289	0.02579	0.02901	0.78401	0.00645	0.00645	0.00322	0.00322
19	0.01642	0.01380	0.01595	0.01148	0.01803	0.01095	0.00922	0.07077	0.01696	0.02600	0.01357	0.01559	0.01113	0.00577	0.00565	0.00119	0.00571	0.00458	0.00464	0.72258
20	0.02398	0.01664	0.10325	0.01456	0.02003	0.01386	0.01304	0.10868	0.13706	0.30766	0.02944	0.07960	0.05242	0.01095	0.00774	0.00244	0.00681	0.03302	0.00755	0.01126
21	0.00886	0.00752	0.00764	0.00761	0.01008	0.00630	0.00571	0.01082	0.01712	0.02053	0.10512	0.07066	0.65957	0.01862	0.00877	0.00250	0.00375	0.01556	0.00696	0.00630
22	0.00904	0.00646	0.00861	0.01034	0.01077	0.00603	0.00689	0.01034	0.01421	0.01895	0.04092	0.73426	0.04910	0.02326	0.00948	0.00301	0.00431	0.02110	0.00689	0.00603
23	0.02203	0.02428	0.02222	0.04657	0.05599	0.31886	0.05985	0.09060	0.05166	0.02229	0.01420	0.01772	0.01182	0.01405	0.09079	0.00340	0.11409	0.00620	0.00428	0.00911
24	0.01718	0.01652	0.02862	0.08543	0.50186	0.01683	0.07754	0.02152	0.01654	0.02331	0.01644	0.04998	0.01485	0.00834	0.00832	0.00239	0.03340	0.04625	0.00396	0.01073
25	0.01402	0.01319	0.02227	0.72126	0.05113	0.01649	0.02062	0.01897	0.01484	0.01897	0.01319	0.01979	0.00990	0.00742	0.00742	0.00247	0.00990	0.00660	0.00330	0.00825

[dist]
# distance from previous block
# <min> <max>
0	5

[block]
# block no. 3 follows, 27 sequences, length 31
# corresponding to MSA columns:
# 319-322,328-354
name=unknown_D
#
# <colnr> <probs for GDERKNQSTAVLIFYWHMCP>
#	G	D	E	R	K	N	Q	S	T	A	V	L	I	F	Y	W	H	M	C	P
0	0.01839	0.44639	0.11656	0.01499	0.02074	0.04099	0.01490	0.02148	0.01465	0.01888	0.01086	0.01349	0.00967	0.00759	0.00869	0.00195	0.13742	0.00467	0.00330	0.07438
1	0.01289	0.04671	0.01226	0.01125	0.05111	0.00960	0.00814	0.04698	0.03257	0.06775	0.09979	0.05803	0.46657	0.01597	0.00835	0.00243	0.00476	0.03038	0.00680	0.00767
2	0.01080	0.00720	0.00810	0.00810	0.00810	0.00720	0.00450	0.01080	0.01080	0.01439	0.02339	0.04858	0.02699	0.73910	0.03779	0.00720	0.00720	0.01080	0.00450	0.00450
3	0.01402	0.01319	0.02227	0.72126	0.05113	0.01649	0.02062	0.01897	0.01484	0.01897	0.01319	0.01979	0.00990	0.00742	0.00742	0.00247	0.00990	0.00660	0.00330	0.00825
4	0.01876	0.01837	0.02976	0.04447	0.66502	0.04632	0.02243	0.02307	0.01708	0.02400	0.01386	0.01817	0.01167	0.00666	0.00732	0.00219	0.00901	0.00654	0.00368	0.01163
5	0.00995	0.00731	0.00949	0.01045	0.01105	0.00727	0.00724	0.01138	0.01434	0.01925	0.08740	0.47369	0.07032	0.13424	0.01462	0.00364	0.04034	0.05556	0.00643	0.00602
6	0.01056	0.00710	0.00817	0.00840	0.00846	0.00704	0.00483	0.01073	0.01126	0.01502	0.02579	0.14248	0.03002	0.64108	0.03391	0.00662	0.00680	0.01221	0.00483	0.00471
7	0.01992	0.44477	0.22192	0.01560	0.02302	0.07674	0.01685	0.02405	0.01610	0.06271	0.01246	0.01393	0.01006	0.00683	0.00573	0.00187	0.00910	0.00468	0.00360	0.01006
8	0.02392	0.22259	0.11724	0.01770	0.02316	0.43679	0.01567	0.02686	0.01875	0.01870	0.01142	0.01331	0.00953	0.00723	0.00623	0.00189	0.01163	0.00466	0.00356	0.00917
9	0.01080	0.00720	0.00810	0.00810	0.00810	0.00720	0.00450	0.01080	0.01080	0.01439	0.02339	0.04858	0.02699	0.73910	0.03779	0.00720	0.00720	0.01080	0.00450	0.00450
10	0.02162	0.58421	0.03488	0.01415	0.01993	0.18237	0.01307	0.02390	0.01642	0.01762	0.01058	0.01224	0.00953	0.00664	0.00520	0.00166	0.00917	0.00415	0.00332	0.00932
11	0.01480	0.01260	0.01473	0.01084	0.01694	0.00954	0.00858	0.01793	0.01537	0.02374	0.01688	0.06072	0.03526	0.00700	0.00584	0.00126	0.00537	0.00577	0.00463	0.71219
12	0.02601	0.01964	0.02204	0.01907	0.07842	0.02159	0.01439	0.54859	0.07155	0.04279	0.01921	0.04822	0.01467	0.00939	0.00751	0.00228	0.00792	0.00738	0.00710	0.01223
13	0.02586	0.01728	0.01891	0.01485	0.01988	0.01865	0.01206	0.46345	0.04445	0.11888	0.02054	0.02194	0.01515	0.05314	0.00901	0.00249	0.00729	0.00709	0.09763	0.01145
14	0.00951	0.00739	0.00867	0.00885	0.01070	0.00655	0.00654	0.01187	0.01779	0.02314	0.27022	0.18593	0.34662	0.01847	0.00895	0.00257	0.00388	0.03853	0.00731	0.00649
15	0.03262	0.01373	0.01791	0.01373	0.01950	0.01254	0.01134	0.12111	0.02308	0.61041	0.02775	0.02427	0.01760	0.00915	0.00746	0.00229	0.00657	0.00736	0.00895	0.01263
16	0.02017	0.02418	0.06134	0.02940	0.14761	0.20095	0.31332	0.02476	0.01787	0.02199	0.01349	0.01756	0.01073	0.00715	0.00889	0.00234	0.05761	0.00705	0.00370	0.00987
17	0.01060	0.00721	0.00847	0.00851	0.00886	0.00706	0.00515	0.01134	0.01292	0.01754	0.14466	0.10729	0.03659	0.54879	0.03019	0.00597	0.00629	0.01213	0.00536	0.00508
18	0.01944	0.09805	0.09669	0.01823	0.07262	0.12382	0.01466	0.03192	0.34714	0.02592	0.02118	0.02111	0.01632	0.00845	0.00694	0.00220	0.00800	0.00669	0.00556	0.05507
19	0.01493	0.03629	0.64321	0.02031	0.03091	0.01663	0.02587	0.02311	0.01565	0.02357	0.01331	0.01565	0.00954	0.00692	0.00692	0.00225	0.01051	0.00539	0.00324	0.07580
20	0.01910	0.06393	0.11877	0.03733	0.48747	0.09979	0.02183	0.02366	0.01712	0.02305	0.01338	0.01706	0.01106	0.00678	0.00709	0.00215	0.00959	0.00610	0.00359	0.01116
21	0.01646	0.01754	0.07839	0.29922	0.39967	0.01718	0.02232	0.02140	0.01603	0.02220	0.01362	0.01870	0.01087	0.00695	0.00735	0.00232	0.00939	0.00652	0.00349	0.01037
22	0.00947	0.00673	0.00891	0.01050	0.01102	0.00637	0.00722	0.01088	0.01424	0.01893	0.03942	0.61681	0.04677	0.07768	0.01172	0.00337	0.00478	0.08249	0.00670	0.00599
23	0.01105	0.00878	0.01208	0.13892	0.01928	0.00924	0.01035	0.01485	0.06579	0.02043	0.03775	0.40418	0.09282	0.01864	0.00901	0.00289	0.00574	0.10492	0.00629	0.00700
24	0.02575	0.01914	0.02043	0.01612	0.02151	0.02127	0.01317	0.52665	0.13598	0.04307	0.02020	0.02002	0.01463	0.00908	0.00730	0.00224	0.00750	0.00697	0.05685	0.01212
25	0.01023	0.00753	0.00979	0.01101	0.01207	0.00724	0.00790	0.01313	0.05303	0.02091	0.08077	0.54474	0.04706	0.02115	0.00932	0.00295	0.00471	0.10216	0.00694	0.02737
26	0.01671	0.01582	0.02609	0.24286	0.43444	0.01690	0.02079	0.02218	0.05636	0.02293	0.01715	0.02146	0.03876	0.00755	0.00744	0.00232	0.00876	0.00708	0.00393	0.01050
27	0.01342	0.01496	0.15032	0.03335	0.01746	0.01037	0.01196	0.05409	0.02006	0.06088	0.38732	0.04468	0.12538	0.01309	0.00824	0.00236	0.00563	0.01121	0.00686	0.00835
28	0.02487	0.07276	0.02147	0.01794	0.02159	0.50337	0.01388	0.06593	0.03879	0.02021	0.01424	0.01641	0.02894	0.01037	0.03607	0.00245	0.07222	0.00551	0.00415	0.00881
29	0.71037	0.05451	0.01227	0.00979	0.01434	0.01688	0.00816	0.02162	0.01291	0.03215	0.01102	0.01282	0.00866	0.00695	0.00463	0.00223	0.00575	0.00416	0.04271	0.00807
30	0.06421	0.01760	0.01822	0.06132	0.13001	0.12059	0.01301	0.19363	0.02178	0.02947	0.02483	0.02633	0.11088	0.00953	0.00699	0.00216	0.00767	0.00757	0.12464	0.00955

[dist]
# distance from previous block
# <min> <max>
0	1

[block]
# block no. 4 follows, 27 sequences, length 106
# corresponding to MSA columns:
# 356-461
name=unknown_E
#
# <colnr> <probs for GDERKNQSTAVLIFYWHMCP>
#	G	D	E	R	K	N	Q	S	T	A	V	L	I	F	Y	W	H	M	C	P
0	0.01634	0.01288	0.01624	0.01508	0.05133	0.01278	0.03763	0.18334	0.05210	0.02805	0.02729	0.32725	0.02847	0.01435	0.00804	0.00240	0.00615	0.01268	0.00634	0.14125
1	0.00912	0.00671	0.00855	0.00982	0.01068	0.00614	0.00671	0.01068	0.01517	0.01998	0.09776	0.57733	0.15029	0.02192	0.00931	0.00288	0.00416	0.01965	0.00699	0.00614
2	0.00904	0.00646	0.00861	0.01034	0.01077	0.00603	0.00689	0.01034	0.01421	0.01895	0.04092	0.73426	0.04910	0.02326	0.00948	0.00301	0.00431	0.02110	0.00689	0.00603
3	0.02822	0.02079	0.02228	0.01708	0.02302	0.02302	0.01411	0.66804	0.03490	0.04679	0.01782	0.01782	0.01262	0.00891	0.00743	0.00223	0.00817	0.00668	0.00743	0.01262
4	0.01502	0.03751	0.66896	0.02165	0.03245	0.01731	0.05821	0.02352	0.01576	0.02352	0.01340	0.01588	0.00949	0.00701	0.00714	0.00236	0.01105	0.00564	0.00316	0.01093
5	0.01751	0.01559	0.02568	0.01841	0.02527	0.01314	0.24361	0.02183	0.01660	0.07490	0.01506	0.01779	0.01165	0.00605	0.00681	0.00169	0.00807	0.00619	0.00453	0.44963
6	0.01837	0.01764	0.03013	0.04557	0.69279	0.01764	0.02278	0.02278	0.01690	0.02425	0.01396	0.01837	0.01176	0.00661	0.00735	0.00220	0.00882	0.00661	0.00367	0.01176
7	0.00898	0.00672	0.00835	0.00965	0.01059	0.00609	0.00658	0.01041	0.01488	0.01922	0.04934	0.57149	0.20644	0.02216	0.00930	0.00289	0.00417	0.01977	0.00689	0.00609
8	0.01402	0.01319	0.02227	0.72126	0.05113	0.01649	0.02062	0.01897	0.01484	0.01897	0.01319	0.01979	0.00990	0.00742	0.00742	0.00247	0.00990	0.00660	0.00330	0.00825
9	0.03331	0.01263	0.01723	0.01321	0.01895	0.01091	0.01091	0.03618	0.02125	0.69794	0.02929	0.02527	0.01838	0.00919	0.00747	0.00230	0.00632	0.00747	0.00919	0.01263
10	0.00924	0.00754	0.00816	0.00801	0.01031	0.00646	0.00601	0.01155	0.01802	0.02265	0.23934	0.06717	0.52402	0.01783	0.00877	0.00246	0.00369	0.01507	0.00724	0.00646
11	0.01125	0.00778	0.01001	0.00934	0.01131	0.00710	0.00705	0.01460	0.02070	0.05477	0.61456	0.05556	0.11740	0.01523	0.00871	0.00235	0.00363	0.01337	0.00811	0.00716
12	0.05367	0.12434	0.58499	0.01955	0.02964	0.01871	0.02466	0.02327	0.01545	0.02324	0.01280	0.01503	0.00935	0.00696	0.00665	0.00225	0.01034	0.00523	0.00321	0.01065
13	0.02773	0.03538	0.02104	0.01913	0.02295	0.70930	0.01434	0.02964	0.02104	0.01817	0.01148	0.01339	0.00956	0.00765	0.00669	0.00191	0.01339	0.00478	0.00383	0.00861
14	0.03219	0.01272	0.01711	0.01319	0.01877	0.01118	0.01086	0.05771	0.02172	0.64747	0.05587	0.02624	0.02029	0.00942	0.00752	0.00230	0.00627	0.00768	0.00908	0.01240
15	0.01817	0.01797	0.02667	0.03859	0.54522	0.07854	0.02009	0.02216	0.01748	0.02371	0.05064	0.02432	0.04808	0.00814	0.00752	0.00224	0.00866	0.02681	0.00416	0.01083
16	0.01886	0.01789	0.03259	0.02442	0.02971	0.01850	0.36905	0.11603	0.01890	0.05883	0.01762	0.08491	0.01503	0.00948	0.01119	0.00263	0.13062	0.00915	0.00476	0.00984
17	0.01077	0.00777	0.00977	0.01032	0.01145	0.00760	0.00747	0.01367	0.04910	0.02167	0.18987	0.24595	0.06693	0.18430	0.01582	0.00384	0.00529	0.12541	0.00667	0.00635
18	0.01076	0.00930	0.01551	0.01414	0.01624	0.00862	0.13680	0.01320	0.01547	0.02054	0.07052	0.49354	0.10745	0.01906	0.00923	0.00283	0.00583	0.01775	0.00633	0.00689
19	0.01837	0.01764	0.03013	0.04557	0.69279	0.01764	0.02278	0.02278	0.01690	0.02425	0.01396	0.01837	0.01176	0.00661	0.00735	0.00220	0.00882	0.00661	0.00367	0.01176
20	0.00966	0.00750	0.00879	0.00857	0.01060	0.00663	0.00639	0.01233	0.01885	0.02490	0.38306	0.09536	0.34631	0.01719	0.00880	0.00244	0.00366	0.01480	0.00754	0.00663
21	0.01765	0.01968	0.04181	0.03337	0.13408	0.01861	0.57214	0.02363	0.01743	0.02385	0.01487	0.01978	0.01134	0.00631	0.00856	0.00246	0.01198	0.00845	0.00374	0.01027
22	0.01649	0.02040	0.10439	0.05013	0.06349	0.01744	0.50155	0.02245	0.01696	0.02322	0.01691	0.07900	0.01421	0.00780	0.00855	0.00252	0.01145	0.00931	0.00394	0.00979
23	0.01489	0.03840	0.70064	0.02116	0.03213	0.01724	0.02743	0.02351	0.01567	0.02351	0.01332	0.01567	0.00940	0.00705	0.00705	0.00235	0.01097	0.00549	0.00313	0.01097
24	0.01080	0.00720	0.00810	0.00810	0.00810	0.00720	0.00450	0.01080	0.01080	0.01439	0.02339	0.04858	0.02699	0.73910	0.03779	0.00720	0.00720	0.01080	0.00450	0.00450
25	0.75945	0.01463	0.01139	0.01007	0.01472	0.01692	0.00829	0.04899	0.01357	0.03387	0.01065	0.01230	0.00823	0.00698	0.00471	0.00229	0.00584	0.00413	0.00471	0.00823
26	0.02822	0.02079	0.02228	0.01708	0.02302	0.02302	0.01411	0.66804	0.03490	0.04679	0.01782	0.01782	0.01262	0.00891	0.00743	0.00223	0.00817	0.00668	0.00743	0.01262
27	0.01080	0.00720	0.00810	0.00810	0.00810	0.00720	0.00450	0.01080	0.01080	0.01439	0.02339	0.04858	0.02699	0.73910	0.03779	0.00720	0.00720	0.01080	0.00450	0.00450
28	0.02822	0.02079	0.02228	0.01708	0.02302	0.02302	0.01411	0.66804	0.03490	0.04679	0.01782	0.01782	0.01262	0.00891	0.00743	0.00223	0.00817	0.00668	0.00743	0.01262
29	0.06398	0.03113	0.02139	0.05015	0.07681	0.55003	0.01495	0.06667	0.02087	0.02115	0.01207	0.01425	0.00986	0.00760	0.00672	0.00200	0.01219	0.00508	0.00405	0.00905
30	0.01061	0.00795	0.01193	0.01193	0.01326	0.00928	0.00928	0.01326	0.01193	0.01723	0.01988	0.02916	0.01856	0.05568	0.70968	0.01193	0.01988	0.00795	0.00398	0.00663
31	0.01302	0.00697	0.00723	0.00729	0.00890	0.00686	0.00533	0.01609	0.01551	0.02615	0.05552	0.06821	0.05693	0.05352	0.00767	0.00218	0.00374	0.00858	0.62358	0.00670
32	0.01289	0.00645	0.00967	0.00967	0.00967	0.00645	0.00645	0.00967	0.00967	0.01289	0.01289	0.02257	0.01289	0.02579	0.02901	0.78401	0.00645	0.00645	0.00322	0.00322
33	0.06525	0.01649	0.02224	0.41542	0.09825	0.04842	0.01819	0.17843	0.02006	0.02706	0.01415	0.01844	0.01060	0.00769	0.00721	0.00235	0.00928	0.00639	0.00444	0.00963
34	0.01080	0.00720	0.00810	0.00810	0.00810	0.00720	0.00450	0.01080	0.01080	0.01439	0.02339	0.04858	0.02699	0.73910	0.03779	0.00720	0.00720	0.01080	0.00450	0.00450
35	0.01049	0.00755	0.00986	0.00948	0.01110	0.00701	0.00707	0.01375	0.02018	0.02843	0.61174	0.08947	0.06656	0.04234	0.00991	0.00258	0.00378	0.03391	0.00793	0.00686
36	0.02778	0.03391	0.02116	0.01892	0.02296	0.63988	0.01432	0.09422	0.02244	0.02106	0.01212	0.01384	0.00987	0.00778	0.00677	0.00194	0.01286	0.00497	0.00419	0.00901
37	0.01823	0.01954	0.02379	0.02109	0.04909	0.13214	0.04754	0.02024	0.01344	0.01847	0.01045	0.01606	0.00987	0.01155	0.02007	0.00296	0.54731	0.00634	0.00338	0.00844
38	0.01902	0.01742	0.02957	0.04415	0.66340	0.01735	0.02227	0.02337	0.01709	0.05364	0.01463	0.01867	0.01205	0.00673	0.00735	0.00221	0.00871	0.00665	0.00392	0.01180
39	0.01685	0.01370	0.01668	0.01200	0.01856	0.01077	0.03021	0.04627	0.01654	0.05759	0.01422	0.01612	0.01143	0.00584	0.00578	0.00125	0.00587	0.00478	0.00473	0.69082
40	0.00900	0.00724	0.00802	0.00844	0.01032	0.00627	0.00609	0.01086	0.01654	0.02059	0.11852	0.24887	0.46387	0.01969	0.00896	0.00263	0.00389	0.01694	0.00700	0.00627
41	0.01579	0.01556	0.02495	0.50747	0.18843	0.05026	0.05191	0.02054	0.01572	0.02031	0.01337	0.01919	0.01035	0.00720	0.00744	0.00239	0.00996	0.00662	0.00343	0.00911
42	0.02736	0.03151	0.02107	0.01852	0.02278	0.53876	0.01417	0.15612	0.05724	0.02447	0.01368	0.01499	0.01083	0.00802	0.00688	0.00201	0.01198	0.00534	0.00473	0.00956
43	0.56993	0.01625	0.08165	0.06273	0.01895	0.01586	0.01104	0.02232	0.01406	0.07362	0.04540	0.01596	0.01202	0.00750	0.00544	0.00232	0.00650	0.00504	0.00482	0.00859
44	0.01066	0.00734	0.00872	0.00869	0.00909	0.00745	0.00537	0.01130	0.01175	0.01582	0.05747	0.04719	0.05982	0.56987	0.13288	0.00743	0.00870	0.01074	0.00472	0.00501
45	0.01402	0.01319	0.02227	0.72126	0.05113	0.01649	0.02062	0.01897	0.01484	0.01897	0.01319	0.01979	0.00990	0.00742	0.00742	0.00247	0.00990	0.00660	0.00330	0.00825
46	0.01090	0.00834	0.01232	0.01215	0.01336	0.00988	0.00943	0.01339	0.01185	0.01715	0.01952	0.02932	0.01847	0.08224	0.64660	0.01129	0.05522	0.00800	0.00396	0.00661
47	0.27690	0.01410	0.01469	0.01217	0.01707	0.04234	0.00987	0.02986	0.07937	0.34460	0.04301	0.02344	0.04398	0.00902	0.00660	0.00231	0.00620	0.00682	0.00719	0.01047
48	0.01402	0.01319	0.02227	0.72126	0.05113	0.01649	0.02062	0.01897	0.01484	0.01897	0.01319	0.01979	0.00990	0.00742	0.00742	0.00247	0.00990	0.00660	0.00330	0.00825
49	0.01730	0.01941	0.04141	0.02986	0.03699	0.01836	0.61382	0.02412	0.04935	0.02398	0.01656	0.04256	0.01299	0.00697	0.00872	0.00252	0.01194	0.00913	0.00404	0.00997
50	0.01128	0.00780	0.00994	0.00928	0.01130	0.00708	0.00700	0.01456	0.02051	0.05770	0.58324	0.05614	0.14541	0.01537	0.00870	0.00235	0.00366	0.01345	0.00806	0.00716
51	0.01539	0.01319	0.01539	0.01100	0.01759	0.00990	0.00880	0.01869	0.01539	0.02419	0.01319	0.01539	0.01100	0.00550	0.00550	0.00110	0.00550	0.00440	0.00440	0.78449
52	0.01832	0.00933	0.01233	0.01059	0.01376	0.00832	0.00829	0.02152	0.02089	0.26080	0.42945	0.04580	0.08333	0.01328	0.00831	0.00233	0.00449	0.01147	0.00846	0.00892
53	0.01837	0.01764	0.03013	0.04557	0.69279	0.01764	0.02278	0.02278	0.01690	0.02425	0.01396	0.01837	0.01176	0.00661	0.00735	0.00220	0.00882	0.00661	0.00367	0.01176
54	0.02066	0.01704	0.01802	0.01555	0.02014	0.01949	0.01228	0.18070	0.53456	0.03459	0.02743	0.02548	0.02041	0.00981	0.00753	0.00245	0.00639	0.00801	0.00753	0.01195
55	0.01613	0.01317	0.01547	0.01109	0.01765	0.00994	0.00888	0.01941	0.01563	0.05176	0.01385	0.01580	0.01130	0.00565	0.00558	0.00115	0.00553	0.00452	0.00459	0.75290
56	0.01837	0.01764	0.03013	0.04557	0.69279	0.01764	0.02278	0.02278	0.01690	0.02425	0.01396	0.01837	0.01176	0.00661	0.00735	0.00220	0.00882	0.00661	0.00367	0.01176
57	0.03155	0.01545	0.01897	0.01455	0.02036	0.01510	0.01202	0.25452	0.02597	0.47293	0.02533	0.02270	0.01639	0.00909	0.00745	0.00227	0.00696	0.00720	0.00858	0.01263
58	0.01489	0.03840	0.70064	0.02116	0.03213	0.01724	0.02743	0.02351	0.01567	0.02351	0.01332	0.01567	0.00940	0.00705	0.00705	0.00235	0.01097	0.00549	0.00313	0.01097
59	0.01089	0.00728	0.00977	0.01033	0.01141	0.00704	0.00729	0.01285	0.01548	0.05353	0.17914	0.39971	0.04625	0.07535	0.11321	0.00442	0.00670	0.01612	0.00669	0.00654
60	0.00964	0.00780	0.00872	0.00919	0.01148	0.00688	0.00735	0.01193	0.01697	0.02064	0.06548	0.07478	0.51446	0.01926	0.00917	0.00275	0.00459	0.18559	0.00688	0.00642
61	0.02822	0.02079	0.02228	0.01708	0.02302	0.02302	0.01411	0.66804	0.03490	0.04679	0.01782	0.01782	0.01262	0.00891	0.00743	0.00223	0.00817	0.00668	0.00743	0.01262
62	0.01837	0.01764	0.03013	0.04557	0.69279	0.01764	0.02278	0.02278	0.01690	0.02425	0.01396	0.01837	0.01176	0.00661	0.00735	0.00220	0.00882	0.00661	0.00367	0.01176
63	0.02024	0.70793	0.03800	0.01303	0.01925	0.06359	0.01279	0.02260	0.01538	0.01750	0.01038	0.01198	0.00953	0.00642	0.00486	0.00160	0.00821	0.00401	0.00321	0.00948
64	0.01021	0.00729	0.00995	0.01167	0.01261	0.00703	0.00891	0.01235	0.01536	0.02025	0.04027	0.47484	0.04656	0.02216	0.00979	0.00318	0.00532	0.26903	0.00687	0.00635
65	0.01196	0.00854	0.01196	0.01367	0.01538	0.00854	0.01196	0.01538	0.01709	0.02222	0.03931	0.08374	0.04272	0.02051	0.01025	0.00342	0.00684	0.64283	0.00684	0.00684
66	0.01681	0.01751	0.03417	0.22281	0.22288	0.01784	0.31272	0.02220	0.01662	0.02260	0.01423	0.01951	0.01103	0.00667	0.00801	0.00241	0.01078	0.00758	0.00361	0.01002
67	0.01421	0.01339	0.02261	0.69179	0.07912	0.01654	0.02071	0.01913	0.01493	0.01920	0.01323	0.01973	0.00998	0.00739	0.00742	0.00246	0.00985	0.00660	0.00332	0.00840
68	0.79154	0.01436	0.01091	0.00976	0.01436	0.01665	0.00804	0.02182	0.01263	0.03331	0.01034	0.01206	0.00804	0.00689	0.00459	0.00230	0.00574	0.00402	0.00459	0.00804
69	0.01080	0.00720	0.00810	0.00810	0.00810	0.00720	0.00450	0.01080	0.01080	0.01439	0.02339	0.04858	0.02699	0.73910	0.03779	0.00720	0.00720	0.01080	0.00450	0.00450
70	0.01356	0.01185	0.01980	0.41620	0.03621	0.01352	0.08085	0.01788	0.01559	0.02144	0.07903	0.07533	0.02012	0.03528	0.00860	0.00257	0.00823	0.00865	0.10744	0.00785
71	0.01456	0.00762	0.00769	0.00743	0.00937	0.00773	0.00564	0.05004	0.01654	0.02864	0.02390	0.02718	0.01871	0.00866	0.00530	0.00175	0.00370	0.00691	0.74142	0.00721
72	0.01051	0.00759	0.00992	0.00934	0.01109	0.00700	0.00700	0.01401	0.02101	0.02977	0.68888	0.05545	0.07005	0.01518	0.00876	0.00233	0.00350	0.01343	0.00817	0.00700
73	0.79154	0.01436	0.01091	0.00976	0.01436	0.01665	0.00804	0.02182	0.01263	0.03331	0.01034	0.01206	0.00804	0.00689	0.00459	0.00230	0.00574	0.00402	0.00459	0.00804
74	0.01539	0.01319	0.01539	0.01100	0.01759	0.00990	0.00880	0.01869	0.01539	0.02419	0.01319	0.01539	0.01100	0.00550	0.00550	0.00110	0.00550	0.00440	0.00440	0.78449
75	0.01846	0.01602	0.01734	0.01636	0.04708	0.01843	0.01221	0.03876	0.65206	0.03077	0.02954	0.02731	0.02221	0.00993	0.00755	0.00251	0.00600	0.00832	0.00739	0.01175
76	0.01036	0.00758	0.00972	0.00918	0.01100	0.00694	0.00689	0.01372	0.02066	0.02894	0.63618	0.05683	0.12327	0.01549	0.00876	0.00235	0.00352	0.01362	0.00806	0.00694
77	0.01014	0.00764	0.00941	0.00914	0.01110	0.00691	0.00697	0.01319	0.01963	0.02661	0.47737	0.06174	0.23683	0.01653	0.00886	0.00246	0.00380	0.05716	0.00773	0.00679
78	0.01061	0.00795	0.01193	0.01193	0.01326	0.00928	0.00928	0.01326	0.01193	0.01723	0.01988	0.02916	0.01856	0.05568	0.70968	0.01193	0.01988	0.00795	0.00398	0.00663
79	0.02822	0.02079	0.02228	0.01708	0.02302	0.02302	0.01411	0.66804	0.03490	0.04679	0.01782	0.01782	0.01262	0.00891	0.00743	0.00223	0.00817	0.00668	0.00743	0.01262
80	0.01080	0.00720	0.00810	0.00810	0.00810	0.00720	0.00450	0.01080	0.01080	0.01439	0.02339	0.04858	0.02699	0.73910	0.03779	0.00720	0.00720	0.01080	0.00450	0.00450
81	0.01145	0.00818	0.01137	0.01308	0.01457	0.00810	0.01107	0.01449	0.01658	0.02164	0.03959	0.19830	0.04385	0.02099	0.01012	0.00335	0.00639	0.53333	0.00685	0.00669
82	0.01752	0.02003	0.04380	0.03129	0.03880	0.01877	0.66583	0.02378	0.01752	0.02378	0.01502	0.02003	0.01126	0.00626	0.00876	0.00250	0.01252	0.00876	0.00375	0.01001
83	0.01298	0.00815	0.01063	0.00968	0.01192	0.00741	0.00738	0.01634	0.02084	0.10440	0.58457	0.05285	0.09469	0.01468	0.00861	0.00234	0.00383	0.01287	0.00822	0.00760
84	0.03051	0.01627	0.01938	0.01495	0.02071	0.01642	0.01232	0.30724	0.05425	0.39123	0.02441	0.02218	0.01609	0.00911	0.00745	0.00228	0.00709	0.00717	0.00837	0.01259
85	0.79154	0.01436	0.01091	0.00976	0.01436	0.01665	0.00804	0.02182	0.01263	0.03331	0.01034	0.01206	0.00804	0.00689	0.00459	0.00230	0.00574	0.00402	0.00459	0.00804
86	0.00937	0.00753	0.00845	0.00891	0.01097	0.00661	0.00681	0.01148	0.01678	0.02072	0.09642	0.16283	0.47533	0.01948	0.00909	0.00270	0.00428	0.10893	0.00695	0.00636
87	0.01148	0.00839	0.01054	0.00979	0.01169	0.00809	0.00731	0.03613	0.05262	0.02947	0.59598	0.05249	0.06335	0.05769	0.01038	0.00263	0.00399	0.01281	0.00790	0.00727
88	0.02773	0.03538	0.02104	0.01913	0.02295	0.70930	0.01434	0.02964	0.02104	0.01817	0.01148	0.01339	0.00956	0.00765	0.00669	0.00191	0.01339	0.00478	0.00383	0.00861
89	0.01985	0.74357	0.03890	0.01270	0.01905	0.02937	0.01270	0.02223	0.01508	0.01747	0.01032	0.01191	0.00953	0.00635	0.00476	0.00159	0.00794	0.00397	0.00318	0.00953
90	0.01624	0.01624	0.02274	0.01949	0.01949	0.02274	0.01624	0.01787	0.01137	0.01787	0.00975	0.01624	0.00975	0.01299	0.02436	0.00325	0.72552	0.00650	0.00325	0.00812
91	0.00904	0.00646	0.00861	0.01034	0.01077	0.00603	0.00689	0.01034	0.01421	0.01895	0.04092	0.73426	0.04910	0.02326	0.00948	0.00301	0.00431	0.02110	0.00689	0.00603
92	0.01162	0.00866	0.01005	0.01004	0.01217	0.00831	0.00738	0.01646	0.11359	0.05148	0.17296	0.25612	0.25757	0.01776	0.00875	0.00262	0.00429	0.01545	0.00733	0.00740
93	0.02179	0.01707	0.01777	0.01534	0.01993	0.04713	0.01209	0.12546	0.49243	0.10412	0.02762	0.02548	0.02027	0.00972	0.00749	0.00243	0.00655	0.00791	0.00756	0.01183
94	0.01384	0.00692	0.00692	0.00692	0.00865	0.00692	0.00519	0.01730	0.01557	0.02768	0.02422	0.02768	0.01903	0.00865	0.00519	0.00173	0.00346	0.00692	0.78031	0.00692
95	0.01091	0.00721	0.00819	0.00819	0.00831	0.00726	0.00470	0.01114	0.01102	0.01501	0.02329	0.04705	0.02637	0.68537	0.06165	0.00716	0.00753	0.01054	0.03441	0.00467
96	0.01402	0.01319	0.02227	0.72126	0.05113	0.01649	0.02062	0.01897	0.01484	0.01897	0.01319	0.01979	0.00990	0.00742	0.00742	0.00247	0.00990	0.00660	0.00330	0.00825
97	0.01168	0.00936	0.01284	0.01253	0.01384	0.03067	0.00981	0.01426	0.01230	0.01774	0.01902	0.02763	0.01762	0.04898	0.60622	0.01053	0.07451	0.00770	0.03594	0.00682
98	0.01897	0.02195	0.06072	0.06203	0.08461	0.14259	0.33461	0.04639	0.01805	0.02283	0.01536	0.02169	0.01262	0.00930	0.03141	0.00274	0.04196	0.03859	0.00398	0.00960
99	0.01511	0.03684	0.64489	0.02202	0.03270	0.01737	0.08161	0.02353	0.01583	0.02353	0.01347	0.01604	0.00956	0.00699	0.00720	0.00236	0.01110	0.00576	0.00319	0.01089
100	0.01457	0.00762	0.00770	0.00744	0.00938	0.00774	0.00564	0.05038	0.01655	0.02865	0.02389	0.02718	0.01870	0.00866	0.00530	0.00176	0.00370	0.00691	0.74103	0.00721
101	0.02301	0.11553	0.05696	0.01926	0.07872	0.42118	0.01448	0.04617	0.01982	0.02052	0.05012	0.02050	0.06599	0.00866	0.00682	0.00200	0.01081	0.00621	0.00427	0.00898
102	0.02439	0.05535	0.07304	0.01646	0.05405	0.18482	0.01323	0.04885	0.04811	0.24703	0.13412	0.02559	0.02354	0.00942	0.00733	0.00218	0.00820	0.00747	0.00652	0.01032
103	0.02069	0.13655	0.09627	0.01684	0.02206	0.27988	0.04712	0.02700	0.13361	0.02158	0.02122	0.02197	0.07821	0.00874	0.00685	0.00207	0.00970	0.00661	0.00462	0.03840
104	0.06047	0.07014	0.01828	0.01606	0.07095	0.15116	0.01165	0.02702	0.13005	0.15303	0.13627	0.05016	0.05306	0.01035	0.00731	0.00224	0.00728	0.00836	0.00641	0.00974
105	0.01806	0.02133	0.13018	0.02976	0.32706	0.08607	0.03900	0.07862	0.01888	0.02513	0.04612	0.02584	0.10370	0.00891	0.00753	0.00225	0.00881	0.00777	0.00453	0.01044

[dist]
# distance from previous block
# <min> <max>
1	33

# created by:
# /st0/software/busco_prod/Augustus/scripts/msa2prfl.pl ./align_prep/109073.fa
