[name]
unknown

[dist]
# distance from previous block
# <min> <max>
10	30

[block]
# block no. 0 follows, 25 sequences, length 75
# corresponding to MSA columns:
# 70-80,83-146
name=unknown_A
#
# <colnr> <probs for GDERKNQSTAVLIFYWHMCP>
#	G	D	E	R	K	N	Q	S	T	A	V	L	I	F	Y	W	H	M	C	P
0	0.01780	0.01972	0.04144	0.09369	0.04005	0.01869	0.54458	0.02397	0.01788	0.02440	0.01537	0.02053	0.01161	0.00659	0.00877	0.00250	0.01227	0.00860	0.00393	0.06761
1	0.01707	0.01465	0.01555	0.01397	0.01809	0.01616	0.01083	0.03386	0.49354	0.03013	0.06979	0.03697	0.13005	0.01198	0.00804	0.00254	0.00564	0.01001	0.00763	0.05350
2	0.01117	0.00747	0.00849	0.00859	0.00861	0.00745	0.00484	0.01125	0.01147	0.01530	0.02545	0.08808	0.02947	0.68842	0.03782	0.00727	0.00735	0.01187	0.00484	0.00479
3	0.03479	0.01320	0.01799	0.01380	0.01979	0.01140	0.01140	0.03779	0.02219	0.68451	0.03059	0.02639	0.01919	0.00960	0.00780	0.00240	0.00660	0.00780	0.00960	0.01320
4	0.00993	0.00724	0.00942	0.01104	0.01169	0.00694	0.00745	0.01229	0.04687	0.02042	0.04218	0.68830	0.04992	0.02361	0.00980	0.00312	0.00458	0.02139	0.00723	0.00659
5	0.03479	0.01320	0.01799	0.01380	0.01979	0.01140	0.01140	0.03779	0.02219	0.68451	0.03059	0.02639	0.01919	0.00960	0.00780	0.00240	0.00660	0.00780	0.00960	0.01320
6	0.01953	0.01785	0.02746	0.11807	0.43880	0.01890	0.02082	0.07925	0.12810	0.02786	0.01769	0.02096	0.01405	0.00782	0.00773	0.00239	0.00877	0.00723	0.00480	0.01192
7	0.04412	0.01649	0.01722	0.06123	0.02021	0.14377	0.05865	0.02119	0.01666	0.02393	0.01743	0.02162	0.01428	0.01317	0.07647	0.00304	0.05585	0.00647	0.23709	0.13111
8	0.02648	0.03281	0.02234	0.02005	0.02322	0.55694	0.01539	0.02841	0.01988	0.01891	0.01161	0.01460	0.01003	0.00915	0.01082	0.00229	0.15896	0.00537	0.00387	0.00888
9	0.01958	0.42407	0.27117	0.01701	0.02515	0.08328	0.01894	0.02436	0.01651	0.02057	0.01201	0.01398	0.00991	0.00701	0.00601	0.00197	0.00992	0.00479	0.00336	0.01041
10	0.02931	0.02121	0.02390	0.01823	0.02449	0.02316	0.04083	0.59311	0.03491	0.08321	0.01916	0.01914	0.01346	0.00921	0.00782	0.00234	0.00861	0.00712	0.00770	0.01307
11	0.38110	0.04783	0.22725	0.01425	0.02088	0.01651	0.01502	0.02296	0.01550	0.06202	0.06670	0.04776	0.01636	0.00875	0.00633	0.00242	0.00760	0.00638	0.00489	0.00949
12	0.63869	0.01757	0.07064	0.03583	0.01853	0.01789	0.01102	0.06580	0.01513	0.03435	0.01170	0.01361	0.00891	0.00737	0.00532	0.00241	0.00679	0.00461	0.00482	0.00899
13	0.01651	0.01568	0.02662	0.43782	0.30988	0.01772	0.02246	0.02144	0.01639	0.02207	0.01411	0.02006	0.01113	0.00741	0.00772	0.00247	0.00987	0.00690	0.00361	0.01012
14	0.01846	0.01768	0.03015	0.15365	0.57879	0.01823	0.02343	0.02316	0.01731	0.02445	0.01446	0.01943	0.01197	0.00704	0.00769	0.00235	0.00939	0.00691	0.00378	0.01169
15	0.02498	0.01853	0.02003	0.01649	0.02179	0.02065	0.01325	0.30308	0.34066	0.09545	0.02593	0.02429	0.01879	0.00992	0.00782	0.00248	0.00720	0.00792	0.00798	0.01274
16	0.01464	0.01378	0.02326	0.70887	0.05340	0.01723	0.02153	0.01981	0.01550	0.01981	0.01378	0.02067	0.01034	0.00775	0.00775	0.00258	0.01034	0.00689	0.00345	0.00861
17	0.01415	0.01371	0.01153	0.01073	0.01384	0.11871	0.00816	0.06956	0.02013	0.02340	0.08458	0.05948	0.49020	0.01674	0.00869	0.00249	0.00593	0.01365	0.00678	0.00754
18	0.01464	0.01378	0.02326	0.70887	0.05340	0.01723	0.02153	0.01981	0.01550	0.01981	0.01378	0.02067	0.01034	0.00775	0.00775	0.00258	0.01034	0.00689	0.00345	0.00861
19	0.01392	0.01285	0.02004	0.47947	0.07282	0.01461	0.01753	0.01829	0.01608	0.02077	0.02648	0.03075	0.14059	0.00986	0.00785	0.00245	0.00863	0.00855	0.00430	0.07417
20	0.02733	0.02045	0.02212	0.01682	0.02314	0.02185	0.01385	0.55165	0.03319	0.04508	0.01784	0.01821	0.01291	0.00874	0.00743	0.00214	0.00808	0.00660	0.00725	0.13535
21	0.01919	0.01842	0.03147	0.04759	0.67914	0.01842	0.02380	0.02380	0.01765	0.02533	0.01458	0.01919	0.01228	0.00691	0.00768	0.00230	0.00921	0.00691	0.00384	0.01228
22	0.01555	0.04011	0.68733	0.02210	0.03356	0.01801	0.02865	0.02455	0.01637	0.02455	0.01391	0.01637	0.00982	0.00737	0.00737	0.00246	0.01146	0.00573	0.00327	0.01146
23	0.01555	0.04011	0.68733	0.02210	0.03356	0.01801	0.02865	0.02455	0.01637	0.02455	0.01391	0.01637	0.00982	0.00737	0.00737	0.00246	0.01146	0.00573	0.00327	0.01146
24	0.01464	0.01378	0.02326	0.70887	0.05340	0.01723	0.02153	0.01981	0.01550	0.01981	0.01378	0.02067	0.01034	0.00775	0.00775	0.00258	0.01034	0.00689	0.00345	0.00861
25	0.01919	0.01842	0.03147	0.04759	0.67914	0.01842	0.02380	0.02380	0.01765	0.02533	0.01458	0.01919	0.01228	0.00691	0.00768	0.00230	0.00921	0.00691	0.00384	0.01228
26	0.02606	0.02093	0.15666	0.01663	0.02338	0.01671	0.01569	0.13024	0.18690	0.28501	0.02556	0.02378	0.01748	0.00933	0.00773	0.00246	0.00778	0.00749	0.00758	0.01260
27	0.01163	0.00831	0.01151	0.01330	0.01470	0.00818	0.01100	0.01458	0.01700	0.02224	0.04153	0.26670	0.04650	0.02223	0.01048	0.00345	0.00639	0.45620	0.00716	0.00690
28	0.01097	0.00793	0.01036	0.00975	0.01158	0.00732	0.00732	0.01463	0.02195	0.03109	0.67505	0.05792	0.07316	0.01585	0.00914	0.00244	0.00366	0.01402	0.00854	0.00732
29	0.01493	0.03571	0.59483	0.02041	0.03056	0.01655	0.02573	0.02320	0.01713	0.02545	0.10425	0.02205	0.01848	0.00853	0.00761	0.00245	0.01039	0.00686	0.00399	0.01089
30	0.02664	0.01949	0.02112	0.01677	0.02235	0.02150	0.01365	0.46198	0.16284	0.07682	0.05835	0.02329	0.01896	0.00993	0.00786	0.00240	0.00768	0.00778	0.00792	0.01267
31	0.01128	0.00752	0.00846	0.00846	0.00846	0.00752	0.00470	0.01128	0.01128	0.01503	0.02443	0.05074	0.02819	0.72751	0.03946	0.00752	0.00752	0.01128	0.00470	0.00470
32	0.00923	0.00786	0.00795	0.00792	0.01051	0.00657	0.00594	0.01126	0.01783	0.02132	0.10031	0.07401	0.65400	0.01950	0.00916	0.00261	0.00392	0.01628	0.00725	0.00657
33	0.01945	0.01923	0.03116	0.07303	0.59889	0.05180	0.04501	0.02402	0.01780	0.02477	0.01446	0.01905	0.01207	0.00698	0.00770	0.00231	0.00963	0.00689	0.00383	0.01190
34	0.01957	0.01908	0.03059	0.04534	0.62925	0.04485	0.02303	0.02472	0.04178	0.02535	0.01511	0.01935	0.01261	0.00708	0.00766	0.00230	0.00928	0.00690	0.00399	0.01215
35	0.01223	0.01000	0.01467	0.01400	0.01512	0.01244	0.01111	0.01479	0.01235	0.01813	0.01870	0.02782	0.01759	0.04944	0.56561	0.01069	0.15609	0.00801	0.00400	0.00723
36	0.01830	0.02092	0.04575	0.03268	0.04052	0.01961	0.65098	0.02484	0.01830	0.02484	0.01569	0.02092	0.01176	0.00654	0.00915	0.00261	0.01307	0.00915	0.00392	0.01046
37	0.01863	0.04791	0.16034	0.03022	0.29407	0.08062	0.02045	0.04630	0.06308	0.02490	0.01860	0.08124	0.01672	0.00964	0.00833	0.00246	0.03153	0.02949	0.00453	0.01095
38	0.02380	0.01748	0.01923	0.01585	0.02042	0.01902	0.01260	0.47134	0.03034	0.04063	0.02545	0.21793	0.02397	0.01355	0.00836	0.00256	0.00739	0.01125	0.00760	0.01124
39	0.02835	0.03594	0.02206	0.01999	0.02379	0.66221	0.01508	0.03034	0.02146	0.01896	0.01189	0.01413	0.01000	0.00827	0.00793	0.00207	0.04951	0.00508	0.00396	0.00896
40	0.05639	0.12623	0.02495	0.02092	0.07933	0.47674	0.01524	0.07174	0.02143	0.02209	0.01246	0.01449	0.01034	0.00778	0.00675	0.00202	0.01213	0.00515	0.00418	0.00966
41	0.78228	0.01499	0.01140	0.01020	0.01499	0.01739	0.00840	0.02279	0.01320	0.03479	0.01080	0.01260	0.00840	0.00720	0.00480	0.00240	0.00600	0.00420	0.00480	0.00840
42	0.02841	0.09201	0.02397	0.01875	0.02364	0.43500	0.01476	0.21933	0.02584	0.02799	0.01390	0.01526	0.01096	0.00827	0.00705	0.00207	0.01184	0.00552	0.00508	0.01035
43	0.01128	0.00752	0.00846	0.00846	0.00846	0.00752	0.00470	0.01128	0.01128	0.01503	0.02443	0.05074	0.02819	0.72751	0.03946	0.00752	0.00752	0.01128	0.00470	0.00470
44	0.01608	0.01378	0.01608	0.01148	0.01837	0.01034	0.00919	0.01952	0.01608	0.02527	0.01378	0.01608	0.01148	0.00574	0.00574	0.00115	0.00574	0.00459	0.00459	0.77491
45	0.02947	0.02172	0.02327	0.01784	0.02404	0.02404	0.01474	0.65329	0.03646	0.04887	0.01862	0.01862	0.01319	0.00931	0.00776	0.00233	0.00853	0.00698	0.00776	0.01319
46	0.00945	0.00675	0.00900	0.01080	0.01125	0.00630	0.00720	0.01080	0.01484	0.01979	0.04274	0.72245	0.05128	0.02429	0.00990	0.00315	0.00450	0.02204	0.00720	0.00630
47	0.02821	0.03277	0.02180	0.01927	0.02366	0.53043	0.01471	0.13165	0.07951	0.02493	0.01473	0.01601	0.01167	0.00842	0.00719	0.00210	0.01243	0.00564	0.00493	0.00994
48	0.00958	0.00685	0.00911	0.01071	0.01128	0.00639	0.00721	0.01113	0.01545	0.02076	0.09702	0.66540	0.05316	0.02357	0.00983	0.00309	0.00443	0.02135	0.00731	0.00639
49	0.01985	0.01653	0.01755	0.01571	0.02015	0.01900	0.01224	0.04108	0.64174	0.05616	0.03152	0.02884	0.02351	0.01049	0.00789	0.00262	0.00615	0.00873	0.00795	0.01231
50	0.01715	0.01709	0.02441	0.02269	0.07691	0.02329	0.01755	0.01910	0.01237	0.01923	0.01056	0.01715	0.01036	0.01300	0.02392	0.00330	0.65287	0.00680	0.00343	0.00881
51	0.01880	0.01802	0.03077	0.10436	0.62542	0.01832	0.02360	0.02345	0.01747	0.02486	0.01452	0.01932	0.01211	0.00698	0.00768	0.00233	0.00931	0.00691	0.00380	0.01197
52	0.01555	0.04011	0.68733	0.02210	0.03356	0.01801	0.02865	0.02455	0.01637	0.02455	0.01391	0.01637	0.00982	0.00737	0.00737	0.00246	0.01146	0.00573	0.00327	0.01146
53	0.01097	0.00793	0.01036	0.00975	0.01158	0.00732	0.00732	0.01463	0.02195	0.03109	0.67505	0.05792	0.07316	0.01585	0.00914	0.00244	0.00366	0.01402	0.00854	0.00732
54	0.78228	0.01499	0.01140	0.01020	0.01499	0.01739	0.00840	0.02279	0.01320	0.03479	0.01080	0.01260	0.00840	0.00720	0.00480	0.00240	0.00600	0.00420	0.00480	0.00840
55	0.78228	0.01499	0.01140	0.01020	0.01499	0.01739	0.00840	0.02279	0.01320	0.03479	0.01080	0.01260	0.00840	0.00720	0.00480	0.00240	0.00600	0.00420	0.00480	0.00840
56	0.02947	0.02172	0.02327	0.01784	0.02404	0.02404	0.01474	0.65329	0.03646	0.04887	0.01862	0.01862	0.01319	0.00931	0.00776	0.00233	0.00853	0.00698	0.00776	0.01319
57	0.01128	0.00752	0.00846	0.00846	0.00846	0.00752	0.00470	0.01128	0.01128	0.01503	0.02443	0.05074	0.02819	0.72751	0.03946	0.00752	0.00752	0.01128	0.00470	0.00470
58	0.01108	0.00831	0.01246	0.01246	0.01385	0.00969	0.00969	0.01385	0.01246	0.01800	0.02077	0.03046	0.01938	0.05815	0.69678	0.01246	0.02077	0.00831	0.00415	0.00692
59	0.01850	0.01597	0.01678	0.01516	0.01941	0.01829	0.01178	0.03886	0.61467	0.03154	0.03522	0.03249	0.07451	0.01123	0.00799	0.00263	0.00596	0.00936	0.00784	0.01183
60	0.01032	0.00790	0.00946	0.00907	0.01118	0.00704	0.00680	0.01337	0.02041	0.02745	0.46080	0.06392	0.28968	0.01721	0.00915	0.00250	0.00375	0.01486	0.00806	0.00704
61	0.01464	0.01378	0.02326	0.70887	0.05340	0.01723	0.02153	0.01981	0.01550	0.01981	0.01378	0.02067	0.01034	0.00775	0.00775	0.00258	0.01034	0.00689	0.00345	0.00861
62	0.01555	0.04011	0.68733	0.02210	0.03356	0.01801	0.02865	0.02455	0.01637	0.02455	0.01391	0.01637	0.00982	0.00737	0.00737	0.00246	0.01146	0.00573	0.00327	0.01146
63	0.00918	0.00778	0.00793	0.00805	0.01052	0.00653	0.00598	0.01111	0.01748	0.02087	0.07613	0.11826	0.63392	0.01995	0.00921	0.00265	0.00397	0.01675	0.00720	0.00653
64	0.01097	0.00793	0.01036	0.00975	0.01158	0.00732	0.00732	0.01463	0.02195	0.03109	0.67505	0.05792	0.07316	0.01585	0.00914	0.00244	0.00366	0.01402	0.00854	0.00732
65	0.01464	0.01378	0.02326	0.70887	0.05340	0.01723	0.02153	0.01981	0.01550	0.01981	0.01378	0.02067	0.01034	0.00775	0.00775	0.00258	0.01034	0.00689	0.00345	0.00861
66	0.01719	0.25959	0.48224	0.01930	0.02923	0.02203	0.02377	0.02413	0.01617	0.02255	0.01292	0.01512	0.00986	0.00713	0.00661	0.00220	0.01045	0.00523	0.00329	0.01098
67	0.00926	0.00786	0.00798	0.00795	0.01053	0.00658	0.00596	0.01131	0.01789	0.02146	0.10885	0.07377	0.64537	0.01944	0.00916	0.00261	0.00391	0.01624	0.00727	0.00658
68	0.00916	0.00785	0.00785	0.00785	0.01047	0.00655	0.00589	0.01113	0.01767	0.02095	0.07855	0.07462	0.67599	0.01964	0.00916	0.00262	0.00393	0.01636	0.00720	0.00655
69	0.01830	0.02092	0.04575	0.03268	0.04052	0.01961	0.65098	0.02484	0.01830	0.02484	0.01569	0.02092	0.01176	0.00654	0.00915	0.00261	0.01307	0.00915	0.00392	0.01046
70	0.01555	0.04011	0.68733	0.02210	0.03356	0.01801	0.02865	0.02455	0.01637	0.02455	0.01391	0.01637	0.00982	0.00737	0.00737	0.00246	0.01146	0.00573	0.00327	0.01146
71	0.02896	0.03695	0.02197	0.01998	0.02397	0.69638	0.01498	0.03096	0.02197	0.01898	0.01199	0.01398	0.00999	0.00799	0.00699	0.00200	0.01398	0.00499	0.00400	0.00899
72	0.01544	0.01460	0.02470	0.59245	0.16357	0.01744	0.02193	0.02051	0.01588	0.02078	0.01392	0.02041	0.01068	0.00760	0.00774	0.00253	0.01014	0.00689	0.00351	0.00926
73	0.01087	0.00792	0.01022	0.00965	0.01152	0.00727	0.00724	0.01444	0.02171	0.03053	0.64189	0.05885	0.10667	0.01606	0.00915	0.00245	0.00367	0.01415	0.00846	0.00727
74	0.00945	0.00675	0.00900	0.01080	0.01125	0.00630	0.00720	0.01080	0.01484	0.01979	0.04274	0.72245	0.05128	0.02429	0.00990	0.00315	0.00450	0.02204	0.00720	0.00630

[dist]
# distance from previous block
# <min> <max>
0	1

[block]
# block no. 1 follows, 25 sequences, length 8
# corresponding to MSA columns:
# 148-155
name=unknown_B
#
# <colnr> <probs for GDERKNQSTAVLIFYWHMCP>
#	G	D	E	R	K	N	Q	S	T	A	V	L	I	F	Y	W	H	M	C	P
0	0.01649	0.01415	0.01626	0.01203	0.01860	0.01148	0.00958	0.02230	0.09929	0.02618	0.01606	0.01773	0.01305	0.00635	0.00602	0.00134	0.00579	0.00513	0.00502	0.67713
1	0.20387	0.01473	0.01707	0.01338	0.01918	0.01434	0.01103	0.11241	0.02168	0.42325	0.02373	0.02175	0.01559	0.00883	0.00701	0.00233	0.00667	0.00672	0.00803	0.04841
2	0.07503	0.20293	0.03238	0.03599	0.46024	0.02152	0.01995	0.02357	0.01684	0.02418	0.01332	0.01696	0.01140	0.00686	0.00677	0.00214	0.00874	0.00600	0.00377	0.01140
3	0.01266	0.00903	0.01094	0.01118	0.01244	0.00904	0.00772	0.09818	0.01765	0.02372	0.08996	0.43297	0.04328	0.16521	0.01558	0.00387	0.00559	0.01712	0.00688	0.00699
4	0.01621	0.01402	0.01565	0.01605	0.08386	0.05232	0.01095	0.09737	0.11323	0.02746	0.09212	0.15808	0.16339	0.01412	0.00830	0.00244	0.00620	0.01206	0.00668	0.08950
5	0.01343	0.01116	0.05964	0.01155	0.01476	0.00840	0.00927	0.01602	0.01615	0.07686	0.03709	0.38513	0.10078	0.01723	0.00849	0.00255	0.00532	0.01518	0.03630	0.15469
6	0.12173	0.10754	0.52795	0.01955	0.02960	0.01922	0.02428	0.02418	0.01587	0.02532	0.01316	0.01545	0.00964	0.00727	0.00677	0.00237	0.01038	0.00536	0.00349	0.01088
7	0.27041	0.12349	0.37756	0.01698	0.02559	0.01948	0.01990	0.02379	0.01524	0.02711	0.01247	0.01460	0.00937	0.00721	0.00620	0.00233	0.00923	0.00501	0.00378	0.01024

[dist]
# distance from previous block
# <min> <max>
8	21

[block]
# block no. 2 follows, 25 sequences, length 9
# corresponding to MSA columns:
# 180-188
name=unknown_C
#
# <colnr> <probs for GDERKNQSTAVLIFYWHMCP>
#	G	D	E	R	K	N	Q	S	T	A	V	L	I	F	Y	W	H	M	C	P
0	0.56152	0.01595	0.01405	0.01201	0.01666	0.01845	0.00988	0.13981	0.01762	0.03625	0.01297	0.01479	0.00998	0.00803	0.00648	0.00241	0.04403	0.00501	0.04489	0.00923
1	0.02827	0.02112	0.02259	0.01760	0.02359	0.02348	0.01445	0.58083	0.11088	0.04692	0.02015	0.01984	0.01443	0.00945	0.00777	0.00236	0.00825	0.00719	0.00777	0.01308
2	0.01005	0.00850	0.00876	0.00859	0.01127	0.00754	0.00647	0.01361	0.06538	0.02259	0.12244	0.06995	0.58044	0.01867	0.00907	0.00260	0.00407	0.01562	0.00736	0.00703
3	0.02786	0.01554	0.01851	0.01492	0.01997	0.01571	0.01200	0.28885	0.02676	0.29618	0.02787	0.15285	0.02267	0.01221	0.00817	0.00251	0.00701	0.01011	0.00838	0.01191
4	0.01903	0.01310	0.01622	0.08576	0.02161	0.01396	0.01263	0.08872	0.18413	0.12600	0.03527	0.07757	0.08209	0.01426	0.00880	0.00283	0.00688	0.17373	0.00738	0.01001
5	0.06807	0.18297	0.40888	0.01798	0.02705	0.01953	0.02131	0.02432	0.01661	0.06376	0.04253	0.01766	0.01311	0.00763	0.00672	0.00223	0.00957	0.00573	0.00404	0.04029
6	0.01608	0.01378	0.01608	0.01148	0.01837	0.01034	0.00919	0.01952	0.01608	0.02527	0.01378	0.01608	0.01148	0.00574	0.00574	0.00115	0.00574	0.00459	0.00459	0.77491
7	0.01646	0.07888	0.18319	0.02449	0.06932	0.01739	0.27494	0.02247	0.01821	0.02546	0.13761	0.02580	0.02264	0.00846	0.00819	0.00239	0.01004	0.00856	0.00461	0.04090
8	0.02073	0.04359	0.01803	0.01382	0.01920	0.11859	0.01100	0.11947	0.07031	0.07092	0.05375	0.02600	0.08872	0.00926	0.00704	0.00189	0.00731	0.00725	0.00598	0.28714

[dist]
# distance from previous block
# <min> <max>
1	12

[block]
# block no. 3 follows, 25 sequences, length 12
# corresponding to MSA columns:
# 210-221
name=unknown_D
#
# <colnr> <probs for GDERKNQSTAVLIFYWHMCP>
#	G	D	E	R	K	N	Q	S	T	A	V	L	I	F	Y	W	H	M	C	P
0	0.02135	0.05653	0.01944	0.01528	0.01921	0.06537	0.01213	0.25481	0.13642	0.03270	0.07637	0.02783	0.02186	0.10184	0.06321	0.00377	0.04690	0.00821	0.00647	0.01030
1	0.02021	0.09519	0.02703	0.01952	0.02320	0.02226	0.09411	0.11789	0.06380	0.05122	0.01477	0.01836	0.01220	0.01036	0.01518	0.00269	0.31488	0.00684	0.00475	0.06551
2	0.01497	0.01086	0.01256	0.04847	0.01499	0.01134	0.00829	0.11524	0.04605	0.02361	0.02615	0.06755	0.05800	0.34772	0.06354	0.00533	0.00788	0.01014	0.05822	0.04913
3	0.05906	0.01552	0.09747	0.01347	0.01856	0.01221	0.01207	0.07028	0.05483	0.19499	0.09854	0.09879	0.10426	0.01261	0.00804	0.00246	0.00643	0.03789	0.00719	0.07533
4	0.02013	0.01676	0.01848	0.01461	0.01957	0.04625	0.01165	0.21474	0.02188	0.03067	0.01771	0.07853	0.01589	0.03926	0.01031	0.00223	0.08380	0.00735	0.00564	0.32456
5	0.02444	0.18155	0.07388	0.01753	0.02267	0.36808	0.01490	0.09089	0.02103	0.02234	0.01607	0.01795	0.04151	0.01090	0.04210	0.00256	0.01190	0.00576	0.00434	0.00959
6	0.01885	0.01830	0.06381	0.05158	0.10711	0.01933	0.15037	0.05170	0.05092	0.07214	0.01614	0.02073	0.01306	0.01387	0.07238	0.00362	0.23388	0.00756	0.00451	0.01016
7	0.01728	0.01937	0.09364	0.01715	0.02126	0.10209	0.06858	0.08678	0.01863	0.02464	0.07824	0.05420	0.07785	0.01923	0.12480	0.00416	0.10857	0.00883	0.00507	0.04963
8	0.01629	0.02154	0.16970	0.05479	0.08524	0.04122	0.19903	0.02182	0.01717	0.02370	0.01984	0.06444	0.01805	0.01147	0.03150	0.00286	0.01051	0.09344	0.00445	0.09294
9	0.20514	0.32110	0.02471	0.01270	0.01752	0.08271	0.01128	0.02153	0.01572	0.02291	0.01937	0.02463	0.06601	0.01341	0.06486	0.00301	0.00888	0.05136	0.00440	0.00875
10	0.01785	0.01624	0.03907	0.07393	0.14419	0.04149	0.01423	0.02905	0.29231	0.04903	0.02884	0.03202	0.07560	0.09821	0.01177	0.00313	0.00749	0.00896	0.00611	0.01046
11	0.02566	0.02427	0.02060	0.04129	0.02294	0.24634	0.01377	0.31705	0.02829	0.03447	0.09921	0.02433	0.04752	0.01005	0.00773	0.00225	0.00963	0.00757	0.00642	0.01062

[dist]
# distance from previous block
# <min> <max>
1	5

[block]
# block no. 4 follows, 25 sequences, length 6
# corresponding to MSA columns:
# 227-232
name=unknown_E
#
# <colnr> <probs for GDERKNQSTAVLIFYWHMCP>
#	G	D	E	R	K	N	Q	S	T	A	V	L	I	F	Y	W	H	M	C	P
0	0.02004	0.01634	0.07995	0.01686	0.02197	0.01414	0.08318	0.12418	0.05439	0.13699	0.02694	0.11194	0.02431	0.01496	0.04343	0.00313	0.00854	0.11945	0.00663	0.07260
1	0.06526	0.10972	0.09828	0.01633	0.09575	0.01392	0.01271	0.01896	0.01734	0.04669	0.15963	0.08619	0.10193	0.04544	0.00906	0.00251	0.00658	0.00991	0.00566	0.07814
2	0.06297	0.01603	0.05989	0.01429	0.01816	0.01577	0.01184	0.27730	0.02296	0.03195	0.02295	0.08750	0.02196	0.17447	0.07727	0.00456	0.00904	0.05554	0.00620	0.00935
3	0.14792	0.05663	0.01558	0.01363	0.04912	0.09619	0.00988	0.02052	0.03775	0.05175	0.14018	0.09387	0.07693	0.05641	0.00929	0.00257	0.00666	0.00949	0.00589	0.09974
4	0.01776	0.01688	0.09551	0.01433	0.01902	0.01490	0.01280	0.21995	0.07243	0.03265	0.13492	0.04195	0.15995	0.01615	0.05158	0.00316	0.00768	0.05155	0.00697	0.00985
5	0.02504	0.20140	0.06052	0.01716	0.02259	0.30323	0.01461	0.16534	0.02308	0.02585	0.01774	0.01883	0.05546	0.00870	0.00683	0.00205	0.01058	0.00603	0.00484	0.01012

[dist]
# distance from previous block
# <min> <max>
4	11

[block]
# block no. 5 follows, 25 sequences, length 13
# corresponding to MSA columns:
# 244-256
name=unknown_F
#
# <colnr> <probs for GDERKNQSTAVLIFYWHMCP>
#	G	D	E	R	K	N	Q	S	T	A	V	L	I	F	Y	W	H	M	C	P
0	0.14954	0.05144	0.13027	0.01501	0.06246	0.03240	0.01292	0.01922	0.01801	0.02784	0.23278	0.03862	0.08934	0.01195	0.00765	0.00243	0.00654	0.04552	0.03742	0.00866
1	0.01607	0.00999	0.01187	0.01066	0.01315	0.00958	0.00782	0.08663	0.01964	0.12012	0.19595	0.10444	0.14993	0.19039	0.01631	0.00376	0.00568	0.01274	0.00732	0.00795
2	0.08729	0.37437	0.06682	0.01627	0.02222	0.10973	0.08359	0.02388	0.01680	0.04643	0.01521	0.07689	0.01401	0.00855	0.00635	0.00207	0.00911	0.00661	0.00418	0.00963
3	0.02493	0.31037	0.02986	0.01830	0.05897	0.26485	0.01463	0.06627	0.01963	0.06877	0.01331	0.01500	0.01098	0.00788	0.00730	0.00200	0.04736	0.00518	0.00432	0.01010
4	0.47556	0.01842	0.11865	0.04227	0.01966	0.01677	0.01242	0.06747	0.01568	0.03226	0.01363	0.01615	0.01051	0.01002	0.03918	0.00285	0.00775	0.00520	0.06649	0.00907
5	0.01551	0.01817	0.12557	0.14616	0.08692	0.01610	0.06210	0.04337	0.01608	0.02258	0.02036	0.12205	0.04366	0.01190	0.01171	0.02787	0.12753	0.00924	0.00442	0.06868
6	0.01540	0.01781	0.15432	0.01707	0.02290	0.01235	0.15419	0.02010	0.01852	0.09421	0.11513	0.04395	0.25563	0.01276	0.00865	0.00254	0.00772	0.01145	0.00609	0.00920
7	0.01243	0.01003	0.01107	0.01033	0.01315	0.00982	0.00788	0.04349	0.13742	0.02757	0.26863	0.05845	0.32786	0.01629	0.00887	0.00255	0.00442	0.01382	0.00780	0.00811
8	0.02787	0.06775	0.02419	0.02124	0.07883	0.38578	0.01555	0.23166	0.02597	0.02916	0.01429	0.01584	0.01122	0.00825	0.00719	0.00211	0.01151	0.00575	0.00516	0.01068
9	0.39810	0.01607	0.06924	0.01227	0.01686	0.01591	0.01060	0.02524	0.15905	0.03177	0.10857	0.02498	0.02201	0.04995	0.00827	0.00275	0.00625	0.00710	0.00587	0.00915
10	0.15240	0.02199	0.01944	0.04655	0.02215	0.18226	0.01336	0.22098	0.07606	0.03305	0.07109	0.02060	0.01716	0.00952	0.00847	0.00238	0.05958	0.00675	0.00593	0.01027
11	0.08217	0.12082	0.05034	0.01931	0.02384	0.04734	0.18613	0.02164	0.01590	0.05702	0.03476	0.07303	0.01729	0.06153	0.04937	0.00343	0.11402	0.00847	0.00454	0.00906
12	0.01254	0.03882	0.01620	0.01469	0.05259	0.01104	0.06310	0.01553	0.01781	0.02428	0.26496	0.10925	0.13851	0.07260	0.04040	0.00341	0.05721	0.03296	0.00647	0.00762

[dist]
# distance from previous block
# <min> <max>
39	155

[block]
# block no. 6 follows, 25 sequences, length 19
# corresponding to MSA columns:
# 420-438
name=unknown_G
#
# <colnr> <probs for GDERKNQSTAVLIFYWHMCP>
#	G	D	E	R	K	N	Q	S	T	A	V	L	I	F	Y	W	H	M	C	P
0	0.02313	0.01687	0.06194	0.01754	0.06822	0.01577	0.01374	0.05612	0.28293	0.21432	0.02733	0.02807	0.02026	0.00986	0.00776	0.00243	0.00693	0.03829	0.00744	0.08106
1	0.02624	0.01652	0.06897	0.01721	0.07114	0.01449	0.01361	0.09374	0.12530	0.33505	0.06756	0.02805	0.04437	0.00997	0.00784	0.00240	0.00698	0.00824	0.00793	0.03441
2	0.01941	0.47455	0.25137	0.01646	0.02455	0.05641	0.01838	0.02400	0.01624	0.02034	0.01186	0.01379	0.00991	0.00693	0.00585	0.00193	0.00958	0.00470	0.00333	0.01040
3	0.01120	0.00852	0.01044	0.01075	0.01240	0.00831	0.00774	0.01601	0.09909	0.02554	0.27147	0.33181	0.11909	0.01907	0.00930	0.00278	0.00434	0.01693	0.00776	0.00744
4	0.01077	0.00860	0.01107	0.01048	0.01289	0.00762	0.03130	0.01356	0.01861	0.02476	0.26882	0.17059	0.26754	0.01786	0.00915	0.00261	0.00455	0.04808	0.00737	0.05376
5	0.01445	0.00872	0.01134	0.01023	0.01275	0.00788	0.00783	0.01789	0.02169	0.12916	0.53657	0.05430	0.10651	0.01517	0.00894	0.00245	0.00412	0.01324	0.00860	0.00815
6	0.01555	0.04011	0.68733	0.02210	0.03356	0.01801	0.02865	0.02455	0.01637	0.02455	0.01391	0.01637	0.00982	0.00737	0.00737	0.00246	0.01146	0.00573	0.00327	0.01146
7	0.01875	0.01680	0.02160	0.02215	0.13430	0.01852	0.06048	0.03560	0.47260	0.03059	0.06181	0.02822	0.02349	0.00989	0.00801	0.00256	0.00704	0.00876	0.00694	0.01188
8	0.01128	0.00752	0.00846	0.00846	0.00846	0.00752	0.00470	0.01128	0.01128	0.01503	0.02443	0.05074	0.02819	0.72751	0.03946	0.00752	0.00752	0.01128	0.00470	0.00470
9	0.01608	0.01378	0.01608	0.01148	0.01837	0.01034	0.00919	0.01952	0.01608	0.02527	0.01378	0.01608	0.01148	0.00574	0.00574	0.00115	0.00574	0.00459	0.00459	0.77491
10	0.01072	0.00779	0.00985	0.01097	0.01199	0.00744	0.00757	0.05015	0.01670	0.02218	0.07392	0.60323	0.09302	0.02266	0.00968	0.00303	0.00466	0.02035	0.00730	0.00678
11	0.06322	0.05018	0.02479	0.36501	0.15857	0.01775	0.05010	0.04407	0.04238	0.02362	0.01612	0.05705	0.01348	0.00843	0.00755	0.00245	0.00921	0.00752	0.00418	0.03430
12	0.02116	0.01679	0.01880	0.01389	0.02052	0.01553	0.01129	0.25979	0.02380	0.03421	0.01561	0.01704	0.01213	0.00709	0.00651	0.00160	0.00680	0.00550	0.00579	0.48614
13	0.04354	0.00866	0.01054	0.00980	0.01220	0.00793	0.00739	0.01630	0.02002	0.09471	0.40761	0.08888	0.18413	0.04190	0.00998	0.00269	0.00429	0.01377	0.00802	0.00766
14	0.02397	0.01771	0.01888	0.01569	0.02082	0.04422	0.01248	0.20706	0.29944	0.12581	0.02619	0.05368	0.01986	0.01018	0.00773	0.00240	0.00707	0.00824	0.00766	0.07094
15	0.04422	0.01885	0.05050	0.11041	0.21329	0.06419	0.07607	0.13933	0.02093	0.02840	0.05218	0.02616	0.01753	0.01007	0.00910	0.04018	0.00932	0.05389	0.00502	0.01037
16	0.01843	0.05103	0.02027	0.01982	0.12351	0.01781	0.01346	0.03304	0.40676	0.02900	0.02573	0.05529	0.02062	0.00966	0.00749	0.00234	0.00660	0.00822	0.00651	0.12441
17	0.01760	0.01291	0.01394	0.01266	0.01615	0.04200	0.01008	0.11656	0.09554	0.09628	0.11025	0.08090	0.22488	0.01554	0.00882	0.00267	0.00606	0.10040	0.00760	0.00916
18	0.02060	0.34154	0.16413	0.01596	0.02241	0.12661	0.01597	0.02435	0.01696	0.06556	0.01518	0.04621	0.01313	0.01237	0.06551	0.00291	0.01061	0.00597	0.00408	0.00992

[dist]
# distance from previous block
# <min> <max>
1	11

[block]
# block no. 7 follows, 25 sequences, length 7
# corresponding to MSA columns:
# 450-456
name=unknown_H
#
# <colnr> <probs for GDERKNQSTAVLIFYWHMCP>
#	G	D	E	R	K	N	Q	S	T	A	V	L	I	F	Y	W	H	M	C	P
0	0.07432	0.19574	0.09913	0.01913	0.09817	0.13965	0.01533	0.10689	0.02022	0.02605	0.05306	0.02326	0.08010	0.00914	0.00690	0.00216	0.00896	0.00689	0.00484	0.01007
1	0.01501	0.01102	0.01296	0.01213	0.01453	0.01129	0.00912	0.15689	0.04662	0.02966	0.20703	0.23899	0.07683	0.07518	0.01156	0.00311	0.00559	0.04673	0.00750	0.00827
2	0.06291	0.04084	0.01708	0.04148	0.01951	0.14413	0.01129	0.06524	0.09835	0.20193	0.02721	0.02683	0.07016	0.00982	0.00714	0.00225	0.00755	0.00760	0.12844	0.01025
3	0.18078	0.02591	0.20575	0.01917	0.07826	0.14516	0.01694	0.05637	0.05125	0.02681	0.01963	0.07664	0.04685	0.00966	0.00712	0.00241	0.00923	0.00744	0.00476	0.00988
4	0.14381	0.01818	0.01735	0.01460	0.01949	0.07450	0.01165	0.20800	0.19357	0.06533	0.02797	0.02714	0.09653	0.01033	0.00736	0.00239	0.00719	0.00794	0.00691	0.03976
5	0.10430	0.01270	0.04278	0.01257	0.01585	0.01183	0.00988	0.10144	0.05010	0.08059	0.03006	0.34086	0.03149	0.05263	0.00987	0.00292	0.00600	0.01367	0.00674	0.06374
6	0.01880	0.09120	0.41450	0.02600	0.16586	0.05434	0.02442	0.02555	0.01729	0.07015	0.01486	0.01721	0.01101	0.00740	0.00724	0.00233	0.01052	0.00595	0.00388	0.01150

[dist]
# distance from previous block
# <min> <max>
41	79

[block]
# block no. 8 follows, 25 sequences, length 6
# corresponding to MSA columns:
# 540-545
name=unknown_I
#
# <colnr> <probs for GDERKNQSTAVLIFYWHMCP>
#	G	D	E	R	K	N	Q	S	T	A	V	L	I	F	Y	W	H	M	C	P
0	0.15525	0.10738	0.02076	0.01672	0.07509	0.06712	0.01250	0.06479	0.09301	0.16176	0.06734	0.02429	0.04617	0.00961	0.00793	0.00235	0.04388	0.00724	0.00626	0.01052
1	0.01618	0.01645	0.07293	0.01623	0.07454	0.06089	0.01238	0.08270	0.13340	0.02901	0.21554	0.04261	0.16946	0.01304	0.00837	0.00246	0.00648	0.01096	0.00690	0.00948
2	0.01661	0.05362	0.06749	0.01484	0.04713	0.01324	0.01206	0.07854	0.02040	0.09138	0.25019	0.10020	0.08647	0.01412	0.00998	0.00258	0.06652	0.03861	0.00694	0.00908
3	0.08256	0.04753	0.05462	0.04599	0.01948	0.01603	0.01276	0.06873	0.07928	0.04597	0.06385	0.11404	0.02279	0.01965	0.11981	0.00421	0.12966	0.00923	0.00547	0.03837
4	0.07864	0.26448	0.15260	0.05879	0.02633	0.14736	0.06287	0.02633	0.07317	0.02261	0.01392	0.01600	0.01116	0.00746	0.00650	0.00213	0.01004	0.00553	0.00399	0.01009
5	0.08492	0.03828	0.01517	0.01371	0.04542	0.11360	0.00983	0.02057	0.06957	0.02459	0.15344	0.03455	0.07350	0.11184	0.05004	0.00344	0.00780	0.00888	0.00568	0.11520

[dist]
# distance from previous block
# <min> <max>
33	64

[block]
# block no. 9 follows, 25 sequences, length 14
# corresponding to MSA columns:
# 630-643
name=unknown_J
#
# <colnr> <probs for GDERKNQSTAVLIFYWHMCP>
#	G	D	E	R	K	N	Q	S	T	A	V	L	I	F	Y	W	H	M	C	P
0	0.07380	0.02093	0.17084	0.02961	0.29441	0.01614	0.05384	0.02278	0.04255	0.02726	0.14639	0.02625	0.02398	0.00893	0.00777	0.00240	0.00845	0.00805	0.00488	0.01072
1	0.21668	0.08047	0.10122	0.07007	0.08540	0.11403	0.01536	0.02265	0.01597	0.02502	0.04270	0.01823	0.01338	0.01176	0.05710	0.00305	0.06276	0.00590	0.00419	0.03406
2	0.06080	0.02166	0.13335	0.10496	0.37834	0.04201	0.02181	0.06479	0.01838	0.02630	0.01714	0.02071	0.04029	0.00784	0.00752	0.00237	0.00941	0.00692	0.00417	0.01125
3	0.02091	0.01259	0.01745	0.01574	0.06141	0.01179	0.04595	0.09216	0.02185	0.21905	0.20991	0.11246	0.05360	0.01266	0.00839	0.00242	0.00615	0.01111	0.00777	0.05662
4	0.10723	0.25952	0.05414	0.01441	0.01979	0.09858	0.01282	0.15751	0.02175	0.02934	0.13268	0.02234	0.02188	0.00912	0.00664	0.00210	0.00803	0.00671	0.00545	0.00995
5	0.12887	0.15215	0.01740	0.01095	0.01506	0.01429	0.00913	0.02074	0.04298	0.10068	0.22267	0.03874	0.14172	0.01208	0.00735	0.00226	0.00547	0.00974	0.00667	0.04106
6	0.05039	0.01829	0.07072	0.02326	0.02914	0.01661	0.32009	0.06356	0.01831	0.06920	0.02094	0.14463	0.01900	0.01053	0.00962	0.00263	0.05160	0.01044	0.00513	0.04591
7	0.01874	0.14382	0.07699	0.01909	0.02372	0.09585	0.13194	0.07392	0.01801	0.02329	0.01984	0.12046	0.03802	0.01121	0.01058	0.00252	0.12420	0.00902	0.02943	0.00936
8	0.24336	0.04027	0.02036	0.01807	0.07148	0.07166	0.01361	0.21810	0.08737	0.03451	0.01561	0.01724	0.01210	0.00897	0.00892	0.00246	0.09349	0.00610	0.00567	0.01066
9	0.28591	0.01649	0.01648	0.01346	0.01845	0.01805	0.01099	0.28812	0.02484	0.07807	0.09941	0.02473	0.05419	0.00994	0.00698	0.00239	0.00671	0.00742	0.00691	0.01047
10	0.14255	0.02484	0.01906	0.01649	0.02103	0.28557	0.01290	0.19553	0.07390	0.03056	0.01954	0.02060	0.05253	0.01139	0.03823	0.00271	0.01037	0.00654	0.00563	0.01004
11	0.02234	0.01758	0.02193	0.01824	0.04501	0.01896	0.06525	0.35735	0.02637	0.03584	0.02100	0.11544	0.01899	0.06704	0.01183	0.00287	0.06090	0.00935	0.00647	0.05724
12	0.01821	0.01982	0.04036	0.03283	0.13607	0.01892	0.47834	0.02400	0.01775	0.02467	0.01513	0.02011	0.01175	0.00685	0.00940	0.00249	0.04316	0.00836	0.00394	0.06785
13	0.01929	0.01901	0.02816	0.13927	0.47179	0.07113	0.02165	0.02548	0.08114	0.02472	0.01593	0.01996	0.01293	0.00747	0.00765	0.00235	0.00945	0.00694	0.00419	0.01149

[dist]
# distance from previous block
# <min> <max>
0	1

[block]
# block no. 10 follows, 25 sequences, length 16
# corresponding to MSA columns:
# 645-654,656-661
name=unknown_K
#
# <colnr> <probs for GDERKNQSTAVLIFYWHMCP>
#	G	D	E	R	K	N	Q	S	T	A	V	L	I	F	Y	W	H	M	C	P
0	0.11488	0.02172	0.02080	0.01890	0.07825	0.13743	0.01392	0.34452	0.02777	0.03757	0.06570	0.02227	0.04356	0.00952	0.00743	0.00230	0.00870	0.00719	0.00645	0.01112
1	0.09220	0.06886	0.02076	0.01721	0.02135	0.40316	0.01337	0.07910	0.07367	0.02442	0.04327	0.02023	0.04709	0.00924	0.00766	0.00219	0.03553	0.00633	0.00497	0.00939
2	0.02032	0.01420	0.01753	0.01452	0.05886	0.01183	0.01079	0.02538	0.07477	0.15876	0.01879	0.01948	0.01416	0.00701	0.00646	0.00160	0.00616	0.00575	0.00585	0.50779
3	0.01819	0.01560	0.01694	0.01468	0.01954	0.01664	0.01154	0.03480	0.47860	0.03027	0.02776	0.02867	0.02176	0.00990	0.00751	0.00232	0.00609	0.03752	0.00706	0.19460
4	0.00967	0.00701	0.00913	0.01042	0.01124	0.00648	0.00712	0.01143	0.01618	0.02167	0.14582	0.57062	0.09929	0.02262	0.00972	0.00300	0.00432	0.02036	0.00741	0.00648
5	0.02195	0.53716	0.08942	0.01532	0.02182	0.16257	0.01486	0.02487	0.01705	0.01890	0.01127	0.01307	0.00995	0.00696	0.00557	0.00179	0.00969	0.00444	0.00345	0.00988
6	0.01464	0.01378	0.02326	0.70887	0.05340	0.01723	0.02153	0.01981	0.01550	0.01981	0.01378	0.02067	0.01034	0.00775	0.00775	0.00258	0.01034	0.00689	0.00345	0.00861
7	0.00916	0.00785	0.00785	0.00785	0.01047	0.00655	0.00589	0.01113	0.01767	0.02095	0.07855	0.07462	0.67599	0.01964	0.00916	0.00262	0.00393	0.01636	0.00720	0.00655
8	0.02333	0.02616	0.02423	0.02623	0.18102	0.32446	0.01723	0.06174	0.01926	0.02212	0.01306	0.01692	0.01123	0.01141	0.04499	0.00289	0.15374	0.00610	0.00406	0.00982
9	0.01049	0.00797	0.01004	0.01067	0.01233	0.00697	0.00741	0.01222	0.01527	0.02076	0.04100	0.55656	0.09563	0.02094	0.00917	0.00278	0.00465	0.01878	0.00678	0.12958
10	0.01555	0.04011	0.68733	0.02210	0.03356	0.01801	0.02865	0.02455	0.01637	0.02455	0.01391	0.01637	0.00982	0.00737	0.00737	0.00246	0.01146	0.00573	0.00327	0.01146
11	0.02743	0.01991	0.02153	0.01706	0.02282	0.02201	0.01391	0.46410	0.18469	0.09028	0.02254	0.02162	0.01610	0.00962	0.00779	0.00240	0.00783	0.00746	0.00792	0.01297
12	0.01347	0.00673	0.01010	0.01010	0.01010	0.00673	0.00673	0.01010	0.01010	0.01347	0.01347	0.02357	0.01347	0.02694	0.03030	0.77441	0.00673	0.00673	0.00337	0.00337
13	0.08017	0.13883	0.24635	0.03000	0.27655	0.02021	0.05476	0.02392	0.01660	0.02469	0.01351	0.01675	0.01077	0.00702	0.00699	0.00227	0.00974	0.00598	0.00365	0.01123
14	0.58992	0.04437	0.01521	0.04936	0.06496	0.01772	0.01067	0.02418	0.03505	0.07000	0.01302	0.01479	0.00995	0.00743	0.00543	0.00238	0.00658	0.00488	0.00497	0.00915
15	0.06389	0.01863	0.09326	0.08328	0.02552	0.05443	0.04662	0.03265	0.15654	0.27841	0.02491	0.02597	0.01780	0.00946	0.00775	0.00251	0.00814	0.03174	0.00699	0.01150

[dist]
# distance from previous block
# <min> <max>
1	5

[block]
# block no. 11 follows, 25 sequences, length 24
# corresponding to MSA columns:
# 667-690
name=unknown_L
#
# <colnr> <probs for GDERKNQSTAVLIFYWHMCP>
#	G	D	E	R	K	N	Q	S	T	A	V	L	I	F	Y	W	H	M	C	P
0	0.09160	0.02387	0.22047	0.11650	0.35009	0.01806	0.02345	0.02344	0.01659	0.02535	0.01392	0.01790	0.01095	0.00717	0.00732	0.00239	0.00969	0.00630	0.00372	0.01122
1	0.04388	0.01665	0.02397	0.18491	0.11584	0.01749	0.06876	0.13031	0.01942	0.02780	0.01449	0.01837	0.01143	0.00774	0.00868	0.00219	0.06627	0.00640	0.00462	0.21078
2	0.01583	0.03818	0.62281	0.02316	0.03426	0.01817	0.09124	0.02458	0.01656	0.02458	0.01409	0.01683	0.01002	0.00728	0.00755	0.00247	0.01162	0.00607	0.00334	0.01136
3	0.09799	0.01737	0.01784	0.03900	0.05420	0.06418	0.01239	0.03311	0.38233	0.02968	0.02342	0.02313	0.01794	0.00887	0.00711	0.00228	0.00689	0.00713	0.00636	0.14881
4	0.02828	0.03566	0.02264	0.02191	0.06979	0.64896	0.01560	0.03046	0.02167	0.01942	0.01217	0.01435	0.01015	0.00791	0.00704	0.00202	0.01365	0.00513	0.00398	0.00922
5	0.01693	0.01531	0.01647	0.01205	0.01875	0.05574	0.00957	0.02028	0.01647	0.02485	0.01366	0.01594	0.01139	0.00589	0.00582	0.00120	0.00629	0.00462	0.00455	0.72422
6	0.00983	0.00694	0.00899	0.01036	0.01081	0.00655	0.00680	0.01109	0.01467	0.01966	0.07575	0.57525	0.04877	0.13831	0.01467	0.00382	0.00494	0.01983	0.00687	0.00610
7	0.01047	0.00685	0.00936	0.01055	0.01103	0.00649	0.00711	0.01099	0.01445	0.01944	0.09406	0.50844	0.04498	0.02410	0.01430	0.17228	0.00491	0.01795	0.00648	0.00575
8	0.03055	0.07665	0.08617	0.01472	0.02119	0.01426	0.01333	0.03550	0.06881	0.51462	0.02734	0.02441	0.01782	0.00919	0.00752	0.00236	0.00719	0.00736	0.00831	0.01268
9	0.01385	0.00867	0.01068	0.01043	0.01248	0.00805	0.00754	0.01695	0.05066	0.11222	0.18725	0.25218	0.16255	0.09527	0.01242	0.00324	0.00490	0.01543	0.00759	0.00763
10	0.01027	0.00722	0.00890	0.00964	0.01036	0.00679	0.00633	0.01133	0.01471	0.01947	0.10554	0.35323	0.12417	0.21645	0.01887	0.04233	0.00528	0.01678	0.00646	0.00585
11	0.01919	0.01842	0.03147	0.04759	0.67914	0.01842	0.02380	0.02380	0.01765	0.02533	0.01458	0.01919	0.01228	0.00691	0.00768	0.00230	0.00921	0.00691	0.00384	0.01228
12	0.02956	0.01767	0.06605	0.01548	0.02158	0.01602	0.01345	0.25398	0.02684	0.35737	0.07917	0.02556	0.02092	0.00986	0.00787	0.00238	0.00738	0.00788	0.00841	0.01258
13	0.01183	0.00753	0.00841	0.00841	0.00912	0.00753	0.00531	0.01301	0.01301	0.01891	0.02860	0.04614	0.07626	0.45926	0.07520	0.00616	0.00726	0.01053	0.18194	0.00558
14	0.01018	0.00779	0.00933	0.00916	0.01115	0.00694	0.00679	0.01301	0.01975	0.02638	0.40085	0.12504	0.28953	0.01800	0.00922	0.00257	0.00383	0.01561	0.00793	0.00694
15	0.02285	0.15138	0.02207	0.01511	0.02001	0.08449	0.01243	0.05974	0.29431	0.13749	0.05815	0.02695	0.02181	0.00997	0.00739	0.00236	0.00738	0.02787	0.00695	0.01129
16	0.06605	0.01407	0.01821	0.01402	0.01999	0.01283	0.01158	0.09450	0.02314	0.59768	0.02863	0.02508	0.01817	0.00947	0.00767	0.00239	0.00675	0.00757	0.00922	0.01299
17	0.01140	0.00751	0.00833	0.00833	0.00861	0.00744	0.00481	0.01177	0.01198	0.01637	0.02733	0.05037	0.06157	0.63701	0.03535	0.00684	0.00704	0.01124	0.06169	0.00498
18	0.08489	0.00855	0.01009	0.00960	0.01176	0.00815	0.00724	0.01482	0.02027	0.02971	0.51001	0.08348	0.14145	0.01585	0.00876	0.00249	0.00395	0.01371	0.00795	0.00728
19	0.01992	0.01980	0.03077	0.04554	0.63049	0.06876	0.02314	0.02433	0.01798	0.02486	0.01439	0.01880	0.01211	0.00699	0.00763	0.00228	0.00957	0.00677	0.00385	0.01204
20	0.01128	0.00752	0.00846	0.00846	0.00846	0.00752	0.00470	0.01128	0.01128	0.01503	0.02443	0.05074	0.02819	0.72751	0.03946	0.00752	0.00752	0.01128	0.00470	0.00470
21	0.01308	0.00674	0.00999	0.01017	0.01021	0.00669	0.00678	0.01017	0.01056	0.01408	0.01628	0.09080	0.01711	0.02668	0.02834	0.70021	0.00652	0.00821	0.00374	0.00365
22	0.02659	0.02029	0.02165	0.01726	0.02295	0.02270	0.01404	0.48005	0.21439	0.04422	0.02228	0.02153	0.01615	0.00965	0.00779	0.00241	0.00785	0.00749	0.00779	0.01293
23	0.08651	0.03648	0.59254	0.02060	0.03118	0.01762	0.02595	0.02505	0.01637	0.05811	0.01445	0.01652	0.01016	0.00746	0.00715	0.00245	0.01072	0.00569	0.00373	0.01127

[dist]
# distance from previous block
# <min> <max>
0	1

# created by:
# /st0/software/busco_prod/Augustus/scripts/msa2prfl.pl ./align_prep/109343.fa
