[name]
unknown

[dist]
# distance from previous block
# <min> <max>
0	0

[block]
# block no. 0 follows, 27 sequences, length 173
# corresponding to MSA columns:
# 0-68,95-198
name=unknown_A
#
# <colnr> <probs for GDERKNQSTAVLIFYWHMCP>
#	G	D	E	R	K	N	Q	S	T	A	V	L	I	F	Y	W	H	M	C	P
0	0.01196	0.00854	0.01196	0.01367	0.01538	0.00854	0.01196	0.01538	0.01709	0.02222	0.03931	0.08374	0.04272	0.02051	0.01025	0.00342	0.00684	0.64283	0.00684	0.00684
1	0.02721	0.03550	0.04863	0.01921	0.02332	0.68120	0.01487	0.02939	0.02082	0.01839	0.01155	0.01348	0.00956	0.00763	0.00671	0.00193	0.01329	0.00481	0.00380	0.00870
2	0.01065	0.00779	0.01108	0.01108	0.01211	0.00882	0.00822	0.01271	0.01168	0.01660	0.02066	0.03347	0.02043	0.20736	0.56055	0.01088	0.01707	0.00858	0.00409	0.00616
3	0.01411	0.01332	0.02229	0.69199	0.04981	0.01675	0.02043	0.01892	0.01470	0.01892	0.01305	0.01964	0.00989	0.00765	0.00813	0.00251	0.03974	0.00659	0.00330	0.00824
4	0.01072	0.00717	0.00812	0.00819	0.00821	0.00715	0.00460	0.01078	0.01094	0.01458	0.02412	0.07718	0.02791	0.70925	0.03660	0.00702	0.00708	0.01123	0.00460	0.00456
5	0.01737	0.02064	0.06975	0.03047	0.03787	0.01885	0.61768	0.02357	0.01724	0.02357	0.01477	0.01972	0.01114	0.00652	0.00923	0.00252	0.03686	0.00855	0.00371	0.00999
6	0.02773	0.03538	0.02104	0.01913	0.02295	0.70930	0.01434	0.02964	0.02104	0.01817	0.01148	0.01339	0.00956	0.00765	0.00669	0.00191	0.01339	0.00478	0.00383	0.00861
7	0.00904	0.00646	0.00861	0.01034	0.01077	0.00603	0.00689	0.01034	0.01421	0.01895	0.04092	0.73426	0.04910	0.02326	0.00948	0.00301	0.00431	0.02110	0.00689	0.00603
8	0.00904	0.00646	0.00861	0.01034	0.01077	0.00603	0.00689	0.01034	0.01421	0.01895	0.04092	0.73426	0.04910	0.02326	0.00948	0.00301	0.00431	0.02110	0.00689	0.00603
9	0.79154	0.01436	0.01091	0.00976	0.01436	0.01665	0.00804	0.02182	0.01263	0.03331	0.01034	0.01206	0.00804	0.00689	0.00459	0.00230	0.00574	0.00402	0.00459	0.00804
10	0.03331	0.01263	0.01723	0.01321	0.01895	0.01091	0.01091	0.03618	0.02125	0.69794	0.02929	0.02527	0.01838	0.00919	0.00747	0.00230	0.00632	0.00747	0.00919	0.01263
11	0.01539	0.01319	0.01539	0.01100	0.01759	0.00990	0.00880	0.01869	0.01539	0.02419	0.01319	0.01539	0.01100	0.00550	0.00550	0.00110	0.00550	0.00440	0.00440	0.78449
12	0.01061	0.00792	0.01175	0.01175	0.01302	0.00918	0.00906	0.01314	0.01188	0.01710	0.02005	0.03006	0.01895	0.08710	0.67880	0.01171	0.01930	0.00808	0.00400	0.00653
13	0.01402	0.01319	0.02227	0.72126	0.05113	0.01649	0.02062	0.01897	0.01484	0.01897	0.01319	0.01979	0.00990	0.00742	0.00742	0.00247	0.00990	0.00660	0.00330	0.00825
14	0.79154	0.01436	0.01091	0.00976	0.01436	0.01665	0.00804	0.02182	0.01263	0.03331	0.01034	0.01206	0.00804	0.00689	0.00459	0.00230	0.00574	0.00402	0.00459	0.00804
15	0.79154	0.01436	0.01091	0.00976	0.01436	0.01665	0.00804	0.02182	0.01263	0.03331	0.01034	0.01206	0.00804	0.00689	0.00459	0.00230	0.00574	0.00402	0.00459	0.00804
16	0.02773	0.03538	0.02104	0.01913	0.02295	0.70930	0.01434	0.02964	0.02104	0.01817	0.01148	0.01339	0.00956	0.00765	0.00669	0.00191	0.01339	0.00478	0.00383	0.00861
17	0.02791	0.01172	0.01568	0.01248	0.01732	0.01042	0.01013	0.03168	0.04931	0.52973	0.16726	0.03168	0.02936	0.01048	0.00774	0.00231	0.00571	0.00875	0.00891	0.01142
18	0.01121	0.00766	0.00987	0.00949	0.01132	0.00699	0.00705	0.01423	0.01972	0.05845	0.51390	0.14856	0.12082	0.01633	0.00880	0.00244	0.00377	0.01440	0.00793	0.00707
19	0.00952	0.00751	0.00859	0.00841	0.01051	0.00657	0.00627	0.01207	0.01856	0.02415	0.33541	0.09072	0.40042	0.01743	0.00879	0.00245	0.00367	0.01493	0.00744	0.00657
20	0.01927	0.01535	0.01670	0.01433	0.01844	0.01709	0.01131	0.20150	0.35876	0.03496	0.17556	0.03133	0.03068	0.01091	0.00779	0.00240	0.00595	0.00907	0.00766	0.01091
21	0.06006	0.02627	0.05666	0.02614	0.11144	0.29096	0.24119	0.05579	0.01933	0.02315	0.01332	0.01654	0.01049	0.00704	0.00744	0.00220	0.01181	0.00647	0.00396	0.00974
22	0.02742	0.06357	0.02175	0.01887	0.02279	0.68223	0.01428	0.02935	0.02080	0.01814	0.01143	0.01333	0.00956	0.00760	0.00662	0.00190	0.01317	0.00475	0.00380	0.00864
23	0.01994	0.01810	0.01752	0.01561	0.01988	0.08477	0.01214	0.07628	0.57773	0.03077	0.02768	0.02574	0.02081	0.00977	0.00746	0.00244	0.00673	0.00795	0.00719	0.01150
24	0.01460	0.01660	0.07349	0.08500	0.05287	0.06551	0.21792	0.01850	0.01593	0.02091	0.02390	0.28542	0.02496	0.01312	0.00911	0.00265	0.03389	0.01247	0.00482	0.00833
25	0.00904	0.00646	0.00861	0.01034	0.01077	0.00603	0.00689	0.01034	0.01421	0.01895	0.04092	0.73426	0.04910	0.02326	0.00948	0.00301	0.00431	0.02110	0.00689	0.00603
26	0.00889	0.00741	0.00776	0.00792	0.01016	0.00628	0.00585	0.01080	0.01685	0.02045	0.10426	0.14091	0.58880	0.01908	0.00885	0.00255	0.00380	0.01612	0.00696	0.00628
27	0.02822	0.02079	0.02228	0.01708	0.02302	0.02302	0.01411	0.66804	0.03490	0.04679	0.01782	0.01782	0.01262	0.00891	0.00743	0.00223	0.00817	0.00668	0.00743	0.01262
28	0.01644	0.01382	0.01596	0.01149	0.01804	0.01097	0.00923	0.07173	0.01699	0.02604	0.01357	0.01559	0.01113	0.00578	0.00566	0.00119	0.00572	0.00458	0.00465	0.72145
29	0.01040	0.00758	0.00978	0.00923	0.01103	0.00696	0.00692	0.01381	0.02077	0.02919	0.65200	0.05641	0.10728	0.01539	0.00876	0.00235	0.00352	0.01356	0.00810	0.00696
30	0.75631	0.01428	0.01120	0.00992	0.01457	0.01639	0.00817	0.02249	0.01303	0.06419	0.01122	0.01267	0.00852	0.00700	0.00473	0.00230	0.00577	0.00418	0.00481	0.00825
31	0.02773	0.03538	0.02104	0.01913	0.02295	0.70930	0.01434	0.02964	0.02104	0.01817	0.01148	0.01339	0.00956	0.00765	0.00669	0.00191	0.01339	0.00478	0.00383	0.00861
32	0.01402	0.01319	0.02227	0.72126	0.05113	0.01649	0.02062	0.01897	0.01484	0.01897	0.01319	0.01979	0.00990	0.00742	0.00742	0.00247	0.00990	0.00660	0.00330	0.00825
33	0.01017	0.00758	0.00946	0.00899	0.01089	0.00686	0.00674	0.01336	0.02022	0.02790	0.57049	0.05854	0.18960	0.01588	0.00876	0.00237	0.00355	0.01386	0.00793	0.00686
34	0.02886	0.01882	0.02094	0.01616	0.02198	0.02022	0.01332	0.50365	0.06193	0.18537	0.02085	0.01987	0.01432	0.00902	0.00744	0.00226	0.00767	0.00693	0.00781	0.01259
35	0.01071	0.03866	0.01089	0.00928	0.01131	0.00787	0.00710	0.01399	0.02032	0.02819	0.59339	0.05536	0.13498	0.01520	0.00859	0.00232	0.00372	0.01327	0.00782	0.00703
36	0.01846	0.01595	0.01679	0.01511	0.01930	0.01846	0.01175	0.03945	0.67938	0.03105	0.03022	0.02770	0.02266	0.01007	0.00755	0.00252	0.00588	0.00839	0.00755	0.01175
37	0.02018	0.71332	0.03814	0.01298	0.01922	0.05841	0.01277	0.02255	0.01534	0.01750	0.01037	0.01197	0.00953	0.00641	0.00485	0.00160	0.00817	0.00400	0.00320	0.00949
38	0.00904	0.00646	0.00861	0.01034	0.01077	0.00603	0.00689	0.01034	0.01421	0.01895	0.04092	0.73426	0.04910	0.02326	0.00948	0.00301	0.00431	0.02110	0.00689	0.00603
39	0.01282	0.01151	0.01310	0.04214	0.01570	0.06469	0.03529	0.04197	0.04726	0.02339	0.18629	0.20301	0.21199	0.01611	0.00924	0.00256	0.03519	0.01381	0.00655	0.00737
40	0.01844	0.04864	0.03051	0.04416	0.66402	0.01814	0.02235	0.02276	0.01683	0.02396	0.01381	0.01810	0.01166	0.00660	0.00724	0.00218	0.00878	0.00650	0.00365	0.01166
41	0.02666	0.02135	0.02224	0.01755	0.02257	0.07638	0.01440	0.53575	0.03083	0.04088	0.01630	0.01728	0.01202	0.00933	0.00952	0.00233	0.09974	0.00651	0.00662	0.01174
42	0.01654	0.02524	0.26017	0.02646	0.08836	0.01879	0.26077	0.02330	0.04411	0.02307	0.01414	0.01812	0.01092	0.00782	0.01057	0.00255	0.12812	0.00708	0.00362	0.01025
43	0.01988	0.01621	0.01726	0.01519	0.01960	0.01853	0.01191	0.09138	0.59891	0.05981	0.02915	0.02678	0.02165	0.00994	0.00754	0.00248	0.00608	0.00821	0.00761	0.01186
44	0.01280	0.00965	0.01175	0.01063	0.01338	0.00920	0.02897	0.06221	0.06901	0.05466	0.26475	0.11269	0.28007	0.01581	0.00859	0.00247	0.00459	0.01364	0.00740	0.00774
45	0.01846	0.01595	0.01679	0.01511	0.01930	0.01846	0.01175	0.03945	0.67938	0.03105	0.03022	0.02770	0.02266	0.01007	0.00755	0.00252	0.00588	0.00839	0.00755	0.01175
46	0.00903	0.00650	0.00857	0.01022	0.01074	0.00604	0.00684	0.01035	0.01433	0.01900	0.04235	0.70662	0.07582	0.02307	0.00945	0.00299	0.00428	0.02088	0.00689	0.00604
47	0.01585	0.01459	0.04595	0.01167	0.01844	0.01071	0.00982	0.04306	0.01613	0.02500	0.01337	0.01550	0.01099	0.00569	0.00564	0.00120	0.00584	0.00453	0.00446	0.72157
48	0.01282	0.03955	0.01141	0.00991	0.01228	0.00973	0.00749	0.08796	0.04028	0.02562	0.16551	0.18056	0.21449	0.04627	0.00935	0.00261	0.00467	0.01331	0.09880	0.00740
49	0.01743	0.04740	0.09234	0.02735	0.03452	0.01835	0.50709	0.05148	0.01774	0.02443	0.01542	0.01997	0.01174	0.00858	0.03713	0.00280	0.01196	0.00812	0.03624	0.00992
50	0.02633	0.01883	0.02036	0.01605	0.02151	0.02073	0.01311	0.49116	0.14121	0.08868	0.02097	0.02041	0.01498	0.00911	0.00736	0.00226	0.00746	0.00703	0.04021	0.01224
51	0.02822	0.02079	0.02228	0.01708	0.02302	0.02302	0.01411	0.66804	0.03490	0.04679	0.01782	0.01782	0.01262	0.00891	0.00743	0.00223	0.00817	0.00668	0.00743	0.01262
52	0.02564	0.01870	0.02013	0.01601	0.02136	0.02070	0.01304	0.46650	0.17972	0.07438	0.02147	0.02085	0.01546	0.00918	0.00736	0.00228	0.00736	0.00712	0.04055	0.01218
53	0.02703	0.09819	0.02262	0.01856	0.02260	0.64900	0.01420	0.02899	0.02051	0.01811	0.01137	0.01326	0.00956	0.00753	0.00652	0.00188	0.01290	0.00471	0.00377	0.00869
54	0.00901	0.00737	0.00796	0.00816	0.01026	0.00631	0.00599	0.01099	0.01697	0.02099	0.13955	0.17156	0.52095	0.01908	0.00888	0.00257	0.00382	0.01625	0.00704	0.00631
55	0.01890	0.01236	0.01580	0.21814	0.02527	0.01366	0.01225	0.14935	0.03969	0.09857	0.02044	0.02318	0.01514	0.00844	0.00659	0.00213	0.00664	0.00688	0.29740	0.00917
56	0.01454	0.01348	0.02227	0.69522	0.05009	0.01673	0.02038	0.04297	0.01559	0.02000	0.01337	0.01972	0.01000	0.00748	0.00742	0.00246	0.00983	0.00660	0.00345	0.00841
57	0.00899	0.00721	0.00797	0.00845	0.01024	0.00626	0.00604	0.01073	0.01617	0.02006	0.09393	0.26350	0.45431	0.03952	0.00977	0.00277	0.00400	0.01701	0.00689	0.00619
58	0.03235	0.01235	0.01672	0.01290	0.01844	0.01071	0.01063	0.03525	0.02097	0.66501	0.02904	0.02539	0.01841	0.00916	0.00735	0.00227	0.00618	0.00744	0.04707	0.01235
59	0.02389	0.01089	0.01445	0.01185	0.01595	0.00980	0.00947	0.05278	0.02144	0.40274	0.26792	0.06411	0.03806	0.01190	0.00801	0.00234	0.00529	0.01013	0.00866	0.01033
60	0.02822	0.02079	0.02228	0.01708	0.02302	0.02302	0.01411	0.66804	0.03490	0.04679	0.01782	0.01782	0.01262	0.00891	0.00743	0.00223	0.00817	0.00668	0.00743	0.01262
61	0.01543	0.01332	0.01569	0.01134	0.01767	0.01042	0.00910	0.01866	0.01523	0.02393	0.01306	0.01543	0.01095	0.00580	0.00626	0.00119	0.03461	0.00448	0.00435	0.75310
62	0.02021	0.71101	0.03808	0.01300	0.01923	0.06063	0.01278	0.02257	0.01536	0.01750	0.01037	0.01198	0.00953	0.00641	0.00485	0.00160	0.00819	0.00401	0.00321	0.00948
63	0.76350	0.01429	0.01114	0.00989	0.01453	0.01644	0.00815	0.02235	0.01295	0.05789	0.01104	0.01255	0.00842	0.00698	0.00470	0.00230	0.00576	0.00415	0.00476	0.00821
64	0.01653	0.01391	0.01429	0.01295	0.01616	0.06979	0.00995	0.02790	0.32338	0.05763	0.30321	0.03800	0.04116	0.01196	0.00798	0.00238	0.00552	0.01016	0.00758	0.00955
65	0.01080	0.00720	0.00810	0.00810	0.00810	0.00720	0.00450	0.01080	0.01080	0.01439	0.02339	0.04858	0.02699	0.73910	0.03779	0.00720	0.00720	0.01080	0.00450	0.00450
66	0.00903	0.00651	0.00856	0.01020	0.01073	0.00604	0.00683	0.01035	0.01435	0.01901	0.04260	0.70170	0.08057	0.02304	0.00944	0.00299	0.00428	0.02084	0.00689	0.00604
67	0.00922	0.00666	0.00866	0.01019	0.01081	0.00620	0.00693	0.01060	0.01440	0.01899	0.04265	0.62990	0.09462	0.05131	0.01059	0.00316	0.00449	0.04778	0.00679	0.00602
68	0.02513	0.01361	0.01643	0.01369	0.01844	0.01378	0.01094	0.03571	0.29934	0.36041	0.08469	0.02881	0.02450	0.01006	0.00761	0.00239	0.00590	0.00835	0.00841	0.01179
69	0.01006	0.00757	0.00931	0.00887	0.01082	0.00682	0.00666	0.01315	0.01997	0.02729	0.53200	0.05954	0.22847	0.01610	0.00876	0.00238	0.00357	0.01400	0.00785	0.00682
70	0.01985	0.74357	0.03890	0.01270	0.01905	0.02937	0.01270	0.02223	0.01508	0.01747	0.01032	0.01191	0.00953	0.00635	0.00476	0.00159	0.00794	0.00397	0.00318	0.00953
71	0.05262	0.27099	0.44928	0.01783	0.02697	0.02123	0.02165	0.02301	0.01534	0.02196	0.01219	0.01426	0.00938	0.00681	0.00618	0.00210	0.00972	0.00492	0.00322	0.01036
72	0.02411	0.02931	0.02397	0.09579	0.09904	0.48534	0.06665	0.02693	0.01934	0.01933	0.01214	0.01520	0.00997	0.00759	0.00762	0.00209	0.03730	0.00554	0.00373	0.00900
73	0.02526	0.05946	0.02338	0.04985	0.05194	0.46202	0.04064	0.10574	0.02122	0.02213	0.01239	0.01481	0.01012	0.00803	0.00813	0.00209	0.06393	0.00541	0.00417	0.00927
74	0.01402	0.01319	0.02227	0.72126	0.05113	0.01649	0.02062	0.01897	0.01484	0.01897	0.01319	0.01979	0.00990	0.00742	0.00742	0.00247	0.00990	0.00660	0.00330	0.00825
75	0.04496	0.00876	0.00896	0.00826	0.01066	0.00898	0.00639	0.08014	0.01754	0.05801	0.02331	0.02606	0.01798	0.00863	0.00548	0.00182	0.00411	0.00681	0.64540	0.00774
76	0.01049	0.00865	0.01351	0.01330	0.01449	0.00862	0.08057	0.01236	0.01438	0.01941	0.03585	0.60442	0.04213	0.02065	0.01045	0.00297	0.05614	0.01871	0.00629	0.00662
77	0.01071	0.00716	0.00812	0.00820	0.00822	0.00714	0.00461	0.01077	0.01095	0.01461	0.02421	0.08044	0.02802	0.70584	0.03647	0.00700	0.00706	0.01127	0.00461	0.00457
78	0.00885	0.00752	0.00762	0.00760	0.01007	0.00630	0.00570	0.01080	0.01709	0.02046	0.10112	0.07077	0.66361	0.01865	0.00877	0.00250	0.00375	0.01557	0.00695	0.00630
79	0.02773	0.03538	0.02104	0.01913	0.02295	0.70930	0.01434	0.02964	0.02104	0.01817	0.01148	0.01339	0.00956	0.00765	0.00669	0.00191	0.01339	0.00478	0.00383	0.00861
80	0.00918	0.00672	0.00864	0.00988	0.01072	0.00617	0.00676	0.01080	0.01533	0.02034	0.12057	0.57613	0.12787	0.02178	0.00931	0.00288	0.00415	0.01956	0.00704	0.00617
81	0.01471	0.01320	0.01805	0.22595	0.02754	0.01338	0.01325	0.01816	0.01461	0.02145	0.01439	0.06003	0.01279	0.00816	0.00886	0.00192	0.10391	0.00635	0.00406	0.39924
82	0.01426	0.01343	0.02319	0.64404	0.04858	0.01628	0.06593	0.01924	0.01506	0.01965	0.01376	0.02012	0.01035	0.00739	0.00743	0.00245	0.00983	0.00676	0.03392	0.00832
83	0.01431	0.01360	0.02233	0.62877	0.04696	0.01732	0.02004	0.01882	0.01439	0.01882	0.01274	0.01932	0.00988	0.00816	0.00965	0.00258	0.10421	0.00658	0.00329	0.00823
84	0.05054	0.00961	0.01233	0.01070	0.01398	0.00873	0.00847	0.02162	0.02025	0.25500	0.36023	0.04592	0.09946	0.01332	0.00821	0.00238	0.00471	0.03745	0.00821	0.00889
85	0.01021	0.00746	0.00959	0.00929	0.01097	0.00684	0.00688	0.01334	0.01995	0.02782	0.56928	0.12879	0.11919	0.01633	0.00883	0.00242	0.00361	0.01443	0.00793	0.00684
86	0.00904	0.00646	0.00861	0.01034	0.01077	0.00603	0.00689	0.01034	0.01421	0.01895	0.04092	0.73426	0.04910	0.02326	0.00948	0.00301	0.00431	0.02110	0.00689	0.00603
87	0.01624	0.01624	0.02274	0.01949	0.01949	0.02274	0.01624	0.01787	0.01137	0.01787	0.00975	0.01624	0.00975	0.01299	0.02436	0.00325	0.72552	0.00650	0.00325	0.00812
88	0.01402	0.01319	0.02227	0.72126	0.05113	0.01649	0.02062	0.01897	0.01484	0.01897	0.01319	0.01979	0.00990	0.00742	0.00742	0.00247	0.00990	0.00660	0.00330	0.00825
89	0.00911	0.00761	0.00799	0.00812	0.01053	0.00649	0.00623	0.01119	0.01710	0.02062	0.09630	0.07186	0.61014	0.01880	0.00890	0.00258	0.00401	0.06913	0.00694	0.00634
90	0.02239	0.01764	0.01969	0.04499	0.05291	0.01984	0.01347	0.27416	0.36120	0.05566	0.02411	0.02317	0.01776	0.00935	0.00749	0.00239	0.00704	0.00757	0.00721	0.01197
91	0.01080	0.00720	0.00810	0.00810	0.00810	0.00720	0.00450	0.01080	0.01080	0.01439	0.02339	0.04858	0.02699	0.73910	0.03779	0.00720	0.00720	0.01080	0.00450	0.00450
92	0.01873	0.01823	0.02924	0.04331	0.63979	0.04340	0.02201	0.02373	0.04469	0.02431	0.01455	0.01858	0.01213	0.00680	0.00733	0.00221	0.00887	0.00662	0.00384	0.01164
93	0.12200	0.12588	0.05118	0.01991	0.11001	0.06130	0.01505	0.02117	0.04217	0.02152	0.01247	0.01672	0.01103	0.01327	0.07248	0.00332	0.26190	0.00586	0.00375	0.00899
94	0.01788	0.01500	0.01955	0.12232	0.14159	0.03873	0.01352	0.04141	0.01682	0.07290	0.01458	0.01728	0.01150	0.00643	0.00635	0.00165	0.00717	0.00542	0.00453	0.42537
95	0.01051	0.00759	0.00992	0.00934	0.01109	0.00700	0.00700	0.01401	0.02101	0.02977	0.68888	0.05545	0.07005	0.01518	0.00876	0.00233	0.00350	0.01343	0.00817	0.00700
96	0.21569	0.01884	0.01730	0.01427	0.01923	0.14109	0.01149	0.17693	0.02184	0.23029	0.01834	0.01834	0.01293	0.01042	0.03890	0.00265	0.00851	0.00598	0.00645	0.01050
97	0.03155	0.04248	0.01812	0.01327	0.01889	0.01224	0.01102	0.07321	0.02182	0.60417	0.05408	0.02548	0.01973	0.00930	0.00741	0.00227	0.00638	0.00751	0.00880	0.01228
98	0.01485	0.00828	0.01074	0.01036	0.01260	0.00741	0.00766	0.01714	0.01788	0.17507	0.20646	0.31460	0.13276	0.01745	0.00875	0.00261	0.00448	0.01536	0.00773	0.00780
99	0.01845	0.01891	0.10475	0.10169	0.40745	0.01654	0.08257	0.02330	0.01691	0.08348	0.01635	0.04716	0.01333	0.00759	0.00755	0.00232	0.00912	0.00734	0.00420	0.01102
100	0.01080	0.00720	0.00810	0.00810	0.00810	0.00720	0.00450	0.01080	0.01080	0.01439	0.02339	0.04858	0.02699	0.73910	0.03779	0.00720	0.00720	0.01080	0.00450	0.00450
101	0.02820	0.02140	0.02223	0.01717	0.02302	0.05148	0.01412	0.64156	0.03433	0.04560	0.01756	0.01764	0.01250	0.00886	0.00740	0.00221	0.00839	0.00660	0.00728	0.01246
102	0.01539	0.01319	0.01539	0.01100	0.01759	0.00990	0.00880	0.01869	0.01539	0.02419	0.01319	0.01539	0.01100	0.00550	0.00550	0.00110	0.00550	0.00440	0.00440	0.78449
103	0.02226	0.46768	0.03132	0.01463	0.01990	0.26035	0.01291	0.02453	0.01714	0.01818	0.01136	0.01315	0.00998	0.00690	0.00544	0.00171	0.00959	0.00438	0.03950	0.00909
104	0.69427	0.01491	0.01220	0.01057	0.01533	0.01707	0.00871	0.08374	0.01503	0.05622	0.01167	0.01304	0.00881	0.00716	0.00496	0.00229	0.00599	0.00439	0.00501	0.00863
105	0.05397	0.01699	0.02737	0.09021	0.28014	0.01755	0.12314	0.09303	0.04202	0.12315	0.01689	0.01965	0.01269	0.00766	0.00828	0.00236	0.04180	0.00704	0.00500	0.01106
106	0.01110	0.00871	0.01050	0.04344	0.01282	0.03593	0.00762	0.01235	0.01286	0.01700	0.02801	0.29685	0.03190	0.28177	0.12864	0.00583	0.03001	0.01362	0.00519	0.00585
107	0.00901	0.00750	0.00767	0.00764	0.00991	0.00637	0.00560	0.01080	0.01658	0.01999	0.09636	0.06889	0.60915	0.07835	0.01118	0.00289	0.00403	0.01517	0.00675	0.00615
108	0.03331	0.01263	0.01723	0.01321	0.01895	0.01091	0.01091	0.03618	0.02125	0.69794	0.02929	0.02527	0.01838	0.00919	0.00747	0.00230	0.00632	0.00747	0.00919	0.01263
109	0.01051	0.00759	0.00992	0.00934	0.01109	0.00700	0.00700	0.01401	0.02101	0.02977	0.68888	0.05545	0.07005	0.01518	0.00876	0.00233	0.00350	0.01343	0.00817	0.00700
110	0.28046	0.01360	0.01541	0.01227	0.01765	0.01338	0.01013	0.06253	0.01911	0.44909	0.02254	0.02059	0.01472	0.00843	0.00653	0.00229	0.00622	0.00630	0.00760	0.01113
111	0.02106	0.01294	0.01505	0.01290	0.01709	0.01329	0.01019	0.04994	0.29160	0.23395	0.12386	0.03562	0.10682	0.01150	0.00783	0.00242	0.00551	0.00960	0.00805	0.01075
112	0.79154	0.01436	0.01091	0.00976	0.01436	0.01665	0.00804	0.02182	0.01263	0.03331	0.01034	0.01206	0.00804	0.00689	0.00459	0.00230	0.00574	0.00402	0.00459	0.00804
113	0.01837	0.01764	0.03013	0.04557	0.69279	0.01764	0.02278	0.02278	0.01690	0.02425	0.01396	0.01837	0.01176	0.00661	0.00735	0.00220	0.00882	0.00661	0.00367	0.01176
114	0.00911	0.00651	0.00867	0.01029	0.01078	0.00607	0.00690	0.01049	0.01450	0.01941	0.06859	0.70527	0.04999	0.02291	0.00944	0.00299	0.00427	0.02078	0.00695	0.00607
115	0.00989	0.00723	0.00929	0.00947	0.01089	0.00663	0.00684	0.01256	0.01853	0.02552	0.43115	0.26583	0.12253	0.01801	0.00898	0.00256	0.00377	0.01600	0.00766	0.00663
116	0.01719	0.02234	0.12655	0.03001	0.03796	0.01858	0.58541	0.02375	0.01729	0.02375	0.01481	0.01948	0.01103	0.00636	0.00855	0.00248	0.01232	0.00835	0.00368	0.01013
117	0.00884	0.00752	0.00762	0.00759	0.01007	0.00630	0.00570	0.01079	0.01709	0.02045	0.10001	0.07080	0.66473	0.01865	0.00877	0.00250	0.00375	0.01558	0.00695	0.00630
118	0.01279	0.00652	0.00978	0.00978	0.00984	0.00658	0.00658	0.00984	0.00978	0.01309	0.01322	0.02287	0.01316	0.02716	0.06031	0.74852	0.00707	0.00652	0.00326	0.00338
119	0.01453	0.01492	0.05373	0.61130	0.09784	0.01671	0.04765	0.01965	0.01515	0.01976	0.01333	0.01951	0.01007	0.00730	0.00746	0.00245	0.00997	0.00664	0.00334	0.00870
120	0.02886	0.01976	0.02164	0.01659	0.02251	0.02149	0.01371	0.58829	0.03318	0.12897	0.01927	0.01876	0.01335	0.00895	0.00743	0.00224	0.00794	0.00678	0.00765	0.01263
121	0.01539	0.01319	0.01539	0.01100	0.01759	0.00990	0.00880	0.01869	0.01539	0.02419	0.01319	0.01539	0.01100	0.00550	0.00550	0.00110	0.00550	0.00440	0.00440	0.78449
122	0.71110	0.01417	0.01158	0.01013	0.01484	0.01604	0.00834	0.02335	0.01355	0.10382	0.01235	0.01346	0.00914	0.00713	0.00490	0.00230	0.00580	0.00439	0.00508	0.00853
123	0.01080	0.00720	0.00810	0.00810	0.00810	0.00720	0.00450	0.01080	0.01080	0.01439	0.02339	0.04858	0.02699	0.73910	0.03779	0.00720	0.00720	0.01080	0.00450	0.00450
124	0.01717	0.01582	0.02576	0.36078	0.33396	0.01756	0.02102	0.07608	0.01747	0.02369	0.01393	0.01899	0.01096	0.00719	0.00739	0.00233	0.00927	0.00661	0.00382	0.01018
125	0.01655	0.01577	0.02667	0.28155	0.44645	0.01688	0.02149	0.02107	0.01618	0.02227	0.01559	0.02051	0.03209	0.00728	0.00742	0.00231	0.00904	0.00689	0.00364	0.01036
126	0.01907	0.09071	0.50657	0.01884	0.02836	0.01693	0.02284	0.02600	0.01677	0.16120	0.01635	0.01733	0.01125	0.00743	0.00695	0.00228	0.00977	0.00577	0.00438	0.01119
127	0.01168	0.00764	0.00948	0.00911	0.01007	0.00751	0.00608	0.01320	0.01465	0.04984	0.23685	0.04777	0.03956	0.40451	0.09597	0.00591	0.00727	0.01120	0.00583	0.00588
128	0.01077	0.00722	0.00826	0.00840	0.00848	0.00720	0.00487	0.01095	0.01117	0.01487	0.02469	0.07773	0.02847	0.68331	0.03561	0.00689	0.00707	0.03473	0.00468	0.00465
129	0.05370	0.01305	0.01583	0.01170	0.01792	0.01052	0.00949	0.02479	0.01728	0.25454	0.01857	0.01863	0.01339	0.00682	0.00613	0.00156	0.00579	0.00543	0.00604	0.48883
130	0.01080	0.00720	0.00810	0.00810	0.00810	0.00720	0.00450	0.01080	0.01080	0.01439	0.02339	0.04858	0.02699	0.73910	0.03779	0.00720	0.00720	0.01080	0.00450	0.00450
131	0.01501	0.03759	0.67160	0.02161	0.03243	0.01731	0.05565	0.02352	0.01576	0.02352	0.01340	0.01587	0.00949	0.00702	0.00713	0.00236	0.01104	0.00563	0.00316	0.01093
132	0.00967	0.00731	0.01033	0.09990	0.01585	0.00735	0.00862	0.01142	0.01429	0.01895	0.03742	0.64425	0.04416	0.02126	0.00922	0.00295	0.00501	0.01928	0.00644	0.00631
133	0.01002	0.00757	0.00925	0.00883	0.01079	0.00680	0.00662	0.01307	0.01986	0.02704	0.51657	0.05994	0.24406	0.01619	0.00876	0.00238	0.00357	0.01406	0.00781	0.00680
134	0.01471	0.01390	0.02351	0.61429	0.15271	0.01667	0.02096	0.01957	0.01517	0.01980	0.01332	0.01957	0.01019	0.00729	0.00741	0.00243	0.00973	0.00660	0.00336	0.00880
135	0.01846	0.01595	0.01679	0.01511	0.01930	0.01846	0.01175	0.03945	0.67938	0.03105	0.03022	0.02770	0.02266	0.01007	0.00755	0.00252	0.00588	0.00839	0.00755	0.01175
136	0.01061	0.00715	0.00830	0.00848	0.00858	0.00716	0.00494	0.01085	0.01119	0.01498	0.02504	0.11794	0.02891	0.63824	0.06205	0.00696	0.00741	0.01174	0.00472	0.00474
137	0.03194	0.01359	0.01767	0.01368	0.01935	0.01249	0.01126	0.09519	0.06206	0.59726	0.02828	0.02472	0.01810	0.00922	0.00747	0.00230	0.00646	0.00745	0.00893	0.01258
138	0.02136	0.52693	0.08190	0.01472	0.02090	0.15733	0.01413	0.05228	0.01713	0.01933	0.01109	0.01272	0.00966	0.00676	0.00541	0.00173	0.00920	0.00435	0.00348	0.00959
139	0.01617	0.00982	0.01030	0.00924	0.01148	0.01027	0.00688	0.14931	0.01857	0.02891	0.02274	0.02987	0.01932	0.15601	0.01222	0.00293	0.00518	0.00765	0.46550	0.00760
140	0.02207	0.42983	0.07384	0.01569	0.02122	0.25916	0.01433	0.02465	0.01699	0.01810	0.01088	0.01282	0.00954	0.00710	0.00634	0.00181	0.03855	0.00444	0.00340	0.00925
141	0.02067	0.63247	0.03544	0.01273	0.01882	0.02680	0.01236	0.04496	0.01648	0.06793	0.04314	0.01507	0.01305	0.00705	0.00523	0.00170	0.00763	0.00475	0.00398	0.00974
142	0.01759	0.01663	0.02701	0.10865	0.52743	0.01719	0.02069	0.02382	0.09093	0.02433	0.01799	0.02154	0.03802	0.00754	0.00743	0.00228	0.00841	0.00715	0.00419	0.01120
143	0.01005	0.00757	0.00929	0.00886	0.01081	0.00681	0.00665	0.01312	0.01994	0.02721	0.52714	0.05967	0.23338	0.01613	0.00876	0.00238	0.00357	0.01402	0.00784	0.00681
144	0.01562	0.01296	0.01436	0.01333	0.01657	0.01442	0.01028	0.03028	0.44696	0.02947	0.18611	0.08950	0.03662	0.01270	0.00809	0.00255	0.00524	0.03732	0.00762	0.01000
145	0.02893	0.01638	0.01904	0.01483	0.02036	0.01688	0.01218	0.32886	0.07418	0.31519	0.02378	0.02210	0.01604	0.00910	0.00734	0.00225	0.00701	0.00714	0.04613	0.01229
146	0.00918	0.00663	0.00863	0.01016	0.01077	0.00617	0.00689	0.01054	0.01439	0.01898	0.04276	0.64010	0.09499	0.04781	0.01044	0.00314	0.00445	0.04112	0.00681	0.00602
147	0.01984	0.38904	0.21899	0.01760	0.05184	0.14852	0.01751	0.02395	0.01640	0.01956	0.01152	0.01349	0.00959	0.00679	0.00586	0.00188	0.00980	0.00465	0.00330	0.00986
148	0.01289	0.00645	0.00967	0.00967	0.00967	0.00645	0.00645	0.00967	0.00967	0.01289	0.01289	0.02257	0.01289	0.02579	0.02901	0.78401	0.00645	0.00645	0.00322	0.00322
149	0.02759	0.07492	0.02352	0.01675	0.02272	0.02350	0.01400	0.61967	0.03342	0.04459	0.01726	0.01738	0.01239	0.00872	0.00723	0.00218	0.00815	0.00648	0.00711	0.01239
150	0.01462	0.01305	0.01400	0.01143	0.01617	0.06124	0.00870	0.01727	0.01550	0.02234	0.02049	0.20777	0.02109	0.01042	0.00665	0.00167	0.00577	0.00890	0.00502	0.51789
151	0.01948	0.69076	0.08846	0.01334	0.02003	0.02847	0.01381	0.02233	0.01513	0.01792	0.01055	0.01219	0.00952	0.00640	0.00493	0.00164	0.00817	0.00408	0.00317	0.00964
152	0.05816	0.02010	0.02135	0.01647	0.02223	0.02227	0.01359	0.62199	0.03341	0.04565	0.01773	0.01790	0.01264	0.00882	0.00724	0.00222	0.00793	0.00659	0.03146	0.01226
153	0.06733	0.19714	0.05587	0.05620	0.16243	0.14898	0.01583	0.07021	0.01833	0.05193	0.01560	0.02174	0.01359	0.00838	0.00670	0.00214	0.00909	0.06427	0.00439	0.00984
154	0.01061	0.00795	0.01193	0.01193	0.01326	0.00928	0.00928	0.01326	0.01193	0.01723	0.01988	0.02916	0.01856	0.05568	0.70968	0.01193	0.01988	0.00795	0.00398	0.00663
155	0.00935	0.00676	0.00885	0.00999	0.01080	0.00625	0.00686	0.01115	0.01582	0.02136	0.18365	0.55561	0.08343	0.02129	0.00929	0.00284	0.00411	0.01918	0.00717	0.00625
156	0.00905	0.00671	0.00845	0.00975	0.01064	0.00612	0.00665	0.01055	0.01502	0.01960	0.07381	0.57742	0.17502	0.02206	0.00931	0.00289	0.00417	0.01973	0.00694	0.00612
157	0.02109	0.00993	0.01331	0.01113	0.01474	0.00882	0.00882	0.02430	0.02112	0.33984	0.38279	0.04145	0.04607	0.01240	0.00816	0.00232	0.00481	0.01066	0.00864	0.00962
158	0.76510	0.01430	0.01113	0.00988	0.01452	0.01645	0.00814	0.02232	0.01293	0.05649	0.01100	0.01252	0.00840	0.00697	0.00469	0.00230	0.00576	0.00414	0.00475	0.00820
159	0.02738	0.02038	0.02181	0.01691	0.02270	0.02263	0.01391	0.61418	0.09013	0.04544	0.01889	0.01867	0.01348	0.00901	0.00744	0.00225	0.00797	0.00683	0.00744	0.01255
160	0.01798	0.01724	0.02943	0.10619	0.63523	0.01754	0.02259	0.02244	0.01672	0.02378	0.01389	0.01850	0.01159	0.00669	0.00736	0.00223	0.00892	0.00661	0.00364	0.01144
161	0.01985	0.74357	0.03890	0.01270	0.01905	0.02937	0.01270	0.02223	0.01508	0.01747	0.01032	0.01191	0.00953	0.00635	0.00476	0.00159	0.00794	0.00397	0.00318	0.00953
162	0.00904	0.00646	0.00861	0.01034	0.01077	0.00603	0.00689	0.01034	0.01421	0.01895	0.04092	0.73426	0.04910	0.02326	0.00948	0.00301	0.00431	0.02110	0.00689	0.00603
163	0.02209	0.01514	0.01689	0.01464	0.01922	0.01662	0.01155	0.03865	0.51863	0.19394	0.02999	0.02710	0.02161	0.00986	0.00753	0.00246	0.00598	0.00817	0.00795	0.01197
164	0.05201	0.01122	0.01489	0.01197	0.01651	0.00997	0.00968	0.02925	0.02089	0.48132	0.22056	0.03361	0.03306	0.01085	0.00774	0.00231	0.00548	0.00908	0.00874	0.01084
165	0.01402	0.01319	0.02227	0.72126	0.05113	0.01649	0.02062	0.01897	0.01484	0.01897	0.01319	0.01979	0.00990	0.00742	0.00742	0.00247	0.00990	0.00660	0.00330	0.00825
166	0.00923	0.00693	0.00890	0.01021	0.01093	0.00659	0.00700	0.01062	0.01453	0.01908	0.04503	0.61287	0.14319	0.02227	0.00984	0.00295	0.02709	0.01983	0.00678	0.00613
167	0.01054	0.00709	0.00817	0.00842	0.00849	0.00703	0.00485	0.01073	0.01129	0.01506	0.02595	0.14862	0.03022	0.63466	0.03365	0.00659	0.00678	0.01230	0.00485	0.00472
168	0.01448	0.00833	0.00885	0.00837	0.01036	0.00859	0.00631	0.07637	0.01676	0.02731	0.02525	0.03019	0.04570	0.06754	0.06419	0.00303	0.00550	0.00762	0.55804	0.00722
169	0.00993	0.00720	0.00940	0.00976	0.01105	0.00666	0.00705	0.01255	0.01820	0.02512	0.40295	0.30865	0.08793	0.01849	0.00907	0.00263	0.00391	0.03525	0.00760	0.00661
170	0.01748	0.10619	0.07064	0.23899	0.34858	0.05083	0.02082	0.02195	0.01619	0.02154	0.01314	0.01761	0.01069	0.00690	0.00701	0.00221	0.00938	0.00613	0.00348	0.01025
171	0.01790	0.01835	0.05459	0.09648	0.55651	0.04500	0.02172	0.02238	0.01704	0.02380	0.04480	0.01988	0.01411	0.00713	0.00738	0.00223	0.00893	0.00681	0.00384	0.01110
172	0.04398	0.01084	0.04360	0.01380	0.06270	0.00989	0.00962	0.08707	0.01691	0.02344	0.06098	0.42816	0.06773	0.07235	0.01085	0.00307	0.00560	0.01566	0.00633	0.00744

[dist]
# distance from previous block
# <min> <max>
1	5

[block]
# block no. 1 follows, 27 sequences, length 27
# corresponding to MSA columns:
# 204-230
name=unknown_B
#
# <colnr> <probs for GDERKNQSTAVLIFYWHMCP>
#	G	D	E	R	K	N	Q	S	T	A	V	L	I	F	Y	W	H	M	C	P
0	0.13970	0.01433	0.01629	0.01745	0.11698	0.06547	0.01169	0.08033	0.01842	0.04995	0.16733	0.12097	0.05879	0.01223	0.00913	0.00245	0.07406	0.00987	0.00588	0.00867
1	0.01448	0.01208	0.01787	0.02267	0.22742	0.01265	0.01341	0.06964	0.05269	0.02304	0.02403	0.21281	0.02431	0.02533	0.20689	0.00520	0.01054	0.01096	0.00513	0.00885
2	0.02096	0.02351	0.01994	0.02190	0.14991	0.33666	0.01439	0.02584	0.09779	0.02161	0.04768	0.02583	0.05395	0.01290	0.05951	0.00291	0.01081	0.03998	0.00476	0.00916
3	0.01837	0.01764	0.03013	0.04557	0.69279	0.01764	0.02278	0.02278	0.01690	0.02425	0.01396	0.01837	0.01176	0.00661	0.00735	0.00220	0.00882	0.00661	0.00367	0.01176
4	0.01539	0.01319	0.01539	0.01100	0.01759	0.00990	0.00880	0.01869	0.01539	0.02419	0.01319	0.01539	0.01100	0.00550	0.00550	0.00110	0.00550	0.00440	0.00440	0.78449
5	0.01108	0.00778	0.00978	0.00923	0.00961	0.00777	0.03325	0.01144	0.01113	0.01490	0.02290	0.04666	0.02601	0.68322	0.06034	0.00716	0.00788	0.01061	0.00445	0.00481
6	0.01037	0.00744	0.00970	0.01107	0.01193	0.00719	0.00784	0.04490	0.01561	0.02076	0.03954	0.62306	0.04649	0.02220	0.00946	0.00302	0.00479	0.09126	0.00691	0.00646
7	0.01052	0.00708	0.00818	0.00845	0.00852	0.00701	0.00488	0.01072	0.01134	0.01512	0.02619	0.15792	0.03052	0.62496	0.03327	0.00653	0.00674	0.01244	0.00488	0.00474
8	0.00904	0.00646	0.00861	0.01034	0.01077	0.00603	0.00689	0.01034	0.01421	0.01895	0.04092	0.73426	0.04910	0.02326	0.00948	0.00301	0.00431	0.02110	0.00689	0.00603
9	0.79154	0.01436	0.01091	0.00976	0.01436	0.01665	0.00804	0.02182	0.01263	0.03331	0.01034	0.01206	0.00804	0.00689	0.00459	0.00230	0.00574	0.00402	0.00459	0.00804
10	0.01624	0.01624	0.02274	0.01949	0.01949	0.02274	0.01624	0.01787	0.01137	0.01787	0.00975	0.01624	0.00975	0.01299	0.02436	0.00325	0.72552	0.00650	0.00325	0.00812
11	0.01444	0.01362	0.02302	0.65639	0.11274	0.01660	0.02082	0.01933	0.01504	0.01947	0.01327	0.01966	0.01007	0.00734	0.00742	0.00245	0.00979	0.00660	0.00333	0.00858
12	0.01985	0.74357	0.03890	0.01270	0.01905	0.02937	0.01270	0.02223	0.01508	0.01747	0.01032	0.01191	0.00953	0.00635	0.00476	0.00159	0.00794	0.00397	0.00318	0.00953
13	0.02305	0.01627	0.01804	0.01454	0.01926	0.01749	0.01175	0.37411	0.11371	0.09656	0.15298	0.02957	0.05768	0.01077	0.00777	0.00231	0.00660	0.00870	0.00771	0.01112
14	0.00989	0.00756	0.00906	0.00869	0.01071	0.00674	0.00652	0.01281	0.01955	0.02630	0.46964	0.06117	0.29144	0.01647	0.00876	0.00240	0.00359	0.01423	0.00772	0.00674
15	0.01034	0.00754	0.00972	0.00927	0.01101	0.00692	0.00692	0.01364	0.02047	0.02870	0.62278	0.08583	0.10756	0.01575	0.00879	0.00237	0.00355	0.01390	0.00804	0.00692
16	0.79154	0.01436	0.01091	0.00976	0.01436	0.01665	0.00804	0.02182	0.01263	0.03331	0.01034	0.01206	0.00804	0.00689	0.00459	0.00230	0.00574	0.00402	0.00459	0.00804
17	0.02078	0.01114	0.01272	0.01081	0.01433	0.01122	0.00857	0.11832	0.07668	0.19299	0.07657	0.02781	0.02220	0.00945	0.00654	0.00205	0.00505	0.00765	0.35556	0.00955
18	0.01080	0.00720	0.00810	0.00810	0.00810	0.00720	0.00450	0.01080	0.01080	0.01439	0.02339	0.04858	0.02699	0.73910	0.03779	0.00720	0.00720	0.01080	0.00450	0.00450
19	0.01070	0.00716	0.00812	0.00821	0.00824	0.00714	0.00462	0.01077	0.01097	0.01463	0.02430	0.08428	0.02814	0.70183	0.03631	0.00698	0.00705	0.01133	0.00462	0.00458
20	0.74953	0.01471	0.01154	0.01017	0.01483	0.01700	0.00837	0.05739	0.01386	0.03405	0.01075	0.01238	0.00829	0.00700	0.00475	0.00229	0.00588	0.00417	0.00475	0.00829
21	0.01149	0.00891	0.01060	0.01000	0.01218	0.00882	0.00751	0.01732	0.12502	0.02704	0.41683	0.05242	0.16811	0.04881	0.03946	0.00302	0.00478	0.01267	0.00751	0.00751
22	0.02066	0.57014	0.09385	0.01446	0.02081	0.13572	0.01425	0.02351	0.01608	0.01810	0.01077	0.01247	0.00952	0.00662	0.00527	0.00171	0.00906	0.00423	0.00327	0.00951
23	0.01926	0.01803	0.02799	0.06103	0.55506	0.04120	0.02092	0.08870	0.01899	0.02641	0.04068	0.01964	0.01400	0.00725	0.00739	0.00221	0.00873	0.00683	0.00423	0.01145
24	0.04927	0.01825	0.02550	0.03617	0.48565	0.09977	0.01943	0.02233	0.01717	0.02347	0.01728	0.04851	0.01608	0.00887	0.00756	0.00234	0.00888	0.07880	0.00419	0.01048
25	0.01892	0.01666	0.01726	0.01600	0.04036	0.04521	0.01206	0.06981	0.57155	0.03069	0.03023	0.02818	0.04947	0.01018	0.00756	0.00247	0.00629	0.00841	0.00725	0.01144
26	0.07555	0.09865	0.02266	0.01893	0.05383	0.48631	0.01416	0.10371	0.02138	0.02275	0.01216	0.01392	0.00993	0.00758	0.00649	0.00196	0.01155	0.00497	0.00423	0.00928

[dist]
# distance from previous block
# <min> <max>
0	1

[block]
# block no. 2 follows, 27 sequences, length 22
# corresponding to MSA columns:
# 232-253
name=unknown_C
#
# <colnr> <probs for GDERKNQSTAVLIFYWHMCP>
#	G	D	E	R	K	N	Q	S	T	A	V	L	I	F	Y	W	H	M	C	P
0	0.01681	0.01634	0.02659	0.26450	0.39657	0.04155	0.04390	0.02133	0.01662	0.02258	0.05088	0.02077	0.01426	0.00738	0.00748	0.00230	0.00918	0.00700	0.00381	0.01017
1	0.01040	0.00758	0.00977	0.00923	0.01102	0.00696	0.00692	0.01380	0.02076	0.02917	0.65095	0.05644	0.10835	0.01540	0.00876	0.00235	0.00352	0.01356	0.00809	0.00696
2	0.01971	0.06509	0.04967	0.01365	0.01728	0.24055	0.01108	0.08221	0.05570	0.02455	0.02280	0.07621	0.05819	0.00993	0.00663	0.00204	0.00800	0.00763	0.22056	0.00852
3	0.01605	0.01543	0.02466	0.40204	0.29161	0.04133	0.02075	0.02061	0.01597	0.02112	0.01482	0.02244	0.01234	0.00782	0.00752	0.00240	0.00945	0.04049	0.00365	0.00952
4	0.01794	0.00925	0.01223	0.01054	0.01364	0.00826	0.00824	0.02117	0.02093	0.24926	0.44783	0.04615	0.07728	0.01335	0.00833	0.00233	0.00444	0.01155	0.00846	0.00883
5	0.01063	0.00786	0.01146	0.01146	0.01262	0.00902	0.00869	0.01295	0.01179	0.01688	0.02032	0.03155	0.01960	0.13972	0.62706	0.01135	0.01832	0.00830	0.00404	0.00637
6	0.01920	0.01631	0.01720	0.01526	0.01958	0.01881	0.01193	0.08657	0.63107	0.03223	0.02929	0.02696	0.02191	0.00998	0.00754	0.00250	0.00605	0.00826	0.00754	0.01182
7	0.00953	0.00753	0.00845	0.00823	0.01032	0.00659	0.00609	0.01191	0.01811	0.02336	0.30096	0.06423	0.42236	0.05717	0.01037	0.00270	0.00385	0.01456	0.00724	0.00644
8	0.02709	0.01591	0.01844	0.01487	0.02016	0.01663	0.01204	0.20674	0.23998	0.30534	0.02652	0.02406	0.01823	0.00940	0.00748	0.00235	0.00667	0.00756	0.00818	0.01234
9	0.01402	0.01319	0.02227	0.72126	0.05113	0.01649	0.02062	0.01897	0.01484	0.01897	0.01319	0.01979	0.00990	0.00742	0.00742	0.00247	0.00990	0.00660	0.00330	0.00825
10	0.01985	0.74357	0.03890	0.01270	0.01905	0.02937	0.01270	0.02223	0.01508	0.01747	0.01032	0.01191	0.00953	0.00635	0.00476	0.00159	0.00794	0.00397	0.00318	0.00953
11	0.51822	0.01224	0.01007	0.00913	0.01287	0.01381	0.00736	0.04401	0.01437	0.03202	0.01499	0.01720	0.01167	0.00752	0.00489	0.00212	0.00511	0.00503	0.24950	0.00785
12	0.07356	0.00926	0.01249	0.01163	0.01392	0.00994	0.00902	0.01808	0.01367	0.14971	0.02134	0.02909	0.01859	0.11206	0.45324	0.00887	0.01492	0.00785	0.00508	0.00768
13	0.00942	0.00741	0.00859	0.00911	0.01096	0.00657	0.00684	0.01155	0.01682	0.02123	0.13665	0.22077	0.39332	0.01958	0.00911	0.00271	0.00422	0.09172	0.00704	0.00637
14	0.01157	0.00784	0.00884	0.00868	0.00900	0.00793	0.00512	0.04384	0.01220	0.01628	0.02410	0.08570	0.02751	0.66199	0.03466	0.00671	0.00708	0.01117	0.00478	0.00499
15	0.02719	0.02003	0.02156	0.01663	0.02233	0.02209	0.01370	0.63013	0.03410	0.04580	0.05672	0.02000	0.01595	0.00927	0.00750	0.00223	0.00790	0.00707	0.00747	0.01230
16	0.01289	0.00645	0.00967	0.00967	0.00967	0.00645	0.00645	0.00967	0.00967	0.01289	0.01289	0.02257	0.01289	0.02579	0.02901	0.78401	0.00645	0.00645	0.00322	0.00322
17	0.48856	0.01728	0.05058	0.04782	0.01877	0.05602	0.01095	0.12388	0.01753	0.03308	0.06276	0.01688	0.01367	0.00791	0.00575	0.00228	0.00688	0.00540	0.00512	0.00889
18	0.01103	0.00746	0.01016	0.01029	0.01133	0.00809	0.00753	0.01298	0.01277	0.01870	0.05540	0.09902	0.02500	0.14789	0.37864	0.04977	0.01282	0.00968	0.10533	0.00612
19	0.08427	0.01755	0.01902	0.01676	0.06143	0.01941	0.01271	0.36698	0.17346	0.03840	0.02293	0.02280	0.04803	0.00934	0.00716	0.00228	0.00702	0.00730	0.05177	0.01137
20	0.33439	0.17778	0.16672	0.01472	0.02134	0.02036	0.04614	0.09632	0.01660	0.02888	0.01206	0.01385	0.00933	0.00701	0.00568	0.00216	0.00794	0.00486	0.00426	0.00961
21	0.04683	0.13141	0.05982	0.01918	0.12544	0.19669	0.01377	0.05708	0.01824	0.02218	0.05717	0.02861	0.08769	0.06432	0.00932	0.00252	0.00882	0.03740	0.00464	0.00886

[dist]
# distance from previous block
# <min> <max>
0	14

[block]
# block no. 3 follows, 27 sequences, length 15
# corresponding to MSA columns:
# 268-282
name=unknown_D
#
# <colnr> <probs for GDERKNQSTAVLIFYWHMCP>
#	G	D	E	R	K	N	Q	S	T	A	V	L	I	F	Y	W	H	M	C	P
0	0.02248	0.07537	0.13605	0.01607	0.02203	0.01924	0.01490	0.35737	0.04917	0.06629	0.05330	0.06676	0.01782	0.01036	0.00819	0.03173	0.00790	0.00766	0.00631	0.01101
1	0.01639	0.11968	0.58890	0.01977	0.02994	0.01834	0.02488	0.02399	0.01588	0.05660	0.01377	0.01571	0.00987	0.00708	0.00681	0.00226	0.01038	0.00541	0.00344	0.01089
2	0.01545	0.01299	0.01505	0.01104	0.01714	0.01023	0.00881	0.05137	0.01678	0.02544	0.05302	0.02052	0.04867	0.00687	0.00594	0.00130	0.00544	0.00557	0.00488	0.66347
3	0.01561	0.06716	0.12552	0.01269	0.01894	0.01188	0.01184	0.01945	0.01591	0.06058	0.05359	0.10191	0.01869	0.00861	0.00644	0.00169	0.00634	0.00715	0.00487	0.43112
4	0.02855	0.02027	0.02195	0.01683	0.02276	0.02224	0.01390	0.62749	0.03403	0.08857	0.01856	0.01830	0.01299	0.00893	0.00743	0.00223	0.00805	0.00673	0.00754	0.01263
5	0.01539	0.01319	0.01539	0.01100	0.01759	0.00990	0.00880	0.01869	0.01539	0.02419	0.01319	0.01539	0.01100	0.00550	0.00550	0.00110	0.00550	0.00440	0.00440	0.78449
6	0.62201	0.12684	0.01518	0.01019	0.01487	0.01801	0.00870	0.02138	0.01355	0.03063	0.05380	0.01482	0.01224	0.00734	0.00489	0.00219	0.00594	0.00461	0.00460	0.00820
7	0.01846	0.01595	0.01679	0.01511	0.01930	0.01846	0.01175	0.03945	0.67938	0.03105	0.03022	0.02770	0.02266	0.01007	0.00755	0.00252	0.00588	0.00839	0.00755	0.01175
8	0.01553	0.01364	0.01726	0.01233	0.01898	0.01048	0.05184	0.01903	0.01553	0.02416	0.01331	0.01570	0.01101	0.00555	0.00571	0.00119	0.00596	0.00468	0.00436	0.73374
9	0.01578	0.17006	0.53824	0.05831	0.03071	0.01949	0.02427	0.02302	0.01552	0.02212	0.01275	0.01519	0.00945	0.00694	0.00664	0.00221	0.01034	0.00526	0.00315	0.01055
10	0.01573	0.01562	0.02855	0.42556	0.19146	0.01723	0.15688	0.02083	0.01587	0.02116	0.01375	0.01953	0.01060	0.00700	0.00769	0.00242	0.01021	0.00706	0.00348	0.00940
11	0.13990	0.30626	0.11812	0.01378	0.01990	0.02088	0.01359	0.06562	0.05075	0.10132	0.04114	0.02010	0.01496	0.00819	0.00607	0.00208	0.00752	0.03494	0.00492	0.00994
12	0.23734	0.13375	0.02292	0.01585	0.02070	0.09791	0.11546	0.07885	0.01769	0.04421	0.03726	0.05817	0.01666	0.00931	0.00673	0.00230	0.00824	0.06278	0.00494	0.00894
13	0.13946	0.10500	0.52435	0.01849	0.02798	0.01836	0.02286	0.02311	0.01513	0.02447	0.01255	0.01472	0.00920	0.00696	0.00643	0.00227	0.00983	0.00510	0.00337	0.01036
14	0.27523	0.04077	0.08666	0.10091	0.02306	0.09903	0.03919	0.07892	0.01785	0.02850	0.12348	0.02149	0.01936	0.00856	0.00655	0.00227	0.00788	0.00655	0.00496	0.00879

[dist]
# distance from previous block
# <min> <max>
14	31

[block]
# block no. 4 follows, 27 sequences, length 13
# corresponding to MSA columns:
# 316-328
name=unknown_E
#
# <colnr> <probs for GDERKNQSTAVLIFYWHMCP>
#	G	D	E	R	K	N	Q	S	T	A	V	L	I	F	Y	W	H	M	C	P
