[name]
unknown

[dist]
# distance from previous block
# <min> <max>
0	0

[block]
# block no. 0 follows, 28 sequences, length 14
# corresponding to MSA columns:
# 0-13
name=unknown_A
#
# <colnr> <probs for GDERKNQSTAVLIFYWHMCP>
#	G	D	E	R	K	N	Q	S	T	A	V	L	I	F	Y	W	H	M	C	P
0	0.01171	0.00837	0.01171	0.01339	0.01506	0.00837	0.01171	0.01506	0.01673	0.02175	0.03849	0.08199	0.04183	0.02008	0.01004	0.00335	0.00669	0.65027	0.00669	0.00669
1	0.01799	0.01727	0.02950	0.04462	0.69919	0.01727	0.02231	0.02231	0.01655	0.02375	0.01367	0.01799	0.01151	0.00648	0.00720	0.00216	0.00864	0.00648	0.00360	0.01151
2	0.04454	0.00960	0.01043	0.00943	0.01223	0.00924	0.00729	0.11111	0.02033	0.02719	0.26618	0.05459	0.36026	0.01532	0.00822	0.00235	0.00432	0.01284	0.00714	0.00737
3	0.01436	0.01357	0.02295	0.62557	0.14661	0.01632	0.02050	0.01913	0.01483	0.01934	0.01303	0.01917	0.00996	0.00715	0.00726	0.00238	0.00953	0.00646	0.00328	0.00859
4	0.02570	0.01919	0.02240	0.01732	0.02300	0.02094	0.06435	0.49812	0.12653	0.07708	0.01960	0.01941	0.01398	0.00870	0.00739	0.00225	0.00791	0.00699	0.00710	0.01204
5	0.01023	0.00766	0.00962	0.00997	0.01154	0.00727	0.00745	0.01375	0.05356	0.02408	0.31461	0.25205	0.14270	0.01791	0.00888	0.00263	0.00418	0.08789	0.00729	0.00672
6	0.01799	0.01727	0.02950	0.04462	0.69919	0.01727	0.02231	0.02231	0.01655	0.02375	0.01367	0.01799	0.01151	0.00648	0.00720	0.00216	0.00864	0.00648	0.00360	0.01151
7	0.00920	0.00657	0.00883	0.01052	0.01109	0.00620	0.00735	0.01072	0.01426	0.01894	0.03987	0.66049	0.04732	0.02245	0.00937	0.00300	0.00452	0.09657	0.00674	0.00600
8	0.01373	0.01292	0.02180	0.72707	0.05006	0.01615	0.02019	0.01857	0.01453	0.01857	0.01292	0.01938	0.00969	0.00727	0.00727	0.00242	0.00969	0.00646	0.00323	0.00807
9	0.01458	0.03760	0.70688	0.02072	0.03146	0.01688	0.02686	0.02302	0.01535	0.02302	0.01304	0.01535	0.00921	0.00691	0.00691	0.00230	0.01074	0.00537	0.00307	0.01074
10	0.03075	0.01198	0.01613	0.01250	0.01788	0.01033	0.01028	0.03349	0.02048	0.65121	0.03216	0.02824	0.07052	0.00973	0.00741	0.00227	0.00599	0.00793	0.00882	0.01189
11	0.01590	0.01590	0.02226	0.01908	0.01908	0.02226	0.01590	0.01749	0.01113	0.01749	0.00954	0.01590	0.00954	0.01272	0.02385	0.00318	0.73123	0.00636	0.00318	0.00795
12	0.07217	0.01801	0.06321	0.03891	0.57057	0.01724	0.02082	0.02337	0.06085	0.02477	0.01445	0.01803	0.01185	0.00674	0.00701	0.00219	0.00834	0.00636	0.00389	0.01122
13	0.05565	0.01705	0.01866	0.01497	0.01959	0.09154	0.05520	0.25982	0.02440	0.13580	0.13275	0.04908	0.02344	0.00977	0.00732	0.00217	0.00733	0.00801	0.03254	0.03489

[dist]
# distance from previous block
# <min> <max>
1	6

[block]
# block no. 1 follows, 28 sequences, length 36
# corresponding to MSA columns:
# 20-55
name=unknown_B
#
# <colnr> <probs for GDERKNQSTAVLIFYWHMCP>
#	G	D	E	R	K	N	Q	S	T	A	V	L	I	F	Y	W	H	M	C	P
0	0.06758	0.01545	0.05658	0.13626	0.12862	0.05063	0.03283	0.08289	0.01936	0.09561	0.20842	0.02840	0.02765	0.00954	0.00743	0.00226	0.00729	0.00820	0.00572	0.00931
1	0.11200	0.01373	0.01697	0.01288	0.01868	0.01247	0.02984	0.09342	0.01955	0.35800	0.02078	0.01979	0.01413	0.00765	0.00651	0.00193	0.00627	0.00608	0.00689	0.22244
2	0.02827	0.01934	0.02119	0.01624	0.02204	0.02103	0.01342	0.59363	0.03248	0.12954	0.01888	0.01838	0.01308	0.00876	0.00728	0.00219	0.00777	0.00664	0.00749	0.01236
3	0.01110	0.00825	0.01150	0.01041	0.01120	0.00817	0.06919	0.01188	0.01144	0.01535	0.02290	0.08208	0.02575	0.60193	0.06391	0.00659	0.00796	0.01081	0.00444	0.00510
4	0.01491	0.00808	0.00823	0.00773	0.00983	0.00830	0.00592	0.08038	0.01707	0.02890	0.02311	0.02617	0.01803	0.00849	0.00529	0.00174	0.00383	0.00675	0.70991	0.00731
5	0.02719	0.02014	0.02157	0.01664	0.02237	0.02234	0.01371	0.64572	0.06412	0.04510	0.01801	0.01790	0.01281	0.00878	0.00728	0.00219	0.00790	0.00662	0.00728	0.01232
6	0.00933	0.00739	0.00838	0.00814	0.01027	0.00645	0.00610	0.01186	0.01831	0.02376	0.34338	0.06316	0.42392	0.01687	0.00858	0.00238	0.00357	0.01439	0.00729	0.00645
7	0.00902	0.00645	0.00858	0.01001	0.01058	0.00602	0.00676	0.01054	0.01469	0.01979	0.11648	0.65985	0.05047	0.02185	0.00920	0.00287	0.00413	0.01979	0.00689	0.00602
8	0.01241	0.00646	0.00968	0.00968	0.00981	0.00658	0.00658	0.00981	0.00968	0.01304	0.01329	0.02272	0.01316	0.02807	0.09468	0.71361	0.00758	0.00646	0.00323	0.00348
9	0.01943	0.74891	0.03809	0.01244	0.01866	0.02876	0.01244	0.02177	0.01477	0.01710	0.01011	0.01166	0.00933	0.00622	0.00466	0.00155	0.00777	0.00389	0.00311	0.00933
10	0.01577	0.01633	0.02795	0.02164	0.02590	0.05108	0.31995	0.05499	0.01670	0.02216	0.02397	0.14890	0.08331	0.01146	0.01092	0.00261	0.12249	0.01068	0.00463	0.00855
11	0.01893	0.02106	0.03306	0.06418	0.19046	0.13913	0.32506	0.02437	0.04805	0.02238	0.01431	0.01833	0.01126	0.00686	0.00821	0.00230	0.03110	0.00723	0.00381	0.00991
12	0.27479	0.01341	0.01514	0.01211	0.01734	0.01331	0.00997	0.06337	0.03993	0.43583	0.02223	0.02033	0.01462	0.00829	0.00642	0.00225	0.00608	0.00623	0.00743	0.01091
13	0.01548	0.06458	0.30367	0.04195	0.02684	0.01752	0.11335	0.03771	0.08242	0.02239	0.01597	0.03949	0.01323	0.04889	0.03677	0.00302	0.09621	0.00701	0.00391	0.00960
14	0.01574	0.01574	0.02291	0.08774	0.02271	0.02154	0.03835	0.01779	0.01166	0.01779	0.01004	0.01636	0.00961	0.01198	0.02174	0.00308	0.63755	0.00645	0.00320	0.00803
15	0.01014	0.00755	0.00885	0.00928	0.01058	0.00709	0.00641	0.04559	0.01568	0.02034	0.09170	0.35510	0.22776	0.13368	0.01328	0.00337	0.00465	0.01630	0.00650	0.00614
16	0.01022	0.00738	0.00966	0.00919	0.01084	0.00681	0.00685	0.01355	0.02026	0.02864	0.66396	0.08714	0.06760	0.01524	0.00861	0.00232	0.00347	0.01351	0.00794	0.00681
17	0.01808	0.01561	0.01644	0.01479	0.01890	0.01808	0.01151	0.03863	0.68606	0.03041	0.02959	0.02712	0.02219	0.00986	0.00740	0.00247	0.00575	0.00822	0.00740	0.01151
18	0.03134	0.01441	0.01813	0.01390	0.01957	0.01371	0.01148	0.19890	0.02422	0.53593	0.02581	0.02288	0.01655	0.00893	0.00730	0.00223	0.00665	0.00711	0.00856	0.01237
19	0.02473	0.01816	0.01964	0.01553	0.02045	0.01995	0.01253	0.56841	0.03072	0.04116	0.01998	0.08902	0.01670	0.05708	0.00936	0.00257	0.00757	0.00816	0.00704	0.01123
20	0.02811	0.01959	0.02134	0.01636	0.02216	0.02140	0.01351	0.61329	0.03289	0.10930	0.01853	0.01815	0.01290	0.00875	0.00728	0.00219	0.00782	0.00662	0.00744	0.01236
21	0.02743	0.02057	0.02137	0.01661	0.02226	0.05513	0.01363	0.59656	0.05762	0.06804	0.01802	0.01788	0.01280	0.00872	0.00724	0.00218	0.00809	0.00655	0.00717	0.01214
22	0.06863	0.63040	0.08293	0.01338	0.01984	0.02683	0.03321	0.02187	0.01473	0.01869	0.01045	0.01217	0.00928	0.00630	0.00493	0.00168	0.00798	0.00414	0.00321	0.00935
23	0.01936	0.01493	0.01600	0.01284	0.01782	0.05173	0.01018	0.14469	0.12019	0.09556	0.06536	0.05787	0.04988	0.00917	0.00683	0.00188	0.00617	0.00747	0.00622	0.28585
24	0.02740	0.01889	0.02068	0.01606	0.02169	0.02060	0.01320	0.53386	0.09228	0.12953	0.02002	0.01928	0.01399	0.00887	0.00729	0.00222	0.00756	0.00680	0.00751	0.01228
25	0.00870	0.00737	0.00751	0.00748	0.00988	0.00618	0.00561	0.01064	0.01682	0.02024	0.11335	0.06896	0.65615	0.01818	0.00859	0.00244	0.00367	0.01520	0.00683	0.00618
26	0.02271	0.01460	0.01578	0.01274	0.01700	0.01566	0.01031	0.36112	0.04570	0.09747	0.02108	0.02188	0.01542	0.00869	0.00649	0.00202	0.00610	0.00675	0.28817	0.01032
27	0.00900	0.00738	0.00793	0.00779	0.01007	0.00631	0.00584	0.01122	0.01753	0.02192	0.22266	0.06620	0.54580	0.01756	0.00859	0.00241	0.00362	0.01481	0.00705	0.00631
28	0.01567	0.01561	0.02241	0.01909	0.01940	0.02147	0.03714	0.01746	0.01136	0.01765	0.01021	0.01666	0.01003	0.01462	0.05832	0.00359	0.67165	0.00651	0.00323	0.00794
29	0.02009	0.62967	0.06985	0.01359	0.01975	0.10823	0.01335	0.02268	0.01548	0.01748	0.01039	0.01202	0.00933	0.00640	0.00500	0.00163	0.00855	0.00405	0.00318	0.00929
30	0.14612	0.01353	0.01572	0.01200	0.01775	0.01228	0.00981	0.08414	0.01870	0.30676	0.01936	0.01875	0.01342	0.00738	0.00620	0.00184	0.00598	0.00568	0.00653	0.27804
31	0.00929	0.00681	0.00875	0.03261	0.01142	0.00646	0.00675	0.01068	0.01416	0.01868	0.07666	0.51673	0.11545	0.11467	0.01268	0.00337	0.00466	0.01791	0.00640	0.00586
32	0.01238	0.00908	0.01086	0.01112	0.01265	0.00918	0.00790	0.12072	0.04255	0.02330	0.03677	0.52056	0.07421	0.05945	0.01037	0.00301	0.00503	0.01703	0.00673	0.00711
33	0.01632	0.01366	0.01695	0.01304	0.01835	0.01220	0.04598	0.11599	0.03842	0.02627	0.01786	0.11630	0.01649	0.00869	0.00700	0.00168	0.02806	0.00732	0.00511	0.47430
34	0.02834	0.01923	0.02112	0.01619	0.02198	0.02087	0.01337	0.58460	0.03229	0.13883	0.01904	0.01848	0.01316	0.00876	0.00728	0.00219	0.00774	0.00665	0.00752	0.01236
35	0.02264	0.04269	0.01795	0.01515	0.01909	0.29194	0.01177	0.12411	0.13471	0.06960	0.08579	0.02411	0.04979	0.00939	0.00701	0.00209	0.00864	0.00711	0.04695	0.00947

[dist]
# distance from previous block
# <min> <max>
0	1

[block]
# block no. 2 follows, 28 sequences, length 124
# corresponding to MSA columns:
# 57-180
name=unknown_C
#
# <colnr> <probs for GDERKNQSTAVLIFYWHMCP>
#	G	D	E	R	K	N	Q	S	T	A	V	L	I	F	Y	W	H	M	C	P
0	0.04335	0.01393	0.01581	0.01215	0.01779	0.01262	0.00972	0.10899	0.10780	0.07738	0.03735	0.03797	0.01561	0.00747	0.00621	0.00162	0.00576	0.00602	0.00563	0.45684
1	0.01473	0.01256	0.01471	0.01073	0.01686	0.00948	0.00851	0.01786	0.01501	0.02341	0.01440	0.05464	0.01280	0.00633	0.00560	0.00118	0.00532	0.00520	0.00444	0.74622
2	0.01666	0.01766	0.08128	0.20341	0.34232	0.01715	0.04259	0.02439	0.13509	0.02359	0.01630	0.01979	0.01276	0.00730	0.00727	0.00230	0.00868	0.00676	0.00414	0.01055
3	0.01025	0.00875	0.00876	0.00867	0.01057	0.04511	0.00625	0.01217	0.01673	0.02088	0.19951	0.11459	0.38491	0.10637	0.01201	0.00299	0.00460	0.01412	0.00658	0.00619
4	0.00892	0.00652	0.00839	0.00974	0.01048	0.00599	0.00661	0.01038	0.01464	0.01935	0.08523	0.61868	0.12480	0.02177	0.00915	0.00285	0.00411	0.01957	0.00683	0.00599
5	0.01394	0.01327	0.02253	0.67299	0.04831	0.01649	0.04186	0.01868	0.01447	0.01868	0.01283	0.01924	0.00973	0.00747	0.00803	0.00246	0.04112	0.00653	0.00324	0.00813
6	0.01871	0.02075	0.02399	0.02018	0.02183	0.18704	0.08289	0.02084	0.01401	0.01816	0.01048	0.01562	0.00965	0.01080	0.01816	0.00279	0.48629	0.00619	0.00337	0.00826
7	0.01590	0.01590	0.02226	0.01908	0.01908	0.02226	0.01590	0.01749	0.01113	0.01749	0.00954	0.01590	0.00954	0.01272	0.02385	0.00318	0.73123	0.00636	0.00318	0.00795
8	0.01429	0.01398	0.02481	0.60275	0.04723	0.01669	0.11258	0.01920	0.01478	0.01920	0.01305	0.01929	0.00987	0.00730	0.00805	0.00245	0.03610	0.00676	0.00329	0.00832
9	0.01902	0.68863	0.09476	0.01314	0.01974	0.02776	0.01366	0.02187	0.01482	0.01760	0.01035	0.01197	0.00932	0.00628	0.00485	0.00162	0.00803	0.00401	0.00311	0.00945
10	0.79588	0.01406	0.01068	0.00956	0.01406	0.01631	0.00787	0.02137	0.01237	0.03261	0.01012	0.01181	0.00787	0.00675	0.00450	0.00225	0.00562	0.00394	0.00450	0.00787
11	0.01029	0.00743	0.00972	0.00914	0.01086	0.00686	0.00686	0.01372	0.02058	0.02915	0.69536	0.05430	0.06859	0.01486	0.00857	0.00229	0.00343	0.01315	0.00800	0.00686
12	0.01846	0.01581	0.01665	0.01487	0.01905	0.01826	0.01160	0.06422	0.65984	0.03103	0.02910	0.02673	0.02179	0.00982	0.00739	0.00245	0.00584	0.00815	0.00739	0.01154
13	0.03116	0.01261	0.01668	0.01294	0.01837	0.01130	0.01064	0.05910	0.04842	0.62783	0.02812	0.02465	0.01798	0.00900	0.00723	0.00224	0.00614	0.00730	0.03617	0.01214
14	0.00884	0.00638	0.00838	0.00997	0.01050	0.00592	0.00668	0.01014	0.01406	0.01862	0.04190	0.70323	0.08346	0.02254	0.00924	0.00292	0.00419	0.02037	0.00675	0.00592
15	0.03127	0.01320	0.01725	0.01328	0.01880	0.01203	0.01095	0.11403	0.02246	0.60048	0.04909	0.02480	0.01895	0.00916	0.00735	0.00224	0.00632	0.00741	0.00875	0.01219
16	0.00895	0.00657	0.00844	0.00988	0.01065	0.00605	0.00681	0.01040	0.01443	0.01886	0.04475	0.61380	0.13975	0.02203	0.00922	0.00290	0.00426	0.04954	0.00675	0.00597
17	0.02725	0.02017	0.02160	0.01665	0.02240	0.02236	0.01372	0.64936	0.06040	0.04519	0.01794	0.01784	0.01276	0.00877	0.00728	0.00219	0.00791	0.00661	0.00728	0.01233
18	0.01612	0.01506	0.01770	0.01304	0.01915	0.06135	0.05665	0.01940	0.01548	0.02302	0.01281	0.01528	0.01064	0.00584	0.00634	0.00131	0.03172	0.00471	0.00418	0.65019
19	0.02578	0.16172	0.02371	0.01761	0.02179	0.59321	0.01376	0.02773	0.01956	0.01767	0.01103	0.01285	0.00936	0.00726	0.00622	0.00182	0.01216	0.00454	0.00363	0.00859
20	0.02546	0.01817	0.01990	0.01557	0.02066	0.01995	0.01268	0.55181	0.03031	0.07254	0.01851	0.02069	0.01402	0.06371	0.05891	0.00319	0.00865	0.00695	0.00691	0.01139
21	0.01966	0.01603	0.01705	0.01494	0.01930	0.01832	0.01174	0.10977	0.58961	0.05589	0.02819	0.02595	0.02094	0.00970	0.00738	0.00243	0.00602	0.00800	0.00744	0.01163
22	0.01296	0.00680	0.00700	0.00706	0.00847	0.00678	0.00505	0.01579	0.01454	0.02496	0.02422	0.05693	0.02084	0.11211	0.00971	0.00249	0.00393	0.00783	0.64613	0.00641
23	0.00886	0.00633	0.00843	0.01012	0.01054	0.00590	0.00675	0.01012	0.01392	0.01856	0.04006	0.73979	0.04808	0.02277	0.00928	0.00295	0.00422	0.02066	0.00675	0.00590
24	0.03247	0.01261	0.01702	0.01305	0.01867	0.01103	0.01078	0.05434	0.02120	0.68475	0.02835	0.02453	0.01783	0.00899	0.00731	0.00225	0.00624	0.00729	0.00895	0.01237
25	0.02763	0.02036	0.02182	0.01672	0.02254	0.02254	0.01382	0.67496	0.03418	0.04581	0.01745	0.01745	0.01236	0.00873	0.00727	0.00218	0.00800	0.00654	0.00727	0.01236
26	0.75829	0.01397	0.01099	0.00973	0.01428	0.01603	0.00801	0.02206	0.01279	0.06569	0.01104	0.01245	0.00837	0.00686	0.00464	0.00225	0.00565	0.00410	0.00472	0.00809
27	0.02763	0.02036	0.02182	0.01672	0.02254	0.02254	0.01382	0.67496	0.03418	0.04581	0.01745	0.01745	0.01236	0.00873	0.00727	0.00218	0.00800	0.00654	0.00727	0.01236
28	0.00995	0.00896	0.03191	0.00871	0.01144	0.00737	0.00704	0.03880	0.01782	0.02226	0.15577	0.06428	0.52790	0.01720	0.00854	0.00245	0.00419	0.04192	0.00682	0.00667
29	0.01943	0.74891	0.03809	0.01244	0.01866	0.02876	0.01244	0.02177	0.01477	0.01710	0.01011	0.01166	0.00933	0.00622	0.00466	0.00155	0.00777	0.00389	0.00311	0.00933
30	0.01546	0.01530	0.02217	0.16209	0.02534	0.02103	0.01677	0.01771	0.01182	0.01771	0.01022	0.01661	0.00957	0.01162	0.02050	0.00303	0.58549	0.00638	0.00319	0.00798
31	0.02461	0.01768	0.01885	0.01485	0.01984	0.01949	0.01214	0.52315	0.06640	0.04164	0.01923	0.01970	0.01401	0.00874	0.00689	0.00211	0.00706	0.00668	0.14562	0.01132
32	0.01029	0.00743	0.00972	0.00914	0.01086	0.00686	0.00686	0.01372	0.02058	0.02915	0.69536	0.05430	0.06859	0.01486	0.00857	0.00229	0.00343	0.01315	0.00800	0.00686
33	0.01799	0.01727	0.02950	0.04462	0.69919	0.01727	0.02231	0.02231	0.01655	0.02375	0.01367	0.01799	0.01151	0.00648	0.00720	0.00216	0.00864	0.00648	0.00360	0.01151
34	0.00886	0.00633	0.00843	0.01012	0.01054	0.00590	0.00675	0.01012	0.01392	0.01856	0.04006	0.73979	0.04808	0.02277	0.00928	0.00295	0.00422	0.02066	0.00675	0.00590
35	0.01038	0.00779	0.01168	0.01168	0.01298	0.00909	0.00909	0.01298	0.01168	0.01687	0.01947	0.02856	0.01817	0.05452	0.71573	0.01168	0.01947	0.00779	0.00389	0.00649
36	0.01799	0.01727	0.02950	0.04462	0.69919	0.01727	0.02231	0.02231	0.01655	0.02375	0.01367	0.01799	0.01151	0.00648	0.00720	0.00216	0.00864	0.00648	0.00360	0.01151
37	0.01057	0.00705	0.00793	0.00793	0.00793	0.00705	0.00440	0.01057	0.01057	0.01409	0.02290	0.04757	0.02643	0.74454	0.03700	0.00705	0.00705	0.01057	0.00440	0.00440
38	0.01507	0.01292	0.01507	0.01077	0.01723	0.00969	0.00861	0.01830	0.01507	0.02369	0.01292	0.01507	0.01077	0.00538	0.00538	0.00108	0.00538	0.00431	0.00431	0.78898
39	0.48989	0.01601	0.01478	0.01215	0.01716	0.01796	0.01002	0.23726	0.02013	0.08393	0.01383	0.01457	0.01006	0.00756	0.00561	0.00223	0.00644	0.00503	0.00572	0.00966
40	0.76681	0.01377	0.01064	0.00956	0.01389	0.01594	0.00781	0.02093	0.01226	0.03187	0.01021	0.01219	0.00805	0.00743	0.00539	0.03143	0.00565	0.00402	0.00445	0.00770
41	0.01516	0.12222	0.62731	0.01973	0.02994	0.01829	0.02514	0.02287	0.01528	0.02232	0.01270	0.01491	0.00922	0.00682	0.00664	0.00221	0.01039	0.00519	0.00307	0.01057
42	0.01057	0.00705	0.00793	0.00793	0.00793	0.00705	0.00440	0.01057	0.01057	0.01409	0.02290	0.04757	0.02643	0.74454	0.03700	0.00705	0.00705	0.01057	0.00440	0.00440
43	0.01597	0.08003	0.39003	0.02417	0.03322	0.01832	0.28858	0.02304	0.01604	0.02271	0.01351	0.01682	0.00996	0.00654	0.00743	0.00231	0.01115	0.00657	0.00332	0.01026
44	0.01900	0.01683	0.01740	0.05996	0.02132	0.05635	0.01236	0.08352	0.55966	0.03010	0.02665	0.02516	0.01998	0.00949	0.00733	0.00241	0.00657	0.00779	0.00693	0.01118
45	0.02715	0.03464	0.02060	0.01873	0.02247	0.71536	0.01404	0.02903	0.02060	0.01779	0.01124	0.01311	0.00936	0.00749	0.00655	0.00187	0.01311	0.00468	0.00375	0.00843
46	0.00878	0.00737	0.00763	0.00757	0.00994	0.00622	0.00568	0.01081	0.01703	0.02072	0.14464	0.06817	0.62456	0.01800	0.00859	0.00244	0.00365	0.01509	0.00689	0.00622
47	0.01808	0.01561	0.01644	0.01479	0.01890	0.01808	0.01151	0.03863	0.68606	0.03041	0.02959	0.02712	0.02219	0.00986	0.00740	0.00247	0.00575	0.00822	0.00740	0.01151
48	0.01373	0.01292	0.02180	0.72707	0.05006	0.01615	0.02019	0.01857	0.01453	0.01857	0.01292	0.01938	0.00969	0.00727	0.00727	0.00242	0.00969	0.00646	0.00323	0.00807
49	0.01057	0.00705	0.00793	0.00793	0.00793	0.00705	0.00440	0.01057	0.01057	0.01409	0.02290	0.04757	0.02643	0.74454	0.03700	0.00705	0.00705	0.01057	0.00440	0.00440
50	0.01808	0.01561	0.01644	0.01479	0.01890	0.01808	0.01151	0.03863	0.68606	0.03041	0.02959	0.02712	0.02219	0.00986	0.00740	0.00247	0.00575	0.00822	0.00740	0.01151
51	0.00886	0.00633	0.00843	0.01012	0.01054	0.00590	0.00675	0.01012	0.01392	0.01856	0.04006	0.73979	0.04808	0.02277	0.00928	0.00295	0.00422	0.02066	0.00675	0.00590
52	0.01507	0.01292	0.01507	0.01077	0.01723	0.00969	0.00861	0.01830	0.01507	0.02369	0.01292	0.01507	0.01077	0.00538	0.00538	0.00108	0.00538	0.00431	0.00431	0.78898
53	0.00859	0.00736	0.00736	0.00736	0.00982	0.00614	0.00552	0.01043	0.01657	0.01964	0.07364	0.06996	0.69624	0.01841	0.00859	0.00245	0.00368	0.01534	0.00675	0.00614
54	0.01373	0.01292	0.02180	0.72707	0.05006	0.01615	0.02019	0.01857	0.01453	0.01857	0.01292	0.01938	0.00969	0.00727	0.00727	0.00242	0.00969	0.00646	0.00323	0.00807
55	0.02139	0.01205	0.01465	0.01232	0.01630	0.01193	0.00977	0.09103	0.15401	0.27120	0.21082	0.05701	0.06241	0.01158	0.00778	0.00233	0.00536	0.00977	0.00807	0.01023
56	0.00891	0.00641	0.00845	0.00999	0.01053	0.00595	0.00671	0.01028	0.01428	0.01903	0.06828	0.68847	0.07119	0.02230	0.00923	0.00291	0.00417	0.02017	0.00680	0.00595
57	0.06466	0.01339	0.01709	0.01325	0.01878	0.01245	0.01092	0.10033	0.04928	0.57991	0.02676	0.02353	0.01715	0.00891	0.00719	0.00225	0.00633	0.00712	0.00856	0.01214
58	0.01057	0.00705	0.00793	0.00793	0.00793	0.00705	0.00440	0.01057	0.01057	0.01409	0.02290	0.04757	0.02643	0.74454	0.03700	0.00705	0.00705	0.01057	0.00440	0.00440
59	0.02715	0.03464	0.02060	0.01873	0.02247	0.71536	0.01404	0.02903	0.02060	0.01779	0.01124	0.01311	0.00936	0.00749	0.00655	0.00187	0.01311	0.00468	0.00375	0.00843
60	0.15562	0.01592	0.02478	0.16018	0.46145	0.01690	0.01936	0.02147	0.01545	0.02440	0.01291	0.01714	0.01054	0.00667	0.00673	0.00222	0.00829	0.00602	0.00369	0.01025
61	0.02640	0.01957	0.02140	0.01728	0.04327	0.02156	0.01374	0.62165	0.03262	0.04377	0.01845	0.05305	0.01409	0.00935	0.00737	0.00222	0.00783	0.00724	0.00713	0.01202
62	0.79588	0.01406	0.01068	0.00956	0.01406	0.01631	0.00787	0.02137	0.01237	0.03261	0.01012	0.01181	0.00787	0.00675	0.00450	0.00225	0.00562	0.00394	0.00450	0.00787
63	0.02409	0.01860	0.01982	0.01601	0.02119	0.02089	0.01296	0.43881	0.27609	0.04010	0.02195	0.02104	0.01601	0.00915	0.00732	0.00229	0.00717	0.00717	0.00732	0.01204
64	0.01030	0.00751	0.01000	0.01147	0.01280	0.00721	0.00917	0.01272	0.01571	0.02035	0.04344	0.31500	0.12580	0.02083	0.00959	0.00309	0.00543	0.34651	0.00672	0.00634
65	0.00895	0.00640	0.00852	0.01006	0.01056	0.00596	0.00675	0.01035	0.01434	0.01922	0.08129	0.69667	0.04937	0.02228	0.00923	0.00291	0.00417	0.02019	0.00683	0.00596
66	0.03261	0.01237	0.01687	0.01293	0.01856	0.01068	0.01068	0.03543	0.02081	0.70423	0.02868	0.02474	0.01799	0.00900	0.00731	0.00225	0.00619	0.00731	0.00900	0.01237
67	0.03261	0.01237	0.01687	0.01293	0.01856	0.01068	0.01068	0.03543	0.02081	0.70423	0.02868	0.02474	0.01799	0.00900	0.00731	0.00225	0.00619	0.00731	0.00900	0.01237
68	0.12543	0.01258	0.01612	0.01252	0.01801	0.01137	0.01034	0.03372	0.01978	0.62256	0.02642	0.02317	0.01676	0.00872	0.00697	0.00225	0.00612	0.00690	0.00845	0.01182
69	0.79588	0.01406	0.01068	0.00956	0.01406	0.01631	0.00787	0.02137	0.01237	0.03261	0.01012	0.01181	0.00787	0.00675	0.00450	0.00225	0.00562	0.00394	0.00450	0.00787
70	0.01943	0.74891	0.03809	0.01244	0.01866	0.02876	0.01244	0.02177	0.01477	0.01710	0.01011	0.01166	0.00933	0.00622	0.00466	0.00155	0.00777	0.00389	0.00311	0.00933
71	0.01943	0.74891	0.03809	0.01244	0.01866	0.02876	0.01244	0.02177	0.01477	0.01710	0.01011	0.01166	0.00933	0.00622	0.00466	0.00155	0.00777	0.00389	0.00311	0.00933
72	0.01518	0.12631	0.62347	0.01969	0.02986	0.01836	0.02506	0.02286	0.01527	0.02228	0.01268	0.01489	0.00922	0.00682	0.00663	0.00221	0.01037	0.00519	0.00307	0.01057
73	0.79588	0.01406	0.01068	0.00956	0.01406	0.01631	0.00787	0.02137	0.01237	0.03261	0.01012	0.01181	0.00787	0.00675	0.00450	0.00225	0.00562	0.00394	0.00450	0.00787
74	0.00859	0.00736	0.00736	0.00736	0.00982	0.00614	0.00552	0.01043	0.01657	0.01964	0.07364	0.06996	0.69624	0.01841	0.00859	0.00245	0.00368	0.01534	0.00675	0.00614
75	0.01799	0.01727	0.02950	0.04462	0.69919	0.01727	0.02231	0.02231	0.01655	0.02375	0.01367	0.01799	0.01151	0.00648	0.00720	0.00216	0.00864	0.00648	0.00360	0.01151
76	0.00886	0.00633	0.00843	0.01012	0.01054	0.00590	0.00675	0.01012	0.01392	0.01856	0.04006	0.73979	0.04808	0.02277	0.00928	0.00295	0.00422	0.02066	0.00675	0.00590
77	0.00873	0.00737	0.00756	0.00751	0.00991	0.00620	0.00564	0.01071	0.01691	0.02044	0.12632	0.06863	0.64306	0.01811	0.00859	0.00244	0.00366	0.01516	0.00686	0.00620
78	0.02715	0.03464	0.02060	0.01873	0.02247	0.71536	0.01404	0.02903	0.02060	0.01779	0.01124	0.01311	0.00936	0.00749	0.00655	0.00187	0.01311	0.00468	0.00375	0.00843
79	0.01808	0.01561	0.01644	0.01479	0.01890	0.01808	0.01151	0.03863	0.68606	0.03041	0.02959	0.02712	0.02219	0.00986	0.00740	0.00247	0.00575	0.00822	0.00740	0.01151
80	0.00929	0.00732	0.00796	0.00784	0.00972	0.00644	0.00562	0.01115	0.01640	0.02071	0.19649	0.06284	0.44974	0.14101	0.01341	0.00320	0.00420	0.01407	0.00662	0.00599
81	0.01943	0.74891	0.03809	0.01244	0.01866	0.02876	0.01244	0.02177	0.01477	0.01710	0.01011	0.01166	0.00933	0.00622	0.00466	0.00155	0.00777	0.00389	0.00311	0.00933
82	0.75421	0.01397	0.01102	0.00974	0.01430	0.01600	0.00803	0.02213	0.01283	0.06928	0.01113	0.01251	0.00842	0.00687	0.00465	0.00225	0.00565	0.00412	0.00474	0.00812
83	0.02567	0.01938	0.02071	0.01633	0.02179	0.02162	0.01334	0.54396	0.16838	0.04264	0.01995	0.01944	0.01438	0.00896	0.00730	0.00224	0.00754	0.00689	0.00730	0.01219
84	0.00872	0.00737	0.00754	0.00750	0.00990	0.00619	0.00562	0.01068	0.01687	0.02036	0.12104	0.06876	0.64839	0.01814	0.00859	0.00244	0.00366	0.01517	0.00685	0.00619
85	0.02634	0.01204	0.01560	0.01251	0.01708	0.01121	0.01009	0.08200	0.06313	0.45464	0.14565	0.02943	0.02654	0.01087	0.00858	0.04099	0.00582	0.00829	0.00829	0.01088
86	0.01393	0.01312	0.02216	0.69495	0.08062	0.01620	0.02029	0.01875	0.01463	0.01882	0.01296	0.01931	0.00978	0.00723	0.00726	0.00241	0.00964	0.00646	0.00325	0.00824
87	0.01012	0.00737	0.00952	0.00910	0.01079	0.00677	0.00678	0.01336	0.02003	0.02811	0.62914	0.08891	0.10184	0.01544	0.00861	0.00233	0.00348	0.01364	0.00787	0.00677
88	0.00886	0.00633	0.00843	0.01012	0.01054	0.00590	0.00675	0.01012	0.01392	0.01856	0.04006	0.73979	0.04808	0.02277	0.00928	0.00295	0.00422	0.02066	0.00675	0.00590
89	0.01799	0.01727	0.02950	0.04462	0.69919	0.01727	0.02231	0.02231	0.01655	0.02375	0.01367	0.01799	0.01151	0.00648	0.00720	0.00216	0.00864	0.00648	0.00360	0.01151
90	0.75996	0.01398	0.01097	0.00972	0.01427	0.01604	0.00800	0.02203	0.01277	0.06422	0.01099	0.01242	0.00835	0.00685	0.00463	0.00225	0.00565	0.00409	0.00471	0.00808
91	0.01590	0.01590	0.02226	0.01908	0.01908	0.02226	0.01590	0.01749	0.01113	0.01749	0.00954	0.01590	0.00954	0.01272	0.02385	0.00318	0.73123	0.00636	0.00318	0.00795
92	0.01655	0.01580	0.02691	0.27472	0.48032	0.01689	0.02159	0.02105	0.01587	0.02200	0.01342	0.01846	0.01090	0.00674	0.00722	0.00225	0.00899	0.00647	0.00347	0.01035
93	0.77063	0.01482	0.03318	0.00992	0.01462	0.01633	0.00849	0.02142	0.01247	0.03230	0.01022	0.01192	0.00792	0.00675	0.00458	0.00225	0.00579	0.00398	0.00445	0.00797
94	0.02213	0.01663	0.01853	0.01385	0.01995	0.01617	0.01131	0.34813	0.02490	0.06434	0.01588	0.01669	0.01188	0.00722	0.00641	0.00168	0.00673	0.00556	0.00600	0.36603
95	0.00983	0.00741	0.00908	0.00867	0.01058	0.00666	0.00650	0.01283	0.01950	0.02659	0.52833	0.05850	0.23721	0.01581	0.00858	0.00233	0.00350	0.01374	0.00767	0.00666
96	0.01808	0.01561	0.01644	0.01479	0.01890	0.01808	0.01151	0.03863	0.68606	0.03041	0.02959	0.02712	0.02219	0.00986	0.00740	0.00247	0.00575	0.00822	0.00740	0.01151
97	0.66364	0.01514	0.01260	0.01079	0.01552	0.01738	0.00890	0.13387	0.01612	0.03489	0.01138	0.01278	0.00865	0.00709	0.00498	0.00224	0.00603	0.00439	0.00498	0.00865
98	0.00880	0.00655	0.00821	0.00953	0.01039	0.00595	0.00649	0.01019	0.01448	0.01879	0.04725	0.59641	0.18682	0.02184	0.00913	0.00285	0.00410	0.01953	0.00675	0.00595
99	0.08798	0.14414	0.02055	0.01288	0.01854	0.01523	0.01102	0.08068	0.02011	0.48067	0.02311	0.02087	0.01525	0.00831	0.00662	0.00212	0.00656	0.00639	0.00748	0.01149
100	0.01057	0.00705	0.00793	0.00793	0.00793	0.00705	0.00440	0.01057	0.01057	0.01409	0.02290	0.04757	0.02643	0.74454	0.03700	0.00705	0.00705	0.01057	0.00440	0.00440
101	0.01960	0.61983	0.03516	0.01359	0.01897	0.07677	0.01292	0.02182	0.01479	0.01719	0.01013	0.01222	0.00935	0.00700	0.00685	0.00175	0.08554	0.00421	0.00316	0.00912
102	0.01507	0.01292	0.01507	0.01077	0.01723	0.00969	0.00861	0.01830	0.01507	0.02369	0.01292	0.01507	0.01077	0.00538	0.00538	0.00108	0.00538	0.00431	0.00431	0.78898
103	0.02364	0.02826	0.02429	0.02682	0.21971	0.45651	0.04751	0.02642	0.01894	0.01977	0.01205	0.01493	0.01007	0.00731	0.00742	0.00203	0.03582	0.00544	0.00368	0.00937
104	0.44209	0.01774	0.01574	0.01297	0.01796	0.05700	0.01062	0.28708	0.02167	0.03716	0.01316	0.01417	0.00978	0.00759	0.00574	0.00220	0.00700	0.00504	0.00558	0.00972
105	0.01547	0.03636	0.67289	0.02033	0.03083	0.01658	0.02606	0.02363	0.01562	0.05657	0.01381	0.01581	0.00964	0.00701	0.00693	0.00230	0.01052	0.00547	0.00336	0.01082
106	0.01011	0.00753	0.01110	0.01140	0.01255	0.00852	0.00867	0.01247	0.01208	0.01717	0.02313	0.15509	0.02349	0.04887	0.59005	0.01013	0.01676	0.01008	0.00440	0.00639
107	0.00911	0.00651	0.00872	0.01041	0.01094	0.00612	0.00719	0.01056	0.01417	0.01884	0.03992	0.68167	0.04753	0.02254	0.00935	0.00299	0.00444	0.07630	0.00674	0.00597
108	0.03261	0.01237	0.01687	0.01293	0.01856	0.01068	0.01068	0.03543	0.02081	0.70423	0.02868	0.02474	0.01799	0.00900	0.00731	0.00225	0.00619	0.00731	0.00900	0.01237
109	0.02763	0.02036	0.02182	0.01672	0.02254	0.02254	0.01382	0.67496	0.03418	0.04581	0.01745	0.01745	0.01236	0.00873	0.00727	0.00218	0.00800	0.00654	0.00727	0.01236
110	0.01024	0.00742	0.00910	0.00928	0.01108	0.00669	0.00697	0.01271	0.01762	0.04293	0.28581	0.19700	0.26123	0.01788	0.00882	0.00257	0.00405	0.07475	0.00726	0.00658
111	0.01943	0.74891	0.03809	0.01244	0.01866	0.02876	0.01244	0.02177	0.01477	0.01710	0.01011	0.01166	0.00933	0.00622	0.00466	0.00155	0.00777	0.00389	0.00311	0.00933
112	0.02643	0.01976	0.02114	0.01648	0.02208	0.02198	0.01352	0.59458	0.11652	0.04387	0.01898	0.01867	0.01360	0.00887	0.00729	0.00222	0.00772	0.00676	0.00729	0.01225
113	0.01367	0.01235	0.01261	0.01290	0.05122	0.06089	0.00908	0.02134	0.22264	0.02295	0.06764	0.07481	0.27915	0.07424	0.01041	0.00282	0.00564	0.03108	0.00641	0.00814
114	0.79588	0.01406	0.01068	0.00956	0.01406	0.01631	0.00787	0.02137	0.01237	0.03261	0.01012	0.01181	0.00787	0.00675	0.00450	0.00225	0.00562	0.00394	0.00450	0.00787
115	0.01808	0.01561	0.01644	0.01479	0.01890	0.01808	0.01151	0.03863	0.68606	0.03041	0.02959	0.02712	0.02219	0.00986	0.00740	0.00247	0.00575	0.00822	0.00740	0.01151
116	0.01022	0.00738	0.00965	0.00919	0.01084	0.00681	0.00685	0.01354	0.02025	0.02863	0.66308	0.08806	0.06758	0.01525	0.00861	0.00232	0.00347	0.01352	0.00794	0.00681
117	0.00926	0.00736	0.00842	0.00898	0.01091	0.00652	0.00688	0.01134	0.01632	0.02028	0.09220	0.19044	0.43680	0.01930	0.00896	0.00269	0.00429	0.12603	0.00680	0.00623
118	0.01095	0.00823	0.01076	0.01033	0.01185	0.00859	0.02999	0.01310	0.01387	0.01959	0.03597	0.13385	0.19170	0.09921	0.17424	0.00503	0.06103	0.01142	0.14392	0.00638
119	0.01263	0.00631	0.00947	0.00947	0.00947	0.00631	0.00631	0.00947	0.00947	0.01263	0.01263	0.02210	0.01263	0.02525	0.02841	0.78851	0.00631	0.00631	0.00316	0.00316
120	0.01458	0.03760	0.70688	0.02072	0.03146	0.01688	0.02686	0.02302	0.01535	0.02302	0.01304	0.01535	0.00921	0.00691	0.00691	0.00230	0.01074	0.00537	0.00307	0.01074
121	0.00886	0.00633	0.00843	0.01012	0.01054	0.00590	0.00675	0.01012	0.01392	0.01856	0.04006	0.73979	0.04808	0.02277	0.00928	0.00295	0.00422	0.02066	0.00675	0.00590
122	0.01699	0.01912	0.04018	0.02912	0.03550	0.01889	0.58631	0.02252	0.01636	0.02252	0.01403	0.01912	0.01083	0.00700	0.01059	0.00255	0.10692	0.00829	0.00361	0.00956
123	0.02755	0.02291	0.02160	0.01708	0.02253	0.14604	0.01386	0.55981	0.03176	0.04082	0.01634	0.01668	0.01183	0.00851	0.00714	0.00213	0.00891	0.00621	0.00664	0.01166

[dist]
# distance from previous block
# <min> <max>
0	1

[block]
# block no. 3 follows, 28 sequences, length 147
# corresponding to MSA columns:
# 182-328
name=unknown_D
#
# <colnr> <probs for GDERKNQSTAVLIFYWHMCP>
#	G	D	E	R	K	N	Q	S	T	A	V	L	I	F	Y	W	H	M	C	P
0	0.79588	0.01406	0.01068	0.00956	0.01406	0.01631	0.00787	0.02137	0.01237	0.03261	0.01012	0.01181	0.00787	0.00675	0.00450	0.00225	0.00562	0.00394	0.00450	0.00787
1	0.04010	0.01750	0.01831	0.10340	0.13256	0.14577	0.01353	0.07600	0.12825	0.04641	0.05258	0.02993	0.14501	0.01016	0.00737	0.00225	0.00778	0.00831	0.00546	0.00933
2	0.01444	0.01255	0.03195	0.01206	0.01527	0.03632	0.00968	0.02415	0.27289	0.04767	0.20629	0.04570	0.16499	0.01339	0.00809	0.00245	0.00525	0.06089	0.00717	0.00881
3	0.01333	0.00943	0.01103	0.01073	0.01291	0.00921	0.00791	0.13098	0.01880	0.05616	0.07077	0.38637	0.19768	0.01822	0.00863	0.00263	0.00483	0.01591	0.00700	0.00746
4	0.01460	0.01388	0.01932	0.01691	0.01708	0.01888	0.01377	0.01615	0.01115	0.01705	0.01229	0.02096	0.01249	0.09594	0.11807	0.00473	0.55894	0.00700	0.00341	0.00738
5	0.01883	0.01882	0.01614	0.01466	0.01825	0.18954	0.01123	0.03147	0.39579	0.02673	0.13019	0.02920	0.04722	0.01032	0.00741	0.00229	0.00716	0.00833	0.00656	0.00985
6	0.00886	0.00633	0.00843	0.01012	0.01054	0.00590	0.00675	0.01012	0.01392	0.01856	0.04006	0.73979	0.04808	0.02277	0.00928	0.00295	0.00422	0.02066	0.00675	0.00590
7	0.01790	0.01737	0.02780	0.04112	0.62343	0.04001	0.02094	0.02259	0.04005	0.02361	0.01672	0.02037	0.04116	0.00714	0.00724	0.00217	0.00847	0.00686	0.00387	0.01118
8	0.59787	0.01544	0.01306	0.06140	0.01785	0.06176	0.00961	0.04897	0.01462	0.08556	0.01219	0.01370	0.00910	0.00709	0.00517	0.00223	0.00654	0.00454	0.00483	0.00847
9	0.00942	0.00732	0.00856	0.00842	0.01037	0.00646	0.00625	0.01197	0.01827	0.02407	0.36598	0.11390	0.34880	0.01706	0.00864	0.00241	0.00360	0.01471	0.00734	0.00646
10	0.03229	0.01289	0.01719	0.01318	0.01882	0.01146	0.01089	0.07720	0.02168	0.66122	0.02794	0.02427	0.01763	0.00898	0.00731	0.00224	0.00630	0.00726	0.00888	0.01237
11	0.01513	0.01311	0.01554	0.01131	0.01735	0.01051	0.00909	0.01825	0.01482	0.02328	0.01270	0.01513	0.01069	0.00586	0.00659	0.00121	0.05280	0.00444	0.00423	0.73795
12	0.02125	0.38246	0.02799	0.01426	0.01904	0.21995	0.01237	0.05368	0.01807	0.04102	0.08972	0.01775	0.01653	0.00797	0.00644	0.00183	0.03097	0.00548	0.00423	0.00898
13	0.01750	0.01511	0.01520	0.01358	0.01746	0.04497	0.01057	0.08786	0.46469	0.02925	0.03519	0.03310	0.13713	0.01110	0.00748	0.00239	0.00582	0.00911	0.03211	0.01037
14	0.59097	0.03658	0.01282	0.01039	0.01500	0.01619	0.00857	0.08409	0.01532	0.03259	0.05951	0.01557	0.01284	0.00741	0.00512	0.00215	0.00575	0.00486	0.00496	0.05931
15	0.02032	0.01490	0.01639	0.01340	0.01722	0.01586	0.01037	0.38760	0.02498	0.03374	0.04471	0.10949	0.02144	0.16944	0.01385	0.00325	0.00702	0.00915	0.00642	0.06043
16	0.02048	0.58722	0.03387	0.01321	0.01902	0.07506	0.01246	0.09370	0.01756	0.02082	0.04036	0.01423	0.01220	0.00695	0.00525	0.00168	0.00798	0.00463	0.00382	0.00949
17	0.01365	0.01148	0.01233	0.03750	0.01499	0.04374	0.00871	0.02095	0.21518	0.02230	0.07987	0.12673	0.07544	0.19059	0.01495	0.00356	0.00607	0.04310	0.00605	0.05279
18	0.02661	0.01985	0.02124	0.01652	0.02215	0.02207	0.01357	0.60699	0.10381	0.04417	0.01875	0.01848	0.01341	0.00885	0.00728	0.00221	0.00776	0.00672	0.00728	0.01227
19	0.01559	0.01083	0.01234	0.01084	0.01393	0.01083	0.00837	0.10955	0.11613	0.09492	0.24067	0.04596	0.20589	0.05944	0.00989	0.00264	0.00496	0.01135	0.00737	0.00849
20	0.01091	0.00805	0.01052	0.01141	0.01302	0.00787	0.00915	0.01463	0.05218	0.02295	0.18079	0.20860	0.09937	0.01886	0.00932	0.00292	0.00520	0.30047	0.00702	0.00677
21	0.02718	0.03371	0.02068	0.01860	0.02248	0.67010	0.01403	0.07122	0.02149	0.01962	0.01164	0.01339	0.00956	0.00757	0.00660	0.00189	0.01277	0.00480	0.00398	0.00868
22	0.01290	0.00813	0.00984	0.00900	0.01158	0.00714	0.00689	0.01561	0.01903	0.12455	0.35246	0.05613	0.30848	0.01540	0.00839	0.00235	0.00393	0.01315	0.00765	0.00738
23	0.00957	0.00706	0.00911	0.00984	0.01104	0.00637	0.00684	0.01144	0.01548	0.02112	0.17315	0.51838	0.07991	0.01974	0.00883	0.00266	0.00411	0.01774	0.00683	0.06076
24	0.07941	0.01682	0.02025	0.14332	0.02599	0.01865	0.04427	0.38557	0.02579	0.06432	0.01708	0.01877	0.01236	0.00818	0.00691	0.00220	0.00778	0.00649	0.08526	0.01058
25	0.01263	0.00631	0.00947	0.00947	0.00947	0.00631	0.00631	0.00947	0.00947	0.01263	0.01263	0.02210	0.01263	0.02525	0.02841	0.78851	0.00631	0.00631	0.00316	0.00316
26	0.02763	0.02036	0.02182	0.01672	0.02254	0.02254	0.01382	0.67496	0.03418	0.04581	0.01745	0.01745	0.01236	0.00873	0.00727	0.00218	0.00800	0.00654	0.00727	0.01236
27	0.01507	0.01292	0.01507	0.01077	0.01723	0.00969	0.00861	0.01830	0.01507	0.02369	0.01292	0.01507	0.01077	0.00538	0.00538	0.00108	0.00538	0.00431	0.00431	0.78898
28	0.01970	0.72399	0.03748	0.01266	0.01879	0.05272	0.01249	0.02202	0.01497	0.01713	0.01015	0.01171	0.00933	0.00626	0.00473	0.00157	0.00796	0.00391	0.00313	0.00930
29	0.79588	0.01406	0.01068	0.00956	0.01406	0.01631	0.00787	0.02137	0.01237	0.03261	0.01012	0.01181	0.00787	0.00675	0.00450	0.00225	0.00562	0.00394	0.00450	0.00787
30	0.01529	0.07630	0.48288	0.15961	0.05642	0.04299	0.02403	0.02226	0.01538	0.02161	0.01279	0.01592	0.00939	0.00694	0.00683	0.00226	0.01037	0.00550	0.00315	0.01007
31	0.01387	0.01145	0.01339	0.01378	0.04022	0.01242	0.01022	0.02446	0.32021	0.02466	0.03674	0.17910	0.10364	0.01702	0.04399	0.00315	0.00617	0.10990	0.00678	0.00883
32	0.00886	0.00633	0.00843	0.01012	0.01054	0.00590	0.00675	0.01012	0.01392	0.01856	0.04006	0.73979	0.04808	0.02277	0.00928	0.00295	0.00422	0.02066	0.00675	0.00590
33	0.03236	0.01277	0.01712	0.01312	0.01876	0.01128	0.01084	0.06766	0.02148	0.67104	0.02811	0.02437	0.01771	0.00898	0.00731	0.00225	0.00628	0.00727	0.00891	0.01237
34	0.01016	0.00743	0.00953	0.00901	0.01078	0.00680	0.00675	0.01346	0.02026	0.02841	0.64694	0.05552	0.11747	0.01514	0.00857	0.00230	0.00345	0.01332	0.00790	0.00680
35	0.01589	0.01341	0.01551	0.01116	0.01757	0.01053	0.00895	0.06120	0.01632	0.02513	0.01322	0.01523	0.01087	0.00560	0.00551	0.00115	0.00555	0.00445	0.00450	0.73824
36	0.79588	0.01406	0.01068	0.00956	0.01406	0.01631	0.00787	0.02137	0.01237	0.03261	0.01012	0.01181	0.00787	0.00675	0.00450	0.00225	0.00562	0.00394	0.00450	0.00787
37	0.00902	0.00645	0.00861	0.01018	0.01071	0.00603	0.00692	0.01047	0.01435	0.01919	0.07294	0.68350	0.04890	0.02229	0.00927	0.00293	0.00426	0.04120	0.00681	0.00598
38	0.01573	0.01497	0.02543	0.40592	0.35554	0.01668	0.02119	0.02033	0.01548	0.02101	0.01327	0.01873	0.01055	0.00690	0.00723	0.00230	0.00919	0.00647	0.00340	0.00969
39	0.02715	0.03464	0.02060	0.01873	0.02247	0.71536	0.01404	0.02903	0.02060	0.01779	0.01124	0.01311	0.00936	0.00749	0.00655	0.00187	0.01311	0.00468	0.00375	0.00843
40	0.01943	0.74891	0.03809	0.01244	0.01866	0.02876	0.01244	0.02177	0.01477	0.01710	0.01011	0.01166	0.00933	0.00622	0.00466	0.00155	0.00777	0.00389	0.00311	0.00933
41	0.01019	0.00743	0.00957	0.00904	0.01080	0.00681	0.00678	0.01352	0.02033	0.02857	0.65773	0.05525	0.10658	0.01508	0.00857	0.00230	0.00344	0.01328	0.00793	0.00681
42	0.01029	0.00743	0.00972	0.00914	0.01086	0.00686	0.00686	0.01372	0.02058	0.02915	0.69536	0.05430	0.06859	0.01486	0.00857	0.00229	0.00343	0.01315	0.00800	0.00686
43	0.01140	0.00814	0.01134	0.01293	0.01449	0.00808	0.01107	0.01455	0.01661	0.02173	0.06261	0.14223	0.04339	0.02014	0.00992	0.00327	0.00634	0.56839	0.00675	0.00663
44	0.01038	0.00779	0.01168	0.01168	0.01298	0.00909	0.00909	0.01298	0.01168	0.01687	0.01947	0.02856	0.01817	0.05452	0.71573	0.01168	0.01947	0.00779	0.00389	0.00649
45	0.01943	0.74891	0.03809	0.01244	0.01866	0.02876	0.01244	0.02177	0.01477	0.01710	0.01011	0.01166	0.00933	0.00622	0.00466	0.00155	0.00777	0.00389	0.00311	0.00933
46	0.01394	0.01314	0.02219	0.69278	0.08268	0.01621	0.02029	0.01876	0.01464	0.01883	0.01296	0.01931	0.00978	0.00723	0.00726	0.00241	0.00964	0.00646	0.00325	0.00825
47	0.01784	0.61561	0.03267	0.01163	0.01673	0.02486	0.01099	0.01975	0.01402	0.01656	0.01241	0.01811	0.01240	0.13888	0.01047	0.00254	0.00764	0.00509	0.00334	0.00844
48	0.01808	0.01561	0.01644	0.01479	0.01890	0.01808	0.01151	0.03863	0.68606	0.03041	0.02959	0.02712	0.02219	0.00986	0.00740	0.00247	0.00575	0.00822	0.00740	0.01151
49	0.16976	0.01267	0.01576	0.01233	0.01775	0.01169	0.01018	0.03290	0.01929	0.58355	0.02534	0.02242	0.01618	0.00859	0.00680	0.00225	0.00608	0.00670	0.00819	0.01156
50	0.01458	0.03760	0.70688	0.02072	0.03146	0.01688	0.02686	0.02302	0.01535	0.02302	0.01304	0.01535	0.00921	0.00691	0.00691	0.00230	0.01074	0.00537	0.00307	0.01074
51	0.01784	0.01712	0.02924	0.06851	0.67646	0.01723	0.02223	0.02218	0.01648	0.02357	0.01365	0.01804	0.01145	0.00650	0.00720	0.00217	0.00867	0.00648	0.00359	0.01139
52	0.00927	0.00700	0.01017	0.01116	0.01193	0.00653	0.04032	0.01078	0.01408	0.01879	0.03879	0.70350	0.04621	0.02193	0.00924	0.00293	0.00462	0.02006	0.00659	0.00610
53	0.01048	0.00701	0.00795	0.00804	0.00806	0.00699	0.00452	0.01055	0.01074	0.01432	0.02377	0.08246	0.02752	0.70816	0.03560	0.00684	0.00690	0.01108	0.00452	0.00448
54	0.02600	0.01767	0.01950	0.01553	0.02086	0.01923	0.01264	0.39188	0.20405	0.16004	0.02268	0.02132	0.01597	0.00907	0.00731	0.00227	0.00708	0.00712	0.00761	0.01214
55	0.00886	0.00633	0.00843	0.01012	0.01054	0.00590	0.00675	0.01012	0.01392	0.01856	0.04006	0.73979	0.04808	0.02277	0.00928	0.00295	0.00422	0.02066	0.00675	0.00590
56	0.01373	0.01292	0.02180	0.72707	0.05006	0.01615	0.02019	0.01857	0.01453	0.01857	0.01292	0.01938	0.00969	0.00727	0.00727	0.00242	0.00969	0.00646	0.00323	0.00807
57	0.79588	0.01406	0.01068	0.00956	0.01406	0.01631	0.00787	0.02137	0.01237	0.03261	0.01012	0.01181	0.00787	0.00675	0.00450	0.00225	0.00562	0.00394	0.00450	0.00787
58	0.01870	0.64188	0.13872	0.01368	0.02058	0.02697	0.01461	0.02195	0.01486	0.01799	0.01055	0.01222	0.00931	0.00632	0.00500	0.00167	0.00822	0.00411	0.00310	0.00954
59	0.01590	0.01590	0.02226	0.01908	0.01908	0.02226	0.01590	0.01749	0.01113	0.01749	0.00954	0.01590	0.00954	0.01272	0.02385	0.00318	0.73123	0.00636	0.00318	0.00795
60	0.01236	0.01011	0.01123	0.01089	0.01296	0.03415	0.00802	0.01919	0.17994	0.02555	0.30177	0.19223	0.09096	0.04558	0.00955	0.00267	0.00467	0.01329	0.00721	0.00769
61	0.01651	0.02330	0.19024	0.05255	0.07026	0.01792	0.47336	0.02302	0.01663	0.02309	0.01422	0.01856	0.01060	0.00636	0.00809	0.00240	0.01165	0.00768	0.00352	0.01004
62	0.01795	0.04009	0.01658	0.01148	0.01780	0.01141	0.00934	0.06759	0.01703	0.09541	0.01477	0.01612	0.01158	0.00603	0.00569	0.00129	0.00574	0.00476	0.00496	0.62436
63	0.00889	0.00738	0.00777	0.00767	0.01000	0.00626	0.00576	0.01101	0.01727	0.02130	0.18226	0.06722	0.58659	0.01779	0.00859	0.00243	0.00364	0.01496	0.00697	0.00626
64	0.01355	0.00678	0.00678	0.00678	0.00847	0.00678	0.00508	0.01694	0.01524	0.02710	0.02371	0.02710	0.01863	0.00847	0.00508	0.00169	0.00339	0.00678	0.78489	0.00678
