[name]
unknown

[dist]
# distance from previous block
# <min> <max>
0	10

[block]
# block no. 0 follows, 29 sequences, length 39
# corresponding to MSA columns:
# 10-48
name=unknown_A
#
# <colnr> <probs for GDERKNQSTAVLIFYWHMCP>
#	G	D	E	R	K	N	Q	S	T	A	V	L	I	F	Y	W	H	M	C	P
0	0.01574	0.02141	0.25784	0.04487	0.15455	0.01481	0.01910	0.10674	0.01807	0.02512	0.02095	0.03556	0.01948	0.01081	0.00780	0.00252	0.00855	0.20173	0.00472	0.00960
1	0.06046	0.02550	0.24188	0.02795	0.28463	0.13488	0.04060	0.02259	0.01630	0.02232	0.01551	0.01820	0.04376	0.00722	0.00682	0.00214	0.00956	0.00606	0.00359	0.01003
2	0.01814	0.01789	0.02840	0.04225	0.66619	0.05726	0.02139	0.02223	0.01644	0.02293	0.01326	0.01735	0.01116	0.00640	0.00701	0.00210	0.00871	0.00624	0.00353	0.01111
3	0.02671	0.01977	0.02117	0.01631	0.02194	0.02191	0.01345	0.65667	0.05898	0.04429	0.01756	0.01746	0.01248	0.00859	0.00713	0.00215	0.00775	0.00647	0.00713	0.01208
4	0.01684	0.01545	0.02499	0.32833	0.36230	0.01698	0.02014	0.08720	0.01714	0.02334	0.01346	0.01814	0.01062	0.00689	0.00709	0.00222	0.00883	0.00634	0.00374	0.00996
5	0.00947	0.00725	0.00867	0.00832	0.01026	0.00646	0.00624	0.01225	0.01871	0.02513	0.47027	0.05883	0.30063	0.01583	0.00840	0.00230	0.00345	0.01367	0.00739	0.00646
6	0.00868	0.00620	0.00826	0.00991	0.01033	0.00578	0.00661	0.00991	0.01363	0.01818	0.03925	0.74510	0.04710	0.02231	0.00909	0.00289	0.00413	0.02024	0.00661	0.00578
7	0.00852	0.00722	0.00736	0.00733	0.00968	0.00606	0.00549	0.01043	0.01648	0.01984	0.11278	0.06754	0.66142	0.01781	0.00841	0.00239	0.00359	0.01489	0.00669	0.00606
8	0.00863	0.00722	0.00750	0.00743	0.00975	0.00610	0.00558	0.01063	0.01673	0.02041	0.15160	0.06659	0.62225	0.01759	0.00841	0.00238	0.00358	0.01476	0.00677	0.00610
9	0.80005	0.01377	0.01047	0.00936	0.01377	0.01597	0.00771	0.02093	0.01212	0.03195	0.00991	0.01157	0.00771	0.00661	0.00441	0.00220	0.00551	0.00386	0.00441	0.00771
10	0.05878	0.01105	0.01431	0.01154	0.01582	0.01009	0.00932	0.05793	0.02056	0.43710	0.23616	0.03234	0.03234	0.01049	0.00742	0.00221	0.00528	0.00876	0.00824	0.01024
11	0.01771	0.01530	0.01610	0.01449	0.01852	0.01771	0.01127	0.03784	0.69247	0.02979	0.02898	0.02657	0.02174	0.00966	0.00725	0.00242	0.00564	0.00805	0.00725	0.01127
12	0.80005	0.01377	0.01047	0.00936	0.01377	0.01597	0.00771	0.02093	0.01212	0.03195	0.00991	0.01157	0.00771	0.00661	0.00441	0.00220	0.00551	0.00386	0.00441	0.00771
13	0.01928	0.02063	0.02103	0.35642	0.07494	0.25693	0.01687	0.08103	0.01800	0.02056	0.01278	0.01698	0.01004	0.00904	0.03412	0.00250	0.01079	0.00579	0.00374	0.00854
14	0.00868	0.00620	0.00826	0.00991	0.01033	0.00578	0.00661	0.00991	0.01363	0.01818	0.03925	0.74510	0.04710	0.02231	0.00909	0.00289	0.00413	0.02024	0.00661	0.00578
15	0.80005	0.01377	0.01047	0.00936	0.01377	0.01597	0.00771	0.02093	0.01212	0.03195	0.00991	0.01157	0.00771	0.00661	0.00441	0.00220	0.00551	0.00386	0.00441	0.00771
16	0.01232	0.01044	0.01394	0.01269	0.01363	0.03502	0.03843	0.01398	0.01161	0.01640	0.01776	0.03046	0.01805	0.26592	0.27272	0.00717	0.16653	0.00812	0.02863	0.00621
17	0.01521	0.04232	0.22495	0.01848	0.02227	0.01907	0.03537	0.04272	0.01325	0.01982	0.01175	0.01668	0.01022	0.01434	0.08604	0.00359	0.38585	0.00608	0.00331	0.00869
18	0.00866	0.00625	0.00821	0.00978	0.01029	0.00579	0.00655	0.00993	0.01376	0.01823	0.04088	0.71148	0.07966	0.02210	0.00906	0.00287	0.00411	0.01998	0.00661	0.00579
19	0.02910	0.01234	0.01617	0.01276	0.01791	0.01129	0.01042	0.03423	0.11131	0.58950	0.05657	0.02577	0.02027	0.00917	0.00722	0.00223	0.00589	0.00752	0.00856	0.01178
20	0.01738	0.02057	0.11015	0.12917	0.37497	0.08704	0.08024	0.02196	0.01600	0.02158	0.01288	0.01707	0.01042	0.00686	0.00785	0.00221	0.04388	0.00622	0.00342	0.01012
21	0.02268	0.01035	0.01319	0.01095	0.01430	0.00960	0.00824	0.02569	0.06359	0.39662	0.04606	0.03316	0.02230	0.27091	0.01748	0.00388	0.00625	0.00852	0.00709	0.00914
22	0.02662	0.01972	0.02112	0.01629	0.02191	0.02187	0.01343	0.65102	0.06478	0.04416	0.01766	0.01755	0.01257	0.00860	0.00713	0.00215	0.00773	0.00649	0.00713	0.01207
23	0.00918	0.00684	0.00830	0.00936	0.01044	0.00639	0.00647	0.01145	0.04378	0.01925	0.04582	0.52948	0.19698	0.02023	0.00870	0.00271	0.00404	0.01798	0.03648	0.00611
24	0.01888	0.06288	0.18780	0.02611	0.15780	0.19359	0.17593	0.02366	0.01676	0.02095	0.01255	0.01581	0.00993	0.00685	0.00771	0.00216	0.04149	0.00601	0.00342	0.00970
25	0.01900	0.01354	0.04905	0.01253	0.01576	0.01319	0.00999	0.22868	0.01975	0.12521	0.02196	0.09081	0.02042	0.25348	0.04833	0.00421	0.03060	0.00899	0.00593	0.00856
26	0.19198	0.01427	0.01450	0.01199	0.01608	0.01559	0.00964	0.30965	0.02248	0.06504	0.01869	0.05923	0.01506	0.03276	0.00713	0.00225	0.00606	0.00682	0.17139	0.00939
27	0.01534	0.01523	0.02136	0.01838	0.01843	0.02125	0.01529	0.01694	0.01093	0.01711	0.00977	0.01612	0.00971	0.01424	0.05370	0.00348	0.70554	0.00629	0.00315	0.00773
28	0.01480	0.01296	0.01637	0.04674	0.01940	0.01020	0.04058	0.01817	0.01484	0.02294	0.01274	0.01518	0.01051	0.00540	0.00551	0.00118	0.00580	0.00452	0.00414	0.71803
29	0.01839	0.01515	0.01612	0.01440	0.01850	0.01737	0.01123	0.03769	0.66055	0.06211	0.02894	0.02646	0.02154	0.00962	0.00724	0.00241	0.00566	0.00801	0.00732	0.01131
30	0.01019	0.00696	0.00807	0.00812	0.00836	0.00699	0.00484	0.01054	0.01084	0.01445	0.02512	0.06861	0.05893	0.63088	0.09272	0.00694	0.00770	0.01067	0.00446	0.00462
31	0.16548	0.01120	0.01328	0.01089	0.01535	0.01045	0.00882	0.02689	0.01774	0.42785	0.03078	0.05964	0.10661	0.01018	0.00679	0.00223	0.00540	0.00814	0.05234	0.00993
32	0.00868	0.00620	0.00826	0.00991	0.01033	0.00578	0.00661	0.00991	0.01363	0.01818	0.03925	0.74510	0.04710	0.02231	0.00909	0.00289	0.00413	0.02024	0.00661	0.00578
33	0.00951	0.00726	0.00874	0.00837	0.01029	0.00648	0.00627	0.01235	0.01882	0.02539	0.48812	0.05839	0.28261	0.01574	0.00840	0.00230	0.00344	0.01361	0.00742	0.00648
34	0.01345	0.01266	0.02136	0.73264	0.04904	0.01582	0.01978	0.01819	0.01424	0.01819	0.01266	0.01898	0.00949	0.00712	0.00712	0.00237	0.00949	0.00633	0.00316	0.00791
35	0.01898	0.42130	0.09703	0.01406	0.01993	0.13531	0.01345	0.02188	0.01530	0.01840	0.01074	0.01271	0.00935	0.00656	0.00614	0.00166	0.04539	0.00426	0.00332	0.12423
36	0.02388	0.04899	0.02013	0.01510	0.02031	0.02000	0.01241	0.52525	0.06788	0.03941	0.02117	0.05691	0.04857	0.00956	0.00712	0.00214	0.00721	0.00745	0.00680	0.03972
37	0.06480	0.01531	0.01762	0.01405	0.01923	0.01591	0.01145	0.23303	0.17395	0.32133	0.02403	0.02195	0.01637	0.00881	0.00703	0.00223	0.00648	0.00697	0.00773	0.01171
38	0.01200	0.00828	0.00946	0.00908	0.00980	0.00853	0.00575	0.08315	0.01323	0.01772	0.02332	0.10982	0.02606	0.56659	0.06273	0.00621	0.00731	0.01075	0.00482	0.00540

[dist]
# distance from previous block
# <min> <max>
1	7

[block]
# block no. 1 follows, 29 sequences, length 80
# corresponding to MSA columns:
# 56-135
name=unknown_B
#
# <colnr> <probs for GDERKNQSTAVLIFYWHMCP>
#	G	D	E	R	K	N	Q	S	T	A	V	L	I	F	Y	W	H	M	C	P
0	0.01793	0.07313	0.03241	0.05276	0.02930	0.04624	0.35618	0.04140	0.01637	0.06426	0.04369	0.01938	0.01319	0.00799	0.01078	0.00242	0.15185	0.00746	0.00406	0.00920
1	0.01779	0.01694	0.02631	0.05854	0.55754	0.04133	0.01978	0.04336	0.06937	0.02432	0.04438	0.01971	0.01441	0.00708	0.00711	0.00214	0.00818	0.00670	0.00411	0.01090
2	0.00866	0.00626	0.00819	0.00974	0.01028	0.00580	0.00653	0.00993	0.01380	0.01825	0.04140	0.70084	0.08997	0.02203	0.00904	0.00286	0.00410	0.01990	0.00661	0.00580
3	0.01744	0.02056	0.07458	0.08582	0.08929	0.12160	0.19872	0.02122	0.01492	0.01974	0.01186	0.01661	0.00988	0.00855	0.01280	0.00252	0.25512	0.00654	0.00336	0.00886
4	0.01990	0.04008	0.01623	0.01282	0.01653	0.01584	0.01005	0.30393	0.11610	0.06132	0.02284	0.02785	0.04571	0.16548	0.04114	0.00350	0.00723	0.00782	0.05621	0.00943
5	0.00868	0.00620	0.00826	0.00991	0.01033	0.00578	0.00661	0.00991	0.01363	0.01818	0.03925	0.74510	0.04710	0.02231	0.00909	0.00289	0.00413	0.02024	0.00661	0.00578
6	0.02528	0.01888	0.02026	0.01592	0.02122	0.02095	0.01301	0.58150	0.10871	0.04211	0.01932	0.04621	0.01457	0.00921	0.00721	0.00220	0.00744	0.00713	0.00712	0.01177
7	0.06129	0.28203	0.09398	0.01515	0.02048	0.13921	0.04414	0.05285	0.09296	0.04176	0.01616	0.04415	0.02883	0.00808	0.00660	0.00199	0.03081	0.00596	0.00429	0.00929
8	0.06657	0.01360	0.03752	0.01306	0.01868	0.01189	0.01107	0.08867	0.02095	0.60170	0.02586	0.02277	0.01644	0.00863	0.00702	0.00220	0.00632	0.00689	0.00829	0.01187
9	0.80005	0.01377	0.01047	0.00936	0.01377	0.01597	0.00771	0.02093	0.01212	0.03195	0.00991	0.01157	0.00771	0.00661	0.00441	0.00220	0.00551	0.00386	0.00441	0.00771
10	0.02019	0.00943	0.01253	0.01075	0.01412	0.00833	0.00840	0.02287	0.01911	0.35108	0.24950	0.13577	0.08133	0.01311	0.00791	0.00232	0.00477	0.01131	0.00805	0.00912
11	0.01614	0.01500	0.04483	0.01499	0.04799	0.01581	0.01151	0.03221	0.52955	0.02753	0.03315	0.05500	0.10362	0.01083	0.00742	0.00241	0.00567	0.00911	0.00680	0.01042
12	0.00932	0.00698	0.00866	0.00934	0.01058	0.00625	0.00642	0.01086	0.01433	0.01912	0.08445	0.48966	0.14586	0.06914	0.01048	0.00290	0.00428	0.01701	0.00635	0.06802
13	0.00867	0.00648	0.00807	0.00924	0.01017	0.00588	0.00633	0.01014	0.01452	0.01886	0.07500	0.55714	0.20164	0.02098	0.00890	0.00275	0.00398	0.01871	0.00666	0.00588
14	0.01730	0.01860	0.08442	0.03958	0.57586	0.01699	0.06421	0.02271	0.04747	0.02348	0.01413	0.01793	0.01155	0.00651	0.00712	0.00216	0.00872	0.00647	0.00366	0.01111
15	0.80005	0.01377	0.01047	0.00936	0.01377	0.01597	0.00771	0.02093	0.01212	0.03195	0.00991	0.01157	0.00771	0.00661	0.00441	0.00220	0.00551	0.00386	0.00441	0.00771
16	0.02608	0.01899	0.02032	0.01569	0.02110	0.02098	0.01292	0.63405	0.03215	0.04357	0.01753	0.01777	0.01255	0.00853	0.00697	0.00210	0.00751	0.00643	0.06304	0.01172
17	0.00879	0.00633	0.00837	0.00995	0.01050	0.00591	0.00678	0.01015	0.01387	0.01837	0.04060	0.68505	0.07516	0.02200	0.00909	0.00289	0.00422	0.04952	0.00661	0.00583
18	0.01569	0.09274	0.39007	0.02340	0.03223	0.01813	0.28172	0.02254	0.01568	0.02214	0.01317	0.01636	0.00973	0.00641	0.00722	0.00225	0.01085	0.00637	0.00324	0.01004
19	0.01904	0.75404	0.03731	0.01218	0.01828	0.02818	0.01218	0.02132	0.01447	0.01675	0.00990	0.01142	0.00914	0.00609	0.00457	0.00152	0.00761	0.00381	0.00305	0.00914
20	0.01454	0.06048	0.66355	0.02040	0.03064	0.01699	0.05152	0.02252	0.01508	0.02236	0.01274	0.01508	0.00909	0.00671	0.00676	0.00224	0.01048	0.00534	0.00303	0.01044
21	0.14625	0.18519	0.15847	0.01749	0.09294	0.04763	0.01515	0.06959	0.09603	0.08526	0.01520	0.01615	0.01154	0.00721	0.00602	0.00206	0.00779	0.00537	0.00461	0.01008
22	0.02335	0.01750	0.01819	0.01446	0.01938	0.04468	0.01176	0.47406	0.05417	0.06918	0.02836	0.02746	0.14467	0.01037	0.00735	0.00219	0.00705	0.00809	0.00698	0.01077
23	0.00867	0.00624	0.00822	0.00981	0.01030	0.00579	0.00656	0.00993	0.01373	0.01822	0.04050	0.71934	0.07205	0.02215	0.00906	0.00287	0.00411	0.02004	0.00661	0.00579
24	0.01324	0.01136	0.08223	0.01103	0.01422	0.00881	0.00959	0.01769	0.06398	0.10355	0.28183	0.11503	0.16036	0.01451	0.00819	0.00242	0.00492	0.06224	0.00698	0.00782
25	0.01525	0.03347	0.60187	0.02316	0.11959	0.01641	0.02525	0.02282	0.01535	0.04299	0.01331	0.01565	0.00957	0.00677	0.00681	0.00223	0.01012	0.00546	0.00325	0.01067
26	0.03195	0.01212	0.01652	0.01267	0.01818	0.01047	0.01047	0.03470	0.02038	0.71026	0.02809	0.02424	0.01763	0.00881	0.00716	0.00220	0.00606	0.00716	0.00881	0.01212
27	0.00966	0.00707	0.00909	0.00918	0.01065	0.00650	0.00677	0.01238	0.01814	0.02499	0.46177	0.21158	0.12414	0.01687	0.00862	0.00245	0.00370	0.04263	0.00739	0.00643
28	0.01895	0.01833	0.04587	0.09031	0.50983	0.04862	0.02028	0.11541	0.01865	0.02567	0.01374	0.01737	0.01111	0.00677	0.00703	0.00213	0.00870	0.00625	0.00400	0.01099
29	0.01516	0.01589	0.03194	0.08207	0.14395	0.01537	0.39390	0.01988	0.01592	0.02166	0.01876	0.15503	0.01759	0.00920	0.00821	0.00244	0.00975	0.01012	0.00412	0.00904
30	0.01013	0.00731	0.00959	0.00912	0.01080	0.00678	0.00690	0.01349	0.02001	0.02828	0.67602	0.05423	0.06618	0.01475	0.00845	0.00228	0.00348	0.03769	0.00779	0.00671
31	0.01881	0.69756	0.06136	0.01378	0.04722	0.02729	0.01310	0.02139	0.01456	0.01723	0.01015	0.01181	0.00922	0.00613	0.00475	0.00157	0.00776	0.00397	0.00306	0.00928
32	0.00985	0.00727	0.00920	0.00872	0.01050	0.00662	0.00654	0.01299	0.01961	0.02726	0.61407	0.05532	0.15550	0.01504	0.00840	0.00226	0.00339	0.01318	0.00767	0.00662
33	0.01008	0.00728	0.00952	0.00896	0.01064	0.00672	0.00672	0.01344	0.02016	0.02855	0.70158	0.05319	0.06719	0.01456	0.00840	0.00224	0.00336	0.01288	0.00784	0.00672
34	0.00842	0.00721	0.00721	0.00721	0.00962	0.00601	0.00541	0.01022	0.01623	0.01924	0.07213	0.06853	0.70244	0.01803	0.00842	0.00240	0.00361	0.01503	0.00661	0.00601
35	0.01561	0.00889	0.00913	0.00829	0.01063	0.00925	0.00643	0.12919	0.01807	0.02965	0.02219	0.02495	0.01721	0.00834	0.00534	0.00174	0.00408	0.00660	0.65684	0.00756
36	0.03095	0.01372	0.01752	0.01343	0.01898	0.01284	0.01109	0.16719	0.02306	0.57399	0.02584	0.02277	0.01650	0.00876	0.00715	0.00219	0.00642	0.00701	0.00847	0.01212
37	0.00946	0.00725	0.00866	0.00831	0.01026	0.00646	0.00623	0.01224	0.01870	0.02510	0.46825	0.05888	0.30267	0.01585	0.00840	0.00230	0.00345	0.01367	0.00738	0.00646
38	0.02163	0.01797	0.01930	0.01461	0.02047	0.06867	0.03479	0.33793	0.02424	0.03318	0.01473	0.01590	0.01121	0.00703	0.00636	0.00168	0.00730	0.00545	0.00555	0.33203
39	0.02811	0.01828	0.02034	0.01559	0.02125	0.01961	0.01288	0.54395	0.03069	0.18645	0.01944	0.01862	0.01328	0.00860	0.00713	0.00215	0.00746	0.00657	0.00748	0.01211
40	0.01745	0.01683	0.02883	0.06550	0.62963	0.01696	0.05189	0.02230	0.03832	0.02328	0.01393	0.01804	0.01154	0.00646	0.00712	0.00215	0.00857	0.00650	0.00364	0.01109
41	0.01636	0.01827	0.03814	0.02780	0.03381	0.01809	0.56747	0.02160	0.01591	0.02189	0.01460	0.04415	0.01188	0.00743	0.01042	0.00251	0.10826	0.00853	0.00364	0.00923
42	0.01544	0.00953	0.01178	0.01032	0.01310	0.00921	0.00802	0.07209	0.06377	0.13595	0.44649	0.04334	0.07066	0.01269	0.00787	0.00222	0.00429	0.01094	0.04404	0.00826
43	0.01044	0.00810	0.01071	0.01141	0.01200	0.00871	0.00815	0.04054	0.01413	0.01921	0.03415	0.61242	0.04035	0.02034	0.01097	0.00289	0.10529	0.01770	0.00615	0.00634
44	0.01729	0.40396	0.16349	0.01554	0.02141	0.02240	0.05744	0.02083	0.01444	0.04182	0.01328	0.06320	0.01210	0.00817	0.00790	0.00203	0.09614	0.00590	0.00352	0.00915
45	0.01681	0.01921	0.04202	0.03001	0.03721	0.01801	0.67947	0.02281	0.01681	0.02281	0.01441	0.01921	0.01080	0.00600	0.00840	0.00240	0.01200	0.00840	0.00360	0.00960
46	0.01694	0.01612	0.02740	0.11197	0.60983	0.01644	0.02120	0.02118	0.01602	0.02267	0.01435	0.02042	0.01236	0.00699	0.00717	0.00219	0.00848	0.03391	0.00362	0.01074
47	0.01006	0.00759	0.00944	0.00996	0.01150	0.00683	0.00696	0.03365	0.01470	0.01983	0.03821	0.56180	0.10380	0.01924	0.00847	0.00258	0.00435	0.01721	0.00632	0.10748
48	0.00874	0.00624	0.00832	0.00987	0.01034	0.00582	0.00661	0.01007	0.01392	0.01863	0.06790	0.71517	0.04796	0.02197	0.00906	0.00286	0.00410	0.01992	0.00666	0.00582
49	0.00863	0.00714	0.00757	0.00763	0.00979	0.00608	0.00566	0.01057	0.01648	0.02024	0.14301	0.12077	0.57593	0.01797	0.00847	0.00242	0.00362	0.01519	0.00676	0.00608
50	0.01847	0.01720	0.02624	0.24857	0.17727	0.04820	0.13370	0.16267	0.01952	0.02598	0.01400	0.01788	0.01069	0.00700	0.00722	0.00219	0.00933	0.00655	0.00423	0.04309
51	0.01949	0.00938	0.01246	0.01049	0.01386	0.00831	0.00829	0.02252	0.02008	0.32393	0.38159	0.04130	0.07371	0.01222	0.00786	0.00223	0.00454	0.01049	0.00821	0.00903
52	0.00842	0.00721	0.00721	0.00721	0.00962	0.00601	0.00541	0.01022	0.01623	0.01924	0.07213	0.06853	0.70244	0.01803	0.00842	0.00240	0.00361	0.01503	0.00661	0.00601
53	0.01771	0.01675	0.02810	0.08915	0.63415	0.01705	0.02139	0.04755	0.01676	0.02377	0.01349	0.01769	0.01119	0.00648	0.00706	0.00213	0.00850	0.00635	0.00364	0.01108
54	0.01667	0.02050	0.12471	0.19105	0.07635	0.09750	0.24330	0.02164	0.01617	0.04088	0.01562	0.07379	0.01308	0.00789	0.00757	0.00232	0.01030	0.00778	0.00380	0.00906
55	0.02620	0.01272	0.01597	0.01293	0.01752	0.01219	0.01039	0.15468	0.05113	0.42720	0.05053	0.13076	0.02279	0.01099	0.00748	0.00230	0.00600	0.00919	0.00806	0.01096
56	0.66177	0.01359	0.01155	0.03967	0.01564	0.01538	0.00844	0.03811	0.01329	0.05992	0.01143	0.01306	0.00870	0.00676	0.00476	0.00215	0.00569	0.00425	0.02371	0.04217
57	0.02004	0.01317	0.01387	0.01142	0.01506	0.01422	0.00918	0.34301	0.02404	0.03554	0.02022	0.02191	0.01524	0.00842	0.00603	0.00189	0.00554	0.00653	0.40535	0.00932
58	0.00862	0.00722	0.00750	0.00743	0.00974	0.00610	0.00557	0.01062	0.01671	0.02039	0.14978	0.06664	0.62408	0.01760	0.00841	0.00238	0.00358	0.01476	0.00676	0.00610
59	0.01778	0.01823	0.05643	0.04063	0.62510	0.04000	0.02131	0.02279	0.04571	0.02333	0.01397	0.01775	0.01157	0.00654	0.00703	0.00212	0.00857	0.00632	0.00367	0.01115
60	0.01424	0.01346	0.02279	0.60221	0.17329	0.01603	0.02017	0.01889	0.01461	0.01915	0.01280	0.01873	0.00983	0.00697	0.00711	0.00232	0.00930	0.00633	0.00323	0.00855
61	0.01036	0.00690	0.00777	0.00777	0.00777	0.00690	0.00431	0.01036	0.01036	0.01381	0.02244	0.04660	0.02589	0.74975	0.03624	0.00690	0.00690	0.01036	0.00431	0.00431
62	0.00854	0.00705	0.00739	0.00764	0.00965	0.00602	0.00554	0.01018	0.01559	0.01885	0.06513	0.16837	0.57619	0.04965	0.00969	0.00267	0.00382	0.01561	0.00651	0.00591
63	0.01477	0.01266	0.01477	0.01055	0.01687	0.00949	0.00844	0.01793	0.01477	0.02320	0.01266	0.01477	0.01055	0.00527	0.00527	0.00105	0.00527	0.00422	0.00422	0.79328
64	0.02772	0.01890	0.02072	0.01589	0.02156	0.02053	0.01313	0.59542	0.03173	0.13351	0.01856	0.01805	0.01284	0.00858	0.00713	0.00215	0.00760	0.00651	0.00735	0.01211
65	0.01428	0.03683	0.71286	0.02030	0.03082	0.01654	0.02631	0.02255	0.01503	0.02255	0.01278	0.01503	0.00902	0.00677	0.00677	0.00226	0.01052	0.00526	0.00301	0.01052
66	0.01033	0.00700	0.00826	0.00826	0.00843	0.00717	0.00493	0.01067	0.01050	0.01417	0.02199	0.04412	0.02481	0.65699	0.12753	0.00751	0.00852	0.00999	0.00425	0.00459
67	0.80005	0.01377	0.01047	0.00936	0.01377	0.01597	0.00771	0.02093	0.01212	0.03195	0.00991	0.01157	0.00771	0.00661	0.00441	0.00220	0.00551	0.00386	0.00441	0.00771
68	0.02025	0.01079	0.01359	0.01195	0.01519	0.01038	0.00920	0.13713	0.02002	0.26829	0.08375	0.30757	0.03211	0.01451	0.00801	0.00246	0.00540	0.01260	0.00758	0.00921
69	0.01949	0.71070	0.03628	0.01255	0.01850	0.06988	0.01228	0.02175	0.01481	0.01679	0.00997	0.01151	0.00914	0.00617	0.00468	0.00154	0.00793	0.00385	0.00308	0.00908
70	0.01477	0.01266	0.01477	0.01055	0.01687	0.00949	0.00844	0.01793	0.01477	0.02320	0.01266	0.01477	0.01055	0.00527	0.00527	0.00105	0.00527	0.00422	0.00422	0.79328
71	0.01829	0.52967	0.06074	0.01299	0.01853	0.05273	0.01241	0.02350	0.11525	0.01935	0.03673	0.01595	0.01331	0.00885	0.03346	0.00211	0.00797	0.00499	0.00388	0.00929
72	0.01665	0.01592	0.02714	0.20445	0.55220	0.01666	0.02137	0.02100	0.01575	0.02208	0.01322	0.01794	0.01086	0.00653	0.00707	0.00218	0.00870	0.00634	0.00344	0.01049
73	0.01805	0.01282	0.01441	0.01263	0.01636	0.01373	0.00989	0.06482	0.36826	0.13034	0.16748	0.03441	0.08359	0.01113	0.00755	0.00233	0.00520	0.00936	0.00754	0.01011
74	0.01626	0.01785	0.03645	0.11711	0.05843	0.01818	0.49150	0.02149	0.01572	0.02153	0.01352	0.01867	0.01047	0.00697	0.01008	0.00248	0.10279	0.00780	0.00348	0.00922
75	0.00938	0.00729	0.00855	0.00834	0.01035	0.00646	0.00633	0.01203	0.01820	0.02399	0.38596	0.06135	0.35560	0.01636	0.00847	0.00236	0.00361	0.04174	0.00722	0.00639
76	0.02469	0.01799	0.01945	0.01528	0.02030	0.01984	0.01250	0.58244	0.03053	0.04138	0.01854	0.05025	0.01428	0.01096	0.03603	0.00252	0.00784	0.00708	0.05685	0.01125
77	0.12137	0.46996	0.13197	0.01371	0.01997	0.10276	0.01387	0.02225	0.01489	0.01968	0.01045	0.01214	0.00894	0.00640	0.00508	0.00176	0.00836	0.00412	0.00329	0.00906
78	0.00942	0.00678	0.00909	0.01068	0.01150	0.00644	0.00788	0.01123	0.01448	0.01906	0.04007	0.53985	0.07017	0.02143	0.00927	0.00298	0.00477	0.19230	0.00660	0.00600
79	0.01926	0.67822	0.07955	0.01272	0.01907	0.02672	0.01302	0.02194	0.01474	0.04523	0.01082	0.01217	0.00947	0.00625	0.00481	0.00160	0.00774	0.00404	0.00328	0.00935

[dist]
# distance from previous block
# <min> <max>
0	2

[block]
# block no. 2 follows, 29 sequences, length 60
# corresponding to MSA columns:
# 138-197
name=unknown_C
#
# <colnr> <probs for GDERKNQSTAVLIFYWHMCP>
#	G	D	E	R	K	N	Q	S	T	A	V	L	I	F	Y	W	H	M	C	P
0	0.01417	0.01344	0.01912	0.01661	0.01759	0.03566	0.05237	0.01638	0.01184	0.01768	0.01329	0.02003	0.01242	0.02452	0.23865	0.00557	0.42099	0.00677	0.03549	0.00742
1	0.19032	0.04955	0.01955	0.04185	0.02170	0.47860	0.03874	0.04384	0.01831	0.02149	0.01110	0.01311	0.00902	0.00712	0.00606	0.00195	0.01083	0.00467	0.00388	0.00831
2	0.01036	0.00690	0.00777	0.00777	0.00777	0.00690	0.00431	0.01036	0.01036	0.01381	0.02244	0.04660	0.02589	0.74975	0.03624	0.00690	0.00690	0.01036	0.00431	0.00431
3	0.01017	0.00763	0.01144	0.01144	0.01272	0.00890	0.00890	0.01272	0.01144	0.01653	0.01907	0.02797	0.01780	0.05340	0.72153	0.01144	0.01907	0.00763	0.00381	0.00636
4	0.02678	0.01806	0.02052	0.01692	0.05495	0.01939	0.01322	0.52129	0.02983	0.15107	0.01944	0.04259	0.01413	0.00894	0.00719	0.00217	0.00745	0.00699	0.00720	0.01186
5	0.04332	0.01497	0.02362	0.38248	0.13428	0.03457	0.09569	0.04931	0.01584	0.02176	0.01303	0.01777	0.01008	0.00669	0.00691	0.00214	0.00898	0.00618	0.00364	0.10874
6	0.01762	0.01692	0.02890	0.04371	0.70533	0.01692	0.02185	0.02185	0.01621	0.02326	0.01339	0.01762	0.01128	0.00634	0.00705	0.00211	0.00846	0.00634	0.00352	0.01128
7	0.02564	0.01485	0.01716	0.01351	0.01848	0.01515	0.01104	0.31637	0.04927	0.27880	0.05130	0.02635	0.07970	0.00975	0.00722	0.00218	0.00640	0.00777	0.03794	0.01112
8	0.01445	0.06221	0.68896	0.02001	0.03038	0.01695	0.02581	0.02251	0.01501	0.02235	0.01268	0.01491	0.00902	0.00674	0.00669	0.00223	0.01042	0.00521	0.00301	0.01047
9	0.00849	0.00718	0.00734	0.00739	0.00969	0.00603	0.00551	0.01033	0.01628	0.01956	0.09554	0.09436	0.65192	0.01806	0.00844	0.00242	0.00362	0.01515	0.00666	0.00603
10	0.01374	0.01296	0.02189	0.68371	0.09565	0.01590	0.01992	0.01845	0.01438	0.01855	0.01271	0.01889	0.00962	0.00706	0.00711	0.00235	0.00942	0.00633	0.00319	0.00815
11	0.04218	0.01335	0.02233	0.60651	0.08272	0.01624	0.04883	0.01866	0.01425	0.01913	0.01254	0.01851	0.00958	0.00723	0.00776	0.00239	0.04006	0.00633	0.00325	0.00816
12	0.00904	0.00654	0.00850	0.00991	0.01062	0.00613	0.00692	0.01050	0.01401	0.01840	0.04124	0.57554	0.10517	0.05771	0.01046	0.00309	0.00449	0.08942	0.00649	0.00582
13	0.00923	0.00721	0.00837	0.00816	0.01014	0.00635	0.00609	0.01177	0.01805	0.02373	0.37677	0.08499	0.37066	0.01650	0.00843	0.00234	0.00351	0.01417	0.00721	0.00635
14	0.01428	0.03683	0.71286	0.02030	0.03082	0.01654	0.02631	0.02255	0.01503	0.02255	0.01278	0.01503	0.00902	0.00677	0.00677	0.00226	0.01052	0.00526	0.00301	0.01052
15	0.03079	0.03949	0.01795	0.01318	0.01874	0.01275	0.01097	0.12679	0.02205	0.59052	0.02588	0.02276	0.01654	0.00868	0.00706	0.00217	0.00637	0.00693	0.00837	0.01201
16	0.03644	0.03336	0.58734	0.01989	0.02926	0.01726	0.04245	0.07351	0.01623	0.02428	0.01291	0.01524	0.00929	0.00716	0.00760	0.00229	0.04624	0.00545	0.00339	0.01041
17	0.66093	0.04139	0.03160	0.01050	0.01521	0.03974	0.00894	0.05137	0.01383	0.05776	0.01106	0.01244	0.00843	0.00679	0.00477	0.00217	0.00609	0.00416	0.00459	0.00823
18	0.00842	0.00721	0.00721	0.00721	0.00962	0.00601	0.00541	0.01022	0.01623	0.01924	0.07213	0.06853	0.70244	0.01803	0.00842	0.00240	0.00361	0.01503	0.00661	0.00601
19	0.01479	0.01276	0.01501	0.01082	0.01694	0.00991	0.00868	0.01790	0.01463	0.02300	0.01254	0.01479	0.01051	0.00552	0.00589	0.00112	0.03020	0.00429	0.00418	0.76651
20	0.01102	0.00888	0.01308	0.01259	0.01366	0.01094	0.00995	0.01341	0.01136	0.01663	0.01754	0.02602	0.01647	0.04695	0.61146	0.01013	0.13222	0.00741	0.00370	0.00658
21	0.01771	0.01530	0.01610	0.01449	0.01852	0.01771	0.01127	0.03784	0.69247	0.02979	0.02898	0.02657	0.02174	0.00966	0.00725	0.00242	0.00564	0.00805	0.00725	0.01127
22	0.01020	0.00745	0.01040	0.01036	0.01161	0.00822	0.00782	0.01251	0.01249	0.01780	0.07818	0.03466	0.06746	0.12303	0.51140	0.00920	0.01478	0.00880	0.03749	0.00615
23	0.00889	0.00723	0.00787	0.00771	0.00991	0.00621	0.00578	0.01114	0.01735	0.02189	0.25165	0.06415	0.52127	0.01704	0.00841	0.00236	0.00354	0.01441	0.00696	0.00621
24	0.01917	0.01232	0.01293	0.01080	0.01419	0.01324	0.00863	0.30080	0.02286	0.03438	0.02061	0.02251	0.01563	0.00840	0.00589	0.00186	0.00525	0.00654	0.45500	0.00898
25	0.01327	0.00664	0.00664	0.00664	0.00830	0.00664	0.00498	0.01659	0.01493	0.02655	0.02323	0.02655	0.01825	0.00830	0.00498	0.00166	0.00332	0.00664	0.78928	0.00664
26	0.13727	0.03105	0.01879	0.01706	0.02083	0.62027	0.01289	0.02736	0.01903	0.01950	0.01085	0.01266	0.00896	0.00723	0.00613	0.00189	0.01179	0.00448	0.00377	0.00818
27	0.00978	0.00669	0.00807	0.00863	0.00882	0.00660	0.00526	0.01029	0.01150	0.01538	0.02799	0.28191	0.03275	0.47817	0.05246	0.00572	0.00642	0.01359	0.00507	0.00489
28	0.01015	0.00694	0.00838	0.00856	0.00880	0.00709	0.00526	0.01067	0.01087	0.01468	0.02368	0.11692	0.02687	0.56653	0.13870	0.00718	0.00848	0.01097	0.00448	0.00478
29	0.01304	0.00998	0.01264	0.01346	0.01570	0.01059	0.01142	0.02056	0.18635	0.02344	0.03551	0.06681	0.03614	0.01715	0.00918	0.00306	0.00633	0.49417	0.00673	0.00774
30	0.05054	0.01893	0.02159	0.17100	0.09032	0.07153	0.01544	0.40858	0.02607	0.03474	0.01511	0.01704	0.01111	0.00788	0.00697	0.00217	0.00853	0.00616	0.00560	0.01070
31	0.00988	0.00737	0.00960	0.00953	0.01101	0.00763	0.00715	0.01211	0.01367	0.01874	0.11310	0.04272	0.19124	0.11146	0.36162	0.00727	0.01151	0.01030	0.03797	0.00611
32	0.00879	0.00624	0.00823	0.00977	0.01015	0.00586	0.00645	0.00994	0.01341	0.01788	0.03810	0.69760	0.04565	0.07178	0.01094	0.00316	0.00432	0.01957	0.00645	0.00568
33	0.00868	0.00620	0.00826	0.00991	0.01033	0.00578	0.00661	0.00991	0.01363	0.01818	0.03925	0.74510	0.04710	0.02231	0.00909	0.00289	0.00413	0.02024	0.00661	0.00578
34	0.01520	0.01291	0.01500	0.01075	0.01706	0.00994	0.00862	0.04141	0.01543	0.02397	0.01281	0.01485	0.01060	0.00539	0.00534	0.00109	0.00536	0.00430	0.00432	0.76564
35	0.05756	0.01912	0.02147	0.01649	0.02199	0.02101	0.04604	0.59555	0.03083	0.04198	0.01648	0.01715	0.01188	0.00898	0.00789	0.03317	0.00788	0.00640	0.00668	0.01145
36	0.00868	0.00620	0.00826	0.00991	0.01033	0.00578	0.00661	0.00991	0.01363	0.01818	0.03925	0.74510	0.04710	0.02231	0.00909	0.00289	0.00413	0.02024	0.00661	0.00578
37	0.01484	0.00834	0.01099	0.00972	0.01227	0.00752	0.00750	0.01802	0.02008	0.17840	0.53344	0.04730	0.07626	0.01340	0.00813	0.00224	0.00396	0.01169	0.00801	0.00789
38	0.01681	0.01921	0.04202	0.03001	0.03721	0.01801	0.67947	0.02281	0.01681	0.02281	0.01441	0.01921	0.01080	0.00600	0.00840	0.00240	0.01200	0.00840	0.00360	0.00960
39	0.01451	0.01238	0.01449	0.01052	0.01660	0.00934	0.00836	0.01759	0.01472	0.02299	0.01378	0.04555	0.01209	0.00599	0.00543	0.00113	0.00523	0.00489	0.00432	0.76009
40	0.67594	0.07528	0.04251	0.03509	0.01608	0.01699	0.00928	0.02094	0.01251	0.02983	0.01013	0.01196	0.00794	0.00659	0.00461	0.00216	0.00603	0.00400	0.00419	0.00795
41	0.01036	0.00735	0.01041	0.10413	0.01583	0.00736	0.00863	0.01218	0.01408	0.04745	0.03527	0.60032	0.04078	0.01968	0.00877	0.00281	0.00498	0.03701	0.00625	0.00635
42	0.01716	0.07091	0.07980	0.03678	0.48890	0.01755	0.11522	0.02176	0.01610	0.02262	0.01407	0.01936	0.01191	0.00676	0.00714	0.00216	0.00899	0.02857	0.00357	0.01067
43	0.02388	0.01439	0.01673	0.01368	0.01834	0.01502	0.01101	0.18662	0.23057	0.26399	0.10359	0.02661	0.02331	0.00968	0.00732	0.00226	0.00604	0.00792	0.00782	0.01123
44	0.01477	0.01266	0.01477	0.01055	0.01687	0.00949	0.00844	0.01793	0.01477	0.02320	0.01266	0.01477	0.01055	0.00527	0.00527	0.00105	0.00527	0.00422	0.00422	0.79328
45	0.01477	0.01266	0.01477	0.01055	0.01687	0.00949	0.00844	0.01793	0.01477	0.02320	0.01266	0.01477	0.01055	0.00527	0.00527	0.00105	0.00527	0.00422	0.00422	0.79328
46	0.01318	0.01203	0.01928	0.54254	0.06679	0.01436	0.01750	0.01815	0.04240	0.01928	0.02067	0.02969	0.06730	0.00939	0.00751	0.00246	0.00852	0.07707	0.00398	0.00789
47	0.01867	0.72353	0.03618	0.01205	0.01796	0.02730	0.01196	0.02100	0.01470	0.01724	0.03815	0.01313	0.01151	0.00644	0.00473	0.00155	0.00744	0.00418	0.00324	0.00904
48	0.01742	0.02072	0.13750	0.03904	0.57260	0.04295	0.02226	0.02221	0.01617	0.02293	0.01321	0.01703	0.01084	0.00645	0.00698	0.00213	0.00895	0.00611	0.00345	0.01105
49	0.00985	0.00729	0.00928	0.00883	0.01059	0.00672	0.00663	0.01296	0.01922	0.02672	0.58334	0.05420	0.15345	0.01678	0.04034	0.00267	0.00410	0.01294	0.00749	0.00660
50	0.01920	0.01610	0.01748	0.01602	0.04790	0.01837	0.01208	0.13968	0.55916	0.03192	0.02644	0.02468	0.01976	0.00934	0.00722	0.00236	0.00610	0.00772	0.00707	0.01140
51	0.00890	0.00723	0.00788	0.00772	0.00991	0.00622	0.00579	0.01115	0.01737	0.02193	0.25426	0.06409	0.51864	0.01703	0.00841	0.00236	0.00354	0.01441	0.00697	0.00622
52	0.01033	0.00699	0.00818	0.00818	0.00833	0.00713	0.00483	0.01062	0.01048	0.01412	0.02206	0.04449	0.02497	0.67091	0.11383	0.00742	0.00828	0.01005	0.00426	0.00455
53	0.80005	0.01377	0.01047	0.00936	0.01377	0.01597	0.00771	0.02093	0.01212	0.03195	0.00991	0.01157	0.00771	0.00661	0.00441	0.00220	0.00551	0.00386	0.00441	0.00771
54	0.02065	0.56788	0.05317	0.01374	0.01950	0.15492	0.01295	0.05224	0.01639	0.01831	0.01051	0.01204	0.00927	0.00645	0.00509	0.00163	0.00867	0.00411	0.00334	0.00915
55	0.80005	0.01377	0.01047	0.00936	0.01377	0.01597	0.00771	0.02093	0.01212	0.03195	0.00991	0.01157	0.00771	0.00661	0.00441	0.00220	0.00551	0.00386	0.00441	0.00771
56	0.02335	0.08435	0.02010	0.01647	0.02041	0.46401	0.01272	0.05410	0.15457	0.02100	0.01778	0.01840	0.04619	0.00828	0.00657	0.00197	0.01034	0.00581	0.00462	0.00896
57	0.01828	0.01099	0.01330	0.01155	0.01501	0.01099	0.00905	0.02640	0.22002	0.21573	0.29018	0.03796	0.06671	0.01167	0.00772	0.00229	0.00479	0.00996	0.00788	0.00953
58	0.01746	0.01791	0.06283	0.04255	0.67187	0.01690	0.02207	0.02189	0.01616	0.02323	0.01336	0.01750	0.01117	0.00637	0.00704	0.00212	0.00856	0.00629	0.00350	0.01124
59	0.50873	0.01314	0.01276	0.01062	0.01544	0.01388	0.00876	0.02615	0.01525	0.28921	0.01681	0.01637	0.01147	0.00745	0.00545	0.00220	0.00572	0.00511	0.00608	0.00938

[dist]
# distance from previous block
# <min> <max>
0	4

[block]
# block no. 3 follows, 29 sequences, length 95
# corresponding to MSA columns:
# 202-296
name=unknown_D
#
# <colnr> <probs for GDERKNQSTAVLIFYWHMCP>
#	G	D	E	R	K	N	Q	S	T	A	V	L	I	F	Y	W	H	M	C	P
0	0.01008	0.00728	0.00952	0.00896	0.01064	0.00672	0.00672	0.01344	0.02016	0.02855	0.70158	0.05319	0.06719	0.01456	0.00840	0.00224	0.00336	0.01288	0.00784	0.00672
1	0.01036	0.00690	0.00777	0.00777	0.00777	0.00690	0.00431	0.01036	0.01036	0.01381	0.02244	0.04660	0.02589	0.74975	0.03624	0.00690	0.00690	0.01036	0.00431	0.00431
2	0.01052	0.00760	0.01013	0.01038	0.01207	0.00722	0.00837	0.01379	0.01868	0.02564	0.44272	0.06340	0.08035	0.01650	0.00891	0.00262	0.00451	0.24262	0.00734	0.00664
3	0.01999	0.02107	0.02704	0.03649	0.50312	0.18202	0.04038	0.04390	0.01770	0.02255	0.01298	0.01654	0.01080	0.00663	0.00695	0.00206	0.00958	0.00600	0.00367	0.01054
4	0.01539	0.14718	0.53173	0.01868	0.02785	0.01819	0.04190	0.04600	0.01589	0.02272	0.04200	0.01630	0.01169	0.00704	0.00655	0.00214	0.00971	0.00549	0.00339	0.01017
5	0.01904	0.04844	0.03803	0.01335	0.01702	0.12783	0.01092	0.18344	0.05418	0.05432	0.19347	0.02937	0.06224	0.01043	0.00785	0.00213	0.03990	0.00818	0.07091	0.00894
6	0.01904	0.75404	0.03731	0.01218	0.01828	0.02818	0.01218	0.02132	0.01447	0.01675	0.00990	0.01142	0.00914	0.00609	0.00457	0.00152	0.00761	0.00381	0.00305	0.00914
7	0.01242	0.00781	0.01022	0.00931	0.01143	0.00711	0.00709	0.01567	0.02007	0.10284	0.60949	0.05047	0.08036	0.01403	0.00826	0.00224	0.00366	0.01232	0.00791	0.00729
8	0.03195	0.01212	0.01652	0.01267	0.01818	0.01047	0.01047	0.03470	0.02038	0.71026	0.02809	0.02424	0.01763	0.00881	0.00716	0.00220	0.00606	0.00716	0.00881	0.01212
9	0.03046	0.01313	0.01786	0.01531	0.07019	0.01192	0.01158	0.08787	0.02116	0.60291	0.02607	0.02314	0.01669	0.00861	0.00715	0.00219	0.00639	0.00704	0.00827	0.01205
10	0.01040	0.00686	0.00774	0.00781	0.00790	0.00684	0.00444	0.01058	0.01068	0.01450	0.02319	0.07569	0.02649	0.68929	0.03384	0.00652	0.00664	0.01063	0.03547	0.00447
11	0.01934	0.01464	0.01596	0.01409	0.01823	0.01643	0.01103	0.03669	0.58447	0.11851	0.04921	0.02707	0.02258	0.00970	0.00727	0.00238	0.00562	0.00808	0.00747	0.01124
12	0.00884	0.00758	0.00762	0.00754	0.01002	0.00654	0.00568	0.01147	0.04693	0.01971	0.07018	0.06662	0.67154	0.01765	0.00836	0.00240	0.00370	0.01471	0.00664	0.00625
13	0.02378	0.02262	0.02092	0.05976	0.11850	0.24562	0.01447	0.29030	0.02427	0.03009	0.01483	0.01662	0.01137	0.00775	0.00672	0.00201	0.00929	0.00582	0.06515	0.01010
14	0.02281	0.01439	0.01642	0.01394	0.01852	0.01542	0.01108	0.05854	0.44438	0.25894	0.02828	0.02546	0.02003	0.00934	0.00721	0.00233	0.00585	0.00770	0.00777	0.01158
15	0.01037	0.00740	0.00919	0.00923	0.01108	0.00671	0.00705	0.01299	0.01776	0.04787	0.33521	0.14915	0.23782	0.01695	0.00862	0.00249	0.00401	0.09229	0.00722	0.00657
16	0.01904	0.75404	0.03731	0.01218	0.01828	0.02818	0.01218	0.02132	0.01447	0.01675	0.00990	0.01142	0.00914	0.00609	0.00457	0.00152	0.00761	0.00381	0.00305	0.00914
17	0.01904	0.75404	0.03731	0.01218	0.01828	0.02818	0.01218	0.02132	0.01447	0.01675	0.00990	0.01142	0.00914	0.00609	0.00457	0.00152	0.00761	0.00381	0.00305	0.00914
18	0.01604	0.01219	0.01452	0.01071	0.01658	0.00935	0.00852	0.01904	0.01524	0.08932	0.01585	0.06241	0.01357	0.00671	0.00570	0.00128	0.00528	0.00553	0.00482	0.66736
19	0.01346	0.01279	0.02203	0.66767	0.04699	0.01558	0.05582	0.01815	0.01436	0.01845	0.01371	0.04519	0.01092	0.00761	0.00726	0.00239	0.00944	0.00694	0.00331	0.00793
20	0.01836	0.01515	0.01612	0.01441	0.01850	0.01738	0.01123	0.03770	0.66196	0.06068	0.02894	0.02646	0.02155	0.00962	0.00724	0.00241	0.00565	0.00801	0.00732	0.01131
21	0.00988	0.00710	0.00912	0.01034	0.01110	0.00685	0.00706	0.05390	0.01493	0.01993	0.03780	0.69744	0.04480	0.02141	0.00896	0.00284	0.00437	0.01934	0.00664	0.00620
22	0.02660	0.03394	0.02018	0.01834	0.02201	0.72116	0.01376	0.02843	0.02018	0.01743	0.01101	0.01284	0.00917	0.00734	0.00642	0.00183	0.01284	0.00459	0.00367	0.00825
23	0.01762	0.01692	0.02890	0.04371	0.70533	0.01692	0.02185	0.02185	0.01621	0.02326	0.01339	0.01762	0.01128	0.00634	0.00705	0.00211	0.00846	0.00634	0.00352	0.01128
24	0.01393	0.01000	0.01198	0.01087	0.01352	0.01024	0.00834	0.02220	0.21907	0.07856	0.45356	0.04321	0.05013	0.01269	0.00797	0.00229	0.00423	0.01103	0.00773	0.00846
25	0.00909	0.00655	0.00863	0.00972	0.01054	0.00610	0.00677	0.01091	0.01532	0.02070	0.19153	0.53835	0.07467	0.02029	0.00894	0.00274	0.00403	0.04220	0.00689	0.00603
26	0.01052	0.00814	0.01211	0.01191	0.01310	0.00973	0.00933	0.01300	0.01141	0.01657	0.01845	0.02718	0.01726	0.05079	0.67686	0.01091	0.06499	0.00754	0.00377	0.00645
27	0.00905	0.00637	0.00858	0.01018	0.01069	0.00601	0.00703	0.01033	0.01373	0.01826	0.03820	0.66129	0.04538	0.02216	0.00979	0.02963	0.00442	0.07666	0.00649	0.00576
28	0.01345	0.01266	0.02136	0.73264	0.04904	0.01582	0.01978	0.01819	0.01424	0.01819	0.01266	0.01898	0.00949	0.00712	0.00712	0.00237	0.00949	0.00633	0.00316	0.00791
29	0.01477	0.01266	0.01477	0.01055	0.01687	0.00949	0.00844	0.01793	0.01477	0.02320	0.01266	0.01477	0.01055	0.00527	0.00527	0.00105	0.00527	0.00422	0.00422	0.79328
30	0.01504	0.01534	0.07461	0.03796	0.06612	0.01158	0.08770	0.01906	0.01511	0.02311	0.01341	0.01617	0.01083	0.00575	0.00591	0.00144	0.00671	0.00510	0.04081	0.52824
31	0.74853	0.01528	0.05652	0.01008	0.01489	0.01601	0.00893	0.02104	0.01231	0.03133	0.01010	0.01179	0.00780	0.00662	0.00456	0.00221	0.00584	0.00395	0.00431	0.00790
32	0.02660	0.03394	0.02018	0.01834	0.02201	0.72116	0.01376	0.02843	0.02018	0.01743	0.01101	0.01284	0.00917	0.00734	0.00642	0.00183	0.01284	0.00459	0.00367	0.00825
33	0.01033	0.00772	0.00968	0.00933	0.01122	0.00726	0.00716	0.01425	0.05059	0.02674	0.52925	0.05632	0.14821	0.01523	0.00847	0.00236	0.00377	0.06775	0.00754	0.00682
34	0.01116	0.00752	0.01004	0.01002	0.01136	0.00841	0.00771	0.01382	0.01275	0.01975	0.02276	0.06188	0.04252	0.03570	0.42326	0.00749	0.03733	0.00812	0.24193	0.00645
35	0.02657	0.01946	0.02083	0.01603	0.02158	0.02152	0.01322	0.65735	0.03280	0.04421	0.01732	0.01744	0.01233	0.00854	0.00705	0.00212	0.00767	0.00642	0.03564	0.01191
36	0.01037	0.00755	0.01012	0.01157	0.01297	0.00730	0.00947	0.01293	0.01564	0.02023	0.04211	0.25658	0.11942	0.02019	0.00947	0.00307	0.00557	0.41257	0.00658	0.00629
37	0.02660	0.03394	0.02018	0.01834	0.02201	0.72116	0.01376	0.02843	0.02018	0.01743	0.01101	0.01284	0.00917	0.00734	0.00642	0.00183	0.01284	0.00459	0.00367	0.00825
38	0.01495	0.13761	0.61794	0.01916	0.02906	0.01817	0.02432	0.02238	0.01495	0.02174	0.01237	0.01453	0.00904	0.00667	0.00646	0.00215	0.01011	0.00506	0.00301	0.01033
39	0.00866	0.00624	0.00821	0.00979	0.01029	0.00579	0.00655	0.00993	0.01375	0.01823	0.04078	0.71363	0.07759	0.02211	0.00906	0.00287	0.00411	0.02000	0.00661	0.00579
40	0.01184	0.00768	0.01000	0.00919	0.01122	0.00700	0.00697	0.01508	0.02000	0.08536	0.61646	0.05146	0.09187	0.01423	0.00830	0.00224	0.00360	0.01250	0.00786	0.00714
41	0.14163	0.13446	0.36189	0.01687	0.02457	0.04414	0.04321	0.02335	0.01513	0.08968	0.01328	0.01494	0.00975	0.00702	0.00669	0.00215	0.03244	0.00513	0.00385	0.00982
42	0.01001	0.00728	0.00864	0.00910	0.01086	0.00654	0.00684	0.01196	0.01578	0.04489	0.10017	0.23048	0.34154	0.05376	0.01008	0.00285	0.00441	0.11195	0.00666	0.00623
43	0.01237	0.00618	0.00928	0.00928	0.00928	0.00618	0.00618	0.00928	0.00928	0.01237	0.01237	0.02165	0.01237	0.02474	0.02783	0.79283	0.00618	0.00618	0.00309	0.00309
44	0.01428	0.03683	0.71286	0.02030	0.03082	0.01654	0.02631	0.02255	0.01503	0.02255	0.01278	0.01503	0.00902	0.00677	0.00677	0.00226	0.01052	0.00526	0.00301	0.01052
45	0.29404	0.01713	0.01626	0.01450	0.04972	0.06245	0.01110	0.25371	0.10781	0.03406	0.01905	0.01940	0.05538	0.00844	0.00622	0.00219	0.00682	0.00616	0.00577	0.00980
46	0.01762	0.01692	0.02890	0.04371	0.70533	0.01692	0.02185	0.02185	0.01621	0.02326	0.01339	0.01762	0.01128	0.00634	0.00705	0.00211	0.00846	0.00634	0.00352	0.01128
47	0.00874	0.00745	0.00756	0.00756	0.00995	0.00640	0.00566	0.01116	0.03935	0.01956	0.06943	0.09223	0.65472	0.01791	0.00840	0.00242	0.00370	0.01498	0.00663	0.00618
48	0.56937	0.01716	0.11024	0.03558	0.04328	0.01587	0.03628	0.02189	0.01334	0.06491	0.01164	0.01344	0.00871	0.00673	0.00521	0.00222	0.00670	0.00456	0.00434	0.00854
49	0.01746	0.01675	0.02860	0.07097	0.67936	0.01688	0.02177	0.02171	0.01614	0.02306	0.01336	0.01768	0.01121	0.00638	0.00705	0.00213	0.00850	0.00634	0.00351	0.01115
50	0.01756	0.01868	0.07829	0.05994	0.46177	0.04951	0.01956	0.02461	0.12866	0.02384	0.01578	0.01865	0.01266	0.00697	0.00698	0.00214	0.00829	0.00640	0.00412	0.03560
51	0.00868	0.00620	0.00826	0.00991	0.01033	0.00578	0.00661	0.00991	0.01363	0.01818	0.03925	0.74510	0.04710	0.02231	0.00909	0.00289	0.00413	0.02024	0.00661	0.00578
52	0.01504	0.06350	0.49197	0.02430	0.16071	0.01673	0.04744	0.02194	0.01554	0.02272	0.04515	0.01731	0.01226	0.00699	0.00686	0.00220	0.00971	0.00588	0.00336	0.01040
53	0.01665	0.01593	0.02715	0.20378	0.55285	0.01666	0.02137	0.02100	0.01575	0.02209	0.01322	0.01794	0.01086	0.00652	0.00707	0.00217	0.00870	0.00634	0.00344	0.01050
54	0.01408	0.01276	0.01151	0.01092	0.01360	0.11784	0.00820	0.01908	0.12883	0.05413	0.12637	0.13155	0.29430	0.01468	0.00794	0.00235	0.00551	0.01228	0.00652	0.00757
55	0.01177	0.00972	0.01268	0.01211	0.01307	0.03655	0.00928	0.01373	0.01160	0.01652	0.01789	0.02845	0.01747	0.15857	0.44758	0.00870	0.13219	0.00771	0.02808	0.00633
56	0.00965	0.00723	0.00895	0.00859	0.01039	0.00653	0.00642	0.01259	0.01906	0.02610	0.53695	0.07811	0.21203	0.01559	0.00842	0.00230	0.00344	0.01360	0.00752	0.00653
57	0.02084	0.01664	0.01856	0.01570	0.05246	0.01746	0.01201	0.29732	0.22249	0.03407	0.01934	0.01934	0.01453	0.00797	0.00670	0.00195	0.00659	0.00635	0.00627	0.20339
58	0.01428	0.03683	0.71286	0.02030	0.03082	0.01654	0.02631	0.02255	0.01503	0.02255	0.01278	0.01503	0.00902	0.00677	0.00677	0.00226	0.01052	0.00526	0.00301	0.01052
59	0.06684	0.22719	0.39297	0.01738	0.02558	0.06315	0.03781	0.05341	0.01593	0.02232	0.01196	0.01392	0.00917	0.00667	0.00606	0.00203	0.00948	0.00488	0.00336	0.00988
