[name]
unknown

[dist]
# distance from previous block
# <min> <max>
0	4

[block]
# block no. 0 follows, 27 sequences, length 11
# corresponding to MSA columns:
# 4-14
name=unknown_A
#
# <colnr> <probs for GDERKNQSTAVLIFYWHMCP>
#	G	D	E	R	K	N	Q	S	T	A	V	L	I	F	Y	W	H	M	C	P
0	0.02623	0.01649	0.13786	0.01471	0.02066	0.01162	0.01404	0.03023	0.01952	0.45775	0.02823	0.03396	0.02111	0.01082	0.00789	0.00251	0.00724	0.12014	0.00769	0.01131
1	0.02121	0.26286	0.25378	0.01843	0.07145	0.05461	0.01815	0.05129	0.01759	0.14222	0.01531	0.01631	0.01134	0.00728	0.00639	0.00205	0.00900	0.00543	0.00447	0.01080
2	0.06460	0.12776	0.18548	0.01760	0.02324	0.16806	0.01693	0.09355	0.01831	0.07336	0.01339	0.01549	0.01044	0.00844	0.00954	0.00228	0.13184	0.00549	0.00430	0.00991
3	0.00991	0.01004	0.07786	0.01040	0.01225	0.00743	0.00823	0.01182	0.01427	0.01876	0.04195	0.39134	0.17496	0.15844	0.01453	0.00365	0.00542	0.01641	0.00605	0.00628
4	0.02352	0.04969	0.01746	0.01358	0.01830	0.01437	0.01110	0.09522	0.19218	0.27605	0.09805	0.03141	0.02539	0.01052	0.00760	0.00234	0.00617	0.05294	0.00780	0.04633
5	0.01841	0.06775	0.02361	0.07051	0.33036	0.08478	0.01654	0.02191	0.01766	0.07688	0.10292	0.09473	0.02294	0.00971	0.00751	0.00225	0.00795	0.00863	0.00497	0.00996
6	0.00904	0.00646	0.00861	0.01034	0.01077	0.00603	0.00689	0.01034	0.01421	0.01895	0.04092	0.73426	0.04910	0.02326	0.00948	0.00301	0.00431	0.02110	0.00689	0.00603
7	0.01376	0.00813	0.00992	0.00937	0.01126	0.00785	0.00692	0.03786	0.01796	0.08273	0.27438	0.11535	0.04183	0.08800	0.03826	0.00311	0.00499	0.01134	0.20971	0.00727
8	0.04330	0.32022	0.13314	0.13684	0.02760	0.02196	0.05552	0.02304	0.01556	0.08796	0.01342	0.01597	0.01053	0.00740	0.00744	0.00212	0.05889	0.00547	0.00388	0.00972
9	0.02146	0.01408	0.01477	0.01260	0.01599	0.08178	0.00955	0.09769	0.09079	0.21167	0.13815	0.03407	0.02816	0.17899	0.01463	0.00341	0.00691	0.00900	0.00702	0.00928
10	0.00919	0.00668	0.00856	0.00987	0.01059	0.00617	0.00666	0.01064	0.01481	0.01959	0.08738	0.58646	0.11812	0.05476	0.01064	0.00310	0.00433	0.01954	0.00687	0.00605

[dist]
# distance from previous block
# <min> <max>
3	18

[block]
# block no. 1 follows, 27 sequences, length 8
# corresponding to MSA columns:
# 33-40
name=unknown_B
#
# <colnr> <probs for GDERKNQSTAVLIFYWHMCP>
#	G	D	E	R	K	N	Q	S	T	A	V	L	I	F	Y	W	H	M	C	P
0	0.08967	0.22326	0.02341	0.05831	0.02075	0.01961	0.01214	0.14968	0.07638	0.16306	0.02005	0.07861	0.01626	0.00928	0.00661	0.00217	0.00711	0.00719	0.00602	0.01043
1	0.01783	0.40038	0.15183	0.01427	0.02031	0.02213	0.01445	0.08947	0.01715	0.02198	0.01738	0.14793	0.01722	0.00991	0.00634	0.00206	0.00784	0.00773	0.00432	0.00947
2	0.01180	0.00988	0.00972	0.01031	0.01092	0.08192	0.00666	0.01260	0.01347	0.01690	0.03018	0.36047	0.03530	0.33115	0.02142	0.00471	0.00653	0.01490	0.00553	0.00564
3	0.01802	0.09080	0.01673	0.01235	0.01583	0.01469	0.00984	0.21448	0.02134	0.07052	0.03385	0.18396	0.14974	0.05522	0.01002	0.00268	0.02852	0.01148	0.03105	0.00889
4	0.01367	0.01338	0.02385	0.16475	0.07039	0.01407	0.19682	0.01747	0.01546	0.02063	0.02719	0.16728	0.10611	0.01404	0.03802	0.00302	0.06974	0.01128	0.00464	0.00820
5	0.01604	0.01470	0.02413	0.41510	0.18309	0.01666	0.05977	0.06155	0.03834	0.02287	0.01567	0.04473	0.01265	0.00795	0.00749	0.00240	0.00917	0.00732	0.03100	0.00938
6	0.00917	0.00663	0.00846	0.00987	0.01046	0.00615	0.00656	0.01041	0.01418	0.01866	0.04272	0.61068	0.10919	0.08488	0.01186	0.00333	0.00450	0.01968	0.00668	0.00592
7	0.01420	0.01344	0.02230	0.66375	0.04854	0.01701	0.02026	0.01888	0.01456	0.01888	0.01291	0.01950	0.00988	0.00788	0.00881	0.00254	0.06854	0.00659	0.00329	0.00824

[dist]
# distance from previous block
# <min> <max>
0	4

[block]
# block no. 2 follows, 27 sequences, length 19
# corresponding to MSA columns:
# 47-65
name=unknown_C
#
# <colnr> <probs for GDERKNQSTAVLIFYWHMCP>
#	G	D	E	R	K	N	Q	S	T	A	V	L	I	F	Y	W	H	M	C	P
0	0.02837	0.06140	0.02261	0.01635	0.02229	0.02188	0.01363	0.55214	0.03206	0.12621	0.01882	0.01841	0.01316	0.00880	0.00728	0.00220	0.00793	0.00662	0.00740	0.01245
1	0.00948	0.00843	0.03529	0.00926	0.01134	0.00679	0.00715	0.01183	0.01704	0.02209	0.20303	0.25377	0.34018	0.01878	0.00890	0.00261	0.00414	0.01630	0.00704	0.00655
2	0.01834	0.01865	0.02587	0.24670	0.37376	0.11277	0.02045	0.02333	0.04715	0.02211	0.01413	0.01854	0.01139	0.00716	0.00729	0.00226	0.00964	0.00644	0.00376	0.01025
3	0.01236	0.00980	0.01501	0.13386	0.02114	0.00954	0.06346	0.01500	0.01502	0.04771	0.03017	0.43617	0.03335	0.01640	0.00849	0.00262	0.00616	0.01500	0.00581	0.10293
4	0.66132	0.01528	0.01220	0.01067	0.01536	0.05304	0.00872	0.02393	0.01410	0.11082	0.01263	0.01369	0.00934	0.00720	0.00504	0.00228	0.00622	0.00447	0.00509	0.00861
5	0.00935	0.00659	0.00853	0.00995	0.01031	0.00623	0.00648	0.01042	0.01363	0.01817	0.03791	0.61658	0.04531	0.14611	0.01433	0.00373	0.00480	0.01934	0.00648	0.00577
6	0.01693	0.08721	0.15213	0.17789	0.08669	0.05927	0.15480	0.02183	0.01553	0.02086	0.01274	0.01732	0.01016	0.00787	0.01010	0.00245	0.12681	0.00649	0.00341	0.00951
7	0.01970	0.01639	0.02342	0.02348	0.16094	0.04544	0.09721	0.07149	0.11699	0.10056	0.01979	0.05373	0.01612	0.01187	0.04575	0.00295	0.11519	0.00790	0.04078	0.01028
8	0.01005	0.00698	0.00822	0.00879	0.00914	0.00674	0.00538	0.01063	0.01242	0.01636	0.03341	0.27670	0.08843	0.44406	0.02607	0.00543	0.00596	0.01460	0.00548	0.00515
9	0.01121	0.00755	0.01032	0.01047	0.01176	0.00835	0.00792	0.01382	0.01293	0.01967	0.02294	0.09395	0.02180	0.07015	0.45604	0.00858	0.01416	0.00903	0.18278	0.00655
10	0.01649	0.01185	0.01339	0.01227	0.01501	0.01236	0.00928	0.25232	0.02215	0.03004	0.03374	0.35350	0.08534	0.01631	0.00828	0.00257	0.00560	0.01409	0.07686	0.00855
11	0.00918	0.00728	0.00829	0.00880	0.01061	0.00639	0.00644	0.01114	0.01658	0.02085	0.12701	0.25818	0.41301	0.01977	0.00904	0.00268	0.00404	0.04738	0.00702	0.00630
12	0.00904	0.00646	0.00861	0.01034	0.01077	0.00603	0.00689	0.01034	0.01421	0.01895	0.04092	0.73426	0.04910	0.02326	0.00948	0.00301	0.00431	0.02110	0.00689	0.00603
13	0.01612	0.01683	0.05646	0.34037	0.30059	0.04081	0.04179	0.02081	0.01610	0.02145	0.01651	0.02133	0.04360	0.00761	0.00746	0.00234	0.00943	0.00700	0.00365	0.00973
14	0.06136	0.03988	0.02343	0.24670	0.03181	0.04505	0.12980	0.07009	0.07055	0.02405	0.04639	0.02157	0.01477	0.01070	0.03374	0.03969	0.04195	0.00718	0.03246	0.00881
15	0.50864	0.01432	0.01355	0.01134	0.01633	0.01549	0.00933	0.06572	0.03755	0.21981	0.01672	0.01660	0.01167	0.00776	0.00566	0.00230	0.00606	0.00528	0.00614	0.00972
16	0.00976	0.00714	0.00917	0.00955	0.01086	0.00655	0.00682	0.01224	0.01795	0.02457	0.37401	0.32227	0.12418	0.01870	0.00904	0.00262	0.00384	0.01665	0.00754	0.00655
17	0.01891	0.06005	0.28166	0.05306	0.02954	0.01782	0.15330	0.07667	0.01812	0.10746	0.04314	0.01960	0.01368	0.00808	0.00881	0.00240	0.06569	0.00688	0.00458	0.01053
18	0.02030	0.04817	0.01784	0.01283	0.01865	0.01429	0.01046	0.16684	0.07487	0.10530	0.04243	0.02141	0.04141	0.00793	0.00652	0.00172	0.00619	0.00630	0.00604	0.37049

[dist]
# distance from previous block
# <min> <max>
3	20

[block]
# block no. 3 follows, 27 sequences, length 29
# corresponding to MSA columns:
# 86-114
name=unknown_D
#
# <colnr> <probs for GDERKNQSTAVLIFYWHMCP>
#	G	D	E	R	K	N	Q	S	T	A	V	L	I	F	Y	W	H	M	C	P
0	0.01816	0.01772	0.02757	0.06102	0.41249	0.04418	0.07775	0.02506	0.12098	0.02436	0.01699	0.02171	0.01409	0.00805	0.00872	0.00239	0.05694	0.02650	0.00435	0.01095
1	0.01184	0.00881	0.01078	0.01120	0.01275	0.00863	0.00788	0.07166	0.05715	0.02237	0.03566	0.55205	0.04080	0.04717	0.00998	0.00294	0.00494	0.01751	0.00672	0.05916
2	0.35506	0.01344	0.01596	0.21355	0.02577	0.01551	0.03214	0.03946	0.01481	0.07016	0.01546	0.06494	0.01284	0.00864	0.00689	0.00241	0.03387	0.00658	0.04411	0.00840
3	0.01017	0.00697	0.00847	0.00908	0.00930	0.00689	0.00559	0.01076	0.01206	0.01615	0.02942	0.29063	0.03440	0.45076	0.06179	0.00595	0.00682	0.01431	0.00532	0.00515
4	0.01618	0.02078	0.13764	0.02866	0.11807	0.01703	0.38291	0.02180	0.01654	0.02301	0.01749	0.10360	0.01547	0.00869	0.00898	0.00253	0.03742	0.00936	0.00400	0.00984
5	0.02134	0.01600	0.01761	0.01474	0.01871	0.01776	0.01165	0.36855	0.12254	0.03581	0.02396	0.14660	0.02143	0.05051	0.00999	0.00269	0.03577	0.00968	0.04421	0.01046
6	0.01289	0.00645	0.00967	0.00967	0.00967	0.00645	0.00645	0.00967	0.00967	0.01289	0.01289	0.02257	0.01289	0.02579	0.02901	0.78401	0.00645	0.00645	0.00322	0.00322
7	0.02298	0.21538	0.02487	0.01525	0.02066	0.04865	0.01291	0.25417	0.23229	0.04975	0.01977	0.01937	0.01499	0.00854	0.00672	0.00214	0.00753	0.00644	0.00623	0.01136
8	0.01847	0.41660	0.03364	0.01653	0.02216	0.07752	0.15159	0.02160	0.01613	0.01954	0.01715	0.06455	0.04563	0.00824	0.00629	0.00195	0.00872	0.00687	0.03773	0.00906
9	0.02702	0.05128	0.02131	0.01595	0.02149	0.06643	0.01308	0.45690	0.02954	0.12589	0.01955	0.05443	0.01482	0.00935	0.00730	0.00218	0.00797	0.00718	0.00709	0.04122
10	0.01752	0.02003	0.04380	0.03129	0.03880	0.01877	0.66583	0.02378	0.01752	0.02378	0.01502	0.02003	0.01126	0.00626	0.00876	0.00250	0.01252	0.00876	0.00375	0.01001
11	0.00902	0.00747	0.00790	0.00793	0.01021	0.00635	0.00589	0.01107	0.01729	0.02125	0.15280	0.10939	0.57065	0.01860	0.00881	0.00252	0.00376	0.01570	0.00706	0.00635
12	0.01611	0.01733	0.03402	0.02565	0.03037	0.01812	0.41894	0.02057	0.01556	0.02168	0.01704	0.11118	0.01576	0.01013	0.01274	0.00275	0.18918	0.00979	0.00403	0.00903
13	0.09982	0.01510	0.01809	0.01399	0.01969	0.01485	0.01156	0.21353	0.02434	0.45428	0.02435	0.02198	0.01582	0.00890	0.00720	0.00228	0.00679	0.00694	0.00828	0.01222
14	0.00963	0.00711	0.00900	0.00947	0.01079	0.00649	0.00674	0.01196	0.01756	0.02376	0.32420	0.33878	0.15896	0.01909	0.00906	0.00264	0.00388	0.01696	0.00744	0.00649
15	0.02104	0.01172	0.01409	0.01181	0.01565	0.01157	0.00942	0.12558	0.06858	0.23341	0.16351	0.03505	0.08932	0.01365	0.04421	0.00276	0.00613	0.00931	0.10335	0.00984
16	0.02758	0.01928	0.02119	0.01642	0.02206	0.02111	0.01353	0.57192	0.03228	0.10229	0.01896	0.01918	0.01350	0.01183	0.05086	0.00283	0.00873	0.00683	0.00737	0.01225
17	0.00921	0.00700	0.00826	0.00903	0.01028	0.00629	0.00622	0.01075	0.01538	0.01971	0.09777	0.38071	0.28457	0.08520	0.01170	0.00315	0.00431	0.01764	0.00677	0.00605
18	0.25146	0.01433	0.01614	0.01278	0.01822	0.01434	0.01055	0.12460	0.02076	0.41067	0.02214	0.02036	0.01455	0.00848	0.00663	0.00229	0.00642	0.00636	0.00760	0.01131
19	0.01599	0.01429	0.01968	0.01671	0.01986	0.06078	0.12534	0.12533	0.03533	0.02415	0.02289	0.18982	0.02259	0.02529	0.20931	0.00526	0.04301	0.01071	0.00525	0.00841
20	0.02802	0.01254	0.01609	0.01279	0.01765	0.01161	0.01038	0.11351	0.02228	0.47281	0.09026	0.06142	0.02403	0.01036	0.00753	0.00229	0.00600	0.00855	0.06051	0.01140
21	0.00890	0.00741	0.00777	0.00792	0.01017	0.00628	0.00585	0.01081	0.01687	0.02049	0.10628	0.14079	0.58682	0.01907	0.00885	0.00255	0.00380	0.01612	0.00697	0.00628
22	0.02053	0.01057	0.01364	0.01192	0.01540	0.01005	0.00929	0.02560	0.10430	0.29831	0.17997	0.13781	0.05443	0.01603	0.05402	0.00308	0.00615	0.01119	0.00801	0.00971
23	0.02488	0.02045	0.01984	0.01628	0.02104	0.11392	0.01297	0.45437	0.06099	0.03805	0.02094	0.12265	0.01803	0.01090	0.00763	0.00231	0.00820	0.00862	0.00686	0.01107
24	0.02482	0.01427	0.01700	0.01380	0.01833	0.01443	0.01107	0.27653	0.02553	0.25776	0.11156	0.13012	0.02729	0.01191	0.00791	0.00238	0.00638	0.00993	0.00803	0.01094
25	0.02234	0.01695	0.01825	0.01492	0.01937	0.01878	0.01181	0.38111	0.19432	0.03751	0.06557	0.02675	0.02078	0.10377	0.01146	0.00295	0.00716	0.00809	0.00713	0.01099
26	0.01492	0.01465	0.02219	0.67534	0.04929	0.06180	0.02021	0.01967	0.01525	0.01892	0.01308	0.01937	0.00987	0.00744	0.00737	0.00244	0.01012	0.00648	0.00333	0.00827
27	0.02822	0.02079	0.02228	0.01708	0.02302	0.02302	0.01411	0.66804	0.03490	0.04679	0.01782	0.01782	0.01262	0.00891	0.00743	0.00223	0.00817	0.00668	0.00743	0.01262
28	0.00922	0.00661	0.00863	0.01004	0.01062	0.00616	0.00673	0.01061	0.01459	0.01947	0.08378	0.62833	0.07515	0.05893	0.01084	0.00316	0.00438	0.01986	0.00685	0.00603

[dist]
# distance from previous block
# <min> <max>
0	10

[block]
# block no. 4 follows, 27 sequences, length 29
# corresponding to MSA columns:
# 125-153
name=unknown_E
#
# <colnr> <probs for GDERKNQSTAVLIFYWHMCP>
#	G	D	E	R	K	N	Q	S	T	A	V	L	I	F	Y	W	H	M	C	P
0	0.02432	0.01752	0.01922	0.01555	0.02036	0.01910	0.01250	0.48702	0.06289	0.06696	0.02326	0.15365	0.02024	0.01168	0.00782	0.00239	0.00725	0.00952	0.00740	0.01134
1	0.01163	0.00842	0.01068	0.00999	0.01191	0.00805	0.00750	0.06044	0.02132	0.02990	0.57567	0.12105	0.06383	0.01554	0.00873	0.00240	0.00392	0.01372	0.00799	0.00731
2	0.04346	0.18091	0.54163	0.01904	0.02884	0.01969	0.02375	0.02319	0.01545	0.02263	0.01261	0.01478	0.00938	0.00690	0.00650	0.00219	0.01017	0.00513	0.00319	0.01057
3	0.01674	0.01826	0.03657	0.13777	0.03722	0.01914	0.44570	0.02194	0.01598	0.02194	0.01377	0.01930	0.01077	0.00767	0.01140	0.00263	0.14222	0.00801	0.00359	0.00939
4	0.01966	0.00986	0.01298	0.01132	0.01453	0.00899	0.00877	0.04958	0.02045	0.28234	0.29162	0.16616	0.04416	0.01411	0.00834	0.00244	0.00492	0.01227	0.00829	0.00920
5	0.04647	0.06107	0.62134	0.02144	0.05906	0.01766	0.02594	0.02337	0.01558	0.02373	0.01313	0.01551	0.00945	0.00700	0.00689	0.00232	0.01056	0.00542	0.00322	0.01084
6	0.14177	0.01380	0.01693	0.01251	0.01875	0.01173	0.05594	0.02162	0.01580	0.10519	0.01477	0.01636	0.01141	0.00621	0.00582	0.00153	0.00614	0.00501	0.00495	0.51376
7	0.00973	0.00901	0.04149	0.00906	0.01162	0.00709	0.00737	0.01248	0.01808	0.02336	0.26637	0.08879	0.41387	0.01730	0.00876	0.00249	0.00414	0.03511	0.00712	0.00674
8	0.00938	0.00738	0.00847	0.00854	0.01049	0.00647	0.00627	0.01170	0.01784	0.02305	0.26991	0.16693	0.39055	0.01830	0.00887	0.00253	0.00376	0.01576	0.00731	0.00647
9	0.01112	0.00762	0.00986	0.00953	0.01130	0.00697	0.00706	0.01414	0.01970	0.05537	0.51928	0.15915	0.10801	0.01642	0.00881	0.00245	0.00376	0.01451	0.00793	0.00704
10	0.14844	0.01271	0.01599	0.01254	0.01795	0.01164	0.01032	0.03315	0.01992	0.57109	0.05124	0.02438	0.01874	0.00906	0.00707	0.00230	0.00612	0.00716	0.00845	0.01172
11	0.01412	0.00938	0.01128	0.01015	0.01291	0.00887	0.00782	0.04518	0.07330	0.10563	0.39098	0.05184	0.20020	0.01465	0.00846	0.00238	0.00427	0.01257	0.00792	0.00810
12	0.03827	0.00800	0.00947	0.00935	0.01152	0.00728	0.00712	0.01390	0.01814	0.05944	0.28193	0.14122	0.28415	0.01726	0.00875	0.00256	0.00417	0.06312	0.00738	0.00694
13	0.01710	0.01981	0.06453	0.09121	0.07162	0.01865	0.52267	0.02302	0.01690	0.02309	0.01449	0.01958	0.01103	0.00673	0.00925	0.00252	0.04601	0.00824	0.00366	0.00989
14	0.01526	0.01924	0.16554	0.02415	0.11814	0.01433	0.22733	0.02007	0.01596	0.04581	0.02146	0.18200	0.02085	0.06284	0.01041	0.00287	0.00924	0.01067	0.00457	0.00925
15	0.02021	0.01453	0.01639	0.01391	0.01768	0.01551	0.01092	0.34791	0.05382	0.05721	0.12746	0.21312	0.03163	0.01371	0.00818	0.00247	0.00628	0.01161	0.00746	0.00999
16	0.00998	0.00739	0.00944	0.01021	0.01164	0.00685	0.00771	0.01242	0.01718	0.02280	0.22625	0.29273	0.17271	0.01964	0.00930	0.00281	0.00449	0.14270	0.00723	0.00651
17	0.01524	0.08886	0.65329	0.02055	0.03119	0.01811	0.02637	0.02342	0.01563	0.02308	0.01311	0.01540	0.00941	0.00700	0.00689	0.00230	0.01075	0.00538	0.00314	0.01087
18	0.01080	0.00720	0.00810	0.00810	0.00810	0.00720	0.00450	0.01080	0.01080	0.01439	0.02339	0.04858	0.02699	0.73910	0.03779	0.00720	0.00720	0.01080	0.00450	0.00450
19	0.02846	0.01356	0.01707	0.01349	0.01865	0.01295	0.01100	0.13042	0.08068	0.45875	0.10801	0.02802	0.02417	0.00995	0.00762	0.00231	0.00622	0.00815	0.00865	0.01187
20	0.00961	0.00694	0.00896	0.00971	0.01070	0.00643	0.00673	0.01162	0.01650	0.02243	0.26035	0.42927	0.09559	0.05628	0.01061	0.00296	0.00415	0.01766	0.00720	0.00630
21	0.01816	0.01130	0.01182	0.01019	0.01313	0.01199	0.00795	0.22129	0.02134	0.03284	0.02216	0.02590	0.01752	0.05497	0.00796	0.00223	0.00518	0.00709	0.48843	0.00856
22	0.03630	0.00778	0.01004	0.01001	0.01119	0.00858	0.00733	0.01369	0.01236	0.01901	0.02123	0.03300	0.02033	0.20947	0.39445	0.00858	0.01332	0.00832	0.14878	0.00622
23	0.00904	0.00646	0.00861	0.01034	0.01077	0.00603	0.00689	0.01034	0.01421	0.01895	0.04092	0.73426	0.04910	0.02326	0.00948	0.00301	0.00431	0.02110	0.00689	0.00603
24	0.05549	0.03714	0.66459	0.02056	0.03120	0.01721	0.02641	0.02342	0.01551	0.02402	0.01317	0.01548	0.00933	0.00704	0.00692	0.00235	0.01070	0.00541	0.00321	0.01082
25	0.06742	0.01818	0.02711	0.13628	0.50782	0.07089	0.02089	0.02272	0.01666	0.02361	0.01343	0.01779	0.01109	0.00683	0.00713	0.00223	0.00913	0.00631	0.00369	0.01079
26	0.02645	0.01913	0.02082	0.01622	0.02148	0.02111	0.01322	0.59190	0.03199	0.04287	0.01725	0.01837	0.01266	0.01086	0.00992	0.09264	0.00797	0.00666	0.00694	0.01154
27	0.11315	0.10972	0.20040	0.01468	0.02075	0.10947	0.01472	0.06438	0.01801	0.06706	0.05037	0.02726	0.14124	0.00981	0.00687	0.00221	0.00817	0.00746	0.00498	0.00930
28	0.01215	0.00760	0.00853	0.00844	0.00921	0.00753	0.00528	0.01364	0.03388	0.04286	0.02754	0.08825	0.05825	0.49409	0.02739	0.00552	0.00619	0.01087	0.12719	0.00559

[dist]
# distance from previous block
# <min> <max>
6	10

[block]
# block no. 5 follows, 27 sequences, length 24
# corresponding to MSA columns:
# 164-187
name=unknown_F
#
# <colnr> <probs for GDERKNQSTAVLIFYWHMCP>
#	G	D	E	R	K	N	Q	S	T	A	V	L	I	F	Y	W	H	M	C	P
0	0.01288	0.00849	0.01132	0.01207	0.01406	0.00814	0.01008	0.01585	0.01739	0.07315	0.10985	0.09692	0.11952	0.05296	0.01099	0.00328	0.00601	0.40290	0.00705	0.00708
1	0.06119	0.01333	0.13339	0.01139	0.01490	0.00910	0.01055	0.01443	0.01650	0.02308	0.15719	0.21133	0.23338	0.01641	0.00843	0.00260	0.00542	0.04376	0.00629	0.00733
2	0.01505	0.01531	0.02924	0.02429	0.07722	0.01528	0.32887	0.01946	0.01648	0.02246	0.05381	0.07717	0.06854	0.01301	0.03863	0.00307	0.08351	0.08511	0.00469	0.00879
3	0.00917	0.00662	0.00871	0.01034	0.01095	0.00616	0.00706	0.01059	0.01450	0.01917	0.04273	0.66668	0.08415	0.02288	0.00947	0.00301	0.00440	0.05043	0.00689	0.00608
4	0.00923	0.00659	0.00882	0.01054	0.01105	0.00619	0.00721	0.01065	0.01439	0.01915	0.04082	0.69376	0.04870	0.02309	0.00952	0.00304	0.00446	0.05981	0.00689	0.00608
5	0.01489	0.03840	0.70064	0.02116	0.03213	0.01724	0.02743	0.02351	0.01567	0.02351	0.01332	0.01567	0.00940	0.00705	0.00705	0.00235	0.01097	0.00549	0.00313	0.01097
6	0.01005	0.00814	0.00912	0.00946	0.01174	0.00743	0.00742	0.01333	0.05350	0.02141	0.08593	0.11226	0.45511	0.01882	0.00906	0.00272	0.00454	0.14629	0.00697	0.00670
7	0.08453	0.01150	0.01465	0.01177	0.01652	0.01028	0.00956	0.02918	0.02007	0.48007	0.12174	0.03364	0.10186	0.01093	0.00757	0.00233	0.00560	0.00895	0.00844	0.01080
8	0.01259	0.00911	0.01116	0.01149	0.01299	0.00915	0.00820	0.12896	0.01837	0.02465	0.07799	0.56210	0.04387	0.02016	0.00906	0.00283	0.00495	0.01802	0.00707	0.00728
9	0.05705	0.00776	0.00935	0.00922	0.01073	0.00741	0.00659	0.01321	0.01768	0.02540	0.40947	0.15879	0.09695	0.12255	0.01289	0.00316	0.00432	0.01382	0.00713	0.00650
10	0.17803	0.56389	0.03227	0.01212	0.01809	0.02600	0.01167	0.02273	0.01484	0.04932	0.01112	0.01250	0.00960	0.00658	0.00484	0.00176	0.00742	0.00413	0.00372	0.00935
11	0.62445	0.01815	0.11000	0.01298	0.01869	0.01690	0.06030	0.02221	0.01343	0.03122	0.01111	0.01317	0.00847	0.00687	0.00525	0.00232	0.00699	0.00458	0.00433	0.00860
12	0.01596	0.01258	0.01411	0.01314	0.01649	0.01339	0.01067	0.13858	0.20831	0.02898	0.06819	0.05204	0.17713	0.01485	0.00859	0.00270	0.00598	0.18194	0.00721	0.00915
13	0.01944	0.45959	0.17323	0.01505	0.02192	0.09172	0.01567	0.05198	0.01677	0.02025	0.01447	0.01592	0.04180	0.00733	0.00574	0.00185	0.00892	0.00504	0.00360	0.00973
14	0.01797	0.01759	0.02658	0.03858	0.54518	0.06827	0.02012	0.02199	0.01741	0.02376	0.04831	0.02556	0.04325	0.00837	0.00759	0.00227	0.00861	0.04359	0.00420	0.01080
15	0.01611	0.02080	0.24813	0.01764	0.02409	0.01302	0.13286	0.02164	0.01838	0.11325	0.21844	0.03277	0.06958	0.01029	0.00802	0.00238	0.00801	0.00928	0.00575	0.00957
16	0.01795	0.01216	0.01454	0.01240	0.01600	0.01228	0.00970	0.16735	0.05175	0.10689	0.10428	0.09206	0.06917	0.05445	0.13550	0.00421	0.00844	0.00965	0.00655	0.09467
17	0.01925	0.57638	0.16498	0.01461	0.02174	0.05775	0.01560	0.02281	0.01547	0.01866	0.01095	0.01270	0.00950	0.00654	0.00529	0.00175	0.00877	0.00430	0.00320	0.00976
18	0.01529	0.01158	0.01449	0.01242	0.01603	0.01119	0.05128	0.10588	0.07825	0.05878	0.09889	0.13425	0.18597	0.01380	0.00803	0.00236	0.00557	0.03702	0.04947	0.08943
19	0.01690	0.01185	0.01411	0.04612	0.01691	0.01235	0.00991	0.22237	0.02165	0.06586	0.07448	0.32577	0.06479	0.04890	0.00982	0.00282	0.00597	0.01383	0.00699	0.00861
20	0.01712	0.01801	0.03467	0.02645	0.06308	0.01749	0.42209	0.04150	0.01691	0.02374	0.01515	0.04474	0.01250	0.00760	0.00990	0.00237	0.08894	0.00814	0.00402	0.12559
21	0.01845	0.03892	0.01753	0.01281	0.01823	0.01337	0.01039	0.10896	0.01810	0.08164	0.01654	0.06316	0.01414	0.00814	0.00789	0.00169	0.07185	0.00623	0.00522	0.46675
22	0.01559	0.03274	0.01155	0.00990	0.01241	0.01047	0.00760	0.05124	0.11179	0.06748	0.12128	0.03243	0.02697	0.07241	0.05466	0.00309	0.00572	0.00839	0.33619	0.00810
23	0.02185	0.01699	0.01828	0.01454	0.01982	0.01796	0.01175	0.35906	0.15719	0.03678	0.02657	0.02596	0.09736	0.00981	0.00731	0.00214	0.00675	0.00776	0.00690	0.13521

[dist]
# distance from previous block
# <min> <max>
0	1

[block]
# block no. 6 follows, 27 sequences, length 12
# corresponding to MSA columns:
# 189-200
name=unknown_G
#
# <colnr> <probs for GDERKNQSTAVLIFYWHMCP>
#	G	D	E	R	K	N	Q	S	T	A	V	L	I	F	Y	W	H	M	C	P
0	0.02598	0.09258	0.02296	0.02018	0.10781	0.28654	0.01437	0.12885	0.02169	0.14519	0.01631	0.01752	0.01236	0.01032	0.04276	0.00255	0.01052	0.00588	0.00528	0.01035
1	0.02274	0.06096	0.14151	0.04520	0.02276	0.01672	0.01481	0.20726	0.07096	0.18658	0.07628	0.06091	0.02048	0.00980	0.00744	0.00231	0.00755	0.00794	0.00669	0.01109
2	0.01417	0.00935	0.01153	0.01141	0.01335	0.00918	0.00831	0.11506	0.01878	0.08081	0.10009	0.47080	0.06989	0.01889	0.00889	0.00275	0.00497	0.01676	0.00729	0.00771
3	0.01645	0.00900	0.01183	0.01087	0.01368	0.00814	0.00864	0.01950	0.01972	0.20208	0.31932	0.08298	0.11992	0.01519	0.00868	0.00254	0.00482	0.11026	0.00803	0.00833
4	0.01830	0.50758	0.23284	0.01594	0.02369	0.02539	0.04368	0.02267	0.01536	0.01949	0.01139	0.01334	0.00956	0.00655	0.00560	0.00185	0.00901	0.00461	0.00319	0.00997
5	0.04922	0.00827	0.01015	0.01112	0.01249	0.00818	0.00817	0.05887	0.01625	0.02223	0.03981	0.50187	0.08650	0.02070	0.00916	0.00295	0.00501	0.11549	0.00681	0.00674
6	0.01101	0.00741	0.00972	0.01067	0.01139	0.00724	0.00729	0.05410	0.01478	0.01972	0.03435	0.55889	0.04018	0.02275	0.01284	0.14296	0.00495	0.01751	0.00627	0.00597
7	0.01669	0.01338	0.01669	0.01492	0.09195	0.01094	0.01041	0.02072	0.04366	0.07252	0.01928	0.02068	0.05738	0.00696	0.00615	0.00146	0.00582	0.00578	0.00496	0.55964
8	0.01689	0.01186	0.01356	0.01216	0.01577	0.01178	0.00983	0.15195	0.07592	0.09219	0.04355	0.08582	0.24002	0.01502	0.00843	0.00256	0.00579	0.13286	0.00715	0.04689
9	0.01393	0.04026	0.01179	0.00997	0.01212	0.00897	0.00737	0.04521	0.01821	0.09816	0.28913	0.13212	0.10816	0.15507	0.01408	0.00333	0.00505	0.01271	0.00704	0.00731
10	0.06538	0.09511	0.01986	0.01420	0.01910	0.01896	0.01165	0.28734	0.15610	0.03494	0.09348	0.05543	0.02188	0.00985	0.00710	0.00219	0.00667	0.00781	0.00667	0.06629
11	0.23357	0.12217	0.01617	0.01115	0.01511	0.01542	0.00911	0.05126	0.09809	0.08329	0.10532	0.06562	0.07205	0.04618	0.00807	0.00250	0.00577	0.00827	0.02214	0.00875

[dist]
# distance from previous block
# <min> <max>
2	4

[block]
# block no. 7 follows, 27 sequences, length 12
# corresponding to MSA columns:
# 205-216
name=unknown_H
#
# <colnr> <probs for GDERKNQSTAVLIFYWHMCP>
#	G	D	E	R	K	N	Q	S	T	A	V	L	I	F	Y	W	H	M	C	P
0	0.28607	0.08456	0.01675	0.01286	0.01710	0.16345	0.01035	0.09272	0.06210	0.02860	0.06710	0.02171	0.06000	0.00889	0.00616	0.00215	0.00744	0.00633	0.03687	0.00879
1	0.01868	0.06111	0.01637	0.01315	0.01705	0.07740	0.01076	0.18892	0.05881	0.06452	0.03940	0.04544	0.22793	0.01368	0.00808	0.00246	0.00682	0.11366	0.00667	0.00909
2	0.01500	0.08191	0.27066	0.02164	0.15233	0.04490	0.01834	0.01985	0.01569	0.02177	0.05928	0.10874	0.02018	0.05859	0.05636	0.00327	0.00950	0.00844	0.00418	0.00936
3	0.01202	0.00773	0.00977	0.00995	0.01092	0.00751	0.00683	0.03836	0.01486	0.04448	0.11620	0.25760	0.06016	0.21145	0.01949	0.11325	0.00559	0.04193	0.00601	0.00591
4	0.01741	0.25427	0.15240	0.01903	0.02496	0.06661	0.15066	0.02156	0.01544	0.02001	0.01415	0.05523	0.01264	0.01145	0.05547	0.00288	0.08617	0.00675	0.00359	0.00929
5	0.02326	0.33710	0.03008	0.01923	0.10287	0.21693	0.01462	0.13169	0.02026	0.02336	0.01233	0.01409	0.01032	0.00717	0.00606	0.00186	0.00961	0.00497	0.00412	0.01006
6	0.04604	0.09852	0.02022	0.01548	0.01751	0.01687	0.05215	0.01800	0.05700	0.01975	0.01929	0.14862	0.01956	0.02229	0.16237	0.00473	0.23994	0.00930	0.00442	0.00795
7	0.01621	0.01320	0.01504	0.04049	0.08001	0.04376	0.01081	0.05844	0.19234	0.07104	0.14716	0.04197	0.21375	0.01270	0.00802	0.00240	0.00581	0.01070	0.00689	0.00928
8	0.01790	0.02041	0.09503	0.13437	0.41804	0.06030	0.10073	0.02286	0.01683	0.02301	0.01377	0.01820	0.01107	0.00679	0.00746	0.00227	0.00991	0.00665	0.00359	0.01078
9	0.01372	0.00686	0.00725	0.00725	0.00877	0.00686	0.00534	0.01637	0.01485	0.02588	0.02284	0.02705	0.01828	0.01074	0.00809	0.09701	0.00382	0.00686	0.68566	0.00647
10	0.13602	0.01729	0.01585	0.06165	0.01972	0.14940	0.01191	0.07118	0.12641	0.02598	0.02309	0.06815	0.04001	0.01140	0.00835	0.00249	0.05272	0.09625	0.05339	0.00871
11	0.01109	0.00837	0.00999	0.01033	0.01171	0.00813	0.00703	0.01467	0.09466	0.01984	0.03483	0.40419	0.06528	0.18481	0.01541	0.00374	0.00524	0.01561	0.00622	0.06885

[dist]
# distance from previous block
# <min> <max>
0	7

[block]
# block no. 8 follows, 27 sequences, length 24
# corresponding to MSA columns:
# 224-247
name=unknown_I
#
# <colnr> <probs for GDERKNQSTAVLIFYWHMCP>
#	G	D	E	R	K	N	Q	S	T	A	V	L	I	F	Y	W	H	M	C	P
0	0.01605	0.01560	0.02123	0.21987	0.24238	0.09401	0.01711	0.01996	0.01735	0.02255	0.12237	0.06000	0.02442	0.01023	0.00786	0.00241	0.00845	0.06444	0.00471	0.00900
1	0.16803	0.06301	0.41720	0.01824	0.02694	0.01736	0.05572	0.04262	0.01622	0.08854	0.01431	0.01599	0.01017	0.00720	0.00661	0.00230	0.00939	0.00553	0.00414	0.01048
2	0.01505	0.03743	0.66926	0.02230	0.06305	0.01726	0.02721	0.02348	0.01573	0.02354	0.01335	0.01580	0.00951	0.00703	0.00707	0.00234	0.01087	0.00554	0.00316	0.01101
3	0.01827	0.01793	0.03180	0.04383	0.61308	0.01778	0.10116	0.02290	0.01698	0.02420	0.01409	0.01857	0.01170	0.00657	0.00752	0.00224	0.00927	0.00688	0.00368	0.01155
4	0.01873	0.01564	0.02200	0.01639	0.02255	0.01431	0.13980	0.12142	0.07813	0.06351	0.01780	0.04864	0.01433	0.00752	0.00689	0.00182	0.00732	0.00683	0.00537	0.37098
5	0.01391	0.00841	0.01123	0.01058	0.01285	0.00776	0.00831	0.01724	0.02022	0.12296	0.47490	0.07766	0.05786	0.01541	0.00883	0.00252	0.00444	0.10909	0.00807	0.00774
6	0.08389	0.62147	0.03503	0.01303	0.01901	0.08808	0.01246	0.02285	0.01541	0.01883	0.01042	0.01205	0.00941	0.00651	0.00492	0.00167	0.00824	0.00404	0.00335	0.00932
7	0.01652	0.01450	0.02401	0.37333	0.03771	0.01647	0.12684	0.11032	0.01724	0.02276	0.01400	0.01986	0.01097	0.01042	0.01149	0.12199	0.03226	0.00695	0.00395	0.00839
8	0.00904	0.00646	0.00861	0.01034	0.01077	0.00603	0.00689	0.01034	0.01421	0.01895	0.04092	0.73426	0.04910	0.02326	0.00948	0.00301	0.00431	0.02110	0.00689	0.00603
9	0.00968	0.00709	0.00938	0.01043	0.01103	0.00696	0.00716	0.01125	0.01494	0.02030	0.13867	0.55784	0.04935	0.06460	0.01169	0.00317	0.03480	0.01868	0.00679	0.00618
10	0.01341	0.01046	0.01468	0.01787	0.11858	0.01042	0.01275	0.05571	0.01798	0.02361	0.03833	0.10361	0.11100	0.01762	0.00942	0.00303	0.00673	0.40055	0.00640	0.00783
11	0.02075	0.01601	0.01830	0.10128	0.02370	0.01818	0.01310	0.12885	0.44202	0.09455	0.02624	0.02506	0.01923	0.00950	0.00751	0.00245	0.00674	0.00784	0.00717	0.01153
12	0.00902	0.00655	0.00852	0.01011	0.01071	0.00605	0.00679	0.01036	0.01444	0.01904	0.04373	0.67984	0.10170	0.02289	0.00942	0.00297	0.00426	0.02066	0.00689	0.00605
13	0.02904	0.01257	0.01657	0.01349	0.01858	0.01156	0.01113	0.03418	0.10098	0.53884	0.03055	0.03230	0.02170	0.01060	0.00780	0.00245	0.00632	0.08074	0.00872	0.01186
14	0.02780	0.01951	0.02137	0.01652	0.02222	0.02137	0.01362	0.58490	0.03269	0.09883	0.01886	0.01898	0.01338	0.01117	0.04097	0.00270	0.00858	0.00681	0.00741	0.01234
15	0.04290	0.19392	0.47831	0.02071	0.07834	0.01997	0.02312	0.02311	0.01553	0.02255	0.01260	0.01491	0.00956	0.00686	0.00648	0.00217	0.00995	0.00518	0.00323	0.01061
16	0.01434	0.00956	0.01082	0.04356	0.01329	0.04679	0.00835	0.01617	0.01439	0.02207	0.02125	0.03137	0.01892	0.01411	0.01271	0.17537	0.05975	0.08416	0.37670	0.00634
17	0.01239	0.01252	0.07182	0.01545	0.03733	0.01042	0.09100	0.01704	0.04842	0.02365	0.14770	0.10969	0.14231	0.01583	0.00905	0.00278	0.00664	0.21182	0.00634	0.00781
18	0.01877	0.03850	0.09120	0.02292	0.02928	0.01717	0.31955	0.02361	0.01655	0.10498	0.01546	0.01882	0.01166	0.00753	0.01006	0.00233	0.11149	0.00720	0.00437	0.12858
19	0.11364	0.01478	0.01728	0.03538	0.01918	0.01552	0.01142	0.15189	0.01871	0.08354	0.01687	0.07738	0.01455	0.00949	0.00953	0.00214	0.12795	0.00690	0.00541	0.24841
20	0.02000	0.54205	0.14483	0.01487	0.02166	0.11026	0.01531	0.02334	0.01591	0.01854	0.01095	0.01270	0.00951	0.00662	0.00537	0.00175	0.00910	0.00432	0.00325	0.00965
21	0.01980	0.01669	0.02007	0.27519	0.06704	0.12489	0.01569	0.05784	0.01800	0.11946	0.07769	0.02252	0.01701	0.00980	0.00985	0.03970	0.06777	0.00706	0.00492	0.00900
22	0.04020	0.01569	0.02865	0.02291	0.05509	0.01549	0.32395	0.02348	0.09811	0.06158	0.09564	0.08637	0.02404	0.01019	0.00900	0.00257	0.03257	0.03954	0.00541	0.00951
23	0.02177	0.06427	0.12648	0.01799	0.02394	0.10699	0.09411	0.03161	0.23086	0.15374	0.02222	0.02304	0.01644	0.00870	0.00740	0.00234	0.00867	0.02255	0.00597	0.01093

[dist]
# distance from previous block
# <min> <max>
6	10

[block]
# block no. 9 follows, 27 sequences, length 40
# corresponding to MSA columns:
# 258-297
name=unknown_J
#
# <colnr> <probs for GDERKNQSTAVLIFYWHMCP>
#	G	D	E	R	K	N	Q	S	T	A	V	L	I	F	Y	W	H	M	C	P
0	0.01710	0.10176	0.02598	0.06916	0.07795	0.01910	0.10956	0.06014	0.04298	0.02214	0.01401	0.01937	0.01221	0.04913	0.03928	0.00299	0.20604	0.00667	0.00402	0.10042
1	0.01622	0.01862	0.07136	0.05396	0.03361	0.01738	0.46285	0.02172	0.01617	0.02252	0.01536	0.02084	0.01212	0.01271	0.09209	0.00363	0.06254	0.00819	0.02875	0.00936
2	0.01849	0.54286	0.07984	0.01351	0.01927	0.06145	0.01328	0.02132	0.01495	0.01789	0.01207	0.01493	0.01092	0.01412	0.11435	0.00326	0.01029	0.00474	0.00333	0.00913
3	0.01087	0.00754	0.01003	0.07147	0.01412	0.00776	0.00808	0.01292	0.01396	0.01970	0.03107	0.33750	0.03419	0.13312	0.07971	0.00429	0.00679	0.06420	0.12642	0.00624
4	0.13909	0.06011	0.02026	0.01750	0.02154	0.58134	0.01336	0.02821	0.01958	0.02035	0.01126	0.01314	0.00934	0.00749	0.00631	0.00196	0.01206	0.00464	0.00391	0.00856
5	0.02156	0.06891	0.02607	0.03086	0.35245	0.17898	0.01790	0.09462	0.06611	0.02541	0.01503	0.01769	0.01220	0.00739	0.00698	0.00211	0.00937	0.00616	0.02939	0.01082
6	0.00953	0.00674	0.00876	0.01005	0.01056	0.00638	0.00673	0.01086	0.01427	0.01913	0.08324	0.55512	0.04688	0.13361	0.01385	0.00363	0.00480	0.04338	0.00661	0.00589
7	0.01228	0.01153	0.01058	0.01021	0.01242	0.10934	0.00758	0.01479	0.01898	0.02370	0.31634	0.11265	0.28004	0.01605	0.00852	0.00239	0.00511	0.01361	0.00697	0.00689
8	0.01671	0.07645	0.01563	0.01140	0.01462	0.05696	0.00844	0.13182	0.01707	0.02271	0.01839	0.03080	0.01849	0.34673	0.02084	0.00422	0.00747	0.00776	0.00484	0.16863
9	0.01000	0.00715	0.00924	0.01047	0.01120	0.00684	0.00711	0.03784	0.01538	0.02062	0.08035	0.63640	0.04810	0.04845	0.01039	0.00309	0.00452	0.01964	0.00691	0.00631
10	0.02261	0.01681	0.01797	0.01480	0.01939	0.01865	0.01187	0.37890	0.19684	0.03847	0.02329	0.06572	0.01831	0.01006	0.00729	0.00228	0.00671	0.00804	0.11076	0.01123
11	0.01701	0.01903	0.04066	0.13216	0.04060	0.01844	0.57150	0.02308	0.01713	0.02308	0.01475	0.01999	0.01106	0.00643	0.00857	0.00250	0.01213	0.00844	0.00369	0.00975
12	0.01624	0.01624	0.02274	0.01949	0.01949	0.02274	0.01624	0.01787	0.01137	0.01787	0.00975	0.01624	0.00975	0.01299	0.02436	0.00325	0.72552	0.00650	0.00325	0.00812
13	0.01225	0.00648	0.00945	0.00971	0.00977	0.00642	0.00643	0.00981	0.01038	0.01384	0.01741	0.12766	0.01875	0.05402	0.02651	0.63868	0.00616	0.00876	0.00381	0.00369
14	0.03331	0.01263	0.01723	0.01321	0.01895	0.01091	0.01091	0.03618	0.02125	0.69794	0.02929	0.02527	0.01838	0.00919	0.00747	0.00230	0.00632	0.00747	0.00919	0.01263
15	0.01030	0.00738	0.00957	0.00940	0.01080	0.00687	0.00678	0.01318	0.01913	0.02684	0.53393	0.16096	0.06330	0.07486	0.01121	0.00283	0.00393	0.01441	0.00768	0.00665
16	0.01560	0.00922	0.01177	0.01056	0.01309	0.00872	0.00800	0.03636	0.05513	0.15411	0.42085	0.09397	0.05185	0.06457	0.01049	0.00272	0.00459	0.01221	0.00797	0.00822
17	0.01624	0.01624	0.02274	0.01949	0.01949	0.02274	0.01624	0.01787	0.01137	0.01787	0.00975	0.01624	0.00975	0.01299	0.02436	0.00325	0.72552	0.00650	0.00325	0.00812
18	0.13234	0.00842	0.00999	0.01050	0.01224	0.00835	0.00774	0.01472	0.01586	0.06344	0.15432	0.40335	0.04425	0.01818	0.00853	0.00277	0.00470	0.06641	0.00690	0.00697
19	0.37245	0.04305	0.15635	0.08779	0.12719	0.01702	0.01580	0.02281	0.01467	0.06322	0.01279	0.01523	0.00967	0.00704	0.00596	0.00229	0.00779	0.00515	0.00423	0.00952
20	0.01356	0.00701	0.00734	0.00734	0.00904	0.00712	0.00554	0.01695	0.01526	0.02679	0.02385	0.02780	0.01899	0.01264	0.06503	0.00260	0.00485	0.00701	0.71437	0.00689
21	0.01289	0.00926	0.01062	0.00982	0.01258	0.00880	0.00751	0.01841	0.12151	0.08002	0.28899	0.05508	0.30545	0.01535	0.00847	0.00243	0.00420	0.01306	0.00765	0.00790
22	0.01537	0.01447	0.02481	0.17001	0.02973	0.01526	0.20507	0.01958	0.01528	0.02230	0.01594	0.04845	0.01335	0.00843	0.00981	0.00230	0.11614	0.00751	0.11734	0.12885
23	0.01413	0.01299	0.02139	0.64197	0.04695	0.01626	0.01948	0.01881	0.01470	0.01942	0.01366	0.02007	0.01043	0.00779	0.00819	0.00247	0.04744	0.00661	0.04908	0.00816
24	0.00904	0.00646	0.00861	0.01034	0.01077	0.00603	0.00689	0.01034	0.01421	0.01895	0.04092	0.73426	0.04910	0.02326	0.00948	0.00301	0.00431	0.02110	0.00689	0.00603
25	0.00971	0.00789	0.00865	0.00846	0.01077	0.00702	0.00634	0.01290	0.04808	0.02325	0.24463	0.08448	0.46643	0.01752	0.00873	0.00247	0.00380	0.01487	0.00728	0.00672
26	0.01241	0.00940	0.01178	0.03210	0.01493	0.00978	0.00954	0.05647	0.11588	0.02318	0.03677	0.42385	0.04042	0.01936	0.00917	0.00296	0.00548	0.15209	0.00691	0.00753
27	0.01009	0.00710	0.00885	0.00931	0.01045	0.00672	0.00652	0.01217	0.01597	0.02212	0.21663	0.29594	0.12257	0.10085	0.05504	0.00368	0.00523	0.01528	0.06921	0.00626
28	0.01359	0.00694	0.00701	0.00701	0.00860	0.00694	0.00513	0.01677	0.01518	0.02661	0.02415	0.02936	0.01967	0.06759	0.00782	0.00217	0.00376	0.00723	0.71771	0.00672
29	0.01971	0.01971	0.02685	0.03745	0.50106	0.11793	0.02011	0.04785	0.04563	0.02436	0.01598	0.02203	0.01383	0.00785	0.00744	0.00225	0.00922	0.04554	0.00419	0.01103
30	0.06521	0.13265	0.36308	0.02362	0.14851	0.01957	0.04092	0.07894	0.01735	0.02540	0.01326	0.01571	0.01010	0.00700	0.00671	0.00221	0.00963	0.00558	0.00372	0.01084
31	0.00915	0.00654	0.00871	0.01027	0.01079	0.00610	0.00690	0.01059	0.01469	0.01970	0.08603	0.68700	0.05056	0.02270	0.00943	0.00297	0.00425	0.02057	0.00698	0.00610
32	0.01348	0.00808	0.01045	0.00997	0.01211	0.00728	0.00742	0.01615	0.01889	0.12959	0.35477	0.22070	0.12893	0.01667	0.00874	0.00252	0.00417	0.01466	0.00786	0.00755
33	0.01679	0.07852	0.15222	0.08658	0.12707	0.03928	0.13905	0.04219	0.01759	0.05062	0.08727	0.07302	0.03868	0.00927	0.00767	0.00234	0.00897	0.00853	0.00464	0.00970
34	0.01041	0.00846	0.00954	0.01061	0.01154	0.04942	0.00732	0.01211	0.01580	0.02062	0.14097	0.55809	0.07561	0.02087	0.00916	0.00282	0.00472	0.01869	0.00690	0.00635
35	0.01630	0.01417	0.01870	0.01574	0.07639	0.01185	0.05633	0.06409	0.01696	0.02542	0.01541	0.06033	0.01354	0.00698	0.00626	0.00149	0.00639	0.00608	0.00466	0.56293
36	0.01944	0.44007	0.05753	0.01339	0.01877	0.06780	0.01253	0.07389	0.01775	0.04402	0.09189	0.01957	0.01787	0.01178	0.06264	0.00264	0.00883	0.00585	0.00441	0.00935
37	0.01362	0.00957	0.01250	0.08185	0.01714	0.00881	0.00934	0.01689	0.01844	0.08846	0.28126	0.04885	0.15172	0.01358	0.00818	0.00231	0.00513	0.08139	0.00685	0.12411
38	0.01281	0.00890	0.01053	0.01028	0.01154	0.00915	0.00709	0.10067	0.01613	0.02220	0.07371	0.23686	0.03315	0.28617	0.07582	0.00504	0.00704	0.01288	0.05348	0.00653
39	0.01956	0.68488	0.03760	0.01325	0.01909	0.02884	0.01299	0.02188	0.01478	0.01750	0.01027	0.01226	0.00954	0.00689	0.00634	0.00172	0.06584	0.00417	0.00318	0.00941

[dist]
# distance from previous block
# <min> <max>
0	1

[block]
# block no. 10 follows, 27 sequences, length 61
# corresponding to MSA columns:
# 299-359
name=unknown_K
#
# <colnr> <probs for GDERKNQSTAVLIFYWHMCP>
#	G	D	E	R	K	N	Q	S	T	A	V	L	I	F	Y	W	H	M	C	P
0	0.01506	0.10217	0.59285	0.01958	0.02951	0.01769	0.02469	0.02276	0.01597	0.02336	0.05806	0.01797	0.01346	0.00753	0.00695	0.00228	0.01019	0.00587	0.00347	0.01057
1	0.01745	0.01648	0.02806	0.15423	0.56191	0.01702	0.02180	0.02166	0.01629	0.02295	0.01380	0.01877	0.01150	0.00749	0.00820	0.03244	0.00890	0.00661	0.00360	0.01086
2	0.01641	0.01201	0.01362	0.01254	0.01557	0.01270	0.00968	0.10080	0.22286	0.07171	0.08464	0.11923	0.10723	0.08626	0.01127	0.00307	0.00582	0.07835	0.00716	0.00905
3	0.06171	0.04742	0.01488	0.01145	0.01555	0.01088	0.00916	0.05106	0.01957	0.26558	0.20168	0.10507	0.05489	0.01188	0.00757	0.00223	0.00533	0.01001	0.00751	0.08656
4	0.28447	0.18767	0.02106	0.01275	0.01760	0.01950	0.04278	0.15447	0.01817	0.02916	0.01751	0.02099	0.05435	0.08065	0.00899	0.00262	0.00713	0.00621	0.00494	0.00898
5	0.01655	0.01471	0.02201	0.01727	0.02225	0.01445	0.17123	0.04239	0.18010	0.04968	0.02527	0.07281	0.06803	0.01197	0.04324	0.00271	0.03121	0.00884	0.00557	0.17969
6	0.02693	0.05847	0.06008	0.01748	0.02254	0.35877	0.01436	0.20000	0.02421	0.10300	0.03448	0.01717	0.01308	0.00829	0.00697	0.00206	0.01054	0.00584	0.00545	0.01026
7	0.01028	0.00699	0.00830	0.00878	0.00896	0.00685	0.00527	0.01076	0.01208	0.01616	0.04772	0.24803	0.03466	0.51017	0.02872	0.00584	0.00625	0.01387	0.00530	0.00502
8	0.01377	0.01133	0.01741	0.44644	0.03580	0.01344	0.01542	0.04492	0.01563	0.02154	0.01938	0.12214	0.01738	0.01164	0.03237	0.00275	0.00832	0.00875	0.13372	0.00784
9	0.01754	0.11921	0.02872	0.24498	0.38361	0.03923	0.02046	0.02175	0.01614	0.02152	0.01314	0.01775	0.01082	0.00685	0.00699	0.00219	0.00916	0.00618	0.00349	0.01029
10	0.01534	0.01454	0.02465	0.51618	0.24588	0.01684	0.02127	0.02013	0.01547	0.02057	0.01343	0.01936	0.01046	0.00718	0.00740	0.00239	0.00957	0.00660	0.00341	0.00931
11	0.00933	0.00658	0.00853	0.00997	0.01033	0.00622	0.00650	0.01041	0.01366	0.01821	0.03807	0.62292	0.04551	0.13950	0.01407	0.00369	0.00478	0.01943	0.00650	0.00578
12	0.02822	0.02079	0.02228	0.01708	0.02302	0.02302	0.01411	0.66804	0.03490	0.04679	0.01782	0.01782	0.01262	0.00891	0.00743	0.00223	0.00817	0.00668	0.00743	0.01262
13	0.01099	0.00712	0.00801	0.00812	0.00833	0.00709	0.00473	0.01144	0.01152	0.01607	0.02464	0.09211	0.02764	0.61600	0.03253	0.00635	0.00662	0.01108	0.08474	0.00485
14	0.08116	0.01203	0.01232	0.01072	0.01406	0.01278	0.00846	0.20705	0.04987	0.03237	0.02930	0.06484	0.10994	0.01077	0.00660	0.00213	0.00521	0.00859	0.31306	0.00875
15	0.01178	0.00804	0.01025	0.01084	0.01218	0.00778	0.00766	0.04169	0.04979	0.05633	0.14403	0.52288	0.04810	0.01997	0.00908	0.00281	0.00452	0.01793	0.00727	0.00708
16	0.01550	0.01525	0.02320	0.58696	0.13236	0.06281	0.02048	0.02017	0.01552	0.01960	0.01318	0.01918	0.01012	0.00733	0.00736	0.00240	0.00999	0.00648	0.00338	0.00873
17	0.00944	0.00764	0.00845	0.00852	0.01079	0.00665	0.00657	0.01179	0.01772	0.02214	0.18850	0.06969	0.50340	0.01829	0.00893	0.00257	0.00403	0.08129	0.00713	0.00647
18	0.00961	0.00683	0.00853	0.00967	0.01020	0.00646	0.00638	0.01070	0.01365	0.01798	0.03896	0.47456	0.09366	0.21047	0.01688	0.00409	0.00513	0.04430	0.00626	0.00568
19	0.01901	0.01743	0.02958	0.04419	0.66409	0.01735	0.02228	0.02335	0.01709	0.05295	0.01462	0.01867	0.01204	0.00672	0.00735	0.00221	0.00871	0.00665	0.00391	0.01180
