[name]
unknown

[dist]
# distance from previous block
# <min> <max>
0	94

[block]
# block no. 0 follows, 27 sequences, length 25
# corresponding to MSA columns:
# 103-127
name=unknown_A
#
# <colnr> <probs for GDERKNQSTAVLIFYWHMCP>
#	G	D	E	R	K	N	Q	S	T	A	V	L	I	F	Y	W	H	M	C	P
0	0.02019	0.01566	0.01783	0.03757	0.02050	0.01578	0.01197	0.29364	0.05806	0.03349	0.02203	0.02945	0.03919	0.00996	0.00731	0.00209	0.00694	0.10335	0.00626	0.24873
1	0.02021	0.01366	0.04364	0.01331	0.01721	0.01298	0.01082	0.18355	0.07833	0.17132	0.14085	0.20158	0.03322	0.01356	0.00816	0.00248	0.00597	0.01161	0.00762	0.00992
2	0.01489	0.03840	0.70064	0.02116	0.03213	0.01724	0.02743	0.02351	0.01567	0.02351	0.01332	0.01567	0.00940	0.00705	0.00705	0.00235	0.01097	0.00549	0.00313	0.01097
3	0.01721	0.01941	0.04186	0.09349	0.03991	0.01857	0.60767	0.02335	0.01728	0.02335	0.01485	0.02000	0.01114	0.00636	0.00864	0.00250	0.01228	0.00857	0.00371	0.00985
4	0.01713	0.31020	0.37559	0.01973	0.06537	0.02204	0.05013	0.02298	0.01560	0.02122	0.01227	0.01456	0.00967	0.00672	0.00626	0.00205	0.00974	0.00511	0.00321	0.01041
5	0.03041	0.01729	0.02011	0.01542	0.02127	0.01782	0.01274	0.39650	0.02904	0.32662	0.02275	0.02102	0.01510	0.00903	0.00744	0.00226	0.00737	0.00702	0.00818	0.01263
6	0.01015	0.00731	0.00960	0.00958	0.01101	0.00677	0.00698	0.01311	0.01934	0.02711	0.52969	0.22222	0.06490	0.01716	0.00893	0.00250	0.00370	0.01531	0.00786	0.00677
7	0.01063	0.00785	0.01139	0.01139	0.01253	0.00898	0.00860	0.01291	0.01177	0.01683	0.02038	0.03191	0.01975	0.15241	0.61459	0.01126	0.01809	0.00836	0.00405	0.00633
8	0.01901	0.02081	0.05166	0.21259	0.09933	0.11710	0.26295	0.08131	0.01877	0.02381	0.01413	0.01853	0.01077	0.00706	0.00781	0.00235	0.01116	0.00713	0.00395	0.00977
9	0.01009	0.00741	0.00945	0.00928	0.01092	0.00678	0.00683	0.01308	0.01954	0.02705	0.52217	0.15755	0.13867	0.01679	0.00886	0.00246	0.00365	0.01482	0.00783	0.00678
10	0.00904	0.00646	0.00861	0.01034	0.01077	0.00603	0.00689	0.01034	0.01421	0.01895	0.04092	0.73426	0.04910	0.02326	0.00948	0.00301	0.00431	0.02110	0.00689	0.00603
11	0.02083	0.21523	0.21244	0.01757	0.02403	0.09350	0.01768	0.17601	0.02009	0.02620	0.01297	0.01504	0.01026	0.00811	0.00867	0.00219	0.09911	0.00543	0.00425	0.01039
12	0.02868	0.02006	0.02182	0.01673	0.02265	0.02193	0.01382	0.61108	0.03367	0.10548	0.01886	0.01849	0.01314	0.00894	0.00743	0.00223	0.00800	0.00675	0.00759	0.01263
13	0.00932	0.00727	0.00845	0.00874	0.01051	0.00641	0.00633	0.01149	0.01735	0.02242	0.23373	0.23630	0.35728	0.01895	0.00895	0.00259	0.00383	0.01644	0.00724	0.00641
14	0.02773	0.03538	0.02104	0.01913	0.02295	0.70930	0.01434	0.02964	0.02104	0.01817	0.01148	0.01339	0.00956	0.00765	0.00669	0.00191	0.01339	0.00478	0.00383	0.00861
15	0.02442	0.01855	0.02024	0.01528	0.02142	0.01914	0.01254	0.47588	0.02913	0.04010	0.01645	0.01710	0.01214	0.00790	0.00686	0.00189	0.00738	0.00601	0.00653	0.24104
16	0.02410	0.17797	0.08813	0.01501	0.02088	0.01926	0.01368	0.11743	0.16345	0.22785	0.02157	0.02062	0.01543	0.00864	0.00742	0.00222	0.03186	0.00657	0.00649	0.01144
17	0.00967	0.00786	0.00850	0.00829	0.01058	0.00698	0.00617	0.01263	0.04443	0.02260	0.21903	0.06487	0.48587	0.04765	0.00993	0.00266	0.00393	0.01463	0.00713	0.00659
18	0.02027	0.01647	0.01882	0.01407	0.02015	0.04251	0.03396	0.19577	0.02110	0.05985	0.01504	0.01660	0.01167	0.00696	0.00691	0.00161	0.03135	0.00539	0.00535	0.45615
19	0.01289	0.00645	0.00967	0.00967	0.00967	0.00645	0.00645	0.00967	0.00967	0.01289	0.01289	0.02257	0.01289	0.02579	0.02901	0.78401	0.00645	0.00645	0.00322	0.00322
20	0.01435	0.01338	0.02185	0.61544	0.07449	0.01582	0.01942	0.01910	0.01499	0.01976	0.01323	0.01925	0.01009	0.00718	0.00721	0.00231	0.00937	0.00636	0.00343	0.09295
21	0.02232	0.01786	0.01895	0.01589	0.02077	0.02026	0.01268	0.28762	0.42494	0.03727	0.02532	0.02380	0.01870	0.00961	0.00750	0.00240	0.00678	0.00772	0.00750	0.01210
22	0.00942	0.00706	0.00880	0.01009	0.01103	0.00663	0.00690	0.01170	0.04466	0.01968	0.04612	0.59252	0.15411	0.02192	0.00927	0.00291	0.00429	0.01963	0.00692	0.00633
23	0.01080	0.00720	0.00810	0.00810	0.00810	0.00720	0.00450	0.01080	0.01080	0.01439	0.02339	0.04858	0.02699	0.73910	0.03779	0.00720	0.00720	0.01080	0.00450	0.00450
24	0.01643	0.01381	0.01595	0.01149	0.01803	0.01096	0.00923	0.07129	0.01697	0.02602	0.01357	0.01559	0.01113	0.00577	0.00565	0.00119	0.00571	0.00458	0.00464	0.72197

[dist]
# distance from previous block
# <min> <max>
0	1

[block]
# block no. 1 follows, 27 sequences, length 19
# corresponding to MSA columns:
# 129-147
name=unknown_B
#
# <colnr> <probs for GDERKNQSTAVLIFYWHMCP>
#	G	D	E	R	K	N	Q	S	T	A	V	L	I	F	Y	W	H	M	C	P
0	0.01985	0.74357	0.03890	0.01270	0.01905	0.02937	0.01270	0.02223	0.01508	0.01747	0.01032	0.01191	0.00953	0.00635	0.00476	0.00159	0.00794	0.00397	0.00318	0.00953
1	0.01985	0.74357	0.03890	0.01270	0.01905	0.02937	0.01270	0.02223	0.01508	0.01747	0.01032	0.01191	0.00953	0.00635	0.00476	0.00159	0.00794	0.00397	0.00318	0.00953
2	0.00911	0.00656	0.00852	0.01006	0.01060	0.00610	0.00670	0.01038	0.01421	0.01880	0.04213	0.66205	0.08625	0.05711	0.01078	0.00318	0.00441	0.02029	0.00678	0.00597
3	0.01384	0.00692	0.00692	0.00692	0.00865	0.00692	0.00519	0.01730	0.01557	0.02768	0.02422	0.02768	0.01903	0.00865	0.00519	0.00173	0.00346	0.00692	0.78031	0.00692
4	0.02477	0.01549	0.01782	0.01443	0.01898	0.01631	0.01151	0.34264	0.05275	0.19118	0.02404	0.10083	0.01973	0.06964	0.04178	0.00317	0.00768	0.00888	0.00740	0.01097
5	0.02654	0.01909	0.02097	0.01637	0.02181	0.02107	0.01346	0.57262	0.03190	0.06979	0.01850	0.01934	0.01349	0.01392	0.08253	0.00327	0.00935	0.00685	0.00713	0.01198
6	0.06123	0.01504	0.01749	0.01316	0.01924	0.01390	0.01075	0.19095	0.02202	0.23068	0.01903	0.01879	0.01347	0.00754	0.00654	0.00180	0.00644	0.00588	0.00661	0.31945
7	0.01619	0.01367	0.01582	0.01137	0.01793	0.01071	0.00913	0.05897	0.01660	0.02559	0.01348	0.01554	0.01110	0.00571	0.00562	0.00117	0.00566	0.00454	0.00459	0.73661
8	0.01686	0.15404	0.05645	0.01829	0.01998	0.02374	0.01608	0.01894	0.01226	0.01805	0.01002	0.01540	0.00969	0.01148	0.01989	0.00290	0.55823	0.00598	0.00323	0.00851
9	0.79154	0.01436	0.01091	0.00976	0.01436	0.01665	0.00804	0.02182	0.01263	0.03331	0.01034	0.01206	0.00804	0.00689	0.00459	0.00230	0.00574	0.00402	0.00459	0.00804
10	0.01051	0.00759	0.00992	0.00934	0.01109	0.00700	0.00700	0.01401	0.02101	0.02977	0.68888	0.05545	0.07005	0.01518	0.00876	0.00233	0.00350	0.01343	0.00817	0.00700
11	0.01031	0.00752	0.00969	0.00927	0.01100	0.00690	0.00691	0.01359	0.02037	0.02853	0.61264	0.09238	0.11138	0.01585	0.00880	0.00238	0.00356	0.01398	0.00802	0.00690
12	0.01384	0.00692	0.00692	0.00692	0.00865	0.00692	0.00519	0.01730	0.01557	0.02768	0.02422	0.02768	0.01903	0.00865	0.00519	0.00173	0.00346	0.00692	0.78031	0.00692
13	0.01942	0.68282	0.09591	0.01343	0.02018	0.02833	0.01397	0.02234	0.01513	0.01799	0.01058	0.01223	0.00952	0.00641	0.00496	0.00165	0.00820	0.00410	0.00317	0.00965
14	0.01158	0.00947	0.01203	0.01198	0.01331	0.05073	0.00909	0.01392	0.01246	0.01711	0.02047	0.05625	0.01988	0.10912	0.58501	0.01060	0.01785	0.00850	0.00412	0.00654
15	0.01200	0.00815	0.00970	0.00923	0.01050	0.00760	0.00593	0.01289	0.01247	0.04283	0.02506	0.15976	0.02789	0.46014	0.05213	0.00561	0.00690	0.01143	0.00505	0.11474
16	0.01791	0.06145	0.08120	0.01429	0.01862	0.01647	0.01236	0.18997	0.17001	0.02987	0.09994	0.02815	0.02327	0.07254	0.12645	0.00427	0.00922	0.00811	0.00608	0.00980
17	0.04430	0.09630	0.07214	0.01713	0.02270	0.10338	0.12263	0.09317	0.02006	0.18209	0.04880	0.06142	0.06389	0.00959	0.00743	0.00226	0.00854	0.00817	0.00589	0.01010
18	0.02162	0.09297	0.10476	0.01640	0.02251	0.01916	0.04853	0.28385	0.09442	0.06023	0.01953	0.07443	0.01586	0.00922	0.00717	0.00218	0.00783	0.00750	0.00604	0.08580

[dist]
# distance from previous block
# <min> <max>
0	13

[block]
# block no. 2 follows, 27 sequences, length 26
# corresponding to MSA columns:
# 161-186
name=unknown_C
#
# <colnr> <probs for GDERKNQSTAVLIFYWHMCP>
#	G	D	E	R	K	N	Q	S	T	A	V	L	I	F	Y	W	H	M	C	P
0	0.07539	0.06718	0.14396	0.01600	0.02110	0.01489	0.11162	0.02259	0.12500	0.04831	0.07938	0.07308	0.04917	0.10670	0.01150	0.00303	0.00775	0.00908	0.00528	0.00900
1	0.02199	0.01778	0.01941	0.01727	0.05272	0.02008	0.01313	0.26623	0.41450	0.03643	0.02495	0.02368	0.01851	0.00949	0.00750	0.00240	0.00685	0.00769	0.00732	0.01207
2	0.01544	0.00950	0.01219	0.01052	0.01381	0.00817	0.00807	0.01848	0.01895	0.14795	0.34010	0.13595	0.04560	0.01322	0.00795	0.00217	0.00454	0.01155	0.00740	0.16846
3	0.01713	0.01772	0.02261	0.01946	0.01976	0.07581	0.01609	0.01878	0.01212	0.01789	0.00988	0.01602	0.00973	0.01258	0.02300	0.00315	0.67047	0.00636	0.00329	0.00816
4	0.00979	0.00756	0.00893	0.00858	0.01065	0.00670	0.00644	0.01262	0.01932	0.02574	0.43420	0.06209	0.32724	0.01668	0.00876	0.00241	0.00361	0.01436	0.00764	0.00670
5	0.01730	0.01446	0.01564	0.01401	0.01779	0.01632	0.01088	0.06483	0.51194	0.03156	0.16571	0.03295	0.03196	0.01107	0.00780	0.00247	0.00550	0.00935	0.00768	0.01081
6	0.01510	0.03690	0.64698	0.02199	0.03268	0.01737	0.07958	0.02353	0.01582	0.02353	0.01346	0.01603	0.00956	0.00699	0.00719	0.00236	0.01110	0.00575	0.00319	0.01089
7	0.00944	0.00684	0.00863	0.00989	0.01062	0.00639	0.00675	0.01078	0.01431	0.01870	0.04298	0.50936	0.13064	0.11925	0.01326	0.00354	0.00480	0.06134	0.00656	0.00591
8	0.02619	0.02173	0.02221	0.01771	0.02243	0.10214	0.01449	0.48727	0.02943	0.03872	0.01576	0.01705	0.01180	0.00944	0.01013	0.00236	0.12697	0.00643	0.00632	0.01142
9	0.01022	0.00696	0.00827	0.00883	0.00897	0.00681	0.00528	0.01065	0.01192	0.01589	0.02914	0.27354	0.03424	0.50425	0.02850	0.00583	0.00625	0.01418	0.00528	0.00500
10	0.79154	0.01436	0.01091	0.00976	0.01436	0.01665	0.00804	0.02182	0.01263	0.03331	0.01034	0.01206	0.00804	0.00689	0.00459	0.00230	0.00574	0.00402	0.00459	0.00804
11	0.01063	0.00787	0.01148	0.01148	0.01265	0.00904	0.00872	0.01297	0.01180	0.01690	0.02029	0.03143	0.01954	0.13537	0.63133	0.01138	0.01841	0.00829	0.00404	0.00638
12	0.01028	0.00750	0.00966	0.00929	0.01099	0.00688	0.00690	0.01350	0.02021	0.02827	0.59710	0.10890	0.11065	0.01605	0.00881	0.00240	0.00358	0.01417	0.00799	0.00688
13	0.02822	0.02079	0.02228	0.01708	0.02302	0.02302	0.01411	0.66804	0.03490	0.04679	0.01782	0.01782	0.01262	0.00891	0.00743	0.00223	0.00817	0.00668	0.00743	0.01262
14	0.01985	0.74357	0.03890	0.01270	0.01905	0.02937	0.01270	0.02223	0.01508	0.01747	0.01032	0.01191	0.00953	0.00635	0.00476	0.00159	0.00794	0.00397	0.00318	0.00953
15	0.01119	0.01177	0.10037	0.01250	0.01486	0.00997	0.01085	0.01418	0.01223	0.01758	0.01960	0.03057	0.01874	0.16023	0.50985	0.00992	0.01667	0.00810	0.00395	0.00684
16	0.02470	0.01799	0.01860	0.01553	0.02045	0.07147	0.01238	0.19706	0.33012	0.17115	0.02544	0.02359	0.01823	0.00941	0.00744	0.00235	0.00713	0.00749	0.00757	0.01191
17	0.01761	0.01543	0.02108	0.01522	0.02188	0.01327	0.11783	0.11396	0.01858	0.02741	0.01417	0.01651	0.01128	0.00612	0.00632	0.00149	0.00704	0.00545	0.00473	0.54463
18	0.02773	0.03538	0.02104	0.01913	0.02295	0.70930	0.01434	0.02964	0.02104	0.01817	0.01148	0.01339	0.00956	0.00765	0.00669	0.00191	0.01339	0.00478	0.00383	0.00861
19	0.01539	0.01319	0.01539	0.01100	0.01759	0.00990	0.00880	0.01869	0.01539	0.02419	0.01319	0.01539	0.01100	0.00550	0.00550	0.00110	0.00550	0.00440	0.00440	0.78449
20	0.01681	0.01366	0.01582	0.01162	0.01798	0.01107	0.00930	0.04447	0.06766	0.05238	0.01532	0.01683	0.01225	0.00612	0.00580	0.00130	0.00566	0.00491	0.00494	0.66610
21	0.01384	0.00692	0.00692	0.00692	0.00865	0.00692	0.00519	0.01730	0.01557	0.02768	0.02422	0.02768	0.01903	0.00865	0.00519	0.00173	0.00346	0.00692	0.78031	0.00692
22	0.02629	0.04719	0.02188	0.01677	0.02227	0.07822	0.01369	0.49032	0.13831	0.04084	0.01906	0.01886	0.01390	0.00891	0.00729	0.00223	0.00821	0.00671	0.00700	0.01204
23	0.01971	0.01522	0.01836	0.04815	0.02086	0.01471	0.03703	0.24271	0.02219	0.05304	0.03795	0.04972	0.01621	0.05791	0.00891	0.00218	0.00695	0.00696	0.00575	0.31550
24	0.02604	0.03289	0.04959	0.01887	0.02283	0.58823	0.01480	0.05934	0.02069	0.01974	0.01208	0.01440	0.01004	0.00967	0.03277	0.00237	0.04780	0.00510	0.00395	0.00881
25	0.02878	0.01814	0.02039	0.01571	0.02135	0.01926	0.01289	0.47901	0.03040	0.21158	0.02098	0.02102	0.01470	0.03986	0.00872	0.00246	0.00766	0.00706	0.00775	0.01228

[dist]
# distance from previous block
# <min> <max>
0	1

[block]
# block no. 3 follows, 27 sequences, length 26
# corresponding to MSA columns:
# 188-213
name=unknown_D
#
# <colnr> <probs for GDERKNQSTAVLIFYWHMCP>
#	G	D	E	R	K	N	Q	S	T	A	V	L	I	F	Y	W	H	M	C	P
0	0.01824	0.01522	0.01753	0.01774	0.08858	0.01705	0.01245	0.03521	0.52812	0.05444	0.05905	0.05759	0.02465	0.01047	0.00766	0.00249	0.00602	0.00894	0.00721	0.01133
1	0.00922	0.00674	0.00836	0.00957	0.01031	0.00622	0.00638	0.01045	0.01425	0.01857	0.04465	0.53404	0.15707	0.11192	0.01289	0.00345	0.00457	0.01888	0.00659	0.00588
2	0.02468	0.25799	0.02693	0.01690	0.02154	0.38783	0.01390	0.09134	0.02005	0.02083	0.01166	0.01352	0.00987	0.00764	0.00708	0.00191	0.04830	0.00481	0.00395	0.00928
3	0.01896	0.01217	0.01480	0.01125	0.01655	0.00995	0.00887	0.03902	0.01745	0.17996	0.08817	0.02479	0.02027	0.07124	0.00915	0.00206	0.00570	0.00666	0.00599	0.43699
4	0.01506	0.01163	0.01420	0.03702	0.01635	0.01226	0.00994	0.16407	0.01903	0.02610	0.05630	0.34914	0.03193	0.04639	0.01097	0.00278	0.06832	0.01351	0.00627	0.08872
5	0.01154	0.00721	0.00940	0.01035	0.01154	0.00656	0.00718	0.01306	0.01522	0.08966	0.04313	0.59430	0.10993	0.02135	0.00920	0.00289	0.00446	0.01914	0.00713	0.00674
6	0.01045	0.00705	0.00820	0.00854	0.00862	0.00697	0.00497	0.01071	0.01147	0.01529	0.02684	0.18352	0.03134	0.59823	0.03221	0.00637	0.00663	0.01282	0.00497	0.00480
7	0.02552	0.01708	0.01838	0.01520	0.02023	0.05334	0.01217	0.18005	0.30588	0.22997	0.02616	0.02400	0.01845	0.00942	0.00745	0.00236	0.00692	0.00755	0.00781	0.01204
8	0.02557	0.01697	0.01929	0.01456	0.02065	0.01682	0.01194	0.35462	0.02656	0.17153	0.01881	0.01863	0.01332	0.00799	0.00688	0.00192	0.00703	0.00619	0.00691	0.23382
9	0.01070	0.00716	0.00813	0.00822	0.00825	0.00713	0.00463	0.01077	0.01099	0.01465	0.02437	0.08689	0.02822	0.69911	0.03620	0.00696	0.00704	0.01137	0.00463	0.00458
10	0.02018	0.01785	0.02433	0.05957	0.33325	0.03990	0.01734	0.16795	0.06193	0.02930	0.01559	0.01821	0.01235	0.00722	0.00704	0.00204	0.00810	0.00629	0.00487	0.14669
11	0.01274	0.01352	0.08643	0.01482	0.01665	0.01394	0.01284	0.01549	0.01206	0.01784	0.01648	0.02553	0.01568	0.09445	0.37735	0.00796	0.22766	0.00750	0.00372	0.00735
12	0.00904	0.00646	0.00861	0.01034	0.01077	0.00603	0.00689	0.01034	0.01421	0.01895	0.04092	0.73426	0.04910	0.02326	0.00948	0.00301	0.00431	0.02110	0.00689	0.00603
13	0.01472	0.01391	0.02352	0.61326	0.15369	0.01668	0.02096	0.01958	0.01517	0.01981	0.01332	0.01957	0.01019	0.00729	0.00741	0.00243	0.00972	0.00660	0.00336	0.00881
14	0.01810	0.01736	0.02964	0.08759	0.65288	0.01757	0.02265	0.02255	0.01678	0.02392	0.01392	0.01846	0.01164	0.00666	0.00735	0.00222	0.00889	0.00661	0.00365	0.01154
15	0.00898	0.00671	0.00835	0.00967	0.01059	0.00609	0.00659	0.01041	0.01485	0.01921	0.04904	0.57720	0.20091	0.02220	0.00931	0.00289	0.00418	0.01982	0.00689	0.00609
16	0.01061	0.00712	0.00815	0.00833	0.00837	0.00708	0.00475	0.01075	0.01115	0.01487	0.02521	0.11987	0.02929	0.66468	0.03484	0.00676	0.00690	0.01187	0.00475	0.00466
17	0.01215	0.00760	0.00897	0.00862	0.00928	0.00740	0.00532	0.01292	0.01317	0.05950	0.13590	0.04829	0.03371	0.57172	0.03101	0.00607	0.00652	0.01103	0.00541	0.00543
18	0.01061	0.00795	0.01193	0.01193	0.01326	0.00928	0.00928	0.01326	0.01193	0.01723	0.01988	0.02916	0.01856	0.05568	0.70968	0.01193	0.01988	0.00795	0.00398	0.00663
19	0.05321	0.01889	0.02899	0.09272	0.50162	0.07775	0.07347	0.02312	0.01696	0.02368	0.01361	0.01790	0.01122	0.00675	0.00729	0.00223	0.00946	0.00651	0.00371	0.01091
20	0.01384	0.00692	0.00692	0.00692	0.00865	0.00692	0.00519	0.01730	0.01557	0.02768	0.02422	0.02768	0.01903	0.00865	0.00519	0.00173	0.00346	0.00692	0.78031	0.00692
21	0.01080	0.00720	0.00810	0.00810	0.00810	0.00720	0.00450	0.01080	0.01080	0.01439	0.02339	0.04858	0.02699	0.73910	0.03779	0.00720	0.00720	0.01080	0.00450	0.00450
22	0.01963	0.01920	0.01701	0.01539	0.01934	0.15710	0.01184	0.03530	0.49325	0.02800	0.05737	0.02761	0.04609	0.01012	0.00748	0.00239	0.00721	0.00815	0.00680	0.01071
23	0.21868	0.04643	0.26085	0.01975	0.02677	0.06624	0.15153	0.02302	0.01524	0.02508	0.01237	0.01541	0.00948	0.00739	0.00818	0.00239	0.07215	0.00577	0.00370	0.00956
24	0.02344	0.12634	0.02249	0.01673	0.04072	0.15237	0.04003	0.03320	0.27280	0.16162	0.02235	0.02151	0.01652	0.00861	0.00700	0.00221	0.00809	0.00682	0.00624	0.01092
25	0.01652	0.02380	0.26254	0.10341	0.05426	0.03923	0.09505	0.02370	0.07129	0.04809	0.04460	0.01970	0.01409	0.00741	0.00715	0.00215	0.00915	0.00648	0.00429	0.14706

[dist]
# distance from previous block
# <min> <max>
6	20

[block]
# block no. 4 follows, 27 sequences, length 72
# corresponding to MSA columns:
# 236-307
name=unknown_E
#
# <colnr> <probs for GDERKNQSTAVLIFYWHMCP>
#	G	D	E	R	K	N	Q	S	T	A	V	L	I	F	Y	W	H	M	C	P
0	0.07085	0.09593	0.04544	0.05367	0.02298	0.02083	0.01374	0.39571	0.05051	0.10801	0.01952	0.01961	0.03274	0.00874	0.00701	0.00221	0.00778	0.00660	0.00661	0.01151
1	0.01112	0.00765	0.00900	0.00919	0.00968	0.00761	0.00573	0.04151	0.01340	0.01797	0.06387	0.23266	0.03462	0.47257	0.02715	0.00557	0.00626	0.01353	0.00548	0.00543
2	0.36018	0.01452	0.01429	0.01146	0.01679	0.01470	0.00931	0.11543	0.01737	0.07746	0.01477	0.04249	0.01190	0.00754	0.00567	0.00195	0.00600	0.00541	0.00535	0.24741
3	0.07163	0.01980	0.04494	0.01592	0.02203	0.02038	0.01347	0.50339	0.03004	0.07247	0.01722	0.01747	0.01232	0.00835	0.00703	0.00211	0.00774	0.00626	0.00684	0.10062
4	0.08805	0.01677	0.01755	0.01434	0.01885	0.03662	0.01154	0.36226	0.09794	0.03886	0.18855	0.02781	0.02779	0.01042	0.00751	0.00228	0.00667	0.00830	0.00729	0.01060
5	0.00908	0.00653	0.00861	0.01021	0.01075	0.00607	0.00685	0.01046	0.01452	0.01932	0.06184	0.68983	0.07273	0.02285	0.00943	0.00298	0.00426	0.02068	0.00693	0.00607
6	0.01532	0.03539	0.59306	0.02282	0.03322	0.01749	0.13199	0.02355	0.01598	0.02355	0.01360	0.01639	0.00971	0.00692	0.00733	0.00238	0.01122	0.00602	0.00324	0.01081
7	0.01489	0.03840	0.70064	0.02116	0.03213	0.01724	0.02743	0.02351	0.01567	0.02351	0.01332	0.01567	0.00940	0.00705	0.00705	0.00235	0.01097	0.00549	0.00313	0.01097
8	0.00914	0.00653	0.00870	0.01027	0.01079	0.00609	0.00690	0.01057	0.01464	0.01964	0.08190	0.69133	0.05042	0.02275	0.00943	0.00297	0.00426	0.02062	0.00697	0.00609
9	0.01051	0.00759	0.00992	0.00934	0.01109	0.00700	0.00700	0.01401	0.02101	0.02977	0.68888	0.05545	0.07005	0.01518	0.00876	0.00233	0.00350	0.01343	0.00817	0.00700
10	0.01068	0.00715	0.00813	0.00825	0.00828	0.00712	0.00466	0.01076	0.01103	0.01471	0.02459	0.09556	0.02850	0.69005	0.03585	0.00691	0.00700	0.01150	0.00466	0.00460
11	0.00958	0.00760	0.00868	0.00888	0.01098	0.00670	0.00682	0.01197	0.01768	0.02241	0.20420	0.11138	0.43069	0.01850	0.00900	0.00262	0.00413	0.09455	0.00717	0.00649
12	0.01863	0.20049	0.41057	0.01880	0.02726	0.15996	0.02139	0.02445	0.01662	0.02104	0.01226	0.01434	0.00946	0.00701	0.00645	0.00209	0.01076	0.00499	0.00328	0.01016
13	0.02773	0.03538	0.02104	0.01913	0.02295	0.70930	0.01434	0.02964	0.02104	0.01817	0.01148	0.01339	0.00956	0.00765	0.00669	0.00191	0.01339	0.00478	0.00383	0.00861
14	0.01569	0.01352	0.01593	0.01232	0.03808	0.01072	0.00942	0.02024	0.06094	0.02466	0.01438	0.01633	0.01182	0.00584	0.00569	0.00123	0.00562	0.00474	0.00459	0.70822
15	0.19415	0.01721	0.01833	0.01448	0.01998	0.01854	0.01191	0.34512	0.06174	0.19657	0.01958	0.01887	0.01353	0.00860	0.00683	0.00227	0.00708	0.00638	0.00724	0.01159
16	0.00937	0.00660	0.00852	0.00992	0.01027	0.00625	0.00645	0.01042	0.01358	0.01811	0.03767	0.60724	0.04500	0.15587	0.01472	0.00379	0.00484	0.01919	0.00645	0.00575
17	0.01101	0.00800	0.01002	0.00937	0.01118	0.00751	0.00695	0.03590	0.02038	0.02842	0.56790	0.05479	0.11010	0.07288	0.01102	0.00273	0.00398	0.01315	0.00776	0.00694
18	0.59311	0.01512	0.01300	0.01112	0.01578	0.01720	0.00912	0.14397	0.01744	0.03562	0.05825	0.01613	0.01316	0.00784	0.00542	0.00229	0.00605	0.00517	0.00538	0.00884
19	0.02085	0.04389	0.09166	0.01471	0.02119	0.01695	0.01314	0.30484	0.02434	0.03417	0.05565	0.01877	0.01503	0.00777	0.00668	0.00182	0.00722	0.00605	0.00578	0.28949
20	0.00924	0.00683	0.00850	0.00954	0.01050	0.00625	0.00651	0.01080	0.01524	0.02000	0.11250	0.49284	0.17747	0.06387	0.01094	0.00309	0.00429	0.01863	0.00688	0.00609
21	0.15756	0.07429	0.09833	0.01736	0.06156	0.02053	0.01474	0.35150	0.02536	0.08608	0.01608	0.01673	0.01161	0.00805	0.00670	0.00221	0.00795	0.00594	0.00605	0.01137
22	0.28602	0.13758	0.10454	0.01311	0.01880	0.06504	0.01224	0.07153	0.01710	0.06093	0.07461	0.01791	0.01533	0.00779	0.00589	0.00206	0.00727	0.00551	0.00488	0.07187
23	0.01329	0.05481	0.01629	0.01881	0.17305	0.04864	0.01155	0.01583	0.01638	0.02094	0.06435	0.19010	0.19213	0.04764	0.00969	0.00276	0.00633	0.08388	0.00569	0.00785
24	0.00977	0.00765	0.00870	0.00875	0.01062	0.00693	0.00634	0.01254	0.04058	0.02253	0.23145	0.16392	0.35603	0.06754	0.01082	0.00286	0.00408	0.01529	0.00710	0.00650
25	0.49756	0.01576	0.01675	0.16546	0.02486	0.04791	0.05956	0.05185	0.01488	0.02947	0.01170	0.01464	0.00896	0.00709	0.00573	0.00233	0.00759	0.00508	0.00435	0.00847
26	0.02779	0.03357	0.02119	0.01887	0.02296	0.62425	0.01431	0.10875	0.02276	0.02172	0.01226	0.01394	0.00994	0.00781	0.00678	0.00195	0.01274	0.00502	0.00427	0.00910
27	0.01013	0.00699	0.00867	0.00947	0.00979	0.00687	0.00607	0.01095	0.01259	0.01681	0.03135	0.33285	0.03665	0.37847	0.05034	0.00545	0.00647	0.04914	0.00559	0.00534
28	0.01894	0.01577	0.01732	0.04818	0.02091	0.01805	0.01250	0.11939	0.50127	0.03175	0.02863	0.03126	0.02261	0.01077	0.00778	0.00256	0.00646	0.06735	0.00727	0.01124
29	0.02502	0.02173	0.02261	0.08136	0.11896	0.14027	0.01561	0.38767	0.02756	0.03559	0.01601	0.01765	0.01197	0.00823	0.00721	0.00217	0.00915	0.00634	0.03366	0.01123
30	0.00918	0.00656	0.00877	0.01049	0.01098	0.00615	0.00712	0.01057	0.01435	0.01910	0.04084	0.70439	0.04881	0.02313	0.00951	0.00303	0.00442	0.04965	0.00689	0.00607
31	0.01447	0.01366	0.02308	0.65123	0.11763	0.01661	0.02084	0.01936	0.01506	0.01952	0.01327	0.01965	0.01009	0.00734	0.00741	0.00245	0.00978	0.00660	0.00334	0.00861
32	0.01402	0.01319	0.02227	0.72126	0.05113	0.01649	0.02062	0.01897	0.01484	0.01897	0.01319	0.01979	0.00990	0.00742	0.00742	0.00247	0.00990	0.00660	0.00330	0.00825
33	0.01199	0.00733	0.00970	0.01037	0.01154	0.00677	0.00720	0.01369	0.01575	0.09374	0.13209	0.51906	0.04749	0.06289	0.01083	0.00309	0.00458	0.01791	0.00718	0.00679
34	0.01017	0.00758	0.00945	0.00898	0.01088	0.00686	0.00674	0.01335	0.02021	0.02787	0.56862	0.05859	0.19150	0.01589	0.00876	0.00237	0.00355	0.01386	0.00792	0.00686
35	0.00924	0.00667	0.00877	0.01024	0.01093	0.00621	0.00703	0.01080	0.01494	0.01988	0.08711	0.62696	0.08496	0.02236	0.00942	0.00296	0.00432	0.04410	0.00698	0.00614
36	0.01821	0.01504	0.01582	0.01384	0.01800	0.01668	0.01087	0.15181	0.41443	0.03164	0.03761	0.03530	0.16514	0.01174	0.00779	0.00246	0.00585	0.00964	0.00739	0.01073
37	0.79154	0.01436	0.01091	0.00976	0.01436	0.01665	0.00804	0.02182	0.01263	0.03331	0.01034	0.01206	0.00804	0.00689	0.00459	0.00230	0.00574	0.00402	0.00459	0.00804
38	0.02701	0.02927	0.02101	0.01815	0.02263	0.44252	0.01403	0.21890	0.08641	0.02781	0.01509	0.01603	0.01169	0.00825	0.00699	0.00206	0.01115	0.00568	0.00523	0.01008
39	0.64864	0.01430	0.01279	0.01216	0.05168	0.01594	0.00922	0.02379	0.01401	0.12140	0.01306	0.01416	0.00962	0.00718	0.00513	0.00229	0.00599	0.00462	0.00516	0.00885
40	0.01047	0.00746	0.00915	0.00880	0.01003	0.00701	0.00608	0.01271	0.01736	0.02401	0.42513	0.05440	0.10226	0.25248	0.01826	0.00394	0.00473	0.01273	0.00687	0.00613
41	0.01735	0.01442	0.01782	0.01549	0.01769	0.03722	0.01256	0.18156	0.01800	0.02532	0.01629	0.02197	0.01422	0.02821	0.28474	0.00627	0.22331	0.00707	0.03184	0.00866
42	0.79154	0.01436	0.01091	0.00976	0.01436	0.01665	0.00804	0.02182	0.01263	0.03331	0.01034	0.01206	0.00804	0.00689	0.00459	0.00230	0.00574	0.00402	0.00459	0.00804
43	0.04451	0.05163	0.14339	0.02401	0.15146	0.11734	0.08614	0.16933	0.02094	0.05140	0.01471	0.01730	0.01128	0.00854	0.00847	0.04842	0.00974	0.00624	0.00463	0.01051
44	0.00912	0.00743	0.00796	0.00802	0.01014	0.00639	0.00587	0.01109	0.01697	0.02101	0.15288	0.12233	0.52285	0.05228	0.01018	0.00274	0.00393	0.01558	0.00695	0.00626
45	0.01645	0.01382	0.01596	0.01150	0.01804	0.01098	0.00924	0.07230	0.01700	0.02606	0.01358	0.01559	0.01113	0.00578	0.00566	0.00119	0.00572	0.00459	0.00465	0.72077
46	0.10213	0.30174	0.07203	0.01401	0.01963	0.13970	0.01277	0.06979	0.01758	0.02319	0.04863	0.01619	0.01334	0.00899	0.03042	0.00217	0.00879	0.00511	0.00417	0.08962
47	0.33917	0.01743	0.09739	0.08122	0.04408	0.01607	0.12175	0.04715	0.01543	0.05147	0.03896	0.01777	0.01227	0.00862	0.00796	0.05591	0.00802	0.00605	0.00446	0.00881
48	0.00982	0.00749	0.00879	0.00872	0.01052	0.00673	0.00640	0.01219	0.01780	0.02343	0.31433	0.10235	0.30937	0.09025	0.01179	0.00298	0.00416	0.03932	0.00717	0.00640
49	0.50924	0.01482	0.01394	0.01157	0.01661	0.01616	0.00954	0.11247	0.01768	0.19223	0.01583	0.01596	0.01110	0.00771	0.00566	0.00229	0.00621	0.00519	0.00606	0.00974
50	0.20229	0.29966	0.10235	0.01411	0.02009	0.08068	0.01350	0.07574	0.01702	0.07419	0.01274	0.01408	0.01007	0.00728	0.00614	0.00202	0.02923	0.00477	0.00434	0.00970
51	0.01083	0.00767	0.00958	0.01048	0.01126	0.00753	0.00711	0.05569	0.01506	0.02007	0.03576	0.52191	0.04192	0.16563	0.01504	0.00382	0.00525	0.04275	0.00645	0.00621
52	0.06817	0.01117	0.01212	0.01101	0.01383	0.04113	0.00844	0.05749	0.08166	0.08361	0.34869	0.09470	0.11112	0.01389	0.00814	0.00239	0.00491	0.01183	0.00749	0.00824
53	0.04935	0.03080	0.06795	0.01951	0.04900	0.45108	0.01532	0.18099	0.02357	0.02604	0.01318	0.01475	0.01032	0.00785	0.00686	0.00204	0.01157	0.00533	0.00465	0.00983
54	0.00921	0.00669	0.00872	0.01020	0.01093	0.00620	0.00702	0.01074	0.01485	0.01962	0.06941	0.61926	0.10604	0.02242	0.00942	0.00296	0.00434	0.04887	0.00694	0.00613
55	0.01497	0.03781	0.67945	0.02149	0.03235	0.01729	0.04802	0.02352	0.01573	0.02352	0.01338	0.01581	0.00946	0.00703	0.00711	0.00236	0.01102	0.00559	0.00315	0.01094
56	0.01567	0.03298	0.50685	0.02415	0.03410	0.01769	0.21578	0.02359	0.01622	0.02359	0.01382	0.01696	0.00995	0.00682	0.00756	0.00240	0.01143	0.00645	0.00332	0.01069
57	0.01049	0.00733	0.00893	0.00959	0.01118	0.00655	0.00691	0.01230	0.01610	0.05690	0.09203	0.38984	0.27521	0.02030	0.00911	0.00277	0.00429	0.04652	0.00709	0.00657
58	0.01905	0.01582	0.01680	0.01503	0.01929	0.01817	0.01172	0.03932	0.65343	0.05735	0.03018	0.02760	0.02249	0.01004	0.00755	0.00251	0.00589	0.00836	0.00762	0.01179
59	0.00933	0.00660	0.00861	0.01001	0.01044	0.00622	0.00659	0.01056	0.01408	0.01885	0.06753	0.61652	0.04721	0.11426	0.01306	0.00352	0.00464	0.01945	0.00664	0.00588
60	0.02842	0.02047	0.02208	0.01693	0.02286	0.02254	0.01398	0.64294	0.03436	0.07265	0.01828	0.01812	0.01285	0.00892	0.00743	0.00223	0.00810	0.00671	0.00750	0.01263
61	0.01416	0.01346	0.02311	0.69437	0.05065	0.01658	0.04576	0.01916	0.01495	0.01916	0.01327	0.01980	0.00995	0.00738	0.00747	0.00248	0.01000	0.00668	0.00332	0.00832
62	0.02773	0.03538	0.02104	0.01913	0.02295	0.70930	0.01434	0.02964	0.02104	0.01817	0.01148	0.01339	0.00956	0.00765	0.00669	0.00191	0.01339	0.00478	0.00383	0.00861
63	0.02065	0.02006	0.02635	0.16491	0.26581	0.11914	0.06269	0.14841	0.02039	0.02640	0.01408	0.01783	0.01112	0.00764	0.00816	0.00229	0.04272	0.00650	0.00434	0.01050
64	0.00922	0.00664	0.00845	0.00981	0.01039	0.00619	0.00650	0.01042	0.01407	0.01853	0.04209	0.59279	0.10639	0.10589	0.01269	0.00345	0.00459	0.01940	0.00661	0.00587
65	0.19978	0.01840	0.01968	0.01571	0.02110	0.02053	0.04270	0.37456	0.14819	0.03973	0.01828	0.01844	0.01337	0.00854	0.00687	0.00231	0.00740	0.00649	0.00663	0.01130
66	0.79154	0.01436	0.01091	0.00976	0.01436	0.01665	0.00804	0.02182	0.01263	0.03331	0.01034	0.01206	0.00804	0.00689	0.00459	0.00230	0.00574	0.00402	0.00459	0.00804
67	0.19929	0.07089	0.37321	0.01974	0.05078	0.01826	0.09013	0.05264	0.01605	0.02659	0.01285	0.01526	0.00952	0.00696	0.00655	0.00230	0.00952	0.00550	0.00376	0.01020
68	0.00937	0.00737	0.00811	0.00821	0.01000	0.00649	0.00583	0.01117	0.01637	0.02064	0.16053	0.13992	0.42407	0.12331	0.01306	0.00322	0.00428	0.01522	0.00675	0.00610
69	0.01780	0.01457	0.01658	0.01231	0.01851	0.01265	0.00988	0.14458	0.04500	0.02866	0.01557	0.03759	0.01289	0.00686	0.00607	0.00143	0.00599	0.00549	0.00518	0.58240
70	0.06485	0.01343	0.05122	0.01248	0.01646	0.01234	0.01033	0.12408	0.07323	0.16177	0.22595	0.08171	0.03481	0.05326	0.00948	0.00262	0.00583	0.00996	0.00733	0.02887
71	0.17117	0.02261	0.01887	0.01573	0.02053	0.20797	0.01252	0.31135	0.04815	0.03488	0.05477	0.01808	0.01466	0.00860	0.00677	0.00217	0.00878	0.00612	0.00596	0.01030

[dist]
# distance from previous block
# <min> <max>
1	6

[block]
# block no. 5 follows, 27 sequences, length 142
# corresponding to MSA columns:
# 314-455
name=unknown_F
#
# <colnr> <probs for GDERKNQSTAVLIFYWHMCP>
#	G	D	E	R	K	N	Q	S	T	A	V	L	I	F	Y	W	H	M	C	P
0	0.04757	0.01701	0.02211	0.15175	0.25935	0.07828	0.01705	0.06557	0.12785	0.02520	0.01946	0.07745	0.01702	0.00940	0.00751	0.00239	0.00835	0.03165	0.00491	0.01013
1	0.00904	0.00646	0.00861	0.01034	0.01077	0.00603	0.00689	0.01034	0.01421	0.01895	0.04092	0.73426	0.04910	0.02326	0.00948	0.00301	0.00431	0.02110	0.00689	0.00603
2	0.01903	0.04551	0.02940	0.07259	0.58304	0.04926	0.02160	0.04748	0.01761	0.02435	0.01383	0.01795	0.01153	0.00678	0.00723	0.00218	0.00902	0.00644	0.00379	0.01141
3	0.02052	0.02297	0.05533	0.03745	0.47385	0.18924	0.04671	0.02455	0.01790	0.02269	0.01336	0.01709	0.01110	0.00687	0.00723	0.00215	0.01019	0.00620	0.00369	0.01088
4	0.00904	0.00646	0.00861	0.01034	0.01077	0.00603	0.00689	0.01034	0.01421	0.01895	0.04092	0.73426	0.04910	0.02326	0.00948	0.00301	0.00431	0.02110	0.00689	0.00603
5	0.01778	0.01704	0.02907	0.13722	0.60576	0.01748	0.02249	0.02227	0.01662	0.02354	0.01386	0.01857	0.01151	0.00672	0.00736	0.00224	0.00897	0.00661	0.00362	0.01128
6	0.00999	0.00757	0.00920	0.00879	0.01077	0.00678	0.00659	0.01300	0.01978	0.02685	0.50437	0.06026	0.25638	0.01627	0.00876	0.00239	0.00358	0.01410	0.00779	0.00678
7	0.00904	0.00646	0.00861	0.01034	0.01077	0.00603	0.00689	0.01034	0.01421	0.01895	0.04092	0.73426	0.04910	0.02326	0.00948	0.00301	0.00431	0.02110	0.00689	0.00603
8	0.01985	0.74357	0.03890	0.01270	0.01905	0.02937	0.01270	0.02223	0.01508	0.01747	0.01032	0.01191	0.00953	0.00635	0.00476	0.00159	0.00794	0.00397	0.00318	0.00953
9	0.00945	0.00663	0.00849	0.00981	0.01014	0.00630	0.00633	0.01044	0.01342	0.01789	0.03683	0.57441	0.04395	0.19014	0.01608	0.00399	0.00498	0.01870	0.00633	0.00567
10	0.09513	0.02023	0.02128	0.01644	0.02226	0.02246	0.01358	0.61139	0.03295	0.04560	0.01717	0.01732	0.01222	0.00873	0.00718	0.00223	0.00796	0.00645	0.00718	0.01222
11	0.19947	0.04985	0.05874	0.02120	0.02602	0.01921	0.26581	0.02133	0.01443	0.02400	0.01257	0.01709	0.01030	0.01032	0.04298	0.00301	0.18424	0.00670	0.00379	0.00896
12	0.02773	0.03538	0.02104	0.01913	0.02295	0.70930	0.01434	0.02964	0.02104	0.01817	0.01148	0.01339	0.00956	0.00765	0.00669	0.00191	0.01339	0.00478	0.00383	0.00861
13	0.15034	0.07164	0.15583	0.01814	0.07274	0.01747	0.05954	0.06830	0.01522	0.02404	0.01449	0.02178	0.01312	0.14702	0.01498	0.00333	0.11241	0.00668	0.00407	0.00884
14	0.01007	0.00693	0.00827	0.00892	0.00917	0.00672	0.00544	0.01062	0.01229	0.01631	0.03176	0.30831	0.05771	0.44444	0.02611	0.00546	0.00599	0.01485	0.00548	0.00514
15	0.02029	0.18796	0.18717	0.05027	0.05052	0.11454	0.06292	0.05629	0.03836	0.08115	0.01502	0.01793	0.01186	0.04057	0.00868	0.00237	0.03386	0.00597	0.00426	0.01002
16	0.66148	0.01536	0.03317	0.01083	0.01580	0.01662	0.00923	0.06323	0.01478	0.08541	0.01236	0.01355	0.00917	0.00720	0.00507	0.00229	0.00610	0.00450	0.00508	0.00877
17	0.05286	0.05150	0.04945	0.01842	0.07011	0.39653	0.01365	0.08514	0.02009	0.02296	0.01434	0.01767	0.01195	0.04635	0.00815	0.00224	0.01051	0.00563	0.09353	0.00891
18	0.01399	0.00826	0.01077	0.01001	0.01229	0.00746	0.00754	0.01692	0.01968	0.14005	0.42983	0.15800	0.10468	0.01571	0.00865	0.00245	0.00412	0.01379	0.00805	0.00775
19	0.01544	0.01297	0.01509	0.01129	0.01720	0.01038	0.00893	0.04480	0.04059	0.02523	0.04147	0.06223	0.01611	0.00728	0.00602	0.00136	0.00547	0.00602	0.00493	0.64718
20	0.05545	0.23323	0.38294	0.01691	0.02528	0.01992	0.01980	0.04491	0.01644	0.05365	0.03650	0.01662	0.01222	0.00733	0.00632	0.00211	0.00909	0.00542	0.02556	0.01030
21	0.02570	0.02065	0.04939	0.01735	0.02336	0.02168	0.03865	0.52108	0.11238	0.04237	0.01893	0.01896	0.01363	0.00878	0.00742	0.00225	0.00808	0.00686	0.00704	0.03545
22	0.00942	0.00740	0.00843	0.00862	0.01050	0.00653	0.00633	0.01155	0.01716	0.02189	0.20345	0.16667	0.39936	0.05127	0.01024	0.00279	0.00406	0.04090	0.00707	0.00634
23	0.79154	0.01436	0.01091	0.00976	0.01436	0.01665	0.00804	0.02182	0.01263	0.03331	0.01034	0.01206	0.00804	0.00689	0.00459	0.00230	0.00574	0.00402	0.00459	0.00804
24	0.09781	0.15133	0.02320	0.04524	0.02262	0.47158	0.01371	0.05513	0.01960	0.02076	0.01152	0.01346	0.00956	0.00741	0.00623	0.00193	0.01138	0.00473	0.00392	0.00887
25	0.00910	0.00648	0.00860	0.01026	0.01068	0.00607	0.00681	0.01035	0.01410	0.01880	0.04035	0.71208	0.04838	0.04641	0.01039	0.00315	0.00440	0.02077	0.00681	0.00598
26	0.02026	0.01907	0.08241	0.01596	0.02130	0.01903	0.01365	0.18303	0.43817	0.03370	0.02500	0.02373	0.01857	0.00932	0.00739	0.00237	0.00687	0.00755	0.00697	0.04566
27	0.01789	0.02856	0.31499	0.07788	0.03357	0.07996	0.21230	0.07690	0.01808	0.02450	0.01390	0.01727	0.01028	0.00725	0.00817	0.00239	0.03547	0.00661	0.00375	0.01031
28	0.00918	0.00660	0.00870	0.01015	0.01077	0.00613	0.00686	0.01070	0.01496	0.02002	0.10400	0.64682	0.07292	0.02233	0.00938	0.00293	0.00421	0.02019	0.00701	0.00613
29	0.00904	0.00646	0.00861	0.01034	0.01077	0.00603	0.00689	0.01034	0.01421	0.01895	0.04092	0.73426	0.04910	0.02326	0.00948	0.00301	0.00431	0.02110	0.00689	0.00603
30	0.01837	0.01764	0.03013	0.04557	0.69279	0.01764	0.02278	0.02278	0.01690	0.02425	0.01396	0.01837	0.01176	0.00661	0.00735	0.00220	0.00882	0.00661	0.00367	0.01176
31	0.00902	0.00654	0.00853	0.01012	0.01071	0.00605	0.00680	0.01036	0.01442	0.01903	0.04350	0.68429	0.09740	0.02292	0.00942	0.00298	0.00427	0.02069	0.00689	0.00605
32	0.01985	0.74357	0.03890	0.01270	0.01905	0.02937	0.01270	0.02223	0.01508	0.01747	0.01032	0.01191	0.00953	0.00635	0.00476	0.00159	0.00794	0.00397	0.00318	0.00953
33	0.00915	0.00650	0.00858	0.01020	0.01061	0.00610	0.00675	0.01036	0.01401	0.01868	0.03988	0.69380	0.04780	0.06550	0.01115	0.00326	0.00448	0.02050	0.00675	0.00594
34	0.02779	0.02058	0.02204	0.01699	0.02286	0.02282	0.01401	0.64041	0.06323	0.04609	0.01837	0.01826	0.01307	0.00896	0.00743	0.00224	0.00807	0.00676	0.00743	0.01259
35	0.01650	0.01177	0.01399	0.01233	0.01476	0.01295	0.00935	0.22213	0.01904	0.02620	0.01999	0.03011	0.01858	0.21017	0.26132	0.03822	0.01177	0.00816	0.03476	0.00788
36	0.02773	0.03538	0.02104	0.01913	0.02295	0.70930	0.01434	0.02964	0.02104	0.01817	0.01148	0.01339	0.00956	0.00765	0.00669	0.00191	0.01339	0.00478	0.00383	0.00861
37	0.20244	0.01894	0.16207	0.13498	0.13399	0.01537	0.01697	0.02310	0.01581	0.11757	0.04228	0.01949	0.01365	0.01001	0.04114	0.00280	0.00870	0.00621	0.00467	0.00981
38	0.01049	0.00707	0.00812	0.00844	0.00872	0.00692	0.00503	0.01096	0.01195	0.01607	0.02942	0.17649	0.06580	0.53862	0.02968	0.00595	0.00633	0.01282	0.03617	0.00497
39	0.08174	0.01675	0.01792	0.01472	0.01911	0.01876	0.01180	0.34377	0.16256	0.03688	0.07251	0.02602	0.04255	0.05725	0.01011	0.00268	0.03935	0.00791	0.00689	0.01072
40	0.70203	0.01350	0.01045	0.00944	0.01370	0.01553	0.00771	0.02130	0.01297	0.03266	0.01193	0.01386	0.00930	0.00709	0.00466	0.00223	0.00548	0.00435	0.09388	0.00791
41	0.01623	0.02303	0.23414	0.11817	0.34687	0.01683	0.05130	0.02194	0.01630	0.02314	0.01695	0.02060	0.04661	0.00748	0.00740	0.00231	0.00951	0.00684	0.00364	0.01072
42	0.00928	0.00785	0.00806	0.00795	0.01046	0.00679	0.00598	0.01202	0.04248	0.02124	0.12192	0.06852	0.61545	0.01818	0.00873	0.00249	0.00382	0.01521	0.00702	0.00653
43	0.01539	0.01319	0.01539	0.01100	0.01759	0.00990	0.00880	0.01869	0.01539	0.02419	0.01319	0.01539	0.01100	0.00550	0.00550	0.00110	0.00550	0.00440	0.00440	0.78449
44	0.03942	0.05508	0.39720	0.01959	0.02809	0.01743	0.08105	0.11157	0.01855	0.05601	0.01600	0.02008	0.01224	0.00951	0.03115	0.00265	0.01021	0.03479	0.00432	0.03505
45	0.12634	0.07156	0.02100	0.01536	0.02083	0.04920	0.01273	0.45106	0.06078	0.03980	0.01923	0.01935	0.04255	0.00891	0.00690	0.00221	0.00773	0.00655	0.00659	0.01131
46	0.00978	0.00709	0.00931	0.01035	0.01133	0.00674	0.00744	0.01175	0.01561	0.02093	0.14952	0.42691	0.09556	0.05531	0.04767	0.00357	0.00539	0.09263	0.00684	0.00627
47	0.17912	0.01571	0.02291	0.14500	0.35603	0.01683	0.01770	0.06119	0.01708	0.02705	0.06097	0.01987	0.01484	0.00755	0.00689	0.00228	0.00794	0.00656	0.00435	0.01012
48	0.33473	0.02073	0.01845	0.04296	0.11027	0.20478	0.01343	0.02336	0.01536	0.02512	0.01114	0.01418	0.00928	0.00802	0.00868	0.00233	0.11941	0.00505	0.00401	0.00871
49	0.00917	0.00655	0.00876	0.01048	0.01097	0.00614	0.00711	0.01056	0.01434	0.01909	0.04085	0.70567	0.04882	0.02314	0.00951	0.00303	0.00442	0.04843	0.00689	0.00607
50	0.01735	0.01787	0.03393	0.13213	0.32490	0.01814	0.26723	0.02242	0.01661	0.02306	0.01407	0.01910	0.01122	0.00688	0.00866	0.00240	0.04253	0.00742	0.00363	0.01045
51	0.02262	0.01941	0.02302	0.11411	0.20411	0.10073	0.01658	0.26547	0.02421	0.05445	0.04890	0.02007	0.01487	0.00827	0.00732	0.00221	0.00876	0.00679	0.02720	0.01092
52	0.00904	0.00646	0.00861	0.01034	0.01077	0.00603	0.00689	0.01034	0.01421	0.01895	0.04092	0.73426	0.04910	0.02326	0.00948	0.00301	0.00431	0.02110	0.00689	0.00603
53	0.01548	0.05899	0.60162	0.01971	0.02966	0.01667	0.02481	0.02330	0.01626	0.05081	0.06203	0.01877	0.01409	0.00769	0.00711	0.00232	0.01015	0.00608	0.00374	0.01071
54	0.01064	0.00713	0.00814	0.00829	0.00833	0.00709	0.00471	0.01076	0.01110	0.01479	0.02493	0.10869	0.02893	0.67635	0.03530	0.00683	0.00694	0.01170	0.00471	0.00463
55	0.00927	0.00662	0.00887	0.01060	0.01113	0.00622	0.00728	0.01073	0.01444	0.01920	0.04079	0.68377	0.04861	0.02304	0.00954	0.00305	0.00450	0.06936	0.00689	0.00609
56	0.01985	0.74357	0.03890	0.01270	0.01905	0.02937	0.01270	0.02223	0.01508	0.01747	0.01032	0.01191	0.00953	0.00635	0.00476	0.00159	0.00794	0.00397	0.00318	0.00953
57	0.00917	0.00651	0.00858	0.01018	0.01058	0.00611	0.00672	0.01037	0.01397	0.01863	0.03969	0.68633	0.04755	0.07329	0.01145	0.00331	0.00451	0.02038	0.00672	0.00592
58	0.02822	0.02079	0.02228	0.01708	0.02302	0.02302	0.01411	0.66804	0.03490	0.04679	0.01782	0.01782	0.01262	0.00891	0.00743	0.00223	0.00817	0.00668	0.00743	0.01262
59	0.01105	0.04368	0.01180	0.01059	0.01167	0.00941	0.00771	0.01273	0.01180	0.01635	0.02153	0.06592	0.02233	0.28447	0.41565	0.00942	0.01430	0.00930	0.00424	0.00602
60	0.02773	0.03538	0.02104	0.01913	0.02295	0.70930	0.01434	0.02964	0.02104	0.01817	0.01148	0.01339	0.00956	0.00765	0.00669	0.00191	0.01339	0.00478	0.00383	0.00861
61	0.10874	0.01649	0.04882	0.39221	0.06270	0.06024	0.04629	0.04219	0.01553	0.02207	0.01374	0.04467	0.01131	0.00844	0.00874	0.00249	0.07617	0.00677	0.00378	0.00862
62	0.01064	0.00713	0.00814	0.00829	0.00833	0.00710	0.00471	0.01076	0.01109	0.01479	0.02492	0.10831	0.02892	0.67675	0.03532	0.00683	0.00695	0.01169	0.00471	0.00463
63	0.47343	0.04472	0.01469	0.03319	0.01714	0.04713	0.00973	0.11662	0.01726	0.07173	0.04653	0.01775	0.01340	0.04084	0.00707	0.00247	0.00664	0.00549	0.00532	0.00886
64	0.06475	0.03183	0.02042	0.01826	0.02231	0.57361	0.01394	0.10397	0.02214	0.02240	0.01300	0.01595	0.01084	0.00815	0.00678	0.00201	0.01220	0.02406	0.00438	0.00900
65	0.05166	0.00988	0.01112	0.01000	0.01194	0.01007	0.00698	0.09163	0.01480	0.02135	0.02219	0.03686	0.04136	0.39363	0.11863	0.00600	0.00853	0.00891	0.03990	0.08454
66	0.79154	0.01436	0.01091	0.00976	0.01436	0.01665	0.00804	0.02182	0.01263	0.03331	0.01034	0.01206	0.00804	0.00689	0.00459	0.00230	0.00574	0.00402	0.00459	0.00804
67	0.01006	0.00748	0.00936	0.00909	0.01086	0.00678	0.00674	0.01307	0.01967	0.02704	0.51937	0.11612	0.18384	0.01654	0.00882	0.00242	0.00362	0.01450	0.00782	0.00678
