[name]
unknown

[dist]
# distance from previous block
# <min> <max>
2	36

[block]
# block no. 0 follows, 29 sequences, length 38
# corresponding to MSA columns:
# 37-74
name=unknown_A
#
# <colnr> <probs for GDERKNQSTAVLIFYWHMCP>
#	G	D	E	R	K	N	Q	S	T	A	V	L	I	F	Y	W	H	M	C	P
0	0.28273	0.08518	0.05850	0.07311	0.01942	0.01601	0.01148	0.04573	0.09024	0.08061	0.03811	0.02043	0.01439	0.00902	0.00756	0.03755	0.03286	0.03491	0.00495	0.03721
1	0.11317	0.03958	0.15007	0.19482	0.06391	0.03443	0.04157	0.04414	0.06406	0.02404	0.09568	0.02120	0.01715	0.00837	0.00794	0.00231	0.05767	0.00668	0.00432	0.00890
2	0.01950	0.12789	0.15225	0.05109	0.08904	0.07797	0.01600	0.06975	0.11683	0.10030	0.01761	0.05029	0.01406	0.00855	0.00782	0.00220	0.05732	0.00658	0.00485	0.01008
3	0.06898	0.01907	0.07161	0.08544	0.02392	0.12541	0.06052	0.07403	0.05628	0.15294	0.01637	0.01767	0.01198	0.00750	0.00733	0.00203	0.04081	0.00586	0.00511	0.14717
4	0.02036	0.04550	0.01876	0.01505	0.01898	0.05351	0.04009	0.03085	0.32402	0.16161	0.02298	0.02329	0.01736	0.03732	0.01028	0.00252	0.10327	0.00723	0.00627	0.04076
5	0.10052	0.01328	0.04112	0.08138	0.02063	0.01394	0.07075	0.04381	0.13379	0.02442	0.10668	0.04822	0.02191	0.01786	0.14225	0.00404	0.05893	0.00795	0.00507	0.04344
6	0.01730	0.01488	0.01731	0.06730	0.10588	0.04133	0.01277	0.04878	0.39451	0.05061	0.02939	0.03084	0.08373	0.01024	0.00742	0.00238	0.00645	0.04231	0.00632	0.01024
7	0.01665	0.01592	0.02714	0.20438	0.55227	0.01666	0.02137	0.02100	0.01575	0.02208	0.01322	0.01794	0.01086	0.00653	0.00707	0.00218	0.00870	0.00634	0.00344	0.01049
8	0.00858	0.00708	0.00754	0.00772	0.00980	0.00604	0.00568	0.01043	0.01618	0.01982	0.11713	0.15995	0.56277	0.01835	0.00851	0.00246	0.00366	0.01557	0.00671	0.00604
9	0.01567	0.00873	0.01125	0.01105	0.01325	0.00822	0.00818	0.03967	0.05190	0.19284	0.03675	0.44303	0.06928	0.01750	0.00844	0.00266	0.00489	0.04157	0.00721	0.00790
10	0.00903	0.00651	0.00856	0.00958	0.01039	0.00604	0.00660	0.01085	0.01543	0.02093	0.21392	0.54190	0.07352	0.02014	0.00889	0.00271	0.00391	0.01814	0.00693	0.00604
11	0.02127	0.01493	0.01653	0.01423	0.01867	0.01648	0.01125	0.07837	0.51036	0.17245	0.02804	0.02548	0.02026	0.00941	0.00722	0.00235	0.00586	0.00776	0.00756	0.01150
12	0.05793	0.01833	0.02010	0.01546	0.02108	0.01981	0.01277	0.54260	0.03036	0.16096	0.01874	0.01813	0.01291	0.00852	0.00702	0.00215	0.00743	0.00644	0.00731	0.01194
13	0.00906	0.00671	0.00826	0.00924	0.01024	0.00618	0.00646	0.01057	0.01444	0.01872	0.07784	0.42850	0.20133	0.09570	0.01175	0.00319	0.00444	0.06515	0.00643	0.00579
14	0.02665	0.01974	0.02113	0.01630	0.02192	0.02189	0.01343	0.65282	0.06293	0.04420	0.01763	0.01752	0.01254	0.00860	0.00713	0.00215	0.00774	0.00648	0.00713	0.01207
15	0.03195	0.01212	0.01652	0.01267	0.01818	0.01047	0.01047	0.03470	0.02038	0.71026	0.02809	0.02424	0.01763	0.00881	0.00716	0.00220	0.00606	0.00716	0.00881	0.01212
16	0.01163	0.00848	0.01150	0.01292	0.01470	0.00854	0.01121	0.01561	0.04715	0.02161	0.03878	0.07737	0.06843	0.01914	0.00966	0.00320	0.00639	0.60035	0.00659	0.00675
17	0.01458	0.00856	0.01108	0.00985	0.01240	0.00789	0.00759	0.01849	0.04885	0.16036	0.52033	0.04698	0.07780	0.01336	0.00811	0.00225	0.00399	0.01164	0.00796	0.00794
18	0.03195	0.01212	0.01652	0.01267	0.01818	0.01047	0.01047	0.03470	0.02038	0.71026	0.02809	0.02424	0.01763	0.00881	0.00716	0.00220	0.00606	0.00716	0.00881	0.01212
19	0.01428	0.03683	0.71286	0.02030	0.03082	0.01654	0.02631	0.02255	0.01503	0.02255	0.01278	0.01503	0.00902	0.00677	0.00677	0.00226	0.01052	0.00526	0.00301	0.01052
20	0.02049	0.01668	0.01767	0.01505	0.01958	0.01901	0.01194	0.22915	0.49663	0.03427	0.02545	0.02375	0.01888	0.00933	0.00721	0.00233	0.00629	0.00756	0.00721	0.01152
21	0.02233	0.01382	0.01603	0.01340	0.01778	0.01451	0.01069	0.12389	0.29582	0.24200	0.12340	0.02833	0.02562	0.00994	0.00737	0.00229	0.00575	0.00824	0.00780	0.01100
22	0.01771	0.01530	0.01610	0.01449	0.01852	0.01771	0.01127	0.03784	0.69247	0.02979	0.02898	0.02657	0.02174	0.00966	0.00725	0.00242	0.00564	0.00805	0.00725	0.01127
23	0.01036	0.00690	0.00777	0.00777	0.00777	0.00690	0.00431	0.01036	0.01036	0.01381	0.02244	0.04660	0.02589	0.74975	0.03624	0.00690	0.00690	0.01036	0.00431	0.00431
24	0.01477	0.01266	0.01477	0.01055	0.01687	0.00949	0.00844	0.01793	0.01477	0.02320	0.01266	0.01477	0.01055	0.00527	0.00527	0.00105	0.00527	0.00422	0.00422	0.79328
25	0.00856	0.00717	0.00745	0.00749	0.00974	0.00606	0.00558	0.01046	0.01640	0.01992	0.12018	0.10289	0.61775	0.01798	0.00845	0.00242	0.00361	0.01513	0.00671	0.00606
26	0.01904	0.75404	0.03731	0.01218	0.01828	0.02818	0.01218	0.02132	0.01447	0.01675	0.00990	0.01142	0.00914	0.00609	0.00457	0.00152	0.00761	0.00381	0.00305	0.00914
27	0.00864	0.00633	0.00812	0.00955	0.01023	0.00581	0.00645	0.00996	0.01398	0.01832	0.04365	0.65444	0.13491	0.02174	0.00900	0.00283	0.00406	0.01954	0.00661	0.00581
28	0.01470	0.01207	0.01278	0.01177	0.01515	0.01299	0.00906	0.02721	0.41089	0.05028	0.04403	0.06999	0.25383	0.01299	0.00771	0.00242	0.00490	0.01088	0.00706	0.00929
29	0.01762	0.01692	0.02890	0.04371	0.70533	0.01692	0.02185	0.02185	0.01621	0.02326	0.01339	0.01762	0.01128	0.00634	0.00705	0.00211	0.00846	0.00634	0.00352	0.01128
30	0.01771	0.01530	0.01610	0.01449	0.01852	0.01771	0.01127	0.03784	0.69247	0.02979	0.02898	0.02657	0.02174	0.00966	0.00725	0.00242	0.00564	0.00805	0.00725	0.01127
31	0.01345	0.01266	0.02136	0.73264	0.04904	0.01582	0.01978	0.01819	0.01424	0.01819	0.01266	0.01898	0.00949	0.00712	0.00712	0.00237	0.00949	0.00633	0.00316	0.00791
32	0.00907	0.00652	0.00868	0.01027	0.01094	0.00614	0.00726	0.01062	0.01413	0.01867	0.04027	0.62422	0.07106	0.02177	0.00917	0.00293	0.00446	0.11133	0.00660	0.00590
33	0.01681	0.01921	0.04202	0.03001	0.03721	0.01801	0.67947	0.02281	0.01681	0.02281	0.01441	0.01921	0.01080	0.00600	0.00840	0.00240	0.01200	0.00840	0.00360	0.00960
34	0.00868	0.00620	0.00826	0.00991	0.01033	0.00578	0.00661	0.00991	0.01363	0.01818	0.03925	0.74510	0.04710	0.02231	0.00909	0.00289	0.00413	0.02024	0.00661	0.00578
35	0.01568	0.01587	0.02345	0.01961	0.02020	0.02150	0.06948	0.01760	0.01138	0.01760	0.00976	0.01587	0.00947	0.01194	0.02215	0.00306	0.67787	0.00641	0.00316	0.00794
36	0.69950	0.01422	0.01167	0.01011	0.01468	0.01625	0.00833	0.07791	0.01431	0.06361	0.01135	0.01261	0.00853	0.00687	0.00476	0.00220	0.00573	0.00422	0.00484	0.00829
37	0.05489	0.03020	0.49837	0.01862	0.02738	0.01645	0.04493	0.10530	0.01738	0.04692	0.01607	0.01790	0.03516	0.00888	0.02899	0.00253	0.00986	0.00594	0.00395	0.01031

[dist]
# distance from previous block
# <min> <max>
2	13

[block]
# block no. 1 follows, 29 sequences, length 8
# corresponding to MSA columns:
# 88-95
name=unknown_B
#
# <colnr> <probs for GDERKNQSTAVLIFYWHMCP>
#	G	D	E	R	K	N	Q	S	T	A	V	L	I	F	Y	W	H	M	C	P
0	0.10022	0.01273	0.01627	0.01260	0.01802	0.01165	0.01040	0.07224	0.02043	0.60985	0.02581	0.02268	0.01641	0.00860	0.00691	0.00220	0.00612	0.00682	0.00832	0.01172
1	0.01004	0.00707	0.00854	0.00847	0.00922	0.00696	0.00555	0.01128	0.01333	0.01807	0.17979	0.07382	0.09590	0.41421	0.10282	0.00581	0.00706	0.01140	0.00534	0.00529
2	0.12961	0.01323	0.02112	0.48888	0.07832	0.01552	0.07076	0.01871	0.01421	0.02088	0.01394	0.05884	0.01156	0.00777	0.00693	0.00236	0.00875	0.00692	0.00360	0.00809
3	0.00947	0.00704	0.00881	0.00882	0.01038	0.00639	0.00644	0.01209	0.01805	0.02461	0.44340	0.19882	0.18578	0.01683	0.00854	0.00241	0.00357	0.01481	0.00735	0.00639
4	0.12839	0.01083	0.01326	0.01087	0.01512	0.00996	0.00878	0.02586	0.01875	0.40549	0.16367	0.03330	0.10417	0.01070	0.00718	0.00223	0.00517	0.00874	0.00778	0.00976
5	0.02292	0.01423	0.01684	0.04210	0.01913	0.01482	0.01122	0.32371	0.02482	0.19576	0.07376	0.16128	0.02406	0.01164	0.00760	0.00231	0.00644	0.00971	0.00732	0.01034
6	0.11543	0.11609	0.39301	0.01946	0.06130	0.05814	0.06841	0.02299	0.01529	0.04952	0.01272	0.01484	0.00946	0.00670	0.00634	0.00214	0.00951	0.00523	0.00352	0.00991
7	0.00948	0.00814	0.00823	0.00804	0.01063	0.00735	0.00608	0.01337	0.09334	0.02044	0.06721	0.06374	0.62482	0.01708	0.00828	0.00241	0.00384	0.01423	0.00668	0.00661

[dist]
# distance from previous block
# <min> <max>
0	1

[block]
# block no. 2 follows, 29 sequences, length 39
# corresponding to MSA columns:
# 97-135
name=unknown_C
#
# <colnr> <probs for GDERKNQSTAVLIFYWHMCP>
#	G	D	E	R	K	N	Q	S	T	A	V	L	I	F	Y	W	H	M	C	P
0	0.04366	0.00803	0.01020	0.00970	0.01183	0.00743	0.00735	0.01582	0.01826	0.11901	0.39212	0.17685	0.09631	0.01532	0.00826	0.00241	0.00410	0.03859	0.00748	0.00727
1	0.04182	0.01341	0.02146	0.56545	0.11256	0.01629	0.01890	0.01977	0.05391	0.01984	0.01346	0.01889	0.01032	0.00738	0.00768	0.00237	0.03821	0.00634	0.00348	0.00844
2	0.01987	0.07712	0.12106	0.08280	0.14083	0.26596	0.11448	0.02385	0.01700	0.01989	0.01212	0.01540	0.00977	0.00703	0.00758	0.00210	0.04472	0.00569	0.00343	0.00928
3	0.01662	0.18614	0.22111	0.02347	0.03132	0.01986	0.35680	0.02241	0.01581	0.02140	0.01297	0.01637	0.00996	0.00623	0.00712	0.00217	0.01064	0.00655	0.00332	0.00975
4	0.80005	0.01377	0.01047	0.00936	0.01377	0.01597	0.00771	0.02093	0.01212	0.03195	0.00991	0.01157	0.00771	0.00661	0.00441	0.00220	0.00551	0.00386	0.00441	0.00771
5	0.01296	0.00922	0.01155	0.00997	0.01315	0.00789	0.00771	0.01593	0.01739	0.06867	0.32999	0.07066	0.04154	0.05511	0.00914	0.00226	0.00460	0.06062	0.00645	0.24517
6	0.01027	0.00762	0.00933	0.01000	0.01123	0.00740	0.00713	0.03406	0.05375	0.02071	0.10633	0.41030	0.12672	0.08637	0.01132	0.00311	0.00464	0.06680	0.00657	0.00635
7	0.73522	0.01400	0.01120	0.00981	0.01432	0.01605	0.00809	0.05220	0.01342	0.05803	0.01093	0.01230	0.00829	0.00678	0.00464	0.00220	0.00564	0.00410	0.00470	0.00808
8	0.00894	0.00634	0.00837	0.00989	0.01033	0.00598	0.00665	0.01017	0.01350	0.01798	0.03786	0.65995	0.04515	0.07926	0.01125	0.00322	0.00446	0.04855	0.00643	0.00570
9	0.01017	0.00763	0.01144	0.01144	0.01272	0.00890	0.00890	0.01272	0.01144	0.01653	0.01907	0.02797	0.01780	0.05340	0.72153	0.01144	0.01907	0.00763	0.00381	0.00636
10	0.01804	0.01745	0.03052	0.04000	0.56182	0.01738	0.12412	0.05978	0.01730	0.02443	0.01376	0.01784	0.01125	0.00642	0.00727	0.00216	0.00898	0.00667	0.00374	0.01106
11	0.80005	0.01377	0.01047	0.00936	0.01377	0.01597	0.00771	0.02093	0.01212	0.03195	0.00991	0.01157	0.00771	0.00661	0.00441	0.00220	0.00551	0.00386	0.00441	0.00771
12	0.00868	0.00620	0.00826	0.00991	0.01033	0.00578	0.00661	0.00991	0.01363	0.01818	0.03925	0.74510	0.04710	0.02231	0.00909	0.00289	0.00413	0.02024	0.00661	0.00578
13	0.02707	0.01995	0.02137	0.01638	0.02208	0.02208	0.01353	0.68159	0.03348	0.04488	0.01710	0.01710	0.01211	0.00855	0.00712	0.00214	0.00784	0.00641	0.00712	0.01211
14	0.01477	0.01266	0.01477	0.01055	0.01687	0.00949	0.00844	0.01793	0.01477	0.02320	0.01266	0.01477	0.01055	0.00527	0.00527	0.00105	0.00527	0.00422	0.00422	0.79328
15	0.03195	0.01212	0.01652	0.01267	0.01818	0.01047	0.01047	0.03470	0.02038	0.71026	0.02809	0.02424	0.01763	0.00881	0.00716	0.00220	0.00606	0.00716	0.00881	0.01212
16	0.00844	0.00712	0.00731	0.00746	0.00968	0.00599	0.00552	0.01019	0.01600	0.01914	0.06919	0.12912	0.64375	0.01842	0.00848	0.00245	0.00365	0.01550	0.00661	0.00599
17	0.00948	0.00742	0.00829	0.00867	0.01042	0.00671	0.00632	0.03223	0.01564	0.01949	0.05530	0.23592	0.40893	0.08170	0.01103	0.00297	0.00437	0.06264	0.00643	0.00605
18	0.01345	0.01266	0.02136	0.73264	0.04904	0.01582	0.01978	0.01819	0.01424	0.01819	0.01266	0.01898	0.00949	0.00712	0.00712	0.00237	0.00949	0.00633	0.00316	0.00791
19	0.01558	0.01558	0.02181	0.01869	0.01869	0.02181	0.01558	0.01714	0.01091	0.01714	0.00935	0.01558	0.00935	0.01246	0.02337	0.00312	0.73672	0.00623	0.00312	0.00779
20	0.00903	0.00652	0.00863	0.01018	0.01087	0.00612	0.00718	0.01057	0.01414	0.01865	0.04091	0.61891	0.08353	0.02172	0.00915	0.00292	0.00442	0.10405	0.00660	0.00590
21	0.01028	0.00687	0.00779	0.00787	0.00789	0.00685	0.00442	0.01033	0.01051	0.01401	0.02322	0.07911	0.02687	0.71590	0.03498	0.00672	0.00677	0.01082	0.00442	0.00438
22	0.01017	0.00763	0.01144	0.01144	0.01272	0.00890	0.00890	0.01272	0.01144	0.01653	0.01907	0.02797	0.01780	0.05340	0.72153	0.01144	0.01907	0.00763	0.00381	0.00636
23	0.01771	0.01530	0.01610	0.01449	0.01852	0.01771	0.01127	0.03784	0.69247	0.02979	0.02898	0.02657	0.02174	0.00966	0.00725	0.00242	0.00564	0.00805	0.00725	0.01127
24	0.01477	0.01266	0.01477	0.01055	0.01687	0.00949	0.00844	0.01793	0.01477	0.02320	0.01266	0.01477	0.01055	0.00527	0.00527	0.00105	0.00527	0.00422	0.00422	0.79328
25	0.00882	0.00752	0.00763	0.00761	0.01002	0.00650	0.00570	0.01137	0.04470	0.01964	0.06917	0.09031	0.65088	0.01783	0.00839	0.00242	0.00371	0.01491	0.00664	0.00623
26	0.01345	0.01266	0.02136	0.73264	0.04904	0.01582	0.01978	0.01819	0.01424	0.01819	0.01266	0.01898	0.00949	0.00712	0.00712	0.00237	0.00949	0.00633	0.00316	0.00791
27	0.00929	0.00797	0.00805	0.00790	0.01045	0.00711	0.00596	0.01281	0.07956	0.02022	0.06809	0.06460	0.63869	0.01725	0.00831	0.00241	0.00380	0.01437	0.00667	0.00650
28	0.01067	0.00739	0.00934	0.00892	0.01078	0.00669	0.00666	0.01355	0.01893	0.05718	0.50596	0.11529	0.17080	0.01557	0.00841	0.00232	0.00359	0.01363	0.00757	0.00676
29	0.63882	0.01636	0.01169	0.01054	0.01468	0.12046	0.00845	0.02180	0.01348	0.02947	0.01086	0.01263	0.00855	0.00682	0.00474	0.00212	0.00647	0.00413	0.05021	0.00773
30	0.01017	0.00763	0.01144	0.01144	0.01272	0.00890	0.00890	0.01272	0.01144	0.01653	0.01907	0.02797	0.01780	0.05340	0.72153	0.01144	0.01907	0.00763	0.00381	0.00636
31	0.01428	0.03683	0.71286	0.02030	0.03082	0.01654	0.02631	0.02255	0.01503	0.02255	0.01278	0.01503	0.00902	0.00677	0.00677	0.00226	0.01052	0.00526	0.00301	0.01052
32	0.01900	0.02149	0.02151	0.01829	0.02053	0.27719	0.08989	0.02106	0.01529	0.01795	0.03750	0.01985	0.01344	0.09257	0.01628	0.00295	0.27721	0.00658	0.00368	0.00774
33	0.00998	0.00713	0.00912	0.01027	0.01101	0.00691	0.00705	0.04943	0.01467	0.01955	0.03668	0.62579	0.04328	0.07350	0.01095	0.00315	0.00464	0.04430	0.00647	0.00608
34	0.01415	0.01338	0.02264	0.61590	0.16025	0.01601	0.02013	0.01881	0.01457	0.01905	0.01278	0.01875	0.00979	0.00699	0.00711	0.00233	0.00932	0.00633	0.00323	0.00848
35	0.15712	0.02675	0.01886	0.01646	0.02044	0.42550	0.01279	0.15398	0.02088	0.02523	0.01192	0.01361	0.00951	0.00774	0.00718	0.00203	0.05176	0.00491	0.00444	0.00889
36	0.01478	0.00890	0.01085	0.01010	0.01199	0.00872	0.00721	0.05728	0.05599	0.12746	0.16271	0.18889	0.03607	0.22523	0.01609	0.00370	0.00536	0.01198	0.02945	0.00725
37	0.01171	0.00738	0.00913	0.00907	0.01055	0.00676	0.00635	0.01343	0.01559	0.09099	0.19502	0.24905	0.15307	0.17223	0.01436	0.00344	0.00465	0.01422	0.00664	0.00638
38	0.04319	0.05115	0.01481	0.01301	0.05602	0.01214	0.00942	0.15507	0.02094	0.06041	0.32166	0.10335	0.04045	0.05554	0.00934	0.00250	0.00532	0.01061	0.00677	0.00831

[dist]
# distance from previous block
# <min> <max>
1	6

[block]
# block no. 3 follows, 29 sequences, length 40
# corresponding to MSA columns:
# 142-181
name=unknown_D
#
# <colnr> <probs for GDERKNQSTAVLIFYWHMCP>
#	G	D	E	R	K	N	Q	S	T	A	V	L	I	F	Y	W	H	M	C	P
0	0.19605	0.28519	0.02415	0.01355	0.01850	0.16569	0.01167	0.10128	0.01761	0.06668	0.01209	0.01334	0.00971	0.00713	0.00598	0.00190	0.03144	0.00457	0.00432	0.00913
1	0.38527	0.06171	0.11596	0.07717	0.02244	0.01724	0.08846	0.02065	0.01336	0.02591	0.01146	0.01444	0.00900	0.00719	0.00725	0.00227	0.07641	0.00510	0.03032	0.00839
2	0.02402	0.02034	0.08026	0.01604	0.02206	0.02011	0.01399	0.50666	0.09252	0.03965	0.01746	0.01761	0.01262	0.00822	0.00694	0.00208	0.00764	0.00628	0.00653	0.07897
3	0.00951	0.00695	0.00878	0.00970	0.01057	0.00655	0.00655	0.01151	0.03828	0.01899	0.08070	0.54308	0.06491	0.10527	0.01197	0.00321	0.00448	0.01740	0.00636	0.03522
4	0.02461	0.01849	0.02005	0.01522	0.02104	0.01956	0.01251	0.54873	0.02973	0.04054	0.01621	0.01663	0.01180	0.00789	0.00675	0.00192	0.00732	0.00597	0.00654	0.16850
5	0.00894	0.00647	0.00812	0.00924	0.00991	0.00601	0.00615	0.01018	0.01382	0.01821	0.07222	0.53316	0.12768	0.11958	0.01264	0.00334	0.00440	0.01791	0.00636	0.00566
6	0.01974	0.01372	0.01702	0.01364	0.01796	0.01383	0.04397	0.24242	0.02218	0.12594	0.08594	0.08959	0.07796	0.01296	0.04381	0.00262	0.03176	0.00890	0.00649	0.10954
7	0.18367	0.01758	0.01747	0.01425	0.01922	0.05407	0.01155	0.31093	0.16043	0.11204	0.01895	0.01847	0.01363	0.00835	0.00656	0.00220	0.00697	0.00621	0.00661	0.01085
8	0.01741	0.01670	0.02852	0.07844	0.67224	0.01686	0.02175	0.02167	0.01611	0.02301	0.01336	0.01769	0.01119	0.00638	0.00705	0.00213	0.00851	0.00634	0.00351	0.01111
9	0.03195	0.01212	0.01652	0.01267	0.01818	0.01047	0.01047	0.03470	0.02038	0.71026	0.02809	0.02424	0.01763	0.00881	0.00716	0.00220	0.00606	0.00716	0.00881	0.01212
10	0.00931	0.00691	0.00860	0.00936	0.01044	0.00646	0.00650	0.01165	0.03815	0.02066	0.17923	0.44375	0.14930	0.05273	0.01002	0.00285	0.00407	0.01707	0.00678	0.00613
11	0.01164	0.00836	0.00993	0.00932	0.01153	0.00782	0.00703	0.06863	0.01931	0.05099	0.35272	0.14003	0.24413	0.01583	0.00834	0.00236	0.00400	0.01368	0.00730	0.00704
12	0.80005	0.01377	0.01047	0.00936	0.01377	0.01597	0.00771	0.02093	0.01212	0.03195	0.00991	0.01157	0.00771	0.00661	0.00441	0.00220	0.00551	0.00386	0.00441	0.00771
13	0.80005	0.01377	0.01047	0.00936	0.01377	0.01597	0.00771	0.02093	0.01212	0.03195	0.00991	0.01157	0.00771	0.00661	0.00441	0.00220	0.00551	0.00386	0.00441	0.00771
14	0.01127	0.00820	0.00919	0.00898	0.01103	0.00765	0.00651	0.04675	0.04552	0.05323	0.09640	0.19517	0.34867	0.10475	0.01170	0.00301	0.00451	0.01427	0.00658	0.00663
15	0.02707	0.01995	0.02137	0.01638	0.02208	0.02208	0.01353	0.68159	0.03348	0.04488	0.01710	0.01710	0.01211	0.00855	0.00712	0.00214	0.00784	0.00641	0.00712	0.01211
16	0.80005	0.01377	0.01047	0.00936	0.01377	0.01597	0.00771	0.02093	0.01212	0.03195	0.00991	0.01157	0.00771	0.00661	0.00441	0.00220	0.00551	0.00386	0.00441	0.00771
17	0.01491	0.00940	0.01175	0.01026	0.01294	0.00899	0.00797	0.09418	0.02160	0.12085	0.50994	0.04566	0.07644	0.01321	0.00809	0.00223	0.00425	0.01144	0.00784	0.00804
18	0.00934	0.00743	0.00850	0.00875	0.01087	0.00659	0.00690	0.01171	0.01692	0.02123	0.17034	0.06844	0.45691	0.01780	0.00871	0.00256	0.00419	0.14977	0.00681	0.00624
19	0.03195	0.01212	0.01652	0.01267	0.01818	0.01047	0.01047	0.03470	0.02038	0.71026	0.02809	0.02424	0.01763	0.00881	0.00716	0.00220	0.00606	0.00716	0.00881	0.01212
20	0.01681	0.01921	0.04202	0.03001	0.03721	0.01801	0.67947	0.02281	0.01681	0.02281	0.01441	0.01921	0.01080	0.00600	0.00840	0.00240	0.01200	0.00840	0.00360	0.00960
21	0.00982	0.00717	0.00915	0.00884	0.01043	0.00658	0.00651	0.01275	0.01894	0.02637	0.56772	0.11214	0.12142	0.03915	0.00935	0.00246	0.00356	0.01361	0.00751	0.00650
22	0.00972	0.00725	0.00892	0.00851	0.01026	0.00657	0.00630	0.01256	0.01878	0.02573	0.52673	0.05628	0.20684	0.05258	0.00981	0.00251	0.00359	0.01323	0.00739	0.00644
23	0.03195	0.01212	0.01652	0.01267	0.01818	0.01047	0.01047	0.03470	0.02038	0.71026	0.02809	0.02424	0.01763	0.00881	0.00716	0.00220	0.00606	0.00716	0.00881	0.01212
24	0.02707	0.01995	0.02137	0.01638	0.02208	0.02208	0.01353	0.68159	0.03348	0.04488	0.01710	0.01710	0.01211	0.00855	0.00712	0.00214	0.00784	0.00641	0.00712	0.01211
25	0.01477	0.01266	0.01477	0.01055	0.01687	0.00949	0.00844	0.01793	0.01477	0.02320	0.01266	0.01477	0.01055	0.00527	0.00527	0.00105	0.00527	0.00422	0.00422	0.79328
26	0.03195	0.01212	0.01652	0.01267	0.01818	0.01047	0.01047	0.03470	0.02038	0.71026	0.02809	0.02424	0.01763	0.00881	0.00716	0.00220	0.00606	0.00716	0.00881	0.01212
27	0.01904	0.75404	0.03731	0.01218	0.01828	0.02818	0.01218	0.02132	0.01447	0.01675	0.00990	0.01142	0.00914	0.00609	0.00457	0.00152	0.00761	0.00381	0.00305	0.00914
28	0.00868	0.00620	0.00826	0.00991	0.01033	0.00578	0.00661	0.00991	0.01363	0.01818	0.03925	0.74510	0.04710	0.02231	0.00909	0.00289	0.00413	0.02024	0.00661	0.00578
29	0.00992	0.00727	0.00930	0.00879	0.01054	0.00665	0.00659	0.01313	0.01978	0.02766	0.64130	0.05466	0.12802	0.01489	0.00840	0.00226	0.00338	0.01308	0.00772	0.00665
30	0.01762	0.01692	0.02890	0.04371	0.70533	0.01692	0.02185	0.02185	0.01621	0.02326	0.01339	0.01762	0.01128	0.00634	0.00705	0.00211	0.00846	0.00634	0.00352	0.01128
31	0.01008	0.00728	0.00952	0.00896	0.01064	0.00672	0.00672	0.01344	0.02016	0.02855	0.70158	0.05319	0.06719	0.01456	0.00840	0.00224	0.00336	0.01288	0.00784	0.00672
32	0.01345	0.01266	0.02136	0.73264	0.04904	0.01582	0.01978	0.01819	0.01424	0.01819	0.01266	0.01898	0.00949	0.00712	0.00712	0.00237	0.00949	0.00633	0.00316	0.00791
33	0.01147	0.00820	0.01147	0.01311	0.01475	0.00820	0.01147	0.01475	0.01639	0.02131	0.03770	0.08032	0.04098	0.01967	0.00984	0.00328	0.00656	0.65741	0.00656	0.00656
34	0.01681	0.01921	0.04202	0.03001	0.03721	0.01801	0.67947	0.02281	0.01681	0.02281	0.01441	0.01921	0.01080	0.00600	0.00840	0.00240	0.01200	0.00840	0.00360	0.00960
35	0.03195	0.01212	0.01652	0.01267	0.01818	0.01047	0.01047	0.03470	0.02038	0.71026	0.02809	0.02424	0.01763	0.00881	0.00716	0.00220	0.00606	0.00716	0.00881	0.01212
36	0.01904	0.75404	0.03731	0.01218	0.01828	0.02818	0.01218	0.02132	0.01447	0.01675	0.00990	0.01142	0.00914	0.00609	0.00457	0.00152	0.00761	0.00381	0.00305	0.00914
37	0.59039	0.01545	0.01342	0.01127	0.01603	0.01763	0.00929	0.20012	0.01791	0.03545	0.01186	0.01307	0.00890	0.00714	0.00514	0.00219	0.00614	0.00455	0.00514	0.00890
38	0.01381	0.01340	0.02338	0.54979	0.04318	0.01607	0.10326	0.01828	0.01427	0.01870	0.01395	0.05524	0.01154	0.00816	0.00867	0.00246	0.06713	0.00729	0.00339	0.00801
39	0.01085	0.00822	0.01164	0.07752	0.04053	0.00832	0.01050	0.01346	0.01509	0.01971	0.03621	0.25905	0.07568	0.05553	0.01053	0.00318	0.00605	0.32539	0.00605	0.00648

[dist]
# distance from previous block
# <min> <max>
0	4

[block]
# block no. 4 follows, 29 sequences, length 59
# corresponding to MSA columns:
# 186-244
name=unknown_E
#
# <colnr> <probs for GDERKNQSTAVLIFYWHMCP>
#	G	D	E	R	K	N	Q	S	T	A	V	L	I	F	Y	W	H	M	C	P
0	0.01019	0.00809	0.01210	0.01208	0.01317	0.00805	0.06215	0.01203	0.01410	0.01905	0.07597	0.49020	0.04102	0.07838	0.01207	0.00318	0.04774	0.06816	0.00605	0.00621
1	0.01736	0.02119	0.09220	0.03068	0.14211	0.06227	0.48035	0.02299	0.01678	0.02252	0.01390	0.01822	0.01063	0.00620	0.00793	0.00231	0.01137	0.00758	0.00355	0.00986
2	0.01578	0.01326	0.01531	0.01103	0.01730	0.01053	0.00886	0.07266	0.01631	0.02499	0.01302	0.01496	0.01068	0.00554	0.00543	0.00114	0.00548	0.00440	0.00446	0.72886
3	0.01345	0.01266	0.02136	0.73264	0.04904	0.01582	0.01978	0.01819	0.01424	0.01819	0.01266	0.01898	0.00949	0.00712	0.00712	0.00237	0.00949	0.00633	0.00316	0.00791
4	0.01017	0.00763	0.01144	0.01144	0.01272	0.00890	0.00890	0.01272	0.01144	0.01653	0.01907	0.02797	0.01780	0.05340	0.72153	0.01144	0.01907	0.00763	0.00381	0.00636
5	0.02294	0.01704	0.01927	0.04790	0.06306	0.01874	0.01289	0.46442	0.07059	0.03857	0.04934	0.02054	0.01577	0.00867	0.00694	0.00211	0.00709	0.00683	0.09633	0.01095
6	0.75048	0.01387	0.01082	0.00969	0.01407	0.01608	0.00794	0.02200	0.05523	0.03181	0.01112	0.01252	0.00860	0.00680	0.00459	0.00222	0.00552	0.00412	0.00459	0.00794
7	0.01464	0.01201	0.01389	0.01052	0.01594	0.00965	0.00829	0.03666	0.04021	0.02392	0.01622	0.07245	0.01440	0.00707	0.00567	0.00132	0.00512	0.00584	0.06335	0.62284
8	0.00991	0.00692	0.00800	0.00814	0.00864	0.00673	0.00502	0.01059	0.01214	0.01605	0.07694	0.12405	0.11335	0.50672	0.05259	0.00577	0.00640	0.01206	0.00507	0.00492
9	0.01899	0.57224	0.14326	0.01405	0.02062	0.09138	0.01458	0.02219	0.01509	0.01774	0.01046	0.01213	0.00912	0.00632	0.00509	0.00167	0.00857	0.00411	0.00310	0.00928
10	0.03195	0.01212	0.01652	0.01267	0.01818	0.01047	0.01047	0.03470	0.02038	0.71026	0.02809	0.02424	0.01763	0.00881	0.00716	0.00220	0.00606	0.00716	0.00881	0.01212
11	0.00961	0.00659	0.00799	0.00872	0.00890	0.00641	0.00533	0.01016	0.01180	0.01574	0.02986	0.35521	0.03526	0.42836	0.02425	0.00513	0.00568	0.01472	0.00533	0.00496
12	0.02256	0.02477	0.02027	0.08292	0.06408	0.36092	0.01440	0.10097	0.14750	0.02322	0.01527	0.01692	0.01204	0.00816	0.00783	0.00212	0.05623	0.00581	0.00464	0.00937
13	0.01746	0.01675	0.02861	0.07056	0.67976	0.01688	0.02177	0.02171	0.01614	0.02307	0.01337	0.01768	0.01121	0.00637	0.00705	0.00212	0.00850	0.00634	0.00351	0.01115
14	0.00842	0.00721	0.00721	0.00721	0.00962	0.00601	0.00541	0.01022	0.01623	0.01924	0.07213	0.06853	0.70244	0.01803	0.00842	0.00240	0.00361	0.01503	0.00661	0.00601
15	0.01011	0.00729	0.00867	0.00870	0.01062	0.00646	0.00647	0.01237	0.01712	0.05220	0.25230	0.18848	0.33470	0.01744	0.00853	0.00247	0.00385	0.03867	0.00708	0.00647
16	0.01712	0.01584	0.02613	0.33974	0.03721	0.06087	0.20010	0.02152	0.01562	0.08422	0.01450	0.01907	0.01085	0.00750	0.00882	0.00238	0.07504	0.00687	0.02783	0.00874
17	0.04651	0.01617	0.07761	0.01436	0.01954	0.01500	0.01249	0.11127	0.25998	0.26470	0.02578	0.02647	0.01881	0.00951	0.00723	0.00234	0.00653	0.04721	0.00727	0.01120
18	0.01449	0.06829	0.68323	0.01994	0.03027	0.01705	0.02569	0.02250	0.01501	0.02230	0.01265	0.01488	0.00903	0.00674	0.00667	0.00222	0.01040	0.00520	0.00301	0.01046
19	0.80005	0.01377	0.01047	0.00936	0.01377	0.01597	0.00771	0.02093	0.01212	0.03195	0.00991	0.01157	0.00771	0.00661	0.00441	0.00220	0.00551	0.00386	0.00441	0.00771
20	0.01104	0.00727	0.00882	0.00853	0.00949	0.00701	0.00564	0.01242	0.01419	0.04938	0.22581	0.07039	0.07901	0.40190	0.05513	0.00513	0.00608	0.01143	0.00574	0.00561
21	0.26149	0.01345	0.01823	0.19352	0.13766	0.01487	0.05485	0.04787	0.01487	0.02488	0.03654	0.05342	0.03533	0.05512	0.00835	0.00258	0.00738	0.00704	0.00429	0.00828
22	0.77166	0.01460	0.03585	0.00976	0.01439	0.01599	0.00838	0.02099	0.01222	0.03161	0.01002	0.01169	0.00776	0.00662	0.00449	0.00221	0.00569	0.00391	0.00436	0.00781
23	0.00868	0.00620	0.00826	0.00991	0.01033	0.00578	0.00661	0.00991	0.01363	0.01818	0.03925	0.74510	0.04710	0.02231	0.00909	0.00289	0.00413	0.02024	0.00661	0.00578
24	0.01237	0.00618	0.00928	0.00928	0.00928	0.00618	0.00618	0.00928	0.00928	0.01237	0.01237	0.02165	0.01237	0.02474	0.02783	0.79283	0.00618	0.00618	0.00309	0.00309
25	0.01718	0.01646	0.02809	0.11767	0.63488	0.01680	0.02163	0.02146	0.01600	0.02272	0.01331	0.01777	0.01109	0.00643	0.00706	0.00214	0.00857	0.00634	0.00349	0.01092
26	0.80005	0.01377	0.01047	0.00936	0.01377	0.01597	0.00771	0.02093	0.01212	0.03195	0.00991	0.01157	0.00771	0.00661	0.00441	0.00220	0.00551	0.00386	0.00441	0.00771
27	0.01008	0.00728	0.00952	0.00896	0.01064	0.00672	0.00672	0.01344	0.02016	0.02855	0.70158	0.05319	0.06719	0.01456	0.00840	0.00224	0.00336	0.01288	0.00784	0.00672
28	0.01062	0.00734	0.00869	0.00886	0.00940	0.00726	0.00560	0.04082	0.01328	0.01789	0.09520	0.23764	0.03525	0.44263	0.02467	0.00512	0.00583	0.01315	0.00543	0.00531
29	0.01554	0.01263	0.01484	0.01064	0.01693	0.00954	0.00853	0.01869	0.01502	0.05419	0.01335	0.01519	0.01087	0.00543	0.00536	0.00111	0.00531	0.00435	0.00443	0.75805
30	0.02662	0.03332	0.02023	0.01826	0.02202	0.69053	0.01375	0.05706	0.02076	0.01863	0.01127	0.01303	0.00930	0.00739	0.00645	0.00185	0.01262	0.00467	0.00382	0.00842
31	0.01039	0.00749	0.00893	0.00853	0.01068	0.00664	0.00649	0.01308	0.01842	0.05445	0.38957	0.05915	0.32789	0.01591	0.00840	0.00234	0.00368	0.03398	0.00733	0.00666
32	0.01681	0.01921	0.04202	0.03001	0.03721	0.01801	0.67947	0.02281	0.01681	0.02281	0.01441	0.01921	0.01080	0.00600	0.00840	0.00240	0.01200	0.00840	0.00360	0.00960
33	0.01345	0.01266	0.02136	0.73264	0.04904	0.01582	0.01978	0.01819	0.01424	0.01819	0.01266	0.01898	0.00949	0.00712	0.00712	0.00237	0.00949	0.00633	0.00316	0.00791
34	0.03195	0.01212	0.01652	0.01267	0.01818	0.01047	0.01047	0.03470	0.02038	0.71026	0.02809	0.02424	0.01763	0.00881	0.00716	0.00220	0.00606	0.00716	0.00881	0.01212
35	0.01036	0.00690	0.00777	0.00777	0.00777	0.00690	0.00431	0.01036	0.01036	0.01381	0.02244	0.04660	0.02589	0.74975	0.03624	0.00690	0.00690	0.01036	0.00431	0.00431
36	0.00868	0.00620	0.00826	0.00991	0.01033	0.00578	0.00661	0.00991	0.01363	0.01818	0.03925	0.74510	0.04710	0.02231	0.00909	0.00289	0.00413	0.02024	0.00661	0.00578
37	0.01008	0.00728	0.00952	0.00896	0.01064	0.00672	0.00672	0.01344	0.02016	0.02855	0.70158	0.05319	0.06719	0.01456	0.00840	0.00224	0.00336	0.01288	0.00784	0.00672
38	0.02660	0.03394	0.02018	0.01834	0.02201	0.72116	0.01376	0.02843	0.02018	0.01743	0.01101	0.01284	0.00917	0.00734	0.00642	0.00183	0.01284	0.00459	0.00367	0.00825
39	0.01170	0.00846	0.01164	0.01316	0.01489	0.00855	0.01147	0.01560	0.04130	0.02162	0.03738	0.07834	0.04027	0.01930	0.00974	0.00325	0.00652	0.63349	0.00658	0.00673
40	0.80005	0.01377	0.01047	0.00936	0.01377	0.01597	0.00771	0.02093	0.01212	0.03195	0.00991	0.01157	0.00771	0.00661	0.00441	0.00220	0.00551	0.00386	0.00441	0.00771
41	0.01428	0.03683	0.71286	0.02030	0.03082	0.01654	0.02631	0.02255	0.01503	0.02255	0.01278	0.01503	0.00902	0.00677	0.00677	0.00226	0.01052	0.00526	0.00301	0.01052
42	0.00868	0.00620	0.00826	0.00991	0.01033	0.00578	0.00661	0.00991	0.01363	0.01818	0.03925	0.74510	0.04710	0.02231	0.00909	0.00289	0.00413	0.02024	0.00661	0.00578
43	0.03195	0.01212	0.01652	0.01267	0.01818	0.01047	0.01047	0.03470	0.02038	0.71026	0.02809	0.02424	0.01763	0.00881	0.00716	0.00220	0.00606	0.00716	0.00881	0.01212
44	0.01316	0.00666	0.00674	0.00672	0.00838	0.00664	0.00504	0.01648	0.01512	0.02662	0.04719	0.02749	0.01998	0.00852	0.00510	0.00168	0.00332	0.00686	0.76168	0.00664
45	0.01017	0.00763	0.01144	0.01144	0.01272	0.00890	0.00890	0.01272	0.01144	0.01653	0.01907	0.02797	0.01780	0.05340	0.72153	0.01144	0.01907	0.00763	0.00381	0.00636
46	0.01904	0.75404	0.03731	0.01218	0.01828	0.02818	0.01218	0.02132	0.01447	0.01675	0.00990	0.01142	0.00914	0.00609	0.00457	0.00152	0.00761	0.00381	0.00305	0.00914
47	0.01572	0.01601	0.02421	0.02004	0.02090	0.02136	0.09447	0.01781	0.01161	0.01781	0.00995	0.01601	0.00952	0.01170	0.02159	0.00303	0.65060	0.00649	0.00317	0.00800
48	0.03195	0.01212	0.01652	0.01267	0.01818	0.01047	0.01047	0.03470	0.02038	0.71026	0.02809	0.02424	0.01763	0.00881	0.00716	0.00220	0.00606	0.00716	0.00881	0.01212
49	0.01762	0.01692	0.02890	0.04371	0.70533	0.01692	0.02185	0.02185	0.01621	0.02326	0.01339	0.01762	0.01128	0.00634	0.00705	0.00211	0.00846	0.00634	0.00352	0.01128
50	0.01466	0.01416	0.02311	0.39901	0.03667	0.01747	0.09453	0.01965	0.05667	0.01944	0.01335	0.01883	0.01064	0.00857	0.01142	0.00255	0.19761	0.00666	0.02675	0.00825
51	0.01036	0.00690	0.00777	0.00777	0.00777	0.00690	0.00431	0.01036	0.01036	0.01381	0.02244	0.04660	0.02589	0.74975	0.03624	0.00690	0.00690	0.01036	0.00431	0.00431
52	0.01080	0.00748	0.00949	0.00887	0.01082	0.00678	0.00669	0.01391	0.01960	0.05711	0.58120	0.05413	0.15669	0.01481	0.00835	0.00226	0.00351	0.01294	0.00770	0.00685
53	0.00849	0.00722	0.00732	0.00729	0.00966	0.00604	0.00547	0.01037	0.01641	0.01966	0.10083	0.06783	0.67348	0.01788	0.00841	0.00240	0.00360	0.01493	0.00667	0.00604
54	0.08276	0.11579	0.04932	0.08332	0.09097	0.15321	0.18353	0.07109	0.01729	0.02265	0.01240	0.01570	0.00991	0.00706	0.00778	0.00216	0.05609	0.00597	0.00377	0.00924
55	0.02483	0.02894	0.02176	0.02217	0.13070	0.50256	0.01509	0.10303	0.02076	0.02154	0.01204	0.01420	0.00986	0.00750	0.00721	0.00196	0.03752	0.00514	0.00403	0.00917
56	0.01823	0.02017	0.02983	0.16484	0.18843	0.15627	0.24114	0.02256	0.01658	0.02071	0.01294	0.01738	0.01027	0.00685	0.00814	0.00225	0.04392	0.00668	0.00349	0.00931
57	0.00842	0.00721	0.00721	0.00721	0.00962	0.00601	0.00541	0.01022	0.01623	0.01924	0.07213	0.06853	0.70244	0.01803	0.00842	0.00240	0.00361	0.01503	0.00661	0.00601
58	0.02988	0.01412	0.01753	0.01349	0.01891	0.01360	0.01113	0.21641	0.02387	0.49746	0.02481	0.02231	0.01609	0.00872	0.00707	0.00216	0.00646	0.00693	0.03712	0.01191

[dist]
# distance from previous block
# <min> <max>
0	1

[block]
# block no. 5 follows, 29 sequences, length 36
# corresponding to MSA columns:
# 246-281
name=unknown_F
#
# <colnr> <probs for GDERKNQSTAVLIFYWHMCP>
#	G	D	E	R	K	N	Q	S	T	A	V	L	I	F	Y	W	H	M	C	P
0	0.20872	0.12103	0.18328	0.03864	0.02232	0.24011	0.01510	0.02428	0.01611	0.05415	0.01186	0.01359	0.00918	0.00693	0.00583	0.00202	0.00943	0.00464	0.00383	0.00894
1	0.01904	0.75404	0.03731	0.01218	0.01828	0.02818	0.01218	0.02132	0.01447	0.01675	0.00990	0.01142	0.00914	0.00609	0.00457	0.00152	0.00761	0.00381	0.00305	0.00914
2	0.02615	0.07667	0.02120	0.01798	0.02179	0.68004	0.01366	0.02801	0.01984	0.01739	0.01094	0.01276	0.00917	0.00726	0.00631	0.00182	0.01253	0.00454	0.00363	0.00831
3	0.00967	0.00745	0.00787	0.00764	0.01012	0.00629	0.00577	0.01167	0.01681	0.05215	0.13239	0.06496	0.60787	0.01726	0.00836	0.00238	0.00370	0.01445	0.00684	0.00636
4	0.01021	0.00747	0.01066	0.01066	0.01166	0.00847	0.00792	0.01221	0.01121	0.01595	0.01979	0.03196	0.01953	0.20257	0.57474	0.01047	0.01647	0.00821	0.00392	0.00592
5	0.08040	0.01282	0.01651	0.01274	0.01820	0.01171	0.01053	0.08350	0.02086	0.61605	0.02609	0.02288	0.01657	0.00865	0.00698	0.00220	0.00616	0.00689	0.00840	0.01184
6	0.01558	0.01558	0.02181	0.01869	0.01869	0.02181	0.01558	0.01714	0.01091	0.01714	0.00935	0.01558	0.00935	0.01246	0.02337	0.00312	0.73672	0.00623	0.00312	0.00779
7	0.01771	0.01530	0.01610	0.01449	0.01852	0.01771	0.01127	0.03784	0.69247	0.02979	0.02898	0.02657	0.02174	0.00966	0.00725	0.00242	0.00564	0.00805	0.00725	0.01127
8	0.00897	0.00622	0.00816	0.00971	0.01020	0.00584	0.00651	0.01034	0.01372	0.01871	0.03823	0.69943	0.04526	0.02142	0.00883	0.00281	0.00408	0.01938	0.05636	0.00584
9	0.03092	0.01377	0.01755	0.01345	0.01900	0.01292	0.01111	0.17156	0.02315	0.56949	0.02577	0.02273	0.01646	0.00876	0.00715	0.00219	0.00643	0.00700	0.00846	0.01212
10	0.02707	0.01995	0.02137	0.01638	0.02208	0.02208	0.01353	0.68159	0.03348	0.04488	0.01710	0.01710	0.01211	0.00855	0.00712	0.00214	0.00784	0.00641	0.00712	0.01211
11	0.00922	0.00760	0.00820	0.00827	0.01057	0.00671	0.00639	0.01195	0.03912	0.02073	0.12902	0.06690	0.54518	0.01759	0.00853	0.00248	0.00397	0.08449	0.00675	0.00632
12	0.01133	0.00830	0.01114	0.01244	0.01423	0.00824	0.01071	0.01503	0.03874	0.02165	0.06502	0.07642	0.10524	0.01900	0.00956	0.00313	0.00612	0.55040	0.00663	0.00667
13	0.02707	0.01995	0.02137	0.01638	0.02208	0.02208	0.01353	0.68159	0.03348	0.04488	0.01710	0.01710	0.01211	0.00855	0.00712	0.00214	0.00784	0.00641	0.00712	0.01211
14	0.80005	0.01377	0.01047	0.00936	0.01377	0.01597	0.00771	0.02093	0.01212	0.03195	0.00991	0.01157	0.00771	0.00661	0.00441	0.00220	0.00551	0.00386	0.00441	0.00771
15	0.00868	0.00620	0.00826	0.00991	0.01033	0.00578	0.00661	0.00991	0.01363	0.01818	0.03925	0.74510	0.04710	0.02231	0.00909	0.00289	0.00413	0.02024	0.00661	0.00578
16	0.02771	0.01570	0.01821	0.01416	0.01945	0.01618	0.01163	0.34523	0.05960	0.31270	0.02253	0.02106	0.01521	0.00869	0.00701	0.00215	0.00672	0.00681	0.05753	0.01172
17	0.03122	0.01329	0.01725	0.01322	0.01876	0.01220	0.01092	0.13133	0.02234	0.61087	0.02645	0.02317	0.01680	0.00877	0.00716	0.00219	0.00632	0.00705	0.00856	0.01212
18	0.01771	0.01530	0.01610	0.01449	0.01852	0.01771	0.01127	0.03784	0.69247	0.02979	0.02898	0.02657	0.02174	0.00966	0.00725	0.00242	0.00564	0.00805	0.00725	0.01127
19	0.02463	0.01481	0.01715	0.01415	0.01898	0.01559	0.01143	0.16393	0.29071	0.28412	0.02658	0.02559	0.01893	0.00945	0.00727	0.00231	0.00626	0.02873	0.00778	0.01160
20	0.00866	0.00625	0.00821	0.00978	0.01029	0.00579	0.00655	0.00993	0.01376	0.01823	0.04087	0.71163	0.07952	0.02210	0.00906	0.00287	0.00411	0.01998	0.00661	0.00579
21	0.02707	0.01995	0.02137	0.01638	0.02208	0.02208	0.01353	0.68159	0.03348	0.04488	0.01710	0.01710	0.01211	0.00855	0.00712	0.00214	0.00784	0.00641	0.00712	0.01211
22	0.01327	0.00664	0.00664	0.00664	0.00830	0.00664	0.00498	0.01659	0.01493	0.02655	0.02323	0.02655	0.01825	0.00830	0.00498	0.00166	0.00332	0.00664	0.78928	0.00664
23	0.01477	0.01266	0.01477	0.01055	0.01687	0.00949	0.00844	0.01793	0.01477	0.02320	0.01266	0.01477	0.01055	0.00527	0.00527	0.00105	0.00527	0.00422	0.00422	0.79328
24	0.03065	0.01183	0.01611	0.01245	0.01773	0.01024	0.01024	0.03344	0.02037	0.66981	0.06806	0.02595	0.02057	0.00915	0.00723	0.00221	0.00590	0.00750	0.00876	0.01180
25	0.01904	0.75404	0.03731	0.01218	0.01828	0.02818	0.01218	0.02132	0.01447	0.01675	0.00990	0.01142	0.00914	0.00609	0.00457	0.00152	0.00761	0.00381	0.00305	0.00914
26	0.01008	0.00728	0.00952	0.00896	0.01064	0.00672	0.00672	0.01344	0.02016	0.02855	0.70158	0.05319	0.06719	0.01456	0.00840	0.00224	0.00336	0.01288	0.00784	0.00672
27	0.00973	0.00726	0.00903	0.00859	0.01042	0.00657	0.00644	0.01276	0.01933	0.02658	0.56841	0.05643	0.20158	0.01529	0.00840	0.00227	0.00341	0.01333	0.00758	0.00657
28	0.01762	0.01692	0.02890	0.04371	0.70533	0.01692	0.02185	0.02185	0.01621	0.02326	0.01339	0.01762	0.01128	0.00634	0.00705	0.00211	0.00846	0.00634	0.00352	0.01128
29	0.01771	0.01530	0.01610	0.01449	0.01852	0.01771	0.01127	0.03784	0.69247	0.02979	0.02898	0.02657	0.02174	0.00966	0.00725	0.00242	0.00564	0.00805	0.00725	0.01127
30	0.01345	0.01266	0.02136	0.73264	0.04904	0.01582	0.01978	0.01819	0.01424	0.01819	0.01266	0.01898	0.00949	0.00712	0.00712	0.00237	0.00949	0.00633	0.00316	0.00791
31	0.01147	0.00820	0.01147	0.01311	0.01475	0.00820	0.01147	0.01475	0.01639	0.02131	0.03770	0.08032	0.04098	0.01967	0.00984	0.00328	0.00656	0.65741	0.00656	0.00656
32	0.01147	0.00820	0.01147	0.01311	0.01475	0.00820	0.01147	0.01475	0.01639	0.02131	0.03770	0.08032	0.04098	0.01967	0.00984	0.00328	0.00656	0.65741	0.00656	0.00656
33	0.02663	0.03316	0.02025	0.01824	0.02202	0.68217	0.01375	0.06487	0.02092	0.01896	0.01135	0.01308	0.00934	0.00741	0.00646	0.00185	0.01256	0.00469	0.00386	0.00847
34	0.01765	0.01881	0.04059	0.02904	0.03615	0.01759	0.64215	0.02347	0.01701	0.06116	0.01517	0.01949	0.01118	0.00616	0.00833	0.00239	0.01167	0.00833	0.00389	0.00974
35	0.22545	0.01289	0.01490	0.01189	0.01684	0.01264	0.00976	0.08840	0.01945	0.42578	0.07311	0.02254	0.01833	0.00866	0.00655	0.00220	0.00588	0.00668	0.00746	0.01059

[dist]
# distance from previous block
# <min> <max>
2	7

[block]
# block no. 6 follows, 29 sequences, length 56
# corresponding to MSA columns:
# 289-344
name=unknown_G
#
# <colnr> <probs for GDERKNQSTAVLIFYWHMCP>
#	G	D	E	R	K	N	Q	S	T	A	V	L	I	F	Y	W	H	M	C	P
0	0.04811	0.01092	0.01181	0.01063	0.01354	0.05182	0.00821	0.06067	0.03847	0.14306	0.19784	0.10097	0.17553	0.01606	0.05490	0.00289	0.00599	0.01103	0.02957	0.00801
1	0.01251	0.01024	0.01515	0.01961	0.19283	0.01013	0.01226	0.01640	0.04654	0.02287	0.15051	0.16621	0.06649	0.01522	0.00856	0.00265	0.00592	0.21200	0.00604	0.00787
2	0.01017	0.00763	0.01144	0.01144	0.01272	0.00890	0.00890	0.01272	0.01144	0.01653	0.01907	0.02797	0.01780	0.05340	0.72153	0.01144	0.01907	0.00763	0.00381	0.00636
3	0.01751	0.01783	0.02148	0.31544	0.18095	0.15456	0.01726	0.06035	0.04132	0.02119	0.01694	0.04605	0.04251	0.00820	0.00710	0.00222	0.00924	0.00694	0.00400	0.00892
4	0.02680	0.02801	0.02068	0.01751	0.02204	0.42501	0.01366	0.30514	0.02581	0.02906	0.01359	0.01464	0.01042	0.00785	0.00672	0.00196	0.01072	0.00536	0.00513	0.00989
5	0.02707	0.01995	0.02137	0.01638	0.02208	0.02208	0.01353	0.68159	0.03348	0.04488	0.01710	0.01710	0.01211	0.00855	0.00712	0.00214	0.00784	0.00641	0.00712	0.01211
6	0.01018	0.00760	0.01130	0.01130	0.01252	0.00882	0.00872	0.01262	0.01140	0.01642	0.01921	0.02871	0.01812	0.08096	0.69441	0.01126	0.01859	0.00774	0.00383	0.00628
7	0.01868	0.70023	0.08800	0.01279	0.01922	0.02730	0.01324	0.02141	0.01451	0.01719	0.01012	0.01169	0.00913	0.00614	0.00473	0.00158	0.00783	0.00392	0.00304	0.00924
8	0.01327	0.00664	0.00664	0.00664	0.00830	0.00664	0.00498	0.01659	0.01493	0.02655	0.02323	0.02655	0.01825	0.00830	0.00498	0.00166	0.00332	0.00664	0.78928	0.00664
9	0.00874	0.00625	0.00832	0.00987	0.01034	0.00583	0.00662	0.01008	0.01394	0.01866	0.07026	0.71271	0.04804	0.02195	0.00906	0.00286	0.00410	0.01990	0.00667	0.00583
10	0.01101	0.00749	0.00982	0.00912	0.01096	0.00688	0.00688	0.01435	0.02017	0.05771	0.67278	0.05195	0.06507	0.01431	0.00835	0.00224	0.00347	0.01263	0.00788	0.00695
11	0.01731	0.01660	0.02834	0.09551	0.65598	0.01684	0.02170	0.02158	0.01607	0.02288	0.01334	0.01773	0.01114	0.00640	0.00705	0.00213	0.00854	0.00634	0.00350	0.01103
12	0.01771	0.01530	0.01610	0.01449	0.01852	0.01771	0.01127	0.03784	0.69247	0.02979	0.02898	0.02657	0.02174	0.00966	0.00725	0.00242	0.00564	0.00805	0.00725	0.01127
13	0.01008	0.00728	0.00952	0.00896	0.01064	0.00672	0.00672	0.01344	0.02016	0.02855	0.70158	0.05319	0.06719	0.01456	0.00840	0.00224	0.00336	0.01288	0.00784	0.00672
