[name]
unknown

[dist]
# distance from previous block
# <min> <max>
22	552

[block]
# block no. 0 follows, 27 sequences, length 20
# corresponding to MSA columns:
# 567-586
name=unknown_A
#
# <colnr> <probs for GDERKNQSTAVLIFYWHMCP>
#	G	D	E	R	K	N	Q	S	T	A	V	L	I	F	Y	W	H	M	C	P
0	0.01655	0.15173	0.09973	0.01669	0.09562	0.04650	0.01307	0.01970	0.01523	0.04778	0.01768	0.09491	0.01695	0.09461	0.01077	0.00256	0.03342	0.00750	0.03101	0.16797
1	0.01986	0.09654	0.09823	0.01479	0.02007	0.06214	0.01318	0.17618	0.07927	0.06106	0.04439	0.06528	0.04410	0.03609	0.00881	0.00232	0.03573	0.00764	0.00566	0.10866
2	0.01969	0.17866	0.02165	0.01413	0.01855	0.17805	0.01154	0.06212	0.07658	0.03782	0.05898	0.06550	0.05346	0.00962	0.00749	0.00199	0.04302	0.00722	0.00502	0.12893
3	0.01459	0.01173	0.01260	0.04272	0.01512	0.05229	0.00865	0.11534	0.02051	0.02752	0.28100	0.04392	0.13574	0.10257	0.01164	0.00284	0.00569	0.01085	0.04028	0.04437
4	0.05017	0.21472	0.02674	0.01748	0.04727	0.09651	0.08799	0.06980	0.04992	0.05159	0.02138	0.02297	0.09484	0.00945	0.00916	0.00224	0.10666	0.00707	0.00464	0.00938
5	0.09502	0.14350	0.06441	0.01644	0.02137	0.13407	0.03951	0.16832	0.06110	0.05444	0.01593	0.05014	0.01320	0.00904	0.00844	0.00225	0.08128	0.00647	0.00508	0.00999
6	0.01083	0.00784	0.01025	0.01041	0.01142	0.00787	0.00729	0.01179	0.01283	0.01756	0.02980	0.28913	0.07086	0.15461	0.13087	0.09509	0.04020	0.01321	0.00522	0.06292
7	0.01761	0.01133	0.01328	0.01174	0.01442	0.01175	0.00877	0.16239	0.05156	0.10887	0.05342	0.12316	0.05267	0.20063	0.09028	0.00463	0.00780	0.01051	0.03683	0.00835
8	0.10882	0.08582	0.01984	0.05869	0.04730	0.17943	0.01285	0.09796	0.04036	0.02359	0.01476	0.01942	0.01275	0.05124	0.13520	0.00418	0.06854	0.00614	0.00438	0.00872
9	0.01259	0.00835	0.01068	0.01091	0.01270	0.00762	0.00778	0.03681	0.01560	0.07473	0.03508	0.51092	0.03966	0.05333	0.01015	0.00292	0.00498	0.04199	0.00669	0.09650
10	0.00904	0.00646	0.00861	0.01034	0.01077	0.00603	0.00689	0.01034	0.01421	0.01895	0.04092	0.73426	0.04910	0.02326	0.00948	0.00301	0.00431	0.02110	0.00689	0.00603
11	0.01589	0.04801	0.02203	0.41270	0.07721	0.06799	0.01765	0.04200	0.01646	0.02125	0.09066	0.02253	0.01698	0.00890	0.00927	0.00244	0.08832	0.00713	0.00405	0.00854
12	0.01017	0.01078	0.08929	0.05497	0.01569	0.00810	0.01001	0.01284	0.01544	0.02082	0.11338	0.47097	0.10117	0.01909	0.00893	0.00278	0.00528	0.01705	0.00638	0.00687
13	0.02674	0.01992	0.02149	0.01638	0.02240	0.02151	0.01350	0.59318	0.03265	0.04418	0.01729	0.01754	0.01244	0.00852	0.00720	0.00210	0.00786	0.00642	0.00708	0.10161
14	0.02069	0.01190	0.01453	0.01206	0.01591	0.01162	0.00960	0.14534	0.05176	0.22540	0.30585	0.03937	0.07957	0.01226	0.00808	0.00232	0.00532	0.01034	0.00822	0.00986
15	0.01691	0.01861	0.09539	0.33241	0.06642	0.01831	0.17752	0.09551	0.01776	0.02394	0.01400	0.01894	0.01056	0.00758	0.00875	0.00248	0.05444	0.00702	0.00388	0.00958
16	0.01689	0.01186	0.04804	0.01336	0.01582	0.01232	0.01124	0.01980	0.01440	0.15222	0.02004	0.02490	0.01637	0.02817	0.28851	0.00622	0.15634	0.00728	0.12785	0.00836
17	0.33881	0.04971	0.01679	0.01338	0.01781	0.08395	0.01094	0.06872	0.08391	0.15612	0.01647	0.01703	0.01215	0.00840	0.00770	0.00234	0.07478	0.00559	0.00568	0.00971
18	0.15596	0.56522	0.08031	0.01278	0.01914	0.02627	0.01291	0.02225	0.01469	0.02069	0.01053	0.01220	0.00926	0.00650	0.00489	0.00177	0.00776	0.00408	0.00342	0.00937
19	0.01453	0.01010	0.01297	0.09238	0.01772	0.01004	0.00955	0.01904	0.07139	0.11299	0.27034	0.04589	0.19742	0.01347	0.00877	0.00238	0.03108	0.01136	0.00704	0.04154

[dist]
# distance from previous block
# <min> <max>
0	3

[block]
# block no. 1 follows, 27 sequences, length 10
# corresponding to MSA columns:
# 590-599
name=unknown_B
#
# <colnr> <probs for GDERKNQSTAVLIFYWHMCP>
#	G	D	E	R	K	N	Q	S	T	A	V	L	I	F	Y	W	H	M	C	P
0	0.01658	0.01564	0.02645	0.25555	0.44631	0.01667	0.02138	0.02109	0.01627	0.02246	0.01541	0.02317	0.01323	0.00779	0.00757	0.00237	0.00903	0.04893	0.00377	0.01033
1	0.02567	0.01289	0.01776	0.01782	0.12983	0.01186	0.01210	0.03004	0.07082	0.42354	0.03429	0.03183	0.12699	0.01039	0.00767	0.00233	0.00628	0.00873	0.00777	0.01138
2	0.01130	0.00918	0.01262	0.01498	0.12442	0.00854	0.00929	0.01442	0.01891	0.02579	0.38522	0.09318	0.21368	0.01513	0.00857	0.00240	0.00450	0.01330	0.00703	0.00756
3	0.01624	0.01624	0.02274	0.01949	0.01949	0.02274	0.01624	0.01787	0.01137	0.01787	0.00975	0.01624	0.00975	0.01299	0.02436	0.00325	0.72552	0.00650	0.00325	0.00812
4	0.02807	0.01365	0.01692	0.01351	0.01862	0.01325	0.01098	0.11164	0.13235	0.44063	0.06662	0.02664	0.02146	0.00963	0.00746	0.00230	0.00619	0.00785	0.04030	0.01192
5	0.02584	0.01718	0.01982	0.01551	0.02077	0.01833	0.03507	0.40261	0.08066	0.15078	0.05000	0.02244	0.01738	0.00920	0.00734	0.00223	0.00720	0.00733	0.07860	0.01170
6	0.01320	0.13091	0.01461	0.01029	0.01273	0.01153	0.00787	0.06005	0.01642	0.04200	0.06045	0.26545	0.18775	0.11873	0.01229	0.00315	0.00550	0.01381	0.00609	0.00716
7	0.00948	0.00682	0.00888	0.00987	0.01071	0.00634	0.00677	0.01131	0.01594	0.02160	0.20844	0.50431	0.08047	0.04963	0.01039	0.00299	0.00419	0.01849	0.00713	0.00623
8	0.14724	0.01709	0.02693	0.03960	0.57972	0.01747	0.02033	0.02262	0.01619	0.02576	0.01336	0.01732	0.01114	0.00666	0.00689	0.00222	0.00831	0.00618	0.00383	0.01114
9	0.01033	0.00757	0.00970	0.04186	0.01273	0.00742	0.00744	0.04038	0.01492	0.01971	0.03873	0.54013	0.08556	0.11136	0.01279	0.00345	0.00506	0.01816	0.00646	0.00625

[dist]
# distance from previous block
# <min> <max>
1	6

[block]
# block no. 2 follows, 27 sequences, length 53
# corresponding to MSA columns:
# 606-658
name=unknown_C
#
# <colnr> <probs for GDERKNQSTAVLIFYWHMCP>
#	G	D	E	R	K	N	Q	S	T	A	V	L	I	F	Y	W	H	M	C	P
0	0.05692	0.02990	0.37994	0.02319	0.07226	0.06798	0.11852	0.04400	0.01641	0.02385	0.01308	0.01628	0.00991	0.00765	0.00907	0.00242	0.08871	0.00607	0.00354	0.01030
1	0.01967	0.49382	0.03342	0.01733	0.09024	0.06295	0.01406	0.02402	0.08125	0.01960	0.01269	0.01461	0.01109	0.00739	0.00712	0.00191	0.07036	0.00495	0.00370	0.00981
2	0.01566	0.01345	0.01416	0.01266	0.01626	0.03267	0.00968	0.02827	0.37995	0.02756	0.13297	0.03638	0.10074	0.05804	0.00958	0.00263	0.00554	0.00960	0.00696	0.08725
3	0.01399	0.03274	0.01989	0.26707	0.04737	0.01649	0.01561	0.01717	0.01358	0.01897	0.05703	0.02334	0.01590	0.03796	0.15188	0.00465	0.22741	0.00731	0.00377	0.00785
4	0.00910	0.00656	0.00852	0.01006	0.01061	0.00609	0.00671	0.01038	0.01425	0.01883	0.04240	0.66355	0.08929	0.05240	0.01059	0.00315	0.00439	0.02033	0.00679	0.00598
5	0.36005	0.01433	0.01403	0.01495	0.09889	0.05865	0.00979	0.05430	0.01456	0.04504	0.01499	0.02273	0.01384	0.17996	0.01435	0.04359	0.00714	0.00635	0.00462	0.00784
6	0.02650	0.03311	0.02092	0.01893	0.02253	0.62820	0.01433	0.02941	0.05573	0.01884	0.01237	0.01434	0.01028	0.00812	0.00787	0.00203	0.05867	0.00509	0.00399	0.00874
7	0.05396	0.01369	0.01726	0.01348	0.01891	0.01278	0.01102	0.14011	0.02259	0.49580	0.02684	0.06867	0.01875	0.00982	0.00742	0.00228	0.00645	0.00797	0.00840	0.04380
8	0.00944	0.00694	0.00900	0.01025	0.01117	0.00629	0.00695	0.01089	0.01442	0.01934	0.04074	0.65717	0.07659	0.02191	0.00919	0.00287	0.00436	0.01978	0.00673	0.05598
9	0.00940	0.00941	0.05238	0.00889	0.01165	0.00704	0.00732	0.01185	0.01707	0.02133	0.14132	0.13099	0.50909	0.01805	0.00873	0.00253	0.00425	0.01528	0.00681	0.00663
10	0.04586	0.01487	0.01748	0.01586	0.06127	0.01566	0.01174	0.29400	0.06085	0.11297	0.12555	0.13899	0.02822	0.01204	0.00787	0.00239	0.00647	0.01011	0.00734	0.01047
11	0.03067	0.01360	0.01743	0.01372	0.01923	0.01277	0.01122	0.07082	0.12656	0.55680	0.02882	0.02525	0.01875	0.00931	0.00748	0.00233	0.00635	0.00757	0.00883	0.01249
12	0.01077	0.00790	0.01167	0.01167	0.01302	0.00916	0.00907	0.01346	0.01212	0.01777	0.02011	0.02909	0.01858	0.05326	0.67347	0.01141	0.01904	0.00790	0.04388	0.00664
13	0.00938	0.00677	0.00857	0.00968	0.01039	0.00629	0.00648	0.01078	0.01470	0.01952	0.10404	0.51705	0.11216	0.11214	0.01290	0.00343	0.00454	0.01853	0.00671	0.00595
14	0.01869	0.01971	0.06586	0.04283	0.62118	0.05472	0.02258	0.02319	0.01706	0.02389	0.01380	0.01796	0.01151	0.00669	0.00730	0.00220	0.00918	0.00646	0.00365	0.01155
15	0.00949	0.00699	0.00979	0.01099	0.01175	0.00654	0.02469	0.01115	0.01484	0.01987	0.07846	0.64469	0.04903	0.02220	0.00945	0.00298	0.00460	0.04937	0.00688	0.00623
16	0.66514	0.01417	0.01276	0.12543	0.02033	0.01663	0.01008	0.02136	0.01299	0.03098	0.01080	0.01332	0.00834	0.00698	0.00505	0.00233	0.00642	0.00444	0.00438	0.00807
17	0.01140	0.00892	0.01232	0.04624	0.05028	0.00977	0.00934	0.01308	0.01341	0.01866	0.02898	0.35416	0.03289	0.15244	0.05689	0.00421	0.09751	0.03190	0.04106	0.00653
18	0.01209	0.00987	0.01093	0.01067	0.01257	0.04396	0.00753	0.01535	0.06338	0.02198	0.16423	0.30774	0.04099	0.12718	0.01286	0.00317	0.00532	0.01399	0.00634	0.10985
19	0.02148	0.05809	0.02045	0.12735	0.02529	0.20167	0.01356	0.18574	0.02165	0.02675	0.01579	0.06874	0.01357	0.00859	0.00686	0.00199	0.00902	0.00663	0.00496	0.16182
20	0.01512	0.19395	0.07546	0.01539	0.01844	0.03773	0.03422	0.01773	0.01371	0.01851	0.01790	0.15336	0.01857	0.01927	0.12339	0.00405	0.20219	0.00882	0.00406	0.00813
21	0.03286	0.01335	0.01767	0.01355	0.01931	0.01197	0.01119	0.09146	0.02244	0.64097	0.02828	0.02462	0.01787	0.00916	0.00746	0.00229	0.00648	0.00740	0.00903	0.01263
22	0.01188	0.03444	0.17979	0.01373	0.01717	0.01154	0.01305	0.01534	0.01330	0.01884	0.02315	0.15582	0.03938	0.11719	0.25656	0.00643	0.05047	0.01010	0.00438	0.00746
23	0.06986	0.01545	0.02303	0.21722	0.31723	0.04662	0.01835	0.02008	0.01558	0.02215	0.01675	0.11299	0.01575	0.00945	0.00834	0.00243	0.04694	0.00827	0.00405	0.00946
24	0.01020	0.00740	0.00961	0.00943	0.01099	0.00682	0.00693	0.01327	0.01974	0.02761	0.55831	0.16646	0.09212	0.01664	0.00887	0.00245	0.00364	0.01477	0.00791	0.00682
25	0.01080	0.00720	0.00810	0.00810	0.00810	0.00720	0.00450	0.01080	0.01080	0.01439	0.02339	0.04858	0.02699	0.73910	0.03779	0.00720	0.00720	0.01080	0.00450	0.00450
26	0.01743	0.16319	0.02173	0.04763	0.01955	0.08447	0.05044	0.03730	0.04551	0.07009	0.09111	0.15614	0.02593	0.01404	0.03791	0.00279	0.07322	0.02759	0.00537	0.00857
27	0.17141	0.01727	0.01760	0.01404	0.01895	0.01914	0.01144	0.43608	0.02723	0.04046	0.01742	0.01927	0.01316	0.04004	0.00792	0.00239	0.00708	0.00638	0.10202	0.01070
28	0.00937	0.00676	0.00892	0.01038	0.01112	0.00631	0.00724	0.01102	0.01508	0.02005	0.08920	0.59786	0.08470	0.02222	0.00945	0.00297	0.00442	0.06979	0.00698	0.00618
29	0.02024	0.01547	0.01833	0.03274	0.06784	0.01618	0.01235	0.32175	0.04290	0.03326	0.02141	0.13910	0.01959	0.01363	0.04105	0.02724	0.00763	0.02349	0.00624	0.11956
30	0.02414	0.01723	0.01730	0.01396	0.01848	0.06684	0.01127	0.39241	0.02736	0.07415	0.01991	0.02087	0.01464	0.00876	0.00670	0.00206	0.00703	0.00666	0.23961	0.01062
31	0.01539	0.01319	0.01539	0.01100	0.01759	0.00990	0.00880	0.01869	0.01539	0.02419	0.01319	0.01539	0.01100	0.00550	0.00550	0.00110	0.00550	0.00440	0.00440	0.78449
32	0.02283	0.34303	0.02832	0.01552	0.02066	0.25171	0.01319	0.07325	0.12380	0.02193	0.01439	0.01532	0.01184	0.00755	0.00603	0.00189	0.00943	0.00513	0.00439	0.00980
33	0.01293	0.00809	0.01066	0.00981	0.01193	0.00739	0.00743	0.01626	0.02074	0.10207	0.58834	0.08222	0.06349	0.01488	0.00865	0.00236	0.00384	0.01312	0.00823	0.00757
34	0.01204	0.00795	0.01031	0.00951	0.01159	0.00724	0.00720	0.01540	0.02079	0.07721	0.60520	0.05423	0.10298	0.01496	0.00866	0.00234	0.00372	0.01313	0.00817	0.00737
35	0.02667	0.02002	0.02140	0.01677	0.02243	0.02230	0.01373	0.56788	0.13760	0.04428	0.01980	0.01940	0.01422	0.00910	0.00745	0.00227	0.00780	0.00696	0.00745	0.01249
36	0.01065	0.00776	0.01097	0.01097	0.01196	0.00876	0.00808	0.01264	0.01165	0.01652	0.02076	0.03403	0.02067	0.22697	0.54128	0.01074	0.01670	0.00867	0.00411	0.00609
37	0.02060	0.01701	0.01799	0.01554	0.02012	0.01946	0.01227	0.17722	0.53813	0.03450	0.02750	0.02553	0.02046	0.00982	0.00753	0.00245	0.00638	0.00802	0.00753	0.01194
38	0.02909	0.01503	0.01818	0.01441	0.01987	0.01502	0.01175	0.16745	0.16431	0.42127	0.02712	0.02425	0.01810	0.00932	0.00748	0.00233	0.00661	0.00750	0.00848	0.01244
39	0.00954	0.00705	0.00903	0.01042	0.01149	0.00654	0.00760	0.01134	0.01526	0.01977	0.04712	0.48756	0.16938	0.02190	0.00949	0.00299	0.00467	0.13576	0.00688	0.00622
40	0.00909	0.00753	0.00796	0.00785	0.01022	0.00640	0.00589	0.01127	0.01767	0.02183	0.18735	0.06852	0.57653	0.01814	0.00877	0.00248	0.00371	0.01526	0.00713	0.00640
41	0.02822	0.02079	0.02228	0.01708	0.02302	0.02302	0.01411	0.66804	0.03490	0.04679	0.01782	0.01782	0.01262	0.00891	0.00743	0.00223	0.00817	0.00668	0.00743	0.01262
42	0.41210	0.01330	0.01355	0.01130	0.01595	0.01394	0.00919	0.05599	0.01672	0.26633	0.03572	0.01890	0.01390	0.00937	0.00760	0.05847	0.00605	0.00578	0.00634	0.00950
43	0.01044	0.00705	0.00820	0.00855	0.00864	0.00696	0.00499	0.01070	0.01149	0.01532	0.02697	0.18849	0.03150	0.59304	0.03201	0.00634	0.00661	0.01290	0.00499	0.00481
44	0.03006	0.01485	0.01830	0.01415	0.01967	0.01445	0.01164	0.23409	0.02554	0.44433	0.07306	0.02509	0.02027	0.00953	0.00755	0.00228	0.00670	0.00765	0.00856	0.01223
45	0.01792	0.01717	0.02931	0.11614	0.62577	0.01752	0.02256	0.02238	0.01669	0.02370	0.01388	0.01852	0.01156	0.00670	0.00736	0.00223	0.00893	0.00661	0.00364	0.01139
46	0.02398	0.01595	0.01846	0.05000	0.02094	0.01709	0.01228	0.39516	0.02693	0.12853	0.02290	0.14377	0.01964	0.01237	0.00906	0.04861	0.00723	0.00928	0.00712	0.01071
47	0.14214	0.06223	0.01977	0.01643	0.02088	0.46641	0.01269	0.05450	0.01947	0.02233	0.01171	0.01353	0.00962	0.00729	0.00619	0.00188	0.01089	0.00467	0.00413	0.09325
48	0.01465	0.01382	0.02149	0.36431	0.03538	0.05539	0.10288	0.01824	0.01495	0.01951	0.01742	0.11473	0.01598	0.01114	0.01022	0.06287	0.04473	0.00871	0.04583	0.00774
49	0.10052	0.03228	0.51931	0.06170	0.03099	0.01748	0.05499	0.02279	0.01516	0.02405	0.01289	0.01576	0.00939	0.00731	0.00775	0.00240	0.04599	0.00560	0.00334	0.01030
50	0.01601	0.11145	0.12318	0.17967	0.02762	0.08399	0.03654	0.04866	0.03773	0.02134	0.02763	0.02947	0.16750	0.01029	0.00823	0.00233	0.04700	0.00814	0.00447	0.00875
51	0.01557	0.03168	0.48527	0.05950	0.09884	0.01774	0.09864	0.02291	0.01571	0.02305	0.01336	0.01668	0.00989	0.00729	0.00832	0.00241	0.05313	0.00609	0.00327	0.01064
52	0.08593	0.01315	0.01737	0.01364	0.01868	0.01261	0.01129	0.03315	0.01955	0.57610	0.02580	0.02334	0.01669	0.00944	0.00910	0.00240	0.08461	0.00711	0.00821	0.01181

[dist]
# distance from previous block
# <min> <max>
0	1

[block]
# block no. 3 follows, 27 sequences, length 11
# corresponding to MSA columns:
# 660-670
name=unknown_D
#
# <colnr> <probs for GDERKNQSTAVLIFYWHMCP>
#	G	D	E	R	K	N	Q	S	T	A	V	L	I	F	Y	W	H	M	C	P
0	0.01141	0.00750	0.00926	0.00942	0.01056	0.00705	0.00647	0.01300	0.01534	0.05771	0.17685	0.22112	0.10884	0.25869	0.01861	0.00419	0.00528	0.04604	0.00649	0.00616
1	0.04652	0.04734	0.26247	0.02672	0.23368	0.01574	0.06724	0.02070	0.01577	0.02309	0.01865	0.15256	0.01774	0.00990	0.00755	0.00241	0.00884	0.00892	0.00412	0.01005
2	0.00959	0.00680	0.00858	0.00958	0.01015	0.00641	0.00629	0.01085	0.01428	0.01911	0.10720	0.47162	0.07852	0.18650	0.01586	0.00388	0.00486	0.01765	0.00648	0.00579
3	0.01046	0.00706	0.00819	0.00852	0.00860	0.00698	0.00495	0.01071	0.01144	0.01526	0.02671	0.17835	0.03117	0.60362	0.03243	0.00641	0.00665	0.01275	0.00495	0.00479
4	0.01247	0.00948	0.01197	0.01156	0.01227	0.01068	0.00841	0.04377	0.01422	0.01996	0.07396	0.19715	0.03173	0.26684	0.02176	0.00437	0.14204	0.05258	0.04841	0.00638
5	0.04069	0.07167	0.17846	0.25782	0.09254	0.01595	0.01932	0.02080	0.01589	0.05262	0.01867	0.03024	0.01646	0.00973	0.00758	0.00252	0.00903	0.12652	0.00427	0.00921
6	0.01136	0.00835	0.01112	0.01251	0.01437	0.00811	0.01077	0.01449	0.01706	0.02181	0.04610	0.08141	0.16519	0.02018	0.00997	0.00325	0.00625	0.52413	0.00685	0.00673
7	0.01477	0.01337	0.01936	0.42183	0.06023	0.01584	0.01657	0.02364	0.19492	0.02250	0.02361	0.05842	0.06466	0.00967	0.00765	0.00250	0.00807	0.00841	0.00489	0.00907
8	0.02030	0.14595	0.07415	0.11651	0.07962	0.06565	0.01603	0.15740	0.16638	0.02769	0.01721	0.01878	0.01329	0.00830	0.00767	0.00225	0.04072	0.00635	0.00511	0.01063
9	0.02195	0.01865	0.10448	0.01546	0.02064	0.01688	0.01365	0.36231	0.02623	0.08921	0.05467	0.17515	0.02328	0.01210	0.00789	0.00242	0.00732	0.01004	0.00694	0.01072
10	0.58394	0.01573	0.01403	0.01194	0.01641	0.01835	0.00986	0.14380	0.01675	0.03460	0.01171	0.01349	0.00905	0.00777	0.00674	0.00236	0.06481	0.00473	0.00502	0.00891

[dist]
# distance from previous block
# <min> <max>
0	1

[block]
# block no. 4 follows, 27 sequences, length 38
# corresponding to MSA columns:
# 672-709
name=unknown_E
#
# <colnr> <probs for GDERKNQSTAVLIFYWHMCP>
#	G	D	E	R	K	N	Q	S	T	A	V	L	I	F	Y	W	H	M	C	P
0	0.00915	0.00738	0.00814	0.00829	0.01034	0.00637	0.00609	0.01125	0.01730	0.02175	0.18761	0.16700	0.47578	0.01877	0.00887	0.00255	0.00379	0.01605	0.00714	0.00637
1	0.01480	0.05080	0.39975	0.02126	0.02972	0.01620	0.17952	0.02159	0.01652	0.02330	0.05188	0.02583	0.08174	0.00874	0.00773	0.00241	0.01008	0.02422	0.00399	0.00993
2	0.01632	0.01287	0.01523	0.01112	0.01740	0.00980	0.00886	0.01951	0.01573	0.06884	0.01543	0.04626	0.01309	0.00649	0.00580	0.00126	0.00550	0.00530	0.00482	0.70037
3	0.02773	0.03538	0.02104	0.01913	0.02295	0.70930	0.01434	0.02964	0.02104	0.01817	0.01148	0.01339	0.00956	0.00765	0.00669	0.00191	0.01339	0.00478	0.00383	0.00861
4	0.01804	0.09207	0.53548	0.01937	0.02913	0.01782	0.02370	0.05818	0.01724	0.09936	0.01509	0.01655	0.01058	0.00733	0.00693	0.00228	0.01006	0.00564	0.00403	0.01112
5	0.01091	0.00816	0.01152	0.01137	0.01232	0.00941	0.00846	0.01288	0.01163	0.01659	0.02025	0.03319	0.02016	0.21667	0.51765	0.01040	0.04962	0.00856	0.00407	0.00619
6	0.02274	0.01807	0.01919	0.01597	0.02093	0.02046	0.01278	0.31473	0.39714	0.03794	0.02479	0.02337	0.01827	0.00956	0.00750	0.00239	0.00688	0.00764	0.00750	0.01213
7	0.01074	0.00742	0.00924	0.00924	0.00964	0.00782	0.00593	0.01153	0.01113	0.01524	0.02234	0.04278	0.02447	0.53505	0.23840	0.00861	0.01099	0.00995	0.00434	0.00513
8	0.01051	0.00759	0.00992	0.00934	0.01109	0.00700	0.00700	0.01401	0.02101	0.02977	0.68888	0.05545	0.07005	0.01518	0.00876	0.00233	0.00350	0.01343	0.00817	0.00700
9	0.08380	0.01275	0.01681	0.01298	0.01864	0.01129	0.01072	0.03522	0.02067	0.65367	0.02803	0.02439	0.01769	0.00904	0.00727	0.00230	0.00628	0.00724	0.00888	0.01233
10	0.00938	0.00751	0.00841	0.00842	0.01055	0.00654	0.00632	0.01173	0.01789	0.02275	0.24182	0.10916	0.45524	0.01814	0.00886	0.00252	0.00383	0.03721	0.00725	0.00648
11	0.00910	0.00650	0.00866	0.01030	0.01078	0.00606	0.00690	0.01046	0.01445	0.01932	0.06323	0.71089	0.04982	0.02298	0.00945	0.00299	0.00428	0.02084	0.00694	0.00606
12	0.02005	0.01730	0.01764	0.01551	0.01991	0.04541	0.01215	0.11853	0.57279	0.03255	0.02793	0.02590	0.02089	0.00983	0.00750	0.00246	0.00645	0.00804	0.00740	0.01174
13	0.03091	0.01210	0.01646	0.01280	0.01813	0.01050	0.01050	0.03385	0.02122	0.62781	0.09852	0.02844	0.02380	0.00982	0.00760	0.00230	0.00602	0.00809	0.00908	0.01204
14	0.01384	0.00692	0.00692	0.00692	0.00865	0.00692	0.00519	0.01730	0.01557	0.02768	0.02422	0.02768	0.01903	0.00865	0.00519	0.00173	0.00346	0.00692	0.78031	0.00692
15	0.01324	0.00985	0.01086	0.01012	0.01312	0.00947	0.00789	0.05031	0.11720	0.06941	0.13735	0.05795	0.39347	0.01602	0.00853	0.00252	0.00463	0.05278	0.00733	0.00795
16	0.01425	0.01365	0.02370	0.67531	0.05031	0.01665	0.06359	0.01929	0.01502	0.01929	0.01332	0.01981	0.00999	0.00734	0.00751	0.00248	0.01007	0.00674	0.00333	0.00836
17	0.01509	0.01198	0.01273	0.01155	0.01446	0.03661	0.00882	0.18039	0.04356	0.02858	0.15377	0.19598	0.22527	0.01594	0.00846	0.00250	0.00538	0.01354	0.00716	0.00823
18	0.09290	0.00865	0.00997	0.01060	0.01212	0.00872	0.00758	0.06624	0.01595	0.02303	0.03681	0.48982	0.08024	0.04447	0.00964	0.00297	0.00491	0.03965	0.02893	0.00680
19	0.01894	0.18881	0.18435	0.12271	0.02762	0.14112	0.01791	0.06547	0.01702	0.02121	0.01256	0.01589	0.01023	0.01013	0.04241	0.00267	0.08241	0.00549	0.00363	0.00944
20	0.01094	0.00778	0.00947	0.01005	0.01087	0.00769	0.00670	0.05615	0.01468	0.01951	0.03504	0.42117	0.07099	0.23679	0.04324	0.00451	0.00598	0.01628	0.00611	0.00606
21	0.01846	0.05024	0.32096	0.06583	0.03129	0.01950	0.14110	0.16215	0.01980	0.02772	0.01425	0.01712	0.01050	0.00773	0.00862	0.00240	0.06096	0.00644	0.00420	0.01073
22	0.00935	0.00652	0.00862	0.01013	0.01050	0.00614	0.00668	0.01035	0.01374	0.01832	0.03831	0.64846	0.04577	0.08146	0.01260	0.03645	0.00463	0.01965	0.00654	0.00579
23	0.79154	0.01436	0.01091	0.00976	0.01436	0.01665	0.00804	0.02182	0.01263	0.03331	0.01034	0.01206	0.00804	0.00689	0.00459	0.00230	0.00574	0.00402	0.00459	0.00804
24	0.01293	0.00914	0.01128	0.02767	0.01324	0.00913	0.03014	0.08938	0.01703	0.02384	0.05915	0.26166	0.10537	0.13316	0.01283	0.00324	0.00539	0.01334	0.15510	0.00698
25	0.01752	0.02003	0.04380	0.03129	0.03880	0.01877	0.66583	0.02378	0.01752	0.02378	0.01502	0.02003	0.01126	0.00626	0.00876	0.00250	0.01252	0.00876	0.00375	0.01001
26	0.01101	0.00768	0.00949	0.00917	0.01116	0.00688	0.00682	0.01378	0.01910	0.05935	0.41302	0.14201	0.22925	0.01684	0.00878	0.00246	0.00381	0.01467	0.00773	0.00697
27	0.01624	0.01624	0.02274	0.01949	0.01949	0.02274	0.01624	0.01787	0.01137	0.01787	0.00975	0.01624	0.00975	0.01299	0.02436	0.00325	0.72552	0.00650	0.00325	0.00812
28	0.42161	0.01302	0.01315	0.01096	0.01574	0.01350	0.00898	0.02690	0.01652	0.29396	0.04723	0.01987	0.01528	0.00823	0.00593	0.00227	0.00576	0.00592	0.04544	0.00974
29	0.01196	0.00776	0.01029	0.04506	0.01373	0.00740	0.00800	0.01419	0.03396	0.08744	0.04079	0.55655	0.09362	0.02036	0.00906	0.00286	0.00478	0.01825	0.00697	0.00698
30	0.01616	0.00950	0.01173	0.01025	0.01330	0.00869	0.00799	0.05921	0.02100	0.17337	0.36329	0.05021	0.19709	0.01431	0.00840	0.00236	0.00446	0.01222	0.00805	0.00841
31	0.00964	0.00741	0.00882	0.00876	0.01063	0.00659	0.00646	0.01222	0.01852	0.02455	0.36419	0.15184	0.30825	0.01766	0.00886	0.00249	0.00371	0.01532	0.00750	0.00659
32	0.01801	0.01727	0.02948	0.10177	0.63942	0.01754	0.02260	0.02247	0.01673	0.02381	0.01390	0.01849	0.01160	0.00668	0.00736	0.00223	0.00891	0.00661	0.00364	0.01147
33	0.01478	0.01124	0.01339	0.01336	0.01579	0.01196	0.01052	0.11638	0.15900	0.02666	0.03471	0.28227	0.03613	0.01749	0.00900	0.00291	0.00598	0.20286	0.00709	0.00847
34	0.71554	0.01418	0.01154	0.01011	0.01482	0.01608	0.00833	0.02326	0.01350	0.09992	0.01224	0.01338	0.00908	0.00712	0.00488	0.00230	0.00580	0.00437	0.00505	0.00850
35	0.01201	0.00941	0.01272	0.01203	0.01265	0.01133	0.00898	0.01361	0.01161	0.01691	0.01910	0.03279	0.01951	0.27069	0.30946	0.00805	0.16432	0.00854	0.04004	0.00625
36	0.01158	0.00835	0.01011	0.01056	0.01176	0.00823	0.00730	0.08675	0.01659	0.02207	0.06787	0.47606	0.08288	0.12745	0.01337	0.00348	0.00511	0.01720	0.00666	0.00663
37	0.04847	0.36712	0.03054	0.01602	0.02163	0.20741	0.04598	0.13935	0.02024	0.02371	0.01220	0.01377	0.01013	0.00716	0.00594	0.00186	0.00958	0.00491	0.00418	0.00981

[dist]
# distance from previous block
# <min> <max>
0	1

[block]
# block no. 5 follows, 27 sequences, length 16
# corresponding to MSA columns:
# 711-726
name=unknown_F
#
# <colnr> <probs for GDERKNQSTAVLIFYWHMCP>
#	G	D	E	R	K	N	Q	S	T	A	V	L	I	F	Y	W	H	M	C	P
0	0.02161	0.06000	0.01939	0.06984	0.02133	0.01832	0.01247	0.37612	0.02553	0.03514	0.01824	0.02091	0.01412	0.01654	0.12611	0.00379	0.00962	0.00676	0.11385	0.01028
1	0.01476	0.01112	0.01293	0.01168	0.01461	0.01162	0.00899	0.04662	0.24570	0.05914	0.39214	0.04390	0.07019	0.01308	0.00824	0.00240	0.00460	0.01129	0.00794	0.00904
2	0.01061	0.00743	0.00915	0.00915	0.00969	0.00773	0.00593	0.01149	0.01153	0.01558	0.02584	0.04458	0.06868	0.49680	0.22697	0.00823	0.01058	0.01031	0.00451	0.00522
3	0.01033	0.00758	0.00968	0.00916	0.01098	0.00693	0.00687	0.01367	0.02061	0.02880	0.62774	0.05705	0.13179	0.01554	0.00876	0.00235	0.00353	0.01365	0.00804	0.00693
4	0.11350	0.01329	0.01504	0.01231	0.01677	0.01354	0.00995	0.16189	0.06811	0.25065	0.10467	0.02761	0.04196	0.00985	0.00703	0.00224	0.00583	0.00785	0.10750	0.01044
5	0.02773	0.03538	0.02104	0.01913	0.02295	0.70930	0.01434	0.02964	0.02104	0.01817	0.01148	0.01339	0.00956	0.00765	0.00669	0.00191	0.01339	0.00478	0.00383	0.00861
6	0.03122	0.01473	0.01838	0.01422	0.01992	0.01419	0.01171	0.18345	0.06442	0.50585	0.02668	0.02368	0.01730	0.00918	0.00746	0.00229	0.00672	0.00734	0.00868	0.01258
7	0.00936	0.00670	0.00889	0.01012	0.01084	0.00624	0.00692	0.01112	0.01566	0.02125	0.17875	0.58987	0.05356	0.02154	0.00932	0.00287	0.00414	0.01947	0.00716	0.00624
8	0.01161	0.00831	0.01151	0.01287	0.01453	0.00820	0.01099	0.01495	0.01756	0.02322	0.13802	0.10773	0.04715	0.01982	0.00999	0.00324	0.00622	0.52021	0.00704	0.00683
9	0.45429	0.01711	0.01483	0.01243	0.01721	0.05793	0.01013	0.22644	0.02036	0.03633	0.01369	0.01500	0.01031	0.00769	0.00565	0.00222	0.00680	0.00510	0.05704	0.00945
10	0.00932	0.00658	0.00853	0.00998	0.01034	0.00622	0.00651	0.01041	0.01367	0.01822	0.03812	0.62466	0.04557	0.13768	0.01400	0.00368	0.00477	0.01946	0.00651	0.00578
11	0.01061	0.00795	0.01193	0.01193	0.01326	0.00928	0.00928	0.01326	0.01193	0.01723	0.01988	0.02916	0.01856	0.05568	0.70968	0.01193	0.01988	0.00795	0.00398	0.00663
12	0.25198	0.04139	0.01695	0.01317	0.01807	0.01758	0.01079	0.24350	0.07677	0.13728	0.01819	0.01856	0.01319	0.00915	0.00743	0.03930	0.00666	0.00606	0.04359	0.01037
13	0.01917	0.01789	0.02950	0.04326	0.63848	0.01808	0.02208	0.07511	0.01836	0.02608	0.01428	0.01833	0.01183	0.00680	0.00736	0.00221	0.00877	0.00662	0.00398	0.01183
14	0.07836	0.07986	0.01326	0.01017	0.01231	0.05851	0.00801	0.01831	0.01461	0.02389	0.01907	0.02486	0.01635	0.08860	0.01111	0.00256	0.09358	0.00664	0.41269	0.00725
15	0.43672	0.07527	0.01649	0.01217	0.01729	0.04284	0.01012	0.13753	0.04939	0.07634	0.01403	0.01490	0.01056	0.00745	0.00556	0.00216	0.00665	0.00496	0.00538	0.05420

[dist]
# distance from previous block
# <min> <max>
0	6

[block]
# block no. 6 follows, 27 sequences, length 10
# corresponding to MSA columns:
# 733-742
name=unknown_G
#
# <colnr> <probs for GDERKNQSTAVLIFYWHMCP>
#	G	D	E	R	K	N	Q	S	T	A	V	L	I	F	Y	W	H	M	C	P
0	0.01662	0.00890	0.01184	0.01045	0.01321	0.00801	0.00806	0.01983	0.02069	0.21078	0.47312	0.08546	0.05482	0.01400	0.00845	0.00236	0.00431	0.01224	0.00838	0.00848
1	0.01035	0.00767	0.00999	0.04337	0.01304	0.00755	0.00768	0.03469	0.01580	0.02115	0.13059	0.43219	0.10277	0.07020	0.05372	0.00364	0.00569	0.01686	0.00659	0.00646
2	0.01713	0.01585	0.02661	0.07941	0.39020	0.01604	0.09498	0.07632	0.01791	0.02483	0.01931	0.14981	0.01850	0.00987	0.00792	0.00241	0.00844	0.00953	0.00457	0.01035
3	0.00945	0.00676	0.00902	0.01039	0.01110	0.00633	0.00722	0.01121	0.01543	0.02081	0.14029	0.59039	0.05193	0.02185	0.00941	0.00294	0.00434	0.05783	0.00708	0.00623
4	0.01080	0.00720	0.00810	0.00810	0.00810	0.00720	0.00450	0.01080	0.01080	0.01439	0.02339	0.04858	0.02699	0.73910	0.03779	0.00720	0.00720	0.01080	0.00450	0.00450
5	0.04558	0.39845	0.07414	0.01494	0.02058	0.18001	0.01377	0.07933	0.01788	0.02105	0.01212	0.01425	0.01040	0.01048	0.05631	0.00253	0.01018	0.00478	0.00379	0.00943
6	0.04534	0.09629	0.48592	0.02039	0.02960	0.01833	0.08299	0.02383	0.01580	0.06163	0.01385	0.01618	0.01006	0.00730	0.00772	0.00233	0.04246	0.00576	0.00360	0.01061
7	0.01188	0.00885	0.01153	0.01259	0.01447	0.00889	0.01048	0.01659	0.07837	0.02318	0.09789	0.14092	0.09691	0.01922	0.00967	0.00313	0.00595	0.41529	0.00703	0.00718
8	0.01514	0.01284	0.01590	0.10418	0.02151	0.01096	0.01039	0.04816	0.01611	0.02401	0.01635	0.09218	0.01496	0.00779	0.00626	0.00153	0.00607	0.00656	0.00466	0.56443
9	0.01649	0.02100	0.13789	0.08716	0.08671	0.01943	0.26227	0.02147	0.01511	0.02159	0.01293	0.01805	0.01044	0.00853	0.01293	0.00268	0.22509	0.00720	0.00346	0.00959

[dist]
# distance from previous block
# <min> <max>
0	1

[block]
# block no. 7 follows, 27 sequences, length 34
# corresponding to MSA columns:
# 744-777
name=unknown_H
#
# <colnr> <probs for GDERKNQSTAVLIFYWHMCP>
#	G	D	E	R	K	N	Q	S	T	A	V	L	I	F	Y	W	H	M	C	P
0	0.01425	0.01343	0.02269	0.68493	0.08563	0.01656	0.02073	0.01917	0.01495	0.01925	0.01324	0.01972	0.01000	0.00738	0.00742	0.00246	0.00984	0.00660	0.00332	0.00844
1	0.01985	0.74357	0.03890	0.01270	0.01905	0.02937	0.01270	0.02223	0.01508	0.01747	0.01032	0.01191	0.00953	0.00635	0.00476	0.00159	0.00794	0.00397	0.00318	0.00953
2	0.00984	0.00795	0.00881	0.00861	0.01089	0.00714	0.00644	0.01322	0.05368	0.02359	0.26019	0.09324	0.43503	0.01741	0.00873	0.00248	0.00382	0.01482	0.00732	0.00678
3	0.02590	0.01220	0.01567	0.01270	0.01732	0.01144	0.01023	0.05837	0.10249	0.43095	0.18426	0.03236	0.03083	0.01070	0.00778	0.00233	0.00568	0.00895	0.00867	0.01120
4	0.02710	0.02023	0.02165	0.01685	0.02259	0.02250	0.01384	0.59556	0.10922	0.04497	0.01925	0.01896	0.01378	0.00905	0.00744	0.00226	0.00790	0.00688	0.00744	0.01252
5	0.01414	0.00741	0.01058	0.01052	0.01065	0.00722	0.00701	0.01064	0.01051	0.01414	0.01412	0.02412	0.01401	0.02623	0.02908	0.76836	0.00685	0.00682	0.00366	0.00395
6	0.02773	0.03538	0.02104	0.01913	0.02295	0.70930	0.01434	0.02964	0.02104	0.01817	0.01148	0.01339	0.00956	0.00765	0.00669	0.00191	0.01339	0.00478	0.00383	0.00861
7	0.01895	0.01619	0.01706	0.01521	0.01949	0.01869	0.01187	0.07057	0.64747	0.03183	0.02960	0.02721	0.02216	0.01001	0.00755	0.00250	0.00599	0.00831	0.00755	0.01179
8	0.01074	0.00799	0.01005	0.00956	0.01144	0.00753	0.00715	0.01497	0.05655	0.02857	0.57383	0.08773	0.11468	0.01557	0.00873	0.00239	0.00369	0.01369	0.00798	0.00716
9	0.00941	0.00765	0.00845	0.00882	0.01106	0.00669	0.00688	0.01159	0.01695	0.02070	0.08709	0.10622	0.52176	0.01921	0.00907	0.00269	0.00433	0.12811	0.00692	0.00638
10	0.02853	0.01873	0.02071	0.01595	0.02167	0.02015	0.01315	0.52609	0.03161	0.16372	0.02017	0.01959	0.01394	0.00895	0.00734	0.00222	0.00763	0.00684	0.04063	0.01238
11	0.06522	0.01575	0.01581	0.01294	0.01723	0.06068	0.01041	0.29650	0.02465	0.11629	0.02053	0.02143	0.01502	0.00867	0.00648	0.00205	0.00657	0.00659	0.26698	0.01020
12	0.01325	0.00829	0.01139	0.01232	0.03525	0.00777	0.00901	0.01581	0.01739	0.10415	0.19271	0.32421	0.04780	0.01850	0.00916	0.00283	0.00505	0.15035	0.00736	0.00742
13	0.01051	0.00759	0.00992	0.00934	0.01109	0.00700	0.00700	0.01401	0.02101	0.02977	0.68888	0.05545	0.07005	0.01518	0.00876	0.00233	0.00350	0.01343	0.00817	0.00700
14	0.01928	0.02398	0.15214	0.03472	0.37797	0.10041	0.09957	0.05872	0.01822	0.02455	0.01389	0.01746	0.01106	0.00690	0.00739	0.00223	0.01016	0.00645	0.00381	0.01108
15	0.01571	0.11844	0.54944	0.02082	0.03057	0.01899	0.07054	0.02315	0.01556	0.02260	0.01295	0.01557	0.00956	0.00716	0.00761	0.00231	0.03964	0.00558	0.00319	0.01062
16	0.25967	0.01305	0.01280	0.01123	0.01458	0.01434	0.00869	0.19340	0.01898	0.03140	0.01981	0.08667	0.01843	0.13766	0.01181	0.00315	0.00626	0.02286	0.10690	0.00831
17	0.01364	0.01193	0.05157	0.04051	0.08996	0.01096	0.01382	0.05892	0.01794	0.02374	0.03480	0.09726	0.06718	0.01716	0.00938	0.00306	0.00718	0.41682	0.00623	0.00794
18	0.01275	0.00964	0.01330	0.01261	0.01432	0.01121	0.00985	0.08439	0.01435	0.02033	0.01943	0.02835	0.01797	0.08168	0.57396	0.01031	0.04609	0.00789	0.00435	0.00724
19	0.05503	0.34826	0.30976	0.01649	0.02426	0.02273	0.01873	0.02293	0.01519	0.04313	0.01215	0.01418	0.00971	0.00717	0.00699	0.00206	0.05285	0.00487	0.00343	0.01007
20	0.01669	0.02010	0.14785	0.20312	0.33494	0.01739	0.02176	0.02399	0.09594	0.02364	0.01562	0.01936	0.01219	0.00731	0.00734	0.00233	0.00912	0.00662	0.00395	0.01075
21	0.03109	0.01293	0.01706	0.01329	0.01875	0.01168	0.01090	0.06669	0.05451	0.59630	0.06440	0.02665	0.02109	0.00954	0.00754	0.00231	0.00624	0.00779	0.00896	0.01229
22	0.01068	0.00715	0.00813	0.00824	0.00827	0.00712	0.00465	0.01077	0.01102	0.01469	0.02454	0.09341	0.02843	0.69230	0.03593	0.00692	0.00701	0.01147	0.00465	0.00460
23	0.12896	0.12453	0.38396	0.07202	0.02875	0.03818	0.04908	0.02348	0.01556	0.05247	0.01319	0.01550	0.00973	0.00704	0.00650	0.00224	0.00967	0.00537	0.00367	0.01011
24	0.00965	0.00691	0.00938	0.01102	0.01172	0.00664	0.00792	0.01139	0.01463	0.01947	0.03966	0.58362	0.04654	0.02425	0.04180	0.00350	0.00548	0.13350	0.00675	0.00620
25	0.01133	0.00781	0.00936	0.00926	0.00975	0.00811	0.00586	0.03622	0.01210	0.01639	0.02349	0.08093	0.02611	0.54844	0.15722	0.00764	0.00938	0.01068	0.00464	0.00528
26	0.08262	0.01294	0.01883	0.38053	0.03393	0.01609	0.01595	0.04454	0.01468	0.02178	0.01432	0.02022	0.01159	0.01364	0.08581	0.00353	0.12040	0.00654	0.07397	0.00809
27	0.05184	0.26631	0.27826	0.04438	0.02477	0.01983	0.05269	0.02150	0.01557	0.02210	0.05499	0.01829	0.01414	0.00944	0.03633	0.00248	0.00930	0.00580	0.04241	0.00956
28	0.01086	0.00776	0.01070	0.01242	0.01364	0.00760	0.01005	0.01348	0.01601	0.02099	0.03991	0.32886	0.04513	0.02154	0.00996	0.00327	0.00588	0.40856	0.00686	0.00653
29	0.01805	0.01811	0.02536	0.12009	0.09697	0.12426	0.17741	0.06522	0.01739	0.02228	0.01658	0.08593	0.01485	0.01061	0.01063	0.06714	0.05659	0.00822	0.03559	0.00872
30	0.06330	0.01354	0.02178	0.46707	0.04039	0.01576	0.07735	0.02126	0.06718	0.04873	0.04517	0.05452	0.01560	0.00862	0.00753	0.00248	0.00890	0.00777	0.00436	0.00869
31	0.01834	0.05658	0.01616	0.01328	0.01682	0.17441	0.01036	0.09962	0.13732	0.02684	0.16037	0.03561	0.14567	0.01167	0.00753	0.00222	0.00704	0.00933	0.04196	0.00888
32	0.06662	0.27701	0.24265	0.01932	0.08206	0.08836	0.03578	0.02454	0.05935	0.02207	0.01313	0.01506	0.01050	0.00700	0.00618	0.00204	0.00935	0.00518	0.00366	0.01015
33	0.39219	0.06305	0.07587	0.01124	0.01613	0.01558	0.01021	0.07249	0.01608	0.08302	0.01552	0.01707	0.01168	0.00757	0.00539	0.00213	0.00612	0.00522	0.16454	0.00889

[dist]
# distance from previous block
# <min> <max>
0	2

[block]
# block no. 8 follows, 27 sequences, length 14
# corresponding to MSA columns:
# 780-793
name=unknown_I
#
# <colnr> <probs for GDERKNQSTAVLIFYWHMCP>
#	G	D	E	R	K	N	Q	S	T	A	V	L	I	F	Y	W	H	M	C	P
0	0.01792	0.00973	0.01237	0.01062	0.01387	0.00885	0.00833	0.05213	0.02121	0.22794	0.37678	0.04681	0.13588	0.01358	0.00831	0.00234	0.00460	0.01163	0.00826	0.00885
1	0.01985	0.74357	0.03890	0.01270	0.01905	0.02937	0.01270	0.02223	0.01508	0.01747	0.01032	0.01191	0.00953	0.00635	0.00476	0.00159	0.00794	0.00397	0.00318	0.00953
2	0.01734	0.05661	0.02070	0.04609	0.01989	0.06472	0.04489	0.10329	0.01605	0.02219	0.01488	0.02177	0.01353	0.08275	0.11357	0.00433	0.27114	0.00700	0.05097	0.00831
3	0.01066	0.00722	0.00806	0.00806	0.00823	0.00713	0.00458	0.01079	0.01121	0.01478	0.02688	0.05012	0.07165	0.69057	0.03583	0.00688	0.00697	0.01112	0.00466	0.00462
4	0.01899	0.01621	0.01708	0.01521	0.01951	0.01871	0.01188	0.07347	0.64450	0.03191	0.02954	0.02716	0.02212	0.01001	0.00755	0.00250	0.00600	0.00830	0.00755	0.01180
5	0.00917	0.00671	0.00863	0.00989	0.01071	0.00616	0.00675	0.01078	0.01528	0.02027	0.11596	0.58114	0.12754	0.02184	0.00931	0.00288	0.00415	0.01962	0.00703	0.00616
6	0.03002	0.02208	0.02353	0.01843	0.02439	0.02386	0.01489	0.64417	0.03552	0.04786	0.01998	0.02099	0.01479	0.01041	0.00839	0.00266	0.00888	0.00740	0.00810	0.01365
7	0.01992	0.01569	0.01678	0.01463	0.01902	0.01758	0.01151	0.11948	0.49834	0.07539	0.03218	0.02979	0.07521	0.01057	0.00763	0.00246	0.00603	0.00870	0.00759	0.01148
8	0.00931	0.00679	0.00867	0.00975	0.01062	0.00626	0.00666	0.01097	0.01547	0.02060	0.14555	0.52175	0.12853	0.04945	0.01039	0.00301	0.00423	0.01885	0.00700	0.00615
9	0.00916	0.00655	0.00872	0.01026	0.01079	0.00611	0.00690	0.01063	0.01476	0.01982	0.09306	0.67963	0.05079	0.02261	0.00942	0.00296	0.00424	0.02049	0.00699	0.00611
10	0.02242	0.01563	0.01732	0.01434	0.01899	0.01683	0.01149	0.24719	0.24865	0.13360	0.09170	0.03014	0.07679	0.01073	0.00771	0.00237	0.00632	0.00874	0.00776	0.01129
11	0.08334	0.01442	0.01784	0.01377	0.01947	0.01378	0.01137	0.16460	0.02346	0.51983	0.02566	0.02285	0.01650	0.00898	0.00726	0.00228	0.00666	0.00707	0.00852	0.01232
12	0.01828	0.01029	0.01093	0.00954	0.01245	0.01065	0.00750	0.15828	0.02011	0.07824	0.02320	0.02539	0.01761	0.00874	0.00583	0.00188	0.00467	0.00691	0.56096	0.00854
13	0.04694	0.06672	0.08163	0.06412	0.02306	0.01768	0.01392	0.14238	0.22282	0.20791	0.02318	0.02218	0.01638	0.00883	0.00718	0.00232	0.00726	0.00703	0.00688	0.01156

[dist]
# distance from previous block
# <min> <max>
0	4

[block]
# block no. 9 follows, 27 sequences, length 113
# corresponding to MSA columns:
# 798-899,901-911
name=unknown_J
#
# <colnr> <probs for GDERKNQSTAVLIFYWHMCP>
#	G	D	E	R	K	N	Q	S	T	A	V	L	I	F	Y	W	H	M	C	P
0	0.01284	0.00965	0.01195	0.01212	0.04514	0.00947	0.00831	0.09497	0.01840	0.02507	0.20185	0.21220	0.10247	0.12329	0.04223	0.00356	0.00588	0.01333	0.00655	0.04073
1	0.01236	0.00980	0.01438	0.15582	0.05413	0.01044	0.01291	0.01655	0.04326	0.02243	0.10769	0.15464	0.03792	0.01658	0.00916	0.00295	0.00676	0.29860	0.00617	0.00746
2	0.05480	0.02754	0.36721	0.14437	0.12650	0.05061	0.02254	0.02286	0.01624	0.04634	0.04284	0.01852	0.01269	0.00750	0.00711	0.00232	0.00986	0.00614	0.00377	0.01024
3	0.79154	0.01436	0.01091	0.00976	0.01436	0.01665	0.00804	0.02182	0.01263	0.03331	0.01034	0.01206	0.00804	0.00689	0.00459	0.00230	0.00574	0.00402	0.00459	0.00804
4	0.04789	0.01604	0.02964	0.34206	0.13193	0.01713	0.22950	0.02200	0.01622	0.05450	0.01455	0.01963	0.01093	0.00700	0.00774	0.00243	0.01026	0.00724	0.00383	0.00950
5	0.04975	0.03096	0.46277	0.02114	0.03025	0.03580	0.12520	0.02436	0.01645	0.08509	0.01581	0.04155	0.01182	0.00768	0.00733	0.00238	0.01041	0.00664	0.00399	0.01061
6	0.01058	0.00730	0.00932	0.00968	0.01113	0.00664	0.00693	0.01287	0.01749	0.05175	0.29338	0.35140	0.14589	0.01895	0.00902	0.00265	0.00401	0.01683	0.00748	0.00671
7	0.01624	0.01624	0.02274	0.01949	0.01949	0.02274	0.01624	0.01787	0.01137	0.01787	0.00975	0.01624	0.00975	0.01299	0.02436	0.00325	0.72552	0.00650	0.00325	0.00812
8	0.13161	0.01296	0.01674	0.04752	0.03879	0.01222	0.01123	0.03242	0.03842	0.51671	0.04745	0.02412	0.01824	0.00895	0.00712	0.00231	0.00638	0.00717	0.00806	0.01158
9	0.01450	0.01376	0.02005	0.13918	0.02344	0.01844	0.01531	0.01688	0.01220	0.01799	0.01356	0.05017	0.01310	0.02038	0.14773	0.00471	0.43988	0.00741	0.00355	0.00778
10	0.03132	0.01265	0.01692	0.01311	0.01855	0.01121	0.01077	0.06581	0.02191	0.61479	0.07894	0.02720	0.02203	0.00963	0.00756	0.00230	0.00619	0.00788	0.00902	0.01220
11	0.00914	0.00715	0.00829	0.00882	0.01046	0.00630	0.00630	0.01107	0.01659	0.02119	0.15948	0.30678	0.36234	0.01983	0.00902	0.00266	0.00392	0.01727	0.00709	0.00630
12	0.01677	0.01600	0.02723	0.29478	0.45613	0.01722	0.02198	0.02138	0.01614	0.02230	0.01368	0.01890	0.01107	0.00691	0.00738	0.00230	0.00922	0.00661	0.00354	0.01046
13	0.01433	0.01245	0.01224	0.02846	0.01468	0.07552	0.00860	0.10598	0.05287	0.02563	0.17218	0.09975	0.27900	0.05309	0.00987	0.00266	0.00570	0.01252	0.00675	0.00772
14	0.79154	0.01436	0.01091	0.00976	0.01436	0.01665	0.00804	0.02182	0.01263	0.03331	0.01034	0.01206	0.00804	0.00689	0.00459	0.00230	0.00574	0.00402	0.00459	0.00804
15	0.00933	0.00662	0.00871	0.01015	0.01057	0.00632	0.00673	0.01053	0.01370	0.01833	0.03785	0.61990	0.04504	0.10879	0.04648	0.00393	0.00540	0.01926	0.00647	0.00588
16	0.08549	0.05484	0.32850	0.04200	0.05177	0.01692	0.01972	0.02049	0.01488	0.02290	0.03303	0.05875	0.01624	0.01033	0.01011	0.00260	0.12785	0.07023	0.00400	0.00936
17	0.20482	0.01804	0.02148	0.05197	0.02382	0.08260	0.12494	0.10515	0.13259	0.13464	0.01866	0.01938	0.01350	0.00802	0.00695	0.00233	0.00825	0.00665	0.00588	0.01035
18	0.02303	0.06197	0.16797	0.05380	0.02586	0.38896	0.01754	0.07364	0.01953	0.02141	0.01223	0.01470	0.00979	0.00800	0.00828	0.00216	0.07263	0.00527	0.00384	0.00939
19	0.00903	0.00651	0.00857	0.01022	0.01074	0.00604	0.00684	0.01035	0.01433	0.01900	0.04240	0.70567	0.07673	0.02307	0.00945	0.00299	0.00428	0.02087	0.00689	0.00604
20	0.02816	0.02248	0.02214	0.01732	0.02301	0.10222	0.01414	0.59437	0.03330	0.04348	0.01709	0.01731	0.01227	0.00877	0.00734	0.00219	0.00877	0.00646	0.00701	0.01216
21	0.01042	0.00758	0.00980	0.00925	0.01104	0.00697	0.00694	0.01384	0.02081	0.02929	0.65846	0.05625	0.10077	0.01536	0.00876	0.00234	0.00352	0.01354	0.00811	0.00697
22	0.18361	0.02517	0.01861	0.01732	0.05254	0.34265	0.01281	0.12079	0.07797	0.02696	0.01666	0.01774	0.04027	0.00832	0.00656	0.00213	0.00976	0.00577	0.00496	0.00940
23	0.02773	0.03538	0.02104	0.01913	0.02295	0.70930	0.01434	0.02964	0.02104	0.01817	0.01148	0.01339	0.00956	0.00765	0.00669	0.00191	0.01339	0.00478	0.00383	0.00861
