[name]
unknown

[dist]
# distance from previous block
# <min> <max>
0	4

[block]
# block no. 0 follows, 31 sequences, length 79
# corresponding to MSA columns:
# 4-82
name=unknown_A
#
# <colnr> <probs for GDERKNQSTAVLIFYWHMCP>
#	G	D	E	R	K	N	Q	S	T	A	V	L	I	F	Y	W	H	M	C	P
0	0.01853	0.01679	0.01542	0.01329	0.01715	0.13910	0.01047	0.20093	0.18305	0.02794	0.07158	0.03070	0.13409	0.01042	0.00705	0.00210	0.00673	0.03613	0.00608	0.05245
1	0.03714	0.03067	0.01163	0.01042	0.03677	0.04643	0.00768	0.11892	0.01789	0.05667	0.11174	0.02675	0.02208	0.04944	0.00736	0.00207	0.00495	0.00710	0.38667	0.00761
2	0.21990	0.01403	0.01323	0.01184	0.01524	0.06171	0.00926	0.12836	0.17286	0.02781	0.04811	0.12097	0.08828	0.01085	0.00699	0.00226	0.02549	0.00856	0.00579	0.00845
3	0.01292	0.01216	0.02052	0.74312	0.04712	0.01520	0.01900	0.01748	0.01368	0.01748	0.01216	0.01824	0.00912	0.00684	0.00684	0.00228	0.00912	0.00608	0.00304	0.00760
4	0.01693	0.01626	0.02777	0.04199	0.71689	0.01626	0.02100	0.02100	0.01558	0.02235	0.01287	0.01693	0.01084	0.00610	0.00677	0.00203	0.00813	0.00610	0.00339	0.01084
5	0.00847	0.00611	0.00802	0.00932	0.00993	0.00566	0.00631	0.00990	0.01388	0.01858	0.11142	0.65038	0.07575	0.02046	0.00863	0.00269	0.00387	0.01848	0.00648	0.00566
6	0.00931	0.00740	0.00850	0.00871	0.01066	0.00686	0.00673	0.01218	0.04640	0.01991	0.12910	0.09622	0.40677	0.04484	0.04504	0.00304	0.00486	0.12106	0.00629	0.00611
7	0.00968	0.00699	0.00914	0.00861	0.01022	0.00646	0.00646	0.01291	0.01937	0.02743	0.71328	0.05110	0.06455	0.01399	0.00807	0.00215	0.00323	0.01237	0.00753	0.00646
8	0.01409	0.03280	0.61951	0.02093	0.03055	0.01610	0.12729	0.02170	0.01470	0.02170	0.01252	0.01506	0.00893	0.00639	0.00674	0.00219	0.01033	0.00552	0.00298	0.00998
9	0.00927	0.00698	0.00857	0.00817	0.00997	0.00628	0.00613	0.01211	0.01839	0.02511	0.54605	0.05493	0.23324	0.01485	0.00807	0.00219	0.00329	0.01291	0.00723	0.00628
10	0.01290	0.00688	0.00705	0.00685	0.00860	0.00689	0.00518	0.03955	0.01529	0.02600	0.06121	0.02793	0.04326	0.00862	0.00514	0.00166	0.00335	0.00697	0.70012	0.00655
11	0.02469	0.06334	0.02030	0.01723	0.02082	0.60405	0.01323	0.08039	0.01969	0.01883	0.01091	0.01275	0.00905	0.00736	0.00703	0.00184	0.05189	0.00460	0.00374	0.00824
12	0.03070	0.01164	0.01588	0.01217	0.01746	0.01006	0.01006	0.03334	0.01958	0.72163	0.02699	0.02329	0.01694	0.00847	0.00688	0.00212	0.00582	0.00688	0.00847	0.01164
13	0.01615	0.01546	0.02636	0.17790	0.58706	0.01605	0.02061	0.02031	0.01521	0.02141	0.01273	0.01719	0.01050	0.00624	0.00679	0.00208	0.00832	0.00609	0.00332	0.01021
14	0.02556	0.03261	0.01939	0.01763	0.02115	0.73210	0.01322	0.02732	0.01939	0.01674	0.01058	0.01234	0.00881	0.00705	0.00617	0.00176	0.01234	0.00441	0.00353	0.00793
15	0.00834	0.00595	0.00794	0.00953	0.00992	0.00556	0.00635	0.00953	0.01310	0.01746	0.03771	0.75510	0.04525	0.02143	0.00873	0.00278	0.00397	0.01945	0.00635	0.00556
16	0.01102	0.00787	0.01102	0.01260	0.01417	0.00787	0.01102	0.01417	0.01575	0.02047	0.03622	0.07717	0.03937	0.01890	0.00945	0.00315	0.00630	0.67084	0.00630	0.00630
17	0.01419	0.01216	0.01419	0.01013	0.01621	0.00912	0.00811	0.01723	0.01419	0.02229	0.01216	0.01419	0.01013	0.00507	0.00507	0.00101	0.00507	0.00405	0.00405	0.80139
18	0.01693	0.01626	0.02777	0.04199	0.71689	0.01626	0.02100	0.02100	0.01558	0.02235	0.01287	0.01693	0.01084	0.00610	0.00677	0.00203	0.00813	0.00610	0.00339	0.01084
19	0.01829	0.76368	0.03585	0.01171	0.01756	0.02707	0.01171	0.02049	0.01390	0.01610	0.00951	0.01097	0.00878	0.00585	0.00439	0.00146	0.00732	0.00366	0.00293	0.00878
20	0.80789	0.01323	0.01006	0.00900	0.01323	0.01535	0.00741	0.02011	0.01164	0.03070	0.00953	0.01111	0.00741	0.00635	0.00423	0.00212	0.00529	0.00370	0.00423	0.00741
21	0.01615	0.01845	0.04037	0.02884	0.03576	0.01730	0.69204	0.02191	0.01615	0.02191	0.01384	0.01845	0.01038	0.00577	0.00807	0.00231	0.01153	0.00807	0.00346	0.00923
22	0.80789	0.01323	0.01006	0.00900	0.01323	0.01535	0.00741	0.02011	0.01164	0.03070	0.00953	0.01111	0.00741	0.00635	0.00423	0.00212	0.00529	0.00370	0.00423	0.00741
23	0.01702	0.01470	0.01547	0.01392	0.01779	0.01702	0.01083	0.03635	0.70453	0.02862	0.02785	0.02553	0.02088	0.00928	0.00696	0.00232	0.00541	0.00773	0.00696	0.01083
24	0.03070	0.01164	0.01588	0.01217	0.01746	0.01006	0.01006	0.03334	0.01958	0.72163	0.02699	0.02329	0.01694	0.00847	0.00688	0.00212	0.00582	0.00688	0.00847	0.01164
25	0.02601	0.01916	0.02053	0.01574	0.02122	0.02122	0.01300	0.69408	0.03217	0.04312	0.01643	0.01643	0.01163	0.00821	0.00684	0.00205	0.00753	0.00616	0.00684	0.01163
26	0.03070	0.01164	0.01588	0.01217	0.01746	0.01006	0.01006	0.03334	0.01958	0.72163	0.02699	0.02329	0.01694	0.00847	0.00688	0.00212	0.00582	0.00688	0.00847	0.01164
27	0.00981	0.00718	0.01022	0.01022	0.01118	0.00813	0.00759	0.01172	0.01077	0.01531	0.01903	0.03079	0.01880	0.20604	0.58004	0.01004	0.01577	0.00790	0.00377	0.00568
28	0.02467	0.01031	0.01394	0.01115	0.01539	0.00902	0.00902	0.02748	0.01952	0.52241	0.22394	0.03127	0.03060	0.01005	0.00722	0.00213	0.00508	0.00846	0.00820	0.01015
29	0.00888	0.00743	0.00783	0.00784	0.01015	0.00659	0.00603	0.01177	0.05346	0.01964	0.09627	0.06380	0.59092	0.01685	0.00813	0.00237	0.00378	0.06570	0.00644	0.00613
30	0.00968	0.00699	0.00914	0.00861	0.01022	0.00646	0.00646	0.01291	0.01937	0.02743	0.71328	0.05110	0.06455	0.01399	0.00807	0.00215	0.00323	0.01237	0.00753	0.00646
31	0.01804	0.72387	0.07348	0.01213	0.01822	0.02646	0.01245	0.02055	0.01393	0.01640	0.00966	0.01116	0.00877	0.00589	0.00451	0.00150	0.00747	0.00373	0.00292	0.00885
32	0.00994	0.00668	0.00768	0.00768	0.00776	0.00675	0.00442	0.01009	0.01001	0.01343	0.02135	0.04365	0.02439	0.71540	0.07832	0.00690	0.00736	0.00979	0.00412	0.00427
33	0.01813	0.73806	0.06006	0.01198	0.01798	0.02668	0.01218	0.02053	0.01392	0.01629	0.00961	0.01110	0.00878	0.00588	0.00446	0.00149	0.00741	0.00371	0.00293	0.00883
34	0.80789	0.01323	0.01006	0.00900	0.01323	0.01535	0.00741	0.02011	0.01164	0.03070	0.00953	0.01111	0.00741	0.00635	0.00423	0.00212	0.00529	0.00370	0.00423	0.00741
35	0.01602	0.01937	0.07750	0.02833	0.03542	0.01722	0.65583	0.02190	0.01606	0.02190	0.01376	0.01824	0.01029	0.00581	0.00799	0.00230	0.01146	0.00791	0.00343	0.00928
36	0.01314	0.01238	0.02092	0.70479	0.08374	0.01526	0.01911	0.01767	0.01378	0.01775	0.01220	0.01817	0.00921	0.00680	0.00684	0.00227	0.00907	0.00608	0.00306	0.00778
37	0.01345	0.01286	0.02224	0.64246	0.10536	0.01541	0.05597	0.01803	0.01398	0.01815	0.01231	0.01814	0.00934	0.00672	0.00690	0.00226	0.00916	0.00619	0.00309	0.00797
38	0.01292	0.01216	0.02052	0.74312	0.04712	0.01520	0.01900	0.01748	0.01368	0.01748	0.01216	0.01824	0.00912	0.00684	0.00684	0.00228	0.00912	0.00608	0.00304	0.00760
39	0.01702	0.01470	0.01547	0.01392	0.01779	0.01702	0.01083	0.03635	0.70453	0.02862	0.02785	0.02553	0.02088	0.00928	0.00696	0.00232	0.00541	0.00773	0.00696	0.01083
40	0.01740	0.01723	0.02724	0.03840	0.60487	0.05789	0.05317	0.02224	0.05325	0.02234	0.01360	0.01721	0.01124	0.00631	0.00681	0.00205	0.00839	0.00618	0.00359	0.01059
41	0.01702	0.01470	0.01547	0.01392	0.01779	0.01702	0.01083	0.03635	0.70453	0.02862	0.02785	0.02553	0.02088	0.00928	0.00696	0.00232	0.00541	0.00773	0.00696	0.01083
42	0.01571	0.01497	0.02490	0.03717	0.61947	0.01481	0.01882	0.01946	0.01558	0.02182	0.02064	0.02367	0.10765	0.00764	0.00695	0.00207	0.00749	0.00724	0.00379	0.01014
43	0.01371	0.01005	0.01222	0.01064	0.01228	0.01046	0.04423	0.15205	0.03459	0.02054	0.02113	0.07553	0.02234	0.50221	0.02539	0.00512	0.00691	0.00952	0.00486	0.00623
44	0.04103	0.01220	0.02015	0.71716	0.04592	0.01521	0.01859	0.01757	0.01361	0.01795	0.01207	0.01799	0.00906	0.00682	0.00675	0.00227	0.00898	0.00600	0.00308	0.00759
45	0.01829	0.76368	0.03585	0.01171	0.01756	0.02707	0.01171	0.02049	0.01390	0.01610	0.00951	0.01097	0.00878	0.00585	0.00439	0.00146	0.00732	0.00366	0.00293	0.00878
46	0.00834	0.00595	0.00794	0.00953	0.00992	0.00556	0.00635	0.00953	0.01310	0.01746	0.03771	0.75510	0.04525	0.02143	0.00873	0.00278	0.00397	0.01945	0.00635	0.00556
47	0.02556	0.03261	0.01939	0.01763	0.02115	0.73210	0.01322	0.02732	0.01939	0.01674	0.01058	0.01234	0.00881	0.00705	0.00617	0.00176	0.01234	0.00441	0.00353	0.00793
48	0.01419	0.01216	0.01419	0.01013	0.01621	0.00912	0.00811	0.01723	0.01419	0.02229	0.01216	0.01419	0.01013	0.00507	0.00507	0.00101	0.00507	0.00405	0.00405	0.80139
49	0.01583	0.02189	0.17041	0.02546	0.03257	0.05245	0.49479	0.02169	0.01614	0.02188	0.04783	0.01898	0.01264	0.00638	0.00767	0.00224	0.01089	0.00752	0.00355	0.00920
50	0.01188	0.00594	0.00891	0.00891	0.00891	0.00594	0.00594	0.00891	0.00891	0.01188	0.01188	0.02080	0.01188	0.02377	0.02674	0.80095	0.00594	0.00594	0.00297	0.00297
51	0.01887	0.66893	0.05525	0.01253	0.01828	0.09664	0.01227	0.02120	0.01446	0.01633	0.00970	0.01122	0.00878	0.00599	0.00463	0.00151	0.00790	0.00378	0.00298	0.00874
52	0.01372	0.03539	0.72412	0.01950	0.02961	0.01589	0.02528	0.02167	0.01444	0.02167	0.01228	0.01444	0.00867	0.00650	0.00650	0.00217	0.01011	0.00506	0.00289	0.01011
53	0.01567	0.01487	0.02443	0.19015	0.46566	0.01602	0.01914	0.02048	0.05479	0.02114	0.01414	0.04107	0.01203	0.00729	0.00782	0.00218	0.05316	0.00661	0.00359	0.00976
54	0.00877	0.00642	0.00862	0.00995	0.01045	0.00626	0.00691	0.01017	0.01342	0.01802	0.06533	0.66208	0.04447	0.02065	0.00923	0.00278	0.03020	0.05429	0.00628	0.00570
55	0.01393	0.06805	0.69325	0.01915	0.02907	0.01639	0.02467	0.02161	0.01442	0.02142	0.01215	0.01429	0.00867	0.00647	0.00641	0.00214	0.00999	0.00499	0.00289	0.01005
56	0.00995	0.00663	0.00746	0.00746	0.00746	0.00663	0.00415	0.00995	0.00995	0.01327	0.02156	0.04477	0.02487	0.75957	0.03482	0.00663	0.00663	0.00995	0.00415	0.00415
57	0.00967	0.00669	0.00844	0.00908	0.01003	0.00614	0.00611	0.01093	0.01325	0.03886	0.06893	0.49084	0.07864	0.15066	0.01304	0.00329	0.00449	0.01589	0.00596	0.04906
58	0.00953	0.00693	0.00897	0.00857	0.01016	0.00637	0.00639	0.01257	0.01884	0.02644	0.64420	0.09008	0.09618	0.01456	0.00811	0.00219	0.00328	0.01286	0.00741	0.00637
59	0.01446	0.01440	0.02104	0.01791	0.01839	0.01937	0.05724	0.01620	0.01107	0.01690	0.01181	0.08023	0.01226	0.01241	0.02033	0.00293	0.63500	0.00730	0.00332	0.00743
60	0.01905	0.68720	0.03413	0.01233	0.01793	0.10082	0.01186	0.02120	0.01448	0.01616	0.00962	0.01112	0.00878	0.00598	0.00458	0.00149	0.00784	0.00374	0.00299	0.00869
61	0.01668	0.01147	0.01408	0.01497	0.11616	0.04607	0.00991	0.02086	0.08129	0.18071	0.15548	0.08063	0.17765	0.01173	0.00737	0.00216	0.00534	0.01003	0.00646	0.03096
62	0.01924	0.28846	0.27663	0.01498	0.02187	0.01887	0.01639	0.02355	0.01516	0.17667	0.01440	0.01523	0.01058	0.00705	0.00681	0.00196	0.05313	0.00502	0.00416	0.00982
63	0.02521	0.01793	0.01947	0.01520	0.02044	0.01971	0.01247	0.55083	0.12039	0.09860	0.01884	0.01821	0.01331	0.00838	0.00686	0.00209	0.00710	0.00643	0.00700	0.01153
64	0.01102	0.00787	0.01102	0.01260	0.01417	0.00787	0.01102	0.01417	0.01575	0.02047	0.03622	0.07717	0.03937	0.01890	0.00945	0.00315	0.00630	0.67084	0.00630	0.00630
65	0.14950	0.04945	0.01493	0.01082	0.01584	0.01122	0.00891	0.02477	0.01666	0.34035	0.07993	0.02089	0.01749	0.00764	0.00598	0.00181	0.00540	0.00599	0.00633	0.20610
66	0.02256	0.02014	0.11213	0.01548	0.02099	0.05892	0.01376	0.35960	0.15470	0.09885	0.01933	0.04037	0.01433	0.00854	0.00684	0.00213	0.00748	0.00668	0.00629	0.01089
67	0.01400	0.03345	0.64584	0.02057	0.03031	0.01605	0.10161	0.02169	0.01464	0.02169	0.01246	0.01490	0.00886	0.00642	0.00668	0.00218	0.01027	0.00540	0.00295	0.01001
68	0.01119	0.00928	0.01014	0.00986	0.01244	0.00934	0.00772	0.01830	0.21295	0.02254	0.11724	0.05437	0.36058	0.01490	0.00795	0.00241	0.00438	0.10042	0.00664	0.00736
69	0.00846	0.00604	0.00808	0.00966	0.01011	0.00566	0.00656	0.00973	0.01322	0.01760	0.03764	0.72469	0.04499	0.02132	0.00876	0.00280	0.00407	0.04867	0.00635	0.00559
70	0.01384	0.03455	0.69031	0.01996	0.02991	0.01596	0.05824	0.02168	0.01453	0.02168	0.01235	0.01464	0.00875	0.00646	0.00658	0.00217	0.01018	0.00520	0.00292	0.01007
71	0.00850	0.00664	0.00770	0.00808	0.00965	0.00585	0.00581	0.01038	0.01562	0.02005	0.19462	0.27355	0.37340	0.01788	0.00828	0.00242	0.00357	0.01554	0.00660	0.00585
72	0.02471	0.03093	0.01881	0.01704	0.02056	0.67467	0.01282	0.04664	0.01959	0.01763	0.01366	0.01511	0.04377	0.00759	0.00628	0.00180	0.01175	0.00496	0.00377	0.00794
73	0.00870	0.00637	0.00817	0.00894	0.00993	0.00584	0.00624	0.01055	0.01522	0.02049	0.23788	0.46686	0.13203	0.01877	0.00846	0.00254	0.00369	0.01678	0.00669	0.00584
74	0.01017	0.00720	0.01038	0.01038	0.01165	0.00826	0.00805	0.01271	0.01144	0.01716	0.01886	0.02669	0.01716	0.04555	0.63582	0.00975	0.01631	0.00720	0.10909	0.00614
75	0.02556	0.03261	0.01939	0.01763	0.02115	0.73210	0.01322	0.02732	0.01939	0.01674	0.01058	0.01234	0.00881	0.00705	0.00617	0.00176	0.01234	0.00441	0.00353	0.00793
76	0.01829	0.76368	0.03585	0.01171	0.01756	0.02707	0.01171	0.02049	0.01390	0.01610	0.00951	0.01097	0.00878	0.00585	0.00439	0.00146	0.00732	0.00366	0.00293	0.00878
77	0.01730	0.01695	0.02741	0.04096	0.68731	0.04669	0.02067	0.02127	0.01574	0.02211	0.01277	0.01674	0.01075	0.00614	0.00675	0.00202	0.00831	0.00602	0.00339	0.01071
78	0.01644	0.01563	0.02658	0.07581	0.64846	0.01579	0.02040	0.02048	0.01549	0.02201	0.01399	0.01998	0.01216	0.00677	0.00691	0.00210	0.00809	0.03896	0.00351	0.01045

[dist]
# distance from previous block
# <min> <max>
0	1

[block]
# block no. 1 follows, 31 sequences, length 24
# corresponding to MSA columns:
# 84-107
name=unknown_B
#
# <colnr> <probs for GDERKNQSTAVLIFYWHMCP>
#	G	D	E	R	K	N	Q	S	T	A	V	L	I	F	Y	W	H	M	C	P
0	0.02025	0.01569	0.01582	0.01372	0.01780	0.08078	0.01084	0.11414	0.38622	0.13518	0.02766	0.02713	0.06316	0.00965	0.00702	0.00223	0.00628	0.02929	0.00680	0.01032
1	0.73429	0.01314	0.01032	0.00916	0.01331	0.01515	0.00752	0.04902	0.01267	0.03097	0.01046	0.01206	0.00810	0.00651	0.00437	0.00209	0.00528	0.00394	0.04408	0.00754
2	0.01693	0.01626	0.02777	0.04199	0.71689	0.01626	0.02100	0.02100	0.01558	0.02235	0.01287	0.01693	0.01084	0.00610	0.00677	0.00203	0.00813	0.00610	0.00339	0.01084
3	0.01292	0.01216	0.02052	0.74312	0.04712	0.01520	0.01900	0.01748	0.01368	0.01748	0.01216	0.01824	0.00912	0.00684	0.00684	0.00228	0.00912	0.00608	0.00304	0.00760
4	0.06694	0.01979	0.01960	0.01545	0.02060	0.08322	0.01261	0.56391	0.06652	0.03935	0.01617	0.01628	0.01167	0.00807	0.00665	0.00205	0.00772	0.00596	0.00642	0.01104
5	0.01914	0.01935	0.01672	0.01505	0.01867	0.20244	0.01163	0.03316	0.49731	0.02502	0.02256	0.02166	0.01725	0.00882	0.00742	0.00220	0.03896	0.00680	0.00590	0.00993
6	0.00994	0.00667	0.00765	0.00765	0.00771	0.00673	0.00438	0.01007	0.01000	0.01340	0.02138	0.04382	0.02446	0.72201	0.07182	0.00686	0.00725	0.00981	0.00412	0.00425
7	0.00834	0.00595	0.00794	0.00953	0.00992	0.00556	0.00635	0.00953	0.01310	0.01746	0.03771	0.75510	0.04525	0.02143	0.00873	0.00278	0.00397	0.01945	0.00635	0.00556
8	0.80789	0.01323	0.01006	0.00900	0.01323	0.01535	0.00741	0.02011	0.01164	0.03070	0.00953	0.01111	0.00741	0.00635	0.00423	0.00212	0.00529	0.00370	0.00423	0.00741
9	0.01693	0.01626	0.02777	0.04199	0.71689	0.01626	0.02100	0.02100	0.01558	0.02235	0.01287	0.01693	0.01084	0.00610	0.00677	0.00203	0.00813	0.00610	0.00339	0.01084
10	0.00968	0.00699	0.00914	0.00861	0.01022	0.00646	0.00646	0.01291	0.01937	0.02743	0.71328	0.05110	0.06455	0.01399	0.00807	0.00215	0.00323	0.01237	0.00753	0.00646
11	0.01693	0.01626	0.02777	0.04199	0.71689	0.01626	0.02100	0.02100	0.01558	0.02235	0.01287	0.01693	0.01084	0.00610	0.00677	0.00203	0.00813	0.00610	0.00339	0.01084
12	0.00817	0.00682	0.00713	0.00730	0.00936	0.00577	0.00538	0.00989	0.01542	0.01867	0.08760	0.14794	0.61168	0.01770	0.00816	0.00236	0.00352	0.01497	0.00639	0.00577
13	0.05676	0.01531	0.01770	0.01355	0.01896	0.01546	0.01117	0.34429	0.02474	0.30952	0.01995	0.01873	0.01343	0.00795	0.00659	0.00199	0.00654	0.00616	0.00713	0.08405
14	0.71035	0.01303	0.01079	0.00940	0.01376	0.01468	0.00774	0.02177	0.01264	0.11741	0.01172	0.01264	0.00860	0.00662	0.00457	0.00212	0.00536	0.00410	0.00477	0.00794
15	0.05188	0.01936	0.01932	0.01534	0.02041	0.08250	0.01247	0.51276	0.10828	0.06236	0.01738	0.01718	0.01251	0.00818	0.00671	0.00206	0.00757	0.00613	0.00653	0.01107
16	0.04165	0.01379	0.01512	0.01321	0.01722	0.01527	0.01039	0.05213	0.50963	0.14329	0.07040	0.02612	0.02237	0.00933	0.00694	0.00226	0.00540	0.00773	0.00716	0.01061
17	0.00994	0.00665	0.00754	0.00752	0.00759	0.00662	0.00425	0.01009	0.01039	0.01393	0.05381	0.04507	0.02672	0.72480	0.03357	0.00642	0.00647	0.01006	0.00430	0.00425
18	0.01594	0.00966	0.03360	0.01044	0.01343	0.00832	0.00841	0.04736	0.01876	0.20498	0.35815	0.12911	0.04334	0.01285	0.00768	0.00221	0.00453	0.02869	0.00730	0.03525
19	0.06895	0.01603	0.04918	0.03357	0.50734	0.01534	0.04407	0.03894	0.01605	0.08984	0.01450	0.01749	0.01141	0.00647	0.00658	0.00204	0.00770	0.00607	0.03800	0.01044
20	0.02137	0.01200	0.01433	0.01187	0.01573	0.01195	0.00945	0.20530	0.04993	0.26255	0.10330	0.12562	0.05969	0.01121	0.00720	0.00218	0.00547	0.00937	0.05184	0.00962
21	0.76775	0.01435	0.04615	0.00953	0.01406	0.01537	0.00831	0.02019	0.01178	0.03024	0.00967	0.01128	0.00747	0.00636	0.00435	0.00212	0.00554	0.00377	0.00417	0.00755
22	0.02255	0.04282	0.11906	0.01525	0.02108	0.01860	0.01383	0.47292	0.02635	0.06448	0.01670	0.04078	0.01278	0.03231	0.00759	0.00217	0.00755	0.00640	0.00599	0.05081
23	0.01390	0.06442	0.69668	0.01919	0.02913	0.01633	0.02474	0.02162	0.01442	0.02144	0.01217	0.01431	0.00867	0.00647	0.00642	0.00214	0.01000	0.00500	0.00289	0.01006

[dist]
# distance from previous block
# <min> <max>
0	1

[block]
# block no. 2 follows, 31 sequences, length 33
# corresponding to MSA columns:
# 109-141
name=unknown_C
#
# <colnr> <probs for GDERKNQSTAVLIFYWHMCP>
#	G	D	E	R	K	N	Q	S	T	A	V	L	I	F	Y	W	H	M	C	P
0	0.06009	0.03901	0.01639	0.01307	0.01748	0.01600	0.01050	0.18885	0.30277	0.09490	0.08981	0.02359	0.02071	0.00883	0.00667	0.00208	0.00577	0.00712	0.00664	0.06973
1	0.00852	0.00615	0.00807	0.00927	0.00994	0.00570	0.00631	0.01004	0.01414	0.01898	0.13901	0.61947	0.07874	0.02014	0.00860	0.00266	0.00384	0.01817	0.00653	0.00570
2	0.01056	0.00854	0.04432	0.00913	0.01136	0.00695	0.00738	0.01370	0.01831	0.05730	0.52713	0.08608	0.14486	0.01419	0.00797	0.00220	0.00376	0.01240	0.00713	0.00674
3	0.00977	0.00733	0.01100	0.01100	0.01222	0.00855	0.00855	0.01222	0.01100	0.01588	0.01833	0.02688	0.01710	0.05131	0.73245	0.01100	0.01833	0.00733	0.00367	0.00611
4	0.01010	0.00775	0.01139	0.01121	0.01229	0.00919	0.00869	0.01234	0.01090	0.01577	0.01795	0.02718	0.01706	0.08931	0.64996	0.01026	0.06152	0.00740	0.00365	0.00608
5	0.01419	0.01216	0.01419	0.01013	0.01621	0.00912	0.00811	0.01723	0.01419	0.02229	0.01216	0.01419	0.01013	0.00507	0.00507	0.00101	0.00507	0.00405	0.00405	0.80139
6	0.00834	0.00595	0.00794	0.00953	0.00992	0.00556	0.00635	0.00953	0.01310	0.01746	0.03771	0.75510	0.04525	0.02143	0.00873	0.00278	0.00397	0.01945	0.00635	0.00556
7	0.01372	0.03539	0.72412	0.01950	0.02961	0.01589	0.02528	0.02167	0.01444	0.02167	0.01228	0.01444	0.00867	0.00650	0.00650	0.00217	0.01011	0.00506	0.00289	0.01011
8	0.01693	0.01626	0.02777	0.04199	0.71689	0.01626	0.02100	0.02100	0.01558	0.02235	0.01287	0.01693	0.01084	0.00610	0.00677	0.00203	0.00813	0.00610	0.00339	0.01084
9	0.01292	0.01216	0.02052	0.74312	0.04712	0.01520	0.01900	0.01748	0.01368	0.01748	0.01216	0.01824	0.00912	0.00684	0.00684	0.00228	0.00912	0.00608	0.00304	0.00760
10	0.02601	0.01916	0.02053	0.01574	0.02122	0.02122	0.01300	0.69408	0.03217	0.04312	0.01643	0.01643	0.01163	0.00821	0.00684	0.00205	0.00753	0.00616	0.00684	0.01163
11	0.00968	0.00699	0.00914	0.00861	0.01022	0.00646	0.00646	0.01291	0.01937	0.02743	0.71328	0.05110	0.06455	0.01399	0.00807	0.00215	0.00323	0.01237	0.00753	0.00646
12	0.00995	0.00663	0.00746	0.00746	0.00746	0.00663	0.00415	0.00995	0.00995	0.01327	0.02156	0.04477	0.02487	0.75957	0.03482	0.00663	0.00663	0.00995	0.00415	0.00415
13	0.02601	0.01916	0.02053	0.01574	0.02122	0.02122	0.01300	0.69408	0.03217	0.04312	0.01643	0.01643	0.01163	0.00821	0.00684	0.00205	0.00753	0.00616	0.00684	0.01163
14	0.01615	0.01845	0.04037	0.02884	0.03576	0.01730	0.69204	0.02191	0.01615	0.02191	0.01384	0.01845	0.01038	0.00577	0.00807	0.00231	0.01153	0.00807	0.00346	0.00923
15	0.00809	0.00693	0.00693	0.00693	0.00924	0.00578	0.00520	0.00982	0.01559	0.01848	0.06931	0.06584	0.71411	0.01733	0.00809	0.00231	0.00347	0.01444	0.00635	0.00578
16	0.01652	0.01583	0.02702	0.11487	0.64727	0.01615	0.02079	0.02063	0.01538	0.02184	0.01280	0.01707	0.01066	0.00617	0.00678	0.00206	0.00823	0.00609	0.00335	0.01050
17	0.80789	0.01323	0.01006	0.00900	0.01323	0.01535	0.00741	0.02011	0.01164	0.03070	0.00953	0.01111	0.00741	0.00635	0.00423	0.00212	0.00529	0.00370	0.00423	0.00741
18	0.01372	0.03539	0.72412	0.01950	0.02961	0.01589	0.02528	0.02167	0.01444	0.02167	0.01228	0.01444	0.00867	0.00650	0.00650	0.00217	0.01011	0.00506	0.00289	0.01011
19	0.00816	0.00664	0.00723	0.00771	0.00944	0.00571	0.00554	0.00973	0.01485	0.01818	0.05986	0.27183	0.51422	0.01855	0.00828	0.00245	0.00362	0.01594	0.00635	0.00571
20	0.77823	0.01317	0.01028	0.00912	0.01339	0.01515	0.00751	0.02062	0.01195	0.05707	0.01019	0.01158	0.00777	0.00643	0.00433	0.00212	0.00531	0.00383	0.00440	0.00757
21	0.00843	0.00603	0.00802	0.00946	0.00994	0.00562	0.00636	0.00976	0.01353	0.01815	0.08416	0.70670	0.04658	0.02092	0.00869	0.00274	0.00392	0.01896	0.00643	0.00562
22	0.01677	0.01609	0.02748	0.06979	0.69033	0.01621	0.02092	0.02086	0.01550	0.02216	0.01284	0.01698	0.01077	0.00613	0.00678	0.00204	0.00817	0.00610	0.00337	0.01071
23	0.01173	0.00754	0.00927	0.00851	0.01079	0.00668	0.00650	0.01442	0.01820	0.10906	0.42656	0.05237	0.26376	0.01437	0.00793	0.00220	0.00362	0.01236	0.00727	0.00687
24	0.01157	0.00698	0.00939	0.00923	0.01007	0.00745	0.00662	0.03370	0.01136	0.01658	0.01698	0.02628	0.01605	0.11799	0.25340	0.29250	0.00966	0.00695	0.13227	0.00497
25	0.00978	0.00730	0.01086	0.01086	0.01204	0.00848	0.00838	0.01213	0.01096	0.01578	0.01845	0.02756	0.01740	0.07831	0.70586	0.01083	0.01788	0.00743	0.00368	0.00603
26	0.00945	0.00836	0.04351	0.00869	0.01091	0.00673	0.00704	0.01251	0.01811	0.02475	0.50614	0.05327	0.23618	0.01452	0.00800	0.00220	0.00363	0.01257	0.00699	0.00645
27	0.01844	0.69032	0.06891	0.01239	0.01834	0.06267	0.01245	0.02089	0.01421	0.01640	0.00970	0.01122	0.00878	0.00595	0.00458	0.00151	0.00771	0.00377	0.00296	0.00880
28	0.04374	0.10116	0.55937	0.01738	0.02616	0.01606	0.02148	0.02064	0.01420	0.02128	0.01324	0.05298	0.01063	0.00715	0.00626	0.00207	0.00909	0.00558	0.00318	0.04834
29	0.01800	0.27511	0.22288	0.01499	0.02155	0.11373	0.03302	0.04084	0.01594	0.05693	0.04415	0.01528	0.01199	0.00669	0.00575	0.00176	0.00841	0.00494	0.00373	0.08430
30	0.01517	0.01240	0.04801	0.01086	0.01587	0.00978	0.00904	0.02005	0.09043	0.09849	0.09585	0.05708	0.05643	0.00832	0.00619	0.00160	0.00510	0.00696	0.00539	0.42697
31	0.01564	0.01454	0.04730	0.01134	0.01733	0.04556	0.00948	0.03829	0.05146	0.04160	0.01343	0.01501	0.01079	0.00563	0.00538	0.00123	0.00576	0.00444	0.00432	0.64146
32	0.02119	0.01267	0.04942	0.01161	0.01677	0.01023	0.00984	0.04705	0.04957	0.32776	0.12280	0.02419	0.02158	0.00823	0.00651	0.00181	0.00547	0.00680	0.00665	0.23986

[dist]
# distance from previous block
# <min> <max>
39	101

[block]
# block no. 3 follows, 31 sequences, length 10
# corresponding to MSA columns:
# 257-266
name=unknown_D
#
# <colnr> <probs for GDERKNQSTAVLIFYWHMCP>
#	G	D	E	R	K	N	Q	S	T	A	V	L	I	F	Y	W	H	M	C	P
0	0.00856	0.00675	0.00773	0.00791	0.00964	0.00591	0.00577	0.01059	0.01609	0.02067	0.23519	0.20306	0.40328	0.01727	0.00821	0.00236	0.00350	0.01491	0.00667	0.00591
1	0.02552	0.01187	0.01526	0.01193	0.01685	0.01066	0.00969	0.07789	0.04900	0.48437	0.06826	0.05234	0.02001	0.00893	0.00681	0.00201	0.00560	0.00736	0.00760	0.10806
2	0.01489	0.01956	0.15120	0.02300	0.02827	0.01720	0.35070	0.01969	0.01401	0.02001	0.01276	0.01763	0.01032	0.01136	0.07391	0.00320	0.19340	0.00697	0.00326	0.00868
3	0.06190	0.01757	0.02181	0.02373	0.22896	0.09143	0.05205	0.11894	0.15350	0.07731	0.01668	0.01816	0.01281	0.00775	0.00793	0.00217	0.06586	0.00628	0.00498	0.01017
4	0.01666	0.04997	0.33264	0.02024	0.13123	0.04381	0.01857	0.05879	0.08488	0.06691	0.01750	0.01873	0.04328	0.00733	0.00652	0.00204	0.00828	0.00595	0.00419	0.06249
5	0.01702	0.05643	0.19945	0.02843	0.34521	0.01600	0.04596	0.05845	0.01620	0.05500	0.01337	0.01608	0.01043	0.00629	0.00648	0.00195	0.00827	0.00563	0.00373	0.08960
6	0.01781	0.01301	0.01585	0.01427	0.07662	0.01217	0.01028	0.07323	0.16326	0.12488	0.05511	0.04579	0.01758	0.00779	0.00629	0.00173	0.00556	0.00653	0.00571	0.32652
7	0.01763	0.01731	0.05085	0.02144	0.18392	0.11988	0.08186	0.09678	0.05358	0.05889	0.11504	0.04488	0.08933	0.00930	0.00718	0.00211	0.00763	0.00814	0.00514	0.00912
8	0.01700	0.04192	0.05698	0.02720	0.25323	0.08007	0.17909	0.06034	0.04963	0.02243	0.01656	0.05951	0.01473	0.00832	0.00778	0.00223	0.03347	0.05599	0.00411	0.00942
9	0.04061	0.01787	0.09935	0.02433	0.18517	0.04457	0.19510	0.02345	0.06704	0.11431	0.01741	0.05114	0.01395	0.00755	0.00707	0.00214	0.00844	0.02250	0.00455	0.05344

[dist]
# distance from previous block
# <min> <max>
5	14

[block]
# block no. 4 follows, 31 sequences, length 11
# corresponding to MSA columns:
# 281-291
name=unknown_E
#
# <colnr> <probs for GDERKNQSTAVLIFYWHMCP>
#	G	D	E	R	K	N	Q	S	T	A	V	L	I	F	Y	W	H	M	C	P
0	0.05217	0.01779	0.01901	0.09375	0.02273	0.19384	0.09471	0.06977	0.07781	0.09548	0.08086	0.02568	0.01898	0.00890	0.00698	0.00214	0.00830	0.06408	0.02313	0.02389
1	0.05965	0.25977	0.11439	0.01819	0.12339	0.07953	0.03169	0.02395	0.10478	0.06969	0.04278	0.01699	0.01345	0.00705	0.00590	0.00190	0.00770	0.00548	0.00422	0.00949
2	0.08760	0.01035	0.01164	0.01053	0.01336	0.01027	0.00796	0.14884	0.01778	0.05435	0.08513	0.29273	0.08899	0.03446	0.00808	0.00237	0.00496	0.01190	0.00613	0.09257
3	0.12307	0.02135	0.21707	0.06002	0.02169	0.09907	0.01459	0.10351	0.05214	0.05425	0.07899	0.02342	0.08529	0.00872	0.00655	0.00212	0.00768	0.00677	0.00482	0.00887
4	0.09223	0.01121	0.01074	0.01030	0.01257	0.08617	0.00778	0.07286	0.01751	0.02391	0.21718	0.19898	0.15731	0.01441	0.00758	0.00230	0.00511	0.03882	0.00619	0.00683
5	0.06218	0.01999	0.02032	0.02285	0.21833	0.20942	0.01464	0.15985	0.05620	0.04610	0.01650	0.02238	0.01404	0.00841	0.00679	0.00211	0.00859	0.07691	0.00482	0.00957
6	0.01567	0.26909	0.17806	0.01338	0.01857	0.13113	0.01330	0.01901	0.01546	0.01873	0.07531	0.08609	0.10113	0.00956	0.00625	0.00194	0.00766	0.00744	0.00408	0.00812
7	0.03254	0.00856	0.01064	0.03345	0.01283	0.00901	0.00798	0.08427	0.01518	0.02072	0.05954	0.43244	0.07091	0.08179	0.01144	0.00298	0.05177	0.04165	0.00589	0.00640
8	0.01507	0.18541	0.36212	0.06880	0.02740	0.01905	0.09325	0.02048	0.01395	0.01953	0.01142	0.01447	0.00895	0.00701	0.00831	0.00215	0.10515	0.00528	0.00298	0.00921
9	0.01313	0.00966	0.01532	0.01817	0.16534	0.00917	0.05744	0.01542	0.01454	0.09433	0.02953	0.46601	0.03236	0.01564	0.00806	0.00251	0.00559	0.01443	0.00574	0.00761
10	0.01420	0.01347	0.01675	0.28438	0.02753	0.08563	0.04047	0.03401	0.08265	0.02113	0.09515	0.05555	0.07909	0.00921	0.00691	0.00209	0.00723	0.00790	0.02945	0.08722

[dist]
# distance from previous block
# <min> <max>
3	9

[block]
# block no. 5 follows, 31 sequences, length 25
# corresponding to MSA columns:
# 301-325
name=unknown_F
#
# <colnr> <probs for GDERKNQSTAVLIFYWHMCP>
#	G	D	E	R	K	N	Q	S	T	A	V	L	I	F	Y	W	H	M	C	P
0	0.14017	0.01305	0.01717	0.38806	0.03196	0.01551	0.01438	0.07872	0.14128	0.02383	0.01743	0.04134	0.03334	0.00807	0.00654	0.00226	0.00738	0.00666	0.00447	0.00839
1	0.30999	0.01528	0.01560	0.05371	0.01882	0.01721	0.01076	0.27008	0.08409	0.08073	0.01650	0.01703	0.02775	0.00788	0.00633	0.00215	0.02521	0.00564	0.00569	0.00954
2	0.15179	0.01184	0.01461	0.01160	0.01647	0.01110	0.00951	0.03045	0.05606	0.54126	0.05687	0.02281	0.01791	0.00844	0.00652	0.00213	0.00559	0.00669	0.00767	0.01068
3	0.00992	0.00713	0.00999	0.00999	0.01093	0.00802	0.00737	0.01181	0.01086	0.01560	0.01924	0.03110	0.01898	0.21902	0.54009	0.00962	0.01500	0.00792	0.03178	0.00565
4	0.01829	0.76368	0.03585	0.01171	0.01756	0.02707	0.01171	0.02049	0.01390	0.01610	0.00951	0.01097	0.00878	0.00585	0.00439	0.00146	0.00732	0.00366	0.00293	0.00878
5	0.00834	0.00595	0.00794	0.00953	0.00992	0.00556	0.00635	0.00953	0.01310	0.01746	0.03771	0.75510	0.04525	0.02143	0.00873	0.00278	0.00397	0.01945	0.00635	0.00556
6	0.00968	0.00699	0.00914	0.00861	0.01022	0.00646	0.00646	0.01291	0.01937	0.02743	0.71328	0.05110	0.06455	0.01399	0.00807	0.00215	0.00323	0.01237	0.00753	0.00646
7	0.01773	0.71458	0.03412	0.01151	0.01708	0.02573	0.01137	0.01999	0.01426	0.01683	0.05518	0.01358	0.01240	0.00638	0.00463	0.00151	0.00705	0.00422	0.00323	0.00863
8	0.01424	0.01344	0.02294	0.45904	0.03868	0.01489	0.13907	0.05535	0.01532	0.02034	0.01410	0.02121	0.01135	0.00725	0.00704	0.00220	0.00891	0.04493	0.00362	0.08611
9	0.01102	0.00787	0.01102	0.01260	0.01417	0.00787	0.01102	0.01417	0.01575	0.02047	0.03622	0.07717	0.03937	0.01890	0.00945	0.00315	0.00630	0.67084	0.00630	0.00630
10	0.01439	0.01210	0.01534	0.01124	0.01697	0.00939	0.04784	0.01745	0.01438	0.04211	0.01439	0.06416	0.01269	0.00630	0.00554	0.00124	0.00539	0.00540	0.00430	0.67941
11	0.00995	0.00663	0.00746	0.00746	0.00746	0.00663	0.00415	0.00995	0.00995	0.01327	0.02156	0.04477	0.02487	0.75957	0.03482	0.00663	0.00663	0.00995	0.00415	0.00415
12	0.00841	0.00601	0.00801	0.00947	0.00994	0.00561	0.00636	0.00972	0.01346	0.01804	0.07702	0.71414	0.04637	0.02100	0.00869	0.00274	0.00393	0.01904	0.00642	0.00561
13	0.00980	0.00724	0.01053	0.01053	0.01159	0.00830	0.00797	0.01192	0.01086	0.01554	0.01875	0.02923	0.01813	0.14459	0.64057	0.01042	0.01679	0.00767	0.00373	0.00585
14	0.00949	0.00699	0.00887	0.00840	0.01010	0.00637	0.00630	0.01253	0.01890	0.02633	0.63359	0.05293	0.14493	0.01440	0.00807	0.00217	0.00326	0.01263	0.00739	0.00637
15	0.01318	0.01243	0.02099	0.69763	0.09058	0.01527	0.01913	0.01771	0.01380	0.01780	0.01221	0.01816	0.00923	0.00679	0.00684	0.00226	0.00906	0.00608	0.00306	0.00781
16	0.00936	0.00688	0.00877	0.00851	0.01008	0.00629	0.00630	0.01221	0.01829	0.02539	0.57065	0.12506	0.13648	0.01513	0.00814	0.00223	0.00333	0.01333	0.00728	0.00629
17	0.01280	0.00765	0.01002	0.00915	0.01129	0.00693	0.00696	0.01575	0.01886	0.13424	0.53858	0.09059	0.08289	0.01372	0.00793	0.00219	0.00369	0.01204	0.00756	0.00718
18	0.01693	0.01626	0.02777	0.04199	0.71689	0.01626	0.02100	0.02100	0.01558	0.02235	0.01287	0.01693	0.01084	0.00610	0.00677	0.00203	0.00813	0.00610	0.00339	0.01084
19	0.02856	0.01203	0.01579	0.01231	0.01735	0.01094	0.01010	0.06897	0.06407	0.60696	0.05905	0.02437	0.01916	0.00877	0.00694	0.00213	0.00577	0.00716	0.00824	0.01134
20	0.01693	0.01626	0.02777	0.04199	0.71689	0.01626	0.02100	0.02100	0.01558	0.02235	0.01287	0.01693	0.01084	0.00610	0.00677	0.00203	0.00813	0.00610	0.00339	0.01084
21	0.03432	0.01172	0.01871	0.56185	0.03904	0.01402	0.03943	0.01771	0.04254	0.01898	0.01848	0.02303	0.07331	0.00789	0.00682	0.00224	0.00811	0.00692	0.04732	0.00755
22	0.14134	0.01318	0.03598	0.01222	0.01736	0.01204	0.01031	0.10117	0.01941	0.50465	0.02326	0.04525	0.01570	0.00851	0.00654	0.00213	0.00599	0.00671	0.00745	0.01078
23	0.04117	0.15540	0.04393	0.04625	0.20625	0.19759	0.04756	0.07877	0.01730	0.04488	0.01217	0.01467	0.00991	0.00690	0.00706	0.00195	0.04985	0.00526	0.00378	0.00936
24	0.04425	0.01834	0.02041	0.01931	0.12022	0.15693	0.06608	0.16370	0.01989	0.10926	0.03970	0.04272	0.03801	0.00838	0.00761	0.00204	0.04886	0.00673	0.00513	0.06244

[dist]
# distance from previous block
# <min> <max>
0	5

[block]
# block no. 6 follows, 31 sequences, length 20
# corresponding to MSA columns:
# 331-350
name=unknown_G
#
# <colnr> <probs for GDERKNQSTAVLIFYWHMCP>
#	G	D	E	R	K	N	Q	S	T	A	V	L	I	F	Y	W	H	M	C	P
0	0.04190	0.06963	0.03762	0.01433	0.01930	0.10512	0.01195	0.34724	0.09102	0.07939	0.01696	0.01720	0.01248	0.00777	0.00632	0.00193	0.00739	0.00580	0.05683	0.04982
1	0.01899	0.01437	0.01645	0.04727	0.01928	0.01467	0.01100	0.25368	0.13431	0.06482	0.01989	0.05366	0.01646	0.00886	0.00666	0.00194	0.00625	0.05780	0.00594	0.22770
2	0.01388	0.00828	0.01049	0.00980	0.01213	0.00775	0.00754	0.04434	0.01708	0.15205	0.20917	0.14948	0.16898	0.04420	0.06493	0.00317	0.00554	0.05715	0.00677	0.00726
3	0.01009	0.00771	0.01124	0.01106	0.01209	0.00909	0.00850	0.01225	0.01086	0.01566	0.01809	0.02792	0.01738	0.11782	0.62308	0.01010	0.05988	0.00751	0.00367	0.00600
4	0.05840	0.01227	0.01602	0.01233	0.01760	0.01110	0.01018	0.08328	0.02026	0.64491	0.02555	0.02232	0.01619	0.00837	0.00678	0.00211	0.00593	0.00671	0.00819	0.01149
5	0.01774	0.01778	0.02699	0.03972	0.65192	0.08310	0.02027	0.02159	0.01593	0.02183	0.01265	0.01650	0.01065	0.00618	0.00672	0.00201	0.00852	0.00594	0.00340	0.01057
6	0.00834	0.00595	0.00794	0.00953	0.00992	0.00556	0.00635	0.00953	0.01310	0.01746	0.03771	0.75510	0.04525	0.02143	0.00873	0.00278	0.00397	0.01945	0.00635	0.00556
7	0.01323	0.00823	0.01065	0.00966	0.01190	0.00773	0.00747	0.05178	0.01966	0.11582	0.53009	0.07511	0.05372	0.01350	0.00794	0.00221	0.00396	0.04245	0.00751	0.00735
8	0.00834	0.00701	0.00728	0.00742	0.00966	0.00596	0.00570	0.01019	0.01561	0.01865	0.06646	0.06681	0.65610	0.01746	0.00820	0.00238	0.00371	0.07088	0.00635	0.00582
9	0.80789	0.01323	0.01006	0.00900	0.01323	0.01535	0.00741	0.02011	0.01164	0.03070	0.00953	0.01111	0.00741	0.00635	0.00423	0.00212	0.00529	0.00370	0.00423	0.00741
10	0.01702	0.01470	0.01547	0.01392	0.01779	0.01702	0.01083	0.03635	0.70453	0.02862	0.02785	0.02553	0.02088	0.00928	0.00696	0.00232	0.00541	0.00773	0.00696	0.01083
11	0.01584	0.01620	0.02042	0.05634	0.01976	0.07684	0.01475	0.01879	0.06038	0.01740	0.01061	0.01568	0.00982	0.01112	0.01923	0.00281	0.59694	0.00599	0.00332	0.00776
12	0.14257	0.01762	0.01833	0.01445	0.01957	0.01960	0.01186	0.50903	0.09498	0.05944	0.01682	0.01672	0.01207	0.00805	0.00646	0.00209	0.00694	0.00597	0.00651	0.01092
13	0.00878	0.00696	0.00790	0.00766	0.00967	0.00607	0.00575	0.01117	0.01724	0.02240	0.35086	0.05940	0.43011	0.01587	0.00808	0.00224	0.00336	0.01354	0.00687	0.00607
14	0.01746	0.01763	0.02605	0.11521	0.56710	0.09564	0.01992	0.02132	0.01580	0.02120	0.01254	0.01656	0.01043	0.00628	0.00671	0.00203	0.00870	0.00591	0.00336	0.01016
15	0.01633	0.01410	0.01481	0.01338	0.01713	0.01615	0.01039	0.03430	0.65128	0.02784	0.03105	0.02864	0.07446	0.00990	0.00705	0.00232	0.00526	0.00825	0.00691	0.01044
16	0.01608	0.01523	0.02508	0.18958	0.50900	0.01610	0.01963	0.02166	0.07866	0.02189	0.01410	0.01800	0.01139	0.00655	0.00680	0.00211	0.00809	0.00624	0.00364	0.01014
17	0.02433	0.01819	0.01898	0.01574	0.04327	0.06787	0.01235	0.46713	0.09680	0.09052	0.01823	0.01816	0.01311	0.00817	0.00669	0.00204	0.00727	0.00626	0.05394	0.01096
18	0.01472	0.02046	0.18094	0.02498	0.05512	0.01555	0.44444	0.02033	0.01540	0.02134	0.01636	0.10655	0.01425	0.00783	0.00777	0.00232	0.01020	0.00874	0.00369	0.00903
19	0.09787	0.01522	0.01633	0.01511	0.07367	0.05091	0.01106	0.18965	0.18331	0.10821	0.04047	0.02441	0.08667	0.00899	0.00665	0.00209	0.00626	0.00716	0.00618	0.04978

[dist]
# distance from previous block
# <min> <max>
0	1

[block]
# block no. 7 follows, 31 sequences, length 29
# corresponding to MSA columns:
# 352-380
name=unknown_H
#
# <colnr> <probs for GDERKNQSTAVLIFYWHMCP>
#	G	D	E	R	K	N	Q	S	T	A	V	L	I	F	Y	W	H	M	C	P
0	0.22738	0.22519	0.04113	0.01310	0.01769	0.19790	0.01126	0.09684	0.01653	0.02325	0.01127	0.01321	0.00935	0.00986	0.05790	0.00249	0.00894	0.00444	0.00391	0.00837
1	0.01628	0.01559	0.02659	0.15566	0.60831	0.01608	0.02067	0.02043	0.01527	0.02156	0.01275	0.01714	0.01056	0.00622	0.00678	0.00207	0.00829	0.00609	0.00333	0.01031
2	0.01708	0.57133	0.21763	0.01376	0.02074	0.02412	0.01529	0.02080	0.01404	0.01757	0.01024	0.01189	0.00875	0.00602	0.00495	0.00165	0.00805	0.00403	0.00292	0.00913
3	0.01188	0.00594	0.00891	0.00891	0.00891	0.00594	0.00594	0.00891	0.00891	0.01188	0.01188	0.02080	0.01188	0.02377	0.02674	0.80095	0.00594	0.00594	0.00297	0.00297
4	0.01829	0.76368	0.03585	0.01171	0.01756	0.02707	0.01171	0.02049	0.01390	0.01610	0.00951	0.01097	0.00878	0.00585	0.00439	0.00146	0.00732	0.00366	0.00293	0.00878
5	0.01615	0.01845	0.04037	0.02884	0.03576	0.01730	0.69204	0.02191	0.01615	0.02191	0.01384	0.01845	0.01038	0.00577	0.00807	0.00231	0.01153	0.00807	0.00346	0.00923
6	0.00968	0.00699	0.00914	0.00861	0.01022	0.00646	0.00646	0.01291	0.01937	0.02743	0.71328	0.05110	0.06455	0.01399	0.00807	0.00215	0.00323	0.01237	0.00753	0.00646
7	0.00995	0.00663	0.00746	0.00746	0.00746	0.00663	0.00415	0.00995	0.00995	0.01327	0.02156	0.04477	0.02487	0.75957	0.03482	0.00663	0.00663	0.00995	0.00415	0.00415
8	0.03070	0.01164	0.01588	0.01217	0.01746	0.01006	0.01006	0.03334	0.01958	0.72163	0.02699	0.02329	0.01694	0.00847	0.00688	0.00212	0.00582	0.00688	0.00847	0.01164
9	0.00995	0.00663	0.00746	0.00746	0.00746	0.00663	0.00415	0.00995	0.00995	0.01327	0.02156	0.04477	0.02487	0.75957	0.03482	0.00663	0.00663	0.00995	0.00415	0.00415
10	0.01759	0.65131	0.14205	0.01291	0.01942	0.02535	0.01380	0.02067	0.01398	0.01696	0.00994	0.01151	0.00876	0.00595	0.00472	0.00157	0.00775	0.00387	0.00292	0.00899
11	0.01693	0.01626	0.02777	0.04199	0.71689	0.01626	0.02100	0.02100	0.01558	0.02235	0.01287	0.01693	0.01084	0.00610	0.00677	0.00203	0.00813	0.00610	0.00339	0.01084
12	0.01473	0.19538	0.57292	0.01779	0.02696	0.01834	0.02230	0.02141	0.01432	0.02044	0.01167	0.01368	0.00869	0.00636	0.00604	0.00201	0.00950	0.00475	0.00290	0.00982
13	0.68725	0.01415	0.01167	0.01004	0.01446	0.01625	0.00827	0.12410	0.01481	0.03261	0.01059	0.01193	0.00806	0.00664	0.00464	0.00211	0.00564	0.00408	0.00464	0.00806
14	0.00834	0.00595	0.00794	0.00953	0.00992	0.00556	0.00635	0.00953	0.01310	0.01746	0.03771	0.75510	0.04525	0.02143	0.00873	0.00278	0.00397	0.01945	0.00635	0.00556
15	0.02556	0.03261	0.01939	0.01763	0.02115	0.73210	0.01322	0.02732	0.01939	0.01674	0.01058	0.01234	0.00881	0.00705	0.00617	0.00176	0.01234	0.00441	0.00353	0.00793
16	0.02547	0.01865	0.01996	0.01536	0.02068	0.02062	0.01267	0.66667	0.03145	0.04241	0.01666	0.01679	0.01187	0.00820	0.00676	0.00203	0.00735	0.00617	0.03880	0.01142
17	0.01954	0.01595	0.01689	0.01443	0.01875	0.01819	0.01144	0.22075	0.51603	0.03268	0.02464	0.02297	0.01829	0.00898	0.00693	0.00225	0.00601	0.00729	0.00693	0.01105
18	0.02558	0.01913	0.02139	0.01631	0.02185	0.02105	0.04237	0.66500	0.03147	0.04220	0.01631	0.01651	0.01158	0.00811	0.00690	0.00206	0.00770	0.00624	0.00670	0.01153
19	0.00834	0.00595	0.00794	0.00953	0.00992	0.00556	0.00635	0.00953	0.01310	0.01746	0.03771	0.75510	0.04525	0.02143	0.00873	0.00278	0.00397	0.01945	0.00635	0.00556
20	0.01372	0.03539	0.72412	0.01950	0.02961	0.01589	0.02528	0.02167	0.01444	0.02167	0.01228	0.01444	0.00867	0.00650	0.00650	0.00217	0.01011	0.00506	0.00289	0.01011
21	0.00962	0.00694	0.00909	0.00865	0.01021	0.00641	0.00645	0.01275	0.01907	0.02696	0.68093	0.08482	0.06363	0.01434	0.00810	0.00218	0.00326	0.01271	0.00747	0.00641
22	0.02601	0.01916	0.02053	0.01574	0.02122	0.02122	0.01300	0.69408	0.03217	0.04312	0.01643	0.01643	0.01163	0.00821	0.00684	0.00205	0.00753	0.00616	0.00684	0.01163
23	0.01025	0.00716	0.00907	0.00849	0.01035	0.00649	0.00640	0.01323	0.01881	0.05269	0.59056	0.05225	0.16000	0.01428	0.00803	0.00217	0.00336	0.01247	0.00739	0.00655
24	0.01182	0.00599	0.00875	0.00875	0.00881	0.00599	0.00581	0.00921	0.00915	0.01243	0.01271	0.02211	0.01271	0.05863	0.02636	0.73481	0.00588	0.00615	0.03078	0.00315
25	0.02021	0.04965	0.04320	0.03825	0.01776	0.01366	0.01070	0.22373	0.04420	0.19046	0.17915	0.03028	0.08866	0.01020	0.00711	0.00211	0.00588	0.00835	0.00686	0.00958
26	0.01383	0.03280	0.63754	0.02051	0.05794	0.01565	0.05654	0.02135	0.01474	0.02191	0.03649	0.01600	0.01076	0.00671	0.00664	0.00217	0.00986	0.00550	0.00310	0.00997
27	0.01623	0.05160	0.36004	0.02663	0.27599	0.04155	0.02145	0.04153	0.01584	0.04401	0.03343	0.01655	0.01144	0.00668	0.00658	0.00207	0.00897	0.00566	0.00352	0.01023
28	0.01666	0.02022	0.15137	0.03715	0.57063	0.04087	0.02149	0.02133	0.01551	0.02204	0.01268	0.01633	0.01038	0.00620	0.00670	0.00205	0.00863	0.00585	0.00330	0.01061

[dist]
# distance from previous block
# <min> <max>
10	25

[block]
# block no. 8 follows, 31 sequences, length 28
# corresponding to MSA columns:
# 406-433
name=unknown_I
#
# <colnr> <probs for GDERKNQSTAVLIFYWHMCP>
#	G	D	E	R	K	N	Q	S	T	A	V	L	I	F	Y	W	H	M	C	P
