[name]
unknown

[dist]
# distance from previous block
# <min> <max>
0	6

[block]
# block no. 0 follows, 29 sequences, length 14
# corresponding to MSA columns:
# 6-19
name=unknown_A
#
# <colnr> <probs for GDERKNQSTAVLIFYWHMCP>
#	G	D	E	R	K	N	Q	S	T	A	V	L	I	F	Y	W	H	M	C	P
0	0.01147	0.00820	0.01147	0.01311	0.01475	0.00820	0.01147	0.01475	0.01639	0.02131	0.03770	0.08032	0.04098	0.01967	0.00984	0.00328	0.00656	0.65741	0.00656	0.00656
1	0.01904	0.75404	0.03731	0.01218	0.01828	0.02818	0.01218	0.02132	0.01447	0.01675	0.00990	0.01142	0.00914	0.00609	0.00457	0.00152	0.00761	0.00381	0.00305	0.00914
2	0.00934	0.00690	0.00897	0.00998	0.01104	0.00619	0.00681	0.01078	0.01376	0.01872	0.03636	0.66592	0.04313	0.02046	0.00868	0.00269	0.00426	0.01851	0.00635	0.09116
3	0.01243	0.00632	0.00863	0.00863	0.00898	0.00632	0.00581	0.01087	0.01052	0.01541	0.01527	0.02425	0.01445	0.06755	0.02362	0.57830	0.00563	0.00654	0.16655	0.00391
4	0.10575	0.01452	0.01607	0.01315	0.01786	0.01539	0.01064	0.19209	0.19230	0.24016	0.02326	0.02195	0.01632	0.00868	0.00668	0.00219	0.00608	0.00681	0.07915	0.01094
5	0.01336	0.00778	0.01025	0.00982	0.01181	0.00705	0.00728	0.01590	0.01802	0.14295	0.35509	0.26169	0.07882	0.01609	0.00840	0.00244	0.00407	0.01424	0.00758	0.00734
6	0.01771	0.10186	0.02754	0.02027	0.02295	0.11606	0.15308	0.02031	0.01378	0.01831	0.01069	0.01550	0.00960	0.00971	0.01585	0.00262	0.40631	0.00619	0.00328	0.00838
7	0.01268	0.00822	0.01039	0.00968	0.01186	0.00770	0.00731	0.01673	0.06359	0.10126	0.46038	0.12181	0.11117	0.01471	0.00826	0.00233	0.00391	0.01289	0.00767	0.00745
8	0.01924	0.01629	0.02683	0.03866	0.59144	0.01624	0.02001	0.02415	0.05273	0.10088	0.01588	0.01884	0.01255	0.00680	0.00707	0.00214	0.00804	0.00653	0.00432	0.01137
9	0.02302	0.09339	0.02004	0.01581	0.01984	0.40816	0.01237	0.13235	0.05214	0.02259	0.01985	0.02077	0.08846	0.01015	0.02872	0.00224	0.01036	0.00624	0.00468	0.00879
10	0.04578	0.01504	0.01551	0.09399	0.02022	0.10939	0.01113	0.06473	0.17477	0.11379	0.06619	0.09067	0.04023	0.01136	0.00863	0.05732	0.00692	0.00837	0.00595	0.04001
11	0.02256	0.02031	0.01736	0.05228	0.02028	0.24858	0.01184	0.11470	0.15526	0.11998	0.05573	0.02331	0.01790	0.07691	0.00967	0.00256	0.00857	0.00694	0.00581	0.00944
12	0.04325	0.01269	0.01662	0.08278	0.01974	0.03720	0.05721	0.01877	0.06520	0.06439	0.02464	0.14383	0.08204	0.05020	0.01160	0.00261	0.13234	0.00949	0.00501	0.12041
13	0.03835	0.01367	0.01501	0.11733	0.02066	0.06256	0.01123	0.13611	0.12405	0.07015	0.02693	0.13197	0.06607	0.01157	0.00731	0.00234	0.00656	0.04303	0.08628	0.00881

[dist]
# distance from previous block
# <min> <max>
26	57

[block]
# block no. 1 follows, 29 sequences, length 13
# corresponding to MSA columns:
# 87-99
name=unknown_B
#
# <colnr> <probs for GDERKNQSTAVLIFYWHMCP>
#	G	D	E	R	K	N	Q	S	T	A	V	L	I	F	Y	W	H	M	C	P
0	0.08222	0.01713	0.02081	0.30144	0.03172	0.11686	0.04383	0.06726	0.01576	0.02146	0.01193	0.01642	0.00958	0.00809	0.00994	0.00233	0.15294	0.00581	0.00370	0.06076
1	0.02342	0.01747	0.02037	0.06448	0.07277	0.01868	0.01355	0.46005	0.02745	0.06332	0.01759	0.05398	0.01368	0.00865	0.00702	0.00208	0.00746	0.00689	0.00633	0.09475
2	0.01048	0.00680	0.00851	0.00925	0.00992	0.00641	0.00604	0.01144	0.01310	0.05504	0.03500	0.45128	0.07183	0.25040	0.01750	0.00409	0.00508	0.01614	0.00601	0.00568
3	0.01010	0.00755	0.00951	0.00964	0.01118	0.00713	0.00696	0.01365	0.06145	0.02395	0.34546	0.31791	0.08972	0.01712	0.00849	0.00247	0.00388	0.01525	0.00714	0.03144
4	0.00986	0.00727	0.00922	0.00873	0.01051	0.00663	0.00655	0.01302	0.01965	0.02735	0.62017	0.05517	0.14934	0.01501	0.00840	0.00226	0.00339	0.01316	0.00768	0.00663
5	0.01647	0.01699	0.07200	0.31573	0.18990	0.03982	0.01847	0.05784	0.15481	0.02339	0.01635	0.01964	0.01250	0.00752	0.00708	0.00228	0.00856	0.00655	0.00429	0.00979
6	0.03159	0.01269	0.01688	0.01294	0.01846	0.01132	0.01069	0.08224	0.02134	0.66137	0.02728	0.02371	0.01722	0.00879	0.00716	0.00220	0.00619	0.00711	0.00869	0.01212
7	0.01385	0.01067	0.01296	0.01312	0.01557	0.01139	0.01078	0.06417	0.20273	0.02542	0.08213	0.11830	0.03626	0.01606	0.00878	0.00286	0.00594	0.33397	0.00688	0.00815
8	0.35420	0.01486	0.01576	0.01414	0.06208	0.01588	0.01071	0.16152	0.04430	0.21608	0.01721	0.01706	0.01204	0.00770	0.00598	0.00219	0.00633	0.00559	0.00620	0.01017
9	0.01858	0.01873	0.02798	0.04101	0.63272	0.09175	0.02099	0.02255	0.01664	0.02264	0.01314	0.01712	0.01106	0.00645	0.00698	0.00209	0.00892	0.00616	0.00354	0.01096
10	0.01815	0.06630	0.02903	0.04040	0.62684	0.05191	0.02082	0.02214	0.01629	0.02255	0.01305	0.01698	0.01104	0.00638	0.00686	0.00206	0.00862	0.00609	0.00350	0.01099
11	0.02666	0.03206	0.02034	0.01808	0.02202	0.62761	0.01373	0.11584	0.02196	0.02110	0.01182	0.01341	0.00957	0.00750	0.00651	0.00187	0.01217	0.00483	0.00413	0.00877
12	0.02386	0.02507	0.02042	0.01729	0.02105	0.34350	0.01364	0.21066	0.02186	0.02557	0.01255	0.01469	0.01014	0.00847	0.00964	0.00210	0.14349	0.00538	0.00459	0.06605

[dist]
# distance from previous block
# <min> <max>
20	38

[block]
# block no. 2 follows, 29 sequences, length 6
# corresponding to MSA columns:
# 141-146
name=unknown_C
#
# <colnr> <probs for GDERKNQSTAVLIFYWHMCP>
#	G	D	E	R	K	N	Q	S	T	A	V	L	I	F	Y	W	H	M	C	P
0	0.20836	0.01605	0.01617	0.01328	0.01813	0.08305	0.01087	0.16951	0.02099	0.29362	0.02047	0.02246	0.01489	0.00884	0.00662	0.00223	0.00701	0.05036	0.00677	0.01033
1	0.05354	0.01814	0.01901	0.01494	0.02019	0.05902	0.01214	0.41746	0.06712	0.15685	0.01911	0.01934	0.01371	0.03291	0.00788	0.00226	0.00746	0.00648	0.00691	0.04552
2	0.01655	0.02043	0.11935	0.02495	0.09356	0.04955	0.34550	0.02182	0.01621	0.02265	0.01353	0.01718	0.01048	0.00603	0.00724	0.00201	0.00995	0.00665	0.00367	0.19269
3	0.01758	0.01751	0.02866	0.11363	0.55143	0.05258	0.07088	0.02188	0.01625	0.02240	0.01327	0.01764	0.01095	0.00645	0.00713	0.00215	0.00906	0.00641	0.00350	0.01065
4	0.02344	0.01777	0.01889	0.01487	0.01959	0.05205	0.01208	0.43277	0.02646	0.06150	0.01681	0.01860	0.01277	0.03665	0.00908	0.00223	0.06242	0.00627	0.06247	0.09327
5	0.01474	0.01448	0.02141	0.04131	0.02025	0.04026	0.11242	0.01696	0.01228	0.01764	0.01329	0.02219	0.01299	0.13517	0.07670	0.00415	0.37971	0.00723	0.00350	0.03333

[dist]
# distance from previous block
# <min> <max>
0	2

[block]
# block no. 3 follows, 29 sequences, length 17
# corresponding to MSA columns:
# 149-165
name=unknown_D
#
# <colnr> <probs for GDERKNQSTAVLIFYWHMCP>
#	G	D	E	R	K	N	Q	S	T	A	V	L	I	F	Y	W	H	M	C	P
0	0.02199	0.05591	0.01983	0.01626	0.04232	0.29462	0.03656	0.10290	0.04645	0.06395	0.01813	0.01910	0.05844	0.00784	0.00649	0.00181	0.00898	0.00590	0.00480	0.16772
1	0.01456	0.01106	0.01401	0.03959	0.01659	0.01170	0.03597	0.10581	0.16508	0.04401	0.05465	0.32497	0.03230	0.01583	0.00905	0.03455	0.00570	0.04986	0.00653	0.00819
2	0.01949	0.71115	0.03629	0.01255	0.01850	0.06944	0.01228	0.02175	0.01481	0.01679	0.00997	0.01151	0.00914	0.00617	0.00468	0.00154	0.00793	0.00385	0.00308	0.00909
3	0.01237	0.00618	0.00928	0.00928	0.00928	0.00618	0.00618	0.00928	0.00928	0.01237	0.01237	0.02165	0.01237	0.02474	0.02783	0.79283	0.00618	0.00618	0.00309	0.00309
4	0.01345	0.01266	0.02136	0.73264	0.04904	0.01582	0.01978	0.01819	0.01424	0.01819	0.01266	0.01898	0.00949	0.00712	0.00712	0.00237	0.00949	0.00633	0.00316	0.00791
5	0.01428	0.03683	0.71286	0.02030	0.03082	0.01654	0.02631	0.02255	0.01503	0.02255	0.01278	0.01503	0.00902	0.00677	0.00677	0.00226	0.01052	0.00526	0.00301	0.01052
6	0.01033	0.00694	0.00793	0.00788	0.00804	0.00689	0.00454	0.01064	0.01128	0.01519	0.08625	0.04722	0.02977	0.68067	0.03363	0.00647	0.00657	0.01059	0.00465	0.00454
7	0.01345	0.01266	0.02136	0.73264	0.04904	0.01582	0.01978	0.01819	0.01424	0.01819	0.01266	0.01898	0.00949	0.00712	0.00712	0.00237	0.00949	0.00633	0.00316	0.00791
8	0.03195	0.01212	0.01652	0.01267	0.01818	0.01047	0.01047	0.03470	0.02038	0.71026	0.02809	0.02424	0.01763	0.00881	0.00716	0.00220	0.00606	0.00716	0.00881	0.01212
9	0.02125	0.01951	0.02272	0.02302	0.17462	0.14835	0.07700	0.20205	0.04898	0.05361	0.08853	0.02378	0.01887	0.00876	0.00735	0.00217	0.00863	0.03522	0.00546	0.01013
10	0.00904	0.00641	0.00846	0.00995	0.01042	0.00607	0.00676	0.01032	0.01353	0.01800	0.03755	0.62979	0.04465	0.09046	0.01170	0.00330	0.00457	0.06694	0.00639	0.00570
11	0.01025	0.00726	0.00940	0.00935	0.01036	0.00767	0.00665	0.01198	0.01239	0.01738	0.07643	0.03976	0.08853	0.27554	0.33118	0.00782	0.01147	0.00956	0.05132	0.00569
12	0.01638	0.01136	0.01447	0.15074	0.05241	0.04116	0.01145	0.02015	0.05155	0.16443	0.03780	0.08447	0.20979	0.01304	0.00791	0.00246	0.00637	0.08958	0.00617	0.00831
13	0.13180	0.09054	0.02737	0.12243	0.11165	0.12227	0.19861	0.02178	0.01550	0.02159	0.01220	0.01614	0.00983	0.00740	0.00801	0.03137	0.03317	0.00603	0.00357	0.00875
14	0.01397	0.03161	0.57440	0.01952	0.02848	0.01541	0.06248	0.02101	0.01452	0.02151	0.01341	0.01677	0.01008	0.01180	0.07157	0.04377	0.01115	0.00571	0.00312	0.00972
15	0.01565	0.01735	0.03720	0.02715	0.03338	0.01626	0.58351	0.02097	0.01635	0.02215	0.01795	0.12274	0.01598	0.00833	0.00850	0.00247	0.01088	0.01009	0.00403	0.00906
16	0.06275	0.01714	0.14077	0.01692	0.06846	0.01294	0.06154	0.06534	0.01921	0.31659	0.12164	0.02501	0.02169	0.00880	0.00721	0.00222	0.00712	0.00749	0.00658	0.01057

[dist]
# distance from previous block
# <min> <max>
5	16

[block]
# block no. 4 follows, 29 sequences, length 46
# corresponding to MSA columns:
# 183-228
name=unknown_E
#
# <colnr> <probs for GDERKNQSTAVLIFYWHMCP>
#	G	D	E	R	K	N	Q	S	T	A	V	L	I	F	Y	W	H	M	C	P
0	0.01380	0.01267	0.01658	0.03291	0.01659	0.03705	0.03170	0.01558	0.01227	0.01774	0.01599	0.08462	0.01665	0.16061	0.06756	0.00399	0.29568	0.00802	0.00391	0.13607
1	0.17244	0.11373	0.28084	0.01646	0.02317	0.07329	0.06161	0.02227	0.01532	0.05514	0.05888	0.01704	0.01325	0.00752	0.00698	0.00217	0.04105	0.00561	0.00398	0.00925
2	0.02299	0.01693	0.01874	0.01445	0.01989	0.01758	0.01178	0.45135	0.02701	0.06189	0.01745	0.04653	0.01359	0.01020	0.03603	0.00230	0.00749	0.00654	0.00636	0.19090
3	0.01732	0.02160	0.16524	0.03799	0.54246	0.04577	0.02241	0.02226	0.01614	0.02288	0.01317	0.01691	0.01074	0.00647	0.00697	0.00213	0.00905	0.00606	0.00343	0.01100
4	0.04675	0.01324	0.01544	0.01146	0.01731	0.01125	0.00926	0.09958	0.01801	0.13219	0.04597	0.01809	0.01423	0.00667	0.00589	0.00145	0.00562	0.00530	0.00544	0.51685
5	0.00898	0.00679	0.00905	0.06070	0.01297	0.00653	0.00738	0.01054	0.01403	0.01832	0.04188	0.60074	0.13449	0.02065	0.00886	0.00279	0.00444	0.01854	0.00637	0.00597
6	0.58069	0.01344	0.01173	0.00977	0.01469	0.01419	0.00799	0.02069	0.01306	0.05406	0.01123	0.01280	0.00876	0.00636	0.00472	0.00192	0.00547	0.00406	0.00452	0.19984
7	0.01270	0.01082	0.04153	0.01302	0.04167	0.01021	0.00957	0.09553	0.09844	0.02360	0.05156	0.44233	0.06371	0.01736	0.00843	0.00266	0.00525	0.03742	0.00650	0.00769
8	0.01722	0.01657	0.02859	0.04176	0.64944	0.01651	0.04815	0.02140	0.01613	0.02304	0.01450	0.04757	0.01273	0.00699	0.00719	0.00216	0.00843	0.00700	0.00365	0.01098
9	0.01237	0.00618	0.00928	0.00928	0.00928	0.00618	0.00618	0.00928	0.00928	0.01237	0.01237	0.02165	0.01237	0.02474	0.02783	0.79283	0.00618	0.00618	0.00309	0.00309
10	0.03195	0.01212	0.01652	0.01267	0.01818	0.01047	0.01047	0.03470	0.02038	0.71026	0.02809	0.02424	0.01763	0.00881	0.00716	0.00220	0.00606	0.00716	0.00881	0.01212
11	0.01558	0.01558	0.02181	0.01869	0.01869	0.02181	0.01558	0.01714	0.01091	0.01714	0.00935	0.01558	0.00935	0.01246	0.02337	0.00312	0.73672	0.00623	0.00312	0.00779
12	0.01477	0.01266	0.01477	0.01055	0.01687	0.00949	0.00844	0.01793	0.01477	0.02320	0.01266	0.01477	0.01055	0.00527	0.00527	0.00105	0.00527	0.00422	0.00422	0.79328
13	0.00846	0.00705	0.00738	0.00764	0.00973	0.00598	0.00560	0.01017	0.01582	0.01907	0.06692	0.17582	0.59851	0.01871	0.00852	0.00248	0.00369	0.01586	0.00661	0.00598
14	0.02193	0.01654	0.01855	0.01399	0.01971	0.01657	0.01145	0.36430	0.02460	0.06332	0.01549	0.01641	0.01161	0.00741	0.00702	0.00175	0.03489	0.00556	0.00588	0.32299
15	0.01786	0.00934	0.01208	0.01063	0.01337	0.00869	0.00818	0.04933	0.01866	0.24186	0.26875	0.07153	0.03945	0.13356	0.01265	0.00309	0.00527	0.06010	0.00739	0.00822
16	0.01477	0.01266	0.01477	0.01055	0.01687	0.00949	0.00844	0.01793	0.01477	0.02320	0.01266	0.01477	0.01055	0.00527	0.00527	0.00105	0.00527	0.00422	0.00422	0.79328
17	0.01428	0.03683	0.71286	0.02030	0.03082	0.01654	0.02631	0.02255	0.01503	0.02255	0.01278	0.01503	0.00902	0.00677	0.00677	0.00226	0.01052	0.00526	0.00301	0.01052
18	0.02048	0.01972	0.01767	0.01663	0.04975	0.18691	0.01230	0.03472	0.47061	0.05677	0.02392	0.02276	0.01806	0.00892	0.00703	0.00225	0.00752	0.00710	0.00629	0.01058
19	0.80005	0.01377	0.01047	0.00936	0.01377	0.01597	0.00771	0.02093	0.01212	0.03195	0.00991	0.01157	0.00771	0.00661	0.00441	0.00220	0.00551	0.00386	0.00441	0.00771
20	0.01383	0.00718	0.00724	0.00703	0.00886	0.00726	0.00533	0.04361	0.01569	0.02729	0.02298	0.02616	0.01800	0.00831	0.00506	0.00168	0.00350	0.00663	0.75750	0.00686
21	0.00994	0.00723	0.00936	0.00893	0.01058	0.00665	0.00666	0.01314	0.01969	0.02768	0.64446	0.08569	0.09314	0.01506	0.00843	0.00228	0.00341	0.01331	0.00773	0.00665
22	0.00868	0.00620	0.00826	0.00991	0.01033	0.00578	0.00661	0.00991	0.01363	0.01818	0.03925	0.74510	0.04710	0.02231	0.00909	0.00289	0.00413	0.02024	0.00661	0.00578
23	0.01000	0.00728	0.00941	0.00888	0.01059	0.00669	0.00666	0.01329	0.01998	0.02813	0.67260	0.05390	0.09643	0.01472	0.00840	0.00225	0.00337	0.01298	0.00778	0.00669
24	0.03195	0.01212	0.01652	0.01267	0.01818	0.01047	0.01047	0.03470	0.02038	0.71026	0.02809	0.02424	0.01763	0.00881	0.00716	0.00220	0.00606	0.00716	0.00881	0.01212
25	0.01771	0.01530	0.01610	0.01449	0.01852	0.01771	0.01127	0.03784	0.69247	0.02979	0.02898	0.02657	0.02174	0.00966	0.00725	0.00242	0.00564	0.00805	0.00725	0.01127
26	0.01545	0.03520	0.66680	0.01979	0.02998	0.01614	0.02526	0.02335	0.01539	0.06804	0.01379	0.01564	0.00959	0.00690	0.00679	0.00225	0.01023	0.00539	0.00339	0.01063
27	0.01762	0.01692	0.02890	0.04371	0.70533	0.01692	0.02185	0.02185	0.01621	0.02326	0.01339	0.01762	0.01128	0.00634	0.00705	0.00211	0.00846	0.00634	0.00352	0.01128
28	0.00868	0.00620	0.00826	0.00991	0.01033	0.00578	0.00661	0.00991	0.01363	0.01818	0.03925	0.74510	0.04710	0.02231	0.00909	0.00289	0.00413	0.02024	0.00661	0.00578
29	0.01904	0.75404	0.03731	0.01218	0.01828	0.02818	0.01218	0.02132	0.01447	0.01675	0.00990	0.01142	0.00914	0.00609	0.00457	0.00152	0.00761	0.00381	0.00305	0.00914
30	0.80005	0.01377	0.01047	0.00936	0.01377	0.01597	0.00771	0.02093	0.01212	0.03195	0.00991	0.01157	0.00771	0.00661	0.00441	0.00220	0.00551	0.00386	0.00441	0.00771
31	0.01003	0.00733	0.00975	0.00930	0.01094	0.00705	0.00703	0.01321	0.01859	0.02626	0.56765	0.04960	0.08147	0.02104	0.12517	0.00375	0.00594	0.01209	0.00714	0.00663
32	0.01384	0.01303	0.02176	0.58772	0.04332	0.01618	0.05083	0.01823	0.01403	0.01867	0.01285	0.01896	0.00993	0.00770	0.00887	0.00242	0.08931	0.00643	0.03798	0.00792
33	0.01842	0.01565	0.01650	0.01463	0.01879	0.01804	0.01144	0.08640	0.64275	0.03093	0.02809	0.02585	0.02101	0.00958	0.00724	0.00239	0.00580	0.00793	0.00724	0.01133
34	0.01036	0.00690	0.00777	0.00777	0.00777	0.00690	0.00431	0.01036	0.01036	0.01381	0.02244	0.04660	0.02589	0.74975	0.03624	0.00690	0.00690	0.01036	0.00431	0.00431
35	0.01717	0.03279	0.59884	0.01905	0.02875	0.01554	0.02371	0.02454	0.01591	0.13516	0.01529	0.01654	0.01043	0.00710	0.00683	0.00225	0.00979	0.00557	0.00396	0.01078
36	0.01345	0.01266	0.02136	0.73264	0.04904	0.01582	0.01978	0.01819	0.01424	0.01819	0.01266	0.01898	0.00949	0.00712	0.00712	0.00237	0.00949	0.00633	0.00316	0.00791
37	0.01816	0.01564	0.01727	0.01667	0.06769	0.01787	0.01214	0.06809	0.61208	0.03006	0.02729	0.02547	0.02052	0.00937	0.00723	0.00238	0.00594	0.00785	0.00697	0.01131
38	0.01008	0.00728	0.00952	0.00896	0.01064	0.00672	0.00672	0.01344	0.02016	0.02855	0.70158	0.05319	0.06719	0.01456	0.00840	0.00224	0.00336	0.01288	0.00784	0.00672
39	0.00982	0.00727	0.00916	0.00869	0.01048	0.00661	0.00652	0.01294	0.01955	0.02713	0.60505	0.05554	0.16461	0.01509	0.00840	0.00226	0.00340	0.01321	0.00765	0.00661
40	0.00893	0.00633	0.00825	0.00962	0.01003	0.00596	0.00634	0.01011	0.01350	0.01807	0.06385	0.63339	0.04536	0.10938	0.01232	0.00335	0.00443	0.01876	0.00638	0.00564
41	0.00868	0.00620	0.00826	0.00991	0.01033	0.00578	0.00661	0.00991	0.01363	0.01818	0.03925	0.74510	0.04710	0.02231	0.00909	0.00289	0.00413	0.02024	0.00661	0.00578
42	0.00868	0.00620	0.00826	0.00991	0.01033	0.00578	0.00661	0.00991	0.01363	0.01818	0.03925	0.74510	0.04710	0.02231	0.00909	0.00289	0.00413	0.02024	0.00661	0.00578
43	0.05200	0.01290	0.02116	0.66674	0.07650	0.01588	0.01928	0.01849	0.01422	0.01909	0.01256	0.01856	0.00948	0.00706	0.00698	0.00235	0.00925	0.00621	0.00324	0.00805
44	0.02751	0.01848	0.02037	0.01570	0.02131	0.02001	0.01294	0.55081	0.05678	0.15325	0.01936	0.01863	0.01338	0.00863	0.00713	0.00216	0.00746	0.00660	0.00740	0.01208
45	0.80005	0.01377	0.01047	0.00936	0.01377	0.01597	0.00771	0.02093	0.01212	0.03195	0.00991	0.01157	0.00771	0.00661	0.00441	0.00220	0.00551	0.00386	0.00441	0.00771

[dist]
# distance from previous block
# <min> <max>
0	1

[block]
# block no. 5 follows, 29 sequences, length 56
# corresponding to MSA columns:
# 230-285
name=unknown_F
#
# <colnr> <probs for GDERKNQSTAVLIFYWHMCP>
#	G	D	E	R	K	N	Q	S	T	A	V	L	I	F	Y	W	H	M	C	P
0	0.01458	0.01356	0.02248	0.60361	0.14529	0.01622	0.01985	0.04368	0.01525	0.01995	0.01293	0.01871	0.00986	0.00706	0.00711	0.00233	0.00928	0.00633	0.00337	0.00857
1	0.01625	0.01669	0.02171	0.01867	0.01890	0.06424	0.01547	0.01782	0.01147	0.01715	0.00945	0.01541	0.00934	0.01215	0.02234	0.00304	0.69280	0.00613	0.00315	0.00782
2	0.01484	0.01293	0.01543	0.01132	0.01705	0.01065	0.00911	0.01785	0.01440	0.02263	0.01234	0.01484	0.01043	0.00595	0.00698	0.00125	0.07428	0.00441	0.00411	0.71917
3	0.01664	0.02039	0.08685	0.02936	0.03679	0.01791	0.63582	0.02279	0.01669	0.02279	0.01430	0.01893	0.01069	0.00605	0.00829	0.00239	0.01191	0.00819	0.00356	0.00967
4	0.08842	0.03466	0.64659	0.01926	0.02921	0.01648	0.02455	0.02240	0.01476	0.02344	0.01251	0.01471	0.00890	0.00675	0.00654	0.00225	0.01005	0.00513	0.00314	0.01026
5	0.80005	0.01377	0.01047	0.00936	0.01377	0.01597	0.00771	0.02093	0.01212	0.03195	0.00991	0.01157	0.00771	0.00661	0.00441	0.00220	0.00551	0.00386	0.00441	0.00771
6	0.01477	0.01266	0.01477	0.01055	0.01687	0.00949	0.00844	0.01793	0.01477	0.02320	0.01266	0.01477	0.01055	0.00527	0.00527	0.00105	0.00527	0.00422	0.00422	0.79328
7	0.01036	0.00690	0.00777	0.00777	0.00777	0.00690	0.00431	0.01036	0.01036	0.01381	0.02244	0.04660	0.02589	0.74975	0.03624	0.00690	0.00690	0.01036	0.00431	0.00431
8	0.80005	0.01377	0.01047	0.00936	0.01377	0.01597	0.00771	0.02093	0.01212	0.03195	0.00991	0.01157	0.00771	0.00661	0.00441	0.00220	0.00551	0.00386	0.00441	0.00771
9	0.00983	0.00727	0.00918	0.00870	0.01049	0.00661	0.00652	0.01296	0.01957	0.02717	0.60827	0.05546	0.16136	0.01507	0.00840	0.00226	0.00340	0.01320	0.00766	0.00661
10	0.00992	0.00727	0.00930	0.00879	0.01054	0.00665	0.00659	0.01313	0.01978	0.02767	0.64180	0.05465	0.12752	0.01489	0.00840	0.00226	0.00338	0.01308	0.00772	0.00665
11	0.00853	0.00718	0.00739	0.00742	0.00971	0.00605	0.00553	0.01040	0.01638	0.01976	0.10916	0.09156	0.64069	0.01797	0.00844	0.00241	0.00361	0.01508	0.00669	0.00605
12	0.02660	0.03394	0.02018	0.01834	0.02201	0.72116	0.01376	0.02843	0.02018	0.01743	0.01101	0.01284	0.00917	0.00734	0.00642	0.00183	0.01284	0.00459	0.00367	0.00825
13	0.01345	0.01266	0.02136	0.73264	0.04904	0.01582	0.01978	0.01819	0.01424	0.01819	0.01266	0.01898	0.00949	0.00712	0.00712	0.00237	0.00949	0.00633	0.00316	0.00791
14	0.01477	0.01266	0.01477	0.01055	0.01687	0.00949	0.00844	0.01793	0.01477	0.02320	0.01266	0.01477	0.01055	0.00527	0.00527	0.00105	0.00527	0.00422	0.00422	0.79328
15	0.00910	0.00674	0.00904	0.01035	0.01079	0.00668	0.00710	0.01044	0.01373	0.01851	0.06244	0.67987	0.04581	0.02149	0.00983	0.00288	0.04358	0.01921	0.00647	0.00593
16	0.15710	0.01686	0.01963	0.01699	0.01810	0.08209	0.01401	0.01881	0.01194	0.01982	0.00959	0.01462	0.00904	0.01096	0.01848	0.00284	0.54223	0.00566	0.00340	0.00782
17	0.01762	0.01692	0.02890	0.04371	0.70533	0.01692	0.02185	0.02185	0.01621	0.02326	0.01339	0.01762	0.01128	0.00634	0.00705	0.00211	0.00846	0.00634	0.00352	0.01128
18	0.01886	0.01960	0.02744	0.07908	0.53033	0.13490	0.04234	0.02277	0.01678	0.02198	0.01298	0.01695	0.01081	0.00654	0.00699	0.00209	0.00937	0.00612	0.00353	0.01052
19	0.00870	0.00730	0.00761	0.00776	0.01009	0.00621	0.00597	0.01064	0.01625	0.01943	0.06896	0.06962	0.64141	0.01818	0.00855	0.00249	0.00388	0.07430	0.00661	0.00606
20	0.01697	0.01623	0.02737	0.04113	0.65613	0.01615	0.02069	0.02103	0.01621	0.02298	0.01755	0.02122	0.06016	0.00717	0.00715	0.00214	0.00812	0.00696	0.00374	0.01091
21	0.01635	0.06868	0.02283	0.01822	0.01882	0.05563	0.01525	0.01797	0.01160	0.01712	0.00947	0.01515	0.00932	0.01177	0.02123	0.00294	0.65061	0.00598	0.00314	0.00791
22	0.01147	0.00820	0.01147	0.01311	0.01475	0.00820	0.01147	0.01475	0.01639	0.02131	0.03770	0.08032	0.04098	0.01967	0.00984	0.00328	0.00656	0.65741	0.00656	0.00656
23	0.01828	0.01829	0.02787	0.06525	0.62182	0.07958	0.02106	0.02231	0.01650	0.02257	0.01316	0.01724	0.01103	0.00646	0.00700	0.00210	0.00889	0.00619	0.00353	0.01089
24	0.01678	0.01385	0.01585	0.01150	0.01773	0.01156	0.00927	0.12684	0.01784	0.02676	0.01338	0.01515	0.01080	0.00581	0.00558	0.00123	0.00569	0.00458	0.00470	0.66509
25	0.01780	0.01581	0.01653	0.05333	0.02029	0.04253	0.01182	0.03645	0.63210	0.02872	0.02747	0.02567	0.02063	0.00944	0.00721	0.00239	0.00610	0.00784	0.00690	0.01098
26	0.02510	0.03109	0.02164	0.02259	0.13652	0.60315	0.01511	0.02733	0.01951	0.01841	0.01141	0.01364	0.00953	0.00717	0.00653	0.00188	0.01211	0.00488	0.00364	0.00876
27	0.01356	0.01270	0.01378	0.01379	0.03743	0.08287	0.01004	0.01840	0.12843	0.02090	0.07942	0.26943	0.11152	0.01538	0.01080	0.00261	0.13299	0.01257	0.00580	0.00758
28	0.05895	0.37518	0.32121	0.01578	0.02336	0.02229	0.01809	0.02162	0.01441	0.02005	0.01109	0.01316	0.00902	0.00671	0.00639	0.00195	0.04352	0.00454	0.00311	0.00958
29	0.00868	0.00620	0.00826	0.00991	0.01033	0.00578	0.00661	0.00991	0.01363	0.01818	0.03925	0.74510	0.04710	0.02231	0.00909	0.00289	0.00413	0.02024	0.00661	0.00578
30	0.02884	0.01201	0.01590	0.01263	0.01758	0.01081	0.01025	0.06278	0.04515	0.58378	0.02874	0.09690	0.02050	0.01020	0.00736	0.00228	0.00593	0.00848	0.00845	0.01145
31	0.01771	0.01530	0.01610	0.01449	0.01852	0.01771	0.01127	0.03784	0.69247	0.02979	0.02898	0.02657	0.02174	0.00966	0.00725	0.00242	0.00564	0.00805	0.00725	0.01127
32	0.01771	0.01530	0.01610	0.01449	0.01852	0.01771	0.01127	0.03784	0.69247	0.02979	0.02898	0.02657	0.02174	0.00966	0.00725	0.00242	0.00564	0.00805	0.00725	0.01127
33	0.01036	0.00690	0.00777	0.00777	0.00777	0.00690	0.00431	0.01036	0.01036	0.01381	0.02244	0.04660	0.02589	0.74975	0.03624	0.00690	0.00690	0.01036	0.00431	0.00431
34	0.02926	0.01642	0.01919	0.01471	0.02032	0.01685	0.01215	0.39042	0.02758	0.34438	0.02205	0.02031	0.01459	0.00867	0.00714	0.00217	0.00704	0.00675	0.00788	0.01211
35	0.01794	0.58901	0.19275	0.01405	0.02116	0.02550	0.01543	0.02160	0.01460	0.01809	0.01056	0.01225	0.00911	0.00625	0.00507	0.00169	0.00828	0.00414	0.00304	0.00946
36	0.01327	0.00664	0.00664	0.00664	0.00830	0.00664	0.00498	0.01659	0.01493	0.02655	0.02323	0.02655	0.01825	0.00830	0.00498	0.00166	0.00332	0.00664	0.78928	0.00664
37	0.02458	0.01781	0.01955	0.01525	0.02050	0.01925	0.01247	0.54146	0.02951	0.06544	0.01835	0.05252	0.01418	0.01140	0.04558	0.00260	0.00801	0.00701	0.00677	0.06776
38	0.00868	0.00620	0.00826	0.00991	0.01033	0.00578	0.00661	0.00991	0.01363	0.01818	0.03925	0.74510	0.04710	0.02231	0.00909	0.00289	0.00413	0.02024	0.00661	0.00578
39	0.01467	0.01425	0.02007	0.01748	0.01769	0.01965	0.01446	0.01640	0.01100	0.01703	0.01098	0.01766	0.01076	0.01932	0.14036	0.00451	0.61646	0.00647	0.00323	0.00755
40	0.01035	0.00693	0.00791	0.00791	0.00797	0.00698	0.00450	0.01045	0.01040	0.01392	0.02230	0.04585	0.02556	0.72160	0.06395	0.00709	0.00740	0.01024	0.00429	0.00440
41	0.80005	0.01377	0.01047	0.00936	0.01377	0.01597	0.00771	0.02093	0.01212	0.03195	0.00991	0.01157	0.00771	0.00661	0.00441	0.00220	0.00551	0.00386	0.00441	0.00771
42	0.80005	0.01377	0.01047	0.00936	0.01377	0.01597	0.00771	0.02093	0.01212	0.03195	0.00991	0.01157	0.00771	0.00661	0.00441	0.00220	0.00551	0.00386	0.00441	0.00771
43	0.01477	0.01266	0.01477	0.01055	0.01687	0.00949	0.00844	0.01793	0.01477	0.02320	0.01266	0.01477	0.01055	0.00527	0.00527	0.00105	0.00527	0.00422	0.00422	0.79328
44	0.00868	0.00620	0.00826	0.00991	0.01033	0.00578	0.00661	0.00991	0.01363	0.01818	0.03925	0.74510	0.04710	0.02231	0.00909	0.00289	0.00413	0.02024	0.00661	0.00578
45	0.01475	0.10685	0.64691	0.01950	0.02959	0.01767	0.02493	0.02243	0.01498	0.02198	0.01250	0.01468	0.00903	0.00670	0.00655	0.00218	0.01024	0.00512	0.00301	0.01039
46	0.03195	0.01212	0.01652	0.01267	0.01818	0.01047	0.01047	0.03470	0.02038	0.71026	0.02809	0.02424	0.01763	0.00881	0.00716	0.00220	0.00606	0.00716	0.00881	0.01212
47	0.02571	0.01908	0.02041	0.01582	0.02127	0.02105	0.01301	0.62089	0.05765	0.04292	0.02051	0.02023	0.04968	0.00910	0.00720	0.00216	0.00752	0.00694	0.00710	0.01175
48	0.01123	0.00812	0.01113	0.01264	0.01434	0.00802	0.01098	0.01439	0.01638	0.02114	0.04049	0.07936	0.09464	0.01954	0.00972	0.00321	0.00632	0.60530	0.00656	0.00651
49	0.01033	0.00694	0.00793	0.00788	0.00804	0.00689	0.00454	0.01065	0.01128	0.01520	0.08651	0.04722	0.02978	0.68039	0.03362	0.00646	0.00657	0.01059	0.00465	0.00454
50	0.00868	0.00620	0.00826	0.00991	0.01033	0.00578	0.00661	0.00991	0.01363	0.01818	0.03925	0.74510	0.04710	0.02231	0.00909	0.00289	0.00413	0.02024	0.00661	0.00578
51	0.00868	0.00620	0.00826	0.00991	0.01033	0.00578	0.00661	0.00991	0.01363	0.01818	0.03925	0.74510	0.04710	0.02231	0.00909	0.00289	0.00413	0.02024	0.00661	0.00578
52	0.01612	0.01549	0.02667	0.28709	0.45078	0.01657	0.04303	0.02059	0.01553	0.02145	0.01317	0.01816	0.01063	0.00661	0.00712	0.00222	0.00894	0.00641	0.00340	0.01003
53	0.02048	0.01574	0.01703	0.01447	0.01885	0.01761	0.01148	0.20599	0.42748	0.07497	0.07584	0.02590	0.02232	0.00968	0.00729	0.00232	0.00607	0.00792	0.00735	0.01121
54	0.62501	0.08490	0.05604	0.01052	0.01554	0.01677	0.00945	0.02203	0.01309	0.07735	0.01136	0.01265	0.00862	0.00672	0.00476	0.00214	0.00605	0.00417	0.00450	0.00832
55	0.11906	0.18453	0.22540	0.01722	0.07291	0.01785	0.03349	0.02381	0.01549	0.14560	0.01449	0.01575	0.01072	0.00702	0.00657	0.00204	0.03102	0.00524	0.00435	0.04744

[dist]
# distance from previous block
# <min> <max>
0	1

[block]
# block no. 6 follows, 29 sequences, length 75
# corresponding to MSA columns:
# 287-361
name=unknown_G
#
# <colnr> <probs for GDERKNQSTAVLIFYWHMCP>
#	G	D	E	R	K	N	Q	S	T	A	V	L	I	F	Y	W	H	M	C	P
0	0.02001	0.01507	0.03505	0.01574	0.06205	0.01509	0.01200	0.20533	0.17722	0.10756	0.02409	0.10887	0.02052	0.01057	0.00733	0.00225	0.00643	0.04824	0.00658	0.10000
1	0.10635	0.01876	0.11204	0.06918	0.46488	0.01676	0.02003	0.02267	0.05848	0.02433	0.01387	0.01724	0.01116	0.00668	0.00673	0.00217	0.00825	0.00603	0.00378	0.01061
2	0.00932	0.00713	0.00921	0.03131	0.01164	0.00705	0.00712	0.01082	0.01412	0.01866	0.08307	0.49243	0.14570	0.06789	0.01137	0.00303	0.04072	0.01721	0.00626	0.00595
3	0.01440	0.01233	0.01455	0.01074	0.01651	0.00961	0.00853	0.01740	0.01458	0.02271	0.01425	0.06121	0.01284	0.00656	0.00603	0.00123	0.02607	0.00529	0.00434	0.72082
4	0.57281	0.06079	0.01464	0.15130	0.02121	0.01691	0.01053	0.04065	0.01334	0.02869	0.01067	0.01318	0.00829	0.00674	0.00503	0.00219	0.00649	0.00441	0.00416	0.00798
5	0.01020	0.00686	0.00789	0.00800	0.00812	0.00680	0.00462	0.01047	0.01111	0.01490	0.05754	0.10434	0.02968	0.65345	0.03263	0.00634	0.00650	0.01129	0.00468	0.00455
6	0.01428	0.03683	0.71286	0.02030	0.03082	0.01654	0.02631	0.02255	0.01503	0.02255	0.01278	0.01503	0.00902	0.00677	0.00677	0.00226	0.01052	0.00526	0.00301	0.01052
7	0.01441	0.03595	0.67912	0.02078	0.03114	0.01661	0.05916	0.02256	0.01512	0.02256	0.01286	0.01524	0.00911	0.00673	0.00685	0.00226	0.01060	0.00542	0.00304	0.01048
8	0.01002	0.00728	0.00944	0.00890	0.01060	0.00669	0.00667	0.01333	0.02002	0.02824	0.68029	0.05371	0.08867	0.01467	0.00840	0.00225	0.00337	0.01295	0.00780	0.00669
9	0.00927	0.00747	0.00841	0.00879	0.01097	0.00660	0.00701	0.01153	0.01647	0.02023	0.09509	0.07074	0.50338	0.01827	0.00877	0.00262	0.00434	0.17722	0.00666	0.00618
10	0.01477	0.01266	0.01477	0.01055	0.01687	0.00949	0.00844	0.01793	0.01477	0.02320	0.01266	0.01477	0.01055	0.00527	0.00527	0.00105	0.00527	0.00422	0.00422	0.79328
11	0.75089	0.01505	0.01108	0.00993	0.01429	0.06079	0.00810	0.02141	0.01263	0.03103	0.00998	0.01165	0.00780	0.00666	0.00453	0.00218	0.00597	0.00390	0.00436	0.00775
12	0.00901	0.00646	0.00856	0.00968	0.01040	0.00601	0.00664	0.01076	0.01520	0.02067	0.19857	0.57866	0.05193	0.02044	0.00892	0.00273	0.00395	0.01847	0.00691	0.00601
13	0.01676	0.01243	0.01062	0.00977	0.01218	0.11939	0.00749	0.09354	0.01769	0.02676	0.02045	0.02341	0.01613	0.01020	0.03759	0.00218	0.00601	0.00634	0.54356	0.00750
14	0.01035	0.00694	0.00794	0.00794	0.00800	0.00700	0.00453	0.01047	0.01041	0.01393	0.02228	0.04573	0.02551	0.71722	0.06826	0.00712	0.00747	0.01023	0.00429	0.00441
15	0.80005	0.01377	0.01047	0.00936	0.01377	0.01597	0.00771	0.02093	0.01212	0.03195	0.00991	0.01157	0.00771	0.00661	0.00441	0.00220	0.00551	0.00386	0.00441	0.00771
16	0.02983	0.01374	0.01731	0.01347	0.01887	0.01310	0.01106	0.14491	0.08353	0.53552	0.02630	0.02323	0.01706	0.00884	0.00716	0.00221	0.00632	0.00711	0.00838	0.01204
17	0.01345	0.01266	0.02136	0.73264	0.04904	0.01582	0.01978	0.01819	0.01424	0.01819	0.01266	0.01898	0.00949	0.00712	0.00712	0.00237	0.00949	0.00633	0.00316	0.00791
18	0.02660	0.03394	0.02018	0.01834	0.02201	0.72116	0.01376	0.02843	0.02018	0.01743	0.01101	0.01284	0.00917	0.00734	0.00642	0.00183	0.01284	0.00459	0.00367	0.00825
19	0.02645	0.02010	0.02099	0.01633	0.02185	0.04466	0.01340	0.61867	0.07559	0.04300	0.01766	0.01757	0.01264	0.00858	0.00711	0.00215	0.00786	0.00646	0.00702	0.01193
20	0.00868	0.00620	0.00826	0.00991	0.01033	0.00578	0.00661	0.00991	0.01363	0.01818	0.03925	0.74510	0.04710	0.02231	0.00909	0.00289	0.00413	0.02024	0.00661	0.00578
21	0.01811	0.61368	0.16951	0.01377	0.02073	0.02590	0.01495	0.02156	0.01458	0.01789	0.01046	0.01213	0.00911	0.00622	0.00500	0.00167	0.00818	0.00409	0.00304	0.00941
22	0.01502	0.11569	0.58996	0.02057	0.05449	0.01790	0.04615	0.02240	0.01507	0.02194	0.01253	0.01486	0.00918	0.00665	0.00658	0.00217	0.01017	0.00524	0.00305	0.01037
23	0.03195	0.01212	0.01652	0.01267	0.01818	0.01047	0.01047	0.03470	0.02038	0.71026	0.02809	0.02424	0.01763	0.00881	0.00716	0.00220	0.00606	0.00716	0.00881	0.01212
24	0.02961	0.01433	0.01779	0.01382	0.01922	0.01390	0.01144	0.23060	0.02420	0.47918	0.02515	0.02440	0.01692	0.00919	0.00726	0.00223	0.00662	0.03405	0.00821	0.01188
25	0.25529	0.01452	0.09380	0.01311	0.04860	0.01222	0.01109	0.02343	0.01703	0.23039	0.18246	0.02603	0.02530	0.00918	0.00658	0.00221	0.00587	0.00729	0.00634	0.00927
26	0.00868	0.00620	0.00826	0.00991	0.01033	0.00578	0.00661	0.00991	0.01363	0.01818	0.03925	0.74510	0.04710	0.02231	0.00909	0.00289	0.00413	0.02024	0.00661	0.00578
27	0.01008	0.00728	0.00952	0.00896	0.01064	0.00672	0.00672	0.01344	0.02016	0.02855	0.70158	0.05319	0.06719	0.01456	0.00840	0.00224	0.00336	0.01288	0.00784	0.00672
28	0.01938	0.02025	0.02720	0.03874	0.57161	0.15474	0.02027	0.02314	0.01699	0.02212	0.01293	0.01669	0.01087	0.00654	0.00693	0.00206	0.00932	0.00600	0.00355	0.01069
29	0.01819	0.01758	0.02793	0.10526	0.53805	0.04879	0.05149	0.06378	0.01733	0.02388	0.01350	0.01758	0.01105	0.00659	0.00710	0.00214	0.00888	0.00636	0.00373	0.01080
30	0.80005	0.01377	0.01047	0.00936	0.01377	0.01597	0.00771	0.02093	0.01212	0.03195	0.00991	0.01157	0.00771	0.00661	0.00441	0.00220	0.00551	0.00386	0.00441	0.00771
31	0.00960	0.00814	0.03259	0.00897	0.01100	0.00675	0.00701	0.01245	0.01814	0.02456	0.42691	0.13653	0.23885	0.01616	0.00843	0.00236	0.00376	0.01407	0.00719	0.00654
32	0.00869	0.00634	0.00818	0.00958	0.01026	0.00584	0.00648	0.01006	0.01413	0.01862	0.06352	0.64746	0.12149	0.02159	0.00899	0.00282	0.00405	0.01943	0.00665	0.00584
33	0.01708	0.01730	0.05273	0.10751	0.59586	0.01684	0.04514	0.02157	0.01601	0.02274	0.01334	0.01772	0.01101	0.00642	0.00709	0.00215	0.00876	0.00638	0.00348	0.01087
34	0.01642	0.01364	0.01566	0.01133	0.01758	0.01119	0.00912	0.10744	0.01729	0.02613	0.01325	0.01508	0.01076	0.00572	0.00552	0.00120	0.00562	0.00451	0.00461	0.68792
35	0.01711	0.01919	0.03673	0.02802	0.06312	0.05355	0.49825	0.02203	0.01589	0.02155	0.01329	0.01817	0.01048	0.00724	0.01092	0.00249	0.14142	0.00773	0.00351	0.00929
36	0.01915	0.67707	0.07484	0.01295	0.01918	0.06236	0.01307	0.02175	0.01479	0.01712	0.01012	0.01170	0.00913	0.00619	0.00479	0.00158	0.00804	0.00393	0.00308	0.00917
37	0.01036	0.00690	0.00777	0.00777	0.00777	0.00690	0.00431	0.01036	0.01036	0.01381	0.02244	0.04660	0.02589	0.74975	0.03624	0.00690	0.00690	0.01036	0.00431	0.00431
38	0.01455	0.01358	0.02271	0.62217	0.09021	0.01630	0.04711	0.05199	0.01544	0.02006	0.01300	0.01881	0.00980	0.00709	0.00717	0.00235	0.00945	0.00642	0.00341	0.00841
39	0.01036	0.00690	0.00777	0.00777	0.00777	0.00690	0.00431	0.01036	0.01036	0.01381	0.02244	0.04660	0.02589	0.74975	0.03624	0.00690	0.00690	0.01036	0.00431	0.00431
40	0.01036	0.00690	0.00777	0.00777	0.00777	0.00690	0.00431	0.01036	0.01036	0.01381	0.02244	0.04660	0.02589	0.74975	0.03624	0.00690	0.00690	0.01036	0.00431	0.00431
41	0.01019	0.00735	0.00967	0.00928	0.01096	0.00683	0.00709	0.01354	0.01986	0.02799	0.65008	0.05529	0.06515	0.01495	0.00851	0.00232	0.00361	0.06287	0.00774	0.00671
42	0.80005	0.01377	0.01047	0.00936	0.01377	0.01597	0.00771	0.02093	0.01212	0.03195	0.00991	0.01157	0.00771	0.00661	0.00441	0.00220	0.00551	0.00386	0.00441	0.00771
43	0.01017	0.00763	0.01144	0.01144	0.01272	0.00890	0.00890	0.01272	0.01144	0.01653	0.01907	0.02797	0.01780	0.05340	0.72153	0.01144	0.01907	0.00763	0.00381	0.00636
44	0.03195	0.01212	0.01652	0.01267	0.01818	0.01047	0.01047	0.03470	0.02038	0.71026	0.02809	0.02424	0.01763	0.00881	0.00716	0.00220	0.00606	0.00716	0.00881	0.01212
45	0.80005	0.01377	0.01047	0.00936	0.01377	0.01597	0.00771	0.02093	0.01212	0.03195	0.00991	0.01157	0.00771	0.00661	0.00441	0.00220	0.00551	0.00386	0.00441	0.00771
46	0.01237	0.00618	0.00928	0.00928	0.00928	0.00618	0.00618	0.00928	0.00928	0.01237	0.01237	0.02165	0.01237	0.02474	0.02783	0.79283	0.00618	0.00618	0.00309	0.00309
47	0.01681	0.01921	0.04202	0.03001	0.03721	0.01801	0.67947	0.02281	0.01681	0.02281	0.01441	0.01921	0.01080	0.00600	0.00840	0.00240	0.01200	0.00840	0.00360	0.00960
48	0.00914	0.00678	0.00891	0.01020	0.01077	0.00662	0.00708	0.01049	0.01372	0.01822	0.03946	0.61541	0.08617	0.04528	0.01057	0.00302	0.03486	0.05105	0.00639	0.00587
49	0.01904	0.75404	0.03731	0.01218	0.01828	0.02818	0.01218	0.02132	0.01447	0.01675	0.00990	0.01142	0.00914	0.00609	0.00457	0.00152	0.00761	0.00381	0.00305	0.00914
50	0.01681	0.01921	0.04202	0.03001	0.03721	0.01801	0.67947	0.02281	0.01681	0.02281	0.01441	0.01921	0.01080	0.00600	0.00840	0.00240	0.01200	0.00840	0.00360	0.00960
51	0.00868	0.00620	0.00826	0.00991	0.01033	0.00578	0.00661	0.00991	0.01363	0.01818	0.03925	0.74510	0.04710	0.02231	0.00909	0.00289	0.00413	0.02024	0.00661	0.00578
52	0.01389	0.01249	0.02005	0.51698	0.11635	0.01456	0.01760	0.01861	0.03595	0.03810	0.02152	0.02575	0.10177	0.00860	0.00729	0.00234	0.00839	0.00755	0.00394	0.00826
53	0.01503	0.14918	0.60703	0.01902	0.02885	0.01836	0.02410	0.02236	0.01495	0.02164	0.01233	0.01447	0.00904	0.00666	0.00642	0.00214	0.01007	0.00503	0.00301	0.01031
54	0.01428	0.03683	0.71286	0.02030	0.03082	0.01654	0.02631	0.02255	0.01503	0.02255	0.01278	0.01503	0.00902	0.00677	0.00677	0.00226	0.01052	0.00526	0.00301	0.01052
55	0.00842	0.00721	0.00721	0.00721	0.00962	0.00601	0.00541	0.01022	0.01623	0.01924	0.07213	0.06853	0.70244	0.01803	0.00842	0.00240	0.00361	0.01503	0.00661	0.00601
56	0.01497	0.14060	0.61511	0.01912	0.02900	0.01822	0.02427	0.02237	0.01495	0.02171	0.01236	0.01451	0.00904	0.00667	0.00645	0.00215	0.01010	0.00505	0.00301	0.01032
57	0.02678	0.01901	0.02071	0.01597	0.02150	0.02088	0.01318	0.61693	0.03187	0.08617	0.01786	0.01793	0.01266	0.01014	0.03227	0.00247	0.00812	0.00650	0.00711	0.01191
58	0.22166	0.50566	0.05453	0.01201	0.01773	0.05348	0.01161	0.02156	0.01412	0.02093	0.01006	0.01165	0.00877	0.00630	0.00469	0.00174	0.00739	0.00391	0.00342	0.00878
59	0.01009	0.00750	0.01106	0.01116	0.01232	0.00860	0.00853	0.01242	0.01153	0.01650	0.02052	0.07448	0.02006	0.08601	0.64222	0.01067	0.01752	0.00857	0.00402	0.00622
60	0.01237	0.00618	0.00928	0.00928	0.00928	0.00618	0.00618	0.00928	0.00928	0.01237	0.01237	0.02165	0.01237	0.02474	0.02783	0.79283	0.00618	0.00618	0.00309	0.00309
61	0.01185	0.01009	0.01466	0.01369	0.01457	0.01290	0.01097	0.01409	0.01128	0.01672	0.01606	0.02413	0.01518	0.04071	0.50502	0.00886	0.24163	0.00720	0.00360	0.00680
62	0.01002	0.00728	0.00943	0.00890	0.01060	0.00669	0.00667	0.01332	0.02001	0.02822	0.67874	0.05375	0.09024	0.01468	0.00840	0.00225	0.00337	0.01296	0.00779	0.00669
63	0.03195	0.01212	0.01652	0.01267	0.01818	0.01047	0.01047	0.03470	0.02038	0.71026	0.02809	0.02424	0.01763	0.00881	0.00716	0.00220	0.00606	0.00716	0.00881	0.01212
64	0.03072	0.01409	0.01775	0.01361	0.01916	0.01339	0.01124	0.19781	0.02368	0.54249	0.02532	0.02244	0.01624	0.00875	0.00715	0.00219	0.00651	0.00697	0.00839	0.01212
65	0.01327	0.00664	0.00664	0.00664	0.00830	0.00664	0.00498	0.01659	0.01493	0.02655	0.02323	0.02655	0.01825	0.00830	0.00498	0.00166	0.00332	0.00664	0.78928	0.00664
66	0.02707	0.01995	0.02137	0.01638	0.02208	0.02208	0.01353	0.68159	0.03348	0.04488	0.01710	0.01710	0.01211	0.00855	0.00712	0.00214	0.00784	0.00641	0.00712	0.01211
67	0.02610	0.01691	0.01910	0.01463	0.02030	0.01744	0.01201	0.41147	0.05530	0.19624	0.01953	0.01883	0.01358	0.00820	0.00688	0.00201	0.00697	0.00635	0.00712	0.12103
68	0.02513	0.13561	0.04734	0.01731	0.02180	0.51877	0.01395	0.10022	0.02067	0.02058	0.01159	0.01319	0.00949	0.00727	0.00625	0.00184	0.01145	0.00470	0.00394	0.00889
69	0.00874	0.00625	0.00832	0.00987	0.01034	0.00583	0.00662	0.01008	0.01394	0.01866	0.07019	0.71278	0.04803	0.02195	0.00906	0.00286	0.00410	0.01990	0.00667	0.00583
70	0.00846	0.00706	0.00737	0.00763	0.00973	0.00598	0.00559	0.01017	0.01583	0.01907	0.06709	0.17238	0.60185	0.01869	0.00852	0.00248	0.00369	0.01583	0.00661	0.00598
71	0.05613	0.00806	0.00873	0.00826	0.00972	0.00828	0.00572	0.04589	0.01378	0.05248	0.02186	0.03361	0.02051	0.31942	0.05991	0.00449	0.00618	0.00810	0.30262	0.00621
72	0.62568	0.01415	0.03316	0.01035	0.01515	0.01491	0.00882	0.02368	0.01382	0.16440	0.01356	0.01415	0.00969	0.00705	0.00502	0.00220	0.00577	0.00455	0.00523	0.00866
73	0.22576	0.08345	0.01654	0.01183	0.01657	0.03257	0.00981	0.09018	0.01851	0.30630	0.05201	0.05252	0.01716	0.00878	0.00627	0.00214	0.00613	0.00669	0.02686	0.00992
74	0.02257	0.01722	0.01935	0.01563	0.02036	0.01894	0.03478	0.45508	0.14455	0.03783	0.02212	0.11901	0.01855	0.01055	0.00746	0.00230	0.00709	0.00867	0.00695	0.01101

[dist]
# distance from previous block
# <min> <max>
0	7

[block]
# block no. 7 follows, 29 sequences, length 22
# corresponding to MSA columns:
# 369-390
name=unknown_H
#
# <colnr> <probs for GDERKNQSTAVLIFYWHMCP>
#	G	D	E	R	K	N	Q	S	T	A	V	L	I	F	Y	W	H	M	C	P
0	0.02584	0.01929	0.02069	0.01600	0.02159	0.02123	0.01315	0.60421	0.08469	0.04282	0.01785	0.01775	0.01281	0.00850	0.00706	0.00212	0.00756	0.00645	0.00702	0.04338
1	0.01564	0.07395	0.61681	0.01952	0.02939	0.01764	0.02445	0.07939	0.01660	0.02417	0.01300	0.01502	0.00929	0.00688	0.00668	0.00221	0.01014	0.00528	0.00336	0.01059
2	0.26563	0.04620	0.01836	0.01440	0.01937	0.13785	0.01172	0.34444	0.02397	0.03528	0.01360	0.01447	0.01015	0.00766	0.00608	0.00209	0.00795	0.00522	0.00556	0.01000
3	0.00868	0.00620	0.00826	0.00991	0.01033	0.00578	0.00661	0.00991	0.01363	0.01818	0.03925	0.74510	0.04710	0.02231	0.00909	0.00289	0.00413	0.02024	0.00661	0.00578
4	0.01237	0.00618	0.00928	0.00928	0.00928	0.00618	0.00618	0.00928	0.00928	0.01237	0.01237	0.02165	0.01237	0.02474	0.02783	0.79283	0.00618	0.00618	0.00309	0.00309
5	0.17576	0.02916	0.48933	0.01833	0.05316	0.01578	0.02106	0.02157	0.01471	0.02466	0.03603	0.01832	0.01206	0.00749	0.00647	0.00228	0.00901	0.03153	0.00362	0.00969
