[name]
unknown

[dist]
# distance from previous block
# <min> <max>
0	4

[block]
# block no. 0 follows, 25 sequences, length 16
# corresponding to MSA columns:
# 4-19
name=unknown_A
#
# <colnr> <probs for GDERKNQSTAVLIFYWHMCP>
#	G	D	E	R	K	N	Q	S	T	A	V	L	I	F	Y	W	H	M	C	P
0	0.01910	0.12340	0.31367	0.01709	0.02555	0.01717	0.01895	0.05433	0.01793	0.10138	0.01700	0.02067	0.01322	0.00799	0.00694	0.00211	0.00890	0.03733	0.00470	0.17257
1	0.02142	0.01633	0.01863	0.01537	0.02033	0.04954	0.04181	0.13201	0.20223	0.11525	0.02579	0.12059	0.02169	0.01092	0.00775	0.00231	0.00701	0.00925	0.00699	0.15476
2	0.02123	0.01944	0.01856	0.01566	0.02002	0.14615	0.04364	0.20163	0.13521	0.03159	0.06975	0.03337	0.14733	0.01151	0.00793	0.00237	0.00795	0.00927	0.04726	0.01014
3	0.01874	0.02416	0.14353	0.08535	0.07164	0.06142	0.36790	0.05434	0.01854	0.02492	0.01485	0.01936	0.01125	0.00732	0.00918	0.00255	0.04268	0.00783	0.00394	0.01052
4	0.00971	0.00700	0.00955	0.01106	0.01166	0.00684	0.00760	0.01129	0.01446	0.01950	0.03920	0.61102	0.04615	0.02974	0.12051	0.00465	0.00712	0.01983	0.00671	0.00640
5	0.07842	0.01286	0.01362	0.01240	0.01591	0.01392	0.00961	0.04814	0.30823	0.03072	0.20014	0.04301	0.15547	0.01324	0.00818	0.00255	0.00517	0.01106	0.00767	0.00967
6	0.01745	0.02010	0.07451	0.11433	0.12037	0.04546	0.31445	0.02353	0.04354	0.02368	0.02045	0.02453	0.06534	0.00844	0.00941	0.00258	0.04887	0.00863	0.00421	0.01012
7	0.01730	0.01651	0.02257	0.01922	0.02053	0.04242	0.04771	0.07063	0.01466	0.02134	0.01328	0.01984	0.01230	0.02140	0.15380	0.00499	0.46169	0.00716	0.00395	0.00868
8	0.00943	0.00759	0.00841	0.00878	0.01079	0.00657	0.00637	0.01144	0.01746	0.02179	0.13624	0.23080	0.45646	0.02035	0.00934	0.00273	0.00404	0.01749	0.00735	0.00657
9	0.01598	0.09704	0.63414	0.02137	0.03243	0.01905	0.02738	0.02444	0.01632	0.02404	0.01366	0.01605	0.00983	0.00731	0.00717	0.00239	0.01120	0.00560	0.00328	0.01133
10	0.02542	0.01820	0.01981	0.01603	0.02116	0.01996	0.01293	0.41524	0.14528	0.08170	0.02414	0.08283	0.01912	0.01083	0.00784	0.00243	0.00737	0.00868	0.04894	0.01210
11	0.01119	0.00787	0.01022	0.01022	0.01084	0.00848	0.00690	0.01241	0.01180	0.01634	0.02281	0.04179	0.02430	0.43202	0.32964	0.00970	0.01337	0.00997	0.00446	0.00568
12	0.01097	0.00793	0.01036	0.00975	0.01158	0.00732	0.00732	0.01463	0.02195	0.03109	0.67505	0.05792	0.07316	0.01585	0.00914	0.00244	0.00366	0.01402	0.00854	0.00732
13	0.02296	0.54866	0.03598	0.01467	0.02097	0.09579	0.01367	0.12545	0.01971	0.02325	0.01216	0.01359	0.01048	0.00720	0.00562	0.00180	0.00890	0.00469	0.00410	0.01038
14	0.02274	0.01627	0.01800	0.01476	0.01941	0.01742	0.01184	0.33108	0.12314	0.08637	0.13654	0.06091	0.08300	0.01209	0.00822	0.00245	0.00667	0.00989	0.00797	0.01123
15	0.02787	0.02068	0.02165	0.01720	0.02293	0.05109	0.01399	0.45518	0.15918	0.09598	0.02187	0.02109	0.01561	0.00951	0.00775	0.00238	0.00814	0.00731	0.00777	0.01282

[dist]
# distance from previous block
# <min> <max>
0	4

[block]
# block no. 1 follows, 25 sequences, length 96
# corresponding to MSA columns:
# 25-120
name=unknown_B
#
# <colnr> <probs for GDERKNQSTAVLIFYWHMCP>
#	G	D	E	R	K	N	Q	S	T	A	V	L	I	F	Y	W	H	M	C	P
0	0.02552	0.05566	0.02052	0.01583	0.02119	0.01963	0.01285	0.21590	0.31554	0.17202	0.02652	0.02455	0.01898	0.00977	0.00768	0.00244	0.00704	0.00780	0.00796	0.01260
1	0.01694	0.02244	0.14748	0.02734	0.03404	0.01891	0.40104	0.02276	0.01674	0.02347	0.01669	0.07471	0.01431	0.00912	0.01134	0.00275	0.11668	0.00924	0.00399	0.01000
2	0.01821	0.02065	0.04426	0.03184	0.03915	0.01989	0.60797	0.02442	0.01786	0.02442	0.01531	0.02065	0.01166	0.00701	0.01026	0.00267	0.06058	0.00899	0.00389	0.01032
3	0.02947	0.09926	0.01992	0.01338	0.01888	0.01382	0.01123	0.06570	0.02215	0.47875	0.11806	0.02873	0.02534	0.01010	0.00765	0.00231	0.00649	0.00819	0.00859	0.01198
4	0.02883	0.13840	0.06740	0.01468	0.02095	0.01665	0.01313	0.05768	0.10653	0.41603	0.02576	0.02338	0.01735	0.00905	0.00730	0.00230	0.00723	0.00713	0.00780	0.01240
5	0.02947	0.02172	0.02327	0.01784	0.02404	0.02404	0.01474	0.65329	0.03646	0.04887	0.01862	0.01862	0.01319	0.00931	0.00776	0.00233	0.00853	0.00698	0.00776	0.01319
6	0.00961	0.00705	0.00902	0.01026	0.01119	0.00647	0.00704	0.01135	0.01617	0.02144	0.13128	0.54690	0.13864	0.02254	0.00970	0.00298	0.00431	0.02021	0.00737	0.00647
7	0.02129	0.30827	0.07567	0.05851	0.18049	0.16475	0.01770	0.02471	0.01738	0.02060	0.01227	0.01521	0.01053	0.00735	0.00712	0.00205	0.03690	0.00532	0.00359	0.01028
8	0.03060	0.01359	0.01750	0.01379	0.01915	0.01262	0.01119	0.08954	0.06815	0.50964	0.07384	0.02908	0.02308	0.04004	0.00922	0.00263	0.00657	0.00837	0.00904	0.01237
9	0.00933	0.00786	0.00808	0.00803	0.01057	0.00662	0.00602	0.01144	0.01806	0.02186	0.13245	0.07311	0.62152	0.01929	0.00916	0.00260	0.00390	0.01615	0.00732	0.00662
10	0.06301	0.01308	0.01643	0.01330	0.01841	0.01233	0.01076	0.03419	0.12579	0.45452	0.10212	0.03129	0.04806	0.01067	0.00787	0.00245	0.00608	0.00877	0.00890	0.01195
11	0.02491	0.01789	0.01970	0.01601	0.02092	0.01945	0.01284	0.44863	0.07415	0.07247	0.04471	0.14563	0.02280	0.01226	0.00819	0.00250	0.00741	0.01003	0.00778	0.01172
12	0.01449	0.00989	0.01213	0.01227	0.01408	0.00989	0.00883	0.13291	0.01928	0.05878	0.03759	0.55506	0.04250	0.02073	0.00939	0.00296	0.00536	0.01849	0.00742	0.00794
13	0.00984	0.00711	0.00930	0.01039	0.01130	0.00658	0.00717	0.01182	0.01685	0.02282	0.21091	0.51775	0.08566	0.02186	0.00967	0.00294	0.00425	0.01967	0.00755	0.00658
14	0.01881	0.02452	0.18734	0.04013	0.49246	0.05225	0.02451	0.02434	0.01756	0.02483	0.01429	0.01826	0.01158	0.00707	0.00757	0.00232	0.00999	0.00653	0.00371	0.01192
15	0.02500	0.02864	0.02416	0.02722	0.20948	0.39642	0.01714	0.05173	0.10127	0.02349	0.01539	0.01748	0.01245	0.00804	0.00732	0.00217	0.01146	0.00608	0.00457	0.01048
16	0.10814	0.47795	0.03280	0.01445	0.02037	0.14907	0.01313	0.06732	0.01800	0.02231	0.01153	0.01315	0.01000	0.00712	0.00551	0.00185	0.00908	0.00450	0.00391	0.00982
17	0.01590	0.01066	0.01451	0.01289	0.01567	0.01026	0.05089	0.09320	0.02062	0.10473	0.22162	0.25914	0.07931	0.04123	0.01011	0.00284	0.00562	0.01471	0.00763	0.00846
18	0.00954	0.00689	0.00903	0.01056	0.01123	0.00638	0.00714	0.01109	0.01550	0.02066	0.08982	0.64033	0.08626	0.02344	0.00980	0.00307	0.00441	0.02117	0.00729	0.00638
19	0.02332	0.01856	0.01983	0.01631	0.02166	0.02059	0.01307	0.29730	0.34932	0.03879	0.02471	0.02357	0.01830	0.00963	0.00766	0.00239	0.00711	0.00769	0.00757	0.07261
20	0.00966	0.00764	0.00877	0.00948	0.01133	0.00675	0.00702	0.01167	0.01700	0.02121	0.08588	0.26992	0.40053	0.02108	0.00954	0.00287	0.00442	0.08143	0.00724	0.00656
21	0.07334	0.06980	0.44929	0.02014	0.02913	0.15058	0.02309	0.02634	0.04566	0.02424	0.01394	0.01600	0.01037	0.00758	0.00702	0.00233	0.01117	0.00553	0.00373	0.01072
22	0.04911	0.01639	0.05536	0.01758	0.02292	0.01548	0.13200	0.07378	0.17256	0.16450	0.09740	0.03044	0.05629	0.01280	0.04500	0.00305	0.00837	0.00912	0.00697	0.01089
23	0.00945	0.00675	0.00900	0.01080	0.01125	0.00630	0.00720	0.01080	0.01484	0.01979	0.04274	0.72245	0.05128	0.02429	0.00990	0.00315	0.00450	0.02204	0.00720	0.00630
24	0.01097	0.00793	0.01036	0.00975	0.01158	0.00732	0.00732	0.01463	0.02195	0.03109	0.67505	0.05792	0.07316	0.01585	0.00914	0.00244	0.00366	0.01402	0.00854	0.00732
25	0.01623	0.01412	0.02340	0.44615	0.19005	0.01608	0.01998	0.02090	0.01674	0.05535	0.06089	0.05248	0.01720	0.00889	0.00792	0.00252	0.00919	0.00806	0.00435	0.00950
26	0.01555	0.04011	0.68733	0.02210	0.03356	0.01801	0.02865	0.02455	0.01637	0.02455	0.01391	0.01637	0.00982	0.00737	0.00737	0.00246	0.01146	0.00573	0.00327	0.01146
27	0.01207	0.00862	0.01201	0.01380	0.01540	0.00856	0.01176	0.01533	0.01743	0.02273	0.04129	0.17555	0.04555	0.02182	0.01060	0.00351	0.00677	0.54303	0.00715	0.00702
28	0.19691	0.11082	0.40370	0.07073	0.02914	0.01924	0.02158	0.02362	0.01549	0.02589	0.01281	0.01536	0.00954	0.00727	0.00652	0.00236	0.00973	0.00528	0.00365	0.01035
29	0.06279	0.00902	0.01193	0.01352	0.01532	0.00912	0.01148	0.01577	0.01712	0.02349	0.03929	0.17120	0.04317	0.02088	0.01021	0.00343	0.00670	0.50145	0.00699	0.00710
30	0.01108	0.00831	0.01246	0.01246	0.01385	0.00969	0.00969	0.01385	0.01246	0.01800	0.02077	0.03046	0.01938	0.05815	0.69678	0.01246	0.02077	0.00831	0.00415	0.00692
31	0.00945	0.00675	0.00900	0.01080	0.01125	0.00630	0.00720	0.01080	0.01484	0.01979	0.04274	0.72245	0.05128	0.02429	0.00990	0.00315	0.00450	0.02204	0.00720	0.00630
32	0.01929	0.01666	0.01753	0.01578	0.02016	0.01929	0.01227	0.04120	0.66513	0.03243	0.03156	0.02893	0.02367	0.01052	0.00789	0.00263	0.00614	0.00877	0.00789	0.01227
33	0.01917	0.01692	0.01702	0.01526	0.01948	0.05199	0.01186	0.06548	0.53165	0.03160	0.05737	0.03222	0.07336	0.01122	0.00798	0.00258	0.00638	0.00926	0.00766	0.01154
34	0.01953	0.01626	0.01731	0.01552	0.01987	0.01863	0.01208	0.04022	0.62276	0.05416	0.05244	0.02979	0.02513	0.01066	0.00793	0.00262	0.00607	0.00890	0.00797	0.01214
35	0.02073	0.73217	0.04063	0.01327	0.01990	0.03068	0.01327	0.02322	0.01575	0.01824	0.01078	0.01244	0.00995	0.00663	0.00498	0.00166	0.00829	0.00415	0.00332	0.00995
36	0.02541	0.18293	0.02569	0.01775	0.02230	0.36766	0.01434	0.11009	0.05104	0.02330	0.01376	0.01579	0.01143	0.01038	0.03651	0.00251	0.04935	0.00548	0.00449	0.00979
37	0.01005	0.00784	0.00911	0.00890	0.01104	0.00691	0.00663	0.01280	0.01961	0.02578	0.36389	0.09500	0.35864	0.01802	0.00919	0.00256	0.00382	0.01549	0.00784	0.00691
38	0.00971	0.00777	0.00868	0.00866	0.01086	0.00674	0.00642	0.01210	0.01864	0.02375	0.24605	0.12850	0.44687	0.01897	0.00922	0.00261	0.00390	0.01621	0.00758	0.00674
39	0.01464	0.01378	0.02326	0.70887	0.05340	0.01723	0.02153	0.01981	0.01550	0.01981	0.01378	0.02067	0.01034	0.00775	0.00775	0.00258	0.01034	0.00689	0.00345	0.00861
40	0.05780	0.01446	0.01816	0.01406	0.01984	0.01361	0.01158	0.14459	0.02410	0.51817	0.02756	0.02469	0.01781	0.00944	0.00757	0.00236	0.00677	0.00750	0.04719	0.01273
41	0.01464	0.01378	0.02326	0.70887	0.05340	0.01723	0.02153	0.01981	0.01550	0.01981	0.01378	0.02067	0.01034	0.00775	0.00775	0.00258	0.01034	0.00689	0.00345	0.00861
42	0.78228	0.01499	0.01140	0.01020	0.01499	0.01739	0.00840	0.02279	0.01320	0.03479	0.01080	0.01260	0.00840	0.00720	0.00480	0.00240	0.00600	0.00420	0.00480	0.00840
43	0.00965	0.00828	0.00832	0.00823	0.01094	0.00716	0.00620	0.01257	0.04866	0.02150	0.07630	0.07243	0.64477	0.01920	0.00910	0.00262	0.00403	0.01600	0.00723	0.00682
44	0.00945	0.00675	0.00900	0.01080	0.01125	0.00630	0.00720	0.01080	0.01484	0.01979	0.04274	0.72245	0.05128	0.02429	0.00990	0.00315	0.00450	0.02204	0.00720	0.00630
45	0.00945	0.00675	0.00900	0.01080	0.01125	0.00630	0.00720	0.01080	0.01484	0.01979	0.04274	0.72245	0.05128	0.02429	0.00990	0.00315	0.00450	0.02204	0.00720	0.00630
46	0.00945	0.00675	0.00900	0.01080	0.01125	0.00630	0.00720	0.01080	0.01484	0.01979	0.04274	0.72245	0.05128	0.02429	0.00990	0.00315	0.00450	0.02204	0.00720	0.00630
47	0.34086	0.01393	0.01529	0.01232	0.01783	0.01385	0.01017	0.03165	0.01851	0.41847	0.02248	0.02074	0.01477	0.00861	0.00657	0.00240	0.00635	0.00632	0.00763	0.01123
48	0.01555	0.04011	0.68733	0.02210	0.03356	0.01801	0.02865	0.02455	0.01637	0.02455	0.01391	0.01637	0.00982	0.00737	0.00737	0.00246	0.01146	0.00573	0.00327	0.01146
49	0.01208	0.00812	0.01024	0.01014	0.01216	0.00735	0.00762	0.01486	0.01935	0.07279	0.33107	0.19232	0.19471	0.01827	0.00931	0.00269	0.00433	0.05725	0.00796	0.00736
50	0.00942	0.00683	0.00891	0.01056	0.01119	0.00632	0.00709	0.01082	0.01507	0.01988	0.04555	0.67152	0.10040	0.02393	0.00984	0.00311	0.00445	0.02160	0.00720	0.00632
51	0.06118	0.18815	0.05433	0.01505	0.01996	0.07863	0.01322	0.05011	0.19620	0.07247	0.04488	0.03208	0.02204	0.01087	0.00741	0.00244	0.00778	0.10680	0.00609	0.01029
52	0.07486	0.01405	0.02050	0.23907	0.02994	0.01661	0.06928	0.07737	0.01662	0.02486	0.01632	0.02271	0.01348	0.04857	0.05842	0.00348	0.11993	0.00724	0.11806	0.00864
53	0.01003	0.00735	0.00950	0.01098	0.01180	0.00701	0.00758	0.01246	0.04300	0.02093	0.06667	0.61276	0.07923	0.02307	0.00978	0.00309	0.00462	0.04621	0.00727	0.00664
54	0.02200	0.01785	0.07468	0.02379	0.17856	0.01635	0.05003	0.12961	0.09580	0.14489	0.04853	0.02926	0.04068	0.00994	0.00798	0.00246	0.00791	0.04665	0.04151	0.01150
55	0.02919	0.01951	0.02160	0.01681	0.02270	0.02106	0.01379	0.49492	0.06695	0.15545	0.02213	0.04313	0.01600	0.00990	0.00784	0.00238	0.00794	0.00770	0.00806	0.01292
56	0.01919	0.01842	0.03147	0.04759	0.67914	0.01842	0.02380	0.02380	0.01765	0.02533	0.01458	0.01919	0.01228	0.00691	0.00768	0.00230	0.00921	0.00691	0.00384	0.01228
57	0.01608	0.01378	0.01608	0.01148	0.01837	0.01034	0.00919	0.01952	0.01608	0.02527	0.01378	0.01608	0.01148	0.00574	0.00574	0.00115	0.00574	0.00459	0.00459	0.77491
58	0.00950	0.00679	0.00905	0.01076	0.01126	0.00634	0.00720	0.01094	0.01512	0.02022	0.06686	0.69710	0.05212	0.02397	0.00987	0.00312	0.00447	0.02174	0.00725	0.00634
59	0.14355	0.43924	0.08882	0.01449	0.02082	0.11096	0.01400	0.02499	0.04332	0.02213	0.01208	0.01369	0.01027	0.00712	0.00553	0.00193	0.00883	0.00459	0.00383	0.00981
60	0.02573	0.27512	0.02861	0.01687	0.02238	0.25544	0.01418	0.19005	0.05574	0.02714	0.01426	0.01539	0.01149	0.00798	0.00653	0.00200	0.01019	0.00540	0.00493	0.01058
61	0.02834	0.01604	0.04876	0.01506	0.02076	0.01503	0.01265	0.06915	0.24258	0.39941	0.02956	0.02641	0.01999	0.00980	0.00781	0.00248	0.00676	0.00799	0.00863	0.01280
62	0.02053	0.01452	0.01605	0.01391	0.01826	0.01551	0.01096	0.09575	0.34356	0.13733	0.08176	0.03723	0.13648	0.01216	0.00816	0.00255	0.00591	0.01008	0.00808	0.01120
63	0.00978	0.00791	0.00870	0.00859	0.01097	0.00684	0.00651	0.01226	0.01886	0.02383	0.24224	0.07043	0.48821	0.01865	0.00921	0.00260	0.00396	0.03611	0.00757	0.00678
64	0.01938	0.01893	0.02357	0.02001	0.02107	0.06942	0.01654	0.10077	0.01571	0.02255	0.01138	0.01697	0.01055	0.01265	0.02193	0.00316	0.57561	0.00669	0.00399	0.00912
65	0.02771	0.02084	0.02227	0.01748	0.02337	0.02322	0.01431	0.54704	0.14558	0.04601	0.02086	0.02041	0.01501	0.00952	0.00778	0.00238	0.00812	0.00729	0.00778	0.01303
66	0.00956	0.00683	0.00912	0.01092	0.01142	0.00639	0.00739	0.01098	0.01495	0.01991	0.04268	0.69980	0.05104	0.02419	0.00993	0.00316	0.00459	0.04361	0.00720	0.00633
67	0.01000	0.00788	0.00904	0.00892	0.01112	0.00692	0.00671	0.01267	0.01928	0.02501	0.31350	0.09148	0.39390	0.01835	0.00923	0.00260	0.00394	0.03486	0.00773	0.00686
68	0.51429	0.01793	0.09985	0.01293	0.01869	0.01645	0.03277	0.02474	0.03910	0.09956	0.01757	0.01849	0.04378	0.00819	0.00592	0.00243	0.00690	0.00571	0.00530	0.00941
69	0.01128	0.00752	0.00846	0.00846	0.00846	0.00752	0.00470	0.01128	0.01128	0.01503	0.02443	0.05074	0.02819	0.72751	0.03946	0.00752	0.00752	0.01128	0.00470	0.00470
70	0.01128	0.00752	0.00846	0.00846	0.00846	0.00752	0.00470	0.01128	0.01128	0.01503	0.02443	0.05074	0.02819	0.72751	0.03946	0.00752	0.00752	0.01128	0.00470	0.00470
71	0.02066	0.01686	0.01948	0.01954	0.10214	0.01876	0.01366	0.09730	0.46651	0.06534	0.02993	0.02833	0.04589	0.01025	0.00789	0.00255	0.00669	0.00860	0.00743	0.01219
72	0.01861	0.27294	0.42265	0.01854	0.02799	0.02186	0.02226	0.02500	0.01656	0.06719	0.01398	0.01572	0.01050	0.00727	0.00658	0.00218	0.01006	0.00533	0.00372	0.01107
73	0.01573	0.01489	0.02521	0.55124	0.20256	0.01751	0.02207	0.02076	0.01602	0.02113	0.01397	0.02032	0.01080	0.00755	0.00773	0.00252	0.01007	0.00689	0.00354	0.00949
74	0.00960	0.00686	0.00917	0.01097	0.01149	0.00643	0.00746	0.01106	0.01500	0.01997	0.04265	0.69043	0.05095	0.02415	0.00994	0.00317	0.00463	0.05255	0.00719	0.00634
75	0.03457	0.01355	0.01821	0.01396	0.01997	0.01192	0.01154	0.06349	0.02279	0.65797	0.03009	0.02607	0.01894	0.00958	0.00780	0.00240	0.00668	0.00776	0.00952	0.01319
76	0.02038	0.68522	0.08451	0.01387	0.02083	0.02982	0.01431	0.02331	0.01580	0.01867	0.01099	0.01270	0.00994	0.00668	0.00514	0.00171	0.00851	0.00425	0.00331	0.01005
77	0.01347	0.00673	0.01010	0.01010	0.01010	0.00673	0.00673	0.01010	0.01010	0.01347	0.01347	0.02357	0.01347	0.02694	0.03030	0.77441	0.00673	0.00673	0.00337	0.00337
78	0.01653	0.01571	0.02667	0.43388	0.31361	0.01772	0.02247	0.02147	0.01640	0.02211	0.01412	0.02006	0.01115	0.00740	0.00772	0.00247	0.00987	0.00690	0.00361	0.01014
79	0.03248	0.01329	0.01757	0.01362	0.01927	0.01189	0.01120	0.07765	0.02293	0.58427	0.06208	0.02755	0.02153	0.00987	0.00777	0.00237	0.00647	0.00803	0.03747	0.01268
80	0.01008	0.00722	0.00964	0.01089	0.01178	0.00678	0.00772	0.01216	0.01674	0.02268	0.18593	0.51192	0.05561	0.02211	0.00980	0.00303	0.00456	0.07726	0.00750	0.00661
81	0.01501	0.01401	0.02263	0.56620	0.04609	0.01785	0.02008	0.01955	0.01495	0.02002	0.01370	0.02043	0.01073	0.00875	0.01053	0.00268	0.12429	0.00689	0.03708	0.00853
82	0.78228	0.01499	0.01140	0.01020	0.01499	0.01739	0.00840	0.02279	0.01320	0.03479	0.01080	0.01260	0.00840	0.00720	0.00480	0.00240	0.00600	0.00420	0.00480	0.00840
83	0.03479	0.01320	0.01799	0.01380	0.01979	0.01140	0.01140	0.03779	0.02219	0.68451	0.03059	0.02639	0.01919	0.00960	0.00780	0.00240	0.00660	0.00780	0.00960	0.01320
84	0.00943	0.00680	0.00894	0.01066	0.01121	0.00631	0.00713	0.01081	0.01498	0.01985	0.04445	0.69144	0.08118	0.02407	0.00986	0.00312	0.00447	0.02177	0.00720	0.00631
85	0.01209	0.00881	0.01108	0.01027	0.01237	0.00838	0.00775	0.05765	0.02245	0.03139	0.57873	0.08419	0.09333	0.01592	0.00908	0.00247	0.00404	0.01398	0.00837	0.00764
86	0.78228	0.01499	0.01140	0.01020	0.01499	0.01739	0.00840	0.02279	0.01320	0.03479	0.01080	0.01260	0.00840	0.00720	0.00480	0.00240	0.00600	0.00420	0.00480	0.00840
87	0.01445	0.00723	0.00723	0.00723	0.00903	0.00723	0.00542	0.01807	0.01626	0.02891	0.02529	0.02891	0.01987	0.00903	0.00542	0.00181	0.00361	0.00723	0.77055	0.00723
88	0.00945	0.00675	0.00900	0.01080	0.01125	0.00630	0.00720	0.01080	0.01484	0.01979	0.04274	0.72245	0.05128	0.02429	0.00990	0.00315	0.00450	0.02204	0.00720	0.00630
89	0.03479	0.01320	0.01799	0.01380	0.01979	0.01140	0.01140	0.03779	0.02219	0.68451	0.03059	0.02639	0.01919	0.00960	0.00780	0.00240	0.00660	0.00780	0.00960	0.01320
90	0.00945	0.00675	0.00900	0.01080	0.01125	0.00630	0.00720	0.01080	0.01484	0.01979	0.04274	0.72245	0.05128	0.02429	0.00990	0.00315	0.00450	0.02204	0.00720	0.00630
91	0.01010	0.00765	0.00946	0.01053	0.01206	0.00700	0.00793	0.01225	0.01680	0.02152	0.08790	0.33712	0.25534	0.02169	0.00979	0.00303	0.00484	0.15112	0.00726	0.00662
92	0.01597	0.01514	0.02565	0.51587	0.23603	0.01758	0.02219	0.02097	0.01613	0.02142	0.01402	0.02024	0.01090	0.00751	0.00773	0.00250	0.01001	0.00690	0.00356	0.00968
93	0.01464	0.01378	0.02326	0.70887	0.05340	0.01723	0.02153	0.01981	0.01550	0.01981	0.01378	0.02067	0.01034	0.00775	0.00775	0.00258	0.01034	0.00689	0.00345	0.00861
94	0.01901	0.01819	0.03039	0.06650	0.56477	0.01852	0.04875	0.02545	0.08266	0.02583	0.01631	0.02029	0.01334	0.00728	0.00776	0.00236	0.00910	0.00719	0.00424	0.01208
95	0.07370	0.17536	0.02307	0.01475	0.01978	0.04710	0.01234	0.23290	0.14208	0.03373	0.10090	0.04938	0.02280	0.01011	0.00719	0.00227	0.00732	0.00785	0.00653	0.01084

[dist]
# distance from previous block
# <min> <max>
0	1

[block]
# block no. 2 follows, 25 sequences, length 86
# corresponding to MSA columns:
# 122-207
name=unknown_C
#
# <colnr> <probs for GDERKNQSTAVLIFYWHMCP>
#	G	D	E	R	K	N	Q	S	T	A	V	L	I	F	Y	W	H	M	C	P
0	0.10707	0.01269	0.01480	0.01251	0.01680	0.03485	0.00992	0.02846	0.06475	0.33885	0.16519	0.08762	0.04925	0.01208	0.00793	0.00247	0.00590	0.01004	0.00829	0.01051
1	0.73386	0.01455	0.01133	0.01017	0.01478	0.01676	0.00833	0.02228	0.01374	0.03456	0.05249	0.01544	0.01246	0.00774	0.00507	0.00240	0.00585	0.00482	0.00503	0.00833
2	0.01288	0.00918	0.01164	0.01199	0.01426	0.00891	0.00978	0.01751	0.06916	0.05327	0.20486	0.09649	0.15842	0.01849	0.00968	0.00298	0.00551	0.26961	0.00766	0.00770
3	0.01045	0.00790	0.00963	0.00920	0.01126	0.00709	0.00690	0.01361	0.02070	0.02814	0.50151	0.06278	0.24854	0.01695	0.00915	0.00249	0.00374	0.01470	0.00815	0.00709
4	0.02325	0.02024	0.01966	0.01681	0.02169	0.09109	0.01327	0.21780	0.41576	0.03580	0.02577	0.02438	0.01920	0.00990	0.00776	0.00248	0.00765	0.00786	0.00745	0.01220
5	0.15096	0.15317	0.04846	0.09094	0.07045	0.03682	0.03733	0.07558	0.03927	0.15139	0.02098	0.02188	0.05420	0.00864	0.00684	0.00229	0.00799	0.00674	0.00558	0.01049
6	0.02280	0.01854	0.01859	0.01535	0.02017	0.06502	0.01228	0.34127	0.15438	0.03762	0.06602	0.03251	0.13802	0.01167	0.00806	0.00242	0.00735	0.00926	0.00747	0.01121
7	0.02021	0.61052	0.06493	0.01622	0.02319	0.02872	0.10025	0.02349	0.01612	0.01937	0.01156	0.01373	0.01019	0.00665	0.00563	0.00182	0.00906	0.00488	0.00340	0.01007
8	0.07481	0.01306	0.01729	0.01342	0.01916	0.01154	0.01105	0.03593	0.02169	0.61975	0.05815	0.02703	0.02100	0.00974	0.00769	0.00240	0.00643	0.00788	0.00929	0.01267
9	0.01835	0.01993	0.08809	0.04021	0.47820	0.01797	0.09819	0.02421	0.04418	0.02536	0.01702	0.02384	0.01450	0.00796	0.00803	0.00245	0.00961	0.04607	0.00417	0.01167
10	0.03006	0.01249	0.01677	0.01347	0.01861	0.01111	0.01101	0.05581	0.02206	0.53604	0.08453	0.07017	0.02652	0.01153	0.00818	0.00250	0.00634	0.04160	0.00918	0.01201
11	0.01086	0.00797	0.01024	0.01012	0.01197	0.00736	0.00776	0.01418	0.02057	0.02833	0.49370	0.09839	0.14151	0.01742	0.00937	0.00263	0.00415	0.08817	0.00814	0.00715
12	0.03317	0.01328	0.01786	0.01399	0.01973	0.01176	0.01160	0.06165	0.02250	0.61694	0.03076	0.02991	0.02054	0.01033	0.00798	0.00247	0.00671	0.04663	0.00937	0.01281
13	0.01773	0.02390	0.17636	0.06474	0.19836	0.01900	0.31210	0.02408	0.01738	0.02446	0.01476	0.01938	0.01136	0.00710	0.00890	0.00253	0.03549	0.00768	0.00372	0.01097
14	0.02947	0.02172	0.02327	0.01784	0.02404	0.02404	0.01474	0.65329	0.03646	0.04887	0.01862	0.01862	0.01319	0.00931	0.00776	0.00233	0.00853	0.00698	0.00776	0.01319
15	0.01134	0.00820	0.01149	0.01193	0.01307	0.00894	0.00913	0.01364	0.01343	0.01853	0.02664	0.07563	0.02776	0.18808	0.38988	0.00921	0.01452	0.13709	0.00501	0.00648
16	0.01096	0.00779	0.00978	0.04333	0.01312	0.00730	0.00744	0.01270	0.01592	0.04720	0.08746	0.37759	0.20434	0.10263	0.01290	0.00342	0.00502	0.01755	0.00691	0.00663
17	0.01804	0.05635	0.14434	0.03111	0.07980	0.01979	0.48443	0.02465	0.01784	0.02452	0.01511	0.01971	0.01141	0.00669	0.00859	0.00253	0.01235	0.00824	0.00379	0.01071
18	0.02579	0.03001	0.02072	0.01860	0.02238	0.48127	0.01421	0.08856	0.06344	0.02257	0.01488	0.01749	0.01232	0.01455	0.09122	0.00339	0.03876	0.00589	0.00460	0.00933
19	0.00999	0.00722	0.00950	0.01072	0.01166	0.00673	0.00758	0.01202	0.01668	0.02245	0.17472	0.50406	0.08523	0.02210	0.00977	0.00301	0.00451	0.06800	0.00747	0.00659
20	0.01811	0.02032	0.04295	0.03089	0.03819	0.01942	0.58040	0.02419	0.01779	0.02447	0.01525	0.02043	0.01165	0.00694	0.01001	0.00259	0.05667	0.00878	0.00392	0.04700
21	0.01097	0.00793	0.01036	0.00975	0.01158	0.00732	0.00732	0.01463	0.02195	0.03109	0.67505	0.05792	0.07316	0.01585	0.00914	0.00244	0.00366	0.01402	0.00854	0.00732
22	0.01830	0.02092	0.04575	0.03268	0.04052	0.01961	0.65098	0.02484	0.01830	0.02484	0.01569	0.02092	0.01176	0.00654	0.00915	0.00261	0.01307	0.00915	0.00392	0.01046
23	0.02941	0.02017	0.02214	0.01711	0.02309	0.02191	0.01407	0.55698	0.03399	0.12401	0.02090	0.04426	0.01524	0.00987	0.00784	0.00236	0.00816	0.00761	0.00796	0.01295
24	0.00945	0.00675	0.00900	0.01080	0.01125	0.00630	0.00720	0.01080	0.01484	0.01979	0.04274	0.72245	0.05128	0.02429	0.00990	0.00315	0.00450	0.02204	0.00720	0.00630
25	0.47583	0.01465	0.01434	0.01186	0.01716	0.01552	0.00978	0.05715	0.01753	0.27180	0.01836	0.01789	0.01254	0.00817	0.00602	0.00240	0.00633	0.00564	0.00668	0.01036
26	0.01638	0.01750	0.03569	0.02746	0.05659	0.01667	0.44589	0.02147	0.01722	0.02358	0.02088	0.16403	0.01979	0.01045	0.00980	0.00269	0.04018	0.01144	0.00459	0.03769
27	0.01627	0.01568	0.02426	0.02012	0.02182	0.01974	0.11133	0.04259	0.01388	0.02048	0.01397	0.02160	0.01305	0.04947	0.15378	0.00517	0.41682	0.00763	0.00384	0.00851
28	0.01986	0.61539	0.14976	0.01476	0.02221	0.02854	0.01586	0.02344	0.01586	0.01931	0.01131	0.01310	0.00993	0.00676	0.00538	0.00179	0.00883	0.00441	0.00331	0.01020
29	0.01464	0.01378	0.02326	0.70887	0.05340	0.01723	0.02153	0.01981	0.01550	0.01981	0.01378	0.02067	0.01034	0.00775	0.00775	0.00258	0.01034	0.00689	0.00345	0.00861
30	0.01919	0.01842	0.03147	0.04759	0.67914	0.01842	0.02380	0.02380	0.01765	0.02533	0.01458	0.01919	0.01228	0.00691	0.00768	0.00230	0.00921	0.00691	0.00384	0.01228
31	0.00945	0.00675	0.00900	0.01080	0.01125	0.00630	0.00720	0.01080	0.01484	0.01979	0.04274	0.72245	0.05128	0.02429	0.00990	0.00315	0.00450	0.02204	0.00720	0.00630
32	0.04739	0.01009	0.01041	0.00932	0.01213	0.01048	0.00728	0.12001	0.01961	0.06145	0.02391	0.02653	0.01834	0.00903	0.00587	0.00194	0.00462	0.00710	0.58600	0.00848
33	0.01103	0.00741	0.00853	0.00877	0.00883	0.00735	0.00504	0.01121	0.01176	0.01568	0.02691	0.14177	0.03132	0.63221	0.03546	0.00693	0.00711	0.01273	0.00504	0.00491
34	0.01602	0.03681	0.57697	0.02392	0.03476	0.01828	0.13570	0.02460	0.01670	0.02460	0.01422	0.01715	0.01016	0.00722	0.00767	0.00248	0.01174	0.00632	0.00339	0.01129
35	0.00942	0.00686	0.00888	0.01050	0.01117	0.00632	0.00707	0.01083	0.01513	0.01991	0.04633	0.65740	0.11401	0.02382	0.00982	0.00310	0.00444	0.02147	0.00720	0.00632
36	0.00968	0.00691	0.00926	0.01106	0.01161	0.00650	0.00760	0.01120	0.01507	0.02005	0.04261	0.67398	0.05077	0.02407	0.00996	0.00318	0.00470	0.06822	0.00719	0.00636
37	0.01685	0.14686	0.53578	0.01998	0.03007	0.01933	0.02480	0.02432	0.01643	0.04757	0.01510	0.04234	0.01173	0.00796	0.00710	0.00235	0.01052	0.00616	0.00366	0.01109
38	0.04952	0.00760	0.00747	0.00741	0.00928	0.00770	0.00553	0.01800	0.01591	0.02860	0.02459	0.02907	0.01970	0.03898	0.00681	0.00207	0.00389	0.00726	0.70343	0.00717
39	0.00945	0.00675	0.00900	0.01080	0.01125	0.00630	0.00720	0.01080	0.01484	0.01979	0.04274	0.72245	0.05128	0.02429	0.00990	0.00315	0.00450	0.02204	0.00720	0.00630
40	0.00945	0.00675	0.00900	0.01080	0.01125	0.00630	0.00720	0.01080	0.01484	0.01979	0.04274	0.72245	0.05128	0.02429	0.00990	0.00315	0.00450	0.02204	0.00720	0.00630
41	0.01739	0.19081	0.38471	0.02271	0.03220	0.02125	0.17787	0.02432	0.01671	0.02321	0.01365	0.01660	0.01033	0.00700	0.00727	0.00232	0.01114	0.00621	0.00344	0.01087
42	0.01778	0.01783	0.02594	0.29752	0.03675	0.08474	0.12516	0.04810	0.01674	0.02218	0.01413	0.01973	0.01129	0.00901	0.01166	0.00265	0.16585	0.00709	0.05680	0.00903
43	0.01256	0.01028	0.01490	0.01411	0.01519	0.01287	0.01123	0.01511	0.01246	0.01853	0.01846	0.02727	0.01726	0.04610	0.51691	0.00999	0.18111	0.00792	0.03044	0.00730
44	0.01948	0.01540	0.01837	0.08292	0.02312	0.01391	0.01167	0.15129	0.02049	0.05715	0.01548	0.01749	0.01204	0.00684	0.00645	0.00159	0.00682	0.00545	0.00534	0.50870
45	0.08079	0.32775	0.21901	0.01780	0.04847	0.11993	0.01784	0.02520	0.01691	0.04471	0.01267	0.01452	0.01020	0.00719	0.00613	0.00204	0.00980	0.00495	0.00375	0.01032
46	0.03235	0.01670	0.08734	0.01500	0.02158	0.01317	0.01346	0.08972	0.02283	0.56154	0.02784	0.02469	0.01771	0.00934	0.00775	0.00240	0.00727	0.00751	0.00879	0.01302
47	0.01186	0.00805	0.00988	0.00998	0.01189	0.00727	0.00738	0.01421	0.01809	0.06875	0.21974	0.21474	0.23766	0.06357	0.01125	0.00306	0.00464	0.06334	0.00756	0.00708
48	0.02263	0.01147	0.01533	0.03912	0.04194	0.01081	0.01067	0.02695	0.07071	0.32156	0.11738	0.11684	0.05813	0.05940	0.01045	0.00291	0.00614	0.03922	0.00808	0.01026
49	0.02550	0.04557	0.02127	0.01636	0.02192	0.04817	0.01329	0.37333	0.16190	0.07361	0.02203	0.05026	0.01690	0.00980	0.00760	0.00231	0.00778	0.00767	0.00731	0.06743
50	0.01142	0.00743	0.01000	0.01142	0.01239	0.00695	0.00812	0.01315	0.01568	0.06194	0.04176	0.59921	0.04843	0.02301	0.00987	0.00315	0.00496	0.09693	0.00734	0.00684
51	0.75022	0.01604	0.03965	0.01069	0.01577	0.01742	0.00924	0.02287	0.01333	0.03436	0.01093	0.01275	0.00846	0.00720	0.00491	0.00240	0.00623	0.00426	0.00473	0.00853
52	0.01996	0.43784	0.19089	0.01760	0.05369	0.07657	0.01747	0.02527	0.05722	0.02101	0.01309	0.01483	0.01089	0.00717	0.00600	0.00196	0.00938	0.00500	0.00367	0.01049
53	0.07846	0.30219	0.08996	0.01447	0.01940	0.07095	0.01335	0.02279	0.07723	0.02190	0.01970	0.16117	0.01965	0.01122	0.00771	0.00231	0.04489	0.00863	0.00472	0.00929
54	0.00964	0.00701	0.00898	0.01047	0.01120	0.00650	0.00712	0.01107	0.01510	0.01980	0.04579	0.58508	0.12178	0.06229	0.01147	0.00334	0.00471	0.04533	0.00706	0.00627
55	0.01051	0.00780	0.00936	0.00908	0.01077	0.00712	0.00651	0.01305	0.01885	0.02545	0.39275	0.08211	0.22111	0.13502	0.01420	0.00335	0.00439	0.01443	0.00751	0.00665
56	0.01108	0.00831	0.01246	0.01246	0.01385	0.00969	0.00969	0.01385	0.01246	0.01800	0.02077	0.03046	0.01938	0.05815	0.69678	0.01246	0.02077	0.00831	0.00415	0.00692
57	0.52166	0.01437	0.01370	0.01145	0.01667	0.01530	0.00944	0.02802	0.01633	0.26132	0.01770	0.01741	0.01216	0.00803	0.00584	0.00240	0.00621	0.00545	0.00647	0.01007
58	0.01112	0.00933	0.00986	0.00960	0.01239	0.00878	0.00735	0.01654	0.12282	0.02385	0.12507	0.06624	0.48601	0.01789	0.00902	0.00265	0.00440	0.04206	0.00743	0.00757
59	0.01517	0.00792	0.00800	0.00774	0.00975	0.00803	0.00587	0.04854	0.01723	0.02986	0.02497	0.02841	0.01955	0.00905	0.00553	0.00183	0.00385	0.00721	0.73396	0.00751
60	0.01570	0.03905	0.65207	0.02268	0.03394	0.01809	0.06285	0.02457	0.01648	0.02457	0.01401	0.01662	0.00993	0.00732	0.00746	0.00246	0.01155	0.00592	0.00331	0.01140
61	0.03458	0.01353	0.01820	0.01396	0.01996	0.01190	0.01153	0.06231	0.02276	0.65919	0.03011	0.02608	0.01895	0.00959	0.00780	0.00240	0.00667	0.00776	0.00952	0.01320
62	0.00966	0.00793	0.00855	0.00854	0.01097	0.00681	0.00650	0.01201	0.01843	0.02283	0.18016	0.07242	0.53653	0.01908	0.00925	0.00264	0.00406	0.04951	0.00743	0.00671
63	0.02046	0.69581	0.07461	0.01373	0.02062	0.03001	0.01408	0.02329	0.01579	0.01857	0.01094	0.01264	0.00994	0.00667	0.00510	0.00170	0.00846	0.00423	0.00331	0.01003
64	0.58104	0.01579	0.04509	0.01161	0.01670	0.01644	0.01003	0.04560	0.01518	0.11232	0.01423	0.01577	0.01062	0.01077	0.04882	0.00303	0.00735	0.00506	0.00537	0.00919
65	0.01555	0.04011	0.68733	0.02210	0.03356	0.01801	0.02865	0.02455	0.01637	0.02455	0.01391	0.01637	0.00982	0.00737	0.00737	0.00246	0.01146	0.00573	0.00327	0.01146
66	0.01919	0.01842	0.03147	0.04759	0.67914	0.01842	0.02380	0.02380	0.01765	0.02533	0.01458	0.01919	0.01228	0.00691	0.00768	0.00230	0.00921	0.00691	0.00384	0.01228
67	0.02073	0.73217	0.04063	0.01327	0.01990	0.03068	0.01327	0.02322	0.01575	0.01824	0.01078	0.01244	0.00995	0.00663	0.00498	0.00166	0.00829	0.00415	0.00332	0.00995
68	0.01608	0.01378	0.01608	0.01148	0.01837	0.01034	0.00919	0.01952	0.01608	0.02527	0.01378	0.01608	0.01148	0.00574	0.00574	0.00115	0.00574	0.00459	0.00459	0.77491
69	0.01744	0.02164	0.11533	0.02651	0.03276	0.01964	0.36286	0.02281	0.01628	0.02331	0.01394	0.01897	0.01111	0.00831	0.01269	0.00266	0.18607	0.00776	0.00377	0.07614
70	0.01445	0.00723	0.00723	0.00723	0.00903	0.00723	0.00542	0.01807	0.01626	0.02891	0.02529	0.02891	0.01987	0.00903	0.00542	0.00181	0.00361	0.00723	0.77055	0.00723
71	0.00945	0.00675	0.00900	0.01080	0.01125	0.00630	0.00720	0.01080	0.01484	0.01979	0.04274	0.72245	0.05128	0.02429	0.00990	0.00315	0.00450	0.02204	0.00720	0.00630
72	0.01155	0.00842	0.01131	0.01287	0.01454	0.00818	0.01076	0.01454	0.01732	0.02234	0.04610	0.19376	0.12589	0.02168	0.01038	0.00338	0.00628	0.44664	0.00716	0.00692
73	0.01010	0.00760	0.00993	0.01086	0.01172	0.00742	0.00762	0.01195	0.01624	0.02193	0.16156	0.50801	0.10509	0.02177	0.01051	0.00299	0.04154	0.01928	0.00725	0.00662
74	0.02093	0.01257	0.01486	0.01283	0.01694	0.01263	0.01010	0.03051	0.24548	0.23069	0.17107	0.04044	0.12228	0.01260	0.00830	0.00252	0.00546	0.01060	0.00845	0.01074
75	0.01128	0.00752	0.00846	0.00846	0.00846	0.00752	0.00470	0.01128	0.01128	0.01503	0.02443	0.05074	0.02819	0.72751	0.03946	0.00752	0.00752	0.01128	0.00470	0.00470
76	0.01667	0.01645	0.02328	0.09272	0.02374	0.02232	0.01702	0.01883	0.01249	0.01914	0.01076	0.01731	0.01027	0.01252	0.02249	0.00318	0.60005	0.00668	0.00346	0.05062
77	0.00933	0.00773	0.00818	0.00835	0.01065	0.00657	0.00616	0.01135	0.01766	0.02158	0.11939	0.15098	0.55552	0.01991	0.00925	0.00267	0.00398	0.01687	0.00730	0.00657
78	0.01064	0.00791	0.00990	0.00940	0.01138	0.00717	0.00705	0.01398	0.02115	0.02920	0.56386	0.06103	0.18552	0.01656	0.00915	0.00247	0.00371	0.01446	0.00829	0.00717
79	0.01558	0.03725	0.60807	0.02253	0.03328	0.01778	0.07711	0.02413	0.01636	0.02430	0.01434	0.01732	0.01038	0.00944	0.03660	0.00289	0.01198	0.00611	0.00336	0.01119
80	0.05528	0.01069	0.01253	0.01196	0.01440	0.01086	0.00891	0.11641	0.05590	0.06024	0.17486	0.33428	0.06793	0.01756	0.00889	0.00274	0.00520	0.01537	0.00760	0.00838
81	0.01205	0.00740	0.00994	0.01101	0.01202	0.00683	0.00758	0.01346	0.01562	0.08275	0.06364	0.60567	0.04761	0.02270	0.01045	0.03249	0.00475	0.01982	0.00733	0.00687
82	0.05521	0.01267	0.01657	0.01325	0.01845	0.01138	0.01088	0.05675	0.02192	0.48622	0.11285	0.03313	0.02687	0.01091	0.00797	0.00243	0.00628	0.04719	0.00888	0.04018
83	0.06520	0.01856	0.05418	0.19862	0.11593	0.01849	0.29844	0.02277	0.01671	0.02396	0.01435	0.01956	0.01110	0.00728	0.00900	0.00253	0.04791	0.00758	0.00383	0.04400
84	0.01108	0.00933	0.01198	0.01245	0.01372	0.04345	0.04795	0.01292	0.01589	0.02061	0.06807	0.57754	0.08189	0.02171	0.00963	0.00300	0.00547	0.01969	0.00688	0.00676
85	0.01141	0.00806	0.00997	0.00989	0.01020	0.00862	0.00637	0.01212	0.01168	0.01599	0.02371	0.06901	0.02638	0.53007	0.17744	0.00824	0.04001	0.01084	0.00462	0.00539

[dist]
# distance from previous block
# <min> <max>
1	4

[block]
# block no. 3 follows, 25 sequences, length 28
# corresponding to MSA columns:
# 212-239
name=unknown_D
#
# <colnr> <probs for GDERKNQSTAVLIFYWHMCP>
#	G	D	E	R	K	N	Q	S	T	A	V	L	I	F	Y	W	H	M	C	P
0	0.71269	0.08053	0.01407	0.01048	0.01544	0.01861	0.00884	0.02283	0.01343	0.03328	0.01079	0.01258	0.00854	0.00715	0.00481	0.00233	0.00621	0.00419	0.00466	0.00854
1	0.01647	0.01274	0.01506	0.01197	0.01727	0.01060	0.00929	0.04812	0.05059	0.06275	0.02209	0.16924	0.02118	0.01035	0.00695	0.00178	0.00567	0.00885	0.00575	0.49328
2	0.01189	0.00858	0.01056	0.01105	0.01232	0.00840	0.00770	0.07823	0.01777	0.02385	0.12083	0.47307	0.07254	0.08995	0.01243	0.00338	0.00508	0.01817	0.00718	0.00700
3	0.03073	0.06591	0.05656	0.01485	0.02106	0.01524	0.01292	0.10526	0.08261	0.47068	0.02705	0.02424	0.01778	0.00932	0.00758	0.00236	0.00715	0.00743	0.00845	0.01279
4	0.12329	0.02309	0.02102	0.01706	0.02253	0.14127	0.01375	0.40781	0.08885	0.04031	0.01765	0.01799	0.01298	0.00892	0.00726	0.00231	0.00895	0.00644	0.00673	0.01176
5	0.01546	0.05672	0.06877	0.01148	0.01394	0.01211	0.00900	0.09222	0.01558	0.05029	0.02209	0.03940	0.02282	0.46587	0.06764	0.00617	0.00874	0.00953	0.00505	0.00712
6	0.03126	0.01280	0.01689	0.01321	0.01860	0.01144	0.01082	0.06642	0.02245	0.55471	0.07435	0.02838	0.02269	0.00997	0.00770	0.00235	0.00626	0.00814	0.06927	0.01232
7	0.32352	0.01944	0.06484	0.01837	0.08621	0.02041	0.01434	0.22553	0.02120	0.03583	0.01383	0.01595	0.01063	0.00859	0.00858	0.00248	0.08854	0.00577	0.00539	0.01055
8	0.02008	0.64498	0.12210	0.01438	0.02162	0.02908	0.01520	0.02339	0.01583	0.01904	0.01117	0.01293	0.00993	0.00673	0.00528	0.00176	0.00869	0.00435	0.00331	0.01014
9	0.00956	0.00704	0.00897	0.01024	0.01116	0.00644	0.00701	0.01125	0.01602	0.02115	0.11451	0.55506	0.14773	0.02270	0.00971	0.00299	0.00432	0.02034	0.00734	0.00644
10	0.01128	0.00752	0.00846	0.00846	0.00846	0.00752	0.00470	0.01128	0.01128	0.01503	0.02443	0.05074	0.02819	0.72751	0.03946	0.00752	0.00752	0.01128	0.00470	0.00470
11	0.04801	0.25579	0.43139	0.01869	0.02816	0.02220	0.02247	0.04877	0.01684	0.02393	0.01299	0.01507	0.00994	0.00721	0.00653	0.00220	0.01013	0.00522	0.00352	0.01093
12	0.01084	0.00946	0.00914	0.00902	0.01118	0.04683	0.00652	0.01276	0.01755	0.02138	0.14642	0.09471	0.44448	0.11015	0.01298	0.00321	0.00496	0.01498	0.00687	0.00654
13	0.00954	0.00699	0.00887	0.01023	0.01104	0.00643	0.00692	0.01103	0.01543	0.02028	0.07555	0.57298	0.14173	0.05044	0.01090	0.00321	0.00449	0.02045	0.00716	0.00632
14	0.46656	0.02148	0.16364	0.01413	0.02067	0.01822	0.01397	0.11629	0.01773	0.06502	0.01356	0.01496	0.00992	0.00766	0.00594	0.00240	0.00761	0.00512	0.00512	0.01000
15	0.01563	0.01025	0.01229	0.10874	0.01810	0.01048	0.00920	0.06493	0.01739	0.02791	0.02121	0.02519	0.01677	0.01124	0.04613	0.00248	0.00624	0.00684	0.44841	0.12059
16	0.01108	0.00831	0.01246	0.01246	0.01385	0.00969	0.00969	0.01385	0.01246	0.01800	0.02077	0.03046	0.01938	0.05815	0.69678	0.01246	0.02077	0.00831	0.00415	0.00692
17	0.01128	0.00752	0.00846	0.00846	0.00846	0.00752	0.00470	0.01128	0.01128	0.01503	0.02443	0.05074	0.02819	0.72751	0.03946	0.00752	0.00752	0.01128	0.00470	0.00470
18	0.01608	0.01378	0.01608	0.01148	0.01837	0.01034	0.00919	0.01952	0.01608	0.02527	0.01378	0.01608	0.01148	0.00574	0.00574	0.00115	0.00574	0.00459	0.00459	0.77491
19	0.00932	0.00765	0.00822	0.00852	0.01068	0.00654	0.00622	0.01127	0.01739	0.02132	0.10644	0.19579	0.52319	0.02029	0.00930	0.00271	0.00402	0.01730	0.00728	0.00654
20	0.01696	0.01696	0.02375	0.02036	0.02036	0.02375	0.01696	0.01866	0.01187	0.01866	0.01018	0.01696	0.01018	0.01357	0.02545	0.00339	0.71332	0.00679	0.00339	0.00848
21	0.01126	0.00758	0.00879	0.00879	0.00891	0.00770	0.00511	0.01149	0.01137	0.01528	0.02413	0.04905	0.02746	0.67179	0.09418	0.00793	0.00862	0.01103	0.00465	0.00488
22	0.01929	0.01666	0.01753	0.01578	0.02016	0.01929	0.01227	0.04120	0.66513	0.03243	0.03156	0.02893	0.02367	0.01052	0.00789	0.00263	0.00614	0.00877	0.00789	0.01227
23	0.01696	0.01696	0.02375	0.02036	0.02036	0.02375	0.01696	0.01866	0.01187	0.01866	0.01018	0.01696	0.01018	0.01357	0.02545	0.00339	0.71332	0.00679	0.00339	0.00848
24	0.05869	0.01461	0.01788	0.01390	0.01971	0.01332	0.04632	0.06857	0.11531	0.09934	0.02083	0.07494	0.01725	0.00870	0.00690	0.00189	0.00642	0.00734	0.00603	0.38207
25	0.02011	0.01855	0.02947	0.04205	0.56087	0.01900	0.02194	0.08126	0.07840	0.02807	0.01649	0.02003	0.01340	0.00745	0.00770	0.00233	0.00887	0.00708	0.00456	0.01236
26	0.25434	0.18810	0.05722	0.01434	0.02025	0.08881	0.01277	0.13650	0.02015	0.11971	0.01514	0.01583	0.01131	0.00785	0.00612	0.00217	0.00814	0.00532	0.00546	0.01047
27	0.12078	0.23418	0.32635	0.01821	0.02681	0.02132	0.06374	0.02472	0.01624	0.06247	0.01368	0.01563	0.01035	0.00720	0.00648	0.00222	0.00964	0.00542	0.00390	0.01064

[dist]
# distance from previous block
# <min> <max>
0	7

[block]
# block no. 4 follows, 25 sequences, length 81
# corresponding to MSA columns:
# 247-327
name=unknown_E
#
# <colnr> <probs for GDERKNQSTAVLIFYWHMCP>
#	G	D	E	R	K	N	Q	S	T	A	V	L	I	F	Y	W	H	M	C	P
0	0.05200	0.57653	0.15649	0.01474	0.02217	0.02782	0.01585	0.02344	0.01576	0.02008	0.01135	0.01316	0.00986	0.00679	0.00540	0.00183	0.00877	0.00443	0.00337	0.01016
1	0.01854	0.04588	0.01439	0.01167	0.01508	0.01089	0.00921	0.02366	0.09531	0.20083	0.25468	0.07355	0.11084	0.04350	0.00979	0.00272	0.00532	0.03676	0.00807	0.00934
2	0.05308	0.37959	0.05212	0.01573	0.02123	0.17727	0.01411	0.05389	0.04423	0.02156	0.01243	0.01437	0.01068	0.00777	0.00737	0.00198	0.06445	0.00493	0.00397	0.03927
3	0.01042	0.00794	0.00960	0.00930	0.01140	0.00712	0.00705	0.01349	0.02031	0.02728	0.44331	0.06492	0.27823	0.01739	0.00922	0.00255	0.00390	0.04150	0.00802	0.00704
4	0.01930	0.01817	0.03024	0.13288	0.36686	0.01867	0.11534	0.08705	0.05097	0.02718	0.01583	0.01994	0.01254	0.00734	0.00784	0.00236	0.00957	0.00723	0.00442	0.04628
5	0.01482	0.01396	0.02357	0.68332	0.07758	0.01727	0.02162	0.01996	0.01559	0.02002	0.01381	0.02061	0.01041	0.00772	0.00775	0.00257	0.01029	0.00689	0.00346	0.00876
6	0.08187	0.40942	0.25797	0.01629	0.02432	0.05195	0.01818	0.02395	0.01600	0.02178	0.01190	0.01385	0.00978	0.00698	0.00586	0.00200	0.00941	0.00472	0.00345	0.01030
7	0.01980	0.53140	0.19998	0.01574	0.02345	0.05570	0.01715	0.02388	0.01617	0.01984	0.01161	0.01348	0.00992	0.00687	0.00565	0.00187	0.00932	0.00457	0.00333	0.01028
8	0.00945	0.00675	0.00900	0.01080	0.01125	0.00630	0.00720	0.01080	0.01484	0.01979	0.04274	0.72245	0.05128	0.02429	0.00990	0.00315	0.00450	0.02204	0.00720	0.00630
9	0.02989	0.02105	0.02285	0.01752	0.02371	0.02305	0.01447	0.60468	0.03533	0.09906	0.01956	0.01923	0.01366	0.00933	0.00776	0.00233	0.00838	0.00705	0.00790	0.01319
10	0.01551	0.01583	0.05224	0.55509	0.14566	0.01753	0.04739	0.02080	0.01597	0.02103	0.01398	0.02029	0.01066	0.00756	0.00778	0.00254	0.01032	0.00694	0.00352	0.00935
