[name]
unknown

[dist]
# distance from previous block
# <min> <max>
0	12

[block]
# block no. 0 follows, 25 sequences, length 12
# corresponding to MSA columns:
# 28-39
name=unknown_A
#
# <colnr> <probs for GDERKNQSTAVLIFYWHMCP>
#	G	D	E	R	K	N	Q	S	T	A	V	L	I	F	Y	W	H	M	C	P
0	0.02076	0.01029	0.01355	0.01236	0.01568	0.00943	0.00965	0.02433	0.05182	0.29383	0.10683	0.23261	0.07142	0.01614	0.00890	0.00275	0.00559	0.07608	0.00835	0.00963
1	0.17082	0.01337	0.01722	0.01673	0.08015	0.01353	0.05918	0.06371	0.06068	0.10762	0.07116	0.17465	0.07005	0.01275	0.00785	0.00255	0.00647	0.01101	0.00653	0.03397
2	0.16031	0.01234	0.01412	0.01146	0.01633	0.01135	0.00919	0.02468	0.03837	0.22561	0.15118	0.03141	0.07567	0.01031	0.00717	0.00216	0.00552	0.00831	0.00719	0.17733
3	0.06307	0.01100	0.01306	0.01194	0.01425	0.01157	0.00909	0.10731	0.01846	0.07252	0.08985	0.15383	0.10892	0.05454	0.01427	0.10740	0.05944	0.02678	0.04492	0.00778
4	0.06758	0.01971	0.02191	0.35121	0.03738	0.13447	0.01750	0.15933	0.06721	0.02772	0.01560	0.01919	0.01172	0.00829	0.00745	0.00242	0.01001	0.00656	0.00486	0.00991
5	0.01660	0.01373	0.01607	0.01210	0.01816	0.01133	0.00961	0.07864	0.01771	0.02669	0.01658	0.06394	0.01476	0.01052	0.04851	0.00208	0.00684	0.00620	0.00504	0.60489
6	0.01471	0.01333	0.02125	0.45075	0.04057	0.01525	0.05074	0.02031	0.06472	0.02131	0.01842	0.09848	0.01617	0.01027	0.00874	0.03198	0.00894	0.00860	0.00433	0.08112
7	0.01325	0.00926	0.01071	0.01052	0.01153	0.00945	0.00690	0.10113	0.01594	0.02129	0.02943	0.25979	0.03343	0.40325	0.02562	0.00540	0.00670	0.01410	0.00592	0.00640
8	0.05102	0.01282	0.01513	0.01315	0.01643	0.01360	0.01022	0.09402	0.13355	0.15231	0.15139	0.08794	0.06472	0.08073	0.01251	0.00307	0.05957	0.01066	0.00746	0.00971
9	0.02209	0.10453	0.12048	0.04504	0.05303	0.18024	0.06281	0.13032	0.07002	0.02690	0.04515	0.01923	0.01465	0.00878	0.00873	0.00233	0.06370	0.00661	0.00486	0.01050
10	0.01204	0.00900	0.01192	0.10675	0.01744	0.00938	0.00923	0.06065	0.01585	0.02104	0.03327	0.43822	0.03815	0.16189	0.01537	0.00389	0.00621	0.01666	0.00622	0.00682
11	0.01446	0.01000	0.01301	0.09897	0.01819	0.00992	0.00954	0.06067	0.01691	0.07237	0.06136	0.27232	0.07518	0.12664	0.01420	0.03090	0.00625	0.01362	0.00627	0.06921

[dist]
# distance from previous block
# <min> <max>
13	29

[block]
# block no. 1 follows, 25 sequences, length 86
# corresponding to MSA columns:
# 71-118,147-184
name=unknown_B
#
# <colnr> <probs for GDERKNQSTAVLIFYWHMCP>
#	G	D	E	R	K	N	Q	S	T	A	V	L	I	F	Y	W	H	M	C	P
0	0.02644	0.19047	0.02690	0.01630	0.02266	0.02466	0.01399	0.45835	0.03008	0.03990	0.01641	0.01696	0.01229	0.00842	0.00695	0.00208	0.00828	0.00614	0.00647	0.06624
1	0.02640	0.07337	0.02246	0.01653	0.02191	0.05353	0.01353	0.47011	0.03088	0.06540	0.02130	0.10954	0.01796	0.01100	0.00779	0.00237	0.00818	0.00866	0.00724	0.01185
2	0.02188	0.37142	0.06639	0.01444	0.02037	0.10728	0.01330	0.07147	0.01896	0.07454	0.06365	0.01935	0.01636	0.03226	0.00732	0.00208	0.00853	0.00585	0.00475	0.05983
3	0.01332	0.00989	0.01309	0.01262	0.01453	0.01095	0.00967	0.10283	0.01639	0.02264	0.02653	0.14437	0.05071	0.06681	0.43774	0.00895	0.01526	0.01079	0.00530	0.00761
4	0.07775	0.01800	0.02063	0.12931	0.02680	0.02018	0.01448	0.33639	0.13622	0.08306	0.04462	0.02226	0.01679	0.00937	0.00763	0.00243	0.00793	0.00739	0.00702	0.01173
5	0.02780	0.13492	0.02460	0.01903	0.02340	0.60258	0.01474	0.02987	0.02110	0.01887	0.01182	0.01376	0.00998	0.00780	0.00671	0.00195	0.01318	0.00487	0.00390	0.00912
6	0.01830	0.02092	0.04575	0.03268	0.04052	0.01961	0.65098	0.02484	0.01830	0.02484	0.01569	0.02092	0.01176	0.00654	0.00915	0.00261	0.01307	0.00915	0.00392	0.01046
7	0.02987	0.02108	0.02287	0.01754	0.02373	0.02310	0.01449	0.60720	0.03539	0.09646	0.01951	0.01920	0.01364	0.00933	0.00776	0.00233	0.00839	0.00704	0.00789	0.01319
8	0.01464	0.01378	0.02326	0.70887	0.05340	0.01723	0.02153	0.01981	0.01550	0.01981	0.01378	0.02067	0.01034	0.00775	0.00775	0.00258	0.01034	0.00689	0.00345	0.00861
9	0.74005	0.01489	0.01177	0.01040	0.01527	0.01706	0.00857	0.02364	0.01370	0.07149	0.01191	0.01337	0.00901	0.00733	0.00497	0.00240	0.00603	0.00440	0.00507	0.00867
10	0.73975	0.01537	0.01207	0.01063	0.01551	0.01777	0.00876	0.05841	0.01451	0.03558	0.01124	0.01294	0.00867	0.00732	0.00497	0.00240	0.00614	0.00436	0.00497	0.00867
11	0.00952	0.00680	0.00906	0.01075	0.01126	0.00635	0.00720	0.01098	0.01518	0.02033	0.07261	0.69105	0.05232	0.02389	0.00986	0.00312	0.00446	0.02166	0.00726	0.00635
12	0.01608	0.01378	0.01608	0.01148	0.01837	0.01034	0.00919	0.01952	0.01608	0.02527	0.01378	0.01608	0.01148	0.00574	0.00574	0.00115	0.00574	0.00459	0.00459	0.77491
13	0.01464	0.01378	0.02326	0.70887	0.05340	0.01723	0.02153	0.01981	0.01550	0.01981	0.01378	0.02067	0.01034	0.00775	0.00775	0.00258	0.01034	0.00689	0.00345	0.00861
14	0.01128	0.00752	0.00846	0.00846	0.00846	0.00752	0.00470	0.01128	0.01128	0.01503	0.02443	0.05074	0.02819	0.72751	0.03946	0.00752	0.00752	0.01128	0.00470	0.00470
15	0.01165	0.00845	0.01072	0.01047	0.01085	0.00934	0.00701	0.01255	0.01165	0.01613	0.02234	0.04254	0.02438	0.48701	0.22209	0.00859	0.06407	0.01011	0.00445	0.00560
16	0.02864	0.02091	0.02237	0.01725	0.02321	0.02311	0.01422	0.61781	0.03533	0.04775	0.01899	0.01919	0.01356	0.00929	0.00763	0.00230	0.00826	0.00699	0.05036	0.01285
17	0.01726	0.25264	0.30255	0.01921	0.02779	0.02102	0.10973	0.02304	0.01650	0.02245	0.01682	0.01904	0.04789	0.00759	0.00684	0.00214	0.00983	0.00623	0.00370	0.06773
18	0.01527	0.17106	0.04751	0.04028	0.06748	0.01619	0.01201	0.02208	0.14267	0.02494	0.16222	0.10879	0.11386	0.01285	0.00783	0.00240	0.00626	0.01085	0.00620	0.00924
19	0.00944	0.00679	0.00895	0.01069	0.01122	0.00631	0.00715	0.01081	0.01495	0.01984	0.04406	0.69855	0.07433	0.02412	0.00987	0.00313	0.00448	0.02183	0.00720	0.00631
20	0.01608	0.01378	0.01608	0.01148	0.01837	0.01034	0.00919	0.01952	0.01608	0.02527	0.01378	0.01608	0.01148	0.00574	0.00574	0.00115	0.00574	0.00459	0.00459	0.77491
21	0.02392	0.01814	0.02037	0.01588	0.02144	0.01913	0.01294	0.35841	0.07106	0.06204	0.01905	0.04627	0.01496	0.00942	0.00867	0.00217	0.06022	0.00711	0.00670	0.20210
22	0.02495	0.01909	0.02202	0.10663	0.02648	0.02175	0.01511	0.44949	0.06605	0.04036	0.01848	0.02016	0.01368	0.01130	0.03505	0.00281	0.05480	0.00712	0.03286	0.01180
23	0.01899	0.01942	0.05700	0.04552	0.60724	0.01850	0.07094	0.02390	0.01766	0.02527	0.01464	0.01921	0.01215	0.00690	0.00777	0.00233	0.00958	0.00703	0.00382	0.01211
24	0.69408	0.09805	0.01478	0.01055	0.01556	0.01893	0.00896	0.02284	0.01349	0.03287	0.01079	0.01258	0.00858	0.00713	0.00482	0.00231	0.00626	0.00419	0.00463	0.00858
25	0.55261	0.10512	0.01697	0.01220	0.01723	0.09549	0.01017	0.06793	0.01612	0.03199	0.01148	0.01315	0.00910	0.00737	0.00527	0.00226	0.00735	0.00448	0.00474	0.00899
26	0.01096	0.00836	0.00994	0.00955	0.01176	0.00763	0.00724	0.03513	0.02053	0.02742	0.39658	0.08763	0.28294	0.01747	0.00919	0.00256	0.00407	0.03590	0.00794	0.00720
27	0.01033	0.00782	0.00953	0.00928	0.01124	0.00702	0.00689	0.01333	0.02018	0.02730	0.45463	0.11253	0.24643	0.01758	0.00921	0.00254	0.00380	0.01530	0.00805	0.00702
28	0.01464	0.01378	0.02326	0.70887	0.05340	0.01723	0.02153	0.01981	0.01550	0.01981	0.01378	0.02067	0.01034	0.00775	0.00775	0.00258	0.01034	0.00689	0.00345	0.00861
29	0.01087	0.00785	0.01028	0.00982	0.01156	0.00725	0.00731	0.01438	0.02149	0.03036	0.63389	0.10117	0.07174	0.01640	0.00919	0.00248	0.00371	0.01454	0.00845	0.00725
30	0.01766	0.02129	0.10150	0.03280	0.15962	0.01831	0.42374	0.02385	0.01827	0.02537	0.06468	0.02292	0.01628	0.00738	0.00870	0.00253	0.01148	0.00876	0.00419	0.01067
31	0.72654	0.06748	0.01354	0.01042	0.01535	0.01837	0.00875	0.02282	0.01338	0.03358	0.01079	0.01258	0.00851	0.00716	0.00481	0.00234	0.00617	0.00419	0.00469	0.00851
32	0.02216	0.61606	0.03779	0.01401	0.02058	0.02960	0.01351	0.12619	0.01914	0.02325	0.01206	0.01345	0.01048	0.00707	0.00543	0.00177	0.00833	0.00461	0.00404	0.01048
33	0.01555	0.04011	0.68733	0.02210	0.03356	0.01801	0.02865	0.02455	0.01637	0.02455	0.01391	0.01637	0.00982	0.00737	0.00737	0.00246	0.01146	0.00573	0.00327	0.01146
34	0.01126	0.00754	0.00858	0.00854	0.00866	0.00750	0.00487	0.01149	0.01197	0.01608	0.06678	0.05121	0.03112	0.68119	0.03749	0.00719	0.00727	0.01145	0.00495	0.00487
35	0.01347	0.00673	0.01010	0.01010	0.01010	0.00673	0.00673	0.01010	0.01010	0.01347	0.01347	0.02357	0.01347	0.02694	0.03030	0.77441	0.00673	0.00673	0.00337	0.00337
36	0.01696	0.01696	0.02375	0.02036	0.02036	0.02375	0.01696	0.01866	0.01187	0.01866	0.01018	0.01696	0.01018	0.01357	0.02545	0.00339	0.71332	0.00679	0.00339	0.00848
37	0.01231	0.00886	0.01224	0.01392	0.01575	0.00879	0.01213	0.01579	0.01784	0.02308	0.04315	0.08674	0.07989	0.02132	0.01062	0.00352	0.00696	0.59285	0.00714	0.00711
38	0.02135	0.01560	0.01721	0.01512	0.01962	0.01733	0.01185	0.03916	0.52413	0.13893	0.06734	0.03013	0.02570	0.01067	0.00794	0.00258	0.00607	0.00890	0.00820	0.01215
39	0.01866	0.01789	0.03052	0.12417	0.60667	0.01828	0.02353	0.02333	0.01741	0.02469	0.01449	0.01936	0.01206	0.00701	0.00768	0.00234	0.00934	0.00691	0.00379	0.01186
40	0.01097	0.00793	0.01036	0.00975	0.01158	0.00732	0.00732	0.01463	0.02195	0.03109	0.67505	0.05792	0.07316	0.01585	0.00914	0.00244	0.00366	0.01402	0.00854	0.00732
41	0.00945	0.00675	0.00900	0.01080	0.01125	0.00630	0.00720	0.01080	0.01484	0.01979	0.04274	0.72245	0.05128	0.02429	0.00990	0.00315	0.00450	0.02204	0.00720	0.00630
42	0.01464	0.01378	0.02326	0.70887	0.05340	0.01723	0.02153	0.01981	0.01550	0.01981	0.01378	0.02067	0.01034	0.00775	0.00775	0.00258	0.01034	0.00689	0.00345	0.00861
43	0.00945	0.00675	0.00900	0.01080	0.01125	0.00630	0.00720	0.01080	0.01484	0.01979	0.04274	0.72245	0.05128	0.02429	0.00990	0.00315	0.00450	0.02204	0.00720	0.00630
44	0.05185	0.01880	0.02481	0.13679	0.22408	0.02064	0.01810	0.29094	0.07664	0.03533	0.01737	0.01971	0.01311	0.00836	0.00763	0.00239	0.00874	0.00698	0.00579	0.01193
45	0.01738	0.01393	0.01670	0.01432	0.01859	0.01454	0.04974	0.03017	0.34836	0.07539	0.11555	0.03864	0.13810	0.01208	0.00818	0.00249	0.00590	0.01036	0.00750	0.06209
46	0.02362	0.18328	0.11333	0.02003	0.05488	0.31701	0.01702	0.06145	0.01934	0.02148	0.01226	0.01481	0.01027	0.00829	0.00882	0.00218	0.09289	0.00532	0.00389	0.00985
47	0.02073	0.73217	0.04063	0.01327	0.01990	0.03068	0.01327	0.02322	0.01575	0.01824	0.01078	0.01244	0.00995	0.00663	0.00498	0.00166	0.00829	0.00415	0.00332	0.00995
48	0.01464	0.01378	0.02326	0.70887	0.05340	0.01723	0.02153	0.01981	0.01550	0.01981	0.01378	0.02067	0.01034	0.00775	0.00775	0.00258	0.01034	0.00689	0.00345	0.00861
49	0.01050	0.00784	0.00975	0.00940	0.01132	0.00709	0.00700	0.01366	0.02062	0.02827	0.51064	0.09906	0.20198	0.01714	0.00919	0.00252	0.00376	0.01498	0.00817	0.00709
50	0.01585	0.03805	0.61860	0.02323	0.03430	0.01818	0.09532	0.02459	0.01658	0.02459	0.01410	0.01686	0.01003	0.00728	0.00756	0.00247	0.01163	0.00610	0.00334	0.01135
51	0.00945	0.00675	0.00900	0.01080	0.01125	0.00630	0.00720	0.01080	0.01484	0.01979	0.04274	0.72245	0.05128	0.02429	0.00990	0.00315	0.00450	0.02204	0.00720	0.00630
52	0.01128	0.00752	0.00846	0.00846	0.00846	0.00752	0.00470	0.01128	0.01128	0.01503	0.02443	0.05074	0.02819	0.72751	0.03946	0.00752	0.00752	0.01128	0.00470	0.00470
53	0.02801	0.11747	0.02413	0.01920	0.02350	0.61929	0.01478	0.03006	0.02125	0.01889	0.01185	0.01380	0.00998	0.00783	0.00676	0.00196	0.01332	0.00490	0.00392	0.00910
54	0.78228	0.01499	0.01140	0.01020	0.01499	0.01739	0.00840	0.02279	0.01320	0.03479	0.01080	0.01260	0.00840	0.00720	0.00480	0.00240	0.00600	0.00420	0.00480	0.00840
55	0.01983	0.01963	0.03085	0.04579	0.63649	0.06255	0.02322	0.02426	0.01794	0.02492	0.01442	0.01885	0.01213	0.00698	0.00763	0.00228	0.00952	0.00678	0.00385	0.01207
56	0.78228	0.01499	0.01140	0.01020	0.01499	0.01739	0.00840	0.02279	0.01320	0.03479	0.01080	0.01260	0.00840	0.00720	0.00480	0.00240	0.00600	0.00420	0.00480	0.00840
57	0.74053	0.01489	0.01176	0.01040	0.01526	0.01706	0.00856	0.02363	0.01370	0.07108	0.01190	0.01337	0.00900	0.00733	0.00497	0.00240	0.00603	0.00440	0.00507	0.00867
58	0.00943	0.00683	0.00891	0.01058	0.01119	0.00632	0.00710	0.01082	0.01506	0.01988	0.04542	0.67394	0.09806	0.02394	0.00984	0.00311	0.00446	0.02162	0.00720	0.00632
59	0.01064	0.00785	0.00995	0.00956	0.01141	0.00715	0.00712	0.01394	0.02097	0.02907	0.55822	0.09772	0.15390	0.01684	0.00919	0.00250	0.00374	0.01479	0.00828	0.00715
60	0.01612	0.06960	0.56306	0.04953	0.08221	0.01866	0.04654	0.02427	0.01646	0.02415	0.01387	0.01670	0.01009	0.00729	0.00735	0.00242	0.01115	0.00589	0.00334	0.01131
61	0.78228	0.01499	0.01140	0.01020	0.01499	0.01739	0.00840	0.02279	0.01320	0.03479	0.01080	0.01260	0.00840	0.00720	0.00480	0.00240	0.00600	0.00420	0.00480	0.00840
62	0.01563	0.01004	0.01036	0.03595	0.01297	0.03493	0.00744	0.07999	0.01800	0.02804	0.04856	0.08464	0.02377	0.08785	0.00995	0.00264	0.00523	0.00895	0.46748	0.00759
63	0.00916	0.00785	0.00785	0.00785	0.01047	0.00655	0.00589	0.01113	0.01767	0.02095	0.07855	0.07462	0.67599	0.01964	0.00916	0.00262	0.00393	0.01636	0.00720	0.00655
64	0.01840	0.02382	0.13350	0.03284	0.12837	0.04207	0.45388	0.02486	0.01806	0.02467	0.01516	0.01980	0.01150	0.00675	0.00862	0.00253	0.01233	0.00821	0.00382	0.01080
65	0.02426	0.07381	0.02387	0.13535	0.07703	0.22678	0.01607	0.21835	0.04774	0.02927	0.01784	0.01981	0.03876	0.00874	0.00738	0.00224	0.01025	0.00660	0.00527	0.01055
66	0.00969	0.00788	0.00859	0.00841	0.01080	0.00677	0.00631	0.01215	0.01892	0.02391	0.25257	0.06975	0.50012	0.01853	0.00916	0.00257	0.00385	0.01568	0.00759	0.00677
67	0.02033	0.68541	0.03950	0.05854	0.02208	0.02980	0.01381	0.02300	0.01574	0.01834	0.01097	0.01297	0.00998	0.00671	0.00516	0.00172	0.00842	0.00432	0.00333	0.00986
68	0.01578	0.01539	0.02764	0.43879	0.15073	0.01719	0.12943	0.02099	0.01676	0.02231	0.05728	0.02290	0.01499	0.00793	0.00807	0.00253	0.01019	0.00775	0.00392	0.00945
69	0.08039	0.02122	0.01864	0.01622	0.02086	0.16226	0.01270	0.14056	0.32480	0.05645	0.02542	0.02444	0.04250	0.00984	0.00749	0.00242	0.00812	0.00758	0.00685	0.01126
70	0.72928	0.01515	0.01204	0.01058	0.01547	0.01739	0.00872	0.04410	0.01430	0.05979	0.01180	0.01331	0.00896	0.00736	0.00501	0.00240	0.00610	0.00443	0.00508	0.00874
71	0.00988	0.00718	0.00932	0.01028	0.01129	0.00662	0.00714	0.01196	0.01717	0.02325	0.23408	0.47823	0.10196	0.02144	0.00962	0.00290	0.00421	0.01925	0.00760	0.00662
72	0.02073	0.73217	0.04063	0.01327	0.01990	0.03068	0.01327	0.02322	0.01575	0.01824	0.01078	0.01244	0.00995	0.00663	0.00498	0.00166	0.00829	0.00415	0.00332	0.00995
73	0.01087	0.00761	0.00851	0.00846	0.00909	0.00732	0.00514	0.01154	0.01336	0.01750	0.09061	0.05568	0.14927	0.53778	0.03136	0.00619	0.00653	0.01243	0.00548	0.00526
74	0.01078	0.00902	0.03573	0.01046	0.01253	0.00757	0.00828	0.01405	0.01977	0.02719	0.42824	0.16586	0.14347	0.01774	0.00931	0.00265	0.00437	0.05792	0.00785	0.00720
75	0.03479	0.01320	0.01799	0.01380	0.01979	0.01140	0.01140	0.03779	0.02219	0.68451	0.03059	0.02639	0.01919	0.00960	0.00780	0.00240	0.00660	0.00780	0.00960	0.01320
76	0.01364	0.01146	0.01815	0.01597	0.01879	0.01111	0.13752	0.08302	0.01858	0.02483	0.07162	0.39717	0.06957	0.01824	0.00949	0.00292	0.00675	0.05650	0.00667	0.00799
77	0.01779	0.03552	0.51078	0.02409	0.09882	0.05641	0.02580	0.06950	0.04228	0.02632	0.01486	0.01715	0.01084	0.00761	0.00742	0.00241	0.01096	0.00601	0.00386	0.01156
78	0.02146	0.55403	0.10428	0.01521	0.02193	0.13180	0.01511	0.02455	0.01677	0.01900	0.01129	0.01308	0.00994	0.00692	0.00553	0.00179	0.00949	0.00444	0.00342	0.00996
79	0.01526	0.01445	0.04175	0.01447	0.02059	0.01114	0.09243	0.01895	0.01617	0.02429	0.01877	0.13229	0.01798	0.00894	0.00692	0.00171	0.00668	0.00808	0.00489	0.52425
80	0.01767	0.01684	0.02809	0.09245	0.55385	0.01694	0.02153	0.02201	0.01750	0.02440	0.02203	0.02580	0.08999	0.00846	0.00786	0.00236	0.00868	0.00802	0.00420	0.01133
81	0.01599	0.01181	0.01379	0.01262	0.01540	0.01218	0.00965	0.19434	0.04750	0.03190	0.21994	0.24910	0.08050	0.01676	0.00899	0.00268	0.00551	0.03479	0.00777	0.00880
82	0.01048	0.00791	0.00968	0.00924	0.01128	0.00711	0.00693	0.01368	0.02078	0.02833	0.51254	0.06247	0.23740	0.01688	0.00915	0.00249	0.00373	0.01466	0.00817	0.00711
83	0.01677	0.01203	0.01449	0.01313	0.01612	0.01205	0.00991	0.16091	0.02024	0.06473	0.03081	0.38679	0.03307	0.01685	0.00942	0.00264	0.03921	0.01455	0.00691	0.11938
84	0.01608	0.01378	0.01608	0.01148	0.01837	0.01034	0.00919	0.01952	0.01608	0.02527	0.01378	0.01608	0.01148	0.00574	0.00574	0.00115	0.00574	0.00459	0.00459	0.77491
85	0.01801	0.04597	0.03975	0.02837	0.03482	0.02000	0.47602	0.02337	0.01699	0.02362	0.01446	0.01960	0.01142	0.00763	0.01140	0.00260	0.12652	0.00824	0.00386	0.06736

[dist]
# distance from previous block
# <min> <max>
0	1

[block]
# block no. 2 follows, 25 sequences, length 165
# corresponding to MSA columns:
# 186-268,294-375
name=unknown_C
#
# <colnr> <probs for GDERKNQSTAVLIFYWHMCP>
#	G	D	E	R	K	N	Q	S	T	A	V	L	I	F	Y	W	H	M	C	P
0	0.01883	0.01542	0.01678	0.01457	0.01914	0.01651	0.01163	0.13713	0.33723	0.03213	0.03298	0.03630	0.09195	0.01176	0.00801	0.00248	0.00636	0.07168	0.00728	0.11184
1	0.01808	0.02151	0.07908	0.05885	0.08777	0.01934	0.54662	0.02455	0.01804	0.02467	0.01544	0.02053	0.01164	0.00666	0.00889	0.00258	0.01259	0.00871	0.00386	0.01058
2	0.01314	0.00674	0.01001	0.01016	0.01019	0.00670	0.00677	0.01016	0.01049	0.01398	0.01585	0.08050	0.01655	0.02672	0.02864	0.71158	0.00655	0.00798	0.00368	0.00361
3	0.01776	0.04786	0.02815	0.02216	0.02391	0.04658	0.12516	0.02033	0.01348	0.01971	0.01121	0.01735	0.01043	0.01189	0.02118	0.00314	0.54030	0.00702	0.00350	0.00890
4	0.01079	0.00792	0.01011	0.00956	0.01147	0.00724	0.00717	0.01428	0.02152	0.03008	0.61531	0.05959	0.13354	0.01623	0.00915	0.00246	0.00368	0.01426	0.00840	0.00724
5	0.01144	0.00756	0.00867	0.00867	0.00887	0.00765	0.00509	0.01183	0.01163	0.01600	0.02422	0.04812	0.02712	0.64123	0.08357	0.00755	0.00823	0.01085	0.04673	0.00499
6	0.03479	0.01320	0.01799	0.01380	0.01979	0.01140	0.01140	0.03779	0.02219	0.68451	0.03059	0.02639	0.01919	0.00960	0.00780	0.00240	0.00660	0.00780	0.00960	0.01320
7	0.12356	0.01341	0.01721	0.01337	0.01922	0.01211	0.01104	0.03601	0.02112	0.60735	0.02824	0.02475	0.01791	0.00931	0.00744	0.00240	0.00653	0.00737	0.00903	0.01263
8	0.01145	0.00750	0.00839	0.00839	0.00849	0.00750	0.00474	0.01165	0.01155	0.01579	0.02448	0.04955	0.02774	0.68838	0.03761	0.00721	0.00730	0.01106	0.04640	0.00484
9	0.74219	0.01535	0.01203	0.01060	0.01548	0.01775	0.00873	0.05636	0.01443	0.03554	0.01121	0.01292	0.00865	0.00731	0.00496	0.00240	0.00613	0.00435	0.00496	0.00865
10	0.02056	0.01729	0.01825	0.01604	0.02065	0.01988	0.01258	0.11772	0.58654	0.03449	0.02994	0.02764	0.02236	0.01037	0.00787	0.00259	0.00644	0.00854	0.00787	0.01239
11	0.00945	0.00675	0.00900	0.01080	0.01125	0.00630	0.00720	0.01080	0.01484	0.01979	0.04274	0.72245	0.05128	0.02429	0.00990	0.00315	0.00450	0.02204	0.00720	0.00630
12	0.01919	0.01842	0.03147	0.04759	0.67914	0.01842	0.02380	0.02380	0.01765	0.02533	0.01458	0.01919	0.01228	0.00691	0.00768	0.00230	0.00921	0.00691	0.00384	0.01228
13	0.78228	0.01499	0.01140	0.01020	0.01499	0.01739	0.00840	0.02279	0.01320	0.03479	0.01080	0.01260	0.00840	0.00720	0.00480	0.00240	0.00600	0.00420	0.00480	0.00840
14	0.78228	0.01499	0.01140	0.01020	0.01499	0.01739	0.00840	0.02279	0.01320	0.03479	0.01080	0.01260	0.00840	0.00720	0.00480	0.00240	0.00600	0.00420	0.00480	0.00840
15	0.01464	0.01378	0.02326	0.70887	0.05340	0.01723	0.02153	0.01981	0.01550	0.01981	0.01378	0.02067	0.01034	0.00775	0.00775	0.00258	0.01034	0.00689	0.00345	0.00861
16	0.03479	0.01320	0.01799	0.01380	0.01979	0.01140	0.01140	0.03779	0.02219	0.68451	0.03059	0.02639	0.01919	0.00960	0.00780	0.00240	0.00660	0.00780	0.00960	0.01320
17	0.02073	0.73217	0.04063	0.01327	0.01990	0.03068	0.01327	0.02322	0.01575	0.01824	0.01078	0.01244	0.00995	0.00663	0.00498	0.00166	0.00829	0.00415	0.00332	0.00995
18	0.01347	0.00673	0.01010	0.01010	0.01010	0.00673	0.00673	0.01010	0.01010	0.01347	0.01347	0.02357	0.01347	0.02694	0.03030	0.77441	0.00673	0.00673	0.00337	0.00337
19	0.00945	0.00675	0.00900	0.01080	0.01125	0.00630	0.00720	0.01080	0.01484	0.01979	0.04274	0.72245	0.05128	0.02429	0.00990	0.00315	0.00450	0.02204	0.00720	0.00630
20	0.01072	0.00792	0.01002	0.00949	0.01143	0.00721	0.00712	0.01415	0.02136	0.02969	0.59287	0.06022	0.15621	0.01637	0.00915	0.00246	0.00370	0.01434	0.00835	0.00721
21	0.01555	0.04011	0.68733	0.02210	0.03356	0.01801	0.02865	0.02455	0.01637	0.02455	0.01391	0.01637	0.00982	0.00737	0.00737	0.00246	0.01146	0.00573	0.00327	0.01146
22	0.01919	0.01842	0.03147	0.04759	0.67914	0.01842	0.02380	0.02380	0.01765	0.02533	0.01458	0.01919	0.01228	0.00691	0.00768	0.00230	0.00921	0.00691	0.00384	0.01228
23	0.01445	0.00723	0.00723	0.00723	0.00903	0.00723	0.00542	0.01807	0.01626	0.02891	0.02529	0.02891	0.01987	0.00903	0.00542	0.00181	0.00361	0.00723	0.77055	0.00723
24	0.01985	0.01653	0.01755	0.01571	0.02015	0.01900	0.01224	0.04108	0.64175	0.05615	0.03152	0.02884	0.02351	0.01049	0.00789	0.00262	0.00615	0.00873	0.00795	0.01231
25	0.01555	0.04011	0.68733	0.02210	0.03356	0.01801	0.02865	0.02455	0.01637	0.02455	0.01391	0.01637	0.00982	0.00737	0.00737	0.00246	0.01146	0.00573	0.00327	0.01146
26	0.00945	0.00675	0.00900	0.01080	0.01125	0.00630	0.00720	0.01080	0.01484	0.01979	0.04274	0.72245	0.05128	0.02429	0.00990	0.00315	0.00450	0.02204	0.00720	0.00630
27	0.78228	0.01499	0.01140	0.01020	0.01499	0.01739	0.00840	0.02279	0.01320	0.03479	0.01080	0.01260	0.00840	0.00720	0.00480	0.00240	0.00600	0.00420	0.00480	0.00840
28	0.03420	0.01333	0.01798	0.01387	0.01981	0.01170	0.01143	0.03792	0.04658	0.65977	0.03063	0.02649	0.01936	0.00963	0.00780	0.00241	0.00658	0.00783	0.00953	0.01316
29	0.05634	0.05025	0.02280	0.01846	0.05817	0.04823	0.03592	0.40432	0.05491	0.03978	0.01829	0.01947	0.01364	0.00901	0.00795	0.00229	0.03461	0.00683	0.08702	0.01170
30	0.05657	0.02148	0.02284	0.01756	0.02372	0.02381	0.01451	0.63059	0.03562	0.04836	0.01833	0.01840	0.01301	0.00923	0.00765	0.00233	0.00844	0.00688	0.00765	0.01301
31	0.01082	0.00781	0.01023	0.00986	0.01155	0.00722	0.00730	0.01426	0.02125	0.02998	0.61294	0.12319	0.07101	0.01668	0.00922	0.00251	0.00374	0.01481	0.00840	0.00722
32	0.01929	0.01666	0.01753	0.01578	0.02016	0.01929	0.01227	0.04120	0.66513	0.03243	0.03156	0.02893	0.02367	0.01052	0.00789	0.00263	0.00614	0.00877	0.00789	0.01227
33	0.01608	0.01378	0.01608	0.01148	0.01837	0.01034	0.00919	0.01952	0.01608	0.02527	0.01378	0.01608	0.01148	0.00574	0.00574	0.00115	0.00574	0.00459	0.00459	0.77491
34	0.00945	0.00675	0.00900	0.01080	0.01125	0.00630	0.00720	0.01080	0.01484	0.01979	0.04274	0.72245	0.05128	0.02429	0.00990	0.00315	0.00450	0.02204	0.00720	0.00630
35	0.00945	0.00675	0.00900	0.01080	0.01125	0.00630	0.00720	0.01080	0.01484	0.01979	0.04274	0.72245	0.05128	0.02429	0.00990	0.00315	0.00450	0.02204	0.00720	0.00630
36	0.01929	0.01666	0.01753	0.01578	0.02016	0.01929	0.01227	0.04120	0.66513	0.03243	0.03156	0.02893	0.02367	0.01052	0.00789	0.00263	0.00614	0.00877	0.00789	0.01227
37	0.01683	0.08615	0.58470	0.02164	0.03237	0.01869	0.05606	0.02502	0.01666	0.05137	0.01447	0.01672	0.01031	0.00737	0.00730	0.00241	0.01111	0.00587	0.00357	0.01138
38	0.01464	0.01378	0.02326	0.70887	0.05340	0.01723	0.02153	0.01981	0.01550	0.01981	0.01378	0.02067	0.01034	0.00775	0.00775	0.00258	0.01034	0.00689	0.00345	0.00861
39	0.02866	0.02093	0.02240	0.01726	0.02323	0.02313	0.01423	0.61870	0.03536	0.04778	0.01898	0.01918	0.01355	0.00929	0.00763	0.00230	0.00826	0.00699	0.04929	0.01286
40	0.02065	0.01636	0.01975	0.01448	0.02120	0.01471	0.04500	0.19821	0.02214	0.05645	0.01587	0.01743	0.01226	0.00693	0.00657	0.00160	0.00695	0.00563	0.00563	0.49219
41	0.02378	0.01805	0.01928	0.01551	0.02066	0.01968	0.01257	0.42896	0.12360	0.04099	0.05743	0.03128	0.13048	0.01152	0.00807	0.00243	0.00720	0.00913	0.00771	0.01168
42	0.00932	0.00786	0.00807	0.00802	0.01057	0.00661	0.00601	0.01143	0.01804	0.02183	0.13041	0.07317	0.62358	0.01931	0.00916	0.00260	0.00390	0.01616	0.00732	0.00661
43	0.02969	0.02137	0.02305	0.01768	0.02387	0.02353	0.01460	0.62826	0.03588	0.07471	0.01910	0.01893	0.01343	0.00932	0.00776	0.00233	0.00845	0.00701	0.00783	0.01319
44	0.04812	0.21672	0.49380	0.01935	0.02930	0.02123	0.02387	0.02414	0.01608	0.02335	0.01298	0.01521	0.00980	0.00717	0.00665	0.00225	0.01042	0.00526	0.00335	0.01095
45	0.02898	0.03635	0.02202	0.01989	0.02397	0.66977	0.01497	0.05559	0.02255	0.02016	0.01225	0.01417	0.01011	0.00804	0.00702	0.00201	0.01377	0.00507	0.00414	0.00915
46	0.01464	0.01378	0.02326	0.70887	0.05340	0.01723	0.02153	0.01981	0.01550	0.01981	0.01378	0.02067	0.01034	0.00775	0.00775	0.00258	0.01034	0.00689	0.00345	0.00861
47	0.01075	0.00782	0.01011	0.00974	0.01149	0.00719	0.00723	0.01412	0.02112	0.02959	0.58915	0.11468	0.10443	0.01677	0.00921	0.00251	0.00374	0.01482	0.00835	0.00719
48	0.02052	0.59444	0.09532	0.01479	0.02134	0.06576	0.01491	0.02351	0.01594	0.01886	0.01109	0.01311	0.00995	0.00715	0.00641	0.00184	0.04727	0.00447	0.00335	0.00995
49	0.01464	0.01378	0.02326	0.70887	0.05340	0.01723	0.02153	0.01981	0.01550	0.01981	0.01378	0.02067	0.01034	0.00775	0.00775	0.00258	0.01034	0.00689	0.00345	0.00861
50	0.00971	0.00691	0.00916	0.01086	0.01136	0.00651	0.00735	0.01111	0.01482	0.01972	0.04165	0.65099	0.04966	0.06243	0.01155	0.00341	0.00481	0.05468	0.00706	0.00626
51	0.01731	0.02798	0.28480	0.02936	0.06518	0.01896	0.39174	0.02469	0.01755	0.02475	0.01498	0.01914	0.01106	0.00686	0.00842	0.00254	0.01230	0.00778	0.00368	0.01091
52	0.01464	0.01378	0.02326	0.70887	0.05340	0.01723	0.02153	0.01981	0.01550	0.01981	0.01378	0.02067	0.01034	0.00775	0.00775	0.00258	0.01034	0.00689	0.00345	0.00861
53	0.01081	0.00787	0.01017	0.00970	0.01151	0.00723	0.00723	0.01427	0.02141	0.03005	0.61497	0.08783	0.10503	0.01643	0.00918	0.00248	0.00371	0.01450	0.00840	0.00723
54	0.01775	0.01628	0.01434	0.01262	0.01641	0.12034	0.00981	0.17129	0.05815	0.02802	0.05098	0.04901	0.37498	0.01480	0.00841	0.00245	0.00675	0.01189	0.00687	0.00885
55	0.01015	0.00710	0.00905	0.01023	0.01067	0.00679	0.00671	0.01131	0.01427	0.01908	0.06489	0.47868	0.04546	0.22181	0.01822	0.00437	0.00542	0.04331	0.00655	0.00593
56	0.03450	0.01366	0.01828	0.01402	0.02003	0.01209	0.01158	0.07159	0.02298	0.64960	0.02993	0.02596	0.01886	0.00958	0.00780	0.00240	0.00670	0.00775	0.00950	0.01319
57	0.03479	0.01320	0.01799	0.01380	0.01979	0.01140	0.01140	0.03779	0.02219	0.68451	0.03059	0.02639	0.01919	0.00960	0.00780	0.00240	0.00660	0.00780	0.00960	0.01320
58	0.02992	0.01547	0.01873	0.01496	0.02058	0.01549	0.01217	0.13863	0.19066	0.41277	0.02889	0.02578	0.01937	0.00979	0.00781	0.00245	0.00679	0.00792	0.00886	0.01296
59	0.01919	0.01842	0.03147	0.04759	0.67914	0.01842	0.02380	0.02380	0.01765	0.02533	0.01458	0.01919	0.01228	0.00691	0.00768	0.00230	0.00921	0.00691	0.00384	0.01228
60	0.01830	0.02092	0.04575	0.03268	0.04052	0.01961	0.65098	0.02484	0.01830	0.02484	0.01569	0.02092	0.01176	0.00654	0.00915	0.00261	0.01307	0.00915	0.00392	0.01046
61	0.01445	0.00723	0.00723	0.00723	0.00903	0.00723	0.00542	0.01807	0.01626	0.02891	0.02529	0.02891	0.01987	0.00903	0.00542	0.00181	0.00361	0.00723	0.77055	0.00723
62	0.01830	0.02092	0.04575	0.03268	0.04052	0.01961	0.65098	0.02484	0.01830	0.02484	0.01569	0.02092	0.01176	0.00654	0.00915	0.00261	0.01307	0.00915	0.00392	0.01046
63	0.01464	0.01378	0.02326	0.70887	0.05340	0.01723	0.02153	0.01981	0.01550	0.01981	0.01378	0.02067	0.01034	0.00775	0.00775	0.00258	0.01034	0.00689	0.00345	0.00861
64	0.00945	0.00675	0.00900	0.01080	0.01125	0.00630	0.00720	0.01080	0.01484	0.01979	0.04274	0.72245	0.05128	0.02429	0.00990	0.00315	0.00450	0.02204	0.00720	0.00630
65	0.01696	0.01696	0.02375	0.02036	0.02036	0.02375	0.01696	0.01866	0.01187	0.01866	0.01018	0.01696	0.01018	0.01357	0.02545	0.00339	0.71332	0.00679	0.00339	0.00848
66	0.01617	0.03578	0.54269	0.02448	0.03513	0.01837	0.16896	0.02462	0.01681	0.02462	0.01431	0.01739	0.01026	0.00718	0.00777	0.00249	0.01182	0.00650	0.00342	0.01123
67	0.01249	0.00892	0.01249	0.01428	0.01606	0.00892	0.01249	0.01606	0.01785	0.02320	0.04105	0.08746	0.04462	0.02142	0.01071	0.00357	0.00714	0.62695	0.00714	0.00714
68	0.01394	0.01195	0.01352	0.01410	0.07188	0.04760	0.00965	0.05185	0.08092	0.02826	0.32549	0.05185	0.21921	0.01482	0.00871	0.00246	0.00527	0.01268	0.00742	0.00841
69	0.00942	0.00685	0.00889	0.01053	0.01118	0.00632	0.00708	0.01083	0.01510	0.01990	0.04599	0.66359	0.10804	0.02387	0.00983	0.00310	0.00445	0.02153	0.00720	0.00632
70	0.02683	0.03243	0.02372	0.02466	0.13652	0.52899	0.01657	0.05160	0.02135	0.02113	0.01260	0.01516	0.01050	0.00807	0.00787	0.00212	0.04064	0.00547	0.00408	0.00969
71	0.01793	0.07299	0.01961	0.05115	0.02096	0.01433	0.01127	0.05500	0.01700	0.05119	0.01415	0.01666	0.01158	0.00696	0.00771	0.00158	0.06835	0.00513	0.00469	0.53176
72	0.01608	0.01378	0.01608	0.01148	0.01837	0.01034	0.00919	0.01952	0.01608	0.02527	0.01378	0.01608	0.01148	0.00574	0.00574	0.00115	0.00574	0.00459	0.00459	0.77491
73	0.01344	0.01032	0.01351	0.01379	0.04381	0.00990	0.03763	0.01840	0.09023	0.05985	0.07478	0.12755	0.27224	0.01769	0.00933	0.00287	0.00578	0.16361	0.00715	0.00812
74	0.05978	0.02266	0.13432	0.03880	0.47947	0.05557	0.02283	0.02492	0.04201	0.02563	0.01478	0.01847	0.01199	0.00719	0.00744	0.00233	0.00955	0.00654	0.00396	0.01176
75	0.00983	0.00781	0.00838	0.00828	0.01031	0.00684	0.00593	0.01174	0.01730	0.02164	0.16934	0.06773	0.46411	0.14005	0.01434	0.00343	0.00450	0.01510	0.00700	0.00636
76	0.21139	0.31142	0.11406	0.01662	0.05732	0.13266	0.01491	0.02457	0.01631	0.02370	0.01160	0.01361	0.00968	0.00710	0.00572	0.00204	0.00910	0.00465	0.00382	0.00973
77	0.36169	0.13555	0.05505	0.01375	0.01917	0.07989	0.01201	0.07676	0.12787	0.03088	0.01523	0.01616	0.01186	0.00792	0.00592	0.00228	0.00758	0.00534	0.00517	0.00991
78	0.00941	0.00689	0.00885	0.01043	0.01115	0.00633	0.00703	0.01084	0.01520	0.01994	0.04724	0.64103	0.12979	0.02371	0.00980	0.00308	0.00443	0.02133	0.00720	0.00633
79	0.00950	0.00685	0.00900	0.01062	0.01122	0.00635	0.00714	0.01097	0.01527	0.02031	0.07012	0.66504	0.08148	0.02373	0.00983	0.00310	0.00444	0.02145	0.00725	0.00635
80	0.04291	0.11413	0.02019	0.01288	0.01893	0.04400	0.01067	0.02134	0.03907	0.02410	0.01355	0.01590	0.01144	0.00678	0.00723	0.00152	0.06030	0.00485	0.00443	0.52578
81	0.01125	0.00933	0.01265	0.04139	0.01487	0.01052	0.00976	0.01289	0.01450	0.01966	0.03788	0.48189	0.09878	0.02088	0.01308	0.00313	0.15683	0.01761	0.00623	0.00689
82	0.01008	0.00785	0.00915	0.00891	0.01105	0.00692	0.00665	0.01286	0.01970	0.02596	0.37475	0.08985	0.35262	0.01792	0.00918	0.00255	0.00381	0.01540	0.00787	0.00692
83	0.02903	0.01679	0.02136	0.01909	0.09068	0.05206	0.04120	0.14006	0.04790	0.36769	0.02495	0.04609	0.01753	0.00941	0.00778	0.00235	0.00777	0.00785	0.00778	0.04263
84	0.01951	0.05036	0.10146	0.03409	0.23033	0.09069	0.30982	0.02508	0.01821	0.02410	0.01461	0.01890	0.01148	0.00689	0.00815	0.00240	0.01166	0.00751	0.00382	0.01093
85	0.02892	0.02144	0.02296	0.01773	0.02383	0.02379	0.01460	0.61996	0.07069	0.04797	0.01932	0.01918	0.01376	0.00937	0.00776	0.00234	0.00840	0.00708	0.00776	0.01314
86	0.01895	0.01818	0.03103	0.08280	0.64582	0.01836	0.02368	0.02358	0.01754	0.02504	0.01454	0.01927	0.01218	0.00695	0.00768	0.00232	0.00927	0.00691	0.00382	0.01209
87	0.00986	0.00741	0.01072	0.01182	0.01262	0.00692	0.03740	0.01145	0.01501	0.02003	0.04147	0.68954	0.04943	0.02346	0.00986	0.00312	0.00490	0.02144	0.00704	0.00649
88	0.02775	0.01788	0.01969	0.01538	0.02080	0.01915	0.01261	0.44659	0.03073	0.14673	0.02167	0.02161	0.01529	0.00931	0.00736	0.00225	0.00738	0.00715	0.13849	0.01217
89	0.01050	0.00719	0.00869	0.00945	0.00965	0.00700	0.00576	0.01107	0.01280	0.01706	0.03223	0.33707	0.03803	0.42774	0.02686	0.00566	0.00623	0.01587	0.00576	0.00538
90	0.01126	0.00788	0.00991	0.00976	0.01163	0.00712	0.00718	0.01410	0.01970	0.05272	0.40716	0.19379	0.18281	0.01803	0.00925	0.00261	0.00400	0.01584	0.00805	0.00719
91	0.03479	0.01320	0.01799	0.01380	0.01979	0.01140	0.01140	0.03779	0.02219	0.68451	0.03059	0.02639	0.01919	0.00960	0.00780	0.00240	0.00660	0.00780	0.00960	0.01320
92	0.01634	0.01165	0.01332	0.01201	0.01539	0.01193	0.00928	0.02615	0.25216	0.10478	0.25195	0.04717	0.16821	0.01396	0.00854	0.00254	0.00494	0.01188	0.00816	0.00962
93	0.03479	0.01320	0.01799	0.01380	0.01979	0.01140	0.01140	0.03779	0.02219	0.68451	0.03059	0.02639	0.01919	0.00960	0.00780	0.00240	0.00660	0.00780	0.00960	0.01320
94	0.01585	0.03834	0.63390	0.02418	0.08615	0.01804	0.02825	0.02449	0.01647	0.02462	0.01397	0.01660	0.01002	0.00733	0.00739	0.00244	0.01128	0.00583	0.00332	0.01153
95	0.10222	0.01336	0.01740	0.01347	0.01936	0.01194	0.01113	0.03643	0.02138	0.62590	0.02880	0.02515	0.01822	0.00938	0.00753	0.00240	0.00654	0.00747	0.00916	0.01276
96	0.01913	0.01677	0.01940	0.01999	0.11119	0.01878	0.01373	0.03785	0.54728	0.03114	0.02844	0.02702	0.02156	0.00981	0.00777	0.00252	0.00654	0.00833	0.00719	0.04556
97	0.01721	0.01445	0.01668	0.01202	0.01885	0.01149	0.00966	0.07301	0.01780	0.02726	0.01419	0.01629	0.01163	0.00604	0.00591	0.00125	0.00598	0.00480	0.00486	0.71063
98	0.01013	0.00728	0.00961	0.01033	0.01140	0.00676	0.00725	0.01252	0.01804	0.02488	0.32722	0.42347	0.06112	0.02049	0.00956	0.00283	0.00412	0.01843	0.00780	0.00676
99	0.01041	0.00754	0.00935	0.00974	0.01092	0.00703	0.00680	0.01245	0.01703	0.02294	0.25540	0.25262	0.13860	0.15879	0.01539	0.00372	0.00485	0.04288	0.00715	0.00639
100	0.05911	0.02708	0.02184	0.01822	0.02336	0.28912	0.01439	0.33562	0.07713	0.03524	0.01665	0.01732	0.01252	0.00879	0.00734	0.00222	0.01040	0.00622	0.00616	0.01126
101	0.02935	0.01264	0.01668	0.01331	0.01846	0.01146	0.01080	0.03425	0.08293	0.51396	0.13810	0.03189	0.02861	0.01073	0.00803	0.00243	0.00606	0.00893	0.00926	0.01213
102	0.00971	0.00695	0.00923	0.01062	0.01130	0.00647	0.00722	0.01145	0.01606	0.02173	0.15086	0.60881	0.05502	0.02285	0.00977	0.00303	0.00435	0.02067	0.00743	0.00647
103	0.02384	0.01881	0.02097	0.01900	0.06716	0.06404	0.03656	0.15643	0.35093	0.11759	0.02590	0.02466	0.01895	0.00961	0.00782	0.00248	0.00764	0.00793	0.00740	0.01228
104	0.02861	0.02107	0.02265	0.01753	0.02349	0.02328	0.01441	0.62547	0.03552	0.04761	0.01966	0.04909	0.01484	0.00996	0.00785	0.00236	0.00836	0.00763	0.00773	0.01289
105	0.02119	0.01607	0.01757	0.01500	0.01918	0.01750	0.01178	0.33743	0.14145	0.03665	0.03118	0.20231	0.07070	0.01403	0.00842	0.00261	0.00677	0.01176	0.00760	0.01082
106	0.14263	0.01737	0.07579	0.21868	0.17120	0.01698	0.01796	0.02659	0.09207	0.12035	0.01795	0.02048	0.01322	0.00804	0.00725	0.00246	0.00847	0.00671	0.00513	0.01068
107	0.01747	0.01672	0.02543	0.11193	0.37870	0.04004	0.04124	0.02382	0.09741	0.02461	0.02436	0.06451	0.08062	0.00968	0.00801	0.00245	0.00848	0.00891	0.00482	0.01079
108	0.01555	0.04011	0.68733	0.02210	0.03356	0.01801	0.02865	0.02455	0.01637	0.02455	0.01391	0.01637	0.00982	0.00737	0.00737	0.00246	0.01146	0.00573	0.00327	0.01146
109	0.02425	0.01873	0.02136	0.01680	0.02229	0.02022	0.04678	0.39095	0.15201	0.03987	0.02110	0.02265	0.01605	0.04853	0.00934	0.00257	0.00784	0.00748	0.03560	0.07557
110	0.09985	0.04975	0.02138	0.07187	0.02425	0.02089	0.01375	0.35769	0.10827	0.08557	0.01933	0.01963	0.01399	0.00884	0.00725	0.00230	0.00783	0.00673	0.00690	0.05393
111	0.78228	0.01499	0.01140	0.01020	0.01499	0.01739	0.00840	0.02279	0.01320	0.03479	0.01080	0.01260	0.00840	0.00720	0.00480	0.00240	0.00600	0.00420	0.00480	0.00840
112	0.01038	0.00759	0.00958	0.01067	0.01172	0.00715	0.00738	0.03770	0.01668	0.02213	0.10209	0.56306	0.12016	0.02241	0.00966	0.00299	0.00453	0.02008	0.00734	0.00670
113	0.00985	0.00780	0.00898	0.00972	0.01169	0.00693	0.00742	0.01197	0.01707	0.02111	0.06347	0.22307	0.41723	0.02102	0.00962	0.00292	0.00466	0.13168	0.00719	0.00660
114	0.00941	0.00786	0.00820	0.00812	0.01063	0.00665	0.00609	0.01161	0.01827	0.02235	0.16116	0.07231	0.59251	0.01911	0.00916	0.00259	0.00389	0.01604	0.00739	0.00665
115	0.01020	0.00790	0.00929	0.00894	0.01111	0.00699	0.00671	0.01313	0.02012	0.02674	0.41946	0.06507	0.33147	0.01747	0.00915	0.00252	0.00377	0.01503	0.00796	0.00699
116	0.78228	0.01499	0.01140	0.01020	0.01499	0.01739	0.00840	0.02279	0.01320	0.03479	0.01080	0.01260	0.00840	0.00720	0.00480	0.00240	0.00600	0.00420	0.00480	0.00840
117	0.01608	0.01378	0.01608	0.01148	0.01837	0.01034	0.00919	0.01952	0.01608	0.02527	0.01378	0.01608	0.01148	0.00574	0.00574	0.00115	0.00574	0.00459	0.00459	0.77491
118	0.01555	0.04011	0.68733	0.02210	0.03356	0.01801	0.02865	0.02455	0.01637	0.02455	0.01391	0.01637	0.00982	0.00737	0.00737	0.00246	0.01146	0.00573	0.00327	0.01146
119	0.78228	0.01499	0.01140	0.01020	0.01499	0.01739	0.00840	0.02279	0.01320	0.03479	0.01080	0.01260	0.00840	0.00720	0.00480	0.00240	0.00600	0.00420	0.00480	0.00840
120	0.02073	0.73217	0.04063	0.01327	0.01990	0.03068	0.01327	0.02322	0.01575	0.01824	0.01078	0.01244	0.00995	0.00663	0.00498	0.00166	0.00829	0.00415	0.00332	0.00995
121	0.01128	0.00752	0.00846	0.00846	0.00846	0.00752	0.00470	0.01128	0.01128	0.01503	0.02443	0.05074	0.02819	0.72751	0.03946	0.00752	0.00752	0.01128	0.00470	0.00470
122	0.01983	0.01693	0.01784	0.01589	0.02037	0.01954	0.01240	0.07379	0.63166	0.03331	0.03087	0.02838	0.02311	0.01045	0.00788	0.00261	0.00626	0.00867	0.00788	0.01232
123	0.01638	0.06379	0.54959	0.02611	0.14341	0.01858	0.02721	0.02437	0.01657	0.02444	0.01390	0.01670	0.01025	0.00726	0.00732	0.00240	0.01095	0.00587	0.00337	0.01154
124	0.01864	0.01928	0.05667	0.16373	0.51252	0.04713	0.02321	0.02342	0.01740	0.02404	0.01430	0.01912	0.01173	0.00712	0.00765	0.00235	0.00971	0.00677	0.00375	0.01145
125	0.01555	0.04011	0.68733	0.02210	0.03356	0.01801	0.02865	0.02455	0.01637	0.02455	0.01391	0.01637	0.00982	0.00737	0.00737	0.00246	0.01146	0.00573	0.00327	0.01146
126	0.01269	0.00829	0.01079	0.01066	0.01246	0.00776	0.00780	0.01623	0.04453	0.07970	0.38586	0.27769	0.05956	0.01798	0.00924	0.00268	0.00427	0.01602	0.00815	0.00764
127	0.02548	0.06374	0.13778	0.02295	0.11246	0.31355	0.01811	0.11666	0.02220	0.07408	0.01491	0.01658	0.01139	0.00798	0.00722	0.00218	0.01134	0.00582	0.00476	0.01080
128	0.01345	0.01251	0.07036	0.01659	0.06850	0.01060	0.01337	0.05016	0.01850	0.02477	0.08233	0.17133	0.06665	0.01845	0.00973	0.00312	0.00694	0.32785	0.00670	0.00808
129	0.01072	0.00820	0.01012	0.01116	0.01312	0.00760	0.00907	0.01334	0.01739	0.02183	0.05688	0.16319	0.30834	0.02104	0.00996	0.00312	0.00546	0.29550	0.00717	0.00678
130	0.01265	0.00994	0.01311	0.04076	0.05198	0.01016	0.01096	0.01820	0.10882	0.02408	0.09749	0.24461	0.09438	0.01872	0.00954	0.00304	0.00593	0.21061	0.00707	0.00794
131	0.08582	0.03610	0.57112	0.02251	0.05847	0.01804	0.05355	0.02438	0.01622	0.02553	0.01373	0.01634	0.00988	0.00730	0.00722	0.00245	0.01094	0.00579	0.00346	0.01117
132	0.03479	0.01320	0.01799	0.01380	0.01979	0.01140	0.01140	0.03779	0.02219	0.68451	0.03059	0.02639	0.01919	0.00960	0.00780	0.00240	0.00660	0.00780	0.00960	0.01320
133	0.78228	0.01499	0.01140	0.01020	0.01499	0.01739	0.00840	0.02279	0.01320	0.03479	0.01080	0.01260	0.00840	0.00720	0.00480	0.00240	0.00600	0.00420	0.00480	0.00840
134	0.13557	0.01361	0.01672	0.01316	0.01867	0.01282	0.01082	0.07944	0.02175	0.49435	0.05337	0.02532	0.01952	0.00948	0.00734	0.00237	0.00642	0.00747	0.03976	0.01205
135	0.01734	0.01503	0.01620	0.01545	0.04288	0.01681	0.01148	0.03479	0.51684	0.02997	0.03993	0.03733	0.14832	0.01213	0.00813	0.00262	0.00583	0.01015	0.00761	0.01117
136	0.03291	0.01503	0.01899	0.01468	0.02063	0.01427	0.01209	0.15679	0.06026	0.52598	0.02833	0.02503	0.01828	0.00959	0.00779	0.00240	0.00695	0.00769	0.00915	0.01314
137	0.01142	0.00839	0.01075	0.01008	0.01204	0.00795	0.00758	0.01605	0.05619	0.03116	0.64079	0.05637	0.07052	0.01557	0.00908	0.00245	0.00379	0.01374	0.00850	0.00758
138	0.72095	0.01554	0.01236	0.01082	0.01573	0.01794	0.00891	0.07416	0.01509	0.03593	0.01143	0.01309	0.00879	0.00737	0.00504	0.00239	0.00620	0.00443	0.00504	0.00879
139	0.00945	0.00675	0.00900	0.01080	0.01125	0.00630	0.00720	0.01080	0.01484	0.01979	0.04274	0.72245	0.05128	0.02429	0.00990	0.00315	0.00450	0.02204	0.00720	0.00630
140	0.78228	0.01499	0.01140	0.01020	0.01499	0.01739	0.00840	0.02279	0.01320	0.03479	0.01080	0.01260	0.00840	0.00720	0.00480	0.00240	0.00600	0.00420	0.00480	0.00840
141	0.01608	0.01378	0.01608	0.01148	0.01837	0.01034	0.00919	0.01952	0.01608	0.02527	0.01378	0.01608	0.01148	0.00574	0.00574	0.00115	0.00574	0.00459	0.00459	0.77491
