[name]
unknown

[dist]
# distance from previous block
# <min> <max>
0	33

[block]
# block no. 0 follows, 23 sequences, length 41
# corresponding to MSA columns:
# 33-73
name=unknown_A
#
# <colnr> <probs for GDERKNQSTAVLIFYWHMCP>
#	G	D	E	R	K	N	Q	S	T	A	V	L	I	F	Y	W	H	M	C	P
0	0.01308	0.00934	0.01308	0.01494	0.01681	0.00934	0.01308	0.01681	0.01868	0.02428	0.04296	0.09153	0.04670	0.02242	0.01121	0.00374	0.00747	0.60960	0.00747	0.00747
1	0.01988	0.01724	0.01872	0.05854	0.02325	0.02005	0.01344	0.04173	0.61035	0.03313	0.03187	0.02974	0.02391	0.01083	0.00825	0.00275	0.00669	0.00905	0.00797	0.01261
2	0.01073	0.00837	0.00984	0.01004	0.01229	0.00748	0.00779	0.01356	0.01973	0.02544	0.24789	0.10392	0.35867	0.01988	0.00988	0.00287	0.00459	0.11190	0.00794	0.00718
3	0.02274	0.66968	0.04084	0.01392	0.02082	0.03068	0.01375	0.02538	0.01696	0.06522	0.01275	0.01405	0.01110	0.00716	0.00542	0.00179	0.00855	0.00461	0.00394	0.01065
4	0.02169	0.71972	0.04252	0.01388	0.02083	0.03211	0.01388	0.02430	0.01649	0.01909	0.01128	0.01302	0.01041	0.00694	0.00521	0.00174	0.00868	0.00434	0.00347	0.01041
5	0.10324	0.33122	0.23435	0.01745	0.02537	0.12060	0.01864	0.02586	0.01734	0.02317	0.01250	0.01456	0.01020	0.00745	0.00628	0.00213	0.01032	0.00499	0.00373	0.01059
6	0.02993	0.03009	0.02423	0.02165	0.06443	0.33709	0.01613	0.31209	0.02974	0.03476	0.01592	0.01721	0.01215	0.00893	0.00773	0.00227	0.01168	0.00631	0.00599	0.01165
7	0.03085	0.02273	0.02435	0.01867	0.02516	0.02516	0.01542	0.63716	0.03815	0.05114	0.01948	0.01948	0.01380	0.00974	0.00812	0.00244	0.00893	0.00731	0.00812	0.01380
8	0.01057	0.00826	0.00958	0.00925	0.01156	0.00727	0.00694	0.01354	0.02081	0.02742	0.38128	0.06904	0.35841	0.01850	0.00958	0.00264	0.00396	0.01586	0.00826	0.00727
9	0.01159	0.00869	0.01304	0.01304	0.01449	0.01014	0.01014	0.01449	0.01304	0.01884	0.02173	0.03188	0.02029	0.06086	0.68268	0.01304	0.02173	0.00869	0.00435	0.00724
10	0.01148	0.00829	0.01085	0.01021	0.01212	0.00766	0.00766	0.01531	0.02297	0.03254	0.65994	0.06061	0.07656	0.01659	0.00957	0.00255	0.00383	0.01467	0.00893	0.00766
11	0.77215	0.01569	0.01193	0.01067	0.01569	0.01820	0.00879	0.02385	0.01381	0.03641	0.01130	0.01318	0.00879	0.00753	0.00502	0.00251	0.00628	0.00439	0.00502	0.00879
12	0.72625	0.01613	0.01270	0.01117	0.01628	0.01863	0.00920	0.06182	0.01532	0.03732	0.01180	0.01357	0.00910	0.00767	0.00521	0.00251	0.00644	0.00457	0.00521	0.00910
13	0.00987	0.00713	0.00934	0.01111	0.01172	0.00661	0.00745	0.01132	0.01572	0.02079	0.04703	0.67070	0.09102	0.02512	0.01031	0.00326	0.00467	0.02270	0.00753	0.00661
14	0.01683	0.01442	0.01683	0.01202	0.01923	0.01082	0.00961	0.02043	0.01683	0.02644	0.01442	0.01683	0.01202	0.00601	0.00601	0.00120	0.00601	0.00481	0.00481	0.76444
15	0.01160	0.00864	0.01279	0.01279	0.01415	0.01001	0.00983	0.01433	0.01297	0.01865	0.02197	0.03315	0.02084	0.10023	0.64407	0.01273	0.02090	0.00888	0.00438	0.00710
16	0.07741	0.47542	0.03510	0.01523	0.02167	0.09630	0.01398	0.13484	0.02084	0.02614	0.01288	0.01435	0.01091	0.00763	0.00593	0.00195	0.00916	0.00496	0.00449	0.01080
17	0.02641	0.01158	0.01488	0.01215	0.01691	0.01006	0.00978	0.02940	0.02171	0.41726	0.10401	0.04278	0.17567	0.01310	0.00848	0.00253	0.00576	0.01085	0.05547	0.01120
18	0.05817	0.01995	0.01883	0.01682	0.02147	0.09382	0.01308	0.06821	0.52124	0.03329	0.02908	0.02722	0.02190	0.01049	0.00799	0.00265	0.00744	0.00842	0.00764	0.01231
19	0.01677	0.10343	0.61564	0.02229	0.03382	0.02005	0.02852	0.02557	0.01707	0.02510	0.01426	0.01676	0.01029	0.00764	0.00748	0.00249	0.01169	0.00585	0.00343	0.01185
20	0.02090	0.35503	0.29444	0.01809	0.02700	0.02537	0.02046	0.08323	0.01903	0.04809	0.01412	0.01581	0.01102	0.00763	0.00660	0.00217	0.00998	0.00542	0.00413	0.01149
21	0.06232	0.01809	0.02172	0.04568	0.02454	0.01958	0.05176	0.18929	0.27061	0.16820	0.02655	0.02530	0.01892	0.00995	0.00812	0.00261	0.00778	0.00821	0.00798	0.01281
22	0.01018	0.00784	0.00931	0.00980	0.01154	0.00697	0.00702	0.01246	0.01861	0.02422	0.21707	0.29313	0.30022	0.02123	0.00985	0.00288	0.00425	0.01856	0.00789	0.00697
23	0.01532	0.01442	0.02434	0.69533	0.05589	0.01803	0.02253	0.02073	0.01622	0.02073	0.01442	0.02163	0.01082	0.00811	0.00811	0.00270	0.01082	0.00721	0.00361	0.00901
24	0.01665	0.01553	0.02492	0.51351	0.14469	0.01848	0.02171	0.02411	0.09407	0.02323	0.01683	0.02245	0.01284	0.00833	0.00812	0.00267	0.01010	0.00745	0.00424	0.01007
25	0.01468	0.00901	0.01179	0.01069	0.01320	0.00818	0.00816	0.01835	0.02283	0.11567	0.55533	0.05696	0.09171	0.01588	0.00939	0.00255	0.00424	0.01392	0.00902	0.00843
26	0.01180	0.00787	0.00885	0.00885	0.00885	0.00787	0.00492	0.01180	0.01180	0.01573	0.02557	0.05310	0.02950	0.71483	0.04130	0.00787	0.00787	0.01180	0.00492	0.00492
27	0.09706	0.24377	0.05511	0.01683	0.02254	0.13365	0.01483	0.19306	0.02286	0.02997	0.01434	0.01644	0.01168	0.01108	0.04050	0.00275	0.05188	0.00575	0.00506	0.01084
28	0.01174	0.01058	0.04335	0.01284	0.03986	0.00846	0.00925	0.01411	0.01648	0.02240	0.06865	0.38165	0.13964	0.06140	0.01122	0.00308	0.00550	0.01700	0.00670	0.11608
29	0.01159	0.00869	0.01304	0.01304	0.01449	0.01014	0.01014	0.01449	0.01304	0.01884	0.02173	0.03188	0.02029	0.06086	0.68268	0.01304	0.02173	0.00869	0.00435	0.00724
30	0.77215	0.01569	0.01193	0.01067	0.01569	0.01820	0.00879	0.02385	0.01381	0.03641	0.01130	0.01318	0.00879	0.00753	0.00502	0.00251	0.00628	0.00439	0.00502	0.00879
31	0.03043	0.01758	0.02151	0.06480	0.02486	0.01856	0.01435	0.25047	0.08052	0.31007	0.02510	0.02392	0.01702	0.01013	0.00926	0.00258	0.04959	0.00781	0.00836	0.01309
32	0.01081	0.00827	0.00990	0.00950	0.01171	0.00737	0.00712	0.01400	0.02137	0.02873	0.45286	0.06688	0.28601	0.01801	0.00958	0.00262	0.00393	0.01555	0.00843	0.00737
33	0.01153	0.00883	0.01196	0.05952	0.01551	0.00887	0.00909	0.01462	0.01972	0.02732	0.38665	0.23874	0.08667	0.01852	0.01050	0.00283	0.03756	0.01625	0.00785	0.00748
34	0.06276	0.13588	0.02305	0.01499	0.02105	0.05027	0.01263	0.07333	0.09103	0.39275	0.02599	0.02367	0.01761	0.00941	0.00749	0.00238	0.00763	0.00727	0.00811	0.01270
35	0.01122	0.00828	0.01048	0.00993	0.01196	0.00754	0.00745	0.01480	0.02235	0.03106	0.57964	0.06304	0.15778	0.01714	0.00957	0.00258	0.00387	0.01502	0.00874	0.00754
36	0.02008	0.01928	0.03294	0.04981	0.66422	0.01928	0.02490	0.02490	0.01848	0.02651	0.01526	0.02008	0.01285	0.00723	0.00803	0.00241	0.00964	0.00723	0.00402	0.01285
37	0.00959	0.00822	0.00822	0.00822	0.01096	0.00685	0.00617	0.01165	0.01850	0.02192	0.08220	0.07809	0.66092	0.02055	0.00959	0.00274	0.00411	0.01713	0.00754	0.00685
38	0.01049	0.00826	0.00947	0.00917	0.01151	0.00723	0.00688	0.01340	0.02063	0.02699	0.35799	0.06975	0.38197	0.01866	0.00958	0.00265	0.00398	0.01596	0.00820	0.00723
39	0.03031	0.03867	0.02299	0.02090	0.02508	0.68226	0.01568	0.03240	0.02299	0.01986	0.01254	0.01463	0.01045	0.00836	0.00732	0.00209	0.01463	0.00523	0.00418	0.00941
40	0.02108	0.64323	0.11364	0.01493	0.02244	0.03061	0.01570	0.02446	0.01656	0.01984	0.01165	0.01348	0.01040	0.00703	0.00549	0.00183	0.00905	0.00453	0.00347	0.01059

[dist]
# distance from previous block
# <min> <max>
0	3

[block]
# block no. 1 follows, 23 sequences, length 43
# corresponding to MSA columns:
# 77-119
name=unknown_B
#
# <colnr> <probs for GDERKNQSTAVLIFYWHMCP>
#	G	D	E	R	K	N	Q	S	T	A	V	L	I	F	Y	W	H	M	C	P
0	0.21095	0.01475	0.02113	0.51836	0.04550	0.01807	0.01898	0.02154	0.01560	0.02478	0.01361	0.01945	0.01029	0.00796	0.00731	0.00265	0.00964	0.00648	0.00397	0.00896
1	0.77215	0.01569	0.01193	0.01067	0.01569	0.01820	0.00879	0.02385	0.01381	0.03641	0.01130	0.01318	0.00879	0.00753	0.00502	0.00251	0.00628	0.00439	0.00502	0.00879
2	0.02008	0.01928	0.03294	0.04981	0.66422	0.01928	0.02490	0.02490	0.01848	0.02651	0.01526	0.02008	0.01285	0.00723	0.00803	0.00241	0.00964	0.00723	0.00402	0.01285
3	0.01513	0.00756	0.00756	0.00756	0.00945	0.00756	0.00567	0.01891	0.01702	0.03025	0.02647	0.03025	0.02080	0.00945	0.00567	0.00189	0.00378	0.00756	0.75988	0.00756
4	0.01159	0.00869	0.01304	0.01304	0.01449	0.01014	0.01014	0.01449	0.01304	0.01884	0.02173	0.03188	0.02029	0.06086	0.68268	0.01304	0.02173	0.00869	0.00435	0.00724
5	0.65805	0.01447	0.01127	0.01020	0.01475	0.01660	0.00832	0.02311	0.01429	0.03548	0.01359	0.01575	0.01060	0.00782	0.00512	0.00242	0.00590	0.00487	0.11879	0.00860
6	0.01180	0.00787	0.00885	0.00885	0.00885	0.00787	0.00492	0.01180	0.01180	0.01573	0.02557	0.05310	0.02950	0.71483	0.04130	0.00787	0.00787	0.01180	0.00492	0.00492
7	0.01136	0.00829	0.01068	0.01008	0.01205	0.00760	0.00756	0.01507	0.02268	0.03185	0.62243	0.06175	0.11449	0.01685	0.00957	0.00256	0.00385	0.01483	0.00884	0.00760
8	0.02018	0.01743	0.01835	0.01651	0.02110	0.02018	0.01284	0.04312	0.64956	0.03394	0.03303	0.03027	0.02477	0.01101	0.00826	0.00275	0.00642	0.00917	0.00826	0.01284
9	0.01180	0.00787	0.00885	0.00885	0.00885	0.00787	0.00492	0.01180	0.01180	0.01573	0.02557	0.05310	0.02950	0.71483	0.04130	0.00787	0.00787	0.01180	0.00492	0.00492
10	0.06063	0.01748	0.02101	0.13069	0.06896	0.01967	0.01536	0.13551	0.30756	0.09811	0.02536	0.02527	0.01859	0.00980	0.00802	0.00263	0.00781	0.00807	0.00721	0.01226
11	0.03034	0.03793	0.02306	0.02080	0.02509	0.65148	0.01567	0.06073	0.02370	0.02132	0.01287	0.01486	0.01061	0.00843	0.00735	0.00211	0.01437	0.00532	0.00437	0.00961
12	0.01650	0.01442	0.01846	0.16111	0.02723	0.01239	0.01243	0.02050	0.01669	0.02520	0.01442	0.01787	0.01176	0.00647	0.00647	0.00153	0.00706	0.00533	0.00455	0.59961
13	0.01532	0.01442	0.02434	0.69533	0.05589	0.01803	0.02253	0.02073	0.01622	0.02073	0.01442	0.02163	0.01082	0.00811	0.00811	0.00270	0.01082	0.00721	0.00361	0.00901
14	0.03085	0.02273	0.02435	0.01867	0.02516	0.02516	0.01542	0.63716	0.03815	0.05114	0.01948	0.01948	0.01380	0.00974	0.00812	0.00244	0.00893	0.00731	0.00812	0.01380
15	0.03325	0.01311	0.01782	0.01390	0.01963	0.01139	0.01139	0.03648	0.02319	0.58920	0.11146	0.03179	0.02723	0.01087	0.00834	0.00252	0.00652	0.00898	0.00990	0.01303
16	0.01491	0.16663	0.04881	0.01213	0.01632	0.01544	0.01053	0.04393	0.09141	0.02470	0.10059	0.07931	0.27006	0.01783	0.04977	0.00315	0.00702	0.01207	0.00649	0.00891
17	0.02073	0.57566	0.08200	0.05008	0.02458	0.02966	0.04547	0.02408	0.01647	0.01995	0.01187	0.01435	0.01053	0.00737	0.00667	0.00197	0.03970	0.00497	0.00351	0.01040
18	0.03641	0.01381	0.01883	0.01444	0.02071	0.01193	0.01193	0.03954	0.02322	0.66984	0.03201	0.02762	0.02009	0.01004	0.00816	0.00251	0.00690	0.00816	0.01004	0.01381
19	0.00959	0.00822	0.00822	0.00822	0.01096	0.00685	0.00617	0.01165	0.01850	0.02192	0.08220	0.07809	0.66092	0.02055	0.00959	0.00274	0.00411	0.01713	0.00754	0.00685
20	0.02611	0.03389	0.11165	0.02625	0.11720	0.40239	0.07291	0.06917	0.02224	0.02412	0.01398	0.01667	0.01114	0.00807	0.00772	0.00228	0.01314	0.00612	0.00431	0.01065
21	0.02057	0.57908	0.17331	0.01580	0.02379	0.02935	0.01722	0.02459	0.01662	0.02046	0.01196	0.01387	0.01039	0.00710	0.00573	0.00191	0.00937	0.00468	0.00346	0.01074
22	0.01300	0.00929	0.01296	0.01471	0.01658	0.00925	0.01280	0.01674	0.01890	0.02470	0.07401	0.08997	0.04820	0.02212	0.01113	0.00368	0.00729	0.57966	0.00755	0.00748
23	0.02585	0.39132	0.03310	0.01727	0.02288	0.34561	0.01475	0.02820	0.01963	0.01946	0.01189	0.01380	0.01043	0.00763	0.00622	0.00191	0.01155	0.00477	0.00381	0.00993
24	0.77215	0.01569	0.01193	0.01067	0.01569	0.01820	0.00879	0.02385	0.01381	0.03641	0.01130	0.01318	0.00879	0.00753	0.00502	0.00251	0.00628	0.00439	0.00502	0.00879
25	0.01724	0.01683	0.02635	0.50504	0.20132	0.05212	0.02276	0.02233	0.01711	0.02208	0.01453	0.02090	0.01129	0.00791	0.00805	0.00260	0.01073	0.00711	0.00373	0.00996
26	0.02244	0.05430	0.02043	0.01676	0.02162	0.09019	0.01325	0.13201	0.42570	0.03381	0.03021	0.02854	0.05322	0.01082	0.00806	0.00258	0.00766	0.00864	0.00754	0.01221
27	0.00986	0.00823	0.00860	0.00851	0.01113	0.00697	0.00638	0.01217	0.01914	0.02344	0.16505	0.07558	0.57712	0.01998	0.00959	0.00271	0.00407	0.01677	0.00774	0.00697
28	0.26441	0.46110	0.06115	0.01326	0.01981	0.02701	0.01296	0.02422	0.01565	0.02500	0.01144	0.01326	0.00988	0.00717	0.00526	0.00202	0.00805	0.00443	0.00397	0.00996
29	0.77215	0.01569	0.01193	0.01067	0.01569	0.01820	0.00879	0.02385	0.01381	0.03641	0.01130	0.01318	0.00879	0.00753	0.00502	0.00251	0.00628	0.00439	0.00502	0.00879
30	0.01532	0.01442	0.02434	0.69533	0.05589	0.01803	0.02253	0.02073	0.01622	0.02073	0.01442	0.02163	0.01082	0.00811	0.00811	0.00270	0.01082	0.00721	0.00361	0.00901
31	0.01603	0.00934	0.01227	0.01108	0.01383	0.00847	0.00859	0.01964	0.02262	0.14852	0.49153	0.05667	0.09353	0.01582	0.00938	0.00260	0.00455	0.03779	0.00901	0.00874
32	0.01124	0.00828	0.01051	0.00995	0.01197	0.00755	0.00746	0.01484	0.02239	0.03116	0.58504	0.06288	0.15231	0.01710	0.00957	0.00258	0.00386	0.01499	0.00875	0.00755
33	0.01629	0.01530	0.02577	0.50508	0.20151	0.01783	0.02238	0.02148	0.01710	0.02271	0.04614	0.02316	0.01452	0.00831	0.00816	0.00263	0.01019	0.00758	0.00397	0.00988
34	0.01148	0.00829	0.01085	0.01021	0.01212	0.00766	0.00766	0.01531	0.02297	0.03254	0.65994	0.06061	0.07656	0.01659	0.00957	0.00255	0.00383	0.01467	0.00893	0.00766
35	0.03036	0.03713	0.02313	0.02069	0.02509	0.61881	0.01565	0.09080	0.02446	0.02288	0.01321	0.01510	0.01078	0.00849	0.00739	0.00212	0.01408	0.00543	0.00456	0.00983
36	0.22038	0.08673	0.41175	0.01861	0.02803	0.01935	0.02209	0.02582	0.01651	0.06187	0.01435	0.01630	0.01040	0.00772	0.00682	0.00249	0.00993	0.00555	0.00420	0.01110
37	0.01279	0.00858	0.01127	0.01043	0.01257	0.00788	0.00788	0.01658	0.02298	0.06600	0.62696	0.05888	0.07360	0.01624	0.00950	0.00255	0.00399	0.01433	0.00899	0.00798
38	0.01977	0.01696	0.02343	0.19261	0.18743	0.01901	0.01815	0.03293	0.30647	0.06086	0.02401	0.02550	0.01816	0.00932	0.00816	0.00264	0.00832	0.00816	0.00616	0.01195
39	0.02231	0.01849	0.01955	0.01694	0.02191	0.02118	0.01336	0.16188	0.52732	0.03738	0.03032	0.02812	0.02258	0.01076	0.00823	0.00269	0.00692	0.00880	0.00823	0.01303
40	0.01532	0.01442	0.02434	0.69533	0.05589	0.01803	0.02253	0.02073	0.01622	0.02073	0.01442	0.02163	0.01082	0.00811	0.00811	0.00270	0.01082	0.00721	0.00361	0.00901
41	0.62551	0.05272	0.01376	0.01125	0.01587	0.04857	0.00912	0.02309	0.01435	0.03298	0.01359	0.04679	0.01203	0.04433	0.00722	0.00276	0.00680	0.00565	0.00501	0.00860
42	0.64683	0.01688	0.04750	0.04603	0.01906	0.01782	0.01079	0.02481	0.01472	0.07618	0.01297	0.01475	0.00970	0.00773	0.00552	0.00252	0.00684	0.00486	0.00519	0.00929

[dist]
# distance from previous block
# <min> <max>
17	34

[block]
# block no. 2 follows, 23 sequences, length 7
# corresponding to MSA columns:
# 162-168
name=unknown_C
#
# <colnr> <probs for GDERKNQSTAVLIFYWHMCP>
#	G	D	E	R	K	N	Q	S	T	A	V	L	I	F	Y	W	H	M	C	P
0	0.01590	0.01812	0.10182	0.44990	0.04551	0.01852	0.05723	0.02088	0.01568	0.02108	0.01404	0.02079	0.01101	0.00995	0.01193	0.04706	0.10065	0.00718	0.00360	0.00914
1	0.07359	0.15791	0.30364	0.20111	0.03565	0.02060	0.02246	0.02354	0.01675	0.02421	0.03993	0.01905	0.01303	0.00802	0.00722	0.00244	0.01029	0.00625	0.00383	0.01048
2	0.02068	0.01828	0.02486	0.34185	0.08581	0.05786	0.04429	0.18772	0.02302	0.02981	0.01828	0.02658	0.01491	0.00969	0.00839	0.00267	0.01027	0.05925	0.00524	0.01055
3	0.10896	0.46900	0.11874	0.01555	0.02260	0.10599	0.01560	0.02539	0.01703	0.02205	0.01186	0.01376	0.01021	0.00728	0.00576	0.00198	0.00954	0.00467	0.00373	0.01031
4	0.09595	0.04557	0.01479	0.01269	0.01509	0.03787	0.00988	0.01718	0.01394	0.02149	0.01938	0.02901	0.01828	0.11975	0.36769	0.00857	0.04618	0.00785	0.03672	0.06211
5	0.06140	0.44130	0.03425	0.01596	0.02210	0.18477	0.01424	0.09884	0.02047	0.02392	0.01255	0.01417	0.01074	0.00764	0.00604	0.00194	0.01000	0.00490	0.00427	0.01050
6	0.01588	0.07445	0.02265	0.21048	0.06567	0.01818	0.01640	0.01853	0.01411	0.01945	0.01466	0.02221	0.01313	0.02240	0.14976	0.09510	0.18765	0.00721	0.00374	0.00832

[dist]
# distance from previous block
# <min> <max>
1	117

[block]
# block no. 3 follows, 23 sequences, length 10
# corresponding to MSA columns:
# 286-295
name=unknown_D
#
# <colnr> <probs for GDERKNQSTAVLIFYWHMCP>
#	G	D	E	R	K	N	Q	S	T	A	V	L	I	F	Y	W	H	M	C	P
0	0.13664	0.01586	0.02626	0.47658	0.04724	0.01847	0.12181	0.02210	0.01632	0.02410	0.01425	0.02033	0.01074	0.00781	0.00786	0.00268	0.01057	0.00715	0.00391	0.00930
1	0.01972	0.02142	0.10099	0.01769	0.02194	0.10792	0.01556	0.13825	0.01984	0.02660	0.01691	0.02208	0.01438	0.02628	0.22872	0.00593	0.12422	0.00711	0.00483	0.05959
2	0.02149	0.01935	0.02229	0.22407	0.03248	0.09963	0.01729	0.20136	0.02336	0.02984	0.02110	0.03028	0.03889	0.01158	0.01076	0.00279	0.09606	0.08162	0.00560	0.01018
3	0.08701	0.42783	0.25264	0.01672	0.02519	0.02638	0.01886	0.02473	0.01647	0.02287	0.01239	0.01442	0.01022	0.00725	0.00604	0.00209	0.00958	0.00490	0.00359	0.01080
4	0.10971	0.01357	0.02051	0.44752	0.04083	0.01668	0.01788	0.01933	0.01471	0.02149	0.01371	0.02082	0.01110	0.01184	0.01299	0.13083	0.05784	0.00682	0.00376	0.00805
5	0.11900	0.07589	0.02386	0.10170	0.02726	0.05099	0.01524	0.37902	0.06342	0.04078	0.01765	0.01885	0.01300	0.00906	0.00748	0.00243	0.00892	0.00672	0.00665	0.01208
6	0.03961	0.10321	0.09659	0.38347	0.03942	0.01781	0.01896	0.02020	0.01602	0.02153	0.05649	0.02275	0.01539	0.01097	0.01065	0.09752	0.00961	0.00710	0.00395	0.00874
7	0.01930	0.27565	0.28352	0.10230	0.03109	0.02426	0.02156	0.07223	0.01818	0.02441	0.01356	0.01645	0.01069	0.00800	0.00794	0.00233	0.04795	0.00572	0.00384	0.01104
8	0.01599	0.01563	0.02700	0.36686	0.04168	0.01882	0.12287	0.02061	0.01557	0.02114	0.01491	0.02217	0.01220	0.01561	0.09521	0.00415	0.14894	0.00777	0.00377	0.00909
9	0.05160	0.35268	0.08202	0.01901	0.10125	0.06757	0.01547	0.04947	0.03563	0.03926	0.02230	0.02345	0.09163	0.00914	0.00670	0.00214	0.00869	0.00681	0.00463	0.01056

[dist]
# distance from previous block
# <min> <max>
1	28

[block]
# block no. 4 follows, 23 sequences, length 6
# corresponding to MSA columns:
# 324-329
name=unknown_E
#
# <colnr> <probs for GDERKNQSTAVLIFYWHMCP>
#	G	D	E	R	K	N	Q	S	T	A	V	L	I	F	Y	W	H	M	C	P
0	0.12339	0.01746	0.04715	0.34968	0.12000	0.04359	0.05320	0.02231	0.01650	0.02421	0.01544	0.02339	0.01279	0.00904	0.00912	0.00273	0.05659	0.03974	0.00411	0.00960
1	0.07706	0.21342	0.23623	0.08274	0.02806	0.02131	0.04402	0.06174	0.01767	0.02556	0.01529	0.01963	0.01247	0.05210	0.00894	0.00264	0.00961	0.00624	0.05493	0.01036
2	0.08507	0.08257	0.02496	0.56706	0.04883	0.01940	0.02044	0.02136	0.01603	0.02201	0.01383	0.02003	0.01059	0.00795	0.00755	0.00259	0.01020	0.00668	0.00372	0.00913
3	0.23974	0.15370	0.09409	0.20705	0.03080	0.02013	0.01636	0.02520	0.01654	0.10590	0.01510	0.01776	0.01124	0.00791	0.00661	0.00242	0.00873	0.00582	0.00477	0.01014
4	0.01210	0.00923	0.01311	0.01280	0.01391	0.01075	0.00969	0.01446	0.01334	0.01913	0.05764	0.03606	0.02431	0.16729	0.48347	0.01082	0.07081	0.00944	0.00464	0.00699
5	0.01744	0.07084	0.45047	0.08514	0.06070	0.06076	0.06443	0.02506	0.01761	0.02445	0.01690	0.01985	0.03468	0.00815	0.00779	0.00252	0.01160	0.00666	0.00371	0.01125

[dist]
# distance from previous block
# <min> <max>
5	21

[block]
# block no. 5 follows, 23 sequences, length 7
# corresponding to MSA columns:
# 351-357
name=unknown_F
#
# <colnr> <probs for GDERKNQSTAVLIFYWHMCP>
#	G	D	E	R	K	N	Q	S	T	A	V	L	I	F	Y	W	H	M	C	P
0	0.05333	0.09697	0.02606	0.40871	0.09920	0.02028	0.01970	0.05570	0.01736	0.02347	0.01657	0.02183	0.03586	0.00891	0.00912	0.00261	0.06343	0.00712	0.00409	0.00969
1	0.11008	0.37899	0.02997	0.05206	0.02135	0.05621	0.01316	0.02481	0.07473	0.02433	0.09356	0.02126	0.01973	0.00905	0.00726	0.00218	0.04015	0.00639	0.00481	0.00990
2	0.01480	0.01230	0.01401	0.09163	0.01921	0.06269	0.01076	0.07219	0.01911	0.02479	0.12530	0.26797	0.04108	0.11735	0.01403	0.00363	0.00713	0.06757	0.00670	0.00774
3	0.01769	0.11688	0.28077	0.02015	0.08287	0.01686	0.01969	0.02361	0.01907	0.07936	0.15969	0.03307	0.02874	0.01085	0.00813	0.00253	0.00878	0.05499	0.00556	0.01071
4	0.15709	0.41392	0.10898	0.01643	0.02352	0.07089	0.06331	0.02506	0.01672	0.02357	0.01215	0.01432	0.01025	0.00722	0.00594	0.00207	0.00942	0.00501	0.00384	0.01028
5	0.02221	0.12436	0.04963	0.01677	0.02058	0.28589	0.01375	0.02445	0.01939	0.04074	0.09643	0.02648	0.06955	0.01228	0.01144	0.06168	0.08294	0.00762	0.00494	0.00887
6	0.11056	0.08089	0.48011	0.01990	0.02964	0.01861	0.02427	0.02439	0.01703	0.02682	0.04459	0.02261	0.01518	0.00888	0.00749	0.00257	0.01043	0.04089	0.00411	0.01103

[dist]
# distance from previous block
# <min> <max>
11	33

[block]
# block no. 6 follows, 23 sequences, length 6
# corresponding to MSA columns:
# 404-409
name=unknown_G
#
# <colnr> <probs for GDERKNQSTAVLIFYWHMCP>
#	G	D	E	R	K	N	Q	S	T	A	V	L	I	F	Y	W	H	M	C	P
0	0.14018	0.23975	0.05360	0.01433	0.01934	0.09102	0.01277	0.06845	0.01885	0.02605	0.06789	0.02756	0.11515	0.01075	0.00836	0.00234	0.06131	0.00763	0.00515	0.00952
1	0.02016	0.12240	0.02419	0.10026	0.02501	0.19714	0.01535	0.02278	0.01676	0.02002	0.01518	0.05908	0.01430	0.01652	0.09004	0.00377	0.18086	0.00723	0.00410	0.04486
2	0.18844	0.20233	0.02589	0.10368	0.02484	0.10463	0.01481	0.02488	0.05365	0.02424	0.01302	0.01637	0.01101	0.00913	0.01037	0.00251	0.15071	0.00569	0.00422	0.00958
3	0.08830	0.07295	0.06756	0.15927	0.13664	0.06418	0.01711	0.02613	0.13018	0.02664	0.07029	0.02730	0.06100	0.00978	0.00774	0.00251	0.00863	0.00807	0.00531	0.01042
4	0.07217	0.01715	0.01865	0.05570	0.02186	0.01864	0.01254	0.36550	0.02842	0.03872	0.03129	0.07911	0.12499	0.06548	0.01081	0.00298	0.00769	0.01017	0.00727	0.01086
5	0.09272	0.05988	0.01520	0.04145	0.01657	0.01218	0.00951	0.04449	0.02006	0.14062	0.24990	0.08144	0.07875	0.08835	0.01188	0.00311	0.00595	0.01152	0.00750	0.00893

[dist]
# distance from previous block
# <min> <max>
11	25

[block]
# block no. 7 follows, 23 sequences, length 8
# corresponding to MSA columns:
# 435-442
name=unknown_H
#
# <colnr> <probs for GDERKNQSTAVLIFYWHMCP>
#	G	D	E	R	K	N	Q	S	T	A	V	L	I	F	Y	W	H	M	C	P
0	0.06281	0.01530	0.02594	0.48732	0.09207	0.01778	0.08780	0.02151	0.01673	0.02293	0.01652	0.02597	0.01353	0.00889	0.00829	0.00275	0.01053	0.04989	0.00405	0.00937
1	0.09479	0.25708	0.29167	0.06030	0.02874	0.09522	0.02063	0.02548	0.01717	0.02368	0.01294	0.01541	0.01023	0.00754	0.00661	0.00225	0.01056	0.00529	0.00369	0.01069
2	0.01412	0.01134	0.01443	0.01406	0.01536	0.01277	0.01067	0.08157	0.01762	0.02386	0.03706	0.35559	0.09416	0.05596	0.01515	0.00347	0.15355	0.05481	0.00661	0.00786
3	0.02375	0.01771	0.01934	0.01554	0.02059	0.01867	0.01235	0.39989	0.02960	0.03988	0.02696	0.11176	0.06542	0.06637	0.01083	0.00285	0.00766	0.01003	0.00740	0.09341
4	0.02889	0.02088	0.02261	0.01740	0.02369	0.02250	0.01432	0.53161	0.03489	0.07645	0.02369	0.02338	0.05466	0.01020	0.00808	0.00238	0.00835	0.00781	0.00796	0.06024
5	0.02128	0.29682	0.23955	0.01899	0.02632	0.15664	0.01980	0.02589	0.01759	0.02141	0.01252	0.01513	0.01040	0.00819	0.00855	0.00225	0.07918	0.00532	0.00361	0.01057
6	0.02823	0.02105	0.02264	0.01757	0.02364	0.02299	0.01432	0.52537	0.07495	0.04653	0.02036	0.02182	0.01524	0.04761	0.00978	0.00267	0.00852	0.00751	0.00774	0.06145
7	0.02534	0.04933	0.02148	0.04386	0.02324	0.15863	0.01378	0.30900	0.07258	0.03534	0.02616	0.02801	0.08993	0.05495	0.01011	0.00275	0.00938	0.00831	0.00668	0.01113

[dist]
# distance from previous block
# <min> <max>
7	11

[block]
# block no. 8 follows, 23 sequences, length 93
# corresponding to MSA columns:
# 454-546
name=unknown_I
#
# <colnr> <probs for GDERKNQSTAVLIFYWHMCP>
#	G	D	E	R	K	N	Q	S	T	A	V	L	I	F	Y	W	H	M	C	P
0	0.01811	0.11529	0.28042	0.08415	0.07429	0.02104	0.24215	0.02516	0.01777	0.02461	0.01484	0.01886	0.01121	0.00731	0.00812	0.00253	0.01195	0.00724	0.00372	0.01122
1	0.01069	0.00785	0.00995	0.01120	0.01212	0.00752	0.00763	0.01347	0.05109	0.02235	0.10250	0.54484	0.08400	0.05964	0.01175	0.00341	0.00485	0.02062	0.00757	0.00696
2	0.04523	0.16606	0.49355	0.02045	0.03092	0.02090	0.02517	0.02618	0.01725	0.06231	0.01485	0.01683	0.01082	0.00770	0.00717	0.00241	0.01087	0.00576	0.00388	0.01169
3	0.04209	0.01283	0.01803	0.27944	0.03154	0.01383	0.01448	0.06088	0.01940	0.15350	0.06815	0.07196	0.11791	0.04869	0.01018	0.00294	0.00788	0.01034	0.00640	0.00952
4	0.02379	0.01745	0.01932	0.01619	0.02065	0.01891	0.01277	0.42639	0.03053	0.04089	0.02798	0.25187	0.02723	0.01502	0.00887	0.00272	0.00751	0.01261	0.00792	0.01137
5	0.05584	0.01282	0.01241	0.01202	0.01524	0.05042	0.00929	0.02210	0.18116	0.02585	0.05594	0.09355	0.33407	0.01710	0.00905	0.00281	0.00578	0.06847	0.00738	0.00869
6	0.01878	0.02086	0.06658	0.13261	0.24115	0.01970	0.32849	0.02489	0.01844	0.02540	0.01569	0.02108	0.01218	0.00718	0.00880	0.00262	0.01192	0.00834	0.00398	0.01132
7	0.01728	0.01564	0.02528	0.36625	0.14692	0.01767	0.05925	0.06214	0.05095	0.02520	0.02021	0.03209	0.01750	0.01027	0.00866	0.00280	0.00996	0.09709	0.00481	0.01005
8	0.01279	0.01107	0.01736	0.37837	0.03541	0.01274	0.01551	0.01638	0.01606	0.02079	0.03042	0.30718	0.06245	0.01587	0.00911	0.00295	0.00796	0.01424	0.00542	0.00791
9	0.01837	0.21160	0.48055	0.02069	0.03101	0.05722	0.02519	0.02570	0.01728	0.02373	0.01363	0.01597	0.01032	0.00755	0.00706	0.00234	0.01130	0.00554	0.00348	0.01146
10	0.01839	0.03348	0.46906	0.02236	0.03232	0.01723	0.09590	0.02620	0.01818	0.09873	0.04116	0.05581	0.01619	0.00909	0.00818	0.00262	0.01095	0.00784	0.00466	0.01165
11	0.00987	0.00711	0.00937	0.01118	0.01174	0.00660	0.00748	0.01131	0.01565	0.02076	0.04620	0.68458	0.07767	0.02523	0.01033	0.00327	0.00468	0.02283	0.00753	0.00660
12	0.01873	0.01854	0.03310	0.19207	0.38816	0.01949	0.12723	0.02387	0.01777	0.02475	0.01503	0.02062	0.01219	0.00772	0.00926	0.00259	0.04589	0.00762	0.00391	0.01146
13	0.02072	0.16019	0.03378	0.07344	0.42539	0.06041	0.04027	0.02565	0.03972	0.02457	0.01490	0.01884	0.01251	0.00740	0.00749	0.00229	0.00981	0.00667	0.00404	0.01190
14	0.01648	0.04072	0.63757	0.02460	0.06975	0.01887	0.02970	0.02565	0.01721	0.02574	0.01460	0.01729	0.01042	0.00768	0.00773	0.00256	0.01186	0.00606	0.00346	0.01204
15	0.01340	0.01000	0.01219	0.01254	0.04829	0.00936	0.00891	0.01820	0.07535	0.06291	0.28420	0.06208	0.29381	0.01703	0.00937	0.00268	0.00479	0.03842	0.00806	0.00840
16	0.02622	0.01862	0.02055	0.01668	0.02185	0.02011	0.01347	0.45549	0.03216	0.07716	0.02762	0.13981	0.04745	0.01322	0.00865	0.00264	0.00788	0.03022	0.00808	0.01211
17	0.01667	0.05683	0.11345	0.02171	0.02689	0.01705	0.21333	0.02145	0.01800	0.04774	0.12569	0.12955	0.02873	0.01252	0.01164	0.00282	0.10958	0.01127	0.00542	0.00966
18	0.01376	0.00924	0.01268	0.01403	0.01602	0.00900	0.01189	0.01714	0.01874	0.05870	0.06917	0.15462	0.07358	0.02177	0.01081	0.00353	0.00684	0.46310	0.00768	0.00769
19	0.01643	0.04106	0.64695	0.02420	0.06053	0.01886	0.02977	0.02566	0.01719	0.02573	0.01459	0.01725	0.01038	0.00769	0.00772	0.00256	0.01190	0.00605	0.00345	0.01203
20	0.14419	0.09457	0.43901	0.02223	0.06424	0.02001	0.05737	0.02524	0.01670	0.02698	0.01386	0.01652	0.01029	0.00754	0.00716	0.00249	0.01071	0.00584	0.00377	0.01130
21	0.10403	0.01492	0.02197	0.42002	0.09691	0.01752	0.01880	0.07685	0.01807	0.02583	0.01803	0.09821	0.01589	0.01008	0.00800	0.00270	0.00932	0.00869	0.00466	0.00949
22	0.01111	0.00799	0.01035	0.01139	0.01242	0.00761	0.00790	0.03896	0.01804	0.02446	0.17049	0.54615	0.05668	0.02293	0.01010	0.00311	0.00471	0.02066	0.00785	0.00712
23	0.05171	0.06248	0.42631	0.05836	0.09154	0.08242	0.02516	0.02668	0.01796	0.06263	0.01517	0.01767	0.01107	0.00785	0.00753	0.00248	0.01129	0.00609	0.00402	0.01158
24	0.01781	0.14550	0.49072	0.02027	0.03042	0.01977	0.02486	0.02542	0.01777	0.05809	0.06243	0.02022	0.01568	0.00836	0.00747	0.00243	0.01061	0.00648	0.00418	0.01152
25	0.01985	0.05225	0.03284	0.08980	0.59435	0.01981	0.02423	0.02460	0.01824	0.02578	0.01502	0.01985	0.01261	0.00727	0.00790	0.00240	0.00967	0.00709	0.00396	0.01249
26	0.12291	0.02525	0.22786	0.08135	0.08944	0.01832	0.20326	0.02477	0.01744	0.04949	0.01694	0.05608	0.01361	0.00845	0.00811	0.00264	0.01082	0.00803	0.00437	0.01084
27	0.01861	0.09643	0.08321	0.02589	0.14223	0.05490	0.15175	0.02318	0.01882	0.04809	0.13046	0.06358	0.02564	0.01055	0.01000	0.00258	0.06917	0.00940	0.00517	0.01034
28	0.01302	0.01073	0.01285	0.01270	0.01435	0.04430	0.02940	0.04709	0.01868	0.02468	0.16848	0.38382	0.08934	0.05650	0.01194	0.00322	0.02644	0.01767	0.00731	0.00748
29	0.01201	0.00814	0.00991	0.00947	0.01147	0.00755	0.00710	0.01564	0.02130	0.03095	0.47190	0.05640	0.12753	0.01558	0.00879	0.00244	0.00385	0.01351	0.15890	0.00755
30	0.02243	0.01692	0.05285	0.01796	0.06105	0.01635	0.01400	0.26689	0.02630	0.10260	0.05605	0.18977	0.02961	0.01477	0.00900	0.00279	0.00757	0.07439	0.00765	0.01105
31	0.01967	0.30261	0.26568	0.02525	0.16643	0.04502	0.02211	0.02519	0.01736	0.02310	0.01336	0.01608	0.01090	0.00732	0.00679	0.00219	0.01026	0.00559	0.00360	0.01148
32	0.00989	0.00706	0.00942	0.01130	0.01177	0.00659	0.00753	0.01130	0.01554	0.02071	0.04472	0.70954	0.05367	0.02542	0.01036	0.00330	0.00471	0.02307	0.00753	0.00659
33	0.01900	0.02129	0.04512	0.05513	0.07407	0.02061	0.55043	0.02542	0.01866	0.02550	0.01598	0.02156	0.01220	0.00730	0.01037	0.00276	0.05041	0.00925	0.00405	0.01087
34	0.01860	0.02232	0.13771	0.07700	0.46165	0.01855	0.05582	0.02417	0.01817	0.02580	0.01866	0.02281	0.04621	0.00803	0.00814	0.00249	0.01001	0.00766	0.00409	0.01209
35	0.01862	0.01976	0.06685	0.19688	0.38755	0.01917	0.12409	0.02415	0.01799	0.02503	0.01522	0.02059	0.01215	0.00740	0.00829	0.00254	0.01070	0.00754	0.00390	0.01160
36	0.02809	0.02032	0.02216	0.01748	0.02317	0.02242	0.01421	0.49326	0.08625	0.07252	0.02160	0.02318	0.01617	0.04889	0.04907	0.00336	0.00932	0.00781	0.00783	0.01288
37	0.01855	0.01941	0.06511	0.07672	0.45055	0.01818	0.10984	0.02360	0.01811	0.02555	0.01811	0.08498	0.01637	0.00895	0.00846	0.00256	0.00993	0.00898	0.00431	0.01175
38	0.01977	0.01919	0.02646	0.13439	0.35921	0.07927	0.02022	0.05693	0.07114	0.02644	0.02371	0.02681	0.08256	0.00933	0.00817	0.00249	0.00938	0.00826	0.00491	0.01137
39	0.00989	0.00706	0.00942	0.01130	0.01177	0.00659	0.00753	0.01130	0.01554	0.02071	0.04472	0.70954	0.05367	0.02542	0.01036	0.00330	0.00471	0.02307	0.00753	0.00659
40	0.01627	0.04197	0.67279	0.02313	0.03512	0.01884	0.02998	0.02570	0.01713	0.02570	0.01456	0.01713	0.01028	0.00771	0.00771	0.00257	0.01199	0.00600	0.00343	0.01199
41	0.05113	0.62857	0.09994	0.01462	0.02195	0.03032	0.01518	0.02441	0.01644	0.02040	0.01159	0.01341	0.01034	0.00704	0.00543	0.00184	0.00889	0.00450	0.00353	0.01050
42	0.02863	0.05402	0.05434	0.01555	0.02127	0.01625	0.01325	0.20383	0.02554	0.31850	0.02852	0.13614	0.02279	0.01220	0.00833	0.00258	0.00748	0.01005	0.00839	0.01234
43	0.01006	0.00719	0.00957	0.01118	0.01181	0.00670	0.00755	0.01172	0.01632	0.02197	0.10992	0.64077	0.05609	0.02449	0.01027	0.00322	0.00461	0.02218	0.00768	0.00670
44	0.01240	0.01109	0.01076	0.01042	0.01333	0.04342	0.00784	0.01767	0.11290	0.02440	0.11608	0.09919	0.45407	0.01844	0.00931	0.00272	0.00500	0.01544	0.00758	0.00792
45	0.06733	0.02420	0.02058	0.01761	0.02262	0.24324	0.01404	0.17702	0.05858	0.16770	0.02255	0.02737	0.01777	0.01062	0.00803	0.00249	0.01002	0.06992	0.00697	0.01134
46	0.03209	0.01991	0.14985	0.01640	0.02383	0.01400	0.01572	0.06806	0.02279	0.50869	0.02787	0.02510	0.01780	0.00956	0.00807	0.00252	0.00803	0.00768	0.00862	0.01345
47	0.02003	0.01942	0.03376	0.04895	0.62999	0.01935	0.05847	0.02496	0.01851	0.02648	0.01533	0.02018	0.01282	0.00721	0.00812	0.00243	0.00986	0.00736	0.00402	0.01275
48	0.02008	0.01928	0.03294	0.04981	0.66422	0.01928	0.02490	0.02490	0.01848	0.02651	0.01526	0.02008	0.01285	0.00723	0.00803	0.00241	0.00964	0.00723	0.00402	0.01285
49	0.01591	0.01512	0.01729	0.10195	0.02242	0.11254	0.04467	0.05359	0.01820	0.02287	0.05099	0.34662	0.03397	0.01980	0.04654	0.00347	0.04497	0.01485	0.00605	0.00816
50	0.02458	0.01907	0.02053	0.01689	0.02213	0.02128	0.01356	0.34002	0.26971	0.04247	0.09724	0.02826	0.02510	0.01100	0.00834	0.00257	0.00739	0.00885	0.00826	0.01274
51	0.02896	0.02087	0.02258	0.01760	0.02360	0.02279	0.01442	0.55073	0.03545	0.07291	0.02447	0.05567	0.04986	0.01106	0.00830	0.00250	0.00839	0.00860	0.00814	0.01309
52	0.01681	0.01642	0.02906	0.10583	0.03074	0.01813	0.23021	0.05249	0.01696	0.02346	0.01916	0.09729	0.01796	0.04729	0.09213	0.00436	0.15776	0.01009	0.00457	0.00927
53	0.01769	0.01823	0.02536	0.48754	0.04667	0.10102	0.05012	0.02225	0.01667	0.02071	0.01376	0.02025	0.01082	0.00892	0.01064	0.00275	0.10670	0.00706	0.00369	0.00914
54	0.01907	0.02056	0.03778	0.16777	0.15682	0.05501	0.33209	0.02470	0.01825	0.02433	0.01527	0.02088	0.01192	0.00767	0.00987	0.00268	0.05234	0.00830	0.00396	0.01071
55	0.01716	0.01349	0.01900	0.02333	0.17326	0.01393	0.01543	0.02501	0.14925	0.05761	0.05322	0.08233	0.03398	0.01575	0.00960	0.00310	0.00752	0.26990	0.00697	0.01015
56	0.01808	0.02488	0.16940	0.03095	0.06319	0.01955	0.43561	0.02489	0.01830	0.02545	0.01730	0.05706	0.01406	0.00826	0.00976	0.00275	0.03606	0.00940	0.00413	0.01093
57	0.00989	0.00706	0.00942	0.01130	0.01177	0.00659	0.00753	0.01130	0.01554	0.02071	0.04472	0.70954	0.05367	0.02542	0.01036	0.00330	0.00471	0.02307	0.00753	0.00659
58	0.02406	0.01571	0.01792	0.01548	0.02033	0.01672	0.01242	0.10149	0.32484	0.19527	0.03575	0.03720	0.07055	0.01230	0.00857	0.00274	0.00674	0.06104	0.00857	0.01229
59	0.02008	0.01928	0.03294	0.04981	0.66422	0.01928	0.02490	0.02490	0.01848	0.02651	0.01526	0.02008	0.01285	0.00723	0.00803	0.00241	0.00964	0.00723	0.00402	0.01285
60	0.01005	0.00718	0.00961	0.01149	0.01203	0.00673	0.00782	0.01159	0.01570	0.02090	0.04463	0.67719	0.05330	0.02526	0.01040	0.00332	0.00485	0.05377	0.00753	0.00664
61	0.01649	0.01558	0.02213	0.07818	0.02268	0.02115	0.01640	0.01885	0.01310	0.02011	0.01347	0.02085	0.01264	0.02032	0.12100	0.00479	0.50213	0.00737	0.04419	0.00858
62	0.01982	0.05328	0.05864	0.07279	0.58421	0.01982	0.02449	0.02474	0.01824	0.02589	0.01501	0.01969	0.01255	0.00727	0.00789	0.00240	0.00974	0.00704	0.00395	0.01255
63	0.02020	0.01288	0.01378	0.01180	0.01504	0.01404	0.00940	0.21293	0.02340	0.03621	0.02341	0.02618	0.01804	0.00981	0.00759	0.00215	0.04372	0.00746	0.48236	0.00959
64	0.01175	0.00807	0.00990	0.00990	0.01026	0.00843	0.00622	0.01247	0.01211	0.01651	0.02461	0.04781	0.02720	0.55174	0.20125	0.00916	0.01133	0.01103	0.00477	0.00550
65	0.01657	0.01197	0.01597	0.05013	0.01925	0.01217	0.04323	0.13972	0.02110	0.06316	0.03729	0.38279	0.06352	0.01911	0.00967	0.00304	0.00668	0.06838	0.00740	0.00887
66	0.01743	0.01877	0.03831	0.16351	0.04109	0.01892	0.42052	0.02320	0.01787	0.02410	0.01841	0.08709	0.01586	0.00925	0.01025	0.00283	0.04799	0.01026	0.00430	0.01004
67	0.01158	0.00835	0.01102	0.01079	0.01262	0.00779	0.00825	0.01527	0.02211	0.03101	0.55967	0.09782	0.07207	0.01769	0.00979	0.00272	0.00428	0.08090	0.00870	0.00758
68	0.01896	0.01868	0.03062	0.24994	0.41518	0.04589	0.05575	0.02396	0.01799	0.02440	0.01495	0.02044	0.01209	0.00753	0.00811	0.00251	0.01042	0.00727	0.00390	0.01141
69	0.01810	0.24942	0.41287	0.02008	0.02931	0.02355	0.02377	0.02465	0.01646	0.02303	0.01315	0.01592	0.01036	0.00812	0.00882	0.00241	0.07971	0.00559	0.00345	0.01119
70	0.01405	0.00930	0.01058	0.01050	0.01219	0.03560	0.00793	0.01718	0.01528	0.02420	0.02385	0.03154	0.02063	0.06908	0.29590	0.00697	0.01208	0.00818	0.36760	0.00736
71	0.10559	0.05934	0.02185	0.06168	0.05443	0.02155	0.01435	0.20542	0.27423	0.06284	0.02348	0.02321	0.01743	0.00963	0.00766	0.00255	0.00770	0.00758	0.00716	0.01232
72	0.01780	0.21178	0.48655	0.02194	0.05849	0.02220	0.02571	0.02531	0.01703	0.02407	0.01377	0.01622	0.01042	0.00750	0.00709	0.00235	0.01106	0.00563	0.00346	0.01163
73	0.01904	0.02001	0.02537	0.46263	0.14197	0.15100	0.02152	0.02370	0.01792	0.02143	0.01417	0.02000	0.01105	0.00803	0.00794	0.00254	0.01140	0.00682	0.00378	0.00967
74	0.01037	0.00756	0.01025	0.04724	0.01395	0.00732	0.00818	0.01204	0.01574	0.02104	0.07404	0.60121	0.05119	0.06415	0.01200	0.00349	0.00517	0.02114	0.00725	0.00668
75	0.01988	0.02048	0.06674	0.04840	0.63098	0.01926	0.02517	0.02494	0.01841	0.02647	0.01523	0.01993	0.01272	0.00726	0.00802	0.00242	0.00976	0.00716	0.00399	0.01281
76	0.02670	0.16019	0.02685	0.01856	0.06015	0.02413	0.01478	0.36800	0.07741	0.07281	0.02274	0.02270	0.04986	0.00974	0.00762	0.00234	0.00836	0.00744	0.00703	0.01261
77	0.02151	0.01411	0.01518	0.01276	0.01657	0.01527	0.01021	0.28159	0.02567	0.03816	0.02309	0.02581	0.01778	0.01400	0.06500	0.00308	0.00752	0.00755	0.37496	0.01019
78	0.01639	0.04117	0.64779	0.02357	0.03541	0.01891	0.05417	0.02571	0.01721	0.02571	0.01464	0.01732	0.01036	0.00767	0.00778	0.00258	0.01206	0.00614	0.00345	0.01195
79	0.01974	0.09385	0.07497	0.05903	0.11079	0.05621	0.38780	0.02554	0.01851	0.02455	0.01515	0.01998	0.01185	0.00736	0.00935	0.00259	0.03967	0.00816	0.00396	0.01093
80	0.01627	0.04197	0.67279	0.02313	0.03512	0.01884	0.02998	0.02570	0.01713	0.02570	0.01456	0.01713	0.01028	0.00771	0.00771	0.00257	0.01199	0.00600	0.00343	0.01199
81	0.00996	0.00709	0.00939	0.01120	0.01165	0.00664	0.00743	0.01132	0.01538	0.02051	0.04394	0.68287	0.05269	0.05343	0.01161	0.00348	0.00484	0.02261	0.00743	0.00652
82	0.01901	0.02134	0.04578	0.06976	0.07929	0.02032	0.56719	0.02565	0.01896	0.02575	0.01624	0.02177	0.01227	0.00693	0.00941	0.00272	0.01329	0.00932	0.00407	0.01095
83	0.02690	0.01633	0.01958	0.05214	0.02272	0.01712	0.01325	0.25024	0.09422	0.21830	0.06042	0.05176	0.02289	0.01244	0.00982	0.04690	0.00759	0.03727	0.00817	0.01198
84	0.01155	0.00884	0.01224	0.01263	0.01408	0.00840	0.04145	0.04604	0.01749	0.02321	0.06943	0.55842	0.09941	0.02283	0.01010	0.00314	0.00533	0.02068	0.00744	0.00728
85	0.01160	0.00855	0.01084	0.01015	0.01224	0.00774	0.00751	0.01501	0.02146	0.03016	0.53008	0.08486	0.10658	0.05429	0.01112	0.00281	0.00422	0.01448	0.00835	0.04796
86	0.09241	0.35675	0.11181	0.01644	0.02292	0.15758	0.01575	0.02558	0.01741	0.02211	0.01208	0.01433	0.01035	0.00773	0.00714	0.00205	0.04797	0.00490	0.00383	0.05085
87	0.02782	0.02021	0.02197	0.01742	0.02345	0.02206	0.01417	0.40453	0.19170	0.09525	0.02367	0.02275	0.01701	0.00989	0.00804	0.00246	0.00797	0.00772	0.00813	0.05377
88	0.06580	0.01526	0.04288	0.01445	0.01961	0.01437	0.01202	0.06636	0.17333	0.29585	0.15671	0.03330	0.03129	0.01135	0.00828	0.00258	0.00644	0.00939	0.00876	0.01199
89	0.02014	0.01218	0.01641	0.01663	0.05176	0.01227	0.01292	0.05565	0.05005	0.18223	0.03682	0.13338	0.05335	0.01727	0.01068	0.00316	0.04441	0.25307	0.00778	0.00983
90	0.04895	0.01243	0.04987	0.15053	0.05781	0.01176	0.01310	0.01742	0.04266	0.02356	0.07473	0.19303	0.14553	0.05305	0.01082	0.00317	0.00700	0.07022	0.00619	0.00817
91	0.05737	0.06539	0.54393	0.05868	0.03499	0.01939	0.05974	0.02529	0.01698	0.02576	0.01434	0.01724	0.01034	0.00764	0.00758	0.00255	0.01158	0.00610	0.00356	0.01154
92	0.17125	0.07813	0.01890	0.05045	0.02061	0.05439	0.01192	0.17738	0.08835	0.03378	0.06133	0.06745	0.08603	0.01142	0.00750	0.00249	0.00733	0.00889	0.03219	0.01022

[dist]
# distance from previous block
# <min> <max>
3	88

# created by:
# /st0/software/busco_prod/Augustus/scripts/msa2prfl.pl ./align_prep/110764.fa
