[name]
unknown

[dist]
# distance from previous block
# <min> <max>
1	41

[block]
# block no. 0 follows, 29 sequences, length 12
# corresponding to MSA columns:
# 41-52
name=unknown_A
#
# <colnr> <probs for GDERKNQSTAVLIFYWHMCP>
#	G	D	E	R	K	N	Q	S	T	A	V	L	I	F	Y	W	H	M	C	P
0	0.11901	0.07614	0.16205	0.11130	0.02517	0.01781	0.01555	0.22494	0.02053	0.07238	0.01612	0.04238	0.01272	0.00831	0.00662	0.00220	0.00797	0.02644	0.00510	0.02727
1	0.02048	0.03879	0.24751	0.01756	0.06145	0.01591	0.01671	0.18662	0.05076	0.15273	0.05137	0.07222	0.01750	0.00915	0.00716	0.00224	0.00786	0.00748	0.00578	0.01073
2	0.02057	0.01619	0.06818	0.09076	0.09628	0.03566	0.01390	0.19190	0.05265	0.14418	0.05192	0.04802	0.03871	0.02514	0.00784	0.00234	0.00727	0.03117	0.04727	0.01005
3	0.00966	0.00715	0.00902	0.00879	0.01044	0.00651	0.00650	0.01255	0.01883	0.02596	0.53048	0.13066	0.16518	0.01595	0.00848	0.00234	0.00348	0.01402	0.00751	0.00651
4	0.01573	0.01358	0.05220	0.27622	0.19955	0.01347	0.01687	0.01985	0.01621	0.09468	0.07064	0.03113	0.06274	0.00965	0.00755	0.00237	0.00779	0.07604	0.00477	0.00897
5	0.01654	0.15358	0.47682	0.02058	0.07685	0.01821	0.05156	0.02306	0.01544	0.06458	0.01337	0.01537	0.00982	0.00672	0.00651	0.00213	0.00967	0.00535	0.00344	0.01040
6	0.01048	0.00700	0.00869	0.00865	0.00901	0.00719	0.00549	0.01092	0.01120	0.01528	0.07219	0.04153	0.02635	0.50473	0.15673	0.07698	0.00876	0.00969	0.00438	0.00476
7	0.00909	0.00724	0.00819	0.00848	0.01029	0.00648	0.00616	0.01165	0.04030	0.02085	0.16463	0.24621	0.39835	0.01831	0.00855	0.00251	0.00378	0.01583	0.00683	0.00625
8	0.01454	0.01183	0.01924	0.53287	0.07041	0.01393	0.01705	0.01864	0.01477	0.07372	0.01742	0.10489	0.01495	0.00905	0.00727	0.00238	0.00832	0.00804	0.03258	0.00810
9	0.01665	0.01870	0.11300	0.12653	0.44068	0.01657	0.06246	0.04315	0.01643	0.02312	0.01451	0.02041	0.01212	0.00715	0.00724	0.00224	0.00896	0.03594	0.00368	0.01046
10	0.01488	0.03287	0.56590	0.02313	0.06735	0.01680	0.13414	0.02256	0.01539	0.02263	0.01308	0.01586	0.00943	0.00662	0.00705	0.00227	0.01066	0.00584	0.00313	0.01041
11	0.00997	0.00717	0.00933	0.00899	0.01048	0.00664	0.00660	0.01299	0.01915	0.02698	0.61292	0.11418	0.06358	0.04772	0.00969	0.00250	0.00358	0.01342	0.00757	0.00653

[dist]
# distance from previous block
# <min> <max>
5	6

[block]
# block no. 1 follows, 29 sequences, length 47
# corresponding to MSA columns:
# 60-106
name=unknown_B
#
# <colnr> <probs for GDERKNQSTAVLIFYWHMCP>
#	G	D	E	R	K	N	Q	S	T	A	V	L	I	F	Y	W	H	M	C	P
0	0.01536	0.19929	0.55984	0.01846	0.02798	0.01917	0.02311	0.02227	0.01491	0.02124	0.01213	0.01422	0.00905	0.00661	0.00627	0.00209	0.00986	0.00493	0.00302	0.01021
1	0.01333	0.06043	0.01254	0.00997	0.01240	0.00931	0.00776	0.05401	0.01980	0.08441	0.47438	0.11396	0.07210	0.01400	0.00802	0.00225	0.00422	0.01218	0.00739	0.00754
2	0.01211	0.01027	0.01437	0.01805	0.18732	0.00990	0.01097	0.01621	0.05655	0.02382	0.23502	0.05002	0.22884	0.01375	0.00815	0.00238	0.00521	0.08292	0.00622	0.00792
3	0.02521	0.01207	0.01504	0.01228	0.01670	0.01148	0.01002	0.14390	0.02125	0.39743	0.02871	0.06927	0.04865	0.01060	0.00725	0.00225	0.00588	0.05341	0.09808	0.01049
4	0.01622	0.01427	0.01667	0.16455	0.03940	0.04006	0.01271	0.05570	0.36991	0.02636	0.08566	0.02933	0.04200	0.03026	0.00818	0.00250	0.00664	0.02383	0.00612	0.00964
5	0.03054	0.01248	0.01661	0.01268	0.01825	0.01089	0.01045	0.06069	0.02054	0.63437	0.02655	0.02328	0.01690	0.00856	0.00703	0.00212	0.00608	0.00692	0.00842	0.06664
6	0.01374	0.01295	0.02188	0.68455	0.09485	0.01590	0.01992	0.01845	0.01438	0.01855	0.01271	0.01889	0.00962	0.00707	0.00711	0.00236	0.00942	0.00633	0.00319	0.00815
7	0.01034	0.00694	0.00797	0.00797	0.00804	0.00701	0.00457	0.01049	0.01042	0.01396	0.02225	0.04556	0.02544	0.71086	0.07452	0.00716	0.00758	0.01020	0.00429	0.00443
8	0.01762	0.01692	0.02890	0.04371	0.70533	0.01692	0.02185	0.02185	0.01621	0.02326	0.01339	0.01762	0.01128	0.00634	0.00705	0.00211	0.00846	0.00634	0.00352	0.01128
9	0.08556	0.01223	0.01610	0.01244	0.01787	0.01085	0.01027	0.03374	0.01980	0.66292	0.02682	0.02335	0.01693	0.00866	0.00697	0.00220	0.00602	0.00693	0.00851	0.01181
10	0.01019	0.00683	0.00782	0.00798	0.00802	0.00679	0.00454	0.01031	0.01068	0.01424	0.02412	0.11637	0.02801	0.67709	0.03353	0.00650	0.00663	0.01134	0.00454	0.00446
11	0.02707	0.01995	0.02137	0.01638	0.02208	0.02208	0.01353	0.68159	0.03348	0.04488	0.01710	0.01710	0.01211	0.00855	0.00712	0.00214	0.00784	0.00641	0.00712	0.01211
12	0.80005	0.01377	0.01047	0.00936	0.01377	0.01597	0.00771	0.02093	0.01212	0.03195	0.00991	0.01157	0.00771	0.00661	0.00441	0.00220	0.00551	0.00386	0.00441	0.00771
13	0.01681	0.01921	0.04202	0.03001	0.03721	0.01801	0.67947	0.02281	0.01681	0.02281	0.01441	0.01921	0.01080	0.00600	0.00840	0.00240	0.01200	0.00840	0.00360	0.00960
14	0.01394	0.01316	0.02224	0.65174	0.12611	0.01595	0.02002	0.01862	0.01447	0.01879	0.01274	0.01882	0.00970	0.00703	0.00711	0.00234	0.00937	0.00633	0.00321	0.00831
15	0.02562	0.01878	0.02008	0.01562	0.02095	0.02079	0.01283	0.60131	0.06788	0.04281	0.01816	0.01825	0.01305	0.00859	0.00698	0.00212	0.00741	0.00652	0.06057	0.01169
16	0.01932	0.72669	0.03666	0.01242	0.01842	0.05450	0.01224	0.02159	0.01469	0.01678	0.00994	0.01148	0.00914	0.00614	0.00464	0.00153	0.00781	0.00384	0.00307	0.00910
17	0.01240	0.00620	0.00917	0.00917	0.00924	0.00620	0.00614	0.00956	0.00950	0.01293	0.01280	0.02184	0.01260	0.02409	0.02693	0.76170	0.00607	0.00620	0.03402	0.00323
18	0.01464	0.07775	0.65075	0.02016	0.03031	0.01726	0.04788	0.02249	0.01506	0.02222	0.01267	0.01497	0.00909	0.00670	0.00669	0.00222	0.01041	0.00529	0.00303	0.01041
19	0.01586	0.01266	0.01480	0.01101	0.01675	0.01022	0.00875	0.07113	0.01656	0.04969	0.03580	0.06181	0.01489	0.00700	0.00582	0.00133	0.00538	0.00576	0.00487	0.62991
20	0.01620	0.01528	0.02164	0.12779	0.27090	0.06385	0.05019	0.06541	0.06850	0.02296	0.02183	0.15819	0.04569	0.01040	0.00755	0.00233	0.00783	0.00944	0.00472	0.00931
21	0.01024	0.00735	0.01003	0.01003	0.01082	0.00813	0.00714	0.01181	0.01103	0.01548	0.02036	0.03512	0.02091	0.32068	0.45850	0.00970	0.01440	0.00868	0.00401	0.00557
22	0.01294	0.01283	0.02325	0.05992	0.02355	0.01308	0.25777	0.01642	0.01533	0.02069	0.07923	0.19695	0.11481	0.01295	0.01044	0.00260	0.10264	0.01198	0.00493	0.00768
23	0.01036	0.00690	0.00777	0.00777	0.00777	0.00690	0.00431	0.01036	0.01036	0.01381	0.02244	0.04660	0.02589	0.74975	0.03624	0.00690	0.00690	0.01036	0.00431	0.00431
24	0.01237	0.00618	0.00928	0.00928	0.00928	0.00618	0.00618	0.00928	0.00928	0.01237	0.01237	0.02165	0.01237	0.02474	0.02783	0.79283	0.00618	0.00618	0.00309	0.00309
25	0.01430	0.01353	0.02290	0.59192	0.18309	0.01604	0.02020	0.01894	0.01464	0.01923	0.01281	0.01871	0.00986	0.00696	0.00710	0.00232	0.00928	0.00633	0.00324	0.00860
26	0.01996	0.54063	0.06968	0.01490	0.02087	0.14813	0.05879	0.02273	0.01566	0.01759	0.01055	0.01239	0.00925	0.00634	0.00527	0.00168	0.00898	0.00433	0.00319	0.00909
27	0.00935	0.00670	0.00874	0.01015	0.01076	0.00638	0.00686	0.03444	0.01436	0.01915	0.03844	0.71852	0.04582	0.02181	0.00902	0.00286	0.00427	0.01974	0.00663	0.00601
28	0.00849	0.00722	0.00731	0.00729	0.00966	0.00604	0.00546	0.01035	0.01639	0.01963	0.09848	0.06789	0.67586	0.01789	0.00842	0.00240	0.00360	0.01494	0.00666	0.00604
29	0.00875	0.00667	0.00800	0.00884	0.01004	0.00598	0.00614	0.01035	0.01503	0.01936	0.10956	0.43005	0.27577	0.03916	0.00950	0.00277	0.00395	0.01751	0.00666	0.00591
30	0.01976	0.02033	0.02560	0.05653	0.46400	0.16352	0.01898	0.05198	0.06720	0.02328	0.01417	0.01730	0.01159	0.00691	0.00694	0.00209	0.00917	0.00611	0.00397	0.01058
31	0.00931	0.00718	0.00851	0.00833	0.01021	0.00637	0.00619	0.01190	0.01813	0.02409	0.40301	0.10763	0.32046	0.01649	0.00845	0.00235	0.00351	0.01425	0.00726	0.00637
32	0.02991	0.01374	0.01735	0.01344	0.01880	0.01303	0.01104	0.18646	0.02322	0.52691	0.02592	0.04993	0.01744	0.00926	0.00723	0.00221	0.00641	0.00748	0.00833	0.01188
33	0.01388	0.01293	0.02082	0.65895	0.04591	0.01601	0.01890	0.02021	0.08383	0.01938	0.01433	0.01976	0.01075	0.00738	0.00713	0.00238	0.00910	0.00650	0.00358	0.00825
34	0.01573	0.01638	0.02792	0.09550	0.02746	0.02004	0.21843	0.01897	0.01305	0.01897	0.01123	0.01704	0.00981	0.00994	0.01714	0.00282	0.44103	0.00690	0.00327	0.00836
35	0.00973	0.00690	0.00879	0.05076	0.01138	0.00689	0.00631	0.01060	0.01214	0.01615	0.02989	0.37831	0.03506	0.35964	0.02160	0.00473	0.00573	0.01484	0.00534	0.00522
36	0.32741	0.01557	0.01700	0.25858	0.02749	0.07741	0.01367	0.03986	0.01399	0.02423	0.01108	0.01496	0.00882	0.00776	0.00836	0.00236	0.11448	0.00519	0.00381	0.00797
37	0.00910	0.00758	0.02920	0.00925	0.01063	0.00638	0.00675	0.01093	0.01509	0.01984	0.14522	0.40024	0.21360	0.06916	0.01059	0.00292	0.00426	0.01669	0.00653	0.00602
38	0.01038	0.00688	0.00823	0.00859	0.00909	0.00662	0.00537	0.01109	0.01242	0.03696	0.06247	0.25931	0.06913	0.43406	0.02437	0.00509	0.00570	0.01362	0.00543	0.00520
39	0.00905	0.00722	0.00776	0.00796	0.00970	0.00645	0.00561	0.01101	0.03300	0.01875	0.07495	0.16876	0.45849	0.13393	0.01288	0.00319	0.00426	0.01486	0.00630	0.00587
40	0.00851	0.00716	0.00738	0.00744	0.00970	0.00603	0.00553	0.01036	0.01628	0.01962	0.10026	0.10290	0.63834	0.01809	0.00845	0.00242	0.00362	0.01520	0.00667	0.00603
41	0.03519	0.12120	0.04768	0.23023	0.10962	0.04495	0.09308	0.11882	0.06505	0.02421	0.01413	0.01743	0.01097	0.00729	0.00730	0.00219	0.03072	0.00619	0.00414	0.00960
42	0.01521	0.01292	0.01500	0.01076	0.01706	0.00995	0.00862	0.04198	0.01544	0.02399	0.01282	0.01485	0.01060	0.00539	0.00534	0.00109	0.00537	0.00430	0.00432	0.76497
43	0.02337	0.01737	0.01912	0.01500	0.01978	0.01910	0.01228	0.51727	0.02945	0.04009	0.11315	0.02228	0.01985	0.00947	0.00796	0.00215	0.04155	0.00725	0.02775	0.03576
44	0.01732	0.05343	0.06003	0.02603	0.03238	0.01784	0.50485	0.02256	0.01650	0.06210	0.04328	0.02012	0.01330	0.00708	0.00931	0.00239	0.06998	0.00802	0.00399	0.00949
45	0.00985	0.00719	0.00928	0.00914	0.01073	0.00663	0.00685	0.01283	0.01887	0.02620	0.53795	0.13738	0.11508	0.01602	0.00856	0.00238	0.00364	0.04735	0.00753	0.00654
46	0.01884	0.01848	0.02687	0.07143	0.54768	0.08487	0.02017	0.06101	0.03848	0.02392	0.01383	0.01748	0.01136	0.00671	0.00700	0.00211	0.00881	0.00623	0.00385	0.01088

[dist]
# distance from previous block
# <min> <max>
5	7

[block]
# block no. 2 follows, 29 sequences, length 12
# corresponding to MSA columns:
# 114-125
name=unknown_C
#
# <colnr> <probs for GDERKNQSTAVLIFYWHMCP>
#	G	D	E	R	K	N	Q	S	T	A	V	L	I	F	Y	W	H	M	C	P
0	0.74036	0.07035	0.01252	0.00958	0.01412	0.01691	0.00805	0.02096	0.01230	0.03079	0.00991	0.01156	0.00782	0.00657	0.00442	0.00215	0.00567	0.00385	0.00430	0.00782
1	0.80005	0.01377	0.01047	0.00936	0.01377	0.01597	0.00771	0.02093	0.01212	0.03195	0.00991	0.01157	0.00771	0.00661	0.00441	0.00220	0.00551	0.00386	0.00441	0.00771
2	0.00912	0.00657	0.00873	0.01030	0.01101	0.00619	0.00734	0.01072	0.01422	0.01874	0.04067	0.60226	0.07957	0.02166	0.00918	0.00293	0.00450	0.12377	0.00660	0.00592
3	0.01765	0.01450	0.01565	0.01376	0.01760	0.01634	0.01077	0.12395	0.47847	0.03169	0.14871	0.03004	0.02859	0.01039	0.00744	0.00234	0.00553	0.00869	0.00734	0.01057
4	0.01477	0.01266	0.01477	0.01055	0.01687	0.00949	0.00844	0.01793	0.01477	0.02320	0.01266	0.01477	0.01055	0.00527	0.00527	0.00105	0.00527	0.00422	0.00422	0.79328
5	0.00868	0.00620	0.00826	0.00991	0.01033	0.00578	0.00661	0.00991	0.01363	0.01818	0.03925	0.74510	0.04710	0.02231	0.00909	0.00289	0.00413	0.02024	0.00661	0.00578
6	0.01422	0.00755	0.00765	0.00730	0.00924	0.00769	0.00556	0.06214	0.01620	0.02780	0.02281	0.02590	0.01783	0.00831	0.00512	0.00169	0.00363	0.00662	0.73571	0.00701
7	0.00869	0.00653	0.00793	0.00903	0.00999	0.00591	0.00615	0.01003	0.01422	0.01826	0.04790	0.51421	0.23548	0.05784	0.01027	0.00295	0.00412	0.01824	0.00649	0.00578
8	0.01858	0.68566	0.10172	0.01296	0.01947	0.02707	0.01353	0.02144	0.01452	0.01731	0.01017	0.01177	0.00913	0.00616	0.00478	0.00159	0.00789	0.00395	0.00304	0.00927
9	0.01681	0.17499	0.05297	0.12285	0.02696	0.06103	0.13556	0.02004	0.01388	0.01844	0.01107	0.01567	0.00957	0.00867	0.01276	0.00244	0.27853	0.00599	0.00322	0.00854
10	0.01008	0.00728	0.00952	0.00896	0.01064	0.00672	0.00672	0.01344	0.02016	0.02855	0.70158	0.05319	0.06719	0.01456	0.00840	0.00224	0.00336	0.01288	0.00784	0.00672
11	0.00878	0.00627	0.00835	0.00985	0.01035	0.00585	0.00662	0.01017	0.01410	0.01893	0.08707	0.69515	0.04855	0.02175	0.00904	0.00284	0.00408	0.01971	0.00670	0.00585

[dist]
# distance from previous block
# <min> <max>
0	8

[block]
# block no. 3 follows, 29 sequences, length 9
# corresponding to MSA columns:
# 134-142
name=unknown_D
#
# <colnr> <probs for GDERKNQSTAVLIFYWHMCP>
#	G	D	E	R	K	N	Q	S	T	A	V	L	I	F	Y	W	H	M	C	P
0	0.01144	0.00850	0.01028	0.01034	0.01131	0.00885	0.00718	0.07817	0.01475	0.01967	0.03305	0.37141	0.08978	0.22219	0.01736	0.00391	0.05516	0.01471	0.00579	0.00617
1	0.01140	0.02010	0.32326	0.01450	0.01967	0.01078	0.01558	0.01607	0.01502	0.02116	0.08317	0.30530	0.05921	0.01443	0.00800	0.00255	0.00700	0.03969	0.00510	0.00802
2	0.01147	0.00820	0.01147	0.01311	0.01475	0.00820	0.01147	0.01475	0.01639	0.02131	0.03770	0.08032	0.04098	0.01967	0.00984	0.00328	0.00656	0.65741	0.00656	0.00656
3	0.01137	0.00959	0.01505	0.01381	0.01526	0.01129	0.05981	0.01391	0.01194	0.01723	0.01892	0.08525	0.01843	0.04101	0.50209	0.00878	0.12703	0.00853	0.00393	0.00677
4	0.02301	0.06615	0.02165	0.07898	0.09900	0.23121	0.01441	0.17170	0.13257	0.06716	0.01665	0.01767	0.01264	0.00787	0.00677	0.00208	0.00907	0.00600	0.00523	0.01019
5	0.07448	0.02603	0.38884	0.01680	0.02493	0.01496	0.01898	0.07558	0.01794	0.24659	0.01784	0.01792	0.01194	0.00755	0.00676	0.00223	0.00854	0.00586	0.00528	0.01096
6	0.80005	0.01377	0.01047	0.00936	0.01377	0.01597	0.00771	0.02093	0.01212	0.03195	0.00991	0.01157	0.00771	0.00661	0.00441	0.00220	0.00551	0.00386	0.00441	0.00771
7	0.01643	0.40940	0.30124	0.01532	0.02275	0.02199	0.01747	0.02109	0.01444	0.01902	0.01180	0.01422	0.00981	0.01030	0.06513	0.00264	0.00971	0.00470	0.00309	0.00945
8	0.01018	0.00706	0.00856	0.00889	0.01036	0.00635	0.00628	0.01195	0.01567	0.05545	0.16737	0.32127	0.24426	0.07949	0.01092	0.00293	0.00416	0.01585	0.00676	0.00622

[dist]
# distance from previous block
# <min> <max>
0	1

[block]
# block no. 4 follows, 29 sequences, length 10
# corresponding to MSA columns:
# 144-153
name=unknown_E
#
# <colnr> <probs for GDERKNQSTAVLIFYWHMCP>
#	G	D	E	R	K	N	Q	S	T	A	V	L	I	F	Y	W	H	M	C	P
0	0.01249	0.00979	0.01142	0.01052	0.01322	0.00945	0.00790	0.06692	0.11082	0.02545	0.21745	0.21781	0.12480	0.01457	0.00790	0.00228	0.00450	0.01268	0.00675	0.11328
1	0.01352	0.01211	0.01931	0.44503	0.03630	0.01332	0.05674	0.01767	0.01450	0.02004	0.01562	0.07484	0.01334	0.00797	0.00685	0.00212	0.00799	0.00717	0.06344	0.15212
2	0.02013	0.01654	0.01680	0.05149	0.04419	0.11419	0.01149	0.16603	0.07868	0.10069	0.02685	0.02859	0.12169	0.00979	0.00706	0.00205	0.00715	0.03567	0.00592	0.13500
3	0.06129	0.01574	0.01624	0.01338	0.01741	0.06880	0.01068	0.32283	0.02565	0.08032	0.23241	0.05263	0.03047	0.01072	0.00740	0.00218	0.00645	0.00868	0.00704	0.00969
4	0.14093	0.43421	0.12737	0.01269	0.01918	0.02206	0.01301	0.02098	0.01422	0.02085	0.01069	0.01242	0.00909	0.00616	0.00495	0.00167	0.00739	0.00408	0.00341	0.11464
5	0.01029	0.00802	0.01066	0.01096	0.01187	0.00847	0.00821	0.01232	0.01529	0.02098	0.20788	0.34217	0.08294	0.03917	0.01164	0.00288	0.10281	0.08070	0.00639	0.00635
6	0.06263	0.06071	0.10210	0.01173	0.01644	0.01148	0.01066	0.02103	0.05925	0.14923	0.17688	0.06834	0.09458	0.01071	0.00703	0.00209	0.00561	0.00889	0.00619	0.11441
7	0.05869	0.56080	0.03188	0.01268	0.01838	0.02568	0.01194	0.07448	0.10706	0.02144	0.01302	0.01391	0.01099	0.00679	0.00512	0.00172	0.00726	0.00458	0.00399	0.00958
8	0.01745	0.01372	0.01581	0.01162	0.01772	0.01160	0.00935	0.10899	0.04716	0.06253	0.01478	0.01609	0.01162	0.00609	0.00571	0.00132	0.00568	0.00484	0.00498	0.61296
9	0.08889	0.01302	0.01630	0.05194	0.07078	0.01345	0.01141	0.07883	0.14696	0.25934	0.07669	0.02618	0.04208	0.01235	0.05713	0.00290	0.00705	0.00761	0.00681	0.01028

[dist]
# distance from previous block
# <min> <max>
0	1

[block]
# block no. 5 follows, 29 sequences, length 16
# corresponding to MSA columns:
# 155-170
name=unknown_F
#
# <colnr> <probs for GDERKNQSTAVLIFYWHMCP>
#	G	D	E	R	K	N	Q	S	T	A	V	L	I	F	Y	W	H	M	C	P
0	0.09941	0.01769	0.01922	0.01495	0.02042	0.01913	0.01232	0.47078	0.05650	0.16913	0.01901	0.01833	0.01315	0.00846	0.00688	0.00217	0.00719	0.00638	0.00720	0.01167
1	0.72246	0.01392	0.01102	0.00987	0.01424	0.01615	0.00806	0.02261	0.07959	0.03173	0.01181	0.01305	0.00910	0.00691	0.00469	0.00222	0.00552	0.00427	0.00469	0.00806
2	0.01404	0.01273	0.02173	0.49595	0.06466	0.01487	0.08347	0.01871	0.05337	0.01872	0.01377	0.01976	0.01080	0.00955	0.01010	0.11095	0.00903	0.00662	0.00345	0.00774
3	0.00928	0.00671	0.00843	0.00932	0.01017	0.00627	0.00643	0.01081	0.01451	0.01925	0.13152	0.41594	0.12613	0.13431	0.01321	0.00339	0.00455	0.05761	0.00642	0.00576
4	0.02521	0.01846	0.01993	0.01553	0.02089	0.02020	0.01267	0.54395	0.09782	0.06401	0.01866	0.01919	0.01367	0.03361	0.00804	0.00228	0.00741	0.00664	0.00697	0.04485
5	0.01534	0.01646	0.03321	0.13974	0.03450	0.01687	0.43525	0.02025	0.01536	0.02092	0.01530	0.06150	0.01291	0.01012	0.04500	0.00294	0.08336	0.00851	0.00367	0.00877
6	0.00890	0.00671	0.00828	0.00932	0.01049	0.00609	0.00665	0.01059	0.01498	0.01932	0.08638	0.45564	0.23924	0.02041	0.00891	0.00274	0.00413	0.06857	0.00668	0.00596
7	0.00974	0.00672	0.00822	0.00874	0.00907	0.00657	0.00548	0.01056	0.01240	0.01673	0.08914	0.28760	0.03665	0.40942	0.04727	0.00525	0.00603	0.01390	0.00541	0.00511
8	0.01437	0.01324	0.02194	0.45123	0.13457	0.01558	0.04863	0.01918	0.05257	0.01926	0.01378	0.01953	0.01096	0.01005	0.03137	0.05939	0.04605	0.00655	0.00348	0.00826
9	0.01588	0.01495	0.02430	0.32971	0.35277	0.01655	0.01979	0.02211	0.09118	0.02187	0.01483	0.01920	0.01170	0.00704	0.00710	0.00226	0.00858	0.00653	0.00379	0.00986
10	0.01200	0.00764	0.00995	0.00933	0.01130	0.00695	0.00701	0.01499	0.01926	0.09453	0.52908	0.12474	0.09576	0.01501	0.00835	0.00231	0.00372	0.01321	0.00774	0.00712
11	0.01468	0.01249	0.01737	0.22972	0.10825	0.01384	0.01376	0.08459	0.12959	0.02508	0.13481	0.10029	0.06404	0.01092	0.00761	0.00236	0.00670	0.00956	0.00557	0.00877
12	0.12122	0.02432	0.01915	0.07733	0.02253	0.35547	0.01354	0.12188	0.01922	0.02339	0.01240	0.03251	0.01042	0.00848	0.00870	0.00217	0.10890	0.00553	0.00423	0.00861
13	0.01178	0.00925	0.01014	0.01067	0.01171	0.04919	0.00735	0.07189	0.01526	0.01980	0.03233	0.48336	0.03748	0.15970	0.01399	0.00354	0.00558	0.03471	0.00604	0.00624
14	0.11966	0.00876	0.01030	0.01050	0.01266	0.00862	0.00836	0.01477	0.01539	0.04086	0.11980	0.13010	0.09607	0.08866	0.01099	0.00308	0.00542	0.23920	0.00614	0.05065
15	0.26180	0.01321	0.01244	0.01085	0.01468	0.05334	0.00858	0.06445	0.08919	0.08775	0.14392	0.03045	0.12260	0.01028	0.00657	0.00218	0.00548	0.00802	0.00614	0.04807

[dist]
# distance from previous block
# <min> <max>
5	11

[block]
# block no. 6 follows, 29 sequences, length 69
# corresponding to MSA columns:
# 182-250
name=unknown_G
#
# <colnr> <probs for GDERKNQSTAVLIFYWHMCP>
#	G	D	E	R	K	N	Q	S	T	A	V	L	I	F	Y	W	H	M	C	P
0	0.01434	0.10722	0.08840	0.01399	0.07159	0.05242	0.01102	0.01709	0.01575	0.06942	0.05417	0.17520	0.19268	0.03672	0.00831	0.00238	0.00622	0.01100	0.00537	0.04671
1	0.01050	0.00747	0.00950	0.01020	0.01186	0.00679	0.00773	0.01256	0.01535	0.04455	0.07174	0.36459	0.17218	0.01910	0.00881	0.00273	0.00468	0.16242	0.00659	0.05064
2	0.01870	0.01013	0.01326	0.05706	0.01663	0.00987	0.00943	0.08020	0.04060	0.25009	0.03103	0.34989	0.03032	0.03671	0.00889	0.00267	0.00557	0.01308	0.00712	0.00873
3	0.05396	0.07692	0.49636	0.02202	0.09342	0.01761	0.06493	0.02210	0.01489	0.02249	0.01246	0.01517	0.00931	0.00689	0.00740	0.00224	0.04305	0.00545	0.00317	0.01019
4	0.01977	0.58463	0.05938	0.01441	0.02040	0.12215	0.05382	0.02243	0.01541	0.01742	0.01043	0.01222	0.00924	0.00628	0.00514	0.00165	0.00870	0.00425	0.00316	0.00909
5	0.01625	0.04092	0.07675	0.16091	0.08434	0.03630	0.01526	0.12102	0.03270	0.02337	0.01520	0.01985	0.01249	0.01738	0.15341	0.00415	0.10192	0.00643	0.05257	0.00879
6	0.00936	0.00682	0.00906	0.00969	0.01066	0.00667	0.00686	0.01130	0.01471	0.02009	0.18995	0.36755	0.08634	0.06710	0.14484	0.00455	0.00689	0.01527	0.00624	0.00604
7	0.00881	0.00723	0.00776	0.00763	0.00986	0.00618	0.00572	0.01099	0.01717	0.02146	0.22222	0.06487	0.55097	0.01720	0.00841	0.00237	0.00355	0.01452	0.00690	0.00618
8	0.00888	0.00666	0.00824	0.00905	0.01021	0.00602	0.00633	0.01068	0.01556	0.02046	0.17621	0.43969	0.21665	0.01972	0.00878	0.00264	0.00385	0.01749	0.00685	0.00602
9	0.01914	0.01288	0.01466	0.01255	0.01657	0.03301	0.00987	0.06371	0.21684	0.17710	0.11876	0.09293	0.02755	0.01089	0.00734	0.00220	0.00560	0.03234	0.00706	0.11903
10	0.01847	0.01322	0.03971	0.01190	0.01666	0.01176	0.00984	0.10411	0.10385	0.14240	0.15529	0.02649	0.02500	0.00890	0.00672	0.00187	0.00545	0.00737	0.05589	0.23512
11	0.00920	0.00663	0.00878	0.01006	0.01089	0.00622	0.00717	0.01099	0.01495	0.01998	0.12750	0.54088	0.07880	0.02077	0.00906	0.00283	0.00431	0.09821	0.00676	0.00601
12	0.00872	0.00623	0.00830	0.00988	0.01034	0.00581	0.00661	0.01003	0.01385	0.01852	0.06104	0.72234	0.04776	0.02205	0.00907	0.00287	0.00411	0.02000	0.00665	0.00581
13	0.01702	0.02035	0.14264	0.03898	0.55186	0.01692	0.06404	0.02203	0.01606	0.02312	0.01336	0.01730	0.01088	0.00639	0.00709	0.00216	0.00902	0.00630	0.00344	0.01105
14	0.01644	0.27246	0.44473	0.01733	0.02587	0.02038	0.02079	0.02233	0.01487	0.04157	0.01218	0.01414	0.00933	0.00680	0.00661	0.00204	0.03402	0.00487	0.00320	0.01002
15	0.01690	0.01618	0.02760	0.16231	0.59234	0.01673	0.02150	0.02122	0.01587	0.02239	0.01327	0.01786	0.01097	0.00648	0.00706	0.00216	0.00864	0.00634	0.00346	0.01070
16	0.02908	0.01161	0.01540	0.01206	0.01712	0.01020	0.00988	0.03232	0.03969	0.61064	0.03046	0.02706	0.05840	0.00936	0.00711	0.00219	0.00575	0.00762	0.05261	0.01142
17	0.01878	0.10372	0.01541	0.01105	0.01454	0.01142	0.00887	0.02282	0.07827	0.24597	0.14560	0.16639	0.06958	0.01257	0.00739	0.00226	0.00514	0.01069	0.04057	0.00897
18	0.04086	0.17401	0.44508	0.01998	0.02888	0.01905	0.13251	0.02230	0.01513	0.02176	0.01239	0.01491	0.00930	0.00650	0.00653	0.00213	0.01004	0.00546	0.00316	0.01001
19	0.00986	0.00727	0.00921	0.00873	0.01050	0.00663	0.00655	0.01301	0.01964	0.02733	0.61869	0.05521	0.15084	0.01502	0.00840	0.00226	0.00339	0.01316	0.00768	0.00663
20	0.00962	0.00722	0.00892	0.00859	0.01038	0.00651	0.00640	0.01252	0.01895	0.02590	0.52421	0.08637	0.21679	0.01571	0.00843	0.00231	0.00345	0.01370	0.00750	0.00651
21	0.05668	0.01943	0.05966	0.07586	0.44221	0.08674	0.11201	0.02242	0.01632	0.02273	0.01306	0.01703	0.01062	0.00647	0.00704	0.00215	0.00939	0.00628	0.00355	0.01034
22	0.01566	0.00996	0.01429	0.01354	0.04851	0.00990	0.04901	0.01826	0.01634	0.15846	0.13238	0.18330	0.08556	0.03497	0.01020	0.00258	0.07620	0.03134	0.08157	0.00796
23	0.00868	0.00620	0.00826	0.00991	0.01033	0.00578	0.00661	0.00991	0.01363	0.01818	0.03925	0.74510	0.04710	0.02231	0.00909	0.00289	0.00413	0.02024	0.00661	0.00578
24	0.02617	0.01834	0.01982	0.01533	0.02067	0.02007	0.01262	0.58619	0.03111	0.08277	0.01827	0.01833	0.01296	0.00854	0.00694	0.00210	0.00734	0.00647	0.07430	0.01164
25	0.01451	0.09862	0.57174	0.01978	0.04605	0.01696	0.04122	0.02163	0.01497	0.02178	0.01425	0.06091	0.01154	0.00765	0.00676	0.00223	0.00984	0.00619	0.00327	0.01009
26	0.13029	0.01844	0.01727	0.01415	0.01874	0.09692	0.01140	0.37004	0.08559	0.03619	0.01733	0.01799	0.01287	0.00821	0.00639	0.00207	0.00727	0.00603	0.11254	0.01026
27	0.01680	0.01703	0.02229	0.01891	0.01960	0.06580	0.03500	0.04639	0.01263	0.01851	0.00993	0.01558	0.00950	0.01178	0.02116	0.00297	0.63854	0.00620	0.00334	0.00806
28	0.01237	0.00618	0.00928	0.00928	0.00928	0.00618	0.00618	0.00928	0.00928	0.01237	0.01237	0.02165	0.01237	0.02474	0.02783	0.79283	0.00618	0.00618	0.00309	0.00309
29	0.01927	0.01857	0.01682	0.01517	0.01913	0.14113	0.01171	0.03619	0.57452	0.02762	0.02583	0.02416	0.01953	0.00925	0.00710	0.00231	0.00690	0.00744	0.00662	0.01074
30	0.06091	0.01788	0.01882	0.01478	0.02001	0.05294	0.01207	0.42788	0.04637	0.13233	0.01831	0.01840	0.01308	0.00978	0.03100	0.00238	0.00776	0.00627	0.02979	0.05923
31	0.02425	0.01815	0.01971	0.01562	0.02048	0.02030	0.01269	0.52113	0.12131	0.03950	0.01841	0.01942	0.01376	0.03136	0.00947	0.03834	0.03140	0.00674	0.00674	0.01121
32	0.01308	0.00670	0.00694	0.00694	0.00857	0.00678	0.00522	0.01635	0.01471	0.02592	0.02297	0.02664	0.01822	0.01114	0.05015	0.00228	0.00431	0.00670	0.73977	0.00662
33	0.00921	0.00724	0.00832	0.00805	0.01011	0.00635	0.00604	0.01176	0.01811	0.02370	0.37371	0.06118	0.39808	0.01637	0.00841	0.00233	0.00349	0.01400	0.00720	0.00635
34	0.00945	0.00747	0.00854	0.00823	0.01034	0.00667	0.00619	0.01250	0.03703	0.02388	0.36490	0.06019	0.38666	0.01618	0.00837	0.00233	0.00355	0.01383	0.00720	0.00649
35	0.01771	0.01530	0.01610	0.01449	0.01852	0.01771	0.01127	0.03784	0.69247	0.02979	0.02898	0.02657	0.02174	0.00966	0.00725	0.00242	0.00564	0.00805	0.00725	0.01127
36	0.01124	0.00802	0.01150	0.08685	0.01655	0.00822	0.01045	0.01346	0.01502	0.01967	0.07231	0.15459	0.05851	0.01907	0.01182	0.11299	0.00619	0.35163	0.00581	0.00610
37	0.01723	0.01707	0.05484	0.26412	0.31371	0.07891	0.01905	0.02146	0.01635	0.06007	0.05712	0.02014	0.01428	0.00737	0.00709	0.00219	0.00883	0.00659	0.00396	0.00962
38	0.01671	0.01592	0.02707	0.16579	0.56904	0.01648	0.02119	0.02100	0.01587	0.02230	0.01394	0.01961	0.01179	0.00685	0.00714	0.00219	0.00859	0.02443	0.00354	0.01055
39	0.01025	0.00686	0.00780	0.00790	0.00793	0.00683	0.00446	0.01033	0.01057	0.01409	0.02351	0.09141	0.02725	0.70308	0.03450	0.00665	0.00673	0.01099	0.00446	0.00441
40	0.01549	0.02058	0.15387	0.21174	0.03918	0.01718	0.39310	0.02156	0.01583	0.02156	0.01366	0.01842	0.01015	0.00643	0.00778	0.00237	0.01109	0.00731	0.00338	0.00932
41	0.04305	0.26248	0.23072	0.01591	0.02255	0.14282	0.01637	0.10240	0.01818	0.02312	0.05079	0.01579	0.01270	0.00730	0.00606	0.00193	0.00911	0.00520	0.00395	0.00958
42	0.00928	0.00741	0.00894	0.01020	0.03572	0.00666	0.00725	0.01122	0.01549	0.01937	0.05521	0.26846	0.38623	0.01912	0.00877	0.00267	0.00437	0.11093	0.00649	0.00621
43	0.01551	0.00898	0.00928	0.00841	0.01068	0.00936	0.00644	0.13258	0.01791	0.02900	0.02211	0.02608	0.01763	0.05232	0.00721	0.00205	0.00432	0.00682	0.60586	0.00746
44	0.54088	0.03958	0.05291	0.07524	0.01892	0.09101	0.01079	0.02129	0.01361	0.02766	0.01181	0.01595	0.00979	0.00737	0.00527	0.00221	0.00704	0.03653	0.00420	0.00793
45	0.75344	0.01514	0.05213	0.01001	0.01478	0.01601	0.00881	0.02103	0.01229	0.03139	0.01008	0.01177	0.00779	0.00662	0.00455	0.00221	0.00581	0.00394	0.00432	0.00788
46	0.01787	0.01472	0.02023	0.05807	0.02235	0.01449	0.11707	0.16669	0.09413	0.05069	0.01905	0.08206	0.01630	0.04826	0.00856	0.00225	0.00722	0.00772	0.00540	0.22690
47	0.01937	0.15441	0.12117	0.06785	0.17946	0.21443	0.01686	0.04433	0.01686	0.02011	0.01270	0.01657	0.01080	0.04219	0.03193	0.00250	0.01015	0.00548	0.00355	0.00928
48	0.01450	0.03540	0.66048	0.02143	0.05009	0.01662	0.05847	0.02254	0.01515	0.02258	0.01288	0.01531	0.00917	0.00672	0.00685	0.00226	0.01054	0.00545	0.00305	0.01050
49	0.09091	0.01402	0.06588	0.01296	0.01874	0.01133	0.01138	0.03275	0.01935	0.60786	0.02557	0.02258	0.01623	0.00849	0.00692	0.00221	0.00634	0.00677	0.00805	0.01166
50	0.02151	0.01669	0.01921	0.01571	0.01953	0.01929	0.01281	0.41177	0.06747	0.03437	0.01789	0.05479	0.01470	0.01561	0.10004	0.00353	0.13147	0.00732	0.00601	0.01029
51	0.02334	0.01023	0.01369	0.01115	0.01519	0.00897	0.00895	0.02627	0.02013	0.44383	0.26404	0.03619	0.06409	0.01120	0.00764	0.00222	0.00502	0.00948	0.00838	0.00998
52	0.00958	0.00726	0.00885	0.00861	0.01047	0.00653	0.00649	0.01239	0.01861	0.02512	0.46465	0.08224	0.25811	0.01606	0.00848	0.00235	0.00357	0.03680	0.00738	0.00647
53	0.00868	0.00620	0.00826	0.00991	0.01033	0.00578	0.00661	0.00991	0.01363	0.01818	0.03925	0.74510	0.04710	0.02231	0.00909	0.00289	0.00413	0.02024	0.00661	0.00578
54	0.02568	0.02119	0.02120	0.08616	0.02469	0.11883	0.01417	0.52626	0.02976	0.03846	0.01582	0.01669	0.01145	0.00824	0.00703	0.00212	0.00869	0.00615	0.00626	0.01117
55	0.01257	0.01111	0.01589	0.01451	0.01518	0.01453	0.01168	0.01458	0.01117	0.01670	0.01490	0.02317	0.01436	0.06049	0.38852	0.00760	0.33549	0.00711	0.00352	0.00692
56	0.00882	0.00626	0.00822	0.00973	0.01011	0.00588	0.00642	0.00995	0.01335	0.01781	0.03782	0.68584	0.04530	0.08403	0.01139	0.00323	0.00437	0.01940	0.00642	0.00566
57	0.02409	0.01770	0.01887	0.01485	0.01988	0.01946	0.01214	0.53962	0.07457	0.04069	0.02188	0.02178	0.05679	0.00920	0.00703	0.00213	0.00704	0.00708	0.07401	0.01120
58	0.47495	0.01908	0.17504	0.01426	0.05725	0.01545	0.01317	0.02313	0.01409	0.11666	0.01312	0.01434	0.00949	0.00691	0.00546	0.00221	0.00691	0.00475	0.00460	0.00913
59	0.01453	0.01070	0.01603	0.03902	0.01699	0.01123	0.13388	0.04075	0.03559	0.02529	0.03973	0.04369	0.01784	0.00878	0.00762	0.00204	0.06816	0.00750	0.45300	0.00764
60	0.64114	0.01355	0.01267	0.15548	0.02090	0.01594	0.01015	0.02038	0.01255	0.02917	0.01047	0.01307	0.00807	0.00671	0.00495	0.00224	0.00631	0.00436	0.00416	0.00775
61	0.01738	0.01651	0.02721	0.08174	0.59976	0.01693	0.02070	0.02319	0.08172	0.02360	0.01486	0.01857	0.01219	0.00671	0.00707	0.00216	0.00825	0.00651	0.00386	0.01108
62	0.07938	0.01222	0.01615	0.01246	0.01791	0.01081	0.01030	0.03385	0.01987	0.66838	0.02697	0.02345	0.01701	0.00868	0.00699	0.00220	0.00603	0.00696	0.00854	0.01185
63	0.01648	0.01559	0.02771	0.14800	0.22871	0.01679	0.18370	0.02050	0.01515	0.05486	0.01527	0.06654	0.01322	0.00863	0.01036	0.00246	0.13498	0.00780	0.00388	0.00937
64	0.01177	0.00977	0.01407	0.05073	0.09118	0.02912	0.01078	0.01433	0.01223	0.01715	0.01793	0.02729	0.01692	0.10608	0.50611	0.00906	0.03727	0.00755	0.00377	0.00689
65	0.00864	0.00634	0.00812	0.00954	0.01023	0.00581	0.00645	0.00996	0.01399	0.01832	0.04376	0.65234	0.13695	0.02172	0.00900	0.00283	0.00406	0.01953	0.00661	0.00581
66	0.02406	0.01711	0.01875	0.01469	0.01965	0.01849	0.01201	0.51892	0.03003	0.07883	0.11575	0.02507	0.05421	0.00987	0.00737	0.00217	0.00690	0.00778	0.00729	0.01106
67	0.01069	0.00886	0.01045	0.01127	0.05505	0.00848	0.00771	0.01550	0.11367	0.02268	0.18048	0.15015	0.34636	0.01601	0.00825	0.00242	0.00423	0.01378	0.00675	0.00720
68	0.07084	0.02346	0.01881	0.05801	0.06179	0.35469	0.01335	0.08886	0.01876	0.02209	0.01413	0.04313	0.01242	0.00988	0.02841	0.00235	0.06270	0.02550	0.02660	0.04422

[dist]
# distance from previous block
# <min> <max>
0	1

[block]
# block no. 7 follows, 29 sequences, length 19
# corresponding to MSA columns:
# 252-270
name=unknown_H
#
# <colnr> <probs for GDERKNQSTAVLIFYWHMCP>
#	G	D	E	R	K	N	Q	S	T	A	V	L	I	F	Y	W	H	M	C	P
0	0.01586	0.01512	0.02571	0.33510	0.42774	0.01645	0.02097	0.02031	0.01538	0.02112	0.01308	0.01820	0.01052	0.00667	0.00708	0.00222	0.00890	0.00634	0.00337	0.00985
1	0.18859	0.01644	0.02304	0.02879	0.35629	0.05707	0.07358	0.02214	0.05016	0.02561	0.07763	0.01993	0.01608	0.00737	0.00669	0.00217	0.00776	0.00657	0.00432	0.00975
2	0.10153	0.33293	0.32002	0.01691	0.05784	0.02136	0.01817	0.02183	0.01454	0.02118	0.01130	0.01328	0.00904	0.00645	0.00561	0.00194	0.00866	0.00456	0.00320	0.00968
3	0.01002	0.00740	0.00981	0.01000	0.01123	0.00678	0.02569	0.01159	0.01382	0.01910	0.08609	0.45738	0.03972	0.14582	0.01326	0.00332	0.00486	0.01569	0.02914	0.07928
4	0.00973	0.00792	0.00949	0.01057	0.04689	0.00721	0.00740	0.01248	0.03754	0.02092	0.13327	0.17155	0.39979	0.01760	0.00855	0.00254	0.00427	0.07913	0.00661	0.00655
5	0.01455	0.03509	0.64964	0.02177	0.05890	0.01663	0.06029	0.02254	0.01517	0.02259	0.01289	0.01536	0.00921	0.00671	0.00686	0.00226	0.01052	0.00547	0.00306	0.01051
6	0.80005	0.01377	0.01047	0.00936	0.01377	0.01597	0.00771	0.02093	0.01212	0.03195	0.00991	0.01157	0.00771	0.00661	0.00441	0.00220	0.00551	0.00386	0.00441	0.00771
7	0.00978	0.00727	0.00911	0.00865	0.01046	0.00659	0.00649	0.01286	0.01946	0.02689	0.58929	0.05593	0.18051	0.01518	0.00840	0.00227	0.00340	0.01326	0.00762	0.00659
8	0.01762	0.01692	0.02890	0.04371	0.70533	0.01692	0.02185	0.02185	0.01621	0.02326	0.01339	0.01762	0.01128	0.00634	0.00705	0.00211	0.00846	0.00634	0.00352	0.01128
9	0.00974	0.00719	0.00896	0.00864	0.01029	0.00656	0.00635	0.01254	0.01861	0.02561	0.52249	0.08924	0.17348	0.05685	0.01000	0.00256	0.00364	0.01347	0.00737	0.00642
10	0.02578	0.01870	0.01999	0.01547	0.02079	0.02064	0.01274	0.61949	0.03175	0.04316	0.01767	0.01798	0.01268	0.00852	0.00692	0.00209	0.00741	0.00643	0.08016	0.01160
11	0.00893	0.00639	0.00810	0.00934	0.00985	0.00598	0.00614	0.01001	0.01332	0.01756	0.03923	0.57628	0.09756	0.13983	0.01343	0.00350	0.00454	0.01821	0.00624	0.00556
12	0.02582	0.01910	0.02053	0.01600	0.02137	0.02112	0.01311	0.62450	0.05739	0.04300	0.01863	0.05299	0.01418	0.00926	0.00722	0.00218	0.00757	0.00715	0.00710	0.01177
13	0.02315	0.01596	0.07290	0.01535	0.02098	0.01392	0.07018	0.08833	0.05390	0.29954	0.01994	0.01987	0.01390	0.00807	0.00838	0.00209	0.07514	0.00643	0.00623	0.16575
14	0.13822	0.01386	0.01708	0.09933	0.04555	0.01435	0.01195	0.13024	0.07317	0.32039	0.04916	0.02180	0.01650	0.00847	0.00680	0.00223	0.00660	0.00674	0.00689	0.01066
15	0.02684	0.01255	0.01602	0.01263	0.01769	0.01152	0.01025	0.08154	0.07814	0.47985	0.06323	0.05264	0.02081	0.00941	0.00715	0.00215	0.00587	0.00776	0.00803	0.07594
16	0.00960	0.00691	0.00909	0.00928	0.01053	0.00640	0.00668	0.01224	0.01794	0.02503	0.47685	0.28795	0.06037	0.01719	0.00863	0.00246	0.00362	0.01538	0.00742	0.00640
17	0.02124	0.01601	0.01755	0.01332	0.01887	0.01599	0.01085	0.37432	0.02483	0.03516	0.01603	0.01712	0.01211	0.00731	0.00624	0.00169	0.00647	0.00562	0.07909	0.30018
18	0.24001	0.03850	0.01777	0.01383	0.01893	0.05804	0.01135	0.31728	0.06677	0.12595	0.01678	0.01672	0.01199	0.00798	0.00628	0.00215	0.00709	0.00573	0.00630	0.01054

[dist]
# distance from previous block
# <min> <max>
0	1

[block]
# block no. 8 follows, 29 sequences, length 29
# corresponding to MSA columns:
# 272-300
name=unknown_I
#
# <colnr> <probs for GDERKNQSTAVLIFYWHMCP>
#	G	D	E	R	K	N	Q	S	T	A	V	L	I	F	Y	W	H	M	C	P
0	0.02178	0.01695	0.01819	0.01457	0.01965	0.01834	0.01177	0.37928	0.21663	0.03644	0.02361	0.02293	0.06058	0.00912	0.00703	0.00211	0.00664	0.00720	0.00679	0.10037
1	0.02341	0.01988	0.01905	0.01549	0.02045	0.11633	0.01241	0.38060	0.17252	0.03534	0.02075	0.02047	0.04144	0.00879	0.00698	0.00209	0.00771	0.00671	0.00646	0.06311
2	0.00984	0.00733	0.00914	0.00993	0.01119	0.00675	0.00689	0.03922	0.01485	0.01977	0.04027	0.58837	0.11775	0.02010	0.00867	0.00268	0.00431	0.01799	0.00647	0.05847
3	0.01904	0.75404	0.03731	0.01218	0.01828	0.02818	0.01218	0.02132	0.01447	0.01675	0.00990	0.01142	0.00914	0.00609	0.00457	0.00152	0.00761	0.00381	0.00305	0.00914
4	0.04451	0.00926	0.01150	0.03306	0.01340	0.01032	0.00834	0.08947	0.01460	0.02172	0.02079	0.08361	0.01993	0.15001	0.28722	0.00653	0.03072	0.00853	0.12967	0.00681
5	0.01805	0.58993	0.07841	0.01254	0.01840	0.02470	0.01256	0.04876	0.01597	0.01969	0.08912	0.01666	0.01586	0.00721	0.00526	0.00168	0.00733	0.00505	0.00376	0.00908
6	0.01124	0.00908	0.01179	0.01301	0.09017	0.00870	0.00855	0.01584	0.07878	0.02595	0.42050	0.05025	0.20085	0.01397	0.00815	0.00228	0.00420	0.01219	0.00702	0.00748
7	0.00868	0.00620	0.00826	0.00991	0.01033	0.00578	0.00661	0.00991	0.01363	0.01818	0.03925	0.74510	0.04710	0.02231	0.00909	0.00289	0.00413	0.02024	0.00661	0.00578
8	0.01554	0.01572	0.02376	0.01974	0.02060	0.02094	0.09091	0.01763	0.01159	0.01776	0.01025	0.01641	0.00980	0.01310	0.04514	0.00331	0.63011	0.00653	0.00319	0.00795
9	0.00878	0.00627	0.00839	0.01004	0.01050	0.00588	0.00680	0.01010	0.01374	0.01830	0.03919	0.71930	0.04686	0.02221	0.00912	0.00291	0.00423	0.04498	0.00661	0.00581
10	0.01030	0.00830	0.00933	0.00924	0.01137	0.00795	0.00684	0.01521	0.12137	0.02290	0.20986	0.17890	0.32869	0.01667	0.00835	0.00245	0.00396	0.01436	0.00700	0.00695
11	0.05634	0.00863	0.01203	0.11600	0.01638	0.00941	0.00885	0.05116	0.03256	0.01671	0.01306	0.02059	0.01197	0.01976	0.02168	0.56364	0.00671	0.00615	0.00354	0.00483
12	0.01771	0.01530	0.01610	0.01449	0.01852	0.01771	0.01127	0.03784	0.69247	0.02979	0.02898	0.02657	0.02174	0.00966	0.00725	0.00242	0.00564	0.00805	0.00725	0.01127
13	0.01778	0.01198	0.01557	0.03570	0.01793	0.01234	0.05119	0.02693	0.25967	0.17079	0.13979	0.11437	0.05351	0.01197	0.00780	0.00242	0.00565	0.02784	0.00721	0.00957
14	0.01428	0.03683	0.71286	0.02030	0.03082	0.01654	0.02631	0.02255	0.01503	0.02255	0.01278	0.01503	0.00902	0.00677	0.00677	0.00226	0.01052	0.00526	0.00301	0.01052
15	0.01724	0.01941	0.10603	0.08292	0.56853	0.03685	0.02200	0.02189	0.01607	0.02270	0.01321	0.01728	0.01085	0.00647	0.00700	0.00214	0.00888	0.00617	0.00345	0.01090
16	0.00868	0.00620	0.00826	0.00991	0.01033	0.00578	0.00661	0.00991	0.01363	0.01818	0.03925	0.74510	0.04710	0.02231	0.00909	0.00289	0.00413	0.02024	0.00661	0.00578
17	0.01637	0.02225	0.15769	0.02834	0.03611	0.01775	0.56685	0.02276	0.01650	0.02276	0.01413	0.01849	0.01050	0.00613	0.00812	0.00238	0.01175	0.00786	0.00350	0.00976
18	0.01647	0.12573	0.03465	0.02356	0.02888	0.04085	0.40745	0.02075	0.01549	0.02055	0.01546	0.08981	0.01394	0.00852	0.00979	0.00240	0.10456	0.00851	0.00376	0.00888
19	0.01662	0.01884	0.04087	0.06905	0.03787	0.01789	0.64282	0.02255	0.01666	0.02255	0.01431	0.01920	0.01073	0.00606	0.00833	0.00240	0.01187	0.00829	0.00358	0.00951
20	0.00865	0.00631	0.00814	0.00961	0.01025	0.00581	0.00647	0.00995	0.01393	0.01830	0.04301	0.66774	0.12203	0.02182	0.00901	0.00284	0.00407	0.01965	0.00661	0.00581
21	0.01828	0.41120	0.14431	0.01482	0.02082	0.12809	0.04098	0.02176	0.01617	0.01941	0.08945	0.01731	0.01580	0.00735	0.00580	0.00181	0.00858	0.00538	0.00370	0.00898
22	0.03256	0.00753	0.00963	0.00926	0.01103	0.00699	0.00688	0.01406	0.01877	0.06170	0.52056	0.16237	0.08089	0.01541	0.00834	0.00235	0.00369	0.01359	0.00756	0.00685
23	0.00958	0.00777	0.00865	0.00880	0.01106	0.00702	0.00691	0.01267	0.04802	0.02115	0.13564	0.06694	0.48079	0.01754	0.00861	0.00254	0.00420	0.12890	0.00677	0.00643
24	0.01943	0.71703	0.03643	0.01250	0.01847	0.06379	0.01226	0.02169	0.01476	0.01679	0.00996	0.01150	0.00914	0.00616	0.00466	0.00154	0.00788	0.00385	0.00308	0.00909
25	0.01557	0.01930	0.11185	0.21182	0.03855	0.01748	0.39592	0.02126	0.01561	0.02126	0.01348	0.01847	0.01018	0.00674	0.00871	0.00242	0.05145	0.00738	0.00339	0.00917
26	0.01402	0.01366	0.02375	0.58927	0.04500	0.01660	0.09448	0.01862	0.01423	0.01862	0.01256	0.01871	0.00963	0.00747	0.00871	0.00244	0.07436	0.00656	0.00321	0.00809
27	0.01187	0.00694	0.00880	0.00880	0.01009	0.00737	0.00660	0.01389	0.01284	0.02054	0.02147	0.02752	0.03681	0.02743	0.26828	0.12597	0.00947	0.00717	0.36216	0.00598
28	0.01522	0.06574	0.42175	0.02545	0.19346	0.01667	0.06515	0.02173	0.01575	0.02284	0.05870	0.01828	0.01356	0.00710	0.00694	0.00219	0.00949	0.00616	0.00349	0.01032

[dist]
# distance from previous block
# <min> <max>
0	4

[block]
# block no. 9 follows, 29 sequences, length 101
# corresponding to MSA columns:
# 305-405
name=unknown_J
#
# <colnr> <probs for GDERKNQSTAVLIFYWHMCP>
#	G	D	E	R	K	N	Q	S	T	A	V	L	I	F	Y	W	H	M	C	P
0	0.01294	0.01117	0.01645	0.15543	0.16760	0.01177	0.01347	0.01797	0.08370	0.02205	0.09511	0.12556	0.11142	0.01305	0.00806	0.00252	0.00647	0.11166	0.00547	0.00815
1	0.02407	0.01778	0.01928	0.01537	0.02024	0.01955	0.01245	0.56237	0.05186	0.04048	0.02073	0.12408	0.01755	0.01060	0.00742	0.00226	0.00722	0.00849	0.00705	0.01116
2	0.01500	0.01447	0.02342	0.51999	0.23073	0.03694	0.02018	0.01951	0.01496	0.01958	0.01281	0.01842	0.00998	0.00691	0.00708	0.00229	0.00930	0.00628	0.00328	0.00886
3	0.01834	0.01892	0.09482	0.05789	0.32583	0.06658	0.09595	0.04373	0.01729	0.08084	0.01914	0.02423	0.04919	0.00814	0.00739	0.00225	0.00885	0.04606	0.00438	0.01019
4	0.02622	0.01906	0.02111	0.01730	0.05332	0.02088	0.01358	0.60473	0.03154	0.06820	0.01806	0.04091	0.01341	0.00890	0.00718	0.00216	0.00768	0.00688	0.00700	0.01187
5	0.03153	0.01221	0.01651	0.01272	0.01819	0.01068	0.01049	0.03479	0.04020	0.69019	0.02812	0.02431	0.01775	0.00884	0.00716	0.00221	0.00605	0.00719	0.00877	0.01209
6	0.00947	0.00645	0.00854	0.00990	0.01057	0.00597	0.00671	0.01084	0.01413	0.04090	0.06102	0.68215	0.06367	0.02151	0.00899	0.00284	0.00416	0.01945	0.00672	0.00602
