[name]
unknown

[dist]
# distance from previous block
# <min> <max>
35	97

[block]
# block no. 0 follows, 29 sequences, length 14
# corresponding to MSA columns:
# 121-134
name=unknown_A
#
# <colnr> <probs for GDERKNQSTAVLIFYWHMCP>
#	G	D	E	R	K	N	Q	S	T	A	V	L	I	F	Y	W	H	M	C	P
0	0.01422	0.01248	0.01910	0.11363	0.05532	0.03180	0.07926	0.01718	0.01335	0.04618	0.01701	0.07486	0.01564	0.02333	0.22499	0.00524	0.18291	0.00793	0.03786	0.00772
1	0.01714	0.01576	0.04670	0.04609	0.01930	0.06532	0.01164	0.13046	0.06104	0.02434	0.01477	0.01819	0.01221	0.01430	0.09187	0.07317	0.07300	0.00575	0.00452	0.25446
2	0.01479	0.01392	0.01868	0.09318	0.19392	0.07132	0.04769	0.04741	0.01689	0.02172	0.03013	0.10217	0.14612	0.01214	0.00786	0.00239	0.00738	0.10654	0.00500	0.04076
3	0.02115	0.01969	0.01890	0.10244	0.02293	0.19228	0.01307	0.19276	0.02044	0.04786	0.01435	0.01763	0.01153	0.03872	0.00978	0.00224	0.09695	0.00583	0.03879	0.11264
4	0.04960	0.01303	0.01781	0.08210	0.02016	0.01506	0.05539	0.09302	0.01549	0.02326	0.01715	0.11046	0.01609	0.01296	0.04808	0.00287	0.21607	0.00799	0.09649	0.08694
5	0.01507	0.01430	0.07750	0.01573	0.06444	0.01294	0.04573	0.13596	0.10764	0.02587	0.06306	0.17103	0.07718	0.07921	0.01052	0.00288	0.00661	0.05975	0.00595	0.00861
6	0.01444	0.01113	0.01411	0.07221	0.01739	0.01158	0.03816	0.18474	0.01934	0.02564	0.08129	0.25169	0.10910	0.10212	0.01148	0.00300	0.00609	0.01267	0.00614	0.00768
7	0.01155	0.00635	0.00864	0.00894	0.00945	0.00622	0.00612	0.01098	0.01204	0.01730	0.07741	0.17663	0.02520	0.02064	0.01847	0.42951	0.00504	0.00976	0.13518	0.00455
8	0.01715	0.01568	0.02540	0.32603	0.30203	0.01724	0.05437	0.11207	0.01782	0.02413	0.01365	0.01820	0.01063	0.00696	0.00716	0.00224	0.00899	0.00646	0.00388	0.00990
9	0.01509	0.01258	0.01543	0.19142	0.02408	0.01385	0.01190	0.02554	0.30274	0.05491	0.03310	0.03284	0.16448	0.01050	0.00733	0.00230	0.00615	0.00883	0.00596	0.06096
10	0.01319	0.01072	0.01245	0.05114	0.01457	0.05715	0.00887	0.06229	0.01434	0.01953	0.07568	0.03223	0.02229	0.23258	0.25163	0.00658	0.05417	0.00834	0.04570	0.00654
11	0.02190	0.01508	0.01745	0.01595	0.07511	0.01609	0.01168	0.35573	0.05780	0.09299	0.02184	0.10341	0.01799	0.00998	0.00701	0.00216	0.00648	0.00818	0.13279	0.01039
12	0.01404	0.00919	0.01134	0.01105	0.01354	0.00896	0.00882	0.01906	0.10979	0.11382	0.15923	0.09113	0.15838	0.04747	0.00972	0.00281	0.00516	0.19167	0.00709	0.00773
13	0.08243	0.01402	0.01749	0.03477	0.01932	0.01320	0.04718	0.06708	0.01552	0.02459	0.01242	0.01514	0.01025	0.00664	0.00788	0.00161	0.09938	0.00490	0.00424	0.50193

[dist]
# distance from previous block
# <min> <max>
17	31

[block]
# block no. 1 follows, 29 sequences, length 7
# corresponding to MSA columns:
# 167-173
name=unknown_B
#
# <colnr> <probs for GDERKNQSTAVLIFYWHMCP>
#	G	D	E	R	K	N	Q	S	T	A	V	L	I	F	Y	W	H	M	C	P
0	0.05731	0.05121	0.10963	0.01467	0.02093	0.01622	0.01345	0.25400	0.02330	0.29560	0.01992	0.01898	0.01344	0.00805	0.00677	0.00209	0.00726	0.00621	0.00679	0.05417
1	0.01607	0.01732	0.03539	0.20560	0.11722	0.01734	0.44022	0.02156	0.01610	0.02172	0.01386	0.01897	0.01053	0.00632	0.00793	0.00236	0.01097	0.00765	0.00348	0.00938
2	0.01741	0.01310	0.01540	0.01117	0.01737	0.01045	0.00900	0.06490	0.01663	0.09705	0.01458	0.01592	0.01140	0.00587	0.00560	0.00125	0.00553	0.00468	0.00490	0.65780
3	0.00927	0.00683	0.00890	0.00998	0.01097	0.00615	0.00679	0.01070	0.01374	0.01867	0.03665	0.67389	0.04353	0.02065	0.00872	0.00271	0.00424	0.01868	0.00638	0.08257
4	0.11280	0.01837	0.01846	0.11332	0.02378	0.09290	0.01309	0.26089	0.21517	0.03251	0.01840	0.01897	0.01368	0.00832	0.00677	0.00222	0.00769	0.00638	0.00593	0.01038
5	0.02399	0.02027	0.02089	0.14593	0.02673	0.11667	0.01456	0.43379	0.06737	0.03539	0.01616	0.01742	0.01181	0.00819	0.00703	0.00215	0.00869	0.00624	0.00594	0.01077
6	0.06529	0.24752	0.31425	0.01651	0.02390	0.14290	0.01802	0.02372	0.01586	0.05454	0.01220	0.01382	0.00943	0.00676	0.00593	0.00196	0.00954	0.00472	0.00350	0.00963

[dist]
# distance from previous block
# <min> <max>
0	1

[block]
# block no. 2 follows, 29 sequences, length 31
# corresponding to MSA columns:
# 175-205
name=unknown_C
#
# <colnr> <probs for GDERKNQSTAVLIFYWHMCP>
#	G	D	E	R	K	N	Q	S	T	A	V	L	I	F	Y	W	H	M	C	P
0	0.01501	0.06051	0.54185	0.02209	0.03172	0.01730	0.16705	0.02256	0.01540	0.02238	0.01302	0.01580	0.00941	0.00657	0.00704	0.00226	0.01073	0.00589	0.00314	0.01027
1	0.00871	0.00634	0.00822	0.00962	0.01028	0.00585	0.00650	0.01010	0.01416	0.01873	0.07154	0.65117	0.10941	0.02157	0.00900	0.00282	0.00405	0.01943	0.00666	0.00585
2	0.01657	0.01591	0.02463	0.08813	0.49798	0.05208	0.01920	0.02049	0.01630	0.02215	0.01885	0.02813	0.04178	0.00875	0.00746	0.00229	0.00831	0.09690	0.00404	0.01001
3	0.02052	0.01253	0.01484	0.01292	0.01646	0.01285	0.01002	0.20847	0.09669	0.19484	0.02915	0.28471	0.02725	0.01374	0.00786	0.00246	0.00581	0.01181	0.00736	0.00972
4	0.00868	0.00620	0.00826	0.00991	0.01033	0.00578	0.00661	0.00991	0.01363	0.01818	0.03925	0.74510	0.04710	0.02231	0.00909	0.00289	0.00413	0.02024	0.00661	0.00578
5	0.01008	0.00663	0.00889	0.01025	0.01100	0.00617	0.00709	0.01152	0.01415	0.05548	0.03856	0.66853	0.04517	0.02143	0.00903	0.00288	0.00437	0.05587	0.00673	0.00617
6	0.02703	0.01142	0.01494	0.01187	0.01671	0.01010	0.00966	0.03064	0.05691	0.54977	0.06200	0.03164	0.11381	0.01036	0.00739	0.00224	0.00559	0.00852	0.00838	0.01101
7	0.01904	0.75404	0.03731	0.01218	0.01828	0.02818	0.01218	0.02132	0.01447	0.01675	0.00990	0.01142	0.00914	0.00609	0.00457	0.00152	0.00761	0.00381	0.00305	0.00914
8	0.02658	0.01779	0.01897	0.01513	0.02034	0.06099	0.01228	0.34268	0.15497	0.22121	0.02198	0.02059	0.01527	0.00876	0.00711	0.00219	0.00724	0.00682	0.00739	0.01172
9	0.01489	0.07540	0.58608	0.02111	0.03095	0.01739	0.11144	0.02251	0.01523	0.02225	0.01283	0.01538	0.00926	0.00663	0.00686	0.00223	0.01055	0.00559	0.00309	0.01032
10	0.01345	0.01266	0.02136	0.73264	0.04904	0.01582	0.01978	0.01819	0.01424	0.01819	0.01266	0.01898	0.00949	0.00712	0.00712	0.00237	0.00949	0.00633	0.00316	0.00791
11	0.02134	0.10106	0.13458	0.01610	0.04767	0.01745	0.01429	0.21883	0.10078	0.13976	0.02107	0.09925	0.01714	0.00960	0.00702	0.00221	0.00732	0.00778	0.00608	0.01068
12	0.01711	0.01657	0.02878	0.12023	0.59483	0.01686	0.05793	0.02150	0.01602	0.02267	0.01337	0.01786	0.01105	0.00641	0.00713	0.00216	0.00877	0.00646	0.00349	0.01081
13	0.00868	0.00620	0.00826	0.00991	0.01033	0.00578	0.00661	0.00991	0.01363	0.01818	0.03925	0.74510	0.04710	0.02231	0.00909	0.00289	0.00413	0.02024	0.00661	0.00578
14	0.01087	0.00858	0.01003	0.01013	0.01211	0.00850	0.00760	0.01648	0.14393	0.02338	0.20576	0.22320	0.20874	0.01679	0.00847	0.00255	0.00429	0.06441	0.00702	0.00716
15	0.01791	0.01677	0.02751	0.08258	0.59970	0.01718	0.02084	0.05988	0.04373	0.02445	0.01417	0.01803	0.01163	0.00665	0.00707	0.00214	0.00837	0.00641	0.00385	0.01112
16	0.01762	0.01692	0.02890	0.04371	0.70533	0.01692	0.02185	0.02185	0.01621	0.02326	0.01339	0.01762	0.01128	0.00634	0.00705	0.00211	0.00846	0.00634	0.00352	0.01128
17	0.00868	0.00620	0.00826	0.00991	0.01033	0.00578	0.00661	0.00991	0.01363	0.01818	0.03925	0.74510	0.04710	0.02231	0.00909	0.00289	0.00413	0.02024	0.00661	0.00578
18	0.02707	0.01995	0.02137	0.01638	0.02208	0.02208	0.01353	0.68159	0.03348	0.04488	0.01710	0.01710	0.01211	0.00855	0.00712	0.00214	0.00784	0.00641	0.00712	0.01211
19	0.01435	0.03572	0.67667	0.02021	0.03018	0.01681	0.02575	0.02227	0.01482	0.02227	0.01260	0.01506	0.00904	0.00706	0.00763	0.00230	0.04855	0.00531	0.00301	0.01038
20	0.03195	0.01212	0.01652	0.01267	0.01818	0.01047	0.01047	0.03470	0.02038	0.71026	0.02809	0.02424	0.01763	0.00881	0.00716	0.00220	0.00606	0.00716	0.00881	0.01212
21	0.02660	0.03394	0.02018	0.01834	0.02201	0.72116	0.01376	0.02843	0.02018	0.01743	0.01101	0.01284	0.00917	0.00734	0.00642	0.00183	0.01284	0.00459	0.00367	0.00825
22	0.01626	0.01814	0.03866	0.14428	0.03914	0.01765	0.57218	0.02206	0.01639	0.02206	0.01412	0.01917	0.01059	0.00618	0.00819	0.00240	0.01160	0.00807	0.00353	0.00933
23	0.01511	0.01594	0.03116	0.02362	0.02803	0.01683	0.39514	0.01943	0.01441	0.02026	0.01436	0.02035	0.01202	0.01763	0.16605	0.00451	0.16532	0.00778	0.00355	0.00852
24	0.05723	0.03314	0.01979	0.01799	0.02169	0.69324	0.01352	0.02814	0.01986	0.01800	0.01096	0.01279	0.00911	0.00731	0.00634	0.00185	0.01255	0.00456	0.00370	0.00823
25	0.01345	0.01266	0.02136	0.73264	0.04904	0.01582	0.01978	0.01819	0.01424	0.01819	0.01266	0.01898	0.00949	0.00712	0.00712	0.00237	0.00949	0.00633	0.00316	0.00791
26	0.00998	0.00683	0.00799	0.00839	0.00864	0.00669	0.00511	0.01044	0.01150	0.01522	0.02849	0.18939	0.05872	0.54351	0.02856	0.00576	0.00620	0.03885	0.00496	0.00477
27	0.00868	0.00620	0.00826	0.00991	0.01033	0.00578	0.00661	0.00991	0.01363	0.01818	0.03925	0.74510	0.04710	0.02231	0.00909	0.00289	0.00413	0.02024	0.00661	0.00578
28	0.01763	0.01683	0.02822	0.04214	0.66849	0.01696	0.02129	0.02271	0.05249	0.02361	0.01423	0.01810	0.01184	0.00652	0.00706	0.00213	0.00831	0.00644	0.00372	0.01128
29	0.01345	0.01266	0.02136	0.73264	0.04904	0.01582	0.01978	0.01819	0.01424	0.01819	0.01266	0.01898	0.00949	0.00712	0.00712	0.00237	0.00949	0.00633	0.00316	0.00791
30	0.01620	0.02348	0.20445	0.02766	0.03567	0.01765	0.52132	0.02275	0.01638	0.02275	0.01401	0.01820	0.01037	0.00619	0.00801	0.00237	0.01165	0.00764	0.00346	0.00983

[dist]
# distance from previous block
# <min> <max>
1	23

[block]
# block no. 3 follows, 29 sequences, length 32
# corresponding to MSA columns:
# 232-263
name=unknown_D
#
# <colnr> <probs for GDERKNQSTAVLIFYWHMCP>
#	G	D	E	R	K	N	Q	S	T	A	V	L	I	F	Y	W	H	M	C	P
0	0.01591	0.01642	0.02770	0.02588	0.15633	0.04425	0.22061	0.01947	0.01427	0.02006	0.01399	0.04712	0.01257	0.01392	0.09008	0.00355	0.23792	0.00757	0.00358	0.00881
1	0.06303	0.01157	0.05512	0.01093	0.01441	0.01019	0.00919	0.02101	0.13137	0.12350	0.26779	0.04340	0.16574	0.01276	0.00773	0.00232	0.00485	0.02960	0.00709	0.00841
2	0.01721	0.01711	0.03101	0.08338	0.53377	0.01706	0.15087	0.02182	0.01621	0.02286	0.01355	0.01802	0.01108	0.00632	0.00732	0.00219	0.00922	0.00675	0.00352	0.01074
3	0.01489	0.12824	0.62676	0.01926	0.02922	0.01802	0.02451	0.02239	0.01496	0.02181	0.01241	0.01457	0.00904	0.00668	0.00649	0.00216	0.01015	0.00508	0.00301	0.01035
4	0.04260	0.50461	0.13902	0.01415	0.02030	0.08974	0.01443	0.02177	0.01480	0.01819	0.01069	0.01274	0.00933	0.00789	0.02584	0.00202	0.03531	0.00430	0.00316	0.00910
5	0.02504	0.06708	0.20120	0.01463	0.02130	0.01358	0.01470	0.06105	0.01921	0.41488	0.05846	0.02218	0.01720	0.00839	0.00695	0.00217	0.00728	0.00671	0.00677	0.01121
6	0.00873	0.00644	0.00820	0.00957	0.01036	0.00591	0.00658	0.01013	0.01416	0.01846	0.04471	0.60845	0.15689	0.02150	0.00900	0.00282	0.00413	0.04149	0.00661	0.00585
7	0.01184	0.00852	0.01064	0.00983	0.01195	0.00832	0.00746	0.01743	0.11039	0.05166	0.58865	0.04864	0.05942	0.01371	0.00820	0.00226	0.00376	0.01204	0.00779	0.00751
8	0.02474	0.05288	0.02155	0.02091	0.10422	0.54913	0.01453	0.04801	0.06180	0.01972	0.01257	0.01436	0.01030	0.00736	0.00651	0.00190	0.01155	0.00505	0.00396	0.00895
9	0.01029	0.00691	0.00765	0.00765	0.00816	0.00671	0.00460	0.01070	0.01160	0.01550	0.03049	0.04814	0.13851	0.55449	0.02926	0.03197	0.00609	0.01076	0.05579	0.00471
10	0.01747	0.01676	0.02862	0.06984	0.68043	0.01688	0.02177	0.02171	0.01614	0.02307	0.01337	0.01768	0.01121	0.00637	0.00705	0.00212	0.00850	0.00634	0.00351	0.01115
11	0.07340	0.01945	0.02000	0.01578	0.02112	0.04443	0.01290	0.53823	0.11464	0.04127	0.01795	0.01781	0.01295	0.00853	0.00695	0.00217	0.00758	0.00640	0.00686	0.01161
12	0.01487	0.12562	0.62923	0.01929	0.02927	0.01798	0.02456	0.02240	0.01496	0.02183	0.01242	0.01459	0.00903	0.00668	0.00649	0.00216	0.01016	0.00508	0.00301	0.01035
13	0.00868	0.00620	0.00826	0.00991	0.01033	0.00578	0.00661	0.00991	0.01363	0.01818	0.03925	0.74510	0.04710	0.02231	0.00909	0.00289	0.00413	0.02024	0.00661	0.00578
14	0.08010	0.01325	0.01678	0.01295	0.01841	0.01234	0.01069	0.11876	0.02158	0.57981	0.02549	0.02249	0.01627	0.00864	0.00698	0.00219	0.00626	0.00685	0.00831	0.01184
15	0.01344	0.00800	0.01054	0.00971	0.01194	0.00728	0.00745	0.01650	0.01946	0.13504	0.50154	0.09731	0.07941	0.01450	0.00831	0.00233	0.00397	0.03798	0.00782	0.00748
16	0.01042	0.00789	0.00992	0.01087	0.01254	0.00764	0.00865	0.01395	0.05931	0.02096	0.07771	0.23725	0.19248	0.01906	0.00909	0.00288	0.00507	0.28106	0.00669	0.00655
17	0.01489	0.12824	0.62676	0.01926	0.02922	0.01802	0.02451	0.02239	0.01496	0.02181	0.01241	0.01457	0.00904	0.00668	0.00649	0.00216	0.01015	0.00508	0.00301	0.01035
18	0.00998	0.00782	0.01081	0.05530	0.01367	0.00851	0.00845	0.01154	0.01320	0.01797	0.04895	0.51392	0.03793	0.06469	0.05656	0.00364	0.08899	0.01624	0.00572	0.00612
19	0.01451	0.07182	0.67990	0.01990	0.03021	0.01710	0.02562	0.02249	0.01501	0.02227	0.01264	0.01486	0.00903	0.00673	0.00666	0.00222	0.01038	0.00519	0.00301	0.01046
20	0.00882	0.00719	0.00782	0.00788	0.01001	0.00619	0.00591	0.01092	0.01677	0.02089	0.18108	0.10846	0.52762	0.01773	0.00850	0.00243	0.00369	0.03512	0.00683	0.00614
21	0.01681	0.01921	0.04202	0.03001	0.03721	0.01801	0.67947	0.02281	0.01681	0.02281	0.01441	0.01921	0.01080	0.00600	0.00840	0.00240	0.01200	0.00840	0.00360	0.00960
22	0.10422	0.01199	0.01553	0.01213	0.01731	0.01077	0.00998	0.03214	0.01958	0.60533	0.06584	0.02472	0.01958	0.00894	0.00697	0.00221	0.00585	0.00718	0.00833	0.01138
23	0.00868	0.00620	0.00826	0.00991	0.01033	0.00578	0.00661	0.00991	0.01363	0.01818	0.03925	0.74510	0.04710	0.02231	0.00909	0.00289	0.00413	0.02024	0.00661	0.00578
24	0.01214	0.00795	0.01017	0.00945	0.01153	0.00737	0.00714	0.01585	0.04508	0.08854	0.53327	0.09369	0.10114	0.01456	0.00829	0.00229	0.00375	0.01278	0.00775	0.00727
25	0.05032	0.01544	0.02101	0.26548	0.16386	0.04125	0.01634	0.13156	0.07246	0.10415	0.01721	0.04046	0.01320	0.00803	0.00705	0.00226	0.00812	0.00683	0.00502	0.00995
26	0.00868	0.00620	0.00826	0.00991	0.01033	0.00578	0.00661	0.00991	0.01363	0.01818	0.03925	0.74510	0.04710	0.02231	0.00909	0.00289	0.00413	0.02024	0.00661	0.00578
27	0.03195	0.01212	0.01652	0.01267	0.01818	0.01047	0.01047	0.03470	0.02038	0.71026	0.02809	0.02424	0.01763	0.00881	0.00716	0.00220	0.00606	0.00716	0.00881	0.01212
28	0.04693	0.09918	0.57610	0.01861	0.02814	0.01715	0.02321	0.02321	0.01523	0.06966	0.01346	0.01520	0.00957	0.00684	0.00650	0.00218	0.00976	0.00521	0.00346	0.01040
29	0.01428	0.03683	0.71286	0.02030	0.03082	0.01654	0.02631	0.02255	0.01503	0.02255	0.01278	0.01503	0.00902	0.00677	0.00677	0.00226	0.01052	0.00526	0.00301	0.01052
30	0.00947	0.00877	0.00797	0.00786	0.01034	0.04758	0.00590	0.01128	0.01646	0.01913	0.06858	0.06529	0.66215	0.01741	0.00830	0.00237	0.00414	0.01442	0.00644	0.00614
31	0.02961	0.01330	0.01698	0.01319	0.01861	0.01240	0.01082	0.10695	0.08290	0.55402	0.02650	0.02338	0.01718	0.00876	0.00711	0.00218	0.00620	0.00707	0.00835	0.03449

[dist]
# distance from previous block
# <min> <max>
0	3

[block]
# block no. 4 follows, 29 sequences, length 126
# corresponding to MSA columns:
# 267-392
name=unknown_E
#
# <colnr> <probs for GDERKNQSTAVLIFYWHMCP>
#	G	D	E	R	K	N	Q	S	T	A	V	L	I	F	Y	W	H	M	C	P
0	0.01920	0.02089	0.03052	0.03515	0.39815	0.15743	0.18867	0.02341	0.01716	0.02198	0.01318	0.01708	0.01074	0.00645	0.00727	0.00213	0.01024	0.00652	0.00357	0.01025
1	0.02259	0.01472	0.01645	0.01342	0.01757	0.01563	0.01069	0.38795	0.02558	0.12567	0.02290	0.13281	0.01954	0.04384	0.00850	0.00242	0.00648	0.00885	0.09421	0.01018
2	0.41931	0.11169	0.04034	0.01090	0.01570	0.01609	0.00950	0.04202	0.04531	0.09176	0.08078	0.01794	0.01561	0.00765	0.00541	0.00206	0.00587	0.00537	0.00512	0.05155
3	0.00842	0.00721	0.00721	0.00721	0.00962	0.00601	0.00541	0.01022	0.01623	0.01924	0.07213	0.06853	0.70244	0.01803	0.00842	0.00240	0.00361	0.01503	0.00661	0.00601
4	0.01477	0.01266	0.01477	0.01055	0.01687	0.00949	0.00844	0.01793	0.01477	0.02320	0.01266	0.01477	0.01055	0.00527	0.00527	0.00105	0.00527	0.00422	0.00422	0.79328
5	0.01643	0.05680	0.31696	0.01989	0.04742	0.01532	0.15646	0.04183	0.01701	0.08709	0.10943	0.02301	0.01889	0.03219	0.00825	0.00239	0.00904	0.00731	0.00451	0.00976
6	0.76185	0.01372	0.01099	0.04449	0.01548	0.01597	0.00830	0.02080	0.01222	0.03128	0.01005	0.01193	0.00780	0.00663	0.00454	0.00221	0.00570	0.00398	0.00435	0.00772
7	0.02643	0.01932	0.02078	0.01611	0.02166	0.02137	0.01325	0.60801	0.08859	0.06351	0.01843	0.01811	0.01309	0.00865	0.00713	0.00216	0.00760	0.00657	0.00718	0.01204
8	0.01345	0.01266	0.02136	0.73264	0.04904	0.01582	0.01978	0.01819	0.01424	0.01819	0.01266	0.01898	0.00949	0.00712	0.00712	0.00237	0.00949	0.00633	0.00316	0.00791
9	0.01743	0.01672	0.02855	0.07556	0.67499	0.01687	0.02176	0.02168	0.01612	0.02303	0.01336	0.01769	0.01120	0.00638	0.00705	0.00213	0.00851	0.00634	0.00351	0.01112
10	0.00842	0.00721	0.00721	0.00721	0.00962	0.00601	0.00541	0.01022	0.01623	0.01924	0.07213	0.06853	0.70244	0.01803	0.00842	0.00240	0.00361	0.01503	0.00661	0.00601
11	0.02552	0.02959	0.02148	0.02130	0.10976	0.52281	0.01476	0.12843	0.02172	0.02241	0.01225	0.01411	0.00990	0.00740	0.00661	0.00192	0.01151	0.00509	0.00418	0.00924
12	0.80005	0.01377	0.01047	0.00936	0.01377	0.01597	0.00771	0.02093	0.01212	0.03195	0.00991	0.01157	0.00771	0.00661	0.00441	0.00220	0.00551	0.00386	0.00441	0.00771
13	0.01645	0.01572	0.02678	0.23738	0.52083	0.01661	0.02127	0.02082	0.01566	0.02184	0.01319	0.01801	0.01078	0.00656	0.00707	0.00219	0.00875	0.00634	0.00342	0.01033
14	0.01018	0.00760	0.01132	0.01132	0.01254	0.00883	0.00874	0.01263	0.01141	0.01644	0.01919	0.02862	0.01808	0.07745	0.69787	0.01129	0.01865	0.00772	0.00383	0.00629
15	0.00842	0.00721	0.00721	0.00721	0.00962	0.00601	0.00541	0.01022	0.01623	0.01924	0.07213	0.06853	0.70244	0.01803	0.00842	0.00240	0.00361	0.01503	0.00661	0.00601
16	0.01659	0.01854	0.03863	0.02796	0.03428	0.01815	0.57650	0.02196	0.01603	0.02215	0.01374	0.01862	0.01062	0.00674	0.01006	0.00244	0.09739	0.00799	0.00357	0.03803
17	0.02674	0.01978	0.02118	0.01632	0.02196	0.02193	0.01345	0.65898	0.05662	0.04435	0.01751	0.01743	0.01245	0.00859	0.00713	0.00215	0.00776	0.00647	0.00713	0.01208
18	0.01558	0.01558	0.02181	0.01869	0.01869	0.02181	0.01558	0.01714	0.01091	0.01714	0.00935	0.01558	0.00935	0.01246	0.02337	0.00312	0.73672	0.00623	0.00312	0.00779
19	0.00868	0.00620	0.00826	0.00991	0.01033	0.00578	0.00661	0.00991	0.01363	0.01818	0.03925	0.74510	0.04710	0.02231	0.00909	0.00289	0.00413	0.02024	0.00661	0.00578
20	0.00980	0.00739	0.00959	0.01011	0.01071	0.00760	0.00704	0.01124	0.01406	0.01916	0.14517	0.42439	0.07111	0.13509	0.01455	0.00342	0.07160	0.01595	0.00613	0.00590
21	0.02530	0.01766	0.01937	0.01535	0.02050	0.01927	0.01249	0.48206	0.12321	0.11604	0.02121	0.05903	0.01599	0.00949	0.00725	0.00222	0.00713	0.00748	0.00730	0.01165
22	0.01365	0.01286	0.02172	0.69918	0.08091	0.01587	0.01988	0.01837	0.01433	0.01844	0.01269	0.01892	0.00958	0.00708	0.00712	0.00236	0.00944	0.00633	0.00318	0.00807
23	0.00867	0.00623	0.00823	0.00983	0.01031	0.00579	0.00657	0.00992	0.01371	0.01821	0.04023	0.72478	0.06678	0.02218	0.00907	0.00288	0.00412	0.02009	0.00661	0.00579
24	0.06799	0.12100	0.42348	0.02076	0.05695	0.01798	0.12369	0.02274	0.01529	0.04764	0.01306	0.01544	0.00963	0.00661	0.00661	0.00217	0.00981	0.00559	0.00343	0.01011
25	0.03062	0.01209	0.01627	0.01262	0.01794	0.01064	0.01037	0.03412	0.04858	0.65897	0.05060	0.02530	0.01945	0.00904	0.00721	0.00221	0.00595	0.00739	0.00871	0.01190
26	0.00964	0.00721	0.00894	0.00861	0.01039	0.00652	0.00642	0.01255	0.01897	0.02597	0.52879	0.08864	0.20974	0.01570	0.00843	0.00231	0.00345	0.01370	0.00750	0.00652
27	0.01609	0.01728	0.04590	0.12211	0.02794	0.05708	0.18891	0.03930	0.01440	0.01984	0.01340	0.06176	0.01213	0.01006	0.01439	0.00269	0.31715	0.00756	0.00361	0.00839
28	0.05207	0.02896	0.42766	0.02649	0.22611	0.04133	0.02326	0.02225	0.01525	0.02279	0.01262	0.01558	0.00964	0.00689	0.00742	0.00223	0.04024	0.00553	0.00325	0.01042
29	0.01741	0.01696	0.02971	0.06614	0.62855	0.01697	0.07528	0.02181	0.01619	0.02305	0.01345	0.01780	0.01118	0.00634	0.00716	0.00215	0.00878	0.00651	0.00352	0.01103
30	0.00890	0.00642	0.00849	0.01006	0.01067	0.00600	0.00697	0.01034	0.01399	0.01850	0.04071	0.65559	0.07840	0.02188	0.00912	0.00290	0.00431	0.07430	0.00661	0.00586
31	0.01676	0.01777	0.08149	0.03762	0.54481	0.01617	0.04837	0.02183	0.03847	0.02359	0.04813	0.02160	0.01513	0.00732	0.00725	0.00219	0.00837	0.02844	0.00392	0.01077
32	0.01562	0.06885	0.57413	0.02024	0.05893	0.04616	0.02372	0.02280	0.01562	0.04479	0.03608	0.01646	0.01136	0.00706	0.00672	0.00219	0.01000	0.00553	0.00341	0.01032
33	0.01684	0.01913	0.04155	0.03050	0.06104	0.01797	0.65602	0.02278	0.01679	0.02283	0.01437	0.01915	0.01082	0.00601	0.00836	0.00239	0.01188	0.00833	0.00360	0.00966
34	0.00853	0.00722	0.00740	0.00751	0.00982	0.00608	0.00566	0.01037	0.01615	0.01928	0.06987	0.09033	0.65814	0.01823	0.00849	0.00245	0.00373	0.03810	0.00661	0.00602
35	0.01748	0.01772	0.05880	0.04106	0.63760	0.01694	0.02147	0.02276	0.05314	0.02359	0.01422	0.01800	0.01175	0.00654	0.00705	0.00214	0.00840	0.00639	0.00370	0.01124
36	0.11900	0.65929	0.03388	0.01182	0.01770	0.02661	0.01161	0.02127	0.01417	0.01870	0.00990	0.01144	0.00896	0.00616	0.00455	0.00161	0.00735	0.00381	0.00322	0.00896
37	0.00997	0.00727	0.00936	0.00884	0.01057	0.00667	0.00663	0.01322	0.01989	0.02793	0.65906	0.05423	0.11009	0.01479	0.00840	0.00225	0.00338	0.01302	0.00776	0.00667
38	0.01666	0.44978	0.26788	0.01467	0.02198	0.02250	0.01659	0.02103	0.01496	0.01933	0.04207	0.01639	0.03547	0.00709	0.00562	0.00184	0.00830	0.00508	0.00336	0.00941
39	0.08719	0.01199	0.01552	0.01224	0.01727	0.01084	0.01001	0.05093	0.01982	0.57742	0.05521	0.05930	0.02023	0.00954	0.00710	0.00224	0.00586	0.00777	0.00829	0.01125
40	0.02287	0.01097	0.03473	0.01145	0.01561	0.00918	0.00948	0.02602	0.02013	0.42305	0.29094	0.03528	0.03674	0.01100	0.00763	0.00222	0.00514	0.00934	0.00826	0.00996
41	0.01614	0.01807	0.03883	0.07456	0.03651	0.01720	0.59983	0.02180	0.01647	0.02226	0.01565	0.05888	0.01270	0.00697	0.00836	0.00243	0.01141	0.00892	0.00374	0.00928
42	0.02703	0.01791	0.01992	0.01530	0.02094	0.01905	0.01260	0.50234	0.05037	0.16977	0.01931	0.01862	0.01337	0.00845	0.00703	0.00210	0.00729	0.00648	0.00729	0.05480
43	0.01759	0.01702	0.02949	0.04309	0.67544	0.01697	0.05127	0.02190	0.01624	0.02324	0.01344	0.01769	0.01126	0.00633	0.00711	0.00213	0.00862	0.00644	0.00353	0.01120
44	0.01510	0.03569	0.68066	0.01994	0.03023	0.01626	0.02558	0.02311	0.01528	0.05434	0.01349	0.01546	0.00942	0.00686	0.00678	0.00225	0.01032	0.00535	0.00328	0.01060
45	0.00998	0.00727	0.00938	0.00885	0.01058	0.00668	0.00664	0.01324	0.01992	0.02799	0.66325	0.05412	0.10587	0.01477	0.00840	0.00225	0.00337	0.01301	0.00776	0.00668
46	0.01805	0.01599	0.01939	0.01507	0.01949	0.04056	0.03979	0.15680	0.01790	0.02586	0.01270	0.01559	0.01051	0.00801	0.01075	0.00192	0.20514	0.00541	0.00448	0.35660
47	0.00915	0.00660	0.00866	0.00950	0.01041	0.00611	0.00661	0.01114	0.01596	0.02178	0.26824	0.48609	0.07421	0.01951	0.00883	0.00265	0.00385	0.01755	0.00703	0.00611
48	0.01347	0.00942	0.01049	0.00954	0.01075	0.00985	0.00629	0.13811	0.01498	0.02000	0.02281	0.04088	0.04378	0.55701	0.05861	0.00605	0.00749	0.00963	0.00490	0.00594
49	0.01237	0.00618	0.00928	0.00928	0.00928	0.00618	0.00618	0.00928	0.00928	0.01237	0.01237	0.02165	0.01237	0.02474	0.02783	0.79283	0.00618	0.00618	0.00309	0.00309
50	0.01168	0.00818	0.00939	0.00887	0.01086	0.00824	0.00683	0.04998	0.01677	0.02413	0.16587	0.04368	0.23728	0.01776	0.08820	0.00319	0.03824	0.01049	0.23360	0.00678
51	0.80005	0.01377	0.01047	0.00936	0.01377	0.01597	0.00771	0.02093	0.01212	0.03195	0.00991	0.01157	0.00771	0.00661	0.00441	0.00220	0.00551	0.00386	0.00441	0.00771
52	0.01115	0.00798	0.01101	0.01214	0.01379	0.00785	0.01036	0.01444	0.01728	0.02301	0.19366	0.07395	0.04714	0.01847	0.00950	0.00303	0.00581	0.50599	0.00686	0.00659
53	0.03195	0.01212	0.01652	0.01267	0.01818	0.01047	0.01047	0.03470	0.02038	0.71026	0.02809	0.02424	0.01763	0.00881	0.00716	0.00220	0.00606	0.00716	0.00881	0.01212
54	0.01437	0.03622	0.68969	0.02063	0.03104	0.01659	0.04886	0.02256	0.01509	0.02256	0.01283	0.01518	0.00908	0.00674	0.00682	0.00226	0.01057	0.00537	0.00303	0.01049
55	0.02701	0.02160	0.02123	0.01662	0.02207	0.10490	0.01356	0.60421	0.03190	0.04162	0.01637	0.01659	0.01176	0.00840	0.00704	0.00210	0.00843	0.00619	0.00671	0.01165
56	0.01008	0.00728	0.00952	0.00896	0.01064	0.00672	0.00672	0.01344	0.02016	0.02855	0.70158	0.05319	0.06719	0.01456	0.00840	0.00224	0.00336	0.01288	0.00784	0.00672
57	0.01681	0.01921	0.04202	0.03001	0.03721	0.01801	0.67947	0.02281	0.01681	0.02281	0.01441	0.01921	0.01080	0.00600	0.00840	0.00240	0.01200	0.00840	0.00360	0.00960
58	0.01000	0.00728	0.00941	0.00888	0.01059	0.00669	0.00666	0.01329	0.01997	0.02812	0.67248	0.05390	0.09656	0.01472	0.00840	0.00225	0.00337	0.01298	0.00778	0.00669
59	0.01147	0.00820	0.01147	0.01311	0.01475	0.00820	0.01147	0.01475	0.01639	0.02131	0.03770	0.08032	0.04098	0.01967	0.00984	0.00328	0.00656	0.65741	0.00656	0.00656
60	0.80005	0.01377	0.01047	0.00936	0.01377	0.01597	0.00771	0.02093	0.01212	0.03195	0.00991	0.01157	0.00771	0.00661	0.00441	0.00220	0.00551	0.00386	0.00441	0.00771
61	0.02382	0.01833	0.01954	0.01573	0.02084	0.02056	0.01275	0.45801	0.26235	0.03964	0.02122	0.02039	0.01545	0.00893	0.00717	0.00223	0.00707	0.00698	0.00717	0.01182
62	0.01036	0.00690	0.00777	0.00777	0.00777	0.00690	0.00431	0.01036	0.01036	0.01381	0.02244	0.04660	0.02589	0.74975	0.03624	0.00690	0.00690	0.01036	0.00431	0.00431
63	0.01904	0.75404	0.03731	0.01218	0.01828	0.02818	0.01218	0.02132	0.01447	0.01675	0.00990	0.01142	0.00914	0.00609	0.00457	0.00152	0.00761	0.00381	0.00305	0.00914
64	0.80005	0.01377	0.01047	0.00936	0.01377	0.01597	0.00771	0.02093	0.01212	0.03195	0.00991	0.01157	0.00771	0.00661	0.00441	0.00220	0.00551	0.00386	0.00441	0.00771
65	0.01237	0.00618	0.00928	0.00928	0.00928	0.00618	0.00618	0.00928	0.00928	0.01237	0.01237	0.02165	0.01237	0.02474	0.02783	0.79283	0.00618	0.00618	0.00309	0.00309
66	0.05235	0.02019	0.02098	0.01622	0.02181	0.04404	0.01335	0.63926	0.03236	0.04358	0.01667	0.01678	0.01187	0.00845	0.00701	0.00213	0.00792	0.00627	0.00692	0.01184
67	0.01609	0.01897	0.06930	0.02787	0.03472	0.01698	0.59458	0.02190	0.01678	0.02292	0.04855	0.04548	0.01470	0.00701	0.00835	0.00240	0.01125	0.00888	0.00388	0.00937
68	0.67865	0.01342	0.01148	0.07457	0.01690	0.01546	0.00874	0.02045	0.01248	0.03024	0.01065	0.01279	0.00828	0.00666	0.00470	0.00216	0.00580	0.00417	0.02739	0.03500
69	0.01428	0.03683	0.71286	0.02030	0.03082	0.01654	0.02631	0.02255	0.01503	0.02255	0.01278	0.01503	0.00902	0.00677	0.00677	0.00226	0.01052	0.00526	0.00301	0.01052
70	0.01668	0.16612	0.02490	0.01736	0.01873	0.04866	0.01482	0.01840	0.01197	0.01707	0.00952	0.01464	0.00930	0.01098	0.01893	0.00275	0.56230	0.00568	0.00312	0.00808
71	0.00868	0.00620	0.00826	0.00991	0.01033	0.00578	0.00661	0.00991	0.01363	0.01818	0.03925	0.74510	0.04710	0.02231	0.00909	0.00289	0.00413	0.02024	0.00661	0.00578
72	0.02707	0.01995	0.02137	0.01638	0.02208	0.02208	0.01353	0.68159	0.03348	0.04488	0.01710	0.01710	0.01211	0.00855	0.00712	0.00214	0.00784	0.00641	0.00712	0.01211
73	0.01511	0.01286	0.01495	0.01071	0.01702	0.00985	0.00858	0.03666	0.01529	0.02381	0.01278	0.01483	0.01059	0.00537	0.00533	0.00109	0.00535	0.00428	0.00430	0.77124
74	0.01433	0.03606	0.68760	0.02024	0.03038	0.01673	0.02592	0.02235	0.01488	0.02235	0.01265	0.01505	0.00903	0.00697	0.00737	0.00229	0.03706	0.00530	0.00301	0.01042
75	0.01019	0.00757	0.01113	0.01113	0.01229	0.00873	0.00851	0.01251	0.01135	0.01630	0.01936	0.02958	0.01850	0.11348	0.66241	0.01105	0.01802	0.00786	0.00386	0.00618
76	0.01940	0.08964	0.01894	0.01481	0.01910	0.09689	0.01177	0.07479	0.51141	0.02808	0.02440	0.02299	0.01853	0.00899	0.00689	0.00225	0.00676	0.00715	0.00643	0.01078
77	0.68146	0.01352	0.01140	0.00987	0.01445	0.01512	0.00814	0.02306	0.01339	0.13667	0.01272	0.01352	0.00924	0.00695	0.00483	0.00220	0.00559	0.00437	0.00509	0.00839
78	0.02563	0.01831	0.01994	0.01561	0.02082	0.02004	0.01276	0.58909	0.03104	0.07476	0.01964	0.08366	0.01556	0.00981	0.00730	0.00221	0.00741	0.00771	0.00716	0.01153
79	0.01027	0.00726	0.00957	0.00957	0.01020	0.00788	0.00657	0.01152	0.01089	0.01515	0.02078	0.03745	0.02191	0.40753	0.37303	0.00913	0.01288	0.00902	0.00407	0.00532
80	0.01664	0.01378	0.01522	0.01425	0.01777	0.01559	0.01143	0.06345	0.49492	0.02844	0.03054	0.03927	0.02598	0.01206	0.00787	0.00261	0.00597	0.16698	0.00707	0.01016
81	0.01847	0.01808	0.02451	0.11064	0.38458	0.10341	0.01850	0.02396	0.09241	0.04151	0.01480	0.01819	0.01199	0.00759	0.00860	0.00224	0.07995	0.00633	0.00403	0.01022
82	0.01036	0.00690	0.00777	0.00777	0.00777	0.00690	0.00431	0.01036	0.01036	0.01381	0.02244	0.04660	0.02589	0.74975	0.03624	0.00690	0.00690	0.01036	0.00431	0.00431
83	0.02588	0.01959	0.02214	0.01700	0.02267	0.02156	0.04979	0.60209	0.07708	0.04265	0.01775	0.01785	0.01269	0.00848	0.00720	0.00217	0.00791	0.00663	0.00694	0.01192
84	0.01945	0.01491	0.01615	0.01427	0.01847	0.01682	0.01117	0.03745	0.61018	0.11310	0.02887	0.02628	0.02123	0.00956	0.00724	0.00239	0.00569	0.00794	0.00744	0.01137
85	0.01771	0.01530	0.01610	0.01449	0.01852	0.01771	0.01127	0.03784	0.69247	0.02979	0.02898	0.02657	0.02174	0.00966	0.00725	0.00242	0.00564	0.00805	0.00725	0.01127
86	0.00876	0.00626	0.00836	0.01001	0.01046	0.00586	0.00676	0.01006	0.01372	0.01827	0.03920	0.72518	0.04691	0.02223	0.00911	0.00290	0.00420	0.03934	0.00661	0.00581
87	0.01039	0.00751	0.00976	0.04507	0.01276	0.00746	0.00797	0.01224	0.01416	0.01861	0.08185	0.18420	0.08627	0.24738	0.01762	0.00416	0.00592	0.21510	0.00580	0.00575
88	0.00868	0.00620	0.00826	0.00991	0.01033	0.00578	0.00661	0.00991	0.01363	0.01818	0.03925	0.74510	0.04710	0.02231	0.00909	0.00289	0.00413	0.02024	0.00661	0.00578
89	0.01345	0.01266	0.02136	0.73264	0.04904	0.01582	0.01978	0.01819	0.01424	0.01819	0.01266	0.01898	0.00949	0.00712	0.00712	0.00237	0.00949	0.00633	0.00316	0.00791
90	0.01471	0.01266	0.01506	0.04285	0.01831	0.00978	0.00894	0.01794	0.01474	0.02298	0.01266	0.01495	0.01050	0.00536	0.00536	0.00111	0.00546	0.00431	0.00417	0.75815
91	0.80005	0.01377	0.01047	0.00936	0.01377	0.01597	0.00771	0.02093	0.01212	0.03195	0.00991	0.01157	0.00771	0.00661	0.00441	0.00220	0.00551	0.00386	0.00441	0.00771
92	0.01345	0.01266	0.02136	0.73264	0.04904	0.01582	0.01978	0.01819	0.01424	0.01819	0.01266	0.01898	0.00949	0.00712	0.00712	0.00237	0.00949	0.00633	0.00316	0.00791
93	0.01017	0.00763	0.01144	0.01144	0.01272	0.00890	0.00890	0.01272	0.01144	0.01653	0.01907	0.02797	0.01780	0.05340	0.72153	0.01144	0.01907	0.00763	0.00381	0.00636
94	0.01428	0.03683	0.71286	0.02030	0.03082	0.01654	0.02631	0.02255	0.01503	0.02255	0.01278	0.01503	0.00902	0.00677	0.00677	0.00226	0.01052	0.00526	0.00301	0.01052
95	0.00894	0.00737	0.00794	0.00818	0.01044	0.00637	0.00639	0.01102	0.01638	0.01985	0.08677	0.06986	0.58018	0.01818	0.00863	0.00253	0.00405	0.11413	0.00664	0.00612
96	0.01762	0.01692	0.02890	0.04371	0.70533	0.01692	0.02185	0.02185	0.01621	0.02326	0.01339	0.01762	0.01128	0.00634	0.00705	0.00211	0.00846	0.00634	0.00352	0.01128
97	0.01036	0.00690	0.00777	0.00777	0.00777	0.00690	0.00431	0.01036	0.01036	0.01381	0.02244	0.04660	0.02589	0.74975	0.03624	0.00690	0.00690	0.01036	0.00431	0.00431
98	0.00881	0.00629	0.00840	0.00999	0.01048	0.00589	0.00677	0.01017	0.01391	0.01858	0.05860	0.70363	0.04749	0.02200	0.00909	0.00289	0.00419	0.04035	0.00664	0.00584
99	0.00993	0.00727	0.00931	0.00880	0.01055	0.00666	0.00660	0.01315	0.01981	0.02772	0.64543	0.05456	0.12385	0.01487	0.00840	0.00225	0.00338	0.01307	0.00773	0.00666
100	0.01904	0.75404	0.03731	0.01218	0.01828	0.02818	0.01218	0.02132	0.01447	0.01675	0.00990	0.01142	0.00914	0.00609	0.00457	0.00152	0.00761	0.00381	0.00305	0.00914
101	0.75139	0.05990	0.01214	0.00954	0.01405	0.01673	0.00799	0.02096	0.01226	0.03100	0.00991	0.01156	0.00780	0.00658	0.00442	0.00216	0.00564	0.00385	0.00432	0.00780
102	0.01428	0.03683	0.71286	0.02030	0.03082	0.01654	0.02631	0.02255	0.01503	0.02255	0.01278	0.01503	0.00902	0.00677	0.00677	0.00226	0.01052	0.00526	0.00301	0.01052
103	0.01237	0.00618	0.00928	0.00928	0.00928	0.00618	0.00618	0.00928	0.00928	0.01237	0.01237	0.02165	0.01237	0.02474	0.02783	0.79283	0.00618	0.00618	0.00309	0.00309
104	0.01615	0.03882	0.03166	0.02823	0.17590	0.01806	0.30636	0.02030	0.01486	0.02094	0.01394	0.04129	0.01206	0.01067	0.05043	0.00299	0.17691	0.00765	0.00356	0.00924
105	0.00867	0.00644	0.00810	0.00935	0.01020	0.00586	0.00638	0.01010	0.01438	0.01876	0.06933	0.58758	0.17649	0.02119	0.00893	0.00277	0.00400	0.01896	0.00665	0.00586
106	0.02676	0.01979	0.02119	0.01632	0.02196	0.02194	0.01346	0.66011	0.05547	0.04437	0.01749	0.01741	0.01243	0.00859	0.00713	0.00215	0.00776	0.00647	0.00713	0.01208
107	0.01536	0.01287	0.01601	0.03640	0.01875	0.01004	0.03247	0.01867	0.01501	0.04594	0.01323	0.01538	0.01076	0.00548	0.00551	0.00119	0.00568	0.00454	0.00431	0.71240
108	0.01454	0.07605	0.67592	0.01985	0.03013	0.01717	0.02554	0.02248	0.01500	0.02223	0.01262	0.01484	0.00903	0.00673	0.00665	0.00222	0.01036	0.00518	0.00301	0.01045
109	0.00988	0.00687	0.00864	0.00907	0.00944	0.00702	0.00585	0.01072	0.01143	0.01550	0.02614	0.22511	0.02978	0.41840	0.16842	0.00678	0.00865	0.01238	0.00481	0.00511
110	0.01477	0.01266	0.01477	0.01055	0.01687	0.00949	0.00844	0.01793	0.01477	0.02320	0.01266	0.01477	0.01055	0.00527	0.00527	0.00105	0.00527	0.00422	0.00422	0.79328
111	0.01612	0.01386	0.01461	0.01326	0.01697	0.01566	0.01028	0.03305	0.57263	0.02824	0.05874	0.03347	0.12019	0.01102	0.00745	0.00241	0.00527	0.00921	0.00718	0.01036
112	0.01403	0.01103	0.01229	0.01094	0.01394	0.01140	0.00849	0.12133	0.17277	0.02917	0.29685	0.04521	0.19732	0.01334	0.00795	0.00230	0.00462	0.01130	0.00731	0.00841
113	0.80005	0.01377	0.01047	0.00936	0.01377	0.01597	0.00771	0.02093	0.01212	0.03195	0.00991	0.01157	0.00771	0.00661	0.00441	0.00220	0.00551	0.00386	0.00441	0.00771
114	0.05158	0.03441	0.64231	0.01937	0.02934	0.01618	0.02458	0.02314	0.01519	0.06059	0.01348	0.01538	0.00943	0.00687	0.00668	0.00225	0.01005	0.00530	0.00339	0.01048
115	0.80005	0.01377	0.01047	0.00936	0.01377	0.01597	0.00771	0.02093	0.01212	0.03195	0.00991	0.01157	0.00771	0.00661	0.00441	0.00220	0.00551	0.00386	0.00441	0.00771
116	0.00993	0.00718	0.00923	0.01045	0.01135	0.00691	0.00739	0.04710	0.01508	0.01997	0.03927	0.61518	0.07212	0.02113	0.00902	0.00287	0.00454	0.07843	0.00663	0.00621
117	0.01372	0.01097	0.01296	0.01316	0.01575	0.01188	0.01074	0.02381	0.29785	0.02452	0.03605	0.10039	0.06953	0.01558	0.00863	0.00285	0.00585	0.31045	0.00685	0.00844
118	0.01563	0.02456	0.30423	0.05632	0.29916	0.01636	0.10156	0.02158	0.01562	0.02251	0.01440	0.04937	0.01185	0.00722	0.00719	0.00225	0.00956	0.00678	0.00345	0.01041
119	0.02660	0.03394	0.02018	0.01834	0.02201	0.72116	0.01376	0.02843	0.02018	0.01743	0.01101	0.01284	0.00917	0.00734	0.00642	0.00183	0.01284	0.00459	0.00367	0.00825
120	0.02660	0.03394	0.02018	0.01834	0.02201	0.72116	0.01376	0.02843	0.02018	0.01743	0.01101	0.01284	0.00917	0.00734	0.00642	0.00183	0.01284	0.00459	0.00367	0.00825
121	0.00889	0.00636	0.00846	0.00977	0.01038	0.00593	0.00663	0.01046	0.01464	0.01978	0.14150	0.63828	0.05020	0.02111	0.00898	0.00279	0.00401	0.01911	0.00680	0.00593
122	0.00868	0.00620	0.00826	0.00991	0.01033	0.00578	0.00661	0.00991	0.01363	0.01818	0.03925	0.74510	0.04710	0.02231	0.00909	0.00289	0.00413	0.02024	0.00661	0.00578
123	0.00930	0.00725	0.00843	0.00814	0.01016	0.00639	0.00610	0.01192	0.01831	0.02417	0.40509	0.06041	0.36642	0.01619	0.00841	0.00232	0.00348	0.01389	0.00726	0.00639
124	0.01008	0.00728	0.00952	0.00896	0.01064	0.00672	0.00672	0.01344	0.02016	0.02855	0.70158	0.05319	0.06719	0.01456	0.00840	0.00224	0.00336	0.01288	0.00784	0.00672
125	0.04124	0.03543	0.66777	0.02064	0.05102	0.01653	0.02554	0.02247	0.01497	0.02289	0.01270	0.01499	0.00905	0.00675	0.00669	0.00225	0.01029	0.00525	0.00307	0.01045

[dist]
# distance from previous block
# <min> <max>
0	0

# created by:
# /st0/software/busco_prod/Augustus/scripts/msa2prfl.pl ./align_prep/110919.fa
