[name]
unknown

[dist]
# distance from previous block
# <min> <max>
0	77

[block]
# block no. 0 follows, 27 sequences, length 65
# corresponding to MSA columns:
# 79-143
name=unknown_A
#
# <colnr> <probs for GDERKNQSTAVLIFYWHMCP>
#	G	D	E	R	K	N	Q	S	T	A	V	L	I	F	Y	W	H	M	C	P
0	0.17152	0.09033	0.19823	0.01403	0.01979	0.01496	0.01434	0.02183	0.04207	0.07973	0.04867	0.03110	0.04013	0.05025	0.00862	0.00265	0.00748	0.10046	0.00510	0.03871
1	0.20200	0.20684	0.15795	0.01577	0.02215	0.04381	0.07790	0.04254	0.04223	0.05292	0.03394	0.04376	0.01355	0.00789	0.00623	0.00217	0.00824	0.00610	0.00442	0.00957
2	0.22579	0.14423	0.26647	0.01617	0.02356	0.05701	0.03961	0.04886	0.01631	0.08002	0.01345	0.01497	0.00998	0.00714	0.00611	0.00218	0.00878	0.00513	0.00424	0.00998
3	0.33218	0.08911	0.11879	0.01318	0.01892	0.04239	0.01243	0.09550	0.04533	0.05662	0.03360	0.01659	0.01242	0.00760	0.00580	0.00215	0.00713	0.00531	0.04130	0.04366
4	0.23948	0.06468	0.09201	0.03415	0.01907	0.04065	0.01211	0.11674	0.01885	0.09365	0.11351	0.05563	0.02135	0.01132	0.03435	0.00266	0.00744	0.00732	0.00573	0.00930
5	0.00981	0.00735	0.00914	0.00943	0.01103	0.00668	0.00696	0.01235	0.01804	0.02418	0.33405	0.23363	0.21295	0.01845	0.00904	0.00262	0.00398	0.05628	0.00745	0.00657
6	0.02671	0.01985	0.02131	0.01666	0.02225	0.02199	0.01364	0.59425	0.08245	0.04448	0.01969	0.04755	0.01485	0.00958	0.00752	0.00228	0.00784	0.00740	0.00741	0.01229
7	0.01761	0.04001	0.02591	0.06602	0.46386	0.04461	0.01937	0.02302	0.06832	0.02409	0.04547	0.02719	0.01804	0.00877	0.00762	0.00234	0.00837	0.07421	0.00447	0.01069
8	0.05164	0.01617	0.01910	0.01461	0.02043	0.01588	0.03911	0.26772	0.05465	0.13474	0.01929	0.04818	0.01475	0.00838	0.00689	0.00196	0.00691	0.00677	0.00650	0.24634
9	0.01459	0.00900	0.01153	0.01095	0.01337	0.00855	0.00846	0.01902	0.07450	0.13203	0.32413	0.15924	0.08588	0.01585	0.00873	0.00258	0.00464	0.08101	0.00786	0.00808
10	0.03303	0.01308	0.01751	0.01342	0.01918	0.01158	0.01109	0.07103	0.02200	0.66202	0.02866	0.02486	0.01806	0.00917	0.00746	0.00229	0.00642	0.00742	0.00909	0.01263
11	0.01013	0.00735	0.00958	0.00967	0.01114	0.00680	0.00712	0.01303	0.01903	0.02641	0.47780	0.22038	0.09288	0.01751	0.00899	0.00255	0.00384	0.04130	0.00775	0.00673
12	0.01635	0.00932	0.01143	0.01048	0.01352	0.00845	0.00824	0.01971	0.04938	0.19900	0.14495	0.08199	0.26356	0.04486	0.00975	0.00274	0.00500	0.08537	0.00761	0.00828
13	0.03210	0.01376	0.01782	0.01375	0.01946	0.01268	0.01133	0.11302	0.04911	0.59233	0.02793	0.02446	0.01785	0.00919	0.00746	0.00230	0.00652	0.00741	0.00891	0.01260
14	0.01384	0.00692	0.00692	0.00692	0.00865	0.00692	0.00519	0.01730	0.01557	0.02768	0.02422	0.02768	0.01903	0.00865	0.00519	0.00173	0.00346	0.00692	0.78031	0.00692
15	0.01615	0.01165	0.01307	0.01170	0.01502	0.01207	0.00901	0.04979	0.26090	0.09928	0.18595	0.04391	0.18126	0.04517	0.00941	0.00265	0.00507	0.01108	0.00758	0.00928
16	0.02930	0.01300	0.01681	0.01331	0.01847	0.01205	0.01083	0.09127	0.06640	0.52067	0.07470	0.05480	0.02295	0.01019	0.00764	0.00234	0.00618	0.00841	0.00876	0.01192
17	0.01176	0.00840	0.01173	0.01344	0.01506	0.00837	0.01161	0.01503	0.01689	0.02199	0.03942	0.12841	0.04316	0.02070	0.01020	0.00339	0.00666	0.60014	0.00684	0.00678
18	0.02928	0.01353	0.01711	0.01372	0.01905	0.01296	0.01114	0.03707	0.20005	0.51676	0.02954	0.02593	0.01954	0.00943	0.00749	0.00236	0.00620	0.00772	0.00874	0.01239
19	0.00993	0.00735	0.00901	0.00988	0.01102	0.00687	0.00684	0.03701	0.01590	0.02083	0.09058	0.49745	0.17606	0.05170	0.01041	0.00301	0.00442	0.01848	0.00690	0.00634
20	0.01225	0.00854	0.00998	0.00987	0.01071	0.00873	0.00643	0.08387	0.01446	0.01937	0.02743	0.23225	0.03109	0.43263	0.05524	0.00570	0.00705	0.01304	0.00546	0.00591
21	0.01061	0.00795	0.01193	0.01193	0.01326	0.00928	0.00928	0.01326	0.01193	0.01723	0.01988	0.02916	0.01856	0.05568	0.70968	0.01193	0.01988	0.00795	0.00398	0.00663
22	0.01051	0.00759	0.00992	0.00934	0.01109	0.00700	0.00700	0.01401	0.02101	0.02977	0.68888	0.05545	0.07005	0.01518	0.00876	0.00233	0.00350	0.01343	0.00817	0.00700
23	0.11686	0.01143	0.01450	0.01206	0.01648	0.01048	0.00962	0.02853	0.01893	0.45851	0.06556	0.15521	0.02564	0.01182	0.00757	0.00243	0.00573	0.00989	0.00817	0.01057
24	0.00974	0.00836	0.00844	0.00827	0.01095	0.00748	0.00625	0.01351	0.08268	0.02115	0.07074	0.06710	0.62356	0.01793	0.00865	0.00251	0.00397	0.01495	0.00696	0.00681
25	0.00904	0.00646	0.00861	0.01034	0.01077	0.00603	0.00689	0.01034	0.01421	0.01895	0.04092	0.73426	0.04910	0.02326	0.00948	0.00301	0.00431	0.02110	0.00689	0.00603
26	0.01061	0.00795	0.01193	0.01193	0.01326	0.00928	0.00928	0.01326	0.01193	0.01723	0.01988	0.02916	0.01856	0.05568	0.70968	0.01193	0.01988	0.00795	0.00398	0.00663
27	0.03096	0.01379	0.01766	0.01371	0.01925	0.01289	0.01126	0.12816	0.05403	0.54460	0.05391	0.02549	0.01979	0.00943	0.00752	0.00230	0.00646	0.00763	0.00881	0.01237
28	0.01539	0.01319	0.01539	0.01100	0.01759	0.00990	0.00880	0.01869	0.01539	0.02419	0.01319	0.01539	0.01100	0.00550	0.00550	0.00110	0.00550	0.00440	0.00440	0.78449
29	0.01916	0.01579	0.01681	0.01502	0.01929	0.01811	0.01171	0.03929	0.64853	0.06232	0.03017	0.02758	0.02246	0.01003	0.00755	0.00251	0.00590	0.00835	0.00763	0.01179
30	0.00983	0.00689	0.00904	0.00979	0.01059	0.00647	0.00670	0.01154	0.01594	0.02182	0.24878	0.42455	0.05249	0.08318	0.01252	0.03533	0.00439	0.01711	0.00695	0.00610
31	0.00904	0.00729	0.00805	0.00836	0.01032	0.00630	0.00608	0.01098	0.01681	0.02097	0.14075	0.21632	0.47405	0.01936	0.00893	0.00260	0.00385	0.01660	0.00705	0.00630
32	0.00911	0.00651	0.00867	0.01030	0.01078	0.00607	0.00690	0.01049	0.01449	0.01940	0.06771	0.70619	0.04997	0.02292	0.00945	0.00299	0.00427	0.02079	0.00694	0.00607
33	0.01417	0.01349	0.02318	0.69190	0.05061	0.01659	0.04807	0.01917	0.01496	0.01917	0.01327	0.01980	0.00995	0.00737	0.00748	0.00248	0.01001	0.00669	0.00332	0.00832
34	0.00904	0.00646	0.00861	0.01034	0.01077	0.00603	0.00689	0.01034	0.01421	0.01895	0.04092	0.73426	0.04910	0.02326	0.00948	0.00301	0.00431	0.02110	0.00689	0.00603
35	0.01539	0.01319	0.01539	0.01100	0.01759	0.00990	0.00880	0.01869	0.01539	0.02419	0.01319	0.01539	0.01100	0.00550	0.00550	0.00110	0.00550	0.00440	0.00440	0.78449
36	0.01787	0.01430	0.01673	0.03827	0.01969	0.01212	0.01010	0.11564	0.01847	0.05078	0.01444	0.01626	0.01145	0.00620	0.00592	0.00136	0.00609	0.00493	0.00497	0.61440
37	0.01846	0.01337	0.01590	0.01153	0.01798	0.01049	0.00929	0.04315	0.01691	0.12412	0.01572	0.01693	0.01214	0.00616	0.00585	0.00131	0.00571	0.00493	0.00521	0.64486
38	0.02379	0.16692	0.02519	0.01572	0.02171	0.02087	0.05476	0.32279	0.05243	0.08968	0.01901	0.01933	0.03556	0.00825	0.00681	0.00202	0.00772	0.00645	0.00612	0.09487
39	0.02822	0.02079	0.02228	0.01708	0.02302	0.02302	0.01411	0.66804	0.03490	0.04679	0.01782	0.01782	0.01262	0.00891	0.00743	0.00223	0.00817	0.00668	0.00743	0.01262
40	0.01066	0.00760	0.00935	0.00944	0.00984	0.00797	0.00612	0.01142	0.01173	0.01585	0.02695	0.13351	0.05877	0.47175	0.14269	0.00706	0.03752	0.01171	0.00478	0.00527
41	0.01800	0.02023	0.09829	0.02932	0.22875	0.04321	0.20029	0.05209	0.12760	0.02529	0.01750	0.02134	0.01392	0.03451	0.03403	0.00287	0.01007	0.00753	0.00449	0.01067
42	0.02229	0.02644	0.16995	0.01850	0.02450	0.17115	0.04339	0.22892	0.10232	0.03064	0.04795	0.01935	0.01497	0.00871	0.00798	0.00228	0.03789	0.00660	0.00543	0.01073
43	0.01087	0.00777	0.01012	0.01003	0.01059	0.00852	0.00684	0.01203	0.01129	0.01568	0.02153	0.03952	0.02296	0.43196	0.31879	0.00907	0.03322	0.00948	0.00424	0.00549
44	0.01146	0.00818	0.01138	0.01309	0.01458	0.00811	0.01108	0.01450	0.01659	0.02165	0.03959	0.19678	0.04383	0.02099	0.01012	0.00335	0.00640	0.53479	0.00685	0.00670
45	0.00917	0.00787	0.00790	0.00783	0.01041	0.00677	0.00589	0.01184	0.04423	0.02051	0.07335	0.06964	0.66228	0.01844	0.00872	0.00251	0.00385	0.01537	0.00692	0.00649
46	0.01402	0.01319	0.02227	0.72126	0.05113	0.01649	0.02062	0.01897	0.01484	0.01897	0.01319	0.01979	0.00990	0.00742	0.00742	0.00247	0.00990	0.00660	0.00330	0.00825
47	0.01402	0.01319	0.02227	0.72126	0.05113	0.01649	0.02062	0.01897	0.01484	0.01897	0.01319	0.01979	0.00990	0.00742	0.00742	0.00247	0.00990	0.00660	0.00330	0.00825
48	0.01080	0.00720	0.00810	0.00810	0.00810	0.00720	0.00450	0.01080	0.01080	0.01439	0.02339	0.04858	0.02699	0.73910	0.03779	0.00720	0.00720	0.01080	0.00450	0.00450
49	0.01015	0.00757	0.00848	0.00852	0.01070	0.00654	0.00628	0.01220	0.01722	0.05114	0.15422	0.18291	0.46038	0.01864	0.00884	0.00256	0.00393	0.01594	0.00718	0.00661
50	0.01384	0.00692	0.00692	0.00692	0.00865	0.00692	0.00519	0.01730	0.01557	0.02768	0.02422	0.02768	0.01903	0.00865	0.00519	0.00173	0.00346	0.00692	0.78031	0.00692
51	0.03331	0.01263	0.01723	0.01321	0.01895	0.01091	0.01091	0.03618	0.02125	0.69794	0.02929	0.02527	0.01838	0.00919	0.00747	0.00230	0.00632	0.00747	0.00919	0.01263
52	0.11596	0.01202	0.01495	0.01200	0.01684	0.01106	0.00971	0.03036	0.03842	0.48415	0.06657	0.02993	0.06933	0.04420	0.00873	0.00255	0.00594	0.00818	0.00817	0.01093
53	0.00946	0.00755	0.00848	0.00825	0.01045	0.00656	0.00618	0.01199	0.01855	0.02393	0.31974	0.06507	0.44283	0.01736	0.00877	0.00244	0.00366	0.01477	0.00740	0.00656
54	0.02677	0.01940	0.02073	0.01606	0.02157	0.02140	0.01321	0.60247	0.03296	0.04486	0.01847	0.01882	0.01327	0.00889	0.00720	0.00218	0.00769	0.00671	0.08531	0.01205
55	0.02504	0.01921	0.02049	0.01644	0.02181	0.02153	0.01334	0.46287	0.24525	0.04165	0.02187	0.02105	0.01590	0.00929	0.00747	0.00232	0.00742	0.00724	0.00747	0.01234
56	0.01152	0.00812	0.00995	0.00957	0.01155	0.00757	0.00708	0.01523	0.05529	0.05735	0.39743	0.14033	0.17729	0.04616	0.00992	0.00266	0.00407	0.01414	0.00763	0.00717
57	0.01700	0.00912	0.01173	0.01047	0.01325	0.00828	0.00796	0.02017	0.03722	0.21957	0.30799	0.12232	0.10736	0.06097	0.01029	0.00273	0.00473	0.01246	0.00795	0.00842
58	0.02822	0.02079	0.02228	0.01708	0.02302	0.02302	0.01411	0.66804	0.03490	0.04679	0.01782	0.01782	0.01262	0.00891	0.00743	0.00223	0.00817	0.00668	0.00743	0.01262
59	0.00950	0.00691	0.00898	0.00999	0.01097	0.00639	0.00702	0.01147	0.01622	0.02182	0.20204	0.48524	0.10849	0.02079	0.00927	0.00282	0.00417	0.04438	0.00720	0.00632
60	0.01156	0.00771	0.00917	0.00899	0.01079	0.00694	0.00641	0.01349	0.01675	0.07553	0.20721	0.17001	0.26186	0.14370	0.01385	0.00335	0.00459	0.01451	0.00697	0.00661
61	0.01477	0.00820	0.01045	0.00996	0.01170	0.00757	0.00700	0.01650	0.01622	0.15754	0.17403	0.22330	0.06474	0.22413	0.01702	0.00391	0.00535	0.01353	0.00694	0.00715
62	0.01869	0.01277	0.01345	0.01163	0.01507	0.01393	0.00917	0.19952	0.17187	0.03372	0.04709	0.02597	0.01989	0.00927	0.00646	0.00207	0.00529	0.00742	0.36712	0.00957
63	0.02699	0.01310	0.01655	0.01292	0.01803	0.01208	0.01047	0.13081	0.02250	0.41907	0.11645	0.02814	0.02419	0.03436	0.00849	0.00235	0.00618	0.00800	0.00818	0.08115
64	0.00976	0.00685	0.00853	0.00947	0.00986	0.00662	0.00606	0.01066	0.01295	0.01722	0.03480	0.42021	0.06512	0.29031	0.05271	0.00496	0.00609	0.01644	0.00587	0.00550

[dist]
# distance from previous block
# <min> <max>
4	6

[block]
# block no. 1 follows, 27 sequences, length 52
# corresponding to MSA columns:
# 150-201
name=unknown_B
#
# <colnr> <probs for GDERKNQSTAVLIFYWHMCP>
#	G	D	E	R	K	N	Q	S	T	A	V	L	I	F	Y	W	H	M	C	P
0	0.02265	0.01876	0.02538	0.11893	0.08505	0.02048	0.11013	0.35192	0.10835	0.03573	0.01799	0.01969	0.01323	0.00827	0.00763	0.00234	0.00881	0.00718	0.00602	0.01146
1	0.07720	0.00956	0.01404	0.09692	0.10296	0.01009	0.01099	0.01415	0.01265	0.01828	0.01806	0.08032	0.01821	0.01885	0.01808	0.37944	0.00698	0.08318	0.00410	0.00593
2	0.12820	0.10194	0.53753	0.01870	0.02831	0.01831	0.02321	0.02314	0.01518	0.02436	0.01260	0.01479	0.00922	0.00696	0.00648	0.00227	0.00992	0.00513	0.00335	0.01041
3	0.02334	0.01228	0.01697	0.01734	0.11485	0.01163	0.01173	0.02836	0.09789	0.34952	0.07767	0.15406	0.02723	0.01189	0.00791	0.00244	0.00606	0.01034	0.00771	0.01080
4	0.02509	0.01918	0.02147	0.04488	0.02320	0.02113	0.01390	0.50852	0.02976	0.04050	0.01640	0.01747	0.01208	0.00877	0.00860	0.00218	0.06747	0.00639	0.00654	0.10647
5	0.01598	0.04397	0.01861	0.01541	0.01763	0.07922	0.04242	0.07629	0.01631	0.02207	0.08587	0.08800	0.02220	0.04540	0.16021	0.00469	0.19790	0.00875	0.00476	0.03429
6	0.00969	0.00734	0.00880	0.00965	0.01098	0.00674	0.00675	0.03358	0.01605	0.02069	0.07591	0.47430	0.25038	0.02104	0.00916	0.00280	0.00424	0.01859	0.00696	0.00637
7	0.01127	0.00803	0.00973	0.01006	0.01105	0.00794	0.00680	0.06438	0.01552	0.02078	0.08870	0.36704	0.07065	0.23198	0.03778	0.00435	0.00583	0.01564	0.00626	0.00623
8	0.56004	0.06176	0.01488	0.01141	0.01634	0.04185	0.00949	0.09439	0.01635	0.09655	0.01300	0.01399	0.00967	0.00732	0.00526	0.00223	0.00647	0.00466	0.00523	0.00909
9	0.01360	0.00827	0.01091	0.00986	0.01216	0.00753	0.00753	0.01702	0.02105	0.12048	0.59933	0.05136	0.06303	0.01436	0.00858	0.00233	0.00388	0.01262	0.00831	0.00777
10	0.01063	0.00787	0.01150	0.01150	0.01267	0.00904	0.00874	0.01298	0.01180	0.01691	0.02028	0.03135	0.01951	0.13275	0.63391	0.01140	0.01845	0.00827	0.00404	0.00639
11	0.79154	0.01436	0.01091	0.00976	0.01436	0.01665	0.00804	0.02182	0.01263	0.03331	0.01034	0.01206	0.00804	0.00689	0.00459	0.00230	0.00574	0.00402	0.00459	0.00804
12	0.00887	0.00752	0.00765	0.00762	0.01009	0.00631	0.00572	0.01084	0.01715	0.02059	0.10895	0.07056	0.65570	0.01860	0.00877	0.00250	0.00375	0.01554	0.00696	0.00631
13	0.01436	0.01375	0.02327	0.63362	0.04802	0.01710	0.04921	0.01909	0.01468	0.01909	0.01300	0.01952	0.00995	0.00782	0.00885	0.00254	0.06782	0.00669	0.00332	0.00832
14	0.04684	0.01142	0.01496	0.07379	0.08133	0.01143	0.01132	0.06303	0.05839	0.08754	0.06095	0.21121	0.08228	0.01418	0.00813	0.00253	0.00608	0.07696	0.00634	0.07128
15	0.01956	0.68482	0.03760	0.01325	0.01909	0.02884	0.01299	0.02188	0.01478	0.01750	0.01027	0.01226	0.00954	0.00689	0.00635	0.00172	0.06590	0.00417	0.00318	0.00941
16	0.01624	0.01624	0.02274	0.01949	0.01949	0.02274	0.01624	0.01787	0.01137	0.01787	0.00975	0.01624	0.00975	0.01299	0.02436	0.00325	0.72552	0.00650	0.00325	0.00812
17	0.01069	0.00854	0.00959	0.00985	0.01190	0.00820	0.00736	0.01512	0.10514	0.02155	0.07986	0.18956	0.33757	0.06890	0.01093	0.00302	0.00471	0.08368	0.00686	0.00693
18	0.01289	0.00645	0.00967	0.00967	0.00967	0.00645	0.00645	0.00967	0.00967	0.01289	0.01289	0.02257	0.01289	0.02579	0.02901	0.78401	0.00645	0.00645	0.00322	0.00322
19	0.01731	0.02151	0.09686	0.03047	0.03826	0.01865	0.61426	0.02376	0.01737	0.02376	0.01488	0.01967	0.01111	0.00632	0.00862	0.00249	0.01239	0.00850	0.00370	0.01009
20	0.15110	0.01290	0.01625	0.01267	0.01824	0.01180	0.01046	0.03395	0.01991	0.59468	0.02634	0.02322	0.01677	0.00883	0.00702	0.00230	0.00623	0.00693	0.00847	0.01192
21	0.01147	0.00783	0.01036	0.01002	0.01185	0.00727	0.00769	0.01482	0.02023	0.05415	0.55752	0.09373	0.06394	0.01596	0.00891	0.00249	0.00402	0.08261	0.00800	0.00715
22	0.01097	0.00764	0.00965	0.00924	0.01103	0.00697	0.00681	0.01386	0.01936	0.05013	0.49477	0.11099	0.14708	0.05591	0.01037	0.00268	0.00390	0.01399	0.00773	0.00689
23	0.01037	0.00711	0.00866	0.00909	0.00948	0.00714	0.00575	0.01117	0.01209	0.01641	0.02878	0.21457	0.05039	0.43490	0.11487	0.00649	0.00790	0.01300	0.02657	0.00526
24	0.01539	0.01319	0.01539	0.01100	0.01759	0.00990	0.00880	0.01869	0.01539	0.02419	0.01319	0.01539	0.01100	0.00550	0.00550	0.00110	0.00550	0.00440	0.00440	0.78449
25	0.00911	0.00651	0.00867	0.01029	0.01078	0.00607	0.00690	0.01050	0.01452	0.01944	0.06999	0.70381	0.05004	0.02290	0.00944	0.00298	0.00427	0.02076	0.00695	0.00607
26	0.01868	0.01266	0.01414	0.01240	0.01542	0.01347	0.00930	0.18938	0.13998	0.08818	0.02649	0.13953	0.02449	0.18096	0.01464	0.00352	0.00637	0.01028	0.07101	0.00908
27	0.00904	0.00646	0.00861	0.01034	0.01077	0.00603	0.00689	0.01034	0.01421	0.01895	0.04092	0.73426	0.04910	0.02326	0.00948	0.00301	0.00431	0.02110	0.00689	0.00603
28	0.01846	0.01595	0.01679	0.01511	0.01930	0.01846	0.01175	0.03945	0.67938	0.03105	0.03022	0.02770	0.02266	0.01007	0.00755	0.00252	0.00588	0.00839	0.00755	0.01175
29	0.02864	0.02012	0.02186	0.01676	0.02268	0.02202	0.01385	0.61569	0.03377	0.10074	0.01877	0.01844	0.01310	0.00893	0.00743	0.00223	0.00802	0.00675	0.00757	0.01263
30	0.00914	0.00650	0.00859	0.01021	0.01062	0.00609	0.00676	0.01036	0.01403	0.01870	0.03995	0.69655	0.04788	0.06262	0.01103	0.00324	0.00447	0.02054	0.00676	0.00595
31	0.01162	0.00839	0.01148	0.01287	0.01464	0.00826	0.01110	0.01494	0.01742	0.02273	0.09838	0.08044	0.08923	0.01993	0.01002	0.00326	0.00634	0.54520	0.00696	0.00681
32	0.01061	0.00795	0.01193	0.01193	0.01326	0.00928	0.00928	0.01326	0.01193	0.01723	0.01988	0.02916	0.01856	0.05568	0.70968	0.01193	0.01988	0.00795	0.00398	0.00663
33	0.05680	0.01324	0.01677	0.01324	0.01848	0.01245	0.01081	0.08948	0.07528	0.50423	0.08576	0.02700	0.02240	0.00968	0.00748	0.00231	0.00618	0.00787	0.00865	0.01190
34	0.79154	0.01436	0.01091	0.00976	0.01436	0.01665	0.00804	0.02182	0.01263	0.03331	0.01034	0.01206	0.00804	0.00689	0.00459	0.00230	0.00574	0.00402	0.00459	0.00804
35	0.02680	0.02009	0.02148	0.01679	0.02248	0.02236	0.01377	0.57672	0.12854	0.04450	0.01962	0.01926	0.01408	0.00908	0.00744	0.00227	0.00784	0.00693	0.00744	0.01250
36	0.00976	0.00690	0.00876	0.00993	0.01055	0.00654	0.00675	0.01091	0.01388	0.01824	0.03923	0.45705	0.09615	0.17173	0.01589	0.02424	0.00516	0.07630	0.00629	0.00573
37	0.01347	0.00869	0.01067	0.01010	0.01225	0.00824	0.00749	0.01737	0.07102	0.10284	0.29074	0.12950	0.14157	0.10586	0.01226	0.00309	0.00473	0.03521	0.00740	0.00750
38	0.01068	0.06818	0.01157	0.01066	0.01175	0.00861	0.00751	0.03391	0.01483	0.01957	0.03676	0.61745	0.04352	0.05504	0.01035	0.00307	0.00488	0.01870	0.00649	0.00647
39	0.01867	0.01834	0.02870	0.04238	0.61829	0.06123	0.02174	0.02287	0.01718	0.02377	0.01500	0.02113	0.01308	0.00733	0.00744	0.00224	0.00902	0.03643	0.00383	0.01133
40	0.01798	0.01287	0.01440	0.01257	0.01562	0.01354	0.00952	0.28704	0.02276	0.03121	0.04406	0.23969	0.02758	0.11134	0.01190	0.00305	0.00626	0.01171	0.07095	0.03593
41	0.00945	0.00672	0.00871	0.01015	0.01067	0.00635	0.00684	0.01072	0.01402	0.01858	0.03962	0.58134	0.06696	0.11825	0.01327	0.00358	0.00483	0.05750	0.00657	0.00588
42	0.01197	0.00872	0.01075	0.01134	0.01268	0.00873	0.00801	0.09971	0.03707	0.02353	0.06657	0.58657	0.04435	0.02058	0.00911	0.00286	0.00484	0.01845	0.00704	0.00713
43	0.00942	0.00664	0.00878	0.01030	0.01083	0.00624	0.00700	0.01061	0.01412	0.01872	0.04006	0.61849	0.06755	0.05472	0.01153	0.03464	0.00464	0.05317	0.00663	0.00590
44	0.00988	0.00698	0.00911	0.00982	0.01087	0.00647	0.00695	0.01161	0.01628	0.02196	0.23819	0.38132	0.11674	0.02047	0.01079	0.06586	0.00427	0.03931	0.00698	0.00615
45	0.02119	0.26616	0.16379	0.01710	0.02355	0.11344	0.05088	0.07042	0.07149	0.07874	0.01500	0.01629	0.01162	0.00768	0.00725	0.00209	0.04299	0.00559	0.00443	0.01030
46	0.02605	0.01837	0.02090	0.01787	0.06683	0.01983	0.01355	0.49830	0.03013	0.10030	0.02029	0.06565	0.01601	0.04002	0.00882	0.00249	0.00776	0.00784	0.00717	0.01181
47	0.10327	0.00842	0.01052	0.01038	0.01162	0.00867	0.00745	0.04774	0.01309	0.03974	0.02020	0.16006	0.02086	0.02092	0.01906	0.41992	0.00596	0.03546	0.03129	0.00538
48	0.05168	0.01729	0.02689	0.23422	0.26410	0.05456	0.11315	0.02413	0.09550	0.02353	0.01554	0.01959	0.01216	0.00728	0.00744	0.00235	0.00943	0.00692	0.00409	0.01015
49	0.01584	0.08601	0.49916	0.02174	0.03114	0.01864	0.12054	0.02384	0.04134	0.02316	0.01386	0.01653	0.01022	0.00725	0.00788	0.00236	0.04045	0.00602	0.00341	0.01063
50	0.01871	0.18707	0.02736	0.01835	0.02154	0.13672	0.08571	0.02181	0.03720	0.01887	0.01232	0.01669	0.01103	0.01343	0.07402	0.00329	0.27749	0.00607	0.00359	0.00873
51	0.17677	0.01305	0.01701	0.10892	0.04425	0.01408	0.05698	0.07348	0.07447	0.06895	0.10015	0.06983	0.02504	0.01165	0.00820	0.02526	0.00693	0.09032	0.00589	0.00877

[dist]
# distance from previous block
# <min> <max>
6	10

[block]
# block no. 2 follows, 27 sequences, length 7
# corresponding to MSA columns:
# 212-218
name=unknown_C
#
# <colnr> <probs for GDERKNQSTAVLIFYWHMCP>
#	G	D	E	R	K	N	Q	S	T	A	V	L	I	F	Y	W	H	M	C	P
0	0.01160	0.00797	0.00904	0.00873	0.01112	0.00709	0.00664	0.01383	0.01707	0.07640	0.13300	0.06074	0.42331	0.06273	0.04574	0.00324	0.00510	0.04474	0.04508	0.00684
1	0.01719	0.01680	0.02586	0.15108	0.46464	0.05834	0.02010	0.02129	0.01649	0.02232	0.01740	0.02189	0.04857	0.01069	0.05348	0.00289	0.00973	0.00708	0.00382	0.01035
2	0.06203	0.04971	0.01665	0.01407	0.01764	0.20243	0.01102	0.14828	0.06744	0.02645	0.02664	0.07394	0.09541	0.04738	0.00884	0.00253	0.00810	0.05997	0.05271	0.00875
3	0.03888	0.00976	0.01154	0.01056	0.01314	0.00944	0.00783	0.06084	0.05669	0.14328	0.14825	0.16791	0.14476	0.12788	0.01290	0.00324	0.00527	0.01269	0.00715	0.00799
4	0.01286	0.00914	0.01111	0.01049	0.01232	0.00896	0.00758	0.09960	0.01858	0.02544	0.24902	0.21570	0.06831	0.10827	0.01394	0.06673	0.00512	0.01328	0.00669	0.03687
5	0.01603	0.01643	0.05300	0.02172	0.02633	0.01621	0.30778	0.02258	0.10993	0.02346	0.04262	0.06422	0.01763	0.01064	0.01180	0.06165	0.09902	0.00888	0.06110	0.00898
6	0.04250	0.02099	0.12199	0.15587	0.11549	0.10002	0.05015	0.07898	0.09721	0.04897	0.01741	0.02241	0.01401	0.05604	0.00933	0.00266	0.00933	0.02207	0.00468	0.00990

[dist]
# distance from previous block
# <min> <max>
0	4

[block]
# block no. 3 follows, 27 sequences, length 61
# corresponding to MSA columns:
# 223-276,364-370
name=unknown_D
#
# <colnr> <probs for GDERKNQSTAVLIFYWHMCP>
#	G	D	E	R	K	N	Q	S	T	A	V	L	I	F	Y	W	H	M	C	P
0	0.04686	0.00938	0.01093	0.01089	0.01317	0.00937	0.00848	0.04648	0.08812	0.02579	0.21182	0.16110	0.18154	0.01694	0.00877	0.00268	0.00485	0.12816	0.00720	0.00748
1	0.01613	0.01246	0.01605	0.07576	0.01917	0.01357	0.03635	0.19552	0.02008	0.02712	0.08429	0.17652	0.02871	0.13412	0.04286	0.00375	0.04554	0.03778	0.00601	0.00822
2	0.02586	0.01946	0.04279	0.01632	0.02196	0.02058	0.01365	0.46595	0.14710	0.09209	0.04278	0.02130	0.01662	0.00928	0.00748	0.00229	0.00756	0.00723	0.00747	0.01223
3	0.08713	0.01082	0.01248	0.04897	0.01592	0.01166	0.00959	0.04487	0.11996	0.02615	0.15204	0.08954	0.16487	0.01444	0.00896	0.00260	0.04336	0.08954	0.03914	0.00796
4	0.02836	0.01342	0.01689	0.01344	0.01843	0.01280	0.01085	0.13698	0.06377	0.45651	0.05741	0.06401	0.02198	0.03881	0.00882	0.00253	0.00640	0.00851	0.00845	0.01166
5	0.02746	0.02006	0.02147	0.01654	0.02226	0.02217	0.01364	0.63358	0.03388	0.04577	0.01816	0.01835	0.01296	0.00890	0.00731	0.00220	0.00792	0.00670	0.04836	0.01232
6	0.02610	0.18472	0.02497	0.01754	0.02213	0.49270	0.01397	0.09481	0.02122	0.02101	0.01189	0.01354	0.00988	0.00751	0.00636	0.00188	0.01168	0.00481	0.00406	0.00922
7	0.00963	0.00755	0.00871	0.00842	0.01055	0.00663	0.00632	0.01232	0.01895	0.02487	0.37946	0.06352	0.38252	0.01700	0.00876	0.00242	0.00363	0.01456	0.00753	0.00663
8	0.01742	0.01320	0.01472	0.01366	0.01649	0.03622	0.01059	0.26412	0.02277	0.03005	0.03086	0.34848	0.03294	0.01687	0.00870	0.00273	0.00643	0.09803	0.00699	0.00875
9	0.02053	0.01114	0.01412	0.01187	0.01519	0.01091	0.00926	0.07777	0.05086	0.26022	0.26760	0.03813	0.03760	0.09725	0.01220	0.00293	0.03526	0.00997	0.00780	0.00940
10	0.01289	0.00645	0.00967	0.00967	0.00967	0.00645	0.00645	0.00967	0.00967	0.01289	0.01289	0.02257	0.01289	0.02579	0.02901	0.78401	0.00645	0.00645	0.00322	0.00322
11	0.01402	0.01319	0.02227	0.72126	0.05113	0.01649	0.02062	0.01897	0.01484	0.01897	0.01319	0.01979	0.00990	0.00742	0.00742	0.00247	0.00990	0.00660	0.00330	0.00825
12	0.02631	0.03294	0.02018	0.01847	0.02214	0.63989	0.01383	0.02908	0.05133	0.01881	0.01391	0.05223	0.01227	0.00859	0.00688	0.00200	0.01256	0.00581	0.00416	0.00862
13	0.01063	0.00755	0.01004	0.01011	0.01079	0.00819	0.00699	0.01201	0.01151	0.01601	0.02237	0.06768	0.02370	0.36677	0.37307	0.00939	0.01343	0.00981	0.00434	0.00563
14	0.01009	0.00750	0.00916	0.00883	0.01055	0.00682	0.00645	0.01282	0.01889	0.02573	0.46413	0.07966	0.20786	0.08519	0.01155	0.00286	0.00394	0.01393	0.00749	0.00657
15	0.01051	0.00759	0.00992	0.00934	0.01109	0.00700	0.00700	0.01401	0.02101	0.02977	0.68888	0.05545	0.07005	0.01518	0.00876	0.00233	0.00350	0.01343	0.00817	0.00700
16	0.03331	0.01263	0.01723	0.01321	0.01895	0.01091	0.01091	0.03618	0.02125	0.69794	0.02929	0.02527	0.01838	0.00919	0.00747	0.00230	0.00632	0.00747	0.00919	0.01263
17	0.01539	0.01319	0.01539	0.01100	0.01759	0.00990	0.00880	0.01869	0.01539	0.02419	0.01319	0.01539	0.01100	0.00550	0.00550	0.00110	0.00550	0.00440	0.00440	0.78449
18	0.00937	0.00669	0.00883	0.01008	0.01074	0.00624	0.00684	0.01102	0.01534	0.02077	0.15773	0.58945	0.05219	0.04461	0.01025	0.00303	0.00425	0.01938	0.00705	0.00616
19	0.01846	0.01595	0.01679	0.01511	0.01930	0.01846	0.01175	0.03945	0.67938	0.03105	0.03022	0.02770	0.02266	0.01007	0.00755	0.00252	0.00588	0.00839	0.00755	0.01175
20	0.01489	0.03840	0.70064	0.02116	0.03213	0.01724	0.02743	0.02351	0.01567	0.02351	0.01332	0.01567	0.00940	0.00705	0.00705	0.00235	0.01097	0.00549	0.00313	0.01097
21	0.01489	0.03840	0.70064	0.02116	0.03213	0.01724	0.02743	0.02351	0.01567	0.02351	0.01332	0.01567	0.00940	0.00705	0.00705	0.00235	0.01097	0.00549	0.00313	0.01097
22	0.00904	0.00646	0.00861	0.01034	0.01077	0.00603	0.00689	0.01034	0.01421	0.01895	0.04092	0.73426	0.04910	0.02326	0.00948	0.00301	0.00431	0.02110	0.00689	0.00603
23	0.01051	0.00759	0.00992	0.00934	0.01109	0.00700	0.00700	0.01401	0.02101	0.02977	0.68888	0.05545	0.07005	0.01518	0.00876	0.00233	0.00350	0.01343	0.00817	0.00700
24	0.01080	0.00720	0.00810	0.00810	0.00810	0.00720	0.00450	0.01080	0.01080	0.01439	0.02339	0.04858	0.02699	0.73910	0.03779	0.00720	0.00720	0.01080	0.00450	0.00450
25	0.01402	0.01319	0.02227	0.72126	0.05113	0.01649	0.02062	0.01897	0.01484	0.01897	0.01319	0.01979	0.00990	0.00742	0.00742	0.00247	0.00990	0.00660	0.00330	0.00825
26	0.03310	0.01296	0.01743	0.01336	0.01911	0.01140	0.01104	0.06159	0.02180	0.67175	0.02883	0.02497	0.01815	0.00918	0.00746	0.00229	0.00639	0.00743	0.00912	0.01263
27	0.01384	0.00692	0.00692	0.00692	0.00865	0.00692	0.00519	0.01730	0.01557	0.02768	0.02422	0.02768	0.01903	0.00865	0.00519	0.00173	0.00346	0.00692	0.78031	0.00692
28	0.01196	0.00854	0.01196	0.01367	0.01538	0.00854	0.01196	0.01538	0.01709	0.02222	0.03931	0.08374	0.04272	0.02051	0.01025	0.00342	0.00684	0.64283	0.00684	0.00684
29	0.00892	0.00748	0.00775	0.00779	0.01014	0.00631	0.00580	0.01089	0.01710	0.02073	0.11976	0.10110	0.61334	0.01874	0.00881	0.00252	0.00377	0.01575	0.00699	0.00631
30	0.01607	0.01360	0.01576	0.01132	0.01788	0.01059	0.00908	0.05309	0.01643	0.02539	0.01344	0.01552	0.01108	0.00568	0.00560	0.00116	0.00564	0.00452	0.00456	0.74359
31	0.00901	0.00661	0.00846	0.00993	0.01066	0.00606	0.00671	0.01038	0.01460	0.01911	0.04584	0.63903	0.14114	0.02262	0.00937	0.00294	0.00423	0.02032	0.00689	0.00606
32	0.00904	0.00646	0.00861	0.01034	0.01077	0.00603	0.00689	0.01034	0.01421	0.01895	0.04092	0.73426	0.04910	0.02326	0.00948	0.00301	0.00431	0.02110	0.00689	0.00603
33	0.00913	0.00649	0.00859	0.01023	0.01065	0.00608	0.00678	0.01036	0.01406	0.01874	0.04011	0.70281	0.04809	0.05609	0.01077	0.00321	0.00444	0.02063	0.00678	0.00596
34	0.01448	0.00754	0.00761	0.00737	0.00929	0.00764	0.00559	0.04647	0.01643	0.02853	0.02393	0.02724	0.01874	0.00866	0.00529	0.00175	0.00367	0.00691	0.74567	0.00717
35	0.62569	0.01398	0.01229	0.01052	0.01536	0.01540	0.00867	0.02496	0.01452	0.17868	0.01448	0.01495	0.01030	0.00739	0.00522	0.00230	0.00587	0.00477	0.00560	0.00904
36	0.75962	0.01534	0.03926	0.01023	0.01509	0.01668	0.00884	0.02189	0.01276	0.03290	0.01046	0.01221	0.00810	0.00690	0.00470	0.00230	0.00596	0.00408	0.00453	0.00816
37	0.01066	0.00714	0.00814	0.00827	0.00830	0.00711	0.00468	0.01076	0.01106	0.01474	0.02473	0.10090	0.02868	0.68448	0.03563	0.00688	0.00698	0.01158	0.00468	0.00462
38	0.04270	0.01930	0.06294	0.16499	0.32649	0.05955	0.07692	0.08499	0.04430	0.02550	0.01462	0.01846	0.01150	0.00719	0.00736	0.00229	0.00946	0.00663	0.00413	0.01067
39	0.01716	0.01303	0.01599	0.01655	0.11132	0.01288	0.01113	0.02594	0.23167	0.10732	0.06369	0.03634	0.18417	0.01123	0.00760	0.00225	0.00568	0.00950	0.00666	0.10988
40	0.01463	0.01260	0.01404	0.01318	0.01541	0.08896	0.01028	0.09666	0.01604	0.02115	0.02117	0.02788	0.04690	0.04283	0.51221	0.00918	0.01698	0.00779	0.00452	0.00758
41	0.02224	0.01903	0.01890	0.01681	0.04123	0.09939	0.01286	0.19596	0.36632	0.05750	0.02392	0.02321	0.01792	0.01127	0.03693	0.00275	0.00803	0.00743	0.00688	0.01142
42	0.01774	0.00923	0.01202	0.01038	0.01353	0.00819	0.00812	0.02084	0.02060	0.24669	0.39988	0.04752	0.12762	0.01366	0.00834	0.00234	0.00445	0.01175	0.00835	0.00875
43	0.00991	0.00808	0.00886	0.00880	0.01113	0.00730	0.00666	0.01340	0.06109	0.02271	0.18817	0.10114	0.46179	0.01784	0.00880	0.00254	0.00402	0.04381	0.00718	0.00678
44	0.01038	0.00717	0.00822	0.00842	0.00876	0.00703	0.00504	0.01080	0.01184	0.01558	0.03048	0.13158	0.09486	0.56176	0.05242	0.00638	0.00691	0.01241	0.00500	0.00492
45	0.00917	0.00656	0.00872	0.01025	0.01079	0.00611	0.00690	0.01065	0.01479	0.01986	0.09541	0.67717	0.05086	0.02258	0.00941	0.00296	0.00424	0.02046	0.00700	0.00611
46	0.05580	0.00805	0.00794	0.00761	0.00971	0.00829	0.00581	0.05200	0.01644	0.02899	0.02314	0.02633	0.01811	0.00857	0.00528	0.00179	0.00383	0.00675	0.69828	0.00728
47	0.01539	0.01319	0.01539	0.01100	0.01759	0.00990	0.00880	0.01869	0.01539	0.02419	0.01319	0.01539	0.01100	0.00550	0.00550	0.00110	0.00550	0.00440	0.00440	0.78449
48	0.00985	0.00817	0.00870	0.00845	0.01094	0.00733	0.00637	0.01349	0.06766	0.02281	0.19348	0.06498	0.51663	0.01742	0.00868	0.00247	0.00387	0.01467	0.00720	0.00683
49	0.01082	0.00742	0.00873	0.00909	0.00942	0.00735	0.00556	0.03231	0.01266	0.01688	0.02868	0.26170	0.03342	0.49149	0.02794	0.00573	0.00633	0.01388	0.00534	0.00524
50	0.01080	0.00720	0.00810	0.00810	0.00810	0.00720	0.00450	0.01080	0.01080	0.01439	0.02339	0.04858	0.02699	0.73910	0.03779	0.00720	0.00720	0.01080	0.00450	0.00450
51	0.02822	0.02079	0.02228	0.01708	0.02302	0.02302	0.01411	0.66804	0.03490	0.04679	0.01782	0.01782	0.01262	0.00891	0.00743	0.00223	0.00817	0.00668	0.00743	0.01262
52	0.00903	0.00651	0.00857	0.01022	0.01074	0.00604	0.00684	0.01035	0.01433	0.01900	0.04238	0.70592	0.07649	0.02307	0.00945	0.00299	0.00428	0.02087	0.00689	0.00604
53	0.03331	0.01263	0.01723	0.01321	0.01895	0.01091	0.01091	0.03618	0.02125	0.69794	0.02929	0.02527	0.01838	0.00919	0.00747	0.00230	0.00632	0.00747	0.00919	0.01263
54	0.01624	0.01624	0.02274	0.01949	0.01949	0.02274	0.01624	0.01787	0.01137	0.01787	0.00975	0.01624	0.00975	0.01299	0.02436	0.00325	0.72552	0.00650	0.00325	0.00812
55	0.00904	0.00646	0.00861	0.01034	0.01077	0.00603	0.00689	0.01034	0.01421	0.01895	0.04092	0.73426	0.04910	0.02326	0.00948	0.00301	0.00431	0.02110	0.00689	0.00603
56	0.02775	0.03483	0.02108	0.01905	0.02295	0.68325	0.01433	0.05387	0.02156	0.01925	0.01172	0.01356	0.00968	0.00770	0.00672	0.00192	0.01319	0.00485	0.00396	0.00876
57	0.01624	0.01624	0.02274	0.01949	0.01949	0.02274	0.01624	0.01787	0.01137	0.01787	0.00975	0.01624	0.00975	0.01299	0.02436	0.00325	0.72552	0.00650	0.00325	0.00812
58	0.01024	0.00690	0.00875	0.00967	0.01000	0.00670	0.00631	0.01084	0.01275	0.01696	0.03183	0.36440	0.03724	0.30008	0.02201	0.06574	0.00578	0.06283	0.00567	0.00528
59	0.01162	0.00908	0.01346	0.13935	0.05155	0.00950	0.01210	0.01470	0.01605	0.02122	0.07665	0.26962	0.03923	0.01804	0.00928	0.00300	0.00647	0.26583	0.00617	0.00708
60	0.01552	0.12802	0.61654	0.02008	0.03047	0.01878	0.02556	0.02335	0.01560	0.02274	0.01294	0.01519	0.00942	0.00696	0.00676	0.00225	0.01059	0.00529	0.00314	0.01079

[dist]
# distance from previous block
# <min> <max>
2	4

[block]
# block no. 4 follows, 27 sequences, length 55
# corresponding to MSA columns:
# 375-429
name=unknown_E
#
# <colnr> <probs for GDERKNQSTAVLIFYWHMCP>
#	G	D	E	R	K	N	Q	S	T	A	V	L	I	F	Y	W	H	M	C	P
0	0.01631	0.01834	0.06449	0.14545	0.03341	0.01978	0.28147	0.02074	0.01468	0.02074	0.01266	0.01836	0.01037	0.00900	0.01425	0.00277	0.27728	0.00738	0.00346	0.00905
1	0.02644	0.06527	0.02336	0.01911	0.02346	0.49459	0.04802	0.13866	0.02257	0.02335	0.01263	0.01454	0.01018	0.00795	0.00755	0.00204	0.04115	0.00535	0.00439	0.00940
2	0.14842	0.01312	0.01525	0.18259	0.02351	0.06972	0.01216	0.04872	0.01453	0.02175	0.01605	0.02325	0.01413	0.06874	0.28992	0.00645	0.01323	0.00679	0.00410	0.00759
3	0.02658	0.02186	0.02272	0.08172	0.02600	0.10617	0.03265	0.51333	0.03091	0.04013	0.01655	0.01752	0.01197	0.00855	0.00737	0.00222	0.00908	0.00650	0.00651	0.01166
4	0.01026	0.00682	0.00913	0.00992	0.01052	0.00668	0.00676	0.01064	0.01281	0.01703	0.03330	0.35569	0.09307	0.09714	0.10804	0.17972	0.00705	0.01460	0.00546	0.00535
5	0.01092	0.00842	0.01063	0.03600	0.01380	0.00832	0.00828	0.01513	0.09633	0.02164	0.08233	0.47216	0.07774	0.01932	0.00894	0.00279	0.00481	0.05202	0.00681	0.04361
6	0.01780	0.01718	0.02971	0.12896	0.58645	0.01754	0.04867	0.02235	0.01667	0.02358	0.01391	0.01862	0.01151	0.00670	0.00742	0.00225	0.00910	0.00670	0.00363	0.01125
7	0.03253	0.01315	0.01746	0.01347	0.01916	0.01177	0.01110	0.06730	0.04512	0.64247	0.02876	0.02499	0.01825	0.00921	0.00747	0.00230	0.00639	0.00746	0.00904	0.01260
8	0.02033	0.01402	0.01556	0.01299	0.01663	0.01493	0.01017	0.33721	0.02540	0.05875	0.10703	0.11670	0.02675	0.07611	0.01025	0.00272	0.00633	0.00976	0.10872	0.00962
9	0.01228	0.00844	0.01128	0.01247	0.01422	0.00825	0.01026	0.01568	0.03969	0.05345	0.04152	0.22938	0.08968	0.02013	0.00974	0.00317	0.00597	0.40035	0.00699	0.00705
10	0.01111	0.00804	0.00963	0.00907	0.01132	0.00729	0.00686	0.01461	0.04101	0.05387	0.43347	0.05871	0.27548	0.01599	0.00867	0.00240	0.00378	0.01377	0.00776	0.00714
11	0.01109	0.00778	0.00972	0.00912	0.01119	0.00701	0.00688	0.01422	0.02016	0.05538	0.53205	0.05758	0.19871	0.01569	0.00871	0.00237	0.00367	0.01365	0.00794	0.00708
12	0.79154	0.01436	0.01091	0.00976	0.01436	0.01665	0.00804	0.02182	0.01263	0.03331	0.01034	0.01206	0.00804	0.00689	0.00459	0.00230	0.00574	0.00402	0.00459	0.00804
13	0.00988	0.00692	0.00891	0.01019	0.01067	0.00666	0.00693	0.01111	0.01369	0.01818	0.03613	0.47062	0.04250	0.20989	0.01697	0.00416	0.00539	0.09920	0.00626	0.00573
14	0.01665	0.01836	0.03916	0.02828	0.03481	0.01727	0.57990	0.02209	0.01665	0.02256	0.01611	0.02374	0.01331	0.10149	0.01253	0.00311	0.01182	0.00903	0.00385	0.00930
15	0.01769	0.01274	0.01472	0.01558	0.01694	0.01116	0.01043	0.01691	0.01982	0.02749	0.12636	0.56656	0.05418	0.02538	0.01233	0.00426	0.00706	0.02064	0.00936	0.01040
16	0.69009	0.01343	0.01055	0.00955	0.01354	0.01542	0.00758	0.02039	0.01240	0.03085	0.01203	0.01681	0.01050	0.10204	0.00891	0.00293	0.00593	0.00490	0.00458	0.00758
17	0.01040	0.00776	0.01150	0.01172	0.01293	0.00886	0.00897	0.01288	0.01223	0.01746	0.02262	0.12079	0.02253	0.05146	0.61870	0.01077	0.01786	0.00966	0.00436	0.00655
18	0.01786	0.01477	0.01550	0.01404	0.01792	0.01696	0.01090	0.03657	0.59312	0.03062	0.02944	0.02769	0.02219	0.00989	0.00725	0.00242	0.00556	0.00820	0.10797	0.01112
19	0.01281	0.00930	0.01153	0.01035	0.01264	0.00909	0.00793	0.09900	0.02282	0.03198	0.60168	0.05056	0.06258	0.01436	0.00858	0.00232	0.00411	0.01255	0.00808	0.00773
20	0.00964	0.00755	0.00872	0.00843	0.01056	0.00663	0.00632	0.01232	0.01896	0.02489	0.38063	0.06349	0.38134	0.01700	0.00876	0.00242	0.00363	0.01455	0.00753	0.00663
21	0.01057	0.00710	0.00816	0.00839	0.00844	0.00705	0.00481	0.01074	0.01124	0.01499	0.02567	0.13768	0.02986	0.64608	0.03411	0.00665	0.00682	0.01214	0.00481	0.00470
22	0.79154	0.01436	0.01091	0.00976	0.01436	0.01665	0.00804	0.02182	0.01263	0.03331	0.01034	0.01206	0.00804	0.00689	0.00459	0.00230	0.00574	0.00402	0.00459	0.00804
23	0.02556	0.01707	0.01918	0.01508	0.02006	0.01827	0.01226	0.45735	0.02965	0.12673	0.10618	0.02399	0.02085	0.01088	0.00904	0.05426	0.00721	0.00765	0.00747	0.01127
24	0.01090	0.00776	0.01164	0.01164	0.01279	0.00891	0.00891	0.01279	0.01164	0.01667	0.01898	0.02831	0.01782	0.05179	0.62124	0.11226	0.01814	0.00776	0.00388	0.00619
25	0.03015	0.01183	0.01611	0.01284	0.01789	0.01028	0.01039	0.03282	0.02033	0.60971	0.03080	0.11740	0.02237	0.01102	0.00773	0.00239	0.00606	0.00924	0.00889	0.01178
26	0.02655	0.01981	0.02138	0.01629	0.02232	0.02132	0.01342	0.58366	0.03237	0.04385	0.01722	0.01751	0.01241	0.00847	0.00718	0.00208	0.00782	0.00639	0.00703	0.11292
27	0.01072	0.00717	0.00812	0.00819	0.00821	0.00715	0.00460	0.01078	0.01094	0.01458	0.02412	0.07697	0.02790	0.70947	0.03661	0.00702	0.00708	0.01122	0.00460	0.00456
28	0.00911	0.00651	0.00868	0.01029	0.01078	0.00608	0.00690	0.01051	0.01453	0.01946	0.07145	0.70227	0.05009	0.02288	0.00944	0.00298	0.00427	0.02074	0.00695	0.00608
29	0.01073	0.00720	0.00824	0.00829	0.00835	0.00723	0.00473	0.01086	0.01094	0.01463	0.02383	0.06957	0.02741	0.69426	0.05878	0.00722	0.00752	0.01103	0.00456	0.00462
30	0.00933	0.00754	0.00829	0.00811	0.01037	0.00650	0.00608	0.01174	0.01824	0.02319	0.27297	0.06629	0.49007	0.01763	0.00877	0.00245	0.00368	0.01495	0.00731	0.00650
31	0.01374	0.01269	0.02131	0.60036	0.04503	0.01538	0.04492	0.01810	0.01443	0.01857	0.01459	0.02354	0.01217	0.10245	0.01142	0.00309	0.00965	0.00723	0.00347	0.00783
32	0.02039	0.01552	0.01684	0.01486	0.01926	0.01748	0.01164	0.03902	0.59386	0.11771	0.03009	0.02738	0.02210	0.00996	0.00754	0.00249	0.00593	0.00827	0.00777	0.01187
33	0.79154	0.01436	0.01091	0.00976	0.01436	0.01665	0.00804	0.02182	0.01263	0.03331	0.01034	0.01206	0.00804	0.00689	0.00459	0.00230	0.00574	0.00402	0.00459	0.00804
34	0.01687	0.01728	0.02265	0.01947	0.01968	0.06015	0.01614	0.01851	0.01190	0.01788	0.00984	0.01609	0.00974	0.01270	0.02340	0.00318	0.68671	0.00640	0.00328	0.00815
35	0.00917	0.00665	0.00844	0.00979	0.01043	0.00617	0.00652	0.01042	0.01422	0.01866	0.04336	0.59199	0.12314	0.08907	0.01202	0.00334	0.00451	0.01950	0.00667	0.00592
36	0.01745	0.01053	0.01290	0.01189	0.01486	0.01045	0.00902	0.02441	0.18017	0.18693	0.16668	0.23180	0.06204	0.01488	0.00835	0.00257	0.00499	0.01299	0.00786	0.00922
37	0.03331	0.01263	0.01723	0.01321	0.01895	0.01091	0.01091	0.03618	0.02125	0.69794	0.02929	0.02527	0.01838	0.00919	0.00747	0.00230	0.00632	0.00747	0.00919	0.01263
38	0.01602	0.01357	0.01573	0.01129	0.01786	0.01054	0.00906	0.05056	0.01635	0.02530	0.01342	0.01551	0.01108	0.00567	0.00559	0.00115	0.00563	0.00451	0.00455	0.74660
39	0.00910	0.00661	0.00859	0.01005	0.01072	0.00610	0.00679	0.01055	0.01479	0.01960	0.07727	0.64471	0.10277	0.02247	0.00938	0.00294	0.00422	0.02026	0.00696	0.00610
40	0.01210	0.00836	0.01039	0.00957	0.01149	0.00790	0.00707	0.04625	0.02010	0.05150	0.50491	0.05271	0.10101	0.10950	0.01244	0.00298	0.00433	0.01269	0.00761	0.00710
41	0.03306	0.01303	0.01747	0.01339	0.01915	0.01149	0.01106	0.06650	0.02190	0.66669	0.02874	0.02491	0.01810	0.00918	0.00746	0.00229	0.00641	0.00743	0.00910	0.01263
42	0.01624	0.01624	0.02274	0.01949	0.01949	0.02274	0.01624	0.01787	0.01137	0.01787	0.00975	0.01624	0.00975	0.01299	0.02436	0.00325	0.72552	0.00650	0.00325	0.00812
43	0.01117	0.00806	0.00914	0.00912	0.01166	0.00704	0.00721	0.01350	0.01752	0.06872	0.10543	0.06932	0.48875	0.01819	0.00894	0.00264	0.00446	0.12512	0.00713	0.00686
44	0.01078	0.00725	0.00835	0.00835	0.00843	0.00733	0.00481	0.01096	0.01087	0.01458	0.02316	0.04732	0.02644	0.69456	0.08158	0.00751	0.00802	0.01061	0.00446	0.00464
45	0.01384	0.00692	0.00692	0.00692	0.00865	0.00692	0.00519	0.01730	0.01557	0.02768	0.02422	0.02768	0.01903	0.00865	0.00519	0.00173	0.00346	0.00692	0.78031	0.00692
46	0.02773	0.03538	0.02104	0.01913	0.02295	0.70930	0.01434	0.02964	0.02104	0.01817	0.01148	0.01339	0.00956	0.00765	0.00669	0.00191	0.01339	0.00478	0.00383	0.00861
47	0.01062	0.00750	0.00954	0.00954	0.01018	0.00795	0.00639	0.01173	0.01155	0.01578	0.02473	0.04232	0.05806	0.43969	0.29399	0.00877	0.01189	0.00996	0.00442	0.00541
48	0.01168	0.00831	0.01145	0.01293	0.01447	0.00826	0.01099	0.01477	0.01673	0.02191	0.07021	0.11067	0.04332	0.06804	0.01197	0.00360	0.00658	0.54072	0.00675	0.00665
49	0.79154	0.01436	0.01091	0.00976	0.01436	0.01665	0.00804	0.02182	0.01263	0.03331	0.01034	0.01206	0.00804	0.00689	0.00459	0.00230	0.00574	0.00402	0.00459	0.00804
50	0.00901	0.00658	0.00849	0.01002	0.01068	0.00606	0.00675	0.01037	0.01452	0.01908	0.04481	0.65906	0.12178	0.02275	0.00940	0.00296	0.00424	0.02049	0.00689	0.00606
51	0.01539	0.01319	0.01539	0.01100	0.01759	0.00990	0.00880	0.01869	0.01539	0.02419	0.01319	0.01539	0.01100	0.00550	0.00550	0.00110	0.00550	0.00440	0.00440	0.78449
