[name]
unknown

[dist]
# distance from previous block
# <min> <max>
0	2

[block]
# block no. 0 follows, 29 sequences, length 20
# corresponding to MSA columns:
# 2-21
name=unknown_A
#
# <colnr> <probs for GDERKNQSTAVLIFYWHMCP>
#	G	D	E	R	K	N	Q	S	T	A	V	L	I	F	Y	W	H	M	C	P
0	0.01147	0.00820	0.01147	0.01311	0.01475	0.00820	0.01147	0.01475	0.01639	0.02131	0.03770	0.08032	0.04098	0.01967	0.00984	0.00328	0.00656	0.65741	0.00656	0.00656
1	0.04413	0.45921	0.09096	0.01485	0.02078	0.12967	0.05792	0.02215	0.01535	0.01842	0.01107	0.01324	0.00959	0.00826	0.03454	0.00211	0.00929	0.00453	0.00328	0.03067
2	0.01656	0.01461	0.01894	0.09219	0.05412	0.05072	0.05166	0.13348	0.01729	0.02396	0.01480	0.01928	0.01239	0.01884	0.18606	0.00432	0.07320	0.00621	0.00432	0.18706
3	0.10164	0.01649	0.02065	0.01969	0.12453	0.05514	0.07724	0.14255	0.12381	0.12252	0.01955	0.06172	0.01544	0.00851	0.00694	0.00218	0.00741	0.00726	0.00580	0.06095
4	0.01224	0.00871	0.01018	0.01014	0.01176	0.00871	0.00714	0.05931	0.09184	0.04920	0.06611	0.32374	0.12491	0.16577	0.01405	0.00348	0.00508	0.01439	0.00640	0.00686
5	0.01670	0.01848	0.07930	0.02386	0.03016	0.01655	0.42321	0.08604	0.06021	0.02550	0.06281	0.06284	0.01733	0.00801	0.00803	0.00234	0.00985	0.00881	0.00460	0.03536
6	0.07355	0.01121	0.01400	0.01181	0.01594	0.01056	0.00936	0.02811	0.09978	0.41146	0.05235	0.14517	0.06198	0.01168	0.00742	0.00235	0.00544	0.00982	0.00783	0.01019
7	0.00934	0.00711	0.00819	0.00811	0.00973	0.00639	0.00578	0.01136	0.01648	0.02158	0.28466	0.10755	0.32066	0.13633	0.01299	0.00311	0.00409	0.01388	0.00667	0.00597
8	0.00880	0.00663	0.00815	0.00903	0.01017	0.00598	0.00629	0.01049	0.01527	0.01993	0.14131	0.46037	0.23167	0.02004	0.00881	0.00267	0.00388	0.01776	0.00678	0.00598
9	0.03062	0.01178	0.01605	0.01251	0.01773	0.01020	0.01025	0.03328	0.01999	0.67066	0.02873	0.06549	0.01931	0.00959	0.00727	0.00224	0.00595	0.00791	0.00869	0.01176
10	0.07545	0.01305	0.01645	0.01290	0.01821	0.01227	0.01059	0.07748	0.08590	0.55987	0.02637	0.02324	0.01707	0.00875	0.00700	0.00222	0.00610	0.00700	0.00829	0.01178
11	0.02036	0.01188	0.01402	0.01183	0.01583	0.01170	0.00947	0.11056	0.13622	0.24950	0.12035	0.03879	0.17400	0.01200	0.00768	0.00231	0.00536	0.03069	0.00765	0.00979
12	0.12766	0.01239	0.01452	0.01191	0.01640	0.01211	0.00960	0.10986	0.05416	0.35765	0.04872	0.08158	0.09130	0.01068	0.00711	0.00228	0.00571	0.00865	0.00751	0.01022
13	0.06755	0.01766	0.01865	0.01474	0.01965	0.01956	0.01197	0.51579	0.07918	0.04006	0.01828	0.01982	0.01378	0.05214	0.00856	0.00241	0.00721	0.00664	0.05535	0.01100
14	0.01452	0.01015	0.01115	0.00991	0.01133	0.01068	0.00661	0.17753	0.01611	0.02154	0.02111	0.03925	0.02246	0.56515	0.02899	0.00572	0.00714	0.00937	0.00501	0.00626
15	0.01086	0.00818	0.00909	0.00871	0.01040	0.00785	0.00612	0.05663	0.03801	0.02122	0.16063	0.09871	0.27395	0.23901	0.01678	0.00376	0.00495	0.01277	0.00618	0.00618
16	0.01319	0.00772	0.00940	0.00890	0.01065	0.00710	0.00630	0.01501	0.01574	0.12454	0.19014	0.13472	0.14494	0.21830	0.01581	0.00360	0.00488	0.01224	0.05015	0.00663
17	0.01216	0.00780	0.00961	0.00918	0.01145	0.00694	0.00703	0.01472	0.01802	0.10757	0.30487	0.12346	0.26824	0.01607	0.00841	0.00242	0.00405	0.05360	0.00735	0.00705
18	0.01726	0.01355	0.01479	0.01318	0.01661	0.01481	0.01018	0.21830	0.25819	0.03025	0.03218	0.21394	0.08942	0.01340	0.00780	0.00246	0.00571	0.01138	0.00699	0.00960
19	0.00986	0.00670	0.00869	0.00963	0.01064	0.00614	0.00667	0.01150	0.01507	0.04995	0.13145	0.55186	0.11474	0.02024	0.00884	0.00272	0.00406	0.01815	0.00687	0.00621

[dist]
# distance from previous block
# <min> <max>
0	2

[block]
# block no. 1 follows, 29 sequences, length 16
# corresponding to MSA columns:
# 24-39
name=unknown_B
#
# <colnr> <probs for GDERKNQSTAVLIFYWHMCP>
#	G	D	E	R	K	N	Q	S	T	A	V	L	I	F	Y	W	H	M	C	P
0	0.00969	0.00730	0.00840	0.00864	0.01006	0.00674	0.00601	0.03371	0.01550	0.02000	0.12995	0.26103	0.28587	0.14832	0.01350	0.00332	0.00446	0.01518	0.00637	0.00594
1	0.00957	0.00670	0.00797	0.00854	0.00897	0.00642	0.00534	0.01032	0.01249	0.01651	0.06283	0.29837	0.09611	0.39172	0.02281	0.00486	0.00546	0.01442	0.00550	0.00510
2	0.07005	0.01087	0.01374	0.01123	0.01547	0.00989	0.00897	0.02765	0.04086	0.45636	0.06512	0.06165	0.07761	0.05115	0.00876	0.00249	0.00551	0.00866	0.04386	0.01010
3	0.08030	0.00930	0.01031	0.00935	0.01163	0.00930	0.00687	0.06840	0.03549	0.09229	0.15681	0.06518	0.10259	0.19876	0.01446	0.00338	0.00517	0.01000	0.10324	0.00716
4	0.01071	0.00752	0.00915	0.00931	0.01105	0.00693	0.00686	0.01342	0.03871	0.05693	0.21409	0.24286	0.23347	0.05135	0.00986	0.00275	0.00422	0.05728	0.00695	0.00657
5	0.01092	0.00784	0.00954	0.00953	0.01142	0.00768	0.00719	0.01369	0.04412	0.05266	0.04396	0.11669	0.28852	0.08545	0.19468	0.00517	0.00829	0.05054	0.02559	0.00652
6	0.01034	0.00711	0.00853	0.00889	0.00994	0.00666	0.00611	0.01166	0.01403	0.04096	0.09700	0.22499	0.17236	0.27432	0.01838	0.00415	0.00519	0.06773	0.00598	0.00567
7	0.00967	0.00737	0.00845	0.00857	0.01003	0.00688	0.00598	0.01223	0.04852	0.02041	0.18703	0.18818	0.26960	0.16834	0.01421	0.00339	0.00443	0.01427	0.00643	0.00603
8	0.01300	0.00664	0.00684	0.00684	0.00830	0.00664	0.00498	0.01578	0.01433	0.02493	0.02270	0.02792	0.01860	0.06752	0.00844	0.03639	0.00373	0.00691	0.69323	0.00630
9	0.01676	0.01583	0.02692	0.29934	0.32287	0.01707	0.09593	0.07701	0.01701	0.02315	0.01355	0.01827	0.01062	0.00679	0.00724	0.00225	0.00920	0.00658	0.00371	0.00989
10	0.13035	0.09320	0.02248	0.22926	0.07493	0.03478	0.07032	0.06847	0.04696	0.04529	0.01479	0.04700	0.01222	0.00942	0.02969	0.00255	0.04867	0.00655	0.00422	0.00884
11	0.04331	0.01444	0.01770	0.22389	0.04853	0.04607	0.01339	0.13605	0.10203	0.02517	0.01718	0.04208	0.01430	0.05265	0.06837	0.00315	0.00865	0.00686	0.00480	0.11137
12	0.01669	0.01721	0.05431	0.12143	0.32957	0.05875	0.04310	0.04266	0.01610	0.02212	0.01574	0.01960	0.04164	0.00891	0.03081	0.00242	0.05792	0.00647	0.00378	0.09078
13	0.02125	0.01781	0.02327	0.10853	0.22607	0.10708	0.06241	0.08610	0.04002	0.13917	0.01630	0.01834	0.01216	0.00716	0.00693	0.00205	0.00854	0.00625	0.00491	0.08563
14	0.01632	0.01502	0.01830	0.18719	0.10556	0.07121	0.01376	0.10703	0.04561	0.02387	0.04521	0.02716	0.13075	0.00948	0.00797	0.00214	0.04757	0.00767	0.00481	0.11338
15	0.01842	0.01935	0.09546	0.20154	0.03109	0.05778	0.10797	0.17015	0.08536	0.02663	0.01522	0.01809	0.01145	0.00768	0.00800	0.00224	0.04916	0.00644	0.00459	0.06338

[dist]
# distance from previous block
# <min> <max>
14	29

[block]
# block no. 2 follows, 29 sequences, length 13
# corresponding to MSA columns:
# 70-82
name=unknown_C
#
# <colnr> <probs for GDERKNQSTAVLIFYWHMCP>
#	G	D	E	R	K	N	Q	S	T	A	V	L	I	F	Y	W	H	M	C	P
0	0.01480	0.03754	0.05814	0.01107	0.01452	0.06417	0.00918	0.06665	0.01779	0.09102	0.09026	0.16159	0.25860	0.02889	0.00833	0.00238	0.00568	0.01195	0.00623	0.04121
1	0.02114	0.01531	0.01726	0.01492	0.04130	0.01646	0.01150	0.23806	0.26801	0.11133	0.09275	0.02654	0.04374	0.00969	0.00727	0.00222	0.00617	0.00793	0.00718	0.04123
2	0.01252	0.01328	0.11100	0.01150	0.01523	0.01007	0.01031	0.06153	0.06981	0.02703	0.35825	0.08000	0.10665	0.01273	0.00780	0.00221	0.00506	0.01095	0.00660	0.06747
3	0.08459	0.25963	0.02166	0.01209	0.01650	0.01913	0.01026	0.09138	0.18420	0.06294	0.01867	0.02126	0.01533	0.08466	0.00893	0.00247	0.00649	0.00620	0.06427	0.00932
4	0.05995	0.10027	0.35772	0.01563	0.02278	0.01548	0.01754	0.02335	0.05997	0.11535	0.06905	0.02179	0.01670	0.06407	0.00885	0.00253	0.00820	0.00644	0.00462	0.00973
5	0.02489	0.01887	0.02087	0.01769	0.06610	0.02079	0.01359	0.55041	0.10036	0.04109	0.01981	0.01972	0.03462	0.00882	0.00717	0.00217	0.00752	0.00685	0.00688	0.01178
6	0.02353	0.01418	0.07162	0.01487	0.01980	0.01191	0.09180	0.02812	0.09242	0.37219	0.02298	0.02387	0.01628	0.04505	0.01143	0.10894	0.00713	0.00728	0.00658	0.01002
7	0.02339	0.01683	0.01834	0.01484	0.01954	0.01848	0.01190	0.41339	0.17896	0.08839	0.02213	0.06171	0.01739	0.05032	0.00886	0.00251	0.00695	0.00782	0.00710	0.01114
8	0.01156	0.00771	0.00883	0.00848	0.00893	0.00783	0.00515	0.05385	0.01223	0.01640	0.05300	0.04325	0.02597	0.61685	0.03247	0.06137	0.00675	0.00993	0.00457	0.00485
9	0.01904	0.75404	0.03731	0.01218	0.01828	0.02818	0.01218	0.02132	0.01447	0.01675	0.00990	0.01142	0.00914	0.00609	0.00457	0.00152	0.00761	0.00381	0.00305	0.00914
10	0.01541	0.01349	0.01730	0.01240	0.01878	0.01069	0.06491	0.04378	0.01565	0.02400	0.01297	0.01523	0.01063	0.00546	0.00561	0.00121	0.00594	0.00465	0.00428	0.69761
11	0.02552	0.02169	0.02091	0.01785	0.05908	0.14622	0.01367	0.48470	0.05004	0.03740	0.01811	0.01847	0.03620	0.00858	0.00704	0.00210	0.00855	0.00644	0.00629	0.01113
12	0.00874	0.00651	0.00796	0.00907	0.00995	0.00593	0.00613	0.01003	0.01404	0.01811	0.04632	0.52050	0.21176	0.07636	0.01098	0.00307	0.00421	0.01817	0.00644	0.00573

[dist]
# distance from previous block
# <min> <max>
0	1

[block]
# block no. 3 follows, 29 sequences, length 34
# corresponding to MSA columns:
# 84-117
name=unknown_D
#
# <colnr> <probs for GDERKNQSTAVLIFYWHMCP>
#	G	D	E	R	K	N	Q	S	T	A	V	L	I	F	Y	W	H	M	C	P
0	0.01612	0.01911	0.12748	0.24670	0.19528	0.01723	0.16789	0.05691	0.01632	0.02246	0.01336	0.01792	0.01027	0.00691	0.00792	0.00232	0.03595	0.00664	0.00354	0.00968
1	0.00902	0.00726	0.00826	0.03207	0.01110	0.00648	0.00621	0.01102	0.01620	0.02042	0.17462	0.14987	0.44579	0.05757	0.00998	0.00268	0.00401	0.01477	0.00659	0.00608
2	0.02543	0.06815	0.04861	0.01613	0.02193	0.02198	0.01379	0.57046	0.07532	0.04118	0.01725	0.01728	0.01244	0.00839	0.00695	0.00212	0.00778	0.00631	0.00671	0.01180
3	0.01138	0.00795	0.01115	0.01268	0.01415	0.00793	0.01086	0.01412	0.01577	0.02054	0.03610	0.11274	0.03941	0.02015	0.01099	0.05572	0.00640	0.57933	0.00633	0.00628
4	0.05570	0.02130	0.22417	0.01849	0.08481	0.01516	0.04023	0.12889	0.03617	0.20653	0.01824	0.01871	0.01272	0.00756	0.00677	0.00213	0.00790	0.00615	0.03569	0.05268
5	0.01488	0.10243	0.60759	0.02016	0.03006	0.01771	0.06631	0.02245	0.01509	0.02203	0.01261	0.01496	0.00914	0.00665	0.00666	0.00220	0.01035	0.00533	0.00305	0.01034
6	0.00882	0.00631	0.00839	0.00982	0.01036	0.00588	0.00662	0.01028	0.01430	0.01924	0.10725	0.67406	0.04916	0.02151	0.00902	0.00282	0.00405	0.01949	0.00674	0.00588
7	0.01775	0.01123	0.01427	0.07969	0.03636	0.01130	0.01019	0.09039	0.09123	0.17908	0.21476	0.06828	0.12151	0.01202	0.00775	0.00230	0.00544	0.01024	0.00715	0.00906
8	0.01640	0.14830	0.03996	0.06613	0.17903	0.01488	0.01329	0.02062	0.05718	0.09659	0.09442	0.05551	0.12664	0.01043	0.00712	0.00218	0.00653	0.03034	0.00531	0.00913
9	0.02915	0.01150	0.01563	0.01219	0.01721	0.00999	0.00999	0.03198	0.02035	0.62289	0.11441	0.02795	0.02398	0.00955	0.00732	0.00221	0.00571	0.00789	0.00869	0.01143
10	0.01771	0.01530	0.01610	0.01449	0.01852	0.01771	0.01127	0.03784	0.69247	0.02979	0.02898	0.02657	0.02174	0.00966	0.00725	0.00242	0.00564	0.00805	0.00725	0.01127
11	0.01778	0.07029	0.07229	0.21561	0.29746	0.12853	0.05559	0.02200	0.01616	0.02050	0.01260	0.01672	0.01016	0.00670	0.00685	0.00212	0.00969	0.00593	0.00339	0.00963
12	0.08100	0.11404	0.02143	0.01701	0.02100	0.59231	0.01315	0.02709	0.01896	0.01839	0.01080	0.01259	0.00906	0.00714	0.00607	0.00183	0.01173	0.00445	0.00365	0.00832
13	0.01036	0.00690	0.00777	0.00777	0.00777	0.00690	0.00431	0.01036	0.01036	0.01381	0.02244	0.04660	0.02589	0.74975	0.03624	0.00690	0.00690	0.01036	0.00431	0.00431
14	0.02626	0.04823	0.02174	0.01629	0.02156	0.05528	0.01348	0.55669	0.03018	0.06988	0.01654	0.01689	0.01193	0.00864	0.00797	0.00216	0.05183	0.00625	0.00663	0.01155
15	0.02075	0.01571	0.01774	0.01448	0.05172	0.03782	0.01106	0.20782	0.05861	0.10253	0.01643	0.01716	0.01235	0.00693	0.00623	0.00163	0.00650	0.00548	0.00564	0.38339
16	0.01750	0.48030	0.13110	0.01699	0.08756	0.02395	0.01528	0.02073	0.01435	0.01832	0.01171	0.04067	0.01079	0.00743	0.00707	0.00189	0.07673	0.00512	0.00323	0.00929
17	0.04424	0.00774	0.01073	0.04026	0.07497	0.00762	0.00854	0.01179	0.01382	0.01924	0.03462	0.61965	0.04071	0.01960	0.00862	0.00277	0.00479	0.01774	0.00610	0.00645
18	0.00864	0.00722	0.00753	0.00745	0.00976	0.00611	0.00559	0.01066	0.01677	0.02051	0.15788	0.06644	0.61590	0.01756	0.00841	0.00238	0.00357	0.01474	0.00678	0.00611
19	0.00915	0.00724	0.00824	0.00799	0.01007	0.00633	0.00599	0.01165	0.01797	0.02337	0.35135	0.06172	0.42065	0.01649	0.00841	0.00233	0.00350	0.01407	0.00716	0.00633
20	0.80005	0.01377	0.01047	0.00936	0.01377	0.01597	0.00771	0.02093	0.01212	0.03195	0.00991	0.01157	0.00771	0.00661	0.00441	0.00220	0.00551	0.00386	0.00441	0.00771
21	0.01904	0.75404	0.03731	0.01218	0.01828	0.02818	0.01218	0.02132	0.01447	0.01675	0.00990	0.01142	0.00914	0.00609	0.00457	0.00152	0.00761	0.00381	0.00305	0.00914
22	0.80005	0.01377	0.01047	0.00936	0.01377	0.01597	0.00771	0.02093	0.01212	0.03195	0.00991	0.01157	0.00771	0.00661	0.00441	0.00220	0.00551	0.00386	0.00441	0.00771
23	0.15293	0.01894	0.01959	0.01524	0.02073	0.02109	0.01259	0.57401	0.03000	0.04277	0.01593	0.01620	0.01139	0.00823	0.00668	0.00215	0.00746	0.00599	0.00668	0.01139
24	0.01036	0.00690	0.00777	0.00777	0.00777	0.00690	0.00431	0.01036	0.01036	0.01381	0.02244	0.04660	0.02589	0.74975	0.03624	0.00690	0.00690	0.01036	0.00431	0.00431
25	0.80005	0.01377	0.01047	0.00936	0.01377	0.01597	0.00771	0.02093	0.01212	0.03195	0.00991	0.01157	0.00771	0.00661	0.00441	0.00220	0.00551	0.00386	0.00441	0.00771
26	0.00954	0.00681	0.00901	0.01036	0.01110	0.00657	0.00749	0.01116	0.01390	0.01837	0.03737	0.47156	0.06296	0.10414	0.03634	0.00370	0.00548	0.16211	0.00625	0.00582
27	0.01008	0.00728	0.00952	0.00896	0.01064	0.00672	0.00672	0.01344	0.02016	0.02855	0.70158	0.05319	0.06719	0.01456	0.00840	0.00224	0.00336	0.01288	0.00784	0.00672
28	0.01017	0.00763	0.01144	0.01144	0.01272	0.00890	0.00890	0.01272	0.01144	0.01653	0.01907	0.02797	0.01780	0.05340	0.72153	0.01144	0.01907	0.00763	0.00381	0.00636
29	0.01697	0.01625	0.02772	0.15136	0.60278	0.01675	0.02153	0.02128	0.01591	0.02247	0.01328	0.01784	0.01100	0.00647	0.00706	0.00216	0.00862	0.00634	0.00347	0.01075
30	0.07815	0.01222	0.01616	0.01247	0.01791	0.01080	0.01030	0.03387	0.01988	0.66946	0.02700	0.02347	0.01703	0.00868	0.00700	0.00220	0.00603	0.00696	0.00855	0.01185
31	0.01710	0.01814	0.04921	0.16544	0.17223	0.08227	0.17821	0.02412	0.12104	0.02258	0.01599	0.01947	0.01242	0.00729	0.00772	0.00227	0.02962	0.00692	0.03836	0.00960
32	0.00877	0.00624	0.00824	0.00980	0.01019	0.00585	0.00648	0.00994	0.01345	0.01794	0.03833	0.70684	0.04593	0.06216	0.01058	0.00311	0.00428	0.01970	0.00648	0.00570
33	0.02513	0.01814	0.01908	0.01514	0.02013	0.06127	0.01224	0.44385	0.07018	0.11426	0.01901	0.04181	0.01424	0.00978	0.00822	0.04532	0.00749	0.00684	0.00676	0.04112

[dist]
# distance from previous block
# <min> <max>
0	1

[block]
# block no. 4 follows, 29 sequences, length 69
# corresponding to MSA columns:
# 119-187
name=unknown_E
#
# <colnr> <probs for GDERKNQSTAVLIFYWHMCP>
#	G	D	E	R	K	N	Q	S	T	A	V	L	I	F	Y	W	H	M	C	P
0	0.70057	0.01543	0.01241	0.01080	0.01529	0.06098	0.02843	0.04450	0.01351	0.03120	0.01037	0.01207	0.00805	0.00671	0.00475	0.00218	0.00625	0.00413	0.00443	0.00796
1	0.01341	0.00948	0.01206	0.03410	0.05405	0.03285	0.00865	0.01638	0.01850	0.09724	0.40296	0.14455	0.07199	0.01390	0.00807	0.00228	0.00465	0.01223	0.00705	0.03562
2	0.01499	0.01239	0.01403	0.01338	0.04207	0.01335	0.00979	0.05863	0.35450	0.02775	0.17072	0.08009	0.07974	0.03723	0.00860	0.00249	0.00517	0.01011	0.00692	0.03803
3	0.01008	0.00728	0.00952	0.00896	0.01064	0.00672	0.00672	0.01344	0.02016	0.02855	0.70158	0.05319	0.06719	0.01456	0.00840	0.00224	0.00336	0.01288	0.00784	0.00672
4	0.03195	0.01212	0.01652	0.01267	0.01818	0.01047	0.01047	0.03470	0.02038	0.71026	0.02809	0.02424	0.01763	0.00881	0.00716	0.00220	0.00606	0.00716	0.00881	0.01212
5	0.00956	0.00726	0.00881	0.00842	0.01032	0.00650	0.00631	0.01244	0.01894	0.02568	0.50716	0.05793	0.26340	0.01563	0.00840	0.00229	0.00344	0.01354	0.00746	0.00650
6	0.01762	0.01692	0.02890	0.04371	0.70533	0.01692	0.02185	0.02185	0.01621	0.02326	0.01339	0.01762	0.01128	0.00634	0.00705	0.00211	0.00846	0.00634	0.00352	0.01128
7	0.01745	0.01674	0.02859	0.07249	0.67792	0.01687	0.02177	0.02170	0.01613	0.02305	0.01336	0.01768	0.01120	0.00638	0.00705	0.00213	0.00850	0.00634	0.00351	0.01114
8	0.00868	0.00620	0.00826	0.00991	0.01033	0.00578	0.00661	0.00991	0.01363	0.01818	0.03925	0.74510	0.04710	0.02231	0.00909	0.00289	0.00413	0.02024	0.00661	0.00578
9	0.05332	0.32298	0.07267	0.01479	0.02076	0.07575	0.01360	0.29321	0.02265	0.02934	0.01313	0.01410	0.01030	0.00726	0.00589	0.00187	0.00820	0.00503	0.00482	0.01033
10	0.01806	0.01310	0.01681	0.04213	0.04371	0.01184	0.01070	0.02104	0.01531	0.14767	0.01506	0.01688	0.01166	0.00699	0.00817	0.00163	0.10337	0.00519	0.00484	0.48583
11	0.01957	0.70310	0.03610	0.01262	0.01854	0.07719	0.01230	0.02183	0.01487	0.01680	0.00998	0.01152	0.00914	0.00618	0.00470	0.00155	0.00798	0.00386	0.00309	0.00908
12	0.03195	0.01212	0.01652	0.01267	0.01818	0.01047	0.01047	0.03470	0.02038	0.71026	0.02809	0.02424	0.01763	0.00881	0.00716	0.00220	0.00606	0.00716	0.00881	0.01212
13	0.01006	0.00678	0.00785	0.00814	0.00821	0.00671	0.00471	0.01028	0.01092	0.01457	0.02535	0.16782	0.02957	0.62350	0.03153	0.00621	0.00642	0.01207	0.00471	0.00457
14	0.01664	0.02036	0.08595	0.02938	0.03680	0.01791	0.63670	0.02279	0.01669	0.02279	0.01430	0.01893	0.01069	0.00605	0.00830	0.00239	0.01191	0.00820	0.00356	0.00966
15	0.80005	0.01377	0.01047	0.00936	0.01377	0.01597	0.00771	0.02093	0.01212	0.03195	0.00991	0.01157	0.00771	0.00661	0.00441	0.00220	0.00551	0.00386	0.00441	0.00771
16	0.00999	0.00678	0.00802	0.00837	0.00851	0.00674	0.00498	0.01035	0.01109	0.01484	0.02588	0.19437	0.03008	0.56769	0.05744	0.00623	0.00679	0.01235	0.00478	0.00471
17	0.01367	0.01309	0.02271	0.68663	0.04827	0.01596	0.06297	0.01850	0.01441	0.01850	0.01277	0.01900	0.00958	0.00705	0.00720	0.00237	0.00966	0.00646	0.00319	0.00802
18	0.01428	0.03683	0.71286	0.02030	0.03082	0.01654	0.02631	0.02255	0.01503	0.02255	0.01278	0.01503	0.00902	0.00677	0.00677	0.00226	0.01052	0.00526	0.00301	0.01052
19	0.01034	0.00695	0.00798	0.00798	0.00806	0.00702	0.00458	0.01049	0.01042	0.01397	0.02224	0.04550	0.02541	0.70876	0.07659	0.00717	0.00762	0.01019	0.00429	0.00443
20	0.01671	0.01333	0.02206	0.46459	0.03940	0.01513	0.08744	0.04282	0.04323	0.11109	0.01731	0.02396	0.01334	0.00819	0.00744	0.00241	0.00891	0.04936	0.00447	0.00882
21	0.03195	0.01212	0.01652	0.01267	0.01818	0.01047	0.01047	0.03470	0.02038	0.71026	0.02809	0.02424	0.01763	0.00881	0.00716	0.00220	0.00606	0.00716	0.00881	0.01212
22	0.01428	0.03683	0.71286	0.02030	0.03082	0.01654	0.02631	0.02255	0.01503	0.02255	0.01278	0.01503	0.00902	0.00677	0.00677	0.00226	0.01052	0.00526	0.00301	0.01052
23	0.01170	0.00846	0.01164	0.01316	0.01489	0.00854	0.01147	0.01560	0.04113	0.02162	0.03738	0.07835	0.04028	0.01930	0.00974	0.00325	0.00652	0.63364	0.00658	0.00673
24	0.01461	0.08558	0.66694	0.01974	0.02997	0.01733	0.02535	0.02247	0.01500	0.02216	0.01258	0.01479	0.00903	0.00672	0.00662	0.00221	0.01033	0.00516	0.00301	0.01043
25	0.01771	0.01530	0.01610	0.01449	0.01852	0.01771	0.01127	0.03784	0.69247	0.02979	0.02898	0.02657	0.02174	0.00966	0.00725	0.00242	0.00564	0.00805	0.00725	0.01127
26	0.00868	0.00620	0.00826	0.00991	0.01033	0.00578	0.00661	0.00991	0.01363	0.01818	0.03925	0.74510	0.04710	0.02231	0.00909	0.00289	0.00413	0.02024	0.00661	0.00578
27	0.59497	0.04153	0.01335	0.01069	0.01525	0.01685	0.00884	0.12511	0.01578	0.05759	0.01179	0.01324	0.00898	0.00759	0.00573	0.02890	0.00599	0.00446	0.00490	0.00846
28	0.01852	0.01891	0.05335	0.10773	0.50590	0.07636	0.02053	0.07043	0.01757	0.02382	0.01337	0.01722	0.01090	0.00668	0.00700	0.00212	0.00897	0.00616	0.00374	0.01072
29	0.00861	0.00645	0.00800	0.00923	0.01015	0.00584	0.00631	0.00999	0.01429	0.01845	0.04757	0.57388	0.21294	0.02123	0.00892	0.00277	0.00400	0.01892	0.00661	0.00584
30	0.04290	0.01730	0.02591	0.33443	0.10038	0.10805	0.17190	0.02072	0.01546	0.01992	0.01303	0.01868	0.01042	0.03259	0.00886	0.00246	0.03836	0.00664	0.00345	0.00853
31	0.01597	0.01624	0.02175	0.01868	0.01881	0.04682	0.01551	0.01754	0.01124	0.01715	0.00941	0.01548	0.00934	0.01228	0.02276	0.00307	0.71083	0.00617	0.00314	0.00781
32	0.04363	0.04615	0.07078	0.09597	0.08272	0.01278	0.01260	0.01889	0.01463	0.02247	0.01242	0.01528	0.01018	0.00598	0.00621	0.00151	0.02767	0.00475	0.00387	0.49151
33	0.02660	0.03394	0.02018	0.01834	0.02201	0.72116	0.01376	0.02843	0.02018	0.01743	0.01101	0.01284	0.00917	0.00734	0.00642	0.00183	0.01284	0.00459	0.00367	0.00825
34	0.00854	0.00718	0.00742	0.00744	0.00972	0.00605	0.00555	0.01043	0.01640	0.01985	0.11491	0.09366	0.63260	0.01796	0.00844	0.00241	0.00361	0.01508	0.00670	0.00605
35	0.00995	0.00727	0.00934	0.00883	0.01056	0.00667	0.00662	0.01319	0.01986	0.02785	0.65385	0.05435	0.11536	0.01482	0.00840	0.00225	0.00338	0.01304	0.00775	0.00667
36	0.01650	0.01588	0.02740	0.22422	0.50844	0.01667	0.04537	0.02093	0.01572	0.02191	0.01324	0.01804	0.01079	0.00654	0.00712	0.00219	0.00886	0.00642	0.00343	0.01033
37	0.00905	0.00731	0.00806	0.00846	0.01051	0.00642	0.00652	0.01101	0.01586	0.01932	0.06190	0.11407	0.51520	0.04740	0.00981	0.00277	0.00430	0.12950	0.00651	0.00603
38	0.00880	0.00625	0.00822	0.00975	0.01013	0.00587	0.00644	0.00995	0.01338	0.01785	0.03797	0.69219	0.04549	0.07742	0.01115	0.00320	0.00434	0.01949	0.00644	0.00567
39	0.80005	0.01377	0.01047	0.00936	0.01377	0.01597	0.00771	0.02093	0.01212	0.03195	0.00991	0.01157	0.00771	0.00661	0.00441	0.00220	0.00551	0.00386	0.00441	0.00771
40	0.01019	0.00755	0.01106	0.01106	0.01220	0.00869	0.00842	0.01247	0.01133	0.01625	0.01942	0.02991	0.01864	0.12584	0.65025	0.01097	0.01781	0.00791	0.00387	0.00615
41	0.01316	0.00658	0.00697	0.00697	0.00842	0.00658	0.00513	0.01566	0.01422	0.02475	0.02185	0.02593	0.01751	0.01038	0.00787	0.10196	0.00368	0.00658	0.68961	0.00619
42	0.02014	0.01150	0.01390	0.01164	0.01546	0.01111	0.00940	0.16227	0.02215	0.23660	0.19836	0.04113	0.14892	0.01247	0.00785	0.00230	0.00539	0.05234	0.00768	0.00937
43	0.02442	0.01863	0.01988	0.01585	0.02107	0.02085	0.01289	0.49939	0.21999	0.04061	0.02046	0.01978	0.01483	0.00886	0.00716	0.00222	0.00721	0.00688	0.00716	0.01187
44	0.69535	0.04146	0.01237	0.01036	0.01475	0.08716	0.00847	0.02170	0.01301	0.02996	0.01002	0.01169	0.00791	0.00667	0.00461	0.00214	0.00632	0.00393	0.00429	0.00782
45	0.01848	0.01322	0.01526	0.03802	0.01776	0.01311	0.01004	0.22895	0.04784	0.07740	0.05132	0.14078	0.03866	0.01052	0.00696	0.00201	0.00587	0.00878	0.05672	0.19830
46	0.01814	0.61837	0.16509	0.01372	0.02065	0.02597	0.01486	0.02155	0.01458	0.01785	0.01044	0.01211	0.00912	0.00622	0.00498	0.00166	0.00817	0.00408	0.00304	0.00940
47	0.01345	0.01266	0.02136	0.73264	0.04904	0.01582	0.01978	0.01819	0.01424	0.01819	0.01266	0.01898	0.00949	0.00712	0.00712	0.00237	0.00949	0.00633	0.00316	0.00791
48	0.00938	0.00704	0.00870	0.00873	0.01032	0.00635	0.00638	0.01193	0.01786	0.02414	0.41153	0.19890	0.21866	0.01700	0.00854	0.00241	0.00358	0.01492	0.00729	0.00635
49	0.00868	0.00620	0.00826	0.00991	0.01033	0.00578	0.00661	0.00991	0.01363	0.01818	0.03925	0.74510	0.04710	0.02231	0.00909	0.00289	0.00413	0.02024	0.00661	0.00578
50	0.00890	0.00726	0.00789	0.00782	0.01003	0.00625	0.00592	0.01111	0.01713	0.02144	0.21500	0.06543	0.53412	0.01729	0.00846	0.00240	0.00365	0.03681	0.00689	0.00619
51	0.01017	0.00763	0.01144	0.01144	0.01272	0.00890	0.00890	0.01272	0.01144	0.01653	0.01907	0.02797	0.01780	0.05340	0.72153	0.01144	0.01907	0.00763	0.00381	0.00636
52	0.01428	0.03683	0.71286	0.02030	0.03082	0.01654	0.02631	0.02255	0.01503	0.02255	0.01278	0.01503	0.00902	0.00677	0.00677	0.00226	0.01052	0.00526	0.00301	0.01052
53	0.01034	0.00695	0.00803	0.00803	0.00812	0.00705	0.00464	0.01052	0.01043	0.01400	0.02220	0.04527	0.02531	0.70027	0.08494	0.00723	0.00777	0.01016	0.00428	0.00446
54	0.00905	0.00714	0.00814	0.00853	0.01034	0.00632	0.00638	0.01104	0.01608	0.02022	0.13773	0.18458	0.41886	0.04326	0.00962	0.00271	0.00409	0.08316	0.00668	0.00606
55	0.01428	0.03683	0.71286	0.02030	0.03082	0.01654	0.02631	0.02255	0.01503	0.02255	0.01278	0.01503	0.00902	0.00677	0.00677	0.00226	0.01052	0.00526	0.00301	0.01052
56	0.01691	0.01648	0.02671	0.21412	0.51723	0.04228	0.02104	0.02118	0.01587	0.02179	0.01312	0.01779	0.01076	0.00657	0.00704	0.00217	0.00888	0.00628	0.00344	0.01033
57	0.72179	0.01440	0.01157	0.01007	0.01461	0.01659	0.00830	0.08782	0.01428	0.03326	0.01064	0.01213	0.00816	0.00681	0.00468	0.00220	0.00574	0.00411	0.00468	0.00816
58	0.02696	0.02305	0.02111	0.01682	0.02207	0.17728	0.01358	0.53658	0.03053	0.03878	0.01574	0.01615	0.01146	0.00828	0.00697	0.00207	0.00895	0.00601	0.00636	0.01125
59	0.00868	0.00620	0.00826	0.00991	0.01033	0.00578	0.00661	0.00991	0.01363	0.01818	0.03925	0.74510	0.04710	0.02231	0.00909	0.00289	0.00413	0.02024	0.00661	0.00578
60	0.01956	0.70597	0.03627	0.01246	0.01853	0.02778	0.01227	0.06456	0.01571	0.01859	0.01037	0.01179	0.00933	0.00625	0.00474	0.00156	0.00763	0.00398	0.00331	0.00933
61	0.01602	0.04839	0.07933	0.07450	0.03295	0.04633	0.44682	0.02130	0.01584	0.02117	0.01448	0.01951	0.01140	0.01252	0.10319	0.00354	0.01254	0.00761	0.00354	0.00904
62	0.01241	0.00620	0.00917	0.00917	0.00924	0.00620	0.00613	0.00958	0.00951	0.01296	0.01282	0.02185	0.01261	0.02405	0.02687	0.75977	0.00606	0.00620	0.03594	0.00324
63	0.00868	0.00620	0.00826	0.00991	0.01033	0.00578	0.00661	0.00991	0.01363	0.01818	0.03925	0.74510	0.04710	0.02231	0.00909	0.00289	0.00413	0.02024	0.00661	0.00578
64	0.01378	0.01294	0.01855	0.01619	0.01737	0.03739	0.05926	0.01611	0.01196	0.01763	0.01409	0.02104	0.01310	0.02793	0.29776	0.00627	0.35354	0.00690	0.03086	0.00732
65	0.01713	0.46013	0.26694	0.01485	0.02248	0.02297	0.01677	0.02152	0.01468	0.01916	0.01106	0.01288	0.00919	0.00627	0.00537	0.00174	0.00846	0.00433	0.00311	0.06096
66	0.01956	0.01766	0.04672	0.01585	0.04701	0.06303	0.01241	0.12017	0.39341	0.05452	0.02279	0.02196	0.01709	0.00852	0.00689	0.00214	0.00669	0.00690	0.00634	0.11032
67	0.02449	0.11662	0.05197	0.01580	0.02157	0.02219	0.01365	0.49917	0.09979	0.03865	0.01722	0.01726	0.01261	0.00827	0.00679	0.00209	0.00769	0.00619	0.00643	0.01156
68	0.02111	0.04539	0.13708	0.04193	0.02299	0.01740	0.04240	0.32313	0.02395	0.07466	0.04443	0.04215	0.01508	0.00839	0.00690	0.00207	0.00771	0.00676	0.03382	0.08263

[dist]
# distance from previous block
# <min> <max>
0	13

[block]
# block no. 5 follows, 29 sequences, length 117
# corresponding to MSA columns:
# 201-317
name=unknown_F
#
# <colnr> <probs for GDERKNQSTAVLIFYWHMCP>
#	G	D	E	R	K	N	Q	S	T	A	V	L	I	F	Y	W	H	M	C	P
0	0.09750	0.01629	0.13111	0.01254	0.01744	0.01287	0.01152	0.13253	0.04393	0.05417	0.06608	0.04838	0.06541	0.06424	0.00981	0.04072	0.00648	0.00747	0.03395	0.12755
1	0.01561	0.01432	0.01846	0.34723	0.08248	0.09896	0.01501	0.04404	0.01488	0.01870	0.01349	0.04193	0.01157	0.01109	0.01117	0.16253	0.00863	0.00640	0.00358	0.05991
2	0.01456	0.01084	0.01371	0.01262	0.01527	0.01109	0.03666	0.16284	0.04143	0.02669	0.08214	0.26633	0.03305	0.01675	0.03657	0.00288	0.00623	0.11198	0.05691	0.04145
3	0.01566	0.01282	0.01493	0.01091	0.01704	0.01010	0.00872	0.01999	0.06229	0.05103	0.01441	0.01597	0.01161	0.00572	0.00549	0.00120	0.00533	0.00460	0.00461	0.70758
4	0.00868	0.00620	0.00826	0.00991	0.01033	0.00578	0.00661	0.00991	0.01363	0.01818	0.03925	0.74510	0.04710	0.02231	0.00909	0.00289	0.00413	0.02024	0.00661	0.00578
5	0.02445	0.04320	0.02042	0.01536	0.02074	0.04272	0.01262	0.45281	0.08654	0.07179	0.01750	0.01764	0.01277	0.00828	0.00732	0.00204	0.02996	0.00619	0.00651	0.10115
6	0.01237	0.00618	0.00928	0.00928	0.00928	0.00618	0.00618	0.00928	0.00928	0.01237	0.01237	0.02165	0.01237	0.02474	0.02783	0.79283	0.00618	0.00618	0.00309	0.00309
7	0.01867	0.17684	0.30097	0.01805	0.06958	0.01867	0.01817	0.13142	0.01872	0.07586	0.05351	0.01765	0.01371	0.00744	0.00647	0.00203	0.00845	0.00577	0.00447	0.03355
8	0.01687	0.01450	0.01534	0.01386	0.01769	0.01659	0.01076	0.03527	0.62593	0.02920	0.06375	0.02996	0.05812	0.01032	0.00736	0.00241	0.00542	0.00863	0.00724	0.01079
9	0.01345	0.01266	0.02136	0.73264	0.04904	0.01582	0.01978	0.01819	0.01424	0.01819	0.01266	0.01898	0.00949	0.00712	0.00712	0.00237	0.00949	0.00633	0.00316	0.00791
10	0.01106	0.00910	0.01093	0.01211	0.05989	0.03378	0.00835	0.01411	0.03790	0.02261	0.25526	0.15685	0.19163	0.05175	0.00983	0.00271	0.00487	0.09387	0.00658	0.00680
11	0.02073	0.02183	0.02565	0.05507	0.39604	0.21519	0.03992	0.07581	0.03944	0.02334	0.01350	0.01661	0.01100	0.00691	0.00693	0.00206	0.00970	0.00597	0.00395	0.01033
12	0.00939	0.00739	0.00777	0.00758	0.01001	0.00624	0.00572	0.01139	0.01678	0.04356	0.13698	0.06542	0.61236	0.01736	0.00837	0.00238	0.00366	0.01454	0.00682	0.00629
13	0.01303	0.00838	0.00996	0.00921	0.01182	0.00764	0.00713	0.01667	0.05649	0.11746	0.28573	0.05371	0.29339	0.01480	0.00811	0.00233	0.00408	0.03880	0.03383	0.00744
14	0.04583	0.01476	0.02266	0.36735	0.21625	0.03959	0.04040	0.04263	0.04440	0.02148	0.01406	0.01904	0.01114	0.01034	0.05826	0.00293	0.00973	0.00642	0.00369	0.00904
15	0.67055	0.13652	0.01492	0.00983	0.01452	0.01800	0.00845	0.02100	0.01251	0.02943	0.00991	0.01154	0.00795	0.00652	0.00443	0.00209	0.00586	0.00385	0.00418	0.00795
16	0.00985	0.00727	0.00920	0.00872	0.01050	0.00662	0.00654	0.01300	0.01962	0.02727	0.61511	0.05530	0.15445	0.01503	0.00840	0.00226	0.00339	0.01317	0.00767	0.00662
17	0.03121	0.01195	0.01629	0.01254	0.01792	0.01034	0.01034	0.03398	0.02037	0.68723	0.05085	0.02521	0.01930	0.00901	0.00720	0.00220	0.00597	0.00735	0.00878	0.01194
18	0.01988	0.06960	0.09109	0.05293	0.22252	0.24791	0.01759	0.02406	0.05045	0.02020	0.01255	0.01566	0.01044	0.00771	0.00887	0.00216	0.10770	0.00558	0.00361	0.00949
19	0.80005	0.01377	0.01047	0.00936	0.01377	0.01597	0.00771	0.02093	0.01212	0.03195	0.00991	0.01157	0.00771	0.00661	0.00441	0.00220	0.00551	0.00386	0.00441	0.00771
20	0.00868	0.00620	0.00826	0.00991	0.01033	0.00578	0.00661	0.00991	0.01363	0.01818	0.03925	0.74510	0.04710	0.02231	0.00909	0.00289	0.00413	0.02024	0.00661	0.00578
21	0.02928	0.01257	0.01611	0.01252	0.01763	0.01161	0.01028	0.11935	0.02155	0.54738	0.02610	0.02353	0.01696	0.00872	0.00692	0.00214	0.00600	0.00700	0.09283	0.01153
22	0.01021	0.00749	0.01073	0.01073	0.01176	0.00852	0.00802	0.01226	0.01123	0.01600	0.01972	0.03157	0.01936	0.18786	0.58922	0.01057	0.01672	0.00816	0.00391	0.00596
23	0.00957	0.00683	0.00929	0.01093	0.01174	0.00655	0.00816	0.01146	0.01451	0.01918	0.03875	0.53334	0.04515	0.02147	0.00933	0.00301	0.00490	0.22321	0.00659	0.00603
24	0.01558	0.01558	0.02181	0.01869	0.01869	0.02181	0.01558	0.01714	0.01091	0.01714	0.00935	0.01558	0.00935	0.01246	0.02337	0.00312	0.73672	0.00623	0.00312	0.00779
25	0.50484	0.02109	0.04968	0.01327	0.01786	0.22513	0.03313	0.02330	0.01481	0.02686	0.01053	0.01238	0.00831	0.00681	0.00526	0.00210	0.00815	0.00430	0.00409	0.00808
26	0.00957	0.00686	0.00890	0.01023	0.01090	0.00657	0.00695	0.04247	0.01460	0.01947	0.03817	0.70981	0.04540	0.02164	0.00899	0.00286	0.00431	0.01957	0.00663	0.00609
27	0.01618	0.27961	0.22217	0.01611	0.05519	0.01860	0.03846	0.02064	0.01505	0.02092	0.03434	0.01522	0.01152	0.00636	0.00575	0.00170	0.00791	0.00490	0.00353	0.20585
28	0.01732	0.01579	0.02239	0.02752	0.31207	0.01691	0.04314	0.02925	0.34240	0.02629	0.02217	0.02515	0.01779	0.00860	0.00734	0.00233	0.00715	0.03994	0.00547	0.01097
29	0.01714	0.01258	0.01501	0.01084	0.01706	0.00963	0.00872	0.02025	0.01554	0.11832	0.01479	0.01608	0.01153	0.00576	0.00553	0.00121	0.00538	0.00463	0.00485	0.68514
30	0.00852	0.00722	0.00736	0.00733	0.00968	0.00606	0.00549	0.01043	0.01648	0.01984	0.11295	0.06753	0.66125	0.01781	0.00841	0.00239	0.00359	0.01489	0.00669	0.00606
31	0.00850	0.00722	0.00733	0.00730	0.00967	0.00605	0.00547	0.01038	0.01642	0.01969	0.10265	0.06778	0.67165	0.01787	0.00841	0.00240	0.00359	0.01492	0.00667	0.00605
32	0.01558	0.01558	0.02181	0.01869	0.01869	0.02181	0.01558	0.01714	0.01091	0.01714	0.00935	0.01558	0.00935	0.01246	0.02337	0.00312	0.73672	0.00623	0.00312	0.00779
33	0.01345	0.01266	0.02136	0.73264	0.04904	0.01582	0.01978	0.01819	0.01424	0.01819	0.01266	0.01898	0.00949	0.00712	0.00712	0.00237	0.00949	0.00633	0.00316	0.00791
34	0.05825	0.71687	0.03597	0.01204	0.01805	0.02756	0.01196	0.02130	0.01435	0.01752	0.00990	0.01143	0.00907	0.00612	0.00456	0.00156	0.00751	0.00381	0.00311	0.00907
35	0.00842	0.00721	0.00721	0.00721	0.00962	0.00601	0.00541	0.01022	0.01623	0.01924	0.07213	0.06853	0.70244	0.01803	0.00842	0.00240	0.00361	0.01503	0.00661	0.00601
36	0.01762	0.01692	0.02890	0.04371	0.70533	0.01692	0.02185	0.02185	0.01621	0.02326	0.01339	0.01762	0.01128	0.00634	0.00705	0.00211	0.00846	0.00634	0.00352	0.01128
37	0.03034	0.01313	0.01706	0.01318	0.01855	0.01217	0.01087	0.13206	0.02201	0.58159	0.02606	0.02330	0.01680	0.01055	0.03561	0.00256	0.00685	0.00707	0.00836	0.01189
38	0.05870	0.01969	0.02092	0.01610	0.02174	0.02183	0.01330	0.65456	0.03261	0.04435	0.01680	0.01687	0.01193	0.00847	0.00701	0.00214	0.00774	0.00631	0.00701	0.01193
39	0.02622	0.07009	0.02104	0.01804	0.02183	0.68637	0.01368	0.02808	0.01989	0.01739	0.01095	0.01277	0.00917	0.00728	0.00633	0.00182	0.01258	0.00455	0.00364	0.00830
40	0.00964	0.00726	0.00891	0.00850	0.01037	0.00653	0.00638	0.01259	0.01913	0.02611	0.53671	0.05721	0.23358	0.01547	0.00840	0.00228	0.00342	0.01344	0.00752	0.00653
41	0.00868	0.00620	0.00826	0.00991	0.01033	0.00578	0.00661	0.00991	0.01363	0.01818	0.03925	0.74510	0.04710	0.02231	0.00909	0.00289	0.00413	0.02024	0.00661	0.00578
42	0.00868	0.00620	0.00826	0.00991	0.01033	0.00578	0.00661	0.00991	0.01363	0.01818	0.03925	0.74510	0.04710	0.02231	0.00909	0.00289	0.00413	0.02024	0.00661	0.00578
43	0.04767	0.70304	0.03576	0.01229	0.01824	0.05093	0.01207	0.02155	0.01457	0.01733	0.00994	0.01148	0.00909	0.00615	0.00463	0.00156	0.00771	0.00384	0.00312	0.00906
44	0.02567	0.04917	0.02041	0.04215	0.04613	0.05239	0.01289	0.39663	0.02699	0.17530	0.04270	0.02111	0.03797	0.00882	0.00707	0.00213	0.00750	0.00686	0.00686	0.01123
45	0.01912	0.20421	0.25871	0.02137	0.11808	0.20017	0.03994	0.02368	0.01644	0.01996	0.01177	0.01410	0.00945	0.00667	0.00624	0.00196	0.01019	0.00499	0.00328	0.00968
46	0.01035	0.00693	0.00790	0.00790	0.00795	0.00698	0.00448	0.01044	0.01039	0.01391	0.02231	0.04592	0.02559	0.72431	0.06128	0.00707	0.00735	0.01026	0.00430	0.00439
47	0.04603	0.05331	0.46378	0.01871	0.02695	0.03802	0.06500	0.04242	0.01628	0.05101	0.07427	0.01882	0.01470	0.00772	0.00742	0.00225	0.03332	0.00617	0.00391	0.00992
48	0.03089	0.01215	0.01642	0.01254	0.01810	0.01041	0.01034	0.03367	0.02003	0.66796	0.02714	0.02365	0.01719	0.00860	0.00704	0.00213	0.00601	0.00698	0.00853	0.06022
49	0.01473	0.01441	0.02100	0.03999	0.01944	0.01948	0.04112	0.01671	0.01133	0.01730	0.01115	0.01774	0.01071	0.01836	0.13004	0.00435	0.57471	0.00654	0.00324	0.00764
50	0.00842	0.00721	0.00721	0.00721	0.00962	0.00601	0.00541	0.01022	0.01623	0.01924	0.07213	0.06853	0.70244	0.01803	0.00842	0.00240	0.00361	0.01503	0.00661	0.00601
51	0.03107	0.01253	0.01666	0.01288	0.01832	0.01121	0.01061	0.05589	0.05455	0.65447	0.02778	0.02412	0.01765	0.00885	0.00716	0.00221	0.00610	0.00718	0.00868	0.01208
52	0.01904	0.75404	0.03731	0.01218	0.01828	0.02818	0.01218	0.02132	0.01447	0.01675	0.00990	0.01142	0.00914	0.00609	0.00457	0.00152	0.00761	0.00381	0.00305	0.00914
53	0.01036	0.00690	0.00777	0.00777	0.00777	0.00690	0.00431	0.01036	0.01036	0.01381	0.02244	0.04660	0.02589	0.74975	0.03624	0.00690	0.00690	0.01036	0.00431	0.00431
54	0.80005	0.01377	0.01047	0.00936	0.01377	0.01597	0.00771	0.02093	0.01212	0.03195	0.00991	0.01157	0.00771	0.00661	0.00441	0.00220	0.00551	0.00386	0.00441	0.00771
55	0.00868	0.00620	0.00826	0.00991	0.01033	0.00578	0.00661	0.00991	0.01363	0.01818	0.03925	0.74510	0.04710	0.02231	0.00909	0.00289	0.00413	0.02024	0.00661	0.00578
56	0.03195	0.01212	0.01652	0.01267	0.01818	0.01047	0.01047	0.03470	0.02038	0.71026	0.02809	0.02424	0.01763	0.00881	0.00716	0.00220	0.00606	0.00716	0.00881	0.01212
57	0.01345	0.01266	0.02136	0.73264	0.04904	0.01582	0.01978	0.01819	0.01424	0.01819	0.01266	0.01898	0.00949	0.00712	0.00712	0.00237	0.00949	0.00633	0.00316	0.00791
58	0.01579	0.01360	0.02148	0.48216	0.03968	0.01586	0.06367	0.09079	0.04976	0.04560	0.01685	0.02493	0.01360	0.00852	0.00746	0.00243	0.00892	0.06593	0.00432	0.00866
59	0.00923	0.00744	0.00835	0.00869	0.01087	0.00656	0.00690	0.01148	0.01653	0.02034	0.10632	0.07022	0.50719	0.01818	0.00874	0.00260	0.00427	0.16320	0.00668	0.00618
60	0.04354	0.36142	0.19300	0.02000	0.08213	0.02219	0.14336	0.02192	0.01511	0.02030	0.01172	0.01427	0.00956	0.00627	0.00601	0.00193	0.00913	0.00523	0.00323	0.00968
61	0.26349	0.05450	0.10972	0.01716	0.11069	0.01635	0.01346	0.05116	0.13448	0.11543	0.01679	0.01759	0.01247	0.00797	0.00670	0.02443	0.00688	0.00570	0.00517	0.00987
62	0.02665	0.01858	0.02028	0.01577	0.02127	0.02032	0.01295	0.54224	0.10013	0.11819	0.01956	0.01888	0.01373	0.00869	0.00714	0.00217	0.00741	0.00666	0.00733	0.01202
63	0.01611	0.04487	0.02214	0.21585	0.02737	0.08292	0.01645	0.01860	0.01279	0.01744	0.01043	0.01612	0.00936	0.01028	0.01664	0.00273	0.44280	0.00602	0.00318	0.00792
64	0.02423	0.01782	0.01935	0.01539	0.02027	0.01957	0.01247	0.57791	0.03042	0.04076	0.02051	0.12947	0.01751	0.01067	0.00743	0.00225	0.00726	0.00855	0.00704	0.01113
65	0.01558	0.01558	0.02181	0.01869	0.01869	0.02181	0.01558	0.01714	0.01091	0.01714	0.00935	0.01558	0.00935	0.01246	0.02337	0.00312	0.73672	0.00623	0.00312	0.00779
66	0.01008	0.00728	0.00952	0.00896	0.01064	0.00672	0.00672	0.01344	0.02016	0.02855	0.70158	0.05319	0.06719	0.01456	0.00840	0.00224	0.00336	0.01288	0.00784	0.00672
67	0.02707	0.01995	0.02137	0.01638	0.02208	0.02208	0.01353	0.68159	0.03348	0.04488	0.01710	0.01710	0.01211	0.00855	0.00712	0.00214	0.00784	0.00641	0.00712	0.01211
68	0.01771	0.01530	0.01610	0.01449	0.01852	0.01771	0.01127	0.03784	0.69247	0.02979	0.02898	0.02657	0.02174	0.00966	0.00725	0.00242	0.00564	0.00805	0.00725	0.01127
69	0.01681	0.01921	0.04202	0.03001	0.03721	0.01801	0.67947	0.02281	0.01681	0.02281	0.01441	0.01921	0.01080	0.00600	0.00840	0.00240	0.01200	0.00840	0.00360	0.00960
70	0.01143	0.00771	0.00976	0.00897	0.01072	0.00708	0.00649	0.01405	0.01786	0.05826	0.49309	0.04849	0.05335	0.16672	0.01397	0.00315	0.00432	0.01164	0.00697	0.04597
71	0.03195	0.01212	0.01652	0.01267	0.01818	0.01047	0.01047	0.03470	0.02038	0.71026	0.02809	0.02424	0.01763	0.00881	0.00716	0.00220	0.00606	0.00716	0.00881	0.01212
72	0.80005	0.01377	0.01047	0.00936	0.01377	0.01597	0.00771	0.02093	0.01212	0.03195	0.00991	0.01157	0.00771	0.00661	0.00441	0.00220	0.00551	0.00386	0.00441	0.00771
73	0.01771	0.01530	0.01610	0.01449	0.01852	0.01771	0.01127	0.03784	0.69247	0.02979	0.02898	0.02657	0.02174	0.00966	0.00725	0.00242	0.00564	0.00805	0.00725	0.01127
74	0.01126	0.00813	0.01118	0.01270	0.01440	0.00804	0.01105	0.01444	0.01638	0.02117	0.04009	0.07950	0.08689	0.01956	0.00974	0.00322	0.00635	0.61282	0.00656	0.00652
75	0.80005	0.01377	0.01047	0.00936	0.01377	0.01597	0.00771	0.02093	0.01212	0.03195	0.00991	0.01157	0.00771	0.00661	0.00441	0.00220	0.00551	0.00386	0.00441	0.00771
76	0.01017	0.00763	0.01144	0.01144	0.01272	0.00890	0.00890	0.01272	0.01144	0.01653	0.01907	0.02797	0.01780	0.05340	0.72153	0.01144	0.01907	0.00763	0.00381	0.00636
77	0.01147	0.00820	0.01147	0.01311	0.01475	0.00820	0.01147	0.01475	0.01639	0.02131	0.03770	0.08032	0.04098	0.01967	0.00984	0.00328	0.00656	0.65741	0.00656	0.00656
78	0.01477	0.01266	0.01477	0.01055	0.01687	0.00949	0.00844	0.01793	0.01477	0.02320	0.01266	0.01477	0.01055	0.00527	0.00527	0.00105	0.00527	0.00422	0.00422	0.79328
79	0.01477	0.01266	0.01477	0.01055	0.01687	0.00949	0.00844	0.01793	0.01477	0.02320	0.01266	0.01477	0.01055	0.00527	0.00527	0.00105	0.00527	0.00422	0.00422	0.79328
80	0.01428	0.03683	0.71286	0.02030	0.03082	0.01654	0.02631	0.02255	0.01503	0.02255	0.01278	0.01503	0.00902	0.00677	0.00677	0.00226	0.01052	0.00526	0.00301	0.01052
81	0.01017	0.00763	0.01144	0.01144	0.01272	0.00890	0.00890	0.01272	0.01144	0.01653	0.01907	0.02797	0.01780	0.05340	0.72153	0.01144	0.01907	0.00763	0.00381	0.00636
82	0.01209	0.01013	0.01580	0.18953	0.11396	0.01052	0.04513	0.01417	0.01393	0.01809	0.02982	0.12190	0.16797	0.06695	0.01307	0.12856	0.00682	0.01033	0.00449	0.00675
83	0.08076	0.13091	0.37046	0.01731	0.02453	0.10322	0.01923	0.02269	0.01511	0.04939	0.01248	0.01483	0.00962	0.00880	0.03098	0.00247	0.06911	0.00510	0.00348	0.00954
