[name]
unknown

[dist]
# distance from previous block
# <min> <max>
0	54

[block]
# block no. 0 follows, 31 sequences, length 77
# corresponding to MSA columns:
# 54-130
name=unknown_A
#
# <colnr> <probs for GDERKNQSTAVLIFYWHMCP>
#	G	D	E	R	K	N	Q	S	T	A	V	L	I	F	Y	W	H	M	C	P
0	0.01089	0.00783	0.01084	0.01235	0.01395	0.00778	0.01076	0.01398	0.01574	0.02038	0.03771	0.07666	0.06963	0.01883	0.00939	0.00311	0.00617	0.64141	0.00630	0.00628
1	0.01580	0.01789	0.03892	0.02797	0.03460	0.01677	0.66130	0.02136	0.01601	0.02172	0.01491	0.05148	0.01194	0.00647	0.00810	0.00233	0.01119	0.00858	0.00359	0.00906
2	0.00843	0.00600	0.00791	0.00940	0.00977	0.00562	0.00622	0.00955	0.01291	0.01721	0.03672	0.71173	0.04400	0.06650	0.01033	0.00301	0.00413	0.01887	0.00622	0.00547
3	0.00997	0.00762	0.01137	0.01126	0.01244	0.00902	0.00880	0.01238	0.01098	0.01590	0.01797	0.02642	0.01679	0.04981	0.70544	0.01069	0.04605	0.00728	0.00364	0.00616
4	0.01497	0.01497	0.02095	0.01796	0.01796	0.02095	0.01497	0.01646	0.01048	0.01646	0.00898	0.01497	0.00898	0.01197	0.02245	0.00299	0.74704	0.00599	0.00299	0.00748
5	0.01497	0.01497	0.02095	0.01796	0.01796	0.02095	0.01497	0.01646	0.01048	0.01646	0.00898	0.01497	0.00898	0.01197	0.02245	0.00299	0.74704	0.00599	0.00299	0.00748
6	0.01492	0.01214	0.01426	0.01022	0.01627	0.00916	0.00819	0.01794	0.01443	0.05324	0.01282	0.01459	0.01043	0.00522	0.00515	0.00106	0.00510	0.00418	0.00425	0.76644
7	0.00981	0.00692	0.00931	0.00947	0.01022	0.00751	0.00670	0.01135	0.01101	0.01559	0.02156	0.10745	0.02259	0.28182	0.39518	0.00830	0.01232	0.00940	0.03809	0.00541
8	0.02476	0.13920	0.02300	0.01509	0.02063	0.02216	0.01279	0.58547	0.02922	0.03876	0.01531	0.01555	0.01117	0.00783	0.00645	0.00196	0.00749	0.00576	0.00621	0.01117
9	0.00831	0.00606	0.00783	0.00926	0.00985	0.00558	0.00623	0.00956	0.01336	0.01757	0.04099	0.68347	0.11476	0.02101	0.00867	0.00273	0.00392	0.01893	0.00635	0.00558
10	0.01882	0.67113	0.05729	0.01252	0.01830	0.09250	0.01230	0.02116	0.01443	0.01634	0.00970	0.01122	0.00878	0.00599	0.00463	0.00151	0.00788	0.00377	0.00298	0.00874
11	0.02601	0.01916	0.02053	0.01574	0.02122	0.02122	0.01300	0.69408	0.03217	0.04312	0.01643	0.01643	0.01163	0.00821	0.00684	0.00205	0.00753	0.00616	0.00684	0.01163
12	0.01615	0.01845	0.04037	0.02884	0.03576	0.01730	0.69204	0.02191	0.01615	0.02191	0.01384	0.01845	0.01038	0.00577	0.00807	0.00231	0.01153	0.00807	0.00346	0.00923
13	0.01591	0.01521	0.02591	0.22142	0.54549	0.01599	0.02049	0.02010	0.01509	0.02110	0.01269	0.01727	0.01040	0.00629	0.00679	0.00210	0.00838	0.00609	0.00330	0.01001
14	0.00968	0.00699	0.00914	0.00861	0.01022	0.00646	0.00646	0.01291	0.01937	0.02743	0.71328	0.05110	0.06455	0.01399	0.00807	0.00215	0.00323	0.01237	0.00753	0.00646
15	0.01292	0.01216	0.02052	0.74312	0.04712	0.01520	0.01900	0.01748	0.01368	0.01748	0.01216	0.01824	0.00912	0.00684	0.00684	0.00228	0.00912	0.00608	0.00304	0.00760
16	0.00831	0.00604	0.00785	0.00931	0.00987	0.00558	0.00625	0.00955	0.01331	0.01755	0.04033	0.69780	0.10086	0.02109	0.00868	0.00274	0.00393	0.01903	0.00635	0.00558
17	0.02816	0.01251	0.01603	0.01264	0.01770	0.01176	0.01032	0.06482	0.13611	0.57251	0.02664	0.02334	0.01736	0.00859	0.00689	0.00215	0.00583	0.00699	0.00814	0.01150
18	0.00834	0.00595	0.00794	0.00953	0.00992	0.00556	0.00635	0.00953	0.01310	0.01746	0.03771	0.75510	0.04525	0.02143	0.00873	0.00278	0.00397	0.01945	0.00635	0.00556
19	0.01372	0.03539	0.72412	0.01950	0.02961	0.01589	0.02528	0.02167	0.01444	0.02167	0.01228	0.01444	0.00867	0.00650	0.00650	0.00217	0.01011	0.00506	0.00289	0.01011
20	0.01372	0.03539	0.72412	0.01950	0.02961	0.01589	0.02528	0.02167	0.01444	0.02167	0.01228	0.01444	0.00867	0.00650	0.00650	0.00217	0.01011	0.00506	0.00289	0.01011
21	0.01711	0.01811	0.05975	0.08335	0.57230	0.06645	0.04121	0.02128	0.01569	0.02160	0.01266	0.01662	0.01047	0.00622	0.00676	0.00204	0.00868	0.00599	0.00335	0.01034
22	0.63862	0.01598	0.01279	0.01106	0.01539	0.09529	0.02909	0.07157	0.01418	0.02982	0.01029	0.01187	0.00797	0.00655	0.00476	0.00208	0.00643	0.00410	0.00433	0.00784
23	0.00823	0.00694	0.00713	0.00708	0.00933	0.00584	0.00531	0.01010	0.01593	0.01928	0.12706	0.06452	0.65585	0.01703	0.00808	0.00230	0.00344	0.01425	0.00646	0.00584
24	0.01829	0.76368	0.03585	0.01171	0.01756	0.02707	0.01171	0.02049	0.01390	0.01610	0.00951	0.01097	0.00878	0.00585	0.00439	0.00146	0.00732	0.00366	0.00293	0.00878
25	0.00977	0.00733	0.01100	0.01100	0.01222	0.00855	0.00855	0.01222	0.01100	0.01588	0.01833	0.02688	0.01710	0.05131	0.73245	0.01100	0.01833	0.00733	0.00367	0.00611
26	0.01702	0.01470	0.01547	0.01392	0.01779	0.01702	0.01083	0.03635	0.70453	0.02862	0.02785	0.02553	0.02088	0.00928	0.00696	0.00232	0.00541	0.00773	0.00696	0.01083
27	0.02601	0.01916	0.02053	0.01574	0.02122	0.02122	0.01300	0.69408	0.03217	0.04312	0.01643	0.01643	0.01163	0.00821	0.00684	0.00205	0.00753	0.00616	0.00684	0.01163
28	0.01157	0.00972	0.01342	0.01241	0.01290	0.01223	0.00955	0.01305	0.01054	0.01538	0.01603	0.02760	0.01642	0.22583	0.30775	0.00714	0.26126	0.00757	0.00357	0.00605
29	0.01482	0.01477	0.02092	0.06891	0.02001	0.02055	0.01525	0.01654	0.01070	0.01654	0.00920	0.01520	0.00899	0.01161	0.02135	0.00294	0.69520	0.00599	0.00300	0.00749
30	0.00951	0.00697	0.00894	0.00861	0.01023	0.00639	0.00647	0.01251	0.01863	0.02594	0.60231	0.08348	0.12508	0.01477	0.00814	0.00222	0.00337	0.03274	0.00733	0.00635
31	0.02556	0.03261	0.01939	0.01763	0.02115	0.73210	0.01322	0.02732	0.01939	0.01674	0.01058	0.01234	0.00881	0.00705	0.00617	0.00176	0.01234	0.00441	0.00353	0.00793
32	0.01419	0.01216	0.01419	0.01013	0.01621	0.00912	0.00811	0.01723	0.01419	0.02229	0.01216	0.01419	0.01013	0.00507	0.00507	0.00101	0.00507	0.00405	0.00405	0.80139
33	0.00838	0.00678	0.00744	0.00761	0.00950	0.00585	0.00558	0.01026	0.01579	0.01972	0.16514	0.17383	0.50531	0.01746	0.00819	0.00236	0.00351	0.01492	0.00654	0.00585
34	0.01632	0.01398	0.01486	0.01350	0.01711	0.01605	0.01044	0.03415	0.64421	0.02809	0.05900	0.05791	0.02389	0.01001	0.00709	0.00233	0.00525	0.00844	0.00696	0.01041
35	0.75850	0.01313	0.01043	0.00920	0.01350	0.01501	0.00758	0.02095	0.01215	0.07460	0.01064	0.01189	0.00801	0.00649	0.00440	0.00212	0.00533	0.00391	0.00450	0.00768
36	0.01693	0.01626	0.02777	0.04199	0.71689	0.01626	0.02100	0.02100	0.01558	0.02235	0.01287	0.01693	0.01084	0.00610	0.00677	0.00203	0.00813	0.00610	0.00339	0.01084
37	0.02418	0.03031	0.01959	0.01767	0.02074	0.63965	0.01345	0.02591	0.01823	0.01671	0.01037	0.01268	0.00883	0.00769	0.00829	0.00192	0.10785	0.00461	0.00346	0.00787
38	0.01058	0.00751	0.01027	0.01168	0.01294	0.00746	0.00973	0.01316	0.01481	0.01934	0.03484	0.15596	0.03854	0.09798	0.01206	0.00348	0.00605	0.52154	0.00608	0.00598
39	0.01827	0.68238	0.06047	0.03432	0.01906	0.05652	0.01250	0.02073	0.01415	0.01637	0.00974	0.01138	0.00879	0.00596	0.00462	0.00153	0.00769	0.00382	0.00295	0.00876
40	0.02469	0.01466	0.01717	0.01316	0.01850	0.01442	0.01078	0.28782	0.05173	0.28137	0.04090	0.01990	0.01524	0.00796	0.00658	0.00190	0.00626	0.00629	0.00695	0.15373
41	0.02200	0.01626	0.01780	0.04050	0.01941	0.01793	0.01148	0.51294	0.04877	0.03597	0.01827	0.04942	0.01524	0.12893	0.01140	0.00283	0.00724	0.00732	0.00626	0.01003
42	0.00995	0.00663	0.00746	0.00746	0.00746	0.00663	0.00415	0.00995	0.00995	0.01327	0.02156	0.04477	0.02487	0.75957	0.03482	0.00663	0.00663	0.00995	0.00415	0.00415
43	0.00995	0.00663	0.00746	0.00746	0.00746	0.00663	0.00415	0.00995	0.00995	0.01327	0.02156	0.04477	0.02487	0.75957	0.03482	0.00663	0.00663	0.00995	0.00415	0.00415
44	0.01546	0.01444	0.02262	0.49114	0.12377	0.03452	0.06540	0.09058	0.03598	0.02140	0.01322	0.01796	0.01001	0.00689	0.00690	0.00222	0.00898	0.00623	0.00364	0.00864
45	0.01112	0.00828	0.01173	0.01402	0.05904	0.00819	0.01112	0.01416	0.01563	0.02036	0.03688	0.09797	0.08068	0.01807	0.00916	0.00301	0.00615	0.56178	0.00612	0.00653
46	0.02556	0.03261	0.01939	0.01763	0.02115	0.73210	0.01322	0.02732	0.01939	0.01674	0.01058	0.01234	0.00881	0.00705	0.00617	0.00176	0.01234	0.00441	0.00353	0.00793
47	0.01521	0.01284	0.01505	0.04511	0.01813	0.01072	0.00913	0.07288	0.04517	0.02402	0.01318	0.01504	0.01067	0.00559	0.00537	0.00121	0.00547	0.00448	0.00436	0.66637
48	0.05757	0.01911	0.01913	0.10332	0.02345	0.11199	0.01317	0.39369	0.13174	0.03379	0.01662	0.01729	0.01221	0.00798	0.00666	0.00209	0.00792	0.00606	0.00586	0.01035
49	0.22162	0.01203	0.01445	0.01139	0.01642	0.01136	0.00941	0.03009	0.01763	0.55189	0.02270	0.02030	0.01460	0.00795	0.00623	0.00212	0.00569	0.00610	0.00743	0.01060
50	0.01721	0.01602	0.02607	0.10285	0.57711	0.01654	0.01982	0.06851	0.04611	0.02363	0.01370	0.01738	0.01117	0.00645	0.00679	0.00207	0.00806	0.00617	0.00375	0.01060
51	0.00848	0.00616	0.00800	0.00920	0.00990	0.00569	0.00627	0.00997	0.01408	0.01878	0.12345	0.61068	0.10374	0.02017	0.00860	0.00266	0.00384	0.01816	0.00650	0.00569
52	0.01419	0.01216	0.01419	0.01013	0.01621	0.00912	0.00811	0.01723	0.01419	0.02229	0.01216	0.01419	0.01013	0.00507	0.00507	0.00101	0.00507	0.00405	0.00405	0.80139
53	0.00968	0.00699	0.00914	0.00861	0.01022	0.00646	0.00646	0.01291	0.01937	0.02743	0.71328	0.05110	0.06455	0.01399	0.00807	0.00215	0.00323	0.01237	0.00753	0.00646
54	0.00988	0.00660	0.00748	0.00755	0.00756	0.00659	0.00424	0.00993	0.01008	0.01344	0.02222	0.07403	0.02571	0.72916	0.03375	0.00647	0.00652	0.01034	0.00424	0.00420
55	0.01595	0.01740	0.03605	0.10594	0.15793	0.01690	0.50240	0.02129	0.01579	0.02153	0.01349	0.01816	0.01033	0.00594	0.00771	0.00226	0.01068	0.00751	0.00340	0.00934
56	0.02556	0.03261	0.01939	0.01763	0.02115	0.73210	0.01322	0.02732	0.01939	0.01674	0.01058	0.01234	0.00881	0.00705	0.00617	0.00176	0.01234	0.00441	0.00353	0.00793
57	0.80789	0.01323	0.01006	0.00900	0.01323	0.01535	0.00741	0.02011	0.01164	0.03070	0.00953	0.01111	0.00741	0.00635	0.00423	0.00212	0.00529	0.00370	0.00423	0.00741
58	0.05365	0.01919	0.04996	0.01545	0.02102	0.02018	0.01313	0.59209	0.05219	0.06922	0.01681	0.01673	0.01188	0.00812	0.00674	0.00207	0.00742	0.00610	0.00665	0.01139
59	0.01497	0.01497	0.02095	0.01796	0.01796	0.02095	0.01497	0.01646	0.01048	0.01646	0.00898	0.01497	0.00898	0.01197	0.02245	0.00299	0.74704	0.00599	0.00299	0.00748
60	0.00908	0.00768	0.00844	0.00893	0.04001	0.00682	0.00622	0.01180	0.04670	0.01985	0.12789	0.05987	0.56866	0.03710	0.00873	0.00240	0.00382	0.01345	0.00631	0.00624
61	0.00816	0.00688	0.00699	0.00706	0.00921	0.00580	0.00521	0.00981	0.01528	0.01825	0.06618	0.09558	0.65952	0.04442	0.00908	0.00249	0.00360	0.01450	0.00627	0.00571
62	0.00967	0.00682	0.00890	0.00911	0.00964	0.00724	0.00615	0.01078	0.01077	0.01483	0.02240	0.13013	0.02449	0.38722	0.30367	0.00783	0.01085	0.01016	0.00424	0.00509
63	0.01996	0.49499	0.03080	0.01665	0.09843	0.20253	0.01315	0.02226	0.01547	0.01697	0.01016	0.01200	0.00902	0.00618	0.00511	0.00160	0.00867	0.00412	0.00313	0.00880
64	0.01702	0.01470	0.01547	0.01392	0.01779	0.01702	0.01083	0.03635	0.70453	0.02862	0.02785	0.02553	0.02088	0.00928	0.00696	0.00232	0.00541	0.00773	0.00696	0.01083
65	0.00822	0.00694	0.00712	0.00707	0.00932	0.00583	0.00530	0.01008	0.01591	0.01923	0.12334	0.06460	0.65961	0.01705	0.00808	0.00230	0.00345	0.01427	0.00645	0.00583
66	0.01463	0.18010	0.58736	0.01795	0.02722	0.01811	0.02258	0.02143	0.01434	0.02056	0.01173	0.01375	0.00869	0.00637	0.00608	0.00203	0.00956	0.00478	0.00290	0.00985
67	0.00863	0.00731	0.00752	0.00753	0.00987	0.00637	0.00575	0.01119	0.04510	0.01902	0.06576	0.06472	0.64821	0.01707	0.00811	0.00236	0.00370	0.04939	0.00638	0.00602
68	0.00825	0.00697	0.00716	0.00720	0.00946	0.00588	0.00546	0.01008	0.01572	0.01885	0.08914	0.06578	0.66758	0.01728	0.00814	0.00234	0.00356	0.03897	0.00639	0.00582
69	0.01515	0.01956	0.12642	0.02593	0.03269	0.01609	0.54526	0.02080	0.01566	0.02149	0.01573	0.08250	0.01321	0.00724	0.00793	0.00233	0.01069	0.00868	0.00364	0.00902
70	0.00977	0.00733	0.01100	0.01100	0.01222	0.00855	0.00855	0.01222	0.01100	0.01588	0.01833	0.02688	0.01710	0.05131	0.73245	0.01100	0.01833	0.00733	0.00367	0.00611
71	0.00824	0.00674	0.00728	0.00756	0.00944	0.00578	0.00551	0.00997	0.01536	0.01889	0.10700	0.20192	0.53673	0.01792	0.00821	0.00239	0.00355	0.01529	0.00643	0.00578
72	0.01372	0.03539	0.72412	0.01950	0.02961	0.01589	0.02528	0.02167	0.01444	0.02167	0.01228	0.01444	0.00867	0.00650	0.00650	0.00217	0.01011	0.00506	0.00289	0.01011
73	0.01306	0.01231	0.02078	0.71777	0.07134	0.01524	0.01907	0.01761	0.01375	0.01766	0.01219	0.01819	0.00918	0.00681	0.00684	0.00227	0.00908	0.00608	0.00305	0.00772
74	0.00809	0.00693	0.00693	0.00693	0.00924	0.00578	0.00520	0.00982	0.01559	0.01848	0.06931	0.06584	0.71411	0.01733	0.00809	0.00231	0.00347	0.01444	0.00635	0.00578
75	0.03050	0.01195	0.01607	0.01232	0.01762	0.01052	0.01018	0.06056	0.02010	0.69367	0.02656	0.02300	0.01672	0.00846	0.00688	0.00211	0.00589	0.00685	0.00840	0.01164
76	0.01305	0.01637	0.21800	0.01359	0.04240	0.01039	0.01304	0.04600	0.01782	0.06880	0.32958	0.06125	0.07484	0.01154	0.00751	0.00221	0.00590	0.03364	0.00592	0.00815

[dist]
# distance from previous block
# <min> <max>
9	12

[block]
# block no. 1 follows, 31 sequences, length 179
# corresponding to MSA columns:
# 143-321
name=unknown_B
#
# <colnr> <probs for GDERKNQSTAVLIFYWHMCP>
#	G	D	E	R	K	N	Q	S	T	A	V	L	I	F	Y	W	H	M	C	P
0	0.17079	0.01927	0.01844	0.06083	0.02136	0.10720	0.01237	0.44359	0.02560	0.03593	0.01415	0.01505	0.01034	0.00764	0.00627	0.00204	0.00780	0.00548	0.00571	0.01014
1	0.08478	0.04231	0.04124	0.42755	0.09217	0.01673	0.06160	0.11279	0.01642	0.02295	0.01260	0.01690	0.00952	0.00681	0.00659	0.00218	0.00860	0.00590	0.00372	0.00863
2	0.01388	0.03445	0.68983	0.02061	0.06345	0.01591	0.02507	0.02163	0.01450	0.02170	0.01231	0.01457	0.00877	0.00648	0.00651	0.00216	0.01001	0.00511	0.00291	0.01015
3	0.00960	0.00699	0.00903	0.00852	0.01017	0.00642	0.00639	0.01275	0.01917	0.02696	0.67937	0.05188	0.09876	0.01416	0.00807	0.00216	0.00324	0.01248	0.00747	0.00642
4	0.00910	0.00712	0.00830	0.00842	0.01019	0.00648	0.00624	0.01198	0.04456	0.02160	0.26383	0.18671	0.33468	0.01675	0.00820	0.00238	0.00366	0.03687	0.00675	0.00617
5	0.10796	0.03083	0.56890	0.04176	0.02866	0.01590	0.07016	0.02137	0.01421	0.02262	0.01206	0.01445	0.00865	0.00644	0.00635	0.00217	0.00961	0.00514	0.00309	0.00965
6	0.01188	0.00594	0.00891	0.00891	0.00891	0.00594	0.00594	0.00891	0.00891	0.01188	0.01188	0.02080	0.01188	0.02377	0.02674	0.80095	0.00594	0.00594	0.00297	0.00297
7	0.01102	0.00787	0.01102	0.01260	0.01417	0.00787	0.01102	0.01417	0.01575	0.02047	0.03622	0.07717	0.03937	0.01890	0.00945	0.00315	0.00630	0.67084	0.00630	0.00630
8	0.01439	0.01455	0.02501	0.16765	0.05169	0.01744	0.18719	0.01778	0.01279	0.01820	0.01194	0.01780	0.01026	0.01317	0.08745	0.00346	0.31144	0.00668	0.00320	0.00792
9	0.01620	0.01669	0.06343	0.13873	0.58715	0.01609	0.02094	0.02054	0.01525	0.02163	0.01274	0.01698	0.01048	0.00622	0.00677	0.00207	0.00837	0.00604	0.00331	0.01035
10	0.00814	0.00693	0.00700	0.00698	0.00927	0.00580	0.00524	0.00992	0.01571	0.01876	0.08945	0.06538	0.69380	0.01722	0.00809	0.00231	0.00346	0.01437	0.00639	0.00580
11	0.01571	0.01759	0.03765	0.12653	0.03731	0.01701	0.59999	0.02131	0.01581	0.02131	0.01361	0.01843	0.01021	0.00591	0.00791	0.00230	0.01120	0.00780	0.00340	0.00900
12	0.01489	0.07679	0.46911	0.05885	0.05552	0.01635	0.12090	0.02148	0.01486	0.04272	0.01362	0.01754	0.01035	0.00684	0.00674	0.00217	0.00975	0.02852	0.00329	0.00971
13	0.01188	0.00594	0.00891	0.00891	0.00891	0.00594	0.00594	0.00891	0.00891	0.01188	0.01188	0.02080	0.01188	0.02377	0.02674	0.80095	0.00594	0.00594	0.00297	0.00297
14	0.02216	0.34399	0.04455	0.01515	0.01984	0.41343	0.01289	0.02426	0.01692	0.01659	0.01017	0.01181	0.00879	0.00653	0.00542	0.00165	0.01014	0.00410	0.00325	0.00835
15	0.01790	0.01379	0.01578	0.01158	0.01747	0.01204	0.00938	0.17855	0.01875	0.06598	0.01399	0.01522	0.01087	0.00600	0.00559	0.00132	0.00569	0.00471	0.00496	0.57043
16	0.01601	0.01495	0.02516	0.03742	0.60750	0.01495	0.01944	0.01993	0.01560	0.02206	0.01650	0.02631	0.01528	0.00809	0.00719	0.00221	0.00784	0.10958	0.00384	0.01013
17	0.00954	0.00690	0.00926	0.00948	0.01026	0.00740	0.00670	0.01102	0.01120	0.01542	0.02467	0.13411	0.06008	0.26632	0.37775	0.00805	0.01193	0.01018	0.00432	0.00540
18	0.00990	0.00661	0.00748	0.00753	0.00754	0.00660	0.00422	0.00994	0.01005	0.01340	0.02207	0.06720	0.02552	0.73626	0.03400	0.00651	0.00655	0.01025	0.00422	0.00419
19	0.01787	0.01512	0.01595	0.01409	0.01811	0.01741	0.01103	0.09863	0.64087	0.02999	0.02676	0.02466	0.02001	0.00918	0.00695	0.00230	0.00561	0.00759	0.00695	0.01091
20	0.00841	0.00599	0.00791	0.00942	0.00980	0.00561	0.00624	0.00955	0.01294	0.01726	0.03691	0.72013	0.04425	0.05778	0.01002	0.00297	0.00410	0.01898	0.00624	0.00549
21	0.02287	0.03905	0.01638	0.01257	0.01667	0.01449	0.01002	0.31260	0.02270	0.22163	0.02148	0.07000	0.01745	0.12769	0.01123	0.00280	0.00652	0.00773	0.03636	0.00977
22	0.01546	0.01580	0.02086	0.04254	0.01912	0.05821	0.01501	0.01707	0.01106	0.01651	0.00917	0.01494	0.00898	0.01154	0.02106	0.00290	0.68333	0.00591	0.00302	0.00751
23	0.00870	0.00695	0.00778	0.00757	0.00962	0.00604	0.00568	0.01101	0.01704	0.02192	0.31646	0.06018	0.46481	0.01604	0.00808	0.00225	0.00337	0.01365	0.00681	0.00604
24	0.01466	0.01215	0.01423	0.01019	0.01625	0.00915	0.00816	0.01769	0.01434	0.04233	0.01258	0.01445	0.01033	0.00516	0.00512	0.00104	0.00509	0.00413	0.00418	0.77877
25	0.04205	0.20220	0.47407	0.01641	0.02478	0.01776	0.01987	0.02077	0.01440	0.02093	0.03848	0.01492	0.01088	0.00656	0.00591	0.00194	0.00876	0.00491	0.00318	0.05123
26	0.01820	0.01866	0.02654	0.03841	0.61454	0.12156	0.01985	0.02193	0.01614	0.02153	0.01253	0.01626	0.01054	0.00624	0.00668	0.00199	0.00875	0.00585	0.00341	0.01041
27	0.01079	0.00886	0.01343	0.11192	0.01764	0.01087	0.01071	0.01342	0.01130	0.01617	0.01642	0.02434	0.01509	0.04075	0.55240	0.00889	0.10000	0.00701	0.00350	0.00647
28	0.01249	0.01148	0.01908	0.65176	0.04250	0.01419	0.01744	0.01664	0.01337	0.01723	0.01373	0.04503	0.01140	0.04038	0.04378	0.00290	0.00929	0.00676	0.00323	0.00731
29	0.00969	0.00756	0.01084	0.08574	0.01498	0.00757	0.03311	0.01212	0.03271	0.01878	0.09752	0.46453	0.06070	0.06619	0.01012	0.00289	0.00502	0.04796	0.00589	0.00608
30	0.01430	0.01030	0.01276	0.01161	0.01401	0.01148	0.00906	0.13318	0.09842	0.04850	0.02162	0.02724	0.04118	0.08053	0.38783	0.00705	0.01245	0.00753	0.04324	0.00770
31	0.00989	0.00725	0.00930	0.00874	0.01045	0.00679	0.00657	0.01362	0.04250	0.02723	0.67223	0.05064	0.08103	0.01392	0.00803	0.00216	0.00331	0.01227	0.00748	0.00658
32	0.02530	0.01881	0.02014	0.01560	0.02095	0.02089	0.01283	0.64263	0.08476	0.04198	0.01732	0.01714	0.01236	0.00830	0.00685	0.00207	0.00736	0.00628	0.00685	0.01157
33	0.01678	0.01610	0.02750	0.06792	0.69212	0.01622	0.02092	0.02087	0.01551	0.02217	0.01284	0.01698	0.01077	0.00612	0.00678	0.00204	0.00816	0.00610	0.00337	0.01072
34	0.00995	0.00663	0.00746	0.00746	0.00746	0.00663	0.00415	0.00995	0.00995	0.01327	0.02156	0.04477	0.02487	0.75957	0.03482	0.00663	0.00663	0.00995	0.00415	0.00415
35	0.00931	0.00779	0.00834	0.00899	0.01051	0.03299	0.00645	0.01158	0.04302	0.01844	0.04992	0.37612	0.33201	0.01854	0.00831	0.00253	0.00420	0.03871	0.00627	0.00598
36	0.01292	0.01216	0.02052	0.74312	0.04712	0.01520	0.01900	0.01748	0.01368	0.01748	0.01216	0.01824	0.00912	0.00684	0.00684	0.00228	0.00912	0.00608	0.00304	0.00760
37	0.05513	0.01258	0.02130	0.48252	0.08131	0.01450	0.09124	0.01787	0.01424	0.01938	0.01554	0.02587	0.01341	0.00830	0.00719	0.00238	0.00874	0.09710	0.00362	0.00779
38	0.00968	0.00699	0.00914	0.00861	0.01022	0.00646	0.00646	0.01291	0.01937	0.02743	0.71328	0.05110	0.06455	0.01399	0.00807	0.00215	0.00323	0.01237	0.00753	0.00646
39	0.00976	0.00707	0.00860	0.00836	0.01023	0.00632	0.00629	0.01233	0.01757	0.04528	0.41181	0.10817	0.27212	0.01560	0.00813	0.00228	0.00353	0.03316	0.00705	0.00632
40	0.00821	0.00697	0.00710	0.00716	0.00944	0.00586	0.00544	0.01000	0.01560	0.01856	0.06795	0.06631	0.68646	0.01739	0.00814	0.00234	0.00358	0.04134	0.00635	0.00580
41	0.03070	0.01164	0.01588	0.01217	0.01746	0.01006	0.01006	0.03334	0.01958	0.72163	0.02699	0.02329	0.01694	0.00847	0.00688	0.00212	0.00582	0.00688	0.00847	0.01164
42	0.01292	0.01216	0.02052	0.74312	0.04712	0.01520	0.01900	0.01748	0.01368	0.01748	0.01216	0.01824	0.00912	0.00684	0.00684	0.00228	0.00912	0.00608	0.00304	0.00760
43	0.01102	0.00787	0.01102	0.01260	0.01417	0.00787	0.01102	0.01417	0.01575	0.02047	0.03622	0.07717	0.03937	0.01890	0.00945	0.00315	0.00630	0.67084	0.00630	0.00630
44	0.02918	0.01393	0.04571	0.01310	0.01862	0.01225	0.01119	0.14839	0.02157	0.57431	0.02454	0.02172	0.01567	0.00834	0.00686	0.00211	0.00630	0.00668	0.00796	0.01158
45	0.01388	0.06028	0.70059	0.01923	0.02920	0.01627	0.02481	0.02163	0.01443	0.02148	0.01218	0.01433	0.00867	0.00648	0.00643	0.00214	0.01002	0.00501	0.00289	0.01007
46	0.02406	0.01643	0.01793	0.01409	0.01888	0.01786	0.01147	0.48910	0.07848	0.11188	0.01911	0.01977	0.01393	0.03929	0.00784	0.00223	0.00679	0.00653	0.07352	0.01082
47	0.01419	0.01216	0.01419	0.01013	0.01621	0.00912	0.00811	0.01723	0.01419	0.02229	0.01216	0.01419	0.01013	0.00507	0.00507	0.00101	0.00507	0.00405	0.00405	0.80139
48	0.01752	0.58598	0.18352	0.01355	0.02026	0.04486	0.01467	0.02094	0.01418	0.01731	0.01014	0.01176	0.00876	0.00603	0.00489	0.00162	0.00806	0.00398	0.00294	0.00904
49	0.00843	0.00602	0.00805	0.00964	0.01008	0.00564	0.00652	0.00970	0.01320	0.01758	0.03765	0.73003	0.04503	0.02134	0.00876	0.00279	0.00406	0.04353	0.00635	0.00558
50	0.03070	0.01164	0.01588	0.01217	0.01746	0.01006	0.01006	0.03334	0.01958	0.72163	0.02699	0.02329	0.01694	0.00847	0.00688	0.00212	0.00582	0.00688	0.00847	0.01164
51	0.23149	0.01665	0.01698	0.01354	0.01853	0.01847	0.01112	0.40970	0.08477	0.08911	0.01640	0.01634	0.01173	0.00784	0.00617	0.00210	0.00663	0.00570	0.00629	0.01045
52	0.02910	0.06431	0.01798	0.01271	0.01807	0.01299	0.01064	0.13742	0.02119	0.56556	0.02412	0.02135	0.01554	0.00825	0.00670	0.00206	0.00619	0.00655	0.00783	0.01145
53	0.00977	0.00733	0.01100	0.01100	0.01222	0.00855	0.00855	0.01222	0.01100	0.01588	0.01833	0.02688	0.01710	0.05131	0.73245	0.01100	0.01833	0.00733	0.00367	0.00611
54	0.01497	0.01497	0.02095	0.01796	0.01796	0.02095	0.01497	0.01646	0.01048	0.01646	0.00898	0.01497	0.00898	0.01197	0.02245	0.00299	0.74704	0.00599	0.00299	0.00748
55	0.01424	0.01150	0.01640	0.34646	0.05503	0.01340	0.01367	0.09469	0.04982	0.02258	0.01838	0.11151	0.01609	0.00929	0.00724	0.00221	0.03231	0.00789	0.14942	0.00786
56	0.01663	0.01595	0.02722	0.09509	0.66617	0.01618	0.02085	0.02073	0.01543	0.02198	0.01282	0.01703	0.01071	0.00615	0.00678	0.00205	0.00820	0.00609	0.00336	0.01059
57	0.00834	0.00595	0.00794	0.00953	0.00992	0.00556	0.00635	0.00953	0.01310	0.01746	0.03771	0.75510	0.04525	0.02143	0.00873	0.00278	0.00397	0.01945	0.00635	0.00556
58	0.01440	0.03684	0.02394	0.48501	0.24276	0.01596	0.04694	0.01879	0.01435	0.01905	0.01236	0.01764	0.00967	0.00655	0.00680	0.00218	0.00887	0.00609	0.00316	0.00866
59	0.01486	0.06216	0.57738	0.01962	0.02884	0.01633	0.08866	0.02261	0.04129	0.04587	0.01342	0.01542	0.00959	0.00658	0.00660	0.00216	0.00981	0.00546	0.00330	0.01005
60	0.02919	0.01131	0.01539	0.01192	0.01694	0.00980	0.00980	0.03187	0.01957	0.67174	0.07631	0.02529	0.02036	0.00886	0.00697	0.00212	0.00564	0.00727	0.00840	0.01127
61	0.00977	0.00733	0.01100	0.01100	0.01222	0.00855	0.00855	0.01222	0.01100	0.01588	0.01833	0.02688	0.01710	0.05131	0.73245	0.01100	0.01833	0.00733	0.00367	0.00611
62	0.01588	0.33283	0.35014	0.01712	0.02480	0.02081	0.08244	0.02101	0.01424	0.01920	0.01117	0.01341	0.00889	0.00637	0.00637	0.00192	0.03626	0.00480	0.00296	0.00938
63	0.01643	0.01419	0.01491	0.01346	0.01723	0.01628	0.01046	0.03462	0.65941	0.02796	0.03056	0.02817	0.06628	0.00981	0.00703	0.00232	0.00529	0.00817	0.00692	0.01050
64	0.01443	0.14876	0.61697	0.01829	0.02773	0.01763	0.02316	0.02148	0.01436	0.02080	0.01185	0.01390	0.00868	0.00640	0.00617	0.00206	0.00968	0.00484	0.00289	0.00990
65	0.01650	0.47876	0.30511	0.01476	0.02227	0.02270	0.01702	0.02095	0.01411	0.01828	0.01059	0.01233	0.00874	0.00611	0.00522	0.00174	0.00841	0.00420	0.00291	0.00930
66	0.01682	0.01691	0.05166	0.04122	0.69331	0.01624	0.02114	0.02102	0.01554	0.02233	0.01285	0.01685	0.01076	0.00611	0.00676	0.00204	0.00820	0.00606	0.00337	0.01081
67	0.00834	0.00595	0.00794	0.00953	0.00992	0.00556	0.00635	0.00953	0.01310	0.01746	0.03771	0.75510	0.04525	0.02143	0.00873	0.00278	0.00397	0.01945	0.00635	0.00556
68	0.01593	0.01535	0.02653	0.21153	0.52633	0.01604	0.04819	0.02018	0.01514	0.02115	0.01274	0.01731	0.01040	0.00626	0.00684	0.00210	0.00851	0.00617	0.00331	0.00999
69	0.02154	0.33274	0.07028	0.01615	0.04420	0.37304	0.01362	0.02394	0.01669	0.01698	0.01032	0.01207	0.00886	0.00649	0.00548	0.00167	0.00999	0.00420	0.00323	0.00852
70	0.02027	0.01315	0.01692	0.01335	0.04369	0.01151	0.03332	0.08761	0.01747	0.22505	0.01681	0.01729	0.01223	0.00665	0.00653	0.00158	0.03145	0.00535	0.00551	0.41426
71	0.10165	0.33983	0.23060	0.01572	0.02271	0.02115	0.08458	0.07344	0.01547	0.02196	0.01129	0.01318	0.00899	0.00627	0.00555	0.00187	0.00835	0.00471	0.00341	0.00928
72	0.01251	0.00759	0.01002	0.00913	0.01120	0.00692	0.00694	0.01559	0.01918	0.12203	0.59573	0.07198	0.05736	0.01349	0.00793	0.00217	0.00361	0.01187	0.00762	0.00713
73	0.00953	0.00700	0.00888	0.00977	0.01078	0.00675	0.00689	0.03291	0.04331	0.02027	0.13048	0.54148	0.08080	0.01918	0.00850	0.00264	0.00411	0.04401	0.00655	0.00613
74	0.01358	0.01352	0.04544	0.35463	0.21635	0.01412	0.05047	0.01818	0.03416	0.02004	0.05498	0.05354	0.06530	0.00838	0.00711	0.00223	0.00797	0.00768	0.00387	0.00844
75	0.01356	0.01303	0.02308	0.52795	0.04106	0.01506	0.13944	0.01876	0.04817	0.01898	0.03728	0.01985	0.01192	0.00759	0.00779	0.02937	0.00906	0.00673	0.00346	0.00786
76	0.04957	0.07788	0.02137	0.01528	0.02068	0.04589	0.01274	0.59748	0.02966	0.03971	0.01547	0.01569	0.01118	0.00793	0.00655	0.00200	0.00761	0.00583	0.00634	0.01115
77	0.01595	0.02082	0.19885	0.05598	0.38641	0.01630	0.07317	0.02298	0.09883	0.02274	0.01459	0.01752	0.01143	0.00658	0.00683	0.00213	0.00859	0.00619	0.00369	0.01042
78	0.01593	0.21609	0.46241	0.01786	0.02623	0.07594	0.05376	0.02184	0.01479	0.01990	0.01153	0.01361	0.00879	0.00635	0.00602	0.00197	0.00966	0.00480	0.00298	0.00956
79	0.01557	0.04123	0.02308	0.01858	0.01955	0.02087	0.07135	0.04081	0.01183	0.01784	0.00967	0.01517	0.00918	0.01111	0.02008	0.00285	0.63416	0.00609	0.00317	0.00782
80	0.00834	0.00595	0.00794	0.00953	0.00992	0.00556	0.00635	0.00953	0.01310	0.01746	0.03771	0.75510	0.04525	0.02143	0.00873	0.00278	0.00397	0.01945	0.00635	0.00556
81	0.03735	0.00867	0.04621	0.00893	0.01120	0.00707	0.00720	0.01310	0.01686	0.04497	0.35089	0.14611	0.21934	0.01482	0.00780	0.00226	0.00390	0.01281	0.03399	0.00654
82	0.01419	0.01367	0.04397	0.57761	0.06920	0.01532	0.07920	0.01937	0.03783	0.04461	0.01343	0.01853	0.00998	0.00685	0.00694	0.00226	0.00908	0.00631	0.00342	0.00821
83	0.00830	0.00608	0.00780	0.00918	0.00983	0.00559	0.00620	0.00957	0.01343	0.01760	0.04192	0.66326	0.13437	0.02089	0.00865	0.00272	0.00390	0.01878	0.00635	0.00559
84	0.00834	0.00595	0.00794	0.00953	0.00992	0.00556	0.00635	0.00953	0.01310	0.01746	0.03771	0.75510	0.04525	0.02143	0.00873	0.00278	0.00397	0.01945	0.00635	0.00556
85	0.01816	0.74355	0.05488	0.01192	0.01789	0.02676	0.01208	0.02052	0.01392	0.01625	0.00959	0.01107	0.00878	0.00587	0.00445	0.00148	0.00739	0.00370	0.00293	0.00882
86	0.01465	0.07027	0.66102	0.01881	0.02852	0.01620	0.02398	0.02209	0.01463	0.05026	0.01275	0.01464	0.00901	0.00655	0.00641	0.00213	0.00980	0.00506	0.00312	0.01011
87	0.01200	0.00752	0.00983	0.00895	0.01100	0.00684	0.00682	0.01511	0.01925	0.10565	0.61188	0.04850	0.08311	0.01349	0.00794	0.00215	0.00353	0.01183	0.00759	0.00702
88	0.01372	0.03539	0.72412	0.01950	0.02961	0.01589	0.02528	0.02167	0.01444	0.02167	0.01228	0.01444	0.00867	0.00650	0.00650	0.00217	0.01011	0.00506	0.00289	0.01011
89	0.01582	0.04049	0.01708	0.19230	0.05250	0.01501	0.01263	0.05078	0.31637	0.05886	0.07501	0.08261	0.02187	0.00968	0.00705	0.00227	0.00632	0.00830	0.00577	0.00928
90	0.01653	0.01683	0.03165	0.06351	0.46818	0.01656	0.24162	0.02117	0.01570	0.02203	0.01316	0.01748	0.01062	0.00602	0.00720	0.00213	0.00928	0.00675	0.00340	0.01019
91	0.00834	0.00595	0.00794	0.00953	0.00992	0.00556	0.00635	0.00953	0.01310	0.01746	0.03771	0.75510	0.04525	0.02143	0.00873	0.00278	0.00397	0.01945	0.00635	0.00556
92	0.16695	0.02392	0.12895	0.01539	0.02057	0.21870	0.01377	0.23901	0.02092	0.02883	0.01286	0.01423	0.00971	0.00736	0.00644	0.00201	0.02685	0.00504	0.02917	0.00931
93	0.10134	0.13582	0.46594	0.01710	0.02538	0.01703	0.05309	0.02154	0.01448	0.04892	0.03192	0.01515	0.01052	0.00664	0.00608	0.00206	0.00889	0.00513	0.00341	0.00954
94	0.01783	0.01535	0.01607	0.05248	0.01957	0.04634	0.01140	0.05522	0.59911	0.04824	0.02593	0.02425	0.01937	0.00900	0.00692	0.00228	0.00597	0.00744	0.00665	0.01059
95	0.02080	0.01449	0.01684	0.01478	0.05466	0.01504	0.01113	0.22205	0.21044	0.14653	0.02248	0.08459	0.01778	0.00920	0.00682	0.00207	0.00607	0.00761	0.00657	0.11004
96	0.00991	0.00750	0.01114	0.01106	0.01221	0.00881	0.00858	0.01225	0.01095	0.01582	0.01819	0.02713	0.01714	0.07223	0.69297	0.01066	0.03634	0.00738	0.00366	0.00608
97	0.00842	0.00614	0.00793	0.00917	0.00988	0.00566	0.00624	0.00984	0.01389	0.01840	0.09743	0.62314	0.11792	0.02038	0.00861	0.00268	0.00385	0.01833	0.00645	0.00566
98	0.04859	0.01132	0.01477	0.01161	0.01635	0.01014	0.00950	0.06156	0.01974	0.56101	0.09911	0.02773	0.05805	0.00943	0.00699	0.00213	0.00550	0.00772	0.00806	0.01068
99	0.80789	0.01323	0.01006	0.00900	0.01323	0.01535	0.00741	0.02011	0.01164	0.03070	0.00953	0.01111	0.00741	0.00635	0.00423	0.00212	0.00529	0.00370	0.00423	0.00741
100	0.01645	0.16681	0.43284	0.01924	0.05240	0.11600	0.06246	0.02221	0.01517	0.02001	0.01166	0.01386	0.00890	0.00640	0.00618	0.00199	0.00992	0.00494	0.00304	0.00954
101	0.01415	0.08224	0.65037	0.01992	0.05717	0.01664	0.02421	0.02156	0.01446	0.02133	0.01212	0.01432	0.00876	0.00644	0.00637	0.00212	0.00985	0.00501	0.00291	0.01005
102	0.00995	0.00663	0.00746	0.00746	0.00746	0.00663	0.00415	0.00995	0.00995	0.01327	0.02156	0.04477	0.02487	0.75957	0.03482	0.00663	0.00663	0.00995	0.00415	0.00415
103	0.05072	0.01718	0.01751	0.01463	0.01916	0.04618	0.01169	0.30730	0.37425	0.03423	0.02177	0.02072	0.01609	0.00864	0.00678	0.00218	0.00655	0.00680	0.00668	0.01092
104	0.01014	0.00724	0.01001	0.01158	0.01277	0.00711	0.00948	0.01264	0.01487	0.01948	0.03671	0.30110	0.04131	0.01974	0.00921	0.00303	0.00553	0.45567	0.00632	0.00605
105	0.03070	0.01164	0.01588	0.01217	0.01746	0.01006	0.01006	0.03334	0.01958	0.72163	0.02699	0.02329	0.01694	0.00847	0.00688	0.00212	0.00582	0.00688	0.00847	0.01164
106	0.01829	0.76368	0.03585	0.01171	0.01756	0.02707	0.01171	0.02049	0.01390	0.01610	0.00951	0.01097	0.00878	0.00585	0.00439	0.00146	0.00732	0.00366	0.00293	0.00878
107	0.01229	0.00757	0.00998	0.00905	0.01112	0.00690	0.00690	0.01545	0.01939	0.11363	0.62807	0.04765	0.05864	0.01330	0.00792	0.00215	0.00355	0.01169	0.00765	0.00710
108	0.01119	0.00822	0.01099	0.01207	0.01383	0.00828	0.01032	0.01542	0.06390	0.02168	0.10677	0.07048	0.06564	0.01767	0.00908	0.00296	0.00582	0.53258	0.00647	0.00661
109	0.00860	0.00606	0.00786	0.00919	0.00953	0.00573	0.00599	0.00959	0.01259	0.01679	0.03510	0.64034	0.04196	0.14068	0.01295	0.00340	0.00440	0.01791	0.00599	0.00533
110	0.00840	0.00694	0.00736	0.00726	0.00943	0.00591	0.00544	0.01042	0.01633	0.02023	0.19493	0.06297	0.58740	0.01667	0.00808	0.00228	0.00342	0.01404	0.00658	0.00591
111	0.01419	0.01216	0.01419	0.01013	0.01621	0.00912	0.00811	0.01723	0.01419	0.02229	0.01216	0.01419	0.01013	0.00507	0.00507	0.00101	0.00507	0.00405	0.00405	0.80139
112	0.00960	0.00693	0.00907	0.00866	0.01020	0.00640	0.00645	0.01270	0.01897	0.02681	0.67080	0.09537	0.06334	0.01445	0.00811	0.00219	0.00327	0.01282	0.00746	0.00640
113	0.00839	0.00598	0.00792	0.00946	0.00984	0.00559	0.00628	0.00954	0.01299	0.01732	0.03716	0.73101	0.04456	0.04647	0.00962	0.00291	0.00406	0.01913	0.00628	0.00551
114	0.02942	0.01237	0.01620	0.01247	0.01766	0.01125	0.01028	0.11051	0.02106	0.61793	0.04921	0.02343	0.01794	0.00863	0.00692	0.00211	0.00593	0.00698	0.00824	0.01146
115	0.01292	0.01216	0.02052	0.74312	0.04712	0.01520	0.01900	0.01748	0.01368	0.01748	0.01216	0.01824	0.00912	0.00684	0.00684	0.00228	0.00912	0.00608	0.00304	0.00760
116	0.00831	0.00606	0.00783	0.00924	0.00985	0.00558	0.00622	0.00956	0.01337	0.01758	0.04121	0.67877	0.11932	0.02098	0.00866	0.00273	0.00391	0.01889	0.00635	0.00558
117	0.05459	0.01577	0.15093	0.01533	0.08624	0.01202	0.01279	0.11075	0.01943	0.09027	0.31747	0.03146	0.03415	0.01010	0.00718	0.00212	0.00596	0.00857	0.00605	0.00881
118	0.00840	0.00605	0.00796	0.00938	0.00991	0.00561	0.00631	0.00972	0.01352	0.01803	0.07447	0.69218	0.07135	0.02089	0.00867	0.00273	0.00391	0.01889	0.00641	0.00561
119	0.00834	0.00595	0.00794	0.00953	0.00992	0.00556	0.00635	0.00953	0.01310	0.01746	0.03771	0.75510	0.04525	0.02143	0.00873	0.00278	0.00397	0.01945	0.00635	0.00556
120	0.08708	0.34266	0.02694	0.01804	0.12410	0.26051	0.01325	0.02282	0.01580	0.01849	0.01038	0.01234	0.00899	0.00633	0.00533	0.00170	0.00895	0.00428	0.00331	0.00869
121	0.00834	0.00595	0.00794	0.00953	0.00992	0.00556	0.00635	0.00953	0.01310	0.01746	0.03771	0.75510	0.04525	0.02143	0.00873	0.00278	0.00397	0.01945	0.00635	0.00556
122	0.01450	0.03353	0.66074	0.02011	0.04900	0.01572	0.04141	0.02208	0.01471	0.04757	0.01288	0.01494	0.00908	0.00654	0.00656	0.00216	0.00993	0.00523	0.00312	0.01017
123	0.01848	0.40320	0.18753	0.01507	0.02103	0.16464	0.01530	0.02185	0.01489	0.01751	0.01031	0.01230	0.00877	0.00664	0.00642	0.00178	0.05811	0.00428	0.00304	0.00883
124	0.01433	0.06896	0.60685	0.02181	0.11131	0.01648	0.02410	0.02153	0.01455	0.02147	0.01221	0.01457	0.00893	0.00642	0.00643	0.00212	0.00974	0.00511	0.00295	0.01013
125	0.00977	0.00733	0.01100	0.01100	0.01222	0.00855	0.00855	0.01222	0.01100	0.01588	0.01833	0.02688	0.01710	0.05131	0.73245	0.01100	0.01833	0.00733	0.00367	0.00611
126	0.00809	0.00693	0.00693	0.00693	0.00924	0.00578	0.00520	0.00982	0.01559	0.01848	0.06931	0.06584	0.71411	0.01733	0.00809	0.00231	0.00347	0.01444	0.00635	0.00578
127	0.11275	0.05273	0.05521	0.03980	0.02024	0.24263	0.01246	0.19782	0.10675	0.02708	0.01489	0.01645	0.01160	0.02800	0.00692	0.00210	0.00854	0.00547	0.02936	0.00918
128	0.12418	0.01731	0.01676	0.01358	0.01806	0.07463	0.01099	0.41597	0.06136	0.03603	0.04019	0.01815	0.01386	0.00811	0.00626	0.00200	0.00685	0.00602	0.09974	0.00995
129	0.01292	0.01216	0.02052	0.74312	0.04712	0.01520	0.01900	0.01748	0.01368	0.01748	0.01216	0.01824	0.00912	0.00684	0.00684	0.00228	0.00912	0.00608	0.00304	0.00760
130	0.01444	0.01260	0.01583	0.03554	0.09194	0.01006	0.00981	0.01764	0.01432	0.02215	0.01224	0.01460	0.01018	0.00523	0.00530	0.00116	0.00552	0.00433	0.00395	0.69316
131	0.02465	0.03102	0.01984	0.04671	0.05640	0.66930	0.01382	0.02663	0.01898	0.01705	0.01075	0.01279	0.00892	0.00699	0.00622	0.00180	0.01201	0.00455	0.00350	0.00806
132	0.00882	0.00716	0.00791	0.00833	0.01020	0.00645	0.00619	0.01142	0.04987	0.01890	0.05721	0.22915	0.46922	0.01802	0.00828	0.00248	0.00389	0.06411	0.00638	0.00602
133	0.05014	0.01181	0.01585	0.05062	0.01877	0.01076	0.01043	0.05848	0.01932	0.61044	0.02570	0.05053	0.01713	0.00881	0.00687	0.00215	0.00598	0.00720	0.00792	0.01108
134	0.05881	0.17157	0.49866	0.01920	0.08035	0.01802	0.02136	0.02130	0.01427	0.02116	0.01164	0.01379	0.00879	0.00634	0.00599	0.00202	0.00916	0.00480	0.00301	0.00976
135	0.00977	0.00733	0.01100	0.01100	0.01222	0.00855	0.00855	0.01222	0.01100	0.01588	0.01833	0.02688	0.01710	0.05131	0.73245	0.01100	0.01833	0.00733	0.00367	0.00611
136	0.01188	0.00594	0.00891	0.00891	0.00891	0.00594	0.00594	0.00891	0.00891	0.01188	0.01188	0.02080	0.01188	0.02377	0.02674	0.80095	0.00594	0.00594	0.00297	0.00297
137	0.06326	0.01161	0.01278	0.01334	0.07661	0.07008	0.00929	0.04172	0.04267	0.06072	0.22544	0.08738	0.17068	0.01286	0.00807	0.00226	0.03378	0.04385	0.00607	0.00750
138	0.00951	0.00685	0.00896	0.01008	0.01100	0.00657	0.00730	0.03578	0.01481	0.01975	0.09540	0.54554	0.06169	0.01981	0.00870	0.00274	0.00438	0.11868	0.00646	0.00598
139	0.01039	0.00717	0.00942	0.00885	0.01058	0.00662	0.00672	0.01360	0.01925	0.04912	0.66865	0.05111	0.06220	0.01398	0.00808	0.00218	0.00341	0.03453	0.00752	0.00661
140	0.01599	0.01722	0.03507	0.10973	0.20661	0.01681	0.45180	0.02120	0.01574	0.02154	0.01342	0.01805	0.01036	0.00597	0.00762	0.00224	0.01042	0.00736	0.00340	0.00945
141	0.01649	0.01882	0.07084	0.06674	0.08832	0.01727	0.53152	0.06066	0.01682	0.02293	0.01375	0.01801	0.01034	0.00603	0.00776	0.00226	0.01084	0.00755	0.00360	0.00945
142	0.01292	0.01216	0.02052	0.74312	0.04712	0.01520	0.01900	0.01748	0.01368	0.01748	0.01216	0.01824	0.00912	0.00684	0.00684	0.00228	0.00912	0.00608	0.00304	0.00760
143	0.01515	0.01234	0.01443	0.01037	0.01640	0.00950	0.00832	0.03687	0.01490	0.04976	0.01285	0.01460	0.01044	0.00529	0.00519	0.00108	0.00516	0.00422	0.00430	0.74883
144	0.02533	0.01865	0.01996	0.01542	0.02073	0.02066	0.01270	0.65231	0.05525	0.04212	0.01699	0.01699	0.01212	0.00824	0.00679	0.00205	0.00733	0.00622	0.02866	0.01146
145	0.00977	0.00733	0.01100	0.01100	0.01222	0.00855	0.00855	0.01222	0.01100	0.01588	0.01833	0.02688	0.01710	0.05131	0.73245	0.01100	0.01833	0.00733	0.00367	0.00611
146	0.01620	0.01550	0.02631	0.12341	0.61746	0.01582	0.02030	0.02026	0.01536	0.02167	0.01443	0.01852	0.03118	0.00651	0.00682	0.00207	0.00811	0.00634	0.00343	0.01031
147	0.01630	0.01564	0.02691	0.11049	0.60275	0.01590	0.04360	0.02045	0.01541	0.02179	0.01362	0.01916	0.01162	0.00659	0.00692	0.00210	0.00828	0.02871	0.00345	0.01030
148	0.00968	0.00699	0.00914	0.00861	0.01022	0.00646	0.00646	0.01291	0.01937	0.02743	0.71328	0.05110	0.06455	0.01399	0.00807	0.00215	0.00323	0.01237	0.00753	0.00646
149	0.00813	0.00693	0.00700	0.00698	0.00927	0.00580	0.00524	0.00991	0.01571	0.01875	0.08864	0.06540	0.69461	0.01723	0.00809	0.00231	0.00346	0.01438	0.00639	0.00580
150	0.75333	0.01312	0.01046	0.00922	0.01353	0.01498	0.00759	0.02104	0.01220	0.07920	0.01075	0.01197	0.00808	0.00650	0.00442	0.00212	0.00533	0.00393	0.00453	0.00771
151	0.01619	0.01563	0.02367	0.29134	0.37447	0.06214	0.01906	0.04746	0.01583	0.02101	0.01351	0.01940	0.01122	0.00701	0.00686	0.00215	0.00866	0.03154	0.00352	0.00934
152	0.01077	0.00879	0.01290	0.01233	0.01331	0.01092	0.00978	0.01303	0.01090	0.01599	0.01654	0.02460	0.01555	0.04379	0.59675	0.00947	0.15760	0.00707	0.00354	0.00637
153	0.00995	0.00663	0.00746	0.00746	0.00746	0.00663	0.00415	0.00995	0.00995	0.01327	0.02156	0.04477	0.02487	0.75957	0.03482	0.00663	0.00663	0.00995	0.00415	0.00415
154	0.11596	0.28987	0.02417	0.01482	0.04397	0.25156	0.01202	0.06898	0.01657	0.02054	0.01091	0.01279	0.00924	0.00687	0.00617	0.00179	0.04754	0.00439	0.03337	0.00846
155	0.80789	0.01323	0.01006	0.00900	0.01323	0.01535	0.00741	0.02011	0.01164	0.03070	0.00953	0.01111	0.00741	0.00635	0.00423	0.00212	0.00529	0.00370	0.00423	0.00741
156	0.01188	0.00594	0.00891	0.00891	0.00891	0.00594	0.00594	0.00891	0.00891	0.01188	0.01188	0.02080	0.01188	0.02377	0.02674	0.80095	0.00594	0.00594	0.00297	0.00297
157	0.04052	0.01253	0.02074	0.66148	0.09988	0.01529	0.01876	0.01785	0.01376	0.01833	0.01213	0.01789	0.00920	0.00676	0.00675	0.00225	0.00891	0.00600	0.00311	0.00785
158	0.01570	0.01499	0.02554	0.25802	0.51053	0.01593	0.02038	0.01991	0.01499	0.02085	0.01265	0.01734	0.01031	0.00633	0.00679	0.00211	0.00843	0.00609	0.00328	0.00984
159	0.01273	0.01189	0.01963	0.15006	0.04779	0.01430	0.10064	0.01581	0.01218	0.01733	0.01407	0.02085	0.01250	0.02578	0.30144	0.00594	0.19959	0.00681	0.00334	0.00730
160	0.01830	0.01510	0.02522	0.12762	0.53553	0.01527	0.01924	0.02223	0.01588	0.11737	0.01471	0.01797	0.01145	0.00652	0.00680	0.00208	0.00794	0.00620	0.00404	0.01053
161	0.01702	0.01470	0.01547	0.01392	0.01779	0.01702	0.01083	0.03635	0.70453	0.02862	0.02785	0.02553	0.02088	0.00928	0.00696	0.00232	0.00541	0.00773	0.00696	0.01083
162	0.00840	0.00598	0.00792	0.00945	0.00983	0.00560	0.00627	0.00954	0.01298	0.01731	0.03710	0.72846	0.04448	0.04912	0.00971	0.00292	0.00407	0.01909	0.00627	0.00550
163	0.01004	0.00695	0.00864	0.00901	0.01023	0.00652	0.00631	0.01228	0.04312	0.04556	0.18127	0.35336	0.14852	0.07992	0.01127	0.03556	0.00417	0.01489	0.00638	0.00600
