[name]
unknown

[dist]
# distance from previous block
# <min> <max>
0	4

[block]
# block no. 0 follows, 27 sequences, length 8
# corresponding to MSA columns:
# 4-11
name=unknown_A
#
# <colnr> <probs for GDERKNQSTAVLIFYWHMCP>
#	G	D	E	R	K	N	Q	S	T	A	V	L	I	F	Y	W	H	M	C	P
0	0.01196	0.00854	0.01196	0.01367	0.01538	0.00854	0.01196	0.01538	0.01709	0.02222	0.03931	0.08374	0.04272	0.02051	0.01025	0.00342	0.00684	0.64283	0.00684	0.00684
1	0.79154	0.01436	0.01091	0.00976	0.01436	0.01665	0.00804	0.02182	0.01263	0.03331	0.01034	0.01206	0.00804	0.00689	0.00459	0.00230	0.00574	0.00402	0.00459	0.00804
2	0.01752	0.01677	0.02860	0.17728	0.56771	0.01742	0.02236	0.02204	0.01650	0.02322	0.01381	0.01865	0.01140	0.00677	0.00736	0.00226	0.00903	0.00661	0.00360	0.01107
3	0.72864	0.01489	0.01185	0.01037	0.01507	0.01718	0.00854	0.07508	0.01447	0.03442	0.01095	0.01253	0.00842	0.00706	0.00483	0.00229	0.00594	0.00424	0.00483	0.00842
4	0.01463	0.01382	0.02337	0.62607	0.14152	0.01665	0.02092	0.01951	0.01513	0.01971	0.01330	0.01959	0.01016	0.00731	0.00741	0.00244	0.00974	0.00660	0.00335	0.00874
5	0.01626	0.01283	0.01497	0.01157	0.01705	0.01097	0.00916	0.02249	0.12630	0.06542	0.11130	0.02360	0.02160	0.00782	0.00641	0.00158	0.00533	0.00650	0.00573	0.50312
6	0.01596	0.01465	0.02382	0.53392	0.17603	0.01722	0.02055	0.06909	0.01678	0.02213	0.01370	0.01936	0.01047	0.00738	0.00741	0.00240	0.00955	0.00661	0.00369	0.00928
7	0.03166	0.01359	0.01869	0.01634	0.07937	0.01227	0.01217	0.07435	0.02171	0.59721	0.02721	0.02419	0.01743	0.00894	0.00745	0.00228	0.00666	0.00734	0.00859	0.01256

[dist]
# distance from previous block
# <min> <max>
13	21

[block]
# block no. 1 follows, 27 sequences, length 60
# corresponding to MSA columns:
# 33-92
name=unknown_B
#
# <colnr> <probs for GDERKNQSTAVLIFYWHMCP>
#	G	D	E	R	K	N	Q	S	T	A	V	L	I	F	Y	W	H	M	C	P
0	0.01095	0.00826	0.01013	0.01052	0.01228	0.00760	0.00757	0.05084	0.01633	0.02183	0.06543	0.47279	0.13447	0.01963	0.00888	0.00271	0.00466	0.04677	0.00673	0.08161
1	0.05473	0.02753	0.01979	0.01746	0.02127	0.43089	0.01347	0.09675	0.08538	0.05215	0.01505	0.01649	0.01186	0.00852	0.00816	0.00214	0.06806	0.00564	0.03527	0.00938
2	0.00940	0.00755	0.00839	0.00818	0.01041	0.00653	0.00613	0.01187	0.01840	0.02357	0.29717	0.06566	0.46563	0.01749	0.00877	0.00244	0.00367	0.01486	0.00736	0.00653
3	0.01550	0.01377	0.01816	0.01329	0.01962	0.01107	0.07773	0.01986	0.04675	0.02426	0.01531	0.04570	0.01312	0.00651	0.00610	0.00139	0.00620	0.00572	0.00458	0.63536
4	0.02175	0.01577	0.01852	0.01422	0.01986	0.01524	0.02993	0.28615	0.02389	0.09609	0.01949	0.09105	0.01627	0.00909	0.00698	0.00191	0.00675	0.00746	0.00633	0.29326
5	0.55890	0.01383	0.01285	0.01082	0.01577	0.01489	0.00892	0.02623	0.01528	0.23723	0.01615	0.01611	0.01121	0.00760	0.00548	0.00230	0.00592	0.00508	0.00600	0.00945
6	0.01539	0.01319	0.01539	0.01100	0.01759	0.00990	0.00880	0.01869	0.01539	0.02419	0.01319	0.01539	0.01100	0.00550	0.00550	0.00110	0.00550	0.00440	0.00440	0.78449
7	0.01051	0.00759	0.00992	0.00934	0.01109	0.00700	0.00700	0.01401	0.02101	0.02977	0.68888	0.05545	0.07005	0.01518	0.00876	0.00233	0.00350	0.01343	0.00817	0.00700
8	0.01064	0.00782	0.01124	0.01124	0.01233	0.00890	0.00842	0.01281	0.01173	0.01672	0.02052	0.03266	0.02008	0.17863	0.58880	0.01108	0.01760	0.00847	0.00407	0.00625
9	0.01153	0.00879	0.01256	0.01227	0.01365	0.01044	0.00961	0.01493	0.04036	0.01851	0.01990	0.02812	0.01816	0.04789	0.58909	0.01030	0.06658	0.00781	0.05252	0.00697
10	0.01539	0.01319	0.01539	0.01100	0.01759	0.00990	0.00880	0.01869	0.01539	0.02419	0.01319	0.01539	0.01100	0.00550	0.00550	0.00110	0.00550	0.00440	0.00440	0.78449
11	0.02076	0.01709	0.01808	0.01557	0.02018	0.01954	0.01231	0.18739	0.52770	0.03476	0.02730	0.02537	0.02030	0.00980	0.00752	0.00245	0.00642	0.00799	0.00752	0.01196
12	0.01499	0.03767	0.67447	0.02156	0.03240	0.01730	0.05287	0.02352	0.01575	0.02352	0.01339	0.01585	0.00948	0.00702	0.00712	0.00236	0.01103	0.00562	0.00316	0.01093
13	0.01778	0.44917	0.31516	0.01623	0.02451	0.02431	0.01885	0.02276	0.01533	0.01999	0.01157	0.01348	0.00948	0.00664	0.00572	0.00191	0.00920	0.00460	0.00316	0.01013
14	0.01489	0.03840	0.70064	0.02116	0.03213	0.01724	0.02743	0.02351	0.01567	0.02351	0.01332	0.01567	0.00940	0.00705	0.00705	0.00235	0.01097	0.00549	0.00313	0.01097
15	0.01080	0.00720	0.00810	0.00810	0.00810	0.00720	0.00450	0.01080	0.01080	0.01439	0.02339	0.04858	0.02699	0.73910	0.03779	0.00720	0.00720	0.01080	0.00450	0.00450
16	0.01714	0.01638	0.02790	0.23751	0.51052	0.01731	0.02217	0.02170	0.01632	0.02275	0.01375	0.01878	0.01123	0.00684	0.00737	0.00228	0.00913	0.00661	0.00357	0.01076
17	0.02034	0.69938	0.03779	0.01310	0.01930	0.07180	0.01280	0.02269	0.01546	0.01751	0.01039	0.01200	0.00953	0.00643	0.00488	0.00161	0.00828	0.00402	0.00322	0.00947
18	0.01539	0.01319	0.01539	0.01100	0.01759	0.00990	0.00880	0.01869	0.01539	0.02419	0.01319	0.01539	0.01100	0.00550	0.00550	0.00110	0.00550	0.00440	0.00440	0.78449
19	0.00904	0.00646	0.00861	0.01034	0.01077	0.00603	0.00689	0.01034	0.01421	0.01895	0.04092	0.73426	0.04910	0.02326	0.00948	0.00301	0.00431	0.02110	0.00689	0.00603
20	0.04973	0.08563	0.56676	0.01940	0.02934	0.01755	0.02417	0.02441	0.01597	0.08005	0.01432	0.01606	0.01011	0.00718	0.00682	0.00229	0.01014	0.00548	0.00371	0.01088
21	0.01065	0.00776	0.01094	0.01094	0.01193	0.00874	0.00805	0.01262	0.01164	0.01650	0.02079	0.03417	0.02073	0.23194	0.53639	0.01071	0.01661	0.00869	0.00411	0.00608
22	0.00877	0.00752	0.00752	0.00752	0.01003	0.00627	0.00564	0.01065	0.01692	0.02005	0.07520	0.07144	0.68978	0.01880	0.00877	0.00251	0.00376	0.01567	0.00689	0.00627
23	0.01213	0.05464	0.01425	0.01226	0.01380	0.01173	0.00981	0.01474	0.01245	0.01841	0.01866	0.02655	0.01710	0.04307	0.51809	0.00928	0.09306	0.00744	0.08554	0.00700
24	0.01821	0.01747	0.02983	0.07129	0.66837	0.01760	0.02270	0.02264	0.01683	0.02405	0.01393	0.01843	0.01169	0.00665	0.00735	0.00222	0.00886	0.00661	0.00366	0.01163
25	0.00877	0.00752	0.00752	0.00752	0.01003	0.00627	0.00564	0.01065	0.01692	0.02005	0.07520	0.07144	0.68978	0.01880	0.00877	0.00251	0.00376	0.01567	0.00689	0.00627
26	0.01479	0.01398	0.02365	0.60197	0.16441	0.01670	0.02100	0.01964	0.01521	0.01990	0.01333	0.01954	0.01022	0.00728	0.00741	0.00243	0.00971	0.00660	0.00337	0.00887
27	0.01638	0.01399	0.04378	0.01150	0.01804	0.01016	0.00964	0.01988	0.01601	0.06939	0.04023	0.01760	0.01369	0.00618	0.00582	0.00128	0.00570	0.00500	0.00481	0.67091
28	0.01512	0.07151	0.66957	0.02076	0.03152	0.01781	0.02674	0.02345	0.01565	0.02323	0.01318	0.01550	0.00941	0.00702	0.00695	0.00232	0.01083	0.00541	0.00314	0.01090
29	0.03331	0.01263	0.01723	0.01321	0.01895	0.01091	0.01091	0.03618	0.02125	0.69794	0.02929	0.02527	0.01838	0.00919	0.00747	0.00230	0.00632	0.00747	0.00919	0.01263
30	0.01489	0.03840	0.70064	0.02116	0.03213	0.01724	0.02743	0.02351	0.01567	0.02351	0.01332	0.01567	0.00940	0.00705	0.00705	0.00235	0.01097	0.00549	0.00313	0.01097
31	0.01616	0.01329	0.01786	0.06816	0.13721	0.01180	0.01209	0.04666	0.01741	0.05063	0.10894	0.04388	0.02075	0.00799	0.00669	0.00171	0.00622	0.00691	0.00510	0.40053
32	0.01062	0.00789	0.01160	0.01160	0.01281	0.00910	0.00887	0.01304	0.01183	0.01699	0.02019	0.03084	0.01929	0.11460	0.65175	0.01152	0.01879	0.00820	0.00402	0.00644
33	0.79154	0.01436	0.01091	0.00976	0.01436	0.01665	0.00804	0.02182	0.01263	0.03331	0.01034	0.01206	0.00804	0.00689	0.00459	0.00230	0.00574	0.00402	0.00459	0.00804
34	0.00888	0.00752	0.00767	0.00763	0.01009	0.00631	0.00573	0.01086	0.01718	0.02066	0.11350	0.07045	0.65111	0.01857	0.00877	0.00250	0.00374	0.01553	0.00697	0.00631
35	0.01384	0.00692	0.00692	0.00692	0.00865	0.00692	0.00519	0.01730	0.01557	0.02768	0.02422	0.02768	0.01903	0.00865	0.00519	0.00173	0.00346	0.00692	0.78031	0.00692
36	0.01744	0.01669	0.02845	0.18991	0.55572	0.01739	0.02232	0.02197	0.01646	0.02312	0.01380	0.01868	0.01136	0.00679	0.00736	0.00226	0.00905	0.00661	0.00359	0.01101
37	0.00877	0.00752	0.00752	0.00752	0.01003	0.00627	0.00564	0.01065	0.01692	0.02005	0.07520	0.07144	0.68978	0.01880	0.00877	0.00251	0.00376	0.01567	0.00689	0.00627
38	0.01038	0.00758	0.00974	0.00920	0.01101	0.00695	0.00690	0.01376	0.02071	0.02905	0.64318	0.05664	0.11620	0.01545	0.00876	0.00235	0.00352	0.01359	0.00808	0.00695
39	0.01539	0.01319	0.01539	0.01100	0.01759	0.00990	0.00880	0.01869	0.01539	0.02419	0.01319	0.01539	0.01100	0.00550	0.00550	0.00110	0.00550	0.00440	0.00440	0.78449
40	0.01539	0.01319	0.01539	0.01100	0.01759	0.00990	0.00880	0.01869	0.01539	0.02419	0.01319	0.01539	0.01100	0.00550	0.00550	0.00110	0.00550	0.00440	0.00440	0.78449
41	0.02091	0.02043	0.10364	0.03549	0.45336	0.04215	0.02086	0.09171	0.01924	0.09717	0.01582	0.01856	0.01220	0.00721	0.00731	0.00222	0.00890	0.00652	0.00459	0.01174
42	0.02675	0.02465	0.02087	0.01722	0.02217	0.24557	0.01367	0.38604	0.08115	0.03551	0.01698	0.01753	0.01266	0.00858	0.00712	0.00213	0.00951	0.00621	0.03463	0.01104
43	0.01289	0.00645	0.00967	0.00967	0.00967	0.00645	0.00645	0.00967	0.00967	0.01289	0.01289	0.02257	0.01289	0.02579	0.02901	0.78401	0.00645	0.00645	0.00322	0.00322
44	0.01994	0.01937	0.02875	0.04109	0.58358	0.07554	0.02139	0.07495	0.01869	0.02555	0.01407	0.01792	0.01165	0.00688	0.00730	0.00218	0.00915	0.00647	0.00399	0.01157
45	0.01539	0.01319	0.01539	0.01100	0.01759	0.00990	0.00880	0.01869	0.01539	0.02419	0.01319	0.01539	0.01100	0.00550	0.00550	0.00110	0.00550	0.00440	0.00440	0.78449
46	0.01539	0.01319	0.01539	0.01100	0.01759	0.00990	0.00880	0.01869	0.01539	0.02419	0.01319	0.01539	0.01100	0.00550	0.00550	0.00110	0.00550	0.00440	0.00440	0.78449
47	0.01078	0.00724	0.00834	0.00834	0.00842	0.00733	0.00480	0.01095	0.01087	0.01457	0.02317	0.04736	0.02646	0.69625	0.07991	0.00749	0.00799	0.01062	0.00447	0.00463
48	0.19484	0.01313	0.01577	0.01247	0.01780	0.01249	0.01026	0.05895	0.01997	0.49909	0.05296	0.02341	0.01813	0.00894	0.00690	0.00230	0.00615	0.00695	0.00808	0.01141
49	0.00904	0.00646	0.00861	0.01034	0.01077	0.00603	0.00689	0.01034	0.01421	0.01895	0.04092	0.73426	0.04910	0.02326	0.00948	0.00301	0.00431	0.02110	0.00689	0.00603
50	0.02140	0.57488	0.03497	0.01514	0.04305	0.16693	0.01338	0.02375	0.01635	0.01784	0.01068	0.01243	0.00961	0.00662	0.00524	0.00167	0.00907	0.00423	0.00332	0.00942
51	0.00942	0.00661	0.00874	0.01030	0.01089	0.00621	0.00705	0.01098	0.01467	0.01988	0.06654	0.65066	0.04848	0.02223	0.00931	0.00295	0.00435	0.04683	0.03776	0.00614
52	0.04582	0.35483	0.19856	0.01606	0.02284	0.14060	0.01651	0.02454	0.01644	0.06209	0.01243	0.01407	0.01001	0.00715	0.00643	0.00195	0.03136	0.00478	0.00370	0.00983
53	0.07402	0.01964	0.02156	0.01957	0.09943	0.04931	0.01431	0.42413	0.09518	0.08051	0.01860	0.01880	0.01348	0.00860	0.00723	0.00225	0.00796	0.00665	0.00679	0.01198
54	0.01074	0.00727	0.00842	0.00832	0.00863	0.00716	0.00494	0.01136	0.01260	0.01711	0.14088	0.04979	0.03459	0.61130	0.03266	0.00634	0.00654	0.01126	0.00515	0.00494
55	0.01928	0.01647	0.01991	0.05090	0.13990	0.01844	0.01439	0.11691	0.42367	0.03105	0.02535	0.02662	0.01967	0.00961	0.00760	0.00246	0.00690	0.03269	0.00664	0.01152
56	0.01080	0.00720	0.00810	0.00810	0.00810	0.00720	0.00450	0.01080	0.01080	0.01439	0.02339	0.04858	0.02699	0.73910	0.03779	0.00720	0.00720	0.01080	0.00450	0.00450
57	0.01539	0.01319	0.01539	0.01100	0.01759	0.00990	0.00880	0.01869	0.01539	0.02419	0.01319	0.01539	0.01100	0.00550	0.00550	0.00110	0.00550	0.00440	0.00440	0.78449
58	0.02036	0.01723	0.01807	0.01635	0.02062	0.01935	0.01251	0.04006	0.65798	0.03252	0.03167	0.03012	0.02420	0.01134	0.00839	0.00288	0.00657	0.00896	0.00814	0.01267
59	0.02027	0.01887	0.03096	0.04577	0.67118	0.01856	0.02317	0.02396	0.01806	0.02595	0.01597	0.02112	0.01367	0.00800	0.00819	0.00258	0.00941	0.00724	0.00439	0.01268

[dist]
# distance from previous block
# <min> <max>
0	4

[block]
# block no. 2 follows, 27 sequences, length 31
# corresponding to MSA columns:
# 97-127
name=unknown_C
#
# <colnr> <probs for GDERKNQSTAVLIFYWHMCP>
#	G	D	E	R	K	N	Q	S	T	A	V	L	I	F	Y	W	H	M	C	P
0	0.01839	0.01763	0.02391	0.02068	0.02092	0.02355	0.01690	0.01933	0.01283	0.01995	0.01209	0.01931	0.01190	0.01427	0.02465	0.00362	0.69961	0.00718	0.00404	0.00926
1	0.01884	0.01936	0.03759	0.20393	0.10387	0.01906	0.42265	0.02374	0.01803	0.02450	0.01662	0.02274	0.01307	0.00810	0.00916	0.00286	0.01203	0.00862	0.00441	0.01080
2	0.00904	0.00646	0.00861	0.01034	0.01077	0.00603	0.00689	0.01034	0.01421	0.01895	0.04092	0.73426	0.04910	0.02326	0.00948	0.00301	0.00431	0.02110	0.00689	0.00603
3	0.01752	0.02003	0.04380	0.03129	0.03880	0.01877	0.66583	0.02378	0.01752	0.02378	0.01502	0.02003	0.01126	0.00626	0.00876	0.00250	0.01252	0.00876	0.00375	0.01001
4	0.02510	0.01106	0.01451	0.01176	0.01581	0.00997	0.00922	0.04917	0.01993	0.43657	0.15200	0.03457	0.02933	0.13166	0.01275	0.00312	0.00600	0.00911	0.00816	0.01022
5	0.01402	0.01319	0.02227	0.72126	0.05113	0.01649	0.02062	0.01897	0.01484	0.01897	0.01319	0.01979	0.00990	0.00742	0.00742	0.00247	0.00990	0.00660	0.00330	0.00825
6	0.01663	0.01258	0.01454	0.01078	0.01657	0.01011	0.00861	0.04928	0.01661	0.05887	0.01585	0.01783	0.01263	0.00631	0.00564	0.00130	0.00536	0.00503	0.12068	0.59481
7	0.03226	0.01301	0.01736	0.01327	0.01906	0.01139	0.01095	0.06279	0.02157	0.63850	0.02805	0.02449	0.01779	0.00901	0.00737	0.00224	0.00636	0.00729	0.00889	0.04835
8	0.02918	0.01762	0.02019	0.01543	0.02134	0.01821	0.01273	0.41883	0.02920	0.26346	0.02139	0.02017	0.01446	0.00881	0.00733	0.00219	0.00739	0.00681	0.00784	0.05743
9	0.01484	0.00789	0.00799	0.00763	0.00965	0.00805	0.00581	0.06280	0.01692	0.02901	0.02377	0.02699	0.01858	0.00867	0.00535	0.00176	0.00379	0.00690	0.72627	0.00732
10	0.02152	0.59306	0.03510	0.01407	0.01988	0.17387	0.01305	0.02381	0.01635	0.01762	0.01057	0.01222	0.00953	0.00663	0.00517	0.00166	0.00910	0.00414	0.00331	0.00933
11	0.02482	0.01861	0.02026	0.01560	0.02134	0.01969	0.01274	0.51381	0.03022	0.04113	0.01832	0.05860	0.01443	0.00913	0.00720	0.00207	0.00747	0.00710	0.00685	0.15060
12	0.01801	0.01982	0.10061	0.04300	0.62335	0.01760	0.02327	0.02286	0.01677	0.02418	0.01390	0.01809	0.01151	0.00666	0.00732	0.00222	0.00905	0.00650	0.00362	0.01168
13	0.01846	0.01595	0.01679	0.01511	0.01930	0.01846	0.01175	0.03945	0.67938	0.03105	0.03022	0.02770	0.02266	0.01007	0.00755	0.00252	0.00588	0.00839	0.00755	0.01175
14	0.01080	0.00720	0.00810	0.00810	0.00810	0.00720	0.00450	0.01080	0.01080	0.01439	0.02339	0.04858	0.02699	0.73910	0.03779	0.00720	0.00720	0.01080	0.00450	0.00450
15	0.01595	0.12498	0.46589	0.06300	0.06103	0.01897	0.10336	0.02308	0.01583	0.02253	0.01316	0.01608	0.00978	0.00687	0.00700	0.00227	0.01061	0.00581	0.00325	0.01054
16	0.00904	0.00646	0.00861	0.01034	0.01077	0.00603	0.00689	0.01034	0.01421	0.01895	0.04092	0.73426	0.04910	0.02326	0.00948	0.00301	0.00431	0.02110	0.00689	0.00603
17	0.01517	0.07776	0.66370	0.02069	0.03140	0.01792	0.02661	0.02344	0.01564	0.02317	0.01315	0.01546	0.00941	0.00701	0.00693	0.00231	0.01080	0.00540	0.00314	0.01089
18	0.01061	0.00795	0.01193	0.01193	0.01326	0.00928	0.00928	0.01326	0.01193	0.01723	0.01988	0.02916	0.01856	0.05568	0.70968	0.01193	0.01988	0.00795	0.00398	0.00663
19	0.07061	0.02791	0.02085	0.03779	0.04403	0.40728	0.01419	0.21383	0.02400	0.02755	0.01364	0.01543	0.01073	0.00944	0.02881	0.00236	0.01139	0.00550	0.00490	0.00977
20	0.01373	0.01280	0.02147	0.68000	0.04879	0.01589	0.01982	0.01847	0.01481	0.01897	0.01480	0.06126	0.01217	0.00834	0.00754	0.00251	0.00957	0.00744	0.00351	0.00812
21	0.01080	0.00720	0.00810	0.00810	0.00810	0.00720	0.00450	0.01080	0.01080	0.01439	0.02339	0.04858	0.02699	0.73910	0.03779	0.00720	0.00720	0.01080	0.00450	0.00450
22	0.00918	0.00657	0.00874	0.01024	0.01080	0.00612	0.00690	0.01068	0.01485	0.01996	0.10157	0.67071	0.05106	0.02250	0.00941	0.00295	0.00423	0.02039	0.00701	0.00612
23	0.01592	0.09338	0.52699	0.02477	0.14791	0.01832	0.02538	0.02327	0.01584	0.02314	0.01319	0.01584	0.00983	0.00692	0.00692	0.00226	0.01034	0.00556	0.00323	0.01099
24	0.13701	0.28421	0.25920	0.01576	0.02310	0.04617	0.01718	0.04391	0.01593	0.05533	0.01252	0.01424	0.00979	0.00715	0.00642	0.00208	0.03136	0.00486	0.00382	0.00997
25	0.01689	0.01664	0.02369	0.01992	0.02056	0.02257	0.04619	0.05010	0.01281	0.01956	0.01039	0.01649	0.00996	0.01248	0.02281	0.00316	0.65726	0.00661	0.00348	0.00843
26	0.05225	0.00848	0.00895	0.00870	0.01064	0.00870	0.00645	0.07362	0.01694	0.02766	0.05634	0.14578	0.02565	0.04608	0.00779	0.00230	0.00431	0.00960	0.47254	0.00722
27	0.69170	0.01520	0.01240	0.01072	0.01549	0.01749	0.00883	0.10635	0.01555	0.03507	0.01132	0.01281	0.00864	0.00716	0.00496	0.00229	0.00606	0.00437	0.00496	0.00864
28	0.05480	0.01701	0.02790	0.10279	0.57215	0.01753	0.02138	0.02316	0.04705	0.02453	0.01447	0.01863	0.01192	0.00686	0.00723	0.00225	0.00863	0.00657	0.00386	0.01127
29	0.01803	0.01729	0.02952	0.09860	0.64243	0.01755	0.02261	0.02248	0.01674	0.02384	0.01390	0.01848	0.01161	0.00668	0.00736	0.00223	0.00890	0.00661	0.00365	0.01148
30	0.01805	0.01046	0.01367	0.01375	0.04705	0.01009	0.00981	0.10256	0.01888	0.18918	0.03372	0.40298	0.03478	0.01703	0.00865	0.00272	0.00563	0.04480	0.00737	0.00881

[dist]
# distance from previous block
# <min> <max>
1	3

[block]
# block no. 3 follows, 27 sequences, length 42
# corresponding to MSA columns:
# 131-172
name=unknown_D
#
# <colnr> <probs for GDERKNQSTAVLIFYWHMCP>
#	G	D	E	R	K	N	Q	S	T	A	V	L	I	F	Y	W	H	M	C	P
0	0.01884	0.01706	0.02890	0.09176	0.61232	0.01721	0.02201	0.02321	0.01698	0.05888	0.01471	0.01883	0.01197	0.00681	0.00736	0.00223	0.00877	0.00666	0.00393	0.01156
1	0.01567	0.01487	0.02524	0.46580	0.29373	0.01693	0.02144	0.02041	0.01562	0.02097	0.01349	0.01926	0.01060	0.00712	0.00739	0.00237	0.00949	0.00660	0.00344	0.00957
2	0.01026	0.00754	0.00960	0.00917	0.01096	0.00688	0.00685	0.01349	0.02029	0.02826	0.59492	0.08373	0.13858	0.01590	0.00879	0.00238	0.00356	0.01398	0.00798	0.00688
3	0.01032	0.00757	0.00958	0.00909	0.01087	0.00693	0.00676	0.01351	0.02019	0.02813	0.59559	0.05705	0.13949	0.04066	0.00976	0.00252	0.00366	0.01359	0.00790	0.00683
4	0.01080	0.00720	0.00810	0.00810	0.00810	0.00720	0.00450	0.01080	0.01080	0.01439	0.02339	0.04858	0.02699	0.73910	0.03779	0.00720	0.00720	0.01080	0.00450	0.00450
5	0.01489	0.03840	0.70064	0.02116	0.03213	0.01724	0.02743	0.02351	0.01567	0.02351	0.01332	0.01567	0.00940	0.00705	0.00705	0.00235	0.01097	0.00549	0.00313	0.01097
6	0.79154	0.01436	0.01091	0.00976	0.01436	0.01665	0.00804	0.02182	0.01263	0.03331	0.01034	0.01206	0.00804	0.00689	0.00459	0.00230	0.00574	0.00402	0.00459	0.00804
7	0.01779	0.11616	0.51556	0.02023	0.05588	0.01791	0.02357	0.02484	0.01632	0.10299	0.01490	0.01649	0.01058	0.00721	0.00685	0.00225	0.00998	0.00559	0.00388	0.01103
8	0.01660	0.28211	0.47194	0.01824	0.02761	0.02143	0.02234	0.02307	0.01547	0.02142	0.01228	0.01437	0.00945	0.00681	0.00626	0.00209	0.00992	0.00496	0.00315	0.01047
9	0.00904	0.00646	0.00861	0.01034	0.01077	0.00603	0.00689	0.01034	0.01421	0.01895	0.04092	0.73426	0.04910	0.02326	0.00948	0.00301	0.00431	0.02110	0.00689	0.00603
10	0.02025	0.70709	0.03798	0.01303	0.01925	0.06440	0.01279	0.02261	0.01539	0.01750	0.01038	0.01198	0.00953	0.00642	0.00486	0.00160	0.00822	0.00401	0.00321	0.00948
11	0.00904	0.00646	0.00861	0.01034	0.01077	0.00603	0.00689	0.01034	0.01421	0.01895	0.04092	0.73426	0.04910	0.02326	0.00948	0.00301	0.00431	0.02110	0.00689	0.00603
12	0.01384	0.00692	0.00692	0.00692	0.00865	0.00692	0.00519	0.01730	0.01557	0.02768	0.02422	0.02768	0.01903	0.00865	0.00519	0.00173	0.00346	0.00692	0.78031	0.00692
13	0.01797	0.01723	0.02941	0.10781	0.63368	0.01753	0.02258	0.02243	0.01671	0.02377	0.01389	0.01850	0.01159	0.00669	0.00736	0.00223	0.00892	0.00661	0.00364	0.01144
14	0.00904	0.00646	0.00861	0.01034	0.01077	0.00603	0.00689	0.01034	0.01421	0.01895	0.04092	0.73426	0.04910	0.02326	0.00948	0.00301	0.00431	0.02110	0.00689	0.00603
15	0.01078	0.00725	0.00838	0.00838	0.00847	0.00735	0.00485	0.01097	0.01088	0.01460	0.02314	0.04717	0.02638	0.68951	0.08654	0.00754	0.00812	0.01059	0.00446	0.00465
16	0.02773	0.03538	0.02104	0.01913	0.02295	0.70930	0.01434	0.02964	0.02104	0.01817	0.01148	0.01339	0.00956	0.00765	0.00669	0.00191	0.01339	0.00478	0.00383	0.00861
17	0.06220	0.01273	0.01657	0.01290	0.01819	0.01150	0.01049	0.06630	0.02084	0.58780	0.02750	0.02604	0.01829	0.06205	0.00955	0.00265	0.00645	0.00753	0.00857	0.01186
18	0.01539	0.00867	0.01149	0.01017	0.01277	0.00784	0.00784	0.01876	0.02106	0.17292	0.54756	0.04899	0.05898	0.01389	0.00848	0.00233	0.00411	0.01215	0.00839	0.00821
19	0.01808	0.01734	0.02960	0.09152	0.64916	0.01756	0.02264	0.02252	0.01676	0.02389	0.01391	0.01847	0.01163	0.00667	0.00735	0.00222	0.00889	0.00661	0.00365	0.01152
20	0.01402	0.01319	0.02227	0.72126	0.05113	0.01649	0.02062	0.01897	0.01484	0.01897	0.01319	0.01979	0.00990	0.00742	0.00742	0.00247	0.00990	0.00660	0.00330	0.00825
21	0.01078	0.00735	0.00909	0.00918	0.00963	0.00768	0.00592	0.01170	0.01147	0.01594	0.02340	0.07787	0.02556	0.49022	0.21309	0.00801	0.01025	0.01041	0.03721	0.00524
22	0.79154	0.01436	0.01091	0.00976	0.01436	0.01665	0.00804	0.02182	0.01263	0.03331	0.01034	0.01206	0.00804	0.00689	0.00459	0.00230	0.00574	0.00402	0.00459	0.00804
23	0.79154	0.01436	0.01091	0.00976	0.01436	0.01665	0.00804	0.02182	0.01263	0.03331	0.01034	0.01206	0.00804	0.00689	0.00459	0.00230	0.00574	0.00402	0.00459	0.00804
24	0.01061	0.00792	0.01177	0.01177	0.01304	0.00919	0.00908	0.01315	0.01188	0.01711	0.02003	0.02998	0.01891	0.08450	0.68134	0.01173	0.01935	0.00807	0.00400	0.00654
25	0.01966	0.65107	0.10135	0.01374	0.02044	0.05248	0.01416	0.02262	0.01535	0.01807	0.01065	0.01232	0.00952	0.00646	0.00505	0.00167	0.00842	0.00414	0.00319	0.00963
26	0.01894	0.01886	0.02915	0.06764	0.61786	0.07131	0.02205	0.02318	0.01715	0.02359	0.01374	0.01804	0.01152	0.00672	0.00730	0.00219	0.00921	0.00647	0.00367	0.01139
27	0.01051	0.00759	0.00992	0.00934	0.01109	0.00700	0.00700	0.01401	0.02101	0.02977	0.68888	0.05545	0.07005	0.01518	0.00876	0.00233	0.00350	0.01343	0.00817	0.00700
28	0.01243	0.00803	0.01046	0.00960	0.01173	0.00731	0.00729	0.01580	0.02085	0.08790	0.60333	0.05353	0.09352	0.01482	0.00864	0.00234	0.00376	0.01300	0.00820	0.00746
29	0.01853	0.09475	0.03106	0.04208	0.62123	0.01889	0.02171	0.02272	0.01671	0.02353	0.01358	0.01769	0.01152	0.00659	0.00707	0.00214	0.00873	0.00633	0.00362	0.01152
30	0.27849	0.09117	0.40976	0.01657	0.02498	0.01809	0.01959	0.02283	0.01459	0.02631	0.01205	0.01412	0.00895	0.00694	0.00602	0.00227	0.00894	0.00486	0.00363	0.00985
31	0.01837	0.01764	0.03013	0.04557	0.69279	0.01764	0.02278	0.02278	0.01690	0.02425	0.01396	0.01837	0.01176	0.00661	0.00735	0.00220	0.00882	0.00661	0.00367	0.01176
32	0.01803	0.01729	0.02952	0.09833	0.64269	0.01755	0.02261	0.02249	0.01674	0.02384	0.01390	0.01848	0.01161	0.00668	0.00736	0.00223	0.00890	0.00661	0.00365	0.01148
33	0.01289	0.00645	0.00967	0.00967	0.00967	0.00645	0.00645	0.00967	0.00967	0.01289	0.01289	0.02257	0.01289	0.02579	0.02901	0.78401	0.00645	0.00645	0.00322	0.00322
34	0.73089	0.01424	0.01162	0.03968	0.01607	0.01643	0.00867	0.02223	0.01305	0.05733	0.01116	0.01287	0.00850	0.00700	0.00482	0.00230	0.00594	0.00426	0.00471	0.00822
35	0.01585	0.17543	0.57205	0.01952	0.02959	0.01960	0.02457	0.02326	0.01556	0.02234	0.01274	0.01494	0.00943	0.00692	0.00661	0.00220	0.01038	0.00519	0.00314	0.01069
36	0.01051	0.00759	0.00992	0.00934	0.01109	0.00700	0.00700	0.01401	0.02101	0.02977	0.68888	0.05545	0.07005	0.01518	0.00876	0.00233	0.00350	0.01343	0.00817	0.00700
37	0.01653	0.01012	0.01215	0.01080	0.01283	0.01044	0.00775	0.11506	0.01660	0.11191	0.04585	0.03685	0.02338	0.35860	0.14245	0.00621	0.00913	0.00917	0.03677	0.00737
38	0.01507	0.01454	0.02624	0.48674	0.12168	0.01650	0.13119	0.01976	0.01528	0.02010	0.01358	0.01981	0.01050	0.00808	0.00877	0.04305	0.01004	0.00696	0.00342	0.00870
39	0.01080	0.00720	0.00810	0.00810	0.00810	0.00720	0.00450	0.01080	0.01080	0.01439	0.02339	0.04858	0.02699	0.73910	0.03779	0.00720	0.00720	0.01080	0.00450	0.00450
40	0.01076	0.00775	0.01027	0.01009	0.01183	0.00727	0.00786	0.01425	0.02034	0.02847	0.57707	0.06032	0.06534	0.01609	0.00901	0.00252	0.00408	0.12176	0.00794	0.00698
41	0.01662	0.01452	0.02180	0.51535	0.06857	0.01732	0.01866	0.13135	0.04618	0.02447	0.01585	0.04843	0.01255	0.00839	0.00751	0.00244	0.00916	0.00727	0.00435	0.00920

[dist]
# distance from previous block
# <min> <max>
0	2

[block]
# block no. 4 follows, 27 sequences, length 28
# corresponding to MSA columns:
# 175-202
name=unknown_E
#
# <colnr> <probs for GDERKNQSTAVLIFYWHMCP>
#	G	D	E	R	K	N	Q	S	T	A	V	L	I	F	Y	W	H	M	C	P
0	0.02330	0.01754	0.01932	0.01482	0.02048	0.01804	0.01204	0.43516	0.02763	0.03802	0.01714	0.04287	0.01348	0.00923	0.00793	0.03676	0.00721	0.00655	0.00638	0.22609
1	0.35955	0.01530	0.01495	0.05478	0.01894	0.04890	0.01053	0.10641	0.05634	0.15808	0.07333	0.02034	0.01680	0.00853	0.00628	0.00230	0.00659	0.00624	0.00617	0.00965
2	0.25833	0.01866	0.12902	0.18814	0.15199	0.01686	0.01721	0.06007	0.01614	0.02729	0.04196	0.01788	0.01235	0.00747	0.00652	0.00233	0.00819	0.00592	0.00420	0.00948
3	0.01837	0.01764	0.03013	0.04557	0.69279	0.01764	0.02278	0.02278	0.01690	0.02425	0.01396	0.01837	0.01176	0.00661	0.00735	0.00220	0.00882	0.00661	0.00367	0.01176
4	0.00901	0.00753	0.00785	0.00777	0.01017	0.00637	0.00583	0.01111	0.01748	0.02137	0.15859	0.06927	0.60557	0.01831	0.00877	0.00248	0.00373	0.01536	0.00707	0.00637
5	0.02773	0.02055	0.02200	0.01698	0.02284	0.02279	0.01399	0.63664	0.06709	0.04600	0.01844	0.01832	0.01313	0.00897	0.00743	0.00224	0.00805	0.00677	0.00743	0.01258
6	0.01730	0.15627	0.44101	0.02320	0.13567	0.01908	0.02324	0.02385	0.01607	0.05858	0.01376	0.01597	0.01028	0.00697	0.00672	0.00219	0.00985	0.00551	0.00355	0.01094
7	0.01384	0.00692	0.00692	0.00692	0.00865	0.00692	0.00519	0.01730	0.01557	0.02768	0.02422	0.02768	0.01903	0.00865	0.00519	0.00173	0.00346	0.00692	0.78031	0.00692
8	0.03216	0.01447	0.01836	0.01408	0.01987	0.01363	0.01163	0.17822	0.02432	0.55156	0.02671	0.02359	0.01708	0.00913	0.00746	0.00228	0.00673	0.00729	0.00879	0.01263
9	0.01837	0.01764	0.03013	0.04557	0.69279	0.01764	0.02278	0.02278	0.01690	0.02425	0.01396	0.01837	0.01176	0.00661	0.00735	0.00220	0.00882	0.00661	0.00367	0.01176
10	0.01594	0.01580	0.02216	0.01909	0.01916	0.02202	0.01587	0.01762	0.01140	0.01783	0.01029	0.01693	0.01022	0.01527	0.06095	0.00371	0.68785	0.00657	0.00329	0.00804
11	0.01051	0.00759	0.00992	0.00934	0.01109	0.00700	0.00700	0.01401	0.02101	0.02977	0.68888	0.05545	0.07005	0.01518	0.00876	0.00233	0.00350	0.01343	0.00817	0.00700
12	0.00904	0.00646	0.00861	0.01034	0.01077	0.00603	0.00689	0.01034	0.01421	0.01895	0.04092	0.73426	0.04910	0.02326	0.00948	0.00301	0.00431	0.02110	0.00689	0.00603
13	0.06141	0.00875	0.00903	0.00846	0.01044	0.00937	0.00646	0.05886	0.01613	0.02793	0.02218	0.02677	0.01796	0.05266	0.00825	0.00220	0.04145	0.00694	0.59748	0.00727
14	0.01752	0.02003	0.04380	0.03129	0.03880	0.01877	0.66583	0.02378	0.01752	0.02378	0.01502	0.02003	0.01126	0.00626	0.00876	0.00250	0.01252	0.00876	0.00375	0.01001
15	0.00904	0.00646	0.00861	0.01034	0.01077	0.00603	0.00689	0.01034	0.01421	0.01895	0.04092	0.73426	0.04910	0.02326	0.00948	0.00301	0.00431	0.02110	0.00689	0.00603
16	0.01061	0.00795	0.01193	0.01193	0.01326	0.00928	0.00928	0.01326	0.01193	0.01723	0.01988	0.02916	0.01856	0.05568	0.70968	0.01193	0.01988	0.00795	0.00398	0.00663
17	0.01419	0.01246	0.01974	0.31889	0.17471	0.01393	0.01639	0.04612	0.01565	0.02097	0.02027	0.16957	0.02002	0.05885	0.04345	0.00327	0.00874	0.00994	0.00441	0.00842
18	0.01526	0.06650	0.64116	0.02198	0.06330	0.01776	0.02660	0.02342	0.01571	0.02330	0.01323	0.01565	0.00952	0.00700	0.00697	0.00231	0.01074	0.00548	0.00316	0.01095
19	0.01693	0.01739	0.02264	0.01947	0.01970	0.06397	0.01613	0.01857	0.01195	0.01788	0.00985	0.01607	0.00973	0.01267	0.02330	0.00317	0.68274	0.00639	0.00328	0.00815
20	0.00904	0.00646	0.00861	0.01034	0.01077	0.00603	0.00689	0.01034	0.01421	0.01895	0.04092	0.73426	0.04910	0.02326	0.00948	0.00301	0.00431	0.02110	0.00689	0.00603
21	0.01189	0.00950	0.01344	0.01279	0.01368	0.01165	0.00992	0.01401	0.01180	0.01736	0.01844	0.02902	0.01789	0.13433	0.45867	0.00920	0.16053	0.00799	0.03123	0.00666
22	0.01936	0.67403	0.10416	0.01354	0.02034	0.02818	0.01415	0.02236	0.01514	0.01806	0.01062	0.01228	0.00951	0.00642	0.00499	0.00166	0.00824	0.00412	0.00317	0.00967
23	0.01064	0.00783	0.01131	0.01131	0.01242	0.00894	0.00851	0.01286	0.01175	0.01678	0.02045	0.03229	0.01992	0.16586	0.60136	0.01117	0.01784	0.00841	0.00406	0.00628
24	0.01489	0.03840	0.70064	0.02116	0.03213	0.01724	0.02743	0.02351	0.01567	0.02351	0.01332	0.01567	0.00940	0.00705	0.00705	0.00235	0.01097	0.00549	0.00313	0.01097
25	0.12976	0.04811	0.18610	0.02540	0.21776	0.19674	0.01873	0.02426	0.01717	0.02379	0.03769	0.01672	0.01220	0.00734	0.00669	0.00216	0.00986	0.00567	0.00387	0.00998
26	0.01063	0.00786	0.01145	0.01145	0.01261	0.00902	0.00868	0.01295	0.01179	0.01688	0.02033	0.03161	0.01962	0.14169	0.62512	0.01134	0.01829	0.00831	0.00404	0.00636
27	0.01181	0.00920	0.01322	0.01270	0.01385	0.01124	0.01003	0.01436	0.01217	0.01828	0.01864	0.02695	0.01718	0.04456	0.53569	0.00961	0.13217	0.00763	0.07384	0.00690

[dist]
# distance from previous block
# <min> <max>
0	2

[block]
# block no. 5 follows, 27 sequences, length 8
# corresponding to MSA columns:
# 205-212
name=unknown_F
#
# <colnr> <probs for GDERKNQSTAVLIFYWHMCP>
#	G	D	E	R	K	N	Q	S	T	A	V	L	I	F	Y	W	H	M	C	P
0	0.00985	0.00705	0.00951	0.01104	0.01188	0.00670	0.00810	0.01183	0.01546	0.02062	0.09426	0.52444	0.04933	0.02194	0.00960	0.00305	0.00484	0.16721	0.00698	0.00630
1	0.02707	0.09502	0.02254	0.01858	0.02262	0.65204	0.01421	0.02902	0.02054	0.01811	0.01138	0.01326	0.00956	0.00754	0.00653	0.00189	0.01293	0.00471	0.00377	0.00868
2	0.01836	0.01570	0.02560	0.23558	0.22082	0.04074	0.10868	0.02273	0.01687	0.09850	0.04023	0.02140	0.01423	0.00780	0.00815	0.00235	0.03706	0.00720	0.04815	0.00987
3	0.20544	0.14309	0.17071	0.01711	0.09776	0.01670	0.01478	0.02026	0.01566	0.02547	0.10883	0.07216	0.02176	0.00959	0.00662	0.00227	0.00727	0.03081	0.00466	0.00905
4	0.09209	0.01380	0.01958	0.07878	0.22107	0.01387	0.01433	0.02545	0.07561	0.19047	0.10604	0.04785	0.02246	0.00922	0.00733	0.00229	0.00680	0.00799	0.00612	0.03885
5	0.12733	0.10098	0.11574	0.01600	0.04180	0.08639	0.01416	0.10543	0.06275	0.15741	0.05943	0.02005	0.01614	0.00858	0.00737	0.00223	0.03572	0.00634	0.00573	0.01042
6	0.05816	0.01697	0.02627	0.15890	0.41271	0.05557	0.05487	0.02177	0.01692	0.02388	0.06951	0.02118	0.01591	0.00752	0.00737	0.00227	0.00887	0.00705	0.00404	0.01027
7	0.24527	0.01810	0.01808	0.01437	0.01971	0.02012	0.01183	0.44101	0.02738	0.04121	0.01937	0.01962	0.05481	0.00897	0.00670	0.00227	0.00719	0.00650	0.00658	0.01091

[dist]
# distance from previous block
# <min> <max>
30	44

[block]
# block no. 6 follows, 27 sequences, length 329
# corresponding to MSA columns:
# 261-589
name=unknown_G
#
# <colnr> <probs for GDERKNQSTAVLIFYWHMCP>
#	G	D	E	R	K	N	Q	S	T	A	V	L	I	F	Y	W	H	M	C	P
0	0.07521	0.06307	0.59334	0.02039	0.03054	0.01773	0.05293	0.02334	0.01550	0.02404	0.01305	0.01544	0.00938	0.00698	0.00685	0.00232	0.01052	0.00546	0.00328	0.01065
1	0.09758	0.11400	0.47124	0.04806	0.02846	0.04772	0.02216	0.02293	0.01566	0.02365	0.03577	0.01631	0.01138	0.00728	0.00659	0.00224	0.00988	0.00545	0.00350	0.01015
2	0.01315	0.01191	0.01542	0.04425	0.01641	0.04312	0.01138	0.01525	0.01433	0.02009	0.13912	0.18872	0.03098	0.04580	0.09513	0.00407	0.26730	0.01129	0.00510	0.00718
3	0.05275	0.71248	0.03771	0.01258	0.01885	0.02883	0.01250	0.02221	0.01498	0.01814	0.01032	0.01191	0.00946	0.00637	0.00476	0.00162	0.00785	0.00397	0.00324	0.00946
4	0.01752	0.02003	0.04380	0.03129	0.03880	0.01877	0.66583	0.02378	0.01752	0.02378	0.01502	0.02003	0.01126	0.00626	0.00876	0.00250	0.01252	0.00876	0.00375	0.01001
5	0.01324	0.00846	0.00940	0.00875	0.01180	0.00717	0.00680	0.01535	0.01769	0.14036	0.06576	0.06370	0.54733	0.01716	0.00860	0.00250	0.00432	0.03687	0.00730	0.00742
6	0.01384	0.00692	0.00692	0.00692	0.00865	0.00692	0.00519	0.01730	0.01557	0.02768	0.02422	0.02768	0.01903	0.00865	0.00519	0.00173	0.00346	0.00692	0.78031	0.00692
7	0.01489	0.03840	0.70064	0.02116	0.03213	0.01724	0.02743	0.02351	0.01567	0.02351	0.01332	0.01567	0.00940	0.00705	0.00705	0.00235	0.01097	0.00549	0.00313	0.01097
8	0.01716	0.01945	0.04232	0.03040	0.03762	0.01824	0.63801	0.02321	0.01738	0.02358	0.01611	0.05018	0.01286	0.00698	0.00879	0.00252	0.01217	0.00928	0.00389	0.00984
9	0.01384	0.00692	0.00692	0.00692	0.00865	0.00692	0.00519	0.01730	0.01557	0.02768	0.02422	0.02768	0.01903	0.00865	0.00519	0.00173	0.00346	0.00692	0.78031	0.00692
10	0.01742	0.01636	0.02730	0.25873	0.46027	0.01751	0.02172	0.04944	0.01703	0.02355	0.01389	0.01880	0.01121	0.00697	0.00738	0.00229	0.00913	0.00661	0.00372	0.01068
11	0.02822	0.02079	0.02228	0.01708	0.02302	0.02302	0.01411	0.66804	0.03490	0.04679	0.01782	0.01782	0.01262	0.00891	0.00743	0.00223	0.00817	0.00668	0.00743	0.01262
12	0.73450	0.06826	0.01298	0.00998	0.01470	0.01759	0.00838	0.02185	0.01282	0.03214	0.01034	0.01205	0.00815	0.00685	0.00461	0.00224	0.00591	0.00402	0.00449	0.00815
13	0.01104	0.00902	0.01160	0.01448	0.08213	0.03307	0.00899	0.01342	0.03985	0.01993	0.03666	0.60746	0.04281	0.02047	0.00908	0.00287	0.00516	0.01854	0.00647	0.00693
14	0.01624	0.01624	0.02274	0.01949	0.01949	0.02274	0.01624	0.01787	0.01137	0.01787	0.00975	0.01624	0.00975	0.01299	0.02436	0.00325	0.72552	0.00650	0.00325	0.00812
15	0.76409	0.01429	0.01114	0.00989	0.01452	0.01645	0.00814	0.02234	0.01295	0.05737	0.01102	0.01254	0.00841	0.00697	0.00470	0.00230	0.00576	0.00414	0.00476	0.00821
16	0.01507	0.06384	0.67677	0.02085	0.03166	0.01768	0.02690	0.02346	0.01565	0.02329	0.01321	0.01554	0.00941	0.00703	0.00697	0.00232	0.01086	0.00543	0.00314	0.01092
17	0.01040	0.00750	0.00983	0.00941	0.01107	0.00693	0.00700	0.01374	0.02051	0.02897	0.64089	0.10573	0.06849	0.01578	0.00881	0.00239	0.00356	0.01399	0.00808	0.00693
18	0.01196	0.00854	0.01196	0.01367	0.01538	0.00854	0.01196	0.01538	0.01709	0.02222	0.03931	0.08374	0.04272	0.02051	0.01025	0.00342	0.00684	0.64283	0.00684	0.00684
19	0.00904	0.00646	0.00861	0.01034	0.01077	0.00603	0.00689	0.01034	0.01421	0.01895	0.04092	0.73426	0.04910	0.02326	0.00948	0.00301	0.00431	0.02110	0.00689	0.00603
20	0.00904	0.00646	0.00861	0.01034	0.01077	0.00603	0.00689	0.01034	0.01421	0.01895	0.04092	0.73426	0.04910	0.02326	0.00948	0.00301	0.00431	0.02110	0.00689	0.00603
21	0.01384	0.00692	0.00692	0.00692	0.00865	0.00692	0.00519	0.01730	0.01557	0.02768	0.02422	0.02768	0.01903	0.00865	0.00519	0.00173	0.00346	0.00692	0.78031	0.00692
22	0.01985	0.74357	0.03890	0.01270	0.01905	0.02937	0.01270	0.02223	0.01508	0.01747	0.01032	0.01191	0.00953	0.00635	0.00476	0.00159	0.00794	0.00397	0.00318	0.00953
23	0.01654	0.01454	0.02227	0.59637	0.04614	0.01765	0.01946	0.13408	0.01840	0.02390	0.01402	0.01944	0.01038	0.00769	0.00742	0.00243	0.00959	0.00661	0.00403	0.00902
24	0.01384	0.00692	0.00692	0.00692	0.00865	0.00692	0.00519	0.01730	0.01557	0.02768	0.02422	0.02768	0.01903	0.00865	0.00519	0.00173	0.00346	0.00692	0.78031	0.00692
25	0.02621	0.17163	0.02447	0.01789	0.02220	0.57849	0.01403	0.02822	0.01989	0.01803	0.01125	0.01310	0.00956	0.00740	0.00632	0.00185	0.01234	0.00463	0.00370	0.00878
26	0.01837	0.01764	0.03013	0.04557	0.69279	0.01764	0.02278	0.02278	0.01690	0.02425	0.01396	0.01837	0.01176	0.00661	0.00735	0.00220	0.00882	0.00661	0.00367	0.01176
27	0.79154	0.01436	0.01091	0.00976	0.01436	0.01665	0.00804	0.02182	0.01263	0.03331	0.01034	0.01206	0.00804	0.00689	0.00459	0.00230	0.00574	0.00402	0.00459	0.00804
28	0.01289	0.00645	0.00967	0.00967	0.00967	0.00645	0.00645	0.00967	0.00967	0.01289	0.01289	0.02257	0.01289	0.02579	0.02901	0.78401	0.00645	0.00645	0.00322	0.00322
29	0.01624	0.01624	0.02274	0.01949	0.01949	0.02274	0.01624	0.01787	0.01137	0.01787	0.00975	0.01624	0.00975	0.01299	0.02436	0.00325	0.72552	0.00650	0.00325	0.00812
30	0.00978	0.00822	0.00861	0.00858	0.01113	0.00736	0.00658	0.01324	0.06616	0.02140	0.09316	0.06844	0.57157	0.01813	0.00879	0.00256	0.00412	0.05846	0.00699	0.00674
31	0.01100	0.00847	0.01240	0.01218	0.01332	0.01005	0.00942	0.01340	0.01181	0.01708	0.01944	0.02963	0.01854	0.10008	0.61652	0.01101	0.06704	0.00805	0.00396	0.00658
32	0.01384	0.00692	0.00692	0.00692	0.00865	0.00692	0.00519	0.01730	0.01557	0.02768	0.02422	0.02768	0.01903	0.00865	0.00519	0.00173	0.00346	0.00692	0.78031	0.00692
33	0.00904	0.00646	0.00861	0.01034	0.01077	0.00603	0.00689	0.01034	0.01421	0.01895	0.04092	0.73426	0.04910	0.02326	0.00948	0.00301	0.00431	0.02110	0.00689	0.00603
34	0.02840	0.02050	0.02210	0.01694	0.02288	0.02259	0.01400	0.64567	0.03442	0.06984	0.01823	0.01809	0.01283	0.00892	0.00743	0.00223	0.00810	0.00671	0.00749	0.01263
35	0.01539	0.01319	0.01539	0.01100	0.01759	0.00990	0.00880	0.01869	0.01539	0.02419	0.01319	0.01539	0.01100	0.00550	0.00550	0.00110	0.00550	0.00440	0.00440	0.78449
36	0.01539	0.01319	0.01539	0.01100	0.01759	0.00990	0.00880	0.01869	0.01539	0.02419	0.01319	0.01539	0.01100	0.00550	0.00550	0.00110	0.00550	0.00440	0.00440	0.78449
37	0.00904	0.00646	0.00861	0.01034	0.01077	0.00603	0.00689	0.01034	0.01421	0.01895	0.04092	0.73426	0.04910	0.02326	0.00948	0.00301	0.00431	0.02110	0.00689	0.00603
38	0.01876	0.02117	0.12765	0.03982	0.54622	0.04345	0.02272	0.02363	0.01704	0.04830	0.01433	0.01804	0.01157	0.00681	0.00729	0.00222	0.00922	0.00641	0.00380	0.01156
39	0.01688	0.01825	0.03566	0.10728	0.03524	0.01936	0.42435	0.02260	0.04325	0.02225	0.01430	0.01950	0.01125	0.00800	0.01193	0.00266	0.16601	0.00801	0.00375	0.00947
40	0.00947	0.00755	0.00848	0.00825	0.01045	0.00656	0.00618	0.01199	0.01855	0.02393	0.32012	0.06506	0.44244	0.01735	0.00877	0.00244	0.00366	0.01477	0.00740	0.00656
41	0.01539	0.01319	0.01539	0.01100	0.01759	0.00990	0.00880	0.01869	0.01539	0.02419	0.01319	0.01539	0.01100	0.00550	0.00550	0.00110	0.00550	0.00440	0.00440	0.78449
42	0.01615	0.01255	0.01480	0.01170	0.01687	0.01056	0.00920	0.08651	0.01753	0.05216	0.02045	0.15284	0.01973	0.00987	0.00670	0.00171	0.00564	0.03113	0.00546	0.49844
43	0.79154	0.01436	0.01091	0.00976	0.01436	0.01665	0.00804	0.02182	0.01263	0.03331	0.01034	0.01206	0.00804	0.00689	0.00459	0.00230	0.00574	0.00402	0.00459	0.00804
44	0.02773	0.03538	0.02104	0.01913	0.02295	0.70930	0.01434	0.02964	0.02104	0.01817	0.01148	0.01339	0.00956	0.00765	0.00669	0.00191	0.01339	0.00478	0.00383	0.00861
45	0.01289	0.00645	0.00967	0.00967	0.00967	0.00645	0.00645	0.00967	0.00967	0.01289	0.01289	0.02257	0.01289	0.02579	0.02901	0.78401	0.00645	0.00645	0.00322	0.00322
46	0.01061	0.00795	0.01193	0.01193	0.01326	0.00928	0.00928	0.01326	0.01193	0.01723	0.01988	0.02916	0.01856	0.05568	0.70968	0.01193	0.01988	0.00795	0.00398	0.00663
47	0.01384	0.00692	0.00692	0.00692	0.00865	0.00692	0.00519	0.01730	0.01557	0.02768	0.02422	0.02768	0.01903	0.00865	0.00519	0.00173	0.00346	0.00692	0.78031	0.00692
48	0.01019	0.00717	0.00898	0.01001	0.01052	0.00695	0.00654	0.03427	0.01408	0.01879	0.03558	0.53207	0.04210	0.20674	0.01668	0.00406	0.00519	0.01793	0.00630	0.00587
49	0.01759	0.16639	0.42746	0.02046	0.02937	0.10041	0.09273	0.02402	0.01639	0.02180	0.01274	0.01518	0.00965	0.00691	0.00677	0.00218	0.01086	0.00548	0.00329	0.01032
50	0.01384	0.00692	0.00692	0.00692	0.00865	0.00692	0.00519	0.01730	0.01557	0.02768	0.02422	0.02768	0.01903	0.00865	0.00519	0.00173	0.00346	0.00692	0.78031	0.00692
51	0.00911	0.00649	0.00860	0.01026	0.01067	0.00607	0.00680	0.01035	0.01409	0.01879	0.04028	0.70943	0.04830	0.04917	0.01050	0.00317	0.00441	0.02073	0.00680	0.00597
52	0.02775	0.03476	0.02109	0.01904	0.02295	0.68004	0.01433	0.05686	0.02163	0.01939	0.01175	0.01358	0.00969	0.00770	0.00672	0.00193	0.01317	0.00486	0.00398	0.00878
53	0.02649	0.01993	0.02130	0.01673	0.02236	0.02221	0.01369	0.55656	0.14921	0.04400	0.02002	0.01957	0.01440	0.00912	0.00745	0.00228	0.00776	0.00699	0.00745	0.01247
54	0.01884	0.52290	0.21717	0.01526	0.02276	0.05480	0.01676	0.02289	0.01549	0.01913	0.01118	0.01299	0.00950	0.00660	0.00546	0.00181	0.00899	0.00441	0.00319	0.00988
55	0.04647	0.02377	0.22156	0.08967	0.40264	0.04179	0.02310	0.02290	0.01637	0.02375	0.01349	0.01729	0.01072	0.00685	0.00714	0.00226	0.00957	0.00613	0.00353	0.01100
56	0.01896	0.61727	0.15742	0.01422	0.02140	0.02720	0.01534	0.02246	0.01519	0.01855	0.01086	0.01258	0.00950	0.00648	0.00517	0.00172	0.00848	0.00424	0.00317	0.00979
