[name]
unknown

[dist]
# distance from previous block
# <min> <max>
18	78

[block]
# block no. 0 follows, 29 sequences, length 19
# corresponding to MSA columns:
# 98-116
name=unknown_A
#
# <colnr> <probs for GDERKNQSTAVLIFYWHMCP>
#	G	D	E	R	K	N	Q	S	T	A	V	L	I	F	Y	W	H	M	C	P
0	0.01883	0.41399	0.08219	0.01322	0.01858	0.02204	0.01266	0.08226	0.04624	0.06745	0.01720	0.01911	0.05180	0.03679	0.02888	0.00235	0.04712	0.00572	0.00428	0.00930
1	0.01634	0.09359	0.06180	0.01198	0.01575	0.05558	0.01019	0.02014	0.06624	0.13339	0.03353	0.16208	0.16400	0.01480	0.04185	0.00270	0.02963	0.01045	0.00584	0.05010
2	0.01278	0.20086	0.01812	0.01146	0.01371	0.01427	0.00940	0.01481	0.01203	0.01620	0.01670	0.02592	0.01636	0.14711	0.39211	0.00772	0.05297	0.00699	0.00366	0.00684
3	0.01904	0.75404	0.03731	0.01218	0.01828	0.02818	0.01218	0.02132	0.01447	0.01675	0.00990	0.01142	0.00914	0.00609	0.00457	0.00152	0.00761	0.00381	0.00305	0.00914
4	0.01477	0.01266	0.01477	0.01055	0.01687	0.00949	0.00844	0.01793	0.01477	0.02320	0.01266	0.01477	0.01055	0.00527	0.00527	0.00105	0.00527	0.00422	0.00422	0.79328
5	0.01477	0.01266	0.01477	0.01055	0.01687	0.00949	0.00844	0.01793	0.01477	0.02320	0.01266	0.01477	0.01055	0.00527	0.00527	0.00105	0.00527	0.00422	0.00422	0.79328
6	0.01036	0.00690	0.00777	0.00777	0.00777	0.00690	0.00431	0.01036	0.01036	0.01381	0.02244	0.04660	0.02589	0.74975	0.03624	0.00690	0.00690	0.01036	0.00431	0.00431
7	0.02649	0.01966	0.02104	0.01627	0.02186	0.02181	0.01339	0.64160	0.07442	0.04394	0.01783	0.01768	0.01271	0.00862	0.00713	0.00215	0.00770	0.00651	0.00713	0.01206
8	0.01412	0.01173	0.01380	0.01067	0.01584	0.00932	0.00830	0.04465	0.01534	0.02316	0.01796	0.15523	0.01764	0.00869	0.00609	0.00145	0.00516	0.00739	0.00480	0.60867
9	0.01716	0.01278	0.01564	0.01614	0.10259	0.01321	0.01098	0.10619	0.20693	0.09486	0.07236	0.13925	0.11371	0.01218	0.00764	0.00234	0.00567	0.01047	0.00668	0.03322
10	0.02026	0.01561	0.01805	0.09737	0.02240	0.01669	0.01229	0.36488	0.06165	0.03354	0.02001	0.13071	0.01754	0.01009	0.00716	0.00213	0.00694	0.00831	0.00615	0.12823
11	0.01890	0.01955	0.02650	0.03469	0.46464	0.13560	0.05727	0.02368	0.05577	0.02262	0.01390	0.01723	0.01145	0.00661	0.00691	0.00203	0.00903	0.00612	0.00381	0.06370
12	0.06906	0.01574	0.05581	0.01396	0.05789	0.05109	0.01086	0.02193	0.11578	0.02427	0.01566	0.03849	0.01300	0.00679	0.00588	0.00156	0.00621	0.00545	0.00461	0.46595
13	0.01576	0.01402	0.02160	0.06940	0.13939	0.01431	0.11112	0.02166	0.11439	0.05051	0.01977	0.12882	0.01798	0.00974	0.00884	0.00225	0.07704	0.00864	0.00483	0.14994
14	0.01875	0.05722	0.02625	0.05578	0.33786	0.08122	0.09084	0.04058	0.03784	0.06594	0.06118	0.01999	0.01533	0.00722	0.00702	0.00206	0.00847	0.00670	0.00438	0.05538
15	0.06184	0.01647	0.01912	0.01897	0.14614	0.09265	0.03699	0.05012	0.07791	0.07516	0.01602	0.03620	0.01294	0.00705	0.00629	0.00175	0.00714	0.00587	0.00481	0.30655
16	0.01734	0.01725	0.02321	0.07412	0.25160	0.10797	0.08902	0.04855	0.05615	0.02322	0.05337	0.07872	0.01732	0.00839	0.00716	0.00209	0.00830	0.00767	0.00446	0.10408
17	0.01826	0.01768	0.05116	0.08924	0.35118	0.08160	0.01738	0.02360	0.07517	0.06570	0.04219	0.01944	0.01424	0.00716	0.00686	0.00203	0.00809	0.00635	0.00438	0.09827
18	0.01746	0.04689	0.07015	0.07349	0.24298	0.05332	0.05304	0.07012	0.07413	0.02393	0.01612	0.01884	0.03241	0.00743	0.00771	0.00205	0.05009	0.00627	0.00421	0.12935

[dist]
# distance from previous block
# <min> <max>
1	23

[block]
# block no. 1 follows, 29 sequences, length 23
# corresponding to MSA columns:
# 140-162
name=unknown_B
#
# <colnr> <probs for GDERKNQSTAVLIFYWHMCP>
#	G	D	E	R	K	N	Q	S	T	A	V	L	I	F	Y	W	H	M	C	P
0	0.05586	0.08406	0.11942	0.01989	0.10648	0.13209	0.07245	0.10216	0.04515	0.02504	0.07227	0.02051	0.03810	0.00810	0.00721	0.00207	0.02817	0.00654	0.00455	0.04988
1	0.09863	0.06604	0.04668	0.04925	0.17217	0.14701	0.01403	0.08121	0.06496	0.02498	0.03892	0.01941	0.03700	0.00770	0.00638	0.00199	0.00797	0.00606	0.04275	0.06688
2	0.04722	0.16087	0.06131	0.05231	0.04035	0.11722	0.03211	0.04853	0.11335	0.11637	0.01785	0.02088	0.01417	0.00802	0.00644	0.00201	0.00792	0.04193	0.00505	0.08607
3	0.01689	0.04340	0.05943	0.03809	0.02209	0.11262	0.11207	0.05330	0.06801	0.02254	0.01730	0.10963	0.01577	0.00887	0.00765	0.00198	0.04439	0.00756	0.00453	0.23389
4	0.06315	0.07875	0.07458	0.02148	0.16962	0.13797	0.01514	0.08523	0.14444	0.02514	0.01552	0.01709	0.01228	0.00750	0.00707	0.00204	0.03517	0.00576	0.00459	0.07749
5	0.01228	0.05040	0.01341	0.09388	0.01621	0.01005	0.03281	0.01495	0.04836	0.04095	0.06576	0.16130	0.06633	0.29010	0.01840	0.00406	0.00639	0.01113	0.00512	0.03809
6	0.01542	0.01324	0.01506	0.01142	0.01724	0.01131	0.00907	0.02234	0.16498	0.02466	0.01627	0.01738	0.01303	0.00625	0.00571	0.00136	0.00535	0.00507	0.00489	0.61994
7	0.01245	0.00750	0.00967	0.00976	0.01140	0.00683	0.00705	0.01442	0.01621	0.11777	0.19083	0.34515	0.11533	0.06747	0.01046	0.00288	0.00444	0.03649	0.00704	0.00684
8	0.05571	0.01918	0.02414	0.03179	0.41614	0.15110	0.03965	0.02313	0.05976	0.02261	0.01879	0.02137	0.07017	0.00774	0.00698	0.00212	0.00869	0.00681	0.00410	0.01002
9	0.02582	0.01911	0.02066	0.01591	0.02146	0.02096	0.01311	0.62366	0.03172	0.04273	0.01696	0.01741	0.01226	0.01016	0.03524	0.00245	0.00816	0.00635	0.00685	0.04899
10	0.02018	0.48080	0.09265	0.01432	0.02012	0.16340	0.01371	0.05649	0.01651	0.01884	0.01110	0.01295	0.00962	0.00833	0.03264	0.00206	0.00936	0.00437	0.00341	0.00913
11	0.00868	0.00620	0.00826	0.00991	0.01033	0.00578	0.00661	0.00991	0.01363	0.01818	0.03925	0.74510	0.04710	0.02231	0.00909	0.00289	0.00413	0.02024	0.00661	0.00578
12	0.01480	0.01279	0.01508	0.01091	0.01696	0.01004	0.00876	0.01789	0.01459	0.02293	0.01251	0.01480	0.01049	0.00559	0.00608	0.00115	0.03792	0.00431	0.00417	0.75822
13	0.01036	0.00690	0.00777	0.00777	0.00777	0.00690	0.00431	0.01036	0.01036	0.01381	0.02244	0.04660	0.02589	0.74975	0.03624	0.00690	0.00690	0.01036	0.00431	0.00431
14	0.01928	0.67801	0.03674	0.01348	0.01951	0.06138	0.04943	0.02175	0.01488	0.01712	0.01020	0.01193	0.00923	0.00615	0.00487	0.00159	0.00811	0.00410	0.00311	0.00912
15	0.01035	0.00694	0.00795	0.00795	0.00802	0.00700	0.00455	0.01047	0.01041	0.01394	0.02227	0.04566	0.02548	0.71467	0.07076	0.00713	0.00752	0.01022	0.00429	0.00442
16	0.01454	0.01272	0.01983	0.48771	0.08375	0.01498	0.01731	0.08013	0.01653	0.02168	0.04945	0.02726	0.01629	0.03711	0.00855	0.00259	0.00859	0.06863	0.00416	0.00821
17	0.01067	0.00836	0.01239	0.01211	0.01326	0.01009	0.00951	0.01312	0.01139	0.01659	0.01818	0.02684	0.01703	0.04965	0.65748	0.01068	0.08491	0.00750	0.00375	0.00649
18	0.02707	0.01995	0.02137	0.01638	0.02208	0.02208	0.01353	0.68159	0.03348	0.04488	0.01710	0.01710	0.01211	0.00855	0.00712	0.00214	0.00784	0.00641	0.00712	0.01211
19	0.01017	0.00763	0.01144	0.01144	0.01272	0.00890	0.00890	0.01272	0.01144	0.01653	0.01907	0.02797	0.01780	0.05340	0.72153	0.01144	0.01907	0.00763	0.00381	0.00636
20	0.02707	0.01995	0.02137	0.01638	0.02208	0.02208	0.01353	0.68159	0.03348	0.04488	0.01710	0.01710	0.01211	0.00855	0.00712	0.00214	0.00784	0.00641	0.00712	0.01211
21	0.01428	0.03683	0.71286	0.02030	0.03082	0.01654	0.02631	0.02255	0.01503	0.02255	0.01278	0.01503	0.00902	0.00677	0.00677	0.00226	0.01052	0.00526	0.00301	0.01052
22	0.01848	0.01552	0.01596	0.01414	0.01821	0.03975	0.01105	0.08345	0.54682	0.05303	0.03077	0.02853	0.07232	0.01011	0.00730	0.00237	0.00589	0.00832	0.00713	0.01086

[dist]
# distance from previous block
# <min> <max>
0	1

[block]
# block no. 2 follows, 29 sequences, length 37
# corresponding to MSA columns:
# 164-200
name=unknown_C
#
# <colnr> <probs for GDERKNQSTAVLIFYWHMCP>
#	G	D	E	R	K	N	Q	S	T	A	V	L	I	F	Y	W	H	M	C	P
0	0.01641	0.01319	0.01534	0.01108	0.01732	0.01049	0.00891	0.06884	0.01641	0.05336	0.01363	0.01534	0.01096	0.00567	0.00549	0.00118	0.00550	0.00451	0.00463	0.70175
1	0.07388	0.01812	0.08538	0.01590	0.04479	0.01685	0.01346	0.32076	0.04533	0.23078	0.02054	0.04883	0.01483	0.00885	0.00701	0.00221	0.00724	0.00697	0.00690	0.01137
2	0.01087	0.00741	0.00918	0.00890	0.01082	0.00664	0.00661	0.01345	0.01813	0.06940	0.39030	0.16297	0.22615	0.01629	0.00843	0.00238	0.00372	0.01421	0.00739	0.00674
3	0.04587	0.05274	0.42558	0.02340	0.13310	0.04587	0.07130	0.02205	0.01545	0.02264	0.03765	0.01682	0.01159	0.00716	0.00750	0.00224	0.03973	0.00585	0.00339	0.01007
4	0.01477	0.01266	0.01477	0.01055	0.01687	0.00949	0.00844	0.01793	0.01477	0.02320	0.01266	0.01477	0.01055	0.00527	0.00527	0.00105	0.00527	0.00422	0.00422	0.79328
5	0.00842	0.00721	0.00721	0.00721	0.00962	0.00601	0.00541	0.01022	0.01623	0.01924	0.07213	0.06853	0.70244	0.01803	0.00842	0.00240	0.00361	0.01503	0.00661	0.00601
6	0.58668	0.01469	0.01299	0.01093	0.01567	0.01649	0.00901	0.13812	0.01670	0.10300	0.01302	0.01382	0.00949	0.00717	0.00516	0.00219	0.00597	0.00464	0.00533	0.00893
7	0.01032	0.00703	0.00841	0.00841	0.00864	0.00726	0.00512	0.01077	0.01055	0.01429	0.02184	0.04331	0.02446	0.62692	0.15712	0.00770	0.00905	0.00987	0.00423	0.00467
8	0.01345	0.01266	0.02136	0.73264	0.04904	0.01582	0.01978	0.01819	0.01424	0.01819	0.01266	0.01898	0.00949	0.00712	0.00712	0.00237	0.00949	0.00633	0.00316	0.00791
9	0.01428	0.03683	0.71286	0.02030	0.03082	0.01654	0.02631	0.02255	0.01503	0.02255	0.01278	0.01503	0.00902	0.00677	0.00677	0.00226	0.01052	0.00526	0.00301	0.01052
10	0.01816	0.01476	0.01656	0.01241	0.01835	0.01349	0.01001	0.18693	0.08767	0.02932	0.01542	0.01654	0.01207	0.00654	0.00594	0.00146	0.00595	0.00516	0.00525	0.51802
11	0.01588	0.01424	0.01970	0.02215	0.25411	0.01242	0.01319	0.02019	0.04615	0.02352	0.01365	0.01629	0.01131	0.00584	0.00598	0.00148	0.00639	0.00513	0.00412	0.48826
12	0.01507	0.01432	0.02430	0.46440	0.30457	0.01625	0.02058	0.01962	0.01501	0.02017	0.01294	0.01845	0.01019	0.00682	0.00709	0.00227	0.00909	0.00633	0.00330	0.00922
13	0.01036	0.00690	0.00777	0.00777	0.00777	0.00690	0.00431	0.01036	0.01036	0.01381	0.02244	0.04660	0.02589	0.74975	0.03624	0.00690	0.00690	0.01036	0.00431	0.00431
14	0.02707	0.01995	0.02137	0.01638	0.02208	0.02208	0.01353	0.68159	0.03348	0.04488	0.01710	0.01710	0.01211	0.00855	0.00712	0.00214	0.00784	0.00641	0.00712	0.01211
15	0.01477	0.01266	0.01477	0.01055	0.01687	0.00949	0.00844	0.01793	0.01477	0.02320	0.01266	0.01477	0.01055	0.00527	0.00527	0.00105	0.00527	0.00422	0.00422	0.79328
16	0.01036	0.00690	0.00777	0.00777	0.00777	0.00690	0.00431	0.01036	0.01036	0.01381	0.02244	0.04660	0.02589	0.74975	0.03624	0.00690	0.00690	0.01036	0.00431	0.00431
17	0.80005	0.01377	0.01047	0.00936	0.01377	0.01597	0.00771	0.02093	0.01212	0.03195	0.00991	0.01157	0.00771	0.00661	0.00441	0.00220	0.00551	0.00386	0.00441	0.00771
18	0.01477	0.01266	0.01477	0.01055	0.01687	0.00949	0.00844	0.01793	0.01477	0.02320	0.01266	0.01477	0.01055	0.00527	0.00527	0.00105	0.00527	0.00422	0.00422	0.79328
19	0.73781	0.01450	0.01110	0.00986	0.01428	0.04368	0.00806	0.02180	0.01278	0.05928	0.01071	0.01214	0.00818	0.00673	0.00460	0.00219	0.00582	0.00402	0.00456	0.00791
20	0.01345	0.01266	0.02136	0.73264	0.04904	0.01582	0.01978	0.01819	0.01424	0.01819	0.01266	0.01898	0.00949	0.00712	0.00712	0.00237	0.00949	0.00633	0.00316	0.00791
21	0.00865	0.00629	0.00817	0.00968	0.01027	0.00580	0.00651	0.00994	0.01386	0.01827	0.04211	0.68619	0.10416	0.02194	0.00903	0.00285	0.00409	0.01979	0.00661	0.00580
22	0.01951	0.70927	0.03625	0.01257	0.01851	0.07125	0.01228	0.02176	0.01482	0.01679	0.00997	0.01151	0.00914	0.00617	0.00468	0.00154	0.00794	0.00386	0.00308	0.00908
23	0.01345	0.01266	0.02136	0.73264	0.04904	0.01582	0.01978	0.01819	0.01424	0.01819	0.01266	0.01898	0.00949	0.00712	0.00712	0.00237	0.00949	0.00633	0.00316	0.00791
24	0.01749	0.01835	0.06527	0.05717	0.50324	0.05605	0.01977	0.02360	0.09509	0.02336	0.01713	0.02012	0.03704	0.00725	0.00707	0.00216	0.00835	0.00669	0.00404	0.01077
25	0.01237	0.00618	0.00928	0.00928	0.00928	0.00618	0.00618	0.00928	0.00928	0.01237	0.01237	0.02165	0.01237	0.02474	0.02783	0.79283	0.00618	0.00618	0.00309	0.00309
26	0.01862	0.01628	0.01658	0.01475	0.01887	0.04420	0.01150	0.07750	0.62645	0.03026	0.02757	0.02547	0.02067	0.00950	0.00721	0.00238	0.00604	0.00782	0.00710	0.01121
27	0.80005	0.01377	0.01047	0.00936	0.01377	0.01597	0.00771	0.02093	0.01212	0.03195	0.00991	0.01157	0.00771	0.00661	0.00441	0.00220	0.00551	0.00386	0.00441	0.00771
28	0.01608	0.01377	0.01460	0.01325	0.01691	0.01555	0.01026	0.03286	0.56497	0.02850	0.08484	0.03333	0.10223	0.01098	0.00747	0.00240	0.00523	0.00921	0.00722	0.01033
29	0.02308	0.01537	0.01725	0.01380	0.01826	0.01653	0.01123	0.37053	0.06614	0.13423	0.08850	0.02504	0.04597	0.00972	0.00771	0.00217	0.03345	0.00759	0.08279	0.01061
30	0.03195	0.01212	0.01652	0.01267	0.01818	0.01047	0.01047	0.03470	0.02038	0.71026	0.02809	0.02424	0.01763	0.00881	0.00716	0.00220	0.00606	0.00716	0.00881	0.01212
31	0.01400	0.01185	0.01395	0.01047	0.01605	0.00903	0.00821	0.01693	0.01462	0.02257	0.01599	0.10628	0.01513	0.00741	0.00575	0.00128	0.00513	0.00623	0.00452	0.69461
32	0.01908	0.00994	0.01303	0.04888	0.01589	0.00946	0.00904	0.04944	0.04321	0.26939	0.26577	0.10036	0.03740	0.01198	0.00762	0.00225	0.00497	0.01030	0.06300	0.00899
33	0.01721	0.04434	0.05305	0.17035	0.05380	0.01630	0.16465	0.12102	0.03837	0.05312	0.04811	0.07639	0.01653	0.00877	0.00804	0.00227	0.03734	0.00800	0.00477	0.05758
34	0.07658	0.06168	0.10400	0.02101	0.07607	0.04467	0.21107	0.09498	0.01766	0.02536	0.04247	0.04393	0.01394	0.00755	0.00748	0.00211	0.03155	0.00694	0.00430	0.10665
35	0.01638	0.05478	0.43721	0.01830	0.04815	0.01491	0.04031	0.02267	0.01583	0.09401	0.04264	0.01759	0.01267	0.00701	0.00662	0.00204	0.00883	0.00569	0.00403	0.13033
36	0.01353	0.00981	0.01226	0.01107	0.03878	0.00873	0.00814	0.05320	0.01922	0.06959	0.38508	0.04115	0.10771	0.01187	0.00752	0.00198	0.00441	0.01024	0.00679	0.17892

[dist]
# distance from previous block
# <min> <max>
0	2

[block]
# block no. 3 follows, 29 sequences, length 222
# corresponding to MSA columns:
# 203-424
name=unknown_D
#
# <colnr> <probs for GDERKNQSTAVLIFYWHMCP>
#	G	D	E	R	K	N	Q	S	T	A	V	L	I	F	Y	W	H	M	C	P
0	0.01866	0.66864	0.06438	0.01264	0.01861	0.04983	0.01261	0.02114	0.01465	0.01708	0.01127	0.04184	0.01070	0.00683	0.00491	0.00162	0.00777	0.00457	0.00321	0.00903
1	0.03811	0.01201	0.01946	0.11774	0.02362	0.01215	0.16003	0.03874	0.06695	0.02162	0.02501	0.21295	0.04609	0.01328	0.00926	0.05232	0.00730	0.05813	0.00506	0.06019
2	0.04676	0.02500	0.28009	0.02131	0.14050	0.08338	0.01856	0.11953	0.01891	0.08138	0.03775	0.01817	0.01301	0.00752	0.00672	0.00213	0.00877	0.00599	0.05418	0.01033
3	0.01594	0.01705	0.07792	0.16711	0.28882	0.01605	0.13635	0.04469	0.04473	0.02311	0.04163	0.04430	0.03440	0.00783	0.00745	0.00228	0.00884	0.00763	0.00406	0.00981
4	0.01170	0.00728	0.00945	0.00910	0.01065	0.00669	0.00661	0.01324	0.01653	0.07153	0.33899	0.12187	0.14083	0.04155	0.01297	0.15175	0.00432	0.01222	0.00659	0.00614
5	0.02220	0.02142	0.28685	0.01547	0.02242	0.01280	0.01642	0.05072	0.01842	0.33427	0.06307	0.04778	0.01873	0.00912	0.00722	0.00228	0.00765	0.02607	0.00629	0.01080
6	0.03930	0.03262	0.58054	0.05033	0.05954	0.01631	0.04806	0.02281	0.01525	0.05137	0.01341	0.01573	0.00952	0.00682	0.00679	0.00226	0.01011	0.00550	0.00334	0.01040
7	0.01618	0.17862	0.47795	0.02001	0.05605	0.01878	0.06696	0.02273	0.01528	0.04611	0.01288	0.01502	0.00957	0.00663	0.00646	0.00211	0.00979	0.00529	0.00328	0.01027
8	0.01373	0.01305	0.02234	0.68074	0.07668	0.01594	0.04098	0.01850	0.01440	0.01856	0.01274	0.01893	0.00961	0.00705	0.00716	0.00236	0.00953	0.00640	0.00319	0.00811
9	0.01916	0.02127	0.10995	0.15148	0.12336	0.18957	0.01637	0.04690	0.03906	0.08290	0.04877	0.02402	0.05784	0.00872	0.00712	0.00219	0.00909	0.02836	0.00462	0.00923
10	0.01509	0.01355	0.04908	0.52865	0.07938	0.01510	0.01837	0.01930	0.01456	0.07394	0.01473	0.04465	0.01163	0.00849	0.00849	0.02614	0.03995	0.00683	0.00375	0.00832
11	0.00981	0.00727	0.00915	0.00868	0.01047	0.00660	0.00651	0.01292	0.01952	0.02705	0.60015	0.05566	0.16955	0.01512	0.00840	0.00227	0.00340	0.01322	0.00764	0.00660
12	0.00902	0.00680	0.00968	0.01069	0.01147	0.00632	0.03566	0.01048	0.01386	0.01841	0.03933	0.68992	0.06858	0.02145	0.00904	0.00285	0.00445	0.01955	0.00648	0.00596
13	0.80005	0.01377	0.01047	0.00936	0.01377	0.01597	0.00771	0.02093	0.01212	0.03195	0.00991	0.01157	0.00771	0.00661	0.00441	0.00220	0.00551	0.00386	0.00441	0.00771
14	0.01983	0.24960	0.33659	0.01621	0.02407	0.04983	0.01827	0.02489	0.01617	0.15941	0.01492	0.01570	0.01080	0.00700	0.00616	0.00200	0.00884	0.00517	0.00422	0.01032
15	0.01553	0.04326	0.01579	0.01081	0.01703	0.01057	0.00874	0.01922	0.03762	0.04288	0.01353	0.01530	0.01107	0.00556	0.00536	0.00115	0.00540	0.00441	0.00440	0.71235
16	0.00868	0.00620	0.00826	0.00991	0.01033	0.00578	0.00661	0.00991	0.01363	0.01818	0.03925	0.74510	0.04710	0.02231	0.00909	0.00289	0.00413	0.02024	0.00661	0.00578
17	0.02182	0.06649	0.01938	0.01497	0.01965	0.04867	0.01208	0.28179	0.31636	0.05540	0.02282	0.05195	0.01764	0.00941	0.00706	0.00224	0.00686	0.00749	0.00679	0.01112
18	0.01509	0.15890	0.59788	0.01891	0.02868	0.01852	0.02390	0.02234	0.01494	0.02156	0.01229	0.01442	0.00904	0.00665	0.00639	0.00213	0.01003	0.00501	0.00301	0.01029
19	0.01528	0.16044	0.55072	0.01953	0.02906	0.01866	0.06728	0.02235	0.01505	0.02156	0.01239	0.01468	0.00916	0.00660	0.00649	0.00214	0.01012	0.00522	0.00305	0.01022
20	0.01428	0.03683	0.71286	0.02030	0.03082	0.01654	0.02631	0.02255	0.01503	0.02255	0.01278	0.01503	0.00902	0.00677	0.00677	0.00226	0.01052	0.00526	0.00301	0.01052
21	0.01100	0.00849	0.01019	0.00955	0.01169	0.00830	0.00723	0.01670	0.12229	0.02740	0.50807	0.05134	0.15185	0.01431	0.00822	0.00229	0.00374	0.01245	0.00757	0.00731
22	0.02621	0.04678	0.08160	0.01363	0.01921	0.01337	0.01211	0.08703	0.09964	0.43481	0.07032	0.02445	0.01981	0.00897	0.00710	0.00220	0.00646	0.00727	0.00764	0.01138
23	0.01456	0.06536	0.64189	0.04303	0.05169	0.01701	0.02538	0.02234	0.01502	0.02219	0.01267	0.01509	0.00911	0.00674	0.00669	0.00222	0.01031	0.00527	0.00303	0.01041
24	0.00868	0.00620	0.00826	0.00991	0.01033	0.00578	0.00661	0.00991	0.01363	0.01818	0.03925	0.74510	0.04710	0.02231	0.00909	0.00289	0.00413	0.02024	0.00661	0.00578
25	0.01002	0.00728	0.00944	0.00890	0.01060	0.00670	0.00667	0.01333	0.02002	0.02824	0.68048	0.05370	0.08847	0.01467	0.00840	0.00225	0.00337	0.01295	0.00780	0.00670
26	0.01428	0.03683	0.71286	0.02030	0.03082	0.01654	0.02631	0.02255	0.01503	0.02255	0.01278	0.01503	0.00902	0.00677	0.00677	0.00226	0.01052	0.00526	0.00301	0.01052
27	0.01475	0.01407	0.02394	0.45345	0.24453	0.01613	0.04181	0.01916	0.01478	0.01984	0.01363	0.04072	0.01122	0.00751	0.00778	0.00234	0.03520	0.00683	0.00339	0.00891
28	0.01018	0.00761	0.01133	0.01133	0.01257	0.00884	0.00876	0.01264	0.01141	0.01645	0.01917	0.02853	0.01804	0.07432	0.70095	0.01131	0.01871	0.00771	0.00383	0.00630
29	0.01340	0.01239	0.02086	0.70284	0.04740	0.01542	0.01922	0.01783	0.01403	0.01795	0.01264	0.01909	0.00961	0.00784	0.00797	0.03493	0.00936	0.00632	0.00316	0.00771
30	0.01558	0.01558	0.02181	0.01869	0.01869	0.02181	0.01558	0.01714	0.01091	0.01714	0.00935	0.01558	0.00935	0.01246	0.02337	0.00312	0.73672	0.00623	0.00312	0.00779
31	0.02697	0.02281	0.02113	0.01679	0.02207	0.16529	0.01358	0.54779	0.03075	0.03925	0.01585	0.01622	0.01151	0.00830	0.00698	0.00208	0.00886	0.00604	0.00642	0.01132
32	0.01960	0.70031	0.03604	0.01264	0.01855	0.07987	0.01230	0.02185	0.01489	0.01680	0.00998	0.01153	0.00914	0.00618	0.00471	0.00155	0.00800	0.00387	0.00309	0.00907
33	0.01327	0.00664	0.00664	0.00664	0.00830	0.00664	0.00498	0.01659	0.01493	0.02655	0.02323	0.02655	0.01825	0.00830	0.00498	0.00166	0.00332	0.00664	0.78928	0.00664
34	0.02632	0.01817	0.01922	0.01513	0.02034	0.06883	0.01233	0.41673	0.05022	0.17910	0.04119	0.02002	0.01527	0.01006	0.02948	0.00240	0.00789	0.00667	0.00707	0.03355
35	0.01394	0.01292	0.02136	0.70693	0.04808	0.01605	0.01955	0.04201	0.01493	0.01915	0.01282	0.01892	0.00959	0.00717	0.00712	0.00236	0.00943	0.00633	0.00331	0.00806
36	0.01681	0.01921	0.04202	0.03001	0.03721	0.01801	0.67947	0.02281	0.01681	0.02281	0.01441	0.01921	0.01080	0.00600	0.00840	0.00240	0.01200	0.00840	0.00360	0.00960
37	0.00868	0.00730	0.00759	0.00773	0.01007	0.00620	0.00594	0.01062	0.01624	0.01942	0.06911	0.06956	0.64430	0.01818	0.00854	0.00248	0.00387	0.07149	0.00661	0.00606
38	0.02660	0.03394	0.02018	0.01834	0.02201	0.72116	0.01376	0.02843	0.02018	0.01743	0.01101	0.01284	0.00917	0.00734	0.00642	0.00183	0.01284	0.00459	0.00367	0.00825
39	0.00875	0.00630	0.00832	0.00990	0.01043	0.00587	0.00671	0.01008	0.01383	0.01832	0.04060	0.69570	0.07488	0.02204	0.00908	0.00288	0.00418	0.03969	0.00661	0.00582
40	0.80005	0.01377	0.01047	0.00936	0.01377	0.01597	0.00771	0.02093	0.01212	0.03195	0.00991	0.01157	0.00771	0.00661	0.00441	0.00220	0.00551	0.00386	0.00441	0.00771
41	0.01699	0.01627	0.02775	0.14894	0.60508	0.01675	0.02154	0.02129	0.01591	0.02249	0.01328	0.01783	0.01101	0.00646	0.00706	0.00215	0.00862	0.00634	0.00347	0.01076
42	0.65935	0.07726	0.01331	0.01017	0.01452	0.06130	0.00842	0.02106	0.01273	0.02910	0.01006	0.01197	0.00808	0.00721	0.00532	0.02809	0.00617	0.00397	0.00420	0.00771
43	0.80005	0.01377	0.01047	0.00936	0.01377	0.01597	0.00771	0.02093	0.01212	0.03195	0.00991	0.01157	0.00771	0.00661	0.00441	0.00220	0.00551	0.00386	0.00441	0.00771
44	0.01008	0.00728	0.00952	0.00896	0.01064	0.00672	0.00672	0.01344	0.02016	0.02855	0.70158	0.05319	0.06719	0.01456	0.00840	0.00224	0.00336	0.01288	0.00784	0.00672
45	0.01771	0.01530	0.01610	0.01449	0.01852	0.01771	0.01127	0.03784	0.69247	0.02979	0.02898	0.02657	0.02174	0.00966	0.00725	0.00242	0.00564	0.00805	0.00725	0.01127
46	0.01558	0.01558	0.02181	0.01869	0.01869	0.02181	0.01558	0.01714	0.01091	0.01714	0.00935	0.01558	0.00935	0.01246	0.02337	0.00312	0.73672	0.00623	0.00312	0.00779
47	0.02660	0.03394	0.02018	0.01834	0.02201	0.72116	0.01376	0.02843	0.02018	0.01743	0.01101	0.01284	0.00917	0.00734	0.00642	0.00183	0.01284	0.00459	0.00367	0.00825
48	0.01242	0.00927	0.01218	0.01332	0.01532	0.00964	0.01144	0.01825	0.11877	0.02259	0.03638	0.07218	0.03807	0.01815	0.00944	0.00315	0.00642	0.55908	0.00666	0.00727
49	0.00863	0.00639	0.00806	0.00940	0.01019	0.00583	0.00638	0.00997	0.01413	0.01838	0.04550	0.61650	0.17167	0.02150	0.00896	0.00280	0.00403	0.01925	0.00661	0.00583
50	0.01811	0.61347	0.16971	0.01377	0.02073	0.02589	0.01495	0.02156	0.01458	0.01789	0.01046	0.01213	0.00911	0.00622	0.00500	0.00167	0.00819	0.00409	0.00304	0.00941
51	0.01937	0.72343	0.03665	0.01236	0.01843	0.02792	0.01224	0.04885	0.01526	0.01793	0.01020	0.01166	0.00926	0.00619	0.00468	0.00155	0.00762	0.00392	0.00322	0.00926
52	0.00848	0.00718	0.00732	0.00736	0.00967	0.00603	0.00549	0.01031	0.01627	0.01949	0.09080	0.09027	0.66099	0.01807	0.00844	0.00242	0.00362	0.01513	0.00665	0.00603
53	0.01563	0.01574	0.02270	0.01919	0.01951	0.02164	0.04477	0.01739	0.01116	0.01739	0.00957	0.01574	0.00941	0.01218	0.02271	0.00308	0.70486	0.00633	0.00314	0.00787
54	0.04995	0.03185	0.02001	0.01787	0.02177	0.62579	0.01355	0.09747	0.02135	0.02078	0.01162	0.01325	0.00944	0.00744	0.00643	0.00188	0.01209	0.00476	0.00406	0.00865
55	0.01527	0.01512	0.02121	0.01828	0.01835	0.02106	0.01519	0.01688	0.01094	0.01710	0.00991	0.01629	0.00984	0.01483	0.06371	0.00360	0.69525	0.00631	0.00316	0.00771
56	0.01237	0.00618	0.00928	0.00928	0.00928	0.00618	0.00618	0.00928	0.00928	0.01237	0.01237	0.02165	0.01237	0.02474	0.02783	0.79283	0.00618	0.00618	0.00309	0.00309
57	0.01745	0.01674	0.02858	0.07311	0.67732	0.01687	0.02176	0.02170	0.01613	0.02305	0.01336	0.01768	0.01120	0.00638	0.00705	0.00213	0.00850	0.00634	0.00351	0.01114
58	0.01550	0.01475	0.02507	0.39368	0.37194	0.01636	0.02080	0.01999	0.01521	0.02069	0.01302	0.01831	0.01037	0.00674	0.00708	0.00225	0.00898	0.00634	0.00334	0.00957
59	0.03195	0.01212	0.01652	0.01267	0.01818	0.01047	0.01047	0.03470	0.02038	0.71026	0.02809	0.02424	0.01763	0.00881	0.00716	0.00220	0.00606	0.00716	0.00881	0.01212
60	0.01428	0.03683	0.71286	0.02030	0.03082	0.01654	0.02631	0.02255	0.01503	0.02255	0.01278	0.01503	0.00902	0.00677	0.00677	0.00226	0.01052	0.00526	0.00301	0.01052
61	0.03195	0.01212	0.01652	0.01267	0.01818	0.01047	0.01047	0.03470	0.02038	0.71026	0.02809	0.02424	0.01763	0.00881	0.00716	0.00220	0.00606	0.00716	0.00881	0.01212
62	0.01003	0.00728	0.00945	0.00890	0.01061	0.00670	0.00668	0.01334	0.02003	0.02826	0.68168	0.05367	0.08727	0.01467	0.00840	0.00224	0.00337	0.01295	0.00780	0.00670
63	0.01345	0.01266	0.02136	0.73264	0.04904	0.01582	0.01978	0.01819	0.01424	0.01819	0.01266	0.01898	0.00949	0.00712	0.00712	0.00237	0.00949	0.00633	0.00316	0.00791
64	0.00842	0.00721	0.00721	0.00721	0.00962	0.00601	0.00541	0.01022	0.01623	0.01924	0.07213	0.06853	0.70244	0.01803	0.00842	0.00240	0.00361	0.01503	0.00661	0.00601
65	0.01762	0.01692	0.02890	0.04371	0.70533	0.01692	0.02185	0.02185	0.01621	0.02326	0.01339	0.01762	0.01128	0.00634	0.00705	0.00211	0.00846	0.00634	0.00352	0.01128
66	0.01327	0.00664	0.00664	0.00664	0.00830	0.00664	0.00498	0.01659	0.01493	0.02655	0.02323	0.02655	0.01825	0.00830	0.00498	0.00166	0.00332	0.00664	0.78928	0.00664
67	0.00868	0.00620	0.00826	0.00991	0.01033	0.00578	0.00661	0.00991	0.01363	0.01818	0.03925	0.74510	0.04710	0.02231	0.00909	0.00289	0.00413	0.02024	0.00661	0.00578
68	0.80005	0.01377	0.01047	0.00936	0.01377	0.01597	0.00771	0.02093	0.01212	0.03195	0.00991	0.01157	0.00771	0.00661	0.00441	0.00220	0.00551	0.00386	0.00441	0.00771
69	0.01001	0.00728	0.00942	0.00888	0.01059	0.00669	0.00666	0.01330	0.01999	0.02816	0.67471	0.05384	0.09430	0.01471	0.00840	0.00225	0.00337	0.01297	0.00779	0.00669
70	0.01477	0.01266	0.01477	0.01055	0.01687	0.00949	0.00844	0.01793	0.01477	0.02320	0.01266	0.01477	0.01055	0.00527	0.00527	0.00105	0.00527	0.00422	0.00422	0.79328
71	0.01771	0.01530	0.01610	0.01449	0.01852	0.01771	0.01127	0.03784	0.69247	0.02979	0.02898	0.02657	0.02174	0.00966	0.00725	0.00242	0.00564	0.00805	0.00725	0.01127
72	0.00867	0.00623	0.00823	0.00982	0.01030	0.00579	0.00657	0.00993	0.01372	0.01821	0.04040	0.72130	0.07015	0.02216	0.00906	0.00287	0.00411	0.02006	0.00661	0.00579
73	0.01904	0.75404	0.03731	0.01218	0.01828	0.02818	0.01218	0.02132	0.01447	0.01675	0.00990	0.01142	0.00914	0.00609	0.00457	0.00152	0.00761	0.00381	0.00305	0.00914
74	0.01147	0.00820	0.01147	0.01311	0.01475	0.00820	0.01147	0.01475	0.01639	0.02131	0.03770	0.08032	0.04098	0.01967	0.00984	0.00328	0.00656	0.65741	0.00656	0.00656
75	0.01891	0.64743	0.08307	0.01315	0.01932	0.02689	0.01334	0.04845	0.01516	0.01833	0.01038	0.01206	0.00926	0.00647	0.00550	0.00166	0.03400	0.00410	0.00321	0.00931
76	0.02682	0.03304	0.02003	0.01811	0.02186	0.69189	0.01362	0.02869	0.02019	0.04596	0.01171	0.01331	0.00952	0.00740	0.00645	0.00185	0.01256	0.00469	0.00388	0.00841
77	0.00953	0.00726	0.00876	0.00838	0.01030	0.00649	0.00629	0.01237	0.01886	0.02548	0.49365	0.05826	0.27703	0.01571	0.00840	0.00229	0.00344	0.01359	0.00743	0.00649
78	0.01327	0.00664	0.00664	0.00664	0.00830	0.00664	0.00498	0.01659	0.01493	0.02655	0.02323	0.02655	0.01825	0.00830	0.00498	0.00166	0.00332	0.00664	0.78928	0.00664
79	0.01301	0.00912	0.01026	0.00946	0.01034	0.00962	0.00611	0.11307	0.01400	0.01877	0.02173	0.06125	0.02392	0.59448	0.03065	0.00595	0.02792	0.00992	0.00478	0.00565
80	0.01558	0.01558	0.02181	0.01869	0.01869	0.02181	0.01558	0.01714	0.01091	0.01714	0.00935	0.01558	0.00935	0.01246	0.02337	0.00312	0.73672	0.00623	0.00312	0.00779
81	0.00868	0.00620	0.00826	0.00991	0.01033	0.00578	0.00661	0.00991	0.01363	0.01818	0.03925	0.74510	0.04710	0.02231	0.00909	0.00289	0.00413	0.02024	0.00661	0.00578
82	0.01439	0.03620	0.69124	0.02104	0.05214	0.01655	0.02617	0.02253	0.01507	0.02257	0.01280	0.01512	0.00909	0.00675	0.00677	0.00225	0.01046	0.00530	0.00302	0.01055
83	0.04369	0.47211	0.25653	0.01494	0.02234	0.04615	0.01670	0.02194	0.01476	0.01917	0.01088	0.01265	0.00905	0.00637	0.00534	0.00179	0.00866	0.00431	0.00310	0.00951
84	0.01762	0.01692	0.02890	0.04371	0.70533	0.01692	0.02185	0.02185	0.01621	0.02326	0.01339	0.01762	0.01128	0.00634	0.00705	0.00211	0.00846	0.00634	0.00352	0.01128
85	0.02657	0.01946	0.02084	0.01603	0.02158	0.02152	0.01322	0.65749	0.03281	0.04421	0.01732	0.01744	0.01233	0.00854	0.00705	0.00212	0.00767	0.00642	0.03546	0.01191
86	0.75035	0.01335	0.01038	0.00935	0.01357	0.01546	0.00766	0.02053	0.01218	0.03129	0.01062	0.01256	0.00836	0.00816	0.02738	0.00248	0.00587	0.00406	0.02875	0.00763
87	0.80005	0.01377	0.01047	0.00936	0.01377	0.01597	0.00771	0.02093	0.01212	0.03195	0.00991	0.01157	0.00771	0.00661	0.00441	0.00220	0.00551	0.00386	0.00441	0.00771
88	0.01797	0.01740	0.05013	0.04199	0.66235	0.01670	0.02164	0.02228	0.01631	0.04490	0.01384	0.01775	0.01141	0.00644	0.00704	0.00212	0.00845	0.00634	0.00368	0.01128
89	0.00902	0.00724	0.00805	0.00784	0.00999	0.00627	0.00588	0.01138	0.01765	0.02260	0.29928	0.06299	0.47320	0.01678	0.00841	0.00234	0.00352	0.01425	0.00705	0.00627
90	0.00876	0.00723	0.00769	0.00758	0.00983	0.00616	0.00568	0.01089	0.01705	0.02118	0.20343	0.06533	0.56993	0.01731	0.00841	0.00237	0.00356	0.01458	0.00687	0.00616
91	0.01017	0.00763	0.01144	0.01144	0.01272	0.00890	0.00890	0.01272	0.01144	0.01653	0.01907	0.02797	0.01780	0.05340	0.72153	0.01144	0.01907	0.00763	0.00381	0.00636
92	0.01367	0.01288	0.02222	0.66019	0.04682	0.01564	0.06330	0.01845	0.01443	0.01880	0.01314	0.01927	0.00989	0.00709	0.00713	0.00235	0.00944	0.00648	0.03085	0.00798
93	0.01957	0.02231	0.02293	0.02036	0.04994	0.27329	0.07285	0.02176	0.01501	0.01797	0.01088	0.01540	0.00977	0.01116	0.03851	0.00283	0.35797	0.00588	0.00340	0.00821
94	0.00844	0.00713	0.00730	0.00744	0.00968	0.00599	0.00551	0.01019	0.01601	0.01915	0.06936	0.12562	0.64714	0.01839	0.00847	0.00245	0.00365	0.01547	0.00661	0.00599
95	0.02660	0.03394	0.02018	0.01834	0.02201	0.72116	0.01376	0.02843	0.02018	0.01743	0.01101	0.01284	0.00917	0.00734	0.00642	0.00183	0.01284	0.00459	0.00367	0.00825
96	0.00870	0.00722	0.00761	0.00751	0.00979	0.00613	0.00564	0.01077	0.01691	0.02084	0.18061	0.06588	0.59296	0.01743	0.00841	0.00238	0.00356	0.01466	0.00682	0.00613
97	0.00878	0.00632	0.00832	0.00974	0.01033	0.00587	0.00658	0.01020	0.01424	0.01904	0.09285	0.66584	0.07243	0.02154	0.00901	0.00282	0.00405	0.01947	0.00671	0.00587
98	0.00885	0.00649	0.00831	0.00943	0.01028	0.00595	0.00647	0.01047	0.01492	0.01983	0.14028	0.55641	0.13488	0.02062	0.00890	0.00273	0.00395	0.01849	0.00679	0.00595
99	0.00870	0.00627	0.00825	0.00977	0.01031	0.00582	0.00656	0.01003	0.01393	0.01852	0.05968	0.69599	0.07601	0.02190	0.00904	0.00285	0.00409	0.01981	0.00665	0.00582
100	0.01017	0.00763	0.01144	0.01144	0.01272	0.00890	0.00890	0.01272	0.01144	0.01653	0.01907	0.02797	0.01780	0.05340	0.72153	0.01144	0.01907	0.00763	0.00381	0.00636
101	0.01345	0.01266	0.02136	0.73264	0.04904	0.01582	0.01978	0.01819	0.01424	0.01819	0.01266	0.01898	0.00949	0.00712	0.00712	0.00237	0.00949	0.00633	0.00316	0.00791
102	0.80005	0.01377	0.01047	0.00936	0.01377	0.01597	0.00771	0.02093	0.01212	0.03195	0.00991	0.01157	0.00771	0.00661	0.00441	0.00220	0.00551	0.00386	0.00441	0.00771
103	0.01345	0.01266	0.02136	0.73264	0.04904	0.01582	0.01978	0.01819	0.01424	0.01819	0.01266	0.01898	0.00949	0.00712	0.00712	0.00237	0.00949	0.00633	0.00316	0.00791
104	0.02351	0.02883	0.02032	0.01823	0.02096	0.53464	0.01405	0.02530	0.01773	0.01733	0.01084	0.01392	0.00946	0.00986	0.03069	0.00241	0.18522	0.00506	0.00354	0.00809
105	0.01017	0.00763	0.01144	0.01144	0.01272	0.00890	0.00890	0.01272	0.01144	0.01653	0.01907	0.02797	0.01780	0.05340	0.72153	0.01144	0.01907	0.00763	0.00381	0.00636
106	0.01904	0.75404	0.03731	0.01218	0.01828	0.02818	0.01218	0.02132	0.01447	0.01675	0.00990	0.01142	0.00914	0.00609	0.00457	0.00152	0.00761	0.00381	0.00305	0.00914
107	0.01447	0.01227	0.01430	0.01036	0.01627	0.00932	0.00816	0.01743	0.01447	0.02258	0.01331	0.01688	0.01157	0.05478	0.00733	0.00144	0.00538	0.00463	0.00423	0.74082
108	0.01889	0.01944	0.02807	0.03963	0.58591	0.11807	0.04167	0.02283	0.01680	0.02241	0.01308	0.01699	0.01096	0.00648	0.00700	0.00208	0.00920	0.00616	0.00355	0.01079
109	0.02493	0.05226	0.02192	0.01991	0.07995	0.46751	0.03447	0.14459	0.02177	0.02331	0.01278	0.01462	0.01023	0.00742	0.00655	0.00191	0.01105	0.00522	0.03037	0.00922
110	0.01345	0.01266	0.02136	0.73264	0.04904	0.01582	0.01978	0.01819	0.01424	0.01819	0.01266	0.01898	0.00949	0.00712	0.00712	0.00237	0.00949	0.00633	0.00316	0.00791
111	0.01474	0.01370	0.04495	0.01097	0.01748	0.00980	0.00921	0.01813	0.01478	0.02317	0.01266	0.01478	0.01048	0.00534	0.00534	0.00111	0.00550	0.00426	0.00417	0.75944
112	0.01222	0.00946	0.01196	0.01070	0.01333	0.00928	0.03654	0.01855	0.14660	0.04944	0.40098	0.04866	0.17668	0.01374	0.00814	0.00231	0.00430	0.01199	0.00734	0.00775
113	0.00880	0.00723	0.00775	0.00762	0.00986	0.00618	0.00571	0.01097	0.01714	0.02141	0.21876	0.06496	0.55446	0.01722	0.00841	0.00237	0.00355	0.01453	0.00690	0.00618
114	0.01477	0.01266	0.01477	0.01055	0.01687	0.00949	0.00844	0.01793	0.01477	0.02320	0.01266	0.01477	0.01055	0.00527	0.00527	0.00105	0.00527	0.00422	0.00422	0.79328
115	0.00937	0.00694	0.00918	0.00993	0.01075	0.00675	0.00699	0.01126	0.01549	0.02119	0.23212	0.49248	0.07039	0.01950	0.00948	0.00270	0.03516	0.01734	0.00682	0.00615
116	0.01147	0.00820	0.01147	0.01311	0.01475	0.00820	0.01147	0.01475	0.01639	0.02131	0.03770	0.08032	0.04098	0.01967	0.00984	0.00328	0.00656	0.65741	0.00656	0.00656
117	0.00868	0.00620	0.00826	0.00991	0.01033	0.00578	0.00661	0.00991	0.01363	0.01818	0.03925	0.74510	0.04710	0.02231	0.00909	0.00289	0.00413	0.02024	0.00661	0.00578
118	0.01237	0.00618	0.00928	0.00928	0.00928	0.00618	0.00618	0.00928	0.00928	0.01237	0.01237	0.02165	0.01237	0.02474	0.02783	0.79283	0.00618	0.00618	0.00309	0.00309
119	0.01734	0.01663	0.02839	0.09057	0.66069	0.01684	0.02171	0.02160	0.01608	0.02292	0.01334	0.01772	0.01116	0.00640	0.00705	0.00213	0.00853	0.00634	0.00350	0.01105
120	0.01477	0.01266	0.01477	0.01055	0.01687	0.00949	0.00844	0.01793	0.01477	0.02320	0.01266	0.01477	0.01055	0.00527	0.00527	0.00105	0.00527	0.00422	0.00422	0.79328
121	0.01038	0.00808	0.01210	0.07193	0.01557	0.00941	0.00966	0.01287	0.01202	0.01696	0.02149	0.14351	0.02159	0.04309	0.52227	0.00901	0.03989	0.00953	0.00419	0.00644
122	0.02624	0.01371	0.04496	0.01266	0.01855	0.01120	0.01076	0.05803	0.04006	0.45885	0.02312	0.02123	0.01537	0.00785	0.00667	0.00192	0.00611	0.00634	0.00729	0.20909
123	0.01477	0.01266	0.01477	0.01055	0.01687	0.00949	0.00844	0.01793	0.01477	0.02320	0.01266	0.01477	0.01055	0.00527	0.00527	0.00105	0.00527	0.00422	0.00422	0.79328
124	0.00842	0.00721	0.00721	0.00721	0.00962	0.00601	0.00541	0.01022	0.01623	0.01924	0.07213	0.06853	0.70244	0.01803	0.00842	0.00240	0.00361	0.01503	0.00661	0.00601
125	0.01019	0.00758	0.01119	0.01119	0.01237	0.00876	0.00858	0.01255	0.01137	0.01634	0.01931	0.02928	0.01837	0.10232	0.67339	0.01112	0.01822	0.00782	0.00385	0.00621
126	0.01477	0.01266	0.01477	0.01055	0.01687	0.00949	0.00844	0.01793	0.01477	0.02320	0.01266	0.01477	0.01055	0.00527	0.00527	0.00105	0.00527	0.00422	0.00422	0.79328
127	0.01660	0.01587	0.02705	0.21296	0.54410	0.01665	0.02134	0.02095	0.01573	0.02202	0.01321	0.01796	0.01084	0.00653	0.00707	0.00218	0.00871	0.00634	0.00344	0.01045
128	0.00872	0.00623	0.00830	0.00988	0.01034	0.00581	0.00661	0.01003	0.01385	0.01852	0.06100	0.72238	0.04776	0.02205	0.00907	0.00287	0.00411	0.02000	0.00665	0.00581
129	0.01001	0.00728	0.00942	0.00888	0.01059	0.00669	0.00666	0.01330	0.01998	0.02814	0.67390	0.05386	0.09512	0.01471	0.00840	0.00225	0.00337	0.01297	0.00778	0.00669
130	0.01763	0.01686	0.02848	0.04274	0.68250	0.01695	0.02150	0.02238	0.03870	0.02348	0.01391	0.01792	0.01163	0.00645	0.00706	0.00212	0.00837	0.00640	0.00365	0.01128
131	0.02591	0.03268	0.02023	0.01879	0.04144	0.67516	0.01380	0.02786	0.01987	0.01780	0.01113	0.01305	0.00928	0.00723	0.00640	0.00181	0.01244	0.00462	0.00368	0.03679
132	0.00997	0.00727	0.00937	0.00884	0.01057	0.00667	0.00663	0.01323	0.01990	0.02795	0.66057	0.05419	0.10857	0.01478	0.00840	0.00225	0.00338	0.01302	0.00776	0.00667
133	0.02771	0.01164	0.01519	0.01202	0.01700	0.01032	0.00981	0.03148	0.06431	0.56832	0.03433	0.03060	0.11391	0.01016	0.00734	0.00225	0.00569	0.00832	0.00840	0.01121
134	0.01800	0.59765	0.18462	0.01395	0.02101	0.02564	0.01526	0.02159	0.01459	0.01802	0.01053	0.01221	0.00911	0.00624	0.00505	0.00168	0.00825	0.00412	0.00304	0.00944
135	0.77653	0.03607	0.01127	0.00945	0.01391	0.01634	0.00785	0.02094	0.01219	0.03149	0.00991	0.01156	0.00775	0.00659	0.00441	0.00218	0.00557	0.00385	0.00437	0.00775
136	0.00879	0.00628	0.00839	0.01005	0.01051	0.00588	0.00681	0.01011	0.01375	0.01831	0.03918	0.71772	0.04684	0.02220	0.00912	0.00291	0.00423	0.04649	0.00661	0.00582
137	0.01818	0.01631	0.03978	0.01480	0.01915	0.01794	0.01192	0.07747	0.62867	0.03049	0.02770	0.02559	0.02071	0.00949	0.00722	0.00239	0.00594	0.00785	0.00710	0.01130
138	0.01068	0.00756	0.00909	0.00888	0.00901	0.00810	0.00554	0.01105	0.01051	0.01431	0.02121	0.04258	0.02394	0.62779	0.10717	0.00713	0.05671	0.00980	0.00418	0.00476
139	0.01491	0.08844	0.59612	0.02108	0.05182	0.01751	0.06855	0.02245	0.01515	0.02216	0.01269	0.01512	0.00922	0.00665	0.00672	0.00221	0.01034	0.00540	0.00307	0.01038
140	0.01439	0.03607	0.68385	0.02072	0.03110	0.01660	0.05455	0.02256	0.01511	0.02256	0.01285	0.01521	0.00910	0.00673	0.00684	0.00226	0.01059	0.00540	0.00303	0.01048
141	0.01771	0.01530	0.01610	0.01449	0.01852	0.01771	0.01127	0.03784	0.69247	0.02979	0.02898	0.02657	0.02174	0.00966	0.00725	0.00242	0.00564	0.00805	0.00725	0.01127
142	0.01749	0.01679	0.02867	0.06509	0.68496	0.01688	0.02179	0.02174	0.01615	0.02311	0.01337	0.01767	0.01122	0.00637	0.00705	0.00212	0.00849	0.00634	0.00351	0.01117
143	0.01682	0.03332	0.60665	0.01925	0.02902	0.01600	0.02399	0.04591	0.01629	0.10548	0.01475	0.01620	0.01015	0.00707	0.00682	0.00224	0.00990	0.00553	0.00384	0.01077
144	0.01055	0.00784	0.01080	0.01286	0.04270	0.00759	0.00979	0.01308	0.01548	0.02019	0.04032	0.29177	0.10260	0.01980	0.00934	0.00302	0.00558	0.36378	0.00645	0.00646
145	0.01345	0.01266	0.02136	0.73264	0.04904	0.01582	0.01978	0.01819	0.01424	0.01819	0.01266	0.01898	0.00949	0.00712	0.00712	0.00237	0.00949	0.00633	0.00316	0.00791
146	0.02662	0.03347	0.02022	0.01828	0.02202	0.69789	0.01375	0.05018	0.02062	0.01834	0.01121	0.01298	0.00927	0.00738	0.00644	0.00184	0.01267	0.00465	0.00378	0.00838
147	0.01501	0.01487	0.02302	0.49229	0.17274	0.06017	0.04734	0.01940	0.01519	0.01937	0.01534	0.02048	0.03983	0.00741	0.00717	0.00229	0.00936	0.00669	0.00343	0.00858
148	0.80005	0.01377	0.01047	0.00936	0.01377	0.01597	0.00771	0.02093	0.01212	0.03195	0.00991	0.01157	0.00771	0.00661	0.00441	0.00220	0.00551	0.00386	0.00441	0.00771
149	0.00867	0.00622	0.00823	0.00984	0.01031	0.00579	0.00658	0.00992	0.01370	0.01821	0.04013	0.72690	0.06473	0.02219	0.00907	0.00288	0.00412	0.02010	0.00661	0.00579
150	0.02283	0.02861	0.04945	0.01936	0.05088	0.49148	0.01482	0.02496	0.01762	0.01785	0.01163	0.03444	0.01037	0.00879	0.01016	0.00217	0.16717	0.00549	0.00360	0.00831
151	0.02729	0.01803	0.02002	0.01548	0.02095	0.01938	0.01273	0.53987	0.03038	0.16465	0.01989	0.04477	0.01438	0.00909	0.00720	0.00218	0.00738	0.00705	0.00741	0.01188
152	0.01523	0.05969	0.01758	0.01220	0.01766	0.01209	0.03720	0.04503	0.01526	0.02290	0.01449	0.06909	0.01317	0.00723	0.00692	0.00146	0.05436	0.00578	0.00434	0.56832
153	0.02020	0.01249	0.01532	0.01122	0.01729	0.00980	0.00908	0.02324	0.01654	0.24053	0.01754	0.01776	0.01279	0.00639	0.00587	0.00142	0.00552	0.00515	0.00567	0.54619
154	0.00875	0.00633	0.00828	0.00968	0.01030	0.00586	0.00654	0.01017	0.01423	0.01894	0.08576	0.65612	0.08966	0.02152	0.00900	0.00282	0.00405	0.01942	0.00669	0.00586
155	0.01224	0.00922	0.01192	0.01295	0.01501	0.00952	0.01106	0.01801	0.12007	0.02248	0.03854	0.07133	0.07973	0.01803	0.00935	0.00309	0.00623	0.51732	0.00667	0.00725
156	0.01762	0.01692	0.02890	0.04371	0.70533	0.01692	0.02185	0.02185	0.01621	0.02326	0.01339	0.01762	0.01128	0.00634	0.00705	0.00211	0.00846	0.00634	0.00352	0.01128
157	0.00868	0.00620	0.00826	0.00991	0.01033	0.00578	0.00661	0.00991	0.01363	0.01818	0.03925	0.74510	0.04710	0.02231	0.00909	0.00289	0.00413	0.02024	0.00661	0.00578
158	0.01953	0.01620	0.01713	0.01486	0.01921	0.01856	0.01171	0.16301	0.56433	0.03272	0.02667	0.02473	0.01986	0.00944	0.00722	0.00236	0.00606	0.00773	0.00722	0.01143
