[name]
unknown

[dist]
# distance from previous block
# <min> <max>
10	98

[block]
# block no. 0 follows, 30 sequences, length 81
# corresponding to MSA columns:
# 99-179
name=unknown_A
#
# <colnr> <probs for GDERKNQSTAVLIFYWHMCP>
#	G	D	E	R	K	N	Q	S	T	A	V	L	I	F	Y	W	H	M	C	P
0	0.04628	0.26559	0.23085	0.01534	0.02205	0.06135	0.03509	0.04551	0.07690	0.09403	0.03500	0.01656	0.01265	0.00716	0.00601	0.00196	0.00821	0.00538	0.00429	0.00978
1	0.01896	0.01272	0.01502	0.01126	0.01689	0.01077	0.00908	0.08882	0.03939	0.17358	0.02062	0.02070	0.06054	0.00724	0.00602	0.00152	0.00548	0.00582	0.00564	0.46992
2	0.00985	0.00746	0.00863	0.03322	0.01142	0.00662	0.00640	0.01224	0.01723	0.04923	0.27015	0.05896	0.45185	0.01586	0.00815	0.00230	0.00375	0.01345	0.00683	0.00641
3	0.02485	0.06504	0.02050	0.01563	0.02051	0.17462	0.01265	0.39827	0.09058	0.05904	0.01671	0.01694	0.01234	0.00808	0.00663	0.00201	0.00833	0.00593	0.03071	0.01063
4	0.01447	0.01240	0.01447	0.01034	0.01654	0.00930	0.00827	0.01757	0.01447	0.02274	0.01240	0.01447	0.01034	0.00517	0.00517	0.00103	0.00517	0.00413	0.00413	0.79742
5	0.02580	0.01918	0.02053	0.01591	0.02136	0.02130	0.01309	0.63608	0.08588	0.04280	0.01768	0.01749	0.01262	0.00846	0.00699	0.00212	0.00751	0.00641	0.00699	0.01180
6	0.02471	0.03041	0.01915	0.01739	0.02104	0.61594	0.01310	0.02930	0.12581	0.01897	0.01354	0.01469	0.01091	0.00755	0.00642	0.00189	0.01148	0.00502	0.00414	0.00855
7	0.01736	0.01499	0.01578	0.01420	0.01815	0.01736	0.01105	0.03708	0.69862	0.02919	0.02840	0.02604	0.02130	0.00947	0.00710	0.00237	0.00552	0.00789	0.00710	0.01105
8	0.01399	0.01324	0.02240	0.59940	0.18027	0.01572	0.01979	0.01854	0.01434	0.01882	0.01255	0.01834	0.00965	0.00683	0.00696	0.00228	0.00910	0.00620	0.00317	0.00841
9	0.00903	0.00670	0.00842	0.00883	0.01012	0.00609	0.00631	0.01122	0.01652	0.02228	0.32555	0.33086	0.17661	0.01790	0.00850	0.00248	0.00364	0.01586	0.00698	0.00609
10	0.80405	0.01350	0.01026	0.00918	0.01350	0.01565	0.00756	0.02051	0.01188	0.03131	0.00972	0.01134	0.00756	0.00648	0.00432	0.00216	0.00540	0.00378	0.00432	0.00756
11	0.01212	0.00606	0.00909	0.00909	0.00909	0.00606	0.00606	0.00909	0.00909	0.01212	0.01212	0.02121	0.01212	0.02424	0.02727	0.79697	0.00606	0.00606	0.00303	0.00303
12	0.00825	0.00707	0.00707	0.00707	0.00943	0.00589	0.00530	0.01001	0.01591	0.01885	0.07069	0.06716	0.70839	0.01767	0.00825	0.00236	0.00353	0.01473	0.00648	0.00589
13	0.80405	0.01350	0.01026	0.00918	0.01350	0.01565	0.00756	0.02051	0.01188	0.03131	0.00972	0.01134	0.00756	0.00648	0.00432	0.00216	0.00540	0.00378	0.00432	0.00756
14	0.01736	0.01499	0.01578	0.01420	0.01815	0.01736	0.01105	0.03708	0.69862	0.02919	0.02840	0.02604	0.02130	0.00947	0.00710	0.00237	0.00552	0.00789	0.00710	0.01105
15	0.80405	0.01350	0.01026	0.00918	0.01350	0.01565	0.00756	0.02051	0.01188	0.03131	0.00972	0.01134	0.00756	0.00648	0.00432	0.00216	0.00540	0.00378	0.00432	0.00756
16	0.00988	0.00713	0.00933	0.00878	0.01043	0.00658	0.00658	0.01317	0.01975	0.02798	0.70754	0.05213	0.06584	0.01427	0.00823	0.00219	0.00329	0.01262	0.00768	0.00658
17	0.01124	0.00803	0.01124	0.01285	0.01446	0.00803	0.01124	0.01446	0.01606	0.02088	0.03695	0.07871	0.04016	0.01928	0.00964	0.00321	0.00643	0.66426	0.00643	0.00643
18	0.80405	0.01350	0.01026	0.00918	0.01350	0.01565	0.00756	0.02051	0.01188	0.03131	0.00972	0.01134	0.00756	0.00648	0.00432	0.00216	0.00540	0.00378	0.00432	0.00756
19	0.01357	0.01303	0.02301	0.55787	0.04264	0.01536	0.11767	0.01813	0.01423	0.01876	0.01382	0.04420	0.01107	0.00754	0.00768	0.00235	0.03320	0.00699	0.03101	0.00788
20	0.02590	0.01906	0.02043	0.01573	0.02111	0.02107	0.01292	0.66214	0.03195	0.04282	0.01695	0.01786	0.01238	0.03681	0.00807	0.00227	0.00764	0.00643	0.00688	0.01158
21	0.01124	0.00803	0.01124	0.01285	0.01446	0.00803	0.01124	0.01446	0.01606	0.02088	0.03695	0.07871	0.04016	0.01928	0.00964	0.00321	0.00643	0.66426	0.00643	0.00643
22	0.01301	0.00650	0.00650	0.00650	0.00813	0.00650	0.00488	0.01626	0.01463	0.02602	0.02276	0.02602	0.01789	0.00813	0.00488	0.00163	0.00325	0.00650	0.79350	0.00650
23	0.20057	0.01430	0.01601	0.01270	0.01781	0.01467	0.01044	0.19034	0.06393	0.35757	0.02101	0.01944	0.01406	0.00815	0.00642	0.00216	0.00622	0.00618	0.00718	0.01086
24	0.01527	0.01527	0.02137	0.01832	0.01832	0.02137	0.01527	0.01679	0.01069	0.01679	0.00916	0.01527	0.00916	0.01221	0.02290	0.00305	0.74198	0.00611	0.00305	0.00763
25	0.00848	0.00617	0.00800	0.00947	0.01006	0.00569	0.00637	0.00974	0.01360	0.01791	0.04150	0.68586	0.10854	0.02147	0.00884	0.00279	0.00400	0.01936	0.00648	0.00569
26	0.00842	0.00684	0.00749	0.00798	0.00979	0.00591	0.00582	0.01009	0.01523	0.01864	0.06087	0.25090	0.50739	0.01885	0.00847	0.00251	0.00377	0.03870	0.00648	0.00585
27	0.04782	0.02065	0.02462	0.13850	0.36515	0.21752	0.04367	0.02271	0.01657	0.02073	0.01227	0.01599	0.01006	0.00660	0.00670	0.00205	0.00969	0.00572	0.00348	0.00953
28	0.03131	0.01188	0.01619	0.01242	0.01781	0.01026	0.01026	0.03401	0.01997	0.71606	0.02753	0.02375	0.01727	0.00864	0.00702	0.00216	0.00594	0.00702	0.00864	0.01188
29	0.80405	0.01350	0.01026	0.00918	0.01350	0.01565	0.00756	0.02051	0.01188	0.03131	0.00972	0.01134	0.00756	0.00648	0.00432	0.00216	0.00540	0.00378	0.00432	0.00756
30	0.00997	0.00748	0.01121	0.01121	0.01246	0.00872	0.00872	0.01246	0.01121	0.01620	0.01869	0.02741	0.01745	0.05234	0.72710	0.01121	0.01869	0.00748	0.00374	0.00623
31	0.02006	0.01563	0.01785	0.01706	0.08399	0.01739	0.01232	0.14351	0.46606	0.08934	0.02495	0.02347	0.01843	0.00891	0.00706	0.00228	0.00618	0.00739	0.00687	0.01125
32	0.00901	0.00646	0.00855	0.00937	0.01023	0.00600	0.00652	0.01098	0.01571	0.02155	0.28412	0.49390	0.05338	0.01907	0.00866	0.00260	0.00377	0.01719	0.00692	0.00600
33	0.01736	0.01499	0.01578	0.01420	0.01815	0.01736	0.01105	0.03708	0.69862	0.02919	0.02840	0.02604	0.02130	0.00947	0.00710	0.00237	0.00552	0.00789	0.00710	0.01105
34	0.00953	0.00712	0.00885	0.00842	0.01021	0.00644	0.00631	0.01250	0.01894	0.02606	0.57338	0.05529	0.20121	0.01498	0.00823	0.00223	0.00334	0.01306	0.00743	0.00644
35	0.01015	0.00677	0.00761	0.00761	0.00761	0.00677	0.00423	0.01015	0.01015	0.01353	0.02199	0.04567	0.02537	0.75476	0.03552	0.00677	0.00677	0.01015	0.00423	0.00423
36	0.02322	0.02729	0.01847	0.01674	0.02045	0.49481	0.01269	0.03088	0.24173	0.02104	0.01655	0.01698	0.01301	0.00794	0.00656	0.00198	0.01028	0.00560	0.00474	0.00906
37	0.01318	0.01240	0.02093	0.73798	0.04806	0.01550	0.01938	0.01783	0.01395	0.01783	0.01240	0.01860	0.00930	0.00698	0.00698	0.00233	0.00930	0.00620	0.00310	0.00775
38	0.01736	0.01499	0.01578	0.01420	0.01815	0.01736	0.01105	0.03708	0.69862	0.02919	0.02840	0.02604	0.02130	0.00947	0.00710	0.00237	0.00552	0.00789	0.00710	0.01105
39	0.01234	0.00972	0.01373	0.01155	0.01497	0.00831	0.08302	0.01495	0.01559	0.06452	0.10180	0.22291	0.18311	0.01353	0.00760	0.00213	0.00511	0.01209	0.00584	0.19716
40	0.02653	0.01955	0.02094	0.01606	0.02164	0.02164	0.01326	0.68796	0.03281	0.04398	0.01675	0.01675	0.01187	0.00838	0.00698	0.00209	0.00768	0.00628	0.00698	0.01187
41	0.01727	0.01658	0.02832	0.04283	0.71123	0.01658	0.02142	0.02142	0.01589	0.02280	0.01313	0.01727	0.01105	0.00622	0.00691	0.00207	0.00829	0.00622	0.00345	0.01105
42	0.03131	0.01188	0.01619	0.01242	0.01781	0.01026	0.01026	0.03401	0.01997	0.71606	0.02753	0.02375	0.01727	0.00864	0.00702	0.00216	0.00594	0.00702	0.00864	0.01188
43	0.01635	0.01966	0.07396	0.02895	0.03617	0.01758	0.65394	0.02234	0.01639	0.02234	0.01404	0.01863	0.01050	0.00592	0.00816	0.00235	0.01169	0.00809	0.00350	0.00946
44	0.01621	0.01710	0.12363	0.01351	0.01987	0.01277	0.03220	0.07386	0.07853	0.04546	0.01462	0.01618	0.01140	0.00641	0.00648	0.00156	0.03213	0.00508	0.00453	0.46845
45	0.00850	0.00607	0.00810	0.00972	0.01012	0.00567	0.00648	0.00972	0.01336	0.01781	0.03846	0.75020	0.04615	0.02186	0.00891	0.00283	0.00405	0.01984	0.00648	0.00567
46	0.00865	0.00655	0.00799	0.00876	0.00996	0.00589	0.00614	0.01037	0.01518	0.01980	0.15792	0.42761	0.25125	0.01934	0.00860	0.00258	0.00377	0.01710	0.00668	0.00589
47	0.02113	0.49465	0.05731	0.01356	0.01945	0.06588	0.01281	0.17581	0.01901	0.04536	0.01207	0.01309	0.00989	0.00671	0.00532	0.00170	0.00787	0.00452	0.00412	0.00972
48	0.01085	0.00844	0.01243	0.01346	0.03590	0.00815	0.04981	0.01368	0.01553	0.02019	0.03915	0.20377	0.11778	0.01840	0.00916	0.00295	0.00599	0.40165	0.00618	0.00653
49	0.80405	0.01350	0.01026	0.00918	0.01350	0.01565	0.00756	0.02051	0.01188	0.03131	0.00972	0.01134	0.00756	0.00648	0.00432	0.00216	0.00540	0.00378	0.00432	0.00756
50	0.03131	0.01188	0.01619	0.01242	0.01781	0.01026	0.01026	0.03401	0.01997	0.71606	0.02753	0.02375	0.01727	0.00864	0.00702	0.00216	0.00594	0.00702	0.00864	0.01188
51	0.01755	0.01906	0.02522	0.12673	0.11383	0.15328	0.13481	0.02123	0.03548	0.01911	0.01190	0.01645	0.01001	0.00855	0.01236	0.00244	0.25373	0.00626	0.00342	0.00859
52	0.00999	0.00650	0.00890	0.00964	0.00997	0.00646	0.00653	0.01003	0.01222	0.01648	0.07143	0.42107	0.03480	0.06770	0.01643	0.23699	0.03044	0.01423	0.00528	0.00493
53	0.02804	0.01115	0.01515	0.01186	0.01669	0.00970	0.00970	0.03083	0.01994	0.61108	0.13128	0.02808	0.02468	0.00950	0.00720	0.00216	0.00553	0.00787	0.00849	0.01107
54	0.02127	0.35426	0.03026	0.01608	0.02144	0.10533	0.10654	0.11062	0.01795	0.08862	0.01306	0.01462	0.01039	0.00707	0.00695	0.00189	0.05469	0.00525	0.00421	0.00950
55	0.02499	0.01878	0.02008	0.01574	0.02105	0.02092	0.01289	0.57878	0.14449	0.04150	0.01871	0.01831	0.01345	0.00856	0.00700	0.00214	0.00732	0.00655	0.00700	0.01173
56	0.01447	0.01240	0.01447	0.01034	0.01654	0.00930	0.00827	0.01757	0.01447	0.02274	0.01240	0.01447	0.01034	0.00517	0.00517	0.00103	0.00517	0.00413	0.00413	0.79742
57	0.01903	0.01915	0.02007	0.07055	0.15291	0.21860	0.01462	0.04436	0.01640	0.06086	0.03772	0.09621	0.01589	0.01004	0.01053	0.00232	0.17046	0.00743	0.00427	0.00858
58	0.02747	0.09588	0.06136	0.01391	0.01972	0.01593	0.01227	0.23076	0.02294	0.39550	0.02145	0.01974	0.01424	0.00815	0.00671	0.00207	0.00689	0.00633	0.00719	0.01147
59	0.00945	0.00680	0.00894	0.00907	0.01033	0.00630	0.00655	0.01209	0.01776	0.02481	0.49906	0.26964	0.05971	0.01663	0.00844	0.00239	0.00353	0.01487	0.00731	0.00630
60	0.06178	0.01194	0.01596	0.01229	0.01764	0.01047	0.01015	0.03348	0.01965	0.68905	0.02683	0.02326	0.01689	0.00855	0.00691	0.00216	0.00592	0.00689	0.00847	0.01171
61	0.02740	0.01802	0.04336	0.01519	0.02089	0.01836	0.01287	0.48723	0.02870	0.22627	0.01954	0.01859	0.01324	0.00839	0.00698	0.00212	0.00729	0.00644	0.00729	0.01182
62	0.01597	0.01796	0.03870	0.07312	0.03624	0.01708	0.61931	0.02161	0.01620	0.02190	0.01490	0.04549	0.01180	0.00653	0.00818	0.00237	0.01133	0.00853	0.00361	0.00917
63	0.02653	0.01955	0.02094	0.01606	0.02164	0.02164	0.01326	0.68796	0.03281	0.04398	0.01675	0.01675	0.01187	0.00838	0.00698	0.00209	0.00768	0.00628	0.00698	0.01187
64	0.01866	0.75896	0.03657	0.01194	0.01791	0.02761	0.01194	0.02090	0.01418	0.01642	0.00970	0.01119	0.00896	0.00597	0.00448	0.00149	0.00746	0.00373	0.00299	0.00896
65	0.00988	0.00713	0.00933	0.00878	0.01043	0.00658	0.00658	0.01317	0.01975	0.02798	0.70754	0.05213	0.06584	0.01427	0.00823	0.00219	0.00329	0.01262	0.00768	0.00658
66	0.00980	0.00713	0.00922	0.00870	0.01038	0.00655	0.00652	0.01302	0.01957	0.02754	0.67673	0.05285	0.09694	0.01443	0.00823	0.00220	0.00330	0.01272	0.00762	0.00655
67	0.01015	0.00677	0.00761	0.00761	0.00761	0.00677	0.00423	0.01015	0.01015	0.01353	0.02199	0.04567	0.02537	0.75476	0.03552	0.00677	0.00677	0.01015	0.00423	0.00423
68	0.02367	0.01813	0.01933	0.01548	0.02055	0.02031	0.01257	0.48519	0.24023	0.03937	0.02038	0.01965	0.01481	0.00872	0.00702	0.00218	0.00701	0.00678	0.00702	0.01161
69	0.00842	0.00713	0.00732	0.00741	0.00972	0.00602	0.00565	0.01028	0.01592	0.01897	0.06870	0.06784	0.66888	0.01777	0.00833	0.00241	0.00371	0.05313	0.00648	0.00592
70	0.00988	0.00713	0.00933	0.00878	0.01043	0.00658	0.00658	0.01317	0.01975	0.02798	0.70754	0.05213	0.06584	0.01427	0.00823	0.00219	0.00329	0.01262	0.00768	0.00658
71	0.75808	0.01385	0.01089	0.00958	0.01398	0.01601	0.00789	0.05998	0.01311	0.03206	0.01013	0.01166	0.00781	0.00659	0.00448	0.00216	0.00553	0.00393	0.00448	0.00781
72	0.00999	0.00739	0.01076	0.01076	0.01185	0.00848	0.00816	0.01217	0.01108	0.01586	0.01911	0.02972	0.01845	0.14105	0.63976	0.01065	0.01719	0.00781	0.00380	0.00598
73	0.01447	0.01240	0.01447	0.01034	0.01654	0.00930	0.00827	0.01757	0.01447	0.02274	0.01240	0.01447	0.01034	0.00517	0.00517	0.00103	0.00517	0.00413	0.00413	0.79742
74	0.02621	0.01939	0.02076	0.01599	0.02152	0.02149	0.01319	0.66557	0.05571	0.04347	0.01715	0.01707	0.01219	0.00841	0.00698	0.00210	0.00760	0.00634	0.00698	0.01184
75	0.01866	0.75896	0.03657	0.01194	0.01791	0.02761	0.01194	0.02090	0.01418	0.01642	0.00970	0.01119	0.00896	0.00597	0.00448	0.00149	0.00746	0.00373	0.00299	0.00896
76	0.00988	0.00713	0.00933	0.00878	0.01043	0.00658	0.00658	0.01317	0.01975	0.02798	0.70754	0.05213	0.06584	0.01427	0.00823	0.00219	0.00329	0.01262	0.00768	0.00658
77	0.01325	0.01224	0.02046	0.64803	0.08467	0.01494	0.01859	0.01771	0.01407	0.01838	0.01369	0.04431	0.01097	0.00749	0.00697	0.00231	0.00887	0.00669	0.02855	0.00783
78	0.01981	0.01754	0.02513	0.04261	0.02417	0.02055	0.14788	0.27852	0.02053	0.02849	0.01320	0.01666	0.01050	0.00930	0.01330	0.00252	0.28839	0.00660	0.00467	0.00963
79	0.00988	0.00713	0.00933	0.00878	0.01043	0.00658	0.00658	0.01317	0.01975	0.02798	0.70754	0.05213	0.06584	0.01427	0.00823	0.00219	0.00329	0.01262	0.00768	0.00658
80	0.00946	0.00719	0.00871	0.00965	0.01077	0.00694	0.00674	0.01251	0.07808	0.01896	0.04255	0.50172	0.16350	0.05531	0.00993	0.00291	0.00430	0.03817	0.00643	0.00617

[dist]
# distance from previous block
# <min> <max>
0	4

[block]
# block no. 1 follows, 30 sequences, length 215
# corresponding to MSA columns:
# 184-398
name=unknown_B
#
# <colnr> <probs for GDERKNQSTAVLIFYWHMCP>
#	G	D	E	R	K	N	Q	S	T	A	V	L	I	F	Y	W	H	M	C	P
0	0.02489	0.06690	0.02101	0.01552	0.02079	0.06039	0.01278	0.49672	0.12215	0.06123	0.01793	0.01768	0.01300	0.00832	0.00680	0.00208	0.00758	0.00627	0.00661	0.01136
1	0.75413	0.01388	0.01094	0.00962	0.01402	0.01604	0.00792	0.06336	0.01322	0.03212	0.01017	0.01168	0.00783	0.00660	0.00449	0.00216	0.00554	0.00394	0.00449	0.00783
2	0.02983	0.01157	0.01561	0.01207	0.01728	0.00998	0.00994	0.03247	0.01971	0.67130	0.03030	0.02654	0.06165	0.00922	0.00710	0.00217	0.00578	0.00751	0.00850	0.01149
3	0.00850	0.00607	0.00810	0.00972	0.01012	0.00567	0.00648	0.00972	0.01336	0.01781	0.03846	0.75020	0.04615	0.02186	0.00891	0.00283	0.00405	0.01984	0.00648	0.00567
4	0.02724	0.01700	0.02000	0.01524	0.02083	0.01772	0.03478	0.44907	0.02785	0.24338	0.01975	0.01884	0.01339	0.00827	0.00698	0.00209	0.00722	0.00650	0.00727	0.03660
5	0.67393	0.01318	0.01093	0.00970	0.01388	0.01495	0.00789	0.04924	0.01335	0.07148	0.01292	0.05974	0.01079	0.00767	0.00489	0.00220	0.00544	0.00511	0.00483	0.00788
6	0.00850	0.00607	0.00810	0.00972	0.01012	0.00567	0.00648	0.00972	0.01336	0.01781	0.03846	0.75020	0.04615	0.02186	0.00891	0.00283	0.00405	0.01984	0.00648	0.00567
7	0.01560	0.01469	0.02152	0.53521	0.08431	0.06205	0.03943	0.08029	0.01629	0.02090	0.01313	0.01820	0.00994	0.00707	0.00690	0.00223	0.00919	0.00617	0.02851	0.00837
8	0.01483	0.01350	0.01881	0.03755	0.02058	0.01132	0.10750	0.01887	0.03641	0.02255	0.01307	0.01563	0.01065	0.00567	0.00625	0.00137	0.02746	0.00498	0.00408	0.60892
9	0.77691	0.01418	0.01059	0.00948	0.01378	0.04046	0.00776	0.02077	0.01215	0.03081	0.00975	0.01138	0.00761	0.00650	0.00439	0.00215	0.00565	0.00380	0.00429	0.00758
10	0.80405	0.01350	0.01026	0.00918	0.01350	0.01565	0.00756	0.02051	0.01188	0.03131	0.00972	0.01134	0.00756	0.00648	0.00432	0.00216	0.00540	0.00378	0.00432	0.00756
11	0.00933	0.00711	0.00857	0.00821	0.01009	0.00635	0.00615	0.01211	0.01846	0.02492	0.49424	0.05716	0.28106	0.01541	0.00824	0.00225	0.00337	0.01333	0.00728	0.00635
12	0.00850	0.00633	0.00792	0.00911	0.00998	0.00575	0.00623	0.00991	0.01415	0.01842	0.07039	0.57633	0.19023	0.02067	0.00874	0.00271	0.00391	0.01846	0.00652	0.00575
13	0.00962	0.00712	0.00898	0.00851	0.01027	0.00648	0.00639	0.01268	0.01916	0.02657	0.60874	0.05446	0.16553	0.01479	0.00823	0.00222	0.00333	0.01295	0.00750	0.00648
14	0.01866	0.75896	0.03657	0.01194	0.01791	0.02761	0.01194	0.02090	0.01418	0.01642	0.00970	0.01119	0.00896	0.00597	0.00448	0.00149	0.00746	0.00373	0.00299	0.00896
15	0.01124	0.00803	0.01124	0.01285	0.01446	0.00803	0.01124	0.01446	0.01606	0.02088	0.03695	0.07871	0.04016	0.01928	0.00964	0.00321	0.00643	0.66426	0.00643	0.00643
16	0.01736	0.01499	0.01578	0.01420	0.01815	0.01736	0.01105	0.03708	0.69862	0.02919	0.02840	0.02604	0.02130	0.00947	0.00710	0.00237	0.00552	0.00789	0.00710	0.01105
17	0.01736	0.01499	0.01578	0.01420	0.01815	0.01736	0.01105	0.03708	0.69862	0.02919	0.02840	0.02604	0.02130	0.00947	0.00710	0.00237	0.00552	0.00789	0.00710	0.01105
18	0.02653	0.01955	0.02094	0.01606	0.02164	0.02164	0.01326	0.68796	0.03281	0.04398	0.01675	0.01675	0.01187	0.00838	0.00698	0.00209	0.00768	0.00628	0.00698	0.01187
19	0.01530	0.23780	0.52829	0.01767	0.02677	0.01939	0.02192	0.02176	0.01458	0.02051	0.01174	0.01375	0.00887	0.00645	0.00603	0.00201	0.00952	0.00476	0.00296	0.00993
20	0.01447	0.01240	0.01447	0.01034	0.01654	0.00930	0.00827	0.01757	0.01447	0.02274	0.01240	0.01447	0.01034	0.00517	0.00517	0.00103	0.00517	0.00413	0.00413	0.79742
21	0.02594	0.01925	0.02061	0.01594	0.02142	0.02137	0.01312	0.64617	0.07556	0.04303	0.01750	0.01735	0.01247	0.00845	0.00699	0.00211	0.00754	0.00639	0.00699	0.01181
22	0.00850	0.00607	0.00810	0.00972	0.01012	0.00567	0.00648	0.00972	0.01336	0.01781	0.03846	0.75020	0.04615	0.02186	0.00891	0.00283	0.00405	0.01984	0.00648	0.00567
23	0.03131	0.01188	0.01619	0.01242	0.01781	0.01026	0.01026	0.03401	0.01997	0.71606	0.02753	0.02375	0.01727	0.00864	0.00702	0.00216	0.00594	0.00702	0.00864	0.01188
24	0.01552	0.01500	0.14748	0.01226	0.01662	0.01094	0.01156	0.11201	0.02040	0.11259	0.35200	0.03753	0.08409	0.01151	0.00760	0.00219	0.00559	0.00976	0.00671	0.00864
25	0.01480	0.03503	0.67381	0.01964	0.02965	0.01656	0.02498	0.06485	0.01589	0.02350	0.01279	0.01486	0.00903	0.00674	0.00665	0.00220	0.01014	0.00523	0.00321	0.01041
26	0.00826	0.00704	0.00710	0.00716	0.00945	0.00588	0.00534	0.01000	0.01582	0.01882	0.06960	0.09030	0.68595	0.01782	0.00827	0.00237	0.00355	0.01490	0.00648	0.00588
27	0.02522	0.01573	0.01893	0.01498	0.01936	0.01725	0.01236	0.33560	0.02396	0.24818	0.01904	0.01936	0.01347	0.01175	0.05340	0.00282	0.12451	0.00656	0.00668	0.01085
28	0.02503	0.06696	0.04243	0.01931	0.12344	0.04202	0.03985	0.26080	0.04294	0.23817	0.01889	0.01871	0.01321	0.00782	0.00683	0.00208	0.00757	0.00635	0.00632	0.01126
29	0.02918	0.01256	0.01633	0.01275	0.01785	0.01153	0.01043	0.12276	0.02132	0.57841	0.02674	0.06943	0.01838	0.00945	0.00713	0.00219	0.00606	0.00774	0.00827	0.01148
30	0.03131	0.01188	0.01619	0.01242	0.01781	0.01026	0.01026	0.03401	0.01997	0.71606	0.02753	0.02375	0.01727	0.00864	0.00702	0.00216	0.00594	0.00702	0.00864	0.01188
31	0.02644	0.01713	0.01914	0.01495	0.02027	0.01838	0.01226	0.44708	0.11827	0.20067	0.02085	0.01964	0.01440	0.00858	0.00701	0.00215	0.00698	0.00667	0.00739	0.01176
32	0.02656	0.03622	0.04188	0.01336	0.01847	0.01423	0.01122	0.22108	0.04779	0.38867	0.02290	0.02307	0.01604	0.07451	0.00945	0.00254	0.00670	0.00695	0.00735	0.01103
33	0.04468	0.01564	0.04634	0.05722	0.47219	0.01481	0.01816	0.02372	0.01667	0.17224	0.03906	0.01960	0.01396	0.00705	0.00689	0.00211	0.00763	0.00649	0.00471	0.01084
34	0.37792	0.02001	0.01567	0.01418	0.03731	0.21728	0.01090	0.12980	0.01752	0.02800	0.01153	0.01343	0.00915	0.00875	0.03039	0.00238	0.03820	0.00467	0.00445	0.00846
35	0.01301	0.00650	0.00650	0.00650	0.00813	0.00650	0.00488	0.01626	0.01463	0.02602	0.02276	0.02602	0.01789	0.00813	0.00488	0.00163	0.00325	0.00650	0.79350	0.00650
36	0.04391	0.01384	0.01610	0.01345	0.01599	0.01597	0.01051	0.27621	0.01947	0.04696	0.01695	0.02546	0.01557	0.22596	0.06448	0.00421	0.15409	0.00737	0.00516	0.00833
37	0.02806	0.01709	0.01942	0.01489	0.02041	0.01799	0.01230	0.47834	0.02869	0.25941	0.02021	0.01900	0.01360	0.00846	0.00699	0.00212	0.00712	0.00652	0.00751	0.01187
38	0.00896	0.00710	0.00806	0.00782	0.00986	0.00620	0.00586	0.01140	0.01759	0.02286	0.34992	0.06057	0.42666	0.01618	0.00824	0.00229	0.00343	0.01380	0.00701	0.00620
39	0.01866	0.75896	0.03657	0.01194	0.01791	0.02761	0.01194	0.02090	0.01418	0.01642	0.00970	0.01119	0.00896	0.00597	0.00448	0.00149	0.00746	0.00373	0.00299	0.00896
40	0.03131	0.01188	0.01619	0.01242	0.01781	0.01026	0.01026	0.03401	0.01997	0.71606	0.02753	0.02375	0.01727	0.00864	0.00702	0.00216	0.00594	0.00702	0.00864	0.01188
41	0.01447	0.01240	0.01447	0.01034	0.01654	0.00930	0.00827	0.01757	0.01447	0.02274	0.01240	0.01447	0.01034	0.00517	0.00517	0.00103	0.00517	0.00413	0.00413	0.79742
42	0.00988	0.00713	0.00933	0.00878	0.01043	0.00658	0.00658	0.01317	0.01975	0.02798	0.70754	0.05213	0.06584	0.01427	0.00823	0.00219	0.00329	0.01262	0.00768	0.00658
43	0.02586	0.01921	0.02057	0.01592	0.02139	0.02133	0.01310	0.64059	0.08127	0.04290	0.01760	0.01743	0.01255	0.00846	0.00699	0.00211	0.00752	0.00640	0.00699	0.01181
44	0.80405	0.01350	0.01026	0.00918	0.01350	0.01565	0.00756	0.02051	0.01188	0.03131	0.00972	0.01134	0.00756	0.00648	0.00432	0.00216	0.00540	0.00378	0.00432	0.00756
45	0.80405	0.01350	0.01026	0.00918	0.01350	0.01565	0.00756	0.02051	0.01188	0.03131	0.00972	0.01134	0.00756	0.00648	0.00432	0.00216	0.00540	0.00378	0.00432	0.00756
46	0.01866	0.75896	0.03657	0.01194	0.01791	0.02761	0.01194	0.02090	0.01418	0.01642	0.00970	0.01119	0.00896	0.00597	0.00448	0.00149	0.00746	0.00373	0.00299	0.00896
47	0.01211	0.01089	0.01780	0.55531	0.03857	0.01310	0.01615	0.01605	0.01427	0.01857	0.06763	0.15124	0.01998	0.01016	0.00741	0.00241	0.00793	0.00910	0.00404	0.00730
48	0.80405	0.01350	0.01026	0.00918	0.01350	0.01565	0.00756	0.02051	0.01188	0.03131	0.00972	0.01134	0.00756	0.00648	0.00432	0.00216	0.00540	0.00378	0.00432	0.00756
49	0.03131	0.01188	0.01619	0.01242	0.01781	0.01026	0.01026	0.03401	0.01997	0.71606	0.02753	0.02375	0.01727	0.00864	0.00702	0.00216	0.00594	0.00702	0.00864	0.01188
50	0.01535	0.01462	0.02486	0.36896	0.40010	0.01608	0.02046	0.01973	0.01498	0.02047	0.01279	0.01790	0.01023	0.00657	0.00694	0.00219	0.00877	0.00621	0.00329	0.00950
51	0.02426	0.05989	0.01963	0.01705	0.02066	0.60191	0.01292	0.02781	0.08590	0.01827	0.01350	0.04136	0.01158	0.00791	0.00640	0.00188	0.01137	0.00537	0.00402	0.00832
52	0.45112	0.01276	0.01297	0.01066	0.01547	0.01319	0.00879	0.02668	0.01557	0.34405	0.01785	0.01701	0.01200	0.00746	0.00555	0.00216	0.00564	0.00526	0.00629	0.00953
53	0.02210	0.01379	0.01737	0.01742	0.12052	0.01429	0.01200	0.05512	0.30047	0.26084	0.02507	0.02364	0.01787	0.00858	0.00690	0.00220	0.00600	0.00720	0.05756	0.01106
54	0.00850	0.00607	0.00810	0.00972	0.01012	0.00567	0.00648	0.00972	0.01336	0.01781	0.03846	0.75020	0.04615	0.02186	0.00891	0.00283	0.00405	0.01984	0.00648	0.00567
55	0.02905	0.01550	0.01844	0.01414	0.01962	0.01564	0.01168	0.34304	0.02604	0.39846	0.02244	0.02044	0.01472	0.00851	0.00700	0.00213	0.00676	0.00667	0.00785	0.01187
56	0.00825	0.00707	0.00707	0.00707	0.00943	0.00589	0.00530	0.01001	0.01591	0.01885	0.07069	0.06716	0.70839	0.01767	0.00825	0.00236	0.00353	0.01473	0.00648	0.00589
57	0.01003	0.00671	0.00765	0.00776	0.00779	0.00669	0.00439	0.01012	0.01038	0.01384	0.02319	0.09694	0.02688	0.70142	0.03358	0.00648	0.00657	0.01085	0.00439	0.00433
58	0.03131	0.01188	0.01619	0.01242	0.01781	0.01026	0.01026	0.03401	0.01997	0.71606	0.02753	0.02375	0.01727	0.00864	0.00702	0.00216	0.00594	0.00702	0.00864	0.01188
59	0.78170	0.01367	0.01056	0.00937	0.01373	0.01583	0.00772	0.03970	0.01248	0.03167	0.00992	0.01149	0.00768	0.00653	0.00440	0.00216	0.00546	0.00385	0.00440	0.00768
60	0.80405	0.01350	0.01026	0.00918	0.01350	0.01565	0.00756	0.02051	0.01188	0.03131	0.00972	0.01134	0.00756	0.00648	0.00432	0.00216	0.00540	0.00378	0.00432	0.00756
61	0.01752	0.58266	0.20291	0.01388	0.02091	0.02483	0.01532	0.02119	0.01431	0.01780	0.01039	0.01206	0.00893	0.00613	0.00500	0.00167	0.00816	0.00408	0.00298	0.00929
62	0.01416	0.03288	0.61908	0.01967	0.05253	0.01548	0.02375	0.02159	0.01475	0.02219	0.01253	0.01479	0.00908	0.00646	0.00648	0.00208	0.00969	0.00508	0.00309	0.09463
63	0.07636	0.06503	0.01989	0.01546	0.04379	0.04294	0.01226	0.34804	0.13083	0.14624	0.01907	0.01849	0.01361	0.00819	0.00664	0.00210	0.00708	0.00626	0.00660	0.01111
64	0.01166	0.01029	0.03355	0.01037	0.01312	0.00979	0.00828	0.01926	0.21187	0.02472	0.24709	0.07510	0.24304	0.01416	0.00794	0.00236	0.00439	0.03837	0.00690	0.00773
65	0.00955	0.00712	0.00887	0.00844	0.01022	0.00645	0.00633	0.01254	0.01898	0.02615	0.57977	0.05514	0.19476	0.01495	0.00823	0.00223	0.00334	0.01304	0.00744	0.00645
66	0.01631	0.04331	0.04938	0.15503	0.26574	0.08084	0.14234	0.02102	0.04113	0.02083	0.01581	0.08700	0.01404	0.00799	0.00721	0.00221	0.00904	0.00767	0.00381	0.00928
67	0.01567	0.01402	0.02060	0.50338	0.11210	0.05715	0.01770	0.02087	0.06039	0.06390	0.01525	0.04221	0.01195	0.00765	0.00700	0.00228	0.00875	0.00670	0.00390	0.00854
68	0.00855	0.00611	0.00814	0.00969	0.01013	0.00570	0.00648	0.00983	0.01357	0.01815	0.06061	0.72710	0.04681	0.02161	0.00888	0.00281	0.00402	0.01960	0.00652	0.00570
69	0.02203	0.13569	0.11519	0.01697	0.04418	0.28802	0.01453	0.13388	0.06688	0.04693	0.01601	0.01692	0.03774	0.00771	0.00636	0.00194	0.00951	0.00553	0.00449	0.00948
70	0.01555	0.01237	0.01458	0.01047	0.01662	0.00936	0.00840	0.01863	0.01482	0.06725	0.01337	0.01507	0.01078	0.00539	0.00529	0.00111	0.00522	0.00432	0.00442	0.74698
71	0.00848	0.00618	0.00799	0.00944	0.01005	0.00569	0.00635	0.00975	0.01363	0.01792	0.04183	0.67882	0.11537	0.02142	0.00884	0.00278	0.00399	0.01930	0.00648	0.00569
72	0.00998	0.00670	0.00766	0.00782	0.00787	0.00665	0.00446	0.01010	0.01047	0.01397	0.02366	0.11717	0.02748	0.68037	0.03282	0.00637	0.00649	0.01113	0.00446	0.00437
73	0.02535	0.02044	0.01954	0.03754	0.02156	0.14970	0.01288	0.39086	0.11585	0.10798	0.01820	0.01801	0.01307	0.00829	0.00687	0.00209	0.00816	0.00624	0.00643	0.01094
74	0.01025	0.00814	0.00993	0.03340	0.01242	0.03401	0.00767	0.03283	0.01480	0.01962	0.10317	0.57983	0.04325	0.01931	0.00910	0.00270	0.02990	0.01720	0.00629	0.00618
75	0.01002	0.00716	0.00984	0.01145	0.01252	0.00697	0.00911	0.01234	0.01485	0.01951	0.03762	0.37903	0.04284	0.02043	0.00931	0.00304	0.00536	0.37604	0.00645	0.00609
76	0.80405	0.01350	0.01026	0.00918	0.01350	0.01565	0.00756	0.02051	0.01188	0.03131	0.00972	0.01134	0.00756	0.00648	0.00432	0.00216	0.00540	0.00378	0.00432	0.00756
77	0.01687	0.01607	0.02679	0.10927	0.60159	0.01652	0.02055	0.02207	0.05953	0.02272	0.01404	0.01796	0.01154	0.00650	0.00693	0.00212	0.00821	0.00632	0.00365	0.01073
78	0.01036	0.00764	0.00974	0.00913	0.01092	0.00728	0.00687	0.01470	0.06334	0.02806	0.66394	0.05045	0.06298	0.01396	0.00816	0.00221	0.00344	0.01232	0.00764	0.00687
79	0.02185	0.02590	0.01804	0.01644	0.01936	0.49627	0.01254	0.04935	0.01781	0.01791	0.01265	0.01618	0.01097	0.01748	0.16586	0.00396	0.06057	0.00532	0.00372	0.00780
80	0.01000	0.00737	0.01068	0.01068	0.01174	0.00843	0.00805	0.01212	0.01106	0.01580	0.01918	0.03013	0.01862	0.15673	0.62432	0.01055	0.01692	0.00787	0.00381	0.00593
81	0.01124	0.00803	0.01124	0.01285	0.01446	0.00803	0.01124	0.01446	0.01606	0.02088	0.03695	0.07871	0.04016	0.01928	0.00964	0.00321	0.00643	0.66426	0.00643	0.00643
82	0.80405	0.01350	0.01026	0.00918	0.01350	0.01565	0.00756	0.02051	0.01188	0.03131	0.00972	0.01134	0.00756	0.00648	0.00432	0.00216	0.00540	0.00378	0.00432	0.00756
83	0.31569	0.01485	0.03684	0.01187	0.01671	0.04291	0.00993	0.06848	0.09767	0.22258	0.04204	0.01867	0.01448	0.00779	0.00591	0.00211	0.00607	0.00574	0.00606	0.05360
84	0.02053	0.01599	0.01772	0.01321	0.01910	0.01551	0.01078	0.35464	0.02369	0.03342	0.01459	0.01562	0.01111	0.00678	0.00608	0.00157	0.00643	0.00521	0.00557	0.40245
85	0.80405	0.01350	0.01026	0.00918	0.01350	0.01565	0.00756	0.02051	0.01188	0.03131	0.00972	0.01134	0.00756	0.00648	0.00432	0.00216	0.00540	0.00378	0.00432	0.00756
86	0.01727	0.01658	0.02832	0.04283	0.71123	0.01658	0.02142	0.02142	0.01589	0.02280	0.01313	0.01727	0.01105	0.00622	0.00691	0.00207	0.00829	0.00622	0.00345	0.01105
87	0.80405	0.01350	0.01026	0.00918	0.01350	0.01565	0.00756	0.02051	0.01188	0.03131	0.00972	0.01134	0.00756	0.00648	0.00432	0.00216	0.00540	0.00378	0.00432	0.00756
88	0.01647	0.01882	0.04118	0.02941	0.03647	0.01765	0.68588	0.02235	0.01647	0.02235	0.01412	0.01882	0.01059	0.00588	0.00824	0.00235	0.01176	0.00824	0.00353	0.00941
89	0.01013	0.00682	0.00788	0.00788	0.00797	0.00691	0.00456	0.01032	0.01023	0.01373	0.02174	0.04430	0.02478	0.70215	0.08731	0.00710	0.00766	0.00995	0.00419	0.00438
90	0.02808	0.01224	0.01576	0.01252	0.01751	0.01141	0.01020	0.03391	0.14367	0.56493	0.02751	0.02425	0.01803	0.00877	0.00695	0.00218	0.00576	0.00716	0.03763	0.01152
91	0.01727	0.01658	0.02832	0.04283	0.71123	0.01658	0.02142	0.02142	0.01589	0.02280	0.01313	0.01727	0.01105	0.00622	0.00691	0.00207	0.00829	0.00622	0.00345	0.01105
92	0.00850	0.00607	0.00810	0.00972	0.01012	0.00567	0.00648	0.00972	0.01336	0.01781	0.03846	0.75020	0.04615	0.02186	0.00891	0.00283	0.00405	0.01984	0.00648	0.00567
93	0.28213	0.01240	0.01427	0.01136	0.01641	0.01201	0.00938	0.02963	0.01734	0.49380	0.02175	0.01972	0.01412	0.00794	0.00614	0.00216	0.00576	0.00597	0.00724	0.01047
94	0.02607	0.03326	0.01978	0.01798	0.02157	0.72674	0.01348	0.02787	0.01978	0.01708	0.01079	0.01258	0.00899	0.00719	0.00629	0.00180	0.01258	0.00449	0.00360	0.00809
95	0.01647	0.01882	0.04118	0.02941	0.03647	0.01765	0.68588	0.02235	0.01647	0.02235	0.01412	0.01882	0.01059	0.00588	0.00824	0.00235	0.01176	0.00824	0.00353	0.00941
96	0.00912	0.00740	0.00813	0.00789	0.01008	0.00656	0.00593	0.01207	0.04359	0.02217	0.27256	0.06076	0.47644	0.01627	0.00820	0.00231	0.00353	0.01379	0.00689	0.00631
97	0.01479	0.01216	0.01315	0.01201	0.01519	0.01349	0.00926	0.02859	0.45778	0.02797	0.17823	0.03469	0.08094	0.01102	0.00729	0.00228	0.00475	0.00932	0.05767	0.00941
98	0.00830	0.00707	0.00714	0.00712	0.00946	0.00591	0.00534	0.01011	0.01603	0.01914	0.09078	0.06668	0.68813	0.01757	0.00825	0.00235	0.00353	0.01466	0.00652	0.00591
99	0.03060	0.01167	0.01582	0.01219	0.01744	0.01011	0.01005	0.03332	0.01977	0.68932	0.02735	0.02384	0.01730	0.00862	0.00693	0.00214	0.00583	0.00700	0.03905	0.01167
100	0.02624	0.01940	0.02078	0.01600	0.02153	0.02151	0.01319	0.66738	0.05386	0.04351	0.01712	0.01705	0.01217	0.00841	0.00698	0.00210	0.00761	0.00633	0.00698	0.01184
101	0.01865	0.01530	0.01626	0.01431	0.01845	0.01750	0.01122	0.09557	0.61591	0.05357	0.02732	0.02512	0.02032	0.00934	0.00709	0.00234	0.00573	0.00772	0.00714	0.01115
102	0.01124	0.00803	0.01124	0.01285	0.01446	0.00803	0.01124	0.01446	0.01606	0.02088	0.03695	0.07871	0.04016	0.01928	0.00964	0.00321	0.00643	0.66426	0.00643	0.00643
103	0.00961	0.00693	0.00909	0.00896	0.01037	0.00641	0.00656	0.01251	0.01853	0.02604	0.57938	0.18584	0.06207	0.01572	0.00836	0.00232	0.00344	0.01400	0.00745	0.00641
104	0.80405	0.01350	0.01026	0.00918	0.01350	0.01565	0.00756	0.02051	0.01188	0.03131	0.00972	0.01134	0.00756	0.00648	0.00432	0.00216	0.00540	0.00378	0.00432	0.00756
105	0.00850	0.00607	0.00810	0.00972	0.01012	0.00567	0.00648	0.00972	0.01336	0.01781	0.03846	0.75020	0.04615	0.02186	0.00891	0.00283	0.00405	0.01984	0.00648	0.00567
106	0.01034	0.00699	0.00840	0.00805	0.00979	0.00647	0.00604	0.01342	0.01811	0.02631	0.47058	0.04843	0.14248	0.01338	0.00750	0.00209	0.00332	0.01156	0.18028	0.00647
107	0.01400	0.03610	0.71860	0.01989	0.03020	0.01621	0.02578	0.02210	0.01473	0.02210	0.01252	0.01473	0.00884	0.00663	0.00663	0.00221	0.01031	0.00516	0.00295	0.01031
108	0.80405	0.01350	0.01026	0.00918	0.01350	0.01565	0.00756	0.02051	0.01188	0.03131	0.00972	0.01134	0.00756	0.00648	0.00432	0.00216	0.00540	0.00378	0.00432	0.00756
109	0.01004	0.00731	0.00978	0.01119	0.01252	0.00705	0.00906	0.01246	0.01521	0.01969	0.04145	0.28442	0.12186	0.01988	0.00925	0.00299	0.00535	0.38790	0.00645	0.00613
110	0.00950	0.00745	0.00869	0.00859	0.01064	0.00676	0.00663	0.01260	0.03927	0.02299	0.31601	0.06118	0.36168	0.01624	0.00835	0.00239	0.00382	0.08384	0.00697	0.00639
111	0.00999	0.00738	0.01071	0.01071	0.01178	0.00845	0.00809	0.01214	0.01106	0.01582	0.01916	0.02998	0.01856	0.15125	0.62972	0.01059	0.01701	0.00785	0.00381	0.00595
112	0.03131	0.01188	0.01619	0.01242	0.01781	0.01026	0.01026	0.03401	0.01997	0.71606	0.02753	0.02375	0.01727	0.00864	0.00702	0.00216	0.00594	0.00702	0.00864	0.01188
113	0.01453	0.01413	0.02006	0.01804	0.03993	0.01930	0.01448	0.01629	0.01094	0.01690	0.01073	0.01717	0.01048	0.01809	0.12896	0.00426	0.60870	0.00632	0.00317	0.00753
114	0.01727	0.01658	0.02832	0.04283	0.71123	0.01658	0.02142	0.02142	0.01589	0.02280	0.01313	0.01727	0.01105	0.00622	0.00691	0.00207	0.00829	0.00622	0.00345	0.01105
115	0.03062	0.01298	0.01688	0.01294	0.01836	0.01189	0.01069	0.12790	0.02182	0.61957	0.02598	0.02275	0.01650	0.00860	0.00701	0.00215	0.00619	0.00691	0.00840	0.01187
116	0.75348	0.01384	0.01224	0.01048	0.01497	0.01578	0.05111	0.02063	0.01217	0.03073	0.01000	0.01182	0.00775	0.00644	0.00457	0.00217	0.00581	0.00406	0.00427	0.00768
117	0.00850	0.00607	0.00810	0.00972	0.01012	0.00567	0.00648	0.00972	0.01336	0.01781	0.03846	0.75020	0.04615	0.02186	0.00891	0.00283	0.00405	0.01984	0.00648	0.00567
118	0.01957	0.66952	0.03450	0.01268	0.01836	0.11377	0.01213	0.02175	0.01487	0.01650	0.00984	0.01137	0.00896	0.00612	0.00470	0.00153	0.00809	0.00383	0.00306	0.00885
119	0.00948	0.00683	0.00897	0.00905	0.01034	0.00632	0.00655	0.01217	0.01790	0.02504	0.51373	0.25434	0.06014	0.01647	0.00843	0.00238	0.00351	0.01471	0.00733	0.00632
120	0.25749	0.02090	0.10958	0.03925	0.10227	0.14560	0.01394	0.09728	0.01738	0.08890	0.01325	0.01476	0.00991	0.00697	0.00594	0.00205	0.00811	0.00503	0.00455	0.03685
121	0.01285	0.01102	0.01513	0.01723	0.11775	0.03731	0.03373	0.05194	0.01558	0.02088	0.04990	0.34726	0.03273	0.01616	0.00974	0.00269	0.07226	0.12291	0.00557	0.00736
122	0.01010	0.00695	0.00855	0.00855	0.00887	0.00727	0.00540	0.01075	0.01043	0.01422	0.02113	0.04092	0.02331	0.57226	0.21520	0.00792	0.00986	0.00945	0.00410	0.00475
123	0.00861	0.00628	0.00811	0.00935	0.01008	0.00578	0.00637	0.01009	0.01426	0.01894	0.10859	0.60965	0.11684	0.02067	0.00877	0.00272	0.00392	0.01859	0.00660	0.00578
124	0.02127	0.20482	0.13002	0.01977	0.09775	0.32503	0.03471	0.05278	0.01772	0.01960	0.01139	0.01344	0.00935	0.00672	0.00606	0.00184	0.01031	0.00478	0.00348	0.00915
125	0.03131	0.01188	0.01619	0.01242	0.01781	0.01026	0.01026	0.03401	0.01997	0.71606	0.02753	0.02375	0.01727	0.00864	0.00702	0.00216	0.00594	0.00702	0.00864	0.01188
126	0.00825	0.00707	0.00707	0.00707	0.00943	0.00589	0.00530	0.01001	0.01591	0.01885	0.07069	0.06716	0.70839	0.01767	0.00825	0.00236	0.00353	0.01473	0.00648	0.00589
127	0.02652	0.01895	0.02089	0.01673	0.04486	0.02074	0.01335	0.62329	0.03141	0.08641	0.01732	0.01722	0.01219	0.00832	0.00698	0.00210	0.00759	0.00633	0.00697	0.01184
128	0.06760	0.01446	0.01511	0.01354	0.01739	0.01659	0.01056	0.05394	0.58500	0.02969	0.07628	0.02671	0.02338	0.00959	0.00700	0.00233	0.00542	0.00792	0.00696	0.01052
129	0.80405	0.01350	0.01026	0.00918	0.01350	0.01565	0.00756	0.02051	0.01188	0.03131	0.00972	0.01134	0.00756	0.00648	0.00432	0.00216	0.00540	0.00378	0.00432	0.00756
130	0.06266	0.01194	0.01595	0.01228	0.01764	0.01048	0.01015	0.03346	0.01964	0.68828	0.02681	0.02325	0.01688	0.00855	0.00691	0.00216	0.00592	0.00689	0.00846	0.01170
131	0.05749	0.01193	0.01599	0.01231	0.01767	0.01044	0.01016	0.03355	0.01970	0.69286	0.02693	0.02333	0.01694	0.00856	0.00693	0.00216	0.00592	0.00691	0.00849	0.01173
132	0.77875	0.01346	0.01060	0.03249	0.01460	0.01565	0.00794	0.02043	0.01194	0.03088	0.00980	0.01157	0.00761	0.00649	0.00440	0.00216	0.00552	0.00386	0.00428	0.00756
133	0.02653	0.01955	0.02094	0.01606	0.02164	0.02164	0.01326	0.68796	0.03281	0.04398	0.01675	0.01675	0.01187	0.00838	0.00698	0.00209	0.00768	0.00628	0.00698	0.01187
134	0.01711	0.01642	0.02804	0.06977	0.68553	0.01654	0.02134	0.02128	0.01581	0.02261	0.01310	0.01732	0.01099	0.00625	0.00691	0.00208	0.00833	0.00622	0.00344	0.01093
135	0.02653	0.01955	0.02094	0.01606	0.02164	0.02164	0.01326	0.68796	0.03281	0.04398	0.01675	0.01675	0.01187	0.00838	0.00698	0.00209	0.00768	0.00628	0.00698	0.01187
136	0.00846	0.00625	0.00791	0.00924	0.01000	0.00571	0.00627	0.00977	0.01382	0.01800	0.04427	0.62710	0.16551	0.02111	0.00879	0.00275	0.00396	0.01892	0.00648	0.00571
137	0.01775	0.61818	0.16939	0.01349	0.02030	0.02539	0.01464	0.02113	0.01429	0.01752	0.01025	0.01188	0.00893	0.00610	0.00490	0.00163	0.00802	0.00401	0.00298	0.00922
138	0.00928	0.00665	0.00865	0.00999	0.01062	0.00635	0.00677	0.03881	0.01419	0.01894	0.03753	0.71875	0.04468	0.02128	0.00882	0.00280	0.00420	0.01926	0.00650	0.00593
139	0.01020	0.00781	0.01165	0.01152	0.01271	0.00927	0.00900	0.01265	0.01119	0.01622	0.01828	0.02689	0.01709	0.05062	0.69690	0.01086	0.04971	0.00742	0.00371	0.00629
140	0.80405	0.01350	0.01026	0.00918	0.01350	0.01565	0.00756	0.02051	0.01188	0.03131	0.00972	0.01134	0.00756	0.00648	0.00432	0.00216	0.00540	0.00378	0.00432	0.00756
141	0.12979	0.10679	0.04338	0.01834	0.10488	0.07335	0.03692	0.29686	0.02237	0.05451	0.01427	0.01572	0.01085	0.00888	0.03145	0.00234	0.00834	0.00559	0.00515	0.01022
142	0.01318	0.01240	0.02093	0.73798	0.04806	0.01550	0.01938	0.01783	0.01395	0.01783	0.01240	0.01860	0.00930	0.00698	0.00698	0.00233	0.00930	0.00620	0.00310	0.00775
143	0.00825	0.00707	0.00707	0.00707	0.00943	0.00589	0.00530	0.01001	0.01591	0.01885	0.07069	0.06716	0.70839	0.01767	0.00825	0.00236	0.00353	0.01473	0.00648	0.00589
144	0.00861	0.00615	0.00822	0.00984	0.01030	0.00576	0.00667	0.00991	0.01347	0.01794	0.03840	0.72296	0.04591	0.02176	0.00894	0.00285	0.00415	0.04598	0.00648	0.00570
145	0.01959	0.01924	0.02680	0.03553	0.50270	0.11002	0.04782	0.10884	0.01862	0.02478	0.01333	0.01666	0.01087	0.00661	0.00689	0.00205	0.00892	0.00609	0.00393	0.01070
146	0.01318	0.01240	0.02093	0.73798	0.04806	0.01550	0.01938	0.01783	0.01395	0.01783	0.01240	0.01860	0.00930	0.00698	0.00698	0.00233	0.00930	0.00620	0.00310	0.00775
147	0.01866	0.75896	0.03657	0.01194	0.01791	0.02761	0.01194	0.02090	0.01418	0.01642	0.00970	0.01119	0.00896	0.00597	0.00448	0.00149	0.00746	0.00373	0.00299	0.00896
148	0.00993	0.00667	0.00767	0.00789	0.00794	0.00662	0.00452	0.01009	0.01057	0.01409	0.02414	0.13767	0.02808	0.65905	0.03204	0.00625	0.00641	0.01141	0.00452	0.00442
149	0.01497	0.18737	0.57587	0.01823	0.02763	0.01859	0.02289	0.02185	0.01462	0.02091	0.01193	0.01399	0.00886	0.00649	0.00618	0.00206	0.00972	0.00486	0.00295	0.01003
150	0.02197	0.01217	0.01524	0.01126	0.01711	0.00973	0.00915	0.02489	0.01692	0.33137	0.01914	0.01860	0.01342	0.00671	0.00599	0.00153	0.00551	0.00542	0.00614	0.44773
151	0.77013	0.01345	0.01071	0.04043	0.01498	0.01565	0.00806	0.02040	0.01196	0.03073	0.00983	0.01165	0.00763	0.00650	0.00443	0.00217	0.00557	0.00388	0.00427	0.00757
152	0.01015	0.00677	0.00761	0.00761	0.00761	0.00677	0.00423	0.01015	0.01015	0.01353	0.02199	0.04567	0.02537	0.75476	0.03552	0.00677	0.00677	0.01015	0.00423	0.00423
153	0.01001	0.00732	0.01043	0.01043	0.01141	0.00830	0.00775	0.01196	0.01098	0.01562	0.01941	0.03137	0.01916	0.20452	0.57726	0.01025	0.01611	0.00806	0.00384	0.00580
154	0.00988	0.00713	0.00933	0.00878	0.01043	0.00658	0.00658	0.01317	0.01975	0.02798	0.70754	0.05213	0.06584	0.01427	0.00823	0.00219	0.00329	0.01262	0.00768	0.00658
155	0.02537	0.10173	0.02136	0.01741	0.02123	0.66078	0.01334	0.02721	0.01925	0.01702	0.01068	0.01245	0.00899	0.00708	0.00612	0.00177	0.01210	0.00442	0.00354	0.00817
156	0.01527	0.01527	0.02137	0.01832	0.01832	0.02137	0.01527	0.01679	0.01069	0.01679	0.00916	0.01527	0.00916	0.01221	0.02290	0.00305	0.74198	0.00611	0.00305	0.00763
157	0.01015	0.00677	0.00761	0.00761	0.00761	0.00677	0.00423	0.01015	0.01015	0.01353	0.02199	0.04567	0.02537	0.75476	0.03552	0.00677	0.00677	0.01015	0.00423	0.00423
158	0.01080	0.00734	0.00962	0.00894	0.01074	0.00674	0.00674	0.01406	0.01976	0.05749	0.67838	0.05091	0.06376	0.01402	0.00818	0.00219	0.00341	0.01238	0.00772	0.00681
159	0.01727	0.01658	0.02832	0.04283	0.71123	0.01658	0.02142	0.02142	0.01589	0.02280	0.01313	0.01727	0.01105	0.00622	0.00691	0.00207	0.00829	0.00622	0.00345	0.01105
