[name]
unknown

[dist]
# distance from previous block
# <min> <max>
32	99

[block]
# block no. 0 follows, 28 sequences, length 16
# corresponding to MSA columns:
# 111-126
name=unknown_A
#
# <colnr> <probs for GDERKNQSTAVLIFYWHMCP>
#	G	D	E	R	K	N	Q	S	T	A	V	L	I	F	Y	W	H	M	C	P
0	0.02145	0.01007	0.01377	0.03312	0.01673	0.00931	0.01039	0.02424	0.01802	0.34693	0.03211	0.12369	0.02877	0.04003	0.00934	0.00282	0.00614	0.20576	0.03805	0.00928
1	0.01795	0.00976	0.01201	0.01033	0.01376	0.00884	0.00812	0.04006	0.04873	0.24842	0.24440	0.04698	0.23380	0.01359	0.00808	0.00233	0.00464	0.01147	0.00791	0.00881
2	0.01549	0.00877	0.01137	0.01005	0.01270	0.00801	0.00773	0.01910	0.03895	0.18119	0.47843	0.04735	0.08298	0.03426	0.00906	0.00243	0.00423	0.01171	0.00805	0.00814
3	0.02231	0.01582	0.02577	0.03526	0.49808	0.01532	0.01887	0.02618	0.01781	0.22481	0.01811	0.01999	0.01343	0.00722	0.00723	0.00219	0.00791	0.00672	0.00519	0.01177
4	0.01396	0.01139	0.01787	0.46933	0.08049	0.01345	0.01586	0.01834	0.01488	0.02143	0.01616	0.02157	0.01245	0.00757	0.00662	0.00219	0.00776	0.00655	0.23421	0.00792
5	0.02378	0.02545	0.22423	0.01790	0.02518	0.02087	0.01767	0.48233	0.02861	0.03908	0.01615	0.01683	0.01143	0.00819	0.00716	0.00222	0.00881	0.00620	0.00603	0.01188
6	0.02026	0.01276	0.01560	0.01141	0.01762	0.00998	0.00923	0.02336	0.01677	0.22477	0.01758	0.01793	0.01290	0.00645	0.00595	0.00142	0.00562	0.00519	0.00569	0.55951
7	0.01802	0.01678	0.02564	0.03580	0.49819	0.01751	0.01912	0.02713	0.21437	0.02572	0.01837	0.02069	0.01467	0.00748	0.00726	0.00225	0.00778	0.00699	0.00472	0.01151
8	0.01541	0.23039	0.02662	0.51591	0.04078	0.01988	0.01790	0.01952	0.01460	0.01814	0.01209	0.01710	0.00958	0.00696	0.00650	0.00217	0.00912	0.00570	0.00319	0.00845
9	0.00886	0.00633	0.00843	0.01012	0.01054	0.00590	0.00675	0.01012	0.01392	0.01856	0.04006	0.73979	0.04808	0.02277	0.00928	0.00295	0.00422	0.02066	0.00675	0.00590
10	0.01673	0.01599	0.02723	0.24626	0.50739	0.01694	0.02168	0.02120	0.01596	0.02222	0.01345	0.01840	0.01098	0.00671	0.00722	0.00224	0.00895	0.00647	0.00349	0.01050
11	0.01548	0.01150	0.01468	0.01317	0.01581	0.01306	0.01048	0.20858	0.01833	0.02542	0.01887	0.02528	0.01646	0.04099	0.50640	0.00888	0.01608	0.00742	0.00489	0.00823
12	0.02156	0.01481	0.01672	0.01414	0.01815	0.01583	0.01112	0.33700	0.09989	0.10820	0.02673	0.23277	0.02463	0.01303	0.00788	0.00245	0.00643	0.01099	0.00732	0.01036
13	0.04827	0.05908	0.01945	0.22456	0.02798	0.01656	0.01390	0.05494	0.24345	0.18268	0.02210	0.02242	0.01585	0.00852	0.00706	0.00233	0.00722	0.00701	0.00617	0.01046
14	0.05571	0.01305	0.01700	0.22264	0.02691	0.01232	0.01223	0.02037	0.04109	0.06454	0.01439	0.01724	0.01119	0.00640	0.00609	0.00166	0.00673	0.00526	0.00440	0.44077
15	0.01485	0.01375	0.02239	0.61701	0.04623	0.01669	0.04764	0.05350	0.05675	0.02089	0.01425	0.01977	0.01065	0.00745	0.00733	0.00241	0.00947	0.00666	0.00371	0.00858

[dist]
# distance from previous block
# <min> <max>
0	1

[block]
# block no. 1 follows, 28 sequences, length 14
# corresponding to MSA columns:
# 128-131,133-142
name=unknown_B
#
# <colnr> <probs for GDERKNQSTAVLIFYWHMCP>
#	G	D	E	R	K	N	Q	S	T	A	V	L	I	F	Y	W	H	M	C	P
0	0.01008	0.00688	0.00819	0.00861	0.00884	0.00672	0.00521	0.01066	0.01216	0.01632	0.07262	0.23772	0.03518	0.49791	0.02750	0.00561	0.00603	0.01351	0.00529	0.00498
1	0.01821	0.01545	0.01792	0.17112	0.02588	0.03669	0.01332	0.06566	0.39953	0.05504	0.02327	0.02336	0.01739	0.00874	0.00716	0.00229	0.00693	0.00726	0.00617	0.07861
2	0.01705	0.01631	0.02781	0.19460	0.55653	0.01702	0.02184	0.02149	0.01611	0.02261	0.01351	0.01830	0.01111	0.00665	0.00721	0.00222	0.00887	0.00647	0.00352	0.01076
3	0.01427	0.05301	0.46441	0.17560	0.05630	0.01641	0.02333	0.02113	0.01527	0.02164	0.01700	0.01986	0.05538	0.00772	0.00703	0.00231	0.00987	0.00627	0.00337	0.00983
4	0.28063	0.30858	0.05779	0.01282	0.01859	0.02265	0.01191	0.16525	0.01826	0.02889	0.01187	0.01316	0.00950	0.00698	0.00529	0.00196	0.00725	0.00456	0.00449	0.00958
5	0.34108	0.06820	0.13667	0.01452	0.01939	0.01886	0.01385	0.07755	0.01498	0.05436	0.01186	0.01431	0.00935	0.00831	0.00953	0.00241	0.16635	0.00507	0.00429	0.00905
6	0.00901	0.00639	0.00839	0.00993	0.01031	0.00601	0.00654	0.01016	0.01362	0.01816	0.03854	0.67840	0.04616	0.08678	0.01174	0.00332	0.00447	0.01977	0.00654	0.00577
7	0.01352	0.00992	0.01180	0.01110	0.01335	0.00997	0.00837	0.15759	0.02088	0.02824	0.25516	0.27758	0.10255	0.01661	0.00857	0.00253	0.00481	0.03247	0.00728	0.00768
8	0.01189	0.00882	0.01215	0.01157	0.01336	0.00979	0.00902	0.07185	0.01563	0.02214	0.16783	0.03323	0.02874	0.04174	0.49749	0.00877	0.01493	0.00886	0.00510	0.00709
9	0.01015	0.00762	0.00943	0.00904	0.01090	0.00703	0.00675	0.01372	0.04064	0.02689	0.52561	0.08962	0.18406	0.01575	0.00857	0.00236	0.00359	0.01377	0.00769	0.00682
10	0.01547	0.02892	0.41828	0.02361	0.08691	0.01828	0.10181	0.02178	0.01474	0.02190	0.01253	0.01621	0.00970	0.00805	0.01086	0.00250	0.16909	0.00607	0.00321	0.01008
11	0.01754	0.00886	0.01186	0.01064	0.01340	0.00794	0.00813	0.02028	0.01919	0.25552	0.32548	0.19494	0.04694	0.01461	0.00830	0.00242	0.00454	0.01282	0.00806	0.00852
12	0.01870	0.52699	0.09368	0.02022	0.16932	0.02522	0.01585	0.02199	0.01521	0.01907	0.01114	0.01337	0.00980	0.00633	0.00541	0.00175	0.00822	0.00458	0.00321	0.00993
13	0.01630	0.01299	0.01675	0.01262	0.01763	0.01129	0.06687	0.08783	0.01653	0.05089	0.01638	0.02325	0.01469	0.16840	0.01289	0.00267	0.00667	0.00642	0.00478	0.43415

[dist]
# distance from previous block
# <min> <max>
0	3

[block]
# block no. 2 follows, 28 sequences, length 17
# corresponding to MSA columns:
# 146-162
name=unknown_C
#
# <colnr> <probs for GDERKNQSTAVLIFYWHMCP>
#	G	D	E	R	K	N	Q	S	T	A	V	L	I	F	Y	W	H	M	C	P
0	0.56548	0.01221	0.01062	0.00993	0.01359	0.01358	0.00782	0.01986	0.01332	0.07746	0.01814	0.17541	0.01758	0.01049	0.00577	0.00241	0.00535	0.00792	0.00532	0.00775
1	0.08362	0.04350	0.04231	0.01412	0.01932	0.01697	0.01195	0.28572	0.08589	0.19075	0.04207	0.02393	0.05681	0.01123	0.03649	0.00262	0.00737	0.00730	0.00702	0.01101
2	0.01721	0.54815	0.06424	0.01184	0.01689	0.02333	0.01135	0.01933	0.01386	0.01672	0.01311	0.01987	0.01314	0.17124	0.01200	0.00282	0.00776	0.00545	0.00340	0.00830
3	0.04998	0.01642	0.01673	0.01372	0.01808	0.05122	0.01102	0.35843	0.08549	0.06833	0.02084	0.05039	0.01609	0.00924	0.00675	0.00212	0.00669	0.00719	0.18084	0.01042
4	0.01263	0.00631	0.00947	0.00947	0.00947	0.00631	0.00631	0.00947	0.00947	0.01263	0.01263	0.02210	0.01263	0.02525	0.02841	0.78851	0.00631	0.00631	0.00316	0.00316
5	0.01704	0.01630	0.02778	0.19712	0.55414	0.01702	0.02183	0.02147	0.01610	0.02259	0.01350	0.01830	0.01111	0.00665	0.00721	0.00222	0.00887	0.00647	0.00352	0.01075
6	0.01026	0.01341	0.16462	0.01240	0.01525	0.00844	0.01125	0.01333	0.01483	0.02050	0.09278	0.51645	0.04123	0.01852	0.00868	0.00275	0.00560	0.01657	0.00604	0.00707
7	0.01774	0.45941	0.24029	0.01681	0.02451	0.02411	0.08467	0.02230	0.01519	0.01952	0.01147	0.01359	0.00947	0.00642	0.00574	0.00187	0.00913	0.00482	0.00316	0.00980
8	0.19068	0.01384	0.01470	0.01103	0.01700	0.01232	0.00891	0.07786	0.01618	0.02767	0.01270	0.01456	0.01026	0.00599	0.00535	0.00144	0.00567	0.00442	0.00462	0.54480
9	0.01275	0.00909	0.01263	0.16959	0.02012	0.00915	0.00994	0.01615	0.01852	0.08559	0.37045	0.04668	0.16461	0.01328	0.00817	0.00234	0.00512	0.01153	0.00680	0.00749
10	0.01153	0.00883	0.01198	0.16924	0.01965	0.00886	0.00960	0.01468	0.01776	0.05510	0.29601	0.07529	0.24548	0.01427	0.00825	0.00239	0.00506	0.01233	0.00655	0.00713
11	0.01702	0.13702	0.47187	0.01977	0.02851	0.10629	0.05682	0.02346	0.01590	0.02138	0.01239	0.01478	0.00935	0.00700	0.00710	0.00217	0.03058	0.00527	0.00319	0.01012
12	0.00935	0.00712	0.01050	0.01135	0.01219	0.00665	0.04671	0.01091	0.01411	0.01884	0.03854	0.69658	0.04585	0.02177	0.00924	0.00292	0.00470	0.01994	0.00656	0.00614
13	0.01043	0.00847	0.01152	0.01212	0.01245	0.00956	0.00879	0.01177	0.01329	0.01832	0.03324	0.57804	0.03947	0.02053	0.01254	0.00300	0.16667	0.01747	0.00595	0.00636
14	0.02069	0.01932	0.02623	0.09487	0.42442	0.08787	0.01940	0.16849	0.02072	0.02764	0.01421	0.01750	0.01133	0.00715	0.00716	0.00216	0.00903	0.00631	0.00440	0.01110
15	0.07523	0.02347	0.20489	0.02783	0.09384	0.01775	0.40328	0.02299	0.01629	0.02396	0.01385	0.01781	0.01038	0.00640	0.00773	0.00237	0.01105	0.00724	0.00358	0.01005
16	0.62066	0.01279	0.01091	0.01041	0.01428	0.01453	0.00873	0.01996	0.01335	0.03019	0.01646	0.02749	0.01546	0.00973	0.00574	0.00249	0.00586	0.14836	0.00499	0.00761

[dist]
# distance from previous block
# <min> <max>
2	4

[block]
# block no. 3 follows, 28 sequences, length 35
# corresponding to MSA columns:
# 167-201
name=unknown_D
#
# <colnr> <probs for GDERKNQSTAVLIFYWHMCP>
#	G	D	E	R	K	N	Q	S	T	A	V	L	I	F	Y	W	H	M	C	P
0	0.70051	0.01484	0.01207	0.01045	0.01511	0.01708	0.00861	0.10251	0.01508	0.03425	0.01103	0.01251	0.00843	0.00699	0.00484	0.00224	0.00592	0.00426	0.00484	0.00843
1	0.01238	0.01081	0.01107	0.01033	0.01230	0.09482	0.00775	0.01562	0.02058	0.02774	0.61043	0.04918	0.06123	0.01395	0.00832	0.00223	0.00463	0.01210	0.00747	0.00705
2	0.00940	0.00805	0.00832	0.00779	0.01074	0.00658	0.00591	0.01141	0.01638	0.02014	0.06610	0.06314	0.61115	0.01679	0.00819	0.00228	0.00389	0.01397	0.00645	0.10332
3	0.01663	0.01384	0.01591	0.01151	0.01789	0.01129	0.00926	0.09982	0.01744	0.02643	0.01348	0.01537	0.01096	0.00580	0.00562	0.00121	0.00571	0.00458	0.00467	0.69256
4	0.01825	0.10665	0.01912	0.01450	0.01887	0.01941	0.01162	0.03653	0.60272	0.02876	0.02717	0.02520	0.02059	0.00941	0.00706	0.00235	0.00600	0.00768	0.00686	0.01124
5	0.02107	0.65747	0.03546	0.01250	0.01864	0.02652	0.01222	0.02346	0.01552	0.10241	0.01241	0.01328	0.01040	0.00656	0.00499	0.00164	0.00758	0.00431	0.00384	0.00971
6	0.01711	0.01460	0.01560	0.01409	0.01790	0.01669	0.01093	0.03553	0.60344	0.03025	0.11224	0.03049	0.02795	0.01048	0.00754	0.00244	0.00546	0.00883	0.00747	0.01093
7	0.01064	0.00813	0.01114	0.09870	0.01592	0.00816	0.00864	0.01430	0.04088	0.02534	0.43061	0.21365	0.05477	0.01565	0.00854	0.00247	0.00447	0.01395	0.00709	0.00694
8	0.01038	0.00779	0.01168	0.01168	0.01298	0.00909	0.00909	0.01298	0.01168	0.01687	0.01947	0.02856	0.01817	0.05452	0.71573	0.01168	0.01947	0.00779	0.00389	0.00649
9	0.07412	0.01246	0.01653	0.01275	0.01831	0.01099	0.01053	0.03466	0.02035	0.66770	0.02767	0.02404	0.01744	0.00887	0.00716	0.00225	0.00615	0.00713	0.00875	0.01213
10	0.00894	0.00744	0.00787	0.00810	0.01040	0.00637	0.00623	0.01092	0.01650	0.01983	0.06878	0.09281	0.60508	0.01873	0.00877	0.00257	0.00402	0.08372	0.00674	0.00619
11	0.01328	0.00809	0.01067	0.00965	0.01189	0.00737	0.00737	0.01662	0.02061	0.11947	0.60616	0.05034	0.06182	0.01408	0.00840	0.00228	0.00380	0.01237	0.00813	0.00760
12	0.01355	0.00678	0.00678	0.00678	0.00847	0.00678	0.00508	0.01694	0.01524	0.02710	0.02371	0.02710	0.01863	0.00847	0.00508	0.00169	0.00339	0.00678	0.78489	0.00678
13	0.01884	0.62522	0.03542	0.01356	0.01873	0.02767	0.01302	0.02105	0.01416	0.01717	0.01001	0.01238	0.00936	0.00732	0.00790	0.00183	0.12986	0.00430	0.00312	0.00910
14	0.01017	0.00695	0.00888	0.01000	0.01106	0.00649	0.00712	0.01206	0.01446	0.02041	0.03607	0.52891	0.04114	0.01948	0.00854	0.00271	0.00441	0.08298	0.12071	0.04744
15	0.01828	0.01774	0.02431	0.26376	0.30279	0.09021	0.01916	0.07349	0.07489	0.02368	0.01482	0.01868	0.01166	0.00731	0.00718	0.00224	0.00916	0.00644	0.00410	0.01012
16	0.02701	0.02584	0.02085	0.01725	0.02208	0.30811	0.01364	0.38821	0.02799	0.03367	0.01508	0.01595	0.01131	0.00821	0.00691	0.00204	0.00997	0.00578	0.02952	0.01057
17	0.01677	0.01738	0.02326	0.01945	0.02061	0.07191	0.06335	0.01880	0.01248	0.01828	0.01023	0.01592	0.00970	0.01146	0.02047	0.00292	0.58680	0.00629	0.00332	0.05060
18	0.02737	0.06146	0.02254	0.01633	0.02216	0.02242	0.01361	0.61218	0.03254	0.07058	0.01748	0.01742	0.01242	0.00859	0.00712	0.00215	0.00791	0.00642	0.00710	0.01219
19	0.03243	0.01266	0.01705	0.01307	0.01870	0.01111	0.01080	0.05867	0.02129	0.68030	0.02827	0.02448	0.01779	0.00899	0.00731	0.00225	0.00625	0.00728	0.00893	0.01237
20	0.00899	0.00733	0.00794	0.00789	0.01009	0.00629	0.00588	0.01116	0.01735	0.02173	0.21213	0.09773	0.52456	0.01781	0.00862	0.00244	0.00365	0.01510	0.00703	0.00629
21	0.01484	0.07514	0.67158	0.02028	0.03079	0.01751	0.02610	0.02295	0.01532	0.02271	0.01289	0.01515	0.00921	0.00687	0.00679	0.00226	0.01059	0.00529	0.00307	0.01067
22	0.01373	0.01292	0.02180	0.72707	0.05006	0.01615	0.02019	0.01857	0.01453	0.01857	0.01292	0.01938	0.00969	0.00727	0.00727	0.00242	0.00969	0.00646	0.00323	0.00807
23	0.00901	0.00644	0.00861	0.01030	0.01079	0.00604	0.00702	0.01039	0.01407	0.01873	0.03998	0.70402	0.04774	0.02263	0.00932	0.00297	0.00435	0.05490	0.00674	0.00595
24	0.01371	0.01235	0.02041	0.66054	0.04622	0.01528	0.01879	0.01842	0.01460	0.01936	0.01392	0.02009	0.01052	0.00738	0.00707	0.00236	0.00911	0.00649	0.07542	0.00795
25	0.01365	0.01274	0.02141	0.69920	0.04870	0.01585	0.01986	0.01844	0.01462	0.01870	0.01392	0.02182	0.01094	0.00777	0.00738	0.00246	0.00957	0.03160	0.00337	0.00802
26	0.00861	0.00730	0.00742	0.00752	0.00986	0.00612	0.00559	0.01041	0.01642	0.01958	0.07173	0.10804	0.65939	0.01866	0.00863	0.00248	0.00371	0.01564	0.00675	0.00612
27	0.01799	0.01727	0.02950	0.04462	0.69919	0.01727	0.02231	0.02231	0.01655	0.02375	0.01367	0.01799	0.01151	0.00648	0.00720	0.00216	0.00864	0.00648	0.00360	0.01151
28	0.02156	0.11602	0.15605	0.02345	0.15854	0.30487	0.01802	0.05077	0.01825	0.02099	0.01211	0.01462	0.00988	0.00728	0.00725	0.00204	0.03972	0.00522	0.00363	0.00973
29	0.00879	0.00737	0.00763	0.00757	0.00994	0.00622	0.00568	0.01081	0.01703	0.02073	0.14495	0.06816	0.62425	0.01800	0.00859	0.00244	0.00365	0.01509	0.00689	0.00622
30	0.01576	0.10365	0.59353	0.02006	0.03006	0.01786	0.05050	0.02333	0.01555	0.04565	0.01336	0.01548	0.00959	0.00688	0.00677	0.00224	0.01037	0.00542	0.00330	0.01063
31	0.02213	0.01431	0.01688	0.01264	0.01865	0.01277	0.01027	0.14778	0.05152	0.20444	0.01864	0.01859	0.01347	0.00716	0.00633	0.00165	0.00610	0.00569	0.00623	0.40475
32	0.02571	0.01940	0.02155	0.01678	0.02230	0.02141	0.03544	0.56791	0.09780	0.04263	0.01931	0.04227	0.01447	0.00921	0.00739	0.00224	0.00779	0.00724	0.00715	0.01198
33	0.01799	0.01727	0.02950	0.04462	0.69919	0.01727	0.02231	0.02231	0.01655	0.02375	0.01367	0.01799	0.01151	0.00648	0.00720	0.00216	0.00864	0.00648	0.00360	0.01151
34	0.01570	0.01290	0.01514	0.01084	0.01727	0.00973	0.00869	0.01891	0.01528	0.04797	0.01348	0.01542	0.01102	0.00551	0.00545	0.00112	0.00541	0.00441	0.00447	0.76127

[dist]
# distance from previous block
# <min> <max>
0	2

[block]
# block no. 4 follows, 28 sequences, length 119
# corresponding to MSA columns:
# 204-299,325-347
name=unknown_E
#
# <colnr> <probs for GDERKNQSTAVLIFYWHMCP>
#	G	D	E	R	K	N	Q	S	T	A	V	L	I	F	Y	W	H	M	C	P
0	0.00907	0.00645	0.00855	0.01015	0.01060	0.00607	0.00684	0.01036	0.01387	0.01846	0.03912	0.67592	0.04670	0.05968	0.01073	0.00318	0.00447	0.04729	0.00663	0.00586
1	0.02641	0.01960	0.02096	0.01624	0.02184	0.02165	0.01336	0.61944	0.06094	0.04403	0.02039	0.02012	0.04226	0.00919	0.00733	0.00221	0.00772	0.00699	0.00725	0.01206
2	0.00859	0.00736	0.00736	0.00736	0.00982	0.00614	0.00552	0.01043	0.01657	0.01964	0.07364	0.06996	0.69624	0.01841	0.00859	0.00245	0.00368	0.01534	0.00675	0.00614
3	0.00880	0.00654	0.00822	0.00956	0.01040	0.00595	0.00650	0.01018	0.01446	0.01878	0.04691	0.60317	0.18028	0.02188	0.00914	0.00285	0.00411	0.01958	0.00675	0.00595
4	0.01355	0.00678	0.00678	0.00678	0.00847	0.00678	0.00508	0.01694	0.01524	0.02710	0.02371	0.02710	0.01863	0.00847	0.00508	0.00169	0.00339	0.00678	0.78489	0.00678
5	0.01443	0.01388	0.02195	0.49991	0.04012	0.01811	0.01881	0.01823	0.01344	0.01823	0.01184	0.01826	0.00964	0.00902	0.01259	0.00267	0.24120	0.00643	0.00321	0.00804
6	0.02763	0.02036	0.02182	0.01672	0.02254	0.02254	0.01382	0.67496	0.03418	0.04581	0.01745	0.01745	0.01236	0.00873	0.00727	0.00218	0.00800	0.00654	0.00727	0.01236
7	0.00987	0.00675	0.00814	0.00882	0.00900	0.00658	0.00536	0.01039	0.01194	0.01592	0.02991	0.33039	0.03527	0.44965	0.02567	0.00537	0.00589	0.01469	0.00536	0.00502
8	0.01459	0.01400	0.02248	0.49734	0.08950	0.01779	0.01925	0.01857	0.01382	0.01868	0.01212	0.01839	0.00979	0.00860	0.01148	0.00260	0.19305	0.00644	0.00324	0.00829
9	0.01943	0.74891	0.03809	0.01244	0.01866	0.02876	0.01244	0.02177	0.01477	0.01710	0.01011	0.01166	0.00933	0.00622	0.00466	0.00155	0.00777	0.00389	0.00311	0.00933
10	0.00859	0.00736	0.00736	0.00736	0.00982	0.00614	0.00552	0.01043	0.01657	0.01964	0.07364	0.06996	0.69624	0.01841	0.00859	0.00245	0.00368	0.01534	0.00675	0.00614
11	0.01943	0.74891	0.03809	0.01244	0.01866	0.02876	0.01244	0.02177	0.01477	0.01710	0.01011	0.01166	0.00933	0.00622	0.00466	0.00155	0.00777	0.00389	0.00311	0.00933
12	0.01731	0.01712	0.06109	0.04905	0.11608	0.03759	0.01403	0.03238	0.45820	0.02743	0.02797	0.02718	0.06327	0.00958	0.00739	0.00239	0.00672	0.00809	0.00627	0.01087
13	0.01042	0.00766	0.01103	0.01103	0.01210	0.00873	0.00827	0.01256	0.01149	0.01639	0.02007	0.03187	0.01961	0.17480	0.59741	0.01087	0.01730	0.00827	0.00398	0.00613
14	0.01808	0.01561	0.01644	0.01479	0.01890	0.01808	0.01151	0.03863	0.68606	0.03041	0.02959	0.02712	0.02219	0.00986	0.00740	0.00247	0.00575	0.00822	0.00740	0.01151
15	0.01785	0.01320	0.01514	0.01419	0.01777	0.01452	0.01148	0.03158	0.42349	0.10121	0.03202	0.04246	0.02732	0.01267	0.00814	0.00269	0.00607	0.19061	0.00737	0.01023
16	0.79588	0.01406	0.01068	0.00956	0.01406	0.01631	0.00787	0.02137	0.01237	0.03261	0.01012	0.01181	0.00787	0.00675	0.00450	0.00225	0.00562	0.00394	0.00450	0.00787
17	0.01057	0.00705	0.00793	0.00793	0.00793	0.00705	0.00440	0.01057	0.01057	0.01409	0.02290	0.04757	0.02643	0.74454	0.03700	0.00705	0.00705	0.01057	0.00440	0.00440
18	0.01507	0.01292	0.01507	0.01077	0.01723	0.00969	0.00861	0.01830	0.01507	0.02369	0.01292	0.01507	0.01077	0.00538	0.00538	0.00108	0.00538	0.00431	0.00431	0.78898
19	0.01417	0.01233	0.01976	0.60504	0.04347	0.01509	0.01792	0.04045	0.01529	0.02065	0.01454	0.02037	0.01100	0.00748	0.00697	0.00232	0.00877	0.00651	0.10984	0.00804
20	0.76960	0.01427	0.01106	0.00980	0.01435	0.01652	0.00808	0.04373	0.01312	0.03307	0.01037	0.01200	0.00803	0.00682	0.00459	0.00225	0.00570	0.00403	0.00459	0.00803
21	0.02100	0.53919	0.03249	0.01386	0.01930	0.20320	0.01259	0.02320	0.01632	0.01737	0.01274	0.01418	0.03471	0.00699	0.00529	0.00167	0.00898	0.00451	0.00341	0.00898
22	0.47166	0.07075	0.01615	0.01192	0.01698	0.01833	0.00999	0.19005	0.01890	0.09565	0.01368	0.01441	0.01005	0.00742	0.00548	0.00218	0.00644	0.00491	0.00551	0.00954
23	0.01656	0.05568	0.06035	0.07244	0.05964	0.01876	0.35396	0.04179	0.01595	0.02198	0.01492	0.06309	0.01287	0.00864	0.01109	0.00255	0.14844	0.00824	0.00380	0.00926
24	0.79588	0.01406	0.01068	0.00956	0.01406	0.01631	0.00787	0.02137	0.01237	0.03261	0.01012	0.01181	0.00787	0.00675	0.00450	0.00225	0.00562	0.00394	0.00450	0.00787
25	0.01414	0.01365	0.01944	0.01708	0.01756	0.01796	0.03777	0.01584	0.01220	0.01803	0.01925	0.16647	0.05269	0.01482	0.01953	0.00307	0.51906	0.00982	0.00411	0.00751
26	0.02693	0.01372	0.01690	0.01358	0.01878	0.01331	0.01105	0.08760	0.18169	0.42289	0.02730	0.02594	0.01885	0.00931	0.00729	0.00226	0.00620	0.02788	0.00810	0.06042
27	0.02551	0.18799	0.02441	0.01730	0.02165	0.54117	0.01369	0.05195	0.01986	0.01870	0.01123	0.01296	0.00947	0.00726	0.00617	0.00182	0.01177	0.00458	0.00374	0.00877
28	0.00885	0.00722	0.00782	0.00799	0.01006	0.00619	0.00587	0.01080	0.01669	0.02069	0.14767	0.16538	0.52231	0.01859	0.00869	0.00251	0.00373	0.01584	0.00691	0.00619
29	0.01057	0.00705	0.00793	0.00793	0.00793	0.00705	0.00440	0.01057	0.01057	0.01409	0.02290	0.04757	0.02643	0.74454	0.03700	0.00705	0.00705	0.01057	0.00440	0.00440
30	0.01419	0.01339	0.02264	0.65287	0.12064	0.01627	0.02042	0.01898	0.01475	0.01914	0.01300	0.01923	0.00989	0.00718	0.00726	0.00239	0.00958	0.00646	0.00327	0.00845
31	0.03195	0.01224	0.01671	0.01295	0.01844	0.01061	0.01072	0.03478	0.02068	0.68255	0.02899	0.02656	0.01875	0.00935	0.00740	0.00228	0.00620	0.02773	0.00892	0.01219
32	0.01029	0.00743	0.00972	0.00914	0.01086	0.00686	0.00686	0.01372	0.02058	0.02915	0.69536	0.05430	0.06859	0.01486	0.00857	0.00229	0.00343	0.01315	0.00800	0.00686
33	0.01799	0.01727	0.02950	0.04462	0.69919	0.01727	0.02231	0.02231	0.01655	0.02375	0.01367	0.01799	0.01151	0.00648	0.00720	0.00216	0.00864	0.00648	0.00360	0.01151
34	0.01624	0.01689	0.02774	0.02215	0.02410	0.02123	0.19031	0.01903	0.01273	0.01903	0.01091	0.01689	0.00994	0.01097	0.01980	0.00299	0.54034	0.00695	0.00331	0.00844
35	0.01372	0.00742	0.00788	0.00765	0.00922	0.00788	0.00585	0.01698	0.01495	0.02642	0.02271	0.02630	0.01799	0.00877	0.00642	0.00180	0.05515	0.00675	0.72930	0.00686
36	0.00892	0.00637	0.00849	0.01008	0.01056	0.00595	0.00675	0.01028	0.01420	0.01901	0.06832	0.71024	0.04896	0.02243	0.00925	0.00292	0.00418	0.02034	0.00680	0.00595
37	0.01507	0.01292	0.01507	0.01077	0.01723	0.00969	0.00861	0.01830	0.01507	0.02369	0.01292	0.01507	0.01077	0.00538	0.00538	0.00108	0.00538	0.00431	0.00431	0.78898
38	0.79588	0.01406	0.01068	0.00956	0.01406	0.01631	0.00787	0.02137	0.01237	0.03261	0.01012	0.01181	0.00787	0.00675	0.00450	0.00225	0.00562	0.00394	0.00450	0.00787
39	0.01507	0.01292	0.01507	0.01077	0.01723	0.00969	0.00861	0.01830	0.01507	0.02369	0.01292	0.01507	0.01077	0.00538	0.00538	0.00108	0.00538	0.00431	0.00431	0.78898
40	0.01038	0.00779	0.01168	0.01168	0.01298	0.00909	0.00909	0.01298	0.01168	0.01687	0.01947	0.02856	0.01817	0.05452	0.71573	0.01168	0.01947	0.00779	0.00389	0.00649
41	0.01808	0.01561	0.01644	0.01479	0.01890	0.01808	0.01151	0.03863	0.68606	0.03041	0.02959	0.02712	0.02219	0.00986	0.00740	0.00247	0.00575	0.00822	0.00740	0.01151
42	0.01057	0.00705	0.00793	0.00793	0.00793	0.00705	0.00440	0.01057	0.01057	0.01409	0.02290	0.04757	0.02643	0.74454	0.03700	0.00705	0.00705	0.01057	0.00440	0.00440
43	0.00859	0.00736	0.00736	0.00736	0.00982	0.00614	0.00552	0.01043	0.01657	0.01964	0.07364	0.06996	0.69624	0.01841	0.00859	0.00245	0.00368	0.01534	0.00675	0.00614
44	0.00886	0.00633	0.00843	0.01012	0.01054	0.00590	0.00675	0.01012	0.01392	0.01856	0.04006	0.73979	0.04808	0.02277	0.00928	0.00295	0.00422	0.02066	0.00675	0.00590
45	0.01840	0.01504	0.01565	0.01408	0.01803	0.03820	0.01092	0.03501	0.54385	0.07779	0.03247	0.05636	0.07039	0.01082	0.00752	0.00245	0.00581	0.00902	0.00733	0.01088
46	0.03213	0.01314	0.01735	0.01330	0.01894	0.01183	0.01099	0.09719	0.02210	0.64064	0.02759	0.02404	0.01745	0.00897	0.00731	0.00224	0.00636	0.00724	0.00883	0.01237
47	0.02688	0.01999	0.02139	0.01657	0.02225	0.02219	0.01363	0.62474	0.08563	0.04460	0.01841	0.01822	0.01314	0.00882	0.00728	0.00220	0.00782	0.00668	0.00728	0.01229
48	0.01799	0.01727	0.02950	0.04462	0.69919	0.01727	0.02231	0.02231	0.01655	0.02375	0.01367	0.01799	0.01151	0.00648	0.00720	0.00216	0.00864	0.00648	0.00360	0.01151
49	0.01761	0.05966	0.46717	0.02108	0.03032	0.01740	0.13006	0.06478	0.01728	0.08482	0.01487	0.01687	0.01049	0.00705	0.00715	0.00228	0.01030	0.00608	0.00396	0.01078
50	0.00891	0.00637	0.00848	0.01008	0.01056	0.00594	0.00675	0.01026	0.01417	0.01896	0.06495	0.71376	0.04886	0.02247	0.00925	0.00293	0.00419	0.02038	0.00680	0.00594
51	0.01507	0.01292	0.01507	0.01077	0.01723	0.00969	0.00861	0.01830	0.01507	0.02369	0.01292	0.01507	0.01077	0.00538	0.00538	0.00108	0.00538	0.00431	0.00431	0.78898
52	0.01785	0.01713	0.02925	0.06718	0.67774	0.01723	0.02224	0.02219	0.01648	0.02358	0.01365	0.01804	0.01145	0.00650	0.00720	0.00217	0.00867	0.00648	0.00359	0.01140
53	0.01706	0.01915	0.04032	0.03001	0.06121	0.01873	0.58242	0.02267	0.01653	0.02272	0.01415	0.01918	0.01090	0.00680	0.01005	0.00251	0.08400	0.00828	0.00362	0.00968
54	0.01355	0.00678	0.00678	0.00678	0.00847	0.00678	0.00508	0.01694	0.01524	0.02710	0.02371	0.02710	0.01863	0.00847	0.00508	0.00169	0.00339	0.00678	0.78489	0.00678
55	0.01262	0.00979	0.01100	0.01029	0.01304	0.00977	0.00791	0.02002	0.19604	0.05049	0.25802	0.05227	0.27232	0.01471	0.00826	0.00242	0.00433	0.03124	0.00740	0.00804
56	0.13966	0.01468	0.02035	0.53332	0.07590	0.05985	0.01795	0.01986	0.01467	0.02103	0.01241	0.01771	0.00947	0.00716	0.00678	0.00235	0.00920	0.00595	0.00348	0.00824
57	0.01058	0.00790	0.01131	0.01122	0.01224	0.00911	0.00843	0.01267	0.01146	0.01638	0.01980	0.03167	0.01943	0.17998	0.57021	0.01057	0.03866	0.00826	0.00397	0.00615
58	0.79588	0.01406	0.01068	0.00956	0.01406	0.01631	0.00787	0.02137	0.01237	0.03261	0.01012	0.01181	0.00787	0.00675	0.00450	0.00225	0.00562	0.00394	0.00450	0.00787
59	0.01818	0.01559	0.01652	0.01460	0.01891	0.01769	0.01140	0.05683	0.62426	0.03046	0.02817	0.02607	0.02118	0.00955	0.00727	0.00237	0.00580	0.00792	0.00720	0.06003
60	0.07055	0.01538	0.01675	0.01430	0.01893	0.01697	0.01137	0.10609	0.43955	0.16756	0.02687	0.02464	0.01939	0.00937	0.00718	0.00238	0.00608	0.00759	0.00752	0.01155
61	0.02293	0.04487	0.01915	0.01610	0.04043	0.08459	0.01245	0.16217	0.35489	0.12673	0.02411	0.02269	0.01764	0.00905	0.00717	0.00228	0.00712	0.00721	0.00698	0.01142
62	0.02723	0.01438	0.03781	0.01353	0.01873	0.01329	0.01136	0.19484	0.02402	0.40782	0.13178	0.02732	0.02437	0.00980	0.00749	0.00224	0.00635	0.00799	0.00822	0.01144
63	0.01766	0.01694	0.02891	0.09702	0.64935	0.01719	0.02215	0.02202	0.01640	0.02335	0.01362	0.01810	0.01137	0.00654	0.00720	0.00218	0.00872	0.00648	0.00357	0.01125
64	0.01039	0.00776	0.01154	0.01154	0.01279	0.00901	0.00891	0.01289	0.01164	0.01677	0.01960	0.02928	0.01849	0.08067	0.69001	0.01151	0.01900	0.00789	0.00391	0.00641
65	0.02984	0.01297	0.01724	0.01438	0.04717	0.01185	0.01119	0.05857	0.07410	0.57366	0.02920	0.02589	0.04068	0.00927	0.00735	0.00227	0.00624	0.00759	0.00850	0.01206
66	0.02418	0.01743	0.01943	0.01539	0.02036	0.01895	0.01253	0.47112	0.04932	0.07881	0.01976	0.07251	0.01578	0.01210	0.04419	0.00270	0.03114	0.00762	0.00685	0.05985
67	0.01399	0.01319	0.02228	0.68450	0.09055	0.01622	0.02032	0.01881	0.01466	0.01890	0.01297	0.01929	0.00980	0.00722	0.00726	0.00241	0.00962	0.00646	0.00325	0.00829
68	0.01799	0.01727	0.02950	0.04462	0.69919	0.01727	0.02231	0.02231	0.01655	0.02375	0.01367	0.01799	0.01151	0.00648	0.00720	0.00216	0.00864	0.00648	0.00360	0.01151
69	0.02555	0.06120	0.02156	0.01904	0.04753	0.54503	0.01418	0.08849	0.02083	0.02059	0.01207	0.01426	0.01002	0.00926	0.03047	0.00227	0.03971	0.00506	0.00403	0.00887
70	0.01011	0.00737	0.00950	0.00908	0.01078	0.00676	0.00677	0.01333	0.01998	0.02801	0.62296	0.09044	0.10669	0.01549	0.00861	0.00233	0.00349	0.01367	0.00786	0.00676
71	0.79588	0.01406	0.01068	0.00956	0.01406	0.01631	0.00787	0.02137	0.01237	0.03261	0.01012	0.01181	0.00787	0.00675	0.00450	0.00225	0.00562	0.00394	0.00450	0.00787
72	0.01016	0.00743	0.00955	0.00902	0.01078	0.00681	0.00676	0.01348	0.02028	0.02846	0.65005	0.05544	0.11433	0.01512	0.00857	0.00230	0.00345	0.01331	0.00791	0.00681
73	0.01373	0.01292	0.02180	0.72707	0.05006	0.01615	0.02019	0.01857	0.01453	0.01857	0.01292	0.01938	0.00969	0.00727	0.00727	0.00242	0.00969	0.00646	0.00323	0.00807
74	0.00977	0.00770	0.00904	0.00974	0.01182	0.00696	0.00790	0.01216	0.01652	0.02038	0.05900	0.10336	0.42265	0.01922	0.00916	0.00281	0.00484	0.25390	0.00673	0.00634
75	0.01646	0.01362	0.01564	0.01140	0.01754	0.01118	0.00910	0.09899	0.01727	0.02607	0.01384	0.01655	0.01153	0.03266	0.00677	0.00143	0.00577	0.00481	0.00468	0.66470
76	0.01986	0.66328	0.03575	0.01298	0.01883	0.08948	0.01248	0.02216	0.01520	0.01716	0.01048	0.01229	0.00959	0.00776	0.02581	0.00188	0.00859	0.00407	0.00319	0.00916
77	0.01926	0.72280	0.06264	0.01274	0.01913	0.02833	0.01297	0.02181	0.01479	0.01732	0.01021	0.01180	0.00932	0.00624	0.00475	0.00158	0.00788	0.00394	0.00311	0.00938
78	0.02742	0.01253	0.01634	0.01229	0.01816	0.01039	0.01007	0.03036	0.01911	0.50278	0.02401	0.02188	0.01585	0.00793	0.00674	0.00190	0.00595	0.00642	0.00761	0.24225
79	0.00931	0.00733	0.00841	0.00828	0.01030	0.00642	0.00615	0.01177	0.01806	0.02351	0.32931	0.10545	0.39538	0.01721	0.00863	0.00242	0.00361	0.01476	0.00727	0.00642
80	0.01437	0.00784	0.00795	0.00765	0.00965	0.00808	0.00581	0.04323	0.05780	0.02802	0.02384	0.02674	0.01862	0.00857	0.00531	0.00176	0.00371	0.00686	0.70692	0.00728
81	0.01690	0.01868	0.03931	0.10201	0.11181	0.01804	0.53592	0.02270	0.01683	0.02286	0.01441	0.01941	0.01095	0.00628	0.00830	0.00242	0.01160	0.00814	0.00362	0.00982
82	0.05611	0.01255	0.01666	0.01290	0.01843	0.01114	0.01063	0.03510	0.04549	0.65780	0.02813	0.02442	0.01783	0.00896	0.00722	0.00226	0.00615	0.00724	0.00880	0.01220
83	0.00878	0.00740	0.00763	0.00766	0.01005	0.00625	0.00580	0.01076	0.01678	0.02020	0.10433	0.06956	0.64166	0.01828	0.00864	0.00248	0.00377	0.03695	0.00681	0.00619
84	0.00897	0.00641	0.00857	0.01025	0.01072	0.00600	0.00695	0.01032	0.01403	0.01868	0.04000	0.71360	0.04783	0.02267	0.00931	0.00297	0.00432	0.04574	0.00675	0.00594
85	0.01551	0.03105	0.47681	0.02526	0.10497	0.01740	0.15634	0.02282	0.01570	0.02297	0.01333	0.01651	0.00984	0.00689	0.00783	0.00235	0.03444	0.00617	0.00325	0.01055
86	0.01769	0.04434	0.14633	0.08362	0.42630	0.01712	0.04103	0.04060	0.01681	0.04830	0.01499	0.02006	0.01228	0.00724	0.00722	0.00224	0.00898	0.03007	0.00388	0.01089
87	0.01246	0.00894	0.01206	0.01331	0.01513	0.00904	0.01141	0.05579	0.01758	0.02297	0.03731	0.13543	0.04054	0.01961	0.00980	0.00324	0.00656	0.55511	0.00673	0.00698
88	0.08788	0.62851	0.06170	0.01268	0.01891	0.02696	0.01266	0.04635	0.01531	0.01978	0.01050	0.01204	0.00931	0.00639	0.00484	0.00167	0.00771	0.00405	0.00339	0.00937
89	0.10886	0.01476	0.01742	0.05640	0.02067	0.03629	0.01158	0.16378	0.02229	0.41257	0.04574	0.02221	0.01674	0.00876	0.00703	0.00223	0.00684	0.00687	0.00763	0.01133
90	0.01507	0.01292	0.01507	0.01077	0.01723	0.00969	0.00861	0.01830	0.01507	0.02369	0.01292	0.01507	0.01077	0.00538	0.00538	0.00108	0.00538	0.00431	0.00431	0.78898
91	0.00886	0.00633	0.00843	0.01012	0.01054	0.00590	0.00675	0.01012	0.01392	0.01856	0.04006	0.73979	0.04808	0.02277	0.00928	0.00295	0.00422	0.02066	0.00675	0.00590
92	0.00861	0.00730	0.00743	0.00754	0.00986	0.00612	0.00560	0.01041	0.01640	0.01957	0.07154	0.11174	0.65581	0.01868	0.00863	0.00249	0.00372	0.01567	0.00675	0.00612
93	0.02450	0.01686	0.01809	0.01424	0.01908	0.01839	0.01164	0.49631	0.02922	0.06572	0.01934	0.01999	0.01405	0.00868	0.00676	0.00207	0.00685	0.00663	0.19054	0.01105
94	0.01808	0.01561	0.01644	0.01479	0.01890	0.01808	0.01151	0.03863	0.68606	0.03041	0.02959	0.02712	0.02219	0.00986	0.00740	0.00247	0.00575	0.00822	0.00740	0.01151
95	0.02713	0.02009	0.02181	0.04255	0.02354	0.02231	0.01405	0.65110	0.03346	0.04482	0.01729	0.01752	0.01226	0.00867	0.00727	0.00219	0.00806	0.00654	0.00712	0.01221
96	0.01024	0.00740	0.00934	0.00885	0.01065	0.00678	0.00664	0.01350	0.01992	0.02803	0.59941	0.05485	0.13472	0.01498	0.00843	0.00228	0.00346	0.01312	0.04066	0.00678
97	0.01760	0.01687	0.02880	0.10681	0.64004	0.01717	0.02212	0.02197	0.01637	0.02328	0.01360	0.01812	0.01135	0.00655	0.00720	0.00218	0.00873	0.00648	0.00356	0.01120
98	0.19605	0.01359	0.01413	0.01181	0.01546	0.01477	0.00927	0.25237	0.02045	0.07398	0.01720	0.02163	0.01399	0.09040	0.01235	0.10422	0.00649	0.00644	0.09676	0.00864
99	0.01475	0.01290	0.01655	0.01213	0.01820	0.01002	0.05570	0.01804	0.01513	0.02327	0.01510	0.07017	0.01361	0.00675	0.00590	0.00132	0.00578	0.00585	0.00445	0.67438
100	0.01744	0.02055	0.13866	0.04077	0.59159	0.01721	0.02304	0.02242	0.01636	0.02363	0.01357	0.01756	0.01114	0.00655	0.00715	0.00218	0.00898	0.00630	0.00351	0.01139
101	0.01524	0.13414	0.61610	0.01959	0.02972	0.01849	0.02490	0.02285	0.01527	0.02222	0.01265	0.01485	0.00922	0.00681	0.00660	0.00220	0.01034	0.00517	0.00307	0.01055
102	0.02535	0.20160	0.02469	0.01726	0.02158	0.55487	0.01367	0.02733	0.01924	0.01763	0.01097	0.01277	0.00936	0.00719	0.00611	0.00180	0.01186	0.00450	0.00360	0.00864
103	0.01454	0.03633	0.67173	0.05695	0.03242	0.01684	0.02651	0.02279	0.01531	0.02279	0.01304	0.01555	0.00923	0.00692	0.00692	0.00231	0.01069	0.00543	0.00308	0.01061
104	0.01263	0.00631	0.00947	0.00947	0.00947	0.00631	0.00631	0.00947	0.00947	0.01263	0.01263	0.02210	0.01263	0.02525	0.02841	0.78851	0.00631	0.00631	0.00316	0.00316
105	0.01029	0.00779	0.00980	0.01087	0.01269	0.00730	0.00896	0.01287	0.01637	0.02065	0.05130	0.14764	0.27800	0.01977	0.00944	0.00298	0.00535	0.35481	0.00672	0.00641
106	0.00883	0.00694	0.00798	0.00864	0.01020	0.00609	0.00613	0.01055	0.01577	0.01991	0.10667	0.34607	0.38054	0.01995	0.00887	0.00265	0.00388	0.01738	0.00684	0.00609
107	0.01943	0.74891	0.03809	0.01244	0.01866	0.02876	0.01244	0.02177	0.01477	0.01710	0.01011	0.01166	0.00933	0.00622	0.00466	0.00155	0.00777	0.00389	0.00311	0.00933
108	0.01507	0.01292	0.01507	0.01077	0.01723	0.00969	0.00861	0.01830	0.01507	0.02369	0.01292	0.01507	0.01077	0.00538	0.00538	0.00108	0.00538	0.00431	0.00431	0.78898
109	0.01147	0.00873	0.01070	0.00998	0.01211	0.00862	0.00755	0.01757	0.12667	0.02900	0.56610	0.05054	0.08436	0.01419	0.00839	0.00232	0.00381	0.01244	0.00786	0.00757
110	0.01298	0.00834	0.01020	0.00952	0.01200	0.00757	0.00731	0.01637	0.04349	0.11443	0.33624	0.09035	0.24832	0.01558	0.00846	0.00241	0.00412	0.03721	0.00762	0.00748
111	0.00859	0.00736	0.00736	0.00736	0.00982	0.00614	0.00552	0.01043	0.01657	0.01964	0.07364	0.06996	0.69624	0.01841	0.00859	0.00245	0.00368	0.01534	0.00675	0.00614
112	0.15447	0.01264	0.01588	0.01239	0.01784	0.01158	0.01023	0.03318	0.01946	0.59700	0.02571	0.02268	0.01638	0.00864	0.00686	0.00225	0.00610	0.00677	0.00828	0.01165
113	0.01943	0.74891	0.03809	0.01244	0.01866	0.02876	0.01244	0.02177	0.01477	0.01710	0.01011	0.01166	0.00933	0.00622	0.00466	0.00155	0.00777	0.00389	0.00311	0.00933
114	0.01344	0.01016	0.01146	0.01065	0.01350	0.01022	0.00821	0.04125	0.18982	0.06090	0.21943	0.07797	0.25190	0.01473	0.00825	0.00245	0.00454	0.03554	0.00738	0.00823
115	0.01038	0.00779	0.01168	0.01168	0.01298	0.00909	0.00909	0.01298	0.01168	0.01687	0.01947	0.02856	0.01817	0.05452	0.71573	0.01168	0.01947	0.00779	0.00389	0.00649
116	0.76287	0.01401	0.01115	0.03985	0.01558	0.01630	0.00839	0.02125	0.01246	0.03202	0.01024	0.01213	0.00795	0.00677	0.00462	0.00226	0.00579	0.00404	0.00444	0.00788
117	0.01592	0.01364	0.01796	0.01433	0.06125	0.01080	0.05580	0.01941	0.01548	0.04374	0.01356	0.01586	0.01104	0.00561	0.00578	0.00127	0.00609	0.00483	0.00436	0.66329
118	0.01469	0.03693	0.68471	0.02150	0.05331	0.01689	0.02671	0.02300	0.01539	0.02304	0.01307	0.01543	0.00928	0.00689	0.00692	0.00230	0.01067	0.00541	0.00309	0.01077

[dist]
# distance from previous block
# <min> <max>
0	27

[block]
# block no. 5 follows, 28 sequences, length 33
# corresponding to MSA columns:
# 375-407
name=unknown_F
#
# <colnr> <probs for GDERKNQSTAVLIFYWHMCP>
#	G	D	E	R	K	N	Q	S	T	A	V	L	I	F	Y	W	H	M	C	P
0	0.79588	0.01406	0.01068	0.00956	0.01406	0.01631	0.00787	0.02137	0.01237	0.03261	0.01012	0.01181	0.00787	0.00675	0.00450	0.00225	0.00562	0.00394	0.00450	0.00787
1	0.00886	0.00633	0.00843	0.01012	0.01054	0.00590	0.00675	0.01012	0.01392	0.01856	0.04006	0.73979	0.04808	0.02277	0.00928	0.00295	0.00422	0.02066	0.00675	0.00590
2	0.02004	0.69277	0.03672	0.01293	0.01896	0.08273	0.01256	0.02234	0.01523	0.01716	0.01019	0.01177	0.00933	0.00632	0.00481	0.00158	0.00819	0.00395	0.00316	0.00926
3	0.01057	0.00705	0.00793	0.00793	0.00793	0.00705	0.00440	0.01057	0.01057	0.01409	0.02290	0.04757	0.02643	0.74454	0.03700	0.00705	0.00705	0.01057	0.00440	0.00440
4	0.01006	0.00732	0.00948	0.00915	0.01078	0.00673	0.00678	0.01320	0.01973	0.02765	0.60080	0.12205	0.09740	0.01581	0.00864	0.00236	0.00352	0.01399	0.00782	0.00673
5	0.01008	0.00742	0.00943	0.00893	0.01073	0.00677	0.00669	0.01331	0.02008	0.02798	0.61916	0.05622	0.14552	0.01530	0.00858	0.00231	0.00346	0.01341	0.00785	0.00677
6	0.02039	0.69566	0.03656	0.01247	0.01865	0.02746	0.01231	0.02275	0.01521	0.06678	0.01145	0.01261	0.00995	0.00642	0.00486	0.00160	0.00766	0.00413	0.00354	0.00955
7	0.52642	0.01346	0.01287	0.01075	0.01565	0.01432	0.00886	0.02633	0.01535	0.26972	0.01667	0.01637	0.01145	0.00754	0.00549	0.00225	0.00582	0.00513	0.00609	0.00946
8	0.73975	0.06719	0.01267	0.00977	0.01439	0.01721	0.00820	0.02140	0.01254	0.03149	0.01012	0.01180	0.00798	0.00671	0.00451	0.00220	0.00578	0.00393	0.00440	0.00798
9	0.01046	0.00787	0.00977	0.00963	0.01140	0.00748	0.00717	0.01459	0.06701	0.02614	0.44450	0.16347	0.13915	0.01636	0.00865	0.00246	0.00386	0.03551	0.00756	0.00695
10	0.01373	0.01292	0.02180	0.72707	0.05006	0.01615	0.02019	0.01857	0.01453	0.01857	0.01292	0.01938	0.00969	0.00727	0.00727	0.00242	0.00969	0.00646	0.00323	0.00807
11	0.01008	0.00742	0.00943	0.00893	0.01073	0.00677	0.00670	0.01332	0.02009	0.02799	0.61988	0.05620	0.14478	0.01529	0.00858	0.00231	0.00346	0.01341	0.00785	0.00677
12	0.03261	0.01237	0.01687	0.01293	0.01856	0.01068	0.01068	0.03543	0.02081	0.70423	0.02868	0.02474	0.01799	0.00900	0.00731	0.00225	0.00619	0.00731	0.00900	0.01237
13	0.01817	0.44879	0.13842	0.01555	0.02186	0.07804	0.06572	0.02174	0.01518	0.01853	0.01198	0.01471	0.01036	0.01142	0.07905	0.00281	0.01021	0.00495	0.00328	0.00922
14	0.01564	0.01326	0.01538	0.01104	0.01747	0.01027	0.00885	0.04817	0.01594	0.02469	0.01313	0.01518	0.01084	0.00554	0.00547	0.00113	0.00550	0.00441	0.00444	0.75365
15	0.02763	0.02036	0.02182	0.01672	0.02254	0.02254	0.01382	0.67496	0.03418	0.04581	0.01745	0.01745	0.01236	0.00873	0.00727	0.00218	0.00800	0.00654	0.00727	0.01236
16	0.01808	0.01561	0.01644	0.01479	0.01890	0.01808	0.01151	0.03863	0.68606	0.03041	0.02959	0.02712	0.02219	0.00986	0.00740	0.00247	0.00575	0.00822	0.00740	0.01151
17	0.00994	0.00742	0.00924	0.00878	0.01065	0.00671	0.00659	0.01305	0.01976	0.02722	0.56937	0.05747	0.19578	0.01558	0.00858	0.00232	0.00348	0.01359	0.00775	0.00671
18	0.01029	0.00743	0.00972	0.00914	0.01086	0.00686	0.00686	0.01372	0.02058	0.02915	0.69536	0.05430	0.06859	0.01486	0.00857	0.00229	0.00343	0.01315	0.00800	0.00686
19	0.01943	0.74891	0.03809	0.01244	0.01866	0.02876	0.01244	0.02177	0.01477	0.01710	0.01011	0.01166	0.00933	0.00622	0.00466	0.00155	0.00777	0.00389	0.00311	0.00933
20	0.01160	0.00828	0.01158	0.01325	0.01487	0.00827	0.01151	0.01486	0.01662	0.02162	0.03855	0.10916	0.04209	0.02019	0.01001	0.00333	0.00659	0.62427	0.00670	0.00666
21	0.01733	0.01497	0.01572	0.01421	0.01819	0.01714	0.01104	0.03641	0.63344	0.02956	0.03305	0.03049	0.07517	0.01053	0.00749	0.00246	0.00559	0.00878	0.00735	0.01108
22	0.38113	0.01564	0.07638	0.06502	0.14049	0.01487	0.01296	0.02129	0.01504	0.07206	0.08477	0.02071	0.03657	0.00808	0.00610	0.00226	0.00664	0.00620	0.00485	0.00893
23	0.01785	0.01323	0.01537	0.05528	0.01876	0.01344	0.01067	0.17987	0.10717	0.07257	0.06965	0.03614	0.11452	0.04346	0.00883	0.00243	0.00623	0.07287	0.00647	0.13520
24	0.02007	0.01396	0.01653	0.01297	0.01809	0.01343	0.01048	0.19703	0.04133	0.12197	0.01807	0.01998	0.01395	0.01625	0.14110	0.00359	0.00888	0.00610	0.00577	0.30045
25	0.01507	0.01292	0.01507	0.01077	0.01723	0.00969	0.00861	0.01830	0.01507	0.02369	0.01292	0.01507	0.01077	0.00538	0.00538	0.00108	0.00538	0.00431	0.00431	0.78898
26	0.01673	0.01585	0.02618	0.24544	0.45248	0.01700	0.02083	0.02248	0.06857	0.02273	0.01470	0.01912	0.01181	0.00698	0.00723	0.00226	0.00872	0.00661	0.00379	0.01049
27	0.00923	0.00729	0.00831	0.00827	0.01026	0.00638	0.00612	0.01159	0.01777	0.02297	0.29490	0.12722	0.40881	0.01754	0.00865	0.00244	0.00364	0.01505	0.00720	0.00638
28	0.00887	0.00725	0.00787	0.00818	0.01023	0.00624	0.00607	0.01078	0.01640	0.02013	0.10431	0.17626	0.52628	0.01896	0.00876	0.00256	0.00388	0.04397	0.00682	0.00617
29	0.01373	0.01292	0.02180	0.72707	0.05006	0.01615	0.02019	0.01857	0.01453	0.01857	0.01292	0.01938	0.00969	0.00727	0.00727	0.00242	0.00969	0.00646	0.00323	0.00807
30	0.01613	0.02085	0.12646	0.02765	0.03487	0.01715	0.53360	0.02216	0.01665	0.02286	0.01659	0.07866	0.01386	0.00761	0.00842	0.00247	0.01139	0.00916	0.00385	0.00960
31	0.79588	0.01406	0.01068	0.00956	0.01406	0.01631	0.00787	0.02137	0.01237	0.03261	0.01012	0.01181	0.00787	0.00675	0.00450	0.00225	0.00562	0.00394	0.00450	0.00787
32	0.01799	0.01727	0.02950	0.04462	0.69919	0.01727	0.02231	0.02231	0.01655	0.02375	0.01367	0.01799	0.01151	0.00648	0.00720	0.00216	0.00864	0.00648	0.00360	0.01151

[dist]
# distance from previous block
# <min> <max>
0	1

[block]
# block no. 6 follows, 28 sequences, length 11
# corresponding to MSA columns:
# 409-419
name=unknown_G
#
# <colnr> <probs for GDERKNQSTAVLIFYWHMCP>
#	G	D	E	R	K	N	Q	S	T	A	V	L	I	F	Y	W	H	M	C	P
