[name]
unknown

[dist]
# distance from previous block
# <min> <max>
0	3

[block]
# block no. 0 follows, 29 sequences, length 8
# corresponding to MSA columns:
# 3-10
name=unknown_A
#
# <colnr> <probs for GDERKNQSTAVLIFYWHMCP>
#	G	D	E	R	K	N	Q	S	T	A	V	L	I	F	Y	W	H	M	C	P
0	0.02012	0.01052	0.01407	0.01320	0.01656	0.01008	0.01126	0.07300	0.01915	0.27377	0.03263	0.05508	0.03028	0.01487	0.00865	0.00280	0.00647	0.37105	0.00742	0.00900
1	0.08359	0.01313	0.01667	0.01287	0.01833	0.01218	0.01063	0.10816	0.02133	0.58764	0.02559	0.02255	0.01632	0.00863	0.00697	0.00220	0.00623	0.00685	0.00832	0.01182
2	0.02827	0.01802	0.02018	0.01547	0.02112	0.01923	0.01278	0.52267	0.03026	0.20834	0.01980	0.01885	0.01346	0.00861	0.00713	0.00215	0.00740	0.00660	0.00754	0.01211
3	0.00896	0.00636	0.00834	0.00963	0.01013	0.00597	0.00641	0.01029	0.01395	0.01876	0.09999	0.61737	0.04708	0.08687	0.01146	0.00319	0.00431	0.01866	0.00652	0.00574
4	0.00898	0.00650	0.00831	0.00936	0.01011	0.00602	0.00634	0.01048	0.01455	0.01942	0.13566	0.52976	0.10892	0.07693	0.01102	0.00306	0.00419	0.01795	0.00661	0.00583
5	0.02464	0.01793	0.01924	0.01487	0.02016	0.01944	0.01221	0.55919	0.03005	0.04126	0.01746	0.01799	0.01268	0.00828	0.00675	0.00201	0.00714	0.00628	0.09453	0.06789
6	0.00941	0.00651	0.00805	0.00897	0.00921	0.00627	0.00560	0.01011	0.01220	0.01626	0.03188	0.43907	0.03780	0.34102	0.02099	0.00465	0.00535	0.01591	0.00560	0.00514
7	0.02566	0.01996	0.02056	0.01585	0.02149	0.06221	0.01298	0.56844	0.03059	0.04082	0.01624	0.01658	0.01176	0.00811	0.00687	0.00200	0.00785	0.00606	0.00659	0.09938

[dist]
# distance from previous block
# <min> <max>
0	1

[block]
# block no. 1 follows, 29 sequences, length 7
# corresponding to MSA columns:
# 12-18
name=unknown_B
#
# <colnr> <probs for GDERKNQSTAVLIFYWHMCP>
#	G	D	E	R	K	N	Q	S	T	A	V	L	I	F	Y	W	H	M	C	P
0	0.00898	0.00643	0.00853	0.00971	0.01039	0.00598	0.00663	0.01067	0.01503	0.02041	0.18159	0.59640	0.05141	0.02064	0.00894	0.00275	0.00397	0.01866	0.00687	0.00598
1	0.01386	0.01163	0.01355	0.01096	0.01569	0.00984	0.00844	0.01899	0.10932	0.02304	0.02067	0.17392	0.01999	0.00956	0.00637	0.00164	0.00508	0.00821	0.00516	0.51406
2	0.02029	0.02139	0.02731	0.03498	0.45133	0.18827	0.06745	0.06147	0.01821	0.02306	0.01310	0.01655	0.01078	0.00669	0.00700	0.00207	0.00975	0.00607	0.00377	0.01047
3	0.01779	0.01302	0.01514	0.01198	0.01687	0.01182	0.00944	0.17704	0.01946	0.08057	0.02044	0.16779	0.01906	0.00987	0.00666	0.00179	0.00571	0.00830	0.00577	0.38147
4	0.02146	0.02090	0.02200	0.02589	0.27036	0.21078	0.01568	0.10656	0.09783	0.06261	0.01963	0.02096	0.05741	0.00817	0.00700	0.00210	0.00882	0.00668	0.00493	0.01025
5	0.01489	0.01027	0.01170	0.01107	0.01388	0.04396	0.00879	0.01865	0.06155	0.12910	0.15328	0.11156	0.17208	0.01495	0.00823	0.00247	0.00531	0.15038	0.00691	0.05096
6	0.01389	0.01018	0.01156	0.01069	0.01359	0.01006	0.00848	0.11596	0.07767	0.06021	0.14832	0.08038	0.29067	0.01529	0.00828	0.00247	0.00493	0.10247	0.00703	0.00786

[dist]
# distance from previous block
# <min> <max>
7	21

[block]
# block no. 2 follows, 29 sequences, length 19
# corresponding to MSA columns:
# 41-59
name=unknown_C
#
# <colnr> <probs for GDERKNQSTAVLIFYWHMCP>
#	G	D	E	R	K	N	Q	S	T	A	V	L	I	F	Y	W	H	M	C	P
0	0.01621	0.01202	0.01292	0.01159	0.01480	0.03503	0.00891	0.06887	0.23349	0.10217	0.14259	0.08308	0.17532	0.03964	0.00880	0.00252	0.00523	0.01081	0.00710	0.00889
1	0.01763	0.01209	0.01425	0.01132	0.01629	0.01065	0.00896	0.02371	0.14225	0.15557	0.06606	0.05125	0.06900	0.00887	0.00656	0.00176	0.00521	0.00738	0.00614	0.36504
2	0.01564	0.21941	0.51130	0.01798	0.02710	0.01956	0.02208	0.02287	0.04284	0.02137	0.01271	0.01459	0.00957	0.00671	0.00622	0.00207	0.00958	0.00500	0.00319	0.01020
3	0.07879	0.01826	0.01873	0.05273	0.04378	0.08478	0.01268	0.33242	0.12227	0.08252	0.04126	0.02134	0.04097	0.00887	0.00697	0.00218	0.00751	0.00686	0.00642	0.01067
4	0.00868	0.00620	0.00826	0.00991	0.01033	0.00578	0.00661	0.00991	0.01363	0.01818	0.03925	0.74510	0.04710	0.02231	0.00909	0.00289	0.00413	0.02024	0.00661	0.00578
5	0.01853	0.16704	0.30334	0.01785	0.02493	0.17643	0.04338	0.02589	0.11574	0.02139	0.01429	0.01572	0.01101	0.00716	0.00641	0.00205	0.00983	0.00537	0.00381	0.00983
6	0.01658	0.29577	0.29128	0.01888	0.02688	0.02079	0.15673	0.02193	0.01518	0.02050	0.01205	0.01456	0.00951	0.00629	0.00623	0.00196	0.00952	0.00533	0.00320	0.04682
7	0.01688	0.01758	0.06976	0.13185	0.57874	0.01675	0.02186	0.02142	0.01588	0.02256	0.01326	0.01764	0.01091	0.00647	0.00704	0.00216	0.00872	0.00628	0.00345	0.01079
8	0.01036	0.00690	0.00777	0.00777	0.00777	0.00690	0.00431	0.01036	0.01036	0.01381	0.02244	0.04660	0.02589	0.74975	0.03624	0.00690	0.00690	0.01036	0.00431	0.00431
9	0.72066	0.01360	0.01109	0.00971	0.01423	0.01540	0.00800	0.02235	0.01297	0.10205	0.01179	0.01288	0.00874	0.00684	0.00469	0.00220	0.00557	0.00420	0.00486	0.00817
10	0.01345	0.01266	0.02136	0.73264	0.04904	0.01582	0.01978	0.01819	0.01424	0.01819	0.01266	0.01898	0.00949	0.00712	0.00712	0.00237	0.00949	0.00633	0.00316	0.00791
11	0.01762	0.01692	0.02890	0.04371	0.70533	0.01692	0.02185	0.02185	0.01621	0.02326	0.01339	0.01762	0.01128	0.00634	0.00705	0.00211	0.00846	0.00634	0.00352	0.01128
12	0.80005	0.01377	0.01047	0.00936	0.01377	0.01597	0.00771	0.02093	0.01212	0.03195	0.00991	0.01157	0.00771	0.00661	0.00441	0.00220	0.00551	0.00386	0.00441	0.00771
13	0.00862	0.00718	0.00727	0.00727	0.00943	0.00610	0.00530	0.01023	0.01562	0.01867	0.06700	0.06626	0.63252	0.09366	0.01129	0.00287	0.00395	0.01455	0.00637	0.00584
14	0.01795	0.01780	0.02765	0.03960	0.59348	0.05956	0.02072	0.02176	0.01590	0.02228	0.01283	0.01713	0.01095	0.00704	0.00870	0.00220	0.08399	0.00623	0.00349	0.01074
15	0.01036	0.00690	0.00777	0.00777	0.00777	0.00690	0.00431	0.01036	0.01036	0.01381	0.02244	0.04660	0.02589	0.74975	0.03624	0.00690	0.00690	0.01036	0.00431	0.00431
16	0.01848	0.01385	0.01583	0.01357	0.01662	0.01543	0.01066	0.31253	0.05466	0.03156	0.06374	0.19634	0.02489	0.03930	0.01026	0.00258	0.08157	0.01034	0.05865	0.00913
17	0.01570	0.22623	0.50254	0.01921	0.05813	0.01964	0.02236	0.02219	0.01494	0.02104	0.01204	0.01419	0.00915	0.00657	0.00620	0.00205	0.00966	0.00493	0.00304	0.01019
18	0.06535	0.01678	0.01835	0.01442	0.01952	0.01799	0.01173	0.42608	0.06763	0.09262	0.01822	0.01946	0.01360	0.03783	0.05061	0.00279	0.00782	0.00644	0.00654	0.08618

[dist]
# distance from previous block
# <min> <max>
1	10

[block]
# block no. 3 follows, 29 sequences, length 32
# corresponding to MSA columns:
# 70-101
name=unknown_D
#
# <colnr> <probs for GDERKNQSTAVLIFYWHMCP>
#	G	D	E	R	K	N	Q	S	T	A	V	L	I	F	Y	W	H	M	C	P
0	0.01267	0.03138	0.01203	0.01114	0.01371	0.01110	0.00869	0.02080	0.24469	0.02282	0.06101	0.08919	0.21488	0.08335	0.01079	0.00298	0.00527	0.12912	0.00654	0.00783
1	0.01158	0.00756	0.00995	0.00929	0.01117	0.00693	0.00698	0.01475	0.01974	0.07749	0.60888	0.09671	0.06226	0.01465	0.00835	0.00228	0.00361	0.01295	0.00783	0.00705
2	0.01460	0.08412	0.66831	0.01976	0.02999	0.01730	0.02538	0.02247	0.01500	0.02217	0.01259	0.01480	0.00903	0.00672	0.00662	0.00221	0.01033	0.00517	0.00301	0.01043
3	0.00868	0.00620	0.00826	0.00991	0.01033	0.00578	0.00661	0.00991	0.01363	0.01818	0.03925	0.74510	0.04710	0.02231	0.00909	0.00289	0.00413	0.02024	0.00661	0.00578
4	0.01837	0.01591	0.01906	0.04326	0.14490	0.01789	0.01367	0.09021	0.49008	0.02953	0.02458	0.02387	0.01860	0.00888	0.00720	0.00233	0.00647	0.00754	0.00642	0.01124
5	0.00996	0.00727	0.00935	0.00883	0.01056	0.00667	0.00662	0.01320	0.01987	0.02788	0.65609	0.05430	0.11310	0.01481	0.00840	0.00225	0.00338	0.01303	0.00775	0.00667
6	0.01345	0.01266	0.02136	0.73264	0.04904	0.01582	0.01978	0.01819	0.01424	0.01819	0.01266	0.01898	0.00949	0.00712	0.00712	0.00237	0.00949	0.00633	0.00316	0.00791
7	0.02660	0.03394	0.02018	0.01834	0.02201	0.72116	0.01376	0.02843	0.02018	0.01743	0.01101	0.01284	0.00917	0.00734	0.00642	0.00183	0.01284	0.00459	0.00367	0.00825
8	0.80005	0.01377	0.01047	0.00936	0.01377	0.01597	0.00771	0.02093	0.01212	0.03195	0.00991	0.01157	0.00771	0.00661	0.00441	0.00220	0.00551	0.00386	0.00441	0.00771
9	0.02707	0.01995	0.02137	0.01638	0.02208	0.02208	0.01353	0.68159	0.03348	0.04488	0.01710	0.01710	0.01211	0.00855	0.00712	0.00214	0.00784	0.00641	0.00712	0.01211
10	0.02707	0.01995	0.02137	0.01638	0.02208	0.02208	0.01353	0.68159	0.03348	0.04488	0.01710	0.01710	0.01211	0.00855	0.00712	0.00214	0.00784	0.00641	0.00712	0.01211
11	0.00904	0.00648	0.00859	0.00967	0.01041	0.00603	0.00664	0.01083	0.01533	0.02088	0.21165	0.56501	0.05233	0.02029	0.00891	0.00272	0.00393	0.01833	0.00693	0.00603
12	0.01597	0.01517	0.02541	0.31572	0.41839	0.01651	0.02062	0.02102	0.04175	0.02151	0.01371	0.01851	0.01098	0.00678	0.00708	0.00223	0.00876	0.00640	0.00353	0.00994
13	0.00881	0.00629	0.00842	0.01007	0.01054	0.00590	0.00685	0.01015	0.01377	0.01833	0.03917	0.71254	0.04680	0.02218	0.00913	0.00291	0.00425	0.05145	0.00661	0.00582
14	0.01912	0.01791	0.03029	0.14572	0.03303	0.01904	0.30755	0.21075	0.04502	0.02821	0.01506	0.01859	0.01125	0.00748	0.00876	0.00237	0.05794	0.00732	0.00463	0.00997
15	0.00849	0.00692	0.00752	0.00801	0.00983	0.00594	0.00576	0.01013	0.01547	0.01893	0.06249	0.26699	0.51021	0.01929	0.00861	0.00255	0.00376	0.01656	0.00661	0.00594
16	0.01956	0.01612	0.01730	0.01292	0.01891	0.04474	0.01044	0.24929	0.02151	0.03049	0.01413	0.01549	0.01103	0.00650	0.00597	0.00147	0.00649	0.00500	0.00521	0.48744
17	0.02193	0.47905	0.03077	0.01454	0.01970	0.29281	0.01279	0.02404	0.01665	0.01701	0.01032	0.01196	0.00915	0.00657	0.00528	0.00164	0.00961	0.00410	0.00328	0.00880
18	0.10588	0.01228	0.01594	0.01235	0.01775	0.01100	0.01020	0.03338	0.01959	0.64498	0.02634	0.02302	0.01667	0.00860	0.00690	0.00220	0.00601	0.00684	0.00839	0.01169
19	0.01520	0.01507	0.02107	0.01822	0.01824	0.02094	0.01509	0.01674	0.01105	0.01719	0.01098	0.05530	0.01140	0.01300	0.02259	0.00310	0.69683	0.00699	0.00331	0.00768
20	0.00968	0.00720	0.00901	0.00870	0.01043	0.00653	0.00647	0.01262	0.01901	0.02617	0.54306	0.10161	0.18176	0.01570	0.00845	0.00231	0.00346	0.01376	0.00753	0.00653
21	0.01658	0.01399	0.01497	0.01351	0.01717	0.01583	0.01047	0.06003	0.54207	0.02938	0.09769	0.05524	0.06005	0.01094	0.00747	0.00240	0.00535	0.00922	0.00725	0.01041
22	0.02707	0.01995	0.02137	0.01638	0.02208	0.02208	0.01353	0.68159	0.03348	0.04488	0.01710	0.01710	0.01211	0.00855	0.00712	0.00214	0.00784	0.00641	0.00712	0.01211
23	0.01017	0.00763	0.01144	0.01144	0.01272	0.00890	0.00890	0.01272	0.01144	0.01653	0.01907	0.02797	0.01780	0.05340	0.72153	0.01144	0.01907	0.00763	0.00381	0.00636
24	0.01696	0.01637	0.02829	0.14650	0.58035	0.01680	0.04767	0.02134	0.01594	0.02248	0.01332	0.01789	0.01099	0.00645	0.00711	0.00216	0.00876	0.00642	0.00347	0.01071
25	0.01477	0.01266	0.01477	0.01055	0.01687	0.00949	0.00844	0.01793	0.01477	0.02320	0.01266	0.01477	0.01055	0.00527	0.00527	0.00105	0.00527	0.00422	0.00422	0.79328
26	0.01762	0.01692	0.02890	0.04371	0.70533	0.01692	0.02185	0.02185	0.01621	0.02326	0.01339	0.01762	0.01128	0.00634	0.00705	0.00211	0.00846	0.00634	0.00352	0.01128
27	0.01008	0.00728	0.00952	0.00896	0.01064	0.00672	0.00672	0.01344	0.02016	0.02855	0.70158	0.05319	0.06719	0.01456	0.00840	0.00224	0.00336	0.01288	0.00784	0.00672
28	0.01247	0.01188	0.03542	0.01286	0.01444	0.07998	0.01026	0.01484	0.01228	0.01667	0.01735	0.02622	0.01643	0.09538	0.50671	0.00903	0.09007	0.00732	0.00374	0.00667
29	0.01237	0.00618	0.00928	0.00928	0.00928	0.00618	0.00618	0.00928	0.00928	0.01237	0.01237	0.02165	0.01237	0.02474	0.02783	0.79283	0.00618	0.00618	0.00309	0.00309
30	0.01762	0.01692	0.02890	0.04371	0.70533	0.01692	0.02185	0.02185	0.01621	0.02326	0.01339	0.01762	0.01128	0.00634	0.00705	0.00211	0.00846	0.00634	0.00352	0.01128
31	0.01884	0.72488	0.06478	0.01251	0.01879	0.02770	0.01276	0.02137	0.01449	0.01699	0.01002	0.01157	0.00913	0.00612	0.00466	0.00155	0.00773	0.00387	0.00304	0.00919

[dist]
# distance from previous block
# <min> <max>
0	1

[block]
# block no. 4 follows, 29 sequences, length 11
# corresponding to MSA columns:
# 103-113
name=unknown_E
#
# <colnr> <probs for GDERKNQSTAVLIFYWHMCP>
#	G	D	E	R	K	N	Q	S	T	A	V	L	I	F	Y	W	H	M	C	P
0	0.01846	0.66733	0.11899	0.01316	0.01979	0.02677	0.01389	0.02147	0.01454	0.01745	0.01025	0.01186	0.00912	0.00617	0.00483	0.00161	0.00797	0.00398	0.00304	0.00931
1	0.80005	0.01377	0.01047	0.00936	0.01377	0.01597	0.00771	0.02093	0.01212	0.03195	0.00991	0.01157	0.00771	0.00661	0.00441	0.00220	0.00551	0.00386	0.00441	0.00771
2	0.01012	0.00691	0.00832	0.00852	0.00875	0.00703	0.00521	0.01062	0.01090	0.01471	0.02404	0.12966	0.02740	0.56703	0.12504	0.00702	0.00820	0.01120	0.00453	0.00477
3	0.01448	0.03476	0.64030	0.02071	0.03049	0.01690	0.05972	0.02227	0.01490	0.02227	0.01268	0.01528	0.00913	0.00704	0.00775	0.00231	0.05016	0.00548	0.00304	0.01033
4	0.01428	0.03683	0.71286	0.02030	0.03082	0.01654	0.02631	0.02255	0.01503	0.02255	0.01278	0.01503	0.00902	0.00677	0.00677	0.00226	0.01052	0.00526	0.00301	0.01052
5	0.01103	0.00748	0.00937	0.00893	0.01089	0.00672	0.00668	0.01381	0.01868	0.07065	0.45710	0.12421	0.19631	0.01569	0.00839	0.00234	0.00367	0.01370	0.00752	0.00683
6	0.00868	0.00620	0.00826	0.00991	0.01033	0.00578	0.00661	0.00991	0.01363	0.01818	0.03925	0.74510	0.04710	0.02231	0.00909	0.00289	0.00413	0.02024	0.00661	0.00578
7	0.01060	0.00820	0.01201	0.01177	0.01286	0.00977	0.00913	0.01291	0.01133	0.01640	0.01854	0.02820	0.01766	0.09451	0.62403	0.01051	0.07375	0.00769	0.00379	0.00634
8	0.01771	0.01530	0.01610	0.01449	0.01852	0.01771	0.01127	0.03784	0.69247	0.02979	0.02898	0.02657	0.02174	0.00966	0.00725	0.00242	0.00564	0.00805	0.00725	0.01127
9	0.01017	0.00793	0.00935	0.00943	0.01123	0.00760	0.00689	0.01455	0.09848	0.02336	0.26988	0.24615	0.22425	0.01704	0.00846	0.00249	0.00391	0.01491	0.00710	0.00682
10	0.04430	0.12216	0.04267	0.01202	0.01795	0.01414	0.01041	0.05788	0.01594	0.07653	0.01343	0.01509	0.01076	0.00634	0.00642	0.00147	0.04568	0.00464	0.00447	0.47771

[dist]
# distance from previous block
# <min> <max>
1	10

[block]
# block no. 5 follows, 29 sequences, length 16
# corresponding to MSA columns:
# 124-139
name=unknown_F
#
# <colnr> <probs for GDERKNQSTAVLIFYWHMCP>
#	G	D	E	R	K	N	Q	S	T	A	V	L	I	F	Y	W	H	M	C	P
0	0.02560	0.01469	0.01836	0.05800	0.05895	0.01488	0.01224	0.23337	0.06034	0.31289	0.04859	0.02306	0.01729	0.03442	0.00815	0.00233	0.00683	0.00712	0.00723	0.03566
1	0.01600	0.01489	0.02459	0.39736	0.32880	0.01664	0.02032	0.05684	0.01616	0.02186	0.01322	0.01830	0.01040	0.00687	0.00709	0.00225	0.00896	0.00634	0.00354	0.00959
2	0.80005	0.01377	0.01047	0.00936	0.01377	0.01597	0.00771	0.02093	0.01212	0.03195	0.00991	0.01157	0.00771	0.00661	0.00441	0.00220	0.00551	0.00386	0.00441	0.00771
3	0.80005	0.01377	0.01047	0.00936	0.01377	0.01597	0.00771	0.02093	0.01212	0.03195	0.00991	0.01157	0.00771	0.00661	0.00441	0.00220	0.00551	0.00386	0.00441	0.00771
4	0.00910	0.00724	0.00816	0.00793	0.01004	0.00630	0.00595	0.01154	0.01784	0.02305	0.32959	0.06225	0.44261	0.01661	0.00841	0.00234	0.00351	0.01415	0.00711	0.00630
5	0.68425	0.01352	0.01138	0.00986	0.01444	0.01514	0.00813	0.02301	0.01336	0.13421	0.01266	0.01348	0.00921	0.00694	0.00482	0.00220	0.00559	0.00435	0.00507	0.00838
6	0.00882	0.00631	0.00840	0.00981	0.01036	0.00588	0.00662	0.01029	0.01432	0.01927	0.10923	0.67200	0.04922	0.02149	0.00902	0.00282	0.00405	0.01946	0.00674	0.00588
7	0.01079	0.00746	0.00959	0.00895	0.01084	0.00680	0.00675	0.01399	0.01981	0.05452	0.61882	0.05342	0.12204	0.01464	0.00835	0.00225	0.00349	0.01285	0.00777	0.00687
8	0.00865	0.00712	0.00765	0.00801	0.01006	0.00612	0.00599	0.01046	0.01584	0.01920	0.06480	0.17488	0.55779	0.01881	0.00861	0.00254	0.00388	0.05699	0.00661	0.00601
9	0.02208	0.06012	0.01820	0.01565	0.01897	0.51293	0.01187	0.02423	0.01970	0.01963	0.14705	0.02360	0.05848	0.00926	0.00683	0.00193	0.01027	0.00672	0.00460	0.00788
10	0.01926	0.26654	0.25236	0.01663	0.02321	0.22881	0.01711	0.02339	0.01619	0.01884	0.01165	0.01389	0.00956	0.00915	0.04317	0.00237	0.01071	0.00471	0.00326	0.00919
11	0.07852	0.01104	0.05026	0.01068	0.01447	0.00910	0.00895	0.02123	0.01807	0.26981	0.19587	0.09376	0.16384	0.01273	0.00761	0.00231	0.00499	0.01070	0.00732	0.00873
12	0.01784	0.05794	0.18903	0.01492	0.02044	0.01558	0.01436	0.21276	0.06791	0.05534	0.04034	0.18088	0.02133	0.01115	0.00729	0.00227	0.00719	0.00930	0.00573	0.04840
13	0.01687	0.22070	0.37642	0.01960	0.02809	0.01957	0.14327	0.02287	0.01548	0.05493	0.01308	0.01531	0.00981	0.00655	0.00651	0.00209	0.00982	0.00556	0.00341	0.01007
14	0.02278	0.01458	0.01804	0.01488	0.06034	0.04856	0.03606	0.07152	0.01858	0.27581	0.01864	0.01864	0.01323	0.00700	0.00638	0.00171	0.00658	0.00575	0.00601	0.33491
15	0.23959	0.01804	0.01727	0.01664	0.08731	0.11478	0.01194	0.16612	0.12309	0.08555	0.01737	0.04278	0.01355	0.00830	0.00635	0.00219	0.00733	0.00624	0.00566	0.00991

[dist]
# distance from previous block
# <min> <max>
2	24

[block]
# block no. 6 follows, 29 sequences, length 25
# corresponding to MSA columns:
# 164-188
name=unknown_G
#
# <colnr> <probs for GDERKNQSTAVLIFYWHMCP>
#	G	D	E	R	K	N	Q	S	T	A	V	L	I	F	Y	W	H	M	C	P
0	0.01392	0.01014	0.01236	0.01205	0.04982	0.00940	0.00854	0.04174	0.08850	0.08409	0.12190	0.18891	0.17718	0.01379	0.00770	0.00223	0.00479	0.01192	0.00650	0.13451
1	0.02416	0.06794	0.02018	0.01548	0.04800	0.01773	0.01219	0.33243	0.08427	0.16287	0.02005	0.04985	0.01510	0.00869	0.00685	0.00205	0.00690	0.00688	0.00670	0.09170
2	0.21985	0.04479	0.01713	0.01349	0.01829	0.05994	0.01094	0.23895	0.13814	0.08439	0.01813	0.04329	0.01397	0.00846	0.00631	0.00215	0.00679	0.00630	0.00608	0.04261
3	0.02032	0.07133	0.01739	0.01307	0.01704	0.01591	0.01060	0.30676	0.05218	0.08422	0.05764	0.10765	0.02094	0.01466	0.07571	0.00305	0.00754	0.00846	0.08584	0.00970
4	0.04824	0.19060	0.37598	0.01994	0.04744	0.06874	0.11026	0.02264	0.01543	0.02135	0.01214	0.01459	0.00931	0.00653	0.00639	0.00208	0.00998	0.00530	0.00321	0.00984
5	0.01237	0.00618	0.00928	0.00928	0.00928	0.00618	0.00618	0.00928	0.00928	0.01237	0.01237	0.02165	0.01237	0.02474	0.02783	0.79283	0.00618	0.00618	0.00309	0.00309
6	0.01927	0.01525	0.01625	0.01400	0.01827	0.01702	0.01106	0.17101	0.44878	0.06096	0.03123	0.02913	0.09530	0.01032	0.00735	0.00235	0.00589	0.00844	0.00722	0.01090
7	0.00997	0.00719	0.00942	0.00903	0.01061	0.00665	0.00671	0.01316	0.01965	0.02775	0.65014	0.10692	0.06563	0.01516	0.00845	0.00229	0.00342	0.01345	0.00774	0.00665
8	0.01824	0.01763	0.02510	0.03467	0.48706	0.06347	0.01865	0.02632	0.18711	0.02453	0.01717	0.01957	0.01378	0.00725	0.00706	0.00217	0.00804	0.00666	0.00447	0.01108
9	0.01904	0.75404	0.03731	0.01218	0.01828	0.02818	0.01218	0.02132	0.01447	0.01675	0.00990	0.01142	0.00914	0.00609	0.00457	0.00152	0.00761	0.00381	0.00305	0.00914
10	0.01475	0.00935	0.01169	0.01045	0.01311	0.00910	0.00805	0.02076	0.13025	0.13549	0.48602	0.04430	0.05199	0.01286	0.00802	0.00226	0.00415	0.01119	0.00789	0.00831
11	0.01904	0.75404	0.03731	0.01218	0.01828	0.02818	0.01218	0.02132	0.01447	0.01675	0.00990	0.01142	0.00914	0.00609	0.00457	0.00152	0.00761	0.00381	0.00305	0.00914
12	0.02592	0.02017	0.02063	0.01620	0.02146	0.07294	0.01325	0.58924	0.03105	0.04098	0.01678	0.01750	0.01227	0.01141	0.05409	0.00273	0.00895	0.00636	0.00665	0.01145
13	0.01904	0.75404	0.03731	0.01218	0.01828	0.02818	0.01218	0.02132	0.01447	0.01675	0.00990	0.01142	0.00914	0.00609	0.00457	0.00152	0.00761	0.00381	0.00305	0.00914
14	0.02935	0.01629	0.01910	0.01465	0.02026	0.01665	0.01210	0.37911	0.02735	0.35601	0.02224	0.02043	0.01469	0.00867	0.00714	0.00217	0.00700	0.00676	0.00791	0.01211
15	0.00852	0.00720	0.00724	0.00724	0.00952	0.00606	0.00535	0.01023	0.01592	0.01895	0.06950	0.06736	0.66654	0.05687	0.00989	0.00264	0.00378	0.01478	0.00649	0.00592
16	0.01904	0.75404	0.03731	0.01218	0.01828	0.02818	0.01218	0.02132	0.01447	0.01675	0.00990	0.01142	0.00914	0.00609	0.00457	0.00152	0.00761	0.00381	0.00305	0.00914
17	0.03195	0.01212	0.01652	0.01267	0.01818	0.01047	0.01047	0.03470	0.02038	0.71026	0.02809	0.02424	0.01763	0.00881	0.00716	0.00220	0.00606	0.00716	0.00881	0.01212
18	0.00891	0.00638	0.00847	0.00976	0.01038	0.00594	0.00663	0.01050	0.01471	0.01989	0.14839	0.63108	0.05041	0.02103	0.00897	0.00278	0.00400	0.01903	0.00681	0.00594
19	0.01681	0.01921	0.04202	0.03001	0.03721	0.01801	0.67947	0.02281	0.01681	0.02281	0.01441	0.01921	0.01080	0.00600	0.00840	0.00240	0.01200	0.00840	0.00360	0.00960
20	0.00981	0.00727	0.00914	0.00867	0.01047	0.00660	0.00650	0.01291	0.01951	0.02703	0.59854	0.05570	0.17118	0.01513	0.00840	0.00227	0.00340	0.01323	0.00764	0.00660
21	0.01428	0.03683	0.71286	0.02030	0.03082	0.01654	0.02631	0.02255	0.01503	0.02255	0.01278	0.01503	0.00902	0.00677	0.00677	0.00226	0.01052	0.00526	0.00301	0.01052
22	0.00868	0.00620	0.00826	0.00991	0.01033	0.00578	0.00661	0.00991	0.01363	0.01818	0.03925	0.74510	0.04710	0.02231	0.00909	0.00289	0.00413	0.02024	0.00661	0.00578
23	0.07896	0.01869	0.01984	0.01541	0.02076	0.02065	0.01269	0.59231	0.03114	0.04292	0.06165	0.01909	0.01543	0.00881	0.00702	0.00215	0.00738	0.00666	0.00698	0.01145
24	0.01555	0.00910	0.00975	0.04228	0.01247	0.00960	0.00708	0.12583	0.01794	0.02916	0.02173	0.02464	0.01683	0.00828	0.00543	0.00177	0.00435	0.00659	0.62402	0.00759

[dist]
# distance from previous block
# <min> <max>
0	1

[block]
# block no. 7 follows, 29 sequences, length 46
# corresponding to MSA columns:
# 190-235
name=unknown_H
#
# <colnr> <probs for GDERKNQSTAVLIFYWHMCP>
#	G	D	E	R	K	N	Q	S	T	A	V	L	I	F	Y	W	H	M	C	P
0	0.02036	0.01594	0.01718	0.01480	0.01919	0.01799	0.01179	0.19239	0.46997	0.06520	0.02647	0.02665	0.02010	0.00981	0.00733	0.00238	0.00623	0.03767	0.00726	0.01130
1	0.02508	0.01719	0.01979	0.15341	0.02600	0.05703	0.01381	0.35412	0.02557	0.18470	0.01851	0.01908	0.01284	0.00826	0.00703	0.00217	0.00791	0.00647	0.03012	0.01092
2	0.62901	0.01384	0.01339	0.11643	0.06954	0.01602	0.01049	0.02060	0.01272	0.02932	0.01057	0.01308	0.00823	0.00666	0.00499	0.00222	0.00630	0.00440	0.00416	0.00800
3	0.01719	0.01366	0.01641	0.01390	0.01737	0.01486	0.05863	0.12768	0.31361	0.04684	0.08407	0.03125	0.02427	0.17209	0.01378	0.00334	0.00653	0.00873	0.00641	0.00937
4	0.00912	0.00645	0.00843	0.00984	0.01028	0.00612	0.00663	0.01033	0.01336	0.01778	0.03670	0.59542	0.04358	0.12727	0.01307	0.00350	0.00471	0.06550	0.00627	0.00563
5	0.04185	0.56643	0.17163	0.01391	0.02077	0.04596	0.01493	0.02177	0.01468	0.01839	0.01051	0.01219	0.00907	0.00628	0.00506	0.00170	0.00829	0.00412	0.00310	0.00935
6	0.00845	0.00709	0.00734	0.00755	0.00971	0.00598	0.00556	0.01018	0.01591	0.01910	0.06806	0.15235	0.62125	0.01856	0.00850	0.00246	0.00367	0.01567	0.00661	0.00598
7	0.02001	0.01822	0.01728	0.01521	0.01941	0.10636	0.01187	0.11812	0.52490	0.03015	0.02523	0.02365	0.01894	0.00923	0.00713	0.00231	0.00682	0.00741	0.00678	0.01100
8	0.01017	0.00763	0.01144	0.01144	0.01272	0.00890	0.00890	0.01272	0.01144	0.01653	0.01907	0.02797	0.01780	0.05340	0.72153	0.01144	0.01907	0.00763	0.00381	0.00636
9	0.00936	0.00725	0.00852	0.00820	0.01020	0.00641	0.00615	0.01204	0.01846	0.02452	0.42922	0.05983	0.34206	0.01606	0.00841	0.00231	0.00347	0.01381	0.00731	0.00641
10	0.00990	0.00727	0.00927	0.00877	0.01053	0.00664	0.00658	0.01310	0.01974	0.02756	0.63472	0.05482	0.13466	0.01493	0.00840	0.00226	0.00339	0.01311	0.00771	0.00664
11	0.02529	0.01906	0.02037	0.01602	0.02140	0.02125	0.01310	0.55922	0.15874	0.04201	0.01936	0.01890	0.01394	0.00876	0.00715	0.00219	0.00742	0.00672	0.00715	0.01195
12	0.00868	0.00620	0.00826	0.00991	0.01033	0.00578	0.00661	0.00991	0.01363	0.01818	0.03925	0.74510	0.04710	0.02231	0.00909	0.00289	0.00413	0.02024	0.00661	0.00578
13	0.01017	0.00763	0.01144	0.01144	0.01272	0.00890	0.00890	0.01272	0.01144	0.01653	0.01907	0.02797	0.01780	0.05340	0.72153	0.01144	0.01907	0.00763	0.00381	0.00636
14	0.01633	0.01317	0.01532	0.01106	0.01731	0.01045	0.00889	0.06720	0.01635	0.05115	0.01357	0.01530	0.01093	0.00565	0.00548	0.00118	0.00549	0.00449	0.00461	0.70607
15	0.01031	0.01236	0.14010	0.01145	0.01428	0.00818	0.01033	0.01374	0.01662	0.02333	0.31108	0.31992	0.04840	0.01617	0.00837	0.00250	0.00500	0.01437	0.00645	0.00706
16	0.06171	0.01967	0.02088	0.01607	0.02171	0.02181	0.01327	0.65198	0.03252	0.04430	0.01677	0.01685	0.01191	0.00846	0.00700	0.00214	0.00773	0.00630	0.00700	0.01191
17	0.01076	0.00786	0.01046	0.01180	0.01342	0.00764	0.00996	0.01356	0.01599	0.02054	0.04278	0.12621	0.14481	0.04071	0.01032	0.00322	0.00593	0.49119	0.00650	0.00635
18	0.03195	0.01212	0.01652	0.01267	0.01818	0.01047	0.01047	0.03470	0.02038	0.71026	0.02809	0.02424	0.01763	0.00881	0.00716	0.00220	0.00606	0.00716	0.00881	0.01212
19	0.01823	0.01555	0.01639	0.01460	0.01871	0.01795	0.01140	0.07362	0.65584	0.03063	0.02832	0.02604	0.02120	0.00960	0.00724	0.00240	0.00576	0.00796	0.00724	0.01132
20	0.03195	0.01212	0.01652	0.01267	0.01818	0.01047	0.01047	0.03470	0.02038	0.71026	0.02809	0.02424	0.01763	0.00881	0.00716	0.00220	0.00606	0.00716	0.00881	0.01212
21	0.00990	0.00714	0.00936	0.00908	0.01060	0.00660	0.00671	0.01300	0.01935	0.02727	0.61959	0.13884	0.06470	0.01552	0.00848	0.00232	0.00345	0.01379	0.00769	0.00660
22	0.00953	0.00785	0.00947	0.01057	0.06081	0.00697	0.00705	0.01185	0.01698	0.02178	0.22339	0.12217	0.43261	0.01669	0.00837	0.00239	0.00395	0.01432	0.00670	0.00655
23	0.01191	0.00767	0.01001	0.00925	0.01126	0.00699	0.00700	0.01509	0.01982	0.08821	0.59701	0.07296	0.08654	0.01443	0.00831	0.00226	0.00363	0.01269	0.00784	0.00714
24	0.01767	0.01742	0.02893	0.07840	0.60973	0.04151	0.05801	0.02194	0.01628	0.02277	0.01333	0.01762	0.01108	0.00640	0.00711	0.00213	0.00886	0.00640	0.00351	0.01090
25	0.02660	0.03394	0.02018	0.01834	0.02201	0.72116	0.01376	0.02843	0.02018	0.01743	0.01101	0.01284	0.00917	0.00734	0.00642	0.00183	0.01284	0.00459	0.00367	0.00825
26	0.02287	0.04853	0.02055	0.02073	0.11728	0.48664	0.01404	0.02635	0.06814	0.01921	0.01513	0.07929	0.01375	0.00866	0.00675	0.00200	0.01077	0.00645	0.00415	0.00871
27	0.75672	0.01412	0.01108	0.00976	0.01424	0.01632	0.00804	0.05796	0.01332	0.03267	0.01032	0.01188	0.00796	0.00672	0.00456	0.00220	0.00564	0.00400	0.00456	0.00796
28	0.01329	0.01218	0.01944	0.57530	0.04156	0.01417	0.01717	0.01755	0.01427	0.01892	0.01460	0.07158	0.01240	0.00797	0.00700	0.00222	0.00849	0.00704	0.00357	0.12128
29	0.01762	0.01692	0.02890	0.04371	0.70533	0.01692	0.02185	0.02185	0.01621	0.02326	0.01339	0.01762	0.01128	0.00634	0.00705	0.00211	0.00846	0.00634	0.00352	0.01128
30	0.01863	0.07706	0.03972	0.01144	0.01771	0.01153	0.00975	0.02180	0.01590	0.16316	0.01558	0.01642	0.01182	0.00612	0.00565	0.00137	0.00581	0.00482	0.00502	0.54069
31	0.01176	0.00756	0.00987	0.00933	0.01122	0.00690	0.00698	0.01472	0.01916	0.08713	0.52841	0.14048	0.08868	0.01520	0.00838	0.00233	0.00371	0.01342	0.00771	0.00704
32	0.01959	0.08717	0.02130	0.02005	0.14204	0.08309	0.01371	0.09860	0.37896	0.02782	0.02154	0.02132	0.01655	0.00841	0.00687	0.00220	0.00721	0.00686	0.00585	0.01088
33	0.00866	0.00624	0.00821	0.00979	0.01030	0.00579	0.00655	0.00993	0.01375	0.01823	0.04077	0.71379	0.07743	0.02211	0.00906	0.00287	0.00411	0.02000	0.00661	0.00579
34	0.01891	0.01761	0.02023	0.02295	0.20786	0.07996	0.01451	0.06240	0.41650	0.02760	0.02255	0.02245	0.01730	0.00849	0.00711	0.00227	0.00715	0.00720	0.00590	0.01104
35	0.05851	0.02072	0.01894	0.01528	0.02043	0.15861	0.01222	0.33758	0.10439	0.03351	0.01623	0.01673	0.01220	0.00782	0.00657	0.00194	0.00805	0.00577	0.00585	0.13865
36	0.15742	0.01239	0.01554	0.01213	0.01746	0.01137	0.01002	0.03245	0.01903	0.59946	0.02512	0.02217	0.01601	0.00845	0.00671	0.00220	0.00597	0.00662	0.00809	0.01140
37	0.00869	0.00730	0.00760	0.00775	0.01008	0.00621	0.00596	0.01063	0.01624	0.01942	0.06902	0.06960	0.64258	0.01818	0.00854	0.00248	0.00387	0.07316	0.00661	0.00606
38	0.00901	0.00648	0.00862	0.01020	0.01085	0.00609	0.00716	0.01053	0.01408	0.01861	0.04036	0.63605	0.07227	0.02181	0.00915	0.00292	0.00441	0.09891	0.00660	0.00589
39	0.02707	0.01995	0.02137	0.01638	0.02208	0.02208	0.01353	0.68159	0.03348	0.04488	0.01710	0.01710	0.01211	0.00855	0.00712	0.00214	0.00784	0.00641	0.00712	0.01211
40	0.01536	0.01477	0.02051	0.01771	0.01809	0.02022	0.01467	0.04288	0.01187	0.01816	0.01086	0.01717	0.01050	0.01738	0.10915	0.00411	0.61905	0.00641	0.00336	0.00778
41	0.00938	0.00655	0.00799	0.00885	0.00919	0.00627	0.00556	0.01012	0.01238	0.01637	0.03390	0.40927	0.07447	0.33265	0.02064	0.00458	0.00529	0.01573	0.00563	0.00517
42	0.01641	0.01632	0.02364	0.29366	0.33267	0.08891	0.01923	0.02045	0.01583	0.02053	0.01497	0.04134	0.01308	0.00793	0.00722	0.00227	0.00907	0.04352	0.00366	0.00930
43	0.01492	0.01047	0.01148	0.01012	0.01168	0.01105	0.00683	0.19380	0.01667	0.02230	0.02098	0.03854	0.02212	0.54718	0.02828	0.00560	0.00716	0.00928	0.00508	0.00644
44	0.01813	0.01787	0.02841	0.04229	0.66703	0.05639	0.02140	0.02222	0.01644	0.02294	0.01326	0.01736	0.01116	0.00640	0.00701	0.00210	0.00870	0.00625	0.00353	0.01111
45	0.01664	0.01574	0.02515	0.19200	0.34626	0.01694	0.06708	0.02485	0.17468	0.02361	0.01696	0.02015	0.01330	0.00727	0.00721	0.00226	0.00829	0.00689	0.00432	0.01039

[dist]
# distance from previous block
# <min> <max>
0	1

[block]
# block no. 8 follows, 29 sequences, length 36
# corresponding to MSA columns:
# 237-272
name=unknown_I
#
# <colnr> <probs for GDERKNQSTAVLIFYWHMCP>
#	G	D	E	R	K	N	Q	S	T	A	V	L	I	F	Y	W	H	M	C	P
0	0.01345	0.01266	0.02136	0.73264	0.04904	0.01582	0.01978	0.01819	0.01424	0.01819	0.01266	0.01898	0.00949	0.00712	0.00712	0.00237	0.00949	0.00633	0.00316	0.00791
1	0.27792	0.03864	0.01842	0.01537	0.05508	0.06619	0.03977	0.22351	0.02109	0.13467	0.03472	0.01703	0.01266	0.00774	0.00621	0.00214	0.00724	0.00575	0.00581	0.01002
2	0.68871	0.01394	0.01259	0.05949	0.06883	0.01604	0.00958	0.02082	0.01257	0.03038	0.01036	0.01252	0.00810	0.00662	0.00479	0.00221	0.00600	0.00421	0.00426	0.00800
3	0.02447	0.01438	0.01674	0.01390	0.01869	0.01507	0.01113	0.09270	0.35451	0.31506	0.02757	0.02477	0.01918	0.00921	0.00720	0.00230	0.00600	0.00754	0.00789	0.01170
4	0.38934	0.01289	0.01371	0.01113	0.01613	0.01303	0.00918	0.02829	0.01654	0.39465	0.01963	0.01834	0.01301	0.00779	0.00588	0.00220	0.00580	0.00562	0.00676	0.01007
5	0.00879	0.00723	0.00773	0.00761	0.00985	0.00617	0.00570	0.01094	0.01711	0.02133	0.21351	0.06508	0.55976	0.01725	0.00841	0.00237	0.00355	0.01455	0.00689	0.00617
6	0.01717	0.01935	0.03933	0.03062	0.10264	0.04126	0.57031	0.02271	0.01667	0.02249	0.01403	0.01872	0.01075	0.00629	0.00869	0.00238	0.03533	0.00800	0.00358	0.00967
7	0.80005	0.01377	0.01047	0.00936	0.01377	0.01597	0.00771	0.02093	0.01212	0.03195	0.00991	0.01157	0.00771	0.00661	0.00441	0.00220	0.00551	0.00386	0.00441	0.00771
8	0.00880	0.00625	0.00822	0.00975	0.01013	0.00587	0.00643	0.00995	0.01338	0.01784	0.03796	0.69183	0.04548	0.07779	0.01116	0.00320	0.00434	0.01949	0.00643	0.00567
9	0.01549	0.01529	0.02763	0.36986	0.27364	0.01659	0.13767	0.02028	0.01538	0.02076	0.01322	0.01855	0.01034	0.00665	0.00732	0.00229	0.00958	0.00670	0.00337	0.00937
10	0.51880	0.01627	0.01409	0.01188	0.01659	0.04389	0.00971	0.20093	0.05591	0.03479	0.01296	0.01394	0.00973	0.00733	0.00537	0.00218	0.00642	0.00481	0.00527	0.00912
11	0.01327	0.00664	0.00664	0.00664	0.00830	0.00664	0.00498	0.01659	0.01493	0.02655	0.02323	0.02655	0.01825	0.00830	0.00498	0.00166	0.00332	0.00664	0.78928	0.00664
12	0.02514	0.01869	0.02072	0.01731	0.05799	0.02047	0.01343	0.51991	0.11871	0.06399	0.01872	0.01856	0.01348	0.00849	0.00708	0.00214	0.00744	0.00659	0.00692	0.03420
13	0.01017	0.00763	0.01144	0.01144	0.01272	0.00890	0.00890	0.01272	0.01144	0.01653	0.01907	0.02797	0.01780	0.05340	0.72153	0.01144	0.01907	0.00763	0.00381	0.00636
14	0.01364	0.00806	0.00829	0.00796	0.01005	0.00821	0.00604	0.05405	0.06643	0.02664	0.02937	0.06125	0.09459	0.01008	0.00582	0.00188	0.00381	0.00823	0.56842	0.00718
15	0.01937	0.01490	0.01708	0.01449	0.04863	0.01490	0.01102	0.18063	0.20357	0.07364	0.06335	0.02170	0.01806	0.00810	0.00664	0.00187	0.00604	0.00661	0.00621	0.26320
16	0.01694	0.01770	0.02257	0.01897	0.02074	0.11882	0.10238	0.04635	0.01429	0.01922	0.01427	0.10582	0.01429	0.01193	0.01653	0.00277	0.41650	0.00802	0.00386	0.00803
17	0.01612	0.01346	0.01549	0.01119	0.01745	0.01088	0.00900	0.09086	0.01682	0.02558	0.01314	0.01502	0.01072	0.00563	0.00548	0.00117	0.00556	0.00446	0.00454	0.70743
18	0.01477	0.01266	0.01477	0.01055	0.01687	0.00949	0.00844	0.01793	0.01477	0.02320	0.01266	0.01477	0.01055	0.00527	0.00527	0.00105	0.00527	0.00422	0.00422	0.79328
19	0.00964	0.00722	0.00929	0.01001	0.01136	0.00637	0.00690	0.01118	0.01381	0.01897	0.03505	0.62982	0.04133	0.01962	0.00849	0.00260	0.00431	0.01771	0.00623	0.13009
20	0.02648	0.01905	0.02063	0.01591	0.02152	0.02084	0.01309	0.59195	0.06758	0.08032	0.01821	0.01793	0.01289	0.00853	0.00708	0.00212	0.00754	0.00648	0.00714	0.03470
21	0.02707	0.01995	0.02137	0.01638	0.02208	0.02208	0.01353	0.68159	0.03348	0.04488	0.01710	0.01710	0.01211	0.00855	0.00712	0.00214	0.00784	0.00641	0.00712	0.01211
22	0.01587	0.01360	0.01676	0.01206	0.01839	0.01097	0.04486	0.07192	0.01639	0.02494	0.01311	0.01519	0.01069	0.00558	0.00559	0.00121	0.00584	0.00462	0.00442	0.68798
23	0.01036	0.00690	0.00777	0.00777	0.00777	0.00690	0.00431	0.01036	0.01036	0.01381	0.02244	0.04660	0.02589	0.74975	0.03624	0.00690	0.00690	0.01036	0.00431	0.00431
24	0.01470	0.03392	0.60195	0.02190	0.03188	0.01678	0.13430	0.02259	0.01533	0.02259	0.01305	0.01572	0.00932	0.00664	0.00704	0.00228	0.01077	0.00578	0.00311	0.01037
25	0.00849	0.00694	0.00750	0.00794	0.00981	0.00595	0.00573	0.01014	0.01553	0.01895	0.06325	0.25128	0.52543	0.01919	0.00860	0.00254	0.00375	0.01644	0.00661	0.00595
26	0.00877	0.00631	0.00834	0.00993	0.01046	0.00588	0.00674	0.01011	0.01384	0.01834	0.04048	0.69385	0.07263	0.02204	0.00909	0.00289	0.00420	0.04368	0.00661	0.00582
27	0.02498	0.01885	0.02021	0.01581	0.02126	0.02080	0.01293	0.54586	0.14160	0.04142	0.01886	0.01856	0.01363	0.00859	0.00706	0.00214	0.00736	0.00659	0.00702	0.04646
28	0.01477	0.01266	0.01477	0.01055	0.01687	0.00949	0.00844	0.01793	0.01477	0.02320	0.01266	0.01477	0.01055	0.00527	0.00527	0.00105	0.00527	0.00422	0.00422	0.79328
29	0.24131	0.01769	0.01762	0.01400	0.01923	0.04669	0.01150	0.38130	0.02519	0.13448	0.01643	0.01641	0.01156	0.00800	0.00635	0.00215	0.00714	0.00574	0.00647	0.01074
30	0.01448	0.06678	0.68465	0.01996	0.03030	0.01702	0.02572	0.02250	0.01501	0.02231	0.01266	0.01488	0.00903	0.00674	0.00667	0.00222	0.01040	0.00520	0.00301	0.01047
31	0.03171	0.01249	0.01676	0.01285	0.01836	0.01102	0.01061	0.06572	0.02101	0.67835	0.02756	0.02389	0.01736	0.00880	0.00716	0.00220	0.00614	0.00712	0.00873	0.01212
32	0.01166	0.00875	0.01131	0.01230	0.01424	0.00884	0.01038	0.01656	0.09077	0.02229	0.07599	0.09831	0.10890	0.01823	0.00930	0.00302	0.00588	0.45957	0.00671	0.00700
33	0.01664	0.01574	0.02663	0.03999	0.62895	0.01569	0.02018	0.02054	0.01593	0.02270	0.01624	0.09757	0.01522	0.00810	0.00727	0.00220	0.00798	0.00787	0.00386	0.01068
34	0.02366	0.01564	0.01706	0.01392	0.01860	0.04659	0.01109	0.20447	0.21038	0.21673	0.04320	0.02409	0.01847	0.05083	0.00872	0.00243	0.00664	0.00729	0.00717	0.05303
35	0.01546	0.21523	0.54482	0.01828	0.02770	0.01943	0.02280	0.02224	0.01489	0.02111	0.01206	0.01414	0.00905	0.00660	0.00622	0.00207	0.00980	0.00490	0.00302	0.01018

[dist]
# distance from previous block
# <min> <max>
0	13

[block]
# block no. 9 follows, 29 sequences, length 57
# corresponding to MSA columns:
# 286-342
name=unknown_J
#
# <colnr> <probs for GDERKNQSTAVLIFYWHMCP>
#	G	D	E	R	K	N	Q	S	T	A	V	L	I	F	Y	W	H	M	C	P
0	0.04603	0.09047	0.27322	0.02119	0.14032	0.05487	0.03962	0.05004	0.05136	0.02395	0.08564	0.05800	0.01820	0.00847	0.00689	0.00218	0.00845	0.00709	0.00429	0.00973
1	0.01748	0.01768	0.05256	0.04239	0.65711	0.01695	0.04699	0.02191	0.01620	0.02322	0.01341	0.01760	0.01118	0.00635	0.00709	0.00213	0.00866	0.00639	0.00351	0.01119
2	0.05099	0.01234	0.01597	0.04151	0.01854	0.01028	0.05678	0.01803	0.01463	0.04866	0.01573	0.06902	0.01419	0.05298	0.00780	0.00180	0.00599	0.00621	0.00449	0.53406
3	0.80005	0.01377	0.01047	0.00936	0.01377	0.01597	0.00771	0.02093	0.01212	0.03195	0.00991	0.01157	0.00771	0.00661	0.00441	0.00220	0.00551	0.00386	0.00441	0.00771
4	0.01453	0.01234	0.04240	0.01131	0.01477	0.01166	0.00932	0.17946	0.08068	0.02862	0.18297	0.06886	0.26772	0.01393	0.00798	0.00234	0.00518	0.03070	0.00690	0.00833
5	0.01237	0.00618	0.00928	0.00928	0.00928	0.00618	0.00618	0.00928	0.00928	0.01237	0.01237	0.02165	0.01237	0.02474	0.02783	0.79283	0.00618	0.00618	0.00309	0.00309
6	0.09308	0.01604	0.01677	0.01397	0.01866	0.04340	0.01120	0.19472	0.27614	0.17087	0.02529	0.02366	0.04596	0.00921	0.00696	0.00226	0.00645	0.00725	0.00712	0.01099
7	0.01380	0.01081	0.01526	0.01515	0.08039	0.01093	0.05312	0.02023	0.14104	0.06265	0.36623	0.09238	0.04435	0.01256	0.00843	0.00234	0.02385	0.01117	0.00688	0.00841
8	0.01629	0.02278	0.17811	0.02804	0.03592	0.01771	0.54697	0.02276	0.01645	0.02276	0.01408	0.01836	0.01044	0.00616	0.00807	0.00237	0.01170	0.00777	0.00348	0.00979
9	0.05083	0.72390	0.03622	0.01207	0.01809	0.02768	0.01200	0.02131	0.01437	0.01737	0.00990	0.01143	0.00908	0.00611	0.00456	0.00155	0.00753	0.00381	0.00310	0.00908
10	0.01403	0.04293	0.07066	0.01157	0.01486	0.01140	0.00988	0.14956	0.02135	0.02942	0.38263	0.11638	0.07026	0.01332	0.00792	0.00227	0.00512	0.01144	0.00692	0.00810
11	0.01384	0.01153	0.01364	0.01069	0.01570	0.00938	0.00847	0.01802	0.05763	0.02407	0.11532	0.05360	0.02262	0.00840	0.00626	0.00151	0.00505	0.04486	0.00516	0.55424
12	0.00903	0.00721	0.00789	0.00807	0.00989	0.00646	0.00590	0.01067	0.01490	0.01830	0.05732	0.09438	0.48175	0.13382	0.05953	0.00377	0.00534	0.05391	0.00607	0.00579
13	0.01693	0.01462	0.01535	0.01388	0.01777	0.01673	0.01078	0.03552	0.63560	0.02890	0.03261	0.03010	0.07898	0.01036	0.00734	0.00241	0.00546	0.00864	0.00719	0.01083
14	0.00903	0.00696	0.00828	0.00871	0.01029	0.00621	0.00634	0.01112	0.01644	0.02136	0.22091	0.27184	0.31530	0.01852	0.00867	0.00254	0.00382	0.04059	0.00692	0.00614
15	0.00868	0.00620	0.00826	0.00991	0.01033	0.00578	0.00661	0.00991	0.01363	0.01818	0.03925	0.74510	0.04710	0.02231	0.00909	0.00289	0.00413	0.02024	0.00661	0.00578
16	0.01682	0.02354	0.23733	0.05783	0.45112	0.04445	0.02283	0.02221	0.01595	0.02265	0.01309	0.01669	0.01045	0.00654	0.00694	0.00216	0.00930	0.00594	0.00336	0.01082
17	0.02191	0.07773	0.02351	0.02313	0.15967	0.38134	0.01567	0.02421	0.01701	0.01850	0.01106	0.01429	0.00963	0.00813	0.01000	0.00214	0.16451	0.00524	0.00348	0.00883
18	0.01762	0.01692	0.02890	0.04371	0.70533	0.01692	0.02185	0.02185	0.01621	0.02326	0.01339	0.01762	0.01128	0.00634	0.00705	0.00211	0.00846	0.00634	0.00352	0.01128
19	0.00988	0.00698	0.00922	0.01048	0.01125	0.00676	0.00771	0.01163	0.01421	0.01886	0.06640	0.39001	0.04251	0.14617	0.01395	0.00367	0.00531	0.21292	0.00626	0.00581
20	0.02672	0.01977	0.02117	0.01631	0.02195	0.02192	0.01345	0.65768	0.05795	0.04432	0.01754	0.01745	0.01247	0.00859	0.00713	0.00215	0.00775	0.00647	0.00713	0.01208
21	0.01345	0.01266	0.02136	0.73264	0.04904	0.01582	0.01978	0.01819	0.01424	0.01819	0.01266	0.01898	0.00949	0.00712	0.00712	0.00237	0.00949	0.00633	0.00316	0.00791
22	0.00957	0.00709	0.00892	0.00882	0.01042	0.00645	0.00648	0.01231	0.01842	0.02528	0.48643	0.17007	0.17058	0.01642	0.00852	0.00238	0.00353	0.01446	0.00743	0.00645
23	0.01017	0.00763	0.01144	0.01144	0.01272	0.00890	0.00890	0.01272	0.01144	0.01653	0.01907	0.02797	0.01780	0.05340	0.72153	0.01144	0.01907	0.00763	0.00381	0.00636
24	0.19827	0.01554	0.01691	0.01341	0.01864	0.01640	0.01103	0.26520	0.07271	0.27090	0.02019	0.01904	0.01376	0.00829	0.00655	0.00219	0.00655	0.00623	0.00712	0.01108
25	0.02775	0.01145	0.01535	0.01213	0.01695	0.01015	0.00988	0.03132	0.04804	0.56961	0.13938	0.02912	0.02598	0.00980	0.00737	0.00222	0.00560	0.00814	0.00859	0.01119
26	0.01540	0.01303	0.01510	0.01085	0.01714	0.01014	0.00870	0.05193	0.01572	0.02431	0.01288	0.01488	0.01063	0.00544	0.00537	0.00111	0.00540	0.00433	0.00437	0.75326
27	0.01449	0.01236	0.01447	0.01052	0.01657	0.00932	0.00835	0.01756	0.01471	0.02297	0.01388	0.04841	0.01223	0.00606	0.00545	0.00114	0.00522	0.00496	0.00433	0.75700
28	0.02298	0.01991	0.17191	0.02073	0.11126	0.01521	0.08986	0.09543	0.07374	0.27490	0.02034	0.02030	0.01397	0.00778	0.00720	0.00224	0.00814	0.00678	0.00601	0.01132
29	0.01428	0.03683	0.71286	0.02030	0.03082	0.01654	0.02631	0.02255	0.01503	0.02255	0.01278	0.01503	0.00902	0.00677	0.00677	0.00226	0.01052	0.00526	0.00301	0.01052
