[name]
unknown

[dist]
# distance from previous block
# <min> <max>
10	60

[block]
# block no. 0 follows, 30 sequences, length 134
# corresponding to MSA columns:
# 69-202
name=unknown_A
#
# <colnr> <probs for GDERKNQSTAVLIFYWHMCP>
#	G	D	E	R	K	N	Q	S	T	A	V	L	I	F	Y	W	H	M	C	P
0	0.01652	0.01062	0.01288	0.01082	0.01454	0.00987	0.00846	0.04115	0.12281	0.16287	0.25646	0.06518	0.06266	0.01093	0.00721	0.00202	0.00470	0.00934	0.00696	0.16400
1	0.02347	0.01777	0.01929	0.01470	0.02036	0.01871	0.01206	0.51230	0.05507	0.03864	0.01624	0.01661	0.01190	0.00770	0.00658	0.00187	0.00703	0.00587	0.00635	0.18747
2	0.01618	0.01099	0.01327	0.01029	0.01507	0.00876	0.00797	0.01869	0.01494	0.14049	0.02019	0.09775	0.03540	0.07647	0.00874	0.00198	0.00528	0.00712	0.00523	0.48519
3	0.02538	0.01879	0.02018	0.01571	0.02101	0.02079	0.01288	0.63225	0.05955	0.04226	0.01816	0.04823	0.01371	0.00899	0.00707	0.00214	0.00744	0.00692	0.00696	0.01157
4	0.08977	0.22563	0.04672	0.01921	0.15000	0.10225	0.01381	0.02425	0.14431	0.02180	0.01516	0.01807	0.01274	0.00902	0.02999	0.00231	0.03717	0.02425	0.00417	0.00935
5	0.01257	0.00773	0.00990	0.00906	0.01121	0.00698	0.00685	0.01542	0.01882	0.11979	0.49605	0.07246	0.13358	0.03754	0.00895	0.00237	0.00382	0.01226	0.00752	0.00712
6	0.01419	0.00788	0.01011	0.00935	0.01123	0.00724	0.00674	0.01623	0.01647	0.16712	0.28576	0.14622	0.06271	0.19022	0.01456	0.00337	0.00479	0.01197	0.00685	0.00698
7	0.01809	0.01528	0.01643	0.01425	0.01721	0.09518	0.01138	0.25508	0.01983	0.02624	0.01637	0.02101	0.01387	0.02850	0.33503	0.00628	0.07000	0.00661	0.00482	0.00856
8	0.01527	0.01527	0.02137	0.01832	0.01832	0.02137	0.01527	0.01679	0.01069	0.01679	0.00916	0.01527	0.00916	0.01221	0.02290	0.00305	0.74198	0.00611	0.00305	0.00763
9	0.01015	0.00677	0.00761	0.00761	0.00761	0.00677	0.00423	0.01015	0.01015	0.01353	0.02199	0.04567	0.02537	0.75476	0.03552	0.00677	0.00677	0.01015	0.00423	0.00423
10	0.70842	0.01339	0.01098	0.00963	0.01404	0.01521	0.00791	0.02227	0.03349	0.09481	0.01194	0.01294	0.00888	0.00677	0.00465	0.00217	0.00545	0.00420	0.00480	0.00806
11	0.01815	0.01484	0.01579	0.01400	0.01804	0.01691	0.01095	0.06951	0.61354	0.05962	0.02908	0.02674	0.04205	0.00963	0.00713	0.00234	0.00559	0.00798	0.00714	0.01096
12	0.02653	0.01955	0.02094	0.01606	0.02164	0.02164	0.01326	0.68796	0.03281	0.04398	0.01675	0.01675	0.01187	0.00838	0.00698	0.00209	0.00768	0.00628	0.00698	0.01187
13	0.80405	0.01350	0.01026	0.00918	0.01350	0.01565	0.00756	0.02051	0.01188	0.03131	0.00972	0.01134	0.00756	0.00648	0.00432	0.00216	0.00540	0.00378	0.00432	0.00756
14	0.01023	0.00729	0.00918	0.01000	0.01138	0.00690	0.00746	0.01286	0.04328	0.04165	0.08817	0.37048	0.16386	0.04181	0.00958	0.00286	0.00458	0.14557	0.00657	0.00630
15	0.02709	0.01864	0.02038	0.01563	0.02119	0.02030	0.01291	0.61093	0.03130	0.12315	0.01802	0.01758	0.01250	0.00841	0.00699	0.00210	0.00747	0.00637	0.00718	0.01187
16	0.00988	0.00713	0.00933	0.00878	0.01043	0.00658	0.00658	0.01317	0.01975	0.02798	0.70754	0.05213	0.06584	0.01427	0.00823	0.00219	0.00329	0.01262	0.00768	0.00658
17	0.03131	0.01188	0.01619	0.01242	0.01781	0.01026	0.01026	0.03401	0.01997	0.71606	0.02753	0.02375	0.01727	0.00864	0.00702	0.00216	0.00594	0.00702	0.00864	0.01188
18	0.01709	0.00940	0.01186	0.01056	0.01353	0.00884	0.00814	0.02176	0.10163	0.23929	0.25662	0.14589	0.09959	0.01337	0.00782	0.00231	0.00452	0.01157	0.00762	0.00857
19	0.03131	0.01188	0.01619	0.01242	0.01781	0.01026	0.01026	0.03401	0.01997	0.71606	0.02753	0.02375	0.01727	0.00864	0.00702	0.00216	0.00594	0.00702	0.00864	0.01188
20	0.01772	0.01517	0.01598	0.01427	0.01828	0.01753	0.01113	0.06285	0.67226	0.02978	0.02794	0.02567	0.02093	0.00942	0.00710	0.00236	0.00561	0.00783	0.00710	0.01108
21	0.43376	0.01312	0.01310	0.01088	0.01554	0.01388	0.00892	0.06001	0.04840	0.26976	0.03885	0.01789	0.01362	0.00771	0.00565	0.00217	0.00564	0.00550	0.00619	0.00941
22	0.00916	0.00703	0.00831	0.00813	0.00993	0.00626	0.00600	0.01163	0.01756	0.02333	0.39563	0.09970	0.31580	0.03940	0.00914	0.00244	0.00354	0.01380	0.00703	0.00618
23	0.01765	0.01514	0.01594	0.01426	0.01826	0.01749	0.01112	0.05786	0.67736	0.02966	0.02803	0.02574	0.02100	0.00943	0.00710	0.00236	0.00559	0.00784	0.00710	0.01107
24	0.01527	0.01527	0.02137	0.01832	0.01832	0.02137	0.01527	0.01679	0.01069	0.01679	0.00916	0.01527	0.00916	0.01221	0.02290	0.00305	0.74198	0.00611	0.00305	0.00763
25	0.01447	0.01240	0.01447	0.01034	0.01654	0.00930	0.00827	0.01757	0.01447	0.02274	0.01240	0.01447	0.01034	0.00517	0.00517	0.00103	0.00517	0.00413	0.00413	0.79742
26	0.00850	0.00607	0.00810	0.00972	0.01012	0.00567	0.00648	0.00972	0.01336	0.01781	0.03846	0.75020	0.04615	0.02186	0.00891	0.00283	0.00405	0.01984	0.00648	0.00567
27	0.01866	0.75896	0.03657	0.01194	0.01791	0.02761	0.01194	0.02090	0.01418	0.01642	0.00970	0.01119	0.00896	0.00597	0.00448	0.00149	0.00746	0.00373	0.00299	0.00896
28	0.00988	0.00713	0.00933	0.00878	0.01043	0.00658	0.00658	0.01317	0.01975	0.02798	0.70754	0.05213	0.06584	0.01427	0.00823	0.00219	0.00329	0.01262	0.00768	0.00658
29	0.00857	0.00619	0.00812	0.00952	0.01010	0.00574	0.00642	0.00994	0.01388	0.01848	0.08058	0.67242	0.08186	0.02118	0.00883	0.00277	0.00398	0.01914	0.00655	0.00574
30	0.01727	0.01658	0.02832	0.04283	0.71123	0.01658	0.02142	0.02142	0.01589	0.02280	0.01313	0.01727	0.01105	0.00622	0.00691	0.00207	0.00829	0.00622	0.00345	0.01105
31	0.00988	0.00713	0.00933	0.00878	0.01043	0.00658	0.00658	0.01317	0.01975	0.02798	0.70754	0.05213	0.06584	0.01427	0.00823	0.00219	0.00329	0.01262	0.00768	0.00658
32	0.01318	0.01240	0.02093	0.73798	0.04806	0.01550	0.01938	0.01783	0.01395	0.01783	0.01240	0.01860	0.00930	0.00698	0.00698	0.00233	0.00930	0.00620	0.00310	0.00775
33	0.00850	0.00607	0.00810	0.00972	0.01012	0.00567	0.00648	0.00972	0.01336	0.01781	0.03846	0.75020	0.04615	0.02186	0.00891	0.00283	0.00405	0.01984	0.00648	0.00567
34	0.01647	0.01882	0.04118	0.02941	0.03647	0.01765	0.68588	0.02235	0.01647	0.02235	0.01412	0.01882	0.01059	0.00588	0.00824	0.00235	0.01176	0.00824	0.00353	0.00941
35	0.01124	0.00803	0.01124	0.01285	0.01446	0.00803	0.01124	0.01446	0.01606	0.02088	0.03695	0.07871	0.04016	0.01928	0.00964	0.00321	0.00643	0.66426	0.00643	0.00643
36	0.01647	0.01882	0.04118	0.02941	0.03647	0.01765	0.68588	0.02235	0.01647	0.02235	0.01412	0.01882	0.01059	0.00588	0.00824	0.00235	0.01176	0.00824	0.00353	0.00941
37	0.00979	0.00769	0.01042	0.03227	0.01225	0.00840	0.00798	0.01105	0.01270	0.01729	0.03188	0.55759	0.03773	0.08356	0.01325	0.00319	0.11483	0.01654	0.00567	0.00590
38	0.01038	0.00728	0.00930	0.00871	0.01055	0.00663	0.00656	0.01349	0.01935	0.04874	0.61757	0.05285	0.13341	0.01445	0.00819	0.00221	0.00340	0.01267	0.00758	0.00668
39	0.80405	0.01350	0.01026	0.00918	0.01350	0.01565	0.00756	0.02051	0.01188	0.03131	0.00972	0.01134	0.00756	0.00648	0.00432	0.00216	0.00540	0.00378	0.00432	0.00756
40	0.05086	0.01859	0.03983	0.02853	0.03547	0.01756	0.65627	0.02227	0.01627	0.02274	0.01393	0.01850	0.01046	0.00591	0.00806	0.00234	0.01149	0.00804	0.00356	0.00933
41	0.01419	0.01343	0.02275	0.56655	0.21161	0.01577	0.01988	0.01871	0.01443	0.01905	0.01258	0.01828	0.00973	0.00679	0.00696	0.00226	0.00905	0.00621	0.00319	0.00857
42	0.80405	0.01350	0.01026	0.00918	0.01350	0.01565	0.00756	0.02051	0.01188	0.03131	0.00972	0.01134	0.00756	0.00648	0.00432	0.00216	0.00540	0.00378	0.00432	0.00756
43	0.01456	0.01268	0.01560	0.01114	0.01738	0.00966	0.03700	0.01777	0.01456	0.02272	0.01248	0.01465	0.01035	0.00520	0.00530	0.00109	0.00545	0.00431	0.00411	0.76401
44	0.00850	0.00607	0.00810	0.00972	0.01012	0.00567	0.00648	0.00972	0.01336	0.01781	0.03846	0.75020	0.04615	0.02186	0.00891	0.00283	0.00405	0.01984	0.00648	0.00567
45	0.01441	0.01271	0.01232	0.01112	0.01423	0.07075	0.00858	0.09537	0.19475	0.02575	0.15681	0.04379	0.28556	0.01306	0.00764	0.00226	0.00523	0.01080	0.00666	0.00819
46	0.80405	0.01350	0.01026	0.00918	0.01350	0.01565	0.00756	0.02051	0.01188	0.03131	0.00972	0.01134	0.00756	0.00648	0.00432	0.00216	0.00540	0.00378	0.00432	0.00756
47	0.01115	0.00800	0.01111	0.01266	0.01429	0.00796	0.01105	0.01431	0.01606	0.02082	0.03804	0.07834	0.06187	0.01922	0.00959	0.00319	0.00633	0.64315	0.00643	0.00641
48	0.68636	0.01372	0.01108	0.00993	0.01419	0.01591	0.00808	0.02299	0.11461	0.03099	0.01251	0.01353	0.00961	0.00692	0.00473	0.00219	0.00542	0.00439	0.00473	0.00808
49	0.10892	0.01581	0.04700	0.25306	0.13662	0.01632	0.17821	0.04097	0.01510	0.02247	0.01260	0.01701	0.00979	0.00671	0.00759	0.00222	0.04357	0.00625	0.00358	0.05620
50	0.01009	0.00727	0.00877	0.00934	0.01082	0.00679	0.00663	0.01294	0.06136	0.04859	0.09965	0.43018	0.22407	0.01873	0.00847	0.00259	0.00403	0.01653	0.00671	0.00642
51	0.01341	0.00931	0.01027	0.00929	0.01041	0.00973	0.00603	0.14515	0.01466	0.01960	0.02094	0.03991	0.02268	0.60610	0.02983	0.00583	0.00695	0.00938	0.00478	0.00575
52	0.00959	0.00707	0.00898	0.00954	0.01074	0.00673	0.00686	0.01250	0.04810	0.02193	0.26677	0.36540	0.09905	0.04198	0.00945	0.00271	0.00406	0.05547	0.00684	0.00625
53	0.01736	0.02073	0.11294	0.02728	0.05543	0.01790	0.51658	0.09727	0.01810	0.02478	0.01421	0.01809	0.01055	0.00626	0.00788	0.00230	0.01104	0.00761	0.00385	0.00984
54	0.01095	0.00741	0.00946	0.00927	0.01097	0.00688	0.00682	0.01410	0.04018	0.06688	0.42147	0.22484	0.11224	0.01595	0.00829	0.00237	0.00374	0.01410	0.00732	0.00677
55	0.00959	0.00687	0.00897	0.00953	0.01062	0.00649	0.00697	0.01182	0.01604	0.02188	0.30014	0.28956	0.07163	0.08754	0.01124	0.00300	0.00434	0.11101	0.00673	0.00601
56	0.01691	0.02123	0.16749	0.03672	0.52018	0.04333	0.04951	0.02184	0.01583	0.02242	0.01296	0.01665	0.01051	0.00632	0.00688	0.00210	0.00900	0.00602	0.00336	0.01072
57	0.02421	0.02712	0.02172	0.05487	0.10607	0.44664	0.03446	0.15793	0.02153	0.02331	0.01243	0.01444	0.00987	0.00726	0.00659	0.00193	0.01091	0.00525	0.00423	0.00922
58	0.01400	0.03610	0.71860	0.01989	0.03020	0.01621	0.02578	0.02210	0.01473	0.02210	0.01252	0.01473	0.00884	0.00663	0.00663	0.00221	0.01031	0.00516	0.00295	0.01031
59	0.80405	0.01350	0.01026	0.00918	0.01350	0.01565	0.00756	0.02051	0.01188	0.03131	0.00972	0.01134	0.00756	0.00648	0.00432	0.00216	0.00540	0.00378	0.00432	0.00756
60	0.01395	0.01117	0.01360	0.03356	0.01612	0.00985	0.00874	0.01765	0.06146	0.05010	0.01990	0.17630	0.01950	0.03159	0.00804	0.00187	0.04297	0.00826	0.00495	0.45040
61	0.01552	0.01449	0.02403	0.41301	0.32435	0.01624	0.01994	0.05094	0.01565	0.02114	0.01291	0.01796	0.01016	0.00673	0.00695	0.00221	0.00880	0.00621	0.00343	0.00933
62	0.06244	0.01797	0.01929	0.01497	0.02012	0.01970	0.01223	0.57262	0.02958	0.08303	0.01742	0.01878	0.01286	0.05608	0.00868	0.00240	0.00741	0.00646	0.00678	0.01118
63	0.00859	0.00614	0.00820	0.00982	0.01026	0.00574	0.00663	0.00987	0.01345	0.01791	0.03841	0.72845	0.04596	0.02178	0.00893	0.00285	0.00413	0.04072	0.00648	0.00569
64	0.00997	0.00748	0.01121	0.01121	0.01246	0.00872	0.00872	0.01246	0.01121	0.01620	0.01869	0.02741	0.01745	0.05234	0.72710	0.01121	0.01869	0.00748	0.00374	0.00623
65	0.00918	0.00712	0.01066	0.04108	0.01331	0.00681	0.04867	0.01083	0.01358	0.01809	0.03589	0.67507	0.04245	0.02027	0.00879	0.00278	0.00474	0.01856	0.00616	0.00598
66	0.80405	0.01350	0.01026	0.00918	0.01350	0.01565	0.00756	0.02051	0.01188	0.03131	0.00972	0.01134	0.00756	0.00648	0.00432	0.00216	0.00540	0.00378	0.00432	0.00756
67	0.00862	0.00616	0.00823	0.00985	0.01031	0.00577	0.00668	0.00992	0.01347	0.01794	0.03840	0.72173	0.04590	0.02175	0.00894	0.00285	0.00415	0.04716	0.00648	0.00570
68	0.02072	0.01413	0.01587	0.01379	0.01804	0.01544	0.01095	0.05992	0.48421	0.19082	0.02813	0.02745	0.02082	0.00966	0.00719	0.00234	0.00574	0.03628	0.00743	0.01107
69	0.01447	0.01240	0.01447	0.01034	0.01654	0.00930	0.00827	0.01757	0.01447	0.02274	0.01240	0.01447	0.01034	0.00517	0.00517	0.00103	0.00517	0.00413	0.00413	0.79742
70	0.03102	0.01234	0.01648	0.01264	0.01804	0.01094	0.01044	0.07345	0.02075	0.67552	0.02688	0.02333	0.01695	0.00862	0.00702	0.00216	0.00604	0.00697	0.00854	0.01188
71	0.00850	0.00607	0.00810	0.00972	0.01012	0.00567	0.00648	0.00972	0.01336	0.01781	0.03846	0.75020	0.04615	0.02186	0.00891	0.00283	0.00405	0.01984	0.00648	0.00567
72	0.01656	0.01408	0.01518	0.01402	0.01766	0.01613	0.01107	0.03411	0.60908	0.02810	0.02952	0.03295	0.02378	0.01075	0.00743	0.00248	0.00564	0.09399	0.00701	0.01044
73	0.01318	0.01240	0.02093	0.73798	0.04806	0.01550	0.01938	0.01783	0.01395	0.01783	0.01240	0.01860	0.00930	0.00698	0.00698	0.00233	0.00930	0.00620	0.00310	0.00775
74	0.02653	0.01955	0.02094	0.01606	0.02164	0.02164	0.01326	0.68796	0.03281	0.04398	0.01675	0.01675	0.01187	0.00838	0.00698	0.00209	0.00768	0.00628	0.00698	0.01187
75	0.00959	0.00696	0.00904	0.00887	0.01034	0.00641	0.00652	0.01248	0.01855	0.02595	0.57218	0.16764	0.08804	0.01565	0.00834	0.00231	0.00343	0.01389	0.00744	0.00641
76	0.00866	0.00619	0.00824	0.00961	0.01016	0.00577	0.00649	0.01011	0.01408	0.01896	0.11383	0.67157	0.04837	0.02101	0.00883	0.00276	0.00396	0.01903	0.00661	0.00577
77	0.00997	0.00748	0.01121	0.01121	0.01246	0.00872	0.00872	0.01246	0.01121	0.01620	0.01869	0.02741	0.01745	0.05234	0.72710	0.01121	0.01869	0.00748	0.00374	0.00623
78	0.80405	0.01350	0.01026	0.00918	0.01350	0.01565	0.00756	0.02051	0.01188	0.03131	0.00972	0.01134	0.00756	0.00648	0.00432	0.00216	0.00540	0.00378	0.00432	0.00756
79	0.80405	0.01350	0.01026	0.00918	0.01350	0.01565	0.00756	0.02051	0.01188	0.03131	0.00972	0.01134	0.00756	0.00648	0.00432	0.00216	0.00540	0.00378	0.00432	0.00756
80	0.00850	0.00607	0.00810	0.00972	0.01012	0.00567	0.00648	0.00972	0.01336	0.01781	0.03846	0.75020	0.04615	0.02186	0.00891	0.00283	0.00405	0.01984	0.00648	0.00567
81	0.01318	0.01240	0.02093	0.73798	0.04806	0.01550	0.01938	0.01783	0.01395	0.01783	0.01240	0.01860	0.00930	0.00698	0.00698	0.00233	0.00930	0.00620	0.00310	0.00775
82	0.00850	0.00607	0.00810	0.00972	0.01012	0.00567	0.00648	0.00972	0.01336	0.01781	0.03846	0.75020	0.04615	0.02186	0.00891	0.00283	0.00405	0.01984	0.00648	0.00567
83	0.80405	0.01350	0.01026	0.00918	0.01350	0.01565	0.00756	0.02051	0.01188	0.03131	0.00972	0.01134	0.00756	0.00648	0.00432	0.00216	0.00540	0.00378	0.00432	0.00756
84	0.00850	0.00607	0.00810	0.00972	0.01012	0.00567	0.00648	0.00972	0.01336	0.01781	0.03846	0.75020	0.04615	0.02186	0.00891	0.00283	0.00405	0.01984	0.00648	0.00567
85	0.00997	0.00748	0.01121	0.01121	0.01246	0.00872	0.00872	0.01246	0.01121	0.01620	0.01869	0.02741	0.01745	0.05234	0.72710	0.01121	0.01869	0.00748	0.00374	0.00623
86	0.01400	0.03610	0.71860	0.01989	0.03020	0.01621	0.02578	0.02210	0.01473	0.02210	0.01252	0.01473	0.00884	0.00663	0.00663	0.00221	0.01031	0.00516	0.00295	0.01031
87	0.01447	0.01240	0.01447	0.01034	0.01654	0.00930	0.00827	0.01757	0.01447	0.02274	0.01240	0.01447	0.01034	0.00517	0.00517	0.00103	0.00517	0.00413	0.00413	0.79742
88	0.02466	0.01838	0.01964	0.01543	0.02062	0.02044	0.01262	0.56588	0.13174	0.04111	0.01872	0.01848	0.01350	0.00853	0.00692	0.00212	0.00719	0.00653	0.03594	0.01155
89	0.01727	0.01658	0.02832	0.04283	0.71123	0.01658	0.02142	0.02142	0.01589	0.02280	0.01313	0.01727	0.01105	0.00622	0.00691	0.00207	0.00829	0.00622	0.00345	0.01105
90	0.01227	0.01105	0.01260	0.01211	0.01357	0.09581	0.00935	0.01463	0.01319	0.01766	0.09881	0.02829	0.02184	0.06149	0.48545	0.00832	0.06516	0.00772	0.00416	0.00653
91	0.01983	0.01020	0.01296	0.01107	0.01434	0.00963	0.00862	0.10150	0.01982	0.28702	0.20921	0.15465	0.03480	0.03979	0.00864	0.00243	0.00507	0.01070	0.03076	0.00897
92	0.01300	0.00704	0.00725	0.00707	0.00854	0.00712	0.00508	0.04048	0.01450	0.02442	0.02240	0.02925	0.01902	0.14440	0.01055	0.00258	0.00406	0.00716	0.61979	0.00629
93	0.01818	0.42220	0.23362	0.01639	0.05225	0.11322	0.01660	0.02216	0.01513	0.01844	0.01082	0.01267	0.00902	0.00633	0.00545	0.00177	0.00899	0.00435	0.00307	0.00933
94	0.01081	0.00708	0.01082	0.04791	0.01308	0.00703	0.03613	0.01077	0.01193	0.01585	0.02489	0.32342	0.02797	0.02122	0.01656	0.33701	0.00567	0.06222	0.00472	0.00488
95	0.02963	0.01174	0.01582	0.01231	0.01741	0.01031	0.01009	0.05230	0.02011	0.64763	0.04904	0.05183	0.01973	0.00931	0.00713	0.00218	0.00584	0.00766	0.00848	0.01147
96	0.01015	0.00677	0.00761	0.00761	0.00761	0.00677	0.00423	0.01015	0.01015	0.01353	0.02199	0.04567	0.02537	0.75476	0.03552	0.00677	0.00677	0.01015	0.00423	0.00423
97	0.57854	0.04231	0.19148	0.01199	0.01789	0.01616	0.01233	0.02093	0.01267	0.02850	0.01043	0.01220	0.00793	0.00650	0.00491	0.00215	0.00671	0.00413	0.00393	0.00830
98	0.02653	0.01955	0.02094	0.01606	0.02164	0.02164	0.01326	0.68796	0.03281	0.04398	0.01675	0.01675	0.01187	0.00838	0.00698	0.00209	0.00768	0.00628	0.00698	0.01187
99	0.01995	0.01770	0.01715	0.01493	0.01915	0.09020	0.01171	0.15756	0.50547	0.03072	0.02444	0.02294	0.01829	0.00903	0.00700	0.00226	0.00664	0.00724	0.00672	0.01090
100	0.02607	0.03326	0.01978	0.01798	0.02157	0.72674	0.01348	0.02787	0.01978	0.01708	0.01079	0.01258	0.00899	0.00719	0.00629	0.00180	0.01258	0.00449	0.00360	0.00809
101	0.00878	0.00705	0.00784	0.00774	0.00978	0.00611	0.00577	0.01102	0.01704	0.02175	0.27485	0.09213	0.47208	0.01676	0.00827	0.00233	0.00348	0.01427	0.00687	0.00611
102	0.00890	0.00624	0.00798	0.00920	0.00951	0.00594	0.00593	0.00982	0.01258	0.01677	0.03444	0.57829	0.04108	0.20070	0.01540	0.00379	0.00471	0.01747	0.00593	0.00532
103	0.01061	0.00728	0.00960	0.00939	0.01099	0.00678	0.00713	0.01359	0.01850	0.04852	0.53229	0.11727	0.05852	0.03683	0.00920	0.00249	0.00389	0.08317	0.00737	0.00659
104	0.01727	0.01658	0.02832	0.04283	0.71123	0.01658	0.02142	0.02142	0.01589	0.02280	0.01313	0.01727	0.01105	0.00622	0.00691	0.00207	0.00829	0.00622	0.00345	0.01105
105	0.00826	0.00704	0.00710	0.00715	0.00945	0.00588	0.00534	0.01001	0.01582	0.01882	0.06966	0.08897	0.68725	0.01781	0.00827	0.00237	0.00355	0.01489	0.00648	0.00588
106	0.08347	0.01176	0.01546	0.01202	0.01717	0.01045	0.00990	0.03210	0.01941	0.63649	0.05838	0.02424	0.01890	0.00875	0.00689	0.00216	0.00578	0.00706	0.00829	0.01133
107	0.02693	0.01890	0.02054	0.01575	0.02132	0.02067	0.01301	0.63245	0.03172	0.10102	0.01767	0.01735	0.01233	0.00840	0.00698	0.00210	0.00753	0.00635	0.00712	0.01187
108	0.75459	0.01339	0.01064	0.00938	0.01377	0.01531	0.00773	0.02138	0.01239	0.07514	0.01086	0.01213	0.00818	0.00662	0.00449	0.00216	0.00543	0.00399	0.00459	0.00783
109	0.11402	0.01142	0.01468	0.01195	0.01663	0.01045	0.00991	0.02940	0.01862	0.53159	0.05630	0.02980	0.02089	0.00984	0.00707	0.00228	0.00582	0.08093	0.00787	0.01055
110	0.00993	0.00679	0.00777	0.00783	0.00811	0.00671	0.00463	0.01030	0.01107	0.01470	0.05111	0.07998	0.07290	0.62186	0.05330	0.00626	0.00667	0.01092	0.00460	0.00456
111	0.05454	0.01545	0.01818	0.01398	0.01943	0.01565	0.01155	0.33341	0.02559	0.38537	0.02200	0.02013	0.01448	0.00845	0.00691	0.00213	0.00672	0.00657	0.00774	0.01173
112	0.80405	0.01350	0.01026	0.00918	0.01350	0.01565	0.00756	0.02051	0.01188	0.03131	0.00972	0.01134	0.00756	0.00648	0.00432	0.00216	0.00540	0.00378	0.00432	0.00756
113	0.08002	0.01234	0.01604	0.01238	0.01772	0.01114	0.01023	0.06400	0.02007	0.64100	0.02589	0.02264	0.01640	0.00849	0.00684	0.00216	0.00599	0.00678	0.00829	0.01160
114	0.00942	0.00724	0.00809	0.00806	0.00960	0.00668	0.00564	0.01174	0.04214	0.01979	0.18572	0.11543	0.33029	0.19223	0.01474	0.00341	0.00438	0.01337	0.00622	0.00582
115	0.03020	0.01365	0.01729	0.01326	0.01870	0.01289	0.01095	0.18538	0.02294	0.56049	0.02504	0.02213	0.01602	0.00858	0.00701	0.00214	0.00634	0.00685	0.00825	0.01187
116	0.01736	0.01499	0.01578	0.01420	0.01815	0.01736	0.01105	0.03708	0.69862	0.02919	0.02840	0.02604	0.02130	0.00947	0.00710	0.00237	0.00552	0.00789	0.00710	0.01105
117	0.03047	0.01166	0.01590	0.01232	0.01753	0.01009	0.01012	0.03311	0.01973	0.69037	0.02793	0.05048	0.01834	0.00912	0.00709	0.00218	0.00587	0.00749	0.00856	0.01165
118	0.00862	0.00616	0.00823	0.00985	0.01031	0.00577	0.00668	0.00992	0.01347	0.01794	0.03840	0.72173	0.04590	0.02175	0.00894	0.00285	0.00415	0.04716	0.00648	0.00570
119	0.01736	0.01499	0.01578	0.01420	0.01815	0.01736	0.01105	0.03708	0.69862	0.02919	0.02840	0.02604	0.02130	0.00947	0.00710	0.00237	0.00552	0.00789	0.00710	0.01105
120	0.02607	0.03326	0.01978	0.01798	0.02157	0.72674	0.01348	0.02787	0.01978	0.01708	0.01079	0.01258	0.00899	0.00719	0.00629	0.00180	0.01258	0.00449	0.00360	0.00809
121	0.01447	0.01240	0.01447	0.01034	0.01654	0.00930	0.00827	0.01757	0.01447	0.02274	0.01240	0.01447	0.01034	0.00517	0.00517	0.00103	0.00517	0.00413	0.00413	0.79742
122	0.01146	0.00849	0.01072	0.01029	0.01229	0.00841	0.00809	0.04342	0.07852	0.02746	0.49821	0.05323	0.05508	0.01452	0.00834	0.00239	0.00424	0.13032	0.00737	0.00716
123	0.01400	0.03610	0.71860	0.01989	0.03020	0.01621	0.02578	0.02210	0.01473	0.02210	0.01252	0.01473	0.00884	0.00663	0.00663	0.00221	0.01031	0.00516	0.00295	0.01031
124	0.00988	0.00713	0.00933	0.00878	0.01043	0.00658	0.00658	0.01317	0.01975	0.02798	0.70754	0.05213	0.06584	0.01427	0.00823	0.00219	0.00329	0.01262	0.00768	0.00658
125	0.00870	0.00627	0.00824	0.00946	0.01014	0.00581	0.00644	0.01025	0.01442	0.01938	0.13992	0.61682	0.07718	0.02055	0.00878	0.00272	0.00391	0.01854	0.00666	0.00581
126	0.01727	0.01658	0.02832	0.04283	0.71123	0.01658	0.02142	0.02142	0.01589	0.02280	0.01313	0.01727	0.01105	0.00622	0.00691	0.00207	0.00829	0.00622	0.00345	0.01105
127	0.00988	0.00713	0.00933	0.00878	0.01043	0.00658	0.00658	0.01317	0.01975	0.02798	0.70754	0.05213	0.06584	0.01427	0.00823	0.00219	0.00329	0.01262	0.00768	0.00658
128	0.01386	0.01277	0.02093	0.70093	0.04671	0.01582	0.01907	0.05222	0.01492	0.01917	0.01263	0.01851	0.00943	0.00705	0.00698	0.00231	0.00922	0.00621	0.00330	0.00796
129	0.00881	0.00631	0.00853	0.01006	0.01061	0.00603	0.00700	0.01026	0.01348	0.01799	0.03732	0.65558	0.04417	0.02320	0.04583	0.00330	0.00500	0.07441	0.00633	0.00576
130	0.01641	0.01864	0.04016	0.02884	0.03554	0.01784	0.65146	0.02207	0.01617	0.02207	0.01386	0.01864	0.01051	0.00621	0.00899	0.00239	0.04924	0.00813	0.00350	0.00932
131	0.01109	0.00798	0.01103	0.01255	0.01420	0.00792	0.01094	0.01423	0.01606	0.02078	0.03868	0.07812	0.07446	0.01919	0.00957	0.00317	0.00628	0.63092	0.00643	0.00640
132	0.02478	0.03113	0.01955	0.01864	0.05110	0.65873	0.01347	0.02665	0.01928	0.01737	0.01231	0.05065	0.01099	0.00790	0.00645	0.00186	0.01196	0.00536	0.00374	0.00809
133	0.01789	0.01472	0.01707	0.01333	0.01851	0.01449	0.03801	0.17855	0.19720	0.02888	0.01816	0.01980	0.01434	0.04554	0.00778	0.00198	0.00620	0.00609	0.00555	0.33591

[dist]
# distance from previous block
# <min> <max>
2	5

[block]
# block no. 1 follows, 30 sequences, length 91
# corresponding to MSA columns:
# 208-298
name=unknown_B
#
# <colnr> <probs for GDERKNQSTAVLIFYWHMCP>
#	G	D	E	R	K	N	Q	S	T	A	V	L	I	F	Y	W	H	M	C	P
0	0.68554	0.01255	0.01012	0.00912	0.01304	0.01430	0.00741	0.01942	0.01305	0.03081	0.11385	0.01742	0.01626	0.00764	0.00490	0.00216	0.00508	0.00510	0.00482	0.00741
1	0.01833	0.01282	0.01524	0.01112	0.01713	0.01036	0.00898	0.06882	0.01677	0.14757	0.01541	0.01629	0.01168	0.00602	0.00563	0.00131	0.00549	0.00480	0.00514	0.60109
2	0.00987	0.00761	0.00835	0.00819	0.01055	0.00672	0.00630	0.01266	0.04160	0.04603	0.16062	0.06264	0.51467	0.01665	0.00826	0.00239	0.00386	0.05981	0.00676	0.00644
3	0.10274	0.01587	0.06792	0.09499	0.05106	0.04088	0.04703	0.07342	0.01689	0.23729	0.01770	0.04084	0.01322	0.01006	0.03147	0.00260	0.11442	0.00662	0.00538	0.00959
4	0.01410	0.03536	0.68985	0.02029	0.03047	0.01627	0.05380	0.02211	0.01481	0.02211	0.01259	0.01491	0.00891	0.00660	0.00670	0.00222	0.01037	0.00529	0.00297	0.01027
5	0.01029	0.00741	0.00990	0.01102	0.01224	0.00727	0.00867	0.01320	0.03566	0.02084	0.13650	0.28665	0.04462	0.05565	0.01041	0.00309	0.00519	0.30862	0.00654	0.00623
6	0.01396	0.01298	0.02196	0.63410	0.04490	0.01564	0.06727	0.04566	0.01493	0.01949	0.01303	0.01877	0.00977	0.00699	0.00700	0.00230	0.00923	0.00636	0.02764	0.00800
7	0.01484	0.01682	0.12645	0.45542	0.18653	0.01565	0.02044	0.01982	0.01470	0.04486	0.01312	0.01793	0.00990	0.00682	0.00691	0.00225	0.00911	0.00608	0.00335	0.00899
8	0.00932	0.00790	0.00817	0.00811	0.01055	0.00716	0.00616	0.01301	0.08740	0.01998	0.06403	0.08442	0.59142	0.01700	0.00820	0.00240	0.00386	0.03792	0.00654	0.00644
9	0.01592	0.00885	0.01114	0.00974	0.01265	0.00801	0.00758	0.04533	0.01932	0.21103	0.34362	0.07295	0.17876	0.01349	0.00788	0.00224	0.00426	0.01156	0.00762	0.00804
10	0.02632	0.01884	0.02067	0.04222	0.02238	0.02076	0.01331	0.62558	0.03138	0.08197	0.01722	0.01723	0.01209	0.00834	0.00698	0.00211	0.00764	0.00632	0.00694	0.01172
11	0.01494	0.03046	0.52092	0.02528	0.19665	0.01634	0.02412	0.02254	0.04272	0.02256	0.01331	0.01581	0.00989	0.00664	0.00672	0.00218	0.00962	0.00553	0.00324	0.01052
12	0.01400	0.03610	0.71860	0.01989	0.03020	0.01621	0.02578	0.02210	0.01473	0.02210	0.01252	0.01473	0.00884	0.00663	0.00663	0.00221	0.01031	0.00516	0.00295	0.01031
13	0.80405	0.01350	0.01026	0.00918	0.01350	0.01565	0.00756	0.02051	0.01188	0.03131	0.00972	0.01134	0.00756	0.00648	0.00432	0.00216	0.00540	0.00378	0.00432	0.00756
14	0.00902	0.00709	0.00817	0.00809	0.01005	0.00624	0.00610	0.01143	0.01733	0.02251	0.32017	0.08976	0.39967	0.01656	0.00832	0.00235	0.00358	0.04042	0.00695	0.00618
15	0.18069	0.01408	0.01992	0.26883	0.22137	0.01580	0.01603	0.02250	0.09617	0.05812	0.01471	0.01786	0.01126	0.00704	0.00642	0.00222	0.00759	0.00594	0.00421	0.00923
16	0.03113	0.01216	0.01637	0.01255	0.01796	0.01068	0.01037	0.05857	0.02046	0.69082	0.02713	0.02349	0.01707	0.00863	0.00702	0.00216	0.00600	0.00699	0.00857	0.01188
17	0.00850	0.00607	0.00810	0.00972	0.01012	0.00567	0.00648	0.00972	0.01336	0.01781	0.03846	0.75020	0.04615	0.02186	0.00891	0.00283	0.00405	0.01984	0.00648	0.00567
18	0.01212	0.00606	0.00909	0.00909	0.00909	0.00606	0.00606	0.00909	0.00909	0.01212	0.01212	0.02121	0.01212	0.02424	0.02727	0.79697	0.00606	0.00606	0.00303	0.00303
19	0.01727	0.01658	0.02832	0.04283	0.71123	0.01658	0.02142	0.02142	0.01589	0.02280	0.01313	0.01727	0.01105	0.00622	0.00691	0.00207	0.00829	0.00622	0.00345	0.01105
20	0.80405	0.01350	0.01026	0.00918	0.01350	0.01565	0.00756	0.02051	0.01188	0.03131	0.00972	0.01134	0.00756	0.00648	0.00432	0.00216	0.00540	0.00378	0.00432	0.00756
21	0.00983	0.00713	0.00926	0.00873	0.01039	0.00656	0.00654	0.01307	0.01963	0.02770	0.68757	0.05260	0.08600	0.01437	0.00823	0.00220	0.00330	0.01269	0.00764	0.00656
22	0.80405	0.01350	0.01026	0.00918	0.01350	0.01565	0.00756	0.02051	0.01188	0.03131	0.00972	0.01134	0.00756	0.00648	0.00432	0.00216	0.00540	0.00378	0.00432	0.00756
23	0.01447	0.01240	0.01447	0.01034	0.01654	0.00930	0.00827	0.01757	0.01447	0.02274	0.01240	0.01447	0.01034	0.00517	0.00517	0.00103	0.00517	0.00413	0.00413	0.79742
24	0.03131	0.01188	0.01619	0.01242	0.01781	0.01026	0.01026	0.03401	0.01997	0.71606	0.02753	0.02375	0.01727	0.00864	0.00702	0.00216	0.00594	0.00702	0.00864	0.01188
25	0.01204	0.00879	0.01175	0.01295	0.01480	0.00900	0.01115	0.03613	0.06231	0.02205	0.03581	0.09269	0.03822	0.01836	0.00937	0.00311	0.00633	0.58178	0.00649	0.00688
26	0.02535	0.01118	0.01471	0.01177	0.01621	0.01015	0.00953	0.05300	0.05415	0.49392	0.18879	0.03035	0.02882	0.01001	0.00731	0.00218	0.00535	0.00837	0.00827	0.01058
27	0.01318	0.01240	0.02093	0.73798	0.04806	0.01550	0.01938	0.01783	0.01395	0.01783	0.01240	0.01860	0.00930	0.00698	0.00698	0.00233	0.00930	0.00620	0.00310	0.00775
28	0.03131	0.01188	0.01619	0.01242	0.01781	0.01026	0.01026	0.03401	0.01997	0.71606	0.02753	0.02375	0.01727	0.00864	0.00702	0.00216	0.00594	0.00702	0.00864	0.01188
29	0.13742	0.01210	0.01538	0.01197	0.01722	0.01100	0.00989	0.03215	0.01886	0.62203	0.02508	0.02205	0.01594	0.00834	0.00665	0.00216	0.00586	0.00657	0.00804	0.01128
30	0.02604	0.01262	0.01578	0.01274	0.01751	0.01223	0.01031	0.06098	0.18946	0.46535	0.07787	0.02613	0.02166	0.00925	0.00713	0.00221	0.00571	0.00762	0.00811	0.01128
31	0.00850	0.00607	0.00810	0.00972	0.01012	0.00567	0.00648	0.00972	0.01336	0.01781	0.03846	0.75020	0.04615	0.02186	0.00891	0.00283	0.00405	0.01984	0.00648	0.00567
32	0.01736	0.01499	0.01578	0.01420	0.01815	0.01736	0.01105	0.03708	0.69862	0.02919	0.02840	0.02604	0.02130	0.00947	0.00710	0.00237	0.00552	0.00789	0.00710	0.01105
33	0.03131	0.01188	0.01619	0.01242	0.01781	0.01026	0.01026	0.03401	0.01997	0.71606	0.02753	0.02375	0.01727	0.00864	0.00702	0.00216	0.00594	0.00702	0.00864	0.01188
34	0.02653	0.01955	0.02094	0.01606	0.02164	0.02164	0.01326	0.68796	0.03281	0.04398	0.01675	0.01675	0.01187	0.00838	0.00698	0.00209	0.00768	0.00628	0.00698	0.01187
35	0.01647	0.01882	0.04118	0.02941	0.03647	0.01765	0.68588	0.02235	0.01647	0.02235	0.01412	0.01882	0.01059	0.00588	0.00824	0.00235	0.01176	0.00824	0.00353	0.00941
36	0.00850	0.00607	0.00810	0.00972	0.01012	0.00567	0.00648	0.00972	0.01336	0.01781	0.03846	0.75020	0.04615	0.02186	0.00891	0.00283	0.00405	0.01984	0.00648	0.00567
37	0.03131	0.01188	0.01619	0.01242	0.01781	0.01026	0.01026	0.03401	0.01997	0.71606	0.02753	0.02375	0.01727	0.00864	0.00702	0.00216	0.00594	0.00702	0.00864	0.01188
38	0.01736	0.01499	0.01578	0.01420	0.01815	0.01736	0.01105	0.03708	0.69862	0.02919	0.02840	0.02604	0.02130	0.00947	0.00710	0.00237	0.00552	0.00789	0.00710	0.01105
39	0.00997	0.00748	0.01121	0.01121	0.01246	0.00872	0.00872	0.01246	0.01121	0.01620	0.01869	0.02741	0.01745	0.05234	0.72710	0.01121	0.01869	0.00748	0.00374	0.00623
40	0.01866	0.75896	0.03657	0.01194	0.01791	0.02761	0.01194	0.02090	0.01418	0.01642	0.00970	0.01119	0.00896	0.00597	0.00448	0.00149	0.00746	0.00373	0.00299	0.00896
41	0.01400	0.03610	0.71860	0.01989	0.03020	0.01621	0.02578	0.02210	0.01473	0.02210	0.01252	0.01473	0.00884	0.00663	0.00663	0.00221	0.01031	0.00516	0.00295	0.01031
42	0.02258	0.01681	0.01812	0.01479	0.01951	0.01871	0.01187	0.36585	0.29508	0.07749	0.02221	0.02191	0.01643	0.03609	0.00807	0.00238	0.00669	0.00710	0.00703	0.01126
43	0.01727	0.01658	0.02832	0.04283	0.71123	0.01658	0.02142	0.02142	0.01589	0.02280	0.01313	0.01727	0.01105	0.00622	0.00691	0.00207	0.00829	0.00622	0.00345	0.01105
44	0.01420	0.01454	0.02803	0.43080	0.04174	0.01583	0.27361	0.01916	0.01489	0.01956	0.01435	0.05508	0.01163	0.00730	0.00755	0.00236	0.00998	0.00766	0.00343	0.00828
45	0.01485	0.00841	0.01009	0.00903	0.01205	0.00727	0.00709	0.01720	0.01772	0.20771	0.17724	0.05311	0.37830	0.01467	0.00796	0.00230	0.00424	0.03582	0.00728	0.00765
46	0.00850	0.00607	0.00810	0.00972	0.01012	0.00567	0.00648	0.00972	0.01336	0.01781	0.03846	0.75020	0.04615	0.02186	0.00891	0.00283	0.00405	0.01984	0.00648	0.00567
47	0.01013	0.00805	0.00957	0.03120	0.01239	0.00768	0.00750	0.01420	0.07379	0.02301	0.27238	0.05897	0.31866	0.01577	0.00831	0.00243	0.00422	0.10825	0.00682	0.00668
48	0.01615	0.01543	0.02469	0.33381	0.38613	0.03770	0.02002	0.04435	0.01581	0.02130	0.01288	0.01767	0.01028	0.00665	0.00692	0.00217	0.00882	0.00616	0.00344	0.00960
49	0.01168	0.00797	0.01237	0.14870	0.01802	0.00868	0.03061	0.01251	0.01170	0.01629	0.01787	0.11891	0.01752	0.02352	0.14156	0.30336	0.00856	0.00828	0.07652	0.00537
50	0.01736	0.01499	0.01578	0.01420	0.01815	0.01736	0.01105	0.03708	0.69862	0.02919	0.02840	0.02604	0.02130	0.00947	0.00710	0.00237	0.00552	0.00789	0.00710	0.01105
51	0.01877	0.01510	0.01719	0.01286	0.01845	0.01442	0.01047	0.25374	0.02069	0.02984	0.01373	0.01533	0.01080	0.00675	0.00694	0.00154	0.05294	0.00502	0.00507	0.47036
52	0.00874	0.00624	0.00837	0.00999	0.01050	0.00588	0.00690	0.01013	0.01360	0.01808	0.03833	0.69136	0.04563	0.02164	0.00897	0.00287	0.00426	0.07630	0.00647	0.00573
53	0.01425	0.03211	0.58397	0.07915	0.06100	0.01627	0.07320	0.02175	0.01485	0.02181	0.01266	0.01545	0.00910	0.00659	0.00679	0.00222	0.01025	0.00551	0.00302	0.01007
54	0.01400	0.03610	0.71860	0.01989	0.03020	0.01621	0.02578	0.02210	0.01473	0.02210	0.01252	0.01473	0.00884	0.00663	0.00663	0.00221	0.01031	0.00516	0.00295	0.01031
55	0.80405	0.01350	0.01026	0.00918	0.01350	0.01565	0.00756	0.02051	0.01188	0.03131	0.00972	0.01134	0.00756	0.00648	0.00432	0.00216	0.00540	0.00378	0.00432	0.00756
56	0.01008	0.00678	0.00759	0.00759	0.00768	0.00673	0.00427	0.01014	0.01037	0.01373	0.02383	0.04648	0.05124	0.72684	0.03448	0.00660	0.00664	0.01032	0.00431	0.00429
57	0.01519	0.01458	0.01851	0.01572	0.01763	0.06375	0.03228	0.04533	0.01310	0.01890	0.01237	0.01786	0.01134	0.01945	0.17576	0.00443	0.36663	0.00608	0.00359	0.12753
58	0.00849	0.00611	0.00806	0.00961	0.01009	0.00568	0.00643	0.00973	0.01346	0.01785	0.03970	0.72393	0.07163	0.02170	0.00888	0.00282	0.00403	0.01964	0.00648	0.00568
59	0.01527	0.01527	0.02137	0.01832	0.01832	0.02137	0.01527	0.01679	0.01069	0.01679	0.00916	0.01527	0.00916	0.01221	0.02290	0.00305	0.74198	0.00611	0.00305	0.00763
60	0.00850	0.00607	0.00810	0.00972	0.01012	0.00567	0.00648	0.00972	0.01336	0.01781	0.03846	0.75020	0.04615	0.02186	0.00891	0.00283	0.00405	0.01984	0.00648	0.00567
61	0.01114	0.00856	0.00912	0.00890	0.01133	0.00831	0.00687	0.03586	0.11556	0.02266	0.07621	0.07528	0.38650	0.01490	0.00767	0.00232	0.00414	0.06363	0.12407	0.00697
62	0.02659	0.01871	0.02034	0.01567	0.02118	0.02050	0.01292	0.60720	0.05671	0.10130	0.01812	0.01771	0.01269	0.00844	0.00699	0.00211	0.00745	0.00641	0.00713	0.01184
63	0.02653	0.01955	0.02094	0.01606	0.02164	0.02164	0.01326	0.68796	0.03281	0.04398	0.01675	0.01675	0.01187	0.00838	0.00698	0.00209	0.00768	0.00628	0.00698	0.01187
64	0.01579	0.01276	0.01390	0.01257	0.01602	0.01408	0.00981	0.05462	0.45002	0.04940	0.13428	0.03599	0.10447	0.01138	0.00748	0.00235	0.00510	0.03314	0.00714	0.00970
65	0.00999	0.00728	0.00866	0.00822	0.01029	0.00644	0.00620	0.01264	0.01820	0.04900	0.42537	0.05719	0.32416	0.01544	0.00819	0.00226	0.00349	0.01327	0.00723	0.00649
66	0.03116	0.01211	0.01634	0.01253	0.01793	0.01061	0.01035	0.05433	0.02037	0.69518	0.02720	0.02353	0.01711	0.00863	0.00702	0.00216	0.00599	0.00699	0.00859	0.01188
67	0.80405	0.01350	0.01026	0.00918	0.01350	0.01565	0.00756	0.02051	0.01188	0.03131	0.00972	0.01134	0.00756	0.00648	0.00432	0.00216	0.00540	0.00378	0.00432	0.00756
68	0.03951	0.01092	0.01250	0.01146	0.01438	0.01136	0.00891	0.10205	0.17646	0.08184	0.17172	0.15376	0.10579	0.01366	0.00780	0.00241	0.00497	0.05497	0.00703	0.00848
69	0.01077	0.00752	0.00967	0.00947	0.01118	0.00708	0.00712	0.01433	0.04714	0.05072	0.47698	0.16744	0.08340	0.01555	0.00834	0.00237	0.00381	0.05296	0.00737	0.00678
70	0.02653	0.01955	0.02094	0.01606	0.02164	0.02164	0.01326	0.68796	0.03281	0.04398	0.01675	0.01675	0.01187	0.00838	0.00698	0.00209	0.00768	0.00628	0.00698	0.01187
71	0.01736	0.01499	0.01578	0.01420	0.01815	0.01736	0.01105	0.03708	0.69862	0.02919	0.02840	0.02604	0.02130	0.00947	0.00710	0.00237	0.00552	0.00789	0.00710	0.01105
72	0.00943	0.00682	0.00868	0.00959	0.01047	0.00646	0.00660	0.03594	0.01505	0.02018	0.13536	0.55657	0.08532	0.04667	0.00967	0.00283	0.00415	0.01764	0.00659	0.00600
73	0.00937	0.00729	0.00865	0.00898	0.01092	0.00657	0.00711	0.01182	0.01672	0.02139	0.20547	0.09139	0.37339	0.01745	0.00861	0.00255	0.00421	0.17520	0.00674	0.00617
74	0.01736	0.01499	0.01578	0.01420	0.01815	0.01736	0.01105	0.03708	0.69862	0.02919	0.02840	0.02604	0.02130	0.00947	0.00710	0.00237	0.00552	0.00789	0.00710	0.01105
75	0.03074	0.01200	0.01618	0.01249	0.01783	0.01055	0.01029	0.03413	0.04788	0.68782	0.02757	0.02385	0.01744	0.00867	0.00702	0.00217	0.00592	0.00705	0.00857	0.01184
76	0.01447	0.01240	0.01447	0.01034	0.01654	0.00930	0.00827	0.01757	0.01447	0.02274	0.01240	0.01447	0.01034	0.00517	0.00517	0.00103	0.00517	0.00413	0.00413	0.79742
77	0.01004	0.00757	0.00957	0.01028	0.01214	0.00709	0.00852	0.01280	0.01664	0.02144	0.16273	0.07042	0.26084	0.01790	0.00895	0.00276	0.00495	0.34242	0.00666	0.00628
78	0.01866	0.75896	0.03657	0.01194	0.01791	0.02761	0.01194	0.02090	0.01418	0.01642	0.00970	0.01119	0.00896	0.00597	0.00448	0.00149	0.00746	0.00373	0.00299	0.00896
79	0.01103	0.00792	0.01097	0.01252	0.01410	0.00786	0.01084	0.01411	0.01595	0.02069	0.03822	0.10550	0.06440	0.01932	0.00956	0.00317	0.00623	0.61482	0.00643	0.00638
80	0.00911	0.00710	0.00826	0.00797	0.00995	0.00626	0.00598	0.01168	0.01794	0.02368	0.40717	0.05922	0.36890	0.01587	0.00824	0.00227	0.00341	0.01361	0.00712	0.00626
81	0.01727	0.01658	0.02832	0.04283	0.71123	0.01658	0.02142	0.02142	0.01589	0.02280	0.01313	0.01727	0.01105	0.00622	0.00691	0.00207	0.00829	0.00622	0.00345	0.01105
82	0.01736	0.01499	0.01578	0.01420	0.01815	0.01736	0.01105	0.03708	0.69862	0.02919	0.02840	0.02604	0.02130	0.00947	0.00710	0.00237	0.00552	0.00789	0.00710	0.01105
83	0.01318	0.01240	0.02093	0.73798	0.04806	0.01550	0.01938	0.01783	0.01395	0.01783	0.01240	0.01860	0.00930	0.00698	0.00698	0.00233	0.00930	0.00620	0.00310	0.00775
84	0.00850	0.00607	0.00810	0.00972	0.01012	0.00567	0.00648	0.00972	0.01336	0.01781	0.03846	0.75020	0.04615	0.02186	0.00891	0.00283	0.00405	0.01984	0.00648	0.00567
85	0.01124	0.00803	0.01124	0.01285	0.01446	0.00803	0.01124	0.01446	0.01606	0.02088	0.03695	0.07871	0.04016	0.01928	0.00964	0.00321	0.00643	0.66426	0.00643	0.00643
86	0.00864	0.00617	0.00825	0.00987	0.01034	0.00579	0.00671	0.00995	0.01349	0.01797	0.03839	0.71680	0.04586	0.02173	0.00894	0.00285	0.00417	0.05189	0.00648	0.00571
87	0.01647	0.01882	0.04118	0.02941	0.03647	0.01765	0.68588	0.02235	0.01647	0.02235	0.01412	0.01882	0.01059	0.00588	0.00824	0.00235	0.01176	0.00824	0.00353	0.00941
88	0.01404	0.01394	0.02556	0.56016	0.06982	0.01600	0.16282	0.01893	0.01457	0.01898	0.01280	0.01860	0.00964	0.00671	0.00724	0.00232	0.00979	0.00664	0.00321	0.00823
89	0.11940	0.05430	0.56252	0.01795	0.02699	0.03697	0.02212	0.02238	0.01464	0.04413	0.01247	0.01439	0.00894	0.00667	0.00626	0.00217	0.00951	0.00497	0.00332	0.00989
90	0.02581	0.01830	0.02007	0.03656	0.02167	0.02002	0.01292	0.59426	0.03067	0.09226	0.01945	0.01922	0.03835	0.00870	0.00703	0.00212	0.00744	0.00665	0.00697	0.01152

[dist]
# distance from previous block
# <min> <max>
0	2

[block]
# block no. 2 follows, 30 sequences, length 14
# corresponding to MSA columns:
# 301-314
name=unknown_C
#
# <colnr> <probs for GDERKNQSTAVLIFYWHMCP>
#	G	D	E	R	K	N	Q	S	T	A	V	L	I	F	Y	W	H	M	C	P
0	0.06287	0.05782	0.01387	0.01077	0.01430	0.01095	0.00868	0.04890	0.07683	0.22276	0.23379	0.06107	0.10538	0.01181	0.00734	0.00222	0.00495	0.02971	0.00718	0.00878
1	0.51808	0.01358	0.01533	0.20786	0.06031	0.01574	0.03895	0.01991	0.01283	0.02687	0.01080	0.01391	0.00833	0.00657	0.00533	0.00221	0.00686	0.00474	0.00391	0.00787
2	0.04179	0.01530	0.01500	0.06352	0.01875	0.11532	0.01095	0.14412	0.12923	0.06968	0.03113	0.07765	0.14295	0.01192	0.00746	0.00233	0.00687	0.08123	0.00609	0.00874
3	0.00997	0.00748	0.01121	0.01121	0.01246	0.00872	0.00872	0.01246	0.01121	0.01620	0.01869	0.02741	0.01745	0.05234	0.72710	0.01121	0.01869	0.00748	0.00374	0.00623
4	0.01575	0.01517	0.02625	0.29366	0.43983	0.01624	0.05172	0.02016	0.01522	0.02098	0.01291	0.01783	0.01040	0.00648	0.00700	0.00218	0.00882	0.00631	0.00333	0.00978
5	0.08045	0.03056	0.01899	0.01713	0.02087	0.61899	0.01296	0.05473	0.04740	0.01967	0.01167	0.01321	0.00951	0.00728	0.00621	0.00186	0.01159	0.00466	0.00393	0.00833
6	0.80405	0.01350	0.01026	0.00918	0.01350	0.01565	0.00756	0.02051	0.01188	0.03131	0.00972	0.01134	0.00756	0.00648	0.00432	0.00216	0.00540	0.00378	0.00432	0.00756
7	0.00976	0.00660	0.00772	0.00810	0.00820	0.00651	0.00475	0.01005	0.01090	0.01453	0.02583	0.20980	0.03021	0.58401	0.02932	0.00585	0.00613	0.01241	0.00475	0.00456
8	0.01527	0.01527	0.02137	0.01832	0.01832	0.02137	0.01527	0.01679	0.01069	0.01679	0.00916	0.01527	0.00916	0.01221	0.02290	0.00305	0.74198	0.00611	0.00305	0.00763
9	0.01301	0.00650	0.00650	0.00650	0.00813	0.00650	0.00488	0.01626	0.01463	0.02602	0.02276	0.02602	0.01789	0.00813	0.00488	0.00163	0.00325	0.00650	0.79350	0.00650
10	0.18311	0.01239	0.01499	0.01189	0.01698	0.01177	0.00977	0.03154	0.06153	0.53707	0.02407	0.02144	0.01561	0.00826	0.00649	0.00217	0.00580	0.00643	0.00769	0.01097
11	0.00997	0.00748	0.01121	0.01121	0.01246	0.00872	0.00872	0.01246	0.01121	0.01620	0.01869	0.02741	0.01745	0.05234	0.72710	0.01121	0.01869	0.00748	0.00374	0.00623
12	0.01671	0.01816	0.03740	0.03336	0.23500	0.01733	0.49038	0.02208	0.01630	0.02248	0.01383	0.01837	0.01073	0.00598	0.00784	0.00227	0.01074	0.00764	0.00351	0.00989
13	0.00988	0.00713	0.00933	0.00878	0.01043	0.00658	0.00658	0.01317	0.01975	0.02798	0.70754	0.05213	0.06584	0.01427	0.00823	0.00219	0.00329	0.01262	0.00768	0.00658

[dist]
# distance from previous block
# <min> <max>
0	1

[block]
# block no. 3 follows, 30 sequences, length 12
# corresponding to MSA columns:
# 316-327
name=unknown_D
#
# <colnr> <probs for GDERKNQSTAVLIFYWHMCP>
