[name]
unknown

[dist]
# distance from previous block
# <min> <max>
0	33

[block]
# block no. 0 follows, 28 sequences, length 17
# corresponding to MSA columns:
# 33-49
name=unknown_A
#
# <colnr> <probs for GDERKNQSTAVLIFYWHMCP>
#	G	D	E	R	K	N	Q	S	T	A	V	L	I	F	Y	W	H	M	C	P
0	0.01171	0.00837	0.01171	0.01339	0.01506	0.00837	0.01171	0.01506	0.01673	0.02175	0.03849	0.08199	0.04183	0.02008	0.01004	0.00335	0.00669	0.65027	0.00669	0.00669
1	0.11236	0.01154	0.01418	0.01170	0.01598	0.01101	0.00940	0.02823	0.08433	0.37873	0.20773	0.03152	0.03099	0.01042	0.00734	0.00228	0.00533	0.00860	0.00806	0.01028
2	0.00933	0.00752	0.00820	0.00838	0.01038	0.00670	0.00616	0.01176	0.03732	0.02039	0.11707	0.15201	0.46794	0.06546	0.01054	0.00284	0.00413	0.04091	0.00672	0.00625
3	0.01041	0.00725	0.00920	0.00930	0.00976	0.00766	0.00610	0.01134	0.01114	0.01528	0.02278	0.08221	0.02497	0.47306	0.26040	0.00834	0.01100	0.01025	0.00437	0.00518
4	0.01482	0.01367	0.02242	0.63395	0.10051	0.01659	0.02001	0.05446	0.01576	0.02046	0.01323	0.01916	0.00998	0.00728	0.00726	0.00239	0.00951	0.00647	0.00348	0.00858
5	0.02637	0.02069	0.02274	0.02040	0.10913	0.05701	0.01491	0.55867	0.03123	0.04157	0.01665	0.01730	0.01210	0.00838	0.00723	0.00216	0.00834	0.00644	0.00662	0.01205
6	0.00902	0.00663	0.00815	0.00928	0.01006	0.00610	0.00620	0.01024	0.01402	0.01820	0.04463	0.51620	0.17594	0.11426	0.01269	0.00338	0.00447	0.01830	0.00645	0.00576
7	0.07307	0.01451	0.02203	0.25559	0.16703	0.03896	0.08511	0.03630	0.05023	0.02219	0.01795	0.11233	0.01653	0.04650	0.00893	0.00264	0.00848	0.00856	0.00429	0.00877
8	0.02101	0.01822	0.06280	0.02618	0.27023	0.04247	0.01658	0.09041	0.22580	0.11892	0.02083	0.02133	0.01555	0.00813	0.00724	0.00227	0.00764	0.00700	0.00581	0.01155
9	0.01186	0.00726	0.00935	0.01005	0.01146	0.00655	0.00706	0.01341	0.01521	0.10647	0.04381	0.54456	0.14460	0.02033	0.00892	0.00279	0.00439	0.01813	0.00704	0.00677
10	0.01346	0.00886	0.00990	0.00922	0.01217	0.00798	0.00705	0.01718	0.07883	0.13266	0.07785	0.10985	0.45498	0.01632	0.00832	0.00246	0.00432	0.01372	0.00721	0.00765
11	0.01941	0.01780	0.11438	0.13711	0.04507	0.01638	0.01547	0.17218	0.11370	0.10632	0.02144	0.11206	0.01790	0.01036	0.00835	0.00244	0.04510	0.00849	0.00583	0.01021
12	0.01902	0.01652	0.02066	0.19468	0.20532	0.11405	0.01593	0.04498	0.04001	0.10901	0.02332	0.06153	0.08500	0.00941	0.00740	0.00228	0.00835	0.00804	0.00496	0.00953
13	0.02289	0.11614	0.02213	0.01586	0.02087	0.24270	0.03307	0.18530	0.08760	0.02716	0.01525	0.01639	0.01196	0.00757	0.00642	0.00187	0.00898	0.00554	0.03537	0.11695
14	0.01935	0.01964	0.02171	0.08058	0.09386	0.17045	0.04642	0.08381	0.01742	0.02275	0.01277	0.01640	0.01062	0.00829	0.01058	0.00216	0.17592	0.00579	0.03304	0.14845
15	0.01915	0.01907	0.04862	0.15312	0.14282	0.11259	0.04790	0.13436	0.13143	0.02632	0.01874	0.07971	0.01577	0.00908	0.00740	0.00231	0.00874	0.00778	0.00505	0.01001
16	0.01806	0.01736	0.02433	0.05545	0.25215	0.08038	0.09990	0.09810	0.05781	0.02454	0.01988	0.08722	0.04266	0.04090	0.00972	0.00255	0.04604	0.00850	0.00469	0.00976

[dist]
# distance from previous block
# <min> <max>
12	59

[block]
# block no. 1 follows, 28 sequences, length 24
# corresponding to MSA columns:
# 115-138
name=unknown_B
#
# <colnr> <probs for GDERKNQSTAVLIFYWHMCP>
#	G	D	E	R	K	N	Q	S	T	A	V	L	I	F	Y	W	H	M	C	P
0	0.09952	0.00995	0.01204	0.03076	0.01466	0.00981	0.00852	0.03911	0.03562	0.17282	0.09597	0.18557	0.05991	0.03330	0.07004	0.00327	0.00639	0.01077	0.06048	0.04149
1	0.02040	0.01526	0.02016	0.01497	0.02104	0.01400	0.09321	0.16592	0.04905	0.11950	0.03803	0.01917	0.01438	0.00717	0.00664	0.00174	0.00688	0.00617	0.00575	0.36054
2	0.11564	0.01508	0.01669	0.03781	0.16522	0.10774	0.01190	0.01957	0.03385	0.04875	0.01860	0.09702	0.01846	0.18718	0.01500	0.00344	0.04522	0.00835	0.00456	0.02991
3	0.01717	0.01687	0.02013	0.09977	0.02313	0.10696	0.07574	0.04377	0.16206	0.02154	0.01757	0.02398	0.01534	0.12982	0.01576	0.00324	0.16583	0.00742	0.00459	0.02929
4	0.49904	0.01738	0.01222	0.01111	0.01499	0.16803	0.00877	0.02232	0.01465	0.02846	0.01259	0.01460	0.00996	0.00719	0.00504	0.00208	0.00690	0.00457	0.13229	0.00781
5	0.01507	0.01292	0.01507	0.01077	0.01723	0.00969	0.00861	0.01830	0.01507	0.02369	0.01292	0.01507	0.01077	0.00538	0.00538	0.00108	0.00538	0.00431	0.00431	0.78898
6	0.00923	0.00648	0.00832	0.00964	0.00997	0.00615	0.00623	0.01022	0.01318	0.01758	0.03630	0.58800	0.04333	0.18104	0.01536	0.00385	0.00484	0.01845	0.00623	0.00558
7	0.01431	0.00997	0.01097	0.00986	0.01113	0.01045	0.00647	0.15626	0.01575	0.02105	0.02171	0.04096	0.02334	0.58319	0.03048	0.00598	0.00726	0.00969	0.00503	0.00615
8	0.01022	0.00777	0.00989	0.01026	0.01201	0.00673	0.00716	0.01192	0.01417	0.01968	0.03411	0.58087	0.03990	0.01896	0.00842	0.00254	0.00447	0.01708	0.00621	0.17762
9	0.02487	0.01811	0.01958	0.01563	0.02077	0.02002	0.01265	0.44657	0.19570	0.08366	0.02145	0.02158	0.01577	0.03910	0.00852	0.00246	0.00728	0.00718	0.00730	0.01182
10	0.01906	0.01460	0.01602	0.05481	0.01870	0.04358	0.01093	0.32309	0.02326	0.03092	0.02340	0.20023	0.02295	0.09809	0.04409	0.00336	0.00768	0.01048	0.02571	0.00904
11	0.01783	0.01455	0.01655	0.01207	0.01839	0.01251	0.00975	0.16230	0.01926	0.02854	0.01391	0.01559	0.01112	0.00612	0.00580	0.00132	0.00596	0.00480	0.00496	0.61868
12	0.01507	0.01292	0.01507	0.01077	0.01723	0.00969	0.00861	0.01830	0.01507	0.02369	0.01292	0.01507	0.01077	0.00538	0.00538	0.00108	0.00538	0.00431	0.00431	0.78898
13	0.01195	0.00639	0.00880	0.00917	0.00954	0.00630	0.00621	0.01084	0.01139	0.01630	0.02046	0.18030	0.02138	0.02196	0.02039	0.48724	0.00537	0.00954	0.13212	0.00435
14	0.01727	0.01659	0.02716	0.03769	0.52091	0.01799	0.02045	0.02094	0.01537	0.02229	0.01382	0.02026	0.01237	0.00843	0.01097	0.00243	0.16701	0.03388	0.00364	0.01053
15	0.01022	0.00777	0.00989	0.01026	0.01201	0.00673	0.00716	0.01192	0.01417	0.01968	0.03411	0.58087	0.03990	0.01896	0.00842	0.00254	0.00447	0.01708	0.00621	0.17762
16	0.02307	0.01695	0.01856	0.01512	0.01963	0.01850	0.01210	0.51335	0.02925	0.03919	0.02295	0.19304	0.02104	0.01214	0.00776	0.00237	0.00708	0.00998	0.00714	0.01079
17	0.01688	0.01880	0.03837	0.02810	0.03384	0.01923	0.52875	0.02201	0.01584	0.02201	0.01357	0.01880	0.01070	0.00757	0.01193	0.00261	0.16992	0.00809	0.00357	0.00940
18	0.02684	0.01974	0.02117	0.01631	0.02186	0.02182	0.01338	0.64399	0.03308	0.04433	0.01771	0.01886	0.01302	0.04302	0.00866	0.00241	0.00795	0.00673	0.00714	0.01199
19	0.03161	0.01260	0.01684	0.01306	0.01858	0.01120	0.01074	0.03565	0.06682	0.65762	0.02874	0.02491	0.01828	0.00906	0.00732	0.00226	0.00616	0.00737	0.00889	0.01231
20	0.01871	0.01693	0.01672	0.01506	0.01915	0.06631	0.01168	0.03796	0.64004	0.02953	0.02832	0.02615	0.02130	0.00970	0.00734	0.00242	0.00626	0.00797	0.00714	0.01129
21	0.01713	0.01414	0.01618	0.01174	0.01810	0.01180	0.00947	0.12597	0.01821	0.02731	0.01366	0.01546	0.01103	0.00593	0.00569	0.00126	0.00581	0.00467	0.00479	0.66164
22	0.00929	0.00651	0.00831	0.00956	0.00988	0.00620	0.00615	0.01024	0.01306	0.01742	0.03569	0.56336	0.04256	0.20674	0.01634	0.00400	0.00494	0.01809	0.00615	0.00552
23	0.01229	0.01024	0.01343	0.01272	0.01328	0.03019	0.00959	0.01357	0.01164	0.01639	0.01915	0.10336	0.02029	0.18852	0.25160	0.05138	0.20285	0.00921	0.00407	0.00622

[dist]
# distance from previous block
# <min> <max>
5	11

[block]
# block no. 2 follows, 28 sequences, length 8
# corresponding to MSA columns:
# 150-157
name=unknown_C
#
# <colnr> <probs for GDERKNQSTAVLIFYWHMCP>
#	G	D	E	R	K	N	Q	S	T	A	V	L	I	F	Y	W	H	M	C	P
0	0.00990	0.00725	0.00909	0.00894	0.01044	0.00665	0.00647	0.01255	0.01836	0.02527	0.47239	0.14559	0.14554	0.07590	0.01099	0.00278	0.00386	0.01421	0.00738	0.00644
1	0.01810	0.02596	0.25620	0.05482	0.05520	0.10884	0.11085	0.11077	0.01839	0.02446	0.01561	0.07636	0.01328	0.00892	0.00877	0.00238	0.06979	0.00734	0.00416	0.00980
2	0.02566	0.01211	0.01561	0.01244	0.01729	0.01082	0.00999	0.08770	0.02042	0.43290	0.06393	0.11815	0.02331	0.01065	0.00740	0.00219	0.00584	0.00894	0.00791	0.10675
3	0.01124	0.00790	0.00945	0.01000	0.01118	0.00774	0.00693	0.07538	0.01586	0.02151	0.03757	0.47482	0.09686	0.09977	0.01174	0.00318	0.00478	0.01655	0.07107	0.00646
4	0.02012	0.08711	0.02370	0.09954	0.05512	0.24128	0.09991	0.10117	0.01975	0.02319	0.07126	0.08927	0.01867	0.00936	0.00727	0.00217	0.00966	0.00787	0.00468	0.00889
5	0.01231	0.00912	0.01092	0.01060	0.01254	0.00869	0.00751	0.09467	0.01647	0.02245	0.05724	0.41031	0.05677	0.11950	0.01235	0.00314	0.00519	0.01489	0.00621	0.10909
6	0.01497	0.05943	0.07735	0.11787	0.02480	0.08444	0.10243	0.01854	0.01554	0.02050	0.02002	0.20758	0.02016	0.01074	0.00732	0.00216	0.00800	0.00962	0.00448	0.17404
7	0.01163	0.01050	0.01156	0.12999	0.01780	0.07678	0.00913	0.01350	0.01478	0.01811	0.03752	0.31213	0.17271	0.11596	0.01230	0.00321	0.00627	0.01423	0.00555	0.00636

[dist]
# distance from previous block
# <min> <max>
15	36

[block]
# block no. 3 follows, 28 sequences, length 123
# corresponding to MSA columns:
# 200-322
name=unknown_D
#
# <colnr> <probs for GDERKNQSTAVLIFYWHMCP>
#	G	D	E	R	K	N	Q	S	T	A	V	L	I	F	Y	W	H	M	C	P
0	0.13565	0.06850	0.09785	0.04354	0.11371	0.04525	0.01456	0.16347	0.01970	0.05526	0.06612	0.05218	0.04254	0.00925	0.00758	0.00225	0.04043	0.00720	0.00520	0.00976
1	0.05399	0.01850	0.10871	0.07451	0.10254	0.01645	0.13359	0.12667	0.04857	0.08005	0.09034	0.02239	0.01807	0.00836	0.00806	0.00229	0.03664	0.00740	0.00522	0.03766
2	0.11135	0.04211	0.17854	0.04274	0.02050	0.04099	0.01375	0.04981	0.06353	0.07387	0.05049	0.17640	0.02196	0.01103	0.00709	0.00230	0.00709	0.00915	0.00531	0.07197
3	0.13556	0.12138	0.04437	0.12582	0.02304	0.11578	0.01297	0.05128	0.01681	0.12047	0.04062	0.06768	0.01566	0.01069	0.03336	0.00256	0.04131	0.00681	0.00491	0.00892
4	0.22911	0.10444	0.12524	0.07653	0.06733	0.01605	0.01366	0.01973	0.01520	0.02551	0.13413	0.02146	0.01983	0.00837	0.00699	0.00215	0.03980	0.00633	0.00449	0.06365
5	0.37221	0.04748	0.18690	0.01493	0.04182	0.01729	0.01432	0.06955	0.04605	0.07844	0.01369	0.01508	0.01014	0.00744	0.00650	0.00228	0.03656	0.00509	0.00467	0.00957
6	0.04677	0.00757	0.00929	0.00946	0.01098	0.00708	0.00672	0.01333	0.01591	0.06847	0.20521	0.30852	0.13487	0.07679	0.01166	0.03467	0.00446	0.01497	0.00678	0.00648
7	0.03991	0.00954	0.01260	0.11811	0.03802	0.00995	0.00966	0.06455	0.01741	0.02411	0.23824	0.14961	0.07915	0.09224	0.01205	0.03369	0.00569	0.03233	0.00609	0.00704
8	0.01754	0.32855	0.17769	0.02198	0.16359	0.02279	0.01814	0.02148	0.01470	0.01982	0.01139	0.01444	0.00979	0.00744	0.00867	0.00210	0.12166	0.00513	0.00321	0.00987
9	0.12542	0.10081	0.02175	0.01515	0.02070	0.02206	0.01270	0.46391	0.08366	0.03960	0.01669	0.01688	0.01226	0.00828	0.00663	0.00214	0.00748	0.00605	0.00646	0.01137
10	0.01056	0.00708	0.00809	0.00809	0.00815	0.00714	0.00461	0.01068	0.01062	0.01422	0.02275	0.04674	0.02607	0.71456	0.06649	0.00725	0.00759	0.01045	0.00438	0.00450
11	0.00983	0.00712	0.00930	0.00954	0.01087	0.00659	0.00695	0.01251	0.01819	0.02518	0.44142	0.27088	0.08571	0.01767	0.00885	0.00254	0.00381	0.03901	0.00751	0.00653
12	0.02715	0.03464	0.02060	0.01873	0.02247	0.71536	0.01404	0.02903	0.02060	0.01779	0.01124	0.01311	0.00936	0.00749	0.00655	0.00187	0.01311	0.00468	0.00375	0.00843
13	0.01032	0.00677	0.00906	0.01007	0.01091	0.00629	0.00692	0.01180	0.01507	0.05110	0.14000	0.56984	0.04835	0.02103	0.00991	0.03689	0.00428	0.01827	0.00689	0.00623
14	0.01507	0.01292	0.01507	0.01077	0.01723	0.00969	0.00861	0.01830	0.01507	0.02369	0.01292	0.01507	0.01077	0.00538	0.00538	0.00108	0.00538	0.00431	0.00431	0.78898
15	0.02715	0.03464	0.02060	0.01873	0.02247	0.71536	0.01404	0.02903	0.02060	0.01779	0.01124	0.01311	0.00936	0.00749	0.00655	0.00187	0.01311	0.00468	0.00375	0.00843
16	0.01027	0.00716	0.00887	0.00972	0.01023	0.00701	0.00641	0.03134	0.01348	0.01794	0.03283	0.41597	0.03846	0.29235	0.01964	0.00449	0.00555	0.05681	0.00588	0.00559
17	0.00873	0.00737	0.00755	0.00751	0.00990	0.00619	0.00563	0.01070	0.01689	0.02040	0.12353	0.06870	0.64588	0.01812	0.00859	0.00244	0.00366	0.01517	0.00685	0.00619
18	0.02763	0.02036	0.02182	0.01672	0.02254	0.02254	0.01382	0.67496	0.03418	0.04581	0.01745	0.01745	0.01236	0.00873	0.00727	0.00218	0.00800	0.00654	0.00727	0.01236
19	0.01041	0.00744	0.00946	0.01049	0.01153	0.00721	0.00792	0.01222	0.01443	0.01873	0.03870	0.21583	0.11520	0.21675	0.01701	0.00416	0.00589	0.26470	0.00609	0.00584
20	0.02765	0.01792	0.02001	0.01561	0.02117	0.01923	0.01281	0.44888	0.10945	0.19791	0.02154	0.02032	0.01486	0.00893	0.00730	0.00223	0.00730	0.00692	0.00769	0.01226
21	0.01373	0.01292	0.02180	0.72707	0.05006	0.01615	0.02019	0.01857	0.01453	0.01857	0.01292	0.01938	0.00969	0.00727	0.00727	0.00242	0.00969	0.00646	0.00323	0.00807
22	0.00956	0.00683	0.00925	0.01093	0.01166	0.00651	0.00798	0.01135	0.01462	0.01935	0.03967	0.57667	0.04653	0.02211	0.00947	0.00305	0.00483	0.17680	0.00673	0.00610
23	0.01100	0.00758	0.00918	0.00891	0.01097	0.00672	0.00663	0.01350	0.01816	0.07066	0.32894	0.16042	0.28662	0.01691	0.00860	0.00244	0.00383	0.01465	0.00743	0.00684
24	0.02763	0.02036	0.02182	0.01672	0.02254	0.02254	0.01382	0.67496	0.03418	0.04581	0.01745	0.01745	0.01236	0.00873	0.00727	0.00218	0.00800	0.00654	0.00727	0.01236
25	0.79588	0.01406	0.01068	0.00956	0.01406	0.01631	0.00787	0.02137	0.01237	0.03261	0.01012	0.01181	0.00787	0.00675	0.00450	0.00225	0.00562	0.00394	0.00450	0.00787
26	0.01507	0.01292	0.01507	0.01077	0.01723	0.00969	0.00861	0.01830	0.01507	0.02369	0.01292	0.01507	0.01077	0.00538	0.00538	0.00108	0.00538	0.00431	0.00431	0.78898
27	0.01135	0.00734	0.00931	0.00927	0.01040	0.00690	0.00636	0.01322	0.01606	0.06257	0.29916	0.22134	0.04835	0.22601	0.01684	0.00382	0.00483	0.01393	0.00672	0.00625
28	0.00880	0.00654	0.00822	0.00956	0.01039	0.00595	0.00650	0.01019	0.01446	0.01878	0.04694	0.60265	0.18078	0.02188	0.00914	0.00285	0.00411	0.01957	0.00675	0.00595
29	0.42423	0.01230	0.01252	0.01065	0.01482	0.01291	0.00855	0.02413	0.01469	0.24964	0.01659	0.01764	0.01193	0.01036	0.00913	0.12421	0.00591	0.00541	0.00576	0.00862
30	0.01263	0.00631	0.00947	0.00947	0.00947	0.00631	0.00631	0.00947	0.00947	0.01263	0.01263	0.02210	0.01263	0.02525	0.02841	0.78851	0.00631	0.00631	0.00316	0.00316
31	0.01171	0.00837	0.01171	0.01339	0.01506	0.00837	0.01171	0.01506	0.01673	0.02175	0.03849	0.08199	0.04183	0.02008	0.01004	0.00335	0.00669	0.65027	0.00669	0.00669
32	0.00859	0.00736	0.00736	0.00736	0.00982	0.00614	0.00552	0.01043	0.01657	0.01964	0.07364	0.06996	0.69624	0.01841	0.00859	0.00245	0.00368	0.01534	0.00675	0.00614
33	0.01567	0.01150	0.01319	0.01184	0.01489	0.01184	0.00929	0.17113	0.09927	0.05247	0.21665	0.12432	0.14270	0.01449	0.00828	0.00246	0.00523	0.05877	0.00736	0.00863
34	0.02374	0.02909	0.02267	0.01971	0.02284	0.49917	0.06418	0.02587	0.01810	0.01813	0.01110	0.01426	0.00953	0.00862	0.01079	0.00223	0.18256	0.00537	0.00361	0.00842
35	0.04762	0.25830	0.47038	0.01769	0.02677	0.02056	0.02160	0.02256	0.01505	0.02156	0.01201	0.01406	0.00919	0.00669	0.00611	0.00207	0.00961	0.00485	0.00314	0.01019
36	0.01182	0.00804	0.01145	0.04115	0.01502	0.00816	0.01061	0.01382	0.01497	0.01954	0.03214	0.09216	0.03477	0.04408	0.01423	0.15135	0.00666	0.45825	0.00582	0.00598
37	0.01038	0.00779	0.01168	0.01168	0.01298	0.00909	0.00909	0.01298	0.01168	0.01687	0.01947	0.02856	0.01817	0.05452	0.71573	0.01168	0.01947	0.00779	0.00389	0.00649
38	0.07462	0.01387	0.01504	0.01344	0.01688	0.01524	0.01037	0.23765	0.19065	0.03158	0.02777	0.26796	0.02681	0.01370	0.00779	0.00252	0.00596	0.01164	0.00692	0.00960
39	0.02018	0.01528	0.01721	0.01329	0.01869	0.01490	0.01068	0.27830	0.05189	0.05590	0.01769	0.04756	0.01448	0.03400	0.03834	0.00235	0.00708	0.00648	0.00586	0.32983
40	0.03261	0.01237	0.01687	0.01293	0.01856	0.01068	0.01068	0.03543	0.02081	0.70423	0.02868	0.02474	0.01799	0.00900	0.00731	0.00225	0.00619	0.00731	0.00900	0.01237
41	0.01055	0.00721	0.00853	0.00891	0.00929	0.00713	0.00574	0.01123	0.01199	0.01581	0.02847	0.10307	0.05590	0.55353	0.02978	0.00601	0.00666	0.11026	0.00501	0.00493
42	0.04567	0.00761	0.00952	0.00919	0.01093	0.00715	0.00683	0.01353	0.01931	0.02775	0.56685	0.12674	0.09090	0.01550	0.00847	0.00236	0.00362	0.01363	0.00765	0.00677
43	0.72902	0.01366	0.01076	0.00957	0.01399	0.01564	0.00786	0.02175	0.01285	0.05999	0.01150	0.01303	0.00878	0.00692	0.00464	0.00222	0.00554	0.00420	0.04005	0.00801
44	0.00886	0.00633	0.00843	0.01012	0.01054	0.00590	0.00675	0.01012	0.01392	0.01856	0.04006	0.73979	0.04808	0.02277	0.00928	0.00295	0.00422	0.02066	0.00675	0.00590
45	0.03085	0.01198	0.01630	0.01263	0.01795	0.01038	0.01038	0.03371	0.02079	0.65083	0.08141	0.02708	0.02200	0.00946	0.00741	0.00225	0.00597	0.00777	0.00892	0.01193
46	0.00931	0.00728	0.00844	0.00838	0.01032	0.00641	0.00620	0.01174	0.01792	0.02340	0.32326	0.13473	0.37178	0.01743	0.00866	0.00244	0.00364	0.01501	0.00726	0.00641
47	0.02763	0.02036	0.02182	0.01672	0.02254	0.02254	0.01382	0.67496	0.03418	0.04581	0.01745	0.01745	0.01236	0.00873	0.00727	0.00218	0.00800	0.00654	0.00727	0.01236
48	0.79588	0.01406	0.01068	0.00956	0.01406	0.01631	0.00787	0.02137	0.01237	0.03261	0.01012	0.01181	0.00787	0.00675	0.00450	0.00225	0.00562	0.00394	0.00450	0.00787
49	0.06678	0.01256	0.01657	0.01285	0.01836	0.01120	0.01059	0.03490	0.04415	0.64967	0.02787	0.02424	0.01768	0.00893	0.00719	0.00226	0.00614	0.00719	0.00874	0.01214
50	0.02090	0.01701	0.01802	0.01536	0.01998	0.01940	0.01219	0.22620	0.49390	0.03495	0.02601	0.02427	0.01929	0.00953	0.00736	0.00238	0.00641	0.00772	0.00736	0.01176
51	0.01943	0.74891	0.03809	0.01244	0.01866	0.02876	0.01244	0.02177	0.01477	0.01710	0.01011	0.01166	0.00933	0.00622	0.00466	0.00155	0.00777	0.00389	0.00311	0.00933
52	0.01263	0.00631	0.00947	0.00947	0.00947	0.00631	0.00631	0.00947	0.00947	0.01263	0.01263	0.02210	0.01263	0.02525	0.02841	0.78851	0.00631	0.00631	0.00316	0.00316
53	0.00886	0.00633	0.00843	0.01012	0.01054	0.00590	0.00675	0.01012	0.01392	0.01856	0.04006	0.73979	0.04808	0.02277	0.00928	0.00295	0.00422	0.02066	0.00675	0.00590
54	0.01943	0.74891	0.03809	0.01244	0.01866	0.02876	0.01244	0.02177	0.01477	0.01710	0.01011	0.01166	0.00933	0.00622	0.00466	0.00155	0.00777	0.00389	0.00311	0.00933
55	0.79588	0.01406	0.01068	0.00956	0.01406	0.01631	0.00787	0.02137	0.01237	0.03261	0.01012	0.01181	0.00787	0.00675	0.00450	0.00225	0.00562	0.00394	0.00450	0.00787
56	0.01061	0.00802	0.01171	0.01158	0.01270	0.00938	0.00887	0.01291	0.01155	0.01662	0.01944	0.03000	0.01868	0.12285	0.62056	0.01089	0.04536	0.00802	0.00392	0.00633
57	0.01080	0.00802	0.01027	0.01037	0.01226	0.00765	0.00827	0.01471	0.04585	0.02595	0.40646	0.06298	0.13459	0.01657	0.00895	0.00262	0.00448	0.19482	0.00745	0.00691
58	0.03261	0.01237	0.01687	0.01293	0.01856	0.01068	0.01068	0.03543	0.02081	0.70423	0.02868	0.02474	0.01799	0.00900	0.00731	0.00225	0.00619	0.00731	0.00900	0.01237
59	0.01373	0.01292	0.02180	0.72707	0.05006	0.01615	0.02019	0.01857	0.01453	0.01857	0.01292	0.01938	0.00969	0.00727	0.00727	0.00242	0.00969	0.00646	0.00323	0.00807
60	0.01593	0.01517	0.02578	0.37452	0.38540	0.01673	0.02128	0.02050	0.01558	0.02125	0.01331	0.01866	0.01063	0.00686	0.00723	0.00229	0.00915	0.00647	0.00342	0.00985
61	0.01199	0.00868	0.01192	0.01345	0.01523	0.00879	0.01170	0.01609	0.04608	0.02213	0.03810	0.07959	0.04097	0.01963	0.00992	0.00331	0.00665	0.62212	0.00672	0.00690
62	0.29299	0.01593	0.02075	0.18165	0.28361	0.04729	0.01636	0.02145	0.01480	0.02549	0.01214	0.01589	0.00973	0.00679	0.00623	0.00224	0.00800	0.00549	0.00384	0.00933
63	0.00867	0.00737	0.00747	0.00744	0.00987	0.00617	0.00558	0.01058	0.01675	0.02007	0.10189	0.06924	0.66772	0.01825	0.00859	0.00245	0.00367	0.01524	0.00681	0.00617
64	0.02545	0.19205	0.02445	0.01734	0.02163	0.56405	0.01369	0.02743	0.01931	0.01764	0.01099	0.01279	0.00936	0.00721	0.00614	0.00180	0.01193	0.00451	0.00361	0.00863
65	0.02763	0.02036	0.02182	0.01672	0.02254	0.02254	0.01382	0.67496	0.03418	0.04581	0.01745	0.01745	0.01236	0.00873	0.00727	0.00218	0.00800	0.00654	0.00727	0.01236
66	0.01029	0.00743	0.00972	0.00914	0.01086	0.00686	0.00686	0.01372	0.02058	0.02915	0.69536	0.05430	0.06859	0.01486	0.00857	0.00229	0.00343	0.01315	0.00800	0.00686
67	0.01015	0.00742	0.00952	0.00900	0.01077	0.00680	0.00675	0.01345	0.02025	0.02837	0.64432	0.05558	0.12011	0.01515	0.00857	0.00230	0.00345	0.01333	0.00790	0.00680
68	0.79588	0.01406	0.01068	0.00956	0.01406	0.01631	0.00787	0.02137	0.01237	0.03261	0.01012	0.01181	0.00787	0.00675	0.00450	0.00225	0.00562	0.00394	0.00450	0.00787
69	0.02763	0.02036	0.02182	0.01672	0.02254	0.02254	0.01382	0.67496	0.03418	0.04581	0.01745	0.01745	0.01236	0.00873	0.00727	0.00218	0.00800	0.00654	0.00727	0.01236
70	0.01038	0.00779	0.01168	0.01168	0.01298	0.00909	0.00909	0.01298	0.01168	0.01687	0.01947	0.02856	0.01817	0.05452	0.71573	0.01168	0.01947	0.00779	0.00389	0.00649
71	0.00886	0.00633	0.00843	0.01012	0.01054	0.00590	0.00675	0.01012	0.01392	0.01856	0.04006	0.73979	0.04808	0.02277	0.00928	0.00295	0.00422	0.02066	0.00675	0.00590
72	0.01943	0.74891	0.03809	0.01244	0.01866	0.02876	0.01244	0.02177	0.01477	0.01710	0.01011	0.01166	0.00933	0.00622	0.00466	0.00155	0.00777	0.00389	0.00311	0.00933
73	0.01507	0.01292	0.01507	0.01077	0.01723	0.00969	0.00861	0.01830	0.01507	0.02369	0.01292	0.01507	0.01077	0.00538	0.00538	0.00108	0.00538	0.00431	0.00431	0.78898
74	0.00886	0.00633	0.00843	0.01012	0.01054	0.00590	0.00675	0.01012	0.01392	0.01856	0.04006	0.73979	0.04808	0.02277	0.00928	0.00295	0.00422	0.02066	0.00675	0.00590
75	0.03261	0.01237	0.01687	0.01293	0.01856	0.01068	0.01068	0.03543	0.02081	0.70423	0.02868	0.02474	0.01799	0.00900	0.00731	0.00225	0.00619	0.00731	0.00900	0.01237
76	0.01943	0.74891	0.03809	0.01244	0.01866	0.02876	0.01244	0.02177	0.01477	0.01710	0.01011	0.01166	0.00933	0.00622	0.00466	0.00155	0.00777	0.00389	0.00311	0.00933
77	0.01799	0.01727	0.02950	0.04462	0.69919	0.01727	0.02231	0.02231	0.01655	0.02375	0.01367	0.01799	0.01151	0.00648	0.00720	0.00216	0.00864	0.00648	0.00360	0.01151
78	0.01022	0.00743	0.00962	0.00907	0.01082	0.00683	0.00680	0.01358	0.02041	0.02876	0.66978	0.05494	0.09441	0.01501	0.00857	0.00229	0.00344	0.01324	0.00795	0.00683
79	0.00886	0.00633	0.00843	0.01012	0.01054	0.00590	0.00675	0.01012	0.01392	0.01856	0.04006	0.73979	0.04808	0.02277	0.00928	0.00295	0.00422	0.02066	0.00675	0.00590
80	0.00866	0.00737	0.00746	0.00743	0.00986	0.00616	0.00558	0.01056	0.01673	0.02001	0.09799	0.06934	0.67166	0.01827	0.00859	0.00245	0.00367	0.01526	0.00680	0.00616
81	0.65899	0.01376	0.01179	0.01016	0.01486	0.01530	0.00838	0.02389	0.01388	0.15307	0.01345	0.01413	0.00969	0.00715	0.00500	0.00225	0.00572	0.00454	0.00531	0.00868
82	0.01594	0.00964	0.01010	0.00905	0.01129	0.01009	0.00677	0.15230	0.01833	0.02865	0.02227	0.02877	0.01873	0.14054	0.01126	0.00276	0.00500	0.00741	0.48360	0.00751
83	0.01029	0.00743	0.00972	0.00914	0.01086	0.00686	0.00686	0.01372	0.02058	0.02915	0.69536	0.05430	0.06859	0.01486	0.00857	0.00229	0.00343	0.01315	0.00800	0.00686
84	0.03261	0.01237	0.01687	0.01293	0.01856	0.01068	0.01068	0.03543	0.02081	0.70423	0.02868	0.02474	0.01799	0.00900	0.00731	0.00225	0.00619	0.00731	0.00900	0.01237
85	0.00911	0.00652	0.00866	0.00995	0.01060	0.00607	0.00677	0.01076	0.01509	0.02043	0.15568	0.61885	0.05170	0.02138	0.00915	0.00283	0.00408	0.01934	0.00697	0.00607
86	0.03225	0.01295	0.01723	0.01321	0.01885	0.01155	0.01091	0.08193	0.02178	0.65635	0.02786	0.02421	0.01758	0.00898	0.00731	0.00224	0.00632	0.00725	0.00887	0.01237
87	0.01171	0.00837	0.01171	0.01339	0.01506	0.00837	0.01171	0.01506	0.01673	0.02175	0.03849	0.08199	0.04183	0.02008	0.01004	0.00335	0.00669	0.65027	0.00669	0.00669
88	0.01023	0.00743	0.00963	0.00908	0.01082	0.00683	0.00681	0.01360	0.02043	0.02881	0.67318	0.05486	0.09097	0.01499	0.00857	0.00229	0.00344	0.01322	0.00796	0.00683
89	0.01712	0.24190	0.08763	0.01945	0.02367	0.02304	0.14415	0.02038	0.01377	0.01896	0.01101	0.01529	0.00974	0.00897	0.01362	0.00247	0.31065	0.00596	0.00325	0.00896
90	0.01834	0.01942	0.04823	0.06556	0.46306	0.12565	0.01964	0.02233	0.01724	0.02264	0.04314	0.02348	0.01564	0.00805	0.00736	0.00222	0.00909	0.05461	0.00400	0.01030
91	0.28349	0.42003	0.05217	0.01261	0.01820	0.02350	0.03311	0.02155	0.01391	0.02281	0.01034	0.01227	0.00889	0.00668	0.00558	0.00191	0.03627	0.00421	0.00360	0.00884
92	0.00886	0.00633	0.00843	0.01012	0.01054	0.00590	0.00675	0.01012	0.01392	0.01856	0.04006	0.73979	0.04808	0.02277	0.00928	0.00295	0.00422	0.02066	0.00675	0.00590
93	0.00886	0.00633	0.00843	0.01012	0.01054	0.00590	0.00675	0.01012	0.01392	0.01856	0.04006	0.73979	0.04808	0.02277	0.00928	0.00295	0.00422	0.02066	0.00675	0.00590
94	0.01638	0.01662	0.02187	0.01870	0.01916	0.05313	0.01550	0.01805	0.01173	0.01778	0.00977	0.01574	0.00959	0.01216	0.02226	0.00303	0.66687	0.00620	0.00326	0.04221
95	0.01644	0.01381	0.01579	0.01163	0.01784	0.01153	0.00932	0.07825	0.07306	0.02621	0.01472	0.01629	0.01187	0.00606	0.00572	0.00129	0.00565	0.00483	0.00483	0.65487
96	0.68941	0.01493	0.04179	0.01037	0.01525	0.01580	0.00897	0.02277	0.01330	0.09574	0.01201	0.01319	0.00889	0.00697	0.00487	0.00225	0.00590	0.00432	0.00486	0.00842
97	0.00886	0.00633	0.00843	0.01012	0.01054	0.00590	0.00675	0.01012	0.01392	0.01856	0.04006	0.73979	0.04808	0.02277	0.00928	0.00295	0.00422	0.02066	0.00675	0.00590
98	0.01029	0.00743	0.00972	0.00914	0.01086	0.00686	0.00686	0.01372	0.02058	0.02915	0.69536	0.05430	0.06859	0.01486	0.00857	0.00229	0.00343	0.01315	0.00800	0.00686
99	0.47678	0.01566	0.01469	0.01206	0.01708	0.01739	0.00995	0.21205	0.01975	0.12184	0.01460	0.01508	0.01046	0.00761	0.00566	0.00223	0.00638	0.00512	0.00587	0.00974
100	0.00906	0.00676	0.00849	0.00978	0.01080	0.00619	0.00693	0.01066	0.01481	0.01911	0.04783	0.51963	0.20026	0.02149	0.00919	0.00287	0.00433	0.07902	0.00674	0.00603
101	0.01009	0.00742	0.00945	0.00894	0.01074	0.00678	0.00671	0.01334	0.02012	0.02807	0.62451	0.05608	0.14011	0.01526	0.00858	0.00231	0.00346	0.01340	0.00786	0.00678
102	0.01014	0.00731	0.00958	0.00925	0.01083	0.00676	0.00685	0.01334	0.01987	0.02803	0.62621	0.12664	0.06642	0.01570	0.00865	0.00236	0.00351	0.01394	0.00787	0.00676
103	0.04117	0.00691	0.00854	0.00969	0.01022	0.00672	0.00642	0.01090	0.01313	0.01813	0.03445	0.50699	0.04071	0.20437	0.01612	0.00398	0.00510	0.04474	0.00606	0.00564
104	0.01373	0.01292	0.02180	0.72707	0.05006	0.01615	0.02019	0.01857	0.01453	0.01857	0.01292	0.01938	0.00969	0.00727	0.00727	0.00242	0.00969	0.00646	0.00323	0.00807
105	0.01943	0.74891	0.03809	0.01244	0.01866	0.02876	0.01244	0.02177	0.01477	0.01710	0.01011	0.01166	0.00933	0.00622	0.00466	0.00155	0.00777	0.00389	0.00311	0.00933
106	0.01124	0.00765	0.00995	0.00925	0.01117	0.00700	0.00698	0.01458	0.02043	0.05945	0.64075	0.05357	0.09083	0.01473	0.00852	0.00229	0.00356	0.01297	0.00800	0.00708
107	0.07963	0.01120	0.01450	0.01190	0.01620	0.01015	0.00947	0.02865	0.01830	0.49366	0.02808	0.08895	0.02174	0.09571	0.01083	0.00291	0.00610	0.03377	0.00788	0.01037
108	0.00886	0.00633	0.00843	0.01012	0.01054	0.00590	0.00675	0.01012	0.01392	0.01856	0.04006	0.73979	0.04808	0.02277	0.00928	0.00295	0.00422	0.02066	0.00675	0.00590
109	0.01023	0.00743	0.00963	0.00908	0.01082	0.00683	0.00681	0.01360	0.02043	0.02880	0.67250	0.05487	0.09166	0.01499	0.00857	0.00229	0.00344	0.01323	0.00796	0.00683
110	0.68193	0.01499	0.01233	0.01062	0.01532	0.01723	0.00875	0.11832	0.01561	0.03457	0.01121	0.01265	0.00854	0.00704	0.00491	0.00224	0.00598	0.00432	0.00491	0.00854
111	0.76531	0.01399	0.01093	0.00969	0.01424	0.01608	0.00798	0.02193	0.01271	0.05951	0.01086	0.01233	0.00828	0.00684	0.00461	0.00225	0.00565	0.00407	0.00468	0.00805
112	0.03261	0.01237	0.01687	0.01293	0.01856	0.01068	0.01068	0.03543	0.02081	0.70423	0.02868	0.02474	0.01799	0.00900	0.00731	0.00225	0.00619	0.00731	0.00900	0.01237
113	0.01004	0.00738	0.00940	0.00898	0.01073	0.00674	0.00670	0.01319	0.01984	0.02763	0.59743	0.08429	0.13940	0.01559	0.00860	0.00233	0.00349	0.01371	0.00781	0.00674
114	0.01041	0.00770	0.01125	0.01125	0.01239	0.00885	0.00854	0.01270	0.01155	0.01655	0.01987	0.03076	0.01913	0.13452	0.63704	0.01114	0.01803	0.00811	0.00395	0.00625
115	0.01547	0.01632	0.04985	0.02803	0.25474	0.04648	0.16896	0.01924	0.01583	0.02153	0.02203	0.18300	0.04902	0.01112	0.00926	0.00249	0.06262	0.01042	0.00442	0.00918
116	0.01373	0.01292	0.02180	0.72707	0.05006	0.01615	0.02019	0.01857	0.01453	0.01857	0.01292	0.01938	0.00969	0.00727	0.00727	0.00242	0.00969	0.00646	0.00323	0.00807
117	0.06251	0.01244	0.01663	0.01280	0.01838	0.01090	0.01057	0.03487	0.02047	0.67792	0.02795	0.02423	0.01760	0.00891	0.00720	0.00225	0.00616	0.00718	0.00882	0.01219
118	0.05523	0.01962	0.01874	0.01546	0.02004	0.12301	0.01231	0.39846	0.05613	0.06004	0.04109	0.10793	0.01854	0.01045	0.00735	0.00225	0.00790	0.00822	0.00666	0.01058
119	0.02261	0.08440	0.01977	0.01475	0.01938	0.18010	0.01192	0.32165	0.02545	0.03104	0.02776	0.02752	0.16219	0.01036	0.00717	0.00212	0.00821	0.00782	0.00598	0.00981
120	0.00898	0.00641	0.00858	0.01026	0.01074	0.00601	0.00696	0.01034	0.01404	0.01869	0.04000	0.71121	0.04781	0.02266	0.00931	0.00297	0.00432	0.04802	0.00675	0.00594
121	0.37843	0.16713	0.19375	0.01366	0.02010	0.05085	0.01411	0.04782	0.01483	0.02694	0.01120	0.01296	0.00874	0.00679	0.00534	0.00211	0.00778	0.00443	0.00393	0.00909
122	0.01328	0.00692	0.01001	0.00978	0.01004	0.00702	0.00664	0.03833	0.01054	0.01407	0.01284	0.02189	0.01261	0.02454	0.02749	0.75441	0.00639	0.00632	0.00334	0.00356

[dist]
# distance from previous block
# <min> <max>
1	11

[block]
# block no. 4 follows, 28 sequences, length 22
# corresponding to MSA columns:
# 334-355
name=unknown_E
#
# <colnr> <probs for GDERKNQSTAVLIFYWHMCP>
#	G	D	E	R	K	N	Q	S	T	A	V	L	I	F	Y	W	H	M	C	P
0	0.01237	0.00631	0.00940	0.00951	0.00954	0.00629	0.00634	0.00951	0.00977	0.01303	0.01450	0.07106	0.01505	0.02508	0.02710	0.73491	0.00617	0.00729	0.00340	0.00334
1	0.01762	0.03380	0.01619	0.06079	0.01833	0.01472	0.01076	0.27503	0.02191	0.02965	0.10262	0.06436	0.02388	0.12007	0.15256	0.00479	0.00951	0.00878	0.00588	0.00873
2	0.01829	0.49640	0.19107	0.01430	0.02114	0.05906	0.01538	0.02209	0.01523	0.01920	0.01178	0.01365	0.00994	0.00660	0.00531	0.00175	0.00844	0.00447	0.05647	0.00944
3	0.01057	0.00705	0.00793	0.00793	0.00793	0.00705	0.00440	0.01057	0.01057	0.01409	0.02290	0.04757	0.02643	0.74454	0.03700	0.00705	0.00705	0.01057	0.00440	0.00440
4	0.01056	0.00707	0.00802	0.00799	0.00808	0.00704	0.00453	0.01073	0.01107	0.01485	0.05669	0.04791	0.02855	0.70787	0.03557	0.00681	0.00687	0.01070	0.00459	0.00453
5	0.02715	0.03464	0.02060	0.01873	0.02247	0.71536	0.01404	0.02903	0.02060	0.01779	0.01124	0.01311	0.00936	0.00749	0.00655	0.00187	0.01311	0.00468	0.00375	0.00843
6	0.00884	0.00639	0.00837	0.00996	0.01050	0.00592	0.00667	0.01014	0.01408	0.01862	0.04209	0.69938	0.08718	0.02251	0.00924	0.00292	0.00418	0.02034	0.00675	0.00592
7	0.06679	0.65744	0.03528	0.01268	0.01863	0.07332	0.01227	0.02222	0.01501	0.01808	0.01018	0.01176	0.00924	0.00633	0.00478	0.00162	0.00800	0.00394	0.00324	0.00918
8	0.71538	0.01392	0.01166	0.05782	0.01664	0.01609	0.00880	0.02170	0.01283	0.05633	0.01099	0.01279	0.00837	0.00687	0.00479	0.00226	0.00592	0.00423	0.00458	0.00805
9	0.02079	0.01432	0.01599	0.01358	0.01814	0.01516	0.01075	0.08136	0.38874	0.17348	0.03153	0.02913	0.08317	0.01010	0.00735	0.00231	0.00579	0.00831	0.00746	0.06255
10	0.02012	0.01635	0.02197	0.26582	0.03172	0.06394	0.07425	0.16636	0.01990	0.09540	0.01612	0.01939	0.01192	0.00827	0.00869	0.00233	0.07490	0.00665	0.06638	0.00953
11	0.01661	0.01286	0.01692	0.18776	0.02547	0.01139	0.01169	0.02019	0.01555	0.09475	0.01459	0.01716	0.01127	0.00623	0.00605	0.00153	0.00653	0.00516	0.00454	0.51373
12	0.01648	0.02308	0.18968	0.02784	0.07136	0.01740	0.44727	0.02284	0.01658	0.02328	0.01416	0.01826	0.01063	0.00627	0.00791	0.00231	0.01126	0.00746	0.00358	0.06238
13	0.01799	0.01727	0.02950	0.04462	0.69919	0.01727	0.02231	0.02231	0.01655	0.02375	0.01367	0.01799	0.01151	0.00648	0.00720	0.00216	0.00864	0.00648	0.00360	0.01151
14	0.01009	0.00742	0.00944	0.00894	0.01074	0.00677	0.00670	0.01334	0.02011	0.02804	0.62303	0.05612	0.14160	0.01527	0.00858	0.00231	0.00346	0.01340	0.00786	0.00677
15	0.01515	0.03747	0.67585	0.02063	0.03105	0.04845	0.02628	0.02329	0.01558	0.02278	0.01296	0.01525	0.00922	0.00693	0.00689	0.00228	0.01085	0.00534	0.00310	0.01064
16	0.01507	0.01292	0.01507	0.01077	0.01723	0.00969	0.00861	0.01830	0.01507	0.02369	0.01292	0.01507	0.01077	0.00538	0.00538	0.00108	0.00538	0.00431	0.00431	0.78898
17	0.00886	0.00633	0.00843	0.01012	0.01054	0.00590	0.00675	0.01012	0.01392	0.01856	0.04006	0.73979	0.04808	0.02277	0.00928	0.00295	0.00422	0.02066	0.00675	0.00590
18	0.01032	0.00699	0.00823	0.00862	0.00879	0.00691	0.00523	0.01074	0.01151	0.01532	0.02686	0.17463	0.03119	0.57432	0.03051	0.00610	0.00652	0.04745	0.00495	0.00480
19	0.00866	0.00710	0.00764	0.00807	0.01000	0.00608	0.00584	0.01035	0.01589	0.01936	0.06500	0.24232	0.52946	0.01953	0.00877	0.00258	0.00382	0.01671	0.00675	0.00608
20	0.02763	0.02036	0.02182	0.01672	0.02254	0.02254	0.01382	0.67496	0.03418	0.04581	0.01745	0.01745	0.01236	0.00873	0.00727	0.00218	0.00800	0.00654	0.00727	0.01236
21	0.01799	0.01727	0.02950	0.04462	0.69919	0.01727	0.02231	0.02231	0.01655	0.02375	0.01367	0.01799	0.01151	0.00648	0.00720	0.00216	0.00864	0.00648	0.00360	0.01151

[dist]
# distance from previous block
# <min> <max>
0	19

[block]
# block no. 5 follows, 28 sequences, length 48
# corresponding to MSA columns:
# 375-422
name=unknown_F
#
# <colnr> <probs for GDERKNQSTAVLIFYWHMCP>
#	G	D	E	R	K	N	Q	S	T	A	V	L	I	F	Y	W	H	M	C	P
0	0.01023	0.00739	0.00967	0.00918	0.01085	0.00682	0.00685	0.01358	0.02032	0.02875	0.67042	0.08039	0.06781	0.01516	0.00860	0.00231	0.00346	0.01343	0.00795	0.00682
1	0.02715	0.03464	0.02060	0.01873	0.02247	0.71536	0.01404	0.02903	0.02060	0.01779	0.01124	0.01311	0.00936	0.00749	0.00655	0.00187	0.01311	0.00468	0.00375	0.00843
2	0.01808	0.01561	0.01644	0.01479	0.01890	0.01808	0.01151	0.03863	0.68606	0.03041	0.02959	0.02712	0.02219	0.00986	0.00740	0.00247	0.00575	0.00822	0.00740	0.01151
3	0.01045	0.00740	0.00957	0.00903	0.01074	0.00685	0.00677	0.01388	0.02031	0.02905	0.66170	0.05294	0.06608	0.01454	0.00840	0.00226	0.00343	0.01283	0.04693	0.00685
4	0.01011	0.00685	0.00807	0.00852	0.00864	0.00674	0.00504	0.01045	0.01148	0.01530	0.02755	0.23506	0.03229	0.54904	0.02949	0.00594	0.00628	0.01330	0.00504	0.00481
5	0.01716	0.01961	0.04289	0.03064	0.03799	0.01838	0.67279	0.02328	0.01716	0.02328	0.01471	0.01961	0.01103	0.00613	0.00858	0.00245	0.01225	0.00858	0.00368	0.00980
6	0.00886	0.00633	0.00843	0.01012	0.01054	0.00590	0.00675	0.01012	0.01392	0.01856	0.04006	0.73979	0.04808	0.02277	0.00928	0.00295	0.00422	0.02066	0.00675	0.00590
7	0.02375	0.01063	0.01382	0.01134	0.01559	0.00937	0.00909	0.02699	0.04021	0.43717	0.14278	0.06006	0.14323	0.01201	0.00780	0.00232	0.00524	0.01007	0.00833	0.01019
8	0.00886	0.00633	0.00843	0.01012	0.01054	0.00590	0.00675	0.01012	0.01392	0.01856	0.04006	0.73979	0.04808	0.02277	0.00928	0.00295	0.00422	0.02066	0.00675	0.00590
9	0.01029	0.00743	0.00972	0.00914	0.01086	0.00686	0.00686	0.01372	0.02058	0.02915	0.69536	0.05430	0.06859	0.01486	0.00857	0.00229	0.00343	0.01315	0.00800	0.00686
10	0.03101	0.01273	0.01682	0.01314	0.01859	0.01150	0.01077	0.03578	0.09403	0.63006	0.02878	0.02500	0.01846	0.00909	0.00732	0.00227	0.00614	0.00741	0.00882	0.01228
11	0.19970	0.01247	0.01466	0.01181	0.01657	0.01208	0.00964	0.06934	0.01973	0.40431	0.13022	0.02610	0.02345	0.00941	0.00688	0.00225	0.00573	0.00744	0.00772	0.01048
12	0.03261	0.01237	0.01687	0.01293	0.01856	0.01068	0.01068	0.03543	0.02081	0.70423	0.02868	0.02474	0.01799	0.00900	0.00731	0.00225	0.00619	0.00731	0.00900	0.01237
13	0.00883	0.00641	0.00834	0.00989	0.01048	0.00592	0.00664	0.01015	0.01414	0.01865	0.04288	0.68362	0.10244	0.02241	0.00922	0.00291	0.00417	0.02022	0.00675	0.00592
14	0.00886	0.00633	0.00843	0.01012	0.01054	0.00590	0.00675	0.01012	0.01392	0.01856	0.04006	0.73979	0.04808	0.02277	0.00928	0.00295	0.00422	0.02066	0.00675	0.00590
15	0.01716	0.01961	0.04289	0.03064	0.03799	0.01838	0.67279	0.02328	0.01716	0.02328	0.01471	0.01961	0.01103	0.00613	0.00858	0.00245	0.01225	0.00858	0.00368	0.00980
16	0.01507	0.01292	0.01507	0.01077	0.01723	0.00969	0.00861	0.01830	0.01507	0.02369	0.01292	0.01507	0.01077	0.00538	0.00538	0.00108	0.00538	0.00431	0.00431	0.78898
17	0.03894	0.31406	0.42629	0.01717	0.02597	0.02149	0.02069	0.02248	0.01504	0.02099	0.01182	0.01381	0.00922	0.00663	0.00596	0.00201	0.00944	0.00475	0.00313	0.01011
18	0.00995	0.00679	0.00811	0.00872	0.00887	0.00663	0.00525	0.01041	0.01178	0.01570	0.02910	0.29742	0.03424	0.48403	0.02699	0.00557	0.00603	0.01421	0.00525	0.00495
19	0.79588	0.01406	0.01068	0.00956	0.01406	0.01631	0.00787	0.02137	0.01237	0.03261	0.01012	0.01181	0.00787	0.00675	0.00450	0.00225	0.00562	0.00394	0.00450	0.00787
20	0.02224	0.02389	0.01838	0.01653	0.02054	0.31616	0.01266	0.05354	0.38222	0.02548	0.02138	0.02084	0.01641	0.00881	0.00703	0.00220	0.00896	0.00666	0.00583	0.01022
21	0.01742	0.02124	0.23023	0.01707	0.02437	0.01370	0.10453	0.04427	0.04339	0.10463	0.01758	0.06291	0.01403	0.00776	0.00690	0.00198	0.00807	0.00682	0.00477	0.24834
22	0.01557	0.16276	0.55508	0.01975	0.02952	0.01906	0.05667	0.02281	0.01534	0.02198	0.01261	0.01491	0.00932	0.00675	0.00659	0.00218	0.01029	0.00527	0.00311	0.01045
23	0.01808	0.01561	0.01644	0.01479	0.01890	0.01808	0.01151	0.03863	0.68606	0.03041	0.02959	0.02712	0.02219	0.00986	0.00740	0.00247	0.00575	0.00822	0.00740	0.01151
24	0.01677	0.02234	0.14367	0.02913	0.03700	0.01815	0.57475	0.02324	0.01688	0.02324	0.01445	0.01896	0.01075	0.00625	0.00832	0.00243	0.01203	0.00809	0.00358	0.00995
25	0.01946	0.01514	0.01651	0.01403	0.01839	0.01633	0.01104	0.21044	0.30801	0.05431	0.02743	0.11070	0.04693	0.01095	0.00743	0.00230	0.00610	0.00910	0.00700	0.08840
26	0.01100	0.00748	0.01083	0.01082	0.01200	0.00842	0.00825	0.01294	0.01203	0.01774	0.04083	0.02839	0.01911	0.04475	0.53073	0.11305	0.01560	0.00766	0.08230	0.00609
27	0.00875	0.00720	0.00770	0.00793	0.01001	0.00615	0.00581	0.01062	0.01643	0.02014	0.11266	0.17575	0.54798	0.01885	0.00870	0.00252	0.00375	0.01603	0.00684	0.00615
28	0.02014	0.01625	0.01731	0.01503	0.01947	0.01852	0.01184	0.14007	0.55742	0.05778	0.02762	0.02549	0.02047	0.00965	0.00737	0.00241	0.00613	0.00792	0.00744	0.01167
29	0.01068	0.00826	0.01224	0.01210	0.01328	0.00982	0.00944	0.01316	0.01174	0.01699	0.01968	0.05740	0.01885	0.05045	0.64079	0.01076	0.06561	0.00823	0.00397	0.00656
30	0.00897	0.00641	0.00857	0.01025	0.01072	0.00600	0.00695	0.01032	0.01403	0.01868	0.04000	0.71360	0.04783	0.02267	0.00931	0.00297	0.00432	0.04574	0.00675	0.00594
31	0.02541	0.01917	0.02181	0.13011	0.02694	0.02152	0.01483	0.57019	0.03104	0.04146	0.01673	0.01776	0.01194	0.00849	0.00727	0.00222	0.00827	0.00653	0.00663	0.01168
32	0.01253	0.00747	0.01155	0.12418	0.01622	0.00806	0.00873	0.01118	0.01057	0.01405	0.01402	0.04529	0.01368	0.02427	0.07073	0.58531	0.00767	0.00690	0.00333	0.00426
33	0.00908	0.00650	0.00864	0.00997	0.01059	0.00606	0.00677	0.01070	0.01498	0.02025	0.14466	0.63038	0.05135	0.02151	0.00917	0.00285	0.00409	0.01946	0.00695	0.00606
34	0.01153	0.00874	0.01079	0.01005	0.01214	0.00865	0.00760	0.01769	0.12680	0.02935	0.58909	0.04996	0.06118	0.01406	0.00839	0.00231	0.00380	0.01236	0.00791	0.00760
35	0.02936	0.01268	0.01650	0.01307	0.01829	0.01170	0.01066	0.03503	0.12698	0.56851	0.05663	0.02635	0.02077	0.00938	0.00738	0.00229	0.00600	0.00770	0.00870	0.01200
36	0.02206	0.01551	0.01777	0.01473	0.01900	0.01689	0.01201	0.39701	0.04407	0.08110	0.04420	0.06518	0.02015	0.01798	0.12074	0.00385	0.00919	0.06136	0.00680	0.01040
37	0.01930	0.01840	0.01693	0.01537	0.01934	0.12903	0.01192	0.03627	0.55631	0.02809	0.02697	0.02681	0.02083	0.00984	0.00735	0.00240	0.00696	0.03023	0.00679	0.01085
38	0.01736	0.01420	0.01489	0.01351	0.01724	0.01628	0.01048	0.03516	0.57899	0.02988	0.02865	0.02712	0.02162	0.00964	0.00703	0.00234	0.00538	0.00799	0.13150	0.01075
39	0.01167	0.00886	0.01101	0.01073	0.01281	0.00885	0.00837	0.01770	0.12581	0.02745	0.43669	0.07553	0.07811	0.01531	0.00866	0.00252	0.00438	0.12042	0.00760	0.00752
40	0.16542	0.01305	0.01544	0.01215	0.01757	0.01219	0.00992	0.03045	0.07703	0.41575	0.02291	0.02109	0.01539	0.00809	0.00651	0.00208	0.00592	0.00631	0.00730	0.13544
41	0.02399	0.01780	0.01932	0.01554	0.02038	0.01959	0.01253	0.52596	0.07487	0.04042	0.02188	0.13340	0.01872	0.01104	0.00760	0.00232	0.00724	0.00891	0.00720	0.01127
