[name]
unknown

[dist]
# distance from previous block
# <min> <max>
0	83

[block]
# block no. 0 follows, 27 sequences, length 26
# corresponding to MSA columns:
# 111-136
name=unknown_A
#
# <colnr> <probs for GDERKNQSTAVLIFYWHMCP>
#	G	D	E	R	K	N	Q	S	T	A	V	L	I	F	Y	W	H	M	C	P
0	0.01196	0.00854	0.01196	0.01367	0.01538	0.00854	0.01196	0.01538	0.01709	0.02222	0.03931	0.08374	0.04272	0.02051	0.01025	0.00342	0.00684	0.64283	0.00684	0.00684
1	0.01639	0.16197	0.55140	0.01958	0.02939	0.05312	0.02421	0.02358	0.01583	0.02219	0.01271	0.01490	0.00943	0.00696	0.00663	0.00220	0.01056	0.00519	0.00318	0.01060
2	0.09416	0.01104	0.01366	0.01340	0.06037	0.01077	0.00966	0.02305	0.08772	0.19594	0.20972	0.07853	0.11371	0.01281	0.00790	0.00243	0.00523	0.03327	0.00744	0.00919
3	0.33384	0.01421	0.01371	0.01160	0.01595	0.01565	0.00939	0.16638	0.06945	0.09218	0.05048	0.02032	0.01587	0.00847	0.00599	0.00221	0.00586	0.00617	0.13279	0.00950
4	0.79154	0.01436	0.01091	0.00976	0.01436	0.01665	0.00804	0.02182	0.01263	0.03331	0.01034	0.01206	0.00804	0.00689	0.00459	0.00230	0.00574	0.00402	0.00459	0.00804
5	0.01468	0.01005	0.01211	0.01153	0.01368	0.01016	0.00846	0.11227	0.07292	0.07085	0.17465	0.32727	0.04245	0.07005	0.01081	0.00297	0.00518	0.01463	0.00728	0.00800
6	0.01985	0.74357	0.03890	0.01270	0.01905	0.02937	0.01270	0.02223	0.01508	0.01747	0.01032	0.01191	0.00953	0.00635	0.00476	0.00159	0.00794	0.00397	0.00318	0.00953
7	0.02758	0.02047	0.02192	0.01695	0.02278	0.02272	0.01395	0.62656	0.07743	0.04575	0.01864	0.01847	0.01329	0.00899	0.00743	0.00225	0.00802	0.00680	0.00743	0.01257
8	0.01968	0.43336	0.20767	0.01582	0.02283	0.08910	0.01677	0.02363	0.01588	0.04619	0.01194	0.01374	0.00986	0.00705	0.00649	0.00192	0.04003	0.00469	0.00347	0.00988
9	0.79154	0.01436	0.01091	0.00976	0.01436	0.01665	0.00804	0.02182	0.01263	0.03331	0.01034	0.01206	0.00804	0.00689	0.00459	0.00230	0.00574	0.00402	0.00459	0.00804
10	0.01510	0.01438	0.02387	0.51717	0.17521	0.01734	0.02061	0.01961	0.01491	0.01991	0.01300	0.01916	0.01025	0.00782	0.00910	0.00250	0.08117	0.00659	0.00337	0.00893
11	0.01544	0.03480	0.58108	0.02258	0.05568	0.01746	0.08223	0.02439	0.05283	0.02398	0.01443	0.01682	0.01039	0.00714	0.00724	0.00237	0.01075	0.00597	0.00345	0.01096
12	0.01078	0.00725	0.00835	0.00835	0.00844	0.00733	0.00481	0.01096	0.01087	0.01458	0.02316	0.04731	0.02644	0.69430	0.08183	0.00751	0.00803	0.01061	0.00446	0.00464
13	0.01966	0.06031	0.02747	0.11488	0.43030	0.14412	0.01995	0.02431	0.04681	0.02247	0.01395	0.01769	0.01151	0.00703	0.00710	0.00216	0.00959	0.00621	0.00380	0.01066
14	0.02657	0.02981	0.02071	0.01817	0.02247	0.47775	0.01394	0.15871	0.11362	0.02565	0.01530	0.01623	0.01196	0.00823	0.00696	0.00206	0.01132	0.00565	0.00505	0.00984
15	0.03111	0.01215	0.01652	0.01283	0.01819	0.01053	0.01053	0.03404	0.02123	0.63344	0.09296	0.02818	0.02336	0.00977	0.00759	0.00230	0.00605	0.00804	0.00909	0.01209
16	0.01739	0.26112	0.28021	0.02141	0.05511	0.02159	0.16629	0.02384	0.04550	0.02198	0.01351	0.01608	0.01055	0.00676	0.00673	0.00214	0.01003	0.00591	0.00351	0.01035
17	0.01489	0.03840	0.70064	0.02116	0.03213	0.01724	0.02743	0.02351	0.01567	0.02351	0.01332	0.01567	0.00940	0.00705	0.00705	0.00235	0.01097	0.00549	0.00313	0.01097
18	0.01196	0.00854	0.01196	0.01367	0.01538	0.00854	0.01196	0.01538	0.01709	0.02222	0.03931	0.08374	0.04272	0.02051	0.01025	0.00342	0.00684	0.64283	0.00684	0.00684
19	0.01289	0.00645	0.00967	0.00967	0.00967	0.00645	0.00645	0.00967	0.00967	0.01289	0.01289	0.02257	0.01289	0.02579	0.02901	0.78401	0.00645	0.00645	0.00322	0.00322
20	0.05065	0.01416	0.02249	0.57977	0.10748	0.01704	0.01982	0.06200	0.01625	0.02194	0.01344	0.01918	0.01016	0.00742	0.00729	0.00242	0.00949	0.00649	0.00366	0.00885
21	0.01568	0.03729	0.67133	0.02082	0.03157	0.01697	0.02672	0.02405	0.01591	0.05244	0.01401	0.01608	0.00979	0.00714	0.00707	0.00235	0.01077	0.00557	0.00339	0.01104
22	0.01661	0.02816	0.36557	0.02330	0.03106	0.01844	0.19991	0.02304	0.01560	0.04988	0.01377	0.01736	0.01034	0.00803	0.01078	0.00256	0.14513	0.00665	0.00357	0.01024
23	0.01359	0.00881	0.01047	0.00956	0.01232	0.00801	0.00734	0.01749	0.06135	0.12129	0.31623	0.05556	0.29878	0.01540	0.00850	0.00241	0.00415	0.01312	0.00778	0.00782
24	0.79154	0.01436	0.01091	0.00976	0.01436	0.01665	0.00804	0.02182	0.01263	0.03331	0.01034	0.01206	0.00804	0.00689	0.00459	0.00230	0.00574	0.00402	0.00459	0.00804
25	0.01890	0.46460	0.22433	0.01701	0.05359	0.07028	0.01743	0.02311	0.01573	0.01953	0.01141	0.01336	0.00960	0.00665	0.00566	0.00185	0.00920	0.00457	0.00323	0.00998

[dist]
# distance from previous block
# <min> <max>
1	6

[block]
# block no. 1 follows, 27 sequences, length 53
# corresponding to MSA columns:
# 143-195
name=unknown_B
#
# <colnr> <probs for GDERKNQSTAVLIFYWHMCP>
#	G	D	E	R	K	N	Q	S	T	A	V	L	I	F	Y	W	H	M	C	P
0	0.01973	0.01991	0.05077	0.02040	0.02499	0.08137	0.16811	0.14022	0.14042	0.02733	0.01794	0.05064	0.01471	0.00964	0.01108	0.00252	0.15194	0.00779	0.00515	0.03535
1	0.01767	0.01684	0.02864	0.08466	0.62172	0.01702	0.02190	0.02196	0.01665	0.02368	0.01520	0.05243	0.01342	0.00745	0.00745	0.00226	0.00867	0.00730	0.00380	0.01128
2	0.01756	0.01679	0.02838	0.09155	0.61127	0.01696	0.02173	0.02187	0.01676	0.02366	0.01713	0.02127	0.04732	0.00731	0.00743	0.00224	0.00863	0.00709	0.00382	0.01122
3	0.01814	0.01503	0.01636	0.01518	0.04181	0.01682	0.01130	0.12188	0.43960	0.03055	0.03173	0.05945	0.07903	0.05736	0.00963	0.00278	0.00614	0.00937	0.00712	0.01072
4	0.01690	0.16314	0.18174	0.02426	0.03187	0.01973	0.36299	0.02262	0.01646	0.02221	0.01530	0.06029	0.01279	0.00746	0.00766	0.00232	0.01081	0.00787	0.00370	0.00989
5	0.01289	0.00645	0.00967	0.00967	0.00967	0.00645	0.00645	0.00967	0.00967	0.01289	0.01289	0.02257	0.01289	0.02579	0.02901	0.78401	0.00645	0.00645	0.00322	0.00322
6	0.01061	0.00795	0.01193	0.01193	0.01326	0.00928	0.00928	0.01326	0.01193	0.01723	0.01988	0.02916	0.01856	0.05568	0.70968	0.01193	0.01988	0.00795	0.00398	0.00663
7	0.01727	0.01715	0.02256	0.48391	0.07700	0.10833	0.01907	0.06799	0.01695	0.02109	0.01307	0.01844	0.01014	0.00798	0.00872	0.00243	0.06907	0.00636	0.00369	0.00879
8	0.01875	0.25774	0.20214	0.02378	0.15328	0.08569	0.08888	0.02413	0.04004	0.02151	0.01309	0.01566	0.01058	0.00682	0.00654	0.00206	0.00980	0.00561	0.00354	0.01036
9	0.79154	0.01436	0.01091	0.00976	0.01436	0.01665	0.00804	0.02182	0.01263	0.03331	0.01034	0.01206	0.00804	0.00689	0.00459	0.00230	0.00574	0.00402	0.00459	0.00804
10	0.01016	0.00757	0.00945	0.00898	0.01088	0.00686	0.00673	0.01335	0.02020	0.02785	0.56756	0.05861	0.19256	0.01589	0.00876	0.00237	0.00355	0.01387	0.00792	0.00686
11	0.29303	0.01904	0.01777	0.01535	0.04558	0.10219	0.01191	0.25078	0.02284	0.13113	0.01595	0.01638	0.01146	0.00801	0.00636	0.00222	0.00772	0.00564	0.00611	0.01052
12	0.01061	0.00795	0.01193	0.01193	0.01326	0.00928	0.00928	0.01326	0.01193	0.01723	0.01988	0.02916	0.01856	0.05568	0.70968	0.01193	0.01988	0.00795	0.00398	0.00663
13	0.01289	0.00645	0.00967	0.00967	0.00967	0.00645	0.00645	0.00967	0.00967	0.01289	0.01289	0.02257	0.01289	0.02579	0.02901	0.78401	0.00645	0.00645	0.00322	0.00322
14	0.01590	0.03132	0.44740	0.02506	0.03470	0.01783	0.27356	0.02361	0.01639	0.02361	0.01398	0.01735	0.01012	0.00675	0.00771	0.00241	0.01157	0.00675	0.00337	0.01060
15	0.71746	0.01555	0.04750	0.01051	0.01549	0.01643	0.00919	0.02254	0.01317	0.06189	0.01132	0.01283	0.00856	0.00700	0.00485	0.00230	0.00604	0.00425	0.00472	0.00840
16	0.01051	0.00759	0.00992	0.00934	0.01109	0.00700	0.00700	0.01401	0.02101	0.02977	0.68888	0.05545	0.07005	0.01518	0.00876	0.00233	0.00350	0.01343	0.00817	0.00700
17	0.01624	0.10248	0.56323	0.02173	0.06999	0.05486	0.02509	0.02367	0.01597	0.02271	0.01298	0.01536	0.00956	0.00699	0.00684	0.00225	0.01069	0.00538	0.00321	0.01076
18	0.03236	0.01266	0.01713	0.01309	0.01888	0.01086	0.01080	0.03526	0.02094	0.66243	0.02844	0.02475	0.01799	0.00899	0.00736	0.00223	0.00627	0.00730	0.00894	0.05331
19	0.02478	0.01909	0.02034	0.01639	0.02171	0.02142	0.01328	0.44665	0.26189	0.04125	0.02219	0.02130	0.01616	0.00932	0.00747	0.00233	0.00736	0.00729	0.00747	0.01232
20	0.01273	0.00849	0.01101	0.01033	0.01250	0.00804	0.00800	0.01711	0.05579	0.07790	0.54602	0.05437	0.06124	0.01496	0.00873	0.00244	0.00414	0.07047	0.00809	0.00765
21	0.02014	0.71695	0.03823	0.01294	0.01920	0.05493	0.01276	0.02251	0.01531	0.01749	0.01036	0.01196	0.00953	0.00640	0.00484	0.00160	0.00814	0.00400	0.00320	0.00949
22	0.79154	0.01436	0.01091	0.00976	0.01436	0.01665	0.00804	0.02182	0.01263	0.03331	0.01034	0.01206	0.00804	0.00689	0.00459	0.00230	0.00574	0.00402	0.00459	0.00804
23	0.01051	0.00759	0.00992	0.00934	0.01109	0.00700	0.00700	0.01401	0.02101	0.02977	0.68888	0.05545	0.07005	0.01518	0.00876	0.00233	0.00350	0.01343	0.00817	0.00700
24	0.00904	0.00646	0.00861	0.01034	0.01077	0.00603	0.00689	0.01034	0.01421	0.01895	0.04092	0.73426	0.04910	0.02326	0.00948	0.00301	0.00431	0.02110	0.00689	0.00603
25	0.79154	0.01436	0.01091	0.00976	0.01436	0.01665	0.00804	0.02182	0.01263	0.03331	0.01034	0.01206	0.00804	0.00689	0.00459	0.00230	0.00574	0.00402	0.00459	0.00804
26	0.79154	0.01436	0.01091	0.00976	0.01436	0.01665	0.00804	0.02182	0.01263	0.03331	0.01034	0.01206	0.00804	0.00689	0.00459	0.00230	0.00574	0.00402	0.00459	0.00804
27	0.01065	0.00776	0.01095	0.01095	0.01193	0.00874	0.00805	0.01262	0.01164	0.01650	0.02078	0.03415	0.02072	0.23114	0.53718	0.01072	0.01663	0.00868	0.00411	0.00608
28	0.61459	0.01399	0.01227	0.01043	0.01534	0.01526	0.00858	0.02411	0.01428	0.14713	0.01377	0.01453	0.01000	0.00720	0.00514	0.00223	0.00583	0.00464	0.00537	0.05532
29	0.01773	0.10013	0.02700	0.05346	0.02365	0.08443	0.09665	0.02020	0.01359	0.01864	0.01078	0.01614	0.00990	0.01066	0.01782	0.00281	0.45812	0.00634	0.00336	0.00856
30	0.01051	0.00759	0.00992	0.00934	0.01109	0.00700	0.00700	0.01401	0.02101	0.02977	0.68888	0.05545	0.07005	0.01518	0.00876	0.00233	0.00350	0.01343	0.00817	0.00700
31	0.02776	0.03460	0.02110	0.01902	0.02295	0.67269	0.01433	0.06370	0.02178	0.01970	0.01181	0.01362	0.00973	0.00772	0.00673	0.00193	0.01311	0.00488	0.00402	0.00882
32	0.01764	0.29225	0.39002	0.01739	0.02605	0.02148	0.02044	0.02455	0.05783	0.04813	0.01393	0.01544	0.01064	0.00707	0.00627	0.00208	0.00936	0.00520	0.00367	0.01056
33	0.02559	0.01249	0.01610	0.01218	0.01795	0.01030	0.00992	0.02865	0.01921	0.42040	0.06818	0.02389	0.01931	0.00832	0.00687	0.00189	0.00584	0.00681	0.00747	0.27863
34	0.01985	0.74357	0.03890	0.01270	0.01905	0.02937	0.01270	0.02223	0.01508	0.01747	0.01032	0.01191	0.00953	0.00635	0.00476	0.00159	0.00794	0.00397	0.00318	0.00953
35	0.00900	0.00753	0.00783	0.00775	0.01016	0.00636	0.00582	0.01108	0.01745	0.02130	0.15401	0.06939	0.61020	0.01834	0.00877	0.00248	0.00373	0.01538	0.00706	0.00636
36	0.01759	0.01778	0.05403	0.06989	0.40023	0.05770	0.01889	0.05557	0.03803	0.02408	0.02065	0.06912	0.05616	0.00950	0.00823	0.00237	0.03343	0.03189	0.00446	0.01039
37	0.48321	0.07802	0.01422	0.01040	0.01505	0.01554	0.00871	0.02423	0.01491	0.16464	0.01570	0.01645	0.01148	0.00750	0.00525	0.00217	0.00580	0.00503	0.09272	0.00897
38	0.02822	0.02079	0.02228	0.01708	0.02302	0.02302	0.01411	0.66804	0.03490	0.04679	0.01782	0.01782	0.01262	0.00891	0.00743	0.00223	0.00817	0.00668	0.00743	0.01262
39	0.01519	0.08062	0.66102	0.02065	0.03135	0.01797	0.02655	0.02343	0.01564	0.02315	0.01314	0.01545	0.00941	0.00701	0.00692	0.00231	0.01079	0.00539	0.00314	0.01088
40	0.02452	0.12859	0.09995	0.01352	0.01924	0.01436	0.01255	0.05834	0.02024	0.35642	0.14785	0.02738	0.02538	0.00961	0.00724	0.00220	0.00668	0.00777	0.00727	0.01090
41	0.01080	0.00720	0.00810	0.00810	0.00810	0.00720	0.00450	0.01080	0.01080	0.01439	0.02339	0.04858	0.02699	0.73910	0.03779	0.00720	0.00720	0.01080	0.00450	0.00450
42	0.00904	0.00646	0.00861	0.01034	0.01077	0.00603	0.00689	0.01034	0.01421	0.01895	0.04092	0.73426	0.04910	0.02326	0.00948	0.00301	0.00431	0.02110	0.00689	0.00603
43	0.02388	0.02846	0.02601	0.02842	0.23043	0.43065	0.07918	0.02697	0.01943	0.02058	0.01258	0.01555	0.01040	0.00720	0.00709	0.00206	0.01190	0.00573	0.00377	0.00971
44	0.06070	0.01466	0.01585	0.01377	0.01814	0.01584	0.01100	0.12489	0.33418	0.08894	0.03207	0.03354	0.09597	0.01115	0.00759	0.00243	0.00606	0.05450	0.00723	0.05147
45	0.00906	0.00672	0.00846	0.00974	0.01064	0.00612	0.00665	0.01056	0.01504	0.01964	0.07601	0.57456	0.17566	0.02203	0.00931	0.00289	0.00416	0.01970	0.00695	0.00612
46	0.00940	0.00670	0.00872	0.01021	0.01074	0.00631	0.00690	0.01070	0.01411	0.01870	0.04002	0.60236	0.06615	0.09884	0.01250	0.00347	0.00475	0.05688	0.00663	0.00592
47	0.05399	0.01732	0.04311	0.01667	0.02218	0.01735	0.06955	0.26235	0.05122	0.26162	0.04491	0.02190	0.01645	0.00918	0.00861	0.00236	0.05502	0.00729	0.00722	0.01165
48	0.01551	0.12687	0.61761	0.02010	0.03049	0.01876	0.02558	0.02335	0.01560	0.02275	0.01295	0.01520	0.00942	0.00696	0.00677	0.00226	0.01059	0.00530	0.00314	0.01079
49	0.01306	0.01170	0.01901	0.55031	0.04122	0.01414	0.01712	0.01713	0.01475	0.01914	0.05287	0.09464	0.01848	0.07396	0.01037	0.00294	0.00877	0.00876	0.00402	0.00763
50	0.01032	0.00705	0.00844	0.00886	0.00909	0.00696	0.00539	0.01089	0.01214	0.01630	0.05460	0.22672	0.03418	0.49978	0.05266	0.00608	0.00674	0.01349	0.00525	0.00507
51	0.04077	0.03723	0.01655	0.01218	0.01735	0.01164	0.04011	0.07977	0.01836	0.02728	0.15501	0.06177	0.02526	0.00887	0.00667	0.00169	0.00570	0.00755	0.00554	0.42070
52	0.04845	0.37496	0.02845	0.01440	0.01971	0.21908	0.01246	0.05508	0.01783	0.05574	0.01264	0.01483	0.01081	0.03308	0.00680	0.00194	0.00917	0.00478	0.00405	0.05575

[dist]
# distance from previous block
# <min> <max>
0	5

[block]
# block no. 2 follows, 27 sequences, length 7
# corresponding to MSA columns:
# 201-207
name=unknown_C
#
# <colnr> <probs for GDERKNQSTAVLIFYWHMCP>
#	G	D	E	R	K	N	Q	S	T	A	V	L	I	F	Y	W	H	M	C	P
0	0.28244	0.10845	0.02104	0.06886	0.02234	0.21060	0.06939	0.02447	0.05215	0.02455	0.01521	0.01716	0.03981	0.00772	0.00612	0.00216	0.00897	0.00559	0.00430	0.00869
1	0.07559	0.01603	0.03006	0.38851	0.04332	0.01742	0.27932	0.02113	0.01575	0.02201	0.01371	0.01929	0.01030	0.00691	0.00774	0.00247	0.01063	0.00727	0.00358	0.00894
2	0.01662	0.01573	0.02140	0.07596	0.02199	0.02001	0.01519	0.05662	0.01375	0.02077	0.01111	0.01648	0.01015	0.01099	0.01868	0.00275	0.49889	0.00615	0.00370	0.14307
3	0.00904	0.00646	0.00861	0.01034	0.01077	0.00603	0.00689	0.01034	0.01421	0.01895	0.04092	0.73426	0.04910	0.02326	0.00948	0.00301	0.00431	0.02110	0.00689	0.00603
4	0.01051	0.00759	0.00992	0.00934	0.01109	0.00700	0.00700	0.01401	0.02101	0.02977	0.68888	0.05545	0.07005	0.01518	0.00876	0.00233	0.00350	0.01343	0.00817	0.00700
5	0.02927	0.01221	0.01624	0.01284	0.01795	0.01093	0.01046	0.03351	0.06785	0.56318	0.11573	0.02939	0.02545	0.01004	0.00764	0.00232	0.00592	0.00831	0.00894	0.01183
6	0.00904	0.00646	0.00861	0.01034	0.01077	0.00603	0.00689	0.01034	0.01421	0.01895	0.04092	0.73426	0.04910	0.02326	0.00948	0.00301	0.00431	0.02110	0.00689	0.00603

[dist]
# distance from previous block
# <min> <max>
0	15

[block]
# block no. 3 follows, 27 sequences, length 42
# corresponding to MSA columns:
# 223-264
name=unknown_D
#
# <colnr> <probs for GDERKNQSTAVLIFYWHMCP>
#	G	D	E	R	K	N	Q	S	T	A	V	L	I	F	Y	W	H	M	C	P
0	0.01985	0.74357	0.03890	0.01270	0.01905	0.02937	0.01270	0.02223	0.01508	0.01747	0.01032	0.01191	0.00953	0.00635	0.00476	0.00159	0.00794	0.00397	0.00318	0.00953
1	0.01384	0.00692	0.00692	0.00692	0.00865	0.00692	0.00519	0.01730	0.01557	0.02768	0.02422	0.02768	0.01903	0.00865	0.00519	0.00173	0.00346	0.00692	0.78031	0.00692
2	0.79154	0.01436	0.01091	0.00976	0.01436	0.01665	0.00804	0.02182	0.01263	0.03331	0.01034	0.01206	0.00804	0.00689	0.00459	0.00230	0.00574	0.00402	0.00459	0.00804
3	0.02866	0.02009	0.02184	0.01675	0.02267	0.02198	0.01383	0.61360	0.03373	0.10289	0.01881	0.01846	0.01312	0.00894	0.00743	0.00223	0.00801	0.00675	0.00758	0.01263
4	0.79154	0.01436	0.01091	0.00976	0.01436	0.01665	0.00804	0.02182	0.01263	0.03331	0.01034	0.01206	0.00804	0.00689	0.00459	0.00230	0.00574	0.00402	0.00459	0.00804
5	0.00886	0.00752	0.00764	0.00761	0.01008	0.00630	0.00571	0.01083	0.01713	0.02055	0.10671	0.07062	0.65796	0.01862	0.00877	0.00250	0.00375	0.01555	0.00696	0.00630
6	0.79154	0.01436	0.01091	0.00976	0.01436	0.01665	0.00804	0.02182	0.01263	0.03331	0.01034	0.01206	0.00804	0.00689	0.00459	0.00230	0.00574	0.00402	0.00459	0.00804
7	0.01402	0.01319	0.02227	0.72126	0.05113	0.01649	0.02062	0.01897	0.01484	0.01897	0.01319	0.01979	0.00990	0.00742	0.00742	0.00247	0.00990	0.00660	0.00330	0.00825
8	0.00971	0.00756	0.00882	0.00850	0.01060	0.00666	0.00638	0.01246	0.01913	0.02529	0.40622	0.06282	0.35549	0.01685	0.00876	0.00241	0.00362	0.01446	0.00758	0.00666
9	0.01931	0.01576	0.01681	0.01500	0.01928	0.01804	0.01170	0.03926	0.64204	0.06889	0.03016	0.02756	0.02242	0.01002	0.00755	0.00251	0.00590	0.00834	0.00765	0.01180
10	0.01837	0.01764	0.03013	0.04557	0.69279	0.01764	0.02278	0.02278	0.01690	0.02425	0.01396	0.01837	0.01176	0.00661	0.00735	0.00220	0.00882	0.00661	0.00367	0.01176
11	0.02773	0.03538	0.02104	0.01913	0.02295	0.70930	0.01434	0.02964	0.02104	0.01817	0.01148	0.01339	0.00956	0.00765	0.00669	0.00191	0.01339	0.00478	0.00383	0.00861
12	0.00904	0.00646	0.00861	0.01034	0.01077	0.00603	0.00689	0.01034	0.01421	0.01895	0.04092	0.73426	0.04910	0.02326	0.00948	0.00301	0.00431	0.02110	0.00689	0.00603
13	0.00904	0.00646	0.00861	0.01034	0.01077	0.00603	0.00689	0.01034	0.01421	0.01895	0.04092	0.73426	0.04910	0.02326	0.00948	0.00301	0.00431	0.02110	0.00689	0.00603
14	0.00885	0.00752	0.00763	0.00760	0.01008	0.00630	0.00570	0.01081	0.01711	0.02050	0.10362	0.07070	0.66108	0.01863	0.00877	0.00250	0.00375	0.01556	0.00695	0.00630
15	0.01442	0.01360	0.02299	0.65912	0.11014	0.01660	0.02082	0.01932	0.01503	0.01945	0.01327	0.01966	0.01007	0.00735	0.00742	0.00245	0.00980	0.00660	0.00333	0.00857
16	0.01061	0.00789	0.01162	0.01159	0.01287	0.00904	0.00890	0.01317	0.01239	0.01780	0.05803	0.03166	0.02192	0.08880	0.63509	0.01114	0.01830	0.00841	0.00424	0.00654
17	0.01080	0.00720	0.00810	0.00810	0.00810	0.00720	0.00450	0.01080	0.01080	0.01439	0.02339	0.04858	0.02699	0.73910	0.03779	0.00720	0.00720	0.01080	0.00450	0.00450
18	0.02725	0.03437	0.02082	0.01892	0.02276	0.67350	0.01421	0.03015	0.05516	0.01884	0.01245	0.01413	0.01024	0.00778	0.00674	0.00194	0.01300	0.00497	0.00402	0.00877
19	0.01489	0.03840	0.70064	0.02116	0.03213	0.01724	0.02743	0.02351	0.01567	0.02351	0.01332	0.01567	0.00940	0.00705	0.00705	0.00235	0.01097	0.00549	0.00313	0.01097
20	0.01051	0.00759	0.00992	0.00934	0.01109	0.00700	0.00700	0.01401	0.02101	0.02977	0.68888	0.05545	0.07005	0.01518	0.00876	0.00233	0.00350	0.01343	0.00817	0.00700
21	0.01985	0.74357	0.03890	0.01270	0.01905	0.02937	0.01270	0.02223	0.01508	0.01747	0.01032	0.01191	0.00953	0.00635	0.00476	0.00159	0.00794	0.00397	0.00318	0.00953
22	0.00904	0.00646	0.00861	0.01034	0.01077	0.00603	0.00689	0.01034	0.01421	0.01895	0.04092	0.73426	0.04910	0.02326	0.00948	0.00301	0.00431	0.02110	0.00689	0.00603
23	0.00913	0.00653	0.00869	0.01028	0.01079	0.00609	0.00690	0.01055	0.01461	0.01958	0.07868	0.69470	0.05032	0.02279	0.00943	0.00298	0.00426	0.02066	0.00697	0.00609
24	0.01489	0.03840	0.70064	0.02116	0.03213	0.01724	0.02743	0.02351	0.01567	0.02351	0.01332	0.01567	0.00940	0.00705	0.00705	0.00235	0.01097	0.00549	0.00313	0.01097
25	0.01539	0.01319	0.01539	0.01100	0.01759	0.00990	0.00880	0.01869	0.01539	0.02419	0.01319	0.01539	0.01100	0.00550	0.00550	0.00110	0.00550	0.00440	0.00440	0.78449
26	0.01184	0.00788	0.01035	0.00956	0.01155	0.00723	0.00723	0.01530	0.02103	0.06871	0.65044	0.05369	0.06704	0.01483	0.00868	0.00233	0.00367	0.01308	0.00823	0.00733
27	0.02591	0.01925	0.04883	0.01593	0.02188	0.01943	0.01346	0.46457	0.05160	0.11061	0.01955	0.04244	0.01448	0.00903	0.00729	0.00216	0.00761	0.00702	0.00711	0.09185
28	0.01643	0.01680	0.02584	0.02123	0.02233	0.02215	0.11189	0.01874	0.01228	0.01874	0.01052	0.01680	0.00997	0.01200	0.02207	0.00314	0.62054	0.00683	0.00332	0.00840
29	0.01080	0.00720	0.00810	0.00810	0.00810	0.00720	0.00450	0.01080	0.01080	0.01439	0.02339	0.04858	0.02699	0.73910	0.03779	0.00720	0.00720	0.01080	0.00450	0.00450
30	0.00904	0.00646	0.00861	0.01034	0.01077	0.00603	0.00689	0.01034	0.01421	0.01895	0.04092	0.73426	0.04910	0.02326	0.00948	0.00301	0.00431	0.02110	0.00689	0.00603
31	0.01688	0.32185	0.43465	0.01776	0.02687	0.02212	0.02151	0.02300	0.01544	0.02108	0.01212	0.01416	0.00945	0.00677	0.00613	0.00204	0.00975	0.00488	0.00315	0.01039
32	0.03032	0.01461	0.01811	0.01419	0.01976	0.01421	0.01162	0.15464	0.11436	0.48456	0.02727	0.02421	0.01789	0.00926	0.00747	0.00231	0.00660	0.00745	0.00863	0.01251
33	0.03331	0.01263	0.01723	0.01321	0.01895	0.01091	0.01091	0.03618	0.02125	0.69794	0.02929	0.02527	0.01838	0.00919	0.00747	0.00230	0.00632	0.00747	0.00919	0.01263
34	0.01402	0.01319	0.02227	0.72126	0.05113	0.01649	0.02062	0.01897	0.01484	0.01897	0.01319	0.01979	0.00990	0.00742	0.00742	0.00247	0.00990	0.00660	0.00330	0.00825
35	0.04087	0.09440	0.49270	0.01787	0.02653	0.01643	0.02174	0.02161	0.01649	0.02445	0.13615	0.02247	0.02043	0.00847	0.00708	0.00228	0.00916	0.00675	0.00411	0.01002
36	0.02670	0.02714	0.02096	0.01780	0.02250	0.35116	0.01391	0.27957	0.11301	0.03101	0.01641	0.01700	0.01248	0.00846	0.00709	0.00211	0.01037	0.00600	0.00572	0.01058
37	0.00904	0.00646	0.00861	0.01034	0.01077	0.00603	0.00689	0.01034	0.01421	0.01895	0.04092	0.73426	0.04910	0.02326	0.00948	0.00301	0.00431	0.02110	0.00689	0.00603
38	0.02838	0.01276	0.01643	0.01297	0.01804	0.01177	0.01057	0.09862	0.04570	0.49446	0.11529	0.03020	0.04959	0.01032	0.00768	0.00231	0.00604	0.00849	0.00873	0.01164
39	0.01915	0.01651	0.01876	0.01433	0.02009	0.06160	0.05619	0.16946	0.04820	0.02919	0.01654	0.04450	0.01360	0.00749	0.00647	0.00167	0.00702	0.00617	0.04117	0.40188
40	0.10555	0.03085	0.48659	0.01907	0.02818	0.01647	0.05539	0.02440	0.04367	0.07131	0.01713	0.01868	0.03530	0.00770	0.00697	0.00236	0.00965	0.00611	0.00407	0.01056
41	0.20046	0.02608	0.01852	0.01772	0.05902	0.39984	0.01293	0.05909	0.01873	0.02379	0.01240	0.01479	0.01018	0.00937	0.03119	0.00242	0.03605	0.00506	0.03363	0.00872

[dist]
# distance from previous block
# <min> <max>
2	5

[block]
# block no. 4 follows, 27 sequences, length 47
# corresponding to MSA columns:
# 270-316
name=unknown_E
#
# <colnr> <probs for GDERKNQSTAVLIFYWHMCP>
#	G	D	E	R	K	N	Q	S	T	A	V	L	I	F	Y	W	H	M	C	P
0	0.01411	0.05260	0.10753	0.01362	0.01726	0.01224	0.01226	0.02132	0.15623	0.05087	0.07948	0.20574	0.05840	0.01547	0.00850	0.00274	0.00630	0.15023	0.00649	0.00862
1	0.01652	0.01676	0.02209	0.01908	0.01934	0.05619	0.01579	0.01821	0.01188	0.01785	0.01036	0.01677	0.01019	0.01495	0.05912	0.00363	0.65340	0.00649	0.00331	0.00807
2	0.01814	0.01740	0.02972	0.08127	0.65888	0.01758	0.02267	0.02258	0.01679	0.02397	0.01392	0.01845	0.01166	0.00666	0.00735	0.00222	0.00888	0.00661	0.00365	0.01157
3	0.03171	0.01261	0.01693	0.01316	0.01867	0.01114	0.01081	0.03551	0.05398	0.63970	0.05407	0.02652	0.02053	0.00946	0.00752	0.00231	0.00619	0.00774	0.00907	0.01238
4	0.02175	0.01442	0.01641	0.01405	0.01843	0.01549	0.01111	0.08034	0.38905	0.19412	0.11341	0.02995	0.02697	0.01043	0.00768	0.00242	0.00584	0.00869	0.00802	0.01142
5	0.02773	0.03538	0.02104	0.01913	0.02295	0.70930	0.01434	0.02964	0.02104	0.01817	0.01148	0.01339	0.00956	0.00765	0.00669	0.00191	0.01339	0.00478	0.00383	0.00861
6	0.01080	0.00720	0.00810	0.00810	0.00810	0.00720	0.00450	0.01080	0.01080	0.01439	0.02339	0.04858	0.02699	0.73910	0.03779	0.00720	0.00720	0.01080	0.00450	0.00450
7	0.01057	0.00755	0.01018	0.01028	0.01106	0.00819	0.00723	0.01215	0.01197	0.01670	0.04519	0.08651	0.02561	0.31043	0.38330	0.00920	0.01345	0.01013	0.00452	0.00579
8	0.01384	0.00692	0.00692	0.00692	0.00865	0.00692	0.00519	0.01730	0.01557	0.02768	0.02422	0.02768	0.01903	0.00865	0.00519	0.00173	0.00346	0.00692	0.78031	0.00692
9	0.01127	0.00856	0.01053	0.01006	0.01216	0.00828	0.00771	0.01649	0.09227	0.02822	0.49790	0.05631	0.13710	0.01543	0.00873	0.00245	0.00403	0.05723	0.00786	0.00742
10	0.01634	0.01376	0.01590	0.01144	0.01799	0.01086	0.00919	0.06658	0.01683	0.02586	0.01354	0.01557	0.01112	0.00575	0.00564	0.00118	0.00569	0.00457	0.00462	0.72757
11	0.00904	0.00646	0.00861	0.01034	0.01077	0.00603	0.00689	0.01034	0.01421	0.01895	0.04092	0.73426	0.04910	0.02326	0.00948	0.00301	0.00431	0.02110	0.00689	0.00603
12	0.01752	0.02003	0.04380	0.03129	0.03880	0.01877	0.66583	0.02378	0.01752	0.02378	0.01502	0.02003	0.01126	0.00626	0.00876	0.00250	0.01252	0.00876	0.00375	0.01001
13	0.01563	0.14428	0.60128	0.01989	0.03017	0.01906	0.02522	0.02332	0.01558	0.02260	0.01287	0.01511	0.00942	0.00695	0.00671	0.00224	0.01052	0.00526	0.00314	0.01075
14	0.01080	0.00720	0.00810	0.00810	0.00810	0.00720	0.00450	0.01080	0.01080	0.01439	0.02339	0.04858	0.02699	0.73910	0.03779	0.00720	0.00720	0.01080	0.00450	0.00450
15	0.01846	0.01595	0.01679	0.01511	0.01930	0.01846	0.01175	0.03945	0.67938	0.03105	0.03022	0.02770	0.02266	0.01007	0.00755	0.00252	0.00588	0.00839	0.00755	0.01175
16	0.01539	0.01319	0.01539	0.01100	0.01759	0.00990	0.00880	0.01869	0.01539	0.02419	0.01319	0.01539	0.01100	0.00550	0.00550	0.00110	0.00550	0.00440	0.00440	0.78449
17	0.01997	0.41933	0.22143	0.01531	0.02282	0.04859	0.01659	0.02417	0.01611	0.08913	0.01325	0.01451	0.01045	0.00686	0.00578	0.00187	0.00875	0.00480	0.00385	0.03642
18	0.02902	0.01291	0.01670	0.01318	0.01854	0.01179	0.01073	0.03464	0.11896	0.52976	0.06139	0.02661	0.02119	0.00942	0.00744	0.00227	0.00607	0.00774	0.00864	0.05301
19	0.48631	0.02095	0.19067	0.01545	0.04283	0.01677	0.05870	0.02295	0.01421	0.05447	0.01224	0.01423	0.00911	0.00697	0.00571	0.00232	0.00767	0.00493	0.00430	0.00922
20	0.01411	0.01332	0.02229	0.69250	0.04983	0.01675	0.02044	0.01892	0.01470	0.01892	0.01305	0.01965	0.00989	0.00765	0.00812	0.00251	0.03922	0.00659	0.00330	0.00824
21	0.01061	0.00795	0.01193	0.01193	0.01326	0.00928	0.00928	0.01326	0.01193	0.01723	0.01988	0.02916	0.01856	0.05568	0.70968	0.01193	0.01988	0.00795	0.00398	0.00663
22	0.02044	0.69054	0.03756	0.01318	0.01935	0.08029	0.01283	0.02278	0.01553	0.01752	0.01041	0.01202	0.00953	0.00645	0.00491	0.00161	0.00835	0.00403	0.00322	0.00946
23	0.01030	0.00758	0.00964	0.00912	0.01096	0.00692	0.00684	0.01361	0.02052	0.02861	0.61540	0.05737	0.14425	0.01561	0.00876	0.00236	0.00353	0.01369	0.00802	0.00692
24	0.00877	0.00752	0.00752	0.00752	0.01003	0.00627	0.00564	0.01065	0.01692	0.02005	0.07520	0.07144	0.68978	0.01880	0.00877	0.00251	0.00376	0.01567	0.00689	0.00627
25	0.01289	0.00645	0.00967	0.00967	0.00967	0.00645	0.00645	0.00967	0.00967	0.01289	0.01289	0.02257	0.01289	0.02579	0.02901	0.78401	0.00645	0.00645	0.00322	0.00322
26	0.00999	0.00757	0.00921	0.00880	0.01078	0.00679	0.00660	0.01301	0.01980	0.02689	0.50683	0.06020	0.25390	0.01625	0.00876	0.00239	0.00358	0.01409	0.00779	0.00679
27	0.01752	0.02003	0.04380	0.03129	0.03880	0.01877	0.66583	0.02378	0.01752	0.02378	0.01502	0.02003	0.01126	0.00626	0.00876	0.00250	0.01252	0.00876	0.00375	0.01001
28	0.01289	0.00645	0.00967	0.00967	0.00967	0.00645	0.00645	0.00967	0.00967	0.01289	0.01289	0.02257	0.01289	0.02579	0.02901	0.78401	0.00645	0.00645	0.00322	0.00322
29	0.01384	0.00692	0.00692	0.00692	0.00865	0.00692	0.00519	0.01730	0.01557	0.02768	0.02422	0.02768	0.01903	0.00865	0.00519	0.00173	0.00346	0.00692	0.78031	0.00692
30	0.00877	0.00752	0.00752	0.00752	0.01003	0.00627	0.00564	0.01065	0.01692	0.02005	0.07520	0.07144	0.68978	0.01880	0.00877	0.00251	0.00376	0.01567	0.00689	0.00627
31	0.79154	0.01436	0.01091	0.00976	0.01436	0.01665	0.00804	0.02182	0.01263	0.03331	0.01034	0.01206	0.00804	0.00689	0.00459	0.00230	0.00574	0.00402	0.00459	0.00804
32	0.01630	0.01641	0.02365	0.02000	0.02032	0.02257	0.04429	0.01812	0.01163	0.01812	0.00997	0.01641	0.00981	0.01270	0.02369	0.00322	0.69473	0.00659	0.00327	0.00820
33	0.00904	0.00646	0.00861	0.01034	0.01077	0.00603	0.00689	0.01034	0.01421	0.01895	0.04092	0.73426	0.04910	0.02326	0.00948	0.00301	0.00431	0.02110	0.00689	0.00603
34	0.02383	0.01511	0.01722	0.01459	0.01938	0.01623	0.01160	0.07106	0.43027	0.25034	0.02927	0.02639	0.02074	0.00972	0.00752	0.00243	0.00614	0.00800	0.00808	0.01209
35	0.01985	0.74357	0.03890	0.01270	0.01905	0.02937	0.01270	0.02223	0.01508	0.01747	0.01032	0.01191	0.00953	0.00635	0.00476	0.00159	0.00794	0.00397	0.00318	0.00953
36	0.01984	0.66447	0.08397	0.01356	0.02013	0.05758	0.01379	0.02263	0.01538	0.01791	0.01058	0.01223	0.00952	0.00646	0.00500	0.00165	0.00838	0.00411	0.00320	0.00959
37	0.01985	0.74357	0.03890	0.01270	0.01905	0.02937	0.01270	0.02223	0.01508	0.01747	0.01032	0.01191	0.00953	0.00635	0.00476	0.00159	0.00794	0.00397	0.00318	0.00953
38	0.01080	0.00720	0.00810	0.00810	0.00810	0.00720	0.00450	0.01080	0.01080	0.01439	0.02339	0.04858	0.02699	0.73910	0.03779	0.00720	0.00720	0.01080	0.00450	0.00450
39	0.01001	0.00760	0.00923	0.00892	0.01091	0.00683	0.00675	0.01299	0.01956	0.02639	0.46931	0.06160	0.26650	0.01653	0.00882	0.00243	0.00371	0.03743	0.00772	0.00676
40	0.02836	0.01974	0.02153	0.01659	0.02244	0.02157	0.01368	0.57639	0.05928	0.11466	0.01953	0.01900	0.01363	0.00899	0.00744	0.00225	0.00788	0.00683	0.00762	0.01259
41	0.01080	0.00720	0.00810	0.00810	0.00810	0.00720	0.00450	0.01080	0.01080	0.01439	0.02339	0.04858	0.02699	0.73910	0.03779	0.00720	0.00720	0.01080	0.00450	0.00450
42	0.01080	0.00720	0.00810	0.00810	0.00810	0.00720	0.00450	0.01080	0.01080	0.01439	0.02339	0.04858	0.02699	0.73910	0.03779	0.00720	0.00720	0.01080	0.00450	0.00450
43	0.01933	0.01987	0.02720	0.03641	0.46082	0.13365	0.05343	0.02390	0.04071	0.02325	0.01646	0.02387	0.01455	0.00815	0.00758	0.00229	0.00950	0.06420	0.00413	0.01069
44	0.01424	0.01316	0.02203	0.65503	0.08323	0.01614	0.02007	0.01910	0.01498	0.01962	0.01371	0.02005	0.01038	0.00743	0.00732	0.00243	0.00956	0.00661	0.03651	0.00838
45	0.03331	0.01263	0.01723	0.01321	0.01895	0.01091	0.01091	0.03618	0.02125	0.69794	0.02929	0.02527	0.01838	0.00919	0.00747	0.00230	0.00632	0.00747	0.00919	0.01263
46	0.01837	0.01764	0.03013	0.04557	0.69279	0.01764	0.02278	0.02278	0.01690	0.02425	0.01396	0.01837	0.01176	0.00661	0.00735	0.00220	0.00882	0.00661	0.00367	0.01176

[dist]
# distance from previous block
# <min> <max>
0	16

[block]
# block no. 5 follows, 27 sequences, length 18
# corresponding to MSA columns:
# 333-350
name=unknown_F
#
# <colnr> <probs for GDERKNQSTAVLIFYWHMCP>
#	G	D	E	R	K	N	Q	S	T	A	V	L	I	F	Y	W	H	M	C	P
0	0.19407	0.01027	0.01166	0.01032	0.01365	0.01003	0.00809	0.02068	0.01834	0.19217	0.27890	0.09121	0.08672	0.01270	0.00755	0.00238	0.00478	0.01057	0.00741	0.00849
1	0.61407	0.01266	0.01000	0.00911	0.01305	0.01443	0.00739	0.02079	0.01330	0.03202	0.01350	0.01562	0.01055	0.00729	0.00473	0.00217	0.00522	0.00468	0.18162	0.00778
2	0.00904	0.00646	0.00861	0.01034	0.01077	0.00603	0.00689	0.01034	0.01421	0.01895	0.04092	0.73426	0.04910	0.02326	0.00948	0.00301	0.00431	0.02110	0.00689	0.00603
3	0.01813	0.01739	0.02969	0.08317	0.65708	0.01757	0.02266	0.02257	0.01679	0.02396	0.01392	0.01845	0.01166	0.00666	0.00735	0.00222	0.00888	0.00661	0.00365	0.01156
4	0.01676	0.01315	0.01553	0.01116	0.01770	0.00997	0.00896	0.02003	0.01584	0.07567	0.01442	0.01615	0.01156	0.00578	0.00565	0.00119	0.00556	0.00463	0.00476	0.72550
5	0.79154	0.01436	0.01091	0.00976	0.01436	0.01665	0.00804	0.02182	0.01263	0.03331	0.01034	0.01206	0.00804	0.00689	0.00459	0.00230	0.00574	0.00402	0.00459	0.00804
6	0.79154	0.01436	0.01091	0.00976	0.01436	0.01665	0.00804	0.02182	0.01263	0.03331	0.01034	0.01206	0.00804	0.00689	0.00459	0.00230	0.00574	0.00402	0.00459	0.00804
7	0.01003	0.00701	0.00819	0.00872	0.00913	0.00673	0.00536	0.01064	0.01253	0.01642	0.03452	0.26250	0.10704	0.43882	0.02585	0.00539	0.00593	0.01451	0.00550	0.00517
8	0.01080	0.00720	0.00810	0.00810	0.00810	0.00720	0.00450	0.01080	0.01080	0.01439	0.02339	0.04858	0.02699	0.73910	0.03779	0.00720	0.00720	0.01080	0.00450	0.00450
9	0.01027	0.00756	0.00950	0.00903	0.01081	0.00691	0.00670	0.01339	0.01998	0.02771	0.57244	0.05741	0.15580	0.04791	0.01005	0.00258	0.00370	0.01363	0.00783	0.00679
10	0.00938	0.00672	0.00891	0.01011	0.01084	0.00625	0.00692	0.01117	0.01577	0.02142	0.18878	0.57935	0.05388	0.02141	0.00931	0.00286	0.00412	0.01935	0.00718	0.00625
11	0.01837	0.01764	0.03013	0.04557	0.69279	0.01764	0.02278	0.02278	0.01690	0.02425	0.01396	0.01837	0.01176	0.00661	0.00735	0.00220	0.00882	0.00661	0.00367	0.01176
12	0.01489	0.03840	0.70064	0.02116	0.03213	0.01724	0.02743	0.02351	0.01567	0.02351	0.01332	0.01567	0.00940	0.00705	0.00705	0.00235	0.01097	0.00549	0.00313	0.01097
13	0.02773	0.03538	0.02104	0.01913	0.02295	0.70930	0.01434	0.02964	0.02104	0.01817	0.01148	0.01339	0.00956	0.00765	0.00669	0.00191	0.01339	0.00478	0.00383	0.00861
14	0.01048	0.00934	0.00908	0.00920	0.01139	0.05004	0.00675	0.01306	0.04117	0.02083	0.10747	0.19575	0.45214	0.01841	0.00874	0.00256	0.00452	0.01564	0.00682	0.00662
15	0.03192	0.01223	0.01649	0.01276	0.01822	0.01063	0.01050	0.03484	0.02084	0.65027	0.02893	0.02544	0.01842	0.00915	0.00730	0.00226	0.00611	0.00743	0.06402	0.01223
16	0.01577	0.01498	0.02542	0.45029	0.30845	0.01695	0.02149	0.02050	0.01567	0.02109	0.01350	0.01922	0.01064	0.00710	0.00739	0.00237	0.00946	0.00660	0.00345	0.00966
17	0.02409	0.02178	0.02154	0.06315	0.08784	0.15555	0.01485	0.29849	0.17570	0.03374	0.01874	0.01937	0.01405	0.00862	0.00730	0.00224	0.00884	0.00669	0.00614	0.01129

[dist]
# distance from previous block
# <min> <max>
1	2

[block]
# block no. 6 follows, 27 sequences, length 54
# corresponding to MSA columns:
# 353-406
name=unknown_G
#
# <colnr> <probs for GDERKNQSTAVLIFYWHMCP>
#	G	D	E	R	K	N	Q	S	T	A	V	L	I	F	Y	W	H	M	C	P
0	0.01080	0.00720	0.00810	0.00810	0.00810	0.00720	0.00450	0.01080	0.01080	0.01439	0.02339	0.04858	0.02699	0.73910	0.03779	0.00720	0.00720	0.01080	0.00450	0.00450
1	0.01041	0.00758	0.00979	0.00924	0.01103	0.00696	0.00693	0.01383	0.02079	0.02924	0.65531	0.05633	0.10394	0.01537	0.00876	0.00234	0.00352	0.01355	0.00810	0.00696
2	0.00904	0.00646	0.00861	0.01034	0.01077	0.00603	0.00689	0.01034	0.01421	0.01895	0.04092	0.73426	0.04910	0.02326	0.00948	0.00301	0.00431	0.02110	0.00689	0.00603
3	0.01985	0.74357	0.03890	0.01270	0.01905	0.02937	0.01270	0.02223	0.01508	0.01747	0.01032	0.01191	0.00953	0.00635	0.00476	0.00159	0.00794	0.00397	0.00318	0.00953
4	0.02110	0.02275	0.02703	0.03684	0.47502	0.21923	0.01995	0.02534	0.04031	0.02271	0.01378	0.01723	0.01148	0.00703	0.00717	0.00213	0.01005	0.00614	0.00385	0.01084
5	0.01499	0.03767	0.67472	0.02156	0.03239	0.01730	0.05262	0.02352	0.01575	0.02352	0.01339	0.01585	0.00948	0.00702	0.00712	0.00236	0.01103	0.00561	0.00316	0.01093
6	0.01985	0.74357	0.03890	0.01270	0.01905	0.02937	0.01270	0.02223	0.01508	0.01747	0.01032	0.01191	0.00953	0.00635	0.00476	0.00159	0.00794	0.00397	0.00318	0.00953
7	0.01520	0.01414	0.02341	0.47677	0.20196	0.01668	0.02007	0.01973	0.01516	0.02062	0.01373	0.01963	0.01080	0.00764	0.00837	0.00242	0.05480	0.00661	0.04323	0.00902
8	0.02822	0.02079	0.02228	0.01708	0.02302	0.02302	0.01411	0.66804	0.03490	0.04679	0.01782	0.01782	0.01262	0.00891	0.00743	0.00223	0.00817	0.00668	0.00743	0.01262
9	0.00886	0.00748	0.00767	0.00772	0.01011	0.00629	0.00575	0.01078	0.01697	0.02041	0.09926	0.10090	0.63480	0.01885	0.00880	0.00252	0.00377	0.01582	0.00695	0.00629
10	0.01846	0.01595	0.01679	0.01511	0.01930	0.01846	0.01175	0.03945	0.67938	0.03105	0.03022	0.02770	0.02266	0.01007	0.00755	0.00252	0.00588	0.00839	0.00755	0.01175
11	0.01402	0.01319	0.02227	0.72126	0.05113	0.01649	0.02062	0.01897	0.01484	0.01897	0.01319	0.01979	0.00990	0.00742	0.00742	0.00247	0.00990	0.00660	0.00330	0.00825
12	0.02822	0.02079	0.02228	0.01708	0.02302	0.02302	0.01411	0.66804	0.03490	0.04679	0.01782	0.01782	0.01262	0.00891	0.00743	0.00223	0.00817	0.00668	0.00743	0.01262
13	0.02016	0.71508	0.03818	0.01296	0.01921	0.05673	0.01277	0.02253	0.01532	0.01749	0.01037	0.01197	0.00953	0.00640	0.00484	0.00160	0.00816	0.00400	0.00320	0.00949
14	0.01691	0.01242	0.01484	0.01391	0.04406	0.01241	0.01005	0.19511	0.04344	0.05326	0.05681	0.30721	0.03048	0.03710	0.00899	0.00256	0.00590	0.01265	0.00665	0.11524
15	0.01061	0.00795	0.01193	0.01193	0.01326	0.00928	0.00928	0.01326	0.01193	0.01723	0.01988	0.02916	0.01856	0.05568	0.70968	0.01193	0.01988	0.00795	0.00398	0.00663
16	0.01078	0.00728	0.00850	0.00850	0.00864	0.00742	0.00500	0.01106	0.01092	0.01470	0.02302	0.04652	0.02610	0.66668	0.10899	0.00770	0.00854	0.01049	0.00444	0.00472
17	0.01812	0.01738	0.02968	0.08485	0.65549	0.01757	0.02266	0.02256	0.01678	0.02395	0.01392	0.01846	0.01165	0.00666	0.00735	0.00222	0.00888	0.00661	0.00365	0.01155
18	0.01581	0.11554	0.53635	0.02158	0.03156	0.01882	0.11279	0.02340	0.01586	0.02286	0.01321	0.01584	0.00967	0.00687	0.00703	0.00229	0.01084	0.00576	0.00322	0.01068
19	0.00904	0.00646	0.00861	0.01034	0.01077	0.00603	0.00689	0.01034	0.01421	0.01895	0.04092	0.73426	0.04910	0.02326	0.00948	0.00301	0.00431	0.02110	0.00689	0.00603
20	0.01080	0.00720	0.00810	0.00810	0.00810	0.00720	0.00450	0.01080	0.01080	0.01439	0.02339	0.04858	0.02699	0.73910	0.03779	0.00720	0.00720	0.01080	0.00450	0.00450
21	0.04646	0.02172	0.02264	0.21057	0.07014	0.20982	0.04946	0.17958	0.02151	0.02675	0.01414	0.01737	0.01089	0.00795	0.00770	0.00224	0.03470	0.00615	0.03057	0.00965
22	0.01617	0.01695	0.03319	0.30714	0.10689	0.01789	0.32437	0.02157	0.01619	0.02171	0.01401	0.01964	0.01072	0.00698	0.00861	0.00249	0.03491	0.00761	0.00355	0.00942
23	0.01384	0.00692	0.00692	0.00692	0.00865	0.00692	0.00519	0.01730	0.01557	0.02768	0.02422	0.02768	0.01903	0.00865	0.00519	0.00173	0.00346	0.00692	0.78031	0.00692
24	0.79154	0.01436	0.01091	0.00976	0.01436	0.01665	0.00804	0.02182	0.01263	0.03331	0.01034	0.01206	0.00804	0.00689	0.00459	0.00230	0.00574	0.00402	0.00459	0.00804
25	0.00904	0.00646	0.00861	0.01034	0.01077	0.00603	0.00689	0.01034	0.01421	0.01895	0.04092	0.73426	0.04910	0.02326	0.00948	0.00301	0.00431	0.02110	0.00689	0.00603
26	0.01596	0.01574	0.02080	0.01813	0.01852	0.05076	0.01493	0.01778	0.01199	0.01810	0.01155	0.01811	0.01114	0.01807	0.11038	0.00425	0.58223	0.00662	0.02702	0.00792
27	0.00914	0.00704	0.00836	0.00908	0.01052	0.00626	0.00641	0.01097	0.01623	0.02089	0.14474	0.37777	0.30519	0.02037	0.00910	0.00272	0.00398	0.01789	0.00707	0.00626
28	0.01106	0.00815	0.01162	0.01148	0.01261	0.00946	0.00874	0.01338	0.01198	0.01751	0.02014	0.03094	0.01926	0.13602	0.55614	0.01038	0.04735	0.00818	0.04914	0.00644
29	0.01737	0.01702	0.03022	0.18294	0.47902	0.01754	0.10260	0.02212	0.01656	0.02311	0.01394	0.01887	0.01131	0.00674	0.00754	0.00230	0.00950	0.00688	0.00361	0.01082
30	0.01864	0.01343	0.01545	0.01387	0.01743	0.01424	0.01123	0.23404	0.11385	0.06607	0.07102	0.12747	0.07815	0.01457	0.00852	0.00267	0.00639	0.15602	0.00734	0.00959
31	0.01814	0.01740	0.02970	0.08252	0.65770	0.01758	0.02266	0.02257	0.01679	0.02396	0.01392	0.01845	0.01166	0.00666	0.00735	0.00222	0.00888	0.00661	0.00365	0.01157
32	0.01944	0.68552	0.09338	0.01340	0.02013	0.02838	0.01391	0.02233	0.01513	0.01796	0.01057	0.01222	0.00952	0.00641	0.00495	0.00165	0.00819	0.00409	0.00317	0.00965
33	0.01752	0.02003	0.04380	0.03129	0.03880	0.01877	0.66583	0.02378	0.01752	0.02378	0.01502	0.02003	0.01126	0.00626	0.00876	0.00250	0.01252	0.00876	0.00375	0.01001
34	0.01814	0.01775	0.02861	0.14243	0.57127	0.04687	0.02211	0.02252	0.01678	0.02323	0.01375	0.01837	0.01140	0.00678	0.00733	0.00223	0.00917	0.00653	0.00363	0.01112
35	0.71034	0.01687	0.08302	0.01095	0.01621	0.01672	0.01007	0.02200	0.01295	0.03228	0.01065	0.01244	0.00818	0.00691	0.00485	0.00230	0.00629	0.00417	0.00444	0.00835
36	0.01023	0.00693	0.00853	0.00928	0.00952	0.00676	0.00584	0.01075	0.01236	0.01646	0.03057	0.32197	0.03583	0.39454	0.02502	0.03840	0.00600	0.04037	0.00549	0.00515
37	0.01539	0.01319	0.01539	0.01100	0.01759	0.00990	0.00880	0.01869	0.01539	0.02419	0.01319	0.01539	0.01100	0.00550	0.00550	0.00110	0.00550	0.00440	0.00440	0.78449
38	0.04225	0.20438	0.27214	0.02445	0.14216	0.04490	0.12421	0.02328	0.01613	0.02232	0.01281	0.01571	0.01010	0.00669	0.00672	0.00215	0.01002	0.00576	0.00341	0.01042
39	0.08635	0.03619	0.63717	0.02011	0.03049	0.01719	0.02564	0.02335	0.01539	0.02441	0.01305	0.01534	0.00928	0.00704	0.00683	0.00235	0.01049	0.00535	0.00327	0.01070
40	0.00904	0.00646	0.00861	0.01034	0.01077	0.00603	0.00689	0.01034	0.01421	0.01895	0.04092	0.73426	0.04910	0.02326	0.00948	0.00301	0.00431	0.02110	0.00689	0.00603
