[name]
unknown

[dist]
# distance from previous block
# <min> <max>
0	66

[block]
# block no. 0 follows, 31 sequences, length 12
# corresponding to MSA columns:
# 66-77
name=unknown_A
#
# <colnr> <probs for GDERKNQSTAVLIFYWHMCP>
#	G	D	E	R	K	N	Q	S	T	A	V	L	I	F	Y	W	H	M	C	P
0	0.01142	0.00833	0.01132	0.01269	0.01441	0.00848	0.01101	0.01565	0.06148	0.02101	0.03567	0.07374	0.03815	0.01826	0.00928	0.00309	0.00624	0.62681	0.00634	0.00660
1	0.02063	0.01649	0.01750	0.01465	0.01917	0.01871	0.01170	0.30080	0.43420	0.03445	0.02325	0.02187	0.01717	0.00885	0.00691	0.00221	0.00626	0.00710	0.00691	0.01115
2	0.00849	0.00607	0.00812	0.00971	0.01017	0.00569	0.00663	0.00980	0.01325	0.01764	0.03762	0.71517	0.04490	0.02128	0.00877	0.00280	0.00411	0.05782	0.00635	0.00560
3	0.00834	0.00595	0.00794	0.00953	0.00992	0.00556	0.00635	0.00953	0.01310	0.01746	0.03771	0.75510	0.04525	0.02143	0.00873	0.00278	0.00397	0.01945	0.00635	0.00556
4	0.01452	0.16218	0.60430	0.01814	0.02751	0.01784	0.02291	0.02146	0.01435	0.02070	0.01180	0.01384	0.00869	0.00639	0.00613	0.00204	0.00962	0.00481	0.00290	0.00988
5	0.01245	0.00759	0.00984	0.00951	0.01137	0.00701	0.00703	0.01541	0.03999	0.12381	0.34740	0.26976	0.08093	0.01555	0.00807	0.00236	0.00392	0.01377	0.00722	0.00703
6	0.00825	0.00694	0.00716	0.00710	0.00934	0.00584	0.00533	0.01013	0.01598	0.01939	0.13489	0.06434	0.64796	0.01699	0.00808	0.00229	0.00344	0.01423	0.00647	0.00584
7	0.01776	0.01592	0.04380	0.04117	0.12150	0.01689	0.01316	0.14069	0.40739	0.02895	0.02496	0.02432	0.05495	0.00890	0.00696	0.00223	0.00634	0.00745	0.00611	0.01056
8	0.01947	0.08016	0.06456	0.03026	0.38055	0.19984	0.04993	0.05600	0.01720	0.02140	0.01221	0.01521	0.01006	0.00643	0.00648	0.00194	0.00938	0.00551	0.00353	0.00986
9	0.02971	0.01167	0.01578	0.01205	0.01739	0.01000	0.00994	0.03238	0.01926	0.67976	0.02610	0.02274	0.01653	0.00826	0.00677	0.00205	0.00578	0.00671	0.00820	0.05892
10	0.02261	0.01545	0.01730	0.01373	0.01822	0.01651	0.01115	0.46310	0.02750	0.11184	0.14760	0.06018	0.02366	0.00996	0.00717	0.00211	0.00637	0.00805	0.00712	0.01038
11	0.02331	0.05554	0.01595	0.01197	0.01649	0.01255	0.00978	0.08537	0.14342	0.37714	0.07523	0.02878	0.09431	0.00975	0.00695	0.00213	0.00556	0.00796	0.00745	0.01036

[dist]
# distance from previous block
# <min> <max>
3	8

[block]
# block no. 1 follows, 31 sequences, length 25
# corresponding to MSA columns:
# 86-110
name=unknown_B
#
# <colnr> <probs for GDERKNQSTAVLIFYWHMCP>
#	G	D	E	R	K	N	Q	S	T	A	V	L	I	F	Y	W	H	M	C	P
0	0.04240	0.23626	0.06378	0.01349	0.01850	0.05426	0.01203	0.08212	0.18337	0.12504	0.01758	0.01769	0.01336	0.00875	0.02521	0.00218	0.03570	0.00564	0.00516	0.03747
1	0.02109	0.07619	0.10262	0.01413	0.01933	0.01699	0.01267	0.36146	0.02354	0.09433	0.01893	0.10041	0.01585	0.03270	0.00758	0.00220	0.00703	0.00745	0.02981	0.03569
2	0.06169	0.11481	0.11067	0.01791	0.02403	0.01648	0.22031	0.02106	0.06238	0.02183	0.01307	0.01577	0.01037	0.00639	0.00733	0.00190	0.05830	0.00572	0.00373	0.20626
3	0.17150	0.01716	0.01688	0.01375	0.01830	0.06726	0.01110	0.41200	0.02470	0.07294	0.01756	0.09439	0.01452	0.00921	0.00651	0.00213	0.00697	0.00703	0.00616	0.00993
4	0.01880	0.33952	0.16548	0.01739	0.07000	0.18255	0.03905	0.02316	0.05083	0.01861	0.01162	0.01338	0.00958	0.00644	0.00563	0.00178	0.00910	0.00463	0.00331	0.00911
5	0.01037	0.00813	0.01179	0.01146	0.01243	0.00977	0.00887	0.01249	0.01084	0.01571	0.01757	0.02718	0.01690	0.11179	0.58857	0.00969	0.09932	0.00742	0.00363	0.00608
6	0.01641	0.01348	0.01538	0.01119	0.01715	0.01140	0.00903	0.14461	0.01757	0.02621	0.01296	0.01461	0.01042	0.00566	0.00540	0.00121	0.00553	0.00445	0.00458	0.65275
7	0.00839	0.00691	0.00717	0.00713	0.00917	0.00591	0.00522	0.01010	0.01543	0.01881	0.12209	0.06267	0.59545	0.08288	0.01046	0.00268	0.00373	0.01386	0.00626	0.00569
8	0.01121	0.00890	0.01052	0.00949	0.01215	0.00833	0.00721	0.01654	0.12222	0.02504	0.37477	0.08639	0.13342	0.01278	0.00748	0.00206	0.00392	0.01108	0.00668	0.12979
9	0.00834	0.00595	0.00794	0.00953	0.00992	0.00556	0.00635	0.00953	0.01310	0.01746	0.03771	0.75510	0.04525	0.02143	0.00873	0.00278	0.00397	0.01945	0.00635	0.00556
10	0.02520	0.07632	0.02072	0.01679	0.02094	0.51680	0.01307	0.18637	0.02209	0.02301	0.01191	0.01323	0.00949	0.00725	0.00622	0.00181	0.01086	0.00478	0.00428	0.00887
11	0.07172	0.01517	0.01732	0.01319	0.01850	0.03454	0.03704	0.20399	0.03937	0.06515	0.01423	0.01556	0.01094	0.00678	0.00676	0.00165	0.04733	0.00514	0.00505	0.37057
12	0.01698	0.52848	0.22274	0.01533	0.05547	0.02349	0.01586	0.02083	0.01413	0.01792	0.01043	0.01221	0.00885	0.00604	0.00508	0.00168	0.00812	0.00416	0.00294	0.00924
13	0.11468	0.17454	0.04111	0.01159	0.01686	0.03573	0.01010	0.07924	0.01577	0.06391	0.01496	0.03659	0.03392	0.00707	0.00594	0.00162	0.03098	0.00516	0.00439	0.29583
14	0.01021	0.00768	0.00858	0.00816	0.01043	0.00688	0.00617	0.04649	0.01745	0.04570	0.23639	0.09802	0.44123	0.01590	0.00801	0.00228	0.00372	0.01350	0.00677	0.00644
15	0.00909	0.00635	0.00764	0.00835	0.00869	0.00609	0.00521	0.00975	0.01176	0.01552	0.03214	0.36558	0.08195	0.37612	0.02123	0.00460	0.00522	0.01453	0.00529	0.00489
16	0.01420	0.00989	0.01291	0.01164	0.01424	0.00959	0.03115	0.05031	0.06370	0.10628	0.02755	0.36873	0.02883	0.03614	0.00923	0.00245	0.04822	0.01248	0.00595	0.13650
17	0.04657	0.02531	0.02534	0.02266	0.09978	0.38812	0.18874	0.05948	0.04094	0.02086	0.01250	0.01501	0.00993	0.00673	0.00672	0.00198	0.01098	0.00571	0.00380	0.00885
18	0.00844	0.00603	0.00803	0.00946	0.00995	0.00562	0.00636	0.00978	0.01357	0.01821	0.08820	0.70248	0.04669	0.02088	0.00868	0.00273	0.00391	0.01892	0.00644	0.00562
19	0.01700	0.01665	0.02618	0.10561	0.59132	0.05287	0.02002	0.02158	0.04212	0.02185	0.01326	0.01715	0.01096	0.00634	0.00676	0.00205	0.00833	0.00607	0.00350	0.01038
20	0.01634	0.01236	0.01452	0.01076	0.01639	0.01004	0.00860	0.07662	0.01616	0.08646	0.01534	0.05830	0.01292	0.00660	0.00560	0.00130	0.00528	0.00538	0.00482	0.61620
21	0.01566	0.06622	0.31689	0.02499	0.21719	0.07579	0.07924	0.02105	0.01550	0.02118	0.03705	0.01881	0.04612	0.00710	0.00670	0.00208	0.00917	0.00617	0.00345	0.00965
22	0.01454	0.01223	0.01563	0.01750	0.14635	0.06082	0.03354	0.08502	0.04184	0.04656	0.18510	0.25184	0.03441	0.01311	0.00770	0.00229	0.00588	0.01170	0.00591	0.00804
23	0.01610	0.17476	0.39414	0.02158	0.12826	0.01862	0.06211	0.06810	0.01584	0.02217	0.01220	0.01451	0.00932	0.00639	0.00624	0.00201	0.00917	0.00519	0.00328	0.01001
24	0.04168	0.19881	0.13451	0.01716	0.04296	0.18964	0.07749	0.09611	0.05451	0.02195	0.01454	0.01621	0.03231	0.00817	0.02394	0.00213	0.00938	0.00546	0.00393	0.00911

[dist]
# distance from previous block
# <min> <max>
3	6

[block]
# block no. 2 follows, 31 sequences, length 33
# corresponding to MSA columns:
# 117-149
name=unknown_C
#
# <colnr> <probs for GDERKNQSTAVLIFYWHMCP>
#	G	D	E	R	K	N	Q	S	T	A	V	L	I	F	Y	W	H	M	C	P
0	0.01319	0.00813	0.01028	0.00947	0.01170	0.00754	0.00717	0.05137	0.01860	0.12620	0.38956	0.16599	0.12487	0.01451	0.00795	0.00227	0.00399	0.01267	0.00730	0.00726
1	0.01821	0.01913	0.02204	0.08818	0.26264	0.20851	0.06552	0.06194	0.01759	0.02162	0.04382	0.02171	0.07298	0.00786	0.00680	0.00201	0.00879	0.00675	0.03497	0.00893
2	0.01432	0.01223	0.01582	0.15792	0.05330	0.01085	0.01082	0.03685	0.01467	0.02211	0.01286	0.01579	0.01040	0.00571	0.00553	0.00137	0.00598	0.00473	0.04632	0.54240
3	0.12625	0.04838	0.01043	0.00925	0.01125	0.00894	0.00699	0.03298	0.01572	0.02327	0.23952	0.28072	0.11720	0.01525	0.00753	0.00236	0.00421	0.02704	0.00623	0.00649
4	0.01836	0.05688	0.03420	0.01366	0.01780	0.09566	0.01108	0.15967	0.33355	0.02804	0.05206	0.02707	0.10299	0.00972	0.00688	0.00215	0.00650	0.00776	0.00619	0.00977
5	0.80789	0.01323	0.01006	0.00900	0.01323	0.01535	0.00741	0.02011	0.01164	0.03070	0.00953	0.01111	0.00741	0.00635	0.00423	0.00212	0.00529	0.00370	0.00423	0.00741
6	0.01172	0.00600	0.00879	0.00879	0.00879	0.00600	0.00579	0.00900	0.00900	0.01200	0.01269	0.02279	0.01296	0.08481	0.02741	0.73505	0.00600	0.00627	0.00307	0.00307
7	0.08789	0.02114	0.19960	0.05982	0.07586	0.01698	0.24569	0.06564	0.03547	0.04114	0.01339	0.01658	0.01008	0.00695	0.00830	0.00227	0.07367	0.00635	0.00377	0.00942
8	0.00833	0.00678	0.00731	0.00750	0.00939	0.00583	0.00546	0.01007	0.01541	0.01903	0.12410	0.16923	0.53066	0.03881	0.00895	0.00249	0.00361	0.01488	0.00640	0.00576
9	0.02301	0.01662	0.01822	0.01443	0.01919	0.01794	0.01169	0.53713	0.02805	0.06256	0.01969	0.12412	0.01664	0.00999	0.00703	0.00211	0.00683	0.00802	0.00669	0.05006
10	0.09123	0.01913	0.13935	0.02145	0.08750	0.01592	0.23658	0.13790	0.01781	0.02608	0.01557	0.08219	0.01318	0.00775	0.00700	0.00216	0.00863	0.00743	0.00432	0.05883
11	0.03542	0.01469	0.01601	0.06734	0.04539	0.03938	0.01148	0.11510	0.41872	0.02807	0.04687	0.06413	0.04785	0.00982	0.00701	0.00227	0.00606	0.00818	0.00631	0.00991
12	0.01829	0.76368	0.03585	0.01171	0.01756	0.02707	0.01171	0.02049	0.01390	0.01610	0.00951	0.01097	0.00878	0.00585	0.00439	0.00146	0.00732	0.00366	0.00293	0.00878
13	0.02089	0.01273	0.01589	0.01296	0.01703	0.01292	0.04014	0.17792	0.12746	0.22996	0.16149	0.06660	0.02708	0.01019	0.00721	0.00217	0.00570	0.00865	0.03316	0.00987
14	0.01447	0.02850	0.47370	0.02378	0.12573	0.01611	0.12726	0.02114	0.01462	0.02144	0.01267	0.01581	0.00951	0.00790	0.02959	0.00247	0.03660	0.00577	0.00307	0.00986
15	0.00864	0.00656	0.00789	0.00837	0.00968	0.00589	0.00592	0.01047	0.01534	0.02009	0.21341	0.32965	0.26931	0.04506	0.00930	0.00261	0.00372	0.01572	0.00656	0.00580
16	0.00826	0.00692	0.00720	0.00731	0.00948	0.00587	0.00550	0.01008	0.01563	0.01884	0.09071	0.09579	0.63660	0.01744	0.00816	0.00235	0.00358	0.03806	0.00639	0.00581
17	0.04465	0.36833	0.33056	0.01719	0.07394	0.02104	0.01807	0.02102	0.01418	0.01948	0.01095	0.01291	0.00883	0.00617	0.00547	0.00183	0.00851	0.00444	0.00299	0.00945
18	0.01114	0.00821	0.00972	0.00998	0.01147	0.00809	0.00710	0.11677	0.01635	0.02145	0.03879	0.49472	0.14801	0.05241	0.00952	0.00276	0.00457	0.01612	0.00633	0.00648
19	0.50189	0.01642	0.01272	0.01111	0.01519	0.13180	0.00890	0.09351	0.01582	0.05517	0.03907	0.01452	0.01111	0.00711	0.00510	0.00203	0.00653	0.00465	0.03931	0.00802
20	0.04827	0.01748	0.02990	0.03498	0.44462	0.04343	0.20417	0.05219	0.01648	0.02330	0.01308	0.01693	0.01054	0.00615	0.00701	0.00210	0.00908	0.00649	0.00360	0.01019
21	0.01907	0.01974	0.02473	0.03377	0.49576	0.17621	0.01823	0.06080	0.01739	0.02215	0.01459	0.01764	0.03575	0.00684	0.00669	0.00198	0.00887	0.00602	0.00372	0.01005
22	0.00995	0.00663	0.00746	0.00746	0.00746	0.00663	0.00415	0.00995	0.00995	0.01327	0.02156	0.04477	0.02487	0.75957	0.03482	0.00663	0.00663	0.00995	0.00415	0.00415
23	0.01333	0.00982	0.01161	0.01054	0.01214	0.01065	0.00768	0.14479	0.03035	0.02137	0.06111	0.08969	0.07859	0.27728	0.10567	0.03974	0.05443	0.00963	0.00508	0.00651
24	0.01833	0.01755	0.06948	0.02315	0.22264	0.04447	0.04522	0.10250	0.27870	0.04830	0.01962	0.02035	0.01491	0.00773	0.00680	0.00214	0.00724	0.00671	0.03360	0.01055
25	0.01840	0.02042	0.11136	0.03321	0.47318	0.10895	0.01948	0.02324	0.04684	0.05920	0.01392	0.01675	0.01108	0.00654	0.00667	0.00203	0.00868	0.00586	0.00377	0.01041
26	0.00834	0.00595	0.00794	0.00953	0.00992	0.00556	0.00635	0.00953	0.01310	0.01746	0.03771	0.75510	0.04525	0.02143	0.00873	0.00278	0.00397	0.01945	0.00635	0.00556
27	0.01879	0.02024	0.05630	0.03535	0.52756	0.14850	0.01939	0.05218	0.01697	0.02221	0.01258	0.01595	0.01040	0.00638	0.00665	0.00199	0.00896	0.00574	0.00354	0.01030
28	0.01552	0.01314	0.02159	0.44287	0.13120	0.01478	0.06550	0.03953	0.04262	0.08096	0.01751	0.02133	0.04883	0.00751	0.00700	0.00223	0.00837	0.00681	0.00403	0.00866
29	0.01686	0.01630	0.02637	0.03918	0.64560	0.04170	0.02006	0.02078	0.01573	0.02202	0.01431	0.02071	0.01263	0.00697	0.00693	0.00210	0.00816	0.04957	0.00358	0.01043
30	0.04042	0.00659	0.00849	0.00984	0.01066	0.00632	0.00704	0.01075	0.01373	0.01882	0.06183	0.58106	0.06330	0.02008	0.00862	0.00277	0.00432	0.11327	0.00630	0.00578
31	0.01694	0.01618	0.02716	0.04060	0.68209	0.01629	0.02049	0.02176	0.04987	0.02266	0.01361	0.01736	0.01134	0.00625	0.00678	0.00205	0.00799	0.00618	0.00356	0.01084
32	0.05162	0.27030	0.02454	0.01521	0.01969	0.41445	0.01249	0.08167	0.01840	0.01929	0.01069	0.01220	0.00899	0.00673	0.00557	0.00170	0.01003	0.00429	0.00364	0.00851

[dist]
# distance from previous block
# <min> <max>
2	3

[block]
# block no. 3 follows, 31 sequences, length 26
# corresponding to MSA columns:
# 153-178
name=unknown_D
#
# <colnr> <probs for GDERKNQSTAVLIFYWHMCP>
#	G	D	E	R	K	N	Q	S	T	A	V	L	I	F	Y	W	H	M	C	P
0	0.00974	0.00655	0.00752	0.00773	0.00778	0.00649	0.00443	0.00989	0.01035	0.01380	0.02363	0.13587	0.02749	0.66490	0.03148	0.00614	0.00629	0.01117	0.00443	0.00433
1	0.10347	0.19340	0.04821	0.01499	0.03857	0.23386	0.01234	0.14281	0.04327	0.04692	0.05116	0.01578	0.01296	0.00737	0.00586	0.00186	0.00844	0.00518	0.00452	0.00903
2	0.01696	0.01577	0.02551	0.13472	0.53504	0.01647	0.01955	0.06402	0.06169	0.02341	0.01398	0.01765	0.01131	0.00654	0.00680	0.00209	0.00805	0.00621	0.00379	0.01044
3	0.11318	0.27893	0.06502	0.01284	0.03168	0.05218	0.02698	0.07902	0.01650	0.06163	0.08093	0.05426	0.05376	0.00842	0.00584	0.00187	0.00671	0.00647	0.00460	0.03918
4	0.01576	0.10381	0.57899	0.01816	0.02733	0.01703	0.02246	0.06456	0.01576	0.05608	0.01298	0.01466	0.00926	0.00664	0.00634	0.00209	0.00947	0.00508	0.00341	0.01015
5	0.00984	0.00659	0.00749	0.00760	0.00762	0.00656	0.00429	0.00992	0.01016	0.01354	0.02262	0.09151	0.02621	0.71100	0.03311	0.00638	0.00646	0.01057	0.00429	0.00424
6	0.00907	0.00668	0.00788	0.00829	0.00936	0.00619	0.00572	0.01049	0.01395	0.01814	0.13498	0.22474	0.22894	0.22468	0.01577	0.00366	0.00462	0.05555	0.00590	0.00540
7	0.27042	0.02300	0.27993	0.06325	0.04903	0.04372	0.04029	0.08906	0.01574	0.04898	0.01229	0.01426	0.00900	0.00669	0.00590	0.00213	0.00817	0.00498	0.00397	0.00920
8	0.01198	0.00901	0.01084	0.01088	0.01309	0.00896	0.00883	0.10037	0.04024	0.02357	0.11446	0.13670	0.20447	0.01658	0.00847	0.00263	0.00515	0.26029	0.00654	0.00694
9	0.00868	0.00613	0.00795	0.00914	0.00956	0.00579	0.00601	0.00983	0.01304	0.01751	0.08247	0.59465	0.04341	0.13643	0.01277	0.00334	0.00433	0.01747	0.00609	0.00540
10	0.09421	0.05738	0.05541	0.01711	0.09385	0.28402	0.01257	0.06697	0.06640	0.02285	0.09948	0.02206	0.06277	0.00852	0.00643	0.00197	0.00839	0.00647	0.00463	0.00848
11	0.06447	0.01601	0.02037	0.01539	0.02091	0.01615	0.09899	0.33370	0.02343	0.14049	0.01726	0.03867	0.01280	0.00769	0.00662	0.00194	0.00714	0.00642	0.00603	0.14553
12	0.00987	0.00694	0.00899	0.00899	0.00952	0.00746	0.00606	0.01093	0.01040	0.01440	0.02015	0.03701	0.02150	0.45240	0.33738	0.00852	0.01170	0.00881	0.00394	0.00500
13	0.00876	0.00624	0.00828	0.00966	0.01022	0.00589	0.00670	0.01020	0.01355	0.01811	0.07575	0.61046	0.04471	0.05997	0.01015	0.00298	0.00430	0.08215	0.00630	0.00561
14	0.05869	0.02901	0.48550	0.02014	0.09505	0.04974	0.02125	0.02350	0.03806	0.09539	0.01416	0.01571	0.01009	0.00678	0.00645	0.00213	0.00916	0.00534	0.00376	0.01012
15	0.06680	0.02222	0.13081	0.02987	0.38299	0.14703	0.01872	0.07978	0.01728	0.02351	0.01246	0.01532	0.01000	0.00653	0.00647	0.00201	0.00897	0.00549	0.00368	0.01006
16	0.01039	0.00955	0.00857	0.00843	0.01073	0.07917	0.00641	0.01241	0.01623	0.01954	0.11264	0.05771	0.51432	0.01560	0.00779	0.00225	0.00448	0.04946	0.04820	0.00611
17	0.30464	0.01285	0.01477	0.15973	0.09744	0.04694	0.01147	0.04161	0.01341	0.04334	0.01297	0.05110	0.01118	0.01020	0.00926	0.13519	0.00684	0.00578	0.00398	0.00729
18	0.05253	0.18136	0.44629	0.01927	0.07159	0.04347	0.05297	0.02152	0.01453	0.02083	0.01164	0.01386	0.00886	0.00632	0.00604	0.00200	0.00933	0.00490	0.00304	0.00964
19	0.01526	0.01444	0.02345	0.06199	0.54360	0.01444	0.01783	0.01951	0.04097	0.02173	0.02309	0.02571	0.13199	0.00817	0.00701	0.00210	0.00726	0.00759	0.00402	0.00984
20	0.05129	0.00791	0.00986	0.01054	0.05470	0.00748	0.00700	0.01329	0.01584	0.05450	0.29173	0.13879	0.16848	0.12456	0.01178	0.00291	0.00441	0.01222	0.00627	0.00644
21	0.64546	0.06181	0.01182	0.02926	0.01388	0.01511	0.00773	0.01888	0.01161	0.02737	0.01047	0.01389	0.00886	0.05472	0.00733	0.04075	0.00565	0.00427	0.00405	0.00709
22	0.09820	0.00828	0.00850	0.00812	0.01025	0.02527	0.00607	0.01263	0.01637	0.02298	0.31177	0.05123	0.31686	0.06320	0.00936	0.00250	0.00400	0.01189	0.00637	0.00617
23	0.02306	0.01654	0.01811	0.01416	0.01894	0.01787	0.01150	0.51442	0.04767	0.07142	0.08794	0.02189	0.01813	0.04694	0.00833	0.00227	0.00681	0.00698	0.00675	0.04026
24	0.03298	0.00970	0.06585	0.00934	0.01204	0.00756	0.00794	0.01365	0.03186	0.04316	0.29334	0.09669	0.29015	0.01482	0.00789	0.00230	0.00424	0.04326	0.00652	0.00671
25	0.29948	0.07803	0.10956	0.03073	0.06882	0.01645	0.01261	0.11084	0.01604	0.06976	0.03812	0.05094	0.01303	0.00802	0.00670	0.00214	0.04945	0.00582	0.00462	0.00884

[dist]
# distance from previous block
# <min> <max>
0	26

[block]
# block no. 4 follows, 31 sequences, length 44
# corresponding to MSA columns:
# 205-248
name=unknown_E
#
# <colnr> <probs for GDERKNQSTAVLIFYWHMCP>
#	G	D	E	R	K	N	Q	S	T	A	V	L	I	F	Y	W	H	M	C	P
0	0.07610	0.08496	0.25715	0.06044	0.08761	0.13549	0.01739	0.11193	0.03756	0.02385	0.01455	0.01634	0.03339	0.00719	0.00627	0.00203	0.00896	0.00543	0.00391	0.00945
1	0.37775	0.09375	0.10620	0.03099	0.05739	0.01538	0.01137	0.03587	0.01392	0.07961	0.01278	0.01439	0.00972	0.00658	0.00510	0.00195	0.00629	0.00460	0.06733	0.04901
2	0.07900	0.01500	0.11043	0.01312	0.01602	0.09483	0.01162	0.01614	0.01247	0.01804	0.01539	0.02156	0.01376	0.03427	0.45158	0.00756	0.05228	0.00631	0.00356	0.00705
3	0.01349	0.01106	0.01196	0.01094	0.01408	0.01165	0.00847	0.04292	0.32217	0.02481	0.07336	0.06322	0.19990	0.01310	0.02786	0.00246	0.00505	0.02901	0.05379	0.06070
4	0.01488	0.01593	0.09895	0.06619	0.19942	0.03391	0.11013	0.05497	0.01670	0.02379	0.13531	0.04848	0.02154	0.00854	0.00742	0.00212	0.02841	0.00777	0.09681	0.00875
5	0.03397	0.05936	0.01763	0.02054	0.25481	0.01182	0.01204	0.01796	0.03697	0.07198	0.23629	0.05942	0.11814	0.01072	0.00720	0.00211	0.00553	0.00943	0.00558	0.00851
6	0.00853	0.00609	0.00816	0.00974	0.01022	0.00572	0.00668	0.00985	0.01329	0.01768	0.03760	0.70717	0.04483	0.02125	0.00878	0.00280	0.00413	0.06550	0.00635	0.00561
7	0.00908	0.00727	0.00819	0.00818	0.01019	0.00655	0.00617	0.01204	0.04775	0.02134	0.23427	0.11559	0.42304	0.01648	0.00815	0.00235	0.00367	0.04678	0.00669	0.00619
8	0.05670	0.14023	0.47506	0.01887	0.04552	0.01737	0.08476	0.02102	0.01426	0.02107	0.01219	0.01522	0.00939	0.03172	0.00718	0.00222	0.00940	0.00525	0.00308	0.00950
9	0.01686	0.01652	0.02598	0.03845	0.63024	0.05679	0.01958	0.02060	0.01563	0.02171	0.01437	0.06530	0.01299	0.00716	0.00687	0.00207	0.00810	0.00688	0.00359	0.01032
10	0.01230	0.00994	0.01019	0.01030	0.01186	0.08541	0.00737	0.01498	0.05077	0.06056	0.18348	0.35710	0.08591	0.05573	0.00945	0.00264	0.00500	0.01411	0.00634	0.00657
11	0.78111	0.01319	0.01041	0.03373	0.01437	0.01534	0.00780	0.02002	0.01171	0.03025	0.00961	0.01135	0.00747	0.00637	0.00432	0.00212	0.00542	0.00378	0.00419	0.00742
12	0.01611	0.01404	0.03685	0.01153	0.01422	0.08491	0.00881	0.19263	0.05833	0.02456	0.10212	0.03406	0.06899	0.28344	0.01720	0.00374	0.00689	0.00868	0.00544	0.00745
13	0.00917	0.00637	0.00819	0.00909	0.00954	0.00630	0.00605	0.01028	0.01206	0.01640	0.03031	0.42732	0.03513	0.23549	0.10087	0.00482	0.00645	0.03144	0.02947	0.00526
14	0.01046	0.00751	0.01033	0.01169	0.01313	0.00738	0.00985	0.01330	0.01565	0.02053	0.08929	0.17046	0.06177	0.01883	0.00920	0.00300	0.00565	0.50939	0.00640	0.00619
15	0.68416	0.01417	0.01171	0.01006	0.01449	0.01628	0.00829	0.12677	0.01489	0.03266	0.01062	0.01195	0.00808	0.00665	0.00465	0.00211	0.00565	0.00409	0.00465	0.00808
16	0.06709	0.01531	0.05259	0.36315	0.25450	0.05139	0.01807	0.01906	0.01428	0.01983	0.01264	0.01829	0.01035	0.04647	0.00808	0.00239	0.00863	0.00600	0.00331	0.00857
17	0.01884	0.73034	0.03496	0.01173	0.01756	0.02632	0.01163	0.02106	0.01415	0.04738	0.01029	0.01152	0.00914	0.00597	0.00450	0.00149	0.00725	0.00380	0.00317	0.00891
18	0.01080	0.00724	0.00950	0.00880	0.01060	0.00665	0.00665	0.01399	0.01938	0.06424	0.67690	0.04963	0.06203	0.01369	0.00801	0.00215	0.00337	0.01208	0.00758	0.00673
19	0.06516	0.01305	0.01704	0.01843	0.16478	0.01332	0.01195	0.13280	0.09756	0.18190	0.07304	0.13768	0.02261	0.01034	0.00709	0.00222	0.00603	0.00889	0.00631	0.00980
20	0.49997	0.05721	0.03150	0.01040	0.01498	0.01558	0.00886	0.11168	0.01548	0.04672	0.04879	0.01493	0.01182	0.00700	0.00499	0.00199	0.00567	0.00470	0.02728	0.06046
21	0.00950	0.00682	0.00877	0.00994	0.01067	0.00659	0.00679	0.05462	0.01435	0.01915	0.03631	0.70644	0.04303	0.02056	0.00861	0.00273	0.00420	0.01857	0.00638	0.00596
22	0.00936	0.00698	0.00870	0.00827	0.01003	0.00632	0.00620	0.01229	0.01861	0.02565	0.58466	0.05405	0.19429	0.01465	0.00807	0.00218	0.00328	0.01279	0.00730	0.00632
23	0.00900	0.00691	0.01008	0.01063	0.01156	0.00646	0.05146	0.01050	0.01331	0.01764	0.03677	0.61344	0.07546	0.06265	0.01018	0.00296	0.00466	0.03456	0.00603	0.00575
24	0.01563	0.15644	0.47056	0.02116	0.12155	0.05930	0.02168	0.02170	0.01479	0.02053	0.01179	0.01407	0.00899	0.00637	0.00616	0.00201	0.00949	0.00492	0.00300	0.00986
25	0.33238	0.01244	0.01359	0.01104	0.01584	0.01252	0.00907	0.02837	0.05595	0.41280	0.02024	0.01868	0.01346	0.00769	0.00585	0.00213	0.00559	0.00569	0.00673	0.00995
26	0.01368	0.00727	0.00736	0.00703	0.00889	0.00741	0.00536	0.06326	0.01559	0.02673	0.02191	0.02487	0.01712	0.00799	0.00493	0.00163	0.00349	0.00636	0.74238	0.00674
27	0.00949	0.00707	0.00852	0.00825	0.00979	0.00655	0.00596	0.01224	0.03392	0.02303	0.42543	0.08626	0.19981	0.11966	0.01183	0.00285	0.00385	0.01271	0.00673	0.00605
28	0.04115	0.03834	0.01587	0.07487	0.01846	0.01323	0.01051	0.19764	0.02133	0.18608	0.21698	0.06498	0.02907	0.01044	0.00758	0.00216	0.02682	0.00859	0.00674	0.00918
29	0.00850	0.00602	0.00789	0.00932	0.00967	0.00567	0.00613	0.00957	0.01278	0.01704	0.03606	0.68268	0.04317	0.09669	0.01139	0.00317	0.00424	0.01848	0.00613	0.00541
30	0.07482	0.03197	0.58753	0.03619	0.02761	0.05675	0.02241	0.02134	0.01431	0.02164	0.01195	0.01438	0.00870	0.00711	0.00700	0.02909	0.00971	0.00497	0.00303	0.00948
31	0.01225	0.09083	0.01297	0.01026	0.01283	0.02892	0.00829	0.04654	0.08287	0.02232	0.15935	0.11343	0.21109	0.01440	0.00766	0.00233	0.00495	0.12136	0.03026	0.00711
32	0.01188	0.00594	0.00891	0.00891	0.00891	0.00594	0.00594	0.00891	0.00891	0.01188	0.01188	0.02080	0.01188	0.02377	0.02674	0.80095	0.00594	0.00594	0.00297	0.00297
33	0.03836	0.09707	0.59116	0.01945	0.06244	0.01671	0.02296	0.02127	0.01429	0.02136	0.01211	0.01444	0.00893	0.00740	0.02213	0.00229	0.00980	0.00499	0.00298	0.00986
34	0.00867	0.00641	0.00810	0.00882	0.00989	0.00584	0.00618	0.01052	0.01528	0.02042	0.23119	0.43941	0.16686	0.01865	0.00844	0.00252	0.00368	0.01661	0.00668	0.00584
35	0.00986	0.00673	0.00888	0.00911	0.01035	0.00621	0.00654	0.01222	0.01678	0.04761	0.40932	0.34184	0.05489	0.01688	0.00830	0.00241	0.00363	0.01511	0.00707	0.00626
36	0.14140	0.03073	0.56937	0.01911	0.06657	0.01582	0.02216	0.02138	0.01406	0.02316	0.01187	0.01405	0.00859	0.00645	0.00615	0.00215	0.00922	0.00490	0.00313	0.00972
37	0.01989	0.01317	0.01461	0.01240	0.01639	0.01409	0.00985	0.14529	0.30827	0.16409	0.04807	0.02721	0.07027	0.00952	0.00680	0.00215	0.00541	0.00777	0.09461	0.01014
38	0.00888	0.00632	0.00843	0.00993	0.01050	0.00601	0.00701	0.01033	0.01336	0.01773	0.03653	0.59988	0.04308	0.06353	0.01036	0.00306	0.00452	0.12873	0.00622	0.00560
39	0.00822	0.00694	0.00712	0.00708	0.00933	0.00583	0.00531	0.01009	0.01592	0.01926	0.12515	0.06456	0.65779	0.01704	0.00808	0.00230	0.00344	0.01426	0.00646	0.00583
40	0.01366	0.00910	0.01097	0.00964	0.01226	0.00871	0.00748	0.10797	0.02049	0.09448	0.43980	0.04624	0.16568	0.01325	0.00779	0.00216	0.00411	0.01135	0.00732	0.00755
41	0.05783	0.02683	0.01825	0.01770	0.06783	0.52843	0.01257	0.04721	0.01820	0.01896	0.01211	0.01529	0.01034	0.04706	0.00799	0.00209	0.02897	0.00500	0.04942	0.00793
42	0.51268	0.01532	0.01469	0.04005	0.10293	0.05237	0.01063	0.11353	0.01565	0.05051	0.01155	0.01323	0.00882	0.00669	0.00517	0.00209	0.00645	0.00455	0.00454	0.00857
43	0.00890	0.00673	0.00843	0.00918	0.00993	0.00656	0.00632	0.01019	0.01342	0.01770	0.08049	0.46506	0.16418	0.10752	0.01238	0.00312	0.04202	0.01630	0.00599	0.00558

[dist]
# distance from previous block
# <min> <max>
0	1

[block]
# block no. 5 follows, 31 sequences, length 52
# corresponding to MSA columns:
# 250-301
name=unknown_F
#
# <colnr> <probs for GDERKNQSTAVLIFYWHMCP>
#	G	D	E	R	K	N	Q	S	T	A	V	L	I	F	Y	W	H	M	C	P
0	0.00924	0.00694	0.00856	0.00824	0.00997	0.00625	0.00615	0.01202	0.01820	0.02486	0.52968	0.08349	0.22106	0.01510	0.00810	0.00222	0.00332	0.01316	0.00720	0.00625
1	0.01769	0.36092	0.17980	0.01461	0.04540	0.02002	0.01441	0.05782	0.05378	0.06990	0.06158	0.01680	0.01413	0.00703	0.00567	0.00179	0.00738	0.00525	0.00412	0.04189
2	0.04178	0.01688	0.02054	0.01734	0.01878	0.09797	0.03960	0.05409	0.01308	0.01888	0.01015	0.01500	0.00936	0.01136	0.03447	0.00283	0.51734	0.00575	0.00339	0.05140
3	0.02347	0.01685	0.01851	0.01481	0.01953	0.01840	0.01214	0.55770	0.02876	0.06393	0.02020	0.08964	0.01693	0.01021	0.00721	0.00220	0.00705	0.05496	0.00682	0.01069
4	0.10670	0.00920	0.00952	0.00886	0.01113	0.00968	0.00673	0.12355	0.01679	0.02727	0.06031	0.14305	0.02277	0.03886	0.00701	0.00214	0.00439	0.00862	0.37630	0.00713
5	0.01229	0.01013	0.01259	0.06382	0.01577	0.04661	0.00959	0.07313	0.04213	0.01957	0.04588	0.08749	0.05395	0.03503	0.43119	0.00737	0.01347	0.00853	0.00451	0.00693
6	0.08627	0.01777	0.02043	0.03983	0.05876	0.01925	0.04061	0.50599	0.02709	0.03782	0.01513	0.01601	0.01101	0.00758	0.00655	0.00200	0.00742	0.00588	0.00599	0.06862
7	0.04858	0.11590	0.02100	0.01805	0.09502	0.32978	0.01298	0.10760	0.05789	0.02163	0.01325	0.01553	0.01096	0.01205	0.08814	0.00288	0.01069	0.00521	0.00409	0.00876
8	0.00834	0.00595	0.00794	0.00953	0.00992	0.00556	0.00635	0.00953	0.01310	0.01746	0.03771	0.75510	0.04525	0.02143	0.00873	0.00278	0.00397	0.01945	0.00635	0.00556
9	0.00902	0.00690	0.00828	0.00808	0.00985	0.00615	0.00600	0.01157	0.01758	0.02356	0.43720	0.10667	0.29290	0.01570	0.00812	0.00225	0.00336	0.01361	0.00703	0.00615
10	0.08932	0.01549	0.01500	0.01352	0.03275	0.12284	0.01032	0.12820	0.11284	0.08107	0.06813	0.05212	0.04684	0.04211	0.06023	0.00294	0.03115	0.02843	0.00559	0.04109
11	0.02148	0.02448	0.02054	0.09090	0.16610	0.41028	0.01485	0.07774	0.01895	0.02047	0.03453	0.01734	0.03789	0.00752	0.00654	0.00192	0.01017	0.00567	0.00394	0.00867
12	0.00842	0.00612	0.00795	0.00924	0.00989	0.00565	0.00626	0.00982	0.01381	0.01835	0.09479	0.64079	0.10267	0.02049	0.00862	0.00269	0.00387	0.01846	0.00645	0.00565
13	0.01130	0.00741	0.00913	0.00851	0.01066	0.00659	0.00645	0.01395	0.01804	0.09493	0.42814	0.08022	0.24953	0.01470	0.00798	0.00222	0.00359	0.01270	0.00723	0.00675
14	0.01761	0.02253	0.36734	0.01502	0.02186	0.01240	0.01680	0.02346	0.03813	0.20607	0.08614	0.05051	0.01870	0.00852	0.00673	0.00214	0.00744	0.00699	0.06191	0.00974
15	0.01740	0.01795	0.04933	0.03966	0.64892	0.06372	0.02062	0.02144	0.01579	0.02196	0.01270	0.01655	0.01063	0.00617	0.00672	0.00202	0.00847	0.00595	0.00338	0.01062
16	0.11636	0.01582	0.02466	0.17764	0.38794	0.04330	0.07701	0.02037	0.01476	0.02201	0.01220	0.01637	0.00989	0.00644	0.00696	0.00213	0.02741	0.00590	0.00342	0.00941
17	0.01372	0.01339	0.02419	0.51133	0.09498	0.01523	0.14378	0.01838	0.01441	0.01887	0.01400	0.02178	0.01133	0.00732	0.00722	0.00232	0.00932	0.04704	0.00334	0.00807
18	0.02432	0.01735	0.01897	0.01474	0.01996	0.01870	0.01206	0.53546	0.06509	0.08908	0.01834	0.04655	0.01374	0.00859	0.00680	0.00203	0.00697	0.00667	0.00675	0.06784
19	0.01673	0.55877	0.10591	0.01209	0.01743	0.02235	0.01222	0.01869	0.01313	0.01600	0.01021	0.01298	0.00928	0.00890	0.00834	0.13451	0.00739	0.00419	0.00293	0.00796
20	0.00834	0.00595	0.00794	0.00953	0.00992	0.00556	0.00635	0.00953	0.01310	0.01746	0.03771	0.75510	0.04525	0.02143	0.00873	0.00278	0.00397	0.01945	0.00635	0.00556
21	0.00885	0.00656	0.00826	0.00868	0.00992	0.00597	0.00619	0.01098	0.01613	0.02176	0.32232	0.34113	0.17284	0.01762	0.00834	0.00244	0.00357	0.01563	0.00684	0.00597
22	0.01266	0.00703	0.00753	0.00722	0.00898	0.00700	0.00546	0.04307	0.01611	0.02663	0.16489	0.03043	0.02701	0.00922	0.00555	0.00173	0.00337	0.00761	0.60190	0.00661
23	0.00866	0.00620	0.00826	0.00957	0.01019	0.00580	0.00661	0.01023	0.01408	0.01896	0.12794	0.62481	0.04752	0.02030	0.00868	0.00271	0.00399	0.05327	0.00651	0.00572
24	0.01299	0.00728	0.00766	0.00729	0.00906	0.00732	0.00546	0.05801	0.01583	0.02602	0.10097	0.02973	0.03757	0.05016	0.00700	0.00198	0.00366	0.00741	0.59803	0.00658
25	0.00926	0.00685	0.00816	0.00828	0.00997	0.00620	0.00622	0.01169	0.01662	0.02238	0.30478	0.15061	0.28063	0.01607	0.00804	0.00232	0.00363	0.06072	0.06148	0.00608
26	0.01605	0.01534	0.02597	0.12806	0.60297	0.01568	0.02007	0.02008	0.01534	0.02158	0.01519	0.01919	0.04070	0.00667	0.00684	0.00207	0.00805	0.00645	0.00347	0.01022
27	0.01445	0.01535	0.05239	0.01839	0.01970	0.01893	0.08656	0.01678	0.01131	0.01720	0.01071	0.01668	0.01004	0.01557	0.10135	0.00380	0.55373	0.00632	0.00312	0.00763
28	0.02169	0.00985	0.01298	0.01071	0.01425	0.00888	0.00840	0.04531	0.01869	0.40671	0.21781	0.06253	0.03198	0.08630	0.01010	0.00261	0.00516	0.00920	0.00763	0.00919
29	0.01815	0.01420	0.01654	0.03658	0.05619	0.01513	0.01106	0.29421	0.09068	0.02962	0.02140	0.11930	0.04084	0.06636	0.00964	0.00244	0.03575	0.00837	0.00577	0.10777
30	0.01832	0.65451	0.03309	0.01224	0.01753	0.07403	0.01173	0.02049	0.01435	0.01660	0.03717	0.01280	0.01098	0.00650	0.00537	0.00157	0.03684	0.00414	0.00315	0.00858
31	0.00852	0.00627	0.00791	0.00890	0.00976	0.00575	0.00609	0.01002	0.01419	0.01874	0.12781	0.52545	0.15819	0.04680	0.00949	0.00276	0.00389	0.01737	0.00642	0.00566
32	0.48770	0.01642	0.07045	0.01592	0.02120	0.01618	0.20984	0.02061	0.01312	0.02692	0.01097	0.01366	0.00843	0.00641	0.00624	0.00221	0.03657	0.00517	0.00386	0.00814
33	0.02109	0.01420	0.01606	0.01319	0.01732	0.01499	0.01048	0.32460	0.11403	0.13561	0.06767	0.12330	0.02206	0.03433	0.00803	0.00231	0.00611	0.00875	0.00689	0.03900
34	0.06423	0.06332	0.01797	0.01359	0.01793	0.01732	0.01116	0.34836	0.10650	0.07576	0.03900	0.02026	0.01526	0.01610	0.13824	0.00368	0.00886	0.00650	0.00601	0.00996
35	0.01556	0.32778	0.44780	0.01637	0.02477	0.02038	0.01983	0.02119	0.01423	0.01943	0.01117	0.01305	0.00871	0.00624	0.00565	0.00188	0.00899	0.00449	0.00290	0.00958
36	0.00874	0.00639	0.00817	0.00943	0.01025	0.00595	0.00667	0.01021	0.01365	0.01778	0.04135	0.52371	0.14338	0.06104	0.01016	0.00297	0.00435	0.10397	0.00622	0.00561
37	0.06648	0.00739	0.00911	0.00977	0.01094	0.00741	0.00724	0.01182	0.01424	0.02012	0.13573	0.35502	0.10029	0.06917	0.01067	0.00293	0.03163	0.11802	0.00609	0.00593
38	0.01534	0.01004	0.01180	0.09852	0.01644	0.01085	0.00896	0.13345	0.06703	0.04513	0.02271	0.09073	0.01936	0.00976	0.00620	0.00201	0.00511	0.04304	0.37570	0.00781
39	0.00847	0.00695	0.00746	0.00733	0.00947	0.00594	0.00550	0.01056	0.01649	0.02062	0.22285	0.06233	0.55923	0.01653	0.00808	0.00227	0.00341	0.01395	0.00663	0.00594
40	0.00850	0.00602	0.00789	0.00932	0.00968	0.00567	0.00613	0.00957	0.01278	0.01704	0.03608	0.68361	0.04320	0.09572	0.01136	0.00317	0.00424	0.01849	0.00613	0.00541
41	0.01646	0.01577	0.02692	0.12458	0.63799	0.01613	0.02076	0.02058	0.01535	0.02178	0.01279	0.01709	0.01063	0.00618	0.00678	0.00206	0.00824	0.00609	0.00335	0.01046
42	0.01000	0.00722	0.01045	0.01045	0.01162	0.00828	0.00801	0.01235	0.01117	0.01641	0.01881	0.02787	0.01761	0.09132	0.63794	0.01006	0.01653	0.00742	0.06048	0.00601
43	0.00995	0.00663	0.00746	0.00746	0.00746	0.00663	0.00415	0.00995	0.00995	0.01327	0.02156	0.04477	0.02487	0.75957	0.03482	0.00663	0.00663	0.00995	0.00415	0.00415
44	0.00834	0.00595	0.00794	0.00953	0.00992	0.00556	0.00635	0.00953	0.01310	0.01746	0.03771	0.75510	0.04525	0.02143	0.00873	0.00278	0.00397	0.01945	0.00635	0.00556
45	0.01956	0.04354	0.01481	0.01156	0.01522	0.01429	0.00942	0.32917	0.02269	0.06070	0.02011	0.04388	0.01599	0.00979	0.02296	0.00213	0.00595	0.02960	0.29955	0.00908
46	0.01332	0.01126	0.01317	0.01010	0.01521	0.00885	0.00789	0.01673	0.04195	0.02178	0.01809	0.11510	0.03851	0.00782	0.00573	0.00134	0.00488	0.00660	0.00455	0.63712
47	0.02087	0.01537	0.01721	0.01299	0.01862	0.01499	0.01058	0.32052	0.05944	0.08601	0.01604	0.01649	0.01190	0.00695	0.00610	0.00163	0.00624	0.00541	0.00579	0.34684
48	0.01632	0.01594	0.02544	0.14842	0.55456	0.04628	0.01972	0.02027	0.01545	0.02120	0.01494	0.01891	0.03887	0.00671	0.00681	0.00207	0.00827	0.00636	0.00346	0.01001
49	0.04102	0.41759	0.24707	0.01484	0.02166	0.11721	0.01600	0.02175	0.01473	0.01834	0.01051	0.01224	0.00871	0.00623	0.00528	0.00174	0.00880	0.00419	0.00303	0.00904
50	0.25048	0.01264	0.03701	0.01119	0.01599	0.01175	0.00948	0.04728	0.01730	0.41461	0.05871	0.02092	0.01642	0.00807	0.00609	0.00210	0.00562	0.00617	0.03827	0.00989
51	0.01182	0.13396	0.01461	0.01057	0.01275	0.03976	0.00856	0.01416	0.01275	0.01722	0.03940	0.05616	0.07910	0.03380	0.42027	0.00706	0.01293	0.00776	0.06076	0.00660

[dist]
# distance from previous block
# <min> <max>
0	2

[block]
# block no. 6 follows, 31 sequences, length 22
# corresponding to MSA columns:
# 304-325
name=unknown_G
#
# <colnr> <probs for GDERKNQSTAVLIFYWHMCP>
#	G	D	E	R	K	N	Q	S	T	A	V	L	I	F	Y	W	H	M	C	P
0	0.11271	0.16083	0.01978	0.01411	0.04902	0.11411	0.01101	0.18045	0.06406	0.04617	0.07862	0.05507	0.03503	0.02232	0.00671	0.00206	0.00705	0.00673	0.00520	0.00897
1	0.02353	0.01913	0.01867	0.01518	0.01992	0.10374	0.01220	0.42040	0.19293	0.05310	0.01893	0.01857	0.01384	0.00833	0.00674	0.00207	0.00742	0.00636	0.02809	0.01086
2	0.01057	0.00774	0.01035	0.01169	0.01320	0.00768	0.00976	0.01392	0.04286	0.02012	0.03860	0.19415	0.08965	0.01885	0.00912	0.00299	0.00564	0.48046	0.00634	0.00631
3	0.03465	0.00881	0.01071	0.00971	0.01223	0.00848	0.00744	0.03667	0.08367	0.12630	0.38605	0.09742	0.12410	0.01333	0.00771	0.00222	0.00407	0.01151	0.00728	0.00764
4	0.02164	0.04981	0.03833	0.01722	0.08872	0.19790	0.01256	0.21093	0.07210	0.08003	0.04961	0.02087	0.01559	0.08343	0.00944	0.00245	0.00829	0.00643	0.00528	0.00940
5	0.00950	0.00691	0.00894	0.00859	0.01015	0.00635	0.00638	0.01250	0.01871	0.02624	0.63031	0.10477	0.09556	0.01471	0.00812	0.00221	0.00330	0.01301	0.00738	0.00635
6	0.01451	0.01331	0.02164	0.58097	0.14856	0.01581	0.01886	0.06820	0.01534	0.02013	0.01259	0.01790	0.00957	0.00683	0.00683	0.00222	0.00885	0.00609	0.00338	0.00840
7	0.01661	0.01965	0.12743	0.06424	0.50115	0.06915	0.02034	0.02104	0.01572	0.02171	0.03048	0.01871	0.01238	0.00679	0.00679	0.00207	0.00860	0.02352	0.00349	0.01015
8	0.03880	0.10026	0.57500	0.01847	0.02746	0.01664	0.05230	0.02109	0.01422	0.02118	0.01228	0.01477	0.00910	0.00845	0.03953	0.00251	0.01014	0.00512	0.00300	0.00968
9	0.01162	0.00594	0.00884	0.00896	0.00899	0.00591	0.00597	0.00896	0.00922	0.01230	0.01380	0.07526	0.01436	0.02359	0.02540	0.74175	0.00580	0.00694	0.00322	0.00316
10	0.01439	0.09409	0.60548	0.01954	0.05676	0.01688	0.02331	0.02221	0.04603	0.02155	0.01279	0.01477	0.00933	0.00656	0.00636	0.00211	0.00958	0.00511	0.00310	0.01006
11	0.08273	0.03902	0.02006	0.08001	0.04003	0.04307	0.01317	0.49356	0.06125	0.03707	0.01563	0.01637	0.01137	0.00785	0.00656	0.00206	0.00756	0.00592	0.00601	0.01070
12	0.01559	0.02233	0.19666	0.02670	0.03435	0.01698	0.53963	0.02186	0.01576	0.02186	0.01348	0.01754	0.00999	0.00593	0.00771	0.00227	0.01121	0.00738	0.00333	0.00943
13	0.10465	0.01145	0.01480	0.01160	0.01651	0.01030	0.00953	0.03052	0.01879	0.60228	0.07689	0.02419	0.01959	0.00868	0.00671	0.00212	0.00558	0.00698	0.00799	0.01084
14	0.01029	0.00770	0.01025	0.01167	0.03387	0.00763	0.00856	0.01392	0.07110	0.02084	0.13278	0.37241	0.04324	0.01815	0.00864	0.00274	0.00479	0.20845	0.00646	0.00650
15	0.01547	0.01267	0.06620	0.01239	0.01538	0.01156	0.01008	0.23082	0.01962	0.05959	0.02847	0.42792	0.03038	0.01546	0.00787	0.00247	0.00566	0.01351	0.00635	0.00814
16	0.03070	0.01164	0.01588	0.01217	0.01746	0.01006	0.01006	0.03334	0.01958	0.72163	0.02699	0.02329	0.01694	0.00847	0.00688	0.00212	0.00582	0.00688	0.00847	0.01164
17	0.00989	0.00732	0.00792	0.00778	0.01021	0.00625	0.00602	0.01185	0.01600	0.06643	0.08557	0.06334	0.59339	0.01674	0.00811	0.00236	0.00383	0.06423	0.00653	0.00623
18	0.05120	0.06960	0.60353	0.01820	0.02736	0.01651	0.02269	0.02262	0.06547	0.02232	0.01316	0.01494	0.00952	0.00667	0.00632	0.00214	0.00940	0.00512	0.00326	0.00997
19	0.01522	0.01507	0.04610	0.12965	0.50880	0.01476	0.01897	0.01922	0.01530	0.02125	0.01891	0.02436	0.07410	0.00784	0.00702	0.00215	0.00782	0.04001	0.00373	0.00971
20	0.02391	0.01007	0.01366	0.01134	0.01530	0.00886	0.00910	0.02646	0.01850	0.50001	0.12246	0.12904	0.02828	0.01145	0.00741	0.00226	0.00524	0.03882	0.00796	0.00987
21	0.02063	0.07238	0.02077	0.04975	0.12180	0.01825	0.01346	0.38274	0.05209	0.03303	0.05034	0.02439	0.04792	0.00910	0.00694	0.00212	0.00712	0.05106	0.00586	0.01024

[dist]
# distance from previous block
# <min> <max>
5	15

[block]
# block no. 7 follows, 31 sequences, length 72
# corresponding to MSA columns:
# 341-412
name=unknown_H
#
# <colnr> <probs for GDERKNQSTAVLIFYWHMCP>
#	G	D	E	R	K	N	Q	S	T	A	V	L	I	F	Y	W	H	M	C	P
0	0.07282	0.06171	0.08505	0.11853	0.08957	0.10667	0.01387	0.05946	0.01568	0.02182	0.05870	0.08545	0.01652	0.00907	0.00805	0.00213	0.08318	0.00702	0.04959	0.03512
1	0.00912	0.00665	0.00851	0.00904	0.01019	0.00617	0.00654	0.01123	0.01577	0.02131	0.29019	0.32083	0.12803	0.05579	0.00981	0.00272	0.00397	0.07155	0.00667	0.00591
2	0.03070	0.01164	0.01588	0.01217	0.01746	0.01006	0.01006	0.03334	0.01958	0.72163	0.02699	0.02329	0.01694	0.00847	0.00688	0.00212	0.00582	0.00688	0.00847	0.01164
3	0.01566	0.01779	0.11426	0.19106	0.48485	0.01598	0.02111	0.02032	0.01502	0.02121	0.01264	0.01690	0.01019	0.00631	0.00675	0.00210	0.00859	0.00596	0.00325	0.01004
4	0.01580	0.21014	0.51069	0.01730	0.02601	0.04106	0.02108	0.02197	0.01465	0.04497	0.01208	0.01385	0.00899	0.00643	0.00599	0.00198	0.00936	0.00476	0.00312	0.00978
5	0.03070	0.01164	0.01588	0.01217	0.01746	0.01006	0.01006	0.03334	0.01958	0.72163	0.02699	0.02329	0.01694	0.00847	0.00688	0.00212	0.00582	0.00688	0.00847	0.01164
6	0.02785	0.01620	0.01870	0.01434	0.01974	0.01682	0.01184	0.43385	0.02721	0.31034	0.02059	0.01913	0.01372	0.00831	0.00686	0.00208	0.00686	0.00644	0.00748	0.01164
7	0.00857	0.00678	0.00759	0.00772	0.00945	0.00594	0.00558	0.01044	0.01567	0.01991	0.19795	0.16781	0.43172	0.06204	0.00980	0.00261	0.00368	0.01450	0.00647	0.00579
8	0.00918	0.00685	0.00962	0.01049	0.01130	0.00650	0.03398	0.03071	0.01380	0.01842	0.03611	0.70331	0.04284	0.02041	0.00865	0.00274	0.00438	0.01859	0.00625	0.00589
9	0.00851	0.00605	0.00797	0.00934	0.00977	0.00568	0.00621	0.00973	0.01321	0.01769	0.07121	0.67095	0.04486	0.07103	0.01046	0.00301	0.00411	0.01844	0.00626	0.00551
10	0.01097	0.00784	0.01095	0.01243	0.01401	0.00782	0.01083	0.01412	0.01590	0.02076	0.06449	0.07608	0.04042	0.01869	0.00939	0.00311	0.00617	0.64335	0.00635	0.00631
11	0.01029	0.00706	0.00902	0.00928	0.01088	0.00647	0.00702	0.01265	0.01649	0.05767	0.28233	0.24486	0.17445	0.01701	0.00838	0.00249	0.00403	0.10642	0.00687	0.00633
12	0.03070	0.01164	0.01588	0.01217	0.01746	0.01006	0.01006	0.03334	0.01958	0.72163	0.02699	0.02329	0.01694	0.00847	0.00688	0.00212	0.00582	0.00688	0.00847	0.01164
13	0.01321	0.01238	0.01758	0.01560	0.01602	0.01676	0.01280	0.01503	0.01065	0.01627	0.01214	0.01900	0.01173	0.02529	0.26286	0.00570	0.50030	0.00644	0.00322	0.00702
14	0.01829	0.76368	0.03585	0.01171	0.01756	0.02707	0.01171	0.02049	0.01390	0.01610	0.00951	0.01097	0.00878	0.00585	0.00439	0.00146	0.00732	0.00366	0.00293	0.00878
15	0.73358	0.01530	0.07687	0.00998	0.01476	0.01540	0.00908	0.02026	0.01191	0.02985	0.00978	0.01143	0.00753	0.00636	0.00445	0.00212	0.00574	0.00383	0.00411	0.00766
16	0.00995	0.00663	0.00746	0.00746	0.00746	0.00663	0.00415	0.00995	0.00995	0.01327	0.02156	0.04477	0.02487	0.75957	0.03482	0.00663	0.00663	0.00995	0.00415	0.00415
17	0.02381	0.01774	0.01910	0.01510	0.02003	0.01963	0.01229	0.57958	0.09478	0.03979	0.01912	0.07322	0.01506	0.00932	0.00700	0.00213	0.00706	0.00732	0.00682	0.01110
18	0.01936	0.05910	0.01549	0.01180	0.01586	0.01295	0.00952	0.09256	0.19353	0.20912	0.18133	0.03005	0.05760	0.00994	0.00696	0.00208	0.00525	0.00824	0.00704	0.05223
