[name]
unknown

[dist]
# distance from previous block
# <min> <max>
25	101

[block]
# block no. 0 follows, 28 sequences, length 10
# corresponding to MSA columns:
# 110-119
name=unknown_A
#
# <colnr> <probs for GDERKNQSTAVLIFYWHMCP>
#	G	D	E	R	K	N	Q	S	T	A	V	L	I	F	Y	W	H	M	C	P
0	0.08159	0.01277	0.01838	0.32498	0.09653	0.01414	0.01502	0.01909	0.05369	0.02174	0.01741	0.11880	0.01596	0.00933	0.00752	0.00227	0.02935	0.00799	0.00427	0.12916
1	0.03767	0.01554	0.01521	0.06025	0.01879	0.12085	0.01056	0.11664	0.05639	0.08226	0.06127	0.08874	0.11369	0.04187	0.00860	0.00238	0.00703	0.02987	0.00595	0.10643
2	0.01018	0.00729	0.00900	0.00919	0.01003	0.00713	0.00608	0.01133	0.01266	0.01716	0.06350	0.21248	0.07637	0.34517	0.13062	0.00596	0.00780	0.01275	0.00523	0.04007
3	0.01704	0.01180	0.01372	0.08764	0.01764	0.01290	0.00966	0.22197	0.01997	0.02867	0.02084	0.05672	0.01830	0.14430	0.06061	0.00362	0.00730	0.00800	0.23111	0.00819
4	0.01912	0.01348	0.05470	0.01170	0.01566	0.01260	0.00991	0.20146	0.04564	0.09778	0.08701	0.04709	0.02186	0.00950	0.00657	0.00202	0.00555	0.00768	0.29702	0.03367
5	0.01741	0.01661	0.02736	0.12562	0.46947	0.01733	0.06182	0.02442	0.11997	0.02409	0.01611	0.01968	0.01290	0.00708	0.00732	0.00226	0.00855	0.00688	0.00414	0.01097
6	0.01154	0.00816	0.01113	0.01254	0.01396	0.00816	0.01058	0.01437	0.01578	0.02057	0.03608	0.07667	0.03945	0.13222	0.01421	0.00392	0.00675	0.55125	0.00634	0.00634
7	0.02646	0.01901	0.02073	0.01580	0.02168	0.02033	0.01302	0.55983	0.03114	0.08257	0.01759	0.01761	0.01251	0.00835	0.00705	0.00206	0.00758	0.00633	0.00703	0.10332
8	0.02258	0.01548	0.01751	0.01489	0.01942	0.01679	0.01215	0.23924	0.26226	0.14585	0.02691	0.03211	0.02137	0.01093	0.00775	0.00247	0.00669	0.10691	0.00751	0.01118
9	0.10617	0.12356	0.23157	0.01627	0.02325	0.02029	0.01661	0.21693	0.12283	0.03111	0.01614	0.01687	0.01199	0.00778	0.00652	0.00218	0.00820	0.00579	0.00513	0.01082

[dist]
# distance from previous block
# <min> <max>
1	6

[block]
# block no. 1 follows, 28 sequences, length 9
# corresponding to MSA columns:
# 126-134
name=unknown_B
#
# <colnr> <probs for GDERKNQSTAVLIFYWHMCP>
#	G	D	E	R	K	N	Q	S	T	A	V	L	I	F	Y	W	H	M	C	P
0	0.01159	0.00920	0.01292	0.06742	0.01650	0.00918	0.05190	0.07698	0.01647	0.02167	0.03795	0.48864	0.11387	0.01860	0.00880	0.00275	0.00548	0.01677	0.00633	0.00699
1	0.02246	0.01567	0.01733	0.01471	0.01938	0.01725	0.01169	0.13374	0.45309	0.16934	0.02758	0.02518	0.01986	0.00952	0.00736	0.00238	0.00618	0.00778	0.00770	0.01181
2	0.01626	0.09142	0.02919	0.06764	0.02609	0.02095	0.19826	0.01944	0.01342	0.01911	0.01163	0.01721	0.01027	0.01145	0.04280	0.00308	0.38308	0.00679	0.00334	0.00856
3	0.02126	0.01621	0.01718	0.01402	0.01865	0.01766	0.01131	0.38608	0.15912	0.03663	0.03170	0.03058	0.15574	0.01094	0.00748	0.00228	0.00648	0.00870	0.03727	0.01069
4	0.00895	0.00724	0.00802	0.00854	0.01049	0.00631	0.00639	0.01082	0.01602	0.01961	0.06301	0.21423	0.49350	0.01951	0.00888	0.00265	0.00409	0.07885	0.00674	0.00614
5	0.02148	0.02105	0.04253	0.01705	0.04864	0.18383	0.01311	0.12515	0.31796	0.05137	0.06422	0.02323	0.01961	0.00917	0.00722	0.00225	0.00799	0.00724	0.00629	0.01060
6	0.00883	0.00645	0.00831	0.00980	0.01046	0.00593	0.00661	0.01016	0.01422	0.01868	0.04395	0.66217	0.12319	0.02227	0.00920	0.00289	0.00416	0.02005	0.00675	0.00593
7	0.01644	0.01332	0.01644	0.01197	0.01828	0.01060	0.03695	0.02075	0.05366	0.06701	0.01494	0.01656	0.01188	0.00590	0.00575	0.00129	0.00575	0.00490	0.00475	0.66287
8	0.04800	0.01814	0.01815	0.01490	0.01958	0.07162	0.01196	0.34986	0.18066	0.06027	0.05585	0.02211	0.01789	0.00914	0.00706	0.00220	0.00713	0.00710	0.06738	0.01100

[dist]
# distance from previous block
# <min> <max>
0	4

[block]
# block no. 2 follows, 28 sequences, length 78
# corresponding to MSA columns:
# 139-200,202-217
name=unknown_C
#
# <colnr> <probs for GDERKNQSTAVLIFYWHMCP>
#	G	D	E	R	K	N	Q	S	T	A	V	L	I	F	Y	W	H	M	C	P
0	0.01596	0.07679	0.33784	0.06501	0.03446	0.01829	0.30199	0.02279	0.01604	0.02248	0.01355	0.01715	0.01002	0.00655	0.00749	0.00232	0.01113	0.00671	0.00334	0.01009
1	0.01507	0.01292	0.01507	0.01077	0.01723	0.00969	0.00861	0.01830	0.01507	0.02369	0.01292	0.01507	0.01077	0.00538	0.00538	0.00108	0.00538	0.00431	0.00431	0.78898
2	0.01060	0.00785	0.00995	0.00944	0.01127	0.00743	0.00707	0.01486	0.05837	0.02836	0.60260	0.08414	0.09031	0.01507	0.00854	0.00233	0.00361	0.01329	0.00786	0.00705
3	0.01738	0.01903	0.09405	0.02099	0.05161	0.04425	0.17625	0.09529	0.13144	0.02519	0.01946	0.10844	0.01718	0.01038	0.01063	0.00256	0.13240	0.00885	0.00494	0.00969
4	0.00944	0.00740	0.00854	0.00825	0.01034	0.00650	0.00619	0.01207	0.01857	0.02438	0.38366	0.06215	0.38326	0.01664	0.00858	0.00237	0.00356	0.01425	0.00737	0.00650
5	0.01359	0.03466	0.01195	0.01009	0.01251	0.00913	0.00774	0.07088	0.02040	0.08043	0.44562	0.09861	0.09942	0.04118	0.00932	0.00248	0.00439	0.01243	0.00753	0.00762
6	0.03261	0.01237	0.01687	0.01293	0.01856	0.01068	0.01068	0.03543	0.02081	0.70423	0.02868	0.02474	0.01799	0.00900	0.00731	0.00225	0.00619	0.00731	0.00900	0.01237
7	0.07568	0.01265	0.01649	0.01284	0.01832	0.01142	0.01057	0.03480	0.05740	0.62807	0.02766	0.02413	0.01765	0.00892	0.00715	0.00226	0.00613	0.00717	0.00865	0.01206
8	0.01899	0.01363	0.01603	0.01178	0.01798	0.01132	0.00951	0.08387	0.03846	0.12822	0.01623	0.01712	0.01236	0.00638	0.00591	0.00140	0.00576	0.00509	0.00539	0.57456
9	0.73991	0.01556	0.01141	0.01023	0.01467	0.06721	0.00832	0.02193	0.01297	0.03153	0.01020	0.01190	0.00798	0.00680	0.00465	0.00222	0.00617	0.00399	0.00444	0.00791
10	0.00962	0.00727	0.00888	0.00876	0.01052	0.00653	0.00646	0.01232	0.01857	0.02507	0.43327	0.14747	0.24492	0.01690	0.00867	0.00242	0.00360	0.01474	0.00748	0.00653
11	0.02701	0.02005	0.02147	0.01660	0.02231	0.02225	0.01367	0.63363	0.07651	0.04481	0.01824	0.01808	0.01300	0.00880	0.00728	0.00220	0.00785	0.00665	0.00728	0.01231
12	0.04998	0.32209	0.07366	0.01462	0.02022	0.05050	0.01357	0.15118	0.01885	0.07436	0.01328	0.01474	0.01061	0.00767	0.00768	0.00196	0.08478	0.00508	0.00452	0.06064
13	0.02550	0.01903	0.02045	0.01613	0.02145	0.02109	0.01316	0.56657	0.10489	0.04255	0.02009	0.06004	0.01550	0.00966	0.00740	0.00226	0.00753	0.00754	0.00726	0.01190
14	0.03962	0.35876	0.26206	0.01779	0.02531	0.02276	0.10127	0.02215	0.01501	0.02034	0.01165	0.01413	0.00947	0.00678	0.00688	0.00202	0.04590	0.00511	0.00321	0.00975
15	0.01041	0.00698	0.00798	0.00814	0.00817	0.00694	0.00463	0.01053	0.01089	0.01452	0.02452	0.11291	0.02847	0.67641	0.03438	0.00666	0.00678	0.01152	0.00463	0.00455
16	0.01385	0.01246	0.02093	0.61122	0.08305	0.01516	0.01883	0.01782	0.01411	0.01824	0.01293	0.01959	0.01011	0.00914	0.00952	0.08633	0.00927	0.00645	0.00324	0.00775
17	0.02433	0.08626	0.02112	0.01732	0.04430	0.33114	0.01326	0.18170	0.06093	0.04856	0.01671	0.04239	0.01395	0.00883	0.00683	0.00206	0.00978	0.02964	0.03122	0.00966
18	0.03261	0.01237	0.01687	0.01293	0.01856	0.01068	0.01068	0.03543	0.02081	0.70423	0.02868	0.02474	0.01799	0.00900	0.00731	0.00225	0.00619	0.00731	0.00900	0.01237
19	0.00877	0.00737	0.00761	0.00755	0.00993	0.00621	0.00566	0.01077	0.01698	0.02062	0.13799	0.06834	0.63128	0.01804	0.00859	0.00244	0.00366	0.01511	0.00688	0.00621
20	0.04385	0.46810	0.25080	0.01525	0.02276	0.05202	0.01697	0.02245	0.01511	0.01954	0.01109	0.01290	0.00924	0.00651	0.00545	0.00183	0.00887	0.00440	0.00317	0.00970
21	0.02700	0.01975	0.02114	0.01628	0.02191	0.02183	0.01342	0.64542	0.03333	0.04497	0.01773	0.01789	0.01264	0.00871	0.00717	0.00216	0.00779	0.00655	0.04218	0.01211
22	0.02620	0.01946	0.02084	0.01622	0.02167	0.02157	0.01326	0.59854	0.08428	0.04334	0.01862	0.01941	0.01369	0.03826	0.00847	0.00240	0.00778	0.00684	0.00717	0.01198
23	0.00897	0.00641	0.00856	0.01025	0.01072	0.00600	0.00694	0.01032	0.01403	0.01868	0.04000	0.71388	0.04783	0.02267	0.00931	0.00297	0.00431	0.04547	0.00675	0.00594
24	0.01051	0.00702	0.00795	0.00801	0.00802	0.00701	0.00449	0.01055	0.01069	0.01426	0.02352	0.07255	0.02721	0.71850	0.03600	0.00690	0.00695	0.01094	0.00449	0.00446
25	0.01736	0.01686	0.02922	0.12303	0.55673	0.01738	0.06409	0.02177	0.01617	0.02290	0.01351	0.01819	0.01120	0.00676	0.00786	0.00224	0.03370	0.00661	0.00355	0.01088
26	0.01878	0.02204	0.03928	0.02871	0.03548	0.13121	0.56615	0.02421	0.01771	0.02239	0.01414	0.01856	0.01076	0.00635	0.00825	0.00236	0.01239	0.00795	0.00369	0.00958
27	0.01263	0.00631	0.00947	0.00947	0.00947	0.00631	0.00631	0.00947	0.00947	0.01263	0.01263	0.02210	0.01263	0.02525	0.02841	0.78851	0.00631	0.00631	0.00316	0.00316
28	0.00886	0.00633	0.00843	0.01012	0.01054	0.00590	0.00675	0.01012	0.01392	0.01856	0.04006	0.73979	0.04808	0.02277	0.00928	0.00295	0.00422	0.02066	0.00675	0.00590
29	0.01658	0.01581	0.02632	0.19035	0.45659	0.01720	0.02073	0.02068	0.01554	0.02186	0.01407	0.02065	0.01213	0.00787	0.00911	0.00237	0.08594	0.03242	0.00360	0.01018
30	0.02715	0.03464	0.02060	0.01873	0.02247	0.71536	0.01404	0.02903	0.02060	0.01779	0.01124	0.01311	0.00936	0.00749	0.00655	0.00187	0.01311	0.00468	0.00375	0.00843
31	0.00910	0.00678	0.00855	0.00986	0.01087	0.00622	0.00701	0.01072	0.01481	0.01914	0.04736	0.52000	0.19155	0.02151	0.00921	0.00288	0.00436	0.08728	0.00674	0.00604
32	0.01631	0.02470	0.23843	0.02695	0.03483	0.01819	0.43861	0.02283	0.01623	0.02283	0.01388	0.01810	0.01039	0.00679	0.00907	0.00245	0.05850	0.00748	0.00346	0.00996
33	0.02334	0.01737	0.01922	0.06166	0.02241	0.01942	0.01298	0.35990	0.25062	0.07610	0.02209	0.02157	0.01602	0.00902	0.00724	0.00228	0.00710	0.00715	0.03289	0.01161
34	0.01520	0.12848	0.62143	0.01966	0.02983	0.01840	0.02501	0.02286	0.01527	0.02226	0.01267	0.01488	0.00922	0.00682	0.00662	0.00221	0.01036	0.00518	0.00307	0.01056
35	0.02285	0.02117	0.01906	0.01708	0.04302	0.18682	0.01295	0.17390	0.33874	0.05399	0.02197	0.02126	0.01646	0.00890	0.00716	0.00224	0.00812	0.00691	0.00642	0.01098
36	0.79588	0.01406	0.01068	0.00956	0.01406	0.01631	0.00787	0.02137	0.01237	0.03261	0.01012	0.01181	0.00787	0.00675	0.00450	0.00225	0.00562	0.00394	0.00450	0.00787
37	0.01039	0.00747	0.00847	0.00853	0.01066	0.00646	0.00627	0.01233	0.01668	0.06486	0.12858	0.21434	0.44210	0.01840	0.00866	0.00253	0.00394	0.01577	0.00703	0.00657
38	0.00886	0.00633	0.00843	0.01012	0.01054	0.00590	0.00675	0.01012	0.01392	0.01856	0.04006	0.73979	0.04808	0.02277	0.00928	0.00295	0.00422	0.02066	0.00675	0.00590
39	0.08505	0.01347	0.01656	0.03924	0.01924	0.01342	0.01103	0.12090	0.09149	0.39547	0.06972	0.02493	0.01999	0.01086	0.03284	0.00261	0.00677	0.00742	0.00779	0.01120
40	0.05120	0.24539	0.02501	0.01658	0.04737	0.34234	0.01305	0.06883	0.04353	0.02122	0.01276	0.01443	0.01059	0.00727	0.00593	0.00183	0.00988	0.00486	0.04885	0.00908
41	0.73586	0.01409	0.01131	0.00998	0.01438	0.01630	0.00822	0.02110	0.01242	0.03168	0.01020	0.01209	0.00805	0.00694	0.00531	0.00224	0.03465	0.00405	0.00444	0.03670
42	0.05130	0.06004	0.01910	0.04034	0.02027	0.01582	0.03408	0.13542	0.17712	0.25832	0.06719	0.02452	0.01991	0.01063	0.03063	0.00257	0.00705	0.00747	0.00719	0.01102
43	0.03529	0.00806	0.01077	0.01215	0.01357	0.00803	0.01002	0.01403	0.01582	0.02128	0.06263	0.18898	0.04179	0.07239	0.01163	0.00347	0.00613	0.45099	0.00652	0.00644
44	0.02292	0.01772	0.01905	0.01562	0.02048	0.01988	0.01257	0.39859	0.26822	0.03828	0.02267	0.04549	0.01732	0.01128	0.03332	0.00266	0.00748	0.00767	0.00718	0.01162
45	0.00892	0.00638	0.00849	0.01008	0.01056	0.00595	0.00675	0.01028	0.01422	0.01903	0.06948	0.70903	0.04900	0.02242	0.00925	0.00292	0.00418	0.02033	0.00680	0.00595
46	0.01776	0.01828	0.05046	0.15350	0.48220	0.06246	0.02091	0.02316	0.05782	0.02289	0.01435	0.01838	0.01165	0.00690	0.00717	0.00221	0.00900	0.00643	0.00376	0.01072
47	0.01539	0.01779	0.08259	0.26376	0.08292	0.01673	0.32457	0.02086	0.01591	0.02144	0.01537	0.06051	0.01260	0.00755	0.00796	0.00244	0.01058	0.00818	0.00365	0.00918
48	0.01029	0.00743	0.00972	0.00914	0.01086	0.00686	0.00686	0.01372	0.02058	0.02915	0.69536	0.05430	0.06859	0.01486	0.00857	0.00229	0.00343	0.01315	0.00800	0.00686
49	0.00904	0.00650	0.00851	0.00985	0.01047	0.00604	0.00665	0.01051	0.01460	0.01955	0.10794	0.62426	0.07424	0.04250	0.00997	0.00298	0.00420	0.01940	0.00681	0.00597
50	0.00883	0.00737	0.00770	0.00762	0.00997	0.00624	0.00571	0.01090	0.01714	0.02099	0.16224	0.06772	0.60680	0.01790	0.00859	0.00243	0.00365	0.01503	0.00693	0.00624
51	0.01716	0.01961	0.04289	0.03064	0.03799	0.01838	0.67279	0.02328	0.01716	0.02328	0.01471	0.01961	0.01103	0.00613	0.00858	0.00245	0.01225	0.00858	0.00368	0.00980
52	0.79588	0.01406	0.01068	0.00956	0.01406	0.01631	0.00787	0.02137	0.01237	0.03261	0.01012	0.01181	0.00787	0.00675	0.00450	0.00225	0.00562	0.00394	0.00450	0.00787
53	0.01029	0.00743	0.00972	0.00914	0.01086	0.00686	0.00686	0.01372	0.02058	0.02915	0.69536	0.05430	0.06859	0.01486	0.00857	0.00229	0.00343	0.01315	0.00800	0.00686
54	0.01943	0.74891	0.03809	0.01244	0.01866	0.02876	0.01244	0.02177	0.01477	0.01710	0.01011	0.01166	0.00933	0.00622	0.00466	0.00155	0.00777	0.00389	0.00311	0.00933
55	0.01163	0.00833	0.01171	0.01328	0.01493	0.00841	0.01154	0.01493	0.01641	0.02144	0.03725	0.07852	0.04030	0.02232	0.05587	0.00389	0.00752	0.60854	0.00651	0.00668
56	0.01057	0.00705	0.00793	0.00793	0.00793	0.00705	0.00440	0.01057	0.01057	0.01409	0.02290	0.04757	0.02643	0.74454	0.03700	0.00705	0.00705	0.01057	0.00440	0.00440
57	0.79588	0.01406	0.01068	0.00956	0.01406	0.01631	0.00787	0.02137	0.01237	0.03261	0.01012	0.01181	0.00787	0.00675	0.00450	0.00225	0.00562	0.00394	0.00450	0.00787
58	0.02014	0.02446	0.11468	0.03363	0.39766	0.19404	0.04365	0.04428	0.01799	0.02281	0.01313	0.01646	0.01068	0.00685	0.00705	0.00212	0.01015	0.00596	0.00368	0.01060
59	0.01398	0.01320	0.02213	0.67482	0.07516	0.01641	0.02012	0.01869	0.01450	0.01874	0.01283	0.01920	0.00976	0.00743	0.00784	0.00244	0.03485	0.00646	0.00324	0.00821
60	0.00883	0.00722	0.00780	0.00797	0.01005	0.00619	0.00586	0.01078	0.01667	0.02061	0.14287	0.16409	0.52861	0.01861	0.00869	0.00251	0.00373	0.01584	0.00690	0.00619
61	0.79588	0.01406	0.01068	0.00956	0.01406	0.01631	0.00787	0.02137	0.01237	0.03261	0.01012	0.01181	0.00787	0.00675	0.00450	0.00225	0.00562	0.00394	0.00450	0.00787
62	0.01057	0.00705	0.00793	0.00793	0.00793	0.00705	0.00440	0.01057	0.01057	0.01409	0.02290	0.04757	0.02643	0.74454	0.03700	0.00705	0.00705	0.01057	0.00440	0.00440
63	0.00886	0.00633	0.00843	0.01012	0.01054	0.00590	0.00675	0.01012	0.01392	0.01856	0.04006	0.73979	0.04808	0.02277	0.00928	0.00295	0.00422	0.02066	0.00675	0.00590
64	0.01799	0.01727	0.02950	0.04462	0.69919	0.01727	0.02231	0.02231	0.01655	0.02375	0.01367	0.01799	0.01151	0.00648	0.00720	0.00216	0.00864	0.00648	0.00360	0.01151
65	0.01057	0.00705	0.00793	0.00793	0.00793	0.00705	0.00440	0.01057	0.01057	0.01409	0.02290	0.04757	0.02643	0.74454	0.03700	0.00705	0.00705	0.01057	0.00440	0.00440
66	0.01731	0.01738	0.05308	0.08678	0.60767	0.01681	0.02178	0.02178	0.01652	0.02358	0.03828	0.01930	0.01338	0.00685	0.00724	0.00219	0.00859	0.00668	0.00371	0.01109
67	0.03211	0.01248	0.01685	0.01300	0.01857	0.01094	0.01071	0.03554	0.04404	0.68069	0.02871	0.02482	0.01814	0.00903	0.00731	0.00226	0.00617	0.00734	0.00894	0.01234
68	0.01926	0.72282	0.06262	0.01274	0.01913	0.02833	0.01297	0.02181	0.01479	0.01732	0.01021	0.01180	0.00932	0.00624	0.00475	0.00158	0.00788	0.00394	0.00311	0.00938
69	0.00898	0.00738	0.00791	0.00778	0.01006	0.00630	0.00583	0.01119	0.01749	0.02183	0.21731	0.06634	0.55120	0.01759	0.00859	0.00242	0.00362	0.01483	0.00704	0.00630
70	0.00950	0.00717	0.00806	0.00820	0.00950	0.00660	0.00556	0.01085	0.01446	0.01845	0.10792	0.13514	0.31716	0.25959	0.04655	0.00438	0.00547	0.01386	0.00598	0.00562
71	0.01872	0.67255	0.03503	0.01202	0.01776	0.02658	0.01182	0.02113	0.01470	0.01778	0.01136	0.01330	0.01027	0.00802	0.02887	0.00191	0.00787	0.00422	0.05703	0.00906
72	0.01905	0.01957	0.02938	0.04043	0.56846	0.10282	0.06841	0.02320	0.01709	0.02298	0.01345	0.01751	0.01122	0.00658	0.00722	0.00215	0.00945	0.00641	0.00362	0.01101
73	0.06306	0.03478	0.61349	0.02078	0.03088	0.01696	0.07468	0.02294	0.01530	0.02363	0.01299	0.01545	0.00926	0.00684	0.00688	0.00231	0.01054	0.00553	0.00320	0.01049
74	0.01803	0.01532	0.01633	0.01478	0.01879	0.01762	0.01161	0.06133	0.61777	0.03043	0.02970	0.03032	0.02309	0.01048	0.00756	0.00251	0.00590	0.04985	0.00735	0.01123
75	0.76560	0.01487	0.01107	0.00992	0.01439	0.04385	0.00812	0.02167	0.01269	0.03203	0.01017	0.01186	0.00793	0.00678	0.00458	0.00223	0.00592	0.00397	0.00447	0.00789
76	0.01902	0.01913	0.03331	0.03398	0.30981	0.04411	0.27768	0.09755	0.01875	0.02564	0.01427	0.01831	0.01127	0.00687	0.00836	0.00231	0.03767	0.00724	0.00404	0.01069
77	0.01799	0.01727	0.02950	0.04462	0.69919	0.01727	0.02231	0.02231	0.01655	0.02375	0.01367	0.01799	0.01151	0.00648	0.00720	0.00216	0.00864	0.00648	0.00360	0.01151

[dist]
# distance from previous block
# <min> <max>
0	25

[block]
# block no. 3 follows, 28 sequences, length 20
# corresponding to MSA columns:
# 243-262
name=unknown_D
#
# <colnr> <probs for GDERKNQSTAVLIFYWHMCP>
#	G	D	E	R	K	N	Q	S	T	A	V	L	I	F	Y	W	H	M	C	P
0	0.01015	0.00742	0.00952	0.00900	0.01077	0.00680	0.00675	0.01344	0.02024	0.02836	0.64352	0.05560	0.12092	0.01516	0.00857	0.00230	0.00345	0.01333	0.00790	0.00680
1	0.01507	0.01292	0.01507	0.01077	0.01723	0.00969	0.00861	0.01830	0.01507	0.02369	0.01292	0.01507	0.01077	0.00538	0.00538	0.00108	0.00538	0.00431	0.00431	0.78898
2	0.79588	0.01406	0.01068	0.00956	0.01406	0.01631	0.00787	0.02137	0.01237	0.03261	0.01012	0.01181	0.00787	0.00675	0.00450	0.00225	0.00562	0.00394	0.00450	0.00787
3	0.00859	0.00736	0.00736	0.00736	0.00982	0.00614	0.00552	0.01043	0.01657	0.01964	0.07364	0.06996	0.69624	0.01841	0.00859	0.00245	0.00368	0.01534	0.00675	0.00614
4	0.01029	0.00743	0.00972	0.00914	0.01086	0.00686	0.00686	0.01372	0.02058	0.02915	0.69536	0.05430	0.06859	0.01486	0.00857	0.00229	0.00343	0.01315	0.00800	0.00686
5	0.01057	0.00705	0.00793	0.00793	0.00793	0.00705	0.00440	0.01057	0.01057	0.01409	0.02290	0.04757	0.02643	0.74454	0.03700	0.00705	0.00705	0.01057	0.00440	0.00440
6	0.03234	0.01281	0.01714	0.01314	0.01877	0.01133	0.01085	0.07028	0.02153	0.66835	0.02807	0.02434	0.01769	0.00898	0.00731	0.00225	0.00628	0.00727	0.00890	0.01237
7	0.01373	0.01292	0.02180	0.72707	0.05006	0.01615	0.02019	0.01857	0.01453	0.01857	0.01292	0.01938	0.00969	0.00727	0.00727	0.00242	0.00969	0.00646	0.00323	0.00807
8	0.79588	0.01406	0.01068	0.00956	0.01406	0.01631	0.00787	0.02137	0.01237	0.03261	0.01012	0.01181	0.00787	0.00675	0.00450	0.00225	0.00562	0.00394	0.00450	0.00787
9	0.01507	0.01292	0.01507	0.01077	0.01723	0.00969	0.00861	0.01830	0.01507	0.02369	0.01292	0.01507	0.01077	0.00538	0.00538	0.00108	0.00538	0.00431	0.00431	0.78898
10	0.03261	0.01237	0.01687	0.01293	0.01856	0.01068	0.01068	0.03543	0.02081	0.70423	0.02868	0.02474	0.01799	0.00900	0.00731	0.00225	0.00619	0.00731	0.00900	0.01237
11	0.01029	0.00743	0.00972	0.00914	0.01086	0.00686	0.00686	0.01372	0.02058	0.02915	0.69536	0.05430	0.06859	0.01486	0.00857	0.00229	0.00343	0.01315	0.00800	0.00686
12	0.03111	0.01303	0.01706	0.01327	0.01877	0.01188	0.01090	0.06540	0.07989	0.61444	0.02824	0.02461	0.01810	0.00906	0.00732	0.00227	0.00623	0.00735	0.00878	0.01229
13	0.01015	0.00742	0.00952	0.00900	0.01077	0.00680	0.00675	0.01344	0.02024	0.02836	0.64352	0.05560	0.12092	0.01516	0.00857	0.00230	0.00345	0.01333	0.00790	0.00680
14	0.00886	0.00633	0.00843	0.01012	0.01054	0.00590	0.00675	0.01012	0.01392	0.01856	0.04006	0.73979	0.04808	0.02277	0.00928	0.00295	0.00422	0.02066	0.00675	0.00590
15	0.00859	0.00736	0.00736	0.00736	0.00982	0.00614	0.00552	0.01043	0.01657	0.01964	0.07364	0.06996	0.69624	0.01841	0.00859	0.00245	0.00368	0.01534	0.00675	0.00614
16	0.00886	0.00633	0.00843	0.01012	0.01054	0.00590	0.00675	0.01012	0.01392	0.01856	0.04006	0.73979	0.04808	0.02277	0.00928	0.00295	0.00422	0.02066	0.00675	0.00590
17	0.00886	0.00633	0.00843	0.01012	0.01054	0.00590	0.00675	0.01012	0.01392	0.01856	0.04006	0.73979	0.04808	0.02277	0.00928	0.00295	0.00422	0.02066	0.00675	0.00590
18	0.01742	0.34286	0.37941	0.01692	0.02543	0.02232	0.01990	0.06009	0.01618	0.02179	0.01203	0.01388	0.00944	0.00672	0.00596	0.00197	0.00931	0.00480	0.00333	0.01023
19	0.02583	0.01827	0.01997	0.01560	0.02084	0.02007	0.01281	0.55730	0.03079	0.07562	0.01852	0.01917	0.01342	0.01202	0.05818	0.00284	0.00847	0.00669	0.05197	0.01162

[dist]
# distance from previous block
# <min> <max>
0	1

[block]
# block no. 4 follows, 28 sequences, length 149
# corresponding to MSA columns:
# 264-412
name=unknown_E
#
# <colnr> <probs for GDERKNQSTAVLIFYWHMCP>
#	G	D	E	R	K	N	Q	S	T	A	V	L	I	F	Y	W	H	M	C	P
0	0.01662	0.22857	0.42204	0.01835	0.02690	0.06286	0.05267	0.02268	0.01582	0.02135	0.04019	0.01601	0.01177	0.00704	0.00642	0.00208	0.00986	0.00540	0.00335	0.01001
1	0.76287	0.04530	0.01185	0.00968	0.01425	0.01684	0.00807	0.02138	0.01247	0.03195	0.01012	0.01180	0.00793	0.00673	0.00451	0.00222	0.00571	0.00393	0.00444	0.00793
2	0.01539	0.05486	0.49045	0.02420	0.14049	0.01708	0.05398	0.02311	0.04089	0.02346	0.03931	0.01776	0.01239	0.00719	0.00704	0.00227	0.00991	0.00605	0.00353	0.01066
3	0.01871	0.01642	0.01656	0.01474	0.01888	0.04983	0.01149	0.08253	0.57531	0.03040	0.03006	0.02791	0.05445	0.01010	0.00741	0.00242	0.00615	0.00829	0.00719	0.01116
4	0.01049	0.00776	0.01152	0.01152	0.01283	0.00901	0.00896	0.01311	0.01180	0.01721	0.01961	0.02851	0.01819	0.05303	0.69271	0.01136	0.01895	0.00776	0.02920	0.00650
5	0.03119	0.01269	0.01683	0.01312	0.01859	0.01141	0.01076	0.03574	0.08619	0.63800	0.02877	0.02498	0.01841	0.00908	0.00732	0.00227	0.00614	0.00740	0.00884	0.01229
6	0.01015	0.00742	0.00952	0.00900	0.01077	0.00680	0.00675	0.01345	0.02025	0.02836	0.64401	0.05559	0.12043	0.01515	0.00857	0.00230	0.00345	0.01333	0.00790	0.00680
7	0.00886	0.00633	0.00843	0.01012	0.01054	0.00590	0.00675	0.01012	0.01392	0.01856	0.04006	0.73979	0.04808	0.02277	0.00928	0.00295	0.00422	0.02066	0.00675	0.00590
8	0.01808	0.01561	0.01644	0.01479	0.01890	0.01808	0.01151	0.03863	0.68606	0.03041	0.02959	0.02712	0.02219	0.00986	0.00740	0.00247	0.00575	0.00822	0.00740	0.01151
9	0.01483	0.03611	0.65727	0.02247	0.08036	0.01691	0.02652	0.02297	0.01544	0.02307	0.01309	0.01554	0.00938	0.00687	0.00693	0.00229	0.01059	0.00545	0.00311	0.01080
10	0.01716	0.01961	0.04289	0.03064	0.03799	0.01838	0.67279	0.02328	0.01716	0.02328	0.01471	0.01961	0.01103	0.00613	0.00858	0.00245	0.01225	0.00858	0.00368	0.00980
11	0.01433	0.00849	0.01115	0.00986	0.01243	0.00763	0.00759	0.01765	0.02041	0.14596	0.55488	0.04774	0.05771	0.01350	0.00824	0.00224	0.00398	0.01181	0.00804	0.03637
12	0.01373	0.01292	0.02180	0.72707	0.05006	0.01615	0.02019	0.01857	0.01453	0.01857	0.01292	0.01938	0.00969	0.00727	0.00727	0.00242	0.00969	0.00646	0.00323	0.00807
13	0.01022	0.00743	0.00962	0.00907	0.01082	0.00683	0.00680	0.01358	0.02041	0.02875	0.66892	0.05496	0.09528	0.01501	0.00857	0.00229	0.00344	0.01324	0.00795	0.00683
14	0.01507	0.01292	0.01507	0.01077	0.01723	0.00969	0.00861	0.01830	0.01507	0.02369	0.01292	0.01507	0.01077	0.00538	0.00538	0.00108	0.00538	0.00431	0.00431	0.78898
15	0.01297	0.01026	0.01205	0.01130	0.01384	0.01073	0.00873	0.02212	0.24500	0.02873	0.40248	0.04763	0.07197	0.01367	0.00828	0.00243	0.00446	0.05730	0.00766	0.00839
16	0.79588	0.01406	0.01068	0.00956	0.01406	0.01631	0.00787	0.02137	0.01237	0.03261	0.01012	0.01181	0.00787	0.00675	0.00450	0.00225	0.00562	0.00394	0.00450	0.00787
17	0.01535	0.01458	0.02474	0.46664	0.29778	0.01658	0.02100	0.02000	0.01530	0.02055	0.01321	0.01885	0.01039	0.00697	0.00724	0.00232	0.00929	0.00647	0.00337	0.00939
18	0.01034	0.00788	0.00965	0.04503	0.01274	0.00755	0.00725	0.04357	0.01657	0.02172	0.16418	0.30629	0.22095	0.07890	0.01108	0.00297	0.00462	0.01563	0.00663	0.00644
19	0.00948	0.00740	0.00861	0.00848	0.01051	0.00654	0.00640	0.01206	0.01827	0.02392	0.34773	0.08549	0.37029	0.01704	0.00866	0.00243	0.00370	0.03921	0.00730	0.00647
20	0.00886	0.00633	0.00843	0.01012	0.01054	0.00590	0.00675	0.01012	0.01392	0.01856	0.04006	0.73979	0.04808	0.02277	0.00928	0.00295	0.00422	0.02066	0.00675	0.00590
21	0.01458	0.03760	0.70688	0.02072	0.03146	0.01688	0.02686	0.02302	0.01535	0.02302	0.01304	0.01535	0.00921	0.00691	0.00691	0.00230	0.01074	0.00537	0.00307	0.01074
22	0.00886	0.00633	0.00843	0.01012	0.01054	0.00590	0.00675	0.01012	0.01392	0.01856	0.04006	0.73979	0.04808	0.02277	0.00928	0.00295	0.00422	0.02066	0.00675	0.00590
23	0.01507	0.01292	0.01507	0.01077	0.01723	0.00969	0.00861	0.01830	0.01507	0.02369	0.01292	0.01507	0.01077	0.00538	0.00538	0.00108	0.00538	0.00431	0.00431	0.78898
24	0.03261	0.01237	0.01687	0.01293	0.01856	0.01068	0.01068	0.03543	0.02081	0.70423	0.02868	0.02474	0.01799	0.00900	0.00731	0.00225	0.00619	0.00731	0.00900	0.01237
25	0.79588	0.01406	0.01068	0.00956	0.01406	0.01631	0.00787	0.02137	0.01237	0.03261	0.01012	0.01181	0.00787	0.00675	0.00450	0.00225	0.00562	0.00394	0.00450	0.00787
26	0.01171	0.00837	0.01171	0.01339	0.01506	0.00837	0.01171	0.01506	0.01673	0.02175	0.03849	0.08199	0.04183	0.02008	0.01004	0.00335	0.00669	0.65027	0.00669	0.00669
27	0.00886	0.00633	0.00843	0.01012	0.01054	0.00590	0.00675	0.01012	0.01392	0.01856	0.04006	0.73979	0.04808	0.02277	0.00928	0.00295	0.00422	0.02066	0.00675	0.00590
28	0.01919	0.71351	0.07138	0.01285	0.01929	0.02817	0.01316	0.02183	0.01480	0.01740	0.01025	0.01184	0.00932	0.00625	0.00478	0.00159	0.00792	0.00396	0.00311	0.00940
29	0.01982	0.71336	0.03722	0.01275	0.01885	0.06294	0.01252	0.02213	0.01506	0.01714	0.01016	0.01173	0.00933	0.00628	0.00476	0.00157	0.00804	0.00393	0.00314	0.00928
30	0.02037	0.66245	0.03597	0.01320	0.01912	0.11188	0.01263	0.02265	0.01548	0.01719	0.01024	0.01184	0.00933	0.00637	0.00489	0.00159	0.00842	0.00398	0.00319	0.00922
31	0.01733	0.01872	0.07322	0.07201	0.46675	0.04020	0.10205	0.02196	0.01663	0.02328	0.04660	0.01963	0.01386	0.00711	0.00786	0.00224	0.02921	0.00693	0.00376	0.01065
32	0.79588	0.01406	0.01068	0.00956	0.01406	0.01631	0.00787	0.02137	0.01237	0.03261	0.01012	0.01181	0.00787	0.00675	0.00450	0.00225	0.00562	0.00394	0.00450	0.00787
33	0.01976	0.71854	0.03735	0.01271	0.01882	0.05796	0.01251	0.02207	0.01502	0.01713	0.01015	0.01172	0.00933	0.00627	0.00474	0.00157	0.00800	0.00392	0.00314	0.00929
34	0.01027	0.00704	0.00797	0.00807	0.00837	0.00688	0.00474	0.01063	0.01166	0.01539	0.05096	0.09646	0.08881	0.60704	0.03166	0.00620	0.00644	0.01176	0.00489	0.00474
35	0.01379	0.00816	0.01068	0.00977	0.01206	0.00738	0.00742	0.01686	0.01986	0.13990	0.49897	0.10742	0.08971	0.01472	0.00842	0.00234	0.00397	0.01291	0.00800	0.00766
36	0.79588	0.01406	0.01068	0.00956	0.01406	0.01631	0.00787	0.02137	0.01237	0.03261	0.01012	0.01181	0.00787	0.00675	0.00450	0.00225	0.00562	0.00394	0.00450	0.00787
37	0.01808	0.01561	0.01644	0.01479	0.01890	0.01808	0.01151	0.03863	0.68606	0.03041	0.02959	0.02712	0.02219	0.00986	0.00740	0.00247	0.00575	0.00822	0.00740	0.01151
38	0.03261	0.01237	0.01687	0.01293	0.01856	0.01068	0.01068	0.03543	0.02081	0.70423	0.02868	0.02474	0.01799	0.00900	0.00731	0.00225	0.00619	0.00731	0.00900	0.01237
39	0.01207	0.00787	0.01005	0.00925	0.01141	0.00711	0.00703	0.01524	0.02007	0.08859	0.55333	0.05371	0.14691	0.01480	0.00846	0.00231	0.00371	0.01291	0.00793	0.00726
40	0.01372	0.01270	0.02126	0.70112	0.04857	0.01581	0.01964	0.01851	0.01456	0.01888	0.01331	0.01966	0.01001	0.00731	0.00719	0.00240	0.00946	0.00647	0.03139	0.00803
41	0.01458	0.03760	0.70688	0.02072	0.03146	0.01688	0.02686	0.02302	0.01535	0.02302	0.01304	0.01535	0.00921	0.00691	0.00691	0.00230	0.01074	0.00537	0.00307	0.01074
42	0.01029	0.00743	0.00972	0.00914	0.01086	0.00686	0.00686	0.01372	0.02058	0.02915	0.69536	0.05430	0.06859	0.01486	0.00857	0.00229	0.00343	0.01315	0.00800	0.00686
43	0.01458	0.03760	0.70688	0.02072	0.03146	0.01688	0.02686	0.02302	0.01535	0.02302	0.01304	0.01535	0.00921	0.00691	0.00691	0.00230	0.01074	0.00537	0.00307	0.01074
44	0.01458	0.03760	0.70688	0.02072	0.03146	0.01688	0.02686	0.02302	0.01535	0.02302	0.01304	0.01535	0.00921	0.00691	0.00691	0.00230	0.01074	0.00537	0.00307	0.01074
45	0.01458	0.03760	0.70688	0.02072	0.03146	0.01688	0.02686	0.02302	0.01535	0.02302	0.01304	0.01535	0.00921	0.00691	0.00691	0.00230	0.01074	0.00537	0.00307	0.01074
46	0.01427	0.01230	0.01280	0.01181	0.01526	0.01329	0.00911	0.02731	0.41743	0.02609	0.04726	0.04431	0.29265	0.01329	0.00788	0.00246	0.00492	0.01108	0.00714	0.00935
47	0.79588	0.01406	0.01068	0.00956	0.01406	0.01631	0.00787	0.02137	0.01237	0.03261	0.01012	0.01181	0.00787	0.00675	0.00450	0.00225	0.00562	0.00394	0.00450	0.00787
48	0.00875	0.00737	0.00761	0.00775	0.01009	0.00623	0.00586	0.01063	0.01647	0.01969	0.07067	0.09754	0.64003	0.01866	0.00869	0.00252	0.00384	0.04472	0.00675	0.00615
49	0.01787	0.01820	0.02800	0.07590	0.20160	0.07465	0.16686	0.04799	0.01602	0.02210	0.01308	0.01784	0.01089	0.00847	0.01206	0.00249	0.21286	0.00679	0.03686	0.00947
50	0.00884	0.00638	0.00838	0.00999	0.01051	0.00592	0.00669	0.01014	0.01405	0.01861	0.04169	0.70730	0.07952	0.02256	0.00924	0.00293	0.00419	0.02041	0.00675	0.00592
51	0.02378	0.02839	0.02342	0.05432	0.23442	0.47065	0.01686	0.02653	0.01910	0.01968	0.01206	0.01487	0.01005	0.00717	0.00678	0.00198	0.01158	0.00531	0.00368	0.00938
52	0.01236	0.01002	0.01603	0.01863	0.15085	0.00955	0.06562	0.01511	0.01622	0.04252	0.15983	0.38059	0.04076	0.01617	0.00861	0.00260	0.00568	0.01496	0.00617	0.00773
53	0.01583	0.08576	0.51140	0.02032	0.02896	0.05234	0.05605	0.02258	0.01515	0.02170	0.01241	0.01525	0.00935	0.00753	0.00880	0.00234	0.09541	0.00551	0.00315	0.01015
54	0.01943	0.74891	0.03809	0.01244	0.01866	0.02876	0.01244	0.02177	0.01477	0.01710	0.01011	0.01166	0.00933	0.00622	0.00466	0.00155	0.00777	0.00389	0.00311	0.00933
55	0.01166	0.00833	0.01163	0.01322	0.01489	0.00831	0.01152	0.01501	0.01689	0.02205	0.06499	0.08088	0.04291	0.01987	0.00998	0.00330	0.00656	0.62456	0.00675	0.00670
56	0.00998	0.00742	0.00929	0.00882	0.01067	0.00673	0.00661	0.01312	0.01984	0.02741	0.58170	0.05716	0.18333	0.01551	0.00858	0.00232	0.00348	0.01355	0.00777	0.00673
57	0.01921	0.71624	0.06881	0.01282	0.01924	0.02822	0.01310	0.02182	0.01480	0.01737	0.01024	0.01183	0.00932	0.00625	0.00477	0.00159	0.00791	0.00396	0.00311	0.00939
58	0.00886	0.00633	0.00843	0.01012	0.01054	0.00590	0.00675	0.01012	0.01392	0.01856	0.04006	0.73979	0.04808	0.02277	0.00928	0.00295	0.00422	0.02066	0.00675	0.00590
59	0.01808	0.01561	0.01644	0.01479	0.01890	0.01808	0.01151	0.03863	0.68606	0.03041	0.02959	0.02712	0.02219	0.00986	0.00740	0.00247	0.00575	0.00822	0.00740	0.01151
60	0.06188	0.01307	0.01702	0.01310	0.01870	0.01184	0.01082	0.08555	0.02154	0.62597	0.02707	0.02366	0.01715	0.00889	0.00720	0.00224	0.00631	0.00712	0.00869	0.01220
61	0.01057	0.00705	0.00793	0.00793	0.00793	0.00705	0.00440	0.01057	0.01057	0.01409	0.02290	0.04757	0.02643	0.74454	0.03700	0.00705	0.00705	0.01057	0.00440	0.00440
62	0.00886	0.00633	0.00843	0.01012	0.01054	0.00590	0.00675	0.01012	0.01392	0.01856	0.04006	0.73979	0.04808	0.02277	0.00928	0.00295	0.00422	0.02066	0.00675	0.00590
63	0.01889	0.61331	0.08481	0.01352	0.01955	0.05263	0.01357	0.02164	0.01477	0.01757	0.01068	0.01278	0.00965	0.00835	0.03174	0.00206	0.03781	0.00427	0.00316	0.00924
64	0.01797	0.01509	0.04186	0.01424	0.02059	0.01235	0.09107	0.08983	0.01769	0.08324	0.01530	0.01782	0.01207	0.03156	0.00727	0.00171	0.00680	0.00557	0.00490	0.49306
65	0.02694	0.02008	0.02190	0.01766	0.04678	0.02219	0.01404	0.62821	0.05735	0.04445	0.01776	0.01782	0.01269	0.00869	0.00727	0.00219	0.00794	0.00660	0.00714	0.01230
66	0.01808	0.01561	0.01644	0.01479	0.01890	0.01808	0.01151	0.03863	0.68606	0.03041	0.02959	0.02712	0.02219	0.00986	0.00740	0.00247	0.00575	0.00822	0.00740	0.01151
67	0.79588	0.01406	0.01068	0.00956	0.01406	0.01631	0.00787	0.02137	0.01237	0.03261	0.01012	0.01181	0.00787	0.00675	0.00450	0.00225	0.00562	0.00394	0.00450	0.00787
68	0.20052	0.00922	0.00923	0.00876	0.01086	0.01029	0.00676	0.01723	0.01364	0.02597	0.01910	0.02429	0.01598	0.06434	0.07183	0.00319	0.05278	0.00643	0.42267	0.00692
69	0.01537	0.01387	0.02301	0.54124	0.17882	0.01626	0.02000	0.02058	0.03821	0.04285	0.01417	0.01954	0.01076	0.00725	0.00726	0.00237	0.00923	0.00655	0.00364	0.00903
70	0.00996	0.00737	0.00915	0.00893	0.01060	0.00675	0.00661	0.01272	0.01858	0.02537	0.46569	0.09212	0.18581	0.06920	0.01074	0.00274	0.00391	0.03988	0.00738	0.00649
71	0.01027	0.00709	0.00784	0.00784	0.00821	0.00691	0.00457	0.01055	0.01147	0.01493	0.03052	0.05093	0.12698	0.63553	0.03273	0.00636	0.00654	0.01129	0.00476	0.00466
72	0.01507	0.01292	0.01507	0.01077	0.01723	0.00969	0.00861	0.01830	0.01507	0.02369	0.01292	0.01507	0.01077	0.00538	0.00538	0.00108	0.00538	0.00431	0.00431	0.78898
73	0.02763	0.02036	0.02182	0.01672	0.02254	0.02254	0.01382	0.67496	0.03418	0.04581	0.01745	0.01745	0.01236	0.00873	0.00727	0.00218	0.00800	0.00654	0.00727	0.01236
74	0.07236	0.01298	0.01482	0.01076	0.01705	0.01021	0.00864	0.01915	0.01509	0.04928	0.01329	0.01519	0.01082	0.00561	0.00539	0.00120	0.00543	0.00439	0.00449	0.70384
75	0.79588	0.01406	0.01068	0.00956	0.01406	0.01631	0.00787	0.02137	0.01237	0.03261	0.01012	0.01181	0.00787	0.00675	0.00450	0.00225	0.00562	0.00394	0.00450	0.00787
76	0.79588	0.01406	0.01068	0.00956	0.01406	0.01631	0.00787	0.02137	0.01237	0.03261	0.01012	0.01181	0.00787	0.00675	0.00450	0.00225	0.00562	0.00394	0.00450	0.00787
77	0.01355	0.00678	0.00678	0.00678	0.00847	0.00678	0.00508	0.01694	0.01524	0.02710	0.02371	0.02710	0.01863	0.00847	0.00508	0.00169	0.00339	0.00678	0.78489	0.00678
78	0.01943	0.74891	0.03809	0.01244	0.01866	0.02876	0.01244	0.02177	0.01477	0.01710	0.01011	0.01166	0.00933	0.00622	0.00466	0.00155	0.00777	0.00389	0.00311	0.00933
79	0.01458	0.03760	0.70688	0.02072	0.03146	0.01688	0.02686	0.02302	0.01535	0.02302	0.01304	0.01535	0.00921	0.00691	0.00691	0.00230	0.01074	0.00537	0.00307	0.01074
80	0.04510	0.05973	0.65815	0.02002	0.03037	0.01724	0.02565	0.02292	0.01521	0.02320	0.01284	0.01509	0.00916	0.00688	0.00674	0.00228	0.01045	0.00527	0.00313	0.01059
81	0.00931	0.00736	0.00851	0.00921	0.01108	0.00656	0.00709	0.01134	0.01605	0.01986	0.05916	0.21337	0.42188	0.01968	0.00904	0.00275	0.00443	0.15040	0.00674	0.00621
82	0.17143	0.01918	0.01973	0.01538	0.02095	0.02138	0.01270	0.55262	0.03010	0.04334	0.01608	0.01640	0.01152	0.00836	0.00675	0.00219	0.00755	0.00606	0.00675	0.01152
83	0.00920	0.00677	0.00862	0.00947	0.01052	0.00619	0.00660	0.01112	0.01606	0.02151	0.21798	0.46207	0.14705	0.02005	0.00899	0.00270	0.00393	0.01791	0.00708	0.00619
84	0.01056	0.00708	0.00808	0.00808	0.00814	0.00713	0.00460	0.01067	0.01062	0.01421	0.02276	0.04679	0.02609	0.71625	0.06482	0.00724	0.00756	0.01046	0.00438	0.00449
85	0.00886	0.00633	0.00843	0.01012	0.01054	0.00590	0.00675	0.01012	0.01392	0.01856	0.04006	0.73979	0.04808	0.02277	0.00928	0.00295	0.00422	0.02066	0.00675	0.00590
86	0.01040	0.00773	0.01137	0.01137	0.01256	0.00892	0.00870	0.01278	0.01159	0.01664	0.01976	0.03014	0.01886	0.11206	0.65913	0.01130	0.01843	0.00802	0.00394	0.00632
87	0.01410	0.01344	0.02315	0.66111	0.08182	0.01631	0.05027	0.01897	0.01476	0.01905	0.01304	0.01932	0.00984	0.00718	0.00732	0.00241	0.00976	0.00656	0.00327	0.00833
88	0.70976	0.01406	0.01148	0.03305	0.01549	0.01625	0.00851	0.05093	0.01349	0.03231	0.01152	0.03600	0.00945	0.00738	0.00487	0.00227	0.00582	0.00468	0.00466	0.00802
89	0.01949	0.03881	0.02410	0.14672	0.04907	0.12888	0.14995	0.15980	0.02061	0.02668	0.04728	0.04351	0.01541	0.00830	0.00725	0.00219	0.00920	0.00736	0.08610	0.00928
90	0.01116	0.00762	0.00999	0.00929	0.01116	0.00701	0.00701	0.01456	0.02059	0.05538	0.66945	0.05315	0.06662	0.01463	0.00852	0.00228	0.00354	0.01292	0.00804	0.00707
91	0.05274	0.31058	0.15792	0.01560	0.02237	0.05312	0.01552	0.24041	0.02151	0.02847	0.01317	0.01436	0.01026	0.00726	0.00603	0.00195	0.00855	0.00509	0.00457	0.01051
92	0.01789	0.01722	0.02981	0.10288	0.55289	0.01748	0.08405	0.04652	0.01709	0.02407	0.01385	0.01825	0.01134	0.00660	0.00734	0.00221	0.00905	0.00668	0.00371	0.01108
93	0.04249	0.07017	0.57692	0.01951	0.02914	0.06645	0.02401	0.02379	0.01579	0.04821	0.01326	0.01524	0.00951	0.00699	0.00671	0.00223	0.01042	0.00528	0.00339	0.01048
94	0.01320	0.01146	0.01337	0.01452	0.09416	0.01174	0.00973	0.02209	0.25410	0.02472	0.10193	0.04739	0.32551	0.01369	0.00800	0.00241	0.00498	0.01160	0.00671	0.00873
95	0.00859	0.00736	0.00736	0.00736	0.00982	0.00614	0.00552	0.01043	0.01657	0.01964	0.07364	0.06996	0.69624	0.01841	0.00859	0.00245	0.00368	0.01534	0.00675	0.00614
96	0.01708	0.01795	0.10265	0.10865	0.13441	0.01658	0.10240	0.02784	0.25543	0.05164	0.02181	0.02650	0.01735	0.00893	0.00765	0.00245	0.00821	0.05671	0.00531	0.01044
97	0.01675	0.02078	0.09933	0.05792	0.03727	0.01829	0.56705	0.02287	0.01668	0.02287	0.01431	0.01910	0.01076	0.00647	0.00890	0.00246	0.03670	0.00814	0.00359	0.00975
98	0.00886	0.00633	0.00843	0.01012	0.01054	0.00590	0.00675	0.01012	0.01392	0.01856	0.04006	0.73979	0.04808	0.02277	0.00928	0.00295	0.00422	0.02066	0.00675	0.00590
99	0.01697	0.02094	0.09197	0.02990	0.03751	0.01827	0.62505	0.02326	0.01702	0.02326	0.01458	0.01929	0.01089	0.00619	0.00845	0.00244	0.01214	0.00834	0.00363	0.00987
100	0.79588	0.01406	0.01068	0.00956	0.01406	0.01631	0.00787	0.02137	0.01237	0.03261	0.01012	0.01181	0.00787	0.00675	0.00450	0.00225	0.00562	0.00394	0.00450	0.00787
101	0.01799	0.01727	0.02950	0.04462	0.69919	0.01727	0.02231	0.02231	0.01655	0.02375	0.01367	0.01799	0.01151	0.00648	0.00720	0.00216	0.00864	0.00648	0.00360	0.01151
102	0.01501	0.03493	0.61540	0.02340	0.09563	0.01698	0.05234	0.02296	0.01553	0.02310	0.01317	0.01577	0.00950	0.00683	0.00700	0.00229	0.01060	0.00561	0.00314	0.01078
103	0.01808	0.01561	0.01644	0.01479	0.01890	0.01808	0.01151	0.03863	0.68606	0.03041	0.02959	0.02712	0.02219	0.00986	0.00740	0.00247	0.00575	0.00822	0.00740	0.01151
104	0.79588	0.01406	0.01068	0.00956	0.01406	0.01631	0.00787	0.02137	0.01237	0.03261	0.01012	0.01181	0.00787	0.00675	0.00450	0.00225	0.00562	0.00394	0.00450	0.00787
105	0.00902	0.00639	0.00833	0.00988	0.01044	0.00595	0.00664	0.01039	0.01408	0.01892	0.04083	0.68568	0.07355	0.02206	0.00909	0.00288	0.00416	0.01993	0.03585	0.00595
106	0.01386	0.01324	0.02270	0.57372	0.04433	0.01604	0.07340	0.01844	0.01474	0.01929	0.03928	0.04434	0.01327	0.00831	0.00854	0.00249	0.05503	0.00735	0.00356	0.00809
107	0.01614	0.24644	0.48447	0.01917	0.05266	0.02040	0.02244	0.02262	0.01522	0.02130	0.01220	0.01436	0.00933	0.00669	0.00626	0.00208	0.00979	0.00498	0.00310	0.01035
108	0.01579	0.01575	0.02224	0.05432	0.02063	0.02196	0.01612	0.01755	0.01130	0.01755	0.00971	0.01608	0.00955	0.01245	0.02303	0.00314	0.69532	0.00637	0.00318	0.00796
109	0.79588	0.01406	0.01068	0.00956	0.01406	0.01631	0.00787	0.02137	0.01237	0.03261	0.01012	0.01181	0.00787	0.00675	0.00450	0.00225	0.00562	0.00394	0.00450	0.00787
110	0.01458	0.03760	0.70688	0.02072	0.03146	0.01688	0.02686	0.02302	0.01535	0.02302	0.01304	0.01535	0.00921	0.00691	0.00691	0.00230	0.01074	0.00537	0.00307	0.01074
111	0.00937	0.00662	0.00865	0.01007	0.01054	0.00630	0.00683	0.01063	0.01365	0.01815	0.03728	0.57485	0.04419	0.13371	0.01362	0.00362	0.00487	0.07492	0.00638	0.00574
112	0.00859	0.00736	0.00736	0.00736	0.00982	0.00614	0.00552	0.01043	0.01657	0.01964	0.07364	0.06996	0.69624	0.01841	0.00859	0.00245	0.00368	0.01534	0.00675	0.00614
113	0.01768	0.01791	0.05638	0.07119	0.64621	0.01721	0.02241	0.02219	0.01642	0.02351	0.01362	0.01794	0.01135	0.00653	0.00719	0.00218	0.00876	0.00643	0.00356	0.01134
114	0.01024	0.00740	0.00968	0.00917	0.01085	0.00683	0.00686	0.01361	0.02037	0.02882	0.67523	0.07535	0.06796	0.01510	0.00860	0.00231	0.00345	0.01338	0.00796	0.00683
115	0.01458	0.01320	0.01971	0.33102	0.03120	0.01720	0.01616	0.01789	0.01326	0.01943	0.01319	0.01914	0.01099	0.00966	0.01365	0.00262	0.30094	0.00647	0.12185	0.00783
116	0.00999	0.00726	0.00940	0.00921	0.01076	0.00668	0.00678	0.01300	0.01936	0.02706	0.56425	0.16065	0.09588	0.01625	0.00868	0.00240	0.00356	0.01441	0.00775	0.00668
117	0.00996	0.00737	0.00929	0.00890	0.01068	0.00670	0.00664	0.01304	0.01966	0.02719	0.56902	0.08491	0.16817	0.01575	0.00861	0.00234	0.00350	0.01381	0.00775	0.00670
118	0.01507	0.01292	0.01507	0.01077	0.01723	0.00969	0.00861	0.01830	0.01507	0.02369	0.01292	0.01507	0.01077	0.00538	0.00538	0.00108	0.00538	0.00431	0.00431	0.78898
119	0.01038	0.00779	0.01168	0.01168	0.01298	0.00909	0.00909	0.01298	0.01168	0.01687	0.01947	0.02856	0.01817	0.05452	0.71573	0.01168	0.01947	0.00779	0.00389	0.00649
