[name]
unknown

[dist]
# distance from previous block
# <min> <max>
9	44

[block]
# block no. 0 follows, 29 sequences, length 18
# corresponding to MSA columns:
# 56-73
name=unknown_A
#
# <colnr> <probs for GDERKNQSTAVLIFYWHMCP>
#	G	D	E	R	K	N	Q	S	T	A	V	L	I	F	Y	W	H	M	C	P
0	0.02707	0.01995	0.02137	0.01638	0.02208	0.02208	0.01353	0.68159	0.03348	0.04488	0.01710	0.01710	0.01211	0.00855	0.00712	0.00214	0.00784	0.00641	0.00712	0.01211
1	0.01505	0.01504	0.02071	0.01786	0.01843	0.04399	0.04460	0.01686	0.01217	0.01797	0.04027	0.09670	0.01581	0.01314	0.01993	0.00298	0.56907	0.00806	0.00373	0.00763
2	0.01568	0.24737	0.51455	0.01791	0.02714	0.01995	0.02216	0.02219	0.01487	0.02085	0.01193	0.01397	0.00905	0.00657	0.00612	0.00204	0.00967	0.00483	0.00302	0.01012
3	0.21906	0.01841	0.01866	0.01464	0.02002	0.02057	0.01209	0.51750	0.02817	0.04167	0.01531	0.01572	0.01102	0.00807	0.00645	0.00215	0.00726	0.00578	0.00645	0.01102
4	0.01428	0.03683	0.71286	0.02030	0.03082	0.01654	0.02631	0.02255	0.01503	0.02255	0.01278	0.01503	0.00902	0.00677	0.00677	0.00226	0.01052	0.00526	0.00301	0.01052
5	0.01465	0.01356	0.01872	0.11701	0.02157	0.01677	0.01364	0.01708	0.01254	0.01916	0.01276	0.05003	0.01192	0.01044	0.01559	0.00249	0.40567	0.00651	0.05494	0.16495
6	0.01904	0.75404	0.03731	0.01218	0.01828	0.02818	0.01218	0.02132	0.01447	0.01675	0.00990	0.01142	0.00914	0.00609	0.00457	0.00152	0.00761	0.00381	0.00305	0.00914
7	0.00868	0.00620	0.00826	0.00991	0.01033	0.00578	0.00661	0.00991	0.01363	0.01818	0.03925	0.74510	0.04710	0.02231	0.00909	0.00289	0.00413	0.02024	0.00661	0.00578
8	0.25624	0.01260	0.01476	0.01170	0.01689	0.01207	0.00966	0.03068	0.01797	0.51219	0.02278	0.02054	0.01473	0.00817	0.00636	0.00220	0.00590	0.00620	0.00753	0.01083
9	0.01495	0.00892	0.01088	0.01093	0.01280	0.03823	0.00797	0.01683	0.01617	0.17557	0.09903	0.46055	0.04050	0.01777	0.00850	0.00264	0.00496	0.03828	0.00710	0.00744
10	0.01147	0.00820	0.01147	0.01311	0.01475	0.00820	0.01147	0.01475	0.01639	0.02131	0.03770	0.08032	0.04098	0.01967	0.00984	0.00328	0.00656	0.65741	0.00656	0.00656
11	0.01008	0.00728	0.00952	0.00896	0.01064	0.00672	0.00672	0.01344	0.02016	0.02855	0.70158	0.05319	0.06719	0.01456	0.00840	0.00224	0.00336	0.01288	0.00784	0.00672
12	0.02407	0.01845	0.01968	0.01578	0.02094	0.02068	0.01281	0.47499	0.24496	0.04003	0.02091	0.02014	0.01520	0.00891	0.00716	0.00223	0.00713	0.00694	0.00716	0.01184
13	0.01863	0.69254	0.09524	0.01288	0.01935	0.02718	0.01340	0.02143	0.01452	0.01725	0.01015	0.01173	0.00913	0.00615	0.00476	0.00159	0.00786	0.00393	0.00304	0.00926
14	0.01036	0.00690	0.00777	0.00777	0.00777	0.00690	0.00431	0.01036	0.01036	0.01381	0.02244	0.04660	0.02589	0.74975	0.03624	0.00690	0.00690	0.01036	0.00431	0.00431
15	0.00881	0.00632	0.00818	0.00957	0.01020	0.00583	0.00645	0.00992	0.01374	0.01804	0.04192	0.63235	0.12308	0.02191	0.00986	0.03852	0.00416	0.01899	0.00645	0.00569
16	0.01428	0.03683	0.71286	0.02030	0.03082	0.01654	0.02631	0.02255	0.01503	0.02255	0.01278	0.01503	0.00902	0.00677	0.00677	0.00226	0.01052	0.00526	0.00301	0.01052
17	0.02449	0.02650	0.01940	0.01699	0.02116	0.40644	0.01310	0.16158	0.18982	0.02599	0.01669	0.01710	0.01288	0.00816	0.00677	0.00204	0.01005	0.00581	0.00525	0.00978

[dist]
# distance from previous block
# <min> <max>
4	11

[block]
# block no. 1 follows, 29 sequences, length 12
# corresponding to MSA columns:
# 85-96
name=unknown_B
#
# <colnr> <probs for GDERKNQSTAVLIFYWHMCP>
#	G	D	E	R	K	N	Q	S	T	A	V	L	I	F	Y	W	H	M	C	P
0	0.12489	0.01298	0.01633	0.01299	0.01760	0.01295	0.01070	0.02939	0.04623	0.44754	0.02207	0.02082	0.01487	0.00880	0.00889	0.00225	0.10598	0.00643	0.00705	0.07125
1	0.06017	0.29587	0.33026	0.11426	0.02774	0.02069	0.01917	0.02141	0.01455	0.02035	0.01154	0.01405	0.00905	0.00656	0.00587	0.00200	0.00903	0.00479	0.00312	0.00950
2	0.02518	0.01812	0.01935	0.01505	0.02019	0.01997	0.01236	0.59051	0.03094	0.04237	0.01794	0.01839	0.01295	0.00851	0.00683	0.00207	0.00722	0.00644	0.11424	0.01136
3	0.01285	0.00910	0.01383	0.19019	0.02048	0.01071	0.01083	0.01287	0.01123	0.01537	0.01427	0.07053	0.01386	0.01793	0.01997	0.40571	0.10681	0.00722	0.03098	0.00524
4	0.01447	0.01058	0.00946	0.00921	0.01107	0.10495	0.00697	0.01743	0.01495	0.02328	0.02072	0.02496	0.01692	0.01726	0.14959	0.00366	0.00780	0.00656	0.52338	0.00680
5	0.02498	0.01852	0.01979	0.01536	0.02069	0.02029	0.01263	0.60657	0.03155	0.04201	0.02325	0.02284	0.08925	0.00961	0.00727	0.00217	0.00736	0.00737	0.00707	0.01143
6	0.02707	0.01995	0.02137	0.01638	0.02208	0.02208	0.01353	0.68159	0.03348	0.04488	0.01710	0.01710	0.01211	0.00855	0.00712	0.00214	0.00784	0.00641	0.00712	0.01211
7	0.01904	0.75404	0.03731	0.01218	0.01828	0.02818	0.01218	0.02132	0.01447	0.01675	0.00990	0.01142	0.00914	0.00609	0.00457	0.00152	0.00761	0.00381	0.00305	0.00914
8	0.06642	0.02276	0.02055	0.01646	0.02164	0.17822	0.01329	0.50169	0.02941	0.03807	0.01537	0.01586	0.01123	0.00818	0.00683	0.00207	0.00884	0.00587	0.00621	0.01102
9	0.01818	0.62452	0.15931	0.01365	0.02054	0.02607	0.01473	0.02154	0.01457	0.01780	0.01042	0.01207	0.00912	0.00621	0.00497	0.00166	0.00814	0.00407	0.00304	0.00939
10	0.02569	0.01913	0.02063	0.01573	0.02150	0.02068	0.01296	0.60743	0.03139	0.04245	0.01660	0.01684	0.01193	0.00818	0.00692	0.00202	0.00755	0.00617	0.00680	0.09940
11	0.72527	0.01361	0.01106	0.00969	0.01420	0.01544	0.00798	0.02227	0.01292	0.09799	0.01168	0.01280	0.00868	0.00682	0.00467	0.00220	0.00556	0.00418	0.00484	0.00814

[dist]
# distance from previous block
# <min> <max>
0	1

[block]
# block no. 2 follows, 29 sequences, length 40
# corresponding to MSA columns:
# 98-137
name=unknown_C
#
# <colnr> <probs for GDERKNQSTAVLIFYWHMCP>
#	G	D	E	R	K	N	Q	S	T	A	V	L	I	F	Y	W	H	M	C	P
0	0.00984	0.00675	0.00819	0.00866	0.00892	0.00667	0.00535	0.01050	0.01184	0.01593	0.05886	0.25174	0.03362	0.46315	0.06430	0.00575	0.00658	0.01324	0.00513	0.00497
1	0.02357	0.01749	0.01895	0.01448	0.02001	0.01840	0.01187	0.49847	0.02833	0.03915	0.01666	0.01733	0.01225	0.00787	0.00659	0.00188	0.00698	0.00599	0.06455	0.16919
2	0.01850	0.67353	0.11314	0.01309	0.01968	0.02687	0.01377	0.02146	0.01453	0.01740	0.01022	0.01183	0.00912	0.00617	0.00482	0.00161	0.00794	0.00397	0.00304	0.00929
3	0.00988	0.00733	0.00924	0.00973	0.01104	0.00653	0.00660	0.01126	0.01338	0.01840	0.03272	0.53402	0.03838	0.11716	0.01212	0.00313	0.00469	0.01634	0.00592	0.13215
4	0.02572	0.01340	0.01696	0.01343	0.01797	0.01332	0.01099	0.15333	0.02122	0.39356	0.05668	0.04876	0.04479	0.01003	0.00892	0.00226	0.08230	0.00778	0.00745	0.05115
5	0.01375	0.01251	0.01866	0.01614	0.01747	0.01525	0.08116	0.04934	0.01324	0.01901	0.01840	0.15683	0.01929	0.07460	0.13146	0.00457	0.31716	0.00962	0.00423	0.00734
6	0.00868	0.00620	0.00826	0.00991	0.01033	0.00578	0.00661	0.00991	0.01363	0.01818	0.03925	0.74510	0.04710	0.02231	0.00909	0.00289	0.00413	0.02024	0.00661	0.00578
7	0.03035	0.01366	0.01740	0.01331	0.01889	0.01269	0.01099	0.15979	0.02271	0.55485	0.02537	0.02249	0.01629	0.00863	0.00708	0.00215	0.00637	0.00690	0.00831	0.04179
8	0.01774	0.55798	0.22198	0.01440	0.02170	0.02499	0.01605	0.02166	0.01462	0.01834	0.01069	0.01241	0.00911	0.00628	0.00517	0.00172	0.00841	0.00421	0.00304	0.00952
9	0.01789	0.01778	0.02593	0.13502	0.49075	0.08295	0.01990	0.02333	0.07420	0.02257	0.01440	0.01813	0.01173	0.00683	0.00702	0.00215	0.00877	0.00632	0.00381	0.01052
10	0.00842	0.00721	0.00721	0.00721	0.00962	0.00601	0.00541	0.01022	0.01623	0.01924	0.07213	0.06853	0.70244	0.01803	0.00842	0.00240	0.00361	0.01503	0.00661	0.00601
11	0.02133	0.01812	0.02611	0.02133	0.07953	0.01875	0.19062	0.33384	0.07274	0.03405	0.04855	0.01991	0.01485	0.00784	0.00741	0.00216	0.00846	0.00721	0.00575	0.06144
12	0.00998	0.00698	0.00863	0.00890	0.00961	0.00710	0.00595	0.01116	0.01201	0.01641	0.02964	0.15744	0.09832	0.34626	0.19396	0.00661	0.00888	0.01161	0.04519	0.00535
13	0.01203	0.02987	0.01200	0.01106	0.01257	0.01005	0.00851	0.05750	0.01378	0.02007	0.02218	0.14192	0.02184	0.06199	0.37396	0.00716	0.04801	0.00936	0.11937	0.00676
14	0.01735	0.01664	0.02840	0.08934	0.66186	0.01685	0.02172	0.02161	0.01608	0.02293	0.01335	0.01771	0.01116	0.00640	0.00705	0.00213	0.00853	0.00634	0.00350	0.01106
15	0.01408	0.01367	0.01603	0.10760	0.04086	0.10490	0.01223	0.01647	0.01424	0.01877	0.07067	0.13742	0.04957	0.01931	0.12628	0.00399	0.19067	0.00932	0.02668	0.00724
16	0.02470	0.01893	0.01982	0.01552	0.02079	0.04954	0.01262	0.55079	0.02994	0.03999	0.01812	0.07072	0.01445	0.00925	0.00709	0.00209	0.00757	0.00718	0.00671	0.07416
17	0.01022	0.00735	0.00980	0.00997	0.01150	0.00693	0.00774	0.01331	0.01858	0.02577	0.48017	0.13977	0.05915	0.01657	0.00879	0.00254	0.00414	0.15370	0.00742	0.00657
18	0.04893	0.31493	0.02445	0.01226	0.01779	0.01875	0.01089	0.05701	0.07110	0.23276	0.01807	0.01769	0.01330	0.00735	0.00577	0.00182	0.00655	0.00544	0.03550	0.07963
19	0.01642	0.01801	0.03718	0.09473	0.08627	0.01750	0.51512	0.02188	0.01621	0.02222	0.01390	0.01874	0.01065	0.00635	0.00862	0.00235	0.03889	0.00779	0.00356	0.04362
20	0.01268	0.01141	0.01533	0.01419	0.01513	0.04242	0.01137	0.01486	0.01162	0.01677	0.01543	0.02314	0.01457	0.03759	0.45470	0.00822	0.26304	0.00703	0.00357	0.00692
21	0.07274	0.06251	0.63497	0.01917	0.02908	0.01694	0.02439	0.02238	0.01480	0.02303	0.01246	0.01464	0.00893	0.00673	0.00651	0.00222	0.01004	0.00510	0.00311	0.01026
22	0.02030	0.01572	0.01753	0.05171	0.03631	0.01716	0.01209	0.36537	0.13380	0.03446	0.02990	0.03199	0.13963	0.01101	0.00755	0.00231	0.00674	0.04941	0.00673	0.01029
23	0.01798	0.59438	0.18769	0.01399	0.02107	0.02558	0.01533	0.02160	0.01459	0.01804	0.01054	0.01223	0.00911	0.00624	0.00506	0.00169	0.00826	0.00413	0.00304	0.00945
24	0.00911	0.00652	0.00870	0.01000	0.01071	0.00611	0.00699	0.01084	0.01489	0.02008	0.14558	0.58460	0.04987	0.02087	0.00903	0.00282	0.00419	0.06631	0.00680	0.00599
25	0.01191	0.00934	0.01288	0.01258	0.01445	0.00943	0.06190	0.01758	0.15801	0.04066	0.03475	0.51383	0.03796	0.01793	0.00859	0.00273	0.00514	0.01633	0.00656	0.00743
26	0.02402	0.01765	0.01936	0.01556	0.02046	0.01936	0.01288	0.55578	0.03031	0.04058	0.04166	0.04484	0.01852	0.01055	0.00757	0.00231	0.00743	0.09305	0.00706	0.01105
27	0.01215	0.00771	0.01018	0.00954	0.01150	0.00707	0.00725	0.01530	0.01960	0.09332	0.56756	0.09726	0.06008	0.01471	0.00838	0.00232	0.00379	0.03729	0.00780	0.00717
28	0.01008	0.00728	0.00952	0.00896	0.01064	0.00672	0.00672	0.01344	0.02016	0.02855	0.70158	0.05319	0.06719	0.01456	0.00840	0.00224	0.00336	0.01288	0.00784	0.00672
29	0.01681	0.05558	0.02446	0.13424	0.02586	0.10124	0.08513	0.01941	0.01331	0.01791	0.01063	0.01598	0.00949	0.01001	0.01628	0.00269	0.42345	0.00616	0.00323	0.00812
30	0.02586	0.01935	0.02069	0.01614	0.02162	0.02152	0.01324	0.59855	0.11848	0.04293	0.01863	0.01832	0.01335	0.00869	0.00714	0.00217	0.00755	0.00662	0.00714	0.01200
31	0.00914	0.00668	0.00880	0.01008	0.01044	0.00659	0.00677	0.01027	0.01319	0.01770	0.03627	0.64358	0.04333	0.09453	0.01242	0.00330	0.03630	0.01865	0.00623	0.00572
32	0.00985	0.00780	0.00907	0.00954	0.01160	0.00720	0.00757	0.01299	0.04789	0.02092	0.10433	0.11892	0.38999	0.01816	0.00881	0.00267	0.00455	0.19499	0.00672	0.00644
33	0.00969	0.00762	0.01146	0.08708	0.01581	0.00753	0.04261	0.01168	0.01429	0.01910	0.07904	0.58538	0.04260	0.01936	0.00880	0.00277	0.00505	0.01768	0.00617	0.00627
34	0.02586	0.01935	0.02069	0.01614	0.02162	0.02152	0.01324	0.59855	0.11848	0.04293	0.01863	0.01832	0.01335	0.00869	0.00714	0.00217	0.00755	0.00662	0.00714	0.01200
35	0.00953	0.00750	0.00880	0.00943	0.01145	0.00677	0.00759	0.01187	0.01629	0.02021	0.07990	0.10522	0.42232	0.01869	0.00893	0.00272	0.00463	0.23531	0.00663	0.00621
36	0.11952	0.02132	0.02168	0.02468	0.23878	0.20322	0.01542	0.13554	0.07572	0.02674	0.01408	0.01618	0.01121	0.00754	0.00725	0.00212	0.03868	0.00572	0.00457	0.01003
37	0.04540	0.05025	0.58592	0.01890	0.02837	0.01660	0.02341	0.02416	0.06540	0.05536	0.01452	0.01610	0.01032	0.00705	0.00668	0.00225	0.00969	0.00547	0.00365	0.01051
38	0.01980	0.01693	0.01945	0.05113	0.16236	0.08364	0.01410	0.13462	0.22647	0.06877	0.02421	0.02754	0.05247	0.00958	0.00735	0.00230	0.00742	0.05549	0.00595	0.01041
39	0.05050	0.50459	0.02935	0.01315	0.04668	0.08625	0.01135	0.02086	0.01479	0.01862	0.01229	0.01539	0.01108	0.04701	0.00661	0.00191	0.00753	0.00466	0.08882	0.00856

[dist]
# distance from previous block
# <min> <max>
0	1

[block]
# block no. 3 follows, 29 sequences, length 7
# corresponding to MSA columns:
# 139-145
name=unknown_D
#
# <colnr> <probs for GDERKNQSTAVLIFYWHMCP>
#	G	D	E	R	K	N	Q	S	T	A	V	L	I	F	Y	W	H	M	C	P
0	0.01680	0.01851	0.05908	0.02109	0.07922	0.09259	0.06537	0.01939	0.01319	0.01889	0.01115	0.01629	0.01005	0.01041	0.01727	0.00272	0.46886	0.00620	0.04456	0.00835
1	0.01485	0.01037	0.01148	0.01093	0.01308	0.03751	0.00815	0.06245	0.09767	0.08585	0.08850	0.16224	0.07200	0.16051	0.01357	0.00335	0.00573	0.07838	0.05589	0.00748
2	0.13320	0.01205	0.01175	0.01117	0.01379	0.08350	0.00889	0.06030	0.01872	0.02673	0.29149	0.04707	0.09829	0.01353	0.00779	0.00241	0.00563	0.13992	0.00647	0.00729
3	0.01870	0.01928	0.02685	0.09936	0.53883	0.12979	0.02037	0.02259	0.01668	0.02189	0.01295	0.01697	0.01079	0.00657	0.00695	0.00209	0.00925	0.00606	0.00352	0.01050
4	0.02239	0.01709	0.01863	0.01457	0.01989	0.01799	0.01181	0.43508	0.09673	0.03714	0.01881	0.06358	0.01500	0.00886	0.00688	0.00199	0.00684	0.00700	0.00650	0.17323
5	0.55681	0.08682	0.16621	0.01201	0.01791	0.01722	0.01218	0.02132	0.01297	0.02850	0.01054	0.01231	0.00813	0.00660	0.00494	0.00215	0.00680	0.00416	0.00398	0.00846
6	0.01777	0.01468	0.01831	0.01429	0.01966	0.01418	0.07157	0.11352	0.21076	0.05145	0.01980	0.05205	0.01586	0.00792	0.00661	0.00183	0.00632	0.00681	0.00568	0.33095

[dist]
# distance from previous block
# <min> <max>
0	2

[block]
# block no. 4 follows, 29 sequences, length 36
# corresponding to MSA columns:
# 148,150-184
name=unknown_E
#
# <colnr> <probs for GDERKNQSTAVLIFYWHMCP>
#	G	D	E	R	K	N	Q	S	T	A	V	L	I	F	Y	W	H	M	C	P
0	0.01327	0.00664	0.00664	0.00664	0.00830	0.00664	0.00498	0.01659	0.01493	0.02655	0.02323	0.02655	0.01825	0.00830	0.00498	0.00166	0.00332	0.00664	0.78928	0.00664
1	0.02442	0.03045	0.01902	0.01743	0.02078	0.62673	0.01311	0.02635	0.01902	0.01731	0.01208	0.01485	0.01032	0.01345	0.10124	0.00311	0.01367	0.00499	0.00369	0.00800
2	0.08182	0.01206	0.01556	0.01222	0.01737	0.01089	0.01003	0.03243	0.04891	0.59068	0.04782	0.02588	0.04285	0.00919	0.00706	0.00222	0.00584	0.00742	0.00834	0.01141
3	0.02707	0.01995	0.02137	0.01638	0.02208	0.02208	0.01353	0.68159	0.03348	0.04488	0.01710	0.01710	0.01211	0.00855	0.00712	0.00214	0.00784	0.00641	0.00712	0.01211
4	0.01327	0.00664	0.00664	0.00664	0.00830	0.00664	0.00498	0.01659	0.01493	0.02655	0.02323	0.02655	0.01825	0.00830	0.00498	0.00166	0.00332	0.00664	0.78928	0.00664
5	0.00844	0.00713	0.00730	0.00744	0.00968	0.00599	0.00551	0.01019	0.01601	0.01915	0.06932	0.12637	0.64642	0.01840	0.00847	0.00245	0.00365	0.01547	0.00661	0.00599
6	0.01380	0.01302	0.02200	0.67374	0.10515	0.01591	0.01995	0.01851	0.01441	0.01863	0.01272	0.01887	0.00964	0.00705	0.00711	0.00235	0.00940	0.00633	0.00319	0.00820
7	0.01575	0.04191	0.01332	0.01077	0.01282	0.01249	0.00770	0.21368	0.01757	0.02347	0.02010	0.03513	0.02055	0.45381	0.06668	0.00551	0.00793	0.00873	0.00508	0.00699
8	0.01722	0.01371	0.01505	0.01322	0.01622	0.06362	0.01044	0.22817	0.05330	0.02728	0.05492	0.02511	0.01842	0.04686	0.32225	0.00633	0.01257	0.00735	0.03943	0.00855
9	0.00868	0.00620	0.00826	0.00991	0.01033	0.00578	0.00661	0.00991	0.01363	0.01818	0.03925	0.74510	0.04710	0.02231	0.00909	0.00289	0.00413	0.02024	0.00661	0.00578
10	0.01383	0.00811	0.01072	0.00960	0.01193	0.00736	0.00736	0.01709	0.02019	0.14558	0.58596	0.04822	0.05868	0.01357	0.00819	0.00223	0.00382	0.01190	0.00801	0.00765
11	0.01839	0.01790	0.02871	0.04090	0.62023	0.04892	0.04667	0.04957	0.01713	0.02388	0.01348	0.01745	0.01120	0.00647	0.00708	0.00211	0.00877	0.00635	0.00368	0.01111
12	0.00888	0.00648	0.00883	0.04136	0.01201	0.00622	0.00718	0.01028	0.01366	0.01818	0.03809	0.71351	0.04546	0.02165	0.00900	0.00287	0.00436	0.01964	0.00646	0.00588
13	0.00905	0.00646	0.00869	0.01034	0.01091	0.00610	0.00725	0.01056	0.01400	0.01859	0.03904	0.65696	0.04628	0.02196	0.00919	0.00294	0.00445	0.10472	0.00660	0.00589
14	0.01412	0.01412	0.02608	0.52940	0.04466	0.01602	0.18593	0.01908	0.01496	0.01940	0.01521	0.02080	0.03440	0.00722	0.00749	0.00238	0.00992	0.00716	0.00340	0.00827
15	0.01491	0.01143	0.01481	0.08899	0.01892	0.01211	0.03616	0.20887	0.01966	0.02621	0.02896	0.42602	0.03142	0.01602	0.00828	0.00260	0.00609	0.01424	0.00628	0.00802
16	0.02386	0.01614	0.01737	0.01371	0.01838	0.01752	0.01120	0.47684	0.02805	0.07804	0.01927	0.01989	0.01397	0.00850	0.00658	0.00202	0.00659	0.00651	0.20482	0.01073
17	0.75629	0.01412	0.01108	0.00976	0.01424	0.01632	0.00804	0.05833	0.01333	0.03268	0.01032	0.01188	0.00796	0.00672	0.00456	0.00220	0.00564	0.00400	0.00456	0.00796
18	0.01019	0.00756	0.01111	0.01111	0.01226	0.00872	0.00848	0.01250	0.01134	0.01628	0.01938	0.02968	0.01854	0.11706	0.65889	0.01103	0.01796	0.00788	0.00386	0.00617
19	0.02070	0.61506	0.03388	0.01314	0.01884	0.13281	0.01235	0.02294	0.01557	0.04445	0.01079	0.01215	0.00948	0.00639	0.00495	0.00160	0.00835	0.00406	0.00337	0.00912
20	0.03195	0.01212	0.01652	0.01267	0.01818	0.01047	0.01047	0.03470	0.02038	0.71026	0.02809	0.02424	0.01763	0.00881	0.00716	0.00220	0.00606	0.00716	0.00881	0.01212
21	0.13217	0.10532	0.01833	0.01217	0.01761	0.01342	0.01032	0.03120	0.01854	0.53341	0.02340	0.02095	0.01525	0.00818	0.00647	0.00212	0.00618	0.00630	0.00751	0.01116
22	0.00998	0.00719	0.00949	0.00949	0.01096	0.00670	0.00714	0.01299	0.01876	0.02622	0.53411	0.16723	0.06155	0.01627	0.00864	0.00244	0.00378	0.07298	0.00752	0.00655
23	0.01327	0.00664	0.00664	0.00664	0.00830	0.00664	0.00498	0.01659	0.01493	0.02655	0.02323	0.02655	0.01825	0.00830	0.00498	0.00166	0.00332	0.00664	0.78928	0.00664
24	0.02645	0.01488	0.01759	0.01387	0.01891	0.01517	0.01132	0.27568	0.09288	0.32239	0.09286	0.02475	0.02103	0.00939	0.00728	0.00220	0.00641	0.00755	0.00792	0.01148
25	0.02454	0.01636	0.01816	0.01462	0.01964	0.01761	0.01185	0.32998	0.21649	0.17985	0.02547	0.02379	0.04965	0.00938	0.00723	0.00224	0.00663	0.00745	0.00749	0.01158
26	0.01559	0.01484	0.02523	0.37943	0.38551	0.01638	0.02084	0.02007	0.01525	0.02079	0.01303	0.01829	0.01041	0.00672	0.00708	0.00224	0.00896	0.00634	0.00335	0.00964
27	0.01237	0.00618	0.00928	0.00928	0.00928	0.00618	0.00618	0.00928	0.00928	0.01237	0.01237	0.02165	0.01237	0.02474	0.02783	0.79283	0.00618	0.00618	0.00309	0.00309
28	0.01645	0.01809	0.03712	0.02667	0.03339	0.01698	0.55060	0.02183	0.01622	0.02259	0.01391	0.01839	0.01070	0.00622	0.00869	0.00224	0.04683	0.00770	0.00367	0.12173
29	0.73654	0.01368	0.01104	0.03459	0.01514	0.01567	0.00816	0.02070	0.01231	0.03107	0.01014	0.01197	0.00790	0.00657	0.00454	0.00216	0.00564	0.00396	0.00435	0.04386
30	0.14669	0.01308	0.01357	0.04362	0.01647	0.01425	0.00941	0.23565	0.05536	0.05322	0.02330	0.02428	0.07418	0.00899	0.00616	0.00206	0.00566	0.00692	0.23815	0.00900
31	0.71377	0.01504	0.01163	0.01023	0.01470	0.04568	0.00837	0.06754	0.01395	0.03225	0.01046	0.01201	0.00808	0.00678	0.00468	0.00218	0.00598	0.00407	0.00457	0.00804
32	0.01710	0.01637	0.02767	0.04164	0.66595	0.01630	0.02092	0.02119	0.01621	0.02304	0.01672	0.02051	0.05041	0.00701	0.00713	0.00213	0.00818	0.00684	0.00370	0.01098
33	0.00975	0.00727	0.00907	0.00862	0.01044	0.00658	0.00646	0.01281	0.01939	0.02673	0.57819	0.05620	0.19171	0.01524	0.00840	0.00227	0.00341	0.01330	0.00760	0.00658
34	0.01477	0.01266	0.01477	0.01055	0.01687	0.00949	0.00844	0.01793	0.01477	0.02320	0.01266	0.01477	0.01055	0.00527	0.00527	0.00105	0.00527	0.00422	0.00422	0.79328
35	0.80005	0.01377	0.01047	0.00936	0.01377	0.01597	0.00771	0.02093	0.01212	0.03195	0.00991	0.01157	0.00771	0.00661	0.00441	0.00220	0.00551	0.00386	0.00441	0.00771

[dist]
# distance from previous block
# <min> <max>
0	1

[block]
# block no. 5 follows, 29 sequences, length 11
# corresponding to MSA columns:
# 186-196
name=unknown_F
#
# <colnr> <probs for GDERKNQSTAVLIFYWHMCP>
#	G	D	E	R	K	N	Q	S	T	A	V	L	I	F	Y	W	H	M	C	P
0	0.80005	0.01377	0.01047	0.00936	0.01377	0.01597	0.00771	0.02093	0.01212	0.03195	0.00991	0.01157	0.00771	0.00661	0.00441	0.00220	0.00551	0.00386	0.00441	0.00771
1	0.01748	0.51878	0.25890	0.01484	0.02239	0.02436	0.01682	0.02172	0.01465	0.01865	0.01084	0.01261	0.00910	0.00631	0.00529	0.00176	0.00857	0.00428	0.00303	0.00959
2	0.01724	0.01844	0.02064	0.01803	0.01883	0.15475	0.01468	0.01893	0.01273	0.01714	0.01047	0.01608	0.01001	0.01487	0.07798	0.00356	0.53853	0.00603	0.00328	0.00776
3	0.01428	0.03683	0.71286	0.02030	0.03082	0.01654	0.02631	0.02255	0.01503	0.02255	0.01278	0.01503	0.00902	0.00677	0.00677	0.00226	0.01052	0.00526	0.00301	0.01052
4	0.01017	0.00763	0.01144	0.01144	0.01272	0.00890	0.00890	0.01272	0.01144	0.01653	0.01907	0.02797	0.01780	0.05340	0.72153	0.01144	0.01907	0.00763	0.00381	0.00636
5	0.00867	0.00722	0.00756	0.00748	0.00977	0.00612	0.00561	0.01071	0.01682	0.02065	0.16746	0.06621	0.60623	0.01751	0.00841	0.00238	0.00357	0.01470	0.00680	0.00612
6	0.01802	0.57721	0.16444	0.01473	0.02172	0.02541	0.05311	0.02164	0.01471	0.01819	0.01070	0.01255	0.00921	0.00621	0.00520	0.00171	0.00841	0.00434	0.00307	0.00942
7	0.00970	0.00726	0.00899	0.00856	0.01040	0.00656	0.00642	0.01270	0.01926	0.02642	0.55753	0.05670	0.21256	0.01535	0.00840	0.00228	0.00342	0.01337	0.00756	0.00656
8	0.00975	0.00819	0.01101	0.00988	0.01232	0.00726	0.06182	0.01247	0.01765	0.02301	0.30387	0.08777	0.37677	0.01591	0.00844	0.00236	0.00423	0.01389	0.00683	0.00657
9	0.02068	0.02135	0.01661	0.01500	0.01825	0.31289	0.01148	0.15401	0.05212	0.02532	0.11478	0.12874	0.02540	0.01144	0.00742	0.00220	0.00864	0.03948	0.00566	0.00851
10	0.04924	0.11697	0.02014	0.04543	0.01834	0.01841	0.01235	0.14401	0.01614	0.02309	0.01412	0.01953	0.01255	0.04946	0.16419	0.00451	0.22766	0.00631	0.02920	0.00832

[dist]
# distance from previous block
# <min> <max>
2	5

[block]
# block no. 6 follows, 29 sequences, length 83
# corresponding to MSA columns:
# 202-284
name=unknown_G
#
# <colnr> <probs for GDERKNQSTAVLIFYWHMCP>
#	G	D	E	R	K	N	Q	S	T	A	V	L	I	F	Y	W	H	M	C	P
0	0.71803	0.04529	0.03449	0.03214	0.01559	0.01650	0.00887	0.02092	0.01238	0.03059	0.01009	0.01190	0.00787	0.00661	0.00457	0.00218	0.00588	0.00398	0.00427	0.00787
1	0.05410	0.01822	0.02109	0.01663	0.02137	0.09488	0.11780	0.31642	0.04473	0.03319	0.04709	0.02025	0.01513	0.00979	0.03237	0.00243	0.00849	0.00683	0.10927	0.00991
2	0.02341	0.13561	0.02333	0.01556	0.02090	0.02142	0.03654	0.45449	0.07942	0.03682	0.03861	0.04864	0.01548	0.00891	0.00689	0.00210	0.00749	0.00697	0.00636	0.01105
3	0.04830	0.23287	0.49807	0.01761	0.02666	0.01971	0.02166	0.02215	0.01476	0.02135	0.01187	0.01390	0.00900	0.00657	0.00606	0.00205	0.00952	0.00480	0.00308	0.01003
4	0.01344	0.01244	0.02083	0.70686	0.04760	0.01549	0.01925	0.01814	0.01426	0.01849	0.01303	0.01925	0.00980	0.00716	0.00704	0.00235	0.00927	0.00634	0.03108	0.00786
5	0.00910	0.00658	0.00903	0.01016	0.01085	0.00651	0.00710	0.01077	0.01368	0.01864	0.08648	0.54125	0.04253	0.02822	0.15816	0.00463	0.00720	0.01703	0.00612	0.00598
6	0.00842	0.00721	0.00721	0.00721	0.00962	0.00601	0.00541	0.01022	0.01623	0.01924	0.07213	0.06853	0.70244	0.01803	0.00842	0.00240	0.00361	0.01503	0.00661	0.00601
7	0.00876	0.00723	0.00769	0.00757	0.00983	0.00616	0.00568	0.01088	0.01703	0.02114	0.20094	0.06539	0.57245	0.01732	0.00841	0.00237	0.00356	0.01459	0.00686	0.00616
8	0.01904	0.75404	0.03731	0.01218	0.01828	0.02818	0.01218	0.02132	0.01447	0.01675	0.00990	0.01142	0.00914	0.00609	0.00457	0.00152	0.00761	0.00381	0.00305	0.00914
9	0.00845	0.00707	0.00736	0.00758	0.00972	0.00598	0.00557	0.01018	0.01587	0.01909	0.06762	0.16136	0.61253	0.01862	0.00851	0.00247	0.00368	0.01574	0.00661	0.00598
10	0.01904	0.75404	0.03731	0.01218	0.01828	0.02818	0.01218	0.02132	0.01447	0.01675	0.00990	0.01142	0.00914	0.00609	0.00457	0.00152	0.00761	0.00381	0.00305	0.00914
11	0.01036	0.00690	0.00777	0.00777	0.00777	0.00690	0.00431	0.01036	0.01036	0.01381	0.02244	0.04660	0.02589	0.74975	0.03624	0.00690	0.00690	0.01036	0.00431	0.00431
12	0.01380	0.01334	0.02352	0.65924	0.04781	0.01605	0.08869	0.01868	0.01451	0.01868	0.01284	0.01901	0.00963	0.00700	0.00725	0.00238	0.00975	0.00654	0.00321	0.00809
13	0.02707	0.01995	0.02137	0.01638	0.02208	0.02208	0.01353	0.68159	0.03348	0.04488	0.01710	0.01710	0.01211	0.00855	0.00712	0.00214	0.00784	0.00641	0.00712	0.01211
14	0.01539	0.01529	0.02144	0.01843	0.01848	0.02135	0.01534	0.01698	0.01092	0.01711	0.00970	0.01602	0.00965	0.01393	0.04837	0.00341	0.71102	0.00628	0.00314	0.00774
15	0.01036	0.00690	0.00777	0.00777	0.00777	0.00690	0.00431	0.01036	0.01036	0.01381	0.02244	0.04660	0.02589	0.74975	0.03624	0.00690	0.00690	0.01036	0.00431	0.00431
16	0.01428	0.03683	0.71286	0.02030	0.03082	0.01654	0.02631	0.02255	0.01503	0.02255	0.01278	0.01503	0.00902	0.00677	0.00677	0.00226	0.01052	0.00526	0.00301	0.01052
17	0.00842	0.00721	0.00721	0.00721	0.00962	0.00601	0.00541	0.01022	0.01623	0.01924	0.07213	0.06853	0.70244	0.01803	0.00842	0.00240	0.00361	0.01503	0.00661	0.00601
18	0.03195	0.01212	0.01652	0.01267	0.01818	0.01047	0.01047	0.03470	0.02038	0.71026	0.02809	0.02424	0.01763	0.00881	0.00716	0.00220	0.00606	0.00716	0.00881	0.01212
19	0.01345	0.01266	0.02136	0.73264	0.04904	0.01582	0.01978	0.01819	0.01424	0.01819	0.01266	0.01898	0.00949	0.00712	0.00712	0.00237	0.00949	0.00633	0.00316	0.00791
20	0.03195	0.01212	0.01652	0.01267	0.01818	0.01047	0.01047	0.03470	0.02038	0.71026	0.02809	0.02424	0.01763	0.00881	0.00716	0.00220	0.00606	0.00716	0.00881	0.01212
21	0.01008	0.00728	0.00952	0.00896	0.01064	0.00672	0.00672	0.01344	0.02016	0.02855	0.70158	0.05319	0.06719	0.01456	0.00840	0.00224	0.00336	0.01288	0.00784	0.00672
22	0.01751	0.39045	0.16482	0.02109	0.16508	0.02246	0.03837	0.02147	0.01491	0.01964	0.01140	0.01391	0.00967	0.00646	0.00628	0.00186	0.03279	0.00486	0.00319	0.03377
23	0.02676	0.01979	0.02119	0.01632	0.02196	0.02194	0.01346	0.66014	0.05543	0.04437	0.01749	0.01741	0.01243	0.00858	0.00713	0.00215	0.00776	0.00647	0.00713	0.01208
24	0.01017	0.00763	0.01144	0.01144	0.01272	0.00890	0.00890	0.01272	0.01144	0.01653	0.01907	0.02797	0.01780	0.05340	0.72153	0.01144	0.01907	0.00763	0.00381	0.00636
25	0.02081	0.43398	0.03323	0.01676	0.02235	0.22185	0.11899	0.02356	0.01645	0.01791	0.01093	0.01306	0.00941	0.00643	0.00570	0.00175	0.00979	0.00476	0.00331	0.00896
26	0.01300	0.01177	0.01932	0.54876	0.07221	0.01403	0.01734	0.01743	0.01541	0.02030	0.12925	0.02721	0.02056	0.00885	0.00744	0.00238	0.00829	0.03453	0.00411	0.00781
27	0.00876	0.00723	0.00770	0.00758	0.00983	0.00616	0.00568	0.01089	0.01705	0.02119	0.20388	0.06532	0.56948	0.01731	0.00841	0.00237	0.00355	0.01458	0.00687	0.00616
28	0.00912	0.00652	0.00877	0.01042	0.01103	0.00617	0.00739	0.01069	0.01407	0.01868	0.03900	0.63914	0.04612	0.02189	0.00921	0.00295	0.00452	0.12180	0.00660	0.00591
29	0.02119	0.02554	0.13312	0.02501	0.20545	0.22916	0.01795	0.13338	0.04027	0.02470	0.01335	0.01580	0.01059	0.00765	0.00810	0.00214	0.06659	0.00570	0.00416	0.01012
30	0.02323	0.01673	0.01790	0.01431	0.01896	0.01840	0.01161	0.49431	0.07311	0.03949	0.02000	0.05514	0.01550	0.00926	0.00687	0.00211	0.00675	0.00724	0.13826	0.01082
31	0.00868	0.00620	0.00826	0.00991	0.01033	0.00578	0.00661	0.00991	0.01363	0.01818	0.03925	0.74510	0.04710	0.02231	0.00909	0.00289	0.00413	0.02024	0.00661	0.00578
32	0.01477	0.01266	0.01477	0.01055	0.01687	0.00949	0.00844	0.01793	0.01477	0.02320	0.01266	0.01477	0.01055	0.00527	0.00527	0.00105	0.00527	0.00422	0.00422	0.79328
33	0.01198	0.00861	0.01091	0.00945	0.01226	0.00746	0.00724	0.01527	0.01904	0.05604	0.52912	0.04393	0.05325	0.01237	0.00769	0.00199	0.00387	0.01083	0.00712	0.17158
34	0.01074	0.00749	0.00934	0.00875	0.01077	0.00674	0.00661	0.01373	0.01930	0.05873	0.53069	0.05521	0.20517	0.01505	0.00834	0.00227	0.00354	0.01308	0.00761	0.00682
35	0.01018	0.00759	0.01127	0.01127	0.01248	0.00881	0.00868	0.01260	0.01139	0.01640	0.01923	0.02885	0.01818	0.08633	0.68913	0.01123	0.01850	0.00776	0.00384	0.00626
36	0.01008	0.00728	0.00952	0.00896	0.01064	0.00672	0.00672	0.01344	0.02016	0.02855	0.70158	0.05319	0.06719	0.01456	0.00840	0.00224	0.00336	0.01288	0.00784	0.00672
37	0.80005	0.01377	0.01047	0.00936	0.01377	0.01597	0.00771	0.02093	0.01212	0.03195	0.00991	0.01157	0.00771	0.00661	0.00441	0.00220	0.00551	0.00386	0.00441	0.00771
38	0.02333	0.01809	0.01927	0.01563	0.02066	0.02034	0.01263	0.42457	0.29658	0.03885	0.02184	0.02088	0.01595	0.00899	0.00717	0.00225	0.00696	0.00707	0.00717	0.01177
39	0.00931	0.00667	0.00881	0.00953	0.01042	0.00628	0.00664	0.01130	0.01577	0.02167	0.27652	0.44071	0.05240	0.05115	0.03554	0.00313	0.00451	0.01672	0.00686	0.00608
40	0.02119	0.01463	0.01674	0.08956	0.02143	0.03410	0.01182	0.10726	0.31077	0.19054	0.02877	0.02723	0.07458	0.00970	0.00727	0.00231	0.00642	0.00795	0.00702	0.01070
41	0.01473	0.01396	0.02367	0.52171	0.24998	0.01616	0.02041	0.01931	0.01484	0.01975	0.01288	0.01857	0.01004	0.00688	0.00710	0.00229	0.00918	0.00633	0.00327	0.00894
42	0.00877	0.00626	0.00837	0.01002	0.01048	0.00586	0.00677	0.01008	0.01373	0.01828	0.03919	0.72288	0.04689	0.02222	0.00911	0.00290	0.00421	0.04154	0.00661	0.00581
43	0.01926	0.02133	0.08033	0.03650	0.51033	0.12940	0.02050	0.05543	0.01760	0.02334	0.01315	0.01663	0.01081	0.00664	0.00693	0.00208	0.00929	0.00598	0.00368	0.01078
44	0.01532	0.01677	0.03531	0.02604	0.03178	0.01598	0.53627	0.02032	0.01603	0.02178	0.01863	0.14771	0.01718	0.00913	0.00907	0.00251	0.03678	0.01042	0.00412	0.00886
45	0.01008	0.00699	0.00879	0.00901	0.00940	0.00727	0.00582	0.01090	0.01109	0.01511	0.02388	0.13803	0.02672	0.46949	0.20967	0.00752	0.00967	0.01101	0.00450	0.00505
46	0.00868	0.00620	0.00826	0.00991	0.01033	0.00578	0.00661	0.00991	0.01363	0.01818	0.03925	0.74510	0.04710	0.02231	0.00909	0.00289	0.00413	0.02024	0.00661	0.00578
47	0.11224	0.01822	0.03665	0.02754	0.06659	0.01743	0.54367	0.02238	0.01614	0.02396	0.01375	0.01806	0.01044	0.00607	0.00775	0.00232	0.01082	0.00761	0.00372	0.03464
48	0.01394	0.00861	0.01068	0.00972	0.01228	0.00797	0.00743	0.01802	0.06864	0.14142	0.38104	0.08952	0.17402	0.01433	0.00815	0.00232	0.00407	0.01239	0.00766	0.00778
49	0.01147	0.00820	0.01147	0.01311	0.01475	0.00820	0.01147	0.01475	0.01639	0.02131	0.03770	0.08032	0.04098	0.01967	0.00984	0.00328	0.00656	0.65741	0.00656	0.00656
50	0.01270	0.01135	0.09592	0.01070	0.01383	0.00828	0.00947	0.01660	0.01955	0.09361	0.55263	0.04575	0.05532	0.01305	0.00808	0.00224	0.00449	0.01140	0.00734	0.00770
51	0.01534	0.19679	0.56219	0.01849	0.02802	0.01913	0.02316	0.02228	0.01491	0.02126	0.01214	0.01423	0.00905	0.00662	0.00628	0.00209	0.00987	0.00494	0.00302	0.01021
52	0.03195	0.01212	0.01652	0.01267	0.01818	0.01047	0.01047	0.03470	0.02038	0.71026	0.02809	0.02424	0.01763	0.00881	0.00716	0.00220	0.00606	0.00716	0.00881	0.01212
53	0.06841	0.01278	0.01640	0.01281	0.01815	0.01180	0.01052	0.06141	0.07424	0.59457	0.02681	0.02350	0.01724	0.00876	0.00703	0.00222	0.00607	0.00704	0.00840	0.01183
54	0.01554	0.01479	0.02514	0.38725	0.37806	0.01637	0.02082	0.02003	0.01523	0.02074	0.01303	0.01830	0.01039	0.00673	0.00708	0.00224	0.00897	0.00634	0.00334	0.00960
55	0.01989	0.01386	0.01501	0.01231	0.01583	0.01502	0.00965	0.37085	0.02418	0.03388	0.05175	0.02633	0.01861	0.14071	0.03515	0.00318	0.00688	0.00750	0.17027	0.00915
56	0.02707	0.01995	0.02137	0.01638	0.02208	0.02208	0.01353	0.68159	0.03348	0.04488	0.01710	0.01710	0.01211	0.00855	0.00712	0.00214	0.00784	0.00641	0.00712	0.01211
57	0.00868	0.00620	0.00826	0.00991	0.01033	0.00578	0.00661	0.00991	0.01363	0.01818	0.03925	0.74510	0.04710	0.02231	0.00909	0.00289	0.00413	0.02024	0.00661	0.00578
58	0.01793	0.01713	0.02921	0.04212	0.65144	0.01715	0.05052	0.04552	0.01686	0.02402	0.01357	0.01767	0.01129	0.00641	0.00711	0.00213	0.00859	0.00644	0.00366	0.01124
59	0.01651	0.01874	0.04080	0.02929	0.03624	0.01757	0.65518	0.02234	0.01669	0.02264	0.01530	0.04542	0.01211	0.00659	0.00843	0.00242	0.01172	0.00883	0.00371	0.00947
60	0.02660	0.03394	0.02018	0.01834	0.02201	0.72116	0.01376	0.02843	0.02018	0.01743	0.01101	0.01284	0.00917	0.00734	0.00642	0.00183	0.01284	0.00459	0.00367	0.00825
61	0.02707	0.01995	0.02137	0.01638	0.02208	0.02208	0.01353	0.68159	0.03348	0.04488	0.01710	0.01710	0.01211	0.00855	0.00712	0.00214	0.00784	0.00641	0.00712	0.01211
62	0.01147	0.00820	0.01147	0.01311	0.01475	0.00820	0.01147	0.01475	0.01639	0.02131	0.03770	0.08032	0.04098	0.01967	0.00984	0.00328	0.00656	0.65741	0.00656	0.00656
63	0.01477	0.01266	0.01477	0.01055	0.01687	0.00949	0.00844	0.01793	0.01477	0.02320	0.01266	0.01477	0.01055	0.00527	0.00527	0.00105	0.00527	0.00422	0.00422	0.79328
64	0.00896	0.00632	0.00818	0.00955	0.00990	0.00597	0.00622	0.00999	0.01308	0.01744	0.03641	0.62731	0.04352	0.14498	0.01367	0.00357	0.00460	0.01858	0.00622	0.00554
65	0.01477	0.01266	0.01477	0.01055	0.01687	0.00949	0.00844	0.01793	0.01477	0.02320	0.01266	0.01477	0.01055	0.00527	0.00527	0.00105	0.00527	0.00422	0.00422	0.79328
66	0.01477	0.01266	0.01477	0.01055	0.01687	0.00949	0.00844	0.01793	0.01477	0.02320	0.01266	0.01477	0.01055	0.00527	0.00527	0.00105	0.00527	0.00422	0.00422	0.79328
67	0.01237	0.00618	0.00928	0.00928	0.00928	0.00618	0.00618	0.00928	0.00928	0.01237	0.01237	0.02165	0.01237	0.02474	0.02783	0.79283	0.00618	0.00618	0.00309	0.00309
68	0.01345	0.01266	0.02136	0.73264	0.04904	0.01582	0.01978	0.01819	0.01424	0.01819	0.01266	0.01898	0.00949	0.00712	0.00712	0.00237	0.00949	0.00633	0.00316	0.00791
69	0.02707	0.01995	0.02137	0.01638	0.02208	0.02208	0.01353	0.68159	0.03348	0.04488	0.01710	0.01710	0.01211	0.00855	0.00712	0.00214	0.00784	0.00641	0.00712	0.01211
70	0.00876	0.00623	0.00824	0.00981	0.01020	0.00584	0.00650	0.00994	0.01347	0.01796	0.03842	0.71072	0.04605	0.05812	0.01043	0.00309	0.00427	0.01976	0.00650	0.00571
71	0.02938	0.03810	0.01832	0.01517	0.05263	0.12491	0.01164	0.03281	0.04957	0.51536	0.02414	0.02182	0.01589	0.00841	0.00696	0.00213	0.00729	0.00665	0.00749	0.01133
72	0.01017	0.00763	0.01144	0.01144	0.01272	0.00890	0.00890	0.01272	0.01144	0.01653	0.01907	0.02797	0.01780	0.05340	0.72153	0.01144	0.01907	0.00763	0.00381	0.00636
73	0.00868	0.00620	0.00826	0.00991	0.01033	0.00578	0.00661	0.00991	0.01363	0.01818	0.03925	0.74510	0.04710	0.02231	0.00909	0.00289	0.00413	0.02024	0.00661	0.00578
74	0.01583	0.02264	0.19957	0.09445	0.03600	0.01761	0.43089	0.02206	0.01588	0.02206	0.01363	0.01803	0.01019	0.00658	0.00855	0.00239	0.04333	0.00736	0.00340	0.00958
75	0.03102	0.01360	0.01745	0.01337	0.01892	0.01267	0.01105	0.15757	0.02287	0.58388	0.02600	0.02288	0.01658	0.00876	0.00715	0.00219	0.00640	0.00702	0.00849	0.01212
76	0.01762	0.01692	0.02890	0.04371	0.70533	0.01692	0.02185	0.02185	0.01621	0.02326	0.01339	0.01762	0.01128	0.00634	0.00705	0.00211	0.00846	0.00634	0.00352	0.01128
77	0.01237	0.00618	0.00928	0.00928	0.00928	0.00618	0.00618	0.00928	0.00928	0.01237	0.01237	0.02165	0.01237	0.02474	0.02783	0.79283	0.00618	0.00618	0.00309	0.00309
78	0.01443	0.01944	0.17070	0.02115	0.02591	0.01642	0.23810	0.01892	0.01412	0.02025	0.01624	0.10808	0.01512	0.01359	0.06872	0.00333	0.19453	0.00860	0.00374	0.00861
79	0.02707	0.01995	0.02137	0.01638	0.02208	0.02208	0.01353	0.68159	0.03348	0.04488	0.01710	0.01710	0.01211	0.00855	0.00712	0.00214	0.00784	0.00641	0.00712	0.01211
80	0.01771	0.01440	0.01634	0.01194	0.01812	0.01250	0.00966	0.17663	0.01924	0.02839	0.01372	0.01532	0.01092	0.00606	0.00572	0.00131	0.00589	0.00474	0.00491	0.60648
81	0.01426	0.01103	0.01438	0.01296	0.01456	0.01333	0.01033	0.10861	0.01489	0.02200	0.01730	0.02419	0.01547	0.06178	0.32591	0.00660	0.18027	0.00711	0.11758	0.00745
82	0.01654	0.02068	0.12053	0.05628	0.16527	0.01754	0.45016	0.02243	0.01639	0.02270	0.01395	0.01839	0.01063	0.00620	0.00790	0.00233	0.01105	0.00755	0.00350	0.00998

[dist]
# distance from previous block
# <min> <max>
0	1

[block]
# block no. 7 follows, 29 sequences, length 9
# corresponding to MSA columns:
# 286-294
name=unknown_H
#
# <colnr> <probs for GDERKNQSTAVLIFYWHMCP>
#	G	D	E	R	K	N	Q	S	T	A	V	L	I	F	Y	W	H	M	C	P
0	0.06014	0.02972	0.05123	0.04392	0.04609	0.01540	0.13558	0.01743	0.01449	0.02129	0.10865	0.02846	0.07157	0.01495	0.07969	0.00342	0.21522	0.03043	0.00436	0.00794
1	0.01297	0.00843	0.01034	0.00993	0.01180	0.00809	0.00716	0.01604	0.06596	0.09426	0.10596	0.18364	0.09731	0.20423	0.05662	0.00410	0.00607	0.04382	0.00616	0.04710
2	0.11278	0.08188	0.04189	0.01536	0.01881	0.25738	0.01264	0.05467	0.04428	0.04982	0.01515	0.01724	0.03567	0.00884	0.00960	0.00219	0.15794	0.00563	0.04972	0.00853
3	0.01594	0.01206	0.01405	0.01090	0.01564	0.01037	0.00844	0.09989	0.01716	0.06006	0.06467	0.06843	0.01922	0.09798	0.00982	0.00216	0.00563	0.00701	0.00523	0.45536
4	0.05028	0.21814	0.18758	0.01523	0.02138	0.01684	0.10152	0.01883	0.01497	0.02048	0.02384	0.05410	0.13300	0.01090	0.03570	0.00243	0.00827	0.00758	0.00404	0.05489
5	0.16314	0.06540	0.27676	0.01690	0.08084	0.03570	0.01618	0.03917	0.01582	0.02470	0.08842	0.05227	0.07847	0.00915	0.00662	0.00221	0.00761	0.00726	0.00442	0.00898
6	0.01796	0.02274	0.14319	0.02482	0.03121	0.07190	0.37556	0.08480	0.01759	0.02371	0.01349	0.01739	0.01033	0.00730	0.00981	0.00240	0.10522	0.00714	0.00378	0.00965
7	0.06717	0.13159	0.06486	0.04437	0.06257	0.17947	0.07587	0.18204	0.02071	0.02613	0.01750	0.01903	0.06257	0.00799	0.00661	0.00204	0.00913	0.00622	0.00461	0.00954
8	0.16491	0.01406	0.04160	0.01188	0.01588	0.03568	0.03227	0.17241	0.01964	0.05795	0.07228	0.05834	0.21558	0.04661	0.00851	0.00249	0.00608	0.00943	0.00603	0.00836

[dist]
# distance from previous block
# <min> <max>
2	9

[block]
# block no. 8 follows, 29 sequences, length 37
# corresponding to MSA columns:
# 304-340
name=unknown_I
#
# <colnr> <probs for GDERKNQSTAVLIFYWHMCP>
#	G	D	E	R	K	N	Q	S	T	A	V	L	I	F	Y	W	H	M	C	P
0	0.14576	0.06466	0.01542	0.03682	0.01664	0.07575	0.00941	0.09793	0.07926	0.04800	0.03647	0.02562	0.05973	0.13796	0.01140	0.00282	0.00677	0.00692	0.00512	0.11755
1	0.02201	0.05012	0.01832	0.01445	0.01854	0.11497	0.01155	0.35138	0.02468	0.05419	0.03828	0.05021	0.03606	0.08011	0.05456	0.00317	0.00867	0.03310	0.00602	0.00962
2	0.07202	0.04924	0.01684	0.03686	0.01835	0.13372	0.01066	0.19638	0.02044	0.02775	0.05298	0.07009	0.01719	0.03464	0.03214	0.00239	0.00774	0.00693	0.04758	0.14605
3	0.15766	0.01554	0.01618	0.01327	0.01755	0.01703	0.01062	0.36210	0.05981	0.03512	0.03927	0.04485	0.01731	0.09937	0.01034	0.00278	0.00682	0.03276	0.00620	0.03543
4	0.05982	0.31094	0.09485	0.01312	0.01827	0.01990	0.01243	0.15732	0.01835	0.02500	0.01760	0.11898	0.01666	0.00958	0.00616	0.00202	0.00706	0.02985	0.05300	0.00911
5	0.01558	0.01558	0.02181	0.01869	0.01869	0.02181	0.01558	0.01714	0.01091	0.01714	0.00935	0.01558	0.00935	0.01246	0.02337	0.00312	0.73672	0.00623	0.00312	0.00779
6	0.08723	0.01643	0.05024	0.21087	0.40779	0.01662	0.06687	0.02095	0.01535	0.02273	0.01295	0.01744	0.01040	0.00655	0.00691	0.00221	0.00877	0.00622	0.00350	0.00997
7	0.01601	0.01759	0.03564	0.02636	0.03164	0.01796	0.49919	0.02079	0.01539	0.02134	0.01505	0.06735	0.01295	0.00841	0.01149	0.00258	0.15881	0.00876	0.00371	0.00898
8	0.01327	0.00664	0.00664	0.00664	0.00830	0.00664	0.00498	0.01659	0.01493	0.02655	0.02323	0.02655	0.01825	0.00830	0.00498	0.00166	0.00332	0.00664	0.78928	0.00664
9	0.02015	0.01516	0.01740	0.15786	0.04312	0.07124	0.01283	0.12627	0.15680	0.14599	0.02604	0.02638	0.08831	0.01087	0.03078	0.00255	0.00765	0.00768	0.02312	0.00981
10	0.39875	0.06381	0.33338	0.01452	0.02181	0.01688	0.01646	0.02169	0.01358	0.02684	0.01122	0.01315	0.00839	0.00665	0.00549	0.00219	0.00792	0.00450	0.00369	0.00907
11	0.01614	0.01700	0.01945	0.01723	0.01820	0.14075	0.03576	0.01784	0.01328	0.01759	0.01589	0.16353	0.01704	0.01335	0.01700	0.00282	0.43681	0.00887	0.00394	0.00752
12	0.00868	0.00620	0.00826	0.00991	0.01033	0.00578	0.00661	0.00991	0.01363	0.01818	0.03925	0.74510	0.04710	0.02231	0.00909	0.00289	0.00413	0.02024	0.00661	0.00578
13	0.01682	0.01554	0.02371	0.09091	0.46455	0.06207	0.01795	0.01944	0.01491	0.02024	0.01296	0.01823	0.01121	0.01021	0.01124	0.16287	0.00838	0.00619	0.00342	0.00914
14	0.03470	0.01296	0.02193	0.60430	0.07417	0.01555	0.05425	0.01847	0.01453	0.01921	0.01415	0.02227	0.01141	0.00774	0.00727	0.00241	0.00931	0.04387	0.00343	0.00806
