[name]
unknown

[dist]
# distance from previous block
# <min> <max>
17	41

[block]
# block no. 0 follows, 26 sequences, length 125
# corresponding to MSA columns:
# 77-128,155-227
name=unknown_A
#
# <colnr> <probs for GDERKNQSTAVLIFYWHMCP>
#	G	D	E	R	K	N	Q	S	T	A	V	L	I	F	Y	W	H	M	C	P
0	0.02189	0.05253	0.01904	0.01658	0.04566	0.22805	0.01225	0.12549	0.08446	0.05192	0.02154	0.04864	0.04863	0.10775	0.01255	0.00295	0.05205	0.00781	0.03098	0.00924
1	0.05604	0.01599	0.01868	0.10159	0.02340	0.01734	0.01280	0.30132	0.07526	0.10313	0.07593	0.02467	0.01940	0.04508	0.00996	0.03594	0.00744	0.00760	0.00674	0.04167
2	0.01785	0.01022	0.01299	0.01119	0.01432	0.00951	0.00863	0.07216	0.02148	0.18620	0.37266	0.08476	0.04818	0.05099	0.00997	0.00261	0.00498	0.01166	0.00809	0.04155
3	0.02457	0.05360	0.01918	0.01503	0.01955	0.13186	0.01202	0.23089	0.07149	0.14212	0.02268	0.02428	0.04170	0.04709	0.07371	0.00337	0.00943	0.00731	0.03958	0.01054
4	0.19621	0.04091	0.04266	0.01497	0.04163	0.01730	0.01217	0.19371	0.08562	0.16404	0.04605	0.02047	0.01599	0.00857	0.00675	0.00223	0.00690	0.00650	0.00666	0.07064
5	0.01554	0.01383	0.01822	0.01512	0.01904	0.05728	0.11779	0.02221	0.13556	0.05409	0.19120	0.09474	0.12924	0.01273	0.00834	0.00240	0.00660	0.01142	0.00664	0.06801
6	0.01414	0.00707	0.00707	0.00707	0.00884	0.00707	0.00530	0.01767	0.01591	0.02828	0.02474	0.02828	0.01944	0.00884	0.00530	0.00177	0.00353	0.00707	0.77554	0.00707
7	0.01558	0.03160	0.46537	0.12488	0.03645	0.01794	0.13415	0.02322	0.01608	0.02322	0.01378	0.01741	0.01002	0.00730	0.00808	0.00247	0.03220	0.00637	0.00334	0.01055
8	0.01043	0.00745	0.00948	0.01014	0.01047	0.00765	0.00664	0.01135	0.01273	0.01722	0.03103	0.35072	0.03617	0.32075	0.09030	0.00575	0.03517	0.01530	0.00559	0.00566
9	0.02728	0.05798	0.02338	0.04735	0.02437	0.02335	0.01451	0.56985	0.06447	0.04424	0.01822	0.01847	0.01311	0.00896	0.00745	0.00227	0.00830	0.00677	0.00719	0.01250
10	0.01101	0.00781	0.00912	0.00916	0.00993	0.00770	0.00586	0.01308	0.04823	0.01947	0.15098	0.14444	0.07817	0.42313	0.02578	0.00531	0.00597	0.01314	0.00593	0.00578
11	0.01573	0.01649	0.10082	0.01528	0.04742	0.04001	0.01266	0.08046	0.14048	0.02818	0.17518	0.11955	0.06063	0.01279	0.00811	0.00242	0.00649	0.03744	0.00655	0.07333
12	0.11430	0.32401	0.14504	0.04804	0.02588	0.05474	0.11588	0.02314	0.01570	0.02202	0.01197	0.01473	0.00983	0.00706	0.00694	0.00212	0.04000	0.00535	0.00355	0.00971
13	0.19052	0.11398	0.06304	0.24886	0.06015	0.16379	0.01632	0.02322	0.01618	0.02279	0.01212	0.01572	0.00962	0.00731	0.00640	0.00223	0.00968	0.00535	0.00377	0.00895
14	0.05951	0.17104	0.02495	0.01777	0.02204	0.43378	0.03966	0.02649	0.01869	0.01928	0.01216	0.01489	0.01045	0.01130	0.05882	0.00274	0.03863	0.00515	0.00380	0.00884
15	0.01952	0.01922	0.02886	0.06973	0.53321	0.07080	0.02169	0.04671	0.01775	0.02442	0.01385	0.01826	0.01164	0.00746	0.00880	0.00232	0.06393	0.00661	0.00386	0.01136
16	0.00999	0.00713	0.00937	0.01024	0.01116	0.00668	0.00717	0.01208	0.01677	0.02293	0.25468	0.43328	0.05566	0.06378	0.01122	0.00313	0.00442	0.04655	0.00733	0.00644
17	0.01088	0.00797	0.01138	0.01138	0.01245	0.00904	0.00847	0.01302	0.01195	0.01700	0.02106	0.03392	0.02075	0.19754	0.56517	0.01118	0.01762	0.00873	0.00417	0.00632
18	0.02571	0.12738	0.02339	0.01762	0.02198	0.41386	0.01394	0.09993	0.06374	0.04495	0.01446	0.01613	0.01169	0.01032	0.03784	0.00249	0.03475	0.00552	0.00465	0.00963
19	0.01091	0.00782	0.01062	0.01062	0.01144	0.00863	0.00753	0.01254	0.01173	0.01645	0.02175	0.03773	0.02241	0.32740	0.43757	0.01026	0.01513	0.00929	0.00428	0.00590
20	0.02748	0.02389	0.02245	0.01915	0.05522	0.16805	0.01471	0.44770	0.08062	0.03921	0.01761	0.01804	0.01298	0.00881	0.00743	0.00223	0.00934	0.00654	0.00663	0.01191
21	0.00924	0.00660	0.00880	0.01056	0.01100	0.00616	0.00704	0.01056	0.01452	0.01936	0.04181	0.72848	0.05017	0.02376	0.00968	0.00308	0.00440	0.02156	0.00704	0.00616
22	0.08672	0.04123	0.01878	0.01542	0.04854	0.01566	0.01197	0.11493	0.15895	0.34091	0.04970	0.02464	0.01943	0.00936	0.00736	0.00236	0.00662	0.00751	0.00793	0.01199
23	0.02776	0.02178	0.02296	0.01935	0.06542	0.06587	0.01490	0.55513	0.05969	0.04384	0.01807	0.01837	0.01307	0.00892	0.00754	0.00227	0.00863	0.00677	0.00712	0.01255
24	0.01792	0.01478	0.01691	0.01228	0.01891	0.01236	0.00990	0.12665	0.01907	0.02859	0.01427	0.01614	0.01151	0.00620	0.00595	0.00132	0.00607	0.00489	0.00501	0.65127
25	0.01122	0.00892	0.00993	0.01001	0.01226	0.00848	0.00744	0.05274	0.06977	0.02323	0.08470	0.24988	0.36280	0.01907	0.00904	0.00272	0.00455	0.03883	0.00718	0.00723
26	0.01815	0.04874	0.06188	0.23089	0.05951	0.05223	0.01584	0.10382	0.06566	0.02588	0.01516	0.01822	0.01175	0.00730	0.00683	0.00200	0.00838	0.00594	0.00458	0.23724
27	0.02277	0.02721	0.05062	0.05192	0.20998	0.37007	0.01720	0.02697	0.05874	0.02141	0.01572	0.06339	0.01388	0.00869	0.00731	0.00219	0.01106	0.00683	0.00425	0.00980
28	0.01206	0.00851	0.01020	0.00981	0.01030	0.00912	0.00633	0.04165	0.01237	0.01683	0.02248	0.04368	0.02480	0.56385	0.13980	0.00770	0.04026	0.01020	0.00460	0.00548
29	0.01573	0.01348	0.01573	0.01123	0.01798	0.01011	0.00899	0.01910	0.01573	0.02472	0.01348	0.01573	0.01123	0.00562	0.00562	0.00112	0.00562	0.00449	0.00449	0.77980
30	0.01659	0.01659	0.02323	0.01991	0.01991	0.02323	0.01659	0.01825	0.01162	0.01825	0.00996	0.01659	0.00996	0.01328	0.02489	0.00332	0.71955	0.00664	0.00332	0.00830
31	0.78701	0.01467	0.01115	0.00997	0.01467	0.01702	0.00821	0.02230	0.01291	0.03403	0.01056	0.01232	0.00821	0.00704	0.00469	0.00235	0.00587	0.00411	0.00469	0.00821
32	0.01314	0.00838	0.01037	0.00950	0.01202	0.00744	0.00726	0.01616	0.02030	0.11013	0.42736	0.05748	0.24004	0.01580	0.00879	0.00243	0.00401	0.01361	0.00811	0.00766
33	0.00992	0.00764	0.01100	0.07073	0.01531	0.00746	0.02738	0.01173	0.01479	0.01956	0.04004	0.62124	0.07114	0.02170	0.00945	0.00300	0.00511	0.01971	0.00664	0.00648
34	0.02883	0.02125	0.02276	0.01745	0.02352	0.02352	0.01442	0.66082	0.03566	0.04780	0.01821	0.01821	0.01290	0.00911	0.00759	0.00228	0.00835	0.00683	0.00759	0.01290
35	0.01521	0.03923	0.69413	0.02162	0.03283	0.01762	0.02802	0.02402	0.01601	0.02402	0.01361	0.01601	0.00961	0.00721	0.00721	0.00240	0.01121	0.00560	0.00320	0.01121
36	0.02061	0.70951	0.03901	0.01324	0.01963	0.05733	0.01305	0.02302	0.01566	0.01787	0.01059	0.01223	0.00974	0.00654	0.00495	0.00164	0.00834	0.00409	0.00327	0.00970
37	0.78701	0.01467	0.01115	0.00997	0.01467	0.01702	0.00821	0.02230	0.01291	0.03403	0.01056	0.01232	0.00821	0.00704	0.00469	0.00235	0.00587	0.00411	0.00469	0.00821
38	0.01102	0.00740	0.00851	0.00851	0.00859	0.00748	0.00489	0.01118	0.01110	0.01488	0.02368	0.04844	0.02706	0.69253	0.07880	0.00765	0.00814	0.01085	0.00456	0.00473
39	0.01084	0.00813	0.01219	0.01219	0.01354	0.00948	0.00948	0.01354	0.01219	0.01761	0.02032	0.02980	0.01896	0.05689	0.70337	0.01219	0.02032	0.00813	0.00406	0.00677
40	0.01810	0.01733	0.02957	0.14782	0.59012	0.01784	0.02294	0.02269	0.01695	0.02396	0.01415	0.01899	0.01173	0.00688	0.00752	0.00229	0.00918	0.00676	0.00370	0.01147
41	0.01169	0.00796	0.01044	0.00970	0.01166	0.00732	0.00732	0.01524	0.02148	0.05750	0.65539	0.05540	0.06941	0.01526	0.00889	0.00238	0.00370	0.01347	0.00839	0.00739
42	0.02971	0.01764	0.13103	0.01495	0.02158	0.01283	0.01403	0.07168	0.02159	0.51634	0.05043	0.02485	0.01882	0.00923	0.00760	0.00235	0.00726	0.00746	0.00820	0.01241
43	0.07916	0.01105	0.01383	0.01169	0.01547	0.01043	0.00935	0.06248	0.02162	0.27741	0.32501	0.04057	0.04257	0.01240	0.00811	0.00240	0.00523	0.03313	0.00836	0.00972
44	0.02833	0.03615	0.02149	0.01954	0.02345	0.70298	0.01466	0.03029	0.02149	0.01856	0.01172	0.01368	0.00977	0.00782	0.00684	0.00195	0.01368	0.00489	0.00391	0.00879
45	0.19701	0.09482	0.27914	0.01867	0.04943	0.05127	0.04606	0.13050	0.01891	0.02952	0.01340	0.01535	0.01003	0.00740	0.00654	0.00228	0.00931	0.00547	0.00437	0.01054
46	0.02076	0.01723	0.01822	0.01582	0.02045	0.01975	0.01246	0.15823	0.55140	0.03478	0.02847	0.02638	0.02121	0.01007	0.00769	0.00252	0.00645	0.00824	0.00769	0.01218
47	0.01162	0.00886	0.01145	0.01152	0.04149	0.00849	0.00816	0.01652	0.07103	0.02975	0.57135	0.05367	0.09707	0.01492	0.00879	0.00240	0.00402	0.01314	0.00803	0.00770
48	0.00944	0.00687	0.00890	0.01016	0.01098	0.00633	0.00695	0.01114	0.01579	0.02109	0.13933	0.57146	0.10928	0.02214	0.00951	0.00293	0.00423	0.01992	0.00723	0.00633
49	0.01318	0.00659	0.00988	0.00988	0.00988	0.00659	0.00659	0.00988	0.00988	0.01318	0.01318	0.02306	0.01318	0.02635	0.02964	0.77931	0.00659	0.00659	0.00329	0.00329
50	0.01103	0.00735	0.00827	0.00827	0.00827	0.00735	0.00460	0.01103	0.01103	0.01471	0.02390	0.04964	0.02758	0.73343	0.03861	0.00735	0.00735	0.01103	0.00460	0.00460
51	0.01790	0.02046	0.04476	0.03197	0.03964	0.01918	0.65857	0.02430	0.01790	0.02430	0.01535	0.02046	0.01151	0.00639	0.00895	0.00256	0.01279	0.00895	0.00384	0.01023
52	0.00924	0.00660	0.00880	0.01056	0.01100	0.00616	0.00704	0.01056	0.01452	0.01936	0.04181	0.72848	0.05017	0.02376	0.00968	0.00308	0.00440	0.02156	0.00704	0.00616
53	0.01414	0.00707	0.00707	0.00707	0.00884	0.00707	0.00530	0.01767	0.01591	0.02828	0.02474	0.02828	0.01944	0.00884	0.00530	0.00177	0.00353	0.00707	0.77554	0.00707
54	0.11672	0.61904	0.03543	0.01287	0.01903	0.05550	0.01245	0.02297	0.01534	0.01990	0.01059	0.01225	0.00954	0.00661	0.00492	0.00173	0.00805	0.00410	0.00345	0.00951
55	0.45796	0.01295	0.01226	0.01089	0.01499	0.01404	0.00882	0.04998	0.01674	0.11606	0.12806	0.05624	0.02385	0.01024	0.00640	0.00244	0.00566	0.03750	0.00624	0.00869
56	0.01172	0.00837	0.01165	0.01340	0.01493	0.00830	0.01135	0.01485	0.01697	0.02214	0.04044	0.19331	0.04474	0.02142	0.01034	0.00342	0.00655	0.53224	0.00699	0.00685
57	0.00912	0.00761	0.00796	0.00804	0.01039	0.00644	0.00597	0.01112	0.01740	0.02116	0.12046	0.12147	0.58828	0.01927	0.00902	0.00259	0.00386	0.01625	0.00714	0.00644
58	0.01103	0.00735	0.00827	0.00827	0.00827	0.00735	0.00460	0.01103	0.01103	0.01471	0.02390	0.04964	0.02758	0.73343	0.03861	0.00735	0.00735	0.01103	0.00460	0.00460
59	0.02833	0.03615	0.02149	0.01954	0.02345	0.70298	0.01466	0.03029	0.02149	0.01856	0.01172	0.01368	0.00977	0.00782	0.00684	0.00195	0.01368	0.00489	0.00391	0.00879
60	0.01659	0.01659	0.02323	0.01991	0.01991	0.02323	0.01659	0.01825	0.01162	0.01825	0.00996	0.01659	0.00996	0.01328	0.02489	0.00332	0.71955	0.00664	0.00332	0.00830
61	0.05731	0.70306	0.03837	0.01283	0.01924	0.02939	0.01275	0.02269	0.01529	0.01863	0.01055	0.01217	0.00966	0.00652	0.00486	0.00166	0.00800	0.00406	0.00331	0.00966
62	0.01566	0.01382	0.01802	0.01304	0.01961	0.01075	0.06646	0.01921	0.01587	0.02446	0.01481	0.04535	0.01285	0.00643	0.00608	0.00133	0.00620	0.00559	0.00454	0.67992
63	0.01573	0.01348	0.01573	0.01123	0.01798	0.01011	0.00899	0.01910	0.01573	0.02472	0.01348	0.01573	0.01123	0.00562	0.00562	0.00112	0.00562	0.00449	0.00449	0.77980
64	0.04364	0.01370	0.01947	0.36919	0.06224	0.01606	0.01644	0.05395	0.15060	0.02502	0.07095	0.05766	0.02089	0.01007	0.00783	0.00256	0.00810	0.03712	0.00523	0.00925
65	0.01414	0.00707	0.00707	0.00707	0.00884	0.00707	0.00530	0.01767	0.01591	0.02828	0.02474	0.02828	0.01944	0.00884	0.00530	0.00177	0.00353	0.00707	0.77554	0.00707
66	0.01394	0.00843	0.01078	0.00988	0.01220	0.00763	0.00742	0.01690	0.02004	0.12634	0.44134	0.08605	0.13351	0.05884	0.01058	0.00273	0.00431	0.01330	0.00806	0.00772
67	0.21585	0.43442	0.14317	0.01367	0.02050	0.02458	0.01430	0.02283	0.01487	0.02304	0.01107	0.01286	0.00932	0.00675	0.00522	0.00194	0.00806	0.00433	0.00361	0.00959
68	0.01414	0.00707	0.00707	0.00707	0.00884	0.00707	0.00530	0.01767	0.01591	0.02828	0.02474	0.02828	0.01944	0.00884	0.00530	0.00177	0.00353	0.00707	0.77554	0.00707
69	0.08764	0.01547	0.11029	0.03982	0.07032	0.01294	0.04082	0.09815	0.01630	0.02383	0.01935	0.15615	0.01906	0.01618	0.01418	0.23015	0.00754	0.00926	0.00474	0.00778
70	0.13290	0.55413	0.05985	0.01335	0.01958	0.07618	0.01299	0.02325	0.01551	0.02051	0.01075	0.01245	0.00951	0.00669	0.00508	0.00178	0.00831	0.00418	0.00350	0.00950
71	0.01414	0.00707	0.00707	0.00707	0.00884	0.00707	0.00530	0.01767	0.01591	0.02828	0.02474	0.02828	0.01944	0.00884	0.00530	0.00177	0.00353	0.00707	0.77554	0.00707
72	0.78701	0.01467	0.01115	0.00997	0.01467	0.01702	0.00821	0.02230	0.01291	0.03403	0.01056	0.01232	0.00821	0.00704	0.00469	0.00235	0.00587	0.00411	0.00469	0.00821
73	0.78701	0.01467	0.01115	0.00997	0.01467	0.01702	0.00821	0.02230	0.01291	0.03403	0.01056	0.01232	0.00821	0.00704	0.00469	0.00235	0.00587	0.00411	0.00469	0.00821
74	0.01624	0.01356	0.01544	0.01143	0.01758	0.01104	0.00915	0.08498	0.01800	0.02659	0.02200	0.02324	0.09645	0.00770	0.00625	0.00143	0.00568	0.00620	0.00514	0.60192
75	0.02778	0.02163	0.02194	0.01725	0.02286	0.07477	0.01405	0.57858	0.03347	0.04408	0.01894	0.05483	0.01460	0.00977	0.00764	0.00229	0.00855	0.00745	0.00728	0.01223
76	0.01529	0.01480	0.02295	0.42022	0.03853	0.01956	0.01917	0.01890	0.01366	0.01890	0.01199	0.01868	0.01005	0.01000	0.01493	0.00286	0.31109	0.00670	0.00335	0.00837
77	0.01414	0.00707	0.00707	0.00707	0.00884	0.00707	0.00530	0.01767	0.01591	0.02828	0.02474	0.02828	0.01944	0.00884	0.00530	0.00177	0.00353	0.00707	0.77554	0.00707
78	0.78701	0.01467	0.01115	0.00997	0.01467	0.01702	0.00821	0.02230	0.01291	0.03403	0.01056	0.01232	0.00821	0.00704	0.00469	0.00235	0.00587	0.00411	0.00469	0.00821
79	0.01398	0.01078	0.01347	0.01424	0.01665	0.01149	0.01194	0.02246	0.20301	0.02512	0.03760	0.09695	0.03812	0.01805	0.00966	0.00321	0.00660	0.43110	0.00719	0.00837
80	0.39336	0.07387	0.12447	0.01642	0.04830	0.01937	0.06321	0.12980	0.01795	0.03247	0.01283	0.01475	0.00973	0.00731	0.00602	0.00230	0.00794	0.00527	0.00474	0.00988
81	0.01414	0.00707	0.00707	0.00707	0.00884	0.00707	0.00530	0.01767	0.01591	0.02828	0.02474	0.02828	0.01944	0.00884	0.00530	0.00177	0.00353	0.00707	0.77554	0.00707
82	0.06370	0.02209	0.02213	0.01727	0.02311	0.07538	0.01415	0.58303	0.03353	0.04492	0.01736	0.01759	0.01244	0.00891	0.00740	0.00225	0.00864	0.00655	0.00717	0.01237
83	0.03403	0.01291	0.01760	0.01350	0.01936	0.01115	0.01115	0.03697	0.02171	0.69137	0.02992	0.02582	0.01878	0.00939	0.00763	0.00235	0.00645	0.00763	0.00939	0.01291
84	0.00924	0.00660	0.00880	0.01056	0.01100	0.00616	0.00704	0.01056	0.01452	0.01936	0.04181	0.72848	0.05017	0.02376	0.00968	0.00308	0.00440	0.02156	0.00704	0.00616
85	0.01154	0.00792	0.01035	0.00996	0.01184	0.00730	0.00755	0.01485	0.02052	0.05453	0.54220	0.10938	0.09297	0.01639	0.00904	0.00251	0.00397	0.05174	0.00815	0.00726
86	0.02954	0.01628	0.04760	0.01470	0.02056	0.01502	0.01253	0.23412	0.02574	0.40111	0.05419	0.02622	0.04683	0.00987	0.00771	0.00234	0.00704	0.00789	0.00840	0.01232
87	0.02284	0.06268	0.17728	0.05150	0.13794	0.37615	0.01933	0.02693	0.01903	0.02085	0.01260	0.01526	0.01012	0.00743	0.00698	0.00211	0.01196	0.00540	0.00367	0.00991
88	0.02233	0.05582	0.02106	0.05088	0.10354	0.36549	0.01439	0.05313	0.06221	0.02163	0.02199	0.02376	0.09387	0.01178	0.04347	0.00266	0.01113	0.00701	0.00463	0.00920
89	0.01356	0.00980	0.01275	0.06688	0.05620	0.00942	0.00947	0.04929	0.01968	0.07641	0.27369	0.10455	0.23838	0.01532	0.00865	0.00249	0.00502	0.01324	0.00723	0.00798
90	0.42752	0.01790	0.12753	0.13139	0.04599	0.01607	0.01406	0.02099	0.01411	0.02817	0.01472	0.08407	0.01297	0.00878	0.00618	0.00245	0.00743	0.00658	0.00442	0.00868
91	0.78701	0.01467	0.01115	0.00997	0.01467	0.01702	0.00821	0.02230	0.01291	0.03403	0.01056	0.01232	0.00821	0.00704	0.00469	0.00235	0.00587	0.00411	0.00469	0.00821
92	0.01084	0.00813	0.01219	0.01219	0.01354	0.00948	0.00948	0.01354	0.01219	0.01761	0.02032	0.02980	0.01896	0.05689	0.70337	0.01219	0.02032	0.00813	0.00406	0.00677
93	0.01738	0.27252	0.02696	0.01474	0.01953	0.02064	0.03611	0.02009	0.01453	0.02034	0.01202	0.01557	0.01081	0.01045	0.04639	0.00245	0.17777	0.00520	0.00372	0.25278
94	0.01188	0.00802	0.01044	0.00968	0.01171	0.00734	0.00731	0.01537	0.02133	0.06445	0.62591	0.05565	0.09131	0.01532	0.00888	0.00239	0.00374	0.01348	0.00836	0.00743
95	0.01414	0.00707	0.00707	0.00707	0.00884	0.00707	0.00530	0.01767	0.01591	0.02828	0.02474	0.02828	0.01944	0.00884	0.00530	0.00177	0.00353	0.00707	0.77554	0.00707
96	0.02021	0.01704	0.01849	0.01703	0.04849	0.01946	0.01281	0.12359	0.55844	0.03361	0.02845	0.02653	0.02129	0.00998	0.00769	0.00252	0.00645	0.00826	0.00753	0.01213
97	0.02298	0.01723	0.01865	0.01576	0.02067	0.01929	0.01254	0.20060	0.44183	0.10255	0.02750	0.02544	0.02006	0.00989	0.00768	0.00247	0.00666	0.00803	0.00785	0.01233
98	0.00931	0.00720	0.00849	0.00922	0.01072	0.00638	0.00652	0.01115	0.01653	0.02118	0.13435	0.37010	0.32002	0.02084	0.00929	0.00278	0.00406	0.01826	0.00720	0.00638
99	0.78701	0.01467	0.01115	0.00997	0.01467	0.01702	0.00821	0.02230	0.01291	0.03403	0.01056	0.01232	0.00821	0.00704	0.00469	0.00235	0.00587	0.00411	0.00469	0.00821
100	0.01578	0.01578	0.02183	0.23837	0.03004	0.07157	0.04465	0.01886	0.01399	0.01887	0.01422	0.05212	0.01305	0.01676	0.10251	0.00404	0.28821	0.00751	0.00367	0.00817
101	0.08306	0.01395	0.01688	0.01482	0.05258	0.01388	0.01115	0.12752	0.09302	0.26997	0.13091	0.02902	0.02577	0.03913	0.00877	0.00251	0.00632	0.00828	0.00770	0.04474
102	0.02581	0.01947	0.02251	0.01723	0.02331	0.02072	0.05235	0.46225	0.09177	0.06543	0.01908	0.01927	0.01379	0.00864	0.00744	0.00218	0.00799	0.00686	0.00706	0.10682
103	0.02741	0.02202	0.02293	0.01975	0.07415	0.08317	0.01497	0.51837	0.07149	0.04247	0.01810	0.01846	0.01317	0.00888	0.00752	0.00226	0.00873	0.00676	0.00697	0.01241
104	0.01637	0.01353	0.01454	0.01332	0.01687	0.01484	0.01039	0.07739	0.37880	0.02898	0.06135	0.04352	0.16021	0.05073	0.00984	0.00287	0.00582	0.06329	0.00737	0.00996
105	0.02030	0.21287	0.02547	0.01980	0.13077	0.13291	0.01392	0.09137	0.09056	0.02474	0.06918	0.02331	0.04000	0.03389	0.03737	0.00268	0.00898	0.00697	0.00498	0.00994
106	0.01124	0.00884	0.00987	0.00945	0.01157	0.00852	0.00688	0.01606	0.10769	0.02427	0.25658	0.05768	0.28580	0.13620	0.01374	0.00331	0.00464	0.01342	0.00715	0.00711
107	0.05333	0.31030	0.11387	0.01741	0.04971	0.15618	0.01562	0.12635	0.04808	0.02505	0.01340	0.01488	0.01084	0.00745	0.00620	0.00198	0.00947	0.00516	0.00433	0.01037
108	0.00935	0.00735	0.00845	0.00892	0.01067	0.00645	0.00640	0.01135	0.01710	0.02178	0.16624	0.28048	0.37842	0.02005	0.00919	0.00270	0.00398	0.01741	0.00726	0.00645
109	0.00985	0.00833	0.00908	0.03896	0.01281	0.00757	0.00709	0.01293	0.05107	0.02102	0.06747	0.12324	0.54376	0.01869	0.00896	0.00264	0.00439	0.03845	0.00692	0.00678
110	0.02028	0.73799	0.03975	0.01298	0.01947	0.03001	0.01298	0.02271	0.01541	0.01785	0.01055	0.01217	0.00973	0.00649	0.00487	0.00162	0.00811	0.00406	0.00324	0.00973
111	0.01734	0.02041	0.13232	0.03917	0.52335	0.01691	0.02245	0.02228	0.01708	0.02428	0.01979	0.02321	0.07194	0.00795	0.00759	0.00230	0.00889	0.00741	0.00396	0.01138
112	0.01940	0.02716	0.20207	0.06288	0.21471	0.15362	0.11915	0.02588	0.05828	0.02345	0.01475	0.01797	0.01147	0.00729	0.00754	0.00231	0.01095	0.00654	0.00388	0.01072
113	0.02311	0.26884	0.02724	0.01768	0.04923	0.32542	0.01398	0.02727	0.08401	0.01996	0.01545	0.01695	0.03361	0.00819	0.00714	0.00200	0.04083	0.00550	0.00414	0.00947
114	0.01573	0.01348	0.01573	0.01123	0.01798	0.01011	0.00899	0.01910	0.01573	0.02472	0.01348	0.01573	0.01123	0.00562	0.00562	0.00112	0.00562	0.00449	0.00449	0.77980
115	0.14554	0.12982	0.02145	0.04670	0.04146	0.06798	0.03847	0.01926	0.01422	0.02138	0.01692	0.13343	0.01734	0.04151	0.03801	0.00313	0.18241	0.00844	0.00430	0.00820
116	0.02003	0.01689	0.02444	0.06393	0.37568	0.04586	0.01843	0.07051	0.06938	0.08559	0.02205	0.02888	0.04105	0.00945	0.00788	0.00243	0.00836	0.07276	0.00528	0.01113
117	0.78701	0.01467	0.01115	0.00997	0.01467	0.01702	0.00821	0.02230	0.01291	0.03403	0.01056	0.01232	0.00821	0.00704	0.00469	0.00235	0.00587	0.00411	0.00469	0.00821
118	0.01019	0.00773	0.00938	0.00897	0.01100	0.00693	0.00673	0.01326	0.02018	0.02736	0.49600	0.06168	0.25959	0.01665	0.00895	0.00244	0.00366	0.01442	0.00795	0.00693
119	0.01282	0.01000	0.01089	0.01035	0.01334	0.00975	0.00802	0.01960	0.17049	0.05514	0.12299	0.05957	0.39535	0.01642	0.00871	0.00260	0.00464	0.05375	0.00744	0.00812
120	0.01368	0.00841	0.01108	0.01004	0.01235	0.00766	0.00766	0.01718	0.02150	0.11409	0.59955	0.05275	0.06489	0.01473	0.00878	0.00238	0.00394	0.01295	0.00848	0.00789
121	0.01841	0.01767	0.02992	0.09518	0.58238	0.01801	0.04313	0.02390	0.05123	0.02472	0.01511	0.01943	0.01243	0.00699	0.00757	0.00230	0.00906	0.00692	0.00393	0.01168
122	0.01235	0.00899	0.01220	0.01374	0.01552	0.00910	0.01173	0.01672	0.05678	0.02293	0.03975	0.14214	0.04302	0.02057	0.01024	0.00340	0.00668	0.53989	0.00703	0.00721
123	0.02476	0.01828	0.01979	0.01581	0.02078	0.02010	0.01273	0.49116	0.08689	0.04087	0.02269	0.05347	0.04430	0.03442	0.01007	0.04949	0.00764	0.00813	0.00720	0.01141
124	0.07433	0.02630	0.02113	0.01791	0.02226	0.31709	0.01414	0.23410	0.04566	0.05857	0.01499	0.01637	0.01153	0.00890	0.00888	0.00226	0.08390	0.00589	0.00545	0.01032

[dist]
# distance from previous block
# <min> <max>
2	9

[block]
# block no. 1 follows, 26 sequences, length 43
# corresponding to MSA columns:
# 237-279
name=unknown_B
#
# <colnr> <probs for GDERKNQSTAVLIFYWHMCP>
#	G	D	E	R	K	N	Q	S	T	A	V	L	I	F	Y	W	H	M	C	P
0	0.04733	0.01400	0.04745	0.11243	0.02398	0.01343	0.10066	0.07833	0.01775	0.02530	0.11429	0.12022	0.02638	0.07056	0.03630	0.00314	0.03207	0.00997	0.00533	0.10108
1	0.02708	0.03275	0.02168	0.02051	0.05878	0.58146	0.01487	0.07893	0.02197	0.02116	0.01276	0.01503	0.01055	0.01005	0.03799	0.00245	0.01330	0.00528	0.00420	0.00920
2	0.01414	0.00707	0.00707	0.00707	0.00884	0.00707	0.00530	0.01767	0.01591	0.02828	0.02474	0.02828	0.01944	0.00884	0.00530	0.00177	0.00353	0.00707	0.77554	0.00707
3	0.02883	0.02125	0.02276	0.01745	0.02352	0.02352	0.01442	0.66082	0.03566	0.04780	0.01821	0.01821	0.01290	0.00911	0.00759	0.00228	0.00835	0.00683	0.00759	0.01290
4	0.00924	0.00660	0.00880	0.01056	0.01100	0.00616	0.00704	0.01056	0.01452	0.01936	0.04181	0.72848	0.05017	0.02376	0.00968	0.00308	0.00440	0.02156	0.00704	0.00616
5	0.02937	0.01963	0.02167	0.01670	0.02267	0.02123	0.01377	0.53121	0.05625	0.15782	0.02068	0.01988	0.01428	0.00920	0.00760	0.00230	0.00794	0.00703	0.00790	0.01287
6	0.01074	0.00775	0.01014	0.00954	0.01133	0.00716	0.00716	0.01431	0.02147	0.03042	0.68211	0.05666	0.07157	0.01551	0.00895	0.00239	0.00358	0.01372	0.00835	0.00716
7	0.02883	0.02125	0.02276	0.01745	0.02352	0.02352	0.01442	0.66082	0.03566	0.04780	0.01821	0.01821	0.01290	0.00911	0.00759	0.00228	0.00835	0.00683	0.00759	0.01290
8	0.01034	0.00774	0.00958	0.00912	0.01109	0.00699	0.00684	0.01354	0.02053	0.02817	0.54530	0.06035	0.20979	0.01634	0.00895	0.00243	0.00364	0.01424	0.00805	0.00699
9	0.00945	0.00764	0.00843	0.00855	0.01074	0.00662	0.00641	0.01169	0.01781	0.02230	0.18335	0.13071	0.48568	0.01902	0.00909	0.00262	0.00398	0.04208	0.00728	0.00654
10	0.01414	0.00707	0.00707	0.00707	0.00884	0.00707	0.00530	0.01767	0.01591	0.02828	0.02474	0.02828	0.01944	0.00884	0.00530	0.00177	0.00353	0.00707	0.77554	0.00707
11	0.02128	0.40649	0.05913	0.01802	0.02423	0.16615	0.12398	0.02554	0.05257	0.02007	0.01282	0.01490	0.01076	0.00698	0.00621	0.00193	0.01006	0.00536	0.00372	0.00980
12	0.02239	0.01806	0.02209	0.02258	0.16976	0.01914	0.01501	0.30404	0.14424	0.03584	0.02029	0.05496	0.01623	0.00914	0.00748	0.00224	0.00758	0.00761	0.00639	0.09493
13	0.02673	0.07114	0.02278	0.02042	0.06177	0.55801	0.01489	0.05187	0.06435	0.02077	0.01330	0.01502	0.01089	0.00789	0.00686	0.00201	0.01241	0.00526	0.00424	0.00939
14	0.46076	0.01689	0.04851	0.06501	0.13461	0.01748	0.05100	0.05675	0.01573	0.05274	0.01284	0.01534	0.00984	0.00718	0.00598	0.00235	0.00748	0.00534	0.00464	0.00953
15	0.01329	0.00830	0.01070	0.00985	0.01208	0.00753	0.00742	0.01645	0.02055	0.10678	0.50831	0.07867	0.11544	0.03893	0.00979	0.00258	0.00409	0.01339	0.00819	0.00765
16	0.01863	0.11895	0.04254	0.02972	0.07056	0.04381	0.51483	0.02423	0.01765	0.02325	0.01451	0.01901	0.01123	0.00647	0.00825	0.00239	0.01198	0.00803	0.00375	0.01021
17	0.64578	0.05339	0.04124	0.01058	0.01539	0.01686	0.00921	0.02169	0.01392	0.03244	0.06972	0.01637	0.01392	0.00776	0.00518	0.00231	0.00601	0.00501	0.00488	0.00833
18	0.01573	0.01348	0.01573	0.01123	0.01798	0.01011	0.00899	0.01910	0.01573	0.02472	0.01348	0.01573	0.01123	0.00562	0.00562	0.00112	0.00562	0.00449	0.00449	0.77980
19	0.01642	0.04897	0.06326	0.02275	0.06429	0.08237	0.23880	0.02031	0.01604	0.02110	0.01955	0.14932	0.01918	0.03854	0.06533	0.00352	0.08697	0.01010	0.00435	0.00882
20	0.02163	0.01637	0.01876	0.01763	0.07461	0.01786	0.01284	0.21099	0.29983	0.08690	0.02915	0.08040	0.05665	0.01110	0.00787	0.00248	0.00671	0.00925	0.00740	0.01158
21	0.00965	0.00689	0.00925	0.01091	0.01156	0.00650	0.00764	0.01131	0.01516	0.02022	0.06881	0.62600	0.05033	0.02309	0.00974	0.00310	0.00466	0.09179	0.00709	0.00630
22	0.01732	0.03340	0.50841	0.02270	0.09227	0.04743	0.02455	0.02525	0.03872	0.06804	0.04069	0.01877	0.01325	0.00775	0.00733	0.00237	0.01034	0.00622	0.00404	0.01116
23	0.01671	0.01573	0.02631	0.16223	0.42648	0.01637	0.04306	0.02184	0.04992	0.02343	0.01853	0.11044	0.01710	0.00925	0.00786	0.00244	0.00860	0.00882	0.00431	0.01054
24	0.01711	0.01360	0.01452	0.01316	0.01617	0.04817	0.01002	0.20123	0.09286	0.03089	0.15370	0.25344	0.07272	0.01553	0.00855	0.00258	0.00599	0.01335	0.00735	0.00905
25	0.78701	0.01467	0.01115	0.00997	0.01467	0.01702	0.00821	0.02230	0.01291	0.03403	0.01056	0.01232	0.00821	0.00704	0.00469	0.00235	0.00587	0.00411	0.00469	0.00821
26	0.01908	0.01522	0.01801	0.01813	0.09737	0.01650	0.01262	0.03427	0.44226	0.08313	0.09333	0.02915	0.02571	0.01007	0.00770	0.00242	0.00613	0.00858	0.00727	0.05303
27	0.01414	0.00707	0.00707	0.00707	0.00884	0.00707	0.00530	0.01767	0.01591	0.02828	0.02474	0.02828	0.01944	0.00884	0.00530	0.00177	0.00353	0.00707	0.77554	0.00707
28	0.02039	0.53410	0.03566	0.01537	0.02066	0.09249	0.03742	0.02281	0.01550	0.01821	0.01074	0.01330	0.00984	0.00765	0.00828	0.00195	0.11815	0.00471	0.00334	0.00944
29	0.01085	0.00808	0.01196	0.01196	0.01324	0.00936	0.00920	0.01340	0.01212	0.01744	0.02053	0.03096	0.01947	0.09648	0.66447	0.01191	0.01956	0.00830	0.00409	0.00664
30	0.02897	0.01253	0.01649	0.01307	0.01815	0.01136	0.01063	0.05935	0.05539	0.51540	0.14333	0.03101	0.02797	0.01049	0.00786	0.00236	0.00601	0.00871	0.00905	0.01186
31	0.02001	0.01551	0.01673	0.01485	0.01922	0.01742	0.01161	0.03849	0.57023	0.10199	0.03304	0.03024	0.05525	0.01063	0.00777	0.00255	0.00594	0.00884	0.00786	0.01183
32	0.01748	0.02384	0.24383	0.02325	0.06877	0.01669	0.19498	0.07989	0.04708	0.04967	0.08637	0.02781	0.02035	0.00921	0.00820	0.00251	0.00978	0.05477	0.00501	0.01050
33	0.00957	0.00706	0.00891	0.01026	0.01122	0.00652	0.00722	0.01117	0.01520	0.01971	0.04754	0.50728	0.16961	0.05425	0.01092	0.00321	0.00469	0.08252	0.00693	0.00622
34	0.01626	0.01565	0.02572	0.36613	0.18204	0.01828	0.06844	0.02234	0.07448	0.02189	0.01491	0.02019	0.01178	0.00829	0.00990	0.00258	0.10053	0.00706	0.00387	0.00965
35	0.01659	0.01659	0.02323	0.01991	0.01991	0.02323	0.01659	0.01825	0.01162	0.01825	0.00996	0.01659	0.00996	0.01328	0.02489	0.00332	0.71955	0.00664	0.00332	0.00830
36	0.01573	0.01348	0.01573	0.01123	0.01798	0.01011	0.00899	0.01910	0.01573	0.02472	0.01348	0.01573	0.01123	0.00562	0.00562	0.00112	0.00562	0.00449	0.00449	0.77980
37	0.02884	0.01889	0.02106	0.01634	0.02208	0.02025	0.01341	0.50742	0.03190	0.17044	0.02167	0.05585	0.01593	0.00991	0.00770	0.00233	0.00778	0.00773	0.00791	0.01256
38	0.78701	0.01467	0.01115	0.00997	0.01467	0.01702	0.00821	0.02230	0.01291	0.03403	0.01056	0.01232	0.00821	0.00704	0.00469	0.00235	0.00587	0.00411	0.00469	0.00821
39	0.01414	0.00707	0.00707	0.00707	0.00884	0.00707	0.00530	0.01767	0.01591	0.02828	0.02474	0.02828	0.01944	0.00884	0.00530	0.00177	0.00353	0.00707	0.77554	0.00707
40	0.03218	0.01274	0.01722	0.01323	0.01898	0.01094	0.01088	0.03516	0.02138	0.63090	0.05389	0.02646	0.02039	0.00942	0.00757	0.00228	0.00630	0.00769	0.00909	0.05329
41	0.01887	0.01584	0.04369	0.02322	0.21682	0.05413	0.01454	0.02584	0.14083	0.11777	0.13991	0.07316	0.06055	0.01101	0.00797	0.00240	0.00698	0.00962	0.00641	0.01045
42	0.01398	0.00902	0.01018	0.00932	0.01243	0.00795	0.00718	0.01729	0.05196	0.13685	0.14632	0.06052	0.45544	0.01659	0.00867	0.00250	0.00436	0.01390	0.00765	0.00790

[dist]
# distance from previous block
# <min> <max>
0	1

[block]
# block no. 2 follows, 26 sequences, length 72
# corresponding to MSA columns:
# 281-352
name=unknown_C
#
# <colnr> <probs for GDERKNQSTAVLIFYWHMCP>
#	G	D	E	R	K	N	Q	S	T	A	V	L	I	F	Y	W	H	M	C	P
0	0.02550	0.02004	0.02255	0.01774	0.02274	0.06737	0.04295	0.39384	0.02751	0.08285	0.01711	0.01861	0.01276	0.01113	0.03667	0.00273	0.10766	0.00673	0.00638	0.05715
1	0.14464	0.01191	0.01341	0.01140	0.01499	0.01203	0.00893	0.11845	0.02119	0.16029	0.25959	0.03768	0.06589	0.07456	0.01037	0.00280	0.00558	0.00978	0.00745	0.00907
2	0.07594	0.01723	0.06126	0.01851	0.01987	0.02120	0.01597	0.01869	0.01216	0.02003	0.01090	0.01689	0.01032	0.01445	0.05739	0.00358	0.55876	0.00638	0.00350	0.03696
3	0.57139	0.01614	0.04228	0.06311	0.01938	0.01726	0.01080	0.08571	0.01604	0.07956	0.01300	0.01457	0.00960	0.00745	0.00550	0.00236	0.00669	0.00487	0.00514	0.00914
4	0.11932	0.01959	0.02430	0.08123	0.19140	0.08381	0.05952	0.17034	0.06626	0.03013	0.01527	0.01806	0.01194	0.00825	0.00865	0.00239	0.06733	0.00652	0.00498	0.01072
5	0.75330	0.01432	0.01109	0.00997	0.01446	0.01656	0.00814	0.02176	0.01278	0.03312	0.01068	0.01279	0.00843	0.00788	0.00578	0.03620	0.00590	0.00422	0.00463	0.00800
6	0.01231	0.00692	0.00987	0.01033	0.01061	0.00685	0.00716	0.01078	0.01156	0.01535	0.02148	0.13413	0.02342	0.08709	0.02525	0.50689	0.00639	0.08498	0.00439	0.00426
7	0.78701	0.01467	0.01115	0.00997	0.01467	0.01702	0.00821	0.02230	0.01291	0.03403	0.01056	0.01232	0.00821	0.00704	0.00469	0.00235	0.00587	0.00411	0.00469	0.00821
8	0.01295	0.00662	0.00978	0.00984	0.00985	0.00660	0.00652	0.00995	0.01009	0.01346	0.01463	0.04892	0.01508	0.05612	0.02932	0.71949	0.00654	0.00730	0.00348	0.00345
9	0.01103	0.00735	0.00827	0.00827	0.00827	0.00735	0.00460	0.01103	0.01103	0.01471	0.02390	0.04964	0.02758	0.73343	0.03861	0.00735	0.00735	0.01103	0.00460	0.00460
10	0.51107	0.01535	0.01366	0.01160	0.01626	0.01735	0.00948	0.17339	0.01914	0.03677	0.06753	0.01800	0.01495	0.00830	0.00575	0.00231	0.00617	0.00566	0.03806	0.00920
11	0.01780	0.01536	0.01613	0.01460	0.01870	0.01752	0.01133	0.03713	0.60167	0.03052	0.03584	0.03313	0.09441	0.01125	0.00785	0.00257	0.00577	0.00938	0.00765	0.01140
12	0.01008	0.00706	0.00907	0.01036	0.01083	0.00679	0.00701	0.01131	0.01393	0.01851	0.03677	0.46766	0.04328	0.21497	0.01758	0.00428	0.00551	0.09277	0.00637	0.00584
13	0.04407	0.00787	0.00977	0.01087	0.01216	0.00765	0.00793	0.01344	0.04356	0.02214	0.10338	0.45409	0.10543	0.02088	0.00936	0.00297	0.00477	0.10585	0.00708	0.00673
14	0.01181	0.01016	0.01041	0.00992	0.01297	0.00999	0.00756	0.01935	0.20583	0.02373	0.06361	0.06013	0.49312	0.01664	0.00861	0.00256	0.00446	0.01387	0.00724	0.00802
15	0.00939	0.00788	0.00819	0.00821	0.01064	0.00681	0.00611	0.01196	0.03730	0.02135	0.10922	0.11096	0.58776	0.01900	0.00897	0.00258	0.00393	0.01599	0.00714	0.00660
16	0.01005	0.00806	0.00881	0.00877	0.01104	0.00715	0.00650	0.03639	0.01825	0.02293	0.16431	0.16327	0.46980	0.01890	0.00901	0.00260	0.00406	0.01610	0.00727	0.00674
17	0.00930	0.00668	0.00873	0.01034	0.01086	0.00622	0.00689	0.01059	0.01451	0.01924	0.04271	0.67276	0.07799	0.05074	0.01076	0.00322	0.00449	0.02091	0.00695	0.00611
18	0.01386	0.00710	0.00718	0.00718	0.00879	0.00710	0.00524	0.01707	0.01547	0.02705	0.02467	0.03021	0.02018	0.07424	0.00831	0.00227	0.00388	0.00743	0.70595	0.00685
19	0.01083	0.00772	0.00970	0.01075	0.01152	0.00752	0.00724	0.05581	0.01554	0.02074	0.03786	0.59184	0.04467	0.11399	0.01325	0.00357	0.00505	0.01919	0.00676	0.00643
20	0.01134	0.00777	0.00874	0.00869	0.00909	0.00773	0.00516	0.03194	0.01250	0.01650	0.02863	0.09691	0.07420	0.61167	0.03356	0.00656	0.00694	0.01196	0.00503	0.00510
21	0.73572	0.01455	0.01159	0.01021	0.01499	0.01662	0.00841	0.02330	0.01351	0.07881	0.01188	0.01324	0.00893	0.00720	0.00489	0.00235	0.00591	0.00435	0.00501	0.00853
22	0.20205	0.01191	0.01394	0.01150	0.01603	0.01138	0.00930	0.02722	0.01936	0.35926	0.16637	0.03202	0.06694	0.01072	0.00731	0.00237	0.00555	0.00860	0.00794	0.01022
23	0.01084	0.00813	0.01219	0.01219	0.01354	0.00948	0.00948	0.01354	0.01219	0.01761	0.02032	0.02980	0.01896	0.05689	0.70337	0.01219	0.02032	0.00813	0.00406	0.00677
24	0.00949	0.00678	0.00884	0.01040	0.01093	0.00636	0.00699	0.01080	0.01445	0.01915	0.04155	0.62494	0.07116	0.08168	0.01206	0.00343	0.00472	0.04337	0.00684	0.00607
25	0.00942	0.00679	0.00893	0.01032	0.01102	0.00630	0.00701	0.01105	0.01551	0.02082	0.12491	0.61837	0.07635	0.02254	0.00956	0.00297	0.00427	0.02035	0.00721	0.00630
26	0.21834	0.01226	0.01424	0.01165	0.01642	0.01173	0.00948	0.02828	0.01916	0.38662	0.11994	0.03004	0.06970	0.01034	0.00717	0.00237	0.00572	0.00818	0.00790	0.01047
27	0.78701	0.01467	0.01115	0.00997	0.01467	0.01702	0.00821	0.02230	0.01291	0.03403	0.01056	0.01232	0.00821	0.00704	0.00469	0.00235	0.00587	0.00411	0.00469	0.00821
28	0.07881	0.01321	0.01571	0.01301	0.01789	0.01298	0.01046	0.03328	0.19529	0.37465	0.05367	0.03168	0.09411	0.01074	0.00764	0.00243	0.00592	0.00875	0.00832	0.01145
29	0.07883	0.00878	0.01069	0.00999	0.01234	0.00832	0.00761	0.01662	0.01957	0.09227	0.43495	0.09570	0.10361	0.03587	0.00941	0.00262	0.00434	0.03307	0.00780	0.00760
30	0.01084	0.00813	0.01219	0.01219	0.01354	0.00948	0.00948	0.01354	0.01219	0.01761	0.02032	0.02980	0.01896	0.05689	0.70337	0.01219	0.02032	0.00813	0.00406	0.00677
31	0.01448	0.01379	0.02371	0.68543	0.05169	0.01695	0.04884	0.01959	0.01529	0.01959	0.01356	0.02023	0.01017	0.00753	0.00764	0.00253	0.01023	0.00684	0.00339	0.00850
32	0.01080	0.00797	0.01131	0.01131	0.01247	0.00898	0.00846	0.01299	0.01217	0.01719	0.02305	0.03498	0.04500	0.17799	0.55741	0.01096	0.01736	0.00894	0.00427	0.00636
33	0.01225	0.00839	0.00963	0.00926	0.00981	0.00867	0.00572	0.05641	0.01285	0.01727	0.02318	0.04566	0.02578	0.62203	0.09646	0.00744	0.00859	0.01048	0.00476	0.00537
34	0.01781	0.01279	0.01443	0.01245	0.01505	0.01377	0.00925	0.25870	0.02121	0.02857	0.04978	0.03725	0.02355	0.32819	0.09530	0.00558	0.00894	0.03326	0.00593	0.00819
35	0.00923	0.00665	0.00875	0.01043	0.01097	0.00617	0.00698	0.01058	0.01465	0.01941	0.04338	0.69902	0.07861	0.02356	0.00965	0.00306	0.00438	0.02131	0.00704	0.00617
36	0.70783	0.01493	0.01271	0.01212	0.04334	0.01744	0.00936	0.02209	0.01301	0.03268	0.01068	0.01285	0.00848	0.00741	0.00604	0.00240	0.04930	0.00437	0.00457	0.00838
37	0.00971	0.00769	0.00860	0.00838	0.01053	0.00672	0.00620	0.01213	0.01846	0.02375	0.29168	0.06589	0.42856	0.05560	0.01052	0.00275	0.00393	0.01492	0.00738	0.00658
38	0.01485	0.01421	0.02286	0.55356	0.04473	0.01834	0.02003	0.01912	0.01434	0.01912	0.01266	0.01938	0.01008	0.00891	0.01161	0.00271	0.17504	0.00672	0.00336	0.00840
39	0.78701	0.01467	0.01115	0.00997	0.01467	0.01702	0.00821	0.02230	0.01291	0.03403	0.01056	0.01232	0.00821	0.00704	0.00469	0.00235	0.00587	0.00411	0.00469	0.00821
40	0.00966	0.00774	0.00866	0.00886	0.01089	0.00687	0.00648	0.01236	0.03728	0.02249	0.18376	0.20134	0.41833	0.01916	0.00907	0.00263	0.00397	0.01647	0.00731	0.00667
41	0.01928	0.57820	0.11816	0.01475	0.02115	0.02780	0.01519	0.02241	0.01510	0.01864	0.01086	0.01309	0.00974	0.00728	0.00721	0.00189	0.08172	0.00451	0.00325	0.00977
42	0.01342	0.00850	0.01030	0.00953	0.01221	0.00749	0.00736	0.01624	0.01969	0.12082	0.32392	0.05981	0.30686	0.01631	0.00882	0.00249	0.00422	0.03642	0.00793	0.00767
43	0.00900	0.00756	0.00781	0.00801	0.01033	0.00638	0.00591	0.01085	0.01698	0.02036	0.07291	0.14653	0.61205	0.01972	0.00904	0.00262	0.00390	0.01663	0.00704	0.00638
44	0.01573	0.01348	0.01573	0.01123	0.01798	0.01011	0.00899	0.01910	0.01573	0.02472	0.01348	0.01573	0.01123	0.00562	0.00562	0.00112	0.00562	0.00449	0.00449	0.77980
45	0.02837	0.03511	0.02158	0.01940	0.02345	0.65577	0.01464	0.07410	0.02248	0.02060	0.01218	0.01399	0.00999	0.00791	0.00689	0.00198	0.01331	0.00502	0.00416	0.00908
46	0.01013	0.00726	0.00950	0.01086	0.01163	0.00692	0.00749	0.03379	0.01580	0.02117	0.08067	0.63880	0.04995	0.02264	0.00959	0.00302	0.00458	0.04256	0.00714	0.00649
47	0.04792	0.47191	0.26189	0.01581	0.02384	0.02529	0.01793	0.02314	0.01552	0.02057	0.01159	0.01349	0.00963	0.00676	0.00566	0.00192	0.00908	0.00459	0.00329	0.01018
48	0.01084	0.00740	0.00861	0.00867	0.00896	0.00739	0.00519	0.01132	0.01200	0.01606	0.05629	0.08041	0.05755	0.59467	0.07827	0.00705	0.00775	0.01165	0.00494	0.00500
49	0.01318	0.00659	0.00988	0.00988	0.00988	0.00659	0.00659	0.00988	0.00988	0.01318	0.01318	0.02306	0.01318	0.02635	0.02964	0.77931	0.00659	0.00659	0.00329	0.00329
50	0.07081	0.01246	0.01531	0.01270	0.01733	0.01193	0.01017	0.03143	0.13744	0.39065	0.10001	0.06160	0.07187	0.01133	0.00779	0.00244	0.00577	0.00939	0.00844	0.01114
51	0.06618	0.01952	0.02123	0.06819	0.02455	0.02193	0.01419	0.47854	0.13685	0.04236	0.01952	0.01969	0.01412	0.00908	0.00746	0.00235	0.00796	0.00696	0.00715	0.01218
52	0.00945	0.00693	0.00888	0.01002	0.01096	0.00635	0.00690	0.01122	0.01601	0.02131	0.15080	0.53440	0.13521	0.02183	0.00947	0.00290	0.00419	0.01957	0.00725	0.00635
53	0.01543	0.01337	0.01654	0.01207	0.01847	0.01026	0.03616	0.01881	0.01575	0.02438	0.01524	0.05824	0.01356	0.00673	0.00600	0.00130	0.00585	0.00569	0.00462	0.70154
54	0.01672	0.01722	0.02787	0.06989	0.02639	0.02192	0.15615	0.01964	0.01322	0.01964	0.01137	0.01768	0.01030	0.01140	0.02026	0.00310	0.51792	0.00715	0.00343	0.00873
55	0.01664	0.01523	0.02353	0.45361	0.09393	0.01787	0.05283	0.06576	0.13602	0.02417	0.01711	0.02145	0.01288	0.00805	0.00767	0.00250	0.00930	0.00720	0.00449	0.00975
56	0.01441	0.01119	0.01238	0.01179	0.01484	0.01158	0.00906	0.02398	0.26834	0.06080	0.08550	0.13230	0.24539	0.01571	0.00859	0.00266	0.00505	0.05001	0.00750	0.00894
57	0.01767	0.01972	0.04198	0.08900	0.08560	0.01891	0.56215	0.02382	0.01763	0.02393	0.01512	0.02032	0.01143	0.00652	0.00874	0.00253	0.01231	0.00862	0.00379	0.01021
58	0.07801	0.02077	0.02088	0.01651	0.02209	0.06235	0.01347	0.51232	0.07237	0.04290	0.02076	0.02066	0.04342	0.00942	0.00742	0.00229	0.00815	0.00706	0.00716	0.01199
59	0.01539	0.01060	0.01218	0.01129	0.01348	0.01102	0.00833	0.17300	0.02022	0.02845	0.10807	0.23096	0.03409	0.12204	0.03846	0.00355	0.00616	0.01255	0.13226	0.00789
60	0.01240	0.00809	0.00908	0.00878	0.00947	0.00824	0.00550	0.04652	0.01348	0.01912	0.04892	0.04444	0.02701	0.53836	0.05567	0.00627	0.00719	0.01024	0.11566	0.00557
61	0.14982	0.01386	0.01682	0.01418	0.01891	0.01403	0.03209	0.10746	0.07967	0.28670	0.02706	0.05447	0.02175	0.01140	0.00775	0.00259	0.00679	0.11633	0.00758	0.01074
62	0.02903	0.02094	0.02257	0.01730	0.02337	0.02306	0.01430	0.63757	0.03514	0.07179	0.01865	0.01849	0.01312	0.00912	0.00759	0.00228	0.00828	0.00686	0.00765	0.01290
63	0.00947	0.00678	0.00889	0.01049	0.01103	0.00636	0.00709	0.01083	0.01454	0.01927	0.04181	0.63803	0.06906	0.06562	0.01141	0.00334	0.00467	0.04833	0.00689	0.00611
64	0.01064	0.00758	0.00971	0.00943	0.01080	0.00709	0.00673	0.01342	0.01910	0.02679	0.51300	0.12026	0.06233	0.13345	0.01386	0.00326	0.00427	0.01404	0.00761	0.00664
65	0.01665	0.01593	0.02758	0.46109	0.04497	0.01835	0.15925	0.08322	0.01758	0.02318	0.01417	0.01989	0.01068	0.00777	0.00880	0.00255	0.04799	0.00723	0.00388	0.00925
66	0.01600	0.01534	0.02648	0.45712	0.26697	0.01736	0.05071	0.02093	0.01601	0.02144	0.01383	0.01974	0.01082	0.00725	0.00762	0.00244	0.00986	0.00685	0.00352	0.00973
67	0.01103	0.00735	0.00827	0.00827	0.00827	0.00735	0.00460	0.01103	0.01103	0.01471	0.02390	0.04964	0.02758	0.73343	0.03861	0.00735	0.00735	0.01103	0.00460	0.00460
68	0.14216	0.01485	0.02175	0.46540	0.11355	0.01759	0.01863	0.07631	0.01682	0.02485	0.01350	0.01860	0.01026	0.00754	0.00710	0.00245	0.00914	0.00632	0.00400	0.00918
69	0.78701	0.01467	0.01115	0.00997	0.01467	0.01702	0.00821	0.02230	0.01291	0.03403	0.01056	0.01232	0.00821	0.00704	0.00469	0.00235	0.00587	0.00411	0.00469	0.00821
70	0.01908	0.01550	0.01781	0.03853	0.02067	0.01384	0.01084	0.18567	0.02088	0.03051	0.01471	0.01654	0.01163	0.00659	0.00620	0.00147	0.00649	0.00518	0.00526	0.55262
71	0.02669	0.02005	0.02142	0.01681	0.02250	0.02224	0.01376	0.54863	0.12621	0.04452	0.02213	0.02162	0.03840	0.00964	0.00766	0.00233	0.00785	0.00741	0.00759	0.01254

[dist]
# distance from previous block
# <min> <max>
0	1

[block]
