[name]
unknown

[dist]
# distance from previous block
# <min> <max>
0	16

[block]
# block no. 0 follows, 28 sequences, length 8
# corresponding to MSA columns:
# 16-23
name=unknown_A
#
# <colnr> <probs for GDERKNQSTAVLIFYWHMCP>
#	G	D	E	R	K	N	Q	S	T	A	V	L	I	F	Y	W	H	M	C	P
0	0.10107	0.00962	0.01241	0.01290	0.01550	0.00960	0.01113	0.01895	0.01689	0.13005	0.03383	0.06531	0.03436	0.01688	0.00900	0.00305	0.00650	0.47842	0.00681	0.00771
1	0.03079	0.01801	0.01834	0.01465	0.01992	0.15410	0.01181	0.12682	0.02270	0.47078	0.02354	0.02135	0.01544	0.00865	0.00715	0.00216	0.00784	0.00667	0.00769	0.01158
2	0.01194	0.00967	0.01022	0.01006	0.01080	0.06894	0.00674	0.01294	0.01179	0.01530	0.02080	0.03851	0.02231	0.46014	0.25143	0.00808	0.01154	0.00917	0.00418	0.00542
3	0.01040	0.00771	0.01128	0.01128	0.01244	0.00887	0.00859	0.01272	0.01156	0.01658	0.01984	0.03059	0.01906	0.12837	0.64309	0.01119	0.01814	0.00809	0.00395	0.00627
4	0.25688	0.08172	0.17579	0.01449	0.02038	0.04360	0.01425	0.15796	0.01804	0.02923	0.01363	0.01609	0.01068	0.01360	0.10130	0.00344	0.00961	0.00535	0.00453	0.00943
5	0.05786	0.01966	0.01854	0.01574	0.01947	0.16914	0.01255	0.24194	0.05599	0.02862	0.01571	0.01862	0.01275	0.01759	0.14609	0.00404	0.09038	0.00623	0.00515	0.04392
6	0.02105	0.05857	0.01886	0.01526	0.01904	0.18836	0.01216	0.23893	0.04956	0.02731	0.01670	0.02010	0.01377	0.02328	0.23819	0.00518	0.01289	0.00642	0.00509	0.00928
7	0.10876	0.09434	0.09714	0.01658	0.02115	0.07908	0.11628	0.05023	0.01519	0.02191	0.01478	0.01964	0.01258	0.02329	0.24943	0.00543	0.03548	0.00640	0.00388	0.00843

[dist]
# distance from previous block
# <min> <max>
14	29

[block]
# block no. 1 follows, 28 sequences, length 7
# corresponding to MSA columns:
# 57-63
name=unknown_B
#
# <colnr> <probs for GDERKNQSTAVLIFYWHMCP>
#	G	D	E	R	K	N	Q	S	T	A	V	L	I	F	Y	W	H	M	C	P
0	0.01616	0.01260	0.01442	0.01167	0.01591	0.01180	0.00900	0.16070	0.04839	0.02791	0.10449	0.10895	0.02485	0.08664	0.01004	0.00237	0.00576	0.00864	0.00585	0.31384
1	0.11438	0.01272	0.04224	0.06309	0.04105	0.01207	0.05585	0.05951	0.03229	0.12189	0.06516	0.07904	0.11628	0.01282	0.00792	0.00257	0.00663	0.13971	0.00620	0.00860
2	0.02205	0.10791	0.01974	0.01397	0.01853	0.05929	0.01146	0.23886	0.07071	0.12259	0.02044	0.07351	0.01674	0.01491	0.09329	0.00326	0.00873	0.00742	0.02682	0.04977
3	0.01241	0.10209	0.01736	0.01297	0.01510	0.01268	0.05863	0.01486	0.01289	0.01787	0.06398	0.02938	0.02057	0.13675	0.38409	0.00787	0.06148	0.00802	0.00409	0.00692
4	0.07064	0.02105	0.04615	0.01631	0.02149	0.13536	0.05780	0.35685	0.02579	0.03494	0.01627	0.01759	0.01212	0.00803	0.00673	0.00206	0.00845	0.00613	0.10362	0.03259
5	0.08784	0.06861	0.02035	0.01500	0.02019	0.08494	0.01234	0.42157	0.02691	0.03687	0.01594	0.01701	0.01198	0.00997	0.03566	0.00242	0.00836	0.00592	0.04562	0.05249
6	0.01359	0.01167	0.01416	0.01325	0.01481	0.06424	0.01034	0.06266	0.01384	0.01894	0.01769	0.02629	0.01657	0.08888	0.47888	0.00888	0.10666	0.00747	0.00407	0.00710

[dist]
# distance from previous block
# <min> <max>
21	75

[block]
# block no. 2 follows, 28 sequences, length 12
# corresponding to MSA columns:
# 152-163
name=unknown_C
#
# <colnr> <probs for GDERKNQSTAVLIFYWHMCP>
#	G	D	E	R	K	N	Q	S	T	A	V	L	I	F	Y	W	H	M	C	P
0	0.01977	0.01229	0.01507	0.01245	0.01639	0.01211	0.01001	0.13262	0.06183	0.18909	0.24662	0.03470	0.03408	0.01121	0.00831	0.00222	0.03502	0.03897	0.00739	0.09986
1	0.01989	0.01562	0.01823	0.01519	0.01879	0.01775	0.01223	0.31831	0.07792	0.03193	0.01977	0.10277	0.01747	0.01652	0.09744	0.00356	0.12398	0.00830	0.00597	0.05834
2	0.04433	0.01836	0.01738	0.01491	0.01932	0.11641	0.01175	0.16219	0.33648	0.09674	0.02356	0.02254	0.01738	0.00904	0.00702	0.00225	0.00714	0.00708	0.05521	0.01093
3	0.01570	0.01105	0.01285	0.01152	0.01379	0.01187	0.00873	0.19948	0.01891	0.02618	0.05837	0.03700	0.02381	0.24310	0.14698	0.00548	0.00905	0.06275	0.07581	0.00757
4	0.02203	0.01713	0.01966	0.01823	0.09822	0.01859	0.01317	0.39222	0.12964	0.03724	0.07208	0.02656	0.08238	0.00999	0.00750	0.00226	0.00700	0.00809	0.00687	0.01116
5	0.01705	0.10834	0.37061	0.02083	0.06855	0.12055	0.05607	0.02262	0.01587	0.02105	0.01394	0.05725	0.01177	0.00815	0.00797	0.00225	0.05758	0.00631	0.00346	0.00978
6	0.01962	0.01435	0.01663	0.01221	0.01845	0.01239	0.00990	0.15216	0.01957	0.10685	0.01565	0.01667	0.01192	0.00647	0.00599	0.00143	0.00600	0.00510	0.00544	0.54318
7	0.01911	0.06806	0.06259	0.05083	0.37031	0.13462	0.03728	0.02288	0.01722	0.05366	0.01930	0.02186	0.07500	0.00790	0.00708	0.00213	0.00901	0.00687	0.00410	0.01020
8	0.01484	0.01114	0.01356	0.01243	0.01441	0.01223	0.00940	0.18266	0.01891	0.02585	0.09582	0.24437	0.03124	0.10525	0.10869	0.00436	0.06891	0.01212	0.00606	0.00775
9	0.01024	0.00793	0.00897	0.00875	0.01077	0.00724	0.00643	0.04675	0.01797	0.02329	0.24100	0.14526	0.36041	0.05972	0.01026	0.00272	0.00410	0.01463	0.00700	0.00654
10	0.05992	0.02055	0.24820	0.01680	0.02247	0.01394	0.09502	0.02135	0.08667	0.04350	0.08989	0.06576	0.02226	0.07426	0.04813	0.00332	0.02530	0.02884	0.00485	0.00897
11	0.01253	0.01123	0.01298	0.01265	0.01414	0.09117	0.00976	0.01497	0.01339	0.01791	0.06339	0.06568	0.02159	0.04254	0.51251	0.00901	0.05513	0.00839	0.00426	0.00679

[dist]
# distance from previous block
# <min> <max>
2	12

[block]
# block no. 3 follows, 28 sequences, length 11
# corresponding to MSA columns:
# 176-186
name=unknown_D
#
# <colnr> <probs for GDERKNQSTAVLIFYWHMCP>
#	G	D	E	R	K	N	Q	S	T	A	V	L	I	F	Y	W	H	M	C	P
0	0.09051	0.01123	0.01355	0.01292	0.03950	0.01163	0.00945	0.13830	0.01835	0.09866	0.07469	0.21638	0.02780	0.05762	0.12015	0.00412	0.00793	0.01097	0.00621	0.03001
1	0.01709	0.03986	0.18146	0.02024	0.08347	0.01626	0.09206	0.08287	0.01724	0.04704	0.03344	0.02210	0.01435	0.00860	0.00932	0.00223	0.10356	0.05028	0.00440	0.15411
2	0.01937	0.01509	0.01653	0.01399	0.01877	0.01611	0.01103	0.07037	0.46547	0.09058	0.02574	0.02413	0.01915	0.00889	0.00701	0.00217	0.00585	0.00732	0.00696	0.15548
3	0.04536	0.01747	0.03266	0.14235	0.05931	0.01806	0.36835	0.06023	0.01677	0.02360	0.01371	0.01844	0.01061	0.00717	0.00955	0.00241	0.08830	0.00738	0.00383	0.05444
4	0.01195	0.00946	0.01022	0.01012	0.01099	0.05037	0.00677	0.01434	0.06393	0.01657	0.02339	0.09723	0.02504	0.42972	0.18226	0.00708	0.00985	0.01026	0.00468	0.00578
5	0.01329	0.01011	0.01183	0.03419	0.01430	0.01021	0.00852	0.12211	0.05448	0.02709	0.24714	0.08714	0.19519	0.07185	0.01062	0.00281	0.00513	0.05942	0.00696	0.00761
6	0.00892	0.00738	0.00782	0.00771	0.01002	0.00628	0.00578	0.01107	0.01734	0.02148	0.19396	0.06693	0.57478	0.01772	0.00859	0.00242	0.00363	0.01492	0.00699	0.00628
7	0.02485	0.01863	0.02072	0.01634	0.02122	0.02103	0.01345	0.55281	0.02997	0.04050	0.01709	0.01857	0.01280	0.01411	0.08718	0.00331	0.06276	0.00667	0.00659	0.01138
8	0.01262	0.00995	0.01245	0.06432	0.01561	0.05060	0.00968	0.01546	0.01317	0.01937	0.01890	0.02595	0.01665	0.03569	0.42506	0.00773	0.05482	0.00720	0.17791	0.00686
9	0.02518	0.02066	0.02084	0.01742	0.04933	0.10753	0.01356	0.48152	0.02901	0.03799	0.01644	0.01766	0.01232	0.01184	0.06187	0.00282	0.00942	0.00629	0.00626	0.05203
10	0.01687	0.01561	0.05163	0.01578	0.07676	0.09058	0.01165	0.05131	0.17343	0.06704	0.30354	0.03498	0.03792	0.01114	0.00774	0.00226	0.00623	0.00946	0.00677	0.00926

[dist]
# distance from previous block
# <min> <max>
5	18

[block]
# block no. 4 follows, 28 sequences, length 43
# corresponding to MSA columns:
# 208-250
name=unknown_E
#
# <colnr> <probs for GDERKNQSTAVLIFYWHMCP>
#	G	D	E	R	K	N	Q	S	T	A	V	L	I	F	Y	W	H	M	C	P
0	0.01605	0.20940	0.29913	0.01651	0.02353	0.04867	0.05936	0.02115	0.01638	0.04199	0.10445	0.05126	0.04486	0.00888	0.00682	0.00213	0.00858	0.00723	0.00425	0.00940
1	0.01056	0.00711	0.00825	0.00825	0.00836	0.00722	0.00480	0.01077	0.01066	0.01433	0.02261	0.04596	0.02573	0.68615	0.09443	0.00744	0.00810	0.01034	0.00436	0.00458
2	0.01635	0.27604	0.45453	0.01890	0.05415	0.02089	0.02182	0.02257	0.01520	0.02106	0.01208	0.01421	0.00934	0.00666	0.00616	0.00204	0.00966	0.00492	0.00310	0.01030
3	0.01510	0.11364	0.63538	0.01983	0.03009	0.01815	0.02532	0.02289	0.01529	0.02239	0.01273	0.01495	0.00922	0.00683	0.00667	0.00222	0.01043	0.00521	0.00307	0.01059
4	0.01052	0.00774	0.01146	0.01146	0.01278	0.00898	0.00891	0.01316	0.01184	0.01733	0.01966	0.02849	0.01819	0.05247	0.68418	0.01124	0.01876	0.00774	0.03857	0.00650
5	0.02000	0.69631	0.03680	0.01290	0.01894	0.07932	0.01256	0.02230	0.01520	0.01715	0.01019	0.01177	0.00933	0.00631	0.00480	0.00158	0.00817	0.00395	0.00316	0.00926
6	0.01608	0.01356	0.01560	0.01137	0.01767	0.01098	0.00911	0.06402	0.04951	0.02553	0.01405	0.01583	0.01144	0.00583	0.00561	0.00122	0.00558	0.00465	0.00466	0.69769
7	0.01807	0.01574	0.01740	0.01699	0.06900	0.01802	0.01230	0.03742	0.63676	0.02992	0.02841	0.02645	0.02140	0.00961	0.00738	0.00244	0.00597	0.00809	0.00712	0.01151
8	0.01507	0.01292	0.01507	0.01077	0.01723	0.00969	0.00861	0.01830	0.01507	0.02369	0.01292	0.01507	0.01077	0.00538	0.00538	0.00108	0.00538	0.00431	0.00431	0.78898
9	0.01040	0.00773	0.01141	0.01141	0.01261	0.00894	0.00874	0.01280	0.01160	0.01667	0.01972	0.02996	0.01878	0.10533	0.66575	0.01134	0.01856	0.00799	0.00393	0.00634
10	0.56247	0.11705	0.01764	0.01198	0.01704	0.01823	0.05786	0.05148	0.01440	0.05980	0.01160	0.01318	0.00895	0.00682	0.00507	0.00216	0.00654	0.00454	0.00457	0.00862
11	0.79588	0.01406	0.01068	0.00956	0.01406	0.01631	0.00787	0.02137	0.01237	0.03261	0.01012	0.01181	0.00787	0.00675	0.00450	0.00225	0.00562	0.00394	0.00450	0.00787
12	0.79588	0.01406	0.01068	0.00956	0.01406	0.01631	0.00787	0.02137	0.01237	0.03261	0.01012	0.01181	0.00787	0.00675	0.00450	0.00225	0.00562	0.00394	0.00450	0.00787
13	0.01040	0.00771	0.01129	0.01129	0.01246	0.00888	0.00860	0.01273	0.01157	0.01659	0.01982	0.03052	0.01902	0.12572	0.64570	0.01120	0.01819	0.00808	0.00395	0.00627
14	0.02013	0.68594	0.03662	0.01289	0.01899	0.05623	0.01257	0.05262	0.01591	0.01847	0.01050	0.01199	0.00947	0.00639	0.00486	0.00160	0.00800	0.00404	0.00333	0.00943
15	0.01142	0.00920	0.01236	0.01116	0.01419	0.00805	0.06207	0.01406	0.01659	0.04402	0.08578	0.12384	0.34199	0.01618	0.00850	0.00248	0.00517	0.11548	0.00637	0.09109
16	0.02214	0.13826	0.01982	0.01307	0.01735	0.01577	0.01097	0.10906	0.06308	0.24391	0.16171	0.02738	0.02602	0.01160	0.03257	0.00253	0.05993	0.00785	0.00686	0.01012
17	0.01981	0.01756	0.12291	0.01966	0.02562	0.01369	0.24009	0.04618	0.01809	0.21240	0.04834	0.13972	0.02100	0.01018	0.00806	0.00244	0.00856	0.00985	0.00585	0.00999
18	0.01712	0.01503	0.01782	0.01705	0.06898	0.01679	0.04269	0.03388	0.53287	0.02911	0.07788	0.02962	0.04846	0.01011	0.00757	0.00243	0.00603	0.00872	0.00696	0.01089
19	0.01038	0.00779	0.01168	0.01168	0.01298	0.00909	0.00909	0.01298	0.01168	0.01687	0.01947	0.02856	0.01817	0.05452	0.71573	0.01168	0.01947	0.00779	0.00389	0.00649
20	0.79588	0.01406	0.01068	0.00956	0.01406	0.01631	0.00787	0.02137	0.01237	0.03261	0.01012	0.01181	0.00787	0.00675	0.00450	0.00225	0.00562	0.00394	0.00450	0.00787
21	0.01784	0.01816	0.05920	0.04357	0.66992	0.01725	0.02251	0.02234	0.01650	0.02372	0.01365	0.01787	0.01141	0.00650	0.00718	0.00217	0.00873	0.00643	0.00357	0.01148
22	0.01609	0.01316	0.01537	0.01105	0.01746	0.01017	0.00886	0.04166	0.01593	0.04718	0.01360	0.01548	0.01106	0.00562	0.00551	0.00115	0.00550	0.00448	0.00457	0.73609
23	0.00886	0.00633	0.00843	0.01012	0.01054	0.00590	0.00675	0.01012	0.01392	0.01856	0.04006	0.73979	0.04808	0.02277	0.00928	0.00295	0.00422	0.02066	0.00675	0.00590
24	0.01690	0.01413	0.01685	0.01244	0.01856	0.01205	0.03213	0.11551	0.04142	0.02700	0.01510	0.03918	0.01260	0.00661	0.00597	0.00139	0.00598	0.00544	0.00491	0.59581
25	0.01593	0.01311	0.01606	0.01151	0.01796	0.01002	0.03041	0.01923	0.01540	0.05418	0.01368	0.01565	0.01110	0.00557	0.00557	0.00117	0.00564	0.00458	0.00450	0.72870
26	0.02763	0.02036	0.02182	0.01672	0.02254	0.02254	0.01382	0.67496	0.03418	0.04581	0.01745	0.01745	0.01236	0.00873	0.00727	0.00218	0.00800	0.00654	0.00727	0.01236
27	0.01943	0.28827	0.18143	0.01533	0.02142	0.16432	0.01526	0.02384	0.04006	0.05444	0.09525	0.01912	0.01732	0.00794	0.00626	0.00194	0.00888	0.00582	0.00426	0.00939
28	0.05993	0.08631	0.43085	0.02273	0.11508	0.01770	0.06926	0.02375	0.03491	0.05328	0.01401	0.01626	0.01033	0.00691	0.00679	0.00224	0.00972	0.00571	0.00365	0.01060
29	0.01248	0.01074	0.01108	0.01041	0.01354	0.01103	0.00797	0.02197	0.29064	0.02405	0.05560	0.05242	0.42031	0.01491	0.00810	0.00246	0.00453	0.01243	0.00701	0.00833
30	0.01355	0.00678	0.00678	0.00678	0.00847	0.00678	0.00508	0.01694	0.01524	0.02710	0.02371	0.02710	0.01863	0.00847	0.00508	0.00169	0.00339	0.00678	0.78489	0.00678
31	0.01085	0.00848	0.01258	0.01231	0.01350	0.01021	0.00967	0.01337	0.01164	0.01693	0.01862	0.02748	0.01744	0.05095	0.65673	0.01096	0.08017	0.00767	0.00383	0.00661
32	0.01507	0.01292	0.01507	0.01077	0.01723	0.00969	0.00861	0.01830	0.01507	0.02369	0.01292	0.01507	0.01077	0.00538	0.00538	0.00108	0.00538	0.00431	0.00431	0.78898
33	0.01489	0.01290	0.01905	0.43531	0.03624	0.01482	0.01594	0.07495	0.01615	0.02213	0.01565	0.06839	0.01324	0.00853	0.00782	0.00224	0.04381	0.00715	0.05034	0.12045
34	0.06287	0.04354	0.02152	0.01625	0.02186	0.04932	0.01340	0.56987	0.06123	0.04250	0.01718	0.01727	0.01238	0.00856	0.00704	0.00217	0.00798	0.00634	0.00688	0.01186
35	0.16734	0.01675	0.01729	0.01668	0.08602	0.06399	0.01196	0.17810	0.19072	0.05383	0.08347	0.02394	0.04100	0.00922	0.00689	0.00226	0.00677	0.00726	0.00628	0.01024
36	0.10942	0.01443	0.01679	0.01319	0.01840	0.01415	0.03904	0.17216	0.07576	0.12963	0.04287	0.04350	0.06606	0.00897	0.00674	0.00200	0.00624	0.00726	0.00628	0.20711
37	0.03988	0.19652	0.04751	0.03985	0.13109	0.04417	0.03512	0.18984	0.02058	0.02770	0.04837	0.04957	0.01527	0.00810	0.00654	0.00198	0.00781	0.00653	0.00485	0.07872
38	0.02125	0.01731	0.02049	0.01582	0.02098	0.04795	0.06151	0.29360	0.02347	0.05375	0.04264	0.04192	0.01499	0.00863	0.00840	0.00201	0.07108	0.00674	0.00575	0.22173
39	0.10297	0.07707	0.01839	0.01477	0.04002	0.22656	0.01136	0.10054	0.01998	0.12765	0.04616	0.02444	0.10564	0.00928	0.00670	0.00204	0.00817	0.00692	0.00555	0.04576
40	0.17447	0.07941	0.01859	0.01683	0.12210	0.01499	0.01162	0.08441	0.03569	0.16229	0.07519	0.07367	0.01964	0.00912	0.00659	0.00213	0.00631	0.00738	0.00591	0.07365
41	0.01526	0.06993	0.01546	0.01175	0.01558	0.01115	0.02597	0.04751	0.06178	0.08273	0.05056	0.26833	0.05094	0.01298	0.00736	0.00213	0.00544	0.01131	0.00600	0.22783
42	0.01807	0.01537	0.01653	0.01350	0.04088	0.05773	0.01022	0.16750	0.01962	0.02752	0.01778	0.05476	0.03762	0.04077	0.00767	0.00182	0.00654	0.00639	0.00513	0.43457

[dist]
# distance from previous block
# <min> <max>
63	158

[block]
# block no. 5 follows, 28 sequences, length 9
# corresponding to MSA columns:
# 428-436
name=unknown_F
#
# <colnr> <probs for GDERKNQSTAVLIFYWHMCP>
#	G	D	E	R	K	N	Q	S	T	A	V	L	I	F	Y	W	H	M	C	P
0	0.01473	0.01669	0.08194	0.02141	0.02724	0.01411	0.34398	0.01977	0.01655	0.02338	0.12034	0.02522	0.02070	0.01380	0.10100	0.00345	0.01081	0.00837	0.00441	0.11210
1	0.01513	0.07453	0.01451	0.01084	0.01470	0.01147	0.00869	0.02052	0.12268	0.09243	0.09693	0.03903	0.18955	0.03826	0.05157	0.00283	0.00609	0.03131	0.00618	0.15276
2	0.01540	0.01398	0.01949	0.01392	0.02052	0.01107	0.11400	0.01909	0.01540	0.02362	0.01320	0.01579	0.01081	0.00550	0.00589	0.00129	0.00647	0.00498	0.00421	0.66534
3	0.01767	0.01359	0.01631	0.01357	0.01653	0.01501	0.01065	0.22561	0.01891	0.02641	0.01625	0.02346	0.01468	0.13051	0.11329	0.07238	0.12366	0.00697	0.00494	0.11961
4	0.67493	0.01770	0.11846	0.01129	0.01675	0.01640	0.01081	0.02162	0.01283	0.03113	0.01057	0.01236	0.00808	0.00677	0.00487	0.00226	0.00642	0.00416	0.00428	0.00832
5	0.01344	0.00967	0.01278	0.01198	0.01403	0.01098	0.00943	0.11811	0.01560	0.02250	0.01958	0.02665	0.01730	0.04257	0.53104	0.00916	0.01601	0.00749	0.08423	0.00745
6	0.61038	0.01558	0.01337	0.01129	0.01611	0.01781	0.00931	0.17919	0.01764	0.03580	0.01189	0.01317	0.00896	0.00723	0.00517	0.00223	0.00620	0.00457	0.00517	0.00896
7	0.01334	0.01015	0.01216	0.01132	0.01406	0.00946	0.00832	0.11759	0.01741	0.02412	0.02992	0.45019	0.03340	0.01635	0.00802	0.00238	0.00510	0.01447	0.00624	0.19601
8	0.01585	0.22314	0.53242	0.01856	0.02812	0.01998	0.02310	0.02269	0.01520	0.02148	0.01228	0.01439	0.00924	0.00673	0.00632	0.00211	0.00997	0.00498	0.00308	0.01037

[dist]
# distance from previous block
# <min> <max>
0	1

[block]
# block no. 6 follows, 28 sequences, length 10
# corresponding to MSA columns:
# 438-447
name=unknown_G
#
# <colnr> <probs for GDERKNQSTAVLIFYWHMCP>
#	G	D	E	R	K	N	Q	S	T	A	V	L	I	F	Y	W	H	M	C	P
0	0.02647	0.01228	0.01578	0.01263	0.01735	0.01148	0.01023	0.08219	0.07843	0.45821	0.16246	0.03033	0.02812	0.01023	0.00757	0.00227	0.00574	0.00850	0.00852	0.01118
1	0.01178	0.00882	0.01104	0.01156	0.01353	0.00884	0.00937	0.01668	0.10720	0.02286	0.13373	0.09576	0.15128	0.01815	0.01040	0.05446	0.00546	0.29531	0.00675	0.00700
2	0.01985	0.60497	0.09687	0.01389	0.02024	0.10397	0.01393	0.02269	0.01547	0.01772	0.01050	0.01216	0.00932	0.00642	0.00508	0.00166	0.00864	0.00411	0.00318	0.00936
3	0.00902	0.00684	0.00844	0.00935	0.01047	0.00638	0.00653	0.01055	0.01433	0.01850	0.04731	0.42442	0.24258	0.05720	0.08879	0.00395	0.00587	0.01715	0.00633	0.00597
4	0.01355	0.00678	0.00678	0.00678	0.00847	0.00678	0.00508	0.01694	0.01524	0.02710	0.02371	0.02710	0.01863	0.00847	0.00508	0.00169	0.00339	0.00678	0.78489	0.00678
5	0.01541	0.15993	0.59186	0.01929	0.02926	0.01892	0.02438	0.02280	0.01525	0.02200	0.01254	0.01471	0.00923	0.00679	0.00652	0.00217	0.01023	0.00512	0.00308	0.01050
6	0.19532	0.01851	0.01760	0.01429	0.01908	0.08194	0.01158	0.38215	0.02628	0.03809	0.10699	0.02079	0.01870	0.00901	0.00677	0.00218	0.00732	0.00669	0.00644	0.01027
7	0.00890	0.00685	0.00815	0.00893	0.01029	0.00610	0.00628	0.01063	0.01567	0.02011	0.12298	0.40256	0.30606	0.02021	0.00893	0.00268	0.00392	0.01776	0.00688	0.00610
8	0.01020	0.00689	0.00804	0.00840	0.00850	0.00680	0.00491	0.01047	0.01130	0.01506	0.02663	0.19807	0.03113	0.58761	0.03097	0.00616	0.00643	0.01277	0.00491	0.00473
9	0.79588	0.01406	0.01068	0.00956	0.01406	0.01631	0.00787	0.02137	0.01237	0.03261	0.01012	0.01181	0.00787	0.00675	0.00450	0.00225	0.00562	0.00394	0.00450	0.00787

[dist]
# distance from previous block
# <min> <max>
0	1

[block]
# block no. 7 follows, 28 sequences, length 15
# corresponding to MSA columns:
# 449-463
name=unknown_H
#
# <colnr> <probs for GDERKNQSTAVLIFYWHMCP>
#	G	D	E	R	K	N	Q	S	T	A	V	L	I	F	Y	W	H	M	C	P
0	0.01224	0.00997	0.01320	0.01267	0.01421	0.03835	0.00994	0.04649	0.01311	0.01837	0.01842	0.02661	0.01700	0.04779	0.60958	0.01030	0.06329	0.00752	0.00401	0.00695
1	0.01219	0.00647	0.00914	0.00914	0.00914	0.00647	0.00591	0.00970	0.00970	0.01294	0.01481	0.02752	0.01556	0.17832	0.03024	0.62221	0.00647	0.00722	0.00342	0.00342
2	0.01507	0.01292	0.01507	0.01077	0.01723	0.00969	0.00861	0.01830	0.01507	0.02369	0.01292	0.01507	0.01077	0.00538	0.00538	0.00108	0.00538	0.00431	0.00431	0.78898
3	0.01355	0.00678	0.00678	0.00678	0.00847	0.00678	0.00508	0.01694	0.01524	0.02710	0.02371	0.02710	0.01863	0.00847	0.00508	0.00169	0.00339	0.00678	0.78489	0.00678
4	0.00921	0.00657	0.00851	0.00965	0.01037	0.00610	0.00654	0.01056	0.01462	0.01948	0.11753	0.54579	0.10560	0.05062	0.01097	0.03269	0.00427	0.01837	0.00666	0.00587
5	0.02375	0.03770	0.05533	0.01355	0.01812	0.01336	0.01143	0.18070	0.02122	0.29696	0.02482	0.13410	0.02029	0.01465	0.05311	0.04712	0.00746	0.00897	0.00706	0.01028
6	0.01574	0.01497	0.02543	0.40555	0.35588	0.01668	0.02119	0.02033	0.01548	0.02101	0.01327	0.01873	0.01055	0.00689	0.00723	0.00230	0.00919	0.00647	0.00340	0.00970
7	0.01854	0.08896	0.10066	0.05740	0.04840	0.12481	0.07284	0.04791	0.01738	0.09031	0.02301	0.02905	0.07994	0.01358	0.06547	0.00308	0.03645	0.06843	0.00480	0.00900
8	0.01901	0.02005	0.05508	0.12155	0.32762	0.16166	0.01822	0.02326	0.03855	0.04850	0.01545	0.04124	0.01315	0.03252	0.03108	0.00264	0.00978	0.00675	0.00403	0.00986
9	0.01617	0.01643	0.02795	0.37518	0.21790	0.05020	0.14958	0.02099	0.01588	0.02084	0.01339	0.01876	0.01042	0.00684	0.00747	0.00233	0.01008	0.00680	0.00344	0.00934
10	0.05130	0.01715	0.13082	0.40281	0.08898	0.01568	0.07037	0.01937	0.01471	0.02059	0.01448	0.04728	0.01181	0.01061	0.05168	0.00298	0.01018	0.00698	0.00351	0.00869
11	0.14066	0.01813	0.06103	0.12377	0.05842	0.09200	0.15433	0.04318	0.06320	0.05179	0.05432	0.04922	0.01613	0.00984	0.03091	0.00263	0.00927	0.00741	0.00467	0.00909
12	0.04882	0.07170	0.12109	0.01755	0.07770	0.18838	0.01436	0.04323	0.01664	0.02201	0.01646	0.04378	0.01451	0.01298	0.07050	0.00300	0.05514	0.03789	0.11565	0.00861
13	0.10365	0.17833	0.07578	0.01472	0.01932	0.05541	0.11439	0.01968	0.01510	0.02240	0.04130	0.05800	0.01625	0.01402	0.09548	0.00325	0.00919	0.00697	0.12851	0.00826
14	0.08713	0.04148	0.20700	0.08928	0.05548	0.09939	0.03663	0.02141	0.03714	0.02337	0.07071	0.04742	0.01702	0.00876	0.00770	0.00225	0.04909	0.00688	0.08299	0.00887

[dist]
# distance from previous block
# <min> <max>
4	16

[block]
# block no. 8 follows, 28 sequences, length 22
# corresponding to MSA columns:
# 480-501
name=unknown_I
#
# <colnr> <probs for GDERKNQSTAVLIFYWHMCP>
#	G	D	E	R	K	N	Q	S	T	A	V	L	I	F	Y	W	H	M	C	P
0	0.10916	0.16960	0.10914	0.05603	0.02280	0.06600	0.03809	0.16884	0.01915	0.02698	0.01338	0.01616	0.01077	0.03016	0.02434	0.00237	0.02685	0.00544	0.00444	0.08028
1	0.04846	0.05032	0.02080	0.24557	0.09053	0.15937	0.01537	0.13467	0.01950	0.04145	0.01476	0.01800	0.01134	0.00760	0.00667	0.00212	0.00900	0.00596	0.08930	0.00921
2	0.04668	0.12010	0.08453	0.06639	0.02271	0.11190	0.06149	0.09893	0.01741	0.02326	0.03883	0.01913	0.01364	0.01455	0.10450	0.00348	0.09318	0.00627	0.04419	0.00883
3	0.07478	0.05394	0.12731	0.03161	0.02120	0.16682	0.01421	0.14573	0.08045	0.02667	0.01980	0.10393	0.01792	0.01039	0.00713	0.00230	0.00855	0.05282	0.02507	0.00935
4	0.02062	0.30179	0.10523	0.01496	0.02042	0.17429	0.01392	0.11389	0.01861	0.02257	0.01333	0.01554	0.01104	0.01094	0.06268	0.00262	0.00998	0.00510	0.05314	0.00933
5	0.01430	0.01320	0.02184	0.04284	0.02292	0.01164	0.20514	0.01813	0.01560	0.02253	0.02028	0.14265	0.01960	0.00976	0.00737	0.00204	0.00739	0.05506	0.03852	0.30918
6	0.01271	0.00635	0.00923	0.00923	0.00938	0.00635	0.00620	0.01015	0.00999	0.01394	0.01363	0.02255	0.01317	0.02373	0.02630	0.71724	0.00605	0.00635	0.07397	0.00348
7	0.01713	0.02183	0.16819	0.03694	0.42869	0.01742	0.15752	0.02265	0.01643	0.02351	0.01376	0.01779	0.01095	0.00649	0.00742	0.00225	0.00981	0.00669	0.00351	0.01101
8	0.28648	0.01743	0.08722	0.01335	0.01835	0.01719	0.01175	0.10831	0.26087	0.03209	0.01927	0.01941	0.01445	0.00825	0.00619	0.00229	0.00636	0.00615	0.05460	0.00998
9	0.02147	0.01436	0.01591	0.01366	0.01797	0.01565	0.01081	0.09377	0.41063	0.17216	0.02761	0.02574	0.02001	0.00942	0.00710	0.00231	0.00578	0.00771	0.09672	0.01122
10	0.02979	0.01436	0.05482	0.01356	0.01927	0.01212	0.01170	0.10471	0.02198	0.55488	0.06480	0.02511	0.01979	0.00919	0.00736	0.00225	0.00648	0.00745	0.00842	0.01196
11	0.01970	0.56713	0.12873	0.01407	0.02087	0.02641	0.01459	0.09671	0.01707	0.02121	0.01135	0.01283	0.00966	0.00660	0.00527	0.00173	0.00821	0.00440	0.00358	0.00987
12	0.01074	0.00793	0.01151	0.01142	0.01263	0.00924	0.00880	0.01321	0.01181	0.01733	0.01960	0.02914	0.01839	0.08843	0.61704	0.01060	0.03922	0.00784	0.04868	0.00644
13	0.00879	0.00660	0.00816	0.00940	0.01035	0.00596	0.00643	0.01020	0.01461	0.01884	0.04879	0.56574	0.21650	0.02164	0.00910	0.00282	0.00408	0.01928	0.00675	0.00596
14	0.01057	0.00705	0.00793	0.00793	0.00793	0.00705	0.00440	0.01057	0.01057	0.01409	0.02290	0.04757	0.02643	0.74454	0.03700	0.00705	0.00705	0.01057	0.00440	0.00440
15	0.79588	0.01406	0.01068	0.00956	0.01406	0.01631	0.00787	0.02137	0.01237	0.03261	0.01012	0.01181	0.00787	0.00675	0.00450	0.00225	0.00562	0.00394	0.00450	0.00787
16	0.07968	0.10401	0.02193	0.01601	0.02108	0.19258	0.01304	0.32453	0.10176	0.03303	0.01598	0.01645	0.01210	0.00813	0.00662	0.00207	0.00881	0.00580	0.00576	0.01064
17	0.02090	0.01684	0.01998	0.01777	0.09771	0.01704	0.01288	0.29594	0.06156	0.03308	0.01571	0.01714	0.01212	0.00752	0.00738	0.00185	0.04153	0.00582	0.00560	0.29163
18	0.01418	0.04238	0.06259	0.01284	0.01558	0.15184	0.01060	0.01689	0.01515	0.01878	0.08462	0.03198	0.09807	0.06880	0.31592	0.00652	0.01323	0.00835	0.00450	0.00717
19	0.17768	0.01342	0.01445	0.01113	0.01686	0.01209	0.00894	0.02247	0.09173	0.07428	0.01536	0.01646	0.01199	0.00643	0.00557	0.00156	0.00553	0.00489	0.00503	0.48413
20	0.01184	0.01088	0.06230	0.01564	0.09243	0.01036	0.01149	0.01511	0.01282	0.01902	0.01874	0.02628	0.01682	0.04149	0.52027	0.00903	0.01616	0.00738	0.07455	0.00739
21	0.50537	0.01326	0.01299	0.09255	0.01888	0.01494	0.00990	0.02307	0.05082	0.11576	0.01615	0.05200	0.01308	0.00842	0.00573	0.00235	0.00613	0.02482	0.00526	0.00854

[dist]
# distance from previous block
# <min> <max>
0	53

# created by:
# /st0/software/busco_prod/Augustus/scripts/msa2prfl.pl ./align_prep/112948.fa
