[name]
unknown

[dist]
# distance from previous block
# <min> <max>
15	21

[block]
# block no. 0 follows, 29 sequences, length 66
# corresponding to MSA columns:
# 24-89
name=unknown_A
#
# <colnr> <probs for GDERKNQSTAVLIFYWHMCP>
#	G	D	E	R	K	N	Q	S	T	A	V	L	I	F	Y	W	H	M	C	P
0	0.02517	0.02026	0.05305	0.01706	0.02268	0.02148	0.03711	0.56839	0.06079	0.04111	0.01698	0.01743	0.01223	0.00862	0.00793	0.00221	0.04268	0.00649	0.00663	0.01171
1	0.09114	0.15965	0.43036	0.01686	0.02511	0.01846	0.01988	0.05383	0.04630	0.02406	0.04243	0.01631	0.01213	0.00718	0.00626	0.00212	0.00887	0.00537	0.00374	0.00995
2	0.01112	0.00817	0.01029	0.00959	0.01156	0.00784	0.00732	0.04440	0.04498	0.02876	0.60064	0.05211	0.08343	0.01441	0.00835	0.00229	0.00377	0.03619	0.00770	0.00710
3	0.01733	0.09085	0.29040	0.02205	0.02923	0.11918	0.21646	0.02285	0.01585	0.02088	0.01243	0.01570	0.00961	0.00711	0.00860	0.00226	0.08031	0.00607	0.00329	0.00955
4	0.02319	0.01677	0.01860	0.01425	0.01986	0.01712	0.01162	0.40942	0.05021	0.08801	0.01793	0.04250	0.01366	0.00821	0.00670	0.00189	0.00681	0.00642	0.00646	0.22034
5	0.02189	0.01247	0.01468	0.01243	0.01674	0.01255	0.00988	0.03146	0.28831	0.30891	0.05702	0.03299	0.12733	0.01077	0.00743	0.00232	0.00542	0.00892	0.00781	0.01066
6	0.02363	0.01831	0.02001	0.01701	0.05175	0.02044	0.01318	0.44477	0.24467	0.03905	0.02075	0.02017	0.01517	0.00881	0.00716	0.00223	0.00716	0.00694	0.00700	0.01180
7	0.01036	0.00690	0.00777	0.00777	0.00777	0.00690	0.00431	0.01036	0.01036	0.01381	0.02244	0.04660	0.02589	0.74975	0.03624	0.00690	0.00690	0.01036	0.00431	0.00431
8	0.01664	0.01672	0.05087	0.18553	0.54625	0.01668	0.02158	0.02112	0.01576	0.02219	0.01322	0.01782	0.01083	0.00652	0.00705	0.00217	0.00874	0.00630	0.00343	0.01056
9	0.00872	0.00704	0.00769	0.00805	0.00992	0.00611	0.00588	0.01047	0.01567	0.01930	0.08953	0.20004	0.49729	0.04629	0.00964	0.00269	0.00393	0.03918	0.00658	0.00595
10	0.01104	0.00848	0.01025	0.00960	0.01171	0.00829	0.00726	0.01675	0.12066	0.02772	0.53163	0.05087	0.12998	0.01420	0.00823	0.00228	0.00373	0.01239	0.00762	0.00732
11	0.02660	0.03394	0.02018	0.01834	0.02201	0.72116	0.01376	0.02843	0.02018	0.01743	0.01101	0.01284	0.00917	0.00734	0.00642	0.00183	0.01284	0.00459	0.00367	0.00825
12	0.01633	0.01574	0.02722	0.25084	0.47721	0.01664	0.05096	0.02079	0.01564	0.02171	0.01322	0.01811	0.01072	0.00656	0.00713	0.00221	0.00893	0.00643	0.00342	0.01019
13	0.01327	0.00664	0.00664	0.00664	0.00830	0.00664	0.00498	0.01659	0.01493	0.02655	0.02323	0.02655	0.01825	0.00830	0.00498	0.00166	0.00332	0.00664	0.78928	0.00664
14	0.01353	0.01277	0.02138	0.70380	0.04782	0.01606	0.01961	0.01815	0.01410	0.01815	0.01252	0.01885	0.00949	0.00733	0.00778	0.00240	0.03887	0.00632	0.00316	0.00791
15	0.01601	0.01644	0.01939	0.12647	0.02275	0.12338	0.01457	0.01903	0.04044	0.01774	0.01266	0.01838	0.01137	0.01817	0.14406	0.00429	0.35726	0.00633	0.00350	0.00776
16	0.01758	0.01611	0.04259	0.01471	0.01898	0.01767	0.01184	0.03726	0.66671	0.02951	0.02837	0.02613	0.02125	0.00955	0.00723	0.00241	0.00582	0.00794	0.00708	0.01124
17	0.00912	0.00724	0.00819	0.00795	0.01005	0.00631	0.00597	0.01159	0.01790	0.02319	0.33934	0.06202	0.43277	0.01656	0.00841	0.00233	0.00350	0.01412	0.00713	0.00631
18	0.01237	0.00618	0.00928	0.00928	0.00928	0.00618	0.00618	0.00928	0.00928	0.01237	0.01237	0.02165	0.01237	0.02474	0.02783	0.79283	0.00618	0.00618	0.00309	0.00309
19	0.01477	0.01266	0.01477	0.01055	0.01687	0.00949	0.00844	0.01793	0.01477	0.02320	0.01266	0.01477	0.01055	0.00527	0.00527	0.00105	0.00527	0.00422	0.00422	0.79328
20	0.80005	0.01377	0.01047	0.00936	0.01377	0.01597	0.00771	0.02093	0.01212	0.03195	0.00991	0.01157	0.00771	0.00661	0.00441	0.00220	0.00551	0.00386	0.00441	0.00771
21	0.00905	0.00669	0.00804	0.00876	0.00973	0.00613	0.00592	0.01043	0.01438	0.01874	0.11236	0.38232	0.20988	0.14770	0.01360	0.00340	0.00441	0.01645	0.00633	0.00568
22	0.00868	0.00620	0.00826	0.00991	0.01033	0.00578	0.00661	0.00991	0.01363	0.01818	0.03925	0.74510	0.04710	0.02231	0.00909	0.00289	0.00413	0.02024	0.00661	0.00578
23	0.02446	0.01865	0.01990	0.01586	0.02109	0.02086	0.01290	0.50232	0.21699	0.04067	0.02041	0.01973	0.01479	0.00886	0.00716	0.00221	0.00722	0.00687	0.00716	0.01188
24	0.80005	0.01377	0.01047	0.00936	0.01377	0.01597	0.00771	0.02093	0.01212	0.03195	0.00991	0.01157	0.00771	0.00661	0.00441	0.00220	0.00551	0.00386	0.00441	0.00771
25	0.03195	0.01212	0.01652	0.01267	0.01818	0.01047	0.01047	0.03470	0.02038	0.71026	0.02809	0.02424	0.01763	0.00881	0.00716	0.00220	0.00606	0.00716	0.00881	0.01212
26	0.07844	0.22938	0.02346	0.01523	0.01970	0.34030	0.01240	0.02775	0.14905	0.02069	0.01412	0.01503	0.01151	0.00739	0.00592	0.00189	0.00945	0.00499	0.00425	0.00905
27	0.01977	0.01615	0.01965	0.23987	0.02936	0.01870	0.01475	0.26488	0.24155	0.03163	0.01957	0.02076	0.01442	0.00846	0.00716	0.00230	0.00764	0.00692	0.00592	0.01052
28	0.02293	0.01367	0.04242	0.01284	0.01888	0.01090	0.03726	0.02693	0.04649	0.34212	0.02059	0.01985	0.01426	0.00719	0.00641	0.00174	0.00612	0.00595	0.00641	0.33702
29	0.01522	0.01385	0.02206	0.01611	0.02205	0.01162	0.20371	0.01915	0.01596	0.04303	0.07521	0.04565	0.01711	0.00701	0.00665	0.00165	0.00705	0.00685	0.00457	0.44548
30	0.00894	0.00646	0.00847	0.00960	0.01036	0.00598	0.00658	0.01063	0.01506	0.02030	0.17321	0.57612	0.08074	0.02056	0.00892	0.00274	0.00395	0.01853	0.00686	0.00598
31	0.01968	0.01911	0.01684	0.01324	0.01875	0.20866	0.01038	0.07118	0.01790	0.05126	0.01316	0.01479	0.01057	0.00624	0.00581	0.00140	0.00760	0.00461	0.00447	0.48435
32	0.01705	0.01455	0.01584	0.01317	0.01808	0.01499	0.01036	0.05708	0.42615	0.02808	0.02273	0.02201	0.01739	0.00807	0.00654	0.00192	0.00560	0.00663	0.00617	0.28757
33	0.01771	0.01530	0.01610	0.01449	0.01852	0.01771	0.01127	0.03784	0.69247	0.02979	0.02898	0.02657	0.02174	0.00966	0.00725	0.00242	0.00564	0.00805	0.00725	0.01127
34	0.80005	0.01377	0.01047	0.00936	0.01377	0.01597	0.00771	0.02093	0.01212	0.03195	0.00991	0.01157	0.00771	0.00661	0.00441	0.00220	0.00551	0.00386	0.00441	0.00771
35	0.01036	0.00690	0.00777	0.00777	0.00777	0.00690	0.00431	0.01036	0.01036	0.01381	0.02244	0.04660	0.02589	0.74975	0.03624	0.00690	0.00690	0.01036	0.00431	0.00431
36	0.02116	0.01321	0.04145	0.12064	0.02197	0.01253	0.01190	0.10800	0.06620	0.26583	0.16081	0.02910	0.04474	0.00979	0.00735	0.00220	0.00629	0.00819	0.00699	0.04166
37	0.00868	0.00620	0.00826	0.00991	0.01033	0.00578	0.00661	0.00991	0.01363	0.01818	0.03925	0.74510	0.04710	0.02231	0.00909	0.00289	0.00413	0.02024	0.00661	0.00578
38	0.01902	0.01845	0.04820	0.08155	0.33092	0.09379	0.03621	0.09883	0.05056	0.04839	0.01658	0.06944	0.01416	0.00812	0.00712	0.00216	0.00849	0.00721	0.00452	0.03631
39	0.02084	0.01644	0.01910	0.12213	0.02439	0.01727	0.01287	0.34522	0.07775	0.03361	0.01613	0.01748	0.01205	0.00751	0.00662	0.00189	0.00719	0.00592	0.00573	0.22987
40	0.80005	0.01377	0.01047	0.00936	0.01377	0.01597	0.00771	0.02093	0.01212	0.03195	0.00991	0.01157	0.00771	0.00661	0.00441	0.00220	0.00551	0.00386	0.00441	0.00771
41	0.01792	0.01784	0.06571	0.04140	0.64583	0.01668	0.02172	0.02232	0.01629	0.04602	0.01385	0.01770	0.01137	0.00645	0.00704	0.00213	0.00849	0.00631	0.00367	0.01127
42	0.02707	0.01995	0.02137	0.01638	0.02208	0.02208	0.01353	0.68159	0.03348	0.04488	0.01710	0.01710	0.01211	0.00855	0.00712	0.00214	0.00784	0.00641	0.00712	0.01211
43	0.01542	0.01458	0.02464	0.34669	0.38208	0.01595	0.02021	0.01983	0.01553	0.02127	0.04581	0.01992	0.01315	0.00708	0.00714	0.00223	0.00867	0.00665	0.00357	0.00957
44	0.01799	0.01529	0.01611	0.01433	0.01841	0.01754	0.01119	0.08169	0.61912	0.03041	0.02990	0.02760	0.04856	0.00992	0.00728	0.00240	0.00571	0.00822	0.00721	0.01112
45	0.00911	0.00682	0.00846	0.00893	0.01027	0.00617	0.00636	0.01123	0.01656	0.02210	0.28117	0.33887	0.21084	0.01855	0.00868	0.00254	0.00373	0.01639	0.00704	0.00617
46	0.02029	0.01694	0.02171	0.10239	0.16727	0.05892	0.04640	0.14863	0.14213	0.08477	0.01787	0.01930	0.01342	0.00757	0.00693	0.00208	0.00780	0.00647	0.00537	0.10376
47	0.01031	0.00751	0.00874	0.00886	0.01092	0.00668	0.00681	0.01250	0.01658	0.05188	0.15528	0.11483	0.39427	0.05066	0.00988	0.00274	0.00432	0.11403	0.00678	0.00639
48	0.01477	0.01266	0.01477	0.01055	0.01687	0.00949	0.00844	0.01793	0.01477	0.02320	0.01266	0.01477	0.01055	0.00527	0.00527	0.00105	0.00527	0.00422	0.00422	0.79328
49	0.01921	0.01762	0.04112	0.19715	0.23556	0.12607	0.01699	0.02349	0.03771	0.11166	0.04552	0.02187	0.01500	0.00791	0.00708	0.00217	0.00868	0.02881	0.00456	0.03181
50	0.02770	0.01761	0.01985	0.01530	0.02081	0.01878	0.01262	0.50011	0.02952	0.20748	0.01987	0.01922	0.01366	0.01012	0.03113	0.00247	0.00778	0.00664	0.00743	0.01192
51	0.01237	0.00618	0.00928	0.00928	0.00928	0.00618	0.00618	0.00928	0.00928	0.01237	0.01237	0.02165	0.01237	0.02474	0.02783	0.79283	0.00618	0.00618	0.00309	0.00309
52	0.02707	0.01995	0.02137	0.01638	0.02208	0.02208	0.01353	0.68159	0.03348	0.04488	0.01710	0.01710	0.01211	0.00855	0.00712	0.00214	0.00784	0.00641	0.00712	0.01211
53	0.80005	0.01377	0.01047	0.00936	0.01377	0.01597	0.00771	0.02093	0.01212	0.03195	0.00991	0.01157	0.00771	0.00661	0.00441	0.00220	0.00551	0.00386	0.00441	0.00771
54	0.01345	0.01266	0.02136	0.73264	0.04904	0.01582	0.01978	0.01819	0.01424	0.01819	0.01266	0.01898	0.00949	0.00712	0.00712	0.00237	0.00949	0.00633	0.00316	0.00791
55	0.00919	0.00700	0.00849	0.00896	0.01051	0.00631	0.00660	0.01137	0.01654	0.02165	0.23304	0.26864	0.27900	0.01849	0.00872	0.00257	0.00393	0.06585	0.00695	0.00618
56	0.01237	0.00618	0.00928	0.00928	0.00928	0.00618	0.00618	0.00928	0.00928	0.01237	0.01237	0.02165	0.01237	0.02474	0.02783	0.79283	0.00618	0.00618	0.00309	0.00309
57	0.44259	0.01300	0.01329	0.01090	0.01582	0.01341	0.00899	0.02734	0.01596	0.34763	0.01837	0.01746	0.01233	0.00764	0.00569	0.00220	0.00576	0.00539	0.00646	0.00976
58	0.01345	0.01266	0.02136	0.73264	0.04904	0.01582	0.01978	0.01819	0.01424	0.01819	0.01266	0.01898	0.00949	0.00712	0.00712	0.00237	0.00949	0.00633	0.00316	0.00791
59	0.01818	0.01519	0.01612	0.01443	0.01851	0.01747	0.01124	0.03773	0.67036	0.05217	0.02895	0.02649	0.02160	0.00963	0.00724	0.00241	0.00565	0.00802	0.00730	0.01130
60	0.00975	0.03899	0.01051	0.01052	0.01117	0.00800	0.00740	0.01106	0.01352	0.01816	0.05593	0.60525	0.04234	0.05525	0.01121	0.00302	0.05795	0.01781	0.00613	0.00603
61	0.01327	0.00664	0.00664	0.00664	0.00830	0.00664	0.00498	0.01659	0.01493	0.02655	0.02323	0.02655	0.01825	0.00830	0.00498	0.00166	0.00332	0.00664	0.78928	0.00664
62	0.22433	0.01637	0.01706	0.04441	0.01984	0.01818	0.01144	0.33238	0.09501	0.09645	0.01749	0.01850	0.01289	0.03599	0.00753	0.00238	0.00688	0.00614	0.00631	0.01042
63	0.08108	0.02014	0.10260	0.06403	0.02683	0.09747	0.21846	0.02403	0.12637	0.02277	0.01650	0.04435	0.01361	0.03811	0.00980	0.00256	0.07060	0.00736	0.00427	0.00907
64	0.01805	0.53718	0.07226	0.01349	0.01879	0.05311	0.01308	0.02129	0.03914	0.01762	0.01146	0.01385	0.01027	0.01043	0.06066	0.00250	0.07004	0.00457	0.00329	0.00894
65	0.02014	0.04632	0.02015	0.08635	0.02314	0.01683	0.03643	0.29529	0.05480	0.03175	0.01523	0.01674	0.01158	0.00709	0.00641	0.00177	0.00712	0.00566	0.00539	0.29181

[dist]
# distance from previous block
# <min> <max>
0	2

[block]
# block no. 1 follows, 29 sequences, length 20
# corresponding to MSA columns:
# 92-111
name=unknown_B
#
# <colnr> <probs for GDERKNQSTAVLIFYWHMCP>
#	G	D	E	R	K	N	Q	S	T	A	V	L	I	F	Y	W	H	M	C	P
0	0.06266	0.10623	0.02184	0.01528	0.02061	0.06659	0.04898	0.25417	0.15130	0.10248	0.01842	0.01836	0.01356	0.00795	0.00661	0.00205	0.00749	0.00620	0.00607	0.06316
1	0.68185	0.01427	0.01307	0.01119	0.01575	0.01626	0.05336	0.02247	0.06924	0.03115	0.01181	0.01334	0.00909	0.00682	0.00491	0.00223	0.00596	0.00451	0.00459	0.00814
2	0.01950	0.01875	0.02541	0.09580	0.43557	0.09708	0.01896	0.10891	0.06438	0.02540	0.01459	0.01774	0.01170	0.00703	0.00701	0.00213	0.00877	0.00627	0.00423	0.01075
3	0.01018	0.00683	0.00782	0.00799	0.00803	0.00679	0.00455	0.01031	0.01070	0.01426	0.02418	0.11907	0.02809	0.67428	0.03343	0.00649	0.00662	0.01138	0.00455	0.00447
4	0.02207	0.01546	0.01723	0.01413	0.01856	0.01671	0.01133	0.33318	0.17608	0.11153	0.12012	0.06567	0.02470	0.01045	0.00745	0.00226	0.00630	0.00855	0.00741	0.01080
5	0.01327	0.00664	0.00664	0.00664	0.00830	0.00664	0.00498	0.01659	0.01493	0.02655	0.02323	0.02655	0.01825	0.00830	0.00498	0.00166	0.00332	0.00664	0.78928	0.00664
6	0.07713	0.00757	0.00943	0.00994	0.01139	0.00727	0.00716	0.01359	0.01560	0.07131	0.19108	0.44913	0.04620	0.01813	0.00842	0.00264	0.00428	0.03621	0.00687	0.00664
7	0.01855	0.01571	0.01657	0.01466	0.01883	0.01810	0.01147	0.09537	0.63357	0.03114	0.02792	0.02572	0.02088	0.00956	0.00723	0.00239	0.00583	0.00790	0.00723	0.01135
8	0.53236	0.01319	0.01258	0.01052	0.01531	0.01405	0.00867	0.02573	0.01500	0.26835	0.01625	0.01598	0.01117	0.00738	0.00537	0.00220	0.00570	0.00501	0.00594	0.00925
9	0.01904	0.75404	0.03731	0.01218	0.01828	0.02818	0.01218	0.02132	0.01447	0.01675	0.00990	0.01142	0.00914	0.00609	0.00457	0.00152	0.00761	0.00381	0.00305	0.00914
10	0.01327	0.00664	0.00664	0.00664	0.00830	0.00664	0.00498	0.01659	0.01493	0.02655	0.02323	0.02655	0.01825	0.00830	0.00498	0.00166	0.00332	0.00664	0.78928	0.00664
11	0.72036	0.01360	0.01109	0.00971	0.01423	0.01540	0.00800	0.02236	0.01298	0.10232	0.01180	0.01288	0.00874	0.00684	0.00469	0.00220	0.00557	0.00420	0.00486	0.00817
12	0.02707	0.01995	0.02137	0.01638	0.02208	0.02208	0.01353	0.68159	0.03348	0.04488	0.01710	0.01710	0.01211	0.00855	0.00712	0.00214	0.00784	0.00641	0.00712	0.01211
13	0.67894	0.01472	0.04085	0.01122	0.01588	0.01566	0.05376	0.02062	0.01262	0.03032	0.01169	0.04606	0.00979	0.00730	0.00499	0.00225	0.00609	0.00498	0.00440	0.00786
14	0.01737	0.01823	0.06805	0.04118	0.60817	0.01699	0.08088	0.02198	0.01620	0.02318	0.01345	0.01762	0.01111	0.00634	0.00715	0.00215	0.00889	0.00647	0.00350	0.01109
15	0.00940	0.00697	0.00876	0.00890	0.01037	0.00634	0.00645	0.01190	0.01768	0.02406	0.40858	0.24340	0.17637	0.01728	0.00859	0.00245	0.00361	0.01526	0.00728	0.00634
16	0.09581	0.03444	0.63998	0.01916	0.02905	0.01648	0.02438	0.02238	0.01473	0.02353	0.01248	0.01467	0.00888	0.00675	0.00652	0.00225	0.01000	0.00512	0.00315	0.01023
17	0.01327	0.00664	0.00664	0.00664	0.00830	0.00664	0.00498	0.01659	0.01493	0.02655	0.02323	0.02655	0.01825	0.00830	0.00498	0.00166	0.00332	0.00664	0.78928	0.00664
18	0.16732	0.03764	0.03862	0.01274	0.01764	0.01485	0.01075	0.19639	0.04125	0.24630	0.08479	0.04464	0.03793	0.00939	0.00676	0.00220	0.00623	0.00735	0.00694	0.01028
19	0.80005	0.01377	0.01047	0.00936	0.01377	0.01597	0.00771	0.02093	0.01212	0.03195	0.00991	0.01157	0.00771	0.00661	0.00441	0.00220	0.00551	0.00386	0.00441	0.00771

[dist]
# distance from previous block
# <min> <max>
0	1

[block]
# block no. 2 follows, 29 sequences, length 42
# corresponding to MSA columns:
# 113-154
name=unknown_C
#
# <colnr> <probs for GDERKNQSTAVLIFYWHMCP>
#	G	D	E	R	K	N	Q	S	T	A	V	L	I	F	Y	W	H	M	C	P
0	0.76362	0.01472	0.01092	0.00979	0.01416	0.04919	0.00800	0.02128	0.01250	0.03126	0.00997	0.01163	0.00778	0.00664	0.00450	0.00219	0.00585	0.00389	0.00437	0.00774
1	0.03195	0.01212	0.01652	0.01267	0.01818	0.01047	0.01047	0.03470	0.02038	0.71026	0.02809	0.02424	0.01763	0.00881	0.00716	0.00220	0.00606	0.00716	0.00881	0.01212
2	0.01512	0.01526	0.08709	0.02711	0.36073	0.01278	0.01600	0.01882	0.01637	0.06618	0.03411	0.03498	0.24479	0.01049	0.00749	0.00223	0.00687	0.00922	0.00486	0.00948
3	0.01477	0.01266	0.01477	0.01055	0.01687	0.00949	0.00844	0.01793	0.01477	0.02320	0.01266	0.01477	0.01055	0.00527	0.00527	0.00105	0.00527	0.00422	0.00422	0.79328
4	0.01477	0.01266	0.01477	0.01055	0.01687	0.00949	0.00844	0.01793	0.01477	0.02320	0.01266	0.01477	0.01055	0.00527	0.00527	0.00105	0.00527	0.00422	0.00422	0.79328
5	0.03195	0.01212	0.01652	0.01267	0.01818	0.01047	0.01047	0.03470	0.02038	0.71026	0.02809	0.02424	0.01763	0.00881	0.00716	0.00220	0.00606	0.00716	0.00881	0.01212
6	0.01953	0.01620	0.01712	0.01486	0.01921	0.01856	0.01171	0.16285	0.56449	0.03272	0.02667	0.02473	0.01987	0.00944	0.00722	0.00236	0.00606	0.00773	0.00722	0.01143
7	0.00868	0.00620	0.00826	0.00991	0.01033	0.00578	0.00661	0.00991	0.01363	0.01818	0.03925	0.74510	0.04710	0.02231	0.00909	0.00289	0.00413	0.02024	0.00661	0.00578
8	0.03086	0.01188	0.01618	0.01248	0.01780	0.01028	0.01028	0.03364	0.02037	0.67629	0.06166	0.02568	0.02010	0.00910	0.00722	0.00221	0.00592	0.00745	0.00876	0.01185
9	0.01428	0.03683	0.71286	0.02030	0.03082	0.01654	0.02631	0.02255	0.01503	0.02255	0.01278	0.01503	0.00902	0.00677	0.00677	0.00226	0.01052	0.00526	0.00301	0.01052
10	0.01029	0.00687	0.00779	0.00786	0.00787	0.00686	0.00441	0.01034	0.01049	0.01399	0.02314	0.07573	0.02677	0.71942	0.03511	0.00674	0.00679	0.01077	0.00441	0.00438
11	0.01771	0.01530	0.01610	0.01449	0.01852	0.01771	0.01127	0.03784	0.69247	0.02979	0.02898	0.02657	0.02174	0.00966	0.00725	0.00242	0.00564	0.00805	0.00725	0.01127
12	0.00868	0.00620	0.00826	0.00991	0.01033	0.00578	0.00661	0.00991	0.01363	0.01818	0.03925	0.74510	0.04710	0.02231	0.00909	0.00289	0.00413	0.02024	0.00661	0.00578
13	0.02629	0.06338	0.02088	0.01809	0.02186	0.69283	0.01369	0.02814	0.01995	0.01740	0.01096	0.01278	0.00917	0.00729	0.00634	0.00182	0.01263	0.00455	0.00364	0.00829
14	0.80005	0.01377	0.01047	0.00936	0.01377	0.01597	0.00771	0.02093	0.01212	0.03195	0.00991	0.01157	0.00771	0.00661	0.00441	0.00220	0.00551	0.00386	0.00441	0.00771
15	0.02360	0.32421	0.02516	0.01284	0.01829	0.01939	0.01135	0.02973	0.15626	0.27906	0.02064	0.01934	0.01491	0.00785	0.00609	0.00196	0.00663	0.00594	0.00607	0.01069
16	0.34484	0.18678	0.02701	0.01678	0.02251	0.01965	0.22092	0.04518	0.01490	0.02601	0.01158	0.01414	0.00917	0.00637	0.00580	0.00211	0.00813	0.00537	0.00394	0.00880
17	0.76702	0.01370	0.01073	0.00951	0.01396	0.01574	0.00783	0.02152	0.01247	0.06111	0.01070	0.01211	0.00814	0.00670	0.00453	0.00220	0.00553	0.00400	0.00460	0.00790
18	0.00868	0.00620	0.00826	0.00991	0.01033	0.00578	0.00661	0.00991	0.01363	0.01818	0.03925	0.74510	0.04710	0.02231	0.00909	0.00289	0.00413	0.02024	0.00661	0.00578
19	0.01904	0.75404	0.03731	0.01218	0.01828	0.02818	0.01218	0.02132	0.01447	0.01675	0.00990	0.01142	0.00914	0.00609	0.00457	0.00152	0.00761	0.00381	0.00305	0.00914
20	0.01036	0.00690	0.00777	0.00777	0.00777	0.00690	0.00431	0.01036	0.01036	0.01381	0.02244	0.04660	0.02589	0.74975	0.03624	0.00690	0.00690	0.01036	0.00431	0.00431
21	0.01017	0.00763	0.01144	0.01144	0.01272	0.00890	0.00890	0.01272	0.01144	0.01653	0.01907	0.02797	0.01780	0.05340	0.72153	0.01144	0.01907	0.00763	0.00381	0.00636
22	0.01904	0.75404	0.03731	0.01218	0.01828	0.02818	0.01218	0.02132	0.01447	0.01675	0.00990	0.01142	0.00914	0.00609	0.00457	0.00152	0.00761	0.00381	0.00305	0.00914
23	0.01001	0.00728	0.00943	0.00889	0.01060	0.00669	0.00667	0.01331	0.02000	0.02818	0.67638	0.05380	0.09261	0.01470	0.00840	0.00225	0.00337	0.01296	0.00779	0.00669
24	0.02707	0.01995	0.02137	0.01638	0.02208	0.02208	0.01353	0.68159	0.03348	0.04488	0.01710	0.01710	0.01211	0.00855	0.00712	0.00214	0.00784	0.00641	0.00712	0.01211
25	0.00868	0.00620	0.00826	0.00991	0.01033	0.00578	0.00661	0.00991	0.01363	0.01818	0.03925	0.74510	0.04710	0.02231	0.00909	0.00289	0.00413	0.02024	0.00661	0.00578
26	0.01008	0.00728	0.00952	0.00896	0.01064	0.00672	0.00672	0.01344	0.02016	0.02855	0.70158	0.05319	0.06719	0.01456	0.00840	0.00224	0.00336	0.01288	0.00784	0.00672
27	0.01904	0.75404	0.03731	0.01218	0.01828	0.02818	0.01218	0.02132	0.01447	0.01675	0.00990	0.01142	0.00914	0.00609	0.00457	0.00152	0.00761	0.00381	0.00305	0.00914
28	0.80005	0.01377	0.01047	0.00936	0.01377	0.01597	0.00771	0.02093	0.01212	0.03195	0.00991	0.01157	0.00771	0.00661	0.00441	0.00220	0.00551	0.00386	0.00441	0.00771
29	0.01017	0.00763	0.01144	0.01144	0.01272	0.00890	0.00890	0.01272	0.01144	0.01653	0.01907	0.02797	0.01780	0.05340	0.72153	0.01144	0.01907	0.00763	0.00381	0.00636
30	0.02660	0.03394	0.02018	0.01834	0.02201	0.72116	0.01376	0.02843	0.02018	0.01743	0.01101	0.01284	0.00917	0.00734	0.00642	0.00183	0.01284	0.00459	0.00367	0.00825
31	0.00867	0.00624	0.00822	0.00981	0.01030	0.00579	0.00656	0.00993	0.01374	0.01822	0.04054	0.71840	0.07296	0.02214	0.00906	0.00287	0.00411	0.02004	0.00661	0.00579
32	0.01477	0.01266	0.01477	0.01055	0.01687	0.00949	0.00844	0.01793	0.01477	0.02320	0.01266	0.01477	0.01055	0.00527	0.00527	0.00105	0.00527	0.00422	0.00422	0.79328
33	0.01124	0.00809	0.01115	0.01256	0.01424	0.00800	0.01088	0.01446	0.01664	0.02171	0.08461	0.07793	0.07270	0.01925	0.00967	0.00317	0.00620	0.58431	0.00665	0.00654
34	0.00868	0.00620	0.00826	0.00991	0.01033	0.00578	0.00661	0.00991	0.01363	0.01818	0.03925	0.74510	0.04710	0.02231	0.00909	0.00289	0.00413	0.02024	0.00661	0.00578
35	0.00925	0.00725	0.00837	0.00809	0.01013	0.00637	0.00607	0.01183	0.01820	0.02391	0.38773	0.06084	0.38393	0.01629	0.00841	0.00232	0.00348	0.01395	0.00723	0.00637
36	0.00959	0.00705	0.00898	0.00894	0.01045	0.00644	0.00654	0.01233	0.01835	0.02531	0.49033	0.19678	0.13933	0.01656	0.00854	0.00239	0.00355	0.01464	0.00744	0.00644
37	0.02348	0.01238	0.01566	0.01162	0.01754	0.00999	0.00947	0.02643	0.01761	0.37149	0.02048	0.01957	0.01414	0.00707	0.00623	0.00164	0.00567	0.00571	0.00655	0.39729
38	0.01618	0.01537	0.02609	0.21391	0.51029	0.01614	0.02065	0.02040	0.01560	0.02177	0.01438	0.05088	0.01245	0.00726	0.00716	0.00221	0.00852	0.00697	0.00357	0.01019
39	0.51487	0.10468	0.01821	0.01805	0.18232	0.01769	0.01169	0.02120	0.01340	0.02799	0.01076	0.01302	0.00875	0.00648	0.00507	0.00210	0.00648	0.00445	0.00403	0.00875
40	0.57058	0.01256	0.01062	0.00946	0.01359	0.01386	0.00767	0.02085	0.03841	0.08628	0.02288	0.02301	0.12906	0.00888	0.00543	0.00225	0.00523	0.00621	0.00526	0.00792
41	0.01595	0.01394	0.01736	0.07343	0.11154	0.01575	0.01277	0.02898	0.40096	0.02720	0.14088	0.02886	0.02665	0.01000	0.00817	0.00237	0.04035	0.00844	0.00634	0.01006

[dist]
# distance from previous block
# <min> <max>
1	3

[block]
# block no. 3 follows, 29 sequences, length 21
# corresponding to MSA columns:
# 158-178
name=unknown_D
#
# <colnr> <probs for GDERKNQSTAVLIFYWHMCP>
#	G	D	E	R	K	N	Q	S	T	A	V	L	I	F	Y	W	H	M	C	P
0	0.58802	0.08662	0.01436	0.01081	0.01522	0.08152	0.00893	0.05234	0.01414	0.02925	0.01146	0.03975	0.00968	0.00731	0.00491	0.00213	0.00644	0.00466	0.00442	0.00803
1	0.01327	0.00664	0.00664	0.00664	0.00830	0.00664	0.00498	0.01659	0.01493	0.02655	0.02323	0.02655	0.01825	0.00830	0.00498	0.00166	0.00332	0.00664	0.78928	0.00664
2	0.21124	0.01771	0.01830	0.01435	0.01972	0.01948	0.01185	0.46076	0.02711	0.10746	0.01647	0.01649	0.01161	0.00811	0.00648	0.00216	0.00711	0.00588	0.00664	0.01107
3	0.02829	0.01311	0.01676	0.01271	0.01839	0.01161	0.01045	0.10541	0.02086	0.51050	0.02405	0.02171	0.01572	0.00814	0.00682	0.00199	0.00612	0.00654	0.00779	0.15301
4	0.01771	0.01530	0.01610	0.01449	0.01852	0.01771	0.01127	0.03784	0.69247	0.02979	0.02898	0.02657	0.02174	0.00966	0.00725	0.00242	0.00564	0.00805	0.00725	0.01127
5	0.80005	0.01377	0.01047	0.00936	0.01377	0.01597	0.00771	0.02093	0.01212	0.03195	0.00991	0.01157	0.00771	0.00661	0.00441	0.00220	0.00551	0.00386	0.00441	0.00771
6	0.01327	0.00664	0.00664	0.00664	0.00830	0.00664	0.00498	0.01659	0.01493	0.02655	0.02323	0.02655	0.01825	0.00830	0.00498	0.00166	0.00332	0.00664	0.78928	0.00664
7	0.00868	0.00620	0.00826	0.00991	0.01033	0.00578	0.00661	0.00991	0.01363	0.01818	0.03925	0.74510	0.04710	0.02231	0.00909	0.00289	0.00413	0.02024	0.00661	0.00578
8	0.01110	0.00749	0.00947	0.00899	0.01093	0.00676	0.00673	0.01396	0.01891	0.07065	0.49018	0.11716	0.16984	0.01548	0.00838	0.00232	0.00365	0.01354	0.00758	0.00687
9	0.01877	0.71352	0.07548	0.01264	0.01898	0.02752	0.01298	0.02139	0.01450	0.01708	0.01006	0.01163	0.00913	0.00613	0.00469	0.00156	0.00778	0.00389	0.00304	0.00922
10	0.00866	0.00627	0.00819	0.00973	0.01028	0.00580	0.00653	0.00994	0.01381	0.01825	0.04149	0.69890	0.09185	0.02202	0.00904	0.00286	0.00410	0.01989	0.00661	0.00580
11	0.02660	0.03394	0.02018	0.01834	0.02201	0.72116	0.01376	0.02843	0.02018	0.01743	0.01101	0.01284	0.00917	0.00734	0.00642	0.00183	0.01284	0.00459	0.00367	0.00825
12	0.62126	0.01461	0.01201	0.05943	0.01665	0.06143	0.00890	0.02141	0.01311	0.06211	0.01164	0.01442	0.00927	0.04178	0.00636	0.00241	0.00635	0.00454	0.00448	0.00781
13	0.22425	0.01272	0.01549	0.01305	0.04394	0.01210	0.01022	0.03074	0.01814	0.51308	0.02295	0.02080	0.01489	0.00816	0.00646	0.00220	0.00601	0.00630	0.00750	0.01098
14	0.01327	0.00664	0.00664	0.00664	0.00830	0.00664	0.00498	0.01659	0.01493	0.02655	0.02323	0.02655	0.01825	0.00830	0.00498	0.00166	0.00332	0.00664	0.78928	0.00664
15	0.01447	0.01235	0.01445	0.01052	0.01656	0.00931	0.00835	0.01754	0.01471	0.02296	0.01394	0.04994	0.01231	0.00609	0.00546	0.00114	0.00522	0.00499	0.00433	0.75536
16	0.01824	0.01372	0.02027	0.31729	0.14288	0.01483	0.01607	0.08338	0.05037	0.13066	0.02029	0.02278	0.05732	0.00812	0.00710	0.00221	0.00782	0.00700	0.00496	0.05470
17	0.01803	0.22511	0.33455	0.01721	0.02504	0.01842	0.07473	0.02343	0.01607	0.11800	0.05320	0.01786	0.01370	0.00725	0.00646	0.00206	0.00883	0.00583	0.00416	0.01008
18	0.00868	0.00620	0.00826	0.00991	0.01033	0.00578	0.00661	0.00991	0.01363	0.01818	0.03925	0.74510	0.04710	0.02231	0.00909	0.00289	0.00413	0.02024	0.00661	0.00578
19	0.01614	0.01474	0.02376	0.44137	0.25549	0.01680	0.01981	0.08578	0.01679	0.02248	0.01334	0.01836	0.01032	0.00702	0.00710	0.00227	0.00900	0.00634	0.00368	0.00940
20	0.05520	0.00742	0.00931	0.00919	0.01075	0.00705	0.00675	0.01312	0.01831	0.02654	0.52090	0.19801	0.05949	0.01575	0.00832	0.00238	0.00365	0.01393	0.00738	0.00658

[dist]
# distance from previous block
# <min> <max>
1	10

[block]
# block no. 4 follows, 29 sequences, length 60
# corresponding to MSA columns:
# 189-248
name=unknown_E
#
# <colnr> <probs for GDERKNQSTAVLIFYWHMCP>
#	G	D	E	R	K	N	Q	S	T	A	V	L	I	F	Y	W	H	M	C	P
0	0.22579	0.02131	0.18410	0.11806	0.04526	0.08945	0.01554	0.05090	0.07049	0.04808	0.05536	0.01814	0.01376	0.00767	0.00633	0.00222	0.00814	0.00580	0.00448	0.00914
1	0.29488	0.01507	0.01520	0.03300	0.01779	0.01668	0.01034	0.27652	0.04636	0.05969	0.10803	0.02209	0.03816	0.00895	0.00638	0.00220	0.00621	0.00671	0.00620	0.00952
2	0.01063	0.00740	0.00953	0.00897	0.01080	0.00676	0.00674	0.01379	0.01965	0.05029	0.60896	0.07433	0.11549	0.01488	0.00838	0.00227	0.00349	0.01308	0.00774	0.00681
3	0.24494	0.01258	0.01484	0.01175	0.01696	0.01199	0.00970	0.03088	0.01809	0.52217	0.02305	0.02072	0.01488	0.00820	0.00640	0.00220	0.00591	0.00624	0.00759	0.01090
4	0.01327	0.00664	0.00664	0.00664	0.00830	0.00664	0.00498	0.01659	0.01493	0.02655	0.02323	0.02655	0.01825	0.00830	0.00498	0.00166	0.00332	0.00664	0.78928	0.00664
5	0.01523	0.01447	0.02457	0.43901	0.32875	0.01629	0.02066	0.01975	0.01508	0.02035	0.01297	0.01840	0.01025	0.00679	0.00709	0.00226	0.00905	0.00634	0.00332	0.00935
6	0.02707	0.01995	0.02137	0.01638	0.02208	0.02208	0.01353	0.68159	0.03348	0.04488	0.01710	0.01710	0.01211	0.00855	0.00712	0.00214	0.00784	0.00641	0.00712	0.01211
7	0.03195	0.01212	0.01652	0.01267	0.01818	0.01047	0.01047	0.03470	0.02038	0.71026	0.02809	0.02424	0.01763	0.00881	0.00716	0.00220	0.00606	0.00716	0.00881	0.01212
8	0.01327	0.00664	0.00664	0.00664	0.00830	0.00664	0.00498	0.01659	0.01493	0.02655	0.02323	0.02655	0.01825	0.00830	0.00498	0.00166	0.00332	0.00664	0.78928	0.00664
9	0.01315	0.03067	0.57112	0.01821	0.02670	0.01437	0.02235	0.02001	0.01475	0.02167	0.01810	0.16190	0.01668	0.00989	0.00723	0.00238	0.00924	0.00828	0.00373	0.00957
10	0.03195	0.01212	0.01652	0.01267	0.01818	0.01047	0.01047	0.03470	0.02038	0.71026	0.02809	0.02424	0.01763	0.00881	0.00716	0.00220	0.00606	0.00716	0.00881	0.01212
11	0.01036	0.00690	0.00777	0.00777	0.00777	0.00690	0.00431	0.01036	0.01036	0.01381	0.02244	0.04660	0.02589	0.74975	0.03624	0.00690	0.00690	0.01036	0.00431	0.00431
12	0.55789	0.01844	0.01342	0.04061	0.01729	0.18265	0.00973	0.02309	0.01441	0.05232	0.01094	0.01262	0.00848	0.00688	0.00509	0.00212	0.00742	0.00425	0.00434	0.00801
13	0.01899	0.65192	0.10797	0.01306	0.01960	0.02632	0.01362	0.02193	0.01474	0.04198	0.01085	0.01226	0.00943	0.00626	0.00489	0.00162	0.00787	0.00408	0.00325	0.00939
14	0.01477	0.01266	0.01477	0.01055	0.01687	0.00949	0.00844	0.01793	0.01477	0.02320	0.01266	0.01477	0.01055	0.00527	0.00527	0.00105	0.00527	0.00422	0.00422	0.79328
15	0.01382	0.01339	0.02420	0.25674	0.03265	0.01392	0.22839	0.03786	0.01657	0.02171	0.07253	0.03489	0.10823	0.01019	0.00810	0.00247	0.00872	0.08296	0.00459	0.00810
16	0.01025	0.00733	0.00991	0.00991	0.01066	0.00807	0.00699	0.01173	0.01099	0.01540	0.02047	0.03572	0.02117	0.34313	0.43641	0.00955	0.01401	0.00876	0.00402	0.00551
17	0.01327	0.00664	0.00664	0.00664	0.00830	0.00664	0.00498	0.01659	0.01493	0.02655	0.02323	0.02655	0.01825	0.00830	0.00498	0.00166	0.00332	0.00664	0.78928	0.00664
18	0.01327	0.00664	0.00664	0.00664	0.00830	0.00664	0.00498	0.01659	0.01493	0.02655	0.02323	0.02655	0.01825	0.00830	0.00498	0.00166	0.00332	0.00664	0.78928	0.00664
19	0.02707	0.01995	0.02137	0.01638	0.02208	0.02208	0.01353	0.68159	0.03348	0.04488	0.01710	0.01710	0.01211	0.00855	0.00712	0.00214	0.00784	0.00641	0.00712	0.01211
20	0.17339	0.17766	0.41229	0.01676	0.02504	0.01884	0.04085	0.02198	0.01439	0.02327	0.01167	0.01374	0.00884	0.00657	0.00590	0.00210	0.00897	0.00478	0.00332	0.00965
21	0.15655	0.01241	0.01547	0.01206	0.01741	0.01133	0.00994	0.03186	0.01883	0.57536	0.02458	0.02184	0.01576	0.00833	0.00664	0.00216	0.00594	0.00652	0.00793	0.03907
22	0.01039	0.00779	0.01124	0.01113	0.01216	0.00904	0.00843	0.01251	0.01126	0.01613	0.01925	0.03040	0.01875	0.15876	0.59223	0.01046	0.04211	0.00800	0.00387	0.00609
23	0.08690	0.05121	0.01940	0.01515	0.02012	0.22340	0.01219	0.22095	0.02329	0.23208	0.01773	0.01731	0.01243	0.00802	0.00662	0.00205	0.00859	0.00580	0.00624	0.01053
24	0.01824	0.01518	0.01612	0.01442	0.01850	0.01744	0.01124	0.03772	0.66736	0.05521	0.02895	0.02648	0.02158	0.00963	0.00724	0.00241	0.00565	0.00802	0.00730	0.01130
25	0.01477	0.01266	0.01477	0.01055	0.01687	0.00949	0.00844	0.01793	0.01477	0.02320	0.01266	0.01477	0.01055	0.00527	0.00527	0.00105	0.00527	0.00422	0.00422	0.79328
26	0.01860	0.68776	0.09974	0.01293	0.01944	0.02710	0.01349	0.02144	0.01452	0.01729	0.01017	0.01176	0.00913	0.00615	0.00477	0.00159	0.00788	0.00394	0.00304	0.00927
27	0.01713	0.01469	0.01560	0.01407	0.01792	0.01687	0.01092	0.03598	0.64129	0.02969	0.08018	0.02859	0.02520	0.01003	0.00733	0.00240	0.00546	0.00842	0.00729	0.01092
28	0.01327	0.00664	0.00664	0.00664	0.00830	0.00664	0.00498	0.01659	0.01493	0.02655	0.02323	0.02655	0.01825	0.00830	0.00498	0.00166	0.00332	0.00664	0.78928	0.00664
29	0.11513	0.01534	0.02411	0.13078	0.02734	0.01680	0.18668	0.06258	0.01554	0.07065	0.01375	0.01814	0.01092	0.03100	0.01116	0.00250	0.15654	0.00654	0.00420	0.08032
30	0.01477	0.01266	0.01477	0.01055	0.01687	0.00949	0.00844	0.01793	0.01477	0.02320	0.01266	0.01477	0.01055	0.00527	0.00527	0.00105	0.00527	0.00422	0.00422	0.79328
31	0.02660	0.01971	0.02110	0.01629	0.02190	0.02186	0.01342	0.64920	0.06664	0.04412	0.01769	0.01757	0.01259	0.00860	0.00713	0.00215	0.00772	0.00649	0.00713	0.01207
32	0.01389	0.01191	0.04762	0.01102	0.01461	0.01051	0.00912	0.12637	0.04755	0.02935	0.36944	0.04054	0.10961	0.01206	0.00764	0.00209	0.00484	0.01027	0.00684	0.11471
33	0.01020	0.00751	0.01086	0.01086	0.01193	0.00859	0.00818	0.01234	0.01127	0.01610	0.01960	0.03091	0.01908	0.16322	0.61346	0.01073	0.01715	0.00806	0.00389	0.00604
34	0.02727	0.01962	0.02117	0.01623	0.02192	0.02160	0.01341	0.65460	0.03293	0.07264	0.01755	0.01739	0.01234	0.00856	0.00712	0.00214	0.00776	0.00644	0.00719	0.01211
35	0.01051	0.01120	0.08218	0.01393	0.01641	0.00872	0.11035	0.01324	0.01452	0.01973	0.05993	0.53578	0.03871	0.01801	0.00873	0.00273	0.00591	0.01669	0.00585	0.00686
36	0.01032	0.00703	0.00839	0.00839	0.00861	0.00724	0.00509	0.01076	0.01054	0.01427	0.02187	0.04344	0.02452	0.63164	0.15248	0.00767	0.00897	0.00989	0.00423	0.00466
37	0.01036	0.00690	0.00777	0.00777	0.00777	0.00690	0.00431	0.01036	0.01036	0.01381	0.02244	0.04660	0.02589	0.74975	0.03624	0.00690	0.00690	0.01036	0.00431	0.00431
38	0.01762	0.01692	0.02890	0.04371	0.70533	0.01692	0.02185	0.02185	0.01621	0.02326	0.01339	0.01762	0.01128	0.00634	0.00705	0.00211	0.00846	0.00634	0.00352	0.01128
39	0.01616	0.01755	0.04952	0.01847	0.01923	0.07394	0.01564	0.01805	0.01179	0.01736	0.00996	0.01579	0.00962	0.01331	0.04648	0.00328	0.62665	0.00612	0.00318	0.00788
40	0.02918	0.01152	0.01556	0.01214	0.01720	0.00997	0.00995	0.03194	0.02019	0.62566	0.08479	0.02846	0.05049	0.00967	0.00731	0.00221	0.00574	0.00796	0.00864	0.01142
41	0.01327	0.00664	0.00664	0.00664	0.00830	0.00664	0.00498	0.01659	0.01493	0.02655	0.02323	0.02655	0.01825	0.00830	0.00498	0.00166	0.00332	0.00664	0.78928	0.00664
42	0.01477	0.01266	0.01477	0.01055	0.01687	0.00949	0.00844	0.01793	0.01477	0.02320	0.01266	0.01477	0.01055	0.00527	0.00527	0.00105	0.00527	0.00422	0.00422	0.79328
43	0.01345	0.01266	0.02136	0.73264	0.04904	0.01582	0.01978	0.01819	0.01424	0.01819	0.01266	0.01898	0.00949	0.00712	0.00712	0.00237	0.00949	0.00633	0.00316	0.00791
44	0.02979	0.01558	0.01867	0.01431	0.01990	0.01560	0.01182	0.32058	0.02617	0.41621	0.02323	0.02108	0.01519	0.00870	0.00714	0.00217	0.00684	0.00683	0.00807	0.01211
45	0.01017	0.00763	0.01144	0.01144	0.01272	0.00890	0.00890	0.01272	0.01144	0.01653	0.01907	0.02797	0.01780	0.05340	0.72153	0.01144	0.01907	0.00763	0.00381	0.00636
46	0.02707	0.01995	0.02137	0.01638	0.02208	0.02208	0.01353	0.68159	0.03348	0.04488	0.01710	0.01710	0.01211	0.00855	0.00712	0.00214	0.00784	0.00641	0.00712	0.01211
47	0.01017	0.00763	0.01144	0.01144	0.01272	0.00890	0.00890	0.01272	0.01144	0.01653	0.01907	0.02797	0.01780	0.05340	0.72153	0.01144	0.01907	0.00763	0.00381	0.00636
48	0.03195	0.01212	0.01652	0.01267	0.01818	0.01047	0.01047	0.03470	0.02038	0.71026	0.02809	0.02424	0.01763	0.00881	0.00716	0.00220	0.00606	0.00716	0.00881	0.01212
49	0.01017	0.00763	0.01144	0.01144	0.01272	0.00890	0.00890	0.01272	0.01144	0.01653	0.01907	0.02797	0.01780	0.05340	0.72153	0.01144	0.01907	0.00763	0.00381	0.00636
50	0.01904	0.75404	0.03731	0.01218	0.01828	0.02818	0.01218	0.02132	0.01447	0.01675	0.00990	0.01142	0.00914	0.00609	0.00457	0.00152	0.00761	0.00381	0.00305	0.00914
51	0.01904	0.75404	0.03731	0.01218	0.01828	0.02818	0.01218	0.02132	0.01447	0.01675	0.00990	0.01142	0.00914	0.00609	0.00457	0.00152	0.00761	0.00381	0.00305	0.00914
52	0.01688	0.01601	0.02712	0.06868	0.62613	0.01610	0.02062	0.02107	0.01643	0.02346	0.06575	0.02039	0.01546	0.00700	0.00715	0.00213	0.00811	0.00684	0.00384	0.01080
53	0.01771	0.01530	0.01610	0.01449	0.01852	0.01771	0.01127	0.03784	0.69247	0.02979	0.02898	0.02657	0.02174	0.00966	0.00725	0.00242	0.00564	0.00805	0.00725	0.01127
54	0.02640	0.01973	0.02190	0.01831	0.07022	0.02172	0.01412	0.63510	0.03226	0.04335	0.01684	0.01713	0.01205	0.00839	0.00712	0.00214	0.00788	0.00641	0.00687	0.01205
55	0.01837	0.01562	0.01647	0.01462	0.01877	0.01802	0.01143	0.08320	0.64604	0.03085	0.02814	0.02590	0.02106	0.00958	0.00724	0.00240	0.00579	0.00794	0.00724	0.01133
56	0.06590	0.00779	0.01001	0.00993	0.01095	0.00866	0.00711	0.01242	0.01109	0.01660	0.01968	0.03374	0.02009	0.30882	0.41640	0.00911	0.01360	0.00838	0.00404	0.00569
57	0.01747	0.01681	0.06520	0.01490	0.01938	0.01763	0.01233	0.03676	0.64474	0.02928	0.02784	0.02575	0.02084	0.00946	0.00721	0.00240	0.00598	0.00785	0.00695	0.01122
58	0.01295	0.00661	0.00675	0.00687	0.00844	0.00658	0.00509	0.01612	0.01484	0.02596	0.02436	0.07718	0.02028	0.00928	0.00527	0.00175	0.00338	0.00760	0.73413	0.00658
59	0.08497	0.01253	0.01677	0.09331	0.02144	0.01180	0.01140	0.05084	0.01948	0.56432	0.02473	0.02253	0.01584	0.00846	0.00696	0.00222	0.00646	0.00681	0.00781	0.01133

[dist]
# distance from previous block
# <min> <max>
3	22

[block]
# block no. 5 follows, 29 sequences, length 8
# corresponding to MSA columns:
# 272-279
name=unknown_F
#
# <colnr> <probs for GDERKNQSTAVLIFYWHMCP>
#	G	D	E	R	K	N	Q	S	T	A	V	L	I	F	Y	W	H	M	C	P
0	0.01132	0.01579	0.20738	0.01392	0.01777	0.01103	0.01376	0.01546	0.01245	0.01821	0.01731	0.02436	0.01535	0.04038	0.52186	0.00888	0.01668	0.00697	0.00359	0.00752
1	0.01021	0.04928	0.01053	0.00935	0.01096	0.00778	0.00701	0.01256	0.01678	0.02260	0.32661	0.20025	0.13778	0.08048	0.01087	0.00285	0.00436	0.06668	0.00674	0.00634
2	0.01363	0.01077	0.01117	0.00978	0.01310	0.01050	0.00768	0.19777	0.02105	0.02640	0.05676	0.05416	0.50960	0.01538	0.00805	0.00233	0.00479	0.01262	0.00676	0.00771
3	0.00876	0.00728	0.00769	0.00773	0.01002	0.00621	0.00589	0.01080	0.01662	0.02026	0.13075	0.06775	0.60213	0.01780	0.00850	0.00244	0.00376	0.05279	0.00673	0.00611
4	0.01028	0.00701	0.00826	0.00810	0.00857	0.00685	0.00499	0.01122	0.01309	0.01793	0.21215	0.04844	0.03742	0.54437	0.02846	0.00560	0.00591	0.01106	0.00530	0.00499
5	0.01327	0.00664	0.00664	0.00664	0.00830	0.00664	0.00498	0.01659	0.01493	0.02655	0.02323	0.02655	0.01825	0.00830	0.00498	0.00166	0.00332	0.00664	0.78928	0.00664
6	0.01440	0.01266	0.01661	0.21226	0.02586	0.01126	0.01160	0.01800	0.01462	0.02180	0.01266	0.01594	0.01025	0.00579	0.00579	0.00142	0.00645	0.00481	0.00392	0.57389
7	0.01347	0.01014	0.01277	0.01193	0.04556	0.00896	0.00851	0.05863	0.01748	0.05111	0.21289	0.21483	0.03622	0.01267	0.00741	0.00202	0.00479	0.01113	0.00618	0.25330

[dist]
# distance from previous block
# <min> <max>
0	2

[block]
# block no. 6 follows, 29 sequences, length 14
# corresponding to MSA columns:
# 282-295
name=unknown_G
#
# <colnr> <probs for GDERKNQSTAVLIFYWHMCP>
#	G	D	E	R	K	N	Q	S	T	A	V	L	I	F	Y	W	H	M	C	P
0	0.01400	0.01200	0.01386	0.01015	0.01601	0.00908	0.00807	0.01701	0.01494	0.02273	0.01978	0.02121	0.09343	0.00680	0.00565	0.00122	0.00507	0.00551	0.00451	0.69897
1	0.01136	0.00910	0.01380	0.01541	0.09563	0.01038	0.01046	0.01387	0.01191	0.01717	0.01814	0.02746	0.01718	0.09674	0.54965	0.00956	0.05393	0.00760	0.00378	0.00687
2	0.01972	0.01629	0.01723	0.01490	0.01928	0.01865	0.01176	0.17605	0.55098	0.03303	0.02643	0.02453	0.01967	0.00942	0.00722	0.00236	0.00611	0.00770	0.00722	0.01145
3	0.02569	0.01942	0.02142	0.01666	0.02168	0.02205	0.01378	0.60199	0.03078	0.04155	0.01617	0.01691	0.01178	0.00902	0.00907	0.00225	0.09515	0.00639	0.00664	0.01159
4	0.01531	0.02052	0.15898	0.02501	0.03180	0.01607	0.44404	0.02154	0.03654	0.02242	0.01805	0.09878	0.01578	0.00849	0.00819	0.00246	0.01050	0.03219	0.00403	0.00930
5	0.01762	0.01692	0.02890	0.04371	0.70533	0.01692	0.02185	0.02185	0.01621	0.02326	0.01339	0.01762	0.01128	0.00634	0.00705	0.00211	0.00846	0.00634	0.00352	0.01128
6	0.00945	0.00680	0.00896	0.00938	0.01050	0.00630	0.00667	0.01187	0.01726	0.02394	0.40711	0.36081	0.05825	0.01800	0.00871	0.00253	0.00370	0.01615	0.00729	0.00630
7	0.00880	0.00625	0.00823	0.00976	0.01014	0.00587	0.00644	0.00995	0.01339	0.01785	0.03800	0.69318	0.04552	0.07638	0.01111	0.00319	0.00434	0.01951	0.00644	0.00567
8	0.52716	0.01870	0.15787	0.01229	0.01808	0.01594	0.01210	0.04309	0.03932	0.08006	0.01277	0.01395	0.00937	0.00698	0.00529	0.00222	0.00667	0.00463	0.00463	0.00889
9	0.02046	0.01151	0.01552	0.07302	0.06978	0.01132	0.01109	0.09652	0.03917	0.27184	0.02941	0.24598	0.04743	0.01294	0.00778	0.00243	0.00603	0.01126	0.00697	0.00954
10	0.01316	0.01226	0.02056	0.68854	0.04668	0.01521	0.01897	0.01769	0.01420	0.01819	0.01428	0.06328	0.01179	0.00805	0.00724	0.00240	0.00917	0.00718	0.00337	0.00778
11	0.01753	0.01728	0.02728	0.14424	0.56826	0.05787	0.02107	0.02170	0.01615	0.02217	0.01315	0.01755	0.01089	0.00652	0.00702	0.00214	0.00887	0.00624	0.00348	0.01060
12	0.01732	0.54004	0.18425	0.01373	0.02047	0.02401	0.01489	0.02100	0.01502	0.01891	0.06222	0.01534	0.01345	0.00687	0.00534	0.00174	0.00794	0.00481	0.00340	0.00926
13	0.35662	0.01358	0.01404	0.01302	0.05593	0.01423	0.00984	0.08322	0.05761	0.07994	0.05147	0.02206	0.01591	0.00830	0.00594	0.00211	0.00588	0.05409	0.00541	0.13080

[dist]
# distance from previous block
# <min> <max>
1	2

[block]
# block no. 7 follows, 29 sequences, length 12
# corresponding to MSA columns:
# 298-309
name=unknown_H
#
# <colnr> <probs for GDERKNQSTAVLIFYWHMCP>
#	G	D	E	R	K	N	Q	S	T	A	V	L	I	F	Y	W	H	M	C	P
0	0.01597	0.12892	0.17641	0.01630	0.02232	0.01612	0.10378	0.02363	0.14802	0.05025	0.05213	0.09553	0.01903	0.00904	0.00693	0.00213	0.00759	0.00790	0.00489	0.09312
1	0.00868	0.00620	0.00826	0.00991	0.01033	0.00578	0.00661	0.00991	0.01363	0.01818	0.03925	0.74510	0.04710	0.02231	0.00909	0.00289	0.00413	0.02024	0.00661	0.00578
