[name]
unknown

[dist]
# distance from previous block
# <min> <max>
0	24

[block]
# block no. 0 follows, 26 sequences, length 7
# corresponding to MSA columns:
# 25-31
name=unknown_A
#
# <colnr> <probs for GDERKNQSTAVLIFYWHMCP>
#	G	D	E	R	K	N	Q	S	T	A	V	L	I	F	Y	W	H	M	C	P
0	0.01755	0.07431	0.01859	0.09037	0.09460	0.01353	0.01261	0.06914	0.01860	0.10160	0.03214	0.03954	0.14609	0.01176	0.00772	0.00233	0.00679	0.10284	0.03208	0.10780
1	0.01554	0.01164	0.01561	0.19222	0.02459	0.01231	0.01221	0.06892	0.07827	0.06692	0.07699	0.15519	0.07468	0.01384	0.00939	0.04695	0.00669	0.03780	0.00602	0.07423
2	0.01810	0.01433	0.06677	0.11868	0.06047	0.01281	0.01298	0.09390	0.01875	0.11996	0.07711	0.06008	0.04030	0.08564	0.03790	0.00314	0.00769	0.00856	0.04798	0.09485
3	0.01499	0.01031	0.01321	0.09884	0.01811	0.01062	0.00976	0.09965	0.01863	0.07625	0.13091	0.20963	0.07316	0.14343	0.01401	0.00349	0.00624	0.03440	0.00660	0.00776
4	0.01669	0.01309	0.01632	0.06826	0.01986	0.01386	0.03891	0.18095	0.09376	0.02871	0.05961	0.17838	0.07060	0.08262	0.01134	0.00307	0.00682	0.05806	0.00658	0.03251
5	0.01230	0.00845	0.01016	0.01046	0.01226	0.00804	0.00759	0.01575	0.07209	0.07022	0.08149	0.30356	0.19596	0.09468	0.01226	0.00330	0.00501	0.06217	0.00708	0.00716
6	0.01372	0.00933	0.01044	0.00988	0.01230	0.00907	0.00735	0.05795	0.07409	0.06341	0.12663	0.14164	0.23116	0.07123	0.01054	0.00283	0.00473	0.01304	0.12295	0.00769

[dist]
# distance from previous block
# <min> <max>
1	2

[block]
# block no. 1 follows, 26 sequences, length 13
# corresponding to MSA columns:
# 34-46
name=unknown_B
#
# <colnr> <probs for GDERKNQSTAVLIFYWHMCP>
#	G	D	E	R	K	N	Q	S	T	A	V	L	I	F	Y	W	H	M	C	P
0	0.01484	0.00930	0.01139	0.01085	0.01316	0.00869	0.00787	0.04986	0.03982	0.11934	0.09752	0.30983	0.11261	0.10208	0.01226	0.00319	0.00523	0.01480	0.00712	0.05022
1	0.00925	0.00692	0.00848	0.00970	0.01067	0.00628	0.00659	0.01067	0.01508	0.01943	0.05009	0.52499	0.21416	0.05658	0.01088	0.00315	0.00440	0.01961	0.00692	0.00615
2	0.00952	0.00680	0.00913	0.01088	0.01145	0.00640	0.00753	0.01105	0.01480	0.01968	0.04165	0.66765	0.04955	0.02350	0.00976	0.00312	0.00465	0.07961	0.00704	0.00624
3	0.01122	0.00789	0.00965	0.01023	0.01099	0.00776	0.00676	0.05440	0.01528	0.02050	0.07606	0.42167	0.04188	0.24784	0.01869	0.00434	0.00555	0.01672	0.00639	0.00618
4	0.01257	0.00921	0.01152	0.01136	0.01328	0.00903	0.02409	0.04883	0.08068	0.04821	0.11578	0.36572	0.13451	0.06515	0.01098	0.00307	0.00506	0.01634	0.00713	0.00747
5	0.06424	0.01344	0.01610	0.01259	0.01796	0.01237	0.01021	0.10647	0.04359	0.31014	0.07025	0.02688	0.05620	0.00940	0.00713	0.00208	0.00603	0.00757	0.03350	0.17386
6	0.08546	0.07142	0.02101	0.01642	0.04922	0.01693	0.05520	0.15157	0.06556	0.13318	0.06035	0.02859	0.06576	0.01029	0.00849	0.00236	0.05064	0.04083	0.00639	0.06034
7	0.26411	0.01532	0.01631	0.11005	0.02236	0.01741	0.01198	0.19400	0.10563	0.03329	0.02019	0.12067	0.01775	0.01051	0.00699	0.00249	0.00692	0.00831	0.00602	0.00970
8	0.02605	0.01875	0.02048	0.01617	0.02169	0.02030	0.01315	0.47071	0.10540	0.08585	0.02172	0.06580	0.01680	0.01002	0.00763	0.00230	0.00755	0.00791	0.00752	0.05420
9	0.01546	0.01338	0.01455	0.01356	0.01518	0.09385	0.01026	0.05948	0.01640	0.04213	0.09810	0.15392	0.02871	0.11437	0.16167	0.00529	0.11998	0.01079	0.00542	0.00751
10	0.65149	0.01622	0.06020	0.01118	0.01646	0.01643	0.00993	0.02399	0.01407	0.10392	0.01286	0.01403	0.00945	0.00730	0.00519	0.00235	0.00631	0.00459	0.00509	0.00893
11	0.02926	0.02032	0.06293	0.01674	0.02308	0.02014	0.01446	0.46921	0.03104	0.20347	0.02079	0.01993	0.01413	0.00906	0.00757	0.00230	0.00806	0.00695	0.00776	0.01280
12	0.01835	0.01617	0.01818	0.11498	0.02418	0.05641	0.01208	0.10838	0.07598	0.02729	0.01553	0.01769	0.01225	0.00692	0.00643	0.00166	0.00717	0.00552	0.00499	0.44984

[dist]
# distance from previous block
# <min> <max>
1	8

[block]
# block no. 2 follows, 26 sequences, length 25
# corresponding to MSA columns:
# 55-79
name=unknown_C
#
# <colnr> <probs for GDERKNQSTAVLIFYWHMCP>
#	G	D	E	R	K	N	Q	S	T	A	V	L	I	F	Y	W	H	M	C	P
0	0.37201	0.01578	0.01841	0.10562	0.14694	0.01737	0.01372	0.10319	0.01778	0.10255	0.01464	0.01669	0.01088	0.00756	0.00625	0.00234	0.00736	0.00565	0.00522	0.01004
1	0.01678	0.01466	0.02209	0.20296	0.24923	0.01544	0.01738	0.09746	0.01861	0.02533	0.02192	0.09743	0.04808	0.01044	0.00789	0.00243	0.00812	0.05262	0.00489	0.06625
2	0.02818	0.02086	0.02241	0.01714	0.02324	0.02285	0.01414	0.62869	0.03466	0.04665	0.01797	0.01809	0.01282	0.00893	0.00749	0.00222	0.00821	0.00671	0.00743	0.05131
3	0.02883	0.02125	0.02276	0.01745	0.02352	0.02352	0.01442	0.66082	0.03566	0.04780	0.01821	0.01821	0.01290	0.00911	0.00759	0.00228	0.00835	0.00683	0.00759	0.01290
4	0.01074	0.00775	0.01014	0.00954	0.01133	0.00716	0.00716	0.01431	0.02147	0.03042	0.68211	0.05666	0.07157	0.01551	0.00895	0.00239	0.00358	0.01372	0.00835	0.00716
5	0.01103	0.00735	0.00827	0.00827	0.00827	0.00735	0.00460	0.01103	0.01103	0.01471	0.02390	0.04964	0.02758	0.73343	0.03861	0.00735	0.00735	0.01103	0.00460	0.00460
6	0.02883	0.02125	0.02276	0.01745	0.02352	0.02352	0.01442	0.66082	0.03566	0.04780	0.01821	0.01821	0.01290	0.00911	0.00759	0.00228	0.00835	0.00683	0.00759	0.01290
7	0.00924	0.00660	0.00880	0.01056	0.01100	0.00616	0.00704	0.01056	0.01452	0.01936	0.04181	0.72848	0.05017	0.02376	0.00968	0.00308	0.00440	0.02156	0.00704	0.00616
8	0.01103	0.00735	0.00827	0.00827	0.00827	0.00735	0.00460	0.01103	0.01103	0.01471	0.02390	0.04964	0.02758	0.73343	0.03861	0.00735	0.00735	0.01103	0.00460	0.00460
9	0.02833	0.03615	0.02149	0.01954	0.02345	0.70298	0.01466	0.03029	0.02149	0.01856	0.01172	0.01368	0.00977	0.00782	0.00684	0.00195	0.01368	0.00489	0.00391	0.00879
10	0.00924	0.00660	0.00880	0.01056	0.01100	0.00616	0.00704	0.01056	0.01452	0.01936	0.04181	0.72848	0.05017	0.02376	0.00968	0.00308	0.00440	0.02156	0.00704	0.00616
11	0.01800	0.01724	0.02940	0.16210	0.57658	0.01782	0.02290	0.02260	0.01691	0.02385	0.01413	0.01902	0.01169	0.00690	0.00752	0.00230	0.00920	0.00676	0.00369	0.01139
12	0.05256	0.25317	0.36068	0.06718	0.02894	0.02123	0.04567	0.02371	0.01591	0.04742	0.01319	0.01548	0.01004	0.00705	0.00647	0.00217	0.00980	0.00534	0.00355	0.01044
13	0.01883	0.01867	0.02903	0.13658	0.55246	0.06595	0.02237	0.02323	0.01728	0.02360	0.01398	0.01861	0.01160	0.00695	0.00747	0.00227	0.00949	0.00662	0.00371	0.01130
14	0.02883	0.02125	0.02276	0.01745	0.02352	0.02352	0.01442	0.66082	0.03566	0.04780	0.01821	0.01821	0.01290	0.00911	0.00759	0.00228	0.00835	0.00683	0.00759	0.01290
15	0.01554	0.01472	0.02494	0.53289	0.22507	0.01717	0.02167	0.02044	0.01574	0.02085	0.01370	0.01983	0.01063	0.00736	0.00756	0.00245	0.00981	0.00675	0.00348	0.00940
16	0.01103	0.00735	0.00827	0.00827	0.00827	0.00735	0.00460	0.01103	0.01103	0.01471	0.02390	0.04964	0.02758	0.73343	0.03861	0.00735	0.00735	0.01103	0.00460	0.00460
17	0.01318	0.00659	0.00988	0.00988	0.00988	0.00659	0.00659	0.00988	0.00988	0.01318	0.01318	0.02306	0.01318	0.02635	0.02964	0.77931	0.00659	0.00659	0.00329	0.00329
18	0.02772	0.02139	0.02209	0.01733	0.02310	0.05411	0.01416	0.56405	0.10471	0.04471	0.01930	0.01911	0.01388	0.00918	0.00757	0.00229	0.00833	0.00693	0.00743	0.01261
19	0.01521	0.03923	0.69413	0.02162	0.03283	0.01762	0.02802	0.02402	0.01601	0.02402	0.01361	0.01601	0.00961	0.00721	0.00721	0.00240	0.01121	0.00560	0.00320	0.01121
20	0.02862	0.10581	0.02331	0.01600	0.02190	0.05296	0.01339	0.38368	0.05413	0.19374	0.02024	0.01946	0.01416	0.00884	0.00724	0.00221	0.00803	0.00666	0.00732	0.01229
21	0.01064	0.00775	0.01000	0.00944	0.01127	0.00712	0.00708	0.01413	0.02124	0.02987	0.64890	0.05756	0.10513	0.01571	0.00895	0.00240	0.00359	0.01384	0.00828	0.00712
22	0.00948	0.00760	0.00807	0.00828	0.01023	0.00665	0.00596	0.01111	0.01606	0.01955	0.06385	0.11571	0.49957	0.13855	0.01402	0.00344	0.00461	0.04450	0.00663	0.00611
23	0.01508	0.01452	0.02291	0.48244	0.04142	0.01899	0.01957	0.01900	0.01398	0.01900	0.01230	0.01901	0.01006	0.00949	0.01338	0.00279	0.24761	0.00671	0.00335	0.00838
24	0.31557	0.02077	0.07965	0.01497	0.02034	0.07580	0.01308	0.19626	0.11064	0.03460	0.01576	0.01671	0.01185	0.00835	0.00705	0.00237	0.03455	0.00575	0.00563	0.01032

[dist]
# distance from previous block
# <min> <max>
8	10

[block]
# block no. 3 follows, 26 sequences, length 73
# corresponding to MSA columns:
# 90-162
name=unknown_D
#
# <colnr> <probs for GDERKNQSTAVLIFYWHMCP>
#	G	D	E	R	K	N	Q	S	T	A	V	L	I	F	Y	W	H	M	C	P
0	0.01726	0.01509	0.01800	0.01444	0.01856	0.03975	0.01167	0.02168	0.07370	0.05413	0.05477	0.01994	0.01583	0.00911	0.01175	0.00205	0.21377	0.00619	0.00487	0.37745
1	0.47260	0.01997	0.12474	0.01358	0.01966	0.01825	0.01285	0.15756	0.01855	0.06105	0.01343	0.01469	0.00984	0.00759	0.00583	0.00234	0.00728	0.00506	0.00524	0.00987
2	0.02158	0.02269	0.06728	0.06276	0.42333	0.15861	0.02069	0.05034	0.01895	0.06073	0.01469	0.01798	0.01174	0.00727	0.00737	0.00222	0.00998	0.00635	0.00420	0.01125
3	0.01801	0.01304	0.01522	0.01391	0.01711	0.01387	0.01119	0.20406	0.10685	0.05103	0.10263	0.10198	0.03373	0.07414	0.01129	0.00315	0.00668	0.18557	0.00728	0.00927
4	0.44509	0.05019	0.01698	0.01300	0.01833	0.01981	0.01083	0.25865	0.02174	0.06175	0.01407	0.01497	0.01039	0.00786	0.00587	0.00229	0.00691	0.00524	0.00586	0.01018
5	0.01749	0.01001	0.01275	0.01105	0.01403	0.00945	0.00855	0.07110	0.02162	0.18171	0.39963	0.04570	0.07065	0.05459	0.03486	0.00300	0.00543	0.01150	0.00813	0.00876
6	0.01042	0.00784	0.00991	0.01069	0.01157	0.00789	0.00740	0.01296	0.05073	0.02027	0.08658	0.45568	0.09274	0.10742	0.04010	0.00383	0.03336	0.01750	0.00662	0.00649
7	0.02833	0.03615	0.02149	0.01954	0.02345	0.70298	0.01466	0.03029	0.02149	0.01856	0.01172	0.01368	0.00977	0.00782	0.00684	0.00195	0.01368	0.00489	0.00391	0.00879
8	0.01085	0.00808	0.01198	0.01198	0.01326	0.00936	0.00921	0.01341	0.01213	0.01745	0.02051	0.03089	0.01944	0.09402	0.66689	0.01192	0.01961	0.00829	0.00409	0.00665
9	0.01941	0.01656	0.01746	0.01555	0.01993	0.01912	0.01214	0.07405	0.63779	0.03260	0.03018	0.02775	0.02260	0.01023	0.00771	0.00256	0.00613	0.00848	0.00771	0.01205
10	0.01924	0.02090	0.05315	0.08800	0.41122	0.12199	0.08555	0.02370	0.01801	0.02366	0.05056	0.02025	0.01466	0.00744	0.00763	0.00227	0.00997	0.00703	0.00399	0.01078
11	0.03299	0.01457	0.01863	0.01428	0.02019	0.01362	0.01180	0.16139	0.02449	0.56301	0.02759	0.02430	0.01760	0.00933	0.00762	0.00233	0.00683	0.00747	0.00903	0.01291
12	0.74607	0.01457	0.01150	0.01017	0.01492	0.01670	0.00837	0.02309	0.01339	0.06977	0.01161	0.01306	0.00879	0.00717	0.00485	0.00235	0.00590	0.00430	0.00495	0.00847
13	0.02767	0.03417	0.02123	0.01917	0.02318	0.62866	0.01446	0.05406	0.06909	0.02058	0.01335	0.01490	0.01085	0.00804	0.00693	0.00201	0.01293	0.00522	0.00432	0.00918
14	0.00920	0.00769	0.00801	0.00793	0.01039	0.00650	0.00595	0.01134	0.01785	0.02182	0.15782	0.07081	0.60123	0.01871	0.00896	0.00254	0.00381	0.01570	0.00722	0.00650
15	0.03403	0.01291	0.01760	0.01350	0.01936	0.01115	0.01115	0.03697	0.02171	0.69137	0.02992	0.02582	0.01878	0.00939	0.00763	0.00235	0.00645	0.00763	0.00939	0.01291
16	0.02842	0.03358	0.02171	0.01918	0.02346	0.58600	0.01461	0.13885	0.02393	0.02360	0.01284	0.01446	0.01031	0.00804	0.00697	0.00201	0.01276	0.00522	0.00454	0.00950
17	0.01136	0.00890	0.01319	0.01289	0.01412	0.01073	0.01013	0.01397	0.01214	0.01767	0.01938	0.02860	0.01814	0.05293	0.64178	0.01138	0.08380	0.00799	0.00400	0.00691
18	0.00924	0.00660	0.00880	0.01056	0.01100	0.00616	0.00704	0.01056	0.01452	0.01936	0.04181	0.72848	0.05017	0.02376	0.00968	0.00308	0.00440	0.02156	0.00704	0.00616
19	0.01827	0.02248	0.14368	0.06747	0.41631	0.07052	0.06077	0.02340	0.01734	0.02378	0.01548	0.02193	0.01314	0.00775	0.00767	0.00236	0.00991	0.04284	0.00385	0.01107
20	0.00928	0.00669	0.00872	0.01031	0.01086	0.00622	0.00688	0.01060	0.01457	0.01927	0.04330	0.66640	0.08734	0.04732	0.01061	0.00319	0.00447	0.02088	0.00696	0.00612
21	0.01234	0.01059	0.01837	0.01676	0.01935	0.01011	0.15958	0.01563	0.01638	0.02173	0.03508	0.32894	0.03884	0.01872	0.00980	0.00311	0.00729	0.24370	0.00628	0.00740
22	0.01536	0.03698	0.62770	0.02151	0.03232	0.01727	0.05533	0.02376	0.01608	0.02407	0.01368	0.01620	0.00978	0.00708	0.00720	0.00234	0.01097	0.00569	0.00330	0.05335
23	0.01041	0.00774	0.00969	0.00920	0.01113	0.00702	0.00690	0.01368	0.02070	0.02858	0.57040	0.05967	0.18443	0.01619	0.00895	0.00242	0.00363	0.01414	0.00811	0.00702
24	0.01933	0.60704	0.16239	0.01460	0.02197	0.02769	0.01580	0.02296	0.01552	0.01900	0.01112	0.01289	0.00971	0.00662	0.00531	0.00177	0.00869	0.00435	0.00324	0.01001
25	0.02771	0.02017	0.02210	0.01714	0.02263	0.02248	0.01409	0.57606	0.03285	0.07023	0.01837	0.01946	0.01344	0.03358	0.00966	0.00251	0.05087	0.00699	0.00730	0.01235
26	0.01102	0.00808	0.01065	0.01172	0.01341	0.00772	0.00958	0.01396	0.01769	0.02319	0.15663	0.17436	0.14878	0.02016	0.00986	0.00310	0.00553	0.34056	0.00724	0.00680
27	0.01182	0.00957	0.01408	0.01351	0.01463	0.01183	0.01070	0.01435	0.01209	0.01772	0.01855	0.02754	0.01742	0.04943	0.58735	0.01067	0.13988	0.00787	0.00394	0.00703
28	0.00924	0.00660	0.00880	0.01056	0.01100	0.00616	0.00704	0.01056	0.01452	0.01936	0.04181	0.72848	0.05017	0.02376	0.00968	0.00308	0.00440	0.02156	0.00704	0.00616
29	0.01573	0.01348	0.01573	0.01123	0.01798	0.01011	0.00899	0.01910	0.01573	0.02472	0.01348	0.01573	0.01123	0.00562	0.00562	0.00112	0.00562	0.00449	0.00449	0.77980
30	0.01074	0.00775	0.01014	0.00954	0.01133	0.00716	0.00716	0.01431	0.02147	0.03042	0.68211	0.05666	0.07157	0.01551	0.00895	0.00239	0.00358	0.01372	0.00835	0.00716
31	0.01573	0.01348	0.01573	0.01123	0.01798	0.01011	0.00899	0.01910	0.01573	0.02472	0.01348	0.01573	0.01123	0.00562	0.00562	0.00112	0.00562	0.00449	0.00449	0.77980
32	0.01073	0.00779	0.01013	0.00966	0.01148	0.00719	0.00732	0.01424	0.02114	0.02970	0.63125	0.05853	0.09407	0.01588	0.00901	0.00244	0.00373	0.04033	0.00824	0.00712
33	0.02833	0.03615	0.02149	0.01954	0.02345	0.70298	0.01466	0.03029	0.02149	0.01856	0.01172	0.01368	0.00977	0.00782	0.00684	0.00195	0.01368	0.00489	0.00391	0.00879
34	0.01103	0.00735	0.00827	0.00827	0.00827	0.00735	0.00460	0.01103	0.01103	0.01471	0.02390	0.04964	0.02758	0.73343	0.03861	0.00735	0.00735	0.01103	0.00460	0.00460
35	0.00909	0.00766	0.00772	0.00772	0.01013	0.00646	0.00569	0.01089	0.01691	0.02014	0.07367	0.07160	0.64375	0.06202	0.01074	0.00285	0.00405	0.01571	0.00690	0.00629
36	0.01103	0.00735	0.00827	0.00827	0.00827	0.00735	0.00460	0.01103	0.01103	0.01471	0.02390	0.04964	0.02758	0.73343	0.03861	0.00735	0.00735	0.01103	0.00460	0.00460
37	0.00925	0.00773	0.00807	0.00809	0.01055	0.00656	0.00613	0.01137	0.01766	0.02145	0.12863	0.07204	0.60478	0.01895	0.00902	0.00258	0.00394	0.03954	0.00716	0.00649
38	0.78701	0.01467	0.01115	0.00997	0.01467	0.01702	0.00821	0.02230	0.01291	0.03403	0.01056	0.01232	0.00821	0.00704	0.00469	0.00235	0.00587	0.00411	0.00469	0.00821
39	0.01103	0.00735	0.00827	0.00827	0.00827	0.00735	0.00460	0.01103	0.01103	0.01471	0.02390	0.04964	0.02758	0.73343	0.03861	0.00735	0.00735	0.01103	0.00460	0.00460
40	0.01642	0.20570	0.53824	0.01956	0.02965	0.02057	0.02444	0.02371	0.01587	0.02255	0.01288	0.01510	0.00964	0.00704	0.00665	0.00222	0.01047	0.00524	0.00321	0.01086
41	0.78701	0.01467	0.01115	0.00997	0.01467	0.01702	0.00821	0.02230	0.01291	0.03403	0.01056	0.01232	0.00821	0.00704	0.00469	0.00235	0.00587	0.00411	0.00469	0.00821
42	0.01997	0.01883	0.02914	0.07878	0.55560	0.04538	0.02188	0.09077	0.01927	0.02668	0.01454	0.01859	0.01192	0.00709	0.00750	0.00226	0.00918	0.00669	0.00415	0.01179
43	0.78701	0.01467	0.01115	0.00997	0.01467	0.01702	0.00821	0.02230	0.01291	0.03403	0.01056	0.01232	0.00821	0.00704	0.00469	0.00235	0.00587	0.00411	0.00469	0.00821
44	0.02837	0.03495	0.02160	0.01937	0.02345	0.64842	0.01464	0.08092	0.02263	0.02091	0.01225	0.01404	0.01002	0.00792	0.00690	0.00198	0.01325	0.00504	0.00420	0.00912
45	0.01758	0.02022	0.06280	0.02980	0.06498	0.01990	0.47546	0.02300	0.01652	0.02307	0.01413	0.01943	0.01115	0.00785	0.01209	0.00269	0.15741	0.00826	0.00370	0.00995
46	0.01611	0.19785	0.50283	0.01891	0.02847	0.01984	0.02332	0.02314	0.01620	0.02299	0.05298	0.01757	0.01335	0.00754	0.00677	0.00222	0.01004	0.00574	0.00352	0.01063
47	0.01103	0.00735	0.00827	0.00827	0.00827	0.00735	0.00460	0.01103	0.01103	0.01471	0.02390	0.04964	0.02758	0.73343	0.03861	0.00735	0.00735	0.01103	0.00460	0.00460
48	0.01910	0.01863	0.02973	0.04211	0.57459	0.04337	0.04681	0.02516	0.07819	0.02518	0.01576	0.01953	0.01294	0.00711	0.00756	0.00228	0.00905	0.00694	0.00413	0.01183
49	0.00924	0.00660	0.00880	0.01056	0.01100	0.00616	0.00704	0.01056	0.01452	0.01936	0.04181	0.72848	0.05017	0.02376	0.00968	0.00308	0.00440	0.02156	0.00704	0.00616
50	0.01540	0.01539	0.02251	0.08930	0.02376	0.04937	0.09454	0.01793	0.01387	0.01938	0.01828	0.17860	0.01927	0.01397	0.01690	0.00303	0.36593	0.01024	0.00426	0.00809
51	0.01737	0.01360	0.01596	0.01167	0.01819	0.01072	0.00934	0.02179	0.05556	0.07797	0.01583	0.01728	0.01255	0.00620	0.00590	0.00131	0.00571	0.00499	0.00508	0.67300
52	0.01531	0.10627	0.58234	0.02001	0.03001	0.01806	0.02510	0.02297	0.01585	0.02309	0.01524	0.06442	0.01240	0.00827	0.00714	0.00237	0.01044	0.00654	0.00347	0.01072
53	0.01521	0.03923	0.69413	0.02162	0.03283	0.01762	0.02802	0.02402	0.01601	0.02402	0.01361	0.01601	0.00961	0.00721	0.00721	0.00240	0.01121	0.00560	0.00320	0.01121
54	0.00921	0.00673	0.00867	0.01022	0.01091	0.00619	0.00689	0.01060	0.01485	0.01950	0.04598	0.65044	0.12551	0.02322	0.00960	0.00302	0.00433	0.02090	0.00704	0.00619
55	0.01521	0.03923	0.69413	0.02162	0.03283	0.01762	0.02802	0.02402	0.01601	0.02402	0.01361	0.01601	0.00961	0.00721	0.00721	0.00240	0.01121	0.00560	0.00320	0.01121
56	0.01443	0.01362	0.02277	0.68394	0.05079	0.01714	0.02086	0.01933	0.01501	0.01933	0.01332	0.02006	0.01010	0.00784	0.00836	0.00256	0.04200	0.00674	0.00337	0.00842
57	0.01318	0.00659	0.00988	0.00988	0.00988	0.00659	0.00659	0.00988	0.00988	0.01318	0.01318	0.02306	0.01318	0.02635	0.02964	0.77931	0.00659	0.00659	0.00329	0.00329
58	0.01103	0.00735	0.00827	0.00827	0.00827	0.00735	0.00460	0.01103	0.01103	0.01471	0.02390	0.04964	0.02758	0.73343	0.03861	0.00735	0.00735	0.01103	0.00460	0.00460
59	0.02035	0.01844	0.01759	0.01582	0.01995	0.10880	0.01249	0.11653	0.40691	0.03069	0.02927	0.03297	0.04474	0.01130	0.00794	0.00255	0.00737	0.07827	0.00709	0.01094
60	0.01877	0.01802	0.03079	0.04656	0.68612	0.01802	0.02328	0.02328	0.01727	0.02478	0.01427	0.01877	0.01201	0.00676	0.00751	0.00225	0.00901	0.00676	0.00375	0.01201
61	0.00907	0.00753	0.00786	0.00809	0.01028	0.00640	0.00590	0.01085	0.01670	0.02014	0.07029	0.16113	0.57496	0.04405	0.01007	0.00279	0.00404	0.01659	0.00696	0.00631
62	0.02028	0.73799	0.03975	0.01298	0.01947	0.03001	0.01298	0.02271	0.01541	0.01785	0.01055	0.01217	0.00973	0.00649	0.00487	0.00162	0.00811	0.00406	0.00324	0.00973
63	0.01659	0.01659	0.02323	0.01991	0.01991	0.02323	0.01659	0.01825	0.01162	0.01825	0.00996	0.01659	0.00996	0.01328	0.02489	0.00332	0.71955	0.00664	0.00332	0.00830
64	0.01025	0.00818	0.00933	0.00948	0.01180	0.00740	0.00745	0.01345	0.04014	0.02322	0.18675	0.07065	0.42164	0.01851	0.00920	0.00270	0.00445	0.13121	0.00731	0.00685
65	0.01091	0.00730	0.00831	0.00843	0.00846	0.00727	0.00476	0.01100	0.01127	0.01503	0.02513	0.09612	0.02912	0.68484	0.03663	0.00706	0.00715	0.01175	0.00476	0.00470
66	0.04471	0.03630	0.61689	0.02057	0.03113	0.01709	0.02600	0.02496	0.01634	0.07611	0.01477	0.01664	0.01027	0.00737	0.00715	0.00240	0.01065	0.00571	0.00374	0.01123
67	0.01659	0.01659	0.02323	0.01991	0.01991	0.02323	0.01659	0.01825	0.01162	0.01825	0.00996	0.01659	0.00996	0.01328	0.02489	0.00332	0.71955	0.00664	0.00332	0.00830
68	0.01887	0.01629	0.01715	0.01544	0.01972	0.01887	0.01201	0.04031	0.67241	0.03173	0.03087	0.02830	0.02315	0.01029	0.00772	0.00257	0.00600	0.00858	0.00772	0.01201
69	0.01426	0.01311	0.02205	0.67685	0.04994	0.01629	0.02028	0.01886	0.01488	0.01904	0.01346	0.02038	0.01028	0.00860	0.00878	0.04477	0.00992	0.00673	0.00337	0.00815
70	0.00985	0.00772	0.00892	0.00862	0.01079	0.00678	0.00646	0.01260	0.01939	0.02547	0.38038	0.06480	0.37639	0.01735	0.00896	0.00247	0.00371	0.01486	0.00770	0.00678
71	0.01556	0.01348	0.01656	0.09504	0.02206	0.01091	0.01043	0.01913	0.01566	0.02408	0.01348	0.01626	0.01110	0.00585	0.00585	0.00129	0.00615	0.00476	0.00436	0.68796
72	0.01710	0.01826	0.03559	0.05543	0.08536	0.01835	0.40322	0.02211	0.01645	0.02304	0.01523	0.04716	0.01275	0.00816	0.01101	0.00255	0.12127	0.00845	0.00391	0.07460

[dist]
# distance from previous block
# <min> <max>
0	1

[block]
# block no. 4 follows, 26 sequences, length 16
# corresponding to MSA columns:
# 164-179
name=unknown_E
#
# <colnr> <probs for GDERKNQSTAVLIFYWHMCP>
#	G	D	E	R	K	N	Q	S	T	A	V	L	I	F	Y	W	H	M	C	P
0	0.39179	0.01803	0.10921	0.06087	0.16818	0.01637	0.01491	0.02182	0.01525	0.02941	0.07613	0.01896	0.01541	0.00784	0.00624	0.00235	0.00732	0.00597	0.00455	0.00938
1	0.01570	0.10600	0.63161	0.02079	0.03155	0.01880	0.02659	0.02390	0.01596	0.02343	0.01332	0.01565	0.00962	0.00714	0.00698	0.00233	0.01091	0.00546	0.00321	0.01107
2	0.01075	0.00793	0.01010	0.00982	0.01156	0.00744	0.00726	0.01463	0.04604	0.02839	0.53409	0.15119	0.09885	0.01666	0.00900	0.00250	0.00380	0.01474	0.00807	0.00717
3	0.00953	0.00707	0.00901	0.01026	0.01126	0.00638	0.00699	0.01102	0.01491	0.01976	0.04451	0.61675	0.12226	0.02234	0.00940	0.00292	0.00440	0.02007	0.00692	0.04426
4	0.02381	0.02113	0.01840	0.01624	0.02067	0.20261	0.01259	0.03707	0.39420	0.13181	0.02555	0.02396	0.01885	0.00948	0.00747	0.00237	0.00815	0.00743	0.00695	0.01128
5	0.01850	0.01339	0.01601	0.01158	0.01819	0.01027	0.00931	0.02180	0.01663	0.12558	0.01597	0.01726	0.01238	0.00619	0.00592	0.00131	0.00574	0.00497	0.00523	0.66377
6	0.01087	0.00735	0.00853	0.00858	0.00882	0.00725	0.00507	0.01138	0.01250	0.01687	0.10213	0.09794	0.03430	0.59984	0.03311	0.00647	0.00671	0.01208	0.00521	0.00500
7	0.01163	0.01214	0.09231	0.01350	0.01588	0.01100	0.01178	0.01489	0.01256	0.01827	0.01919	0.02840	0.01780	0.07786	0.56086	0.01041	0.05241	0.00788	0.00395	0.00727
8	0.01799	0.01722	0.02937	0.16482	0.57400	0.01782	0.02289	0.02259	0.01690	0.02383	0.01413	0.01903	0.01168	0.00690	0.00752	0.00230	0.00921	0.00676	0.00369	0.01138
9	0.01621	0.01544	0.01392	0.01292	0.01615	0.12616	0.00996	0.04449	0.21272	0.02614	0.14843	0.04626	0.21689	0.01386	0.00829	0.00248	0.00639	0.04749	0.00695	0.00882
10	0.04862	0.02109	0.01912	0.08248	0.02337	0.17733	0.01322	0.29399	0.04285	0.03231	0.02728	0.02766	0.13726	0.01051	0.00758	0.00229	0.00877	0.00804	0.00613	0.01012
11	0.00993	0.00775	0.00886	0.00875	0.01081	0.00687	0.00655	0.01240	0.01835	0.02375	0.28637	0.06628	0.38224	0.06795	0.01112	0.00289	0.00418	0.05103	0.00733	0.00658
12	0.01915	0.58277	0.18511	0.01490	0.02244	0.02726	0.01632	0.02300	0.01555	0.01922	0.01123	0.01302	0.00971	0.00665	0.00539	0.00180	0.00880	0.00440	0.00324	0.01006
13	0.01786	0.01726	0.02995	0.17659	0.52806	0.01785	0.05632	0.02257	0.01689	0.02370	0.01417	0.01915	0.01162	0.00690	0.00760	0.00232	0.00943	0.00687	0.00368	0.01122
14	0.07921	0.09341	0.30645	0.02120	0.10254	0.01670	0.05791	0.02155	0.01649	0.02456	0.06895	0.05063	0.01987	0.00976	0.00750	0.00246	0.00902	0.07750	0.00438	0.00990
15	0.01698	0.01584	0.02878	0.09620	0.02994	0.01626	0.29011	0.07222	0.01873	0.05184	0.11190	0.10140	0.02421	0.01066	0.01024	0.00263	0.07722	0.01030	0.00524	0.00931

[dist]
# distance from previous block
# <min> <max>
0	3

[block]
# block no. 5 follows, 26 sequences, length 43
# corresponding to MSA columns:
# 183-225
name=unknown_F
#
# <colnr> <probs for GDERKNQSTAVLIFYWHMCP>
#	G	D	E	R	K	N	Q	S	T	A	V	L	I	F	Y	W	H	M	C	P
0	0.01633	0.01621	0.02272	0.01956	0.01962	0.02260	0.01627	0.01804	0.01164	0.01822	0.01043	0.01720	0.01037	0.01528	0.05611	0.00373	0.68738	0.00671	0.00335	0.00823
1	0.01706	0.01749	0.02538	0.02090	0.02229	0.04251	0.09312	0.01938	0.01288	0.01932	0.01084	0.01693	0.01020	0.01189	0.02145	0.00307	0.57698	0.00675	0.00346	0.04810
2	0.00948	0.00673	0.00882	0.01031	0.01078	0.00632	0.00683	0.01080	0.01457	0.01952	0.07305	0.63405	0.04927	0.08605	0.01220	0.00342	0.00462	0.02023	0.00689	0.00607
3	0.01573	0.01348	0.01573	0.01123	0.01798	0.01011	0.00899	0.01910	0.01573	0.02472	0.01348	0.01573	0.01123	0.00562	0.00562	0.00112	0.00562	0.00449	0.00449	0.77980
4	0.01035	0.00823	0.00941	0.00972	0.01169	0.00769	0.00713	0.01423	0.07868	0.02279	0.15218	0.25451	0.32732	0.01918	0.00910	0.00271	0.00427	0.03652	0.00730	0.00699
5	0.01196	0.00878	0.00991	0.00934	0.01194	0.00798	0.00708	0.04390	0.03781	0.05921	0.23986	0.09868	0.39123	0.01720	0.00883	0.00252	0.00420	0.01461	0.00758	0.00739
6	0.02883	0.02125	0.02276	0.01745	0.02352	0.02352	0.01442	0.66082	0.03566	0.04780	0.01821	0.01821	0.01290	0.00911	0.00759	0.00228	0.00835	0.00683	0.00759	0.01290
7	0.01620	0.01605	0.02315	0.14126	0.02556	0.02212	0.01737	0.01845	0.01224	0.01845	0.01057	0.01723	0.00998	0.01228	0.02187	0.00318	0.59573	0.00666	0.00333	0.00832
8	0.01030	0.00827	0.00929	0.00930	0.01154	0.00759	0.00699	0.01407	0.06717	0.02358	0.20640	0.14003	0.39296	0.01828	0.00902	0.00262	0.00415	0.04403	0.00739	0.00700
9	0.02836	0.03538	0.02156	0.01943	0.02345	0.66801	0.01464	0.06274	0.02222	0.02007	0.01206	0.01391	0.00993	0.00788	0.00688	0.00197	0.01340	0.00499	0.00410	0.00900
10	0.01084	0.00813	0.01219	0.01219	0.01354	0.00948	0.00948	0.01354	0.01219	0.01761	0.02032	0.02980	0.01896	0.05689	0.70337	0.01219	0.02032	0.00813	0.00406	0.00677
11	0.02833	0.03615	0.02149	0.01954	0.02345	0.70298	0.01466	0.03029	0.02149	0.01856	0.01172	0.01368	0.00977	0.00782	0.00684	0.00195	0.01368	0.00489	0.00391	0.00879
12	0.01102	0.00737	0.00836	0.00833	0.00842	0.00734	0.00472	0.01118	0.01152	0.01544	0.05450	0.04996	0.02962	0.70006	0.03723	0.00712	0.00718	0.01116	0.00477	0.00472
13	0.02883	0.02125	0.02276	0.01745	0.02352	0.02352	0.01442	0.66082	0.03566	0.04780	0.01821	0.01821	0.01290	0.00911	0.00759	0.00228	0.00835	0.00683	0.00759	0.01290
14	0.01074	0.00775	0.01014	0.00954	0.01133	0.00716	0.00716	0.01431	0.02147	0.03042	0.68211	0.05666	0.07157	0.01551	0.00895	0.00239	0.00358	0.01372	0.00835	0.00716
15	0.01659	0.01659	0.02323	0.01991	0.01991	0.02323	0.01659	0.01825	0.01162	0.01825	0.00996	0.01659	0.00996	0.01328	0.02489	0.00332	0.71955	0.00664	0.00332	0.00830
16	0.03228	0.01252	0.01704	0.01320	0.01876	0.01085	0.01085	0.03526	0.02169	0.64171	0.07893	0.02813	0.02274	0.00985	0.00773	0.00235	0.00624	0.00809	0.00931	0.01248
17	0.00896	0.00768	0.00768	0.00768	0.01025	0.00640	0.00576	0.01089	0.01729	0.02049	0.07684	0.07300	0.68304	0.01921	0.00896	0.00256	0.00384	0.01601	0.00704	0.00640
18	0.01742	0.02218	0.11928	0.06936	0.06429	0.01882	0.52469	0.02395	0.01750	0.02401	0.01500	0.01986	0.01123	0.00657	0.00862	0.00253	0.01231	0.00835	0.00373	0.01031
19	0.01272	0.00930	0.01259	0.01408	0.01602	0.00949	0.01221	0.01756	0.06667	0.02338	0.03946	0.08126	0.04211	0.02015	0.01027	0.00342	0.00691	0.58799	0.00704	0.00736
20	0.68507	0.01638	0.01264	0.01110	0.01585	0.05573	0.00906	0.07301	0.01518	0.03425	0.01123	0.01286	0.00867	0.00725	0.00504	0.00232	0.00650	0.00436	0.00488	0.00862
21	0.01521	0.03923	0.69413	0.02162	0.03283	0.01762	0.02802	0.02402	0.01601	0.02402	0.01361	0.01601	0.00961	0.00721	0.00721	0.00240	0.01121	0.00560	0.00320	0.01121
22	0.01854	0.01779	0.03037	0.08097	0.65349	0.01796	0.02316	0.02308	0.01716	0.02450	0.01423	0.01885	0.01192	0.00680	0.00751	0.00227	0.00907	0.00676	0.00373	0.01183
23	0.01074	0.00775	0.01014	0.00954	0.01133	0.00716	0.00716	0.01431	0.02147	0.03042	0.68211	0.05666	0.07157	0.01551	0.00895	0.00239	0.00358	0.01372	0.00835	0.00716
24	0.01964	0.01728	0.01755	0.01568	0.02002	0.04633	0.01221	0.06457	0.62115	0.03184	0.02961	0.02732	0.02221	0.01014	0.00768	0.00254	0.00640	0.00836	0.00756	0.01191
25	0.02831	0.02075	0.02317	0.01775	0.02381	0.02276	0.03698	0.59496	0.05533	0.07027	0.01896	0.01890	0.01340	0.00906	0.00764	0.00230	0.00836	0.00699	0.00753	0.01278
26	0.00975	0.00767	0.00881	0.00863	0.01076	0.00672	0.00643	0.01238	0.01900	0.02480	0.34091	0.09522	0.38630	0.01779	0.00899	0.00251	0.00375	0.01525	0.00762	0.00672
27	0.01043	0.00739	0.00816	0.00826	0.00890	0.00706	0.00501	0.01097	0.01273	0.01636	0.03764	0.09306	0.18662	0.52198	0.02986	0.00596	0.00634	0.01282	0.00532	0.00512
28	0.01571	0.10768	0.63003	0.02077	0.03152	0.01883	0.02655	0.02389	0.01596	0.02342	0.01331	0.01564	0.00962	0.00714	0.00698	0.00233	0.01091	0.00545	0.00321	0.01107
29	0.01631	0.01645	0.02357	0.29643	0.09041	0.07158	0.05098	0.01980	0.01481	0.01968	0.01452	0.07168	0.01328	0.01048	0.01321	0.00275	0.23390	0.00779	0.00373	0.00864
30	0.03403	0.01291	0.01760	0.01350	0.01936	0.01115	0.01115	0.03697	0.02171	0.69137	0.02992	0.02582	0.01878	0.00939	0.00763	0.00235	0.00645	0.00763	0.00939	0.01291
31	0.00945	0.00812	0.00893	0.06093	0.01345	0.00722	0.00698	0.01168	0.01732	0.02085	0.09917	0.06830	0.60510	0.01817	0.00886	0.00255	0.00430	0.01521	0.00683	0.00659
32	0.02613	0.11886	0.02519	0.02297	0.14364	0.39605	0.01567	0.05691	0.02061	0.08521	0.01407	0.01578	0.01118	0.00766	0.00682	0.00202	0.01119	0.00547	0.00448	0.01008
33	0.01058	0.00770	0.00995	0.00948	0.01126	0.00708	0.00708	0.01397	0.02096	0.02943	0.62310	0.08427	0.10462	0.01604	0.00898	0.00242	0.00363	0.01416	0.00823	0.00708
34	0.00976	0.00682	0.00865	0.00989	0.01021	0.00651	0.00633	0.01070	0.01350	0.01800	0.03658	0.53043	0.04358	0.23080	0.01812	0.00433	0.00526	0.01849	0.00633	0.00570
35	0.26323	0.01594	0.01717	0.01360	0.01917	0.01664	0.01122	0.21868	0.02318	0.29784	0.02049	0.01941	0.01379	0.00858	0.00672	0.00233	0.00684	0.00631	0.00741	0.01147
36	0.01441	0.01336	0.02217	0.65961	0.04926	0.01674	0.02028	0.01927	0.01505	0.01967	0.01377	0.02038	0.01046	0.00786	0.00821	0.00253	0.03893	0.00675	0.03292	0.00837
37	0.01784	0.01706	0.02887	0.11833	0.58612	0.01737	0.02225	0.02229	0.01704	0.02399	0.01699	0.02136	0.04189	0.00741	0.00758	0.00230	0.00890	0.00717	0.00386	0.01137
38	0.01972	0.66103	0.11183	0.01393	0.02094	0.02865	0.01464	0.02286	0.01548	0.01853	0.01088	0.01259	0.00972	0.00657	0.00512	0.00171	0.00845	0.00423	0.00324	0.00990
39	0.01917	0.61950	0.06608	0.01342	0.01947	0.02744	0.01338	0.02194	0.01572	0.01908	0.06112	0.01588	0.01438	0.00750	0.00618	0.00179	0.03981	0.00497	0.00363	0.00954
40	0.01212	0.00906	0.01139	0.01036	0.01293	0.00828	0.00803	0.04135	0.02089	0.02946	0.50144	0.05325	0.08242	0.01467	0.00863	0.00233	0.00430	0.06328	0.00771	0.09811
41	0.02602	0.01946	0.02052	0.01618	0.02150	0.04770	0.01320	0.51435	0.03184	0.06213	0.06534	0.02409	0.05144	0.01196	0.03623	0.00269	0.00845	0.00776	0.00737	0.01177
42	0.31696	0.07728	0.04439	0.07726	0.02111	0.10031	0.01222	0.04512	0.10231	0.02790	0.03722	0.01992	0.04389	0.00870	0.00695	0.00234	0.03598	0.00611	0.00496	0.00908

[dist]
# distance from previous block
# <min> <max>
3	5

[block]
# block no. 6 follows, 26 sequences, length 38
# corresponding to MSA columns:
# 231-268
name=unknown_G
#
# <colnr> <probs for GDERKNQSTAVLIFYWHMCP>
#	G	D	E	R	K	N	Q	S	T	A	V	L	I	F	Y	W	H	M	C	P
0	0.07520	0.29445	0.05712	0.01456	0.01988	0.07343	0.01312	0.10372	0.08028	0.06851	0.04848	0.02013	0.03879	0.00883	0.00748	0.00213	0.05244	0.00623	0.00512	0.01010
1	0.19173	0.01448	0.04701	0.04481	0.01945	0.01343	0.01125	0.07076	0.04128	0.27667	0.12200	0.02579	0.02297	0.00940	0.00704	0.00229	0.00634	0.00743	0.00715	0.05873
2	0.01118	0.04161	0.01116	0.01098	0.01216	0.00853	0.00771	0.05679	0.01603	0.02117	0.03935	0.59968	0.06740	0.04524	0.01024	0.00308	0.00493	0.01917	0.00682	0.00676
3	0.01300	0.00713	0.01064	0.06252	0.01309	0.00734	0.00765	0.01099	0.01090	0.01479	0.01592	0.07763	0.01608	0.02397	0.02537	0.62683	0.00655	0.00778	0.03776	0.00407
4	0.01790	0.02046	0.04476	0.03197	0.03964	0.01918	0.65857	0.02430	0.01790	0.02430	0.01535	0.02046	0.01151	0.00639	0.00895	0.00256	0.01279	0.00895	0.00384	0.01023
5	0.01074	0.00775	0.01014	0.00954	0.01133	0.00716	0.00716	0.01431	0.02147	0.03042	0.68211	0.05666	0.07157	0.01551	0.00895	0.00239	0.00358	0.01372	0.00835	0.00716
6	0.02028	0.73799	0.03975	0.01298	0.01947	0.03001	0.01298	0.02271	0.01541	0.01785	0.01055	0.01217	0.00973	0.00649	0.00487	0.00162	0.00811	0.00406	0.00324	0.00973
7	0.01314	0.00826	0.01075	0.00992	0.01214	0.00750	0.00751	0.01643	0.02087	0.10285	0.53800	0.08944	0.10287	0.01549	0.00884	0.00243	0.00396	0.01359	0.00832	0.00770
8	0.01960	0.54193	0.16197	0.01568	0.02309	0.02690	0.04580	0.05127	0.01654	0.02063	0.01168	0.01354	0.00993	0.00674	0.00562	0.00184	0.00892	0.00470	0.00346	0.01017
9	0.01187	0.00835	0.01166	0.01332	0.01481	0.00829	0.01127	0.01475	0.01671	0.02180	0.03910	0.16806	0.04307	0.02158	0.01128	0.04028	0.00662	0.52366	0.00682	0.00670
10	0.01167	0.00844	0.01150	0.01297	0.01469	0.00827	0.01104	0.01489	0.01749	0.02278	0.08333	0.12790	0.09543	0.02067	0.01021	0.00332	0.00635	0.50508	0.00708	0.00689
11	0.01875	0.52655	0.23776	0.01559	0.02351	0.02626	0.01753	0.02311	0.01559	0.01971	0.01147	0.01333	0.00970	0.00671	0.00557	0.00186	0.00905	0.00452	0.00323	0.01018
12	0.10290	0.01030	0.04279	0.01012	0.01264	0.00907	0.00800	0.01641	0.01815	0.06872	0.39096	0.04677	0.06667	0.14851	0.01385	0.00332	0.00510	0.01139	0.00700	0.00733
13	0.00940	0.00691	0.00859	0.00978	0.01063	0.00635	0.00659	0.01080	0.01498	0.01956	0.06967	0.52175	0.16765	0.08512	0.01207	0.00333	0.00453	0.01931	0.00687	0.00610
14	0.01080	0.00736	0.00859	0.00872	0.00897	0.00734	0.00521	0.01125	0.01194	0.01599	0.05020	0.10552	0.04943	0.58918	0.07296	0.00697	0.00763	0.01197	0.00497	0.00500
15	0.02219	0.05521	0.01979	0.01573	0.02066	0.02028	0.01263	0.19790	0.44500	0.06570	0.02653	0.02476	0.01963	0.00975	0.00753	0.00244	0.00673	0.00785	0.00753	0.01216
16	0.02883	0.02125	0.02276	0.01745	0.02352	0.02352	0.01442	0.66082	0.03566	0.04780	0.01821	0.01821	0.01290	0.00911	0.00759	0.00228	0.00835	0.00683	0.00759	0.01290
17	0.00933	0.00664	0.00878	0.01045	0.01087	0.00622	0.00692	0.01058	0.01435	0.01913	0.04092	0.69494	0.04905	0.05883	0.01111	0.00329	0.00455	0.02104	0.00692	0.00608
18	0.01175	0.00799	0.01036	0.00963	0.01166	0.00731	0.00727	0.01521	0.02126	0.06128	0.61944	0.05605	0.10109	0.01541	0.00888	0.00239	0.00373	0.01355	0.00833	0.00739
19	0.07430	0.10937	0.50079	0.02130	0.07054	0.05144	0.02403	0.02401	0.01606	0.02391	0.01301	0.01540	0.00968	0.00712	0.00677	0.00229	0.01046	0.00537	0.00339	0.01077
20	0.01084	0.00813	0.01219	0.01219	0.01354	0.00948	0.00948	0.01354	0.01219	0.01761	0.02032	0.02980	0.01896	0.05689	0.70337	0.01219	0.02032	0.00813	0.00406	0.00677
21	0.00958	0.00674	0.00870	0.01013	0.01049	0.00638	0.00658	0.01065	0.01387	0.01849	0.03845	0.60115	0.04593	0.15688	0.01511	0.00388	0.00495	0.01959	0.00658	0.00587
22	0.01757	0.05398	0.08904	0.02807	0.03451	0.02032	0.46146	0.02307	0.01647	0.02285	0.01399	0.01902	0.01099	0.00775	0.01162	0.00265	0.14503	0.00804	0.00366	0.00992
23	0.00923	0.00665	0.00875	0.01043	0.01097	0.00617	0.00698	0.01058	0.01465	0.01942	0.04344	0.69796	0.07964	0.02355	0.00965	0.00306	0.00437	0.02130	0.00704	0.00617
24	0.10079	0.08557	0.57279	0.01973	0.02989	0.01842	0.02478	0.02374	0.01563	0.02469	0.01306	0.01534	0.00946	0.00714	0.00676	0.00234	0.01040	0.00533	0.00337	0.01078
25	0.02523	0.30697	0.02854	0.01701	0.02191	0.44330	0.01401	0.02736	0.01915	0.01829	0.01127	0.01310	0.00976	0.00730	0.00608	0.00183	0.01153	0.00457	0.00365	0.00916
26	0.03257	0.01259	0.01714	0.01325	0.01886	0.01090	0.01090	0.03555	0.02169	0.64997	0.07078	0.02775	0.02208	0.00977	0.00771	0.00235	0.00627	0.00801	0.00932	0.01255
27	0.01084	0.00813	0.01219	0.01219	0.01354	0.00948	0.00948	0.01354	0.01219	0.01761	0.02032	0.02980	0.01896	0.05689	0.70337	0.01219	0.02032	0.00813	0.00406	0.00677
28	0.02833	0.03615	0.02149	0.01954	0.02345	0.70298	0.01466	0.03029	0.02149	0.01856	0.01172	0.01368	0.00977	0.00782	0.00684	0.00195	0.01368	0.00489	0.00391	0.00879
29	0.00933	0.00765	0.00823	0.00818	0.01050	0.00655	0.00610	0.01156	0.01802	0.02245	0.19759	0.09766	0.53254	0.01866	0.00899	0.00255	0.00381	0.01578	0.00731	0.00655
30	0.01103	0.00735	0.00827	0.00827	0.00827	0.00735	0.00460	0.01103	0.01103	0.01471	0.02390	0.04964	0.02758	0.73343	0.03861	0.00735	0.00735	0.01103	0.00460	0.00460
31	0.00945	0.00770	0.00835	0.00819	0.01054	0.00661	0.00614	0.01182	0.01842	0.02319	0.24122	0.06856	0.51697	0.01820	0.00896	0.00251	0.00377	0.01539	0.00740	0.00661
32	0.00938	0.00670	0.00896	0.01072	0.01122	0.00628	0.00728	0.01080	0.01466	0.01952	0.04173	0.69906	0.04987	0.02363	0.00972	0.00310	0.00452	0.04964	0.00704	0.00620
33	0.02833	0.03615	0.02149	0.01954	0.02345	0.70298	0.01466	0.03029	0.02149	0.01856	0.01172	0.01368	0.00977	0.00782	0.00684	0.00195	0.01368	0.00489	0.00391	0.00879
34	0.01541	0.01314	0.01539	0.01120	0.01763	0.00992	0.00889	0.01868	0.01567	0.02445	0.01488	0.05095	0.01316	0.00651	0.00582	0.00122	0.00556	0.00534	0.00462	0.74157
35	0.01840	0.01767	0.02997	0.08883	0.61864	0.01815	0.02287	0.02283	0.01691	0.02417	0.01405	0.01878	0.01181	0.00707	0.00820	0.00231	0.03725	0.00675	0.00371	0.01163
36	0.01510	0.01442	0.02220	0.41417	0.03784	0.01859	0.01846	0.01870	0.01378	0.01904	0.01253	0.01965	0.01064	0.03216	0.01472	0.00291	0.26607	0.00675	0.00343	0.03883
37	0.02123	0.60445	0.06603	0.01432	0.02064	0.12787	0.01389	0.02388	0.01633	0.01822	0.01085	0.01256	0.00973	0.00672	0.00526	0.00171	0.00906	0.00425	0.00334	0.00966

[dist]
# distance from previous block
# <min> <max>
0	1

[block]
# block no. 7 follows, 26 sequences, length 24
# corresponding to MSA columns:
# 270-293
name=unknown_H
#
# <colnr> <probs for GDERKNQSTAVLIFYWHMCP>
#	G	D	E	R	K	N	Q	S	T	A	V	L	I	F	Y	W	H	M	C	P
0	0.01836	0.01969	0.07219	0.15182	0.50353	0.05629	0.02274	0.02309	0.01709	0.02351	0.01395	0.01854	0.01142	0.00698	0.00746	0.00229	0.00959	0.00658	0.00366	0.01120
1	0.01471	0.01383	0.02269	0.44439	0.20862	0.01568	0.01948	0.01918	0.01600	0.02092	0.02260	0.02728	0.10534	0.00901	0.00776	0.00246	0.00895	0.00805	0.00399	0.00906
2	0.11625	0.01328	0.01588	0.01267	0.01776	0.01263	0.01027	0.08551	0.05780	0.34234	0.12956	0.02756	0.02492	0.00972	0.00728	0.00223	0.00598	0.00784	0.00789	0.09264
3	0.01729	0.01649	0.02785	0.19635	0.50968	0.01720	0.02193	0.02180	0.01679	0.02335	0.01711	0.02172	0.04400	0.00755	0.00760	0.00233	0.00901	0.00720	0.00383	0.01093
4	0.01084	0.00813	0.01219	0.01219	0.01354	0.00948	0.00948	0.01354	0.01219	0.01761	0.02032	0.02980	0.01896	0.05689	0.70337	0.01219	0.02032	0.00813	0.00406	0.00677
5	0.78701	0.01467	0.01115	0.00997	0.01467	0.01702	0.00821	0.02230	0.01291	0.03403	0.01056	0.01232	0.00821	0.00704	0.00469	0.00235	0.00587	0.00411	0.00469	0.00821
6	0.01084	0.00813	0.01219	0.01219	0.01354	0.00948	0.00948	0.01354	0.01219	0.01761	0.02032	0.02980	0.01896	0.05689	0.70337	0.01219	0.02032	0.00813	0.00406	0.00677
7	0.01432	0.01348	0.02275	0.71520	0.05224	0.01685	0.02107	0.01938	0.01517	0.01938	0.01348	0.02022	0.01011	0.00758	0.00758	0.00253	0.01011	0.00674	0.00337	0.00843
8	0.01545	0.01470	0.02535	0.58316	0.09138	0.01738	0.08108	0.04221	0.01627	0.02117	0.01387	0.02008	0.01046	0.00747	0.00771	0.00250	0.01023	0.00695	0.00358	0.00898
9	0.78701	0.01467	0.01115	0.00997	0.01467	0.01702	0.00821	0.02230	0.01291	0.03403	0.01056	0.01232	0.00821	0.00704	0.00469	0.00235	0.00587	0.00411	0.00469	0.00821
10	0.00958	0.00674	0.00870	0.01013	0.01049	0.00639	0.00658	0.01065	0.01386	0.01848	0.03843	0.60045	0.04591	0.15761	0.01514	0.00389	0.00496	0.01958	0.00658	0.00587
11	0.02883	0.02125	0.02276	0.01745	0.02352	0.02352	0.01442	0.66082	0.03566	0.04780	0.01821	0.01821	0.01290	0.00911	0.00759	0.00228	0.00835	0.00683	0.00759	0.01290
12	0.01642	0.16216	0.52056	0.02221	0.08634	0.01986	0.02493	0.02372	0.01601	0.02298	0.01312	0.01556	0.00984	0.00704	0.00681	0.00225	0.01047	0.00543	0.00326	0.01102
13	0.02703	0.02026	0.02178	0.01682	0.02279	0.02213	0.01381	0.56206	0.08535	0.04475	0.01887	0.01883	0.01360	0.00894	0.00745	0.00221	0.00795	0.00679	0.00736	0.07122
14	0.01521	0.03923	0.69413	0.02162	0.03283	0.01762	0.02802	0.02402	0.01601	0.02402	0.01361	0.01601	0.00961	0.00721	0.00721	0.00240	0.01121	0.00560	0.00320	0.01121
15	0.00926	0.00769	0.00812	0.00825	0.01063	0.00656	0.00624	0.01134	0.01746	0.02121	0.11356	0.10063	0.58315	0.01925	0.00907	0.00262	0.00401	0.04736	0.00713	0.00647
16	0.02484	0.12697	0.02396	0.06442	0.04756	0.28563	0.01459	0.14886	0.11780	0.04975	0.01642	0.01749	0.01273	0.00823	0.00693	0.00212	0.01011	0.00596	0.00522	0.01040
17	0.01070	0.00740	0.00922	0.00951	0.00988	0.00763	0.00607	0.01151	0.01185	0.01610	0.02601	0.15532	0.02934	0.46910	0.18059	0.00773	0.00974	0.01210	0.00487	0.00533
