[name]
unknown

[dist]
# distance from previous block
# <min> <max>
44	69

[block]
# block no. 0 follows, 29 sequences, length 10
# corresponding to MSA columns:
# 90-99
name=unknown_A
#
# <colnr> <probs for GDERKNQSTAVLIFYWHMCP>
#	G	D	E	R	K	N	Q	S	T	A	V	L	I	F	Y	W	H	M	C	P
0	0.07035	0.01601	0.05917	0.07029	0.11420	0.04033	0.13081	0.05243	0.07226	0.02366	0.02066	0.13153	0.04326	0.00975	0.00770	0.00226	0.02748	0.00879	0.00469	0.09437
1	0.01365	0.01246	0.01632	0.20681	0.08716	0.06255	0.01310	0.04102	0.04083	0.02066	0.07071	0.27904	0.02758	0.01351	0.00901	0.00253	0.05862	0.01167	0.00508	0.00768
2	0.09534	0.11499	0.07347	0.08667	0.09469	0.03439	0.04643	0.10498	0.03598	0.09533	0.01928	0.07539	0.03319	0.03278	0.00772	0.00236	0.00764	0.02500	0.00500	0.00939
3	0.01575	0.01473	0.04379	0.25371	0.10236	0.05929	0.01483	0.06019	0.06497	0.04512	0.09831	0.09346	0.02149	0.00957	0.00726	0.00222	0.00756	0.00829	0.00491	0.07221
4	0.01849	0.01510	0.01776	0.01723	0.09369	0.04948	0.01222	0.11780	0.16040	0.07950	0.02338	0.10249	0.05153	0.01059	0.00923	0.00227	0.09943	0.00839	0.00577	0.10523
5	0.01445	0.01169	0.01500	0.05752	0.07449	0.04956	0.03224	0.01739	0.03012	0.05825	0.10581	0.08043	0.04491	0.12160	0.05527	0.00345	0.07717	0.00899	0.08183	0.05985
6	0.01414	0.01109	0.01208	0.01113	0.01362	0.04449	0.00838	0.12827	0.05650	0.02731	0.24102	0.23108	0.06313	0.01437	0.00787	0.00231	0.00502	0.01245	0.04949	0.04624
7	0.01260	0.00720	0.00810	0.07182	0.01217	0.00735	0.00644	0.01580	0.01490	0.02468	0.02738	0.07241	0.07716	0.00985	0.00571	0.00186	0.00394	0.00813	0.60584	0.00665
8	0.01774	0.04259	0.01947	0.10880	0.05914	0.08345	0.06861	0.07634	0.01634	0.08790	0.01780	0.05496	0.01578	0.12045	0.05955	0.00355	0.07942	0.00762	0.05220	0.00828
9	0.09715	0.01378	0.04466	0.06336	0.03985	0.01275	0.01176	0.11239	0.01997	0.38123	0.04927	0.08338	0.01927	0.00966	0.00709	0.00227	0.00646	0.00792	0.00718	0.01059

[dist]
# distance from previous block
# <min> <max>
11	28

[block]
# block no. 1 follows, 29 sequences, length 31
# corresponding to MSA columns:
# 128-158
name=unknown_B
#
# <colnr> <probs for GDERKNQSTAVLIFYWHMCP>
#	G	D	E	R	K	N	Q	S	T	A	V	L	I	F	Y	W	H	M	C	P
0	0.22414	0.13362	0.11696	0.11956	0.04644	0.06728	0.04269	0.02000	0.01438	0.02254	0.01608	0.06472	0.04248	0.00973	0.02990	0.00247	0.00830	0.00643	0.00392	0.00835
1	0.07863	0.51728	0.06985	0.01415	0.04903	0.09047	0.01287	0.02148	0.01503	0.01872	0.01356	0.01501	0.04514	0.00692	0.00517	0.00172	0.00794	0.00466	0.00341	0.00896
2	0.19060	0.40723	0.11595	0.01300	0.01888	0.02270	0.01306	0.05522	0.01478	0.02231	0.01100	0.01301	0.00932	0.00852	0.03431	0.00225	0.03091	0.00437	0.00359	0.00900
3	0.06294	0.04890	0.02138	0.04496	0.17125	0.23966	0.01436	0.15668	0.02019	0.02536	0.01346	0.01676	0.01115	0.04566	0.00800	0.00218	0.00921	0.00560	0.00442	0.07789
4	0.01417	0.01034	0.01215	0.04884	0.01541	0.03222	0.00908	0.08195	0.07924	0.07646	0.09595	0.33386	0.09534	0.01628	0.00831	0.00258	0.00535	0.04803	0.00673	0.00773
5	0.04603	0.01421	0.02153	0.60389	0.04435	0.05265	0.04747	0.01991	0.04467	0.01942	0.01326	0.01871	0.01000	0.00717	0.00704	0.00234	0.00945	0.00631	0.00344	0.00814
6	0.01542	0.01438	0.02384	0.47439	0.26402	0.01646	0.02019	0.04842	0.01573	0.02103	0.01309	0.01845	0.01020	0.00693	0.00710	0.00228	0.00908	0.00634	0.00346	0.00920
7	0.00991	0.00694	0.00880	0.00923	0.01059	0.00630	0.00658	0.01202	0.01652	0.04592	0.26865	0.37102	0.16407	0.01849	0.00867	0.00256	0.00385	0.01641	0.00710	0.00636
8	0.01075	0.00821	0.00988	0.01043	0.01174	0.00833	0.00731	0.01588	0.14731	0.02145	0.12048	0.43820	0.06628	0.07591	0.01075	0.00301	0.00453	0.01596	0.00671	0.00687
9	0.01609	0.01776	0.03706	0.16833	0.03875	0.01774	0.52035	0.02165	0.01604	0.02165	0.01384	0.01901	0.01048	0.00650	0.00880	0.00243	0.04295	0.00790	0.00349	0.00919
10	0.04263	0.00911	0.01083	0.00986	0.01265	0.00874	0.00759	0.03754	0.04122	0.15736	0.07052	0.07499	0.28024	0.06931	0.13080	0.00419	0.00722	0.01113	0.00643	0.00763
11	0.09202	0.00900	0.01012	0.00995	0.01224	0.00887	0.00754	0.06164	0.03637	0.05270	0.13759	0.25006	0.20949	0.01642	0.00812	0.00253	0.00458	0.05697	0.00671	0.00710
12	0.00868	0.00620	0.00826	0.00991	0.01033	0.00578	0.00661	0.00991	0.01363	0.01818	0.03925	0.74510	0.04710	0.02231	0.00909	0.00289	0.00413	0.02024	0.00661	0.00578
13	0.01237	0.00618	0.00928	0.00928	0.00928	0.00618	0.00618	0.00928	0.00928	0.01237	0.01237	0.02165	0.01237	0.02474	0.02783	0.79283	0.00618	0.00618	0.00309	0.00309
14	0.08605	0.01267	0.01420	0.01229	0.01608	0.01342	0.00975	0.09735	0.24124	0.14645	0.19465	0.03332	0.05295	0.01090	0.00737	0.00231	0.00533	0.02652	0.00736	0.00977
15	0.05361	0.01219	0.01561	0.01260	0.01734	0.01138	0.01024	0.07117	0.06382	0.50762	0.02756	0.05635	0.01998	0.04277	0.00858	0.00251	0.00611	0.04151	0.00805	0.01102
16	0.01428	0.03683	0.71286	0.02030	0.03082	0.01654	0.02631	0.02255	0.01503	0.02255	0.01278	0.01503	0.00902	0.00677	0.00677	0.00226	0.01052	0.00526	0.00301	0.01052
17	0.47791	0.01277	0.01254	0.01050	0.01512	0.01343	0.00862	0.02530	0.01555	0.27099	0.06116	0.01873	0.01506	0.00790	0.00564	0.00221	0.00556	0.00561	0.00618	0.00920
18	0.00999	0.00728	0.00940	0.00887	0.01058	0.00668	0.00665	0.01327	0.01995	0.02806	0.66837	0.05400	0.10070	0.01474	0.00840	0.00225	0.00337	0.01299	0.00777	0.00668
19	0.01017	0.00763	0.01144	0.01144	0.01272	0.00890	0.00890	0.01272	0.01144	0.01653	0.01907	0.02797	0.01780	0.05340	0.72153	0.01144	0.01907	0.00763	0.00381	0.00636
20	0.00877	0.00723	0.00770	0.00758	0.00983	0.00616	0.00569	0.01090	0.01706	0.02120	0.20501	0.06529	0.56834	0.01730	0.00841	0.00237	0.00355	0.01457	0.00687	0.00616
21	0.01029	0.00707	0.00899	0.00999	0.01090	0.00669	0.00683	0.03884	0.01468	0.04210	0.03921	0.60973	0.08634	0.05938	0.01033	0.00302	0.00446	0.01837	0.00658	0.00620
22	0.01237	0.00618	0.00928	0.00928	0.00928	0.00618	0.00618	0.00928	0.00928	0.01237	0.01237	0.02165	0.01237	0.02474	0.02783	0.79283	0.00618	0.00618	0.00309	0.00309
23	0.00868	0.00620	0.00826	0.00991	0.01033	0.00578	0.00661	0.00991	0.01363	0.01818	0.03925	0.74510	0.04710	0.02231	0.00909	0.00289	0.00413	0.02024	0.00661	0.00578
24	0.01036	0.00690	0.00777	0.00777	0.00777	0.00690	0.00431	0.01036	0.01036	0.01381	0.02244	0.04660	0.02589	0.74975	0.03624	0.00690	0.00690	0.01036	0.00431	0.00431
25	0.00868	0.00620	0.00826	0.00991	0.01033	0.00578	0.00661	0.00991	0.01363	0.01818	0.03925	0.74510	0.04710	0.02231	0.00909	0.00289	0.00413	0.02024	0.00661	0.00578
26	0.00868	0.00620	0.00826	0.00991	0.01033	0.00578	0.00661	0.00991	0.01363	0.01818	0.03925	0.74510	0.04710	0.02231	0.00909	0.00289	0.00413	0.02024	0.00661	0.00578
27	0.01477	0.01266	0.01477	0.01055	0.01687	0.00949	0.00844	0.01793	0.01477	0.02320	0.01266	0.01477	0.01055	0.00527	0.00527	0.00105	0.00527	0.00422	0.00422	0.79328
28	0.01017	0.00763	0.01144	0.01144	0.01272	0.00890	0.00890	0.01272	0.01144	0.01653	0.01907	0.02797	0.01780	0.05340	0.72153	0.01144	0.01907	0.00763	0.00381	0.00636
29	0.03195	0.01212	0.01652	0.01267	0.01818	0.01047	0.01047	0.03470	0.02038	0.71026	0.02809	0.02424	0.01763	0.00881	0.00716	0.00220	0.00606	0.00716	0.00881	0.01212
30	0.01477	0.01266	0.01477	0.01055	0.01687	0.00949	0.00844	0.01793	0.01477	0.02320	0.01266	0.01477	0.01055	0.00527	0.00527	0.00105	0.00527	0.00422	0.00422	0.79328

[dist]
# distance from previous block
# <min> <max>
0	5

[block]
# block no. 2 follows, 29 sequences, length 30
# corresponding to MSA columns:
# 164-193
name=unknown_C
#
# <colnr> <probs for GDERKNQSTAVLIFYWHMCP>
#	G	D	E	R	K	N	Q	S	T	A	V	L	I	F	Y	W	H	M	C	P
0	0.80005	0.01377	0.01047	0.00936	0.01377	0.01597	0.00771	0.02093	0.01212	0.03195	0.00991	0.01157	0.00771	0.00661	0.00441	0.00220	0.00551	0.00386	0.00441	0.00771
1	0.01904	0.75404	0.03731	0.01218	0.01828	0.02818	0.01218	0.02132	0.01447	0.01675	0.00990	0.01142	0.00914	0.00609	0.00457	0.00152	0.00761	0.00381	0.00305	0.00914
2	0.01477	0.01266	0.01477	0.01055	0.01687	0.00949	0.00844	0.01793	0.01477	0.02320	0.01266	0.01477	0.01055	0.00527	0.00527	0.00105	0.00527	0.00422	0.00422	0.79328
3	0.00994	0.00715	0.00932	0.00901	0.01050	0.00663	0.00662	0.01296	0.01912	0.02694	0.60805	0.12470	0.06359	0.04225	0.00949	0.00248	0.00357	0.01355	0.00758	0.00653
4	0.01237	0.00618	0.00928	0.00928	0.00928	0.00618	0.00618	0.00928	0.00928	0.01237	0.01237	0.02165	0.01237	0.02474	0.02783	0.79283	0.00618	0.00618	0.00309	0.00309
5	0.03195	0.01212	0.01652	0.01267	0.01818	0.01047	0.01047	0.03470	0.02038	0.71026	0.02809	0.02424	0.01763	0.00881	0.00716	0.00220	0.00606	0.00716	0.00881	0.01212
6	0.00859	0.00727	0.00745	0.00754	0.00990	0.00613	0.00575	0.01047	0.01624	0.01935	0.07021	0.06919	0.66556	0.01812	0.00849	0.00245	0.00377	0.05085	0.00661	0.00604
7	0.02668	0.01975	0.02115	0.01630	0.02193	0.02190	0.01344	0.65465	0.06106	0.04425	0.01759	0.01749	0.01251	0.00859	0.00713	0.00215	0.00774	0.00648	0.00713	0.01207
8	0.02689	0.02015	0.02142	0.01726	0.04496	0.04944	0.01372	0.61206	0.03194	0.06489	0.01709	0.01718	0.01215	0.00843	0.00709	0.00213	0.00800	0.00636	0.00692	0.01193
9	0.01638	0.29387	0.41697	0.01700	0.02533	0.05021	0.02011	0.02203	0.01493	0.02005	0.01188	0.01408	0.00936	0.00811	0.02993	0.00228	0.00986	0.00479	0.00308	0.00979
10	0.01771	0.01530	0.01610	0.01449	0.01852	0.01771	0.01127	0.03784	0.69247	0.02979	0.02898	0.02657	0.02174	0.00966	0.00725	0.00242	0.00564	0.00805	0.00725	0.01127
11	0.00965	0.00717	0.00866	0.00834	0.01016	0.00642	0.00620	0.01193	0.01785	0.02385	0.41601	0.05628	0.29538	0.01664	0.00996	0.06553	0.00368	0.01313	0.00701	0.00617
12	0.02603	0.08804	0.02147	0.01788	0.02173	0.66910	0.01364	0.02790	0.01975	0.01738	0.01092	0.01273	0.00917	0.00724	0.00628	0.00181	0.01245	0.00453	0.00362	0.00832
13	0.02539	0.14674	0.05305	0.01564	0.02160	0.02231	0.01369	0.50742	0.02877	0.07263	0.01623	0.01639	0.01175	0.00806	0.00667	0.00204	0.00782	0.00595	0.00633	0.01153
14	0.00866	0.00625	0.00821	0.00979	0.01029	0.00579	0.00655	0.00993	0.01376	0.01823	0.04083	0.71261	0.07857	0.02210	0.00906	0.00287	0.00411	0.01999	0.00661	0.00579
15	0.00933	0.00701	0.00864	0.00873	0.01030	0.00632	0.00636	0.01180	0.01765	0.02378	0.38781	0.21613	0.22563	0.01723	0.00856	0.00243	0.00360	0.01512	0.00724	0.00632
16	0.68089	0.09950	0.01380	0.00981	0.01446	0.01718	0.00833	0.02149	0.01270	0.05548	0.01059	0.01202	0.00825	0.00663	0.00453	0.00212	0.00577	0.00397	0.00441	0.00804
17	0.00868	0.00620	0.00826	0.00991	0.01033	0.00578	0.00661	0.00991	0.01363	0.01818	0.03925	0.74510	0.04710	0.02231	0.00909	0.00289	0.00413	0.02024	0.00661	0.00578
18	0.02707	0.01995	0.02137	0.01638	0.02208	0.02208	0.01353	0.68159	0.03348	0.04488	0.01710	0.01710	0.01211	0.00855	0.00712	0.00214	0.00784	0.00641	0.00712	0.01211
19	0.00868	0.00620	0.00826	0.00991	0.01033	0.00578	0.00661	0.00991	0.01363	0.01818	0.03925	0.74510	0.04710	0.02231	0.00909	0.00289	0.00413	0.02024	0.00661	0.00578
20	0.02660	0.03394	0.02018	0.01834	0.02201	0.72116	0.01376	0.02843	0.02018	0.01743	0.01101	0.01284	0.00917	0.00734	0.00642	0.00183	0.01284	0.00459	0.00367	0.00825
21	0.01036	0.00690	0.00777	0.00777	0.00777	0.00690	0.00431	0.01036	0.01036	0.01381	0.02244	0.04660	0.02589	0.74975	0.03624	0.00690	0.00690	0.01036	0.00431	0.00431
22	0.01027	0.00687	0.00779	0.00787	0.00790	0.00685	0.00443	0.01033	0.01052	0.01403	0.02328	0.08180	0.02696	0.71309	0.03487	0.00670	0.00676	0.01085	0.00443	0.00439
23	0.01027	0.00687	0.00779	0.00787	0.00789	0.00685	0.00442	0.01033	0.01051	0.01402	0.02324	0.08008	0.02690	0.71488	0.03494	0.00671	0.00677	0.01083	0.00442	0.00439
24	0.00877	0.00723	0.00771	0.00759	0.00984	0.00616	0.00569	0.01091	0.01708	0.02125	0.20797	0.06522	0.56535	0.01728	0.00841	0.00237	0.00355	0.01456	0.00688	0.00616
25	0.00868	0.00620	0.00826	0.00991	0.01033	0.00578	0.00661	0.00991	0.01363	0.01818	0.03925	0.74510	0.04710	0.02231	0.00909	0.00289	0.00413	0.02024	0.00661	0.00578
26	0.01477	0.01266	0.01477	0.01055	0.01687	0.00949	0.00844	0.01793	0.01477	0.02320	0.01266	0.01477	0.01055	0.00527	0.00527	0.00105	0.00527	0.00422	0.00422	0.79328
27	0.00901	0.00638	0.00812	0.00937	0.00978	0.00602	0.00609	0.01002	0.01305	0.01732	0.03699	0.57665	0.06675	0.17177	0.01465	0.00370	0.00468	0.01802	0.00614	0.00549
28	0.01304	0.01011	0.01212	0.01235	0.01455	0.01071	0.00978	0.04644	0.20552	0.02407	0.07266	0.19421	0.06308	0.03966	0.00955	0.00293	0.00557	0.23899	0.00679	0.00786
29	0.02660	0.03394	0.02018	0.01834	0.02201	0.72116	0.01376	0.02843	0.02018	0.01743	0.01101	0.01284	0.00917	0.00734	0.00642	0.00183	0.01284	0.00459	0.00367	0.00825

[dist]
# distance from previous block
# <min> <max>
1	18

[block]
# block no. 3 follows, 29 sequences, length 13
# corresponding to MSA columns:
# 212-224
name=unknown_D
#
# <colnr> <probs for GDERKNQSTAVLIFYWHMCP>
#	G	D	E	R	K	N	Q	S	T	A	V	L	I	F	Y	W	H	M	C	P
0	0.16256	0.00916	0.01065	0.00954	0.01225	0.00898	0.00742	0.01774	0.01867	0.12177	0.47922	0.04138	0.04920	0.01227	0.00747	0.00223	0.00413	0.01039	0.00732	0.00764
1	0.80005	0.01377	0.01047	0.00936	0.01377	0.01597	0.00771	0.02093	0.01212	0.03195	0.00991	0.01157	0.00771	0.00661	0.00441	0.00220	0.00551	0.00386	0.00441	0.00771
2	0.00874	0.00723	0.00766	0.00755	0.00982	0.00615	0.00566	0.01084	0.01699	0.02104	0.19385	0.06556	0.57960	0.01736	0.00841	0.00237	0.00356	0.01461	0.00685	0.00615
3	0.01597	0.01624	0.02263	0.18715	0.02728	0.07677	0.07887	0.01882	0.01324	0.01848	0.01153	0.01712	0.01001	0.00993	0.01568	0.00269	0.39556	0.00635	0.04771	0.00796
4	0.01137	0.00701	0.00900	0.00962	0.01059	0.00652	0.00650	0.01263	0.01403	0.08672	0.06338	0.48002	0.06637	0.16457	0.01422	0.00357	0.00482	0.01647	0.00643	0.00617
5	0.00872	0.00699	0.00783	0.00834	0.01012	0.00609	0.00611	0.01052	0.01572	0.01951	0.09262	0.25408	0.45796	0.01912	0.00867	0.00257	0.00389	0.04847	0.00667	0.00601
6	0.01731	0.34880	0.29162	0.01796	0.02576	0.05633	0.10819	0.02233	0.01528	0.01979	0.01165	0.01391	0.00932	0.00639	0.00601	0.00193	0.00956	0.00502	0.00314	0.00968
7	0.03146	0.01289	0.01701	0.01304	0.01856	0.01162	0.01077	0.09887	0.02168	0.64426	0.02700	0.02353	0.01708	0.00879	0.00716	0.00220	0.00624	0.00709	0.00865	0.01212
8	0.01477	0.01266	0.01477	0.01055	0.01687	0.00949	0.00844	0.01793	0.01477	0.02320	0.01266	0.01477	0.01055	0.00527	0.00527	0.00105	0.00527	0.00422	0.00422	0.79328
9	0.01008	0.00728	0.00952	0.00896	0.01064	0.00672	0.00672	0.01344	0.02016	0.02855	0.70158	0.05319	0.06719	0.01456	0.00840	0.00224	0.00336	0.01288	0.00784	0.00672
10	0.00868	0.00620	0.00826	0.00991	0.01033	0.00578	0.00661	0.00991	0.01363	0.01818	0.03925	0.74510	0.04710	0.02231	0.00909	0.00289	0.00413	0.02024	0.00661	0.00578
11	0.01558	0.01558	0.02181	0.01869	0.01869	0.02181	0.01558	0.01714	0.01091	0.01714	0.00935	0.01558	0.00935	0.01246	0.02337	0.00312	0.73672	0.00623	0.00312	0.00779
12	0.01477	0.01266	0.01477	0.01055	0.01687	0.00949	0.00844	0.01793	0.01477	0.02320	0.01266	0.01477	0.01055	0.00527	0.00527	0.00105	0.00527	0.00422	0.00422	0.79328

[dist]
# distance from previous block
# <min> <max>
0	26

[block]
# block no. 4 follows, 29 sequences, length 62
# corresponding to MSA columns:
# 251-312
name=unknown_E
#
# <colnr> <probs for GDERKNQSTAVLIFYWHMCP>
#	G	D	E	R	K	N	Q	S	T	A	V	L	I	F	Y	W	H	M	C	P
0	0.01136	0.00812	0.01132	0.01278	0.01442	0.00808	0.01109	0.01465	0.01670	0.02190	0.09176	0.07811	0.04311	0.01925	0.00972	0.00319	0.00630	0.60492	0.00666	0.00657
1	0.02808	0.01833	0.02037	0.01562	0.02127	0.01968	0.01290	0.54784	0.03077	0.18245	0.01937	0.01857	0.01325	0.00860	0.00713	0.00215	0.00747	0.00657	0.00747	0.01211
2	0.01428	0.03683	0.71286	0.02030	0.03082	0.01654	0.02631	0.02255	0.01503	0.02255	0.01278	0.01503	0.00902	0.00677	0.00677	0.00226	0.01052	0.00526	0.00301	0.01052
3	0.80005	0.01377	0.01047	0.00936	0.01377	0.01597	0.00771	0.02093	0.01212	0.03195	0.00991	0.01157	0.00771	0.00661	0.00441	0.00220	0.00551	0.00386	0.00441	0.00771
4	0.00868	0.00620	0.00826	0.00991	0.01033	0.00578	0.00661	0.00991	0.01363	0.01818	0.03925	0.74510	0.04710	0.02231	0.00909	0.00289	0.00413	0.02024	0.00661	0.00578
5	0.01036	0.00690	0.00777	0.00777	0.00777	0.00690	0.00431	0.01036	0.01036	0.01381	0.02244	0.04660	0.02589	0.74975	0.03624	0.00690	0.00690	0.01036	0.00431	0.00431
6	0.02660	0.03394	0.02018	0.01834	0.02201	0.72116	0.01376	0.02843	0.02018	0.01743	0.01101	0.01284	0.00917	0.00734	0.00642	0.00183	0.01284	0.00459	0.00367	0.00825
7	0.01036	0.00690	0.00777	0.00777	0.00777	0.00690	0.00431	0.01036	0.01036	0.01381	0.02244	0.04660	0.02589	0.74975	0.03624	0.00690	0.00690	0.01036	0.00431	0.00431
8	0.01008	0.00728	0.00952	0.00896	0.01064	0.00672	0.00672	0.01344	0.02016	0.02855	0.70158	0.05319	0.06719	0.01456	0.00840	0.00224	0.00336	0.01288	0.00784	0.00672
9	0.00849	0.00722	0.00732	0.00729	0.00966	0.00604	0.00547	0.01036	0.01641	0.01966	0.10045	0.06784	0.67387	0.01788	0.00841	0.00240	0.00360	0.01493	0.00667	0.00604
10	0.66609	0.01348	0.01152	0.00994	0.01454	0.01501	0.00819	0.02333	0.01356	0.15025	0.01309	0.01378	0.00944	0.00699	0.00489	0.00220	0.00560	0.00443	0.00518	0.00848
11	0.01237	0.00618	0.00928	0.00928	0.00928	0.00618	0.00618	0.00928	0.00928	0.01237	0.01237	0.02165	0.01237	0.02474	0.02783	0.79283	0.00618	0.00618	0.00309	0.00309
12	0.01771	0.01530	0.01610	0.01449	0.01852	0.01771	0.01127	0.03784	0.69247	0.02979	0.02898	0.02657	0.02174	0.00966	0.00725	0.00242	0.00564	0.00805	0.00725	0.01127
13	0.00974	0.00664	0.00795	0.00856	0.00871	0.00649	0.00516	0.01019	0.01156	0.01542	0.02864	0.30429	0.03371	0.48138	0.02623	0.00542	0.00588	0.01400	0.00516	0.00486
14	0.01123	0.00802	0.01120	0.01284	0.01437	0.00799	0.01105	0.01433	0.01615	0.02104	0.03784	0.13798	0.04151	0.01990	0.00977	0.00324	0.00635	0.60214	0.00656	0.00649
15	0.01036	0.00690	0.00777	0.00777	0.00777	0.00690	0.00431	0.01036	0.01036	0.01381	0.02244	0.04660	0.02589	0.74975	0.03624	0.00690	0.00690	0.01036	0.00431	0.00431
16	0.06961	0.01220	0.01623	0.01251	0.01796	0.01074	0.01033	0.03403	0.01998	0.67701	0.02720	0.02362	0.01714	0.00871	0.00703	0.00220	0.00603	0.00700	0.00860	0.01190
17	0.01477	0.01266	0.01477	0.01055	0.01687	0.00949	0.00844	0.01793	0.01477	0.02320	0.01266	0.01477	0.01055	0.00527	0.00527	0.00105	0.00527	0.00422	0.00422	0.79328
18	0.00868	0.00620	0.00826	0.00991	0.01033	0.00578	0.00661	0.00991	0.01363	0.01818	0.03925	0.74510	0.04710	0.02231	0.00909	0.00289	0.00413	0.02024	0.00661	0.00578
19	0.00868	0.00620	0.00826	0.00991	0.01033	0.00578	0.00661	0.00991	0.01363	0.01818	0.03925	0.74510	0.04710	0.02231	0.00909	0.00289	0.00413	0.02024	0.00661	0.00578
20	0.01029	0.00717	0.00911	0.00911	0.00958	0.00763	0.00599	0.01122	0.01075	0.01480	0.02121	0.03979	0.02293	0.49510	0.28685	0.00856	0.01135	0.00936	0.00413	0.00506
21	0.01959	0.01623	0.01716	0.01487	0.01923	0.01859	0.01173	0.16734	0.55990	0.03282	0.02659	0.02466	0.01980	0.00944	0.00722	0.00236	0.00608	0.00772	0.00722	0.01144
22	0.01904	0.75404	0.03731	0.01218	0.01828	0.02818	0.01218	0.02132	0.01447	0.01675	0.00990	0.01142	0.00914	0.00609	0.00457	0.00152	0.00761	0.00381	0.00305	0.00914
23	0.04000	0.01212	0.01956	0.37767	0.08405	0.01382	0.06752	0.03755	0.01476	0.02071	0.01656	0.06843	0.01439	0.04477	0.05872	0.00315	0.00903	0.00762	0.08170	0.00788
24	0.01691	0.01619	0.02761	0.16173	0.59290	0.01673	0.02150	0.02123	0.01588	0.02239	0.01327	0.01786	0.01097	0.00648	0.00706	0.00216	0.00864	0.00634	0.00346	0.01070
25	0.01463	0.01422	0.02238	0.60262	0.14108	0.04770	0.01980	0.01917	0.01479	0.01888	0.01269	0.01851	0.00973	0.00702	0.00708	0.00231	0.00950	0.00625	0.00324	0.00840
26	0.01945	0.67130	0.06085	0.01296	0.01903	0.08196	0.01283	0.02192	0.01494	0.01702	0.01009	0.01167	0.00914	0.00621	0.00479	0.00157	0.00813	0.00392	0.00309	0.00912
27	0.01405	0.01298	0.02136	0.70089	0.04785	0.01610	0.01950	0.04759	0.01509	0.01938	0.01285	0.01890	0.00961	0.00718	0.00712	0.00236	0.00942	0.00633	0.00334	0.00810
28	0.01020	0.00751	0.01083	0.01083	0.01189	0.00857	0.00814	0.01232	0.01126	0.01608	0.01963	0.03108	0.01915	0.16948	0.60730	0.01069	0.01704	0.00808	0.00390	0.00602
29	0.01759	0.01701	0.02944	0.04314	0.67792	0.01696	0.04884	0.02189	0.01624	0.02324	0.01344	0.01769	0.01126	0.00633	0.00711	0.00213	0.00860	0.00643	0.00353	0.01121
30	0.64390	0.01502	0.01267	0.01078	0.01545	0.01721	0.00889	0.15439	0.01643	0.03456	0.01137	0.01268	0.00860	0.00700	0.00496	0.00219	0.00598	0.00437	0.00496	0.00860
31	0.02707	0.01995	0.02137	0.01638	0.02208	0.02208	0.01353	0.68159	0.03348	0.04488	0.01710	0.01710	0.01211	0.00855	0.00712	0.00214	0.00784	0.00641	0.00712	0.01211
32	0.00868	0.00620	0.00826	0.00991	0.01033	0.00578	0.00661	0.00991	0.01363	0.01818	0.03925	0.74510	0.04710	0.02231	0.00909	0.00289	0.00413	0.02024	0.00661	0.00578
33	0.01904	0.75404	0.03731	0.01218	0.01828	0.02818	0.01218	0.02132	0.01447	0.01675	0.00990	0.01142	0.00914	0.00609	0.00457	0.00152	0.00761	0.00381	0.00305	0.00914
34	0.00957	0.00705	0.00895	0.00892	0.01044	0.00644	0.00652	0.01229	0.01831	0.02521	0.48348	0.19445	0.14878	0.01659	0.00854	0.00239	0.00355	0.01465	0.00743	0.00644
35	0.00875	0.00623	0.00824	0.00982	0.01022	0.00583	0.00651	0.00993	0.01349	0.01799	0.03854	0.71562	0.04620	0.05301	0.01023	0.00306	0.00425	0.01983	0.00651	0.00572
36	0.01226	0.00626	0.00938	0.00938	0.00945	0.00632	0.00632	0.00945	0.00938	0.01257	0.01270	0.02196	0.01263	0.02614	0.06184	0.75452	0.00682	0.00626	0.00313	0.00325
37	0.68387	0.01413	0.01147	0.01000	0.01443	0.01624	0.00822	0.09167	0.01453	0.03311	0.01125	0.01279	0.00863	0.00689	0.00472	0.00217	0.00567	0.00425	0.03782	0.00814
38	0.00927	0.00648	0.00824	0.00941	0.00975	0.00620	0.00613	0.01022	0.01279	0.01703	0.03432	0.51755	0.04072	0.23309	0.01699	0.00407	0.00503	0.04140	0.00594	0.00539
39	0.01588	0.01729	0.03669	0.02706	0.03330	0.01630	0.56297	0.02140	0.01673	0.02255	0.01847	0.02987	0.01607	0.00839	0.00865	0.00255	0.01105	0.12159	0.00412	0.00907
40	0.01147	0.00820	0.01147	0.01311	0.01475	0.00820	0.01147	0.01475	0.01639	0.02131	0.03770	0.08032	0.04098	0.01967	0.00984	0.00328	0.00656	0.65741	0.00656	0.00656
41	0.01036	0.00690	0.00777	0.00777	0.00777	0.00690	0.00431	0.01036	0.01036	0.01381	0.02244	0.04660	0.02589	0.74975	0.03624	0.00690	0.00690	0.01036	0.00431	0.00431
42	0.00868	0.00620	0.00826	0.00991	0.01033	0.00578	0.00661	0.00991	0.01363	0.01818	0.03925	0.74510	0.04710	0.02231	0.00909	0.00289	0.00413	0.02024	0.00661	0.00578
43	0.01771	0.01530	0.01610	0.01449	0.01852	0.01771	0.01127	0.03784	0.69247	0.02979	0.02898	0.02657	0.02174	0.00966	0.00725	0.00242	0.00564	0.00805	0.00725	0.01127
44	0.02660	0.03394	0.02018	0.01834	0.02201	0.72116	0.01376	0.02843	0.02018	0.01743	0.01101	0.01284	0.00917	0.00734	0.00642	0.00183	0.01284	0.00459	0.00367	0.00825
45	0.01771	0.01530	0.01610	0.01449	0.01852	0.01771	0.01127	0.03784	0.69247	0.02979	0.02898	0.02657	0.02174	0.00966	0.00725	0.00242	0.00564	0.00805	0.00725	0.01127
46	0.01036	0.00690	0.00777	0.00777	0.00777	0.00690	0.00431	0.01036	0.01036	0.01381	0.02244	0.04660	0.02589	0.74975	0.03624	0.00690	0.00690	0.01036	0.00431	0.00431
47	0.00868	0.00620	0.00826	0.00991	0.01033	0.00578	0.00661	0.00991	0.01363	0.01818	0.03925	0.74510	0.04710	0.02231	0.00909	0.00289	0.00413	0.02024	0.00661	0.00578
48	0.00855	0.00726	0.00740	0.00747	0.00985	0.00611	0.00568	0.01042	0.01624	0.01933	0.07061	0.06905	0.67313	0.01811	0.00848	0.00244	0.00374	0.04350	0.00661	0.00604
49	0.01477	0.01266	0.01477	0.01055	0.01687	0.00949	0.00844	0.01793	0.01477	0.02320	0.01266	0.01477	0.01055	0.00527	0.00527	0.00105	0.00527	0.00422	0.00422	0.79328
50	0.01017	0.00763	0.01144	0.01144	0.01272	0.00890	0.00890	0.01272	0.01144	0.01653	0.01907	0.02797	0.01780	0.05340	0.72153	0.01144	0.01907	0.00763	0.00381	0.00636
51	0.01147	0.00820	0.01147	0.01311	0.01475	0.00820	0.01147	0.01475	0.01639	0.02131	0.03770	0.08032	0.04098	0.01967	0.00984	0.00328	0.00656	0.65741	0.00656	0.00656
52	0.03195	0.01212	0.01652	0.01267	0.01818	0.01047	0.01047	0.03470	0.02038	0.71026	0.02809	0.02424	0.01763	0.00881	0.00716	0.00220	0.00606	0.00716	0.00881	0.01212
53	0.00845	0.00707	0.00736	0.00760	0.00972	0.00598	0.00558	0.01018	0.01586	0.01909	0.06748	0.16439	0.60959	0.01864	0.00851	0.00247	0.00368	0.01577	0.00661	0.00598
54	0.01345	0.01266	0.02136	0.73264	0.04904	0.01582	0.01978	0.01819	0.01424	0.01819	0.01266	0.01898	0.00949	0.00712	0.00712	0.00237	0.00949	0.00633	0.00316	0.00791
55	0.00879	0.00628	0.00839	0.01004	0.01051	0.00588	0.00681	0.01011	0.01374	0.01830	0.03918	0.71825	0.04685	0.02220	0.00912	0.00291	0.00423	0.04599	0.00661	0.00581
56	0.02660	0.03394	0.02018	0.01834	0.02201	0.72116	0.01376	0.02843	0.02018	0.01743	0.01101	0.01284	0.00917	0.00734	0.00642	0.00183	0.01284	0.00459	0.00367	0.00825
57	0.01754	0.31584	0.26222	0.02228	0.18266	0.02104	0.01914	0.02231	0.01526	0.04338	0.01229	0.01451	0.00988	0.00647	0.00597	0.00193	0.00874	0.00500	0.00334	0.01020
58	0.04884	0.01245	0.03547	0.01186	0.01703	0.01037	0.00992	0.04776	0.01920	0.40966	0.11576	0.02684	0.04290	0.00908	0.00692	0.00200	0.00565	0.00745	0.00741	0.15344
59	0.04963	0.57328	0.07750	0.01238	0.01815	0.04603	0.01235	0.02085	0.01505	0.01899	0.06500	0.01545	0.01392	0.00693	0.00508	0.00167	0.00742	0.00473	0.02671	0.00888
60	0.04684	0.12469	0.04603	0.01364	0.01921	0.01642	0.03340	0.17643	0.06739	0.14211	0.04880	0.04261	0.01624	0.00814	0.00644	0.00190	0.00667	0.00649	0.00587	0.17067
61	0.01856	0.26718	0.33603	0.01727	0.02508	0.09636	0.04066	0.05295	0.01652	0.05015	0.01255	0.01424	0.00964	0.00675	0.00610	0.00197	0.00957	0.00495	0.00354	0.00994

[dist]
# distance from previous block
# <min> <max>
0	1

[block]
# block no. 5 follows, 29 sequences, length 39
# corresponding to MSA columns:
# 314-352
name=unknown_F
#
# <colnr> <probs for GDERKNQSTAVLIFYWHMCP>
#	G	D	E	R	K	N	Q	S	T	A	V	L	I	F	Y	W	H	M	C	P
0	0.04352	0.18650	0.04089	0.01452	0.05126	0.01728	0.01178	0.13335	0.07266	0.02362	0.01662	0.02065	0.01419	0.02565	0.29011	0.00572	0.01209	0.00630	0.00447	0.00882
1	0.01648	0.01349	0.01704	0.04693	0.12517	0.01380	0.01197	0.05011	0.24977	0.05724	0.09427	0.02667	0.04842	0.01076	0.03625	0.00244	0.00650	0.00765	0.00588	0.15915
2	0.01477	0.01266	0.01477	0.01055	0.01687	0.00949	0.00844	0.01793	0.01477	0.02320	0.01266	0.01477	0.01055	0.00527	0.00527	0.00105	0.00527	0.00422	0.00422	0.79328
3	0.04025	0.01529	0.02091	0.43196	0.03734	0.04064	0.03833	0.18118	0.04723	0.02575	0.01666	0.02036	0.03771	0.00796	0.00712	0.00230	0.00878	0.00670	0.00450	0.00906
4	0.01932	0.04345	0.02629	0.03549	0.52231	0.01638	0.01888	0.02448	0.06847	0.10640	0.01621	0.01879	0.01274	0.00685	0.00693	0.00209	0.00782	0.00641	0.00445	0.03621
5	0.01499	0.01315	0.01762	0.26380	0.02811	0.03905	0.03572	0.02229	0.17518	0.04959	0.02399	0.13410	0.05315	0.01090	0.00849	0.00243	0.05352	0.00925	0.00513	0.03953
6	0.02707	0.01995	0.02137	0.01638	0.02208	0.02208	0.01353	0.68159	0.03348	0.04488	0.01710	0.01710	0.01211	0.00855	0.00712	0.00214	0.00784	0.00641	0.00712	0.01211
7	0.01717	0.01921	0.03627	0.07758	0.06876	0.06809	0.50138	0.02248	0.01669	0.02215	0.01385	0.01832	0.01060	0.00614	0.00787	0.00224	0.01120	0.00756	0.00362	0.06884
8	0.00888	0.00628	0.00820	0.00965	0.01002	0.00592	0.00633	0.00997	0.01323	0.01764	0.03720	0.66001	0.04451	0.11093	0.01240	0.00338	0.00447	0.01904	0.00633	0.00560
9	0.69769	0.01470	0.04293	0.04525	0.01642	0.01579	0.00924	0.02138	0.01266	0.05604	0.01085	0.01256	0.00823	0.00672	0.00475	0.00221	0.00595	0.00416	0.00445	0.00801
10	0.02354	0.04460	0.12875	0.01645	0.02260	0.02059	0.01502	0.48398	0.08525	0.03833	0.01737	0.01827	0.01276	0.03014	0.00786	0.00230	0.00803	0.00641	0.00628	0.01147
11	0.01272	0.00853	0.01033	0.00940	0.01187	0.00793	0.00720	0.03717	0.05242	0.09344	0.42556	0.05171	0.21545	0.01443	0.00818	0.00228	0.00394	0.01241	0.00758	0.00746
12	0.01147	0.00820	0.01147	0.01311	0.01475	0.00820	0.01147	0.01475	0.01639	0.02131	0.03770	0.08032	0.04098	0.01967	0.00984	0.00328	0.00656	0.65741	0.00656	0.00656
13	0.01635	0.01390	0.01493	0.01364	0.01727	0.01579	0.01064	0.03341	0.57169	0.02884	0.09147	0.03330	0.05365	0.01093	0.00752	0.00244	0.00540	0.04118	0.00724	0.01042
14	0.02127	0.04798	0.02323	0.15747	0.19573	0.33635	0.01689	0.05132	0.01809	0.02012	0.01206	0.01541	0.00988	0.00726	0.00734	0.00206	0.03934	0.00546	0.00364	0.00911
15	0.76988	0.01401	0.01089	0.00964	0.01410	0.01621	0.00794	0.04672	0.01295	0.03245	0.01020	0.01178	0.00788	0.00669	0.00451	0.00220	0.00560	0.00396	0.00451	0.00788
16	0.03195	0.01212	0.01652	0.01267	0.01818	0.01047	0.01047	0.03470	0.02038	0.71026	0.02809	0.02424	0.01763	0.00881	0.00716	0.00220	0.00606	0.00716	0.00881	0.01212
17	0.01927	0.01409	0.01624	0.01224	0.01800	0.01265	0.00986	0.16788	0.05254	0.10278	0.01716	0.04544	0.01364	0.00727	0.00613	0.00156	0.00590	0.00584	0.00560	0.46591
18	0.00906	0.00708	0.00821	0.00826	0.01010	0.00623	0.00607	0.01133	0.01724	0.02244	0.29427	0.16797	0.37142	0.01744	0.00851	0.00242	0.00360	0.01506	0.00705	0.00623
19	0.01008	0.00728	0.00952	0.00896	0.01064	0.00672	0.00672	0.01344	0.02016	0.02855	0.70158	0.05319	0.06719	0.01456	0.00840	0.00224	0.00336	0.01288	0.00784	0.00672
20	0.80005	0.01377	0.01047	0.00936	0.01377	0.01597	0.00771	0.02093	0.01212	0.03195	0.00991	0.01157	0.00771	0.00661	0.00441	0.00220	0.00551	0.00386	0.00441	0.00771
21	0.00886	0.00634	0.00843	0.00979	0.01037	0.00591	0.00662	0.01038	0.01449	0.01954	0.12634	0.65413	0.04974	0.02129	0.00900	0.00281	0.00403	0.01927	0.00677	0.00591
22	0.01072	0.00882	0.00962	0.00915	0.01166	0.00852	0.00694	0.01658	0.15062	0.02397	0.24309	0.05589	0.38718	0.01539	0.00818	0.00236	0.00394	0.01304	0.00709	0.00725
23	0.80005	0.01377	0.01047	0.00936	0.01377	0.01597	0.00771	0.02093	0.01212	0.03195	0.00991	0.01157	0.00771	0.00661	0.00441	0.00220	0.00551	0.00386	0.00441	0.00771
24	0.65787	0.01330	0.01133	0.00984	0.01432	0.01483	0.00809	0.02272	0.01363	0.13275	0.03704	0.01492	0.01129	0.00722	0.00496	0.00220	0.00551	0.00467	0.00518	0.00833
25	0.12699	0.01202	0.01403	0.01166	0.01576	0.01196	0.00921	0.06869	0.10179	0.33905	0.04458	0.05532	0.02007	0.09002	0.00999	0.00274	0.00585	0.00781	0.04256	0.00991
26	0.01712	0.00886	0.01165	0.01005	0.01303	0.00790	0.00785	0.02017	0.01996	0.25087	0.43839	0.04477	0.09430	0.01292	0.00799	0.00224	0.00426	0.01115	0.00807	0.00844
27	0.01327	0.00664	0.00664	0.00664	0.00830	0.00664	0.00498	0.01659	0.01493	0.02655	0.02323	0.02655	0.01825	0.00830	0.00498	0.00166	0.00332	0.00664	0.78928	0.00664
28	0.00976	0.00654	0.00871	0.00994	0.01068	0.00606	0.00678	0.01125	0.01450	0.04746	0.09843	0.65328	0.04770	0.02106	0.00895	0.00280	0.00414	0.01904	0.00681	0.00613
29	0.00907	0.00697	0.00809	0.00832	0.00987	0.00622	0.00591	0.01098	0.01610	0.02086	0.21927	0.21654	0.33105	0.08487	0.01110	0.00288	0.00396	0.01524	0.00671	0.00598
30	0.02707	0.01995	0.02137	0.01638	0.02208	0.02208	0.01353	0.68159	0.03348	0.04488	0.01710	0.01710	0.01211	0.00855	0.00712	0.00214	0.00784	0.00641	0.00712	0.01211
31	0.01810	0.01066	0.01278	0.01132	0.01472	0.01046	0.00879	0.02515	0.19372	0.22796	0.14765	0.12050	0.14202	0.01305	0.00782	0.00238	0.00488	0.01114	0.00763	0.00928
32	0.00895	0.00644	0.00805	0.00921	0.00978	0.00601	0.00605	0.01003	0.01334	0.01751	0.04005	0.53885	0.12008	0.15398	0.01394	0.00356	0.00457	0.01783	0.00619	0.00554
33	0.01237	0.00618	0.00928	0.00928	0.00928	0.00618	0.00618	0.00928	0.00928	0.01237	0.01237	0.02165	0.01237	0.02474	0.02783	0.79283	0.00618	0.00618	0.00309	0.00309
34	0.10141	0.01349	0.01673	0.01295	0.01838	0.01278	0.01069	0.13423	0.02167	0.54458	0.02472	0.02197	0.01586	0.00857	0.00690	0.00219	0.00629	0.00674	0.00815	0.01171
35	0.00895	0.00651	0.00815	0.00920	0.00994	0.00602	0.00617	0.01028	0.01409	0.01858	0.09157	0.51251	0.13915	0.10918	0.01223	0.00326	0.00433	0.01775	0.00642	0.00571
36	0.01082	0.00783	0.01037	0.01022	0.01126	0.00857	0.00736	0.03950	0.01224	0.01695	0.02265	0.06039	0.04491	0.28197	0.41317	0.00893	0.01348	0.00919	0.00431	0.00588
37	0.80005	0.01377	0.01047	0.00936	0.01377	0.01597	0.00771	0.02093	0.01212	0.03195	0.00991	0.01157	0.00771	0.00661	0.00441	0.00220	0.00551	0.00386	0.00441	0.00771
38	0.01345	0.01266	0.02136	0.73264	0.04904	0.01582	0.01978	0.01819	0.01424	0.01819	0.01266	0.01898	0.00949	0.00712	0.00712	0.00237	0.00949	0.00633	0.00316	0.00791

[dist]
# distance from previous block
# <min> <max>
0	1

[block]
# block no. 6 follows, 29 sequences, length 80
# corresponding to MSA columns:
# 354-433
name=unknown_G
#
# <colnr> <probs for GDERKNQSTAVLIFYWHMCP>
#	G	D	E	R	K	N	Q	S	T	A	V	L	I	F	Y	W	H	M	C	P
0	0.01922	0.68305	0.06735	0.01288	0.01905	0.06434	0.01291	0.02175	0.01480	0.01705	0.01009	0.01166	0.00913	0.00619	0.00477	0.00157	0.00802	0.00392	0.00308	0.00915
1	0.62285	0.01437	0.01246	0.01059	0.01527	0.01615	0.00873	0.10463	0.01565	0.10506	0.01272	0.01359	0.00930	0.00708	0.00504	0.00220	0.00586	0.00452	0.00521	0.00872
2	0.06899	0.34327	0.04752	0.01488	0.01974	0.32467	0.01287	0.02400	0.01666	0.01813	0.01088	0.01291	0.00946	0.00885	0.03826	0.00217	0.01035	0.00436	0.00343	0.00859
3	0.01036	0.00690	0.00777	0.00777	0.00777	0.00690	0.00431	0.01036	0.01036	0.01381	0.02244	0.04660	0.02589	0.74975	0.03624	0.00690	0.00690	0.01036	0.00431	0.00431
4	0.80005	0.01377	0.01047	0.00936	0.01377	0.01597	0.00771	0.02093	0.01212	0.03195	0.00991	0.01157	0.00771	0.00661	0.00441	0.00220	0.00551	0.00386	0.00441	0.00771
5	0.32615	0.05771	0.01764	0.01357	0.01850	0.09390	0.01113	0.29429	0.05021	0.03484	0.01378	0.01459	0.01034	0.00758	0.00586	0.00211	0.00736	0.00516	0.00549	0.00980
6	0.00869	0.00705	0.00773	0.00806	0.00999	0.00609	0.00593	0.01055	0.01603	0.01981	0.11272	0.20000	0.50524	0.01865	0.00859	0.00251	0.00378	0.03584	0.00670	0.00604
7	0.04601	0.01424	0.01682	0.01508	0.04950	0.01499	0.01166	0.20182	0.17118	0.18322	0.08945	0.03166	0.02400	0.01060	0.00752	0.00236	0.00633	0.08572	0.00728	0.01057
8	0.01828	0.56500	0.15883	0.01477	0.02165	0.04561	0.05011	0.02183	0.01486	0.01814	0.01069	0.01253	0.00921	0.00624	0.00522	0.00171	0.00852	0.00434	0.00309	0.00939
9	0.01345	0.01266	0.02136	0.73264	0.04904	0.01582	0.01978	0.01819	0.01424	0.01819	0.01266	0.01898	0.00949	0.00712	0.00712	0.00237	0.00949	0.00633	0.00316	0.00791
10	0.04710	0.00652	0.00921	0.00935	0.00960	0.00658	0.00630	0.00987	0.00990	0.01391	0.01533	0.10391	0.01613	0.02365	0.02464	0.66723	0.00592	0.00769	0.00355	0.00361
11	0.01623	0.14228	0.43045	0.02098	0.02975	0.05829	0.16021	0.02275	0.01561	0.02143	0.01258	0.01523	0.00942	0.00654	0.00675	0.00215	0.01052	0.00566	0.00317	0.00999
12	0.01030	0.00711	0.00881	0.00881	0.00917	0.00747	0.00562	0.01103	0.01066	0.01458	0.02148	0.04130	0.02359	0.55163	0.23122	0.00820	0.01037	0.00958	0.00417	0.00490
13	0.00879	0.00626	0.00829	0.00980	0.01024	0.00586	0.00652	0.01006	0.01374	0.01838	0.06267	0.69255	0.04699	0.05056	0.01013	0.00303	0.00421	0.01959	0.00656	0.00576
14	0.01030	0.00736	0.00911	0.00915	0.01076	0.00680	0.00663	0.01319	0.03892	0.04451	0.33454	0.24769	0.17661	0.03989	0.00938	0.00260	0.00389	0.01493	0.00717	0.00656
15	0.22245	0.01892	0.01839	0.01460	0.01985	0.05952	0.01198	0.45729	0.02692	0.06131	0.01529	0.01569	0.01101	0.00800	0.00640	0.00214	0.00747	0.00569	0.00630	0.01078
16	0.01017	0.00763	0.01144	0.01144	0.01272	0.00890	0.00890	0.01272	0.01144	0.01653	0.01907	0.02797	0.01780	0.05340	0.72153	0.01144	0.01907	0.00763	0.00381	0.00636
17	0.00868	0.00620	0.00826	0.00991	0.01033	0.00578	0.00661	0.00991	0.01363	0.01818	0.03925	0.74510	0.04710	0.02231	0.00909	0.00289	0.00413	0.02024	0.00661	0.00578
18	0.65949	0.01489	0.01245	0.01064	0.01528	0.01708	0.00877	0.14106	0.01600	0.03430	0.01122	0.01257	0.00851	0.00696	0.00490	0.00219	0.00593	0.00432	0.00490	0.00851
19	0.02707	0.01995	0.02137	0.01638	0.02208	0.02208	0.01353	0.68159	0.03348	0.04488	0.01710	0.01710	0.01211	0.00855	0.00712	0.00214	0.00784	0.00641	0.00712	0.01211
20	0.01428	0.03683	0.71286	0.02030	0.03082	0.01654	0.02631	0.02255	0.01503	0.02255	0.01278	0.01503	0.00902	0.00677	0.00677	0.00226	0.01052	0.00526	0.00301	0.01052
21	0.01345	0.01266	0.02136	0.73264	0.04904	0.01582	0.01978	0.01819	0.01424	0.01819	0.01266	0.01898	0.00949	0.00712	0.00712	0.00237	0.00949	0.00633	0.00316	0.00791
22	0.00868	0.00620	0.00826	0.00991	0.01033	0.00578	0.00661	0.00991	0.01363	0.01818	0.03925	0.74510	0.04710	0.02231	0.00909	0.00289	0.00413	0.02024	0.00661	0.00578
23	0.03195	0.01212	0.01652	0.01267	0.01818	0.01047	0.01047	0.03470	0.02038	0.71026	0.02809	0.02424	0.01763	0.00881	0.00716	0.00220	0.00606	0.00716	0.00881	0.01212
24	0.01017	0.00763	0.01144	0.01144	0.01272	0.00890	0.00890	0.01272	0.01144	0.01653	0.01907	0.02797	0.01780	0.05340	0.72153	0.01144	0.01907	0.00763	0.00381	0.00636
25	0.03195	0.01212	0.01652	0.01267	0.01818	0.01047	0.01047	0.03470	0.02038	0.71026	0.02809	0.02424	0.01763	0.00881	0.00716	0.00220	0.00606	0.00716	0.00881	0.01212
26	0.01036	0.00690	0.00777	0.00777	0.00777	0.00690	0.00431	0.01036	0.01036	0.01381	0.02244	0.04660	0.02589	0.74975	0.03624	0.00690	0.00690	0.01036	0.00431	0.00431
27	0.00850	0.00722	0.00734	0.00731	0.00967	0.00605	0.00548	0.01039	0.01644	0.01973	0.10546	0.06772	0.66881	0.01785	0.00841	0.00240	0.00359	0.01491	0.00668	0.00605
28	0.01237	0.00618	0.00928	0.00928	0.00928	0.00618	0.00618	0.00928	0.00928	0.01237	0.01237	0.02165	0.01237	0.02474	0.02783	0.79283	0.00618	0.00618	0.00309	0.00309
29	0.01904	0.75404	0.03731	0.01218	0.01828	0.02818	0.01218	0.02132	0.01447	0.01675	0.00990	0.01142	0.00914	0.00609	0.00457	0.00152	0.00761	0.00381	0.00305	0.00914
30	0.00842	0.00721	0.00721	0.00721	0.00962	0.00601	0.00541	0.01022	0.01623	0.01924	0.07213	0.06853	0.70244	0.01803	0.00842	0.00240	0.00361	0.01503	0.00661	0.00601
31	0.01328	0.00722	0.00758	0.00733	0.00908	0.00723	0.00549	0.04067	0.01612	0.02704	0.10815	0.03023	0.02443	0.03450	0.00656	0.00193	0.00361	0.00754	0.63523	0.00677
32	0.00892	0.00630	0.00819	0.00960	0.00996	0.00595	0.00628	0.00998	0.01316	0.01754	0.03680	0.64356	0.04401	0.12806	0.01304	0.00348	0.00453	0.01881	0.00628	0.00557
33	0.01017	0.00763	0.01144	0.01144	0.01272	0.00890	0.00890	0.01272	0.01144	0.01653	0.01907	0.02797	0.01780	0.05340	0.72153	0.01144	0.01907	0.00763	0.00381	0.00636
34	0.01459	0.01174	0.01279	0.01176	0.01497	0.01237	0.00931	0.12126	0.22816	0.02710	0.07849	0.06927	0.25137	0.01416	0.00805	0.00248	0.00524	0.09127	0.00694	0.00866
35	0.00883	0.00718	0.00782	0.00776	0.00990	0.00617	0.00578	0.01098	0.01706	0.02144	0.22288	0.09502	0.51958	0.01738	0.00844	0.00239	0.00357	0.01474	0.00691	0.00617
36	0.01036	0.00690	0.00777	0.00777	0.00777	0.00690	0.00431	0.01036	0.01036	0.01381	0.02244	0.04660	0.02589	0.74975	0.03624	0.00690	0.00690	0.01036	0.00431	0.00431
37	0.01681	0.01921	0.04202	0.03001	0.03721	0.01801	0.67947	0.02281	0.01681	0.02281	0.01441	0.01921	0.01080	0.00600	0.00840	0.00240	0.01200	0.00840	0.00360	0.00960
38	0.01551	0.01278	0.01490	0.01083	0.01701	0.00996	0.00866	0.01956	0.05084	0.04710	0.01405	0.01572	0.01138	0.00563	0.00544	0.00117	0.00532	0.00452	0.00454	0.72511
39	0.01237	0.00618	0.00928	0.00928	0.00928	0.00618	0.00618	0.00928	0.00928	0.01237	0.01237	0.02165	0.01237	0.02474	0.02783	0.79283	0.00618	0.00618	0.00309	0.00309
40	0.00868	0.00620	0.00826	0.00991	0.01033	0.00578	0.00661	0.00991	0.01363	0.01818	0.03925	0.74510	0.04710	0.02231	0.00909	0.00289	0.00413	0.02024	0.00661	0.00578
41	0.00842	0.00721	0.00721	0.00721	0.00962	0.00601	0.00541	0.01022	0.01623	0.01924	0.07213	0.06853	0.70244	0.01803	0.00842	0.00240	0.00361	0.01503	0.00661	0.00601
42	0.76739	0.01385	0.01094	0.00975	0.01398	0.01622	0.00804	0.02077	0.01207	0.03133	0.00989	0.01173	0.00778	0.00685	0.00520	0.00224	0.03595	0.00395	0.00435	0.00771
43	0.06120	0.45863	0.25292	0.01455	0.02184	0.02309	0.01633	0.02146	0.01469	0.01983	0.03153	0.01385	0.01076	0.00659	0.00538	0.00182	0.00831	0.00455	0.00325	0.00943
44	0.02660	0.03394	0.02018	0.01834	0.02201	0.72116	0.01376	0.02843	0.02018	0.01743	0.01101	0.01284	0.00917	0.00734	0.00642	0.00183	0.01284	0.00459	0.00367	0.00825
45	0.00868	0.00620	0.00826	0.00991	0.01033	0.00578	0.00661	0.00991	0.01363	0.01818	0.03925	0.74510	0.04710	0.02231	0.00909	0.00289	0.00413	0.02024	0.00661	0.00578
46	0.01735	0.01918	0.06955	0.05740	0.03552	0.01759	0.55474	0.02302	0.01656	0.06105	0.01480	0.01913	0.01099	0.00653	0.00887	0.00241	0.04384	0.00801	0.00383	0.00964
47	0.02660	0.03394	0.02018	0.01834	0.02201	0.72116	0.01376	0.02843	0.02018	0.01743	0.01101	0.01284	0.00917	0.00734	0.00642	0.00183	0.01284	0.00459	0.00367	0.00825
48	0.00951	0.00726	0.00873	0.00836	0.01029	0.00648	0.00627	0.01234	0.01882	0.02538	0.48700	0.05842	0.28374	0.01574	0.00840	0.00230	0.00344	0.01361	0.00742	0.00648
