[name]
unknown

[dist]
# distance from previous block
# <min> <max>
0	67

[block]
# block no. 0 follows, 26 sequences, length 64
# corresponding to MSA columns:
# 94-157
name=unknown_A
#
# <colnr> <probs for GDERKNQSTAVLIFYWHMCP>
#	G	D	E	R	K	N	Q	S	T	A	V	L	I	F	Y	W	H	M	C	P
0	0.10294	0.01392	0.01718	0.10161	0.04749	0.01446	0.01215	0.14613	0.05095	0.17088	0.17681	0.02889	0.02753	0.01007	0.00752	0.00231	0.00657	0.00829	0.00702	0.04728
1	0.15204	0.01844	0.02054	0.20716	0.02974	0.04830	0.01511	0.32816	0.05006	0.03589	0.01585	0.01797	0.01161	0.00833	0.00707	0.00236	0.00854	0.00633	0.00580	0.01068
2	0.01538	0.01456	0.02466	0.55672	0.20248	0.01713	0.02159	0.02030	0.01567	0.02066	0.01367	0.01988	0.01056	0.00739	0.00757	0.00246	0.00985	0.00674	0.00346	0.00928
3	0.01704	0.01626	0.02766	0.30653	0.43966	0.01757	0.02242	0.02176	0.01645	0.02268	0.01396	0.01934	0.01127	0.00708	0.00754	0.00236	0.00944	0.00675	0.00361	0.01062
4	0.01186	0.00899	0.01153	0.01179	0.04270	0.00864	0.00827	0.04162	0.04898	0.02869	0.46376	0.14161	0.11041	0.01600	0.00887	0.00249	0.00426	0.01411	0.00781	0.00763
5	0.01788	0.01690	0.02859	0.08139	0.59025	0.01706	0.02196	0.02233	0.01733	0.02461	0.04287	0.02362	0.01587	0.00785	0.00772	0.00233	0.00875	0.03725	0.00408	0.01137
6	0.02761	0.02137	0.02203	0.01731	0.02306	0.05562	0.01414	0.55586	0.11159	0.04446	0.01942	0.01921	0.01398	0.00919	0.00757	0.00230	0.00832	0.00695	0.00743	0.01259
7	0.02560	0.27410	0.02768	0.01732	0.02210	0.47482	0.01409	0.02772	0.01943	0.01832	0.01132	0.01317	0.00976	0.00737	0.00617	0.00184	0.01179	0.00460	0.00368	0.00911
8	0.01839	0.16032	0.31919	0.01688	0.02460	0.01711	0.04189	0.02399	0.01768	0.12942	0.11038	0.02480	0.04553	0.00899	0.00720	0.00226	0.00859	0.00728	0.00507	0.01042
9	0.01629	0.16715	0.54631	0.02105	0.05717	0.01992	0.02506	0.02375	0.01595	0.02291	0.01307	0.01542	0.00973	0.00706	0.00679	0.00225	0.01055	0.00537	0.00323	0.01097
10	0.00920	0.00678	0.00862	0.01009	0.01088	0.00620	0.00683	0.01061	0.01497	0.01955	0.04752	0.62157	0.15339	0.02302	0.00956	0.00300	0.00431	0.02066	0.00704	0.00620
11	0.01401	0.00856	0.01085	0.16639	0.01883	0.00939	0.00906	0.01785	0.01555	0.02574	0.02199	0.02655	0.01732	0.01100	0.04132	0.00247	0.00587	0.00705	0.56286	0.00736
12	0.02854	0.03012	0.02201	0.01870	0.02348	0.42793	0.01456	0.28553	0.02723	0.03040	0.01435	0.01551	0.01104	0.00834	0.00714	0.00208	0.01152	0.00567	0.00540	0.01046
13	0.01868	0.54594	0.18531	0.01475	0.02208	0.02613	0.01608	0.02260	0.01584	0.01984	0.04352	0.01517	0.01268	0.00708	0.00559	0.00183	0.00859	0.00487	0.00348	0.00994
14	0.00916	0.00753	0.00806	0.00826	0.01045	0.00643	0.00607	0.01114	0.01725	0.02119	0.12409	0.16548	0.53958	0.01954	0.00907	0.00262	0.00390	0.01661	0.00716	0.00643
15	0.01418	0.01294	0.02117	0.55950	0.07314	0.01561	0.01929	0.01936	0.03520	0.02031	0.01813	0.06406	0.01597	0.00979	0.00798	0.00264	0.00933	0.06891	0.00406	0.00843
16	0.01553	0.03702	0.61762	0.02284	0.03363	0.01780	0.10232	0.02405	0.01624	0.02405	0.01382	0.01654	0.00983	0.00711	0.00741	0.00242	0.01140	0.00600	0.00328	0.01109
17	0.01096	0.00732	0.00829	0.00836	0.00838	0.00731	0.00469	0.01101	0.01116	0.01489	0.02459	0.07566	0.02844	0.70622	0.03750	0.00719	0.00724	0.01143	0.00469	0.00466
18	0.01005	0.00727	0.00953	0.01018	0.01138	0.00675	0.00733	0.01250	0.01783	0.02440	0.32117	0.37072	0.08781	0.01981	0.00937	0.00278	0.00417	0.05270	0.00761	0.00665
19	0.02922	0.01650	0.01971	0.04708	0.02246	0.01705	0.01294	0.27049	0.11127	0.33380	0.02491	0.02303	0.01675	0.00932	0.00762	0.00236	0.00727	0.00741	0.00822	0.01258
20	0.02649	0.07897	0.07751	0.01584	0.02185	0.01897	0.01397	0.31828	0.05970	0.20653	0.02245	0.06809	0.01692	0.00986	0.00749	0.00232	0.00769	0.00779	0.00730	0.01200
21	0.01687	0.00907	0.01187	0.01048	0.01325	0.00817	0.00801	0.01990	0.02048	0.20612	0.41643	0.07408	0.08348	0.05507	0.01030	0.00269	0.00461	0.01234	0.00830	0.00848
22	0.71531	0.01549	0.03647	0.05039	0.01746	0.01703	0.00966	0.02219	0.01315	0.03284	0.01084	0.01290	0.00837	0.00708	0.00495	0.00236	0.00630	0.00431	0.00457	0.00833
23	0.00934	0.00664	0.00877	0.01043	0.01085	0.00623	0.00690	0.01059	0.01432	0.01910	0.04079	0.68998	0.04889	0.06401	0.01132	0.00332	0.00457	0.02097	0.00690	0.00607
24	0.01640	0.01388	0.01609	0.01155	0.01826	0.01079	0.00926	0.05174	0.01674	0.02589	0.01372	0.01585	0.01132	0.00579	0.00572	0.00118	0.00576	0.00461	0.00465	0.74079
25	0.01731	0.12041	0.36522	0.02395	0.08980	0.01939	0.14121	0.05202	0.01726	0.02445	0.01380	0.01668	0.01043	0.00693	0.00719	0.00225	0.01049	0.00613	0.00364	0.05144
26	0.32649	0.41307	0.02748	0.01201	0.01776	0.02450	0.01115	0.05500	0.01544	0.02582	0.01094	0.01254	0.00929	0.00684	0.00494	0.00194	0.00723	0.00422	0.00404	0.00929
27	0.01646	0.01646	0.02365	0.02010	0.02042	0.02264	0.03955	0.01832	0.01186	0.01845	0.01049	0.01716	0.01030	0.01444	0.04623	0.00358	0.67143	0.00677	0.00336	0.00832
28	0.01031	0.00763	0.00961	0.00933	0.01112	0.00694	0.00692	0.01340	0.02014	0.02777	0.52361	0.12205	0.16931	0.01688	0.00902	0.00248	0.00370	0.01482	0.00801	0.00694
29	0.01573	0.01348	0.01573	0.01123	0.01798	0.01011	0.00899	0.01910	0.01573	0.02472	0.01348	0.01573	0.01123	0.00562	0.00562	0.00112	0.00562	0.00449	0.00449	0.77980
30	0.02682	0.02006	0.02152	0.01694	0.02257	0.02227	0.01383	0.55715	0.11611	0.04468	0.02072	0.04626	0.01561	0.00981	0.00768	0.00234	0.00790	0.00761	0.00758	0.01253
31	0.01374	0.01057	0.01284	0.01318	0.01539	0.01125	0.01058	0.02190	0.20605	0.02478	0.08668	0.09074	0.03825	0.10612	0.01302	0.00360	0.00636	0.29983	0.00701	0.00812
32	0.01877	0.01802	0.03079	0.04656	0.68612	0.01802	0.02328	0.02328	0.01727	0.02478	0.01427	0.01877	0.01201	0.00676	0.00751	0.00225	0.00901	0.00676	0.00375	0.01201
33	0.01566	0.10140	0.63591	0.02085	0.03164	0.01872	0.02669	0.02390	0.01596	0.02347	0.01334	0.01567	0.00962	0.00714	0.00700	0.00233	0.01093	0.00547	0.00321	0.01108
34	0.00932	0.00663	0.00878	0.01046	0.01088	0.00621	0.00693	0.01058	0.01437	0.01916	0.04101	0.69840	0.04917	0.05521	0.01096	0.00327	0.00453	0.02110	0.00693	0.00609
35	0.02346	0.01736	0.01901	0.01564	0.02022	0.01898	0.01246	0.46709	0.06394	0.03991	0.02472	0.19468	0.02267	0.01280	0.00811	0.00249	0.00725	0.01057	0.00746	0.01118
36	0.02073	0.06369	0.09725	0.02294	0.02935	0.01709	0.30966	0.02557	0.01773	0.17726	0.01998	0.07707	0.01587	0.00905	0.00941	0.00253	0.06027	0.00886	0.00524	0.01045
37	0.01755	0.01822	0.02305	0.05648	0.02194	0.08506	0.01665	0.01941	0.01271	0.01834	0.01030	0.01652	0.00995	0.01248	0.02233	0.00315	0.61766	0.00648	0.00338	0.00835
38	0.74638	0.01596	0.04710	0.01059	0.01562	0.01705	0.00926	0.02239	0.01307	0.03350	0.01072	0.01252	0.00829	0.00705	0.00483	0.00235	0.00615	0.00419	0.00462	0.00837
39	0.01423	0.01293	0.02172	0.65883	0.04886	0.01603	0.01991	0.01862	0.01474	0.01888	0.01346	0.02045	0.01036	0.00908	0.00935	0.06462	0.00983	0.00673	0.00336	0.00802
40	0.02055	0.09054	0.02575	0.02125	0.08026	0.24948	0.13225	0.02615	0.09575	0.02376	0.13561	0.02468	0.02298	0.00901	0.00758	0.00221	0.00987	0.00774	0.00506	0.00950
41	0.02028	0.73799	0.03975	0.01298	0.01947	0.03001	0.01298	0.02271	0.01541	0.01785	0.01055	0.01217	0.00973	0.00649	0.00487	0.00162	0.00811	0.00406	0.00324	0.00973
42	0.00924	0.00660	0.00880	0.01056	0.01100	0.00616	0.00704	0.01056	0.01452	0.01936	0.04181	0.72848	0.05017	0.02376	0.00968	0.00308	0.00440	0.02156	0.00704	0.00616
43	0.03403	0.01291	0.01760	0.01350	0.01936	0.01115	0.01115	0.03697	0.02171	0.69137	0.02992	0.02582	0.01878	0.00939	0.00763	0.00235	0.00645	0.00763	0.00939	0.01291
44	0.02513	0.03098	0.02029	0.01853	0.02183	0.56280	0.01404	0.02718	0.01957	0.01841	0.01283	0.01614	0.01108	0.01509	0.10639	0.00349	0.05842	0.00545	0.00389	0.00848
45	0.00912	0.00769	0.00789	0.00784	0.01034	0.00647	0.00588	0.01118	0.01765	0.02134	0.12871	0.07160	0.63064	0.01889	0.00896	0.00255	0.00382	0.01581	0.00716	0.00647
46	0.01066	0.00775	0.01003	0.00946	0.01128	0.00712	0.00710	0.01416	0.02129	0.02998	0.65574	0.05737	0.09821	0.01567	0.00895	0.00239	0.00359	0.01382	0.00829	0.00712
47	0.01432	0.01348	0.02275	0.71520	0.05224	0.01685	0.02107	0.01938	0.01517	0.01938	0.01348	0.02022	0.01011	0.00758	0.00758	0.00253	0.01011	0.00674	0.00337	0.00843
48	0.01432	0.01348	0.02275	0.71520	0.05224	0.01685	0.02107	0.01938	0.01517	0.01938	0.01348	0.02022	0.01011	0.00758	0.00758	0.00253	0.01011	0.00674	0.00337	0.00843
49	0.01432	0.01348	0.02275	0.71520	0.05224	0.01685	0.02107	0.01938	0.01517	0.01938	0.01348	0.02022	0.01011	0.00758	0.00758	0.00253	0.01011	0.00674	0.00337	0.00843
50	0.78701	0.01467	0.01115	0.00997	0.01467	0.01702	0.00821	0.02230	0.01291	0.03403	0.01056	0.01232	0.00821	0.00704	0.00469	0.00235	0.00587	0.00411	0.00469	0.00821
51	0.01231	0.01030	0.01502	0.01417	0.01518	0.01301	0.01131	0.01475	0.01204	0.01777	0.01766	0.02641	0.01665	0.04570	0.52929	0.00991	0.19972	0.00774	0.00387	0.00716
52	0.01877	0.01802	0.03079	0.04656	0.68612	0.01802	0.02328	0.02328	0.01727	0.02478	0.01427	0.01877	0.01201	0.00676	0.00751	0.00225	0.00901	0.00676	0.00375	0.01201
53	0.01152	0.00940	0.01460	0.01452	0.04427	0.00934	0.08477	0.01331	0.01389	0.01882	0.03043	0.37101	0.03482	0.21072	0.05302	0.00459	0.03340	0.01538	0.00558	0.00660
54	0.00924	0.00762	0.00815	0.00838	0.01063	0.00653	0.00627	0.01127	0.01724	0.02104	0.10596	0.14155	0.55265	0.01956	0.00911	0.00265	0.00403	0.04456	0.00712	0.00645
55	0.01651	0.01622	0.02905	0.36445	0.28496	0.01764	0.11823	0.02157	0.01636	0.02212	0.01405	0.01972	0.01103	0.00710	0.00776	0.00243	0.01011	0.00708	0.00358	0.01003
56	0.01642	0.11805	0.46079	0.04815	0.10241	0.01926	0.08453	0.02365	0.01622	0.02323	0.01347	0.01641	0.01008	0.00701	0.00713	0.00231	0.01071	0.00590	0.00333	0.01093
57	0.00924	0.00660	0.00880	0.01056	0.01100	0.00616	0.00704	0.01056	0.01452	0.01936	0.04181	0.72848	0.05017	0.02376	0.00968	0.00308	0.00440	0.02156	0.00704	0.00616
58	0.00933	0.00672	0.00885	0.01039	0.01099	0.00623	0.00700	0.01082	0.01507	0.02012	0.08446	0.66041	0.07540	0.02306	0.00961	0.00302	0.00433	0.02085	0.00713	0.00623
59	0.02581	0.01464	0.01801	0.01595	0.05303	0.01482	0.01202	0.15751	0.15291	0.30598	0.02861	0.12059	0.02243	0.01134	0.00791	0.00247	0.00659	0.00952	0.00809	0.01176
60	0.05816	0.08016	0.02188	0.01701	0.02193	0.24487	0.01356	0.23540	0.17475	0.03164	0.01808	0.01833	0.01379	0.00867	0.00704	0.00219	0.00943	0.00626	0.00595	0.01091
61	0.02900	0.02162	0.02252	0.01740	0.02337	0.05391	0.01431	0.60934	0.03451	0.07006	0.01835	0.01828	0.01297	0.00906	0.00756	0.00226	0.00852	0.00677	0.00749	0.01271
62	0.04363	0.08381	0.10541	0.01717	0.08248	0.01548	0.01377	0.05312	0.15558	0.05842	0.07975	0.14096	0.02636	0.01171	0.00764	0.00241	0.00682	0.03123	0.00603	0.05822
63	0.01651	0.08956	0.14553	0.02395	0.15886	0.05546	0.09901	0.02239	0.06592	0.02297	0.03962	0.10285	0.01979	0.01394	0.06563	0.00323	0.01002	0.03037	0.00457	0.00982

[dist]
# distance from previous block
# <min> <max>
17	32

[block]
# block no. 1 follows, 26 sequences, length 6
# corresponding to MSA columns:
# 191-196
name=unknown_B
#
# <colnr> <probs for GDERKNQSTAVLIFYWHMCP>
#	G	D	E	R	K	N	Q	S	T	A	V	L	I	F	Y	W	H	M	C	P
0	0.09743	0.26980	0.05866	0.07758	0.02432	0.21529	0.05215	0.02394	0.01678	0.02045	0.01235	0.01541	0.01047	0.01112	0.06243	0.00281	0.01105	0.00522	0.00369	0.00906
1	0.14450	0.06894	0.34587	0.01961	0.05930	0.01689	0.06806	0.02369	0.01605	0.08352	0.01680	0.07408	0.01373	0.00858	0.00704	0.00240	0.00919	0.00704	0.00438	0.01034
2	0.05262	0.02207	0.16547	0.03028	0.32063	0.06762	0.02023	0.02260	0.01660	0.02428	0.01592	0.02218	0.01356	0.00845	0.00852	0.00238	0.06090	0.04373	0.07154	0.01043
3	0.05627	0.01045	0.01299	0.01151	0.01474	0.00993	0.00902	0.07236	0.02090	0.20584	0.27061	0.13557	0.07897	0.01452	0.00845	0.00252	0.00514	0.04312	0.00807	0.00902
4	0.07452	0.14541	0.20133	0.01676	0.04836	0.10122	0.01586	0.02362	0.04958	0.07165	0.05370	0.10611	0.04101	0.01025	0.00709	0.00230	0.00846	0.00816	0.00495	0.00967
5	0.06744	0.37148	0.05438	0.01502	0.02045	0.18996	0.01344	0.05764	0.05051	0.02144	0.01308	0.01510	0.01116	0.01087	0.05665	0.00263	0.01024	0.00499	0.00400	0.00953

[dist]
# distance from previous block
# <min> <max>
41	235

[block]
# block no. 2 follows, 26 sequences, length 20
# corresponding to MSA columns:
# 468-487
name=unknown_C
#
# <colnr> <probs for GDERKNQSTAVLIFYWHMCP>
#	G	D	E	R	K	N	Q	S	T	A	V	L	I	F	Y	W	H	M	C	P
0	0.02381	0.01661	0.01860	0.01508	0.01989	0.01751	0.01205	0.41186	0.02817	0.09366	0.02427	0.18199	0.02184	0.01224	0.00793	0.00238	0.00708	0.01011	0.00739	0.06752
1	0.02537	0.05289	0.02117	0.01591	0.02113	0.04665	0.01296	0.50349	0.03078	0.04057	0.02255	0.05286	0.05647	0.05072	0.00934	0.00257	0.00804	0.00805	0.00702	0.01145
2	0.00954	0.00706	0.00879	0.00989	0.01091	0.00648	0.00687	0.01117	0.01554	0.02028	0.09493	0.46807	0.18413	0.06641	0.01132	0.00321	0.00453	0.04767	0.00698	0.00623
3	0.01699	0.09943	0.46267	0.02378	0.07342	0.01883	0.12773	0.02434	0.01654	0.04648	0.01421	0.01688	0.01039	0.00705	0.00730	0.00234	0.01087	0.00614	0.00356	0.01102
4	0.01604	0.15321	0.58739	0.02021	0.03065	0.01964	0.02557	0.02381	0.01592	0.02301	0.01311	0.01539	0.00963	0.00709	0.00682	0.00227	0.01070	0.00535	0.00321	0.01097
5	0.01856	0.01799	0.03128	0.07077	0.62558	0.01804	0.05936	0.02319	0.01723	0.02455	0.01430	0.01892	0.01191	0.00677	0.00759	0.00228	0.00927	0.00688	0.00374	0.01178
6	0.01312	0.00989	0.01200	0.01093	0.01336	0.00995	0.00835	0.06132	0.11682	0.03177	0.54327	0.04997	0.06062	0.01432	0.00868	0.00241	0.00425	0.01251	0.00821	0.00824
7	0.02897	0.04160	0.07122	0.01438	0.02034	0.01368	0.01263	0.05302	0.11579	0.47975	0.04857	0.02569	0.01989	0.00943	0.00755	0.00236	0.00678	0.00765	0.00836	0.01235
8	0.02040	0.02232	0.02534	0.24755	0.27829	0.23390	0.01986	0.02427	0.01795	0.02113	0.01322	0.01762	0.01071	0.00735	0.00732	0.00224	0.01083	0.00616	0.00368	0.00987
9	0.01103	0.00735	0.00827	0.00827	0.00827	0.00735	0.00460	0.01103	0.01103	0.01471	0.02390	0.04964	0.02758	0.73343	0.03861	0.00735	0.00735	0.01103	0.00460	0.00460
10	0.00967	0.00783	0.00869	0.00903	0.01132	0.00686	0.00705	0.01195	0.01747	0.02146	0.10638	0.09943	0.50684	0.01947	0.00926	0.00274	0.00441	0.12650	0.00711	0.00654
11	0.01797	0.02027	0.04366	0.03311	0.09026	0.01909	0.60882	0.02422	0.01785	0.02433	0.01526	0.02033	0.01155	0.00642	0.00884	0.00253	0.01249	0.00878	0.00383	0.01037
12	0.02642	0.08393	0.02223	0.01828	0.02239	0.53400	0.01410	0.08910	0.02168	0.02125	0.01294	0.01527	0.01079	0.01169	0.06131	0.00276	0.01328	0.00527	0.00423	0.00910
13	0.78701	0.01467	0.01115	0.00997	0.01467	0.01702	0.00821	0.02230	0.01291	0.03403	0.01056	0.01232	0.00821	0.00704	0.00469	0.00235	0.00587	0.00411	0.00469	0.00821
14	0.01690	0.28963	0.16575	0.01511	0.02050	0.05727	0.01521	0.02071	0.01490	0.01985	0.01428	0.01832	0.01239	0.01840	0.15952	0.00425	0.06712	0.00572	0.05511	0.00905
15	0.00924	0.00660	0.00880	0.01056	0.01100	0.00616	0.00704	0.01056	0.01452	0.01936	0.04181	0.72848	0.05017	0.02376	0.00968	0.00308	0.00440	0.02156	0.00704	0.00616
16	0.02039	0.64602	0.08671	0.01387	0.02068	0.02874	0.01416	0.05913	0.01661	0.02000	0.01121	0.01279	0.00990	0.00669	0.00519	0.00172	0.00835	0.00433	0.00349	0.01002
17	0.01882	0.01443	0.01676	0.01416	0.01880	0.01480	0.02762	0.10887	0.26374	0.07889	0.06556	0.03491	0.07704	0.01115	0.00778	0.00234	0.00623	0.06664	0.00708	0.14437
18	0.01075	0.03421	0.01057	0.00936	0.01165	0.00826	0.00710	0.01448	0.05442	0.02558	0.35324	0.10459	0.29447	0.01684	0.00879	0.00248	0.00403	0.01448	0.00756	0.00716
19	0.04914	0.20792	0.50625	0.01903	0.02881	0.02060	0.02353	0.02363	0.01574	0.02295	0.01274	0.01492	0.00958	0.00703	0.00653	0.00221	0.01023	0.00517	0.00328	0.01072

[dist]
# distance from previous block
# <min> <max>
13	58

[block]
# block no. 3 follows, 26 sequences, length 6
# corresponding to MSA columns:
# 548-553
name=unknown_D
#
# <colnr> <probs for GDERKNQSTAVLIFYWHMCP>
#	G	D	E	R	K	N	Q	S	T	A	V	L	I	F	Y	W	H	M	C	P
0	0.01678	0.08332	0.10275	0.15516	0.20716	0.05947	0.05864	0.02236	0.06038	0.02239	0.02115	0.07969	0.05978	0.00943	0.00759	0.00237	0.00899	0.00834	0.00434	0.00989
1	0.01685	0.14084	0.14230	0.07864	0.03298	0.01975	0.31724	0.02224	0.01639	0.02211	0.01589	0.07269	0.01370	0.00832	0.00876	0.00245	0.04701	0.00828	0.00382	0.00975
2	0.01499	0.01383	0.01382	0.01271	0.01473	0.10915	0.00965	0.06573	0.01910	0.02459	0.23479	0.12393	0.13720	0.06259	0.01272	0.00288	0.10151	0.01209	0.00639	0.00758
3	0.01907	0.11868	0.06110	0.01356	0.01808	0.01562	0.01186	0.10913	0.11873	0.11631	0.16992	0.06253	0.06104	0.01215	0.00786	0.00241	0.00640	0.05860	0.00702	0.00995
4	0.07906	0.01672	0.10642	0.03812	0.02031	0.01426	0.01305	0.09099	0.05841	0.05169	0.02025	0.12935	0.01859	0.01468	0.06893	0.00313	0.06025	0.00845	0.00530	0.18203
5	0.02288	0.07902	0.02093	0.01496	0.01969	0.01799	0.01237	0.17711	0.06226	0.15571	0.01846	0.02048	0.01424	0.04312	0.01148	0.00245	0.13243	0.00656	0.00606	0.16179

[dist]
# distance from previous block
# <min> <max>
1	12

[block]
# block no. 4 follows, 26 sequences, length 7
# corresponding to MSA columns:
# 566-572
name=unknown_E
#
# <colnr> <probs for GDERKNQSTAVLIFYWHMCP>
#	G	D	E	R	K	N	Q	S	T	A	V	L	I	F	Y	W	H	M	C	P
0	0.04235	0.09133	0.01918	0.05355	0.01960	0.06042	0.05920	0.06036	0.01893	0.09993	0.12949	0.11924	0.11133	0.01317	0.00865	0.00248	0.03208	0.04371	0.00626	0.00871
1	0.05589	0.09664	0.09869	0.01622	0.02135	0.18753	0.01427	0.14172	0.07341	0.05748	0.05187	0.02065	0.01619	0.01484	0.09712	0.00346	0.01089	0.00651	0.00528	0.00999
2	0.01857	0.09473	0.02369	0.01858	0.05719	0.04654	0.09228	0.16740	0.01952	0.02602	0.01925	0.11294	0.01840	0.06402	0.09902	0.00403	0.09445	0.00903	0.00507	0.00928
3	0.10988	0.06826	0.01817	0.01331	0.01833	0.05178	0.01076	0.15736	0.01961	0.02894	0.01750	0.11155	0.01623	0.00953	0.00741	0.00197	0.04090	0.00734	0.00535	0.28582
4	0.01562	0.04827	0.01522	0.05690	0.01714	0.02849	0.03654	0.04590	0.01656	0.09146	0.07577	0.22377	0.05937	0.01803	0.01289	0.15956	0.00650	0.05870	0.00600	0.00731
5	0.06182	0.01417	0.02041	0.42950	0.03835	0.01658	0.01697	0.13297	0.01859	0.07333	0.01531	0.02012	0.01144	0.00987	0.00967	0.08169	0.00894	0.00666	0.00462	0.00900
6	0.02159	0.35045	0.06144	0.01794	0.06312	0.23344	0.01488	0.02427	0.01697	0.01881	0.01185	0.01462	0.01047	0.01052	0.05024	0.00257	0.05895	0.00498	0.00353	0.00938

[dist]
# distance from previous block
# <min> <max>
13	25

[block]
# block no. 5 follows, 26 sequences, length 20
# corresponding to MSA columns:
# 601-620
name=unknown_F
#
# <colnr> <probs for GDERKNQSTAVLIFYWHMCP>
#	G	D	E	R	K	N	Q	S	T	A	V	L	I	F	Y	W	H	M	C	P
0	0.07241	0.42459	0.06083	0.01470	0.01953	0.06348	0.01380	0.02158	0.01505	0.01970	0.01345	0.04201	0.01302	0.00924	0.00901	0.00218	0.13057	0.04201	0.00374	0.00911
1	0.01782	0.09636	0.04574	0.01331	0.01736	0.06663	0.01115	0.09498	0.13609	0.06066	0.20409	0.03720	0.12481	0.01210	0.00825	0.00234	0.02509	0.00980	0.00677	0.00944
2	0.01560	0.03364	0.52908	0.02521	0.12688	0.01726	0.06309	0.02334	0.01636	0.02399	0.01667	0.01925	0.04054	0.00764	0.00743	0.00240	0.01065	0.00644	0.00349	0.01105
3	0.02070	0.01497	0.01708	0.01536	0.04651	0.01570	0.01157	0.06475	0.37371	0.14196	0.03150	0.02951	0.07797	0.01020	0.00756	0.00235	0.00609	0.00845	0.00741	0.09665
4	0.09184	0.01728	0.02077	0.14397	0.06528	0.06524	0.04338	0.13819	0.09337	0.02854	0.01794	0.02402	0.01488	0.00926	0.00848	0.00239	0.05530	0.05718	0.00524	0.09743
5	0.10506	0.02130	0.11478	0.07884	0.34379	0.08297	0.02005	0.02407	0.04893	0.02497	0.01579	0.02164	0.01331	0.00801	0.00728	0.00236	0.00921	0.04284	0.00416	0.01063
6	0.06838	0.01289	0.01966	0.36497	0.05875	0.01470	0.04280	0.05599	0.01781	0.02486	0.13989	0.03348	0.02532	0.01050	0.00801	0.00257	0.00823	0.07764	0.00506	0.00848
7	0.01627	0.14632	0.49865	0.02054	0.03046	0.01928	0.07735	0.02356	0.01606	0.02311	0.01327	0.01576	0.00988	0.00694	0.00689	0.00222	0.01054	0.00558	0.00333	0.05399
8	0.02530	0.07751	0.02188	0.01934	0.05474	0.52476	0.01417	0.02897	0.07254	0.02000	0.01760	0.01891	0.05539	0.00863	0.00695	0.00204	0.01182	0.00595	0.00437	0.00911
9	0.01748	0.02173	0.13476	0.02734	0.03481	0.01769	0.46651	0.02358	0.01756	0.05374	0.02049	0.02413	0.06508	0.00787	0.00911	0.00255	0.03230	0.00890	0.00423	0.01013
10	0.01761	0.01053	0.01292	0.01130	0.01439	0.01006	0.00871	0.10831	0.02189	0.16316	0.29532	0.12082	0.11766	0.04056	0.00964	0.00264	0.00508	0.01255	0.00803	0.00883
11	0.01554	0.08475	0.65150	0.02106	0.03196	0.01842	0.02704	0.02394	0.01597	0.02362	0.01341	0.01576	0.00962	0.00716	0.00705	0.00235	0.01101	0.00550	0.00321	0.01111
12	0.00909	0.00769	0.00785	0.00781	0.01032	0.00646	0.00586	0.01112	0.01758	0.02118	0.11898	0.07186	0.64046	0.01895	0.00896	0.00255	0.00382	0.01585	0.00713	0.00646
13	0.02630	0.14029	0.02399	0.01801	0.02252	0.48657	0.01415	0.07902	0.07966	0.02190	0.01375	0.01510	0.01120	0.00793	0.00667	0.00198	0.01173	0.00524	0.00443	0.00954
14	0.01739	0.01821	0.02392	0.24440	0.03174	0.10551	0.04949	0.02041	0.01430	0.01895	0.01158	0.01759	0.01006	0.01042	0.01629	0.00286	0.36837	0.00657	0.00343	0.00850
15	0.00924	0.00660	0.00880	0.01056	0.01100	0.00616	0.00704	0.01056	0.01452	0.01936	0.04181	0.72848	0.05017	0.02376	0.00968	0.00308	0.00440	0.02156	0.00704	0.00616
16	0.01787	0.01737	0.03040	0.17074	0.51571	0.01790	0.07354	0.02263	0.01693	0.02373	0.01421	0.01918	0.01162	0.00688	0.00764	0.00233	0.00952	0.00693	0.00369	0.01120
17	0.01163	0.00819	0.00955	0.00936	0.00971	0.00853	0.00582	0.03159	0.01233	0.01653	0.02612	0.09459	0.05120	0.57994	0.05705	0.00671	0.03949	0.01151	0.00487	0.00527
18	0.01272	0.00863	0.01176	0.01294	0.01484	0.00838	0.01097	0.01591	0.01769	0.05550	0.08475	0.13113	0.08981	0.02013	0.01007	0.00326	0.00631	0.47083	0.00720	0.00718
19	0.00924	0.00660	0.00880	0.01056	0.01100	0.00616	0.00704	0.01056	0.01452	0.01936	0.04181	0.72848	0.05017	0.02376	0.00968	0.00308	0.00440	0.02156	0.00704	0.00616

[dist]
# distance from previous block
# <min> <max>
0	7

[block]
# block no. 6 follows, 26 sequences, length 88
# corresponding to MSA columns:
# 628-715
name=unknown_G
#
# <colnr> <probs for GDERKNQSTAVLIFYWHMCP>
#	G	D	E	R	K	N	Q	S	T	A	V	L	I	F	Y	W	H	M	C	P
0	0.01877	0.01802	0.03079	0.04656	0.68612	0.01802	0.02328	0.02328	0.01727	0.02478	0.01427	0.01877	0.01201	0.00676	0.00751	0.00225	0.00901	0.00676	0.00375	0.01201
1	0.01521	0.03923	0.69413	0.02162	0.03283	0.01762	0.02802	0.02402	0.01601	0.02402	0.01361	0.01601	0.00961	0.00721	0.00721	0.00240	0.01121	0.00560	0.00320	0.01121
2	0.00950	0.00679	0.00910	0.01086	0.01142	0.00639	0.00750	0.01102	0.01478	0.01966	0.04166	0.67168	0.04959	0.02352	0.00975	0.00312	0.00463	0.07577	0.00704	0.00623
3	0.01521	0.03923	0.69413	0.02162	0.03283	0.01762	0.02802	0.02402	0.01601	0.02402	0.01361	0.01601	0.00961	0.00721	0.00721	0.00240	0.01121	0.00560	0.00320	0.01121
4	0.00924	0.00660	0.00880	0.01056	0.01100	0.00616	0.00704	0.01056	0.01452	0.01936	0.04181	0.72848	0.05017	0.02376	0.00968	0.00308	0.00440	0.02156	0.00704	0.00616
5	0.02677	0.01991	0.02127	0.01670	0.02232	0.02212	0.01367	0.54500	0.12355	0.04467	0.02027	0.02008	0.01463	0.00926	0.00750	0.00229	0.00780	0.00708	0.04259	0.01251
6	0.01517	0.01587	0.05802	0.32041	0.06144	0.01663	0.17191	0.01971	0.01535	0.02089	0.01615	0.07574	0.01402	0.00984	0.01059	0.03126	0.08309	0.00838	0.02683	0.00870
7	0.00924	0.00660	0.00880	0.01056	0.01100	0.00616	0.00704	0.01056	0.01452	0.01936	0.04181	0.72848	0.05017	0.02376	0.00968	0.00308	0.00440	0.02156	0.00704	0.00616
8	0.01857	0.01792	0.03093	0.07258	0.63953	0.01801	0.04427	0.02316	0.01721	0.02455	0.01427	0.01889	0.01192	0.00678	0.00756	0.00227	0.00918	0.00683	0.00374	0.01181
9	0.01583	0.03505	0.55172	0.02435	0.05499	0.01792	0.14556	0.02405	0.01641	0.02410	0.01396	0.01693	0.01004	0.00704	0.00754	0.00243	0.01143	0.00627	0.00334	0.01105
10	0.01770	0.02126	0.07760	0.03086	0.03836	0.01929	0.59539	0.02400	0.01751	0.02400	0.01500	0.02005	0.01134	0.00676	0.00961	0.00259	0.04607	0.00867	0.00378	0.01019
11	0.00906	0.00769	0.00781	0.00778	0.01030	0.00644	0.00584	0.01106	0.01751	0.02101	0.10840	0.07215	0.65115	0.01902	0.00896	0.00255	0.00383	0.01589	0.00711	0.00644
12	0.01539	0.03817	0.66084	0.02287	0.06562	0.01764	0.02779	0.02398	0.01608	0.02406	0.01364	0.01615	0.00973	0.00718	0.00722	0.00239	0.01110	0.00566	0.00323	0.01125
13	0.01774	0.02043	0.12231	0.12387	0.51843	0.01782	0.02367	0.02291	0.01684	0.02402	0.01408	0.01856	0.01145	0.00692	0.00748	0.00231	0.00945	0.00660	0.00363	0.01147
14	0.01631	0.08619	0.62236	0.02070	0.03138	0.01821	0.02632	0.02444	0.01620	0.05006	0.01405	0.01614	0.00998	0.00724	0.00706	0.00235	0.01081	0.00558	0.00345	0.01118
15	0.01877	0.01802	0.03079	0.04656	0.68612	0.01802	0.02328	0.02328	0.01727	0.02478	0.01427	0.01877	0.01201	0.00676	0.00751	0.00225	0.00901	0.00676	0.00375	0.01201
16	0.01104	0.00929	0.01368	0.08731	0.01781	0.00993	0.04346	0.01312	0.01471	0.01961	0.03729	0.47085	0.10215	0.01950	0.01107	0.00297	0.08618	0.01709	0.00606	0.00688
17	0.02948	0.01393	0.01758	0.01392	0.01914	0.01324	0.01131	0.17215	0.02409	0.45501	0.05483	0.09498	0.02271	0.01100	0.00788	0.00241	0.00656	0.00908	0.00871	0.01201
18	0.00924	0.00660	0.00880	0.01056	0.01100	0.00616	0.00704	0.01056	0.01452	0.01936	0.04181	0.72848	0.05017	0.02376	0.00968	0.00308	0.00440	0.02156	0.00704	0.00616
19	0.02822	0.02143	0.04714	0.01739	0.02358	0.02267	0.01471	0.59314	0.05476	0.07154	0.01890	0.01875	0.01334	0.00908	0.00758	0.00229	0.00830	0.00687	0.00750	0.01281
20	0.01454	0.12210	0.01664	0.01265	0.04474	0.01278	0.00959	0.06311	0.04580	0.04654	0.28607	0.10625	0.13871	0.01435	0.00819	0.00239	0.00528	0.03498	0.00695	0.00834
21	0.01070	0.00769	0.00989	0.01117	0.01205	0.00745	0.00775	0.05543	0.01609	0.02145	0.04012	0.65459	0.04735	0.02265	0.00957	0.00304	0.00477	0.04451	0.00708	0.00666
22	0.01758	0.01988	0.04282	0.03084	0.03800	0.01893	0.61396	0.02364	0.01756	0.02391	0.01597	0.04247	0.01266	0.00720	0.00958	0.00260	0.03918	0.00926	0.00392	0.01003
23	0.01929	0.01731	0.01788	0.13544	0.02480	0.09674	0.01322	0.09451	0.30618	0.04877	0.03078	0.03038	0.11082	0.01064	0.00775	0.00245	0.00755	0.00867	0.00647	0.01035
24	0.01888	0.01897	0.03191	0.07488	0.53715	0.04933	0.11010	0.02355	0.01745	0.02418	0.01426	0.01884	0.01175	0.00680	0.00768	0.00229	0.00979	0.00697	0.00375	0.01145
25	0.03403	0.01291	0.01760	0.01350	0.01936	0.01115	0.01115	0.03697	0.02171	0.69137	0.02992	0.02582	0.01878	0.00939	0.00763	0.00235	0.00645	0.00763	0.00939	0.01291
26	0.01502	0.03789	0.66486	0.02110	0.03191	0.01717	0.02713	0.02361	0.01625	0.02429	0.04222	0.01775	0.01226	0.00756	0.00728	0.00240	0.01088	0.00595	0.00342	0.01104
27	0.02068	0.01879	0.07203	0.06769	0.04512	0.07774	0.01425	0.03394	0.36323	0.11935	0.02750	0.02784	0.03929	0.00997	0.00769	0.00249	0.00753	0.02689	0.00676	0.01120
28	0.01607	0.03804	0.66331	0.02125	0.03222	0.01732	0.02726	0.02461	0.01627	0.05442	0.01436	0.01646	0.01003	0.00731	0.00723	0.00240	0.01099	0.00570	0.00348	0.01129
29	0.00898	0.00761	0.00776	0.00788	0.01030	0.00639	0.00585	0.01086	0.01710	0.02041	0.07443	0.11802	0.63957	0.01952	0.00901	0.00260	0.00388	0.01639	0.00704	0.00639
30	0.02412	0.02104	0.02757	0.10319	0.05025	0.07200	0.15160	0.36617	0.02719	0.03577	0.01621	0.01855	0.01193	0.00831	0.00833	0.00237	0.03115	0.00712	0.00579	0.01134
31	0.01813	0.02080	0.12212	0.03978	0.51781	0.01836	0.02295	0.02384	0.04763	0.02455	0.01466	0.01869	0.01206	0.00744	0.00867	0.00236	0.05798	0.00667	0.00383	0.01165
32	0.03403	0.01291	0.01760	0.01350	0.01936	0.01115	0.01115	0.03697	0.02171	0.69137	0.02992	0.02582	0.01878	0.00939	0.00763	0.00235	0.00645	0.00763	0.00939	0.01291
33	0.01727	0.02157	0.11245	0.10758	0.08537	0.01867	0.47457	0.02365	0.01735	0.02376	0.01487	0.01983	0.01118	0.00664	0.00851	0.00252	0.01205	0.00819	0.00371	0.01026
34	0.01794	0.01719	0.02649	0.10583	0.47349	0.05238	0.02070	0.02283	0.04065	0.02388	0.01818	0.02811	0.01643	0.00896	0.00789	0.00245	0.00898	0.09251	0.00431	0.01080
35	0.00938	0.00672	0.00879	0.01032	0.01085	0.00627	0.00688	0.01073	0.01469	0.01957	0.06564	0.64868	0.07006	0.05893	0.01108	0.00325	0.00450	0.02057	0.00697	0.00613
36	0.00945	0.00766	0.00838	0.00830	0.01057	0.00659	0.00619	0.01178	0.01829	0.02309	0.23645	0.09575	0.49417	0.01841	0.00899	0.00254	0.00379	0.01563	0.00739	0.00659
37	0.02292	0.01636	0.01815	0.01503	0.01930	0.01766	0.01186	0.43338	0.02833	0.06154	0.02526	0.21174	0.02384	0.04607	0.00957	0.00273	0.00717	0.01103	0.00737	0.01070
38	0.01611	0.12359	0.55768	0.02217	0.06421	0.01922	0.04782	0.02383	0.01607	0.02331	0.01333	0.01583	0.00981	0.00707	0.00699	0.00230	0.01077	0.00559	0.00326	0.01103
39	0.01847	0.01771	0.03024	0.09248	0.64258	0.01794	0.02313	0.02301	0.01713	0.02441	0.01421	0.01887	0.01188	0.00681	0.00751	0.00227	0.00909	0.00676	0.00373	0.01177
40	0.01938	0.61432	0.15556	0.01451	0.02183	0.02782	0.01564	0.02294	0.01552	0.01894	0.01109	0.01285	0.00971	0.00662	0.00528	0.00176	0.00866	0.00433	0.00324	0.01000
41	0.02742	0.01461	0.07223	0.01364	0.01914	0.01173	0.01196	0.07417	0.02215	0.45862	0.15952	0.03072	0.02828	0.01042	0.00786	0.00235	0.00640	0.00864	0.00854	0.01161
42	0.01521	0.03923	0.69413	0.02162	0.03283	0.01762	0.02802	0.02402	0.01601	0.02402	0.01361	0.01601	0.00961	0.00721	0.00721	0.00240	0.01121	0.00560	0.00320	0.01121
43	0.00924	0.00660	0.00880	0.01056	0.01100	0.00616	0.00704	0.01056	0.01452	0.01936	0.04181	0.72848	0.05017	0.02376	0.00968	0.00308	0.00440	0.02156	0.00704	0.00616
44	0.01716	0.01821	0.02503	0.04301	0.02490	0.13311	0.20822	0.04030	0.01782	0.02262	0.08892	0.14285	0.05229	0.01217	0.01100	0.00263	0.11551	0.01066	0.00501	0.00856
45	0.09359	0.04077	0.13876	0.01387	0.01999	0.01286	0.01317	0.02927	0.01865	0.39732	0.02743	0.02730	0.06212	0.05968	0.00945	0.00270	0.00720	0.00765	0.00716	0.01106
46	0.03327	0.01308	0.01758	0.01359	0.01938	0.01154	0.01119	0.03713	0.05437	0.65826	0.02997	0.02594	0.01900	0.00943	0.00763	0.00236	0.00643	0.00768	0.00930	0.01286
47	0.01521	0.03923	0.69413	0.02162	0.03283	0.01762	0.02802	0.02402	0.01601	0.02402	0.01361	0.01601	0.00961	0.00721	0.00721	0.00240	0.01121	0.00560	0.00320	0.01121
48	0.01611	0.14400	0.56453	0.02080	0.03113	0.01956	0.05551	0.02384	0.01601	0.02310	0.01323	0.01564	0.00972	0.00706	0.00693	0.00229	0.01082	0.00553	0.00324	0.01094
49	0.02805	0.02044	0.02139	0.01663	0.02231	0.04744	0.01365	0.56342	0.03311	0.07574	0.01897	0.01909	0.01351	0.00905	0.00740	0.00223	0.00813	0.00681	0.06028	0.01234
50	0.00924	0.00660	0.00880	0.01056	0.01100	0.00616	0.00704	0.01056	0.01452	0.01936	0.04181	0.72848	0.05017	0.02376	0.00968	0.00308	0.00440	0.02156	0.00704	0.00616
51	0.02760	0.02034	0.02204	0.01709	0.02284	0.02256	0.01408	0.61636	0.03405	0.04573	0.01836	0.01901	0.01332	0.01239	0.05538	0.00296	0.00917	0.00692	0.00735	0.01248
52	0.73023	0.01648	0.06139	0.01083	0.01600	0.01706	0.00967	0.02242	0.01314	0.03330	0.01079	0.01259	0.00832	0.00705	0.00488	0.00235	0.00626	0.00422	0.00458	0.00843
53	0.00924	0.00660	0.00880	0.01056	0.01100	0.00616	0.00704	0.01056	0.01452	0.01936	0.04181	0.72848	0.05017	0.02376	0.00968	0.00308	0.00440	0.02156	0.00704	0.00616
54	0.01665	0.02078	0.14620	0.03209	0.27279	0.01659	0.21023	0.02231	0.01780	0.02518	0.10267	0.02578	0.02020	0.00830	0.00816	0.00242	0.00974	0.02716	0.00438	0.01056
55	0.01502	0.03789	0.66486	0.02110	0.03191	0.01717	0.02713	0.02361	0.01625	0.02429	0.04222	0.01775	0.01226	0.00756	0.00728	0.00240	0.01088	0.00595	0.00342	0.01104
56	0.01188	0.00802	0.01043	0.00967	0.01171	0.00734	0.00731	0.01536	0.02132	0.06449	0.62411	0.05570	0.09306	0.01533	0.00888	0.00239	0.00374	0.01349	0.00835	0.00743
57	0.01595	0.02432	0.25354	0.02634	0.10966	0.01643	0.25567	0.02232	0.01733	0.02469	0.08216	0.05148	0.01851	0.00831	0.00810	0.00242	0.01027	0.00840	0.00422	0.03987
58	0.00904	0.00764	0.00782	0.00787	0.01032	0.00642	0.00587	0.01100	0.01734	0.02083	0.09873	0.09797	0.63483	0.01925	0.00899	0.00257	0.00385	0.01614	0.00709	0.00642
59	0.03959	0.02824	0.32655	0.02595	0.03456	0.01871	0.31904	0.02370	0.01650	0.02405	0.01407	0.01801	0.01047	0.00724	0.00916	0.00254	0.06044	0.00718	0.00355	0.01047
60	0.01087	0.00797	0.01141	0.01141	0.01249	0.00906	0.00851	0.01304	0.01196	0.01703	0.02103	0.03376	0.02068	0.19183	0.57078	0.01123	0.01773	0.00871	0.00417	0.00634
61	0.01907	0.01498	0.04749	0.06860	0.01932	0.03554	0.01160	0.20973	0.04633	0.02996	0.01888	0.02315	0.01513	0.03921	0.01196	0.10792	0.04275	0.00696	0.22261	0.00881
62	0.65232	0.01413	0.01189	0.01035	0.01510	0.01582	0.00851	0.02416	0.01425	0.12547	0.01381	0.01482	0.01012	0.00744	0.00513	0.00232	0.00586	0.00471	0.03497	0.00883
63	0.01958	0.57008	0.13893	0.01447	0.02161	0.05197	0.01517	0.02302	0.01574	0.01915	0.01120	0.01298	0.00979	0.00661	0.00534	0.00173	0.00868	0.00435	0.00332	0.04628
64	0.75587	0.01460	0.01142	0.01012	0.01486	0.01677	0.00834	0.02290	0.01327	0.06121	0.01136	0.01288	0.00865	0.00714	0.00482	0.00235	0.00589	0.00425	0.00489	0.00841
65	0.01856	0.16779	0.42266	0.02019	0.02908	0.13800	0.05580	0.02487	0.01694	0.02195	0.01281	0.01513	0.00976	0.00714	0.00680	0.00219	0.01114	0.00537	0.00337	0.01047
66	0.01391	0.01144	0.01140	0.01049	0.01348	0.05532	0.00815	0.09182	0.02067	0.04662	0.17051	0.05871	0.39399	0.01636	0.00869	0.00250	0.00524	0.04577	0.00720	0.00771
67	0.01074	0.00775	0.01014	0.00954	0.01133	0.00716	0.00716	0.01431	0.02147	0.03042	0.68211	0.05666	0.07157	0.01551	0.00895	0.00239	0.00358	0.01372	0.00835	0.00716
68	0.01521	0.03923	0.69413	0.02162	0.03283	0.01762	0.02802	0.02402	0.01601	0.02402	0.01361	0.01601	0.00961	0.00721	0.00721	0.00240	0.01121	0.00560	0.00320	0.01121
69	0.01074	0.00775	0.01014	0.00954	0.01133	0.00716	0.00716	0.01431	0.02147	0.03042	0.68211	0.05666	0.07157	0.01551	0.00895	0.00239	0.00358	0.01372	0.00835	0.00716
70	0.02979	0.01450	0.01795	0.01433	0.01982	0.01417	0.01165	0.09347	0.18499	0.46968	0.02911	0.02576	0.01934	0.00959	0.00765	0.00240	0.00651	0.00779	0.00881	0.01268
71	0.78701	0.01467	0.01115	0.00997	0.01467	0.01702	0.00821	0.02230	0.01291	0.03403	0.01056	0.01232	0.00821	0.00704	0.00469	0.00235	0.00587	0.00411	0.00469	0.00821
72	0.08091	0.02079	0.02197	0.01694	0.02291	0.02308	0.01399	0.61697	0.03410	0.04686	0.01769	0.01781	0.01258	0.00896	0.00739	0.00228	0.00818	0.00664	0.00739	0.01258
73	0.01103	0.00735	0.00827	0.00827	0.00827	0.00735	0.00460	0.01103	0.01103	0.01471	0.02390	0.04964	0.02758	0.73343	0.03861	0.00735	0.00735	0.01103	0.00460	0.00460
74	0.02833	0.03615	0.02149	0.01954	0.02345	0.70298	0.01466	0.03029	0.02149	0.01856	0.01172	0.01368	0.00977	0.00782	0.00684	0.00195	0.01368	0.00489	0.00391	0.00879
75	0.78701	0.01467	0.01115	0.00997	0.01467	0.01702	0.00821	0.02230	0.01291	0.03403	0.01056	0.01232	0.00821	0.00704	0.00469	0.00235	0.00587	0.00411	0.00469	0.00821
76	0.01318	0.00659	0.00988	0.00988	0.00988	0.00659	0.00659	0.00988	0.00988	0.01318	0.01318	0.02306	0.01318	0.02635	0.02964	0.77931	0.00659	0.00659	0.00329	0.00329
77	0.01663	0.01862	0.07397	0.02124	0.02282	0.02242	0.08145	0.01927	0.01256	0.01927	0.01076	0.01694	0.01009	0.01215	0.02202	0.00318	0.59776	0.00679	0.00336	0.00870
78	0.01678	0.01713	0.02624	0.02160	0.02267	0.02267	0.10630	0.01910	0.01249	0.01910	0.01071	0.01713	0.01017	0.01231	0.02266	0.00321	0.62079	0.00696	0.00339	0.00857
79	0.01584	0.01511	0.02505	0.38415	0.17646	0.01658	0.06756	0.02046	0.01572	0.02162	0.01361	0.01908	0.01077	0.00731	0.00825	0.00230	0.04502	0.00657	0.00365	0.12488
80	0.00940	0.00770	0.00829	0.00814	0.01051	0.00659	0.00610	0.01173	0.01831	0.02292	0.22508	0.06900	0.53328	0.01830	0.00896	0.00252	0.00378	0.01545	0.00736	0.00659
81	0.15084	0.01851	0.05819	0.03853	0.51465	0.01788	0.04656	0.02318	0.01649	0.02632	0.01364	0.01760	0.01123	0.00681	0.00707	0.00229	0.00872	0.00634	0.00389	0.01125
82	0.01143	0.00817	0.01132	0.01307	0.01447	0.00805	0.01085	0.01435	0.01668	0.02182	0.04060	0.25552	0.04537	0.02170	0.01027	0.00338	0.00630	0.47288	0.00700	0.00677
83	0.01941	0.61769	0.15241	0.01447	0.02177	0.02788	0.01557	0.02294	0.01552	0.01891	0.01107	0.01283	0.00971	0.00661	0.00527	0.00176	0.00865	0.00432	0.00324	0.00999
84	0.01426	0.01206	0.01492	0.07436	0.01961	0.00990	0.00967	0.01736	0.01543	0.02313	0.01935	0.16381	0.01920	0.00955	0.00664	0.00166	0.00577	0.00823	0.00492	0.55019
85	0.01735	0.01992	0.06242	0.03037	0.08056	0.01894	0.49410	0.02296	0.01695	0.02344	0.01575	0.05007	0.01296	0.00795	0.01058	0.00264	0.09018	0.00897	0.00389	0.01000
86	0.02072	0.01538	0.06172	0.01274	0.01954	0.01142	0.01101	0.05034	0.01804	0.18889	0.01771	0.01832	0.01304	0.00679	0.00630	0.00156	0.00631	0.00543	0.00573	0.50901
87	0.02589	0.01915	0.02078	0.01634	0.02178	0.02082	0.01328	0.55276	0.03220	0.04333	0.02073	0.10094	0.01716	0.01064	0.00773	0.00231	0.00775	0.00843	0.00737	0.05061

[dist]
# distance from previous block
# <min> <max>
2	33

[block]
# block no. 7 follows, 26 sequences, length 9
# corresponding to MSA columns:
# 752-760
name=unknown_H
#
# <colnr> <probs for GDERKNQSTAVLIFYWHMCP>
#	G	D	E	R	K	N	Q	S	T	A	V	L	I	F	Y	W	H	M	C	P
0	0.02069	0.01591	0.01799	0.07658	0.02205	0.01720	0.01261	0.33527	0.08096	0.03498	0.03097	0.03593	0.13119	0.03483	0.00902	0.00261	0.00728	0.06863	0.00687	0.03843
1	0.12251	0.01441	0.02181	0.52723	0.09854	0.01730	0.01914	0.05173	0.01604	0.02326	0.01338	0.01891	0.01014	0.00751	0.00718	0.00247	0.00934	0.00638	0.00379	0.00892
2	0.01843	0.01849	0.07111	0.06146	0.35524	0.03419	0.04892	0.10396	0.01923	0.02661	0.01851	0.10191	0.01701	0.00942	0.00779	0.00236	0.00867	0.02518	0.00470	0.04681
3	0.02109	0.01707	0.02227	0.01729	0.02206	0.01815	0.10158	0.30722	0.04374	0.03446	0.09400	0.02565	0.02065	0.07368	0.01194	0.00276	0.06737	0.00810	0.00624	0.08469
4	0.01593	0.01483	0.02345	0.34664	0.20180	0.01738	0.01957	0.02178	0.07371	0.02198	0.01704	0.02561	0.01453	0.00939	0.00981	0.00263	0.09092	0.05935	0.00415	0.00951
5	0.01162	0.00889	0.01142	0.01150	0.01221	0.00997	0.00842	0.01328	0.01389	0.01988	0.03322	0.32895	0.08835	0.09924	0.04470	0.00376	0.14730	0.01438	0.11242	0.00658
6	0.01318	0.00659	0.00988	0.00988	0.00988	0.00659	0.00659	0.00988	0.00988	0.01318	0.01318	0.02306	0.01318	0.02635	0.02964	0.77931	0.00659	0.00659	0.00329	0.00329
7	0.11414	0.01910	0.02196	0.08103	0.08876	0.02107	0.01499	0.43989	0.02880	0.07147	0.01708	0.01812	0.01230	0.00852	0.00725	0.00231	0.00819	0.00654	0.00660	0.01188
8	0.01776	0.01485	0.01578	0.01420	0.01792	0.01686	0.01085	0.06385	0.51769	0.03006	0.05608	0.03300	0.04911	0.09405	0.01136	0.00310	0.00610	0.00924	0.00735	0.01080

[dist]
# distance from previous block
# <min> <max>
0	5

[block]
# block no. 8 follows, 26 sequences, length 10
# corresponding to MSA columns:
# 766-775
name=unknown_I
#
# <colnr> <probs for GDERKNQSTAVLIFYWHMCP>
#	G	D	E	R	K	N	Q	S	T	A	V	L	I	F	Y	W	H	M	C	P
0	0.01044	0.00915	0.03152	0.03315	0.01349	0.00788	0.00823	0.01382	0.03891	0.02366	0.22729	0.13233	0.33425	0.01778	0.00902	0.00264	0.00461	0.06761	0.00717	0.00703
1	0.01326	0.01141	0.01807	0.02573	0.29551	0.01116	0.01388	0.01592	0.01568	0.02165	0.03020	0.42939	0.03409	0.01660	0.00877	0.00273	0.00634	0.01532	0.00566	0.00863
2	0.01227	0.00691	0.00920	0.00920	0.00920	0.00691	0.00575	0.01037	0.01037	0.01382	0.01769	0.03426	0.01924	0.32433	0.03342	0.45399	0.00691	0.00846	0.00384	0.00384
3	0.01326	0.01141	0.01807	0.02573	0.29551	0.01116	0.01388	0.01592	0.01568	0.02165	0.03020	0.42939	0.03409	0.01660	0.00877	0.00273	0.00634	0.01532	0.00566	0.00863
4	0.01079	0.00797	0.01133	0.01107	0.01261	0.00850	0.00850	0.01387	0.01610	0.02301	0.29922	0.04112	0.04113	0.03945	0.41072	0.00806	0.01326	0.01048	0.00587	0.00693
5	0.34077	0.01398	0.01380	0.01070	0.01658	0.01302	0.00866	0.02045	0.01454	0.02864	0.01225	0.01429	0.00996	0.00622	0.00523	0.00164	0.00572	0.00433	0.00458	0.45463
6	0.46175	0.02502	0.29898	0.01488	0.02232	0.01727	0.01656	0.02302	0.01422	0.02981	0.01185	0.01388	0.00880	0.00711	0.00575	0.00237	0.00812	0.00474	0.00407	0.00948
7	0.01448	0.02256	0.29951	0.01567	0.02201	0.01353	0.01686	0.02288	0.12415	0.04702	0.16506	0.05786	0.10367	0.01182	0.00805	0.00250	0.00744	0.02934	0.00588	0.00971
8	0.01842	0.01366	0.01665	0.01441	0.01775	0.01540	0.01156	0.28633	0.02208	0.03033	0.01943	0.02491	0.01641	0.03675	0.41015	0.00801	0.01527	0.00758	0.00555	0.00935
9	0.01484	0.02838	0.41119	0.31391	0.04101	0.01729	0.02509	0.02207	0.01566	0.02207	0.01356	0.01779	0.00982	0.00737	0.00737	0.00246	0.01075	0.00608	0.00327	0.01004

[dist]
# distance from previous block
# <min> <max>
0	19

[block]
# block no. 9 follows, 26 sequences, length 31
# corresponding to MSA columns:
# 795-825
name=unknown_J
#
# <colnr> <probs for GDERKNQSTAVLIFYWHMCP>
