[name]
unknown

[dist]
# distance from previous block
# <min> <max>
19	40

[block]
# block no. 0 follows, 29 sequences, length 6
# corresponding to MSA columns:
# 59-64
name=unknown_A
#
# <colnr> <probs for GDERKNQSTAVLIFYWHMCP>
#	G	D	E	R	K	N	Q	S	T	A	V	L	I	F	Y	W	H	M	C	P
0	0.01238	0.00862	0.01120	0.01035	0.01231	0.00800	0.03486	0.04532	0.01505	0.06048	0.07796	0.25157	0.12322	0.17345	0.01530	0.04853	0.00543	0.01295	0.00584	0.06719
1	0.05246	0.04080	0.02066	0.10038	0.07239	0.17501	0.07379	0.14070	0.05535	0.02571	0.05361	0.02116	0.01555	0.05169	0.00852	0.00237	0.00871	0.00668	0.06548	0.00897
2	0.01711	0.01807	0.05562	0.12131	0.11144	0.01773	0.33778	0.08327	0.01731	0.02388	0.01374	0.01810	0.01061	0.00694	0.00893	0.00231	0.06909	0.00717	0.00384	0.05576
3	0.01863	0.01864	0.02753	0.03368	0.40985	0.08288	0.09503	0.05602	0.07000	0.02365	0.01430	0.01784	0.01170	0.00737	0.00878	0.00225	0.08083	0.00655	0.00398	0.01050
4	0.01787	0.02061	0.06223	0.09551	0.23330	0.19540	0.09322	0.02164	0.01645	0.02016	0.01633	0.02031	0.04459	0.01304	0.09538	0.00328	0.01128	0.00665	0.00369	0.00908
5	0.01470	0.09534	0.01402	0.01012	0.01258	0.01230	0.00807	0.08054	0.01551	0.02314	0.02224	0.02733	0.06878	0.08552	0.05349	0.03611	0.07474	0.00718	0.28959	0.04873

[dist]
# distance from previous block
# <min> <max>
8	21

[block]
# block no. 1 follows, 29 sequences, length 22
# corresponding to MSA columns:
# 90-111
name=unknown_B
#
# <colnr> <probs for GDERKNQSTAVLIFYWHMCP>
#	G	D	E	R	K	N	Q	S	T	A	V	L	I	F	Y	W	H	M	C	P
0	0.02036	0.01702	0.01611	0.01410	0.01799	0.11826	0.01106	0.14595	0.29443	0.07838	0.02648	0.02852	0.05692	0.03839	0.00829	0.00244	0.00697	0.04007	0.04828	0.01000
1	0.02184	0.01617	0.01816	0.01467	0.01891	0.01763	0.02679	0.45488	0.06518	0.03624	0.03959	0.09937	0.01913	0.07523	0.01073	0.03303	0.00714	0.00855	0.00661	0.01015
2	0.03758	0.02203	0.22867	0.02238	0.05836	0.01601	0.26154	0.05571	0.01614	0.02323	0.03703	0.02096	0.01353	0.06889	0.03413	0.00298	0.03787	0.00724	0.00384	0.03188
3	0.01998	0.06776	0.09499	0.01640	0.04554	0.30522	0.01331	0.07973	0.04394	0.02101	0.01731	0.02134	0.04347	0.07685	0.07413	0.00326	0.01072	0.00629	0.03030	0.00845
4	0.60730	0.01357	0.02825	0.05881	0.01635	0.01495	0.00894	0.02040	0.03902	0.02982	0.05643	0.01830	0.04903	0.00786	0.00521	0.00224	0.00567	0.00536	0.00472	0.00778
5	0.01012	0.00742	0.00917	0.01017	0.04608	0.00708	0.00619	0.01135	0.01363	0.01817	0.13824	0.17261	0.13361	0.36055	0.02150	0.00456	0.00546	0.01296	0.00556	0.00557
6	0.04568	0.01173	0.01313	0.01122	0.01421	0.01234	0.00862	0.22597	0.01949	0.02829	0.04549	0.05756	0.01910	0.11781	0.08885	0.05193	0.00740	0.00771	0.14225	0.07122
7	0.01371	0.01292	0.02183	0.68924	0.09038	0.01589	0.01991	0.01842	0.01436	0.01851	0.01270	0.01890	0.00960	0.00707	0.00711	0.00236	0.00943	0.00633	0.00319	0.00812
8	0.01345	0.01266	0.02136	0.73264	0.04904	0.01582	0.01978	0.01819	0.01424	0.01819	0.01266	0.01898	0.00949	0.00712	0.00712	0.00237	0.00949	0.00633	0.00316	0.00791
9	0.04294	0.62417	0.13682	0.01330	0.02000	0.02606	0.01414	0.02149	0.01448	0.01809	0.01033	0.01196	0.00908	0.00621	0.00489	0.00165	0.00798	0.00403	0.00308	0.00930
10	0.00874	0.00628	0.00818	0.00967	0.01017	0.00585	0.00644	0.00995	0.01363	0.01804	0.04034	0.67634	0.08276	0.05432	0.01026	0.00304	0.00422	0.01951	0.00651	0.00573
11	0.01107	0.00784	0.00995	0.01013	0.01174	0.00757	0.00750	0.01507	0.07680	0.04855	0.31083	0.29467	0.08087	0.01715	0.00860	0.00256	0.00417	0.06074	0.00725	0.00694
12	0.00888	0.00628	0.00820	0.00965	0.01001	0.00592	0.00632	0.00997	0.01323	0.01763	0.03716	0.65837	0.04446	0.11263	0.01246	0.00339	0.00448	0.01902	0.00632	0.00560
13	0.00944	0.00683	0.00772	0.00810	0.00886	0.00640	0.00514	0.01022	0.01273	0.01630	0.04004	0.20988	0.21883	0.38255	0.02239	0.00475	0.00536	0.01388	0.00547	0.00512
14	0.65779	0.01346	0.01159	0.00998	0.01459	0.01495	0.00822	0.02348	0.01365	0.15757	0.01328	0.01391	0.00955	0.00702	0.00492	0.00220	0.00561	0.00447	0.00522	0.00853
15	0.00899	0.00640	0.00818	0.00939	0.00989	0.00601	0.00618	0.01014	0.01347	0.01791	0.06329	0.57079	0.07717	0.14074	0.01347	0.00350	0.00453	0.01809	0.00628	0.00559
16	0.02559	0.01864	0.02012	0.01582	0.02120	0.02062	0.01294	0.52527	0.15578	0.07923	0.01993	0.01926	0.01422	0.00877	0.00715	0.00219	0.00733	0.00676	0.00724	0.01195
17	0.02644	0.01861	0.02033	0.01580	0.02125	0.02040	0.01299	0.56472	0.07321	0.10240	0.01888	0.01863	0.01337	0.00990	0.02711	0.00242	0.00785	0.00662	0.00719	0.01190
18	0.02147	0.01623	0.01787	0.01410	0.01908	0.01698	0.01137	0.41868	0.06022	0.03653	0.06537	0.08615	0.01924	0.00966	0.00705	0.00202	0.00660	0.00779	0.00659	0.15699
19	0.01300	0.00902	0.01102	0.01097	0.01287	0.00891	0.00817	0.11886	0.01830	0.05488	0.11512	0.40521	0.10002	0.01803	0.00861	0.00265	0.00486	0.06531	0.00693	0.00726
20	0.02205	0.01418	0.01618	0.01348	0.01748	0.01492	0.01063	0.32491	0.06663	0.15440	0.02530	0.18818	0.02247	0.03917	0.00860	0.00250	0.00635	0.00999	0.03244	0.01014
21	0.01250	0.01001	0.01185	0.03705	0.01490	0.01076	0.00903	0.02096	0.25900	0.02319	0.08125	0.30293	0.05810	0.04856	0.00955	0.00285	0.00512	0.06777	0.00670	0.00791

[dist]
# distance from previous block
# <min> <max>
0	2

[block]
# block no. 2 follows, 29 sequences, length 6
# corresponding to MSA columns:
# 114-119
name=unknown_C
#
# <colnr> <probs for GDERKNQSTAVLIFYWHMCP>
#	G	D	E	R	K	N	Q	S	T	A	V	L	I	F	Y	W	H	M	C	P
0	0.01247	0.00815	0.00977	0.00939	0.01051	0.00793	0.00619	0.05826	0.01335	0.04688	0.02485	0.20731	0.02753	0.38195	0.02381	0.07480	0.00610	0.01157	0.00514	0.05404
1	0.01477	0.01266	0.01477	0.01055	0.01687	0.00949	0.00844	0.01793	0.01477	0.02320	0.01266	0.01477	0.01055	0.00527	0.00527	0.00105	0.00527	0.00422	0.00422	0.79328
2	0.01524	0.01215	0.01271	0.01156	0.01388	0.05454	0.00840	0.15292	0.08040	0.02488	0.09597	0.19878	0.03024	0.20379	0.01513	0.00351	0.00625	0.01128	0.00602	0.04235
3	0.02230	0.01831	0.06390	0.01509	0.02043	0.01805	0.01283	0.47127	0.02743	0.03729	0.01944	0.11905	0.01665	0.01001	0.00717	0.00213	0.00721	0.00804	0.00646	0.09693
4	0.52793	0.01354	0.01204	0.01041	0.01451	0.01522	0.00846	0.12539	0.01705	0.03338	0.14087	0.02026	0.01958	0.00841	0.00559	0.00220	0.00548	0.00596	0.00549	0.00823
5	0.02004	0.01366	0.01582	0.03644	0.01806	0.01428	0.01054	0.24747	0.08838	0.11789	0.02399	0.04893	0.05851	0.05029	0.08967	0.00339	0.00784	0.00778	0.04394	0.08309

[dist]
# distance from previous block
# <min> <max>
0	10

[block]
# block no. 3 follows, 29 sequences, length 73
# corresponding to MSA columns:
# 130-202
name=unknown_D
#
# <colnr> <probs for GDERKNQSTAVLIFYWHMCP>
#	G	D	E	R	K	N	Q	S	T	A	V	L	I	F	Y	W	H	M	C	P
0	0.14969	0.01275	0.01575	0.01235	0.01765	0.01195	0.01018	0.05591	0.03957	0.56161	0.02492	0.02210	0.01602	0.00849	0.00674	0.00221	0.00603	0.00665	0.00803	0.01141
1	0.06842	0.09903	0.49622	0.01770	0.02659	0.01689	0.02135	0.02430	0.03704	0.10677	0.01471	0.01596	0.01040	0.00703	0.00647	0.00218	0.00922	0.00535	0.00395	0.01043
2	0.04646	0.03589	0.68409	0.01985	0.03012	0.01651	0.02555	0.02248	0.01491	0.02294	0.01266	0.01489	0.00897	0.00676	0.00667	0.00225	0.01032	0.00520	0.00306	0.01041
3	0.01592	0.21994	0.47545	0.01732	0.02604	0.01881	0.02104	0.02218	0.01535	0.04611	0.04937	0.01647	0.01247	0.00708	0.00630	0.00206	0.00923	0.00536	0.00348	0.01002
4	0.03835	0.00776	0.00943	0.00944	0.01132	0.00694	0.00675	0.01227	0.01530	0.02159	0.17804	0.37484	0.11178	0.03882	0.00896	0.00253	0.00421	0.01493	0.00638	0.12036
5	0.01712	0.01633	0.02745	0.12658	0.59674	0.01682	0.02116	0.02207	0.04403	0.02292	0.01395	0.01816	0.01149	0.00658	0.00707	0.00216	0.00847	0.00641	0.00364	0.01087
6	0.01202	0.00862	0.01175	0.01299	0.01479	0.00867	0.01126	0.04187	0.01733	0.02273	0.07866	0.07603	0.04145	0.01889	0.00963	0.00317	0.00641	0.59027	0.00666	0.00679
7	0.22548	0.06741	0.03804	0.01169	0.01667	0.01320	0.01002	0.02764	0.03779	0.37031	0.09265	0.02286	0.01953	0.00861	0.00638	0.00217	0.00588	0.00663	0.00692	0.01012
8	0.02337	0.01791	0.01895	0.01499	0.02023	0.04182	0.01213	0.42842	0.12452	0.05728	0.01931	0.05024	0.01489	0.00884	0.00695	0.00206	0.00712	0.00692	0.00666	0.11738
9	0.01158	0.00828	0.01003	0.01018	0.01151	0.00823	0.00750	0.06951	0.01592	0.02111	0.11254	0.16745	0.09401	0.25181	0.01763	0.00408	0.00576	0.16064	0.00605	0.00617
10	0.01068	0.00770	0.00984	0.00928	0.01097	0.00729	0.00689	0.04042	0.01984	0.02788	0.59865	0.10103	0.06182	0.04456	0.00952	0.00247	0.00374	0.01304	0.00758	0.00678
11	0.01904	0.75404	0.03731	0.01218	0.01828	0.02818	0.01218	0.02132	0.01447	0.01675	0.00990	0.01142	0.00914	0.00609	0.00457	0.00152	0.00761	0.00381	0.00305	0.00914
12	0.01675	0.40928	0.36205	0.01608	0.02431	0.02258	0.01897	0.02191	0.01474	0.01954	0.01128	0.01316	0.00908	0.00642	0.00562	0.00187	0.00901	0.00451	0.00303	0.00980
13	0.00922	0.00774	0.00808	0.00800	0.01036	0.00688	0.00599	0.01241	0.06413	0.02066	0.11715	0.09819	0.57148	0.01738	0.00837	0.00242	0.00376	0.01463	0.00675	0.00643
14	0.02660	0.03394	0.02018	0.01834	0.02201	0.72116	0.01376	0.02843	0.02018	0.01743	0.01101	0.01284	0.00917	0.00734	0.00642	0.00183	0.01284	0.00459	0.00367	0.00825
15	0.03071	0.01266	0.01659	0.01278	0.01815	0.01144	0.01054	0.09690	0.02143	0.61753	0.02682	0.02364	0.01712	0.00877	0.00707	0.00217	0.00612	0.00707	0.04061	0.01189
16	0.01028	0.00759	0.01127	0.01127	0.01256	0.00882	0.00876	0.01285	0.01157	0.01689	0.01922	0.02792	0.01782	0.05178	0.69575	0.01109	0.01851	0.00759	0.03208	0.00637
17	0.02456	0.01870	0.01996	0.01588	0.02113	0.02091	0.01293	0.50887	0.21029	0.04083	0.02028	0.01964	0.01469	0.00885	0.00716	0.00221	0.00725	0.00685	0.00716	0.01188
18	0.01017	0.00763	0.01144	0.01144	0.01272	0.00890	0.00890	0.01272	0.01144	0.01653	0.01907	0.02797	0.01780	0.05340	0.72153	0.01144	0.01907	0.00763	0.00381	0.00636
19	0.01608	0.01000	0.01222	0.01161	0.01400	0.00993	0.00862	0.13418	0.04603	0.13602	0.03418	0.44701	0.05678	0.01702	0.00833	0.00261	0.00515	0.01499	0.00709	0.00817
20	0.01008	0.00761	0.01123	0.01123	0.01256	0.00876	0.00873	0.01259	0.01168	0.01667	0.02173	0.03000	0.05204	0.05164	0.68587	0.01099	0.01830	0.00800	0.00395	0.00634
21	0.01477	0.01266	0.01477	0.01055	0.01687	0.00949	0.00844	0.01793	0.01477	0.02320	0.01266	0.01477	0.01055	0.00527	0.00527	0.00105	0.00527	0.00422	0.00422	0.79328
22	0.00979	0.00729	0.00917	0.00943	0.01088	0.00685	0.00686	0.01300	0.04700	0.02385	0.35824	0.28228	0.13479	0.01746	0.00862	0.00251	0.00384	0.03437	0.00722	0.00652
23	0.04230	0.08256	0.56838	0.02147	0.08086	0.01738	0.04601	0.02237	0.01504	0.02255	0.01258	0.01500	0.00921	0.00666	0.00661	0.00220	0.01004	0.00530	0.00312	0.01036
24	0.01067	0.00772	0.00989	0.01071	0.01183	0.00765	0.00775	0.06574	0.01559	0.02082	0.05762	0.50348	0.06149	0.04380	0.05806	0.00353	0.00574	0.08505	0.00643	0.00642
25	0.01527	0.01295	0.01504	0.01078	0.01709	0.01001	0.00865	0.04500	0.01553	0.02409	0.01284	0.01486	0.01061	0.00541	0.00535	0.00110	0.00538	0.00431	0.00434	0.76142
26	0.02648	0.01951	0.02102	0.01621	0.02175	0.02162	0.01337	0.65815	0.03271	0.04388	0.01717	0.01748	0.01231	0.01012	0.03216	0.00246	0.00823	0.00645	0.00701	0.01191
27	0.01767	0.02231	0.16862	0.03466	0.45996	0.07455	0.02134	0.02370	0.06554	0.02311	0.01421	0.01735	0.01140	0.00675	0.00695	0.00214	0.00904	0.00610	0.00370	0.01087
28	0.01999	0.02141	0.02660	0.03701	0.52494	0.20283	0.01972	0.02359	0.01726	0.02172	0.01276	0.01636	0.01072	0.00661	0.00688	0.00204	0.00962	0.00588	0.00356	0.01048
29	0.00986	0.00699	0.00848	0.03236	0.01022	0.00683	0.00574	0.01082	0.01281	0.01704	0.10258	0.21991	0.09034	0.40820	0.02336	0.00490	0.00566	0.01330	0.00540	0.00519
30	0.01446	0.04208	0.01252	0.01057	0.01319	0.00983	0.00821	0.10294	0.01969	0.09537	0.26989	0.19062	0.13007	0.01506	0.00813	0.00238	0.00471	0.03530	0.00717	0.00779
31	0.01022	0.00685	0.00781	0.00794	0.00798	0.00681	0.00450	0.01032	0.01062	0.01416	0.02381	0.10379	0.02762	0.69020	0.03402	0.00657	0.00668	0.01116	0.00450	0.00443
32	0.01740	0.01669	0.02850	0.08050	0.67028	0.01686	0.02174	0.02166	0.01611	0.02299	0.01335	0.01770	0.01118	0.00639	0.00705	0.00213	0.00851	0.00634	0.00351	0.01110
33	0.01237	0.00618	0.00928	0.00928	0.00928	0.00618	0.00618	0.00928	0.00928	0.01237	0.01237	0.02165	0.01237	0.02474	0.02783	0.79283	0.00618	0.00618	0.00309	0.00309
34	0.01125	0.00754	0.00989	0.00916	0.01104	0.00692	0.00692	0.01457	0.02017	0.06496	0.66561	0.05164	0.06454	0.01425	0.00833	0.00224	0.00350	0.01257	0.00789	0.00701
35	0.01428	0.03683	0.71286	0.02030	0.03082	0.01654	0.02631	0.02255	0.01503	0.02255	0.01278	0.01503	0.00902	0.00677	0.00677	0.00226	0.01052	0.00526	0.00301	0.01052
36	0.02593	0.01938	0.02073	0.01615	0.02165	0.02155	0.01326	0.60357	0.11334	0.04305	0.01854	0.01824	0.01328	0.00868	0.00714	0.00217	0.00757	0.00661	0.00714	0.01201
37	0.01345	0.01266	0.02136	0.73264	0.04904	0.01582	0.01978	0.01819	0.01424	0.01819	0.01266	0.01898	0.00949	0.00712	0.00712	0.00237	0.00949	0.00633	0.00316	0.00791
38	0.01762	0.01692	0.02890	0.04371	0.70533	0.01692	0.02185	0.02185	0.01621	0.02326	0.01339	0.01762	0.01128	0.00634	0.00705	0.00211	0.00846	0.00634	0.00352	0.01128
39	0.01604	0.01341	0.01545	0.01115	0.01742	0.01080	0.00897	0.08682	0.01671	0.02545	0.01312	0.01501	0.01071	0.00561	0.00547	0.00117	0.00554	0.00445	0.00452	0.71220
40	0.01428	0.03683	0.71286	0.02030	0.03082	0.01654	0.02631	0.02255	0.01503	0.02255	0.01278	0.01503	0.00902	0.00677	0.00677	0.00226	0.01052	0.00526	0.00301	0.01052
41	0.01345	0.01266	0.02136	0.73264	0.04904	0.01582	0.01978	0.01819	0.01424	0.01819	0.01266	0.01898	0.00949	0.00712	0.00712	0.00237	0.00949	0.00633	0.00316	0.00791
42	0.01017	0.00763	0.01144	0.01144	0.01272	0.00890	0.00890	0.01272	0.01144	0.01653	0.01907	0.02797	0.01780	0.05340	0.72153	0.01144	0.01907	0.00763	0.00381	0.00636
43	0.02707	0.01995	0.02137	0.01638	0.02208	0.02208	0.01353	0.68159	0.03348	0.04488	0.01710	0.01710	0.01211	0.00855	0.00712	0.00214	0.00784	0.00641	0.00712	0.01211
44	0.02707	0.01995	0.02137	0.01638	0.02208	0.02208	0.01353	0.68159	0.03348	0.04488	0.01710	0.01710	0.01211	0.00855	0.00712	0.00214	0.00784	0.00641	0.00712	0.01211
45	0.03195	0.01212	0.01652	0.01267	0.01818	0.01047	0.01047	0.03470	0.02038	0.71026	0.02809	0.02424	0.01763	0.00881	0.00716	0.00220	0.00606	0.00716	0.00881	0.01212
46	0.03195	0.01212	0.01652	0.01267	0.01818	0.01047	0.01047	0.03470	0.02038	0.71026	0.02809	0.02424	0.01763	0.00881	0.00716	0.00220	0.00606	0.00716	0.00881	0.01212
47	0.01477	0.01266	0.01477	0.01055	0.01687	0.00949	0.00844	0.01793	0.01477	0.02320	0.01266	0.01477	0.01055	0.00527	0.00527	0.00105	0.00527	0.00422	0.00422	0.79328
48	0.00868	0.00620	0.00826	0.00991	0.01033	0.00578	0.00661	0.00991	0.01363	0.01818	0.03925	0.74510	0.04710	0.02231	0.00909	0.00289	0.00413	0.02024	0.00661	0.00578
49	0.02707	0.01995	0.02137	0.01638	0.02208	0.02208	0.01353	0.68159	0.03348	0.04488	0.01710	0.01710	0.01211	0.00855	0.00712	0.00214	0.00784	0.00641	0.00712	0.01211
50	0.01477	0.01266	0.01477	0.01055	0.01687	0.00949	0.00844	0.01793	0.01477	0.02320	0.01266	0.01477	0.01055	0.00527	0.00527	0.00105	0.00527	0.00422	0.00422	0.79328
51	0.02037	0.62735	0.03430	0.01327	0.01893	0.15009	0.01246	0.02257	0.01547	0.01687	0.01009	0.01167	0.00914	0.00631	0.00489	0.00158	0.00853	0.00394	0.00316	0.00898
52	0.03195	0.01212	0.01652	0.01267	0.01818	0.01047	0.01047	0.03470	0.02038	0.71026	0.02809	0.02424	0.01763	0.00881	0.00716	0.00220	0.00606	0.00716	0.00881	0.01212
53	0.01345	0.01266	0.02136	0.73264	0.04904	0.01582	0.01978	0.01819	0.01424	0.01819	0.01266	0.01898	0.00949	0.00712	0.00712	0.00237	0.00949	0.00633	0.00316	0.00791
54	0.00911	0.00689	0.01007	0.01099	0.01176	0.00644	0.04254	0.01060	0.01380	0.01842	0.03792	0.70634	0.04516	0.02144	0.00905	0.00287	0.00455	0.01961	0.00645	0.00599
55	0.01345	0.01266	0.02136	0.73264	0.04904	0.01582	0.01978	0.01819	0.01424	0.01819	0.01266	0.01898	0.00949	0.00712	0.00712	0.00237	0.00949	0.00633	0.00316	0.00791
56	0.00842	0.00721	0.00721	0.00721	0.00962	0.00601	0.00541	0.01022	0.01623	0.01924	0.07213	0.06853	0.70244	0.01803	0.00842	0.00240	0.00361	0.01503	0.00661	0.00601
57	0.01008	0.00728	0.00952	0.00896	0.01064	0.00672	0.00672	0.01344	0.02016	0.02855	0.70158	0.05319	0.06719	0.01456	0.00840	0.00224	0.00336	0.01288	0.00784	0.00672
58	0.02731	0.01955	0.02113	0.01620	0.02189	0.02150	0.01338	0.64924	0.03282	0.07815	0.01765	0.01745	0.01239	0.00856	0.00713	0.00214	0.00775	0.00645	0.00721	0.01211
59	0.01428	0.03683	0.71286	0.02030	0.03082	0.01654	0.02631	0.02255	0.01503	0.02255	0.01278	0.01503	0.00902	0.00677	0.00677	0.00226	0.01052	0.00526	0.00301	0.01052
60	0.01356	0.01289	0.02208	0.70806	0.04863	0.01590	0.04285	0.01835	0.01433	0.01835	0.01272	0.01899	0.00954	0.00708	0.00716	0.00237	0.00958	0.00640	0.00318	0.00797
61	0.00995	0.00724	0.00937	0.00892	0.01058	0.00665	0.00666	0.01317	0.01975	0.02777	0.65006	0.07875	0.09441	0.01499	0.00842	0.00227	0.00340	0.01324	0.00774	0.00665
62	0.01904	0.75404	0.03731	0.01218	0.01828	0.02818	0.01218	0.02132	0.01447	0.01675	0.00990	0.01142	0.00914	0.00609	0.00457	0.00152	0.00761	0.00381	0.00305	0.00914
63	0.00896	0.00689	0.00761	0.00800	0.00933	0.00618	0.00543	0.01018	0.01413	0.01762	0.05177	0.22669	0.37498	0.20181	0.01553	0.00365	0.00456	0.01512	0.00604	0.00553
64	0.01031	0.00800	0.00846	0.00816	0.01049	0.00725	0.00602	0.01351	0.07001	0.04430	0.10305	0.06013	0.50546	0.09973	0.01143	0.00290	0.00421	0.01352	0.00656	0.00650
65	0.01904	0.75404	0.03731	0.01218	0.01828	0.02818	0.01218	0.02132	0.01447	0.01675	0.00990	0.01142	0.00914	0.00609	0.00457	0.00152	0.00761	0.00381	0.00305	0.00914
66	0.02660	0.03394	0.02018	0.01834	0.02201	0.72116	0.01376	0.02843	0.02018	0.01743	0.01101	0.01284	0.00917	0.00734	0.00642	0.00183	0.01284	0.00459	0.00367	0.00825
67	0.00879	0.00629	0.00837	0.00984	0.01035	0.00586	0.00662	0.01020	0.01417	0.01903	0.09347	0.68846	0.04874	0.02167	0.00903	0.00284	0.00407	0.01964	0.00671	0.00586
68	0.00869	0.00722	0.00759	0.00750	0.00978	0.00613	0.00562	0.01074	0.01687	0.02075	0.17455	0.06603	0.59909	0.01747	0.00841	0.00238	0.00357	0.01468	0.00681	0.00613
69	0.00850	0.00711	0.00740	0.00755	0.00973	0.00601	0.00558	0.01030	0.01610	0.01945	0.09065	0.13796	0.61255	0.01835	0.00848	0.00245	0.00365	0.01549	0.00665	0.00601
70	0.02707	0.01995	0.02137	0.01638	0.02208	0.02208	0.01353	0.68159	0.03348	0.04488	0.01710	0.01710	0.01211	0.00855	0.00712	0.00214	0.00784	0.00641	0.00712	0.01211
71	0.00983	0.00727	0.00918	0.00870	0.01049	0.00661	0.00653	0.01296	0.01958	0.02718	0.60862	0.05546	0.16100	0.01507	0.00840	0.00226	0.00340	0.01320	0.00766	0.00661
72	0.02263	0.01774	0.01887	0.01549	0.02039	0.02001	0.01246	0.37595	0.34635	0.03771	0.02274	0.02159	0.01668	0.00908	0.00718	0.00227	0.00679	0.00719	0.00718	0.01171

[dist]
# distance from previous block
# <min> <max>
0	1

[block]
# block no. 4 follows, 29 sequences, length 8
# corresponding to MSA columns:
# 204-211
name=unknown_E
#
# <colnr> <probs for GDERKNQSTAVLIFYWHMCP>
#	G	D	E	R	K	N	Q	S	T	A	V	L	I	F	Y	W	H	M	C	P
0	0.00842	0.00721	0.00721	0.00721	0.00962	0.00601	0.00541	0.01022	0.01623	0.01924	0.07213	0.06853	0.70244	0.01803	0.00842	0.00240	0.00361	0.01503	0.00661	0.00601
1	0.80005	0.01377	0.01047	0.00936	0.01377	0.01597	0.00771	0.02093	0.01212	0.03195	0.00991	0.01157	0.00771	0.00661	0.00441	0.00220	0.00551	0.00386	0.00441	0.00771
2	0.01477	0.01266	0.01477	0.01055	0.01687	0.00949	0.00844	0.01793	0.01477	0.02320	0.01266	0.01477	0.01055	0.00527	0.00527	0.00105	0.00527	0.00422	0.00422	0.79328
3	0.01477	0.01266	0.01477	0.01055	0.01687	0.00949	0.00844	0.01793	0.01477	0.02320	0.01266	0.01477	0.01055	0.00527	0.00527	0.00105	0.00527	0.00422	0.00422	0.79328
4	0.02665	0.03248	0.02030	0.01814	0.02202	0.64815	0.01373	0.09665	0.02157	0.02029	0.01164	0.01329	0.00948	0.00746	0.00649	0.00187	0.01232	0.00478	0.00403	0.00866
5	0.02171	0.01411	0.01617	0.01293	0.01737	0.01425	0.01030	0.30577	0.02397	0.15495	0.08088	0.08351	0.04906	0.06283	0.00930	0.00244	0.00632	0.00858	0.00690	0.09866
6	0.09812	0.01651	0.05383	0.10458	0.07942	0.01604	0.26247	0.09051	0.04130	0.02565	0.04869	0.05182	0.06187	0.00848	0.00752	0.00234	0.00879	0.00830	0.00461	0.00918
7	0.00973	0.00689	0.00835	0.00873	0.00928	0.00684	0.00563	0.01059	0.01193	0.01581	0.03142	0.20399	0.10691	0.39971	0.12747	0.00615	0.00769	0.01272	0.00502	0.00514

[dist]
# distance from previous block
# <min> <max>
0	1

[block]
# block no. 5 follows, 29 sequences, length 64
# corresponding to MSA columns:
# 213-276
name=unknown_F
#
# <colnr> <probs for GDERKNQSTAVLIFYWHMCP>
#	G	D	E	R	K	N	Q	S	T	A	V	L	I	F	Y	W	H	M	C	P
0	0.01818	0.01774	0.02665	0.03824	0.57151	0.05996	0.01994	0.02440	0.10720	0.02378	0.01534	0.01853	0.01255	0.00685	0.00704	0.00214	0.00835	0.00647	0.00403	0.01109
1	0.02466	0.01967	0.05590	0.01606	0.02158	0.02051	0.01362	0.56349	0.07548	0.04109	0.01902	0.06201	0.01473	0.00937	0.00723	0.00221	0.00760	0.00730	0.00689	0.01159
2	0.01719	0.01649	0.02660	0.03908	0.60302	0.03580	0.02007	0.02117	0.01618	0.02284	0.01513	0.04520	0.01358	0.00740	0.00713	0.00213	0.00821	0.03183	0.00379	0.04715
3	0.01782	0.56993	0.21073	0.01427	0.02150	0.02519	0.01581	0.02164	0.01461	0.01824	0.01064	0.01235	0.00911	0.00626	0.00513	0.00171	0.00836	0.00418	0.00304	0.00949
4	0.01762	0.01692	0.02890	0.04371	0.70533	0.01692	0.02185	0.02185	0.01621	0.02326	0.01339	0.01762	0.01128	0.00634	0.00705	0.00211	0.00846	0.00634	0.00352	0.01128
5	0.06146	0.01886	0.02226	0.04334	0.15045	0.02063	0.01501	0.50626	0.02864	0.03939	0.01593	0.01699	0.01166	0.00800	0.00698	0.00214	0.00789	0.00628	0.00620	0.01162
6	0.01803	0.01571	0.01827	0.01909	0.12524	0.01774	0.01299	0.05815	0.56418	0.02931	0.02614	0.02484	0.01977	0.00911	0.00721	0.00236	0.00615	0.00773	0.00666	0.01130
7	0.01237	0.00618	0.00928	0.00928	0.00928	0.00618	0.00618	0.00928	0.00928	0.01237	0.01237	0.02165	0.01237	0.02474	0.02783	0.79283	0.00618	0.00618	0.00309	0.00309
8	0.07618	0.01711	0.03688	0.03651	0.04712	0.06903	0.01233	0.11046	0.35123	0.10799	0.04430	0.02301	0.01847	0.00891	0.00697	0.00228	0.00677	0.00715	0.00658	0.01073
9	0.03195	0.01212	0.01652	0.01267	0.01818	0.01047	0.01047	0.03470	0.02038	0.71026	0.02809	0.02424	0.01763	0.00881	0.00716	0.00220	0.00606	0.00716	0.00881	0.01212
10	0.01762	0.01692	0.02890	0.04371	0.70533	0.01692	0.02185	0.02185	0.01621	0.02326	0.01339	0.01762	0.01128	0.00634	0.00705	0.00211	0.00846	0.00634	0.00352	0.01128
11	0.01957	0.55437	0.12175	0.01402	0.02045	0.08660	0.01422	0.06235	0.01620	0.01927	0.01080	0.01236	0.00931	0.00644	0.00517	0.00168	0.00846	0.00422	0.00334	0.00942
12	0.01008	0.00728	0.00952	0.00896	0.01064	0.00672	0.00672	0.01344	0.02016	0.02855	0.70158	0.05319	0.06719	0.01456	0.00840	0.00224	0.00336	0.01288	0.00784	0.00672
13	0.03195	0.01212	0.01652	0.01267	0.01818	0.01047	0.01047	0.03470	0.02038	0.71026	0.02809	0.02424	0.01763	0.00881	0.00716	0.00220	0.00606	0.00716	0.00881	0.01212
14	0.01904	0.75404	0.03731	0.01218	0.01828	0.02818	0.01218	0.02132	0.01447	0.01675	0.00990	0.01142	0.00914	0.00609	0.00457	0.00152	0.00761	0.00381	0.00305	0.00914
15	0.02707	0.01995	0.02137	0.01638	0.02208	0.02208	0.01353	0.68159	0.03348	0.04488	0.01710	0.01710	0.01211	0.00855	0.00712	0.00214	0.00784	0.00641	0.00712	0.01211
16	0.01008	0.00728	0.00952	0.00896	0.01064	0.00672	0.00672	0.01344	0.02016	0.02855	0.70158	0.05319	0.06719	0.01456	0.00840	0.00224	0.00336	0.01288	0.00784	0.00672
17	0.00868	0.00620	0.00826	0.00991	0.01033	0.00578	0.00661	0.00991	0.01363	0.01818	0.03925	0.74510	0.04710	0.02231	0.00909	0.00289	0.00413	0.02024	0.00661	0.00578
18	0.02884	0.01711	0.01961	0.01504	0.02067	0.01787	0.01242	0.44689	0.02873	0.28629	0.02109	0.01969	0.01411	0.00864	0.00714	0.00216	0.00719	0.00668	0.00774	0.01211
19	0.01850	0.67330	0.11336	0.01310	0.01969	0.02687	0.01377	0.02146	0.01453	0.01741	0.01022	0.01183	0.00912	0.00617	0.00482	0.00161	0.00794	0.00397	0.00304	0.00929
20	0.01728	0.01656	0.02827	0.10117	0.65059	0.01683	0.02168	0.02155	0.01605	0.02284	0.01333	0.01774	0.01113	0.00641	0.00706	0.00214	0.00855	0.00634	0.00349	0.01100
21	0.02730	0.01957	0.02114	0.01621	0.02190	0.02153	0.01339	0.65098	0.03286	0.07636	0.01762	0.01743	0.01237	0.00856	0.00713	0.00214	0.00775	0.00645	0.00720	0.01211
22	0.03099	0.01365	0.01747	0.01340	0.01894	0.01274	0.01107	0.16148	0.02295	0.57986	0.02594	0.02284	0.01655	0.00876	0.00715	0.00219	0.00641	0.00701	0.00848	0.01212
23	0.00868	0.00620	0.00826	0.00991	0.01033	0.00578	0.00661	0.00991	0.01363	0.01818	0.03925	0.74510	0.04710	0.02231	0.00909	0.00289	0.00413	0.02024	0.00661	0.00578
24	0.01345	0.01266	0.02136	0.73264	0.04904	0.01582	0.01978	0.01819	0.01424	0.01819	0.01266	0.01898	0.00949	0.00712	0.00712	0.00237	0.00949	0.00633	0.00316	0.00791
25	0.01000	0.00728	0.00941	0.00888	0.01059	0.00669	0.00666	0.01329	0.01997	0.02811	0.67179	0.05392	0.09725	0.01472	0.00840	0.00225	0.00337	0.01298	0.00778	0.00669
26	0.01771	0.01530	0.01610	0.01449	0.01852	0.01771	0.01127	0.03784	0.69247	0.02979	0.02898	0.02657	0.02174	0.00966	0.00725	0.00242	0.00564	0.00805	0.00725	0.01127
27	0.02707	0.01995	0.02137	0.01638	0.02208	0.02208	0.01353	0.68159	0.03348	0.04488	0.01710	0.01710	0.01211	0.00855	0.00712	0.00214	0.00784	0.00641	0.00712	0.01211
28	0.02479	0.01819	0.01962	0.01564	0.02086	0.02017	0.01272	0.46495	0.21407	0.08129	0.02104	0.02014	0.01510	0.00887	0.00716	0.00222	0.00712	0.00691	0.00726	0.01188
29	0.01668	0.02012	0.07663	0.02951	0.03688	0.01793	0.64577	0.02280	0.01672	0.02280	0.01432	0.01899	0.01071	0.00604	0.00832	0.00239	0.01193	0.00824	0.00357	0.00965
30	0.01344	0.01259	0.02119	0.67918	0.07374	0.01550	0.01938	0.01804	0.01429	0.01839	0.01364	0.04512	0.01092	0.00764	0.00719	0.00238	0.00926	0.00683	0.00330	0.00797
31	0.01217	0.00893	0.01177	0.01318	0.04020	0.00898	0.00985	0.08785	0.01703	0.02259	0.03516	0.37909	0.03942	0.01913	0.00908	0.00293	0.00565	0.26348	0.00653	0.00701
32	0.02712	0.04655	0.16932	0.01468	0.02132	0.01363	0.01429	0.09648	0.02031	0.46741	0.02296	0.02103	0.01488	0.00824	0.00697	0.00218	0.00727	0.00654	0.00716	0.01166
33	0.01428	0.03683	0.71286	0.02030	0.03082	0.01654	0.02631	0.02255	0.01503	0.02255	0.01278	0.01503	0.00902	0.00677	0.00677	0.00226	0.01052	0.00526	0.00301	0.01052
34	0.02707	0.01995	0.02137	0.01638	0.02208	0.02208	0.01353	0.68159	0.03348	0.04488	0.01710	0.01710	0.01211	0.00855	0.00712	0.00214	0.00784	0.00641	0.00712	0.01211
35	0.02707	0.01995	0.02137	0.01638	0.02208	0.02208	0.01353	0.68159	0.03348	0.04488	0.01710	0.01710	0.01211	0.00855	0.00712	0.00214	0.00784	0.00641	0.00712	0.01211
36	0.00979	0.00715	0.00920	0.00893	0.01052	0.00656	0.00660	0.01279	0.01911	0.02665	0.57748	0.13249	0.11471	0.01570	0.00848	0.00233	0.00347	0.01388	0.00760	0.00656
37	0.00867	0.00624	0.00822	0.00981	0.01030	0.00579	0.00656	0.00993	0.01373	0.01822	0.04050	0.71932	0.07207	0.02215	0.00906	0.00287	0.00411	0.02004	0.00661	0.00579
38	0.01967	0.69397	0.03588	0.01270	0.01859	0.08598	0.01232	0.02192	0.01494	0.01681	0.00999	0.01154	0.00914	0.00620	0.00472	0.00155	0.00805	0.00387	0.00310	0.00906
39	0.02826	0.01294	0.01642	0.01314	0.01827	0.01234	0.01067	0.03551	0.19455	0.53392	0.02832	0.02484	0.01869	0.00903	0.00718	0.00226	0.00595	0.00739	0.00841	0.01190
40	0.01596	0.01621	0.02175	0.01868	0.01881	0.04573	0.01552	0.01752	0.01122	0.01715	0.00940	0.01549	0.00934	0.01229	0.02279	0.00307	0.71196	0.00618	0.00313	0.00781
41	0.02687	0.01644	0.01874	0.01478	0.02009	0.01738	0.01208	0.34176	0.15704	0.26297	0.02306	0.02131	0.01581	0.00885	0.00716	0.00221	0.00682	0.00698	0.00771	0.01195
42	0.07334	0.13055	0.02218	0.01482	0.02024	0.02170	0.01249	0.46390	0.08092	0.03765	0.01847	0.01849	0.03704	0.00848	0.00662	0.00208	0.00733	0.00629	0.00632	0.01109
43	0.01563	0.15590	0.50158	0.01911	0.05129	0.04236	0.02214	0.02281	0.04113	0.02188	0.03454	0.01608	0.01144	0.00701	0.00646	0.00212	0.00962	0.00538	0.00337	0.01015
44	0.00868	0.00722	0.00759	0.00749	0.00978	0.00613	0.00562	0.01074	0.01686	0.02074	0.17366	0.06605	0.59998	0.01747	0.00841	0.00238	0.00357	0.01468	0.00681	0.00613
45	0.01996	0.68332	0.03552	0.01258	0.01850	0.07066	0.01222	0.02223	0.01503	0.04103	0.01060	0.01196	0.00944	0.00626	0.00477	0.00157	0.00789	0.00397	0.00329	0.00919
46	0.80005	0.01377	0.01047	0.00936	0.01377	0.01597	0.00771	0.02093	0.01212	0.03195	0.00991	0.01157	0.00771	0.00661	0.00441	0.00220	0.00551	0.00386	0.00441	0.00771
47	0.01414	0.03421	0.63881	0.02006	0.02989	0.01601	0.05546	0.02201	0.01543	0.02293	0.05485	0.01755	0.01265	0.00720	0.00694	0.00226	0.01016	0.00587	0.00333	0.01025
48	0.01601	0.01370	0.01750	0.01398	0.04658	0.01173	0.05377	0.08272	0.04298	0.02530	0.01565	0.03843	0.01346	0.00693	0.00610	0.00149	0.00613	0.03323	0.00471	0.54960
49	0.01017	0.00763	0.01144	0.01144	0.01272	0.00890	0.00890	0.01272	0.01144	0.01653	0.01907	0.02797	0.01780	0.05340	0.72153	0.01144	0.01907	0.00763	0.00381	0.00636
50	0.01237	0.00618	0.00928	0.00928	0.00928	0.00618	0.00618	0.00928	0.00928	0.01237	0.01237	0.02165	0.01237	0.02474	0.02783	0.79283	0.00618	0.00618	0.00309	0.00309
51	0.01088	0.00877	0.01159	0.01157	0.01288	0.04180	0.00887	0.01325	0.01190	0.01654	0.01962	0.05644	0.01885	0.07481	0.63560	0.01050	0.01776	0.00809	0.00394	0.00635
52	0.01018	0.00760	0.01127	0.01127	0.01249	0.00881	0.00869	0.01261	0.01139	0.01640	0.01923	0.02884	0.01818	0.08576	0.68969	0.01123	0.01851	0.00776	0.00384	0.00626
53	0.01475	0.10747	0.64633	0.01950	0.02958	0.01768	0.02492	0.02243	0.01498	0.02198	0.01250	0.01468	0.00903	0.00670	0.00655	0.00218	0.01024	0.00512	0.00301	0.01039
54	0.01017	0.00763	0.01144	0.01144	0.01272	0.00890	0.00890	0.01272	0.01144	0.01653	0.01907	0.02797	0.01780	0.05340	0.72153	0.01144	0.01907	0.00763	0.00381	0.00636
55	0.00868	0.00620	0.00826	0.00991	0.01033	0.00578	0.00661	0.00991	0.01363	0.01818	0.03925	0.74510	0.04710	0.02231	0.00909	0.00289	0.00413	0.02024	0.00661	0.00578
56	0.00969	0.00726	0.00898	0.00855	0.01040	0.00655	0.00641	0.01268	0.01924	0.02637	0.55422	0.05678	0.21591	0.01537	0.00840	0.00228	0.00342	0.01338	0.00755	0.00655
57	0.01345	0.01266	0.02136	0.73264	0.04904	0.01582	0.01978	0.01819	0.01424	0.01819	0.01266	0.01898	0.00949	0.00712	0.00712	0.00237	0.00949	0.00633	0.00316	0.00791
58	0.01762	0.01692	0.02890	0.04371	0.70533	0.01692	0.02185	0.02185	0.01621	0.02326	0.01339	0.01762	0.01128	0.00634	0.00705	0.00211	0.00846	0.00634	0.00352	0.01128
59	0.02787	0.01866	0.02057	0.01577	0.02144	0.02017	0.01303	0.57497	0.03132	0.15455	0.01891	0.01827	0.01302	0.00859	0.00713	0.00215	0.00754	0.00653	0.00740	0.01211
60	0.01477	0.01266	0.01477	0.01055	0.01687	0.00949	0.00844	0.01793	0.01477	0.02320	0.01266	0.01477	0.01055	0.00527	0.00527	0.00105	0.00527	0.00422	0.00422	0.79328
61	0.01767	0.01638	0.01563	0.01431	0.01795	0.09554	0.01098	0.03358	0.53896	0.02710	0.02917	0.08627	0.04378	0.01072	0.00734	0.00239	0.00626	0.00890	0.00677	0.01031
62	0.01760	0.01723	0.02574	0.14287	0.48306	0.06399	0.01981	0.02354	0.09231	0.02284	0.01488	0.01852	0.01205	0.00690	0.00704	0.00217	0.00859	0.00642	0.00390	0.01057
63	0.01708	0.01297	0.01391	0.01246	0.01584	0.03779	0.00987	0.18714	0.13042	0.06794	0.05704	0.12556	0.18216	0.01395	0.00799	0.00246	0.00586	0.08376	0.00690	0.00890

[dist]
# distance from previous block
# <min> <max>
0	1

[block]
# block no. 6 follows, 29 sequences, length 48
# corresponding to MSA columns:
# 278-325
name=unknown_G
#
# <colnr> <probs for GDERKNQSTAVLIFYWHMCP>
#	G	D	E	R	K	N	Q	S	T	A	V	L	I	F	Y	W	H	M	C	P
0	0.05324	0.01247	0.01591	0.01258	0.01756	0.01164	0.01027	0.07891	0.07164	0.51793	0.09696	0.02650	0.02238	0.00938	0.00720	0.00222	0.00586	0.00766	0.00833	0.01135
1	0.04606	0.07974	0.27886	0.06175	0.03132	0.01771	0.26996	0.02293	0.05984	0.02270	0.01480	0.03585	0.01149	0.00703	0.00724	0.00229	0.01013	0.00691	0.00367	0.00975
2	0.04804	0.07975	0.55212	0.01836	0.02771	0.01650	0.02263	0.02395	0.01556	0.11005	0.01442	0.01583	0.01007	0.00698	0.00658	0.00220	0.00957	0.00535	0.00380	0.01052
3	0.02474	0.01820	0.01984	0.01515	0.02089	0.01927	0.01244	0.51761	0.05263	0.06522	0.01713	0.01728	0.01237	0.00802	0.00680	0.00196	0.00724	0.00611	0.00668	0.15044
4	0.08125	0.02940	0.02067	0.02080	0.10837	0.53493	0.01434	0.06983	0.01996	0.02101	0.01163	0.01364	0.00953	0.00724	0.00640	0.00192	0.01143	0.00488	0.00393	0.00885
5	0.01184	0.01040	0.01036	0.01076	0.01249	0.07566	0.00777	0.04157	0.06690	0.02042	0.04287	0.40688	0.20011	0.01824	0.00847	0.00262	0.00517	0.03431	0.00640	0.00677
6	0.01022	0.00744	0.01046	0.01046	0.01139	0.00837	0.00767	0.01208	0.01115	0.01580	0.01997	0.03295	0.01996	0.23961	0.53829	0.01023	0.01582	0.00836	0.00395	0.00581
7	0.01345	0.01266	0.02136	0.73264	0.04904	0.01582	0.01978	0.01819	0.01424	0.01819	0.01266	0.01898	0.00949	0.00712	0.00712	0.00237	0.00949	0.00633	0.00316	0.00791
8	0.01559	0.01570	0.02292	0.03869	0.02054	0.02144	0.05246	0.01748	0.01132	0.01748	0.00972	0.01587	0.00943	0.01196	0.02210	0.00306	0.67685	0.00635	0.00314	0.00789
9	0.01018	0.00760	0.01130	0.01130	0.01252	0.00882	0.00872	0.01262	0.01140	0.01642	0.01921	0.02871	0.01812	0.08106	0.69432	0.01126	0.01859	0.00774	0.00383	0.00628
10	0.01038	0.00728	0.00923	0.00896	0.01070	0.00660	0.00663	0.01317	0.01860	0.04934	0.48453	0.15650	0.15936	0.01603	0.00846	0.00236	0.00360	0.01409	0.00750	0.00666
11	0.06218	0.01369	0.01721	0.01325	0.01875	0.01292	0.01094	0.15846	0.02256	0.55486	0.02524	0.02235	0.01616	0.00867	0.00704	0.00219	0.00638	0.00688	0.00831	0.01194
12	0.02739	0.01943	0.02105	0.01614	0.02183	0.02132	0.01333	0.63922	0.03262	0.08846	0.01782	0.01756	0.01247	0.00857	0.00713	0.00214	0.00772	0.00646	0.00723	0.01211
13	0.01832	0.01560	0.01645	0.01461	0.01875	0.01800	0.01142	0.08000	0.64931	0.03078	0.02820	0.02595	0.02111	0.00959	0.00724	0.00240	0.00578	0.00794	0.00724	0.01133
14	0.02876	0.01191	0.01579	0.01244	0.01742	0.01071	0.01012	0.03289	0.07450	0.59122	0.07212	0.02694	0.02143	0.02979	0.00805	0.00235	0.00587	0.00770	0.00850	0.01148
15	0.01428	0.03683	0.71286	0.02030	0.03082	0.01654	0.02631	0.02255	0.01503	0.02255	0.01278	0.01503	0.00902	0.00677	0.00677	0.00226	0.01052	0.00526	0.00301	0.01052
16	0.01345	0.01266	0.02136	0.73264	0.04904	0.01582	0.01978	0.01819	0.01424	0.01819	0.01266	0.01898	0.00949	0.00712	0.00712	0.00237	0.00949	0.00633	0.00316	0.00791
17	0.01843	0.66263	0.12341	0.01322	0.01987	0.02669	0.01398	0.02148	0.01454	0.01749	0.01027	0.01188	0.00912	0.00618	0.00485	0.00162	0.00799	0.00399	0.00304	0.00931
18	0.80005	0.01377	0.01047	0.00936	0.01377	0.01597	0.00771	0.02093	0.01212	0.03195	0.00991	0.01157	0.00771	0.00661	0.00441	0.00220	0.00551	0.00386	0.00441	0.00771
19	0.01021	0.00749	0.01075	0.01075	0.01179	0.00853	0.00804	0.01227	0.01124	0.01602	0.01970	0.03146	0.01932	0.18384	0.59317	0.01059	0.01679	0.00814	0.00391	0.00597
20	0.00881	0.00625	0.00822	0.00974	0.01012	0.00588	0.00642	0.00995	0.01336	0.01782	0.03786	0.68770	0.04535	0.08209	0.01132	0.00322	0.00436	0.01943	0.00642	0.00566
21	0.01017	0.00763	0.01144	0.01144	0.01272	0.00890	0.00890	0.01272	0.01144	0.01653	0.01907	0.02797	0.01780	0.05340	0.72153	0.01144	0.01907	0.00763	0.00381	0.00636
22	0.02207	0.01746	0.01855	0.01537	0.02018	0.01975	0.01232	0.33749	0.38573	0.03681	0.02345	0.02216	0.01726	0.00914	0.00719	0.00229	0.00666	0.00729	0.00719	0.01166
23	0.00878	0.00682	0.00782	0.00838	0.00983	0.00605	0.00588	0.01038	0.01517	0.01921	0.10727	0.31399	0.36251	0.07151	0.01065	0.00289	0.00401	0.01643	0.00655	0.00586
24	0.02679	0.02838	0.02065	0.01757	0.02204	0.44346	0.01367	0.28790	0.02546	0.02833	0.01343	0.01453	0.01034	0.00782	0.00670	0.00195	0.01085	0.00531	0.00504	0.00979
25	0.03107	0.01192	0.01624	0.01252	0.01787	0.01031	0.01031	0.03384	0.02037	0.68275	0.05527	0.02540	0.01963	0.00905	0.00721	0.00220	0.00595	0.00739	0.00877	0.01190
26	0.02707	0.01995	0.02137	0.01638	0.02208	0.02208	0.01353	0.68159	0.03348	0.04488	0.01710	0.01710	0.01211	0.00855	0.00712	0.00214	0.00784	0.00641	0.00712	0.01211
27	0.01771	0.01530	0.01610	0.01449	0.01852	0.01771	0.01127	0.03784	0.69247	0.02979	0.02898	0.02657	0.02174	0.00966	0.00725	0.00242	0.00564	0.00805	0.00725	0.01127
28	0.00871	0.00632	0.00823	0.00967	0.01029	0.00584	0.00652	0.01008	0.01409	0.01867	0.06790	0.66625	0.09782	0.02168	0.00901	0.00283	0.00406	0.01955	0.00666	0.00584
29	0.28887	0.01990	0.01750	0.01429	0.01926	0.12240	0.01159	0.36211	0.02429	0.03648	0.01377	0.01460	0.01019	0.00771	0.00610	0.00212	0.00778	0.00528	0.00570	0.01006
30	0.01773	0.01618	0.02677	0.03717	0.55551	0.01561	0.04083	0.02180	0.01618	0.04984	0.01389	0.01751	0.01140	0.00627	0.00684	0.00197	0.00801	0.00613	0.00383	0.12652
31	0.01646	0.01937	0.06537	0.08256	0.03787	0.01779	0.60555	0.02245	0.01655	0.02245	0.01421	0.01904	0.01064	0.00611	0.00825	0.00239	0.01176	0.00813	0.00355	0.00951
32	0.01237	0.00618	0.00928	0.00928	0.00928	0.00618	0.00618	0.00928	0.00928	0.01237	0.01237	0.02165	0.01237	0.02474	0.02783	0.79283	0.00618	0.00618	0.00309	0.00309
33	0.01931	0.21762	0.20192	0.01959	0.09967	0.18950	0.01714	0.02558	0.10518	0.02084	0.01380	0.01537	0.01101	0.00706	0.00621	0.00197	0.00945	0.00521	0.00379	0.00980
34	0.01560	0.01479	0.04455	0.03074	0.42185	0.01417	0.01720	0.04646	0.04310	0.02374	0.05106	0.07137	0.07547	0.01037	0.00767	0.00235	0.00732	0.08764	0.00476	0.00980
35	0.01109	0.00793	0.01102	0.01258	0.01407	0.00786	0.01072	0.01414	0.01622	0.02123	0.06438	0.15658	0.04274	0.01977	0.00969	0.00319	0.00615	0.55754	0.00661	0.00647
36	0.80005	0.01377	0.01047	0.00936	0.01377	0.01597	0.00771	0.02093	0.01212	0.03195	0.00991	0.01157	0.00771	0.00661	0.00441	0.00220	0.00551	0.00386	0.00441	0.00771
37	0.01454	0.01242	0.01453	0.01052	0.01664	0.00936	0.00837	0.01764	0.01472	0.02302	0.01363	0.04142	0.01188	0.00590	0.00541	0.00112	0.00523	0.00480	0.00431	0.76454
38	0.01131	0.00778	0.00926	0.00900	0.01037	0.00749	0.00623	0.04442	0.01552	0.04566	0.18284	0.15395	0.15046	0.26473	0.04609	0.00429	0.00565	0.01277	0.00610	0.00609
39	0.00887	0.00631	0.00830	0.00971	0.01016	0.00592	0.00645	0.01014	0.01376	0.01844	0.07472	0.65643	0.04668	0.07432	0.01101	0.00314	0.00429	0.01912	0.00651	0.00573
40	0.01480	0.03353	0.59415	0.02332	0.09637	0.01669	0.07724	0.02250	0.01529	0.02264	0.01297	0.01561	0.00938	0.00666	0.00692	0.00225	0.01044	0.00561	0.00310	0.01052
41	0.01722	0.01635	0.02782	0.18552	0.48351	0.01705	0.06677	0.05769	0.01680	0.02337	0.01351	0.01799	0.01092	0.00660	0.00716	0.00219	0.00889	0.00649	0.00365	0.01050
42	0.02037	0.01428	0.01593	0.01387	0.01803	0.01566	0.01089	0.07841	0.46359	0.16065	0.04733	0.06521	0.02294	0.01025	0.00735	0.00238	0.00572	0.00857	0.00752	0.01107
43	0.01180	0.00761	0.00983	0.00909	0.01107	0.00692	0.00685	0.01460	0.01916	0.08217	0.54166	0.05077	0.12850	0.01502	0.00935	0.04515	0.00376	0.01228	0.00753	0.00689
44	0.17323	0.04585	0.06428	0.01475	0.05650	0.01476	0.01203	0.14023	0.01987	0.31619	0.02075	0.05820	0.01511	0.00869	0.00660	0.00220	0.00665	0.00680	0.00664	0.01066
45	0.02645	0.01971	0.02139	0.01651	0.02190	0.02207	0.01365	0.64554	0.03225	0.04337	0.01668	0.01701	0.01196	0.00876	0.00800	0.00219	0.04738	0.00640	0.00691	0.01188
46	0.01036	0.00690	0.00777	0.00777	0.00777	0.00690	0.00431	0.01036	0.01036	0.01381	0.02244	0.04660	0.02589	0.74975	0.03624	0.00690	0.00690	0.01036	0.00431	0.00431
47	0.01476	0.01305	0.02116	0.58930	0.04294	0.01640	0.01866	0.01893	0.01408	0.05559	0.01301	0.01877	0.00991	0.00799	0.00949	0.00247	0.11552	0.00636	0.00346	0.00812

[dist]
# distance from previous block
# <min> <max>
0	3

[block]
# block no. 7 follows, 29 sequences, length 19
# corresponding to MSA columns:
# 329-347
name=unknown_H
#
# <colnr> <probs for GDERKNQSTAVLIFYWHMCP>
#	G	D	E	R	K	N	Q	S	T	A	V	L	I	F	Y	W	H	M	C	P
0	0.00868	0.00620	0.00826	0.00991	0.01033	0.00578	0.00661	0.00991	0.01363	0.01818	0.03925	0.74510	0.04710	0.02231	0.00909	0.00289	0.00413	0.02024	0.00661	0.00578
1	0.29071	0.00983	0.00950	0.00992	0.01194	0.03185	0.00723	0.01464	0.01373	0.02373	0.07158	0.41578	0.03323	0.01575	0.00729	0.00257	0.00484	0.01344	0.00582	0.00661
2	0.01617	0.01349	0.01552	0.01121	0.01747	0.01093	0.00902	0.09376	0.01690	0.02568	0.01316	0.01503	0.01073	0.00565	0.00548	0.00118	0.00557	0.00447	0.00455	0.70402
3	0.02191	0.01243	0.01550	0.01143	0.01742	0.00990	0.00928	0.02490	0.01710	0.30894	0.01908	0.01870	0.01349	0.00675	0.00606	0.00153	0.00560	0.00544	0.00613	0.46841
4	0.02277	0.01417	0.01625	0.01384	0.01840	0.01514	0.01098	0.03672	0.45350	0.27174	0.02867	0.02574	0.02028	0.00936	0.00722	0.00234	0.00579	0.00773	0.00780	0.01157
5	0.01645	0.17265	0.32997	0.01661	0.02394	0.01928	0.01814	0.02774	0.25579	0.02396	0.01796	0.01841	0.01357	0.00766	0.00650	0.00217	0.00820	0.00596	0.00452	0.01051
