[name]
unknown

[dist]
# distance from previous block
# <min> <max>
0	15

[block]
# block no. 0 follows, 27 sequences, length 13
# corresponding to MSA columns:
# 15-27
name=unknown_A
#
# <colnr> <probs for GDERKNQSTAVLIFYWHMCP>
#	G	D	E	R	K	N	Q	S	T	A	V	L	I	F	Y	W	H	M	C	P
0	0.02134	0.01529	0.01643	0.04540	0.01913	0.07535	0.01125	0.22713	0.02247	0.13265	0.02533	0.18243	0.02385	0.06988	0.01028	0.00281	0.00732	0.04437	0.00669	0.04059
1	0.09565	0.01246	0.01685	0.18420	0.04833	0.01299	0.01272	0.07457	0.01903	0.23826	0.10749	0.10024	0.02447	0.01067	0.00755	0.00241	0.00679	0.00903	0.00662	0.00969
2	0.27458	0.01405	0.01411	0.06985	0.01809	0.05372	0.01007	0.11323	0.04596	0.05767	0.01473	0.01824	0.01178	0.01235	0.01179	0.19917	0.00697	0.00575	0.04005	0.00786
3	0.05919	0.01800	0.02212	0.08718	0.08242	0.10786	0.03740	0.02004	0.01416	0.02004	0.01403	0.01876	0.04080	0.01053	0.01570	0.00269	0.36980	0.00655	0.00368	0.04905
4	0.01049	0.00719	0.00851	0.00868	0.00911	0.00712	0.00539	0.01089	0.01185	0.01564	0.02995	0.11612	0.10032	0.49128	0.09085	0.04727	0.00762	0.01187	0.00489	0.00497
5	0.00993	0.00710	0.00841	0.00881	0.00959	0.00669	0.00572	0.01110	0.01420	0.01877	0.13086	0.24748	0.14650	0.31748	0.02097	0.00457	0.00530	0.01488	0.00608	0.00557
6	0.01837	0.01764	0.03013	0.04557	0.69279	0.01764	0.02278	0.02278	0.01690	0.02425	0.01396	0.01837	0.01176	0.00661	0.00735	0.00220	0.00882	0.00661	0.00367	0.01176
7	0.01703	0.01744	0.02520	0.02080	0.02240	0.04613	0.10994	0.02105	0.07178	0.01990	0.01238	0.01770	0.01110	0.01157	0.01999	0.00303	0.53316	0.00693	0.00372	0.00873
8	0.00947	0.00664	0.00849	0.00979	0.01012	0.00631	0.00631	0.01045	0.01338	0.01784	0.03665	0.56718	0.04371	0.19769	0.01637	0.00403	0.00501	0.01859	0.00631	0.00566
9	0.02319	0.01599	0.01815	0.01465	0.01986	0.01659	0.01191	0.25917	0.17212	0.14138	0.02304	0.02517	0.01754	0.01099	0.03179	0.00253	0.00726	0.04490	0.00709	0.13666
10	0.04932	0.00984	0.01136	0.01056	0.01245	0.01092	0.00810	0.08839	0.01612	0.02523	0.02403	0.07744	0.04775	0.08465	0.13570	0.00437	0.07138	0.00860	0.29644	0.00736
11	0.01754	0.01485	0.01610	0.01627	0.07572	0.04415	0.01154	0.06838	0.37772	0.02884	0.03065	0.06050	0.07075	0.01101	0.00748	0.00241	0.00611	0.03208	0.09760	0.01029
12	0.06343	0.01567	0.01432	0.03052	0.01665	0.13571	0.00997	0.10384	0.10843	0.02550	0.09889	0.13901	0.05759	0.10424	0.04051	0.00338	0.00774	0.01034	0.00601	0.00824

[dist]
# distance from previous block
# <min> <max>
23	62

[block]
# block no. 1 follows, 27 sequences, length 42
# corresponding to MSA columns:
# 108-124,126-150
name=unknown_B
#
# <colnr> <probs for GDERKNQSTAVLIFYWHMCP>
#	G	D	E	R	K	N	Q	S	T	A	V	L	I	F	Y	W	H	M	C	P
0	0.02424	0.01582	0.01918	0.01537	0.02044	0.03330	0.05243	0.18279	0.17451	0.22765	0.06669	0.05471	0.02152	0.00989	0.00761	0.00231	0.00692	0.00831	0.00753	0.04878
1	0.02154	0.11918	0.08169	0.01706	0.05966	0.04400	0.01419	0.19988	0.12753	0.07426	0.04420	0.01991	0.01571	0.00842	0.00743	0.00210	0.03217	0.00646	0.00580	0.09880
2	0.04567	0.20719	0.18593	0.01712	0.02344	0.02078	0.06246	0.13689	0.03921	0.05001	0.01645	0.07485	0.01410	0.00910	0.00815	0.00227	0.06451	0.00701	0.00467	0.01018
3	0.02184	0.01709	0.01915	0.01612	0.04842	0.01807	0.01238	0.33073	0.15910	0.03564	0.01955	0.02096	0.01508	0.03549	0.04199	0.00270	0.00773	0.00678	0.00643	0.16476
4	0.01470	0.06774	0.01343	0.01067	0.01302	0.01104	0.00771	0.04313	0.08814	0.07176	0.02798	0.18339	0.04995	0.28025	0.01871	0.00412	0.00621	0.01140	0.00578	0.07086
5	0.02190	0.04004	0.01750	0.01413	0.01866	0.03935	0.01120	0.15186	0.23248	0.15877	0.02654	0.12758	0.02198	0.01104	0.00750	0.00233	0.00646	0.00916	0.00721	0.07430
6	0.06749	0.01580	0.01814	0.01426	0.01966	0.01601	0.01160	0.28887	0.05299	0.25637	0.02293	0.07115	0.01714	0.00964	0.00725	0.00221	0.00680	0.00768	0.00753	0.08647
7	0.01767	0.01435	0.01727	0.03802	0.05206	0.01219	0.01062	0.10166	0.01810	0.04768	0.01432	0.01630	0.01143	0.00616	0.00596	0.00138	0.00617	0.00497	0.00486	0.59882
8	0.01063	0.00785	0.01139	0.01139	0.01253	0.00898	0.00860	0.01291	0.01177	0.01683	0.02038	0.03191	0.01975	0.15238	0.61461	0.01126	0.01809	0.00836	0.00405	0.00633
9	0.01049	0.00831	0.01169	0.01192	0.01327	0.00803	0.05399	0.01372	0.06888	0.02011	0.03942	0.54805	0.08319	0.05833	0.01071	0.00313	0.00514	0.01830	0.00660	0.00672
10	0.02761	0.02049	0.02194	0.01696	0.02279	0.02274	0.01396	0.62869	0.07525	0.04580	0.01860	0.01844	0.01325	0.00898	0.00743	0.00225	0.00803	0.00679	0.00743	0.01257
11	0.01041	0.00758	0.00979	0.00924	0.01103	0.00696	0.00693	0.01382	0.02078	0.02921	0.65364	0.05637	0.10563	0.01538	0.00876	0.00234	0.00352	0.01355	0.00810	0.00696
12	0.01473	0.05288	0.02142	0.43778	0.03775	0.06510	0.03927	0.01861	0.01539	0.01944	0.04866	0.11597	0.01800	0.01017	0.00865	0.00250	0.05293	0.00866	0.00405	0.00804
13	0.00877	0.00752	0.00752	0.00752	0.01003	0.00627	0.00564	0.01065	0.01692	0.02005	0.07520	0.07144	0.68978	0.01880	0.00877	0.00251	0.00376	0.01567	0.00689	0.00627
14	0.01580	0.01427	0.02275	0.18854	0.06656	0.01671	0.11364	0.05470	0.01561	0.02260	0.01653	0.07077	0.01453	0.01010	0.01197	0.00258	0.20094	0.00799	0.12486	0.00856
15	0.01384	0.00692	0.00692	0.00692	0.00865	0.00692	0.00519	0.01730	0.01557	0.02768	0.02422	0.02768	0.01903	0.00865	0.00519	0.00173	0.00346	0.00692	0.78031	0.00692
16	0.05324	0.01516	0.02398	0.12059	0.02807	0.01390	0.18661	0.02022	0.01564	0.02359	0.01345	0.01714	0.01073	0.00625	0.00710	0.00179	0.02692	0.00593	0.00404	0.40563
17	0.01778	0.01720	0.02986	0.13051	0.57662	0.01755	0.05671	0.02235	0.01668	0.02356	0.01392	0.01864	0.01150	0.00670	0.00743	0.00225	0.00915	0.00673	0.00363	0.01122
18	0.01831	0.45200	0.07483	0.01554	0.02002	0.02636	0.01483	0.02083	0.01386	0.01798	0.01031	0.01362	0.00959	0.00865	0.01157	0.00220	0.25224	0.00492	0.00320	0.00914
19	0.01424	0.01099	0.01181	0.01070	0.01324	0.05670	0.00813	0.05880	0.05234	0.06567	0.42256	0.04912	0.14132	0.04010	0.00944	0.00250	0.00492	0.01205	0.00755	0.00782
20	0.02814	0.01260	0.01635	0.01303	0.01792	0.01161	0.01055	0.11175	0.02238	0.48558	0.10205	0.08567	0.02590	0.01097	0.00777	0.00235	0.00607	0.00914	0.00866	0.01147
21	0.06280	0.70298	0.03734	0.01254	0.01879	0.02867	0.01244	0.02221	0.01495	0.01835	0.01032	0.01192	0.00944	0.00638	0.00475	0.00163	0.00782	0.00397	0.00325	0.00944
22	0.01385	0.01147	0.04002	0.01311	0.01621	0.01047	0.01126	0.07205	0.05851	0.02625	0.14528	0.09061	0.03898	0.01582	0.00887	0.00274	0.00620	0.31222	0.00673	0.09935
23	0.00956	0.00668	0.00846	0.00968	0.00999	0.00637	0.00619	0.01047	0.01321	0.01762	0.03580	0.53391	0.04264	0.23242	0.01775	0.00424	0.00515	0.01809	0.00619	0.00558
24	0.02786	0.02010	0.02342	0.01779	0.02383	0.02178	0.06025	0.57292	0.03260	0.09592	0.01852	0.01856	0.01298	0.00874	0.00752	0.00225	0.00833	0.00689	0.00730	0.01244
25	0.01524	0.08859	0.65354	0.02056	0.03120	0.01810	0.02638	0.02342	0.01563	0.02308	0.01311	0.01541	0.00941	0.00700	0.00689	0.00230	0.01076	0.00538	0.00314	0.01087
26	0.03302	0.01309	0.01751	0.01342	0.01918	0.01159	0.01109	0.07135	0.02201	0.66169	0.02865	0.02485	0.01806	0.00917	0.00746	0.00229	0.00642	0.00742	0.00909	0.01263
27	0.00904	0.00646	0.00861	0.01034	0.01077	0.00603	0.00689	0.01034	0.01421	0.01895	0.04092	0.73426	0.04910	0.02326	0.00948	0.00301	0.00431	0.02110	0.00689	0.00603
28	0.00947	0.00676	0.00910	0.01082	0.01144	0.00640	0.00763	0.01107	0.01463	0.01943	0.04068	0.63941	0.04817	0.02286	0.00959	0.00307	0.00468	0.11175	0.00688	0.00615
29	0.01695	0.00992	0.01024	0.00912	0.01176	0.01040	0.00712	0.15806	0.01975	0.03181	0.02283	0.02555	0.01764	0.00871	0.00567	0.00184	0.00448	0.00687	0.61313	0.00815
30	0.01080	0.00720	0.00810	0.00810	0.00810	0.00720	0.00450	0.01080	0.01080	0.01439	0.02339	0.04858	0.02699	0.73910	0.03779	0.00720	0.00720	0.01080	0.00450	0.00450
31	0.79154	0.01436	0.01091	0.00976	0.01436	0.01665	0.00804	0.02182	0.01263	0.03331	0.01034	0.01206	0.00804	0.00689	0.00459	0.00230	0.00574	0.00402	0.00459	0.00804
32	0.03331	0.01263	0.01723	0.01321	0.01895	0.01091	0.01091	0.03618	0.02125	0.69794	0.02929	0.02527	0.01838	0.00919	0.00747	0.00230	0.00632	0.00747	0.00919	0.01263
33	0.02698	0.02103	0.02152	0.01695	0.02256	0.06186	0.01383	0.55320	0.11426	0.04319	0.01900	0.01880	0.01370	0.00898	0.00740	0.00225	0.00818	0.00679	0.00724	0.01229
34	0.02822	0.02079	0.02228	0.01708	0.02302	0.02302	0.01411	0.66804	0.03490	0.04679	0.01782	0.01782	0.01262	0.00891	0.00743	0.00223	0.00817	0.00668	0.00743	0.01262
35	0.01645	0.01309	0.01457	0.01315	0.01661	0.01443	0.01017	0.03103	0.43894	0.05679	0.24490	0.03665	0.03794	0.01170	0.00794	0.00245	0.00512	0.01000	0.00782	0.01024
36	0.02502	0.01792	0.01952	0.01584	0.02108	0.01978	0.01280	0.34617	0.28538	0.11891	0.02405	0.02258	0.01724	0.00940	0.00748	0.00235	0.00705	0.00745	0.00769	0.01228
37	0.01062	0.00783	0.01013	0.01047	0.01226	0.00733	0.00835	0.01374	0.01881	0.02535	0.35673	0.09922	0.15764	0.01781	0.00927	0.00274	0.00463	0.21280	0.00749	0.00679
38	0.06751	0.63737	0.05569	0.01260	0.01873	0.02702	0.01255	0.02181	0.01526	0.01930	0.04651	0.01435	0.01265	0.00688	0.00503	0.00170	0.00766	0.00452	0.00353	0.00934
39	0.01522	0.03612	0.61922	0.02241	0.03296	0.01743	0.10656	0.02354	0.01590	0.02354	0.01353	0.01621	0.00963	0.00695	0.00726	0.00237	0.01116	0.00589	0.00321	0.01085
40	0.01851	0.31802	0.20752	0.01831	0.02555	0.05127	0.11588	0.02310	0.01585	0.04119	0.01256	0.01502	0.01012	0.00700	0.00729	0.00203	0.05068	0.00540	0.00353	0.05117
41	0.04124	0.47149	0.09827	0.01349	0.01947	0.06643	0.02973	0.02133	0.01573	0.01953	0.01866	0.01993	0.08520	0.00800	0.00567	0.00184	0.00796	0.00573	0.04118	0.00910

[dist]
# distance from previous block
# <min> <max>
0	15

[block]
# block no. 2 follows, 27 sequences, length 30
# corresponding to MSA columns:
# 166-195
name=unknown_C
#
# <colnr> <probs for GDERKNQSTAVLIFYWHMCP>
#	G	D	E	R	K	N	Q	S	T	A	V	L	I	F	Y	W	H	M	C	P
0	0.07541	0.08614	0.02188	0.11455	0.03986	0.09142	0.04775	0.15324	0.10053	0.08745	0.04291	0.02190	0.04062	0.00863	0.00702	0.00220	0.00815	0.00691	0.00566	0.03777
1	0.02463	0.04634	0.02072	0.01701	0.04502	0.11764	0.01320	0.39828	0.08252	0.03670	0.01931	0.06009	0.01542	0.00947	0.00721	0.00220	0.00820	0.00731	0.05766	0.01108
2	0.01927	0.45006	0.09441	0.02044	0.13098	0.06115	0.04920	0.02267	0.01567	0.01948	0.01145	0.01402	0.00998	0.00688	0.00675	0.00191	0.04749	0.00496	0.00332	0.00992
3	0.01524	0.03633	0.63365	0.02360	0.09814	0.01728	0.02696	0.02344	0.01580	0.02358	0.01339	0.01594	0.00964	0.00701	0.00708	0.00234	0.01076	0.00560	0.00319	0.01105
4	0.00898	0.00753	0.00781	0.00774	0.01015	0.00635	0.00580	0.01105	0.01741	0.02121	0.14824	0.06954	0.61603	0.01837	0.00877	0.00249	0.00373	0.01540	0.00705	0.00635
5	0.01580	0.01011	0.01112	0.00997	0.01227	0.01084	0.00769	0.13714	0.01836	0.02810	0.02608	0.03037	0.07699	0.06108	0.04586	0.03072	0.04442	0.00792	0.40747	0.00768
6	0.00899	0.00756	0.00782	0.00786	0.01029	0.00640	0.00596	0.01101	0.01714	0.02064	0.10505	0.07112	0.63247	0.01868	0.00883	0.00253	0.00387	0.04049	0.00696	0.00633
7	0.06281	0.17861	0.14869	0.01568	0.02171	0.09726	0.01493	0.13698	0.15114	0.02791	0.01714	0.01794	0.01318	0.00798	0.00643	0.00211	0.00833	0.00588	0.05487	0.01042
8	0.02691	0.01997	0.02144	0.01672	0.02235	0.02213	0.01370	0.60364	0.07675	0.04478	0.01945	0.04341	0.01456	0.00949	0.00751	0.00227	0.00788	0.00730	0.00742	0.01234
9	0.00925	0.00786	0.00802	0.00792	0.01046	0.00679	0.00596	0.01199	0.04364	0.02102	0.10644	0.06883	0.62974	0.01826	0.00872	0.00250	0.00383	0.01526	0.00699	0.00653
10	0.01077	0.00728	0.00852	0.00852	0.00867	0.00743	0.00503	0.01107	0.01092	0.01471	0.02300	0.04643	0.02605	0.66334	0.11227	0.00772	0.00860	0.01048	0.00444	0.00473
11	0.01814	0.05206	0.01697	0.01223	0.01771	0.01277	0.00981	0.13586	0.01909	0.07043	0.01909	0.12464	0.01743	0.00907	0.00653	0.00169	0.00598	0.00750	0.00556	0.43741
12	0.06365	0.08075	0.21053	0.01541	0.02123	0.01381	0.08703	0.01901	0.01761	0.02576	0.25956	0.03286	0.06735	0.01037	0.00753	0.00225	0.00723	0.00898	0.00537	0.04372
13	0.15996	0.08911	0.05753	0.05303	0.01921	0.04767	0.01190	0.15870	0.01902	0.02880	0.07097	0.02272	0.01745	0.07737	0.01069	0.00270	0.06389	0.00672	0.07372	0.00887
14	0.06599	0.02829	0.36905	0.02601	0.12543	0.01735	0.18524	0.02317	0.01611	0.02434	0.01364	0.01691	0.01018	0.00672	0.00730	0.00232	0.01050	0.00633	0.00351	0.04160
15	0.01924	0.65697	0.12017	0.01374	0.02066	0.02788	0.01451	0.02239	0.01516	0.01821	0.01069	0.01237	0.00951	0.00644	0.00504	0.00168	0.00831	0.00416	0.00317	0.00970
16	0.01026	0.00758	0.00958	0.00908	0.01094	0.00690	0.00681	0.01354	0.02044	0.02840	0.60238	0.05771	0.15740	0.01569	0.00876	0.00236	0.00354	0.01374	0.00799	0.00690
17	0.05207	0.18485	0.02705	0.06114	0.20320	0.18886	0.01625	0.05777	0.06042	0.02257	0.01336	0.01598	0.01111	0.00755	0.00745	0.00209	0.04867	0.00558	0.00403	0.01000
18	0.01554	0.09762	0.03949	0.01667	0.08698	0.01366	0.04745	0.06097	0.06222	0.05582	0.17879	0.12625	0.06462	0.01334	0.00815	0.00247	0.00639	0.08844	0.00631	0.00883
19	0.01883	0.01174	0.01225	0.01045	0.01364	0.01251	0.00829	0.24332	0.02228	0.03431	0.02200	0.02425	0.01680	0.00874	0.00597	0.00190	0.00510	0.00684	0.51187	0.00890
20	0.00887	0.00747	0.00769	0.00775	0.01012	0.00629	0.00577	0.01079	0.01696	0.02043	0.10100	0.10640	0.62738	0.01888	0.00881	0.00253	0.00378	0.01586	0.00695	0.00629
21	0.02515	0.01861	0.02011	0.01597	0.02105	0.02051	0.01291	0.54444	0.06724	0.04198	0.02097	0.08948	0.01728	0.03814	0.00879	0.00251	0.00763	0.00834	0.00727	0.01162
22	0.01486	0.01420	0.02367	0.04463	0.02292	0.01628	0.17983	0.04652	0.01465	0.02065	0.01878	0.14216	0.01889	0.05728	0.09618	0.00416	0.24196	0.00996	0.00434	0.00809
23	0.03331	0.01263	0.01723	0.01321	0.01895	0.01091	0.01091	0.03618	0.02125	0.69794	0.02929	0.02527	0.01838	0.00919	0.00747	0.00230	0.00632	0.00747	0.00919	0.01263
24	0.05436	0.01291	0.01684	0.01306	0.01845	0.01167	0.01066	0.07601	0.02128	0.59533	0.02762	0.02573	0.01819	0.05150	0.00914	0.00258	0.00647	0.00750	0.00866	0.01202
25	0.05621	0.55345	0.03368	0.01400	0.01971	0.17993	0.01286	0.02386	0.01630	0.01833	0.01058	0.01224	0.00947	0.00666	0.00518	0.00169	0.00905	0.00415	0.00338	0.00926
26	0.02822	0.02079	0.02228	0.01708	0.02302	0.02302	0.01411	0.66804	0.03490	0.04679	0.01782	0.01782	0.01262	0.00891	0.00743	0.00223	0.00817	0.00668	0.00743	0.01262
27	0.00903	0.00749	0.00791	0.00789	0.01021	0.00636	0.00589	0.01112	0.01740	0.02140	0.16168	0.09551	0.57559	0.01846	0.00880	0.00250	0.00375	0.01556	0.00708	0.00636
28	0.74136	0.01478	0.01166	0.01024	0.01493	0.01707	0.00844	0.06430	0.01410	0.03419	0.01083	0.01244	0.00834	0.00702	0.00478	0.00229	0.00590	0.00419	0.00478	0.00834
29	0.00932	0.00671	0.00873	0.01025	0.01087	0.00628	0.00701	0.01072	0.01438	0.01897	0.04200	0.60886	0.08858	0.06437	0.01113	0.00325	0.00461	0.06122	0.00675	0.00601

[dist]
# distance from previous block
# <min> <max>
0	1

[block]
# block no. 3 follows, 27 sequences, length 141
# corresponding to MSA columns:
# 197-216,247-367
name=unknown_D
#
# <colnr> <probs for GDERKNQSTAVLIFYWHMCP>
#	G	D	E	R	K	N	Q	S	T	A	V	L	I	F	Y	W	H	M	C	P
0	0.01606	0.09606	0.51627	0.02311	0.11133	0.04017	0.02465	0.02324	0.01599	0.02286	0.01394	0.01785	0.01081	0.00740	0.00698	0.00229	0.01038	0.02652	0.00335	0.01073
1	0.01020	0.00836	0.00979	0.01076	0.04134	0.00767	0.00759	0.01343	0.05458	0.02162	0.10861	0.17674	0.41298	0.01837	0.00888	0.00264	0.00443	0.06824	0.00688	0.00689
2	0.01539	0.01319	0.01539	0.01100	0.01759	0.00990	0.00880	0.01869	0.01539	0.02419	0.01319	0.01539	0.01100	0.00550	0.00550	0.00110	0.00550	0.00440	0.00440	0.78449
3	0.02148	0.04606	0.05287	0.13373	0.13241	0.04406	0.01595	0.18969	0.05001	0.05465	0.05998	0.02780	0.04974	0.04989	0.00983	0.00290	0.00865	0.00818	0.03106	0.01106
4	0.01067	0.00768	0.01057	0.01057	0.01142	0.00854	0.00758	0.01238	0.01153	0.01622	0.02113	0.03607	0.02156	0.29886	0.47060	0.01025	0.01537	0.00897	0.00416	0.00587
5	0.01613	0.06429	0.47542	0.02788	0.22392	0.01791	0.02541	0.02324	0.01600	0.02345	0.01337	0.01629	0.01010	0.00689	0.00704	0.00227	0.01021	0.00575	0.00329	0.01114
6	0.01041	0.00797	0.01002	0.00943	0.01126	0.00758	0.00715	0.01349	0.01972	0.02721	0.53052	0.05695	0.19550	0.01583	0.00948	0.00241	0.03691	0.01357	0.00768	0.00690
7	0.01779	0.01954	0.15245	0.07392	0.23792	0.01610	0.01837	0.04643	0.15314	0.07212	0.06567	0.05592	0.01960	0.00907	0.00754	0.00237	0.00794	0.00796	0.00529	0.01086
8	0.01362	0.01149	0.04451	0.01548	0.07491	0.01048	0.01194	0.01914	0.09931	0.05308	0.06381	0.08423	0.16526	0.01646	0.00902	0.00287	0.00624	0.28334	0.00664	0.00819
9	0.47058	0.01325	0.01299	0.01169	0.01475	0.01596	0.00955	0.01924	0.01262	0.02740	0.01496	0.01842	0.04032	0.01504	0.10060	0.00372	0.14601	0.00566	0.03949	0.00774
10	0.04642	0.34954	0.28590	0.01691	0.04752	0.02188	0.01814	0.02183	0.01497	0.02058	0.01253	0.01528	0.01040	0.01151	0.07526	0.00295	0.01022	0.00503	0.00331	0.00981
11	0.01622	0.02354	0.22117	0.02323	0.02938	0.01882	0.23632	0.02151	0.01497	0.02196	0.01280	0.01728	0.01026	0.00845	0.01271	0.00257	0.22625	0.00680	0.00348	0.07228
12	0.01671	0.07782	0.08109	0.01595	0.02003	0.04253	0.07376	0.10821	0.09976	0.02464	0.02040	0.08880	0.01833	0.04534	0.16196	0.00463	0.04964	0.00844	0.03292	0.00906
13	0.02015	0.71657	0.03822	0.01295	0.01920	0.05530	0.01277	0.02251	0.01531	0.01749	0.01036	0.01196	0.00953	0.00640	0.00484	0.00160	0.00815	0.00400	0.00320	0.00949
14	0.01289	0.00645	0.00967	0.00967	0.00967	0.00645	0.00645	0.00967	0.00967	0.01289	0.01289	0.02257	0.01289	0.02579	0.02901	0.78401	0.00645	0.00645	0.00322	0.00322
15	0.00920	0.00755	0.00815	0.00834	0.01060	0.00650	0.00635	0.01130	0.01711	0.02095	0.11911	0.10718	0.55121	0.01890	0.00894	0.00260	0.00403	0.06863	0.00699	0.00636
16	0.01819	0.01879	0.06485	0.09100	0.45018	0.04280	0.02045	0.02598	0.14438	0.02488	0.01690	0.01995	0.01350	0.00741	0.00735	0.00228	0.00863	0.00682	0.00437	0.01132
17	0.02017	0.04690	0.02580	0.15432	0.38444	0.05589	0.01907	0.02409	0.01728	0.12681	0.01693	0.04616	0.01365	0.00783	0.00732	0.00225	0.00867	0.00708	0.00457	0.01079
18	0.02172	0.02007	0.01821	0.01590	0.02017	0.15656	0.01249	0.18508	0.31611	0.03094	0.02530	0.02638	0.04598	0.01179	0.03427	0.00272	0.00841	0.03058	0.00659	0.01073
19	0.01700	0.01912	0.04123	0.06984	0.03843	0.01816	0.60392	0.02299	0.01724	0.02332	0.01590	0.04724	0.01263	0.00697	0.00871	0.00252	0.01205	0.00911	0.00385	0.00976
20	0.01540	0.11089	0.63262	0.02029	0.03079	0.01849	0.02591	0.02338	0.01561	0.02289	0.01301	0.01529	0.00942	0.00698	0.00682	0.00227	0.01066	0.00533	0.00314	0.01082
21	0.02487	0.01829	0.01989	0.01590	0.02088	0.02005	0.01285	0.55296	0.03128	0.04192	0.02186	0.14318	0.01901	0.01142	0.00778	0.00237	0.00749	0.00921	0.00733	0.01147
22	0.01065	0.00714	0.00814	0.00829	0.00832	0.00710	0.00470	0.01076	0.01108	0.01478	0.02487	0.10636	0.02885	0.67878	0.03540	0.00684	0.00695	0.01166	0.00470	0.00463
23	0.01656	0.09813	0.02679	0.08050	0.06070	0.02067	0.11614	0.01959	0.01371	0.02005	0.01243	0.01777	0.01090	0.00999	0.01567	0.00269	0.37020	0.00661	0.07224	0.00867
24	0.01583	0.01345	0.01563	0.01120	0.01778	0.01034	0.00898	0.04073	0.01606	0.02496	0.01335	0.01548	0.01105	0.00561	0.00556	0.00114	0.00559	0.00448	0.00450	0.75829
25	0.01041	0.00758	0.00979	0.00924	0.01103	0.00696	0.00693	0.01382	0.02078	0.02922	0.65388	0.05637	0.10539	0.01538	0.00876	0.00234	0.00352	0.01355	0.00810	0.00696
26	0.01495	0.03517	0.60746	0.02248	0.06740	0.01687	0.05404	0.02294	0.01576	0.02338	0.01456	0.04538	0.01124	0.00766	0.00724	0.00238	0.01065	0.00633	0.00334	0.01077
27	0.01004	0.00757	0.00928	0.00885	0.01081	0.00681	0.00664	0.01311	0.01992	0.02717	0.52460	0.05973	0.23594	0.01615	0.00876	0.00238	0.00357	0.01403	0.00783	0.00681
28	0.02165	0.01565	0.01729	0.01499	0.01951	0.01734	0.01193	0.11757	0.45961	0.13580	0.02899	0.02911	0.02181	0.01035	0.00767	0.00250	0.00629	0.04246	0.00775	0.01173
29	0.01624	0.14397	0.48058	0.02210	0.08646	0.01928	0.05173	0.02400	0.04643	0.02300	0.01377	0.01607	0.01032	0.00701	0.00682	0.00223	0.01015	0.00562	0.00342	0.01081
30	0.63734	0.01370	0.01231	0.09913	0.01880	0.01595	0.00966	0.02075	0.01291	0.03030	0.01166	0.01559	0.00950	0.00818	0.00617	0.03627	0.00633	0.02319	0.00444	0.00782
31	0.00912	0.00657	0.00865	0.01017	0.01076	0.00609	0.00685	0.01056	0.01470	0.01961	0.07918	0.67028	0.07472	0.02263	0.00941	0.00296	0.00424	0.02046	0.00696	0.00609
32	0.01289	0.00645	0.00967	0.00967	0.00967	0.00645	0.00645	0.00967	0.00967	0.01289	0.01289	0.02257	0.01289	0.02579	0.02901	0.78401	0.00645	0.00645	0.00322	0.00322
33	0.00940	0.00754	0.00838	0.00817	0.01041	0.00653	0.00613	0.01186	0.01839	0.02355	0.29580	0.06570	0.46700	0.01750	0.00877	0.00245	0.00367	0.01486	0.00735	0.00653
34	0.01077	0.00796	0.01010	0.00950	0.01140	0.00748	0.00714	0.01497	0.05060	0.02927	0.62405	0.05511	0.10324	0.01515	0.00870	0.00235	0.00362	0.01333	0.00807	0.00718
35	0.01539	0.01319	0.01539	0.01100	0.01759	0.00990	0.00880	0.01869	0.01539	0.02419	0.01319	0.01539	0.01100	0.00550	0.00550	0.00110	0.00550	0.00440	0.00440	0.78449
36	0.01557	0.06066	0.57712	0.02119	0.03124	0.01765	0.07960	0.04364	0.01659	0.02426	0.03581	0.01729	0.01167	0.00729	0.00718	0.00233	0.01066	0.00601	0.00349	0.01076
37	0.01289	0.00645	0.00967	0.00967	0.00967	0.00645	0.00645	0.00967	0.00967	0.01289	0.01289	0.02257	0.01289	0.02579	0.02901	0.78401	0.00645	0.00645	0.00322	0.00322
38	0.01620	0.01411	0.01978	0.20285	0.12437	0.01564	0.04428	0.05346	0.21432	0.02571	0.02608	0.02928	0.07801	0.00967	0.00754	0.00241	0.00739	0.02842	0.07074	0.00973
39	0.02017	0.01635	0.01784	0.01623	0.04497	0.01845	0.01229	0.13501	0.50800	0.05686	0.02921	0.02724	0.04362	0.01003	0.00757	0.00245	0.00628	0.00828	0.00742	0.01173
40	0.01561	0.01339	0.01549	0.01129	0.01772	0.01051	0.00901	0.02018	0.06300	0.02468	0.01442	0.01628	0.01183	0.00583	0.00565	0.00120	0.00552	0.00468	0.00462	0.72909
41	0.01596	0.01345	0.01555	0.01148	0.01768	0.01083	0.00914	0.05450	0.04570	0.02550	0.01535	0.04600	0.01319	0.00662	0.00586	0.00130	0.00561	0.00539	0.00481	0.67609
42	0.01931	0.54808	0.03236	0.01292	0.01827	0.10422	0.01201	0.02181	0.01669	0.01945	0.11549	0.01882	0.01890	0.00787	0.00560	0.00174	0.00788	0.00553	0.00402	0.00903
43	0.01652	0.00942	0.01196	0.01088	0.01380	0.00857	0.00824	0.02023	0.06067	0.19465	0.21347	0.22412	0.10228	0.01524	0.00836	0.00246	0.00472	0.01331	0.00772	0.05341
44	0.01665	0.02264	0.17067	0.08590	0.08099	0.01855	0.38408	0.02274	0.01635	0.02284	0.01399	0.01869	0.01068	0.00713	0.00959	0.00252	0.07486	0.00758	0.00354	0.01001
45	0.05926	0.01269	0.01701	0.01309	0.01879	0.01111	0.01081	0.03569	0.02095	0.67519	0.02864	0.02482	0.01802	0.00911	0.00737	0.00230	0.00630	0.00735	0.00903	0.01248
46	0.01701	0.01440	0.01556	0.01417	0.01790	0.01635	0.01102	0.03469	0.55499	0.03056	0.13248	0.03390	0.03068	0.01122	0.00783	0.00252	0.00554	0.03071	0.00763	0.01085
47	0.02683	0.03385	0.02052	0.01881	0.02252	0.66934	0.01421	0.02883	0.02081	0.01840	0.01306	0.01740	0.01145	0.00838	0.00690	0.00200	0.01301	0.04117	0.00400	0.00851
48	0.00877	0.00752	0.00752	0.00752	0.01003	0.00627	0.00564	0.01065	0.01692	0.02005	0.07520	0.07144	0.68978	0.01880	0.00877	0.00251	0.00376	0.01567	0.00689	0.00627
49	0.00933	0.00800	0.00805	0.00795	0.01056	0.00696	0.00599	0.01230	0.05470	0.02068	0.07264	0.06895	0.65174	0.01830	0.00870	0.00251	0.00388	0.01525	0.00693	0.00658
50	0.00917	0.00656	0.00872	0.01025	0.01079	0.00611	0.00690	0.01065	0.01479	0.01986	0.09552	0.67706	0.05086	0.02258	0.00941	0.00296	0.00424	0.02046	0.00700	0.00611
51	0.02648	0.05920	0.02210	0.01987	0.04694	0.62245	0.01469	0.02849	0.02015	0.01835	0.01143	0.01367	0.00965	0.00786	0.00761	0.00198	0.05167	0.00491	0.00376	0.00873
52	0.01539	0.01319	0.01539	0.01100	0.01759	0.00990	0.00880	0.01869	0.01539	0.02419	0.01319	0.01539	0.01100	0.00550	0.00550	0.00110	0.00550	0.00440	0.00440	0.78449
53	0.76207	0.01448	0.01164	0.01113	0.04022	0.01669	0.00860	0.02186	0.01280	0.03296	0.01048	0.01230	0.00818	0.00688	0.00470	0.00229	0.00586	0.00412	0.00456	0.00818
54	0.00963	0.00701	0.00916	0.01039	0.01074	0.00695	0.00693	0.01074	0.01356	0.01820	0.03683	0.59641	0.04394	0.13364	0.01452	0.00367	0.03658	0.01886	0.00636	0.00588
55	0.03331	0.01263	0.01723	0.01321	0.01895	0.01091	0.01091	0.03618	0.02125	0.69794	0.02929	0.02527	0.01838	0.00919	0.00747	0.00230	0.00632	0.00747	0.00919	0.01263
56	0.01080	0.00720	0.00810	0.00810	0.00810	0.00720	0.00450	0.01080	0.01080	0.01439	0.02339	0.04858	0.02699	0.73910	0.03779	0.00720	0.00720	0.01080	0.00450	0.00450
57	0.79154	0.01436	0.01091	0.00976	0.01436	0.01665	0.00804	0.02182	0.01263	0.03331	0.01034	0.01206	0.00804	0.00689	0.00459	0.00230	0.00574	0.00402	0.00459	0.00804
58	0.01846	0.01595	0.01679	0.01511	0.01930	0.01846	0.01175	0.03945	0.67938	0.03105	0.03022	0.02770	0.02266	0.01007	0.00755	0.00252	0.00588	0.00839	0.00755	0.01175
59	0.79154	0.01436	0.01091	0.00976	0.01436	0.01665	0.00804	0.02182	0.01263	0.03331	0.01034	0.01206	0.00804	0.00689	0.00459	0.00230	0.00574	0.00402	0.00459	0.00804
60	0.01576	0.16240	0.58428	0.01967	0.02983	0.01937	0.02484	0.02328	0.01557	0.02245	0.01279	0.01501	0.00943	0.00693	0.00665	0.00222	0.01044	0.00522	0.00314	0.01072
61	0.01624	0.01624	0.02274	0.01949	0.01949	0.02274	0.01624	0.01787	0.01137	0.01787	0.00975	0.01624	0.00975	0.01299	0.02436	0.00325	0.72552	0.00650	0.00325	0.00812
62	0.01852	0.01310	0.01571	0.01138	0.01783	0.01007	0.00917	0.02175	0.01642	0.14182	0.01600	0.01712	0.01228	0.00614	0.00584	0.00131	0.00564	0.00493	0.00523	0.64972
63	0.01890	0.01616	0.01703	0.01519	0.01947	0.01867	0.01185	0.06719	0.65094	0.03175	0.02967	0.02726	0.02222	0.01002	0.00755	0.00251	0.00598	0.00832	0.00755	0.01179
64	0.01846	0.01595	0.01679	0.01511	0.01930	0.01846	0.01175	0.03945	0.67938	0.03105	0.03022	0.02770	0.02266	0.01007	0.00755	0.00252	0.00588	0.00839	0.00755	0.01175
65	0.01783	0.01734	0.02786	0.14041	0.54702	0.04534	0.02152	0.02218	0.01693	0.02345	0.03948	0.01979	0.01362	0.00710	0.00739	0.00224	0.00896	0.00680	0.00380	0.01094
66	0.00929	0.00664	0.00890	0.01062	0.01116	0.00624	0.00732	0.01076	0.01446	0.01923	0.04078	0.67940	0.04856	0.02303	0.00954	0.00305	0.00452	0.07353	0.00689	0.00610
67	0.01384	0.00692	0.00692	0.00692	0.00865	0.00692	0.00519	0.01730	0.01557	0.02768	0.02422	0.02768	0.01903	0.00865	0.00519	0.00173	0.00346	0.00692	0.78031	0.00692
68	0.00904	0.00646	0.00861	0.01034	0.01077	0.00603	0.00689	0.01034	0.01421	0.01895	0.04092	0.73426	0.04910	0.02326	0.00948	0.00301	0.00431	0.02110	0.00689	0.00603
69	0.00972	0.00720	0.01058	0.01144	0.01223	0.00675	0.04263	0.01103	0.01413	0.01887	0.03791	0.65491	0.04498	0.02248	0.01055	0.04753	0.00487	0.01960	0.00651	0.00609
70	0.00904	0.00646	0.00861	0.01034	0.01077	0.00603	0.00689	0.01034	0.01421	0.01895	0.04092	0.73426	0.04910	0.02326	0.00948	0.00301	0.00431	0.02110	0.00689	0.00603
71	0.00904	0.00646	0.00861	0.01034	0.01077	0.00603	0.00689	0.01034	0.01421	0.01895	0.04092	0.73426	0.04910	0.02326	0.00948	0.00301	0.00431	0.02110	0.00689	0.00603
72	0.01607	0.01653	0.02811	0.18297	0.03174	0.02028	0.18606	0.01965	0.01376	0.01965	0.01190	0.01804	0.01017	0.00997	0.01644	0.00288	0.37664	0.00711	0.00339	0.00864
73	0.25461	0.18110	0.05148	0.08828	0.02324	0.02096	0.04315	0.18124	0.01925	0.03021	0.01313	0.01532	0.01024	0.00886	0.02845	0.00246	0.00825	0.00534	0.00472	0.00970
74	0.01008	0.00700	0.00873	0.01000	0.01086	0.00673	0.00685	0.01259	0.04523	0.02068	0.03971	0.58330	0.07069	0.02059	0.00881	0.00281	0.00425	0.01847	0.10622	0.00642
75	0.00895	0.00753	0.00776	0.00770	0.01013	0.00634	0.00578	0.01099	0.01733	0.02103	0.13686	0.06984	0.62751	0.01844	0.00877	0.00249	0.00373	0.01544	0.00702	0.00634
76	0.01758	0.01697	0.02923	0.11151	0.57559	0.01720	0.05171	0.02205	0.01673	0.02356	0.01596	0.02034	0.03394	0.00708	0.00747	0.00226	0.00893	0.00701	0.00375	0.01114
77	0.79154	0.01436	0.01091	0.00976	0.01436	0.01665	0.00804	0.02182	0.01263	0.03331	0.01034	0.01206	0.00804	0.00689	0.00459	0.00230	0.00574	0.00402	0.00459	0.00804
78	0.70304	0.04225	0.01317	0.03597	0.04405	0.01717	0.00927	0.02178	0.01298	0.03183	0.01059	0.01258	0.00832	0.00688	0.00481	0.00227	0.00610	0.00422	0.00446	0.00826
79	0.01489	0.03840	0.70064	0.02116	0.03213	0.01724	0.02743	0.02351	0.01567	0.02351	0.01332	0.01567	0.00940	0.00705	0.00705	0.00235	0.01097	0.00549	0.00313	0.01097
80	0.01728	0.01277	0.01639	0.08641	0.04102	0.04533	0.01210	0.04730	0.05396	0.12591	0.04884	0.16922	0.02401	0.03914	0.10706	0.00405	0.12465	0.01026	0.00570	0.00859
81	0.01043	0.00724	0.00822	0.00824	0.00875	0.00701	0.00499	0.01106	0.01271	0.01679	0.09416	0.08322	0.11719	0.54532	0.03002	0.00594	0.00627	0.01214	0.00526	0.00503
82	0.00904	0.00646	0.00861	0.01034	0.01077	0.00603	0.00689	0.01034	0.01421	0.01895	0.04092	0.73426	0.04910	0.02326	0.00948	0.00301	0.00431	0.02110	0.00689	0.00603
83	0.01985	0.74357	0.03890	0.01270	0.01905	0.02937	0.01270	0.02223	0.01508	0.01747	0.01032	0.01191	0.00953	0.00635	0.00476	0.00159	0.00794	0.00397	0.00318	0.00953
84	0.01061	0.00795	0.01193	0.01193	0.01326	0.00928	0.00928	0.01326	0.01193	0.01723	0.01988	0.02916	0.01856	0.05568	0.70968	0.01193	0.01988	0.00795	0.00398	0.00663
85	0.79154	0.01436	0.01091	0.00976	0.01436	0.01665	0.00804	0.02182	0.01263	0.03331	0.01034	0.01206	0.00804	0.00689	0.00459	0.00230	0.00574	0.00402	0.00459	0.00804
86	0.01846	0.01595	0.01679	0.01511	0.01930	0.01846	0.01175	0.03945	0.67938	0.03105	0.03022	0.02770	0.02266	0.01007	0.00755	0.00252	0.00588	0.00839	0.00755	0.01175
87	0.79154	0.01436	0.01091	0.00976	0.01436	0.01665	0.00804	0.02182	0.01263	0.03331	0.01034	0.01206	0.00804	0.00689	0.00459	0.00230	0.00574	0.00402	0.00459	0.00804
88	0.02651	0.01995	0.02132	0.01674	0.02237	0.02223	0.01370	0.55813	0.14759	0.04404	0.01999	0.01955	0.01438	0.00911	0.00745	0.00228	0.00777	0.00698	0.00745	0.01247
89	0.79154	0.01436	0.01091	0.00976	0.01436	0.01665	0.00804	0.02182	0.01263	0.03331	0.01034	0.01206	0.00804	0.00689	0.00459	0.00230	0.00574	0.00402	0.00459	0.00804
90	0.00920	0.00754	0.00812	0.00797	0.01029	0.00645	0.00598	0.01149	0.01794	0.02247	0.22781	0.06747	0.53567	0.01790	0.00877	0.00246	0.00370	0.01511	0.00721	0.00645
91	0.00904	0.00646	0.00861	0.01034	0.01077	0.00603	0.00689	0.01034	0.01421	0.01895	0.04092	0.73426	0.04910	0.02326	0.00948	0.00301	0.00431	0.02110	0.00689	0.00603
92	0.03290	0.01329	0.01763	0.01352	0.01928	0.01188	0.01117	0.08682	0.02234	0.64575	0.02837	0.02467	0.01792	0.00917	0.00746	0.00229	0.00647	0.00740	0.00905	0.01263
93	0.00877	0.00752	0.00752	0.00752	0.01003	0.00627	0.00564	0.01065	0.01692	0.02005	0.07520	0.07144	0.68978	0.01880	0.00877	0.00251	0.00376	0.01567	0.00689	0.00627
94	0.03277	0.01275	0.01721	0.01328	0.01896	0.01119	0.01094	0.03630	0.04514	0.67372	0.02932	0.02536	0.01853	0.00922	0.00747	0.00231	0.00630	0.00750	0.00913	0.01260
95	0.03303	0.01308	0.01750	0.01342	0.01917	0.01157	0.01108	0.07047	0.02199	0.66260	0.02867	0.02486	0.01806	0.00917	0.00746	0.00229	0.00642	0.00742	0.00909	0.01263
96	0.00914	0.00654	0.00870	0.01027	0.01079	0.00609	0.00690	0.01058	0.01466	0.01967	0.08390	0.68923	0.05049	0.02272	0.00943	0.00297	0.00425	0.02059	0.00698	0.00609
97	0.01837	0.01764	0.03013	0.04557	0.69279	0.01764	0.02278	0.02278	0.01690	0.02425	0.01396	0.01837	0.01176	0.00661	0.00735	0.00220	0.00882	0.00661	0.00367	0.01176
98	0.01064	0.00713	0.00814	0.00830	0.00834	0.00709	0.00472	0.01075	0.01111	0.01481	0.02499	0.11131	0.02901	0.67361	0.03519	0.00681	0.00693	0.01174	0.00472	0.00464
99	0.79154	0.01436	0.01091	0.00976	0.01436	0.01665	0.00804	0.02182	0.01263	0.03331	0.01034	0.01206	0.00804	0.00689	0.00459	0.00230	0.00574	0.00402	0.00459	0.00804
100	0.07446	0.01273	0.01689	0.01302	0.01870	0.01122	0.01076	0.03540	0.02078	0.66187	0.02826	0.02455	0.01782	0.00906	0.00731	0.00230	0.00629	0.00728	0.00894	0.01238
101	0.03105	0.04498	0.04443	0.01395	0.01988	0.01341	0.01197	0.10029	0.04336	0.55565	0.02674	0.02366	0.01722	0.00899	0.00734	0.00227	0.00674	0.00719	0.00848	0.01241
102	0.01546	0.01126	0.01330	0.01324	0.05186	0.01174	0.00875	0.18811	0.01852	0.02486	0.02595	0.21817	0.02805	0.31349	0.02047	0.00448	0.00679	0.01215	0.00587	0.00750
103	0.02932	0.01904	0.02119	0.01625	0.02215	0.02041	0.01342	0.53199	0.03196	0.18699	0.02029	0.01943	0.01386	0.00897	0.00743	0.00224	0.00777	0.00685	0.00781	0.01263
104	0.01198	0.00791	0.01039	0.00959	0.01160	0.00726	0.00726	0.01544	0.02103	0.07282	0.64638	0.05351	0.06672	0.01479	0.00867	0.00233	0.00368	0.01304	0.00824	0.00737
105	0.79154	0.01436	0.01091	0.00976	0.01436	0.01665	0.00804	0.02182	0.01263	0.03331	0.01034	0.01206	0.00804	0.00689	0.00459	0.00230	0.00574	0.00402	0.00459	0.00804
106	0.00981	0.00742	0.00841	0.00830	0.00987	0.00671	0.00579	0.01166	0.01645	0.02140	0.24033	0.08475	0.31482	0.20312	0.01625	0.00368	0.00459	0.01395	0.00665	0.00602
107	0.01985	0.74357	0.03890	0.01270	0.01905	0.02937	0.01270	0.02223	0.01508	0.01747	0.01032	0.01191	0.00953	0.00635	0.00476	0.00159	0.00794	0.00397	0.00318	0.00953
108	0.00922	0.00754	0.00814	0.00799	0.01030	0.00646	0.00599	0.01152	0.01797	0.02255	0.23312	0.06733	0.53030	0.01787	0.00877	0.00246	0.00369	0.01509	0.00722	0.00646
109	0.01966	0.71695	0.06388	0.01302	0.01955	0.02892	0.01326	0.02228	0.01511	0.01769	0.01043	0.01205	0.00952	0.00638	0.00485	0.00162	0.00805	0.00403	0.00317	0.00958
110	0.01704	0.01417	0.01628	0.01178	0.01829	0.01158	0.00948	0.10206	0.01790	0.02709	0.01379	0.01571	0.01120	0.00594	0.00575	0.00124	0.00584	0.00469	0.00479	0.68538
111	0.01551	0.01863	0.09145	0.02589	0.03216	0.01589	0.46606	0.02093	0.01672	0.02278	0.02057	0.15849	0.01931	0.01001	0.00880	0.00262	0.01064	0.02992	0.00440	0.00923
112	0.03331	0.01263	0.01723	0.01321	0.01895	0.01091	0.01091	0.03618	0.02125	0.69794	0.02929	0.02527	0.01838	0.00919	0.00747	0.00230	0.00632	0.00747	0.00919	0.01263
113	0.00891	0.00753	0.00771	0.00766	0.01011	0.00632	0.00575	0.01091	0.01724	0.02080	0.12260	0.07021	0.64191	0.01852	0.00877	0.00249	0.00374	0.01549	0.00699	0.00632
114	0.01994	0.01976	0.11222	0.01976	0.10472	0.03915	0.01537	0.06310	0.40171	0.08569	0.02468	0.02381	0.01828	0.00903	0.00742	0.00241	0.00731	0.00751	0.00649	0.01166
115	0.02913	0.01933	0.02137	0.01639	0.02229	0.02085	0.01354	0.55487	0.03246	0.16342	0.01988	0.01916	0.01366	0.00896	0.00743	0.00224	0.00784	0.00682	0.00774	0.01263
116	0.07446	0.01273	0.01689	0.01302	0.01870	0.01122	0.01076	0.03540	0.02078	0.66187	0.02826	0.02455	0.01782	0.00906	0.00731	0.00230	0.00629	0.00728	0.00894	0.01238
117	0.01782	0.01598	0.02237	0.33392	0.03504	0.03917	0.05224	0.15852	0.04167	0.02537	0.01654	0.02097	0.03238	0.01105	0.04093	0.00294	0.11226	0.00707	0.00450	0.00926
118	0.01518	0.01525	0.02735	0.02283	0.06094	0.01721	0.24017	0.01886	0.01397	0.02008	0.01472	0.02139	0.01292	0.02259	0.21521	0.00543	0.23599	0.00771	0.00366	0.00855
119	0.02773	0.03538	0.02104	0.01913	0.02295	0.70930	0.01434	0.02964	0.02104	0.01817	0.01148	0.01339	0.00956	0.00765	0.00669	0.00191	0.01339	0.00478	0.00383	0.00861
120	0.03331	0.01263	0.01723	0.01321	0.01895	0.01091	0.01091	0.03618	0.02125	0.69794	0.02929	0.02527	0.01838	0.00919	0.00747	0.00230	0.00632	0.00747	0.00919	0.01263
121	0.02717	0.01526	0.04888	0.01425	0.01967	0.01414	0.01202	0.10994	0.17279	0.39933	0.06502	0.02622	0.02120	0.00960	0.00754	0.00234	0.00649	0.00783	0.00827	0.01203
122	0.00904	0.00649	0.00858	0.01025	0.01074	0.00604	0.00685	0.01035	0.01430	0.01899	0.04202	0.71294	0.06971	0.02311	0.00945	0.00300	0.00429	0.02093	0.00689	0.00604
123	0.02773	0.03538	0.02104	0.01913	0.02295	0.70930	0.01434	0.02964	0.02104	0.01817	0.01148	0.01339	0.00956	0.00765	0.00669	0.00191	0.01339	0.00478	0.00383	0.00861
124	0.02690	0.08094	0.02251	0.01961	0.04564	0.64128	0.01453	0.02893	0.02051	0.01833	0.01149	0.01346	0.00964	0.00753	0.00659	0.00190	0.01288	0.00479	0.00378	0.00877
125	0.00890	0.00756	0.00769	0.00775	0.01023	0.00635	0.00588	0.01083	0.01693	0.02014	0.07384	0.07191	0.66511	0.01887	0.00883	0.00254	0.00388	0.03958	0.00689	0.00629
126	0.38559	0.04629	0.13551	0.07307	0.02236	0.01673	0.03288	0.04437	0.04012	0.02874	0.01261	0.01479	0.00967	0.00694	0.00572	0.00216	0.00735	0.00494	0.00434	0.10583
127	0.01494	0.01277	0.01566	0.01252	0.01691	0.01186	0.00991	0.04647	0.01534	0.02316	0.01742	0.12744	0.01706	0.01148	0.03597	0.00219	0.11746	0.00755	0.00473	0.47917
128	0.01678	0.21583	0.47141	0.02034	0.06618	0.04404	0.02298	0.02335	0.01578	0.02184	0.01253	0.01479	0.00957	0.00687	0.00648	0.00213	0.01016	0.00514	0.00320	0.01057
129	0.01768	0.02000	0.10725	0.06895	0.51166	0.03994	0.02185	0.02302	0.04066	0.02380	0.01691	0.02050	0.03995	0.00737	0.00736	0.00225	0.00896	0.00686	0.00387	0.01118
130	0.01029	0.00732	0.00987	0.01147	0.01237	0.00708	0.00869	0.01232	0.01509	0.01990	0.03908	0.43527	0.04510	0.07183	0.01174	0.00346	0.00548	0.26070	0.00670	0.00624
131	0.01563	0.02226	0.19989	0.02684	0.09264	0.01632	0.34676	0.02154	0.01649	0.02301	0.01851	0.12938	0.01671	0.00912	0.00832	0.00252	0.01052	0.00966	0.00408	0.00979
132	0.00911	0.00649	0.00860	0.01026	0.01068	0.00607	0.00681	0.01035	0.01409	0.01879	0.04031	0.71054	0.04834	0.04802	0.01045	0.00316	0.00441	0.02075	0.00681	0.00598
133	0.01683	0.01690	0.05260	0.13157	0.04418	0.04402	0.04484	0.08542	0.03826	0.02205	0.01388	0.01935	0.01190	0.01689	0.11704	0.00411	0.30054	0.00681	0.00399	0.00884
134	0.00904	0.00649	0.00858	0.01025	0.01074	0.00604	0.00685	0.01035	0.01430	0.01899	0.04201	0.71321	0.06944	0.02312	0.00945	0.00300	0.00429	0.02093	0.00689	0.00604
135	0.01377	0.00834	0.01060	0.00960	0.01202	0.00750	0.00730	0.01678	0.02001	0.13106	0.46326	0.05309	0.15979	0.04216	0.00965	0.00254	0.00412	0.01276	0.00799	0.00766
136	0.01947	0.01481	0.01695	0.01266	0.01886	0.01316	0.01021	0.14344	0.07546	0.08203	0.01676	0.01766	0.01286	0.00681	0.00619	0.00152	0.00609	0.00540	0.00561	0.51405
137	0.22910	0.01894	0.01880	0.01575	0.04425	0.04995	0.01238	0.40326	0.02653	0.03956	0.01704	0.01770	0.03215	0.00843	0.00662	0.00220	0.00755	0.00609	0.00626	0.03745
138	0.01909	0.11582	0.22128	0.02908	0.26133	0.13613	0.06819	0.02416	0.01708	0.02214	0.01299	0.01609	0.01041	0.00686	0.00694	0.00214	0.01037	0.00581	0.00349	0.01060
139	0.16647	0.07598	0.04627	0.01453	0.01895	0.20645	0.01181	0.05137	0.16651	0.02541	0.01795	0.05734	0.01535	0.04183	0.00788	0.00238	0.00831	0.00663	0.00510	0.05345
140	0.05061	0.01583	0.01671	0.08614	0.02098	0.05540	0.01162	0.29874	0.02450	0.07008	0.02588	0.02669	0.10019	0.00984	0.00703	0.00218	0.00700	0.00770	0.15302	0.00988

[dist]
# distance from previous block
# <min> <max>
4	26

[block]
# block no. 4 follows, 27 sequences, length 74
# corresponding to MSA columns:
# 395-468
name=unknown_E
#
# <colnr> <probs for GDERKNQSTAVLIFYWHMCP>
#	G	D	E	R	K	N	Q	S	T	A	V	L	I	F	Y	W	H	M	C	P
0	0.12941	0.05526	0.30291	0.08639	0.09603	0.08314	0.07150	0.02295	0.01577	0.02363	0.01302	0.01628	0.00999	0.00878	0.03269	0.00263	0.01046	0.00571	0.00356	0.00986
1	0.01715	0.01556	0.02136	0.14767	0.24675	0.04530	0.01646	0.04677	0.13473	0.02483	0.02104	0.02574	0.04335	0.00899	0.00797	0.00233	0.03488	0.03613	0.06380	0.03919
2	0.13697	0.10112	0.34022	0.01754	0.02527	0.10624	0.03960	0.02449	0.01654	0.07528	0.04167	0.01697	0.01249	0.00751	0.00656	0.00221	0.00956	0.00560	0.00414	0.01001
3	0.01893	0.01983	0.05917	0.03725	0.43996	0.05412	0.13144	0.04768	0.07091	0.02517	0.01543	0.01901	0.01236	0.00699	0.00756	0.00227	0.00952	0.00698	0.00412	0.01129
4	0.01067	0.00770	0.01065	0.01065	0.01153	0.00858	0.00768	0.01243	0.01155	0.01628	0.02106	0.03567	0.02138	0.28465	0.48458	0.01034	0.01563	0.00891	0.00415	0.00591
5	0.01985	0.74357	0.03890	0.01270	0.01905	0.02937	0.01270	0.02223	0.01508	0.01747	0.01032	0.01191	0.00953	0.00635	0.00476	0.00159	0.00794	0.00397	0.00318	0.00953
6	0.00999	0.00757	0.00921	0.00880	0.01078	0.00679	0.00660	0.01301	0.01980	0.02689	0.50691	0.06020	0.25381	0.01625	0.00876	0.00239	0.00358	0.01409	0.00779	0.00679
7	0.01025	0.00754	0.00959	0.00916	0.01095	0.00688	0.00684	0.01347	0.02028	0.02822	0.59200	0.08166	0.14371	0.01590	0.00878	0.00238	0.00356	0.01397	0.00797	0.00688
8	0.00938	0.00759	0.00836	0.00829	0.01055	0.00657	0.00629	0.01176	0.01802	0.02274	0.23714	0.06774	0.49513	0.01791	0.00884	0.00250	0.00383	0.04362	0.00723	0.00649
9	0.07232	0.01272	0.01690	0.01303	0.01871	0.01121	0.01076	0.03544	0.02080	0.66374	0.02831	0.02459	0.01784	0.00907	0.00732	0.00230	0.00629	0.00729	0.00895	0.01240
10	0.02773	0.03538	0.02104	0.01913	0.02295	0.70930	0.01434	0.02964	0.02104	0.01817	0.01148	0.01339	0.00956	0.00765	0.00669	0.00191	0.01339	0.00478	0.00383	0.00861
