[name]
unknown

[dist]
# distance from previous block
# <min> <max>
0	15

[block]
# block no. 0 follows, 31 sequences, length 18
# corresponding to MSA columns:
# 15-32
name=unknown_A
#
# <colnr> <probs for GDERKNQSTAVLIFYWHMCP>
#	G	D	E	R	K	N	Q	S	T	A	V	L	I	F	Y	W	H	M	C	P
0	0.04182	0.02064	0.24777	0.01856	0.02431	0.03947	0.19110	0.01920	0.01502	0.04204	0.07183	0.10459	0.01916	0.01171	0.04792	0.00280	0.04324	0.02616	0.00417	0.00851
1	0.01759	0.03785	0.16447	0.12038	0.24829	0.01522	0.07752	0.02319	0.05340	0.12756	0.03718	0.01907	0.01321	0.00701	0.00685	0.00213	0.00828	0.00640	0.00433	0.01006
2	0.01966	0.01967	0.22366	0.08153	0.05314	0.01424	0.03983	0.05676	0.12938	0.22317	0.02048	0.02262	0.01490	0.00821	0.00694	0.00223	0.00769	0.04001	0.00555	0.01032
3	0.01031	0.00902	0.01025	0.01124	0.05721	0.04750	0.00761	0.01242	0.01579	0.02025	0.19433	0.20797	0.29302	0.01706	0.03035	0.00261	0.02706	0.01353	0.00608	0.00639
4	0.00844	0.00608	0.00792	0.00927	0.00981	0.00565	0.00622	0.00971	0.01341	0.01782	0.06917	0.66145	0.08219	0.04604	0.00956	0.00286	0.00400	0.01853	0.00633	0.00556
5	0.01455	0.01850	0.17123	0.28948	0.20473	0.01563	0.05684	0.02101	0.07464	0.02088	0.01463	0.01976	0.01157	0.00715	0.00692	0.00223	0.00880	0.02864	0.00357	0.00926
6	0.01843	0.07834	0.28046	0.02079	0.02844	0.01603	0.26197	0.02407	0.01608	0.16535	0.01566	0.01745	0.01100	0.00659	0.00699	0.00215	0.00954	0.00642	0.00425	0.01001
7	0.01922	0.00912	0.01211	0.01015	0.01349	0.00807	0.00804	0.02210	0.01926	0.34492	0.36383	0.03917	0.07814	0.01164	0.00753	0.00214	0.00443	0.00997	0.00790	0.00879
8	0.00995	0.00663	0.00746	0.00746	0.00746	0.00663	0.00415	0.00995	0.00995	0.01327	0.02156	0.04477	0.02487	0.75957	0.03482	0.00663	0.00663	0.00995	0.00415	0.00415
9	0.80789	0.01323	0.01006	0.00900	0.01323	0.01535	0.00741	0.02011	0.01164	0.03070	0.00953	0.01111	0.00741	0.00635	0.00423	0.00212	0.00529	0.00370	0.00423	0.00741
10	0.12195	0.26119	0.29687	0.01519	0.02199	0.02021	0.01676	0.07650	0.01506	0.02247	0.01112	0.01310	0.00881	0.00684	0.00680	0.00199	0.06587	0.00460	0.00342	0.00925
11	0.02462	0.06749	0.02083	0.01502	0.02023	0.02081	0.01243	0.61242	0.02975	0.03971	0.01625	0.01761	0.01217	0.04903	0.00821	0.00226	0.00747	0.00620	0.00644	0.01104
12	0.02601	0.01916	0.02053	0.01574	0.02122	0.02122	0.01300	0.69408	0.03217	0.04312	0.01643	0.01643	0.01163	0.00821	0.00684	0.00205	0.00753	0.00616	0.00684	0.01163
13	0.01958	0.40429	0.16866	0.01456	0.02102	0.07484	0.01480	0.16681	0.01836	0.02309	0.01163	0.01294	0.00938	0.00658	0.00547	0.00175	0.00828	0.00453	0.00381	0.00960
14	0.04995	0.31813	0.08551	0.01420	0.02017	0.02290	0.01332	0.34384	0.02263	0.03006	0.01306	0.01389	0.01009	0.00706	0.00574	0.00183	0.00758	0.00498	0.00485	0.01021
15	0.06853	0.16976	0.45133	0.01682	0.02511	0.01869	0.01987	0.11246	0.01656	0.02411	0.01213	0.01384	0.00901	0.00660	0.00600	0.00201	0.00891	0.00485	0.00352	0.00989
16	0.19934	0.31723	0.10809	0.01265	0.01799	0.02053	0.01232	0.06841	0.05673	0.04099	0.01228	0.01372	0.00989	0.00692	0.00610	0.00190	0.05143	0.00457	0.03002	0.00886
17	0.07802	0.22126	0.25951	0.03394	0.02024	0.01651	0.01483	0.03433	0.01387	0.01986	0.01657	0.10282	0.03362	0.03461	0.04873	0.02424	0.00823	0.00687	0.00369	0.00825

[dist]
# distance from previous block
# <min> <max>
3	50

[block]
# block no. 1 follows, 31 sequences, length 38
# corresponding to MSA columns:
# 83-120
name=unknown_B
#
# <colnr> <probs for GDERKNQSTAVLIFYWHMCP>
#	G	D	E	R	K	N	Q	S	T	A	V	L	I	F	Y	W	H	M	C	P
0	0.30104	0.22308	0.08612	0.05639	0.02009	0.04576	0.03912	0.08522	0.04559	0.02529	0.01160	0.01328	0.00917	0.00657	0.00523	0.00195	0.00725	0.00457	0.00399	0.00869
1	0.09168	0.13821	0.17733	0.01742	0.06339	0.01618	0.11604	0.02035	0.03353	0.03646	0.01342	0.03517	0.01107	0.00867	0.03850	0.00230	0.03008	0.00568	0.00370	0.14080
2	0.02091	0.02323	0.08583	0.01673	0.05176	0.27531	0.01353	0.20435	0.06479	0.02573	0.02133	0.02401	0.08954	0.00917	0.00685	0.00206	0.00890	0.04180	0.00503	0.00913
3	0.01656	0.01357	0.01811	0.05317	0.05368	0.01445	0.04285	0.07654	0.08423	0.06186	0.01474	0.01753	0.01185	0.00864	0.01072	0.03736	0.17470	0.00577	0.03939	0.24427
4	0.01734	0.04968	0.11693	0.05077	0.10173	0.12846	0.01392	0.13492	0.06512	0.02511	0.10191	0.05315	0.06455	0.00925	0.00681	0.00207	0.00757	0.00753	0.03423	0.00895
5	0.01188	0.00594	0.00891	0.00891	0.00891	0.00594	0.00594	0.00891	0.00891	0.01188	0.01188	0.02080	0.01188	0.02377	0.02674	0.80095	0.00594	0.00594	0.00297	0.00297
6	0.01452	0.07025	0.59769	0.01874	0.02792	0.01588	0.05349	0.02165	0.01491	0.04803	0.04497	0.01646	0.01163	0.00685	0.00655	0.00213	0.00955	0.00553	0.00334	0.00989
7	0.01658	0.01377	0.02130	0.22919	0.05708	0.01399	0.12990	0.10899	0.01713	0.06111	0.01478	0.01806	0.01116	0.00662	0.00648	0.00190	0.00768	0.00607	0.07840	0.17982
8	0.00882	0.00728	0.00767	0.00752	0.00970	0.00643	0.00559	0.01150	0.04756	0.02003	0.16050	0.06085	0.55478	0.05025	0.00925	0.00248	0.00366	0.01362	0.00645	0.00603
9	0.02007	0.02184	0.19642	0.02353	0.20828	0.01800	0.01804	0.27981	0.04695	0.05599	0.01504	0.01661	0.01114	0.00738	0.00720	0.00212	0.02984	0.00595	0.00489	0.01089
10	0.05196	0.05590	0.52904	0.01995	0.06220	0.01642	0.06167	0.05775	0.01559	0.04890	0.01294	0.01496	0.00928	0.00657	0.00646	0.00213	0.00948	0.00530	0.00343	0.01006
11	0.00839	0.00694	0.00735	0.00725	0.00943	0.00590	0.00544	0.01040	0.01631	0.02018	0.19146	0.06305	0.59090	0.01669	0.00808	0.00228	0.00342	0.01405	0.00658	0.00590
12	0.05544	0.19212	0.02632	0.05322	0.31111	0.19262	0.01606	0.04026	0.01631	0.02030	0.01146	0.01422	0.00967	0.00637	0.00597	0.00185	0.00886	0.00502	0.00343	0.00940
13	0.80789	0.01323	0.01006	0.00900	0.01323	0.01535	0.00741	0.02011	0.01164	0.03070	0.00953	0.01111	0.00741	0.00635	0.00423	0.00212	0.00529	0.00370	0.00423	0.00741
14	0.00834	0.00595	0.00794	0.00953	0.00992	0.00556	0.00635	0.00953	0.01310	0.01746	0.03771	0.75510	0.04525	0.02143	0.00873	0.00278	0.00397	0.01945	0.00635	0.00556
15	0.01299	0.00695	0.00952	0.00917	0.00972	0.00710	0.00635	0.05949	0.01112	0.01545	0.01320	0.02092	0.01240	0.02113	0.02320	0.66689	0.00580	0.00600	0.07867	0.00393
16	0.00862	0.00624	0.00811	0.00949	0.01015	0.00583	0.00658	0.00999	0.01343	0.01766	0.03970	0.60535	0.10250	0.05029	0.00978	0.00292	0.00424	0.07727	0.00626	0.00559
17	0.01226	0.00636	0.00665	0.00680	0.00827	0.00636	0.00503	0.01524	0.01414	0.02449	0.02364	0.09374	0.02011	0.01044	0.02543	0.00197	0.00368	0.00762	0.70148	0.00629
18	0.04526	0.01482	0.02098	0.47153	0.15384	0.07046	0.01766	0.05406	0.01534	0.02029	0.01228	0.01702	0.00950	0.00671	0.00660	0.00212	0.00879	0.00578	0.00342	0.04352
19	0.04608	0.39818	0.02708	0.01409	0.01856	0.30490	0.01208	0.02271	0.01575	0.01675	0.01027	0.01267	0.00923	0.02873	0.00670	0.00182	0.03872	0.00423	0.00324	0.00821
20	0.00995	0.00663	0.00746	0.00746	0.00746	0.00663	0.00415	0.00995	0.00995	0.01327	0.02156	0.04477	0.02487	0.75957	0.03482	0.00663	0.00663	0.00995	0.00415	0.00415
21	0.00834	0.00595	0.00794	0.00953	0.00992	0.00556	0.00635	0.00953	0.01310	0.01746	0.03771	0.75510	0.04525	0.02143	0.00873	0.00278	0.00397	0.01945	0.00635	0.00556
22	0.02473	0.05831	0.02088	0.01520	0.02067	0.02082	0.01263	0.60395	0.05364	0.04021	0.01625	0.01635	0.01173	0.00798	0.00663	0.00198	0.00733	0.00598	0.00651	0.04821
23	0.01499	0.05121	0.01416	0.01022	0.01497	0.01035	0.00821	0.06079	0.04164	0.07609	0.07472	0.05359	0.12982	0.00895	0.00619	0.00159	0.00498	0.00736	0.00532	0.40486
24	0.04745	0.14472	0.08663	0.08893	0.02678	0.01905	0.20566	0.08384	0.01599	0.06991	0.01297	0.01611	0.01006	0.00743	0.00929	0.00222	0.13386	0.00610	0.00389	0.00910
25	0.01592	0.01862	0.07674	0.06132	0.02994	0.05039	0.38839	0.03655	0.01507	0.02056	0.01344	0.04646	0.01124	0.00799	0.01101	0.00244	0.17422	0.00755	0.00350	0.00867
26	0.01615	0.01845	0.04037	0.02884	0.03576	0.01730	0.69204	0.02191	0.01615	0.02191	0.01384	0.01845	0.01038	0.00577	0.00807	0.00231	0.01153	0.00807	0.00346	0.00923
27	0.02482	0.01801	0.02003	0.07067	0.02281	0.01996	0.01319	0.57507	0.06330	0.07657	0.01723	0.01738	0.01218	0.00817	0.00685	0.00209	0.00745	0.00627	0.00665	0.01129
28	0.01939	0.06274	0.01990	0.11657	0.06218	0.05731	0.01350	0.23824	0.08254	0.05915	0.01724	0.05821	0.01433	0.01110	0.04153	0.00263	0.08781	0.02102	0.00518	0.00944
29	0.00840	0.00611	0.00792	0.00922	0.00988	0.00564	0.00625	0.00977	0.01374	0.01820	0.08420	0.64349	0.11085	0.02056	0.00863	0.00269	0.00387	0.01851	0.00643	0.00564
30	0.00837	0.00601	0.00795	0.00943	0.00991	0.00559	0.00632	0.00964	0.01337	0.01781	0.06020	0.71387	0.06399	0.02108	0.00869	0.00275	0.00393	0.01909	0.00639	0.00559
31	0.02602	0.01771	0.01943	0.01496	0.02021	0.01921	0.01229	0.58193	0.02969	0.13078	0.01800	0.01839	0.01283	0.03646	0.00790	0.00223	0.00727	0.00640	0.00696	0.01135
32	0.02679	0.01662	0.01838	0.01444	0.01947	0.05457	0.01181	0.34492	0.07338	0.29420	0.02066	0.01938	0.01404	0.00843	0.00729	0.00211	0.02864	0.00644	0.00717	0.01126
33	0.00831	0.00690	0.00727	0.00726	0.00940	0.00586	0.00541	0.01023	0.01601	0.01967	0.15613	0.09017	0.59975	0.01703	0.00811	0.00231	0.00345	0.01435	0.00651	0.00586
34	0.01427	0.05850	0.15140	0.04181	0.02680	0.04988	0.31156	0.01890	0.01522	0.02033	0.03809	0.18309	0.01921	0.00974	0.00762	0.00231	0.00910	0.00974	0.00408	0.00835
35	0.02204	0.02493	0.04966	0.02207	0.12840	0.34360	0.10124	0.15129	0.02049	0.02351	0.01468	0.01664	0.03587	0.00732	0.00672	0.00196	0.01027	0.00586	0.00421	0.00924
36	0.01412	0.06051	0.63305	0.02011	0.02976	0.01644	0.08894	0.02165	0.01459	0.02149	0.01233	0.01470	0.00884	0.00641	0.00657	0.00215	0.01015	0.00529	0.00295	0.00998
37	0.61253	0.01748	0.05407	0.01232	0.04636	0.11979	0.00990	0.02129	0.01311	0.02777	0.00999	0.01174	0.00784	0.00645	0.00476	0.00206	0.00673	0.00399	0.00401	0.00779

[dist]
# distance from previous block
# <min> <max>
1	37

[block]
# block no. 2 follows, 31 sequences, length 13
# corresponding to MSA columns:
# 158-170
name=unknown_C
#
# <colnr> <probs for GDERKNQSTAVLIFYWHMCP>
#	G	D	E	R	K	N	Q	S	T	A	V	L	I	F	Y	W	H	M	C	P
0	0.00983	0.00658	0.00750	0.00761	0.00764	0.00655	0.00431	0.00992	0.01018	0.01358	0.02275	0.09715	0.02638	0.70513	0.03290	0.00635	0.00644	0.01065	0.00431	0.00425
1	0.07679	0.01352	0.01504	0.01329	0.03691	0.01442	0.01025	0.15800	0.25198	0.09404	0.10029	0.02724	0.04049	0.00945	0.00678	0.00213	0.00559	0.03165	0.02754	0.06462
2	0.01700	0.08643	0.39030	0.01997	0.06105	0.12742	0.08303	0.06867	0.01678	0.02222	0.03642	0.01575	0.01110	0.00682	0.00652	0.00205	0.00986	0.00551	0.00350	0.00961
3	0.02079	0.07101	0.09700	0.01296	0.01810	0.01329	0.01159	0.11848	0.07150	0.25198	0.02255	0.13241	0.01853	0.00969	0.00673	0.00206	0.00626	0.00801	0.00624	0.10084
4	0.02449	0.01905	0.02359	0.01776	0.02346	0.02061	0.11774	0.59040	0.02970	0.03985	0.01603	0.01674	0.01144	0.00784	0.00703	0.00209	0.00815	0.00645	0.00632	0.01126
5	0.01712	0.01633	0.04481	0.01577	0.01883	0.05934	0.06248	0.19908	0.01872	0.02507	0.05059	0.02637	0.14364	0.01109	0.01238	0.00243	0.25466	0.00789	0.00490	0.00850
6	0.02286	0.02865	0.01747	0.01598	0.01931	0.62007	0.01198	0.02462	0.01880	0.01701	0.01963	0.02059	0.11760	0.00864	0.00646	0.00185	0.01097	0.00595	0.00396	0.00760
7	0.01494	0.01653	0.03537	0.02586	0.03177	0.01549	0.58628	0.02000	0.01568	0.02123	0.01752	0.13208	0.01576	0.00818	0.00818	0.00238	0.01037	0.00983	0.00391	0.00866
8	0.02895	0.01128	0.01519	0.01177	0.01683	0.00973	0.00968	0.03153	0.01927	0.66745	0.03025	0.02656	0.07065	0.00915	0.00697	0.00213	0.00564	0.00746	0.00830	0.01119
9	0.01102	0.00787	0.01102	0.01260	0.01417	0.00787	0.01102	0.01417	0.01575	0.02047	0.03622	0.07717	0.03937	0.01890	0.00945	0.00315	0.00630	0.67084	0.00630	0.00630
10	0.01292	0.01216	0.02052	0.74312	0.04712	0.01520	0.01900	0.01748	0.01368	0.01748	0.01216	0.01824	0.00912	0.00684	0.00684	0.00228	0.00912	0.00608	0.00304	0.00760
11	0.00995	0.00663	0.00746	0.00746	0.00746	0.00663	0.00415	0.00995	0.00995	0.01327	0.02156	0.04477	0.02487	0.75957	0.03482	0.00663	0.00663	0.00995	0.00415	0.00415
12	0.80789	0.01323	0.01006	0.00900	0.01323	0.01535	0.00741	0.02011	0.01164	0.03070	0.00953	0.01111	0.00741	0.00635	0.00423	0.00212	0.00529	0.00370	0.00423	0.00741

[dist]
# distance from previous block
# <min> <max>
0	2

[block]
# block no. 3 follows, 31 sequences, length 16
# corresponding to MSA columns:
# 173-188
name=unknown_D
#
# <colnr> <probs for GDERKNQSTAVLIFYWHMCP>
#	G	D	E	R	K	N	Q	S	T	A	V	L	I	F	Y	W	H	M	C	P
0	0.01995	0.49355	0.03000	0.01385	0.01857	0.19329	0.01242	0.04411	0.01548	0.01718	0.00994	0.01186	0.00890	0.00681	0.00663	0.00170	0.07985	0.00414	0.00320	0.00855
1	0.00834	0.00595	0.00794	0.00953	0.00992	0.00556	0.00635	0.00953	0.01310	0.01746	0.03771	0.75510	0.04525	0.02143	0.00873	0.00278	0.00397	0.01945	0.00635	0.00556
2	0.01419	0.01216	0.01419	0.01013	0.01621	0.00912	0.00811	0.01723	0.01419	0.02229	0.01216	0.01419	0.01013	0.00507	0.00507	0.00101	0.00507	0.00405	0.00405	0.80139
3	0.14896	0.01494	0.03293	0.01280	0.01733	0.04097	0.01058	0.20935	0.07712	0.15363	0.01930	0.05687	0.01533	0.01172	0.05725	0.00270	0.00726	0.02807	0.00600	0.07689
4	0.01188	0.00594	0.00891	0.00891	0.00891	0.00594	0.00594	0.00891	0.00891	0.01188	0.01188	0.02080	0.01188	0.02377	0.02674	0.80095	0.00594	0.00594	0.00297	0.00297
5	0.03070	0.01164	0.01588	0.01217	0.01746	0.01006	0.01006	0.03334	0.01958	0.72163	0.02699	0.02329	0.01694	0.00847	0.00688	0.00212	0.00582	0.00688	0.00847	0.01164
6	0.01392	0.01085	0.01254	0.01196	0.04368	0.01088	0.00871	0.04936	0.22480	0.06072	0.13255	0.10401	0.18762	0.01230	0.00734	0.00218	0.00471	0.01049	0.00649	0.08487
7	0.01539	0.06984	0.48858	0.01972	0.07481	0.04506	0.03906	0.05484	0.01560	0.02235	0.01234	0.01452	0.00916	0.00639	0.00631	0.00199	0.00933	0.00506	0.00328	0.08636
8	0.00839	0.00611	0.00791	0.00922	0.00987	0.00563	0.00625	0.00975	0.01370	0.01814	0.07998	0.64801	0.11061	0.02061	0.00863	0.00270	0.00388	0.01856	0.00642	0.00563
9	0.02612	0.01827	0.01989	0.01533	0.02072	0.01998	0.01264	0.60530	0.05657	0.10800	0.01788	0.01743	0.01250	0.00828	0.00685	0.00207	0.00728	0.00629	0.00700	0.01160
10	0.01879	0.25768	0.02421	0.07490	0.02060	0.12744	0.01281	0.10685	0.08291	0.02086	0.01304	0.01625	0.01118	0.04534	0.01008	0.00226	0.13676	0.00540	0.00398	0.00866
11	0.05570	0.01667	0.01889	0.01494	0.01965	0.01811	0.04560	0.51514	0.02735	0.03720	0.02097	0.11293	0.04550	0.01009	0.00709	0.00217	0.00701	0.00820	0.00648	0.01031
12	0.00830	0.00694	0.00723	0.00716	0.00938	0.00587	0.00537	0.01024	0.01611	0.01971	0.15771	0.06382	0.62494	0.01687	0.00808	0.00229	0.00343	0.01416	0.00651	0.00587
13	0.01343	0.01272	0.02039	0.46753	0.09110	0.01601	0.01739	0.01705	0.01297	0.01757	0.01256	0.04091	0.01070	0.01032	0.04156	0.00281	0.17755	0.00653	0.00319	0.00770
14	0.01414	0.05223	0.52092	0.09063	0.08245	0.01663	0.02303	0.02072	0.01410	0.02069	0.01194	0.01494	0.00891	0.00696	0.00787	0.00222	0.07375	0.00527	0.00295	0.00966
15	0.01878	0.01300	0.03670	0.01187	0.01557	0.04214	0.00967	0.13362	0.11445	0.17987	0.20741	0.06199	0.06469	0.01083	0.00719	0.00214	0.00545	0.00904	0.04645	0.00914

[dist]
# distance from previous block
# <min> <max>
1	20

[block]
# block no. 4 follows, 31 sequences, length 29
# corresponding to MSA columns:
# 210-238
name=unknown_E
#
# <colnr> <probs for GDERKNQSTAVLIFYWHMCP>
#	G	D	E	R	K	N	Q	S	T	A	V	L	I	F	Y	W	H	M	C	P
0	0.16743	0.22013	0.04519	0.01502	0.07157	0.01966	0.01218	0.20726	0.04624	0.11292	0.01459	0.01512	0.01092	0.00708	0.00569	0.00192	0.00690	0.00513	0.00510	0.00994
1	0.01567	0.03828	0.13686	0.02381	0.26025	0.03803	0.01618	0.07635	0.05308	0.02358	0.10810	0.05266	0.02012	0.04827	0.00941	0.00240	0.05575	0.00747	0.00446	0.00926
2	0.09153	0.13792	0.24971	0.03729	0.06177	0.11891	0.04228	0.08696	0.01662	0.02274	0.01459	0.04434	0.03216	0.00751	0.00617	0.00202	0.00877	0.00578	0.00379	0.00912
3	0.04317	0.07806	0.06352	0.01369	0.05351	0.01321	0.01097	0.10323	0.06898	0.18542	0.06111	0.11908	0.02080	0.03890	0.00776	0.00221	0.00607	0.00812	0.00593	0.09628
4	0.01396	0.00917	0.01027	0.02681	0.01243	0.00894	0.00700	0.07297	0.03754	0.02496	0.01924	0.02301	0.01561	0.03951	0.06447	0.00249	0.00551	0.00611	0.42405	0.17594
5	0.01100	0.00861	0.01109	0.00994	0.01261	0.00761	0.04270	0.03871	0.01625	0.04125	0.16487	0.22097	0.25266	0.01488	0.00776	0.00221	0.00441	0.01304	0.00618	0.11325
6	0.00935	0.00635	0.00776	0.00855	0.00886	0.00616	0.00543	0.01014	0.01179	0.01597	0.02962	0.37649	0.03457	0.35958	0.02057	0.00451	0.00524	0.03645	0.03765	0.00497
7	0.01524	0.01279	0.01475	0.01063	0.01666	0.01020	0.00854	0.07778	0.01579	0.02416	0.01254	0.01439	0.01027	0.00535	0.00523	0.00111	0.00529	0.00424	0.00430	0.73074
8	0.02054	0.01523	0.02076	0.04007	0.02199	0.01491	0.12165	0.26434	0.02163	0.12232	0.01766	0.06656	0.01393	0.00792	0.00674	0.00191	0.00717	0.00694	0.00567	0.20204
9	0.01911	0.35163	0.13095	0.01692	0.05133	0.20556	0.04797	0.02225	0.01535	0.01765	0.01051	0.01272	0.00895	0.00666	0.00662	0.00181	0.05758	0.00453	0.00313	0.00878
10	0.00831	0.00605	0.00784	0.00928	0.00986	0.00558	0.00624	0.00955	0.01334	0.01756	0.04076	0.68857	0.10981	0.02104	0.00867	0.00273	0.00392	0.01897	0.00635	0.00558
11	0.00853	0.00612	0.00804	0.00950	0.01002	0.00573	0.00646	0.00980	0.01323	0.01751	0.03838	0.66257	0.07302	0.04929	0.00974	0.00292	0.00417	0.05317	0.00626	0.00555
12	0.07875	0.00903	0.01359	0.01257	0.03966	0.00943	0.07434	0.01360	0.01109	0.04339	0.01360	0.02088	0.01241	0.05329	0.01992	0.44207	0.05475	0.00624	0.06618	0.00520
13	0.01292	0.01216	0.02052	0.74312	0.04712	0.01520	0.01900	0.01748	0.01368	0.01748	0.01216	0.01824	0.00912	0.00684	0.00684	0.00228	0.00912	0.00608	0.00304	0.00760
14	0.01420	0.06947	0.63434	0.02093	0.08440	0.01646	0.02427	0.02155	0.01451	0.02145	0.01219	0.01447	0.00885	0.00644	0.00642	0.00212	0.00981	0.00507	0.00293	0.01010
15	0.01419	0.01216	0.01419	0.01013	0.01621	0.00912	0.00811	0.01723	0.01419	0.02229	0.01216	0.01419	0.01013	0.00507	0.00507	0.00101	0.00507	0.00405	0.00405	0.80139
16	0.00867	0.00612	0.00773	0.00897	0.00956	0.00571	0.00598	0.00990	0.01310	0.01758	0.03830	0.59853	0.10014	0.08393	0.01073	0.00301	0.00412	0.01756	0.04486	0.00549
17	0.00995	0.00663	0.00746	0.00746	0.00746	0.00663	0.00415	0.00995	0.00995	0.01327	0.02156	0.04477	0.02487	0.75957	0.03482	0.00663	0.00663	0.00995	0.00415	0.00415
18	0.01915	0.67749	0.03391	0.01240	0.01798	0.11020	0.01188	0.02129	0.01455	0.01617	0.00964	0.01114	0.00878	0.00599	0.00460	0.00150	0.00791	0.00375	0.00300	0.00868
19	0.01615	0.01845	0.04037	0.02884	0.03576	0.01730	0.69204	0.02191	0.01615	0.02191	0.01384	0.01845	0.01038	0.00577	0.00807	0.00231	0.01153	0.00807	0.00346	0.00923
20	0.00892	0.00635	0.00852	0.01005	0.01066	0.00605	0.00718	0.01044	0.01350	0.01789	0.03683	0.59762	0.04336	0.04799	0.00983	0.00299	0.00452	0.14540	0.00626	0.00565
21	0.00809	0.00693	0.00693	0.00693	0.00924	0.00578	0.00520	0.00982	0.01559	0.01848	0.06931	0.06584	0.71411	0.01733	0.00809	0.00231	0.00347	0.01444	0.00635	0.00578
22	0.01312	0.00823	0.01052	0.00977	0.01193	0.00785	0.00737	0.01753	0.08547	0.12293	0.44506	0.15447	0.05062	0.01392	0.00790	0.00226	0.00392	0.01225	0.00742	0.00747
23	0.02556	0.03261	0.01939	0.01763	0.02115	0.73210	0.01322	0.02732	0.01939	0.01674	0.01058	0.01234	0.00881	0.00705	0.00617	0.00176	0.01234	0.00441	0.00353	0.00793
24	0.01234	0.00887	0.01142	0.04089	0.03001	0.00885	0.00862	0.09119	0.01835	0.04450	0.29961	0.16930	0.07303	0.04850	0.00933	0.00260	0.00487	0.10406	0.00662	0.00703
25	0.00977	0.00733	0.01100	0.01100	0.01222	0.00855	0.00855	0.01222	0.01100	0.01588	0.01833	0.02688	0.01710	0.05131	0.73245	0.01100	0.01833	0.00733	0.00367	0.00611
26	0.01593	0.01791	0.03788	0.05310	0.03452	0.01756	0.60602	0.02126	0.01554	0.02126	0.01333	0.01813	0.01021	0.00638	0.00935	0.00237	0.07903	0.00781	0.00340	0.00901
27	0.01419	0.01216	0.01419	0.01013	0.01621	0.00912	0.00811	0.01723	0.01419	0.02229	0.01216	0.01419	0.01013	0.00507	0.00507	0.00101	0.00507	0.00405	0.00405	0.80139
28	0.75746	0.03596	0.01104	0.00919	0.01351	0.01552	0.00763	0.02057	0.01198	0.05378	0.01012	0.01152	0.00778	0.00641	0.00433	0.00210	0.00537	0.00381	0.00434	0.00759

[dist]
# distance from previous block
# <min> <max>
0	10

[block]
# block no. 5 follows, 31 sequences, length 33
# corresponding to MSA columns:
# 249-281
name=unknown_F
#
# <colnr> <probs for GDERKNQSTAVLIFYWHMCP>
#	G	D	E	R	K	N	Q	S	T	A	V	L	I	F	Y	W	H	M	C	P
0	0.01382	0.03471	0.69685	0.01987	0.02986	0.01594	0.05187	0.02168	0.01451	0.02168	0.01234	0.01460	0.00873	0.00647	0.00656	0.00217	0.01017	0.00518	0.00291	0.01008
1	0.80789	0.01323	0.01006	0.00900	0.01323	0.01535	0.00741	0.02011	0.01164	0.03070	0.00953	0.01111	0.00741	0.00635	0.00423	0.00212	0.00529	0.00370	0.00423	0.00741
2	0.00809	0.00693	0.00693	0.00693	0.00924	0.00578	0.00520	0.00982	0.01559	0.01848	0.06931	0.06584	0.71411	0.01733	0.00809	0.00231	0.00347	0.01444	0.00635	0.00578
3	0.01275	0.00638	0.00638	0.00638	0.00797	0.00638	0.00478	0.01594	0.01435	0.02551	0.02232	0.02551	0.01754	0.00797	0.00478	0.00159	0.00319	0.00638	0.79755	0.00638
4	0.02567	0.01180	0.01536	0.01155	0.01708	0.00977	0.00946	0.02844	0.01794	0.50881	0.02248	0.02052	0.01487	0.00743	0.00633	0.00178	0.00559	0.00602	0.00712	0.25197
5	0.01497	0.01497	0.02095	0.01796	0.01796	0.02095	0.01497	0.01646	0.01048	0.01646	0.00898	0.01497	0.00898	0.01197	0.02245	0.00299	0.74704	0.00599	0.00299	0.00748
6	0.00949	0.00699	0.00888	0.00841	0.01010	0.00637	0.00630	0.01254	0.01891	0.02636	0.63582	0.05288	0.14268	0.01439	0.00807	0.00217	0.00326	0.01262	0.00739	0.00637
7	0.01829	0.76368	0.03585	0.01171	0.01756	0.02707	0.01171	0.02049	0.01390	0.01610	0.00951	0.01097	0.00878	0.00585	0.00439	0.00146	0.00732	0.00366	0.00293	0.00878
8	0.00834	0.00595	0.00794	0.00953	0.00992	0.00556	0.00635	0.00953	0.01310	0.01746	0.03771	0.75510	0.04525	0.02143	0.00873	0.00278	0.00397	0.01945	0.00635	0.00556
9	0.01008	0.00720	0.00994	0.01152	0.01268	0.00706	0.00938	0.01254	0.01482	0.01942	0.03674	0.31533	0.04144	0.01979	0.00920	0.00302	0.00548	0.44201	0.00632	0.00604
10	0.01291	0.01193	0.01995	0.71367	0.04555	0.01485	0.01843	0.01742	0.01371	0.01780	0.01257	0.01853	0.00946	0.00689	0.00676	0.00225	0.00888	0.00609	0.03480	0.00755
11	0.00995	0.00663	0.00746	0.00746	0.00746	0.00663	0.00415	0.00995	0.00995	0.01327	0.02156	0.04477	0.02487	0.75957	0.03482	0.00663	0.00663	0.00995	0.00415	0.00415
12	0.04936	0.08930	0.64050	0.01845	0.02797	0.01671	0.02346	0.02151	0.01428	0.02165	0.01195	0.01403	0.00862	0.00644	0.00624	0.00211	0.00969	0.00489	0.00295	0.00989
13	0.01829	0.76368	0.03585	0.01171	0.01756	0.02707	0.01171	0.02049	0.01390	0.01610	0.00951	0.01097	0.00878	0.00585	0.00439	0.00146	0.00732	0.00366	0.00293	0.00878
14	0.76515	0.01314	0.01038	0.00917	0.01346	0.01506	0.00755	0.02084	0.01208	0.06869	0.01049	0.01178	0.00793	0.00647	0.00438	0.00212	0.00532	0.00388	0.00447	0.00764
15	0.00809	0.00693	0.00693	0.00693	0.00924	0.00578	0.00520	0.00982	0.01559	0.01848	0.06931	0.06584	0.71411	0.01733	0.00809	0.00231	0.00347	0.01444	0.00635	0.00578
16	0.06153	0.01171	0.01565	0.01205	0.01730	0.01027	0.00995	0.03282	0.01927	0.69421	0.02630	0.02280	0.01656	0.00838	0.00677	0.00212	0.00580	0.00675	0.00830	0.01147
17	0.00810	0.00689	0.00697	0.00704	0.00927	0.00577	0.00525	0.00981	0.01549	0.01844	0.06798	0.09477	0.68604	0.01750	0.00811	0.00233	0.00349	0.01465	0.00635	0.00577
18	0.00936	0.00679	0.00882	0.00871	0.01012	0.00626	0.00638	0.01214	0.01802	0.02517	0.55812	0.18438	0.08904	0.01553	0.00819	0.00228	0.00338	0.01380	0.00726	0.00626
19	0.02601	0.01916	0.02053	0.01574	0.02122	0.02122	0.01300	0.69408	0.03217	0.04312	0.01643	0.01643	0.01163	0.00821	0.00684	0.00205	0.00753	0.00616	0.00684	0.01163
20	0.00834	0.00595	0.00794	0.00953	0.00992	0.00556	0.00635	0.00953	0.01310	0.01746	0.03771	0.75510	0.04525	0.02143	0.00873	0.00278	0.00397	0.01945	0.00635	0.00556
21	0.01391	0.06513	0.69601	0.01918	0.02912	0.01635	0.02472	0.02162	0.01442	0.02144	0.01216	0.01430	0.00867	0.00647	0.00641	0.00214	0.01000	0.00500	0.00289	0.01006
22	0.02601	0.01916	0.02053	0.01574	0.02122	0.02122	0.01300	0.69408	0.03217	0.04312	0.01643	0.01643	0.01163	0.00821	0.00684	0.00205	0.00753	0.00616	0.00684	0.01163
23	0.02263	0.07366	0.02018	0.01419	0.01977	0.01896	0.01180	0.47884	0.04846	0.03620	0.01537	0.01583	0.01140	0.00740	0.00629	0.00180	0.00692	0.00557	0.00596	0.17876
24	0.01275	0.00638	0.00638	0.00638	0.00797	0.00638	0.00478	0.01594	0.01435	0.02551	0.02232	0.02551	0.01754	0.00797	0.00478	0.00159	0.00319	0.00638	0.79755	0.00638
25	0.00954	0.00699	0.00895	0.00846	0.01013	0.00640	0.00634	0.01264	0.01903	0.02665	0.65678	0.05240	0.12154	0.01428	0.00807	0.00217	0.00325	0.01255	0.00743	0.00640
26	0.01102	0.00787	0.01102	0.01260	0.01417	0.00787	0.01102	0.01417	0.01575	0.02047	0.03622	0.07717	0.03937	0.01890	0.00945	0.00315	0.00630	0.67084	0.00630	0.00630
27	0.01460	0.04410	0.02107	0.11985	0.02181	0.01990	0.01513	0.01655	0.01115	0.01662	0.01036	0.03871	0.01014	0.01130	0.01909	0.00283	0.58984	0.00633	0.00310	0.00749
28	0.00995	0.00663	0.00746	0.00746	0.00746	0.00663	0.00415	0.00995	0.00995	0.01327	0.02156	0.04477	0.02487	0.75957	0.03482	0.00663	0.00663	0.00995	0.00415	0.00415
29	0.02074	0.01655	0.01757	0.01468	0.01921	0.01876	0.01173	0.30879	0.42603	0.03462	0.02312	0.02176	0.01705	0.00884	0.00691	0.00221	0.00629	0.00708	0.00691	0.01116
30	0.04705	0.01385	0.01778	0.20714	0.04395	0.06704	0.05109	0.01862	0.05175	0.01988	0.01390	0.04223	0.01204	0.03794	0.00939	0.03759	0.05885	0.00606	0.00382	0.24003
31	0.01462	0.01069	0.07839	0.01041	0.01363	0.00813	0.00902	0.01817	0.01895	0.17725	0.49817	0.04160	0.04894	0.01208	0.00766	0.00215	0.00444	0.01049	0.00729	0.00793
32	0.10378	0.10347	0.41231	0.03784	0.04525	0.01765	0.01944	0.07251	0.05320	0.02378	0.01273	0.01468	0.00952	0.00693	0.00677	0.00212	0.03968	0.00509	0.00359	0.00967

[dist]
# distance from previous block
# <min> <max>
0	17

[block]
# block no. 6 follows, 31 sequences, length 30
# corresponding to MSA columns:
# 299-328
name=unknown_G
#
# <colnr> <probs for GDERKNQSTAVLIFYWHMCP>
#	G	D	E	R	K	N	Q	S	T	A	V	L	I	F	Y	W	H	M	C	P
0	0.04137	0.01942	0.16839	0.01751	0.02264	0.04698	0.13663	0.07061	0.11876	0.07121	0.03812	0.08386	0.03579	0.00943	0.00878	0.00233	0.08619	0.00793	0.00486	0.00920
1	0.04172	0.03896	0.02425	0.08294	0.45192	0.01646	0.01772	0.10108	0.04482	0.04519	0.01439	0.01774	0.01160	0.00932	0.05036	0.00259	0.00845	0.00612	0.00410	0.01027
2	0.00940	0.00724	0.00863	0.00823	0.01015	0.00659	0.00619	0.01269	0.04153	0.02451	0.47636	0.05512	0.27841	0.01493	0.00804	0.00221	0.00338	0.01290	0.00712	0.00638
3	0.01481	0.12617	0.01747	0.01037	0.01642	0.01184	0.00865	0.01772	0.01414	0.02135	0.01176	0.01370	0.00993	0.00519	0.00496	0.00108	0.00541	0.00399	0.00388	0.68114
4	0.00951	0.00695	0.00894	0.00852	0.01014	0.00637	0.00636	0.01255	0.01884	0.02639	0.63958	0.08083	0.11035	0.01453	0.00810	0.00219	0.00327	0.01281	0.00740	0.00637
5	0.00929	0.00706	0.00988	0.01062	0.01126	0.00766	0.00770	0.01091	0.01222	0.01688	0.02930	0.46404	0.03344	0.03047	0.24525	0.00547	0.06293	0.01452	0.00523	0.00588
6	0.00834	0.00595	0.00794	0.00953	0.00992	0.00556	0.00635	0.00953	0.01310	0.01746	0.03771	0.75510	0.04525	0.02143	0.00873	0.00278	0.00397	0.01945	0.00635	0.00556
7	0.01846	0.01696	0.01603	0.01416	0.01813	0.10658	0.01102	0.09310	0.50928	0.02784	0.02587	0.02435	0.04645	0.00911	0.00684	0.00219	0.00639	0.00734	0.00641	0.03351
8	0.01419	0.01216	0.01419	0.01013	0.01621	0.00912	0.00811	0.01723	0.01419	0.02229	0.01216	0.01419	0.01013	0.00507	0.00507	0.00101	0.00507	0.00405	0.00405	0.80139
9	0.80789	0.01323	0.01006	0.00900	0.01323	0.01535	0.00741	0.02011	0.01164	0.03070	0.00953	0.01111	0.00741	0.00635	0.00423	0.00212	0.00529	0.00370	0.00423	0.00741
10	0.07868	0.01667	0.01750	0.01375	0.01850	0.01839	0.01128	0.53665	0.02783	0.03938	0.01690	0.01753	0.01230	0.00804	0.00633	0.00198	0.00667	0.00602	0.13511	0.01048
11	0.00844	0.00603	0.00803	0.00946	0.00995	0.00562	0.00636	0.00978	0.01357	0.01821	0.08850	0.70217	0.04670	0.02087	0.00868	0.00273	0.00391	0.01892	0.00644	0.00562
12	0.00869	0.00691	0.00779	0.00766	0.00963	0.00602	0.00571	0.01095	0.01688	0.02174	0.30562	0.09081	0.44484	0.01627	0.00811	0.00227	0.00340	0.01390	0.00679	0.00602
13	0.00851	0.00619	0.00787	0.00900	0.00969	0.00572	0.00607	0.00983	0.01363	0.01800	0.08787	0.57238	0.12753	0.07082	0.01039	0.00294	0.00404	0.01769	0.00628	0.00555
14	0.01054	0.00761	0.01041	0.01187	0.01338	0.00749	0.01012	0.01338	0.01547	0.02003	0.03887	0.14351	0.09098	0.01903	0.00928	0.00305	0.00585	0.55663	0.00631	0.00619
15	0.01954	0.01348	0.01566	0.04212	0.01710	0.01473	0.01022	0.38477	0.02191	0.02931	0.01499	0.01980	0.01245	0.06071	0.01554	0.28121	0.00698	0.00632	0.00517	0.00798
16	0.77649	0.01319	0.01047	0.03800	0.01457	0.01534	0.00787	0.02001	0.01172	0.03017	0.00963	0.01140	0.00748	0.00637	0.00434	0.00212	0.00544	0.00380	0.00419	0.00742
17	0.01488	0.19168	0.52734	0.01847	0.02744	0.01841	0.06910	0.02143	0.01445	0.02048	0.01179	0.01398	0.00881	0.00631	0.00615	0.00202	0.00961	0.00496	0.00294	0.00976
18	0.03070	0.01164	0.01588	0.01217	0.01746	0.01006	0.01006	0.03334	0.01958	0.72163	0.02699	0.02329	0.01694	0.00847	0.00688	0.00212	0.00582	0.00688	0.00847	0.01164
19	0.01292	0.01216	0.02052	0.74312	0.04712	0.01520	0.01900	0.01748	0.01368	0.01748	0.01216	0.01824	0.00912	0.00684	0.00684	0.00228	0.00912	0.00608	0.00304	0.00760
20	0.00977	0.00733	0.01100	0.01100	0.01222	0.00855	0.00855	0.01222	0.01100	0.01588	0.01833	0.02688	0.01710	0.05131	0.73245	0.01100	0.01833	0.00733	0.00367	0.00611
21	0.01091	0.01010	0.04513	0.12185	0.01915	0.00957	0.06805	0.03455	0.01478	0.02002	0.11850	0.39112	0.03511	0.03503	0.00925	0.00264	0.02826	0.01382	0.00547	0.00671
22	0.01188	0.00594	0.00891	0.00891	0.00891	0.00594	0.00594	0.00891	0.00891	0.01188	0.01188	0.02080	0.01188	0.02377	0.02674	0.80095	0.00594	0.00594	0.00297	0.00297
23	0.01665	0.01597	0.02726	0.09116	0.66992	0.01618	0.02086	0.02075	0.01544	0.02201	0.01282	0.01702	0.01072	0.00615	0.00678	0.00205	0.00820	0.00609	0.00336	0.01061
24	0.01497	0.01497	0.02095	0.01796	0.01796	0.02095	0.01497	0.01646	0.01048	0.01646	0.00898	0.01497	0.00898	0.01197	0.02245	0.00299	0.74704	0.00599	0.00299	0.00748
25	0.01372	0.03539	0.72412	0.01950	0.02961	0.01589	0.02528	0.02167	0.01444	0.02167	0.01228	0.01444	0.00867	0.00650	0.00650	0.00217	0.01011	0.00506	0.00289	0.01011
26	0.00809	0.00693	0.00693	0.00693	0.00924	0.00578	0.00520	0.00982	0.01559	0.01848	0.06931	0.06584	0.71411	0.01733	0.00809	0.00231	0.00347	0.01444	0.00635	0.00578
27	0.02556	0.03261	0.01939	0.01763	0.02115	0.73210	0.01322	0.02732	0.01939	0.01674	0.01058	0.01234	0.00881	0.00705	0.00617	0.00176	0.01234	0.00441	0.00353	0.00793
28	0.01292	0.01216	0.02052	0.74312	0.04712	0.01520	0.01900	0.01748	0.01368	0.01748	0.01216	0.01824	0.00912	0.00684	0.00684	0.00228	0.00912	0.00608	0.00304	0.00760
29	0.01854	0.01858	0.02551	0.03581	0.54814	0.12366	0.01902	0.06025	0.01711	0.02263	0.01354	0.01832	0.01157	0.00681	0.00678	0.00203	0.00866	0.02903	0.00371	0.01029

[dist]
# distance from previous block
# <min> <max>
0	1

[block]
# block no. 7 follows, 31 sequences, length 27
# corresponding to MSA columns:
# 330-356
name=unknown_H
#
# <colnr> <probs for GDERKNQSTAVLIFYWHMCP>
#	G	D	E	R	K	N	Q	S	T	A	V	L	I	F	Y	W	H	M	C	P
0	0.01487	0.01379	0.01568	0.01167	0.01721	0.06375	0.04093	0.01787	0.01474	0.02173	0.03222	0.01663	0.03019	0.00600	0.00593	0.00125	0.02644	0.00482	0.00411	0.64016
1	0.73753	0.01519	0.07332	0.00993	0.01468	0.01540	0.00899	0.02025	0.01189	0.02990	0.00977	0.01141	0.00752	0.00636	0.00443	0.00212	0.00572	0.00382	0.00411	0.00765
2	0.01041	0.00717	0.00793	0.00774	0.00819	0.00713	0.00461	0.03748	0.01141	0.01499	0.02614	0.04574	0.09348	0.65485	0.03101	0.00601	0.00635	0.01025	0.00448	0.00461
3	0.01615	0.01845	0.04037	0.02884	0.03576	0.01730	0.69204	0.02191	0.01615	0.02191	0.01384	0.01845	0.01038	0.00577	0.00807	0.00231	0.01153	0.00807	0.00346	0.00923
4	0.01252	0.01092	0.01263	0.01417	0.09786	0.05214	0.00971	0.04412	0.07708	0.02250	0.14749	0.06918	0.25194	0.01416	0.00793	0.00238	0.00540	0.13439	0.00608	0.00740
5	0.01188	0.00594	0.00891	0.00891	0.00891	0.00594	0.00594	0.00891	0.00891	0.01188	0.01188	0.02080	0.01188	0.02377	0.02674	0.80095	0.00594	0.00594	0.00297	0.00297
6	0.04865	0.05444	0.44511	0.02149	0.04771	0.04128	0.18103	0.02164	0.01479	0.02161	0.01230	0.01514	0.00909	0.00646	0.00716	0.00218	0.03147	0.00570	0.00312	0.00961
7	0.76089	0.01454	0.05232	0.00962	0.01420	0.01538	0.00847	0.02020	0.01181	0.03016	0.00969	0.01131	0.00748	0.00636	0.00437	0.00212	0.00558	0.00378	0.00415	0.00757
8	0.01479	0.02067	0.19349	0.08980	0.10025	0.01581	0.36062	0.02045	0.01525	0.02117	0.01502	0.07250	0.01253	0.00724	0.00752	0.00228	0.01009	0.00785	0.00350	0.00917
9	0.01409	0.03093	0.55773	0.01922	0.02761	0.04900	0.06839	0.02079	0.01451	0.02089	0.01408	0.07066	0.01157	0.00786	0.00750	0.00224	0.04386	0.00636	0.00322	0.00948
10	0.00821	0.00646	0.00741	0.00817	0.00957	0.00567	0.00575	0.00968	0.01440	0.01799	0.05417	0.39598	0.39374	0.01929	0.00840	0.00253	0.00371	0.01684	0.00635	0.00567
11	0.01935	0.37117	0.05917	0.01390	0.01876	0.18178	0.01251	0.06697	0.07755	0.01962	0.01522	0.01740	0.04081	0.00767	0.00620	0.00181	0.03382	0.02360	0.00392	0.00878
12	0.01615	0.01845	0.04037	0.02884	0.03576	0.01730	0.69204	0.02191	0.01615	0.02191	0.01384	0.01845	0.01038	0.00577	0.00807	0.00231	0.01153	0.00807	0.00346	0.00923
13	0.04224	0.01770	0.07451	0.08361	0.48631	0.01694	0.01943	0.13131	0.01797	0.02563	0.01326	0.01659	0.01059	0.00653	0.00669	0.00206	0.00815	0.00596	0.00392	0.01059
14	0.01483	0.01382	0.02263	0.46369	0.25890	0.01582	0.01909	0.04296	0.04351	0.02039	0.01318	0.01806	0.01024	0.00675	0.00682	0.00219	0.00859	0.00616	0.00345	0.00891
15	0.01292	0.01216	0.02052	0.74312	0.04712	0.01520	0.01900	0.01748	0.01368	0.01748	0.01216	0.01824	0.00912	0.00684	0.00684	0.00228	0.00912	0.00608	0.00304	0.00760
16	0.01262	0.01088	0.01127	0.01048	0.01359	0.01149	0.00806	0.02330	0.36569	0.02363	0.04824	0.04535	0.36184	0.01324	0.00751	0.00232	0.00446	0.01103	0.00666	0.00834
17	0.02601	0.01916	0.02053	0.01574	0.02122	0.02122	0.01300	0.69408	0.03217	0.04312	0.01643	0.01643	0.01163	0.00821	0.00684	0.00205	0.00753	0.00616	0.00684	0.01163
18	0.00853	0.00695	0.00755	0.00740	0.00952	0.00597	0.00555	0.01068	0.01665	0.02099	0.24962	0.06171	0.53223	0.01639	0.00808	0.00227	0.00340	0.01386	0.00668	0.00597
19	0.01702	0.01470	0.01547	0.01392	0.01779	0.01702	0.01083	0.03635	0.70453	0.02862	0.02785	0.02553	0.02088	0.00928	0.00696	0.00232	0.00541	0.00773	0.00696	0.01083
20	0.00846	0.00604	0.00808	0.00967	0.01012	0.00567	0.00657	0.00975	0.01322	0.01761	0.03764	0.72301	0.04497	0.02131	0.00877	0.00280	0.00408	0.05028	0.00635	0.00559
21	0.01292	0.01216	0.02052	0.74312	0.04712	0.01520	0.01900	0.01748	0.01368	0.01748	0.01216	0.01824	0.00912	0.00684	0.00684	0.00228	0.00912	0.00608	0.00304	0.00760
22	0.01649	0.01572	0.02676	0.08246	0.65269	0.01590	0.02053	0.02055	0.01547	0.02200	0.01364	0.01912	0.01173	0.00659	0.00687	0.00209	0.00812	0.02933	0.00347	0.01049
23	0.00834	0.00595	0.00794	0.00953	0.00992	0.00556	0.00635	0.00953	0.01310	0.01746	0.03771	0.75510	0.04525	0.02143	0.00873	0.00278	0.00397	0.01945	0.00635	0.00556
24	0.07473	0.00908	0.00940	0.03923	0.01204	0.00968	0.00683	0.11924	0.01682	0.02823	0.02003	0.02273	0.01552	0.00784	0.00514	0.00173	0.00426	0.00613	0.58404	0.00730
25	0.06274	0.01534	0.02332	0.09669	0.07337	0.04822	0.20335	0.06419	0.01587	0.02280	0.01619	0.01941	0.04949	0.00727	0.00785	0.00201	0.06580	0.00653	0.04478	0.15476
26	0.01958	0.03559	0.01579	0.01269	0.01660	0.04795	0.01015	0.21685	0.16645	0.12152	0.20449	0.02970	0.05242	0.01018	0.00714	0.00212	0.00581	0.00835	0.00698	0.00965

[dist]
# distance from previous block
# <min> <max>
0	4

# created by:
# /st0/software/busco_prod/Augustus/scripts/msa2prfl.pl ./align_prep/113849.fa
