[name]
unknown

[dist]
# distance from previous block
# <min> <max>
17	31

[block]
# block no. 0 follows, 28 sequences, length 39
# corresponding to MSA columns:
# 40-78
name=unknown_A
#
# <colnr> <probs for GDERKNQSTAVLIFYWHMCP>
#	G	D	E	R	K	N	Q	S	T	A	V	L	I	F	Y	W	H	M	C	P
0	0.66200	0.01330	0.01135	0.05866	0.01620	0.01533	0.00861	0.02039	0.01336	0.03130	0.08036	0.01667	0.01420	0.00761	0.00510	0.00226	0.00568	0.00505	0.00477	0.00778
1	0.01679	0.01446	0.02089	0.12126	0.02574	0.01295	0.11240	0.06715	0.01692	0.05126	0.01414	0.01696	0.01105	0.00616	0.00637	0.00161	0.00730	0.00556	0.00445	0.46660
2	0.01014	0.00796	0.00974	0.00982	0.03036	0.00706	0.00712	0.01292	0.01830	0.02454	0.36212	0.08713	0.28642	0.01598	0.00847	0.00236	0.00394	0.04214	0.00713	0.04634
3	0.01696	0.01626	0.11831	0.01341	0.01763	0.01369	0.01194	0.25149	0.02167	0.02977	0.02893	0.20889	0.08967	0.04195	0.00882	0.00257	0.00654	0.01102	0.08149	0.00900
4	0.01024	0.00695	0.00821	0.00852	0.00867	0.00693	0.00507	0.01060	0.01126	0.01507	0.02599	0.17770	0.03013	0.57458	0.06453	0.00650	0.00711	0.01235	0.00482	0.00479
5	0.01001	0.00733	0.00945	0.00958	0.01115	0.00678	0.00722	0.01288	0.01856	0.02546	0.44192	0.17776	0.13111	0.01719	0.00886	0.00254	0.00395	0.08414	0.00750	0.00660
6	0.01584	0.01609	0.05958	0.40456	0.30088	0.01681	0.02116	0.03975	0.01594	0.02162	0.01335	0.01858	0.01045	0.00698	0.00722	0.00231	0.00928	0.00641	0.00349	0.00968
7	0.06804	0.01401	0.02216	0.48278	0.07081	0.01751	0.03943	0.01887	0.01388	0.01971	0.01214	0.01811	0.00966	0.00825	0.01043	0.00255	0.15373	0.00634	0.00334	0.00825
8	0.01018	0.00710	0.00809	0.00816	0.00865	0.00694	0.00497	0.01074	0.01200	0.01575	0.05348	0.08536	0.12683	0.54777	0.05934	0.00620	0.00682	0.01175	0.00497	0.00491
9	0.14245	0.01877	0.01956	0.01514	0.02081	0.02050	0.01248	0.52029	0.02926	0.04193	0.01596	0.01640	0.01155	0.00814	0.00669	0.00210	0.00742	0.00596	0.00660	0.07800
10	0.01137	0.00936	0.01220	0.01210	0.01354	0.05048	0.00938	0.01392	0.01220	0.01693	0.01899	0.02765	0.01766	0.05176	0.67417	0.01111	0.01910	0.00761	0.00389	0.00660
11	0.01838	0.01794	0.02858	0.04226	0.64187	0.04684	0.02150	0.02328	0.04496	0.02378	0.01424	0.01817	0.01187	0.00666	0.00718	0.00216	0.00870	0.00647	0.00376	0.01138
12	0.01800	0.51052	0.22388	0.01488	0.02225	0.02487	0.01642	0.02303	0.05114	0.01947	0.01198	0.01352	0.00999	0.00661	0.00544	0.00181	0.00849	0.00454	0.00333	0.00984
13	0.00898	0.00724	0.00799	0.00811	0.01013	0.00625	0.00597	0.01107	0.01703	0.02145	0.19694	0.15841	0.47842	0.01828	0.00868	0.00249	0.00370	0.01562	0.00701	0.00625
14	0.01573	0.01467	0.02430	0.11309	0.47600	0.01500	0.01886	0.01972	0.01617	0.02254	0.04831	0.02637	0.07098	0.01155	0.05598	0.00290	0.00882	0.02489	0.00410	0.01002
15	0.01571	0.01480	0.02503	0.35390	0.36622	0.01628	0.02077	0.02021	0.01564	0.02128	0.01468	0.02210	0.01233	0.00758	0.00738	0.00234	0.00901	0.04145	0.00360	0.00969
16	0.03261	0.01237	0.01687	0.01293	0.01856	0.01068	0.01068	0.03543	0.02081	0.70423	0.02868	0.02474	0.01799	0.00900	0.00731	0.00225	0.00619	0.00731	0.00900	0.01237
17	0.01808	0.01561	0.01644	0.01479	0.01890	0.01808	0.01151	0.03863	0.68606	0.03041	0.02959	0.02712	0.02219	0.00986	0.00740	0.00247	0.00575	0.00822	0.00740	0.01151
18	0.09023	0.50681	0.11526	0.01407	0.02056	0.06220	0.03314	0.02286	0.01524	0.04651	0.01139	0.01295	0.00957	0.00653	0.00524	0.00178	0.00830	0.00439	0.00351	0.00945
19	0.64981	0.05527	0.01361	0.01079	0.01545	0.05300	0.00894	0.07722	0.01477	0.03214	0.01080	0.01235	0.00841	0.00692	0.00485	0.00219	0.00632	0.00419	0.00462	0.00836
20	0.01057	0.00705	0.00793	0.00793	0.00793	0.00705	0.00440	0.01057	0.01057	0.01409	0.02290	0.04757	0.02643	0.74454	0.03700	0.00705	0.00705	0.01057	0.00440	0.00440
21	0.01604	0.01550	0.02338	0.32887	0.06866	0.05122	0.08650	0.05457	0.01549	0.02088	0.01390	0.04247	0.01168	0.00902	0.01116	0.00253	0.17565	0.00707	0.03689	0.00852
22	0.01494	0.01388	0.02296	0.59527	0.14687	0.01658	0.02025	0.04580	0.01564	0.02046	0.01322	0.01909	0.01007	0.00721	0.00726	0.00237	0.00946	0.00647	0.00345	0.00877
23	0.01001	0.00794	0.00892	0.00861	0.01084	0.00719	0.00646	0.03082	0.03822	0.02398	0.28793	0.09568	0.40346	0.01686	0.00855	0.00241	0.00380	0.01438	0.00722	0.00671
24	0.01074	0.00829	0.00985	0.00982	0.01197	0.00783	0.00769	0.03152	0.05228	0.02439	0.26885	0.09174	0.28590	0.01703	0.00879	0.00258	0.00440	0.13222	0.00720	0.00691
25	0.01264	0.04771	0.01391	0.01231	0.01428	0.04691	0.00962	0.01729	0.09481	0.01848	0.01995	0.02748	0.01809	0.07099	0.53062	0.00936	0.01639	0.00759	0.00430	0.00727
26	0.02251	0.01906	0.01820	0.01527	0.01972	0.11405	0.01213	0.30942	0.21478	0.03416	0.02206	0.02221	0.03341	0.01144	0.04301	0.00268	0.00821	0.00707	0.05990	0.01074
27	0.02554	0.15789	0.02393	0.01685	0.02166	0.36009	0.01359	0.21803	0.05057	0.02642	0.01361	0.01469	0.01076	0.00772	0.00646	0.00193	0.01035	0.00523	0.00482	0.00987
28	0.02464	0.01776	0.01975	0.01552	0.02067	0.01939	0.01272	0.51619	0.02929	0.06838	0.01801	0.01932	0.01340	0.01548	0.11405	0.00356	0.00953	0.00666	0.00669	0.04898
29	0.01802	0.04823	0.05205	0.07412	0.11857	0.10979	0.09495	0.05393	0.01558	0.02077	0.01231	0.01713	0.01059	0.01167	0.05304	0.00306	0.26716	0.00638	0.00362	0.00904
30	0.44282	0.01329	0.01286	0.07256	0.03513	0.01483	0.00957	0.09527	0.01644	0.03051	0.07072	0.02514	0.11692	0.00937	0.00604	0.00229	0.00588	0.00691	0.00528	0.00817
31	0.02206	0.01323	0.01560	0.01279	0.01704	0.01339	0.01026	0.19624	0.10541	0.22603	0.20280	0.03393	0.07668	0.01121	0.00773	0.00228	0.00572	0.00929	0.00793	0.01040
32	0.02835	0.01282	0.01648	0.01299	0.01805	0.01196	0.01060	0.09989	0.06774	0.50598	0.10973	0.02778	0.02393	0.00975	0.00747	0.00226	0.00601	0.00801	0.00858	0.01163
33	0.01038	0.00779	0.01168	0.01168	0.01298	0.00909	0.00909	0.01298	0.01168	0.01687	0.01947	0.02856	0.01817	0.05452	0.71573	0.01168	0.01947	0.00779	0.00389	0.00649
34	0.01793	0.01681	0.06961	0.24901	0.25937	0.04916	0.01883	0.02298	0.04475	0.09774	0.01844	0.02375	0.03124	0.00823	0.00737	0.00233	0.00871	0.03935	0.00445	0.00994
35	0.03261	0.01237	0.01687	0.01293	0.01856	0.01068	0.01068	0.03543	0.02081	0.70423	0.02868	0.02474	0.01799	0.00900	0.00731	0.00225	0.00619	0.00731	0.00900	0.01237
36	0.01732	0.01745	0.02534	0.24171	0.38396	0.08923	0.02005	0.02134	0.01610	0.02117	0.01459	0.01918	0.02890	0.00745	0.00803	0.00227	0.04597	0.00652	0.00357	0.00985
37	0.01056	0.00708	0.00810	0.00810	0.00815	0.00714	0.00461	0.01068	0.01062	0.01422	0.02275	0.04672	0.02606	0.71364	0.06739	0.00725	0.00760	0.01045	0.00438	0.00450
38	0.04671	0.05435	0.21707	0.07691	0.16861	0.01796	0.26814	0.02255	0.01608	0.02308	0.01355	0.01747	0.01035	0.00651	0.00743	0.00230	0.01049	0.00676	0.00347	0.01019

[dist]
# distance from previous block
# <min> <max>
0	2

[block]
# block no. 1 follows, 28 sequences, length 15
# corresponding to MSA columns:
# 81-95
name=unknown_B
#
# <colnr> <probs for GDERKNQSTAVLIFYWHMCP>
#	G	D	E	R	K	N	Q	S	T	A	V	L	I	F	Y	W	H	M	C	P
0	0.24622	0.34159	0.02552	0.01314	0.01837	0.15368	0.01153	0.07723	0.01678	0.02410	0.01093	0.01246	0.00917	0.00682	0.00519	0.00187	0.00817	0.00427	0.00398	0.00899
1	0.65520	0.06463	0.01358	0.01038	0.01514	0.01726	0.00870	0.06340	0.01434	0.06675	0.01153	0.01282	0.00877	0.00695	0.00483	0.00220	0.00595	0.00427	0.00481	0.00849
2	0.22798	0.03767	0.14563	0.06652	0.06486	0.01792	0.01553	0.08198	0.01522	0.02577	0.01308	0.03866	0.01108	0.01114	0.04582	0.00294	0.15910	0.00601	0.00408	0.00899
3	0.01617	0.00897	0.01144	0.01015	0.01292	0.00820	0.00777	0.01969	0.04679	0.20266	0.35764	0.08201	0.12190	0.04901	0.00960	0.00257	0.00449	0.01193	0.00786	0.00824
4	0.02851	0.01179	0.01546	0.01216	0.01706	0.01057	0.00994	0.06505	0.02088	0.54276	0.08047	0.02696	0.02179	0.00939	0.00717	0.00219	0.00576	0.00768	0.09309	0.01132
5	0.00911	0.00669	0.00849	0.00970	0.01058	0.00616	0.00672	0.01067	0.01481	0.01945	0.08948	0.53188	0.15028	0.04660	0.01013	0.00299	0.00430	0.04922	0.00675	0.00599
6	0.01015	0.00742	0.00953	0.00900	0.01078	0.00680	0.00675	0.01346	0.02026	0.02839	0.64601	0.05554	0.11841	0.01514	0.00857	0.00230	0.00345	0.01332	0.00790	0.00680
7	0.01732	0.01646	0.02796	0.09968	0.61063	0.01673	0.02160	0.02163	0.01639	0.02322	0.01487	0.02135	0.01290	0.00723	0.00735	0.00224	0.00862	0.03912	0.00372	0.01098
8	0.01458	0.03760	0.70688	0.02072	0.03146	0.01688	0.02686	0.02302	0.01535	0.02302	0.01304	0.01535	0.00921	0.00691	0.00691	0.00230	0.01074	0.00537	0.00307	0.01074
9	0.01084	0.00753	0.00957	0.00950	0.01130	0.00687	0.00716	0.01362	0.01852	0.05429	0.40257	0.16864	0.16807	0.01691	0.00875	0.00251	0.00398	0.06506	0.00752	0.00681
10	0.04169	0.01623	0.02443	0.31813	0.25850	0.04649	0.03715	0.06236	0.03321	0.02277	0.01353	0.01826	0.01073	0.00750	0.00830	0.00235	0.05857	0.00641	0.00378	0.00962
11	0.11374	0.19522	0.05573	0.01263	0.01769	0.01651	0.01123	0.08968	0.01857	0.23218	0.06343	0.10392	0.02035	0.00989	0.00661	0.00216	0.00652	0.00782	0.00621	0.00990
12	0.01078	0.00745	0.00945	0.00964	0.01040	0.00759	0.00654	0.01199	0.01287	0.03807	0.06498	0.21923	0.07771	0.30976	0.14493	0.00601	0.02862	0.01287	0.00536	0.00574
13	0.02043	0.40361	0.15903	0.01685	0.05009	0.17666	0.01595	0.04564	0.01689	0.01961	0.01130	0.01313	0.00951	0.00672	0.00569	0.00181	0.00955	0.00454	0.00340	0.00959
14	0.01512	0.11675	0.20923	0.07632	0.03002	0.01711	0.25116	0.02046	0.01554	0.02117	0.01728	0.11998	0.01571	0.01028	0.02936	0.00265	0.01015	0.00865	0.00385	0.00920

[dist]
# distance from previous block
# <min> <max>
0	3

[block]
# block no. 2 follows, 28 sequences, length 27
# corresponding to MSA columns:
# 99-125
name=unknown_C
#
# <colnr> <probs for GDERKNQSTAVLIFYWHMCP>
#	G	D	E	R	K	N	Q	S	T	A	V	L	I	F	Y	W	H	M	C	P
0	0.01804	0.36576	0.21074	0.01513	0.02176	0.05613	0.01595	0.02354	0.07291	0.04145	0.03437	0.01786	0.03694	0.00777	0.00660	0.00198	0.03386	0.00555	0.00395	0.00971
1	0.01954	0.01324	0.01583	0.12650	0.02118	0.06720	0.01142	0.07584	0.01883	0.19704	0.14626	0.06606	0.05422	0.07420	0.01126	0.00276	0.05425	0.00917	0.00636	0.00882
2	0.01057	0.00705	0.00793	0.00793	0.00793	0.00705	0.00440	0.01057	0.01057	0.01409	0.02290	0.04757	0.02643	0.74454	0.03700	0.00705	0.00705	0.01057	0.00440	0.00440
3	0.01209	0.11259	0.01556	0.01177	0.01375	0.01235	0.00959	0.01462	0.01244	0.01762	0.01952	0.02667	0.03724	0.04166	0.51497	0.00893	0.05506	0.00733	0.04926	0.00698
4	0.04652	0.01742	0.13101	0.48985	0.10140	0.01647	0.02051	0.02071	0.04767	0.02089	0.01371	0.01868	0.01031	0.00725	0.00710	0.00238	0.00941	0.00627	0.00349	0.00896
5	0.01489	0.03458	0.60315	0.02149	0.03123	0.01737	0.08348	0.02268	0.01523	0.02268	0.01296	0.01576	0.00939	0.00722	0.00816	0.00237	0.05801	0.00572	0.00313	0.01048
6	0.01021	0.00740	0.00965	0.00929	0.01096	0.00684	0.00698	0.01347	0.01996	0.02803	0.61797	0.09265	0.08566	0.01558	0.00866	0.00236	0.00359	0.03610	0.00785	0.00678
7	0.01719	0.01950	0.04229	0.03127	0.06781	0.01833	0.64345	0.02324	0.01713	0.02331	0.01466	0.01953	0.01105	0.00614	0.00852	0.00244	0.01209	0.00848	0.00367	0.00988
8	0.00966	0.00677	0.00879	0.03889	0.01152	0.00660	0.00673	0.01093	0.01333	0.01811	0.03458	0.53103	0.04051	0.16825	0.01461	0.00370	0.00497	0.01728	0.04801	0.00573
9	0.00886	0.00633	0.00843	0.01012	0.01054	0.00590	0.00675	0.01012	0.01392	0.01856	0.04006	0.73979	0.04808	0.02277	0.00928	0.00295	0.00422	0.02066	0.00675	0.00590
10	0.75162	0.01396	0.01104	0.00975	0.01432	0.01598	0.00804	0.02218	0.01286	0.07157	0.01120	0.01256	0.00846	0.00688	0.00466	0.00225	0.00566	0.00413	0.00476	0.00813
11	0.01373	0.01292	0.02180	0.72707	0.05006	0.01615	0.02019	0.01857	0.01453	0.01857	0.01292	0.01938	0.00969	0.00727	0.00727	0.00242	0.00969	0.00646	0.00323	0.00807
12	0.00884	0.00639	0.00837	0.00996	0.01050	0.00592	0.00668	0.01014	0.01407	0.01862	0.04202	0.70083	0.08578	0.02252	0.00924	0.00292	0.00419	0.02036	0.00675	0.00592
13	0.01598	0.01617	0.02208	0.17828	0.02622	0.05563	0.01677	0.01831	0.01237	0.01775	0.01039	0.01655	0.00957	0.01123	0.01926	0.00294	0.53297	0.00630	0.00322	0.00800
14	0.01590	0.01590	0.02226	0.01908	0.01908	0.02226	0.01590	0.01749	0.01113	0.01749	0.00954	0.01590	0.00954	0.01272	0.02385	0.00318	0.73123	0.00636	0.00318	0.00795
15	0.01373	0.01292	0.02180	0.72707	0.05006	0.01615	0.02019	0.01857	0.01453	0.01857	0.01292	0.01938	0.00969	0.00727	0.00727	0.00242	0.00969	0.00646	0.00323	0.00807
16	0.01590	0.01590	0.02226	0.01908	0.01908	0.02226	0.01590	0.01749	0.01113	0.01749	0.00954	0.01590	0.00954	0.01272	0.02385	0.00318	0.73123	0.00636	0.00318	0.00795
17	0.00893	0.00672	0.00828	0.00928	0.01038	0.00607	0.00643	0.01058	0.01532	0.01995	0.11720	0.48879	0.22414	0.02078	0.00902	0.00275	0.00399	0.01845	0.00688	0.00607
18	0.01409	0.00778	0.01042	0.01055	0.01228	0.00706	0.00759	0.01603	0.01644	0.16449	0.14380	0.47837	0.04507	0.01859	0.00875	0.00270	0.00450	0.01664	0.00742	0.00742
19	0.02607	0.01459	0.01776	0.05537	0.02091	0.01500	0.01189	0.17812	0.16214	0.33619	0.06420	0.02500	0.02006	0.00936	0.00739	0.00229	0.00655	0.00762	0.00788	0.01162
20	0.00886	0.00633	0.00843	0.01012	0.01054	0.00590	0.00675	0.01012	0.01392	0.01856	0.04006	0.73979	0.04808	0.02277	0.00928	0.00295	0.00422	0.02066	0.00675	0.00590
21	0.01727	0.04240	0.02249	0.38095	0.15358	0.07825	0.01788	0.07811	0.05084	0.02281	0.01466	0.01898	0.01134	0.00744	0.00698	0.00224	0.00903	0.00633	0.04923	0.00922
22	0.79588	0.01406	0.01068	0.00956	0.01406	0.01631	0.00787	0.02137	0.01237	0.03261	0.01012	0.01181	0.00787	0.00675	0.00450	0.00225	0.00562	0.00394	0.00450	0.00787
23	0.01057	0.00705	0.00793	0.00793	0.00793	0.00705	0.00440	0.01057	0.01057	0.01409	0.02290	0.04757	0.02643	0.74454	0.03700	0.00705	0.00705	0.01057	0.00440	0.00440
24	0.02499	0.01781	0.01899	0.01486	0.01990	0.01958	0.01217	0.55131	0.03062	0.04230	0.01863	0.01926	0.01354	0.00868	0.00686	0.00209	0.00713	0.00659	0.15339	0.01131
25	0.01564	0.01152	0.01281	0.01159	0.01480	0.01205	0.00901	0.08542	0.23499	0.07018	0.15352	0.07990	0.17021	0.01325	0.00788	0.00240	0.00497	0.02919	0.05168	0.00901
26	0.71622	0.01415	0.01201	0.01163	0.05149	0.01608	0.00879	0.02211	0.01301	0.06506	0.01122	0.01278	0.00857	0.00684	0.00478	0.00224	0.00581	0.00424	0.00467	0.00829

[dist]
# distance from previous block
# <min> <max>
1	16

[block]
# block no. 3 follows, 28 sequences, length 49
# corresponding to MSA columns:
# 142-190
name=unknown_D
#
# <colnr> <probs for GDERKNQSTAVLIFYWHMCP>
#	G	D	E	R	K	N	Q	S	T	A	V	L	I	F	Y	W	H	M	C	P
0	0.01728	0.01631	0.02764	0.12881	0.59029	0.01671	0.02136	0.02163	0.01625	0.02323	0.01398	0.01853	0.01157	0.00665	0.00712	0.00217	0.00856	0.00649	0.03454	0.01089
1	0.01536	0.01388	0.02212	0.62449	0.07368	0.01687	0.01960	0.08776	0.01668	0.02165	0.01343	0.01912	0.01005	0.00739	0.00726	0.00239	0.00947	0.00647	0.00367	0.00867
2	0.00961	0.00668	0.00838	0.00944	0.00976	0.00643	0.00608	0.01050	0.01279	0.01703	0.03361	0.45454	0.03976	0.29123	0.01962	0.00449	0.00537	0.04340	0.00587	0.00538
3	0.00886	0.00633	0.00843	0.01012	0.01054	0.00590	0.00675	0.01012	0.01392	0.01856	0.04006	0.73979	0.04808	0.02277	0.00928	0.00295	0.00422	0.02066	0.00675	0.00590
4	0.00991	0.00742	0.00919	0.00875	0.01063	0.00670	0.00656	0.01299	0.01969	0.02703	0.55712	0.05778	0.20815	0.01565	0.00858	0.00232	0.00349	0.01363	0.00772	0.00670
5	0.01056	0.00708	0.00809	0.00809	0.00814	0.00713	0.00460	0.01067	0.01062	0.01421	0.02276	0.04677	0.02608	0.71551	0.06555	0.00724	0.00757	0.01045	0.00438	0.00449
6	0.01763	0.48423	0.28695	0.01552	0.02342	0.02434	0.01780	0.02223	0.01498	0.01930	0.01120	0.01303	0.00928	0.00647	0.00550	0.00183	0.00888	0.00444	0.00309	0.00985
7	0.02596	0.06244	0.07101	0.01856	0.02298	0.61518	0.01490	0.04942	0.02043	0.01906	0.01153	0.01336	0.00945	0.00744	0.00653	0.00190	0.01256	0.00476	0.00379	0.00876
8	0.00993	0.00806	0.00887	0.00899	0.01128	0.00737	0.00698	0.01330	0.06056	0.02125	0.11328	0.06703	0.47157	0.04404	0.00977	0.00275	0.00441	0.11719	0.00680	0.00657
9	0.07284	0.03352	0.59154	0.01918	0.02899	0.01626	0.02396	0.02407	0.01565	0.08782	0.01430	0.01597	0.00994	0.00709	0.00677	0.00229	0.00994	0.00545	0.00373	0.01069
10	0.02387	0.02875	0.02273	0.08801	0.17870	0.49416	0.01647	0.02656	0.01914	0.01921	0.01194	0.01478	0.00988	0.00724	0.00676	0.00199	0.01179	0.00525	0.00367	0.00910
11	0.79588	0.01406	0.01068	0.00956	0.01406	0.01631	0.00787	0.02137	0.01237	0.03261	0.01012	0.01181	0.00787	0.00675	0.00450	0.00225	0.00562	0.00394	0.00450	0.00787
12	0.02763	0.02036	0.02182	0.01672	0.02254	0.02254	0.01382	0.67496	0.03418	0.04581	0.01745	0.01745	0.01236	0.00873	0.00727	0.00218	0.00800	0.00654	0.00727	0.01236
13	0.00886	0.00633	0.00843	0.01012	0.01054	0.00590	0.00675	0.01012	0.01392	0.01856	0.04006	0.73979	0.04808	0.02277	0.00928	0.00295	0.00422	0.02066	0.00675	0.00590
14	0.01768	0.01696	0.02895	0.09402	0.65220	0.01719	0.02216	0.02204	0.01641	0.02337	0.01362	0.01809	0.01138	0.00653	0.00720	0.00218	0.00871	0.00648	0.00357	0.01127
15	0.01542	0.16085	0.59100	0.01928	0.02924	0.01894	0.02436	0.02280	0.01525	0.02199	0.01254	0.01471	0.00923	0.00679	0.00652	0.00217	0.01023	0.00511	0.00308	0.01050
16	0.01539	0.01521	0.02126	0.01844	0.01847	0.02108	0.01524	0.01696	0.01133	0.01757	0.01175	0.06831	0.01233	0.01345	0.02280	0.00316	0.67860	0.00740	0.00344	0.00780
17	0.00901	0.00639	0.00839	0.00993	0.01032	0.00600	0.00654	0.01016	0.01363	0.01817	0.03857	0.67957	0.04619	0.08556	0.01169	0.00331	0.00446	0.01979	0.00654	0.00577
18	0.02670	0.03068	0.02059	0.01809	0.02227	0.53645	0.01385	0.15736	0.06325	0.02409	0.01357	0.01481	0.01073	0.00788	0.00675	0.00197	0.01166	0.00526	0.00466	0.00939
19	0.01943	0.74891	0.03809	0.01244	0.01866	0.02876	0.01244	0.02177	0.01477	0.01710	0.01011	0.01166	0.00933	0.00622	0.00466	0.00155	0.00777	0.00389	0.00311	0.00933
20	0.01507	0.01292	0.01507	0.01077	0.01723	0.00969	0.00861	0.01830	0.01507	0.02369	0.01292	0.01507	0.01077	0.00538	0.00538	0.00108	0.00538	0.00431	0.00431	0.78898
21	0.00884	0.00639	0.00837	0.00996	0.01050	0.00592	0.00667	0.01014	0.01408	0.01862	0.04208	0.69957	0.08700	0.02251	0.00924	0.00292	0.00419	0.02034	0.00675	0.00592
22	0.01567	0.01458	0.02448	0.28384	0.38025	0.01573	0.02020	0.02005	0.01586	0.02165	0.01658	0.02668	0.01475	0.00850	0.00759	0.00240	0.00876	0.08890	0.00386	0.00967
23	0.01808	0.01561	0.01644	0.01479	0.01890	0.01808	0.01151	0.03863	0.68606	0.03041	0.02959	0.02712	0.02219	0.00986	0.00740	0.00247	0.00575	0.00822	0.00740	0.01151
24	0.01507	0.01292	0.01507	0.01077	0.01723	0.00969	0.00861	0.01830	0.01507	0.02369	0.01292	0.01507	0.01077	0.00538	0.00538	0.00108	0.00538	0.00431	0.00431	0.78898
25	0.00886	0.00633	0.00843	0.01012	0.01054	0.00590	0.00675	0.01012	0.01392	0.01856	0.04006	0.73979	0.04808	0.02277	0.00928	0.00295	0.00422	0.02066	0.00675	0.00590
26	0.02607	0.13645	0.02319	0.01769	0.02193	0.57120	0.01380	0.07030	0.02065	0.01953	0.01148	0.01318	0.00955	0.00739	0.00633	0.00185	0.01201	0.00469	0.00388	0.00881
27	0.01263	0.00631	0.00947	0.00947	0.00947	0.00631	0.00631	0.00947	0.00947	0.01263	0.01263	0.02210	0.01263	0.02525	0.02841	0.78851	0.00631	0.00631	0.00316	0.00316
28	0.01613	0.01574	0.02495	0.40994	0.31901	0.04921	0.02078	0.02062	0.01566	0.02069	0.01315	0.01851	0.01043	0.00695	0.00720	0.00229	0.00941	0.00638	0.00341	0.00952
29	0.01656	0.01323	0.01428	0.01308	0.01676	0.01452	0.01026	0.03102	0.46235	0.06778	0.03910	0.03963	0.15987	0.01228	0.00782	0.00251	0.00543	0.05609	0.00731	0.01012
30	0.01373	0.01292	0.02180	0.72707	0.05006	0.01615	0.02019	0.01857	0.01453	0.01857	0.01292	0.01938	0.00969	0.00727	0.00727	0.00242	0.00969	0.00646	0.00323	0.00807
31	0.00891	0.00656	0.00836	0.00964	0.01045	0.00600	0.00657	0.01040	0.01475	0.01941	0.08808	0.59357	0.14746	0.02159	0.00913	0.00283	0.00408	0.01937	0.00683	0.00600
32	0.01722	0.01943	0.04187	0.03170	0.08832	0.01830	0.62328	0.02321	0.01711	0.02332	0.01463	0.01948	0.01107	0.00615	0.00847	0.00243	0.01198	0.00842	0.00367	0.00993
33	0.00859	0.00736	0.00736	0.00736	0.00982	0.00614	0.00552	0.01043	0.01657	0.01964	0.07364	0.06996	0.69624	0.01841	0.00859	0.00245	0.00368	0.01534	0.00675	0.00614
34	0.03127	0.01207	0.01644	0.01271	0.01809	0.01045	0.01045	0.03412	0.02079	0.66369	0.06872	0.02652	0.02103	0.00935	0.00739	0.00225	0.00602	0.00766	0.00894	0.01204
35	0.01509	0.01258	0.01178	0.01101	0.01376	0.09902	0.00820	0.01693	0.01954	0.07329	0.24364	0.05563	0.35779	0.01612	0.00890	0.00262	0.00565	0.01302	0.00740	0.00803
36	0.79588	0.01406	0.01068	0.00956	0.01406	0.01631	0.00787	0.02137	0.01237	0.03261	0.01012	0.01181	0.00787	0.00675	0.00450	0.00225	0.00562	0.00394	0.00450	0.00787
37	0.00995	0.00742	0.00925	0.00879	0.01065	0.00672	0.00659	0.01307	0.01978	0.02727	0.57239	0.05739	0.19273	0.01556	0.00858	0.00232	0.00348	0.01358	0.00775	0.00672
38	0.02795	0.01164	0.01557	0.01234	0.01720	0.01035	0.01004	0.03170	0.05178	0.55231	0.14772	0.03013	0.02722	0.01008	0.00754	0.00227	0.00567	0.00839	0.00874	0.01135
39	0.03238	0.01274	0.01710	0.01311	0.01874	0.01124	0.01083	0.06524	0.02143	0.67353	0.02815	0.02440	0.01773	0.00898	0.00731	0.00225	0.00627	0.00727	0.00892	0.01237
40	0.03261	0.01237	0.01687	0.01293	0.01856	0.01068	0.01068	0.03543	0.02081	0.70423	0.02868	0.02474	0.01799	0.00900	0.00731	0.00225	0.00619	0.00731	0.00900	0.01237
41	0.00896	0.00641	0.00853	0.01005	0.01057	0.00598	0.00676	0.01039	0.01442	0.01935	0.08945	0.68813	0.04962	0.02218	0.00922	0.00290	0.00416	0.02010	0.00684	0.00598
42	0.01430	0.03562	0.66120	0.01996	0.03011	0.01622	0.02555	0.02241	0.01569	0.02342	0.05775	0.01790	0.01310	0.00743	0.00702	0.00230	0.01026	0.00588	0.00339	0.01049
43	0.01038	0.00779	0.01168	0.01168	0.01298	0.00909	0.00909	0.01298	0.01168	0.01687	0.01947	0.02856	0.01817	0.05452	0.71573	0.01168	0.01947	0.00779	0.00389	0.00649
44	0.00886	0.00633	0.00843	0.01012	0.01054	0.00590	0.00675	0.01012	0.01392	0.01856	0.04006	0.73979	0.04808	0.02277	0.00928	0.00295	0.00422	0.02066	0.00675	0.00590
45	0.01169	0.01006	0.01502	0.01384	0.01476	0.01126	0.07388	0.01326	0.01291	0.01789	0.02692	0.36020	0.03099	0.16070	0.01814	0.00376	0.17904	0.01408	0.00513	0.00648
46	0.00944	0.00676	0.00830	0.00914	0.00975	0.00642	0.00597	0.01050	0.01334	0.01758	0.05717	0.40240	0.12033	0.24264	0.04253	0.00443	0.00553	0.01627	0.00597	0.00552
47	0.01057	0.00705	0.00793	0.00793	0.00793	0.00705	0.00440	0.01057	0.01057	0.01409	0.02290	0.04757	0.02643	0.74454	0.03700	0.00705	0.00705	0.01057	0.00440	0.00440
48	0.02208	0.01772	0.01612	0.01353	0.01749	0.12900	0.01072	0.30100	0.07275	0.03381	0.01945	0.02072	0.01472	0.00852	0.00642	0.00199	0.00710	0.00644	0.27065	0.00977

[dist]
# distance from previous block
# <min> <max>
0	2

[block]
# block no. 4 follows, 28 sequences, length 34
# corresponding to MSA columns:
# 193-226
name=unknown_E
#
# <colnr> <probs for GDERKNQSTAVLIFYWHMCP>
#	G	D	E	R	K	N	Q	S	T	A	V	L	I	F	Y	W	H	M	C	P
0	0.01920	0.33826	0.26247	0.01675	0.02381	0.16161	0.01780	0.02350	0.01601	0.01927	0.01132	0.01335	0.00930	0.00693	0.00646	0.00193	0.03458	0.00464	0.00323	0.00958
1	0.01987	0.01223	0.01509	0.01137	0.01710	0.00969	0.00909	0.02282	0.01671	0.22852	0.01983	0.07572	0.01592	0.00786	0.00627	0.00158	0.00553	0.00652	0.00592	0.49238
2	0.01547	0.01418	0.02033	0.01452	0.02115	0.01133	0.13418	0.01924	0.01547	0.02361	0.01326	0.01593	0.01082	0.00552	0.00599	0.00134	0.00668	0.00511	0.00419	0.64167
3	0.01108	0.00811	0.00986	0.00981	0.01200	0.00752	0.00777	0.01462	0.04515	0.04706	0.29201	0.06355	0.27303	0.01680	0.00881	0.00258	0.00441	0.15159	0.00730	0.00695
4	0.01155	0.00885	0.01283	0.09203	0.01707	0.01043	0.01017	0.01516	0.04215	0.01849	0.01934	0.02748	0.01740	0.06147	0.50245	0.00897	0.03804	0.00760	0.07160	0.00690
5	0.01663	0.15464	0.02477	0.04600	0.02012	0.04499	0.01509	0.01854	0.01228	0.01745	0.01023	0.01565	0.00984	0.01275	0.04629	0.00314	0.51430	0.00590	0.00322	0.00817
6	0.01010	0.00742	0.00945	0.00894	0.01074	0.00678	0.00671	0.01335	0.02013	0.02808	0.62539	0.05606	0.13922	0.01526	0.00858	0.00231	0.00346	0.01339	0.00786	0.00678
7	0.02763	0.02036	0.02182	0.01672	0.02254	0.02254	0.01382	0.67496	0.03418	0.04581	0.01745	0.01745	0.01236	0.00873	0.00727	0.00218	0.00800	0.00654	0.00727	0.01236
8	0.00916	0.00739	0.00815	0.00796	0.01017	0.00638	0.00597	0.01153	0.01791	0.02282	0.28187	0.06471	0.48602	0.01722	0.00859	0.00240	0.00360	0.01461	0.00717	0.00638
9	0.02520	0.10502	0.02290	0.04652	0.02294	0.18688	0.01379	0.36679	0.08306	0.03348	0.01599	0.01667	0.01203	0.00819	0.00682	0.00207	0.00907	0.00594	0.00581	0.01083
10	0.02763	0.02036	0.02182	0.01672	0.02254	0.02254	0.01382	0.67496	0.03418	0.04581	0.01745	0.01745	0.01236	0.00873	0.00727	0.00218	0.00800	0.00654	0.00727	0.01236
11	0.05900	0.01802	0.01844	0.01460	0.01950	0.04382	0.01191	0.49872	0.02915	0.04070	0.01809	0.01887	0.01324	0.00855	0.00671	0.00208	0.00720	0.00641	0.15404	0.01097
12	0.02399	0.10920	0.02158	0.01688	0.02113	0.41329	0.01320	0.07328	0.19177	0.02280	0.01623	0.01683	0.01285	0.00804	0.00661	0.00201	0.01028	0.00562	0.00484	0.00958
13	0.00867	0.00737	0.00748	0.00745	0.00987	0.00617	0.00559	0.01059	0.01676	0.02009	0.10352	0.06920	0.66607	0.01824	0.00859	0.00245	0.00367	0.01524	0.00681	0.00617
14	0.01124	0.00817	0.01109	0.01257	0.01428	0.00801	0.01081	0.01433	0.01660	0.02138	0.04251	0.10839	0.11574	0.02001	0.00984	0.00323	0.00625	0.55226	0.00670	0.00660
15	0.00891	0.00635	0.00842	0.01005	0.01046	0.00594	0.00667	0.01014	0.01380	0.01841	0.03949	0.71657	0.04735	0.04699	0.01021	0.00309	0.00431	0.02033	0.00667	0.00585
16	0.01943	0.74891	0.03809	0.01244	0.01866	0.02876	0.01244	0.02177	0.01477	0.01710	0.01011	0.01166	0.00933	0.00622	0.00466	0.00155	0.00777	0.00389	0.00311	0.00933
17	0.01526	0.11669	0.59616	0.02032	0.03037	0.01830	0.05973	0.02289	0.01538	0.02237	0.01280	0.01516	0.00932	0.00679	0.00674	0.00223	0.01049	0.00538	0.00311	0.01053
18	0.02612	0.03269	0.02160	0.02164	0.09863	0.63680	0.01497	0.02827	0.02014	0.01846	0.01151	0.01366	0.00961	0.00738	0.00663	0.00190	0.01261	0.00488	0.00373	0.00877
19	0.01030	0.00693	0.00801	0.00827	0.00834	0.00687	0.00477	0.01050	0.01110	0.01479	0.02559	0.15603	0.02982	0.63145	0.03265	0.00641	0.00660	0.01215	0.00477	0.00464
20	0.01687	0.04094	0.01584	0.01360	0.01735	0.05432	0.01060	0.03210	0.48918	0.02811	0.10688	0.03281	0.08841	0.01095	0.00750	0.00238	0.00578	0.00908	0.00705	0.01024
21	0.02601	0.01258	0.01619	0.01212	0.01806	0.01031	0.00990	0.02898	0.01865	0.44789	0.02274	0.02110	0.01527	0.00764	0.00658	0.00181	0.00588	0.00618	0.00723	0.30490
22	0.01799	0.01727	0.02950	0.04462	0.69919	0.01727	0.02231	0.02231	0.01655	0.02375	0.01367	0.01799	0.01151	0.00648	0.00720	0.00216	0.00864	0.00648	0.00360	0.01151
23	0.00879	0.00660	0.00815	0.00938	0.01035	0.00597	0.00642	0.01020	0.01463	0.01884	0.04904	0.56069	0.22138	0.02161	0.00909	0.00282	0.00407	0.01924	0.00675	0.00597
24	0.02575	0.01825	0.01963	0.01535	0.02060	0.02003	0.01258	0.54017	0.06630	0.07066	0.01928	0.01936	0.01383	0.00877	0.00703	0.00214	0.00729	0.00669	0.09460	0.01169
25	0.02087	0.61578	0.03483	0.01361	0.01937	0.15673	0.01274	0.02312	0.01586	0.01723	0.01032	0.01193	0.00933	0.00646	0.00502	0.00161	0.00877	0.00403	0.00323	0.00916
26	0.00955	0.00736	0.00849	0.00823	0.01011	0.00655	0.00602	0.01194	0.01781	0.02343	0.35150	0.06067	0.34598	0.08704	0.01133	0.00282	0.00389	0.01388	0.00709	0.00630
27	0.44145	0.01554	0.01578	0.14713	0.02315	0.01795	0.01180	0.19657	0.01864	0.03351	0.01262	0.01476	0.00942	0.00738	0.00577	0.00226	0.00703	0.00511	0.00500	0.00912
28	0.00983	0.00675	0.00832	0.00907	0.00999	0.00633	0.00619	0.01161	0.01507	0.02095	0.15550	0.39696	0.10044	0.10722	0.01200	0.00315	0.00428	0.01609	0.09426	0.00601
29	0.03883	0.01355	0.01439	0.01353	0.01556	0.14186	0.07399	0.01569	0.01511	0.01899	0.02826	0.40398	0.03206	0.09979	0.01158	0.00308	0.00710	0.01420	0.00545	0.03299
30	0.10812	0.01588	0.01590	0.14747	0.02268	0.10144	0.01173	0.16312	0.04927	0.02900	0.01691	0.01943	0.01295	0.00788	0.00620	0.00202	0.00725	0.00602	0.20694	0.04978
31	0.05787	0.01806	0.02039	0.01628	0.02054	0.02087	0.01341	0.46068	0.02717	0.03775	0.04565	0.01907	0.01439	0.01187	0.04440	0.00283	0.14497	0.00675	0.00625	0.01080
32	0.21177	0.01494	0.09075	0.01184	0.01665	0.01274	0.01058	0.05278	0.07668	0.07978	0.18606	0.02825	0.05550	0.00963	0.00667	0.00213	0.00571	0.00767	0.00600	0.11387
33	0.24595	0.03942	0.22398	0.04855	0.12240	0.01674	0.07542	0.04556	0.01585	0.05674	0.03652	0.01696	0.01186	0.00715	0.00644	0.00226	0.00841	0.00579	0.00421	0.00979

[dist]
# distance from previous block
# <min> <max>
0	19

[block]
# block no. 5 follows, 28 sequences, length 22
# corresponding to MSA columns:
# 248-269
name=unknown_F
#
# <colnr> <probs for GDERKNQSTAVLIFYWHMCP>
#	G	D	E	R	K	N	Q	S	T	A	V	L	I	F	Y	W	H	M	C	P
0	0.04600	0.01073	0.01267	0.01388	0.10596	0.01122	0.00912	0.12418	0.01824	0.02948	0.02064	0.02376	0.01621	0.00998	0.03354	0.00225	0.00557	0.00663	0.49158	0.00836
1	0.34054	0.01502	0.01677	0.04902	0.16057	0.04184	0.01222	0.06910	0.01660	0.12221	0.01531	0.01703	0.01144	0.00734	0.00590	0.00217	0.00676	0.00551	0.07514	0.00950
2	0.02284	0.12651	0.02487	0.06299	0.08549	0.38123	0.03690	0.05423	0.01847	0.01969	0.01160	0.01446	0.00978	0.00783	0.00850	0.00207	0.09461	0.00525	0.00370	0.00898
3	0.01067	0.00870	0.00966	0.00962	0.01205	0.00831	0.00748	0.01569	0.11663	0.02278	0.14494	0.08443	0.40099	0.01703	0.00863	0.00257	0.00439	0.10132	0.00701	0.00710
4	0.00921	0.00752	0.00822	0.00843	0.01071	0.00654	0.00658	0.01140	0.01691	0.02071	0.11678	0.07059	0.54603	0.01839	0.00881	0.00258	0.00413	0.11333	0.00684	0.00628
5	0.01116	0.00795	0.00940	0.00881	0.00987	0.00768	0.00559	0.01195	0.01133	0.01577	0.02108	0.04062	0.02320	0.55283	0.12141	0.00683	0.00844	0.00935	0.00432	0.11239
6	0.01716	0.01961	0.04289	0.03064	0.03799	0.01838	0.67279	0.02328	0.01716	0.02328	0.01471	0.01961	0.01103	0.00613	0.00858	0.00245	0.01225	0.00858	0.00368	0.00980
7	0.00909	0.00642	0.00837	0.00982	0.01018	0.00606	0.00643	0.01018	0.01346	0.01794	0.03771	0.64476	0.04510	0.12186	0.01308	0.00351	0.00461	0.01928	0.00643	0.00570
8	0.79588	0.01406	0.01068	0.00956	0.01406	0.01631	0.00787	0.02137	0.01237	0.03261	0.01012	0.01181	0.00787	0.00675	0.00450	0.00225	0.00562	0.00394	0.00450	0.00787
9	0.01306	0.00787	0.01047	0.01009	0.01202	0.00721	0.00757	0.01586	0.01878	0.11887	0.41210	0.22230	0.05537	0.01625	0.00864	0.00249	0.00415	0.04177	0.00777	0.00737
10	0.00894	0.00639	0.00851	0.01006	0.01056	0.00596	0.00675	0.01034	0.01433	0.01921	0.08026	0.69775	0.04933	0.02229	0.00923	0.00291	0.00417	0.02020	0.00682	0.00596
11	0.00918	0.00740	0.00828	0.00881	0.01085	0.00650	0.00679	0.01121	0.01623	0.01987	0.06277	0.16406	0.49081	0.01931	0.00894	0.00268	0.00429	0.12905	0.00674	0.00620
12	0.00886	0.00633	0.00843	0.01012	0.01054	0.00590	0.00675	0.01012	0.01392	0.01856	0.04006	0.73979	0.04808	0.02277	0.00928	0.00295	0.00422	0.02066	0.00675	0.00590
13	0.01458	0.03760	0.70688	0.02072	0.03146	0.01688	0.02686	0.02302	0.01535	0.02302	0.01304	0.01535	0.00921	0.00691	0.00691	0.00230	0.01074	0.00537	0.00307	0.01074
14	0.00886	0.00633	0.00843	0.01012	0.01054	0.00590	0.00675	0.01012	0.01392	0.01856	0.04006	0.73979	0.04808	0.02277	0.00928	0.00295	0.00422	0.02066	0.00675	0.00590
15	0.00916	0.00739	0.00816	0.00796	0.01017	0.00638	0.00597	0.01154	0.01792	0.02284	0.28279	0.06469	0.48510	0.01722	0.00859	0.00240	0.00360	0.01460	0.00717	0.00638
16	0.01808	0.01561	0.01644	0.01479	0.01890	0.01808	0.01151	0.03863	0.68606	0.03041	0.02959	0.02712	0.02219	0.00986	0.00740	0.00247	0.00575	0.00822	0.00740	0.01151
17	0.79588	0.01406	0.01068	0.00956	0.01406	0.01631	0.00787	0.02137	0.01237	0.03261	0.01012	0.01181	0.00787	0.00675	0.00450	0.00225	0.00562	0.00394	0.00450	0.00787
18	0.01716	0.01961	0.04289	0.03064	0.03799	0.01838	0.67279	0.02328	0.01716	0.02328	0.01471	0.01961	0.01103	0.00613	0.00858	0.00245	0.01225	0.00858	0.00368	0.00980
19	0.02763	0.02036	0.02182	0.01672	0.02254	0.02254	0.01382	0.67496	0.03418	0.04581	0.01745	0.01745	0.01236	0.00873	0.00727	0.00218	0.00800	0.00654	0.00727	0.01236
20	0.02454	0.01813	0.01970	0.01557	0.02068	0.01973	0.01263	0.55652	0.03061	0.04115	0.02037	0.11652	0.01720	0.01052	0.00747	0.00224	0.00737	0.00839	0.00708	0.04360
21	0.05392	0.18810	0.39292	0.01722	0.02556	0.06144	0.01985	0.02474	0.01616	0.11536	0.01431	0.01554	0.01039	0.00707	0.00634	0.00210	0.00938	0.00521	0.00400	0.01039

[dist]
# distance from previous block
# <min> <max>
0	1

[block]
# block no. 6 follows, 28 sequences, length 16
# corresponding to MSA columns:
# 271-286
name=unknown_G
#
# <colnr> <probs for GDERKNQSTAVLIFYWHMCP>
#	G	D	E	R	K	N	Q	S	T	A	V	L	I	F	Y	W	H	M	C	P
0	0.12190	0.10886	0.11006	0.13132	0.20476	0.04061	0.07968	0.02139	0.01552	0.02286	0.01451	0.02123	0.01244	0.00771	0.00683	0.00226	0.00888	0.05589	0.00379	0.00950
1	0.36848	0.02035	0.17489	0.05749	0.02425	0.01694	0.11361	0.02380	0.08939	0.02797	0.01382	0.01594	0.01036	0.00707	0.00615	0.00233	0.00804	0.00559	0.00430	0.00923
2	0.56394	0.04388	0.01406	0.01107	0.01596	0.01692	0.00921	0.11124	0.01648	0.11965	0.01348	0.01422	0.00983	0.00728	0.00524	0.00221	0.00610	0.00472	0.00539	0.00911
3	0.07608	0.01479	0.04063	0.01430	0.03782	0.04912	0.03404	0.09449	0.06991	0.23590	0.19031	0.02892	0.02818	0.00986	0.00734	0.00220	0.00638	0.00821	0.00710	0.04442
4	0.01995	0.70105	0.03692	0.01286	0.01891	0.07477	0.01255	0.02225	0.01516	0.01715	0.01018	0.01176	0.00933	0.00630	0.00479	0.00158	0.00813	0.00394	0.00315	0.00927
5	0.00895	0.00649	0.00846	0.00985	0.01052	0.00600	0.00667	0.01043	0.01463	0.01947	0.09444	0.63858	0.09498	0.02184	0.00917	0.00286	0.00412	0.01970	0.00685	0.00600
6	0.00905	0.00738	0.00799	0.00784	0.01010	0.00633	0.00588	0.01131	0.01764	0.02219	0.24037	0.06576	0.52792	0.01746	0.00859	0.00241	0.00361	0.01475	0.00709	0.00633
7	0.01626	0.02395	0.22172	0.07592	0.06518	0.01777	0.42477	0.02285	0.01646	0.02291	0.01409	0.01836	0.01046	0.00643	0.00797	0.00240	0.01151	0.00747	0.00348	0.01001
8	0.01263	0.00631	0.00947	0.00947	0.00947	0.00631	0.00631	0.00947	0.00947	0.01263	0.01263	0.02210	0.01263	0.02525	0.02841	0.78851	0.00631	0.00631	0.00316	0.00316
9	0.00940	0.00740	0.00848	0.00821	0.01031	0.00648	0.00616	0.01199	0.01847	0.02416	0.36901	0.06252	0.39805	0.01672	0.00858	0.00237	0.00356	0.01430	0.00734	0.00648
10	0.01750	0.01974	0.06815	0.09306	0.06663	0.01836	0.51066	0.06832	0.01800	0.02444	0.01462	0.01918	0.01094	0.00646	0.00823	0.00241	0.01150	0.00801	0.00386	0.00994
11	0.14813	0.16526	0.41573	0.01716	0.02525	0.01938	0.02017	0.02212	0.01444	0.02315	0.01175	0.01410	0.00903	0.00716	0.00726	0.00221	0.05966	0.00492	0.00333	0.00980
12	0.02333	0.01735	0.01912	0.01544	0.02015	0.01923	0.01251	0.49609	0.07412	0.03898	0.02033	0.07686	0.01659	0.01564	0.09602	0.00345	0.00898	0.00794	0.00682	0.01106
13	0.05030	0.01435	0.01838	0.33205	0.03114	0.06344	0.01506	0.07292	0.01605	0.02286	0.01460	0.01940	0.01153	0.00851	0.00940	0.00234	0.12724	0.00628	0.15597	0.00817
14	0.01121	0.00802	0.00902	0.00895	0.00996	0.00788	0.00583	0.06321	0.01425	0.01855	0.03552	0.18566	0.15722	0.40570	0.02377	0.00498	0.00592	0.01315	0.00554	0.00566
15	0.07422	0.01565	0.01843	0.12934	0.02403	0.07019	0.04037	0.15873	0.02026	0.17612	0.01829	0.02048	0.01347	0.03079	0.04289	0.00271	0.00835	0.00645	0.05099	0.07824

[dist]
# distance from previous block
# <min> <max>
0	1

[block]
# block no. 7 follows, 28 sequences, length 36
# corresponding to MSA columns:
# 288-323
name=unknown_H
#
# <colnr> <probs for GDERKNQSTAVLIFYWHMCP>
#	G	D	E	R	K	N	Q	S	T	A	V	L	I	F	Y	W	H	M	C	P
0	0.02130	0.05176	0.02172	0.20376	0.07630	0.17712	0.01553	0.21635	0.04679	0.02722	0.01618	0.06353	0.01345	0.00874	0.00712	0.00221	0.00931	0.00695	0.00495	0.00971
1	0.02722	0.02016	0.02158	0.01664	0.02239	0.02235	0.01372	0.64754	0.06226	0.04515	0.01797	0.01787	0.01279	0.00877	0.00728	0.00219	0.00790	0.00662	0.00728	0.01232
2	0.00936	0.00761	0.00843	0.00884	0.01110	0.00668	0.00704	0.01157	0.01661	0.02016	0.06501	0.07291	0.53566	0.01882	0.00895	0.00267	0.00442	0.17115	0.00674	0.00627
3	0.01765	0.22951	0.02827	0.01793	0.02084	0.07767	0.08146	0.02000	0.01357	0.01796	0.01088	0.01549	0.01006	0.01191	0.05105	0.00297	0.35515	0.00581	0.00329	0.00850
4	0.01881	0.01977	0.02853	0.06014	0.41351	0.13405	0.11933	0.02294	0.01727	0.02235	0.01514	0.02197	0.01315	0.00758	0.00750	0.00225	0.00984	0.05177	0.00384	0.01027
5	0.01157	0.00826	0.01154	0.01322	0.01483	0.00824	0.01146	0.01481	0.01659	0.02159	0.03857	0.11591	0.04216	0.02022	0.01000	0.00333	0.00657	0.61780	0.00670	0.00665
6	0.00861	0.00728	0.00745	0.00758	0.00988	0.00612	0.00562	0.01041	0.01636	0.01955	0.07095	0.12367	0.64427	0.01876	0.00865	0.00249	0.00372	0.01577	0.00675	0.00612
7	0.01943	0.74891	0.03809	0.01244	0.01866	0.02876	0.01244	0.02177	0.01477	0.01710	0.01011	0.01166	0.00933	0.00622	0.00466	0.00155	0.00777	0.00389	0.00311	0.00933
8	0.01507	0.01292	0.01507	0.01077	0.01723	0.00969	0.00861	0.01830	0.01507	0.02369	0.01292	0.01507	0.01077	0.00538	0.00538	0.00108	0.00538	0.00431	0.00431	0.78898
9	0.01943	0.74891	0.03809	0.01244	0.01866	0.02876	0.01244	0.02177	0.01477	0.01710	0.01011	0.01166	0.00933	0.00622	0.00466	0.00155	0.00777	0.00389	0.00311	0.00933
10	0.00886	0.00633	0.00843	0.01012	0.01054	0.00590	0.00675	0.01012	0.01392	0.01856	0.04006	0.73979	0.04808	0.02277	0.00928	0.00295	0.00422	0.02066	0.00675	0.00590
11	0.79588	0.01406	0.01068	0.00956	0.01406	0.01631	0.00787	0.02137	0.01237	0.03261	0.01012	0.01181	0.00787	0.00675	0.00450	0.00225	0.00562	0.00394	0.00450	0.00787
12	0.05308	0.12008	0.04435	0.01771	0.02200	0.58545	0.01404	0.02769	0.01944	0.01840	0.01112	0.01296	0.00930	0.00729	0.00626	0.00186	0.01212	0.00458	0.00367	0.00859
13	0.02679	0.08327	0.02257	0.01724	0.02221	0.31644	0.01381	0.35042	0.02691	0.03170	0.01425	0.01516	0.01086	0.00801	0.00676	0.00200	0.01015	0.00555	0.00545	0.01046
14	0.01041	0.00770	0.01124	0.01124	0.01239	0.00885	0.00854	0.01270	0.01155	0.01655	0.01987	0.03078	0.01914	0.13523	0.63634	0.01114	0.01802	0.00811	0.00395	0.00625
15	0.02135	0.57580	0.03408	0.01365	0.01958	0.09011	0.01279	0.11955	0.01818	0.02143	0.01130	0.01265	0.00978	0.00671	0.00522	0.00168	0.00829	0.00435	0.00379	0.00970
16	0.02181	0.01558	0.01808	0.01448	0.01868	0.01686	0.03999	0.38372	0.04983	0.06309	0.01980	0.02454	0.01607	0.12450	0.06749	0.00365	0.00837	0.00746	0.07597	0.01004
17	0.07697	0.01449	0.02264	0.41285	0.22899	0.01665	0.01904	0.02165	0.07495	0.02221	0.01440	0.01908	0.01118	0.00723	0.00704	0.00234	0.00872	0.00642	0.00381	0.00934
18	0.01496	0.09364	0.65419	0.02007	0.03045	0.01782	0.02572	0.02292	0.01530	0.02255	0.01281	0.01506	0.00922	0.00685	0.00673	0.00224	0.01051	0.00525	0.00307	0.01063
19	0.00903	0.00646	0.00859	0.01000	0.01058	0.00602	0.00676	0.01056	0.01473	0.01986	0.12050	0.65565	0.05059	0.02180	0.00919	0.00287	0.00412	0.01974	0.00690	0.00602
20	0.01765	0.01760	0.02843	0.12746	0.42833	0.06788	0.11110	0.02163	0.01622	0.02186	0.01347	0.01830	0.01112	0.00781	0.00871	0.05274	0.00946	0.00663	0.00354	0.01006
21	0.23681	0.06730	0.02145	0.02178	0.18574	0.15541	0.01429	0.14151	0.01907	0.02838	0.01252	0.01474	0.01003	0.00737	0.00679	0.00213	0.03514	0.00526	0.00450	0.00978
22	0.00906	0.00648	0.00861	0.00999	0.01059	0.00604	0.00676	0.01062	0.01485	0.02003	0.13144	0.64421	0.05094	0.02167	0.00918	0.00286	0.00411	0.01962	0.00692	0.00604
23	0.00886	0.00633	0.00843	0.01012	0.01054	0.00590	0.00675	0.01012	0.01392	0.01856	0.04006	0.73979	0.04808	0.02277	0.00928	0.00295	0.00422	0.02066	0.00675	0.00590
24	0.02965	0.01581	0.05316	0.01408	0.01975	0.04386	0.01204	0.14322	0.02280	0.49773	0.05315	0.02374	0.01832	0.00902	0.00730	0.00223	0.00692	0.00721	0.00812	0.01188
25	0.01015	0.00743	0.00953	0.00900	0.01078	0.00680	0.00675	0.01346	0.02026	0.02840	0.64638	0.05553	0.11804	0.01514	0.00857	0.00230	0.00345	0.01332	0.00790	0.00680
26	0.03261	0.01237	0.01687	0.01293	0.01856	0.01068	0.01068	0.03543	0.02081	0.70423	0.02868	0.02474	0.01799	0.00900	0.00731	0.00225	0.00619	0.00731	0.00900	0.01237
27	0.01504	0.01426	0.02417	0.51726	0.24963	0.01649	0.02084	0.01972	0.01515	0.02016	0.01315	0.01895	0.01025	0.00702	0.00725	0.00234	0.00937	0.00647	0.00334	0.00913
28	0.00926	0.00660	0.00881	0.01043	0.01099	0.00624	0.00726	0.01073	0.01413	0.01878	0.03924	0.63483	0.04652	0.04925	0.01040	0.00315	0.00462	0.09616	0.00665	0.00594
29	0.01355	0.00678	0.00678	0.00678	0.00847	0.00678	0.00508	0.01694	0.01524	0.02710	0.02371	0.02710	0.01863	0.00847	0.00508	0.00169	0.00339	0.00678	0.78489	0.00678
30	0.00923	0.00745	0.00826	0.00822	0.01043	0.00647	0.00627	0.01159	0.01763	0.02226	0.23374	0.06664	0.49028	0.01759	0.00868	0.00247	0.00381	0.05557	0.00707	0.00636
