[name]
unknown

[dist]
# distance from previous block
# <min> <max>
49	80

[block]
# block no. 0 follows, 28 sequences, length 43
# corresponding to MSA columns:
# 101-143
name=unknown_A
#
# <colnr> <probs for GDERKNQSTAVLIFYWHMCP>
#	G	D	E	R	K	N	Q	S	T	A	V	L	I	F	Y	W	H	M	C	P
0	0.07416	0.04999	0.02087	0.15460	0.05926	0.11711	0.01463	0.18842	0.08630	0.05777	0.01719	0.01913	0.02991	0.00864	0.00832	0.00228	0.06999	0.00638	0.00517	0.00988
1	0.05534	0.03643	0.04264	0.03877	0.02104	0.09559	0.03554	0.14388	0.17301	0.10261	0.02063	0.05976	0.01632	0.01012	0.02552	0.00239	0.00785	0.00721	0.00600	0.09934
2	0.01435	0.01326	0.02127	0.56400	0.08173	0.01611	0.01873	0.01965	0.04757	0.01986	0.01396	0.01959	0.01074	0.00763	0.00805	0.00238	0.04913	0.00648	0.02951	0.03601
3	0.01298	0.00676	0.00977	0.00962	0.00979	0.00682	0.00645	0.02905	0.01024	0.01366	0.01321	0.02305	0.01321	0.05547	0.02816	0.73207	0.00639	0.00650	0.00333	0.00348
4	0.01651	0.01576	0.02682	0.28223	0.47318	0.01688	0.02157	0.02101	0.01585	0.02195	0.01341	0.01847	0.01088	0.00675	0.00722	0.00225	0.00900	0.00647	0.00347	0.01032
5	0.01507	0.01292	0.01507	0.01077	0.01723	0.00969	0.00861	0.01830	0.01507	0.02369	0.01292	0.01507	0.01077	0.00538	0.00538	0.00108	0.00538	0.00431	0.00431	0.78898
6	0.01181	0.00878	0.01151	0.01275	0.01458	0.00889	0.01073	0.01649	0.08134	0.02211	0.04033	0.14471	0.08783	0.01925	0.00960	0.00316	0.00613	0.47621	0.00677	0.00704
7	0.01355	0.00678	0.00678	0.00678	0.00847	0.00678	0.00508	0.01694	0.01524	0.02710	0.02371	0.02710	0.01863	0.00847	0.00508	0.00169	0.00339	0.00678	0.78489	0.00678
8	0.00886	0.00633	0.00843	0.01012	0.01054	0.00590	0.00675	0.01012	0.01392	0.01856	0.04006	0.73979	0.04808	0.02277	0.00928	0.00295	0.00422	0.02066	0.00675	0.00590
9	0.01038	0.00779	0.01168	0.01168	0.01298	0.00909	0.00909	0.01298	0.01168	0.01687	0.01947	0.02856	0.01817	0.05452	0.71573	0.01168	0.01947	0.00779	0.00389	0.00649
10	0.01188	0.00962	0.01308	0.01226	0.01275	0.01177	0.00918	0.01329	0.01114	0.01604	0.01813	0.03208	0.01889	0.29051	0.29389	0.00782	0.19924	0.00841	0.00389	0.00612
11	0.01874	0.01492	0.01586	0.01411	0.01815	0.01698	0.01102	0.06380	0.57190	0.06045	0.02853	0.02660	0.02128	0.00966	0.00719	0.00238	0.00567	0.00798	0.07358	0.01118
12	0.01693	0.01895	0.03921	0.02858	0.03462	0.01908	0.55555	0.02225	0.01608	0.02225	0.01378	0.01895	0.01076	0.00730	0.01131	0.00258	0.14058	0.00818	0.00359	0.00947
13	0.69089	0.06660	0.01335	0.01023	0.01494	0.01760	0.00858	0.06386	0.01396	0.03237	0.01060	0.01216	0.00827	0.00684	0.00469	0.00220	0.00593	0.00410	0.00458	0.00827
14	0.01777	0.01655	0.02736	0.06996	0.58763	0.01679	0.02072	0.05902	0.01731	0.02446	0.01557	0.06492	0.01386	0.00770	0.00734	0.00222	0.00836	0.00740	0.00400	0.01105
15	0.01355	0.00678	0.00678	0.00678	0.00847	0.00678	0.00508	0.01694	0.01524	0.02710	0.02371	0.02710	0.01863	0.00847	0.00508	0.00169	0.00339	0.00678	0.78489	0.00678
16	0.01889	0.01543	0.01646	0.01469	0.01888	0.01767	0.01146	0.03845	0.64913	0.06781	0.02954	0.02699	0.02196	0.00981	0.00739	0.00245	0.00578	0.00817	0.00749	0.01155
17	0.01568	0.01412	0.02349	0.03280	0.42833	0.01407	0.04043	0.01971	0.01664	0.02301	0.02272	0.04130	0.02251	0.01141	0.00828	0.00260	0.00805	0.24042	0.00473	0.00971
18	0.01171	0.00837	0.01171	0.01339	0.01506	0.00837	0.01171	0.01506	0.01673	0.02175	0.03849	0.08199	0.04183	0.02008	0.01004	0.00335	0.00669	0.65027	0.00669	0.00669
19	0.01906	0.57032	0.12317	0.01500	0.02186	0.02620	0.06120	0.05420	0.01597	0.01971	0.01117	0.01298	0.00958	0.00642	0.00536	0.00174	0.00848	0.00454	0.00335	0.00969
20	0.01943	0.74891	0.03809	0.01244	0.01866	0.02876	0.01244	0.02177	0.01477	0.01710	0.01011	0.01166	0.00933	0.00622	0.00466	0.00155	0.00777	0.00389	0.00311	0.00933
21	0.01557	0.01245	0.01458	0.01123	0.01659	0.01027	0.00882	0.06471	0.03596	0.04446	0.03726	0.11627	0.01817	0.00851	0.00625	0.00152	0.00539	0.00716	0.00518	0.55964
22	0.01657	0.01052	0.01242	0.01150	0.01454	0.01032	0.00901	0.08834	0.09422	0.14880	0.04254	0.16865	0.20498	0.03728	0.00924	0.00273	0.00542	0.09717	0.00721	0.00852
23	0.01590	0.01590	0.02226	0.01908	0.01908	0.02226	0.01590	0.01749	0.01113	0.01749	0.00954	0.01590	0.00954	0.01272	0.02385	0.00318	0.73123	0.00636	0.00318	0.00795
24	0.00891	0.00657	0.00837	0.00976	0.01058	0.00603	0.00671	0.01035	0.01447	0.01885	0.04575	0.60229	0.15875	0.02193	0.00919	0.00288	0.00421	0.04168	0.00675	0.00597
25	0.03965	0.20479	0.38879	0.01996	0.05612	0.08283	0.06733	0.02320	0.01578	0.02146	0.01224	0.01458	0.00944	0.00672	0.00640	0.00209	0.01012	0.00519	0.00325	0.01008
26	0.01777	0.01535	0.02373	0.03285	0.45304	0.01550	0.01763	0.02433	0.12377	0.06899	0.05955	0.02607	0.07201	0.00860	0.00742	0.00224	0.00733	0.00789	0.00505	0.01088
27	0.01057	0.00705	0.00793	0.00793	0.00793	0.00705	0.00440	0.01057	0.01057	0.01409	0.02290	0.04757	0.02643	0.74454	0.03700	0.00705	0.00705	0.01057	0.00440	0.00440
28	0.02641	0.03168	0.01992	0.01785	0.02167	0.60884	0.01351	0.08951	0.02158	0.02098	0.01254	0.01433	0.01018	0.00766	0.00654	0.00189	0.01206	0.00498	0.04916	0.00870
29	0.01590	0.01590	0.02226	0.01908	0.01908	0.02226	0.01590	0.01749	0.01113	0.01749	0.00954	0.01590	0.00954	0.01272	0.02385	0.00318	0.73123	0.00636	0.00318	0.00795
30	0.02218	0.44271	0.03055	0.01459	0.02005	0.18571	0.01293	0.10857	0.06223	0.02182	0.01258	0.01374	0.01056	0.00707	0.00561	0.00177	0.00890	0.00469	0.00407	0.00965
31	0.01423	0.00768	0.00806	0.00767	0.00954	0.00761	0.00564	0.04451	0.01576	0.05541	0.02711	0.03242	0.06762	0.10925	0.00986	0.00252	0.00423	0.00791	0.55608	0.00689
32	0.02663	0.01912	0.02088	0.01620	0.02169	0.02107	0.01334	0.59984	0.03199	0.07275	0.01809	0.01856	0.01302	0.01199	0.05753	0.00286	0.00873	0.00667	0.00711	0.01195
33	0.01417	0.01373	0.06313	0.27960	0.12629	0.01361	0.01600	0.07289	0.01714	0.02315	0.09267	0.16811	0.02516	0.01158	0.00787	0.00248	0.00760	0.03137	0.00494	0.00850
34	0.05997	0.32736	0.35935	0.01621	0.02453	0.02138	0.01898	0.02218	0.01493	0.02115	0.01167	0.01362	0.00926	0.00654	0.00578	0.00193	0.00897	0.00463	0.00323	0.04832
35	0.01034	0.00841	0.00924	0.01049	0.01110	0.05636	0.00701	0.01151	0.01402	0.01801	0.03612	0.61157	0.04293	0.10164	0.01216	0.00333	0.00516	0.01841	0.00628	0.00592
36	0.01630	0.02182	0.17031	0.04377	0.06750	0.06101	0.28579	0.02183	0.01662	0.02261	0.01689	0.02573	0.01446	0.00814	0.00783	0.00233	0.01027	0.08936	0.00399	0.09344
37	0.01214	0.01057	0.05328	0.04699	0.01641	0.00888	0.06143	0.01585	0.01899	0.05968	0.44885	0.09578	0.09454	0.01384	0.00840	0.00236	0.00507	0.01240	0.00702	0.00753
38	0.02516	0.14117	0.02273	0.01673	0.02122	0.41191	0.01327	0.09516	0.10450	0.05942	0.01494	0.01571	0.01174	0.00780	0.00648	0.00195	0.01046	0.00533	0.00475	0.00957
39	0.04939	0.01349	0.01452	0.01221	0.01646	0.07471	0.00969	0.02813	0.10881	0.33817	0.10166	0.03465	0.14428	0.01118	0.00751	0.00228	0.00601	0.00911	0.00765	0.01007
40	0.02727	0.03852	0.01799	0.01364	0.01896	0.01420	0.01119	0.13313	0.12897	0.40709	0.02522	0.02313	0.01709	0.01040	0.03217	0.00252	0.00687	0.00707	0.00782	0.05674
41	0.03806	0.22110	0.15996	0.09927	0.05744	0.03553	0.01594	0.04119	0.01686	0.08569	0.07483	0.02566	0.01862	0.00898	0.00677	0.00218	0.00809	0.06976	0.00464	0.00941
42	0.01131	0.05597	0.01147	0.01035	0.01177	0.00909	0.00741	0.06313	0.01522	0.02000	0.03593	0.43148	0.10060	0.11550	0.06245	0.00390	0.00614	0.01574	0.00605	0.00650

[dist]
# distance from previous block
# <min> <max>
1	2

[block]
# block no. 1 follows, 28 sequences, length 91
# corresponding to MSA columns:
# 146-236
name=unknown_B
#
# <colnr> <probs for GDERKNQSTAVLIFYWHMCP>
#	G	D	E	R	K	N	Q	S	T	A	V	L	I	F	Y	W	H	M	C	P
0	0.04578	0.01889	0.02286	0.16594	0.20674	0.14544	0.01740	0.04609	0.01603	0.02135	0.01242	0.01693	0.01042	0.00851	0.01102	0.00240	0.18681	0.00604	0.02978	0.00914
1	0.01259	0.01102	0.01665	0.04927	0.26312	0.01071	0.01293	0.01553	0.01624	0.02174	0.08968	0.19419	0.19137	0.01440	0.00827	0.00249	0.00599	0.05004	0.00556	0.00821
2	0.01477	0.01284	0.02069	0.37004	0.16528	0.01453	0.03872	0.01907	0.01505	0.02163	0.01523	0.02043	0.01197	0.00747	0.00743	0.00221	0.03635	0.00652	0.16511	0.03467
3	0.02290	0.01789	0.02238	0.01751	0.04308	0.01825	0.08722	0.36917	0.06510	0.06152	0.01712	0.01801	0.01261	0.00767	0.00699	0.00198	0.00770	0.00639	0.00615	0.19035
4	0.01706	0.02031	0.06887	0.03025	0.03773	0.01832	0.64752	0.02327	0.01709	0.02327	0.01464	0.01944	0.01096	0.00616	0.00851	0.00245	0.01220	0.00845	0.00365	0.00984
5	0.05066	0.20902	0.21860	0.01788	0.02400	0.22310	0.04360	0.02384	0.01626	0.01987	0.01139	0.01387	0.00934	0.00746	0.00794	0.00209	0.08347	0.00498	0.00337	0.00929
6	0.01008	0.00714	0.00909	0.01018	0.03172	0.00689	0.00628	0.01122	0.01356	0.01838	0.12646	0.32774	0.04078	0.32345	0.02072	0.00455	0.00543	0.01489	0.00585	0.00559
7	0.01938	0.54742	0.15539	0.01457	0.02134	0.09853	0.01517	0.02275	0.01548	0.01823	0.01075	0.01247	0.00931	0.00647	0.00526	0.00172	0.00886	0.00423	0.00317	0.00949
8	0.01092	0.00806	0.01065	0.01039	0.01094	0.00912	0.00729	0.01214	0.01108	0.01553	0.02040	0.03706	0.02161	0.39625	0.32117	0.00869	0.06999	0.00907	0.00409	0.00556
9	0.01049	0.00701	0.00795	0.00803	0.00805	0.00700	0.00451	0.01055	0.01072	0.01429	0.02367	0.07851	0.02739	0.71228	0.03576	0.00686	0.00692	0.01102	0.00451	0.00447
10	0.00886	0.00633	0.00843	0.01012	0.01054	0.00590	0.00675	0.01012	0.01392	0.01856	0.04006	0.73979	0.04808	0.02277	0.00928	0.00295	0.00422	0.02066	0.00675	0.00590
11	0.01023	0.00743	0.00963	0.00908	0.01082	0.00683	0.00681	0.01360	0.02043	0.02881	0.67314	0.05486	0.09102	0.01499	0.00857	0.00229	0.00344	0.01322	0.00796	0.00683
12	0.00888	0.00651	0.00826	0.00963	0.01034	0.00598	0.00648	0.01018	0.01420	0.01856	0.04448	0.61562	0.14416	0.04725	0.01014	0.00302	0.00424	0.01952	0.00667	0.00589
13	0.01943	0.74891	0.03809	0.01244	0.01866	0.02876	0.01244	0.02177	0.01477	0.01710	0.01011	0.01166	0.00933	0.00622	0.00466	0.00155	0.00777	0.00389	0.00311	0.00933
14	0.00886	0.00633	0.00843	0.01012	0.01054	0.00590	0.00675	0.01012	0.01392	0.01856	0.04006	0.73979	0.04808	0.02277	0.00928	0.00295	0.00422	0.02066	0.00675	0.00590
15	0.01458	0.03760	0.70688	0.02072	0.03146	0.01688	0.02686	0.02302	0.01535	0.02302	0.01304	0.01535	0.00921	0.00691	0.00691	0.00230	0.01074	0.00537	0.00307	0.01074
16	0.79588	0.01406	0.01068	0.00956	0.01406	0.01631	0.00787	0.02137	0.01237	0.03261	0.01012	0.01181	0.00787	0.00675	0.00450	0.00225	0.00562	0.00394	0.00450	0.00787
17	0.01751	0.01678	0.02863	0.12212	0.62548	0.01714	0.02207	0.02188	0.01632	0.02316	0.01359	0.01815	0.01131	0.00657	0.00720	0.00219	0.00876	0.00647	0.00356	0.01112
18	0.01008	0.00742	0.00943	0.00892	0.01073	0.00677	0.00669	0.01331	0.02008	0.02797	0.61842	0.05624	0.14626	0.01530	0.00858	0.00231	0.00346	0.01342	0.00785	0.00677
19	0.01458	0.03760	0.70688	0.02072	0.03146	0.01688	0.02686	0.02302	0.01535	0.02302	0.01304	0.01535	0.00921	0.00691	0.00691	0.00230	0.01074	0.00537	0.00307	0.01074
20	0.00859	0.00736	0.00736	0.00736	0.00982	0.00614	0.00552	0.01043	0.01657	0.01964	0.07364	0.06996	0.69624	0.01841	0.00859	0.00245	0.00368	0.01534	0.00675	0.00614
21	0.00884	0.00639	0.00837	0.00996	0.01050	0.00592	0.00668	0.01014	0.01407	0.01862	0.04204	0.70046	0.08613	0.02252	0.00924	0.00292	0.00419	0.02035	0.00675	0.00592
22	0.01458	0.03760	0.70688	0.02072	0.03146	0.01688	0.02686	0.02302	0.01535	0.02302	0.01304	0.01535	0.00921	0.00691	0.00691	0.00230	0.01074	0.00537	0.00307	0.01074
23	0.01056	0.00708	0.00809	0.00809	0.00815	0.00713	0.00461	0.01067	0.01062	0.01421	0.02276	0.04675	0.02607	0.71487	0.06618	0.00725	0.00758	0.01045	0.00438	0.00449
24	0.01507	0.01292	0.01507	0.01077	0.01723	0.00969	0.00861	0.01830	0.01507	0.02369	0.01292	0.01507	0.01077	0.00538	0.00538	0.00108	0.00538	0.00431	0.00431	0.78898
25	0.01023	0.00743	0.00963	0.00908	0.01082	0.00683	0.00681	0.01360	0.02044	0.02882	0.67382	0.05484	0.09033	0.01498	0.00857	0.00229	0.00344	0.01322	0.00796	0.00683
26	0.00896	0.00647	0.00851	0.01009	0.01068	0.00602	0.00688	0.01034	0.01419	0.01875	0.04197	0.67369	0.08588	0.02241	0.00927	0.00294	0.00429	0.04598	0.00675	0.00595
27	0.00986	0.00740	0.00936	0.01046	0.01196	0.00689	0.00818	0.01213	0.01596	0.02046	0.07720	0.28581	0.23053	0.02024	0.00932	0.00292	0.00491	0.24334	0.00678	0.00629
28	0.00940	0.00731	0.00812	0.00813	0.00988	0.00651	0.00584	0.01125	0.01617	0.02054	0.18526	0.09198	0.40135	0.14948	0.01381	0.00330	0.00436	0.03477	0.00657	0.00597
29	0.02161	0.55123	0.03343	0.01393	0.01971	0.13695	0.01285	0.09857	0.01794	0.02054	0.01114	0.01256	0.00969	0.00671	0.00527	0.00168	0.00865	0.00432	0.00369	0.00954
30	0.03261	0.01237	0.01687	0.01293	0.01856	0.01068	0.01068	0.03543	0.02081	0.70423	0.02868	0.02474	0.01799	0.00900	0.00731	0.00225	0.00619	0.00731	0.00900	0.01237
31	0.01812	0.01766	0.02896	0.06774	0.65554	0.03880	0.02198	0.02239	0.01661	0.02338	0.01357	0.01789	0.01138	0.00654	0.00718	0.00216	0.00881	0.00642	0.00359	0.01130
32	0.01889	0.01601	0.01689	0.01496	0.01921	0.01846	0.01170	0.09228	0.63110	0.03171	0.02856	0.02631	0.02136	0.00977	0.00739	0.00244	0.00594	0.00808	0.00739	0.01158
33	0.01057	0.00755	0.01040	0.01208	0.01325	0.00738	0.00972	0.01308	0.01560	0.02047	0.03912	0.34588	0.04434	0.02116	0.00973	0.00319	0.00570	0.39770	0.00672	0.00638
34	0.06617	0.23195	0.12312	0.04056	0.02469	0.06806	0.11433	0.07874	0.01746	0.09492	0.01391	0.01591	0.01068	0.00744	0.00768	0.00213	0.06235	0.00571	0.00430	0.00988
35	0.01017	0.00735	0.00944	0.00903	0.01061	0.00680	0.00664	0.01321	0.01945	0.02728	0.59523	0.08517	0.09189	0.06323	0.01047	0.00264	0.00371	0.01341	0.00766	0.00662
36	0.01150	0.01259	0.11429	0.03523	0.01571	0.00932	0.01055	0.01673	0.05867	0.02796	0.53186	0.04574	0.05505	0.01313	0.00821	0.00230	0.00486	0.01148	0.00707	0.00775
37	0.09329	0.65069	0.03467	0.01219	0.01822	0.02688	0.01194	0.02226	0.01478	0.04545	0.01083	0.01219	0.00953	0.00638	0.00475	0.00165	0.00751	0.00403	0.00347	0.00931
38	0.00954	0.00678	0.00806	0.00879	0.00934	0.00642	0.00558	0.01036	0.01290	0.01684	0.03784	0.34897	0.13545	0.32567	0.02083	0.00460	0.00533	0.01563	0.00576	0.00531
39	0.01057	0.00705	0.00793	0.00793	0.00793	0.00705	0.00440	0.01057	0.01057	0.01409	0.02290	0.04757	0.02643	0.74454	0.03700	0.00705	0.00705	0.01057	0.00440	0.00440
40	0.01590	0.01590	0.02226	0.01908	0.01908	0.02226	0.01590	0.01749	0.01113	0.01749	0.00954	0.01590	0.00954	0.01272	0.02385	0.00318	0.73123	0.00636	0.00318	0.00795
41	0.01373	0.01292	0.02180	0.72707	0.05006	0.01615	0.02019	0.01857	0.01453	0.01857	0.01292	0.01938	0.00969	0.00727	0.00727	0.00242	0.00969	0.00646	0.00323	0.00807
42	0.01057	0.00705	0.00793	0.00793	0.00793	0.00705	0.00440	0.01057	0.01057	0.01409	0.02290	0.04757	0.02643	0.74454	0.03700	0.00705	0.00705	0.01057	0.00440	0.00440
43	0.01029	0.00743	0.00972	0.00914	0.01086	0.00686	0.00686	0.01372	0.02058	0.02915	0.69536	0.05430	0.06859	0.01486	0.00857	0.00229	0.00343	0.01315	0.00800	0.00686
44	0.01373	0.01292	0.02180	0.72707	0.05006	0.01615	0.02019	0.01857	0.01453	0.01857	0.01292	0.01938	0.00969	0.00727	0.00727	0.00242	0.00969	0.00646	0.00323	0.00807
45	0.01507	0.01292	0.01507	0.01077	0.01723	0.00969	0.00861	0.01830	0.01507	0.02369	0.01292	0.01507	0.01077	0.00538	0.00538	0.00108	0.00538	0.00431	0.00431	0.78898
46	0.02346	0.01829	0.01946	0.01588	0.02095	0.02059	0.01281	0.39670	0.31923	0.03908	0.02276	0.02168	0.01666	0.00922	0.00733	0.00231	0.00702	0.00728	0.00733	0.01199
47	0.01836	0.02218	0.18946	0.07506	0.39886	0.04159	0.04784	0.02356	0.01665	0.07599	0.01460	0.01786	0.01127	0.00684	0.00717	0.00222	0.00931	0.00630	0.00388	0.01102
48	0.01171	0.00837	0.01171	0.01339	0.01506	0.00837	0.01171	0.01506	0.01673	0.02175	0.03849	0.08199	0.04183	0.02008	0.01004	0.00335	0.00669	0.65027	0.00669	0.00669
49	0.08646	0.01877	0.02081	0.04460	0.02234	0.02160	0.01382	0.48147	0.04989	0.03911	0.01595	0.01718	0.01182	0.00912	0.00943	0.00235	0.11145	0.00636	0.00631	0.01117
50	0.01458	0.03760	0.70688	0.02072	0.03146	0.01688	0.02686	0.02302	0.01535	0.02302	0.01304	0.01535	0.00921	0.00691	0.00691	0.00230	0.01074	0.00537	0.00307	0.01074
51	0.01672	0.04239	0.13986	0.08591	0.13987	0.01809	0.37452	0.02328	0.04300	0.02304	0.01460	0.01875	0.01111	0.00654	0.00784	0.00235	0.01087	0.00744	0.00367	0.01013
52	0.01772	0.01271	0.02027	0.52674	0.04095	0.01482	0.01751	0.02192	0.01586	0.16717	0.01824	0.02211	0.03417	0.00818	0.00783	0.00241	0.03093	0.00693	0.00459	0.00894
53	0.00873	0.00737	0.00756	0.00751	0.00991	0.00620	0.00564	0.01071	0.01691	0.02044	0.12606	0.06864	0.64332	0.01811	0.00859	0.00244	0.00366	0.01516	0.00686	0.00620
54	0.02678	0.03394	0.02096	0.01978	0.05001	0.68694	0.01438	0.02875	0.02043	0.01803	0.01134	0.01331	0.00945	0.00745	0.00658	0.00188	0.01293	0.00475	0.00374	0.00855
55	0.01586	0.02956	0.42810	0.02829	0.19781	0.01723	0.13384	0.02289	0.01595	0.02324	0.01348	0.01671	0.01008	0.00667	0.00726	0.00229	0.01047	0.00618	0.00330	0.01078
56	0.01038	0.00779	0.01168	0.01168	0.01298	0.00909	0.00909	0.01298	0.01168	0.01687	0.01947	0.02856	0.01817	0.05452	0.71573	0.01168	0.01947	0.00779	0.00389	0.00649
57	0.00859	0.00736	0.00736	0.00736	0.00982	0.00614	0.00552	0.01043	0.01657	0.01964	0.07364	0.06996	0.69624	0.01841	0.00859	0.00245	0.00368	0.01534	0.00675	0.00614
58	0.01531	0.03658	0.67908	0.02040	0.03094	0.01663	0.02621	0.02352	0.01557	0.05046	0.01367	0.01573	0.00956	0.00699	0.00692	0.00230	0.01056	0.00545	0.00331	0.01081
59	0.70755	0.01642	0.01182	0.01061	0.01502	0.09663	0.00858	0.02225	0.01332	0.03091	0.01025	0.01196	0.00804	0.00683	0.00473	0.00221	0.00648	0.00402	0.00441	0.00794
60	0.01799	0.01727	0.02950	0.04462	0.69919	0.01727	0.02231	0.02231	0.01655	0.02375	0.01367	0.01799	0.01151	0.00648	0.00720	0.00216	0.00864	0.00648	0.00360	0.01151
61	0.01038	0.00779	0.01168	0.01168	0.01298	0.00909	0.00909	0.01298	0.01168	0.01687	0.01947	0.02856	0.01817	0.05452	0.71573	0.01168	0.01947	0.00779	0.00389	0.00649
62	0.79588	0.01406	0.01068	0.00956	0.01406	0.01631	0.00787	0.02137	0.01237	0.03261	0.01012	0.01181	0.00787	0.00675	0.00450	0.00225	0.00562	0.00394	0.00450	0.00787
63	0.04679	0.02090	0.15373	0.03888	0.55011	0.01716	0.02260	0.02240	0.01617	0.02395	0.01342	0.01727	0.01095	0.00657	0.00704	0.00219	0.00891	0.00618	0.00353	0.01123
64	0.00974	0.00691	0.00810	0.00855	0.00918	0.00656	0.00542	0.01062	0.01315	0.01725	0.07993	0.25240	0.14165	0.37228	0.02259	0.00482	0.00546	0.01442	0.00569	0.00527
65	0.79588	0.01406	0.01068	0.00956	0.01406	0.01631	0.00787	0.02137	0.01237	0.03261	0.01012	0.01181	0.00787	0.00675	0.00450	0.00225	0.00562	0.00394	0.00450	0.00787
66	0.01029	0.00743	0.00972	0.00914	0.01086	0.00686	0.00686	0.01372	0.02058	0.02915	0.69536	0.05430	0.06859	0.01486	0.00857	0.00229	0.00343	0.01315	0.00800	0.00686
67	0.01939	0.63027	0.03626	0.01397	0.01963	0.05735	0.03925	0.02180	0.01482	0.01741	0.01029	0.01238	0.00942	0.00679	0.00644	0.00173	0.06612	0.00431	0.00317	0.00920
68	0.01445	0.01321	0.02166	0.64974	0.07355	0.01617	0.01956	0.04498	0.01542	0.02013	0.01346	0.01948	0.01014	0.00733	0.00720	0.00238	0.00939	0.00647	0.02694	0.00834
69	0.01029	0.00743	0.00972	0.00914	0.01086	0.00686	0.00686	0.01372	0.02058	0.02915	0.69536	0.05430	0.06859	0.01486	0.00857	0.00229	0.00343	0.01315	0.00800	0.00686
70	0.01263	0.00631	0.00947	0.00947	0.00947	0.00631	0.00631	0.00947	0.00947	0.01263	0.01263	0.02210	0.01263	0.02525	0.02841	0.78851	0.00631	0.00631	0.00316	0.00316
71	0.01590	0.01590	0.02226	0.01908	0.01908	0.02226	0.01590	0.01749	0.01113	0.01749	0.00954	0.01590	0.00954	0.01272	0.02385	0.00318	0.73123	0.00636	0.00318	0.00795
72	0.01924	0.72070	0.06462	0.01277	0.01916	0.02829	0.01301	0.02182	0.01479	0.01734	0.01022	0.01181	0.00932	0.00625	0.00475	0.00158	0.00789	0.00395	0.00311	0.00938
73	0.01808	0.01561	0.01644	0.01479	0.01890	0.01808	0.01151	0.03863	0.68606	0.03041	0.02959	0.02712	0.02219	0.00986	0.00740	0.00247	0.00575	0.00822	0.00740	0.01151
74	0.03245	0.01264	0.01703	0.01306	0.01869	0.01108	0.01079	0.05678	0.02125	0.68224	0.02830	0.02450	0.01781	0.00899	0.00731	0.00225	0.00625	0.00728	0.00894	0.01237
75	0.00946	0.00824	0.01046	0.00975	0.01231	0.00717	0.05731	0.01167	0.01645	0.02016	0.08212	0.13885	0.52821	0.01790	0.00872	0.00254	0.00452	0.04118	0.00655	0.00644
76	0.01471	0.01253	0.01468	0.01073	0.01683	0.00947	0.00850	0.01782	0.01501	0.02339	0.01451	0.05763	0.01296	0.00640	0.00561	0.00119	0.00531	0.00527	0.00445	0.74300
77	0.01056	0.00709	0.00815	0.00815	0.00822	0.00717	0.00468	0.01071	0.01064	0.01426	0.02270	0.04645	0.02594	0.70402	0.07685	0.00732	0.00778	0.01041	0.00437	0.00453
78	0.04321	0.04777	0.07283	0.02783	0.30609	0.11076	0.01733	0.02785	0.14607	0.10203	0.01784	0.01926	0.01367	0.00758	0.00697	0.00218	0.00843	0.00642	0.00494	0.01095
79	0.01589	0.17397	0.48351	0.02049	0.02987	0.01941	0.11431	0.02281	0.01549	0.02190	0.01270	0.01522	0.00949	0.00666	0.00670	0.00218	0.01037	0.00553	0.00316	0.01034
80	0.01029	0.00743	0.00972	0.00914	0.01086	0.00686	0.00686	0.01372	0.02058	0.02915	0.69536	0.05430	0.06859	0.01486	0.00857	0.00229	0.00343	0.01315	0.00800	0.00686
81	0.00900	0.00728	0.00803	0.00826	0.01030	0.00631	0.00615	0.01106	0.01678	0.02091	0.15438	0.15944	0.49109	0.01858	0.00875	0.00254	0.00385	0.04414	0.00692	0.00623
82	0.04669	0.07350	0.28231	0.02402	0.05791	0.01753	0.29162	0.02213	0.01608	0.02313	0.03393	0.04909	0.01336	0.00742	0.00752	0.00233	0.01040	0.00747	0.00370	0.00986
83	0.01632	0.02543	0.25779	0.02743	0.03588	0.01790	0.46373	0.02320	0.01657	0.02320	0.01417	0.01823	0.01044	0.00638	0.00804	0.00240	0.01177	0.00754	0.00348	0.01011
84	0.01057	0.00705	0.00793	0.00793	0.00793	0.00705	0.00440	0.01057	0.01057	0.01409	0.02290	0.04757	0.02643	0.74454	0.03700	0.00705	0.00705	0.01057	0.00440	0.00440
85	0.07715	0.03571	0.65112	0.01982	0.03007	0.01684	0.02534	0.02289	0.01511	0.02379	0.01281	0.01506	0.00910	0.00689	0.00671	0.00230	0.01033	0.00526	0.00318	0.01051
86	0.04957	0.08590	0.06362	0.01241	0.01720	0.01271	0.01089	0.05074	0.04634	0.31820	0.21909	0.03079	0.03089	0.01024	0.00729	0.00220	0.00588	0.00843	0.00744	0.01016
87	0.01263	0.00631	0.00947	0.00947	0.00947	0.00631	0.00631	0.00947	0.00947	0.01263	0.01263	0.02210	0.01263	0.02525	0.02841	0.78851	0.00631	0.00631	0.00316	0.00316
88	0.00920	0.00657	0.00883	0.01051	0.01108	0.00620	0.00734	0.01071	0.01425	0.01894	0.03988	0.66092	0.04733	0.02245	0.00937	0.00300	0.00451	0.09616	0.00674	0.00600
89	0.10978	0.01328	0.01524	0.03995	0.01841	0.01399	0.01086	0.10218	0.18747	0.20072	0.06789	0.03359	0.06432	0.01099	0.00746	0.00244	0.00609	0.07798	0.00722	0.01015
90	0.04784	0.02259	0.17925	0.05607	0.11223	0.01807	0.35685	0.04917	0.01689	0.02418	0.01391	0.01797	0.01052	0.00674	0.00832	0.00239	0.03601	0.00722	0.00368	0.01010

[dist]
# distance from previous block
# <min> <max>
4	12

[block]
# block no. 2 follows, 28 sequences, length 53
# corresponding to MSA columns:
# 249-301
name=unknown_C
#
# <colnr> <probs for GDERKNQSTAVLIFYWHMCP>
#	G	D	E	R	K	N	Q	S	T	A	V	L	I	F	Y	W	H	M	C	P
0	0.06702	0.01127	0.01486	0.08739	0.04029	0.01231	0.03491	0.05715	0.10643	0.02371	0.05055	0.23728	0.06623	0.01622	0.03335	0.00300	0.04081	0.08333	0.00591	0.00797
1	0.59205	0.13626	0.01507	0.00992	0.01444	0.01749	0.00848	0.02082	0.01336	0.02962	0.05136	0.01484	0.01210	0.00720	0.00479	0.00212	0.00577	0.00457	0.03170	0.00802
2	0.65033	0.01359	0.01147	0.01005	0.01442	0.01532	0.00820	0.04239	0.01398	0.08865	0.03858	0.01507	0.01138	0.00795	0.00580	0.02914	0.00568	0.00474	0.00505	0.00819
3	0.04434	0.03846	0.11286	0.05684	0.04451	0.01447	0.01340	0.06619	0.01671	0.10393	0.05332	0.02124	0.01584	0.00881	0.00920	0.00217	0.12469	0.00645	0.16382	0.08275
4	0.00892	0.00635	0.00842	0.01004	0.01045	0.00595	0.00666	0.01014	0.01380	0.01839	0.03944	0.71465	0.04729	0.04899	0.01028	0.00310	0.00432	0.02030	0.00666	0.00585
5	0.02421	0.08823	0.02161	0.01858	0.05463	0.48993	0.01373	0.02925	0.12527	0.02023	0.01423	0.01552	0.01155	0.00764	0.00652	0.00193	0.01102	0.00525	0.00428	0.03637
6	0.04291	0.09411	0.04801	0.36057	0.11505	0.08575	0.08054	0.05047	0.01646	0.02122	0.01284	0.01736	0.01000	0.00702	0.00694	0.00223	0.00977	0.00611	0.00357	0.00907
7	0.03261	0.01237	0.01687	0.01293	0.01856	0.01068	0.01068	0.03543	0.02081	0.70423	0.02868	0.02474	0.01799	0.00900	0.00731	0.00225	0.00619	0.00731	0.00900	0.01237
8	0.03261	0.01237	0.01687	0.01293	0.01856	0.01068	0.01068	0.03543	0.02081	0.70423	0.02868	0.02474	0.01799	0.00900	0.00731	0.00225	0.00619	0.00731	0.00900	0.01237
9	0.01057	0.00705	0.00793	0.00793	0.00793	0.00705	0.00440	0.01057	0.01057	0.01409	0.02290	0.04757	0.02643	0.74454	0.03700	0.00705	0.00705	0.01057	0.00440	0.00440
10	0.01110	0.00766	0.00968	0.00904	0.01107	0.00693	0.00683	0.01424	0.01993	0.06073	0.56034	0.05542	0.16937	0.01516	0.00851	0.00231	0.00361	0.01322	0.00784	0.00701
11	0.01808	0.01561	0.01644	0.01479	0.01890	0.01808	0.01151	0.03863	0.68606	0.03041	0.02959	0.02712	0.02219	0.00986	0.00740	0.00247	0.00575	0.00822	0.00740	0.01151
12	0.01355	0.00678	0.00678	0.00678	0.00847	0.00678	0.00508	0.01694	0.01524	0.02710	0.02371	0.02710	0.01863	0.00847	0.00508	0.00169	0.00339	0.00678	0.78489	0.00678
13	0.79588	0.01406	0.01068	0.00956	0.01406	0.01631	0.00787	0.02137	0.01237	0.03261	0.01012	0.01181	0.00787	0.00675	0.00450	0.00225	0.00562	0.00394	0.00450	0.00787
14	0.02669	0.07714	0.02164	0.01835	0.02224	0.67451	0.01395	0.02859	0.02025	0.01775	0.01117	0.01302	0.00936	0.00741	0.00644	0.00185	0.01279	0.00463	0.00371	0.00848
15	0.01263	0.00631	0.00947	0.00947	0.00947	0.00631	0.00631	0.00947	0.00947	0.01263	0.01263	0.02210	0.01263	0.02525	0.02841	0.78851	0.00631	0.00631	0.00316	0.00316
16	0.01943	0.74891	0.03809	0.01244	0.01866	0.02876	0.01244	0.02177	0.01477	0.01710	0.01011	0.01166	0.00933	0.00622	0.00466	0.00155	0.00777	0.00389	0.00311	0.00933
17	0.00888	0.00676	0.00818	0.00912	0.01033	0.00606	0.00635	0.01051	0.01533	0.01976	0.10339	0.46085	0.26691	0.02068	0.00899	0.00273	0.00398	0.01828	0.00685	0.00606
18	0.01799	0.01727	0.02950	0.04462	0.69919	0.01727	0.02231	0.02231	0.01655	0.02375	0.01367	0.01799	0.01151	0.00648	0.00720	0.00216	0.00864	0.00648	0.00360	0.01151
19	0.01808	0.01561	0.01644	0.01479	0.01890	0.01808	0.01151	0.03863	0.68606	0.03041	0.02959	0.02712	0.02219	0.00986	0.00740	0.00247	0.00575	0.00822	0.00740	0.01151
20	0.01791	0.01751	0.03086	0.04320	0.63238	0.01738	0.08804	0.02241	0.01661	0.02370	0.01378	0.01815	0.01147	0.00644	0.00734	0.00219	0.00900	0.00669	0.00361	0.01134
21	0.01062	0.00763	0.00911	0.00862	0.01080	0.00675	0.00651	0.01340	0.01901	0.05570	0.42163	0.05911	0.31247	0.01599	0.00852	0.00235	0.00365	0.01375	0.00756	0.00682
22	0.01455	0.01237	0.01452	0.01071	0.01666	0.00937	0.00846	0.01762	0.01498	0.02326	0.01520	0.07598	0.01390	0.00684	0.00571	0.00123	0.00529	0.00568	0.00451	0.72316
23	0.01630	0.06003	0.22999	0.05917	0.03473	0.01857	0.38990	0.02260	0.01608	0.02237	0.01364	0.01779	0.01028	0.00676	0.00867	0.00240	0.05019	0.00721	0.00343	0.00987
24	0.01716	0.01961	0.04289	0.03064	0.03799	0.01838	0.67279	0.02328	0.01716	0.02328	0.01471	0.01961	0.01103	0.00613	0.00858	0.00245	0.01225	0.00858	0.00368	0.00980
25	0.01355	0.00678	0.00678	0.00678	0.00847	0.00678	0.00508	0.01694	0.01524	0.02710	0.02371	0.02710	0.01863	0.00847	0.00508	0.00169	0.00339	0.00678	0.78489	0.00678
26	0.01735	0.02155	0.16267	0.02811	0.28978	0.07297	0.04896	0.04886	0.08597	0.02536	0.10713	0.02294	0.01967	0.00819	0.00736	0.00223	0.00857	0.00728	0.00463	0.01043
27	0.01029	0.00743	0.00972	0.00914	0.01086	0.00686	0.00686	0.01372	0.02058	0.02915	0.69536	0.05430	0.06859	0.01486	0.00857	0.00229	0.00343	0.01315	0.00800	0.00686
28	0.02804	0.01805	0.02008	0.01547	0.02105	0.01932	0.01275	0.50981	0.03049	0.18382	0.02011	0.01943	0.01384	0.00877	0.00718	0.00217	0.00740	0.00672	0.04339	0.01211
29	0.24635	0.01760	0.02121	0.13170	0.23540	0.11053	0.04794	0.02199	0.01561	0.02462	0.01372	0.01962	0.01166	0.00760	0.00657	0.00227	0.00858	0.04389	0.00401	0.00914
30	0.01034	0.00789	0.00980	0.01064	0.01263	0.00735	0.00885	0.01308	0.01692	0.02138	0.09704	0.07521	0.31138	0.01905	0.00935	0.00291	0.00524	0.34766	0.00680	0.00648
31	0.01907	0.02055	0.05945	0.04002	0.57718	0.11144	0.02140	0.02325	0.01704	0.02291	0.01332	0.01721	0.01112	0.00663	0.00710	0.00213	0.00934	0.00618	0.00359	0.01106
32	0.00921	0.00673	0.00870	0.01012	0.01081	0.00637	0.00686	0.01124	0.03744	0.01936	0.06288	0.66179	0.07767	0.02187	0.00916	0.00289	0.00422	0.01974	0.00681	0.00614
33	0.01507	0.01292	0.01507	0.01077	0.01723	0.00969	0.00861	0.01830	0.01507	0.02369	0.01292	0.01507	0.01077	0.00538	0.00538	0.00108	0.00538	0.00431	0.00431	0.78898
34	0.04501	0.05355	0.01803	0.04601	0.01989	0.01305	0.03158	0.10113	0.01737	0.02603	0.01409	0.03663	0.01183	0.00652	0.00586	0.00145	0.00624	0.00527	0.00462	0.53583
35	0.01038	0.00779	0.01168	0.01168	0.01298	0.00909	0.00909	0.01298	0.01168	0.01687	0.01947	0.02856	0.01817	0.05452	0.71573	0.01168	0.01947	0.00779	0.00389	0.00649
36	0.01057	0.00705	0.00793	0.00793	0.00793	0.00705	0.00440	0.01057	0.01057	0.01409	0.02290	0.04757	0.02643	0.74454	0.03700	0.00705	0.00705	0.01057	0.00440	0.00440
37	0.01255	0.00966	0.01224	0.01365	0.01549	0.03615	0.01180	0.01649	0.04201	0.02192	0.03710	0.07726	0.03984	0.01921	0.00981	0.00326	0.00691	0.60112	0.00661	0.00694
38	0.01458	0.03760	0.70688	0.02072	0.03146	0.01688	0.02686	0.02302	0.01535	0.02302	0.01304	0.01535	0.00921	0.00691	0.00691	0.00230	0.01074	0.00537	0.00307	0.01074
39	0.01263	0.00631	0.00947	0.00947	0.00947	0.00631	0.00631	0.00947	0.00947	0.01263	0.01263	0.02210	0.01263	0.02525	0.02841	0.78851	0.00631	0.00631	0.00316	0.00316
40	0.00873	0.00737	0.00756	0.00751	0.00991	0.00620	0.00564	0.01071	0.01691	0.02044	0.12589	0.06864	0.64349	0.01811	0.00859	0.00244	0.00366	0.01516	0.00686	0.00620
41	0.02715	0.03464	0.02060	0.01873	0.02247	0.71536	0.01404	0.02903	0.02060	0.01779	0.01124	0.01311	0.00936	0.00749	0.00655	0.00187	0.01311	0.00468	0.00375	0.00843
42	0.00884	0.00638	0.00838	0.00997	0.01050	0.00592	0.00668	0.01014	0.01406	0.01861	0.04187	0.70373	0.08297	0.02254	0.00924	0.00293	0.00419	0.02038	0.00675	0.00592
43	0.01799	0.01727	0.02950	0.04462	0.69919	0.01727	0.02231	0.02231	0.01655	0.02375	0.01367	0.01799	0.01151	0.00648	0.00720	0.00216	0.00864	0.00648	0.00360	0.01151
44	0.01943	0.74891	0.03809	0.01244	0.01866	0.02876	0.01244	0.02177	0.01477	0.01710	0.01011	0.01166	0.00933	0.00622	0.00466	0.00155	0.00777	0.00389	0.00311	0.00933
45	0.01125	0.00771	0.00964	0.00899	0.01109	0.00693	0.00680	0.01430	0.01973	0.06727	0.52239	0.05590	0.20016	0.01527	0.00850	0.00232	0.00365	0.01327	0.00779	0.00703
46	0.01042	0.00764	0.01094	0.01094	0.01199	0.00869	0.00817	0.01251	0.01146	0.01633	0.02014	0.03229	0.01979	0.19005	0.58241	0.01077	0.01703	0.00833	0.00399	0.00608
47	0.01044	0.00786	0.01102	0.01156	0.01267	0.00764	0.03873	0.05043	0.01517	0.02032	0.03651	0.62790	0.04274	0.02271	0.04381	0.00331	0.00557	0.01862	0.00649	0.00650
48	0.02715	0.03464	0.02060	0.01873	0.02247	0.71536	0.01404	0.02903	0.02060	0.01779	0.01124	0.01311	0.00936	0.00749	0.00655	0.00187	0.01311	0.00468	0.00375	0.00843
49	0.01057	0.00705	0.00793	0.00793	0.00793	0.00705	0.00440	0.01057	0.01057	0.01409	0.02290	0.04757	0.02643	0.74454	0.03700	0.00705	0.00705	0.01057	0.00440	0.00440
50	0.01038	0.00779	0.01168	0.01168	0.01298	0.00909	0.00909	0.01298	0.01168	0.01687	0.01947	0.02856	0.01817	0.05452	0.71573	0.01168	0.01947	0.00779	0.00389	0.00649
51	0.26586	0.04880	0.02162	0.02551	0.27864	0.17514	0.01526	0.02333	0.01588	0.02472	0.01171	0.01461	0.00972	0.00701	0.00670	0.00214	0.03485	0.00516	0.00388	0.00945
52	0.01435	0.01331	0.02125	0.57897	0.08000	0.01570	0.01867	0.01994	0.05464	0.02005	0.01395	0.01935	0.01064	0.00720	0.00709	0.00228	0.00898	0.00636	0.00360	0.08367

[dist]
# distance from previous block
# <min> <max>
1	103

[block]
# block no. 3 follows, 28 sequences, length 51
# corresponding to MSA columns:
# 405-455
name=unknown_D
#
# <colnr> <probs for GDERKNQSTAVLIFYWHMCP>
#	G	D	E	R	K	N	Q	S	T	A	V	L	I	F	Y	W	H	M	C	P
0	0.03148	0.01212	0.01650	0.01274	0.01816	0.01049	0.01049	0.03432	0.02079	0.66982	0.06266	0.02625	0.02057	0.00930	0.00737	0.00225	0.00604	0.00761	0.00895	0.01209
1	0.01773	0.01489	0.01903	0.22204	0.06545	0.01648	0.01439	0.08810	0.27886	0.04817	0.02038	0.02171	0.01533	0.00816	0.00705	0.00221	0.00722	0.00688	0.00558	0.12035
2	0.79588	0.01406	0.01068	0.00956	0.01406	0.01631	0.00787	0.02137	0.01237	0.03261	0.01012	0.01181	0.00787	0.00675	0.00450	0.00225	0.00562	0.00394	0.00450	0.00787
3	0.01171	0.00837	0.01171	0.01339	0.01506	0.00837	0.01171	0.01506	0.01673	0.02175	0.03849	0.08199	0.04183	0.02008	0.01004	0.00335	0.00669	0.65027	0.00669	0.00669
4	0.01214	0.00870	0.01253	0.13372	0.01925	0.00894	0.01089	0.01533	0.01699	0.05542	0.20282	0.19044	0.04329	0.01654	0.00891	0.00279	0.00586	0.22179	0.00656	0.00709
5	0.06034	0.01759	0.01848	0.01537	0.02024	0.01992	0.01232	0.31235	0.37174	0.03716	0.02340	0.02220	0.01725	0.00922	0.00720	0.00233	0.00672	0.00729	0.00720	0.01170
6	0.01171	0.00837	0.01171	0.01339	0.01506	0.00837	0.01171	0.01506	0.01673	0.02175	0.03849	0.08199	0.04183	0.02008	0.01004	0.00335	0.00669	0.65027	0.00669	0.00669
7	0.01147	0.00819	0.01143	0.01311	0.01467	0.00816	0.01129	0.01464	0.01649	0.02148	0.03862	0.13846	0.04237	0.02031	0.00997	0.00331	0.00648	0.59622	0.00670	0.00663
8	0.01733	0.01771	0.02613	0.31140	0.32690	0.09864	0.05560	0.02167	0.01626	0.02097	0.01314	0.01806	0.01051	0.00689	0.00722	0.00225	0.00977	0.00637	0.00347	0.00970
9	0.01613	0.03028	0.41421	0.02389	0.03259	0.05191	0.24370	0.02312	0.01600	0.02257	0.01334	0.01670	0.00985	0.00697	0.00832	0.00238	0.04809	0.00647	0.00331	0.01017
10	0.01063	0.00742	0.00957	0.04520	0.01284	0.00736	0.00756	0.04526	0.01514	0.02100	0.03556	0.57971	0.04074	0.01953	0.00856	0.00273	0.00458	0.01753	0.10262	0.00645
11	0.14555	0.05658	0.10628	0.04639	0.08877	0.07582	0.27597	0.02265	0.01573	0.02348	0.01271	0.01649	0.00997	0.00701	0.00839	0.00234	0.06631	0.00648	0.00366	0.00941
12	0.00924	0.00751	0.00830	0.00863	0.01084	0.00656	0.00674	0.01141	0.01670	0.02045	0.09661	0.09527	0.52470	0.01869	0.00888	0.00262	0.00423	0.12954	0.00680	0.00626
13	0.01621	0.01364	0.01704	0.06633	0.08196	0.01178	0.01097	0.07334	0.01677	0.02533	0.01389	0.01643	0.01127	0.00605	0.00583	0.00140	0.00612	0.00497	0.04208	0.55859
14	0.01009	0.00732	0.00954	0.01065	0.01169	0.00690	0.00757	0.03296	0.01524	0.02050	0.06980	0.58553	0.04573	0.02094	0.00910	0.00286	0.00461	0.08402	0.00672	0.03821
15	0.01200	0.00879	0.01137	0.01228	0.03997	0.00871	0.00868	0.07889	0.01768	0.02395	0.17916	0.32996	0.04480	0.07764	0.01122	0.00309	0.00521	0.11286	0.00675	0.00699
16	0.79588	0.01406	0.01068	0.00956	0.01406	0.01631	0.00787	0.02137	0.01237	0.03261	0.01012	0.01181	0.00787	0.00675	0.00450	0.00225	0.00562	0.00394	0.00450	0.00787
17	0.02680	0.02031	0.02130	0.03611	0.02287	0.04973	0.01373	0.61070	0.03251	0.04336	0.01727	0.01763	0.01236	0.00863	0.00718	0.00216	0.00811	0.00647	0.03085	0.01191
18	0.01590	0.01590	0.02226	0.01908	0.01908	0.02226	0.01590	0.01749	0.01113	0.01749	0.00954	0.01590	0.00954	0.01272	0.02385	0.00318	0.73123	0.00636	0.00318	0.00795
19	0.01590	0.01590	0.02226	0.01908	0.01908	0.02226	0.01590	0.01749	0.01113	0.01749	0.00954	0.01590	0.00954	0.01272	0.02385	0.00318	0.73123	0.00636	0.00318	0.00795
20	0.00886	0.00633	0.00843	0.01012	0.01054	0.00590	0.00675	0.01012	0.01392	0.01856	0.04006	0.73979	0.04808	0.02277	0.00928	0.00295	0.00422	0.02066	0.00675	0.00590
21	0.79588	0.01406	0.01068	0.00956	0.01406	0.01631	0.00787	0.02137	0.01237	0.03261	0.01012	0.01181	0.00787	0.00675	0.00450	0.00225	0.00562	0.00394	0.00450	0.00787
22	0.00874	0.00729	0.00746	0.00754	0.00972	0.00619	0.00550	0.01043	0.01602	0.01920	0.06845	0.10084	0.61785	0.06956	0.01062	0.00280	0.00394	0.01526	0.00659	0.00600
23	0.01943	0.74891	0.03809	0.01244	0.01866	0.02876	0.01244	0.02177	0.01477	0.01710	0.01011	0.01166	0.00933	0.00622	0.00466	0.00155	0.00777	0.00389	0.00311	0.00933
24	0.01943	0.74891	0.03809	0.01244	0.01866	0.02876	0.01244	0.02177	0.01477	0.01710	0.01011	0.01166	0.00933	0.00622	0.00466	0.00155	0.00777	0.00389	0.00311	0.00933
25	0.02148	0.01673	0.01792	0.01522	0.01987	0.01889	0.01209	0.21158	0.47208	0.07169	0.02623	0.02436	0.01928	0.00951	0.00736	0.00238	0.00639	0.00771	0.00745	0.01179
26	0.01806	0.01767	0.02763	0.04066	0.60933	0.05948	0.02086	0.02216	0.01697	0.02354	0.04167	0.02108	0.01459	0.00729	0.00730	0.00218	0.00864	0.02604	0.00388	0.01099
27	0.02715	0.03464	0.02060	0.01873	0.02247	0.71536	0.01404	0.02903	0.02060	0.01779	0.01124	0.01311	0.00936	0.00749	0.00655	0.00187	0.01311	0.00468	0.00375	0.00843
28	0.00868	0.00737	0.00749	0.00746	0.00987	0.00618	0.00559	0.01061	0.01678	0.02015	0.10719	0.06911	0.66238	0.01822	0.00859	0.00245	0.00367	0.01522	0.00682	0.00618
29	0.02842	0.01283	0.01643	0.01315	0.01826	0.01209	0.01068	0.03506	0.16343	0.52717	0.06105	0.02668	0.02134	0.00947	0.00739	0.00230	0.00596	0.00779	0.00861	0.01192
30	0.01373	0.01292	0.02180	0.72707	0.05006	0.01615	0.02019	0.01857	0.01453	0.01857	0.01292	0.01938	0.00969	0.00727	0.00727	0.00242	0.00969	0.00646	0.00323	0.00807
31	0.01020	0.00743	0.00959	0.00905	0.01080	0.00682	0.00679	0.01354	0.02036	0.02864	0.66181	0.05514	0.10246	0.01505	0.00857	0.00230	0.00344	0.01326	0.00793	0.00682
32	0.00911	0.00664	0.00858	0.00966	0.01053	0.00611	0.00665	0.01085	0.01547	0.02072	0.17055	0.53963	0.11707	0.02080	0.00907	0.00277	0.00401	0.01867	0.00699	0.00611
33	0.01649	0.01827	0.03800	0.08650	0.03623	0.01820	0.53197	0.02190	0.01623	0.02216	0.01484	0.04181	0.01193	0.00741	0.01002	0.00254	0.08391	0.00856	0.00369	0.00935
34	0.01450	0.01397	0.02197	0.47710	0.03913	0.01831	0.01867	0.01819	0.01333	0.01819	0.01173	0.01815	0.00964	0.00919	0.01312	0.00269	0.26444	0.00643	0.00321	0.00803
35	0.01136	0.00812	0.01131	0.01299	0.01450	0.00806	0.01110	0.01445	0.01639	0.02136	0.03868	0.16290	0.04260	0.02041	0.00995	0.00330	0.00639	0.57283	0.00670	0.00660
36	0.00890	0.00647	0.00841	0.00985	0.01050	0.00597	0.00665	0.01032	0.01446	0.01916	0.07447	0.65124	0.10274	0.02203	0.00919	0.00288	0.00413	0.01986	0.00681	0.00597
37	0.06039	0.01454	0.01596	0.01336	0.01769	0.04354	0.01062	0.16100	0.15525	0.22902	0.09849	0.07767	0.04860	0.01087	0.00747	0.00232	0.00621	0.00891	0.00754	0.01055
38	0.01936	0.64930	0.09836	0.01350	0.02001	0.06095	0.01383	0.02223	0.01511	0.01768	0.01043	0.01207	0.00932	0.00634	0.00496	0.00164	0.00830	0.00406	0.00314	0.00941
39	0.79588	0.01406	0.01068	0.00956	0.01406	0.01631	0.00787	0.02137	0.01237	0.03261	0.01012	0.01181	0.00787	0.00675	0.00450	0.00225	0.00562	0.00394	0.00450	0.00787
40	0.03175	0.01218	0.01659	0.01279	0.01826	0.01054	0.01054	0.03458	0.02080	0.67800	0.05458	0.02589	0.01996	0.00922	0.00736	0.00225	0.00608	0.00754	0.00896	0.01216
41	0.01072	0.00813	0.01077	0.04542	0.01343	0.00821	0.00811	0.03570	0.01759	0.02425	0.33178	0.31557	0.07257	0.01735	0.00948	0.00260	0.03934	0.01524	0.00698	0.00677
42	0.00973	0.00722	0.00914	0.01006	0.01141	0.00671	0.00758	0.01189	0.01604	0.02096	0.14299	0.31315	0.19315	0.04310	0.01009	0.00297	0.00465	0.16606	0.00684	0.00623
43	0.01692	0.01920	0.06201	0.06512	0.13948	0.01758	0.48166	0.02263	0.01676	0.02314	0.01430	0.01895	0.01096	0.00622	0.00807	0.00232	0.01115	0.00781	0.00366	0.05206
44	0.00879	0.00726	0.00771	0.00783	0.01000	0.00619	0.00578	0.01073	0.01670	0.02049	0.13299	0.13688	0.56658	0.01850	0.00866	0.00249	0.00371	0.01566	0.00688	0.00619
45	0.01808	0.01561	0.01644	0.01479	0.01890	0.01808	0.01151	0.03863	0.68606	0.03041	0.02959	0.02712	0.02219	0.00986	0.00740	0.00247	0.00575	0.00822	0.00740	0.01151
46	0.03261	0.01237	0.01687	0.01293	0.01856	0.01068	0.01068	0.03543	0.02081	0.70423	0.02868	0.02474	0.01799	0.00900	0.00731	0.00225	0.00619	0.00731	0.00900	0.01237
47	0.01487	0.01338	0.02291	0.40036	0.22158	0.01504	0.04604	0.01840	0.01442	0.01928	0.01316	0.01942	0.01070	0.00976	0.01055	0.12292	0.00899	0.00653	0.00334	0.00834
48	0.01388	0.01308	0.02208	0.70266	0.07328	0.01619	0.02026	0.01871	0.01461	0.01876	0.01295	0.01933	0.00976	0.00724	0.00726	0.00241	0.00965	0.00646	0.00324	0.00820
49	0.02648	0.05415	0.02127	0.01769	0.02205	0.46414	0.01376	0.21880	0.02411	0.02600	0.01330	0.01485	0.01054	0.00935	0.02998	0.00227	0.01163	0.00531	0.00477	0.00956
50	0.01736	0.01407	0.01798	0.04503	0.10325	0.01232	0.01153	0.06795	0.01684	0.06484	0.01415	0.01638	0.01131	0.00631	0.00657	0.00149	0.03120	0.00507	0.00463	0.53172

[dist]
# distance from previous block
# <min> <max>
1	3

[block]
# block no. 4 follows, 28 sequences, length 11
# corresponding to MSA columns:
# 459-469
name=unknown_E
#
