[name]
unknown

[dist]
# distance from previous block
# <min> <max>
3	60

[block]
# block no. 0 follows, 31 sequences, length 72
# corresponding to MSA columns:
# 78-149
name=unknown_A
#
# <colnr> <probs for GDERKNQSTAVLIFYWHMCP>
#	G	D	E	R	K	N	Q	S	T	A	V	L	I	F	Y	W	H	M	C	P
0	0.16120	0.01551	0.08068	0.01553	0.06827	0.01441	0.05794	0.18236	0.03819	0.02878	0.09207	0.05446	0.06343	0.01108	0.03529	0.00251	0.00706	0.02953	0.00531	0.03640
1	0.01525	0.10059	0.09552	0.01675	0.04281	0.04322	0.12698	0.08121	0.03685	0.02184	0.06046	0.11164	0.01964	0.03271	0.03430	0.03048	0.05558	0.03215	0.00447	0.03754
2	0.06654	0.01375	0.01710	0.01688	0.10950	0.06818	0.05981	0.08010	0.06299	0.10723	0.17537	0.05310	0.05061	0.01019	0.00719	0.00216	0.00642	0.04889	0.00590	0.03809
3	0.06735	0.01354	0.04524	0.01857	0.14189	0.01263	0.08419	0.04338	0.06560	0.07111	0.17839	0.05598	0.02539	0.00910	0.00749	0.00206	0.03303	0.00803	0.00530	0.11174
4	0.01628	0.04338	0.04248	0.01985	0.18148	0.07871	0.01309	0.07066	0.18386	0.02505	0.15162	0.05034	0.04868	0.00969	0.00757	0.00215	0.03228	0.00813	0.00544	0.00924
5	0.07015	0.04055	0.01481	0.01215	0.01535	0.03825	0.00962	0.16073	0.06230	0.02633	0.10956	0.14936	0.02540	0.03271	0.00892	0.00229	0.06352	0.03657	0.00564	0.11580
6	0.04539	0.12665	0.02079	0.03891	0.04869	0.06271	0.03519	0.23177	0.08407	0.05138	0.04385	0.02049	0.05722	0.00804	0.00633	0.00190	0.00701	0.00634	0.00533	0.09794
7	0.06915	0.03757	0.03429	0.01182	0.01490	0.03423	0.05078	0.07681	0.01643	0.09117	0.10161	0.25028	0.05666	0.06610	0.00928	0.00256	0.00575	0.01123	0.00581	0.05356
8	0.13993	0.14250	0.01884	0.01196	0.01734	0.08641	0.00999	0.13214	0.01743	0.04870	0.01235	0.01367	0.00983	0.00623	0.00529	0.00154	0.00663	0.00441	0.00445	0.31035
9	0.34956	0.01418	0.01377	0.01172	0.01571	0.04377	0.00950	0.08949	0.11122	0.14779	0.04060	0.01790	0.01381	0.00803	0.00678	0.00217	0.05618	0.00562	0.03324	0.00897
10	0.00982	0.00716	0.01015	0.01015	0.01108	0.00809	0.00750	0.01168	0.01075	0.01526	0.01909	0.03114	0.01895	0.22007	0.56622	0.00996	0.01554	0.00795	0.00378	0.00564
11	0.01693	0.01626	0.02777	0.04199	0.71689	0.01626	0.02100	0.02100	0.01558	0.02235	0.01287	0.01693	0.01084	0.00610	0.00677	0.00203	0.00813	0.00610	0.00339	0.01084
12	0.01188	0.00594	0.00891	0.00891	0.00891	0.00594	0.00594	0.00891	0.00891	0.01188	0.01188	0.02080	0.01188	0.02377	0.02674	0.80095	0.00594	0.00594	0.00297	0.00297
13	0.01292	0.01216	0.02052	0.74312	0.04712	0.01520	0.01900	0.01748	0.01368	0.01748	0.01216	0.01824	0.00912	0.00684	0.00684	0.00228	0.00912	0.00608	0.00304	0.00760
14	0.00843	0.00600	0.00791	0.00940	0.00977	0.00562	0.00622	0.00955	0.01290	0.01721	0.03671	0.71142	0.04400	0.06683	0.01034	0.00302	0.00413	0.01886	0.00622	0.00547
15	0.00932	0.00675	0.00879	0.00877	0.01012	0.00622	0.00639	0.01202	0.01778	0.02481	0.53413	0.21576	0.08186	0.01584	0.00822	0.00230	0.00341	0.01409	0.00722	0.00622
16	0.00813	0.00674	0.00713	0.00744	0.00937	0.00573	0.00542	0.00976	0.01511	0.01828	0.06315	0.20008	0.58385	0.01813	0.00821	0.00240	0.00356	0.01541	0.00635	0.00573
17	0.05908	0.01228	0.01602	0.01233	0.01760	0.01111	0.01019	0.08389	0.02026	0.64366	0.02553	0.02231	0.01617	0.00837	0.00678	0.00211	0.00593	0.00671	0.00819	0.01149
18	0.00977	0.00733	0.01100	0.01100	0.01222	0.00855	0.00855	0.01222	0.01100	0.01588	0.01833	0.02688	0.01710	0.05131	0.73245	0.01100	0.01833	0.00733	0.00367	0.00611
19	0.01787	0.69601	0.09981	0.01243	0.01868	0.02603	0.01297	0.02060	0.01395	0.01661	0.00977	0.01130	0.00877	0.00591	0.00459	0.00153	0.00758	0.00379	0.00292	0.00890
20	0.80789	0.01323	0.01006	0.00900	0.01323	0.01535	0.00741	0.02011	0.01164	0.03070	0.00953	0.01111	0.00741	0.00635	0.00423	0.00212	0.00529	0.00370	0.00423	0.00741
21	0.01702	0.01470	0.01547	0.01392	0.01779	0.01702	0.01083	0.03635	0.70453	0.02862	0.02785	0.02553	0.02088	0.00928	0.00696	0.00232	0.00541	0.00773	0.00696	0.01083
22	0.01398	0.01361	0.02114	0.58150	0.10083	0.04464	0.01854	0.01808	0.01375	0.01777	0.01184	0.01756	0.00924	0.00730	0.00836	0.00231	0.08258	0.00600	0.00308	0.00788
23	0.00984	0.00706	0.00962	0.00962	0.01036	0.00780	0.00684	0.01133	0.01059	0.01486	0.01958	0.03385	0.02013	0.32719	0.46071	0.00930	0.01377	0.00835	0.00385	0.00534
24	0.02910	0.01419	0.01746	0.01338	0.01874	0.01384	0.01106	0.25746	0.02385	0.49148	0.02341	0.02096	0.01514	0.00838	0.00687	0.00210	0.00640	0.00664	0.00792	0.01164
25	0.80789	0.01323	0.01006	0.00900	0.01323	0.01535	0.00741	0.02011	0.01164	0.03070	0.00953	0.01111	0.00741	0.00635	0.00423	0.00212	0.00529	0.00370	0.00423	0.00741
26	0.01188	0.00594	0.00891	0.00891	0.00891	0.00594	0.00594	0.00891	0.00891	0.01188	0.01188	0.02080	0.01188	0.02377	0.02674	0.80095	0.00594	0.00594	0.00297	0.00297
27	0.01615	0.01845	0.04037	0.02884	0.03576	0.01730	0.69204	0.02191	0.01615	0.02191	0.01384	0.01845	0.01038	0.00577	0.00807	0.00231	0.01153	0.00807	0.00346	0.00923
28	0.00981	0.00719	0.01028	0.01028	0.01125	0.00816	0.00766	0.01176	0.01078	0.01535	0.01898	0.03051	0.01868	0.19510	0.59082	0.01011	0.01595	0.00786	0.00376	0.00571
29	0.01615	0.01845	0.04037	0.02884	0.03576	0.01730	0.69204	0.02191	0.01615	0.02191	0.01384	0.01845	0.01038	0.00577	0.00807	0.00231	0.01153	0.00807	0.00346	0.00923
30	0.01630	0.01950	0.15521	0.04701	0.05135	0.01556	0.32715	0.07400	0.04282	0.05227	0.08330	0.02101	0.01610	0.00715	0.00740	0.00218	0.00925	0.00745	0.00436	0.04065
31	0.02601	0.01916	0.02053	0.01574	0.02122	0.02122	0.01300	0.69408	0.03217	0.04312	0.01643	0.01643	0.01163	0.00821	0.00684	0.00205	0.00753	0.00616	0.00684	0.01163
32	0.01455	0.01249	0.01418	0.01081	0.01628	0.01065	0.00857	0.02095	0.15886	0.02347	0.01761	0.01852	0.03905	0.00641	0.00558	0.00134	0.00508	0.00522	0.00475	0.60565
33	0.01419	0.01216	0.01419	0.01013	0.01621	0.00912	0.00811	0.01723	0.01419	0.02229	0.01216	0.01419	0.01013	0.00507	0.00507	0.00101	0.00507	0.00405	0.00405	0.80139
34	0.01702	0.01470	0.01547	0.01392	0.01779	0.01702	0.01083	0.03635	0.70453	0.02862	0.02785	0.02553	0.02088	0.00928	0.00696	0.00232	0.00541	0.00773	0.00696	0.01083
35	0.00869	0.00692	0.00780	0.00766	0.00963	0.00602	0.00571	0.01096	0.01690	0.02178	0.30833	0.08748	0.44542	0.01624	0.00810	0.00227	0.00340	0.01387	0.00679	0.00602
36	0.01615	0.01845	0.04037	0.02884	0.03576	0.01730	0.69204	0.02191	0.01615	0.02191	0.01384	0.01845	0.01038	0.00577	0.00807	0.00231	0.01153	0.00807	0.00346	0.00923
37	0.01423	0.00815	0.00877	0.03839	0.01129	0.00855	0.00646	0.09550	0.01631	0.02695	0.02108	0.02418	0.01648	0.00926	0.02706	0.00196	0.00440	0.00637	0.64760	0.00704
38	0.01300	0.00860	0.01078	0.01101	0.03882	0.00816	0.00816	0.03586	0.03915	0.11281	0.07954	0.12578	0.26346	0.04513	0.06456	0.00326	0.00587	0.11259	0.00632	0.00715
39	0.00907	0.00663	0.00857	0.00919	0.01036	0.00613	0.00670	0.01126	0.01597	0.02160	0.29475	0.35371	0.12337	0.01796	0.00848	0.00253	0.00385	0.07708	0.00679	0.00599
40	0.01372	0.03539	0.72412	0.01950	0.02961	0.01589	0.02528	0.02167	0.01444	0.02167	0.01228	0.01444	0.00867	0.00650	0.00650	0.00217	0.01011	0.00506	0.00289	0.01011
41	0.01615	0.02061	0.17721	0.03545	0.47922	0.01632	0.11240	0.02126	0.01541	0.02215	0.01287	0.01661	0.01031	0.00614	0.00689	0.00210	0.00901	0.00614	0.00329	0.01047
42	0.02978	0.01172	0.01579	0.01216	0.01733	0.01029	0.01002	0.05443	0.01999	0.67411	0.05146	0.02407	0.01848	0.00866	0.00692	0.00212	0.00578	0.00705	0.00838	0.01146
43	0.00834	0.00595	0.00794	0.00953	0.00992	0.00556	0.00635	0.00953	0.01310	0.01746	0.03771	0.75510	0.04525	0.02143	0.00873	0.00278	0.00397	0.01945	0.00635	0.00556
44	0.01290	0.01091	0.01168	0.01099	0.01398	0.01163	0.00856	0.02368	0.36171	0.02429	0.08671	0.04555	0.27235	0.01320	0.00763	0.00237	0.00465	0.06210	0.00673	0.00840
45	0.04210	0.01528	0.02819	0.23865	0.13906	0.01609	0.27887	0.02077	0.05749	0.02146	0.04299	0.01961	0.01285	0.00689	0.00772	0.00226	0.03000	0.00714	0.00372	0.00886
46	0.01534	0.00915	0.01169	0.01173	0.06757	0.00824	0.00820	0.01840	0.04127	0.20481	0.18465	0.06707	0.29800	0.01328	0.00764	0.00222	0.00448	0.01130	0.00694	0.00802
47	0.01702	0.01470	0.01547	0.01392	0.01779	0.01702	0.01083	0.03635	0.70453	0.02862	0.02785	0.02553	0.02088	0.00928	0.00696	0.00232	0.00541	0.00773	0.00696	0.01083
48	0.01662	0.01747	0.07082	0.03910	0.61814	0.01646	0.04905	0.02089	0.01533	0.02205	0.01272	0.01676	0.01061	0.00634	0.00744	0.00209	0.03805	0.00611	0.00334	0.01059
49	0.00835	0.00612	0.00784	0.00914	0.00984	0.00562	0.00620	0.00968	0.01365	0.01794	0.06449	0.63753	0.13726	0.02062	0.00862	0.00269	0.00388	0.01853	0.00639	0.00562
50	0.08879	0.08478	0.40259	0.01847	0.02628	0.11699	0.09939	0.02210	0.01503	0.02144	0.01176	0.01405	0.00883	0.00638	0.00622	0.00203	0.00977	0.00506	0.00321	0.03684
51	0.01292	0.01216	0.02052	0.74312	0.04712	0.01520	0.01900	0.01748	0.01368	0.01748	0.01216	0.01824	0.00912	0.00684	0.00684	0.00228	0.00912	0.00608	0.00304	0.00760
52	0.01699	0.02063	0.14482	0.03649	0.55225	0.06614	0.02118	0.02155	0.01565	0.02184	0.01261	0.01619	0.01033	0.00623	0.00668	0.00204	0.00876	0.00580	0.00331	0.01051
53	0.01676	0.51501	0.21757	0.01383	0.02045	0.02314	0.01520	0.02049	0.01393	0.01792	0.01067	0.01256	0.00906	0.00633	0.00565	0.00171	0.03593	0.00421	0.03056	0.00900
54	0.00834	0.00595	0.00794	0.00953	0.00992	0.00556	0.00635	0.00953	0.01310	0.01746	0.03771	0.75510	0.04525	0.02143	0.00873	0.00278	0.00397	0.01945	0.00635	0.00556
55	0.01488	0.01201	0.01728	0.06161	0.01856	0.01372	0.09675	0.10992	0.01585	0.02356	0.01854	0.11420	0.01684	0.01163	0.03254	0.00256	0.17731	0.00816	0.22639	0.00769
56	0.00968	0.00692	0.00881	0.00967	0.01048	0.00669	0.00662	0.05201	0.01472	0.01982	0.10724	0.58642	0.04385	0.07001	0.01032	0.00293	0.00429	0.01723	0.00636	0.00593
57	0.00958	0.00699	0.00901	0.00850	0.01016	0.00641	0.00638	0.01272	0.01913	0.02688	0.67370	0.05201	0.10447	0.01419	0.00807	0.00216	0.00324	0.01250	0.00746	0.00641
58	0.80789	0.01323	0.01006	0.00900	0.01323	0.01535	0.00741	0.02011	0.01164	0.03070	0.00953	0.01111	0.00741	0.00635	0.00423	0.00212	0.00529	0.00370	0.00423	0.00741
59	0.03070	0.01164	0.01588	0.01217	0.01746	0.01006	0.01006	0.03334	0.01958	0.72163	0.02699	0.02329	0.01694	0.00847	0.00688	0.00212	0.00582	0.00688	0.00847	0.01164
60	0.20236	0.01782	0.01817	0.01422	0.01942	0.01989	0.01174	0.54206	0.02754	0.04032	0.01487	0.01523	0.01068	0.00779	0.00626	0.00207	0.00702	0.00561	0.00626	0.01068
61	0.01292	0.01216	0.02052	0.74312	0.04712	0.01520	0.01900	0.01748	0.01368	0.01748	0.01216	0.01824	0.00912	0.00684	0.00684	0.00228	0.00912	0.00608	0.00304	0.00760
62	0.01702	0.01470	0.01547	0.01392	0.01779	0.01702	0.01083	0.03635	0.70453	0.02862	0.02785	0.02553	0.02088	0.00928	0.00696	0.00232	0.00541	0.00773	0.00696	0.01083
63	0.01829	0.76368	0.03585	0.01171	0.01756	0.02707	0.01171	0.02049	0.01390	0.01610	0.00951	0.01097	0.00878	0.00585	0.00439	0.00146	0.00732	0.00366	0.00293	0.00878
64	0.02586	0.01290	0.01711	0.01594	0.09594	0.01243	0.01147	0.03268	0.18408	0.47636	0.02561	0.02311	0.01720	0.00840	0.00689	0.00216	0.00598	0.00700	0.00754	0.01136
65	0.80789	0.01323	0.01006	0.00900	0.01323	0.01535	0.00741	0.02011	0.01164	0.03070	0.00953	0.01111	0.00741	0.00635	0.00423	0.00212	0.00529	0.00370	0.00423	0.00741
66	0.00968	0.00699	0.00914	0.00861	0.01022	0.00646	0.00646	0.01291	0.01937	0.02743	0.71328	0.05110	0.06455	0.01399	0.00807	0.00215	0.00323	0.01237	0.00753	0.00646
67	0.01497	0.01497	0.02095	0.01796	0.01796	0.02095	0.01497	0.01646	0.01048	0.01646	0.00898	0.01497	0.00898	0.01197	0.02245	0.00299	0.74704	0.00599	0.00299	0.00748
68	0.03070	0.01164	0.01588	0.01217	0.01746	0.01006	0.01006	0.03334	0.01958	0.72163	0.02699	0.02329	0.01694	0.00847	0.00688	0.00212	0.00582	0.00688	0.00847	0.01164
69	0.01146	0.00597	0.00876	0.00892	0.00896	0.00593	0.00592	0.00901	0.00937	0.01249	0.01483	0.09570	0.01570	0.04918	0.02520	0.69275	0.00577	0.00744	0.00335	0.00327
70	0.80789	0.01323	0.01006	0.00900	0.01323	0.01535	0.00741	0.02011	0.01164	0.03070	0.00953	0.01111	0.00741	0.00635	0.00423	0.00212	0.00529	0.00370	0.00423	0.00741
71	0.01615	0.01845	0.04037	0.02884	0.03576	0.01730	0.69204	0.02191	0.01615	0.02191	0.01384	0.01845	0.01038	0.00577	0.00807	0.00231	0.01153	0.00807	0.00346	0.00923

[dist]
# distance from previous block
# <min> <max>
0	4

[block]
# block no. 1 follows, 31 sequences, length 121
# corresponding to MSA columns:
# 154-274
name=unknown_B
#
# <colnr> <probs for GDERKNQSTAVLIFYWHMCP>
#	G	D	E	R	K	N	Q	S	T	A	V	L	I	F	Y	W	H	M	C	P
0	0.00968	0.00699	0.00914	0.00861	0.01022	0.00646	0.00646	0.01291	0.01937	0.02743	0.71328	0.05110	0.06455	0.01399	0.00807	0.00215	0.00323	0.01237	0.00753	0.00646
1	0.07180	0.01159	0.01537	0.01190	0.01703	0.01023	0.00981	0.03203	0.01915	0.66423	0.04613	0.02345	0.01782	0.00852	0.00677	0.00212	0.00572	0.00687	0.00821	0.01126
2	0.01503	0.01515	0.02198	0.01854	0.01890	0.02076	0.05073	0.01675	0.01078	0.01675	0.00924	0.01515	0.00905	0.01165	0.02169	0.00296	0.70819	0.00610	0.00302	0.00758
3	0.00995	0.00663	0.00746	0.00746	0.00746	0.00663	0.00415	0.00995	0.00995	0.01327	0.02156	0.04477	0.02487	0.75957	0.03482	0.00663	0.00663	0.00995	0.00415	0.00415
4	0.00913	0.00690	0.00829	0.00812	0.00970	0.00631	0.00591	0.01139	0.01641	0.02196	0.36334	0.09255	0.26367	0.09570	0.04761	0.00316	0.00447	0.01291	0.00654	0.00593
5	0.01702	0.01470	0.01547	0.01392	0.01779	0.01702	0.01083	0.03635	0.70453	0.02862	0.02785	0.02553	0.02088	0.00928	0.00696	0.00232	0.00541	0.00773	0.00696	0.01083
6	0.01419	0.01216	0.01419	0.01013	0.01621	0.00912	0.00811	0.01723	0.01419	0.02229	0.01216	0.01419	0.01013	0.00507	0.00507	0.00101	0.00507	0.00405	0.00405	0.80139
7	0.00988	0.00664	0.00744	0.00744	0.00753	0.00660	0.00418	0.00994	0.01016	0.01346	0.02331	0.04555	0.05022	0.73227	0.03384	0.00647	0.00652	0.01011	0.00423	0.00421
8	0.02513	0.03130	0.01986	0.01881	0.05680	0.67051	0.01361	0.05036	0.01964	0.01796	0.01090	0.01272	0.00902	0.00704	0.00622	0.00179	0.01195	0.00455	0.00363	0.00821
9	0.00977	0.00733	0.01100	0.01100	0.01222	0.00855	0.00855	0.01222	0.01100	0.01588	0.01833	0.02688	0.01710	0.05131	0.73245	0.01100	0.01833	0.00733	0.00367	0.00611
10	0.01698	0.39040	0.20122	0.01568	0.05757	0.04085	0.01535	0.02328	0.11819	0.01988	0.01323	0.01446	0.01072	0.00655	0.00549	0.00179	0.00784	0.00478	0.00360	0.03214
11	0.07008	0.05751	0.01846	0.04567	0.01992	0.10176	0.01180	0.33186	0.15189	0.03260	0.01739	0.01786	0.01300	0.00796	0.00633	0.00201	0.00726	0.00598	0.07062	0.01004
12	0.00832	0.00602	0.00787	0.00934	0.00987	0.00557	0.00627	0.00955	0.01328	0.01754	0.03996	0.70596	0.09294	0.02114	0.00869	0.00275	0.00393	0.01909	0.00635	0.00557
13	0.01582	0.34790	0.39182	0.01664	0.02475	0.02078	0.05466	0.02117	0.01430	0.01928	0.01117	0.01316	0.00881	0.00618	0.00567	0.00187	0.00898	0.00461	0.00294	0.00949
14	0.16522	0.11900	0.05426	0.11117	0.02283	0.03783	0.01315	0.28361	0.05657	0.03044	0.01366	0.01518	0.01032	0.00743	0.00650	0.00206	0.03091	0.00534	0.00493	0.00959
15	0.00996	0.00717	0.00820	0.00802	0.00998	0.00634	0.00597	0.01195	0.01600	0.05568	0.20735	0.08056	0.40022	0.09437	0.01092	0.00278	0.00403	0.04794	0.00650	0.00608
16	0.01497	0.01497	0.02095	0.01796	0.01796	0.02095	0.01497	0.01646	0.01048	0.01646	0.00898	0.01497	0.00898	0.01197	0.02245	0.00299	0.74704	0.00599	0.00299	0.00748
17	0.02649	0.01244	0.01833	0.09234	0.05988	0.01162	0.04834	0.05102	0.01883	0.52653	0.02390	0.02367	0.01598	0.00835	0.00702	0.00217	0.00667	0.02833	0.00722	0.01087
18	0.05302	0.01169	0.01571	0.01208	0.01734	0.01021	0.00998	0.03296	0.01935	0.70178	0.02649	0.02294	0.01666	0.00841	0.00680	0.00212	0.00581	0.00679	0.00835	0.01152
19	0.00861	0.00617	0.00810	0.00946	0.01001	0.00578	0.00645	0.00996	0.01348	0.01795	0.07230	0.63013	0.06485	0.05631	0.00997	0.00294	0.00416	0.05147	0.00630	0.00558
20	0.02556	0.03261	0.01939	0.01763	0.02115	0.73210	0.01322	0.02732	0.01939	0.01674	0.01058	0.01234	0.00881	0.00705	0.00617	0.00176	0.01234	0.00441	0.00353	0.00793
21	0.80789	0.01323	0.01006	0.00900	0.01323	0.01535	0.00741	0.02011	0.01164	0.03070	0.00953	0.01111	0.00741	0.00635	0.00423	0.00212	0.00529	0.00370	0.00423	0.00741
22	0.04967	0.00670	0.00837	0.00969	0.01043	0.00655	0.00660	0.01123	0.04291	0.01862	0.03584	0.68545	0.04226	0.02014	0.00843	0.00272	0.00410	0.01814	0.00627	0.00588
23	0.00834	0.00595	0.00794	0.00953	0.00992	0.00556	0.00635	0.00953	0.01310	0.01746	0.03771	0.75510	0.04525	0.02143	0.00873	0.00278	0.00397	0.01945	0.00635	0.00556
24	0.01419	0.01216	0.01419	0.01013	0.01621	0.00912	0.00811	0.01723	0.01419	0.02229	0.01216	0.01419	0.01013	0.00507	0.00507	0.00101	0.00507	0.00405	0.00405	0.80139
25	0.01937	0.01666	0.05039	0.01776	0.10226	0.01577	0.05324	0.31102	0.02244	0.03133	0.04289	0.04021	0.01407	0.00752	0.00651	0.00181	0.00699	0.00630	0.00531	0.22815
26	0.01829	0.76368	0.03585	0.01171	0.01756	0.02707	0.01171	0.02049	0.01390	0.01610	0.00951	0.01097	0.00878	0.00585	0.00439	0.00146	0.00732	0.00366	0.00293	0.00878
27	0.00825	0.00694	0.00716	0.00710	0.00934	0.00585	0.00533	0.01014	0.01598	0.01941	0.13594	0.06432	0.64690	0.01698	0.00808	0.00229	0.00344	0.01422	0.00647	0.00585
28	0.01292	0.01216	0.02052	0.74312	0.04712	0.01520	0.01900	0.01748	0.01368	0.01748	0.01216	0.01824	0.00912	0.00684	0.00684	0.00228	0.00912	0.00608	0.00304	0.00760
29	0.00952	0.00699	0.00891	0.00843	0.01012	0.00638	0.00632	0.01259	0.01897	0.02650	0.64627	0.05264	0.13214	0.01433	0.00807	0.00217	0.00325	0.01259	0.00741	0.00638
30	0.01292	0.01216	0.02052	0.74312	0.04712	0.01520	0.01900	0.01748	0.01368	0.01748	0.01216	0.01824	0.00912	0.00684	0.00684	0.00228	0.00912	0.00608	0.00304	0.00760
31	0.01372	0.03539	0.72412	0.01950	0.02961	0.01589	0.02528	0.02167	0.01444	0.02167	0.01228	0.01444	0.00867	0.00650	0.00650	0.00217	0.01011	0.00506	0.00289	0.01011
32	0.00902	0.00716	0.00789	0.00810	0.00989	0.00648	0.00599	0.01127	0.03719	0.01867	0.08667	0.11917	0.44557	0.11498	0.01176	0.00300	0.00426	0.08099	0.00613	0.00579
33	0.05118	0.01897	0.02019	0.01552	0.02096	0.02103	0.01282	0.67237	0.03151	0.04272	0.01620	0.01625	0.01150	0.00815	0.00676	0.00206	0.00746	0.00608	0.00676	0.01150
34	0.01950	0.01237	0.01499	0.01100	0.01683	0.01001	0.00891	0.05650	0.01665	0.22281	0.01661	0.01690	0.01215	0.00620	0.00567	0.00138	0.00541	0.00497	0.00546	0.53569
35	0.02962	0.01140	0.01553	0.01199	0.01709	0.00987	0.00987	0.03229	0.01957	0.68606	0.06215	0.02471	0.01937	0.00875	0.00694	0.00212	0.00569	0.00716	0.00842	0.01138
36	0.05814	0.00966	0.01141	0.01026	0.01278	0.00971	0.00787	0.12675	0.03608	0.07349	0.37771	0.15005	0.06217	0.01338	0.00765	0.00224	0.00439	0.01155	0.00707	0.00764
37	0.01634	0.01252	0.01470	0.01064	0.01661	0.00990	0.00856	0.05772	0.01571	0.08602	0.01373	0.01513	0.01083	0.00555	0.00533	0.00117	0.00528	0.00443	0.00461	0.68521
38	0.01437	0.11929	0.61116	0.01904	0.02850	0.01726	0.05578	0.02154	0.01446	0.02103	0.01203	0.01423	0.00876	0.00639	0.00633	0.00209	0.00985	0.00504	0.00292	0.00991
39	0.00995	0.00663	0.00746	0.00746	0.00746	0.00663	0.00415	0.00995	0.00995	0.01327	0.02156	0.04477	0.02487	0.75957	0.03482	0.00663	0.00663	0.00995	0.00415	0.00415
40	0.01497	0.01497	0.02095	0.01796	0.01796	0.02095	0.01497	0.01646	0.01048	0.01646	0.00898	0.01497	0.00898	0.01197	0.02245	0.00299	0.74704	0.00599	0.00299	0.00748
41	0.03070	0.01164	0.01588	0.01217	0.01746	0.01006	0.01006	0.03334	0.01958	0.72163	0.02699	0.02329	0.01694	0.00847	0.00688	0.00212	0.00582	0.00688	0.00847	0.01164
42	0.01292	0.01216	0.02052	0.74312	0.04712	0.01520	0.01900	0.01748	0.01368	0.01748	0.01216	0.01824	0.00912	0.00684	0.00684	0.00228	0.00912	0.00608	0.00304	0.00760
43	0.00995	0.00663	0.00746	0.00746	0.00746	0.00663	0.00415	0.00995	0.00995	0.01327	0.02156	0.04477	0.02487	0.75957	0.03482	0.00663	0.00663	0.00995	0.00415	0.00415
44	0.02601	0.01916	0.02053	0.01574	0.02122	0.02122	0.01300	0.69408	0.03217	0.04312	0.01643	0.01643	0.01163	0.00821	0.00684	0.00205	0.00753	0.00616	0.00684	0.01163
45	0.01953	0.00951	0.01235	0.01039	0.01376	0.00874	0.00822	0.02360	0.06599	0.33001	0.32598	0.03570	0.03800	0.01090	0.00728	0.00211	0.00451	0.00930	0.05511	0.00901
46	0.01598	0.01461	0.02195	0.12932	0.30772	0.01571	0.04533	0.06435	0.16496	0.02369	0.02051	0.05124	0.05602	0.00846	0.00749	0.00222	0.02853	0.00756	0.00461	0.00975
47	0.10402	0.01808	0.01947	0.06511	0.02219	0.02021	0.01285	0.57950	0.02882	0.04010	0.01544	0.01601	0.01104	0.00793	0.00658	0.00208	0.00741	0.00591	0.00632	0.01093
48	0.01693	0.01626	0.02777	0.04199	0.71689	0.01626	0.02100	0.02100	0.01558	0.02235	0.01287	0.01693	0.01084	0.00610	0.00677	0.00203	0.00813	0.00610	0.00339	0.01084
49	0.00899	0.00732	0.00801	0.00783	0.00997	0.00653	0.00587	0.01202	0.05186	0.02145	0.24421	0.07939	0.48002	0.01611	0.00804	0.00228	0.00351	0.01367	0.00671	0.00622
50	0.00977	0.00733	0.01100	0.01100	0.01222	0.00855	0.00855	0.01222	0.01100	0.01588	0.01833	0.02688	0.01710	0.05131	0.73245	0.01100	0.01833	0.00733	0.00367	0.00611
51	0.01523	0.01434	0.01909	0.16042	0.02316	0.05394	0.03471	0.03594	0.04799	0.01940	0.01282	0.01761	0.01089	0.00973	0.01446	0.00252	0.38154	0.00613	0.11237	0.00771
52	0.00977	0.00733	0.01100	0.01100	0.01222	0.00855	0.00855	0.01222	0.01100	0.01588	0.01833	0.02688	0.01710	0.05131	0.73245	0.01100	0.01833	0.00733	0.00367	0.00611
53	0.01695	0.01691	0.03106	0.06691	0.44081	0.01678	0.23101	0.05351	0.01647	0.02300	0.01331	0.01744	0.01066	0.00613	0.00719	0.00213	0.00921	0.00672	0.00356	0.01023
54	0.00839	0.00694	0.00735	0.00725	0.00943	0.00591	0.00544	0.01041	0.01632	0.02019	0.19249	0.06302	0.58986	0.01669	0.00808	0.00228	0.00342	0.01404	0.00658	0.00591
55	0.00977	0.00733	0.01100	0.01100	0.01222	0.00855	0.00855	0.01222	0.01100	0.01588	0.01833	0.02688	0.01710	0.05131	0.73245	0.01100	0.01833	0.00733	0.00367	0.00611
56	0.02561	0.03100	0.01952	0.01740	0.02116	0.64727	0.01319	0.10689	0.02091	0.01989	0.01127	0.01283	0.00915	0.00719	0.00625	0.00180	0.01176	0.00462	0.00392	0.00837
57	0.05134	0.57648	0.03159	0.01245	0.01816	0.02537	0.01181	0.16282	0.01767	0.02239	0.01097	0.01213	0.00933	0.00637	0.00490	0.00161	0.00728	0.00419	0.00381	0.00933
58	0.02117	0.01461	0.01622	0.01378	0.01817	0.01605	0.01094	0.12164	0.46746	0.18149	0.02617	0.02385	0.01882	0.00896	0.00693	0.00224	0.00578	0.00734	0.00727	0.01111
59	0.00951	0.00725	0.00809	0.00787	0.00940	0.00678	0.00549	0.01200	0.04977	0.01974	0.21865	0.05372	0.30619	0.23756	0.01600	0.00356	0.00445	0.01223	0.00603	0.00572
60	0.01094	0.00782	0.01093	0.01251	0.01405	0.00781	0.01089	0.01404	0.01567	0.02038	0.03627	0.09733	0.03955	0.01897	0.00943	0.00314	0.00623	0.65147	0.00630	0.00628
61	0.01829	0.76368	0.03585	0.01171	0.01756	0.02707	0.01171	0.02049	0.01390	0.01610	0.00951	0.01097	0.00878	0.00585	0.00439	0.00146	0.00732	0.00366	0.00293	0.00878
62	0.01419	0.01216	0.01419	0.01013	0.01621	0.00912	0.00811	0.01723	0.01419	0.02229	0.01216	0.01419	0.01013	0.00507	0.00507	0.00101	0.00507	0.00405	0.00405	0.80139
63	0.00985	0.00665	0.00743	0.00743	0.00755	0.00659	0.00420	0.00994	0.01024	0.01353	0.02400	0.04585	0.06018	0.72154	0.03345	0.00641	0.00647	0.01018	0.00426	0.00423
64	0.01469	0.01556	0.03074	0.02315	0.02805	0.01543	0.45352	0.02037	0.07184	0.02120	0.01897	0.15403	0.01753	0.00945	0.00930	0.00245	0.07097	0.00996	0.00424	0.00854
65	0.01299	0.01226	0.02054	0.71771	0.04610	0.01540	0.01886	0.01744	0.01357	0.01744	0.01205	0.01813	0.00912	0.00702	0.00739	0.00230	0.03498	0.00608	0.00304	0.00760
66	0.01414	0.03446	0.01930	0.03985	0.01762	0.01856	0.01363	0.01588	0.01101	0.01685	0.01189	0.05543	0.01188	0.01512	0.07670	0.00350	0.57531	0.00676	0.03484	0.00727
67	0.01107	0.00849	0.01092	0.01070	0.01165	0.03976	0.00798	0.01246	0.01104	0.01538	0.01738	0.02758	0.01691	0.14826	0.45709	0.10269	0.04945	0.00733	0.02826	0.00560
68	0.02702	0.01107	0.01486	0.01171	0.01640	0.00980	0.00955	0.03042	0.04680	0.59063	0.12927	0.02752	0.02419	0.00932	0.00706	0.00213	0.00542	0.00773	0.00827	0.01084
69	0.00994	0.00754	0.01117	0.01108	0.01222	0.00887	0.00859	0.01227	0.01094	0.01580	0.01815	0.02717	0.01714	0.07614	0.68476	0.01059	0.04051	0.00738	0.00366	0.00608
70	0.01497	0.01497	0.02095	0.01796	0.01796	0.02095	0.01497	0.01646	0.01048	0.01646	0.00898	0.01497	0.00898	0.01197	0.02245	0.00299	0.74704	0.00599	0.00299	0.00748
71	0.02302	0.01814	0.01759	0.01414	0.01864	0.09817	0.01142	0.46987	0.04906	0.03615	0.01868	0.01920	0.03402	0.00836	0.00648	0.00196	0.00719	0.00630	0.13143	0.01018
72	0.01863	0.01253	0.05253	0.01233	0.01619	0.01157	0.01035	0.06007	0.19840	0.22403	0.15148	0.07262	0.04858	0.01140	0.00745	0.00231	0.00545	0.06745	0.00715	0.00946
73	0.01100	0.00850	0.01221	0.01174	0.01310	0.01010	0.00924	0.04854	0.01208	0.01736	0.01756	0.02548	0.01624	0.04623	0.64351	0.00995	0.06971	0.00717	0.00379	0.00650
74	0.01693	0.01626	0.02777	0.04199	0.71689	0.01626	0.02100	0.02100	0.01558	0.02235	0.01287	0.01693	0.01084	0.00610	0.00677	0.00203	0.00813	0.00610	0.00339	0.01084
75	0.00834	0.00595	0.00794	0.00953	0.00992	0.00556	0.00635	0.00953	0.01310	0.01746	0.03771	0.75510	0.04525	0.02143	0.00873	0.00278	0.00397	0.01945	0.00635	0.00556
76	0.02459	0.13019	0.02159	0.01683	0.02067	0.63799	0.01302	0.02641	0.01866	0.01666	0.01043	0.01216	0.00881	0.00689	0.00593	0.00172	0.01167	0.00431	0.00345	0.00804
77	0.02178	0.01255	0.01515	0.01225	0.01686	0.01222	0.00983	0.08464	0.18939	0.29877	0.08090	0.02432	0.02040	0.01029	0.03559	0.00235	0.00603	0.00707	0.00701	0.13262
78	0.02560	0.07935	0.04021	0.01276	0.01785	0.01402	0.01090	0.15906	0.06616	0.39976	0.02300	0.04002	0.01597	0.00849	0.00657	0.00205	0.00619	0.00676	0.05449	0.01081
79	0.01826	0.01026	0.01448	0.01511	0.11930	0.00953	0.01005	0.04160	0.01885	0.26027	0.31084	0.08206	0.03754	0.01126	0.00748	0.00216	0.00502	0.00986	0.00712	0.00896
80	0.01088	0.00783	0.01082	0.01231	0.01392	0.00777	0.01073	0.01395	0.01574	0.02037	0.03790	0.07660	0.07355	0.01882	0.00938	0.00311	0.00616	0.63759	0.00630	0.00627
81	0.01512	0.01346	0.02238	0.47275	0.25045	0.01533	0.01896	0.01984	0.03351	0.05316	0.01352	0.01828	0.01035	0.00676	0.00682	0.00220	0.00855	0.00617	0.00352	0.00888
82	0.01443	0.12817	0.52183	0.01962	0.06222	0.01700	0.06174	0.02105	0.01478	0.02127	0.04705	0.01618	0.01168	0.00672	0.00641	0.00207	0.00938	0.00547	0.00318	0.00974
83	0.03070	0.01164	0.01588	0.01217	0.01746	0.01006	0.01006	0.03334	0.01958	0.72163	0.02699	0.02329	0.01694	0.00847	0.00688	0.00212	0.00582	0.00688	0.00847	0.01164
84	0.02988	0.01182	0.01585	0.01228	0.01748	0.01047	0.01010	0.03352	0.06030	0.68042	0.02704	0.02342	0.01717	0.00852	0.00688	0.00213	0.00580	0.00693	0.00838	0.01159
85	0.06009	0.01843	0.05126	0.06861	0.46081	0.08350	0.09343	0.04239	0.01617	0.02261	0.01264	0.01632	0.01028	0.00628	0.00672	0.00206	0.00884	0.00599	0.00353	0.01005
86	0.01144	0.00973	0.01399	0.01363	0.03158	0.01213	0.01045	0.01342	0.01120	0.01634	0.01769	0.09115	0.01795	0.07062	0.38052	0.00719	0.23699	0.02370	0.00378	0.00650
87	0.00995	0.00663	0.00746	0.00746	0.00746	0.00663	0.00415	0.00995	0.00995	0.01327	0.02156	0.04477	0.02487	0.75957	0.03482	0.00663	0.00663	0.00995	0.00415	0.00415
88	0.00965	0.00746	0.00887	0.00859	0.01047	0.00697	0.00640	0.01347	0.06864	0.02408	0.41795	0.11154	0.25010	0.01523	0.00805	0.00226	0.00352	0.01322	0.00705	0.00651
89	0.80789	0.01323	0.01006	0.00900	0.01323	0.01535	0.00741	0.02011	0.01164	0.03070	0.00953	0.01111	0.00741	0.00635	0.00423	0.00212	0.00529	0.00370	0.00423	0.00741
90	0.01701	0.01755	0.06159	0.07709	0.57485	0.04702	0.02025	0.04013	0.01606	0.02234	0.01347	0.01839	0.01139	0.00663	0.00682	0.00207	0.00840	0.02503	0.00353	0.01039
91	0.01478	0.01469	0.02059	0.01771	0.01775	0.02050	0.01473	0.01631	0.01050	0.01644	0.00932	0.01541	0.00928	0.01342	0.04857	0.00329	0.72024	0.00604	0.00302	0.00743
92	0.01866	0.72665	0.03502	0.01201	0.01774	0.06278	0.01178	0.02083	0.01418	0.01613	0.00957	0.01104	0.00878	0.00591	0.00448	0.00148	0.00757	0.00370	0.00296	0.00874
93	0.00995	0.00663	0.00746	0.00746	0.00746	0.00663	0.00415	0.00995	0.00995	0.01327	0.02156	0.04477	0.02487	0.75957	0.03482	0.00663	0.00663	0.00995	0.00415	0.00415
94	0.02528	0.01880	0.02012	0.01559	0.02094	0.02088	0.01283	0.64110	0.08632	0.04195	0.01735	0.01716	0.01238	0.00830	0.00685	0.00207	0.00736	0.00629	0.00685	0.01157
95	0.03030	0.01228	0.01627	0.01248	0.01778	0.01101	0.01031	0.08967	0.02065	0.66378	0.02609	0.02270	0.01648	0.00845	0.00688	0.00211	0.00597	0.00682	0.00833	0.01164
96	0.00995	0.00663	0.00746	0.00746	0.00746	0.00663	0.00415	0.00995	0.00995	0.01327	0.02156	0.04477	0.02487	0.75957	0.03482	0.00663	0.00663	0.00995	0.00415	0.00415
97	0.02356	0.01194	0.05627	0.01173	0.01628	0.00972	0.01004	0.02734	0.04647	0.46787	0.20852	0.03024	0.02925	0.00985	0.00718	0.00214	0.00537	0.00826	0.00783	0.01014
98	0.02556	0.03261	0.01939	0.01763	0.02115	0.73210	0.01322	0.02732	0.01939	0.01674	0.01058	0.01234	0.00881	0.00705	0.00617	0.00176	0.01234	0.00441	0.00353	0.00793
99	0.02598	0.01280	0.01637	0.01414	0.05440	0.01236	0.01080	0.07015	0.16644	0.47318	0.02731	0.02453	0.04159	0.00881	0.00693	0.00216	0.00587	0.00725	0.00771	0.01122
100	0.02311	0.01754	0.02067	0.01605	0.02125	0.01905	0.07185	0.47685	0.13062	0.06489	0.02088	0.02062	0.04692	0.00861	0.00703	0.00213	0.00730	0.00699	0.00661	0.01102
101	0.01363	0.01327	0.02204	0.52269	0.03949	0.01669	0.06604	0.01756	0.01311	0.01756	0.01154	0.01749	0.00918	0.00796	0.01058	0.00245	0.18178	0.00620	0.00306	0.00769
102	0.02227	0.05135	0.12653	0.02000	0.09211	0.49601	0.01565	0.02610	0.05281	0.01863	0.01191	0.01375	0.00960	0.00695	0.00627	0.00187	0.01109	0.00482	0.00357	0.00872
103	0.01882	0.62762	0.08310	0.01284	0.01883	0.07075	0.01284	0.05512	0.01521	0.01790	0.01013	0.01158	0.00892	0.00609	0.00478	0.00156	0.00785	0.00393	0.00316	0.00897
104	0.19635	0.01216	0.01762	0.53650	0.03753	0.01490	0.01579	0.01782	0.01307	0.02045	0.01186	0.01703	0.00913	0.00898	0.04299	0.00268	0.00870	0.00559	0.00335	0.00748
105	0.01206	0.00820	0.01009	0.00916	0.01139	0.00770	0.00700	0.06603	0.01960	0.07334	0.49552	0.06903	0.15663	0.01390	0.00792	0.00218	0.00379	0.01205	0.00733	0.00707
106	0.01323	0.01127	0.01406	0.09747	0.01893	0.00936	0.00914	0.01635	0.01453	0.02188	0.07878	0.06705	0.01737	0.00719	0.00580	0.00139	0.00531	0.00608	0.00441	0.58039
107	0.02200	0.39064	0.02745	0.01473	0.01939	0.38682	0.01248	0.02397	0.01670	0.01643	0.01005	0.01167	0.00880	0.00646	0.00530	0.00162	0.00988	0.00404	0.00323	0.00835
108	0.01419	0.01216	0.01419	0.01013	0.01621	0.00912	0.00811	0.01723	0.01419	0.02229	0.01216	0.01419	0.01013	0.00507	0.00507	0.00101	0.00507	0.00405	0.00405	0.80139
109	0.00940	0.00683	0.00886	0.00866	0.01013	0.00629	0.00638	0.01225	0.01824	0.02550	0.58065	0.15773	0.09290	0.01527	0.00817	0.00225	0.00335	0.01354	0.00730	0.00629
110	0.01693	0.01626	0.02777	0.04199	0.71689	0.01626	0.02100	0.02100	0.01558	0.02235	0.01287	0.01693	0.01084	0.00610	0.00677	0.00203	0.00813	0.00610	0.00339	0.01084
111	0.01921	0.05192	0.01855	0.01547	0.01905	0.21183	0.03171	0.05317	0.35696	0.02405	0.04718	0.02088	0.01715	0.00881	0.00806	0.00217	0.07229	0.00664	0.00542	0.00947
112	0.00809	0.00693	0.00693	0.00693	0.00924	0.00578	0.00520	0.00982	0.01559	0.01848	0.06931	0.06584	0.71411	0.01733	0.00809	0.00231	0.00347	0.01444	0.00635	0.00578
113	0.01314	0.00924	0.01047	0.00969	0.01097	0.00966	0.00655	0.15678	0.01525	0.02043	0.02287	0.14934	0.02494	0.45661	0.05039	0.00521	0.00684	0.01053	0.00505	0.00605
114	0.01334	0.01238	0.02052	0.72004	0.04630	0.01539	0.01881	0.03895	0.01427	0.01829	0.01230	0.01818	0.00920	0.00688	0.00684	0.00227	0.00907	0.00608	0.00316	0.00773
115	0.01001	0.00662	0.00752	0.00754	0.00770	0.00658	0.00436	0.01035	0.01073	0.01467	0.05862	0.06598	0.02727	0.66514	0.03131	0.00606	0.00622	0.01021	0.03869	0.00441
116	0.01812	0.72532	0.03509	0.01203	0.01758	0.02676	0.01187	0.02028	0.01373	0.01611	0.00948	0.01118	0.00879	0.00617	0.00532	0.00154	0.04521	0.00378	0.00293	0.00871
117	0.00942	0.00688	0.00885	0.00856	0.01011	0.00631	0.00634	0.01232	0.01843	0.02572	0.59383	0.12283	0.11483	0.01500	0.00814	0.00223	0.00332	0.01325	0.00732	0.00631
118	0.01123	0.01039	0.01119	0.01253	0.09326	0.06390	0.00819	0.01439	0.04981	0.02113	0.18913	0.05102	0.41010	0.01415	0.00773	0.00220	0.00474	0.01194	0.00606	0.00692
119	0.01411	0.03265	0.61371	0.02101	0.03060	0.01612	0.13295	0.02171	0.01472	0.02171	0.01253	0.01509	0.00894	0.00638	0.00675	0.00219	0.01034	0.00554	0.00298	0.00997
120	0.01275	0.01046	0.01626	0.05620	0.22012	0.01059	0.01416	0.01617	0.01552	0.02078	0.02832	0.07785	0.02980	0.01467	0.00852	0.00277	0.00689	0.42520	0.00530	0.00766

[dist]
# distance from previous block
# <min> <max>
0	7

[block]
# block no. 2 follows, 31 sequences, length 21
# corresponding to MSA columns:
# 282-302
name=unknown_C
#
# <colnr> <probs for GDERKNQSTAVLIFYWHMCP>
#	G	D	E	R	K	N	Q	S	T	A	V	L	I	F	Y	W	H	M	C	P
0	0.76938	0.01431	0.04468	0.00951	0.01402	0.01537	0.00828	0.02019	0.01178	0.03026	0.00966	0.01128	0.00747	0.00636	0.00434	0.00212	0.00553	0.00377	0.00417	0.00754
1	0.02279	0.01306	0.01588	0.01186	0.01752	0.01143	0.00968	0.13149	0.01924	0.31046	0.01888	0.01825	0.01314	0.00695	0.00609	0.00163	0.00577	0.00554	0.00630	0.35404
2	0.00832	0.00602	0.00787	0.00936	0.00988	0.00557	0.00628	0.00954	0.01326	0.01753	0.03973	0.71100	0.08805	0.02117	0.00869	0.00275	0.00394	0.01913	0.00635	0.00557
3	0.00843	0.00607	0.00799	0.00935	0.00992	0.00563	0.00631	0.00979	0.01367	0.01825	0.08955	0.67419	0.07410	0.02071	0.00866	0.00271	0.00389	0.01871	0.00644	0.00563
4	0.01551	0.01810	0.06503	0.14695	0.03739	0.01689	0.55314	0.02117	0.01567	0.02117	0.01350	0.01825	0.01010	0.00597	0.00780	0.00230	0.01108	0.00762	0.00337	0.00899
5	0.00840	0.00611	0.00792	0.00922	0.00988	0.00564	0.00625	0.00977	0.01374	0.01820	0.08397	0.64377	0.11081	0.02056	0.00863	0.00269	0.00387	0.01851	0.00643	0.00564
6	0.01372	0.03539	0.72412	0.01950	0.02961	0.01589	0.02528	0.02167	0.01444	0.02167	0.01228	0.01444	0.00867	0.00650	0.00650	0.00217	0.01011	0.00506	0.00289	0.01011
7	0.00968	0.00699	0.00914	0.00861	0.01022	0.00646	0.00646	0.01291	0.01937	0.02743	0.71328	0.05110	0.06455	0.01399	0.00807	0.00215	0.00323	0.01237	0.00753	0.00646
8	0.01372	0.03539	0.72412	0.01950	0.02961	0.01589	0.02528	0.02167	0.01444	0.02167	0.01228	0.01444	0.00867	0.00650	0.00650	0.00217	0.01011	0.00506	0.00289	0.01011
9	0.80789	0.01323	0.01006	0.00900	0.01323	0.01535	0.00741	0.02011	0.01164	0.03070	0.00953	0.01111	0.00741	0.00635	0.00423	0.00212	0.00529	0.00370	0.00423	0.00741
10	0.02491	0.01862	0.01991	0.01552	0.02080	0.02070	0.01274	0.61371	0.11432	0.04135	0.01782	0.01754	0.01276	0.00834	0.00686	0.00209	0.00727	0.00635	0.00686	0.01154
11	0.80789	0.01323	0.01006	0.00900	0.01323	0.01535	0.00741	0.02011	0.01164	0.03070	0.00953	0.01111	0.00741	0.00635	0.00423	0.00212	0.00529	0.00370	0.00423	0.00741
12	0.00995	0.00663	0.00746	0.00746	0.00746	0.00663	0.00415	0.00995	0.00995	0.01327	0.02156	0.04477	0.02487	0.75957	0.03482	0.00663	0.00663	0.00995	0.00415	0.00415
13	0.00865	0.00618	0.00830	0.00988	0.01042	0.00583	0.00690	0.01007	0.01341	0.01782	0.03753	0.67599	0.04456	0.02114	0.00882	0.00282	0.00424	0.09546	0.00634	0.00564
14	0.00977	0.00733	0.01100	0.01100	0.01222	0.00855	0.00855	0.01222	0.01100	0.01588	0.01833	0.02688	0.01710	0.05131	0.73245	0.01100	0.01833	0.00733	0.00367	0.00611
15	0.01314	0.01239	0.02093	0.70382	0.08466	0.01526	0.01911	0.01768	0.01379	0.01775	0.01220	0.01817	0.00922	0.00680	0.00684	0.00227	0.00906	0.00608	0.00306	0.00778
16	0.01615	0.01845	0.04037	0.02884	0.03576	0.01730	0.69204	0.02191	0.01615	0.02191	0.01384	0.01845	0.01038	0.00577	0.00807	0.00231	0.01153	0.00807	0.00346	0.00923
17	0.00968	0.00699	0.00914	0.00861	0.01022	0.00646	0.00646	0.01291	0.01937	0.02743	0.71328	0.05110	0.06455	0.01399	0.00807	0.00215	0.00323	0.01237	0.00753	0.00646
18	0.01292	0.01216	0.02052	0.74312	0.04712	0.01520	0.01900	0.01748	0.01368	0.01748	0.01216	0.01824	0.00912	0.00684	0.00684	0.00228	0.00912	0.00608	0.00304	0.00760
19	0.02556	0.03261	0.01939	0.01763	0.02115	0.73210	0.01322	0.02732	0.01939	0.01674	0.01058	0.01234	0.00881	0.00705	0.00617	0.00176	0.01234	0.00441	0.00353	0.00793
20	0.01102	0.00787	0.01102	0.01260	0.01417	0.00787	0.01102	0.01417	0.01575	0.02047	0.03622	0.07717	0.03937	0.01890	0.00945	0.00315	0.00630	0.67084	0.00630	0.00630

[dist]
# distance from previous block
# <min> <max>
0	21

[block]
# block no. 3 follows, 31 sequences, length 33
# corresponding to MSA columns:
# 324-356
name=unknown_D
#
# <colnr> <probs for GDERKNQSTAVLIFYWHMCP>
#	G	D	E	R	K	N	Q	S	T	A	V	L	I	F	Y	W	H	M	C	P
0	0.01058	0.00719	0.00943	0.00876	0.01053	0.00661	0.00661	0.01378	0.01937	0.05709	0.68396	0.04992	0.06252	0.01375	0.00802	0.00215	0.00334	0.01214	0.00757	0.00668
1	0.06204	0.01202	0.01583	0.01219	0.01745	0.01073	0.01007	0.05997	0.01978	0.66569	0.02585	0.02251	0.01633	0.00837	0.00677	0.00211	0.00587	0.00672	0.00823	0.01147
2	0.00832	0.00601	0.00788	0.00938	0.00988	0.00557	0.00628	0.00954	0.01324	0.01752	0.03952	0.71549	0.08369	0.02120	0.00870	0.00275	0.00394	0.01916	0.00635	0.00557
3	0.00849	0.00606	0.00812	0.00970	0.01017	0.00569	0.00662	0.00979	0.01325	0.01764	0.03762	0.71614	0.04491	0.02129	0.00877	0.00280	0.00410	0.05689	0.00635	0.00560
4	0.00836	0.00632	0.00772	0.00869	0.00974	0.00569	0.00602	0.00985	0.01429	0.01848	0.09519	0.50018	0.24536	0.01968	0.00849	0.00259	0.00377	0.01746	0.00644	0.00569
5	0.01610	0.01832	0.03960	0.02840	0.03505	0.01745	0.66524	0.02170	0.01592	0.02170	0.01365	0.01832	0.01033	0.00601	0.00864	0.00233	0.04065	0.00799	0.00344	0.00916
6	0.00852	0.00695	0.00753	0.00738	0.00951	0.00596	0.00554	0.01065	0.01661	0.02090	0.24303	0.06187	0.53888	0.01643	0.00808	0.00227	0.00340	0.01388	0.00667	0.00596
7	0.80789	0.01323	0.01006	0.00900	0.01323	0.01535	0.00741	0.02011	0.01164	0.03070	0.00953	0.01111	0.00741	0.00635	0.00423	0.00212	0.00529	0.00370	0.00423	0.00741
8	0.01486	0.01414	0.02403	0.40333	0.37171	0.01571	0.01997	0.01918	0.01460	0.01984	0.01250	0.01761	0.00995	0.00648	0.00681	0.00216	0.00864	0.00609	0.00321	0.00917
9	0.04679	0.03185	0.58875	0.02051	0.02989	0.01609	0.12789	0.02164	0.01459	0.02208	0.01241	0.01493	0.00888	0.00638	0.00665	0.00219	0.01013	0.00547	0.00303	0.00986
10	0.05538	0.01150	0.01541	0.01192	0.01703	0.01008	0.00982	0.03207	0.01931	0.67050	0.05451	0.02402	0.01857	0.00862	0.00684	0.00212	0.00570	0.00700	0.00829	0.01129
11	0.00872	0.00672	0.00799	0.00829	0.00986	0.00599	0.00605	0.01081	0.01609	0.02101	0.25692	0.24333	0.31969	0.01743	0.00829	0.00241	0.00361	0.03411	0.00671	0.00594
12	0.01480	0.12376	0.01740	0.01037	0.01641	0.01179	0.00864	0.01771	0.01414	0.02137	0.01177	0.01371	0.00993	0.00518	0.00497	0.00108	0.00540	0.00399	0.00389	0.68369
13	0.04947	0.01330	0.01510	0.01116	0.01696	0.01149	0.00901	0.11941	0.03988	0.06613	0.01406	0.01529	0.01099	0.00592	0.00546	0.00132	0.00550	0.00464	0.00482	0.58009
14	0.05128	0.51246	0.16439	0.01345	0.01970	0.07058	0.01409	0.02081	0.01415	0.01782	0.01047	0.01239	0.00904	0.00795	0.03484	0.00204	0.00855	0.00413	0.00305	0.00881
15	0.00828	0.00694	0.00720	0.00713	0.00936	0.00586	0.00535	0.01019	0.01605	0.01957	0.14740	0.06405	0.63534	0.01692	0.00808	0.00229	0.00344	0.01419	0.00650	0.00586
16	0.00968	0.00699	0.00914	0.00861	0.01022	0.00646	0.00646	0.01291	0.01937	0.02743	0.71328	0.05110	0.06455	0.01399	0.00807	0.00215	0.00323	0.01237	0.00753	0.00646
17	0.01461	0.01132	0.01352	0.01003	0.01537	0.00877	0.00798	0.01765	0.01535	0.07047	0.12183	0.02053	0.01903	0.00668	0.00565	0.00126	0.00483	0.00553	0.00489	0.62467
18	0.01308	0.01213	0.04540	0.13377	0.20139	0.01230	0.01522	0.01648	0.01443	0.01967	0.02210	0.06948	0.02234	0.01463	0.04639	0.02422	0.05989	0.24483	0.00445	0.00778
19	0.00809	0.00693	0.00693	0.00693	0.00924	0.00578	0.00520	0.00982	0.01559	0.01848	0.06931	0.06584	0.71411	0.01733	0.00809	0.00231	0.00347	0.01444	0.00635	0.00578
20	0.00834	0.00595	0.00794	0.00953	0.00992	0.00556	0.00635	0.00953	0.01310	0.01746	0.03771	0.75510	0.04525	0.02143	0.00873	0.00278	0.00397	0.01945	0.00635	0.00556
21	0.02195	0.02324	0.35151	0.01582	0.02334	0.01344	0.01739	0.04790	0.04572	0.34101	0.01974	0.01898	0.01302	0.00756	0.00670	0.00215	0.00789	0.00603	0.00571	0.01088
22	0.02186	0.01679	0.01797	0.01476	0.01946	0.01886	0.01187	0.35917	0.35292	0.05750	0.02221	0.02099	0.01622	0.00873	0.00690	0.00218	0.00647	0.00693	0.00695	0.01125
23	0.04613	0.01254	0.02060	0.49022	0.16744	0.01455	0.03458	0.01800	0.01404	0.01958	0.01375	0.04255	0.01116	0.00721	0.00668	0.00220	0.00827	0.00650	0.05591	0.00809
24	0.01858	0.73491	0.03520	0.01194	0.01770	0.05482	0.01177	0.02075	0.01412	0.01612	0.00955	0.01103	0.00878	0.00590	0.00446	0.00148	0.00751	0.00369	0.00295	0.00875
