[name]
unknown

[dist]
# distance from previous block
# <min> <max>
0	51

[block]
# block no. 0 follows, 31 sequences, length 40
# corresponding to MSA columns:
# 52-91
name=unknown_A
#
# <colnr> <probs for GDERKNQSTAVLIFYWHMCP>
#	G	D	E	R	K	N	Q	S	T	A	V	L	I	F	Y	W	H	M	C	P
0	0.01341	0.00968	0.01254	0.01310	0.01530	0.01000	0.01134	0.12263	0.01837	0.02409	0.03307	0.06748	0.03495	0.01719	0.00903	0.00297	0.00650	0.56481	0.00639	0.00715
1	0.09849	0.01290	0.01507	0.03887	0.01784	0.01225	0.00983	0.11609	0.06561	0.20346	0.04983	0.02126	0.01596	0.00772	0.00617	0.00181	0.00575	0.02868	0.00597	0.26642
2	0.10826	0.03811	0.18235	0.01386	0.01954	0.01509	0.01342	0.12519	0.15932	0.08349	0.09882	0.02151	0.01877	0.00822	0.00644	0.00207	0.00663	0.00651	0.00554	0.06684
3	0.00834	0.00595	0.00794	0.00953	0.00992	0.00556	0.00635	0.00953	0.01310	0.01746	0.03771	0.75510	0.04525	0.02143	0.00873	0.00278	0.00397	0.01945	0.00635	0.00556
4	0.02486	0.02141	0.01946	0.01572	0.02052	0.17800	0.01262	0.47946	0.07317	0.03571	0.01609	0.01643	0.01182	0.00802	0.00663	0.00199	0.00831	0.00588	0.03333	0.01058
5	0.01277	0.05627	0.01089	0.00928	0.00991	0.00747	0.00652	0.01070	0.01000	0.04091	0.01440	0.07910	0.01455	0.02179	0.02303	0.65226	0.00587	0.00691	0.00346	0.00391
6	0.01508	0.01404	0.02297	0.42784	0.29032	0.01590	0.01916	0.04671	0.04273	0.02074	0.01322	0.01798	0.01032	0.00672	0.00682	0.00218	0.00854	0.00616	0.00348	0.00908
7	0.01558	0.01560	0.02353	0.01932	0.02047	0.02048	0.10521	0.04491	0.01212	0.01828	0.00993	0.01549	0.00928	0.01099	0.01990	0.00286	0.61868	0.00627	0.00321	0.00789
8	0.01521	0.01540	0.02333	0.02063	0.06593	0.02028	0.08234	0.01730	0.01138	0.01739	0.00972	0.01544	0.00924	0.01097	0.01999	0.00286	0.62544	0.00620	0.00307	0.00788
9	0.01688	0.01262	0.01409	0.01253	0.01605	0.01386	0.00976	0.03073	0.47378	0.10540	0.18241	0.03105	0.03030	0.01025	0.00720	0.00226	0.00497	0.00869	0.00726	0.00993
10	0.00845	0.00618	0.00796	0.00914	0.00988	0.00568	0.00623	0.00993	0.01406	0.01866	0.11445	0.60204	0.12182	0.02017	0.00859	0.00266	0.00383	0.01812	0.00648	0.00568
11	0.00820	0.00690	0.00711	0.00713	0.00933	0.00581	0.00532	0.01001	0.01575	0.01903	0.11037	0.08877	0.64841	0.01725	0.00811	0.00232	0.00347	0.01448	0.00643	0.00581
12	0.01615	0.01845	0.04037	0.02884	0.03576	0.01730	0.69204	0.02191	0.01615	0.02191	0.01384	0.01845	0.01038	0.00577	0.00807	0.00231	0.01153	0.00807	0.00346	0.00923
13	0.02843	0.01352	0.01687	0.01300	0.01818	0.01300	0.01071	0.21625	0.02307	0.50126	0.05527	0.02264	0.01763	0.00865	0.00692	0.00210	0.00618	0.00693	0.00797	0.01140
14	0.00834	0.00595	0.00794	0.00953	0.00992	0.00556	0.00635	0.00953	0.01310	0.01746	0.03771	0.75510	0.04525	0.02143	0.00873	0.00278	0.00397	0.01945	0.00635	0.00556
15	0.00853	0.00629	0.00804	0.00935	0.01018	0.00580	0.00657	0.00999	0.01376	0.01791	0.04302	0.57595	0.15990	0.02050	0.00868	0.00273	0.00409	0.07669	0.00635	0.00566
16	0.02416	0.01873	0.04286	0.01529	0.02060	0.02000	0.01285	0.57911	0.09626	0.04025	0.01765	0.01763	0.01268	0.00825	0.00676	0.00206	0.00723	0.00629	0.04005	0.01128
17	0.01292	0.01216	0.02052	0.74312	0.04712	0.01520	0.01900	0.01748	0.01368	0.01748	0.01216	0.01824	0.00912	0.00684	0.00684	0.00228	0.00912	0.00608	0.00304	0.00760
18	0.80789	0.01323	0.01006	0.00900	0.01323	0.01535	0.00741	0.02011	0.01164	0.03070	0.00953	0.01111	0.00741	0.00635	0.00423	0.00212	0.00529	0.00370	0.00423	0.00741
19	0.01419	0.01216	0.01419	0.01013	0.01621	0.00912	0.00811	0.01723	0.01419	0.02229	0.01216	0.01419	0.01013	0.00507	0.00507	0.00101	0.00507	0.00405	0.00405	0.80139
20	0.00876	0.00653	0.00877	0.01007	0.01044	0.00654	0.00690	0.00997	0.01293	0.01740	0.03587	0.70772	0.04293	0.02083	0.00961	0.00279	0.05153	0.01859	0.00614	0.00568
21	0.01779	0.01610	0.02504	0.06004	0.52631	0.01645	0.01857	0.11889	0.04081	0.02531	0.01529	0.01836	0.02938	0.00679	0.00677	0.00203	0.00776	0.00630	0.00410	0.03791
22	0.01470	0.11007	0.62413	0.01854	0.02802	0.01726	0.02337	0.04905	0.01511	0.02197	0.01216	0.01417	0.00880	0.00650	0.00630	0.00209	0.00972	0.00496	0.00305	0.01004
23	0.01886	0.15367	0.02686	0.04523	0.41486	0.09760	0.01714	0.04903	0.01643	0.04920	0.01267	0.01549	0.01045	0.00631	0.00621	0.00187	0.00824	0.00542	0.00368	0.04077
24	0.01653	0.44072	0.26810	0.01612	0.02351	0.02229	0.08721	0.02103	0.01432	0.01858	0.01089	0.01292	0.00891	0.00606	0.00548	0.00179	0.00870	0.00459	0.00297	0.00927
25	0.00975	0.00655	0.00752	0.00771	0.00776	0.00650	0.00442	0.00990	0.01033	0.01378	0.02353	0.13164	0.02736	0.66929	0.03163	0.00616	0.00631	0.01111	0.00442	0.00432
26	0.01565	0.01551	0.02347	0.04996	0.07008	0.02002	0.08767	0.04823	0.01255	0.01871	0.01024	0.01568	0.00939	0.01052	0.01848	0.00278	0.55350	0.00623	0.00325	0.00810
27	0.02353	0.01609	0.01942	0.06815	0.11601	0.04270	0.01326	0.31880	0.04020	0.18872	0.01902	0.04531	0.01430	0.03334	0.00782	0.00225	0.00730	0.00688	0.00625	0.01063
28	0.00882	0.00696	0.00806	0.00861	0.01040	0.00620	0.00664	0.01084	0.01546	0.01930	0.09999	0.18257	0.42459	0.01811	0.00846	0.00255	0.00410	0.14603	0.00642	0.00589
29	0.00995	0.00663	0.00746	0.00746	0.00746	0.00663	0.00415	0.00995	0.00995	0.01327	0.02156	0.04477	0.02487	0.75957	0.03482	0.00663	0.00663	0.00995	0.00415	0.00415
30	0.01880	0.02070	0.15897	0.01631	0.04529	0.06442	0.01435	0.20397	0.27055	0.02897	0.01960	0.02107	0.01512	0.06067	0.00873	0.00247	0.00755	0.00666	0.00556	0.01024
31	0.29143	0.12801	0.07493	0.06515	0.12646	0.04475	0.04404	0.03966	0.01477	0.09461	0.01259	0.01445	0.00960	0.00654	0.00557	0.00201	0.00732	0.00493	0.00416	0.00900
32	0.00893	0.00665	0.00831	0.00855	0.00992	0.00603	0.00616	0.01120	0.01660	0.02242	0.36599	0.27798	0.19205	0.01704	0.00828	0.00238	0.00351	0.01505	0.00691	0.00603
33	0.01724	0.01391	0.01485	0.01328	0.01712	0.01570	0.01035	0.03414	0.60705	0.07367	0.03093	0.02843	0.07314	0.00984	0.00704	0.00231	0.00529	0.00819	0.00701	0.01050
34	0.59778	0.03630	0.01411	0.01459	0.12594	0.01544	0.00991	0.02129	0.01295	0.08230	0.01141	0.01298	0.00873	0.00646	0.00485	0.00208	0.00585	0.00433	0.00439	0.00832
35	0.01619	0.01686	0.05424	0.20042	0.46946	0.04494	0.05794	0.02052	0.01528	0.02095	0.01264	0.01703	0.01025	0.00630	0.00683	0.00210	0.00880	0.00609	0.00330	0.00986
36	0.02318	0.02427	0.01976	0.04699	0.05009	0.35219	0.01356	0.21088	0.09722	0.02556	0.01414	0.01551	0.01102	0.00789	0.00757	0.00202	0.05852	0.00550	0.00476	0.00935
37	0.01692	0.01318	0.01600	0.01174	0.01756	0.01109	0.03413	0.11342	0.01713	0.07400	0.01454	0.03496	0.01176	0.00621	0.00565	0.00133	0.00567	0.00510	0.00479	0.58482
38	0.51717	0.10836	0.01473	0.05451	0.01629	0.01571	0.00898	0.02148	0.01348	0.12190	0.04364	0.01498	0.01155	0.00695	0.00494	0.00205	0.00576	0.00466	0.00472	0.00813
39	0.02099	0.06767	0.01824	0.01504	0.04402	0.17326	0.01149	0.11161	0.23126	0.10841	0.07541	0.02150	0.01848	0.00841	0.00659	0.00200	0.00728	0.00658	0.00588	0.04587

[dist]
# distance from previous block
# <min> <max>
0	1

[block]
# block no. 1 follows, 31 sequences, length 71
# corresponding to MSA columns:
# 93-163
name=unknown_B
#
# <colnr> <probs for GDERKNQSTAVLIFYWHMCP>
#	G	D	E	R	K	N	Q	S	T	A	V	L	I	F	Y	W	H	M	C	P
0	0.05623	0.07000	0.05762	0.18819	0.14373	0.01721	0.32653	0.02057	0.01505	0.02102	0.01272	0.01711	0.00984	0.00612	0.00707	0.00218	0.00978	0.00666	0.00333	0.00903
1	0.08308	0.01665	0.04809	0.20564	0.15807	0.01695	0.22719	0.11745	0.01731	0.02467	0.01321	0.01710	0.01003	0.00652	0.00698	0.00219	0.00917	0.00649	0.00388	0.00933
2	0.01114	0.03775	0.04908	0.03470	0.06123	0.00900	0.02894	0.01393	0.03165	0.04305	0.05380	0.39409	0.09787	0.01818	0.04459	0.00296	0.00594	0.04956	0.00565	0.00689
3	0.00985	0.00659	0.00749	0.00758	0.00761	0.00657	0.00427	0.00992	0.01013	0.01351	0.02250	0.08622	0.02606	0.71649	0.03330	0.00641	0.00648	0.01050	0.00427	0.00423
4	0.02249	0.29443	0.02537	0.01551	0.01972	0.44803	0.01275	0.02439	0.01703	0.01650	0.01012	0.01196	0.00881	0.00683	0.00624	0.00171	0.04239	0.00421	0.00329	0.00822
5	0.06427	0.29464	0.24247	0.01797	0.10482	0.04976	0.01672	0.04237	0.01536	0.07544	0.01238	0.01395	0.00964	0.00644	0.00566	0.00187	0.00826	0.00474	0.00362	0.00963
6	0.00982	0.00715	0.01009	0.01009	0.01101	0.00806	0.00743	0.01164	0.01073	0.01522	0.01915	0.03144	0.01908	0.23178	0.55469	0.00988	0.01535	0.00800	0.00379	0.00561
7	0.00830	0.00609	0.00780	0.00917	0.00983	0.00559	0.00619	0.00957	0.01344	0.01760	0.04202	0.66099	0.13658	0.02087	0.00864	0.00271	0.00390	0.01876	0.00635	0.00559
8	0.00970	0.00775	0.01152	0.16990	0.04864	0.00811	0.00973	0.01175	0.01333	0.01768	0.03109	0.56342	0.03593	0.01761	0.00824	0.00264	0.00527	0.01597	0.00550	0.00623
9	0.01789	0.01875	0.10903	0.05910	0.50382	0.04890	0.01992	0.02267	0.03652	0.07674	0.01422	0.01722	0.01120	0.00649	0.00673	0.00206	0.00833	0.00600	0.00383	0.01057
10	0.00820	0.00697	0.00709	0.00715	0.00943	0.00586	0.00543	0.00999	0.01560	0.01856	0.06801	0.06629	0.68763	0.01739	0.00814	0.00234	0.00358	0.04021	0.00635	0.00580
11	0.02556	0.03261	0.01939	0.01763	0.02115	0.73210	0.01322	0.02732	0.01939	0.01674	0.01058	0.01234	0.00881	0.00705	0.00617	0.00176	0.01234	0.00441	0.00353	0.00793
12	0.05358	0.01741	0.09284	0.08206	0.49108	0.01597	0.01957	0.05008	0.03480	0.02334	0.01422	0.01943	0.01194	0.00695	0.00676	0.00212	0.00807	0.03583	0.00373	0.01022
13	0.01807	0.02802	0.50218	0.01709	0.02554	0.01434	0.02040	0.05049	0.01632	0.18398	0.01627	0.01704	0.01107	0.00708	0.00653	0.00213	0.00872	0.00558	0.03878	0.01036
14	0.00834	0.00595	0.00794	0.00953	0.00992	0.00556	0.00635	0.00953	0.01310	0.01746	0.03771	0.75510	0.04525	0.02143	0.00873	0.00278	0.00397	0.01945	0.00635	0.00556
15	0.02618	0.01740	0.01926	0.01493	0.02024	0.01879	0.01228	0.51865	0.08241	0.16928	0.01930	0.01842	0.01335	0.00834	0.00686	0.00209	0.00704	0.00642	0.00716	0.01157
16	0.01103	0.00791	0.01063	0.01036	0.01153	0.00896	0.00779	0.04391	0.01226	0.01788	0.01978	0.06536	0.01923	0.15597	0.44025	0.00810	0.04417	0.00815	0.09064	0.00611
17	0.01411	0.00791	0.01039	0.00923	0.01159	0.00719	0.00711	0.01722	0.01918	0.16884	0.54136	0.04425	0.05267	0.01258	0.00767	0.00212	0.00375	0.01098	0.04435	0.00751
18	0.01726	0.01987	0.03463	0.02570	0.03113	0.11544	0.49914	0.02185	0.01575	0.02040	0.01268	0.01710	0.00996	0.00686	0.00994	0.00233	0.12050	0.00726	0.00340	0.00879
19	0.00990	0.00657	0.00780	0.00830	0.00866	0.00648	0.00531	0.01071	0.01154	0.01586	0.02660	0.20780	0.03020	0.46476	0.02419	0.00504	0.00572	0.07045	0.06929	0.00484
20	0.01403	0.08424	0.67795	0.01898	0.02880	0.01664	0.02437	0.02159	0.01441	0.02129	0.01209	0.01421	0.00867	0.00646	0.00636	0.00212	0.00992	0.00496	0.00289	0.01002
21	0.00834	0.00595	0.00794	0.00953	0.00992	0.00556	0.00635	0.00953	0.01310	0.01746	0.03771	0.75510	0.04525	0.02143	0.00873	0.00278	0.00397	0.01945	0.00635	0.00556
22	0.01321	0.01246	0.02105	0.69199	0.09597	0.01528	0.01915	0.01774	0.01382	0.01784	0.01221	0.01814	0.00925	0.00679	0.00684	0.00226	0.00905	0.00608	0.00307	0.00784
23	0.28741	0.01222	0.01435	0.07596	0.01869	0.01227	0.00997	0.02754	0.01642	0.42954	0.01987	0.01879	0.01308	0.00762	0.00600	0.00213	0.00594	0.00575	0.00658	0.00988
24	0.01252	0.00640	0.00647	0.00647	0.00793	0.00640	0.00473	0.01545	0.01398	0.02450	0.02225	0.02710	0.01814	0.07005	0.00726	0.00201	0.00347	0.00667	0.73201	0.00619
25	0.01226	0.01145	0.01866	0.64260	0.04195	0.01391	0.01712	0.01643	0.01394	0.01762	0.01996	0.02474	0.10538	0.00827	0.00701	0.00228	0.00835	0.00722	0.00349	0.00735
26	0.02261	0.28156	0.02466	0.01530	0.01952	0.46983	0.01243	0.02447	0.01723	0.01642	0.01054	0.01283	0.00928	0.02888	0.00641	0.00180	0.01045	0.00431	0.00334	0.00811
27	0.01607	0.01822	0.03939	0.02814	0.03503	0.01700	0.66652	0.02174	0.01607	0.02193	0.01378	0.01830	0.01037	0.00574	0.00796	0.00226	0.01129	0.00792	0.00348	0.03878
28	0.01211	0.03497	0.01289	0.01188	0.01356	0.10372	0.00926	0.01446	0.01219	0.01600	0.01703	0.02446	0.01575	0.04406	0.61409	0.00948	0.01719	0.00683	0.00362	0.00643
29	0.01789	0.72860	0.03461	0.01156	0.01722	0.02611	0.01146	0.02013	0.01415	0.01662	0.04214	0.01283	0.01137	0.00623	0.00456	0.00150	0.00713	0.00406	0.00314	0.00867
30	0.77272	0.01350	0.01053	0.00930	0.01359	0.01561	0.00766	0.05043	0.01257	0.03125	0.00984	0.01135	0.00760	0.00643	0.00435	0.00211	0.00539	0.00382	0.00435	0.00760
31	0.05186	0.01834	0.05703	0.10423	0.08851	0.06742	0.37903	0.02177	0.04546	0.02167	0.03283	0.01844	0.01186	0.00673	0.00809	0.00226	0.04472	0.00713	0.00367	0.00895
32	0.00947	0.00693	0.00888	0.00850	0.01012	0.00635	0.00634	0.01246	0.01871	0.02612	0.62088	0.08854	0.12180	0.01467	0.00810	0.00220	0.00329	0.01292	0.00736	0.00635
33	0.01092	0.00753	0.01003	0.00982	0.01089	0.00861	0.00744	0.01315	0.01166	0.01800	0.01913	0.02817	0.01772	0.13550	0.40153	0.00745	0.06404	0.00736	0.20506	0.00600
34	0.00978	0.00729	0.01078	0.01078	0.01192	0.00843	0.00828	0.01208	0.01093	0.01572	0.01853	0.02798	0.01758	0.09517	0.68925	0.01072	0.01760	0.00749	0.00369	0.00599
35	0.80789	0.01323	0.01006	0.00900	0.01323	0.01535	0.00741	0.02011	0.01164	0.03070	0.00953	0.01111	0.00741	0.00635	0.00423	0.00212	0.00529	0.00370	0.00423	0.00741
36	0.00945	0.00683	0.00871	0.00851	0.00987	0.00632	0.00615	0.01204	0.01752	0.02438	0.52887	0.13499	0.09924	0.08399	0.01062	0.00265	0.00365	0.01312	0.00700	0.00609
37	0.00954	0.00699	0.00895	0.00846	0.01013	0.00639	0.00634	0.01263	0.01903	0.02663	0.65570	0.05242	0.12263	0.01429	0.00807	0.00217	0.00325	0.01256	0.00743	0.00639
38	0.02556	0.03261	0.01939	0.01763	0.02115	0.73210	0.01322	0.02732	0.01939	0.01674	0.01058	0.01234	0.00881	0.00705	0.00617	0.00176	0.01234	0.00441	0.00353	0.00793
39	0.02294	0.02767	0.01796	0.01633	0.01987	0.54999	0.01233	0.02827	0.15859	0.01925	0.01705	0.01772	0.04683	0.00802	0.00643	0.00190	0.01048	0.00559	0.00437	0.00841
40	0.00962	0.00699	0.00906	0.00854	0.01018	0.00643	0.00641	0.01279	0.01922	0.02708	0.68801	0.05168	0.09004	0.01412	0.00807	0.00216	0.00324	0.01245	0.00748	0.00643
41	0.02661	0.01810	0.03907	0.01513	0.02069	0.01883	0.01275	0.54273	0.02915	0.17883	0.01843	0.01775	0.01262	0.00822	0.00684	0.00207	0.00726	0.00627	0.00706	0.01159
42	0.01829	0.76368	0.03585	0.01171	0.01756	0.02707	0.01171	0.02049	0.01390	0.01610	0.00951	0.01097	0.00878	0.00585	0.00439	0.00146	0.00732	0.00366	0.00293	0.00878
43	0.01540	0.30333	0.47090	0.01663	0.02518	0.02000	0.02028	0.02123	0.01424	0.01962	0.01126	0.01317	0.00871	0.00626	0.00572	0.00191	0.00908	0.00454	0.00290	0.00962
44	0.01613	0.01896	0.08098	0.02637	0.03281	0.01723	0.55602	0.05271	0.01636	0.02243	0.01435	0.04160	0.01137	0.00679	0.00877	0.00234	0.05390	0.00804	0.00365	0.00918
45	0.02601	0.01916	0.02053	0.01574	0.02122	0.02122	0.01300	0.69408	0.03217	0.04312	0.01643	0.01643	0.01163	0.00821	0.00684	0.00205	0.00753	0.00616	0.00684	0.01163
46	0.01680	0.01706	0.05702	0.04105	0.68802	0.01624	0.02118	0.02102	0.01553	0.02232	0.01284	0.01683	0.01075	0.00611	0.00676	0.00204	0.00821	0.00605	0.00337	0.01081
47	0.00834	0.00595	0.00794	0.00953	0.00992	0.00556	0.00635	0.00953	0.01310	0.01746	0.03771	0.75510	0.04525	0.02143	0.00873	0.00278	0.00397	0.01945	0.00635	0.00556
48	0.80789	0.01323	0.01006	0.00900	0.01323	0.01535	0.00741	0.02011	0.01164	0.03070	0.00953	0.01111	0.00741	0.00635	0.00423	0.00212	0.00529	0.00370	0.00423	0.00741
49	0.01813	0.01525	0.01610	0.01415	0.01821	0.01754	0.01110	0.11789	0.62118	0.03042	0.02643	0.02440	0.01974	0.00915	0.00695	0.00229	0.00568	0.00754	0.00695	0.01093
50	0.01725	0.01690	0.02671	0.06067	0.63783	0.05235	0.02020	0.02174	0.03940	0.02214	0.01325	0.01704	0.01103	0.00628	0.00675	0.00204	0.00828	0.00607	0.00351	0.01059
51	0.00977	0.00733	0.01100	0.01100	0.01222	0.00855	0.00855	0.01222	0.01100	0.01588	0.01833	0.02688	0.01710	0.05131	0.73245	0.01100	0.01833	0.00733	0.00367	0.00611
52	0.02359	0.01796	0.01917	0.01525	0.02029	0.02009	0.01242	0.51720	0.21298	0.03922	0.01950	0.01887	0.01412	0.00850	0.00688	0.00213	0.00696	0.00658	0.00688	0.01142
53	0.00957	0.00691	0.00905	0.00868	0.01020	0.00638	0.00645	0.01263	0.01885	0.02661	0.65747	0.10926	0.06296	0.01460	0.00812	0.00220	0.00329	0.01296	0.00743	0.00638
54	0.01533	0.01242	0.01551	0.01113	0.01720	0.00956	0.03994	0.01847	0.01462	0.06699	0.01319	0.01497	0.01058	0.00532	0.00532	0.00114	0.00541	0.00442	0.00431	0.71417
55	0.01615	0.01845	0.04037	0.02884	0.03576	0.01730	0.69204	0.02191	0.01615	0.02191	0.01384	0.01845	0.01038	0.00577	0.00807	0.00231	0.01153	0.00807	0.00346	0.00923
56	0.00809	0.00690	0.00696	0.00700	0.00926	0.00577	0.00523	0.00981	0.01552	0.01845	0.06840	0.08551	0.69503	0.01744	0.00810	0.00232	0.00348	0.01458	0.00635	0.00577
57	0.02999	0.01180	0.01586	0.01226	0.01748	0.01041	0.01009	0.03350	0.05472	0.68607	0.02703	0.02340	0.01714	0.00851	0.00688	0.00213	0.00580	0.00692	0.00839	0.01160
58	0.00981	0.00657	0.00750	0.00764	0.00768	0.00654	0.00434	0.00991	0.01023	0.01364	0.02299	0.10778	0.02668	0.69409	0.03251	0.00629	0.00640	0.01079	0.00434	0.00427
59	0.00984	0.00705	0.00957	0.00957	0.01030	0.00778	0.00677	0.01130	0.01057	0.01483	0.01963	0.03410	0.02024	0.33735	0.45071	0.00923	0.01360	0.00839	0.00386	0.00532
60	0.01693	0.01626	0.02777	0.04199	0.71689	0.01626	0.02100	0.02100	0.01558	0.02235	0.01287	0.01693	0.01084	0.00610	0.00677	0.00203	0.00813	0.00610	0.00339	0.01084
61	0.43792	0.01226	0.01242	0.01026	0.01484	0.01268	0.00844	0.02567	0.01519	0.32969	0.01763	0.01699	0.01196	0.00734	0.00540	0.00209	0.00543	0.00519	0.03939	0.00920
62	0.00943	0.00718	0.00765	0.00739	0.00978	0.00607	0.00559	0.01139	0.01624	0.05560	0.14220	0.06194	0.60263	0.01648	0.00802	0.00228	0.00356	0.01381	0.00660	0.00616
63	0.00832	0.00689	0.00728	0.00728	0.00941	0.00586	0.00542	0.01023	0.01599	0.01966	0.15590	0.09578	0.59428	0.01706	0.00811	0.00231	0.00346	0.01439	0.00651	0.00586
64	0.01372	0.03539	0.72412	0.01950	0.02961	0.01589	0.02528	0.02167	0.01444	0.02167	0.01228	0.01444	0.00867	0.00650	0.00650	0.00217	0.01011	0.00506	0.00289	0.01011
65	0.02963	0.01318	0.05180	0.01270	0.01825	0.01085	0.01096	0.06247	0.01989	0.65581	0.02577	0.02253	0.01628	0.00836	0.00686	0.00212	0.00611	0.00676	0.00811	0.01157
66	0.00809	0.00693	0.00693	0.00693	0.00924	0.00578	0.00520	0.00982	0.01559	0.01848	0.06931	0.06584	0.71411	0.01733	0.00809	0.00231	0.00347	0.01444	0.00635	0.00578
67	0.01509	0.00820	0.01078	0.00961	0.01219	0.00737	0.00748	0.01798	0.01877	0.20865	0.43543	0.07343	0.09633	0.01325	0.00784	0.00222	0.00407	0.03598	0.00760	0.00773
68	0.01563	0.01757	0.03791	0.06399	0.03517	0.01667	0.62726	0.02113	0.01589	0.02149	0.01483	0.05158	0.01189	0.00653	0.00804	0.00233	0.01107	0.00848	0.00357	0.00898
69	0.04891	0.70939	0.05850	0.01187	0.01780	0.02623	0.01201	0.02051	0.01383	0.01686	0.00961	0.01110	0.00872	0.00589	0.00446	0.00151	0.00733	0.00371	0.00298	0.00877
70	0.11485	0.04644	0.09939	0.01208	0.01684	0.01180	0.01102	0.02416	0.01716	0.32258	0.16938	0.02561	0.02418	0.00912	0.00731	0.00211	0.03910	0.00721	0.00648	0.03320

[dist]
# distance from previous block
# <min> <max>
0	1

[block]
# block no. 2 follows, 31 sequences, length 22
# corresponding to MSA columns:
# 165-186
name=unknown_C
#
# <colnr> <probs for GDERKNQSTAVLIFYWHMCP>
#	G	D	E	R	K	N	Q	S	T	A	V	L	I	F	Y	W	H	M	C	P
0	0.08985	0.01176	0.01543	0.01193	0.01714	0.01046	0.00985	0.03233	0.01898	0.66904	0.02566	0.02236	0.01621	0.00831	0.00668	0.00212	0.00578	0.00664	0.00815	0.01132
1	0.01592	0.02123	0.15150	0.06398	0.08859	0.07400	0.39112	0.02125	0.01576	0.02099	0.01458	0.06150	0.01203	0.00702	0.00752	0.00224	0.01049	0.00768	0.00351	0.00910
2	0.80789	0.01323	0.01006	0.00900	0.01323	0.01535	0.00741	0.02011	0.01164	0.03070	0.00953	0.01111	0.00741	0.00635	0.00423	0.00212	0.00529	0.00370	0.00423	0.00741
3	0.05286	0.01089	0.01178	0.03367	0.01379	0.01181	0.00799	0.15723	0.12176	0.02719	0.08677	0.02923	0.02211	0.16715	0.01222	0.00296	0.00544	0.00773	0.20965	0.00776
4	0.00809	0.00693	0.00693	0.00693	0.00924	0.00578	0.00520	0.00982	0.01559	0.01848	0.06931	0.06584	0.71411	0.01733	0.00809	0.00231	0.00347	0.01444	0.00635	0.00578
5	0.02278	0.01686	0.01812	0.01444	0.01904	0.01863	0.01165	0.52683	0.10089	0.03800	0.01925	0.05822	0.01530	0.04804	0.00833	0.00234	0.00691	0.00723	0.03650	0.01064
6	0.06655	0.09045	0.01906	0.01482	0.01885	0.30927	0.01171	0.17105	0.12008	0.02512	0.01477	0.01586	0.01160	0.00816	0.00689	0.03272	0.00878	0.00531	0.04002	0.00894
7	0.01006	0.00803	0.00845	0.00818	0.01028	0.00751	0.00595	0.05684	0.05202	0.01978	0.05375	0.11386	0.47112	0.12925	0.01205	0.00299	0.00436	0.01326	0.00608	0.00617
8	0.04891	0.52540	0.04892	0.01409	0.04514	0.05610	0.01267	0.05278	0.03528	0.01876	0.01058	0.01243	0.00932	0.00675	0.00653	0.00174	0.07809	0.00429	0.00333	0.00888
9	0.02972	0.01143	0.01556	0.01201	0.01713	0.00989	0.00989	0.03239	0.01957	0.68929	0.05896	0.02458	0.01915	0.00872	0.00694	0.00212	0.00570	0.00714	0.00842	0.01140
10	0.00834	0.00595	0.00794	0.00953	0.00992	0.00556	0.00635	0.00953	0.01310	0.01746	0.03771	0.75510	0.04525	0.02143	0.00873	0.00278	0.00397	0.01945	0.00635	0.00556
11	0.02475	0.03126	0.01951	0.01765	0.02091	0.67798	0.01335	0.02649	0.01871	0.01672	0.01045	0.01254	0.00883	0.00742	0.00741	0.00186	0.06825	0.00453	0.00348	0.00790
12	0.00937	0.00772	0.00837	0.00859	0.01059	0.00725	0.00628	0.01335	0.10879	0.01958	0.05501	0.24902	0.43656	0.01735	0.00811	0.00244	0.00387	0.01490	0.00644	0.00640
13	0.01570	0.01525	0.02258	0.51172	0.08251	0.07309	0.07597	0.08341	0.01623	0.02055	0.01263	0.01754	0.00955	0.00685	0.00689	0.00220	0.00937	0.00613	0.00350	0.00835
14	0.00834	0.00595	0.00794	0.00953	0.00992	0.00556	0.00635	0.00953	0.01310	0.01746	0.03771	0.75510	0.04525	0.02143	0.00873	0.00278	0.00397	0.01945	0.00635	0.00556
15	0.01531	0.28912	0.48433	0.01678	0.02541	0.01978	0.02055	0.02125	0.01425	0.01973	0.01131	0.01324	0.00871	0.00627	0.00576	0.00192	0.00914	0.00457	0.00290	0.00965
16	0.09873	0.02654	0.01790	0.01600	0.01981	0.48163	0.01223	0.08129	0.13992	0.02226	0.01397	0.01486	0.01102	0.00747	0.00618	0.00192	0.01007	0.00506	0.00446	0.00868
17	0.01615	0.01845	0.04037	0.02884	0.03576	0.01730	0.69204	0.02191	0.01615	0.02191	0.01384	0.01845	0.01038	0.00577	0.00807	0.00231	0.01153	0.00807	0.00346	0.00923
18	0.04220	0.00752	0.00933	0.00886	0.01064	0.00703	0.00655	0.01410	0.01704	0.08428	0.41814	0.11364	0.10073	0.10029	0.01100	0.00276	0.00409	0.02840	0.00686	0.00654
19	0.05193	0.01159	0.01314	0.01188	0.01465	0.03178	0.00910	0.07032	0.13606	0.05025	0.05488	0.25347	0.02595	0.01423	0.03639	0.00260	0.06697	0.01050	0.00572	0.12860
20	0.08754	0.05181	0.01615	0.01290	0.01697	0.12579	0.01034	0.19781	0.09682	0.10779	0.02696	0.05739	0.12747	0.01018	0.00676	0.00212	0.00681	0.02321	0.00601	0.00916
21	0.36325	0.01552	0.09891	0.01186	0.01636	0.01446	0.01083	0.11321	0.06701	0.02975	0.10790	0.02491	0.01975	0.00905	0.00608	0.00223	0.00602	0.06930	0.00526	0.00834

[dist]
# distance from previous block
# <min> <max>
1	17

[block]
# block no. 3 follows, 31 sequences, length 29
# corresponding to MSA columns:
# 204-232
name=unknown_D
#
# <colnr> <probs for GDERKNQSTAVLIFYWHMCP>
#	G	D	E	R	K	N	Q	S	T	A	V	L	I	F	Y	W	H	M	C	P
0	0.01684	0.08877	0.02826	0.07035	0.02638	0.10159	0.26010	0.04188	0.01547	0.02023	0.05037	0.01778	0.01266	0.00790	0.01050	0.00224	0.17635	0.00662	0.00364	0.04206
1	0.00982	0.00708	0.00866	0.00827	0.01015	0.00633	0.00620	0.01250	0.01800	0.04617	0.47481	0.08441	0.25216	0.01511	0.00806	0.00222	0.00341	0.01310	0.00717	0.00638
2	0.01419	0.01216	0.01419	0.01013	0.01621	0.00912	0.00811	0.01723	0.01419	0.02229	0.01216	0.01419	0.01013	0.00507	0.00507	0.00101	0.00507	0.00405	0.00405	0.80139
3	0.02329	0.01228	0.01542	0.01194	0.01705	0.01107	0.00971	0.09118	0.05029	0.37158	0.02120	0.02054	0.01476	0.01124	0.06888	0.00258	0.00684	0.00611	0.00662	0.22741
4	0.02976	0.01185	0.01585	0.01229	0.01749	0.01053	0.01011	0.03355	0.06662	0.67403	0.02705	0.02344	0.01721	0.00852	0.00689	0.00213	0.00579	0.00694	0.00836	0.01159
5	0.00941	0.00640	0.00762	0.00815	0.00829	0.00627	0.00489	0.00981	0.01101	0.01467	0.02698	0.28316	0.03171	0.51184	0.02607	0.00534	0.00574	0.01314	0.00489	0.00462
6	0.01520	0.01449	0.02464	0.34467	0.42775	0.01580	0.02013	0.01948	0.01476	0.02025	0.01256	0.01750	0.01010	0.00642	0.00680	0.00214	0.00856	0.00609	0.00324	0.00944
7	0.02556	0.03261	0.01939	0.01763	0.02115	0.73210	0.01322	0.02732	0.01939	0.01674	0.01058	0.01234	0.00881	0.00705	0.00617	0.00176	0.01234	0.00441	0.00353	0.00793
8	0.00984	0.00659	0.00749	0.00760	0.00763	0.00656	0.00430	0.00992	0.01017	0.01355	0.02267	0.09355	0.02627	0.70887	0.03303	0.00637	0.00645	0.01060	0.00430	0.00424
9	0.05996	0.01827	0.01935	0.01518	0.02038	0.02036	0.01245	0.57130	0.12572	0.04052	0.01772	0.01746	0.01274	0.00828	0.00674	0.00209	0.00713	0.00627	0.00674	0.01133
10	0.01020	0.00767	0.01053	0.01259	0.05102	0.00740	0.00947	0.01266	0.01498	0.01946	0.03985	0.26219	0.13116	0.01869	0.00892	0.00287	0.00536	0.36256	0.00616	0.00627
11	0.02536	0.01884	0.02017	0.01561	0.02097	0.02091	0.01285	0.64645	0.08085	0.04207	0.01725	0.01708	0.01230	0.00829	0.00685	0.00207	0.00738	0.00627	0.00685	0.01158
12	0.01586	0.01777	0.03764	0.02732	0.03345	0.01727	0.60930	0.02117	0.01565	0.02139	0.01423	0.02027	0.01131	0.00677	0.00936	0.00240	0.07454	0.03181	0.00352	0.00897
13	0.01693	0.01626	0.02777	0.04199	0.71689	0.01626	0.02100	0.02100	0.01558	0.02235	0.01287	0.01693	0.01084	0.00610	0.00677	0.00203	0.00813	0.00610	0.00339	0.01084
14	0.01416	0.08739	0.64308	0.01936	0.02902	0.01676	0.05468	0.02159	0.01448	0.02127	0.01215	0.01438	0.00875	0.00642	0.00642	0.00212	0.00997	0.00509	0.00292	0.00997
15	0.01659	0.01591	0.02716	0.10121	0.66032	0.01617	0.02083	0.02070	0.01542	0.02194	0.01281	0.01704	0.01069	0.00616	0.00678	0.00205	0.00821	0.00609	0.00336	0.01056
16	0.01813	0.01445	0.01550	0.01378	0.01776	0.01645	0.01077	0.03611	0.64864	0.08517	0.02778	0.02534	0.02056	0.00922	0.00695	0.00230	0.00545	0.00767	0.00708	0.01090
17	0.00831	0.00605	0.00784	0.00926	0.00985	0.00558	0.00623	0.00956	0.01335	0.01757	0.04091	0.68523	0.11305	0.02102	0.00867	0.00273	0.00392	0.01894	0.00635	0.00558
18	0.01801	0.34761	0.20689	0.07856	0.02365	0.07007	0.01606	0.05183	0.01536	0.05778	0.01177	0.01372	0.00937	0.00676	0.00645	0.00188	0.04691	0.00469	0.00345	0.00918
19	0.06142	0.03210	0.60209	0.01996	0.02935	0.01602	0.10163	0.02160	0.01447	0.02223	0.01229	0.01471	0.00879	0.00641	0.00655	0.00218	0.00999	0.00533	0.00304	0.00985
20	0.00845	0.00600	0.00790	0.00938	0.00975	0.00563	0.00619	0.00956	0.01287	0.01716	0.03655	0.70415	0.04379	0.07438	0.01060	0.00305	0.00416	0.01877	0.00619	0.00546
21	0.01320	0.00941	0.05288	0.00981	0.01251	0.00758	0.00814	0.01662	0.01911	0.13530	0.56445	0.04458	0.05379	0.01268	0.00779	0.00215	0.00404	0.01108	0.00740	0.00748
22	0.01530	0.01701	0.07371	0.32055	0.17297	0.06416	0.15999	0.01999	0.01505	0.01999	0.01303	0.01770	0.01007	0.00651	0.00692	0.00216	0.00944	0.00633	0.04041	0.00872
23	0.01829	0.76368	0.03585	0.01171	0.01756	0.02707	0.01171	0.02049	0.01390	0.01610	0.00951	0.01097	0.00878	0.00585	0.00439	0.00146	0.00732	0.00366	0.00293	0.00878
24	0.04416	0.01594	0.02836	0.10825	0.29233	0.03488	0.24035	0.01993	0.01515	0.02122	0.01495	0.08077	0.01323	0.00761	0.00776	0.00224	0.03228	0.00776	0.00365	0.00919
25	0.01188	0.00594	0.00891	0.00891	0.00891	0.00594	0.00594	0.00891	0.00891	0.01188	0.01188	0.02080	0.01188	0.02377	0.02674	0.80095	0.00594	0.00594	0.00297	0.00297
26	0.00832	0.00601	0.00788	0.00937	0.00988	0.00557	0.00628	0.00954	0.01325	0.01753	0.03959	0.71395	0.08519	0.02119	0.00869	0.00275	0.00394	0.01915	0.00635	0.00557
27	0.01842	0.08933	0.01504	0.01113	0.01442	0.11263	0.00891	0.18475	0.05067	0.02741	0.01820	0.02064	0.01440	0.03202	0.00651	0.00191	0.00614	0.00596	0.35327	0.00825
28	0.01452	0.01059	0.01324	0.14245	0.01915	0.03656	0.01022	0.10091	0.01640	0.07163	0.04886	0.22914	0.02539	0.05637	0.04894	0.00306	0.02487	0.03766	0.08270	0.00735

[dist]
# distance from previous block
# <min> <max>
0	1

[block]
# block no. 4 follows, 31 sequences, length 63
# corresponding to MSA columns:
# 234-296
name=unknown_E
#
# <colnr> <probs for GDERKNQSTAVLIFYWHMCP>
#	G	D	E	R	K	N	Q	S	T	A	V	L	I	F	Y	W	H	M	C	P
0	0.01712	0.01550	0.07379	0.08922	0.03812	0.01390	0.03841	0.10857	0.16429	0.07178	0.01815	0.04811	0.01429	0.00760	0.00642	0.00186	0.00660	0.00641	0.00518	0.25468
1	0.01719	0.58813	0.20176	0.01358	0.02046	0.02438	0.01498	0.02077	0.01403	0.01744	0.01018	0.01181	0.00875	0.00601	0.00490	0.00163	0.00799	0.00399	0.00292	0.00910
2	0.69547	0.04248	0.01209	0.03082	0.01498	0.04325	0.00834	0.04620	0.01287	0.02971	0.00991	0.01156	0.00773	0.00644	0.00449	0.00208	0.00583	0.00389	0.00422	0.00765
3	0.05088	0.07458	0.02125	0.04871	0.22245	0.28629	0.01441	0.02168	0.01627	0.01936	0.05457	0.01825	0.01380	0.04379	0.03582	0.00250	0.03743	0.00579	0.00371	0.00845
4	0.00842	0.00694	0.00740	0.00729	0.00945	0.00592	0.00546	0.01047	0.01639	0.02038	0.20587	0.06272	0.57636	0.01662	0.00808	0.00228	0.00341	0.01400	0.00660	0.00592
5	0.65304	0.01422	0.01249	0.07661	0.05931	0.04858	0.00953	0.02026	0.01242	0.02837	0.01001	0.01216	0.00783	0.00641	0.00471	0.00211	0.00613	0.00409	0.00404	0.00766
6	0.00845	0.00606	0.00793	0.00930	0.00981	0.00565	0.00622	0.00970	0.01333	0.01775	0.06673	0.67042	0.07076	0.05081	0.00973	0.00289	0.00403	0.01858	0.00631	0.00555
7	0.80789	0.01323	0.01006	0.00900	0.01323	0.01535	0.00741	0.02011	0.01164	0.03070	0.00953	0.01111	0.00741	0.00635	0.00423	0.00212	0.00529	0.00370	0.00423	0.00741
8	0.00924	0.00689	0.00859	0.00835	0.00999	0.00624	0.00619	0.01198	0.01804	0.02473	0.52233	0.11643	0.19513	0.01533	0.00813	0.00224	0.00334	0.01342	0.00719	0.00624
9	0.01354	0.01279	0.02164	0.63473	0.15066	0.01536	0.01931	0.01802	0.01397	0.01823	0.01227	0.01804	0.00939	0.00672	0.00683	0.00224	0.00897	0.00608	0.00309	0.00810
10	0.02601	0.01916	0.02053	0.01574	0.02122	0.02122	0.01300	0.69408	0.03217	0.04312	0.01643	0.01643	0.01163	0.00821	0.00684	0.00205	0.00753	0.00616	0.00684	0.01163
11	0.00974	0.00661	0.00767	0.00787	0.00828	0.00655	0.00486	0.01039	0.01112	0.01509	0.02721	0.13322	0.08150	0.51413	0.07789	0.00583	0.00669	0.01111	0.04951	0.00472
12	0.00834	0.00595	0.00794	0.00953	0.00992	0.00556	0.00635	0.00953	0.01310	0.01746	0.03771	0.75510	0.04525	0.02143	0.00873	0.00278	0.00397	0.01945	0.00635	0.00556
13	0.01829	0.76368	0.03585	0.01171	0.01756	0.02707	0.01171	0.02049	0.01390	0.01610	0.00951	0.01097	0.00878	0.00585	0.00439	0.00146	0.00732	0.00366	0.00293	0.00878
14	0.00834	0.00595	0.00794	0.00953	0.00992	0.00556	0.00635	0.00953	0.01310	0.01746	0.03771	0.75510	0.04525	0.02143	0.00873	0.00278	0.00397	0.01945	0.00635	0.00556
15	0.01292	0.01216	0.02052	0.74312	0.04712	0.01520	0.01900	0.01748	0.01368	0.01748	0.01216	0.01824	0.00912	0.00684	0.00684	0.00228	0.00912	0.00608	0.00304	0.00760
16	0.07030	0.01883	0.01994	0.01536	0.02076	0.02088	0.01269	0.65590	0.03100	0.04241	0.01603	0.01612	0.01140	0.00811	0.00670	0.00206	0.00740	0.00602	0.00670	0.01140
17	0.01182	0.00599	0.00898	0.00898	0.00902	0.00602	0.00602	0.00902	0.00898	0.01201	0.01209	0.02099	0.01205	0.02463	0.04893	0.77611	0.00633	0.00599	0.00299	0.00307
18	0.00995	0.00663	0.00746	0.00746	0.00746	0.00663	0.00415	0.00995	0.00995	0.01327	0.02156	0.04477	0.02487	0.75957	0.03482	0.00663	0.00663	0.00995	0.00415	0.00415
19	0.01323	0.01255	0.02036	0.57245	0.05777	0.01592	0.01791	0.01712	0.01314	0.01742	0.01248	0.04251	0.01036	0.00822	0.00966	0.00242	0.13922	0.00652	0.00315	0.00759
20	0.02522	0.02579	0.01921	0.01640	0.02058	0.41375	0.01274	0.27202	0.02384	0.05337	0.01445	0.04429	0.01163	0.00811	0.00655	0.00192	0.00998	0.00575	0.00505	0.00934
21	0.02522	0.02765	0.01841	0.01639	0.02008	0.55442	0.01244	0.07498	0.01997	0.10204	0.01447	0.05600	0.01204	0.00812	0.00645	0.00188	0.01075	0.00568	0.00451	0.00850
22	0.10359	0.45992	0.21411	0.01415	0.02099	0.02245	0.04224	0.02081	0.01389	0.01940	0.01041	0.01220	0.00866	0.00607	0.00508	0.00175	0.00800	0.00421	0.00308	0.00900
23	0.00977	0.00730	0.00911	0.00860	0.01040	0.00679	0.00647	0.01345	0.04646	0.02631	0.60108	0.05201	0.14813	0.01424	0.00803	0.00218	0.00335	0.01246	0.00735	0.00654
24	0.01419	0.01216	0.01419	0.01013	0.01621	0.00912	0.00811	0.01723	0.01419	0.02229	0.01216	0.01419	0.01013	0.00507	0.00507	0.00101	0.00507	0.00405	0.00405	0.80139
25	0.02333	0.01598	0.01785	0.01363	0.01889	0.01637	0.01109	0.42528	0.02549	0.13135	0.01731	0.01853	0.01281	0.05017	0.00807	0.00211	0.00674	0.00604	0.00635	0.17261
26	0.01275	0.00638	0.00638	0.00638	0.00797	0.00638	0.00478	0.01594	0.01435	0.02551	0.02232	0.02551	0.01754	0.00797	0.00478	0.00159	0.00319	0.00638	0.79755	0.00638
27	0.01483	0.13543	0.46483	0.01953	0.02763	0.01816	0.11431	0.02104	0.01423	0.02041	0.01179	0.01455	0.00895	0.00682	0.00792	0.00216	0.07952	0.00536	0.00298	0.00955
28	0.00968	0.00699	0.00914	0.00861	0.01022	0.00646	0.00646	0.01291	0.01937	0.02743	0.71328	0.05110	0.06455	0.01399	0.00807	0.00215	0.00323	0.01237	0.00753	0.00646
29	0.01275	0.00638	0.00638	0.00638	0.00797	0.00638	0.00478	0.01594	0.01435	0.02551	0.02232	0.02551	0.01754	0.00797	0.00478	0.00159	0.00319	0.00638	0.79755	0.00638
30	0.02556	0.03261	0.01939	0.01763	0.02115	0.73210	0.01322	0.02732	0.01939	0.01674	0.01058	0.01234	0.00881	0.00705	0.00617	0.00176	0.01234	0.00441	0.00353	0.00793
31	0.01372	0.03539	0.72412	0.01950	0.02961	0.01589	0.02528	0.02167	0.01444	0.02167	0.01228	0.01444	0.00867	0.00650	0.00650	0.00217	0.01011	0.00506	0.00289	0.01011
32	0.03051	0.01195	0.01606	0.01232	0.01762	0.01051	0.01017	0.05999	0.02009	0.69426	0.02656	0.02301	0.01672	0.00846	0.00688	0.00211	0.00589	0.00685	0.00840	0.01164
33	0.54503	0.01243	0.01163	0.00986	0.01425	0.01336	0.00810	0.02341	0.01430	0.22399	0.05428	0.01679	0.01331	0.00738	0.00519	0.00212	0.00532	0.00508	0.00561	0.00854
34	0.00912	0.00692	0.00831	0.00806	0.00979	0.00620	0.00596	0.01165	0.01752	0.02357	0.44942	0.08532	0.27335	0.04352	0.00911	0.00240	0.00346	0.01325	0.00697	0.00611
35	0.01693	0.01626	0.02777	0.04199	0.71689	0.01626	0.02100	0.02100	0.01558	0.02235	0.01287	0.01693	0.01084	0.00610	0.00677	0.00203	0.00813	0.00610	0.00339	0.01084
36	0.07472	0.01173	0.01555	0.01199	0.01722	0.01036	0.00991	0.03259	0.01913	0.68248	0.02600	0.02260	0.01640	0.00835	0.00673	0.00212	0.00579	0.00670	0.00823	0.01140
37	0.01599	0.20555	0.34559	0.02105	0.13030	0.01818	0.07109	0.02141	0.01500	0.04726	0.03878	0.01601	0.01157	0.00658	0.00622	0.00198	0.00882	0.00545	0.00340	0.00975
38	0.00976	0.00718	0.00911	0.00985	0.01094	0.00687	0.00687	0.03893	0.04123	0.02035	0.11975	0.58291	0.04410	0.01892	0.00837	0.00259	0.00412	0.01703	0.00646	0.03466
39	0.01275	0.00638	0.00638	0.00638	0.00797	0.00638	0.00478	0.01594	0.01435	0.02551	0.02232	0.02551	0.01754	0.00797	0.00478	0.00159	0.00319	0.00638	0.79755	0.00638
40	0.01625	0.01598	0.02811	0.04129	0.08186	0.01464	0.32753	0.07533	0.01667	0.02370	0.01335	0.01668	0.01040	0.00578	0.00679	0.00181	0.00862	0.00631	0.00393	0.28496
41	0.02447	0.02980	0.01987	0.01919	0.07362	0.60729	0.01367	0.05819	0.05583	0.01902	0.01193	0.01357	0.00973	0.00715	0.00629	0.00183	0.01143	0.00479	0.00385	0.00848
42	0.04267	0.08127	0.61197	0.01952	0.04653	0.01666	0.04615	0.02152	0.01440	0.02165	0.01207	0.01430	0.00874	0.00642	0.00634	0.00212	0.00975	0.00504	0.00297	0.00992
43	0.47775	0.06530	0.01462	0.01134	0.01569	0.10448	0.00929	0.12087	0.01644	0.05607	0.04393	0.01436	0.01131	0.00711	0.00515	0.00202	0.00655	0.00467	0.00476	0.00831
44	0.01275	0.00638	0.00638	0.00638	0.00797	0.00638	0.00478	0.01594	0.01435	0.02551	0.02232	0.02551	0.01754	0.00797	0.00478	0.00159	0.00319	0.00638	0.79755	0.00638
45	0.02076	0.01701	0.01640	0.01492	0.04421	0.14704	0.01137	0.12113	0.22320	0.13498	0.02559	0.02808	0.06737	0.00974	0.00702	0.00217	0.00708	0.06317	0.00623	0.03254
46	0.01024	0.00709	0.00911	0.00866	0.01039	0.00647	0.00647	0.01316	0.01858	0.05229	0.58012	0.10202	0.12034	0.01462	0.00807	0.00221	0.00340	0.01286	0.00737	0.00653
47	0.01292	0.01216	0.02052	0.74312	0.04712	0.01520	0.01900	0.01748	0.01368	0.01748	0.01216	0.01824	0.00912	0.00684	0.00684	0.00228	0.00912	0.00608	0.00304	0.00760
48	0.00830	0.00692	0.00725	0.00731	0.00948	0.00588	0.00550	0.01016	0.01580	0.01919	0.11729	0.09130	0.62001	0.01727	0.00815	0.00234	0.00354	0.03205	0.00644	0.00583
49	0.01497	0.01497	0.02095	0.01796	0.01796	0.02095	0.01497	0.01646	0.01048	0.01646	0.00898	0.01497	0.00898	0.01197	0.02245	0.00299	0.74704	0.00599	0.00299	0.00748
50	0.01579	0.01663	0.05271	0.07749	0.19074	0.04201	0.18534	0.04212	0.01514	0.02095	0.01467	0.04070	0.01310	0.00864	0.01031	0.00237	0.15281	0.05561	0.00372	0.03913
51	0.00977	0.00733	0.01100	0.01100	0.01222	0.00855	0.00855	0.01222	0.01100	0.01588	0.01833	0.02688	0.01710	0.05131	0.73245	0.01100	0.01833	0.00733	0.00367	0.00611
52	0.01275	0.00638	0.00638	0.00638	0.00797	0.00638	0.00478	0.01594	0.01435	0.02551	0.02232	0.02551	0.01754	0.00797	0.00478	0.00159	0.00319	0.00638	0.79755	0.00638
53	0.00864	0.00643	0.00918	0.01027	0.01091	0.00601	0.03267	0.01000	0.01322	0.01764	0.03679	0.72682	0.04391	0.02083	0.00871	0.00276	0.00426	0.01901	0.00624	0.00570
54	0.04584	0.01536	0.02574	0.12133	0.51380	0.01576	0.06143	0.02070	0.03995	0.02212	0.01554	0.01925	0.03927	0.00674	0.00683	0.00210	0.00807	0.00652	0.00363	0.01001
55	0.01713	0.01661	0.02530	0.08680	0.36317	0.09062	0.11648	0.02105	0.01610	0.04925	0.01660	0.02559	0.01472	0.00812	0.00729	0.00223	0.00880	0.10070	0.00400	0.00943
56	0.01317	0.01176	0.01916	0.10460	0.36086	0.01195	0.01511	0.01622	0.01450	0.02000	0.02270	0.28231	0.02421	0.01222	0.00760	0.00238	0.00667	0.04162	0.00454	0.00840
57	0.00959	0.00654	0.00759	0.00784	0.00807	0.00641	0.00466	0.01000	0.01111	0.01479	0.05540	0.16792	0.05780	0.57145	0.02814	0.00561	0.00590	0.01186	0.00476	0.00455
58	0.02455	0.01754	0.01900	0.01483	0.01983	0.01922	0.01214	0.59907	0.02978	0.06637	0.01836	0.06190	0.01412	0.00901	0.00687	0.00208	0.00707	0.00700	0.04019	0.01104
59	0.01643	0.01907	0.06237	0.07039	0.13737	0.05007	0.49677	0.02177	0.01601	0.02148	0.01339	0.01778	0.01024	0.00596	0.00766	0.00223	0.01087	0.00738	0.00341	0.00935
60	0.04098	0.01435	0.02245	0.41377	0.13981	0.01629	0.07034	0.13385	0.01731	0.02338	0.01467	0.01888	0.02992	0.00716	0.00688	0.00220	0.00861	0.00642	0.00391	0.00884
61	0.11025	0.10887	0.02414	0.19026	0.32674	0.01758	0.01691	0.05878	0.04327	0.02288	0.01270	0.01611	0.01024	0.00651	0.00620	0.00204	0.00777	0.00557	0.00369	0.00949
62	0.20539	0.10530	0.01519	0.01069	0.01461	0.01290	0.00896	0.05268	0.01723	0.21303	0.19002	0.02961	0.02691	0.00980	0.00644	0.00212	0.00536	0.05887	0.00630	0.00859

[dist]
# distance from previous block
# <min> <max>
0	1

[block]
# block no. 5 follows, 31 sequences, length 18
# corresponding to MSA columns:
# 298-315
name=unknown_F
#
# <colnr> <probs for GDERKNQSTAVLIFYWHMCP>
#	G	D	E	R	K	N	Q	S	T	A	V	L	I	F	Y	W	H	M	C	P
0	0.01388	0.01299	0.02084	0.21946	0.36013	0.01362	0.01666	0.01796	0.03414	0.02032	0.02471	0.05301	0.14556	0.00906	0.00712	0.00219	0.00728	0.00820	0.00406	0.00883
1	0.01107	0.00778	0.01058	0.09187	0.01473	0.00755	0.00799	0.01417	0.01805	0.06564	0.50181	0.09265	0.10265	0.01359	0.00790	0.00222	0.00411	0.01195	0.00691	0.00678
2	0.01275	0.00638	0.00638	0.00638	0.00797	0.00638	0.00478	0.01594	0.01435	0.02551	0.02232	0.02551	0.01754	0.00797	0.00478	0.00159	0.00319	0.00638	0.79755	0.00638
3	0.01626	0.01339	0.01530	0.01112	0.01709	0.01125	0.00897	0.13614	0.01735	0.02595	0.01291	0.01458	0.01040	0.00562	0.00538	0.00120	0.00550	0.00442	0.00454	0.66264
4	0.44836	0.01525	0.01458	0.05930	0.01839	0.01742	0.01025	0.24947	0.05602	0.03394	0.01302	0.01415	0.00968	0.00717	0.00544	0.00212	0.00631	0.00491	0.00519	0.00904
5	0.01275	0.00638	0.00638	0.00638	0.00797	0.00638	0.00478	0.01594	0.01435	0.02551	0.02232	0.02551	0.01754	0.00797	0.00478	0.00159	0.00319	0.00638	0.79755	0.00638
6	0.69719	0.06056	0.01250	0.00977	0.01401	0.01653	0.00818	0.04971	0.01265	0.02985	0.00981	0.01147	0.00773	0.00659	0.00497	0.00210	0.03058	0.00389	0.00423	0.00768
7	0.01592	0.01418	0.01808	0.01973	0.16397	0.01552	0.03926	0.02939	0.45099	0.02577	0.02703	0.07307	0.05725	0.00970	0.00714	0.00229	0.00603	0.00853	0.00600	0.01015
8	0.03499	0.01775	0.09260	0.13548	0.07632	0.01565	0.29836	0.07200	0.01636	0.02314	0.01318	0.01690	0.01004	0.00611	0.00696	0.00203	0.00926	0.00643	0.00372	0.14272
9	0.01188	0.00594	0.00891	0.00891	0.00891	0.00594	0.00594	0.00891	0.00891	0.01188	0.01188	0.02080	0.01188	0.02377	0.02674	0.80095	0.00594	0.00594	0.00297	0.00297
10	0.01459	0.03910	0.09186	0.04592	0.02358	0.01448	0.17746	0.01846	0.01397	0.02054	0.01299	0.04571	0.01120	0.00735	0.00918	0.00192	0.13703	0.00616	0.00363	0.30487
