[name]
unknown

[dist]
# distance from previous block
# <min> <max>
5	203

[block]
# block no. 0 follows, 30 sequences, length 6
# corresponding to MSA columns:
# 211-216
name=unknown_A
#
# <colnr> <probs for GDERKNQSTAVLIFYWHMCP>
#	G	D	E	R	K	N	Q	S	T	A	V	L	I	F	Y	W	H	M	C	P
0	0.01796	0.01717	0.09665	0.04210	0.04337	0.08606	0.08595	0.06469	0.05115	0.13203	0.04722	0.07721	0.11016	0.01126	0.02655	0.00245	0.02960	0.00859	0.00541	0.04443
1	0.06261	0.04405	0.04037	0.01412	0.01821	0.16608	0.05746	0.08541	0.07400	0.06732	0.12629	0.07367	0.02287	0.00941	0.00677	0.00202	0.00733	0.00773	0.04308	0.07118
2	0.06256	0.12087	0.06380	0.01289	0.01769	0.08565	0.01116	0.08093	0.05870	0.09768	0.05535	0.07077	0.04053	0.00889	0.00687	0.00191	0.03295	0.00687	0.00516	0.15875
3	0.01670	0.04558	0.10392	0.01431	0.04319	0.02955	0.04375	0.05411	0.08316	0.09958	0.12874	0.02482	0.04001	0.00959	0.00815	0.05743	0.00646	0.00709	0.00535	0.17850
4	0.02006	0.08577	0.16432	0.01720	0.08254	0.09594	0.01478	0.10418	0.06996	0.12509	0.05358	0.01946	0.01524	0.00774	0.00647	0.00198	0.00777	0.00609	0.05299	0.04884
5	0.01884	0.04860	0.07572	0.04782	0.06145	0.16341	0.01247	0.08347	0.03526	0.08420	0.07902	0.02320	0.06612	0.00964	0.00810	0.05745	0.00772	0.00669	0.00493	0.10589

[dist]
# distance from previous block
# <min> <max>
0	2

[block]
# block no. 1 follows, 30 sequences, length 57
# corresponding to MSA columns:
# 219-275
name=unknown_B
#
# <colnr> <probs for GDERKNQSTAVLIFYWHMCP>
#	G	D	E	R	K	N	Q	S	T	A	V	L	I	F	Y	W	H	M	C	P
0	0.02050	0.16874	0.02246	0.03405	0.11332	0.08166	0.01265	0.17937	0.01996	0.09071	0.01888	0.05901	0.05105	0.00839	0.00639	0.00190	0.00735	0.00664	0.00509	0.09189
1	0.04621	0.13571	0.21170	0.01883	0.09430	0.09520	0.01668	0.10151	0.04805	0.02305	0.01344	0.01654	0.01098	0.03402	0.04389	0.00269	0.06832	0.00554	0.00389	0.00945
2	0.05260	0.17104	0.07826	0.02261	0.20423	0.09048	0.04005	0.11202	0.09244	0.02472	0.01416	0.01597	0.01129	0.00690	0.00624	0.00195	0.00822	0.00555	0.00426	0.03701
3	0.04130	0.01782	0.11000	0.06262	0.14201	0.06475	0.01473	0.07702	0.03637	0.21503	0.01867	0.04951	0.01407	0.00794	0.00669	0.00205	0.00749	0.00656	0.02564	0.07972
4	0.06311	0.01604	0.02116	0.08406	0.33112	0.08361	0.01559	0.02163	0.05084	0.04522	0.07347	0.01981	0.01583	0.00717	0.00658	0.00195	0.00752	0.00626	0.00430	0.12471
5	0.09807	0.01613	0.02549	0.05389	0.34115	0.01667	0.12844	0.07259	0.09820	0.02580	0.03110	0.01973	0.02703	0.00717	0.00695	0.00218	0.00803	0.00682	0.00439	0.01017
6	0.05032	0.01485	0.06162	0.28144	0.08368	0.01502	0.04274	0.11114	0.05843	0.08593	0.08850	0.02340	0.03621	0.00836	0.00706	0.00224	0.00770	0.00720	0.00500	0.00917
7	0.01554	0.01711	0.12663	0.16100	0.16005	0.01475	0.09565	0.05774	0.06793	0.04721	0.09377	0.05066	0.01977	0.00876	0.00738	0.00228	0.00810	0.03169	0.00465	0.00933
8	0.01486	0.01242	0.01434	0.07732	0.01854	0.01397	0.01048	0.04459	0.41356	0.02758	0.19285	0.07513	0.03234	0.01113	0.00747	0.00234	0.00528	0.00957	0.00684	0.00936
9	0.00948	0.00723	0.00867	0.00867	0.01031	0.00667	0.00631	0.01252	0.04581	0.02298	0.34541	0.19118	0.23845	0.04314	0.00930	0.00254	0.00373	0.01433	0.00696	0.00632
10	0.01873	0.56615	0.12318	0.01326	0.01950	0.06687	0.01361	0.02176	0.01500	0.04606	0.03312	0.01356	0.01110	0.00650	0.00509	0.00165	0.00795	0.00438	0.00340	0.00912
11	0.00850	0.00607	0.00810	0.00972	0.01012	0.00567	0.00648	0.00972	0.01336	0.01781	0.03846	0.75020	0.04615	0.02186	0.00891	0.00283	0.00405	0.01984	0.00648	0.00567
12	0.80405	0.01350	0.01026	0.00918	0.01350	0.01565	0.00756	0.02051	0.01188	0.03131	0.00972	0.01134	0.00756	0.00648	0.00432	0.00216	0.00540	0.00378	0.00432	0.00756
13	0.02501	0.03083	0.01999	0.01792	0.02125	0.62380	0.01365	0.05704	0.01946	0.01828	0.01090	0.01304	0.00914	0.00775	0.00799	0.00194	0.08536	0.00474	0.00370	0.00822
14	0.73505	0.01547	0.07212	0.01011	0.01495	0.01570	0.00915	0.02065	0.01213	0.03050	0.00996	0.01163	0.00767	0.00649	0.00452	0.00216	0.00583	0.00390	0.00420	0.00780
15	0.02608	0.01912	0.02047	0.01574	0.02119	0.02114	0.01299	0.66581	0.03221	0.04339	0.01695	0.01706	0.01207	0.00837	0.00691	0.00208	0.00753	0.00629	0.03292	0.01169
16	0.01620	0.22846	0.36283	0.01968	0.02795	0.01980	0.16581	0.04304	0.01554	0.02131	0.01224	0.01473	0.00935	0.00634	0.00641	0.00204	0.00977	0.00548	0.00321	0.00980
17	0.00954	0.00699	0.00894	0.00872	0.01028	0.00640	0.00644	0.01241	0.01855	0.02577	0.55806	0.14146	0.12929	0.01557	0.00832	0.00229	0.00341	0.01374	0.00741	0.00640
18	0.00922	0.00844	0.04743	0.00908	0.01111	0.00665	0.00720	0.01175	0.01658	0.02207	0.28988	0.23465	0.26654	0.01691	0.00832	0.00241	0.00395	0.01475	0.00672	0.00633
19	0.01010	0.00762	0.01112	0.01109	0.01215	0.00886	0.00847	0.01230	0.01119	0.01606	0.01946	0.05800	0.01901	0.11007	0.61453	0.01021	0.04164	0.00816	0.00387	0.00608
20	0.00917	0.00724	0.00840	0.00874	0.01065	0.00656	0.00680	0.01131	0.01571	0.01970	0.11598	0.09402	0.42570	0.04670	0.04923	0.00318	0.00506	0.14349	0.00635	0.00601
21	0.01558	0.01413	0.02030	0.01456	0.02090	0.01172	0.14684	0.05763	0.01595	0.02390	0.01301	0.01549	0.01048	0.00550	0.00590	0.00136	0.00666	0.00510	0.00418	0.59081
22	0.01442	0.01409	0.02182	0.60863	0.13209	0.05491	0.01932	0.01885	0.01452	0.01843	0.01241	0.01810	0.00951	0.00689	0.00693	0.00226	0.00935	0.00611	0.00317	0.00820
23	0.00981	0.00666	0.00767	0.00794	0.00809	0.00655	0.00464	0.01007	0.01089	0.01443	0.02647	0.16217	0.05374	0.60745	0.03015	0.00596	0.00620	0.01191	0.00468	0.00453
24	0.00880	0.00654	0.00798	0.00874	0.00976	0.00596	0.00599	0.01034	0.01460	0.01915	0.14307	0.41519	0.20654	0.09027	0.01121	0.00300	0.00407	0.01661	0.00644	0.00572
25	0.02305	0.01815	0.05700	0.01529	0.04523	0.07245	0.01243	0.26673	0.05159	0.15615	0.01731	0.01744	0.01245	0.00743	0.00648	0.00184	0.00723	0.00576	0.00598	0.19998
26	0.01265	0.00922	0.01148	0.03517	0.01311	0.00989	0.00787	0.10426	0.01412	0.01936	0.02001	0.03474	0.02030	0.34020	0.25333	0.00705	0.01078	0.03226	0.00448	0.03969
27	0.03919	0.43403	0.18655	0.01664	0.02361	0.04832	0.12300	0.02164	0.01481	0.01906	0.01107	0.01325	0.00915	0.00616	0.00562	0.00182	0.00891	0.00480	0.00312	0.00926
28	0.01682	0.30796	0.09461	0.05082	0.07049	0.02090	0.27656	0.02123	0.01539	0.02004	0.03422	0.01646	0.01154	0.00631	0.00650	0.00198	0.00938	0.00615	0.00338	0.00926
29	0.04910	0.01728	0.01935	0.01487	0.02037	0.01836	0.01228	0.49039	0.02872	0.22792	0.01952	0.01852	0.01323	0.00840	0.00692	0.00211	0.00714	0.00642	0.00736	0.01175
30	0.01303	0.00689	0.00969	0.00939	0.00980	0.00702	0.00644	0.05033	0.01077	0.01468	0.01289	0.02116	0.01237	0.02255	0.02502	0.71259	0.00603	0.00609	0.03953	0.00372
31	0.01765	0.13583	0.16627	0.12859	0.14110	0.10379	0.01756	0.05144	0.12868	0.02216	0.01475	0.01688	0.01149	0.00712	0.00645	0.00207	0.00876	0.00569	0.00399	0.00976
32	0.01072	0.00670	0.00886	0.00893	0.00935	0.00699	0.00597	0.01075	0.01052	0.01469	0.01930	0.06578	0.02037	0.30922	0.20049	0.22148	0.00919	0.00863	0.04746	0.00459
33	0.00986	0.00659	0.00769	0.00806	0.00822	0.00650	0.00478	0.01026	0.01105	0.01496	0.02586	0.20954	0.02997	0.55811	0.02826	0.00567	0.00601	0.01229	0.03169	0.00464
34	0.01898	0.31903	0.11982	0.01794	0.06308	0.17607	0.04882	0.02209	0.01519	0.01804	0.01066	0.01329	0.00918	0.00722	0.00811	0.00195	0.11365	0.00480	0.00318	0.00891
35	0.00998	0.00743	0.01100	0.01100	0.01217	0.00860	0.00845	0.01232	0.01115	0.01604	0.01889	0.02851	0.01792	0.09466	0.68543	0.01095	0.01797	0.00764	0.00377	0.00611
36	0.00849	0.00612	0.00805	0.00960	0.01009	0.00568	0.00642	0.00973	0.01348	0.01786	0.03994	0.71887	0.07653	0.02167	0.00888	0.00281	0.00403	0.01960	0.00648	0.00568
37	0.02250	0.34791	0.02712	0.01537	0.01988	0.40055	0.01287	0.02448	0.01705	0.01678	0.01026	0.01207	0.00898	0.00682	0.00603	0.00171	0.03363	0.00421	0.00331	0.00845
38	0.02018	0.02021	0.02413	0.05293	0.34354	0.16683	0.03900	0.11168	0.10614	0.02500	0.01507	0.01743	0.01196	0.00713	0.00686	0.00207	0.00891	0.00614	0.00440	0.01037
39	0.02355	0.02437	0.06887	0.07325	0.05519	0.17132	0.05842	0.02423	0.01777	0.02374	0.01697	0.02381	0.01534	0.01344	0.01671	0.00365	0.34480	0.00779	0.00543	0.01135
40	0.01504	0.01187	0.01194	0.01166	0.01443	0.00987	0.00826	0.01489	0.01950	0.02455	0.07093	0.07043	0.64243	0.02073	0.01071	0.00348	0.00587	0.01578	0.00835	0.00928
41	0.01386	0.01175	0.01381	0.01027	0.01588	0.00893	0.00808	0.01676	0.01436	0.02223	0.01509	0.09025	0.01403	0.00689	0.00555	0.00122	0.00505	0.00575	0.00438	0.71586
42	0.01223	0.00671	0.01031	0.08417	0.01311	0.00703	0.00743	0.00999	0.00959	0.01271	0.01215	0.02094	0.01183	0.02246	0.02518	0.71512	0.00639	0.00608	0.00304	0.00352
43	0.10011	0.01732	0.01613	0.01494	0.03724	0.11617	0.01128	0.03354	0.48965	0.05225	0.02356	0.02232	0.01774	0.00872	0.00669	0.00225	0.00659	0.00691	0.00628	0.01030
44	0.01287	0.01182	0.01956	0.66275	0.04390	0.01460	0.01782	0.01704	0.01356	0.01739	0.01339	0.02139	0.01096	0.08400	0.00992	0.00278	0.00904	0.00661	0.00322	0.00739
45	0.01571	0.01314	0.01514	0.01093	0.01706	0.01057	0.00878	0.08662	0.01636	0.02493	0.01285	0.01471	0.01049	0.00550	0.00535	0.00114	0.00543	0.00436	0.00443	0.71650
46	0.01691	0.01412	0.01482	0.01341	0.01711	0.01624	0.01041	0.03494	0.62816	0.02886	0.02782	0.02603	0.02095	0.00933	0.00687	0.00229	0.00529	0.00775	0.08810	0.01058
47	0.00834	0.00696	0.00728	0.00744	0.00955	0.00589	0.00549	0.01011	0.01577	0.01910	0.09294	0.14469	0.60646	0.01801	0.00832	0.00240	0.00358	0.01523	0.00653	0.00589
48	0.01361	0.01267	0.02040	0.66343	0.04498	0.01569	0.01852	0.01981	0.08448	0.01900	0.01405	0.01937	0.01054	0.00723	0.00699	0.00233	0.00891	0.00638	0.00351	0.00809
49	0.00973	0.00702	0.00920	0.00888	0.01039	0.00649	0.00657	0.01281	0.01909	0.02694	0.63863	0.12403	0.06382	0.01505	0.00830	0.00226	0.00337	0.01336	0.00756	0.00649
50	0.00995	0.00682	0.00765	0.00765	0.00793	0.00673	0.00446	0.01020	0.01077	0.01415	0.02691	0.04738	0.09551	0.65951	0.05174	0.00643	0.00676	0.01055	0.00445	0.00445
51	0.67519	0.01274	0.01052	0.00933	0.01344	0.01439	0.00762	0.02058	0.01318	0.07267	0.08268	0.01629	0.01415	0.00741	0.00489	0.00216	0.00521	0.00489	0.00493	0.00772
52	0.01336	0.01301	0.03891	0.56082	0.12376	0.01495	0.01869	0.01782	0.01392	0.01837	0.01314	0.01925	0.01034	0.01155	0.08114	0.00321	0.01017	0.00631	0.00320	0.00806
53	0.02527	0.05991	0.02135	0.01552	0.02110	0.02130	0.01290	0.60055	0.05373	0.04105	0.01658	0.01667	0.01196	0.00815	0.00677	0.00203	0.00749	0.00611	0.00664	0.04492
54	0.01375	0.00826	0.00900	0.00832	0.01013	0.00861	0.00626	0.08440	0.01662	0.02653	0.11665	0.03036	0.02440	0.08678	0.00936	0.00234	0.02917	0.00770	0.49448	0.00687
55	0.00919	0.00674	0.00866	0.00942	0.01043	0.00634	0.00659	0.01167	0.03731	0.02137	0.24622	0.47419	0.08799	0.01889	0.00860	0.00260	0.00383	0.01695	0.00687	0.00613
56	0.01647	0.01882	0.04118	0.02941	0.03647	0.01765	0.68588	0.02235	0.01647	0.02235	0.01412	0.01882	0.01059	0.00588	0.00824	0.00235	0.01176	0.00824	0.00353	0.00941

[dist]
# distance from previous block
# <min> <max>
0	6

[block]
# block no. 2 follows, 30 sequences, length 103
# corresponding to MSA columns:
# 282-384
name=unknown_C
#
# <colnr> <probs for GDERKNQSTAVLIFYWHMCP>
#	G	D	E	R	K	N	Q	S	T	A	V	L	I	F	Y	W	H	M	C	P
0	0.01447	0.01240	0.01447	0.01034	0.01654	0.00930	0.00827	0.01757	0.01447	0.02274	0.01240	0.01447	0.01034	0.00517	0.00517	0.00103	0.00517	0.00413	0.00413	0.79742
1	0.01318	0.01240	0.02093	0.73798	0.04806	0.01550	0.01938	0.01783	0.01395	0.01783	0.01240	0.01860	0.00930	0.00698	0.00698	0.00233	0.00930	0.00620	0.00310	0.00775
2	0.01849	0.73264	0.06140	0.01223	0.01836	0.02720	0.01244	0.02094	0.01420	0.01662	0.00980	0.01132	0.00895	0.00599	0.00456	0.00152	0.00757	0.00378	0.00298	0.00900
3	0.01839	0.01531	0.01625	0.01423	0.01831	0.01750	0.01117	0.13374	0.56700	0.03136	0.05827	0.02586	0.02196	0.00953	0.00714	0.00232	0.00574	0.00787	0.00711	0.01096
4	0.01301	0.00650	0.00650	0.00650	0.00813	0.00650	0.00488	0.01626	0.01463	0.02602	0.02276	0.02602	0.01789	0.00813	0.00488	0.00163	0.00325	0.00650	0.79350	0.00650
5	0.00997	0.00748	0.01121	0.01121	0.01246	0.00872	0.00872	0.01246	0.01121	0.01620	0.01869	0.02741	0.01745	0.05234	0.72710	0.01121	0.01869	0.00748	0.00374	0.00623
6	0.00969	0.00713	0.00907	0.00858	0.01031	0.00650	0.00644	0.01280	0.01931	0.02693	0.63377	0.05387	0.14028	0.01466	0.00823	0.00221	0.00332	0.01286	0.00754	0.00650
7	0.07409	0.01197	0.01587	0.01224	0.01757	0.01056	0.01011	0.03326	0.01952	0.67815	0.02654	0.02306	0.01674	0.00852	0.00687	0.00216	0.00591	0.00684	0.00840	0.01164
8	0.02436	0.04126	0.02066	0.01576	0.02084	0.02116	0.01298	0.53680	0.13245	0.03960	0.01795	0.01793	0.01308	0.00865	0.00768	0.00216	0.04211	0.00644	0.00669	0.01145
9	0.01973	0.05965	0.18350	0.01394	0.02072	0.01395	0.01374	0.12510	0.01860	0.16641	0.03533	0.01763	0.01309	0.00701	0.00622	0.00176	0.00700	0.00551	0.00524	0.26588
10	0.80405	0.01350	0.01026	0.00918	0.01350	0.01565	0.00756	0.02051	0.01188	0.03131	0.00972	0.01134	0.00756	0.00648	0.00432	0.00216	0.00540	0.00378	0.00432	0.00756
11	0.00944	0.00684	0.00874	0.00980	0.01065	0.00650	0.00674	0.04209	0.01488	0.01984	0.08702	0.62779	0.08260	0.02045	0.00873	0.00273	0.00414	0.01840	0.00659	0.00604
12	0.01649	0.01371	0.01575	0.01361	0.04963	0.01319	0.01017	0.02687	0.31302	0.05144	0.01998	0.01999	0.01541	0.00722	0.00616	0.00171	0.00550	0.00598	0.00556	0.38863
13	0.01735	0.10123	0.29393	0.02100	0.06473	0.01732	0.16849	0.04110	0.04832	0.08586	0.01474	0.01684	0.01087	0.00687	0.00733	0.00215	0.03355	0.00608	0.00398	0.03827
14	0.00850	0.00607	0.00810	0.00972	0.01012	0.00567	0.00648	0.00972	0.01336	0.01781	0.03846	0.75020	0.04615	0.02186	0.00891	0.00283	0.00405	0.01984	0.00648	0.00567
15	0.01418	0.01025	0.01182	0.01046	0.01335	0.01032	0.00812	0.10229	0.13121	0.07068	0.34464	0.04463	0.17390	0.01306	0.00782	0.00224	0.00441	0.01112	0.00732	0.00816
16	0.00997	0.00748	0.01121	0.01121	0.01246	0.00872	0.00872	0.01246	0.01121	0.01620	0.01869	0.02741	0.01745	0.05234	0.72710	0.01121	0.01869	0.00748	0.00374	0.00623
17	0.02653	0.01955	0.02094	0.01606	0.02164	0.02164	0.01326	0.68796	0.03281	0.04398	0.01675	0.01675	0.01187	0.00838	0.00698	0.00209	0.00768	0.00628	0.00698	0.01187
18	0.80405	0.01350	0.01026	0.00918	0.01350	0.01565	0.00756	0.02051	0.01188	0.03131	0.00972	0.01134	0.00756	0.00648	0.00432	0.00216	0.00540	0.00378	0.00432	0.00756
19	0.00997	0.00748	0.01121	0.01121	0.01246	0.00872	0.00872	0.01246	0.01121	0.01620	0.01869	0.02741	0.01745	0.05234	0.72710	0.01121	0.01869	0.00748	0.00374	0.00623
20	0.01605	0.01707	0.03425	0.16578	0.20261	0.01699	0.39921	0.02128	0.01586	0.02161	0.01355	0.01841	0.01046	0.00617	0.00768	0.00228	0.01046	0.00736	0.00343	0.00950
21	0.01447	0.01240	0.01447	0.01034	0.01654	0.00930	0.00827	0.01757	0.01447	0.02274	0.01240	0.01447	0.01034	0.00517	0.00517	0.00103	0.00517	0.00413	0.00413	0.79742
22	0.01625	0.07888	0.06198	0.01830	0.02007	0.06355	0.04998	0.01902	0.03376	0.01775	0.01035	0.01527	0.00957	0.01068	0.01823	0.00275	0.53634	0.00593	0.00323	0.00812
23	0.02991	0.01199	0.01607	0.01235	0.01766	0.01047	0.01017	0.05344	0.02018	0.64968	0.04793	0.02410	0.01838	0.00869	0.00699	0.00212	0.00588	0.00707	0.00840	0.03851
24	0.01051	0.00827	0.01225	0.01194	0.01306	0.01001	0.00939	0.01290	0.01116	0.01626	0.01772	0.02618	0.01660	0.04825	0.65533	0.01038	0.09241	0.00734	0.00367	0.00637
25	0.02491	0.01851	0.01989	0.01559	0.02078	0.02049	0.01275	0.60403	0.08182	0.04152	0.01875	0.05534	0.01435	0.00916	0.00709	0.00215	0.00733	0.00710	0.00696	0.01149
26	0.01212	0.00606	0.00909	0.00909	0.00909	0.00606	0.00606	0.00909	0.00909	0.01212	0.01212	0.02121	0.01212	0.02424	0.02727	0.79697	0.00606	0.00606	0.00303	0.00303
27	0.01935	0.69122	0.03500	0.01250	0.01825	0.09287	0.01208	0.02155	0.01470	0.01648	0.00980	0.01132	0.00896	0.00608	0.00465	0.00152	0.00794	0.00380	0.00304	0.00887
28	0.01833	0.60657	0.14201	0.01351	0.02003	0.06403	0.01418	0.02146	0.01457	0.01734	0.01020	0.01182	0.00894	0.00614	0.00491	0.00162	0.00819	0.00400	0.00301	0.00912
29	0.01020	0.00728	0.00935	0.00930	0.00974	0.00790	0.00624	0.01116	0.01064	0.01471	0.02095	0.06159	0.02275	0.46110	0.27472	0.00806	0.03571	0.00940	0.00409	0.00509
30	0.01526	0.01251	0.01460	0.01060	0.01666	0.00972	0.00848	0.01913	0.04707	0.04988	0.01375	0.01538	0.01112	0.00551	0.00533	0.00114	0.00521	0.00442	0.00445	0.72979
31	0.01406	0.01197	0.01404	0.01029	0.01610	0.00906	0.00815	0.01704	0.01439	0.02240	0.01417	0.06444	0.01277	0.00630	0.00542	0.00116	0.00509	0.00520	0.00429	0.74364
32	0.00850	0.00607	0.00810	0.00972	0.01012	0.00567	0.00648	0.00972	0.01336	0.01781	0.03846	0.75020	0.04615	0.02186	0.00891	0.00283	0.00405	0.01984	0.00648	0.00567
33	0.01771	0.01762	0.02857	0.04073	0.63619	0.05544	0.05777	0.02182	0.01613	0.02246	0.01305	0.01710	0.01091	0.00625	0.00695	0.00207	0.00872	0.00624	0.00347	0.01080
34	0.01644	0.38931	0.32268	0.01622	0.02373	0.02214	0.04075	0.02123	0.01430	0.01903	0.01101	0.01316	0.00897	0.00659	0.00652	0.00191	0.04894	0.00461	0.00299	0.00947
35	0.00836	0.00707	0.00726	0.00737	0.00963	0.00596	0.00556	0.01017	0.01583	0.01889	0.06840	0.09017	0.66217	0.01787	0.00832	0.00240	0.00366	0.03854	0.00648	0.00590
36	0.00876	0.00642	0.00881	0.05004	0.01222	0.00621	0.00719	0.01017	0.01339	0.01781	0.03702	0.70970	0.04411	0.02104	0.00880	0.00281	0.00434	0.01908	0.00629	0.00578
37	0.01712	0.48462	0.23907	0.01532	0.02259	0.02341	0.05286	0.02175	0.03192	0.01876	0.01126	0.01304	0.00932	0.00625	0.00539	0.00178	0.00850	0.00451	0.00311	0.00944
38	0.02886	0.01262	0.04828	0.01248	0.01782	0.01021	0.01067	0.03173	0.01934	0.63389	0.02871	0.05194	0.04154	0.00935	0.00711	0.00219	0.00599	0.00767	0.00822	0.01137
39	0.00957	0.00708	0.00893	0.00855	0.01026	0.00644	0.00638	0.01255	0.01891	0.02619	0.58374	0.08145	0.16387	0.01508	0.00826	0.00224	0.00336	0.01322	0.00745	0.00644
40	0.01440	0.01389	0.02016	0.01726	0.01783	0.01855	0.05033	0.01625	0.01126	0.01731	0.01214	0.04292	0.01204	0.03875	0.08245	0.00378	0.56479	0.00695	0.03154	0.00740
41	0.01731	0.05952	0.08491	0.09779	0.51312	0.06463	0.02055	0.02157	0.01579	0.02158	0.01267	0.01653	0.01046	0.00637	0.00672	0.00206	0.00879	0.00588	0.00337	0.01039
42	0.02716	0.01244	0.05153	0.01250	0.01756	0.01008	0.01079	0.03022	0.01943	0.57224	0.08914	0.02946	0.02275	0.00974	0.00728	0.00223	0.00596	0.05042	0.00811	0.01096
43	0.00873	0.00625	0.00814	0.00940	0.00995	0.00584	0.00629	0.01007	0.01381	0.01849	0.09992	0.61437	0.06842	0.07203	0.01067	0.00303	0.00415	0.01833	0.00643	0.00566
44	0.01447	0.01240	0.01447	0.01034	0.01654	0.00930	0.00827	0.01757	0.01447	0.02274	0.01240	0.01447	0.01034	0.00517	0.00517	0.00103	0.00517	0.00413	0.00413	0.79742
45	0.76324	0.01466	0.04685	0.00973	0.01436	0.01568	0.00850	0.02059	0.01202	0.03083	0.00986	0.01151	0.00762	0.00649	0.00444	0.00216	0.00565	0.00385	0.00425	0.00770
46	0.02619	0.01938	0.02075	0.01599	0.02151	0.02148	0.01318	0.66373	0.05760	0.04343	0.01719	0.01710	0.01222	0.00842	0.00699	0.00210	0.00760	0.00634	0.00699	0.01184
47	0.01742	0.01483	0.02072	0.34268	0.07094	0.01773	0.01641	0.20952	0.03819	0.02567	0.01408	0.01828	0.01090	0.01057	0.04883	0.00283	0.10058	0.00633	0.00437	0.00911
48	0.01015	0.00677	0.00761	0.00761	0.00761	0.00677	0.00423	0.01015	0.01015	0.01353	0.02199	0.04567	0.02537	0.75476	0.03552	0.00677	0.00677	0.01015	0.00423	0.00423
49	0.02607	0.03326	0.01978	0.01798	0.02157	0.72674	0.01348	0.02787	0.01978	0.01708	0.01079	0.01258	0.00899	0.00719	0.00629	0.00180	0.01258	0.00449	0.00360	0.00809
50	0.02602	0.01929	0.02066	0.01595	0.02145	0.02140	0.01314	0.65192	0.06967	0.04316	0.01740	0.01727	0.01239	0.00844	0.00699	0.00211	0.00756	0.00637	0.00699	0.01182
51	0.00858	0.00613	0.00817	0.00966	0.01014	0.00572	0.00648	0.00991	0.01371	0.01838	0.07550	0.71155	0.04724	0.02144	0.00887	0.00280	0.00401	0.01944	0.00654	0.00572
52	0.00849	0.00611	0.00806	0.00963	0.01010	0.00568	0.00644	0.00973	0.01345	0.01785	0.03955	0.72708	0.06857	0.02172	0.00888	0.00282	0.00403	0.01967	0.00648	0.00568
53	0.00850	0.00607	0.00810	0.00972	0.01012	0.00567	0.00648	0.00972	0.01336	0.01781	0.03846	0.75020	0.04615	0.02186	0.00891	0.00283	0.00405	0.01984	0.00648	0.00567
54	0.02607	0.03326	0.01978	0.01798	0.02157	0.72674	0.01348	0.02787	0.01978	0.01708	0.01079	0.01258	0.00899	0.00719	0.00629	0.00180	0.01258	0.00449	0.00360	0.00809
55	0.01318	0.01240	0.02093	0.73798	0.04806	0.01550	0.01938	0.01783	0.01395	0.01783	0.01240	0.01860	0.00930	0.00698	0.00698	0.00233	0.00930	0.00620	0.00310	0.00775
56	0.00997	0.00748	0.01121	0.01121	0.01246	0.00872	0.00872	0.01246	0.01121	0.01620	0.01869	0.02741	0.01745	0.05234	0.72710	0.01121	0.01869	0.00748	0.00374	0.00623
57	0.01792	0.01781	0.02769	0.04099	0.66018	0.06915	0.02083	0.02189	0.01618	0.02237	0.01295	0.01692	0.01090	0.00629	0.00686	0.00205	0.00861	0.00609	0.00346	0.01083
58	0.68450	0.05219	0.01244	0.00982	0.01434	0.01625	0.00820	0.05235	0.01342	0.06904	0.01103	0.01227	0.00837	0.00666	0.00460	0.00212	0.00564	0.00407	0.00461	0.00807
59	0.65630	0.01347	0.01157	0.00993	0.01446	0.01505	0.00818	0.04744	0.01390	0.13705	0.01272	0.01345	0.00921	0.00688	0.00483	0.00216	0.00557	0.00437	0.00508	0.00838
60	0.02485	0.15738	0.02288	0.01663	0.02095	0.49534	0.01318	0.12942	0.02083	0.02115	0.01153	0.01299	0.00943	0.00716	0.00608	0.00179	0.01093	0.00464	0.00402	0.00883
61	0.01866	0.75896	0.03657	0.01194	0.01791	0.02761	0.01194	0.02090	0.01418	0.01642	0.00970	0.01119	0.00896	0.00597	0.00448	0.00149	0.00746	0.00373	0.00299	0.00896
62	0.01115	0.00884	0.01127	0.01117	0.01258	0.04902	0.00864	0.01367	0.01201	0.01714	0.01861	0.02645	0.01701	0.04580	0.62119	0.00982	0.01695	0.00722	0.07509	0.00636
63	0.01067	0.00731	0.00958	0.00891	0.01070	0.00672	0.00672	0.01394	0.01976	0.05360	0.68223	0.05107	0.06404	0.01406	0.00819	0.00219	0.00339	0.01241	0.00772	0.00678
64	0.70764	0.01353	0.01114	0.00969	0.01415	0.01534	0.00799	0.04264	0.01329	0.09559	0.01160	0.01266	0.00860	0.00674	0.00465	0.00216	0.00552	0.00416	0.00480	0.00810
65	0.01212	0.00606	0.00909	0.00909	0.00909	0.00606	0.00606	0.00909	0.00909	0.01212	0.01212	0.02121	0.01212	0.02424	0.02727	0.79697	0.00606	0.00606	0.00303	0.00303
66	0.01527	0.01527	0.02137	0.01832	0.01832	0.02137	0.01527	0.01679	0.01069	0.01679	0.00916	0.01527	0.00916	0.01221	0.02290	0.00305	0.74198	0.00611	0.00305	0.00763
67	0.02978	0.01433	0.01771	0.01358	0.01904	0.01389	0.01122	0.24282	0.02407	0.50146	0.02409	0.02152	0.01555	0.00855	0.00701	0.00214	0.00649	0.00678	0.00811	0.01187
68	0.01866	0.75896	0.03657	0.01194	0.01791	0.02761	0.01194	0.02090	0.01418	0.01642	0.00970	0.01119	0.00896	0.00597	0.00448	0.00149	0.00746	0.00373	0.00299	0.00896
69	0.01866	0.75896	0.03657	0.01194	0.01791	0.02761	0.01194	0.02090	0.01418	0.01642	0.00970	0.01119	0.00896	0.00597	0.00448	0.00149	0.00746	0.00373	0.00299	0.00896
70	0.01400	0.03610	0.71860	0.01989	0.03020	0.01621	0.02578	0.02210	0.01473	0.02210	0.01252	0.01473	0.00884	0.00663	0.00663	0.00221	0.01031	0.00516	0.00295	0.01031
71	0.01679	0.01601	0.02722	0.04102	0.67292	0.01598	0.02060	0.02078	0.01575	0.02253	0.01451	0.05732	0.01297	0.00707	0.00702	0.00211	0.00806	0.00696	0.00362	0.01076
72	0.00859	0.00625	0.00810	0.00940	0.01008	0.00576	0.00638	0.01002	0.01411	0.01873	0.09521	0.63157	0.10833	0.02087	0.00879	0.00274	0.00394	0.01879	0.00657	0.00576
73	0.00997	0.00748	0.01121	0.01121	0.01246	0.00872	0.00872	0.01246	0.01121	0.01620	0.01869	0.02741	0.01745	0.05234	0.72710	0.01121	0.01869	0.00748	0.00374	0.00623
74	0.76747	0.01342	0.01054	0.00933	0.01370	0.01540	0.00769	0.02115	0.01226	0.06373	0.01056	0.01192	0.00802	0.00658	0.00445	0.00216	0.00542	0.00393	0.00452	0.00776
75	0.01885	0.04914	0.01736	0.01221	0.01797	0.01395	0.01001	0.22938	0.02068	0.05417	0.04710	0.01715	0.01363	0.00677	0.00592	0.00148	0.00600	0.00530	0.00531	0.44762
76	0.01794	0.01644	0.01598	0.01450	0.01833	0.08361	0.01128	0.03534	0.60846	0.02773	0.02708	0.02681	0.02088	0.00963	0.00712	0.00235	0.00622	0.03297	0.00675	0.01059
77	0.01426	0.01238	0.01541	0.01121	0.01715	0.00951	0.04025	0.01739	0.01451	0.02247	0.01383	0.05268	0.01220	0.00606	0.00551	0.00119	0.00542	0.00514	0.00423	0.71921
78	0.01403	0.07115	0.61926	0.01928	0.02870	0.01627	0.04866	0.02137	0.01469	0.02158	0.01385	0.05489	0.01095	0.00740	0.00670	0.00221	0.00988	0.00600	0.00316	0.00996
79	0.00825	0.00707	0.00707	0.00707	0.00943	0.00589	0.00530	0.01001	0.01591	0.01885	0.07069	0.06716	0.70839	0.01767	0.00825	0.00236	0.00353	0.01473	0.00648	0.00589
80	0.03131	0.01188	0.01619	0.01242	0.01781	0.01026	0.01026	0.03401	0.01997	0.71606	0.02753	0.02375	0.01727	0.00864	0.00702	0.00216	0.00594	0.00702	0.00864	0.01188
81	0.02653	0.01955	0.02094	0.01606	0.02164	0.02164	0.01326	0.68796	0.03281	0.04398	0.01675	0.01675	0.01187	0.00838	0.00698	0.00209	0.00768	0.00628	0.00698	0.01187
82	0.00922	0.00671	0.00868	0.00902	0.01023	0.00617	0.00645	0.01159	0.01697	0.02333	0.39875	0.32603	0.10591	0.01749	0.00850	0.00246	0.00361	0.01560	0.00712	0.00617
83	0.02594	0.01926	0.02061	0.01594	0.02142	0.02137	0.01312	0.64639	0.07533	0.04303	0.01750	0.01735	0.01247	0.00845	0.00699	0.00211	0.00754	0.00639	0.00699	0.01181
84	0.00999	0.00670	0.00766	0.00781	0.00785	0.00666	0.00444	0.01011	0.01046	0.01394	0.02356	0.11302	0.02736	0.68470	0.03297	0.00639	0.00651	0.01107	0.00444	0.00437
85	0.80405	0.01350	0.01026	0.00918	0.01350	0.01565	0.00756	0.02051	0.01188	0.03131	0.00972	0.01134	0.00756	0.00648	0.00432	0.00216	0.00540	0.00378	0.00432	0.00756
86	0.01301	0.00650	0.00650	0.00650	0.00813	0.00650	0.00488	0.01626	0.01463	0.02602	0.02276	0.02602	0.01789	0.00813	0.00488	0.00163	0.00325	0.00650	0.79350	0.00650
87	0.01423	0.07295	0.68383	0.01948	0.02958	0.01679	0.02508	0.02204	0.01470	0.02181	0.01238	0.01455	0.00885	0.00660	0.00652	0.00217	0.01017	0.00508	0.00295	0.01024
88	0.01318	0.01240	0.02093	0.73798	0.04806	0.01550	0.01938	0.01783	0.01395	0.01783	0.01240	0.01860	0.00930	0.00698	0.00698	0.00233	0.00930	0.00620	0.00310	0.00775
89	0.01679	0.46438	0.27481	0.01464	0.02215	0.02261	0.01660	0.02114	0.01439	0.01876	0.01084	0.01262	0.00899	0.00616	0.00527	0.00172	0.00834	0.00425	0.00303	0.05251
90	0.01015	0.00677	0.00761	0.00761	0.00761	0.00677	0.00423	0.01015	0.01015	0.01353	0.02199	0.04567	0.02537	0.75476	0.03552	0.00677	0.00677	0.01015	0.00423	0.00423
91	0.00929	0.00656	0.00827	0.00885	0.00954	0.00620	0.00590	0.01076	0.01433	0.01948	0.21486	0.36320	0.06479	0.20721	0.01551	0.00365	0.00453	0.01528	0.00623	0.00555
92	0.00850	0.00607	0.00810	0.00972	0.01012	0.00567	0.00648	0.00972	0.01336	0.01781	0.03846	0.75020	0.04615	0.02186	0.00891	0.00283	0.00405	0.01984	0.00648	0.00567
93	0.01706	0.01636	0.02794	0.07874	0.67697	0.01652	0.02131	0.02123	0.01579	0.02254	0.01309	0.01734	0.01096	0.00626	0.00691	0.00209	0.00834	0.00622	0.00344	0.01088
94	0.01679	0.01726	0.06326	0.04043	0.65211	0.01620	0.02109	0.02106	0.01583	0.02263	0.01506	0.01884	0.03473	0.00663	0.00694	0.00209	0.00823	0.00645	0.00353	0.01084
95	0.01645	0.01574	0.02684	0.18261	0.57788	0.01636	0.02101	0.02070	0.01550	0.02180	0.01298	0.01754	0.01070	0.00637	0.00692	0.00212	0.00849	0.00621	0.00338	0.01039
96	0.01610	0.01382	0.01793	0.01655	0.12430	0.01193	0.03196	0.09309	0.01676	0.02494	0.01400	0.04208	0.01193	0.00632	0.00587	0.00142	0.00609	0.00540	0.00441	0.53511
97	0.04154	0.16837	0.02074	0.04027	0.01867	0.05206	0.01145	0.24134	0.04577	0.02785	0.01638	0.06243	0.01395	0.01068	0.04068	0.00241	0.05154	0.00645	0.07509	0.05233
98	0.01686	0.01896	0.11024	0.03965	0.60675	0.01657	0.04568	0.02153	0.01577	0.02270	0.01309	0.01703	0.01078	0.00625	0.00692	0.00210	0.00865	0.00616	0.00340	0.01091
99	0.01898	0.04554	0.10281	0.04763	0.13324	0.03939	0.01516	0.18886	0.21670	0.02929	0.03737	0.01988	0.01522	0.00795	0.00679	0.00211	0.00741	0.00651	0.00544	0.05371
100	0.02236	0.01670	0.01845	0.01509	0.04066	0.01795	0.01178	0.47614	0.05215	0.03666	0.01733	0.01989	0.01352	0.06947	0.03359	0.00267	0.00752	0.00649	0.03288	0.08871
101	0.01745	0.01594	0.02765	0.12853	0.10302	0.01679	0.26143	0.12291	0.01789	0.04629	0.01558	0.04590	0.01252	0.00788	0.00886	0.00231	0.07755	0.00751	0.05467	0.00931
102	0.14877	0.14867	0.12814	0.04995	0.02290	0.01655	0.12264	0.02288	0.01548	0.15909	0.04251	0.04392	0.01416	0.00777	0.00680	0.00214	0.02722	0.00643	0.00472	0.00928

[dist]
# distance from previous block
# <min> <max>
0	7

[block]
# block no. 3 follows, 30 sequences, length 12
# corresponding to MSA columns:
# 392-403
name=unknown_D
#
# <colnr> <probs for GDERKNQSTAVLIFYWHMCP>
#	G	D	E	R	K	N	Q	S	T	A	V	L	I	F	Y	W	H	M	C	P
0	0.18322	0.04836	0.01622	0.01309	0.01736	0.08830	0.01046	0.17314	0.21109	0.03027	0.03523	0.04606	0.01595	0.00855	0.00622	0.00209	0.00656	0.00649	0.03439	0.04694
1	0.04846	0.40365	0.14695	0.04717	0.04569	0.05545	0.01505	0.12357	0.01735	0.02247	0.01155	0.01325	0.00942	0.00658	0.00550	0.00180	0.00825	0.00459	0.00369	0.00956
2	0.32462	0.26924	0.10095	0.01300	0.01868	0.01971	0.06411	0.04353	0.01418	0.02472	0.01121	0.01312	0.00904	0.00642	0.00505	0.00193	0.00712	0.00448	0.04032	0.00858
3	0.12731	0.03017	0.52210	0.02153	0.12185	0.01618	0.02258	0.02178	0.01448	0.02351	0.01221	0.01460	0.00896	0.00655	0.00634	0.00218	0.00933	0.00511	0.00321	0.01002
4	0.01737	0.01325	0.01702	0.01233	0.01846	0.01078	0.05829	0.06086	0.01640	0.10698	0.01460	0.01604	0.01128	0.00583	0.00572	0.00133	0.00590	0.00491	0.00480	0.59786
5	0.02029	0.04005	0.01667	0.01305	0.04659	0.01224	0.01007	0.13645	0.01978	0.19708	0.11610	0.02252	0.02021	0.00794	0.00642	0.00172	0.00574	0.00650	0.00616	0.29441
6	0.02243	0.01721	0.02009	0.10936	0.11008	0.06790	0.01413	0.34286	0.02425	0.10127	0.01846	0.08689	0.01503	0.00915	0.00711	0.00218	0.00779	0.00749	0.00593	0.01039
7	0.01655	0.01556	0.02628	0.03924	0.62784	0.01556	0.02020	0.02058	0.01591	0.02257	0.01598	0.02462	0.01454	0.00778	0.00724	0.00221	0.00807	0.08497	0.00381	0.01050
8	0.01379	0.01340	0.02375	0.61545	0.08268	0.01582	0.09925	0.01857	0.01436	0.01864	0.01265	0.01856	0.00955	0.00680	0.00712	0.00232	0.00954	0.00645	0.00317	0.00813
9	0.01574	0.01147	0.01416	0.09896	0.01881	0.01211	0.01034	0.20388	0.04292	0.05779	0.02726	0.36607	0.02836	0.01453	0.00782	0.00244	0.00588	0.01271	0.00623	0.04252
10	0.01699	0.01629	0.02781	0.09095	0.66533	0.01651	0.02128	0.02117	0.01576	0.02245	0.01308	0.01736	0.01093	0.00627	0.00691	0.00209	0.00836	0.00622	0.00343	0.01083
11	0.01674	0.01564	0.02601	0.15082	0.54227	0.01623	0.02025	0.04991	0.01634	0.02285	0.01430	0.02037	0.01219	0.00705	0.00705	0.00217	0.00834	0.03743	0.00369	0.01034

[dist]
# distance from previous block
# <min> <max>
2	6

[block]
# block no. 4 follows, 30 sequences, length 47
# corresponding to MSA columns:
# 410-456
name=unknown_E
#
# <colnr> <probs for GDERKNQSTAVLIFYWHMCP>
#	G	D	E	R	K	N	Q	S	T	A	V	L	I	F	Y	W	H	M	C	P
0	0.04402	0.10640	0.12453	0.01265	0.01794	0.01373	0.01188	0.08670	0.04021	0.14664	0.16399	0.05101	0.02464	0.00913	0.00663	0.00196	0.00620	0.00744	0.00582	0.11848
1	0.01923	0.56351	0.08231	0.01347	0.01921	0.13956	0.01308	0.02183	0.01503	0.01693	0.01039	0.01222	0.00924	0.00779	0.02940	0.00192	0.00888	0.00409	0.00311	0.00882
2	0.01648	0.01821	0.03759	0.02907	0.09026	0.01783	0.55286	0.02243	0.04285	0.02223	0.01422	0.01871	0.01094	0.00654	0.00920	0.00238	0.06719	0.00789	0.00363	0.00948
3	0.01506	0.01522	0.02352	0.01942	0.02054	0.01992	0.11245	0.01729	0.01157	0.01756	0.01057	0.01666	0.00997	0.01419	0.07170	0.00354	0.58334	0.00652	0.00317	0.00779
4	0.02421	0.01818	0.01941	0.01536	0.02048	0.02026	0.01253	0.53324	0.16729	0.04037	0.01932	0.01895	0.01398	0.00859	0.00693	0.00213	0.00709	0.00662	0.03353	0.01152
5	0.01000	0.00670	0.00765	0.00780	0.00784	0.00667	0.00443	0.01011	0.01044	0.01391	0.02346	0.10877	0.02723	0.68911	0.03313	0.00641	0.00652	0.01102	0.00443	0.00436
6	0.01590	0.01322	0.01516	0.14797	0.02181	0.06456	0.01164	0.02521	0.26296	0.07171	0.19172	0.03349	0.03013	0.01062	0.00746	0.00232	0.00628	0.05268	0.00630	0.00886
7	0.00850	0.00607	0.00810	0.00972	0.01012	0.00567	0.00648	0.00972	0.01336	0.01781	0.03846	0.75020	0.04615	0.02186	0.00891	0.00283	0.00405	0.01984	0.00648	0.00567
8	0.01727	0.01658	0.02832	0.04283	0.71123	0.01658	0.02142	0.02142	0.01589	0.02280	0.01313	0.01727	0.01105	0.00622	0.00691	0.00207	0.00829	0.00622	0.00345	0.01105
9	0.01527	0.01527	0.02137	0.01832	0.01832	0.02137	0.01527	0.01679	0.01069	0.01679	0.00916	0.01527	0.00916	0.01221	0.02290	0.00305	0.74198	0.00611	0.00305	0.00763
10	0.80405	0.01350	0.01026	0.00918	0.01350	0.01565	0.00756	0.02051	0.01188	0.03131	0.00972	0.01134	0.00756	0.00648	0.00432	0.00216	0.00540	0.00378	0.00432	0.00756
11	0.02653	0.01955	0.02094	0.01606	0.02164	0.02164	0.01326	0.68796	0.03281	0.04398	0.01675	0.01675	0.01187	0.00838	0.00698	0.00209	0.00768	0.00628	0.00698	0.01187
12	0.00870	0.00621	0.00832	0.00994	0.01043	0.00584	0.00682	0.01006	0.01355	0.01803	0.03835	0.70188	0.04572	0.02168	0.00896	0.00286	0.00422	0.06621	0.00647	0.00572
13	0.00850	0.00607	0.00810	0.00972	0.01012	0.00567	0.00648	0.00972	0.01336	0.01781	0.03846	0.75020	0.04615	0.02186	0.00891	0.00283	0.00405	0.01984	0.00648	0.00567
14	0.00978	0.00706	0.00924	0.00885	0.01040	0.00652	0.00658	0.01292	0.01929	0.02725	0.65915	0.10261	0.06442	0.01482	0.00828	0.00224	0.00335	0.01314	0.00759	0.00652
15	0.01124	0.00803	0.01124	0.01285	0.01446	0.00803	0.01124	0.01446	0.01606	0.02088	0.03695	0.07871	0.04016	0.01928	0.00964	0.00321	0.00643	0.66426	0.00643	0.00643
16	0.01413	0.01314	0.02176	0.63347	0.12106	0.01585	0.01938	0.04325	0.01487	0.01936	0.01265	0.01839	0.00959	0.00694	0.00697	0.00229	0.00913	0.00621	0.00329	0.00827
17	0.80405	0.01350	0.01026	0.00918	0.01350	0.01565	0.00756	0.02051	0.01188	0.03131	0.00972	0.01134	0.00756	0.00648	0.00432	0.00216	0.00540	0.00378	0.00432	0.00756
18	0.01315	0.01252	0.01343	0.01290	0.01447	0.13446	0.01002	0.01545	0.01267	0.01639	0.01663	0.02397	0.01538	0.04161	0.55133	0.00899	0.06946	0.00686	0.00366	0.00665
19	0.01736	0.01499	0.01578	0.01420	0.01815	0.01736	0.01105	0.03708	0.69862	0.02919	0.02840	0.02604	0.02130	0.00947	0.00710	0.00237	0.00552	0.00789	0.00710	0.01105
20	0.01647	0.01882	0.04118	0.02941	0.03647	0.01765	0.68588	0.02235	0.01647	0.02235	0.01412	0.01882	0.01059	0.00588	0.00824	0.00235	0.01176	0.00824	0.00353	0.00941
21	0.01333	0.01255	0.02120	0.71273	0.07216	0.01554	0.01945	0.01796	0.01402	0.01801	0.01243	0.01856	0.00937	0.00695	0.00697	0.00232	0.00927	0.00620	0.00311	0.00787
22	0.01866	0.75896	0.03657	0.01194	0.01791	0.02761	0.01194	0.02090	0.01418	0.01642	0.00970	0.01119	0.00896	0.00597	0.00448	0.00149	0.00746	0.00373	0.00299	0.00896
23	0.01212	0.00606	0.00909	0.00909	0.00909	0.00606	0.00606	0.00909	0.00909	0.01212	0.01212	0.02121	0.01212	0.02424	0.02727	0.79697	0.00606	0.00606	0.00303	0.00303
24	0.00881	0.00673	0.00816	0.00902	0.01036	0.00608	0.00657	0.01061	0.01507	0.01931	0.10134	0.37423	0.28888	0.01947	0.00869	0.00265	0.00406	0.08749	0.00657	0.00590
25	0.01527	0.01527	0.02137	0.01832	0.01832	0.02137	0.01527	0.01679	0.01069	0.01679	0.00916	0.01527	0.00916	0.01221	0.02290	0.00305	0.74198	0.00611	0.00305	0.00763
26	0.02653	0.01955	0.02094	0.01606	0.02164	0.02164	0.01326	0.68796	0.03281	0.04398	0.01675	0.01675	0.01187	0.00838	0.00698	0.00209	0.00768	0.00628	0.00698	0.01187
27	0.00982	0.00709	0.00928	0.00882	0.01041	0.00655	0.00658	0.01304	0.01951	0.02759	0.68191	0.07887	0.06509	0.01456	0.00826	0.00222	0.00332	0.01290	0.00764	0.00655
28	0.01447	0.01240	0.01447	0.01034	0.01654	0.00930	0.00827	0.01757	0.01447	0.02274	0.01240	0.01447	0.01034	0.00517	0.00517	0.00103	0.00517	0.00413	0.00413	0.79742
29	0.01695	0.01626	0.02775	0.09671	0.65983	0.01650	0.02126	0.02114	0.01574	0.02241	0.01307	0.01737	0.01092	0.00628	0.00691	0.00209	0.00837	0.00622	0.00343	0.01080
30	0.01318	0.01240	0.02093	0.73798	0.04806	0.01550	0.01938	0.01783	0.01395	0.01783	0.01240	0.01860	0.00930	0.00698	0.00698	0.00233	0.00930	0.00620	0.00310	0.00775
31	0.02341	0.01044	0.01388	0.01160	0.01555	0.00945	0.00927	0.02711	0.06059	0.44983	0.14866	0.11203	0.03011	0.01154	0.00754	0.00229	0.00525	0.03337	0.00805	0.01000
32	0.01727	0.01658	0.02832	0.04283	0.71123	0.01658	0.02142	0.02142	0.01589	0.02280	0.01313	0.01727	0.01105	0.00622	0.00691	0.00207	0.00829	0.00622	0.00345	0.01105
33	0.02766	0.01105	0.01494	0.01179	0.01655	0.00959	0.00960	0.03033	0.01958	0.60144	0.09479	0.05431	0.04583	0.00996	0.00724	0.00219	0.00554	0.00828	0.00840	0.01094
34	0.07275	0.28457	0.43138	0.01636	0.02474	0.02011	0.01968	0.02157	0.01433	0.02080	0.01134	0.01326	0.00879	0.00639	0.00572	0.00196	0.00897	0.00456	0.00306	0.00964
35	0.19470	0.01487	0.01640	0.01300	0.01813	0.01550	0.01069	0.23950	0.06630	0.31065	0.02033	0.01901	0.01373	0.00814	0.00643	0.00215	0.00635	0.00615	0.00708	0.01089
36	0.01469	0.01236	0.01341	0.01251	0.01560	0.01379	0.00954	0.02883	0.48385	0.02668	0.09938	0.13772	0.07732	0.01233	0.00756	0.00242	0.00495	0.01058	0.00702	0.00946
37	0.01318	0.01240	0.02093	0.73798	0.04806	0.01550	0.01938	0.01783	0.01395	0.01783	0.01240	0.01860	0.00930	0.00698	0.00698	0.00233	0.00930	0.00620	0.00310	0.00775
38	0.00837	0.00707	0.00723	0.00719	0.00950	0.00594	0.00539	0.01024	0.01618	0.01951	0.11675	0.06607	0.66192	0.01743	0.00825	0.00234	0.00352	0.01458	0.00657	0.00594
39	0.02607	0.03326	0.01978	0.01798	0.02157	0.72674	0.01348	0.02787	0.01978	0.01708	0.01079	0.01258	0.00899	0.00719	0.00629	0.00180	0.01258	0.00449	0.00360	0.00809
40	0.00850	0.00607	0.00810	0.00972	0.01012	0.00567	0.00648	0.00972	0.01336	0.01781	0.03846	0.75020	0.04615	0.02186	0.00891	0.00283	0.00405	0.01984	0.00648	0.00567
41	0.01736	0.01499	0.01578	0.01420	0.01815	0.01736	0.01105	0.03708	0.69862	0.02919	0.02840	0.02604	0.02130	0.00947	0.00710	0.00237	0.00552	0.00789	0.00710	0.01105
42	0.01015	0.00677	0.00761	0.00761	0.00761	0.00677	0.00423	0.01015	0.01015	0.01353	0.02199	0.04567	0.02537	0.75476	0.03552	0.00677	0.00677	0.01015	0.00423	0.00423
43	0.01318	0.01240	0.02093	0.73798	0.04806	0.01550	0.01938	0.01783	0.01395	0.01783	0.01240	0.01860	0.00930	0.00698	0.00698	0.00233	0.00930	0.00620	0.00310	0.00775
44	0.01181	0.01039	0.01532	0.19597	0.02212	0.01282	0.01234	0.01389	0.01252	0.01728	0.02187	0.30481	0.02406	0.01637	0.03623	0.02926	0.22026	0.01156	0.00443	0.00670
45	0.00970	0.00713	0.00908	0.00860	0.01032	0.00651	0.00645	0.01283	0.01934	0.02700	0.63903	0.05374	0.13497	0.01463	0.00823	0.00221	0.00332	0.01285	0.00755	0.00651
46	0.00907	0.00668	0.00848	0.00932	0.00999	0.00645	0.00633	0.01040	0.01376	0.01835	0.10849	0.48182	0.11413	0.12385	0.01298	0.00328	0.02808	0.01673	0.00618	0.00565

[dist]
# distance from previous block
# <min> <max>
0	9

# created by:
# /st0/software/busco_prod/Augustus/scripts/msa2prfl.pl ./align_prep/114383.fa
