[name]
unknown

[dist]
# distance from previous block
# <min> <max>
0	72

[block]
# block no. 0 follows, 27 sequences, length 94
# corresponding to MSA columns:
# 72-165
name=unknown_A
#
# <colnr> <probs for GDERKNQSTAVLIFYWHMCP>
#	G	D	E	R	K	N	Q	S	T	A	V	L	I	F	Y	W	H	M	C	P
0	0.04989	0.04173	0.01312	0.01344	0.01550	0.00987	0.01181	0.01600	0.01679	0.02254	0.03661	0.07707	0.03957	0.01922	0.00974	0.00328	0.00683	0.58344	0.00656	0.00701
1	0.01931	0.30620	0.31004	0.01829	0.05729	0.05035	0.01931	0.05292	0.01696	0.06660	0.01338	0.01499	0.01031	0.00701	0.00622	0.00202	0.00937	0.00511	0.00380	0.01054
2	0.19740	0.01160	0.01311	0.01250	0.04698	0.01181	0.00927	0.08383	0.01937	0.12003	0.22646	0.07702	0.09640	0.01239	0.00751	0.00240	0.00530	0.03102	0.00695	0.00866
3	0.02064	0.02204	0.08705	0.03681	0.47729	0.13078	0.02098	0.02491	0.01778	0.07018	0.01457	0.01780	0.01165	0.00700	0.00722	0.00218	0.00959	0.00627	0.00404	0.01123
4	0.01800	0.11733	0.20991	0.02678	0.15843	0.07913	0.20104	0.02352	0.01682	0.02269	0.01390	0.01731	0.01087	0.00679	0.00718	0.00220	0.01045	0.00644	0.04094	0.01027
5	0.03253	0.01246	0.01698	0.01308	0.01868	0.01078	0.01078	0.03543	0.02124	0.67527	0.05166	0.02629	0.02013	0.00939	0.00751	0.00230	0.00622	0.00767	0.00915	0.01244
6	0.74653	0.01474	0.01158	0.01019	0.01487	0.01703	0.00840	0.05993	0.01395	0.03410	0.01078	0.01240	0.00831	0.00701	0.00476	0.00229	0.00589	0.00418	0.00476	0.00831
7	0.02842	0.01791	0.02021	0.01573	0.02133	0.01901	0.01290	0.45389	0.05356	0.21504	0.02220	0.04924	0.01597	0.00961	0.00752	0.00229	0.00745	0.00754	0.00787	0.01233
8	0.02680	0.01983	0.02132	0.01664	0.02221	0.02192	0.01363	0.60838	0.05803	0.04467	0.01955	0.05742	0.01500	0.00974	0.00754	0.00228	0.00787	0.00754	0.00740	0.01223
9	0.00904	0.00646	0.00861	0.01034	0.01077	0.00603	0.00689	0.01034	0.01421	0.01895	0.04092	0.73426	0.04910	0.02326	0.00948	0.00301	0.00431	0.02110	0.00689	0.00603
10	0.01956	0.70199	0.07792	0.01320	0.01982	0.02866	0.01357	0.02230	0.01512	0.01782	0.01050	0.01213	0.00952	0.00639	0.00490	0.00163	0.00812	0.00406	0.00317	0.00961
11	0.02758	0.04623	0.02218	0.01667	0.02235	0.05978	0.01372	0.56308	0.03224	0.07288	0.01839	0.03807	0.01365	0.00917	0.00735	0.00221	0.00825	0.00693	0.00714	0.01211
12	0.00907	0.00666	0.00851	0.00989	0.01068	0.00611	0.00672	0.01054	0.01490	0.01958	0.07403	0.60995	0.14160	0.02227	0.00934	0.00291	0.00419	0.01999	0.00695	0.00611
13	0.00979	0.00775	0.00894	0.00917	0.01135	0.00689	0.00723	0.01233	0.01782	0.02254	0.19671	0.07061	0.42677	0.01839	0.00907	0.00266	0.00434	0.14397	0.00715	0.00654
14	0.02696	0.01788	0.01996	0.01562	0.02097	0.01914	0.01277	0.48893	0.03066	0.15192	0.05782	0.06336	0.01887	0.01015	0.00763	0.00229	0.00738	0.00803	0.00773	0.01193
15	0.09540	0.01881	0.02019	0.01576	0.02133	0.02054	0.01295	0.52084	0.03071	0.10765	0.01928	0.04923	0.01437	0.00938	0.00727	0.00228	0.00761	0.00715	0.00732	0.01193
16	0.01080	0.00720	0.00810	0.00810	0.00810	0.00720	0.00450	0.01080	0.01080	0.01439	0.02339	0.04858	0.02699	0.73910	0.03779	0.00720	0.00720	0.01080	0.00450	0.00450
17	0.02735	0.03480	0.02189	0.01958	0.02355	0.68331	0.03886	0.02942	0.02091	0.01838	0.01161	0.01364	0.00963	0.00760	0.00677	0.00193	0.01335	0.00493	0.00382	0.00866
18	0.06380	0.01587	0.01923	0.04997	0.12113	0.01733	0.01365	0.08835	0.35432	0.13809	0.02475	0.02387	0.01813	0.00903	0.00733	0.00240	0.00675	0.00752	0.00688	0.01161
19	0.01402	0.01319	0.02227	0.72126	0.05113	0.01649	0.02062	0.01897	0.01484	0.01897	0.01319	0.01979	0.00990	0.00742	0.00742	0.00247	0.00990	0.00660	0.00330	0.00825
20	0.00911	0.00753	0.00799	0.00788	0.01023	0.00641	0.00591	0.01131	0.01772	0.02195	0.19507	0.06832	0.56873	0.01809	0.00877	0.00247	0.00371	0.01523	0.00714	0.00641
21	0.09941	0.01506	0.01743	0.01388	0.01910	0.01533	0.01132	0.22359	0.07481	0.33820	0.02452	0.05379	0.01741	0.00957	0.00722	0.00231	0.00661	0.00758	0.03119	0.01167
22	0.01557	0.10204	0.58290	0.02125	0.03149	0.01849	0.08101	0.02341	0.01578	0.02297	0.01319	0.01570	0.00958	0.00692	0.00699	0.00229	0.01082	0.00563	0.00319	0.01076
23	0.00900	0.00663	0.00844	0.00988	0.01065	0.00607	0.00669	0.01039	0.01465	0.01913	0.04651	0.62621	0.15354	0.02253	0.00936	0.00293	0.00422	0.02022	0.00689	0.00607
24	0.01752	0.02003	0.04380	0.03129	0.03880	0.01877	0.66583	0.02378	0.01752	0.02378	0.01502	0.02003	0.01126	0.00626	0.00876	0.00250	0.01252	0.00876	0.00375	0.01001
25	0.01625	0.13166	0.44023	0.02258	0.03202	0.01932	0.18912	0.02340	0.01607	0.02274	0.01334	0.01627	0.00990	0.00675	0.00717	0.00228	0.01095	0.00612	0.00330	0.01052
26	0.00904	0.00646	0.00861	0.01034	0.01077	0.00603	0.00689	0.01034	0.01421	0.01895	0.04092	0.73426	0.04910	0.02326	0.00948	0.00301	0.00431	0.02110	0.00689	0.00603
27	0.01040	0.00758	0.00978	0.00923	0.01103	0.00696	0.00692	0.01381	0.02077	0.02920	0.65269	0.05640	0.10659	0.01539	0.00876	0.00235	0.00352	0.01356	0.00810	0.00696
28	0.00900	0.00753	0.00784	0.00776	0.01017	0.00637	0.00582	0.01110	0.01747	0.02135	0.15685	0.06932	0.60733	0.01832	0.00877	0.00248	0.00373	0.01537	0.00706	0.00637
29	0.11054	0.01281	0.01658	0.01286	0.01848	0.01150	0.01062	0.03472	0.02037	0.63024	0.02736	0.02392	0.01732	0.00895	0.00717	0.00230	0.00626	0.00711	0.00872	0.01217
30	0.01402	0.01319	0.02227	0.72126	0.05113	0.01649	0.02062	0.01897	0.01484	0.01897	0.01319	0.01979	0.00990	0.00742	0.00742	0.00247	0.00990	0.00660	0.00330	0.00825
31	0.02773	0.03538	0.02104	0.01913	0.02295	0.70930	0.01434	0.02964	0.02104	0.01817	0.01148	0.01339	0.00956	0.00765	0.00669	0.00191	0.01339	0.00478	0.00383	0.00861
32	0.01196	0.00854	0.01196	0.01367	0.01538	0.00854	0.01196	0.01538	0.01709	0.02222	0.03931	0.08374	0.04272	0.02051	0.01025	0.00342	0.00684	0.64283	0.00684	0.00684
33	0.01061	0.00795	0.01193	0.01193	0.01326	0.00928	0.00928	0.01326	0.01193	0.01723	0.01988	0.02916	0.01856	0.05568	0.70968	0.01193	0.01988	0.00795	0.00398	0.00663
34	0.01539	0.01319	0.01539	0.01100	0.01759	0.00990	0.00880	0.01869	0.01539	0.02419	0.01319	0.01539	0.01100	0.00550	0.00550	0.00110	0.00550	0.00440	0.00440	0.78449
35	0.06476	0.01287	0.01694	0.01315	0.01877	0.01152	0.01083	0.03573	0.05261	0.63759	0.02853	0.02482	0.01814	0.00913	0.00735	0.00231	0.00627	0.00736	0.00891	0.01240
36	0.06112	0.01966	0.02113	0.04302	0.02326	0.02196	0.01381	0.54181	0.10752	0.04331	0.01874	0.01878	0.01347	0.00890	0.00731	0.00227	0.00786	0.00676	0.00716	0.01215
37	0.02655	0.01960	0.02094	0.01635	0.02190	0.02173	0.01341	0.57555	0.09215	0.04432	0.01929	0.01926	0.01388	0.00900	0.00732	0.00223	0.00770	0.00685	0.04975	0.01223
38	0.00949	0.00744	0.00859	0.00854	0.01053	0.00654	0.00631	0.01196	0.01828	0.02382	0.31658	0.13330	0.37650	0.01781	0.00884	0.00249	0.00371	0.01533	0.00740	0.00654
39	0.02379	0.01645	0.01808	0.01442	0.01989	0.03874	0.01160	0.18853	0.21146	0.18040	0.02270	0.02162	0.01631	0.00853	0.00703	0.00207	0.00670	0.00679	0.00708	0.17778
40	0.01985	0.74357	0.03890	0.01270	0.01905	0.02937	0.01270	0.02223	0.01508	0.01747	0.01032	0.01191	0.00953	0.00635	0.00476	0.00159	0.00794	0.00397	0.00318	0.00953
41	0.00904	0.00646	0.00861	0.01034	0.01077	0.00603	0.00689	0.01034	0.01421	0.01895	0.04092	0.73426	0.04910	0.02326	0.00948	0.00301	0.00431	0.02110	0.00689	0.00603
42	0.02593	0.01965	0.02099	0.01662	0.02215	0.02195	0.01355	0.52016	0.18652	0.04309	0.02074	0.02015	0.01499	0.00918	0.00746	0.00230	0.00763	0.00709	0.00746	0.01242
43	0.03331	0.01263	0.01723	0.01321	0.01895	0.01091	0.01091	0.03618	0.02125	0.69794	0.02929	0.02527	0.01838	0.00919	0.00747	0.00230	0.00632	0.00747	0.00919	0.01263
44	0.00959	0.00755	0.00865	0.00837	0.01053	0.00661	0.00628	0.01223	0.01884	0.02461	0.36287	0.06395	0.39927	0.01710	0.00877	0.00243	0.00364	0.01462	0.00749	0.00661
45	0.01985	0.74357	0.03890	0.01270	0.01905	0.02937	0.01270	0.02223	0.01508	0.01747	0.01032	0.01191	0.00953	0.00635	0.00476	0.00159	0.00794	0.00397	0.00318	0.00953
46	0.02892	0.01510	0.01820	0.01445	0.01989	0.01515	0.01177	0.17036	0.17094	0.41165	0.02707	0.02424	0.01812	0.00933	0.00748	0.00233	0.00661	0.00751	0.00845	0.01243
47	0.03037	0.01433	0.01795	0.01403	0.01950	0.01374	0.01148	0.17916	0.05078	0.48961	0.02727	0.05784	0.01872	0.00984	0.00756	0.00232	0.00662	0.00798	0.00861	0.01228
48	0.00960	0.00689	0.00911	0.00996	0.01089	0.00640	0.00693	0.01174	0.01681	0.02307	0.28791	0.47551	0.05708	0.02018	0.00920	0.00276	0.00400	0.01818	0.00738	0.00640
49	0.02060	0.01876	0.02728	0.03683	0.48887	0.04412	0.01997	0.14721	0.07142	0.02884	0.01586	0.01880	0.01268	0.00736	0.00736	0.00222	0.00864	0.00670	0.00469	0.01181
50	0.10569	0.01353	0.01621	0.01300	0.01794	0.01330	0.01058	0.12590	0.07292	0.38200	0.12394	0.02749	0.02448	0.00987	0.00736	0.00231	0.00608	0.00795	0.00818	0.01126
51	0.01144	0.00817	0.01135	0.01298	0.01448	0.00808	0.01097	0.01451	0.01675	0.02194	0.06135	0.18883	0.04468	0.02078	0.01008	0.00332	0.00631	0.52038	0.00689	0.00671
52	0.01489	0.03840	0.70064	0.02116	0.03213	0.01724	0.02743	0.02351	0.01567	0.02351	0.01332	0.01567	0.00940	0.00705	0.00705	0.00235	0.01097	0.00549	0.00313	0.01097
53	0.00940	0.00690	0.00924	0.01067	0.01114	0.00675	0.00728	0.01079	0.01437	0.01934	0.06574	0.67774	0.04834	0.02252	0.01005	0.00300	0.03359	0.02020	0.00679	0.00615
54	0.01752	0.02003	0.04380	0.03129	0.03880	0.01877	0.66583	0.02378	0.01752	0.02378	0.01502	0.02003	0.01126	0.00626	0.00876	0.00250	0.01252	0.00876	0.00375	0.01001
55	0.00994	0.00731	0.00931	0.00935	0.01088	0.00668	0.00681	0.01271	0.01888	0.02597	0.45740	0.21957	0.14253	0.01756	0.00893	0.00252	0.00373	0.01554	0.00771	0.00668
56	0.01736	0.01918	0.03907	0.03024	0.08334	0.01939	0.50350	0.02266	0.01639	0.02277	0.01401	0.01923	0.01103	0.00748	0.01142	0.00261	0.13866	0.00820	0.00366	0.00981
57	0.02800	0.01667	0.02263	0.04597	0.10803	0.04680	0.07178	0.16396	0.02297	0.36173	0.02230	0.02164	0.01500	0.00841	0.00752	0.00228	0.00802	0.00716	0.00718	0.01195
58	0.00877	0.00752	0.00752	0.00752	0.01003	0.00627	0.00564	0.01065	0.01692	0.02005	0.07520	0.07144	0.68978	0.01880	0.00877	0.00251	0.00376	0.01567	0.00689	0.00627
59	0.01823	0.01850	0.05783	0.04456	0.66551	0.01762	0.02298	0.02281	0.01685	0.02422	0.01394	0.01826	0.01166	0.00663	0.00734	0.00221	0.00891	0.00657	0.00365	0.01173
60	0.05177	0.49750	0.03036	0.01269	0.01808	0.08504	0.01168	0.02282	0.07020	0.01964	0.02025	0.02086	0.09646	0.00837	0.00566	0.00184	0.00763	0.00588	0.00412	0.00915
61	0.01421	0.01357	0.02345	0.68349	0.05045	0.01662	0.05594	0.01923	0.01499	0.01923	0.01329	0.01980	0.00997	0.00736	0.00750	0.00248	0.01004	0.00672	0.00332	0.00834
62	0.00950	0.00677	0.00900	0.01047	0.01110	0.00639	0.00726	0.01109	0.01483	0.01985	0.08779	0.59338	0.04907	0.05445	0.01076	0.00319	0.00461	0.07752	0.00687	0.00611
63	0.04143	0.01333	0.02188	0.67376	0.04882	0.01670	0.02003	0.01903	0.01466	0.01944	0.01298	0.01941	0.00983	0.00758	0.00787	0.00249	0.03268	0.00650	0.00334	0.00824
64	0.01587	0.17744	0.57016	0.01949	0.02955	0.01963	0.02452	0.02326	0.01556	0.02232	0.01273	0.01493	0.00943	0.00691	0.00660	0.00220	0.01037	0.00519	0.00314	0.01069
65	0.01489	0.03840	0.70064	0.02116	0.03213	0.01724	0.02743	0.02351	0.01567	0.02351	0.01332	0.01567	0.00940	0.00705	0.00705	0.00235	0.01097	0.00549	0.00313	0.01097
66	0.02057	0.01554	0.01702	0.01589	0.05113	0.03905	0.01177	0.03581	0.47309	0.13759	0.03005	0.02864	0.04503	0.03425	0.00855	0.00260	0.00630	0.00838	0.00738	0.01135
67	0.01446	0.02843	0.46254	0.05057	0.02804	0.01455	0.04830	0.02097	0.01563	0.05093	0.02010	0.17351	0.01856	0.01067	0.00769	0.00251	0.00933	0.00917	0.00425	0.00980
68	0.03331	0.01263	0.01723	0.01321	0.01895	0.01091	0.01091	0.03618	0.02125	0.69794	0.02929	0.02527	0.01838	0.00919	0.00747	0.00230	0.00632	0.00747	0.00919	0.01263
69	0.00879	0.00746	0.00758	0.00769	0.01007	0.00625	0.00571	0.01064	0.01676	0.01999	0.07318	0.11053	0.65200	0.01906	0.00882	0.00254	0.00379	0.01599	0.00689	0.00625
70	0.01539	0.01319	0.01539	0.01100	0.01759	0.00990	0.00880	0.01869	0.01539	0.02419	0.01319	0.01539	0.01100	0.00550	0.00550	0.00110	0.00550	0.00440	0.00440	0.78449
71	0.01837	0.01764	0.03013	0.04557	0.69279	0.01764	0.02278	0.02278	0.01690	0.02425	0.01396	0.01837	0.01176	0.00661	0.00735	0.00220	0.00882	0.00661	0.00367	0.01176
72	0.03203	0.01292	0.01719	0.01337	0.01898	0.01156	0.01098	0.03646	0.07789	0.64054	0.02937	0.02548	0.01875	0.00926	0.00747	0.00232	0.00628	0.00755	0.00905	0.01256
73	0.01837	0.01764	0.03013	0.04557	0.69279	0.01764	0.02278	0.02278	0.01690	0.02425	0.01396	0.01837	0.01176	0.00661	0.00735	0.00220	0.00882	0.00661	0.00367	0.01176
74	0.01839	0.01742	0.02926	0.09539	0.62098	0.01774	0.02232	0.04519	0.01738	0.02465	0.01404	0.01846	0.01165	0.00676	0.00736	0.00223	0.00888	0.00662	0.00378	0.01153
75	0.00904	0.00646	0.00861	0.01034	0.01077	0.00603	0.00689	0.01034	0.01421	0.01895	0.04092	0.73426	0.04910	0.02326	0.00948	0.00301	0.00431	0.02110	0.00689	0.00603
76	0.00877	0.00752	0.00752	0.00752	0.01003	0.00627	0.00564	0.01065	0.01692	0.02005	0.07520	0.07144	0.68978	0.01880	0.00877	0.00251	0.00376	0.01567	0.00689	0.00627
77	0.01822	0.19774	0.42968	0.01960	0.05452	0.07336	0.02190	0.02439	0.01632	0.06030	0.01343	0.01529	0.01005	0.00704	0.00654	0.00213	0.01011	0.00524	0.00357	0.01058
78	0.03062	0.01261	0.01719	0.01415	0.04008	0.01118	0.01119	0.05275	0.02137	0.59489	0.06768	0.02855	0.02185	0.00983	0.00763	0.00233	0.00630	0.02890	0.00882	0.01208
79	0.02867	0.02007	0.02183	0.01674	0.02266	0.02195	0.01383	0.61192	0.03369	0.10461	0.01884	0.01848	0.01314	0.00894	0.00743	0.00223	0.00800	0.00675	0.00758	0.01263
80	0.00911	0.00651	0.00867	0.01029	0.01078	0.00607	0.00690	0.01050	0.01451	0.01942	0.06913	0.70470	0.05001	0.02291	0.00944	0.00299	0.00427	0.02077	0.00695	0.00607
81	0.01651	0.01665	0.03104	0.29331	0.27011	0.01753	0.20252	0.02164	0.01631	0.02215	0.01397	0.01937	0.01093	0.00682	0.00777	0.00239	0.01026	0.00721	0.00356	0.00996
82	0.01752	0.02003	0.04380	0.03129	0.03880	0.01877	0.66583	0.02378	0.01752	0.02378	0.01502	0.02003	0.01126	0.00626	0.00876	0.00250	0.01252	0.00876	0.00375	0.01001
83	0.01756	0.01992	0.04322	0.03189	0.06654	0.01873	0.63855	0.02374	0.01750	0.02380	0.01497	0.01995	0.01129	0.00627	0.00870	0.00249	0.01236	0.00867	0.00375	0.01009
84	0.13327	0.01685	0.02713	0.09942	0.50826	0.01744	0.04653	0.02234	0.01611	0.02512	0.01340	0.01762	0.01102	0.00671	0.00700	0.00225	0.00861	0.00631	0.00378	0.01082
85	0.01743	0.01665	0.02803	0.07975	0.60729	0.01674	0.02140	0.02168	0.01679	0.02365	0.01844	0.02237	0.06169	0.00756	0.00746	0.00224	0.00850	0.00728	0.00389	0.01116
86	0.00904	0.00646	0.00861	0.01034	0.01077	0.00603	0.00689	0.01034	0.01421	0.01895	0.04092	0.73426	0.04910	0.02326	0.00948	0.00301	0.00431	0.02110	0.00689	0.00603
87	0.01729	0.02177	0.10895	0.03085	0.06446	0.01857	0.57609	0.02371	0.01731	0.02377	0.01481	0.01952	0.01110	0.00635	0.00853	0.00248	0.01221	0.00835	0.00369	0.01018
88	0.02271	0.08312	0.06415	0.04815	0.14500	0.14031	0.01649	0.24225	0.05322	0.03000	0.01628	0.02017	0.01319	0.00865	0.00776	0.00224	0.03356	0.03677	0.00520	0.01078
89	0.01082	0.00786	0.01058	0.01212	0.01355	0.00761	0.00991	0.01349	0.01626	0.02108	0.04335	0.26531	0.10923	0.02111	0.00989	0.00321	0.00582	0.40539	0.00686	0.00655
90	0.02789	0.01985	0.02161	0.01667	0.02243	0.02182	0.01375	0.60735	0.03328	0.08413	0.01857	0.01867	0.01318	0.01060	0.03256	0.00258	0.00848	0.00678	0.00741	0.01241
91	0.01793	0.01144	0.01330	0.01144	0.01482	0.01123	0.00890	0.17349	0.02231	0.13828	0.18358	0.11018	0.19032	0.04674	0.00960	0.00263	0.00538	0.01199	0.00757	0.00889
92	0.01247	0.01040	0.01471	0.01361	0.01462	0.01295	0.01087	0.01498	0.01340	0.01994	0.12601	0.02940	0.02426	0.03379	0.35227	0.00723	0.23399	0.00835	0.03958	0.00716
93	0.01810	0.00929	0.01220	0.01050	0.01367	0.00827	0.00822	0.02125	0.02076	0.25559	0.41518	0.04652	0.10301	0.01344	0.00832	0.00234	0.00448	0.01159	0.00841	0.00885

[dist]
# distance from previous block
# <min> <max>
0	6

[block]
# block no. 1 follows, 27 sequences, length 21
# corresponding to MSA columns:
# 172-192
name=unknown_B
#
# <colnr> <probs for GDERKNQSTAVLIFYWHMCP>
#	G	D	E	R	K	N	Q	S	T	A	V	L	I	F	Y	W	H	M	C	P
0	0.01042	0.00762	0.00976	0.01020	0.01163	0.00702	0.00744	0.01263	0.01631	0.02225	0.21317	0.30951	0.08302	0.09236	0.01198	0.00316	0.00479	0.10288	0.00682	0.05702
1	0.01744	0.01401	0.01608	0.01207	0.01813	0.01207	0.00966	0.08241	0.09548	0.05207	0.03952	0.01881	0.01482	0.00682	0.00610	0.00146	0.00575	0.00550	0.00536	0.56643
2	0.01675	0.30282	0.31451	0.01762	0.02522	0.02169	0.05691	0.02200	0.01559	0.02122	0.05657	0.01716	0.01358	0.00771	0.00766	0.00213	0.06175	0.00570	0.00353	0.00989
3	0.01541	0.01441	0.02329	0.50429	0.18014	0.01695	0.02009	0.02200	0.08815	0.02138	0.01522	0.02037	0.01168	0.00755	0.00742	0.00242	0.00923	0.00680	0.00384	0.00936
4	0.06737	0.01159	0.01264	0.01211	0.01494	0.04633	0.00975	0.03908	0.11227	0.06848	0.22103	0.05263	0.10622	0.01474	0.00848	0.00264	0.00572	0.17860	0.00718	0.00822
5	0.02166	0.01677	0.01879	0.01726	0.06535	0.01860	0.01282	0.20035	0.39602	0.08086	0.02754	0.02600	0.04438	0.00981	0.00755	0.00241	0.00662	0.00804	0.00735	0.01183
6	0.01682	0.01282	0.01726	0.01964	0.15293	0.01302	0.01311	0.08877	0.10693	0.06771	0.11939	0.06985	0.05056	0.01319	0.00839	0.00259	0.00653	0.17478	0.00659	0.03914
7	0.01616	0.01314	0.01389	0.01325	0.01586	0.05771	0.01001	0.16527	0.11554	0.02722	0.03332	0.35568	0.05658	0.01674	0.00858	0.00270	0.00615	0.05671	0.00690	0.00858
8	0.04684	0.06930	0.02048	0.01732	0.02075	0.42787	0.01337	0.02797	0.11823	0.02055	0.01596	0.06325	0.01411	0.00949	0.00863	0.00221	0.08374	0.00651	0.00452	0.00890
9	0.01655	0.06889	0.06859	0.01413	0.01705	0.01502	0.01197	0.13204	0.01798	0.05827	0.02502	0.28458	0.02590	0.01467	0.01093	0.00264	0.13851	0.01178	0.05688	0.00861
10	0.01977	0.51644	0.17137	0.01518	0.02217	0.10728	0.01589	0.02337	0.01591	0.01878	0.01107	0.01285	0.00951	0.00665	0.00546	0.00178	0.00920	0.00437	0.00324	0.00971
11	0.04983	0.01612	0.01684	0.01420	0.01885	0.06226	0.01123	0.13310	0.25303	0.17560	0.02759	0.06895	0.04861	0.01032	0.00739	0.00231	0.00662	0.00837	0.00726	0.06154
12	0.02244	0.07084	0.02029	0.06198	0.02244	0.24067	0.01315	0.16966	0.17318	0.02761	0.02344	0.02365	0.07996	0.00947	0.00717	0.00219	0.00899	0.00716	0.00569	0.01002
13	0.01702	0.06336	0.02475	0.25197	0.27961	0.01773	0.01858	0.05509	0.10478	0.02382	0.01744	0.06244	0.01474	0.00842	0.00736	0.00234	0.00841	0.00754	0.00442	0.01019
14	0.14140	0.01085	0.01107	0.00999	0.01267	0.01197	0.00785	0.09216	0.05561	0.02920	0.02351	0.02593	0.05962	0.01012	0.00795	0.03370	0.05227	0.00703	0.38919	0.00791
15	0.01347	0.00948	0.01196	0.04651	0.01491	0.00958	0.00876	0.11272	0.01909	0.04945	0.18414	0.38426	0.04456	0.04309	0.00982	0.00283	0.00516	0.01558	0.00709	0.00755
16	0.01384	0.01434	0.05942	0.04104	0.02048	0.04812	0.13013	0.01814	0.06020	0.02132	0.06940	0.22587	0.02918	0.10016	0.01300	0.00318	0.05340	0.03617	0.00533	0.03729
17	0.01730	0.01404	0.01910	0.05073	0.02140	0.01305	0.07954	0.08769	0.04147	0.06645	0.06295	0.07409	0.01877	0.00877	0.00779	0.00189	0.04239	0.00750	0.00537	0.35968
18	0.04733	0.15393	0.52214	0.02075	0.06875	0.01927	0.02391	0.02318	0.01553	0.02294	0.01274	0.01506	0.00951	0.00690	0.00659	0.00221	0.01012	0.00524	0.00323	0.01066
19	0.04621	0.02161	0.09827	0.01508	0.02037	0.17818	0.01296	0.07558	0.08392	0.15223	0.01881	0.02143	0.01464	0.08095	0.00989	0.00254	0.00859	0.00639	0.00558	0.12679
20	0.06186	0.01693	0.01924	0.01651	0.06362	0.01786	0.01255	0.38601	0.02684	0.07902	0.04843	0.02174	0.03363	0.01125	0.04312	0.00261	0.00783	0.00696	0.03112	0.09288

[dist]
# distance from previous block
# <min> <max>
12	20

[block]
# block no. 2 follows, 27 sequences, length 9
# corresponding to MSA columns:
# 216-224
name=unknown_C
#
# <colnr> <probs for GDERKNQSTAVLIFYWHMCP>
#	G	D	E	R	K	N	Q	S	T	A	V	L	I	F	Y	W	H	M	C	P
0	0.02063	0.01139	0.01451	0.01134	0.01624	0.00945	0.00907	0.02383	0.01917	0.27521	0.21223	0.03050	0.03060	0.00963	0.00716	0.00190	0.00523	0.00811	0.00725	0.27657
1	0.01470	0.00834	0.01086	0.01073	0.01291	0.00738	0.00778	0.01660	0.01630	0.16604	0.06635	0.45691	0.09100	0.01844	0.00871	0.00267	0.00474	0.01639	0.00728	0.05586
2	0.01490	0.01277	0.01480	0.01073	0.01702	0.00962	0.00856	0.01809	0.01551	0.02388	0.01786	0.01961	0.06208	0.00650	0.00574	0.00121	0.00537	0.00525	0.00459	0.72591
3	0.01804	0.01729	0.02952	0.09799	0.64301	0.01755	0.02262	0.02249	0.01674	0.02384	0.01390	0.01848	0.01161	0.00668	0.00736	0.00223	0.00890	0.00661	0.00365	0.01149
4	0.07255	0.03661	0.64944	0.02031	0.03081	0.01720	0.02599	0.02338	0.01545	0.02424	0.01310	0.01541	0.00930	0.00704	0.00687	0.00235	0.01058	0.00538	0.00324	0.01075
5	0.01804	0.01730	0.02952	0.09781	0.64318	0.01755	0.02262	0.02249	0.01674	0.02384	0.01390	0.01848	0.01162	0.00668	0.00736	0.00223	0.00890	0.00661	0.00365	0.01149
6	0.01837	0.01764	0.03013	0.04557	0.69279	0.01764	0.02278	0.02278	0.01690	0.02425	0.01396	0.01837	0.01176	0.00661	0.00735	0.00220	0.00882	0.00661	0.00367	0.01176
7	0.63576	0.01416	0.01181	0.01036	0.01476	0.01613	0.00846	0.07823	0.01555	0.03410	0.08755	0.01747	0.01544	0.00801	0.00531	0.00230	0.00571	0.00532	0.00525	0.00833
8	0.01562	0.01405	0.02227	0.64182	0.04796	0.01723	0.01988	0.09219	0.01711	0.02211	0.01372	0.01957	0.01020	0.00759	0.00742	0.00245	0.00970	0.00661	0.00376	0.00874

[dist]
# distance from previous block
# <min> <max>
0	2

[block]
# block no. 3 follows, 27 sequences, length 86
# corresponding to MSA columns:
# 227-312
name=unknown_D
#
# <colnr> <probs for GDERKNQSTAVLIFYWHMCP>
#	G	D	E	R	K	N	Q	S	T	A	V	L	I	F	Y	W	H	M	C	P
0	0.02427	0.01849	0.02015	0.01531	0.02136	0.01919	0.01254	0.46243	0.05540	0.03988	0.01704	0.01755	0.01258	0.00801	0.00690	0.00193	0.00733	0.00612	0.00659	0.22695
1	0.01539	0.01319	0.01539	0.01100	0.01759	0.00990	0.00880	0.01869	0.01539	0.02419	0.01319	0.01539	0.01100	0.00550	0.00550	0.00110	0.00550	0.00440	0.00440	0.78449
2	0.01518	0.01297	0.01516	0.01097	0.01736	0.00976	0.00873	0.01841	0.01535	0.02401	0.01414	0.03984	0.01229	0.00610	0.00563	0.00116	0.00546	0.00497	0.00448	0.75801
3	0.00966	0.00700	0.00922	0.01082	0.01150	0.00671	0.00753	0.01186	0.03870	0.01969	0.04038	0.64887	0.04755	0.02253	0.00948	0.00303	0.00460	0.07765	0.00691	0.00631
4	0.01252	0.00658	0.00939	0.00939	0.00939	0.00658	0.00610	0.00987	0.00987	0.01316	0.01478	0.02724	0.01543	0.15390	0.03059	0.64450	0.00658	0.00723	0.00345	0.00345
5	0.01083	0.00809	0.01158	0.01147	0.01251	0.00935	0.00863	0.01296	0.01170	0.01673	0.02019	0.03233	0.01983	0.18112	0.56184	0.01076	0.04132	0.00843	0.00405	0.00628
6	0.00894	0.00749	0.00778	0.00780	0.01015	0.00633	0.00581	0.01095	0.01719	0.02090	0.13014	0.09588	0.60791	0.01864	0.00880	0.00251	0.00376	0.01567	0.00701	0.00633
7	0.02113	0.01944	0.01814	0.01596	0.02034	0.12027	0.01245	0.12214	0.49669	0.03127	0.02581	0.02428	0.01940	0.00956	0.00741	0.00239	0.00728	0.00764	0.00699	0.01141
8	0.08987	0.01284	0.01523	0.01232	0.01702	0.01241	0.00999	0.12731	0.04304	0.34471	0.10901	0.03317	0.11866	0.01105	0.00756	0.00233	0.00585	0.00895	0.00803	0.01065
9	0.06757	0.45279	0.18307	0.01502	0.02217	0.05116	0.01589	0.07727	0.01696	0.02230	0.01167	0.01332	0.00967	0.00681	0.00556	0.00187	0.00871	0.00457	0.00364	0.00998
10	0.01489	0.03840	0.70064	0.02116	0.03213	0.01724	0.02743	0.02351	0.01567	0.02351	0.01332	0.01567	0.00940	0.00705	0.00705	0.00235	0.01097	0.00549	0.00313	0.01097
11	0.00904	0.00646	0.00861	0.01034	0.01077	0.00603	0.00689	0.01034	0.01421	0.01895	0.04092	0.73426	0.04910	0.02326	0.00948	0.00301	0.00431	0.02110	0.00689	0.00603
12	0.02404	0.32884	0.05098	0.01653	0.02164	0.40470	0.01410	0.02637	0.01839	0.01805	0.01106	0.01285	0.00954	0.00709	0.00591	0.00179	0.01105	0.00447	0.00353	0.00907
13	0.02822	0.02079	0.02228	0.01708	0.02302	0.02302	0.01411	0.66804	0.03490	0.04679	0.01782	0.01782	0.01262	0.00891	0.00743	0.00223	0.00817	0.00668	0.00743	0.01262
14	0.00937	0.00671	0.00891	0.01011	0.01084	0.00625	0.00692	0.01116	0.01573	0.02137	0.18562	0.58266	0.05378	0.02145	0.00931	0.00286	0.00413	0.01939	0.00718	0.00625
15	0.02562	0.01894	0.02067	0.01567	0.02175	0.01988	0.01289	0.51172	0.03036	0.06017	0.01716	0.01751	0.01244	0.00819	0.00702	0.00199	0.00755	0.00622	0.00683	0.17743
16	0.05670	0.01926	0.02063	0.01583	0.02175	0.02069	0.01301	0.52590	0.05302	0.04241	0.01727	0.01757	0.01254	0.00837	0.00704	0.00208	0.00760	0.00630	0.00687	0.12514
17	0.01061	0.00795	0.01193	0.01193	0.01326	0.00928	0.00928	0.01326	0.01193	0.01723	0.01988	0.02916	0.01856	0.05568	0.70968	0.01193	0.01988	0.00795	0.00398	0.00663
18	0.01196	0.00854	0.01196	0.01367	0.01538	0.00854	0.01196	0.01538	0.01709	0.02222	0.03931	0.08374	0.04272	0.02051	0.01025	0.00342	0.00684	0.64283	0.00684	0.00684
19	0.01531	0.01451	0.02460	0.52122	0.24110	0.01683	0.02126	0.02010	0.01545	0.02053	0.01342	0.01937	0.01045	0.00718	0.00740	0.00239	0.00958	0.00660	0.00341	0.00929
20	0.61868	0.01562	0.01826	0.01457	0.01982	0.01713	0.15494	0.02226	0.01373	0.03118	0.01138	0.01384	0.00876	0.00675	0.00552	0.00234	0.00726	0.00508	0.00441	0.00848
21	0.01402	0.01319	0.02227	0.72126	0.05113	0.01649	0.02062	0.01897	0.01484	0.01897	0.01319	0.01979	0.00990	0.00742	0.00742	0.00247	0.00990	0.00660	0.00330	0.00825
22	0.00902	0.00657	0.00851	0.01006	0.01069	0.00605	0.00677	0.01037	0.01448	0.01906	0.04431	0.66860	0.11256	0.02282	0.00941	0.00296	0.00425	0.02057	0.00689	0.00605
23	0.01846	0.01595	0.01679	0.01511	0.01930	0.01846	0.01175	0.03945	0.67938	0.03105	0.03022	0.02770	0.02266	0.01007	0.00755	0.00252	0.00588	0.00839	0.00755	0.01175
24	0.00955	0.00707	0.00995	0.01085	0.01171	0.00659	0.02797	0.01135	0.01539	0.02081	0.14236	0.60429	0.05120	0.02144	0.00934	0.00289	0.00444	0.01950	0.00699	0.00631
25	0.01601	0.19752	0.55131	0.01925	0.02918	0.01998	0.02411	0.02322	0.01554	0.02215	0.01265	0.01482	0.00943	0.00689	0.00654	0.00218	0.01029	0.00514	0.00314	0.01065
26	0.01837	0.01764	0.03013	0.04557	0.69279	0.01764	0.02278	0.02278	0.01690	0.02425	0.01396	0.01837	0.01176	0.00661	0.00735	0.00220	0.00882	0.00661	0.00367	0.01176
27	0.01044	0.00762	0.00982	0.00939	0.01120	0.00701	0.00711	0.01381	0.02052	0.02868	0.61249	0.05794	0.11731	0.01569	0.00882	0.00240	0.00367	0.04113	0.00801	0.00694
28	0.02773	0.03538	0.02104	0.01913	0.02295	0.70930	0.01434	0.02964	0.02104	0.01817	0.01148	0.01339	0.00956	0.00765	0.00669	0.00191	0.01339	0.00478	0.00383	0.00861
29	0.03312	0.01293	0.01741	0.01335	0.01910	0.01135	0.01103	0.05900	0.02174	0.67442	0.02887	0.02500	0.01817	0.00918	0.00746	0.00229	0.00638	0.00744	0.00912	0.01263
30	0.03331	0.01263	0.01723	0.01321	0.01895	0.01091	0.01091	0.03618	0.02125	0.69794	0.02929	0.02527	0.01838	0.00919	0.00747	0.00230	0.00632	0.00747	0.00919	0.01263
31	0.00903	0.00753	0.00787	0.00779	0.01018	0.00638	0.00584	0.01115	0.01752	0.02148	0.16507	0.06910	0.59903	0.01827	0.00877	0.00248	0.00372	0.01534	0.00708	0.00638
32	0.02639	0.06695	0.05147	0.01859	0.02300	0.57103	0.01470	0.06941	0.05297	0.02078	0.01280	0.01438	0.01037	0.00776	0.00671	0.00197	0.01234	0.00507	0.00417	0.00916
33	0.01985	0.74357	0.03890	0.01270	0.01905	0.02937	0.01270	0.02223	0.01508	0.01747	0.01032	0.01191	0.00953	0.00635	0.00476	0.00159	0.00794	0.00397	0.00318	0.00953
34	0.01196	0.00854	0.01196	0.01367	0.01538	0.00854	0.01196	0.01538	0.01709	0.02222	0.03931	0.08374	0.04272	0.02051	0.01025	0.00342	0.00684	0.64283	0.00684	0.00684
35	0.03248	0.01245	0.01696	0.01307	0.01866	0.01077	0.01077	0.03537	0.02124	0.67360	0.05331	0.02637	0.02026	0.00941	0.00751	0.00230	0.00621	0.00768	0.00915	0.01243
36	0.02224	0.01661	0.01805	0.01523	0.01996	0.01852	0.01212	0.20758	0.41633	0.10044	0.05180	0.02585	0.02134	0.00987	0.00756	0.00241	0.00645	0.00803	0.00770	0.01189
37	0.01061	0.00795	0.01193	0.01193	0.01326	0.00928	0.00928	0.01326	0.01193	0.01723	0.01988	0.02916	0.01856	0.05568	0.70968	0.01193	0.01988	0.00795	0.00398	0.00663
38	0.03307	0.01302	0.01747	0.01339	0.01914	0.01148	0.01106	0.06587	0.02189	0.66734	0.02875	0.02492	0.01811	0.00918	0.00746	0.00229	0.00640	0.00743	0.00911	0.01263
39	0.01489	0.03840	0.70064	0.02116	0.03213	0.01724	0.02743	0.02351	0.01567	0.02351	0.01332	0.01567	0.00940	0.00705	0.00705	0.00235	0.01097	0.00549	0.00313	0.01097
40	0.03243	0.01330	0.01755	0.01354	0.01924	0.01200	0.01116	0.07869	0.04593	0.63017	0.02855	0.02486	0.01815	0.00920	0.00747	0.00230	0.00643	0.00745	0.00901	0.01260
41	0.02576	0.03125	0.02013	0.01827	0.02217	0.56232	0.01379	0.03173	0.16111	0.02091	0.01546	0.01643	0.01235	0.00817	0.00688	0.00204	0.01179	0.00555	0.00462	0.00928
42	0.02977	0.01419	0.01784	0.01389	0.01927	0.01364	0.01141	0.19189	0.02428	0.46817	0.06593	0.02538	0.02007	0.01130	0.03498	0.00266	0.00714	0.00765	0.00848	0.01206
43	0.01726	0.01925	0.03950	0.02888	0.03486	0.01958	0.53322	0.02257	0.01627	0.02257	0.01394	0.01925	0.01095	0.00763	0.01195	0.00266	0.15807	0.00830	0.00365	0.00963
44	0.00904	0.00646	0.00861	0.01034	0.01077	0.00603	0.00689	0.01034	0.01421	0.01895	0.04092	0.73426	0.04910	0.02326	0.00948	0.00301	0.00431	0.02110	0.00689	0.00603
45	0.00893	0.00733	0.00787	0.00814	0.01023	0.00627	0.00595	0.01081	0.01670	0.02048	0.10849	0.18945	0.53489	0.01937	0.00890	0.00259	0.00384	0.01650	0.00698	0.00627
46	0.16968	0.01463	0.01675	0.01474	0.04986	0.01522	0.01127	0.11582	0.15739	0.27392	0.06650	0.02394	0.01960	0.00917	0.00702	0.00233	0.00630	0.00725	0.00743	0.01118
47	0.03042	0.01203	0.01609	0.01254	0.01790	0.01036	0.01029	0.03318	0.02074	0.61820	0.03469	0.03070	0.09735	0.01032	0.00762	0.00232	0.00602	0.00843	0.00892	0.01188
48	0.01695	0.01412	0.01623	0.01173	0.01825	0.01149	0.00944	0.09738	0.01776	0.02693	0.01376	0.01569	0.01119	0.00591	0.00573	0.00124	0.00582	0.00468	0.00477	0.69095
49	0.01763	0.01731	0.02738	0.21242	0.46820	0.05077	0.02153	0.02192	0.01633	0.02234	0.01345	0.01839	0.01109	0.00717	0.00814	0.00231	0.04299	0.00652	0.00357	0.01056
50	0.01782	0.01746	0.03071	0.10449	0.54151	0.01782	0.09381	0.02240	0.01662	0.02353	0.01388	0.01862	0.01147	0.00684	0.00803	0.00229	0.03107	0.00685	0.00364	0.01114
51	0.01856	0.01815	0.02946	0.07170	0.64082	0.04462	0.02237	0.02290	0.01698	0.02380	0.01384	0.01824	0.01160	0.00669	0.00733	0.00220	0.00904	0.00654	0.00367	0.01149
52	0.00929	0.00671	0.00879	0.01002	0.01079	0.00621	0.00685	0.01100	0.01555	0.02093	0.15764	0.58191	0.08355	0.02161	0.00931	0.00287	0.00414	0.01948	0.00712	0.00621
53	0.04888	0.01409	0.01824	0.01676	0.08560	0.01373	0.01220	0.06405	0.15140	0.40332	0.02601	0.02414	0.01776	0.01048	0.03100	0.00261	0.00698	0.00734	0.00777	0.03764
54	0.09893	0.03518	0.60394	0.02027	0.03043	0.01723	0.04686	0.02334	0.01541	0.02458	0.01306	0.01543	0.00932	0.00701	0.00684	0.00235	0.01046	0.00544	0.00331	0.01062
55	0.02736	0.08909	0.02245	0.01818	0.02250	0.55440	0.01406	0.09965	0.02210	0.04595	0.01273	0.01419	0.01022	0.00774	0.00665	0.00194	0.01212	0.00502	0.00437	0.00927
56	0.01195	0.00983	0.01219	0.03993	0.01512	0.03934	0.03098	0.04084	0.06517	0.02148	0.05224	0.53052	0.04144	0.01953	0.00903	0.00286	0.00554	0.03830	0.00661	0.00711
57	0.01273	0.00691	0.00974	0.00959	0.01025	0.00665	0.00663	0.01128	0.01247	0.03856	0.11886	0.05732	0.07810	0.02303	0.02297	0.55140	0.00571	0.00879	0.00458	0.00444
58	0.01545	0.09385	0.61551	0.02165	0.06277	0.01823	0.02603	0.02337	0.01569	0.02306	0.01311	0.01550	0.00953	0.00698	0.00688	0.00228	0.01063	0.00542	0.00316	0.01089
59	0.01678	0.01602	0.02726	0.29225	0.45853	0.01722	0.02199	0.02139	0.01615	0.02232	0.01368	0.01889	0.01108	0.00691	0.00738	0.00230	0.00921	0.00661	0.00354	0.01048
60	0.03204	0.01267	0.01705	0.01315	0.01871	0.01114	0.01083	0.05660	0.02170	0.64374	0.06054	0.02646	0.02066	0.00947	0.00753	0.00230	0.00624	0.00772	0.00908	0.01236
61	0.00967	0.00691	0.00934	0.01106	0.01176	0.00657	0.00799	0.01143	0.01483	0.01966	0.04057	0.59381	0.04772	0.02266	0.00964	0.00310	0.00485	0.15534	0.00688	0.00620
62	0.01475	0.03121	0.50201	0.02335	0.12318	0.01606	0.04587	0.02190	0.01606	0.02322	0.02075	0.02276	0.08983	0.00835	0.00736	0.00235	0.00987	0.00695	0.00367	0.01050
63	0.00913	0.00686	0.00846	0.00948	0.01061	0.00620	0.00657	0.01082	0.01567	0.02041	0.12004	0.48440	0.22200	0.02120	0.00921	0.00281	0.00407	0.01883	0.00703	0.00620
64	0.01361	0.01274	0.02090	0.60555	0.07645	0.01534	0.01896	0.01817	0.01519	0.01934	0.02053	0.02580	0.08996	0.00872	0.00758	0.00247	0.00912	0.00767	0.00374	0.00818
65	0.01812	0.56627	0.12090	0.01370	0.02005	0.02545	0.01420	0.02134	0.01479	0.01822	0.01183	0.01442	0.01057	0.01224	0.08798	0.00290	0.00973	0.00463	0.00326	0.00937
66	0.00888	0.00755	0.00767	0.00773	0.01021	0.00634	0.00585	0.01081	0.01693	0.02013	0.07400	0.07186	0.66808	0.01886	0.00882	0.00254	0.00386	0.03670	0.00689	0.00629
67	0.05581	0.01162	0.01516	0.01236	0.01688	0.01053	0.00992	0.05709	0.02066	0.46986	0.12271	0.11211	0.02865	0.01159	0.00777	0.00238	0.00574	0.00975	0.00852	0.01089
68	0.04857	0.01355	0.01583	0.01434	0.01829	0.01443	0.01180	0.10475	0.24891	0.15967	0.03064	0.04265	0.02626	0.01284	0.00824	0.00271	0.00652	0.20209	0.00753	0.01039
69	0.01928	0.01563	0.05145	0.01463	0.01927	0.01555	0.01222	0.05123	0.36135	0.11565	0.04579	0.03010	0.02230	0.01037	0.00819	0.00240	0.03435	0.06121	0.00695	0.10205
70	0.07834	0.08756	0.45412	0.01914	0.02768	0.01698	0.07642	0.02174	0.01536	0.02331	0.01623	0.09997	0.01413	0.00882	0.00710	0.00238	0.00965	0.00736	0.00375	0.00995
71	0.22105	0.01460	0.01739	0.01664	0.09735	0.01492	0.01189	0.06947	0.10917	0.32035	0.02213	0.02100	0.01522	0.00841	0.00674	0.00231	0.00652	0.00657	0.00705	0.01125
72	0.01056	0.00820	0.01090	0.09278	0.01560	0.00796	0.00835	0.01387	0.01933	0.02639	0.47744	0.07478	0.17574	0.01517	0.00862	0.00240	0.00433	0.01327	0.00733	0.00699
73	0.01748	0.01641	0.02754	0.04116	0.61225	0.01641	0.02063	0.02137	0.01619	0.02309	0.01507	0.02193	0.01355	0.09278	0.01093	0.00279	0.00863	0.00711	0.00377	0.01090
74	0.70024	0.01422	0.01144	0.00991	0.01474	0.01586	0.00813	0.02145	0.01296	0.03224	0.01067	0.01245	0.00839	0.00673	0.00470	0.00216	0.00571	0.00406	0.00457	0.09937
75	0.01827	0.01792	0.03174	0.04389	0.61587	0.01777	0.09842	0.02290	0.01698	0.02420	0.01409	0.01857	0.01170	0.00657	0.00752	0.00224	0.00925	0.00687	0.00368	0.01155
76	0.01614	0.01588	0.02187	0.01849	0.01927	0.02123	0.01537	0.01796	0.01184	0.01861	0.01015	0.01614	0.00989	0.01211	0.02214	0.00300	0.64082	0.00625	0.00338	0.09944
77	0.01104	0.00711	0.00828	0.00828	0.00828	0.00711	0.00473	0.01066	0.01066	0.01422	0.02216	0.04552	0.02533	0.65520	0.03675	0.09857	0.00711	0.01028	0.00435	0.00435
78	0.01077	0.00729	0.00855	0.00855	0.00870	0.00744	0.00506	0.01109	0.01093	0.01473	0.02298	0.04630	0.02600	0.65871	0.11682	0.00775	0.00869	0.01046	0.00444	0.00475
79	0.00962	0.00729	0.01018	0.09387	0.01549	0.00727	0.00847	0.01136	0.01437	0.01899	0.03875	0.62903	0.06497	0.02125	0.00921	0.00294	0.00495	0.01922	0.00647	0.00630
80	0.01646	0.03633	0.62084	0.02068	0.03106	0.01792	0.02586	0.09933	0.01794	0.02625	0.01385	0.01593	0.00978	0.00727	0.00710	0.00234	0.01064	0.00563	0.00364	0.01117
81	0.02344	0.02066	0.01872	0.01615	0.02072	0.16481	0.01266	0.15094	0.36784	0.08745	0.02393	0.02268	0.01771	0.00927	0.00734	0.00232	0.00792	0.00724	0.00688	0.01132
82	0.01942	0.65801	0.03700	0.01350	0.01910	0.02859	0.01312	0.02172	0.01465	0.01751	0.01025	0.01242	0.00955	0.00713	0.00707	0.00178	0.09235	0.00427	0.00318	0.00936
83	0.00982	0.00769	0.00907	0.00971	0.01170	0.00693	0.00767	0.01218	0.01692	0.02118	0.10201	0.15182	0.39012	0.01957	0.00927	0.00281	0.00468	0.19343	0.00696	0.00645
84	0.01696	0.01615	0.02695	0.08595	0.56988	0.01622	0.02062	0.02110	0.01677	0.02341	0.02112	0.02471	0.09139	0.00810	0.00752	0.00226	0.00830	0.00768	0.00403	0.01088
85	0.69947	0.01355	0.01051	0.00950	0.01385	0.01543	0.00776	0.02051	0.01314	0.03175	0.01797	0.01904	0.08823	0.00829	0.00509	0.00232	0.00551	0.00539	0.00486	0.00783

[dist]
# distance from previous block
# <min> <max>
0	5

[block]
# block no. 4 follows, 27 sequences, length 38
# corresponding to MSA columns:
# 318-355
name=unknown_E
#
# <colnr> <probs for GDERKNQSTAVLIFYWHMCP>
#	G	D	E	R	K	N	Q	S	T	A	V	L	I	F	Y	W	H	M	C	P
0	0.01525	0.02064	0.21777	0.01400	0.02189	0.01207	0.01430	0.02012	0.01548	0.02399	0.01323	0.01548	0.01053	0.00596	0.00596	0.00147	0.00711	0.00472	0.00403	0.55604
1	0.02328	0.02492	0.22127	0.01773	0.02474	0.04514	0.01751	0.32437	0.07056	0.09404	0.01912	0.02145	0.01416	0.00896	0.00743	0.00233	0.00881	0.03636	0.00616	0.01165
2	0.24021	0.00882	0.00927	0.01008	0.01172	0.00921	0.00714	0.01375	0.01361	0.02302	0.03121	0.49454	0.03612	0.04602	0.00912	0.00296	0.00484	0.01566	0.00612	0.00656
3	0.01881	0.23203	0.03272	0.03586	0.49382	0.02110	0.01981	0.02262	0.01637	0.02225	0.01289	0.01646	0.01110	0.00654	0.00659	0.00202	0.00856	0.00583	0.00353	0.01110
4	0.00959	0.00712	0.00946	0.01074	0.01139	0.00687	0.00735	0.01097	0.01414	0.01911	0.03856	0.67682	0.04600	0.02215	0.00994	0.00295	0.03412	0.01986	0.00664	0.03622
5	0.01878	0.52877	0.03413	0.01471	0.01918	0.02741	0.01375	0.02094	0.01399	0.01758	0.01015	0.01319	0.00959	0.00831	0.01055	0.00208	0.21986	0.00472	0.00320	0.00911
6	0.02366	0.02921	0.02742	0.02238	0.02709	0.45556	0.20656	0.02685	0.01947	0.01987	0.01440	0.01724	0.03085	0.00780	0.00810	0.00216	0.04223	0.00636	0.00387	0.00893
7	0.01819	0.01715	0.02477	0.01989	0.02506	0.01856	0.20492	0.03482	0.48391	0.02891	0.02573	0.02543	0.01930	0.00895	0.00791	0.00251	0.00784	0.00850	0.00643	0.01124
8	0.79154	0.01436	0.01091	0.00976	0.01436	0.01665	0.00804	0.02182	0.01263	0.03331	0.01034	0.01206	0.00804	0.00689	0.00459	0.00230	0.00574	0.00402	0.00459	0.00804
9	0.01531	0.01402	0.02322	0.08328	0.44567	0.01413	0.01794	0.01884	0.01596	0.02231	0.02187	0.22990	0.02265	0.01159	0.00798	0.00246	0.00756	0.01089	0.00460	0.00982
10	0.02606	0.01112	0.01436	0.01153	0.01632	0.00954	0.00935	0.02864	0.01997	0.49774	0.04285	0.03891	0.21666	0.01203	0.00785	0.00236	0.00556	0.00989	0.00851	0.01075
11	0.01048	0.00922	0.01211	0.21867	0.02243	0.00939	0.01039	0.01332	0.01625	0.01980	0.05435	0.07393	0.44269	0.01563	0.00846	0.00255	0.00573	0.04192	0.00583	0.00687
12	0.01471	0.01069	0.01265	0.01233	0.01439	0.01105	0.00902	0.20458	0.02032	0.02717	0.03410	0.52267	0.03833	0.01902	0.00887	0.00278	0.00545	0.01685	0.00705	0.00798
13	0.01846	0.01595	0.01679	0.01511	0.01930	0.01846	0.01175	0.03945	0.67938	0.03105	0.03022	0.02770	0.02266	0.01007	0.00755	0.00252	0.00588	0.00839	0.00755	0.01175
14	0.01188	0.00919	0.01148	0.00988	0.01300	0.00781	0.00753	0.01521	0.01903	0.02760	0.45802	0.07642	0.05159	0.01271	0.00783	0.00200	0.00413	0.01113	0.00700	0.23657
15	0.01183	0.00926	0.01103	0.01175	0.01329	0.00970	0.00833	0.01893	0.21066	0.02253	0.03776	0.52559	0.04129	0.01936	0.00891	0.00287	0.00477	0.01735	0.00709	0.00772
16	0.01468	0.01409	0.02241	0.51401	0.04179	0.01834	0.01932	0.01864	0.01382	0.01864	0.01218	0.01874	0.00985	0.00907	0.01243	0.00270	0.22124	0.00657	0.00328	0.00821
17	0.24521	0.01568	0.01925	0.01662	0.01797	0.02094	0.01382	0.01903	0.01174	0.02243	0.00992	0.01501	0.00924	0.01119	0.01852	0.00297	0.51294	0.00577	0.00365	0.00810
18	0.00904	0.00646	0.00861	0.01034	0.01077	0.00603	0.00689	0.01034	0.01421	0.01895	0.04092	0.73426	0.04910	0.02326	0.00948	0.00301	0.00431	0.02110	0.00689	0.00603
19	0.56611	0.01626	0.01427	0.01192	0.01692	0.01853	0.00983	0.21267	0.01921	0.03729	0.01255	0.01376	0.00939	0.00749	0.00543	0.00228	0.00646	0.00481	0.00543	0.00939
20	0.01307	0.01142	0.01808	0.51064	0.03842	0.01375	0.01586	0.01655	0.01365	0.01762	0.01621	0.02829	0.01494	0.22351	0.01639	0.00387	0.00910	0.00784	0.00365	0.00714
21	0.24017	0.00953	0.00875	0.00836	0.01132	0.00943	0.00642	0.01424	0.01576	0.02456	0.10552	0.05167	0.41060	0.04306	0.00867	0.00261	0.00446	0.01185	0.00623	0.00678
22	0.02427	0.02049	0.02210	0.01789	0.02183	0.08057	0.01467	0.39802	0.05163	0.03523	0.01538	0.01736	0.01190	0.01006	0.01237	0.00251	0.22038	0.00653	0.00589	0.01092
23	0.01489	0.03840	0.70064	0.02116	0.03213	0.01724	0.02743	0.02351	0.01567	0.02351	0.01332	0.01567	0.00940	0.00705	0.00705	0.00235	0.01097	0.00549	0.00313	0.01097
24	0.01886	0.01590	0.01675	0.01481	0.01908	0.01813	0.01159	0.10543	0.56492	0.03201	0.03192	0.02959	0.06671	0.01054	0.00762	0.00249	0.00598	0.00870	0.00750	0.01147
25	0.01247	0.01152	0.01791	0.51047	0.03899	0.01347	0.01619	0.01651	0.01546	0.01929	0.03151	0.03505	0.21069	0.01078	0.00782	0.00248	0.00808	0.00928	0.00436	0.00766
26	0.01032	0.00796	0.00854	0.00834	0.01016	0.00729	0.00588	0.03587	0.01612	0.02022	0.10615	0.06167	0.40362	0.23091	0.01732	0.00389	0.00499	0.02838	0.00631	0.00606
