[name]
unknown

[dist]
# distance from previous block
# <min> <max>
0	16

[block]
# block no. 0 follows, 25 sequences, length 44
# corresponding to MSA columns:
# 43-86
name=unknown_A
#
# <colnr> <probs for GDERKNQSTAVLIFYWHMCP>
#	G	D	E	R	K	N	Q	S	T	A	V	L	I	F	Y	W	H	M	C	P
0	0.03747	0.07073	0.01548	0.01382	0.01659	0.01161	0.01204	0.04148	0.01886	0.07505	0.08441	0.06959	0.03976	0.01800	0.00961	0.00315	0.00695	0.44021	0.00707	0.00811
1	0.06167	0.15749	0.09846	0.01506	0.02154	0.01842	0.01400	0.12400	0.06251	0.29275	0.04353	0.02195	0.01701	0.00888	0.00711	0.00227	0.00761	0.00683	0.00702	0.01189
2	0.02551	0.01903	0.01984	0.01588	0.02135	0.06154	0.01272	0.30930	0.16031	0.11395	0.02196	0.02252	0.01633	0.04160	0.00893	0.00247	0.00777	0.00723	0.00724	0.10451
3	0.01106	0.00824	0.01022	0.01033	0.01204	0.00783	0.00754	0.04507	0.01888	0.02545	0.27491	0.28188	0.17240	0.02175	0.05268	0.00334	0.00532	0.01645	0.00752	0.00710
4	0.01169	0.00815	0.00966	0.00921	0.01145	0.00723	0.00684	0.01430	0.01927	0.06670	0.32557	0.09320	0.30936	0.05966	0.01090	0.00284	0.00422	0.01479	0.00777	0.00717
5	0.02359	0.17063	0.02385	0.05656	0.02260	0.07558	0.01332	0.13371	0.21487	0.12208	0.05001	0.02292	0.01864	0.00922	0.00721	0.00228	0.00783	0.00716	0.00658	0.01136
6	0.02900	0.02148	0.02300	0.01774	0.02386	0.02382	0.01462	0.62455	0.06597	0.04809	0.01922	0.01910	0.01368	0.00936	0.00776	0.00234	0.00842	0.00706	0.00776	0.01314
7	0.00943	0.00682	0.00893	0.01061	0.01120	0.00631	0.00712	0.01082	0.01502	0.01987	0.04497	0.68193	0.09035	0.02400	0.00985	0.00312	0.00446	0.02169	0.00720	0.00631
8	0.02247	0.01629	0.01827	0.01528	0.01947	0.01761	0.01220	0.41118	0.02873	0.03857	0.07405	0.15002	0.02646	0.01431	0.00983	0.05085	0.00725	0.04923	0.00740	0.01053
9	0.02166	0.02172	0.06221	0.06311	0.12833	0.13450	0.04573	0.19340	0.08005	0.02996	0.02088	0.12388	0.01867	0.01071	0.00798	0.00245	0.00925	0.00905	0.00572	0.01072
10	0.02947	0.02172	0.02327	0.01784	0.02404	0.02404	0.01474	0.65329	0.03646	0.04887	0.01862	0.01862	0.01319	0.00931	0.00776	0.00233	0.00853	0.00698	0.00776	0.01319
11	0.01126	0.00753	0.00854	0.00851	0.00859	0.00751	0.00481	0.01142	0.01174	0.01573	0.05251	0.05105	0.03013	0.69679	0.03816	0.00730	0.00735	0.01139	0.00486	0.00481
12	0.06642	0.03940	0.02359	0.38088	0.17318	0.04561	0.01903	0.05050	0.01674	0.02291	0.01458	0.02094	0.01190	0.04093	0.03999	0.00311	0.01017	0.00681	0.00392	0.00939
13	0.01691	0.01805	0.03639	0.22206	0.04187	0.01831	0.41368	0.02353	0.04749	0.02354	0.01713	0.05346	0.01373	0.00788	0.00873	0.00263	0.01158	0.00909	0.00412	0.00983
14	0.01079	0.00792	0.01011	0.00957	0.01147	0.00724	0.00717	0.01428	0.02152	0.03008	0.61570	0.05958	0.13314	0.01623	0.00915	0.00246	0.00368	0.01426	0.00840	0.00724
15	0.01608	0.01378	0.01608	0.01148	0.01837	0.01034	0.00919	0.01952	0.01608	0.02527	0.01378	0.01608	0.01148	0.00574	0.00574	0.00115	0.00574	0.00459	0.00459	0.77491
16	0.01606	0.01387	0.01801	0.01346	0.01960	0.01125	0.06270	0.04841	0.01706	0.02565	0.01776	0.10429	0.01653	0.00828	0.00664	0.00157	0.00633	0.00725	0.00501	0.58028
17	0.03033	0.01459	0.01839	0.01439	0.02019	0.01362	0.01187	0.14107	0.04714	0.45376	0.02770	0.02786	0.01915	0.00994	0.00778	0.00235	0.00687	0.04419	0.00863	0.08017
18	0.06615	0.01327	0.01772	0.01364	0.01959	0.01165	0.01127	0.03716	0.02181	0.65725	0.02976	0.02581	0.01874	0.00950	0.00767	0.00240	0.00657	0.00765	0.00940	0.01299
19	0.00995	0.00789	0.00895	0.00868	0.01096	0.00688	0.00651	0.01266	0.01954	0.02537	0.33881	0.06733	0.41297	0.01799	0.00916	0.00254	0.00381	0.01534	0.00778	0.00688
20	0.01608	0.01378	0.01608	0.01148	0.01837	0.01034	0.00919	0.01952	0.01608	0.02527	0.01378	0.01608	0.01148	0.00574	0.00574	0.00115	0.00574	0.00459	0.00459	0.77491
21	0.03165	0.01329	0.01767	0.01341	0.01956	0.01122	0.01103	0.03473	0.02117	0.57412	0.02777	0.02466	0.01790	0.00895	0.00745	0.00219	0.00645	0.00726	0.00876	0.14075
22	0.01236	0.00902	0.01168	0.01257	0.01431	0.00903	0.01030	0.01647	0.05816	0.02339	0.11719	0.07395	0.08183	0.12525	0.01454	0.00391	0.00652	0.38547	0.00700	0.00709
23	0.00973	0.00692	0.00919	0.01090	0.01141	0.00652	0.00740	0.01115	0.01485	0.01976	0.04170	0.64862	0.04969	0.05983	0.01145	0.00340	0.00482	0.05933	0.00707	0.00627
24	0.02073	0.73217	0.04063	0.01327	0.01990	0.03068	0.01327	0.02322	0.01575	0.01824	0.01078	0.01244	0.00995	0.00663	0.00498	0.00166	0.00829	0.00415	0.00332	0.00995
25	0.01445	0.00723	0.00723	0.00723	0.00903	0.00723	0.00542	0.01807	0.01626	0.02891	0.02529	0.02891	0.01987	0.00903	0.00542	0.00181	0.00361	0.00723	0.77055	0.00723
26	0.00952	0.00780	0.00840	0.00839	0.01073	0.00668	0.00624	0.01177	0.01831	0.02279	0.18908	0.10995	0.52502	0.01920	0.00920	0.00262	0.00391	0.01626	0.00745	0.00668
27	0.00969	0.00689	0.00912	0.01081	0.01130	0.00649	0.00729	0.01106	0.01477	0.01966	0.04157	0.65378	0.04961	0.06594	0.01169	0.00343	0.00480	0.04880	0.00705	0.00624
28	0.02574	0.01413	0.01697	0.01382	0.01860	0.01417	0.01112	0.15036	0.13265	0.29988	0.14714	0.03128	0.02880	0.01082	0.00793	0.00240	0.00619	0.00892	0.04741	0.01165
29	0.02901	0.02007	0.02199	0.01706	0.02295	0.02182	0.01401	0.55633	0.03387	0.11381	0.02109	0.05518	0.01575	0.01010	0.00787	0.00238	0.00813	0.00783	0.00792	0.01284
30	0.01971	0.01687	0.01777	0.01586	0.02032	0.01948	0.01237	0.06654	0.63910	0.03312	0.03102	0.02850	0.02323	0.01047	0.00788	0.00262	0.00624	0.00869	0.00788	0.01231
31	0.44210	0.04207	0.01542	0.01246	0.01756	0.09864	0.01010	0.02677	0.05697	0.12288	0.01531	0.01605	0.01141	0.00769	0.00577	0.00223	0.00711	0.00512	0.00550	0.07884
32	0.01728	0.01227	0.01435	0.01271	0.01577	0.01259	0.00977	0.22186	0.02464	0.05445	0.25195	0.21895	0.06978	0.01588	0.00885	0.00259	0.00557	0.01373	0.00791	0.00912
33	0.02824	0.01984	0.02178	0.01668	0.02279	0.02121	0.01373	0.52340	0.03296	0.10389	0.03922	0.02029	0.01540	0.00922	0.00763	0.00224	0.00797	0.00706	0.00767	0.07877
34	0.01818	0.01453	0.01720	0.04495	0.02064	0.01205	0.01041	0.08219	0.01832	0.05761	0.01503	0.01702	0.01195	0.00636	0.00613	0.00139	0.00627	0.00508	0.00508	0.62963
35	0.02526	0.01888	0.02068	0.01620	0.02191	0.02003	0.01324	0.48321	0.03099	0.04207	0.02057	0.07346	0.01702	0.01036	0.00773	0.00226	0.00775	0.03238	0.00721	0.12881
36	0.02654	0.01941	0.02254	0.01770	0.02338	0.02109	0.05148	0.44687	0.11896	0.08969	0.02260	0.06509	0.01737	0.01027	0.00800	0.00244	0.00808	0.00836	0.00765	0.01247
37	0.00938	0.00701	0.00872	0.01009	0.01106	0.00636	0.00688	0.01088	0.01553	0.02007	0.05137	0.56626	0.20190	0.02317	0.00972	0.00302	0.00436	0.02067	0.00720	0.00636
38	0.01127	0.00755	0.00861	0.00861	0.00867	0.00760	0.00489	0.01138	0.01132	0.01515	0.02429	0.04995	0.02784	0.70133	0.06517	0.00771	0.00804	0.01116	0.00468	0.00479
39	0.06076	0.12577	0.12180	0.01571	0.02206	0.01965	0.01465	0.25024	0.02399	0.16557	0.01938	0.02177	0.01465	0.07807	0.01023	0.00277	0.00832	0.00683	0.00637	0.01141
40	0.02584	0.06409	0.02230	0.01661	0.02207	0.02214	0.01362	0.48717	0.09375	0.04231	0.02191	0.09312	0.01800	0.01083	0.00782	0.00240	0.00786	0.00856	0.00743	0.01217
41	0.00945	0.00675	0.00900	0.01080	0.01125	0.00630	0.00720	0.01080	0.01484	0.01979	0.04274	0.72245	0.05128	0.02429	0.00990	0.00315	0.00450	0.02204	0.00720	0.00630
42	0.01105	0.00734	0.00937	0.01046	0.01157	0.00670	0.00718	0.01255	0.01560	0.06138	0.04669	0.55919	0.14164	0.04687	0.01067	0.00317	0.00465	0.01993	0.00726	0.00671
43	0.02046	0.34749	0.17839	0.01847	0.04755	0.13919	0.01780	0.02428	0.01654	0.02007	0.01174	0.01437	0.01004	0.00789	0.00846	0.00213	0.09659	0.00506	0.00345	0.01003

[dist]
# distance from previous block
# <min> <max>
10	16

[block]
# block no. 1 follows, 25 sequences, length 22
# corresponding to MSA columns:
# 103-124
name=unknown_B
#
# <colnr> <probs for GDERKNQSTAVLIFYWHMCP>
#	G	D	E	R	K	N	Q	S	T	A	V	L	I	F	Y	W	H	M	C	P
0	0.01028	0.00928	0.05597	0.01114	0.01243	0.00738	0.00834	0.01221	0.01518	0.02062	0.10338	0.51030	0.04741	0.12147	0.01382	0.00364	0.00532	0.01857	0.00671	0.00653
1	0.04963	0.63306	0.10621	0.01406	0.02112	0.02886	0.01467	0.02334	0.01572	0.01953	0.01110	0.01285	0.00988	0.00673	0.00521	0.00177	0.00853	0.00431	0.00337	0.01005
2	0.02654	0.04239	0.02081	0.01556	0.02096	0.01973	0.01261	0.43486	0.02945	0.11635	0.02024	0.02348	0.01569	0.10562	0.01181	0.00294	0.00799	0.00741	0.00722	0.05833
3	0.07141	0.36242	0.30032	0.01702	0.02524	0.04321	0.01933	0.02383	0.01590	0.02198	0.01207	0.01421	0.00980	0.00720	0.00655	0.00209	0.02873	0.00489	0.00342	0.01039
4	0.01765	0.11672	0.05366	0.06054	0.09993	0.01966	0.27026	0.02165	0.01589	0.02184	0.01409	0.01942	0.01167	0.00982	0.01256	0.08213	0.10611	0.00736	0.02962	0.00941
5	0.01432	0.01060	0.01566	0.36095	0.03171	0.01243	0.01383	0.01865	0.01562	0.02357	0.01918	0.02487	0.01504	0.01178	0.05440	0.00293	0.00819	0.00713	0.33123	0.00790
6	0.02713	0.07939	0.02211	0.01804	0.02251	0.47633	0.01392	0.06398	0.05202	0.07060	0.01571	0.04065	0.01299	0.00867	0.00704	0.00205	0.01168	0.00601	0.00489	0.04428
7	0.01517	0.01232	0.01527	0.03810	0.01662	0.04566	0.01132	0.04927	0.01499	0.02242	0.01857	0.02518	0.01625	0.02932	0.28194	0.00643	0.17969	0.00742	0.18625	0.00784
8	0.00973	0.00753	0.00887	0.00926	0.01100	0.00667	0.00667	0.01195	0.01794	0.02327	0.22508	0.26844	0.32567	0.02006	0.00938	0.00273	0.00403	0.01748	0.00755	0.00667
9	0.06746	0.01112	0.01388	0.01208	0.01567	0.01059	0.00941	0.05642	0.04967	0.26253	0.23453	0.15516	0.04101	0.01398	0.00840	0.00255	0.00535	0.01200	0.00839	0.00982
10	0.02842	0.02120	0.02268	0.01763	0.02364	0.02355	0.01448	0.59015	0.10130	0.04717	0.01995	0.01968	0.01427	0.00943	0.00777	0.00236	0.00828	0.00716	0.00777	0.01309
11	0.01084	0.00768	0.01022	0.01120	0.01197	0.00780	0.00807	0.01255	0.01403	0.01887	0.03332	0.28808	0.03769	0.21272	0.15367	0.00621	0.00901	0.13398	0.00594	0.00617
12	0.01066	0.00775	0.01004	0.00981	0.01148	0.00713	0.00723	0.01391	0.02072	0.02897	0.55456	0.15375	0.10046	0.01725	0.00925	0.00255	0.00379	0.01529	0.00828	0.00713
13	0.30141	0.01523	0.01614	0.06406	0.02046	0.01643	0.01123	0.16676	0.02106	0.19496	0.01898	0.01946	0.01334	0.00847	0.00647	0.00234	0.00680	0.00619	0.07966	0.01054
14	0.23242	0.01344	0.01589	0.01266	0.01815	0.01281	0.01041	0.03275	0.01979	0.48226	0.05446	0.02415	0.01876	0.00924	0.00706	0.00240	0.00631	0.00712	0.00827	0.01165
15	0.01032	0.00759	0.00946	0.01059	0.01147	0.00731	0.00716	0.01298	0.05587	0.02073	0.07484	0.52627	0.09295	0.09838	0.01286	0.00351	0.00484	0.01923	0.00704	0.00657
16	0.01711	0.00979	0.01007	0.00910	0.01169	0.01020	0.00707	0.13046	0.01983	0.03244	0.02411	0.02709	0.01869	0.00908	0.00583	0.00190	0.00448	0.00718	0.63558	0.00828
17	0.01660	0.01644	0.02306	0.01988	0.01996	0.02289	0.01652	0.01837	0.01191	0.01862	0.01082	0.01779	0.01074	0.01629	0.06633	0.00395	0.67114	0.00688	0.00344	0.00839
18	0.00962	0.00688	0.00889	0.01042	0.01092	0.00643	0.00688	0.01086	0.01460	0.01935	0.04244	0.62430	0.07673	0.09662	0.01291	0.00358	0.00478	0.02068	0.00694	0.00614
19	0.00943	0.00683	0.00891	0.01058	0.01119	0.00632	0.00710	0.01082	0.01505	0.01988	0.04538	0.67464	0.09738	0.02395	0.00984	0.00311	0.00446	0.02162	0.00720	0.00632
20	0.01886	0.01919	0.06324	0.06620	0.56030	0.01844	0.02284	0.02539	0.08058	0.02579	0.01618	0.02005	0.01320	0.00731	0.00768	0.00235	0.00907	0.00703	0.00419	0.01211
21	0.02043	0.02116	0.06060	0.04150	0.53821	0.07677	0.02245	0.05986	0.03688	0.02625	0.01502	0.01885	0.01233	0.00726	0.00761	0.00229	0.00960	0.00674	0.00415	0.01201

[dist]
# distance from previous block
# <min> <max>
4	11

[block]
# block no. 2 follows, 25 sequences, length 29
# corresponding to MSA columns:
# 136-164
name=unknown_C
#
# <colnr> <probs for GDERKNQSTAVLIFYWHMCP>
#	G	D	E	R	K	N	Q	S	T	A	V	L	I	F	Y	W	H	M	C	P
0	0.05298	0.01375	0.04061	0.01396	0.01877	0.01265	0.01175	0.05013	0.03909	0.41548	0.07843	0.02897	0.03970	0.01567	0.08272	0.00356	0.05418	0.00831	0.00796	0.01132
1	0.01063	0.00759	0.00983	0.01080	0.01182	0.00723	0.00785	0.01269	0.01639	0.02195	0.16168	0.32923	0.08135	0.13185	0.01451	0.00376	0.00532	0.14205	0.00705	0.00643
2	0.07781	0.02241	0.14191	0.08812	0.07637	0.01927	0.34711	0.02356	0.01671	0.02460	0.01427	0.01903	0.01095	0.00750	0.00981	0.00262	0.07629	0.00765	0.00379	0.01023
3	0.01996	0.01588	0.01609	0.01438	0.01773	0.07445	0.01100	0.26441	0.06645	0.03254	0.02859	0.28768	0.02862	0.01496	0.00833	0.00259	0.00693	0.01268	0.06707	0.00967
4	0.01102	0.00741	0.00853	0.00878	0.00884	0.00735	0.00505	0.01121	0.01177	0.01569	0.02697	0.14400	0.03139	0.62988	0.03536	0.00691	0.00710	0.01277	0.00505	0.00492
5	0.01069	0.00828	0.00985	0.00987	0.01200	0.00761	0.00757	0.01425	0.04463	0.02559	0.30524	0.11307	0.29477	0.01832	0.00934	0.00270	0.00432	0.08703	0.00775	0.00713
6	0.01369	0.00809	0.01263	0.14420	0.01841	0.00875	0.00957	0.01196	0.01114	0.01469	0.01353	0.02301	0.01287	0.02325	0.02598	0.62629	0.00743	0.00676	0.00338	0.00437
7	0.01728	0.07234	0.02852	0.34070	0.34752	0.01885	0.02196	0.02197	0.01654	0.02231	0.01393	0.01932	0.01123	0.00726	0.00750	0.00238	0.00964	0.00668	0.00362	0.01046
8	0.12833	0.01065	0.01097	0.00991	0.01293	0.01086	0.00772	0.10155	0.02035	0.03126	0.20717	0.04304	0.17805	0.01298	0.00747	0.00231	0.00471	0.01060	0.18105	0.00807
9	0.01110	0.00733	0.00866	0.00897	0.00904	0.00726	0.00526	0.01112	0.01181	0.01575	0.02686	0.16452	0.03120	0.56077	0.03378	0.05687	0.00695	0.01283	0.00504	0.00489
10	0.00959	0.00752	0.00859	0.00904	0.01081	0.00662	0.00646	0.01156	0.01725	0.02192	0.15526	0.26623	0.37653	0.04376	0.01038	0.00291	0.00418	0.01755	0.00732	0.00653
11	0.01635	0.01402	0.01620	0.01185	0.01853	0.01109	0.00945	0.02136	0.07098	0.02587	0.01528	0.01716	0.01251	0.00615	0.00592	0.00127	0.00578	0.00495	0.00487	0.71040
12	0.00945	0.00675	0.00900	0.01080	0.01125	0.00630	0.00720	0.01080	0.01484	0.01979	0.04274	0.72245	0.05128	0.02429	0.00990	0.00315	0.00450	0.02204	0.00720	0.00630
13	0.01484	0.00923	0.01253	0.01338	0.01570	0.00884	0.01138	0.01804	0.01819	0.10768	0.04339	0.11988	0.10199	0.01992	0.01014	0.00330	0.00659	0.44972	0.00746	0.00781
14	0.01940	0.01917	0.03016	0.10370	0.58367	0.06049	0.02305	0.02389	0.01774	0.02445	0.01435	0.01900	0.01197	0.00705	0.00764	0.00231	0.00961	0.00679	0.00381	0.01176
15	0.01133	0.00849	0.01175	0.01399	0.05451	0.00815	0.01006	0.01402	0.01722	0.02290	0.12417	0.31737	0.09466	0.02075	0.00990	0.00312	0.00559	0.23775	0.00714	0.00712
16	0.07139	0.01106	0.01365	0.03889	0.01669	0.01110	0.00981	0.02417	0.11864	0.16920	0.28598	0.09610	0.04399	0.01373	0.00844	0.00257	0.00532	0.04185	0.00803	0.00936
17	0.01757	0.01653	0.02801	0.12661	0.02994	0.01974	0.17934	0.02120	0.01476	0.06178	0.01430	0.02027	0.01195	0.01441	0.07427	0.00378	0.32479	0.00760	0.00399	0.00917
18	0.02232	0.04073	0.04077	0.01426	0.01927	0.01497	0.01181	0.16817	0.10470	0.17403	0.02849	0.13991	0.04475	0.01209	0.00791	0.00240	0.00668	0.03025	0.00733	0.10916
19	0.01464	0.01306	0.01270	0.01237	0.01409	0.11816	0.00901	0.04720	0.01574	0.01995	0.02703	0.13185	0.06637	0.17374	0.25188	0.00693	0.01235	0.01073	0.03516	0.00701
20	0.02174	0.35458	0.12848	0.04662	0.02614	0.18304	0.07187	0.04611	0.01820	0.02098	0.01232	0.01465	0.01022	0.00718	0.00636	0.00200	0.01059	0.00522	0.00367	0.01004
21	0.01466	0.01365	0.02216	0.39288	0.08907	0.01624	0.04060	0.01873	0.01505	0.02036	0.01719	0.10021	0.01580	0.01348	0.05525	0.00332	0.10045	0.00868	0.00400	0.03818
22	0.05682	0.24625	0.37685	0.01895	0.04882	0.02127	0.02130	0.02519	0.01658	0.08088	0.01429	0.01596	0.01069	0.00731	0.00656	0.00220	0.00973	0.00539	0.00393	0.01103
23	0.01276	0.00825	0.01101	0.01198	0.01366	0.00776	0.00936	0.01526	0.01726	0.07807	0.08492	0.33488	0.10220	0.02106	0.00990	0.00315	0.00553	0.23824	0.00747	0.00727
24	0.00993	0.00710	0.00891	0.00998	0.01064	0.00666	0.00659	0.01126	0.01498	0.01991	0.09732	0.47240	0.10132	0.16673	0.01581	0.00393	0.00499	0.01866	0.00680	0.00608
25	0.02602	0.09379	0.02248	0.01844	0.02250	0.52702	0.01419	0.02981	0.07508	0.01997	0.01422	0.01640	0.01188	0.01202	0.06101	0.00284	0.01335	0.00550	0.00428	0.00919
26	0.01926	0.02253	0.08054	0.03513	0.23648	0.07222	0.34697	0.02545	0.03720	0.02473	0.01540	0.01977	0.01201	0.00694	0.00837	0.00246	0.01164	0.00789	0.00398	0.01103
27	0.01269	0.00876	0.01043	0.00991	0.01251	0.00794	0.00768	0.01631	0.04517	0.08163	0.30065	0.06329	0.31187	0.01710	0.00911	0.00261	0.00439	0.06234	0.00794	0.00768
28	0.02040	0.01333	0.01605	0.01484	0.03865	0.01381	0.01131	0.09171	0.21491	0.16437	0.13949	0.09683	0.05051	0.01333	0.00851	0.00264	0.00605	0.06458	0.00806	0.01063

[dist]
# distance from previous block
# <min> <max>
0	9

[block]
# block no. 3 follows, 25 sequences, length 12
# corresponding to MSA columns:
# 174-185
name=unknown_D
#
# <colnr> <probs for GDERKNQSTAVLIFYWHMCP>
#	G	D	E	R	K	N	Q	S	T	A	V	L	I	F	Y	W	H	M	C	P
0	0.21582	0.12599	0.26292	0.01813	0.02607	0.02069	0.07651	0.11949	0.01870	0.03002	0.01355	0.01561	0.01016	0.00744	0.00659	0.00232	0.00931	0.00562	0.00441	0.01063
1	0.02254	0.01622	0.01810	0.01539	0.01968	0.01757	0.01260	0.39886	0.02856	0.03877	0.02632	0.11206	0.02422	0.01333	0.00836	0.00261	0.00736	0.12982	0.07694	0.01069
2	0.01254	0.00917	0.01032	0.01028	0.01121	0.00961	0.00660	0.01704	0.13962	0.01923	0.02888	0.15864	0.03116	0.47001	0.02836	0.00583	0.00674	0.01258	0.00574	0.00645
3	0.01057	0.00748	0.00873	0.00919	0.00986	0.00715	0.00589	0.01148	0.01377	0.01797	0.06021	0.20579	0.13997	0.40042	0.02565	0.00540	0.00612	0.04290	0.00590	0.00555
4	0.10388	0.44928	0.06704	0.01443	0.02034	0.05409	0.01379	0.08089	0.01739	0.02357	0.01211	0.01413	0.01039	0.00762	0.00694	0.00199	0.06020	0.00482	0.02715	0.00993
5	0.01405	0.00857	0.01131	0.01033	0.01265	0.00781	0.00785	0.01752	0.02166	0.11686	0.56186	0.08329	0.06506	0.01540	0.00900	0.00247	0.00408	0.01356	0.00862	0.00805
6	0.01070	0.00791	0.00998	0.00947	0.01141	0.00720	0.00710	0.01410	0.02130	0.02955	0.58439	0.06046	0.16478	0.01643	0.00915	0.00247	0.00370	0.01438	0.00833	0.00720
7	0.01834	0.01630	0.01845	0.01742	0.07860	0.10968	0.07322	0.07470	0.05046	0.08441	0.06465	0.04398	0.29137	0.01322	0.00842	0.00245	0.00745	0.01119	0.00646	0.00925
8	0.07969	0.18612	0.32430	0.02053	0.08382	0.02113	0.02077	0.09473	0.01864	0.06164	0.01444	0.01623	0.01082	0.00748	0.00673	0.00224	0.00955	0.00561	0.00429	0.01124
9	0.01817	0.01579	0.01739	0.07826	0.02252	0.01822	0.01268	0.03719	0.56160	0.03050	0.03317	0.03131	0.06725	0.01089	0.00796	0.00262	0.00637	0.00912	0.00744	0.01155
10	0.05241	0.08321	0.02293	0.01982	0.07013	0.36411	0.01461	0.12556	0.02199	0.02541	0.01401	0.01630	0.01139	0.00845	0.00807	0.00214	0.05925	0.00565	0.06480	0.00977
11	0.02706	0.01713	0.01936	0.01545	0.02078	0.01817	0.01255	0.32385	0.13729	0.20062	0.07249	0.02562	0.02115	0.01006	0.00779	0.00238	0.00708	0.00801	0.04081	0.01235

[dist]
# distance from previous block
# <min> <max>
2	5

[block]
# block no. 4 follows, 25 sequences, length 26
# corresponding to MSA columns:
# 191-216
name=unknown_E
#
# <colnr> <probs for GDERKNQSTAVLIFYWHMCP>
#	G	D	E	R	K	N	Q	S	T	A	V	L	I	F	Y	W	H	M	C	P
0	0.02155	0.02172	0.25154	0.01783	0.06301	0.01319	0.01725	0.02691	0.01982	0.26090	0.17379	0.02978	0.02805	0.01011	0.00795	0.00242	0.00778	0.00847	0.00678	0.01116
1	0.02175	0.01994	0.01878	0.01657	0.02112	0.10991	0.01292	0.11042	0.50708	0.03254	0.02746	0.02575	0.02064	0.01004	0.00775	0.00251	0.00746	0.00806	0.00736	0.01194
2	0.00972	0.00721	0.00912	0.01042	0.01149	0.00661	0.00736	0.01150	0.01607	0.02096	0.08704	0.50361	0.17723	0.02264	0.00977	0.00303	0.00454	0.06793	0.00727	0.00647
3	0.01059	0.00791	0.00984	0.00936	0.01135	0.00715	0.00702	0.01390	0.02105	0.02896	0.54975	0.06143	0.19979	0.01665	0.00915	0.00248	0.00371	0.01451	0.00825	0.00715
4	0.01616	0.01396	0.01673	0.06651	0.02123	0.01142	0.01035	0.02087	0.05575	0.02528	0.01487	0.01723	0.01214	0.00619	0.00603	0.00135	0.00613	0.00503	0.00471	0.66806
5	0.01106	0.00768	0.00926	0.00931	0.01018	0.00769	0.00619	0.01245	0.01382	0.01900	0.09716	0.08876	0.10570	0.36822	0.14805	0.00673	0.00870	0.01198	0.05224	0.00583
6	0.01185	0.00824	0.00988	0.01046	0.01151	0.00810	0.00719	0.05717	0.01589	0.02153	0.03713	0.37206	0.07816	0.20437	0.01711	0.00412	0.00563	0.05243	0.06069	0.00650
7	0.00960	0.00704	0.00887	0.01025	0.01108	0.00649	0.00697	0.01103	0.01519	0.01979	0.04765	0.55336	0.15581	0.06641	0.01160	0.00334	0.00466	0.03753	0.00704	0.00627
8	0.05344	0.01554	0.02386	0.49153	0.13588	0.01830	0.02034	0.10413	0.01846	0.02513	0.01439	0.01981	0.01089	0.00781	0.00760	0.00250	0.00973	0.00678	0.00413	0.00972
9	0.02377	0.01669	0.01868	0.01528	0.01985	0.01789	0.01221	0.41672	0.02973	0.08010	0.10255	0.15792	0.02799	0.01296	0.00833	0.00250	0.00706	0.01074	0.00786	0.01117
10	0.01275	0.00839	0.01029	0.00960	0.01205	0.00745	0.00727	0.01572	0.02035	0.09358	0.39715	0.08504	0.25775	0.01673	0.00904	0.00252	0.00407	0.01444	0.00817	0.00763
11	0.57278	0.01373	0.01233	0.04349	0.01677	0.01540	0.00914	0.02267	0.01481	0.09294	0.05751	0.06746	0.01667	0.00921	0.00585	0.00246	0.00600	0.00655	0.00559	0.00863
12	0.01273	0.00942	0.01267	0.01203	0.01377	0.00936	0.04546	0.07235	0.01738	0.02391	0.11528	0.30974	0.05921	0.13731	0.06279	0.00423	0.00685	0.01505	0.05332	0.00716
13	0.02985	0.02112	0.02290	0.01755	0.02374	0.02315	0.01450	0.60979	0.03545	0.09378	0.01946	0.01916	0.01361	0.00933	0.00776	0.00233	0.00840	0.00704	0.00789	0.01319
14	0.01501	0.00974	0.01299	0.01379	0.01617	0.00964	0.01170	0.01960	0.06400	0.09461	0.04128	0.11491	0.07324	0.01946	0.01007	0.00330	0.00668	0.44825	0.00746	0.00807
15	0.61653	0.06166	0.01483	0.01148	0.01653	0.01905	0.00957	0.09158	0.04661	0.03513	0.01262	0.01400	0.00973	0.00755	0.00527	0.00235	0.00642	0.00471	0.00517	0.00919
16	0.01227	0.01296	0.10552	0.01381	0.01704	0.00963	0.01304	0.01644	0.01841	0.02466	0.16235	0.07055	0.11309	0.01821	0.00978	0.00310	0.00673	0.35783	0.00687	0.00771
17	0.01171	0.05525	0.01305	0.02776	0.01399	0.01011	0.00846	0.01363	0.01553	0.02057	0.06111	0.30565	0.19334	0.05986	0.01182	0.00294	0.06069	0.01509	0.00616	0.09327
18	0.01789	0.02277	0.12552	0.03150	0.09874	0.01970	0.44668	0.02408	0.01735	0.02423	0.01480	0.01976	0.01140	0.00738	0.01041	0.00264	0.08254	0.00825	0.00378	0.01056
19	0.02555	0.02763	0.02249	0.02042	0.05668	0.36517	0.02994	0.17216	0.02337	0.02634	0.01595	0.01846	0.02960	0.01224	0.05312	0.00292	0.07679	0.00634	0.00490	0.00992
20	0.07204	0.07598	0.47085	0.01884	0.02818	0.01720	0.02267	0.02523	0.01720	0.10462	0.06236	0.02001	0.01534	0.00818	0.00721	0.00239	0.00974	0.00636	0.00452	0.01106
21	0.01666	0.24187	0.43334	0.01834	0.02748	0.02077	0.02212	0.02324	0.01670	0.02329	0.07420	0.01905	0.01572	0.00794	0.00682	0.00222	0.00980	0.00603	0.00377	0.01063
22	0.01605	0.01208	0.01497	0.01527	0.05802	0.01245	0.01064	0.19124	0.02091	0.02833	0.03130	0.39793	0.03403	0.02090	0.06293	0.00351	0.00725	0.01508	0.00679	0.04033
23	0.02238	0.45168	0.03408	0.06940	0.02383	0.02482	0.05852	0.06521	0.01816	0.11487	0.01519	0.01666	0.01199	0.00739	0.00608	0.00195	0.00839	0.00553	0.03343	0.01044
24	0.09922	0.01061	0.01183	0.01075	0.01371	0.01048	0.00798	0.02163	0.09591	0.15605	0.07959	0.09737	0.16583	0.16773	0.01485	0.00364	0.00576	0.01161	0.00705	0.00841
25	0.01244	0.00952	0.01121	0.01089	0.01282	0.01017	0.00800	0.01804	0.13497	0.02135	0.03638	0.04406	0.16451	0.18340	0.23438	0.00677	0.01047	0.01072	0.05253	0.00737

[dist]
# distance from previous block
# <min> <max>
10	43

[block]
# block no. 5 follows, 25 sequences, length 26
# corresponding to MSA columns:
# 260-285
name=unknown_F
#
# <colnr> <probs for GDERKNQSTAVLIFYWHMCP>
#	G	D	E	R	K	N	Q	S	T	A	V	L	I	F	Y	W	H	M	C	P
0	0.01965	0.05305	0.01753	0.01376	0.01755	0.01569	0.01096	0.25505	0.02253	0.05285	0.02193	0.09079	0.01976	0.07632	0.18314	0.00521	0.01063	0.00880	0.04915	0.05566
1	0.01087	0.00760	0.00889	0.00916	0.00974	0.00726	0.00562	0.01149	0.01283	0.01710	0.03223	0.22727	0.07478	0.46689	0.02833	0.00579	0.00642	0.01414	0.00551	0.03810
2	0.01812	0.01779	0.07411	0.01696	0.05923	0.01425	0.06038	0.09470	0.06001	0.02835	0.01567	0.01775	0.01239	0.00671	0.00660	0.00166	0.00729	0.00570	0.00497	0.47738
3	0.00941	0.00690	0.00884	0.01039	0.01114	0.00633	0.00702	0.01084	0.01524	0.01995	0.04773	0.63211	0.13840	0.02364	0.00979	0.00307	0.00442	0.02125	0.00720	0.00633
4	0.01992	0.01453	0.01790	0.01356	0.01958	0.01263	0.03539	0.12398	0.02009	0.10874	0.01976	0.09281	0.01693	0.00879	0.00689	0.00176	0.00646	0.00740	0.00597	0.44692
5	0.01309	0.01047	0.01210	0.01216	0.01445	0.01095	0.00905	0.02183	0.23347	0.02597	0.13496	0.28529	0.11660	0.01778	0.00908	0.00283	0.00500	0.04879	0.00762	0.00851
6	0.03043	0.02018	0.02232	0.01711	0.02328	0.02176	0.01413	0.54204	0.03388	0.16376	0.02078	0.02002	0.01427	0.00936	0.00776	0.00234	0.00818	0.00713	0.00809	0.01319
7	0.01445	0.00723	0.00723	0.00723	0.00903	0.00723	0.00542	0.01807	0.01626	0.02891	0.02529	0.02891	0.01987	0.00903	0.00542	0.00181	0.00361	0.00723	0.77055	0.00723
8	0.01852	0.01952	0.02342	0.02011	0.02132	0.12238	0.04292	0.02140	0.04165	0.01952	0.01229	0.01808	0.01140	0.01523	0.06516	0.00371	0.50414	0.00680	0.00375	0.00870
9	0.01067	0.00820	0.00989	0.01025	0.01211	0.00766	0.00768	0.01423	0.05356	0.02449	0.23717	0.22883	0.24313	0.01938	0.00943	0.00280	0.00445	0.08139	0.00762	0.00708
10	0.00945	0.00675	0.00900	0.01080	0.01125	0.00630	0.00720	0.01080	0.01484	0.01979	0.04274	0.72245	0.05128	0.02429	0.00990	0.00315	0.00450	0.02204	0.00720	0.00630
11	0.02603	0.02015	0.01970	0.01653	0.02162	0.11349	0.01312	0.19521	0.29895	0.15261	0.02535	0.02376	0.01828	0.00969	0.00771	0.00242	0.00792	0.00761	0.00762	0.01221
12	0.01358	0.00977	0.01154	0.01139	0.01339	0.00974	0.00833	0.12828	0.02012	0.02732	0.12746	0.39117	0.11035	0.01894	0.00904	0.00276	0.00500	0.01666	0.05740	0.00777
13	0.01155	0.00953	0.01041	0.01038	0.01303	0.00920	0.00802	0.01744	0.13688	0.02389	0.10113	0.10902	0.40264	0.01823	0.00916	0.00276	0.00473	0.08688	0.00740	0.00770
14	0.00964	0.00689	0.00922	0.01102	0.01155	0.00646	0.00753	0.01113	0.01504	0.02001	0.04263	0.68203	0.05086	0.02411	0.00995	0.00318	0.00467	0.06055	0.00719	0.00635
15	0.10189	0.46452	0.12340	0.01509	0.02182	0.12037	0.01509	0.02444	0.01643	0.02096	0.01138	0.01321	0.00977	0.00698	0.00556	0.00189	0.00928	0.00449	0.00356	0.00986
16	0.03148	0.01389	0.01796	0.01396	0.01955	0.01283	0.01146	0.12604	0.02427	0.52158	0.09714	0.02859	0.02403	0.01022	0.00793	0.00239	0.00657	0.00834	0.00921	0.01257
17	0.02951	0.01446	0.01935	0.01754	0.08938	0.01364	0.01275	0.12978	0.02391	0.43857	0.10269	0.02811	0.02386	0.01000	0.00794	0.00238	0.00683	0.00831	0.00857	0.01241
18	0.09269	0.00927	0.01304	0.01280	0.01447	0.00913	0.07104	0.01387	0.01471	0.02144	0.03401	0.44258	0.03917	0.11860	0.01346	0.00365	0.00610	0.05693	0.00627	0.00676
19	0.01680	0.01872	0.07633	0.18294	0.10668	0.01770	0.31044	0.02243	0.01697	0.02366	0.01630	0.04079	0.01304	0.00787	0.00895	0.00255	0.03854	0.00831	0.06114	0.00986
20	0.02588	0.02372	0.02032	0.01702	0.02157	0.22600	0.01337	0.33106	0.04629	0.03404	0.01776	0.02071	0.01415	0.05331	0.06468	0.00332	0.01084	0.00679	0.03854	0.01064
21	0.01319	0.01118	0.01720	0.10622	0.11221	0.01208	0.03430	0.01618	0.01585	0.02175	0.09532	0.20494	0.03334	0.07559	0.05794	0.00390	0.06926	0.08613	0.00555	0.00788
22	0.01850	0.06493	0.03302	0.02581	0.08231	0.01983	0.28426	0.08853	0.01832	0.02529	0.01682	0.07581	0.01492	0.01091	0.02955	0.00289	0.13984	0.00884	0.00448	0.03514
23	0.02349	0.01991	0.16474	0.01600	0.02234	0.01524	0.01519	0.03430	0.24000	0.26804	0.07542	0.02740	0.02269	0.00989	0.00783	0.00249	0.00729	0.00814	0.00754	0.01206
24	0.06731	0.09733	0.05857	0.01457	0.02054	0.01540	0.03927	0.09507	0.02150	0.31165	0.10177	0.02550	0.02208	0.00932	0.00735	0.00223	0.00709	0.00756	0.00732	0.06857
25	0.01800	0.01512	0.02240	0.17726	0.09990	0.01509	0.08068	0.02520	0.12352	0.07899	0.02190	0.02411	0.05022	0.00827	0.00747	0.00218	0.00796	0.00743	0.00527	0.20903

[dist]
# distance from previous block
# <min> <max>
0	11

[block]
# block no. 6 follows, 25 sequences, length 44
# corresponding to MSA columns:
# 297-340
name=unknown_G
#
# <colnr> <probs for GDERKNQSTAVLIFYWHMCP>
#	G	D	E	R	K	N	Q	S	T	A	V	L	I	F	Y	W	H	M	C	P
0	0.01591	0.08091	0.08475	0.01802	0.09387	0.05694	0.06489	0.04587	0.01755	0.02384	0.03022	0.06535	0.14175	0.01631	0.08333	0.00340	0.00906	0.00934	0.12979	0.00888
1	0.02576	0.05031	0.04748	0.01392	0.01905	0.01324	0.01189	0.03230	0.12898	0.37556	0.12296	0.03410	0.02848	0.01116	0.00803	0.00248	0.00643	0.04790	0.00840	0.01156
2	0.01766	0.24491	0.34562	0.01918	0.02794	0.04905	0.07767	0.02361	0.01663	0.02231	0.01591	0.01806	0.03964	0.00756	0.00679	0.00216	0.01015	0.00595	0.00361	0.04557
3	0.02028	0.04271	0.06078	0.02477	0.20679	0.15306	0.01615	0.10844	0.07407	0.02652	0.02633	0.08562	0.09975	0.01086	0.00785	0.00237	0.00886	0.00902	0.00539	0.01039
4	0.01099	0.00742	0.00861	0.00886	0.00900	0.00733	0.00517	0.01134	0.01223	0.01638	0.05293	0.15088	0.03340	0.59477	0.03387	0.00667	0.00692	0.01298	0.00522	0.00504
5	0.02381	0.01324	0.01580	0.01306	0.01731	0.01320	0.01028	0.13050	0.11478	0.26665	0.12281	0.03495	0.05770	0.08832	0.01138	0.00296	0.00629	0.00944	0.03673	0.01077
6	0.21356	0.01360	0.01723	0.01619	0.07947	0.01340	0.03956	0.02773	0.04510	0.28684	0.06470	0.06723	0.06211	0.01050	0.00739	0.00247	0.00650	0.00864	0.00719	0.01060
7	0.13733	0.02099	0.02255	0.02776	0.27378	0.18706	0.01646	0.02381	0.01823	0.02550	0.10410	0.02205	0.01935	0.00893	0.00854	0.00234	0.05967	0.00699	0.00464	0.00990
8	0.00985	0.00708	0.00944	0.01118	0.01188	0.00666	0.00788	0.01152	0.01534	0.02029	0.04363	0.61555	0.07002	0.02375	0.00998	0.00319	0.00484	0.10429	0.00719	0.00642
9	0.01039	0.00795	0.00965	0.01059	0.01192	0.00759	0.00741	0.01389	0.07459	0.02201	0.09626	0.48301	0.17285	0.02150	0.00952	0.00294	0.00447	0.01913	0.00736	0.00696
10	0.01329	0.00673	0.01005	0.01013	0.01015	0.00671	0.00675	0.01013	0.01031	0.01375	0.01479	0.05505	0.01517	0.02682	0.02938	0.73966	0.00663	0.00742	0.00354	0.00350
11	0.08914	0.48923	0.12467	0.01477	0.02152	0.08571	0.01499	0.02376	0.01606	0.02066	0.01162	0.01367	0.01008	0.00844	0.02614	0.00219	0.00940	0.00457	0.00353	0.00984
12	0.00940	0.00691	0.00883	0.01036	0.01113	0.00633	0.00700	0.01085	0.01527	0.01996	0.04807	0.62597	0.14431	0.02360	0.00979	0.00307	0.00441	0.02120	0.00720	0.00633
13	0.01602	0.00874	0.00890	0.00833	0.01060	0.00898	0.00639	0.08427	0.01836	0.03099	0.02460	0.02783	0.01918	0.00906	0.00566	0.00186	0.00413	0.00720	0.69105	0.00785
14	0.02715	0.03272	0.02154	0.05417	0.02483	0.56342	0.01496	0.08051	0.02224	0.02142	0.01318	0.01574	0.01086	0.01125	0.05058	0.00271	0.01378	0.00546	0.00429	0.00918
15	0.01216	0.00871	0.01083	0.01159	0.01345	0.00842	0.00887	0.01619	0.07517	0.05057	0.07685	0.31742	0.17015	0.02043	0.00965	0.00304	0.00523	0.16644	0.00741	0.00743
16	0.02006	0.01669	0.01760	0.01539	0.01992	0.01890	0.01209	0.14135	0.49930	0.03413	0.03374	0.03144	0.08246	0.01116	0.00799	0.00258	0.00633	0.00917	0.00780	0.01189
17	0.06166	0.02619	0.38714	0.01637	0.02379	0.01367	0.01898	0.01964	0.01681	0.02466	0.09008	0.09304	0.15273	0.01207	0.00795	0.00254	0.00828	0.00995	0.00498	0.00945
18	0.01657	0.01678	0.03124	0.37919	0.10734	0.01826	0.23164	0.02311	0.05418	0.02275	0.01552	0.02109	0.01177	0.00742	0.00822	0.00257	0.01090	0.00776	0.00390	0.00979
19	0.01129	0.00806	0.01111	0.01290	0.01416	0.00788	0.01040	0.01398	0.01666	0.02185	0.04172	0.33877	0.04726	0.02256	0.01039	0.00340	0.00609	0.38755	0.00716	0.00681
20	0.00965	0.00686	0.00904	0.01059	0.01109	0.00643	0.00705	0.01105	0.01503	0.02015	0.07811	0.64170	0.05109	0.06814	0.01172	0.00338	0.00464	0.02090	0.00712	0.00626
21	0.01894	0.01404	0.01599	0.01398	0.01759	0.01453	0.01072	0.29561	0.02452	0.03317	0.02929	0.34344	0.03062	0.01589	0.00855	0.00259	0.00640	0.01371	0.00719	0.08325
22	0.01806	0.02020	0.04178	0.03046	0.03688	0.02036	0.53653	0.02372	0.01714	0.02372	0.01469	0.02020	0.01148	0.00781	0.01209	0.00275	0.13948	0.00872	0.00383	0.01010
23	0.06054	0.02154	0.02197	0.01714	0.02297	0.05700	0.01406	0.56609	0.03382	0.04585	0.01826	0.01860	0.01313	0.00914	0.00749	0.00229	0.00848	0.00677	0.04239	0.01250
24	0.01548	0.01219	0.01666	0.01408	0.01748	0.01176	0.07495	0.13215	0.02053	0.02838	0.16529	0.22927	0.03720	0.04665	0.01071	0.02920	0.00632	0.01287	0.00665	0.11216
25	0.01614	0.10244	0.60742	0.02211	0.05301	0.01917	0.02709	0.02441	0.01636	0.02400	0.01365	0.01610	0.00991	0.00729	0.00716	0.00238	0.01110	0.00562	0.00330	0.01135
26	0.01760	0.01708	0.02212	0.01907	0.01969	0.05291	0.01574	0.04574	0.01366	0.02051	0.01203	0.01827	0.01133	0.01513	0.05665	0.00365	0.57528	0.00681	0.04820	0.00855
27	0.01464	0.01378	0.02326	0.70887	0.05340	0.01723	0.02153	0.01981	0.01550	0.01981	0.01378	0.02067	0.01034	0.00775	0.00775	0.00258	0.01034	0.00689	0.00345	0.00861
28	0.02947	0.02172	0.02327	0.01784	0.02404	0.02404	0.01474	0.65329	0.03646	0.04887	0.01862	0.01862	0.01319	0.00931	0.00776	0.00233	0.00853	0.00698	0.00776	0.01319
29	0.01757	0.01023	0.01055	0.00943	0.01215	0.01071	0.00735	0.14981	0.02045	0.03305	0.02391	0.02677	0.01849	0.00909	0.00590	0.00191	0.00463	0.00718	0.61235	0.00846
30	0.03231	0.01375	0.01792	0.01411	0.01985	0.01266	0.01154	0.03833	0.12492	0.58032	0.03074	0.02680	0.01991	0.00974	0.00781	0.00244	0.00652	0.00795	0.00932	0.01305
31	0.01271	0.00912	0.01021	0.00954	0.01241	0.00830	0.00728	0.01697	0.07750	0.08126	0.21512	0.06231	0.41447	0.01704	0.00893	0.00256	0.00429	0.01438	0.00779	0.00782
32	0.22557	0.01682	0.01805	0.04679	0.05878	0.01868	0.01256	0.20909	0.15528	0.08909	0.02011	0.02049	0.01476	0.00880	0.00686	0.00239	0.00704	0.00668	0.05103	0.01113
33	0.01142	0.00809	0.00979	0.00969	0.00997	0.00847	0.00614	0.01212	0.01264	0.01727	0.08400	0.10336	0.03261	0.52503	0.07145	0.00674	0.04867	0.01198	0.00514	0.00542
34	0.00978	0.00689	0.00890	0.01038	0.01074	0.00652	0.00675	0.01088	0.01420	0.01894	0.03944	0.60156	0.04713	0.15085	0.01522	0.00394	0.00504	0.02010	0.00675	0.00601
35	0.00944	0.00679	0.00896	0.01069	0.01122	0.00631	0.00715	0.01081	0.01494	0.01983	0.04400	0.69952	0.07339	0.02413	0.00987	0.00313	0.00448	0.02184	0.00720	0.00631
36	0.01608	0.01378	0.01608	0.01148	0.01837	0.01034	0.00919	0.01952	0.01608	0.02527	0.01378	0.01608	0.01148	0.00574	0.00574	0.00115	0.00574	0.00459	0.00459	0.77491
37	0.01797	0.01180	0.01375	0.01182	0.01521	0.01172	0.00926	0.14499	0.02238	0.12994	0.17425	0.07132	0.24095	0.04653	0.01073	0.00276	0.03564	0.01225	0.00768	0.00905
38	0.00943	0.00785	0.00827	0.00847	0.01088	0.00669	0.00640	0.01150	0.01763	0.02131	0.09196	0.11571	0.58210	0.01992	0.00930	0.00270	0.00414	0.05193	0.00724	0.00659
39	0.01111	0.00750	0.00867	0.00875	0.00896	0.00741	0.00513	0.01155	0.01253	0.01688	0.08619	0.10175	0.03409	0.60875	0.03443	0.00672	0.00693	0.01234	0.00524	0.00506
40	0.01824	0.01892	0.06822	0.15395	0.53960	0.01820	0.02371	0.02319	0.01723	0.02439	0.01441	0.01927	0.01182	0.00707	0.00767	0.00236	0.00953	0.00684	0.00374	0.01164
41	0.03274	0.01373	0.01805	0.01395	0.01971	0.01243	0.01148	0.09917	0.02363	0.57842	0.07000	0.02758	0.02198	0.00996	0.00788	0.00239	0.00661	0.00811	0.00934	0.01282
42	0.01070	0.00728	0.00863	0.00919	0.00933	0.00713	0.00548	0.01113	0.01240	0.01653	0.03018	0.26164	0.03544	0.50672	0.03018	0.00615	0.00657	0.01466	0.00548	0.00520
43	0.02191	0.10306	0.02014	0.04224	0.02013	0.05542	0.01164	0.17618	0.02344	0.12590	0.14957	0.02937	0.06331	0.01027	0.00745	0.00212	0.00701	0.00822	0.00677	0.11586

[dist]
# distance from previous block
# <min> <max>
6	10

[block]
# block no. 7 follows, 25 sequences, length 48
# corresponding to MSA columns:
# 351-398
name=unknown_H
#
# <colnr> <probs for GDERKNQSTAVLIFYWHMCP>
#	G	D	E	R	K	N	Q	S	T	A	V	L	I	F	Y	W	H	M	C	P
0	0.68317	0.01585	0.03426	0.04062	0.01751	0.01751	0.00983	0.02372	0.04882	0.03369	0.01215	0.01395	0.00936	0.00741	0.00518	0.00242	0.00637	0.00461	0.00486	0.00872
1	0.01948	0.02381	0.08669	0.09891	0.05805	0.13427	0.32611	0.02561	0.04945	0.02320	0.01503	0.01938	0.01163	0.00773	0.00965	0.00254	0.06671	0.00766	0.00398	0.01009
2	0.01997	0.01684	0.01899	0.04791	0.12137	0.09991	0.01382	0.07505	0.11115	0.09062	0.08245	0.05720	0.07230	0.01181	0.00865	0.00249	0.02766	0.06804	0.00637	0.04738
3	0.01400	0.01067	0.01431	0.04679	0.01604	0.01289	0.01063	0.04357	0.01432	0.02171	0.02010	0.05234	0.01868	0.09044	0.25918	0.00655	0.16404	0.00836	0.16794	0.00746
4	0.08864	0.01164	0.03774	0.01048	0.01347	0.04140	0.00856	0.01658	0.04603	0.02528	0.15086	0.08022	0.29858	0.01583	0.00835	0.00257	0.00523	0.06359	0.06744	0.00751
5	0.00982	0.00695	0.00903	0.01039	0.01088	0.00655	0.00686	0.01117	0.01491	0.02002	0.09033	0.57561	0.04978	0.12216	0.01398	0.00370	0.00485	0.01990	0.00695	0.00615
6	0.02898	0.02147	0.02299	0.01774	0.02386	0.02381	0.01462	0.62348	0.06707	0.04807	0.01925	0.01912	0.01370	0.00937	0.00776	0.00234	0.00842	0.00707	0.00776	0.01314
7	0.01458	0.01340	0.02254	0.67105	0.05106	0.01666	0.02073	0.01928	0.01521	0.01947	0.01376	0.02083	0.01051	0.00879	0.00897	0.04436	0.01014	0.00688	0.00344	0.00833
8	0.02435	0.08784	0.02765	0.04938	0.19868	0.32392	0.06754	0.02828	0.04206	0.05757	0.01460	0.01718	0.01171	0.00764	0.00727	0.00216	0.01137	0.00610	0.00431	0.01039
9	0.14821	0.05710	0.05122	0.03850	0.02013	0.11303	0.03644	0.07834	0.01727	0.02583	0.01665	0.05439	0.01459	0.01645	0.10558	0.00381	0.09610	0.00703	0.09053	0.00880
10	0.01087	0.00753	0.00839	0.00847	0.00889	0.00731	0.00499	0.01123	0.01242	0.01616	0.03358	0.08483	0.12879	0.58688	0.03347	0.00657	0.00683	0.01255	0.00520	0.00505
11	0.01287	0.00951	0.01241	0.01484	0.10197	0.00946	0.00857	0.04527	0.01486	0.02038	0.02959	0.22751	0.05222	0.33914	0.02263	0.00488	0.00665	0.01334	0.04710	0.00679
12	0.01604	0.01723	0.12131	0.05749	0.17618	0.03699	0.01735	0.02045	0.01769	0.05919	0.03072	0.07901	0.07697	0.01405	0.00889	0.00284	0.00829	0.22430	0.00562	0.00939
13	0.01833	0.01958	0.07042	0.20702	0.45196	0.05194	0.02311	0.02322	0.01726	0.02361	0.01422	0.01912	0.01153	0.00720	0.00764	0.00237	0.00987	0.00673	0.00371	0.01116
14	0.00956	0.00768	0.00858	0.00911	0.01113	0.00670	0.00676	0.01158	0.01721	0.02129	0.09331	0.22582	0.45620	0.02069	0.00945	0.00281	0.00429	0.06400	0.00725	0.00657
15	0.01347	0.00673	0.01010	0.01010	0.01010	0.00673	0.00673	0.01010	0.01010	0.01347	0.01347	0.02357	0.01347	0.02694	0.03030	0.77441	0.00673	0.00673	0.00337	0.00337
16	0.02056	0.02396	0.13997	0.05793	0.38172	0.08105	0.02215	0.10111	0.04758	0.02757	0.01541	0.01863	0.01218	0.00756	0.00758	0.00233	0.00985	0.00662	0.00439	0.01183
17	0.01676	0.00945	0.00969	0.00886	0.01134	0.00981	0.00685	0.11569	0.01936	0.03197	0.02427	0.02733	0.01885	0.00908	0.00578	0.00189	0.00437	0.00719	0.65333	0.00814
18	0.01565	0.00838	0.00850	0.00807	0.01022	0.00856	0.00616	0.06846	0.01786	0.03049	0.02476	0.02809	0.01934	0.00906	0.00561	0.00185	0.00400	0.00721	0.71004	0.00770
19	0.10378	0.01726	0.02863	0.18052	0.42310	0.01815	0.07135	0.02293	0.01676	0.02520	0.01408	0.01890	0.01140	0.00709	0.00749	0.00240	0.00939	0.00678	0.00387	0.01093
20	0.01919	0.01673	0.02059	0.04658	0.19097	0.05370	0.01499	0.06119	0.28148	0.05166	0.07681	0.08519	0.02509	0.01084	0.00804	0.00251	0.00730	0.00943	0.00653	0.01116
21	0.00945	0.00675	0.00900	0.01080	0.01125	0.00630	0.00720	0.01080	0.01484	0.01979	0.04274	0.72245	0.05128	0.02429	0.00990	0.00315	0.00450	0.02204	0.00720	0.00630
22	0.01128	0.00752	0.00846	0.00846	0.00846	0.00752	0.00470	0.01128	0.01128	0.01503	0.02443	0.05074	0.02819	0.72751	0.03946	0.00752	0.00752	0.01128	0.00470	0.00470
23	0.02817	0.02117	0.02408	0.01844	0.02456	0.02326	0.04911	0.59502	0.03456	0.04640	0.01854	0.01919	0.01334	0.01100	0.03383	0.00272	0.00924	0.00715	0.00741	0.01280
24	0.00975	0.00714	0.00904	0.01010	0.01106	0.00656	0.00692	0.01152	0.01628	0.02165	0.15413	0.48743	0.14145	0.05523	0.01105	0.00316	0.00442	0.01938	0.00731	0.00643
25	0.78228	0.01499	0.01140	0.01020	0.01499	0.01739	0.00840	0.02279	0.01320	0.03479	0.01080	0.01260	0.00840	0.00720	0.00480	0.00240	0.00600	0.00420	0.00480	0.00840
26	0.02140	0.01700	0.01852	0.01459	0.02033	0.01728	0.01174	0.26821	0.16549	0.03559	0.02466	0.02450	0.06751	0.00926	0.00726	0.00204	0.00676	0.00736	0.00674	0.25377
27	0.01150	0.00866	0.01052	0.01122	0.01274	0.00850	0.00803	0.04864	0.06865	0.02354	0.09509	0.46746	0.13287	0.02099	0.00949	0.00295	0.00480	0.03968	0.00739	0.00729
28	0.01555	0.04011	0.68733	0.02210	0.03356	0.01801	0.02865	0.02455	0.01637	0.02455	0.01391	0.01637	0.00982	0.00737	0.00737	0.00246	0.01146	0.00573	0.00327	0.01146
29	0.01464	0.01378	0.02326	0.70887	0.05340	0.01723	0.02153	0.01981	0.01550	0.01981	0.01378	0.02067	0.01034	0.00775	0.00775	0.00258	0.01034	0.00689	0.00345	0.00861
