[name]
unknown

[dist]
# distance from previous block
# <min> <max>
0	100

[block]
# block no. 0 follows, 30 sequences, length 53
# corresponding to MSA columns:
# 110-162
name=unknown_A
#
# <colnr> <probs for GDERKNQSTAVLIFYWHMCP>
#	G	D	E	R	K	N	Q	S	T	A	V	L	I	F	Y	W	H	M	C	P
0	0.04021	0.08165	0.05971	0.02893	0.32724	0.03721	0.10775	0.07935	0.04064	0.04493	0.01602	0.02210	0.01358	0.00766	0.00702	0.00217	0.00845	0.06098	0.00426	0.01014
1	0.04938	0.07418	0.15945	0.14342	0.14186	0.07341	0.04016	0.03828	0.04073	0.10639	0.01461	0.01716	0.01098	0.00765	0.00766	0.02542	0.02977	0.00581	0.00413	0.00955
2	0.05808	0.08721	0.04024	0.07680	0.04207	0.30907	0.01366	0.11753	0.14399	0.02393	0.01493	0.01613	0.01164	0.00757	0.00637	0.00200	0.00940	0.00547	0.00462	0.00931
3	0.20937	0.01464	0.02103	0.14369	0.33780	0.01562	0.01621	0.02249	0.04529	0.08924	0.01421	0.01704	0.01096	0.00678	0.00631	0.00216	0.00741	0.00577	0.00425	0.00974
4	0.02374	0.01120	0.01438	0.01164	0.01599	0.01030	0.00937	0.04424	0.09217	0.43268	0.17070	0.03142	0.05827	0.01020	0.00728	0.00216	0.00526	0.00852	0.00801	0.03246
5	0.47826	0.01805	0.16821	0.01202	0.01747	0.01484	0.01185	0.04533	0.01389	0.08133	0.01358	0.04365	0.01097	0.03674	0.00654	0.00238	0.00661	0.00531	0.00453	0.00845
6	0.01939	0.01299	0.03320	0.01564	0.06348	0.01216	0.07691	0.05631	0.13143	0.22360	0.09400	0.08797	0.04738	0.03938	0.00847	0.00239	0.00626	0.00901	0.00656	0.05348
7	0.01009	0.00674	0.00763	0.00769	0.00770	0.00673	0.00431	0.01013	0.01026	0.01369	0.02258	0.07122	0.02612	0.72818	0.03455	0.00662	0.00667	0.01050	0.00431	0.00428
8	0.01015	0.00677	0.00761	0.00761	0.00761	0.00677	0.00423	0.01015	0.01015	0.01353	0.02199	0.04567	0.02537	0.75476	0.03552	0.00677	0.00677	0.01015	0.00423	0.00423
9	0.01248	0.00863	0.01075	0.01112	0.01269	0.00870	0.00832	0.07060	0.06675	0.05350	0.05233	0.37478	0.03739	0.09040	0.01127	0.00315	0.00528	0.14849	0.00647	0.00691
10	0.03014	0.01201	0.01610	0.01242	0.01765	0.01060	0.01023	0.06212	0.02053	0.65559	0.05732	0.02470	0.01920	0.00888	0.00707	0.00216	0.00590	0.00723	0.00852	0.01164
11	0.01736	0.01499	0.01578	0.01420	0.01815	0.01736	0.01105	0.03708	0.69862	0.02919	0.02840	0.02604	0.02130	0.00947	0.00710	0.00237	0.00552	0.00789	0.00710	0.01105
12	0.00850	0.00607	0.00810	0.00972	0.01012	0.00567	0.00648	0.00972	0.01336	0.01781	0.03846	0.75020	0.04615	0.02186	0.00891	0.00283	0.00405	0.01984	0.00648	0.00567
13	0.00902	0.00662	0.00846	0.00900	0.01015	0.00606	0.00637	0.01114	0.01624	0.02201	0.31014	0.38358	0.13884	0.01829	0.00855	0.00252	0.00368	0.01630	0.00696	0.00606
14	0.00918	0.00668	0.00879	0.01024	0.01116	0.00630	0.00757	0.01096	0.01433	0.01871	0.04152	0.50484	0.11553	0.02075	0.00902	0.00288	0.00460	0.18457	0.00646	0.00589
15	0.01212	0.00606	0.00909	0.00909	0.00909	0.00606	0.00606	0.00909	0.00909	0.01212	0.01212	0.02121	0.01212	0.02424	0.02727	0.79697	0.00606	0.00606	0.00303	0.00303
16	0.11791	0.00869	0.00978	0.00954	0.01129	0.00880	0.00686	0.06075	0.01546	0.04998	0.15561	0.23959	0.06243	0.17791	0.01380	0.00340	0.00506	0.03062	0.00604	0.00649
17	0.06340	0.00826	0.00981	0.00914	0.01127	0.00792	0.00697	0.04033	0.01838	0.05677	0.43580	0.04981	0.14317	0.06417	0.00979	0.00257	0.00415	0.04448	0.00701	0.00683
18	0.02572	0.01895	0.02037	0.01577	0.02113	0.02093	0.01296	0.65777	0.03194	0.04281	0.01772	0.04940	0.01339	0.00898	0.00707	0.00213	0.00752	0.00689	0.00696	0.01159
19	0.00967	0.00708	0.00908	0.00868	0.01033	0.00648	0.00647	0.01274	0.01912	0.02673	0.62183	0.08630	0.11958	0.01491	0.00826	0.00224	0.00335	0.01314	0.00752	0.00648
20	0.05103	0.00781	0.00936	0.00959	0.01084	0.00780	0.00676	0.06766	0.01513	0.02153	0.11181	0.36875	0.05529	0.07370	0.01215	0.08866	0.00468	0.01379	0.05760	0.00606
21	0.01036	0.00669	0.00777	0.00777	0.00777	0.00669	0.00442	0.01003	0.01003	0.01338	0.02093	0.04305	0.02395	0.67653	0.03464	0.09138	0.00669	0.00971	0.00410	0.00410
22	0.01404	0.03108	0.55844	0.02029	0.02926	0.01563	0.12237	0.02114	0.01461	0.02142	0.01355	0.01792	0.01048	0.06881	0.00927	0.00261	0.01023	0.00603	0.00314	0.00967
23	0.00830	0.00707	0.00715	0.00713	0.00946	0.00591	0.00535	0.01012	0.01604	0.01916	0.09256	0.06664	0.68633	0.01756	0.00825	0.00235	0.00353	0.01466	0.00652	0.00591
24	0.01276	0.00735	0.00971	0.00988	0.01150	0.00666	0.00711	0.01467	0.01590	0.14220	0.17072	0.45304	0.07550	0.01785	0.00841	0.00257	0.00421	0.01593	0.00709	0.00695
25	0.00969	0.00671	0.00769	0.00791	0.00828	0.00650	0.00477	0.01018	0.01160	0.01528	0.05539	0.15317	0.10312	0.53886	0.02761	0.00554	0.00588	0.01217	0.00493	0.00471
26	0.02439	0.09354	0.02093	0.01715	0.02088	0.58726	0.01320	0.02772	0.07566	0.01802	0.01212	0.01366	0.01002	0.00742	0.00668	0.00186	0.03251	0.00476	0.00382	0.00840
27	0.03926	0.01796	0.02434	0.10730	0.30156	0.14185	0.09873	0.02067	0.01582	0.02058	0.01556	0.10506	0.01450	0.00856	0.00776	0.00222	0.03763	0.00773	0.00382	0.00908
28	0.01352	0.01276	0.02155	0.67928	0.10406	0.01559	0.01955	0.01813	0.01412	0.01825	0.01246	0.01849	0.00945	0.00691	0.00697	0.00230	0.00922	0.00620	0.00313	0.00803
29	0.01639	0.01401	0.01834	0.12272	0.16505	0.01556	0.01368	0.07559	0.30493	0.02508	0.02237	0.02469	0.04333	0.04477	0.00974	0.05457	0.00681	0.00744	0.00534	0.00959
30	0.01443	0.05929	0.58673	0.05496	0.05539	0.01671	0.07310	0.02185	0.01484	0.02174	0.01255	0.01518	0.00907	0.00655	0.00670	0.00219	0.01020	0.00542	0.00302	0.01010
31	0.00861	0.00615	0.00822	0.00984	0.01029	0.00576	0.00666	0.00990	0.01347	0.01793	0.03840	0.72418	0.04592	0.02176	0.00894	0.00285	0.00414	0.04481	0.00648	0.00570
32	0.00891	0.00640	0.00836	0.00938	0.01004	0.00609	0.00637	0.01036	0.01378	0.01855	0.11592	0.52196	0.07511	0.09209	0.05892	0.00366	0.00516	0.01702	0.00623	0.00569
33	0.01658	0.01185	0.01429	0.01173	0.01540	0.01170	0.00917	0.18375	0.01755	0.05184	0.01595	0.02091	0.01362	0.05805	0.17213	0.12140	0.00907	0.00613	0.00478	0.23412
34	0.00890	0.00700	0.00804	0.00797	0.00988	0.00614	0.00591	0.01122	0.01717	0.02231	0.31558	0.12253	0.39905	0.01672	0.00830	0.00234	0.00349	0.01437	0.00695	0.00614
35	0.00891	0.00693	0.00801	0.00806	0.00980	0.00612	0.00587	0.01104	0.01662	0.02160	0.27980	0.16223	0.36814	0.04392	0.00933	0.00253	0.00365	0.01460	0.00680	0.00603
36	0.06802	0.01027	0.01294	0.01086	0.01446	0.00961	0.00851	0.05040	0.01750	0.38501	0.05724	0.10434	0.02268	0.08457	0.03798	0.00299	0.00599	0.00871	0.07866	0.00926
37	0.76490	0.01380	0.01079	0.00952	0.01391	0.01596	0.00784	0.05412	0.01293	0.03195	0.01007	0.01161	0.00777	0.00657	0.00445	0.00216	0.00551	0.00390	0.00445	0.00777
38	0.15995	0.01178	0.01249	0.01065	0.01370	0.01255	0.00808	0.17173	0.03581	0.11482	0.01940	0.02707	0.01695	0.23962	0.04214	0.00386	0.00672	0.00722	0.07746	0.00802
39	0.03805	0.00752	0.00796	0.00774	0.00951	0.00724	0.00560	0.03926	0.01544	0.02258	0.11872	0.07778	0.22924	0.13549	0.01158	0.00285	0.00420	0.01079	0.24228	0.00616
40	0.01015	0.00677	0.00761	0.00761	0.00761	0.00677	0.00423	0.01015	0.01015	0.01353	0.02199	0.04567	0.02537	0.75476	0.03552	0.00677	0.00677	0.01015	0.00423	0.00423
41	0.01003	0.00724	0.01002	0.01002	0.01086	0.00808	0.00724	0.01170	0.01086	0.01532	0.01978	0.03344	0.02006	0.28439	0.49863	0.00974	0.01475	0.00836	0.00390	0.00557
42	0.01647	0.01882	0.04118	0.02941	0.03647	0.01765	0.68588	0.02235	0.01647	0.02235	0.01412	0.01882	0.01059	0.00588	0.00824	0.00235	0.01176	0.00824	0.00353	0.00941
43	0.01633	0.01210	0.01331	0.01178	0.01474	0.01283	0.00893	0.22262	0.13394	0.04690	0.03240	0.18100	0.12845	0.11814	0.01162	0.00299	0.00576	0.01119	0.00648	0.00847
44	0.02745	0.01286	0.01627	0.01284	0.01780	0.01219	0.01057	0.15353	0.04160	0.48733	0.06379	0.02744	0.03603	0.00959	0.00722	0.00221	0.00607	0.03594	0.00809	0.01119
45	0.02607	0.03326	0.01978	0.01798	0.02157	0.72674	0.01348	0.02787	0.01978	0.01708	0.01079	0.01258	0.00899	0.00719	0.00629	0.00180	0.01258	0.00449	0.00360	0.00809
46	0.01622	0.00930	0.01175	0.01051	0.01213	0.00968	0.00771	0.15833	0.01526	0.05276	0.01483	0.02081	0.01284	0.01857	0.01984	0.51345	0.00614	0.00619	0.07799	0.00568
47	0.01183	0.00785	0.00986	0.00935	0.01125	0.00732	0.00694	0.04544	0.01846	0.07684	0.40648	0.18233	0.12536	0.03762	0.00903	0.00246	0.00397	0.01343	0.00726	0.00691
48	0.00912	0.00697	0.00763	0.00758	0.00945	0.00615	0.00553	0.01117	0.01610	0.02096	0.20428	0.09352	0.42837	0.07285	0.01012	0.00263	0.00373	0.01356	0.06433	0.00595
49	0.01375	0.01319	0.02045	0.66166	0.04493	0.04178	0.01841	0.01819	0.01421	0.01813	0.01234	0.01810	0.00936	0.00686	0.00683	0.00222	0.00915	0.00600	0.00319	0.06126
50	0.01650	0.01318	0.01633	0.04233	0.14925	0.04469	0.01136	0.15452	0.04343	0.04399	0.06686	0.04573	0.02079	0.21796	0.07909	0.00422	0.00828	0.00820	0.00506	0.00825
51	0.01177	0.00777	0.00976	0.04621	0.01162	0.00806	0.00660	0.06182	0.01256	0.01699	0.02174	0.15340	0.02376	0.34011	0.04548	0.16882	0.00660	0.01022	0.03160	0.00512
52	0.01075	0.00797	0.00972	0.00916	0.01106	0.00738	0.00673	0.04237	0.01723	0.02376	0.34837	0.13427	0.11784	0.11760	0.01185	0.00286	0.00437	0.03802	0.00655	0.07215

[dist]
# distance from previous block
# <min> <max>
0	5

[block]
# block no. 1 follows, 30 sequences, length 32
# corresponding to MSA columns:
# 168-199
name=unknown_B
#
# <colnr> <probs for GDERKNQSTAVLIFYWHMCP>
#	G	D	E	R	K	N	Q	S	T	A	V	L	I	F	Y	W	H	M	C	P
0	0.01506	0.01467	0.02139	0.46855	0.13765	0.05880	0.01809	0.02044	0.06998	0.01948	0.01349	0.01833	0.01053	0.00739	0.00796	0.00228	0.05809	0.00618	0.00353	0.02814
1	0.01843	0.63344	0.08670	0.01280	0.01880	0.06801	0.01290	0.02113	0.01476	0.01730	0.03474	0.01300	0.01097	0.00639	0.00488	0.00159	0.00784	0.00420	0.00319	0.00892
2	0.01445	0.01252	0.01500	0.03828	0.01781	0.01004	0.00898	0.01755	0.01429	0.02231	0.01227	0.01466	0.01025	0.00553	0.00597	0.00117	0.03576	0.00429	0.00405	0.73482
3	0.00849	0.00613	0.00804	0.00957	0.01008	0.00568	0.00641	0.00973	0.01350	0.01787	0.04028	0.71165	0.08353	0.02163	0.00887	0.00281	0.00402	0.01955	0.00648	0.00568
4	0.00994	0.00668	0.00767	0.00787	0.00793	0.00663	0.00451	0.01009	0.01055	0.01407	0.02405	0.13381	0.02797	0.66307	0.03219	0.00627	0.00643	0.01136	0.00451	0.00441
5	0.00988	0.00713	0.00933	0.00878	0.01043	0.00658	0.00658	0.01317	0.01975	0.02798	0.70754	0.05213	0.06584	0.01427	0.00823	0.00219	0.00329	0.01262	0.00768	0.00658
6	0.02607	0.03326	0.01978	0.01798	0.02157	0.72674	0.01348	0.02787	0.01978	0.01708	0.01079	0.01258	0.00899	0.00719	0.00629	0.00180	0.01258	0.00449	0.00360	0.00809
7	0.01736	0.01499	0.01578	0.01420	0.01815	0.01736	0.01105	0.03708	0.69862	0.02919	0.02840	0.02604	0.02130	0.00947	0.00710	0.00237	0.00552	0.00789	0.00710	0.01105
8	0.02317	0.01579	0.01698	0.01345	0.01800	0.01719	0.01097	0.46924	0.04679	0.07420	0.01914	0.01967	0.01391	0.00836	0.00647	0.00199	0.00643	0.00642	0.20129	0.01052
9	0.00988	0.00713	0.00933	0.00878	0.01043	0.00658	0.00658	0.01317	0.01975	0.02798	0.70754	0.05213	0.06584	0.01427	0.00823	0.00219	0.00329	0.01262	0.00768	0.00658
10	0.02653	0.01955	0.02094	0.01606	0.02164	0.02164	0.01326	0.68796	0.03281	0.04398	0.01675	0.01675	0.01187	0.00838	0.00698	0.00209	0.00768	0.00628	0.00698	0.01187
11	0.00850	0.00607	0.00810	0.00972	0.01012	0.00567	0.00648	0.00972	0.01336	0.01781	0.03846	0.75020	0.04615	0.02186	0.00891	0.00283	0.00405	0.01984	0.00648	0.00567
12	0.00848	0.00615	0.00801	0.00950	0.01006	0.00569	0.00638	0.00974	0.01357	0.01790	0.04108	0.69474	0.09993	0.02152	0.00885	0.00280	0.00401	0.01942	0.00648	0.00569
13	0.01527	0.01527	0.02137	0.01832	0.01832	0.02137	0.01527	0.01679	0.01069	0.01679	0.00916	0.01527	0.00916	0.01221	0.02290	0.00305	0.74198	0.00611	0.00305	0.00763
14	0.02678	0.01915	0.02069	0.01587	0.02144	0.02105	0.01311	0.65382	0.03214	0.07907	0.01732	0.01712	0.01215	0.00839	0.00698	0.00210	0.00759	0.00632	0.00707	0.01187
15	0.01803	0.01355	0.01470	0.01259	0.01633	0.01450	0.00997	0.26862	0.17045	0.05396	0.03436	0.08354	0.17529	0.04293	0.00872	0.00251	0.00588	0.03793	0.00678	0.00937
16	0.01008	0.00811	0.00905	0.00890	0.01098	0.00775	0.00658	0.01473	0.11734	0.02222	0.20917	0.14810	0.34229	0.04183	0.00911	0.00254	0.00395	0.01374	0.00678	0.00673
17	0.01805	0.01443	0.01545	0.01377	0.01776	0.01634	0.01075	0.03573	0.61867	0.08124	0.03008	0.02755	0.04927	0.00974	0.00714	0.00235	0.00547	0.00810	0.00719	0.01090
18	0.02653	0.01955	0.02094	0.01606	0.02164	0.02164	0.01326	0.68796	0.03281	0.04398	0.01675	0.01675	0.01187	0.00838	0.00698	0.00209	0.00768	0.00628	0.00698	0.01187
19	0.02347	0.01193	0.01471	0.01204	0.01634	0.01159	0.00968	0.08021	0.14733	0.37710	0.13351	0.02961	0.04868	0.00993	0.00717	0.00218	0.00539	0.00823	0.04042	0.01047
20	0.02528	0.01857	0.01992	0.01541	0.02057	0.02050	0.01257	0.63618	0.03108	0.04165	0.01715	0.01896	0.01290	0.06540	0.00916	0.00245	0.00761	0.00658	0.00677	0.01128
21	0.01151	0.00750	0.00985	0.00906	0.01099	0.00686	0.00686	0.01476	0.01977	0.08055	0.65559	0.04996	0.06213	0.01384	0.00814	0.00219	0.00349	0.01219	0.00775	0.00699
22	0.00927	0.00695	0.00862	0.00874	0.01031	0.00630	0.00647	0.01178	0.01738	0.02342	0.38901	0.19429	0.21765	0.01683	0.00843	0.00241	0.00365	0.04517	0.00709	0.00623
23	0.00999	0.00675	0.00761	0.00769	0.00780	0.00668	0.00438	0.01012	0.01054	0.01395	0.02477	0.07965	0.05446	0.68999	0.03315	0.00640	0.00650	0.01079	0.00443	0.00436
24	0.00833	0.00707	0.00718	0.00715	0.00947	0.00592	0.00536	0.01017	0.01609	0.01929	0.10162	0.06643	0.67719	0.01751	0.00825	0.00235	0.00352	0.01463	0.00654	0.00592
25	0.00855	0.00611	0.00814	0.00968	0.01013	0.00570	0.00648	0.00984	0.01359	0.01817	0.06203	0.72561	0.04685	0.02159	0.00888	0.00281	0.00402	0.01958	0.00652	0.00570
26	0.01208	0.00774	0.00992	0.00951	0.01110	0.00739	0.00688	0.03949	0.01713	0.08226	0.34984	0.19814	0.04748	0.12320	0.04307	0.00337	0.00501	0.01289	0.00681	0.00668
27	0.02351	0.02890	0.02069	0.09947	0.08311	0.56283	0.01487	0.02582	0.01848	0.01764	0.01111	0.01374	0.00921	0.00726	0.00701	0.00192	0.03774	0.00489	0.00351	0.00829
28	0.01549	0.02069	0.15000	0.06123	0.03463	0.01668	0.50936	0.02143	0.01590	0.02185	0.01504	0.05632	0.01209	0.00689	0.00794	0.00235	0.01100	0.00824	0.00357	0.00928
29	0.01244	0.00704	0.00946	0.00942	0.01010	0.00716	0.00657	0.05336	0.01210	0.01701	0.01846	0.14440	0.01879	0.02217	0.05296	0.47808	0.00607	0.00851	0.10129	0.00461
30	0.01136	0.00943	0.01012	0.01083	0.01223	0.06215	0.00793	0.05685	0.01583	0.02003	0.03893	0.46894	0.12699	0.01896	0.00859	0.00269	0.00518	0.10029	0.00628	0.00639
31	0.07997	0.01445	0.01896	0.08090	0.16406	0.03214	0.03248	0.16110	0.01996	0.15604	0.06021	0.04947	0.08140	0.00926	0.00704	0.00218	0.00694	0.00782	0.00581	0.00980

[dist]
# distance from previous block
# <min> <max>
0	6

[block]
# block no. 2 follows, 30 sequences, length 45
# corresponding to MSA columns:
# 206-250
name=unknown_C
#
# <colnr> <probs for GDERKNQSTAVLIFYWHMCP>
#	G	D	E	R	K	N	Q	S	T	A	V	L	I	F	Y	W	H	M	C	P
0	0.57320	0.01552	0.01215	0.01069	0.01482	0.09416	0.00861	0.06751	0.01512	0.05020	0.07051	0.01570	0.01328	0.00742	0.00514	0.00212	0.00619	0.00488	0.00484	0.00796
1	0.01652	0.01287	0.01399	0.01216	0.01522	0.04308	0.00932	0.24071	0.05036	0.02898	0.15663	0.17580	0.03080	0.06750	0.04043	0.00292	0.00644	0.01047	0.00635	0.05943
2	0.02051	0.15467	0.10088	0.01855	0.09978	0.21394	0.01468	0.14979	0.04213	0.02380	0.01701	0.01844	0.05704	0.00918	0.02837	0.00222	0.00934	0.00586	0.00436	0.00945
3	0.27449	0.05246	0.20531	0.07174	0.12187	0.01690	0.08846	0.02091	0.01388	0.02446	0.01158	0.01456	0.00897	0.00669	0.00674	0.00220	0.04092	0.00524	0.00355	0.00905
4	0.01077	0.00780	0.01064	0.01211	0.01369	0.00766	0.01036	0.01371	0.01584	0.02047	0.04001	0.12883	0.09903	0.01933	0.00946	0.00311	0.00599	0.55842	0.00643	0.00632
5	0.01015	0.00677	0.00761	0.00761	0.00761	0.00677	0.00423	0.01015	0.01015	0.01353	0.02199	0.04567	0.02537	0.75476	0.03552	0.00677	0.00677	0.01015	0.00423	0.00423
6	0.01555	0.27664	0.49164	0.01724	0.02611	0.02000	0.02118	0.02170	0.01455	0.02021	0.01158	0.01356	0.00888	0.00641	0.00591	0.00197	0.00936	0.00468	0.00296	0.00986
7	0.01527	0.01527	0.02137	0.01832	0.01832	0.02137	0.01527	0.01679	0.01069	0.01679	0.00916	0.01527	0.00916	0.01221	0.02290	0.00305	0.74198	0.00611	0.00305	0.00763
8	0.02557	0.01961	0.04917	0.01699	0.04759	0.02058	0.01387	0.58453	0.05363	0.07169	0.01732	0.01732	0.01228	0.00827	0.00697	0.00211	0.00766	0.00632	0.00676	0.01175
9	0.01586	0.02192	0.17446	0.05831	0.05443	0.01724	0.50779	0.02208	0.01600	0.02212	0.01370	0.01796	0.01020	0.00609	0.00783	0.00232	0.01127	0.00748	0.00339	0.00956
10	0.00850	0.00607	0.00810	0.00972	0.01012	0.00567	0.00648	0.00972	0.01336	0.01781	0.03846	0.75020	0.04615	0.02186	0.00891	0.00283	0.00405	0.01984	0.00648	0.00567
11	0.00991	0.00709	0.00912	0.00864	0.01008	0.00661	0.00630	0.01280	0.01858	0.02621	0.62349	0.05133	0.06088	0.10506	0.01158	0.00276	0.00372	0.01232	0.00726	0.00630
12	0.36961	0.05629	0.31189	0.04487	0.05194	0.01645	0.01652	0.02113	0.01344	0.02584	0.01116	0.01331	0.00838	0.00653	0.00552	0.00215	0.00785	0.00456	0.00359	0.00894
13	0.40191	0.01640	0.01500	0.01308	0.01615	0.10919	0.01062	0.04461	0.01402	0.05537	0.04052	0.01499	0.01122	0.00856	0.00981	0.00235	0.19885	0.00509	0.00432	0.00794
14	0.01866	0.01528	0.01625	0.01430	0.01844	0.01748	0.01121	0.09404	0.61600	0.05502	0.02735	0.02514	0.02033	0.00934	0.00709	0.00234	0.00573	0.00772	0.00714	0.01115
15	0.01212	0.00606	0.00909	0.00909	0.00909	0.00606	0.00606	0.00909	0.00909	0.01212	0.01212	0.02121	0.01212	0.02424	0.02727	0.79697	0.00606	0.00606	0.00303	0.00303
16	0.01582	0.01367	0.04028	0.03543	0.08565	0.01104	0.03033	0.02015	0.05320	0.06923	0.01537	0.04254	0.01269	0.00646	0.00589	0.00146	0.00598	0.00551	0.00453	0.52475
17	0.04605	0.00679	0.00989	0.04989	0.01160	0.00711	0.00698	0.01021	0.00957	0.01344	0.01231	0.02091	0.01199	0.02371	0.05498	0.68502	0.00675	0.00603	0.00312	0.00362
18	0.03131	0.01188	0.01619	0.01242	0.01781	0.01026	0.01026	0.03401	0.01997	0.71606	0.02753	0.02375	0.01727	0.00864	0.00702	0.00216	0.00594	0.00702	0.00864	0.01188
19	0.01018	0.00761	0.01091	0.01081	0.01178	0.00880	0.00813	0.01219	0.01100	0.01574	0.01896	0.03030	0.01860	0.17791	0.57815	0.01013	0.04116	0.00791	0.00380	0.00592
20	0.01622	0.01808	0.13857	0.04682	0.02346	0.01399	0.10354	0.05194	0.14888	0.04672	0.01644	0.01792	0.01249	0.00667	0.00642	0.00181	0.00731	0.00586	0.00465	0.31221
21	0.05237	0.01246	0.01621	0.01260	0.01788	0.01137	0.01036	0.06291	0.06373	0.62258	0.02660	0.02323	0.01701	0.00862	0.00694	0.00217	0.00597	0.00695	0.00834	0.01170
22	0.00850	0.00607	0.00810	0.00972	0.01012	0.00567	0.00648	0.00972	0.01336	0.01781	0.03846	0.75020	0.04615	0.02186	0.00891	0.00283	0.00405	0.01984	0.00648	0.00567
23	0.01388	0.00735	0.00744	0.00712	0.00900	0.00748	0.00542	0.05973	0.01581	0.02718	0.02238	0.02542	0.01750	0.00815	0.00501	0.00166	0.00354	0.00649	0.74259	0.00685
24	0.00991	0.00673	0.00769	0.00781	0.00801	0.00662	0.00455	0.01020	0.01100	0.01462	0.04815	0.10971	0.05772	0.63342	0.03108	0.00608	0.00627	0.01129	0.00464	0.00451
25	0.02653	0.01955	0.02094	0.01606	0.02164	0.02164	0.01326	0.68796	0.03281	0.04398	0.01675	0.01675	0.01187	0.00838	0.00698	0.00209	0.00768	0.00628	0.00698	0.01187
26	0.01376	0.00723	0.00731	0.00704	0.00888	0.00735	0.00535	0.05377	0.01565	0.02702	0.02243	0.02550	0.01755	0.00814	0.00500	0.00165	0.00350	0.00649	0.74957	0.00680
27	0.80405	0.01350	0.01026	0.00918	0.01350	0.01565	0.00756	0.02051	0.01188	0.03131	0.00972	0.01134	0.00756	0.00648	0.00432	0.00216	0.00540	0.00378	0.00432	0.00756
28	0.00997	0.00748	0.01121	0.01121	0.01246	0.00872	0.00872	0.01246	0.01121	0.01620	0.01869	0.02741	0.01745	0.05234	0.72710	0.01121	0.01869	0.00748	0.00374	0.00623
29	0.01015	0.00677	0.00761	0.00761	0.00761	0.00677	0.00423	0.01015	0.01015	0.01353	0.02199	0.04567	0.02537	0.75476	0.03552	0.00677	0.00677	0.01015	0.00423	0.00423
30	0.03131	0.01188	0.01619	0.01242	0.01781	0.01026	0.01026	0.03401	0.01997	0.71606	0.02753	0.02375	0.01727	0.00864	0.00702	0.00216	0.00594	0.00702	0.00864	0.01188
31	0.00997	0.00748	0.01121	0.01121	0.01246	0.00872	0.00872	0.01246	0.01121	0.01620	0.01869	0.02741	0.01745	0.05234	0.72710	0.01121	0.01869	0.00748	0.00374	0.00623
32	0.01866	0.75896	0.03657	0.01194	0.01791	0.02761	0.01194	0.02090	0.01418	0.01642	0.00970	0.01119	0.00896	0.00597	0.00448	0.00149	0.00746	0.00373	0.00299	0.00896
33	0.01647	0.01882	0.04118	0.02941	0.03647	0.01765	0.68588	0.02235	0.01647	0.02235	0.01412	0.01882	0.01059	0.00588	0.00824	0.00235	0.01176	0.00824	0.00353	0.00941
34	0.01098	0.00658	0.00988	0.00998	0.01038	0.00641	0.03162	0.00985	0.01084	0.01447	0.02145	0.26339	0.02405	0.06357	0.02095	0.46057	0.00565	0.01092	0.00426	0.00421
35	0.01866	0.75896	0.03657	0.01194	0.01791	0.02761	0.01194	0.02090	0.01418	0.01642	0.00970	0.01119	0.00896	0.00597	0.00448	0.00149	0.00746	0.00373	0.00299	0.00896
36	0.01124	0.00803	0.01124	0.01285	0.01446	0.00803	0.01124	0.01446	0.01606	0.02088	0.03695	0.07871	0.04016	0.01928	0.00964	0.00321	0.00643	0.66426	0.00643	0.00643
37	0.00850	0.00607	0.00810	0.00972	0.01012	0.00567	0.00648	0.00972	0.01336	0.01781	0.03846	0.75020	0.04615	0.02186	0.00891	0.00283	0.00405	0.01984	0.00648	0.00567
38	0.01316	0.01276	0.02173	0.06563	0.04987	0.01433	0.17459	0.01605	0.01382	0.01938	0.05858	0.24027	0.02392	0.01313	0.01263	0.00268	0.22428	0.01114	0.00448	0.00756
39	0.01068	0.00860	0.01184	0.01168	0.01296	0.03307	0.00910	0.01312	0.01148	0.01625	0.01811	0.02652	0.01689	0.04950	0.67962	0.01063	0.04259	0.00733	0.00371	0.00634
40	0.12097	0.01539	0.04775	0.52442	0.03940	0.07656	0.01740	0.01919	0.01409	0.01972	0.01180	0.01684	0.00902	0.00709	0.00709	0.00228	0.03415	0.00568	0.00330	0.00785
41	0.00850	0.00607	0.00810	0.00972	0.01012	0.00567	0.00648	0.00972	0.01336	0.01781	0.03846	0.75020	0.04615	0.02186	0.00891	0.00283	0.00405	0.01984	0.00648	0.00567
42	0.00997	0.00748	0.01121	0.01121	0.01246	0.00872	0.00872	0.01246	0.01121	0.01620	0.01869	0.02741	0.01745	0.05234	0.72710	0.01121	0.01869	0.00748	0.00374	0.00623
43	0.02516	0.02089	0.02004	0.01607	0.02114	0.12300	0.01298	0.50050	0.12504	0.03800	0.01754	0.01746	0.01278	0.00836	0.00690	0.00209	0.00808	0.00625	0.00651	0.01120
44	0.73757	0.01401	0.01117	0.00976	0.01419	0.01617	0.00805	0.07758	0.01367	0.03239	0.01032	0.01180	0.00793	0.00664	0.00455	0.00215	0.00559	0.00399	0.00455	0.00793

[dist]
# distance from previous block
# <min> <max>
0	2

[block]
# block no. 3 follows, 30 sequences, length 55
# corresponding to MSA columns:
# 253-307
name=unknown_D
#
# <colnr> <probs for GDERKNQSTAVLIFYWHMCP>
#	G	D	E	R	K	N	Q	S	T	A	V	L	I	F	Y	W	H	M	C	P
0	0.01447	0.01240	0.01447	0.01034	0.01654	0.00930	0.00827	0.01757	0.01447	0.02274	0.01240	0.01447	0.01034	0.00517	0.00517	0.00103	0.00517	0.00413	0.00413	0.79742
1	0.05080	0.01848	0.01997	0.01544	0.02090	0.02025	0.01272	0.58144	0.05811	0.10385	0.01799	0.01760	0.01261	0.00839	0.00691	0.00211	0.00736	0.00634	0.00705	0.01170
2	0.00825	0.00707	0.00707	0.00707	0.00943	0.00589	0.00530	0.01001	0.01591	0.01885	0.07069	0.06716	0.70839	0.01767	0.00825	0.00236	0.00353	0.01473	0.00648	0.00589
3	0.00850	0.00607	0.00810	0.00972	0.01012	0.00567	0.00648	0.00972	0.01336	0.01781	0.03846	0.75020	0.04615	0.02186	0.00891	0.00283	0.00405	0.01984	0.00648	0.00567
4	0.01172	0.00778	0.01018	0.00996	0.01179	0.00738	0.00765	0.01538	0.04893	0.07463	0.43842	0.15810	0.05399	0.01546	0.00838	0.00243	0.00411	0.09933	0.00738	0.00700
5	0.01527	0.01527	0.02137	0.01832	0.01832	0.02137	0.01527	0.01679	0.01069	0.01679	0.00916	0.01527	0.00916	0.01221	0.02290	0.00305	0.74198	0.00611	0.00305	0.00763
6	0.01527	0.01527	0.02137	0.01832	0.01832	0.02137	0.01527	0.01679	0.01069	0.01679	0.00916	0.01527	0.00916	0.01221	0.02290	0.00305	0.74198	0.00611	0.00305	0.00763
7	0.00875	0.00618	0.00802	0.00940	0.00974	0.00583	0.00614	0.00978	0.01287	0.01717	0.03597	0.64357	0.04301	0.13279	0.01293	0.00343	0.00446	0.01837	0.00614	0.00545
8	0.00905	0.00687	0.00833	0.00845	0.01004	0.00616	0.00615	0.01138	0.01708	0.02277	0.35306	0.21583	0.26532	0.01708	0.00839	0.00239	0.00354	0.01493	0.00703	0.00616
9	0.00850	0.00607	0.00810	0.00972	0.01012	0.00567	0.00648	0.00972	0.01336	0.01781	0.03846	0.75020	0.04615	0.02186	0.00891	0.00283	0.00405	0.01984	0.00648	0.00567
10	0.00850	0.00607	0.00810	0.00972	0.01012	0.00567	0.00648	0.00972	0.01336	0.01781	0.03846	0.75020	0.04615	0.02186	0.00891	0.00283	0.00405	0.01984	0.00648	0.00567
11	0.04345	0.00737	0.00813	0.00786	0.01001	0.00660	0.00592	0.01176	0.01730	0.02312	0.32837	0.05859	0.41533	0.01579	0.00807	0.00228	0.00352	0.01339	0.00688	0.00625
12	0.01301	0.00650	0.00650	0.00650	0.00813	0.00650	0.00488	0.01626	0.01463	0.02602	0.02276	0.02602	0.01789	0.00813	0.00488	0.00163	0.00325	0.00650	0.79350	0.00650
13	0.01015	0.00677	0.00761	0.00761	0.00761	0.00677	0.00423	0.01015	0.01015	0.01353	0.02199	0.04567	0.02537	0.75476	0.03552	0.00677	0.00677	0.01015	0.00423	0.00423
14	0.01810	0.01536	0.01620	0.01435	0.01843	0.01770	0.01123	0.08986	0.64463	0.03039	0.02746	0.02528	0.02054	0.00938	0.00709	0.00234	0.00570	0.00776	0.00709	0.01111
15	0.00850	0.00607	0.00810	0.00972	0.01012	0.00567	0.00648	0.00972	0.01336	0.01781	0.03846	0.75020	0.04615	0.02186	0.00891	0.00283	0.00405	0.01984	0.00648	0.00567
16	0.03131	0.01188	0.01619	0.01242	0.01781	0.01026	0.01026	0.03401	0.01997	0.71606	0.02753	0.02375	0.01727	0.00864	0.00702	0.00216	0.00594	0.00702	0.00864	0.01188
17	0.00850	0.00607	0.00810	0.00972	0.01012	0.00567	0.00648	0.00972	0.01336	0.01781	0.03846	0.75020	0.04615	0.02186	0.00891	0.00283	0.00405	0.01984	0.00648	0.00567
18	0.00997	0.00748	0.01121	0.01121	0.01246	0.00872	0.00872	0.01246	0.01121	0.01620	0.01869	0.02741	0.01745	0.05234	0.72710	0.01121	0.01869	0.00748	0.00374	0.00623
19	0.01318	0.01240	0.02093	0.73798	0.04806	0.01550	0.01938	0.01783	0.01395	0.01783	0.01240	0.01860	0.00930	0.00698	0.00698	0.00233	0.00930	0.00620	0.00310	0.00775
20	0.02464	0.03083	0.02024	0.05144	0.04966	0.63393	0.01414	0.02664	0.01894	0.01732	0.01088	0.01316	0.00909	0.00738	0.00712	0.00189	0.04628	0.00471	0.00354	0.00817
21	0.00980	0.00713	0.00923	0.00870	0.01038	0.00655	0.00653	0.01303	0.01958	0.02757	0.67882	0.05280	0.09482	0.01442	0.00823	0.00220	0.00330	0.01272	0.00763	0.00655
22	0.01837	0.01476	0.01581	0.01407	0.01812	0.01684	0.01099	0.03686	0.64945	0.07896	0.02834	0.02587	0.02101	0.00941	0.00709	0.00235	0.00555	0.00783	0.00721	0.01111
23	0.00837	0.00707	0.00725	0.00720	0.00950	0.00595	0.00540	0.01026	0.01621	0.01956	0.12037	0.06599	0.65827	0.01741	0.00825	0.00234	0.00352	0.01456	0.00657	0.00595
24	0.02607	0.03326	0.01978	0.01798	0.02157	0.72674	0.01348	0.02787	0.01978	0.01708	0.01079	0.01258	0.00899	0.00719	0.00629	0.00180	0.01258	0.00449	0.00360	0.00809
25	0.00997	0.00748	0.01121	0.01121	0.01246	0.00872	0.00872	0.01246	0.01121	0.01620	0.01869	0.02741	0.01745	0.05234	0.72710	0.01121	0.01869	0.00748	0.00374	0.00623
26	0.00850	0.00607	0.00810	0.00972	0.01012	0.00567	0.00648	0.00972	0.01336	0.01781	0.03846	0.75020	0.04615	0.02186	0.00891	0.00283	0.00405	0.01984	0.00648	0.00567
27	0.00825	0.00707	0.00707	0.00707	0.00943	0.00589	0.00530	0.01001	0.01591	0.01885	0.07069	0.06716	0.70839	0.01767	0.00825	0.00236	0.00353	0.01473	0.00648	0.00589
28	0.00850	0.00607	0.00810	0.00972	0.01012	0.00567	0.00648	0.00972	0.01336	0.01781	0.03846	0.75020	0.04615	0.02186	0.00891	0.00283	0.00405	0.01984	0.00648	0.00567
29	0.01736	0.01499	0.01578	0.01420	0.01815	0.01736	0.01105	0.03708	0.69862	0.02919	0.02840	0.02604	0.02130	0.00947	0.00710	0.00237	0.00552	0.00789	0.00710	0.01105
30	0.00850	0.00607	0.00810	0.00972	0.01012	0.00567	0.00648	0.00972	0.01336	0.01781	0.03846	0.75020	0.04615	0.02186	0.00891	0.00283	0.00405	0.01984	0.00648	0.00567
31	0.00869	0.00739	0.00752	0.00743	0.00982	0.00639	0.00559	0.01126	0.04388	0.01967	0.09695	0.06482	0.65218	0.01719	0.00820	0.00235	0.00360	0.01436	0.00656	0.00613
32	0.01301	0.00650	0.00650	0.00650	0.00813	0.00650	0.00488	0.01626	0.01463	0.02602	0.02276	0.02602	0.01789	0.00813	0.00488	0.00163	0.00325	0.00650	0.79350	0.00650
33	0.01400	0.03610	0.71860	0.01989	0.03020	0.01621	0.02578	0.02210	0.01473	0.02210	0.01252	0.01473	0.00884	0.00663	0.00663	0.00221	0.01031	0.00516	0.00295	0.01031
34	0.00902	0.00648	0.00866	0.01022	0.01092	0.00613	0.00735	0.01063	0.01396	0.01843	0.03927	0.59897	0.06764	0.02123	0.00902	0.00289	0.00448	0.14240	0.00647	0.00582
35	0.01566	0.01592	0.02132	0.01831	0.01844	0.04700	0.01520	0.01720	0.01102	0.01680	0.00922	0.01517	0.00915	0.01203	0.02230	0.00301	0.71549	0.00605	0.00307	0.00765
36	0.02653	0.01955	0.02094	0.01606	0.02164	0.02164	0.01326	0.68796	0.03281	0.04398	0.01675	0.01675	0.01187	0.00838	0.00698	0.00209	0.00768	0.00628	0.00698	0.01187
37	0.00866	0.00709	0.00764	0.00750	0.00968	0.00607	0.00563	0.01082	0.01688	0.02117	0.23234	0.06334	0.54530	0.01681	0.00824	0.00232	0.00347	0.01419	0.00679	0.00607
38	0.01015	0.00677	0.00761	0.00761	0.00761	0.00677	0.00423	0.01015	0.01015	0.01353	0.02199	0.04567	0.02537	0.75476	0.03552	0.00677	0.00677	0.01015	0.00423	0.00423
39	0.00850	0.00607	0.00810	0.00972	0.01012	0.00567	0.00648	0.00972	0.01336	0.01781	0.03846	0.75020	0.04615	0.02186	0.00891	0.00283	0.00405	0.01984	0.00648	0.00567
40	0.01527	0.01527	0.02137	0.01832	0.01832	0.02137	0.01527	0.01679	0.01069	0.01679	0.00916	0.01527	0.00916	0.01221	0.02290	0.00305	0.74198	0.00611	0.00305	0.00763
41	0.01002	0.00730	0.00950	0.00935	0.01090	0.00690	0.00703	0.01354	0.03964	0.02617	0.55093	0.14596	0.06006	0.01548	0.00838	0.00236	0.00368	0.05880	0.00742	0.00659
42	0.01318	0.01240	0.02093	0.73798	0.04806	0.01550	0.01938	0.01783	0.01395	0.01783	0.01240	0.01860	0.00930	0.00698	0.00698	0.00233	0.00930	0.00620	0.00310	0.00775
43	0.01709	0.01640	0.02800	0.07337	0.68209	0.01653	0.02133	0.02126	0.01580	0.02258	0.01309	0.01733	0.01098	0.00625	0.00691	0.00208	0.00833	0.00622	0.00344	0.01091
44	0.00929	0.00676	0.00874	0.00898	0.01025	0.00622	0.00646	0.01176	0.01728	0.02383	0.43204	0.29400	0.10413	0.01713	0.00846	0.00243	0.00357	0.01526	0.00718	0.00622
45	0.01318	0.01240	0.02093	0.73798	0.04806	0.01550	0.01938	0.01783	0.01395	0.01783	0.01240	0.01860	0.00930	0.00698	0.00698	0.00233	0.00930	0.00620	0.00310	0.00775
46	0.01318	0.01240	0.02093	0.73798	0.04806	0.01550	0.01938	0.01783	0.01395	0.01783	0.01240	0.01860	0.00930	0.00698	0.00698	0.00233	0.00930	0.00620	0.00310	0.00775
47	0.01124	0.00803	0.01124	0.01285	0.01446	0.00803	0.01124	0.01446	0.01606	0.02088	0.03695	0.07871	0.04016	0.01928	0.00964	0.00321	0.00643	0.66426	0.00643	0.00643
48	0.03031	0.01165	0.01587	0.01225	0.01747	0.01009	0.01009	0.03304	0.01996	0.68397	0.05924	0.02507	0.01954	0.00890	0.00707	0.00216	0.00581	0.00728	0.00859	0.01163
49	0.80405	0.01350	0.01026	0.00918	0.01350	0.01565	0.00756	0.02051	0.01188	0.03131	0.00972	0.01134	0.00756	0.00648	0.00432	0.00216	0.00540	0.00378	0.00432	0.00756
50	0.03586	0.00721	0.00800	0.00786	0.00959	0.00657	0.00563	0.01134	0.01588	0.02112	0.25356	0.08385	0.34772	0.14052	0.01273	0.00306	0.00409	0.01315	0.00639	0.00587
51	0.01327	0.01253	0.02095	0.70675	0.04677	0.01576	0.01920	0.01778	0.01381	0.01778	0.01226	0.01846	0.00930	0.00720	0.00767	0.00236	0.04110	0.00620	0.00310	0.00775
52	0.01942	0.68539	0.03492	0.01247	0.01828	0.06949	0.01209	0.04824	0.01527	0.01757	0.01005	0.01150	0.00907	0.00614	0.00469	0.00154	0.00778	0.00388	0.00318	0.00902
53	0.02834	0.01407	0.01708	0.01321	0.01839	0.01382	0.01087	0.25338	0.02391	0.43801	0.02354	0.02156	0.01549	0.00851	0.00685	0.00210	0.00633	0.00673	0.06635	0.01147
54	0.04985	0.02156	0.08327	0.07331	0.36834	0.17345	0.01847	0.04606	0.05819	0.02261	0.01343	0.01638	0.01081	0.00679	0.00667	0.00206	0.00917	0.00575	0.00379	0.01003

[dist]
# distance from previous block
# <min> <max>
0	1

[block]
# block no. 4 follows, 30 sequences, length 39
# corresponding to MSA columns:
# 309-347
name=unknown_E
#
# <colnr> <probs for GDERKNQSTAVLIFYWHMCP>
#	G	D	E	R	K	N	Q	S	T	A	V	L	I	F	Y	W	H	M	C	P
0	0.02534	0.01996	0.02021	0.01596	0.02120	0.07192	0.01300	0.55845	0.11569	0.04018	0.01779	0.01762	0.01285	0.00843	0.00695	0.00211	0.00776	0.00636	0.00675	0.01149
1	0.03726	0.01468	0.01791	0.12515	0.19789	0.10349	0.01367	0.02073	0.04811	0.09090	0.09554	0.03154	0.13245	0.00998	0.00724	0.00220	0.00720	0.03019	0.00515	0.00873
2	0.01135	0.00805	0.00937	0.00892	0.01071	0.00769	0.00647	0.04548	0.01606	0.05951	0.16224	0.13981	0.28692	0.15555	0.01383	0.00322	0.02916	0.01300	0.00630	0.00636
3	0.00988	0.00713	0.00933	0.00878	0.01043	0.00658	0.00658	0.01317	0.01975	0.02798	0.70754	0.05213	0.06584	0.01427	0.00823	0.00219	0.00329	0.01262	0.00768	0.00658
4	0.01649	0.01564	0.02654	0.11136	0.60171	0.01595	0.02059	0.02063	0.01570	0.02218	0.01450	0.02114	0.01265	0.00709	0.00708	0.00217	0.00828	0.04626	0.00360	0.01044
5	0.01503	0.00806	0.01056	0.00990	0.01222	0.00721	0.00742	0.01735	0.01739	0.20836	0.25004	0.27112	0.10631	0.01552	0.00813	0.00241	0.00427	0.01364	0.00744	0.00764
6	0.01400	0.03610	0.71860	0.01989	0.03020	0.01621	0.02578	0.02210	0.01473	0.02210	0.01252	0.01473	0.00884	0.00663	0.00663	0.00221	0.01031	0.00516	0.00295	0.01031
7	0.01212	0.00606	0.00909	0.00909	0.00909	0.00606	0.00606	0.00909	0.00909	0.01212	0.01212	0.02121	0.01212	0.02424	0.02727	0.79697	0.00606	0.00606	0.00303	0.00303
8	0.03640	0.00727	0.00880	0.00840	0.00987	0.00686	0.00602	0.01251	0.01720	0.02433	0.48632	0.05090	0.11697	0.16252	0.01356	0.00312	0.00408	0.01203	0.00676	0.00608
9	0.00864	0.00613	0.00806	0.00954	0.00991	0.00576	0.00629	0.00975	0.01309	0.01745	0.03707	0.69087	0.04440	0.08359	0.01115	0.00317	0.00428	0.01902	0.00629	0.00555
10	0.02570	0.03184	0.01990	0.01788	0.02146	0.66157	0.01354	0.06441	0.02017	0.01857	0.01106	0.01292	0.00916	0.00744	0.00694	0.00186	0.03889	0.00465	0.00377	0.00828
11	0.01146	0.00611	0.00886	0.00907	0.00924	0.00600	0.00608	0.00922	0.00998	0.01319	0.01843	0.11832	0.05080	0.02361	0.02395	0.65456	0.00567	0.00828	0.00365	0.00351
12	0.01222	0.00941	0.01062	0.00996	0.01245	0.00941	0.00759	0.05053	0.15772	0.04166	0.22967	0.09230	0.24953	0.04154	0.00900	0.00252	0.00439	0.03503	0.00693	0.00753
13	0.02024	0.01449	0.01610	0.01402	0.01822	0.01600	0.01118	0.10862	0.46249	0.14291	0.02756	0.02843	0.02094	0.00992	0.00726	0.00236	0.00590	0.05513	0.00729	0.01094
14	0.01014	0.00681	0.00783	0.00783	0.00791	0.00688	0.00450	0.01029	0.01021	0.01369	0.02179	0.04456	0.02489	0.71201	0.07760	0.00704	0.00749	0.00999	0.00420	0.00435
15	0.00998	0.00716	0.00851	0.00839	0.00977	0.00677	0.00592	0.01269	0.03914	0.02239	0.32351	0.12593	0.15692	0.16378	0.01352	0.00318	0.00418	0.01268	0.05956	0.00604
16	0.00975	0.00678	0.00835	0.00843	0.00912	0.00650	0.00552	0.01121	0.01435	0.01976	0.28437	0.17274	0.04436	0.34485	0.02048	0.00434	0.00497	0.01280	0.00593	0.00537
17	0.03069	0.01201	0.01618	0.01249	0.01783	0.01057	0.01029	0.03414	0.04993	0.68574	0.02757	0.02385	0.01745	0.00867	0.00702	0.00217	0.00592	0.00706	0.00857	0.01184
18	0.01318	0.01240	0.02093	0.73798	0.04806	0.01550	0.01938	0.01783	0.01395	0.01783	0.01240	0.01860	0.00930	0.00698	0.00698	0.00233	0.00930	0.00620	0.00310	0.00775
19	0.01315	0.00822	0.00964	0.00921	0.01100	0.00807	0.00669	0.08175	0.01690	0.06611	0.15524	0.21153	0.07364	0.11225	0.01108	0.00283	0.00455	0.01185	0.17943	0.00685
20	0.11808	0.00899	0.01070	0.00962	0.01247	0.00847	0.00743	0.01841	0.01753	0.19448	0.28948	0.12534	0.12545	0.01322	0.00751	0.00228	0.00434	0.01123	0.00718	0.00781
21	0.02180	0.01530	0.01714	0.01298	0.01849	0.01501	0.01059	0.33422	0.02368	0.10560	0.01675	0.01732	0.01231	0.00724	0.00619	0.00169	0.00630	0.00561	0.06061	0.29119
22	0.01527	0.01527	0.02137	0.01832	0.01832	0.02137	0.01527	0.01679	0.01069	0.01679	0.00916	0.01527	0.00916	0.01221	0.02290	0.00305	0.74198	0.00611	0.00305	0.00763
23	0.00997	0.00722	0.00847	0.00822	0.01026	0.00634	0.00614	0.01232	0.01737	0.05430	0.31550	0.12072	0.36521	0.01630	0.00824	0.00233	0.00360	0.01401	0.00705	0.00642
24	0.00857	0.00610	0.00808	0.00962	0.01001	0.00572	0.00638	0.00974	0.01322	0.01763	0.03774	0.71924	0.04524	0.05407	0.01008	0.00301	0.00417	0.01941	0.00638	0.00560
25	0.00825	0.00707	0.00707	0.00707	0.00943	0.00589	0.00530	0.01001	0.01591	0.01885	0.07069	0.06716	0.70839	0.01767	0.00825	0.00236	0.00353	0.01473	0.00648	0.00589
26	0.01695	0.01458	0.01543	0.01400	0.01778	0.01682	0.01084	0.03583	0.66720	0.02867	0.02886	0.05924	0.02244	0.01004	0.00718	0.00239	0.00546	0.00844	0.00707	0.01080
27	0.05023	0.00866	0.01061	0.00932	0.01227	0.00778	0.00727	0.01822	0.01845	0.20941	0.32686	0.04672	0.22014	0.01332	0.00774	0.00223	0.00416	0.01129	0.00747	0.00786
28	0.01727	0.01658	0.02832	0.04283	0.71123	0.01658	0.02142	0.02142	0.01589	0.02280	0.01313	0.01727	0.01105	0.00622	0.00691	0.00207	0.00829	0.00622	0.00345	0.01105
29	0.00850	0.00607	0.00810	0.00972	0.01012	0.00567	0.00648	0.00972	0.01336	0.01781	0.03846	0.75020	0.04615	0.02186	0.00891	0.00283	0.00405	0.01984	0.00648	0.00567
30	0.00868	0.00704	0.00774	0.00794	0.00996	0.00610	0.00598	0.01069	0.01616	0.02006	0.14712	0.13323	0.51561	0.01776	0.00840	0.00244	0.00375	0.05870	0.00663	0.00599
31	0.01404	0.01288	0.02119	0.31281	0.30357	0.01397	0.01740	0.01759	0.01462	0.01957	0.01994	0.04832	0.08799	0.00940	0.00839	0.05060	0.00789	0.00759	0.00372	0.00850
32	0.01866	0.75896	0.03657	0.01194	0.01791	0.02761	0.01194	0.02090	0.01418	0.01642	0.00970	0.01119	0.00896	0.00597	0.00448	0.00149	0.00746	0.00373	0.00299	0.00896
33	0.06050	0.01237	0.01623	0.01250	0.01786	0.01110	0.01032	0.07009	0.02038	0.65234	0.02625	0.02289	0.01660	0.00854	0.00691	0.00216	0.00601	0.00685	0.00838	0.01171
34	0.01965	0.04301	0.01964	0.01509	0.01899	0.04310	0.01244	0.27632	0.02051	0.02853	0.01340	0.01611	0.01091	0.01106	0.05100	0.00260	0.20806	0.00569	0.00486	0.17902
35	0.01704	0.01635	0.02791	0.08174	0.67411	0.01652	0.02130	0.02122	0.01578	0.02252	0.01309	0.01735	0.01096	0.00626	0.00691	0.00209	0.00835	0.00622	0.00343	0.01087
36	0.01015	0.00677	0.00761	0.00761	0.00761	0.00677	0.00423	0.01015	0.01015	0.01353	0.02199	0.04567	0.02537	0.75476	0.03552	0.00677	0.00677	0.01015	0.00423	0.00423
37	0.22934	0.23566	0.28609	0.01536	0.02259	0.01942	0.06134	0.02134	0.01392	0.02298	0.01106	0.01308	0.00864	0.00635	0.00550	0.00200	0.00826	0.00458	0.00337	0.00912
38	0.01733	0.01704	0.02800	0.08404	0.62021	0.04362	0.04468	0.02148	0.01594	0.02226	0.01303	0.01723	0.01085	0.00629	0.00694	0.00209	0.00864	0.00622	0.00344	0.01068

[dist]
# distance from previous block
# <min> <max>
0	1

[block]
# block no. 5 follows, 30 sequences, length 39
# corresponding to MSA columns:
# 349-387
name=unknown_F
#
# <colnr> <probs for GDERKNQSTAVLIFYWHMCP>
#	G	D	E	R	K	N	Q	S	T	A	V	L	I	F	Y	W	H	M	C	P
0	0.80405	0.01350	0.01026	0.00918	0.01350	0.01565	0.00756	0.02051	0.01188	0.03131	0.00972	0.01134	0.00756	0.00648	0.00432	0.00216	0.00540	0.00378	0.00432	0.00756
1	0.00949	0.00708	0.00881	0.00846	0.01021	0.00641	0.00631	0.01238	0.01871	0.02571	0.55016	0.08138	0.19863	0.01526	0.00826	0.00225	0.00337	0.01333	0.00739	0.00641
2	0.01412	0.03523	0.68473	0.02037	0.03052	0.01628	0.05879	0.02211	0.01482	0.02211	0.01260	0.01494	0.00893	0.00659	0.00671	0.00222	0.01039	0.00531	0.00298	0.01027
3	0.00888	0.00607	0.00820	0.00965	0.01002	0.00571	0.00643	0.00965	0.01292	0.01723	0.03575	0.67504	0.04264	0.02211	0.01080	0.08472	0.00426	0.01842	0.00612	0.00540
4	0.01447	0.01240	0.01447	0.01034	0.01654	0.00930	0.00827	0.01757	0.01447	0.02274	0.01240	0.01447	0.01034	0.00517	0.00517	0.00103	0.00517	0.00413	0.00413	0.79742
5	0.00858	0.00611	0.00807	0.00961	0.01000	0.00572	0.00637	0.00974	0.01320	0.01760	0.03764	0.71498	0.04511	0.05851	0.01024	0.00303	0.00418	0.01935	0.00637	0.00560
6	0.03131	0.01188	0.01619	0.01242	0.01781	0.01026	0.01026	0.03401	0.01997	0.71606	0.02753	0.02375	0.01727	0.00864	0.00702	0.00216	0.00594	0.00702	0.00864	0.01188
7	0.00867	0.00625	0.00825	0.00978	0.01037	0.00583	0.00673	0.01004	0.01367	0.01807	0.04005	0.67041	0.08036	0.02147	0.00892	0.00283	0.00418	0.06189	0.00647	0.00573
8	0.01348	0.00945	0.01057	0.00972	0.01098	0.00985	0.00648	0.15704	0.01548	0.02069	0.02302	0.13205	0.02518	0.49656	0.02583	0.00524	0.00661	0.01058	0.00512	0.00607
9	0.80405	0.01350	0.01026	0.00918	0.01350	0.01565	0.00756	0.02051	0.01188	0.03131	0.00972	0.01134	0.00756	0.00648	0.00432	0.00216	0.00540	0.00378	0.00432	0.00756
10	0.01124	0.00803	0.01124	0.01285	0.01446	0.00803	0.01124	0.01446	0.01606	0.02088	0.03695	0.07871	0.04016	0.01928	0.00964	0.00321	0.00643	0.66426	0.00643	0.00643
11	0.05317	0.01097	0.01414	0.01138	0.01572	0.00995	0.00912	0.02850	0.05408	0.49532	0.10389	0.03033	0.05917	0.06083	0.00908	0.00250	0.00554	0.00818	0.00788	0.01026
