[name]
unknown

[dist]
# distance from previous block
# <min> <max>
25	41

[block]
# block no. 0 follows, 28 sequences, length 8
# corresponding to MSA columns:
# 63-70
name=unknown_A
#
# <colnr> <probs for GDERKNQSTAVLIFYWHMCP>
#	G	D	E	R	K	N	Q	S	T	A	V	L	I	F	Y	W	H	M	C	P
0	0.02444	0.02785	0.01987	0.07788	0.02385	0.46814	0.01378	0.13266	0.02183	0.02283	0.01619	0.01783	0.05087	0.00823	0.00680	0.00197	0.01107	0.00576	0.00448	0.04365
1	0.06171	0.01151	0.01810	0.52110	0.03893	0.01386	0.01640	0.01685	0.01426	0.01945	0.01884	0.18062	0.01819	0.01072	0.00755	0.00253	0.00821	0.00949	0.00410	0.00757
2	0.01289	0.01199	0.01912	0.51573	0.08838	0.01398	0.01705	0.01702	0.01514	0.01919	0.02660	0.03063	0.16394	0.00971	0.00756	0.00241	0.00826	0.00845	0.00405	0.00789
3	0.02364	0.01700	0.01829	0.01441	0.01946	0.01820	0.01178	0.49002	0.02948	0.07676	0.03069	0.02965	0.16619	0.01091	0.00757	0.00225	0.00693	0.00856	0.00725	0.01096
4	0.01724	0.01651	0.02488	0.03576	0.49729	0.06513	0.01934	0.02116	0.01688	0.02287	0.01907	0.03201	0.01817	0.00960	0.00779	0.00241	0.00852	0.15087	0.00430	0.01021
5	0.01736	0.01814	0.03263	0.18534	0.08416	0.05824	0.34245	0.02218	0.01612	0.04260	0.01385	0.01878	0.01071	0.00737	0.00986	0.00247	0.09732	0.00742	0.00368	0.00932
6	0.02652	0.02494	0.01870	0.01617	0.02049	0.38650	0.01251	0.09710	0.07063	0.17585	0.02132	0.02100	0.05850	0.00886	0.00700	0.00207	0.00985	0.00644	0.00576	0.00979
7	0.02677	0.01722	0.01901	0.01470	0.02028	0.03905	0.01203	0.36652	0.04789	0.21843	0.02036	0.01964	0.01412	0.00841	0.00698	0.00206	0.00715	0.00650	0.03334	0.09955

[dist]
# distance from previous block
# <min> <max>
14	96

[block]
# block no. 1 follows, 28 sequences, length 6
# corresponding to MSA columns:
# 170-175
name=unknown_B
#
# <colnr> <probs for GDERKNQSTAVLIFYWHMCP>
#	G	D	E	R	K	N	Q	S	T	A	V	L	I	F	Y	W	H	M	C	P
0	0.01456	0.11934	0.01577	0.01166	0.01415	0.04826	0.00896	0.04356	0.14176	0.02110	0.02751	0.17214	0.06616	0.14401	0.05893	0.00377	0.02812	0.01054	0.04196	0.00772
1	0.02414	0.02025	0.01896	0.01540	0.02034	0.14980	0.01227	0.35570	0.05222	0.06941	0.02054	0.06639	0.04148	0.00950	0.00713	0.00208	0.00809	0.00733	0.00633	0.09264
2	0.07841	0.01689	0.02319	0.11668	0.27696	0.09498	0.07269	0.04191	0.01781	0.02480	0.14226	0.02412	0.02154	0.00834	0.00730	0.00222	0.00835	0.00752	0.00460	0.00944
3	0.02205	0.01642	0.01767	0.01426	0.01887	0.01769	0.01150	0.47921	0.02871	0.03799	0.03047	0.10340	0.14557	0.01204	0.00773	0.00231	0.00678	0.00970	0.00712	0.01050
4	0.01483	0.00971	0.01115	0.01011	0.01162	0.01110	0.00779	0.07280	0.01550	0.02523	0.02039	0.02677	0.01737	0.10332	0.01290	0.00270	0.14202	0.00716	0.47037	0.00718
5	0.01488	0.01713	0.14610	0.06020	0.02135	0.01243	0.01324	0.07721	0.01644	0.02400	0.01841	0.15422	0.01763	0.00972	0.00747	0.00194	0.03642	0.00806	0.00469	0.33846

[dist]
# distance from previous block
# <min> <max>
8	25

[block]
# block no. 2 follows, 28 sequences, length 21
# corresponding to MSA columns:
# 202-222
name=unknown_C
#
# <colnr> <probs for GDERKNQSTAVLIFYWHMCP>
#	G	D	E	R	K	N	Q	S	T	A	V	L	I	F	Y	W	H	M	C	P
0	0.07458	0.01460	0.03451	0.01353	0.01650	0.09291	0.05173	0.09611	0.01685	0.02463	0.04203	0.02403	0.01680	0.05195	0.19472	0.00483	0.05058	0.00701	0.16422	0.00790
1	0.08293	0.04920	0.01852	0.01538	0.06134	0.05743	0.01161	0.14226	0.07225	0.24467	0.02028	0.02087	0.01478	0.03427	0.04116	0.00268	0.00765	0.00645	0.00643	0.08984
2	0.01592	0.01673	0.03302	0.20676	0.10179	0.01664	0.37321	0.02116	0.01617	0.02199	0.01494	0.04513	0.01206	0.00700	0.00791	0.00234	0.01048	0.00797	0.00371	0.06509
3	0.08610	0.01446	0.02295	0.40722	0.17110	0.01633	0.05792	0.04984	0.01584	0.02281	0.01343	0.01841	0.01038	0.00703	0.00696	0.00228	0.00887	0.00630	0.02544	0.03634
4	0.01931	0.02024	0.05600	0.03761	0.52705	0.11202	0.02042	0.04875	0.01770	0.02390	0.01383	0.01752	0.01141	0.00679	0.00702	0.00211	0.00912	0.00620	0.03207	0.01092
5	0.01001	0.00801	0.01056	0.01046	0.01201	0.00856	0.00803	0.01224	0.01391	0.01862	0.07552	0.09628	0.24484	0.03558	0.34991	0.00697	0.05539	0.01144	0.00523	0.00644
6	0.01133	0.00774	0.00901	0.00877	0.00919	0.00800	0.00539	0.04127	0.01178	0.01588	0.02225	0.04394	0.02481	0.62923	0.11593	0.00737	0.00856	0.01006	0.00448	0.00502
7	0.02360	0.09461	0.01986	0.01376	0.01919	0.01720	0.01141	0.22187	0.14371	0.17953	0.02089	0.02022	0.01507	0.00820	0.00664	0.00199	0.00658	0.00640	0.03951	0.12977
8	0.01977	0.01615	0.01949	0.01451	0.02066	0.01530	0.05808	0.24805	0.06415	0.03177	0.01567	0.01698	0.01206	0.00688	0.00639	0.00165	0.00681	0.00564	0.00549	0.41449
9	0.01469	0.01411	0.01993	0.01745	0.01774	0.01936	0.01440	0.01650	0.01125	0.01736	0.01173	0.01869	0.01144	0.02194	0.17641	0.00506	0.57429	0.00668	0.00334	0.00763
10	0.01213	0.00631	0.00933	0.00956	0.00961	0.00626	0.00637	0.00956	0.01005	0.01340	0.01622	0.11605	0.01727	0.02493	0.02590	0.68568	0.00604	0.00819	0.00363	0.00352
11	0.02511	0.01886	0.02046	0.01553	0.02147	0.01996	0.01277	0.54295	0.03034	0.04136	0.01654	0.01697	0.01204	0.00805	0.00689	0.00196	0.00747	0.00609	0.00668	0.16848
12	0.01445	0.00920	0.01228	0.01323	0.05659	0.00874	0.00953	0.01805	0.05570	0.12930	0.12777	0.23084	0.11889	0.01669	0.00871	0.00270	0.00524	0.14709	0.00710	0.00792
13	0.01569	0.19975	0.55442	0.01883	0.02854	0.01959	0.02357	0.02273	0.01522	0.02167	0.01237	0.01451	0.00924	0.00675	0.00640	0.00213	0.01007	0.00503	0.00308	0.01042
14	0.02787	0.06675	0.01726	0.01226	0.01727	0.01139	0.01017	0.03075	0.02031	0.53907	0.13953	0.02874	0.02586	0.00978	0.00732	0.00220	0.00584	0.00804	0.00839	0.01121
15	0.01074	0.00801	0.01006	0.00944	0.01137	0.00762	0.00711	0.01530	0.06791	0.02867	0.61032	0.05330	0.10308	0.01472	0.00849	0.00231	0.00361	0.01293	0.00788	0.00715
16	0.02166	0.08468	0.09895	0.01878	0.05081	0.30954	0.01557	0.07659	0.07472	0.02203	0.01491	0.01949	0.01273	0.00900	0.00898	0.00224	0.10116	0.04454	0.00430	0.00929
17	0.01803	0.09533	0.30481	0.02759	0.23784	0.01771	0.08343	0.02386	0.01635	0.08613	0.01457	0.01709	0.01093	0.00683	0.00698	0.00219	0.00952	0.00606	0.00385	0.01091
18	0.10839	0.01347	0.04164	0.01288	0.01858	0.01147	0.01100	0.03356	0.01976	0.61190	0.02624	0.02310	0.01666	0.00869	0.00701	0.00225	0.00630	0.00690	0.00833	0.01186
19	0.00890	0.00645	0.00841	0.00988	0.01050	0.00596	0.00666	0.01030	0.01439	0.01908	0.07005	0.66305	0.09527	0.02213	0.00920	0.00289	0.00415	0.01997	0.00680	0.00596
20	0.01501	0.03474	0.60485	0.02289	0.06369	0.01706	0.09477	0.02301	0.01559	0.02308	0.01325	0.01592	0.00951	0.00680	0.00710	0.00231	0.01080	0.00576	0.00316	0.01068

[dist]
# distance from previous block
# <min> <max>
0	2

[block]
# block no. 3 follows, 28 sequences, length 64
# corresponding to MSA columns:
# 225-288
name=unknown_D
#
# <colnr> <probs for GDERKNQSTAVLIFYWHMCP>
#	G	D	E	R	K	N	Q	S	T	A	V	L	I	F	Y	W	H	M	C	P
0	0.01699	0.01785	0.07352	0.16617	0.53729	0.01704	0.02223	0.02168	0.01611	0.02277	0.01349	0.01806	0.01103	0.00665	0.00719	0.00222	0.00897	0.00640	0.00350	0.01084
1	0.79588	0.01406	0.01068	0.00956	0.01406	0.01631	0.00787	0.02137	0.01237	0.03261	0.01012	0.01181	0.00787	0.00675	0.00450	0.00225	0.00562	0.00394	0.00450	0.00787
2	0.09472	0.32552	0.22080	0.05901	0.02408	0.08057	0.01688	0.02223	0.01495	0.02047	0.01117	0.01357	0.00919	0.00704	0.00678	0.00201	0.05367	0.00469	0.00330	0.00935
3	0.01784	0.00906	0.01186	0.01039	0.01343	0.00804	0.00805	0.02066	0.01957	0.26507	0.32941	0.11331	0.11550	0.01395	0.00820	0.00236	0.00451	0.01207	0.00810	0.00863
4	0.01044	0.00705	0.00821	0.00832	0.00844	0.00711	0.00487	0.01070	0.01087	0.01458	0.02383	0.09271	0.02733	0.65045	0.08009	0.00708	0.00768	0.01106	0.00453	0.00464
5	0.01814	0.01715	0.02893	0.11431	0.54780	0.01757	0.05813	0.06572	0.01755	0.02465	0.01390	0.01819	0.01135	0.00669	0.00729	0.00220	0.00891	0.00660	0.00381	0.01111
6	0.03261	0.01237	0.01687	0.01293	0.01856	0.01068	0.01068	0.03543	0.02081	0.70423	0.02868	0.02474	0.01799	0.00900	0.00731	0.00225	0.00619	0.00731	0.00900	0.01237
7	0.00975	0.00715	0.00899	0.00995	0.01098	0.00672	0.00690	0.03802	0.01578	0.02094	0.11251	0.55490	0.12870	0.02082	0.00904	0.00279	0.00422	0.01863	0.00690	0.00630
8	0.01047	0.00701	0.00796	0.00805	0.00808	0.00698	0.00454	0.01055	0.01076	0.01435	0.02387	0.08653	0.02765	0.70391	0.03544	0.00682	0.00689	0.01114	0.00454	0.00449
9	0.01424	0.01362	0.02191	0.56101	0.04280	0.01758	0.01918	0.01832	0.01374	0.01832	0.01213	0.01856	0.00966	0.00855	0.01116	0.00260	0.17893	0.00644	0.00322	0.00805
10	0.01113	0.00762	0.00999	0.00929	0.01115	0.00700	0.00700	0.01453	0.02058	0.05454	0.67029	0.05319	0.06668	0.01464	0.00853	0.00228	0.00353	0.01293	0.00804	0.00707
11	0.02715	0.03464	0.02060	0.01873	0.02247	0.71536	0.01404	0.02903	0.02060	0.01779	0.01124	0.01311	0.00936	0.00749	0.00655	0.00187	0.01311	0.00468	0.00375	0.00843
12	0.03261	0.01237	0.01687	0.01293	0.01856	0.01068	0.01068	0.03543	0.02081	0.70423	0.02868	0.02474	0.01799	0.00900	0.00731	0.00225	0.00619	0.00731	0.00900	0.01237
13	0.01548	0.01528	0.02146	0.01852	0.01862	0.02126	0.01538	0.01715	0.01117	0.01745	0.01030	0.01687	0.01020	0.01591	0.07670	0.00383	0.67687	0.00647	0.00324	0.00784
14	0.02715	0.03464	0.02060	0.01873	0.02247	0.71536	0.01404	0.02903	0.02060	0.01779	0.01124	0.01311	0.00936	0.00749	0.00655	0.00187	0.01311	0.00468	0.00375	0.00843
15	0.01482	0.01358	0.02209	0.65439	0.07205	0.01662	0.01984	0.06271	0.01593	0.02059	0.01325	0.01920	0.00994	0.00734	0.00727	0.00240	0.00954	0.00647	0.00351	0.00849
16	0.01207	0.01046	0.01084	0.01152	0.01258	0.08717	0.00818	0.03263	0.01546	0.01967	0.06943	0.48098	0.04053	0.07757	0.01156	0.00313	0.02671	0.05688	0.00620	0.00642
17	0.01458	0.03760	0.70688	0.02072	0.03146	0.01688	0.02686	0.02302	0.01535	0.02302	0.01304	0.01535	0.00921	0.00691	0.00691	0.00230	0.01074	0.00537	0.00307	0.01074
18	0.08118	0.01248	0.01648	0.01272	0.01827	0.01104	0.01050	0.03453	0.02027	0.66149	0.02750	0.02392	0.01735	0.00885	0.00713	0.00225	0.00615	0.00710	0.00871	0.01208
19	0.01038	0.00779	0.01168	0.01168	0.01298	0.00909	0.00909	0.01298	0.01168	0.01687	0.01947	0.02856	0.01817	0.05452	0.71573	0.01168	0.01947	0.00779	0.00389	0.00649
20	0.01355	0.00678	0.00678	0.00678	0.00847	0.00678	0.00508	0.01694	0.01524	0.02710	0.02371	0.02710	0.01863	0.00847	0.00508	0.00169	0.00339	0.00678	0.78489	0.00678
21	0.01782	0.01692	0.02790	0.07072	0.60519	0.01730	0.02116	0.02374	0.08182	0.02418	0.01519	0.01894	0.01248	0.00684	0.00722	0.00220	0.00840	0.00665	0.00395	0.01137
22	0.00886	0.00737	0.00773	0.00764	0.00998	0.00625	0.00573	0.01095	0.01720	0.02112	0.17089	0.06751	0.59806	0.01785	0.00859	0.00243	0.00364	0.01500	0.00695	0.00625
23	0.01788	0.52152	0.25188	0.01508	0.02275	0.02496	0.01705	0.02217	0.01495	0.01899	0.01105	0.01284	0.00929	0.00644	0.00538	0.00179	0.00872	0.00436	0.00310	0.00978
24	0.74617	0.01556	0.05499	0.01027	0.01517	0.01634	0.00908	0.02147	0.01256	0.03200	0.01031	0.01203	0.00796	0.00676	0.00465	0.00225	0.00595	0.00403	0.00441	0.00805
25	0.01023	0.00738	0.00966	0.00919	0.01085	0.00682	0.00685	0.01357	0.02030	0.02871	0.66788	0.08304	0.06773	0.01519	0.00860	0.00231	0.00346	0.01346	0.00795	0.00682
26	0.01610	0.01480	0.02198	0.08270	0.07794	0.01319	0.12724	0.04264	0.04468	0.02419	0.01415	0.01708	0.01131	0.00608	0.00641	0.00162	0.00734	0.00566	0.00427	0.46061
27	0.01856	0.01521	0.01623	0.01438	0.01850	0.01727	0.01124	0.07921	0.57059	0.05319	0.05810	0.02894	0.04548	0.01025	0.00747	0.00243	0.00575	0.00852	0.00744	0.01122
28	0.01943	0.74891	0.03809	0.01244	0.01866	0.02876	0.01244	0.02177	0.01477	0.01710	0.01011	0.01166	0.00933	0.00622	0.00466	0.00155	0.00777	0.00389	0.00311	0.00933
29	0.01060	0.00757	0.00925	0.00874	0.01074	0.00680	0.00654	0.01346	0.01914	0.04966	0.47597	0.05745	0.24204	0.03861	0.00943	0.00248	0.00371	0.01348	0.00757	0.00677
30	0.00895	0.00637	0.00841	0.01000	0.01040	0.00597	0.00662	0.01015	0.01373	0.01830	0.03910	0.70083	0.04686	0.06340	0.01084	0.00318	0.00438	0.02010	0.00662	0.00582
31	0.00870	0.00737	0.00752	0.00748	0.00989	0.00618	0.00561	0.01065	0.01683	0.02026	0.11409	0.06894	0.65540	0.01818	0.00859	0.00244	0.00367	0.01520	0.00683	0.00618
32	0.12637	0.02384	0.01975	0.01634	0.02126	0.24015	0.01302	0.35833	0.05608	0.03458	0.01508	0.01578	0.01127	0.00813	0.00669	0.00211	0.00920	0.00569	0.00581	0.01050
33	0.74611	0.01399	0.01139	0.05522	0.01635	0.01630	0.00866	0.02119	0.01251	0.03172	0.01030	0.01229	0.00799	0.00678	0.00467	0.00226	0.00588	0.00410	0.00442	0.00789
34	0.01425	0.01139	0.01138	0.01094	0.01348	0.08744	0.00834	0.03766	0.01791	0.08313	0.12610	0.19275	0.23772	0.01620	0.00838	0.00248	0.00554	0.07522	0.00670	0.03300
35	0.02375	0.03643	0.01630	0.01254	0.01738	0.01177	0.01029	0.07125	0.06242	0.35160	0.10061	0.02983	0.02384	0.01118	0.02854	0.00242	0.00634	0.05054	0.00747	0.12550
36	0.10715	0.01650	0.10604	0.05387	0.02108	0.01387	0.01298	0.13699	0.02068	0.30256	0.06658	0.04541	0.01870	0.00915	0.00702	0.00226	0.00688	0.00731	0.03433	0.01066
37	0.01716	0.01961	0.04289	0.03064	0.03799	0.01838	0.67279	0.02328	0.01716	0.02328	0.01471	0.01961	0.01103	0.00613	0.00858	0.00245	0.01225	0.00858	0.00368	0.00980
38	0.02717	0.03414	0.02064	0.01866	0.02247	0.69095	0.01404	0.05178	0.02108	0.01878	0.01145	0.01326	0.00947	0.00753	0.00658	0.00188	0.01293	0.00475	0.00387	0.00857
39	0.01373	0.01292	0.02180	0.72707	0.05006	0.01615	0.02019	0.01857	0.01453	0.01857	0.01292	0.01938	0.00969	0.00727	0.00727	0.00242	0.00969	0.00646	0.00323	0.00807
40	0.03261	0.01237	0.01687	0.01293	0.01856	0.01068	0.01068	0.03543	0.02081	0.70423	0.02868	0.02474	0.01799	0.00900	0.00731	0.00225	0.00619	0.00731	0.00900	0.01237
41	0.01017	0.00743	0.00956	0.00903	0.01079	0.00681	0.00677	0.01350	0.02031	0.02851	0.65368	0.05535	0.11066	0.01510	0.00857	0.00230	0.00345	0.01329	0.00792	0.00681
42	0.01458	0.03760	0.70688	0.02072	0.03146	0.01688	0.02686	0.02302	0.01535	0.02302	0.01304	0.01535	0.00921	0.00691	0.00691	0.00230	0.01074	0.00537	0.00307	0.01074
43	0.79588	0.01406	0.01068	0.00956	0.01406	0.01631	0.00787	0.02137	0.01237	0.03261	0.01012	0.01181	0.00787	0.00675	0.00450	0.00225	0.00562	0.00394	0.00450	0.00787
44	0.01943	0.74891	0.03809	0.01244	0.01866	0.02876	0.01244	0.02177	0.01477	0.01710	0.01011	0.01166	0.00933	0.00622	0.00466	0.00155	0.00777	0.00389	0.00311	0.00933
45	0.01065	0.00895	0.00988	0.03958	0.01329	0.00863	0.00749	0.01585	0.12287	0.02268	0.14894	0.05928	0.45146	0.01615	0.00839	0.00246	0.00433	0.03506	0.00687	0.00719
46	0.01029	0.00743	0.00972	0.00914	0.01086	0.00686	0.00686	0.01372	0.02058	0.02915	0.69536	0.05430	0.06859	0.01486	0.00857	0.00229	0.00343	0.01315	0.00800	0.00686
47	0.02369	0.01036	0.01397	0.01147	0.01549	0.00912	0.00916	0.02665	0.02042	0.43595	0.26400	0.06697	0.03715	0.01168	0.00784	0.00229	0.00513	0.00996	0.00855	0.01014
48	0.00901	0.00738	0.00794	0.00780	0.01007	0.00631	0.00585	0.01123	0.01755	0.02196	0.22537	0.06613	0.54306	0.01754	0.00859	0.00241	0.00362	0.01481	0.00706	0.00631
49	0.01684	0.02042	0.15499	0.03777	0.52804	0.01650	0.02212	0.02187	0.01660	0.02397	0.05925	0.01993	0.01491	0.00712	0.00723	0.00219	0.00868	0.00672	0.00379	0.01106
50	0.00949	0.00725	0.00870	0.00865	0.01045	0.00647	0.00637	0.01205	0.01821	0.02428	0.38260	0.15736	0.28728	0.01724	0.00868	0.00244	0.00363	0.01499	0.00738	0.00647
51	0.01993	0.70346	0.03698	0.01284	0.01890	0.07245	0.01254	0.02223	0.01514	0.01715	0.01018	0.01175	0.00933	0.00630	0.00478	0.00157	0.00811	0.00394	0.00315	0.00927
52	0.01501	0.01265	0.01470	0.01059	0.01684	0.00956	0.00846	0.01824	0.01508	0.02384	0.01340	0.01561	0.01112	0.00552	0.00537	0.00110	0.00529	0.00442	0.03904	0.75417
53	0.01073	0.00822	0.01024	0.01012	0.01218	0.00705	0.00707	0.01243	0.01396	0.01961	0.03110	0.48092	0.03591	0.07804	0.01050	0.00277	0.00478	0.01528	0.00587	0.22322
54	0.06543	0.01727	0.02000	0.01536	0.02105	0.01791	0.04900	0.36451	0.07466	0.06494	0.01734	0.01812	0.01284	0.00929	0.02917	0.00228	0.00766	0.00622	0.00625	0.18069
55	0.00984	0.00697	0.00893	0.01012	0.01090	0.00665	0.00697	0.03187	0.01493	0.02012	0.06654	0.58859	0.06612	0.05195	0.01023	0.00303	0.00447	0.04251	0.03310	0.00615
56	0.01263	0.00631	0.00947	0.00947	0.00947	0.00631	0.00631	0.00947	0.00947	0.01263	0.01263	0.02210	0.01263	0.02525	0.02841	0.78851	0.00631	0.00631	0.00316	0.00316
57	0.01903	0.01537	0.01670	0.01406	0.01889	0.01643	0.01109	0.09635	0.45237	0.06048	0.02487	0.02355	0.01865	0.00878	0.00696	0.00214	0.00591	0.00720	0.00681	0.17437
58	0.01628	0.01518	0.02576	0.26099	0.44737	0.01621	0.02061	0.02029	0.01545	0.02138	0.01337	0.01870	0.01100	0.00792	0.00857	0.05228	0.00883	0.00646	0.00345	0.00988
59	0.01171	0.00837	0.01171	0.01339	0.01506	0.00837	0.01171	0.01506	0.01673	0.02175	0.03849	0.08199	0.04183	0.02008	0.01004	0.00335	0.00669	0.65027	0.00669	0.00669
60	0.01799	0.01727	0.02950	0.04462	0.69919	0.01727	0.02231	0.02231	0.01655	0.02375	0.01367	0.01799	0.01151	0.00648	0.00720	0.00216	0.00864	0.00648	0.00360	0.01151
61	0.79588	0.01406	0.01068	0.00956	0.01406	0.01631	0.00787	0.02137	0.01237	0.03261	0.01012	0.01181	0.00787	0.00675	0.00450	0.00225	0.00562	0.00394	0.00450	0.00787
62	0.02002	0.01450	0.01627	0.01331	0.01712	0.01553	0.01038	0.33450	0.05140	0.05078	0.04428	0.02719	0.01867	0.17507	0.10066	0.00435	0.00871	0.00776	0.00611	0.06341
63	0.02265	0.01916	0.01701	0.01476	0.01873	0.19977	0.01146	0.12657	0.17145	0.13746	0.11807	0.06555	0.02469	0.01036	0.00741	0.00223	0.00769	0.00828	0.00672	0.00998

[dist]
# distance from previous block
# <min> <max>
2	6

[block]
# block no. 4 follows, 28 sequences, length 6
# corresponding to MSA columns:
# 295-300
name=unknown_E
#
# <colnr> <probs for GDERKNQSTAVLIFYWHMCP>
#	G	D	E	R	K	N	Q	S	T	A	V	L	I	F	Y	W	H	M	C	P
0	0.02003	0.01379	0.01581	0.01289	0.01729	0.01406	0.01033	0.22859	0.10379	0.12068	0.14227	0.03092	0.08423	0.01302	0.04758	0.00268	0.00667	0.00858	0.00706	0.09975
1	0.06118	0.01875	0.06231	0.01665	0.06252	0.09553	0.01326	0.16438	0.05369	0.30316	0.02075	0.01987	0.01421	0.00822	0.00695	0.00213	0.00771	0.00640	0.00678	0.05554
2	0.01692	0.01357	0.01772	0.01835	0.13357	0.01376	0.03335	0.17589	0.07439	0.02954	0.12420	0.14208	0.04756	0.01150	0.00760	0.00223	0.00620	0.01006	0.04030	0.08121
3	0.01535	0.01079	0.01347	0.05661	0.01697	0.01037	0.00955	0.07743	0.06340	0.09090	0.17706	0.16792	0.05626	0.01316	0.00783	0.00227	0.00536	0.05058	0.00667	0.14804
4	0.01708	0.20487	0.37655	0.02153	0.07843	0.06326	0.09655	0.02307	0.01583	0.02136	0.01246	0.01501	0.00963	0.00666	0.00656	0.00210	0.01019	0.00542	0.00323	0.01021
5	0.14727	0.35469	0.09968	0.01282	0.01805	0.07213	0.01230	0.02044	0.01520	0.02146	0.06513	0.09912	0.01796	0.00903	0.00584	0.00199	0.00740	0.00674	0.00417	0.00859

[dist]
# distance from previous block
# <min> <max>
45	97

[block]
# block no. 5 follows, 28 sequences, length 61
# corresponding to MSA columns:
# 407-467
name=unknown_F
#
# <colnr> <probs for GDERKNQSTAVLIFYWHMCP>
#	G	D	E	R	K	N	Q	S	T	A	V	L	I	F	Y	W	H	M	C	P
0	0.34388	0.05473	0.24959	0.01529	0.02182	0.05353	0.05794	0.02167	0.01440	0.02630	0.03626	0.01556	0.01107	0.00789	0.00690	0.03700	0.00823	0.00520	0.00393	0.00882
1	0.01710	0.01945	0.09747	0.02616	0.05696	0.01701	0.43323	0.04342	0.01729	0.05289	0.01994	0.02474	0.06147	0.00812	0.00916	0.00248	0.05000	0.02917	0.00426	0.00968
2	0.02146	0.05092	0.02172	0.05155	0.13528	0.32367	0.01500	0.07120	0.04067	0.02145	0.03291	0.01781	0.01293	0.01262	0.07662	0.00304	0.07197	0.00596	0.00414	0.00908
3	0.22023	0.16382	0.31005	0.01613	0.02367	0.01893	0.05018	0.04956	0.01554	0.02561	0.03713	0.01546	0.01129	0.00707	0.00601	0.00215	0.00853	0.00521	0.00384	0.00960
4	0.13106	0.04360	0.05220	0.01245	0.01627	0.13061	0.01029	0.04908	0.01874	0.09702	0.23780	0.08364	0.03244	0.01099	0.00713	0.00217	0.00658	0.00890	0.00613	0.04290
5	0.09098	0.01210	0.04346	0.02921	0.04112	0.03526	0.01119	0.05263	0.03911	0.04505	0.10332	0.13485	0.03362	0.01478	0.00821	0.00269	0.00629	0.23686	0.05146	0.00781
6	0.02299	0.08830	0.02191	0.01853	0.05679	0.34972	0.01391	0.10658	0.08982	0.02283	0.01512	0.04980	0.01303	0.00903	0.00866	0.00216	0.09067	0.00625	0.00458	0.00930
7	0.05563	0.01364	0.01650	0.01304	0.01813	0.01320	0.01063	0.15827	0.06833	0.39244	0.07562	0.02715	0.05620	0.00971	0.00729	0.00222	0.00613	0.00783	0.00801	0.04002
8	0.01209	0.00845	0.01040	0.00985	0.01200	0.00806	0.00739	0.01680	0.08867	0.06851	0.42500	0.13426	0.13967	0.01539	0.00846	0.00240	0.00397	0.01346	0.00769	0.00748
9	0.14183	0.13883	0.42828	0.01925	0.05605	0.01867	0.05666	0.02255	0.01493	0.02373	0.01225	0.01457	0.00921	0.00672	0.00628	0.00218	0.00946	0.00514	0.00336	0.01005
10	0.01596	0.01530	0.02671	0.27421	0.36125	0.01629	0.08150	0.02055	0.01593	0.02178	0.01548	0.02369	0.01325	0.00779	0.00758	0.00237	0.00918	0.05768	0.00372	0.00980
11	0.00925	0.00678	0.00876	0.01012	0.01104	0.00629	0.00722	0.01095	0.01493	0.01956	0.07198	0.53266	0.13861	0.02149	0.00925	0.00291	0.00443	0.10090	0.00679	0.00608
12	0.01886	0.01051	0.01133	0.00973	0.01280	0.01083	0.00770	0.17038	0.02021	0.10504	0.02281	0.02462	0.01712	0.00859	0.00583	0.00187	0.00475	0.00678	0.52157	0.00867
13	0.09688	0.01236	0.01554	0.01368	0.04205	0.01228	0.01041	0.05986	0.06721	0.35541	0.06927	0.09762	0.02310	0.04323	0.00947	0.00259	0.04257	0.00881	0.00738	0.01027
14	0.01340	0.00873	0.01081	0.01094	0.01312	0.00828	0.00847	0.04873	0.03885	0.09991	0.06598	0.28442	0.19078	0.01825	0.00887	0.00276	0.00505	0.14816	0.00708	0.00740
15	0.01061	0.00843	0.00970	0.00954	0.01169	0.00807	0.00716	0.01555	0.11001	0.02430	0.27402	0.14414	0.28576	0.01663	0.00855	0.00249	0.00405	0.03492	0.00726	0.00711
16	0.02440	0.05685	0.02032	0.01611	0.02070	0.23386	0.01294	0.34283	0.02657	0.03238	0.05339	0.02385	0.04995	0.00964	0.00721	0.00214	0.00904	0.04173	0.00597	0.01011
17	0.02403	0.01759	0.02085	0.05283	0.05100	0.01907	0.03545	0.47238	0.02855	0.07517	0.02050	0.11119	0.01706	0.01030	0.00757	0.00230	0.00767	0.00847	0.00682	0.01119
18	0.01170	0.00849	0.01046	0.01001	0.01064	0.00924	0.00678	0.04522	0.01272	0.01748	0.06038	0.07082	0.02640	0.46099	0.14916	0.00687	0.06218	0.01016	0.00468	0.00563
19	0.01549	0.01317	0.01530	0.01097	0.01740	0.01012	0.00879	0.04027	0.01571	0.02443	0.01307	0.01515	0.01082	0.00550	0.00545	0.00111	0.00547	0.00438	0.00441	0.76300
20	0.02461	0.01894	0.02007	0.01620	0.02077	0.06335	0.01313	0.44408	0.06908	0.07316	0.01956	0.07832	0.01580	0.01028	0.00896	0.00234	0.07579	0.00773	0.00672	0.01111
21	0.01799	0.01727	0.02950	0.04462	0.69919	0.01727	0.02231	0.02231	0.01655	0.02375	0.01367	0.01799	0.01151	0.00648	0.00720	0.00216	0.00864	0.00648	0.00360	0.01151
22	0.01373	0.01292	0.02180	0.72707	0.05006	0.01615	0.02019	0.01857	0.01453	0.01857	0.01292	0.01938	0.00969	0.00727	0.00727	0.00242	0.00969	0.00646	0.00323	0.00807
23	0.01507	0.01292	0.01507	0.01077	0.01723	0.00969	0.00861	0.01830	0.01507	0.02369	0.01292	0.01507	0.01077	0.00538	0.00538	0.00108	0.00538	0.00431	0.00431	0.78898
24	0.01808	0.01561	0.01644	0.01479	0.01890	0.01808	0.01151	0.03863	0.68606	0.03041	0.02959	0.02712	0.02219	0.00986	0.00740	0.00247	0.00575	0.00822	0.00740	0.01151
25	0.75771	0.01397	0.01099	0.00973	0.01428	0.01603	0.00801	0.02207	0.01279	0.06621	0.01105	0.01246	0.00838	0.00686	0.00464	0.00225	0.00565	0.00410	0.00472	0.00810
26	0.01563	0.01508	0.02652	0.46276	0.16633	0.01697	0.12232	0.04772	0.01615	0.02141	0.01353	0.01908	0.01035	0.00701	0.00746	0.00237	0.00983	0.00680	0.00354	0.00916
27	0.01023	0.00743	0.00963	0.00908	0.01082	0.00683	0.00681	0.01360	0.02044	0.02882	0.67366	0.05484	0.09049	0.01498	0.00857	0.00229	0.00344	0.01322	0.00796	0.00683
28	0.01029	0.00743	0.00972	0.00914	0.01086	0.00686	0.00686	0.01372	0.02058	0.02915	0.69536	0.05430	0.06859	0.01486	0.00857	0.00229	0.00343	0.01315	0.00800	0.00686
29	0.05895	0.01309	0.01666	0.01303	0.01829	0.01219	0.01063	0.09147	0.05658	0.55361	0.02677	0.02474	0.01770	0.04146	0.00852	0.00247	0.00634	0.00731	0.00839	0.01180
30	0.00893	0.00738	0.00783	0.00772	0.01003	0.00628	0.00579	0.01109	0.01737	0.02154	0.19776	0.06683	0.57093	0.01770	0.00859	0.00242	0.00363	0.01490	0.00700	0.00628
31	0.00928	0.00723	0.00846	0.00868	0.01049	0.00640	0.00642	0.01156	0.01727	0.02237	0.25164	0.19301	0.35711	0.01825	0.00878	0.00254	0.00384	0.04321	0.00712	0.00633
32	0.01458	0.03760	0.70688	0.02072	0.03146	0.01688	0.02686	0.02302	0.01535	0.02302	0.01304	0.01535	0.00921	0.00691	0.00691	0.00230	0.01074	0.00537	0.00307	0.01074
33	0.12273	0.01497	0.02323	0.24544	0.34891	0.01610	0.01862	0.02058	0.01530	0.02331	0.01379	0.01966	0.01148	0.00717	0.00686	0.00224	0.00831	0.02848	0.00375	0.04907
34	0.02763	0.02036	0.02182	0.01672	0.02254	0.02254	0.01382	0.67496	0.03418	0.04581	0.01745	0.01745	0.01236	0.00873	0.00727	0.00218	0.00800	0.00654	0.00727	0.01236
35	0.01376	0.01147	0.01467	0.08922	0.04416	0.01012	0.01005	0.04511	0.01557	0.02261	0.02113	0.22898	0.02173	0.01089	0.00688	0.00186	0.00574	0.00953	0.00501	0.41151
36	0.01288	0.01167	0.01916	0.57680	0.04183	0.01412	0.01739	0.01723	0.01521	0.01984	0.09743	0.08781	0.02020	0.00956	0.00760	0.00245	0.00845	0.00853	0.00412	0.00774
37	0.01373	0.01292	0.02180	0.72707	0.05006	0.01615	0.02019	0.01857	0.01453	0.01857	0.01292	0.01938	0.00969	0.00727	0.00727	0.00242	0.00969	0.00646	0.00323	0.00807
38	0.02032	0.48323	0.10030	0.01457	0.02049	0.18302	0.01402	0.02321	0.01640	0.01836	0.03960	0.01416	0.01183	0.00694	0.00549	0.00173	0.00910	0.00461	0.00346	0.00916
39	0.13817	0.01691	0.01702	0.01392	0.01885	0.08324	0.01123	0.18550	0.12133	0.25397	0.02155	0.02046	0.01500	0.00857	0.00674	0.00220	0.00702	0.00650	0.04085	0.01097
40	0.00923	0.00739	0.00825	0.00803	0.01021	0.00641	0.00602	0.01166	0.01807	0.02320	0.30682	0.06408	0.46084	0.01708	0.00858	0.00239	0.00359	0.01452	0.00722	0.00641
41	0.01050	0.00774	0.00988	0.00942	0.01126	0.00725	0.00717	0.01437	0.04161	0.02819	0.59954	0.05586	0.10726	0.01520	0.00861	0.00236	0.00369	0.04531	0.00783	0.00695
42	0.79588	0.01406	0.01068	0.00956	0.01406	0.01631	0.00787	0.02137	0.01237	0.03261	0.01012	0.01181	0.00787	0.00675	0.00450	0.00225	0.00562	0.00394	0.00450	0.00787
43	0.01112	0.00832	0.01035	0.01013	0.01024	0.00929	0.00671	0.01165	0.01122	0.01542	0.02340	0.15019	0.02691	0.49368	0.05565	0.00598	0.11851	0.01140	0.00456	0.00526
44	0.00886	0.00633	0.00843	0.01012	0.01054	0.00590	0.00675	0.01012	0.01392	0.01856	0.04006	0.73979	0.04808	0.02277	0.00928	0.00295	0.00422	0.02066	0.00675	0.00590
45	0.02491	0.18162	0.02413	0.01675	0.02128	0.41933	0.01346	0.14027	0.02138	0.02253	0.01243	0.01421	0.01025	0.00941	0.03597	0.00227	0.01135	0.00497	0.00424	0.00923
46	0.01320	0.00800	0.01057	0.00976	0.01188	0.00729	0.00737	0.01633	0.01996	0.12032	0.54012	0.11740	0.05967	0.01483	0.00847	0.00235	0.00388	0.01309	0.00801	0.00752
47	0.01848	0.01775	0.02850	0.07708	0.61607	0.04014	0.02158	0.04966	0.01732	0.02422	0.01371	0.01788	0.01139	0.00664	0.00718	0.00216	0.00881	0.00642	0.00374	0.01128
48	0.11299	0.01717	0.03211	0.05206	0.18289	0.01676	0.35488	0.02172	0.01585	0.02387	0.01365	0.01817	0.01077	0.00725	0.00856	0.04199	0.00989	0.00713	0.00375	0.04853
49	0.01237	0.00637	0.00922	0.00930	0.00940	0.00635	0.00618	0.00989	0.01000	0.01363	0.01504	0.05992	0.01541	0.06261	0.02689	0.67318	0.00612	0.00728	0.03732	0.00352
50	0.04584	0.00825	0.00966	0.00978	0.01147	0.00793	0.00716	0.03705	0.01556	0.05974	0.07644	0.20942	0.18282	0.18109	0.01502	0.00368	0.00534	0.10093	0.00633	0.00647
51	0.02053	0.01632	0.01742	0.01482	0.01782	0.09091	0.01178	0.25151	0.02105	0.05806	0.01719	0.05090	0.01456	0.01719	0.09920	0.08549	0.12228	0.00711	0.05695	0.00892
52	0.01581	0.01207	0.01592	0.01373	0.01637	0.01346	0.04609	0.19415	0.01804	0.02505	0.01885	0.02714	0.01701	0.13340	0.33851	0.00729	0.04352	0.00779	0.02775	0.00805
53	0.01527	0.01472	0.02580	0.39131	0.26824	0.01624	0.08322	0.01988	0.01544	0.02079	0.01471	0.05496	0.01236	0.00766	0.00747	0.00236	0.00930	0.00738	0.00357	0.00931
54	0.04035	0.08582	0.56953	0.02057	0.06552	0.01732	0.02411	0.02244	0.01549	0.02320	0.04159	0.01675	0.01181	0.00716	0.00675	0.00224	0.00994	0.00561	0.00336	0.01043
55	0.31657	0.05195	0.01290	0.01046	0.01399	0.01340	0.00825	0.08485	0.01627	0.08568	0.04987	0.14051	0.08873	0.06648	0.00880	0.00270	0.00563	0.00916	0.00580	0.00800
56	0.01774	0.08614	0.01747	0.01477	0.04551	0.19637	0.01087	0.04179	0.05426	0.02014	0.01780	0.05497	0.01663	0.11932	0.09651	0.00394	0.07052	0.00726	0.10021	0.00779
57	0.07957	0.01524	0.04188	0.24463	0.23829	0.01573	0.01742	0.05801	0.04213	0.09093	0.05160	0.02067	0.01468	0.00766	0.00704	0.00225	0.00803	0.00668	0.00466	0.03290
58	0.01735	0.01785	0.06515	0.11632	0.56780	0.01716	0.02194	0.02253	0.04039	0.02339	0.01413	0.01833	0.01157	0.00671	0.00720	0.00221	0.00876	0.00648	0.00367	0.01110
59	0.05150	0.39705	0.12936	0.08319	0.06075	0.08415	0.01569	0.02335	0.05713	0.02001	0.01230	0.01436	0.01021	0.00679	0.00570	0.00189	0.00868	0.00483	0.00352	0.00953
60	0.02076	0.01385	0.01453	0.01262	0.01630	0.08416	0.00993	0.10471	0.07353	0.19588	0.10407	0.10539	0.04620	0.01170	0.00749	0.00226	0.00623	0.04686	0.08034	0.04321

[dist]
# distance from previous block
# <min> <max>
2	8

[block]
# block no. 6 follows, 28 sequences, length 251
# corresponding to MSA columns:
# 476-726
name=unknown_G
#
# <colnr> <probs for GDERKNQSTAVLIFYWHMCP>
#	G	D	E	R	K	N	Q	S	T	A	V	L	I	F	Y	W	H	M	C	P
0	0.01467	0.04570	0.01229	0.01035	0.01286	0.00922	0.00784	0.04699	0.01697	0.12557	0.13367	0.19652	0.13232	0.10799	0.03879	0.00335	0.00574	0.03406	0.00662	0.03847
1	0.02169	0.01629	0.01895	0.01519	0.01968	0.01742	0.04253	0.43833	0.02755	0.03716	0.07702	0.13679	0.02311	0.03820	0.00879	0.00247	0.00710	0.00951	0.00688	0.03535
2	0.02225	0.40452	0.09081	0.01520	0.02116	0.19029	0.01421	0.10093	0.01870	0.04433	0.01213	0.01346	0.00998	0.00697	0.00571	0.00179	0.00928	0.00464	0.00395	0.00970
3	0.05343	0.16279	0.02124	0.11347	0.02121	0.06757	0.01295	0.04018	0.01486	0.02125	0.01465	0.02055	0.01283	0.00941	0.01073	0.00230	0.20183	0.03701	0.15360	0.00813
4	0.09161	0.16007	0.38472	0.02081	0.06090	0.01922	0.12054	0.02264	0.01529	0.02296	0.01251	0.01512	0.00949	0.00663	0.00654	0.00218	0.00984	0.00551	0.00333	0.01010
5	0.01039	0.00776	0.01152	0.01152	0.01276	0.00900	0.00888	0.01288	0.01163	0.01675	0.01962	0.02938	0.01853	0.08442	0.68632	0.01148	0.01893	0.00791	0.00392	0.00640
6	0.00911	0.00722	0.00819	0.00829	0.01022	0.00631	0.00609	0.01131	0.01730	0.02217	0.24452	0.16750	0.41989	0.01807	0.00869	0.00248	0.00369	0.01553	0.00710	0.00631
7	0.01515	0.01559	0.02988	0.02282	0.02774	0.01529	0.38325	0.02083	0.06725	0.02243	0.02147	0.16771	0.02048	0.01075	0.00960	0.00257	0.05967	0.03609	0.00470	0.04675
8	0.00924	0.00658	0.00876	0.01036	0.01090	0.00622	0.00716	0.01067	0.01405	0.01868	0.03906	0.63606	0.04636	0.05756	0.01071	0.00319	0.00462	0.08727	0.00663	0.00592
9	0.01481	0.01142	0.01310	0.01271	0.01570	0.01217	0.01018	0.02527	0.30720	0.05851	0.06813	0.08239	0.13498	0.01475	0.00844	0.00271	0.00554	0.18588	0.00718	0.00894
10	0.01507	0.01292	0.01507	0.01077	0.01723	0.00969	0.00861	0.01830	0.01507	0.02369	0.01292	0.01507	0.01077	0.00538	0.00538	0.00108	0.00538	0.00431	0.00431	0.78898
11	0.02226	0.02017	0.01704	0.01510	0.01920	0.22483	0.01167	0.03305	0.33287	0.12830	0.02742	0.02593	0.07075	0.00969	0.00723	0.00225	0.00786	0.00758	0.00650	0.01029
12	0.01932	0.72543	0.03758	0.01265	0.01867	0.02855	0.01255	0.02163	0.01465	0.01711	0.01009	0.01180	0.00934	0.00643	0.00528	0.00161	0.03095	0.00397	0.00311	0.00928
13	0.01770	0.01349	0.01580	0.01146	0.01779	0.01085	0.00923	0.07455	0.01718	0.08696	0.01472	0.01614	0.01155	0.00599	0.00571	0.00127	0.00567	0.00476	0.00498	0.65418
14	0.01580	0.01503	0.02554	0.39600	0.36497	0.01669	0.02122	0.02038	0.01551	0.02108	0.01329	0.01871	0.01057	0.00688	0.00723	0.00229	0.00918	0.00647	0.00341	0.00974
15	0.01036	0.00699	0.00811	0.00831	0.00840	0.00698	0.00483	0.01060	0.01100	0.01471	0.02481	0.12815	0.02870	0.63777	0.05549	0.00672	0.00711	0.01167	0.00466	0.00465
16	0.01532	0.01314	0.01519	0.01110	0.01736	0.01038	0.00885	0.01997	0.07021	0.02424	0.01429	0.01606	0.01171	0.00575	0.00555	0.00119	0.00541	0.00463	0.00456	0.72509
17	0.01796	0.01787	0.02697	0.03947	0.58787	0.07290	0.02026	0.02188	0.01688	0.02293	0.01839	0.02186	0.06748	0.00754	0.00726	0.00216	0.00859	0.00706	0.00387	0.01082
18	0.01100	0.00791	0.01086	0.01246	0.01391	0.00777	0.01043	0.01386	0.01616	0.02102	0.04041	0.21349	0.07298	0.02054	0.00982	0.00323	0.00606	0.49489	0.00671	0.00651
19	0.01099	0.00835	0.01111	0.01255	0.04423	0.00795	0.00976	0.01405	0.01749	0.02291	0.18322	0.07051	0.19557	0.01798	0.00927	0.00287	0.00541	0.34212	0.00684	0.00682
20	0.01012	0.00730	0.00957	0.00926	0.01082	0.00675	0.00685	0.01330	0.01980	0.02792	0.61932	0.13384	0.06621	0.01578	0.00866	0.00236	0.00352	0.01402	0.00786	0.00675
21	0.01185	0.00923	0.01127	0.01020	0.01326	0.00772	0.00745	0.01406	0.01426	0.02092	0.02629	0.34291	0.02881	0.04473	0.03441	0.00258	0.00534	0.01215	0.04429	0.33828
22	0.03972	0.00820	0.01020	0.00947	0.01124	0.00779	0.00686	0.01580	0.01710	0.10894	0.35209	0.04846	0.04607	0.23621	0.01700	0.00378	0.00511	0.04228	0.00685	0.00683
23	0.05313	0.01794	0.08436	0.26043	0.20691	0.04290	0.01924	0.04428	0.04805	0.02231	0.01339	0.01786	0.01070	0.00802	0.00959	0.00242	0.11897	0.00626	0.00373	0.00951
24	0.07471	0.19036	0.05474	0.01644	0.06739	0.10410	0.01325	0.19885	0.02183	0.07764	0.09604	0.02007	0.01792	0.00837	0.00652	0.00202	0.00790	0.00631	0.00545	0.01008
25	0.00896	0.00640	0.00855	0.01024	0.01071	0.00599	0.00693	0.01030	0.01402	0.01867	0.04001	0.71614	0.04785	0.02268	0.00931	0.00297	0.00431	0.04330	0.00675	0.00593
26	0.01547	0.01316	0.01529	0.01096	0.01740	0.01010	0.00878	0.03918	0.01568	0.02439	0.01306	0.01515	0.01082	0.00549	0.00544	0.00111	0.00547	0.00438	0.00440	0.76429
27	0.14986	0.42829	0.13631	0.01428	0.04361	0.02279	0.01399	0.02213	0.01499	0.04863	0.03886	0.01471	0.01186	0.00688	0.00534	0.00187	0.00767	0.00473	0.00378	0.00940
28	0.07787	0.04415	0.04158	0.03830	0.01728	0.04683	0.01041	0.24335	0.02148	0.03114	0.02206	0.04436	0.05675	0.05599	0.00835	0.00238	0.00654	0.00735	0.21488	0.00894
29	0.00872	0.00737	0.00754	0.00750	0.00990	0.00619	0.00562	0.01067	0.01686	0.02034	0.11955	0.06880	0.64989	0.01815	0.00859	0.00244	0.00366	0.01518	0.00684	0.00619
30	0.01526	0.01411	0.02357	0.23024	0.38625	0.01497	0.01911	0.01929	0.01568	0.02153	0.01836	0.10907	0.01750	0.00960	0.00766	0.00241	0.00827	0.05347	0.00409	0.00954
31	0.01878	0.01716	0.06830	0.10166	0.45872	0.01595	0.04345	0.02323	0.01682	0.10408	0.01662	0.02201	0.01347	0.00754	0.00739	0.00227	0.00860	0.03866	0.00433	0.01094
32	0.01357	0.01263	0.02111	0.69124	0.04797	0.01570	0.01940	0.01817	0.01434	0.01835	0.01342	0.02078	0.01052	0.04400	0.00875	0.00265	0.00956	0.00666	0.00329	0.00789
33	0.00886	0.00633	0.00843	0.01012	0.01054	0.00590	0.00675	0.01012	0.01392	0.01856	0.04006	0.73979	0.04808	0.02277	0.00928	0.00295	0.00422	0.02066	0.00675	0.00590
34	0.01594	0.09672	0.54061	0.02269	0.10745	0.04822	0.02453	0.02309	0.01566	0.02237	0.01278	0.01524	0.00949	0.00682	0.00673	0.00220	0.01034	0.00534	0.00316	0.01061
35	0.05039	0.21085	0.06904	0.01591	0.04463	0.16605	0.01346	0.13957	0.02073	0.11727	0.07118	0.01876	0.01596	0.00809	0.00643	0.00198	0.00851	0.00594	0.00524	0.01000
36	0.60681	0.04630	0.01164	0.00981	0.01371	0.01505	0.00802	0.01951	0.01289	0.02919	0.01625	0.06242	0.03597	0.04082	0.00666	0.00254	0.00570	0.04439	0.00477	0.00754
37	0.01943	0.74891	0.03809	0.01244	0.01866	0.02876	0.01244	0.02177	0.01477	0.01710	0.01011	0.01166	0.00933	0.00622	0.00466	0.00155	0.00777	0.00389	0.00311	0.00933
38	0.01726	0.01387	0.08830	0.01261	0.01713	0.01098	0.01110	0.04828	0.09313	0.15706	0.16051	0.09530	0.05767	0.01181	0.00765	0.00225	0.00580	0.05459	0.00675	0.12795
39	0.02016	0.01656	0.01778	0.01645	0.05242	0.03802	0.01230	0.10460	0.52852	0.06897	0.02696	0.02512	0.02003	0.00946	0.00734	0.00239	0.00636	0.00781	0.00718	0.01156
40	0.00942	0.00727	0.00865	0.00889	0.01068	0.00650	0.00664	0.01178	0.01739	0.02267	0.26579	0.18741	0.32661	0.01818	0.00882	0.00256	0.00392	0.06329	0.00715	0.00637
41	0.05236	0.03515	0.64284	0.01967	0.02972	0.01642	0.02507	0.02254	0.01543	0.02375	0.04247	0.01686	0.01172	0.00724	0.00686	0.00230	0.01018	0.00564	0.00335	0.01044
42	0.01726	0.01236	0.01590	0.04546	0.09193	0.04452	0.01312	0.02300	0.11009	0.12669	0.03078	0.05304	0.02941	0.01441	0.00868	0.00282	0.00712	0.33801	0.00653	0.00888
43	0.01552	0.20355	0.51459	0.01813	0.02727	0.01919	0.02234	0.02210	0.01497	0.02118	0.01284	0.01608	0.01009	0.04350	0.00788	0.00236	0.00986	0.00528	0.00315	0.01009
44	0.00886	0.00633	0.00843	0.01012	0.01054	0.00590	0.00675	0.01012	0.01392	0.01856	0.04006	0.73979	0.04808	0.02277	0.00928	0.00295	0.00422	0.02066	0.00675	0.00590
45	0.01020	0.00736	0.00946	0.00904	0.01060	0.00681	0.00664	0.01324	0.01947	0.02734	0.60080	0.08177	0.08538	0.06729	0.01063	0.00266	0.00373	0.01334	0.00765	0.00662
46	0.03244	0.01265	0.01704	0.01306	0.01869	0.01110	0.01079	0.05763	0.02127	0.68137	0.02829	0.02449	0.01780	0.00899	0.00731	0.00225	0.00625	0.00728	0.00894	0.01237
47	0.03261	0.01237	0.01687	0.01293	0.01856	0.01068	0.01068	0.03543	0.02081	0.70423	0.02868	0.02474	0.01799	0.00900	0.00731	0.00225	0.00619	0.00731	0.00900	0.01237
48	0.01558	0.01749	0.06595	0.32290	0.06589	0.01746	0.32122	0.02106	0.01574	0.02112	0.01366	0.01912	0.01034	0.00688	0.00840	0.00245	0.03480	0.00738	0.00344	0.00912
49	0.00867	0.00732	0.00750	0.00756	0.00989	0.00615	0.00563	0.01054	0.01660	0.01995	0.09587	0.09995	0.64264	0.01847	0.00862	0.00247	0.00370	0.01550	0.00680	0.00615
50	0.01855	0.25502	0.10448	0.01268	0.01780	0.01655	0.01213	0.04254	0.01811	0.15148	0.21052	0.02773	0.02840	0.01164	0.04001	0.00248	0.00715	0.00762	0.00578	0.00933
51	0.04766	0.48693	0.12689	0.01470	0.02101	0.15834	0.01459	0.02332	0.01588	0.01861	0.01073	0.01246	0.00927	0.00658	0.00533	0.00174	0.00913	0.00425	0.00327	0.00930
52	0.01263	0.00631	0.00947	0.00947	0.00947	0.00631	0.00631	0.00947	0.00947	0.01263	0.01263	0.02210	0.01263	0.02525	0.02841	0.78851	0.00631	0.00631	0.00316	0.00316
53	0.20637	0.11471	0.01734	0.03536	0.01725	0.03768	0.01005	0.09293	0.01834	0.13570	0.12831	0.02448	0.04337	0.01100	0.03709	0.00250	0.00681	0.00692	0.00587	0.04794
54	0.05222	0.09403	0.53360	0.02003	0.05993	0.01741	0.02331	0.02376	0.01564	0.07521	0.01389	0.01572	0.00994	0.00698	0.00665	0.00223	0.00981	0.00538	0.00362	0.01065
55	0.13362	0.05872	0.57773	0.01873	0.02837	0.01721	0.02347	0.02273	0.01487	0.02427	0.01250	0.01468	0.00901	0.00686	0.00646	0.00227	0.00986	0.00510	0.00329	0.01026
56	0.02654	0.05899	0.02182	0.01674	0.02184	0.20061	0.01349	0.45460	0.02894	0.03614	0.01568	0.01707	0.01192	0.03309	0.00796	0.00224	0.00927	0.00607	0.00607	0.01093
57	0.01639	0.04566	0.01706	0.01291	0.01764	0.04662	0.03126	0.11708	0.01752	0.02468	0.01690	0.07452	0.01529	0.01734	0.14964	0.00364	0.00924	0.00676	0.00476	0.35508
58	0.01402	0.00878	0.01014	0.00941	0.01116	0.00844	0.00649	0.06808	0.01566	0.10153	0.05938	0.11993	0.16341	0.34716	0.02132	0.00454	0.00591	0.01197	0.00604	0.00661
59	0.01507	0.01292	0.01507	0.01077	0.01723	0.00969	0.00861	0.01830	0.01507	0.02369	0.01292	0.01507	0.01077	0.00538	0.00538	0.00108	0.00538	0.00431	0.00431	0.78898
60	0.01408	0.02218	0.27496	0.07286	0.02847	0.01476	0.18227	0.01986	0.01569	0.02253	0.07883	0.06827	0.01874	0.01242	0.06279	0.00312	0.03561	0.00823	0.03528	0.00906
61	0.06730	0.01272	0.01676	0.01291	0.01849	0.01135	0.01066	0.05664	0.02088	0.65105	0.02745	0.02390	0.01734	0.00888	0.00718	0.00225	0.00622	0.00713	0.00873	0.01216
62	0.01579	0.01522	0.02375	0.12910	0.02591	0.01899	0.11533	0.05087	0.01430	0.02076	0.03562	0.04647	0.01372	0.01096	0.01633	0.00281	0.39347	0.00751	0.03478	0.00831
63	0.00960	0.00740	0.00876	0.00842	0.01043	0.00656	0.00631	0.01238	0.01894	0.02527	0.44155	0.06069	0.32482	0.01631	0.00858	0.00235	0.00353	0.01404	0.00749	0.00656
64	0.01426	0.01117	0.01265	0.01222	0.01479	0.01184	0.00926	0.11496	0.19993	0.02611	0.03822	0.30627	0.12048	0.01646	0.00844	0.00267	0.00529	0.05953	0.00700	0.00845
65	0.01652	0.12761	0.02504	0.10553	0.02352	0.04465	0.04819	0.01893	0.01286	0.01820	0.01086	0.01617	0.00992	0.01041	0.01689	0.00271	0.44685	0.00607	0.03083	0.00824
66	0.01437	0.01009	0.01173	0.01068	0.01351	0.00987	0.00832	0.11601	0.05383	0.07570	0.23287	0.11453	0.23110	0.01532	0.00838	0.00245	0.00478	0.05105	0.00738	0.00802
67	0.01049	0.00701	0.00795	0.00803	0.00805	0.00699	0.00451	0.01055	0.01073	0.01430	0.02371	0.08006	0.02744	0.71066	0.03570	0.00686	0.00691	0.01104	0.00451	0.00447
