[name]
unknown

[dist]
# distance from previous block
# <min> <max>
0	113

[block]
# block no. 0 follows, 28 sequences, length 15
# corresponding to MSA columns:
# 134-148
name=unknown_A
#
# <colnr> <probs for GDERKNQSTAVLIFYWHMCP>
#	G	D	E	R	K	N	Q	S	T	A	V	L	I	F	Y	W	H	M	C	P
0	0.01799	0.01727	0.02950	0.04462	0.69919	0.01727	0.02231	0.02231	0.01655	0.02375	0.01367	0.01799	0.01151	0.00648	0.00720	0.00216	0.00864	0.00648	0.00360	0.01151
1	0.01003	0.00723	0.00949	0.00932	0.01080	0.00669	0.00684	0.01308	0.01939	0.02727	0.57911	0.17590	0.06495	0.01626	0.00870	0.00240	0.00357	0.01448	0.00778	0.00669
2	0.01657	0.08220	0.54709	0.02042	0.02985	0.10374	0.05565	0.02369	0.01604	0.02201	0.01271	0.01504	0.00932	0.00690	0.00680	0.00221	0.01092	0.00535	0.00318	0.01032
3	0.01158	0.00929	0.04145	0.01252	0.01442	0.00788	0.06208	0.01389	0.01527	0.06540	0.07827	0.52658	0.04246	0.01920	0.00898	0.00281	0.00535	0.04906	0.00657	0.00695
4	0.02930	0.01166	0.01567	0.01226	0.01738	0.01008	0.01004	0.03208	0.02047	0.60736	0.07627	0.03014	0.07300	0.01010	0.00749	0.00227	0.00581	0.00831	0.00876	0.01153
5	0.01138	0.00788	0.00973	0.00950	0.01025	0.00840	0.00637	0.04133	0.01215	0.01687	0.02157	0.03932	0.02284	0.46154	0.25538	0.00815	0.01100	0.00935	0.03146	0.00552
6	0.04652	0.20553	0.07756	0.01745	0.05170	0.21876	0.01465	0.21612	0.02233	0.04534	0.01346	0.01469	0.01051	0.00747	0.00631	0.00195	0.00951	0.00521	0.00473	0.01021
7	0.01044	0.00721	0.00894	0.00902	0.00938	0.00753	0.00575	0.01119	0.01102	0.01503	0.02277	0.07379	0.02522	0.52955	0.21517	0.00809	0.01020	0.01029	0.00438	0.00502
8	0.01025	0.00735	0.00952	0.00910	0.01062	0.00683	0.00667	0.01332	0.01952	0.02753	0.61509	0.08418	0.06447	0.07078	0.01077	0.00268	0.00374	0.01328	0.00767	0.00663
9	0.01962	0.09794	0.02606	0.05644	0.31059	0.15629	0.04474	0.02298	0.01710	0.05404	0.01760	0.02225	0.04802	0.00827	0.00775	0.00217	0.03920	0.03497	0.00411	0.00986
10	0.10075	0.01632	0.01749	0.01443	0.01895	0.01788	0.01155	0.39789	0.08841	0.06752	0.02254	0.15209	0.01970	0.01125	0.00738	0.00236	0.00677	0.00909	0.00698	0.01063
11	0.01582	0.01562	0.04256	0.45118	0.08330	0.06140	0.01830	0.07386	0.01629	0.02106	0.01375	0.01936	0.01084	0.01234	0.07920	0.00331	0.04308	0.00645	0.00368	0.00860
12	0.12762	0.01261	0.05117	0.01165	0.01526	0.01177	0.00963	0.06405	0.10740	0.12847	0.25688	0.08088	0.03622	0.04402	0.00877	0.00255	0.00537	0.00985	0.00701	0.00883
13	0.07171	0.13785	0.19572	0.02076	0.14976	0.01781	0.03292	0.06922	0.06466	0.05559	0.03507	0.02133	0.05712	0.00810	0.00665	0.00215	0.00794	0.00656	0.02892	0.01017
14	0.15243	0.05771	0.34409	0.07621	0.09976	0.07430	0.02020	0.02344	0.04538	0.02408	0.01307	0.01552	0.00986	0.00701	0.00645	0.00223	0.00939	0.00534	0.00364	0.00990

[dist]
# distance from previous block
# <min> <max>
1	5

[block]
# block no. 1 follows, 28 sequences, length 27
# corresponding to MSA columns:
# 156-182
name=unknown_B
#
# <colnr> <probs for GDERKNQSTAVLIFYWHMCP>
#	G	D	E	R	K	N	Q	S	T	A	V	L	I	F	Y	W	H	M	C	P
0	0.01748	0.33625	0.08468	0.15912	0.02546	0.02145	0.01452	0.05010	0.11434	0.02191	0.01528	0.01740	0.01222	0.00733	0.00593	0.00197	0.00775	0.00553	0.07187	0.00941
1	0.04210	0.05285	0.43448	0.02345	0.06234	0.01791	0.17840	0.02264	0.01548	0.02295	0.01308	0.01628	0.00973	0.00700	0.00812	0.00235	0.05115	0.00614	0.00329	0.01026
2	0.05284	0.26909	0.26039	0.01666	0.04625	0.02028	0.01726	0.02251	0.04390	0.04365	0.01325	0.01549	0.01064	0.00934	0.03997	0.00247	0.05368	0.00515	0.00366	0.05353
3	0.04262	0.06363	0.03743	0.04304	0.01475	0.02926	0.00922	0.05274	0.01534	0.02242	0.02630	0.06418	0.09038	0.09600	0.09214	0.00381	0.03841	0.04427	0.20682	0.00720
4	0.01746	0.06336	0.33066	0.02387	0.03217	0.11063	0.27172	0.02386	0.01671	0.02215	0.01330	0.01651	0.00993	0.00665	0.00740	0.00227	0.01150	0.00644	0.00339	0.01001
5	0.02078	0.01413	0.01598	0.01377	0.01815	0.01516	0.01084	0.03517	0.45239	0.18813	0.07862	0.02810	0.02421	0.00985	0.00738	0.00234	0.00566	0.00821	0.00769	0.04344
6	0.00990	0.00737	0.00921	0.00885	0.01065	0.00668	0.00660	0.01292	0.01950	0.02684	0.54600	0.08864	0.18820	0.01590	0.00861	0.00235	0.00351	0.01391	0.00770	0.00668
7	0.02199	0.02111	0.02552	0.06351	0.36953	0.14880	0.01849	0.19126	0.02175	0.02808	0.01416	0.01700	0.01125	0.00728	0.00710	0.00212	0.00935	0.00616	0.00455	0.01100
8	0.01138	0.00923	0.00990	0.01014	0.01164	0.03709	0.00718	0.01520	0.09867	0.02019	0.08862	0.23621	0.17009	0.18333	0.01510	0.00366	0.00541	0.05415	0.00626	0.00653
9	0.02479	0.05982	0.02145	0.01535	0.02132	0.02045	0.01275	0.51373	0.02946	0.04000	0.01618	0.01668	0.01189	0.00795	0.00677	0.00194	0.00749	0.00597	0.00648	0.15954
10	0.01365	0.01288	0.02200	0.67311	0.04802	0.01581	0.04260	0.01839	0.01460	0.01874	0.01410	0.04897	0.01131	0.00786	0.00740	0.00245	0.00956	0.00712	0.00339	0.00805
11	0.00976	0.00711	0.00926	0.01016	0.01115	0.00679	0.00715	0.01255	0.04507	0.02219	0.22582	0.49169	0.05257	0.01987	0.00902	0.00276	0.00414	0.03936	0.00713	0.00645
12	0.00903	0.00728	0.00804	0.00806	0.01014	0.00629	0.00597	0.01121	0.01730	0.02187	0.22310	0.12953	0.48078	0.01795	0.00865	0.00246	0.00367	0.01531	0.00706	0.00629
13	0.01255	0.00940	0.01094	0.01018	0.01265	0.00932	0.00792	0.07335	0.08807	0.02811	0.35134	0.05191	0.18200	0.01454	0.00824	0.00237	0.00436	0.05960	0.05551	0.00765
14	0.01130	0.00784	0.00950	0.00927	0.00986	0.00826	0.00601	0.04126	0.01192	0.01623	0.02179	0.04141	0.02371	0.53726	0.20677	0.00800	0.01022	0.00969	0.00441	0.00529
15	0.03907	0.00718	0.00900	0.01014	0.01100	0.00699	0.00694	0.01223	0.04514	0.02055	0.10485	0.58564	0.04672	0.04594	0.00991	0.00298	0.00436	0.01835	0.00674	0.00628
16	0.02735	0.02883	0.02109	0.01791	0.02250	0.43317	0.01395	0.29212	0.02613	0.02920	0.01377	0.01488	0.01058	0.00799	0.00685	0.00200	0.01103	0.00544	0.00518	0.01003
17	0.02105	0.41723	0.13777	0.01568	0.02184	0.23831	0.01520	0.02420	0.01666	0.01824	0.01092	0.01269	0.00932	0.00672	0.00560	0.00177	0.00988	0.00436	0.00330	0.00927
18	0.01263	0.00631	0.00947	0.00947	0.00947	0.00631	0.00631	0.00947	0.00947	0.01263	0.01263	0.02210	0.01263	0.02525	0.02841	0.78851	0.00631	0.00631	0.00316	0.00316
19	0.00947	0.00772	0.00841	0.00818	0.01049	0.00684	0.00615	0.01254	0.04534	0.02282	0.25060	0.06369	0.48794	0.01704	0.00854	0.00241	0.00369	0.01442	0.00714	0.00657
20	0.01599	0.01756	0.03692	0.02697	0.03306	0.01679	0.54327	0.02137	0.01697	0.02323	0.07518	0.06693	0.01825	0.00822	0.00933	0.00250	0.04439	0.00962	0.00422	0.00922
21	0.02371	0.01858	0.02199	0.08523	0.11027	0.02062	0.01513	0.43736	0.12705	0.03822	0.01836	0.01913	0.01347	0.00848	0.00728	0.00224	0.00790	0.00678	0.00645	0.01173
22	0.00954	0.00718	0.00890	0.00980	0.01094	0.00676	0.00683	0.01230	0.05302	0.02095	0.14082	0.49172	0.15388	0.02019	0.00896	0.00275	0.00410	0.01801	0.00697	0.00640
23	0.00896	0.00637	0.00841	0.00999	0.01039	0.00597	0.00661	0.01015	0.01372	0.01830	0.03907	0.69983	0.04683	0.06445	0.01088	0.00319	0.00438	0.02008	0.00661	0.00582
24	0.01068	0.00762	0.00856	0.00819	0.01029	0.00671	0.00597	0.01268	0.01687	0.06060	0.21115	0.06030	0.40844	0.12498	0.01274	0.00309	0.00427	0.01365	0.00683	0.00641
25	0.02515	0.01892	0.02047	0.01564	0.02151	0.02020	0.01285	0.54010	0.05501	0.04149	0.01713	0.01741	0.01245	0.00820	0.00696	0.00200	0.00747	0.00623	0.00677	0.14404
26	0.02315	0.02014	0.07069	0.01563	0.02159	0.05857	0.01347	0.38105	0.07090	0.05209	0.01750	0.01914	0.01323	0.00824	0.00691	0.00200	0.00774	0.02356	0.00619	0.16822

[dist]
# distance from previous block
# <min> <max>
3	15

[block]
# block no. 2 follows, 28 sequences, length 48
# corresponding to MSA columns:
# 198-245
name=unknown_C
#
# <colnr> <probs for GDERKNQSTAVLIFYWHMCP>
#	G	D	E	R	K	N	Q	S	T	A	V	L	I	F	Y	W	H	M	C	P
0	0.10359	0.10703	0.08171	0.01340	0.06033	0.03711	0.01094	0.01890	0.01708	0.09098	0.17575	0.06117	0.17103	0.01174	0.00720	0.00222	0.00596	0.00962	0.00587	0.00837
1	0.02080	0.01252	0.01450	0.01189	0.01589	0.01237	0.00945	0.21595	0.02313	0.20354	0.13504	0.03894	0.18193	0.05887	0.00968	0.00259	0.00579	0.01003	0.00752	0.00959
2	0.24683	0.11672	0.38228	0.01694	0.02509	0.01825	0.05490	0.02239	0.01449	0.02515	0.01191	0.01408	0.00893	0.00673	0.00601	0.00220	0.00895	0.00494	0.00353	0.00967
3	0.02431	0.01587	0.01726	0.01380	0.01879	0.06043	0.01100	0.19930	0.10008	0.23369	0.02233	0.05098	0.01697	0.04926	0.00866	0.00234	0.00691	0.00729	0.00693	0.13380
4	0.01216	0.00739	0.00899	0.00894	0.01035	0.00790	0.00676	0.01505	0.01425	0.02317	0.06856	0.06872	0.02346	0.04556	0.20787	0.00484	0.03178	0.00836	0.41929	0.00662
5	0.00977	0.00699	0.00926	0.01076	0.01150	0.00670	0.00763	0.02906	0.01486	0.01975	0.03922	0.62868	0.04623	0.02201	0.00933	0.00299	0.00466	0.10765	0.00675	0.00619
6	0.01943	0.74891	0.03809	0.01244	0.01866	0.02876	0.01244	0.02177	0.01477	0.01710	0.01011	0.01166	0.00933	0.00622	0.00466	0.00155	0.00777	0.00389	0.00311	0.00933
7	0.01131	0.00789	0.00969	0.00964	0.01071	0.00823	0.00671	0.04814	0.01347	0.01870	0.02789	0.13453	0.07663	0.29508	0.21998	0.00676	0.00970	0.01099	0.06798	0.00596
8	0.01423	0.01343	0.02270	0.64712	0.12611	0.01628	0.02044	0.01901	0.01477	0.01918	0.01301	0.01922	0.00990	0.00717	0.00726	0.00239	0.00957	0.00646	0.00327	0.00848
9	0.01355	0.00678	0.00678	0.00678	0.00847	0.00678	0.00508	0.01694	0.01524	0.02710	0.02371	0.02710	0.01863	0.00847	0.00508	0.00169	0.00339	0.00678	0.78489	0.00678
10	0.01263	0.00631	0.00947	0.00947	0.00947	0.00631	0.00631	0.00947	0.00947	0.01263	0.01263	0.02210	0.01263	0.02525	0.02841	0.78851	0.00631	0.00631	0.00316	0.00316
11	0.04087	0.02553	0.39479	0.05721	0.09978	0.01428	0.02025	0.02016	0.01645	0.02441	0.16536	0.04808	0.02389	0.00916	0.00732	0.00231	0.00844	0.00773	0.00440	0.00957
12	0.00870	0.00737	0.00751	0.00748	0.00988	0.00618	0.00561	0.01064	0.01682	0.02024	0.11327	0.06896	0.65623	0.01818	0.00859	0.00244	0.00367	0.01520	0.00683	0.00618
13	0.01025	0.00691	0.00802	0.00834	0.00842	0.00683	0.00484	0.01049	0.01120	0.01493	0.02611	0.17696	0.03047	0.60962	0.03182	0.00628	0.00652	0.01246	0.00484	0.00468
14	0.01729	0.01684	0.04381	0.17692	0.43340	0.01763	0.02052	0.04801	0.06043	0.02357	0.01442	0.01864	0.01169	0.00738	0.00835	0.00231	0.05778	0.00655	0.00388	0.01059
15	0.01048	0.00707	0.00818	0.00821	0.00837	0.00706	0.00479	0.01081	0.01129	0.01519	0.06034	0.07409	0.02929	0.65262	0.05791	0.00679	0.00717	0.01101	0.00467	0.00467
16	0.01355	0.00678	0.00678	0.00678	0.00847	0.00678	0.00508	0.01694	0.01524	0.02710	0.02371	0.02710	0.01863	0.00847	0.00508	0.00169	0.00339	0.00678	0.78489	0.00678
17	0.00886	0.00633	0.00843	0.01012	0.01054	0.00590	0.00675	0.01012	0.01392	0.01856	0.04006	0.73979	0.04808	0.02277	0.00928	0.00295	0.00422	0.02066	0.00675	0.00590
18	0.01682	0.07686	0.38279	0.02683	0.18886	0.06381	0.09706	0.02319	0.01614	0.02249	0.01307	0.01607	0.00998	0.00671	0.00699	0.00221	0.01038	0.00585	0.00331	0.01057
19	0.01523	0.03340	0.55926	0.02430	0.09902	0.01710	0.10411	0.02298	0.01569	0.02312	0.01331	0.01612	0.00966	0.00677	0.00714	0.00231	0.01071	0.00587	0.00320	0.01071
20	0.05985	0.01978	0.02116	0.01628	0.02203	0.02182	0.01345	0.62254	0.03274	0.07118	0.01759	0.01750	0.01240	0.00865	0.00716	0.00219	0.00783	0.00647	0.00722	0.01218
21	0.01469	0.01314	0.05398	0.03698	0.15111	0.01231	0.01292	0.11660	0.04499	0.02579	0.09700	0.27927	0.03296	0.01462	0.00829	0.00257	0.00633	0.06170	0.00607	0.00870
22	0.05847	0.01582	0.04421	0.11567	0.33443	0.03772	0.04008	0.02087	0.06168	0.02301	0.02606	0.02836	0.14474	0.00917	0.00736	0.00228	0.00778	0.00816	0.00446	0.00966
23	0.01070	0.00811	0.01104	0.03401	0.01346	0.00805	0.03452	0.01342	0.05670	0.01897	0.03565	0.36801	0.08291	0.14738	0.01467	0.03133	0.00565	0.09315	0.00601	0.00624
24	0.18589	0.04168	0.02237	0.04390	0.04879	0.09476	0.07786	0.02050	0.01346	0.02163	0.01065	0.01515	0.00938	0.00957	0.01445	0.00265	0.34955	0.00580	0.00359	0.00836
25	0.07111	0.00848	0.01021	0.00972	0.01179	0.00828	0.00730	0.01604	0.06142	0.04984	0.47700	0.13308	0.07861	0.01483	0.00823	0.00238	0.00394	0.01294	0.00753	0.00727
26	0.02551	0.01953	0.02247	0.01717	0.02302	0.02115	0.05811	0.54806	0.07335	0.04188	0.01775	0.01806	0.01280	0.00841	0.00725	0.00215	0.00798	0.00665	0.00685	0.06188
27	0.00913	0.00639	0.00844	0.00989	0.01041	0.00595	0.00663	0.01009	0.01375	0.01818	0.04018	0.64112	0.08796	0.02268	0.01069	0.06275	0.00434	0.01922	0.00647	0.00571
28	0.05469	0.02269	0.02010	0.01694	0.02055	0.23682	0.01354	0.25738	0.02279	0.02853	0.01729	0.01910	0.05709	0.00980	0.01068	0.00233	0.16857	0.00642	0.00512	0.00956
29	0.01018	0.00691	0.00845	0.00929	0.00984	0.00671	0.00621	0.01133	0.01306	0.01773	0.03293	0.31628	0.05740	0.31252	0.02024	0.00455	0.00557	0.08669	0.05866	0.00546
30	0.02210	0.01639	0.01819	0.01473	0.01931	0.01763	0.01182	0.45934	0.02752	0.03722	0.02135	0.14909	0.01912	0.01413	0.05562	0.00288	0.00789	0.00902	0.00672	0.06994
31	0.01555	0.01434	0.02345	0.53447	0.18706	0.01681	0.02022	0.06250	0.01626	0.02147	0.01338	0.01896	0.01026	0.00719	0.00725	0.00235	0.00935	0.00647	0.00357	0.00909
32	0.02328	0.28972	0.02630	0.01600	0.02048	0.42206	0.01314	0.02536	0.01792	0.01748	0.01137	0.01360	0.00993	0.01012	0.05247	0.00240	0.01161	0.00460	0.00353	0.00862
33	0.00887	0.00644	0.00838	0.00988	0.01049	0.00595	0.00665	0.01024	0.01430	0.01892	0.06025	0.66877	0.09959	0.02222	0.00921	0.00290	0.00415	0.02004	0.00678	0.00595
34	0.00886	0.00633	0.00843	0.01012	0.01054	0.00590	0.00675	0.01012	0.01392	0.01856	0.04006	0.73979	0.04808	0.02277	0.00928	0.00295	0.00422	0.02066	0.00675	0.00590
35	0.01539	0.01515	0.02687	0.41571	0.19774	0.01714	0.12062	0.02010	0.01519	0.02044	0.01315	0.01887	0.01031	0.00726	0.00851	0.00241	0.05583	0.00678	0.00338	0.00914
36	0.02165	0.01150	0.01444	0.01197	0.01601	0.01097	0.00953	0.06107	0.11781	0.30734	0.26745	0.03502	0.03627	0.01110	0.00771	0.00225	0.00520	0.00940	0.00817	0.03513
37	0.00912	0.00735	0.00789	0.00778	0.00985	0.00637	0.00568	0.01111	0.01680	0.02102	0.19386	0.06465	0.50532	0.08775	0.01133	0.00286	0.00396	0.01444	0.00678	0.00611
38	0.18333	0.01541	0.02317	0.01800	0.02239	0.01660	0.21432	0.10074	0.01710	0.05123	0.01597	0.04152	0.01287	0.00849	0.00917	0.00237	0.11039	0.00710	0.12084	0.00896
39	0.01254	0.00800	0.00959	0.00935	0.01063	0.00847	0.00669	0.05822	0.01406	0.02116	0.02260	0.07566	0.02181	0.22191	0.20318	0.03020	0.00910	0.00889	0.24167	0.00627
40	0.01069	0.00768	0.00874	0.00836	0.01073	0.00665	0.00631	0.01306	0.01798	0.06747	0.25818	0.08371	0.44053	0.01685	0.00852	0.00241	0.00379	0.01432	0.00728	0.00676
41	0.02621	0.01428	0.01700	0.01365	0.01866	0.01436	0.01107	0.17403	0.15891	0.35398	0.05389	0.02760	0.06272	0.00993	0.00745	0.00229	0.00623	0.00805	0.00811	0.01159
42	0.07695	0.01568	0.08577	0.46864	0.10214	0.01601	0.01925	0.04037	0.01540	0.02168	0.01466	0.02246	0.01194	0.00804	0.00719	0.00243	0.00911	0.04990	0.00371	0.00867
43	0.02276	0.29592	0.02766	0.04504	0.04581	0.30473	0.01408	0.08032	0.01861	0.02016	0.01139	0.01354	0.00971	0.00741	0.00707	0.00190	0.05618	0.00479	0.00375	0.00916
44	0.02135	0.01015	0.01323	0.01124	0.01468	0.00923	0.00878	0.04768	0.01929	0.34369	0.18720	0.08502	0.05756	0.09704	0.01132	0.00291	0.00551	0.03699	0.00785	0.00927
45	0.01122	0.00928	0.03895	0.01100	0.01259	0.00825	0.00820	0.08287	0.01645	0.02196	0.05905	0.54399	0.08385	0.04368	0.00980	0.00292	0.00493	0.01759	0.00661	0.00680
46	0.02118	0.01550	0.01672	0.01365	0.01784	0.01668	0.01091	0.43207	0.02701	0.03618	0.02814	0.07989	0.11219	0.06827	0.00984	0.00265	0.00677	0.02495	0.04958	0.00998
47	0.03864	0.01225	0.01571	0.15326	0.05037	0.05885	0.03269	0.05411	0.01667	0.11034	0.02796	0.30271	0.04884	0.03298	0.00878	0.00266	0.00689	0.01239	0.00582	0.00808

[dist]
# distance from previous block
# <min> <max>
5	16

[block]
# block no. 3 follows, 28 sequences, length 71
# corresponding to MSA columns:
# 262-332
name=unknown_D
#
# <colnr> <probs for GDERKNQSTAVLIFYWHMCP>
#	G	D	E	R	K	N	Q	S	T	A	V	L	I	F	Y	W	H	M	C	P
0	0.28214	0.05248	0.20536	0.15421	0.05470	0.01607	0.01611	0.02072	0.01446	0.02573	0.04821	0.01749	0.01252	0.00737	0.00606	0.00224	0.00782	0.00555	0.04198	0.00881
1	0.04297	0.00706	0.00819	0.00878	0.00919	0.00699	0.00546	0.01110	0.01209	0.01706	0.02887	0.30610	0.03350	0.41279	0.02394	0.00509	0.00578	0.01395	0.03589	0.00521
2	0.06047	0.02586	0.32308	0.02518	0.16226	0.01691	0.11978	0.05055	0.05303	0.02534	0.03862	0.01842	0.01286	0.00717	0.00714	0.00226	0.00947	0.00645	0.00397	0.03117
3	0.00938	0.00682	0.00918	0.04027	0.01213	0.00655	0.00721	0.01108	0.01483	0.02001	0.14230	0.56383	0.04858	0.05870	0.01053	0.00304	0.00447	0.01834	0.00668	0.00607
4	0.01202	0.01002	0.01321	0.01267	0.01383	0.04042	0.00989	0.01433	0.01205	0.01724	0.01802	0.02702	0.01700	0.08123	0.52235	0.00941	0.12163	0.00756	0.03340	0.00668
5	0.15773	0.05461	0.05609	0.01639	0.03688	0.22451	0.01333	0.24454	0.05287	0.03081	0.01605	0.01696	0.03257	0.00812	0.00650	0.00210	0.00901	0.00572	0.00526	0.00996
6	0.01641	0.01285	0.01411	0.01247	0.01600	0.01384	0.00972	0.10939	0.31595	0.05188	0.20084	0.03896	0.13254	0.01221	0.00785	0.00238	0.00517	0.01026	0.00749	0.00968
7	0.01355	0.00846	0.01092	0.01003	0.01240	0.00786	0.00778	0.01748	0.04624	0.11768	0.50647	0.05188	0.09244	0.01440	0.00845	0.00236	0.00410	0.05180	0.00796	0.00772
8	0.01076	0.00870	0.00965	0.01034	0.01162	0.04430	0.00727	0.03950	0.01635	0.02116	0.12605	0.48849	0.13908	0.01975	0.00886	0.00271	0.00467	0.01751	0.00677	0.00646
9	0.06034	0.69342	0.03627	0.01239	0.01851	0.02796	0.01223	0.03695	0.01510	0.01858	0.01028	0.01180	0.00932	0.00630	0.00472	0.00161	0.00767	0.00395	0.00328	0.00932
10	0.01355	0.00678	0.00678	0.00678	0.00847	0.00678	0.00508	0.01694	0.01524	0.02710	0.02371	0.02710	0.01863	0.00847	0.00508	0.00169	0.00339	0.00678	0.78489	0.00678
11	0.00933	0.00726	0.00847	0.00844	0.01034	0.00641	0.00623	0.01176	0.01790	0.02345	0.32741	0.14627	0.35573	0.01748	0.00867	0.00245	0.00364	0.01509	0.00727	0.00641
12	0.14917	0.01909	0.02033	0.01702	0.05692	0.02117	0.01327	0.52181	0.04471	0.04219	0.01636	0.01680	0.01183	0.00832	0.00683	0.00220	0.00760	0.00616	0.00664	0.01158
13	0.01014	0.00728	0.00946	0.01072	0.01158	0.00702	0.00755	0.04553	0.01545	0.02063	0.06118	0.62136	0.04636	0.02153	0.00921	0.00292	0.00460	0.07431	0.00681	0.00634
14	0.00965	0.00713	0.00901	0.00912	0.01061	0.00650	0.00662	0.01226	0.01820	0.02489	0.42642	0.23700	0.16073	0.01749	0.00876	0.00249	0.00368	0.01546	0.00748	0.00650
15	0.01057	0.00705	0.00793	0.00793	0.00793	0.00705	0.00440	0.01057	0.01057	0.01409	0.02290	0.04757	0.02643	0.74454	0.03700	0.00705	0.00705	0.01057	0.00440	0.00440
16	0.02440	0.01807	0.01966	0.01579	0.02075	0.01989	0.01287	0.53941	0.06659	0.04099	0.02147	0.09355	0.01801	0.01079	0.00762	0.00234	0.00743	0.04180	0.00720	0.01137
17	0.02630	0.01945	0.02085	0.01618	0.02162	0.02154	0.01322	0.61013	0.06475	0.04345	0.01832	0.01946	0.01356	0.04623	0.00879	0.00244	0.00784	0.00683	0.00713	0.01192
18	0.01626	0.01808	0.08615	0.02225	0.09112	0.02035	0.06499	0.04353	0.01349	0.02017	0.01216	0.04477	0.01144	0.01132	0.01829	0.00290	0.48338	0.00701	0.00354	0.00879
19	0.49109	0.04006	0.04560	0.05249	0.01854	0.05737	0.01084	0.10305	0.01595	0.03059	0.01284	0.04877	0.01074	0.00801	0.00601	0.00227	0.02714	0.00540	0.00470	0.00856
20	0.69848	0.01402	0.01173	0.04788	0.01625	0.01629	0.00879	0.04570	0.01329	0.03183	0.01087	0.01300	0.00849	0.00849	0.02910	0.00258	0.00640	0.00430	0.00452	0.00801
21	0.00954	0.00701	0.00893	0.00994	0.01107	0.00652	0.00724	0.01147	0.01557	0.02050	0.13456	0.39729	0.15802	0.05291	0.01043	0.00302	0.00454	0.11849	0.00681	0.00613
22	0.02619	0.01866	0.02034	0.01592	0.02124	0.02040	0.01301	0.58061	0.03163	0.07830	0.02010	0.08344	0.01590	0.01002	0.00746	0.00226	0.00756	0.00787	0.00732	0.01178
23	0.02687	0.03285	0.02102	0.01948	0.04652	0.63369	0.01432	0.08181	0.02157	0.02030	0.01183	0.01364	0.00969	0.00756	0.00664	0.00191	0.01253	0.00490	0.00403	0.00886
24	0.05973	0.08006	0.48521	0.02263	0.08132	0.01787	0.10797	0.02282	0.01547	0.02326	0.01294	0.01565	0.00955	0.00672	0.00686	0.00226	0.01029	0.00569	0.00327	0.01042
25	0.02719	0.03352	0.02070	0.01857	0.02248	0.66077	0.01403	0.07992	0.02167	0.02000	0.01173	0.01345	0.00960	0.00759	0.00661	0.00190	0.01271	0.00483	0.00402	0.00874
26	0.01018	0.00731	0.00946	0.01060	0.01149	0.00705	0.00742	0.04828	0.01570	0.02105	0.08676	0.61369	0.04723	0.02125	0.00915	0.00288	0.00451	0.05275	0.00687	0.00638
27	0.04679	0.59304	0.12300	0.01374	0.02036	0.06278	0.01423	0.02230	0.01507	0.01846	0.01055	0.01222	0.00926	0.00639	0.00505	0.00169	0.00836	0.00412	0.00319	0.00941
28	0.00930	0.00650	0.00873	0.01016	0.01071	0.00611	0.00695	0.01056	0.01427	0.01912	0.08537	0.62056	0.04726	0.02223	0.01034	0.04739	0.00439	0.04756	0.00663	0.00585
29	0.01263	0.00631	0.00947	0.00947	0.00947	0.00631	0.00631	0.00947	0.00947	0.01263	0.01263	0.02210	0.01263	0.02525	0.02841	0.78851	0.00631	0.00631	0.00316	0.00316
30	0.01064	0.00764	0.00868	0.00838	0.01048	0.00675	0.00620	0.01277	0.01709	0.05771	0.22445	0.06113	0.39462	0.10682	0.01208	0.00300	0.00426	0.03394	0.00690	0.00646
31	0.02315	0.02021	0.10099	0.01609	0.02169	0.01925	0.01424	0.49128	0.02905	0.03930	0.05523	0.09669	0.01880	0.01034	0.00751	0.00228	0.00768	0.00827	0.00676	0.01119
32	0.01699	0.01332	0.01431	0.01329	0.01655	0.03354	0.01010	0.05213	0.39055	0.07875	0.03337	0.20861	0.06056	0.01337	0.00790	0.00254	0.00558	0.01149	0.00722	0.00984
33	0.01138	0.00830	0.00998	0.00947	0.01173	0.00778	0.00726	0.01570	0.07210	0.05266	0.40767	0.05683	0.23697	0.01550	0.00851	0.00240	0.00397	0.04698	0.00757	0.00723
34	0.15659	0.19073	0.16662	0.04721	0.07470	0.02104	0.01608	0.19642	0.01978	0.02930	0.01307	0.01481	0.01004	0.00719	0.00610	0.00208	0.00822	0.00522	0.00450	0.01029
35	0.01862	0.01213	0.01506	0.01330	0.05210	0.01133	0.00987	0.10598	0.05696	0.16216	0.23753	0.03326	0.06511	0.01048	0.00738	0.00203	0.00537	0.00887	0.00704	0.16543
36	0.01206	0.00768	0.01013	0.00967	0.01150	0.00703	0.00719	0.01504	0.01938	0.08876	0.51445	0.17727	0.06021	0.01578	0.00859	0.00240	0.00383	0.01399	0.00786	0.00719
37	0.00906	0.00648	0.00861	0.00998	0.01059	0.00604	0.00676	0.01063	0.01485	0.02004	0.13200	0.64362	0.05095	0.02166	0.00918	0.00286	0.00411	0.01961	0.00692	0.00604
38	0.01716	0.20313	0.34630	0.02328	0.13475	0.05654	0.07700	0.02294	0.01583	0.02147	0.01249	0.01513	0.00977	0.00664	0.00654	0.00209	0.00995	0.00543	0.00325	0.01033
39	0.00961	0.00684	0.00865	0.00981	0.01038	0.00653	0.00649	0.02714	0.01397	0.01854	0.03786	0.57906	0.06807	0.14420	0.01388	0.00361	0.00477	0.01840	0.00637	0.00582
40	0.04968	0.00923	0.01144	0.01042	0.01300	0.00894	0.00797	0.01966	0.08786	0.13351	0.43087	0.10955	0.05130	0.01382	0.00814	0.00236	0.00427	0.01203	0.00782	0.00815
41	0.01334	0.01196	0.01842	0.03245	0.05349	0.01374	0.09328	0.01583	0.01385	0.01995	0.02472	0.21237	0.05886	0.03750	0.01417	0.00290	0.23869	0.03541	0.08158	0.00747
42	0.01714	0.01745	0.06250	0.07424	0.51788	0.01674	0.02038	0.02344	0.09305	0.02400	0.01834	0.02150	0.04589	0.00751	0.00728	0.00223	0.00823	0.00705	0.00414	0.01103
43	0.01032	0.00795	0.00925	0.00892	0.01083	0.00747	0.00653	0.01411	0.06871	0.02427	0.35294	0.08248	0.25934	0.09116	0.01145	0.00287	0.00409	0.01349	0.00714	0.00669
44	0.01013	0.00777	0.01080	0.01115	0.01208	0.00853	0.00826	0.01210	0.01314	0.01823	0.06508	0.28603	0.06798	0.05979	0.31545	0.00681	0.06203	0.01308	0.00525	0.00631
45	0.05535	0.09444	0.02127	0.01688	0.05604	0.14462	0.04691	0.10299	0.14392	0.13157	0.07661	0.02369	0.01941	0.00897	0.00703	0.00218	0.00795	0.02395	0.00603	0.01019
46	0.01846	0.22718	0.26959	0.02002	0.07546	0.10737	0.06202	0.05832	0.01715	0.02198	0.01376	0.01819	0.01146	0.00751	0.00657	0.00209	0.00980	0.03948	0.00366	0.00993
47	0.06229	0.05177	0.02359	0.02341	0.15666	0.39807	0.05014	0.07626	0.02006	0.05290	0.01307	0.01516	0.01042	0.00730	0.00671	0.00201	0.01093	0.00544	0.00423	0.00959
48	0.00926	0.00687	0.00878	0.00999	0.01101	0.00624	0.00696	0.01081	0.01446	0.01910	0.04298	0.58576	0.12760	0.02129	0.00906	0.00283	0.00434	0.05490	0.00664	0.04111
49	0.06961	0.27534	0.16659	0.01861	0.09144	0.09737	0.05064	0.02240	0.01622	0.03730	0.06147	0.03422	0.01487	0.00763	0.00624	0.00200	0.00872	0.00593	0.00392	0.00948
50	0.39365	0.30504	0.02289	0.01159	0.01693	0.02200	0.01041	0.10287	0.01603	0.02813	0.01103	0.01245	0.00901	0.00679	0.00491	0.00197	0.00677	0.00424	0.00430	0.00901
51	0.21592	0.04081	0.01789	0.01422	0.01888	0.04530	0.01160	0.28572	0.15619	0.03551	0.01747	0.01793	0.01311	0.00850	0.00716	0.00225	0.03942	0.00608	0.03562	0.01042
52	0.01964	0.08963	0.02126	0.02210	0.18895	0.27781	0.01396	0.03748	0.01785	0.02051	0.02039	0.13363	0.05377	0.01021	0.00704	0.00212	0.00903	0.00831	0.03752	0.00878
53	0.04766	0.03437	0.06334	0.01187	0.01611	0.01072	0.01026	0.05814	0.01967	0.27241	0.20341	0.07492	0.10194	0.01224	0.00775	0.00233	0.00558	0.03039	0.00746	0.00941
54	0.58574	0.10794	0.01615	0.01126	0.01597	0.01760	0.04379	0.03645	0.01371	0.02984	0.03429	0.01432	0.01073	0.00847	0.02729	0.00247	0.00666	0.00467	0.00444	0.00819
55	0.01825	0.03208	0.01578	0.07942	0.05585	0.04906	0.01096	0.07656	0.05580	0.16155	0.17560	0.03649	0.13858	0.01381	0.04530	0.00277	0.00688	0.00955	0.00665	0.00906
56	0.01048	0.00738	0.00878	0.00882	0.00911	0.00762	0.00550	0.01098	0.01131	0.01516	0.02642	0.10821	0.06337	0.55349	0.09224	0.00670	0.03348	0.01134	0.00465	0.00494
57	0.02038	0.01004	0.01322	0.01105	0.01458	0.00912	0.00875	0.05055	0.02124	0.31303	0.38728	0.04035	0.04501	0.01214	0.00799	0.00227	0.00478	0.01042	0.00839	0.00940
58	0.01196	0.00953	0.01346	0.01552	0.09266	0.00943	0.03410	0.04396	0.05107	0.02132	0.03492	0.41101	0.06907	0.06227	0.01056	0.00305	0.00570	0.08695	0.00618	0.00729
59	0.01706	0.01957	0.06635	0.25450	0.13323	0.09188	0.24645	0.02206	0.01632	0.02106	0.01337	0.01828	0.01035	0.00693	0.00811	0.00235	0.03235	0.00695	0.00348	0.00934
60	0.01075	0.00745	0.00861	0.00882	0.00932	0.00736	0.00546	0.03864	0.01276	0.01688	0.02989	0.22271	0.06923	0.48959	0.02711	0.00554	0.00618	0.01322	0.00525	0.00522
61	0.02240	0.01645	0.01795	0.01475	0.01912	0.01798	0.01177	0.46676	0.06428	0.03820	0.02334	0.17712	0.02101	0.01186	0.00763	0.00235	0.00685	0.00975	0.03977	0.01066
62	0.01345	0.00690	0.00754	0.02856	0.00983	0.00700	0.00568	0.01610	0.01454	0.02513	0.02208	0.02628	0.01765	0.01042	0.00791	0.09504	0.00392	0.00671	0.66888	0.00638
63	0.01187	0.00834	0.01025	0.01045	0.01195	0.00840	0.00764	0.08351	0.01679	0.02322	0.10242	0.34188	0.07406	0.06274	0.08158	0.00378	0.00626	0.04553	0.08252	0.00681
64	0.01003	0.00722	0.00954	0.00970	0.01108	0.00673	0.00718	0.01290	0.01861	0.02593	0.48193	0.22975	0.06146	0.01724	0.00886	0.00253	0.00387	0.06124	0.00759	0.00661
65	0.00893	0.00642	0.00835	0.00986	0.01037	0.00598	0.00656	0.01016	0.01388	0.01838	0.04091	0.66791	0.08091	0.06088	0.01071	0.00314	0.00434	0.01985	0.00662	0.00584
66	0.01502	0.07248	0.55507	0.02194	0.06554	0.01726	0.07782	0.02246	0.01547	0.02259	0.01405	0.04242	0.01092	0.00737	0.00702	0.00229	0.01035	0.00618	0.00328	0.01045
67	0.01507	0.01292	0.01507	0.01077	0.01723	0.00969	0.00861	0.01830	0.01507	0.02369	0.01292	0.01507	0.01077	0.00538	0.00538	0.00108	0.00538	0.00431	0.00431	0.78898
68	0.01057	0.00705	0.00793	0.00793	0.00793	0.00705	0.00440	0.01057	0.01057	0.01409	0.02290	0.04757	0.02643	0.74454	0.03700	0.00705	0.00705	0.01057	0.00440	0.00440
69	0.06507	0.01498	0.01751	0.01370	0.01891	0.01510	0.01124	0.28253	0.02539	0.33130	0.07032	0.02568	0.05545	0.00968	0.00731	0.00224	0.00655	0.00767	0.00791	0.01144
70	0.01683	0.01720	0.06523	0.12083	0.51351	0.01648	0.02121	0.02185	0.03621	0.02314	0.01586	0.02303	0.01374	0.00771	0.00741	0.00230	0.00865	0.05425	0.00387	0.01071

[dist]
# distance from previous block
# <min> <max>
0	1

[block]
# block no. 4 follows, 28 sequences, length 7
# corresponding to MSA columns:
# 334-340
name=unknown_E
#
# <colnr> <probs for GDERKNQSTAVLIFYWHMCP>
#	G	D	E	R	K	N	Q	S	T	A	V	L	I	F	Y	W	H	M	C	P
0	0.00902	0.00639	0.00839	0.00991	0.01030	0.00601	0.00653	0.01016	0.01360	0.01813	0.03844	0.67412	0.04602	0.09125	0.01191	0.00334	0.00449	0.01971	0.00653	0.00576
1	0.01622	0.01352	0.02017	0.33154	0.12404	0.01531	0.01695	0.13018	0.01835	0.02426	0.01894	0.03164	0.01704	0.01094	0.00892	0.04367	0.00848	0.13644	0.00467	0.00874
2	0.01547	0.00981	0.01196	0.01091	0.01371	0.00961	0.00833	0.02183	0.15376	0.14673	0.30234	0.12961	0.10805	0.01413	0.00820	0.00241	0.00451	0.01226	0.00778	0.00859
3	0.01605	0.01635	0.02474	0.02047	0.02135	0.02180	0.09468	0.01819	0.01185	0.01819	0.01016	0.01635	0.00972	0.01193	0.02202	0.00309	0.64501	0.00663	0.00324	0.00817
4	0.06155	0.01257	0.01554	0.13319	0.02223	0.01096	0.01043	0.01802	0.01475	0.02303	0.01445	0.06109	0.01275	0.00688	0.00590	0.00150	0.00606	0.00568	0.00429	0.55914
5	0.02311	0.01473	0.01614	0.01367	0.01825	0.04695	0.01083	0.03486	0.35519	0.26170	0.02731	0.02510	0.01941	0.00917	0.00710	0.00225	0.00609	0.00748	0.05387	0.04679
6	0.01638	0.01596	0.02405	0.38481	0.27744	0.05746	0.01988	0.02214	0.06990	0.02133	0.01444	0.01914	0.01133	0.00721	0.00721	0.00230	0.00919	0.00650	0.00373	0.00960

[dist]
# distance from previous block
# <min> <max>
0	1

[block]
# block no. 5 follows, 28 sequences, length 22
# corresponding to MSA columns:
# 342-363
name=unknown_F
#
# <colnr> <probs for GDERKNQSTAVLIFYWHMCP>
#	G	D	E	R	K	N	Q	S	T	A	V	L	I	F	Y	W	H	M	C	P
0	0.02370	0.12668	0.02283	0.01937	0.08176	0.46905	0.01398	0.02748	0.07701	0.01941	0.01558	0.01702	0.04026	0.00790	0.00652	0.00193	0.01094	0.00550	0.00409	0.00899
1	0.62763	0.01743	0.04401	0.05173	0.01785	0.09687	0.01014	0.02217	0.01358	0.02968	0.01054	0.01255	0.00821	0.00687	0.00500	0.00222	0.00695	0.00423	0.00428	0.00808
2	0.01057	0.00705	0.00793	0.00793	0.00793	0.00705	0.00440	0.01057	0.01057	0.01409	0.02290	0.04757	0.02643	0.74454	0.03700	0.00705	0.00705	0.01057	0.00440	0.00440
3	0.01525	0.01464	0.02408	0.32164	0.12513	0.01771	0.08054	0.01912	0.01412	0.01992	0.01287	0.01868	0.01056	0.00869	0.01203	0.00256	0.21707	0.00665	0.05016	0.00859
4	0.01953	0.40240	0.14028	0.01632	0.05915	0.15104	0.01505	0.02296	0.01608	0.01935	0.01206	0.01409	0.01017	0.00676	0.00555	0.00178	0.00894	0.00465	0.06453	0.00931
5	0.01057	0.00705	0.00793	0.00793	0.00793	0.00705	0.00440	0.01057	0.01057	0.01409	0.02290	0.04757	0.02643	0.74454	0.03700	0.00705	0.00705	0.01057	0.00440	0.00440
6	0.01042	0.00782	0.00944	0.00932	0.01113	0.00726	0.00686	0.04649	0.01867	0.02507	0.34530	0.22075	0.21981	0.01734	0.00868	0.00248	0.00392	0.01516	0.00735	0.00673
7	0.01951	0.61312	0.07127	0.01576	0.07289	0.06700	0.01406	0.02229	0.01528	0.01797	0.01060	0.01243	0.00950	0.00635	0.00509	0.00166	0.00830	0.00421	0.00318	0.00952
8	0.01784	0.07618	0.08194	0.04027	0.59482	0.01814	0.02188	0.02232	0.01632	0.02317	0.01335	0.01729	0.01117	0.00649	0.00698	0.00212	0.00873	0.00619	0.00352	0.01128
9	0.00884	0.00638	0.00838	0.00999	0.01051	0.00592	0.00669	0.01014	0.01404	0.01861	0.04165	0.70810	0.07875	0.02257	0.00925	0.00293	0.00419	0.02041	0.00675	0.00592
10	0.00951	0.00662	0.00831	0.00932	0.00965	0.00634	0.00594	0.01041	0.01300	0.01740	0.05861	0.47369	0.04132	0.27321	0.01888	0.00435	0.00517	0.01688	0.00598	0.00542
11	0.07470	0.03184	0.55727	0.01843	0.02762	0.01562	0.02280	0.02259	0.01586	0.05520	0.07727	0.01914	0.01505	0.00773	0.00690	0.00229	0.00946	0.00608	0.00391	0.01023
12	0.01569	0.14926	0.01914	0.01106	0.01728	0.01311	0.00926	0.01869	0.01498	0.02230	0.01325	0.03718	0.01167	0.00608	0.00537	0.00122	0.00579	0.00474	0.00416	0.61976
13	0.00918	0.00651	0.00853	0.00995	0.01042	0.00614	0.00666	0.01045	0.01390	0.01858	0.06256	0.62130	0.04637	0.09837	0.01219	0.00337	0.00456	0.03862	0.00655	0.00581
14	0.01011	0.00684	0.00913	0.01028	0.01116	0.00637	0.00721	0.01188	0.01533	0.04531	0.13726	0.57116	0.04966	0.02093	0.00915	0.00285	0.00432	0.05771	0.00701	0.00633
15	0.01556	0.11323	0.02087	0.01510	0.01769	0.04251	0.06919	0.01789	0.01442	0.05758	0.02625	0.07168	0.14087	0.01565	0.06818	0.00326	0.24139	0.00888	0.03187	0.00795
16	0.01089	0.00784	0.01003	0.01070	0.01192	0.00763	0.00773	0.06440	0.01717	0.02324	0.17754	0.48468	0.04910	0.01976	0.00903	0.00278	0.00455	0.06729	0.00705	0.00669
17	0.01206	0.00822	0.01054	0.01088	0.01200	0.00829	0.00769	0.09436	0.01578	0.02121	0.05539	0.45275	0.03619	0.02282	0.04937	0.14903	0.00585	0.01527	0.00605	0.00628
18	0.35339	0.25756	0.02223	0.03364	0.01779	0.02111	0.01111	0.04121	0.01414	0.05880	0.01127	0.01333	0.00926	0.00753	0.00737	0.00214	0.10070	0.00456	0.00414	0.00873
19	0.01374	0.05392	0.07471	0.01139	0.01442	0.00998	0.00965	0.04075	0.03643	0.09064	0.27731	0.24155	0.06662	0.01512	0.00820	0.00244	0.00507	0.01321	0.00693	0.00791
20	0.00883	0.00642	0.00834	0.00987	0.01048	0.00593	0.00663	0.01015	0.01416	0.01866	0.04318	0.67756	0.10830	0.02237	0.00921	0.00291	0.00417	0.02017	0.00675	0.00593
21	0.01932	0.15568	0.02561	0.01781	0.02088	0.15618	0.05829	0.05891	0.01559	0.01981	0.01119	0.01517	0.01000	0.01045	0.03056	0.00261	0.31329	0.00566	0.00362	0.04936

[dist]
# distance from previous block
# <min> <max>
8	17

[block]
# block no. 6 follows, 28 sequences, length 34
# corresponding to MSA columns:
# 381-414
name=unknown_G
#
# <colnr> <probs for GDERKNQSTAVLIFYWHMCP>
#	G	D	E	R	K	N	Q	S	T	A	V	L	I	F	Y	W	H	M	C	P
0	0.00886	0.00633	0.00843	0.01012	0.01054	0.00590	0.00675	0.01012	0.01392	0.01856	0.04006	0.73979	0.04808	0.02277	0.00928	0.00295	0.00422	0.02066	0.00675	0.00590
1	0.01060	0.00776	0.01053	0.01207	0.04214	0.00746	0.00827	0.02699	0.01475	0.01982	0.05707	0.44336	0.07299	0.02261	0.05634	0.05692	0.00589	0.08568	0.00614	0.03262
2	0.01658	0.01827	0.08880	0.11262	0.37472	0.06570	0.01909	0.02154	0.03823	0.02357	0.11068	0.02469	0.02013	0.00834	0.00741	0.00224	0.00840	0.02461	0.00434	0.01003
3	0.01145	0.00729	0.00948	0.01036	0.01154	0.00679	0.00721	0.01357	0.03618	0.08465	0.06283	0.59056	0.07912	0.02055	0.00897	0.00282	0.00440	0.01846	0.00703	0.00674
4	0.01058	0.00760	0.00895	0.00857	0.01076	0.00668	0.00644	0.01316	0.01846	0.05868	0.34781	0.09114	0.35159	0.01654	0.00855	0.00239	0.00372	0.01419	0.00742	0.00677
5	0.01493	0.03538	0.62996	0.02281	0.07725	0.01698	0.05648	0.02298	0.01551	0.02308	0.01316	0.01572	0.00945	0.00684	0.00700	0.00230	0.01067	0.00560	0.00313	0.01075
6	0.01541	0.13573	0.58219	0.02068	0.06076	0.01855	0.02464	0.02281	0.01532	0.02223	0.01266	0.01496	0.00933	0.00679	0.00661	0.00219	0.01023	0.00522	0.00310	0.01058
7	0.00991	0.00742	0.00920	0.00875	0.01063	0.00670	0.00656	0.01299	0.01969	0.02705	0.55786	0.05776	0.20740	0.01565	0.00858	0.00232	0.00349	0.01363	0.00773	0.00670
8	0.00921	0.00654	0.00865	0.01020	0.01068	0.00619	0.00694	0.01054	0.01386	0.01844	0.03856	0.63358	0.04586	0.08064	0.01157	0.00331	0.00464	0.06821	0.00655	0.00584
9	0.02616	0.01885	0.02036	0.01593	0.02133	0.02076	0.01311	0.56822	0.06934	0.06555	0.01939	0.02047	0.01421	0.00910	0.00725	0.00221	0.00756	0.02433	0.04399	0.01189
10	0.01568	0.01647	0.02600	0.02093	0.02375	0.06865	0.22754	0.01878	0.01426	0.01952	0.01676	0.13069	0.01659	0.01448	0.06039	0.00336	0.28469	0.00928	0.00399	0.00817
11	0.59454	0.01361	0.01232	0.01045	0.01524	0.01482	0.00861	0.02508	0.01460	0.20978	0.01502	0.01522	0.01054	0.00734	0.00524	0.00225	0.00577	0.00483	0.00569	0.00906
12	0.00893	0.00638	0.00850	0.01007	0.01056	0.00595	0.00675	0.01031	0.01427	0.01911	0.07446	0.70381	0.04915	0.02236	0.00924	0.00292	0.00418	0.02027	0.00681	0.00595
13	0.01056	0.00709	0.00816	0.00816	0.00824	0.00717	0.00469	0.01072	0.01064	0.01427	0.02269	0.04640	0.02592	0.70199	0.07885	0.00733	0.00781	0.01040	0.00437	0.00453
14	0.01590	0.01590	0.02226	0.01908	0.01908	0.02226	0.01590	0.01749	0.01113	0.01749	0.00954	0.01590	0.00954	0.01272	0.02385	0.00318	0.73123	0.00636	0.00318	0.00795
15	0.01920	0.01579	0.01967	0.01475	0.02069	0.01490	0.07361	0.23297	0.05197	0.03091	0.01660	0.05100	0.01359	0.00757	0.00658	0.00172	0.00685	0.00639	0.00547	0.38978
16	0.01700	0.01262	0.01354	0.01200	0.01516	0.05917	0.00928	0.07188	0.16882	0.11017	0.31506	0.06142	0.07860	0.01253	0.00795	0.00232	0.00531	0.01064	0.00753	0.00900
17	0.01590	0.01590	0.02226	0.01908	0.01908	0.02226	0.01590	0.01749	0.01113	0.01749	0.00954	0.01590	0.00954	0.01272	0.02385	0.00318	0.73123	0.00636	0.00318	0.00795
18	0.00871	0.00725	0.00761	0.00777	0.00995	0.00615	0.00573	0.01057	0.01648	0.02002	0.10252	0.14393	0.59093	0.01871	0.00867	0.00250	0.00373	0.01582	0.00682	0.00615
19	0.01990	0.63321	0.08009	0.01339	0.01986	0.02740	0.01351	0.08406	0.01666	0.02022	0.01100	0.01245	0.00961	0.00650	0.00506	0.00166	0.00799	0.00424	0.00350	0.00971
20	0.64387	0.01864	0.14614	0.01173	0.01744	0.01642	0.01157	0.02169	0.01295	0.03075	0.01069	0.01250	0.00813	0.00678	0.00497	0.00226	0.00662	0.00422	0.00422	0.00843
21	0.01044	0.00705	0.00821	0.00832	0.00844	0.00710	0.00487	0.01070	0.01087	0.01458	0.02385	0.09349	0.02736	0.65044	0.07930	0.00707	0.00766	0.01108	0.00453	0.00464
22	0.00905	0.00646	0.00866	0.01034	0.01085	0.00607	0.00709	0.01046	0.01411	0.01877	0.03996	0.69498	0.04765	0.02259	0.00933	0.00298	0.00439	0.06355	0.00674	0.00596
23	0.17320	0.05305	0.01909	0.01451	0.01955	0.07855	0.01191	0.40413	0.02645	0.03796	0.04688	0.01788	0.01400	0.00840	0.00652	0.00212	0.00754	0.00608	0.04167	0.01052
24	0.00900	0.00643	0.00856	0.01003	0.01057	0.00600	0.00676	0.01047	0.01457	0.01959	0.10413	0.67277	0.05008	0.02200	0.00921	0.00289	0.00414	0.01993	0.00687	0.00600
25	0.13829	0.01645	0.02496	0.11103	0.02698	0.04226	0.19228	0.04094	0.01470	0.02306	0.01265	0.01736	0.01035	0.00873	0.01229	0.00257	0.23811	0.00657	0.05188	0.00854
26	0.30529	0.01790	0.01678	0.01361	0.01863	0.05188	0.01113	0.36394	0.02447	0.03799	0.01816	0.01862	0.05512	0.00858	0.00632	0.00221	0.00710	0.00608	0.00606	0.01014
27	0.02031	0.01404	0.01627	0.01464	0.03943	0.01499	0.01107	0.17136	0.25277	0.13629	0.09378	0.13177	0.02743	0.01176	0.00774	0.00241	0.00595	0.00997	0.00746	0.01055
28	0.01887	0.11937	0.39735	0.02035	0.06966	0.09038	0.02131	0.13363	0.01907	0.02567	0.01329	0.01519	0.00992	0.00716	0.00668	0.00214	0.01003	0.00539	0.00389	0.01066
29	0.01869	0.01912	0.02714	0.13847	0.51005	0.11651	0.02083	0.02273	0.01684	0.02216	0.01322	0.01749	0.01095	0.00673	0.00712	0.00216	0.00942	0.00622	0.00357	0.01058
30	0.01157	0.07857	0.01422	0.01165	0.01341	0.01117	0.00934	0.01418	0.01253	0.01795	0.04921	0.02765	0.01937	0.04464	0.56072	0.00955	0.03970	0.00757	0.04017	0.00684
31	0.04196	0.01187	0.01554	0.13819	0.04066	0.01262	0.01199	0.13641	0.03955	0.10133	0.11265	0.17759	0.03052	0.01335	0.00808	0.00254	0.00646	0.08345	0.00649	0.00875
32	0.03962	0.03719	0.01996	0.03691	0.07296	0.03966	0.04318	0.06955	0.18585	0.13811	0.02105	0.06009	0.01673	0.00942	0.00898	0.00229	0.08922	0.00748	0.00590	0.09586
33	0.05963	0.02119	0.11688	0.01687	0.04023	0.03985	0.01469	0.40326	0.05982	0.06661	0.01816	0.03723	0.01398	0.04799	0.00871	0.00249	0.00811	0.00689	0.00626	0.01116

[dist]
# distance from previous block
# <min> <max>
4	24

[block]
# block no. 7 follows, 28 sequences, length 15
# corresponding to MSA columns:
# 439-453
name=unknown_H
#
# <colnr> <probs for GDERKNQSTAVLIFYWHMCP>
#	G	D	E	R	K	N	Q	S	T	A	V	L	I	F	Y	W	H	M	C	P
0	0.01718	0.01965	0.12023	0.09815	0.55515	0.01713	0.02275	0.02209	0.01622	0.02322	0.01353	0.01775	0.01105	0.00660	0.00716	0.00220	0.00901	0.00633	0.00350	0.01112
1	0.02763	0.02036	0.02182	0.01672	0.02254	0.02254	0.01382	0.67496	0.03418	0.04581	0.01745	0.01745	0.01236	0.00873	0.00727	0.00218	0.00800	0.00654	0.00727	0.01236
2	0.01038	0.00779	0.01168	0.01168	0.01298	0.00909	0.00909	0.01298	0.01168	0.01687	0.01947	0.02856	0.01817	0.05452	0.71573	0.01168	0.01947	0.00779	0.00389	0.00649
3	0.01626	0.01637	0.02451	0.02025	0.02158	0.02139	0.10272	0.02007	0.06951	0.01936	0.01194	0.01735	0.01082	0.01160	0.02042	0.00302	0.57390	0.00681	0.00361	0.00850
4	0.01377	0.01223	0.02050	0.60234	0.07271	0.01489	0.01844	0.01753	0.01395	0.01801	0.01291	0.01968	0.01016	0.00962	0.01007	0.10676	0.00920	0.00644	0.00324	0.00757
5	0.01602	0.01625	0.02419	0.02016	0.02085	0.02190	0.07713	0.01803	0.01169	0.01803	0.01002	0.01625	0.00968	0.01211	0.02243	0.00311	0.66422	0.00657	0.00323	0.00812
6	0.00951	0.00660	0.00824	0.00928	0.00954	0.00634	0.00585	0.01029	0.01263	0.01684	0.03348	0.47414	0.03977	0.29977	0.01992	0.00452	0.00530	0.01679	0.00585	0.00533
7	0.01031	0.00709	0.00785	0.00785	0.00818	0.00693	0.00455	0.01055	0.01137	0.01483	0.02964	0.05054	0.11534	0.64815	0.03323	0.00644	0.00660	0.01120	0.00472	0.00463
8	0.01809	0.56185	0.03147	0.01212	0.01726	0.02459	0.01126	0.02232	0.09531	0.01831	0.01416	0.01829	0.01315	0.10466	0.00929	0.00239	0.00743	0.00530	0.00380	0.00894
