[name]
unknown

[dist]
# distance from previous block
# <min> <max>
2	12

[block]
# block no. 0 follows, 29 sequences, length 12
# corresponding to MSA columns:
# 12-23
name=unknown_A
#
# <colnr> <probs for GDERKNQSTAVLIFYWHMCP>
#	G	D	E	R	K	N	Q	S	T	A	V	L	I	F	Y	W	H	M	C	P
0	0.09025	0.00912	0.00973	0.00866	0.01126	0.00920	0.00661	0.06422	0.01623	0.13664	0.02225	0.02666	0.01771	0.10146	0.00935	0.00249	0.00472	0.00691	0.43881	0.00770
1	0.06407	0.09673	0.01996	0.01551	0.01988	0.44363	0.01210	0.02540	0.01803	0.05201	0.01221	0.01404	0.01003	0.00858	0.03181	0.00206	0.01064	0.00465	0.00399	0.13467
2	0.01288	0.00762	0.01007	0.01034	0.01202	0.00682	0.00735	0.01462	0.01519	0.13042	0.07612	0.54147	0.04130	0.01860	0.00850	0.00263	0.00447	0.01669	0.00689	0.05600
3	0.36092	0.03881	0.13327	0.03321	0.01939	0.01532	0.01219	0.07393	0.01564	0.09398	0.01322	0.01453	0.00978	0.00678	0.00551	0.00201	0.00673	0.00474	0.00470	0.13533
4	0.01399	0.00906	0.01068	0.01060	0.04813	0.00804	0.00759	0.01705	0.04941	0.15497	0.08515	0.05459	0.47351	0.01508	0.00804	0.00234	0.00442	0.01262	0.00696	0.00776
5	0.00958	0.01112	0.12157	0.01158	0.01362	0.00751	0.00978	0.01195	0.01386	0.01888	0.03499	0.62770	0.04097	0.01981	0.00872	0.00279	0.00516	0.01783	0.00603	0.00655
6	0.01950	0.38562	0.21676	0.01460	0.02157	0.02107	0.01571	0.02420	0.04090	0.13051	0.01528	0.01741	0.01204	0.00731	0.00587	0.00193	0.00805	0.02745	0.00424	0.00999
7	0.02422	0.13639	0.02318	0.01683	0.06435	0.02101	0.01323	0.37696	0.12707	0.09792	0.01850	0.01830	0.01353	0.00820	0.00673	0.00208	0.00735	0.00630	0.00641	0.01145
8	0.00875	0.00633	0.00828	0.00968	0.01030	0.00586	0.00654	0.01017	0.01424	0.01895	0.08625	0.65521	0.09008	0.02151	0.00900	0.00282	0.00405	0.01941	0.00669	0.00586
9	0.02156	0.12109	0.02244	0.14462	0.02568	0.06785	0.01403	0.29554	0.16006	0.03124	0.01729	0.01828	0.01298	0.00809	0.00674	0.00213	0.00799	0.00624	0.00563	0.01051
10	0.01997	0.48013	0.11086	0.01358	0.01968	0.07431	0.01351	0.04521	0.01648	0.08322	0.05303	0.01579	0.01344	0.00710	0.00551	0.00176	0.00795	0.00497	0.00404	0.00947
11	0.04738	0.38334	0.09077	0.01312	0.01906	0.04259	0.01268	0.04817	0.01713	0.19462	0.05584	0.01771	0.01475	0.00748	0.00580	0.00186	0.00734	0.00544	0.00499	0.00991

[dist]
# distance from previous block
# <min> <max>
0	1

[block]
# block no. 1 follows, 29 sequences, length 21
# corresponding to MSA columns:
# 25-45
name=unknown_B
#
# <colnr> <probs for GDERKNQSTAVLIFYWHMCP>
#	G	D	E	R	K	N	Q	S	T	A	V	L	I	F	Y	W	H	M	C	P
0	0.07472	0.01792	0.02043	0.01574	0.02132	0.01924	0.03907	0.47115	0.05426	0.16501	0.01902	0.01852	0.01317	0.00842	0.00702	0.00217	0.00745	0.00653	0.00713	0.01171
1	0.00972	0.00774	0.00865	0.00855	0.01054	0.00715	0.00626	0.01320	0.06980	0.02203	0.22497	0.12943	0.37560	0.06211	0.01011	0.00269	0.00396	0.01417	0.00684	0.00648
2	0.07922	0.08215	0.06429	0.01900	0.02375	0.01816	0.20647	0.06084	0.07600	0.06829	0.01883	0.03683	0.05251	0.00908	0.01034	0.00242	0.15049	0.00746	0.00460	0.00927
3	0.01440	0.03399	0.61925	0.02090	0.03078	0.01635	0.09300	0.02226	0.01539	0.02279	0.03685	0.01679	0.01122	0.00696	0.00699	0.00227	0.01043	0.00585	0.00324	0.01030
4	0.00867	0.00723	0.00761	0.00783	0.01006	0.00617	0.00596	0.01056	0.01609	0.01934	0.06752	0.10876	0.61235	0.01841	0.00857	0.00250	0.00387	0.06585	0.00661	0.00604
5	0.01601	0.01047	0.01249	0.01164	0.01432	0.01056	0.00883	0.11732	0.10590	0.12184	0.08928	0.31297	0.09002	0.01568	0.00820	0.00254	0.00511	0.03121	0.00718	0.00844
6	0.04225	0.11753	0.46479	0.05821	0.02897	0.06099	0.06426	0.02232	0.01525	0.02176	0.01263	0.01517	0.00941	0.00673	0.00648	0.00214	0.00998	0.00530	0.02603	0.00981
7	0.06766	0.02044	0.01982	0.06019	0.02273	0.12444	0.01327	0.41049	0.10754	0.05692	0.01728	0.01763	0.01259	0.00831	0.00688	0.00215	0.00824	0.00621	0.00628	0.01094
8	0.01136	0.00748	0.01114	0.01097	0.01165	0.00851	0.00817	0.01157	0.01054	0.01488	0.01583	0.02473	0.01514	0.03956	0.40267	0.32694	0.05330	0.00697	0.00348	0.00512
9	0.05255	0.19123	0.02299	0.01541	0.02009	0.37379	0.01250	0.04479	0.01900	0.16307	0.01444	0.01496	0.01095	0.00737	0.00611	0.00186	0.00986	0.00497	0.00472	0.00934
10	0.54506	0.01393	0.01398	0.01153	0.01629	0.01517	0.04975	0.06178	0.01520	0.15175	0.01426	0.01510	0.01026	0.00713	0.00532	0.00219	0.00607	0.00496	0.03144	0.00883
11	0.01036	0.00690	0.00777	0.00777	0.00777	0.00690	0.00431	0.01036	0.01036	0.01381	0.02244	0.04660	0.02589	0.74975	0.03624	0.00690	0.00690	0.01036	0.00431	0.00431
12	0.01375	0.00749	0.00769	0.00738	0.00908	0.00762	0.00542	0.05667	0.01548	0.02603	0.02275	0.02855	0.01886	0.10394	0.00914	0.00236	0.00406	0.00710	0.63995	0.00667
13	0.02320	0.03955	0.01715	0.03305	0.01871	0.04272	0.01101	0.20000	0.11060	0.24186	0.07977	0.06836	0.06132	0.01043	0.00733	0.00224	0.00642	0.00851	0.00728	0.01049
14	0.02456	0.01351	0.01600	0.01307	0.01776	0.01361	0.01049	0.12290	0.20948	0.34546	0.03069	0.02854	0.08089	0.02955	0.00807	0.00240	0.00599	0.00811	0.00782	0.01111
15	0.01930	0.01448	0.01578	0.01357	0.01758	0.01605	0.01071	0.16630	0.38442	0.07631	0.11286	0.02789	0.02513	0.00992	0.00722	0.00227	0.00568	0.00819	0.05570	0.01063
16	0.01666	0.10838	0.36793	0.02173	0.05505	0.05039	0.16781	0.06305	0.01682	0.02305	0.01484	0.01732	0.03086	0.00699	0.00696	0.00218	0.01019	0.00618	0.00356	0.01005
17	0.07533	0.01669	0.01867	0.01462	0.02001	0.01771	0.01200	0.37674	0.09644	0.24550	0.02124	0.01991	0.01452	0.00862	0.00698	0.00219	0.00692	0.00665	0.00748	0.01175
18	0.00885	0.00640	0.00839	0.00978	0.01044	0.00594	0.00669	0.01035	0.01438	0.01915	0.09321	0.63179	0.08663	0.02137	0.00902	0.00282	0.00411	0.03807	0.00671	0.00589
19	0.00878	0.00653	0.00819	0.00924	0.01022	0.00594	0.00637	0.01039	0.01493	0.01960	0.12310	0.52417	0.18550	0.02052	0.00887	0.00271	0.00393	0.01830	0.00675	0.00594
20	0.14248	0.02116	0.02053	0.02247	0.19709	0.21723	0.01443	0.12236	0.06217	0.09154	0.01510	0.01645	0.01152	0.00743	0.00650	0.00208	0.00876	0.00566	0.00496	0.01007

[dist]
# distance from previous block
# <min> <max>
2	10

[block]
# block no. 2 follows, 29 sequences, length 51
# corresponding to MSA columns:
# 56-106
name=unknown_C
#
# <colnr> <probs for GDERKNQSTAVLIFYWHMCP>
#	G	D	E	R	K	N	Q	S	T	A	V	L	I	F	Y	W	H	M	C	P
0	0.01049	0.00714	0.00930	0.00937	0.01058	0.00683	0.00665	0.01263	0.01598	0.04642	0.31344	0.23402	0.06692	0.12911	0.08466	0.00404	0.00578	0.01380	0.00658	0.00625
1	0.27040	0.01961	0.16316	0.04334	0.04288	0.04412	0.01407	0.10030	0.03795	0.11726	0.01529	0.01687	0.01125	0.01090	0.06118	0.00291	0.00851	0.00551	0.00494	0.00955
2	0.02085	0.13639	0.02310	0.06155	0.04978	0.01671	0.05738	0.12196	0.01853	0.15683	0.01578	0.01713	0.01182	0.00725	0.00735	0.00187	0.05358	0.00568	0.00514	0.21133
3	0.01594	0.22637	0.40578	0.05134	0.08059	0.01976	0.06323	0.02199	0.01505	0.02087	0.01215	0.01470	0.00936	0.00652	0.00631	0.00206	0.00963	0.00520	0.00310	0.01004
4	0.01005	0.00677	0.00786	0.00816	0.00823	0.00670	0.00473	0.01027	0.01095	0.01460	0.02550	0.17405	0.02976	0.61702	0.03129	0.00617	0.00640	0.01216	0.00473	0.00458
5	0.01166	0.00845	0.01203	0.01056	0.01298	0.00767	0.05855	0.01483	0.01898	0.06978	0.47172	0.07858	0.16758	0.01443	0.00835	0.00230	0.00427	0.01282	0.00732	0.00713
6	0.02388	0.01669	0.01915	0.01669	0.06175	0.01798	0.01287	0.44016	0.05501	0.10106	0.02132	0.04730	0.01709	0.00997	0.00735	0.00226	0.00718	0.06939	0.04185	0.01105
7	0.01534	0.01543	0.02404	0.08899	0.04500	0.02001	0.09908	0.01789	0.01215	0.01811	0.01087	0.01699	0.00999	0.01283	0.05149	0.00331	0.52058	0.00658	0.00323	0.00807
8	0.01282	0.00786	0.01028	0.00941	0.01157	0.00714	0.00715	0.01594	0.01972	0.11734	0.55621	0.08094	0.08725	0.01430	0.00827	0.00227	0.00376	0.01255	0.00786	0.00736
9	0.01652	0.01610	0.05084	0.10862	0.12535	0.01822	0.06892	0.09902	0.01566	0.02250	0.01316	0.01820	0.01114	0.01307	0.07472	0.00333	0.27735	0.00655	0.03179	0.00893
10	0.05375	0.02008	0.01761	0.01484	0.01922	0.18129	0.01173	0.26736	0.15265	0.06120	0.02206	0.02190	0.05795	0.00901	0.00683	0.00211	0.00786	0.00680	0.05563	0.01014
11	0.00868	0.00620	0.00826	0.00991	0.01033	0.00578	0.00661	0.00991	0.01363	0.01818	0.03925	0.74510	0.04710	0.02231	0.00909	0.00289	0.00413	0.02024	0.00661	0.00578
12	0.01328	0.00702	0.00758	0.05315	0.01091	0.00723	0.00593	0.01669	0.01489	0.02601	0.02255	0.02606	0.01769	0.00822	0.00511	0.00170	0.00371	0.00662	0.73892	0.00672
13	0.01913	0.01991	0.06884	0.03633	0.51248	0.08121	0.02022	0.08584	0.04239	0.02498	0.01405	0.01730	0.01140	0.00679	0.00699	0.00211	0.00882	0.00619	0.00398	0.01104
14	0.01420	0.01359	0.01928	0.04106	0.01824	0.01851	0.01409	0.01603	0.01124	0.01711	0.01259	0.05056	0.01260	0.02028	0.15113	0.00462	0.54691	0.00712	0.00340	0.00744
15	0.70426	0.01486	0.01175	0.04143	0.01596	0.04856	0.00871	0.04346	0.01330	0.03112	0.01033	0.01213	0.00800	0.00673	0.00471	0.00219	0.00610	0.00408	0.00441	0.00789
16	0.00868	0.00620	0.00826	0.00991	0.01033	0.00578	0.00661	0.00991	0.01363	0.01818	0.03925	0.74510	0.04710	0.02231	0.00909	0.00289	0.00413	0.02024	0.00661	0.00578
17	0.04541	0.06448	0.09429	0.07444	0.05552	0.01717	0.12946	0.05891	0.01615	0.14396	0.01619	0.04412	0.01283	0.01028	0.03337	0.00271	0.15956	0.00700	0.00463	0.00952
18	0.02579	0.07604	0.02210	0.01574	0.02135	0.02198	0.01314	0.60701	0.03141	0.04180	0.01849	0.01848	0.03628	0.00869	0.00697	0.00210	0.00767	0.00651	0.00679	0.01167
19	0.00868	0.00620	0.00826	0.00991	0.01033	0.00578	0.00661	0.00991	0.01363	0.01818	0.03925	0.74510	0.04710	0.02231	0.00909	0.00289	0.00413	0.02024	0.00661	0.00578
20	0.01189	0.00801	0.01003	0.00926	0.01140	0.00738	0.00702	0.03790	0.01980	0.07443	0.51144	0.07943	0.15523	0.01477	0.00830	0.00228	0.00377	0.01286	0.00765	0.00714
21	0.01354	0.01929	0.20622	0.24755	0.03349	0.01483	0.14232	0.01879	0.01507	0.02067	0.04862	0.09867	0.04104	0.00938	0.00824	0.00243	0.03885	0.00852	0.00390	0.00857
22	0.01834	0.49996	0.11972	0.01677	0.02351	0.05227	0.13956	0.02203	0.01520	0.01862	0.01114	0.01338	0.00944	0.00621	0.00563	0.00179	0.00900	0.00488	0.00317	0.00936
23	0.01501	0.01477	0.02072	0.01795	0.01805	0.02048	0.01487	0.01662	0.01103	0.01713	0.01092	0.03973	0.01109	0.01538	0.06732	0.00364	0.66760	0.00677	0.00327	0.00763
24	0.01029	0.00687	0.00779	0.00785	0.00787	0.00686	0.00441	0.01034	0.01049	0.01398	0.02312	0.07482	0.02674	0.72036	0.03515	0.00674	0.00679	0.01075	0.00441	0.00437
25	0.00889	0.00629	0.00820	0.00964	0.01000	0.00593	0.00631	0.00997	0.01321	0.01761	0.03707	0.65459	0.04435	0.11658	0.01261	0.00341	0.00449	0.01896	0.00631	0.00559
26	0.04639	0.01361	0.02096	0.42175	0.10391	0.01567	0.04731	0.10495	0.01697	0.02331	0.01580	0.07459	0.01329	0.00838	0.00712	0.00232	0.00844	0.00742	0.03916	0.00864
27	0.02269	0.01494	0.01694	0.03660	0.01891	0.01594	0.01120	0.38820	0.02616	0.12389	0.06741	0.09397	0.02064	0.01028	0.00716	0.00218	0.00647	0.00834	0.09774	0.01035
28	0.00871	0.00646	0.00814	0.00934	0.01021	0.00588	0.00639	0.01019	0.01453	0.01902	0.08611	0.57348	0.17351	0.02102	0.00892	0.00276	0.00398	0.01880	0.00669	0.00588
29	0.01501	0.03178	0.52066	0.02308	0.03265	0.01696	0.21344	0.02262	0.01554	0.02262	0.01324	0.01623	0.00953	0.00655	0.00723	0.00230	0.01095	0.00616	0.00318	0.01026
30	0.01440	0.03003	0.49738	0.04931	0.03113	0.01599	0.15175	0.02168	0.01577	0.02292	0.06942	0.01912	0.01414	0.00727	0.00723	0.00229	0.01019	0.00654	0.00352	0.00993
31	0.01974	0.01350	0.01448	0.01259	0.01648	0.04125	0.00980	0.05313	0.32042	0.19055	0.03466	0.03365	0.13765	0.05819	0.00925	0.00262	0.00583	0.00899	0.00718	0.01003
32	0.01023	0.00685	0.00780	0.00793	0.00796	0.00682	0.00449	0.01032	0.01061	0.01414	0.02373	0.10040	0.02752	0.69372	0.03415	0.00659	0.00669	0.01112	0.00449	0.00443
33	0.01428	0.06597	0.60803	0.02028	0.05812	0.01638	0.02422	0.02166	0.01497	0.02204	0.01437	0.06176	0.01156	0.00771	0.00683	0.00226	0.00990	0.00620	0.00326	0.01019
34	0.01619	0.01494	0.02394	0.31588	0.33888	0.01641	0.01935	0.06292	0.04759	0.02275	0.01638	0.02056	0.03845	0.00741	0.00715	0.00225	0.00851	0.00676	0.00390	0.00977
35	0.10755	0.05294	0.02012	0.04960	0.04369	0.43547	0.01360	0.07134	0.04635	0.02157	0.01203	0.01415	0.00982	0.00775	0.00758	0.00204	0.06669	0.00501	0.00404	0.00866
36	0.70829	0.01397	0.01120	0.00984	0.01417	0.01607	0.00802	0.07139	0.01369	0.03220	0.01098	0.01342	0.00879	0.03708	0.00591	0.00239	0.00574	0.00432	0.00461	0.00791
37	0.02833	0.01231	0.01608	0.01256	0.01755	0.01123	0.01028	0.10347	0.02180	0.54053	0.12164	0.02752	0.02399	0.00959	0.00733	0.00220	0.00588	0.00788	0.00849	0.01136
38	0.02165	0.01680	0.01988	0.11178	0.06196	0.01817	0.01365	0.40991	0.04861	0.03518	0.01786	0.07205	0.01449	0.00894	0.00706	0.00211	0.00745	0.00724	0.00604	0.09918
39	0.05313	0.01723	0.05082	0.30936	0.22865	0.06206	0.04242	0.07846	0.04710	0.02338	0.01381	0.01789	0.01070	0.00707	0.00697	0.00223	0.00904	0.00622	0.00389	0.00956
40	0.01036	0.00690	0.00777	0.00777	0.00777	0.00690	0.00431	0.01036	0.01036	0.01381	0.02244	0.04660	0.02589	0.74975	0.03624	0.00690	0.00690	0.01036	0.00431	0.00431
41	0.01237	0.00618	0.00928	0.00928	0.00928	0.00618	0.00618	0.00928	0.00928	0.01237	0.01237	0.02165	0.01237	0.02474	0.02783	0.79283	0.00618	0.00618	0.00309	0.00309
42	0.01702	0.01524	0.02465	0.27103	0.11590	0.01678	0.14095	0.14384	0.01845	0.02519	0.01562	0.05120	0.01268	0.00808	0.00804	0.00231	0.04186	0.00737	0.05455	0.00925
43	0.01522	0.01522	0.01937	0.01705	0.01761	0.07279	0.01395	0.01702	0.01174	0.01702	0.01165	0.01814	0.01122	0.02122	0.17814	0.00488	0.52053	0.00642	0.00331	0.00751
44	0.01036	0.00690	0.00777	0.00777	0.00777	0.00690	0.00431	0.01036	0.01036	0.01381	0.02244	0.04660	0.02589	0.74975	0.03624	0.00690	0.00690	0.01036	0.00431	0.00431
45	0.01748	0.51962	0.25811	0.01484	0.02238	0.02437	0.01680	0.02172	0.01465	0.01865	0.01084	0.01260	0.00910	0.00631	0.00529	0.00176	0.00857	0.00428	0.00303	0.00959
46	0.05788	0.09241	0.01771	0.01170	0.01731	0.01218	0.00979	0.02691	0.01774	0.37798	0.04832	0.02073	0.01624	0.00763	0.00626	0.00180	0.00586	0.00603	0.00662	0.23889
47	0.01145	0.00962	0.01195	0.01181	0.01321	0.06367	0.00907	0.01382	0.01207	0.01648	0.01860	0.02764	0.01750	0.08089	0.63591	0.01050	0.01805	0.00752	0.00383	0.00641
48	0.02397	0.07085	0.04864	0.08709	0.02373	0.01980	0.01380	0.43252	0.04950	0.09594	0.01758	0.01910	0.01296	0.04226	0.00827	0.00236	0.00782	0.00647	0.00630	0.01103
49	0.02124	0.18089	0.10931	0.01998	0.09325	0.33163	0.01603	0.02417	0.01681	0.01848	0.01104	0.01364	0.00939	0.00753	0.00820	0.00201	0.09915	0.00489	0.00338	0.00898
50	0.10980	0.01007	0.01239	0.01366	0.10233	0.00992	0.00882	0.04536	0.01720	0.06299	0.23419	0.07259	0.17138	0.08648	0.01042	0.00274	0.00508	0.01081	0.00622	0.00755

[dist]
# distance from previous block
# <min> <max>
2	15

[block]
# block no. 3 follows, 29 sequences, length 35
# corresponding to MSA columns:
# 122-156
name=unknown_D
#
# <colnr> <probs for GDERKNQSTAVLIFYWHMCP>
#	G	D	E	R	K	N	Q	S	T	A	V	L	I	F	Y	W	H	M	C	P
0	0.00931	0.00822	0.03377	0.00887	0.01105	0.00668	0.00703	0.01180	0.01700	0.02205	0.24836	0.15395	0.36833	0.01727	0.00852	0.00246	0.00401	0.04811	0.00684	0.00638
1	0.01595	0.02168	0.16620	0.07119	0.03431	0.01809	0.42581	0.02172	0.01553	0.02172	0.01332	0.01792	0.01019	0.00707	0.00997	0.00247	0.10663	0.00739	0.00340	0.00943
2	0.03854	0.06099	0.25135	0.08493	0.06005	0.01701	0.17841	0.07064	0.01681	0.04284	0.03141	0.04443	0.02925	0.00793	0.00779	0.00230	0.03448	0.00715	0.00402	0.00966
3	0.01130	0.00746	0.00976	0.00927	0.01107	0.00683	0.00691	0.01431	0.01925	0.07200	0.55662	0.13717	0.08032	0.01524	0.00840	0.00232	0.00364	0.01347	0.00771	0.00694
4	0.00877	0.00638	0.00821	0.00962	0.01026	0.00590	0.00651	0.01008	0.01386	0.01821	0.04216	0.63131	0.11708	0.04809	0.01001	0.00299	0.00423	0.03404	0.00653	0.00577
5	0.03986	0.00803	0.00940	0.00904	0.01053	0.00903	0.00703	0.01594	0.01365	0.02355	0.02042	0.02521	0.01687	0.01860	0.16453	0.00398	0.08291	0.00672	0.50796	0.00673
6	0.06985	0.01847	0.02425	0.08348	0.45076	0.13080	0.01831	0.02192	0.01665	0.02271	0.04962	0.01949	0.02850	0.00726	0.00688	0.00211	0.00868	0.00642	0.00387	0.00996
7	0.03195	0.01212	0.01652	0.01267	0.01818	0.01047	0.01047	0.03470	0.02038	0.71026	0.02809	0.02424	0.01763	0.00881	0.00716	0.00220	0.00606	0.00716	0.00881	0.01212
8	0.00868	0.00620	0.00826	0.00991	0.01033	0.00578	0.00661	0.00991	0.01363	0.01818	0.03925	0.74510	0.04710	0.02231	0.00909	0.00289	0.00413	0.02024	0.00661	0.00578
9	0.01483	0.06703	0.61329	0.02230	0.09852	0.01710	0.02522	0.02242	0.01513	0.02236	0.01271	0.01513	0.00925	0.00669	0.00670	0.00221	0.01018	0.00531	0.00306	0.01054
10	0.01450	0.06905	0.68251	0.01993	0.03026	0.01706	0.02567	0.02250	0.01501	0.02229	0.01265	0.01487	0.00903	0.00673	0.00667	0.00222	0.01039	0.00520	0.00301	0.01046
11	0.00858	0.00722	0.00745	0.00739	0.00972	0.00608	0.00554	0.01054	0.01663	0.02017	0.13543	0.06699	0.63857	0.01768	0.00841	0.00239	0.00358	0.01481	0.00674	0.00608
12	0.02333	0.01709	0.01819	0.01455	0.01934	0.01894	0.01182	0.46825	0.14361	0.03945	0.02008	0.02018	0.01471	0.00870	0.00681	0.00211	0.00676	0.00673	0.12823	0.01112
13	0.01453	0.01077	0.01238	0.01165	0.01414	0.01104	0.00887	0.21773	0.02054	0.02709	0.05618	0.34763	0.14307	0.01698	0.00840	0.00259	0.00533	0.05644	0.00680	0.00785
14	0.01441	0.03238	0.57521	0.02177	0.07274	0.01604	0.07271	0.02194	0.01557	0.02300	0.05708	0.01795	0.01302	0.00718	0.00701	0.00226	0.01004	0.00605	0.00339	0.01026
15	0.01702	0.01629	0.02749	0.04133	0.66000	0.01621	0.02078	0.02110	0.01621	0.02300	0.01722	0.02094	0.05632	0.00711	0.00714	0.00213	0.00814	0.00691	0.00373	0.01094
16	0.01659	0.01967	0.08025	0.05634	0.11704	0.01781	0.51792	0.02235	0.01637	0.02252	0.01398	0.01865	0.01066	0.00631	0.00851	0.00238	0.03153	0.00783	0.00353	0.00975
17	0.01219	0.01017	0.01308	0.05920	0.05071	0.05348	0.00992	0.01458	0.01245	0.01732	0.01825	0.02799	0.01725	0.13791	0.42855	0.00823	0.04097	0.00756	0.05356	0.00661
18	0.01660	0.01859	0.03855	0.02807	0.03404	0.01866	0.56568	0.02184	0.01580	0.02184	0.01354	0.01859	0.01055	0.00711	0.01097	0.00252	0.13622	0.00803	0.00352	0.00929
19	0.01460	0.08418	0.66826	0.01976	0.02999	0.01731	0.02538	0.02247	0.01500	0.02217	0.01259	0.01480	0.00903	0.00672	0.00662	0.00221	0.01033	0.00517	0.00301	0.01043
20	0.01693	0.01769	0.07137	0.12203	0.58657	0.01677	0.02189	0.02147	0.01591	0.02263	0.01327	0.01762	0.01093	0.00646	0.00704	0.00215	0.00871	0.00627	0.00345	0.01084
21	0.01397	0.00751	0.00765	0.00733	0.00915	0.00764	0.00548	0.05881	0.01583	0.02691	0.02279	0.02721	0.01834	0.05529	0.00710	0.00202	0.00384	0.00686	0.68942	0.00684
22	0.00868	0.00620	0.00826	0.00991	0.01033	0.00578	0.00661	0.00991	0.01363	0.01818	0.03925	0.74510	0.04710	0.02231	0.00909	0.00289	0.00413	0.02024	0.00661	0.00578
23	0.01446	0.01061	0.01235	0.01184	0.01392	0.01109	0.00866	0.20169	0.05418	0.02606	0.03134	0.45613	0.03449	0.06516	0.01021	0.00291	0.00544	0.01505	0.00664	0.00776
24	0.01047	0.00806	0.01063	0.01240	0.04838	0.00764	0.00942	0.01310	0.01610	0.02064	0.06963	0.15991	0.23659	0.01867	0.00912	0.00287	0.00536	0.32800	0.00647	0.00654
25	0.00885	0.00631	0.00835	0.00976	0.01026	0.00590	0.00653	0.01022	0.01405	0.01888	0.09354	0.66180	0.04797	0.04867	0.01004	0.00299	0.00417	0.01927	0.00663	0.00581
26	0.01326	0.00830	0.01052	0.00954	0.01178	0.00775	0.00720	0.01708	0.05409	0.11654	0.49318	0.04856	0.09631	0.06231	0.01002	0.00256	0.00408	0.01185	0.00762	0.00746
27	0.01641	0.05500	0.02353	0.05648	0.02144	0.06600	0.04999	0.01842	0.01216	0.01749	0.00992	0.01556	0.00941	0.01119	0.01969	0.00288	0.57715	0.00612	0.00318	0.00799
28	0.07419	0.01299	0.01667	0.01285	0.01832	0.01192	0.01062	0.09811	0.02122	0.60652	0.02599	0.02282	0.01653	0.00866	0.00700	0.00220	0.00620	0.00690	0.00840	0.01187
29	0.00875	0.00633	0.00829	0.00984	0.01042	0.00587	0.00668	0.01009	0.01389	0.01834	0.04134	0.68036	0.08961	0.02195	0.00907	0.00287	0.00417	0.03970	0.00661	0.00582
30	0.01643	0.02103	0.11924	0.02813	0.03524	0.01809	0.55916	0.02240	0.01621	0.02240	0.01388	0.01848	0.01050	0.00652	0.00920	0.00243	0.05968	0.00789	0.00350	0.00959
31	0.02484	0.01827	0.01967	0.01548	0.02066	0.02011	0.01277	0.58092	0.04998	0.04166	0.02066	0.02280	0.03835	0.00948	0.00723	0.00220	0.00739	0.04058	0.03557	0.01138
32	0.01244	0.00894	0.01145	0.01066	0.01228	0.00984	0.00806	0.05592	0.01340	0.01996	0.01924	0.02894	0.01804	0.16989	0.33456	0.00714	0.05850	0.00759	0.13539	0.05775
33	0.01611	0.01979	0.13596	0.20334	0.26911	0.05698	0.10613	0.02114	0.01586	0.02139	0.01460	0.02132	0.01212	0.00743	0.00733	0.00229	0.00964	0.04625	0.00356	0.00965
34	0.03814	0.32568	0.26769	0.01719	0.02437	0.02118	0.09555	0.02121	0.01455	0.01989	0.01198	0.01479	0.00981	0.00956	0.05188	0.00258	0.03616	0.00518	0.00319	0.00941

[dist]
# distance from previous block
# <min> <max>
3	12

[block]
# block no. 4 follows, 29 sequences, length 49
# corresponding to MSA columns:
# 169-217
name=unknown_E
#
# <colnr> <probs for GDERKNQSTAVLIFYWHMCP>
#	G	D	E	R	K	N	Q	S	T	A	V	L	I	F	Y	W	H	M	C	P
0	0.06558	0.15042	0.04976	0.01392	0.01925	0.01866	0.01210	0.19483	0.17357	0.16966	0.04713	0.02069	0.01667	0.00846	0.00658	0.00211	0.00675	0.00653	0.00646	0.01086
1	0.04706	0.10234	0.37899	0.01710	0.02473	0.01706	0.04088	0.04886	0.10965	0.05086	0.03825	0.01976	0.03246	0.00931	0.03051	0.00251	0.00900	0.00624	0.00433	0.01008
2	0.01437	0.01476	0.06853	0.57532	0.08646	0.01593	0.01953	0.05384	0.01566	0.02062	0.03871	0.01981	0.01187	0.00740	0.00714	0.00233	0.00918	0.00651	0.00356	0.00848
3	0.01731	0.06452	0.01482	0.01156	0.01476	0.10756	0.00913	0.08680	0.02086	0.11289	0.35812	0.03861	0.09061	0.01191	0.00758	0.00213	0.00576	0.00990	0.00690	0.00827
4	0.01257	0.01309	0.07062	0.04126	0.01767	0.03938	0.03805	0.01546	0.01248	0.01770	0.03689	0.02497	0.01645	0.07023	0.39015	0.00752	0.15733	0.00733	0.00372	0.00713
5	0.00964	0.00644	0.00861	0.01003	0.01065	0.00598	0.00677	0.01094	0.01391	0.04694	0.03878	0.71515	0.04587	0.02175	0.00901	0.00286	0.00421	0.01970	0.00670	0.00605
6	0.01169	0.00824	0.00927	0.00905	0.00974	0.00852	0.00566	0.04840	0.07097	0.01733	0.02459	0.12101	0.02716	0.56533	0.02916	0.00582	0.00653	0.01105	0.00497	0.00549
7	0.02715	0.01831	0.02021	0.01556	0.02107	0.01979	0.01282	0.56097	0.03104	0.14238	0.04456	0.01951	0.01500	0.00881	0.00718	0.00215	0.00740	0.00677	0.00740	0.01191
8	0.01651	0.01569	0.02608	0.16253	0.52900	0.01631	0.02032	0.02145	0.04682	0.02250	0.01642	0.02039	0.04022	0.00712	0.00713	0.00219	0.00831	0.00678	0.00376	0.01046
9	0.01021	0.00750	0.01078	0.01078	0.01182	0.00854	0.00807	0.01229	0.01125	0.01604	0.01968	0.03134	0.01926	0.17934	0.59760	0.01062	0.01687	0.00812	0.00391	0.00599
10	0.01652	0.01865	0.04026	0.08960	0.03822	0.01782	0.62352	0.02242	0.01659	0.02242	0.01426	0.01919	0.01069	0.00610	0.00829	0.00240	0.01179	0.00823	0.00356	0.00946
11	0.01241	0.00875	0.01083	0.01114	0.01251	0.00885	0.00799	0.13149	0.01694	0.02261	0.03286	0.52869	0.03756	0.01994	0.01038	0.07112	0.00506	0.03776	0.00640	0.00672
12	0.01169	0.00851	0.01007	0.01031	0.01264	0.00803	0.00832	0.03660	0.04851	0.05598	0.05202	0.12001	0.34149	0.01774	0.00878	0.00271	0.00499	0.22790	0.00675	0.00693
13	0.00982	0.00708	0.00929	0.00913	0.01058	0.00655	0.00670	0.01280	0.01898	0.02668	0.58180	0.17832	0.06355	0.01596	0.00852	0.00236	0.00350	0.01421	0.00762	0.00655
14	0.02707	0.01995	0.02137	0.01638	0.02208	0.02208	0.01353	0.68159	0.03348	0.04488	0.01710	0.01710	0.01211	0.00855	0.00712	0.00214	0.00784	0.00641	0.00712	0.01211
15	0.02707	0.01995	0.02137	0.01638	0.02208	0.02208	0.01353	0.68159	0.03348	0.04488	0.01710	0.01710	0.01211	0.00855	0.00712	0.00214	0.00784	0.00641	0.00712	0.01211
16	0.01161	0.00915	0.01070	0.00998	0.01232	0.00918	0.00758	0.01865	0.17691	0.02740	0.44647	0.04934	0.15513	0.01395	0.00813	0.00231	0.00393	0.01208	0.00751	0.00767
17	0.00868	0.00620	0.00826	0.00991	0.01033	0.00578	0.00661	0.00991	0.01363	0.01818	0.03925	0.74510	0.04710	0.02231	0.00909	0.00289	0.00413	0.02024	0.00661	0.00578
18	0.01091	0.00779	0.01083	0.01247	0.01386	0.00771	0.01050	0.01378	0.01584	0.02068	0.03801	0.21377	0.04221	0.02020	0.00969	0.00320	0.00607	0.52950	0.00657	0.00640
19	0.02541	0.01445	0.01654	0.01363	0.01838	0.04316	0.01092	0.07982	0.25510	0.36625	0.05844	0.02543	0.02064	0.00930	0.00721	0.00226	0.00619	0.00758	0.00789	0.01141
20	0.02288	0.01842	0.01897	0.01562	0.02049	0.04770	0.01253	0.36890	0.32668	0.03707	0.02215	0.02115	0.01628	0.00900	0.00715	0.00225	0.00705	0.00707	0.00704	0.01158
21	0.00866	0.00627	0.00818	0.00971	0.01027	0.00580	0.00652	0.00994	0.01383	0.01826	0.04171	0.69445	0.09616	0.02199	0.00904	0.00286	0.00409	0.01985	0.00661	0.00580
22	0.01477	0.01266	0.01477	0.01055	0.01687	0.00949	0.00844	0.01793	0.01477	0.02320	0.01266	0.01477	0.01055	0.00527	0.00527	0.00105	0.00527	0.00422	0.00422	0.79328
23	0.01439	0.01410	0.02444	0.46194	0.04071	0.01594	0.14043	0.01894	0.01452	0.01956	0.01273	0.01826	0.00985	0.00711	0.00839	0.00228	0.06554	0.00646	0.00337	0.10106
24	0.01507	0.01468	0.02148	0.01816	0.01887	0.01959	0.06048	0.01714	0.01184	0.01833	0.03296	0.01827	0.01220	0.01414	0.05953	0.00343	0.58647	0.00669	0.04292	0.00774
25	0.01036	0.00690	0.00777	0.00777	0.00777	0.00690	0.00431	0.01036	0.01036	0.01381	0.02244	0.04660	0.02589	0.74975	0.03624	0.00690	0.00690	0.01036	0.00431	0.00431
26	0.01536	0.01363	0.01504	0.01101	0.01715	0.03941	0.00876	0.01906	0.03853	0.02319	0.01315	0.01510	0.01088	0.00551	0.00539	0.00113	0.00560	0.00437	0.00430	0.73343
27	0.14559	0.08893	0.41569	0.01704	0.02503	0.01642	0.05447	0.02188	0.01525	0.05096	0.07234	0.01804	0.01428	0.00740	0.00643	0.00219	0.00873	0.00581	0.00392	0.00962
28	0.00870	0.00722	0.00763	0.00770	0.00993	0.00615	0.00581	0.01068	0.01651	0.02015	0.12860	0.09283	0.59345	0.01793	0.00849	0.00244	0.00371	0.03925	0.00673	0.00609
29	0.00868	0.00620	0.00826	0.00991	0.01033	0.00578	0.00661	0.00991	0.01363	0.01818	0.03925	0.74510	0.04710	0.02231	0.00909	0.00289	0.00413	0.02024	0.00661	0.00578
30	0.01528	0.01514	0.02140	0.05184	0.01989	0.02104	0.01552	0.01702	0.01108	0.01716	0.00987	0.01621	0.00967	0.01376	0.04894	0.00340	0.67562	0.00629	0.00314	0.00774
31	0.01252	0.00675	0.01032	0.00985	0.01024	0.00670	0.03227	0.01033	0.00998	0.01376	0.01356	0.02286	0.01323	0.05151	0.02590	0.67912	0.00625	0.00646	0.05475	0.00363
32	0.01017	0.00763	0.01144	0.01144	0.01272	0.00890	0.00890	0.01272	0.01144	0.01653	0.01907	0.02797	0.01780	0.05340	0.72153	0.01144	0.01907	0.00763	0.00381	0.00636
33	0.01030	0.00688	0.00778	0.00784	0.00786	0.00686	0.00440	0.01034	0.01047	0.01396	0.02303	0.07124	0.02664	0.72409	0.03528	0.00676	0.00681	0.01070	0.00440	0.00437
34	0.01731	0.01660	0.02834	0.09551	0.65598	0.01684	0.02170	0.02158	0.01607	0.02288	0.01334	0.01773	0.01114	0.00640	0.00705	0.00213	0.00854	0.00634	0.00350	0.01103
35	0.45549	0.01765	0.14029	0.19750	0.02593	0.01604	0.01418	0.02052	0.01319	0.02671	0.01114	0.01410	0.00841	0.00677	0.00553	0.00226	0.00744	0.00475	0.00383	0.00827
36	0.01419	0.01341	0.02269	0.61076	0.16515	0.01601	0.02014	0.01884	0.01459	0.01909	0.01279	0.01874	0.00981	0.00698	0.00711	0.00233	0.00931	0.00633	0.00323	0.00851
37	0.00868	0.00620	0.00826	0.00991	0.01033	0.00578	0.00661	0.00991	0.01363	0.01818	0.03925	0.74510	0.04710	0.02231	0.00909	0.00289	0.00413	0.02024	0.00661	0.00578
38	0.01428	0.03683	0.71286	0.02030	0.03082	0.01654	0.02631	0.02255	0.01503	0.02255	0.01278	0.01503	0.00902	0.00677	0.00677	0.00226	0.01052	0.00526	0.00301	0.01052
39	0.01428	0.03683	0.71286	0.02030	0.03082	0.01654	0.02631	0.02255	0.01503	0.02255	0.01278	0.01503	0.00902	0.00677	0.00677	0.00226	0.01052	0.00526	0.00301	0.01052
40	0.00866	0.00625	0.00821	0.00978	0.01029	0.00580	0.00655	0.00993	0.01376	0.01823	0.04090	0.71104	0.08009	0.02209	0.00905	0.00287	0.00410	0.01998	0.00661	0.00580
41	0.02704	0.02069	0.02131	0.01649	0.02208	0.05928	0.01355	0.64684	0.03277	0.04342	0.01677	0.01687	0.01195	0.00848	0.00709	0.00212	0.00810	0.00631	0.00694	0.01190
42	0.02118	0.01419	0.01592	0.01377	0.01813	0.01540	0.01086	0.03609	0.49187	0.20979	0.03018	0.02734	0.04327	0.00971	0.00726	0.00236	0.00568	0.00805	0.00764	0.01132
43	0.01042	0.00850	0.00914	0.00897	0.01152	0.00788	0.00703	0.04831	0.05786	0.02186	0.08671	0.06420	0.51484	0.01710	0.00846	0.00250	0.00432	0.09691	0.00672	0.00675
44	0.01457	0.00864	0.01193	0.01242	0.01464	0.00828	0.01053	0.01767	0.01731	0.13630	0.10795	0.10345	0.04026	0.01746	0.00920	0.00297	0.00600	0.44588	0.00707	0.00746
45	0.09846	0.45831	0.02857	0.01232	0.01798	0.05416	0.01138	0.02505	0.01602	0.19675	0.01463	0.01480	0.01119	0.00690	0.00531	0.00178	0.00725	0.00471	0.00469	0.00973
46	0.43843	0.05461	0.14777	0.01194	0.01745	0.01509	0.01173	0.02203	0.01459	0.10579	0.08600	0.01808	0.01548	0.00771	0.00561	0.00218	0.00642	0.00546	0.00493	0.00872
47	0.12445	0.20866	0.33699	0.01650	0.02397	0.13628	0.01824	0.02301	0.01535	0.02156	0.01139	0.01331	0.00890	0.00667	0.00585	0.00200	0.00951	0.00460	0.00332	0.00943
48	0.08952	0.07309	0.01318	0.01032	0.01283	0.01205	0.00791	0.12458	0.01662	0.02406	0.05411	0.13058	0.08580	0.15519	0.08927	0.00408	0.00715	0.00981	0.07263	0.00722

[dist]
# distance from previous block
# <min> <max>
2	12

[block]
# block no. 5 follows, 29 sequences, length 8
# corresponding to MSA columns:
# 230-237
name=unknown_F
#
# <colnr> <probs for GDERKNQSTAVLIFYWHMCP>
#	G	D	E	R	K	N	Q	S	T	A	V	L	I	F	Y	W	H	M	C	P
0	0.12512	0.05054	0.06541	0.09607	0.02769	0.01560	0.27046	0.01944	0.01480	0.02239	0.01672	0.12695	0.01547	0.00894	0.00794	0.00233	0.03873	0.00856	0.00409	0.06275
1	0.01634	0.30240	0.13379	0.01411	0.01889	0.07237	0.01391	0.01962	0.01500	0.01917	0.01929	0.02683	0.06192	0.00983	0.00820	0.00215	0.09071	0.09424	0.05281	0.00841
2	0.01886	0.30544	0.03057	0.09195	0.29739	0.05343	0.01693	0.06800	0.01674	0.02151	0.01211	0.01507	0.01024	0.00652	0.00606	0.00190	0.00838	0.00528	0.00356	0.01005
3	0.01953	0.55251	0.06637	0.01687	0.09745	0.10690	0.01414	0.02227	0.01536	0.01785	0.01056	0.01246	0.00938	0.00630	0.00517	0.00166	0.00846	0.00426	0.00317	0.00934
4	0.13783	0.29465	0.16787	0.01802	0.13175	0.01984	0.01525	0.02112	0.01456	0.02236	0.01243	0.01475	0.01018	0.00658	0.00544	0.00189	0.00759	0.00482	0.08376	0.00930
5	0.01147	0.00820	0.01147	0.01311	0.01475	0.00820	0.01147	0.01475	0.01639	0.02131	0.03770	0.08032	0.04098	0.01967	0.00984	0.00328	0.00656	0.65741	0.00656	0.00656
6	0.01819	0.62598	0.15793	0.01363	0.02052	0.02610	0.01471	0.02154	0.01457	0.01779	0.01041	0.01207	0.00912	0.00621	0.00496	0.00165	0.00813	0.00407	0.00304	0.00939
7	0.01092	0.00954	0.00979	0.01079	0.01172	0.08905	0.00745	0.01247	0.01514	0.01927	0.11129	0.58129	0.04497	0.01969	0.00870	0.00269	0.00506	0.01759	0.00641	0.00618

[dist]
# distance from previous block
# <min> <max>
3	10

[block]
# block no. 6 follows, 29 sequences, length 11
# corresponding to MSA columns:
# 248-258
name=unknown_G
#
# <colnr> <probs for GDERKNQSTAVLIFYWHMCP>
#	G	D	E	R	K	N	Q	S	T	A	V	L	I	F	Y	W	H	M	C	P
0	0.62737	0.01479	0.01268	0.01076	0.01545	0.01681	0.00887	0.13897	0.01629	0.06544	0.01203	0.01313	0.00895	0.00706	0.00502	0.00219	0.00595	0.00446	0.00509	0.00870
1	0.04704	0.18514	0.32294	0.05587	0.06174	0.07712	0.11133	0.02249	0.01549	0.02110	0.01215	0.01485	0.00939	0.00655	0.00643	0.00208	0.00995	0.00538	0.00324	0.00971
2	0.01302	0.01013	0.01393	0.01643	0.08556	0.01049	0.01250	0.01888	0.11614	0.02276	0.03394	0.06601	0.03512	0.01684	0.00917	0.00303	0.00661	0.49536	0.00635	0.00773
3	0.07630	0.63748	0.09363	0.01268	0.01903	0.02627	0.01307	0.02140	0.01434	0.01838	0.01015	0.01174	0.00902	0.00619	0.00475	0.00164	0.00771	0.00394	0.00314	0.00915
4	0.01560	0.01122	0.01230	0.01054	0.01372	0.01121	0.00817	0.21136	0.02157	0.06254	0.14624	0.04641	0.29549	0.08865	0.01080	0.00275	0.00528	0.01126	0.00683	0.00807
5	0.02030	0.63371	0.03445	0.01321	0.01890	0.14397	0.01245	0.02251	0.01542	0.01687	0.01008	0.01166	0.00914	0.00630	0.00488	0.00158	0.00849	0.00394	0.00315	0.00899
6	0.07106	0.02649	0.41556	0.07850	0.07827	0.01507	0.05939	0.02030	0.01512	0.02248	0.02107	0.02308	0.10698	0.00830	0.00697	0.00228	0.00903	0.00689	0.00370	0.00947
7	0.11326	0.01662	0.01405	0.01218	0.01559	0.15407	0.00959	0.18930	0.02033	0.02941	0.01968	0.02139	0.04779	0.00859	0.00648	0.00196	0.02920	0.00625	0.27577	0.00849
8	0.01322	0.01200	0.01721	0.01497	0.01686	0.05384	0.09723	0.01586	0.01273	0.01803	0.01677	0.02496	0.01548	0.08516	0.35814	0.00716	0.14609	0.00743	0.05986	0.00702
9	0.01931	0.05472	0.02547	0.02384	0.17517	0.10497	0.12755	0.11891	0.01860	0.04085	0.01538	0.06726	0.01336	0.00827	0.00836	0.00212	0.06794	0.00710	0.00445	0.09636
10	0.01435	0.08982	0.02822	0.08516	0.02706	0.01580	0.29417	0.01834	0.01447	0.01956	0.01706	0.09397	0.01568	0.01873	0.16798	0.00442	0.05454	0.00865	0.00383	0.00818

[dist]
# distance from previous block
# <min> <max>
2	7

[block]
# block no. 7 follows, 29 sequences, length 78
# corresponding to MSA columns:
# 266-343
name=unknown_H
#
# <colnr> <probs for GDERKNQSTAVLIFYWHMCP>
#	G	D	E	R	K	N	Q	S	T	A	V	L	I	F	Y	W	H	M	C	P
0	0.03948	0.01894	0.08754	0.13904	0.42917	0.07832	0.02002	0.02129	0.01591	0.02191	0.01429	0.05574	0.01243	0.00744	0.00701	0.00219	0.00887	0.00676	0.00363	0.01005
1	0.00876	0.00626	0.00834	0.00986	0.01035	0.00584	0.00662	0.01013	0.01404	0.01882	0.08054	0.70196	0.04835	0.02183	0.00905	0.00285	0.00408	0.01978	0.00669	0.00584
2	0.01008	0.00728	0.00952	0.00896	0.01064	0.00672	0.00672	0.01344	0.02016	0.02855	0.70158	0.05319	0.06719	0.01456	0.00840	0.00224	0.00336	0.01288	0.00784	0.00672
3	0.01722	0.01678	0.02727	0.16322	0.56608	0.04201	0.02120	0.02145	0.01601	0.02217	0.01318	0.01769	0.01089	0.00652	0.00704	0.00215	0.00880	0.00628	0.00347	0.01058
4	0.02576	0.03153	0.02068	0.01928	0.04983	0.61677	0.01416	0.06843	0.02042	0.01937	0.01141	0.01343	0.00945	0.00761	0.00726	0.00192	0.04539	0.00485	0.00385	0.00860
5	0.00842	0.00721	0.00721	0.00721	0.00962	0.00601	0.00541	0.01022	0.01623	0.01924	0.07213	0.06853	0.70244	0.01803	0.00842	0.00240	0.00361	0.01503	0.00661	0.00601
6	0.80005	0.01377	0.01047	0.00936	0.01377	0.01597	0.00771	0.02093	0.01212	0.03195	0.00991	0.01157	0.00771	0.00661	0.00441	0.00220	0.00551	0.00386	0.00441	0.00771
7	0.01622	0.01617	0.05975	0.03639	0.53284	0.01515	0.01999	0.02046	0.01619	0.02284	0.01824	0.03008	0.01713	0.00904	0.00759	0.00236	0.00818	0.13698	0.00411	0.01029
8	0.00999	0.00728	0.00940	0.00887	0.01059	0.00668	0.00665	0.01328	0.01996	0.02809	0.66997	0.05396	0.09909	0.01473	0.00840	0.00225	0.00337	0.01299	0.00778	0.00668
9	0.01008	0.00728	0.00952	0.00896	0.01064	0.00672	0.00672	0.01344	0.02016	0.02855	0.70158	0.05319	0.06719	0.01456	0.00840	0.00224	0.00336	0.01288	0.00784	0.00672
10	0.01307	0.01226	0.02028	0.48602	0.03816	0.01495	0.05216	0.01690	0.01387	0.01831	0.01688	0.14223	0.01595	0.01029	0.00948	0.00255	0.09645	0.00880	0.00377	0.00762
11	0.02032	0.64677	0.03467	0.01292	0.01871	0.10908	0.01232	0.02257	0.01532	0.03799	0.01058	0.01198	0.00940	0.00632	0.00487	0.00158	0.00818	0.00400	0.00330	0.00913
12	0.00868	0.00620	0.00826	0.00991	0.01033	0.00578	0.00661	0.00991	0.01363	0.01818	0.03925	0.74510	0.04710	0.02231	0.00909	0.00289	0.00413	0.02024	0.00661	0.00578
13	0.01345	0.01266	0.02136	0.73264	0.04904	0.01582	0.01978	0.01819	0.01424	0.01819	0.01266	0.01898	0.00949	0.00712	0.00712	0.00237	0.00949	0.00633	0.00316	0.00791
14	0.07461	0.02625	0.01986	0.01683	0.02137	0.36625	0.01318	0.28891	0.05567	0.02985	0.01419	0.01509	0.01083	0.00788	0.00661	0.00200	0.01006	0.00543	0.00526	0.00990
15	0.00860	0.00650	0.00795	0.00910	0.01011	0.00585	0.00625	0.01001	0.01441	0.01849	0.04911	0.54209	0.24374	0.02103	0.00889	0.00275	0.00397	0.01868	0.00661	0.00585
16	0.80005	0.01377	0.01047	0.00936	0.01377	0.01597	0.00771	0.02093	0.01212	0.03195	0.00991	0.01157	0.00771	0.00661	0.00441	0.00220	0.00551	0.00386	0.00441	0.00771
17	0.01036	0.00690	0.00777	0.00777	0.00777	0.00690	0.00431	0.01036	0.01036	0.01381	0.02244	0.04660	0.02589	0.74975	0.03624	0.00690	0.00690	0.01036	0.00431	0.00431
18	0.01771	0.01530	0.01610	0.01449	0.01852	0.01771	0.01127	0.03784	0.69247	0.02979	0.02898	0.02657	0.02174	0.00966	0.00725	0.00242	0.00564	0.00805	0.00725	0.01127
19	0.02707	0.01995	0.02137	0.01638	0.02208	0.02208	0.01353	0.68159	0.03348	0.04488	0.01710	0.01710	0.01211	0.00855	0.00712	0.00214	0.00784	0.00641	0.00712	0.01211
20	0.01137	0.00812	0.01135	0.01299	0.01458	0.00810	0.01129	0.01457	0.01629	0.02119	0.03776	0.10567	0.04121	0.01977	0.00981	0.00326	0.00646	0.63311	0.00656	0.00653
21	0.02604	0.01344	0.01635	0.01343	0.01832	0.01347	0.01080	0.03600	0.29939	0.42777	0.02846	0.02520	0.01933	0.00917	0.00720	0.00229	0.00588	0.00753	0.00816	0.01177
22	0.01448	0.06694	0.68450	0.01995	0.03029	0.01703	0.02572	0.02250	0.01501	0.02231	0.01266	0.01488	0.00903	0.00674	0.00667	0.00222	0.01040	0.00520	0.00301	0.01047
23	0.02041	0.62309	0.03420	0.01330	0.01896	0.15419	0.01247	0.02262	0.01551	0.01688	0.01010	0.01168	0.00914	0.00632	0.00491	0.00158	0.00857	0.00395	0.00316	0.00898
24	0.03195	0.01212	0.01652	0.01267	0.01818	0.01047	0.01047	0.03470	0.02038	0.71026	0.02809	0.02424	0.01763	0.00881	0.00716	0.00220	0.00606	0.00716	0.00881	0.01212
25	0.01017	0.00763	0.01144	0.01144	0.01272	0.00890	0.00890	0.01272	0.01144	0.01653	0.01907	0.02797	0.01780	0.05340	0.72153	0.01144	0.01907	0.00763	0.00381	0.00636
26	0.03195	0.01212	0.01652	0.01267	0.01818	0.01047	0.01047	0.03470	0.02038	0.71026	0.02809	0.02424	0.01763	0.00881	0.00716	0.00220	0.00606	0.00716	0.00881	0.01212
27	0.02707	0.01995	0.02137	0.01638	0.02208	0.02208	0.01353	0.68159	0.03348	0.04488	0.01710	0.01710	0.01211	0.00855	0.00712	0.00214	0.00784	0.00641	0.00712	0.01211
28	0.03195	0.01212	0.01652	0.01267	0.01818	0.01047	0.01047	0.03470	0.02038	0.71026	0.02809	0.02424	0.01763	0.00881	0.00716	0.00220	0.00606	0.00716	0.00881	0.01212
29	0.00852	0.00725	0.00736	0.00742	0.00980	0.00609	0.00563	0.01038	0.01624	0.01931	0.07091	0.06895	0.67895	0.01809	0.00847	0.00244	0.00371	0.03784	0.00661	0.00603
30	0.01036	0.00690	0.00777	0.00777	0.00777	0.00690	0.00431	0.01036	0.01036	0.01381	0.02244	0.04660	0.02589	0.74975	0.03624	0.00690	0.00690	0.01036	0.00431	0.00431
31	0.01124	0.00803	0.01001	0.01071	0.01179	0.00800	0.00764	0.08317	0.01566	0.02085	0.03434	0.48830	0.03964	0.12088	0.01272	0.00341	0.00521	0.09571	0.00634	0.00636
32	0.00874	0.00622	0.00824	0.00984	0.01024	0.00582	0.00653	0.00993	0.01352	0.01802	0.03864	0.72002	0.04633	0.04843	0.01006	0.00304	0.00423	0.01989	0.00653	0.00573
33	0.00868	0.00620	0.00826	0.00991	0.01033	0.00578	0.00661	0.00991	0.01363	0.01818	0.03925	0.74510	0.04710	0.02231	0.00909	0.00289	0.00413	0.02024	0.00661	0.00578
34	0.01762	0.01692	0.02890	0.04371	0.70533	0.01692	0.02185	0.02185	0.01621	0.02326	0.01339	0.01762	0.01128	0.00634	0.00705	0.00211	0.00846	0.00634	0.00352	0.01128
35	0.02767	0.19282	0.02154	0.01259	0.01809	0.01520	0.01088	0.06306	0.01959	0.48022	0.05067	0.02195	0.01731	0.00837	0.00658	0.00204	0.00642	0.00654	0.00729	0.01117
36	0.01762	0.01692	0.02890	0.04371	0.70533	0.01692	0.02185	0.02185	0.01621	0.02326	0.01339	0.01762	0.01128	0.00634	0.00705	0.00211	0.00846	0.00634	0.00352	0.01128
37	0.01008	0.00728	0.00952	0.00896	0.01064	0.00672	0.00672	0.01344	0.02016	0.02855	0.70158	0.05319	0.06719	0.01456	0.00840	0.00224	0.00336	0.01288	0.00784	0.00672
38	0.01658	0.06316	0.02287	0.01828	0.01953	0.09371	0.05001	0.01853	0.01245	0.01740	0.01059	0.01621	0.01006	0.01442	0.07468	0.00350	0.52074	0.00613	0.00325	0.00791
39	0.02138	0.42954	0.09088	0.01500	0.02074	0.23396	0.01399	0.06478	0.01741	0.01922	0.01093	0.01252	0.00932	0.00668	0.00548	0.00172	0.00945	0.00433	0.00348	0.00918
40	0.00894	0.00640	0.00853	0.00994	0.01054	0.00598	0.00682	0.01049	0.01445	0.01942	0.11061	0.64328	0.04901	0.02136	0.00904	0.00284	0.00415	0.04552	0.00674	0.00592
41	0.03195	0.01212	0.01652	0.01267	0.01818	0.01047	0.01047	0.03470	0.02038	0.71026	0.02809	0.02424	0.01763	0.00881	0.00716	0.00220	0.00606	0.00716	0.00881	0.01212
42	0.75128	0.05999	0.01214	0.00954	0.01405	0.01674	0.00799	0.02096	0.01226	0.03100	0.00991	0.01156	0.00780	0.00658	0.00442	0.00216	0.00564	0.00385	0.00432	0.00780
43	0.01882	0.72130	0.06815	0.01255	0.01885	0.02764	0.01283	0.02138	0.01449	0.01702	0.01003	0.01159	0.00913	0.00612	0.00467	0.00156	0.00775	0.00387	0.00304	0.00920
44	0.01880	0.71802	0.07124	0.01259	0.01891	0.02759	0.01289	0.02138	0.01450	0.01704	0.01004	0.01160	0.00913	0.00613	0.00468	0.00156	0.00776	0.00388	0.00304	0.00921
45	0.01021	0.00747	0.01061	0.01061	0.01160	0.00845	0.00787	0.01218	0.01120	0.01592	0.01983	0.03218	0.01963	0.21065	0.56678	0.01042	0.01632	0.00824	0.00393	0.00590
