[name]
unknown

[dist]
# distance from previous block
# <min> <max>
0	11

[block]
# block no. 0 follows, 31 sequences, length 45
# corresponding to MSA columns:
# 11-55
name=unknown_A
#
# <colnr> <probs for GDERKNQSTAVLIFYWHMCP>
#	G	D	E	R	K	N	Q	S	T	A	V	L	I	F	Y	W	H	M	C	P
0	0.00889	0.00626	0.00808	0.00917	0.00964	0.00595	0.00612	0.01010	0.01310	0.01757	0.08987	0.52292	0.04245	0.17005	0.01399	0.00352	0.00455	0.04638	0.00600	0.00538
1	0.02283	0.01480	0.01754	0.04201	0.07171	0.03344	0.01198	0.15587	0.24846	0.24854	0.02359	0.04277	0.01712	0.00879	0.00693	0.00218	0.00641	0.00724	0.00690	0.01090
2	0.02523	0.01560	0.01772	0.01388	0.01873	0.01644	0.01127	0.40238	0.06982	0.23006	0.04073	0.02179	0.01611	0.05743	0.00872	0.00239	0.00673	0.00689	0.00715	0.01095
3	0.01351	0.01279	0.02147	0.62669	0.13261	0.01554	0.01911	0.01790	0.01381	0.01807	0.01214	0.01795	0.00934	0.00693	0.00739	0.00227	0.03531	0.00608	0.00308	0.00801
4	0.00963	0.00641	0.00754	0.00803	0.00825	0.00628	0.00487	0.01021	0.01121	0.01536	0.02659	0.26253	0.03068	0.48306	0.02482	0.00512	0.00559	0.01265	0.05647	0.00473
5	0.04316	0.04621	0.09602	0.14098	0.07686	0.04161	0.31964	0.02049	0.01470	0.02043	0.01232	0.01677	0.00965	0.00689	0.00914	0.00230	0.10410	0.00664	0.00328	0.00881
6	0.14040	0.02005	0.18362	0.01996	0.02512	0.01723	0.22638	0.01972	0.01334	0.02156	0.01174	0.01586	0.00946	0.00969	0.04342	0.00281	0.20163	0.00612	0.00334	0.00855
7	0.02385	0.01656	0.01825	0.01425	0.01904	0.01790	0.01162	0.52743	0.02865	0.10047	0.10051	0.02227	0.01892	0.03831	0.00809	0.00225	0.00683	0.00711	0.00696	0.01073
8	0.00924	0.00692	0.00841	0.00817	0.00974	0.00634	0.00596	0.01164	0.01686	0.02281	0.42111	0.07783	0.23079	0.09302	0.03850	0.00301	0.00424	0.01273	0.00668	0.00599
9	0.01844	0.01540	0.01627	0.01421	0.01833	0.01768	0.01117	0.14052	0.59805	0.03091	0.02604	0.02408	0.01942	0.00911	0.00694	0.00228	0.00575	0.00749	0.00694	0.01096
10	0.01471	0.01170	0.01609	0.17946	0.06644	0.01081	0.01198	0.01815	0.01478	0.06945	0.01704	0.02589	0.01505	0.00796	0.00640	0.00178	0.00643	0.11044	0.00444	0.39100
11	0.02258	0.13011	0.04466	0.01604	0.01997	0.47109	0.01294	0.02577	0.06244	0.04455	0.01432	0.01561	0.03591	0.00771	0.00696	0.00187	0.05012	0.00509	0.00391	0.00835
12	0.03070	0.01164	0.01588	0.01217	0.01746	0.01006	0.01006	0.03334	0.01958	0.72163	0.02699	0.02329	0.01694	0.00847	0.00688	0.00212	0.00582	0.00688	0.00847	0.01164
13	0.00838	0.00604	0.00786	0.00929	0.00979	0.00561	0.00620	0.00956	0.01315	0.01739	0.03920	0.68560	0.08808	0.04677	0.00960	0.00288	0.00403	0.01879	0.00627	0.00552
14	0.01292	0.01216	0.02052	0.74312	0.04712	0.01520	0.01900	0.01748	0.01368	0.01748	0.01216	0.01824	0.00912	0.00684	0.00684	0.00228	0.00912	0.00608	0.00304	0.00760
15	0.02407	0.01688	0.01813	0.01413	0.01899	0.01848	0.01160	0.56374	0.02891	0.06388	0.01773	0.01810	0.01275	0.00818	0.00652	0.00198	0.00678	0.00622	0.13212	0.01080
16	0.00977	0.00733	0.01100	0.01100	0.01222	0.00855	0.00855	0.01222	0.01100	0.01588	0.01833	0.02688	0.01710	0.05131	0.73245	0.01100	0.01833	0.00733	0.00367	0.00611
17	0.00885	0.00631	0.00826	0.00911	0.00984	0.00590	0.00622	0.01055	0.01472	0.02010	0.23572	0.49694	0.04949	0.07183	0.01040	0.00287	0.00394	0.01669	0.00654	0.00572
18	0.02970	0.01324	0.01686	0.01293	0.01826	0.01242	0.01068	0.17358	0.02225	0.57762	0.02475	0.02183	0.01581	0.00841	0.00687	0.00210	0.00618	0.00673	0.00812	0.01164
19	0.01372	0.03539	0.72412	0.01950	0.02961	0.01589	0.02528	0.02167	0.01444	0.02167	0.01228	0.01444	0.00867	0.00650	0.00650	0.00217	0.01011	0.00506	0.00289	0.01011
20	0.00988	0.00660	0.00748	0.00755	0.00757	0.00658	0.00424	0.00993	0.01009	0.01345	0.02228	0.07671	0.02579	0.72638	0.03365	0.00646	0.00651	0.01038	0.00424	0.00421
21	0.00845	0.00699	0.00745	0.00775	0.00969	0.00612	0.00565	0.01068	0.03903	0.01861	0.06090	0.21638	0.54252	0.01795	0.00819	0.00241	0.00364	0.01531	0.00637	0.00590
22	0.02601	0.01916	0.02053	0.01574	0.02122	0.02122	0.01300	0.69408	0.03217	0.04312	0.01643	0.01643	0.01163	0.00821	0.00684	0.00205	0.00753	0.00616	0.00684	0.01163
23	0.01702	0.01470	0.01547	0.01392	0.01779	0.01702	0.01083	0.03635	0.70453	0.02862	0.02785	0.02553	0.02088	0.00928	0.00696	0.00232	0.00541	0.00773	0.00696	0.01083
24	0.00995	0.00663	0.00746	0.00746	0.00746	0.00663	0.00415	0.00995	0.00995	0.01327	0.02156	0.04477	0.02487	0.75957	0.03482	0.00663	0.00663	0.00995	0.00415	0.00415
25	0.00965	0.00658	0.00748	0.00765	0.00784	0.00646	0.00445	0.00989	0.01066	0.01406	0.02640	0.12301	0.07171	0.63162	0.03027	0.00594	0.00614	0.01127	0.00453	0.00440
26	0.00988	0.00691	0.00886	0.00886	0.00934	0.00739	0.00589	0.01084	0.01036	0.01430	0.02028	0.03770	0.02180	0.47978	0.31041	0.00836	0.01125	0.00891	0.00396	0.00492
27	0.00968	0.00699	0.00914	0.00861	0.01022	0.00646	0.00646	0.01291	0.01937	0.02743	0.71328	0.05110	0.06455	0.01399	0.00807	0.00215	0.00323	0.01237	0.00753	0.00646
28	0.00941	0.00640	0.00762	0.00816	0.00829	0.00627	0.00489	0.00981	0.01101	0.01468	0.02700	0.28415	0.03174	0.51081	0.02603	0.00533	0.00574	0.01315	0.00489	0.00462
29	0.02670	0.01130	0.01483	0.01174	0.01641	0.01008	0.00955	0.07254	0.01975	0.56072	0.05683	0.06648	0.07120	0.01002	0.00711	0.00216	0.00556	0.00828	0.00806	0.01068
30	0.02007	0.00961	0.01270	0.01053	0.01400	0.00868	0.00837	0.04754	0.01994	0.35115	0.36813	0.03688	0.04044	0.01120	0.00747	0.00213	0.00459	0.00959	0.00794	0.00906
31	0.01368	0.00791	0.01014	0.00909	0.01154	0.00706	0.00699	0.01651	0.01866	0.16731	0.45544	0.06486	0.15676	0.01357	0.00785	0.00218	0.00381	0.01175	0.00751	0.00738
32	0.77277	0.01316	0.01032	0.00914	0.01342	0.01511	0.00753	0.02071	0.01200	0.06192	0.01032	0.01166	0.00784	0.00645	0.00435	0.00212	0.00532	0.00385	0.00443	0.00760
33	0.02727	0.01713	0.01927	0.01478	0.02020	0.01820	0.01221	0.51556	0.02877	0.22644	0.01928	0.01828	0.01307	0.00828	0.00685	0.00207	0.00707	0.00635	0.00728	0.01164
34	0.12409	0.01214	0.01446	0.01176	0.01610	0.01196	0.00957	0.12951	0.04408	0.35990	0.13235	0.04402	0.02384	0.00964	0.00684	0.00216	0.00556	0.02468	0.00737	0.00997
35	0.01102	0.00787	0.01102	0.01260	0.01417	0.00787	0.01102	0.01417	0.01575	0.02047	0.03622	0.07717	0.03937	0.01890	0.00945	0.00315	0.00630	0.67084	0.00630	0.00630
36	0.02769	0.01646	0.01886	0.01446	0.01987	0.01720	0.01194	0.45649	0.02764	0.28709	0.02022	0.01889	0.01354	0.00830	0.00686	0.00208	0.00691	0.00642	0.00743	0.01164
37	0.02449	0.01841	0.01968	0.01544	0.02064	0.02051	0.01264	0.58343	0.14527	0.04068	0.01835	0.01796	0.01319	0.00839	0.00686	0.00210	0.00717	0.00642	0.00686	0.01150
38	0.01341	0.01285	0.02232	0.64779	0.09304	0.01541	0.06295	0.01801	0.01397	0.01811	0.01232	0.01816	0.00932	0.00672	0.00692	0.00226	0.00921	0.00621	0.00309	0.00793
39	0.01693	0.01626	0.02777	0.04199	0.71689	0.01626	0.02100	0.02100	0.01558	0.02235	0.01287	0.01693	0.01084	0.00610	0.00677	0.00203	0.00813	0.00610	0.00339	0.01084
40	0.00944	0.00692	0.00916	0.01044	0.01139	0.00681	0.00774	0.01200	0.04476	0.01860	0.03678	0.49237	0.06480	0.02209	0.05590	0.00336	0.00549	0.16972	0.00619	0.00601
41	0.01264	0.00896	0.01165	0.01233	0.01440	0.00913	0.01045	0.03975	0.08799	0.04902	0.06864	0.08956	0.06052	0.01694	0.00887	0.00290	0.00590	0.47671	0.00653	0.00712
42	0.04662	0.01240	0.01462	0.01088	0.01650	0.01030	0.00876	0.07018	0.01644	0.16050	0.01617	0.04182	0.01270	0.00658	0.00565	0.00141	0.00537	0.00528	0.00521	0.53262
43	0.23455	0.48292	0.05391	0.01149	0.01696	0.04830	0.01106	0.02104	0.01366	0.04054	0.01016	0.01155	0.00864	0.00613	0.00456	0.00170	0.00701	0.00384	0.00346	0.00851
44	0.02638	0.13021	0.01815	0.01165	0.01665	0.01230	0.00986	0.02884	0.01817	0.53658	0.02740	0.05273	0.06213	0.00914	0.00664	0.00205	0.00583	0.00735	0.00737	0.01057

[dist]
# distance from previous block
# <min> <max>
0	3

[block]
# block no. 1 follows, 31 sequences, length 71
# corresponding to MSA columns:
# 59-129
name=unknown_B
#
# <colnr> <probs for GDERKNQSTAVLIFYWHMCP>
#	G	D	E	R	K	N	Q	S	T	A	V	L	I	F	Y	W	H	M	C	P
0	0.12141	0.43464	0.09172	0.01287	0.01830	0.14807	0.01234	0.02154	0.01465	0.01906	0.01055	0.01223	0.00901	0.00629	0.00490	0.00167	0.00801	0.00405	0.04023	0.00846
1	0.01410	0.01204	0.01402	0.01027	0.01605	0.00933	0.00816	0.01776	0.04334	0.02239	0.01374	0.04138	0.01185	0.00583	0.00528	0.00113	0.00504	0.00476	0.00426	0.73927
2	0.02306	0.01639	0.01781	0.01416	0.01870	0.01794	0.01135	0.46866	0.11868	0.08683	0.01940	0.02183	0.01498	0.10593	0.01049	0.00269	0.00700	0.00692	0.00663	0.01055
3	0.15515	0.01858	0.01877	0.01468	0.01990	0.04148	0.01209	0.56284	0.02839	0.04028	0.01511	0.01543	0.01085	0.00787	0.00639	0.00206	0.00730	0.00570	0.00631	0.01083
4	0.00851	0.00609	0.00810	0.00941	0.00996	0.00567	0.00636	0.00997	0.01391	0.01876	0.12542	0.66370	0.04776	0.02047	0.00865	0.00270	0.00387	0.01853	0.00650	0.00567
5	0.01000	0.00693	0.00901	0.00883	0.01035	0.00636	0.00649	0.01273	0.01793	0.04710	0.52484	0.19323	0.08941	0.01547	0.00817	0.00228	0.00347	0.01372	0.00727	0.00641
6	0.05451	0.00829	0.01030	0.00938	0.01196	0.00754	0.00717	0.01730	0.01740	0.19760	0.29013	0.15635	0.15721	0.01398	0.00769	0.00227	0.00414	0.01204	0.00721	0.00754
7	0.06515	0.00963	0.01133	0.00980	0.01285	0.00918	0.00762	0.04906	0.07484	0.08176	0.40273	0.03853	0.07549	0.01141	0.00719	0.00202	0.00420	0.00973	0.00680	0.11070
8	0.05777	0.01200	0.01586	0.01220	0.01747	0.01069	0.01008	0.05941	0.01981	0.67014	0.02595	0.02258	0.01639	0.00838	0.00679	0.00211	0.00587	0.00674	0.00825	0.01149
9	0.00868	0.00698	0.00780	0.00801	0.01000	0.00611	0.00614	0.01076	0.01601	0.01998	0.15902	0.11055	0.49502	0.01728	0.00828	0.00242	0.00379	0.09071	0.00652	0.00592
10	0.02936	0.01155	0.01546	0.01200	0.01708	0.01019	0.00987	0.03274	0.04832	0.66306	0.02683	0.02347	0.01713	0.00848	0.00680	0.00210	0.00569	0.00689	0.04158	0.01139
11	0.02455	0.02949	0.01899	0.01704	0.02074	0.59569	0.01291	0.07459	0.10381	0.02002	0.01309	0.01423	0.01048	0.00740	0.00631	0.00185	0.01116	0.00493	0.00417	0.00854
12	0.02913	0.01160	0.01557	0.01211	0.01717	0.01025	0.00994	0.03263	0.05354	0.65791	0.05605	0.02457	0.01914	0.00874	0.00693	0.00213	0.00569	0.00715	0.00835	0.01138
13	0.00983	0.00658	0.00750	0.00761	0.00764	0.00656	0.00430	0.00992	0.01017	0.01356	0.02271	0.09533	0.02632	0.70703	0.03296	0.00636	0.00644	0.01063	0.00430	0.00425
14	0.07705	0.01247	0.01598	0.01233	0.01757	0.01145	0.01018	0.09651	0.02032	0.61433	0.02492	0.02189	0.01585	0.00832	0.00672	0.00211	0.00595	0.00662	0.00806	0.01139
15	0.00834	0.00595	0.00794	0.00953	0.00992	0.00556	0.00635	0.00953	0.01310	0.01746	0.03771	0.75510	0.04525	0.02143	0.00873	0.00278	0.00397	0.01945	0.00635	0.00556
16	0.02602	0.01708	0.01897	0.01471	0.01992	0.01836	0.01207	0.50493	0.06959	0.17812	0.01936	0.01904	0.01358	0.02646	0.00753	0.00219	0.00704	0.00649	0.00711	0.01141
17	0.02114	0.01441	0.01612	0.01294	0.01711	0.01536	0.01046	0.39152	0.05491	0.09990	0.18925	0.02658	0.02590	0.00968	0.00701	0.00206	0.00593	0.00783	0.06191	0.00997
18	0.02584	0.01236	0.01559	0.01230	0.01697	0.01176	0.01003	0.14868	0.05077	0.45712	0.13730	0.02670	0.02393	0.00936	0.00707	0.00212	0.00569	0.00768	0.00796	0.01076
19	0.00984	0.00721	0.00928	0.00898	0.01053	0.00683	0.00665	0.01355	0.05046	0.02615	0.59059	0.14448	0.05992	0.01477	0.00811	0.00224	0.00343	0.01311	0.00735	0.00654
20	0.00977	0.00733	0.01100	0.01100	0.01222	0.00855	0.00855	0.01222	0.01100	0.01588	0.01833	0.02688	0.01710	0.05131	0.73245	0.01100	0.01833	0.00733	0.00367	0.00611
21	0.00899	0.00797	0.00771	0.00757	0.00984	0.03502	0.00568	0.01091	0.01622	0.01954	0.14805	0.06184	0.60399	0.01649	0.00801	0.00227	0.00379	0.01378	0.00639	0.00595
22	0.02789	0.01602	0.04248	0.01411	0.01966	0.01554	0.01197	0.34554	0.02536	0.37649	0.02149	0.01974	0.01414	0.00828	0.00685	0.00209	0.00678	0.00648	0.00751	0.01159
23	0.07107	0.01079	0.01385	0.01132	0.01500	0.01027	0.00895	0.09336	0.01757	0.39011	0.05284	0.02248	0.01670	0.01261	0.01202	0.21313	0.00588	0.00662	0.00655	0.00885
24	0.05245	0.09880	0.07341	0.01652	0.02117	0.44738	0.01372	0.15584	0.02071	0.02269	0.01170	0.01312	0.00930	0.00710	0.00609	0.00183	0.01050	0.00470	0.00409	0.00888
25	0.00963	0.00742	0.00822	0.00788	0.01015	0.00658	0.00596	0.01258	0.04596	0.04317	0.25682	0.05847	0.47116	0.01573	0.00800	0.00226	0.00355	0.01331	0.00679	0.00637
26	0.02601	0.01916	0.02053	0.01574	0.02122	0.02122	0.01300	0.69408	0.03217	0.04312	0.01643	0.01643	0.01163	0.00821	0.00684	0.00205	0.00753	0.00616	0.00684	0.01163
27	0.80789	0.01323	0.01006	0.00900	0.01323	0.01535	0.00741	0.02011	0.01164	0.03070	0.00953	0.01111	0.00741	0.00635	0.00423	0.00212	0.00529	0.00370	0.00423	0.00741
28	0.80789	0.01323	0.01006	0.00900	0.01323	0.01535	0.00741	0.02011	0.01164	0.03070	0.00953	0.01111	0.00741	0.00635	0.00423	0.00212	0.00529	0.00370	0.00423	0.00741
29	0.01497	0.01497	0.02095	0.01796	0.01796	0.02095	0.01497	0.01646	0.01048	0.01646	0.00898	0.01497	0.00898	0.01197	0.02245	0.00299	0.74704	0.00599	0.00299	0.00748
30	0.00968	0.00699	0.00914	0.00861	0.01022	0.00646	0.00646	0.01291	0.01937	0.02743	0.71328	0.05110	0.06455	0.01399	0.00807	0.00215	0.00323	0.01237	0.00753	0.00646
31	0.02556	0.03261	0.01939	0.01763	0.02115	0.73210	0.01322	0.02732	0.01939	0.01674	0.01058	0.01234	0.00881	0.00705	0.00617	0.00176	0.01234	0.00441	0.00353	0.00793
32	0.01419	0.01216	0.01419	0.01013	0.01621	0.00912	0.00811	0.01723	0.01419	0.02229	0.01216	0.01419	0.01013	0.00507	0.00507	0.00101	0.00507	0.00405	0.00405	0.80139
33	0.03070	0.01164	0.01588	0.01217	0.01746	0.01006	0.01006	0.03334	0.01958	0.72163	0.02699	0.02329	0.01694	0.00847	0.00688	0.00212	0.00582	0.00688	0.00847	0.01164
34	0.00968	0.00699	0.00914	0.00861	0.01022	0.00646	0.00646	0.01291	0.01937	0.02743	0.71328	0.05110	0.06455	0.01399	0.00807	0.00215	0.00323	0.01237	0.00753	0.00646
35	0.01702	0.01470	0.01547	0.01392	0.01779	0.01702	0.01083	0.03635	0.70453	0.02862	0.02785	0.02553	0.02088	0.00928	0.00696	0.00232	0.00541	0.00773	0.00696	0.01083
36	0.00995	0.00663	0.00746	0.00746	0.00746	0.00663	0.00415	0.00995	0.00995	0.01327	0.02156	0.04477	0.02487	0.75957	0.03482	0.00663	0.00663	0.00995	0.00415	0.00415
37	0.56902	0.01319	0.01212	0.01018	0.01475	0.01438	0.00840	0.06315	0.01482	0.20278	0.01426	0.01445	0.01002	0.00699	0.00504	0.00211	0.00556	0.00464	0.00544	0.00871
38	0.01163	0.00891	0.01316	0.01656	0.11536	0.00887	0.01203	0.01473	0.01548	0.02046	0.03299	0.13174	0.03580	0.01728	0.00900	0.00295	0.00635	0.51395	0.00588	0.00689
39	0.02943	0.01136	0.01547	0.01196	0.01703	0.00984	0.00984	0.03211	0.01957	0.67982	0.06832	0.02496	0.01980	0.00880	0.00695	0.00212	0.00567	0.00721	0.00841	0.01133
40	0.00934	0.00698	0.00866	0.00824	0.01001	0.00631	0.00618	0.01224	0.01855	0.02549	0.57339	0.05431	0.20566	0.01471	0.00807	0.00219	0.00328	0.01282	0.00728	0.00631
41	0.67392	0.01328	0.01125	0.00969	0.01412	0.01491	0.00799	0.05033	0.01354	0.12093	0.01209	0.01292	0.00882	0.00670	0.00469	0.00211	0.00546	0.00422	0.00489	0.00814
42	0.76000	0.01282	0.00983	0.00884	0.01291	0.01481	0.00725	0.01986	0.01181	0.03038	0.01030	0.01198	0.00802	0.00645	0.00427	0.00209	0.00517	0.00387	0.05201	0.00735
43	0.01470	0.01460	0.02090	0.11211	0.02175	0.02021	0.01549	0.01660	0.01089	0.01660	0.00939	0.01539	0.00900	0.01131	0.02042	0.00290	0.65123	0.00600	0.00300	0.00750
44	0.00851	0.00689	0.00756	0.00751	0.00953	0.00594	0.00559	0.01059	0.01640	0.02070	0.23148	0.10360	0.50833	0.01672	0.00812	0.00230	0.00344	0.01421	0.00665	0.00594
45	0.02421	0.01820	0.01954	0.01518	0.02050	0.01998	0.01245	0.57391	0.11226	0.04011	0.01755	0.01739	0.01266	0.00815	0.00675	0.00202	0.00712	0.00622	0.00669	0.05910
46	0.00909	0.00694	0.00834	0.00805	0.00987	0.00619	0.00601	0.01173	0.01786	0.02402	0.46851	0.07676	0.29104	0.01537	0.00809	0.00223	0.00333	0.01330	0.00708	0.00619
47	0.01511	0.01271	0.01468	0.01057	0.01660	0.01007	0.00849	0.07012	0.01559	0.02392	0.01249	0.01436	0.01025	0.00531	0.00521	0.00109	0.00526	0.00422	0.00427	0.73967
48	0.01487	0.01272	0.01361	0.01293	0.01604	0.03553	0.01030	0.02783	0.43987	0.02557	0.06681	0.04122	0.08009	0.01225	0.00764	0.00248	0.00557	0.15889	0.00669	0.00910
49	0.03011	0.01258	0.01646	0.01262	0.01793	0.01144	0.01042	0.11553	0.02115	0.63723	0.02568	0.02243	0.01628	0.00844	0.00688	0.00211	0.00603	0.00679	0.00827	0.01164
50	0.00894	0.00666	0.00834	0.00944	0.01056	0.00618	0.00697	0.01064	0.01416	0.01817	0.04463	0.39484	0.21347	0.05689	0.01003	0.00293	0.00449	0.16073	0.00623	0.00570
51	0.00990	0.00661	0.00742	0.00748	0.00764	0.00655	0.00429	0.01011	0.01044	0.01401	0.02418	0.07083	0.05452	0.67831	0.03182	0.00616	0.00630	0.01037	0.02871	0.00433
52	0.00992	0.00728	0.01076	0.01076	0.01200	0.00844	0.00836	0.01240	0.01116	0.01636	0.01853	0.02681	0.01713	0.04913	0.69592	0.01052	0.01757	0.00728	0.04352	0.00612
53	0.01188	0.00594	0.00891	0.00891	0.00891	0.00594	0.00594	0.00891	0.00891	0.01188	0.01188	0.02080	0.01188	0.02377	0.02674	0.80095	0.00594	0.00594	0.00297	0.00297
54	0.00986	0.00798	0.00882	0.00852	0.01072	0.00753	0.00644	0.01429	0.10592	0.02223	0.24508	0.05600	0.39224	0.04214	0.00894	0.00245	0.00385	0.03371	0.00669	0.00658
55	0.02659	0.01679	0.01880	0.01447	0.01974	0.01786	0.01194	0.50401	0.02834	0.20811	0.01926	0.01849	0.01318	0.00826	0.00677	0.00205	0.00693	0.00634	0.04067	0.01141
56	0.01615	0.01845	0.04037	0.02884	0.03576	0.01730	0.69204	0.02191	0.01615	0.02191	0.01384	0.01845	0.01038	0.00577	0.00807	0.00231	0.01153	0.00807	0.00346	0.00923
57	0.01017	0.00743	0.00994	0.01130	0.01278	0.00720	0.00944	0.01280	0.01529	0.01970	0.04113	0.18689	0.13534	0.01909	0.00914	0.00297	0.00552	0.47147	0.00632	0.00610
58	0.00850	0.00640	0.00780	0.00859	0.00969	0.00578	0.00597	0.01009	0.01458	0.01900	0.13950	0.43828	0.23956	0.04164	0.00925	0.00267	0.00380	0.01674	0.00645	0.00570
59	0.29637	0.01219	0.01389	0.01109	0.01602	0.01186	0.00915	0.02882	0.01687	0.48544	0.02102	0.01913	0.01368	0.00774	0.00598	0.00212	0.00564	0.00579	0.00702	0.01020
60	0.02669	0.01807	0.01985	0.01522	0.02067	0.01959	0.01257	0.59781	0.03033	0.14198	0.01796	0.01743	0.01241	0.00825	0.00685	0.00206	0.00728	0.00626	0.00708	0.01164
61	0.00989	0.00727	0.00930	0.00874	0.01046	0.00681	0.00657	0.01365	0.04409	0.02716	0.66583	0.05069	0.08576	0.01393	0.00803	0.00216	0.00332	0.01228	0.00747	0.00659
62	0.01104	0.00810	0.01085	0.01208	0.01383	0.00810	0.01040	0.01486	0.04926	0.02092	0.05906	0.07296	0.09394	0.01816	0.00918	0.00301	0.00593	0.56547	0.00637	0.00648
63	0.03070	0.01164	0.01588	0.01217	0.01746	0.01006	0.01006	0.03334	0.01958	0.72163	0.02699	0.02329	0.01694	0.00847	0.00688	0.00212	0.00582	0.00688	0.00847	0.01164
64	0.01420	0.00778	0.00793	0.00740	0.00942	0.00800	0.00568	0.09016	0.01630	0.02743	0.02167	0.02451	0.01689	0.00800	0.00501	0.00164	0.00366	0.00635	0.71101	0.00695
65	0.00947	0.00632	0.00831	0.00945	0.01019	0.00585	0.00642	0.01080	0.01366	0.05061	0.06626	0.64478	0.06823	0.04298	0.00939	0.00282	0.00409	0.01809	0.00643	0.00584
66	0.00887	0.00635	0.00819	0.00897	0.00973	0.00593	0.00611	0.01053	0.01462	0.01986	0.22615	0.46136	0.07270	0.09402	0.01117	0.00298	0.00401	0.01633	0.00646	0.00567
67	0.00834	0.00595	0.00794	0.00953	0.00992	0.00556	0.00635	0.00953	0.01310	0.01746	0.03771	0.75510	0.04525	0.02143	0.00873	0.00278	0.00397	0.01945	0.00635	0.00556
68	0.01554	0.01494	0.02575	0.27983	0.46535	0.01593	0.04386	0.01983	0.01495	0.02068	0.01266	0.01743	0.01024	0.00634	0.00684	0.00213	0.00858	0.00616	0.00327	0.00968
69	0.04356	0.00773	0.00940	0.00879	0.01073	0.00733	0.00654	0.01500	0.03925	0.07931	0.43161	0.08533	0.10560	0.07233	0.00979	0.00253	0.00391	0.01155	0.04298	0.00674
70	0.01687	0.01241	0.01364	0.01215	0.01561	0.01352	0.00937	0.02976	0.44983	0.11569	0.07283	0.03244	0.09520	0.06824	0.00929	0.00262	0.00523	0.00877	0.00691	0.00963

[dist]
# distance from previous block
# <min> <max>
0	2

[block]
# block no. 2 follows, 31 sequences, length 8
# corresponding to MSA columns:
# 132-139
name=unknown_C
#
# <colnr> <probs for GDERKNQSTAVLIFYWHMCP>
#	G	D	E	R	K	N	Q	S	T	A	V	L	I	F	Y	W	H	M	C	P
0	0.46427	0.02027	0.08419	0.01272	0.01755	0.16708	0.01112	0.10808	0.01618	0.02845	0.01090	0.01238	0.00837	0.00675	0.00520	0.00204	0.00754	0.00430	0.00429	0.00833
1	0.01548	0.01690	0.03533	0.02569	0.03202	0.01570	0.56863	0.02077	0.01595	0.02181	0.01589	0.02383	0.01319	0.00699	0.00796	0.00228	0.01048	0.07242	0.00379	0.07490
2	0.01948	0.05247	0.02465	0.05271	0.02363	0.14326	0.14204	0.11285	0.01687	0.06102	0.01238	0.01581	0.01002	0.00872	0.01237	0.00237	0.27051	0.00608	0.00401	0.00875
3	0.00941	0.00688	0.00883	0.00856	0.01010	0.00630	0.00633	0.01229	0.01839	0.02563	0.58767	0.12483	0.11914	0.01504	0.00814	0.00223	0.00332	0.01328	0.00731	0.00630
4	0.01398	0.01222	0.01577	0.01143	0.01721	0.00953	0.05969	0.01724	0.01475	0.02267	0.06807	0.01745	0.01448	0.00583	0.00553	0.00120	0.00541	0.00502	0.00429	0.67824
5	0.01554	0.01201	0.01334	0.01184	0.01541	0.01265	0.00931	0.05710	0.34795	0.07174	0.11892	0.03611	0.12574	0.01116	0.00725	0.00222	0.00501	0.04769	0.00677	0.07227
6	0.01206	0.01072	0.01607	0.01430	0.01530	0.01344	0.05055	0.01415	0.01102	0.01623	0.01491	0.02350	0.01438	0.09270	0.37269	0.00720	0.28360	0.00710	0.00345	0.00663
7	0.24690	0.01303	0.01502	0.05573	0.08690	0.01395	0.01095	0.04873	0.15520	0.17766	0.02214	0.02406	0.04979	0.00868	0.00632	0.00222	0.00597	0.04152	0.00586	0.00938

[dist]
# distance from previous block
# <min> <max>
0	1

[block]
# block no. 3 follows, 31 sequences, length 36
# corresponding to MSA columns:
# 141-176
name=unknown_D
#
# <colnr> <probs for GDERKNQSTAVLIFYWHMCP>
#	G	D	E	R	K	N	Q	S	T	A	V	L	I	F	Y	W	H	M	C	P
0	0.00809	0.00693	0.00693	0.00693	0.00924	0.00578	0.00520	0.00982	0.01559	0.01848	0.06931	0.06584	0.71411	0.01733	0.00809	0.00231	0.00347	0.01444	0.00635	0.00578
1	0.02506	0.01222	0.01552	0.01183	0.01725	0.01060	0.00966	0.04915	0.06440	0.46071	0.02262	0.02071	0.01515	0.00757	0.00638	0.00182	0.00564	0.00613	0.00709	0.23048
2	0.16636	0.08069	0.29130	0.01751	0.02422	0.04155	0.10302	0.09557	0.01589	0.02477	0.01188	0.01425	0.00901	0.00698	0.00744	0.00216	0.06917	0.00525	0.00369	0.00927
3	0.04635	0.06424	0.66683	0.01875	0.02845	0.01632	0.02399	0.02155	0.01431	0.02181	0.01205	0.01417	0.00862	0.00647	0.00632	0.00214	0.00980	0.00494	0.00295	0.00995
4	0.01090	0.00783	0.01085	0.01236	0.01397	0.00779	0.01078	0.01399	0.01574	0.02039	0.03762	0.07669	0.06778	0.01883	0.00939	0.00311	0.00618	0.64320	0.00630	0.00628
5	0.01702	0.01470	0.01547	0.01392	0.01779	0.01702	0.01083	0.03635	0.70453	0.02862	0.02785	0.02553	0.02088	0.00928	0.00696	0.00232	0.00541	0.00773	0.00696	0.01083
6	0.80789	0.01323	0.01006	0.00900	0.01323	0.01535	0.00741	0.02011	0.01164	0.03070	0.00953	0.01111	0.00741	0.00635	0.00423	0.00212	0.00529	0.00370	0.00423	0.00741
7	0.00995	0.00663	0.00746	0.00746	0.00746	0.00663	0.00415	0.00995	0.00995	0.01327	0.02156	0.04477	0.02487	0.75957	0.03482	0.00663	0.00663	0.00995	0.00415	0.00415
8	0.80789	0.01323	0.01006	0.00900	0.01323	0.01535	0.00741	0.02011	0.01164	0.03070	0.00953	0.01111	0.00741	0.00635	0.00423	0.00212	0.00529	0.00370	0.00423	0.00741
9	0.09420	0.01177	0.01540	0.01191	0.01712	0.01049	0.00984	0.03226	0.01893	0.66517	0.02556	0.02229	0.01616	0.00829	0.00666	0.00212	0.00578	0.00662	0.00812	0.01130
10	0.02663	0.01736	0.01932	0.01490	0.02027	0.01865	0.01228	0.52458	0.05803	0.18787	0.01917	0.01828	0.01316	0.00831	0.00686	0.00208	0.00707	0.00638	0.00720	0.01160
11	0.00947	0.00701	0.00891	0.00893	0.01055	0.00645	0.00683	0.01225	0.01770	0.02414	0.45657	0.11889	0.16944	0.01585	0.00831	0.00236	0.00373	0.09931	0.00707	0.00624
12	0.00856	0.00618	0.00811	0.00926	0.00995	0.00572	0.00632	0.01013	0.01430	0.01925	0.15720	0.60270	0.07704	0.01996	0.00859	0.00265	0.00382	0.01800	0.00656	0.00572
13	0.01372	0.03539	0.72412	0.01950	0.02961	0.01589	0.02528	0.02167	0.01444	0.02167	0.01228	0.01444	0.00867	0.00650	0.00650	0.00217	0.01011	0.00506	0.00289	0.01011
14	0.77337	0.01316	0.01031	0.00914	0.01342	0.01511	0.00753	0.02070	0.01200	0.06139	0.01030	0.01165	0.00783	0.00644	0.00435	0.00212	0.00532	0.00385	0.00442	0.00760
15	0.00975	0.00720	0.00905	0.00877	0.01039	0.00675	0.00654	0.01310	0.04123	0.02505	0.52571	0.09492	0.12648	0.04793	0.00932	0.00245	0.00364	0.03822	0.00712	0.00637
16	0.00908	0.00649	0.00879	0.01038	0.01110	0.00620	0.00765	0.01081	0.01383	0.01830	0.03730	0.56720	0.04362	0.02073	0.00893	0.00288	0.00462	0.19999	0.00634	0.00576
17	0.01945	0.01415	0.01554	0.01361	0.01773	0.01578	0.01069	0.03582	0.58277	0.15181	0.02769	0.02513	0.02018	0.00914	0.00695	0.00228	0.00549	0.00758	0.00723	0.01097
18	0.00995	0.00663	0.00746	0.00746	0.00746	0.00663	0.00415	0.00995	0.00995	0.01327	0.02156	0.04477	0.02487	0.75957	0.03482	0.00663	0.00663	0.00995	0.00415	0.00415
19	0.34068	0.01098	0.01162	0.00988	0.01371	0.01119	0.00797	0.02221	0.01629	0.24543	0.21302	0.02617	0.02646	0.00916	0.00614	0.00213	0.00488	0.00713	0.00648	0.00846
20	0.00834	0.00595	0.00794	0.00953	0.00992	0.00556	0.00635	0.00953	0.01310	0.01746	0.03771	0.75510	0.04525	0.02143	0.00873	0.00278	0.00397	0.01945	0.00635	0.00556
21	0.00968	0.00699	0.00914	0.00861	0.01022	0.00646	0.00646	0.01291	0.01937	0.02743	0.71328	0.05110	0.06455	0.01399	0.00807	0.00215	0.00323	0.01237	0.00753	0.00646
22	0.00978	0.00730	0.01087	0.01087	0.01204	0.00848	0.00839	0.01213	0.01096	0.01579	0.01844	0.02753	0.01739	0.07730	0.70685	0.01083	0.01790	0.00743	0.00368	0.00604
23	0.01774	0.01453	0.01549	0.01383	0.01777	0.01665	0.01079	0.03619	0.66823	0.06534	0.02780	0.02541	0.02067	0.00924	0.00696	0.00231	0.00544	0.00769	0.00704	0.01087
24	0.00945	0.00697	0.00874	0.00830	0.00996	0.00636	0.00617	0.01232	0.01842	0.02551	0.58729	0.05313	0.16312	0.04334	0.00911	0.00235	0.00340	0.01260	0.00722	0.00626
25	0.00981	0.00720	0.01035	0.01035	0.01135	0.00820	0.00775	0.01180	0.01080	0.01541	0.01891	0.03013	0.01852	0.18003	0.60567	0.01020	0.01620	0.00781	0.00375	0.00575
26	0.02872	0.01208	0.01582	0.01243	0.01751	0.01106	0.01017	0.03378	0.11864	0.62140	0.02711	0.02361	0.01751	0.00859	0.00689	0.00215	0.00576	0.00700	0.00825	0.01153
27	0.07173	0.01198	0.01572	0.01212	0.01737	0.01071	0.01001	0.05480	0.01958	0.66225	0.02571	0.02241	0.01625	0.00835	0.00674	0.00211	0.00585	0.00669	0.00819	0.01142
28	0.31017	0.01523	0.01524	0.13408	0.02155	0.09687	0.01115	0.06904	0.01651	0.22565	0.01555	0.01629	0.01087	0.00724	0.00582	0.00210	0.00704	0.00526	0.00534	0.00899
29	0.01829	0.76368	0.03585	0.01171	0.01756	0.02707	0.01171	0.02049	0.01390	0.01610	0.00951	0.01097	0.00878	0.00585	0.00439	0.00146	0.00732	0.00366	0.00293	0.00878
30	0.01488	0.01270	0.01479	0.03799	0.01772	0.01070	0.00900	0.04226	0.09775	0.02357	0.01419	0.01578	0.01144	0.00574	0.00542	0.00125	0.00534	0.00464	0.00446	0.65038
31	0.01292	0.01216	0.02052	0.74312	0.04712	0.01520	0.01900	0.01748	0.01368	0.01748	0.01216	0.01824	0.00912	0.00684	0.00684	0.00228	0.00912	0.00608	0.00304	0.00760
32	0.03669	0.01359	0.01966	0.53364	0.03864	0.04604	0.01704	0.05410	0.03740	0.01945	0.01326	0.04096	0.01071	0.00796	0.00836	0.00233	0.08239	0.00642	0.00353	0.00785
33	0.54238	0.01251	0.01064	0.00933	0.01316	0.01415	0.00759	0.10150	0.01489	0.03117	0.03583	0.01568	0.01164	0.00712	0.00478	0.00202	0.00512	0.00477	0.14801	0.00771
34	0.04177	0.01074	0.01518	0.03692	0.01711	0.00968	0.07814	0.04022	0.01644	0.13375	0.14682	0.17944	0.02842	0.01095	0.00707	0.00201	0.00551	0.00980	0.00587	0.20415
35	0.01157	0.00953	0.01287	0.01197	0.01370	0.01004	0.03153	0.01423	0.03675	0.01967	0.07744	0.27408	0.03038	0.05319	0.01183	0.00268	0.13901	0.08345	0.03468	0.12140

[dist]
# distance from previous block
# <min> <max>
1	4

[block]
# block no. 4 follows, 31 sequences, length 70
# corresponding to MSA columns:
# 181-250
name=unknown_E
#
# <colnr> <probs for GDERKNQSTAVLIFYWHMCP>
#	G	D	E	R	K	N	Q	S	T	A	V	L	I	F	Y	W	H	M	C	P
0	0.04437	0.01411	0.01596	0.01278	0.01748	0.06247	0.01031	0.14527	0.05495	0.40324	0.06290	0.05558	0.01915	0.00908	0.00684	0.00208	0.00628	0.00732	0.00734	0.04248
1	0.01151	0.01022	0.00994	0.00952	0.01203	0.06376	0.00737	0.04532	0.07570	0.02184	0.15143	0.05490	0.41051	0.01509	0.00791	0.00231	0.00472	0.07275	0.00638	0.00679
2	0.77242	0.01350	0.01053	0.00930	0.01359	0.01561	0.00766	0.05069	0.01257	0.03126	0.00984	0.01135	0.00760	0.00644	0.00435	0.00211	0.00539	0.00382	0.00435	0.00760
3	0.01514	0.01183	0.01382	0.01022	0.01584	0.00929	0.00816	0.01878	0.04604	0.07704	0.01844	0.01940	0.06546	0.00647	0.00553	0.00126	0.00502	0.00524	0.00471	0.64232
4	0.00835	0.00618	0.00780	0.00901	0.00981	0.00564	0.00614	0.00973	0.01383	0.01808	0.07248	0.59705	0.17022	0.02035	0.00858	0.00266	0.00384	0.01822	0.00640	0.00564
5	0.01955	0.00913	0.01195	0.01021	0.01333	0.00816	0.00792	0.02183	0.01739	0.35252	0.18282	0.06754	0.08145	0.12283	0.01157	0.00288	0.00514	0.03802	0.00729	0.00848
6	0.00821	0.00694	0.00710	0.00706	0.00932	0.00583	0.00529	0.01006	0.01588	0.01917	0.11899	0.06470	0.66400	0.01707	0.00808	0.00230	0.00345	0.01428	0.00644	0.00583
7	0.80789	0.01323	0.01006	0.00900	0.01323	0.01535	0.00741	0.02011	0.01164	0.03070	0.00953	0.01111	0.00741	0.00635	0.00423	0.00212	0.00529	0.00370	0.00423	0.00741
8	0.00909	0.00632	0.00796	0.00897	0.00930	0.00609	0.00585	0.00997	0.01212	0.01613	0.03176	0.45467	0.03749	0.28892	0.01824	0.00420	0.00508	0.05719	0.00555	0.00509
9	0.01021	0.00742	0.00905	0.00928	0.01132	0.00675	0.00749	0.01276	0.01664	0.04723	0.20264	0.06450	0.32965	0.01674	0.00847	0.00253	0.00439	0.21995	0.00668	0.00631
10	0.02525	0.01217	0.04065	0.01219	0.01684	0.01055	0.01017	0.05932	0.06529	0.49984	0.08326	0.08960	0.02306	0.01003	0.00713	0.00219	0.00565	0.00840	0.00783	0.01057
11	0.80789	0.01323	0.01006	0.00900	0.01323	0.01535	0.00741	0.02011	0.01164	0.03070	0.00953	0.01111	0.00741	0.00635	0.00423	0.00212	0.00529	0.00370	0.00423	0.00741
12	0.02980	0.01174	0.01580	0.01217	0.01734	0.01031	0.01003	0.05528	0.02001	0.67399	0.05072	0.02403	0.01843	0.00865	0.00692	0.00212	0.00579	0.00705	0.00838	0.01146
13	0.14156	0.02710	0.01757	0.01587	0.01954	0.52286	0.01220	0.07935	0.01904	0.02119	0.01247	0.01648	0.01072	0.00777	0.00614	0.00192	0.01052	0.04555	0.00407	0.00805
14	0.00968	0.00699	0.00914	0.00861	0.01022	0.00646	0.00646	0.01291	0.01937	0.02743	0.71328	0.05110	0.06455	0.01399	0.00807	0.00215	0.00323	0.01237	0.00753	0.00646
15	0.00879	0.00628	0.00846	0.01005	0.01065	0.00595	0.00715	0.01032	0.01355	0.01798	0.03745	0.63974	0.04425	0.02100	0.00885	0.00284	0.00437	0.13029	0.00634	0.00568
16	0.03070	0.01164	0.01588	0.01217	0.01746	0.01006	0.01006	0.03334	0.01958	0.72163	0.02699	0.02329	0.01694	0.00847	0.00688	0.00212	0.00582	0.00688	0.00847	0.01164
17	0.02710	0.01404	0.01697	0.01331	0.01837	0.01400	0.01089	0.22353	0.10486	0.42327	0.04402	0.02239	0.01726	0.00865	0.00691	0.00212	0.00619	0.00693	0.00779	0.01139
18	0.78137	0.01299	0.01002	0.00899	0.01309	0.01503	0.00736	0.01974	0.01155	0.03007	0.00960	0.01144	0.00756	0.00693	0.00498	0.02874	0.00531	0.00378	0.00419	0.00726
19	0.01419	0.01216	0.01419	0.01013	0.01621	0.00912	0.00811	0.01723	0.01419	0.02229	0.01216	0.01419	0.01013	0.00507	0.00507	0.00101	0.00507	0.00405	0.00405	0.80139
20	0.00995	0.00663	0.00746	0.00746	0.00746	0.00663	0.00415	0.00995	0.00995	0.01327	0.02156	0.04477	0.02487	0.75957	0.03482	0.00663	0.00663	0.00995	0.00415	0.00415
21	0.02312	0.01773	0.01891	0.01516	0.02012	0.01987	0.01231	0.48302	0.24792	0.03846	0.02009	0.01935	0.01460	0.00856	0.00688	0.00214	0.00685	0.00667	0.00688	0.01138
22	0.80789	0.01323	0.01006	0.00900	0.01323	0.01535	0.00741	0.02011	0.01164	0.03070	0.00953	0.01111	0.00741	0.00635	0.00423	0.00212	0.00529	0.00370	0.00423	0.00741
23	0.80789	0.01323	0.01006	0.00900	0.01323	0.01535	0.00741	0.02011	0.01164	0.03070	0.00953	0.01111	0.00741	0.00635	0.00423	0.00212	0.00529	0.00370	0.00423	0.00741
24	0.02618	0.01889	0.02036	0.01561	0.02108	0.02081	0.01290	0.66978	0.03170	0.06807	0.01681	0.01668	0.01183	0.00822	0.00685	0.00206	0.00747	0.00619	0.00690	0.01163
25	0.01066	0.00770	0.01054	0.01191	0.01350	0.00758	0.01024	0.01364	0.01580	0.02052	0.06765	0.09930	0.08976	0.01866	0.00927	0.00303	0.00588	0.57178	0.00636	0.00624
26	0.02556	0.03261	0.01939	0.01763	0.02115	0.73210	0.01322	0.02732	0.01939	0.01674	0.01058	0.01234	0.00881	0.00705	0.00617	0.00176	0.01234	0.00441	0.00353	0.00793
27	0.01419	0.01216	0.01419	0.01013	0.01621	0.00912	0.00811	0.01723	0.01419	0.02229	0.01216	0.01419	0.01013	0.00507	0.00507	0.00101	0.00507	0.00405	0.00405	0.80139
28	0.03070	0.01164	0.01588	0.01217	0.01746	0.01006	0.01006	0.03334	0.01958	0.72163	0.02699	0.02329	0.01694	0.00847	0.00688	0.00212	0.00582	0.00688	0.00847	0.01164
29	0.01238	0.00746	0.00878	0.00856	0.01005	0.00809	0.00656	0.03946	0.01395	0.02298	0.02147	0.06998	0.01851	0.01905	0.17456	0.00393	0.04371	0.00738	0.49664	0.00651
30	0.02887	0.01457	0.01769	0.01356	0.01893	0.01440	0.01120	0.29073	0.02448	0.45732	0.02287	0.02061	0.01487	0.00837	0.00687	0.00209	0.00649	0.00660	0.00784	0.01164
31	0.00995	0.00663	0.00746	0.00746	0.00746	0.00663	0.00415	0.00995	0.00995	0.01327	0.02156	0.04477	0.02487	0.75957	0.03482	0.00663	0.00663	0.00995	0.00415	0.00415
32	0.80789	0.01323	0.01006	0.00900	0.01323	0.01535	0.00741	0.02011	0.01164	0.03070	0.00953	0.01111	0.00741	0.00635	0.00423	0.00212	0.00529	0.00370	0.00423	0.00741
33	0.02669	0.01807	0.01985	0.01522	0.02067	0.01959	0.01257	0.59777	0.03033	0.14201	0.01797	0.01743	0.01241	0.00825	0.00685	0.00206	0.00728	0.00626	0.00708	0.01164
34	0.03053	0.01190	0.01604	0.01230	0.01759	0.01044	0.01016	0.05631	0.02002	0.69804	0.02662	0.02305	0.01675	0.00846	0.00688	0.00211	0.00588	0.00685	0.00841	0.01164
35	0.01214	0.00868	0.01064	0.01025	0.01226	0.00862	0.00790	0.06980	0.07113	0.04693	0.30788	0.14747	0.09372	0.05188	0.00947	0.00262	0.00457	0.11012	0.00686	0.00706
36	0.00944	0.00724	0.00868	0.00827	0.01018	0.00661	0.00622	0.01277	0.04224	0.02468	0.48831	0.05480	0.26566	0.01486	0.00804	0.00221	0.00338	0.01285	0.00714	0.00640
37	0.19525	0.01211	0.01569	0.03579	0.11629	0.01221	0.01108	0.02519	0.03505	0.32669	0.01947	0.02017	0.01390	0.01400	0.11402	0.00343	0.00797	0.00614	0.00591	0.00964
38	0.80789	0.01323	0.01006	0.00900	0.01323	0.01535	0.00741	0.02011	0.01164	0.03070	0.00953	0.01111	0.00741	0.00635	0.00423	0.00212	0.00529	0.00370	0.00423	0.00741
39	0.02242	0.01731	0.01954	0.11735	0.02418	0.01955	0.01342	0.47104	0.16063	0.03670	0.01805	0.01845	0.01309	0.00823	0.00687	0.00214	0.00734	0.00646	0.00633	0.01091
40	0.00995	0.00663	0.00746	0.00746	0.00746	0.00663	0.00415	0.00995	0.00995	0.01327	0.02156	0.04477	0.02487	0.75957	0.03482	0.00663	0.00663	0.00995	0.00415	0.00415
41	0.08115	0.01525	0.02497	0.16908	0.53511	0.01599	0.01951	0.02027	0.01490	0.02213	0.01246	0.01670	0.01024	0.00625	0.00658	0.00208	0.00808	0.00590	0.00339	0.00996
42	0.02556	0.03261	0.01939	0.01763	0.02115	0.73210	0.01322	0.02732	0.01939	0.01674	0.01058	0.01234	0.00881	0.00705	0.00617	0.00176	0.01234	0.00441	0.00353	0.00793
43	0.01615	0.01845	0.04037	0.02884	0.03576	0.01730	0.69204	0.02191	0.01615	0.02191	0.01384	0.01845	0.01038	0.00577	0.00807	0.00231	0.01153	0.00807	0.00346	0.00923
44	0.03070	0.01164	0.01588	0.01217	0.01746	0.01006	0.01006	0.03334	0.01958	0.72163	0.02699	0.02329	0.01694	0.00847	0.00688	0.00212	0.00582	0.00688	0.00847	0.01164
45	0.01072	0.00722	0.00948	0.00878	0.01058	0.00663	0.00663	0.01392	0.01938	0.06179	0.67932	0.04973	0.06220	0.01371	0.00801	0.00215	0.00336	0.01210	0.00758	0.00671
46	0.00977	0.00733	0.01100	0.01100	0.01222	0.00855	0.00855	0.01222	0.01100	0.01588	0.01833	0.02688	0.01710	0.05131	0.73245	0.01100	0.01833	0.00733	0.00367	0.00611
47	0.01188	0.00594	0.00891	0.00891	0.00891	0.00594	0.00594	0.00891	0.00891	0.01188	0.01188	0.02080	0.01188	0.02377	0.02674	0.80095	0.00594	0.00594	0.00297	0.00297
48	0.00937	0.00698	0.00871	0.00828	0.01003	0.00632	0.00621	0.01230	0.01862	0.02567	0.58655	0.05400	0.19238	0.01464	0.00807	0.00218	0.00327	0.01278	0.00730	0.00632
49	0.80789	0.01323	0.01006	0.00900	0.01323	0.01535	0.00741	0.02011	0.01164	0.03070	0.00953	0.01111	0.00741	0.00635	0.00423	0.00212	0.00529	0.00370	0.00423	0.00741
50	0.01419	0.01216	0.01419	0.01013	0.01621	0.00912	0.00811	0.01723	0.01419	0.02229	0.01216	0.01419	0.01013	0.00507	0.00507	0.00101	0.00507	0.00405	0.00405	0.80139
51	0.00861	0.00607	0.00786	0.00917	0.00950	0.00574	0.00598	0.00960	0.01256	0.01675	0.03496	0.63423	0.04178	0.14704	0.01317	0.00343	0.00442	0.01783	0.00598	0.00532
52	0.00832	0.00668	0.00735	0.00772	0.00942	0.00579	0.00554	0.00995	0.01501	0.01863	0.10180	0.23958	0.47781	0.04349	0.00916	0.00257	0.00369	0.01543	0.00635	0.00571
53	0.80789	0.01323	0.01006	0.00900	0.01323	0.01535	0.00741	0.02011	0.01164	0.03070	0.00953	0.01111	0.00741	0.00635	0.00423	0.00212	0.00529	0.00370	0.00423	0.00741
54	0.19340	0.01198	0.01466	0.01151	0.01658	0.01116	0.00950	0.03057	0.01792	0.57698	0.02333	0.02074	0.01494	0.00802	0.00633	0.00212	0.00571	0.00622	0.00758	0.01076
55	0.02825	0.01219	0.01580	0.01249	0.01752	0.01130	0.01019	0.03388	0.14223	0.59753	0.02714	0.02369	0.01764	0.00861	0.00689	0.00215	0.00575	0.00703	0.00820	0.01150
56	0.01020	0.00799	0.00938	0.00910	0.01106	0.00774	0.00678	0.01519	0.11936	0.02411	0.36526	0.14160	0.21623	0.01507	0.00799	0.00230	0.00371	0.01311	0.00700	0.00682
57	0.03070	0.01164	0.01588	0.01217	0.01746	0.01006	0.01006	0.03334	0.01958	0.72163	0.02699	0.02329	0.01694	0.00847	0.00688	0.00212	0.00582	0.00688	0.00847	0.01164
58	0.60248	0.01302	0.01158	0.00988	0.01428	0.01438	0.00812	0.05557	0.01435	0.15450	0.03769	0.01495	0.01132	0.00709	0.00497	0.00211	0.00542	0.00470	0.00523	0.00834
59	0.00837	0.00613	0.00787	0.00914	0.00985	0.00563	0.00620	0.00973	0.01374	0.01809	0.07531	0.62933	0.13445	0.02052	0.00861	0.00269	0.00387	0.01844	0.00641	0.00563
60	0.00891	0.00640	0.00845	0.00913	0.01005	0.00594	0.00640	0.01097	0.01577	0.02172	0.32611	0.45457	0.05349	0.01825	0.00845	0.00251	0.00365	0.01643	0.00685	0.00594
61	0.01000	0.00766	0.01142	0.01129	0.01246	0.00908	0.00883	0.01240	0.01097	0.01591	0.01793	0.02637	0.01676	0.04963	0.70208	0.01065	0.04950	0.00727	0.00364	0.00617
62	0.01812	0.73710	0.06097	0.01199	0.01800	0.02666	0.01220	0.02053	0.01392	0.01630	0.00961	0.01110	0.00878	0.00588	0.00447	0.00149	0.00742	0.00371	0.00293	0.00883
63	0.02496	0.03173	0.01896	0.01726	0.02074	0.70731	0.01294	0.02672	0.01926	0.01680	0.01258	0.01416	0.03289	0.00740	0.00623	0.00178	0.01203	0.00475	0.00362	0.00786
64	0.00961	0.00696	0.00910	0.00891	0.01044	0.00645	0.00672	0.01260	0.01844	0.02578	0.58545	0.11440	0.08339	0.01509	0.00822	0.00228	0.00351	0.05900	0.00730	0.00634
65	0.03659	0.00721	0.00923	0.00890	0.01054	0.00674	0.00660	0.01337	0.01813	0.05174	0.55783	0.16000	0.05785	0.01471	0.00800	0.00225	0.00351	0.01300	0.00727	0.00654
66	0.00990	0.00673	0.00792	0.00784	0.00815	0.00672	0.00475	0.01052	0.01141	0.01553	0.12407	0.04464	0.03030	0.60665	0.07243	0.00623	0.00682	0.01015	0.00462	0.00461
67	0.01491	0.01206	0.01439	0.03735	0.01718	0.00968	0.00866	0.04480	0.01545	0.04928	0.06180	0.01734	0.01421	0.00601	0.00548	0.00122	0.00521	0.00490	0.00453	0.65553
68	0.06894	0.01371	0.01576	0.01249	0.01714	0.03087	0.03002	0.18514	0.05621	0.16721	0.05823	0.06200	0.03480	0.03479	0.00750	0.00207	0.00608	0.00719	0.00612	0.18374
69	0.03980	0.01932	0.14989	0.02250	0.02876	0.01557	0.38699	0.02114	0.01515	0.07009	0.01517	0.04572	0.01222	0.03742	0.00954	0.00245	0.05840	0.00755	0.00386	0.03845

[dist]
# distance from previous block
# <min> <max>
8	17

# created by:
# /st0/software/busco_prod/Augustus/scripts/msa2prfl.pl ./align_prep/116574.fa
