[name]
unknown

[dist]
# distance from previous block
# <min> <max>
0	47

[block]
# block no. 0 follows, 30 sequences, length 10
# corresponding to MSA columns:
# 47-56
name=unknown_A
#
# <colnr> <probs for GDERKNQSTAVLIFYWHMCP>
#	G	D	E	R	K	N	Q	S	T	A	V	L	I	F	Y	W	H	M	C	P
0	0.03858	0.04333	0.01437	0.01353	0.01625	0.09123	0.01141	0.04500	0.09385	0.06337	0.02985	0.05513	0.02993	0.01487	0.00836	0.00275	0.00704	0.40723	0.00613	0.00779
1	0.01812	0.31137	0.19733	0.01439	0.02049	0.02052	0.01493	0.09670	0.05581	0.05132	0.01416	0.01566	0.01114	0.00728	0.00667	0.00192	0.05095	0.00514	0.07655	0.00955
2	0.05375	0.01448	0.01696	0.01330	0.01857	0.01442	0.01085	0.20309	0.12807	0.33123	0.02252	0.02079	0.01536	0.00823	0.00672	0.00205	0.00622	0.00652	0.00731	0.09956
3	0.00884	0.00642	0.00840	0.00979	0.01055	0.00599	0.00691	0.01040	0.01412	0.01862	0.06511	0.58789	0.10649	0.02092	0.00890	0.00281	0.00424	0.09128	0.00652	0.00581
4	0.01330	0.01120	0.01091	0.01032	0.01191	0.08891	0.00723	0.07403	0.04346	0.02136	0.18023	0.13859	0.06516	0.27261	0.01748	0.00384	0.00614	0.01119	0.00571	0.00642
5	0.04552	0.00766	0.00882	0.00891	0.01076	0.00725	0.00660	0.01319	0.05670	0.02287	0.26744	0.20941	0.25711	0.01654	0.00818	0.00243	0.00386	0.03348	0.00681	0.00647
6	0.02148	0.02468	0.01767	0.01589	0.01927	0.43146	0.01205	0.05175	0.10361	0.02020	0.01637	0.09734	0.01493	0.00928	0.00753	0.00200	0.05000	0.00677	0.00451	0.07321
7	0.01682	0.01637	0.02783	0.04434	0.11417	0.01610	0.26724	0.08304	0.03213	0.02400	0.01359	0.01714	0.01077	0.00673	0.00858	0.00203	0.08202	0.00649	0.00401	0.20658
8	0.02060	0.01582	0.01862	0.06863	0.02154	0.01675	0.04028	0.36279	0.07458	0.03390	0.01709	0.01847	0.01280	0.00871	0.02356	0.00213	0.00720	0.00616	0.08578	0.14458
9	0.01193	0.00819	0.01183	0.01166	0.01311	0.00804	0.04653	0.03148	0.01469	0.08262	0.05770	0.53462	0.03846	0.01998	0.03969	0.00307	0.03710	0.01626	0.00630	0.00676

[dist]
# distance from previous block
# <min> <max>
32	43

[block]
# block no. 1 follows, 30 sequences, length 6
# corresponding to MSA columns:
# 106-111
name=unknown_B
#
# <colnr> <probs for GDERKNQSTAVLIFYWHMCP>
#	G	D	E	R	K	N	Q	S	T	A	V	L	I	F	Y	W	H	M	C	P
0	0.01293	0.01051	0.01384	0.01187	0.01483	0.01038	0.07175	0.10854	0.07735	0.02666	0.27509	0.10896	0.20164	0.01376	0.00803	0.00231	0.00502	0.01209	0.00675	0.00771
1	0.01621	0.05559	0.03030	0.06409	0.02851	0.01552	0.38346	0.02059	0.01612	0.08034	0.07875	0.09298	0.01930	0.00889	0.00885	0.00237	0.05568	0.00916	0.00454	0.00877
2	0.01999	0.16266	0.02178	0.07056	0.07524	0.31096	0.01302	0.06779	0.01776	0.01945	0.01611	0.14173	0.01583	0.00950	0.00655	0.00200	0.00920	0.00740	0.00417	0.00830
3	0.01888	0.07378	0.09473	0.02362	0.02981	0.13369	0.37064	0.08783	0.01798	0.02289	0.01313	0.01653	0.01011	0.00674	0.00816	0.00220	0.04937	0.00674	0.00376	0.00939
4	0.01587	0.10214	0.12474	0.08805	0.02549	0.07632	0.15253	0.05571	0.01544	0.02038	0.01398	0.01907	0.01175	0.05110	0.12524	0.00376	0.02998	0.00632	0.00363	0.05849
5	0.01678	0.09419	0.17520	0.05859	0.05124	0.06237	0.21441	0.04896	0.04756	0.02220	0.01339	0.01634	0.01037	0.00661	0.00734	0.00204	0.03575	0.00605	0.00369	0.10691

[dist]
# distance from previous block
# <min> <max>
3	21

[block]
# block no. 2 follows, 30 sequences, length 19
# corresponding to MSA columns:
# 133-151
name=unknown_C
#
# <colnr> <probs for GDERKNQSTAVLIFYWHMCP>
#	G	D	E	R	K	N	Q	S	T	A	V	L	I	F	Y	W	H	M	C	P
0	0.01999	0.33501	0.02757	0.01827	0.14617	0.05886	0.01328	0.10868	0.01785	0.07076	0.03704	0.01573	0.01241	0.00679	0.00573	0.00172	0.00744	0.00514	0.00429	0.08726
1	0.03876	0.21759	0.07376	0.01405	0.03983	0.01642	0.02995	0.01900	0.05916	0.04174	0.03787	0.04642	0.01585	0.02139	0.22204	0.00474	0.05626	0.00657	0.00405	0.03454
2	0.01817	0.23888	0.21192	0.01654	0.02299	0.13662	0.06462	0.04776	0.08465	0.02138	0.03898	0.01623	0.01254	0.00706	0.00614	0.00192	0.00897	0.00542	0.00388	0.03534
3	0.01871	0.25303	0.36018	0.01617	0.02412	0.01941	0.01849	0.08070	0.01679	0.11046	0.01393	0.01497	0.01021	0.00683	0.00605	0.00197	0.00866	0.00505	0.00403	0.01023
4	0.04784	0.57296	0.12192	0.01322	0.01966	0.02517	0.01368	0.08006	0.01581	0.02014	0.01069	0.01215	0.00915	0.00629	0.00497	0.00166	0.00777	0.00414	0.00338	0.00934
5	0.01558	0.03400	0.63045	0.01941	0.02912	0.01689	0.02420	0.10623	0.01702	0.02486	0.01306	0.01499	0.00922	0.00685	0.00667	0.00220	0.00998	0.00530	0.00346	0.01051
6	0.02458	0.01858	0.01985	0.01566	0.02090	0.02073	0.01279	0.54987	0.17407	0.04084	0.01923	0.01872	0.01387	0.00861	0.00701	0.00215	0.00722	0.00662	0.00701	0.01169
7	0.00997	0.00748	0.01121	0.01121	0.01246	0.00872	0.00872	0.01246	0.01121	0.01620	0.01869	0.02741	0.01745	0.05234	0.72710	0.01121	0.01869	0.00748	0.00374	0.00623
8	0.80405	0.01350	0.01026	0.00918	0.01350	0.01565	0.00756	0.02051	0.01188	0.03131	0.00972	0.01134	0.00756	0.00648	0.00432	0.00216	0.00540	0.00378	0.00432	0.00756
9	0.01400	0.03610	0.71860	0.01989	0.03020	0.01621	0.02578	0.02210	0.01473	0.02210	0.01252	0.01473	0.00884	0.00663	0.00663	0.00221	0.01031	0.00516	0.00295	0.01031
10	0.00988	0.00713	0.00933	0.00878	0.01043	0.00658	0.00658	0.01317	0.01975	0.02798	0.70754	0.05213	0.06584	0.01427	0.00823	0.00219	0.00329	0.01262	0.00768	0.00658
11	0.02321	0.15022	0.02452	0.02133	0.15390	0.31987	0.01470	0.16715	0.02088	0.02384	0.01233	0.01415	0.01000	0.00705	0.00625	0.00186	0.00983	0.00508	0.00419	0.00962
12	0.08934	0.01543	0.02512	0.18365	0.50925	0.01627	0.01971	0.02059	0.01512	0.02256	0.01266	0.01700	0.01037	0.00640	0.00668	0.00213	0.00823	0.00599	0.00346	0.01005
13	0.00825	0.00707	0.00707	0.00707	0.00943	0.00589	0.00530	0.01001	0.01591	0.01885	0.07069	0.06716	0.70839	0.01767	0.00825	0.00236	0.00353	0.01473	0.00648	0.00589
14	0.00825	0.00707	0.00707	0.00707	0.00943	0.00589	0.00530	0.01001	0.01591	0.01885	0.07069	0.06716	0.70839	0.01767	0.00825	0.00236	0.00353	0.01473	0.00648	0.00589
15	0.75601	0.01339	0.01063	0.00938	0.01376	0.01532	0.00773	0.02135	0.01238	0.07388	0.01082	0.01211	0.00816	0.00661	0.00449	0.00216	0.00543	0.00398	0.00459	0.00783
16	0.02650	0.02025	0.02088	0.01615	0.02164	0.05787	0.01327	0.65405	0.03214	0.04260	0.01645	0.01654	0.01172	0.00832	0.00695	0.00208	0.00793	0.00619	0.00681	0.01167
17	0.01351	0.01274	0.02153	0.68166	0.10179	0.01559	0.01954	0.01812	0.01411	0.01823	0.01246	0.01850	0.00944	0.00692	0.00697	0.00231	0.00922	0.00620	0.00313	0.00802
18	0.02546	0.01153	0.01563	0.06274	0.01924	0.01055	0.01078	0.02923	0.05225	0.49349	0.05084	0.02967	0.02061	0.00966	0.00722	0.00222	0.00606	0.07557	0.00763	0.05963

[dist]
# distance from previous block
# <min> <max>
0	5

[block]
# block no. 3 follows, 30 sequences, length 54
# corresponding to MSA columns:
# 157-210
name=unknown_D
#
# <colnr> <probs for GDERKNQSTAVLIFYWHMCP>
#	G	D	E	R	K	N	Q	S	T	A	V	L	I	F	Y	W	H	M	C	P
0	0.35723	0.11244	0.05806	0.04279	0.01827	0.07696	0.01102	0.08251	0.07462	0.04673	0.04983	0.01618	0.01293	0.00740	0.00551	0.00207	0.00684	0.00515	0.00473	0.00871
1	0.44770	0.01362	0.03214	0.01052	0.01536	0.01357	0.00883	0.05698	0.01498	0.13285	0.03430	0.03737	0.01258	0.00738	0.00532	0.00199	0.00560	0.00523	0.00520	0.13847
2	0.06373	0.01624	0.04040	0.07135	0.19229	0.05352	0.01455	0.02805	0.24638	0.11337	0.01955	0.02031	0.01471	0.00797	0.00742	0.00220	0.03812	0.00654	0.00537	0.03793
3	0.55340	0.01424	0.01227	0.01066	0.01508	0.04500	0.00865	0.02496	0.09388	0.14189	0.01485	0.01513	0.01081	0.00721	0.00517	0.00217	0.00580	0.00482	0.00532	0.00869
4	0.01124	0.00803	0.01124	0.01285	0.01446	0.00803	0.01124	0.01446	0.01606	0.02088	0.03695	0.07871	0.04016	0.01928	0.00964	0.00321	0.00643	0.66426	0.00643	0.00643
5	0.01414	0.03509	0.67900	0.02045	0.03057	0.01629	0.06437	0.02211	0.01483	0.02211	0.01262	0.01497	0.00894	0.00659	0.00672	0.00222	0.01040	0.00534	0.00298	0.01026
6	0.00997	0.00748	0.01121	0.01121	0.01246	0.00872	0.00872	0.01246	0.01121	0.01620	0.01869	0.02741	0.01745	0.05234	0.72710	0.01121	0.01869	0.00748	0.00374	0.00623
7	0.00850	0.00607	0.00810	0.00972	0.01012	0.00567	0.00648	0.00972	0.01336	0.01781	0.03846	0.75020	0.04615	0.02186	0.00891	0.00283	0.00405	0.01984	0.00648	0.00567
8	0.00825	0.00707	0.00707	0.00707	0.00943	0.00589	0.00530	0.01001	0.01591	0.01885	0.07069	0.06716	0.70839	0.01767	0.00825	0.00236	0.00353	0.01473	0.00648	0.00589
9	0.01467	0.03339	0.61383	0.02144	0.05323	0.01650	0.08700	0.03973	0.01541	0.02273	0.01280	0.01525	0.00916	0.00659	0.00680	0.00222	0.01031	0.00551	0.00312	0.01029
10	0.01212	0.00606	0.00909	0.00909	0.00909	0.00606	0.00606	0.00909	0.00909	0.01212	0.01212	0.02121	0.01212	0.02424	0.02727	0.79697	0.00606	0.00606	0.00303	0.00303
11	0.01761	0.01877	0.06293	0.03915	0.58531	0.06206	0.06842	0.02193	0.01612	0.02237	0.01302	0.01696	0.01078	0.00628	0.00695	0.00208	0.00891	0.00620	0.00344	0.01071
12	0.01866	0.75896	0.03657	0.01194	0.01791	0.02761	0.01194	0.02090	0.01418	0.01642	0.00970	0.01119	0.00896	0.00597	0.00448	0.00149	0.00746	0.00373	0.00299	0.00896
13	0.51839	0.13859	0.08781	0.01140	0.01659	0.06295	0.01061	0.02168	0.01333	0.05096	0.01069	0.01217	0.00835	0.00653	0.00480	0.00203	0.00672	0.00407	0.00407	0.00825
14	0.01527	0.01527	0.02137	0.01832	0.01832	0.02137	0.01527	0.01679	0.01069	0.01679	0.00916	0.01527	0.00916	0.01221	0.02290	0.00305	0.74198	0.00611	0.00305	0.00763
15	0.02551	0.04013	0.03651	0.01305	0.01827	0.01351	0.01098	0.16378	0.07287	0.38257	0.07985	0.02357	0.01954	0.00874	0.00690	0.00207	0.00617	0.00705	0.00746	0.06147
16	0.01447	0.01240	0.01447	0.01034	0.01654	0.00930	0.00827	0.01757	0.01447	0.02274	0.01240	0.01447	0.01034	0.00517	0.00517	0.00103	0.00517	0.00413	0.00413	0.79742
17	0.02288	0.01773	0.01889	0.01532	0.02025	0.01994	0.01238	0.42911	0.29760	0.03810	0.02139	0.02045	0.01562	0.00881	0.00703	0.00220	0.00682	0.00692	0.00703	0.01154
18	0.01212	0.00606	0.00909	0.00909	0.00909	0.00606	0.00606	0.00909	0.00909	0.01212	0.01212	0.02121	0.01212	0.02424	0.02727	0.79697	0.00606	0.00606	0.00303	0.00303
19	0.01063	0.00730	0.00957	0.00891	0.01068	0.00671	0.00671	0.01390	0.01976	0.05204	0.68377	0.05113	0.06415	0.01407	0.00819	0.00219	0.00338	0.01242	0.00772	0.00677
20	0.01518	0.01282	0.01485	0.01067	0.01684	0.01002	0.00856	0.05676	0.01554	0.02398	0.01266	0.01460	0.01043	0.00536	0.00527	0.00110	0.00531	0.00426	0.00430	0.75149
21	0.06480	0.01810	0.02085	0.01601	0.02139	0.01971	0.04645	0.51612	0.02857	0.12551	0.01736	0.01741	0.01217	0.00832	0.00747	0.00215	0.03314	0.00634	0.00675	0.01138
22	0.02163	0.38407	0.06511	0.03874	0.02101	0.20196	0.01344	0.11503	0.01839	0.04522	0.01181	0.01319	0.00966	0.00677	0.00557	0.00174	0.00895	0.00455	0.00389	0.00927
23	0.01170	0.00793	0.01009	0.00975	0.01077	0.00845	0.00680	0.05147	0.01238	0.04113	0.02143	0.07118	0.02230	0.38033	0.29572	0.00784	0.01121	0.00927	0.00447	0.00578
24	0.00837	0.00707	0.00724	0.00720	0.00950	0.00594	0.00540	0.01025	0.01620	0.01954	0.11887	0.06602	0.65979	0.01742	0.00825	0.00234	0.00352	0.01457	0.00657	0.00594
25	0.03131	0.01188	0.01619	0.01242	0.01781	0.01026	0.01026	0.03401	0.01997	0.71606	0.02753	0.02375	0.01727	0.00864	0.00702	0.00216	0.00594	0.00702	0.00864	0.01188
26	0.08555	0.01588	0.02528	0.03200	0.43560	0.01582	0.07073	0.06622	0.01739	0.14466	0.01564	0.01799	0.01185	0.00677	0.00682	0.00212	0.00788	0.00632	0.00465	0.01083
27	0.01866	0.75896	0.03657	0.01194	0.01791	0.02761	0.01194	0.02090	0.01418	0.01642	0.00970	0.01119	0.00896	0.00597	0.00448	0.00149	0.00746	0.00373	0.00299	0.00896
28	0.00988	0.00713	0.00933	0.00878	0.01043	0.00658	0.00658	0.01317	0.01975	0.02798	0.70754	0.05213	0.06584	0.01427	0.00823	0.00219	0.00329	0.01262	0.00768	0.00658
29	0.00977	0.00709	0.00921	0.00876	0.01038	0.00653	0.00654	0.01294	0.01939	0.02731	0.66192	0.07834	0.08628	0.01466	0.00826	0.00222	0.00333	0.01296	0.00760	0.00653
30	0.03034	0.01342	0.01715	0.01315	0.01859	0.01255	0.01086	0.16598	0.02256	0.58043	0.02536	0.02234	0.01618	0.00858	0.00701	0.00215	0.00629	0.00687	0.00830	0.01187
31	0.01445	0.10715	0.65156	0.01911	0.02899	0.01733	0.02442	0.02198	0.01468	0.02154	0.01225	0.01439	0.00885	0.00656	0.00642	0.00214	0.01003	0.00502	0.00295	0.01018
32	0.00998	0.00744	0.01102	0.01102	0.01220	0.00862	0.00848	0.01234	0.01116	0.01606	0.01887	0.02838	0.01787	0.08960	0.69041	0.01098	0.01806	0.00762	0.00376	0.00612
33	0.01487	0.17157	0.59078	0.01840	0.02790	0.01834	0.02319	0.02187	0.01463	0.02103	0.01199	0.01407	0.00886	0.00651	0.00623	0.00208	0.00978	0.00489	0.00295	0.01006
34	0.02117	0.01816	0.01784	0.01516	0.01961	0.08391	0.01200	0.25013	0.41748	0.03294	0.02296	0.02175	0.01707	0.00890	0.00699	0.00223	0.00688	0.00705	0.00674	0.01104
35	0.01447	0.01240	0.01447	0.01034	0.01654	0.00930	0.00827	0.01757	0.01447	0.02274	0.01240	0.01447	0.01034	0.00517	0.00517	0.00103	0.00517	0.00413	0.00413	0.79742
36	0.01212	0.00606	0.00909	0.00909	0.00909	0.00606	0.00606	0.00909	0.00909	0.01212	0.01212	0.02121	0.01212	0.02424	0.02727	0.79697	0.00606	0.00606	0.00303	0.00303
37	0.01212	0.00606	0.00909	0.00909	0.00909	0.00606	0.00606	0.00909	0.00909	0.01212	0.01212	0.02121	0.01212	0.02424	0.02727	0.79697	0.00606	0.00606	0.00303	0.00303
38	0.01950	0.01929	0.05359	0.01490	0.01909	0.16259	0.01206	0.03300	0.44528	0.07019	0.05756	0.02381	0.02005	0.00903	0.00696	0.00222	0.00715	0.00722	0.00628	0.01023
39	0.03131	0.01188	0.01619	0.01242	0.01781	0.01026	0.01026	0.03401	0.01997	0.71606	0.02753	0.02375	0.01727	0.00864	0.00702	0.00216	0.00594	0.00702	0.00864	0.01188
40	0.03114	0.01214	0.01636	0.01254	0.01795	0.01065	0.01036	0.05680	0.02042	0.69264	0.02715	0.02351	0.01709	0.00863	0.00702	0.00216	0.00600	0.00699	0.00858	0.01188
41	0.01656	0.01585	0.02703	0.16427	0.59537	0.01639	0.02106	0.02079	0.01555	0.02193	0.01300	0.01750	0.01075	0.00635	0.00692	0.00212	0.00847	0.00621	0.00339	0.01048
42	0.01779	0.01756	0.02782	0.04138	0.67091	0.05809	0.02095	0.02179	0.01612	0.02246	0.01299	0.01700	0.01093	0.00627	0.00687	0.00206	0.00854	0.00612	0.00346	0.01088
43	0.07130	0.01220	0.01592	0.01224	0.01763	0.01081	0.01009	0.05070	0.01962	0.62497	0.02550	0.02242	0.01625	0.00834	0.00678	0.00210	0.00592	0.00668	0.00813	0.05243
44	0.01866	0.75896	0.03657	0.01194	0.01791	0.02761	0.01194	0.02090	0.01418	0.01642	0.00970	0.01119	0.00896	0.00597	0.00448	0.00149	0.00746	0.00373	0.00299	0.00896
45	0.01603	0.22758	0.41937	0.01759	0.04787	0.01882	0.01990	0.02170	0.01465	0.04428	0.01218	0.01417	0.00934	0.00660	0.00651	0.00196	0.03309	0.00484	0.00325	0.06028
46	0.02282	0.01635	0.02362	0.05475	0.06568	0.01641	0.14858	0.25007	0.04754	0.18021	0.01814	0.01893	0.01281	0.00746	0.00707	0.00208	0.00792	0.00668	0.00597	0.08691
47	0.03036	0.01232	0.01779	0.01350	0.01901	0.01073	0.05347	0.03326	0.01975	0.67169	0.02667	0.02344	0.01685	0.00846	0.00710	0.00217	0.00631	0.00710	0.00831	0.01172
48	0.00856	0.00610	0.00808	0.00965	0.01004	0.00570	0.00640	0.00973	0.01326	0.01768	0.03793	0.72738	0.04548	0.04561	0.00977	0.00296	0.00414	0.01952	0.00640	0.00562
49	0.02055	0.01602	0.04667	0.18493	0.18875	0.01608	0.08107	0.13913	0.04804	0.16297	0.01717	0.01920	0.01235	0.00736	0.00708	0.00219	0.00823	0.00661	0.00516	0.01043
50	0.01789	0.02273	0.22105	0.13363	0.08863	0.05570	0.16897	0.08788	0.04269	0.07115	0.01484	0.01757	0.01083	0.00692	0.00713	0.00222	0.00971	0.00640	0.00411	0.00994
51	0.00844	0.00631	0.00785	0.00909	0.00996	0.00572	0.00620	0.00979	0.01396	0.01806	0.04609	0.58844	0.20299	0.02087	0.00875	0.00272	0.00393	0.01863	0.00648	0.00572
52	0.00849	0.00646	0.00782	0.00878	0.00991	0.00579	0.00609	0.01000	0.01455	0.01871	0.08508	0.48445	0.26861	0.02005	0.00865	0.00264	0.00384	0.01774	0.00654	0.00579
53	0.01882	0.11678	0.43809	0.01736	0.02573	0.03627	0.02013	0.09551	0.01753	0.12785	0.01485	0.01583	0.01045	0.00706	0.00646	0.00209	0.00909	0.00537	0.00426	0.01049

[dist]
# distance from previous block
# <min> <max>
0	5

[block]
# block no. 4 follows, 30 sequences, length 43
# corresponding to MSA columns:
# 216-258
name=unknown_E
#
# <colnr> <probs for GDERKNQSTAVLIFYWHMCP>
#	G	D	E	R	K	N	Q	S	T	A	V	L	I	F	Y	W	H	M	C	P
0	0.29192	0.17929	0.09225	0.04614	0.01907	0.04268	0.06305	0.01920	0.01312	0.02228	0.01212	0.03736	0.01072	0.04025	0.00873	0.07773	0.00737	0.00536	0.00368	0.00769
1	0.01318	0.01240	0.02093	0.73798	0.04806	0.01550	0.01938	0.01783	0.01395	0.01783	0.01240	0.01860	0.00930	0.00698	0.00698	0.00233	0.00930	0.00620	0.00310	0.00775
2	0.01866	0.75896	0.03657	0.01194	0.01791	0.02761	0.01194	0.02090	0.01418	0.01642	0.00970	0.01119	0.00896	0.00597	0.00448	0.00149	0.00746	0.00373	0.00299	0.00896
3	0.01064	0.00732	0.00924	0.00865	0.01049	0.00666	0.00646	0.01353	0.01875	0.05755	0.55277	0.05265	0.15307	0.05013	0.00949	0.00244	0.00362	0.01254	0.00739	0.00662
4	0.02039	0.58900	0.03263	0.01335	0.01877	0.19134	0.01230	0.02253	0.01549	0.01657	0.00996	0.01152	0.00896	0.00626	0.00490	0.00156	0.00866	0.00391	0.00313	0.00875
5	0.03051	0.01227	0.01633	0.01262	0.01795	0.01095	0.01039	0.05527	0.05152	0.66285	0.02722	0.02363	0.01728	0.00867	0.00702	0.00217	0.00598	0.00703	0.00851	0.01184
6	0.00979	0.00713	0.00920	0.00868	0.01037	0.00655	0.00651	0.01299	0.01954	0.02748	0.67230	0.05296	0.10141	0.01445	0.00823	0.00220	0.00331	0.01274	0.00762	0.00655
7	0.01866	0.75896	0.03657	0.01194	0.01791	0.02761	0.01194	0.02090	0.01418	0.01642	0.00970	0.01119	0.00896	0.00597	0.00448	0.00149	0.00746	0.00373	0.00299	0.00896
8	0.07775	0.05824	0.27860	0.01646	0.04487	0.04111	0.01660	0.15649	0.01910	0.09308	0.05287	0.01763	0.01352	0.00743	0.00642	0.00202	0.00804	0.00572	0.00481	0.07922
9	0.02044	0.44833	0.04917	0.01414	0.01914	0.25905	0.01265	0.02272	0.01587	0.01679	0.01072	0.01279	0.00950	0.00935	0.05112	0.00223	0.00997	0.00427	0.00324	0.00853
10	0.80405	0.01350	0.01026	0.00918	0.01350	0.01565	0.00756	0.02051	0.01188	0.03131	0.00972	0.01134	0.00756	0.00648	0.00432	0.00216	0.00540	0.00378	0.00432	0.00756
11	0.01318	0.01240	0.02093	0.73798	0.04806	0.01550	0.01938	0.01783	0.01395	0.01783	0.01240	0.01860	0.00930	0.00698	0.00698	0.00233	0.00930	0.00620	0.00310	0.00775
12	0.01736	0.01499	0.01578	0.01420	0.01815	0.01736	0.01105	0.03708	0.69862	0.02919	0.02840	0.02604	0.02130	0.00947	0.00710	0.00237	0.00552	0.00789	0.00710	0.01105
13	0.03131	0.01188	0.01619	0.01242	0.01781	0.01026	0.01026	0.03401	0.01997	0.71606	0.02753	0.02375	0.01727	0.00864	0.00702	0.00216	0.00594	0.00702	0.00864	0.01188
14	0.00849	0.00611	0.00806	0.00962	0.01010	0.00568	0.00644	0.00973	0.01345	0.01785	0.03963	0.72543	0.07017	0.02171	0.00888	0.00282	0.00403	0.01965	0.00648	0.00568
15	0.00928	0.00729	0.00955	0.01042	0.01101	0.00757	0.00738	0.01060	0.01335	0.01782	0.03894	0.57836	0.12332	0.02019	0.01050	0.00280	0.09204	0.01757	0.00607	0.00593
16	0.01015	0.00677	0.00761	0.00761	0.00761	0.00677	0.00423	0.01015	0.01015	0.01353	0.02199	0.04567	0.02537	0.75476	0.03552	0.00677	0.00677	0.01015	0.00423	0.00423
17	0.01080	0.00734	0.00962	0.00894	0.01074	0.00674	0.00674	0.01406	0.01976	0.05751	0.67837	0.05091	0.06376	0.01402	0.00818	0.00219	0.00341	0.01238	0.00772	0.00681
18	0.02815	0.01694	0.01933	0.01482	0.02034	0.01778	0.01224	0.46612	0.02846	0.27197	0.02041	0.01913	0.01370	0.00847	0.00699	0.00212	0.00709	0.00653	0.00754	0.01187
19	0.80405	0.01350	0.01026	0.00918	0.01350	0.01565	0.00756	0.02051	0.01188	0.03131	0.00972	0.01134	0.00756	0.00648	0.00432	0.00216	0.00540	0.00378	0.00432	0.00756
20	0.00850	0.00607	0.00810	0.00972	0.01012	0.00567	0.00648	0.00972	0.01336	0.01781	0.03846	0.75020	0.04615	0.02186	0.00891	0.00283	0.00405	0.01984	0.00648	0.00567
21	0.80405	0.01350	0.01026	0.00918	0.01350	0.01565	0.00756	0.02051	0.01188	0.03131	0.00972	0.01134	0.00756	0.00648	0.00432	0.00216	0.00540	0.00378	0.00432	0.00756
22	0.02679	0.01912	0.02068	0.01585	0.02143	0.02101	0.01310	0.65177	0.03210	0.08118	0.01735	0.01714	0.01217	0.00839	0.00698	0.00210	0.00758	0.00632	0.00707	0.01187
23	0.01486	0.20000	0.52851	0.01754	0.02644	0.01835	0.02169	0.02139	0.01485	0.02108	0.04532	0.01572	0.01161	0.00685	0.00621	0.00205	0.00932	0.00519	0.00318	0.00982
24	0.01847	0.01498	0.05287	0.01785	0.12444	0.01253	0.05703	0.04780	0.06907	0.13886	0.01653	0.01771	0.01244	0.00647	0.00623	0.00166	0.00658	0.00562	0.00501	0.36784
25	0.01301	0.00650	0.00650	0.00650	0.00813	0.00650	0.00488	0.01626	0.01463	0.02602	0.02276	0.02602	0.01789	0.00813	0.00488	0.00163	0.00325	0.00650	0.79350	0.00650
26	0.01066	0.00733	0.00945	0.00880	0.01066	0.00669	0.00664	0.01381	0.01947	0.05644	0.62972	0.05208	0.11323	0.01429	0.00818	0.00221	0.00342	0.01254	0.00763	0.00676
27	0.01629	0.01521	0.02531	0.32232	0.36007	0.01658	0.04847	0.07129	0.01643	0.02239	0.01315	0.01784	0.01039	0.00668	0.00700	0.00219	0.00880	0.00630	0.00359	0.00971
28	0.00892	0.00671	0.00830	0.00925	0.01031	0.00624	0.00642	0.01115	0.03997	0.01949	0.11357	0.51300	0.18143	0.01977	0.00864	0.00265	0.00392	0.01762	0.00663	0.00601
29	0.00850	0.00607	0.00810	0.00972	0.01012	0.00567	0.00648	0.00972	0.01336	0.01781	0.03846	0.75020	0.04615	0.02186	0.00891	0.00283	0.00405	0.01984	0.00648	0.00567
30	0.05309	0.01188	0.01567	0.01225	0.01729	0.01064	0.01003	0.06191	0.02006	0.61249	0.05246	0.05108	0.01963	0.00926	0.00705	0.00218	0.00583	0.00757	0.00831	0.01131
31	0.01548	0.11490	0.58936	0.01871	0.02818	0.01789	0.02329	0.07321	0.01606	0.02315	0.01254	0.01450	0.00909	0.00669	0.00642	0.00212	0.00979	0.00509	0.00326	0.01028
32	0.02967	0.01154	0.01581	0.01232	0.01740	0.01014	0.01014	0.03235	0.01930	0.66220	0.02685	0.02403	0.01729	0.01200	0.06243	0.00286	0.00692	0.00705	0.00826	0.01144
33	0.80405	0.01350	0.01026	0.00918	0.01350	0.01565	0.00756	0.02051	0.01188	0.03131	0.00972	0.01134	0.00756	0.00648	0.00432	0.00216	0.00540	0.00378	0.00432	0.00756
34	0.02979	0.01176	0.01585	0.01230	0.01747	0.01033	0.01011	0.03311	0.04384	0.65878	0.06029	0.02520	0.01975	0.00894	0.00708	0.00217	0.00580	0.00732	0.00854	0.01159
35	0.02040	0.60811	0.03296	0.01297	0.01852	0.14386	0.01213	0.02258	0.01534	0.04412	0.01059	0.01192	0.00929	0.00628	0.00488	0.00157	0.00826	0.00399	0.00331	0.00893
36	0.00888	0.00647	0.00836	0.00921	0.01015	0.00595	0.00641	0.01074	0.01544	0.02085	0.23513	0.48811	0.10989	0.01929	0.00865	0.00261	0.00378	0.01730	0.00683	0.00595
37	0.02205	0.42714	0.02889	0.01470	0.01959	0.34728	0.01265	0.02408	0.01674	0.01672	0.01020	0.01183	0.00897	0.00653	0.00531	0.00163	0.00980	0.00408	0.00326	0.00856
38	0.01418	0.01360	0.01982	0.07958	0.07295	0.01799	0.01476	0.01630	0.01155	0.01730	0.01238	0.04863	0.01210	0.01760	0.12292	0.00410	0.48639	0.00691	0.00333	0.00762
39	0.01408	0.01344	0.02312	0.57968	0.17196	0.01579	0.04605	0.01868	0.01442	0.01894	0.01261	0.01836	0.00968	0.00679	0.00701	0.00228	0.00921	0.00628	0.00318	0.00844
40	0.01866	0.75896	0.03657	0.01194	0.01791	0.02761	0.01194	0.02090	0.01418	0.01642	0.00970	0.01119	0.00896	0.00597	0.00448	0.00149	0.00746	0.00373	0.00299	0.00896
41	0.01934	0.02005	0.01750	0.15951	0.04429	0.28280	0.01319	0.06786	0.07420	0.05028	0.02410	0.02740	0.11755	0.00965	0.00706	0.00215	0.00893	0.04098	0.00480	0.00835
42	0.14282	0.01845	0.01849	0.12442	0.02391	0.10645	0.01300	0.31465	0.07563	0.07216	0.01579	0.01680	0.01150	0.00783	0.00650	0.00213	0.00792	0.00583	0.00567	0.01005

[dist]
# distance from previous block
# <min> <max>
0	1

[block]
# block no. 5 follows, 30 sequences, length 50
# corresponding to MSA columns:
# 260-309
name=unknown_F
#
# <colnr> <probs for GDERKNQSTAVLIFYWHMCP>
#	G	D	E	R	K	N	Q	S	T	A	V	L	I	F	Y	W	H	M	C	P
0	0.80405	0.01350	0.01026	0.00918	0.01350	0.01565	0.00756	0.02051	0.01188	0.03131	0.00972	0.01134	0.00756	0.00648	0.00432	0.00216	0.00540	0.00378	0.00432	0.00756
1	0.80405	0.01350	0.01026	0.00918	0.01350	0.01565	0.00756	0.02051	0.01188	0.03131	0.00972	0.01134	0.00756	0.00648	0.00432	0.00216	0.00540	0.00378	0.00432	0.00756
2	0.00864	0.00613	0.00806	0.00955	0.00992	0.00576	0.00630	0.00975	0.01310	0.01747	0.03713	0.69309	0.04447	0.08128	0.01106	0.00315	0.00427	0.01905	0.00630	0.00555
3	0.01906	0.01487	0.01602	0.01410	0.01825	0.01685	0.01106	0.06272	0.60724	0.09541	0.02785	0.02545	0.02054	0.00934	0.00709	0.00234	0.00565	0.00774	0.00724	0.01116
4	0.03039	0.01190	0.01610	0.01230	0.01774	0.01020	0.01015	0.03311	0.01967	0.67819	0.02670	0.02324	0.01689	0.00845	0.00692	0.00210	0.00590	0.00686	0.00839	0.05479
5	0.00850	0.00607	0.00810	0.00972	0.01012	0.00567	0.00648	0.00972	0.01336	0.01781	0.03846	0.75020	0.04615	0.02186	0.00891	0.00283	0.00405	0.01984	0.00648	0.00567
6	0.01527	0.01527	0.02137	0.01832	0.01832	0.02137	0.01527	0.01679	0.01069	0.01679	0.00916	0.01527	0.00916	0.01221	0.02290	0.00305	0.74198	0.00611	0.00305	0.00763
7	0.01124	0.00803	0.01124	0.01285	0.01446	0.00803	0.01124	0.01446	0.01606	0.02088	0.03695	0.07871	0.04016	0.01928	0.00964	0.00321	0.00643	0.66426	0.00643	0.00643
8	0.03131	0.01188	0.01619	0.01242	0.01781	0.01026	0.01026	0.03401	0.01997	0.71606	0.02753	0.02375	0.01727	0.00864	0.00702	0.00216	0.00594	0.00702	0.00864	0.01188
9	0.03131	0.01188	0.01619	0.01242	0.01781	0.01026	0.01026	0.03401	0.01997	0.71606	0.02753	0.02375	0.01727	0.00864	0.00702	0.00216	0.00594	0.00702	0.00864	0.01188
10	0.80405	0.01350	0.01026	0.00918	0.01350	0.01565	0.00756	0.02051	0.01188	0.03131	0.00972	0.01134	0.00756	0.00648	0.00432	0.00216	0.00540	0.00378	0.00432	0.00756
11	0.00997	0.00748	0.01121	0.01121	0.01246	0.00872	0.00872	0.01246	0.01121	0.01620	0.01869	0.02741	0.01745	0.05234	0.72710	0.01121	0.01869	0.00748	0.00374	0.00623
12	0.01099	0.00739	0.00962	0.00892	0.01079	0.00676	0.00674	0.01419	0.01963	0.06524	0.64773	0.05111	0.08607	0.01408	0.00816	0.00220	0.00345	0.01239	0.00769	0.00685
13	0.01576	0.01544	0.02746	0.28027	0.39487	0.01635	0.10754	0.02030	0.01530	0.02103	0.01301	0.01793	0.01039	0.00644	0.00711	0.00220	0.00909	0.00648	0.00334	0.00970
14	0.01447	0.01240	0.01447	0.01034	0.01654	0.00930	0.00827	0.01757	0.01447	0.02274	0.01240	0.01447	0.01034	0.00517	0.00517	0.00103	0.00517	0.00413	0.00413	0.79742
15	0.53850	0.10690	0.10340	0.01139	0.01669	0.04709	0.01077	0.02174	0.01325	0.06172	0.01100	0.01242	0.00843	0.00657	0.00485	0.00207	0.00660	0.00414	0.00417	0.00831
16	0.01195	0.00784	0.01009	0.00924	0.01132	0.00729	0.00703	0.01577	0.04584	0.08682	0.59990	0.04922	0.08316	0.01372	0.00808	0.00220	0.00361	0.01203	0.00770	0.00719
17	0.02208	0.01027	0.01355	0.01107	0.01490	0.00928	0.00886	0.05770	0.02052	0.39395	0.31238	0.03531	0.03739	0.01099	0.00752	0.00217	0.00491	0.00933	0.00815	0.00965
18	0.01789	0.01766	0.09397	0.10212	0.51797	0.01585	0.02060	0.02234	0.01598	0.08752	0.01436	0.01776	0.01126	0.00656	0.00690	0.00212	0.00836	0.00619	0.00386	0.01075
19	0.01359	0.00779	0.01106	0.01099	0.01272	0.00710	0.03273	0.01535	0.01506	0.16346	0.05678	0.54934	0.03945	0.01827	0.00847	0.00266	0.00471	0.01651	0.00685	0.00713
20	0.00850	0.00607	0.00810	0.00972	0.01012	0.00567	0.00648	0.00972	0.01336	0.01781	0.03846	0.75020	0.04615	0.02186	0.00891	0.00283	0.00405	0.01984	0.00648	0.00567
21	0.00969	0.00695	0.00848	0.00867	0.01028	0.00621	0.00628	0.01184	0.01656	0.04619	0.27562	0.27520	0.25739	0.01751	0.00841	0.00244	0.00370	0.01535	0.00696	0.00627
22	0.01523	0.21215	0.52612	0.01831	0.02744	0.01905	0.04749	0.02181	0.01466	0.02072	0.01189	0.01402	0.00893	0.00644	0.00616	0.00204	0.00967	0.00493	0.00298	0.00995
23	0.01036	0.00705	0.00989	0.01039	0.01131	0.00667	0.03298	0.01172	0.01329	0.05544	0.03369	0.54942	0.03896	0.12776	0.04312	0.00370	0.00547	0.01676	0.00604	0.00597
24	0.80405	0.01350	0.01026	0.00918	0.01350	0.01565	0.00756	0.02051	0.01188	0.03131	0.00972	0.01134	0.00756	0.00648	0.00432	0.00216	0.00540	0.00378	0.00432	0.00756
25	0.03131	0.01188	0.01619	0.01242	0.01781	0.01026	0.01026	0.03401	0.01997	0.71606	0.02753	0.02375	0.01727	0.00864	0.00702	0.00216	0.00594	0.00702	0.00864	0.01188
26	0.01866	0.75896	0.03657	0.01194	0.01791	0.02761	0.01194	0.02090	0.01418	0.01642	0.00970	0.01119	0.00896	0.00597	0.00448	0.00149	0.00746	0.00373	0.00299	0.00896
27	0.01597	0.01183	0.01400	0.01030	0.01596	0.00913	0.00819	0.01884	0.01507	0.10532	0.01800	0.01978	0.05297	0.03221	0.00662	0.00144	0.00522	0.00531	0.00482	0.62902
28	0.01416	0.06107	0.69503	0.01961	0.02978	0.01660	0.02530	0.02206	0.01471	0.02190	0.01243	0.01461	0.00884	0.00661	0.00656	0.00219	0.01021	0.00511	0.00295	0.01027
29	0.01185	0.00757	0.00963	0.00895	0.01104	0.00681	0.00677	0.01470	0.01876	0.10033	0.48916	0.09384	0.16455	0.01468	0.00814	0.00226	0.00366	0.01280	0.00752	0.00699
30	0.04044	0.03108	0.55364	0.01945	0.02864	0.01584	0.07631	0.02369	0.04248	0.08244	0.01449	0.01618	0.01016	0.00685	0.00674	0.00222	0.00971	0.00563	0.00369	0.01032
31	0.01866	0.75896	0.03657	0.01194	0.01791	0.02761	0.01194	0.02090	0.01418	0.01642	0.00970	0.01119	0.00896	0.00597	0.00448	0.00149	0.00746	0.00373	0.00299	0.00896
32	0.01602	0.44990	0.20476	0.01383	0.02010	0.02155	0.01490	0.01978	0.01382	0.01782	0.01193	0.01481	0.01035	0.01393	0.12645	0.00331	0.01007	0.00472	0.00310	0.00884
33	0.01399	0.01323	0.02239	0.60035	0.17936	0.01572	0.01978	0.01854	0.01434	0.01881	0.01255	0.01834	0.00965	0.00683	0.00696	0.00228	0.00910	0.00620	0.00317	0.00841
34	0.74100	0.01359	0.01142	0.03792	0.04442	0.01569	0.00859	0.02045	0.01212	0.03044	0.00996	0.01186	0.00777	0.00649	0.00453	0.00216	0.00567	0.00397	0.00424	0.00771
35	0.01236	0.01155	0.02037	0.33888	0.06622	0.01260	0.12712	0.01603	0.01427	0.01883	0.02151	0.26525	0.02203	0.01177	0.00784	0.00249	0.00789	0.01114	0.00433	0.00749
36	0.01735	0.01509	0.01658	0.01602	0.06224	0.01731	0.01171	0.03608	0.65519	0.02878	0.02743	0.02548	0.02065	0.00926	0.00709	0.00235	0.00570	0.00778	0.00687	0.01105
37	0.01886	0.01227	0.01492	0.01088	0.01687	0.00955	0.00879	0.02186	0.01591	0.20352	0.01635	0.01689	0.01215	0.00607	0.00565	0.00133	0.00537	0.00489	0.00531	0.59259
38	0.00856	0.00611	0.00815	0.00968	0.01013	0.00570	0.00648	0.00985	0.01361	0.01821	0.06459	0.72295	0.04692	0.02157	0.00888	0.00281	0.00402	0.01956	0.00652	0.00570
39	0.04549	0.36052	0.16081	0.01421	0.02071	0.04138	0.01443	0.11032	0.03649	0.11455	0.01407	0.01471	0.01071	0.00691	0.00567	0.00185	0.00786	0.00491	0.00442	0.00997
40	0.00850	0.00607	0.00810	0.00972	0.01012	0.00567	0.00648	0.00972	0.01336	0.01781	0.03846	0.75020	0.04615	0.02186	0.00891	0.00283	0.00405	0.01984	0.00648	0.00567
41	0.03131	0.01188	0.01619	0.01242	0.01781	0.01026	0.01026	0.03401	0.01997	0.71606	0.02753	0.02375	0.01727	0.00864	0.00702	0.00216	0.00594	0.00702	0.00864	0.01188
42	0.01521	0.01440	0.02398	0.39178	0.34260	0.01608	0.01988	0.02039	0.04878	0.02061	0.01352	0.01838	0.01068	0.00676	0.00695	0.00221	0.00866	0.00629	0.00346	0.00939
43	0.01411	0.03112	0.57558	0.01915	0.02801	0.01532	0.04725	0.04214	0.01555	0.02264	0.01605	0.02367	0.01327	0.00838	0.00711	0.00235	0.00975	0.09519	0.00357	0.00980
44	0.00869	0.00708	0.00771	0.00773	0.00984	0.00610	0.00583	0.01079	0.01656	0.02067	0.19269	0.09187	0.53093	0.01723	0.00832	0.00238	0.00362	0.03921	0.00671	0.00604
45	0.00850	0.00607	0.00810	0.00972	0.01012	0.00567	0.00648	0.00972	0.01336	0.01781	0.03846	0.75020	0.04615	0.02186	0.00891	0.00283	0.00405	0.01984	0.00648	0.00567
46	0.01954	0.01911	0.02419	0.16289	0.37612	0.16127	0.01841	0.05583	0.01739	0.05963	0.01348	0.01689	0.01069	0.00680	0.00680	0.00207	0.00919	0.00591	0.00388	0.00993
47	0.01875	0.01217	0.01799	0.01441	0.01858	0.01182	0.12271	0.02582	0.16636	0.22614	0.22423	0.03319	0.05571	0.01031	0.00764	0.00225	0.00597	0.00931	0.00709	0.00953
48	0.01736	0.01499	0.01578	0.01420	0.01815	0.01736	0.01105	0.03708	0.69862	0.02919	0.02840	0.02604	0.02130	0.00947	0.00710	0.00237	0.00552	0.00789	0.00710	0.01105
49	0.01447	0.01240	0.01447	0.01034	0.01654	0.00930	0.00827	0.01757	0.01447	0.02274	0.01240	0.01447	0.01034	0.00517	0.00517	0.00103	0.00517	0.00413	0.00413	0.79742

[dist]
# distance from previous block
# <min> <max>
1	4

[block]
# block no. 6 follows, 30 sequences, length 37
# corresponding to MSA columns:
# 314-350
name=unknown_G
#
# <colnr> <probs for GDERKNQSTAVLIFYWHMCP>
#	G	D	E	R	K	N	Q	S	T	A	V	L	I	F	Y	W	H	M	C	P
0	0.01153	0.00780	0.01073	0.01173	0.01336	0.00758	0.00980	0.01449	0.01654	0.05175	0.15364	0.15491	0.04439	0.01826	0.00919	0.00294	0.00556	0.44243	0.00675	0.00659
1	0.01643	0.01870	0.04048	0.02902	0.03583	0.01778	0.66224	0.02216	0.01627	0.02216	0.01394	0.01870	0.01054	0.00611	0.00875	0.00238	0.03751	0.00816	0.00351	0.00935
2	0.01015	0.00677	0.00761	0.00761	0.00761	0.00677	0.00423	0.01015	0.01015	0.01353	0.02199	0.04567	0.02537	0.75476	0.03552	0.00677	0.00677	0.01015	0.00423	0.00423
3	0.28222	0.01218	0.01396	0.01138	0.01621	0.01189	0.00943	0.02845	0.01710	0.45154	0.02228	0.02295	0.01546	0.00856	0.00629	0.00222	0.00579	0.04484	0.00710	0.01014
4	0.01318	0.01240	0.02093	0.73798	0.04806	0.01550	0.01938	0.01783	0.01395	0.01783	0.01240	0.01860	0.00930	0.00698	0.00698	0.00233	0.00930	0.00620	0.00310	0.00775
5	0.01318	0.01240	0.02093	0.73798	0.04806	0.01550	0.01938	0.01783	0.01395	0.01783	0.01240	0.01860	0.00930	0.00698	0.00698	0.00233	0.00930	0.00620	0.00310	0.00775
6	0.00850	0.00642	0.00786	0.00889	0.00993	0.00578	0.00614	0.00998	0.01444	0.01864	0.08244	0.51380	0.24145	0.02024	0.00868	0.00266	0.00386	0.01797	0.00654	0.00578
7	0.77583	0.01344	0.01047	0.00930	0.01365	0.01546	0.00766	0.02101	0.01217	0.05632	0.01037	0.01179	0.00791	0.00656	0.00442	0.00216	0.00542	0.00390	0.00448	0.00772
8	0.00850	0.00607	0.00810	0.00972	0.01012	0.00567	0.00648	0.00972	0.01336	0.01781	0.03846	0.75020	0.04615	0.02186	0.00891	0.00283	0.00405	0.01984	0.00648	0.00567
9	0.01445	0.10671	0.65197	0.01911	0.02900	0.01732	0.02443	0.02198	0.01468	0.02154	0.01225	0.01439	0.00885	0.00657	0.00642	0.00214	0.01003	0.00502	0.00295	0.01018
10	0.18477	0.02146	0.01937	0.06863	0.13897	0.25179	0.01381	0.14037	0.01938	0.06036	0.01295	0.01482	0.00998	0.00714	0.00619	0.00202	0.00896	0.00519	0.00453	0.00931
11	0.00988	0.00713	0.00933	0.00878	0.01043	0.00658	0.00658	0.01317	0.01975	0.02798	0.70754	0.05213	0.06584	0.01427	0.00823	0.00219	0.00329	0.01262	0.00768	0.00658
12	0.00894	0.00739	0.00787	0.00770	0.00997	0.00648	0.00579	0.01172	0.04349	0.02111	0.19826	0.06249	0.55103	0.01666	0.00820	0.00232	0.00356	0.01403	0.00675	0.00623
13	0.06359	0.01555	0.02162	0.40892	0.16460	0.05607	0.01775	0.12672	0.01754	0.02371	0.01299	0.01729	0.00992	0.00704	0.00677	0.00220	0.00880	0.00598	0.00389	0.00904
14	0.01291	0.01302	0.09229	0.01095	0.01415	0.06234	0.00954	0.01705	0.04533	0.06602	0.42298	0.04415	0.13629	0.01279	0.00779	0.00219	0.00508	0.01091	0.00670	0.00752
15	0.00857	0.00618	0.00813	0.00955	0.01011	0.00573	0.00643	0.00993	0.01385	0.01846	0.07943	0.67942	0.07590	0.02123	0.00884	0.00278	0.00398	0.01919	0.00655	0.00573
16	0.01531	0.10651	0.60252	0.01898	0.02839	0.06760	0.02356	0.02239	0.01504	0.02119	0.01212	0.01424	0.00886	0.00661	0.00640	0.00211	0.01020	0.00497	0.00300	0.01002
17	0.39497	0.12663	0.17091	0.01423	0.05950	0.01704	0.01327	0.02229	0.01386	0.09352	0.01227	0.01362	0.00920	0.00663	0.00526	0.00207	0.00700	0.00453	0.00420	0.00899
18	0.02541	0.01436	0.06888	0.01511	0.02068	0.01177	0.10732	0.05487	0.01958	0.46553	0.09945	0.02528	0.02089	0.00872	0.00730	0.00219	0.00685	0.00765	0.00734	0.01083
19	0.00903	0.00710	0.00815	0.00789	0.00990	0.00622	0.00591	0.01152	0.01774	0.02321	0.37495	0.05998	0.40142	0.01605	0.00824	0.00228	0.00342	0.01372	0.00705	0.00622
20	0.01011	0.00693	0.00845	0.00845	0.00873	0.00722	0.00527	0.01068	0.01040	0.01415	0.02122	0.04144	0.02353	0.59199	0.19577	0.00780	0.00953	0.00953	0.00411	0.00469
21	0.01400	0.03610	0.71860	0.01989	0.03020	0.01621	0.02578	0.02210	0.01473	0.02210	0.01252	0.01473	0.00884	0.00663	0.00663	0.00221	0.01031	0.00516	0.00295	0.01031
22	0.00999	0.00741	0.01086	0.01086	0.01199	0.00853	0.00828	0.01224	0.01111	0.01594	0.01901	0.02920	0.01822	0.12096	0.65954	0.01078	0.01753	0.00774	0.00379	0.00603
23	0.07441	0.01173	0.01551	0.01205	0.01720	0.01038	0.00992	0.03219	0.01950	0.64248	0.06055	0.02446	0.01915	0.00880	0.00692	0.00216	0.00577	0.00711	0.00834	0.01136
24	0.01436	0.03365	0.62632	0.02073	0.03051	0.01639	0.09513	0.02257	0.03503	0.02233	0.01316	0.01550	0.00939	0.00663	0.00681	0.00223	0.01033	0.00556	0.00313	0.01024
25	0.01095	0.00737	0.00967	0.00896	0.01080	0.00677	0.00677	0.01421	0.01976	0.06242	0.67351	0.05071	0.06341	0.01398	0.00817	0.00219	0.00342	0.01234	0.00773	0.00685
26	0.01526	0.07256	0.39683	0.02302	0.03151	0.01760	0.27790	0.02197	0.01525	0.02170	0.01286	0.01610	0.00953	0.00647	0.00760	0.00225	0.03234	0.00628	0.00318	0.00981
27	0.05477	0.03493	0.68205	0.01934	0.02934	0.01618	0.02484	0.02202	0.01459	0.02257	0.01238	0.01456	0.00877	0.00662	0.00651	0.00221	0.01006	0.00509	0.00302	0.01017
28	0.00858	0.00691	0.00765	0.00782	0.00972	0.00598	0.00573	0.01053	0.01618	0.02033	0.18033	0.17862	0.48164	0.01776	0.00835	0.00241	0.00358	0.01520	0.00670	0.00598
29	0.00909	0.00655	0.00870	0.01000	0.01083	0.00616	0.00721	0.01088	0.01462	0.01949	0.11399	0.53268	0.07763	0.02041	0.00892	0.00280	0.00433	0.12321	0.00660	0.00590
30	0.01445	0.10671	0.65197	0.01911	0.02900	0.01732	0.02443	0.02198	0.01468	0.02154	0.01225	0.01439	0.00885	0.00657	0.00642	0.00214	0.01003	0.00502	0.00295	0.01018
31	0.01679	0.01650	0.02738	0.16475	0.53723	0.03962	0.05405	0.02104	0.01570	0.02171	0.01297	0.01743	0.01065	0.00637	0.00697	0.00212	0.00878	0.00626	0.00340	0.01029
32	0.01359	0.01266	0.02043	0.66728	0.04514	0.01568	0.01857	0.01971	0.08084	0.01894	0.01397	0.01933	0.01047	0.00722	0.00699	0.00233	0.00893	0.00637	0.00349	0.00807
33	0.80405	0.01350	0.01026	0.00918	0.01350	0.01565	0.00756	0.02051	0.01188	0.03131	0.00972	0.01134	0.00756	0.00648	0.00432	0.00216	0.00540	0.00378	0.00432	0.00756
34	0.01696	0.01626	0.02775	0.09643	0.66010	0.01650	0.02126	0.02114	0.01574	0.02241	0.01307	0.01737	0.01092	0.00628	0.00691	0.00209	0.00837	0.00622	0.00343	0.01080
35	0.76817	0.04755	0.01146	0.00930	0.01370	0.01620	0.00776	0.02053	0.01198	0.03063	0.00972	0.01133	0.00762	0.00645	0.00433	0.00213	0.00549	0.00378	0.00426	0.00762
36	0.01626	0.22535	0.40392	0.02066	0.10712	0.05305	0.03922	0.02198	0.01501	0.02044	0.01181	0.01410	0.00919	0.00641	0.00612	0.00199	0.00946	0.00496	0.00306	0.00991

[dist]
# distance from previous block
# <min> <max>
0	1

[block]
# block no. 7 follows, 30 sequences, length 47
# corresponding to MSA columns:
# 352-398
name=unknown_H
#
# <colnr> <probs for GDERKNQSTAVLIFYWHMCP>
#	G	D	E	R	K	N	Q	S	T	A	V	L	I	F	Y	W	H	M	C	P
0	0.02260	0.14830	0.02482	0.04553	0.11419	0.41476	0.05093	0.02512	0.01773	0.03899	0.01162	0.01393	0.00961	0.00695	0.00664	0.00187	0.02905	0.00498	0.00359	0.00879
1	0.00982	0.00801	0.03268	0.00961	0.01123	0.00696	0.00733	0.01314	0.03879	0.02468	0.45638	0.26596	0.05647	0.01621	0.00835	0.00240	0.00383	0.01446	0.00713	0.00656
2	0.01400	0.03610	0.71860	0.01989	0.03020	0.01621	0.02578	0.02210	0.01473	0.02210	0.01252	0.01473	0.00884	0.00663	0.00663	0.00221	0.01031	0.00516	0.00295	0.01031
3	0.00997	0.00748	0.01121	0.01121	0.01246	0.00872	0.00872	0.01246	0.01121	0.01620	0.01869	0.02741	0.01745	0.05234	0.72710	0.01121	0.01869	0.00748	0.00374	0.00623
4	0.00850	0.00607	0.00810	0.00972	0.01012	0.00567	0.00648	0.00972	0.01336	0.01781	0.03846	0.75020	0.04615	0.02186	0.00891	0.00283	0.00405	0.01984	0.00648	0.00567
5	0.00982	0.00713	0.00925	0.00872	0.01039	0.00656	0.00654	0.01306	0.01962	0.02767	0.68543	0.05265	0.08816	0.01438	0.00823	0.00220	0.00330	0.01269	0.00764	0.00656
6	0.01632	0.01548	0.02628	0.15123	0.57077	0.01597	0.02057	0.02049	0.01559	0.02191	0.01423	0.02062	0.01226	0.00700	0.00706	0.00217	0.00835	0.03983	0.00355	0.01030
7	0.01212	0.00606	0.00909	0.00909	0.00909	0.00606	0.00606	0.00909	0.00909	0.01212	0.01212	0.02121	0.01212	0.02424	0.02727	0.79697	0.00606	0.00606	0.00303	0.00303
8	0.01643	0.01556	0.02638	0.11202	0.59473	0.01587	0.02050	0.02056	0.01570	0.02216	0.01471	0.02169	0.01290	0.00720	0.00711	0.00218	0.00826	0.05203	0.00362	0.01039
9	0.01866	0.75896	0.03657	0.01194	0.01791	0.02761	0.01194	0.02090	0.01418	0.01642	0.00970	0.01119	0.00896	0.00597	0.00448	0.00149	0.00746	0.00373	0.00299	0.00896
10	0.80405	0.01350	0.01026	0.00918	0.01350	0.01565	0.00756	0.02051	0.01188	0.03131	0.00972	0.01134	0.00756	0.00648	0.00432	0.00216	0.00540	0.00378	0.00432	0.00756
11	0.42981	0.02139	0.22678	0.01362	0.01997	0.01686	0.01407	0.13672	0.01637	0.03071	0.01179	0.01330	0.00869	0.00685	0.00548	0.00216	0.00728	0.00463	0.00436	0.00914
12	0.01927	0.56882	0.10283	0.01268	0.01885	0.02360	0.01294	0.02220	0.01513	0.09743	0.04069	0.01467	0.01223	0.00668	0.00514	0.00167	0.00741	0.00462	0.00382	0.00933
13	0.02391	0.02884	0.01758	0.01608	0.01935	0.60779	0.01206	0.02595	0.01893	0.01855	0.01276	0.01480	0.01046	0.00735	0.00606	0.00177	0.01104	0.00483	0.13405	0.00783
