[name]
unknown

[dist]
# distance from previous block
# <min> <max>
4	67

[block]
# block no. 0 follows, 29 sequences, length 12
# corresponding to MSA columns:
# 112-123
name=unknown_A
#
# <colnr> <probs for GDERKNQSTAVLIFYWHMCP>
#	G	D	E	R	K	N	Q	S	T	A	V	L	I	F	Y	W	H	M	C	P
0	0.01900	0.09245	0.02031	0.14291	0.07860	0.15365	0.01361	0.14635	0.01890	0.02403	0.01504	0.01870	0.01221	0.01437	0.11423	0.00341	0.01035	0.00598	0.08710	0.00881
1	0.06327	0.01180	0.01370	0.01291	0.04508	0.01195	0.00976	0.10628	0.12561	0.05336	0.18437	0.04076	0.11625	0.01214	0.00759	0.00228	0.00536	0.08842	0.00664	0.08247
2	0.01625	0.01496	0.02366	0.39590	0.12558	0.01706	0.08581	0.08443	0.11884	0.02358	0.01581	0.01980	0.01195	0.00742	0.00726	0.00233	0.00888	0.00681	0.00424	0.00942
3	0.02296	0.01075	0.01432	0.07891	0.01838	0.01023	0.00995	0.02716	0.06050	0.38935	0.13534	0.02894	0.02526	0.00956	0.00703	0.00216	0.00550	0.00799	0.12572	0.00997
4	0.08854	0.01080	0.01174	0.01059	0.01257	0.01157	0.00753	0.18084	0.01684	0.02407	0.02182	0.12263	0.02288	0.35880	0.06433	0.00503	0.00740	0.00983	0.00529	0.00691
5	0.10721	0.01360	0.01612	0.01269	0.01754	0.01343	0.01026	0.18536	0.02159	0.40695	0.02299	0.02363	0.01618	0.08796	0.00999	0.00269	0.00652	0.00699	0.00748	0.01083
6	0.10348	0.01600	0.01884	0.09157	0.06165	0.01730	0.01297	0.34564	0.02504	0.13830	0.08164	0.02123	0.01734	0.00868	0.00697	0.00219	0.00712	0.00686	0.00654	0.01066
7	0.01563	0.01587	0.02991	0.32638	0.22043	0.01681	0.22916	0.02063	0.01558	0.02101	0.01341	0.01869	0.01038	0.00656	0.00751	0.00231	0.01001	0.00699	0.00340	0.00935
8	0.01925	0.01932	0.02536	0.06048	0.39566	0.14827	0.06546	0.06280	0.01785	0.02356	0.01414	0.01770	0.01148	0.00686	0.00684	0.00205	0.00906	0.00619	0.07758	0.01007
9	0.02393	0.01851	0.02207	0.01677	0.02242	0.01975	0.08092	0.52580	0.02940	0.03946	0.02051	0.02087	0.06154	0.00877	0.00724	0.00212	0.00780	0.00710	0.00655	0.05845
10	0.01385	0.00927	0.01175	0.03077	0.01433	0.00890	0.00850	0.01869	0.10429	0.10522	0.21775	0.24880	0.04112	0.01475	0.00806	0.00240	0.00473	0.04852	0.00697	0.08132
11	0.01683	0.01611	0.02747	0.17442	0.58081	0.01671	0.02146	0.02116	0.01584	0.02230	0.01325	0.01788	0.01094	0.00649	0.00706	0.00216	0.00866	0.00634	0.00346	0.01064

[dist]
# distance from previous block
# <min> <max>
33	53

[block]
# block no. 1 follows, 29 sequences, length 32
# corresponding to MSA columns:
# 181-212
name=unknown_B
#
# <colnr> <probs for GDERKNQSTAVLIFYWHMCP>
#	G	D	E	R	K	N	Q	S	T	A	V	L	I	F	Y	W	H	M	C	P
0	0.04055	0.06287	0.03763	0.01628	0.05698	0.17257	0.01266	0.17830	0.05276	0.11557	0.04911	0.02616	0.07380	0.00975	0.00749	0.00217	0.02746	0.04238	0.00582	0.00971
1	0.03633	0.06416	0.03704	0.01195	0.01530	0.01309	0.00970	0.16402	0.08439	0.02859	0.20737	0.19342	0.05266	0.01323	0.00763	0.00229	0.00540	0.01129	0.00661	0.03552
2	0.01215	0.03208	0.01199	0.04342	0.01435	0.02907	0.00807	0.03326	0.08245	0.02372	0.23668	0.09130	0.21204	0.03826	0.00866	0.00234	0.00482	0.01141	0.00635	0.09758
3	0.01827	0.01454	0.01528	0.01339	0.01710	0.07555	0.01079	0.16766	0.12178	0.06514	0.16270	0.03791	0.03029	0.01170	0.00770	0.00230	0.00646	0.13356	0.00670	0.08119
4	0.01179	0.00791	0.00917	0.00865	0.01105	0.00688	0.00645	0.01383	0.01649	0.09509	0.15568	0.11277	0.36460	0.08308	0.01077	0.00277	0.00433	0.02971	0.00672	0.04227
5	0.01956	0.04598	0.01684	0.01168	0.01777	0.01193	0.00956	0.09672	0.01793	0.15353	0.01592	0.01665	0.01198	0.00634	0.00580	0.00141	0.00581	0.00500	0.00535	0.52423
6	0.02455	0.01845	0.02002	0.01519	0.02102	0.01950	0.01249	0.54563	0.02965	0.04044	0.01619	0.01662	0.01179	0.00788	0.00674	0.00192	0.00731	0.00596	0.00653	0.17214
7	0.01345	0.01266	0.02136	0.73264	0.04904	0.01582	0.01978	0.01819	0.01424	0.01819	0.01266	0.01898	0.00949	0.00712	0.00712	0.00237	0.00949	0.00633	0.00316	0.00791
8	0.29886	0.12540	0.01957	0.03353	0.01915	0.02040	0.01133	0.29634	0.05848	0.03457	0.01401	0.01487	0.01056	0.00752	0.00579	0.00209	0.00691	0.00521	0.00545	0.00995
9	0.02497	0.01836	0.02039	0.02008	0.14200	0.10907	0.01379	0.24211	0.06940	0.19713	0.05542	0.02092	0.01649	0.00845	0.00710	0.00213	0.00779	0.00680	0.00649	0.01111
10	0.01008	0.00728	0.00952	0.00896	0.01064	0.00672	0.00672	0.01344	0.02016	0.02855	0.70158	0.05319	0.06719	0.01456	0.00840	0.00224	0.00336	0.01288	0.00784	0.00672
11	0.00868	0.00620	0.00826	0.00991	0.01033	0.00578	0.00661	0.00991	0.01363	0.01818	0.03925	0.74510	0.04710	0.02231	0.00909	0.00289	0.00413	0.02024	0.00661	0.00578
12	0.01686	0.01906	0.04115	0.03092	0.08151	0.01794	0.63588	0.02275	0.01677	0.02284	0.01434	0.01910	0.01084	0.00603	0.00831	0.00238	0.01177	0.00827	0.00360	0.00971
13	0.03195	0.01212	0.01652	0.01267	0.01818	0.01047	0.01047	0.03470	0.02038	0.71026	0.02809	0.02424	0.01763	0.00881	0.00716	0.00220	0.00606	0.00716	0.00881	0.01212
14	0.01327	0.00664	0.00664	0.00664	0.00830	0.00664	0.00498	0.01659	0.01493	0.02655	0.02323	0.02655	0.01825	0.00830	0.00498	0.00166	0.00332	0.00664	0.78928	0.00664
15	0.01519	0.01304	0.01372	0.01254	0.01607	0.01447	0.00969	0.03026	0.50337	0.02727	0.07031	0.03760	0.18274	0.01184	0.00757	0.00240	0.00506	0.00990	0.00713	0.00983
16	0.01033	0.00789	0.00926	0.00878	0.01088	0.00725	0.00661	0.04850	0.01911	0.02552	0.40097	0.09348	0.29340	0.01590	0.00837	0.00233	0.00373	0.01370	0.00729	0.00671
17	0.01771	0.01530	0.01610	0.01449	0.01852	0.01771	0.01127	0.03784	0.69247	0.02979	0.02898	0.02657	0.02174	0.00966	0.00725	0.00242	0.00564	0.00805	0.00725	0.01127
18	0.02643	0.01933	0.02069	0.01593	0.02144	0.02137	0.01314	0.65082	0.03262	0.04403	0.01738	0.01753	0.01239	0.00854	0.00702	0.00211	0.00763	0.00642	0.04331	0.01186
19	0.68168	0.01366	0.01113	0.00976	0.01418	0.01550	0.00802	0.05554	0.01383	0.06264	0.01450	0.01553	0.04626	0.00743	0.00489	0.00221	0.00555	0.00475	0.00487	0.00805
20	0.00956	0.00643	0.00853	0.00991	0.01049	0.00600	0.00664	0.01080	0.01372	0.04208	0.03810	0.68838	0.04511	0.05477	0.01025	0.00305	0.00432	0.01934	0.00658	0.00594
21	0.00909	0.00743	0.00815	0.00851	0.01075	0.00649	0.00674	0.01122	0.01627	0.01969	0.06456	0.07112	0.55690	0.01839	0.00873	0.00260	0.00426	0.15638	0.00660	0.00613
22	0.19997	0.01273	0.01506	0.01201	0.01706	0.01232	0.00986	0.05621	0.05015	0.47426	0.05190	0.02248	0.01749	0.00860	0.00661	0.00221	0.00587	0.00668	0.00766	0.01088
23	0.02569	0.01084	0.01445	0.01196	0.01613	0.00969	0.00943	0.02877	0.04810	0.51006	0.02999	0.16492	0.02394	0.05023	0.00906	0.00259	0.00571	0.00990	0.00808	0.01045
24	0.05015	0.00664	0.00844	0.00984	0.01052	0.00636	0.00667	0.01066	0.01386	0.01938	0.06849	0.67456	0.04597	0.02113	0.00881	0.00283	0.00417	0.01904	0.00655	0.00593
25	0.80005	0.01377	0.01047	0.00936	0.01377	0.01597	0.00771	0.02093	0.01212	0.03195	0.00991	0.01157	0.00771	0.00661	0.00441	0.00220	0.00551	0.00386	0.00441	0.00771
26	0.01045	0.00738	0.00915	0.00928	0.01092	0.00680	0.00673	0.01333	0.04033	0.05178	0.30005	0.28883	0.18336	0.01747	0.00854	0.00250	0.00386	0.01540	0.00720	0.00664
27	0.03495	0.00783	0.00892	0.00902	0.01105	0.00731	0.00684	0.01327	0.05365	0.02270	0.22575	0.15300	0.32965	0.01702	0.00843	0.00250	0.00404	0.07063	0.00689	0.00656
28	0.00850	0.00722	0.00734	0.00731	0.00967	0.00605	0.00548	0.01039	0.01644	0.01973	0.10552	0.06771	0.66875	0.01785	0.00841	0.00240	0.00359	0.01491	0.00668	0.00605
29	0.01345	0.01266	0.02136	0.73264	0.04904	0.01582	0.01978	0.01819	0.01424	0.01819	0.01266	0.01898	0.00949	0.00712	0.00712	0.00237	0.00949	0.00633	0.00316	0.00791
30	0.01636	0.02295	0.19752	0.03017	0.15473	0.01747	0.40863	0.02258	0.01628	0.02283	0.01384	0.01794	0.01047	0.00624	0.00778	0.00232	0.01102	0.00730	0.00345	0.01012
31	0.14620	0.00958	0.01149	0.01012	0.01319	0.00919	0.00790	0.02019	0.01834	0.21475	0.34749	0.09669	0.04213	0.01233	0.00746	0.00228	0.00452	0.01045	0.00744	0.00828

[dist]
# distance from previous block
# <min> <max>
0	6

[block]
# block no. 2 follows, 29 sequences, length 18
# corresponding to MSA columns:
# 219-225,228-238
name=unknown_C
#
# <colnr> <probs for GDERKNQSTAVLIFYWHMCP>
#	G	D	E	R	K	N	Q	S	T	A	V	L	I	F	Y	W	H	M	C	P
0	0.02707	0.01995	0.02137	0.01638	0.02208	0.02208	0.01353	0.68159	0.03348	0.04488	0.01710	0.01710	0.01211	0.00855	0.00712	0.00214	0.00784	0.00641	0.00712	0.01211
1	0.01558	0.01558	0.02181	0.01869	0.01869	0.02181	0.01558	0.01714	0.01091	0.01714	0.00935	0.01558	0.00935	0.01246	0.02337	0.00312	0.73672	0.00623	0.00312	0.00779
2	0.01117	0.00769	0.00986	0.00929	0.01118	0.00716	0.00697	0.01483	0.04178	0.05911	0.57176	0.09846	0.09384	0.01483	0.00835	0.00230	0.00362	0.01306	0.00772	0.00702
3	0.09315	0.01225	0.01604	0.01241	0.01783	0.01090	0.01025	0.03360	0.01972	0.65622	0.02664	0.02323	0.01684	0.00864	0.00694	0.00220	0.00602	0.00690	0.00846	0.01177
4	0.02600	0.01911	0.02050	0.01583	0.02117	0.02112	0.01295	0.63882	0.03201	0.04290	0.01744	0.01898	0.01299	0.05577	0.00898	0.00244	0.00778	0.00666	0.00694	0.01161
5	0.04762	0.01259	0.06521	0.01220	0.01576	0.01124	0.01050	0.06536	0.13500	0.09719	0.09271	0.10716	0.15376	0.01403	0.00802	0.00254	0.00566	0.12822	0.00672	0.00853
6	0.14381	0.03185	0.55192	0.01915	0.02844	0.01654	0.06735	0.02230	0.01467	0.02412	0.01242	0.01474	0.00893	0.00669	0.00649	0.00226	0.00980	0.00524	0.00328	0.01000
7	0.80005	0.01377	0.01047	0.00936	0.01377	0.01597	0.00771	0.02093	0.01212	0.03195	0.00991	0.01157	0.00771	0.00661	0.00441	0.00220	0.00551	0.00386	0.00441	0.00771
8	0.00907	0.00620	0.00837	0.00985	0.01022	0.00583	0.00656	0.00985	0.01317	0.01756	0.03640	0.66852	0.04342	0.02257	0.01107	0.08652	0.00435	0.01875	0.00624	0.00550
9	0.01461	0.01253	0.01490	0.04689	0.01831	0.01007	0.00907	0.01862	0.04864	0.02308	0.01453	0.04459	0.01251	0.00626	0.00562	0.00126	0.00546	0.00515	0.00441	0.68349
10	0.00918	0.00722	0.00813	0.00791	0.00988	0.00634	0.00584	0.01145	0.01734	0.02243	0.30868	0.06123	0.41564	0.06512	0.01025	0.00264	0.00373	0.01390	0.00693	0.00617
11	0.01165	0.00828	0.01030	0.00973	0.01195	0.00743	0.00717	0.01383	0.01599	0.06627	0.19205	0.27356	0.14884	0.03962	0.00944	0.00248	0.02681	0.01369	0.00650	0.12445
12	0.01904	0.75404	0.03731	0.01218	0.01828	0.02818	0.01218	0.02132	0.01447	0.01675	0.00990	0.01142	0.00914	0.00609	0.00457	0.00152	0.00761	0.00381	0.00305	0.00914
13	0.06533	0.00711	0.00689	0.00682	0.00866	0.00725	0.00516	0.01688	0.01475	0.02690	0.02235	0.02556	0.01755	0.00818	0.00494	0.00170	0.00346	0.00645	0.73735	0.00671
14	0.02578	0.01930	0.02064	0.01612	0.02159	0.02148	0.01322	0.59294	0.12423	0.04280	0.01873	0.01840	0.01344	0.00870	0.00714	0.00218	0.00753	0.00664	0.00714	0.01199
15	0.01848	0.01292	0.01545	0.01471	0.06027	0.01352	0.01088	0.13801	0.20345	0.12379	0.12525	0.07620	0.08111	0.01200	0.00776	0.00239	0.00576	0.06112	0.00715	0.00980
16	0.01542	0.20797	0.49343	0.01892	0.05628	0.01899	0.02196	0.02188	0.01514	0.02141	0.03825	0.01572	0.01135	0.00688	0.00631	0.00207	0.00946	0.00525	0.00322	0.01008
17	0.00935	0.00723	0.00855	0.00843	0.01036	0.00643	0.00635	0.01194	0.01799	0.02375	0.37147	0.09554	0.33710	0.01665	0.00850	0.00239	0.00364	0.04079	0.00720	0.00636

[dist]
# distance from previous block
# <min> <max>
0	17

[block]
# block no. 3 follows, 29 sequences, length 46
# corresponding to MSA columns:
# 256-301
name=unknown_D
#
# <colnr> <probs for GDERKNQSTAVLIFYWHMCP>
#	G	D	E	R	K	N	Q	S	T	A	V	L	I	F	Y	W	H	M	C	P
0	0.02065	0.01628	0.01811	0.01402	0.01924	0.01682	0.01142	0.33985	0.07643	0.03359	0.01909	0.01978	0.04968	0.00835	0.00766	0.00189	0.05359	0.00629	0.00592	0.26133
1	0.00997	0.00680	0.00782	0.00810	0.00830	0.00667	0.00476	0.01027	0.01122	0.01483	0.02795	0.16488	0.06620	0.58806	0.03018	0.00599	0.00626	0.01227	0.00482	0.00465
2	0.47724	0.06616	0.04005	0.01196	0.01676	0.05166	0.01018	0.10325	0.11287	0.03114	0.01367	0.01456	0.01046	0.00729	0.00533	0.00216	0.00648	0.00485	0.00496	0.00897
3	0.01107	0.00772	0.00858	0.00842	0.00881	0.00796	0.00499	0.01303	0.07674	0.01536	0.02307	0.04465	0.02548	0.67772	0.03342	0.00647	0.00678	0.01013	0.00460	0.00499
4	0.01492	0.03240	0.54424	0.02274	0.03243	0.01691	0.19048	0.02262	0.01548	0.02262	0.01319	0.01608	0.00947	0.00657	0.00718	0.00229	0.01090	0.00605	0.00316	0.01029
5	0.01258	0.00983	0.01192	0.01233	0.01448	0.01039	0.00983	0.02049	0.21998	0.02380	0.09322	0.18992	0.06413	0.01666	0.00873	0.00282	0.00542	0.25874	0.00689	0.00782
6	0.01237	0.00618	0.00928	0.00928	0.00928	0.00618	0.00618	0.00928	0.00928	0.01237	0.01237	0.02165	0.01237	0.02474	0.02783	0.79283	0.00618	0.00618	0.00309	0.00309
7	0.01542	0.01543	0.02233	0.01893	0.01931	0.02113	0.04582	0.01722	0.01120	0.01737	0.00996	0.01623	0.00975	0.01377	0.05004	0.00341	0.67529	0.00639	0.00317	0.00782
8	0.00880	0.00633	0.00822	0.00962	0.01016	0.00589	0.00642	0.01007	0.01381	0.01833	0.06151	0.64805	0.08220	0.06134	0.01050	0.00306	0.00423	0.01918	0.00653	0.00575
9	0.13426	0.03103	0.51880	0.01989	0.02905	0.01664	0.10829	0.02234	0.01482	0.02402	0.01255	0.01505	0.00905	0.00664	0.00662	0.00227	0.00995	0.00546	0.00330	0.00998
10	0.00868	0.00620	0.00826	0.00991	0.01033	0.00578	0.00661	0.00991	0.01363	0.01818	0.03925	0.74510	0.04710	0.02231	0.00909	0.00289	0.00413	0.02024	0.00661	0.00578
11	0.00873	0.00723	0.00765	0.00755	0.00981	0.00615	0.00566	0.01083	0.01698	0.02101	0.19203	0.06561	0.58144	0.01737	0.00841	0.00237	0.00356	0.01462	0.00685	0.00615
12	0.02041	0.01299	0.01488	0.01297	0.01711	0.01364	0.01031	0.03229	0.37637	0.22774	0.03458	0.03385	0.10709	0.01097	0.00750	0.00239	0.00555	0.04116	0.00759	0.01062
13	0.75728	0.01368	0.01080	0.00955	0.01402	0.01567	0.00786	0.02170	0.01258	0.06971	0.01093	0.01227	0.00826	0.00673	0.00456	0.00220	0.00554	0.00404	0.00465	0.00796
14	0.01062	0.00793	0.00962	0.01035	0.01163	0.00777	0.00727	0.06576	0.05222	0.02109	0.04098	0.56365	0.12407	0.01998	0.00875	0.00274	0.00445	0.01782	0.00669	0.00662
15	0.01008	0.00728	0.00952	0.00896	0.01064	0.00672	0.00672	0.01344	0.02016	0.02855	0.70158	0.05319	0.06719	0.01456	0.00840	0.00224	0.00336	0.01288	0.00784	0.00672
16	0.00925	0.00720	0.00831	0.00829	0.01016	0.00638	0.00616	0.01155	0.01720	0.02233	0.29089	0.10616	0.37397	0.05076	0.00979	0.00262	0.00383	0.04200	0.00694	0.00619
17	0.00897	0.00636	0.00835	0.00976	0.01021	0.00599	0.00652	0.01022	0.01365	0.01825	0.06355	0.63328	0.04568	0.09181	0.01169	0.00326	0.00443	0.03589	0.00644	0.00570
18	0.00896	0.00720	0.00800	0.00788	0.00997	0.00623	0.00588	0.01124	0.01740	0.02220	0.27378	0.08910	0.47297	0.01707	0.00844	0.00237	0.00355	0.01453	0.00701	0.00623
19	0.02707	0.01995	0.02137	0.01638	0.02208	0.02208	0.01353	0.68159	0.03348	0.04488	0.01710	0.01710	0.01211	0.00855	0.00712	0.00214	0.00784	0.00641	0.00712	0.01211
20	0.02513	0.01841	0.01984	0.01555	0.02069	0.02027	0.01270	0.60593	0.03128	0.04212	0.01911	0.07722	0.01517	0.00967	0.00722	0.00218	0.00739	0.00755	0.03114	0.01142
21	0.01873	0.01208	0.01270	0.01067	0.01389	0.01295	0.00843	0.28726	0.02224	0.03331	0.02069	0.02381	0.01617	0.04968	0.00759	0.00215	0.00536	0.00675	0.42681	0.00874
22	0.01345	0.01266	0.02136	0.73264	0.04904	0.01582	0.01978	0.01819	0.01424	0.01819	0.01266	0.01898	0.00949	0.00712	0.00712	0.00237	0.00949	0.00633	0.00316	0.00791
23	0.01015	0.00736	0.01028	0.01036	0.01124	0.00820	0.00753	0.01193	0.01124	0.01585	0.02093	0.06608	0.02139	0.24474	0.49910	0.00979	0.01502	0.00896	0.00408	0.00577
24	0.00881	0.00635	0.00824	0.00960	0.01019	0.00590	0.00644	0.01015	0.01402	0.01864	0.07752	0.63295	0.08954	0.05288	0.01017	0.00300	0.00417	0.01907	0.00658	0.00579
25	0.00868	0.00620	0.00826	0.00991	0.01033	0.00578	0.00661	0.00991	0.01363	0.01818	0.03925	0.74510	0.04710	0.02231	0.00909	0.00289	0.00413	0.02024	0.00661	0.00578
26	0.00868	0.00620	0.00826	0.00991	0.01033	0.00578	0.00661	0.00991	0.01363	0.01818	0.03925	0.74510	0.04710	0.02231	0.00909	0.00289	0.00413	0.02024	0.00661	0.00578
27	0.01722	0.01671	0.02748	0.09337	0.57803	0.03809	0.03932	0.02142	0.01621	0.02258	0.01461	0.02103	0.01268	0.00715	0.00722	0.00220	0.00867	0.04172	0.00367	0.01063
28	0.01690	0.01406	0.01477	0.01303	0.01692	0.01556	0.01021	0.12922	0.42954	0.02955	0.03755	0.03521	0.18393	0.01150	0.00751	0.00237	0.00548	0.00948	0.00707	0.01013
29	0.01216	0.00618	0.00922	0.00931	0.00933	0.00616	0.00621	0.00931	0.00952	0.01269	0.01387	0.06192	0.01430	0.02460	0.02679	0.74885	0.00607	0.00697	0.00329	0.00324
30	0.01549	0.01343	0.01684	0.01208	0.01844	0.01065	0.05193	0.05011	0.01580	0.02422	0.01298	0.01516	0.01064	0.00548	0.00556	0.00119	0.00583	0.00459	0.00432	0.70527
31	0.01892	0.57564	0.08414	0.01340	0.01925	0.10004	0.01319	0.02162	0.01493	0.01724	0.01082	0.01291	0.00969	0.00932	0.05114	0.00225	0.00913	0.00425	0.00316	0.00897
32	0.01036	0.00690	0.00777	0.00777	0.00777	0.00690	0.00431	0.01036	0.01036	0.01381	0.02244	0.04660	0.02589	0.74975	0.03624	0.00690	0.00690	0.01036	0.00431	0.00431
33	0.03176	0.01242	0.01671	0.01281	0.01833	0.01091	0.01058	0.05968	0.02089	0.68457	0.02767	0.02396	0.01741	0.00880	0.00716	0.00220	0.00613	0.00713	0.00875	0.01212
34	0.01533	0.16311	0.55165	0.02026	0.06916	0.01863	0.02353	0.02229	0.01500	0.02156	0.01230	0.01455	0.00918	0.00662	0.00639	0.00212	0.00988	0.00507	0.00304	0.01032
35	0.02707	0.01995	0.02137	0.01638	0.02208	0.02208	0.01353	0.68159	0.03348	0.04488	0.01710	0.01710	0.01211	0.00855	0.00712	0.00214	0.00784	0.00641	0.00712	0.01211
36	0.02616	0.01949	0.02086	0.01620	0.02174	0.02166	0.01331	0.61894	0.09761	0.04341	0.01825	0.01802	0.01305	0.00866	0.00714	0.00216	0.00762	0.00657	0.00714	0.01203
37	0.01471	0.08234	0.64478	0.02061	0.05421	0.01730	0.02524	0.02245	0.01504	0.02220	0.01262	0.01489	0.00911	0.00671	0.00663	0.00220	0.01026	0.00521	0.00303	0.01046
38	0.03103	0.01232	0.01650	0.01279	0.01820	0.01093	0.01052	0.03490	0.06369	0.66641	0.02815	0.02439	0.01789	0.00887	0.00717	0.00222	0.00603	0.00722	0.00871	0.01206
39	0.03171	0.01249	0.01676	0.01285	0.01836	0.01102	0.01061	0.06576	0.02101	0.67831	0.02756	0.02389	0.01736	0.00880	0.00716	0.00220	0.00614	0.00712	0.00873	0.01212
40	0.02660	0.03394	0.02018	0.01834	0.02201	0.72116	0.01376	0.02843	0.02018	0.01743	0.01101	0.01284	0.00917	0.00734	0.00642	0.00183	0.01284	0.00459	0.00367	0.00825
41	0.01797	0.01757	0.03238	0.14369	0.13157	0.01784	0.34704	0.13197	0.01889	0.02553	0.01437	0.01866	0.01092	0.00719	0.00833	0.02458	0.01022	0.00737	0.00410	0.00980
42	0.01681	0.01921	0.04202	0.03001	0.03721	0.01801	0.67947	0.02281	0.01681	0.02281	0.01441	0.01921	0.01080	0.00600	0.00840	0.00240	0.01200	0.00840	0.00360	0.00960
43	0.00976	0.00727	0.00908	0.00863	0.01044	0.00658	0.00647	0.01282	0.01941	0.02678	0.58143	0.05612	0.18845	0.01522	0.00840	0.00227	0.00341	0.01329	0.00760	0.00658
44	0.00891	0.00622	0.00818	0.00975	0.01023	0.00583	0.00653	0.01025	0.01370	0.01860	0.03845	0.70915	0.04565	0.02161	0.00888	0.00283	0.00409	0.01956	0.04577	0.00583
45	0.02170	0.01710	0.01816	0.01503	0.01977	0.01921	0.01205	0.34281	0.34503	0.03644	0.02548	0.02416	0.05121	0.00955	0.00725	0.00228	0.00658	0.00762	0.00716	0.01141

[dist]
# distance from previous block
# <min> <max>
0	6

[block]
# block no. 4 follows, 29 sequences, length 26
# corresponding to MSA columns:
# 308-333
name=unknown_E
#
# <colnr> <probs for GDERKNQSTAVLIFYWHMCP>
#	G	D	E	R	K	N	Q	S	T	A	V	L	I	F	Y	W	H	M	C	P
0	0.01018	0.00759	0.01124	0.01124	0.01244	0.00879	0.00864	0.01258	0.01138	0.01638	0.01926	0.02901	0.01825	0.09228	0.68328	0.01119	0.01839	0.00778	0.00384	0.00624
1	0.01093	0.00748	0.00894	0.00927	0.01113	0.00673	0.00680	0.01321	0.03312	0.07682	0.08476	0.32838	0.30854	0.01863	0.00861	0.00261	0.00419	0.04635	0.00687	0.00662
2	0.01224	0.00781	0.01021	0.00947	0.01148	0.00736	0.00717	0.01510	0.01805	0.09715	0.43478	0.04780	0.11855	0.05596	0.11125	0.00379	0.00608	0.01162	0.00707	0.00705
3	0.00984	0.00727	0.00919	0.00871	0.01049	0.00662	0.00653	0.01298	0.01960	0.02723	0.61189	0.05538	0.15770	0.01505	0.00840	0.00226	0.00339	0.01318	0.00766	0.00662
4	0.02746	0.01370	0.01718	0.01355	0.01851	0.01354	0.01111	0.21524	0.02283	0.42249	0.02368	0.02274	0.01608	0.01509	0.10894	0.00350	0.00842	0.00701	0.00762	0.01129
5	0.01140	0.00826	0.00942	0.00939	0.01060	0.00825	0.00644	0.06393	0.03961	0.01910	0.03481	0.17143	0.14400	0.35620	0.02137	0.00462	0.00586	0.06381	0.00561	0.00590
6	0.00889	0.00640	0.00872	0.01013	0.01067	0.00623	0.00694	0.01031	0.01332	0.01794	0.03637	0.64292	0.04292	0.02674	0.11060	0.00411	0.00626	0.01845	0.00621	0.00587
7	0.02419	0.01907	0.02092	0.01686	0.02314	0.01547	0.01248	0.07526	0.02135	0.03216	0.02160	0.02694	0.01885	0.01153	0.00925	0.00287	0.00846	0.00734	0.00735	0.62491
8	0.68750	0.01290	0.01061	0.00966	0.01362	0.01497	0.00788	0.01976	0.01202	0.02975	0.01122	0.01391	0.00915	0.01328	0.10659	0.00352	0.00744	0.00439	0.00432	0.00752
9	0.00960	0.00712	0.00756	0.00774	0.00959	0.00637	0.00569	0.01147	0.01517	0.01966	0.05477	0.08568	0.44148	0.11479	0.01178	0.00298	0.00424	0.06059	0.11782	0.00591
10	0.02572	0.01951	0.02244	0.02028	0.11944	0.02135	0.01472	0.58759	0.03102	0.04180	0.01657	0.01717	0.01199	0.00823	0.00711	0.00213	0.00792	0.00640	0.00661	0.01199
11	0.01464	0.03432	0.61727	0.02168	0.03173	0.01675	0.11938	0.02259	0.01529	0.02259	0.01301	0.01563	0.00927	0.00666	0.00700	0.00228	0.01073	0.00571	0.00309	0.01039
12	0.01428	0.03683	0.71286	0.02030	0.03082	0.01654	0.02631	0.02255	0.01503	0.02255	0.01278	0.01503	0.00902	0.00677	0.00677	0.00226	0.01052	0.00526	0.00301	0.01052
13	0.00906	0.00647	0.00869	0.01027	0.01087	0.00610	0.00720	0.01061	0.01418	0.01890	0.06104	0.64215	0.04703	0.02173	0.00916	0.00292	0.00440	0.09667	0.00664	0.00591
14	0.00876	0.00623	0.00824	0.00981	0.01020	0.00584	0.00650	0.00994	0.01347	0.01796	0.03842	0.71079	0.04605	0.05804	0.01042	0.00309	0.00427	0.01976	0.00650	0.00571
15	0.01036	0.00690	0.00777	0.00777	0.00777	0.00690	0.00431	0.01036	0.01036	0.01381	0.02244	0.04660	0.02589	0.74975	0.03624	0.00690	0.00690	0.01036	0.00431	0.00431
16	0.01345	0.01266	0.02136	0.73264	0.04904	0.01582	0.01978	0.01819	0.01424	0.01819	0.01266	0.01898	0.00949	0.00712	0.00712	0.00237	0.00949	0.00633	0.00316	0.00791
17	0.80005	0.01377	0.01047	0.00936	0.01377	0.01597	0.00771	0.02093	0.01212	0.03195	0.00991	0.01157	0.00771	0.00661	0.00441	0.00220	0.00551	0.00386	0.00441	0.00771
18	0.03022	0.01250	0.01647	0.01289	0.01822	0.01134	0.01056	0.03508	0.10174	0.62789	0.02820	0.02452	0.01812	0.00892	0.00717	0.00223	0.00601	0.00727	0.00862	0.01202
19	0.00887	0.00643	0.00843	0.00995	0.01062	0.00599	0.00689	0.01032	0.01405	0.01851	0.04173	0.63981	0.09844	0.02176	0.00909	0.00288	0.00428	0.06947	0.00661	0.00586
20	0.00952	0.00724	0.01057	0.01140	0.01244	0.00682	0.04483	0.01134	0.01429	0.01892	0.03874	0.58661	0.06621	0.02088	0.00913	0.00290	0.00490	0.11069	0.00643	0.00612
21	0.01477	0.01266	0.01477	0.01055	0.01687	0.00949	0.00844	0.01793	0.01477	0.02320	0.01266	0.01477	0.01055	0.00527	0.00527	0.00105	0.00527	0.00422	0.00422	0.79328
22	0.00872	0.00627	0.00827	0.00978	0.01031	0.00583	0.00657	0.01006	0.01397	0.01860	0.06505	0.69484	0.07163	0.02187	0.00904	0.00285	0.00408	0.01978	0.00666	0.00583
23	0.01009	0.00714	0.00818	0.00847	0.00900	0.00703	0.00524	0.01143	0.04114	0.01605	0.03180	0.20264	0.10335	0.47798	0.02598	0.00534	0.00588	0.01295	0.00520	0.00512
24	0.80005	0.01377	0.01047	0.00936	0.01377	0.01597	0.00771	0.02093	0.01212	0.03195	0.00991	0.01157	0.00771	0.00661	0.00441	0.00220	0.00551	0.00386	0.00441	0.00771
25	0.01390	0.01142	0.01210	0.01124	0.01380	0.04149	0.00859	0.07257	0.18283	0.02553	0.19843	0.04628	0.14684	0.10961	0.01170	0.00299	0.00548	0.07064	0.00667	0.00788

[dist]
# distance from previous block
# <min> <max>
0	1

[block]
# block no. 5 follows, 29 sequences, length 47
# corresponding to MSA columns:
# 335-381
name=unknown_F
#
# <colnr> <probs for GDERKNQSTAVLIFYWHMCP>
#	G	D	E	R	K	N	Q	S	T	A	V	L	I	F	Y	W	H	M	C	P
0	0.02465	0.17561	0.02378	0.01695	0.02113	0.48888	0.01350	0.08571	0.01984	0.01977	0.01126	0.01306	0.00944	0.00742	0.00686	0.00186	0.04302	0.00467	0.00383	0.00876
1	0.01263	0.00664	0.00957	0.00947	0.00966	0.00670	0.00636	0.03048	0.01023	0.01365	0.01384	0.04813	0.01408	0.05037	0.02682	0.71144	0.00619	0.00684	0.00339	0.00352
2	0.01887	0.01892	0.02543	0.04630	0.30508	0.13638	0.11326	0.04720	0.07541	0.04331	0.04185	0.03981	0.03979	0.00804	0.00731	0.00218	0.00895	0.00742	0.00449	0.01000
3	0.09016	0.01990	0.02044	0.01587	0.02140	0.04443	0.01307	0.60630	0.03130	0.04292	0.01631	0.01651	0.01165	0.00835	0.00688	0.00213	0.00781	0.00614	0.00679	0.01162
4	0.01603	0.00869	0.01088	0.00952	0.01255	0.00761	0.00742	0.01873	0.01902	0.22703	0.30943	0.04935	0.24758	0.01393	0.00804	0.00228	0.00423	0.01185	0.00775	0.00810
5	0.05516	0.00769	0.00944	0.00975	0.01117	0.00748	0.00704	0.01376	0.04036	0.04347	0.24989	0.31461	0.06667	0.07987	0.01082	0.00296	0.00443	0.05213	0.00677	0.00651
6	0.08952	0.00967	0.01177	0.01018	0.01361	0.00882	0.00796	0.02152	0.01788	0.29698	0.16580	0.10445	0.16720	0.03206	0.00834	0.00244	0.00484	0.01083	0.00747	0.00867
7	0.01313	0.00859	0.01082	0.00982	0.01219	0.00818	0.00751	0.01800	0.08628	0.10245	0.53179	0.04815	0.08774	0.01362	0.00815	0.00226	0.00389	0.01188	0.00783	0.00772
8	0.25772	0.01308	0.01504	0.01192	0.01712	0.01279	0.00984	0.07000	0.01875	0.47015	0.02207	0.02007	0.01437	0.00815	0.00635	0.00220	0.00601	0.00614	0.00741	0.01082
9	0.01879	0.01121	0.01331	0.01166	0.01507	0.01104	0.00905	0.13453	0.08493	0.20465	0.07797	0.20650	0.14316	0.01402	0.00792	0.00241	0.00528	0.01196	0.00741	0.00914
10	0.00880	0.00707	0.00785	0.00798	0.00993	0.00612	0.00586	0.01084	0.01665	0.02099	0.19667	0.16747	0.47286	0.01796	0.00851	0.00244	0.00363	0.01537	0.00686	0.00612
11	0.01036	0.00690	0.00777	0.00777	0.00777	0.00690	0.00431	0.01036	0.01036	0.01381	0.02244	0.04660	0.02589	0.74975	0.03624	0.00690	0.00690	0.01036	0.00431	0.00431
12	0.80005	0.01377	0.01047	0.00936	0.01377	0.01597	0.00771	0.02093	0.01212	0.03195	0.00991	0.01157	0.00771	0.00661	0.00441	0.00220	0.00551	0.00386	0.00441	0.00771
13	0.01094	0.00744	0.00914	0.00885	0.01083	0.00664	0.00658	0.01347	0.01802	0.07308	0.36609	0.15900	0.25071	0.01634	0.00842	0.00238	0.00374	0.01421	0.00736	0.00675
14	0.00868	0.00620	0.00826	0.00991	0.01033	0.00578	0.00661	0.00991	0.01363	0.01818	0.03925	0.74510	0.04710	0.02231	0.00909	0.00289	0.00413	0.02024	0.00661	0.00578
15	0.01558	0.01558	0.02181	0.01869	0.01869	0.02181	0.01558	0.01714	0.01091	0.01714	0.00935	0.01558	0.00935	0.01246	0.02337	0.00312	0.73672	0.00623	0.00312	0.00779
16	0.00868	0.00620	0.00826	0.00991	0.01033	0.00578	0.00661	0.00991	0.01363	0.01818	0.03925	0.74510	0.04710	0.02231	0.00909	0.00289	0.00413	0.02024	0.00661	0.00578
17	0.80005	0.01377	0.01047	0.00936	0.01377	0.01597	0.00771	0.02093	0.01212	0.03195	0.00991	0.01157	0.00771	0.00661	0.00441	0.00220	0.00551	0.00386	0.00441	0.00771
18	0.10278	0.02113	0.02015	0.01595	0.02126	0.11078	0.01299	0.53340	0.02969	0.04010	0.01561	0.01601	0.01130	0.00820	0.00677	0.00210	0.00825	0.00593	0.00642	0.01119
19	0.80005	0.01377	0.01047	0.00936	0.01377	0.01597	0.00771	0.02093	0.01212	0.03195	0.00991	0.01157	0.00771	0.00661	0.00441	0.00220	0.00551	0.00386	0.00441	0.00771
20	0.01345	0.01266	0.02136	0.73264	0.04904	0.01582	0.01978	0.01819	0.01424	0.01819	0.01266	0.01898	0.00949	0.00712	0.00712	0.00237	0.00949	0.00633	0.00316	0.00791
21	0.01744	0.01673	0.02857	0.07385	0.67662	0.01687	0.02176	0.02169	0.01613	0.02304	0.01336	0.01768	0.01120	0.00638	0.00705	0.00213	0.00850	0.00634	0.00351	0.01113
22	0.01019	0.00755	0.01106	0.01106	0.01220	0.00869	0.00842	0.01247	0.01133	0.01624	0.01943	0.02993	0.01865	0.12656	0.64954	0.01097	0.01779	0.00792	0.00387	0.00614
23	0.02707	0.01995	0.02137	0.01638	0.02208	0.02208	0.01353	0.68159	0.03348	0.04488	0.01710	0.01710	0.01211	0.00855	0.00712	0.00214	0.00784	0.00641	0.00712	0.01211
24	0.01049	0.00689	0.00771	0.00771	0.00779	0.00689	0.00435	0.01065	0.01057	0.01442	0.02247	0.04564	0.02552	0.71424	0.03475	0.00665	0.00673	0.01018	0.04191	0.00443
25	0.03195	0.01212	0.01652	0.01267	0.01818	0.01047	0.01047	0.03470	0.02038	0.71026	0.02809	0.02424	0.01763	0.00881	0.00716	0.00220	0.00606	0.00716	0.00881	0.01212
26	0.01117	0.00763	0.00919	0.00859	0.01084	0.00674	0.00651	0.01388	0.01868	0.07866	0.40860	0.05676	0.30546	0.01543	0.00831	0.00230	0.00367	0.01325	0.00745	0.00687
27	0.01250	0.00625	0.00889	0.00889	0.00913	0.00625	0.00601	0.01034	0.01010	0.01442	0.01394	0.02236	0.01322	0.02235	0.02452	0.67809	0.00577	0.00625	0.11711	0.00361
28	0.02854	0.01141	0.01517	0.01188	0.01694	0.00982	0.00973	0.03115	0.01978	0.61005	0.03448	0.03066	0.11694	0.01015	0.00734	0.00223	0.00570	0.00830	0.00849	0.01123
29	0.01901	0.01501	0.01582	0.01375	0.01778	0.01701	0.01083	0.16863	0.45716	0.03246	0.02568	0.02459	0.01923	0.00923	0.00689	0.00225	0.00576	0.00750	0.12064	0.01077
30	0.01028	0.00679	0.00802	0.00814	0.00851	0.00660	0.00499	0.01025	0.01149	0.01510	0.05180	0.10401	0.10449	0.47454	0.02860	0.11987	0.00607	0.01120	0.00471	0.00454
31	0.00984	0.00727	0.00918	0.00871	0.01049	0.00662	0.00653	0.01297	0.01959	0.02720	0.61029	0.05541	0.15932	0.01506	0.00840	0.00226	0.00340	0.01319	0.00766	0.00662
32	0.68595	0.01274	0.00991	0.00897	0.01298	0.01462	0.00732	0.02030	0.01253	0.03116	0.01185	0.01374	0.00924	0.00685	0.00449	0.00212	0.00519	0.00426	0.11823	0.00756
33	0.00879	0.00669	0.00786	0.00864	0.00982	0.00601	0.00593	0.01021	0.01455	0.01854	0.07495	0.39327	0.29539	0.09142	0.01146	0.00307	0.00417	0.01702	0.00643	0.00576
34	0.01733	0.00867	0.01159	0.01026	0.01293	0.00781	0.00792	0.01935	0.01797	0.24437	0.28706	0.06740	0.09003	0.01493	0.01090	0.11696	0.00481	0.03460	0.00728	0.00784
35	0.00996	0.00742	0.01098	0.01122	0.01237	0.00845	0.00857	0.01231	0.01176	0.01677	0.02200	0.13198	0.02205	0.04889	0.61821	0.01020	0.01691	0.00946	0.00422	0.00627
36	0.68595	0.01274	0.00991	0.00897	0.01298	0.01462	0.00732	0.02030	0.01253	0.03116	0.01185	0.01374	0.00924	0.00685	0.00449	0.00212	0.00519	0.00426	0.11823	0.00756
37	0.01081	0.00807	0.01170	0.01152	0.01292	0.00933	0.00894	0.03765	0.01224	0.01751	0.01910	0.02812	0.01783	0.07257	0.67431	0.01096	0.01829	0.00767	0.00395	0.00651
38	0.03117	0.01528	0.01705	0.01349	0.01873	0.11354	0.01094	0.03379	0.02035	0.60979	0.02561	0.02258	0.01640	0.00860	0.00705	0.00215	0.00704	0.00679	0.00807	0.01156
39	0.01877	0.01360	0.01496	0.01324	0.01691	0.01506	0.01014	0.03338	0.49321	0.12906	0.02790	0.02912	0.02172	0.11687	0.01144	0.00303	0.00588	0.00825	0.00705	0.01039
40	0.00982	0.00767	0.00875	0.00837	0.01053	0.00689	0.00630	0.03585	0.01848	0.02416	0.34134	0.07864	0.38488	0.01631	0.00838	0.00234	0.00367	0.01393	0.00716	0.00653
41	0.01220	0.00854	0.03043	0.01061	0.01236	0.00751	0.00799	0.04284	0.01651	0.08784	0.15543	0.45922	0.06432	0.01837	0.00863	0.00266	0.00459	0.03599	0.00696	0.00700
42	0.02558	0.01984	0.02436	0.01836	0.02428	0.02149	0.11011	0.58605	0.03106	0.04168	0.01671	0.01740	0.01192	0.00818	0.00731	0.00218	0.00844	0.00670	0.00661	0.01175
43	0.02461	0.01898	0.02145	0.01761	0.04610	0.02165	0.01402	0.53057	0.06114	0.03935	0.01641	0.01735	0.01214	0.00909	0.00948	0.00229	0.11346	0.00646	0.00642	0.01141
44	0.02378	0.01904	0.02049	0.01647	0.02098	0.04749	0.01345	0.45033	0.14275	0.03724	0.01778	0.01834	0.01325	0.00926	0.00947	0.00232	0.11335	0.00660	0.00643	0.01119
45	0.00970	0.00767	0.01026	0.11383	0.01586	0.00755	0.00827	0.01217	0.01614	0.02131	0.22707	0.28873	0.20113	0.01695	0.00845	0.00252	0.00457	0.01495	0.00645	0.00641
46	0.01307	0.00924	0.01078	0.00996	0.01248	0.00885	0.00764	0.11004	0.01983	0.06394	0.25281	0.14961	0.25264	0.01572	0.00829	0.00240	0.00444	0.03364	0.00719	0.00744

[dist]
# distance from previous block
# <min> <max>
0	12

[block]
# block no. 6 follows, 29 sequences, length 7
# corresponding to MSA columns:
# 394-400
name=unknown_G
#
# <colnr> <probs for GDERKNQSTAVLIFYWHMCP>
#	G	D	E	R	K	N	Q	S	T	A	V	L	I	F	Y	W	H	M	C	P
0	0.01132	0.00915	0.01229	0.01115	0.01246	0.01012	0.00872	0.01427	0.01807	0.02598	0.54543	0.04471	0.05414	0.01408	0.01178	0.00244	0.16878	0.01138	0.00677	0.00696
1	0.01603	0.01395	0.01693	0.01290	0.01774	0.01337	0.01049	0.07584	0.01553	0.02373	0.01230	0.01515	0.01041	0.00718	0.00952	0.00161	0.17049	0.00486	0.00422	0.54773
2	0.01147	0.00820	0.01147	0.01311	0.01475	0.00820	0.01147	0.01475	0.01639	0.02131	0.03770	0.08032	0.04098	0.01967	0.00984	0.00328	0.00656	0.65741	0.00656	0.00656
3	0.02783	0.01149	0.01537	0.01229	0.01705	0.01023	0.00995	0.03145	0.05613	0.57171	0.07764	0.08121	0.02367	0.01030	0.00740	0.00227	0.00569	0.00862	0.00849	0.01120
4	0.02375	0.01552	0.01759	0.01429	0.01877	0.01644	0.01145	0.42037	0.02678	0.15171	0.02396	0.18252	0.02094	0.01170	0.00757	0.00232	0.00670	0.00966	0.00729	0.01068
5	0.01558	0.01558	0.02181	0.01869	0.01869	0.02181	0.01558	0.01714	0.01091	0.01714	0.00935	0.01558	0.00935	0.01246	0.02337	0.00312	0.73672	0.00623	0.00312	0.00779
6	0.02584	0.01229	0.01522	0.01205	0.01688	0.01136	0.00983	0.13494	0.02159	0.44561	0.03623	0.03306	0.17120	0.01085	0.00744	0.00224	0.00580	0.00881	0.00804	0.01074

[dist]
# distance from previous block
# <min> <max>
0	3

[block]
# block no. 7 follows, 29 sequences, length 14
# corresponding to MSA columns:
# 404-417
name=unknown_H
#
# <colnr> <probs for GDERKNQSTAVLIFYWHMCP>
#	G	D	E	R	K	N	Q	S	T	A	V	L	I	F	Y	W	H	M	C	P
0	0.01060	0.00856	0.01267	0.01709	0.16037	0.00820	0.00985	0.01251	0.01431	0.01932	0.03517	0.55705	0.06936	0.01867	0.00862	0.00270	0.00504	0.01700	0.00594	0.00698
1	0.01040	0.00735	0.00923	0.00883	0.01068	0.00665	0.00659	0.01330	0.01897	0.04902	0.51434	0.10439	0.18254	0.01556	0.00841	0.00232	0.00355	0.01361	0.00756	0.00670
2	0.63112	0.01410	0.01168	0.01047	0.01480	0.01635	0.00848	0.02458	0.15903	0.03148	0.01403	0.01481	0.01074	0.00727	0.00502	0.00225	0.00554	0.00476	0.00502	0.00848
3	0.63110	0.01445	0.01445	0.01678	0.16310	0.01618	0.01077	0.02113	0.01300	0.03007	0.01067	0.01288	0.00848	0.00655	0.00498	0.00218	0.00615	0.00439	0.00422	0.00848
4	0.00889	0.00706	0.00802	0.00839	0.01022	0.00619	0.00621	0.01089	0.01626	0.02050	0.15549	0.21097	0.43138	0.01853	0.00864	0.00253	0.00385	0.05308	0.00679	0.00610
5	0.01368	0.01333	0.01140	0.01143	0.01341	0.16137	0.00834	0.05124	0.01684	0.01974	0.04007	0.30943	0.21204	0.04448	0.00928	0.00266	0.00629	0.04237	0.00591	0.00671
6	0.01278	0.01280	0.16120	0.01166	0.01393	0.00842	0.01053	0.01214	0.01052	0.01457	0.01246	0.02022	0.01165	0.02086	0.02328	0.62212	0.00712	0.00599	0.00307	0.00470
7	0.18398	0.01333	0.01934	0.46997	0.03739	0.01611	0.04161	0.04138	0.01441	0.02247	0.01248	0.01743	0.00953	0.00729	0.00723	0.00234	0.04048	0.00588	0.02934	0.00803
8	0.01139	0.00870	0.01240	0.01192	0.01341	0.01015	0.00935	0.05076	0.01323	0.01894	0.06284	0.02838	0.02027	0.04631	0.60009	0.00991	0.05312	0.00783	0.00423	0.00678
9	0.01946	0.01670	0.04268	0.06622	0.02188	0.01707	0.01249	0.22505	0.27493	0.03181	0.02013	0.02021	0.01509	0.00809	0.00676	0.00203	0.00667	0.00651	0.00611	0.18012
10	0.02536	0.02271	0.02369	0.01980	0.06326	0.17232	0.08300	0.43409	0.02788	0.03541	0.01529	0.01643	0.01129	0.00790	0.00710	0.00210	0.00938	0.00622	0.00580	0.01097
11	0.04607	0.04739	0.02207	0.02499	0.26251	0.14361	0.01520	0.07627	0.16373	0.02493	0.01628	0.01817	0.01301	0.00799	0.00743	0.03030	0.00817	0.00608	0.00467	0.06113
12	0.01976	0.17728	0.06225	0.04213	0.02037	0.06522	0.01295	0.24864	0.05809	0.02792	0.02071	0.08525	0.06053	0.01080	0.02205	0.00234	0.04119	0.00759	0.00530	0.00963
13	0.01972	0.01735	0.01888	0.01919	0.13149	0.09304	0.01298	0.20670	0.16719	0.02965	0.04627	0.10043	0.01954	0.00976	0.00717	0.00216	0.00721	0.00814	0.00590	0.07723

[dist]
# distance from previous block
# <min> <max>
0	25

# created by:
# /st0/software/busco_prod/Augustus/scripts/msa2prfl.pl ./align_prep/116610.fa
