[name]
unknown

[dist]
# distance from previous block
# <min> <max>
16	66

[block]
# block no. 0 follows, 29 sequences, length 78
# corresponding to MSA columns:
# 78-155
name=unknown_A
#
# <colnr> <probs for GDERKNQSTAVLIFYWHMCP>
#	G	D	E	R	K	N	Q	S	T	A	V	L	I	F	Y	W	H	M	C	P
0	0.01958	0.01542	0.01857	0.03895	0.07401	0.01649	0.01244	0.25613	0.06330	0.05727	0.02143	0.02327	0.07763	0.03324	0.00995	0.00228	0.10009	0.00707	0.00563	0.14725
1	0.06313	0.01536	0.04752	0.07678	0.04054	0.03983	0.03388	0.08696	0.09211	0.05219	0.01841	0.10943	0.01638	0.00958	0.00852	0.00215	0.08420	0.00764	0.00502	0.19037
2	0.01610	0.01365	0.01949	0.04694	0.04256	0.01522	0.08828	0.04551	0.12898	0.07239	0.04491	0.09621	0.08268	0.01154	0.01163	0.00251	0.19088	0.00914	0.00532	0.05606
3	0.01689	0.01425	0.01915	0.14565	0.05395	0.01481	0.05808	0.16788	0.06002	0.02631	0.01920	0.06513	0.04156	0.05342	0.00931	0.00235	0.03348	0.00753	0.00500	0.18605
4	0.01641	0.01542	0.02133	0.06437	0.02209	0.04443	0.08335	0.02025	0.05521	0.04716	0.03460	0.01809	0.01267	0.00938	0.01394	0.00238	0.32488	0.00631	0.00406	0.18369
5	0.01657	0.01342	0.01456	0.01241	0.01616	0.01416	0.00940	0.10437	0.32653	0.02665	0.02291	0.02775	0.01938	0.17833	0.01350	0.00315	0.00612	0.00764	0.00597	0.16103
6	0.01068	0.00780	0.00968	0.01037	0.01157	0.00750	0.00721	0.07382	0.01556	0.02080	0.03709	0.60012	0.06974	0.04208	0.00955	0.00285	0.00458	0.01784	0.00650	0.03464
7	0.02415	0.01818	0.06213	0.01532	0.02074	0.01816	0.01316	0.45170	0.02719	0.11640	0.01819	0.01914	0.01325	0.01423	0.10078	0.00333	0.00917	0.00650	0.00652	0.04179
8	0.01644	0.01986	0.10384	0.09823	0.03581	0.01719	0.47702	0.04564	0.01683	0.02314	0.01404	0.01838	0.01052	0.00623	0.00785	0.00228	0.01098	0.00752	0.00367	0.06454
9	0.01387	0.01299	0.02132	0.66140	0.07259	0.01598	0.01933	0.01955	0.05638	0.01911	0.01370	0.01940	0.01032	0.00725	0.00712	0.00237	0.00921	0.00644	0.00343	0.00825
10	0.01546	0.01324	0.01370	0.01241	0.01554	0.05295	0.00964	0.02607	0.33353	0.05496	0.12081	0.03864	0.19322	0.01234	0.00863	0.00239	0.05062	0.01002	0.00677	0.00906
11	0.01306	0.01191	0.01804	0.01566	0.01676	0.01487	0.07088	0.01516	0.01155	0.01699	0.01501	0.02443	0.01469	0.12335	0.27469	0.00654	0.31838	0.00747	0.00357	0.00698
12	0.00842	0.00721	0.00721	0.00721	0.00962	0.00601	0.00541	0.01022	0.01623	0.01924	0.07213	0.06853	0.70244	0.01803	0.00842	0.00240	0.00361	0.01503	0.00661	0.00601
13	0.01477	0.01266	0.01477	0.01055	0.01687	0.00949	0.00844	0.01793	0.01477	0.02320	0.01266	0.01477	0.01055	0.00527	0.00527	0.00105	0.00527	0.00422	0.00422	0.79328
14	0.05573	0.01626	0.01819	0.01442	0.01948	0.01719	0.01172	0.39459	0.06763	0.18503	0.02176	0.08383	0.01679	0.00972	0.00715	0.00220	0.00681	0.00774	0.00725	0.03651
15	0.01689	0.01769	0.02190	0.05058	0.05011	0.10454	0.01581	0.01873	0.01238	0.01748	0.00986	0.01549	0.00942	0.01136	0.01994	0.00289	0.58766	0.00604	0.00320	0.00800
16	0.00957	0.00726	0.00881	0.00842	0.01032	0.00650	0.00632	0.01245	0.01895	0.02568	0.50769	0.05791	0.26287	0.01563	0.00840	0.00229	0.00344	0.01354	0.00746	0.00650
17	0.01017	0.00763	0.01144	0.01144	0.01272	0.00890	0.00890	0.01272	0.01144	0.01653	0.01907	0.02797	0.01780	0.05340	0.72153	0.01144	0.01907	0.00763	0.00381	0.00636
18	0.01624	0.01901	0.13619	0.17591	0.34698	0.01676	0.02038	0.02389	0.12856	0.02320	0.01575	0.01898	0.01229	0.00713	0.00705	0.00224	0.00853	0.00645	0.00399	0.01047
19	0.01558	0.01558	0.02181	0.01869	0.01869	0.02181	0.01558	0.01714	0.01091	0.01714	0.00935	0.01558	0.00935	0.01246	0.02337	0.00312	0.73672	0.00623	0.00312	0.00779
20	0.01477	0.01266	0.01477	0.01055	0.01687	0.00949	0.00844	0.01793	0.01477	0.02320	0.01266	0.01477	0.01055	0.00527	0.00527	0.00105	0.00527	0.00422	0.00422	0.79328
21	0.02463	0.01516	0.01726	0.01408	0.01894	0.01609	0.01136	0.21002	0.26927	0.25256	0.02524	0.02326	0.01766	0.00903	0.00709	0.00224	0.00627	0.00726	0.04102	0.01157
22	0.03195	0.01212	0.01652	0.01267	0.01818	0.01047	0.01047	0.03470	0.02038	0.71026	0.02809	0.02424	0.01763	0.00881	0.00716	0.00220	0.00606	0.00716	0.00881	0.01212
23	0.00910	0.00733	0.00816	0.00840	0.01030	0.00655	0.00612	0.01177	0.04496	0.02072	0.14894	0.22395	0.43195	0.01821	0.00852	0.00250	0.00378	0.01566	0.00681	0.00628
24	0.00868	0.00620	0.00826	0.00991	0.01033	0.00578	0.00661	0.00991	0.01363	0.01818	0.03925	0.74510	0.04710	0.02231	0.00909	0.00289	0.00413	0.02024	0.00661	0.00578
25	0.00868	0.00620	0.00826	0.00991	0.01033	0.00578	0.00661	0.00991	0.01363	0.01818	0.03925	0.74510	0.04710	0.02231	0.00909	0.00289	0.00413	0.02024	0.00661	0.00578
26	0.01428	0.03683	0.71286	0.02030	0.03082	0.01654	0.02631	0.02255	0.01503	0.02255	0.01278	0.01503	0.00902	0.00677	0.00677	0.00226	0.01052	0.00526	0.00301	0.01052
27	0.00964	0.00748	0.01066	0.10351	0.03899	0.00750	0.00877	0.01155	0.01418	0.01884	0.06489	0.57025	0.06818	0.01931	0.00871	0.00275	0.00491	0.01746	0.00612	0.00629
28	0.01450	0.00782	0.00795	0.00751	0.00952	0.00801	0.00574	0.07587	0.01659	0.02818	0.02268	0.02570	0.01770	0.00832	0.00517	0.00170	0.00372	0.00662	0.71956	0.00712
29	0.02026	0.01821	0.01743	0.01524	0.01950	0.10000	0.01193	0.14119	0.50759	0.03080	0.02497	0.02344	0.01872	0.00921	0.00713	0.00230	0.00683	0.00738	0.00681	0.01106
30	0.02707	0.01995	0.02137	0.01638	0.02208	0.02208	0.01353	0.68159	0.03348	0.04488	0.01710	0.01710	0.01211	0.00855	0.00712	0.00214	0.00784	0.00641	0.00712	0.01211
31	0.01012	0.00756	0.00966	0.01078	0.01224	0.00727	0.00845	0.01309	0.04264	0.02045	0.07031	0.30641	0.16773	0.01968	0.00915	0.00290	0.00500	0.26352	0.00666	0.00638
32	0.01699	0.01886	0.10436	0.08383	0.58976	0.01681	0.02222	0.02170	0.01596	0.02287	0.01328	0.01742	0.01092	0.00644	0.00702	0.00215	0.00875	0.00622	0.00344	0.01099
33	0.01478	0.08693	0.61213	0.02007	0.02978	0.01762	0.05275	0.02229	0.01493	0.02196	0.01252	0.01497	0.00912	0.00688	0.00724	0.00224	0.03516	0.00532	0.00304	0.01029
34	0.00880	0.00629	0.00837	0.00983	0.01036	0.00587	0.00662	0.01023	0.01421	0.01910	0.09829	0.68343	0.04889	0.02162	0.00903	0.00283	0.00406	0.01959	0.00672	0.00587
35	0.01501	0.01493	0.02154	0.18358	0.02603	0.04178	0.04250	0.01758	0.01226	0.01756	0.01124	0.01753	0.01019	0.01445	0.08070	0.00362	0.45210	0.00641	0.00323	0.00778
36	0.01641	0.01831	0.03841	0.08975	0.03657	0.01816	0.56247	0.02190	0.01605	0.02190	0.01380	0.01886	0.01056	0.00668	0.00964	0.00246	0.07723	0.00803	0.00352	0.00929
37	0.00869	0.00719	0.00743	0.00739	0.00956	0.00613	0.00543	0.01048	0.01609	0.01954	0.11707	0.06567	0.60186	0.07337	0.01053	0.00273	0.00384	0.01451	0.00653	0.00594
38	0.00870	0.00654	0.00792	0.00898	0.00996	0.00592	0.00611	0.01003	0.01420	0.01822	0.04792	0.50198	0.23931	0.06616	0.01057	0.00300	0.00415	0.01809	0.00647	0.00576
39	0.01477	0.01266	0.01477	0.01055	0.01687	0.00949	0.00844	0.01793	0.01477	0.02320	0.01266	0.01477	0.01055	0.00527	0.00527	0.00105	0.00527	0.00422	0.00422	0.79328
40	0.01150	0.00960	0.01331	0.01294	0.01386	0.01077	0.03078	0.03855	0.01389	0.01927	0.02960	0.49620	0.03440	0.01837	0.01230	0.00285	0.18042	0.01548	0.00562	0.03027
41	0.00890	0.00723	0.00788	0.00772	0.00991	0.00622	0.00579	0.01115	0.01736	0.02193	0.25386	0.06410	0.51904	0.01703	0.00841	0.00236	0.00354	0.01441	0.00697	0.00622
42	0.00897	0.00722	0.00770	0.00775	0.00967	0.00637	0.00564	0.01061	0.01523	0.01862	0.07965	0.06351	0.52217	0.13800	0.03896	0.00349	0.00482	0.03967	0.00617	0.00579
43	0.01762	0.01692	0.02890	0.04371	0.70533	0.01692	0.02185	0.02185	0.01621	0.02326	0.01339	0.01762	0.01128	0.00634	0.00705	0.00211	0.00846	0.00634	0.00352	0.01128
44	0.02559	0.02942	0.01997	0.01753	0.02143	0.52763	0.01346	0.15844	0.02236	0.02300	0.01454	0.01595	0.03664	0.00818	0.00726	0.00196	0.03784	0.00542	0.00446	0.00892
45	0.70294	0.01630	0.01169	0.01049	0.01481	0.10452	0.00847	0.02187	0.01313	0.03012	0.01005	0.01173	0.00789	0.00670	0.00466	0.00216	0.00643	0.00395	0.00431	0.00778
46	0.00896	0.00632	0.00818	0.00955	0.00989	0.00597	0.00622	0.00999	0.01307	0.01743	0.03638	0.62615	0.04348	0.14619	0.01371	0.00358	0.00460	0.01856	0.00622	0.00553
47	0.01112	0.00809	0.01154	0.01133	0.01282	0.00931	0.00883	0.04192	0.01264	0.01845	0.01927	0.02740	0.01759	0.04835	0.64119	0.01037	0.01750	0.00751	0.05815	0.00663
48	0.02150	0.12587	0.04416	0.02129	0.09070	0.23983	0.12243	0.10600	0.08962	0.02353	0.01424	0.01625	0.01131	0.00741	0.00734	0.00207	0.03649	0.00593	0.00431	0.00972
49	0.01451	0.03524	0.65233	0.02117	0.03140	0.01667	0.08524	0.02257	0.01519	0.02257	0.01293	0.01541	0.00918	0.00670	0.00691	0.00227	0.01066	0.00555	0.00306	0.01044
50	0.01558	0.01704	0.06935	0.01863	0.01953	0.02127	0.01614	0.01839	0.04022	0.01805	0.01042	0.01601	0.00985	0.01195	0.02153	0.00303	0.65537	0.00624	0.00328	0.00813
51	0.00893	0.00636	0.00841	0.00980	0.01022	0.00609	0.00653	0.01013	0.01317	0.01764	0.03633	0.63156	0.04318	0.09617	0.05596	0.00382	0.00533	0.01848	0.00621	0.00567
52	0.01036	0.00690	0.00777	0.00777	0.00777	0.00690	0.00431	0.01036	0.01036	0.01381	0.02244	0.04660	0.02589	0.74975	0.03624	0.00690	0.00690	0.01036	0.00431	0.00431
53	0.01636	0.02157	0.13920	0.02788	0.03513	0.01803	0.54246	0.02242	0.01618	0.02242	0.01385	0.01837	0.01045	0.00651	0.00909	0.00242	0.05673	0.00781	0.00348	0.00963
54	0.01771	0.01530	0.01610	0.01449	0.01852	0.01771	0.01127	0.03784	0.69247	0.02979	0.02898	0.02657	0.02174	0.00966	0.00725	0.00242	0.00564	0.00805	0.00725	0.01127
55	0.01762	0.01692	0.02890	0.04371	0.70533	0.01692	0.02185	0.02185	0.01621	0.02326	0.01339	0.01762	0.01128	0.00634	0.00705	0.00211	0.00846	0.00634	0.00352	0.01128
56	0.00868	0.00620	0.00826	0.00991	0.01033	0.00578	0.00661	0.00991	0.01363	0.01818	0.03925	0.74510	0.04710	0.02231	0.00909	0.00289	0.00413	0.02024	0.00661	0.00578
57	0.00946	0.00710	0.00877	0.00868	0.01034	0.00641	0.00638	0.01212	0.01821	0.02472	0.44814	0.16151	0.21889	0.01658	0.00851	0.00238	0.00354	0.01451	0.00735	0.00641
58	0.02707	0.01995	0.02137	0.01638	0.02208	0.02208	0.01353	0.68159	0.03348	0.04488	0.01710	0.01710	0.01211	0.00855	0.00712	0.00214	0.00784	0.00641	0.00712	0.01211
59	0.00868	0.00620	0.00826	0.00991	0.01033	0.00578	0.00661	0.00991	0.01363	0.01818	0.03925	0.74510	0.04710	0.02231	0.00909	0.00289	0.00413	0.02024	0.00661	0.00578
60	0.01036	0.00690	0.00777	0.00777	0.00777	0.00690	0.00431	0.01036	0.01036	0.01381	0.02244	0.04660	0.02589	0.74975	0.03624	0.00690	0.00690	0.01036	0.00431	0.00431
61	0.01450	0.00865	0.00884	0.00840	0.01062	0.00917	0.00641	0.03921	0.14372	0.02767	0.02415	0.02629	0.01874	0.00856	0.00547	0.00182	0.00388	0.00690	0.61936	0.00767
62	0.01899	0.02025	0.02523	0.17683	0.40414	0.19028	0.01944	0.02273	0.01679	0.02080	0.01266	0.01672	0.01040	0.00675	0.00691	0.00210	0.00975	0.00591	0.00349	0.00985
63	0.01070	0.00815	0.01144	0.01116	0.01199	0.00955	0.00833	0.01251	0.01112	0.01589	0.01906	0.03159	0.01910	0.22632	0.48554	0.00955	0.07996	0.00820	0.00388	0.00597
64	0.60292	0.01738	0.01382	0.01194	0.01643	0.12071	0.03348	0.06849	0.01498	0.03038	0.01074	0.01242	0.00835	0.00683	0.00504	0.00215	0.00699	0.00431	0.00446	0.00817
65	0.02503	0.01816	0.01964	0.03727	0.02129	0.02007	0.01272	0.58294	0.03071	0.04190	0.01768	0.01827	0.01275	0.00847	0.00687	0.00209	0.00736	0.00643	0.09903	0.01134
66	0.00949	0.00729	0.00889	0.00910	0.01084	0.00639	0.00651	0.01152	0.01581	0.02118	0.18932	0.35728	0.21076	0.01795	0.00841	0.00246	0.00394	0.01583	0.00665	0.08039
67	0.02225	0.10956	0.01987	0.01473	0.01893	0.24213	0.01178	0.07683	0.13052	0.11291	0.08975	0.02120	0.01878	0.00870	0.00725	0.00202	0.03441	0.00646	0.00556	0.04638
68	0.01550	0.22029	0.54006	0.01822	0.02761	0.01951	0.02270	0.02224	0.01489	0.02107	0.01204	0.01411	0.00905	0.00659	0.00620	0.00207	0.00978	0.00489	0.00302	0.01017
69	0.03195	0.01212	0.01652	0.01267	0.01818	0.01047	0.01047	0.03470	0.02038	0.71026	0.02809	0.02424	0.01763	0.00881	0.00716	0.00220	0.00606	0.00716	0.00881	0.01212
70	0.04970	0.01304	0.01633	0.01318	0.01773	0.01302	0.01068	0.07156	0.13553	0.43946	0.05267	0.02517	0.01944	0.03334	0.00909	0.00245	0.05131	0.00744	0.00777	0.01110
71	0.01422	0.01317	0.02207	0.56981	0.16972	0.01559	0.01947	0.01880	0.01464	0.01953	0.01329	0.01909	0.01024	0.00703	0.00701	0.00229	0.00901	0.00635	0.04019	0.00848
72	0.01008	0.00728	0.00952	0.00896	0.01064	0.00672	0.00672	0.01344	0.02016	0.02855	0.70158	0.05319	0.06719	0.01456	0.00840	0.00224	0.00336	0.01288	0.00784	0.00672
73	0.01036	0.00690	0.00777	0.00777	0.00777	0.00690	0.00431	0.01036	0.01036	0.01381	0.02244	0.04660	0.02589	0.74975	0.03624	0.00690	0.00690	0.01036	0.00431	0.00431
74	0.01588	0.20321	0.50874	0.01869	0.02784	0.04232	0.04607	0.02247	0.01513	0.02104	0.01211	0.01427	0.00912	0.00660	0.00630	0.00208	0.00997	0.00501	0.00306	0.01009
75	0.01583	0.01243	0.01432	0.01087	0.01603	0.01052	0.00844	0.06012	0.06374	0.05337	0.01620	0.02083	0.01400	0.11518	0.01015	0.00213	0.00573	0.00566	0.00483	0.53963
76	0.01236	0.00795	0.00926	0.00853	0.01117	0.00687	0.00654	0.01476	0.01800	0.12338	0.25116	0.05751	0.41476	0.01566	0.00823	0.00233	0.00389	0.01324	0.00730	0.00712
77	0.06453	0.16710	0.38203	0.02150	0.12602	0.01853	0.04856	0.02193	0.01498	0.02217	0.01221	0.01468	0.00943	0.00647	0.00625	0.00205	0.00919	0.00514	0.00325	0.04398

[dist]
# distance from previous block
# <min> <max>
0	1

[block]
# block no. 1 follows, 29 sequences, length 133
# corresponding to MSA columns:
# 157-289
name=unknown_B
#
# <colnr> <probs for GDERKNQSTAVLIFYWHMCP>
#	G	D	E	R	K	N	Q	S	T	A	V	L	I	F	Y	W	H	M	C	P
0	0.01859	0.39063	0.02882	0.01520	0.03924	0.10796	0.06016	0.06832	0.01640	0.01959	0.01520	0.10769	0.01504	0.03768	0.00771	0.00212	0.03007	0.00692	0.00398	0.00869
1	0.01762	0.01692	0.02890	0.04371	0.70533	0.01692	0.02185	0.02185	0.01621	0.02326	0.01339	0.01762	0.01128	0.00634	0.00705	0.00211	0.00846	0.00634	0.00352	0.01128
2	0.01122	0.00974	0.01009	0.01047	0.01204	0.07038	0.00746	0.01419	0.05788	0.02091	0.15404	0.40949	0.12587	0.01780	0.00842	0.00254	0.00483	0.01569	0.00653	0.03041
3	0.01871	0.59558	0.14586	0.01386	0.02053	0.06685	0.01457	0.02194	0.01489	0.01773	0.01043	0.01209	0.00912	0.00627	0.00503	0.00166	0.00839	0.00409	0.00308	0.00931
4	0.01906	0.01098	0.03297	0.01095	0.01523	0.00893	0.00898	0.02230	0.01896	0.27285	0.29485	0.03361	0.03580	0.01032	0.00725	0.00198	0.00494	0.00878	0.00729	0.17397
5	0.00942	0.00670	0.00897	0.01051	0.01118	0.00640	0.00758	0.01105	0.01406	0.01863	0.03787	0.55064	0.04441	0.06603	0.01091	0.00322	0.00485	0.16523	0.00646	0.00587
6	0.01017	0.00763	0.01144	0.01144	0.01272	0.00890	0.00890	0.01272	0.01144	0.01653	0.01907	0.02797	0.01780	0.05340	0.72153	0.01144	0.01907	0.00763	0.00381	0.00636
7	0.01508	0.01485	0.02086	0.01803	0.01815	0.02063	0.01497	0.01673	0.01095	0.01708	0.01024	0.01671	0.01012	0.01621	0.08729	0.00388	0.67101	0.00636	0.00318	0.00766
8	0.01771	0.01530	0.01610	0.01449	0.01852	0.01771	0.01127	0.03784	0.69247	0.02979	0.02898	0.02657	0.02174	0.00966	0.00725	0.00242	0.00564	0.00805	0.00725	0.01127
9	0.01091	0.00779	0.01083	0.01247	0.01387	0.00771	0.01050	0.01378	0.01584	0.02068	0.03801	0.21369	0.04221	0.02020	0.00969	0.00320	0.00607	0.52957	0.00657	0.00640
10	0.00868	0.00620	0.00826	0.00991	0.01033	0.00578	0.00661	0.00991	0.01363	0.01818	0.03925	0.74510	0.04710	0.02231	0.00909	0.00289	0.00413	0.02024	0.00661	0.00578
11	0.01762	0.01692	0.02890	0.04371	0.70533	0.01692	0.02185	0.02185	0.01621	0.02326	0.01339	0.01762	0.01128	0.00634	0.00705	0.00211	0.00846	0.00634	0.00352	0.01128
12	0.74510	0.01365	0.01090	0.00960	0.01409	0.01558	0.00791	0.02192	0.01271	0.08048	0.01122	0.01247	0.00842	0.00677	0.00460	0.00220	0.00555	0.00409	0.00472	0.00803
13	0.01109	0.00888	0.01281	0.01230	0.01323	0.01086	0.00957	0.01322	0.01125	0.01637	0.01778	0.02771	0.01717	0.11371	0.53934	0.00962	0.13728	0.00766	0.00375	0.00640
14	0.02915	0.01274	0.01644	0.01303	0.01824	0.01189	0.01062	0.03532	0.15240	0.57660	0.02827	0.02469	0.01843	0.00898	0.00718	0.00224	0.00598	0.00734	0.00851	0.01195
15	0.01632	0.01592	0.02717	0.10534	0.43049	0.01708	0.08271	0.02019	0.01510	0.02148	0.01419	0.05710	0.01270	0.00822	0.00986	0.00237	0.12297	0.00728	0.00360	0.00994
16	0.02054	0.02182	0.02021	0.01718	0.02044	0.31738	0.08884	0.04479	0.01825	0.06340	0.11208	0.02258	0.01939	0.03501	0.05801	0.00295	0.09722	0.00701	0.00466	0.00825
17	0.02610	0.01928	0.02074	0.01600	0.02154	0.02117	0.01316	0.63984	0.03227	0.04336	0.01770	0.04113	0.01322	0.00891	0.00713	0.00213	0.00764	0.00680	0.00702	0.03486
18	0.02322	0.10240	0.02042	0.01467	0.01942	0.11126	0.01200	0.30989	0.12335	0.07435	0.06076	0.02047	0.01689	0.00865	0.00672	0.00205	0.00751	0.00658	0.04886	0.01051
19	0.00875	0.00638	0.00824	0.00956	0.01027	0.00587	0.00649	0.01020	0.01438	0.01903	0.09013	0.62372	0.11816	0.02130	0.00897	0.00279	0.00402	0.01916	0.00670	0.00587
20	0.04060	0.39801	0.06761	0.05690	0.02003	0.12561	0.01268	0.02164	0.01518	0.04135	0.01264	0.01582	0.01096	0.04546	0.00745	0.00204	0.03031	0.00490	0.06221	0.00859
21	0.02053	0.33099	0.07347	0.01867	0.11845	0.02240	0.03564	0.18179	0.03930	0.04618	0.01405	0.01553	0.01116	0.00703	0.00597	0.00188	0.00785	0.00536	0.03342	0.01032
22	0.11224	0.01441	0.01719	0.01332	0.01877	0.01419	0.01100	0.20823	0.02305	0.45820	0.02319	0.02096	0.01508	0.00851	0.00686	0.00219	0.00648	0.00661	0.00789	0.01165
23	0.00925	0.00664	0.00869	0.00973	0.01055	0.00622	0.00682	0.01104	0.01511	0.02039	0.17895	0.49136	0.07154	0.05986	0.01045	0.00298	0.00427	0.06345	0.00674	0.00596
24	0.05200	0.03913	0.02162	0.02024	0.14060	0.03623	0.03312	0.36189	0.02534	0.09393	0.04087	0.06822	0.01629	0.00907	0.00713	0.00218	0.00755	0.00746	0.00622	0.01093
25	0.01036	0.00690	0.00777	0.00777	0.00777	0.00690	0.00431	0.01036	0.01036	0.01381	0.02244	0.04660	0.02589	0.74975	0.03624	0.00690	0.00690	0.01036	0.00431	0.00431
26	0.01020	0.00710	0.00898	0.00908	0.00952	0.00748	0.00593	0.01109	0.01090	0.01495	0.02236	0.08246	0.02455	0.48114	0.25604	0.00813	0.01067	0.01007	0.00429	0.00506
27	0.06411	0.01120	0.01169	0.01092	0.03555	0.04011	0.00812	0.13247	0.01955	0.05498	0.16128	0.02981	0.04710	0.00974	0.00633	0.00196	0.00492	0.00789	0.33419	0.00807
28	0.01345	0.01266	0.02136	0.73264	0.04904	0.01582	0.01978	0.01819	0.01424	0.01819	0.01266	0.01898	0.00949	0.00712	0.00712	0.00237	0.00949	0.00633	0.00316	0.00791
29	0.01101	0.00786	0.01094	0.01258	0.01401	0.00779	0.01066	0.01394	0.01593	0.02079	0.03796	0.19138	0.04200	0.02011	0.00971	0.00321	0.00615	0.55096	0.00657	0.00643
30	0.01546	0.01542	0.02428	0.39859	0.23444	0.05962	0.06857	0.01982	0.01547	0.02001	0.01599	0.02080	0.04607	0.00739	0.00722	0.00227	0.00928	0.00683	0.00351	0.00893
31	0.01359	0.03374	0.05029	0.06071	0.01680	0.04120	0.01088	0.03454	0.01435	0.04115	0.08213	0.04857	0.02091	0.04897	0.27298	0.00579	0.09215	0.00782	0.09611	0.00732
32	0.01874	0.70947	0.07929	0.01269	0.01906	0.02745	0.01306	0.02140	0.01450	0.01711	0.01008	0.01165	0.00913	0.00613	0.00471	0.00157	0.00780	0.00390	0.00304	0.00922
33	0.20723	0.24230	0.13732	0.01464	0.02039	0.21061	0.01391	0.04277	0.01610	0.02235	0.01089	0.01260	0.00887	0.00674	0.00547	0.00191	0.00901	0.00435	0.00365	0.00887
34	0.01008	0.00728	0.00952	0.00896	0.01064	0.00672	0.00672	0.01344	0.02016	0.02855	0.70158	0.05319	0.06719	0.01456	0.00840	0.00224	0.00336	0.01288	0.00784	0.00672
35	0.01818	0.02002	0.15945	0.09216	0.22585	0.01673	0.05284	0.09379	0.13039	0.06994	0.01891	0.02068	0.03320	0.00777	0.00716	0.00225	0.00832	0.00683	0.00482	0.01071
36	0.01448	0.01234	0.01456	0.01060	0.01662	0.00946	0.00847	0.01761	0.01456	0.02279	0.01305	0.01559	0.01100	0.00826	0.04978	0.00170	0.00613	0.00443	0.00419	0.74438
37	0.00986	0.00727	0.00921	0.00873	0.01050	0.00663	0.00655	0.01301	0.01964	0.02733	0.61852	0.05521	0.15101	0.01502	0.00840	0.00226	0.00339	0.01316	0.00768	0.00663
38	0.00980	0.00727	0.00913	0.00867	0.01047	0.00660	0.00650	0.01290	0.01950	0.02700	0.59687	0.05574	0.17286	0.01514	0.00840	0.00227	0.00340	0.01324	0.00763	0.00660
39	0.01017	0.00763	0.01144	0.01144	0.01272	0.00890	0.00890	0.01272	0.01144	0.01653	0.01907	0.02797	0.01780	0.05340	0.72153	0.01144	0.01907	0.00763	0.00381	0.00636
40	0.02557	0.13158	0.02250	0.01751	0.02151	0.62720	0.01354	0.02747	0.01940	0.01734	0.01086	0.01265	0.00917	0.00717	0.00617	0.00179	0.01213	0.00448	0.00358	0.00837
41	0.01034	0.00696	0.00804	0.00804	0.00814	0.00705	0.00466	0.01053	0.01044	0.01401	0.02219	0.04521	0.02528	0.69781	0.08736	0.00724	0.00781	0.01015	0.00428	0.00447
42	0.07556	0.01620	0.01639	0.01438	0.01865	0.04366	0.01130	0.10022	0.52404	0.06071	0.02573	0.02394	0.01913	0.00921	0.00700	0.00234	0.00613	0.00742	0.00697	0.01103
43	0.01017	0.00763	0.01144	0.01144	0.01272	0.00890	0.00890	0.01272	0.01144	0.01653	0.01907	0.02797	0.01780	0.05340	0.72153	0.01144	0.01907	0.00763	0.00381	0.00636
44	0.00868	0.00620	0.00826	0.00991	0.01033	0.00578	0.00661	0.00991	0.01363	0.01818	0.03925	0.74510	0.04710	0.02231	0.00909	0.00289	0.00413	0.02024	0.00661	0.00578
45	0.00880	0.00628	0.00840	0.01005	0.01052	0.00589	0.00682	0.01013	0.01375	0.01831	0.03918	0.71607	0.04683	0.02219	0.00912	0.00291	0.00424	0.04807	0.00661	0.00582
46	0.01747	0.01702	0.02936	0.04027	0.58797	0.01725	0.08298	0.02235	0.04165	0.02321	0.01391	0.01803	0.01155	0.00669	0.00786	0.00219	0.03901	0.00660	0.00366	0.01098
47	0.05660	0.00865	0.01101	0.01013	0.01271	0.00794	0.00768	0.01852	0.01788	0.21137	0.27257	0.22203	0.08489	0.01479	0.00803	0.00241	0.00442	0.01288	0.00753	0.00796
48	0.01327	0.00664	0.00664	0.00664	0.00830	0.00664	0.00498	0.01659	0.01493	0.02655	0.02323	0.02655	0.01825	0.00830	0.00498	0.00166	0.00332	0.00664	0.78928	0.00664
49	0.63873	0.01342	0.01174	0.01006	0.01470	0.01482	0.00829	0.02382	0.01385	0.17441	0.01373	0.01423	0.00979	0.00707	0.00499	0.00220	0.00562	0.00455	0.00533	0.00864
50	0.01830	0.64236	0.14250	0.01345	0.02023	0.02636	0.01438	0.02151	0.01456	0.01766	0.01035	0.01198	0.00912	0.00620	0.00491	0.00164	0.00807	0.00403	0.00304	0.00935
51	0.02183	0.02718	0.11885	0.01919	0.07231	0.35062	0.01534	0.10963	0.04163	0.02264	0.03478	0.01800	0.01294	0.05405	0.00947	0.00237	0.04996	0.00587	0.00427	0.00908
52	0.09406	0.01237	0.01461	0.05668	0.01772	0.01275	0.00993	0.16321	0.04026	0.22964	0.02372	0.12179	0.02016	0.09803	0.01049	0.00283	0.00628	0.00879	0.04734	0.00935
53	0.01738	0.54599	0.19519	0.01398	0.02082	0.02427	0.01523	0.02102	0.01456	0.01819	0.01210	0.05038	0.01108	0.00709	0.00532	0.00177	0.00812	0.00500	0.00322	0.00929
54	0.00910	0.00672	0.00859	0.00929	0.01041	0.00622	0.00655	0.01108	0.01580	0.02123	0.23229	0.41397	0.15235	0.02074	0.03845	0.00299	0.00445	0.01682	0.00684	0.00611
55	0.03646	0.01224	0.01963	0.49040	0.11552	0.01439	0.01721	0.01812	0.03554	0.02013	0.05594	0.09957	0.01744	0.00917	0.00732	0.00239	0.00820	0.00820	0.00401	0.00809
56	0.01477	0.01414	0.02164	0.40658	0.21888	0.05144	0.01816	0.01903	0.01592	0.02100	0.11125	0.02319	0.01820	0.00799	0.00725	0.00226	0.00851	0.00718	0.00396	0.00866
57	0.80005	0.01377	0.01047	0.00936	0.01377	0.01597	0.00771	0.02093	0.01212	0.03195	0.00991	0.01157	0.00771	0.00661	0.00441	0.00220	0.00551	0.00386	0.00441	0.00771
58	0.01683	0.01611	0.02747	0.17454	0.58070	0.01671	0.02146	0.02116	0.01584	0.02230	0.01325	0.01788	0.01094	0.00649	0.00706	0.00216	0.00866	0.00634	0.00346	0.01064
59	0.01494	0.03222	0.53713	0.02284	0.03249	0.01692	0.19741	0.02262	0.01550	0.02262	0.01320	0.01613	0.00949	0.00657	0.00719	0.00229	0.01091	0.00608	0.00316	0.01028
60	0.00893	0.00723	0.00792	0.00775	0.00993	0.00623	0.00581	0.01121	0.01744	0.02211	0.26633	0.06380	0.50646	0.01696	0.00841	0.00235	0.00353	0.01436	0.00699	0.00623
61	0.01572	0.01600	0.02416	0.02001	0.02085	0.02137	0.09289	0.01780	0.01159	0.01780	0.00994	0.01600	0.00952	0.01171	0.02163	0.00303	0.65232	0.00648	0.00317	0.00800
62	0.53282	0.01304	0.01229	0.01034	0.01502	0.01395	0.00851	0.02520	0.01483	0.24821	0.01609	0.01603	0.01117	0.00736	0.00530	0.00219	0.00562	0.00499	0.02793	0.00909
63	0.01474	0.01484	0.02869	0.02216	0.02665	0.01468	0.37432	0.04073	0.01658	0.02257	0.06349	0.13301	0.02351	0.01133	0.00988	0.00263	0.06889	0.09813	0.00477	0.00840
64	0.00892	0.00638	0.00851	0.00996	0.01054	0.00597	0.00682	0.01044	0.01434	0.01926	0.09980	0.65410	0.04868	0.02149	0.00906	0.00285	0.00416	0.04610	0.00672	0.00590
65	0.00871	0.00723	0.00762	0.00752	0.00980	0.00614	0.00564	0.01079	0.01692	0.02088	0.18349	0.06581	0.59006	0.01742	0.00841	0.00238	0.00356	0.01465	0.00683	0.00614
66	0.01507	0.01146	0.01548	0.01804	0.15560	0.01170	0.01127	0.03974	0.16667	0.07701	0.16843	0.21808	0.03514	0.01322	0.00792	0.00242	0.00544	0.01179	0.00656	0.00897
67	0.02489	0.02721	0.02076	0.01789	0.02148	0.42117	0.01400	0.19815	0.02213	0.02459	0.01233	0.01441	0.00997	0.00851	0.00942	0.00213	0.13194	0.00534	0.00448	0.00919
68	0.77760	0.01395	0.01078	0.00957	0.01401	0.01615	0.00788	0.04012	0.01274	0.03232	0.01012	0.01173	0.00784	0.00667	0.00449	0.00220	0.00558	0.00393	0.00449	0.00784
69	0.01152	0.00811	0.00947	0.00904	0.00943	0.00863	0.00569	0.04732	0.01171	0.01584	0.02125	0.04220	0.02376	0.62678	0.07771	0.00674	0.04563	0.00975	0.00437	0.00505
70	0.16358	0.01999	0.10769	0.01601	0.02215	0.01864	0.05426	0.36197	0.02473	0.11858	0.01643	0.01684	0.01152	0.00785	0.00667	0.00219	0.00780	0.00602	0.00611	0.01097
71	0.10794	0.16885	0.01921	0.01252	0.01646	0.01727	0.01028	0.21105	0.06067	0.04762	0.02055	0.18249	0.01973	0.01212	0.00813	0.05539	0.00638	0.00884	0.00563	0.00888
72	0.02494	0.19521	0.02416	0.01677	0.02118	0.49841	0.01338	0.08875	0.02015	0.01988	0.01133	0.01292	0.00944	0.00717	0.00607	0.00179	0.01119	0.00458	0.00386	0.00882
73	0.00901	0.00645	0.00856	0.00969	0.01040	0.00600	0.00664	0.01075	0.01517	0.02062	0.19546	0.58191	0.05183	0.02048	0.00893	0.00274	0.00395	0.01851	0.00690	0.00600
74	0.01026	0.00699	0.00809	0.00809	0.00832	0.00706	0.00480	0.01058	0.01070	0.01429	0.02418	0.04573	0.05328	0.65271	0.10060	0.00715	0.00793	0.01029	0.00436	0.00458
75	0.03157	0.01272	0.01690	0.01295	0.01848	0.01136	0.01070	0.08447	0.02139	0.65908	0.02725	0.02369	0.01720	0.00879	0.00716	0.00220	0.00620	0.00710	0.00868	0.01212
76	0.01147	0.00820	0.01147	0.01311	0.01475	0.00820	0.01147	0.01475	0.01639	0.02131	0.03770	0.08032	0.04098	0.01967	0.00984	0.00328	0.00656	0.65741	0.00656	0.00656
77	0.01771	0.01530	0.01610	0.01449	0.01852	0.01771	0.01127	0.03784	0.69247	0.02979	0.02898	0.02657	0.02174	0.00966	0.00725	0.00242	0.00564	0.00805	0.00725	0.01127
78	0.44236	0.01436	0.01378	0.01136	0.01612	0.01566	0.00935	0.16223	0.01841	0.17081	0.01577	0.01605	0.01118	0.00755	0.00556	0.00216	0.00599	0.00520	0.04662	0.00947
79	0.00979	0.00712	0.00921	0.00900	0.01054	0.00655	0.00663	0.01276	0.01901	0.02657	0.57271	0.15293	0.09882	0.01585	0.00850	0.00234	0.00348	0.01405	0.00760	0.00655
80	0.01165	0.01181	0.11061	0.01137	0.01444	0.00849	0.01041	0.01567	0.01883	0.04968	0.47394	0.05110	0.05299	0.01407	0.00835	0.00241	0.00499	0.11480	0.00698	0.00742
81	0.02662	0.03341	0.02022	0.01827	0.02202	0.69470	0.01375	0.05316	0.02068	0.01847	0.01124	0.01300	0.00928	0.00738	0.00645	0.00185	0.01265	0.00466	0.00380	0.00840
82	0.00992	0.00709	0.00968	0.01126	0.01223	0.00685	0.00870	0.01209	0.01501	0.01983	0.05867	0.43934	0.04509	0.02094	0.00939	0.00304	0.00515	0.29297	0.00662	0.00614
83	0.01017	0.00763	0.01144	0.01144	0.01272	0.00890	0.00890	0.01272	0.01144	0.01653	0.01907	0.02797	0.01780	0.05340	0.72153	0.01144	0.01907	0.00763	0.00381	0.00636
84	0.03109	0.01216	0.01630	0.01256	0.01793	0.01069	0.01036	0.05455	0.02059	0.66326	0.02756	0.02410	0.01748	0.00879	0.00708	0.00218	0.00601	0.00712	0.03830	0.01191
85	0.01762	0.01692	0.02890	0.04371	0.70533	0.01692	0.02185	0.02185	0.01621	0.02326	0.01339	0.01762	0.01128	0.00634	0.00705	0.00211	0.00846	0.00634	0.00352	0.01128
86	0.01327	0.00664	0.00664	0.00664	0.00830	0.00664	0.00498	0.01659	0.01493	0.02655	0.02323	0.02655	0.01825	0.00830	0.00498	0.00166	0.00332	0.00664	0.78928	0.00664
87	0.21750	0.01295	0.01853	0.54501	0.03989	0.01586	0.01665	0.01890	0.01369	0.02176	0.01195	0.01706	0.00903	0.00699	0.00642	0.00233	0.00846	0.00569	0.00349	0.00786
88	0.01429	0.01671	0.09609	0.02316	0.05584	0.01402	0.35578	0.01921	0.01621	0.02211	0.04763	0.13345	0.02297	0.01101	0.00852	0.00258	0.00936	0.11782	0.00462	0.00860
89	0.00937	0.00728	0.00854	0.00829	0.01030	0.00644	0.00627	0.01202	0.01827	0.02414	0.39812	0.06091	0.35297	0.01628	0.00845	0.00234	0.00356	0.03280	0.00725	0.00639
90	0.20411	0.22645	0.12631	0.01406	0.01892	0.06017	0.01345	0.05634	0.01453	0.02269	0.01148	0.01523	0.01002	0.05374	0.01003	0.00243	0.12272	0.00501	0.00371	0.00861
91	0.01692	0.42197	0.32900	0.01623	0.02427	0.02284	0.03876	0.02190	0.01478	0.01944	0.01128	0.01322	0.00914	0.00638	0.00563	0.00187	0.00900	0.00458	0.00305	0.00975
92	0.03195	0.01212	0.01652	0.01267	0.01818	0.01047	0.01047	0.03470	0.02038	0.71026	0.02809	0.02424	0.01763	0.00881	0.00716	0.00220	0.00606	0.00716	0.00881	0.01212
93	0.01115	0.00864	0.01283	0.11434	0.01760	0.01027	0.01024	0.01386	0.01200	0.01735	0.01816	0.02710	0.01671	0.08471	0.48930	0.00873	0.05309	0.00747	0.05991	0.00655
94	0.01762	0.01692	0.02890	0.04371	0.70533	0.01692	0.02185	0.02185	0.01621	0.02326	0.01339	0.01762	0.01128	0.00634	0.00705	0.00211	0.00846	0.00634	0.00352	0.01128
95	0.01140	0.00824	0.01124	0.01235	0.01407	0.00821	0.01054	0.01523	0.03858	0.02299	0.16680	0.07333	0.04548	0.01836	0.00947	0.00305	0.00590	0.51119	0.00683	0.00674
96	0.01036	0.00690	0.00777	0.00777	0.00777	0.00690	0.00431	0.01036	0.01036	0.01381	0.02244	0.04660	0.02589	0.74975	0.03624	0.00690	0.00690	0.01036	0.00431	0.00431
97	0.01799	0.62705	0.11895	0.01301	0.01942	0.02563	0.01364	0.02106	0.01483	0.01808	0.04617	0.01404	0.01214	0.00661	0.00504	0.00165	0.00775	0.00446	0.00329	0.00918
98	0.01345	0.01266	0.02136	0.73264	0.04904	0.01582	0.01978	0.01819	0.01424	0.01819	0.01266	0.01898	0.00949	0.00712	0.00712	0.00237	0.00949	0.00633	0.00316	0.00791
99	0.01143	0.00825	0.01135	0.01288	0.01449	0.00829	0.01105	0.01507	0.03761	0.02131	0.03756	0.13571	0.04089	0.01958	0.00969	0.00322	0.00632	0.58207	0.00658	0.00664
100	0.01496	0.01283	0.01486	0.01081	0.01699	0.01005	0.00863	0.01927	0.06041	0.02365	0.01376	0.01556	0.01130	0.00557	0.00541	0.00115	0.00530	0.00448	0.00442	0.74062
101	0.01498	0.12516	0.46588	0.01933	0.02762	0.01798	0.08381	0.02144	0.01513	0.02178	0.05510	0.01737	0.01284	0.00752	0.00799	0.00224	0.06473	0.00591	0.00338	0.00981
102	0.01417	0.01339	0.02266	0.61363	0.16241	0.01601	0.02013	0.01883	0.01458	0.01907	0.01278	0.01875	0.00980	0.00699	0.00711	0.00233	0.00931	0.00633	0.00323	0.00849
103	0.01904	0.75404	0.03731	0.01218	0.01828	0.02818	0.01218	0.02132	0.01447	0.01675	0.00990	0.01142	0.00914	0.00609	0.00457	0.00152	0.00761	0.00381	0.00305	0.00914
104	0.00875	0.00626	0.00833	0.00986	0.01034	0.00583	0.00662	0.01011	0.01399	0.01874	0.07522	0.70752	0.04819	0.02189	0.00905	0.00286	0.00409	0.01984	0.00668	0.00583
105	0.01120	0.00754	0.00981	0.00909	0.01101	0.00689	0.00687	0.01447	0.02002	0.06522	0.64045	0.05222	0.08927	0.01438	0.00833	0.00224	0.00352	0.01265	0.00784	0.00698
106	0.02200	0.01505	0.01595	0.01280	0.01701	0.01640	0.01039	0.43713	0.02666	0.03814	0.01935	0.02057	0.01437	0.00846	0.00633	0.00196	0.00618	0.00649	0.29465	0.01010
107	0.01237	0.00618	0.00928	0.00928	0.00928	0.00618	0.00618	0.00928	0.00928	0.01237	0.01237	0.02165	0.01237	0.02474	0.02783	0.79283	0.00618	0.00618	0.00309	0.00309
108	0.02660	0.03394	0.02018	0.01834	0.02201	0.72116	0.01376	0.02843	0.02018	0.01743	0.01101	0.01284	0.00917	0.00734	0.00642	0.00183	0.01284	0.00459	0.00367	0.00825
109	0.01907	0.01541	0.01645	0.01451	0.01872	0.01759	0.01137	0.07767	0.61501	0.06768	0.02820	0.02585	0.02092	0.00955	0.00723	0.00239	0.00580	0.00790	0.00732	0.01137
110	0.00945	0.00732	0.00869	0.00883	0.01076	0.00656	0.00682	0.01198	0.01747	0.02270	0.28285	0.10170	0.35035	0.01730	0.00865	0.00250	0.00398	0.10871	0.00703	0.00632
111	0.00967	0.00771	0.00853	0.00815	0.01043	0.00685	0.00616	0.03610	0.01821	0.02338	0.28582	0.06137	0.45926	0.01649	0.00836	0.00234	0.00368	0.01397	0.00705	0.00648
112	0.07763	0.01551	0.01818	0.01402	0.01954	0.01569	0.01158	0.30548	0.02537	0.38871	0.02235	0.02045	0.01469	0.00856	0.00697	0.00218	0.00677	0.00664	0.00783	0.01184
113	0.77451	0.01372	0.01067	0.00947	0.01392	0.01579	0.00780	0.02139	0.01239	0.05451	0.01052	0.01199	0.00804	0.00668	0.00450	0.00220	0.00553	0.00397	0.00455	0.00786
114	0.01024	0.00737	0.01012	0.01012	0.01093	0.00818	0.00725	0.01186	0.01105	0.01555	0.02029	0.03470	0.02072	0.30479	0.47414	0.00980	0.01468	0.00861	0.00400	0.00562
115	0.02961	0.01339	0.01706	0.01319	0.01849	0.01257	0.01085	0.16355	0.02300	0.53401	0.06773	0.02460	0.01960	0.00912	0.00723	0.00219	0.00625	0.00737	0.00841	0.01178
116	0.01655	0.01857	0.03907	0.05622	0.03572	0.01832	0.58349	0.02203	0.01608	0.02203	0.01380	0.01881	0.01060	0.00673	0.00994	0.00248	0.08859	0.00809	0.00353	0.00935
117	0.02660	0.03394	0.02018	0.01834	0.02201	0.72116	0.01376	0.02843	0.02018	0.01743	0.01101	0.01284	0.00917	0.00734	0.00642	0.00183	0.01284	0.00459	0.00367	0.00825
118	0.77333	0.01353	0.01034	0.00927	0.01358	0.01566	0.00762	0.02078	0.01221	0.03176	0.01037	0.01208	0.00807	0.00667	0.00443	0.00218	0.00543	0.00395	0.03106	0.00768
119	0.01016	0.00709	0.00943	0.01047	0.01122	0.00707	0.00770	0.01169	0.01331	0.01771	0.03198	0.29142	0.03630	0.19623	0.08471	0.03160	0.00700	0.20360	0.00567	0.00563
120	0.04986	0.01285	0.01624	0.01255	0.01787	0.01170	0.01023	0.09013	0.04576	0.50160	0.02468	0.02314	0.01654	0.03726	0.00801	0.00226	0.00613	0.00683	0.00779	0.09857
121	0.05774	0.01609	0.04632	0.23383	0.41981	0.01648	0.02004	0.04069	0.01606	0.04623	0.01359	0.01782	0.01076	0.00674	0.00693	0.00220	0.00856	0.00621	0.00374	0.01017
122	0.01281	0.01265	0.06012	0.24160	0.12724	0.01215	0.01500	0.01717	0.03471	0.02125	0.09164	0.10230	0.08058	0.01182	0.00783	0.00245	0.00715	0.10196	0.00490	0.03467
123	0.03130	0.01256	0.01672	0.01289	0.01836	0.01120	0.01062	0.06305	0.04158	0.66032	0.02764	0.02400	0.01751	0.00883	0.00716	0.00221	0.00612	0.00716	0.00869	0.01209
124	0.00880	0.00634	0.00827	0.00965	0.01023	0.00589	0.00648	0.01016	0.01406	0.01873	0.08074	0.64644	0.08170	0.04394	0.00984	0.00295	0.00414	0.01922	0.00661	0.00581
125	0.06397	0.05573	0.55608	0.02065	0.05173	0.04630	0.06379	0.02265	0.01520	0.02278	0.01256	0.01496	0.00913	0.00670	0.00665	0.00222	0.01024	0.00533	0.00318	0.01018
126	0.00908	0.00648	0.00872	0.01037	0.01096	0.00613	0.00731	0.01061	0.01403	0.01863	0.03903	0.65007	0.04622	0.02193	0.00920	0.00295	0.00448	0.11133	0.00660	0.00589
127	0.01009	0.00726	0.00942	0.00889	0.01048	0.00673	0.00659	0.01327	0.01962	0.02775	0.66469	0.05283	0.06494	0.05449	0.00991	0.00249	0.00355	0.01274	0.00765	0.00659
128	0.06312	0.01111	0.01220	0.01198	0.03365	0.04872	0.00861	0.07960	0.03849	0.06480	0.13376	0.30743	0.07621	0.01495	0.00783	0.00239	0.00526	0.01297	0.00645	0.06047
129	0.01562	0.07064	0.06808	0.38965	0.08421	0.01654	0.11519	0.03912	0.01561	0.05038	0.01513	0.06105	0.01240	0.00781	0.00721	0.00230	0.00920	0.00724	0.00380	0.00882
130	0.01109	0.00801	0.01099	0.01252	0.01413	0.00790	0.01076	0.01415	0.01621	0.02098	0.04011	0.12084	0.08585	0.01972	0.00969	0.00320	0.00621	0.57460	0.00656	0.00647
131	0.01567	0.01599	0.03133	0.02331	0.02805	0.01626	0.42836	0.02015	0.01513	0.02180	0.01537	0.02150	0.01264	0.05742	0.01225	0.00272	0.12971	0.00792	0.11588	0.00853
132	0.01471	0.09275	0.59043	0.06426	0.03117	0.01749	0.04886	0.02219	0.01500	0.02182	0.01260	0.01514	0.00912	0.00670	0.00667	0.00221	0.01028	0.00533	0.00304	0.01022

[dist]
# distance from previous block
# <min> <max>
2	4

[block]
# block no. 2 follows, 29 sequences, length 86
# corresponding to MSA columns:
# 297-382
name=unknown_C
#
# <colnr> <probs for GDERKNQSTAVLIFYWHMCP>
#	G	D	E	R	K	N	Q	S	T	A	V	L	I	F	Y	W	H	M	C	P
0	0.01515	0.01607	0.02685	0.05018	0.04459	0.07279	0.29505	0.01873	0.01516	0.02005	0.01975	0.20944	0.01996	0.01152	0.01078	0.00259	0.12813	0.01072	0.00430	0.00817
1	0.01495	0.01418	0.02384	0.41313	0.31984	0.01583	0.01998	0.01935	0.01515	0.02035	0.01570	0.02070	0.04208	0.00730	0.00715	0.00227	0.00879	0.00673	0.00347	0.00922
2	0.04701	0.01267	0.01470	0.01063	0.01683	0.00981	0.00853	0.01909	0.01501	0.06634	0.01351	0.01523	0.01088	0.00555	0.00536	0.00117	0.00533	0.00439	0.00451	0.71345
3	0.02023	0.64546	0.03496	0.01281	0.01884	0.02727	0.01238	0.11898	0.01728	0.02091	0.01096	0.01226	0.00958	0.00646	0.00495	0.00161	0.00765	0.00419	0.00365	0.00958
4	0.02063	0.01519	0.01700	0.01378	0.01743	0.01663	0.01080	0.39850	0.02404	0.03254	0.01805	0.05620	0.01607	0.14949	0.01511	0.06119	0.05263	0.00764	0.00587	0.05121
5	0.00894	0.00723	0.00795	0.00777	0.00994	0.00624	0.00583	0.01124	0.01748	0.02220	0.27213	0.06365	0.50060	0.01693	0.00841	0.00235	0.00353	0.01434	0.00700	0.00624
6	0.01771	0.01530	0.01610	0.01449	0.01852	0.01771	0.01127	0.03784	0.69247	0.02979	0.02898	0.02657	0.02174	0.00966	0.00725	0.00242	0.00564	0.00805	0.00725	0.01127
7	0.00883	0.00683	0.00806	0.00859	0.01009	0.00606	0.00612	0.01071	0.01596	0.02058	0.17815	0.32840	0.32804	0.01904	0.00867	0.00256	0.00376	0.01665	0.00684	0.00606
8	0.00993	0.00727	0.00931	0.00880	0.01055	0.00666	0.00660	0.01315	0.01981	0.02772	0.64534	0.05456	0.12395	0.01487	0.00840	0.00225	0.00338	0.01307	0.00773	0.00666
9	0.02398	0.01841	0.01963	0.01576	0.02091	0.02064	0.01279	0.46943	0.25066	0.03990	0.02101	0.02022	0.01528	0.00891	0.00716	0.00223	0.00711	0.00695	0.00716	0.01183
10	0.01021	0.00740	0.00886	0.00846	0.01052	0.00656	0.00636	0.01289	0.01846	0.04984	0.41641	0.08021	0.30591	0.01591	0.00838	0.00232	0.00358	0.01372	0.00737	0.00662
11	0.00885	0.00632	0.00846	0.01011	0.01060	0.00593	0.00691	0.01022	0.01380	0.01837	0.03915	0.70370	0.04671	0.02214	0.00914	0.00292	0.00428	0.05993	0.00661	0.00583
12	0.01477	0.01266	0.01477	0.01055	0.01687	0.00949	0.00844	0.01793	0.01477	0.02320	0.01266	0.01477	0.01055	0.00527	0.00527	0.00105	0.00527	0.00422	0.00422	0.79328
13	0.03060	0.01208	0.01609	0.01244	0.01771	0.01067	0.01024	0.05839	0.02054	0.64216	0.02737	0.02411	0.01745	0.00877	0.00702	0.00217	0.00596	0.00710	0.05736	0.01178
14	0.01263	0.00798	0.01001	0.00935	0.01133	0.00756	0.00704	0.04562	0.01934	0.07454	0.45746	0.12479	0.05240	0.01393	0.00787	0.00223	0.00383	0.01219	0.11265	0.00722
15	0.16271	0.01356	0.01620	0.01265	0.01800	0.01313	0.01045	0.12802	0.02090	0.49573	0.02335	0.02101	0.01511	0.00840	0.00668	0.00219	0.00623	0.00648	0.00781	0.01136
16	0.02423	0.39878	0.02807	0.01344	0.01901	0.11922	0.01200	0.06721	0.01812	0.21429	0.01564	0.01559	0.01172	0.00719	0.00572	0.00180	0.00792	0.00502	0.00501	0.01004
17	0.00955	0.00722	0.00890	0.00943	0.01101	0.00667	0.00718	0.01181	0.01621	0.02114	0.19016	0.20168	0.25874	0.04661	0.03280	0.00309	0.00485	0.14008	0.00669	0.00617
18	0.58650	0.01411	0.01457	0.10268	0.12208	0.01610	0.01131	0.02074	0.01299	0.02897	0.01077	0.01338	0.00847	0.00663	0.00513	0.00221	0.00644	0.00453	0.00412	0.00827
19	0.07872	0.01538	0.01652	0.01380	0.01790	0.04792	0.01099	0.32806	0.02382	0.12855	0.02214	0.15415	0.01946	0.01496	0.07110	0.00311	0.00796	0.00893	0.00661	0.00992
20	0.01000	0.00727	0.00918	0.01007	0.01113	0.00695	0.00712	0.04653	0.01565	0.02082	0.10737	0.51822	0.10206	0.04067	0.00966	0.00288	0.00443	0.05704	0.00669	0.00624
21	0.01600	0.01483	0.02071	0.35030	0.16302	0.05934	0.01705	0.08034	0.05335	0.02269	0.04250	0.05047	0.03764	0.00890	0.00733	0.00232	0.00843	0.03150	0.00438	0.00890
22	0.00911	0.00732	0.00809	0.00817	0.01028	0.00640	0.00625	0.01127	0.01671	0.02088	0.17601	0.06633	0.49570	0.04458	0.00959	0.00264	0.00400	0.08380	0.00673	0.00613
23	0.80005	0.01377	0.01047	0.00936	0.01377	0.01597	0.00771	0.02093	0.01212	0.03195	0.00991	0.01157	0.00771	0.00661	0.00441	0.00220	0.00551	0.00386	0.00441	0.00771
24	0.01699	0.01643	0.02675	0.15383	0.55111	0.03852	0.02087	0.02120	0.01602	0.02218	0.01411	0.02006	0.01204	0.00700	0.00715	0.00219	0.00869	0.03080	0.00358	0.01046
25	0.02512	0.02014	0.12197	0.01587	0.02195	0.01807	0.01444	0.41963	0.02707	0.17100	0.01985	0.05854	0.01468	0.00910	0.00719	0.00221	0.00768	0.00716	0.00682	0.01153
26	0.00897	0.00729	0.00799	0.00797	0.01016	0.00630	0.00608	0.01121	0.01711	0.02142	0.20874	0.06588	0.52121	0.01737	0.00850	0.00242	0.00374	0.05456	0.00688	0.00620
27	0.01558	0.01558	0.02181	0.01869	0.01869	0.02181	0.01558	0.01714	0.01091	0.01714	0.00935	0.01558	0.00935	0.01246	0.02337	0.00312	0.73672	0.00623	0.00312	0.00779
28	0.65582	0.01346	0.01160	0.00998	0.01460	0.01494	0.00823	0.02352	0.01367	0.15932	0.01333	0.01395	0.00957	0.00702	0.00492	0.00220	0.00561	0.00448	0.00523	0.00854
