[name]
unknown

[dist]
# distance from previous block
# <min> <max>
41	116

[block]
# block no. 0 follows, 29 sequences, length 39
# corresponding to MSA columns:
# 128-166
name=unknown_A
#
# <colnr> <probs for GDERKNQSTAVLIFYWHMCP>
#	G	D	E	R	K	N	Q	S	T	A	V	L	I	F	Y	W	H	M	C	P
0	0.09547	0.01673	0.12190	0.18523	0.05395	0.01478	0.01489	0.11854	0.04975	0.06358	0.08189	0.04366	0.01789	0.00857	0.00679	0.00219	0.00733	0.00704	0.04763	0.04220
1	0.05884	0.07040	0.01492	0.01175	0.01490	0.03163	0.00918	0.17339	0.01993	0.05932	0.12876	0.26630	0.05286	0.01388	0.00757	0.00232	0.00560	0.01182	0.00644	0.04019
2	0.23879	0.06526	0.01398	0.01182	0.04618	0.05053	0.00885	0.05460	0.01677	0.04834	0.16380	0.06764	0.09399	0.01044	0.00645	0.00211	0.00552	0.00828	0.03738	0.04928
3	0.26505	0.10957	0.01785	0.01311	0.01734	0.13637	0.01067	0.18151	0.01927	0.02876	0.01623	0.10575	0.01499	0.00944	0.00615	0.00216	0.00743	0.02446	0.00511	0.00878
4	0.43721	0.06317	0.01889	0.01430	0.01914	0.11492	0.11060	0.04852	0.01554	0.05549	0.03544	0.01505	0.01108	0.00702	0.00566	0.00214	0.00768	0.00518	0.00450	0.00848
5	0.25115	0.05486	0.06594	0.01354	0.05380	0.05148	0.01096	0.04855	0.08158	0.06917	0.09475	0.02885	0.09858	0.00990	0.00653	0.00224	0.00628	0.03767	0.00552	0.00866
6	0.01125	0.00854	0.01001	0.00946	0.01165	0.00797	0.00702	0.07639	0.01841	0.02469	0.26967	0.19597	0.22141	0.04118	0.00921	0.00250	0.00424	0.01380	0.00687	0.04976
7	0.13035	0.09557	0.01252	0.01032	0.01234	0.04877	0.00771	0.01393	0.01408	0.02014	0.03269	0.45188	0.09058	0.01688	0.00766	0.00253	0.00517	0.01457	0.00570	0.00662
8	0.01579	0.19770	0.35802	0.05866	0.10541	0.01844	0.02008	0.02141	0.01496	0.02112	0.01216	0.01467	0.00951	0.00641	0.00613	0.00194	0.00894	0.00499	0.00322	0.10042
9	0.07135	0.02174	0.17096	0.03373	0.44266	0.05467	0.02105	0.02204	0.01561	0.02308	0.01268	0.01630	0.01034	0.00683	0.00763	0.00219	0.04732	0.00584	0.00346	0.01053
10	0.11123	0.17213	0.44438	0.01773	0.02635	0.01896	0.05149	0.04154	0.01520	0.02324	0.01207	0.01417	0.00906	0.00663	0.00614	0.00211	0.00934	0.00499	0.00333	0.00992
11	0.01085	0.00886	0.04185	0.00975	0.01090	0.00782	0.00694	0.05242	0.01386	0.01860	0.05732	0.31573	0.05487	0.33408	0.02052	0.00450	0.00581	0.01396	0.00553	0.00581
12	0.01551	0.09094	0.57193	0.02031	0.03000	0.01739	0.08654	0.02290	0.01534	0.04583	0.01323	0.01546	0.00950	0.00671	0.00676	0.00221	0.01028	0.00551	0.00327	0.01038
13	0.01036	0.00690	0.00777	0.00777	0.00777	0.00690	0.00431	0.01036	0.01036	0.01381	0.02244	0.04660	0.02589	0.74975	0.03624	0.00690	0.00690	0.01036	0.00431	0.00431
14	0.01707	0.01752	0.06267	0.04099	0.64188	0.01644	0.02139	0.02140	0.01615	0.02306	0.01583	0.01963	0.04022	0.00686	0.00709	0.00213	0.00836	0.00665	0.00363	0.01102
15	0.01477	0.01266	0.01477	0.01055	0.01687	0.00949	0.00844	0.01793	0.01477	0.02320	0.01266	0.01477	0.01055	0.00527	0.00527	0.00105	0.00527	0.00422	0.00422	0.79328
16	0.02722	0.02016	0.02116	0.01632	0.02195	0.04587	0.01344	0.63685	0.03257	0.06670	0.01726	0.01719	0.01220	0.00852	0.00710	0.00213	0.00795	0.00637	0.00706	0.01198
17	0.01036	0.00690	0.00777	0.00777	0.00777	0.00690	0.00431	0.01036	0.01036	0.01381	0.02244	0.04660	0.02589	0.74975	0.03624	0.00690	0.00690	0.01036	0.00431	0.00431
18	0.08335	0.62843	0.06604	0.01251	0.01865	0.02637	0.01253	0.04941	0.01511	0.01947	0.01034	0.01184	0.00914	0.00627	0.00477	0.00164	0.00759	0.00399	0.00333	0.00921
19	0.01516	0.06810	0.49108	0.02198	0.03097	0.01774	0.17164	0.02226	0.01518	0.02203	0.01281	0.01582	0.00944	0.00686	0.00791	0.00230	0.04952	0.00595	0.00315	0.01010
20	0.01052	0.00752	0.01091	0.01091	0.01222	0.00865	0.00846	0.01315	0.01183	0.01765	0.01954	0.02781	0.01785	0.04836	0.64139	0.01035	0.01731	0.00752	0.09167	0.00639
21	0.00875	0.00625	0.00833	0.00986	0.01034	0.00583	0.00662	0.01010	0.01398	0.01872	0.07416	0.70863	0.04815	0.02190	0.00905	0.00286	0.00409	0.01985	0.00667	0.00583
22	0.01733	0.01709	0.03058	0.06965	0.57774	0.01704	0.12109	0.02185	0.01622	0.02299	0.01352	0.01792	0.01113	0.00632	0.00726	0.00217	0.00904	0.00665	0.00352	0.01089
23	0.02390	0.04257	0.01515	0.01157	0.01600	0.01072	0.00941	0.02812	0.07773	0.43182	0.13756	0.03378	0.10859	0.01079	0.00740	0.00222	0.00537	0.00894	0.00801	0.01034
24	0.01147	0.00820	0.01147	0.01311	0.01475	0.00820	0.01147	0.01475	0.01639	0.02131	0.03770	0.08032	0.04098	0.01967	0.00984	0.00328	0.00656	0.65741	0.00656	0.00656
25	0.07199	0.03514	0.66127	0.01949	0.02957	0.01650	0.02494	0.02243	0.01482	0.02324	0.01257	0.01478	0.00892	0.00675	0.00659	0.00225	0.01016	0.00516	0.00311	0.01032
26	0.02540	0.01966	0.02040	0.01613	0.02145	0.04821	0.01314	0.54303	0.14908	0.04116	0.01896	0.01860	0.01369	0.00870	0.00712	0.00217	0.00764	0.00663	0.00701	0.01181
27	0.01225	0.00811	0.01037	0.00961	0.01159	0.00764	0.00723	0.04985	0.01970	0.06965	0.51110	0.10776	0.08384	0.01512	0.00914	0.03589	0.00396	0.01261	0.00750	0.00708
28	0.01648	0.01587	0.02740	0.22633	0.50515	0.01667	0.04660	0.02092	0.01571	0.02190	0.01324	0.01805	0.01079	0.00654	0.00712	0.00219	0.00887	0.00642	0.00343	0.01032
29	0.01825	0.01946	0.14564	0.01666	0.04858	0.01722	0.01450	0.17441	0.32338	0.03064	0.04402	0.07556	0.02008	0.00982	0.00729	0.00234	0.00696	0.00815	0.00626	0.01078
30	0.09576	0.05131	0.04140	0.17385	0.17837	0.01444	0.01482	0.04213	0.01720	0.15148	0.12802	0.02395	0.02070	0.00840	0.00691	0.00219	0.00711	0.00715	0.00529	0.00951
31	0.01606	0.01497	0.02456	0.36392	0.23957	0.01663	0.06974	0.06922	0.05274	0.02267	0.01569	0.02009	0.02821	0.00731	0.00724	0.00228	0.00890	0.00681	0.00390	0.00949
32	0.08362	0.17957	0.14021	0.02250	0.16089	0.07041	0.10910	0.02180	0.03213	0.02158	0.01399	0.04690	0.01205	0.00965	0.04414	0.00257	0.00949	0.00627	0.00367	0.00944
33	0.01896	0.01832	0.02534	0.12648	0.43103	0.09069	0.01915	0.08899	0.06638	0.02461	0.01453	0.01789	0.01166	0.00701	0.00701	0.00214	0.00879	0.00629	0.00412	0.01061
34	0.01759	0.17576	0.07650	0.17400	0.24172	0.09198	0.01768	0.04185	0.01607	0.02044	0.01329	0.03722	0.01149	0.02699	0.00729	0.00217	0.00892	0.00604	0.00355	0.00943
35	0.01822	0.04828	0.05659	0.10204	0.27614	0.05360	0.12488	0.10683	0.01814	0.02444	0.01475	0.02058	0.01232	0.00776	0.00819	0.00228	0.04959	0.04124	0.00407	0.01005
36	0.04899	0.04406	0.01612	0.01288	0.01624	0.04811	0.05764	0.07846	0.09819	0.11736	0.21769	0.09139	0.03332	0.07569	0.01004	0.00267	0.00612	0.00988	0.00657	0.00858
37	0.01917	0.19198	0.02239	0.11795	0.02224	0.11403	0.01284	0.07790	0.01766	0.09042	0.08252	0.02323	0.06800	0.00939	0.00867	0.00214	0.09905	0.00684	0.00481	0.00876
38	0.07624	0.01671	0.02109	0.26587	0.19070	0.09593	0.01672	0.07192	0.09022	0.02350	0.01488	0.01857	0.01171	0.00975	0.04450	0.00270	0.00929	0.00621	0.00417	0.00933

[dist]
# distance from previous block
# <min> <max>
58	348

[block]
# block no. 1 follows, 29 sequences, length 10
# corresponding to MSA columns:
# 576-585
name=unknown_B
#
# <colnr> <probs for GDERKNQSTAVLIFYWHMCP>
#	G	D	E	R	K	N	Q	S	T	A	V	L	I	F	Y	W	H	M	C	P
0	0.01189	0.04878	0.06841	0.01189	0.01473	0.00999	0.01060	0.01682	0.07262	0.02428	0.26957	0.05683	0.08959	0.01522	0.00851	0.00261	0.00553	0.24813	0.00660	0.00741
1	0.01553	0.09578	0.57570	0.01847	0.02776	0.01667	0.02298	0.02251	0.01505	0.06215	0.01395	0.01695	0.01044	0.04654	0.00817	0.00244	0.00982	0.00552	0.00342	0.01017
2	0.01527	0.01377	0.02100	0.56017	0.04206	0.01698	0.01824	0.08571	0.06665	0.02165	0.01410	0.01914	0.01066	0.00781	0.00821	0.00240	0.05730	0.00646	0.00386	0.00857
3	0.02537	0.01449	0.06964	0.01300	0.01876	0.01164	0.01135	0.07386	0.04808	0.42338	0.06323	0.02320	0.01845	0.00839	0.00688	0.00201	0.00621	0.00682	0.00733	0.14790
4	0.03195	0.01212	0.01652	0.01267	0.01818	0.01047	0.01047	0.03470	0.02038	0.71026	0.02809	0.02424	0.01763	0.00881	0.00716	0.00220	0.00606	0.00716	0.00881	0.01212
5	0.01036	0.00690	0.00777	0.00777	0.00777	0.00690	0.00431	0.01036	0.01036	0.01381	0.02244	0.04660	0.02589	0.74975	0.03624	0.00690	0.00690	0.01036	0.00431	0.00431
6	0.01676	0.01852	0.08361	0.23377	0.41884	0.06332	0.02111	0.02132	0.01582	0.02139	0.01298	0.01747	0.01045	0.00666	0.00700	0.00218	0.00921	0.00613	0.00339	0.01007
7	0.02208	0.02162	0.01707	0.01487	0.01850	0.29206	0.01124	0.13209	0.13838	0.06141	0.01814	0.02253	0.01528	0.13744	0.01187	0.00286	0.00905	0.00662	0.00527	0.04163
8	0.01275	0.00911	0.01100	0.01099	0.01242	0.00938	0.00798	0.12796	0.01651	0.02205	0.02989	0.31840	0.03333	0.20569	0.05212	0.00426	0.00656	0.09700	0.00597	0.00664
9	0.01768	0.42942	0.27561	0.01549	0.02294	0.05976	0.01725	0.02285	0.04444	0.01942	0.01181	0.01344	0.00965	0.00655	0.00556	0.00184	0.00884	0.00455	0.00325	0.00968

[dist]
# distance from previous block
# <min> <max>
1	3

[block]
# block no. 2 follows, 29 sequences, length 23
# corresponding to MSA columns:
# 589-611
name=unknown_C
#
# <colnr> <probs for GDERKNQSTAVLIFYWHMCP>
#	G	D	E	R	K	N	Q	S	T	A	V	L	I	F	Y	W	H	M	C	P
0	0.08694	0.42436	0.05749	0.01572	0.05741	0.11380	0.04696	0.02296	0.01553	0.06220	0.01196	0.01375	0.00998	0.00779	0.02485	0.00204	0.00871	0.00466	0.00368	0.00921
1	0.01168	0.00772	0.00938	0.00877	0.01091	0.00699	0.00656	0.01410	0.01744	0.09030	0.31623	0.05356	0.27691	0.07990	0.05504	0.00326	0.00499	0.01252	0.00696	0.00678
2	0.01225	0.07559	0.01326	0.01080	0.01330	0.01090	0.00871	0.03837	0.09644	0.02257	0.16486	0.04812	0.17118	0.05025	0.12635	0.00409	0.00743	0.11214	0.00606	0.00733
3	0.08438	0.46968	0.02984	0.09027	0.06363	0.03728	0.01290	0.05022	0.01557	0.02036	0.03608	0.01619	0.03414	0.00707	0.00539	0.00179	0.00753	0.00504	0.00368	0.00895
4	0.01693	0.01622	0.02753	0.12231	0.56510	0.01636	0.04059	0.02121	0.01591	0.02265	0.01329	0.01765	0.01101	0.00636	0.00699	0.00209	0.00849	0.00627	0.00353	0.05951
5	0.01638	0.01329	0.01597	0.03882	0.04164	0.01111	0.00981	0.05379	0.05321	0.05541	0.01450	0.01621	0.01155	0.00594	0.00569	0.00132	0.00572	0.00482	0.00468	0.62012
6	0.01643	0.01411	0.02462	0.42182	0.06064	0.01557	0.14371	0.02094	0.01535	0.09564	0.01456	0.01915	0.01075	0.00720	0.00799	0.00230	0.04204	0.00668	0.00394	0.05656
7	0.01391	0.01068	0.01135	0.01048	0.01257	0.06872	0.00772	0.01837	0.09246	0.07488	0.39671	0.06543	0.04680	0.12421	0.01224	0.00295	0.00517	0.01108	0.00692	0.00735
8	0.02523	0.01903	0.02034	0.01601	0.02138	0.02122	0.01309	0.55517	0.16289	0.04191	0.01943	0.01896	0.01400	0.00877	0.00715	0.00219	0.00740	0.00673	0.00715	0.01194
9	0.01615	0.01569	0.02648	0.22415	0.39103	0.01742	0.05430	0.02021	0.01491	0.02095	0.01264	0.01776	0.01048	0.00746	0.00960	0.00235	0.11885	0.00643	0.00337	0.00976
10	0.01631	0.01057	0.01578	0.10026	0.12273	0.01049	0.01275	0.01976	0.01756	0.15786	0.15837	0.06538	0.03352	0.01315	0.00827	0.00257	0.00640	0.21336	0.00640	0.00853
11	0.01529	0.20156	0.50776	0.01826	0.02730	0.01889	0.04202	0.02191	0.01516	0.02145	0.03960	0.01584	0.01142	0.00690	0.00637	0.00209	0.00961	0.00532	0.00323	0.01002
12	0.01136	0.00812	0.01131	0.01276	0.01440	0.00807	0.01107	0.01464	0.01671	0.02192	0.09394	0.07802	0.04320	0.01924	0.00971	0.00319	0.00629	0.60281	0.00667	0.00657
13	0.01454	0.07563	0.67631	0.01986	0.03014	0.01717	0.02554	0.02248	0.01500	0.02224	0.01262	0.01484	0.00903	0.00673	0.00665	0.00222	0.01037	0.00518	0.00301	0.01045
14	0.01660	0.19642	0.47758	0.01855	0.02757	0.01888	0.06029	0.02304	0.01534	0.06407	0.01318	0.01503	0.00969	0.00670	0.00639	0.00209	0.00967	0.00523	0.00341	0.01026
15	0.01389	0.01311	0.02216	0.65965	0.11857	0.01594	0.02000	0.01858	0.01445	0.01873	0.01273	0.01884	0.00968	0.00704	0.00711	0.00235	0.00938	0.00633	0.00320	0.00827
16	0.00850	0.00713	0.00739	0.00751	0.00972	0.00602	0.00556	0.01032	0.01617	0.01952	0.09446	0.12523	0.62158	0.01826	0.00847	0.00244	0.00364	0.01538	0.00666	0.00602
17	0.01609	0.02044	0.11400	0.02786	0.03506	0.01718	0.57121	0.02208	0.01644	0.02253	0.01557	0.05802	0.01257	0.00697	0.00826	0.00241	0.01142	0.00870	0.00370	0.00950
18	0.01678	0.01593	0.02705	0.13065	0.58598	0.01633	0.02106	0.02102	0.01597	0.02251	0.01453	0.02098	0.01256	0.00712	0.00720	0.00221	0.00850	0.03938	0.00363	0.01061
19	0.00868	0.00620	0.00826	0.00991	0.01033	0.00578	0.00661	0.00991	0.01363	0.01818	0.03925	0.74510	0.04710	0.02231	0.00909	0.00289	0.00413	0.02024	0.00661	0.00578
20	0.03170	0.01252	0.01677	0.01286	0.01838	0.01106	0.01062	0.06753	0.02105	0.67650	0.02753	0.02387	0.01735	0.00880	0.00716	0.00220	0.00615	0.00712	0.00873	0.01212
21	0.01895	0.01966	0.02645	0.06335	0.53222	0.14783	0.01994	0.02272	0.01689	0.02193	0.01368	0.01875	0.01175	0.00698	0.00702	0.00211	0.00925	0.02643	0.00363	0.01044
22	0.04736	0.01054	0.01317	0.08301	0.01700	0.01108	0.03350	0.12887	0.01842	0.06523	0.09587	0.08240	0.02295	0.01076	0.00768	0.04375	0.00547	0.00828	0.28677	0.00789

[dist]
# distance from previous block
# <min> <max>
5	13

[block]
# block no. 3 follows, 29 sequences, length 124
# corresponding to MSA columns:
# 625-748
name=unknown_D
#
# <colnr> <probs for GDERKNQSTAVLIFYWHMCP>
#	G	D	E	R	K	N	Q	S	T	A	V	L	I	F	Y	W	H	M	C	P
0	0.01163	0.00844	0.01115	0.01230	0.01403	0.00839	0.01032	0.04972	0.01687	0.02192	0.03966	0.18057	0.09477	0.01935	0.00945	0.00308	0.00600	0.46905	0.00660	0.00669
1	0.01477	0.01266	0.01477	0.01055	0.01687	0.00949	0.00844	0.01793	0.01477	0.02320	0.01266	0.01477	0.01055	0.00527	0.00527	0.00105	0.00527	0.00422	0.00422	0.79328
2	0.01428	0.03683	0.71286	0.02030	0.03082	0.01654	0.02631	0.02255	0.01503	0.02255	0.01278	0.01503	0.00902	0.00677	0.00677	0.00226	0.01052	0.00526	0.00301	0.01052
3	0.01237	0.00618	0.00928	0.00928	0.00928	0.00618	0.00618	0.00928	0.00928	0.01237	0.01237	0.02165	0.01237	0.02474	0.02783	0.79283	0.00618	0.00618	0.00309	0.00309
4	0.01230	0.01038	0.01390	0.01489	0.04637	0.04734	0.05379	0.01536	0.01633	0.02075	0.03759	0.13413	0.10884	0.01761	0.00921	0.00296	0.00677	0.41850	0.00609	0.00692
5	0.01036	0.00690	0.00777	0.00777	0.00777	0.00690	0.00431	0.01036	0.01036	0.01381	0.02244	0.04660	0.02589	0.74975	0.03624	0.00690	0.00690	0.01036	0.00431	0.00431
6	0.02729	0.01958	0.02115	0.01621	0.02190	0.02154	0.01339	0.65165	0.03287	0.07568	0.01760	0.01743	0.01236	0.00856	0.00713	0.00214	0.00775	0.00645	0.00720	0.01211
7	0.01738	0.01808	0.06095	0.04103	0.59552	0.01703	0.10055	0.02200	0.01623	0.02318	0.01349	0.01770	0.01112	0.00632	0.00720	0.00216	0.00897	0.00654	0.00351	0.01105
8	0.01488	0.00910	0.01222	0.01270	0.01513	0.00886	0.01089	0.01876	0.04832	0.13361	0.03809	0.06791	0.08147	0.01733	0.00918	0.00300	0.00623	0.47771	0.00696	0.00764
9	0.01047	0.00787	0.01007	0.01117	0.01307	0.00748	0.00948	0.01326	0.01634	0.02063	0.04902	0.07645	0.25839	0.01913	0.00937	0.00299	0.00559	0.44627	0.00658	0.00638
10	0.01345	0.01266	0.02136	0.73264	0.04904	0.01582	0.01978	0.01819	0.01424	0.01819	0.01266	0.01898	0.00949	0.00712	0.00712	0.00237	0.00949	0.00633	0.00316	0.00791
11	0.05368	0.01973	0.02099	0.01614	0.02180	0.02187	0.01333	0.65884	0.03274	0.04443	0.01685	0.01691	0.01196	0.00848	0.00703	0.00214	0.00776	0.00632	0.00703	0.01196
12	0.03195	0.01212	0.01652	0.01267	0.01818	0.01047	0.01047	0.03470	0.02038	0.71026	0.02809	0.02424	0.01763	0.00881	0.00716	0.00220	0.00606	0.00716	0.00881	0.01212
13	0.01674	0.01697	0.03179	0.14408	0.40048	0.01709	0.22354	0.02159	0.01610	0.02235	0.01359	0.01832	0.01086	0.00636	0.00748	0.00224	0.00971	0.00697	0.00349	0.01025
14	0.00845	0.00709	0.00734	0.00755	0.00971	0.00598	0.00556	0.01018	0.01591	0.01910	0.06804	0.15267	0.62094	0.01857	0.00850	0.00247	0.00367	0.01568	0.00661	0.00598
15	0.01496	0.01419	0.02390	0.42474	0.31485	0.01590	0.02008	0.01938	0.01512	0.02030	0.01520	0.02030	0.03631	0.00721	0.00714	0.00227	0.00885	0.00666	0.00344	0.00921
16	0.01030	0.00712	0.00885	0.00885	0.00922	0.00749	0.00566	0.01105	0.01067	0.01461	0.02145	0.04113	0.02352	0.54546	0.23729	0.00824	0.01047	0.00956	0.00417	0.00491
17	0.02334	0.01764	0.01832	0.01508	0.01988	0.05249	0.01210	0.31497	0.29247	0.09756	0.02271	0.02159	0.01648	0.00895	0.00707	0.00222	0.00690	0.00705	0.03174	0.01142
18	0.01904	0.75404	0.03731	0.01218	0.01828	0.02818	0.01218	0.02132	0.01447	0.01675	0.00990	0.01142	0.00914	0.00609	0.00457	0.00152	0.00761	0.00381	0.00305	0.00914
19	0.01324	0.01209	0.01711	0.01535	0.01583	0.01610	0.01243	0.01509	0.01108	0.01673	0.01375	0.02197	0.01346	0.06794	0.28939	0.00649	0.42448	0.00699	0.00345	0.00706
20	0.02353	0.01758	0.01872	0.01501	0.01993	0.01958	0.01219	0.46528	0.18872	0.03955	0.02051	0.02025	0.01498	0.00879	0.00695	0.00216	0.00688	0.00682	0.08119	0.01139
21	0.00932	0.00764	0.00832	0.00838	0.01063	0.00681	0.00642	0.01226	0.04679	0.02103	0.14470	0.08707	0.51193	0.01751	0.00851	0.00248	0.00395	0.07308	0.00679	0.00638
22	0.01003	0.00758	0.00996	0.04547	0.01350	0.00758	0.00833	0.01324	0.06596	0.01963	0.03871	0.51063	0.07784	0.01995	0.00894	0.00287	0.00487	0.12199	0.00648	0.00644
23	0.01345	0.01266	0.02136	0.73264	0.04904	0.01582	0.01978	0.01819	0.01424	0.01819	0.01266	0.01898	0.00949	0.00712	0.00712	0.00237	0.00949	0.00633	0.00316	0.00791
24	0.00918	0.00697	0.00846	0.00866	0.01023	0.00625	0.00628	0.01149	0.01719	0.02286	0.32728	0.24137	0.26250	0.01771	0.00859	0.00246	0.00364	0.01551	0.00713	0.00625
25	0.00849	0.00722	0.00732	0.00729	0.00966	0.00604	0.00547	0.01036	0.01641	0.01965	0.10019	0.06784	0.67413	0.01788	0.00841	0.00240	0.00360	0.01493	0.00667	0.00604
26	0.01672	0.01813	0.03551	0.02624	0.03188	0.01859	0.48840	0.02376	0.09987	0.02275	0.01540	0.01953	0.01193	0.00751	0.01069	0.00252	0.12908	0.00801	0.00398	0.00952
27	0.00953	0.00731	0.00787	0.00777	0.00981	0.00639	0.00564	0.01124	0.01562	0.03920	0.10389	0.07975	0.51257	0.11476	0.03447	0.00327	0.00459	0.01395	0.00637	0.00602
28	0.00868	0.00620	0.00826	0.00991	0.01033	0.00578	0.00661	0.00991	0.01363	0.01818	0.03925	0.74510	0.04710	0.02231	0.00909	0.00289	0.00413	0.02024	0.00661	0.00578
29	0.80005	0.01377	0.01047	0.00936	0.01377	0.01597	0.00771	0.02093	0.01212	0.03195	0.00991	0.01157	0.00771	0.00661	0.00441	0.00220	0.00551	0.00386	0.00441	0.00771
30	0.01782	0.01805	0.02729	0.15475	0.49950	0.08885	0.04738	0.02196	0.01632	0.02181	0.01307	0.01742	0.01075	0.00656	0.00705	0.00214	0.00922	0.00625	0.00348	0.01034
31	0.00888	0.00633	0.00840	0.00984	0.01027	0.00604	0.00656	0.01010	0.01327	0.01776	0.03690	0.65421	0.04393	0.07822	0.04969	0.00365	0.00515	0.01882	0.00629	0.00571
32	0.80005	0.01377	0.01047	0.00936	0.01377	0.01597	0.00771	0.02093	0.01212	0.03195	0.00991	0.01157	0.00771	0.00661	0.00441	0.00220	0.00551	0.00386	0.00441	0.00771
33	0.02660	0.03394	0.02018	0.01834	0.02201	0.72116	0.01376	0.02843	0.02018	0.01743	0.01101	0.01284	0.00917	0.00734	0.00642	0.00183	0.01284	0.00459	0.00367	0.00825
34	0.01237	0.00618	0.00928	0.00928	0.00928	0.00618	0.00618	0.00928	0.00928	0.01237	0.01237	0.02165	0.01237	0.02474	0.02783	0.79283	0.00618	0.00618	0.00309	0.00309
35	0.01409	0.01359	0.02382	0.61289	0.10264	0.01611	0.07852	0.01891	0.01463	0.01903	0.01287	0.01889	0.00976	0.00696	0.00723	0.00235	0.00963	0.00651	0.00323	0.00834
36	0.01362	0.01276	0.02186	0.66434	0.04670	0.01556	0.05488	0.01838	0.01441	0.01879	0.01319	0.01931	0.00993	0.00711	0.00710	0.00234	0.00937	0.00645	0.03595	0.00795
37	0.01087	0.00745	0.00977	0.00909	0.01091	0.00685	0.00685	0.01421	0.02016	0.05318	0.67725	0.05214	0.06540	0.01435	0.00835	0.00224	0.00346	0.01267	0.00787	0.00691
38	0.00864	0.00632	0.00813	0.00958	0.01024	0.00581	0.00646	0.00995	0.01396	0.01831	0.04334	0.66097	0.12859	0.02178	0.00900	0.00283	0.00407	0.01959	0.00661	0.00581
39	0.01681	0.01921	0.04202	0.03001	0.03721	0.01801	0.67947	0.02281	0.01681	0.02281	0.01441	0.01921	0.01080	0.00600	0.00840	0.00240	0.01200	0.00840	0.00360	0.00960
40	0.01000	0.00722	0.00945	0.00901	0.01062	0.00667	0.00671	0.01325	0.01980	0.02799	0.66572	0.09065	0.06610	0.01498	0.00844	0.00227	0.00340	0.01328	0.00777	0.00667
41	0.00843	0.00718	0.00725	0.00731	0.00964	0.00600	0.00545	0.01021	0.01614	0.01920	0.07095	0.09296	0.67878	0.01819	0.00844	0.00242	0.00363	0.01522	0.00661	0.00600
42	0.01428	0.03683	0.71286	0.02030	0.03082	0.01654	0.02631	0.02255	0.01503	0.02255	0.01278	0.01503	0.00902	0.00677	0.00677	0.00226	0.01052	0.00526	0.00301	0.01052
43	0.01237	0.00618	0.00928	0.00928	0.00928	0.00618	0.00618	0.00928	0.00928	0.01237	0.01237	0.02165	0.01237	0.02474	0.02783	0.79283	0.00618	0.00618	0.00309	0.00309
44	0.00881	0.00639	0.00835	0.00987	0.01051	0.00593	0.00678	0.01020	0.01399	0.01843	0.04184	0.65401	0.10014	0.02182	0.00907	0.00287	0.00422	0.05432	0.00661	0.00584
45	0.01623	0.01878	0.06036	0.12565	0.03810	0.01777	0.54882	0.02201	0.01623	0.02201	0.01397	0.01894	0.01052	0.00637	0.00860	0.00241	0.03243	0.00795	0.00351	0.00935
46	0.01777	0.01238	0.01739	0.13417	0.10760	0.01300	0.01399	0.12921	0.01942	0.11849	0.04747	0.06759	0.02528	0.01259	0.00816	0.00260	0.00722	0.23056	0.00607	0.00902
47	0.04593	0.01377	0.02428	0.58899	0.04569	0.01618	0.12658	0.01906	0.01457	0.01950	0.01283	0.01872	0.00963	0.00692	0.00722	0.00237	0.00974	0.00657	0.00329	0.00818
48	0.01506	0.15348	0.60299	0.01898	0.02878	0.01843	0.02401	0.02235	0.01494	0.02161	0.01231	0.01445	0.00904	0.00666	0.00641	0.00214	0.01005	0.00503	0.00301	0.01030
49	0.01345	0.01266	0.02136	0.73264	0.04904	0.01582	0.01978	0.01819	0.01424	0.01819	0.01266	0.01898	0.00949	0.00712	0.00712	0.00237	0.00949	0.00633	0.00316	0.00791
50	0.01032	0.00703	0.00841	0.00841	0.00863	0.00725	0.00512	0.01077	0.01055	0.01428	0.02185	0.04333	0.02447	0.62767	0.15639	0.00770	0.00904	0.00988	0.00423	0.00467
51	0.01743	0.01783	0.05441	0.04164	0.62130	0.01700	0.08111	0.02196	0.01623	0.02320	0.01346	0.01767	0.01116	0.00633	0.00716	0.00215	0.00885	0.00649	0.00351	0.01110
52	0.02707	0.01995	0.02137	0.01638	0.02208	0.02208	0.01353	0.68159	0.03348	0.04488	0.01710	0.01710	0.01211	0.00855	0.00712	0.00214	0.00784	0.00641	0.00712	0.01211
53	0.01766	0.01903	0.01974	0.01744	0.01869	0.19345	0.01403	0.02017	0.04096	0.01764	0.01190	0.01705	0.01097	0.01672	0.11473	0.00392	0.42846	0.00609	0.00352	0.00785
54	0.01655	0.01582	0.02697	0.22050	0.53691	0.01664	0.02132	0.02091	0.01571	0.02196	0.01320	0.01797	0.01082	0.00654	0.00707	0.00218	0.00872	0.00634	0.00343	0.01041
55	0.00914	0.00690	0.00862	0.00951	0.01075	0.00613	0.00656	0.01063	0.01416	0.01877	0.04255	0.57153	0.15376	0.02019	0.00866	0.00266	0.00414	0.01805	0.00641	0.07088
56	0.01345	0.01266	0.02136	0.73264	0.04904	0.01582	0.01978	0.01819	0.01424	0.01819	0.01266	0.01898	0.00949	0.00712	0.00712	0.00237	0.00949	0.00633	0.00316	0.00791
57	0.01406	0.01400	0.01394	0.01301	0.01453	0.14673	0.00998	0.01587	0.01366	0.01694	0.02473	0.03153	0.12686	0.11303	0.25687	0.00604	0.14905	0.00831	0.00417	0.00669
58	0.00857	0.00722	0.00743	0.00738	0.00971	0.00608	0.00553	0.01052	0.01659	0.02010	0.13052	0.06711	0.64352	0.01771	0.00841	0.00239	0.00358	0.01483	0.00673	0.00608
59	0.01017	0.00763	0.01144	0.01144	0.01272	0.00890	0.00890	0.01272	0.01144	0.01653	0.01907	0.02797	0.01780	0.05340	0.72153	0.01144	0.01907	0.00763	0.00381	0.00636
60	0.01816	0.01552	0.01636	0.01458	0.01869	0.01792	0.01138	0.06886	0.66071	0.03051	0.02841	0.02611	0.02127	0.00961	0.00724	0.00240	0.00574	0.00797	0.00724	0.01131
61	0.02456	0.01401	0.01648	0.01372	0.01849	0.01455	0.01098	0.05930	0.36143	0.34176	0.02815	0.02516	0.01951	0.00923	0.00720	0.00231	0.00591	0.00759	0.00796	0.01169
62	0.03195	0.01212	0.01652	0.01267	0.01818	0.01047	0.01047	0.03470	0.02038	0.71026	0.02809	0.02424	0.01763	0.00881	0.00716	0.00220	0.00606	0.00716	0.00881	0.01212
63	0.00868	0.00620	0.00826	0.00991	0.01033	0.00578	0.00661	0.00991	0.01363	0.01818	0.03925	0.74510	0.04710	0.02231	0.00909	0.00289	0.00413	0.02024	0.00661	0.00578
64	0.05240	0.52993	0.03085	0.01305	0.01820	0.15921	0.01187	0.02194	0.01520	0.01739	0.01092	0.01368	0.01005	0.03811	0.02990	0.00216	0.00888	0.00435	0.00330	0.00862
65	0.01939	0.00934	0.01250	0.01054	0.01385	0.00831	0.00831	0.02249	0.02025	0.31876	0.41487	0.04086	0.04609	0.01211	0.00787	0.00222	0.00451	0.01044	0.00825	0.00902
66	0.00868	0.00620	0.00826	0.00991	0.01033	0.00578	0.00661	0.00991	0.01363	0.01818	0.03925	0.74510	0.04710	0.02231	0.00909	0.00289	0.00413	0.02024	0.00661	0.00578
67	0.80005	0.01377	0.01047	0.00936	0.01377	0.01597	0.00771	0.02093	0.01212	0.03195	0.00991	0.01157	0.00771	0.00661	0.00441	0.00220	0.00551	0.00386	0.00441	0.00771
68	0.01762	0.01692	0.02890	0.04371	0.70533	0.01692	0.02185	0.02185	0.01621	0.02326	0.01339	0.01762	0.01128	0.00634	0.00705	0.00211	0.00846	0.00634	0.00352	0.01128
69	0.02966	0.01370	0.01728	0.01342	0.01873	0.01301	0.01101	0.18799	0.02318	0.51801	0.02600	0.05727	0.01773	0.00940	0.00724	0.00222	0.00639	0.00761	0.00830	0.01181
70	0.01512	0.01515	0.02346	0.55479	0.12276	0.06854	0.06130	0.01967	0.01507	0.01902	0.01273	0.01838	0.00976	0.00697	0.00714	0.00230	0.00978	0.00633	0.00327	0.00844
71	0.01345	0.01266	0.02136	0.73264	0.04904	0.01582	0.01978	0.01819	0.01424	0.01819	0.01266	0.01898	0.00949	0.00712	0.00712	0.00237	0.00949	0.00633	0.00316	0.00791
72	0.01477	0.01266	0.01477	0.01055	0.01687	0.00949	0.00844	0.01793	0.01477	0.02320	0.01266	0.01477	0.01055	0.00527	0.00527	0.00105	0.00527	0.00422	0.00422	0.79328
73	0.01034	0.00755	0.00974	0.00915	0.01091	0.00709	0.00687	0.01427	0.04296	0.02860	0.67876	0.05229	0.06565	0.01439	0.00836	0.00225	0.00344	0.01271	0.00782	0.00687
74	0.01428	0.03683	0.71286	0.02030	0.03082	0.01654	0.02631	0.02255	0.01503	0.02255	0.01278	0.01503	0.00902	0.00677	0.00677	0.00226	0.01052	0.00526	0.00301	0.01052
75	0.03154	0.01277	0.01693	0.01298	0.01850	0.01143	0.01072	0.08856	0.02147	0.65486	0.02718	0.02364	0.01717	0.00879	0.00716	0.00220	0.00621	0.00710	0.00867	0.01212
76	0.00874	0.00622	0.00824	0.00983	0.01023	0.00583	0.00652	0.00993	0.01351	0.01801	0.03861	0.71880	0.04630	0.04970	0.01011	0.00304	0.00424	0.01987	0.00652	0.00573
77	0.02660	0.03394	0.02018	0.01834	0.02201	0.72116	0.01376	0.02843	0.02018	0.01743	0.01101	0.01284	0.00917	0.00734	0.00642	0.00183	0.01284	0.00459	0.00367	0.00825
78	0.00933	0.00693	0.00870	0.00893	0.01035	0.00630	0.00644	0.01174	0.01740	0.02360	0.37876	0.27126	0.17881	0.01761	0.00862	0.00247	0.00365	0.01557	0.00723	0.00630
79	0.01036	0.00690	0.00777	0.00777	0.00777	0.00690	0.00431	0.01036	0.01036	0.01381	0.02244	0.04660	0.02589	0.74975	0.03624	0.00690	0.00690	0.01036	0.00431	0.00431
80	0.01531	0.01549	0.02164	0.08150	0.02202	0.05819	0.06320	0.01758	0.01229	0.01763	0.01208	0.04136	0.01157	0.01574	0.09072	0.00377	0.48186	0.00691	0.00337	0.00775
81	0.02663	0.01287	0.01648	0.04505	0.01926	0.01246	0.01094	0.10195	0.10468	0.45578	0.07181	0.04811	0.02143	0.00962	0.00731	0.00225	0.00611	0.00795	0.00805	0.01126
82	0.01147	0.00820	0.01147	0.01311	0.01475	0.00820	0.01147	0.01475	0.01639	0.02131	0.03770	0.08032	0.04098	0.01967	0.00984	0.00328	0.00656	0.65741	0.00656	0.00656
83	0.01375	0.01423	0.02905	0.02233	0.02694	0.01335	0.41901	0.01797	0.01567	0.02111	0.02398	0.27917	0.02467	0.01223	0.00869	0.00260	0.00903	0.03331	0.00477	0.00815
84	0.01518	0.07637	0.16998	0.02395	0.05476	0.01646	0.36432	0.02051	0.01574	0.02156	0.01774	0.13578	0.01624	0.00883	0.00785	0.00237	0.00996	0.00927	0.00393	0.00919
85	0.01604	0.02030	0.12236	0.05526	0.03232	0.01866	0.40443	0.02119	0.01502	0.02119	0.01288	0.01777	0.01016	0.00774	0.01183	0.00256	0.19033	0.00738	0.00339	0.00920
86	0.01033	0.00775	0.00983	0.01087	0.01266	0.00734	0.00905	0.01293	0.01603	0.02025	0.04854	0.10032	0.25791	0.04437	0.01025	0.00310	0.00551	0.40018	0.00650	0.00627
87	0.02675	0.05149	0.02123	0.01566	0.02126	0.02077	0.01299	0.54136	0.06790	0.11980	0.01871	0.01820	0.01315	0.00853	0.00702	0.00213	0.00750	0.00647	0.00714	0.01193
88	0.02598	0.01940	0.02076	0.01616	0.02167	0.02157	0.01327	0.60660	0.11025	0.04312	0.01848	0.01820	0.01323	0.00868	0.00714	0.00217	0.00758	0.00660	0.00714	0.01201
89	0.01017	0.00763	0.01144	0.01144	0.01272	0.00890	0.00890	0.01272	0.01144	0.01653	0.01907	0.02797	0.01780	0.05340	0.72153	0.01144	0.01907	0.00763	0.00381	0.00636
90	0.01477	0.01266	0.01477	0.01055	0.01687	0.00949	0.00844	0.01793	0.01477	0.02320	0.01266	0.01477	0.01055	0.00527	0.00527	0.00105	0.00527	0.00422	0.00422	0.79328
91	0.01904	0.75404	0.03731	0.01218	0.01828	0.02818	0.01218	0.02132	0.01447	0.01675	0.00990	0.01142	0.00914	0.00609	0.00457	0.00152	0.00761	0.00381	0.00305	0.00914
92	0.00938	0.00701	0.00885	0.01009	0.01119	0.00661	0.00733	0.01168	0.03699	0.01927	0.04473	0.48825	0.16633	0.02067	0.00902	0.00285	0.00448	0.12251	0.00662	0.00613
93	0.01008	0.00728	0.00952	0.00896	0.01064	0.00672	0.00672	0.01344	0.02016	0.02855	0.70158	0.05319	0.06719	0.01456	0.00840	0.00224	0.00336	0.01288	0.00784	0.00672
94	0.03172	0.01248	0.01675	0.01284	0.01836	0.01100	0.01061	0.06464	0.02099	0.67947	0.02758	0.02391	0.01737	0.00880	0.00716	0.00220	0.00614	0.00713	0.00874	0.01212
95	0.01017	0.00763	0.01144	0.01144	0.01272	0.00890	0.00890	0.01272	0.01144	0.01653	0.01907	0.02797	0.01780	0.05340	0.72153	0.01144	0.01907	0.00763	0.00381	0.00636
96	0.01464	0.01429	0.02161	0.33451	0.03212	0.01916	0.01744	0.01760	0.01238	0.01760	0.01081	0.01709	0.00941	0.01010	0.01618	0.00279	0.41502	0.00627	0.00314	0.00784
97	0.02033	0.01344	0.01417	0.01162	0.01534	0.01453	0.00935	0.35661	0.02442	0.03592	0.02009	0.02171	0.01511	0.00842	0.00607	0.00190	0.00563	0.00652	0.38936	0.00944
98	0.00843	0.00717	0.00726	0.00734	0.00965	0.00600	0.00547	0.01021	0.01611	0.01919	0.07061	0.09985	0.67211	0.01823	0.00845	0.00243	0.00363	0.01527	0.00661	0.00600
99	0.03195	0.01212	0.01652	0.01267	0.01818	0.01047	0.01047	0.03470	0.02038	0.71026	0.02809	0.02424	0.01763	0.00881	0.00716	0.00220	0.00606	0.00716	0.00881	0.01212
100	0.00995	0.00727	0.00934	0.00882	0.01056	0.00666	0.00661	0.01318	0.01984	0.02782	0.65164	0.05441	0.11759	0.01483	0.00840	0.00225	0.00338	0.01305	0.00774	0.00666
101	0.01837	0.01515	0.01612	0.01441	0.01850	0.01738	0.01123	0.03769	0.66136	0.06128	0.02894	0.02646	0.02155	0.00962	0.00724	0.00241	0.00566	0.00801	0.00732	0.01131
102	0.00868	0.00620	0.00826	0.00991	0.01033	0.00578	0.00661	0.00991	0.01363	0.01818	0.03925	0.74510	0.04710	0.02231	0.00909	0.00289	0.00413	0.02024	0.00661	0.00578
103	0.80005	0.01377	0.01047	0.00936	0.01377	0.01597	0.00771	0.02093	0.01212	0.03195	0.00991	0.01157	0.00771	0.00661	0.00441	0.00220	0.00551	0.00386	0.00441	0.00771
104	0.01681	0.01921	0.04202	0.03001	0.03721	0.01801	0.67947	0.02281	0.01681	0.02281	0.01441	0.01921	0.01080	0.00600	0.00840	0.00240	0.01200	0.00840	0.00360	0.00960
105	0.03195	0.01212	0.01652	0.01267	0.01818	0.01047	0.01047	0.03470	0.02038	0.71026	0.02809	0.02424	0.01763	0.00881	0.00716	0.00220	0.00606	0.00716	0.00881	0.01212
106	0.80005	0.01377	0.01047	0.00936	0.01377	0.01597	0.00771	0.02093	0.01212	0.03195	0.00991	0.01157	0.00771	0.00661	0.00441	0.00220	0.00551	0.00386	0.00441	0.00771
107	0.01492	0.01461	0.02054	0.01781	0.01796	0.02023	0.01476	0.01660	0.01097	0.01706	0.01054	0.01710	0.01038	0.01747	0.10882	0.00414	0.64888	0.00640	0.00320	0.00761
108	0.01029	0.00763	0.00994	0.01119	0.01281	0.00728	0.00924	0.01288	0.01589	0.02030	0.04600	0.19019	0.19637	0.01974	0.00938	0.00301	0.00546	0.39956	0.00658	0.00630
109	0.01681	0.01751	0.07067	0.14041	0.54595	0.01676	0.02149	0.02189	0.03779	0.02270	0.01375	0.01795	0.01122	0.00659	0.00705	0.00217	0.00865	0.00633	0.00356	0.01075
110	0.01456	0.03487	0.63809	0.02138	0.03153	0.01670	0.09911	0.02258	0.01523	0.02258	0.01296	0.01550	0.00922	0.00668	0.00695	0.00227	0.01069	0.00561	0.00307	0.01042
111	0.00868	0.00620	0.00826	0.00991	0.01033	0.00578	0.00661	0.00991	0.01363	0.01818	0.03925	0.74510	0.04710	0.02231	0.00909	0.00289	0.00413	0.02024	0.00661	0.00578
112	0.01036	0.00690	0.00777	0.00777	0.00777	0.00690	0.00431	0.01036	0.01036	0.01381	0.02244	0.04660	0.02589	0.74975	0.03624	0.00690	0.00690	0.01036	0.00431	0.00431
113	0.01785	0.53796	0.03244	0.01384	0.01820	0.02588	0.01295	0.01995	0.01345	0.01684	0.01006	0.01305	0.00948	0.00933	0.03346	0.00227	0.19664	0.00456	0.00309	0.00870
114	0.01002	0.00723	0.00947	0.00900	0.01063	0.00668	0.00671	0.01329	0.01988	0.02812	0.67397	0.08203	0.06635	0.01488	0.00843	0.00227	0.00339	0.01318	0.00779	0.00668
115	0.00842	0.00721	0.00721	0.00721	0.00962	0.00601	0.00541	0.01022	0.01623	0.01924	0.07213	0.06853	0.70244	0.01803	0.00842	0.00240	0.00361	0.01503	0.00661	0.00601
116	0.01904	0.75404	0.03731	0.01218	0.01828	0.02818	0.01218	0.02132	0.01447	0.01675	0.00990	0.01142	0.00914	0.00609	0.00457	0.00152	0.00761	0.00381	0.00305	0.00914
117	0.01892	0.01504	0.01588	0.01352	0.01771	0.01663	0.01073	0.24136	0.33231	0.03268	0.03266	0.03103	0.14077	0.01075	0.00733	0.00230	0.00590	0.00872	0.03534	0.01043
118	0.01138	0.00813	0.01136	0.01300	0.01460	0.00811	0.01130	0.01458	0.01630	0.02120	0.03776	0.10369	0.04120	0.01976	0.00981	0.00326	0.00647	0.63501	0.00656	0.00653
119	0.01379	0.01323	0.02314	0.60006	0.08187	0.01566	0.08051	0.01847	0.01456	0.01890	0.01397	0.04920	0.01128	0.00761	0.00732	0.00238	0.00945	0.00710	0.00337	0.00816
120	0.02707	0.01995	0.02137	0.01638	0.02208	0.02208	0.01353	0.68159	0.03348	0.04488	0.01710	0.01710	0.01211	0.00855	0.00712	0.00214	0.00784	0.00641	0.00712	0.01211
121	0.01481	0.01249	0.01457	0.01072	0.01663	0.00971	0.00850	0.04187	0.01538	0.02367	0.01460	0.06376	0.01305	0.00653	0.00560	0.00122	0.00529	0.00537	0.00449	0.71174
122	0.01477	0.01266	0.01477	0.01055	0.01687	0.00949	0.00844	0.01793	0.01477	0.02320	0.01266	0.01477	0.01055	0.00527	0.00527	0.00105	0.00527	0.00422	0.00422	0.79328
123	0.01724	0.01653	0.02821	0.10706	0.64498	0.01682	0.02166	0.02152	0.01603	0.02280	0.01333	0.01775	0.01111	0.00642	0.00706	0.00214	0.00855	0.00634	0.00349	0.01097

[dist]
# distance from previous block
# <min> <max>
0	1

[block]
# block no. 4 follows, 29 sequences, length 82
# corresponding to MSA columns:
# 750-831
name=unknown_E
#
# <colnr> <probs for GDERKNQSTAVLIFYWHMCP>
#	G	D	E	R	K	N	Q	S	T	A	V	L	I	F	Y	W	H	M	C	P
0	0.01751	0.01757	0.05121	0.04294	0.68333	0.01691	0.02200	0.02188	0.01618	0.02324	0.01337	0.01754	0.01121	0.00636	0.00704	0.00212	0.00853	0.00631	0.00351	0.01125
1	0.01016	0.00682	0.00782	0.00802	0.00807	0.00677	0.00458	0.01030	0.01074	0.01432	0.02441	0.12881	0.02838	0.66413	0.03305	0.00643	0.00658	0.01152	0.00458	0.00449
2	0.01826	0.01873	0.06025	0.04033	0.61454	0.04810	0.02135	0.05030	0.01707	0.02389	0.01342	0.01727	0.01112	0.00650	0.00701	0.00211	0.00872	0.00622	0.00366	0.01115
3	0.01734	0.01440	0.01617	0.01506	0.04822	0.01561	0.01132	0.03262	0.49763	0.05098	0.02657	0.02815	0.02089	0.00956	0.00713	0.00226	0.00579	0.05232	0.00666	0.12131
4	0.42084	0.01882	0.04445	0.01274	0.01727	0.15170	0.01053	0.02649	0.13862	0.07527	0.01499	0.01558	0.01130	0.00747	0.00561	0.00217	0.00720	0.00505	0.00503	0.00889
5	0.01617	0.01038	0.01209	0.01078	0.01401	0.01015	0.00828	0.02301	0.18949	0.16460	0.14548	0.09029	0.19065	0.04528	0.00902	0.00253	0.00482	0.01110	0.00724	0.03461
6	0.00889	0.00662	0.00800	0.00888	0.00987	0.00603	0.00603	0.01028	0.01439	0.01864	0.08921	0.43842	0.22314	0.10283	0.01193	0.00317	0.00425	0.01724	0.00643	0.00574
7	0.21040	0.07740	0.32761	0.01808	0.04852	0.01698	0.08555	0.02185	0.01472	0.04369	0.04097	0.01629	0.01163	0.00714	0.00679	0.00222	0.03130	0.00557	0.00380	0.00946
8	0.01853	0.01773	0.02775	0.06387	0.60607	0.04822	0.02085	0.06753	0.01751	0.02433	0.01352	0.01742	0.01118	0.00657	0.00703	0.00211	0.00864	0.00627	0.00377	0.01109
9	0.01198	0.00632	0.00899	0.00899	0.00899	0.00632	0.00582	0.00948	0.00948	0.01265	0.01431	0.02645	0.01497	0.16432	0.02945	0.64152	0.00632	0.00699	0.00333	0.00333
10	0.01904	0.75404	0.03731	0.01218	0.01828	0.02818	0.01218	0.02132	0.01447	0.01675	0.00990	0.01142	0.00914	0.00609	0.00457	0.00152	0.00761	0.00381	0.00305	0.00914
11	0.01477	0.01266	0.01477	0.01055	0.01687	0.00949	0.00844	0.01793	0.01477	0.02320	0.01266	0.01477	0.01055	0.00527	0.00527	0.00105	0.00527	0.00422	0.00422	0.79328
12	0.01357	0.01290	0.02213	0.70644	0.04860	0.01590	0.04437	0.01837	0.01433	0.01837	0.01272	0.01899	0.00954	0.00708	0.00717	0.00237	0.00959	0.00641	0.00318	0.00797
13	0.00868	0.00620	0.00826	0.00991	0.01033	0.00578	0.00661	0.00991	0.01363	0.01818	0.03925	0.74510	0.04710	0.02231	0.00909	0.00289	0.00413	0.02024	0.00661	0.00578
14	0.01454	0.03516	0.65266	0.02180	0.06270	0.01662	0.05350	0.02253	0.01516	0.02259	0.01288	0.01533	0.00920	0.00671	0.00685	0.00225	0.01049	0.00544	0.00306	0.01052
15	0.01477	0.01266	0.01477	0.01055	0.01687	0.00949	0.00844	0.01793	0.01477	0.02320	0.01266	0.01477	0.01055	0.00527	0.00527	0.00105	0.00527	0.00422	0.00422	0.79328
16	0.01904	0.75404	0.03731	0.01218	0.01828	0.02818	0.01218	0.02132	0.01447	0.01675	0.00990	0.01142	0.00914	0.00609	0.00457	0.00152	0.00761	0.00381	0.00305	0.00914
17	0.01054	0.00782	0.00890	0.00839	0.01065	0.00701	0.00632	0.03496	0.01825	0.04665	0.30764	0.05867	0.38952	0.04183	0.00930	0.00248	0.00385	0.01349	0.00709	0.00663
18	0.01003	0.00757	0.00930	0.00882	0.01073	0.00700	0.00663	0.01372	0.04525	0.02671	0.54797	0.05528	0.19432	0.01507	0.00836	0.00228	0.00350	0.01313	0.00757	0.00675
19	0.00985	0.00727	0.00920	0.00872	0.01050	0.00662	0.00654	0.01300	0.01962	0.02728	0.61526	0.05529	0.15430	0.01503	0.00840	0.00226	0.00339	0.01317	0.00767	0.00662
20	0.01019	0.00754	0.01101	0.01101	0.01213	0.00866	0.00835	0.01243	0.01131	0.01621	0.01947	0.03019	0.01876	0.13627	0.63998	0.01090	0.01762	0.00795	0.00387	0.00611
21	0.02546	0.03205	0.02035	0.01838	0.02167	0.64910	0.01395	0.02727	0.01922	0.01740	0.01084	0.01312	0.00919	0.00787	0.00817	0.00197	0.08744	0.00476	0.00361	0.00821
22	0.03139	0.01301	0.01707	0.01309	0.01862	0.01178	0.01081	0.10803	0.02187	0.63484	0.02685	0.02343	0.01700	0.00878	0.00716	0.00220	0.00626	0.00708	0.00862	0.01212
23	0.01008	0.00728	0.00952	0.00896	0.01064	0.00672	0.00672	0.01344	0.02016	0.02855	0.70158	0.05319	0.06719	0.01456	0.00840	0.00224	0.00336	0.01288	0.00784	0.00672
24	0.00868	0.00620	0.00826	0.00991	0.01033	0.00578	0.00661	0.00991	0.01363	0.01818	0.03925	0.74510	0.04710	0.02231	0.00909	0.00289	0.00413	0.02024	0.00661	0.00578
25	0.02660	0.03394	0.02018	0.01834	0.02201	0.72116	0.01376	0.02843	0.02018	0.01743	0.01101	0.01284	0.00917	0.00734	0.00642	0.00183	0.01284	0.00459	0.00367	0.00825
26	0.03195	0.01212	0.01652	0.01267	0.01818	0.01047	0.01047	0.03470	0.02038	0.71026	0.02809	0.02424	0.01763	0.00881	0.00716	0.00220	0.00606	0.00716	0.00881	0.01212
27	0.01327	0.00664	0.00664	0.00664	0.00830	0.00664	0.00498	0.01659	0.01493	0.02655	0.02323	0.02655	0.01825	0.00830	0.00498	0.00166	0.00332	0.00664	0.78928	0.00664
28	0.01520	0.00841	0.01116	0.00983	0.01240	0.00760	0.00760	0.01842	0.02021	0.18819	0.54386	0.04641	0.05558	0.01321	0.00811	0.00223	0.00399	0.01154	0.00807	0.00798
29	0.01559	0.01608	0.03099	0.32006	0.17331	0.01690	0.28048	0.02073	0.01564	0.02101	0.01349	0.01881	0.01036	0.00653	0.00761	0.00233	0.01028	0.00715	0.00341	0.00924
30	0.01388	0.01331	0.02377	0.60055	0.04561	0.01571	0.11332	0.01846	0.01439	0.01860	0.01289	0.01913	0.00981	0.00773	0.00821	0.03715	0.00971	0.00662	0.00322	0.00794
31	0.01748	0.01779	0.05876	0.04268	0.67589	0.01690	0.02205	0.02188	0.01616	0.02323	0.01337	0.01751	0.01118	0.00636	0.00704	0.00212	0.00855	0.00630	0.00350	0.01125
32	0.01971	0.02031	0.03456	0.02810	0.11607	0.07813	0.41321	0.14999	0.02023	0.02666	0.01451	0.01807	0.01098	0.00665	0.00782	0.00227	0.01083	0.00744	0.00428	0.01018
33	0.01206	0.00619	0.00919	0.00933	0.00937	0.00615	0.00622	0.00933	0.00964	0.01286	0.01464	0.08284	0.01531	0.02453	0.02624	0.72601	0.00601	0.00737	0.00339	0.00332
34	0.01428	0.03683	0.71286	0.02030	0.03082	0.01654	0.02631	0.02255	0.01503	0.02255	0.01278	0.01503	0.00902	0.00677	0.00677	0.00226	0.01052	0.00526	0.00301	0.01052
35	0.80005	0.01377	0.01047	0.00936	0.01377	0.01597	0.00771	0.02093	0.01212	0.03195	0.00991	0.01157	0.00771	0.00661	0.00441	0.00220	0.00551	0.00386	0.00441	0.00771
36	0.03195	0.01212	0.01652	0.01267	0.01818	0.01047	0.01047	0.03470	0.02038	0.71026	0.02809	0.02424	0.01763	0.00881	0.00716	0.00220	0.00606	0.00716	0.00881	0.01212
37	0.01036	0.00690	0.00777	0.00777	0.00777	0.00690	0.00431	0.01036	0.01036	0.01381	0.02244	0.04660	0.02589	0.74975	0.03624	0.00690	0.00690	0.01036	0.00431	0.00431
38	0.01237	0.00618	0.00928	0.00928	0.00928	0.00618	0.00618	0.00928	0.00928	0.01237	0.01237	0.02165	0.01237	0.02474	0.02783	0.79283	0.00618	0.00618	0.00309	0.00309
39	0.01008	0.00728	0.00952	0.00896	0.01064	0.00672	0.00672	0.01344	0.02016	0.02855	0.70158	0.05319	0.06719	0.01456	0.00840	0.00224	0.00336	0.01288	0.00784	0.00672
40	0.00868	0.00620	0.00826	0.00991	0.01033	0.00578	0.00661	0.00991	0.01363	0.01818	0.03925	0.74510	0.04710	0.02231	0.00909	0.00289	0.00413	0.02024	0.00661	0.00578
