[name]
unknown

[dist]
# distance from previous block
# <min> <max>
9	82

[block]
# block no. 0 follows, 28 sequences, length 20
# corresponding to MSA columns:
# 86-105
name=unknown_A
#
# <colnr> <probs for GDERKNQSTAVLIFYWHMCP>
#	G	D	E	R	K	N	Q	S	T	A	V	L	I	F	Y	W	H	M	C	P
0	0.01136	0.00971	0.01421	0.01538	0.08158	0.01017	0.04676	0.01319	0.01399	0.01888	0.03445	0.36792	0.12045	0.09109	0.01377	0.00322	0.10662	0.01485	0.00553	0.00685
1	0.01587	0.01622	0.05838	0.20102	0.23403	0.01692	0.10914	0.02022	0.01505	0.02167	0.01391	0.01899	0.01127	0.00789	0.00996	0.00240	0.12971	0.00672	0.08132	0.00933
2	0.01821	0.01865	0.03494	0.03075	0.18094	0.01909	0.37083	0.08723	0.01788	0.02483	0.01403	0.01852	0.01106	0.00738	0.01027	0.00246	0.11120	0.00760	0.00395	0.01018
3	0.01370	0.00739	0.00760	0.00717	0.00934	0.00707	0.00543	0.01707	0.01523	0.02676	0.02264	0.02590	0.01785	0.00816	0.00511	0.00163	0.00359	0.00653	0.70707	0.08476
4	0.02050	0.02057	0.02896	0.03560	0.43055	0.13857	0.11064	0.05533	0.01835	0.05043	0.01416	0.01761	0.01137	0.00681	0.00729	0.00215	0.00979	0.00649	0.00402	0.01081
5	0.02521	0.01909	0.02047	0.01604	0.02159	0.02101	0.01311	0.52341	0.15039	0.04179	0.01938	0.01906	0.01404	0.00874	0.00719	0.00217	0.00745	0.00672	0.00713	0.05603
6	0.01249	0.00926	0.01057	0.01052	0.01254	0.00939	0.00771	0.07831	0.11059	0.02471	0.09190	0.33300	0.14602	0.01680	0.00822	0.00254	0.00455	0.01466	0.08873	0.00750
7	0.01400	0.01038	0.01177	0.01105	0.01363	0.01041	0.00821	0.11464	0.10325	0.04851	0.05665	0.27845	0.17966	0.06218	0.01009	0.00281	0.00513	0.01386	0.00678	0.03855
8	0.01814	0.01881	0.03006	0.05504	0.15746	0.10683	0.28457	0.04416	0.01657	0.02145	0.01350	0.01851	0.01104	0.00954	0.01158	0.11187	0.05117	0.00708	0.00368	0.00894
9	0.05360	0.01145	0.01464	0.01167	0.01631	0.01012	0.00939	0.04721	0.01984	0.38634	0.17875	0.05151	0.02895	0.01017	0.00728	0.00211	0.00542	0.00849	0.00782	0.11893
10	0.01636	0.01643	0.04863	0.03548	0.50061	0.03695	0.01903	0.02012	0.01598	0.02233	0.01906	0.12006	0.03719	0.01046	0.02433	0.00253	0.03147	0.00865	0.00411	0.01022
11	0.00973	0.00786	0.01179	0.01173	0.01320	0.00723	0.07299	0.01168	0.01498	0.01977	0.07914	0.53604	0.13585	0.02006	0.00907	0.00280	0.00490	0.01829	0.00651	0.00638
12	0.01081	0.00794	0.00936	0.00955	0.01135	0.00750	0.00691	0.01430	0.08274	0.04154	0.14270	0.28044	0.26646	0.01860	0.00978	0.04688	0.00425	0.01533	0.00686	0.00672
13	0.01539	0.01488	0.02147	0.02121	0.11266	0.01936	0.01550	0.01762	0.01324	0.02004	0.10862	0.02171	0.01830	0.01216	0.01934	0.00291	0.52602	0.00735	0.00393	0.00829
14	0.04538	0.01766	0.03412	0.02471	0.03149	0.01648	0.46194	0.02448	0.06102	0.07711	0.01636	0.01960	0.01216	0.00651	0.00781	0.00224	0.01017	0.00770	0.00445	0.11861
15	0.12858	0.01753	0.03337	0.12572	0.10268	0.01777	0.40147	0.02209	0.01587	0.02385	0.01354	0.01818	0.01040	0.00660	0.00811	0.00241	0.03137	0.00734	0.00371	0.00941
16	0.01459	0.00998	0.01223	0.01145	0.01338	0.01046	0.00851	0.05440	0.08035	0.10102	0.09438	0.24036	0.10945	0.11749	0.01393	0.00326	0.07755	0.01300	0.00653	0.00766
17	0.01240	0.00948	0.01048	0.01011	0.01217	0.00945	0.00729	0.10515	0.06944	0.02287	0.04432	0.24043	0.25340	0.14334	0.01342	0.00335	0.00518	0.01420	0.00647	0.00706
18	0.01734	0.01279	0.01454	0.01214	0.01562	0.01331	0.00963	0.28793	0.02588	0.03525	0.36035	0.04035	0.09935	0.01262	0.00803	0.00226	0.00535	0.01059	0.00759	0.00908
19	0.01815	0.01671	0.02536	0.09112	0.05926	0.05524	0.20567	0.11171	0.01828	0.04572	0.01622	0.04540	0.01364	0.05669	0.01031	0.00250	0.05213	0.00748	0.02711	0.12129

[dist]
# distance from previous block
# <min> <max>
4	34

[block]
# block no. 1 follows, 28 sequences, length 21
# corresponding to MSA columns:
# 141-161
name=unknown_B
#
# <colnr> <probs for GDERKNQSTAVLIFYWHMCP>
#	G	D	E	R	K	N	Q	S	T	A	V	L	I	F	Y	W	H	M	C	P
0	0.01466	0.01180	0.01412	0.01055	0.01591	0.00912	0.00822	0.01680	0.01412	0.02180	0.01287	0.01627	0.01108	0.00876	0.00930	0.13503	0.00554	0.00465	0.00411	0.65530
1	0.02483	0.01825	0.01989	0.04390	0.02191	0.02021	0.01301	0.54435	0.05852	0.04152	0.01919	0.04847	0.01462	0.00928	0.00719	0.00220	0.00746	0.00721	0.06653	0.01146
2	0.01928	0.12282	0.06179	0.04812	0.02137	0.01770	0.01269	0.21300	0.05549	0.02886	0.01491	0.01672	0.01176	0.00916	0.03647	0.00218	0.02684	0.00548	0.00500	0.27036
3	0.02520	0.01755	0.02365	0.01800	0.02343	0.01847	0.12494	0.35918	0.02597	0.17326	0.01913	0.02048	0.01376	0.03058	0.03554	0.00278	0.04301	0.00720	0.00661	0.01128
4	0.17966	0.01345	0.01468	0.01218	0.01648	0.01406	0.00981	0.16576	0.08377	0.18497	0.17259	0.02909	0.05289	0.01023	0.00707	0.00227	0.00571	0.00815	0.00725	0.00990
5	0.01029	0.00743	0.00972	0.00914	0.01086	0.00686	0.00686	0.01372	0.02058	0.02915	0.69536	0.05430	0.06859	0.01486	0.00857	0.00229	0.00343	0.01315	0.00800	0.00686
6	0.01050	0.00733	0.00936	0.00936	0.00986	0.00783	0.00619	0.01149	0.01100	0.01516	0.02159	0.04031	0.02328	0.48113	0.29610	0.00882	0.01179	0.00951	0.00421	0.00520
7	0.01291	0.00855	0.01223	0.01159	0.01188	0.01006	0.00858	0.01210	0.01051	0.01511	0.01405	0.02306	0.01370	0.05247	0.13714	0.43432	0.15588	0.00674	0.04422	0.00490
8	0.01263	0.00631	0.00947	0.00947	0.00947	0.00631	0.00631	0.00947	0.00947	0.01263	0.01263	0.02210	0.01263	0.02525	0.02841	0.78851	0.00631	0.00631	0.00316	0.00316
9	0.02715	0.03464	0.02060	0.01873	0.02247	0.71536	0.01404	0.02903	0.02060	0.01779	0.01124	0.01311	0.00936	0.00749	0.00655	0.00187	0.01311	0.00468	0.00375	0.00843
10	0.02284	0.02102	0.07651	0.01785	0.02325	0.13554	0.10395	0.19554	0.08979	0.12267	0.07272	0.02413	0.01871	0.00907	0.00752	0.00226	0.00879	0.03122	0.00613	0.01048
11	0.00896	0.00647	0.00848	0.00990	0.01053	0.00599	0.00669	0.01042	0.01459	0.01946	0.09401	0.65016	0.08361	0.02191	0.00919	0.00287	0.00413	0.01979	0.00685	0.00599
12	0.00859	0.00736	0.00736	0.00736	0.00982	0.00614	0.00552	0.01043	0.01657	0.01964	0.07364	0.06996	0.69624	0.01841	0.00859	0.00245	0.00368	0.01534	0.00675	0.00614
13	0.01500	0.01422	0.02409	0.52394	0.24327	0.01648	0.02082	0.01968	0.01514	0.02011	0.01314	0.01897	0.01023	0.00703	0.00725	0.00234	0.00938	0.00646	0.00334	0.00910
14	0.01545	0.01333	0.02022	0.40769	0.03589	0.01562	0.04547	0.11562	0.01768	0.02335	0.05672	0.02809	0.01743	0.06365	0.01052	0.00283	0.03908	0.05854	0.00450	0.00833
15	0.02342	0.01427	0.01768	0.07078	0.02082	0.01531	0.01206	0.25978	0.02268	0.21854	0.02068	0.02288	0.01532	0.04290	0.12550	0.00398	0.03751	0.00710	0.03842	0.01037
16	0.12352	0.00806	0.00935	0.00932	0.01110	0.00797	0.00687	0.01409	0.01736	0.02680	0.38777	0.22323	0.05158	0.01535	0.00796	0.00242	0.00395	0.01338	0.05318	0.00675
17	0.01522	0.08459	0.07110	0.20633	0.02688	0.04195	0.01508	0.04934	0.01527	0.02034	0.02100	0.05291	0.10006	0.01040	0.01089	0.00239	0.17412	0.00761	0.00409	0.07043
18	0.01428	0.01329	0.01190	0.01212	0.01359	0.15179	0.00850	0.06651	0.01646	0.02000	0.03028	0.44889	0.03469	0.10816	0.01201	0.00318	0.00668	0.01504	0.00589	0.00674
19	0.46894	0.05904	0.01728	0.14774	0.02335	0.04872	0.04306	0.07335	0.01526	0.02898	0.01150	0.01412	0.00888	0.00698	0.00554	0.00223	0.00736	0.00487	0.00432	0.00847
20	0.01400	0.01182	0.01429	0.13262	0.01952	0.04567	0.01050	0.04556	0.04462	0.02005	0.02091	0.13738	0.02129	0.19843	0.01695	0.00358	0.10024	0.00954	0.06380	0.06925

[dist]
# distance from previous block
# <min> <max>
0	1

[block]
# block no. 2 follows, 28 sequences, length 32
# corresponding to MSA columns:
# 163-194
name=unknown_C
#
# <colnr> <probs for GDERKNQSTAVLIFYWHMCP>
#	G	D	E	R	K	N	Q	S	T	A	V	L	I	F	Y	W	H	M	C	P
0	0.06319	0.13570	0.13028	0.11787	0.06052	0.06250	0.03516	0.07759	0.01655	0.02297	0.05212	0.01845	0.01363	0.01076	0.04569	0.00277	0.11499	0.00613	0.00398	0.00913
1	0.01859	0.20647	0.14404	0.01997	0.09919	0.05565	0.04869	0.09138	0.08362	0.02414	0.04722	0.01815	0.01413	0.00819	0.00850	0.00218	0.08936	0.00614	0.00432	0.01005
2	0.01962	0.01095	0.01347	0.01126	0.01485	0.01053	0.00892	0.10933	0.04759	0.22085	0.30886	0.03634	0.03870	0.01133	0.00758	0.00218	0.00495	0.00958	0.08160	0.03151
3	0.00922	0.00655	0.00842	0.00963	0.01015	0.00616	0.00637	0.01048	0.01402	0.01875	0.08962	0.56094	0.06740	0.13023	0.01336	0.00350	0.00456	0.01839	0.00649	0.00576
4	0.10344	0.01617	0.07260	0.05000	0.02067	0.01571	0.02869	0.17827	0.04575	0.15914	0.08898	0.02312	0.01902	0.01068	0.02963	0.00260	0.07195	0.00715	0.04643	0.01002
5	0.00974	0.00698	0.00915	0.01048	0.01117	0.00675	0.00724	0.03210	0.01450	0.01936	0.03773	0.62591	0.04451	0.05147	0.03964	0.00347	0.00521	0.05191	0.00655	0.00612
6	0.01081	0.00765	0.00940	0.00923	0.00949	0.00823	0.00591	0.01140	0.01082	0.01481	0.02155	0.04224	0.02395	0.57273	0.16816	0.00775	0.04684	0.00981	0.00424	0.00499
7	0.07804	0.04142	0.01727	0.36297	0.03117	0.01400	0.01404	0.03701	0.01539	0.04413	0.05274	0.09268	0.01802	0.00954	0.00735	0.00232	0.02776	0.00797	0.11826	0.00790
8	0.06258	0.01788	0.15989	0.30929	0.05177	0.01512	0.07612	0.02011	0.05547	0.02161	0.01802	0.12643	0.01615	0.00952	0.00744	0.00246	0.00879	0.00850	0.00410	0.00873
9	0.01171	0.00837	0.01171	0.01339	0.01506	0.00837	0.01171	0.01506	0.01673	0.02175	0.03849	0.08199	0.04183	0.02008	0.01004	0.00335	0.00669	0.65027	0.00669	0.00669
10	0.01410	0.01352	0.02370	0.07243	0.14577	0.01427	0.17113	0.01759	0.01528	0.02117	0.05667	0.21076	0.02494	0.01273	0.01078	0.00267	0.11627	0.04309	0.00473	0.00839
11	0.01913	0.01565	0.02103	0.38535	0.03627	0.01827	0.01690	0.26911	0.05476	0.02968	0.01677	0.02225	0.01297	0.00861	0.00742	0.00238	0.00870	0.03981	0.00515	0.00980
12	0.00950	0.00689	0.00944	0.06862	0.01367	0.00679	0.00776	0.01117	0.01404	0.01900	0.03700	0.64390	0.04341	0.02076	0.00890	0.00284	0.00462	0.01878	0.04679	0.00613
13	0.43706	0.09452	0.04537	0.01297	0.01766	0.07960	0.01121	0.11970	0.01662	0.03005	0.01139	0.01323	0.00902	0.00755	0.00681	0.00221	0.06699	0.00464	0.00454	0.00887
14	0.01269	0.00635	0.00928	0.00928	0.00940	0.00635	0.00623	0.01000	0.00988	0.01366	0.01342	0.02245	0.01306	0.02405	0.02674	0.73226	0.00610	0.00635	0.05905	0.00342
15	0.01890	0.01796	0.01927	0.19786	0.04683	0.13032	0.01452	0.11722	0.18619	0.02594	0.04614	0.04901	0.01710	0.00925	0.00808	0.00231	0.04435	0.00737	0.00530	0.03610
16	0.01580	0.01290	0.01515	0.01086	0.01728	0.00973	0.00870	0.01901	0.01531	0.05170	0.01357	0.01547	0.01106	0.00553	0.00546	0.00112	0.00542	0.00443	0.00450	0.75701
17	0.01943	0.74891	0.03809	0.01244	0.01866	0.02876	0.01244	0.02177	0.01477	0.01710	0.01011	0.01166	0.00933	0.00622	0.00466	0.00155	0.00777	0.00389	0.00311	0.00933
18	0.23869	0.01987	0.05281	0.01640	0.01889	0.14627	0.01384	0.02096	0.01341	0.02210	0.01019	0.01421	0.00902	0.00979	0.01439	0.00264	0.35939	0.00532	0.00365	0.00815
19	0.01039	0.00776	0.01153	0.01153	0.01277	0.00900	0.00889	0.01288	0.01164	0.01676	0.01961	0.02935	0.01851	0.08315	0.68757	0.01149	0.01895	0.00790	0.00392	0.00640
20	0.01808	0.01561	0.01644	0.01479	0.01890	0.01808	0.01151	0.03863	0.68606	0.03041	0.02959	0.02712	0.02219	0.00986	0.00740	0.00247	0.00575	0.00822	0.00740	0.01151
21	0.01051	0.00729	0.00918	0.00918	0.00962	0.00773	0.00597	0.01138	0.01094	0.01502	0.02176	0.04121	0.02367	0.51383	0.26393	0.00860	0.01120	0.00964	0.00423	0.00510
22	0.01507	0.01292	0.01507	0.01077	0.01723	0.00969	0.00861	0.01830	0.01507	0.02369	0.01292	0.01507	0.01077	0.00538	0.00538	0.00108	0.00538	0.00431	0.00431	0.78898
23	0.01053	0.00720	0.00869	0.00869	0.00895	0.00746	0.00535	0.01106	0.01080	0.01466	0.02221	0.04371	0.02475	0.60450	0.17475	0.00799	0.00957	0.01001	0.00430	0.00483
24	0.01015	0.00737	0.00957	0.00913	0.01081	0.00678	0.00680	0.01342	0.02009	0.02827	0.63948	0.08982	0.09022	0.01539	0.00861	0.00233	0.00348	0.01361	0.00789	0.00678
25	0.00958	0.00663	0.00822	0.00919	0.00944	0.00639	0.00576	0.01031	0.01250	0.01667	0.03281	0.44723	0.03893	0.32782	0.02099	0.00468	0.00541	0.01640	0.00576	0.00527
26	0.01799	0.01727	0.02950	0.04462	0.69919	0.01727	0.02231	0.02231	0.01655	0.02375	0.01367	0.01799	0.01151	0.00648	0.00720	0.00216	0.00864	0.00648	0.00360	0.01151
27	0.09439	0.01227	0.01601	0.01247	0.01781	0.01096	0.01026	0.03320	0.02010	0.61576	0.05988	0.02513	0.01964	0.00910	0.00714	0.00225	0.00600	0.00732	0.00858	0.01173
28	0.01355	0.00678	0.00678	0.00678	0.00847	0.00678	0.00508	0.01694	0.01524	0.02710	0.02371	0.02710	0.01863	0.00847	0.00508	0.00169	0.00339	0.00678	0.78489	0.00678
29	0.67899	0.01424	0.01179	0.01016	0.01488	0.01601	0.00836	0.05527	0.01405	0.06751	0.01159	0.01292	0.00877	0.00690	0.00483	0.00219	0.00576	0.00426	0.00486	0.04668
30	0.01484	0.11640	0.53442	0.01885	0.02786	0.01733	0.04716	0.02164	0.01487	0.02145	0.01375	0.01830	0.01101	0.08062	0.00972	0.00270	0.01009	0.00584	0.00323	0.00991
31	0.00886	0.00665	0.00821	0.00934	0.01037	0.00601	0.00643	0.01038	0.01494	0.01936	0.08079	0.52927	0.22055	0.02123	0.00906	0.00279	0.00404	0.01889	0.00681	0.00601

[dist]
# distance from previous block
# <min> <max>
0	5

[block]
# block no. 3 follows, 28 sequences, length 14
# corresponding to MSA columns:
# 200-213
name=unknown_D
#
# <colnr> <probs for GDERKNQSTAVLIFYWHMCP>
#	G	D	E	R	K	N	Q	S	T	A	V	L	I	F	Y	W	H	M	C	P
0	0.01445	0.01268	0.01719	0.32840	0.05648	0.04631	0.01428	0.09182	0.01690	0.02172	0.02371	0.22088	0.04852	0.04348	0.00910	0.00270	0.00775	0.01083	0.00489	0.00789
1	0.01409	0.01006	0.01375	0.18770	0.02136	0.01149	0.01093	0.04317	0.01547	0.04948	0.07073	0.10979	0.02276	0.05676	0.03333	0.00291	0.08187	0.00901	0.22791	0.00742
2	0.79588	0.01406	0.01068	0.00956	0.01406	0.01631	0.00787	0.02137	0.01237	0.03261	0.01012	0.01181	0.00787	0.00675	0.00450	0.00225	0.00562	0.00394	0.00450	0.00787
3	0.05351	0.05082	0.17006	0.01437	0.02041	0.01419	0.01391	0.11906	0.02013	0.29775	0.07538	0.02461	0.01917	0.06297	0.00928	0.00258	0.00734	0.00720	0.00658	0.01067
4	0.02646	0.01783	0.01944	0.01510	0.02039	0.01933	0.01241	0.52499	0.03041	0.11520	0.01944	0.01942	0.01374	0.00872	0.00701	0.00213	0.00724	0.00666	0.10241	0.01168
5	0.01473	0.00875	0.01108	0.01001	0.01246	0.00808	0.00758	0.04588	0.01968	0.14705	0.39035	0.11413	0.11298	0.05229	0.00983	0.00260	0.00441	0.01261	0.00772	0.00779
6	0.01590	0.01590	0.02226	0.01908	0.01908	0.02226	0.01590	0.01749	0.01113	0.01749	0.00954	0.01590	0.00954	0.01272	0.02385	0.00318	0.73123	0.00636	0.00318	0.00795
7	0.22254	0.01333	0.01566	0.01235	0.01770	0.01289	0.01019	0.07509	0.01961	0.49237	0.02329	0.02103	0.01509	0.00842	0.00661	0.00224	0.00617	0.00642	0.00776	0.01125
8	0.01477	0.00910	0.01148	0.01090	0.01323	0.00872	0.00823	0.04891	0.06491	0.13443	0.24991	0.25944	0.07750	0.01612	0.00851	0.00255	0.00464	0.04107	0.00758	0.00799
9	0.01392	0.00989	0.01169	0.01038	0.01306	0.00965	0.00802	0.13264	0.02201	0.05657	0.40600	0.08081	0.16776	0.01453	0.00833	0.00233	0.00444	0.01247	0.00763	0.00789
10	0.01374	0.00871	0.01168	0.06490	0.01499	0.00879	0.03507	0.04244	0.01589	0.07024	0.07608	0.21401	0.02931	0.07988	0.04247	0.00314	0.00589	0.01130	0.24431	0.00717
11	0.01883	0.01276	0.01643	0.09777	0.07020	0.01329	0.01175	0.13405	0.09717	0.14418	0.20101	0.03367	0.06468	0.04088	0.00892	0.00249	0.00622	0.00920	0.00689	0.00961
12	0.05442	0.01915	0.01836	0.01627	0.03963	0.12549	0.01246	0.25827	0.22028	0.03222	0.02097	0.05750	0.01686	0.01282	0.05940	0.00296	0.00869	0.00746	0.00627	0.01053
13	0.79588	0.01406	0.01068	0.00956	0.01406	0.01631	0.00787	0.02137	0.01237	0.03261	0.01012	0.01181	0.00787	0.00675	0.00450	0.00225	0.00562	0.00394	0.00450	0.00787

[dist]
# distance from previous block
# <min> <max>
0	1

[block]
# block no. 4 follows, 28 sequences, length 32
# corresponding to MSA columns:
# 215-246
name=unknown_E
#
# <colnr> <probs for GDERKNQSTAVLIFYWHMCP>
#	G	D	E	R	K	N	Q	S	T	A	V	L	I	F	Y	W	H	M	C	P
0	0.01074	0.00750	0.00877	0.00888	0.00935	0.00760	0.00551	0.01246	0.05177	0.01681	0.06969	0.14892	0.03183	0.51960	0.05531	0.00603	0.00679	0.01199	0.00515	0.00529
1	0.01875	0.27413	0.27012	0.01697	0.04549	0.08666	0.01763	0.02336	0.01628	0.07919	0.01666	0.02022	0.03505	0.00799	0.00638	0.00206	0.00904	0.04018	0.00400	0.00983
2	0.04753	0.01901	0.01898	0.01512	0.01996	0.07496	0.01224	0.49317	0.02901	0.03940	0.01731	0.01835	0.01278	0.00926	0.00779	0.03665	0.00769	0.00634	0.10363	0.01082
3	0.02715	0.03464	0.02060	0.01873	0.02247	0.71536	0.01404	0.02903	0.02060	0.01779	0.01124	0.01311	0.00936	0.00749	0.00655	0.00187	0.01311	0.00468	0.00375	0.00843
4	0.01029	0.00743	0.00972	0.00914	0.01086	0.00686	0.00686	0.01372	0.02058	0.02915	0.69536	0.05430	0.06859	0.01486	0.00857	0.00229	0.00343	0.01315	0.00800	0.00686
5	0.01057	0.00705	0.00793	0.00793	0.00793	0.00705	0.00440	0.01057	0.01057	0.01409	0.02290	0.04757	0.02643	0.74454	0.03700	0.00705	0.00705	0.01057	0.00440	0.00440
6	0.01013	0.00742	0.00949	0.00897	0.01076	0.00679	0.00673	0.01340	0.02019	0.02824	0.63572	0.05580	0.12880	0.01520	0.00858	0.00230	0.00345	0.01336	0.00788	0.00679
7	0.20221	0.05314	0.01031	0.00827	0.01111	0.01114	0.00662	0.05075	0.01546	0.02875	0.01934	0.02204	0.01519	0.00794	0.00502	0.00184	0.00441	0.00591	0.51308	0.00747
8	0.02715	0.03464	0.02060	0.01873	0.02247	0.71536	0.01404	0.02903	0.02060	0.01779	0.01124	0.01311	0.00936	0.00749	0.00655	0.00187	0.01311	0.00468	0.00375	0.00843
9	0.20444	0.01315	0.01572	0.01236	0.01774	0.01255	0.01021	0.06432	0.01957	0.51980	0.02393	0.02146	0.01543	0.00848	0.00667	0.00225	0.00615	0.00651	0.00790	0.01136
10	0.01132	0.00720	0.00949	0.01011	0.01140	0.00661	0.00719	0.01327	0.01615	0.08150	0.18011	0.47971	0.08212	0.01958	0.00894	0.00273	0.00426	0.03438	0.00721	0.00671
11	0.01010	0.00746	0.00946	0.00908	0.01090	0.00682	0.00689	0.01329	0.01980	0.02739	0.57229	0.05792	0.16060	0.01563	0.00864	0.00236	0.00362	0.04324	0.00775	0.00674
12	0.05151	0.01420	0.01836	0.01561	0.06363	0.01351	0.01193	0.14410	0.04054	0.50991	0.02528	0.02275	0.01644	0.00875	0.00722	0.00224	0.00663	0.00706	0.00818	0.01217
13	0.01171	0.00837	0.01171	0.01339	0.01506	0.00837	0.01171	0.01506	0.01673	0.02175	0.03849	0.08199	0.04183	0.02008	0.01004	0.00335	0.00669	0.65027	0.00669	0.00669
14	0.01038	0.00779	0.01168	0.01168	0.01298	0.00909	0.00909	0.01298	0.01168	0.01687	0.01947	0.02856	0.01817	0.05452	0.71573	0.01168	0.01947	0.00779	0.00389	0.00649
15	0.53996	0.01391	0.01247	0.01075	0.01510	0.01556	0.00868	0.08616	0.03746	0.10503	0.01458	0.01706	0.01137	0.05683	0.02666	0.00282	0.00639	0.00524	0.00533	0.00865
16	0.01477	0.01382	0.02327	0.49178	0.22719	0.01595	0.02022	0.01938	0.01524	0.02021	0.01480	0.02309	0.01230	0.00789	0.00743	0.00241	0.00920	0.04856	0.00356	0.00894
17	0.01436	0.00767	0.00780	0.00747	0.00937	0.00782	0.00563	0.05973	0.01631	0.02784	0.02327	0.02722	0.01851	0.03558	0.00640	0.00192	0.00382	0.00690	0.70531	0.00705
18	0.70137	0.04921	0.01275	0.03429	0.01584	0.04584	0.00876	0.02161	0.01290	0.03080	0.01026	0.01211	0.00806	0.00677	0.00468	0.00221	0.00617	0.00405	0.00436	0.00797
19	0.06484	0.04169	0.03955	0.01279	0.01728	0.01328	0.01073	0.14498	0.05269	0.26716	0.13624	0.07334	0.02703	0.01085	0.00738	0.00229	0.00603	0.02850	0.03310	0.01023
20	0.01095	0.00713	0.00932	0.01033	0.01128	0.00669	0.00711	0.03055	0.01482	0.05972	0.03893	0.61758	0.07057	0.02149	0.00992	0.03739	0.00451	0.01862	0.00674	0.00636
21	0.20389	0.19923	0.05223	0.06027	0.02096	0.09575	0.01257	0.13619	0.05178	0.05259	0.04184	0.01653	0.01294	0.00765	0.00594	0.00205	0.00780	0.00540	0.00486	0.00951
22	0.05360	0.33440	0.02866	0.01559	0.01945	0.05370	0.05207	0.04514	0.01448	0.01940	0.01151	0.01532	0.01044	0.01311	0.08287	0.00316	0.20952	0.00539	0.00349	0.00870
23	0.03261	0.01237	0.01687	0.01293	0.01856	0.01068	0.01068	0.03543	0.02081	0.70423	0.02868	0.02474	0.01799	0.00900	0.00731	0.00225	0.00619	0.00731	0.00900	0.01237
24	0.01418	0.01376	0.02411	0.62524	0.04761	0.01662	0.09087	0.01904	0.01469	0.01904	0.01299	0.01928	0.00983	0.00735	0.00802	0.00245	0.03670	0.00669	0.00328	0.00826
25	0.01694	0.01803	0.03582	0.11136	0.22146	0.01802	0.38774	0.02220	0.01640	0.02260	0.01397	0.01895	0.01094	0.00668	0.00880	0.00240	0.04644	0.00765	0.00358	0.00999
26	0.01069	0.00931	0.05149	0.01083	0.01293	0.00767	0.00906	0.01417	0.01875	0.02611	0.44735	0.13042	0.05726	0.01632	0.00886	0.00258	0.00463	0.14731	0.00730	0.00695
27	0.01057	0.00705	0.00793	0.00793	0.00793	0.00705	0.00440	0.01057	0.01057	0.01409	0.02290	0.04757	0.02643	0.74454	0.03700	0.00705	0.00705	0.01057	0.00440	0.00440
28	0.01905	0.69209	0.09151	0.01310	0.01968	0.02781	0.01359	0.02187	0.01482	0.01757	0.01034	0.01195	0.00932	0.00627	0.00484	0.00161	0.00801	0.00401	0.00311	0.00944
29	0.01534	0.13088	0.59417	0.02048	0.05374	0.01847	0.02479	0.02283	0.01531	0.02226	0.01268	0.01495	0.00931	0.00680	0.00662	0.00220	0.01027	0.00521	0.00309	0.01058
30	0.01198	0.00896	0.01162	0.01269	0.01446	0.00921	0.01039	0.01745	0.11578	0.02273	0.07044	0.21189	0.04158	0.01887	0.00941	0.00308	0.00587	0.38947	0.00687	0.00725
31	0.01418	0.00975	0.01144	0.04162	0.01390	0.01016	0.00815	0.11979	0.01837	0.02683	0.12617	0.16465	0.05617	0.06266	0.00979	0.00255	0.02969	0.01077	0.23498	0.02839

[dist]
# distance from previous block
# <min> <max>
0	3

[block]
# block no. 5 follows, 28 sequences, length 31
# corresponding to MSA columns:
# 250-280
name=unknown_F
#
# <colnr> <probs for GDERKNQSTAVLIFYWHMCP>
#	G	D	E	R	K	N	Q	S	T	A	V	L	I	F	Y	W	H	M	C	P
0	0.00996	0.00789	0.00901	0.00864	0.01085	0.00719	0.00651	0.01366	0.05876	0.02473	0.36141	0.06006	0.36245	0.01624	0.00851	0.00238	0.00369	0.01389	0.00737	0.00680
1	0.14939	0.01388	0.10133	0.01261	0.01649	0.01149	0.05925	0.02000	0.03445	0.10806	0.01829	0.02359	0.01498	0.08614	0.05845	0.11083	0.00759	0.00674	0.13866	0.00779
2	0.01943	0.74891	0.03809	0.01244	0.01866	0.02876	0.01244	0.02177	0.01477	0.01710	0.01011	0.01166	0.00933	0.00622	0.00466	0.00155	0.00777	0.00389	0.00311	0.00933
3	0.00999	0.00754	0.00928	0.00936	0.01099	0.00704	0.00682	0.01342	0.05190	0.02464	0.37273	0.23720	0.17730	0.01736	0.00870	0.00250	0.00380	0.01529	0.00741	0.00671
4	0.00994	0.00742	0.00923	0.00878	0.01064	0.00671	0.00658	0.01304	0.01975	0.02719	0.56718	0.05753	0.19799	0.01559	0.00858	0.00232	0.00348	0.01360	0.00774	0.00671
5	0.02713	0.02011	0.02153	0.01662	0.02235	0.02231	0.01369	0.64154	0.06841	0.04500	0.01809	0.01796	0.01288	0.00879	0.00728	0.00220	0.00788	0.00663	0.00728	0.01232
6	0.01263	0.00631	0.00947	0.00947	0.00947	0.00631	0.00631	0.00947	0.00947	0.01263	0.01263	0.02210	0.01263	0.02525	0.02841	0.78851	0.00631	0.00631	0.00316	0.00316
7	0.02715	0.03464	0.02060	0.01873	0.02247	0.71536	0.01404	0.02903	0.02060	0.01779	0.01124	0.01311	0.00936	0.00749	0.00655	0.00187	0.01311	0.00468	0.00375	0.00843
8	0.02714	0.02012	0.02154	0.01663	0.02236	0.02231	0.01370	0.64245	0.06748	0.04502	0.01807	0.01795	0.01286	0.00878	0.00728	0.00220	0.00788	0.00663	0.00728	0.01232
9	0.00911	0.00753	0.00808	0.00836	0.01069	0.00651	0.00655	0.01120	0.01660	0.01999	0.06782	0.07195	0.58791	0.01869	0.00883	0.00260	0.00418	0.12045	0.00674	0.00623
10	0.01242	0.00797	0.00992	0.00933	0.01164	0.00712	0.00714	0.01521	0.01896	0.10479	0.37960	0.09383	0.23482	0.01582	0.00853	0.00241	0.00401	0.04157	0.00764	0.00725
11	0.02849	0.01764	0.11228	0.01487	0.02117	0.01433	0.01359	0.16819	0.05087	0.44439	0.02422	0.02203	0.01579	0.00869	0.00725	0.00225	0.00717	0.00692	0.00776	0.01211
12	0.06764	0.01298	0.01610	0.01277	0.01765	0.01244	0.01041	0.13327	0.04201	0.42823	0.14020	0.02803	0.02536	0.00987	0.00738	0.00225	0.00596	0.00804	0.00827	0.01116
13	0.01038	0.00779	0.01168	0.01168	0.01298	0.00909	0.00909	0.01298	0.01168	0.01687	0.01947	0.02856	0.01817	0.05452	0.71573	0.01168	0.01947	0.00779	0.00389	0.00649
14	0.01704	0.00980	0.01271	0.01162	0.01451	0.00938	0.00935	0.06018	0.04419	0.18475	0.30641	0.08308	0.04517	0.01442	0.00850	0.00253	0.00515	0.14482	0.00783	0.00856
15	0.07493	0.01828	0.03633	0.07297	0.12644	0.01814	0.46105	0.02243	0.01625	0.02346	0.01385	0.01860	0.01070	0.00663	0.00878	0.00243	0.04766	0.00770	0.00367	0.00969
16	0.09373	0.01498	0.01814	0.01863	0.13831	0.01572	0.01252	0.26677	0.02280	0.10279	0.02359	0.11985	0.05241	0.01057	0.00721	0.00228	0.00668	0.00876	0.05398	0.01025
17	0.50603	0.14398	0.01626	0.05275	0.01680	0.01782	0.00937	0.04589	0.01404	0.02899	0.01189	0.01394	0.00946	0.00693	0.00486	0.00208	0.00612	0.00445	0.08014	0.00821
18	0.01749	0.40111	0.18744	0.02029	0.15135	0.02251	0.01728	0.02166	0.01560	0.02046	0.05336	0.01632	0.01334	0.00695	0.00590	0.00189	0.00835	0.00529	0.00349	0.00992
19	0.06050	0.10588	0.02018	0.01373	0.01876	0.01560	0.05095	0.17437	0.02037	0.14721	0.03856	0.08028	0.01749	0.01142	0.04393	0.00251	0.00739	0.00743	0.02887	0.13455
20	0.05110	0.01912	0.10129	0.20878	0.35778	0.06429	0.02043	0.02141	0.01600	0.02219	0.01541	0.01945	0.03700	0.00727	0.00707	0.00224	0.00912	0.00646	0.00362	0.00998
21	0.05888	0.01858	0.01953	0.08470	0.16271	0.15972	0.01456	0.10100	0.10566	0.02584	0.05583	0.02843	0.05957	0.00980	0.00737	0.00230	0.00832	0.06248	0.00525	0.00950
22	0.10315	0.01205	0.01505	0.01205	0.01672	0.01128	0.00980	0.07684	0.02091	0.44028	0.17241	0.02941	0.02768	0.01004	0.00731	0.00225	0.00566	0.00820	0.00820	0.01071
23	0.00924	0.00668	0.00877	0.00992	0.01075	0.00620	0.00690	0.01105	0.01549	0.02086	0.17310	0.54447	0.08322	0.02087	0.00913	0.00281	0.00413	0.04328	0.00700	0.00614
24	0.07046	0.07072	0.29575	0.11438	0.07138	0.01669	0.01921	0.07562	0.01637	0.02389	0.01624	0.07322	0.01425	0.00948	0.00804	0.02048	0.03072	0.03962	0.00405	0.00945
25	0.00963	0.00698	0.00924	0.01069	0.01165	0.00659	0.00792	0.01156	0.01514	0.01993	0.07128	0.48762	0.09989	0.02138	0.00939	0.00298	0.00477	0.18040	0.00679	0.00617
26	0.01171	0.00731	0.00843	0.00828	0.00860	0.00720	0.00483	0.01191	0.01125	0.05193	0.02384	0.07120	0.02674	0.67844	0.03438	0.00664	0.00690	0.01076	0.00474	0.00489
27	0.09464	0.20227	0.08490	0.21288	0.02777	0.01934	0.01510	0.08647	0.01631	0.05741	0.01380	0.01806	0.01123	0.04907	0.03009	0.00271	0.03907	0.00577	0.00409	0.00901
28	0.01561	0.01551	0.06425	0.34183	0.15368	0.01580	0.05391	0.09406	0.01735	0.02318	0.01875	0.09729	0.03907	0.00926	0.00757	0.00240	0.00872	0.00835	0.00428	0.00913
29	0.01171	0.00837	0.01171	0.01339	0.01506	0.00837	0.01171	0.01506	0.01673	0.02175	0.03849	0.08199	0.04183	0.02008	0.01004	0.00335	0.00669	0.65027	0.00669	0.00669
30	0.07953	0.01200	0.01311	0.01214	0.01519	0.01325	0.00943	0.02669	0.34825	0.02874	0.20884	0.03628	0.03420	0.01226	0.00855	0.04034	0.00509	0.04727	0.03980	0.00905

[dist]
# distance from previous block
# <min> <max>
2	4

[block]
# block no. 6 follows, 28 sequences, length 181
# corresponding to MSA columns:
# 285-465
name=unknown_G
#
# <colnr> <probs for GDERKNQSTAVLIFYWHMCP>
#	G	D	E	R	K	N	Q	S	T	A	V	L	I	F	Y	W	H	M	C	P
0	0.01417	0.01176	0.01163	0.01167	0.03862	0.08900	0.00761	0.06317	0.03524	0.01999	0.07586	0.09296	0.05582	0.35822	0.02206	0.02798	0.00700	0.01026	0.04059	0.00638
1	0.27874	0.07269	0.16375	0.06256	0.08465	0.01708	0.04587	0.07165	0.01600	0.05229	0.01469	0.06331	0.01225	0.00802	0.00626	0.00226	0.00781	0.00628	0.00443	0.00940
2	0.01012	0.00756	0.00931	0.00974	0.01099	0.00734	0.00719	0.01207	0.01544	0.02053	0.14659	0.22544	0.19782	0.12348	0.01359	0.00335	0.03483	0.10748	0.03103	0.00612
3	0.01523	0.01412	0.02097	0.44154	0.03770	0.04402	0.04534	0.06221	0.01639	0.02161	0.06524	0.02393	0.01583	0.00902	0.00924	0.00247	0.08739	0.03221	0.02729	0.00825
4	0.05095	0.01290	0.01512	0.01100	0.01726	0.01010	0.00885	0.02067	0.01571	0.11304	0.01486	0.01620	0.01159	0.00591	0.00560	0.00128	0.00550	0.00468	0.00493	0.65385
5	0.01943	0.74891	0.03809	0.01244	0.01866	0.02876	0.01244	0.02177	0.01477	0.01710	0.01011	0.01166	0.00933	0.00622	0.00466	0.00155	0.00777	0.00389	0.00311	0.00933
6	0.05964	0.09420	0.01819	0.01250	0.01744	0.03502	0.01042	0.02894	0.01906	0.44084	0.08971	0.02599	0.04231	0.00940	0.00752	0.00216	0.03061	0.00737	0.00744	0.04124
7	0.00980	0.00740	0.00897	0.00859	0.01046	0.00665	0.00639	0.01266	0.01907	0.02588	0.49194	0.05863	0.24979	0.04035	0.00953	0.00249	0.00362	0.01370	0.00752	0.00657
8	0.02549	0.01930	0.02061	0.01629	0.02173	0.02154	0.01330	0.53217	0.18045	0.04236	0.02017	0.01962	0.01457	0.00898	0.00730	0.00225	0.00749	0.00692	0.00730	0.01217
9	0.00904	0.00646	0.00842	0.00984	0.01035	0.00604	0.00655	0.01033	0.01405	0.01874	0.06960	0.63825	0.06672	0.07489	0.01125	0.00321	0.00437	0.01943	0.00663	0.00585
10	0.01029	0.00743	0.00972	0.00914	0.01086	0.00686	0.00686	0.01372	0.02058	0.02915	0.69536	0.05430	0.06859	0.01486	0.00857	0.00229	0.00343	0.01315	0.00800	0.00686
11	0.02680	0.03390	0.02044	0.01857	0.02233	0.68806	0.01395	0.02940	0.04665	0.01828	0.01195	0.01366	0.00987	0.00758	0.00659	0.00190	0.01282	0.00482	0.00389	0.00855
12	0.01120	0.00788	0.00983	0.00918	0.01126	0.00724	0.00694	0.01484	0.03972	0.05663	0.54294	0.05484	0.16995	0.01505	0.00849	0.00232	0.00366	0.01312	0.00782	0.00711
13	0.00889	0.00643	0.00834	0.00984	0.01040	0.00596	0.00658	0.01016	0.01401	0.01849	0.04204	0.66540	0.09675	0.04678	0.01016	0.00305	0.00427	0.01992	0.00667	0.00587
14	0.01561	0.01324	0.01536	0.01102	0.01746	0.01024	0.00884	0.04654	0.01589	0.02464	0.01311	0.01518	0.01084	0.00553	0.00546	0.00112	0.00550	0.00440	0.00443	0.75557
15	0.02669	0.01181	0.01561	0.01212	0.01735	0.00999	0.00984	0.02956	0.01950	0.49991	0.08276	0.05414	0.02221	0.00941	0.00716	0.00207	0.00573	0.00781	0.00800	0.14834
16	0.01375	0.00716	0.00730	0.00723	0.00898	0.00720	0.00542	0.03615	0.01574	0.02726	0.02429	0.06014	0.01982	0.00915	0.00534	0.00177	0.00356	0.00742	0.72542	0.00690
17	0.21750	0.01278	0.01537	0.01212	0.01747	0.01205	0.01000	0.03202	0.01876	0.54155	0.02418	0.02161	0.01554	0.00845	0.00663	0.00225	0.00605	0.00649	0.00791	0.01128
18	0.02568	0.01882	0.02037	0.01586	0.02117	0.02078	0.01303	0.59637	0.03198	0.04320	0.04540	0.01978	0.01512	0.01105	0.03945	0.00260	0.00818	0.00688	0.03259	0.01169
19	0.04219	0.00732	0.00916	0.00991	0.01125	0.00687	0.00716	0.01250	0.01586	0.04445	0.16500	0.42897	0.12741	0.01945	0.00886	0.00274	0.00431	0.06315	0.00696	0.00647
20	0.54702	0.01403	0.01474	0.04635	0.07449	0.01549	0.04084	0.02224	0.01377	0.09464	0.01317	0.01601	0.01028	0.04263	0.00689	0.00249	0.00649	0.00513	0.00476	0.00854
21	0.02727	0.06266	0.04564	0.01349	0.01886	0.01360	0.01151	0.08628	0.09357	0.45147	0.04638	0.05653	0.01993	0.00960	0.00725	0.00226	0.00641	0.00782	0.00792	0.01155
22	0.05056	0.01090	0.01406	0.06085	0.01617	0.01223	0.00990	0.11214	0.01516	0.02137	0.04492	0.07100	0.04934	0.01735	0.01827	0.32192	0.10893	0.00785	0.00449	0.03258
23	0.01661	0.01353	0.01865	0.10174	0.12687	0.01425	0.04487	0.19845	0.02036	0.02716	0.02742	0.19549	0.08217	0.04605	0.00935	0.00268	0.00715	0.03247	0.00574	0.00899
24	0.01385	0.01253	0.02073	0.23286	0.02829	0.01469	0.11365	0.01679	0.01362	0.01905	0.01731	0.11908	0.01663	0.04072	0.01399	0.06058	0.16884	0.00888	0.06050	0.00741
25	0.79588	0.01406	0.01068	0.00956	0.01406	0.01631	0.00787	0.02137	0.01237	0.03261	0.01012	0.01181	0.00787	0.00675	0.00450	0.00225	0.00562	0.00394	0.00450	0.00787
26	0.01698	0.01596	0.02694	0.08644	0.57722	0.01617	0.02095	0.02123	0.01644	0.02317	0.01648	0.02545	0.01488	0.00810	0.00753	0.00231	0.00848	0.08060	0.00393	0.01073
27	0.01659	0.02357	0.18896	0.02846	0.03655	0.01805	0.53069	0.02323	0.01676	0.02323	0.01434	0.01867	0.01063	0.00630	0.00821	0.00242	0.01192	0.00787	0.00354	0.01001
28	0.01075	0.00733	0.00939	0.00954	0.01106	0.00672	0.00695	0.01317	0.01754	0.05549	0.33801	0.26971	0.13056	0.04285	0.00977	0.00272	0.00409	0.04035	0.00734	0.00664
29	0.01601	0.01623	0.02409	0.02011	0.02076	0.02192	0.07418	0.01801	0.01167	0.01801	0.01000	0.01623	0.00967	0.01214	0.02250	0.00312	0.66745	0.00656	0.00322	0.00812
30	0.59502	0.01371	0.01215	0.01038	0.01505	0.01511	0.00854	0.04590	0.01485	0.16523	0.01445	0.01503	0.01036	0.00731	0.00516	0.00223	0.00574	0.00478	0.03013	0.00887
31	0.01071	0.00777	0.01026	0.01013	0.01072	0.00863	0.00704	0.01197	0.01110	0.01551	0.02076	0.03751	0.02192	0.39735	0.34698	0.00900	0.04388	0.00912	0.00412	0.00551
32	0.09672	0.01271	0.01630	0.01268	0.01806	0.01159	0.01045	0.06431	0.02072	0.58853	0.05267	0.02444	0.01884	0.00902	0.00712	0.00225	0.00612	0.00721	0.00849	0.01177
33	0.00943	0.00738	0.00850	0.00875	0.01048	0.00667	0.00631	0.01205	0.03914	0.02167	0.20158	0.23908	0.34051	0.04295	0.00968	0.00270	0.00395	0.01584	0.00697	0.00636
34	0.01470	0.01367	0.02172	0.56887	0.10206	0.01652	0.01916	0.02168	0.10803	0.02067	0.01530	0.02034	0.01159	0.00756	0.00728	0.00241	0.00905	0.00671	0.00384	0.00885
35	0.02066	0.01677	0.01990	0.22774	0.02917	0.04201	0.01479	0.30991	0.11429	0.03264	0.03802	0.02095	0.01485	0.01011	0.03088	0.00259	0.00848	0.00693	0.02902	0.01031
36	0.47227	0.01714	0.13419	0.01226	0.01745	0.01475	0.04206	0.02082	0.01373	0.02920	0.01408	0.01808	0.01131	0.00758	0.00544	0.00223	0.00655	0.03262	0.11997	0.00825
37	0.00902	0.00657	0.00853	0.01003	0.01076	0.00609	0.00694	0.01048	0.01439	0.01889	0.04365	0.62269	0.11891	0.02212	0.00925	0.00292	0.00432	0.06169	0.00674	0.00598
38	0.01107	0.00857	0.01028	0.00973	0.01111	0.00883	0.00706	0.03952	0.01571	0.02101	0.19028	0.07978	0.21252	0.21597	0.05970	0.00429	0.07022	0.01216	0.00594	0.00626
39	0.01630	0.23052	0.39722	0.04821	0.06053	0.02031	0.08686	0.02249	0.01539	0.02127	0.01242	0.01503	0.00955	0.00663	0.00648	0.00211	0.00993	0.00538	0.00317	0.01019
40	0.02079	0.62319	0.03501	0.01354	0.01933	0.14961	0.01272	0.02304	0.01580	0.01722	0.01030	0.01192	0.00933	0.00644	0.00500	0.00161	0.00871	0.00403	0.00322	0.00917
41	0.01035	0.00754	0.00984	0.00981	0.01151	0.00703	0.00761	0.01356	0.01931	0.02669	0.50550	0.09233	0.10694	0.01640	0.00887	0.00252	0.00406	0.12579	0.00763	0.00673
42	0.01056	0.00708	0.00808	0.00808	0.00814	0.00713	0.00460	0.01067	0.01062	0.01421	0.02276	0.04678	0.02609	0.71595	0.06512	0.00724	0.00756	0.01046	0.00438	0.00449
43	0.01029	0.00743	0.00972	0.00914	0.01086	0.00686	0.00686	0.01372	0.02058	0.02915	0.69536	0.05430	0.06859	0.01486	0.00857	0.00229	0.00343	0.01315	0.00800	0.00686
44	0.74467	0.01394	0.01110	0.00979	0.01436	0.01593	0.00806	0.02231	0.01294	0.07768	0.01137	0.01268	0.00855	0.00690	0.00469	0.00225	0.00566	0.00416	0.00480	0.00817
45	0.02715	0.03464	0.02060	0.01873	0.02247	0.71536	0.01404	0.02903	0.02060	0.01779	0.01124	0.01311	0.00936	0.00749	0.00655	0.00187	0.01311	0.00468	0.00375	0.00843
46	0.02870	0.01228	0.01565	0.01228	0.01723	0.01133	0.01005	0.10414	0.02133	0.51096	0.02654	0.02434	0.01747	0.00887	0.00691	0.00214	0.00590	0.00713	0.14537	0.01138
47	0.00995	0.00709	0.00875	0.00923	0.01070	0.00637	0.00658	0.01196	0.01653	0.04463	0.21326	0.36403	0.22588	0.01915	0.00885	0.00263	0.00394	0.01690	0.00714	0.00642
48	0.01021	0.00741	0.00963	0.00925	0.01094	0.00684	0.00696	0.01348	0.02002	0.02809	0.62235	0.08421	0.09199	0.01550	0.00865	0.00235	0.00358	0.03390	0.00786	0.00678
49	0.01983	0.71366	0.03730	0.01265	0.01884	0.02846	0.01250	0.05337	0.01571	0.01849	0.01046	0.01194	0.00948	0.00634	0.00479	0.00159	0.00778	0.00402	0.00331	0.00948
50	0.01171	0.00837	0.01171	0.01339	0.01506	0.00837	0.01171	0.01506	0.01673	0.02175	0.03849	0.08199	0.04183	0.02008	0.01004	0.00335	0.00669	0.65027	0.00669	0.00669
51	0.01038	0.00779	0.01168	0.01168	0.01298	0.00909	0.00909	0.01298	0.01168	0.01687	0.01947	0.02856	0.01817	0.05452	0.71573	0.01168	0.01947	0.00779	0.00389	0.00649
52	0.03261	0.01237	0.01687	0.01293	0.01856	0.01068	0.01068	0.03543	0.02081	0.70423	0.02868	0.02474	0.01799	0.00900	0.00731	0.00225	0.00619	0.00731	0.00900	0.01237
53	0.01799	0.01727	0.02950	0.04462	0.69919	0.01727	0.02231	0.02231	0.01655	0.02375	0.01367	0.01799	0.01151	0.00648	0.00720	0.00216	0.00864	0.00648	0.00360	0.01151
54	0.01345	0.00678	0.00681	0.00681	0.00845	0.00678	0.00506	0.01672	0.01508	0.02665	0.02368	0.02781	0.01890	0.03386	0.00618	0.00188	0.00351	0.00691	0.75796	0.00669
55	0.53720	0.01666	0.06663	0.03851	0.09692	0.01688	0.03154	0.05375	0.03638	0.03072	0.01197	0.01403	0.00923	0.00692	0.00543	0.00226	0.00680	0.00482	0.00445	0.00891
56	0.01239	0.01158	0.06062	0.10093	0.08387	0.01070	0.01403	0.01595	0.01573	0.02100	0.03083	0.17013	0.03307	0.01663	0.00952	0.00299	0.02870	0.34818	0.00566	0.00749
57	0.01098	0.00789	0.01082	0.01229	0.01376	0.00773	0.01025	0.01389	0.01645	0.02157	0.08362	0.20452	0.06571	0.02019	0.00975	0.00317	0.00591	0.46817	0.00679	0.00654
58	0.01843	0.50735	0.17993	0.01460	0.02128	0.05843	0.01552	0.02206	0.01505	0.01876	0.01123	0.01321	0.00962	0.00676	0.00600	0.00180	0.03685	0.00444	0.02923	0.00945
59	0.01589	0.22753	0.45827	0.01815	0.02706	0.01982	0.04237	0.02280	0.03791	0.02157	0.01488	0.01671	0.03267	0.00718	0.00643	0.00212	0.00958	0.00550	0.00337	0.01020
60	0.03261	0.01237	0.01687	0.01293	0.01856	0.01068	0.01068	0.03543	0.02081	0.70423	0.02868	0.02474	0.01799	0.00900	0.00731	0.00225	0.00619	0.00731	0.00900	0.01237
61	0.02559	0.02959	0.02084	0.02010	0.08014	0.51548	0.01429	0.11076	0.04421	0.02267	0.01335	0.01510	0.01073	0.00768	0.00667	0.00195	0.01144	0.00528	0.03489	0.00923
62	0.01816	0.01785	0.02614	0.09698	0.49388	0.07500	0.01997	0.02391	0.08353	0.02340	0.01591	0.02099	0.01337	0.00747	0.00727	0.00223	0.00874	0.03035	0.00407	0.01078
63	0.01029	0.00743	0.00972	0.00914	0.01086	0.00686	0.00686	0.01372	0.02058	0.02915	0.69536	0.05430	0.06859	0.01486	0.00857	0.00229	0.00343	0.01315	0.00800	0.00686
64	0.01057	0.00705	0.00793	0.00793	0.00793	0.00705	0.00440	0.01057	0.01057	0.01409	0.02290	0.04757	0.02643	0.74454	0.03700	0.00705	0.00705	0.01057	0.00440	0.00440
65	0.04331	0.11467	0.41331	0.02034	0.05593	0.01936	0.06506	0.13756	0.01867	0.02670	0.01352	0.01557	0.00995	0.00707	0.00675	0.00220	0.00976	0.00562	0.00392	0.01074
66	0.01633	0.01695	0.02245	0.40312	0.03780	0.13838	0.09675	0.04088	0.01647	0.01988	0.01646	0.11036	0.01479	0.00920	0.00756	0.00239	0.00985	0.00822	0.00395	0.00821
67	0.01142	0.00827	0.01130	0.01281	0.01456	0.00815	0.01112	0.01462	0.01672	0.02155	0.04183	0.08085	0.10410	0.01992	0.00990	0.00326	0.00641	0.58986	0.00670	0.00664
68	0.05132	0.02344	0.28137	0.10522	0.15697	0.01610	0.04190	0.06442	0.04341	0.02548	0.07972	0.02064	0.01619	0.00778	0.00710	0.00225	0.00877	0.00665	0.00424	0.03703
69	0.01177	0.01175	0.08516	0.01247	0.04653	0.00945	0.00981	0.04011	0.01763	0.02453	0.33202	0.10335	0.09785	0.12620	0.01321	0.00311	0.02957	0.01192	0.00632	0.00723
70	0.01799	0.01722	0.02912	0.04373	0.67890	0.01730	0.02199	0.02280	0.03652	0.02395	0.01415	0.01826	0.01183	0.00658	0.00720	0.00217	0.00855	0.00653	0.00371	0.01151
71	0.01943	0.74891	0.03809	0.01244	0.01866	0.02876	0.01244	0.02177	0.01477	0.01710	0.01011	0.01166	0.00933	0.00622	0.00466	0.00155	0.00777	0.00389	0.00311	0.00933
72	0.01023	0.00738	0.00966	0.00919	0.01085	0.00682	0.00685	0.01357	0.02030	0.02871	0.66821	0.08270	0.06774	0.01519	0.00860	0.00231	0.00346	0.01346	0.00795	0.00682
73	0.01022	0.00743	0.00962	0.00908	0.01082	0.00683	0.00681	0.01359	0.02042	0.02878	0.67102	0.05491	0.09316	0.01500	0.00857	0.00229	0.00344	0.01323	0.00795	0.00683
74	0.02763	0.02036	0.02182	0.01672	0.02254	0.02254	0.01382	0.67496	0.03418	0.04581	0.01745	0.01745	0.01236	0.00873	0.00727	0.00218	0.00800	0.00654	0.00727	0.01236
75	0.01263	0.00631	0.00947	0.00947	0.00947	0.00631	0.00631	0.00947	0.00947	0.01263	0.01263	0.02210	0.01263	0.02525	0.02841	0.78851	0.00631	0.00631	0.00316	0.00316
76	0.02715	0.03464	0.02060	0.01873	0.02247	0.71536	0.01404	0.02903	0.02060	0.01779	0.01124	0.01311	0.00936	0.00749	0.00655	0.00187	0.01311	0.00468	0.00375	0.00843
77	0.03081	0.01198	0.01622	0.01257	0.01791	0.01036	0.01033	0.03360	0.02062	0.65130	0.05520	0.02768	0.04753	0.00960	0.00741	0.00226	0.00598	0.00785	0.00887	0.01191
78	0.01117	0.00798	0.01109	0.01276	0.01420	0.00790	0.01076	0.01411	0.01619	0.02114	0.03879	0.20790	0.04303	0.02060	0.00989	0.00327	0.00622	0.52976	0.00670	0.00654
79	0.01029	0.00743	0.00972	0.00914	0.01086	0.00686	0.00686	0.01372	0.02058	0.02915	0.69536	0.05430	0.06859	0.01486	0.00857	0.00229	0.00343	0.01315	0.00800	0.00686
80	0.02064	0.01504	0.01651	0.01447	0.01884	0.01678	0.01136	0.03806	0.56897	0.14901	0.02943	0.02670	0.02145	0.00971	0.00738	0.00243	0.00583	0.00806	0.00768	0.01166
81	0.77323	0.01401	0.01087	0.00966	0.01419	0.01614	0.00796	0.02178	0.01262	0.05255	0.01067	0.01219	0.00817	0.00681	0.00458	0.00225	0.00564	0.00404	0.00463	0.00801
82	0.01065	0.00814	0.01205	0.01190	0.01310	0.00963	0.00925	0.01311	0.01162	0.01681	0.01912	0.02861	0.01805	0.07582	0.66050	0.01113	0.05234	0.00782	0.00388	0.00649
83	0.02763	0.02036	0.02182	0.01672	0.02254	0.02254	0.01382	0.67496	0.03418	0.04581	0.01745	0.01745	0.01236	0.00873	0.00727	0.00218	0.00800	0.00654	0.00727	0.01236
