[name]
unknown

[dist]
# distance from previous block
# <min> <max>
0	5

[block]
# block no. 0 follows, 22 sequences, length 28
# corresponding to MSA columns:
# 17-24,28-47
name=unknown_A
#
# <colnr> <probs for GDERKNQSTAVLIFYWHMCP>
#	G	D	E	R	K	N	Q	S	T	A	V	L	I	F	Y	W	H	M	C	P
0	0.01577	0.01415	0.01541	0.03717	0.04605	0.08760	0.01111	0.01868	0.01807	0.02406	0.11335	0.12292	0.03395	0.09828	0.06759	0.00402	0.00878	0.08702	0.00603	0.17001
1	0.01809	0.01722	0.02926	0.37402	0.35250	0.01909	0.02427	0.02333	0.01775	0.02414	0.01519	0.02137	0.01210	0.00786	0.00827	0.00262	0.01048	0.00739	0.00390	0.01117
2	0.01988	0.01904	0.03249	0.14025	0.57230	0.01956	0.02516	0.02490	0.01859	0.02631	0.01551	0.02078	0.01287	0.00753	0.00824	0.00251	0.01004	0.00740	0.00405	0.01261
3	0.01730	0.07006	0.55556	0.02476	0.03630	0.02013	0.10901	0.02629	0.01778	0.02605	0.01501	0.01800	0.01081	0.00774	0.00803	0.00262	0.01236	0.00655	0.00360	0.01206
4	0.01597	0.01187	0.01477	0.01262	0.01680	0.01017	0.00958	0.01873	0.01732	0.07318	0.05784	0.26758	0.03143	0.01458	0.00917	0.00229	0.04045	0.01253	0.00647	0.35663
5	0.01549	0.00774	0.00774	0.00774	0.00968	0.00774	0.00581	0.01936	0.01742	0.03097	0.02710	0.03097	0.02129	0.00968	0.00581	0.00194	0.00387	0.00774	0.75416	0.00774
6	0.01604	0.01513	0.02555	0.64193	0.10061	0.01855	0.02325	0.02153	0.01678	0.02165	0.01483	0.02203	0.01123	0.00824	0.00830	0.00275	0.01099	0.00738	0.00372	0.00951
7	0.02835	0.03529	0.02211	0.02027	0.02416	0.58162	0.01526	0.03060	0.02211	0.02019	0.01416	0.01745	0.01211	0.01609	0.10103	0.00371	0.01600	0.00585	0.00430	0.00932
8	0.01208	0.00805	0.00906	0.00906	0.00906	0.00805	0.00503	0.01208	0.01208	0.01611	0.02618	0.05436	0.03020	0.70804	0.04228	0.00805	0.00805	0.01208	0.00503	0.00503
9	0.01829	0.02000	0.04253	0.03130	0.03847	0.01881	0.51866	0.02456	0.01929	0.02604	0.02168	0.07885	0.01927	0.01001	0.01003	0.00295	0.01269	0.07125	0.00481	0.01052
10	0.01569	0.01477	0.02492	0.68808	0.05722	0.01846	0.02307	0.02123	0.01661	0.02123	0.01477	0.02215	0.01107	0.00831	0.00831	0.00277	0.01107	0.00738	0.00369	0.00923
11	0.76672	0.01607	0.01221	0.01092	0.01607	0.01864	0.00900	0.02442	0.01414	0.03727	0.01157	0.01350	0.00900	0.00771	0.00514	0.00257	0.00643	0.00450	0.00514	0.00900
12	0.03065	0.02377	0.02489	0.01941	0.02549	0.05933	0.01596	0.55684	0.03649	0.04853	0.01897	0.01957	0.01373	0.01021	0.00954	0.00255	0.05536	0.00736	0.00779	0.01356
13	0.01549	0.00774	0.00774	0.00774	0.00968	0.00774	0.00581	0.01936	0.01742	0.03097	0.02710	0.03097	0.02129	0.00968	0.00581	0.00194	0.00387	0.00774	0.75416	0.00774
14	0.01863	0.02051	0.04304	0.19713	0.04684	0.02038	0.47636	0.02527	0.01886	0.02527	0.01630	0.02234	0.01223	0.00733	0.00943	0.00279	0.01328	0.00920	0.00408	0.01071
15	0.01191	0.00874	0.01253	0.01253	0.01373	0.00994	0.00936	0.01431	0.01311	0.01868	0.02300	0.03679	0.02257	0.18587	0.55403	0.01234	0.01954	0.00951	0.00456	0.00696
16	0.76672	0.01607	0.01221	0.01092	0.01607	0.01864	0.00900	0.02442	0.01414	0.03727	0.01157	0.01350	0.00900	0.00771	0.00514	0.00257	0.00643	0.00450	0.00514	0.00900
17	0.01816	0.22429	0.49683	0.02112	0.03200	0.02297	0.02623	0.02592	0.01736	0.02448	0.01400	0.01640	0.01056	0.00768	0.00720	0.00240	0.01136	0.00568	0.00352	0.01184
18	0.05753	0.01834	0.02431	0.47920	0.08917	0.10301	0.02088	0.02452	0.01802	0.06535	0.01562	0.02109	0.01170	0.00838	0.00804	0.00264	0.01099	0.00704	0.00431	0.00986
19	0.01549	0.00774	0.00774	0.00774	0.00968	0.00774	0.00581	0.01936	0.01742	0.03097	0.02710	0.03097	0.02129	0.00968	0.00581	0.00194	0.00387	0.00774	0.75416	0.00774
20	0.01927	0.01842	0.03139	0.21928	0.49799	0.01940	0.02486	0.02437	0.01831	0.02558	0.01540	0.02098	0.01261	0.00764	0.00825	0.00255	0.01019	0.00740	0.00400	0.01212
21	0.01205	0.00817	0.00964	0.00964	0.00984	0.00837	0.00576	0.01245	0.01225	0.01654	0.02565	0.05143	0.02893	0.62098	0.12760	0.00877	0.00997	0.01165	0.00496	0.00536
22	0.01026	0.00733	0.00976	0.01148	0.01208	0.00684	0.00772	0.01190	0.01653	0.02220	0.09553	0.65005	0.05687	0.02528	0.01054	0.00331	0.00475	0.02291	0.00783	0.00684
23	0.01818	0.01818	0.02545	0.02181	0.02181	0.02545	0.01818	0.01999	0.01272	0.01999	0.01091	0.01818	0.01091	0.01454	0.02726	0.00364	0.69284	0.00727	0.00364	0.00909
24	0.01854	0.01196	0.01479	0.01239	0.01640	0.01103	0.00970	0.07179	0.04937	0.13016	0.37721	0.04494	0.05144	0.01340	0.00881	0.00238	0.00530	0.01153	0.00854	0.13030
25	0.02319	0.01853	0.02128	0.01763	0.02273	0.10128	0.09118	0.03301	0.21977	0.16339	0.03906	0.03733	0.15042	0.01217	0.00876	0.00267	0.00825	0.01038	0.00760	0.01138
26	0.02151	0.02226	0.04410	0.03181	0.03981	0.05140	0.52211	0.02784	0.02005	0.07847	0.01785	0.02233	0.01315	0.00731	0.00943	0.00269	0.01318	0.00928	0.00473	0.04068
27	0.02198	0.02096	0.04269	0.03091	0.03875	0.01984	0.49636	0.02984	0.07116	0.10945	0.02027	0.02387	0.01468	0.00778	0.00951	0.00277	0.01250	0.00958	0.00534	0.01174

[dist]
# distance from previous block
# <min> <max>
2	38

[block]
# block no. 1 follows, 22 sequences, length 11
# corresponding to MSA columns:
# 102-112
name=unknown_B
#
# <colnr> <probs for GDERKNQSTAVLIFYWHMCP>
#	G	D	E	R	K	N	Q	S	T	A	V	L	I	F	Y	W	H	M	C	P
0	0.03110	0.03752	0.02372	0.02111	0.02569	0.59240	0.01602	0.10867	0.02551	0.02439	0.01374	0.01561	0.01114	0.00874	0.00759	0.00218	0.01424	0.00562	0.00479	0.01020
1	0.01723	0.01477	0.01723	0.01230	0.01969	0.01107	0.00984	0.02092	0.01723	0.02707	0.01477	0.01723	0.01230	0.00615	0.00615	0.00123	0.00615	0.00492	0.00492	0.75883
2	0.01205	0.00817	0.00966	0.00966	0.00987	0.00838	0.00579	0.01247	0.01226	0.01655	0.02562	0.05131	0.02888	0.61736	0.13115	0.00880	0.01005	0.01163	0.00495	0.00537
3	0.76672	0.01607	0.01221	0.01092	0.01607	0.01864	0.00900	0.02442	0.01414	0.03727	0.01157	0.01350	0.00900	0.00771	0.00514	0.00257	0.00643	0.00450	0.00514	0.00900
4	0.01208	0.00805	0.00906	0.00906	0.00906	0.00805	0.00503	0.01208	0.01208	0.01611	0.02618	0.05436	0.03020	0.70804	0.04228	0.00805	0.00805	0.01208	0.00503	0.00503
5	0.76672	0.01607	0.01221	0.01092	0.01607	0.01864	0.00900	0.02442	0.01414	0.03727	0.01157	0.01350	0.00900	0.00771	0.00514	0.00257	0.00643	0.00450	0.00514	0.00900
6	0.01289	0.00968	0.01208	0.01127	0.01358	0.00946	0.00851	0.01929	0.10185	0.03350	0.57347	0.05812	0.07166	0.01626	0.00963	0.00264	0.00426	0.01431	0.00906	0.00851
7	0.01938	0.02170	0.04572	0.03287	0.04072	0.02067	0.55319	0.02588	0.01906	0.02625	0.01634	0.02185	0.01249	0.00739	0.01061	0.00276	0.05333	0.00936	0.00421	0.05624
8	0.09678	0.03034	0.02280	0.01939	0.02464	0.34272	0.01517	0.25314	0.05963	0.03443	0.01641	0.01749	0.01256	0.00914	0.00763	0.00234	0.01163	0.00627	0.00606	0.01141
9	0.11997	0.03098	0.02405	0.02472	0.12984	0.38913	0.01672	0.11830	0.02389	0.02826	0.01419	0.01646	0.01141	0.00847	0.00744	0.00230	0.01222	0.00590	0.00495	0.01080
10	0.18950	0.01879	0.01940	0.01547	0.02096	0.02045	0.01248	0.35677	0.02866	0.07023	0.04669	0.02399	0.01759	0.07792	0.01091	0.00301	0.00799	0.00753	0.00727	0.04441

[dist]
# distance from previous block
# <min> <max>
4	19

[block]
# block no. 2 follows, 22 sequences, length 8
# corresponding to MSA columns:
# 132-139
name=unknown_C
#
# <colnr> <probs for GDERKNQSTAVLIFYWHMCP>
#	G	D	E	R	K	N	Q	S	T	A	V	L	I	F	Y	W	H	M	C	P
0	0.08803	0.00886	0.00938	0.00925	0.00977	0.00912	0.00543	0.01332	0.01229	0.01824	0.02471	0.05025	0.02807	0.63756	0.03855	0.00750	0.00789	0.01132	0.00504	0.00543
1	0.01751	0.03749	0.50839	0.02838	0.10894	0.01958	0.11066	0.02626	0.01798	0.02645	0.01525	0.01855	0.01111	0.00772	0.00819	0.00263	0.01223	0.00678	0.00367	0.01223
2	0.03103	0.03959	0.02354	0.02140	0.02568	0.67469	0.01605	0.03317	0.02354	0.02033	0.01284	0.01498	0.01070	0.00856	0.00749	0.00214	0.01498	0.00535	0.00428	0.00963
3	0.02060	0.01904	0.02821	0.03842	0.42207	0.02008	0.02094	0.03238	0.24852	0.02995	0.02234	0.02441	0.01766	0.00883	0.00831	0.00260	0.00865	0.00814	0.00571	0.01316
4	0.01443	0.00722	0.01082	0.01082	0.01082	0.00722	0.00722	0.01082	0.01082	0.01443	0.01443	0.02525	0.01443	0.02886	0.03247	0.75830	0.00722	0.00722	0.00361	0.00361
5	0.02477	0.01989	0.02110	0.01774	0.02317	0.02258	0.01414	0.26397	0.41470	0.04137	0.02860	0.02684	0.02113	0.01078	0.00840	0.00270	0.00754	0.00867	0.00840	0.01352
6	0.01569	0.01477	0.02492	0.68808	0.05722	0.01846	0.02307	0.02123	0.01661	0.02123	0.01477	0.02215	0.01107	0.00831	0.00831	0.00277	0.01107	0.00738	0.00369	0.00923
7	0.02245	0.01685	0.01829	0.01494	0.01930	0.01796	0.01142	0.29137	0.11024	0.03590	0.02325	0.03200	0.02053	0.22953	0.01880	0.00416	0.00814	0.00892	0.00694	0.08900

[dist]
# distance from previous block
# <min> <max>
0	13

[block]
# block no. 3 follows, 22 sequences, length 94
# corresponding to MSA columns:
# 153-246
name=unknown_D
#
# <colnr> <probs for GDERKNQSTAVLIFYWHMCP>
#	G	D	E	R	K	N	Q	S	T	A	V	L	I	F	Y	W	H	M	C	P
0	0.01668	0.01838	0.06998	0.42263	0.04968	0.01882	0.19786	0.02276	0.01736	0.02299	0.01576	0.02250	0.01200	0.01076	0.04406	0.00333	0.01259	0.00809	0.00387	0.00989
1	0.01956	0.02114	0.04277	0.07190	0.19329	0.02080	0.41544	0.02571	0.01892	0.02611	0.01610	0.02172	0.01257	0.00757	0.01026	0.00276	0.04882	0.00896	0.00412	0.01147
2	0.02410	0.01842	0.02046	0.01570	0.02234	0.01816	0.01271	0.25397	0.12373	0.06752	0.02055	0.02093	0.01543	0.00859	0.00743	0.00202	0.00739	0.00675	0.00700	0.32681
3	0.12401	0.53384	0.03631	0.01397	0.02062	0.02894	0.01332	0.02693	0.05465	0.06210	0.01419	0.01533	0.01193	0.00763	0.00568	0.00200	0.00830	0.00499	0.00448	0.01080
4	0.02907	0.03587	0.02545	0.02695	0.14383	0.55197	0.01782	0.03173	0.02268	0.02161	0.01336	0.01603	0.01116	0.00834	0.00763	0.00220	0.01402	0.00573	0.00425	0.01029
5	0.01934	0.02285	0.07244	0.03324	0.04098	0.02137	0.54142	0.02595	0.01884	0.02595	0.01615	0.02179	0.01235	0.00778	0.01144	0.00288	0.08066	0.00940	0.00412	0.01104
6	0.02086	0.01543	0.01789	0.01383	0.02010	0.01378	0.01101	0.09431	0.10304	0.09859	0.05183	0.05373	0.02022	0.00912	0.00731	0.00189	0.00648	0.00750	0.00667	0.42642
7	0.01745	0.01831	0.03680	0.02698	0.03371	0.01685	0.41765	0.02325	0.01984	0.02754	0.12981	0.06645	0.02648	0.00972	0.00946	0.00263	0.01089	0.01097	0.00534	0.08988
8	0.03078	0.01643	0.02002	0.01528	0.02187	0.01531	0.01251	0.16264	0.05745	0.35904	0.02611	0.02420	0.01761	0.00936	0.00787	0.00227	0.00729	0.00746	0.00859	0.17793
9	0.06570	0.01597	0.01856	0.01476	0.02078	0.01548	0.01189	0.09737	0.16506	0.24323	0.05228	0.02603	0.02084	0.00964	0.00774	0.00230	0.00679	0.00776	0.00806	0.18973
10	0.02899	0.13014	0.06551	0.02043	0.02572	0.50842	0.01668	0.06760	0.02321	0.02253	0.01322	0.01521	0.01089	0.00841	0.00727	0.00214	0.01364	0.00540	0.00438	0.01020
11	0.01818	0.01818	0.02545	0.02181	0.02181	0.02545	0.01818	0.01999	0.01272	0.01999	0.01091	0.01818	0.01091	0.01454	0.02726	0.00364	0.69284	0.00727	0.00364	0.00909
12	0.02098	0.02219	0.06156	0.09471	0.32927	0.08698	0.04764	0.03041	0.16655	0.02765	0.01959	0.02253	0.01545	0.00853	0.00826	0.00257	0.01002	0.00770	0.00509	0.01231
13	0.01549	0.00774	0.00774	0.00774	0.00968	0.00774	0.00581	0.01936	0.01742	0.03097	0.02710	0.03097	0.02129	0.00968	0.00581	0.00194	0.00387	0.00774	0.75416	0.00774
14	0.02166	0.01896	0.01930	0.01720	0.02199	0.04553	0.01340	0.07606	0.58469	0.03518	0.03226	0.02978	0.02419	0.01110	0.00841	0.00277	0.00703	0.00913	0.00829	0.01307
15	0.02267	0.67832	0.04250	0.01459	0.02155	0.06596	0.01431	0.02530	0.01722	0.01959	0.01162	0.01341	0.01066	0.00718	0.00544	0.00180	0.00920	0.00449	0.00359	0.01061
16	0.05353	0.01537	0.01767	0.01288	0.02005	0.01250	0.01038	0.06421	0.01904	0.07260	0.01621	0.01800	0.01284	0.00677	0.00641	0.00147	0.00643	0.00531	0.00553	0.62282
17	0.02090	0.24778	0.34193	0.01869	0.02791	0.02190	0.02161	0.02713	0.01854	0.11082	0.05520	0.02039	0.01608	0.00853	0.00727	0.00235	0.00999	0.00645	0.00479	0.01175
18	0.03166	0.02096	0.02327	0.01802	0.02436	0.02254	0.01481	0.49751	0.03535	0.15916	0.02334	0.05096	0.01704	0.01072	0.00842	0.00254	0.00859	0.00833	0.00863	0.01381
19	0.01549	0.00774	0.00774	0.00774	0.00968	0.00774	0.00581	0.01936	0.01742	0.03097	0.02710	0.03097	0.02129	0.00968	0.00581	0.00194	0.00387	0.00774	0.75416	0.00774
20	0.01900	0.01814	0.03090	0.25541	0.46402	0.01933	0.02472	0.02413	0.01818	0.02524	0.01535	0.02107	0.01249	0.00769	0.00825	0.00256	0.01026	0.00740	0.00398	0.01190
21	0.01733	0.01564	0.02492	0.61896	0.05397	0.01921	0.02232	0.08397	0.01893	0.02444	0.01530	0.02192	0.01139	0.00848	0.00831	0.00274	0.01087	0.00739	0.00417	0.00973
22	0.01517	0.01534	0.02833	0.02167	0.02697	0.01427	0.29737	0.02072	0.04670	0.02643	0.13012	0.07447	0.21817	0.01367	0.00978	0.00280	0.00889	0.01345	0.00630	0.00935
23	0.01066	0.00862	0.00943	0.00981	0.01227	0.00758	0.00763	0.01297	0.01856	0.02254	0.07275	0.08111	0.49623	0.06293	0.01211	0.00332	0.00512	0.13182	0.00754	0.00702
24	0.02055	0.01276	0.01975	0.01754	0.05862	0.01161	0.09418	0.02448	0.02181	0.21131	0.22316	0.04920	0.13090	0.01412	0.00940	0.00273	0.00686	0.05255	0.00818	0.01030
25	0.01741	0.13384	0.58072	0.02239	0.03397	0.02113	0.02846	0.02611	0.01745	0.02539	0.01445	0.01697	0.01054	0.00779	0.00755	0.00252	0.01182	0.00591	0.00351	0.01206
26	0.02221	0.71304	0.04353	0.01421	0.02132	0.03287	0.01421	0.02488	0.01688	0.01955	0.01155	0.01333	0.01066	0.00711	0.00533	0.00178	0.00888	0.00444	0.00355	0.01066
27	0.01305	0.00974	0.01007	0.00996	0.01027	0.04270	0.00593	0.01334	0.01275	0.01652	0.02525	0.05101	0.02862	0.63282	0.07872	0.00807	0.00927	0.01154	0.00496	0.00542
28	0.02014	0.03631	0.37916	0.02859	0.11933	0.13479	0.11198	0.02745	0.01907	0.02541	0.01491	0.01819	0.01121	0.00782	0.00814	0.00255	0.01267	0.00669	0.00382	0.01178
29	0.02469	0.02833	0.02408	0.05706	0.06392	0.34583	0.01714	0.05190	0.01995	0.02208	0.01466	0.05487	0.01352	0.01126	0.01360	0.00272	0.21305	0.00724	0.00441	0.00969
30	0.01666	0.04297	0.66500	0.02368	0.03596	0.01929	0.03069	0.02631	0.01754	0.02631	0.01491	0.01754	0.01052	0.00789	0.00789	0.00263	0.01228	0.00614	0.00351	0.01228
31	0.01805	0.01677	0.02769	0.45266	0.24438	0.01924	0.02346	0.05401	0.01850	0.02470	0.01530	0.02153	0.01189	0.00811	0.00828	0.00266	0.01059	0.00739	0.00406	0.01072
32	0.01723	0.01477	0.01723	0.01230	0.01969	0.01107	0.00984	0.02092	0.01723	0.02707	0.01477	0.01723	0.01230	0.00615	0.00615	0.00123	0.00615	0.00492	0.00492	0.75883
33	0.01191	0.00861	0.01116	0.01258	0.01379	0.00834	0.00923	0.04544	0.01794	0.02366	0.04589	0.51203	0.08007	0.02431	0.01062	0.00339	0.00560	0.14035	0.00773	0.00734
34	0.01443	0.00722	0.01082	0.01082	0.01082	0.00722	0.00722	0.01082	0.01082	0.01443	0.01443	0.02525	0.01443	0.02886	0.03247	0.75830	0.00722	0.00722	0.00361	0.00361
35	0.01937	0.01875	0.02887	0.04226	0.50450	0.05745	0.02179	0.02352	0.01867	0.02568	0.02076	0.14010	0.02035	0.01075	0.00860	0.00261	0.00929	0.01013	0.00476	0.01182
36	0.01023	0.00728	0.00961	0.01143	0.01188	0.00682	0.00756	0.01160	0.01569	0.02092	0.04470	0.66676	0.05358	0.06375	0.01236	0.00363	0.00500	0.02298	0.00756	0.00665
37	0.02066	0.01785	0.01878	0.01691	0.02160	0.02066	0.01315	0.04414	0.64121	0.03475	0.03381	0.03099	0.02536	0.01127	0.00845	0.00282	0.00657	0.00939	0.00845	0.01315
38	0.01549	0.00774	0.00774	0.00774	0.00968	0.00774	0.00581	0.01936	0.01742	0.03097	0.02710	0.03097	0.02129	0.00968	0.00581	0.00194	0.00387	0.00774	0.75416	0.00774
39	0.01187	0.00890	0.01335	0.01335	0.01483	0.01038	0.01038	0.01483	0.01335	0.01928	0.02225	0.03264	0.02077	0.06231	0.67512	0.01335	0.02225	0.00890	0.00445	0.00742
40	0.66168	0.01676	0.01364	0.01195	0.01719	0.01934	0.00980	0.07447	0.05448	0.03834	0.01360	0.01509	0.01041	0.00811	0.00560	0.00258	0.00665	0.00504	0.00560	0.00967
41	0.01818	0.01818	0.02545	0.02181	0.02181	0.02545	0.01818	0.01999	0.01272	0.01999	0.01091	0.01818	0.01091	0.01454	0.02726	0.00364	0.69284	0.00727	0.00364	0.00909
42	0.01821	0.01346	0.01702	0.17297	0.02527	0.04358	0.01293	0.12176	0.01921	0.02594	0.05606	0.02641	0.01840	0.01919	0.05622	0.24769	0.00918	0.00785	0.08073	0.00792
43	0.02001	0.01918	0.03273	0.12278	0.58873	0.01959	0.02522	0.02501	0.01866	0.02647	0.01553	0.02074	0.01292	0.00750	0.00823	0.00250	0.01001	0.00740	0.00406	0.01272
44	0.02629	0.03116	0.02107	0.01929	0.02298	0.47804	0.01463	0.05723	0.02175	0.02161	0.01553	0.01962	0.01337	0.02201	0.17380	0.00495	0.01651	0.00634	0.00452	0.00930
45	0.25912	0.01574	0.04475	0.01347	0.01829	0.01535	0.01113	0.10570	0.01987	0.19597	0.02295	0.06668	0.01907	0.11173	0.04252	0.00388	0.00807	0.00840	0.00693	0.01039
46	0.01677	0.01438	0.01669	0.01207	0.01917	0.01083	0.00963	0.02037	0.01733	0.02679	0.01901	0.02106	0.05145	0.00706	0.00638	0.00133	0.00603	0.00569	0.00509	0.71288
47	0.01549	0.00774	0.00774	0.00774	0.00968	0.00774	0.00581	0.01936	0.01742	0.03097	0.02710	0.03097	0.02129	0.00968	0.00581	0.00194	0.00387	0.00774	0.75416	0.00774
48	0.02221	0.71304	0.04353	0.01421	0.02132	0.03287	0.01421	0.02488	0.01688	0.01955	0.01155	0.01333	0.01066	0.00711	0.00533	0.00178	0.00888	0.00444	0.00355	0.01066
49	0.01021	0.00843	0.00897	0.00883	0.01146	0.00718	0.00662	0.01269	0.01987	0.02466	0.20019	0.07629	0.53543	0.02021	0.00981	0.00277	0.00415	0.01702	0.00801	0.00718
50	0.04343	0.01295	0.01464	0.01340	0.01665	0.01388	0.01027	0.05881	0.25319	0.03426	0.32831	0.08563	0.05131	0.01470	0.00910	0.00273	0.00533	0.01267	0.00861	0.01012
51	0.76672	0.01607	0.01221	0.01092	0.01607	0.01864	0.00900	0.02442	0.01414	0.03727	0.01157	0.01350	0.00900	0.00771	0.00514	0.00257	0.00643	0.00450	0.00514	0.00900
52	0.02221	0.71304	0.04353	0.01421	0.02132	0.03287	0.01421	0.02488	0.01688	0.01955	0.01155	0.01333	0.01066	0.00711	0.00533	0.00178	0.00888	0.00444	0.00355	0.01066
53	0.01056	0.00844	0.00944	0.00919	0.01167	0.00733	0.00689	0.01335	0.02068	0.02658	0.30003	0.07314	0.43440	0.01950	0.00981	0.00273	0.00410	0.01658	0.00826	0.00733
54	0.07651	0.02283	0.02415	0.01861	0.02517	0.02533	0.01537	0.59160	0.03754	0.05143	0.01943	0.01955	0.01381	0.00983	0.00812	0.00250	0.00898	0.00730	0.00812	0.01381
55	0.01190	0.00876	0.01264	0.01264	0.01388	0.01000	0.00950	0.01438	0.01314	0.01876	0.02290	0.03622	0.02232	0.16873	0.57082	0.01248	0.01991	0.00942	0.00455	0.00702
56	0.05642	0.04155	0.63040	0.02300	0.03490	0.01926	0.02954	0.02621	0.01736	0.02689	0.01473	0.01732	0.01044	0.00788	0.00775	0.00263	0.01197	0.00605	0.00359	0.01210
57	0.01666	0.04297	0.66500	0.02368	0.03596	0.01929	0.03069	0.02631	0.01754	0.02631	0.01491	0.01754	0.01052	0.00789	0.00789	0.00263	0.01228	0.00614	0.00351	0.01228
58	0.01012	0.00723	0.00964	0.01157	0.01205	0.00675	0.00771	0.01157	0.01591	0.02121	0.04579	0.70262	0.05495	0.02603	0.01060	0.00337	0.00482	0.02362	0.00771	0.00675
59	0.01569	0.01477	0.02492	0.68808	0.05722	0.01846	0.02307	0.02123	0.01661	0.02123	0.01477	0.02215	0.01107	0.00831	0.00831	0.00277	0.01107	0.00738	0.00369	0.00923
60	0.03521	0.01397	0.01879	0.01472	0.02078	0.01233	0.01204	0.03926	0.05137	0.60275	0.03345	0.06083	0.02243	0.01108	0.00847	0.00262	0.00694	0.00914	0.01008	0.01374
61	0.02431	0.01157	0.01514	0.01299	0.01718	0.01042	0.01031	0.02833	0.04901	0.33710	0.18455	0.10973	0.09629	0.01500	0.00920	0.00275	0.00586	0.04001	0.00933	0.01095
62	0.03727	0.01414	0.01928	0.01478	0.02121	0.01221	0.01221	0.04049	0.02378	0.66198	0.03277	0.02828	0.02056	0.01028	0.00835	0.00257	0.00707	0.00835	0.01028	0.01414
63	0.01187	0.00890	0.01335	0.01335	0.01483	0.01038	0.01038	0.01483	0.01335	0.01928	0.02225	0.03264	0.02077	0.06231	0.67512	0.01335	0.02225	0.00890	0.00445	0.00742
64	0.02112	0.58125	0.16576	0.01608	0.02420	0.03020	0.01746	0.02516	0.01701	0.02088	0.01221	0.01415	0.01063	0.00726	0.00583	0.00194	0.00955	0.00478	0.00354	0.01098
65	0.02101	0.56749	0.17853	0.01627	0.02450	0.02992	0.01779	0.02519	0.01702	0.02101	0.01228	0.01424	0.01063	0.00728	0.00589	0.00196	0.00962	0.00481	0.00354	0.01101
66	0.03703	0.01452	0.01952	0.01496	0.02140	0.01278	0.01236	0.06520	0.02442	0.63635	0.03223	0.02793	0.02029	0.01027	0.00835	0.00257	0.00716	0.00832	0.01020	0.01414
67	0.05644	0.01956	0.03269	0.04906	0.62544	0.01969	0.02470	0.02544	0.01869	0.02763	0.01543	0.02022	0.01296	0.00742	0.00808	0.00247	0.00970	0.00726	0.00416	0.01296
68	0.01714	0.01594	0.02502	0.51900	0.04848	0.02025	0.02168	0.05807	0.01723	0.02289	0.01434	0.02125	0.01123	0.00961	0.01195	0.00292	0.14217	0.00737	0.00396	0.00950
69	0.76672	0.01607	0.01221	0.01092	0.01607	0.01864	0.00900	0.02442	0.01414	0.03727	0.01157	0.01350	0.00900	0.00771	0.00514	0.00257	0.00643	0.00450	0.00514	0.00900
70	0.01370	0.01174	0.01790	0.01602	0.01897	0.01131	0.11715	0.05061	0.05630	0.02508	0.04541	0.36648	0.15133	0.01987	0.01010	0.00311	0.00679	0.04258	0.00717	0.00841
71	0.02879	0.05243	0.02430	0.01814	0.02459	0.09093	0.01485	0.43816	0.05543	0.04361	0.01866	0.01919	0.01379	0.00924	0.00781	0.00227	0.00924	0.00686	0.00724	0.11448
72	0.01037	0.00738	0.00981	0.01166	0.01219	0.00695	0.00789	0.01188	0.01591	0.02118	0.04487	0.64401	0.05354	0.05437	0.01197	0.00359	0.00510	0.05299	0.00760	0.00672
73	0.01845	0.01938	0.03810	0.02834	0.03513	0.01856	0.41573	0.02500	0.04297	0.02637	0.02063	0.03170	0.01780	0.00967	0.01054	0.00281	0.04952	0.09002	0.00489	0.09440
74	0.03082	0.02271	0.02448	0.01889	0.02534	0.02517	0.01558	0.60476	0.03806	0.05108	0.02003	0.02044	0.01438	0.01200	0.03413	0.00291	0.00965	0.00753	0.00816	0.01387
75	0.00994	0.00842	0.00858	0.00854	0.01129	0.00706	0.00641	0.01215	0.01922	0.02311	0.11885	0.07886	0.61774	0.02079	0.00982	0.00279	0.00419	0.01738	0.00780	0.00706
76	0.01158	0.00848	0.01086	0.01027	0.01230	0.00776	0.00770	0.01534	0.02311	0.03234	0.60111	0.06365	0.12972	0.01735	0.00980	0.00263	0.00395	0.01525	0.00902	0.00776
77	0.01724	0.11288	0.60016	0.02269	0.03443	0.02071	0.02897	0.02616	0.01747	0.02560	0.01456	0.01710	0.01054	0.00781	0.00763	0.00254	0.01192	0.00596	0.00351	0.01211
78	0.01628	0.01537	0.02599	0.61024	0.13040	0.01861	0.02337	0.02175	0.01689	0.02195	0.01487	0.02195	0.01133	0.00820	0.00830	0.00273	0.01093	0.00739	0.00374	0.00971
79	0.01666	0.04297	0.66500	0.02368	0.03596	0.01929	0.03069	0.02631	0.01754	0.02631	0.01491	0.01754	0.01052	0.00789	0.00789	0.00263	0.01228	0.00614	0.00351	0.01228
80	0.01569	0.01477	0.02492	0.68808	0.05722	0.01846	0.02307	0.02123	0.01661	0.02123	0.01477	0.02215	0.01107	0.00831	0.00831	0.00277	0.01107	0.00738	0.00369	0.00923
81	0.03115	0.03608	0.02384	0.02091	0.02570	0.53486	0.01600	0.16146	0.02689	0.02723	0.01437	0.01605	0.01144	0.00886	0.00767	0.00222	0.01372	0.00581	0.00515	0.01060
82	0.01315	0.00906	0.01258	0.01328	0.01477	0.00864	0.03068	0.04017	0.01777	0.05706	0.04280	0.54876	0.04915	0.02352	0.01045	0.00332	0.00575	0.08364	0.00774	0.00770
83	0.01177	0.00956	0.01530	0.01450	0.01638	0.00892	0.09160	0.01451	0.01807	0.02459	0.17455	0.47012	0.05434	0.02147	0.01032	0.00313	0.00587	0.01986	0.00755	0.00759
84	0.02965	0.03580	0.02439	0.02305	0.06395	0.54434	0.01674	0.07840	0.02381	0.02323	0.01345	0.01590	0.01113	0.00897	0.00881	0.00228	0.05564	0.00576	0.00455	0.01016
85	0.03062	0.02115	0.02314	0.01798	0.02415	0.02303	0.01468	0.49937	0.06708	0.11818	0.02244	0.02328	0.01629	0.04708	0.01012	0.00281	0.00872	0.00792	0.00837	0.01360
86	0.02114	0.02084	0.03316	0.04935	0.62134	0.05597	0.02497	0.02592	0.01917	0.02676	0.01547	0.02025	0.01302	0.00747	0.00818	0.00245	0.01015	0.00729	0.00412	0.01296
87	0.01453	0.00980	0.01201	0.01209	0.01414	0.00941	0.00875	0.08313	0.02026	0.07024	0.11203	0.42682	0.13160	0.02150	0.01000	0.00306	0.00528	0.01902	0.00811	0.00824
88	0.02321	0.01261	0.01558	0.01350	0.01776	0.01195	0.01087	0.09446	0.04950	0.25600	0.11904	0.09008	0.15109	0.01557	0.00931	0.00282	0.00629	0.08069	0.00890	0.01078
89	0.01688	0.04169	0.63008	0.02519	0.07026	0.01932	0.03041	0.02626	0.01762	0.02635	0.01495	0.01771	0.01067	0.00787	0.00791	0.00262	0.01214	0.00621	0.00354	0.01233
90	0.01207	0.00811	0.00932	0.00932	0.00941	0.00819	0.00536	0.01225	0.01216	0.01630	0.02594	0.05305	0.02963	0.66903	0.08052	0.00837	0.00891	0.01189	0.00500	0.00518
91	0.01905	0.33185	0.39708	0.01960	0.02965	0.02515	0.02359	0.02569	0.01725	0.02339	0.01346	0.01572	0.01058	0.00755	0.00679	0.00226	0.01081	0.00541	0.00353	0.01158
92	0.10813	0.03408	0.02355	0.02350	0.09540	0.50023	0.01635	0.06001	0.02277	0.02444	0.01336	0.01569	0.01096	0.00841	0.00736	0.00224	0.01322	0.00559	0.00455	0.01018
93	0.01046	0.00737	0.00954	0.01113	0.01153	0.00697	0.00725	0.01166	0.01524	0.02032	0.04239	0.59034	0.05066	0.14416	0.01609	0.00418	0.00538	0.02162	0.00725	0.00645

[dist]
# distance from previous block
# <min> <max>
3	4

[block]
# block no. 4 follows, 22 sequences, length 7
# corresponding to MSA columns:
# 251-257
name=unknown_E
#
# <colnr> <probs for GDERKNQSTAVLIFYWHMCP>
#	G	D	E	R	K	N	Q	S	T	A	V	L	I	F	Y	W	H	M	C	P
0	0.01466	0.01348	0.01880	0.06041	0.02161	0.07184	0.07693	0.01815	0.01514	0.02028	0.02034	0.02928	0.01836	0.04808	0.50102	0.01053	0.01999	0.00858	0.00436	0.00814
1	0.10193	0.01486	0.01880	0.06507	0.09609	0.01542	0.01351	0.03163	0.17432	0.19901	0.12466	0.03333	0.05342	0.01124	0.00830	0.00265	0.00689	0.00942	0.00782	0.01164
2	0.21586	0.01499	0.01735	0.01649	0.07424	0.01542	0.01178	0.08800	0.05548	0.21503	0.10028	0.02964	0.02456	0.07303	0.01075	0.00307	0.00703	0.00841	0.00751	0.01108
3	0.01953	0.01711	0.01774	0.01420	0.01994	0.07155	0.01107	0.10976	0.05135	0.02956	0.02136	0.13039	0.02005	0.01043	0.00743	0.00192	0.00717	0.00861	0.00599	0.42484
4	0.02053	0.01378	0.01631	0.01347	0.01816	0.01288	0.01052	0.15077	0.02338	0.11262	0.11703	0.16515	0.03231	0.01323	0.00831	0.00233	0.00622	0.01127	0.03913	0.21261
5	0.11441	0.02222	0.02210	0.08335	0.13238	0.16008	0.01635	0.05571	0.22265	0.02976	0.02164	0.02484	0.01729	0.00973	0.00790	0.00260	0.00946	0.03020	0.00595	0.01136
6	0.02766	0.01958	0.02277	0.09304	0.02761	0.02049	0.01504	0.37269	0.03048	0.11552	0.01986	0.02065	0.01418	0.00908	0.00790	0.00229	0.00854	0.00707	0.00736	0.15819

[dist]
# distance from previous block
# <min> <max>
0	4

[block]
# block no. 5 follows, 22 sequences, length 8
# corresponding to MSA columns:
# 262-269
name=unknown_F
#
# <colnr> <probs for GDERKNQSTAVLIFYWHMCP>
#	G	D	E	R	K	N	Q	S	T	A	V	L	I	F	Y	W	H	M	C	P
0	0.08179	0.02230	0.02307	0.01861	0.02428	0.12910	0.07141	0.23510	0.10153	0.10154	0.02724	0.02705	0.07872	0.01058	0.00825	0.00255	0.00936	0.00845	0.00718	0.01190
1	0.02083	0.02400	0.04401	0.03198	0.03983	0.09891	0.51494	0.02705	0.01993	0.02588	0.01621	0.02120	0.01236	0.00714	0.00930	0.00263	0.01364	0.00897	0.00426	0.05693
2	0.02885	0.02475	0.02278	0.01843	0.02416	0.14962	0.01481	0.42459	0.06518	0.04241	0.02535	0.02523	0.07445	0.01081	0.00830	0.00247	0.00968	0.00812	0.00748	0.01253
3	0.02033	0.01609	0.02168	0.01566	0.02303	0.01319	0.08443	0.05706	0.01938	0.09260	0.01712	0.01912	0.01328	0.00688	0.00693	0.00162	0.00735	0.00600	0.00556	0.55271
4	0.01425	0.00852	0.01018	0.01007	0.01079	0.00824	0.00622	0.01482	0.01392	0.08139	0.03027	0.16521	0.03357	0.51914	0.03336	0.00669	0.00739	0.01373	0.00603	0.00624
5	0.02026	0.01521	0.01771	0.01355	0.01993	0.01311	0.01077	0.10166	0.05130	0.08456	0.02106	0.08850	0.01820	0.00926	0.00718	0.00180	0.00650	0.00766	0.00628	0.48549
6	0.46384	0.01915	0.01622	0.01383	0.01922	0.08420	0.01120	0.10301	0.05629	0.11869	0.01680	0.01739	0.01227	0.00862	0.00638	0.00253	0.00771	0.00574	0.00631	0.01061
7	0.04705	0.01374	0.01659	0.01356	0.01862	0.01272	0.01058	0.04751	0.10756	0.25697	0.04675	0.08807	0.02457	0.08155	0.01145	0.00293	0.00665	0.00951	0.00784	0.17577

[dist]
# distance from previous block
# <min> <max>
0	2

[block]
# block no. 6 follows, 22 sequences, length 7
# corresponding to MSA columns:
# 272-274,284-287
name=unknown_G
#
# <colnr> <probs for GDERKNQSTAVLIFYWHMCP>
#	G	D	E	R	K	N	Q	S	T	A	V	L	I	F	Y	W	H	M	C	P
0	0.02740	0.06226	0.02285	0.01857	0.02364	0.34743	0.01451	0.17171	0.07176	0.02951	0.02196	0.02271	0.06527	0.00990	0.00776	0.00226	0.01127	0.00708	0.00583	0.05632
1	0.02886	0.01428	0.01769	0.01419	0.01955	0.01350	0.01150	0.12195	0.05918	0.37742	0.11111	0.03801	0.11024	0.01251	0.00872	0.00261	0.00660	0.01028	0.00941	0.01239
2	0.01626	0.01187	0.01318	0.01185	0.01427	0.01197	0.00837	0.15528	0.02017	0.02678	0.03539	0.14582	0.11861	0.30674	0.02301	0.00494	0.00716	0.01315	0.00658	0.04860
3	0.02168	0.01628	0.01825	0.01505	0.01977	0.01656	0.01172	0.30042	0.02668	0.03653	0.02611	0.20107	0.02559	0.06154	0.01082	0.00285	0.00732	0.01151	0.00724	0.16300
4	0.01918	0.01709	0.02227	0.01720	0.02321	0.04369	0.10557	0.10686	0.05078	0.03004	0.04597	0.11469	0.02161	0.01032	0.00794	0.00211	0.00792	0.00922	0.00597	0.33835
5	0.06476	0.01849	0.02206	0.01798	0.02372	0.01999	0.05858	0.16287	0.31639	0.16082	0.02831	0.02662	0.02029	0.01031	0.00833	0.00269	0.00775	0.00857	0.00830	0.01319
6	0.11416	0.01970	0.02430	0.01876	0.02520	0.09051	0.12499	0.06593	0.07208	0.19566	0.02112	0.02166	0.01512	0.00849	0.00774	0.00233	0.00907	0.00723	0.00663	0.14930

[dist]
# distance from previous block
# <min> <max>
0	45

[block]
# block no. 7 follows, 22 sequences, length 20
# corresponding to MSA columns:
# 334-353
name=unknown_H
#
# <colnr> <probs for GDERKNQSTAVLIFYWHMCP>
#	G	D	E	R	K	N	Q	S	T	A	V	L	I	F	Y	W	H	M	C	P
0	0.02959	0.08256	0.02677	0.02224	0.05216	0.44218	0.04285	0.15255	0.02585	0.02732	0.01448	0.01642	0.01158	0.00863	0.00763	0.00223	0.01311	0.00600	0.00503	0.01083
1	0.05382	0.02346	0.02101	0.01745	0.02276	0.15306	0.01389	0.32158	0.11039	0.03875	0.02925	0.02878	0.10665	0.01137	0.00826	0.00251	0.00918	0.00864	0.00731	0.01188
2	0.20586	0.01739	0.01622	0.01364	0.01831	0.09219	0.01057	0.08282	0.04323	0.13404	0.06059	0.02717	0.02029	0.11571	0.01245	0.00319	0.00785	0.00758	0.00652	0.10438
3	0.02069	0.01629	0.02208	0.01611	0.02336	0.01372	0.09068	0.05826	0.04666	0.09902	0.01814	0.01987	0.01393	0.00715	0.00709	0.00172	0.00746	0.00627	0.00576	0.50573
4	0.02074	0.01685	0.01911	0.01397	0.02117	0.01467	0.01130	0.16958	0.02257	0.03326	0.01603	0.01789	0.01275	0.00709	0.00668	0.00154	0.00688	0.00555	0.00575	0.57662
5	0.06673	0.01659	0.01892	0.01548	0.02045	0.01730	0.01240	0.29839	0.02894	0.17247	0.10827	0.13098	0.02978	0.01328	0.00869	0.00266	0.00722	0.01094	0.00857	0.01191
6	0.01884	0.00975	0.01250	0.01138	0.01371	0.00898	0.00811	0.02085	0.01855	0.20359	0.17171	0.14873	0.04212	0.24994	0.02049	0.00456	0.00635	0.01347	0.00786	0.00851
7	0.03158	0.02327	0.02493	0.01911	0.02576	0.02576	0.01579	0.62852	0.03906	0.05236	0.01995	0.01995	0.01413	0.00997	0.00831	0.00249	0.00914	0.00748	0.00831	0.01413
8	0.16152	0.02136	0.02196	0.01740	0.02355	0.02391	0.01427	0.45370	0.10367	0.04765	0.02004	0.02006	0.01450	0.00972	0.00776	0.00254	0.00836	0.00717	0.00776	0.01310
9	0.01432	0.00980	0.01088	0.01021	0.01098	0.01008	0.00627	0.08278	0.01517	0.02026	0.02546	0.05042	0.02836	0.62799	0.03839	0.00742	0.00818	0.01155	0.00541	0.00608
10	0.12657	0.02633	0.02268	0.01855	0.02432	0.19214	0.01487	0.37314	0.05570	0.04143	0.01757	0.01826	0.01302	0.00937	0.00769	0.00242	0.01019	0.00662	0.00686	0.01226
11	0.02190	0.02133	0.04515	0.03238	0.04053	0.01986	0.54626	0.02841	0.02015	0.10920	0.01888	0.02317	0.01364	0.00743	0.00962	0.00277	0.01310	0.00962	0.00499	0.01159
12	0.01366	0.01230	0.02112	0.01777	0.02135	0.01115	0.17116	0.01704	0.01759	0.02426	0.07716	0.38853	0.03989	0.01778	0.00976	0.00289	0.00735	0.01693	0.00652	0.10576
13	0.39079	0.01948	0.01763	0.06482	0.02215	0.09531	0.01291	0.05008	0.10970	0.03208	0.01550	0.01777	0.01223	0.00936	0.00913	0.00271	0.09710	0.00601	0.00535	0.00991
14	0.02986	0.01518	0.01892	0.01522	0.02113	0.01434	0.01245	0.07894	0.13300	0.38778	0.03081	0.03174	0.02202	0.01090	0.00835	0.00255	0.00707	0.05186	0.00901	0.09889
15	0.02383	0.01769	0.01917	0.01582	0.02034	0.01921	0.01238	0.37809	0.07545	0.03991	0.02943	0.10953	0.06715	0.11686	0.01376	0.00347	0.00794	0.01089	0.00772	0.01134
16	0.01627	0.01236	0.01583	0.01328	0.01776	0.01055	0.03275	0.05191	0.01885	0.06117	0.07242	0.26583	0.03277	0.01448	0.00838	0.00229	0.00603	0.01282	0.00667	0.32759
17	0.03114	0.03626	0.02383	0.02094	0.02570	0.54235	0.01600	0.15459	0.02671	0.02686	0.01429	0.01599	0.01140	0.00885	0.00766	0.00221	0.01379	0.00578	0.00510	0.01055
18	0.02176	0.01402	0.01654	0.01511	0.01916	0.01467	0.01195	0.05459	0.26960	0.17417	0.03841	0.14334	0.05742	0.01530	0.00924	0.00298	0.00657	0.09518	0.00861	0.01140
19	0.49306	0.02024	0.01596	0.01366	0.01905	0.11656	0.01100	0.09528	0.01895	0.05641	0.01366	0.01522	0.01047	0.00807	0.00604	0.00240	0.00802	0.00513	0.00553	0.06530

[dist]
# distance from previous block
# <min> <max>
1	44

[block]
# block no. 8 follows, 22 sequences, length 12
# corresponding to MSA columns:
# 398-409
name=unknown_I
#
# <colnr> <probs for GDERKNQSTAVLIFYWHMCP>
#	G	D	E	R	K	N	Q	S	T	A	V	L	I	F	Y	W	H	M	C	P
0	0.03118	0.03151	0.02276	0.01971	0.02472	0.42092	0.01522	0.13132	0.07619	0.11952	0.01857	0.01901	0.01387	0.00926	0.00783	0.00231	0.01221	0.00646	0.00614	0.01130
1	0.14551	0.01550	0.01792	0.01447	0.02006	0.01553	0.01178	0.12049	0.08852	0.33906	0.07963	0.02949	0.04383	0.01084	0.00802	0.00260	0.00687	0.00858	0.00883	0.01249
2	0.01275	0.00869	0.01009	0.01021	0.01067	0.00874	0.00638	0.03760	0.01413	0.01880	0.02945	0.12974	0.03364	0.55217	0.03505	0.00699	0.00770	0.05574	0.00566	0.00579
3	0.50879	0.01741	0.01426	0.01265	0.01750	0.07822	0.01013	0.02716	0.04890	0.10625	0.05060	0.04364	0.01667	0.00942	0.00634	0.00257	0.00711	0.00652	0.00613	0.00971
4	0.02097	0.02251	0.04627	0.03320	0.04140	0.02155	0.55645	0.09526	0.02183	0.02955	0.01716	0.02213	0.01278	0.00734	0.00963	0.00277	0.01345	0.00954	0.00467	0.01154
5	0.01674	0.01498	0.02262	0.01765	0.02302	0.01350	0.14867	0.04732	0.06315	0.02653	0.02421	0.16595	0.02372	0.06566	0.01098	0.00273	0.00795	0.01093	0.00575	0.28794
6	0.02672	0.06177	0.02478	0.01973	0.02471	0.29748	0.06191	0.17896	0.08115	0.02976	0.02002	0.02335	0.03443	0.06609	0.01075	0.00282	0.01150	0.00747	0.00578	0.01078
7	0.10679	0.02064	0.02146	0.01725	0.02286	0.11265	0.06219	0.20790	0.02493	0.06791	0.02319	0.08663	0.04822	0.01075	0.00791	0.00237	0.00883	0.00869	0.00651	0.13230
8	0.01849	0.01719	0.01548	0.01395	0.01628	0.14339	0.01005	0.08765	0.01868	0.02297	0.02766	0.08504	0.08096	0.28386	0.02303	0.00469	0.06215	0.01073	0.00558	0.05217
9	0.12023	0.01997	0.02768	0.02067	0.02764	0.02014	0.17220	0.23651	0.04743	0.06409	0.01812	0.01999	0.01340	0.00826	0.00790	0.00236	0.00933	0.00733	0.00630	0.15042
10	0.08153	0.02459	0.02388	0.02014	0.02458	0.23760	0.10213	0.09539	0.09231	0.02760	0.01986	0.07084	0.01748	0.04318	0.04610	0.00340	0.04519	0.00852	0.00552	0.01016
11	0.02521	0.02106	0.02092	0.01710	0.02262	0.09042	0.01357	0.31290	0.11840	0.03879	0.02331	0.09844	0.01975	0.01123	0.00816	0.00240	0.00843	0.00896	0.00729	0.13102

[dist]
# distance from previous block
# <min> <max>
35	153

[block]
# block no. 9 follows, 22 sequences, length 14
# corresponding to MSA columns:
# 575-588
name=unknown_J
#
# <colnr> <probs for GDERKNQSTAVLIFYWHMCP>
#	G	D	E	R	K	N	Q	S	T	A	V	L	I	F	Y	W	H	M	C	P
0	0.02663	0.06395	0.10665	0.01649	0.02323	0.04091	0.01507	0.19753	0.02604	0.20750	0.08083	0.02771	0.05114	0.01040	0.00809	0.00240	0.00824	0.00823	0.00756	0.07140
1	0.02509	0.01974	0.01923	0.01604	0.02138	0.12184	0.01262	0.09004	0.20371	0.15205	0.08433	0.02748	0.02386	0.01020	0.00800	0.00234	0.00794	0.00814	0.00759	0.13836
2	0.07955	0.08214	0.01980	0.01639	0.04802	0.04855	0.01248	0.03137	0.24741	0.08877	0.10078	0.06782	0.02940	0.01206	0.00816	0.00262	0.00702	0.04349	0.00733	0.04685
3	0.02440	0.13340	0.07376	0.01928	0.02456	0.24217	0.04354	0.12833	0.02359	0.02779	0.06745	0.02737	0.02019	0.01076	0.00893	0.00248	0.04341	0.06266	0.00546	0.01046
4	0.01545	0.01368	0.02106	0.01708	0.02112	0.01359	0.14802	0.02102	0.07989	0.05644	0.13608	0.05140	0.27494	0.01523	0.01125	0.00284	0.07153	0.01324	0.00694	0.00921
5	0.02503	0.02451	0.03746	0.02937	0.07113	0.13127	0.33995	0.11829	0.02351	0.08918	0.01804	0.02123	0.01329	0.00804	0.00896	0.00260	0.01256	0.00843	0.00539	0.01176
6	0.01931	0.01548	0.02090	0.02012	0.08085	0.01613	0.07042	0.19547	0.07249	0.03219	0.03046	0.25490	0.03097	0.05979	0.01152	0.00325	0.00788	0.04041	0.00710	0.01035
7	0.13865	0.01444	0.01380	0.01311	0.01638	0.07509	0.01010	0.02310	0.12441	0.02963	0.18419	0.12782	0.08878	0.01521	0.00868	0.00275	0.00636	0.06020	0.00732	0.03998
8	0.02457	0.14995	0.12380	0.02043	0.05387	0.24071	0.01756	0.09879	0.10334	0.02760	0.04931	0.02039	0.01654	0.00910	0.00755	0.00232	0.01095	0.00667	0.00528	0.01125
9	0.05970	0.05925	0.11829	0.02283	0.11366	0.24937	0.01756	0.02906	0.04229	0.09064	0.07907	0.02446	0.03943	0.00966	0.00786	0.00240	0.01068	0.00743	0.00548	0.01087
10	0.01726	0.01286	0.01478	0.01457	0.01664	0.06341	0.01131	0.02081	0.05065	0.09841	0.08865	0.23939	0.04070	0.05889	0.01352	0.00348	0.07197	0.14675	0.00735	0.00859
11	0.02132	0.02101	0.03814	0.03002	0.09455	0.02002	0.36214	0.12725	0.02243	0.03109	0.01688	0.02094	0.01286	0.00740	0.00879	0.00245	0.01147	0.00836	0.00501	0.13787
12	0.02056	0.01908	0.02671	0.15732	0.09481	0.04929	0.11925	0.12033	0.16995	0.03076	0.02718	0.02910	0.07778	0.01021	0.00870	0.00269	0.00959	0.00918	0.00607	0.01143
13	0.28033	0.09217	0.26544	0.01982	0.07947	0.02001	0.01935	0.02585	0.04033	0.02995	0.01420	0.01649	0.01089	0.00775	0.00665	0.00245	0.00917	0.00558	0.00440	0.04972

[dist]
# distance from previous block
# <min> <max>
0	1

[block]
# block no. 10 follows, 22 sequences, length 10
# corresponding to MSA columns:
# 590-599
name=unknown_K
#
# <colnr> <probs for GDERKNQSTAVLIFYWHMCP>
#	G	D	E	R	K	N	Q	S	T	A	V	L	I	F	Y	W	H	M	C	P
0	0.05898	0.06464	0.08787	0.01360	0.01820	0.01468	0.01196	0.11595	0.02194	0.10104	0.17096	0.04121	0.09382	0.13285	0.01425	0.00349	0.00723	0.01056	0.00707	0.00971
1	0.06774	0.02013	0.02189	0.01699	0.02328	0.02129	0.01388	0.43546	0.03228	0.08672	0.02117	0.06043	0.01646	0.01029	0.00798	0.00238	0.00818	0.00798	0.00776	0.11770
2	0.42340	0.01420	0.01415	0.08547	0.02036	0.01593	0.01071	0.02419	0.05879	0.06658	0.16206	0.02756	0.02690	0.01028	0.00695	0.00262	0.00640	0.00776	0.00639	0.00930
3	0.02259	0.61604	0.08059	0.01539	0.02259	0.08471	0.01539	0.02565	0.01747	0.02003	0.01186	0.01372	0.01066	0.00728	0.00567	0.00186	0.00960	0.00462	0.00361	0.01068
4	0.02583	0.01973	0.01893	0.01632	0.02084	0.14081	0.01281	0.14452	0.11759	0.16631	0.11602	0.08707	0.03019	0.01274	0.00870	0.00263	0.00828	0.03126	0.00803	0.01140
5	0.09804	0.02360	0.02370	0.01851	0.02488	0.06429	0.01519	0.53794	0.03587	0.04906	0.01876	0.01906	0.01346	0.00968	0.00797	0.00248	0.00925	0.00708	0.00778	0.01339
6	0.01024	0.00843	0.00900	0.00886	0.01148	0.00719	0.00664	0.01274	0.01993	0.02480	0.20728	0.07607	0.52826	0.02016	0.00981	0.00276	0.00415	0.01699	0.00802	0.00719
7	0.01443	0.00722	0.01082	0.01082	0.01082	0.00722	0.00722	0.01082	0.01082	0.01443	0.01443	0.02525	0.01443	0.02886	0.03247	0.75830	0.00722	0.00722	0.00361	0.00361
8	0.01257	0.01004	0.01419	0.01440	0.01618	0.00998	0.05550	0.01767	0.10212	0.02380	0.04180	0.50438	0.04706	0.02230	0.01033	0.00330	0.00601	0.07279	0.00754	0.00804
9	0.02056	0.01974	0.03372	0.05099	0.65622	0.01974	0.02550	0.02550	0.01892	0.02714	0.01563	0.02056	0.01316	0.00740	0.00822	0.00247	0.00987	0.00740	0.00411	0.01316

[dist]
# distance from previous block
# <min> <max>
0	1

[block]
# block no. 11 follows, 22 sequences, length 17
# corresponding to MSA columns:
# 601,602,605-619
name=unknown_L
#
# <colnr> <probs for GDERKNQSTAVLIFYWHMCP>
#	G	D	E	R	K	N	Q	S	T	A	V	L	I	F	Y	W	H	M	C	P
0	0.02151	0.03090	0.22421	0.05487	0.23740	0.16410	0.02362	0.02927	0.08555	0.02598	0.01669	0.01956	0.01303	0.00825	0.00799	0.00249	0.01143	0.00677	0.00441	0.01197
1	0.01443	0.00722	0.01082	0.01082	0.01082	0.00722	0.00722	0.01082	0.01082	0.01443	0.01443	0.02525	0.01443	0.02886	0.03247	0.75830	0.00722	0.00722	0.00361	0.00361
2	0.01914	0.01819	0.01957	0.02241	0.16214	0.11124	0.01408	0.08059	0.10277	0.02787	0.06818	0.04318	0.19339	0.05012	0.01057	0.00290	0.00813	0.02883	0.00647	0.01021
3	0.01549	0.01325	0.01572	0.04702	0.01979	0.01052	0.00983	0.01887	0.01737	0.02563	0.02782	0.07457	0.11600	0.00998	0.00715	0.00171	0.00601	0.00832	0.00549	0.54944
4	0.76672	0.01607	0.01221	0.01092	0.01607	0.01864	0.00900	0.02442	0.01414	0.03727	0.01157	0.01350	0.00900	0.00771	0.00514	0.00257	0.00643	0.00450	0.00514	0.00900
5	0.01666	0.04297	0.66500	0.02368	0.03596	0.01929	0.03069	0.02631	0.01754	0.02631	0.01491	0.01754	0.01052	0.00789	0.00789	0.00263	0.01228	0.00614	0.00351	0.01228
6	0.01143	0.01604	0.15336	0.01189	0.01674	0.00976	0.01177	0.01529	0.01887	0.02387	0.09889	0.06524	0.48083	0.01793	0.00939	0.00276	0.00597	0.01489	0.00686	0.00822
