[name]
unknown

[dist]
# distance from previous block
# <min> <max>
0	94

[block]
# block no. 0 follows, 27 sequences, length 31
# corresponding to MSA columns:
# 130-160
name=unknown_A
#
# <colnr> <probs for GDERKNQSTAVLIFYWHMCP>
#	G	D	E	R	K	N	Q	S	T	A	V	L	I	F	Y	W	H	M	C	P
0	0.13875	0.06013	0.12150	0.05095	0.02484	0.10068	0.12435	0.02456	0.05621	0.08784	0.01996	0.02437	0.04614	0.00872	0.00712	0.00231	0.00893	0.04879	0.00487	0.03896
1	0.09748	0.04631	0.16583	0.02067	0.02716	0.12497	0.17986	0.07170	0.09354	0.05052	0.01576	0.01783	0.01184	0.00769	0.00787	0.00234	0.03733	0.00654	0.00457	0.01019
2	0.06961	0.04566	0.02335	0.06540	0.11775	0.04338	0.10577	0.07665	0.06264	0.17005	0.01967	0.02251	0.01480	0.00847	0.00792	0.00232	0.03841	0.02583	0.06940	0.01040
3	0.02097	0.01928	0.04483	0.02516	0.19814	0.11096	0.10821	0.08649	0.05938	0.10377	0.07516	0.02405	0.04244	0.00855	0.00758	0.00222	0.00876	0.00766	0.00543	0.04095
4	0.06558	0.02015	0.02929	0.02601	0.13874	0.10755	0.24588	0.08275	0.07503	0.08658	0.01686	0.01921	0.01265	0.00733	0.00758	0.00228	0.00992	0.00715	0.00494	0.03450
5	0.02179	0.02172	0.02382	0.02318	0.14493	0.18509	0.08601	0.14724	0.11617	0.02775	0.01735	0.04204	0.01406	0.00819	0.00727	0.00213	0.00930	0.00693	0.00516	0.08988
6	0.01992	0.02049	0.02787	0.12455	0.29846	0.13942	0.11170	0.07542	0.01880	0.02422	0.01384	0.01769	0.01107	0.00697	0.00733	0.00216	0.01003	0.00646	0.00401	0.05956
7	0.02050	0.01999	0.02759	0.07739	0.49048	0.10463	0.02054	0.10239	0.01951	0.02595	0.01408	0.01776	0.01148	0.00707	0.00728	0.00219	0.00937	0.00639	0.00413	0.01127
8	0.01684	0.01607	0.02736	0.28383	0.46653	0.01723	0.02202	0.02144	0.01618	0.02239	0.01369	0.01887	0.01110	0.00690	0.00738	0.00230	0.00920	0.00661	0.00354	0.01052
9	0.01879	0.01860	0.02912	0.04235	0.61038	0.05897	0.02187	0.02288	0.01680	0.02349	0.01355	0.01794	0.01150	0.00708	0.00839	0.00225	0.05454	0.00650	0.00366	0.01134
10	0.04205	0.01569	0.02208	0.48986	0.04158	0.07338	0.05488	0.06529	0.01667	0.02158	0.01388	0.02010	0.01094	0.04253	0.00873	0.00258	0.00978	0.00661	0.00380	0.03800
11	0.01844	0.02000	0.07157	0.04081	0.52514	0.04759	0.12065	0.02327	0.01710	0.02387	0.01398	0.01825	0.01145	0.00663	0.00752	0.00225	0.00971	0.00680	0.00366	0.01131
12	0.01605	0.10348	0.45632	0.02297	0.06280	0.01906	0.12523	0.02303	0.01569	0.02263	0.01309	0.01615	0.00984	0.00721	0.00820	0.00235	0.05612	0.00597	0.00327	0.01053
13	0.01260	0.00905	0.01045	0.00971	0.01164	0.03748	0.00715	0.01543	0.01942	0.06896	0.48729	0.05202	0.10413	0.10776	0.01232	0.00295	0.00460	0.01250	0.00748	0.00705
14	0.01905	0.00973	0.01199	0.01044	0.01282	0.00944	0.00751	0.05838	0.01595	0.22991	0.02467	0.03622	0.02212	0.35334	0.07919	0.00532	0.00772	0.00897	0.06935	0.00788
15	0.01465	0.01173	0.01390	0.01067	0.01600	0.00911	0.00836	0.01768	0.01609	0.04863	0.08014	0.08892	0.05884	0.00890	0.00641	0.00151	0.00514	0.00750	0.00528	0.57055
16	0.01073	0.00745	0.00937	0.00937	0.00981	0.00789	0.00609	0.01161	0.01117	0.01534	0.02223	0.04213	0.02419	0.51192	0.26113	0.00877	0.01141	0.00985	0.00432	0.00521
17	0.79154	0.01436	0.01091	0.00976	0.01436	0.01665	0.00804	0.02182	0.01263	0.03331	0.01034	0.01206	0.00804	0.00689	0.00459	0.00230	0.00574	0.00402	0.00459	0.00804
18	0.02773	0.03538	0.02104	0.01913	0.02295	0.70930	0.01434	0.02964	0.02104	0.01817	0.01148	0.01339	0.00956	0.00765	0.00669	0.00191	0.01339	0.00478	0.00383	0.00861
19	0.01061	0.00795	0.01193	0.01193	0.01326	0.00928	0.00928	0.01326	0.01193	0.01723	0.01988	0.02916	0.01856	0.05568	0.70968	0.01193	0.01988	0.00795	0.00398	0.00663
20	0.01525	0.01445	0.02448	0.53079	0.23201	0.01682	0.02123	0.02004	0.01542	0.02046	0.01341	0.01939	0.01042	0.00719	0.00740	0.00240	0.00959	0.00660	0.00340	0.00924
21	0.02660	0.02809	0.02073	0.01792	0.02208	0.42623	0.01391	0.19808	0.02378	0.05507	0.01436	0.01614	0.01130	0.01113	0.04935	0.00266	0.04222	0.00566	0.00500	0.00971
22	0.01061	0.00795	0.01193	0.01193	0.01326	0.00928	0.00928	0.01326	0.01193	0.01723	0.01988	0.02916	0.01856	0.05568	0.70968	0.01193	0.01988	0.00795	0.00398	0.00663
23	0.01061	0.00795	0.01193	0.01193	0.01326	0.00928	0.00928	0.01326	0.01193	0.01723	0.01988	0.02916	0.01856	0.05568	0.70968	0.01193	0.01988	0.00795	0.00398	0.00663
24	0.71114	0.01544	0.01173	0.01051	0.01505	0.04960	0.00855	0.02320	0.05114	0.03246	0.01153	0.01302	0.00895	0.00711	0.00486	0.00229	0.00611	0.00431	0.00473	0.00828
25	0.01061	0.00795	0.01193	0.01193	0.01326	0.00928	0.00928	0.01326	0.01193	0.01723	0.01988	0.02916	0.01856	0.05568	0.70968	0.01193	0.01988	0.00795	0.00398	0.00663
26	0.01402	0.01319	0.02227	0.72126	0.05113	0.01649	0.02062	0.01897	0.01484	0.01897	0.01319	0.01979	0.00990	0.00742	0.00742	0.00247	0.00990	0.00660	0.00330	0.00825
27	0.00897	0.00748	0.00782	0.00783	0.01017	0.00633	0.00584	0.01099	0.01723	0.02102	0.13768	0.09841	0.59752	0.01862	0.00880	0.00251	0.00376	0.01567	0.00703	0.00633
28	0.49112	0.10581	0.01722	0.01194	0.01710	0.01944	0.01012	0.16992	0.01837	0.06154	0.01282	0.01390	0.00969	0.00738	0.00538	0.00219	0.00659	0.00476	0.00525	0.00946
29	0.01888	0.02278	0.06839	0.05853	0.06668	0.13188	0.43162	0.02412	0.01750	0.02231	0.01392	0.01842	0.01077	0.00699	0.00914	0.00243	0.05460	0.00762	0.00368	0.00972
30	0.30693	0.30543	0.10060	0.01502	0.06172	0.06295	0.01334	0.02270	0.01471	0.02451	0.01096	0.01288	0.00910	0.00672	0.00523	0.00200	0.00784	0.00437	0.00377	0.00922

[dist]
# distance from previous block
# <min> <max>
0	2

[block]
# block no. 1 follows, 27 sequences, length 68
# corresponding to MSA columns:
# 163-230
name=unknown_B
#
# <colnr> <probs for GDERKNQSTAVLIFYWHMCP>
#	G	D	E	R	K	N	Q	S	T	A	V	L	I	F	Y	W	H	M	C	P
0	0.01162	0.00889	0.01146	0.04941	0.01520	0.00921	0.00942	0.01681	0.11944	0.02243	0.09791	0.35634	0.04272	0.04314	0.01012	0.00307	0.00542	0.15330	0.00683	0.00726
1	0.01680	0.27376	0.42975	0.01780	0.02663	0.04328	0.02127	0.02291	0.01586	0.02155	0.03851	0.01588	0.01181	0.00715	0.00634	0.00208	0.00974	0.00526	0.00337	0.01026
2	0.01489	0.03840	0.70064	0.02116	0.03213	0.01724	0.02743	0.02351	0.01567	0.02351	0.01332	0.01567	0.00940	0.00705	0.00705	0.00235	0.01097	0.00549	0.00313	0.01097
3	0.01985	0.74357	0.03890	0.01270	0.01905	0.02937	0.01270	0.02223	0.01508	0.01747	0.01032	0.01191	0.00953	0.00635	0.00476	0.00159	0.00794	0.00397	0.00318	0.00953
4	0.01539	0.01319	0.01539	0.01100	0.01759	0.00990	0.00880	0.01869	0.01539	0.02419	0.01319	0.01539	0.01100	0.00550	0.00550	0.00110	0.00550	0.00440	0.00440	0.78449
5	0.01402	0.01319	0.02227	0.72126	0.05113	0.01649	0.02062	0.01897	0.01484	0.01897	0.01319	0.01979	0.00990	0.00742	0.00742	0.00247	0.00990	0.00660	0.00330	0.00825
6	0.00930	0.00671	0.00849	0.00972	0.01035	0.00624	0.00645	0.01057	0.01430	0.01888	0.06695	0.55085	0.11213	0.11645	0.01309	0.00349	0.00460	0.01890	0.00663	0.00589
7	0.01791	0.01731	0.02997	0.11074	0.60146	0.01758	0.05093	0.02246	0.01673	0.02372	0.01394	0.01858	0.01156	0.00668	0.00742	0.00224	0.00909	0.00671	0.00364	0.01134
8	0.01397	0.00837	0.01094	0.00985	0.01226	0.00758	0.00755	0.01730	0.02085	0.13326	0.55646	0.05153	0.09208	0.01442	0.00856	0.00234	0.00395	0.01261	0.00827	0.00784
9	0.01029	0.00716	0.00911	0.01019	0.01072	0.00697	0.00704	0.01154	0.01354	0.01793	0.03411	0.34820	0.03963	0.28711	0.02009	0.00464	0.00589	0.14421	0.00600	0.00563
10	0.01775	0.01700	0.02901	0.14208	0.60114	0.01748	0.02247	0.02224	0.01661	0.02350	0.01385	0.01858	0.01149	0.00673	0.00736	0.00224	0.00897	0.00661	0.00362	0.01126
11	0.01784	0.01709	0.02917	0.12866	0.61388	0.01750	0.02252	0.02231	0.01665	0.02360	0.01387	0.01855	0.01153	0.00671	0.00736	0.00224	0.00895	0.00661	0.00363	0.01133
12	0.01489	0.03840	0.70064	0.02116	0.03213	0.01724	0.02743	0.02351	0.01567	0.02351	0.01332	0.01567	0.00940	0.00705	0.00705	0.00235	0.01097	0.00549	0.00313	0.01097
13	0.01531	0.00831	0.01143	0.01133	0.01158	0.00795	0.00754	0.01155	0.01129	0.01531	0.01526	0.02558	0.01507	0.02664	0.02914	0.75362	0.00723	0.00718	0.00407	0.00462
14	0.01080	0.00720	0.00810	0.00810	0.00810	0.00720	0.00450	0.01080	0.01080	0.01439	0.02339	0.04858	0.02699	0.73910	0.03779	0.00720	0.00720	0.01080	0.00450	0.00450
15	0.01569	0.03278	0.49992	0.02425	0.03417	0.01771	0.22251	0.02359	0.01624	0.02359	0.01384	0.01700	0.00997	0.00681	0.00757	0.00240	0.01144	0.00649	0.00332	0.01068
16	0.72802	0.07438	0.01321	0.01000	0.01474	0.01770	0.00842	0.02186	0.01284	0.03200	0.01034	0.01205	0.00816	0.00685	0.00461	0.00224	0.00592	0.00402	0.00448	0.00816
17	0.01837	0.01764	0.03013	0.04557	0.69279	0.01764	0.02278	0.02278	0.01690	0.02425	0.01396	0.01837	0.01176	0.00661	0.00735	0.00220	0.00882	0.00661	0.00367	0.01176
18	0.01942	0.65756	0.08541	0.01343	0.02001	0.02797	0.01372	0.02316	0.04737	0.01856	0.01150	0.01295	0.01016	0.00658	0.00506	0.00169	0.00806	0.00429	0.00339	0.00974
19	0.01384	0.00692	0.00692	0.00692	0.00865	0.00692	0.00519	0.01730	0.01557	0.02768	0.02422	0.02768	0.01903	0.00865	0.00519	0.00173	0.00346	0.00692	0.78031	0.00692
20	0.00904	0.00646	0.00861	0.01034	0.01077	0.00603	0.00689	0.01034	0.01421	0.01895	0.04092	0.73426	0.04910	0.02326	0.00948	0.00301	0.00431	0.02110	0.00689	0.00603
21	0.01985	0.74357	0.03890	0.01270	0.01905	0.02937	0.01270	0.02223	0.01508	0.01747	0.01032	0.01191	0.00953	0.00635	0.00476	0.00159	0.00794	0.00397	0.00318	0.00953
22	0.00894	0.00753	0.00775	0.00769	0.01013	0.00634	0.00577	0.01097	0.01731	0.02098	0.13359	0.06992	0.63082	0.01846	0.00877	0.00249	0.00374	0.01545	0.00702	0.00634
23	0.79154	0.01436	0.01091	0.00976	0.01436	0.01665	0.00804	0.02182	0.01263	0.03331	0.01034	0.01206	0.00804	0.00689	0.00459	0.00230	0.00574	0.00402	0.00459	0.00804
24	0.01384	0.00692	0.00692	0.00692	0.00865	0.00692	0.00519	0.01730	0.01557	0.02768	0.02422	0.02768	0.01903	0.00865	0.00519	0.00173	0.00346	0.00692	0.78031	0.00692
25	0.02773	0.03538	0.02104	0.01913	0.02295	0.70930	0.01434	0.02964	0.02104	0.01817	0.01148	0.01339	0.00956	0.00765	0.00669	0.00191	0.01339	0.00478	0.00383	0.00861
26	0.02834	0.02360	0.02178	0.01735	0.02282	0.17166	0.01402	0.50075	0.03127	0.06994	0.01696	0.01719	0.01222	0.00865	0.00727	0.00216	0.00922	0.00631	0.00672	0.01175
27	0.79154	0.01436	0.01091	0.00976	0.01436	0.01665	0.00804	0.02182	0.01263	0.03331	0.01034	0.01206	0.00804	0.00689	0.00459	0.00230	0.00574	0.00402	0.00459	0.00804
28	0.00927	0.00731	0.00837	0.00859	0.01046	0.00640	0.00626	0.01144	0.01738	0.02229	0.22386	0.21038	0.39395	0.01884	0.00892	0.00257	0.00381	0.01627	0.00722	0.00640
29	0.00996	0.00777	0.00910	0.00961	0.01162	0.00703	0.00760	0.01233	0.01697	0.02128	0.11758	0.09924	0.39015	0.05102	0.01051	0.00298	0.00480	0.19716	0.00689	0.00641
30	0.01846	0.01595	0.01679	0.01511	0.01930	0.01846	0.01175	0.03945	0.67938	0.03105	0.03022	0.02770	0.02266	0.01007	0.00755	0.00252	0.00588	0.00839	0.00755	0.01175
31	0.00877	0.00752	0.00752	0.00752	0.01003	0.00627	0.00564	0.01065	0.01692	0.02005	0.07520	0.07144	0.68978	0.01880	0.00877	0.00251	0.00376	0.01567	0.00689	0.00627
32	0.02067	0.01915	0.05863	0.05019	0.02796	0.08175	0.24197	0.02556	0.04915	0.14970	0.01793	0.04700	0.01401	0.00918	0.01122	0.00257	0.15060	0.00792	0.00495	0.00991
33	0.00877	0.00752	0.00752	0.00752	0.01003	0.00627	0.00564	0.01065	0.01692	0.02005	0.07520	0.07144	0.68978	0.01880	0.00877	0.00251	0.00376	0.01567	0.00689	0.00627
34	0.03331	0.01263	0.01723	0.01321	0.01895	0.01091	0.01091	0.03618	0.02125	0.69794	0.02929	0.02527	0.01838	0.00919	0.00747	0.00230	0.00632	0.00747	0.00919	0.01263
35	0.01759	0.01773	0.03299	0.06625	0.44917	0.01747	0.21066	0.02244	0.01690	0.02370	0.01531	0.04714	0.01301	0.00720	0.00785	0.00233	0.00977	0.00781	0.00381	0.01088
36	0.01864	0.01830	0.02934	0.07408	0.63199	0.05116	0.02228	0.02295	0.01701	0.02372	0.01381	0.01819	0.01157	0.00670	0.00732	0.00220	0.00909	0.00652	0.00367	0.01145
37	0.01071	0.00720	0.00832	0.00840	0.00849	0.00726	0.00486	0.01091	0.01101	0.01475	0.02398	0.07790	0.02752	0.67111	0.07223	0.00726	0.00774	0.01110	0.00458	0.00468
38	0.20583	0.05811	0.01680	0.01361	0.01689	0.16364	0.01095	0.09051	0.01738	0.02691	0.01442	0.01715	0.01169	0.00861	0.00866	0.00219	0.12287	0.00551	0.17978	0.00849
39	0.01384	0.00692	0.00692	0.00692	0.00865	0.00692	0.00519	0.01730	0.01557	0.02768	0.02422	0.02768	0.01903	0.00865	0.00519	0.00173	0.00346	0.00692	0.78031	0.00692
40	0.01538	0.01470	0.02528	0.54447	0.08128	0.01736	0.09756	0.04843	0.01603	0.02101	0.01353	0.01952	0.01027	0.00752	0.00823	0.00248	0.03768	0.00686	0.00355	0.00883
41	0.02676	0.02021	0.02301	0.04689	0.08615	0.02227	0.01516	0.58323	0.03246	0.04363	0.01729	0.01795	0.01244	0.00864	0.00742	0.00224	0.00830	0.00667	0.00692	0.01238
42	0.00877	0.00752	0.00752	0.00752	0.01003	0.00627	0.00564	0.01065	0.01692	0.02005	0.07520	0.07144	0.68978	0.01880	0.00877	0.00251	0.00376	0.01567	0.00689	0.00627
43	0.00904	0.00646	0.00861	0.01034	0.01077	0.00603	0.00689	0.01034	0.01421	0.01895	0.04092	0.73426	0.04910	0.02326	0.00948	0.00301	0.00431	0.02110	0.00689	0.00603
44	0.79154	0.01436	0.01091	0.00976	0.01436	0.01665	0.00804	0.02182	0.01263	0.03331	0.01034	0.01206	0.00804	0.00689	0.00459	0.00230	0.00574	0.00402	0.00459	0.00804
45	0.00965	0.00742	0.00883	0.00876	0.01064	0.00660	0.00646	0.01225	0.01858	0.02466	0.37027	0.14568	0.30823	0.01758	0.00885	0.00249	0.00370	0.01525	0.00752	0.00660
46	0.01985	0.74357	0.03890	0.01270	0.01905	0.02937	0.01270	0.02223	0.01508	0.01747	0.01032	0.01191	0.00953	0.00635	0.00476	0.00159	0.00794	0.00397	0.00318	0.00953
47	0.00877	0.00752	0.00752	0.00752	0.01003	0.00627	0.00564	0.01065	0.01692	0.02005	0.07520	0.07144	0.68978	0.01880	0.00877	0.00251	0.00376	0.01567	0.00689	0.00627
48	0.01985	0.74357	0.03890	0.01270	0.01905	0.02937	0.01270	0.02223	0.01508	0.01747	0.01032	0.01191	0.00953	0.00635	0.00476	0.00159	0.00794	0.00397	0.00318	0.00953
49	0.07660	0.06084	0.04260	0.01629	0.02218	0.02029	0.04886	0.39821	0.06993	0.06307	0.01811	0.03782	0.01372	0.00864	0.00706	0.00217	0.00778	0.00679	0.00648	0.07257
50	0.02656	0.26973	0.02643	0.01500	0.02060	0.16141	0.01285	0.15422	0.02177	0.19843	0.01691	0.01681	0.01242	0.00785	0.00637	0.00196	0.00867	0.00557	0.00569	0.01075
51	0.01353	0.01253	0.02092	0.65109	0.04715	0.01546	0.01926	0.01812	0.01478	0.01897	0.01593	0.09031	0.01377	0.00899	0.00762	0.00253	0.00934	0.00803	0.00365	0.00803
52	0.00933	0.00754	0.00830	0.00811	0.01037	0.00650	0.00608	0.01174	0.01824	0.02319	0.27307	0.06629	0.48996	0.01763	0.00877	0.00245	0.00368	0.01494	0.00731	0.00650
53	0.01900	0.07940	0.33167	0.05426	0.06735	0.04218	0.14438	0.04977	0.01759	0.10180	0.01542	0.01768	0.01109	0.00718	0.00730	0.00230	0.01032	0.00636	0.00418	0.01078
54	0.01897	0.64552	0.09811	0.01332	0.01989	0.02725	0.01379	0.02197	0.01541	0.01858	0.04152	0.01424	0.01227	0.00682	0.00515	0.00169	0.00801	0.00454	0.00340	0.00954
55	0.03331	0.01263	0.01723	0.01321	0.01895	0.01091	0.01091	0.03618	0.02125	0.69794	0.02929	0.02527	0.01838	0.00919	0.00747	0.00230	0.00632	0.00747	0.00919	0.01263
56	0.01333	0.01173	0.01580	0.04657	0.01684	0.04114	0.01176	0.01527	0.01206	0.01716	0.01589	0.02476	0.01520	0.07296	0.36343	0.05049	0.23760	0.00738	0.00370	0.00695
57	0.01268	0.00645	0.00961	0.00971	0.00973	0.00642	0.00647	0.00971	0.00992	0.01323	0.01443	0.06159	0.01488	0.02565	0.02794	0.74118	0.00633	0.00725	0.00342	0.00338
58	0.01922	0.02053	0.01922	0.04911	0.02064	0.22689	0.01377	0.02426	0.11887	0.02065	0.01758	0.02086	0.04009	0.01293	0.05037	0.00304	0.25968	0.00675	0.04689	0.00862
59	0.00903	0.00650	0.00857	0.01023	0.01074	0.00604	0.00684	0.01035	0.01431	0.01899	0.04220	0.70939	0.07314	0.02309	0.00945	0.00300	0.00429	0.02090	0.00689	0.00604
60	0.01480	0.01436	0.02251	0.66387	0.07427	0.04780	0.02042	0.01959	0.01520	0.01913	0.01315	0.01945	0.00995	0.00740	0.00739	0.00244	0.01001	0.00652	0.00334	0.00840
61	0.01834	0.01798	0.02888	0.11616	0.59408	0.04904	0.02217	0.02269	0.01687	0.02341	0.01377	0.01830	0.01146	0.00675	0.00733	0.00222	0.00914	0.00653	0.00364	0.01124
62	0.01578	0.01151	0.03930	0.01297	0.05939	0.01053	0.00905	0.06779	0.06254	0.10962	0.03473	0.07408	0.16145	0.27700	0.01883	0.00416	0.00648	0.01087	0.00604	0.00787
63	0.01384	0.00830	0.01082	0.01009	0.01239	0.00752	0.00771	0.01687	0.01982	0.13192	0.43738	0.12385	0.11089	0.01563	0.00870	0.00246	0.00420	0.04188	0.00803	0.00771
64	0.05772	0.01435	0.02357	0.51660	0.20641	0.01678	0.02046	0.02006	0.01523	0.02105	0.01323	0.01902	0.01025	0.00719	0.00725	0.00240	0.00940	0.00646	0.00346	0.00910
65	0.01696	0.01415	0.07872	0.01555	0.04089	0.01254	0.01326	0.12079	0.07109	0.08212	0.03047	0.12580	0.03005	0.01571	0.00950	0.02832	0.00709	0.27145	0.00662	0.00894
66	0.05341	0.05543	0.19578	0.02211	0.08257	0.01916	0.14273	0.17168	0.10201	0.02990	0.01871	0.02034	0.03615	0.00803	0.00740	0.00233	0.00921	0.00707	0.00502	0.01097
67	0.09971	0.07630	0.05496	0.09476	0.11103	0.15452	0.01532	0.11356	0.04423	0.05185	0.01468	0.01829	0.01193	0.04685	0.00957	0.00250	0.05960	0.00606	0.00460	0.00969

[dist]
# distance from previous block
# <min> <max>
5	39

[block]
# block no. 2 follows, 27 sequences, length 24
# corresponding to MSA columns:
# 273-296
name=unknown_C
#
# <colnr> <probs for GDERKNQSTAVLIFYWHMCP>
#	G	D	E	R	K	N	Q	S	T	A	V	L	I	F	Y	W	H	M	C	P
0	0.02180	0.09121	0.05707	0.01638	0.02097	0.02069	0.03923	0.32871	0.02428	0.03372	0.04190	0.01950	0.01452	0.00940	0.01004	0.00231	0.13707	0.00669	0.09406	0.01045
1	0.09850	0.01636	0.01805	0.04682	0.01990	0.03747	0.01227	0.25175	0.04379	0.03145	0.01872	0.02170	0.04637	0.04010	0.01143	0.00254	0.14624	0.00684	0.06100	0.06870
2	0.02113	0.05086	0.01792	0.01375	0.01819	0.01493	0.02786	0.22656	0.06480	0.13681	0.08070	0.15135	0.02545	0.01162	0.00758	0.00227	0.00635	0.00980	0.03321	0.07888
3	0.01731	0.02539	0.30591	0.05299	0.10033	0.01669	0.13743	0.08799	0.01855	0.04884	0.04962	0.02223	0.01517	0.00806	0.00758	0.00237	0.00973	0.02860	0.03472	0.01049
4	0.04224	0.05577	0.38348	0.02158	0.08360	0.01707	0.07826	0.02442	0.09743	0.02443	0.01678	0.05377	0.01344	0.00802	0.00716	0.00231	0.00939	0.00685	0.00408	0.04990
5	0.10790	0.01437	0.01995	0.23466	0.14146	0.01624	0.01567	0.07313	0.05914	0.08269	0.04021	0.02219	0.03257	0.00869	0.00829	0.00239	0.05959	0.00698	0.04429	0.00958
6	0.02211	0.43252	0.03177	0.01720	0.06296	0.24757	0.01405	0.02444	0.01693	0.01814	0.01089	0.01301	0.00969	0.00712	0.00654	0.00182	0.04599	0.00453	0.00342	0.00930
7	0.00921	0.00653	0.00856	0.01012	0.01051	0.00614	0.00666	0.01038	0.01389	0.01851	0.03924	0.66867	0.04699	0.09173	0.01218	0.00341	0.00458	0.02012	0.00666	0.00588
8	0.01544	0.01110	0.01270	0.01146	0.01312	0.01206	0.00819	0.17557	0.01772	0.02432	0.02398	0.15129	0.02533	0.33919	0.02247	0.00463	0.05867	0.01093	0.05462	0.00720
9	0.04688	0.42010	0.09572	0.01622	0.02282	0.04690	0.09423	0.04965	0.05336	0.07046	0.01397	0.01537	0.01116	0.00698	0.00598	0.00193	0.00867	0.00533	0.00415	0.01011
10	0.01159	0.00865	0.00984	0.04495	0.01353	0.00789	0.00746	0.01487	0.05073	0.07061	0.12508	0.06220	0.48788	0.01680	0.00860	0.00251	0.00446	0.03811	0.00703	0.00720
11	0.01051	0.00759	0.00992	0.00934	0.01109	0.00700	0.00700	0.01401	0.02101	0.02977	0.68888	0.05545	0.07005	0.01518	0.00876	0.00233	0.00350	0.01343	0.00817	0.00700
12	0.02822	0.02079	0.02228	0.01708	0.02302	0.02302	0.01411	0.66804	0.03490	0.04679	0.01782	0.01782	0.01262	0.00891	0.00743	0.00223	0.00817	0.00668	0.00743	0.01262
13	0.01080	0.00720	0.00810	0.00810	0.00810	0.00720	0.00450	0.01080	0.01080	0.01439	0.02339	0.04858	0.02699	0.73910	0.03779	0.00720	0.00720	0.01080	0.00450	0.00450
14	0.01701	0.01721	0.03198	0.21045	0.30324	0.01773	0.22326	0.02270	0.03912	0.02300	0.01465	0.01957	0.01151	0.00682	0.00782	0.00238	0.01015	0.00734	0.00374	0.01033
15	0.01823	0.01815	0.02921	0.21135	0.35754	0.06154	0.11679	0.05452	0.01763	0.02358	0.01396	0.01864	0.01112	0.00695	0.00754	0.00230	0.00990	0.00682	0.00379	0.01045
16	0.15560	0.10345	0.46242	0.01899	0.02810	0.01846	0.06863	0.02310	0.01520	0.02469	0.01261	0.01496	0.00930	0.00690	0.00650	0.00228	0.00984	0.00531	0.00345	0.01023
17	0.02618	0.17511	0.02456	0.01786	0.02218	0.57514	0.01402	0.02818	0.01986	0.01803	0.01125	0.01310	0.00956	0.00739	0.00631	0.00185	0.01231	0.00462	0.00370	0.00879
18	0.01080	0.00720	0.00810	0.00810	0.00810	0.00720	0.00450	0.01080	0.01080	0.01439	0.02339	0.04858	0.02699	0.73910	0.03779	0.00720	0.00720	0.01080	0.00450	0.00450
19	0.01015	0.00757	0.00943	0.00896	0.01087	0.00685	0.00672	0.01332	0.02017	0.02776	0.56212	0.05876	0.19806	0.01593	0.00876	0.00237	0.00356	0.01389	0.00791	0.00685
20	0.01763	0.01883	0.03183	0.05257	0.05841	0.08726	0.36545	0.05366	0.01744	0.02269	0.01738	0.08772	0.01570	0.06160	0.01150	0.00285	0.05488	0.00924	0.00424	0.00912
21	0.09035	0.02176	0.02001	0.01636	0.02152	0.14498	0.01313	0.37125	0.13406	0.06512	0.01853	0.01845	0.01355	0.00871	0.00708	0.00223	0.00846	0.00643	0.00664	0.01138
22	0.01415	0.01173	0.02008	0.34393	0.03275	0.01360	0.08325	0.01608	0.01303	0.01723	0.01303	0.02055	0.01110	0.01425	0.01649	0.28134	0.06070	0.00676	0.00332	0.00663
23	0.01833	0.11459	0.02053	0.03873	0.01861	0.10316	0.01255	0.05281	0.01594	0.04952	0.01821	0.05053	0.04775	0.01070	0.01251	0.00239	0.25214	0.00706	0.11514	0.03880

[dist]
# distance from previous block
# <min> <max>
2	4

[block]
# block no. 3 follows, 27 sequences, length 93
# corresponding to MSA columns:
# 301-393
name=unknown_D
#
# <colnr> <probs for GDERKNQSTAVLIFYWHMCP>
#	G	D	E	R	K	N	Q	S	T	A	V	L	I	F	Y	W	H	M	C	P
0	0.01893	0.02458	0.17801	0.03178	0.34869	0.11556	0.02099	0.02640	0.11593	0.02424	0.01589	0.01845	0.01254	0.00738	0.00722	0.00224	0.00951	0.00637	0.00415	0.01113
1	0.01943	0.01822	0.02566	0.15566	0.06318	0.06251	0.11974	0.17446	0.01951	0.02621	0.01395	0.01842	0.01120	0.01120	0.04424	0.00300	0.19243	0.00689	0.00442	0.00966
2	0.01061	0.00795	0.01193	0.01193	0.01326	0.00928	0.00928	0.01326	0.01193	0.01723	0.01988	0.02916	0.01856	0.05568	0.70968	0.01193	0.01988	0.00795	0.00398	0.00663
3	0.01952	0.67687	0.03742	0.01332	0.01909	0.02877	0.01303	0.02183	0.01474	0.01750	0.01027	0.01231	0.00955	0.00696	0.00656	0.00174	0.07375	0.00420	0.00318	0.00940
4	0.01915	0.01579	0.01681	0.01502	0.01929	0.01812	0.01171	0.03930	0.64906	0.06178	0.03017	0.02759	0.02246	0.01003	0.00755	0.00251	0.00590	0.00835	0.00763	0.01179
5	0.00877	0.00752	0.00752	0.00752	0.01003	0.00627	0.00564	0.01065	0.01692	0.02005	0.07520	0.07144	0.68978	0.01880	0.00877	0.00251	0.00376	0.01567	0.00689	0.00627
6	0.00924	0.00679	0.00869	0.01002	0.01090	0.00625	0.00696	0.01085	0.01517	0.01993	0.08481	0.56269	0.14551	0.02197	0.00937	0.00292	0.00430	0.05050	0.00697	0.00616
7	0.01384	0.00692	0.00692	0.00692	0.00865	0.00692	0.00519	0.01730	0.01557	0.02768	0.02422	0.02768	0.01903	0.00865	0.00519	0.00173	0.00346	0.00692	0.78031	0.00692
8	0.00904	0.00646	0.00861	0.01034	0.01077	0.00603	0.00689	0.01034	0.01421	0.01895	0.04092	0.73426	0.04910	0.02326	0.00948	0.00301	0.00431	0.02110	0.00689	0.00603
9	0.02822	0.02079	0.02228	0.01708	0.02302	0.02302	0.01411	0.66804	0.03490	0.04679	0.01782	0.01782	0.01262	0.00891	0.00743	0.00223	0.00817	0.00668	0.00743	0.01262
10	0.01051	0.00759	0.00992	0.00934	0.01109	0.00700	0.00700	0.01401	0.02101	0.02977	0.68888	0.05545	0.07005	0.01518	0.00876	0.00233	0.00350	0.01343	0.00817	0.00700
11	0.02096	0.01669	0.01782	0.01538	0.01997	0.01896	0.01215	0.15547	0.52969	0.06495	0.02788	0.02576	0.02061	0.00982	0.00753	0.00245	0.00632	0.00803	0.00761	0.01195
12	0.01837	0.01764	0.03013	0.04557	0.69279	0.01764	0.02278	0.02278	0.01690	0.02425	0.01396	0.01837	0.01176	0.00661	0.00735	0.00220	0.00882	0.00661	0.00367	0.01176
13	0.01289	0.00645	0.00967	0.00967	0.00967	0.00645	0.00645	0.00967	0.00967	0.01289	0.01289	0.02257	0.01289	0.02579	0.02901	0.78401	0.00645	0.00645	0.00322	0.00322
14	0.00947	0.00755	0.00848	0.00825	0.01045	0.00656	0.00619	0.01200	0.01856	0.02395	0.32114	0.06504	0.44142	0.01735	0.00877	0.00244	0.00366	0.01477	0.00741	0.00656
15	0.01640	0.01671	0.02535	0.02095	0.02188	0.02225	0.09678	0.01860	0.01213	0.01860	0.01040	0.01671	0.00993	0.01216	0.02243	0.00316	0.63711	0.00678	0.00331	0.00836
16	0.00904	0.00646	0.00861	0.01034	0.01077	0.00603	0.00689	0.01034	0.01421	0.01895	0.04092	0.73426	0.04910	0.02326	0.00948	0.00301	0.00431	0.02110	0.00689	0.00603
17	0.02773	0.03538	0.02104	0.01913	0.02295	0.70930	0.01434	0.02964	0.02104	0.01817	0.01148	0.01339	0.00956	0.00765	0.00669	0.00191	0.01339	0.00478	0.00383	0.00861
18	0.01289	0.00645	0.00967	0.00967	0.00967	0.00645	0.00645	0.00967	0.00967	0.01289	0.01289	0.02257	0.01289	0.02579	0.02901	0.78401	0.00645	0.00645	0.00322	0.00322
19	0.79154	0.01436	0.01091	0.00976	0.01436	0.01665	0.00804	0.02182	0.01263	0.03331	0.01034	0.01206	0.00804	0.00689	0.00459	0.00230	0.00574	0.00402	0.00459	0.00804
20	0.01985	0.74357	0.03890	0.01270	0.01905	0.02937	0.01270	0.02223	0.01508	0.01747	0.01032	0.01191	0.00953	0.00635	0.00476	0.00159	0.00794	0.00397	0.00318	0.00953
21	0.01791	0.46835	0.29717	0.01600	0.02416	0.02464	0.01845	0.02273	0.01531	0.01982	0.01149	0.01338	0.00948	0.00663	0.00566	0.00189	0.00912	0.00456	0.00316	0.01009
22	0.79154	0.01436	0.01091	0.00976	0.01436	0.01665	0.00804	0.02182	0.01263	0.03331	0.01034	0.01206	0.00804	0.00689	0.00459	0.00230	0.00574	0.00402	0.00459	0.00804
23	0.00908	0.00655	0.00861	0.01017	0.01074	0.00607	0.00684	0.01047	0.01456	0.01936	0.06402	0.68091	0.07958	0.02278	0.00942	0.00297	0.00425	0.02060	0.00693	0.00607
24	0.00879	0.00744	0.00760	0.00774	0.01008	0.00625	0.00574	0.01063	0.01671	0.01997	0.07257	0.12246	0.64047	0.01914	0.00883	0.00255	0.00380	0.01609	0.00689	0.00625
25	0.01898	0.01649	0.01760	0.09041	0.02286	0.05205	0.01279	0.03667	0.55254	0.05308	0.02745	0.02606	0.02050	0.00964	0.00749	0.00248	0.00669	0.00799	0.00698	0.01125
26	0.01024	0.00676	0.00904	0.01048	0.01117	0.00627	0.00709	0.01161	0.01456	0.05228	0.04035	0.69946	0.04759	0.02257	0.00938	0.00298	0.00441	0.02043	0.00700	0.00635
27	0.01080	0.00720	0.00810	0.00810	0.00810	0.00720	0.00450	0.01080	0.01080	0.01439	0.02339	0.04858	0.02699	0.73910	0.03779	0.00720	0.00720	0.01080	0.00450	0.00450
28	0.06327	0.01825	0.01973	0.01576	0.02103	0.02006	0.01292	0.46142	0.11280	0.08134	0.04914	0.02386	0.01783	0.00978	0.00749	0.00233	0.00739	0.03641	0.00741	0.01179
29	0.01783	0.01946	0.09518	0.07431	0.59878	0.01755	0.02314	0.02268	0.01669	0.02394	0.01387	0.01818	0.01144	0.00669	0.00732	0.00223	0.00908	0.00650	0.00360	0.01152
30	0.00966	0.00782	0.00846	0.00826	0.01050	0.00694	0.00612	0.01250	0.04125	0.02244	0.21779	0.06467	0.47739	0.06082	0.01047	0.00275	0.00398	0.01458	0.00708	0.00653
31	0.01289	0.00645	0.00967	0.00967	0.00967	0.00645	0.00645	0.00967	0.00967	0.01289	0.01289	0.02257	0.01289	0.02579	0.02901	0.78401	0.00645	0.00645	0.00322	0.00322
32	0.01546	0.01554	0.04699	0.47262	0.20885	0.01698	0.05106	0.02103	0.03937	0.02109	0.01409	0.01960	0.01087	0.00725	0.00746	0.00241	0.00964	0.00673	0.00356	0.00942
33	0.00948	0.00705	0.00946	0.01089	0.01129	0.00703	0.00745	0.01079	0.01404	0.01889	0.03905	0.69119	0.04674	0.02264	0.01037	0.00303	0.04756	0.02023	0.00667	0.00616
34	0.00904	0.00646	0.00861	0.01034	0.01077	0.00603	0.00689	0.01034	0.01421	0.01895	0.04092	0.73426	0.04910	0.02326	0.00948	0.00301	0.00431	0.02110	0.00689	0.00603
35	0.01953	0.01934	0.02603	0.29130	0.03632	0.11743	0.13445	0.14444	0.01966	0.02489	0.01380	0.01819	0.01060	0.00810	0.00929	0.00243	0.08379	0.00674	0.00423	0.00943
36	0.01520	0.01320	0.01640	0.01191	0.01826	0.01013	0.03925	0.01854	0.01544	0.02393	0.01457	0.04902	0.01278	0.00636	0.00583	0.00125	0.00577	0.00538	0.00448	0.71230
37	0.79154	0.01436	0.01091	0.00976	0.01436	0.01665	0.00804	0.02182	0.01263	0.03331	0.01034	0.01206	0.00804	0.00689	0.00459	0.00230	0.00574	0.00402	0.00459	0.00804
38	0.79154	0.01436	0.01091	0.00976	0.01436	0.01665	0.00804	0.02182	0.01263	0.03331	0.01034	0.01206	0.00804	0.00689	0.00459	0.00230	0.00574	0.00402	0.00459	0.00804
39	0.00936	0.00759	0.00834	0.00828	0.01056	0.00656	0.00629	0.01172	0.01795	0.02257	0.22583	0.06808	0.50397	0.01799	0.00884	0.00251	0.00385	0.04604	0.00721	0.00648
40	0.01013	0.00692	0.00829	0.00895	0.00911	0.00675	0.00541	0.01062	0.01209	0.01612	0.03004	0.30861	0.03537	0.46763	0.02705	0.00561	0.00610	0.01471	0.00541	0.00508
41	0.00994	0.00753	0.00917	0.00884	0.01077	0.00675	0.00660	0.01289	0.01957	0.02652	0.48496	0.08410	0.25216	0.01653	0.00879	0.00241	0.00361	0.01436	0.00775	0.00675
42	0.00955	0.00683	0.00917	0.01075	0.01144	0.00645	0.00762	0.01128	0.01504	0.02008	0.08071	0.60026	0.04949	0.02237	0.00954	0.00303	0.00462	0.10862	0.00696	0.00620
43	0.01489	0.03840	0.70064	0.02116	0.03213	0.01724	0.02743	0.02351	0.01567	0.02351	0.01332	0.01567	0.00940	0.00705	0.00705	0.00235	0.01097	0.00549	0.00313	0.01097
44	0.01539	0.01319	0.01539	0.01100	0.01759	0.00990	0.00880	0.01869	0.01539	0.02419	0.01319	0.01539	0.01100	0.00550	0.00550	0.00110	0.00550	0.00440	0.00440	0.78449
45	0.01752	0.02003	0.04380	0.03129	0.03880	0.01877	0.66583	0.02378	0.01752	0.02378	0.01502	0.02003	0.01126	0.00626	0.00876	0.00250	0.01252	0.00876	0.00375	0.01001
46	0.01539	0.01319	0.01539	0.01100	0.01759	0.00990	0.00880	0.01869	0.01539	0.02419	0.01319	0.01539	0.01100	0.00550	0.00550	0.00110	0.00550	0.00440	0.00440	0.78449
47	0.01289	0.00645	0.00967	0.00967	0.00967	0.00645	0.00645	0.00967	0.00967	0.01289	0.01289	0.02257	0.01289	0.02579	0.02901	0.78401	0.00645	0.00645	0.00322	0.00322
48	0.01983	0.01863	0.06582	0.11146	0.34212	0.01842	0.01931	0.18840	0.05468	0.02998	0.04673	0.02041	0.01486	0.00789	0.00743	0.00227	0.00851	0.00697	0.00496	0.01131
49	0.02822	0.02079	0.02228	0.01708	0.02302	0.02302	0.01411	0.66804	0.03490	0.04679	0.01782	0.01782	0.01262	0.00891	0.00743	0.00223	0.00817	0.00668	0.00743	0.01262
50	0.01061	0.00795	0.01193	0.01193	0.01326	0.00928	0.00928	0.01326	0.01193	0.01723	0.01988	0.02916	0.01856	0.05568	0.70968	0.01193	0.01988	0.00795	0.00398	0.00663
51	0.01551	0.05607	0.40774	0.01714	0.02464	0.01462	0.01977	0.02166	0.01583	0.08434	0.07378	0.02262	0.01733	0.01808	0.15399	0.00432	0.01164	0.00680	0.00430	0.00982
52	0.02354	0.04733	0.02471	0.06100	0.23587	0.21584	0.01708	0.20024	0.05358	0.02847	0.01490	0.01710	0.01171	0.00772	0.00711	0.00214	0.00983	0.00611	0.00488	0.01085
53	0.02773	0.03538	0.02104	0.01913	0.02295	0.70930	0.01434	0.02964	0.02104	0.01817	0.01148	0.01339	0.00956	0.00765	0.00669	0.00191	0.01339	0.00478	0.00383	0.00861
54	0.01430	0.01327	0.02120	0.47305	0.06312	0.01679	0.01831	0.01833	0.01401	0.01910	0.01352	0.02014	0.01101	0.01273	0.07193	0.00341	0.15014	0.00671	0.03076	0.00816
55	0.01510	0.01346	0.02010	0.21159	0.11546	0.03616	0.07010	0.08953	0.01755	0.02315	0.02408	0.28113	0.02492	0.01320	0.00826	0.00259	0.00785	0.01205	0.00518	0.00855
56	0.01098	0.00809	0.01033	0.00969	0.01158	0.00769	0.00729	0.01553	0.06050	0.02985	0.64937	0.05379	0.06720	0.01487	0.00868	0.00235	0.00364	0.01312	0.00814	0.00729
57	0.02764	0.02050	0.02195	0.01696	0.02280	0.02275	0.01397	0.63034	0.07356	0.04584	0.01857	0.01842	0.01323	0.00898	0.00743	0.00225	0.00803	0.00679	0.00743	0.01257
58	0.01492	0.03651	0.64885	0.02194	0.06222	0.01695	0.02660	0.02319	0.01589	0.02373	0.03352	0.01699	0.01132	0.00728	0.00712	0.00234	0.01065	0.00578	0.00331	0.01089
59	0.01857	0.01526	0.01669	0.04466	0.02022	0.01745	0.01185	0.03715	0.58755	0.06148	0.06253	0.02864	0.02430	0.01017	0.00760	0.00250	0.00595	0.00853	0.00748	0.01140
60	0.02020	0.01517	0.01651	0.01456	0.01892	0.01696	0.01141	0.03793	0.56254	0.12449	0.03173	0.02896	0.04646	0.01027	0.00759	0.00249	0.00586	0.00853	0.00776	0.01167
61	0.02510	0.01405	0.02055	0.21525	0.09282	0.01466	0.01531	0.07241	0.01938	0.35771	0.02135	0.02202	0.01445	0.00866	0.00845	0.00239	0.05082	0.00703	0.00653	0.01105
62	0.01801	0.01369	0.04625	0.01433	0.03876	0.04583	0.01172	0.05489	0.10972	0.14678	0.05842	0.05036	0.14999	0.01427	0.00850	0.00267	0.00659	0.19304	0.00702	0.00918
63	0.02773	0.03538	0.02104	0.01913	0.02295	0.70930	0.01434	0.02964	0.02104	0.01817	0.01148	0.01339	0.00956	0.00765	0.00669	0.00191	0.01339	0.00478	0.00383	0.00861
64	0.01063	0.00786	0.01144	0.01144	0.01260	0.00901	0.00867	0.01294	0.01179	0.01687	0.02033	0.03165	0.01964	0.14302	0.62382	0.01133	0.01826	0.00832	0.00404	0.00636
65	0.01772	0.01862	0.05984	0.28597	0.12192	0.05248	0.17169	0.08769	0.01789	0.02371	0.01388	0.01871	0.01068	0.00758	0.00884	0.00244	0.05980	0.00697	0.00389	0.00969
66	0.02200	0.06461	0.14105	0.01876	0.04194	0.34870	0.01613	0.02942	0.16264	0.02225	0.01729	0.02050	0.01411	0.00862	0.00705	0.00219	0.01060	0.03775	0.00463	0.00975
67	0.00881	0.00738	0.00766	0.00789	0.01013	0.00624	0.00581	0.01061	0.01656	0.01991	0.07067	0.15905	0.60510	0.01939	0.00887	0.00257	0.00383	0.01639	0.00689	0.00624
68	0.01460	0.01668	0.11908	0.02591	0.28949	0.01344	0.01662	0.02005	0.05848	0.02497	0.16105	0.03643	0.12733	0.01097	0.00792	0.00236	0.00704	0.03257	0.00534	0.00968
69	0.01019	0.00809	0.00978	0.00985	0.01097	0.00829	0.00702	0.01156	0.01391	0.01803	0.04414	0.20459	0.26594	0.18763	0.08406	0.00467	0.07542	0.01415	0.00572	0.00602
70	0.01342	0.01204	0.01886	0.46379	0.03725	0.01456	0.01626	0.01704	0.01385	0.01839	0.01596	0.05702	0.01458	0.11460	0.04548	0.00360	0.06816	0.00782	0.00371	0.04362
71	0.01539	0.01319	0.01539	0.01100	0.01759	0.00990	0.00880	0.01869	0.01539	0.02419	0.01319	0.01539	0.01100	0.00550	0.00550	0.00110	0.00550	0.00440	0.00440	0.78449
72	0.01730	0.14739	0.41701	0.02100	0.05917	0.09585	0.06803	0.02363	0.01656	0.02223	0.03705	0.01668	0.01186	0.00722	0.00684	0.00218	0.01050	0.00573	0.00347	0.01030
73	0.01782	0.18679	0.11130	0.07417	0.02330	0.05367	0.05465	0.10880	0.01759	0.02343	0.01594	0.04877	0.01398	0.04830	0.06776	0.00323	0.05698	0.00683	0.05754	0.00911
74	0.01080	0.00720	0.00810	0.00810	0.00810	0.00720	0.00450	0.01080	0.01080	0.01439	0.02339	0.04858	0.02699	0.73910	0.03779	0.00720	0.00720	0.01080	0.00450	0.00450
75	0.01754	0.01988	0.04089	0.06415	0.03807	0.04359	0.58930	0.02349	0.01751	0.02329	0.01558	0.02182	0.01215	0.00682	0.00867	0.00251	0.01224	0.02890	0.00383	0.00977
76	0.01691	0.26874	0.46346	0.01833	0.02757	0.04253	0.02221	0.02328	0.01565	0.02137	0.01228	0.01437	0.00945	0.00684	0.00629	0.00209	0.01005	0.00497	0.00317	0.01043
77	0.00894	0.00753	0.00778	0.00794	0.01032	0.00637	0.00600	0.01087	0.01682	0.02012	0.07204	0.09908	0.63189	0.01907	0.00888	0.00257	0.00393	0.04667	0.00689	0.00629
78	0.00904	0.00646	0.00861	0.01034	0.01077	0.00603	0.00689	0.01034	0.01421	0.01895	0.04092	0.73426	0.04910	0.02326	0.00948	0.00301	0.00431	0.02110	0.00689	0.00603
79	0.00904	0.00646	0.00861	0.01034	0.01077	0.00603	0.00689	0.01034	0.01421	0.01895	0.04092	0.73426	0.04910	0.02326	0.00948	0.00301	0.00431	0.02110	0.00689	0.00603
80	0.01985	0.74357	0.03890	0.01270	0.01905	0.02937	0.01270	0.02223	0.01508	0.01747	0.01032	0.01191	0.00953	0.00635	0.00476	0.00159	0.00794	0.00397	0.00318	0.00953
81	0.01876	0.01837	0.02976	0.04448	0.66522	0.04611	0.02244	0.02307	0.01707	0.02400	0.01386	0.01817	0.01167	0.00666	0.00732	0.00219	0.00901	0.00654	0.00368	0.01163
82	0.00885	0.00752	0.00762	0.00760	0.01007	0.00630	0.00570	0.01080	0.01709	0.02047	0.10122	0.07077	0.66351	0.01865	0.00877	0.00250	0.00375	0.01557	0.00695	0.00630
83	0.79154	0.01436	0.01091	0.00976	0.01436	0.01665	0.00804	0.02182	0.01263	0.03331	0.01034	0.01206	0.00804	0.00689	0.00459	0.00230	0.00574	0.00402	0.00459	0.00804
84	0.01080	0.00720	0.00810	0.00810	0.00810	0.00720	0.00450	0.01080	0.01080	0.01439	0.02339	0.04858	0.02699	0.73910	0.03779	0.00720	0.00720	0.01080	0.00450	0.00450
85	0.01420	0.01338	0.02259	0.69370	0.07730	0.01654	0.02071	0.01912	0.01493	0.01918	0.01323	0.01973	0.00997	0.00739	0.00742	0.00246	0.00985	0.00660	0.00331	0.00839
86	0.01662	0.01568	0.05271	0.05517	0.14321	0.01606	0.01478	0.02958	0.36123	0.02693	0.02745	0.06820	0.02368	0.01137	0.00798	0.00261	0.00693	0.10300	0.00628	0.01053
87	0.01042	0.00758	0.00980	0.00925	0.01104	0.00697	0.00694	0.01384	0.02081	0.02928	0.65805	0.05626	0.10117	0.01536	0.00876	0.00234	0.00352	0.01354	0.00811	0.00697
88	0.01489	0.03840	0.70064	0.02116	0.03213	0.01724	0.02743	0.02351	0.01567	0.02351	0.01332	0.01567	0.00940	0.00705	0.00705	0.00235	0.01097	0.00549	0.00313	0.01097
89	0.02141	0.50944	0.03361	0.01455	0.02036	0.11683	0.05167	0.02406	0.01682	0.07452	0.04563	0.01583	0.01333	0.00719	0.00568	0.00178	0.00859	0.00512	0.00404	0.00956
90	0.01050	0.00745	0.00872	0.00905	0.01093	0.00653	0.00653	0.01237	0.01657	0.06118	0.11516	0.30786	0.36123	0.01952	0.00895	0.00266	0.00409	0.01695	0.00715	0.00663
91	0.05584	0.01744	0.01746	0.01532	0.01975	0.05111	0.01202	0.12375	0.53034	0.03270	0.02674	0.02497	0.02001	0.00965	0.00736	0.00244	0.00653	0.00779	0.00723	0.01155
92	0.02633	0.01852	0.02018	0.01581	0.02106	0.02023	0.01290	0.55000	0.03140	0.07604	0.01961	0.05215	0.01493	0.01019	0.00819	0.03032	0.00760	0.00740	0.04546	0.01170

[dist]
# distance from previous block
# <min> <max>
0	2

[block]
# block no. 4 follows, 27 sequences, length 17
# corresponding to MSA columns:
# 396-412
name=unknown_E
#
# <colnr> <probs for GDERKNQSTAVLIFYWHMCP>
#	G	D	E	R	K	N	Q	S	T	A	V	L	I	F	Y	W	H	M	C	P
0	0.01303	0.00827	0.01065	0.01094	0.01250	0.00788	0.00782	0.06038	0.01749	0.08913	0.14421	0.50266	0.04692	0.01954	0.00901	0.00278	0.00465	0.01748	0.00736	0.00731
1	0.02683	0.07196	0.02302	0.01661	0.02244	0.02310	0.01382	0.57092	0.08584	0.04342	0.01829	0.01820	0.01322	0.00882	0.00725	0.00221	0.00797	0.00663	0.00713	0.01233
2	0.68223	0.01410	0.01141	0.01025	0.01458	0.01617	0.00831	0.05963	0.01410	0.03295	0.01327	0.07106	0.01165	0.00834	0.00516	0.00235	0.00577	0.00557	0.00495	0.00815
3	0.02557	0.01813	0.01939	0.06255	0.02248	0.06745	0.01296	0.35505	0.07963	0.14578	0.05047	0.02196	0.01695	0.00912	0.00731	0.00223	0.00766	0.00712	0.05683	0.01136
4	0.02047	0.01829	0.02618	0.06511	0.42579	0.04258	0.01920	0.17463	0.04844	0.02962	0.04544	0.02016	0.01484	0.00775	0.00742	0.00223	0.00852	0.00694	0.00490	0.01148
5	0.07674	0.01547	0.01881	0.01905	0.12889	0.01626	0.01299	0.09413	0.27062	0.15253	0.04914	0.02390	0.01913	0.00890	0.00719	0.00228	0.00654	0.00738	0.00681	0.06325
6	0.79154	0.01436	0.01091	0.00976	0.01436	0.01665	0.00804	0.02182	0.01263	0.03331	0.01034	0.01206	0.00804	0.00689	0.00459	0.00230	0.00574	0.00402	0.00459	0.00804
7	0.01080	0.00720	0.00810	0.00810	0.00810	0.00720	0.00450	0.01080	0.01080	0.01439	0.02339	0.04858	0.02699	0.73910	0.03779	0.00720	0.00720	0.01080	0.00450	0.00450
8	0.02492	0.19781	0.02661	0.01980	0.06608	0.48140	0.03851	0.02726	0.01926	0.01861	0.01150	0.01361	0.00976	0.00723	0.00637	0.00188	0.01180	0.00486	0.00366	0.00908
9	0.01402	0.01319	0.02227	0.72126	0.05113	0.01649	0.02062	0.01897	0.01484	0.01897	0.01319	0.01979	0.00990	0.00742	0.00742	0.00247	0.00990	0.00660	0.00330	0.00825
10	0.01574	0.01431	0.02004	0.01431	0.02106	0.01135	0.11618	0.01952	0.01574	0.02412	0.01349	0.01615	0.01104	0.00562	0.00603	0.00133	0.00664	0.00511	0.00429	0.65791
11	0.00901	0.00753	0.00785	0.00777	0.01017	0.00637	0.00583	0.01112	0.01748	0.02139	0.15976	0.06924	0.60439	0.01830	0.00877	0.00248	0.00372	0.01536	0.00707	0.00637
12	0.00976	0.00669	0.00850	0.00961	0.00988	0.00641	0.00612	0.01045	0.01294	0.01726	0.03419	0.48829	0.04058	0.24716	0.01919	0.03902	0.00531	0.01723	0.00598	0.00543
13	0.02460	0.01066	0.01439	0.01181	0.01596	0.00938	0.00943	0.02758	0.02075	0.44472	0.23977	0.07737	0.03665	0.01194	0.00800	0.00235	0.00530	0.01018	0.00873	0.01045
14	0.01069	0.00725	0.00856	0.00864	0.00881	0.00738	0.00516	0.01105	0.01109	0.01494	0.02384	0.07954	0.02710	0.62659	0.11299	0.00753	0.00850	0.01097	0.00455	0.00482
15	0.01462	0.01300	0.02363	0.19134	0.02919	0.01422	0.19431	0.01732	0.01373	0.01889	0.01433	0.02135	0.01215	0.01654	0.07712	0.19713	0.08134	0.00729	0.03522	0.00728
16	0.01837	0.01764	0.03013	0.04557	0.69279	0.01764	0.02278	0.02278	0.01690	0.02425	0.01396	0.01837	0.01176	0.00661	0.00735	0.00220	0.00882	0.00661	0.00367	0.01176

[dist]
# distance from previous block
# <min> <max>
0	0

# created by:
# /st0/software/busco_prod/Augustus/scripts/msa2prfl.pl ./align_prep/117248.fa
