[name]
unknown

[dist]
# distance from previous block
# <min> <max>
0	37

[block]
# block no. 0 follows, 27 sequences, length 63
# corresponding to MSA columns:
# 42-104
name=unknown_A
#
# <colnr> <probs for GDERKNQSTAVLIFYWHMCP>
#	G	D	E	R	K	N	Q	S	T	A	V	L	I	F	Y	W	H	M	C	P
0	0.01790	0.01943	0.09677	0.02955	0.30951	0.05701	0.05935	0.06310	0.04401	0.02516	0.01835	0.02757	0.01632	0.00892	0.00763	0.00231	0.00879	0.10009	0.00455	0.08369
1	0.09166	0.04549	0.05265	0.02819	0.29693	0.01807	0.05996	0.17461	0.02088	0.03030	0.06434	0.05023	0.01719	0.00849	0.00729	0.00226	0.00810	0.00749	0.00507	0.01080
2	0.01857	0.04291	0.09633	0.06228	0.40609	0.09342	0.08003	0.02373	0.03916	0.02316	0.01590	0.01942	0.03115	0.00723	0.00735	0.00223	0.00964	0.00674	0.00384	0.01081
3	0.01894	0.08288	0.06863	0.06276	0.46449	0.07805	0.02058	0.02442	0.06481	0.02339	0.01454	0.01795	0.01195	0.00699	0.00707	0.00217	0.00909	0.00629	0.00388	0.01111
4	0.07898	0.02099	0.02257	0.02051	0.09564	0.14581	0.07197	0.28234	0.02421	0.03231	0.01730	0.01930	0.03332	0.01029	0.03474	0.00260	0.03514	0.00666	0.03491	0.01042
5	0.03946	0.08436	0.47014	0.02152	0.03093	0.04153	0.13242	0.02416	0.01627	0.05162	0.01391	0.01636	0.01007	0.00697	0.00711	0.00230	0.01075	0.00595	0.00356	0.01061
6	0.01089	0.00765	0.00906	0.00900	0.00954	0.00790	0.00569	0.01220	0.03373	0.01582	0.02614	0.04571	0.06574	0.54537	0.15830	0.00762	0.00927	0.01049	0.00465	0.00524
7	0.01516	0.07638	0.66500	0.02070	0.03143	0.01789	0.02664	0.02344	0.01564	0.02318	0.01316	0.01547	0.00941	0.00702	0.00693	0.00231	0.01081	0.00540	0.00314	0.01089
8	0.01054	0.00722	0.00879	0.00902	0.00929	0.00738	0.00559	0.01114	0.01143	0.01545	0.02511	0.13497	0.02850	0.53399	0.14382	0.00742	0.00889	0.01168	0.00473	0.00505
9	0.01384	0.00692	0.00692	0.00692	0.00865	0.00692	0.00519	0.01730	0.01557	0.02768	0.02422	0.02768	0.01903	0.00865	0.00519	0.00173	0.00346	0.00692	0.78031	0.00692
10	0.01682	0.01733	0.06408	0.03286	0.42603	0.04788	0.01843	0.02221	0.06313	0.02515	0.13591	0.05535	0.02419	0.00915	0.00765	0.00228	0.00783	0.00840	0.00485	0.01048
11	0.01139	0.00775	0.01007	0.00940	0.01117	0.00717	0.00697	0.01462	0.02028	0.05393	0.61585	0.05382	0.06498	0.06725	0.01080	0.00268	0.00388	0.01301	0.00795	0.00704
12	0.01384	0.00692	0.00692	0.00692	0.00865	0.00692	0.00519	0.01730	0.01557	0.02768	0.02422	0.02768	0.01903	0.00865	0.00519	0.00173	0.00346	0.00692	0.78031	0.00692
13	0.01988	0.02097	0.02713	0.12601	0.46356	0.16961	0.02065	0.02381	0.01755	0.02224	0.01332	0.01746	0.01104	0.00695	0.00721	0.00217	0.00996	0.00621	0.00366	0.01062
14	0.00931	0.00708	0.00910	0.04794	0.01269	0.00668	0.00728	0.01088	0.01472	0.01904	0.04622	0.53056	0.18411	0.04505	0.01015	0.00301	0.00459	0.01881	0.00662	0.00615
15	0.02626	0.03294	0.02125	0.01917	0.02251	0.62166	0.01459	0.02814	0.01980	0.01813	0.01125	0.01375	0.00959	0.00833	0.00895	0.00208	0.10429	0.00500	0.00375	0.00854
16	0.01629	0.01639	0.02356	0.01995	0.02025	0.02258	0.04165	0.01810	0.01161	0.01810	0.00995	0.01639	0.00980	0.01273	0.02375	0.00322	0.69762	0.00659	0.00327	0.00819
17	0.02325	0.39331	0.05665	0.01596	0.02134	0.33870	0.01403	0.02566	0.01782	0.01802	0.01096	0.01273	0.00954	0.00697	0.00573	0.00177	0.01054	0.00440	0.00347	0.00916
18	0.01675	0.02000	0.07655	0.02918	0.03635	0.01774	0.58231	0.02276	0.01718	0.02341	0.01686	0.07306	0.01399	0.00757	0.00872	0.00253	0.01182	0.00951	0.00396	0.00977
19	0.79154	0.01436	0.01091	0.00976	0.01436	0.01665	0.00804	0.02182	0.01263	0.03331	0.01034	0.01206	0.00804	0.00689	0.00459	0.00230	0.00574	0.00402	0.00459	0.00804
20	0.01607	0.01487	0.02418	0.26264	0.06495	0.01560	0.14068	0.08040	0.01725	0.02366	0.01672	0.09167	0.01470	0.00879	0.00820	0.00228	0.03682	0.00811	0.00436	0.14805
21	0.01538	0.01423	0.02354	0.61447	0.06946	0.01712	0.05060	0.06742	0.01652	0.02143	0.01365	0.01961	0.01022	0.00745	0.00748	0.00245	0.00986	0.00671	0.00364	0.00877
22	0.01624	0.01624	0.02274	0.01949	0.01949	0.02274	0.01624	0.01787	0.01137	0.01787	0.00975	0.01624	0.00975	0.01299	0.02436	0.00325	0.72552	0.00650	0.00325	0.00812
23	0.02048	0.02211	0.02619	0.03575	0.46072	0.21477	0.01935	0.02403	0.01809	0.02226	0.01689	0.02010	0.05136	0.00763	0.00725	0.00214	0.00983	0.00663	0.00391	0.01053
24	0.01065	0.00776	0.01096	0.01096	0.01196	0.00875	0.00807	0.01264	0.01164	0.01652	0.02077	0.03406	0.02068	0.22798	0.54029	0.01074	0.01669	0.00867	0.00411	0.00609
25	0.01026	0.00712	0.00829	0.00861	0.00900	0.00697	0.00525	0.01080	0.01209	0.01593	0.03171	0.17755	0.09729	0.50590	0.05697	0.00614	0.00683	0.01309	0.00516	0.00505
26	0.01554	0.01332	0.01546	0.01119	0.01767	0.01030	0.00894	0.01967	0.04667	0.02451	0.01400	0.01597	0.01155	0.00571	0.00559	0.00117	0.00552	0.00459	0.00455	0.74808
27	0.05414	0.02535	0.02145	0.16015	0.07115	0.35042	0.01566	0.12745	0.02140	0.06413	0.01399	0.01634	0.01072	0.00780	0.00696	0.00213	0.01086	0.00569	0.00462	0.00959
28	0.01624	0.01624	0.02274	0.01949	0.01949	0.02274	0.01624	0.01787	0.01137	0.01787	0.00975	0.01624	0.00975	0.01299	0.02436	0.00325	0.72552	0.00650	0.00325	0.00812
29	0.01773	0.01655	0.02586	0.03669	0.50707	0.01698	0.01934	0.02533	0.14967	0.02563	0.04257	0.02366	0.04352	0.00809	0.00750	0.00228	0.00784	0.00757	0.00473	0.01137
30	0.02096	0.06902	0.02757	0.05968	0.36885	0.12977	0.03994	0.10249	0.06358	0.02577	0.01487	0.01781	0.01200	0.00729	0.00714	0.00216	0.00938	0.00634	0.00436	0.01101
31	0.02725	0.01964	0.02117	0.01635	0.02198	0.02153	0.01342	0.60253	0.03304	0.06967	0.02015	0.02073	0.03343	0.03362	0.00848	0.00240	0.00794	0.00712	0.00738	0.01216
32	0.00904	0.00646	0.00861	0.01034	0.01077	0.00603	0.00689	0.01034	0.01421	0.01895	0.04092	0.73426	0.04910	0.02326	0.00948	0.00301	0.00431	0.02110	0.00689	0.00603
33	0.02847	0.01943	0.02132	0.01645	0.02228	0.02112	0.01355	0.55050	0.06336	0.13666	0.02000	0.01932	0.01390	0.00900	0.00744	0.00225	0.00780	0.00687	0.00768	0.01258
34	0.05633	0.01660	0.01922	0.01663	0.05651	0.01763	0.01273	0.24499	0.21034	0.23247	0.02419	0.02260	0.01692	0.00912	0.00736	0.00233	0.00692	0.00729	0.00767	0.01216
35	0.01101	0.00783	0.00921	0.00950	0.01009	0.00798	0.00603	0.01343	0.07211	0.01760	0.04596	0.22624	0.03321	0.43974	0.05317	0.00574	0.00672	0.01325	0.00548	0.00570
36	0.00927	0.00655	0.00855	0.01005	0.01043	0.00618	0.00659	0.01039	0.01378	0.01838	0.03871	0.64780	0.04631	0.11352	0.01305	0.00354	0.00467	0.01980	0.00659	0.00584
37	0.02570	0.14054	0.02414	0.01585	0.02159	0.02320	0.01340	0.49828	0.06910	0.04024	0.01755	0.01780	0.01295	0.00854	0.00690	0.00212	0.00782	0.00634	0.03611	0.01184
38	0.01402	0.01319	0.02227	0.72126	0.05113	0.01649	0.02062	0.01897	0.01484	0.01897	0.01319	0.01979	0.00990	0.00742	0.00742	0.00247	0.00990	0.00660	0.00330	0.00825
39	0.01062	0.00716	0.00811	0.00821	0.00832	0.00710	0.00468	0.01076	0.01121	0.01486	0.02619	0.09004	0.05076	0.67222	0.03512	0.00679	0.00691	0.01157	0.00472	0.00465
40	0.01669	0.01940	0.06706	0.17205	0.04104	0.01824	0.50692	0.02278	0.01690	0.02278	0.01457	0.01979	0.01091	0.00653	0.00842	0.00249	0.01191	0.00818	0.00364	0.00969
41	0.02550	0.05095	0.02189	0.01809	0.04708	0.20446	0.01403	0.32604	0.05307	0.05657	0.01845	0.01925	0.04058	0.00916	0.00841	0.00222	0.06105	0.00653	0.00591	0.01077
42	0.01837	0.01764	0.03013	0.04557	0.69279	0.01764	0.02278	0.02278	0.01690	0.02425	0.01396	0.01837	0.01176	0.00661	0.00735	0.00220	0.00882	0.00661	0.00367	0.01176
43	0.00919	0.00674	0.00837	0.00959	0.01055	0.00614	0.00657	0.01075	0.01506	0.01982	0.06923	0.54786	0.18560	0.02158	0.00917	0.00284	0.00414	0.01924	0.03142	0.00614
44	0.05789	0.01915	0.01994	0.01574	0.02118	0.06878	0.01283	0.40862	0.06442	0.17539	0.04633	0.02080	0.01618	0.00911	0.00733	0.00224	0.00777	0.00696	0.00745	0.01189
45	0.02015	0.65443	0.07325	0.01362	0.02004	0.07784	0.01361	0.02283	0.01555	0.01784	0.01057	0.01222	0.00952	0.00648	0.00503	0.00165	0.00850	0.00411	0.00322	0.00954
46	0.00988	0.00756	0.00906	0.00868	0.01071	0.00674	0.00651	0.01280	0.01954	0.02627	0.46762	0.06122	0.29349	0.01648	0.00876	0.00240	0.00360	0.01423	0.00771	0.00674
47	0.01431	0.01336	0.02242	0.58420	0.13284	0.01597	0.01998	0.01902	0.01532	0.02005	0.03830	0.04374	0.01354	0.00810	0.00753	0.00245	0.00935	0.00731	0.00364	0.00859
48	0.01094	0.00754	0.00853	0.00833	0.00881	0.00729	0.00487	0.01124	0.01138	0.01532	0.02507	0.07058	0.04847	0.64777	0.03396	0.00654	0.00689	0.01092	0.00465	0.05089
49	0.01205	0.00818	0.00912	0.00875	0.00918	0.00834	0.00519	0.05828	0.01254	0.01673	0.02299	0.04636	0.02595	0.68635	0.03559	0.00684	0.00727	0.01050	0.00471	0.00509
50	0.00903	0.00652	0.00855	0.01017	0.01072	0.00604	0.00682	0.01036	0.01438	0.01902	0.04298	0.69436	0.08767	0.02299	0.00943	0.00298	0.00427	0.02078	0.00689	0.00604
51	0.01922	0.04785	0.02975	0.06664	0.54645	0.09084	0.04612	0.02338	0.01721	0.02313	0.01357	0.01771	0.01135	0.00673	0.00724	0.00217	0.00945	0.00640	0.00366	0.01114
52	0.02641	0.03130	0.02019	0.01824	0.02219	0.56833	0.01378	0.03152	0.13021	0.04602	0.01526	0.01621	0.01207	0.00811	0.00687	0.00203	0.01187	0.00548	0.00465	0.00928
53	0.01539	0.01319	0.01539	0.01100	0.01759	0.00990	0.00880	0.01869	0.01539	0.02419	0.01319	0.01539	0.01100	0.00550	0.00550	0.00110	0.00550	0.00440	0.00440	0.78449
54	0.02112	0.01654	0.01670	0.01413	0.01836	0.06601	0.01127	0.27776	0.14370	0.06447	0.03199	0.03461	0.13690	0.04222	0.00902	0.00258	0.00701	0.04641	0.02900	0.01021
55	0.01177	0.00925	0.01138	0.03970	0.01415	0.00807	0.00760	0.01413	0.01565	0.02213	0.16363	0.18321	0.08421	0.13094	0.01254	0.00290	0.00517	0.01170	0.00585	0.24602
56	0.00921	0.00661	0.00865	0.01008	0.01066	0.00615	0.00677	0.01063	0.01466	0.01959	0.08821	0.63642	0.07147	0.05002	0.01049	0.00311	0.00434	0.01997	0.00689	0.00605
57	0.01550	0.04092	0.02039	0.44321	0.03765	0.01569	0.01631	0.08723	0.01675	0.02225	0.01544	0.04986	0.01315	0.06078	0.00934	0.00259	0.00862	0.00710	0.00411	0.11310
58	0.01814	0.01392	0.01640	0.03995	0.01935	0.01222	0.01017	0.13552	0.01912	0.06755	0.01746	0.08096	0.01509	0.00799	0.00639	0.00160	0.00609	0.00657	0.00541	0.50011
59	0.01651	0.05357	0.50379	0.02261	0.03241	0.01830	0.15145	0.07009	0.01741	0.02507	0.01390	0.01658	0.01001	0.00701	0.00735	0.00235	0.01099	0.00617	0.00357	0.01086
60	0.01367	0.01557	0.10399	0.01590	0.01795	0.01553	0.01391	0.01620	0.01294	0.01915	0.01951	0.20245	0.02104	0.04691	0.04982	0.00349	0.33361	0.01022	0.00434	0.06381
61	0.02903	0.06729	0.04402	0.01523	0.02121	0.01378	0.07348	0.07106	0.02109	0.49703	0.05117	0.02422	0.01844	0.00885	0.00743	0.00226	0.00718	0.00746	0.00789	0.01189
62	0.02669	0.04783	0.04649	0.01745	0.02352	0.02149	0.05279	0.51613	0.03076	0.09241	0.01815	0.01855	0.01293	0.00997	0.02779	0.00251	0.00871	0.00676	0.00694	0.01212

[dist]
# distance from previous block
# <min> <max>
0	1

[block]
# block no. 1 follows, 27 sequences, length 23
# corresponding to MSA columns:
# 106-128
name=unknown_B
#
# <colnr> <probs for GDERKNQSTAVLIFYWHMCP>
#	G	D	E	R	K	N	Q	S	T	A	V	L	I	F	Y	W	H	M	C	P
0	0.01453	0.07235	0.02519	0.35613	0.03658	0.01689	0.12944	0.01856	0.01486	0.01956	0.01739	0.13405	0.01641	0.01027	0.00955	0.00258	0.08434	0.00909	0.00394	0.00829
1	0.02635	0.03318	0.02031	0.01855	0.02217	0.65300	0.01394	0.02833	0.02031	0.01809	0.01215	0.01466	0.01029	0.01151	0.06323	0.00272	0.01391	0.00504	0.00384	0.00845
2	0.01402	0.01319	0.02227	0.72126	0.05113	0.01649	0.02062	0.01897	0.01484	0.01897	0.01319	0.01979	0.00990	0.00742	0.00742	0.00247	0.00990	0.00660	0.00330	0.00825
3	0.00970	0.00679	0.00861	0.00959	0.01005	0.00647	0.00622	0.01087	0.01400	0.01886	0.10771	0.46440	0.04514	0.22560	0.01743	0.00413	0.00504	0.01733	0.00635	0.00570
4	0.01289	0.00645	0.00967	0.00967	0.00967	0.00645	0.00645	0.00967	0.00967	0.01289	0.01289	0.02257	0.01289	0.02579	0.02901	0.78401	0.00645	0.00645	0.00322	0.00322
5	0.01384	0.00692	0.00692	0.00692	0.00865	0.00692	0.00519	0.01730	0.01557	0.02768	0.02422	0.02768	0.01903	0.00865	0.00519	0.00173	0.00346	0.00692	0.78031	0.00692
6	0.01007	0.00746	0.00938	0.00914	0.01088	0.00678	0.00676	0.01307	0.01963	0.02702	0.51907	0.12805	0.17198	0.01662	0.00883	0.00243	0.00363	0.01459	0.00783	0.00678
7	0.01080	0.00720	0.00810	0.00810	0.00810	0.00720	0.00450	0.01080	0.01080	0.01439	0.02339	0.04858	0.02699	0.73910	0.03779	0.00720	0.00720	0.01080	0.00450	0.00450
8	0.01384	0.00692	0.00692	0.00692	0.00865	0.00692	0.00519	0.01730	0.01557	0.02768	0.02422	0.02768	0.01903	0.00865	0.00519	0.00173	0.00346	0.00692	0.78031	0.00692
9	0.01953	0.58368	0.14593	0.01449	0.02144	0.07024	0.01521	0.02291	0.01556	0.01850	0.01088	0.01262	0.00951	0.00655	0.00526	0.00173	0.00878	0.00427	0.00321	0.00970
10	0.01615	0.01499	0.09270	0.08675	0.02199	0.01318	0.08777	0.08128	0.08248	0.04589	0.09350	0.02822	0.02202	0.06193	0.00929	0.00257	0.00703	0.00807	0.21535	0.00886
11	0.01981	0.61578	0.08761	0.01459	0.02120	0.06656	0.04535	0.02282	0.01558	0.01826	0.01084	0.01266	0.00960	0.00647	0.00524	0.00171	0.00870	0.00436	0.00324	0.00961
12	0.00924	0.00749	0.00820	0.00812	0.01034	0.00645	0.00605	0.01152	0.01788	0.02257	0.23553	0.09598	0.49858	0.01804	0.00880	0.00248	0.00372	0.01531	0.00723	0.00645
13	0.01531	0.29708	0.04302	0.05535	0.01791	0.01755	0.01119	0.01804	0.01637	0.04525	0.15244	0.10143	0.11362	0.01194	0.00805	0.00220	0.05030	0.00949	0.00521	0.00826
14	0.01489	0.03840	0.70064	0.02116	0.03213	0.01724	0.02743	0.02351	0.01567	0.02351	0.01332	0.01567	0.00940	0.00705	0.00705	0.00235	0.01097	0.00549	0.00313	0.01097
15	0.01069	0.00866	0.01020	0.03147	0.01281	0.03311	0.00781	0.01302	0.04639	0.01921	0.03929	0.51025	0.10299	0.07838	0.01195	0.00323	0.03009	0.01763	0.00639	0.00644
16	0.18990	0.43331	0.07162	0.01367	0.01991	0.02476	0.03336	0.09731	0.01696	0.02492	0.01153	0.01312	0.00961	0.00681	0.00530	0.00189	0.00781	0.00454	0.00400	0.00966
17	0.02679	0.01970	0.02106	0.01638	0.02197	0.02182	0.01345	0.59148	0.07442	0.04471	0.01897	0.01901	0.01362	0.00897	0.00731	0.00222	0.00776	0.00680	0.05131	0.01225
18	0.02253	0.01694	0.01845	0.01484	0.01946	0.01849	0.01180	0.40772	0.11727	0.03681	0.02015	0.02407	0.01629	0.11499	0.05475	0.00350	0.00827	0.00743	0.00663	0.05963
19	0.01077	0.00730	0.00864	0.00864	0.00883	0.00749	0.00518	0.01115	0.01096	0.01480	0.02289	0.04582	0.02579	0.64180	0.13345	0.00787	0.00900	0.01039	0.00442	0.00480
20	0.03119	0.01269	0.01693	0.01312	0.01855	0.01128	0.01078	0.07023	0.02200	0.60727	0.08168	0.02727	0.02221	0.00965	0.00757	0.00230	0.00620	0.00790	0.00901	0.01218
21	0.01838	0.01164	0.01263	0.05063	0.01558	0.01253	0.00887	0.22226	0.02161	0.03320	0.02158	0.02413	0.01649	0.00866	0.00602	0.00193	0.00531	0.00683	0.49293	0.00879
22	0.17899	0.16576	0.09903	0.01452	0.02058	0.01914	0.03078	0.15716	0.01980	0.15880	0.01653	0.01735	0.01212	0.01041	0.04618	0.00270	0.00837	0.00574	0.00555	0.01047

[dist]
# distance from previous block
# <min> <max>
0	1

[block]
# block no. 2 follows, 27 sequences, length 40
# corresponding to MSA columns:
# 130-169
name=unknown_C
#
# <colnr> <probs for GDERKNQSTAVLIFYWHMCP>
#	G	D	E	R	K	N	Q	S	T	A	V	L	I	F	Y	W	H	M	C	P
0	0.02572	0.03156	0.02300	0.02482	0.16722	0.56033	0.01616	0.02817	0.02015	0.01948	0.01201	0.01446	0.01004	0.00743	0.00683	0.00198	0.01240	0.00518	0.00379	0.00929
1	0.03331	0.01263	0.01723	0.01321	0.01895	0.01091	0.01091	0.03618	0.02125	0.69794	0.02929	0.02527	0.01838	0.00919	0.00747	0.00230	0.00632	0.00747	0.00919	0.01263
2	0.00877	0.00752	0.00752	0.00752	0.01003	0.00627	0.00564	0.01065	0.01692	0.02005	0.07520	0.07144	0.68978	0.01880	0.00877	0.00251	0.00376	0.01567	0.00689	0.00627
3	0.02157	0.02595	0.06547	0.24025	0.08220	0.34163	0.01766	0.05118	0.04580	0.02088	0.01333	0.01666	0.01048	0.00761	0.00706	0.00217	0.01129	0.00575	0.00390	0.00917
4	0.01624	0.01624	0.02274	0.01949	0.01949	0.02274	0.01624	0.01787	0.01137	0.01787	0.00975	0.01624	0.00975	0.01299	0.02436	0.00325	0.72552	0.00650	0.00325	0.00812
5	0.00931	0.00657	0.00854	0.01000	0.01036	0.00621	0.00653	0.01041	0.01370	0.01826	0.03826	0.63045	0.04575	0.13163	0.01376	0.00365	0.00474	0.01954	0.00653	0.00580
6	0.03217	0.01279	0.01715	0.01322	0.01881	0.01128	0.01089	0.06282	0.02183	0.64264	0.05536	0.02616	0.02021	0.00942	0.00752	0.00230	0.00628	0.00767	0.00907	0.01241
7	0.08831	0.01968	0.02071	0.01606	0.02171	0.02181	0.01324	0.58828	0.03229	0.04488	0.01751	0.01779	0.01254	0.00874	0.00710	0.00221	0.00777	0.00648	0.04089	0.01201
8	0.12597	0.01561	0.07238	0.01425	0.03760	0.01330	0.01211	0.09954	0.02064	0.38492	0.05352	0.02439	0.04245	0.00908	0.00708	0.00225	0.00664	0.00719	0.00743	0.04364
9	0.01843	0.49217	0.16387	0.01642	0.02327	0.02565	0.07179	0.02227	0.01512	0.01919	0.01125	0.01365	0.00967	0.00698	0.00703	0.00194	0.06348	0.00486	0.00322	0.00974
10	0.01624	0.01624	0.02274	0.01949	0.01949	0.02274	0.01624	0.01787	0.01137	0.01787	0.00975	0.01624	0.00975	0.01299	0.02436	0.00325	0.72552	0.00650	0.00325	0.00812
11	0.01108	0.00769	0.01046	0.01133	0.01239	0.00766	0.00841	0.01316	0.01557	0.04842	0.12123	0.44028	0.04595	0.02285	0.05485	0.00354	0.03581	0.11583	0.00680	0.00668
12	0.01837	0.01764	0.03013	0.04557	0.69279	0.01764	0.02278	0.02278	0.01690	0.02425	0.01396	0.01837	0.01176	0.00661	0.00735	0.00220	0.00882	0.00661	0.00367	0.01176
13	0.02551	0.03073	0.02250	0.06782	0.12247	0.53367	0.01597	0.05624	0.02065	0.02038	0.01223	0.01472	0.01004	0.00754	0.00687	0.00201	0.01227	0.00525	0.00393	0.00922
14	0.00943	0.00691	0.00885	0.00971	0.01077	0.00634	0.00677	0.01142	0.01647	0.02216	0.22912	0.46091	0.13291	0.02042	0.00919	0.00276	0.00401	0.01826	0.00726	0.00634
15	0.01800	0.01726	0.02946	0.10352	0.63776	0.01754	0.02260	0.02246	0.01673	0.02380	0.01390	0.01850	0.01160	0.00668	0.00736	0.00223	0.00891	0.00661	0.00364	0.01146
16	0.17978	0.04882	0.02414	0.01884	0.02146	0.02117	0.11262	0.04563	0.01367	0.02313	0.01101	0.01581	0.00972	0.01024	0.01631	0.00282	0.40622	0.00622	0.00377	0.00863
17	0.01065	0.00713	0.00814	0.00829	0.00833	0.00710	0.00470	0.01076	0.01109	0.01479	0.02489	0.10739	0.02889	0.67771	0.03536	0.00684	0.00695	0.01168	0.00470	0.00463
18	0.00950	0.00674	0.00860	0.00990	0.01038	0.00637	0.00656	0.01064	0.01376	0.01822	0.03884	0.54211	0.07246	0.16627	0.01514	0.00385	0.00496	0.04351	0.00641	0.00577
19	0.01412	0.00759	0.01068	0.01026	0.01074	0.00777	0.00706	0.06218	0.01168	0.01560	0.01329	0.02219	0.01287	0.02444	0.02729	0.72166	0.00658	0.00647	0.00356	0.00397
20	0.01812	0.01762	0.03082	0.07441	0.61463	0.01767	0.07160	0.02269	0.01686	0.02398	0.01401	0.01856	0.01164	0.00662	0.00746	0.00224	0.00915	0.00678	0.00366	0.01147
21	0.01317	0.01179	0.01389	0.01335	0.01482	0.08733	0.01043	0.01566	0.01298	0.01773	0.01805	0.02605	0.01667	0.04453	0.53968	0.00962	0.09186	0.00742	0.02797	0.00701
22	0.79154	0.01436	0.01091	0.00976	0.01436	0.01665	0.00804	0.02182	0.01263	0.03331	0.01034	0.01206	0.00804	0.00689	0.00459	0.00230	0.00574	0.00402	0.00459	0.00804
23	0.60901	0.01403	0.01213	0.01024	0.01524	0.01514	0.00840	0.02258	0.01379	0.08893	0.01239	0.01370	0.00937	0.00688	0.00498	0.00212	0.00575	0.00437	0.00496	0.12598
24	0.33214	0.07063	0.04568	0.03335	0.07007	0.04625	0.01200	0.05068	0.01712	0.23171	0.01687	0.01715	0.01190	0.00765	0.00606	0.00222	0.00706	0.00552	0.00579	0.01014
25	0.07968	0.01006	0.01246	0.01330	0.01562	0.01059	0.01132	0.01934	0.11272	0.02487	0.07163	0.06791	0.03837	0.01753	0.00929	0.00313	0.00642	0.46128	0.00682	0.00766
26	0.02077	0.55462	0.05724	0.01450	0.02018	0.14238	0.01370	0.02323	0.01586	0.01781	0.01058	0.01256	0.00954	0.00702	0.00642	0.00177	0.05487	0.00432	0.00329	0.00933
27	0.01594	0.01424	0.02450	0.24134	0.15646	0.01533	0.14750	0.03628	0.01630	0.02362	0.01628	0.02124	0.01273	0.00759	0.00785	0.00228	0.03787	0.00711	0.18650	0.00905
28	0.01111	0.00749	0.00949	0.00980	0.01143	0.00679	0.00715	0.01339	0.01740	0.06607	0.24566	0.32493	0.17806	0.01890	0.00902	0.00268	0.00419	0.04219	0.00743	0.00683
29	0.02019	0.71257	0.03812	0.01298	0.01922	0.05913	0.01277	0.02255	0.01534	0.01750	0.01037	0.01197	0.00953	0.00641	0.00485	0.00160	0.00818	0.00401	0.00320	0.00949
30	0.05271	0.13080	0.04794	0.01638	0.06032	0.05219	0.01307	0.13702	0.16907	0.13070	0.02350	0.05487	0.03485	0.00980	0.00711	0.00228	0.00731	0.03299	0.00632	0.01077
31	0.01051	0.00720	0.00875	0.00900	0.00926	0.00734	0.00557	0.01110	0.01147	0.01549	0.02542	0.14567	0.02894	0.53171	0.13489	0.00730	0.00869	0.01187	0.00477	0.00504
32	0.01411	0.01281	0.02023	0.55589	0.04300	0.01558	0.01836	0.02047	0.08558	0.02053	0.01840	0.05596	0.01570	0.00949	0.00776	0.00258	0.00897	0.06196	0.00420	0.00841
33	0.00920	0.00750	0.00792	0.00783	0.01002	0.00645	0.00574	0.01115	0.01699	0.02097	0.15952	0.06717	0.54330	0.08005	0.01126	0.00288	0.00402	0.01493	0.00687	0.00622
34	0.01995	0.01507	0.01669	0.01428	0.01814	0.01642	0.01119	0.32446	0.14885	0.03543	0.09826	0.19299	0.02933	0.01320	0.00808	0.00248	0.00632	0.01114	0.00740	0.01029
35	0.01601	0.18607	0.54237	0.01968	0.02958	0.01984	0.04298	0.02325	0.01560	0.02225	0.01274	0.01501	0.00948	0.00688	0.00662	0.00220	0.01038	0.00526	0.00316	0.01064
36	0.07501	0.12463	0.01980	0.01350	0.01849	0.07149	0.01116	0.05067	0.11662	0.32274	0.05103	0.05423	0.01960	0.00948	0.00697	0.00222	0.00688	0.00746	0.00712	0.01090
37	0.01965	0.71476	0.06594	0.01305	0.01959	0.02888	0.01330	0.02228	0.01511	0.01771	0.01044	0.01206	0.00952	0.00638	0.00486	0.00162	0.00806	0.00403	0.00317	0.00959
38	0.01008	0.00727	0.00901	0.00909	0.01028	0.00676	0.00631	0.01221	0.01701	0.02324	0.34796	0.19604	0.12471	0.16917	0.01500	0.00351	0.00447	0.01471	0.00700	0.00620
39	0.02714	0.03632	0.01840	0.01562	0.06184	0.01376	0.01182	0.06154	0.15449	0.42383	0.05579	0.02599	0.02054	0.01055	0.02538	0.00256	0.00674	0.00773	0.00806	0.01190

[dist]
# distance from previous block
# <min> <max>
0	2

[block]
# block no. 3 follows, 27 sequences, length 11
# corresponding to MSA columns:
# 172-182
name=unknown_D
#
# <colnr> <probs for GDERKNQSTAVLIFYWHMCP>
#	G	D	E	R	K	N	Q	S	T	A	V	L	I	F	Y	W	H	M	C	P
0	0.01751	0.01654	0.02799	0.04195	0.62014	0.01651	0.02132	0.02168	0.01675	0.02383	0.01677	0.06533	0.01546	0.00827	0.00761	0.00231	0.00845	0.03638	0.00402	0.01118
1	0.01273	0.00656	0.00983	0.00983	0.00993	0.00665	0.00665	0.00993	0.00983	0.01321	0.01340	0.02304	0.01330	0.02794	0.07791	0.72854	0.00741	0.00656	0.00328	0.00347
2	0.05016	0.03519	0.60524	0.05815	0.03262	0.01724	0.05361	0.02320	0.01557	0.02373	0.01325	0.01591	0.00945	0.00703	0.00703	0.00236	0.01074	0.00562	0.00324	0.01065
3	0.01771	0.01687	0.02825	0.14803	0.56026	0.01750	0.02190	0.02303	0.04981	0.02378	0.01466	0.01906	0.01202	0.00691	0.00737	0.00226	0.00884	0.00670	0.00381	0.01122
4	0.01781	0.01706	0.02912	0.13289	0.60987	0.01749	0.02250	0.02229	0.01664	0.02357	0.01386	0.01856	0.01152	0.00672	0.00736	0.00224	0.00896	0.00661	0.00363	0.01131
5	0.01384	0.00692	0.00692	0.00692	0.00865	0.00692	0.00519	0.01730	0.01557	0.02768	0.02422	0.02768	0.01903	0.00865	0.00519	0.00173	0.00346	0.00692	0.78031	0.00692
6	0.01774	0.02230	0.13506	0.03101	0.30797	0.10881	0.11276	0.02247	0.01736	0.02276	0.02067	0.02551	0.07725	0.00856	0.00768	0.00232	0.00973	0.03576	0.00407	0.01022
7	0.02354	0.01468	0.01706	0.01405	0.01840	0.01523	0.01119	0.31007	0.04909	0.18641	0.09336	0.16161	0.02713	0.01241	0.00797	0.00242	0.00645	0.01038	0.00780	0.01076
8	0.01149	0.00887	0.01258	0.04969	0.01573	0.00872	0.04366	0.05270	0.01590	0.02125	0.03499	0.50347	0.04014	0.04465	0.01013	0.00303	0.00566	0.07895	0.00640	0.03198
9	0.10425	0.01909	0.04601	0.08255	0.45046	0.06714	0.04179	0.05736	0.01754	0.02562	0.01356	0.01737	0.01103	0.00690	0.00705	0.00223	0.00903	0.00624	0.00395	0.01085
10	0.02115	0.06084	0.04820	0.02800	0.28570	0.20311	0.01724	0.08536	0.07329	0.02531	0.06672	0.02016	0.01642	0.00805	0.00716	0.00214	0.00936	0.00662	0.00468	0.01048

[dist]
# distance from previous block
# <min> <max>
5	14

[block]
# block no. 4 follows, 27 sequences, length 6
# corresponding to MSA columns:
# 197-202
name=unknown_E
#
# <colnr> <probs for GDERKNQSTAVLIFYWHMCP>
#	G	D	E	R	K	N	Q	S	T	A	V	L	I	F	Y	W	H	M	C	P
0	0.01408	0.01095	0.01300	0.01178	0.01409	0.01178	0.00903	0.10489	0.07453	0.02573	0.14538	0.11168	0.12933	0.07781	0.08100	0.00379	0.07505	0.01121	0.04233	0.03258
1	0.79154	0.01436	0.01091	0.00976	0.01436	0.01665	0.00804	0.02182	0.01263	0.03331	0.01034	0.01206	0.00804	0.00689	0.00459	0.00230	0.00574	0.00402	0.00459	0.00804
2	0.01927	0.01511	0.01588	0.01269	0.01803	0.07753	0.00995	0.02495	0.11970	0.12693	0.02033	0.07594	0.01683	0.00839	0.00655	0.00173	0.00634	0.00685	0.00576	0.41123
3	0.02718	0.01892	0.02076	0.01607	0.02163	0.02055	0.01321	0.55428	0.03247	0.10523	0.07597	0.02171	0.01804	0.00947	0.00754	0.00224	0.00760	0.00733	0.00765	0.01215
4	0.02535	0.09896	0.02237	0.01796	0.02181	0.51697	0.01397	0.07169	0.02035	0.02002	0.01222	0.01466	0.01032	0.01079	0.04974	0.00258	0.05229	0.00512	0.00399	0.00883
5	0.02075	0.66272	0.03686	0.01344	0.01950	0.10700	0.01289	0.02308	0.01576	0.01755	0.01045	0.01208	0.00953	0.00650	0.00498	0.00162	0.00856	0.00406	0.00325	0.00942

[dist]
# distance from previous block
# <min> <max>
1	5

[block]
# block no. 5 follows, 27 sequences, length 11
# corresponding to MSA columns:
# 208-218
name=unknown_F
#
# <colnr> <probs for GDERKNQSTAVLIFYWHMCP>
#	G	D	E	R	K	N	Q	S	T	A	V	L	I	F	Y	W	H	M	C	P
0	0.01773	0.02762	0.27956	0.03002	0.19981	0.08289	0.20778	0.02398	0.01702	0.02327	0.01380	0.01739	0.01055	0.00677	0.00758	0.00232	0.01110	0.00664	0.00351	0.01067
1	0.01262	0.01045	0.01323	0.01263	0.01479	0.03221	0.04823	0.04533	0.08955	0.02356	0.12267	0.42432	0.04164	0.01751	0.00871	0.00266	0.00541	0.01578	0.00673	0.05196
2	0.02474	0.06966	0.07120	0.02258	0.12346	0.38861	0.04323	0.02861	0.04752	0.09030	0.01469	0.01632	0.01141	0.00758	0.00691	0.00206	0.01114	0.00565	0.00443	0.00990
3	0.01623	0.01182	0.01369	0.01232	0.01462	0.03045	0.00944	0.15978	0.01810	0.04904	0.02449	0.03626	0.05630	0.20316	0.19534	0.00605	0.04042	0.05181	0.04291	0.00778
4	0.16178	0.15654	0.33391	0.05322	0.08229	0.01956	0.01985	0.05147	0.01592	0.02514	0.01247	0.01484	0.00954	0.00696	0.00624	0.00219	0.00909	0.00514	0.00366	0.01017
5	0.01750	0.01869	0.01624	0.01685	0.08040	0.23651	0.01170	0.02235	0.10554	0.02067	0.03042	0.03236	0.16637	0.02119	0.16557	0.00441	0.01125	0.00860	0.00503	0.00835
6	0.01088	0.00820	0.01020	0.03983	0.01335	0.00793	0.00809	0.04013	0.01695	0.02214	0.14343	0.23489	0.20168	0.08909	0.01192	0.00321	0.00515	0.11964	0.00672	0.00659
7	0.02169	0.30328	0.06782	0.01560	0.02060	0.31996	0.01364	0.02423	0.01764	0.01830	0.01595	0.01779	0.05636	0.01055	0.04530	0.00241	0.01086	0.00543	0.00375	0.00883
8	0.02204	0.02379	0.05179	0.08183	0.05126	0.29629	0.01406	0.12578	0.06451	0.02603	0.06175	0.02056	0.01630	0.00855	0.00693	0.00209	0.00955	0.00644	0.10112	0.00933
9	0.01040	0.00715	0.00826	0.00854	0.00911	0.00699	0.00535	0.01121	0.01250	0.01679	0.03299	0.16056	0.11811	0.44705	0.06596	0.00586	0.00679	0.01274	0.04842	0.00524
10	0.09009	0.14584	0.34543	0.06383	0.09548	0.01919	0.04649	0.02228	0.01516	0.02286	0.01274	0.01584	0.00993	0.00857	0.02857	0.00254	0.03616	0.00552	0.00340	0.01009

[dist]
# distance from previous block
# <min> <max>
3	9

[block]
# block no. 6 follows, 27 sequences, length 6
# corresponding to MSA columns:
# 228-233
name=unknown_G
#
# <colnr> <probs for GDERKNQSTAVLIFYWHMCP>
#	G	D	E	R	K	N	Q	S	T	A	V	L	I	F	Y	W	H	M	C	P
0	0.02262	0.01885	0.06938	0.01547	0.02074	0.01860	0.01320	0.42912	0.06424	0.03855	0.08408	0.05417	0.02078	0.05111	0.00925	0.00253	0.00746	0.00809	0.00687	0.04490
1	0.02361	0.12530	0.02326	0.01794	0.04705	0.28792	0.01393	0.18487	0.02178	0.02532	0.01385	0.01650	0.01146	0.01367	0.08911	0.00321	0.06134	0.00570	0.00460	0.00960
2	0.01372	0.01136	0.01332	0.01265	0.03671	0.03833	0.00907	0.06968	0.01699	0.02312	0.16455	0.09730	0.09955	0.15842	0.06110	0.00395	0.08320	0.01081	0.00572	0.07043
3	0.02451	0.01836	0.01990	0.01581	0.02104	0.02000	0.01280	0.50188	0.08975	0.04102	0.02117	0.09598	0.01738	0.01037	0.00755	0.00227	0.00739	0.00826	0.00720	0.05737
4	0.02535	0.03154	0.02066	0.02036	0.07790	0.59199	0.01431	0.02746	0.02034	0.01884	0.01707	0.01871	0.06726	0.00851	0.00692	0.00199	0.01219	0.00586	0.00407	0.00867
5	0.20407	0.16440	0.01888	0.01168	0.01634	0.01721	0.00992	0.13806	0.01963	0.07993	0.12734	0.02464	0.04982	0.00922	0.00628	0.00208	0.00610	0.00695	0.04820	0.03926

[dist]
# distance from previous block
# <min> <max>
0	2

[block]
# block no. 7 follows, 27 sequences, length 8
# corresponding to MSA columns:
# 236-243
name=unknown_H
#
# <colnr> <probs for GDERKNQSTAVLIFYWHMCP>
#	G	D	E	R	K	N	Q	S	T	A	V	L	I	F	Y	W	H	M	C	P
0	0.01203	0.00878	0.01140	0.01195	0.01374	0.00874	0.00957	0.04615	0.05001	0.02535	0.22834	0.20211	0.04963	0.01846	0.00939	0.00292	0.00536	0.27152	0.00730	0.00723
1	0.01539	0.01319	0.01539	0.01100	0.01759	0.00990	0.00880	0.01869	0.01539	0.02419	0.01319	0.01539	0.01100	0.00550	0.00550	0.00110	0.00550	0.00440	0.00440	0.78449
2	0.00904	0.00646	0.00861	0.01034	0.01077	0.00603	0.00689	0.01034	0.01421	0.01895	0.04092	0.73426	0.04910	0.02326	0.00948	0.00301	0.00431	0.02110	0.00689	0.00603
3	0.01557	0.01659	0.03304	0.06327	0.03146	0.01686	0.41397	0.02016	0.01587	0.02176	0.01896	0.15199	0.01799	0.01046	0.01109	0.00270	0.11452	0.01060	0.00424	0.00890
4	0.01758	0.04964	0.01682	0.01415	0.01700	0.18045	0.03730	0.08148	0.01715	0.02185	0.01776	0.02379	0.01555	0.06015	0.28671	0.00614	0.01357	0.00691	0.10812	0.00790
5	0.01557	0.01417	0.01620	0.01484	0.01623	0.10748	0.01168	0.01765	0.01334	0.04831	0.01654	0.02455	0.01542	0.08313	0.34058	0.00734	0.21820	0.00729	0.00402	0.00744
6	0.01846	0.01595	0.01679	0.01511	0.01930	0.01846	0.01175	0.03945	0.67938	0.03105	0.03022	0.02770	0.02266	0.01007	0.00755	0.00252	0.00588	0.00839	0.00755	0.01175
7	0.02559	0.07139	0.02193	0.02008	0.06788	0.58445	0.01441	0.02766	0.02004	0.01859	0.01326	0.05484	0.01197	0.00840	0.00679	0.00198	0.01226	0.00579	0.00395	0.00873

[dist]
# distance from previous block
# <min> <max>
1	2

[block]
# block no. 8 follows, 27 sequences, length 7
# corresponding to MSA columns:
# 246-252
name=unknown_I
#
# <colnr> <probs for GDERKNQSTAVLIFYWHMCP>
#	G	D	E	R	K	N	Q	S	T	A	V	L	I	F	Y	W	H	M	C	P
0	0.01649	0.01336	0.01538	0.01374	0.01633	0.05926	0.01082	0.18225	0.01889	0.02553	0.05873	0.02703	0.01950	0.06402	0.38410	0.00764	0.04575	0.00780	0.00509	0.00830
1	0.01752	0.02003	0.04380	0.03129	0.03880	0.01877	0.66583	0.02378	0.01752	0.02378	0.01502	0.02003	0.01126	0.00626	0.00876	0.00250	0.01252	0.00876	0.00375	0.01001
2	0.00961	0.00755	0.00868	0.00840	0.01054	0.00662	0.00630	0.01228	0.01890	0.02476	0.37237	0.06370	0.38968	0.01705	0.00877	0.00242	0.00364	0.01458	0.00751	0.00662
3	0.02597	0.01939	0.02121	0.01656	0.02160	0.02177	0.01352	0.56819	0.03126	0.04210	0.01765	0.02010	0.01353	0.06608	0.01106	0.00269	0.06179	0.00699	0.00689	0.01165
4	0.08218	0.04970	0.12565	0.05417	0.02216	0.09540	0.03883	0.06311	0.01597	0.02296	0.01632	0.10048	0.01520	0.01218	0.03396	0.00284	0.18163	0.00771	0.05088	0.00868
5	0.02520	0.02160	0.02066	0.01780	0.05221	0.14500	0.01361	0.42566	0.05701	0.03698	0.02135	0.05848	0.05088	0.00992	0.00748	0.00224	0.00860	0.00766	0.00655	0.01113
6	0.14395	0.09556	0.22787	0.05947	0.12507	0.01704	0.01772	0.04681	0.01699	0.08684	0.07991	0.02016	0.01640	0.00796	0.00670	0.00224	0.00818	0.00632	0.00466	0.01014

[dist]
# distance from previous block
# <min> <max>
50	72

[block]
# block no. 9 follows, 27 sequences, length 22
# corresponding to MSA columns:
# 340-361
name=unknown_J
#
# <colnr> <probs for GDERKNQSTAVLIFYWHMCP>
#	G	D	E	R	K	N	Q	S	T	A	V	L	I	F	Y	W	H	M	C	P
0	0.12286	0.01758	0.08567	0.18243	0.22671	0.01697	0.01786	0.09583	0.05064	0.02761	0.07137	0.02110	0.01616	0.00803	0.00710	0.00232	0.00818	0.00682	0.00466	0.01009
1	0.01464	0.01424	0.03774	0.08265	0.02258	0.07070	0.10417	0.02036	0.08449	0.02410	0.15470	0.04952	0.05206	0.01369	0.00879	0.00272	0.00778	0.22084	0.00604	0.00819
2	0.01613	0.01028	0.01257	0.01199	0.03697	0.01007	0.00866	0.03647	0.11276	0.13993	0.19974	0.04651	0.12874	0.14854	0.01376	0.00333	0.00551	0.04252	0.00715	0.00837
3	0.08632	0.04501	0.06743	0.04496	0.22026	0.17752	0.01721	0.11060	0.03526	0.02589	0.01461	0.01913	0.01222	0.00832	0.00815	0.00228	0.05748	0.03276	0.00443	0.01017
4	0.53347	0.01485	0.01414	0.11851	0.05346	0.05061	0.01106	0.02111	0.01353	0.02861	0.01180	0.01503	0.00946	0.01111	0.06470	0.00311	0.00809	0.00490	0.00427	0.00816
5	0.01780	0.11851	0.26464	0.01899	0.05379	0.04271	0.04587	0.08957	0.01795	0.05115	0.01985	0.04217	0.04821	0.00989	0.00877	0.00242	0.06950	0.06370	0.00453	0.00997
6	0.02068	0.03720	0.01991	0.04918	0.08712	0.04164	0.01336	0.31177	0.04698	0.03242	0.01995	0.10205	0.01753	0.01659	0.10615	0.00361	0.00947	0.00831	0.00593	0.05015
7	0.02207	0.01837	0.01903	0.06266	0.02202	0.08333	0.01289	0.35131	0.05983	0.03404	0.02421	0.08323	0.07848	0.01091	0.00840	0.00232	0.04297	0.00851	0.00637	0.04905
8	0.02197	0.01694	0.01992	0.01560	0.02038	0.01808	0.05004	0.38049	0.05957	0.03518	0.01848	0.02331	0.01523	0.12370	0.03674	0.00326	0.02766	0.00731	0.00618	0.09997
9	0.01648	0.01822	0.11132	0.04411	0.02660	0.01484	0.21229	0.10651	0.01855	0.02589	0.01996	0.13753	0.01855	0.00996	0.00786	0.00229	0.00870	0.03454	0.00491	0.16087
10	0.61003	0.13897	0.01632	0.01089	0.01573	0.06517	0.00925	0.02241	0.01361	0.02962	0.01041	0.01212	0.00839	0.00685	0.00476	0.00215	0.00663	0.00406	0.00430	0.00833
11	0.04860	0.01057	0.01217	0.01113	0.01383	0.01035	0.00827	0.13252	0.01910	0.02684	0.13970	0.28060	0.07534	0.06837	0.01030	0.00276	0.00527	0.01329	0.00661	0.10441
12	0.01537	0.01571	0.03025	0.02267	0.02817	0.01470	0.37648	0.02011	0.01696	0.02364	0.08304	0.08888	0.02219	0.00972	0.00910	0.00242	0.03966	0.05198	0.00473	0.12423
13	0.09587	0.02117	0.01982	0.02047	0.12533	0.21181	0.01404	0.16018	0.05376	0.02806	0.04762	0.06622	0.01814	0.01007	0.00797	0.00232	0.03759	0.04450	0.00536	0.00970
14	0.00959	0.00712	0.00882	0.00987	0.01100	0.00657	0.00708	0.01130	0.01528	0.01976	0.07654	0.39505	0.20455	0.08178	0.01176	0.00327	0.00472	0.10309	0.00674	0.00611
15	0.02019	0.01627	0.01925	0.01635	0.02083	0.01833	0.05581	0.07803	0.50808	0.08723	0.02741	0.02583	0.02031	0.00980	0.00836	0.00251	0.03842	0.00814	0.00724	0.01160
16	0.04478	0.02069	0.11738	0.17133	0.08123	0.01855	0.29384	0.11316	0.01897	0.02634	0.01459	0.01873	0.01086	0.00702	0.00784	0.00241	0.01068	0.00730	0.00412	0.01018
17	0.00940	0.00785	0.00824	0.00817	0.01063	0.00684	0.00619	0.01216	0.04040	0.02155	0.13849	0.06858	0.58009	0.01816	0.00878	0.00252	0.00390	0.03446	0.00705	0.00655
18	0.02667	0.01940	0.02112	0.01608	0.02210	0.02070	0.01324	0.55173	0.03163	0.07117	0.01767	0.01780	0.01264	0.00845	0.00716	0.00208	0.00772	0.00640	0.00708	0.11915
19	0.02196	0.01484	0.01698	0.01418	0.01817	0.01594	0.01118	0.32732	0.06882	0.11323	0.02413	0.12966	0.02124	0.07641	0.08694	0.00384	0.00842	0.00951	0.00695	0.01026
20	0.05688	0.01341	0.01519	0.01428	0.04511	0.01415	0.01078	0.17747	0.14415	0.03046	0.08793	0.08740	0.10320	0.03837	0.00903	0.00265	0.00614	0.08859	0.00679	0.04803
21	0.09282	0.01386	0.01616	0.01334	0.01698	0.01485	0.01061	0.17717	0.02011	0.13361	0.07152	0.07140	0.02095	0.08255	0.01253	0.00281	0.10737	0.00818	0.02480	0.08837

[dist]
# distance from previous block
# <min> <max>
0	1

[block]
# block no. 10 follows, 27 sequences, length 18
# corresponding to MSA columns:
# 363-380
name=unknown_K
#
# <colnr> <probs for GDERKNQSTAVLIFYWHMCP>
#	G	D	E	R	K	N	Q	S	T	A	V	L	I	F	Y	W	H	M	C	P
0	0.11265	0.06812	0.34588	0.03979	0.09566	0.01738	0.02004	0.06032	0.04827	0.06075	0.03316	0.01918	0.03190	0.00785	0.00682	0.00229	0.00887	0.00616	0.00437	0.01052
1	0.04402	0.34610	0.11436	0.01650	0.04592	0.11757	0.01511	0.12176	0.03949	0.05600	0.01362	0.01482	0.01084	0.00727	0.00602	0.00193	0.00893	0.00508	0.00437	0.01030
2	0.05618	0.07465	0.01935	0.01493	0.05326	0.03454	0.01164	0.14083	0.02220	0.36828	0.05142	0.02663	0.07364	0.00966	0.00726	0.00223	0.00677	0.00769	0.00755	0.01131
3	0.29063	0.12405	0.01922	0.01484	0.06709	0.01762	0.03441	0.08500	0.07520	0.06333	0.02015	0.07111	0.04907	0.00920	0.00624	0.00225	0.00655	0.00711	0.02758	0.00935
4	0.60736	0.05213	0.01512	0.01522	0.11651	0.01708	0.01041	0.02159	0.01356	0.03065	0.01321	0.01514	0.03319	0.00725	0.00517	0.00225	0.00625	0.00483	0.00447	0.00861
5	0.02632	0.03271	0.02241	0.02310	0.12373	0.60524	0.01561	0.02861	0.02042	0.01908	0.01185	0.01414	0.00989	0.00749	0.00679	0.00196	0.01270	0.00506	0.00380	0.00908
6	0.01051	0.00759	0.00992	0.00934	0.01109	0.00700	0.00700	0.01401	0.02101	0.02977	0.68888	0.05545	0.07005	0.01518	0.00876	0.00233	0.00350	0.01343	0.00817	0.00700
7	0.01539	0.01499	0.02111	0.01835	0.01855	0.02071	0.01519	0.01717	0.01145	0.01777	0.01127	0.01819	0.01107	0.01942	0.12747	0.00455	0.61935	0.00672	0.00336	0.00790
8	0.02698	0.02018	0.02158	0.01683	0.02255	0.02244	0.01381	0.58786	0.11711	0.04478	0.01940	0.01908	0.01391	0.00906	0.00744	0.00226	0.00788	0.00690	0.00744	0.01251
9	0.67469	0.01797	0.11468	0.01148	0.01703	0.01674	0.01096	0.02208	0.01309	0.03183	0.01079	0.01260	0.00824	0.00692	0.00496	0.00231	0.00653	0.00424	0.00437	0.00848
10	0.07586	0.01252	0.01660	0.01303	0.01850	0.01112	0.01080	0.03429	0.02054	0.62531	0.02871	0.02748	0.01902	0.00963	0.00744	0.00235	0.00631	0.03959	0.00880	0.01207
11	0.01464	0.01235	0.01443	0.01124	0.01664	0.01001	0.00874	0.01912	0.07170	0.02393	0.01909	0.13172	0.01810	0.00874	0.00631	0.00153	0.00534	0.00742	0.00507	0.59390
12	0.01539	0.01319	0.01539	0.01100	0.01759	0.00990	0.00880	0.01869	0.01539	0.02419	0.01319	0.01539	0.01100	0.00550	0.00550	0.00110	0.00550	0.00440	0.00440	0.78449
13	0.01539	0.01319	0.01539	0.01100	0.01759	0.00990	0.00880	0.01869	0.01539	0.02419	0.01319	0.01539	0.01100	0.00550	0.00550	0.00110	0.00550	0.00440	0.00440	0.78449
14	0.01289	0.00645	0.00967	0.00967	0.00967	0.00645	0.00645	0.00967	0.00967	0.01289	0.01289	0.02257	0.01289	0.02579	0.02901	0.78401	0.00645	0.00645	0.00322	0.00322
15	0.00988	0.00699	0.00819	0.00880	0.00933	0.00665	0.00551	0.01061	0.01292	0.01685	0.03736	0.29337	0.13449	0.37876	0.02346	0.00502	0.00566	0.01516	0.00570	0.00530
16	0.02072	0.22071	0.30181	0.01789	0.02548	0.17907	0.01906	0.06223	0.01810	0.05194	0.01308	0.01471	0.01006	0.00721	0.00641	0.00204	0.01036	0.00508	0.00382	0.01022
17	0.05294	0.01619	0.07162	0.01581	0.05389	0.01455	0.01290	0.13133	0.12141	0.30613	0.10115	0.02636	0.02267	0.00959	0.00748	0.00232	0.00669	0.00785	0.00762	0.01151

[dist]
# distance from previous block
# <min> <max>
12	24

[block]
# block no. 11 follows, 27 sequences, length 27
# corresponding to MSA columns:
# 405-431
name=unknown_L
#
# <colnr> <probs for GDERKNQSTAVLIFYWHMCP>
#	G	D	E	R	K	N	Q	S	T	A	V	L	I	F	Y	W	H	M	C	P
0	0.32683	0.01672	0.04152	0.07533	0.16446	0.04011	0.05591	0.04918	0.01611	0.04892	0.03756	0.01714	0.01225	0.00722	0.00624	0.00221	0.00761	0.00574	0.00455	0.06440
1	0.05054	0.01764	0.02681	0.06261	0.53410	0.05432	0.02009	0.02238	0.01692	0.02431	0.03777	0.01901	0.01345	0.00694	0.00712	0.00213	0.00856	0.00650	0.00392	0.06488
2	0.04904	0.01881	0.02281	0.04898	0.21679	0.06180	0.01614	0.25792	0.11053	0.03248	0.01739	0.01945	0.01349	0.01087	0.04606	0.00281	0.03108	0.00674	0.00558	0.01123
3	0.02083	0.01792	0.02394	0.14941	0.27003	0.05157	0.01778	0.23905	0.02265	0.03053	0.01651	0.04844	0.01345	0.00835	0.00737	0.00226	0.00862	0.00716	0.03328	0.01087
4	0.01784	0.01688	0.02861	0.04290	0.63607	0.01688	0.02188	0.02216	0.01692	0.02408	0.01609	0.02385	0.01435	0.00778	0.00759	0.00231	0.00865	0.05989	0.00394	0.01135
5	0.00904	0.00646	0.00861	0.01034	0.01077	0.00603	0.00689	0.01034	0.01421	0.01895	0.04092	0.73426	0.04910	0.02326	0.00948	0.00301	0.00431	0.02110	0.00689	0.00603
6	0.02773	0.03538	0.02104	0.01913	0.02295	0.70930	0.01434	0.02964	0.02104	0.01817	0.01148	0.01339	0.00956	0.00765	0.00669	0.00191	0.01339	0.00478	0.00383	0.00861
7	0.01539	0.01319	0.01539	0.01100	0.01759	0.00990	0.00880	0.01869	0.01539	0.02419	0.01319	0.01539	0.01100	0.00550	0.00550	0.00110	0.00550	0.00440	0.00440	0.78449
8	0.02233	0.02646	0.05830	0.03273	0.36564	0.32270	0.01928	0.02584	0.01867	0.02153	0.01284	0.01604	0.01068	0.00709	0.00705	0.00208	0.01094	0.00575	0.00372	0.01033
9	0.01402	0.01319	0.02227	0.72126	0.05113	0.01649	0.02062	0.01897	0.01484	0.01897	0.01319	0.01979	0.00990	0.00742	0.00742	0.00247	0.00990	0.00660	0.00330	0.00825
10	0.01041	0.00758	0.00979	0.00924	0.01103	0.00696	0.00693	0.01383	0.02079	0.02924	0.65544	0.05632	0.10381	0.01537	0.00876	0.00234	0.00352	0.01355	0.00810	0.00696
11	0.79154	0.01436	0.01091	0.00976	0.01436	0.01665	0.00804	0.02182	0.01263	0.03331	0.01034	0.01206	0.00804	0.00689	0.00459	0.00230	0.00574	0.00402	0.00459	0.00804
