[name]
unknown

[dist]
# distance from previous block
# <min> <max>
8	11

[block]
# block no. 0 follows, 20 sequences, length 6
# corresponding to MSA columns:
# 127-132
name=unknown_A
#
# <colnr> <probs for GDERKNQSTAVLIFYWHMCP>
#	G	D	E	R	K	N	Q	S	T	A	V	L	I	F	Y	W	H	M	C	P
0	0.01492	0.01114	0.01550	0.01783	0.08896	0.01167	0.01148	0.01912	0.09785	0.02286	0.03201	0.17360	0.07052	0.03154	0.15702	0.18664	0.01049	0.01273	0.00596	0.00817
1	0.09938	0.01607	0.01719	0.01436	0.01957	0.01629	0.01129	0.14619	0.12217	0.03603	0.02554	0.11337	0.02242	0.01163	0.00780	0.00239	0.00674	0.00947	0.09477	0.20734
2	0.01575	0.01485	0.01737	0.09837	0.10518	0.08837	0.01344	0.01902	0.02030	0.02583	0.16308	0.21806	0.13137	0.01748	0.00981	0.00293	0.00756	0.01531	0.00695	0.00896
3	0.02187	0.02180	0.02410	0.33190	0.08885	0.17219	0.01966	0.06591	0.02112	0.02620	0.01722	0.02241	0.01339	0.00903	0.00815	0.00258	0.01135	0.00730	0.10469	0.01026
4	0.02588	0.02369	0.02090	0.01802	0.02212	0.18309	0.01421	0.17912	0.11162	0.03460	0.02165	0.02364	0.01688	0.01080	0.01035	0.00259	0.09055	0.00761	0.17134	0.01134
5	0.02118	0.02118	0.03365	0.12293	0.42376	0.05551	0.06105	0.02602	0.01908	0.02641	0.01562	0.02130	0.01309	0.00884	0.01113	0.00278	0.09199	0.00779	0.00422	0.01247

[dist]
# distance from previous block
# <min> <max>
7	16

[block]
# block no. 1 follows, 20 sequences, length 8
# corresponding to MSA columns:
# 150-157
name=unknown_B
#
# <colnr> <probs for GDERKNQSTAVLIFYWHMCP>
#	G	D	E	R	K	N	Q	S	T	A	V	L	I	F	Y	W	H	M	C	P
0	0.02132	0.12322	0.39227	0.07632	0.03544	0.07147	0.02617	0.10255	0.02164	0.02932	0.01571	0.01837	0.01162	0.00855	0.00800	0.00260	0.01212	0.00644	0.00442	0.01245
1	0.01862	0.01665	0.02616	0.58844	0.05582	0.02037	0.02324	0.09798	0.02048	0.02650	0.01620	0.02296	0.01204	0.00895	0.00872	0.00287	0.01137	0.00777	0.00450	0.01035
2	0.01727	0.01204	0.01388	0.01276	0.01478	0.01279	0.00905	0.14813	0.02020	0.02785	0.02815	0.12505	0.02913	0.31215	0.11633	0.00680	0.01005	0.01233	0.06298	0.00824
3	0.05398	0.30484	0.17111	0.01726	0.02459	0.07370	0.01761	0.06978	0.02067	0.02720	0.08906	0.02379	0.02084	0.04099	0.00896	0.00260	0.00986	0.00709	0.00501	0.01106
4	0.07865	0.02022	0.02505	0.21727	0.15951	0.07316	0.01939	0.13274	0.07360	0.03201	0.02348	0.02657	0.06122	0.01010	0.00851	0.00273	0.01002	0.00835	0.00576	0.01165
5	0.02024	0.02020	0.02079	0.01879	0.02130	0.13438	0.01484	0.02828	0.16814	0.02557	0.05747	0.02807	0.02178	0.02500	0.16426	0.00561	0.20061	0.00870	0.00574	0.01022
6	0.02066	0.01771	0.02283	0.07161	0.05529	0.01635	0.04176	0.11506	0.02161	0.03172	0.01630	0.01943	0.01310	0.00781	0.00837	0.00190	0.04093	0.00629	0.00548	0.46576
7	0.01413	0.01012	0.01206	0.01240	0.01378	0.01011	0.00848	0.09248	0.01915	0.02543	0.04152	0.41505	0.07520	0.18576	0.01881	0.00458	0.00646	0.01927	0.00750	0.00770

[dist]
# distance from previous block
# <min> <max>
12	38

[block]
# block no. 2 follows, 20 sequences, length 8
# corresponding to MSA columns:
# 196-199,201-204
name=unknown_C
#
# <colnr> <probs for GDERKNQSTAVLIFYWHMCP>
#	G	D	E	R	K	N	Q	S	T	A	V	L	I	F	Y	W	H	M	C	P
0	0.01811	0.01557	0.01966	0.02278	0.13843	0.01671	0.01477	0.03121	0.29482	0.03046	0.03968	0.14674	0.08643	0.01569	0.00964	0.00309	0.00716	0.06978	0.00772	0.01157
1	0.01645	0.01416	0.01898	0.01636	0.01897	0.01633	0.01322	0.01941	0.01514	0.02350	0.01766	0.02483	0.01604	0.02908	0.22768	0.00639	0.24329	0.00761	0.06049	0.19441
2	0.06155	0.01771	0.02723	0.36395	0.19446	0.01995	0.02234	0.08413	0.02088	0.07928	0.01765	0.02265	0.01319	0.00880	0.00852	0.00277	0.01050	0.00769	0.00512	0.01164
3	0.01211	0.00873	0.01145	0.01114	0.01298	0.00807	0.00821	0.01587	0.02359	0.03323	0.55353	0.15105	0.07891	0.01914	0.01040	0.00285	0.00425	0.01702	0.00939	0.00807
4	0.01980	0.01620	0.01865	0.01398	0.02096	0.01365	0.01112	0.11379	0.02158	0.03206	0.01928	0.07854	0.01723	0.00896	0.00724	0.00170	0.00683	0.00735	0.00599	0.56509
5	0.01164	0.00957	0.01035	0.01022	0.01297	0.00868	0.00763	0.01599	0.07017	0.02660	0.17992	0.12402	0.43933	0.02089	0.01025	0.00296	0.00462	0.01773	0.00844	0.00803
6	0.06662	0.02650	0.02098	0.02025	0.06881	0.27507	0.01450	0.12162	0.07842	0.03196	0.02009	0.02213	0.01574	0.00959	0.00762	0.00237	0.01050	0.00702	0.16920	0.01099
7	0.02117	0.01874	0.01963	0.01489	0.02204	0.06241	0.01185	0.08947	0.08172	0.03160	0.01795	0.01967	0.01438	0.00762	0.00705	0.00167	0.00754	0.00596	0.00588	0.53877

[dist]
# distance from previous block
# <min> <max>
100	291

[block]
# block no. 3 follows, 20 sequences, length 9
# corresponding to MSA columns:
# 571-579
name=unknown_D
#
# <colnr> <probs for GDERKNQSTAVLIFYWHMCP>
#	G	D	E	R	K	N	Q	S	T	A	V	L	I	F	Y	W	H	M	C	P
0	0.15138	0.02281	0.02355	0.01850	0.02508	0.02546	0.01522	0.47642	0.07516	0.05114	0.02045	0.02059	0.01473	0.01017	0.00819	0.00265	0.00895	0.00747	0.00819	0.01388
1	0.13936	0.01118	0.01077	0.00996	0.01285	0.01188	0.00760	0.07774	0.01944	0.03444	0.02495	0.03049	0.02031	0.06877	0.00954	0.00275	0.00542	0.00793	0.48586	0.00875
2	0.03127	0.02349	0.02511	0.01969	0.02633	0.02617	0.01612	0.51706	0.13698	0.05193	0.02334	0.02285	0.01678	0.01070	0.00875	0.00267	0.00915	0.00818	0.00875	0.01466
3	0.03316	0.02443	0.02618	0.02007	0.02705	0.02705	0.01658	0.60995	0.04101	0.05497	0.02094	0.02094	0.01483	0.01047	0.00873	0.00262	0.00960	0.00785	0.00873	0.01483
4	0.01246	0.00935	0.01402	0.01402	0.01558	0.01090	0.01090	0.01558	0.01402	0.02025	0.02336	0.03427	0.02181	0.06542	0.65888	0.01402	0.02336	0.00935	0.00467	0.00779
5	0.01246	0.00935	0.01402	0.01402	0.01558	0.01090	0.01090	0.01558	0.01402	0.02025	0.02336	0.03427	0.02181	0.06542	0.65888	0.01402	0.02336	0.00935	0.00467	0.00779
6	0.03165	0.02368	0.02533	0.01976	0.02648	0.02635	0.01621	0.53570	0.11772	0.05254	0.02286	0.02247	0.01639	0.01065	0.00875	0.00266	0.00924	0.00812	0.00875	0.01470
7	0.01570	0.00953	0.01230	0.01213	0.01424	0.00860	0.00857	0.01788	0.01873	0.11034	0.13760	0.35899	0.04988	0.11079	0.01475	0.00378	0.00579	0.01798	0.00812	0.06430
8	0.08145	0.02248	0.02440	0.01882	0.02566	0.02440	0.01554	0.48565	0.03686	0.14331	0.02241	0.02182	0.01550	0.01036	0.00851	0.00264	0.00908	0.00779	0.00882	0.01448

[dist]
# distance from previous block
# <min> <max>
0	1

[block]
# block no. 4 follows, 20 sequences, length 6
# corresponding to MSA columns:
# 581-586
name=unknown_E
#
# <colnr> <probs for GDERKNQSTAVLIFYWHMCP>
#	G	D	E	R	K	N	Q	S	T	A	V	L	I	F	Y	W	H	M	C	P
0	0.02642	0.02129	0.02171	0.01837	0.02352	0.06976	0.01462	0.33225	0.15262	0.04228	0.02871	0.12903	0.02524	0.01388	0.00922	0.00287	0.00874	0.03841	0.00831	0.01275
1	0.54382	0.02011	0.01654	0.07227	0.02276	0.08887	0.01223	0.08131	0.01860	0.03722	0.01342	0.01578	0.01034	0.00847	0.00627	0.00266	0.00841	0.00538	0.00548	0.01005
2	0.08264	0.45525	0.21502	0.01747	0.02632	0.02920	0.01941	0.02651	0.01768	0.02410	0.01314	0.01527	0.01101	0.00775	0.00635	0.00219	0.01013	0.00518	0.00386	0.01153
3	0.01323	0.00928	0.01087	0.01119	0.01203	0.00920	0.00719	0.05441	0.01656	0.02193	0.03802	0.28823	0.07397	0.36260	0.02773	0.00593	0.00706	0.01713	0.00672	0.00673
4	0.01856	0.21791	0.42273	0.02081	0.03116	0.02292	0.02519	0.02611	0.01885	0.02643	0.07587	0.02184	0.01813	0.00901	0.00776	0.00252	0.01106	0.00689	0.00428	0.01197
5	0.02588	0.08888	0.02356	0.01748	0.02245	0.11092	0.01404	0.29822	0.02892	0.03681	0.02445	0.07628	0.04370	0.06428	0.08081	0.00420	0.01128	0.00941	0.00690	0.01152

[dist]
# distance from previous block
# <min> <max>
11	76

[block]
# block no. 5 follows, 20 sequences, length 15
# corresponding to MSA columns:
# 680-694
name=unknown_F
#
# <colnr> <probs for GDERKNQSTAVLIFYWHMCP>
#	G	D	E	R	K	N	Q	S	T	A	V	L	I	F	Y	W	H	M	C	P
0	0.08971	0.16650	0.06504	0.05941	0.02586	0.09364	0.01644	0.08674	0.07939	0.08114	0.01834	0.02073	0.01448	0.01324	0.04885	0.00332	0.09320	0.00690	0.00563	0.01145
1	0.08934	0.01129	0.01615	0.19463	0.02603	0.01303	0.01293	0.01708	0.01413	0.02128	0.01629	0.02505	0.01442	0.02259	0.06519	0.33655	0.03496	0.00750	0.05477	0.00678
2	0.02185	0.26188	0.28528	0.02095	0.02936	0.11972	0.02269	0.02745	0.01856	0.02358	0.01368	0.01660	0.01117	0.00888	0.00955	0.00250	0.08506	0.00585	0.00383	0.01154
3	0.01854	0.01650	0.01695	0.04212	0.07943	0.12615	0.01235	0.05937	0.01940	0.02417	0.03129	0.21919	0.07533	0.01961	0.01433	0.15186	0.00844	0.01312	0.04353	0.00833
4	0.01548	0.01369	0.02210	0.37654	0.10761	0.01563	0.01928	0.02029	0.01890	0.02519	0.11968	0.12154	0.03127	0.01336	0.00946	0.00299	0.00923	0.04268	0.00562	0.00948
5	0.01982	0.01892	0.03221	0.26728	0.43910	0.02026	0.02589	0.02522	0.01903	0.02635	0.01610	0.02216	0.01306	0.00810	0.00867	0.00270	0.01080	0.00777	0.00417	0.01239
6	0.02511	0.02439	0.03015	0.10144	0.33234	0.13214	0.02228	0.13553	0.05511	0.03190	0.01762	0.02118	0.01399	0.00878	0.00854	0.00259	0.01110	0.00752	0.00534	0.01295
7	0.03229	0.02400	0.02569	0.01989	0.02672	0.02664	0.01637	0.56711	0.08527	0.05357	0.02205	0.02182	0.01573	0.01057	0.00874	0.00264	0.00939	0.00801	0.00874	0.01476
8	0.01790	0.04271	0.58763	0.02770	0.09723	0.02030	0.03169	0.02754	0.01856	0.02771	0.01573	0.01873	0.01132	0.00824	0.00832	0.00275	0.01264	0.00658	0.00375	0.01298
9	0.02280	0.02301	0.03423	0.05013	0.57184	0.09073	0.02568	0.02766	0.02040	0.02771	0.01609	0.02095	0.01353	0.00791	0.00855	0.00255	0.01095	0.00754	0.00434	0.01341
10	0.02052	0.01980	0.03427	0.17722	0.49610	0.02051	0.05222	0.02592	0.01941	0.02722	0.01628	0.02201	0.01335	0.00794	0.00873	0.00267	0.01081	0.00788	0.00423	0.01290
11	0.01277	0.00841	0.01067	0.01163	0.01300	0.00768	0.00803	0.01458	0.01798	0.06569	0.08696	0.47269	0.14388	0.06696	0.01290	0.00366	0.00528	0.02141	0.00819	0.00762
12	0.02009	0.01714	0.06061	0.01565	0.02040	0.01639	0.01310	0.09498	0.24819	0.07572	0.24144	0.04347	0.06791	0.01386	0.00936	0.00282	0.00658	0.01173	0.00884	0.01174
13	0.05519	0.23534	0.39670	0.02065	0.03116	0.02394	0.02470	0.02811	0.01850	0.06867	0.01574	0.01769	0.01175	0.00821	0.00739	0.00249	0.01117	0.00600	0.00427	0.01236
14	0.07561	0.01845	0.07017	0.02141	0.02755	0.01626	0.21739	0.02571	0.08680	0.06128	0.12078	0.04207	0.15305	0.01266	0.00954	0.00287	0.00912	0.01191	0.00674	0.01064

[dist]
# distance from previous block
# <min> <max>
23	29

[block]
# block no. 6 follows, 20 sequences, length 11
# corresponding to MSA columns:
# 724-734
name=unknown_G
#
# <colnr> <probs for GDERKNQSTAVLIFYWHMCP>
#	G	D	E	R	K	N	Q	S	T	A	V	L	I	F	Y	W	H	M	C	P
0	0.02948	0.02182	0.02353	0.01852	0.02451	0.02404	0.01499	0.48852	0.07576	0.04959	0.06416	0.02739	0.02145	0.06167	0.01149	0.00308	0.00896	0.00888	0.00854	0.01361
1	0.24813	0.02350	0.01987	0.05650	0.02431	0.15984	0.01391	0.17173	0.07642	0.03704	0.04705	0.02353	0.04303	0.01026	0.00768	0.00263	0.00950	0.00738	0.00652	0.01116
2	0.02590	0.01779	0.02039	0.01665	0.02142	0.01927	0.01327	0.33718	0.03011	0.09323	0.06877	0.03166	0.02368	0.10082	0.13391	0.00543	0.01143	0.00936	0.00781	0.01192
3	0.10565	0.05276	0.02783	0.10948	0.03071	0.02290	0.10341	0.15459	0.06151	0.03288	0.01941	0.07034	0.01666	0.01162	0.01245	0.00300	0.13871	0.00903	0.00582	0.01123
4	0.02181	0.09942	0.03442	0.04405	0.48126	0.02247	0.02358	0.02942	0.10375	0.02868	0.01857	0.02223	0.01530	0.00830	0.00832	0.00256	0.00976	0.00770	0.00489	0.01351
5	0.02058	0.02201	0.04389	0.08367	0.15738	0.02158	0.40455	0.02889	0.07193	0.02838	0.01879	0.02391	0.01438	0.00791	0.00975	0.00287	0.01299	0.00960	0.00474	0.01218
6	0.01194	0.00877	0.01123	0.01133	0.01272	0.00880	0.00807	0.01420	0.01705	0.02313	0.15784	0.12964	0.13723	0.19080	0.21024	0.00753	0.01098	0.01462	0.00673	0.00714
7	0.05691	0.32361	0.05564	0.04078	0.02220	0.02557	0.01458	0.07289	0.01877	0.02524	0.05581	0.02523	0.01900	0.10658	0.01490	0.00329	0.09657	0.00738	0.00486	0.01018
8	0.11488	0.38101	0.12113	0.01588	0.02318	0.02689	0.01604	0.07570	0.02028	0.02856	0.08588	0.02120	0.01955	0.00913	0.00677	0.00227	0.00892	0.00649	0.00505	0.01118
9	0.01975	0.02963	0.29370	0.06026	0.21809	0.01932	0.02568	0.02897	0.08336	0.05687	0.06296	0.02493	0.01912	0.00932	0.00864	0.00273	0.01056	0.00804	0.00518	0.01288
10	0.20607	0.10583	0.16045	0.02906	0.20798	0.07779	0.04285	0.02734	0.01850	0.02941	0.01447	0.01773	0.01158	0.00802	0.00739	0.00255	0.01050	0.00627	0.00441	0.01182

[dist]
# distance from previous block
# <min> <max>
21	36

[block]
# block no. 7 follows, 20 sequences, length 18
# corresponding to MSA columns:
# 773-790
name=unknown_H
#
# <colnr> <probs for GDERKNQSTAVLIFYWHMCP>
#	G	D	E	R	K	N	Q	S	T	A	V	L	I	F	Y	W	H	M	C	P
0	0.01925	0.10844	0.01950	0.01380	0.01692	0.01651	0.01083	0.09197	0.01985	0.08332	0.03669	0.11110	0.13674	0.18005	0.01972	0.00423	0.08283	0.01236	0.00666	0.00923
1	0.09135	0.01636	0.01810	0.06049	0.02270	0.04588	0.01324	0.09345	0.15582	0.11696	0.14400	0.05923	0.03534	0.01378	0.00915	0.00292	0.00753	0.07413	0.00827	0.01131
2	0.01768	0.18520	0.32562	0.01990	0.02803	0.02162	0.02238	0.02385	0.01718	0.02409	0.01853	0.08224	0.01682	0.01746	0.08980	0.00410	0.06198	0.00821	0.00424	0.01108
3	0.01849	0.01420	0.01613	0.06262	0.02092	0.01489	0.01165	0.10304	0.17782	0.06635	0.09114	0.09369	0.24105	0.01636	0.00958	0.00291	0.00647	0.01373	0.00832	0.01064
4	0.02406	0.02563	0.13365	0.02302	0.03030	0.02290	0.11544	0.23288	0.05969	0.03700	0.01835	0.02099	0.01389	0.00986	0.01142	0.00272	0.10358	0.00778	0.00607	0.10076
5	0.01784	0.12337	0.46949	0.02405	0.07449	0.02090	0.02725	0.02596	0.01856	0.02640	0.02208	0.02422	0.06987	0.00944	0.00816	0.00265	0.01147	0.00743	0.00415	0.01222
6	0.02045	0.01426	0.01556	0.01317	0.01747	0.01416	0.01034	0.20239	0.02681	0.09206	0.09513	0.05610	0.30632	0.06167	0.01193	0.00317	0.00657	0.01365	0.00846	0.01032
7	0.11167	0.01880	0.02698	0.02147	0.02572	0.02154	0.12897	0.11693	0.01998	0.03098	0.01651	0.02172	0.01373	0.01632	0.08001	0.00410	0.21805	0.00785	0.03917	0.05950
8	0.24305	0.07855	0.01935	0.08076	0.02226	0.01854	0.01252	0.07874	0.02069	0.07487	0.14517	0.02891	0.02729	0.01114	0.00890	0.00267	0.05176	0.00831	0.05634	0.01016
9	0.02436	0.17109	0.02734	0.04641	0.06974	0.18261	0.01542	0.12682	0.02387	0.02871	0.04857	0.11540	0.02207	0.01171	0.00812	0.00244	0.01016	0.00923	0.00581	0.05012
10	0.02387	0.28425	0.11032	0.11366	0.05939	0.11625	0.01934	0.09396	0.05372	0.02687	0.01567	0.01823	0.01260	0.00855	0.00736	0.00236	0.01095	0.00624	0.00472	0.01171
11	0.10692	0.01629	0.03564	0.01481	0.01972	0.01625	0.01215	0.13858	0.12291	0.12976	0.21210	0.04007	0.07196	0.01326	0.00892	0.00275	0.00667	0.01088	0.00876	0.01160
12	0.12896	0.07930	0.35958	0.05869	0.15520	0.02118	0.02616	0.02680	0.01808	0.02878	0.01503	0.01834	0.01140	0.00812	0.00776	0.00266	0.01116	0.00639	0.00408	0.01229
13	0.02201	0.01991	0.06357	0.10730	0.07077	0.02057	0.01723	0.04029	0.41697	0.07866	0.03014	0.02941	0.02235	0.01083	0.00879	0.00289	0.00820	0.00913	0.00770	0.01328
14	0.06580	0.14306	0.02475	0.01778	0.03929	0.10146	0.01408	0.06805	0.25686	0.09313	0.02934	0.02829	0.06004	0.01088	0.00804	0.00260	0.00856	0.00840	0.00722	0.01237
15	0.02772	0.02044	0.02279	0.01839	0.02391	0.02265	0.01493	0.45711	0.03426	0.04619	0.02324	0.06856	0.01905	0.02200	0.13185	0.00484	0.01190	0.00928	0.00792	0.01298
16	0.12148	0.01958	0.06574	0.06765	0.03269	0.01835	0.26085	0.07348	0.02005	0.02976	0.02257	0.14796	0.02115	0.01272	0.01052	0.03731	0.01069	0.01155	0.00551	0.01037
17	0.02633	0.02474	0.06745	0.02058	0.02674	0.09388	0.05564	0.27694	0.15936	0.03956	0.02296	0.02440	0.01742	0.01654	0.08322	0.00399	0.01184	0.00828	0.00719	0.01294

[dist]
# distance from previous block
# <min> <max>
30	104

[block]
# block no. 8 follows, 20 sequences, length 6
# corresponding to MSA columns:
# 942-947
name=unknown_I
#
# <colnr> <probs for GDERKNQSTAVLIFYWHMCP>
#	G	D	E	R	K	N	Q	S	T	A	V	L	I	F	Y	W	H	M	C	P
0	0.01977	0.02218	0.13862	0.29500	0.04119	0.02018	0.02176	0.13478	0.07510	0.03041	0.01925	0.02406	0.01466	0.01598	0.08588	0.00415	0.01246	0.00791	0.00529	0.01138
1	0.08459	0.01483	0.02052	0.01843	0.02235	0.01531	0.09043	0.13707	0.02323	0.03257	0.03472	0.17405	0.03604	0.01835	0.01039	0.00339	0.00855	0.23786	0.00747	0.00983
2	0.02231	0.02147	0.07107	0.14779	0.21928	0.04653	0.02080	0.16949	0.02429	0.03237	0.02358	0.02715	0.06924	0.01133	0.01028	0.04685	0.01011	0.00855	0.00561	0.01193
3	0.02410	0.11295	0.02629	0.02412	0.13576	0.20562	0.01636	0.09655	0.05742	0.02760	0.02661	0.02869	0.09512	0.01567	0.06662	0.00349	0.01189	0.00840	0.00560	0.01114
4	0.02155	0.01772	0.03195	0.05467	0.14303	0.01754	0.21211	0.02684	0.05023	0.10664	0.02309	0.05476	0.01952	0.01311	0.01332	0.09032	0.03629	0.05046	0.00574	0.01110
5	0.11053	0.03198	0.31690	0.01983	0.02829	0.07517	0.02162	0.10191	0.02264	0.03340	0.12957	0.02659	0.02447	0.01037	0.00832	0.00269	0.01034	0.00806	0.00571	0.01162

[dist]
# distance from previous block
# <min> <max>
0	13

[block]
# block no. 9 follows, 20 sequences, length 8
# corresponding to MSA columns:
# 961-968
name=unknown_J
#
# <colnr> <probs for GDERKNQSTAVLIFYWHMCP>
#	G	D	E	R	K	N	Q	S	T	A	V	L	I	F	Y	W	H	M	C	P
0	0.02471	0.07752	0.18222	0.06384	0.07649	0.19754	0.02093	0.13880	0.02457	0.03004	0.02157	0.02354	0.06102	0.00991	0.00829	0.00254	0.01187	0.00749	0.00528	0.01182
1	0.05461	0.02925	0.16757	0.02614	0.14523	0.20146	0.02008	0.02620	0.02032	0.02594	0.05966	0.10280	0.02242	0.01436	0.04340	0.00327	0.01198	0.00937	0.00509	0.01084
2	0.07628	0.02408	0.12016	0.09754	0.11568	0.02038	0.30752	0.02654	0.01926	0.02830	0.01642	0.02144	0.01254	0.00765	0.00899	0.00272	0.01236	0.00838	0.00439	0.06939
3	0.01888	0.01951	0.03356	0.06956	0.03199	0.02354	0.20546	0.02287	0.01597	0.02323	0.01460	0.02194	0.01283	0.01619	0.07005	0.00426	0.37276	0.00862	0.00408	0.01012
4	0.07633	0.01846	0.02816	0.05361	0.02758	0.02185	0.12661	0.02236	0.01583	0.02483	0.01539	0.05608	0.01435	0.01240	0.01852	0.00317	0.34324	0.00852	0.00447	0.10823
5	0.01929	0.02041	0.04041	0.03301	0.11002	0.01944	0.38220	0.02512	0.01946	0.02708	0.02032	0.09561	0.01808	0.00991	0.01072	0.00284	0.04558	0.01094	0.00485	0.08470
6	0.06828	0.01711	0.05102	0.05608	0.02243	0.01718	0.01333	0.10583	0.22399	0.03559	0.16286	0.04259	0.12040	0.01374	0.00908	0.00284	0.00693	0.01139	0.00807	0.01126
7	0.22027	0.07376	0.27646	0.01890	0.02751	0.02158	0.02042	0.14151	0.02178	0.03539	0.01741	0.05650	0.01409	0.00972	0.00758	0.00270	0.00989	0.00721	0.00541	0.01189

[dist]
# distance from previous block
# <min> <max>
0	1

[block]
# block no. 10 follows, 20 sequences, length 16
# corresponding to MSA columns:
# 970,971,1055-1068
name=unknown_K
#
# <colnr> <probs for GDERKNQSTAVLIFYWHMCP>
#	G	D	E	R	K	N	Q	S	T	A	V	L	I	F	Y	W	H	M	C	P
0	0.01732	0.01669	0.03068	0.19168	0.07041	0.01680	0.21852	0.02195	0.01810	0.02435	0.02374	0.02967	0.07342	0.01503	0.05197	0.08034	0.01178	0.00951	0.00464	0.07340
1	0.01260	0.01340	0.06998	0.01169	0.01598	0.00992	0.01022	0.01715	0.05338	0.02590	0.10282	0.06898	0.42537	0.01874	0.00980	0.00283	0.00569	0.04574	0.00757	0.07226
2	0.02478	0.01915	0.02048	0.01734	0.02276	0.02125	0.01379	0.21269	0.34877	0.07192	0.03698	0.03466	0.09118	0.01252	0.00899	0.00284	0.00747	0.01016	0.00884	0.01345
3	0.30068	0.02206	0.13687	0.02326	0.14253	0.01905	0.01796	0.02423	0.01705	0.03113	0.02217	0.02716	0.07068	0.01078	0.00956	0.00288	0.07298	0.03320	0.00508	0.01070
4	0.05479	0.08774	0.08974	0.02589	0.03251	0.05471	0.29010	0.02505	0.01898	0.02648	0.02070	0.10868	0.01882	0.01084	0.01030	0.00285	0.05273	0.01051	0.04794	0.01064
5	0.01874	0.01306	0.01537	0.01605	0.07543	0.05008	0.01090	0.02193	0.02224	0.14310	0.21475	0.10021	0.22967	0.01698	0.00976	0.00281	0.00621	0.01451	0.00843	0.00977
6	0.22721	0.25055	0.20720	0.01761	0.02574	0.09267	0.01856	0.02735	0.01786	0.02785	0.01329	0.01550	0.01067	0.00804	0.00655	0.00240	0.01031	0.00529	0.00426	0.01108
7	0.02221	0.01682	0.02029	0.10414	0.02655	0.01848	0.01520	0.27452	0.05275	0.03768	0.03116	0.17904	0.03043	0.01636	0.00984	0.00312	0.00850	0.11383	0.00783	0.01123
8	0.10255	0.01668	0.02426	0.49741	0.04985	0.02025	0.02121	0.07860	0.05561	0.02809	0.01682	0.02256	0.01257	0.00900	0.00835	0.00286	0.01060	0.00754	0.00480	0.01039
9	0.12982	0.02024	0.10717	0.37792	0.04607	0.01952	0.07260	0.02492	0.04492	0.02683	0.01723	0.02445	0.01346	0.00916	0.00842	0.00290	0.01097	0.02853	0.00451	0.01038
10	0.04791	0.06584	0.08832	0.05877	0.32328	0.05302	0.02259	0.11182	0.08583	0.03232	0.01840	0.02141	0.01454	0.00871	0.00831	0.00260	0.01024	0.00748	0.00536	0.01324
11	0.02454	0.01745	0.01931	0.01596	0.02096	0.01853	0.01254	0.23363	0.15945	0.09738	0.03239	0.03548	0.07811	0.10591	0.04270	0.00395	0.00859	0.00992	0.00805	0.05515
12	0.01961	0.02908	0.23593	0.02969	0.03897	0.02054	0.33174	0.06676	0.02098	0.02922	0.01987	0.07916	0.01650	0.00959	0.00962	0.00291	0.01294	0.01016	0.00480	0.01193
13	0.01890	0.02131	0.07953	0.17951	0.07549	0.02111	0.26751	0.02439	0.01792	0.02472	0.01578	0.02246	0.01257	0.01047	0.01417	0.04893	0.12182	0.00870	0.00410	0.01062
14	0.01301	0.00967	0.01238	0.07264	0.01696	0.00981	0.00933	0.03479	0.01774	0.02349	0.10807	0.21276	0.10866	0.22929	0.04457	0.00522	0.00754	0.04988	0.00691	0.00728
15	0.09273	0.02241	0.02248	0.01839	0.02444	0.06722	0.01482	0.30179	0.20681	0.10057	0.02518	0.02421	0.01820	0.01059	0.00843	0.00271	0.00878	0.00810	0.00838	0.01374

[dist]
# distance from previous block
# <min> <max>
13	22

[block]
# block no. 11 follows, 20 sequences, length 7
# corresponding to MSA columns:
# 1091-1097
name=unknown_L
#
# <colnr> <probs for GDERKNQSTAVLIFYWHMCP>
#	G	D	E	R	K	N	Q	S	T	A	V	L	I	F	Y	W	H	M	C	P
0	0.20288	0.01764	0.02729	0.28791	0.04112	0.01961	0.14859	0.05382	0.01886	0.02952	0.02027	0.02497	0.05319	0.00924	0.00834	0.00285	0.01050	0.00827	0.00491	0.01020
1	0.01393	0.01105	0.01424	0.01614	0.06255	0.01090	0.01155	0.01971	0.09129	0.02782	0.14772	0.16864	0.17325	0.02048	0.01062	0.00328	0.00622	0.17357	0.00813	0.00889
2	0.05337	0.02131	0.03276	0.16081	0.39044	0.06079	0.06747	0.05778	0.02069	0.02874	0.01621	0.02132	0.01308	0.00815	0.00859	0.00266	0.01106	0.00769	0.00454	0.01254
3	0.02774	0.09596	0.02654	0.02431	0.10940	0.38143	0.01687	0.08206	0.02431	0.02553	0.02281	0.02448	0.08177	0.01027	0.00811	0.00237	0.01256	0.00746	0.00518	0.01084
4	0.01978	0.02635	0.15762	0.09761	0.13839	0.02126	0.35401	0.02716	0.01977	0.02743	0.01688	0.02225	0.01277	0.00772	0.00951	0.00285	0.01340	0.00894	0.00421	0.01210
5	0.02062	0.08729	0.42762	0.08111	0.03619	0.02178	0.02696	0.09352	0.04477	0.05457	0.01749	0.01980	0.01257	0.00875	0.00821	0.00270	0.01169	0.00681	0.00475	0.01281
6	0.06466	0.11175	0.20423	0.02200	0.08418	0.03647	0.06261	0.02427	0.01948	0.05429	0.09484	0.10249	0.05880	0.01215	0.00861	0.00272	0.00944	0.01037	0.00566	0.01098

[dist]
# distance from previous block
# <min> <max>
7	11

[block]
# block no. 12 follows, 20 sequences, length 12
# corresponding to MSA columns:
# 1109-1120
name=unknown_M
#
# <colnr> <probs for GDERKNQSTAVLIFYWHMCP>
#	G	D	E	R	K	N	Q	S	T	A	V	L	I	F	Y	W	H	M	C	P
0	0.06197	0.01675	0.04836	0.07405	0.02534	0.01581	0.03587	0.10012	0.06805	0.25723	0.11424	0.03329	0.02810	0.04326	0.03532	0.00343	0.00867	0.00961	0.00834	0.01221
1	0.02129	0.02161	0.07541	0.15751	0.37478	0.02105	0.02448	0.07439	0.08670	0.03027	0.01863	0.02281	0.01470	0.00864	0.00866	0.00270	0.01034	0.00791	0.00504	0.01308
2	0.01902	0.14743	0.27572	0.09631	0.08001	0.02231	0.10389	0.02530	0.01786	0.02472	0.01512	0.01971	0.01195	0.00992	0.01092	0.05602	0.04153	0.00703	0.00387	0.01136
3	0.01925	0.01965	0.03508	0.09857	0.06709	0.01995	0.27313	0.02645	0.07258	0.02715	0.02122	0.02571	0.04345	0.00942	0.01151	0.00278	0.09051	0.00914	0.00496	0.12237
4	0.02169	0.14036	0.02722	0.17245	0.05958	0.02268	0.01718	0.15770	0.02212	0.02991	0.01730	0.02222	0.01413	0.01519	0.06286	0.03954	0.08155	0.00735	0.05819	0.01078
5	0.02171	0.01623	0.01933	0.08710	0.02418	0.01758	0.01344	0.25828	0.02607	0.03568	0.02470	0.10950	0.02275	0.09304	0.09885	0.00478	0.01047	0.01047	0.04228	0.06355
6	0.08001	0.02254	0.07681	0.02656	0.07446	0.02213	0.18388	0.11631	0.02125	0.03163	0.01589	0.02024	0.01265	0.00959	0.01287	0.00282	0.15470	0.00781	0.00507	0.10278
7	0.02000	0.01461	0.01772	0.01801	0.06458	0.01530	0.01325	0.03204	0.26217	0.10445	0.09529	0.05346	0.11517	0.01561	0.00976	0.00308	0.00686	0.11858	0.00857	0.01150
8	0.01994	0.31595	0.17836	0.12493	0.09812	0.02545	0.02100	0.02497	0.01771	0.02305	0.01505	0.02041	0.01299	0.05728	0.00984	0.00279	0.01057	0.00648	0.00392	0.01121
9	0.05556	0.02097	0.08279	0.08850	0.14388	0.01940	0.22882	0.02404	0.01897	0.02678	0.02743	0.03143	0.11099	0.01069	0.01106	0.00293	0.06979	0.01008	0.00487	0.01103
10	0.05136	0.02392	0.04953	0.13592	0.18510	0.13527	0.06210	0.05466	0.08579	0.02854	0.01778	0.02131	0.01401	0.00856	0.00828	0.00252	0.01097	0.00734	0.00508	0.09197
11	0.02257	0.17293	0.02869	0.07546	0.02713	0.01943	0.07817	0.02827	0.07066	0.12572	0.02210	0.07030	0.01828	0.00967	0.00780	0.00228	0.00857	0.00826	0.00608	0.19764

[dist]
# distance from previous block
# <min> <max>
0	2

[block]
# block no. 13 follows, 20 sequences, length 8
# corresponding to MSA columns:
# 1123-1130
name=unknown_N
#
# <colnr> <probs for GDERKNQSTAVLIFYWHMCP>
#	G	D	E	R	K	N	Q	S	T	A	V	L	I	F	Y	W	H	M	C	P
0	0.02034	0.01794	0.02353	0.26314	0.11890	0.05114	0.01844	0.12473	0.06635	0.02913	0.02424	0.03137	0.05647	0.10160	0.01355	0.00353	0.01008	0.00917	0.00563	0.01072
1	0.01547	0.01366	0.01373	0.01308	0.01643	0.05086	0.01010	0.02438	0.18811	0.02930	0.16598	0.06330	0.28232	0.01784	0.00990	0.00295	0.00601	0.05869	0.00837	0.00952
2	0.02144	0.02599	0.14230	0.03433	0.15210	0.02145	0.29334	0.10476	0.02279	0.03139	0.02102	0.02495	0.04396	0.00873	0.00944	0.00280	0.01239	0.00925	0.00503	0.01253
3	0.02967	0.02277	0.02539	0.01969	0.02582	0.02537	0.01625	0.46864	0.03488	0.04760	0.01909	0.02039	0.01418	0.01069	0.01115	0.00264	0.09861	0.00754	0.00769	0.09195
4	0.11740	0.13180	0.02857	0.13412	0.03087	0.06360	0.10923	0.06436	0.04745	0.03026	0.13271	0.02821	0.02570	0.01020	0.00826	0.00262	0.00961	0.00871	0.00580	0.01051
5	0.01896	0.01784	0.02990	0.14183	0.25388	0.01862	0.10883	0.02680	0.10011	0.02775	0.02474	0.07611	0.02243	0.01170	0.00952	0.00298	0.01013	0.08064	0.00557	0.01167
6	0.39731	0.02581	0.13545	0.01651	0.02313	0.10552	0.01546	0.03069	0.11800	0.03414	0.01687	0.01824	0.01285	0.00887	0.00685	0.00269	0.00913	0.00602	0.00553	0.01091
7	0.02740	0.01844	0.02145	0.01776	0.02303	0.01997	0.01458	0.33049	0.05759	0.12328	0.02655	0.03345	0.02138	0.02268	0.13518	0.00500	0.01169	0.06922	0.00815	0.01270

[dist]
# distance from previous block
# <min> <max>
30	119

[block]
# block no. 14 follows, 20 sequences, length 6
# corresponding to MSA columns:
# 1254-1259
name=unknown_O
#
# <colnr> <probs for GDERKNQSTAVLIFYWHMCP>
#	G	D	E	R	K	N	Q	S	T	A	V	L	I	F	Y	W	H	M	C	P
0	0.06606	0.01224	0.01537	0.12196	0.02329	0.01326	0.01256	0.02255	0.12946	0.02885	0.14212	0.17078	0.09823	0.01755	0.00982	0.00314	0.00677	0.08913	0.00761	0.00925
1	0.01735	0.02019	0.16348	0.01728	0.02223	0.01469	0.01630	0.14024	0.02258	0.03080	0.03462	0.31488	0.03690	0.01895	0.01009	0.00323	0.00823	0.09059	0.00718	0.01017
2	0.01631	0.01242	0.01699	0.02040	0.13189	0.01206	0.01321	0.02162	0.07292	0.06817	0.12582	0.12791	0.18092	0.01817	0.01019	0.00311	0.00666	0.12357	0.00782	0.00983
3	0.02088	0.01806	0.02316	0.02386	0.16647	0.01677	0.01531	0.08175	0.11490	0.03217	0.01934	0.02143	0.01544	0.00798	0.00756	0.00198	0.00774	0.00676	0.00588	0.39258
4	0.02620	0.01740	0.02025	0.01552	0.02247	0.01615	0.01254	0.13269	0.11794	0.17878	0.02399	0.02355	0.01742	0.00901	0.00777	0.00211	0.00730	0.00721	0.00768	0.33399
5	0.14260	0.02055	0.02212	0.01731	0.02368	0.02209	0.01422	0.32529	0.05630	0.09712	0.02006	0.02063	0.01463	0.00985	0.00895	0.00252	0.04416	0.00712	0.00760	0.12321

[dist]
# distance from previous block
# <min> <max>
2	4

[block]
# block no. 15 follows, 20 sequences, length 14
# corresponding to MSA columns:
# 1266-1279
name=unknown_P
#
# <colnr> <probs for GDERKNQSTAVLIFYWHMCP>
#	G	D	E	R	K	N	Q	S	T	A	V	L	I	F	Y	W	H	M	C	P
0	0.07635	0.02135	0.05661	0.01740	0.02408	0.05989	0.01484	0.23386	0.02918	0.25948	0.06475	0.02598	0.02085	0.01052	0.00846	0.00258	0.00871	0.00817	0.00860	0.04835
1	0.23463	0.01591	0.02222	0.47724	0.04732	0.01944	0.01986	0.02328	0.01667	0.02726	0.01451	0.02057	0.01098	0.00854	0.00774	0.00285	0.01019	0.00686	0.00433	0.00962
2	0.39925	0.05149	0.01855	0.15876	0.02732	0.01860	0.01345	0.02692	0.01771	0.12595	0.05424	0.02164	0.01631	0.00921	0.00695	0.00270	0.00791	0.00668	0.00605	0.01034
3	0.02910	0.02183	0.02445	0.07475	0.02837	0.02394	0.01621	0.47931	0.03578	0.04810	0.02233	0.07402	0.01786	0.01144	0.00879	0.00264	0.00924	0.00904	0.00806	0.05474
4	0.19726	0.01502	0.01822	0.07133	0.02301	0.01580	0.04692	0.11352	0.02098	0.07331	0.02781	0.24303	0.02783	0.01499	0.00869	0.00292	0.00755	0.01281	0.00698	0.05201
5	0.01873	0.01799	0.02721	0.10170	0.07873	0.02201	0.07657	0.05478	0.01769	0.02490	0.02355	0.03118	0.08217	0.01399	0.01890	0.00337	0.33528	0.03625	0.00487	0.01012
6	0.01923	0.12657	0.02009	0.01381	0.01797	0.03962	0.01149	0.10477	0.02450	0.06623	0.22067	0.05377	0.15126	0.01583	0.00932	0.00274	0.00688	0.07738	0.00793	0.00993
7	0.01836	0.15975	0.34225	0.02006	0.02870	0.06175	0.02271	0.02497	0.01827	0.02498	0.05274	0.02302	0.01723	0.01905	0.12522	0.00459	0.01377	0.00713	0.00427	0.01120
8	0.12847	0.01821	0.02059	0.04026	0.02325	0.01948	0.01387	0.20646	0.02424	0.03667	0.01977	0.06073	0.01739	0.01132	0.01049	0.00257	0.09298	0.03984	0.00643	0.20698
9	0.02030	0.01751	0.02141	0.02159	0.09284	0.01923	0.03938	0.06223	0.38087	0.03327	0.03571	0.04034	0.06553	0.05157	0.01127	0.00330	0.00777	0.05564	0.00784	0.01241
10	0.22243	0.02149	0.05920	0.05406	0.02584	0.02206	0.01534	0.25962	0.09689	0.10886	0.02111	0.02140	0.01508	0.00980	0.00784	0.00271	0.00861	0.00726	0.00750	0.01288
11	0.45987	0.02260	0.16302	0.06719	0.02474	0.01869	0.01581	0.02462	0.01559	0.03304	0.01349	0.01694	0.01048	0.01009	0.00879	0.06622	0.00865	0.00561	0.00474	0.00979
12	0.01662	0.01264	0.01378	0.01292	0.01496	0.04770	0.00950	0.01993	0.05701	0.07198	0.10154	0.05707	0.15233	0.24714	0.02324	0.00490	0.06455	0.05707	0.00698	0.00814
13	0.13087	0.02064	0.06219	0.01704	0.02346	0.02005	0.01459	0.26131	0.06381	0.20237	0.02430	0.02567	0.01764	0.06382	0.01106	0.00314	0.00860	0.00807	0.00822	0.01316

[dist]
# distance from previous block
# <min> <max>
1	3

[block]
# block no. 16 follows, 20 sequences, length 16
# corresponding to MSA columns:
# 1283-1298
name=unknown_Q
#
# <colnr> <probs for GDERKNQSTAVLIFYWHMCP>
#	G	D	E	R	K	N	Q	S	T	A	V	L	I	F	Y	W	H	M	C	P
0	0.01993	0.15561	0.43670	0.02157	0.03204	0.05305	0.02581	0.02764	0.01936	0.05608	0.05962	0.02135	0.01663	0.00897	0.00796	0.00258	0.01152	0.00686	0.00449	0.01222
1	0.01834	0.01165	0.01412	0.01232	0.01583	0.01103	0.00960	0.09219	0.02578	0.12280	0.36548	0.05834	0.17429	0.01676	0.00988	0.00276	0.00532	0.01432	0.00937	0.00982
2	0.02850	0.02178	0.02511	0.07383	0.02832	0.02490	0.01693	0.44907	0.03388	0.04575	0.01979	0.02218	0.01488	0.01585	0.07054	0.00381	0.07619	0.00796	0.00747	0.01324
3	0.17509	0.16402	0.02742	0.06398	0.02540	0.02377	0.05873	0.09709	0.07862	0.03107	0.01937	0.08071	0.01727	0.01123	0.01008	0.00278	0.08839	0.00842	0.00566	0.01089
4	0.19780	0.03033	0.28722	0.09876	0.03314	0.02144	0.02244	0.15140	0.02229	0.03561	0.01593	0.01852	0.01155	0.00876	0.00774	0.00273	0.01056	0.00649	0.00520	0.01209
5	0.13065	0.02031	0.01909	0.01699	0.02201	0.07387	0.01330	0.07895	0.41891	0.03631	0.03155	0.02989	0.04832	0.01140	0.00833	0.00284	0.00769	0.00899	0.00796	0.01265
6	0.02516	0.01876	0.02038	0.01645	0.02169	0.02004	0.01314	0.38427	0.03190	0.04251	0.03334	0.06071	0.11855	0.07231	0.04625	0.00374	0.00908	0.01059	0.00795	0.04317
7	0.13137	0.06911	0.41864	0.06800	0.06361	0.02092	0.05743	0.02686	0.01795	0.02874	0.01507	0.01829	0.01109	0.00817	0.00786	0.00272	0.01166	0.00645	0.00403	0.01204
8	0.02756	0.02130	0.02481	0.15925	0.03303	0.02400	0.01750	0.41128	0.07846	0.04498	0.02430	0.02552	0.04666	0.01079	0.00882	0.00272	0.00957	0.00852	0.00767	0.01327
9	0.59753	0.01852	0.01574	0.01335	0.01909	0.02120	0.01100	0.15315	0.02056	0.04259	0.01407	0.01565	0.01062	0.00862	0.00612	0.00268	0.00737	0.00541	0.00612	0.01062
10	0.02330	0.01786	0.01899	0.01614	0.02000	0.05072	0.01238	0.30091	0.02748	0.03641	0.02505	0.09589	0.02368	0.17584	0.11007	0.00565	0.01118	0.01071	0.00708	0.01065
11	0.07840	0.01966	0.02138	0.01675	0.02322	0.02024	0.01356	0.31410	0.07153	0.07082	0.02241	0.06598	0.01799	0.01054	0.00809	0.00238	0.00801	0.00828	0.00765	0.19902
12	0.02435	0.01360	0.01666	0.01474	0.01903	0.01347	0.01141	0.03343	0.19369	0.25497	0.09822	0.17714	0.05977	0.01575	0.00951	0.00297	0.00633	0.01357	0.00945	0.01196
13	0.02204	0.01484	0.02117	0.01712	0.02174	0.01421	0.09812	0.11640	0.02244	0.14882	0.03405	0.14996	0.07735	0.11593	0.03266	0.00396	0.00871	0.01279	0.00747	0.06023
14	0.01693	0.01499	0.01717	0.01588	0.01733	0.07756	0.01218	0.04345	0.01599	0.02187	0.02076	0.03299	0.02020	0.16629	0.28523	0.00860	0.15860	0.00915	0.03659	0.00822
15	0.05057	0.06469	0.30799	0.02055	0.02858	0.08124	0.02219	0.02884	0.11114	0.02802	0.02432	0.06302	0.02154	0.01215	0.00879	0.00292	0.01071	0.09573	0.00550	0.01151

[dist]
# distance from previous block
# <min> <max>
7	97

[block]
# block no. 17 follows, 20 sequences, length 10
# corresponding to MSA columns:
# 1410-1419
name=unknown_R
#
# <colnr> <probs for GDERKNQSTAVLIFYWHMCP>
#	G	D	E	R	K	N	Q	S	T	A	V	L	I	F	Y	W	H	M	C	P
0	0.22498	0.01628	0.05452	0.20944	0.05561	0.01639	0.01591	0.02467	0.01927	0.09883	0.15137	0.03020	0.02755	0.01069	0.00811	0.00277	0.00819	0.00869	0.00632	0.01022
1	0.02495	0.02374	0.02737	0.24669	0.10143	0.15918	0.05183	0.12168	0.06870	0.06248	0.01863	0.02214	0.01401	0.00923	0.00863	0.00268	0.01166	0.00766	0.00559	0.01171
2	0.12340	0.27123	0.03065	0.01637	0.02326	0.02737	0.01441	0.24167	0.06051	0.03715	0.01696	0.01793	0.01331	0.00883	0.00697	0.00227	0.00874	0.00618	0.00619	0.06659
3	0.15325	0.03167	0.33651	0.02582	0.09397	0.01948	0.10788	0.02609	0.01833	0.02957	0.02079	0.02357	0.05787	0.00909	0.00823	0.00277	0.01114	0.00771	0.00450	0.01178
4	0.02330	0.01826	0.01984	0.01677	0.02176	0.02016	0.01335	0.24774	0.24636	0.04118	0.10879	0.03704	0.08416	0.01573	0.04219	0.00337	0.00817	0.01060	0.00863	0.01260
5	0.01964	0.01257	0.01703	0.01507	0.01819	0.01314	0.01188	0.02240	0.01755	0.15787	0.03015	0.14135	0.05463	0.02942	0.19219	0.00599	0.11898	0.01145	0.00667	0.10383
6	0.46794	0.02279	0.08366	0.01495	0.02097	0.08984	0.01334	0.08533	0.01970	0.03724	0.05992	0.01928	0.01579	0.00918	0.00668	0.00265	0.00849	0.00615	0.00576	0.01034
7	0.01974	0.07447	0.38273	0.02433	0.06363	0.09014	0.05193	0.05284	0.02006	0.02719	0.01942	0.09753	0.01701	0.01060	0.00855	0.00274	0.01188	0.00873	0.00459	0.01189
8	0.01861	0.01482	0.01722	0.01409	0.01969	0.01316	0.01123	0.12109	0.02220	0.03152	0.02984	0.12809	0.06958	0.01323	0.00842	0.00226	0.00683	0.07269	0.00673	0.37869
9	0.01692	0.01228	0.01498	0.01466	0.01726	0.01258	0.01140	0.15395	0.02443	0.03283	0.13711	0.30186	0.05006	0.02113	0.01063	0.00330	0.00661	0.14024	0.00848	0.00929

[dist]
# distance from previous block
# <min> <max>
0	3

[block]
# block no. 18 follows, 20 sequences, length 40
# corresponding to MSA columns:
# 1423-1462
name=unknown_S
#
# <colnr> <probs for GDERKNQSTAVLIFYWHMCP>
#	G	D	E	R	K	N	Q	S	T	A	V	L	I	F	Y	W	H	M	C	P
0	0.02865	0.02113	0.02195	0.01807	0.02392	0.05890	0.01449	0.26325	0.23748	0.13018	0.03158	0.02973	0.05735	0.01161	0.00883	0.00275	0.00840	0.00919	0.00879	0.01375
1	0.01889	0.01825	0.02674	0.02079	0.02526	0.01982	0.10062	0.02240	0.01636	0.02506	0.01402	0.01932	0.01232	0.01049	0.01683	0.00265	0.30467	0.00700	0.00446	0.31406
2	0.09159	0.13657	0.49824	0.02210	0.03346	0.02225	0.02747	0.02721	0.01796	0.02774	0.01480	0.01736	0.01091	0.00815	0.00761	0.00263	0.01177	0.00602	0.00386	0.01230
3	0.02332	0.69869	0.04571	0.01493	0.02239	0.03451	0.01493	0.02612	0.01772	0.02052	0.01213	0.01399	0.01119	0.00746	0.00560	0.00187	0.00933	0.00466	0.00373	0.01119
4	0.02976	0.01426	0.01825	0.01483	0.02015	0.01342	0.01193	0.06768	0.09400	0.38214	0.19182	0.03887	0.03778	0.01275	0.00918	0.00274	0.00661	0.01069	0.01015	0.01298
5	0.01109	0.00810	0.01054	0.01231	0.01334	0.00755	0.00879	0.01306	0.01758	0.02299	0.05274	0.52773	0.12745	0.02621	0.01117	0.00354	0.00542	0.10506	0.00809	0.00726
6	0.63772	0.01865	0.01463	0.01280	0.01830	0.05708	0.01045	0.06043	0.01740	0.06753	0.01378	0.01538	0.01043	0.00841	0.00589	0.00267	0.00747	0.00515	0.00579	0.01005
7	0.03316	0.02443	0.02618	0.02007	0.02705	0.02705	0.01658	0.60995	0.04101	0.05497	0.02094	0.02094	0.01483	0.01047	0.00873	0.00262	0.00960	0.00785	0.00873	0.01483
8	0.03914	0.01484	0.02024	0.01552	0.02227	0.01282	0.01282	0.04251	0.02497	0.64507	0.03441	0.02969	0.02159	0.01080	0.00877	0.00270	0.00742	0.00877	0.01080	0.01484
9	0.06184	0.17648	0.03110	0.02038	0.02449	0.07544	0.07234	0.02653	0.01749	0.09901	0.01584	0.01991	0.01323	0.01394	0.04949	0.00350	0.25623	0.00712	0.00489	0.01073
10	0.01687	0.01618	0.02765	0.59665	0.05699	0.01998	0.05731	0.02253	0.01737	0.02253	0.01538	0.02302	0.01171	0.00904	0.01002	0.00296	0.05222	0.00789	0.00390	0.00980
11	0.01220	0.00873	0.01127	0.01277	0.01373	0.00845	0.00892	0.04424	0.01809	0.02408	0.04556	0.57475	0.05363	0.05610	0.01258	0.00375	0.00570	0.06996	0.00800	0.00749
12	0.01939	0.03826	0.46958	0.02727	0.03885	0.02030	0.17142	0.02849	0.01929	0.06032	0.01713	0.02026	0.01214	0.00819	0.00880	0.00280	0.01304	0.00751	0.00424	0.01272
13	0.01996	0.02908	0.22206	0.12859	0.20278	0.05402	0.16401	0.02708	0.01950	0.02683	0.01619	0.02102	0.01240	0.00803	0.00889	0.00275	0.01261	0.00785	0.00409	0.01227
14	0.03271	0.02260	0.02469	0.01904	0.02563	0.02459	0.01560	0.51940	0.03785	0.11470	0.02269	0.02375	0.01642	0.04619	0.01059	0.00293	0.00931	0.00820	0.00876	0.01434
15	0.03316	0.02443	0.02618	0.02007	0.02705	0.02705	0.01658	0.60995	0.04101	0.05497	0.02094	0.02094	0.01483	0.01047	0.00873	0.00262	0.00960	0.00785	0.00873	0.01483
16	0.01923	0.02177	0.16654	0.02095	0.07298	0.01649	0.01835	0.06237	0.14937	0.06792	0.06398	0.11760	0.03189	0.01491	0.00962	0.00310	0.00862	0.11554	0.00719	0.01157
17	0.02035	0.02406	0.09431	0.03778	0.18127	0.02224	0.34075	0.02667	0.01923	0.02708	0.01633	0.02203	0.01294	0.00863	0.01229	0.00297	0.10579	0.00901	0.00425	0.01203
18	0.01297	0.00925	0.01158	0.01137	0.01177	0.01006	0.00745	0.01386	0.01306	0.01798	0.02558	0.04927	0.02812	0.49808	0.19908	0.00962	0.04814	0.01157	0.00505	0.00615
19	0.01217	0.00891	0.01142	0.01079	0.01293	0.00816	0.00809	0.01613	0.02428	0.03401	0.58823	0.06675	0.12911	0.01819	0.01029	0.00276	0.00414	0.01600	0.00948	0.00816
20	0.62918	0.13416	0.01848	0.01207	0.01782	0.02214	0.01039	0.02572	0.01534	0.03593	0.01214	0.01414	0.00975	0.00799	0.00543	0.00256	0.00719	0.00471	0.00511	0.00975
21	0.01798	0.09994	0.59771	0.02403	0.03646	0.02145	0.03078	0.02750	0.01836	0.02703	0.01536	0.01805	0.01106	0.00822	0.00806	0.00269	0.01259	0.00630	0.00369	0.01275
22	0.01268	0.00846	0.00951	0.00951	0.00951	0.00846	0.00529	0.01268	0.01268	0.01691	0.02748	0.05708	0.03171	0.69345	0.04440	0.00846	0.00846	0.01268	0.00529	0.00529
23	0.01362	0.00983	0.01271	0.01256	0.01467	0.00948	0.00971	0.05086	0.02370	0.03279	0.41258	0.15726	0.06926	0.01985	0.01062	0.00307	0.00525	0.11468	0.00906	0.00842
24	0.01913	0.09290	0.41743	0.03149	0.17828	0.02167	0.06440	0.02732	0.01883	0.02725	0.01566	0.01910	0.01184	0.00804	0.00827	0.00266	0.01211	0.00684	0.00388	0.01290
25	0.02029	0.02180	0.08509	0.16636	0.48081	0.02044	0.02675	0.02601	0.01929	0.02727	0.01618	0.02163	0.01318	0.00799	0.00862	0.00266	0.01081	0.00766	0.00418	0.01297
26	0.02536	0.01306	0.01653	0.01366	0.01825	0.01214	0.01090	0.09374	0.02624	0.28293	0.27671	0.04740	0.09654	0.01451	0.00950	0.00273	0.00610	0.01227	0.00986	0.01158
27	0.01815	0.01712	0.02846	0.46867	0.22091	0.01986	0.02446	0.02465	0.04591	0.02468	0.01667	0.02321	0.01293	0.00860	0.00870	0.00282	0.01106	0.00785	0.00423	0.01104
28	0.02069	0.02186	0.02780	0.02358	0.02456	0.09795	0.04983	0.02292	0.01503	0.02140	0.01201	0.01894	0.01152	0.01414	0.02531	0.00359	0.56767	0.00755	0.00392	0.00972
29	0.05299	0.11095	0.55627	0.02321	0.03519	0.02169	0.02937	0.02738	0.01818	0.02744	0.01513	0.01776	0.01099	0.00819	0.00787	0.00267	0.01223	0.00618	0.00377	0.01255
30	0.01181	0.00874	0.01102	0.01077	0.01279	0.00795	0.00796	0.01531	0.02296	0.03162	0.47614	0.14351	0.16779	0.01966	0.01039	0.00287	0.00428	0.01729	0.00918	0.00795
