[name]
unknown

[dist]
# distance from previous block
# <min> <max>
11	22

[block]
# block no. 0 follows, 30 sequences, length 6
# corresponding to MSA columns:
# 25-30
name=unknown_A
#
# <colnr> <probs for GDERKNQSTAVLIFYWHMCP>
#	G	D	E	R	K	N	Q	S	T	A	V	L	I	F	Y	W	H	M	C	P
0	0.01967	0.01501	0.01730	0.12360	0.02238	0.01648	0.01197	0.32538	0.11320	0.03209	0.01823	0.02126	0.01424	0.06858	0.00896	0.00241	0.00694	0.00663	0.07772	0.07793
1	0.01653	0.01415	0.01793	0.01359	0.01860	0.01358	0.04889	0.13210	0.01702	0.02517	0.01310	0.01587	0.01080	0.00913	0.04434	0.00209	0.11180	0.00519	0.00441	0.46571
2	0.00963	0.00664	0.00767	0.00801	0.00830	0.00646	0.00480	0.01004	0.01133	0.01490	0.02970	0.19718	0.08888	0.53531	0.02751	0.00555	0.00591	0.01260	0.00490	0.00468
3	0.07931	0.00891	0.01076	0.06048	0.01467	0.00912	0.00824	0.01564	0.10777	0.02096	0.03061	0.47445	0.03385	0.01640	0.00781	0.00253	0.00482	0.01455	0.00595	0.07317
4	0.01671	0.01684	0.01458	0.01285	0.01594	0.20527	0.00957	0.04104	0.07138	0.01989	0.01868	0.13181	0.01863	0.12552	0.01198	0.00266	0.04909	0.00804	0.00463	0.20489
5	0.01648	0.01477	0.01548	0.01247	0.01721	0.07029	0.00980	0.07715	0.13999	0.02452	0.01756	0.07839	0.01529	0.00812	0.00694	0.00167	0.04187	0.00644	0.00501	0.42054

[dist]
# distance from previous block
# <min> <max>
30	61

[block]
# block no. 1 follows, 30 sequences, length 46
# corresponding to MSA columns:
# 93-138
name=unknown_B
#
# <colnr> <probs for GDERKNQSTAVLIFYWHMCP>
#	G	D	E	R	K	N	Q	S	T	A	V	L	I	F	Y	W	H	M	C	P
0	0.01154	0.00894	0.01232	0.01086	0.01173	0.00944	0.05865	0.01222	0.01088	0.01503	0.01879	0.03670	0.02067	0.51463	0.04952	0.04965	0.09285	0.00894	0.00395	0.04269
1	0.70587	0.01366	0.01159	0.07023	0.01672	0.01589	0.00878	0.04796	0.01292	0.03071	0.01023	0.01217	0.00788	0.00660	0.00465	0.00217	0.00582	0.00408	0.00433	0.00775
2	0.39232	0.08036	0.05357	0.01134	0.01654	0.09803	0.00981	0.02071	0.01384	0.02559	0.01071	0.01249	0.00866	0.00618	0.00492	0.00176	0.00662	0.00403	0.00400	0.21855
3	0.01582	0.01472	0.02349	0.11642	0.44615	0.01437	0.01757	0.01975	0.01553	0.02244	0.04586	0.01847	0.01329	0.00646	0.00660	0.00188	0.00748	0.00606	0.00376	0.18388
4	0.01593	0.01521	0.02590	0.27058	0.49396	0.01623	0.02075	0.02024	0.01526	0.02117	0.01289	0.01771	0.01048	0.00647	0.00693	0.00216	0.00862	0.00621	0.00334	0.00997
5	0.01441	0.09107	0.63462	0.01920	0.02872	0.01732	0.02424	0.02177	0.01451	0.02142	0.01215	0.01448	0.00886	0.00683	0.00719	0.00219	0.04287	0.00509	0.00295	0.01009
6	0.00850	0.00607	0.00810	0.00972	0.01012	0.00567	0.00648	0.00972	0.01336	0.01781	0.03846	0.75020	0.04615	0.02186	0.00891	0.00283	0.00405	0.01984	0.00648	0.00567
7	0.02087	0.01797	0.01977	0.01798	0.07390	0.08351	0.04998	0.18933	0.35859	0.05901	0.02199	0.02141	0.01636	0.00851	0.00704	0.00222	0.00727	0.00705	0.00633	0.01091
8	0.63819	0.01348	0.01134	0.00986	0.01434	0.01510	0.00804	0.02234	0.07611	0.05722	0.01236	0.01343	0.00943	0.00674	0.00475	0.00209	0.00541	0.00431	0.00473	0.07072
9	0.00865	0.00676	0.00775	0.00817	0.00972	0.00596	0.00582	0.01041	0.01548	0.01972	0.15640	0.27481	0.37886	0.04728	0.00952	0.00265	0.00378	0.01580	0.00658	0.00586
10	0.01616	0.02098	0.12575	0.02822	0.03569	0.01747	0.60348	0.02232	0.01625	0.02232	0.01392	0.01831	0.01037	0.00598	0.00803	0.00234	0.01158	0.00785	0.00346	0.00952
11	0.01897	0.01553	0.01663	0.01262	0.01812	0.04757	0.01017	0.25684	0.02167	0.03045	0.06764	0.01811	0.01511	0.00711	0.00610	0.00154	0.00627	0.00557	0.00540	0.41857
12	0.00870	0.00643	0.00813	0.00910	0.01005	0.00587	0.00629	0.01037	0.01491	0.01976	0.16039	0.51059	0.16420	0.01982	0.00868	0.00264	0.00383	0.01770	0.00669	0.00587
13	0.01072	0.00733	0.00954	0.00887	0.01070	0.00671	0.00670	0.01393	0.01964	0.05633	0.65846	0.05143	0.08478	0.01414	0.00818	0.00220	0.00341	0.01246	0.00768	0.00678
14	0.04751	0.41454	0.20336	0.01570	0.04977	0.02188	0.03031	0.02232	0.01478	0.08271	0.01226	0.01376	0.00976	0.00658	0.00595	0.00184	0.02914	0.00466	0.00357	0.00957
15	0.02248	0.01814	0.02307	0.02778	0.33649	0.09691	0.01635	0.18508	0.02100	0.13680	0.01674	0.03865	0.01301	0.00768	0.00693	0.00208	0.00813	0.00656	0.00523	0.01089
16	0.00975	0.00699	0.00941	0.01090	0.01187	0.00675	0.00841	0.01180	0.01449	0.01900	0.03825	0.40645	0.06571	0.05077	0.01030	0.00314	0.00517	0.29854	0.00636	0.00594
17	0.02337	0.01780	0.01921	0.01492	0.02036	0.01915	0.01218	0.49200	0.12618	0.03861	0.01777	0.01775	0.01300	0.00805	0.00672	0.00197	0.00699	0.00619	0.00657	0.13122
18	0.01595	0.01231	0.01453	0.01067	0.01651	0.00963	0.00852	0.04181	0.01550	0.07875	0.01500	0.05024	0.01265	0.00635	0.00556	0.00125	0.00526	0.00519	0.00471	0.66962
19	0.01579	0.01277	0.01489	0.01073	0.01687	0.01002	0.00862	0.05497	0.01569	0.05103	0.01323	0.01496	0.01069	0.00548	0.00534	0.00114	0.00534	0.00436	0.00447	0.72362
20	0.01299	0.00774	0.00996	0.00930	0.01147	0.00695	0.00700	0.01564	0.01824	0.13934	0.40029	0.16100	0.14290	0.01501	0.00814	0.00231	0.00389	0.01313	0.00748	0.00722
21	0.01318	0.01240	0.02093	0.73798	0.04806	0.01550	0.01938	0.01783	0.01395	0.01783	0.01240	0.01860	0.00930	0.00698	0.00698	0.00233	0.00930	0.00620	0.00310	0.00775
22	0.00856	0.00636	0.00790	0.00902	0.00989	0.00579	0.00614	0.00993	0.01405	0.01828	0.07074	0.54634	0.19245	0.04777	0.00972	0.00285	0.00401	0.01807	0.00644	0.00570
23	0.02781	0.01112	0.01498	0.01174	0.01658	0.00963	0.00960	0.03052	0.01973	0.60609	0.10080	0.02909	0.06023	0.00972	0.00721	0.00217	0.00553	0.00802	0.00842	0.01100
24	0.02177	0.01601	0.01733	0.01443	0.01901	0.01782	0.01155	0.26438	0.37765	0.10021	0.02405	0.02256	0.01749	0.00896	0.00698	0.00223	0.00624	0.00720	0.03285	0.01127
25	0.02653	0.01955	0.02094	0.01606	0.02164	0.02164	0.01326	0.68796	0.03281	0.04398	0.01675	0.01675	0.01187	0.00838	0.00698	0.00209	0.00768	0.00628	0.00698	0.01187
26	0.02698	0.01092	0.01481	0.01168	0.01632	0.00951	0.00951	0.02980	0.01993	0.57701	0.16495	0.02949	0.02709	0.00977	0.00726	0.00217	0.00540	0.00815	0.00844	0.01081
27	0.00901	0.00680	0.00833	0.00859	0.01006	0.00612	0.00620	0.01125	0.01676	0.02238	0.32904	0.26700	0.23803	0.01750	0.00844	0.00243	0.00359	0.01538	0.00699	0.00612
28	0.00923	0.00701	0.00841	0.00825	0.00996	0.00628	0.00606	0.01171	0.01757	0.02354	0.41280	0.11722	0.27622	0.04332	0.00930	0.00247	0.00357	0.01385	0.00705	0.00619
29	0.00929	0.00672	0.00824	0.00855	0.00955	0.00625	0.00583	0.01099	0.01509	0.02031	0.25796	0.26394	0.14319	0.18510	0.01463	0.00345	0.00434	0.01455	0.00636	0.00567
30	0.10212	0.01202	0.01565	0.01212	0.01742	0.01075	0.01001	0.03277	0.01923	0.65331	0.02590	0.02261	0.01638	0.00844	0.00677	0.00216	0.00589	0.00672	0.00824	0.01148
31	0.49455	0.01285	0.01263	0.01047	0.01522	0.01349	0.00864	0.02592	0.01512	0.30557	0.01685	0.01631	0.01145	0.00734	0.00540	0.00216	0.00561	0.00508	0.00605	0.00929
32	0.03031	0.01283	0.01670	0.01288	0.01825	0.01176	0.01062	0.10635	0.04444	0.61849	0.02637	0.02306	0.01681	0.00864	0.00702	0.00216	0.00612	0.00697	0.00840	0.01185
33	0.01080	0.00752	0.00947	0.00929	0.01097	0.00701	0.00683	0.04072	0.01809	0.05026	0.39597	0.24577	0.12819	0.01631	0.00832	0.00239	0.00381	0.01440	0.00722	0.00667
34	0.02992	0.01194	0.01593	0.01231	0.01742	0.01057	0.01006	0.06198	0.02000	0.64701	0.02674	0.02465	0.01748	0.04998	0.00860	0.00241	0.00606	0.00716	0.00832	0.01145
35	0.02986	0.01261	0.01645	0.01279	0.01808	0.01155	0.01051	0.07477	0.07663	0.61789	0.02693	0.02351	0.01727	0.00869	0.00702	0.00217	0.00601	0.00704	0.00841	0.01181
36	0.80405	0.01350	0.01026	0.00918	0.01350	0.01565	0.00756	0.02051	0.01188	0.03131	0.00972	0.01134	0.00756	0.00648	0.00432	0.00216	0.00540	0.00378	0.00432	0.00756
37	0.00999	0.00741	0.01087	0.01087	0.01199	0.00853	0.00829	0.01224	0.01111	0.01594	0.01901	0.02919	0.01821	0.12052	0.65997	0.01078	0.01753	0.00774	0.00379	0.00604
38	0.69326	0.01355	0.01196	0.04120	0.05379	0.01546	0.00893	0.02106	0.01255	0.06095	0.01081	0.01252	0.00826	0.00658	0.00469	0.00216	0.00574	0.00416	0.00441	0.00795
39	0.00849	0.00611	0.00806	0.00961	0.01009	0.00568	0.00643	0.00973	0.01346	0.01785	0.03970	0.72390	0.07166	0.02170	0.00888	0.00282	0.00403	0.01964	0.00648	0.00568
40	0.80405	0.01350	0.01026	0.00918	0.01350	0.01565	0.00756	0.02051	0.01188	0.03131	0.00972	0.01134	0.00756	0.00648	0.00432	0.00216	0.00540	0.00378	0.00432	0.00756
41	0.01298	0.00940	0.01126	0.01109	0.01283	0.00960	0.00804	0.17226	0.01844	0.02478	0.08812	0.49555	0.03895	0.04032	0.00920	0.00272	0.00494	0.01570	0.00663	0.00718
42	0.01351	0.01275	0.02154	0.68099	0.10244	0.01559	0.01955	0.01812	0.01411	0.01824	0.01246	0.01850	0.00945	0.00691	0.00697	0.00230	0.00922	0.00620	0.00313	0.00802
43	0.00968	0.00672	0.00795	0.00821	0.00862	0.00660	0.00509	0.01035	0.01175	0.01565	0.06606	0.17339	0.08289	0.48726	0.06549	0.00572	0.00650	0.01223	0.00497	0.00485
44	0.64054	0.01388	0.01196	0.01021	0.01477	0.01559	0.00841	0.08531	0.01480	0.11212	0.01245	0.01329	0.00910	0.00691	0.00488	0.00215	0.00568	0.00439	0.00507	0.00847
45	0.63678	0.01415	0.01410	0.01633	0.16183	0.01585	0.01050	0.02070	0.01273	0.02950	0.01044	0.01260	0.00830	0.00642	0.00487	0.00214	0.00601	0.00430	0.00413	0.00830

[dist]
# distance from previous block
# <min> <max>
0	1

[block]
# block no. 2 follows, 30 sequences, length 41
# corresponding to MSA columns:
# 140-180
name=unknown_C
#
# <colnr> <probs for GDERKNQSTAVLIFYWHMCP>
#	G	D	E	R	K	N	Q	S	T	A	V	L	I	F	Y	W	H	M	C	P
0	0.02422	0.02056	0.01950	0.01590	0.02078	0.12985	0.01276	0.42666	0.19345	0.03620	0.01868	0.01838	0.01373	0.00846	0.00690	0.00211	0.00791	0.00640	0.00649	0.01108
1	0.01365	0.01332	0.02383	0.63653	0.04640	0.01581	0.11481	0.01848	0.01431	0.01848	0.01265	0.01864	0.00949	0.00682	0.00716	0.00233	0.00965	0.00649	0.00316	0.00799
2	0.02481	0.03108	0.01913	0.01745	0.02092	0.65836	0.01312	0.02734	0.04539	0.01749	0.01192	0.01395	0.00995	0.00986	0.04758	0.00236	0.01266	0.00480	0.00374	0.00810
3	0.02193	0.01015	0.01312	0.01096	0.01484	0.00910	0.00871	0.02548	0.05963	0.40945	0.14086	0.09385	0.12753	0.01195	0.00754	0.00226	0.00500	0.01011	0.00791	0.00963
4	0.12830	0.01313	0.01609	0.01250	0.01779	0.01250	0.01033	0.12176	0.02071	0.53759	0.02381	0.02123	0.01531	0.00833	0.00667	0.00215	0.00611	0.00651	0.00786	0.01133
5	0.00878	0.00651	0.00791	0.00871	0.00967	0.00595	0.00592	0.01019	0.01423	0.01856	0.11122	0.42444	0.20914	0.11088	0.01197	0.00314	0.00418	0.01665	0.00632	0.00564
6	0.72972	0.01366	0.01102	0.00964	0.01407	0.01560	0.00794	0.04870	0.01318	0.06936	0.01098	0.01224	0.00827	0.00667	0.00458	0.00216	0.00552	0.00406	0.00466	0.00797
7	0.74723	0.01338	0.01069	0.00941	0.01381	0.01526	0.00776	0.02151	0.01247	0.08166	0.01103	0.01225	0.00827	0.00664	0.00452	0.00216	0.00544	0.00402	0.00464	0.00787
8	0.03131	0.01188	0.01619	0.01242	0.01781	0.01026	0.01026	0.03401	0.01997	0.71606	0.02753	0.02375	0.01727	0.00864	0.00702	0.00216	0.00594	0.00702	0.00864	0.01188
9	0.01890	0.00917	0.01200	0.01013	0.01348	0.00808	0.00800	0.02174	0.01936	0.32302	0.33435	0.04181	0.12613	0.01227	0.00771	0.00220	0.00446	0.01047	0.00794	0.00877
10	0.02158	0.00975	0.01294	0.01065	0.01443	0.00856	0.00851	0.02443	0.01958	0.40712	0.28279	0.03763	0.08883	0.01142	0.00756	0.00219	0.00477	0.00969	0.00812	0.00945
11	0.01306	0.00746	0.00990	0.01016	0.01173	0.00686	0.00740	0.01490	0.01543	0.14419	0.11731	0.42584	0.05937	0.05718	0.00994	0.00286	0.00462	0.06802	0.00689	0.00688
12	0.76590	0.01342	0.01055	0.00934	0.01371	0.01539	0.00769	0.02118	0.01228	0.06511	0.01060	0.01195	0.00804	0.00658	0.00445	0.00216	0.00542	0.00394	0.00453	0.00777
13	0.02967	0.01151	0.01567	0.01214	0.01725	0.00998	0.00998	0.03242	0.01996	0.66352	0.07945	0.02592	0.02098	0.00907	0.00711	0.00216	0.00574	0.00745	0.00856	0.01147
14	0.03013	0.01162	0.01582	0.01222	0.01741	0.01006	0.01006	0.03287	0.01996	0.67834	0.06481	0.02531	0.01994	0.00895	0.00708	0.00216	0.00579	0.00732	0.00858	0.01159
15	0.76567	0.01379	0.01078	0.00952	0.01390	0.01595	0.00784	0.05346	0.01291	0.03193	0.01006	0.01160	0.00777	0.00657	0.00445	0.00216	0.00551	0.00390	0.00445	0.00777
16	0.55716	0.01298	0.01215	0.01021	0.01488	0.01393	0.00842	0.02482	0.01446	0.25008	0.01541	0.01530	0.01066	0.00717	0.00518	0.00216	0.00557	0.00481	0.00570	0.00894
17	0.28817	0.01241	0.01422	0.01134	0.01638	0.01205	0.00936	0.02952	0.01728	0.48845	0.02161	0.01962	0.01404	0.00792	0.00612	0.00216	0.00576	0.00594	0.00720	0.01044
18	0.02353	0.01014	0.01368	0.01129	0.01521	0.00896	0.00906	0.02624	0.01912	0.46425	0.19102	0.06377	0.03149	0.03668	0.00849	0.00241	0.00528	0.04149	0.00806	0.00982
19	0.04787	0.00987	0.01301	0.01073	0.01446	0.00884	0.00857	0.02450	0.01961	0.39397	0.32258	0.03567	0.03807	0.01101	0.00745	0.00217	0.00477	0.00934	0.00808	0.00943
20	0.00997	0.00748	0.01121	0.01121	0.01246	0.00872	0.00872	0.01246	0.01121	0.01620	0.01869	0.02741	0.01745	0.05234	0.72710	0.01121	0.01869	0.00748	0.00374	0.00623
21	0.03088	0.01256	0.01662	0.01274	0.01816	0.01127	0.01052	0.09237	0.02112	0.65608	0.02657	0.02313	0.01679	0.00861	0.00701	0.00215	0.00609	0.00695	0.00849	0.01188
22	0.00898	0.00646	0.00859	0.00995	0.01069	0.00607	0.00707	0.01066	0.01439	0.01919	0.10115	0.57479	0.06994	0.02068	0.00892	0.00281	0.00427	0.10297	0.00658	0.00586
23	0.02562	0.03254	0.01982	0.04282	0.02249	0.70220	0.01369	0.02752	0.01957	0.01710	0.01084	0.01279	0.00900	0.00718	0.00632	0.00182	0.01247	0.00455	0.00358	0.00808
24	0.02813	0.01697	0.01935	0.01483	0.02036	0.01782	0.01225	0.46855	0.02850	0.26948	0.02037	0.01910	0.01368	0.00846	0.00699	0.00212	0.00709	0.00653	0.00754	0.01187
25	0.02076	0.01105	0.01247	0.01039	0.01392	0.01119	0.00831	0.16929	0.04590	0.20404	0.02286	0.02341	0.01654	0.00836	0.00596	0.00189	0.00499	0.00664	0.39282	0.00921
26	0.01592	0.00848	0.01118	0.00974	0.01249	0.00760	0.00757	0.01897	0.01963	0.22389	0.48344	0.04474	0.08232	0.01282	0.00789	0.00219	0.00406	0.01112	0.00790	0.00806
27	0.01447	0.01240	0.01447	0.01034	0.01654	0.00930	0.00827	0.01757	0.01447	0.02274	0.01240	0.01447	0.01034	0.00517	0.00517	0.00103	0.00517	0.00413	0.00413	0.79742
28	0.01520	0.06660	0.55258	0.02081	0.03023	0.01678	0.13202	0.02248	0.01517	0.04518	0.01315	0.01553	0.00941	0.00654	0.00680	0.00220	0.01027	0.00565	0.00323	0.01015
29	0.00981	0.00713	0.00924	0.00871	0.01038	0.00656	0.00653	0.01304	0.01960	0.02761	0.68152	0.05274	0.09210	0.01441	0.00823	0.00220	0.00330	0.01271	0.00763	0.00656
30	0.03131	0.01188	0.01619	0.01242	0.01781	0.01026	0.01026	0.03401	0.01997	0.71606	0.02753	0.02375	0.01727	0.00864	0.00702	0.00216	0.00594	0.00702	0.00864	0.01188
31	0.03131	0.01188	0.01619	0.01242	0.01781	0.01026	0.01026	0.03401	0.01997	0.71606	0.02753	0.02375	0.01727	0.00864	0.00702	0.00216	0.00594	0.00702	0.00864	0.01188
32	0.01480	0.00917	0.01151	0.01120	0.04694	0.00848	0.00806	0.01880	0.07309	0.16877	0.26055	0.07532	0.23828	0.01362	0.00785	0.00227	0.00438	0.01167	0.00722	0.00803
33	0.04907	0.21716	0.02406	0.07531	0.02245	0.29304	0.01325	0.16277	0.04049	0.02341	0.01237	0.01395	0.00992	0.00714	0.00598	0.00185	0.00950	0.00489	0.00423	0.00915
34	0.00850	0.00607	0.00810	0.00972	0.01012	0.00567	0.00648	0.00972	0.01336	0.01781	0.03846	0.75020	0.04615	0.02186	0.00891	0.00283	0.00405	0.01984	0.00648	0.00567
35	0.01527	0.01527	0.02137	0.01832	0.01832	0.02137	0.01527	0.01679	0.01069	0.01679	0.00916	0.01527	0.00916	0.01221	0.02290	0.00305	0.74198	0.00611	0.00305	0.00763
36	0.02570	0.06914	0.02061	0.01768	0.02139	0.69217	0.01341	0.02752	0.01950	0.01705	0.01073	0.01252	0.00899	0.00713	0.00620	0.00178	0.01233	0.00446	0.00357	0.00813
37	0.00998	0.00745	0.01107	0.01107	0.01226	0.00864	0.00854	0.01237	0.01117	0.01609	0.01883	0.02816	0.01777	0.08111	0.69877	0.01103	0.01820	0.00759	0.00376	0.00615
38	0.01099	0.00735	0.00965	0.00902	0.01082	0.00675	0.00678	0.01417	0.01950	0.06528	0.64276	0.07928	0.06237	0.01427	0.00819	0.00222	0.00347	0.01261	0.00768	0.00684
39	0.02888	0.01134	0.01542	0.01200	0.01698	0.00984	0.00984	0.03165	0.01995	0.63804	0.10463	0.02697	0.02278	0.00928	0.00716	0.00216	0.00564	0.00765	0.00853	0.01128
40	0.35533	0.23676	0.12600	0.01269	0.01859	0.01887	0.03887	0.02211	0.01387	0.08476	0.01186	0.01318	0.00913	0.00652	0.00510	0.00198	0.00704	0.00443	0.00406	0.00883

[dist]
# distance from previous block
# <min> <max>
0	1

[block]
# block no. 3 follows, 30 sequences, length 90
# corresponding to MSA columns:
# 182-271
name=unknown_D
#
# <colnr> <probs for GDERKNQSTAVLIFYWHMCP>
#	G	D	E	R	K	N	Q	S	T	A	V	L	I	F	Y	W	H	M	C	P
0	0.06983	0.38588	0.20444	0.04192	0.02213	0.04678	0.01582	0.03978	0.01456	0.01974	0.01071	0.01295	0.00895	0.00688	0.00689	0.00192	0.07404	0.00450	0.00321	0.00909
1	0.05373	0.65372	0.03380	0.01234	0.01808	0.06799	0.01189	0.04831	0.01516	0.01822	0.01005	0.01151	0.00901	0.00616	0.00468	0.00156	0.00768	0.00388	0.00324	0.00896
2	0.01447	0.01240	0.01447	0.01034	0.01654	0.00930	0.00827	0.01757	0.01447	0.02274	0.01240	0.01447	0.01034	0.00517	0.00517	0.00103	0.00517	0.00413	0.00413	0.79742
3	0.15389	0.04463	0.04902	0.06638	0.10476	0.01438	0.03200	0.10260	0.01801	0.24264	0.01975	0.08880	0.01558	0.00884	0.00664	0.00220	0.00681	0.00729	0.00587	0.00991
4	0.02686	0.07670	0.06143	0.01701	0.10104	0.03497	0.01308	0.10923	0.02024	0.43463	0.02170	0.02026	0.01447	0.00794	0.00675	0.00208	0.00700	0.00638	0.00688	0.01134
5	0.00925	0.00670	0.00873	0.00909	0.01026	0.00618	0.00649	0.01163	0.01699	0.02347	0.40901	0.33729	0.08385	0.01750	0.00851	0.00246	0.00361	0.01565	0.00714	0.00618
6	0.01979	0.02162	0.02237	0.13073	0.26879	0.26709	0.01678	0.02550	0.11829	0.02101	0.01446	0.01711	0.01159	0.00715	0.00673	0.00206	0.00954	0.00586	0.00399	0.00953
7	0.01765	0.01756	0.02711	0.09296	0.60817	0.07148	0.02065	0.02165	0.01605	0.02198	0.01289	0.01701	0.01076	0.00635	0.00687	0.00207	0.00870	0.00608	0.00344	0.01058
8	0.01496	0.18586	0.57729	0.01824	0.02766	0.01857	0.02291	0.02185	0.01462	0.02092	0.01194	0.01400	0.00886	0.00649	0.00618	0.00206	0.00972	0.00486	0.00295	0.01003
9	0.01740	0.58525	0.14413	0.01337	0.01964	0.02471	0.01411	0.02057	0.01402	0.01733	0.01056	0.01265	0.00934	0.00844	0.03930	0.00211	0.03084	0.00421	0.00302	0.00900
10	0.00851	0.00708	0.00744	0.00735	0.00959	0.00600	0.00551	0.01053	0.01653	0.02034	0.17464	0.06470	0.60351	0.01712	0.00824	0.00233	0.00350	0.01438	0.00668	0.00600
11	0.01452	0.13786	0.53178	0.01879	0.02766	0.01733	0.06754	0.02121	0.01469	0.02104	0.01375	0.05791	0.01118	0.00738	0.00656	0.00215	0.00963	0.00603	0.00320	0.00978
12	0.07708	0.01715	0.05821	0.06344	0.10505	0.07434	0.05516	0.11620	0.01977	0.31467	0.01918	0.01916	0.01309	0.00766	0.00681	0.00213	0.00778	0.00632	0.00611	0.01068
13	0.00825	0.00707	0.00707	0.00707	0.00943	0.00589	0.00530	0.01001	0.01591	0.01885	0.07069	0.06716	0.70839	0.01767	0.00825	0.00236	0.00353	0.01473	0.00648	0.00589
14	0.03131	0.01188	0.01619	0.01242	0.01781	0.01026	0.01026	0.03401	0.01997	0.71606	0.02753	0.02375	0.01727	0.00864	0.00702	0.00216	0.00594	0.00702	0.00864	0.01188
15	0.04308	0.15726	0.02595	0.04527	0.17803	0.20084	0.07127	0.10519	0.03828	0.02283	0.01369	0.04222	0.01164	0.00736	0.00643	0.00197	0.00917	0.00598	0.00408	0.00947
16	0.01572	0.01500	0.02552	0.30614	0.46004	0.01617	0.02064	0.02006	0.01516	0.02092	0.01285	0.01778	0.01039	0.00651	0.00693	0.00217	0.00867	0.00621	0.00332	0.00980
17	0.00998	0.00743	0.01100	0.01100	0.01217	0.00861	0.00846	0.01232	0.01115	0.01604	0.01889	0.02849	0.01791	0.09380	0.68628	0.01095	0.01799	0.00763	0.00377	0.00611
18	0.80405	0.01350	0.01026	0.00918	0.01350	0.01565	0.00756	0.02051	0.01188	0.03131	0.00972	0.01134	0.00756	0.00648	0.00432	0.00216	0.00540	0.00378	0.00432	0.00756
19	0.00982	0.00713	0.00924	0.00871	0.01039	0.00656	0.00654	0.01305	0.01961	0.02764	0.68363	0.05269	0.08997	0.01439	0.00823	0.00220	0.00330	0.01270	0.00764	0.00656
20	0.02644	0.02225	0.02071	0.01643	0.02163	0.16055	0.01331	0.55792	0.03024	0.03868	0.01558	0.01593	0.01130	0.00814	0.00685	0.00204	0.00865	0.00593	0.00631	0.01112
21	0.01727	0.01658	0.02832	0.04283	0.71123	0.01658	0.02142	0.02142	0.01589	0.02280	0.01313	0.01727	0.01105	0.00622	0.00691	0.00207	0.00829	0.00622	0.00345	0.01105
22	0.13334	0.01803	0.03659	0.02641	0.03306	0.01735	0.58522	0.02208	0.01579	0.02368	0.01346	0.01771	0.01014	0.00597	0.00765	0.00232	0.01082	0.00757	0.00365	0.00914
23	0.02029	0.59903	0.03287	0.01327	0.01872	0.18169	0.01228	0.02243	0.01541	0.01656	0.00994	0.01150	0.00896	0.00624	0.00488	0.00156	0.00859	0.00390	0.00312	0.00876
24	0.01420	0.06768	0.68880	0.01954	0.02967	0.01670	0.02518	0.02205	0.01471	0.02185	0.01240	0.01458	0.00884	0.00660	0.00654	0.00218	0.01019	0.00509	0.00295	0.01025
25	0.03131	0.01188	0.01619	0.01242	0.01781	0.01026	0.01026	0.03401	0.01997	0.71606	0.02753	0.02375	0.01727	0.00864	0.00702	0.00216	0.00594	0.00702	0.00864	0.01188
26	0.01015	0.00677	0.00761	0.00761	0.00761	0.00677	0.00423	0.01015	0.01015	0.01353	0.02199	0.04567	0.02537	0.75476	0.03552	0.00677	0.00677	0.01015	0.00423	0.00423
27	0.02305	0.02809	0.02286	0.02190	0.10437	0.51065	0.09460	0.02627	0.04422	0.01886	0.01292	0.03557	0.01095	0.00743	0.00670	0.00195	0.01147	0.00571	0.00379	0.00864
28	0.02842	0.01124	0.01521	0.01206	0.01695	0.00976	0.00990	0.03103	0.01933	0.62466	0.03042	0.05976	0.05190	0.01007	0.00726	0.00224	0.00576	0.03457	0.00835	0.01110
29	0.01400	0.03610	0.71860	0.01989	0.03020	0.01621	0.02578	0.02210	0.01473	0.02210	0.01252	0.01473	0.00884	0.00663	0.00663	0.00221	0.01031	0.00516	0.00295	0.01031
30	0.00843	0.00634	0.00782	0.00901	0.00994	0.00573	0.00616	0.00980	0.01404	0.01809	0.04705	0.56815	0.22266	0.02075	0.00873	0.00271	0.00391	0.01848	0.00648	0.00573
31	0.01509	0.00946	0.01107	0.12841	0.01676	0.01029	0.00854	0.11861	0.01728	0.02740	0.02014	0.02339	0.01556	0.00798	0.00554	0.00181	0.00492	0.00642	0.54380	0.00752
32	0.01884	0.70004	0.05922	0.01250	0.01850	0.06004	0.01249	0.02126	0.01446	0.01664	0.00985	0.01138	0.00895	0.00605	0.00464	0.00153	0.00780	0.00382	0.00301	0.00896
33	0.00844	0.00674	0.00759	0.00824	0.00985	0.00588	0.00594	0.01006	0.01498	0.01854	0.05769	0.31873	0.44201	0.01927	0.00854	0.00256	0.00382	0.03883	0.00648	0.00583
34	0.00997	0.00748	0.01121	0.01121	0.01246	0.00872	0.00872	0.01246	0.01121	0.01620	0.01869	0.02741	0.01745	0.05234	0.72710	0.01121	0.01869	0.00748	0.00374	0.00623
35	0.01496	0.00833	0.00883	0.00821	0.01037	0.00851	0.00628	0.10308	0.01705	0.05009	0.02352	0.08836	0.01957	0.00938	0.00557	0.00181	0.00398	0.00766	0.59713	0.00730
36	0.01311	0.01604	0.13553	0.58763	0.04346	0.01519	0.01987	0.01818	0.01406	0.01853	0.01356	0.04993	0.01084	0.00757	0.00700	0.00233	0.00924	0.00662	0.00322	0.00808
37	0.01008	0.00703	0.00898	0.00898	0.00945	0.00751	0.00593	0.01102	0.01055	0.01454	0.02074	0.03875	0.02237	0.48864	0.29753	0.00845	0.01128	0.00914	0.00404	0.00499
38	0.01076	0.00734	0.00956	0.00889	0.01072	0.00672	0.00671	0.01399	0.01965	0.05778	0.65903	0.05133	0.08269	0.01412	0.00818	0.00220	0.00341	0.01244	0.00769	0.00680
39	0.02230	0.01654	0.01790	0.01464	0.01920	0.01831	0.01172	0.39482	0.23212	0.06837	0.02227	0.06426	0.01750	0.03709	0.00819	0.00240	0.00670	0.00775	0.00696	0.01097
40	0.02747	0.01803	0.02000	0.01534	0.02088	0.01939	0.01267	0.55861	0.03027	0.17691	0.01889	0.01814	0.01294	0.00843	0.00699	0.00211	0.00733	0.00643	0.00731	0.01187
41	0.00982	0.00713	0.00925	0.00872	0.01039	0.00656	0.00654	0.01306	0.01963	0.02768	0.68645	0.05262	0.08713	0.01438	0.00823	0.00220	0.00330	0.01269	0.00764	0.00656
42	0.00864	0.00633	0.00791	0.00907	0.00980	0.00582	0.00609	0.00989	0.01368	0.01788	0.05955	0.55679	0.15626	0.08410	0.01107	0.00308	0.00418	0.01796	0.00632	0.00560
43	0.01496	0.01269	0.01473	0.01057	0.01674	0.00980	0.00847	0.04473	0.01521	0.02360	0.01258	0.01456	0.01040	0.00530	0.00524	0.00108	0.00527	0.00422	0.00425	0.76559
44	0.01969	0.01416	0.01615	0.01251	0.01798	0.01342	0.01006	0.14147	0.17310	0.12918	0.01899	0.01884	0.01410	0.00721	0.00619	0.00168	0.00580	0.00578	0.00596	0.36774
45	0.56170	0.01694	0.11626	0.01135	0.01649	0.01564	0.01070	0.07986	0.01472	0.03084	0.05966	0.01518	0.01222	0.00722	0.00517	0.00216	0.00618	0.00483	0.00459	0.00828
46	0.35689	0.01777	0.01538	0.01299	0.01755	0.10420	0.01046	0.21198	0.11412	0.05446	0.01498	0.01544	0.01116	0.00758	0.00578	0.00213	0.00695	0.00524	0.00550	0.00945
47	0.01455	0.03222	0.56659	0.02203	0.03161	0.01653	0.17391	0.02216	0.01512	0.02216	0.01288	0.01565	0.00923	0.00646	0.00699	0.00224	0.01064	0.00585	0.00308	0.01011
48	0.03838	0.32379	0.32224	0.01584	0.02355	0.02159	0.01788	0.12038	0.01712	0.02330	0.01194	0.01352	0.00930	0.00662	0.00576	0.00190	0.00865	0.00471	0.00360	0.00993
49	0.00850	0.00607	0.00810	0.00972	0.01012	0.00567	0.00648	0.00972	0.01336	0.01781	0.03846	0.75020	0.04615	0.02186	0.00891	0.00283	0.00405	0.01984	0.00648	0.00567
50	0.01640	0.01587	0.02491	0.30431	0.40751	0.04965	0.02004	0.03973	0.01583	0.02126	0.01285	0.01754	0.01032	0.00661	0.00691	0.00216	0.00886	0.00613	0.00343	0.00969
51	0.80405	0.01350	0.01026	0.00918	0.01350	0.01565	0.00756	0.02051	0.01188	0.03131	0.00972	0.01134	0.00756	0.00648	0.00432	0.00216	0.00540	0.00378	0.00432	0.00756
52	0.01932	0.64246	0.03366	0.01268	0.01829	0.09693	0.01204	0.02255	0.05514	0.01724	0.01091	0.01221	0.00969	0.00630	0.00481	0.00157	0.00786	0.00405	0.00329	0.00899
53	0.01400	0.03610	0.71860	0.01989	0.03020	0.01621	0.02578	0.02210	0.01473	0.02210	0.01252	0.01473	0.00884	0.00663	0.00663	0.00221	0.01031	0.00516	0.00295	0.01031
54	0.01201	0.00760	0.01001	0.00914	0.01116	0.00695	0.00695	0.01524	0.01977	0.09635	0.63997	0.04931	0.06102	0.01371	0.00811	0.00219	0.00356	0.01206	0.00778	0.00711
55	0.01814	0.43056	0.28007	0.01484	0.02232	0.02192	0.01677	0.02253	0.01491	0.08246	0.01235	0.01362	0.00967	0.00645	0.00548	0.00181	0.00835	0.00454	0.00349	0.00971
56	0.01659	0.01437	0.01939	0.10748	0.22137	0.01573	0.01469	0.02791	0.33699	0.04790	0.02471	0.02661	0.05570	0.00899	0.00718	0.00230	0.00670	0.02959	0.00557	0.01024
57	0.00825	0.00707	0.00707	0.00707	0.00943	0.00589	0.00530	0.01001	0.01591	0.01885	0.07069	0.06716	0.70839	0.01767	0.00825	0.00236	0.00353	0.01473	0.00648	0.00589
58	0.00958	0.00783	0.00934	0.01003	0.05144	0.00706	0.00687	0.01246	0.03583	0.02234	0.27494	0.08211	0.41331	0.01580	0.00815	0.00230	0.00381	0.01352	0.00671	0.00656
59	0.04604	0.01971	0.02535	0.03260	0.43644	0.14402	0.04103	0.10021	0.01858	0.05010	0.01358	0.01647	0.01088	0.00673	0.00677	0.00204	0.00893	0.00594	0.00411	0.01048
60	0.01015	0.00677	0.00761	0.00761	0.00761	0.00677	0.00423	0.01015	0.01015	0.01353	0.02199	0.04567	0.02537	0.75476	0.03552	0.00677	0.00677	0.01015	0.00423	0.00423
61	0.01727	0.01658	0.02832	0.04283	0.71123	0.01658	0.02142	0.02142	0.01589	0.02280	0.01313	0.01727	0.01105	0.00622	0.00691	0.00207	0.00829	0.00622	0.00345	0.01105
62	0.02557	0.02908	0.02062	0.01924	0.06844	0.52203	0.01397	0.17391	0.02240	0.02344	0.01227	0.01383	0.00977	0.00739	0.00649	0.00188	0.01120	0.00501	0.00434	0.00913
63	0.02977	0.01378	0.01731	0.01333	0.01873	0.01316	0.01099	0.18884	0.04291	0.53689	0.02501	0.02216	0.01611	0.00860	0.00701	0.00215	0.00634	0.00687	0.00820	0.01185
64	0.00858	0.00619	0.00815	0.00970	0.01024	0.00576	0.00658	0.00989	0.01358	0.01797	0.03998	0.69403	0.07814	0.02157	0.00890	0.00282	0.00410	0.04163	0.00648	0.00570
65	0.80405	0.01350	0.01026	0.00918	0.01350	0.01565	0.00756	0.02051	0.01188	0.03131	0.00972	0.01134	0.00756	0.00648	0.00432	0.00216	0.00540	0.00378	0.00432	0.00756
66	0.00840	0.00710	0.00728	0.00732	0.00963	0.00598	0.00554	0.01026	0.01603	0.01921	0.08966	0.06707	0.66568	0.01762	0.00829	0.00238	0.00362	0.03646	0.00652	0.00593
67	0.01858	0.73297	0.03673	0.01255	0.01856	0.02726	0.03560	0.02095	0.01426	0.01663	0.00986	0.01146	0.00901	0.00597	0.00461	0.00152	0.00761	0.00389	0.00300	0.00897
68	0.01836	0.71314	0.07979	0.01244	0.01869	0.02689	0.01282	0.02097	0.01421	0.01678	0.00988	0.01142	0.00895	0.00601	0.00461	0.00154	0.00764	0.00382	0.00298	0.00904
69	0.01504	0.01274	0.01477	0.01060	0.01678	0.00988	0.00850	0.04904	0.01533	0.02374	0.01261	0.01458	0.01041	0.00532	0.00525	0.00108	0.00529	0.00424	0.00427	0.76054
70	0.01821	0.68993	0.10170	0.01270	0.01908	0.02652	0.01326	0.02101	0.01423	0.01696	0.00997	0.01153	0.00894	0.00603	0.00468	0.00156	0.00773	0.00387	0.00298	0.00908
71	0.03131	0.01188	0.01619	0.01242	0.01781	0.01026	0.01026	0.03401	0.01997	0.71606	0.02753	0.02375	0.01727	0.00864	0.00702	0.00216	0.00594	0.00702	0.00864	0.01188
72	0.03131	0.01188	0.01619	0.01242	0.01781	0.01026	0.01026	0.03401	0.01997	0.71606	0.02753	0.02375	0.01727	0.00864	0.00702	0.00216	0.00594	0.00702	0.00864	0.01188
73	0.02631	0.14019	0.02156	0.01431	0.01958	0.10299	0.01197	0.25141	0.05631	0.25761	0.01901	0.01810	0.01329	0.00798	0.00650	0.00199	0.00755	0.00597	0.00647	0.01090
74	0.01118	0.00799	0.01115	0.01265	0.01426	0.00796	0.01102	0.01440	0.01624	0.02123	0.06955	0.07742	0.04141	0.01903	0.00957	0.00316	0.00627	0.63258	0.00649	0.00643
75	0.01527	0.01527	0.02137	0.01832	0.01832	0.02137	0.01527	0.01679	0.01069	0.01679	0.00916	0.01527	0.00916	0.01221	0.02290	0.00305	0.74198	0.00611	0.00305	0.00763
76	0.01076	0.00775	0.01060	0.01184	0.01342	0.00760	0.01005	0.01379	0.01639	0.02155	0.12786	0.11425	0.07641	0.01869	0.00934	0.00301	0.00573	0.50799	0.00660	0.00638
77	0.01400	0.03610	0.71860	0.01989	0.03020	0.01621	0.02578	0.02210	0.01473	0.02210	0.01252	0.01473	0.00884	0.00663	0.00663	0.00221	0.01031	0.00516	0.00295	0.01031
78	0.00825	0.00707	0.00707	0.00707	0.00943	0.00589	0.00530	0.01001	0.01591	0.01885	0.07069	0.06716	0.70839	0.01767	0.00825	0.00236	0.00353	0.01473	0.00648	0.00589
79	0.75844	0.01340	0.01061	0.00937	0.01375	0.01534	0.00772	0.02131	0.01235	0.07173	0.01077	0.01207	0.00813	0.00661	0.00448	0.00216	0.00543	0.00397	0.00457	0.00781
80	0.01318	0.01240	0.02093	0.73798	0.04806	0.01550	0.01938	0.01783	0.01395	0.01783	0.01240	0.01860	0.00930	0.00698	0.00698	0.00233	0.00930	0.00620	0.00310	0.00775
81	0.01366	0.01290	0.02180	0.65587	0.12640	0.01563	0.01962	0.01825	0.01418	0.01842	0.01249	0.01845	0.00951	0.00689	0.00697	0.00230	0.00918	0.00620	0.00314	0.00814
82	0.00839	0.00694	0.00722	0.00741	0.00940	0.00592	0.00538	0.00999	0.01527	0.01842	0.06407	0.14538	0.59101	0.06167	0.00993	0.00267	0.00379	0.01505	0.00635	0.00577
83	0.01012	0.00682	0.00789	0.00786	0.00801	0.00685	0.00459	0.01044	0.01077	0.01451	0.06229	0.04516	0.02737	0.67690	0.06753	0.00671	0.00714	0.01016	0.00441	0.00446
84	0.01318	0.01240	0.02093	0.73798	0.04806	0.01550	0.01938	0.01783	0.01395	0.01783	0.01240	0.01860	0.00930	0.00698	0.00698	0.00233	0.00930	0.00620	0.00310	0.00775
85	0.01647	0.01882	0.04118	0.02941	0.03647	0.01765	0.68588	0.02235	0.01647	0.02235	0.01412	0.01882	0.01059	0.00588	0.00824	0.00235	0.01176	0.00824	0.00353	0.00941
86	0.01318	0.01240	0.02093	0.73798	0.04806	0.01550	0.01938	0.01783	0.01395	0.01783	0.01240	0.01860	0.00930	0.00698	0.00698	0.00233	0.00930	0.00620	0.00310	0.00775
87	0.00850	0.00607	0.00810	0.00972	0.01012	0.00567	0.00648	0.00972	0.01336	0.01781	0.03846	0.75020	0.04615	0.02186	0.00891	0.00283	0.00405	0.01984	0.00648	0.00567
88	0.01400	0.03610	0.71860	0.01989	0.03020	0.01621	0.02578	0.02210	0.01473	0.02210	0.01252	0.01473	0.00884	0.00663	0.00663	0.00221	0.01031	0.00516	0.00295	0.01031
89	0.01622	0.01379	0.01480	0.01337	0.01697	0.01571	0.01037	0.03343	0.59509	0.02901	0.13197	0.03001	0.02809	0.01020	0.00727	0.00234	0.00518	0.00861	0.00719	0.01037

[dist]
# distance from previous block
# <min> <max>
0	1

[block]
# block no. 4 follows, 30 sequences, length 26
# corresponding to MSA columns:
# 273-298
name=unknown_E
#
# <colnr> <probs for GDERKNQSTAVLIFYWHMCP>
#	G	D	E	R	K	N	Q	S	T	A	V	L	I	F	Y	W	H	M	C	P
0	0.01776	0.62052	0.16719	0.01346	0.02026	0.02543	0.01459	0.02113	0.01429	0.01751	0.01024	0.01187	0.00893	0.00610	0.00489	0.00163	0.00801	0.00400	0.00298	0.00922
1	0.01318	0.01240	0.02093	0.73798	0.04806	0.01550	0.01938	0.01783	0.01395	0.01783	0.01240	0.01860	0.00930	0.00698	0.00698	0.00233	0.00930	0.00620	0.00310	0.00775
2	0.01654	0.43047	0.34650	0.01555	0.02350	0.02243	0.01823	0.02144	0.01443	0.01900	0.01098	0.01280	0.00890	0.00627	0.00546	0.00182	0.00876	0.00438	0.00297	0.00957
3	0.63792	0.01315	0.01153	0.00987	0.01442	0.01449	0.00814	0.02341	0.01362	0.17852	0.01355	0.01401	0.00965	0.00694	0.00490	0.00216	0.00551	0.00447	0.00525	0.00849
4	0.01866	0.75896	0.03657	0.01194	0.01791	0.02761	0.01194	0.02090	0.01418	0.01642	0.00970	0.01119	0.00896	0.00597	0.00448	0.00149	0.00746	0.00373	0.00299	0.00896
5	0.01549	0.00870	0.01115	0.01057	0.01319	0.00799	0.00837	0.03985	0.01763	0.19534	0.13976	0.17710	0.16770	0.01567	0.00829	0.00253	0.00490	0.14082	0.00720	0.00775
6	0.01379	0.03463	0.68278	0.01933	0.02920	0.01572	0.02481	0.02165	0.01499	0.02240	0.04762	0.01662	0.01172	0.00702	0.00671	0.00221	0.00996	0.00553	0.00319	0.01012
7	0.01636	0.01960	0.07162	0.02898	0.03619	0.01758	0.65622	0.02234	0.01639	0.02234	0.01405	0.01864	0.01051	0.00592	0.00816	0.00235	0.01170	0.00810	0.00350	0.00945
8	0.01318	0.01240	0.02093	0.73798	0.04806	0.01550	0.01938	0.01783	0.01395	0.01783	0.01240	0.01860	0.00930	0.00698	0.00698	0.00233	0.00930	0.00620	0.00310	0.00775
9	0.01313	0.01212	0.02040	0.70533	0.04632	0.01508	0.01878	0.01744	0.01374	0.01757	0.01239	0.01872	0.00943	0.00775	0.00789	0.03793	0.00916	0.00620	0.00310	0.00754
10	0.03131	0.01188	0.01619	0.01242	0.01781	0.01026	0.01026	0.03401	0.01997	0.71606	0.02753	0.02375	0.01727	0.00864	0.00702	0.00216	0.00594	0.00702	0.00864	0.01188
11	0.01015	0.00677	0.00761	0.00761	0.00761	0.00677	0.00423	0.01015	0.01015	0.01353	0.02199	0.04567	0.02537	0.75476	0.03552	0.00677	0.00677	0.01015	0.00423	0.00423
12	0.01547	0.01676	0.03544	0.02624	0.03225	0.01581	0.55668	0.02084	0.01639	0.02207	0.01849	0.03029	0.01625	0.00845	0.00850	0.00252	0.01074	0.13387	0.00408	0.00884
13	0.01637	0.01566	0.02670	0.19597	0.56514	0.01634	0.02097	0.02063	0.01546	0.02170	0.01297	0.01756	0.01067	0.00638	0.00692	0.00213	0.00851	0.00621	0.00338	0.01033
14	0.00850	0.00607	0.00810	0.00972	0.01012	0.00567	0.00648	0.00972	0.01336	0.01781	0.03846	0.75020	0.04615	0.02186	0.00891	0.00283	0.00405	0.01984	0.00648	0.00567
15	0.00865	0.00709	0.00763	0.00749	0.00967	0.00606	0.00562	0.01080	0.01686	0.02111	0.22835	0.06344	0.54933	0.01683	0.00824	0.00232	0.00347	0.01421	0.00678	0.00606
16	0.00997	0.00748	0.01121	0.01121	0.01246	0.00872	0.00872	0.01246	0.01121	0.01620	0.01869	0.02741	0.01745	0.05234	0.72710	0.01121	0.01869	0.00748	0.00374	0.00623
17	0.00980	0.00713	0.00923	0.00870	0.01038	0.00655	0.00653	0.01303	0.01958	0.02758	0.67915	0.05280	0.09450	0.01442	0.00823	0.00220	0.00330	0.01271	0.00763	0.00655
18	0.02653	0.01955	0.02094	0.01606	0.02164	0.02164	0.01326	0.68796	0.03281	0.04398	0.01675	0.01675	0.01187	0.00838	0.00698	0.00209	0.00768	0.00628	0.00698	0.01187
19	0.02149	0.01687	0.01657	0.01441	0.01865	0.10504	0.01129	0.06193	0.45641	0.15982	0.02555	0.02353	0.01860	0.00898	0.00698	0.00224	0.00657	0.00723	0.00695	0.01087
20	0.00847	0.00620	0.00797	0.00938	0.01003	0.00570	0.00633	0.00975	0.01369	0.01795	0.04258	0.66301	0.13069	0.02133	0.00882	0.00277	0.00398	0.01919	0.00648	0.00570
21	0.00988	0.00713	0.00933	0.00878	0.01043	0.00658	0.00658	0.01317	0.01975	0.02798	0.70754	0.05213	0.06584	0.01427	0.00823	0.00219	0.00329	0.01262	0.00768	0.00658
22	0.01015	0.00677	0.00761	0.00761	0.00761	0.00677	0.00423	0.01015	0.01015	0.01353	0.02199	0.04567	0.02537	0.75476	0.03552	0.00677	0.00677	0.01015	0.00423	0.00423
23	0.80405	0.01350	0.01026	0.00918	0.01350	0.01565	0.00756	0.02051	0.01188	0.03131	0.00972	0.01134	0.00756	0.00648	0.00432	0.00216	0.00540	0.00378	0.00432	0.00756
24	0.01606	0.35546	0.41728	0.01638	0.02477	0.02125	0.01967	0.02157	0.01449	0.01959	0.01128	0.01317	0.00889	0.00634	0.00568	0.00189	0.00905	0.00453	0.00296	0.00971
25	0.03109	0.01222	0.01641	0.01258	0.01799	0.01077	0.01039	0.06331	0.02055	0.68595	0.02705	0.02344	0.01703	0.00863	0.00702	0.00216	0.00602	0.00698	0.00856	0.01188

[dist]
# distance from previous block
# <min> <max>
0	1

[block]
# block no. 5 follows, 30 sequences, length 17
# corresponding to MSA columns:
# 300-316
name=unknown_F
#
# <colnr> <probs for GDERKNQSTAVLIFYWHMCP>
#	G	D	E	R	K	N	Q	S	T	A	V	L	I	F	Y	W	H	M	C	P
0	0.02696	0.01886	0.02051	0.01573	0.02130	0.02061	0.01299	0.62905	0.03165	0.10452	0.01772	0.01738	0.01235	0.00840	0.00698	0.00210	0.00752	0.00635	0.00713	0.01187
1	0.07447	0.01791	0.05690	0.01663	0.06423	0.01801	0.01328	0.37059	0.10187	0.16602	0.01920	0.01870	0.01346	0.00820	0.00681	0.00215	0.00714	0.00638	0.00670	0.01137
2	0.01015	0.00677	0.00761	0.00761	0.00761	0.00677	0.00423	0.01015	0.01015	0.01353	0.02199	0.04567	0.02537	0.75476	0.03552	0.00677	0.00677	0.01015	0.00423	0.00423
3	0.00850	0.00607	0.00810	0.00972	0.01012	0.00567	0.00648	0.00972	0.01336	0.01781	0.03846	0.75020	0.04615	0.02186	0.00891	0.00283	0.00405	0.01984	0.00648	0.00567
4	0.00850	0.00607	0.00810	0.00972	0.01012	0.00567	0.00648	0.00972	0.01336	0.01781	0.03846	0.75020	0.04615	0.02186	0.00891	0.00283	0.00405	0.01984	0.00648	0.00567
5	0.01447	0.01240	0.01447	0.01034	0.01654	0.00930	0.00827	0.01757	0.01447	0.02274	0.01240	0.01447	0.01034	0.00517	0.00517	0.00103	0.00517	0.00413	0.00413	0.79742
6	0.01212	0.00606	0.00909	0.00909	0.00909	0.00606	0.00606	0.00909	0.00909	0.01212	0.01212	0.02121	0.01212	0.02424	0.02727	0.79697	0.00606	0.00606	0.00303	0.00303
7	0.01727	0.01658	0.02832	0.04283	0.71123	0.01658	0.02142	0.02142	0.01589	0.02280	0.01313	0.01727	0.01105	0.00622	0.00691	0.00207	0.00829	0.00622	0.00345	0.01105
8	0.01318	0.01240	0.02093	0.73798	0.04806	0.01550	0.01938	0.01783	0.01395	0.01783	0.01240	0.01860	0.00930	0.00698	0.00698	0.00233	0.00930	0.00620	0.00310	0.00775
9	0.00979	0.00713	0.00920	0.00868	0.01037	0.00655	0.00651	0.01300	0.01954	0.02748	0.67247	0.05295	0.10123	0.01445	0.00823	0.00220	0.00331	0.01274	0.00762	0.00655
10	0.00984	0.00664	0.00770	0.00800	0.00807	0.00656	0.00464	0.01007	0.01074	0.01432	0.02502	0.17547	0.02920	0.61973	0.03062	0.00604	0.00626	0.01193	0.00464	0.00449
11	0.01701	0.01632	0.02786	0.08694	0.66915	0.01651	0.02129	0.02119	0.01577	0.02248	0.01308	0.01736	0.01094	0.00627	0.00691	0.00209	0.00835	0.00622	0.00343	0.01084
12	0.00981	0.00715	0.00933	0.00883	0.01049	0.00667	0.00664	0.01299	0.01912	0.02694	0.64186	0.05147	0.09200	0.01647	0.04702	0.00269	0.00413	0.01244	0.00742	0.00653
13	0.01736	0.01499	0.01578	0.01420	0.01815	0.01736	0.01105	0.03708	0.69862	0.02919	0.02840	0.02604	0.02130	0.00947	0.00710	0.00237	0.00552	0.00789	0.00710	0.01105
14	0.01836	0.71309	0.07984	0.01244	0.01869	0.02689	0.01282	0.02097	0.01421	0.01678	0.00988	0.01142	0.00895	0.00601	0.00461	0.00154	0.00764	0.00382	0.00298	0.00904
15	0.02847	0.01644	0.01902	0.01458	0.02009	0.01702	0.01204	0.42282	0.02761	0.31647	0.02112	0.01959	0.01406	0.00848	0.00700	0.00212	0.00697	0.00658	0.00765	0.01187
16	0.01647	0.01882	0.04118	0.02941	0.03647	0.01765	0.68588	0.02235	0.01647	0.02235	0.01412	0.01882	0.01059	0.00588	0.00824	0.00235	0.01176	0.00824	0.00353	0.00941

[dist]
# distance from previous block
# <min> <max>
0	1

[block]
# block no. 6 follows, 30 sequences, length 75
# corresponding to MSA columns:
# 318-392
name=unknown_G
#
# <colnr> <probs for GDERKNQSTAVLIFYWHMCP>
#	G	D	E	R	K	N	Q	S	T	A	V	L	I	F	Y	W	H	M	C	P
0	0.00965	0.00712	0.00902	0.00854	0.01029	0.00649	0.00641	0.01273	0.01922	0.02673	0.61996	0.05419	0.15421	0.01473	0.00823	0.00222	0.00333	0.01291	0.00752	0.00649
1	0.01425	0.07541	0.68150	0.01946	0.02953	0.01683	0.02503	0.02203	0.01470	0.02179	0.01237	0.01454	0.00885	0.00659	0.00651	0.00217	0.01016	0.00508	0.00295	0.01024
2	0.00906	0.00706	0.00822	0.00801	0.00994	0.00622	0.00598	0.01155	0.01770	0.02330	0.38218	0.08548	0.36798	0.01616	0.00826	0.00230	0.00343	0.01389	0.00707	0.00622
3	0.03131	0.01188	0.01619	0.01242	0.01781	0.01026	0.01026	0.03401	0.01997	0.71606	0.02753	0.02375	0.01727	0.00864	0.00702	0.00216	0.00594	0.00702	0.00864	0.01188
4	0.00888	0.00709	0.00794	0.00773	0.00981	0.00616	0.00580	0.01123	0.01739	0.02238	0.31681	0.06135	0.46007	0.01636	0.00824	0.00229	0.00344	0.01391	0.00694	0.00616
5	0.01318	0.01240	0.02093	0.73798	0.04806	0.01550	0.01938	0.01783	0.01395	0.01783	0.01240	0.01860	0.00930	0.00698	0.00698	0.00233	0.00930	0.00620	0.00310	0.00775
6	0.01798	0.65408	0.13552	0.01309	0.01969	0.02596	0.01395	0.02107	0.01426	0.01724	0.01011	0.01171	0.00894	0.00607	0.00479	0.00160	0.00788	0.00394	0.00298	0.00915
7	0.02607	0.03326	0.01978	0.01798	0.02157	0.72674	0.01348	0.02787	0.01978	0.01708	0.01079	0.01258	0.00899	0.00719	0.00629	0.00180	0.01258	0.00449	0.00360	0.00809
