[name]
unknown

[dist]
# distance from previous block
# <min> <max>
0	36

[block]
# block no. 0 follows, 28 sequences, length 9
# corresponding to MSA columns:
# 46-54
name=unknown_A
#
# <colnr> <probs for GDERKNQSTAVLIFYWHMCP>
#	G	D	E	R	K	N	Q	S	T	A	V	L	I	F	Y	W	H	M	C	P
0	0.01157	0.00841	0.01141	0.01291	0.01450	0.00847	0.01086	0.01549	0.05208	0.02168	0.03828	0.19042	0.04184	0.01999	0.00977	0.00323	0.00622	0.50932	0.00674	0.00682
1	0.01126	0.00717	0.00856	0.00873	0.00944	0.00683	0.00554	0.01176	0.01258	0.05374	0.03277	0.20890	0.11122	0.40702	0.02498	0.04979	0.00589	0.01308	0.00542	0.00533
2	0.02200	0.01593	0.01777	0.01429	0.01810	0.01761	0.01129	0.41272	0.02581	0.05841	0.06003	0.02672	0.01900	0.17721	0.01534	0.00337	0.06019	0.00788	0.00642	0.00989
3	0.01365	0.01139	0.01335	0.01478	0.07826	0.06393	0.01044	0.01607	0.01644	0.05809	0.07029	0.14482	0.20773	0.03374	0.01044	0.00280	0.05836	0.16195	0.00607	0.00739
4	0.01687	0.02103	0.10657	0.02821	0.09985	0.06508	0.43038	0.02230	0.01683	0.02247	0.01662	0.08750	0.01432	0.00793	0.00819	0.00241	0.01102	0.00892	0.00390	0.00961
5	0.01850	0.01860	0.02788	0.10736	0.56925	0.08711	0.02128	0.02262	0.01676	0.02266	0.01336	0.01763	0.01112	0.00665	0.00714	0.00216	0.00918	0.00630	0.00358	0.01088
6	0.01238	0.00743	0.01135	0.12186	0.01600	0.00787	0.00855	0.01125	0.01136	0.01515	0.06424	0.07034	0.01854	0.02152	0.02242	0.55736	0.00650	0.00776	0.00375	0.00437
7	0.06461	0.01633	0.02296	0.22389	0.31402	0.07268	0.01846	0.02213	0.05930	0.02262	0.01644	0.02429	0.01419	0.00831	0.00728	0.00235	0.00873	0.06766	0.00410	0.00963
8	0.08750	0.00752	0.00751	0.00747	0.00895	0.00772	0.00525	0.01547	0.01373	0.02398	0.02288	0.06019	0.02079	0.19538	0.01328	0.00316	0.00456	0.00804	0.48037	0.00624

[dist]
# distance from previous block
# <min> <max>
0	1

[block]
# block no. 1 follows, 28 sequences, length 15
# corresponding to MSA columns:
# 56-70
name=unknown_B
#
# <colnr> <probs for GDERKNQSTAVLIFYWHMCP>
#	G	D	E	R	K	N	Q	S	T	A	V	L	I	F	Y	W	H	M	C	P
0	0.02651	0.01980	0.02118	0.01650	0.02211	0.02202	0.01354	0.60012	0.11085	0.04400	0.01888	0.01859	0.01352	0.00886	0.00729	0.00221	0.00773	0.00674	0.00729	0.01226
1	0.01263	0.00631	0.00947	0.00947	0.00947	0.00631	0.00631	0.00947	0.00947	0.01263	0.01263	0.02210	0.01263	0.02525	0.02841	0.78851	0.00631	0.00631	0.00316	0.00316
2	0.02554	0.01899	0.02050	0.01596	0.02144	0.02075	0.01305	0.57851	0.05677	0.04252	0.01895	0.05851	0.01467	0.00939	0.00729	0.00218	0.00756	0.00729	0.00709	0.05303
3	0.01264	0.01093	0.01691	0.01522	0.01758	0.01120	0.12485	0.04076	0.08379	0.02187	0.03267	0.38655	0.05386	0.01702	0.00985	0.00282	0.05157	0.07623	0.00607	0.00760
4	0.04249	0.00903	0.01087	0.00985	0.01275	0.00829	0.00766	0.01856	0.04860	0.16503	0.28241	0.07173	0.23422	0.01458	0.00819	0.00239	0.00438	0.03337	0.00761	0.00799
5	0.07324	0.01226	0.01566	0.01251	0.01747	0.01137	0.01018	0.03251	0.09100	0.51778	0.10227	0.02754	0.02351	0.00961	0.00730	0.00228	0.00580	0.00786	0.00845	0.01140
6	0.06550	0.01495	0.01629	0.01461	0.03998	0.01636	0.01116	0.13796	0.36056	0.10329	0.03151	0.02960	0.10568	0.01039	0.00734	0.00237	0.00599	0.00846	0.00717	0.01084
7	0.00913	0.00733	0.00816	0.00807	0.01018	0.00635	0.00601	0.01144	0.01767	0.02254	0.26529	0.10201	0.46517	0.01755	0.00862	0.00243	0.00363	0.01495	0.00714	0.00635
8	0.07327	0.01215	0.01593	0.01236	0.01770	0.01068	0.01015	0.03222	0.02001	0.58341	0.07310	0.02555	0.02055	0.00909	0.00714	0.00219	0.00592	0.00737	0.00843	0.05279
9	0.02573	0.01909	0.02055	0.01615	0.02148	0.02111	0.01318	0.58902	0.07350	0.04296	0.01978	0.06823	0.01546	0.00977	0.00742	0.00225	0.00760	0.00763	0.00724	0.01186
10	0.04575	0.00830	0.00925	0.00882	0.01123	0.00770	0.00668	0.01458	0.05712	0.04600	0.29856	0.07630	0.35155	0.01588	0.00831	0.00239	0.00389	0.01349	0.00723	0.00699
11	0.00972	0.00726	0.00904	0.00891	0.01060	0.00657	0.00656	0.01251	0.01877	0.02562	0.47021	0.15630	0.19766	0.01675	0.00868	0.00242	0.00360	0.01469	0.00756	0.00657
12	0.07187	0.01179	0.01409	0.01201	0.01592	0.01182	0.00951	0.02850	0.19800	0.26661	0.23838	0.03387	0.03444	0.01093	0.00755	0.00232	0.00516	0.00918	0.00796	0.01010
13	0.00900	0.00643	0.00860	0.01029	0.01078	0.00603	0.00700	0.01038	0.01406	0.01872	0.03998	0.70585	0.04775	0.02263	0.00932	0.00297	0.00435	0.05315	0.00674	0.00594
14	0.01088	0.00761	0.00961	0.00900	0.01099	0.00689	0.00679	0.01403	0.01993	0.05395	0.56736	0.05571	0.16955	0.01521	0.00853	0.00231	0.00358	0.01328	0.00784	0.00696

[dist]
# distance from previous block
# <min> <max>
0	5

[block]
# block no. 2 follows, 28 sequences, length 18
# corresponding to MSA columns:
# 76-93
name=unknown_C
#
# <colnr> <probs for GDERKNQSTAVLIFYWHMCP>
#	G	D	E	R	K	N	Q	S	T	A	V	L	I	F	Y	W	H	M	C	P
0	0.02710	0.02010	0.02152	0.01662	0.02234	0.02230	0.01369	0.63974	0.07025	0.04496	0.01812	0.01799	0.01291	0.00879	0.00728	0.00220	0.00787	0.00664	0.00728	0.01231
1	0.00954	0.00698	0.00898	0.00954	0.01077	0.00643	0.00685	0.01185	0.01710	0.02321	0.31640	0.35322	0.12915	0.01888	0.00894	0.00263	0.00393	0.04198	0.00727	0.00636
2	0.01084	0.00746	0.00966	0.00932	0.01105	0.00682	0.00690	0.01383	0.01936	0.05333	0.53408	0.15338	0.10447	0.01601	0.00863	0.00239	0.00367	0.01415	0.00778	0.00689
3	0.01653	0.12234	0.02647	0.01919	0.02078	0.02284	0.07639	0.01865	0.01222	0.01797	0.01010	0.01563	0.00965	0.01117	0.01966	0.00288	0.55977	0.00621	0.00322	0.00832
4	0.00894	0.00660	0.00839	0.00978	0.01062	0.00606	0.00676	0.01040	0.01452	0.01889	0.04596	0.59084	0.16293	0.02188	0.00919	0.00288	0.00423	0.04840	0.00675	0.00598
5	0.01214	0.00831	0.00933	0.00882	0.00947	0.00847	0.00543	0.07245	0.01340	0.01800	0.06517	0.04520	0.02780	0.62981	0.03243	0.00629	0.00691	0.01036	0.00490	0.00530
6	0.01052	0.00747	0.00944	0.01026	0.01117	0.00725	0.00709	0.05287	0.01540	0.02058	0.08441	0.51437	0.06238	0.09341	0.01240	0.02470	0.00481	0.03874	0.00654	0.00619
7	0.13747	0.00822	0.00896	0.00894	0.00989	0.00873	0.00586	0.01262	0.01133	0.01791	0.02193	0.10332	0.02425	0.45896	0.12671	0.00656	0.00834	0.01003	0.00456	0.00540
8	0.01519	0.01335	0.01611	0.01197	0.01750	0.01151	0.00967	0.01819	0.01450	0.02279	0.01243	0.01519	0.01059	0.00645	0.00806	0.00138	0.11044	0.00460	0.00414	0.67594
9	0.01133	0.00832	0.01147	0.11369	0.01669	0.00856	0.00890	0.04278	0.01656	0.02254	0.24868	0.27484	0.04332	0.05313	0.01181	0.07576	0.00526	0.01365	0.00623	0.00650
10	0.03341	0.00899	0.01163	0.07640	0.01561	0.00896	0.00863	0.01728	0.06751	0.07284	0.45326	0.07597	0.09379	0.01374	0.00820	0.00235	0.00447	0.01199	0.00736	0.00762
11	0.01507	0.01292	0.01507	0.01077	0.01723	0.00969	0.00861	0.01830	0.01507	0.02369	0.01292	0.01507	0.01077	0.00538	0.00538	0.00108	0.00538	0.00431	0.00431	0.78898
12	0.02332	0.01764	0.01933	0.01563	0.02047	0.01975	0.01269	0.45830	0.15473	0.03870	0.02005	0.02090	0.01507	0.01557	0.10983	0.00361	0.00923	0.00704	0.00681	0.01135
13	0.01238	0.00869	0.01013	0.01005	0.01106	0.00885	0.00667	0.10655	0.01528	0.02041	0.02876	0.31141	0.03278	0.35840	0.02196	0.00476	0.00609	0.01390	0.00573	0.00614
14	0.01989	0.42978	0.12022	0.01492	0.02102	0.14024	0.01447	0.02558	0.11298	0.01992	0.01350	0.01463	0.01118	0.00705	0.00567	0.00184	0.00876	0.00484	0.00383	0.00968
15	0.01477	0.01282	0.01416	0.01325	0.01550	0.09509	0.01034	0.09509	0.04397	0.02101	0.01868	0.02533	0.01660	0.04156	0.51673	0.00899	0.01676	0.00729	0.00443	0.00763
16	0.01002	0.00694	0.00819	0.00852	0.00895	0.00671	0.00526	0.01077	0.01272	0.01698	0.09704	0.21061	0.07734	0.45882	0.02595	0.00533	0.00582	0.01347	0.00545	0.00511
17	0.19919	0.01682	0.01939	0.14855	0.11703	0.04085	0.01434	0.22724	0.06817	0.03190	0.01697	0.01889	0.03441	0.00806	0.00665	0.00226	0.00771	0.00627	0.00527	0.01003

[dist]
# distance from previous block
# <min> <max>
0	3

[block]
# block no. 3 follows, 28 sequences, length 15
# corresponding to MSA columns:
# 97-111
name=unknown_D
#
# <colnr> <probs for GDERKNQSTAVLIFYWHMCP>
#	G	D	E	R	K	N	Q	S	T	A	V	L	I	F	Y	W	H	M	C	P
0	0.01553	0.01714	0.05738	0.08022	0.12000	0.01579	0.37401	0.02092	0.03163	0.02247	0.02104	0.08754	0.06214	0.00870	0.00818	0.00241	0.00987	0.00945	0.00420	0.03137
1	0.05044	0.00953	0.01197	0.01051	0.01328	0.00905	0.00790	0.02113	0.04200	0.24734	0.18488	0.07114	0.05315	0.17367	0.05825	0.00393	0.00635	0.01018	0.00703	0.00827
2	0.01780	0.01845	0.03594	0.07689	0.11101	0.01782	0.44508	0.08109	0.01828	0.02507	0.01458	0.01887	0.01109	0.00642	0.00797	0.00229	0.01077	0.00769	0.00401	0.06885
3	0.02310	0.17016	0.02319	0.01746	0.04853	0.42898	0.01332	0.04362	0.05123	0.01929	0.01501	0.01690	0.03634	0.01066	0.05011	0.00249	0.01142	0.00541	0.00401	0.00878
4	0.02139	0.01619	0.01833	0.01627	0.06068	0.01747	0.01204	0.39390	0.08586	0.03533	0.02191	0.12601	0.01960	0.07727	0.01019	0.00271	0.00709	0.00902	0.00660	0.04214
5	0.07394	0.00868	0.00857	0.00798	0.01030	0.00907	0.00617	0.08310	0.01692	0.02939	0.02206	0.02498	0.01719	0.00836	0.00526	0.00178	0.00402	0.00654	0.64826	0.00742
6	0.12468	0.00902	0.00960	0.00915	0.01151	0.00899	0.00685	0.01572	0.07584	0.02553	0.28570	0.07747	0.22740	0.06957	0.01005	0.00273	0.00433	0.01210	0.00677	0.00699
7	0.01824	0.01508	0.01793	0.01322	0.01946	0.01347	0.03903	0.17277	0.05183	0.02916	0.01486	0.01641	0.01170	0.00641	0.00606	0.00146	0.00631	0.00520	0.00512	0.53630
8	0.01416	0.01080	0.01151	0.01077	0.01355	0.04357	0.00837	0.07680	0.06470	0.07203	0.16216	0.11439	0.28009	0.01567	0.00839	0.00248	0.00513	0.07060	0.00707	0.00777
9	0.02648	0.03199	0.02141	0.02058	0.07553	0.59785	0.01467	0.08703	0.02151	0.02080	0.01199	0.01388	0.00980	0.00752	0.00667	0.00192	0.01229	0.00499	0.00405	0.00903
10	0.13555	0.05145	0.12904	0.08432	0.02153	0.01400	0.01348	0.08073	0.01777	0.13489	0.07096	0.08083	0.02150	0.01044	0.00707	0.00236	0.00700	0.06584	0.04206	0.00918
11	0.02664	0.02118	0.02117	0.01671	0.02217	0.08488	0.01361	0.55330	0.09762	0.04174	0.01809	0.01802	0.01307	0.00873	0.00722	0.00218	0.00824	0.00654	0.00696	0.01192
12	0.01882	0.03428	0.04483	0.01502	0.05991	0.03430	0.01152	0.12295	0.20899	0.11245	0.05731	0.05422	0.17134	0.01153	0.00760	0.00234	0.00620	0.00953	0.00680	0.01005
13	0.03910	0.02692	0.33277	0.08361	0.06188	0.04338	0.05096	0.13624	0.07212	0.06035	0.01582	0.01761	0.01141	0.00755	0.00708	0.00229	0.00948	0.00613	0.00455	0.01075
14	0.23584	0.05150	0.02021	0.01614	0.04241	0.07840	0.12503	0.02436	0.05787	0.13805	0.04280	0.05071	0.01651	0.05949	0.00875	0.00259	0.00772	0.00721	0.00533	0.00906

[dist]
# distance from previous block
# <min> <max>
3	38

[block]
# block no. 4 follows, 28 sequences, length 143
# corresponding to MSA columns:
# 150-292
name=unknown_E
#
# <colnr> <probs for GDERKNQSTAVLIFYWHMCP>
#	G	D	E	R	K	N	Q	S	T	A	V	L	I	F	Y	W	H	M	C	P
0	0.13335	0.01158	0.01434	0.03473	0.04028	0.01151	0.03386	0.04517	0.06782	0.15452	0.11496	0.08714	0.12362	0.01217	0.00753	0.00239	0.00570	0.05336	0.00663	0.03934
1	0.01110	0.00757	0.00895	0.00872	0.01061	0.00676	0.00631	0.01317	0.01694	0.07068	0.24257	0.14748	0.29224	0.10964	0.01220	0.00304	0.00429	0.01421	0.00698	0.00655
2	0.02341	0.45213	0.03002	0.01321	0.01911	0.06760	0.01210	0.07369	0.01798	0.17768	0.01510	0.01532	0.01160	0.00710	0.00561	0.00176	0.00768	0.00494	0.00486	0.03908
3	0.01060	0.00859	0.00922	0.01027	0.01084	0.05877	0.00676	0.01162	0.01366	0.01750	0.03407	0.53053	0.04035	0.18364	0.01530	0.00379	0.00551	0.01721	0.00600	0.00575
4	0.01967	0.36681	0.07807	0.02026	0.12301	0.12056	0.06399	0.02468	0.08069	0.02033	0.01321	0.01514	0.01102	0.00683	0.00601	0.00189	0.00899	0.00525	0.00372	0.00987
5	0.01736	0.01364	0.01802	0.17910	0.02472	0.03678	0.01371	0.07912	0.06635	0.09986	0.06427	0.09116	0.02003	0.01476	0.06785	0.00332	0.16740	0.00853	0.00527	0.00877
6	0.01600	0.01653	0.02714	0.37440	0.11670	0.06617	0.18134	0.02137	0.04080	0.02075	0.01606	0.02088	0.03452	0.00739	0.00759	0.00236	0.01009	0.00724	0.00370	0.00898
7	0.01057	0.00705	0.00793	0.00793	0.00793	0.00705	0.00440	0.01057	0.01057	0.01409	0.02290	0.04757	0.02643	0.74454	0.03700	0.00705	0.00705	0.01057	0.00440	0.00440
8	0.01575	0.01290	0.01514	0.01085	0.01728	0.00973	0.00869	0.01896	0.01529	0.04998	0.01353	0.01545	0.01105	0.00552	0.00546	0.00112	0.00541	0.00442	0.00449	0.75897
9	0.02710	0.01279	0.01629	0.01289	0.01781	0.01189	0.01045	0.13740	0.02232	0.44891	0.09796	0.07457	0.02419	0.01036	0.00749	0.00224	0.00603	0.00859	0.00826	0.04247
10	0.01943	0.74891	0.03809	0.01244	0.01866	0.02876	0.01244	0.02177	0.01477	0.01710	0.01011	0.01166	0.00933	0.00622	0.00466	0.00155	0.00777	0.00389	0.00311	0.00933
11	0.01393	0.01012	0.01206	0.01182	0.01375	0.01038	0.00863	0.18706	0.01968	0.02640	0.07087	0.50925	0.03973	0.01859	0.00871	0.00271	0.00518	0.01649	0.00696	0.00767
12	0.01590	0.01590	0.02226	0.01908	0.01908	0.02226	0.01590	0.01749	0.01113	0.01749	0.00954	0.01590	0.00954	0.01272	0.02385	0.00318	0.73123	0.00636	0.00318	0.00795
13	0.27724	0.02230	0.01992	0.02297	0.21171	0.25621	0.01435	0.05380	0.01736	0.02562	0.01184	0.01426	0.00962	0.00701	0.00609	0.00209	0.00915	0.00503	0.00411	0.00930
14	0.16323	0.01418	0.01674	0.01307	0.01854	0.01390	0.01079	0.15432	0.02189	0.46356	0.02335	0.02113	0.01518	0.00856	0.00682	0.00224	0.00643	0.00658	0.00789	0.01159
15	0.01029	0.00743	0.00972	0.00914	0.01086	0.00686	0.00686	0.01372	0.02058	0.02915	0.69536	0.05430	0.06859	0.01486	0.00857	0.00229	0.00343	0.01315	0.00800	0.00686
16	0.01204	0.00783	0.01021	0.00938	0.01145	0.00714	0.00712	0.01536	0.02043	0.08381	0.61603	0.05252	0.08966	0.01452	0.00847	0.00229	0.00366	0.01276	0.00803	0.00728
17	0.01039	0.00776	0.01154	0.01154	0.01278	0.00901	0.00890	0.01289	0.01164	0.01677	0.01960	0.02930	0.01850	0.08153	0.68916	0.01150	0.01898	0.00790	0.00391	0.00641
18	0.01555	0.01568	0.02382	0.49306	0.09669	0.06940	0.06354	0.01986	0.01495	0.01914	0.01260	0.01843	0.00989	0.00775	0.00913	0.00245	0.08981	0.00646	0.00332	0.00848
19	0.44769	0.10184	0.01717	0.01289	0.01744	0.21705	0.01047	0.06031	0.01620	0.02741	0.01085	0.01248	0.00871	0.00701	0.00526	0.00206	0.00813	0.00429	0.00429	0.00844
20	0.03213	0.01248	0.01685	0.01299	0.01857	0.01093	0.01071	0.03553	0.04287	0.68188	0.02871	0.02482	0.01813	0.00903	0.00731	0.00226	0.00617	0.00734	0.00894	0.01234
21	0.01676	0.01379	0.01583	0.01167	0.01776	0.01153	0.00935	0.12094	0.01802	0.02693	0.01486	0.04820	0.01270	0.00669	0.00586	0.00133	0.00574	0.00540	0.00488	0.63176
22	0.01263	0.00631	0.00947	0.00947	0.00947	0.00631	0.00631	0.00947	0.00947	0.01263	0.01263	0.02210	0.01263	0.02525	0.02841	0.78851	0.00631	0.00631	0.00316	0.00316
23	0.01799	0.01727	0.02950	0.04462	0.69919	0.01727	0.02231	0.02231	0.01655	0.02375	0.01367	0.01799	0.01151	0.00648	0.00720	0.00216	0.00864	0.00648	0.00360	0.01151
24	0.03184	0.01461	0.01751	0.01364	0.01914	0.06381	0.01116	0.08212	0.02178	0.60477	0.02656	0.02334	0.01694	0.00887	0.00725	0.00222	0.00683	0.00706	0.00848	0.01208
25	0.01501	0.03346	0.57241	0.04479	0.09340	0.01716	0.04874	0.02261	0.01533	0.02274	0.01302	0.01589	0.00951	0.00708	0.00768	0.00233	0.03944	0.00566	0.00315	0.01059
26	0.00901	0.00741	0.00794	0.00790	0.01019	0.00635	0.00598	0.01118	0.01728	0.02140	0.18247	0.06762	0.56130	0.01784	0.00864	0.00246	0.00375	0.03802	0.00697	0.00628
27	0.79588	0.01406	0.01068	0.00956	0.01406	0.01631	0.00787	0.02137	0.01237	0.03261	0.01012	0.01181	0.00787	0.00675	0.00450	0.00225	0.00562	0.00394	0.00450	0.00787
28	0.01524	0.01578	0.03022	0.40234	0.04317	0.01745	0.27935	0.02037	0.01535	0.02037	0.01340	0.01924	0.01021	0.00718	0.00891	0.00249	0.05948	0.00730	0.00340	0.00875
29	0.01263	0.00631	0.00947	0.00947	0.00947	0.00631	0.00631	0.00947	0.00947	0.01263	0.01263	0.02210	0.01263	0.02525	0.02841	0.78851	0.00631	0.00631	0.00316	0.00316
30	0.00892	0.00635	0.00842	0.01004	0.01045	0.00595	0.00666	0.01014	0.01380	0.01839	0.03944	0.71467	0.04729	0.04897	0.01028	0.00310	0.00432	0.02030	0.00666	0.00585
31	0.02954	0.01729	0.01992	0.01527	0.02101	0.01799	0.01261	0.42957	0.02905	0.29845	0.02176	0.02025	0.01452	0.00883	0.00729	0.00221	0.00730	0.00684	0.00793	0.01237
32	0.59553	0.01511	0.01323	0.01115	0.01598	0.01706	0.00919	0.14476	0.01708	0.08483	0.01287	0.01382	0.00946	0.00728	0.00523	0.00224	0.00611	0.00467	0.00535	0.00905
33	0.01355	0.00678	0.00678	0.00678	0.00847	0.00678	0.00508	0.01694	0.01524	0.02710	0.02371	0.02710	0.01863	0.00847	0.00508	0.00169	0.00339	0.00678	0.78489	0.00678
34	0.01995	0.64264	0.03515	0.01299	0.01880	0.07913	0.01241	0.04610	0.01590	0.01827	0.01150	0.03730	0.01079	0.00698	0.00506	0.00165	0.00806	0.00463	0.00344	0.00925
35	0.02797	0.01777	0.02006	0.01532	0.02113	0.01857	0.01263	0.46337	0.02936	0.21206	0.01998	0.01913	0.01368	0.00855	0.00714	0.00212	0.00734	0.00657	0.00749	0.06974
36	0.01250	0.03818	0.01151	0.01004	0.01248	0.11156	0.00764	0.01510	0.01895	0.02368	0.35042	0.05223	0.27945	0.01472	0.00814	0.00226	0.00510	0.01234	0.00676	0.00692
37	0.02268	0.01360	0.01581	0.01337	0.01785	0.01412	0.01063	0.05907	0.33508	0.27615	0.06916	0.03030	0.06844	0.01036	0.00751	0.00236	0.00573	0.00858	0.00797	0.01123
38	0.02038	0.04720	0.04680	0.05321	0.39304	0.04273	0.01865	0.14020	0.09002	0.05241	0.01629	0.01864	0.01273	0.00738	0.00711	0.00218	0.00835	0.00650	0.00480	0.01137
39	0.01793	0.08635	0.47956	0.01802	0.02701	0.01649	0.02153	0.04838	0.01697	0.12282	0.03989	0.01790	0.01281	0.00746	0.00681	0.00219	0.00929	0.00583	0.00431	0.03844
40	0.00983	0.00729	0.00917	0.00896	0.01065	0.00663	0.00662	0.01274	0.01913	0.02631	0.51415	0.13627	0.17260	0.01638	0.00866	0.00239	0.00356	0.01439	0.00764	0.00663
41	0.02297	0.16673	0.02723	0.02442	0.19443	0.32412	0.04222	0.07507	0.01934	0.02153	0.01225	0.01466	0.01020	0.00703	0.00649	0.00193	0.01051	0.00528	0.00385	0.00974
42	0.00907	0.00734	0.00805	0.00795	0.01013	0.00633	0.00593	0.01132	0.01757	0.02221	0.24305	0.09019	0.50024	0.01760	0.00861	0.00243	0.00363	0.01493	0.00709	0.00633
43	0.01422	0.01071	0.01201	0.01080	0.01381	0.01082	0.00834	0.09868	0.14834	0.05526	0.24637	0.07355	0.23971	0.01429	0.00817	0.00238	0.00465	0.01211	0.00741	0.00839
44	0.01458	0.03760	0.70688	0.02072	0.03146	0.01688	0.02686	0.02302	0.01535	0.02302	0.01304	0.01535	0.00921	0.00691	0.00691	0.00230	0.01074	0.00537	0.00307	0.01074
45	0.04508	0.01285	0.01614	0.01417	0.04164	0.05032	0.07981	0.01790	0.05524	0.02306	0.10152	0.08915	0.17370	0.01192	0.00810	0.00217	0.03187	0.03340	0.00553	0.18645
46	0.00868	0.00730	0.00753	0.00761	0.00991	0.00615	0.00565	0.01054	0.01656	0.01995	0.09640	0.11223	0.62957	0.01855	0.00863	0.00248	0.00371	0.01559	0.00680	0.00615
47	0.63893	0.01535	0.01296	0.01102	0.01579	0.01758	0.00909	0.15490	0.01683	0.03531	0.01162	0.01296	0.00879	0.00715	0.00507	0.00224	0.00611	0.00447	0.00507	0.00879
48	0.73595	0.01407	0.01109	0.00983	0.01428	0.01621	0.00807	0.04733	0.01355	0.03302	0.03579	0.01361	0.01030	0.00713	0.00476	0.00225	0.00564	0.00438	0.00474	0.00801
49	0.01874	0.01840	0.02386	0.20432	0.31139	0.12091	0.01843	0.09593	0.01858	0.02377	0.01677	0.04168	0.03945	0.00806	0.00725	0.00222	0.00916	0.00700	0.00417	0.00991
50	0.11082	0.07932	0.02251	0.06206	0.15340	0.11989	0.01468	0.25234	0.02283	0.03113	0.05222	0.01800	0.01401	0.00794	0.00670	0.00211	0.00841	0.00611	0.00520	0.01031
51	0.01355	0.00678	0.00678	0.00678	0.00847	0.00678	0.00508	0.01694	0.01524	0.02710	0.02371	0.02710	0.01863	0.00847	0.00508	0.00169	0.00339	0.00678	0.78489	0.00678
52	0.01571	0.01699	0.08866	0.13204	0.39211	0.01565	0.04164	0.02010	0.01574	0.02209	0.01744	0.09202	0.01632	0.00923	0.00818	0.00240	0.03365	0.04611	0.00398	0.00994
53	0.02688	0.07965	0.02189	0.01776	0.02211	0.52163	0.01379	0.14615	0.02268	0.04366	0.01282	0.01415	0.01017	0.00767	0.00658	0.00192	0.01161	0.00505	0.00450	0.00932
54	0.08020	0.57659	0.05625	0.01330	0.01922	0.11549	0.01278	0.02271	0.01535	0.01859	0.01035	0.01198	0.00922	0.00645	0.00497	0.00167	0.00839	0.00404	0.00330	0.00915
55	0.01355	0.00678	0.00678	0.00678	0.00847	0.00678	0.00508	0.01694	0.01524	0.02710	0.02371	0.02710	0.01863	0.00847	0.00508	0.00169	0.00339	0.00678	0.78489	0.00678
56	0.02713	0.02009	0.02181	0.04238	0.02354	0.02231	0.01405	0.65125	0.03347	0.04483	0.01729	0.01752	0.01227	0.00867	0.00727	0.00219	0.00806	0.00654	0.00713	0.01221
57	0.77118	0.01426	0.01104	0.00979	0.01433	0.01651	0.00806	0.04238	0.01307	0.03304	0.01036	0.01199	0.00802	0.00681	0.00459	0.00225	0.00570	0.00402	0.00459	0.00802
58	0.01659	0.01863	0.04015	0.06884	0.03743	0.01769	0.60602	0.02242	0.01686	0.02281	0.01575	0.05215	0.01263	0.00694	0.00854	0.00247	0.01175	0.00901	0.00379	0.00953
59	0.79588	0.01406	0.01068	0.00956	0.01406	0.01631	0.00787	0.02137	0.01237	0.03261	0.01012	0.01181	0.00787	0.00675	0.00450	0.00225	0.00562	0.00394	0.00450	0.00787
60	0.00968	0.00741	0.00888	0.00851	0.01049	0.00660	0.00638	0.01255	0.01915	0.02576	0.47412	0.05987	0.29193	0.01612	0.00858	0.00235	0.00352	0.01393	0.00756	0.00660
61	0.01355	0.00678	0.00678	0.00678	0.00847	0.00678	0.00508	0.01694	0.01524	0.02710	0.02371	0.02710	0.01863	0.00847	0.00508	0.00169	0.00339	0.00678	0.78489	0.00678
62	0.02672	0.07478	0.02158	0.01837	0.02226	0.67678	0.01395	0.02862	0.02027	0.01775	0.01117	0.01303	0.00936	0.00742	0.00645	0.00185	0.01281	0.00464	0.00371	0.00848
63	0.01437	0.01374	0.02095	0.33004	0.03209	0.01819	0.01708	0.01750	0.01269	0.01790	0.01207	0.01876	0.01051	0.01469	0.08890	0.00374	0.33910	0.00655	0.00328	0.00785
64	0.01530	0.03659	0.67920	0.02041	0.03094	0.01663	0.02621	0.02352	0.01557	0.05035	0.01367	0.01572	0.00956	0.00699	0.00692	0.00230	0.01056	0.00545	0.00331	0.01081
65	0.00934	0.00655	0.00842	0.00972	0.01008	0.00624	0.00636	0.01037	0.01323	0.01763	0.03607	0.56056	0.04291	0.18877	0.01568	0.00391	0.00494	0.03744	0.00621	0.00558
66	0.79588	0.01406	0.01068	0.00956	0.01406	0.01631	0.00787	0.02137	0.01237	0.03261	0.01012	0.01181	0.00787	0.00675	0.00450	0.00225	0.00562	0.00394	0.00450	0.00787
67	0.01586	0.01755	0.03694	0.02761	0.05554	0.01641	0.54663	0.02122	0.01689	0.02266	0.02192	0.06729	0.07998	0.00833	0.00858	0.00247	0.01082	0.00989	0.00416	0.00927
68	0.01355	0.00678	0.00678	0.00678	0.00847	0.00678	0.00508	0.01694	0.01524	0.02710	0.02371	0.02710	0.01863	0.00847	0.00508	0.00169	0.00339	0.00678	0.78489	0.00678
69	0.01373	0.01292	0.02180	0.72707	0.05006	0.01615	0.02019	0.01857	0.01453	0.01857	0.01292	0.01938	0.00969	0.00727	0.00727	0.00242	0.00969	0.00646	0.00323	0.00807
70	0.01355	0.00678	0.00678	0.00678	0.00847	0.00678	0.00508	0.01694	0.01524	0.02710	0.02371	0.02710	0.01863	0.00847	0.00508	0.00169	0.00339	0.00678	0.78489	0.00678
71	0.01056	0.00708	0.00808	0.00808	0.00813	0.00713	0.00459	0.01067	0.01061	0.01420	0.02277	0.04682	0.02610	0.71752	0.06357	0.00723	0.00753	0.01046	0.00438	0.00449
72	0.01590	0.01590	0.02226	0.01908	0.01908	0.02226	0.01590	0.01749	0.01113	0.01749	0.00954	0.01590	0.00954	0.01272	0.02385	0.00318	0.73123	0.00636	0.00318	0.00795
73	0.79588	0.01406	0.01068	0.00956	0.01406	0.01631	0.00787	0.02137	0.01237	0.03261	0.01012	0.01181	0.00787	0.00675	0.00450	0.00225	0.00562	0.00394	0.00450	0.00787
74	0.01050	0.00734	0.00940	0.00940	0.00991	0.00785	0.00624	0.01151	0.01101	0.01518	0.02156	0.04012	0.02319	0.47431	0.30281	0.00886	0.01191	0.00948	0.00420	0.00522
75	0.02293	0.01793	0.01903	0.04160	0.02151	0.04356	0.01276	0.33732	0.27574	0.06125	0.05266	0.02292	0.01858	0.00934	0.00735	0.00229	0.00713	0.00743	0.00714	0.01150
76	0.79588	0.01406	0.01068	0.00956	0.01406	0.01631	0.00787	0.02137	0.01237	0.03261	0.01012	0.01181	0.00787	0.00675	0.00450	0.00225	0.00562	0.00394	0.00450	0.00787
77	0.01597	0.16163	0.47944	0.02156	0.09091	0.01913	0.04370	0.02328	0.03871	0.02229	0.01320	0.01548	0.00995	0.00682	0.00660	0.00217	0.00989	0.00541	0.00330	0.01056
78	0.36613	0.18348	0.13874	0.01418	0.04404	0.01923	0.01334	0.02244	0.01404	0.06823	0.01188	0.01365	0.00929	0.00712	0.00631	0.00215	0.04791	0.00461	0.00411	0.00912
79	0.01355	0.00678	0.00678	0.00678	0.00847	0.00678	0.00508	0.01694	0.01524	0.02710	0.02371	0.02710	0.01863	0.00847	0.00508	0.00169	0.00339	0.00678	0.78489	0.00678
80	0.02694	0.01755	0.01963	0.01536	0.02077	0.01879	0.01258	0.44002	0.09841	0.18648	0.05179	0.02171	0.01715	0.00918	0.00735	0.00223	0.00716	0.00718	0.00769	0.01203
81	0.04157	0.06604	0.52447	0.02146	0.03100	0.04302	0.12643	0.02317	0.01570	0.02292	0.01301	0.01565	0.00946	0.00677	0.00697	0.00227	0.01076	0.00573	0.00324	0.01035
82	0.01575	0.01532	0.02410	0.37432	0.21729	0.04173	0.06319	0.02173	0.07665	0.02137	0.01744	0.02179	0.04243	0.00773	0.00738	0.00234	0.00908	0.00710	0.00392	0.00935
83	0.01157	0.01055	0.01894	0.04236	0.01991	0.00999	0.19873	0.01463	0.01570	0.02113	0.10542	0.40575	0.06200	0.01638	0.00890	0.00270	0.00662	0.01564	0.00587	0.00722
84	0.01608	0.02380	0.22922	0.08822	0.03035	0.06535	0.18684	0.02124	0.01491	0.02069	0.01289	0.01753	0.01031	0.01080	0.05109	0.00305	0.17844	0.00661	0.00336	0.00921
85	0.00892	0.00635	0.00842	0.01004	0.01045	0.00595	0.00666	0.01014	0.01379	0.01839	0.03944	0.71445	0.04728	0.04920	0.01029	0.00310	0.00432	0.02030	0.00666	0.00585
86	0.01998	0.17274	0.29469	0.01736	0.02510	0.02009	0.04229	0.20043	0.02078	0.06618	0.01702	0.01805	0.03821	0.00781	0.00671	0.00213	0.00891	0.00602	0.00472	0.01077
87	0.01355	0.00678	0.00678	0.00678	0.00847	0.00678	0.00508	0.01694	0.01524	0.02710	0.02371	0.02710	0.01863	0.00847	0.00508	0.00169	0.00339	0.00678	0.78489	0.00678
88	0.02715	0.03464	0.02060	0.01873	0.02247	0.71536	0.01404	0.02903	0.02060	0.01779	0.01124	0.01311	0.00936	0.00749	0.00655	0.00187	0.01311	0.00468	0.00375	0.00843
89	0.01082	0.00827	0.01186	0.01163	0.01263	0.00973	0.00884	0.01293	0.01147	0.01648	0.01929	0.03064	0.01885	0.16069	0.55761	0.01033	0.06963	0.00812	0.00392	0.00627
90	0.01496	0.01846	0.17035	0.01300	0.02042	0.01130	0.01271	0.01936	0.01513	0.02354	0.01295	0.01513	0.01042	0.00573	0.00573	0.00135	0.00659	0.00455	0.00403	0.61430
91	0.32538	0.01448	0.01774	0.07261	0.19370	0.01543	0.01311	0.04669	0.03927	0.10148	0.05280	0.01861	0.01422	0.00754	0.00617	0.00220	0.00672	0.00592	0.00505	0.04090
92	0.02325	0.01814	0.01936	0.01572	0.02085	0.02025	0.01268	0.38949	0.30252	0.03868	0.02230	0.02136	0.01636	0.00908	0.00726	0.00226	0.00698	0.00716	0.00722	0.03907
93	0.01583	0.04505	0.07181	0.01775	0.13902	0.01257	0.01267	0.03920	0.01588	0.02383	0.01432	0.04831	0.01246	0.00662	0.00603	0.00150	0.00650	0.00556	0.00424	0.50087
94	0.04691	0.17630	0.51581	0.01856	0.02767	0.01945	0.02275	0.02246	0.01492	0.02198	0.01219	0.01450	0.00919	0.00703	0.00713	0.00219	0.04252	0.00507	0.00314	0.01022
95	0.01380	0.01603	0.13234	0.02011	0.07282	0.01218	0.17795	0.01805	0.01583	0.04523	0.02678	0.26164	0.02783	0.01395	0.00862	0.00270	0.00806	0.11242	0.00522	0.00842
96	0.01522	0.01340	0.01707	0.01219	0.01872	0.01031	0.05635	0.01866	0.01522	0.02366	0.01305	0.01540	0.01079	0.00544	0.00561	0.00118	0.00588	0.00461	0.00426	0.73298
97	0.01045	0.00755	0.01046	0.01046	0.01133	0.00842	0.00756	0.01219	0.01132	0.01597	0.02059	0.03476	0.02087	0.27963	0.49430	0.01017	0.01542	0.00870	0.00406	0.00581
98	0.79588	0.01406	0.01068	0.00956	0.01406	0.01631	0.00787	0.02137	0.01237	0.03261	0.01012	0.01181	0.00787	0.00675	0.00450	0.00225	0.00562	0.00394	0.00450	0.00787
99	0.01480	0.01420	0.02155	0.50844	0.08083	0.03856	0.01840	0.01898	0.01453	0.01929	0.01254	0.01825	0.00989	0.00763	0.00887	0.00233	0.08884	0.00616	0.00338	0.09256
100	0.01251	0.00635	0.00938	0.00938	0.00938	0.00635	0.00621	0.00953	0.00953	0.01271	0.01320	0.02353	0.01340	0.06567	0.02889	0.74460	0.00635	0.00655	0.00323	0.00323
101	0.01029	0.00743	0.00972	0.00914	0.01086	0.00686	0.00686	0.01372	0.02058	0.02915	0.69536	0.05430	0.06859	0.01486	0.00857	0.00229	0.00343	0.01315	0.00800	0.00686
102	0.01029	0.00743	0.00972	0.00914	0.01086	0.00686	0.00686	0.01372	0.02058	0.02915	0.69536	0.05430	0.06859	0.01486	0.00857	0.00229	0.00343	0.01315	0.00800	0.00686
103	0.02763	0.02036	0.02182	0.01672	0.02254	0.02254	0.01382	0.67496	0.03418	0.04581	0.01745	0.01745	0.01236	0.00873	0.00727	0.00218	0.00800	0.00654	0.00727	0.01236
104	0.00865	0.00737	0.00744	0.00742	0.00985	0.00616	0.00557	0.01054	0.01670	0.01994	0.09353	0.06945	0.67616	0.01830	0.00859	0.00245	0.00367	0.01527	0.00679	0.00616
105	0.01355	0.00678	0.00678	0.00678	0.00847	0.00678	0.00508	0.01694	0.01524	0.02710	0.02371	0.02710	0.01863	0.00847	0.00508	0.00169	0.00339	0.00678	0.78489	0.00678
106	0.02022	0.01559	0.01757	0.01299	0.01919	0.01436	0.01056	0.25584	0.02217	0.05538	0.01510	0.01627	0.01159	0.00672	0.00613	0.00152	0.00635	0.00522	0.00554	0.48170
107	0.09814	0.01317	0.01684	0.10243	0.02215	0.01319	0.01176	0.03258	0.13629	0.43777	0.02515	0.02329	0.01676	0.00872	0.00706	0.00231	0.00650	0.00705	0.00758	0.01126
108	0.01614	0.01744	0.05702	0.01663	0.01842	0.12105	0.01395	0.04192	0.01380	0.01867	0.01351	0.01963	0.01241	0.02506	0.24476	0.00567	0.32589	0.00653	0.00364	0.00786
109	0.01355	0.00678	0.00678	0.00678	0.00847	0.00678	0.00508	0.01694	0.01524	0.02710	0.02371	0.02710	0.01863	0.00847	0.00508	0.00169	0.00339	0.00678	0.78489	0.00678
110	0.01943	0.74891	0.03809	0.01244	0.01866	0.02876	0.01244	0.02177	0.01477	0.01710	0.01011	0.01166	0.00933	0.00622	0.00466	0.00155	0.00777	0.00389	0.00311	0.00933
111	0.01807	0.01586	0.01839	0.01924	0.12035	0.01796	0.01312	0.03619	0.58622	0.02941	0.02721	0.02576	0.02060	0.00936	0.00737	0.00242	0.00618	0.00796	0.00683	0.01151
112	0.01790	0.01556	0.01711	0.04443	0.04381	0.01797	0.01223	0.03725	0.63582	0.02970	0.02836	0.02649	0.02132	0.00964	0.00738	0.00245	0.00601	0.00809	0.00710	0.01137
113	0.01388	0.01307	0.02207	0.70334	0.07264	0.01619	0.02026	0.01870	0.01461	0.01875	0.01295	0.01933	0.00975	0.00724	0.00726	0.00241	0.00965	0.00646	0.00324	0.00819
114	0.03261	0.01237	0.01687	0.01293	0.01856	0.01068	0.01068	0.03543	0.02081	0.70423	0.02868	0.02474	0.01799	0.00900	0.00731	0.00225	0.00619	0.00731	0.00900	0.01237
115	0.01167	0.00832	0.01157	0.01317	0.01478	0.00832	0.01143	0.01488	0.01649	0.02145	0.03788	0.08065	0.04123	0.04844	0.01110	0.00349	0.00671	0.62522	0.00660	0.00660
116	0.01355	0.00678	0.00678	0.00678	0.00847	0.00678	0.00508	0.01694	0.01524	0.02710	0.02371	0.02710	0.01863	0.00847	0.00508	0.00169	0.00339	0.00678	0.78489	0.00678
117	0.01057	0.00705	0.00793	0.00793	0.00793	0.00705	0.00440	0.01057	0.01057	0.01409	0.02290	0.04757	0.02643	0.74454	0.03700	0.00705	0.00705	0.01057	0.00440	0.00440
118	0.01355	0.00678	0.00678	0.00678	0.00847	0.00678	0.00508	0.01694	0.01524	0.02710	0.02371	0.02710	0.01863	0.00847	0.00508	0.00169	0.00339	0.00678	0.78489	0.00678
119	0.79588	0.01406	0.01068	0.00956	0.01406	0.01631	0.00787	0.02137	0.01237	0.03261	0.01012	0.01181	0.00787	0.00675	0.00450	0.00225	0.00562	0.00394	0.00450	0.00787
120	0.01477	0.06508	0.68104	0.02040	0.03097	0.01734	0.02630	0.02297	0.01532	0.02279	0.01293	0.01520	0.00921	0.00688	0.00682	0.00227	0.01063	0.00531	0.00307	0.01069
121	0.79588	0.01406	0.01068	0.00956	0.01406	0.01631	0.00787	0.02137	0.01237	0.03261	0.01012	0.01181	0.00787	0.00675	0.00450	0.00225	0.00562	0.00394	0.00450	0.00787
122	0.01866	0.01548	0.01645	0.01472	0.01889	0.01778	0.01147	0.03850	0.65938	0.05744	0.02955	0.02702	0.02202	0.00983	0.00739	0.00246	0.00577	0.00818	0.00746	0.01154
123	0.01799	0.01727	0.02950	0.04462	0.69919	0.01727	0.02231	0.02231	0.01655	0.02375	0.01367	0.01799	0.01151	0.00648	0.00720	0.00216	0.00864	0.00648	0.00360	0.01151
124	0.01038	0.00779	0.01168	0.01168	0.01298	0.00909	0.00909	0.01298	0.01168	0.01687	0.01947	0.02856	0.01817	0.05452	0.71573	0.01168	0.01947	0.00779	0.00389	0.00649
125	0.01507	0.01292	0.01507	0.01077	0.01723	0.00969	0.00861	0.01830	0.01507	0.02369	0.01292	0.01507	0.01077	0.00538	0.00538	0.00108	0.00538	0.00431	0.00431	0.78898
126	0.02510	0.02965	0.01989	0.01780	0.02139	0.54156	0.01358	0.09880	0.02086	0.02080	0.01270	0.01526	0.01060	0.01259	0.07916	0.00295	0.03925	0.00526	0.00413	0.00865
127	0.01373	0.01292	0.02180	0.72707	0.05006	0.01615	0.02019	0.01857	0.01453	0.01857	0.01292	0.01938	0.00969	0.00727	0.00727	0.00242	0.00969	0.00646	0.00323	0.00807
128	0.01507	0.01292	0.01507	0.01077	0.01723	0.00969	0.00861	0.01830	0.01507	0.02369	0.01292	0.01507	0.01077	0.00538	0.00538	0.00108	0.00538	0.00431	0.00431	0.78898
129	0.01072	0.00735	0.00967	0.00949	0.01105	0.00678	0.00696	0.01365	0.01910	0.04953	0.52704	0.20590	0.06232	0.01642	0.00869	0.00243	0.00370	0.01462	0.00776	0.00683
130	0.02853	0.01250	0.01645	0.01243	0.01825	0.01045	0.01020	0.03144	0.01947	0.54597	0.02501	0.02249	0.01631	0.00816	0.00686	0.00198	0.00600	0.00661	0.00791	0.19296
131	0.01458	0.03760	0.70688	0.02072	0.03146	0.01688	0.02686	0.02302	0.01535	0.02302	0.01304	0.01535	0.00921	0.00691	0.00691	0.00230	0.01074	0.00537	0.00307	0.01074
132	0.02797	0.01527	0.01944	0.01517	0.02066	0.01527	0.04878	0.18823	0.14227	0.38854	0.02537	0.02313	0.01700	0.00892	0.00739	0.00228	0.00688	0.00736	0.00800	0.01207
133	0.01355	0.00678	0.00678	0.00678	0.00847	0.00678	0.00508	0.01694	0.01524	0.02710	0.02371	0.02710	0.01863	0.00847	0.00508	0.00169	0.00339	0.00678	0.78489	0.00678
134	0.79588	0.01406	0.01068	0.00956	0.01406	0.01631	0.00787	0.02137	0.01237	0.03261	0.01012	0.01181	0.00787	0.00675	0.00450	0.00225	0.00562	0.00394	0.00450	0.00787
135	0.01057	0.00705	0.00793	0.00793	0.00793	0.00705	0.00440	0.01057	0.01057	0.01409	0.02290	0.04757	0.02643	0.74454	0.03700	0.00705	0.00705	0.01057	0.00440	0.00440
136	0.01730	0.01940	0.06355	0.02878	0.09805	0.01816	0.46710	0.02590	0.13549	0.02458	0.01718	0.02061	0.01298	0.00685	0.00817	0.00242	0.01069	0.00818	0.00430	0.01031
137	0.01055	0.00796	0.00959	0.00957	0.01141	0.00758	0.00734	0.03326	0.01704	0.02235	0.21435	0.06019	0.26352	0.10983	0.07043	0.00388	0.00598	0.12216	0.00655	0.00643
138	0.02368	0.02920	0.02072	0.04808	0.06706	0.54024	0.03973	0.02600	0.01954	0.01862	0.01813	0.01988	0.08146	0.00850	0.00692	0.00200	0.01166	0.00614	0.00403	0.00843
139	0.01457	0.01137	0.01449	0.01233	0.01594	0.01049	0.03872	0.09637	0.01721	0.04688	0.02785	0.29866	0.06409	0.01366	0.00818	0.00219	0.03171	0.01188	0.00584	0.25758
140	0.01628	0.01364	0.01572	0.01134	0.01774	0.01093	0.00911	0.08157	0.01691	0.02582	0.01336	0.01530	0.01092	0.00571	0.00557	0.00118	0.00564	0.00452	0.00459	0.71416
141	0.02662	0.01798	0.01991	0.01552	0.02093	0.01941	0.01273	0.49206	0.07428	0.14393	0.06459	0.02163	0.01757	0.00925	0.00737	0.00222	0.00727	0.00721	0.00759	0.01194
142	0.01714	0.03346	0.47606	0.02316	0.10257	0.12659	0.04745	0.02446	0.04071	0.02256	0.01349	0.01587	0.01002	0.00703	0.00696	0.00223	0.01076	0.00560	0.00341	0.01046

[dist]
# distance from previous block
# <min> <max>
0	3

[block]
# block no. 5 follows, 28 sequences, length 12
# corresponding to MSA columns:
# 296-307
name=unknown_F
#
# <colnr> <probs for GDERKNQSTAVLIFYWHMCP>
#	G	D	E	R	K	N	Q	S	T	A	V	L	I	F	Y	W	H	M	C	P
0	0.01818	0.01319	0.01565	0.01136	0.01767	0.01044	0.00916	0.05189	0.01680	0.12223	0.01539	0.01657	0.01188	0.00606	0.00575	0.00130	0.00562	0.00484	0.00512	0.64090
1	0.01743	0.01556	0.02497	0.05942	0.48645	0.01498	0.01842	0.02135	0.01624	0.05081	0.01542	0.05355	0.01338	0.00721	0.00697	0.00201	0.00774	0.00681	0.00409	0.15720
2	0.01097	0.06068	0.01169	0.01058	0.01231	0.00873	0.00817	0.03396	0.01669	0.02198	0.16035	0.33462	0.12772	0.01865	0.00881	0.00272	0.00484	0.13310	0.00672	0.00671
3	0.01631	0.01346	0.01475	0.01323	0.01672	0.01501	0.01026	0.06663	0.45290	0.03089	0.22592	0.03462	0.03537	0.01128	0.00774	0.00240	0.00519	0.00958	0.00757	0.01018
4	0.02132	0.57479	0.03383	0.01397	0.01959	0.19614	0.01283	0.02354	0.01619	0.01727	0.01038	0.01201	0.00934	0.00653	0.00512	0.00163	0.00907	0.00408	0.00326	0.00911
5	0.01238	0.00640	0.00929	0.00929	0.00929	0.00640	0.00609	0.00960	0.00960	0.01280	0.01384	0.02510	0.01425	0.11011	0.02942	0.69632	0.00640	0.00682	0.00330	0.00330
6	0.06176	0.01705	0.04046	0.01495	0.02005	0.01794	0.01234	0.21740	0.32997	0.15164	0.02447	0.02282	0.01753	0.00914	0.00719	0.00233	0.00662	0.00728	0.00735	0.01169
7	0.01793	0.01745	0.03055	0.04352	0.64735	0.01736	0.07331	0.02239	0.01660	0.02371	0.01375	0.01812	0.01148	0.00645	0.00730	0.00218	0.00892	0.00664	0.00360	0.01138
8	0.02318	0.01231	0.01547	0.01225	0.01696	0.01136	0.00993	0.07261	0.03879	0.34526	0.08508	0.03004	0.10165	0.01021	0.00816	0.00213	0.04594	0.00817	0.00735	0.14315
9	0.01943	0.74891	0.03809	0.01244	0.01866	0.02876	0.01244	0.02177	0.01477	0.01710	0.01011	0.01166	0.00933	0.00622	0.00466	0.00155	0.00777	0.00389	0.00311	0.00933
10	0.01105	0.00971	0.01643	0.01494	0.01674	0.00961	0.14284	0.01333	0.01438	0.01944	0.03272	0.54149	0.03778	0.01867	0.01018	0.00287	0.05793	0.01718	0.00587	0.00684
11	0.01914	0.70538	0.07902	0.01294	0.01944	0.02804	0.01332	0.02184	0.01481	0.01746	0.01029	0.01189	0.00932	0.00626	0.00480	0.00160	0.00796	0.00398	0.00311	0.00941

[dist]
# distance from previous block
# <min> <max>
0	1

[block]
# block no. 6 follows, 28 sequences, length 103
# corresponding to MSA columns:
# 309-411
name=unknown_G
#
# <colnr> <probs for GDERKNQSTAVLIFYWHMCP>
#	G	D	E	R	K	N	Q	S	T	A	V	L	I	F	Y	W	H	M	C	P
0	0.00930	0.00736	0.00837	0.00819	0.01027	0.00643	0.00612	0.01178	0.01814	0.02353	0.32931	0.08575	0.41546	0.01709	0.00861	0.00240	0.00360	0.01461	0.00727	0.00643
1	0.01026	0.00691	0.00802	0.00833	0.00841	0.00684	0.00483	0.01049	0.01118	0.01491	0.02605	0.17446	0.03040	0.61223	0.03192	0.00630	0.00653	0.01242	0.00483	0.00468
2	0.01808	0.01561	0.01644	0.01479	0.01890	0.01808	0.01151	0.03863	0.68606	0.03041	0.02959	0.02712	0.02219	0.00986	0.00740	0.00247	0.00575	0.00822	0.00740	0.01151
3	0.01753	0.01513	0.01640	0.01551	0.04155	0.01730	0.01168	0.03627	0.61647	0.02950	0.03084	0.03025	0.04510	0.01041	0.00753	0.00249	0.00582	0.03186	0.00722	0.01115
4	0.02715	0.03464	0.02060	0.01873	0.02247	0.71536	0.01404	0.02903	0.02060	0.01779	0.01124	0.01311	0.00936	0.00749	0.00655	0.00187	0.01311	0.00468	0.00375	0.00843
5	0.51639	0.04287	0.01492	0.01177	0.01669	0.01812	0.00976	0.18331	0.04276	0.06463	0.01345	0.01432	0.01000	0.00743	0.00542	0.00221	0.00632	0.00488	0.00543	0.00936
6	0.02763	0.02036	0.02182	0.01672	0.02254	0.02254	0.01382	0.67496	0.03418	0.04581	0.01745	0.01745	0.01236	0.00873	0.00727	0.00218	0.00800	0.00654	0.00727	0.01236
7	0.01560	0.01451	0.02376	0.05808	0.49595	0.01441	0.01818	0.01941	0.01663	0.02311	0.06556	0.06106	0.09998	0.00968	0.00765	0.00229	0.00748	0.03212	0.00449	0.01004
8	0.01572	0.01450	0.02211	0.18527	0.02912	0.01343	0.13382	0.04999	0.01622	0.02343	0.01346	0.01704	0.01063	0.00613	0.00651	0.00170	0.00780	0.00571	0.00407	0.42334
9	0.79588	0.01406	0.01068	0.00956	0.01406	0.01631	0.00787	0.02137	0.01237	0.03261	0.01012	0.01181	0.00787	0.00675	0.00450	0.00225	0.00562	0.00394	0.00450	0.00787
10	0.01263	0.00631	0.00947	0.00947	0.00947	0.00631	0.00631	0.00947	0.00947	0.01263	0.01263	0.02210	0.01263	0.02525	0.02841	0.78851	0.00631	0.00631	0.00316	0.00316
11	0.01355	0.00678	0.00678	0.00678	0.00847	0.00678	0.00508	0.01694	0.01524	0.02710	0.02371	0.02710	0.01863	0.00847	0.00508	0.00169	0.00339	0.00678	0.78489	0.00678
12	0.02715	0.03464	0.02060	0.01873	0.02247	0.71536	0.01404	0.02903	0.02060	0.01779	0.01124	0.01311	0.00936	0.00749	0.00655	0.00187	0.01311	0.00468	0.00375	0.00843
13	0.01029	0.00743	0.00972	0.00914	0.01086	0.00686	0.00686	0.01372	0.02058	0.02915	0.69536	0.05430	0.06859	0.01486	0.00857	0.00229	0.00343	0.01315	0.00800	0.00686
14	0.01943	0.74891	0.03809	0.01244	0.01866	0.02876	0.01244	0.02177	0.01477	0.01710	0.01011	0.01166	0.00933	0.00622	0.00466	0.00155	0.00777	0.00389	0.00311	0.00933
15	0.01507	0.01292	0.01507	0.01077	0.01723	0.00969	0.00861	0.01830	0.01507	0.02369	0.01292	0.01507	0.01077	0.00538	0.00538	0.00108	0.00538	0.00431	0.00431	0.78898
16	0.02039	0.04445	0.22409	0.01578	0.04091	0.01339	0.01547	0.02683	0.08551	0.25123	0.12944	0.02872	0.02438	0.00971	0.00742	0.00231	0.00722	0.03577	0.00644	0.01054
17	0.01763	0.30078	0.41022	0.01710	0.02580	0.02088	0.02037	0.02341	0.01551	0.06778	0.01303	0.01462	0.00986	0.00679	0.00610	0.00202	0.00932	0.00495	0.00349	0.01033
18	0.03088	0.01199	0.01631	0.01264	0.01796	0.01039	0.01039	0.03374	0.02079	0.65174	0.08052	0.02704	0.02193	0.00945	0.00741	0.00225	0.00597	0.00776	0.00892	0.01194
19	0.01038	0.00779	0.01168	0.01168	0.01298	0.00909	0.00909	0.01298	0.01168	0.01687	0.01947	0.02856	0.01817	0.05452	0.71573	0.01168	0.01947	0.00779	0.00389	0.00649
20	0.02934	0.07315	0.04975	0.01375	0.01957	0.01408	0.01192	0.09998	0.06306	0.50914	0.02540	0.02268	0.01659	0.00871	0.00708	0.00220	0.00667	0.00693	0.00799	0.01200
21	0.19065	0.01584	0.01554	0.01362	0.01728	0.06719	0.01081	0.26528	0.02179	0.03203	0.02171	0.18951	0.02125	0.01233	0.00781	0.00246	0.03143	0.04831	0.00611	0.00907
