[name]
unknown

[dist]
# distance from previous block
# <min> <max>
1	6

[block]
# block no. 0 follows, 31 sequences, length 11
# corresponding to MSA columns:
# 8-18
name=unknown_A
#
# <colnr> <probs for GDERKNQSTAVLIFYWHMCP>
#	G	D	E	R	K	N	Q	S	T	A	V	L	I	F	Y	W	H	M	C	P
0	0.08660	0.02175	0.17696	0.08804	0.25174	0.07713	0.05250	0.12090	0.01763	0.02508	0.01277	0.01561	0.00984	0.00665	0.00652	0.00208	0.00884	0.00563	0.00385	0.00989
1	0.00979	0.00726	0.01064	0.01064	0.01174	0.00836	0.00811	0.01199	0.01089	0.01562	0.01865	0.02869	0.01789	0.12304	0.66180	0.01055	0.01714	0.00760	0.00371	0.00591
2	0.01570	0.01852	0.13768	0.11499	0.39778	0.01559	0.04723	0.02144	0.06045	0.02206	0.01366	0.01709	0.01087	0.00636	0.00666	0.00203	0.00828	0.00595	0.00356	0.07410
3	0.01953	0.01541	0.01630	0.01385	0.01804	0.01744	0.01100	0.24564	0.42884	0.03300	0.02370	0.02260	0.01763	0.00882	0.00673	0.00217	0.00590	0.00711	0.07557	0.01070
4	0.00828	0.00615	0.00774	0.00900	0.00979	0.00560	0.00612	0.00959	0.01360	0.01767	0.04408	0.61603	0.18020	0.02060	0.00860	0.00268	0.00387	0.01844	0.00635	0.00560
5	0.01541	0.02512	0.34504	0.03072	0.34987	0.01617	0.07701	0.02137	0.01511	0.02200	0.01268	0.01593	0.00981	0.00625	0.00675	0.00212	0.00930	0.00578	0.00317	0.01038
6	0.00809	0.00693	0.00693	0.00693	0.00924	0.00578	0.00520	0.00982	0.01559	0.01848	0.06931	0.06584	0.71411	0.01733	0.00809	0.00231	0.00347	0.01444	0.00635	0.00578
7	0.01337	0.01484	0.12999	0.01231	0.01615	0.05205	0.03274	0.04410	0.07919	0.05330	0.30975	0.06831	0.12222	0.01194	0.00753	0.00219	0.00569	0.01024	0.00616	0.00791
8	0.05446	0.01883	0.11730	0.19507	0.03586	0.01673	0.38365	0.05392	0.01592	0.02231	0.01317	0.01745	0.00979	0.00626	0.00734	0.00226	0.01028	0.00692	0.00350	0.00898
9	0.01737	0.05602	0.11726	0.07079	0.43503	0.04646	0.07837	0.02185	0.01566	0.05707	0.01330	0.01665	0.01055	0.00631	0.00672	0.00205	0.00875	0.00598	0.00355	0.01025
10	0.02281	0.02022	0.01838	0.01525	0.01977	0.16558	0.01213	0.35958	0.19708	0.03289	0.02061	0.02023	0.04699	0.00868	0.00679	0.00207	0.00779	0.00659	0.00617	0.01039

[dist]
# distance from previous block
# <min> <max>
0	6

[block]
# block no. 1 follows, 31 sequences, length 63
# corresponding to MSA columns:
# 25-87
name=unknown_B
#
# <colnr> <probs for GDERKNQSTAVLIFYWHMCP>
#	G	D	E	R	K	N	Q	S	T	A	V	L	I	F	Y	W	H	M	C	P
0	0.06085	0.01890	0.02006	0.01544	0.02086	0.02095	0.01275	0.66404	0.03125	0.04256	0.01612	0.01619	0.01145	0.00813	0.00673	0.00206	0.00743	0.00605	0.00673	0.01145
1	0.35256	0.01392	0.01519	0.11759	0.02078	0.01532	0.02741	0.16411	0.01730	0.08399	0.01439	0.05045	0.01139	0.00761	0.00574	0.00209	0.00644	0.00571	0.00502	0.06298
2	0.00968	0.00699	0.00914	0.00861	0.01022	0.00646	0.00646	0.01291	0.01937	0.02743	0.71328	0.05110	0.06455	0.01399	0.00807	0.00215	0.00323	0.01237	0.00753	0.00646
3	0.01005	0.00668	0.00815	0.00818	0.00858	0.00679	0.00519	0.01058	0.01099	0.01509	0.06241	0.06575	0.04289	0.48630	0.13287	0.06470	0.00781	0.00973	0.03262	0.00465
4	0.01428	0.01422	0.01616	0.01525	0.03519	0.12604	0.01172	0.01619	0.01228	0.01637	0.01434	0.04510	0.01391	0.05314	0.29229	0.00597	0.28026	0.00685	0.00350	0.00694
5	0.00843	0.00603	0.00803	0.00946	0.00994	0.00562	0.00636	0.00977	0.01356	0.01819	0.08713	0.70360	0.04666	0.02089	0.00868	0.00273	0.00391	0.01893	0.00644	0.00562
6	0.01108	0.01016	0.01154	0.09633	0.01616	0.07814	0.00909	0.01344	0.01365	0.01703	0.03365	0.06044	0.23735	0.03007	0.32391	0.00606	0.01149	0.00955	0.00452	0.00634
7	0.00835	0.00610	0.00780	0.00914	0.00976	0.00562	0.00614	0.00958	0.01331	0.01746	0.04116	0.64633	0.12852	0.04409	0.00947	0.00284	0.00399	0.01852	0.00628	0.00554
8	0.02485	0.03142	0.01949	0.01765	0.02094	0.68436	0.01334	0.02659	0.01879	0.01673	0.01047	0.01251	0.00882	0.00738	0.00726	0.00185	0.06166	0.00451	0.00349	0.00790
9	0.01292	0.01216	0.02052	0.74312	0.04712	0.01520	0.01900	0.01748	0.01368	0.01748	0.01216	0.01824	0.00912	0.00684	0.00684	0.00228	0.00912	0.00608	0.00304	0.00760
10	0.01419	0.01216	0.01419	0.01013	0.01621	0.00912	0.00811	0.01723	0.01419	0.02229	0.01216	0.01419	0.01013	0.00507	0.00507	0.00101	0.00507	0.00405	0.00405	0.80139
11	0.06821	0.01772	0.01907	0.03533	0.02072	0.04243	0.01245	0.47288	0.06004	0.12921	0.01742	0.01735	0.01229	0.00825	0.00724	0.00211	0.03358	0.00613	0.00657	0.01098
12	0.01514	0.01503	0.02526	0.09658	0.02579	0.01744	0.22186	0.05278	0.04536	0.02103	0.06862	0.04271	0.01561	0.00967	0.01335	0.00256	0.29134	0.00765	0.00398	0.00825
13	0.06449	0.01022	0.01464	0.32606	0.02709	0.01178	0.01245	0.06568	0.01445	0.02003	0.02138	0.25939	0.02206	0.04050	0.05695	0.00315	0.00760	0.01051	0.00457	0.00701
14	0.02556	0.03261	0.01939	0.01763	0.02115	0.73210	0.01322	0.02732	0.01939	0.01674	0.01058	0.01234	0.00881	0.00705	0.00617	0.00176	0.01234	0.00441	0.00353	0.00793
15	0.03070	0.01164	0.01588	0.01217	0.01746	0.01006	0.01006	0.03334	0.01958	0.72163	0.02699	0.02329	0.01694	0.00847	0.00688	0.00212	0.00582	0.00688	0.00847	0.01164
16	0.00834	0.00595	0.00794	0.00953	0.00992	0.00556	0.00635	0.00953	0.01310	0.01746	0.03771	0.75510	0.04525	0.02143	0.00873	0.00278	0.00397	0.01945	0.00635	0.00556
17	0.06211	0.01829	0.01936	0.01518	0.02038	0.02038	0.01245	0.57471	0.12035	0.04060	0.01761	0.01738	0.01266	0.00827	0.00673	0.00209	0.00714	0.00625	0.00673	0.01133
18	0.04123	0.01185	0.01629	0.25964	0.02592	0.03432	0.03029	0.01709	0.05971	0.01924	0.01887	0.18752	0.01859	0.01223	0.03437	0.00260	0.08774	0.00896	0.00428	0.10926
19	0.04189	0.51970	0.13961	0.01427	0.02067	0.05742	0.05935	0.02150	0.01452	0.04103	0.01085	0.01248	0.00910	0.00610	0.00512	0.00168	0.00816	0.00431	0.00321	0.00903
20	0.01114	0.00760	0.00855	0.00827	0.00874	0.00774	0.00501	0.06538	0.01196	0.01597	0.02222	0.09016	0.02517	0.64911	0.03080	0.00600	0.00653	0.01028	0.00451	0.00485
21	0.00995	0.00663	0.00746	0.00746	0.00746	0.00663	0.00415	0.00995	0.00995	0.01327	0.02156	0.04477	0.02487	0.75957	0.03482	0.00663	0.00663	0.00995	0.00415	0.00415
22	0.01769	0.05691	0.01576	0.01265	0.01648	0.03795	0.01004	0.12320	0.36584	0.06287	0.05948	0.02897	0.09835	0.02601	0.00747	0.00226	0.00569	0.00809	0.03458	0.00971
23	0.01381	0.03389	0.67268	0.01939	0.02876	0.01626	0.02452	0.02129	0.01415	0.02129	0.01204	0.01448	0.00869	0.00690	0.00767	0.00223	0.06402	0.00512	0.00290	0.00992
24	0.00962	0.00649	0.00756	0.00789	0.00797	0.00641	0.00460	0.00986	0.01060	0.01413	0.02489	0.19155	0.02908	0.60704	0.02943	0.00584	0.00608	0.01191	0.00460	0.00444
25	0.01410	0.01216	0.01461	0.05934	0.01829	0.00953	0.00884	0.01724	0.01415	0.02197	0.01216	0.01446	0.01007	0.00519	0.00519	0.00110	0.00534	0.00419	0.00399	0.74810
26	0.01631	0.01607	0.04030	0.07620	0.44653	0.06005	0.06301	0.02004	0.01564	0.04370	0.01860	0.08182	0.05500	0.00821	0.00706	0.00213	0.00803	0.00773	0.00396	0.00961
27	0.02969	0.01142	0.01556	0.01200	0.01712	0.00988	0.00988	0.03237	0.01957	0.68851	0.05973	0.02461	0.01921	0.00873	0.00694	0.00212	0.00570	0.00714	0.00842	0.01140
28	0.00840	0.00616	0.00774	0.00897	0.00965	0.00566	0.00602	0.00960	0.01329	0.01735	0.04172	0.59634	0.15167	0.07032	0.01038	0.00296	0.00407	0.01800	0.00620	0.00550
29	0.02399	0.04182	0.02005	0.01606	0.04388	0.07599	0.01271	0.49171	0.04198	0.05946	0.01629	0.01704	0.01200	0.00964	0.03281	0.00235	0.03027	0.00604	0.03521	0.01070
30	0.02523	0.01588	0.01865	0.06331	0.02123	0.01711	0.01234	0.39732	0.04236	0.22500	0.01919	0.01891	0.01324	0.00838	0.00748	0.00212	0.03992	0.00639	0.03498	0.01097
31	0.00834	0.00595	0.00794	0.00953	0.00992	0.00556	0.00635	0.00953	0.01310	0.01746	0.03771	0.75510	0.04525	0.02143	0.00873	0.00278	0.00397	0.01945	0.00635	0.00556
32	0.01829	0.76368	0.03585	0.01171	0.01756	0.02707	0.01171	0.02049	0.01390	0.01610	0.00951	0.01097	0.00878	0.00585	0.00439	0.00146	0.00732	0.00366	0.00293	0.00878
33	0.01625	0.01913	0.06481	0.06163	0.03174	0.06317	0.45645	0.02099	0.01507	0.02031	0.01255	0.01721	0.00987	0.00712	0.01056	0.00240	0.15142	0.00721	0.00333	0.00877
34	0.02477	0.11209	0.02118	0.01698	0.02076	0.65545	0.01305	0.02658	0.01879	0.01667	0.01046	0.01219	0.00881	0.00692	0.00598	0.00173	0.01179	0.00432	0.00346	0.00802
35	0.01456	0.01251	0.01503	0.01077	0.01685	0.00966	0.02568	0.03612	0.01474	0.02286	0.01232	0.01436	0.01018	0.00517	0.00519	0.00108	0.00530	0.00421	0.00412	0.75928
36	0.01989	0.40703	0.05167	0.01450	0.01937	0.26108	0.03455	0.02220	0.01578	0.01682	0.01293	0.01455	0.04249	0.00704	0.00601	0.00171	0.03600	0.00470	0.00331	0.00836
37	0.01214	0.00754	0.00993	0.00902	0.01107	0.00688	0.00688	0.01530	0.01939	0.10856	0.63308	0.04785	0.05899	0.01334	0.00793	0.00215	0.00353	0.01173	0.00764	0.00706
38	0.04981	0.01805	0.01856	0.01670	0.06910	0.15519	0.01248	0.18859	0.02067	0.22826	0.01807	0.05453	0.01381	0.00895	0.00855	0.00216	0.09415	0.00659	0.00586	0.00993
39	0.01102	0.00726	0.00955	0.00887	0.01069	0.00666	0.00669	0.01414	0.01917	0.07273	0.64557	0.07283	0.06078	0.01387	0.00801	0.00217	0.00342	0.01225	0.00755	0.00677
40	0.00817	0.00693	0.00704	0.00702	0.00929	0.00581	0.00526	0.00997	0.01578	0.01893	0.10175	0.06510	0.68138	0.01716	0.00808	0.00230	0.00345	0.01433	0.00641	0.00581
41	0.00879	0.00696	0.00790	0.00767	0.00967	0.00607	0.00575	0.01117	0.01725	0.02241	0.35151	0.05938	0.42946	0.01586	0.00808	0.00224	0.00336	0.01353	0.00687	0.00607
42	0.00833	0.00598	0.00791	0.00945	0.00990	0.00556	0.00632	0.00954	0.01317	0.01750	0.03868	0.73396	0.06577	0.02131	0.00871	0.00276	0.00395	0.01930	0.00635	0.00556
43	0.02635	0.01685	0.01881	0.01454	0.01979	0.01800	0.01197	0.49701	0.05079	0.19882	0.01944	0.01861	0.01336	0.00830	0.00679	0.00206	0.00692	0.00639	0.03377	0.01143
44	0.70853	0.01325	0.01094	0.00951	0.01388	0.01501	0.00784	0.04162	0.01303	0.09855	0.01144	0.01246	0.00847	0.00661	0.00457	0.00211	0.00541	0.00409	0.00473	0.00795
45	0.02765	0.01517	0.01837	0.01572	0.06959	0.03671	0.01193	0.24923	0.04066	0.40886	0.02201	0.02029	0.01460	0.00819	0.00684	0.00208	0.00674	0.00653	0.00737	0.01145
46	0.80789	0.01323	0.01006	0.00900	0.01323	0.01535	0.00741	0.02011	0.01164	0.03070	0.00953	0.01111	0.00741	0.00635	0.00423	0.00212	0.00529	0.00370	0.00423	0.00741
47	0.01948	0.18956	0.02621	0.02573	0.30503	0.17280	0.01581	0.04590	0.01647	0.04170	0.01367	0.01614	0.03120	0.00703	0.00694	0.00190	0.04585	0.00545	0.00366	0.00947
48	0.01497	0.01497	0.02095	0.01796	0.01796	0.02095	0.01497	0.01646	0.01048	0.01646	0.00898	0.01497	0.00898	0.01197	0.02245	0.00299	0.74704	0.00599	0.00299	0.00748
49	0.00995	0.00663	0.00746	0.00746	0.00746	0.00663	0.00415	0.00995	0.00995	0.01327	0.02156	0.04477	0.02487	0.75957	0.03482	0.00663	0.00663	0.00995	0.00415	0.00415
50	0.01275	0.00638	0.00638	0.00638	0.00797	0.00638	0.00478	0.01594	0.01435	0.02551	0.02232	0.02551	0.01754	0.00797	0.00478	0.00159	0.00319	0.00638	0.79755	0.00638
51	0.06396	0.01720	0.01891	0.01463	0.01996	0.01852	0.01206	0.50531	0.05112	0.18028	0.01863	0.01787	0.01282	0.00821	0.00673	0.00208	0.00700	0.00624	0.00705	0.01141
52	0.80789	0.01323	0.01006	0.00900	0.01323	0.01535	0.00741	0.02011	0.01164	0.03070	0.00953	0.01111	0.00741	0.00635	0.00423	0.00212	0.00529	0.00370	0.00423	0.00741
53	0.00809	0.00693	0.00693	0.00693	0.00924	0.00578	0.00520	0.00982	0.01559	0.01848	0.06931	0.06584	0.71411	0.01733	0.00809	0.00231	0.00347	0.01444	0.00635	0.00578
54	0.01829	0.76368	0.03585	0.01171	0.01756	0.02707	0.01171	0.02049	0.01390	0.01610	0.00951	0.01097	0.00878	0.00585	0.00439	0.00146	0.00732	0.00366	0.00293	0.00878
55	0.00837	0.00606	0.00784	0.00925	0.00978	0.00561	0.00618	0.00956	0.01318	0.01739	0.03962	0.67538	0.09730	0.04744	0.00961	0.00288	0.00402	0.01871	0.00627	0.00552
56	0.02065	0.01888	0.02564	0.02711	0.26780	0.11133	0.12931	0.15392	0.05824	0.07700	0.01519	0.01738	0.01161	0.00708	0.00735	0.00209	0.02808	0.00636	0.00465	0.01031
57	0.01934	0.01499	0.01579	0.01347	0.01742	0.03935	0.01062	0.25721	0.27514	0.06625	0.04854	0.09841	0.07160	0.01075	0.00718	0.00224	0.00604	0.00884	0.00680	0.01002
58	0.00898	0.00656	0.00843	0.00975	0.01036	0.00636	0.00657	0.01134	0.05940	0.01806	0.03647	0.68087	0.04289	0.04686	0.00954	0.00288	0.00416	0.01832	0.00631	0.00586
59	0.14574	0.07861	0.01994	0.01757	0.11722	0.11527	0.01254	0.19675	0.03952	0.16889	0.01594	0.01631	0.01157	0.00735	0.00615	0.00199	0.00751	0.00552	0.00551	0.01011
60	0.02418	0.11861	0.02168	0.01481	0.02001	0.04611	0.01238	0.49604	0.05798	0.06941	0.01702	0.04108	0.01294	0.00836	0.00656	0.00200	0.00738	0.00631	0.00627	0.01088
61	0.05589	0.01071	0.01016	0.00945	0.01224	0.05748	0.00720	0.03246	0.12867	0.04690	0.10552	0.04807	0.39557	0.03940	0.00841	0.00239	0.00474	0.01130	0.00626	0.00718
62	0.04458	0.01426	0.01537	0.01353	0.04018	0.06089	0.01007	0.20740	0.10192	0.16971	0.04610	0.06934	0.01972	0.14193	0.01184	0.00294	0.00667	0.00799	0.00629	0.00927

[dist]
# distance from previous block
# <min> <max>
0	8

[block]
# block no. 2 follows, 31 sequences, length 191
# corresponding to MSA columns:
# 96-286
name=unknown_C
#
# <colnr> <probs for GDERKNQSTAVLIFYWHMCP>
#	G	D	E	R	K	N	Q	S	T	A	V	L	I	F	Y	W	H	M	C	P
0	0.04349	0.60860	0.08790	0.01264	0.01874	0.02524	0.01277	0.08750	0.01569	0.01968	0.01042	0.01179	0.00901	0.00615	0.00480	0.00160	0.00749	0.00402	0.00335	0.00913
1	0.01517	0.01506	0.01990	0.44192	0.05998	0.10866	0.04078	0.01970	0.04494	0.01889	0.01329	0.01797	0.01036	0.00727	0.00758	0.00216	0.05573	0.00596	0.06284	0.03182
2	0.66145	0.01392	0.01176	0.01006	0.01452	0.01581	0.00829	0.10899	0.01478	0.07162	0.01142	0.01250	0.00850	0.00671	0.00473	0.00211	0.00561	0.00421	0.00482	0.00820
3	0.06288	0.01203	0.01931	0.64722	0.04272	0.01473	0.01754	0.01801	0.01395	0.04203	0.03725	0.01912	0.01123	0.00712	0.00672	0.00226	0.00856	0.00618	0.00345	0.00768
4	0.02439	0.03726	0.01875	0.01555	0.05165	0.08222	0.01197	0.30434	0.10362	0.19899	0.01964	0.01989	0.01422	0.03424	0.02956	0.00248	0.00763	0.00645	0.00649	0.01068
5	0.40511	0.01458	0.01343	0.03777	0.01646	0.05795	0.00938	0.15729	0.01801	0.08268	0.10979	0.01896	0.01703	0.00800	0.00570	0.00209	0.00606	0.00577	0.00545	0.00849
6	0.01347	0.03358	0.67870	0.01881	0.02838	0.01529	0.02408	0.02111	0.01476	0.02203	0.05680	0.01677	0.01222	0.00698	0.00660	0.00217	0.00967	0.00552	0.00318	0.00988
7	0.03975	0.01506	0.02320	0.30863	0.27244	0.03751	0.05076	0.08718	0.01659	0.04403	0.01388	0.03574	0.01111	0.00707	0.00683	0.00216	0.00849	0.00643	0.00386	0.00928
8	0.00916	0.00659	0.00839	0.00954	0.01021	0.00629	0.00644	0.03808	0.01380	0.01831	0.03718	0.64926	0.07175	0.06745	0.01028	0.00297	0.00426	0.01808	0.00623	0.00573
9	0.01292	0.01216	0.02052	0.74312	0.04712	0.01520	0.01900	0.01748	0.01368	0.01748	0.01216	0.01824	0.00912	0.00684	0.00684	0.00228	0.00912	0.00608	0.00304	0.00760
10	0.01301	0.01234	0.02108	0.72306	0.04680	0.01526	0.03790	0.01760	0.01375	0.01760	0.01221	0.01825	0.00916	0.00681	0.00687	0.00228	0.00919	0.00614	0.00305	0.00765
11	0.01565	0.06877	0.18396	0.06931	0.10279	0.01831	0.15186	0.01999	0.01372	0.03844	0.01183	0.01593	0.00960	0.00805	0.01171	0.00240	0.23937	0.00608	0.00325	0.00899
12	0.00816	0.00693	0.00703	0.00700	0.00928	0.00581	0.00525	0.00995	0.01576	0.01888	0.09762	0.06519	0.68556	0.01718	0.00808	0.00230	0.00345	0.01435	0.00640	0.00581
13	0.01557	0.01451	0.02437	0.05978	0.57167	0.01458	0.01884	0.01934	0.01535	0.02164	0.01704	0.07859	0.01621	0.00855	0.00719	0.00221	0.00767	0.07316	0.00389	0.00988
14	0.01515	0.01017	0.03291	0.01040	0.01225	0.00993	0.00768	0.10814	0.01465	0.11076	0.02121	0.07885	0.02115	0.38296	0.06848	0.03984	0.03479	0.00899	0.00506	0.00663
15	0.00977	0.00698	0.00958	0.01116	0.01219	0.00679	0.00884	0.01200	0.01451	0.01907	0.03692	0.39378	0.04212	0.02008	0.00911	0.00298	0.00521	0.36663	0.00632	0.00595
16	0.01615	0.01845	0.04037	0.02884	0.03576	0.01730	0.69204	0.02191	0.01615	0.02191	0.01384	0.01845	0.01038	0.00577	0.00807	0.00231	0.01153	0.00807	0.00346	0.00923
17	0.05399	0.33531	0.22954	0.01549	0.05022	0.04158	0.01569	0.04782	0.01566	0.11705	0.01315	0.01418	0.01001	0.00656	0.00558	0.00184	0.00802	0.00473	0.00392	0.00967
18	0.03003	0.01271	0.01654	0.01268	0.01800	0.01164	0.01047	0.12739	0.02137	0.62505	0.02549	0.02231	0.01618	0.00843	0.00687	0.00211	0.00606	0.00678	0.00824	0.01164
19	0.00858	0.00695	0.00761	0.00745	0.00954	0.00598	0.00558	0.01077	0.01675	0.02123	0.26699	0.06132	0.51471	0.01630	0.00808	0.00226	0.00339	0.01380	0.00671	0.00598
20	0.01755	0.01496	0.01577	0.01403	0.01799	0.01727	0.01096	0.07555	0.66446	0.02948	0.02716	0.02498	0.02033	0.00922	0.00695	0.00230	0.00554	0.00764	0.00695	0.01088
21	0.03035	0.01220	0.01622	0.01244	0.01774	0.01088	0.01027	0.08233	0.02051	0.67132	0.02621	0.02278	0.01654	0.00845	0.00688	0.00211	0.00595	0.00683	0.00835	0.01164
22	0.00839	0.00664	0.00755	0.00796	0.00959	0.00580	0.00573	0.01016	0.01536	0.01943	0.15007	0.27490	0.41801	0.01812	0.00828	0.00243	0.00359	0.01568	0.00652	0.00580
23	0.01372	0.03539	0.72412	0.01950	0.02961	0.01589	0.02528	0.02167	0.01444	0.02167	0.01228	0.01444	0.00867	0.00650	0.00650	0.00217	0.01011	0.00506	0.00289	0.01011
24	0.01464	0.01669	0.12921	0.32044	0.11468	0.01548	0.05065	0.06192	0.03604	0.02144	0.01505	0.01911	0.02801	0.00752	0.00783	0.00222	0.06109	0.00630	0.06303	0.00866
25	0.01275	0.00638	0.00638	0.00638	0.00797	0.00638	0.00478	0.01594	0.01435	0.02551	0.02232	0.02551	0.01754	0.00797	0.00478	0.00159	0.00319	0.00638	0.79755	0.00638
26	0.01333	0.01238	0.02052	0.72021	0.04630	0.01539	0.01881	0.03880	0.01426	0.01829	0.01229	0.01818	0.00920	0.00688	0.00684	0.00227	0.00907	0.00608	0.00316	0.00773
27	0.01693	0.01626	0.02777	0.04199	0.71689	0.01626	0.02100	0.02100	0.01558	0.02235	0.01287	0.01693	0.01084	0.00610	0.00677	0.00203	0.00813	0.00610	0.00339	0.01084
28	0.01419	0.01216	0.01419	0.01013	0.01621	0.00912	0.00811	0.01723	0.01419	0.02229	0.01216	0.01419	0.01013	0.00507	0.00507	0.00101	0.00507	0.00405	0.00405	0.80139
29	0.00963	0.00699	0.00907	0.00855	0.01019	0.00643	0.00642	0.01281	0.01925	0.02715	0.69269	0.05158	0.08532	0.01409	0.00807	0.00216	0.00324	0.01244	0.00749	0.00643
30	0.00813	0.00693	0.00700	0.00698	0.00927	0.00580	0.00524	0.00991	0.01571	0.01875	0.08882	0.06539	0.69443	0.01723	0.00809	0.00231	0.00346	0.01438	0.00639	0.00580
31	0.02948	0.01157	0.01561	0.01210	0.01721	0.01014	0.00995	0.03268	0.04115	0.67402	0.05250	0.02439	0.01883	0.00870	0.00693	0.00212	0.00571	0.00711	0.00839	0.01142
32	0.05685	0.01455	0.01743	0.01341	0.01873	0.01447	0.01108	0.28320	0.02406	0.43973	0.02236	0.02025	0.01458	0.00829	0.00677	0.00209	0.00645	0.00649	0.00770	0.01149
33	0.00865	0.00695	0.00772	0.00752	0.00959	0.00602	0.00564	0.01091	0.01693	0.02165	0.29746	0.06062	0.48398	0.01614	0.00808	0.00225	0.00338	0.01371	0.00677	0.00602
34	0.01536	0.01574	0.02222	0.04264	0.02026	0.04566	0.06153	0.01726	0.01129	0.01688	0.00948	0.01522	0.00908	0.01120	0.02037	0.00288	0.64620	0.00608	0.00305	0.00762
35	0.78244	0.01301	0.00994	0.00891	0.01306	0.01506	0.00733	0.01998	0.01173	0.03053	0.00994	0.01157	0.00773	0.00640	0.00425	0.00210	0.00522	0.00379	0.02963	0.00738
36	0.11692	0.01182	0.01523	0.01182	0.01699	0.01064	0.00976	0.03187	0.01870	0.64497	0.02505	0.02194	0.01588	0.00823	0.00659	0.00212	0.00576	0.00653	0.00800	0.01117
37	0.01275	0.00638	0.00638	0.00638	0.00797	0.00638	0.00478	0.01594	0.01435	0.02551	0.02232	0.02551	0.01754	0.00797	0.00478	0.00159	0.00319	0.00638	0.79755	0.00638
38	0.00814	0.00690	0.00704	0.00708	0.00930	0.00579	0.00528	0.00990	0.01562	0.01872	0.08813	0.09045	0.66964	0.01737	0.00811	0.00232	0.00348	0.01456	0.00639	0.00579
39	0.80789	0.01323	0.01006	0.00900	0.01323	0.01535	0.00741	0.02011	0.01164	0.03070	0.00953	0.01111	0.00741	0.00635	0.00423	0.00212	0.00529	0.00370	0.00423	0.00741
40	0.72603	0.01286	0.01037	0.00923	0.01340	0.01463	0.00755	0.02062	0.01223	0.07713	0.01174	0.03900	0.00943	0.00704	0.00458	0.00214	0.00528	0.00449	0.00460	0.00763
41	0.70173	0.01301	0.01085	0.00943	0.01381	0.01462	0.00777	0.02192	0.01273	0.12507	0.01191	0.01278	0.00871	0.00664	0.00460	0.00212	0.00536	0.00414	0.00481	0.00799
42	0.00879	0.00696	0.00791	0.00767	0.00967	0.00608	0.00575	0.01119	0.01726	0.02244	0.35409	0.05932	0.42686	0.01585	0.00808	0.00224	0.00336	0.01353	0.00687	0.00608
43	0.01856	0.73709	0.03525	0.01192	0.01769	0.05271	0.01176	0.02073	0.01410	0.01612	0.00955	0.01102	0.00878	0.00590	0.00445	0.00147	0.00750	0.00369	0.00295	0.00875
44	0.00820	0.00671	0.00724	0.00758	0.00943	0.00575	0.00550	0.00986	0.01516	0.01857	0.08530	0.22121	0.53948	0.01814	0.00823	0.00241	0.00357	0.01550	0.00639	0.00575
45	0.00951	0.00707	0.00823	0.00793	0.00996	0.00621	0.00595	0.01193	0.01733	0.04428	0.35607	0.07995	0.37950	0.01568	0.00806	0.00225	0.00345	0.01344	0.00695	0.00626
46	0.01739	0.01488	0.01568	0.01400	0.01793	0.01719	0.01092	0.06375	0.67652	0.02922	0.02737	0.02515	0.02050	0.00924	0.00696	0.00231	0.00550	0.00767	0.00696	0.01086
47	0.03070	0.01164	0.01588	0.01217	0.01746	0.01006	0.01006	0.03334	0.01958	0.72163	0.02699	0.02329	0.01694	0.00847	0.00688	0.00212	0.00582	0.00688	0.00847	0.01164
48	0.01275	0.00638	0.00638	0.00638	0.00797	0.00638	0.00478	0.01594	0.01435	0.02551	0.02232	0.02551	0.01754	0.00797	0.00478	0.00159	0.00319	0.00638	0.79755	0.00638
49	0.01829	0.76368	0.03585	0.01171	0.01756	0.02707	0.01171	0.02049	0.01390	0.01610	0.00951	0.01097	0.00878	0.00585	0.00439	0.00146	0.00732	0.00366	0.00293	0.00878
50	0.00837	0.00693	0.00735	0.00744	0.00957	0.00592	0.00561	0.01028	0.01585	0.01937	0.12741	0.09500	0.59542	0.01726	0.00817	0.00235	0.00358	0.04181	0.00646	0.00585
51	0.01292	0.01216	0.02052	0.74312	0.04712	0.01520	0.01900	0.01748	0.01368	0.01748	0.01216	0.01824	0.00912	0.00684	0.00684	0.00228	0.00912	0.00608	0.00304	0.00760
52	0.01000	0.00712	0.00974	0.00981	0.01076	0.00777	0.00723	0.01189	0.01169	0.01656	0.06686	0.03658	0.02384	0.23980	0.42118	0.00838	0.01282	0.05085	0.03151	0.00561
53	0.01392	0.00750	0.00762	0.00720	0.00914	0.00768	0.00551	0.07569	0.01592	0.02706	0.02180	0.02471	0.01702	0.00799	0.00496	0.00163	0.00357	0.00636	0.72788	0.00684
54	0.01989	0.01552	0.01644	0.01386	0.01809	0.01752	0.01104	0.27438	0.39274	0.03361	0.02315	0.02220	0.01719	0.00877	0.00671	0.00215	0.00597	0.00703	0.08304	0.01069
55	0.01796	0.08434	0.29794	0.04736	0.15829	0.01728	0.05990	0.11944	0.03455	0.07741	0.01435	0.01623	0.01056	0.00680	0.00658	0.00208	0.00875	0.00572	0.00412	0.01036
56	0.01816	0.57331	0.15293	0.01349	0.01995	0.05601	0.01417	0.05060	0.01504	0.01827	0.01034	0.01187	0.00889	0.00612	0.00494	0.00162	0.00803	0.00404	0.00312	0.00910
57	0.02954	0.01229	0.01613	0.01250	0.01771	0.01117	0.01028	0.07320	0.06384	0.63687	0.02641	0.02302	0.01687	0.00850	0.00688	0.00213	0.00590	0.00689	0.00827	0.01159
58	0.00985	0.00664	0.00767	0.00768	0.00788	0.00656	0.00451	0.01027	0.01116	0.01507	0.10111	0.07685	0.03029	0.64201	0.03062	0.00595	0.00613	0.01064	0.00463	0.00447
59	0.00995	0.00663	0.00746	0.00746	0.00746	0.00663	0.00415	0.00995	0.00995	0.01327	0.02156	0.04477	0.02487	0.75957	0.03482	0.00663	0.00663	0.00995	0.00415	0.00415
60	0.02576	0.01850	0.01992	0.01532	0.02067	0.02036	0.01264	0.64942	0.03116	0.06656	0.01698	0.01695	0.01201	0.00821	0.00678	0.00204	0.00733	0.00619	0.03173	0.01147
61	0.00946	0.00698	0.00884	0.00838	0.01009	0.00636	0.00628	0.01248	0.01884	0.02620	0.62436	0.05314	0.15424	0.01445	0.00807	0.00217	0.00326	0.01266	0.00737	0.00636
62	0.01676	0.01608	0.02745	0.07259	0.68765	0.01621	0.02091	0.02084	0.01550	0.02214	0.01284	0.01699	0.01076	0.00613	0.00678	0.00204	0.00817	0.00610	0.00337	0.01070
63	0.01372	0.03539	0.72412	0.01950	0.02961	0.01589	0.02528	0.02167	0.01444	0.02167	0.01228	0.01444	0.00867	0.00650	0.00650	0.00217	0.01011	0.00506	0.00289	0.01011
64	0.00968	0.00699	0.00914	0.00861	0.01022	0.00646	0.00646	0.01291	0.01937	0.02743	0.71328	0.05110	0.06455	0.01399	0.00807	0.00215	0.00323	0.01237	0.00753	0.00646
65	0.01823	0.73106	0.03550	0.01303	0.04808	0.02660	0.01211	0.02051	0.01397	0.01637	0.00966	0.01123	0.00887	0.00586	0.00449	0.00149	0.00735	0.00376	0.00295	0.00887
66	0.00839	0.00599	0.00798	0.00949	0.00993	0.00559	0.00635	0.00965	0.01333	0.01783	0.06279	0.72896	0.04597	0.02116	0.00871	0.00276	0.00394	0.01919	0.00639	0.00559
67	0.14052	0.01187	0.01505	0.01172	0.01687	0.01080	0.00968	0.03147	0.01846	0.62399	0.02452	0.02157	0.01559	0.00817	0.00651	0.00212	0.00575	0.00643	0.00787	0.01104
68	0.00814	0.00673	0.00713	0.00745	0.00938	0.00573	0.00543	0.00976	0.01509	0.01828	0.06297	0.20415	0.57990	0.01815	0.00822	0.00240	0.00357	0.01544	0.00635	0.00573
69	0.01747	0.01289	0.01437	0.01273	0.01637	0.01418	0.00993	0.03169	0.49023	0.11902	0.15251	0.02989	0.02832	0.01003	0.00715	0.00226	0.00507	0.00847	0.00726	0.01014
70	0.03070	0.01164	0.01588	0.01217	0.01746	0.01006	0.01006	0.03334	0.01958	0.72163	0.02699	0.02329	0.01694	0.00847	0.00688	0.00212	0.00582	0.00688	0.00847	0.01164
71	0.01829	0.76368	0.03585	0.01171	0.01756	0.02707	0.01171	0.02049	0.01390	0.01610	0.00951	0.01097	0.00878	0.00585	0.00439	0.00146	0.00732	0.00366	0.00293	0.00878
72	0.00838	0.00599	0.00798	0.00949	0.00993	0.00559	0.00635	0.00965	0.01332	0.01782	0.06198	0.72980	0.04594	0.02117	0.00871	0.00276	0.00394	0.01919	0.00639	0.00559
73	0.80789	0.01323	0.01006	0.00900	0.01323	0.01535	0.00741	0.02011	0.01164	0.03070	0.00953	0.01111	0.00741	0.00635	0.00423	0.00212	0.00529	0.00370	0.00423	0.00741
74	0.01840	0.01538	0.01625	0.01420	0.01832	0.01766	0.01116	0.13723	0.60140	0.03084	0.02609	0.02413	0.01947	0.00912	0.00694	0.00228	0.00574	0.00749	0.00694	0.01095
75	0.00834	0.00595	0.00794	0.00953	0.00992	0.00556	0.00635	0.00953	0.01310	0.01746	0.03771	0.75510	0.04525	0.02143	0.00873	0.00278	0.00397	0.01945	0.00635	0.00556
76	0.01615	0.01845	0.04037	0.02884	0.03576	0.01730	0.69204	0.02191	0.01615	0.02191	0.01384	0.01845	0.01038	0.00577	0.00807	0.00231	0.01153	0.00807	0.00346	0.00923
77	0.01292	0.01216	0.02052	0.74312	0.04712	0.01520	0.01900	0.01748	0.01368	0.01748	0.01216	0.01824	0.00912	0.00684	0.00684	0.00228	0.00912	0.00608	0.00304	0.00760
78	0.00834	0.00595	0.00794	0.00953	0.00992	0.00556	0.00635	0.00953	0.01310	0.01746	0.03771	0.75510	0.04525	0.02143	0.00873	0.00278	0.00397	0.01945	0.00635	0.00556
79	0.01419	0.01216	0.01419	0.01013	0.01621	0.00912	0.00811	0.01723	0.01419	0.02229	0.01216	0.01419	0.01013	0.00507	0.00507	0.00101	0.00507	0.00405	0.00405	0.80139
80	0.14148	0.01504	0.01676	0.06627	0.01991	0.01629	0.01127	0.35355	0.02333	0.15569	0.01852	0.06553	0.01448	0.04176	0.00781	0.00234	0.00674	0.00693	0.00631	0.00999
81	0.00809	0.00693	0.00693	0.00693	0.00924	0.00578	0.00520	0.00982	0.01559	0.01848	0.06931	0.06584	0.71411	0.01733	0.00809	0.00231	0.00347	0.01444	0.00635	0.00578
82	0.00953	0.00699	0.00893	0.00844	0.01013	0.00639	0.00633	0.01261	0.01900	0.02656	0.65060	0.05254	0.12777	0.01431	0.00807	0.00217	0.00325	0.01257	0.00742	0.00639
83	0.80789	0.01323	0.01006	0.00900	0.01323	0.01535	0.00741	0.02011	0.01164	0.03070	0.00953	0.01111	0.00741	0.00635	0.00423	0.00212	0.00529	0.00370	0.00423	0.00741
84	0.01019	0.00751	0.01007	0.00988	0.01048	0.00850	0.00701	0.01148	0.01050	0.01476	0.01916	0.03405	0.02003	0.36301	0.37714	0.00854	0.06013	0.00841	0.00383	0.00533
85	0.66641	0.01294	0.01112	0.00957	0.01400	0.01438	0.00789	0.02252	0.01309	0.15647	0.01271	0.01333	0.00914	0.00674	0.00472	0.00212	0.00539	0.00428	0.00500	0.00818
86	0.02395	0.02962	0.02071	0.02137	0.12771	0.60317	0.01446	0.02606	0.01856	0.01760	0.01088	0.01311	0.00913	0.00704	0.00670	0.00184	0.03153	0.00471	0.00349	0.00836
87	0.03022	0.01175	0.01586	0.01223	0.01748	0.01029	0.01008	0.03344	0.04312	0.69781	0.02702	0.02336	0.01707	0.00850	0.00688	0.00212	0.00581	0.00691	0.00842	0.01161
88	0.01182	0.00808	0.01106	0.01215	0.01390	0.00802	0.01037	0.01534	0.03739	0.05167	0.08511	0.11016	0.04000	0.01793	0.00912	0.00298	0.00589	0.53586	0.00651	0.00664
89	0.01388	0.06114	0.69978	0.01922	0.02918	0.01628	0.02480	0.02162	0.01442	0.02147	0.01218	0.01432	0.00867	0.00648	0.00643	0.00214	0.01001	0.00501	0.00289	0.01006
90	0.00834	0.00595	0.00794	0.00953	0.00992	0.00556	0.00635	0.00953	0.01310	0.01746	0.03771	0.75510	0.04525	0.02143	0.00873	0.00278	0.00397	0.01945	0.00635	0.00556
91	0.05383	0.01220	0.01602	0.01232	0.01759	0.01098	0.01018	0.07810	0.02020	0.65440	0.02574	0.02245	0.01629	0.00839	0.00680	0.00211	0.00592	0.00673	0.00823	0.01151
92	0.00834	0.00595	0.00794	0.00953	0.00992	0.00556	0.00635	0.00953	0.01310	0.01746	0.03771	0.75510	0.04525	0.02143	0.00873	0.00278	0.00397	0.01945	0.00635	0.00556
93	0.01702	0.01470	0.01547	0.01392	0.01779	0.01702	0.01083	0.03635	0.70453	0.02862	0.02785	0.02553	0.02088	0.00928	0.00696	0.00232	0.00541	0.00773	0.00696	0.01083
94	0.49215	0.01284	0.01258	0.01041	0.01508	0.01358	0.00858	0.04819	0.01530	0.28793	0.01625	0.01582	0.01110	0.00720	0.00531	0.00211	0.00557	0.00497	0.00590	0.00913
95	0.01292	0.01216	0.02052	0.74312	0.04712	0.01520	0.01900	0.01748	0.01368	0.01748	0.01216	0.01824	0.00912	0.00684	0.00684	0.00228	0.00912	0.00608	0.00304	0.00760
96	0.01444	0.04577	0.02077	0.55387	0.06556	0.01627	0.01738	0.05018	0.10855	0.02025	0.01439	0.01879	0.01088	0.00716	0.00675	0.00223	0.00843	0.00620	0.00375	0.00839
97	0.00994	0.00664	0.00751	0.00750	0.00755	0.00663	0.00422	0.01004	0.01024	0.01370	0.04301	0.04497	0.02610	0.73644	0.03399	0.00649	0.00653	0.01002	0.00425	0.00422
98	0.02395	0.01794	0.01925	0.01519	0.02020	0.01997	0.01239	0.55494	0.15051	0.03952	0.01830	0.01818	0.01328	0.00892	0.00752	0.02848	0.00710	0.00643	0.00674	0.01121
99	0.67504	0.01343	0.01134	0.00976	0.01419	0.01515	0.00805	0.06405	0.01379	0.10574	0.01184	0.01276	0.00870	0.00670	0.00468	0.00211	0.00549	0.00420	0.00485	0.00813
100	0.05907	0.04406	0.06504	0.04129	0.02120	0.01729	0.07268	0.35869	0.02298	0.03167	0.01893	0.15455	0.01715	0.01026	0.00758	0.00224	0.03155	0.00853	0.00566	0.00959
101	0.01379	0.03493	0.70547	0.01975	0.02978	0.01593	0.04346	0.02167	0.01449	0.02167	0.01232	0.01455	0.00871	0.00648	0.00654	0.00217	0.01015	0.00514	0.00290	0.01009
102	0.03070	0.01164	0.01588	0.01217	0.01746	0.01006	0.01006	0.03334	0.01958	0.72163	0.02699	0.02329	0.01694	0.00847	0.00688	0.00212	0.00582	0.00688	0.00847	0.01164
103	0.01674	0.01599	0.02723	0.04105	0.69442	0.01599	0.02068	0.02078	0.01558	0.02229	0.01362	0.01886	0.01175	0.00651	0.00686	0.00207	0.00807	0.02735	0.00348	0.01069
104	0.07010	0.21809	0.41217	0.01612	0.02376	0.01874	0.01888	0.04483	0.01478	0.02164	0.04059	0.01495	0.01106	0.00694	0.00658	0.00201	0.04108	0.00499	0.00333	0.00937
105	0.00904	0.00646	0.00842	0.00976	0.01034	0.00617	0.00664	0.03157	0.01369	0.01824	0.03645	0.68652	0.04332	0.04512	0.00955	0.00289	0.00424	0.03955	0.00629	0.00573
106	0.80789	0.01323	0.01006	0.00900	0.01323	0.01535	0.00741	0.02011	0.01164	0.03070	0.00953	0.01111	0.00741	0.00635	0.00423	0.00212	0.00529	0.00370	0.00423	0.00741
107	0.00834	0.00595	0.00794	0.00953	0.00992	0.00556	0.00635	0.00953	0.01310	0.01746	0.03771	0.75510	0.04525	0.02143	0.00873	0.00278	0.00397	0.01945	0.00635	0.00556
108	0.00968	0.00699	0.00914	0.00861	0.01022	0.00646	0.00646	0.01291	0.01937	0.02743	0.71328	0.05110	0.06455	0.01399	0.00807	0.00215	0.00323	0.01237	0.00753	0.00646
109	0.02561	0.01897	0.02031	0.01566	0.02106	0.02103	0.01291	0.66504	0.06185	0.04248	0.01693	0.01683	0.01204	0.00826	0.00685	0.00206	0.00743	0.00623	0.00685	0.01160
110	0.03622	0.01424	0.02383	0.37644	0.23054	0.01602	0.08431	0.02046	0.06963	0.02050	0.01362	0.01819	0.01062	0.00686	0.00734	0.00223	0.03017	0.00635	0.00352	0.00892
111	0.00983	0.00723	0.00924	0.00887	0.01049	0.00681	0.00660	0.01353	0.04858	0.02629	0.60131	0.11450	0.08167	0.01457	0.00808	0.00222	0.00340	0.01288	0.00736	0.00654
112	0.00995	0.00663	0.00746	0.00746	0.00746	0.00663	0.00415	0.00995	0.00995	0.01327	0.02156	0.04477	0.02487	0.75957	0.03482	0.00663	0.00663	0.00995	0.00415	0.00415
113	0.38717	0.09421	0.01546	0.03417	0.01634	0.01660	0.00957	0.04562	0.16051	0.08272	0.01518	0.01600	0.01158	0.00796	0.00662	0.02958	0.03199	0.00512	0.00497	0.00861
114	0.02506	0.07414	0.02127	0.01518	0.02057	0.02123	0.01268	0.62497	0.03031	0.04061	0.01608	0.01628	0.01159	0.00803	0.00660	0.00200	0.00739	0.00598	0.02876	0.01127
115	0.01658	0.01558	0.02608	0.10904	0.59715	0.01595	0.02010	0.04258	0.01595	0.02247	0.01394	0.01967	0.01194	0.00680	0.00690	0.00211	0.00813	0.03511	0.00359	0.01035
116	0.04254	0.07532	0.26130	0.04015	0.02487	0.01798	0.08424	0.17262	0.03878	0.02584	0.01343	0.01584	0.01023	0.00881	0.03200	0.00244	0.08110	0.00570	0.00410	0.04271
117	0.01965	0.27092	0.26552	0.01478	0.02169	0.01838	0.01601	0.02466	0.04588	0.19389	0.01560	0.01599	0.01131	0.00706	0.00640	0.00195	0.03064	0.00519	0.00447	0.01000
118	0.00875	0.00625	0.00841	0.01000	0.01058	0.00591	0.00707	0.01024	0.01351	0.01793	0.03748	0.65101	0.04435	0.02104	0.00884	0.00284	0.00433	0.11947	0.00634	0.00567
119	0.01749	0.55616	0.10379	0.01454	0.04493	0.02369	0.04312	0.04344	0.01486	0.01835	0.01204	0.01626	0.01095	0.00683	0.00526	0.00172	0.00776	0.04655	0.00331	0.00895
120	0.01658	0.11136	0.36058	0.02286	0.12467	0.11114	0.11562	0.02221	0.01543	0.02053	0.01205	0.01470	0.00925	0.00634	0.00648	0.00204	0.01001	0.00539	0.00313	0.00965
121	0.64760	0.01368	0.03371	0.00980	0.01422	0.01463	0.00830	0.03959	0.01309	0.10473	0.01214	0.01393	0.00924	0.03460	0.00580	0.00228	0.00561	0.00439	0.00472	0.00795
122	0.00963	0.00699	0.00907	0.00855	0.01019	0.00643	0.00641	0.01280	0.01923	0.02711	0.69014	0.05163	0.08789	0.01411	0.00807	0.00216	0.00324	0.01245	0.00749	0.00643
123	0.07473	0.01452	0.01735	0.25492	0.09775	0.10365	0.01401	0.02159	0.09306	0.07756	0.02003	0.08760	0.03393	0.00948	0.00694	0.00227	0.00768	0.04991	0.00469	0.00834
124	0.01462	0.10918	0.01680	0.01338	0.04550	0.03700	0.03965	0.01919	0.09899	0.08176	0.18566	0.18830	0.03368	0.01274	0.00798	0.00229	0.03308	0.04634	0.00595	0.00793
125	0.00877	0.00681	0.00788	0.00790	0.00960	0.00603	0.00576	0.01090	0.01637	0.02134	0.29463	0.15015	0.36237	0.04930	0.00934	0.00250	0.00359	0.01416	0.00668	0.00592
126	0.03070	0.01164	0.01588	0.01217	0.01746	0.01006	0.01006	0.03334	0.01958	0.72163	0.02699	0.02329	0.01694	0.00847	0.00688	0.00212	0.00582	0.00688	0.00847	0.01164
127	0.01479	0.10470	0.48795	0.02131	0.04659	0.01733	0.16974	0.02159	0.01479	0.02118	0.01236	0.01503	0.00911	0.00626	0.00664	0.00212	0.01009	0.00560	0.00303	0.00980
128	0.46043	0.01920	0.21133	0.03374	0.01936	0.01480	0.01310	0.02220	0.01353	0.11813	0.01266	0.01385	0.00906	0.00668	0.00529	0.00214	0.00682	0.00457	0.00438	0.00873
129	0.00828	0.00695	0.00723	0.00740	0.00958	0.00590	0.00561	0.01008	0.01549	0.01856	0.06585	0.09685	0.64263	0.01761	0.00820	0.00238	0.00366	0.05559	0.00635	0.00580
130	0.17287	0.01193	0.01481	0.01159	0.01669	0.01102	0.00957	0.03092	0.01813	0.59523	0.02380	0.02106	0.01519	0.00808	0.00640	0.00212	0.00572	0.00630	0.00769	0.01087
131	0.11835	0.01368	0.03842	0.01242	0.01725	0.01309	0.01039	0.12219	0.12068	0.35878	0.02574	0.04545	0.05482	0.00912	0.00668	0.00217	0.00589	0.00727	0.00715	0.01046
132	0.01676	0.01608	0.02745	0.07259	0.68765	0.01621	0.02091	0.02084	0.01550	0.02214	0.01284	0.01699	0.01076	0.00613	0.00678	0.00204	0.00817	0.00610	0.00337	0.01070
133	0.02558	0.01891	0.02030	0.01554	0.02103	0.02078	0.01283	0.66946	0.03151	0.04236	0.01627	0.01634	0.01158	0.00810	0.00678	0.00202	0.00744	0.00608	0.00674	0.04036
134	0.01419	0.01216	0.01419	0.01013	0.01621	0.00912	0.00811	0.01723	0.01419	0.02229	0.01216	0.01419	0.01013	0.00507	0.00507	0.00101	0.00507	0.00405	0.00405	0.80139
135	0.00842	0.00601	0.00803	0.00962	0.01005	0.00563	0.00650	0.00967	0.01318	0.01756	0.03766	0.73408	0.04507	0.02136	0.00875	0.00279	0.00404	0.03965	0.00635	0.00558
136	0.03070	0.01164	0.01588	0.01217	0.01746	0.01006	0.01006	0.03334	0.01958	0.72163	0.02699	0.02329	0.01694	0.00847	0.00688	0.00212	0.00582	0.00688	0.00847	0.01164
137	0.00958	0.00695	0.00902	0.00858	0.01018	0.00640	0.00641	0.01268	0.01901	0.02677	0.66665	0.07652	0.08681	0.01437	0.00809	0.00218	0.00326	0.01270	0.00745	0.00640
138	0.01314	0.01096	0.01206	0.03300	0.01479	0.01171	0.00864	0.04597	0.32201	0.02567	0.18313	0.04174	0.22468	0.01243	0.00750	0.00227	0.00459	0.01050	0.00679	0.00841
139	0.80789	0.01323	0.01006	0.00900	0.01323	0.01535	0.00741	0.02011	0.01164	0.03070	0.00953	0.01111	0.00741	0.00635	0.00423	0.00212	0.00529	0.00370	0.00423	0.00741
140	0.01702	0.01470	0.01547	0.01392	0.01779	0.01702	0.01083	0.03635	0.70453	0.02862	0.02785	0.02553	0.02088	0.00928	0.00696	0.00232	0.00541	0.00773	0.00696	0.01083
141	0.01693	0.01626	0.02777	0.04199	0.71689	0.01626	0.02100	0.02100	0.01558	0.02235	0.01287	0.01693	0.01084	0.00610	0.00677	0.00203	0.00813	0.00610	0.00339	0.01084
142	0.02699	0.01271	0.04094	0.04496	0.01913	0.01117	0.01120	0.05235	0.06499	0.55293	0.02613	0.02613	0.01783	0.00904	0.00703	0.00220	0.00618	0.04934	0.00774	0.01101
143	0.00968	0.00699	0.00914	0.00861	0.01022	0.00646	0.00646	0.01291	0.01937	0.02743	0.71328	0.05110	0.06455	0.01399	0.00807	0.00215	0.00323	0.01237	0.00753	0.00646
144	0.00838	0.00599	0.00798	0.00950	0.00993	0.00559	0.00635	0.00964	0.01331	0.01780	0.06014	0.73173	0.04589	0.02119	0.00871	0.00276	0.00394	0.01921	0.00639	0.00559
145	0.00907	0.00719	0.01080	0.01100	0.01219	0.00666	0.06749	0.01080	0.01383	0.01836	0.06626	0.60450	0.09679	0.01939	0.00859	0.00267	0.00457	0.01774	0.00614	0.00594
146	0.01460	0.01387	0.02355	0.45026	0.32688	0.01564	0.01983	0.01895	0.01447	0.01951	0.01246	0.01769	0.00984	0.00653	0.00681	0.00218	0.00871	0.00609	0.00318	0.00895
147	0.05410	0.01895	0.02016	0.01550	0.02093	0.02101	0.01280	0.66986	0.03143	0.04267	0.01618	0.01623	0.01148	0.00815	0.00675	0.00206	0.00745	0.00607	0.00675	0.01148
148	0.01307	0.01231	0.02079	0.71709	0.07198	0.01524	0.01907	0.01761	0.01375	0.01766	0.01219	0.01819	0.00918	0.00681	0.00684	0.00227	0.00908	0.00608	0.00305	0.00772
149	0.01694	0.54902	0.23872	0.01400	0.02111	0.02377	0.01571	0.02083	0.01406	0.01774	0.01033	0.01200	0.00875	0.00604	0.00501	0.00167	0.00814	0.00407	0.00292	0.00917
150	0.00913	0.00653	0.00881	0.01016	0.01098	0.00621	0.00748	0.01101	0.01442	0.01928	0.11164	0.51492	0.04596	0.02001	0.00883	0.00280	0.00445	0.17507	0.00647	0.00583
151	0.02154	0.01927	0.01786	0.01517	0.01953	0.14028	0.01198	0.25925	0.35837	0.03154	0.02101	0.02017	0.01567	0.00854	0.00679	0.00213	0.00732	0.00663	0.00634	0.01061
152	0.00963	0.00705	0.00909	0.00910	0.01054	0.00664	0.00673	0.01288	0.04014	0.02465	0.48883	0.20757	0.08068	0.01581	0.00824	0.00235	0.00361	0.04293	0.00716	0.00637
153	0.01565	0.26118	0.48079	0.01692	0.02551	0.01959	0.02055	0.04931	0.01501	0.02083	0.01159	0.01345	0.00883	0.00637	0.00586	0.00194	0.00913	0.00467	0.00307	0.00976
154	0.01576	0.01778	0.03846	0.05962	0.03543	0.01683	0.64052	0.02132	0.01594	0.02158	0.01453	0.04201	0.01144	0.00632	0.00804	0.00232	0.01119	0.00835	0.00353	0.00904
155	0.77372	0.01316	0.01031	0.00914	0.01342	0.01511	0.00753	0.02069	0.01199	0.06107	0.01029	0.01165	0.00783	0.00644	0.00435	0.00212	0.00532	0.00384	0.00442	0.00760
156	0.00834	0.00595	0.00794	0.00953	0.00992	0.00556	0.00635	0.00953	0.01310	0.01746	0.03771	0.75510	0.04525	0.02143	0.00873	0.00278	0.00397	0.01945	0.00635	0.00556
157	0.01829	0.76368	0.03585	0.01171	0.01756	0.02707	0.01171	0.02049	0.01390	0.01610	0.00951	0.01097	0.00878	0.00585	0.00439	0.00146	0.00732	0.00366	0.00293	0.00878
158	0.00979	0.00728	0.01076	0.01076	0.01190	0.00842	0.00826	0.01207	0.01093	0.01571	0.01854	0.02807	0.01762	0.09856	0.68591	0.01070	0.01755	0.00750	0.00370	0.00598
159	0.00961	0.00699	0.00905	0.00853	0.01018	0.00643	0.00640	0.01277	0.01920	0.02704	0.68485	0.05175	0.09323	0.01413	0.00807	0.00216	0.00324	0.01246	0.00748	0.00643
160	0.03070	0.01164	0.01588	0.01217	0.01746	0.01006	0.01006	0.03334	0.01958	0.72163	0.02699	0.02329	0.01694	0.00847	0.00688	0.00212	0.00582	0.00688	0.00847	0.01164
161	0.01702	0.01470	0.01547	0.01392	0.01779	0.01702	0.01083	0.03635	0.70453	0.02862	0.02785	0.02553	0.02088	0.00928	0.00696	0.00232	0.00541	0.00773	0.00696	0.01083
162	0.01142	0.00594	0.00879	0.00899	0.00904	0.00589	0.00600	0.00899	0.00946	0.01261	0.01526	0.11682	0.01625	0.02346	0.02438	0.69658	0.00568	0.00771	0.00341	0.00331
163	0.02556	0.03261	0.01939	0.01763	0.02115	0.73210	0.01322	0.02732	0.01939	0.01674	0.01058	0.01234	0.00881	0.00705	0.00617	0.00176	0.01234	0.00441	0.00353	0.00793
164	0.02601	0.01916	0.02053	0.01574	0.02122	0.02122	0.01300	0.69408	0.03217	0.04312	0.01643	0.01643	0.01163	0.00821	0.00684	0.00205	0.00753	0.00616	0.00684	0.01163
165	0.36406	0.01345	0.01407	0.01134	0.01621	0.01400	0.00936	0.12645	0.01805	0.32319	0.01790	0.01703	0.01205	0.00752	0.00574	0.00211	0.00585	0.00541	0.00641	0.00982
