[name]
unknown

[dist]
# distance from previous block
# <min> <max>
0	77

[block]
# block no. 0 follows, 30 sequences, length 143
# corresponding to MSA columns:
# 78-142,144-221
name=unknown_A
#
# <colnr> <probs for GDERKNQSTAVLIFYWHMCP>
#	G	D	E	R	K	N	Q	S	T	A	V	L	I	F	Y	W	H	M	C	P
0	0.02009	0.08128	0.01882	0.01533	0.06367	0.01682	0.01178	0.33571	0.04556	0.05560	0.02491	0.05715	0.07907	0.03632	0.00817	0.00238	0.00677	0.08344	0.02741	0.00973
1	0.04234	0.06406	0.01788	0.01393	0.03956	0.01632	0.01082	0.30105	0.07605	0.10905	0.04471	0.02332	0.01693	0.10286	0.04126	0.00301	0.00725	0.00696	0.02738	0.03526
2	0.02653	0.01955	0.02094	0.01606	0.02164	0.02164	0.01326	0.68796	0.03281	0.04398	0.01675	0.01675	0.01187	0.00838	0.00698	0.00209	0.00768	0.00628	0.00698	0.01187
3	0.01505	0.01275	0.01478	0.01061	0.01678	0.00990	0.00851	0.05000	0.01536	0.02377	0.01261	0.01458	0.01041	0.00532	0.00526	0.00108	0.00529	0.00424	0.00427	0.75942
4	0.00979	0.00682	0.00751	0.00751	0.00795	0.00660	0.00443	0.01012	0.01122	0.01452	0.03107	0.04967	0.15273	0.61731	0.03043	0.00594	0.00616	0.01100	0.00465	0.00454
5	0.02016	0.55970	0.03205	0.01361	0.01875	0.18461	0.01245	0.02227	0.01527	0.01658	0.00992	0.01170	0.00897	0.00655	0.00578	0.00164	0.04415	0.00402	0.00313	0.00870
6	0.01925	0.01128	0.01217	0.01020	0.01350	0.01180	0.00815	0.23611	0.02108	0.10177	0.02130	0.02278	0.01587	0.00826	0.00578	0.00183	0.00496	0.00648	0.45864	0.00879
7	0.00841	0.00644	0.00772	0.00874	0.00986	0.00575	0.00604	0.00983	0.01430	0.01820	0.05037	0.49785	0.29082	0.02031	0.00866	0.00266	0.00386	0.01795	0.00648	0.00575
8	0.00860	0.00698	0.00765	0.00784	0.00983	0.00603	0.00583	0.01055	0.01609	0.02000	0.14935	0.15299	0.51510	0.01782	0.00838	0.00243	0.00367	0.03826	0.00664	0.00597
9	0.01015	0.00677	0.00761	0.00761	0.00761	0.00677	0.00423	0.01015	0.01015	0.01353	0.02199	0.04567	0.02537	0.75476	0.03552	0.00677	0.00677	0.01015	0.00423	0.00423
10	0.01866	0.75896	0.03657	0.01194	0.01791	0.02761	0.01194	0.02090	0.01418	0.01642	0.00970	0.01119	0.00896	0.00597	0.00448	0.00149	0.00746	0.00373	0.00299	0.00896
11	0.00850	0.00607	0.00810	0.00972	0.01012	0.00567	0.00648	0.00972	0.01336	0.01781	0.03846	0.75020	0.04615	0.02186	0.00891	0.00283	0.00405	0.01984	0.00648	0.00567
12	0.01866	0.75896	0.03657	0.01194	0.01791	0.02761	0.01194	0.02090	0.01418	0.01642	0.00970	0.01119	0.00896	0.00597	0.00448	0.00149	0.00746	0.00373	0.00299	0.00896
13	0.01866	0.75896	0.03657	0.01194	0.01791	0.02761	0.01194	0.02090	0.01418	0.01642	0.00970	0.01119	0.00896	0.00597	0.00448	0.00149	0.00746	0.00373	0.00299	0.00896
14	0.01736	0.01499	0.01578	0.01420	0.01815	0.01736	0.01105	0.03708	0.69862	0.02919	0.02840	0.02604	0.02130	0.00947	0.00710	0.00237	0.00552	0.00789	0.00710	0.01105
15	0.00850	0.00607	0.00810	0.00972	0.01012	0.00567	0.00648	0.00972	0.01336	0.01781	0.03846	0.75020	0.04615	0.02186	0.00891	0.00283	0.00405	0.01984	0.00648	0.00567
16	0.00997	0.00748	0.01121	0.01121	0.01246	0.00872	0.00872	0.01246	0.01121	0.01620	0.01869	0.02741	0.01745	0.05234	0.72710	0.01121	0.01869	0.00748	0.00374	0.00623
17	0.02027	0.01586	0.01777	0.01348	0.01894	0.01579	0.01098	0.34736	0.02330	0.03280	0.01517	0.03710	0.01208	0.00754	0.00693	0.00170	0.03803	0.00574	0.00556	0.35363
18	0.02247	0.01733	0.04075	0.01477	0.01941	0.01821	0.01215	0.52618	0.02805	0.03765	0.02031	0.13436	0.01786	0.04656	0.00866	0.00244	0.00714	0.00858	0.00664	0.01046
19	0.01946	0.01917	0.04819	0.03085	0.39959	0.10205	0.01789	0.09207	0.10939	0.04309	0.01548	0.01784	0.01228	0.00728	0.00743	0.00212	0.03453	0.00622	0.00442	0.01065
20	0.01587	0.01297	0.01386	0.01260	0.01608	0.01434	0.00973	0.06672	0.46038	0.04623	0.03611	0.09666	0.14479	0.01193	0.00745	0.00239	0.00517	0.01004	0.00697	0.00973
21	0.80405	0.01350	0.01026	0.00918	0.01350	0.01565	0.00756	0.02051	0.01188	0.03131	0.00972	0.01134	0.00756	0.00648	0.00432	0.00216	0.00540	0.00378	0.00432	0.00756
22	0.00842	0.00689	0.00727	0.00753	0.00940	0.00592	0.00541	0.00998	0.01509	0.01830	0.06208	0.17350	0.55442	0.07160	0.01032	0.00275	0.00385	0.01520	0.00632	0.00574
23	0.38067	0.06496	0.01530	0.01128	0.01604	0.01480	0.00946	0.05446	0.01611	0.30260	0.01708	0.01664	0.01176	0.00759	0.00618	0.00214	0.03211	0.00525	0.00601	0.00956
24	0.01618	0.05445	0.23299	0.04704	0.02845	0.03997	0.22986	0.02241	0.04860	0.04444	0.01407	0.01674	0.01058	0.00632	0.00681	0.00200	0.00934	0.00609	0.00377	0.15989
25	0.05350	0.01277	0.01601	0.01251	0.01750	0.01215	0.01028	0.14827	0.02133	0.50210	0.02440	0.02238	0.01604	0.00998	0.03139	0.00242	0.00648	0.00676	0.06256	0.01117
26	0.01018	0.00715	0.00891	0.00932	0.01057	0.00694	0.00666	0.01372	0.06534	0.02329	0.27733	0.35949	0.04809	0.01659	0.00805	0.00243	0.00379	0.01478	0.10091	0.00649
27	0.01690	0.01620	0.02765	0.10671	0.65029	0.01648	0.02123	0.02109	0.01571	0.02234	0.01306	0.01739	0.01089	0.00629	0.00691	0.00210	0.00838	0.00622	0.00342	0.01075
28	0.01631	0.01581	0.02743	0.19336	0.48988	0.01646	0.07630	0.02115	0.03465	0.02185	0.01348	0.01794	0.01092	0.00645	0.00704	0.00216	0.00873	0.00643	0.00349	0.01019
29	0.02607	0.03326	0.01978	0.01798	0.02157	0.72674	0.01348	0.02787	0.01978	0.01708	0.01079	0.01258	0.00899	0.00719	0.00629	0.00180	0.01258	0.00449	0.00360	0.00809
30	0.00834	0.00707	0.00720	0.00717	0.00948	0.00593	0.00537	0.01019	0.01612	0.01937	0.10683	0.06630	0.67193	0.01748	0.00825	0.00235	0.00352	0.01461	0.00655	0.00593
31	0.01731	0.52689	0.21615	0.01502	0.02220	0.02405	0.05383	0.02129	0.01445	0.01825	0.01069	0.01256	0.00902	0.00614	0.00526	0.00173	0.00846	0.00436	0.00301	0.00934
32	0.04425	0.59979	0.06110	0.01188	0.01723	0.02373	0.01164	0.01941	0.01401	0.01737	0.01373	0.11178	0.01396	0.00818	0.00517	0.00173	0.00705	0.00598	0.00350	0.00852
33	0.01014	0.00681	0.00783	0.00783	0.00791	0.00688	0.00450	0.01029	0.01021	0.01369	0.02179	0.04456	0.02489	0.71210	0.07752	0.00704	0.00749	0.00999	0.00420	0.00435
34	0.00850	0.00607	0.00810	0.00972	0.01012	0.00567	0.00648	0.00972	0.01336	0.01781	0.03846	0.75020	0.04615	0.02186	0.00891	0.00283	0.00405	0.01984	0.00648	0.00567
35	0.00951	0.00715	0.00883	0.00849	0.01031	0.00646	0.00642	0.01242	0.01866	0.02544	0.52420	0.05683	0.22641	0.01530	0.00828	0.00227	0.00346	0.03581	0.00734	0.00640
36	0.01410	0.03535	0.68949	0.02030	0.03047	0.01627	0.05415	0.02211	0.01481	0.02211	0.01259	0.01491	0.00891	0.00660	0.00670	0.00222	0.01038	0.00529	0.00297	0.01027
37	0.01681	0.01611	0.02749	0.12142	0.63625	0.01646	0.02119	0.02101	0.01567	0.02224	0.01304	0.01742	0.01086	0.00630	0.00692	0.00210	0.00840	0.00622	0.00341	0.01068
38	0.01236	0.00659	0.00687	0.00687	0.00818	0.00663	0.00489	0.01498	0.01367	0.02333	0.02248	0.02977	0.01928	0.15032	0.03550	0.00292	0.00445	0.00722	0.61762	0.00607
39	0.80405	0.01350	0.01026	0.00918	0.01350	0.01565	0.00756	0.02051	0.01188	0.03131	0.00972	0.01134	0.00756	0.00648	0.00432	0.00216	0.00540	0.00378	0.00432	0.00756
40	0.01009	0.00674	0.00763	0.00768	0.00769	0.00673	0.00430	0.01013	0.01025	0.01367	0.02252	0.06850	0.02604	0.73100	0.03466	0.00664	0.00668	0.01046	0.00430	0.00427
41	0.05498	0.01580	0.04707	0.01294	0.01891	0.01418	0.01098	0.24664	0.02139	0.13436	0.01603	0.01651	0.01171	0.00689	0.00608	0.00166	0.00636	0.00532	0.00573	0.34645
42	0.01422	0.02801	0.46174	0.02165	0.08305	0.01536	0.11624	0.02148	0.03980	0.02276	0.06920	0.04412	0.01550	0.00772	0.00710	0.00224	0.00942	0.00687	0.00371	0.00982
43	0.02281	0.11806	0.02181	0.04630	0.02149	0.06078	0.01286	0.38636	0.17843	0.03433	0.01790	0.01794	0.01333	0.00817	0.00663	0.00207	0.00751	0.00620	0.00612	0.01090
44	0.01702	0.01788	0.06858	0.04040	0.61589	0.01665	0.07749	0.02153	0.01587	0.02272	0.01318	0.01726	0.01089	0.00621	0.00700	0.00210	0.00870	0.00633	0.00343	0.01087
45	0.03131	0.01188	0.01619	0.01242	0.01781	0.01026	0.01026	0.03401	0.01997	0.71606	0.02753	0.02375	0.01727	0.00864	0.00702	0.00216	0.00594	0.00702	0.00864	0.01188
46	0.02503	0.01780	0.01950	0.01499	0.02046	0.01900	0.01230	0.54797	0.02932	0.09001	0.01778	0.04053	0.01320	0.00849	0.00685	0.00201	0.00717	0.00655	0.00679	0.09425
47	0.02499	0.01831	0.01853	0.01496	0.01970	0.10361	0.01209	0.33463	0.11045	0.17398	0.02202	0.02122	0.04740	0.00902	0.00758	0.00215	0.03492	0.00682	0.00675	0.01086
48	0.00858	0.00613	0.00817	0.00966	0.01014	0.00572	0.00648	0.00991	0.01372	0.01839	0.07643	0.71059	0.04727	0.02143	0.00887	0.00280	0.00401	0.01943	0.00655	0.00572
49	0.01391	0.01359	0.02086	0.69712	0.04656	0.05587	0.01905	0.01840	0.01428	0.01779	0.01231	0.01826	0.00928	0.00699	0.00694	0.00230	0.00949	0.00610	0.00313	0.00777
50	0.01043	0.00782	0.01036	0.05051	0.01300	0.00768	0.00760	0.01457	0.05198	0.02708	0.61265	0.04815	0.05889	0.01487	0.03168	0.00251	0.00425	0.01186	0.00726	0.00685
51	0.01419	0.03476	0.66625	0.02063	0.03069	0.01632	0.07679	0.02212	0.01487	0.02212	0.01265	0.01505	0.00897	0.00657	0.00675	0.00222	0.01043	0.00539	0.00299	0.01024
52	0.00850	0.00607	0.00810	0.00972	0.01012	0.00567	0.00648	0.00972	0.01336	0.01781	0.03846	0.75020	0.04615	0.02186	0.00891	0.00283	0.00405	0.01984	0.00648	0.00567
53	0.01015	0.00677	0.00761	0.00761	0.00761	0.00677	0.00423	0.01015	0.01015	0.01353	0.02199	0.04567	0.02537	0.75476	0.03552	0.00677	0.00677	0.01015	0.00423	0.00423
54	0.01704	0.01634	0.02791	0.08228	0.67359	0.01652	0.02130	0.02121	0.01578	0.02252	0.01309	0.01735	0.01095	0.00626	0.00691	0.00209	0.00835	0.00622	0.00343	0.01087
55	0.01984	0.01631	0.01788	0.01731	0.08711	0.04785	0.01241	0.11905	0.47094	0.07560	0.02457	0.02324	0.01827	0.00885	0.00703	0.00226	0.00641	0.00731	0.00668	0.01108
56	0.01032	0.00799	0.01189	0.01169	0.01285	0.00956	0.00916	0.01275	0.01118	0.01624	0.01806	0.02661	0.01690	0.04967	0.68033	0.01067	0.06673	0.00739	0.00369	0.00632
57	0.80405	0.01350	0.01026	0.00918	0.01350	0.01565	0.00756	0.02051	0.01188	0.03131	0.00972	0.01134	0.00756	0.00648	0.00432	0.00216	0.00540	0.00378	0.00432	0.00756
58	0.02653	0.01955	0.02094	0.01606	0.02164	0.02164	0.01326	0.68796	0.03281	0.04398	0.01675	0.01675	0.01187	0.00838	0.00698	0.00209	0.00768	0.00628	0.00698	0.01187
59	0.02110	0.01685	0.01789	0.01496	0.01957	0.01911	0.01195	0.30302	0.42658	0.03523	0.02364	0.02224	0.01745	0.00902	0.00705	0.00226	0.00640	0.00723	0.00705	0.01138
60	0.00850	0.00607	0.00810	0.00972	0.01012	0.00567	0.00648	0.00972	0.01336	0.01781	0.03846	0.75020	0.04615	0.02186	0.00891	0.00283	0.00405	0.01984	0.00648	0.00567
61	0.03057	0.01171	0.01596	0.01229	0.01756	0.01013	0.01013	0.03329	0.01997	0.69239	0.05093	0.02473	0.01894	0.00883	0.00706	0.00216	0.00585	0.00721	0.00860	0.01169
62	0.80405	0.01350	0.01026	0.00918	0.01350	0.01565	0.00756	0.02051	0.01188	0.03131	0.00972	0.01134	0.00756	0.00648	0.00432	0.00216	0.00540	0.00378	0.00432	0.00756
63	0.00850	0.00607	0.00810	0.00972	0.01012	0.00567	0.00648	0.00972	0.01336	0.01781	0.03846	0.75020	0.04615	0.02186	0.00891	0.00283	0.00405	0.01984	0.00648	0.00567
64	0.01318	0.01240	0.02093	0.73798	0.04806	0.01550	0.01938	0.01783	0.01395	0.01783	0.01240	0.01860	0.00930	0.00698	0.00698	0.00233	0.00930	0.00620	0.00310	0.00775
65	0.03061	0.01172	0.01597	0.01230	0.01757	0.01014	0.01014	0.03332	0.01997	0.69349	0.04983	0.02468	0.01887	0.00882	0.00706	0.00216	0.00585	0.00720	0.00861	0.01170
66	0.00848	0.00615	0.00802	0.00951	0.01007	0.00569	0.00638	0.00974	0.01356	0.01790	0.04101	0.69621	0.09850	0.02153	0.00885	0.00280	0.00401	0.01943	0.00648	0.00569
67	0.80405	0.01350	0.01026	0.00918	0.01350	0.01565	0.00756	0.02051	0.01188	0.03131	0.00972	0.01134	0.00756	0.00648	0.00432	0.00216	0.00540	0.00378	0.00432	0.00756
68	0.01098	0.00896	0.01315	0.01257	0.01358	0.01113	0.00997	0.01329	0.01111	0.01631	0.01688	0.02510	0.01587	0.04470	0.59302	0.00966	0.15641	0.00722	0.00361	0.00650
69	0.01940	0.68659	0.03489	0.01254	0.01828	0.09733	0.01209	0.02159	0.01474	0.01648	0.00981	0.01133	0.00896	0.00609	0.00466	0.00152	0.00797	0.00381	0.00305	0.00887
70	0.00876	0.00709	0.00778	0.00761	0.00974	0.00611	0.00571	0.01101	0.01712	0.02173	0.27130	0.06242	0.50599	0.01660	0.00824	0.00231	0.00346	0.01406	0.00686	0.00611
71	0.04572	0.41351	0.02857	0.01513	0.05172	0.06377	0.01278	0.04411	0.10755	0.01995	0.01261	0.01441	0.01081	0.00761	0.00805	0.00195	0.12391	0.00492	0.00379	0.00913
72	0.02768	0.01199	0.01582	0.01197	0.01754	0.01005	0.00983	0.03047	0.01879	0.56680	0.02427	0.02175	0.01578	0.00789	0.00662	0.00192	0.00577	0.00640	0.00767	0.18099
73	0.01802	0.66086	0.12912	0.01302	0.01958	0.02606	0.01382	0.02106	0.01425	0.01719	0.01008	0.01167	0.00894	0.00606	0.00477	0.00159	0.00785	0.00392	0.00298	0.00914
74	0.01743	0.56943	0.21539	0.01402	0.02113	0.02462	0.01557	0.02121	0.01432	0.01791	0.01044	0.01212	0.00892	0.00614	0.00504	0.00168	0.00821	0.00411	0.00297	0.00931
75	0.00997	0.00748	0.01121	0.01121	0.01246	0.00872	0.00872	0.01246	0.01121	0.01620	0.01869	0.02741	0.01745	0.05234	0.72710	0.01121	0.01869	0.00748	0.00374	0.00623
76	0.01527	0.01527	0.02137	0.01832	0.01832	0.02137	0.01527	0.01679	0.01069	0.01679	0.00916	0.01527	0.00916	0.01221	0.02290	0.00305	0.74198	0.00611	0.00305	0.00763
77	0.16385	0.01817	0.01905	0.04594	0.02133	0.02031	0.01252	0.54071	0.02828	0.04061	0.01532	0.01587	0.01099	0.00798	0.00651	0.00212	0.00734	0.00584	0.00634	0.01093
78	0.01015	0.00716	0.00867	0.00852	0.00900	0.00737	0.00548	0.01103	0.01179	0.01607	0.11172	0.04415	0.05851	0.51308	0.12285	0.00648	0.02815	0.01020	0.00467	0.00497
79	0.00988	0.00713	0.00933	0.00878	0.01043	0.00658	0.00658	0.01317	0.01975	0.02798	0.70754	0.05213	0.06584	0.01427	0.00823	0.00219	0.00329	0.01262	0.00768	0.00658
80	0.01527	0.01527	0.02137	0.01832	0.01832	0.02137	0.01527	0.01679	0.01069	0.01679	0.00916	0.01527	0.00916	0.01221	0.02290	0.00305	0.74198	0.00611	0.00305	0.00763
81	0.80405	0.01350	0.01026	0.00918	0.01350	0.01565	0.00756	0.02051	0.01188	0.03131	0.00972	0.01134	0.00756	0.00648	0.00432	0.00216	0.00540	0.00378	0.00432	0.00756
82	0.01318	0.01240	0.02093	0.73798	0.04806	0.01550	0.01938	0.01783	0.01395	0.01783	0.01240	0.01860	0.00930	0.00698	0.00698	0.00233	0.00930	0.00620	0.00310	0.00775
83	0.00850	0.00607	0.00810	0.00972	0.01012	0.00567	0.00648	0.00972	0.01336	0.01781	0.03846	0.75020	0.04615	0.02186	0.00891	0.00283	0.00405	0.01984	0.00648	0.00567
84	0.01447	0.01240	0.01447	0.01034	0.01654	0.00930	0.00827	0.01757	0.01447	0.02274	0.01240	0.01447	0.01034	0.00517	0.00517	0.00103	0.00517	0.00413	0.00413	0.79742
85	0.00997	0.00748	0.01121	0.01121	0.01246	0.00872	0.00872	0.01246	0.01121	0.01620	0.01869	0.02741	0.01745	0.05234	0.72710	0.01121	0.01869	0.00748	0.00374	0.00623
86	0.14315	0.43734	0.11949	0.01307	0.01885	0.02255	0.01321	0.02157	0.01401	0.06717	0.01125	0.01285	0.00930	0.00680	0.00633	0.00186	0.06427	0.00433	0.00358	0.00901
87	0.01408	0.01080	0.01415	0.09342	0.01843	0.01142	0.03405	0.18748	0.01868	0.02488	0.02900	0.43014	0.03167	0.01604	0.00819	0.00258	0.00593	0.03527	0.00612	0.00767
88	0.00825	0.00707	0.00707	0.00707	0.00943	0.00589	0.00530	0.01001	0.01591	0.01885	0.07069	0.06716	0.70839	0.01767	0.00825	0.00236	0.00353	0.01473	0.00648	0.00589
89	0.01668	0.01832	0.09347	0.07926	0.56603	0.01655	0.06474	0.02134	0.01571	0.02242	0.01309	0.01721	0.01072	0.00628	0.00697	0.00212	0.00876	0.00625	0.00339	0.01069
90	0.01463	0.01292	0.01661	0.01187	0.01814	0.00997	0.06264	0.01795	0.01463	0.02271	0.01254	0.01482	0.01036	0.00523	0.00541	0.00114	0.00570	0.00446	0.00409	0.73419
91	0.02029	0.59875	0.03286	0.01327	0.01872	0.18195	0.01228	0.02243	0.01541	0.01656	0.00994	0.01150	0.00896	0.00624	0.00488	0.00156	0.00859	0.00390	0.00312	0.00876
92	0.06552	0.01463	0.01510	0.01196	0.01666	0.07879	0.00949	0.11419	0.01812	0.12291	0.04507	0.02219	0.06037	0.04405	0.00815	0.00196	0.03215	0.00624	0.00539	0.30708
93	0.01641	0.01810	0.03799	0.07175	0.14410	0.01736	0.54272	0.02195	0.01624	0.02217	0.01386	0.01857	0.01059	0.00600	0.00795	0.00231	0.01107	0.00780	0.00349	0.00958
94	0.00850	0.00607	0.00810	0.00972	0.01012	0.00567	0.00648	0.00972	0.01336	0.01781	0.03846	0.75020	0.04615	0.02186	0.00891	0.00283	0.00405	0.01984	0.00648	0.00567
95	0.01318	0.01240	0.02093	0.73798	0.04806	0.01550	0.01938	0.01783	0.01395	0.01783	0.01240	0.01860	0.00930	0.00698	0.00698	0.00233	0.00930	0.00620	0.00310	0.00775
96	0.02479	0.02865	0.02010	0.09333	0.02437	0.52765	0.01406	0.14320	0.02146	0.02190	0.01201	0.01395	0.00953	0.00738	0.00649	0.00191	0.01137	0.00499	0.00414	0.00872
97	0.00844	0.00631	0.00785	0.00909	0.00996	0.00572	0.00620	0.00979	0.01396	0.01806	0.04609	0.58864	0.20280	0.02087	0.00875	0.00272	0.00393	0.01863	0.00648	0.00572
98	0.00849	0.00611	0.00806	0.00962	0.01010	0.00568	0.00644	0.00973	0.01345	0.01785	0.03959	0.72618	0.06944	0.02172	0.00888	0.00282	0.00403	0.01966	0.00648	0.00568
99	0.01485	0.01422	0.01752	0.33229	0.02996	0.12557	0.05175	0.01834	0.01499	0.01953	0.01739	0.10945	0.01555	0.00915	0.00719	0.00219	0.02762	0.00779	0.15724	0.00740
100	0.02350	0.01829	0.02134	0.06441	0.13207	0.04266	0.01458	0.42506	0.09570	0.06559	0.01736	0.01806	0.01268	0.00803	0.00696	0.00213	0.00774	0.00640	0.00616	0.01128
101	0.00856	0.00734	0.00737	0.00731	0.00972	0.00628	0.00550	0.01094	0.03934	0.01921	0.06924	0.06575	0.68481	0.01739	0.00821	0.00236	0.00360	0.01449	0.00650	0.00607
102	0.02143	0.02050	0.01993	0.02113	0.17708	0.23770	0.01370	0.05494	0.11050	0.09579	0.01601	0.01716	0.01236	0.00713	0.00645	0.00186	0.00844	0.00563	0.00481	0.14746
103	0.01613	0.01828	0.03975	0.02857	0.03534	0.01713	0.65669	0.02181	0.01634	0.02216	0.01516	0.05025	0.01212	0.00657	0.00826	0.00237	0.01143	0.00873	0.00366	0.00925
104	0.01332	0.01255	0.02119	0.71381	0.07112	0.01554	0.01945	0.01795	0.01402	0.01800	0.01243	0.01856	0.00936	0.00695	0.00697	0.00232	0.00927	0.00620	0.00311	0.00787
105	0.01727	0.01658	0.02832	0.04283	0.71123	0.01658	0.02142	0.02142	0.01589	0.02280	0.01313	0.01727	0.01105	0.00622	0.00691	0.00207	0.00829	0.00622	0.00345	0.01105
106	0.00826	0.00704	0.00710	0.00715	0.00945	0.00588	0.00534	0.01001	0.01582	0.01882	0.06966	0.08912	0.68710	0.01781	0.00827	0.00237	0.00355	0.01489	0.00648	0.00588
107	0.00836	0.00707	0.00723	0.00719	0.00950	0.00594	0.00539	0.01023	0.01617	0.01949	0.11493	0.06611	0.66376	0.01744	0.00825	0.00235	0.00352	0.01458	0.00656	0.00594
108	0.01002	0.00671	0.00765	0.00777	0.00780	0.00668	0.00440	0.01012	0.01039	0.01385	0.02322	0.09839	0.02693	0.69991	0.03353	0.00647	0.00656	0.01087	0.00440	0.00434
109	0.01736	0.01499	0.01578	0.01420	0.01815	0.01736	0.01105	0.03708	0.69862	0.02919	0.02840	0.02604	0.02130	0.00947	0.00710	0.00237	0.00552	0.00789	0.00710	0.01105
110	0.02607	0.03326	0.01978	0.01798	0.02157	0.72674	0.01348	0.02787	0.01978	0.01708	0.01079	0.01258	0.00899	0.00719	0.00629	0.00180	0.01258	0.00449	0.00360	0.00809
111	0.02653	0.01955	0.02094	0.01606	0.02164	0.02164	0.01326	0.68796	0.03281	0.04398	0.01675	0.01675	0.01187	0.00838	0.00698	0.00209	0.00768	0.00628	0.00698	0.01187
112	0.01866	0.75896	0.03657	0.01194	0.01791	0.02761	0.01194	0.02090	0.01418	0.01642	0.00970	0.01119	0.00896	0.00597	0.00448	0.00149	0.00746	0.00373	0.00299	0.00896
113	0.01333	0.01244	0.02090	0.66190	0.08555	0.01521	0.01911	0.01788	0.01417	0.01827	0.01363	0.02143	0.01090	0.00753	0.00710	0.00235	0.00910	0.03803	0.00328	0.00788
114	0.01629	0.03916	0.01378	0.01256	0.03421	0.24929	0.00926	0.01900	0.04123	0.04981	0.12150	0.04066	0.30157	0.01240	0.00735	0.00211	0.00696	0.00990	0.00558	0.00738
115	0.01527	0.01527	0.02137	0.01832	0.01832	0.02137	0.01527	0.01679	0.01069	0.01679	0.00916	0.01527	0.00916	0.01221	0.02290	0.00305	0.74198	0.00611	0.00305	0.00763
116	0.03131	0.01188	0.01619	0.01242	0.01781	0.01026	0.01026	0.03401	0.01997	0.71606	0.02753	0.02375	0.01727	0.00864	0.00702	0.00216	0.00594	0.00702	0.00864	0.01188
117	0.01085	0.05063	0.01128	0.01034	0.01249	0.00886	0.00840	0.01480	0.07355	0.02154	0.14797	0.13132	0.22862	0.01674	0.00845	0.00261	0.00487	0.22343	0.00650	0.00676
118	0.01675	0.01666	0.04993	0.10990	0.55166	0.01654	0.02033	0.02263	0.08347	0.02290	0.01455	0.01819	0.01182	0.00663	0.00692	0.00213	0.00819	0.00635	0.00376	0.01069
119	0.02159	0.00991	0.01301	0.01071	0.01440	0.00894	0.00856	0.04574	0.01993	0.38007	0.28996	0.03466	0.03594	0.01077	0.00734	0.00213	0.00478	0.00913	0.06297	0.00945
120	0.00850	0.00607	0.00810	0.00972	0.01012	0.00567	0.00648	0.00972	0.01336	0.01781	0.03846	0.75020	0.04615	0.02186	0.00891	0.00283	0.00405	0.01984	0.00648	0.00567
121	0.01883	0.40701	0.09854	0.02116	0.19560	0.05333	0.01587	0.07749	0.01647	0.02093	0.01148	0.01361	0.00972	0.00635	0.00559	0.00177	0.00819	0.00475	0.00346	0.00983
122	0.01348	0.01265	0.02129	0.62057	0.12850	0.01521	0.01908	0.01792	0.01417	0.01844	0.01362	0.04996	0.01111	0.00752	0.00705	0.00232	0.00895	0.00679	0.00329	0.00807
123	0.00850	0.00607	0.00810	0.00972	0.01012	0.00567	0.00648	0.00972	0.01336	0.01781	0.03846	0.75020	0.04615	0.02186	0.00891	0.00283	0.00405	0.01984	0.00648	0.00567
124	0.77671	0.01428	0.03477	0.00955	0.01407	0.01567	0.00819	0.02057	0.01197	0.03099	0.00981	0.01145	0.00760	0.00648	0.00440	0.00216	0.00557	0.00383	0.00427	0.00765
125	0.00846	0.00663	0.00767	0.00835	0.00980	0.00584	0.00590	0.01008	0.01501	0.01896	0.09607	0.36996	0.37384	0.01932	0.00854	0.00256	0.00375	0.01687	0.00655	0.00584
126	0.01621	0.02500	0.33160	0.14930	0.13471	0.04128	0.04976	0.04797	0.06994	0.04668	0.01453	0.01718	0.01073	0.00698	0.00685	0.00221	0.00934	0.00593	0.00377	0.01003
127	0.08427	0.69668	0.03437	0.01171	0.01754	0.02661	0.01157	0.02086	0.01399	0.01766	0.00970	0.01121	0.00884	0.00601	0.00446	0.00155	0.00729	0.00374	0.00310	0.00884
128	0.01301	0.00650	0.00650	0.00650	0.00813	0.00650	0.00488	0.01626	0.01463	0.02602	0.02276	0.02602	0.01789	0.00813	0.00488	0.00163	0.00325	0.00650	0.79350	0.00650
129	0.01015	0.00677	0.00761	0.00761	0.00761	0.00677	0.00423	0.01015	0.01015	0.01353	0.02199	0.04567	0.02537	0.75476	0.03552	0.00677	0.00677	0.01015	0.00423	0.00423
130	0.01509	0.20615	0.55815	0.01802	0.02731	0.01889	0.02253	0.02182	0.01460	0.02076	0.01186	0.01390	0.00887	0.00647	0.00612	0.00204	0.00964	0.00482	0.00296	0.00999
131	0.01616	0.02133	0.14722	0.02931	0.10641	0.01731	0.51138	0.02221	0.01613	0.02236	0.01376	0.01801	0.01036	0.00604	0.00784	0.00230	0.01117	0.00754	0.00343	0.00973
132	0.00868	0.00719	0.00767	0.00785	0.01009	0.00618	0.00609	0.01068	0.01607	0.01944	0.09034	0.06803	0.60165	0.01774	0.00842	0.00246	0.00388	0.09503	0.00652	0.00598
133	0.00835	0.00707	0.00721	0.00718	0.00949	0.00593	0.00538	0.01021	0.01615	0.01942	0.11034	0.06622	0.66839	0.01746	0.00825	0.00235	0.00352	0.01460	0.00655	0.00593
134	0.01301	0.00650	0.00650	0.00650	0.00813	0.00650	0.00488	0.01626	0.01463	0.02602	0.02276	0.02602	0.01789	0.00813	0.00488	0.00163	0.00325	0.00650	0.79350	0.00650
135	0.01015	0.00677	0.00761	0.00761	0.00761	0.00677	0.00423	0.01015	0.01015	0.01353	0.02199	0.04567	0.02537	0.75476	0.03552	0.00677	0.00677	0.01015	0.00423	0.00423
136	0.01400	0.03610	0.71860	0.01989	0.03020	0.01621	0.02578	0.02210	0.01473	0.02210	0.01252	0.01473	0.00884	0.00663	0.00663	0.00221	0.01031	0.00516	0.00295	0.01031
137	0.01736	0.01499	0.01578	0.01420	0.01815	0.01736	0.01105	0.03708	0.69862	0.02919	0.02840	0.02604	0.02130	0.00947	0.00710	0.00237	0.00552	0.00789	0.00710	0.01105
138	0.01066	0.00773	0.01050	0.01194	0.01350	0.00757	0.01015	0.01352	0.01577	0.02036	0.04053	0.14619	0.10874	0.01938	0.00942	0.00309	0.00589	0.53231	0.00644	0.00629
139	0.02607	0.03326	0.01978	0.01798	0.02157	0.72674	0.01348	0.02787	0.01978	0.01708	0.01079	0.01258	0.00899	0.00719	0.00629	0.00180	0.01258	0.00449	0.00360	0.00809
140	0.03513	0.01200	0.01434	0.01052	0.01607	0.00943	0.02677	0.01716	0.01412	0.02232	0.01342	0.01729	0.01167	0.06456	0.00762	0.00157	0.00543	0.00478	0.02601	0.66978
141	0.02576	0.03267	0.02008	0.01885	0.04583	0.70177	0.01376	0.02764	0.01964	0.01728	0.01087	0.01275	0.00906	0.00716	0.00631	0.00181	0.01243	0.00455	0.00359	0.00819
142	0.00850	0.00607	0.00810	0.00972	0.01012	0.00567	0.00648	0.00972	0.01336	0.01781	0.03846	0.75020	0.04615	0.02186	0.00891	0.00283	0.00405	0.01984	0.00648	0.00567

[dist]
# distance from previous block
# <min> <max>
3	6

[block]
# block no. 1 follows, 30 sequences, length 31
# corresponding to MSA columns:
# 228-258
name=unknown_B
#
# <colnr> <probs for GDERKNQSTAVLIFYWHMCP>
#	G	D	E	R	K	N	Q	S	T	A	V	L	I	F	Y	W	H	M	C	P
0	0.02024	0.01620	0.01637	0.01440	0.01850	0.07780	0.01137	0.09129	0.46172	0.11139	0.02624	0.02678	0.02000	0.00963	0.00715	0.00232	0.00642	0.04457	0.00693	0.01070
1	0.01402	0.01294	0.02095	0.66326	0.04516	0.01613	0.01884	0.05471	0.01483	0.01922	0.01249	0.01834	0.00944	0.00731	0.00775	0.00235	0.04478	0.00620	0.00331	0.00797
2	0.01421	0.01213	0.01419	0.01031	0.01626	0.00914	0.00819	0.01723	0.01442	0.02252	0.01354	0.04667	0.01190	0.00590	0.00533	0.00111	0.00512	0.00482	0.00424	0.76276
3	0.01868	0.53502	0.10776	0.01583	0.05426	0.09254	0.05117	0.02180	0.01499	0.01773	0.01052	0.01242	0.00914	0.00617	0.00521	0.00167	0.00854	0.00433	0.00309	0.00914
4	0.01400	0.03610	0.71860	0.01989	0.03020	0.01621	0.02578	0.02210	0.01473	0.02210	0.01252	0.01473	0.00884	0.00663	0.00663	0.00221	0.01031	0.00516	0.00295	0.01031
5	0.01035	0.00796	0.00938	0.00898	0.00959	0.00851	0.00606	0.01105	0.01163	0.01532	0.03191	0.04631	0.18702	0.45932	0.04903	0.00536	0.10183	0.01064	0.00460	0.00513
6	0.01447	0.01240	0.01447	0.01034	0.01654	0.00930	0.00827	0.01757	0.01447	0.02274	0.01240	0.01447	0.01034	0.00517	0.00517	0.00103	0.00517	0.00413	0.00413	0.79742
7	0.00974	0.00713	0.00913	0.00863	0.01034	0.00652	0.00647	0.01290	0.01942	0.02719	0.65248	0.05343	0.12140	0.01456	0.00823	0.00221	0.00331	0.01280	0.00758	0.00652
8	0.00898	0.00675	0.00832	0.00866	0.01006	0.00609	0.00621	0.01117	0.01657	0.02213	0.31308	0.29483	0.22618	0.01775	0.00847	0.00246	0.00361	0.01564	0.00696	0.00609
9	0.00850	0.00607	0.00810	0.00972	0.01012	0.00567	0.00648	0.00972	0.01336	0.01781	0.03846	0.75020	0.04615	0.02186	0.00891	0.00283	0.00405	0.01984	0.00648	0.00567
10	0.01727	0.01658	0.02832	0.04283	0.71123	0.01658	0.02142	0.02142	0.01589	0.02280	0.01313	0.01727	0.01105	0.00622	0.00691	0.00207	0.00829	0.00622	0.00345	0.01105
11	0.01447	0.01240	0.01447	0.01034	0.01654	0.00930	0.00827	0.01757	0.01447	0.02274	0.01240	0.01447	0.01034	0.00517	0.00517	0.00103	0.00517	0.00413	0.00413	0.79742
12	0.02653	0.01955	0.02094	0.01606	0.02164	0.02164	0.01326	0.68796	0.03281	0.04398	0.01675	0.01675	0.01187	0.00838	0.00698	0.00209	0.00768	0.00628	0.00698	0.01187
13	0.00992	0.00738	0.00961	0.01059	0.01208	0.00681	0.00816	0.01204	0.01465	0.01939	0.03909	0.38648	0.10891	0.01916	0.00879	0.00277	0.00491	0.24205	0.00627	0.07095
14	0.01695	0.33920	0.31601	0.01554	0.02303	0.02101	0.01751	0.02391	0.10346	0.04239	0.01386	0.01498	0.01077	0.00678	0.00579	0.00192	0.00834	0.00497	0.00368	0.00988
15	0.03131	0.01188	0.01619	0.01242	0.01781	0.01026	0.01026	0.03401	0.01997	0.71606	0.02753	0.02375	0.01727	0.00864	0.00702	0.00216	0.00594	0.00702	0.00864	0.01188
16	0.01072	0.00777	0.01029	0.01151	0.01304	0.00761	0.00969	0.01339	0.01540	0.01981	0.03985	0.07358	0.12817	0.09891	0.01226	0.00348	0.00607	0.50614	0.00619	0.00612
17	0.01974	0.14036	0.04540	0.10761	0.26594	0.19423	0.05304	0.02319	0.01655	0.05237	0.01263	0.01560	0.01021	0.00661	0.00644	0.00196	0.00947	0.00550	0.00361	0.00954
18	0.00833	0.00703	0.00721	0.00726	0.00950	0.00591	0.00541	0.01014	0.01596	0.01920	0.09669	0.09632	0.65184	0.01771	0.00828	0.00237	0.00355	0.01486	0.00653	0.00591
19	0.08024	0.01112	0.01423	0.01125	0.01596	0.01001	0.00921	0.03024	0.01857	0.55883	0.02557	0.02328	0.01672	0.00841	0.00649	0.00207	0.00547	0.00672	0.13489	0.01072
20	0.00858	0.00670	0.00783	0.00859	0.01004	0.00594	0.00618	0.01025	0.01496	0.01886	0.07920	0.36153	0.36175	0.01944	0.00861	0.00260	0.00391	0.05265	0.00652	0.00585
21	0.01612	0.23697	0.15394	0.19134	0.02867	0.02066	0.05221	0.05109	0.01458	0.01947	0.01133	0.01504	0.00928	0.00758	0.00916	0.00218	0.14292	0.00538	0.00324	0.00883
22	0.02043	0.01098	0.05080	0.01113	0.01505	0.00887	0.00939	0.02370	0.01959	0.35944	0.34226	0.03643	0.03936	0.01114	0.00756	0.00218	0.00495	0.00952	0.00789	0.00934
23	0.03038	0.01234	0.01635	0.01265	0.01798	0.01107	0.01041	0.05923	0.05698	0.65335	0.02716	0.02361	0.01728	0.00867	0.00702	0.00217	0.00598	0.00704	0.00849	0.01183
24	0.02029	0.13351	0.14658	0.05837	0.04531	0.30493	0.10534	0.04136	0.01723	0.01945	0.01162	0.01425	0.00933	0.00693	0.00706	0.00199	0.03886	0.00525	0.00342	0.00892
25	0.00969	0.00713	0.00907	0.00859	0.01031	0.00651	0.00644	0.01281	0.01932	0.02695	0.63547	0.05383	0.13856	0.01465	0.00823	0.00221	0.00332	0.01286	0.00755	0.00651
26	0.01891	0.62389	0.07404	0.01299	0.01893	0.08223	0.01283	0.02228	0.04686	0.01740	0.01083	0.01221	0.00953	0.00627	0.00487	0.00160	0.00795	0.00407	0.00323	0.00906
27	0.01447	0.01240	0.01447	0.01034	0.01654	0.00930	0.00827	0.01757	0.01447	0.02274	0.01240	0.01447	0.01034	0.00517	0.00517	0.00103	0.00517	0.00413	0.00413	0.79742
28	0.04470	0.01333	0.01853	0.46232	0.03565	0.05401	0.01586	0.04213	0.01458	0.01998	0.01330	0.01855	0.01046	0.00968	0.04351	0.00266	0.06329	0.00601	0.06916	0.04229
29	0.01342	0.01273	0.02098	0.65631	0.04469	0.01617	0.01891	0.01771	0.01358	0.01771	0.01204	0.01823	0.00929	0.00757	0.00878	0.00241	0.09246	0.00619	0.00310	0.00774
30	0.01857	0.01472	0.01582	0.01405	0.01812	0.01674	0.01098	0.03681	0.63980	0.08873	0.02833	0.02584	0.02095	0.00940	0.00709	0.00235	0.00556	0.00781	0.00723	0.01112

[dist]
# distance from previous block
# <min> <max>
0	19

[block]
# block no. 2 follows, 30 sequences, length 40
# corresponding to MSA columns:
# 278-317
name=unknown_C
#
# <colnr> <probs for GDERKNQSTAVLIFYWHMCP>
#	G	D	E	R	K	N	Q	S	T	A	V	L	I	F	Y	W	H	M	C	P
0	0.00860	0.00625	0.00812	0.00940	0.01009	0.00577	0.00639	0.01005	0.01415	0.01881	0.10082	0.62914	0.10501	0.02082	0.00879	0.00274	0.00394	0.01875	0.00659	0.00577
1	0.01015	0.00677	0.00761	0.00761	0.00761	0.00677	0.00423	0.01015	0.01015	0.01353	0.02199	0.04567	0.02537	0.75476	0.03552	0.00677	0.00677	0.01015	0.00423	0.00423
2	0.00973	0.00691	0.00872	0.00974	0.01037	0.00670	0.00651	0.04659	0.01393	0.01859	0.03480	0.60406	0.04116	0.13175	0.01282	0.00339	0.00466	0.01764	0.00617	0.00579
3	0.01866	0.75896	0.03657	0.01194	0.01791	0.02761	0.01194	0.02090	0.01418	0.01642	0.00970	0.01119	0.00896	0.00597	0.00448	0.00149	0.00746	0.00373	0.00299	0.00896
4	0.01866	0.75896	0.03657	0.01194	0.01791	0.02761	0.01194	0.02090	0.01418	0.01642	0.00970	0.01119	0.00896	0.00597	0.00448	0.00149	0.00746	0.00373	0.00299	0.00896
5	0.02795	0.03159	0.02128	0.01890	0.02295	0.57620	0.01421	0.14602	0.02325	0.02398	0.01417	0.01655	0.01171	0.00890	0.00738	0.00228	0.01222	0.00558	0.00498	0.00991
6	0.01095	0.00744	0.00926	0.00862	0.01069	0.00667	0.00653	0.01384	0.01886	0.07254	0.51178	0.05373	0.21349	0.01468	0.00815	0.00223	0.00353	0.01273	0.00746	0.00678
7	0.01430	0.01368	0.02237	0.48367	0.16512	0.01673	0.01903	0.01831	0.01374	0.01856	0.01197	0.01777	0.00960	0.00775	0.00976	0.00241	0.13754	0.00619	0.00316	0.00834
8	0.02607	0.03326	0.01978	0.01798	0.02157	0.72674	0.01348	0.02787	0.01978	0.01708	0.01079	0.01258	0.00899	0.00719	0.00629	0.00180	0.01258	0.00449	0.00360	0.00809
9	0.00891	0.00710	0.00799	0.00776	0.00983	0.00617	0.00582	0.01130	0.01747	0.02256	0.32931	0.06105	0.44746	0.01629	0.00824	0.00229	0.00344	0.01387	0.00697	0.00617
10	0.02787	0.01264	0.01609	0.01286	0.01790	0.01201	0.01045	0.03477	0.18722	0.54679	0.02775	0.02431	0.01827	0.00884	0.00704	0.00221	0.00584	0.00723	0.00826	0.01167
11	0.03131	0.01188	0.01619	0.01242	0.01781	0.01026	0.01026	0.03401	0.01997	0.71606	0.02753	0.02375	0.01727	0.00864	0.00702	0.00216	0.00594	0.00702	0.00864	0.01188
12	0.80405	0.01350	0.01026	0.00918	0.01350	0.01565	0.00756	0.02051	0.01188	0.03131	0.00972	0.01134	0.00756	0.00648	0.00432	0.00216	0.00540	0.00378	0.00432	0.00756
13	0.01698	0.01628	0.02779	0.09307	0.66330	0.01650	0.02127	0.02116	0.01575	0.02244	0.01307	0.01737	0.01093	0.00627	0.00691	0.00209	0.00836	0.00622	0.00343	0.01081
14	0.02539	0.01784	0.14137	0.01438	0.02048	0.01402	0.01349	0.18517	0.04602	0.37295	0.02464	0.02288	0.05121	0.00873	0.00701	0.00217	0.00698	0.00695	0.00707	0.01125
15	0.00990	0.00708	0.00941	0.00994	0.01119	0.00673	0.00758	0.01250	0.01682	0.02305	0.34734	0.22490	0.05271	0.05649	0.01018	0.00284	0.00442	0.17382	0.00690	0.00620
16	0.80405	0.01350	0.01026	0.00918	0.01350	0.01565	0.00756	0.02051	0.01188	0.03131	0.00972	0.01134	0.00756	0.00648	0.00432	0.00216	0.00540	0.00378	0.00432	0.00756
17	0.00850	0.00607	0.00810	0.00972	0.01012	0.00567	0.00648	0.00972	0.01336	0.01781	0.03846	0.75020	0.04615	0.02186	0.00891	0.00283	0.00405	0.01984	0.00648	0.00567
18	0.01510	0.01481	0.02321	0.47049	0.07018	0.05750	0.09794	0.04211	0.01490	0.01917	0.01243	0.01799	0.00970	0.00794	0.00911	0.03231	0.06738	0.00634	0.00333	0.00808
19	0.01736	0.01499	0.01578	0.01420	0.01815	0.01736	0.01105	0.03708	0.69862	0.02919	0.02840	0.02604	0.02130	0.00947	0.00710	0.00237	0.00552	0.00789	0.00710	0.01105
20	0.01152	0.00749	0.00946	0.00874	0.01080	0.00678	0.00663	0.01454	0.01901	0.08321	0.53244	0.05101	0.15418	0.01407	0.00801	0.00219	0.00354	0.01224	0.03723	0.00692
21	0.00850	0.00607	0.00810	0.00972	0.01012	0.00567	0.00648	0.00972	0.01336	0.01781	0.03846	0.75020	0.04615	0.02186	0.00891	0.00283	0.00405	0.01984	0.00648	0.00567
22	0.00988	0.00713	0.00933	0.00878	0.01043	0.00658	0.00658	0.01317	0.01975	0.02798	0.70754	0.05213	0.06584	0.01427	0.00823	0.00219	0.00329	0.01262	0.00768	0.00658
23	0.80405	0.01350	0.01026	0.00918	0.01350	0.01565	0.00756	0.02051	0.01188	0.03131	0.00972	0.01134	0.00756	0.00648	0.00432	0.00216	0.00540	0.00378	0.00432	0.00756
24	0.01601	0.01628	0.06527	0.30438	0.38299	0.01642	0.02046	0.05536	0.01598	0.02199	0.01301	0.01760	0.01030	0.00664	0.00692	0.00218	0.00876	0.00615	0.00348	0.00980
25	0.02225	0.01511	0.01745	0.01548	0.05445	0.01619	0.01172	0.15733	0.35671	0.19244	0.02470	0.02292	0.01770	0.00876	0.00699	0.00221	0.00616	0.00717	0.00715	0.03710
26	0.05317	0.01423	0.13507	0.01214	0.01595	0.01104	0.01127	0.01996	0.15705	0.02624	0.31584	0.04133	0.07538	0.01218	0.00765	0.00233	0.00539	0.06926	0.00638	0.00815
27	0.01810	0.01828	0.02791	0.03998	0.62217	0.08571	0.04226	0.02207	0.01629	0.02223	0.01293	0.01687	0.01084	0.00630	0.00689	0.00205	0.00882	0.00612	0.00347	0.01071
28	0.02117	0.01725	0.01748	0.01463	0.01904	0.05948	0.01165	0.30401	0.32633	0.03442	0.04888	0.02243	0.01827	0.00901	0.00695	0.00218	0.00664	0.00715	0.04219	0.01084
29	0.04920	0.01882	0.02534	0.03583	0.53726	0.13471	0.01888	0.02209	0.01655	0.02241	0.04379	0.01782	0.01303	0.00675	0.00676	0.00204	0.00867	0.00612	0.00370	0.01022
30	0.04945	0.09789	0.54666	0.01746	0.02616	0.01617	0.02159	0.02094	0.01511	0.02264	0.08844	0.01836	0.01505	0.00740	0.00651	0.00214	0.00906	0.00578	0.00353	0.00966
31	0.14366	0.01211	0.01533	0.01194	0.01719	0.01104	0.00986	0.03205	0.01880	0.61650	0.02494	0.02195	0.01586	0.00832	0.00663	0.00216	0.00586	0.00655	0.00801	0.01125
32	0.01871	0.69244	0.07110	0.01259	0.01869	0.05516	0.01272	0.02124	0.01443	0.01674	0.00989	0.01143	0.00895	0.00605	0.00466	0.00154	0.00782	0.00384	0.00301	0.00899
33	0.00998	0.00744	0.01102	0.01102	0.01220	0.00862	0.00848	0.01234	0.01116	0.01605	0.01887	0.02840	0.01788	0.09046	0.68957	0.01097	0.01804	0.00762	0.00376	0.00612
34	0.02489	0.01079	0.01435	0.01161	0.01591	0.00969	0.00935	0.02866	0.05917	0.49740	0.18047	0.05562	0.02941	0.01041	0.00736	0.00220	0.00525	0.00877	0.00826	0.01042
35	0.00929	0.00672	0.00882	0.00944	0.01054	0.00625	0.00683	0.01158	0.01644	0.02251	0.33095	0.37140	0.07927	0.01821	0.00864	0.00257	0.00387	0.06354	0.00700	0.00613
36	0.01417	0.06313	0.69309	0.01959	0.02974	0.01663	0.02527	0.02205	0.01471	0.02189	0.01242	0.01460	0.00884	0.00661	0.00655	0.00218	0.01021	0.00510	0.00295	0.01026
37	0.01602	0.01468	0.01379	0.05385	0.01718	0.12661	0.01008	0.04146	0.25793	0.02351	0.04454	0.03285	0.08909	0.06220	0.03409	0.00284	0.00702	0.05167	0.09224	0.00835
38	0.00975	0.00707	0.00918	0.00877	0.01037	0.00651	0.00653	0.01288	0.01928	0.02712	0.64973	0.08959	0.08742	0.01479	0.00827	0.00223	0.00334	0.01308	0.00758	0.00651
39	0.02088	0.02200	0.01795	0.01661	0.04119	0.31279	0.01247	0.02831	0.22824	0.05903	0.02106	0.02150	0.06052	0.00925	0.00872	0.00219	0.09649	0.00662	0.00508	0.00910

[dist]
# distance from previous block
# <min> <max>
1	3

[block]
# block no. 3 follows, 30 sequences, length 12
# corresponding to MSA columns:
# 321-332
name=unknown_D
#
# <colnr> <probs for GDERKNQSTAVLIFYWHMCP>
#	G	D	E	R	K	N	Q	S	T	A	V	L	I	F	Y	W	H	M	C	P
0	0.00865	0.00638	0.00812	0.00935	0.01020	0.00585	0.00648	0.01015	0.01425	0.01868	0.08142	0.57014	0.15683	0.02063	0.00879	0.00273	0.00402	0.04497	0.00654	0.00579
1	0.02403	0.01237	0.05122	0.01197	0.01681	0.01007	0.01015	0.02766	0.04674	0.45025	0.09151	0.02903	0.04076	0.04796	0.00853	0.00235	0.00582	0.02507	0.00744	0.08027
2	0.01664	0.01786	0.03512	0.02762	0.09050	0.01765	0.49176	0.02450	0.12932	0.02331	0.01621	0.01975	0.01235	0.00674	0.00849	0.00236	0.03803	0.00792	0.00410	0.00976
3	0.01868	0.01092	0.04492	0.01104	0.01465	0.00928	0.00918	0.06423	0.02044	0.27109	0.39191	0.03815	0.04267	0.01156	0.00765	0.00218	0.00483	0.00990	0.00776	0.00896
4	0.00898	0.00710	0.00808	0.00783	0.00987	0.00620	0.00588	0.01143	0.01763	0.02294	0.35574	0.06043	0.42079	0.01615	0.00824	0.00228	0.00343	0.01378	0.00702	0.00620
5	0.01579	0.01319	0.01518	0.01096	0.01710	0.01065	0.00882	0.09106	0.01648	0.02507	0.01288	0.01472	0.01050	0.00552	0.00537	0.00115	0.00544	0.00437	0.00445	0.71130
6	0.01706	0.10990	0.51957	0.01832	0.02734	0.01664	0.04658	0.02368	0.01549	0.12067	0.01442	0.01579	0.01012	0.00682	0.00651	0.00213	0.00943	0.00538	0.00379	0.01036
7	0.00865	0.00713	0.00763	0.00763	0.00984	0.00611	0.00581	0.01073	0.01650	0.02036	0.16673	0.06545	0.57483	0.01723	0.00832	0.00238	0.00365	0.04832	0.00666	0.00603
8	0.01196	0.00614	0.00911	0.00907	0.00919	0.00610	0.00610	0.00939	0.00988	0.01329	0.06337	0.02349	0.01608	0.02351	0.02587	0.73840	0.00586	0.00654	0.00337	0.00329
9	0.07229	0.00907	0.01124	0.01109	0.03429	0.00905	0.00810	0.01772	0.06786	0.10346	0.27317	0.06170	0.03911	0.13826	0.03340	0.00336	0.00550	0.08754	0.00649	0.00730
10	0.14645	0.01846	0.01633	0.01623	0.08336	0.18269	0.01155	0.10431	0.16946	0.02619	0.02431	0.02575	0.10643	0.00942	0.00666	0.00216	0.00745	0.02838	0.00536	0.00905
11	0.18761	0.01979	0.13452	0.07174	0.10022	0.09633	0.04852	0.02469	0.05172	0.14386	0.01529	0.01668	0.01114	0.00704	0.00626	0.00210	0.00806	0.00556	0.00467	0.04421

[dist]
# distance from previous block
# <min> <max>
14	31

# created by:
# /st0/software/busco_prod/Augustus/scripts/msa2prfl.pl ./align_prep/118154.fa
