[name]
unknown

[dist]
# distance from previous block
# <min> <max>
0	35

[block]
# block no. 0 follows, 29 sequences, length 16
# corresponding to MSA columns:
# 35-50
name=unknown_A
#
# <colnr> <probs for GDERKNQSTAVLIFYWHMCP>
#	G	D	E	R	K	N	Q	S	T	A	V	L	I	F	Y	W	H	M	C	P
0	0.01703	0.01893	0.11884	0.01693	0.06536	0.11360	0.01433	0.11401	0.05935	0.02511	0.04308	0.03944	0.05833	0.01186	0.00778	0.00242	0.00797	0.20344	0.00544	0.05676
1	0.01618	0.01649	0.06694	0.28014	0.25894	0.01654	0.07449	0.06953	0.05274	0.02310	0.01540	0.04996	0.01264	0.00764	0.00727	0.00229	0.00886	0.00714	0.00397	0.00972
2	0.01966	0.07777	0.02063	0.01832	0.13800	0.05314	0.01257	0.13912	0.06878	0.07297	0.01610	0.03341	0.01289	0.00717	0.00627	0.00173	0.00693	0.00581	0.00507	0.28365
3	0.01341	0.01456	0.10476	0.01339	0.01672	0.05353	0.04626	0.08188	0.01675	0.02251	0.07250	0.35974	0.03202	0.04941	0.00933	0.00265	0.00645	0.01316	0.00565	0.06530
4	0.01738	0.25397	0.26389	0.06075	0.17434	0.07396	0.01964	0.02223	0.01547	0.02028	0.01188	0.01452	0.00959	0.00653	0.00614	0.00197	0.00929	0.00505	0.00319	0.00995
5	0.01893	0.02078	0.18455	0.01647	0.03986	0.01685	0.01518	0.21109	0.20194	0.04871	0.02096	0.07999	0.01688	0.00928	0.00710	0.00222	0.00736	0.00759	0.00586	0.06840
6	0.01123	0.01080	0.10102	0.01121	0.01357	0.00763	0.00940	0.01372	0.01504	0.07092	0.09251	0.49280	0.08588	0.01834	0.00854	0.00267	0.00501	0.01635	0.00640	0.00697
7	0.01756	0.01740	0.10852	0.13636	0.02513	0.01487	0.01404	0.21317	0.02012	0.02820	0.01631	0.08027	0.01383	0.00824	0.00666	0.00192	0.00733	0.00676	0.00495	0.25835
8	0.06840	0.01270	0.01459	0.01060	0.01675	0.00999	0.00852	0.01920	0.01495	0.06764	0.01346	0.01516	0.01081	0.00559	0.00534	0.00120	0.00534	0.00438	0.00452	0.69087
9	0.01574	0.01260	0.01384	0.01295	0.01611	0.01398	0.00984	0.02973	0.46721	0.05616	0.05136	0.18713	0.05701	0.01289	0.00773	0.00251	0.00518	0.01112	0.00716	0.00975
10	0.01619	0.03216	0.56527	0.02272	0.11794	0.01608	0.02440	0.02347	0.01563	0.08010	0.01414	0.01614	0.01003	0.00688	0.00684	0.00223	0.00988	0.00556	0.00356	0.01076
11	0.01971	0.01612	0.01691	0.01450	0.01900	0.03488	0.01143	0.13188	0.49925	0.05984	0.02552	0.02384	0.01899	0.00908	0.00706	0.00225	0.00613	0.00740	0.00698	0.06924
12	0.01003	0.00725	0.00902	0.00985	0.01077	0.00696	0.00674	0.05120	0.01515	0.02015	0.08186	0.53997	0.09279	0.08896	0.01142	0.00314	0.00453	0.01760	0.00651	0.00611
13	0.01658	0.12431	0.43006	0.01929	0.02810	0.01729	0.11141	0.02298	0.01558	0.07245	0.01374	0.01579	0.01003	0.00661	0.00662	0.00209	0.00963	0.00556	0.00361	0.06828
14	0.00873	0.00690	0.00791	0.00864	0.01024	0.00608	0.00628	0.01042	0.01526	0.01898	0.05730	0.32565	0.40847	0.01977	0.00877	0.00265	0.00401	0.06140	0.00661	0.00596
15	0.01543	0.16575	0.48999	0.01769	0.02665	0.01824	0.02138	0.02302	0.06067	0.02202	0.01333	0.01513	0.01001	0.00673	0.00628	0.00204	0.00927	0.00511	0.00339	0.06788

[dist]
# distance from previous block
# <min> <max>
0	1

[block]
# block no. 1 follows, 29 sequences, length 20
# corresponding to MSA columns:
# 52-71
name=unknown_B
#
# <colnr> <probs for GDERKNQSTAVLIFYWHMCP>
#	G	D	E	R	K	N	Q	S	T	A	V	L	I	F	Y	W	H	M	C	P
0	0.04799	0.02849	0.02021	0.01844	0.05060	0.48677	0.01367	0.15099	0.04635	0.05126	0.01354	0.01475	0.01056	0.00764	0.00658	0.00195	0.01098	0.00521	0.00466	0.00935
1	0.65405	0.08433	0.01402	0.01029	0.01497	0.01770	0.00868	0.08264	0.01433	0.03172	0.01058	0.01207	0.00826	0.00674	0.00468	0.00213	0.00592	0.00409	0.00453	0.00826
2	0.00868	0.00620	0.00826	0.00991	0.01033	0.00578	0.00661	0.00991	0.01363	0.01818	0.03925	0.74510	0.04710	0.02231	0.00909	0.00289	0.00413	0.02024	0.00661	0.00578
3	0.02306	0.01707	0.01995	0.06599	0.07834	0.01882	0.01367	0.32924	0.22570	0.10062	0.02109	0.02077	0.01526	0.00863	0.00716	0.00224	0.00717	0.00696	0.00676	0.01151
4	0.00868	0.00620	0.00826	0.00991	0.01033	0.00578	0.00661	0.00991	0.01363	0.01818	0.03925	0.74510	0.04710	0.02231	0.00909	0.00289	0.00413	0.02024	0.00661	0.00578
5	0.01271	0.00848	0.01071	0.00976	0.01198	0.00804	0.00743	0.05020	0.03934	0.08031	0.54534	0.07838	0.08118	0.01413	0.00824	0.00227	0.00390	0.01236	0.00776	0.00747
6	0.01689	0.01349	0.01561	0.01131	0.01754	0.01100	0.00911	0.09623	0.01718	0.05296	0.01379	0.01541	0.01101	0.00580	0.00556	0.00123	0.00560	0.00459	0.00474	0.67095
7	0.01345	0.01266	0.02136	0.73264	0.04904	0.01582	0.01978	0.01819	0.01424	0.01819	0.01266	0.01898	0.00949	0.00712	0.00712	0.00237	0.00949	0.00633	0.00316	0.00791
8	0.00945	0.00720	0.00863	0.00857	0.01034	0.00647	0.00638	0.01196	0.01772	0.02357	0.37115	0.11617	0.28725	0.04270	0.00951	0.00256	0.00378	0.04319	0.00712	0.00630
9	0.01713	0.01669	0.02637	0.14481	0.53361	0.05289	0.02056	0.02126	0.01613	0.02209	0.01446	0.02095	0.01249	0.00723	0.00718	0.00220	0.00874	0.04120	0.00364	0.01036
10	0.00866	0.00624	0.00822	0.00979	0.01030	0.00579	0.00656	0.00993	0.01375	0.01822	0.04073	0.71466	0.07658	0.02212	0.00906	0.00287	0.00411	0.02001	0.00661	0.00579
11	0.01869	0.02013	0.01464	0.01391	0.01657	0.32788	0.01030	0.04213	0.09251	0.02082	0.02504	0.20695	0.05981	0.01216	0.00719	0.00219	0.00820	0.00983	0.08328	0.00778
12	0.00878	0.00629	0.00818	0.00965	0.01012	0.00587	0.00640	0.00996	0.01353	0.01793	0.03960	0.66773	0.07519	0.07095	0.01088	0.00314	0.00429	0.01934	0.00646	0.00570
13	0.01720	0.01476	0.01566	0.01412	0.01799	0.01697	0.01096	0.03619	0.64714	0.02970	0.07433	0.02836	0.02480	0.00999	0.00732	0.00240	0.00548	0.00838	0.00729	0.01096
14	0.00908	0.00718	0.00817	0.00804	0.01006	0.00628	0.00599	0.01146	0.01763	0.02283	0.31696	0.09874	0.41849	0.01690	0.00844	0.00237	0.00354	0.01446	0.00709	0.00628
15	0.01360	0.01271	0.01678	0.01515	0.01583	0.04729	0.01218	0.01549	0.01151	0.01672	0.01407	0.02215	0.01366	0.06842	0.30661	0.00664	0.37371	0.00695	0.00349	0.00704
16	0.01484	0.01295	0.01714	0.24204	0.02739	0.01203	0.01227	0.04488	0.01535	0.02248	0.01284	0.01621	0.01027	0.00600	0.00594	0.00152	0.00673	0.00498	0.00400	0.51013
17	0.02406	0.01388	0.01639	0.01336	0.01783	0.01411	0.01072	0.25318	0.07925	0.27340	0.06509	0.12014	0.04377	0.01118	0.00752	0.00230	0.00616	0.00927	0.00769	0.01072
18	0.01794	0.21534	0.05846	0.01348	0.01789	0.10405	0.01168	0.09655	0.14821	0.02479	0.12677	0.07230	0.04415	0.01000	0.00673	0.00207	0.00704	0.00793	0.00547	0.00915
19	0.01713	0.05420	0.02134	0.01886	0.14257	0.01373	0.06894	0.05777	0.05280	0.04873	0.01446	0.01658	0.01156	0.00611	0.00610	0.00156	0.00674	0.00537	0.00447	0.43099

[dist]
# distance from previous block
# <min> <max>
0	2

[block]
# block no. 2 follows, 29 sequences, length 20
# corresponding to MSA columns:
# 75-94
name=unknown_C
#
# <colnr> <probs for GDERKNQSTAVLIFYWHMCP>
#	G	D	E	R	K	N	Q	S	T	A	V	L	I	F	Y	W	H	M	C	P
0	0.01782	0.01252	0.01475	0.01252	0.01568	0.01327	0.00991	0.24757	0.02309	0.08509	0.23697	0.12270	0.08004	0.01306	0.00900	0.00235	0.05685	0.01077	0.00710	0.00893
1	0.01709	0.01341	0.01480	0.01282	0.01639	0.01461	0.01006	0.19255	0.26966	0.03240	0.22984	0.05559	0.06698	0.01163	0.00767	0.00231	0.00537	0.00978	0.00734	0.00970
2	0.02120	0.01897	0.02464	0.02967	0.34854	0.07065	0.01756	0.23655	0.05722	0.02974	0.01495	0.01742	0.01180	0.00774	0.00821	0.00219	0.06070	0.00632	0.00487	0.01108
3	0.01694	0.01395	0.01593	0.01158	0.01780	0.01172	0.00934	0.13528	0.01807	0.02704	0.01344	0.01518	0.01082	0.00585	0.00560	0.00125	0.00573	0.00461	0.00473	0.65516
4	0.00878	0.00701	0.00769	0.00793	0.00972	0.00611	0.00569	0.01052	0.01575	0.01965	0.13054	0.18750	0.46578	0.07211	0.01058	0.00280	0.00392	0.01540	0.00658	0.00592
5	0.01904	0.75404	0.03731	0.01218	0.01828	0.02818	0.01218	0.02132	0.01447	0.01675	0.00990	0.01142	0.00914	0.00609	0.00457	0.00152	0.00761	0.00381	0.00305	0.00914
6	0.01489	0.08557	0.60909	0.01926	0.02894	0.01745	0.02410	0.02370	0.06966	0.02273	0.01388	0.01571	0.01005	0.00695	0.00665	0.00222	0.00992	0.00538	0.00335	0.01049
7	0.01237	0.00618	0.00928	0.00928	0.00928	0.00618	0.00618	0.00928	0.00928	0.01237	0.01237	0.02165	0.01237	0.02474	0.02783	0.79283	0.00618	0.00618	0.00309	0.00309
8	0.01664	0.01679	0.03145	0.03658	0.43465	0.01637	0.23185	0.02120	0.01620	0.02271	0.01581	0.07684	0.01402	0.00752	0.00765	0.00227	0.00925	0.00813	0.00380	0.01030
9	0.01009	0.00728	0.00911	0.01012	0.01085	0.00722	0.00700	0.01264	0.06190	0.01833	0.03417	0.43682	0.03927	0.20018	0.01574	0.00389	0.00523	0.09814	0.00608	0.00591
10	0.01762	0.01692	0.02890	0.04371	0.70533	0.01692	0.02185	0.02185	0.01621	0.02326	0.01339	0.01762	0.01128	0.00634	0.00705	0.00211	0.00846	0.00634	0.00352	0.01128
11	0.01377	0.01282	0.02123	0.47635	0.08656	0.01492	0.06681	0.01929	0.06908	0.01964	0.01699	0.08619	0.01482	0.04138	0.00869	0.00261	0.00870	0.00806	0.00391	0.00819
12	0.02829	0.01652	0.01907	0.01478	0.02028	0.01719	0.01216	0.37896	0.07772	0.30540	0.02231	0.02061	0.01500	0.00874	0.00715	0.00218	0.00697	0.00683	0.00780	0.01205
13	0.00873	0.00633	0.00813	0.00954	0.01013	0.00586	0.00638	0.00997	0.01374	0.01808	0.04178	0.64308	0.11257	0.05664	0.01032	0.00303	0.00421	0.01924	0.00650	0.00574
14	0.00881	0.00734	0.00772	0.00794	0.01007	0.00641	0.00583	0.01120	0.04096	0.01945	0.06503	0.18000	0.56762	0.01844	0.00848	0.00249	0.00377	0.01564	0.00664	0.00617
15	0.01958	0.57840	0.08018	0.01366	0.01963	0.06054	0.01348	0.07485	0.01616	0.01946	0.01070	0.01238	0.00938	0.00668	0.00585	0.00171	0.04032	0.00426	0.00341	0.00937
16	0.01030	0.00710	0.00877	0.00877	0.00912	0.00745	0.00557	0.01100	0.01065	0.01455	0.02151	0.04149	0.02367	0.55876	0.22420	0.00815	0.01024	0.00961	0.00418	0.00487
17	0.00887	0.00647	0.00840	0.00987	0.01060	0.00600	0.00686	0.01033	0.01414	0.01854	0.04277	0.61767	0.11917	0.02163	0.00907	0.00287	0.00426	0.07001	0.00661	0.00587
18	0.01658	0.01794	0.08282	0.11960	0.46287	0.01741	0.04595	0.02093	0.01525	0.02183	0.01279	0.01738	0.01063	0.00722	0.00911	0.00229	0.09938	0.00632	0.00339	0.01032
19	0.02351	0.01997	0.02018	0.01800	0.07007	0.10237	0.01348	0.36339	0.22950	0.03555	0.01970	0.01949	0.01461	0.00858	0.00707	0.00218	0.00780	0.00669	0.00650	0.01134

[dist]
# distance from previous block
# <min> <max>
3	5

[block]
# block no. 3 follows, 29 sequences, length 13
# corresponding to MSA columns:
# 100-112
name=unknown_D
#
# <colnr> <probs for GDERKNQSTAVLIFYWHMCP>
#	G	D	E	R	K	N	Q	S	T	A	V	L	I	F	Y	W	H	M	C	P
0	0.00904	0.00706	0.00820	0.00829	0.01010	0.00622	0.00607	0.01129	0.01715	0.02231	0.28613	0.18029	0.36728	0.01756	0.00853	0.00243	0.00361	0.01518	0.00704	0.00622
1	0.01963	0.01504	0.01629	0.01404	0.01823	0.01665	0.01115	0.20258	0.37291	0.07130	0.03012	0.05847	0.07737	0.01088	0.00747	0.00238	0.00604	0.03152	0.00720	0.01071
2	0.00956	0.00698	0.00899	0.00908	0.01047	0.00641	0.00658	0.01222	0.01807	0.02499	0.47144	0.24171	0.11308	0.01694	0.00859	0.00243	0.00359	0.01504	0.00741	0.00641
3	0.01680	0.01297	0.01519	0.01115	0.01715	0.01044	0.00893	0.07249	0.01665	0.07520	0.01513	0.04252	0.01254	0.00642	0.00570	0.00129	0.00550	0.00520	0.00488	0.64385
4	0.01404	0.08101	0.59809	0.01873	0.02795	0.01623	0.02341	0.02121	0.01486	0.02173	0.01523	0.08762	0.01283	0.00827	0.00685	0.00227	0.00969	0.00666	0.00337	0.00996
5	0.06741	0.08025	0.45475	0.01865	0.02751	0.01649	0.08512	0.02244	0.01518	0.05230	0.01319	0.01533	0.00964	0.00657	0.00648	0.00209	0.00942	0.00535	0.00353	0.08830
6	0.01977	0.68405	0.03565	0.01278	0.01864	0.09553	0.01234	0.02201	0.01502	0.01682	0.01001	0.01156	0.00914	0.00621	0.00475	0.00155	0.00812	0.00388	0.00311	0.00905
7	0.00862	0.00642	0.00803	0.00933	0.01017	0.00583	0.00635	0.00998	0.01420	0.01841	0.04638	0.59840	0.18919	0.02138	0.00894	0.00279	0.00402	0.01911	0.00661	0.00583
8	0.03996	0.01680	0.13898	0.01913	0.08372	0.01467	0.08983	0.01759	0.01508	0.02228	0.15861	0.11573	0.02637	0.01166	0.01176	0.00255	0.19293	0.00939	0.00466	0.00831
9	0.00913	0.00713	0.00805	0.00800	0.00980	0.00630	0.00579	0.01120	0.01667	0.02148	0.25758	0.11159	0.39388	0.08840	0.01116	0.00283	0.00389	0.01430	0.00676	0.00605
10	0.01437	0.01301	0.02014	0.37915	0.16873	0.01489	0.01678	0.02081	0.11209	0.02164	0.08442	0.02480	0.01830	0.05085	0.00893	0.00258	0.00797	0.00746	0.00435	0.00873
11	0.01438	0.01348	0.02215	0.52802	0.17214	0.01540	0.01904	0.01887	0.01467	0.01967	0.01280	0.01830	0.00994	0.00679	0.00692	0.00219	0.00887	0.00612	0.00334	0.08690
12	0.01201	0.00952	0.01219	0.01133	0.01198	0.01107	0.00827	0.03968	0.01297	0.01814	0.09031	0.09215	0.04738	0.31838	0.10073	0.00540	0.17761	0.01011	0.00470	0.00607

[dist]
# distance from previous block
# <min> <max>
0	1

[block]
# block no. 4 follows, 29 sequences, length 28
# corresponding to MSA columns:
# 114-141
name=unknown_E
#
# <colnr> <probs for GDERKNQSTAVLIFYWHMCP>
#	G	D	E	R	K	N	Q	S	T	A	V	L	I	F	Y	W	H	M	C	P
0	0.04928	0.01611	0.02693	0.15270	0.57158	0.01670	0.02094	0.02123	0.01573	0.02281	0.01313	0.01759	0.01085	0.00648	0.00695	0.00216	0.00850	0.00624	0.00350	0.01059
1	0.01946	0.62681	0.03632	0.01433	0.02032	0.08488	0.07346	0.02205	0.01516	0.01736	0.01040	0.01225	0.00929	0.00619	0.00507	0.00163	0.00845	0.00429	0.00315	0.00911
2	0.00877	0.00633	0.00831	0.00972	0.01032	0.00586	0.00656	0.01019	0.01425	0.01901	0.09057	0.66119	0.07952	0.02152	0.00901	0.00282	0.00405	0.01944	0.00670	0.00586
3	0.01887	0.01956	0.02682	0.09106	0.53714	0.13935	0.02029	0.02272	0.01676	0.02187	0.01292	0.01689	0.01078	0.00658	0.00695	0.00209	0.00930	0.00604	0.00352	0.01050
4	0.01763	0.01677	0.02773	0.04103	0.64240	0.01699	0.02088	0.02332	0.07818	0.02386	0.01482	0.01844	0.01224	0.00665	0.00707	0.00214	0.00820	0.00650	0.00387	0.01128
5	0.01345	0.01266	0.02136	0.73264	0.04904	0.01582	0.01978	0.01819	0.01424	0.01819	0.01266	0.01898	0.00949	0.00712	0.00712	0.00237	0.00949	0.00633	0.00316	0.00791
6	0.01731	0.01660	0.02834	0.09548	0.65602	0.01684	0.02170	0.02158	0.01607	0.02288	0.01334	0.01773	0.01114	0.00640	0.00705	0.00213	0.00854	0.00634	0.00350	0.01103
7	0.01343	0.01210	0.02001	0.66612	0.04531	0.01498	0.01842	0.01805	0.01430	0.01896	0.01362	0.01968	0.01029	0.00723	0.00692	0.00231	0.00893	0.00636	0.07519	0.00779
8	0.08823	0.33867	0.30698	0.01540	0.02272	0.02138	0.01748	0.02135	0.01450	0.02089	0.03294	0.01441	0.01081	0.00697	0.00641	0.00198	0.04135	0.00480	0.00331	0.00943
9	0.01737	0.50296	0.27381	0.01502	0.02267	0.02410	0.01713	0.02175	0.01467	0.01878	0.01091	0.01269	0.00910	0.00633	0.00534	0.00178	0.00863	0.00432	0.00303	0.00962
10	0.01477	0.01266	0.01477	0.01055	0.01687	0.00949	0.00844	0.01793	0.01477	0.02320	0.01266	0.01477	0.01055	0.00527	0.00527	0.00105	0.00527	0.00422	0.00422	0.79328
11	0.00988	0.00718	0.00930	0.00897	0.01057	0.00660	0.00665	0.01298	0.01939	0.02721	0.61399	0.11724	0.09249	0.01542	0.00846	0.00231	0.00344	0.01364	0.00767	0.00660
12	0.08857	0.01200	0.01572	0.01224	0.01747	0.01069	0.01007	0.03260	0.01975	0.62519	0.06041	0.02473	0.01936	0.00893	0.00702	0.00221	0.00588	0.00720	0.00843	0.01152
13	0.04085	0.01332	0.01995	0.25041	0.05641	0.01616	0.04242	0.03484	0.01451	0.07771	0.05163	0.02148	0.01455	0.04103	0.01325	0.00272	0.23019	0.00692	0.04341	0.00825
14	0.75809	0.01368	0.01080	0.00954	0.01401	0.01567	0.00786	0.02168	0.01257	0.06900	0.01091	0.01226	0.00825	0.00673	0.00456	0.00220	0.00554	0.00404	0.00465	0.00795
15	0.02113	0.01782	0.01911	0.10767	0.05600	0.08568	0.01361	0.19496	0.30888	0.06694	0.02142	0.02137	0.01585	0.00863	0.00711	0.00226	0.00752	0.00696	0.00626	0.01081
16	0.00876	0.00641	0.00815	0.00941	0.01014	0.00590	0.00635	0.01012	0.01414	0.01859	0.07085	0.59260	0.14012	0.05016	0.01004	0.00295	0.00413	0.01880	0.00657	0.00580
17	0.01089	0.00783	0.00960	0.06861	0.01223	0.00825	0.00655	0.01207	0.01239	0.01705	0.07669	0.06071	0.08398	0.45537	0.02550	0.00508	0.04272	0.01034	0.06881	0.00534
18	0.00910	0.00724	0.00817	0.00793	0.01004	0.00630	0.00595	0.01155	0.01785	0.02309	0.33214	0.06219	0.44004	0.01660	0.00841	0.00234	0.00350	0.01414	0.00712	0.00630
19	0.01344	0.01195	0.01934	0.51714	0.03838	0.01494	0.01692	0.01668	0.01339	0.01769	0.03946	0.02026	0.01214	0.01044	0.01199	0.10775	0.10101	0.00656	0.00333	0.00721
20	0.01926	0.68860	0.03680	0.01329	0.01933	0.05731	0.04373	0.02170	0.01482	0.01707	0.01016	0.01185	0.00922	0.00614	0.00483	0.00158	0.00805	0.00406	0.00310	0.00912
21	0.00874	0.00626	0.00821	0.00974	0.01020	0.00584	0.00647	0.00994	0.01358	0.01803	0.03965	0.69362	0.06809	0.05227	0.01019	0.00304	0.00423	0.01966	0.00652	0.00573
22	0.50022	0.04870	0.04357	0.06520	0.01882	0.01684	0.01061	0.11007	0.01611	0.09372	0.01286	0.01416	0.00946	0.00709	0.00533	0.00218	0.00647	0.00474	0.00496	0.00890
23	0.01120	0.00756	0.00846	0.00820	0.00849	0.00767	0.00478	0.04438	0.01153	0.01538	0.02217	0.04510	0.02519	0.71218	0.03477	0.00666	0.00695	0.01016	0.00446	0.00471
24	0.00992	0.00661	0.00884	0.01012	0.01088	0.00615	0.00699	0.01143	0.01441	0.05009	0.07486	0.64710	0.04661	0.02117	0.00900	0.00284	0.00428	0.04580	0.00677	0.00615
25	0.01988	0.05917	0.07966	0.03736	0.13531	0.15329	0.01500	0.15873	0.05390	0.02622	0.05272	0.04990	0.01570	0.00851	0.00749	0.00206	0.03860	0.00666	0.00482	0.07502
26	0.15202	0.05336	0.02088	0.05199	0.22079	0.04013	0.01444	0.14077	0.14831	0.02886	0.01734	0.05062	0.01420	0.00819	0.00660	0.00220	0.00725	0.00670	0.00513	0.01023
27	0.03541	0.01599	0.06759	0.07653	0.17734	0.01538	0.01483	0.14037	0.12648	0.09122	0.10623	0.06024	0.02217	0.00942	0.00731	0.00226	0.00698	0.00809	0.00589	0.01026

[dist]
# distance from previous block
# <min> <max>
0	21

[block]
# block no. 5 follows, 29 sequences, length 52
# corresponding to MSA columns:
# 163-214
name=unknown_F
#
# <colnr> <probs for GDERKNQSTAVLIFYWHMCP>
#	G	D	E	R	K	N	Q	S	T	A	V	L	I	F	Y	W	H	M	C	P
0	0.01793	0.02225	0.14740	0.07360	0.43097	0.10516	0.02100	0.02336	0.04881	0.02243	0.01369	0.01707	0.01102	0.00675	0.00693	0.00213	0.00930	0.00601	0.00361	0.01058
1	0.01717	0.05663	0.06345	0.09645	0.56132	0.01744	0.04156	0.02159	0.01592	0.02246	0.01315	0.01732	0.01089	0.00640	0.00695	0.00212	0.00871	0.00622	0.00345	0.01080
2	0.01020	0.00702	0.00855	0.00857	0.00899	0.00710	0.00541	0.01108	0.01201	0.01642	0.11451	0.08262	0.03146	0.51243	0.12822	0.00670	0.00800	0.01084	0.00484	0.00501
3	0.01366	0.00824	0.01114	0.06111	0.01483	0.00792	0.00849	0.03571	0.01618	0.13583	0.10044	0.45019	0.05730	0.01763	0.00850	0.00265	0.00491	0.03110	0.00687	0.00730
4	0.01647	0.33988	0.39216	0.01803	0.05934	0.02149	0.02010	0.02199	0.01485	0.02013	0.01159	0.01363	0.00918	0.00646	0.00585	0.00194	0.00919	0.00470	0.00305	0.00997
5	0.01237	0.00618	0.00928	0.00928	0.00928	0.00618	0.00618	0.00928	0.00928	0.01237	0.01237	0.02165	0.01237	0.02474	0.02783	0.79283	0.00618	0.00618	0.00309	0.00309
6	0.01416	0.01338	0.02264	0.61528	0.16084	0.01601	0.02013	0.01882	0.01457	0.01906	0.01278	0.01875	0.00980	0.00699	0.00711	0.00233	0.00932	0.00633	0.00323	0.00848
7	0.01895	0.01955	0.02543	0.20685	0.33075	0.15669	0.05017	0.06581	0.01768	0.02225	0.01303	0.01705	0.01045	0.00686	0.00701	0.00214	0.00971	0.00609	0.00370	0.00982
8	0.12169	0.01264	0.01548	0.10951	0.02031	0.05245	0.04431	0.08346	0.04517	0.02408	0.09632	0.05880	0.02116	0.02355	0.23426	0.00519	0.01102	0.00791	0.00486	0.00782
9	0.01038	0.00693	0.00858	0.00912	0.01020	0.00638	0.00621	0.01177	0.01446	0.05731	0.10451	0.39450	0.15325	0.15596	0.01387	0.00346	0.00460	0.01608	0.00642	0.00599
10	0.01297	0.00787	0.01039	0.00953	0.01165	0.00717	0.00722	0.01612	0.01977	0.12098	0.56714	0.09360	0.05913	0.01427	0.00827	0.00228	0.00378	0.01257	0.00789	0.00740
11	0.01626	0.09984	0.56848	0.01856	0.02799	0.01680	0.02305	0.02334	0.01561	0.08615	0.03098	0.01650	0.01127	0.00709	0.00664	0.00218	0.00966	0.00549	0.00367	0.01045
12	0.01863	0.02014	0.06208	0.03923	0.58246	0.10867	0.02102	0.02275	0.01667	0.02247	0.01305	0.01687	0.01089	0.00650	0.00695	0.00209	0.00913	0.00606	0.00352	0.01085
13	0.01045	0.00757	0.01023	0.01172	0.01310	0.00735	0.00962	0.01305	0.01565	0.02029	0.04131	0.25541	0.10414	0.02022	0.00951	0.00309	0.00564	0.42878	0.00658	0.00630
14	0.02128	0.49009	0.03053	0.01397	0.01910	0.25317	0.01241	0.02345	0.01635	0.01736	0.01078	0.01248	0.00951	0.00658	0.00519	0.00163	0.00915	0.00417	0.03405	0.00875
15	0.80005	0.01377	0.01047	0.00936	0.01377	0.01597	0.00771	0.02093	0.01212	0.03195	0.00991	0.01157	0.00771	0.00661	0.00441	0.00220	0.00551	0.00386	0.00441	0.00771
16	0.00911	0.00742	0.00819	0.00849	0.01071	0.00649	0.00670	0.01129	0.01645	0.02010	0.09533	0.07018	0.53809	0.01820	0.00870	0.00257	0.00419	0.14496	0.00666	0.00616
17	0.01456	0.07863	0.67349	0.01982	0.03009	0.01722	0.02549	0.02248	0.01500	0.02221	0.01261	0.01482	0.00903	0.00673	0.00664	0.00221	0.01035	0.00518	0.00301	0.01044
18	0.00896	0.00641	0.00855	0.01001	0.01060	0.00600	0.00689	0.01050	0.01437	0.01928	0.09850	0.64587	0.04855	0.02147	0.00907	0.00286	0.00420	0.05528	0.00672	0.00591
19	0.02495	0.02979	0.01974	0.05762	0.02287	0.56978	0.01366	0.09261	0.02118	0.02088	0.05195	0.01596	0.01287	0.00787	0.00665	0.00192	0.01160	0.00535	0.00423	0.00853
20	0.00865	0.00628	0.00817	0.00969	0.01027	0.00580	0.00651	0.00994	0.01385	0.01827	0.04200	0.68855	0.10187	0.02195	0.00903	0.00285	0.00409	0.01981	0.00661	0.00580
21	0.05979	0.03163	0.56688	0.01905	0.02817	0.01561	0.05784	0.02157	0.01546	0.02371	0.08082	0.01883	0.01479	0.00749	0.00688	0.00226	0.00960	0.00610	0.00360	0.00993
22	0.80005	0.01377	0.01047	0.00936	0.01377	0.01597	0.00771	0.02093	0.01212	0.03195	0.00991	0.01157	0.00771	0.00661	0.00441	0.00220	0.00551	0.00386	0.00441	0.00771
23	0.01134	0.04989	0.01165	0.00975	0.01174	0.00911	0.00740	0.01602	0.08815	0.02616	0.49565	0.07386	0.05381	0.06709	0.03486	0.00289	0.00466	0.01180	0.00707	0.00711
24	0.01712	0.01660	0.02892	0.11787	0.59101	0.01687	0.06379	0.02152	0.01604	0.02268	0.01338	0.01787	0.01105	0.00641	0.00714	0.00216	0.00880	0.00647	0.00349	0.01080
25	0.01030	0.00713	0.00889	0.00889	0.00928	0.00751	0.00572	0.01108	0.01069	0.01464	0.02141	0.04090	0.02342	0.53684	0.24577	0.00829	0.01062	0.00952	0.00416	0.00494
26	0.01701	0.01683	0.02394	0.21520	0.37271	0.08662	0.01879	0.02233	0.06933	0.02219	0.05429	0.02027	0.01468	0.00738	0.00710	0.00218	0.00865	0.00668	0.00399	0.00984
27	0.00877	0.00627	0.00834	0.00985	0.01035	0.00584	0.00662	0.01014	0.01405	0.01884	0.08171	0.70074	0.04838	0.02181	0.00904	0.00285	0.00408	0.01977	0.00669	0.00584
28	0.05358	0.04245	0.01894	0.01583	0.04219	0.14098	0.01225	0.27036	0.14536	0.08743	0.01889	0.01916	0.01404	0.00949	0.02542	0.00234	0.00810	0.00631	0.05639	0.01049
29	0.01240	0.00780	0.01021	0.00931	0.01142	0.00710	0.00708	0.01564	0.02006	0.10218	0.60878	0.05053	0.08176	0.01404	0.00826	0.00224	0.00366	0.01233	0.00791	0.00728
30	0.02046	0.06352	0.19794	0.01431	0.02020	0.01400	0.01416	0.06838	0.09697	0.23719	0.11841	0.02607	0.02247	0.04393	0.00846	0.00242	0.00703	0.00749	0.00631	0.01028
31	0.00944	0.00704	0.00882	0.00908	0.01058	0.00641	0.00669	0.01192	0.01741	0.02347	0.35769	0.23731	0.19527	0.01760	0.00866	0.00250	0.00380	0.05280	0.00719	0.00632
32	0.01477	0.01266	0.01477	0.01055	0.01687	0.00949	0.00844	0.01793	0.01477	0.02320	0.01266	0.01477	0.01055	0.00527	0.00527	0.00105	0.00527	0.00422	0.00422	0.79328
33	0.01483	0.01547	0.16079	0.01424	0.04046	0.01087	0.04104	0.01898	0.01784	0.12658	0.28534	0.03824	0.12327	0.01177	0.00862	0.00231	0.04463	0.00995	0.00623	0.00856
34	0.10833	0.01818	0.01912	0.01496	0.02026	0.02008	0.01231	0.52995	0.05521	0.06813	0.01751	0.01760	0.01252	0.00838	0.00674	0.00213	0.00722	0.00624	0.04376	0.01135
35	0.01904	0.75404	0.03731	0.01218	0.01828	0.02818	0.01218	0.02132	0.01447	0.01675	0.00990	0.01142	0.00914	0.00609	0.00457	0.00152	0.00761	0.00381	0.00305	0.00914
36	0.01989	0.61842	0.03428	0.01323	0.01880	0.07923	0.01256	0.06011	0.01581	0.01846	0.01037	0.01208	0.00932	0.00667	0.00585	0.00167	0.04658	0.00415	0.00333	0.00917
37	0.01036	0.00690	0.00777	0.00777	0.00777	0.00690	0.00431	0.01036	0.01036	0.01381	0.02244	0.04660	0.02589	0.74975	0.03624	0.00690	0.00690	0.01036	0.00431	0.00431
38	0.06046	0.08481	0.48645	0.01900	0.02754	0.05943	0.07006	0.02193	0.01518	0.02209	0.01411	0.06155	0.01153	0.00768	0.00672	0.00222	0.00986	0.00622	0.00340	0.00975
39	0.35609	0.01397	0.01704	0.19279	0.06043	0.01572	0.04403	0.07795	0.01578	0.07586	0.01467	0.01986	0.01169	0.00785	0.00618	0.00231	0.00726	0.04717	0.00470	0.00865
40	0.01105	0.00789	0.01099	0.01263	0.01408	0.00783	0.01074	0.01402	0.01597	0.02084	0.03794	0.18102	0.04191	0.02007	0.00972	0.00322	0.00619	0.56089	0.00656	0.00644
41	0.01675	0.01628	0.02649	0.23688	0.49786	0.03995	0.02100	0.02104	0.01579	0.02164	0.01311	0.01785	0.01071	0.00660	0.00705	0.00218	0.00890	0.00628	0.00343	0.01023
42	0.01743	0.01672	0.02855	0.07617	0.67441	0.01687	0.02176	0.02168	0.01612	0.02302	0.01336	0.01769	0.01119	0.00638	0.00705	0.00213	0.00851	0.00634	0.00351	0.01112
43	0.04053	0.29463	0.30183	0.01601	0.02352	0.09057	0.01766	0.02398	0.01585	0.09567	0.01315	0.01441	0.00999	0.00680	0.00591	0.00194	0.00907	0.00483	0.00376	0.00989
44	0.01237	0.00618	0.00928	0.00928	0.00928	0.00618	0.00618	0.00928	0.00928	0.01237	0.01237	0.02165	0.01237	0.02474	0.02783	0.79283	0.00618	0.00618	0.00309	0.00309
45	0.01444	0.03570	0.66985	0.02092	0.03123	0.01663	0.06819	0.02257	0.01515	0.02257	0.01288	0.01530	0.00913	0.00672	0.00687	0.00226	0.01062	0.00546	0.00304	0.01046
46	0.01447	0.06447	0.68683	0.01998	0.03034	0.01699	0.02576	0.02250	0.01501	0.02233	0.01267	0.01489	0.00902	0.00674	0.00668	0.00223	0.01041	0.00521	0.00301	0.01047
47	0.01205	0.00998	0.01033	0.01002	0.01079	0.06264	0.00674	0.03068	0.01285	0.01641	0.02763	0.13454	0.09548	0.42338	0.04347	0.00520	0.06632	0.01119	0.00477	0.00553
48	0.01436	0.00966	0.01268	0.01161	0.01391	0.01047	0.00911	0.09236	0.01554	0.09376	0.02693	0.03232	0.11077	0.06737	0.41698	0.00773	0.03325	0.00853	0.00511	0.00754
49	0.03119	0.01195	0.01628	0.01254	0.01792	0.01034	0.01034	0.03396	0.02037	0.68656	0.05151	0.02524	0.01935	0.00901	0.00720	0.00220	0.00597	0.00736	0.00878	0.01193
50	0.01116	0.00753	0.00842	0.00818	0.00845	0.00763	0.00476	0.04253	0.01146	0.01530	0.02218	0.04518	0.02523	0.71423	0.03485	0.00667	0.00695	0.01017	0.00445	0.00469
51	0.64228	0.01389	0.01375	0.11743	0.02023	0.01606	0.04503	0.02063	0.01268	0.02943	0.01056	0.01307	0.00814	0.00665	0.00502	0.00224	0.00644	0.00446	0.00418	0.00784

[dist]
# distance from previous block
# <min> <max>
1	10

[block]
# block no. 6 follows, 29 sequences, length 23
# corresponding to MSA columns:
# 227-249
name=unknown_G
#
# <colnr> <probs for GDERKNQSTAVLIFYWHMCP>
#	G	D	E	R	K	N	Q	S	T	A	V	L	I	F	Y	W	H	M	C	P
0	0.01506	0.01373	0.02220	0.52039	0.16594	0.01606	0.01910	0.06726	0.01628	0.02155	0.04466	0.02016	0.01265	0.00742	0.00717	0.00230	0.00890	0.00664	0.00373	0.00878
1	0.05056	0.01462	0.02735	0.29582	0.05970	0.01548	0.26746	0.01964	0.01552	0.02124	0.01721	0.02846	0.01499	0.00865	0.00791	0.00251	0.00976	0.11076	0.00394	0.00844
2	0.07185	0.02843	0.45067	0.02055	0.02894	0.01577	0.16169	0.02126	0.01506	0.02287	0.01548	0.08646	0.01299	0.00810	0.00717	0.00234	0.00985	0.00728	0.00358	0.00966
3	0.01735	0.01268	0.01507	0.01100	0.01712	0.00994	0.00884	0.02110	0.04112	0.12247	0.01550	0.01658	0.01199	0.00595	0.00562	0.00127	0.00540	0.00479	0.00500	0.65122
4	0.01904	0.75404	0.03731	0.01218	0.01828	0.02818	0.01218	0.02132	0.01447	0.01675	0.00990	0.01142	0.00914	0.00609	0.00457	0.00152	0.00761	0.00381	0.00305	0.00914
5	0.01771	0.01530	0.01610	0.01449	0.01852	0.01771	0.01127	0.03784	0.69247	0.02979	0.02898	0.02657	0.02174	0.00966	0.00725	0.00242	0.00564	0.00805	0.00725	0.01127
6	0.00871	0.00726	0.00762	0.00763	0.00993	0.00617	0.00579	0.01073	0.01664	0.02027	0.13459	0.06746	0.61088	0.01775	0.00847	0.00242	0.00370	0.04114	0.00673	0.00611
7	0.00996	0.00784	0.00907	0.00866	0.01080	0.00724	0.00652	0.01392	0.06783	0.02486	0.39684	0.05746	0.32167	0.01561	0.00832	0.00232	0.00363	0.01340	0.00730	0.00677
8	0.00885	0.00644	0.00838	0.00981	0.01052	0.00597	0.00677	0.01032	0.01424	0.01879	0.06401	0.62388	0.10752	0.02152	0.00905	0.00285	0.00419	0.05439	0.00665	0.00588
9	0.01549	0.01433	0.02352	0.49118	0.23511	0.01652	0.01998	0.06035	0.01600	0.02130	0.01314	0.01848	0.01017	0.00699	0.00710	0.00228	0.00909	0.00634	0.00351	0.00913
10	0.75212	0.01502	0.01107	0.00992	0.01428	0.05967	0.00809	0.02140	0.01262	0.03105	0.00998	0.01165	0.00780	0.00666	0.00453	0.00218	0.00596	0.00390	0.00436	0.00775
11	0.01293	0.00795	0.01065	0.01038	0.01239	0.00738	0.00815	0.01595	0.01866	0.11094	0.40475	0.13516	0.05330	0.01579	0.00862	0.00252	0.00444	0.14524	0.00756	0.00725
12	0.01477	0.01266	0.01477	0.01055	0.01687	0.00949	0.00844	0.01793	0.01477	0.02320	0.01266	0.01477	0.01055	0.00527	0.00527	0.00105	0.00527	0.00422	0.00422	0.79328
13	0.02538	0.01891	0.02030	0.01592	0.02123	0.02096	0.01302	0.59050	0.09653	0.04227	0.01919	0.04909	0.01454	0.00924	0.00722	0.00220	0.00746	0.00716	0.00711	0.01176
14	0.01345	0.01266	0.02136	0.73264	0.04904	0.01582	0.01978	0.01819	0.01424	0.01819	0.01266	0.01898	0.00949	0.00712	0.00712	0.00237	0.00949	0.00633	0.00316	0.00791
15	0.01237	0.00618	0.00928	0.00928	0.00928	0.00618	0.00618	0.00928	0.00928	0.01237	0.01237	0.02165	0.01237	0.02474	0.02783	0.79283	0.00618	0.00618	0.00309	0.00309
16	0.01036	0.00690	0.00777	0.00777	0.00777	0.00690	0.00431	0.01036	0.01036	0.01381	0.02244	0.04660	0.02589	0.74975	0.03624	0.00690	0.00690	0.01036	0.00431	0.00431
17	0.02983	0.01165	0.01585	0.01231	0.01745	0.01010	0.01010	0.03264	0.02036	0.64416	0.09339	0.02704	0.02243	0.00937	0.00728	0.00221	0.00580	0.00772	0.00872	0.01159
18	0.01428	0.03683	0.71286	0.02030	0.03082	0.01654	0.02631	0.02255	0.01503	0.02255	0.01278	0.01503	0.00902	0.00677	0.00677	0.00226	0.01052	0.00526	0.00301	0.01052
19	0.01543	0.01325	0.01507	0.01144	0.01725	0.01135	0.00908	0.02243	0.16791	0.02469	0.01635	0.01743	0.01308	0.00626	0.00572	0.00136	0.00536	0.00508	0.00490	0.61656
20	0.01276	0.01136	0.01880	0.58730	0.04118	0.01383	0.01710	0.01648	0.01380	0.01776	0.01603	0.11195	0.01451	0.01035	0.00889	0.06036	0.00856	0.00810	0.00360	0.00729
21	0.01008	0.00728	0.00952	0.00896	0.01064	0.00672	0.00672	0.01344	0.02016	0.02855	0.70158	0.05319	0.06719	0.01456	0.00840	0.00224	0.00336	0.01288	0.00784	0.00672
22	0.02588	0.01924	0.02073	0.01582	0.02158	0.02086	0.01304	0.61724	0.03166	0.04278	0.01667	0.01687	0.01196	0.00823	0.00694	0.00203	0.00759	0.00620	0.00684	0.08785

[dist]
# distance from previous block
# <min> <max>
0	1

[block]
# block no. 7 follows, 29 sequences, length 35
# corresponding to MSA columns:
# 251-285
name=unknown_H
#
# <colnr> <probs for GDERKNQSTAVLIFYWHMCP>
#	G	D	E	R	K	N	Q	S	T	A	V	L	I	F	Y	W	H	M	C	P
0	0.02618	0.10084	0.02313	0.01592	0.02166	0.02275	0.01339	0.60883	0.03138	0.04178	0.01630	0.01647	0.01178	0.00828	0.00684	0.00207	0.00781	0.00612	0.00667	0.01178
1	0.01769	0.01745	0.02756	0.11813	0.59272	0.05833	0.02115	0.02184	0.01623	0.02236	0.01317	0.01749	0.01096	0.00649	0.00702	0.00213	0.00883	0.00624	0.00349	0.01073
2	0.01477	0.01266	0.01477	0.01055	0.01687	0.00949	0.00844	0.01793	0.01477	0.02320	0.01266	0.01477	0.01055	0.00527	0.00527	0.00105	0.00527	0.00422	0.00422	0.79328
3	0.02707	0.01995	0.02137	0.01638	0.02208	0.02208	0.01353	0.68159	0.03348	0.04488	0.01710	0.01710	0.01211	0.00855	0.00712	0.00214	0.00784	0.00641	0.00712	0.01211
4	0.01189	0.00932	0.01461	0.01470	0.01694	0.00914	0.08475	0.01536	0.01636	0.02132	0.03631	0.09078	0.05967	0.01818	0.00961	0.00314	0.00700	0.54781	0.00623	0.00685
5	0.00865	0.00631	0.00815	0.00962	0.01025	0.00581	0.00648	0.00995	0.01392	0.01829	0.04287	0.67055	0.11931	0.02184	0.00901	0.00284	0.00407	0.01967	0.00661	0.00581
6	0.01008	0.00728	0.00952	0.00896	0.01064	0.00672	0.00672	0.01344	0.02016	0.02855	0.70158	0.05319	0.06719	0.01456	0.00840	0.00224	0.00336	0.01288	0.00784	0.00672
7	0.01840	0.01514	0.01612	0.01440	0.01850	0.01736	0.01123	0.03769	0.66005	0.06261	0.02894	0.02645	0.02154	0.00962	0.00724	0.00240	0.00566	0.00801	0.00732	0.01131
8	0.01558	0.01558	0.02181	0.01869	0.01869	0.02181	0.01558	0.01714	0.01091	0.01714	0.00935	0.01558	0.00935	0.01246	0.02337	0.00312	0.73672	0.00623	0.00312	0.00779
9	0.01815	0.01552	0.01635	0.01458	0.01868	0.01792	0.01138	0.06822	0.66137	0.03050	0.02842	0.02612	0.02128	0.00961	0.00724	0.00240	0.00574	0.00797	0.00724	0.01131
10	0.00857	0.00722	0.00743	0.00738	0.00971	0.00608	0.00553	0.01052	0.01660	0.02012	0.13152	0.06708	0.64251	0.01771	0.00841	0.00239	0.00358	0.01483	0.00673	0.00608
11	0.01018	0.00686	0.00793	0.00804	0.00819	0.00679	0.00469	0.01052	0.01131	0.01520	0.06951	0.11119	0.03060	0.63365	0.03188	0.00622	0.00641	0.01143	0.00476	0.00461
12	0.02707	0.01995	0.02137	0.01638	0.02208	0.02208	0.01353	0.68159	0.03348	0.04488	0.01710	0.01710	0.01211	0.00855	0.00712	0.00214	0.00784	0.00641	0.00712	0.01211
13	0.02142	0.01322	0.01589	0.04773	0.03904	0.01387	0.01101	0.06858	0.28970	0.24077	0.06675	0.02779	0.04709	0.00963	0.00718	0.00227	0.00581	0.00801	0.05355	0.01069
14	0.00979	0.00671	0.00789	0.00838	0.00859	0.00654	0.00503	0.01022	0.01154	0.01530	0.02925	0.25300	0.05755	0.50816	0.02721	0.00555	0.00596	0.01344	0.00508	0.00481
15	0.80005	0.01377	0.01047	0.00936	0.01377	0.01597	0.00771	0.02093	0.01212	0.03195	0.00991	0.01157	0.00771	0.00661	0.00441	0.00220	0.00551	0.00386	0.00441	0.00771
16	0.01889	0.02090	0.10248	0.05727	0.48015	0.08454	0.02071	0.08567	0.01806	0.02454	0.01343	0.01687	0.01085	0.00672	0.00697	0.00211	0.00908	0.00606	0.00382	0.01088
17	0.00842	0.00721	0.00721	0.00721	0.00962	0.00601	0.00541	0.01022	0.01623	0.01924	0.07213	0.06853	0.70244	0.01803	0.00842	0.00240	0.00361	0.01503	0.00661	0.00601
18	0.01358	0.01279	0.02160	0.71063	0.07001	0.01586	0.01984	0.01831	0.01430	0.01836	0.01268	0.01894	0.00955	0.00709	0.00712	0.00236	0.00946	0.00633	0.00318	0.00802
19	0.02562	0.03188	0.01973	0.01792	0.02163	0.64365	0.01348	0.02947	0.09426	0.01879	0.01299	0.01435	0.01056	0.00759	0.00651	0.00190	0.01205	0.00497	0.00406	0.00859
20	0.00874	0.00628	0.00819	0.00968	0.01017	0.00585	0.00644	0.00995	0.01360	0.01802	0.04003	0.67855	0.07790	0.05719	0.01037	0.00306	0.00424	0.01951	0.00650	0.00572
21	0.02377	0.15385	0.02341	0.01722	0.02091	0.46231	0.01373	0.06414	0.01867	0.01889	0.01094	0.01324	0.00936	0.00792	0.00854	0.00198	0.11405	0.00479	0.00369	0.00857
22	0.01000	0.00728	0.00941	0.00888	0.01059	0.00669	0.00666	0.01329	0.01997	0.02811	0.67183	0.05391	0.09721	0.01472	0.00840	0.00225	0.00337	0.01298	0.00778	0.00669
23	0.08169	0.01368	0.01776	0.01633	0.09390	0.01320	0.01184	0.07829	0.09688	0.46304	0.02454	0.02239	0.01632	0.00847	0.00696	0.00221	0.00636	0.00689	0.00763	0.01162
24	0.01451	0.06909	0.60647	0.02075	0.06904	0.01666	0.02443	0.02202	0.01532	0.02259	0.04523	0.01681	0.01191	0.00708	0.00675	0.00221	0.00992	0.00561	0.00327	0.01032
25	0.01904	0.75404	0.03731	0.01218	0.01828	0.02818	0.01218	0.02132	0.01447	0.01675	0.00990	0.01142	0.00914	0.00609	0.00457	0.00152	0.00761	0.00381	0.00305	0.00914
26	0.02195	0.42703	0.05893	0.01507	0.02035	0.31308	0.01343	0.02430	0.01684	0.01728	0.01048	0.01216	0.00915	0.00663	0.00542	0.00168	0.00989	0.00419	0.00330	0.00883
27	0.06207	0.53148	0.07342	0.01327	0.01923	0.05898	0.01293	0.09531	0.01669	0.02110	0.01121	0.01284	0.00964	0.00790	0.02633	0.00198	0.00829	0.00434	0.00363	0.00935
28	0.01143	0.00905	0.01075	0.01042	0.01220	0.00916	0.00754	0.03435	0.08907	0.02046	0.06060	0.27382	0.14270	0.12721	0.03912	0.00348	0.04725	0.01328	0.00590	0.07221
29	0.65822	0.01309	0.01062	0.00941	0.01360	0.01489	0.00770	0.04029	0.01340	0.06052	0.01236	0.01392	0.00942	0.00695	0.00467	0.00214	0.00536	0.00438	0.09116	0.00791
30	0.01835	0.14254	0.08849	0.06711	0.42554	0.09630	0.01964	0.02237	0.01616	0.02123	0.01246	0.01591	0.01041	0.00649	0.00655	0.00201	0.00903	0.00564	0.00340	0.01036
31	0.09627	0.44658	0.13522	0.01385	0.03573	0.04292	0.01359	0.02044	0.01444	0.01952	0.01370	0.09303	0.01321	0.00808	0.00551	0.00188	0.00764	0.00593	0.00360	0.00886
32	0.06159	0.01778	0.17164	0.04932	0.02217	0.01273	0.01442	0.02990	0.06325	0.41639	0.02353	0.02387	0.01611	0.00869	0.00706	0.00228	0.00719	0.03420	0.00683	0.01106
33	0.02040	0.56987	0.06567	0.01378	0.01965	0.14640	0.01317	0.04659	0.01617	0.01816	0.01049	0.01204	0.00925	0.00643	0.00508	0.00163	0.00866	0.00410	0.00330	0.00916
34	0.01461	0.03485	0.64625	0.02146	0.07014	0.01660	0.02548	0.02309	0.04064	0.02287	0.01343	0.01562	0.00963	0.00685	0.00680	0.00225	0.01022	0.00543	0.00320	0.01060

[dist]
# distance from previous block
# <min> <max>
1	5

[block]
# block no. 8 follows, 29 sequences, length 52
# corresponding to MSA columns:
# 291-342
name=unknown_I
#
# <colnr> <probs for GDERKNQSTAVLIFYWHMCP>
#	G	D	E	R	K	N	Q	S	T	A	V	L	I	F	Y	W	H	M	C	P
0	0.06203	0.60450	0.03281	0.01258	0.01808	0.09234	0.01191	0.02151	0.01472	0.01764	0.01050	0.01246	0.00953	0.00881	0.04369	0.00213	0.00862	0.00409	0.00322	0.00882
1	0.00904	0.00718	0.00818	0.00885	0.01043	0.00654	0.00628	0.01158	0.05178	0.01932	0.05465	0.37775	0.36373	0.01955	0.00866	0.00263	0.00396	0.01705	0.00665	0.00619
2	0.01048	0.00743	0.00927	0.00872	0.01068	0.00670	0.00657	0.01349	0.01934	0.05006	0.54602	0.05542	0.19907	0.01509	0.00836	0.00227	0.00350	0.01313	0.00761	0.00676
3	0.02520	0.01889	0.02035	0.01563	0.02131	0.02045	0.01285	0.57313	0.06707	0.04166	0.01725	0.01735	0.01246	0.00824	0.00692	0.00203	0.00743	0.00626	0.00681	0.09871
4	0.80005	0.01377	0.01047	0.00936	0.01377	0.01597	0.00771	0.02093	0.01212	0.03195	0.00991	0.01157	0.00771	0.00661	0.00441	0.00220	0.00551	0.00386	0.00441	0.00771
5	0.00868	0.00620	0.00826	0.00991	0.01033	0.00578	0.00661	0.00991	0.01363	0.01818	0.03925	0.74510	0.04710	0.02231	0.00909	0.00289	0.00413	0.02024	0.00661	0.00578
6	0.01572	0.01550	0.02108	0.04390	0.02015	0.05706	0.05199	0.04456	0.01288	0.01854	0.01181	0.01792	0.01097	0.01840	0.13859	0.00435	0.47877	0.00651	0.00346	0.00786
7	0.01327	0.00664	0.00664	0.00664	0.00830	0.00664	0.00498	0.01659	0.01493	0.02655	0.02323	0.02655	0.01825	0.00830	0.00498	0.00166	0.00332	0.00664	0.78928	0.00664
8	0.01762	0.01692	0.02890	0.04371	0.70533	0.01692	0.02185	0.02185	0.01621	0.02326	0.01339	0.01762	0.01128	0.00634	0.00705	0.00211	0.00846	0.00634	0.00352	0.01128
9	0.00842	0.00721	0.00721	0.00721	0.00962	0.00601	0.00541	0.01022	0.01623	0.01924	0.07213	0.06853	0.70244	0.01803	0.00842	0.00240	0.00361	0.01503	0.00661	0.00601
10	0.01016	0.00752	0.00951	0.00908	0.01084	0.00703	0.00678	0.01392	0.04552	0.02725	0.58644	0.09257	0.11635	0.01509	0.00839	0.00230	0.00351	0.01328	0.00765	0.00678
11	0.01008	0.00728	0.00952	0.00896	0.01064	0.00672	0.00672	0.01344	0.02016	0.02855	0.70158	0.05319	0.06719	0.01456	0.00840	0.00224	0.00336	0.01288	0.00784	0.00672
12	0.01598	0.01760	0.03694	0.20269	0.04012	0.01747	0.51734	0.02167	0.01618	0.02167	0.01398	0.01915	0.01048	0.00628	0.00809	0.00239	0.01139	0.00789	0.00349	0.00919
13	0.01034	0.00697	0.00810	0.00810	0.00822	0.00708	0.00473	0.01057	0.01045	0.01405	0.02213	0.04491	0.02515	0.68658	0.09841	0.00732	0.00801	0.01011	0.00427	0.00450
14	0.01510	0.13140	0.58560	0.02049	0.06579	0.01811	0.02418	0.02235	0.01502	0.02182	0.01243	0.01469	0.00916	0.00665	0.00649	0.00215	0.01002	0.00513	0.00304	0.01038
15	0.01846	0.02018	0.08956	0.05561	0.53421	0.07512	0.02109	0.05808	0.01732	0.02376	0.01332	0.01700	0.01090	0.00660	0.00698	0.00211	0.00900	0.00610	0.00368	0.01092
16	0.01270	0.01131	0.01613	0.01468	0.01530	0.01484	0.01183	0.01468	0.01115	0.01670	0.01467	0.02295	0.01419	0.06280	0.36763	0.00737	0.35352	0.00709	0.00351	0.00694
17	0.07680	0.01983	0.02339	0.17459	0.22920	0.18636	0.05801	0.05808	0.01739	0.02257	0.03577	0.01751	0.01198	0.00733	0.00736	0.00216	0.03243	0.00608	0.00388	0.00926
18	0.01860	0.68743	0.10005	0.01294	0.01944	0.02709	0.01350	0.02144	0.01452	0.01729	0.01017	0.01176	0.00913	0.00615	0.00477	0.00159	0.00789	0.00394	0.00304	0.00927
19	0.01058	0.00688	0.00768	0.00768	0.00781	0.00688	0.00437	0.01083	0.01071	0.01478	0.02250	0.04506	0.02530	0.69282	0.03384	0.00650	0.00663	0.01007	0.06458	0.00449
20	0.01170	0.00861	0.01171	0.01113	0.01235	0.01009	0.00874	0.01439	0.01352	0.02076	0.12694	0.02971	0.02442	0.03077	0.33922	0.00650	0.12621	0.00802	0.17853	0.00670
21	0.02414	0.18180	0.04600	0.01857	0.06019	0.51602	0.01429	0.02641	0.01861	0.01778	0.01097	0.01289	0.00928	0.00701	0.00608	0.00180	0.01144	0.00455	0.00351	0.00868
22	0.03042	0.01246	0.01648	0.01286	0.01821	0.01124	0.01055	0.03504	0.09253	0.63722	0.02819	0.02449	0.01807	0.00890	0.00717	0.00223	0.00601	0.00726	0.00864	0.01203
23	0.00943	0.00674	0.00890	0.01036	0.01109	0.00642	0.00747	0.01105	0.01409	0.01857	0.03881	0.51349	0.06918	0.08032	0.01142	0.00328	0.00488	0.16225	0.00641	0.00585
