[name]
unknown

[dist]
# distance from previous block
# <min> <max>
0	1

[block]
# block no. 0 follows, 30 sequences, length 18
# corresponding to MSA columns:
# 1-18
name=unknown_A
#
# <colnr> <probs for GDERKNQSTAVLIFYWHMCP>
#	G	D	E	R	K	N	Q	S	T	A	V	L	I	F	Y	W	H	M	C	P
0	0.01124	0.00803	0.01124	0.01285	0.01446	0.00803	0.01124	0.01446	0.01606	0.02088	0.03695	0.07871	0.04016	0.01928	0.00964	0.00321	0.00643	0.66426	0.00643	0.00643
1	0.01608	0.00853	0.01138	0.01000	0.01272	0.00770	0.00784	0.01919	0.01966	0.22479	0.48384	0.04514	0.05082	0.01287	0.00794	0.00223	0.00419	0.03911	0.00790	0.00809
2	0.02653	0.01955	0.02094	0.01606	0.02164	0.02164	0.01326	0.68796	0.03281	0.04398	0.01675	0.01675	0.01187	0.00838	0.00698	0.00209	0.00768	0.00628	0.00698	0.01187
3	0.00899	0.00632	0.00815	0.00943	0.00980	0.00602	0.00624	0.01005	0.01281	0.01705	0.03486	0.56548	0.04141	0.17844	0.01463	0.00369	0.00475	0.05047	0.00599	0.00540
4	0.01318	0.01240	0.02093	0.73798	0.04806	0.01550	0.01938	0.01783	0.01395	0.01783	0.01240	0.01860	0.00930	0.00698	0.00698	0.00233	0.00930	0.00620	0.00310	0.00775
5	0.01015	0.00677	0.00761	0.00761	0.00761	0.00677	0.00423	0.01015	0.01015	0.01353	0.02199	0.04567	0.02537	0.75476	0.03552	0.00677	0.00677	0.01015	0.00423	0.00423
6	0.01447	0.01240	0.01447	0.01034	0.01654	0.00930	0.00827	0.01757	0.01447	0.02274	0.01240	0.01447	0.01034	0.00517	0.00517	0.00103	0.00517	0.00413	0.00413	0.79742
7	0.01071	0.00724	0.00820	0.00811	0.00837	0.00730	0.00476	0.03809	0.01131	0.01509	0.02295	0.09472	0.02629	0.67169	0.03244	0.00629	0.00661	0.01068	0.00450	0.00465
8	0.01642	0.01201	0.01358	0.01211	0.01485	0.01266	0.00917	0.30112	0.02187	0.02922	0.05930	0.31712	0.06216	0.07226	0.01008	0.00277	0.00576	0.01270	0.00657	0.00827
9	0.01142	0.00775	0.00864	0.00826	0.00870	0.00792	0.00493	0.06261	0.01190	0.01589	0.02158	0.04343	0.02432	0.69699	0.03331	0.00640	0.00684	0.00985	0.00444	0.00482
10	0.02373	0.01767	0.01912	0.01468	0.01995	0.01892	0.01195	0.54919	0.02872	0.03894	0.01654	0.01851	0.01262	0.06117	0.00877	0.00228	0.00728	0.00627	0.00640	0.11729
11	0.01611	0.01952	0.08497	0.05817	0.03360	0.05029	0.52432	0.02145	0.01590	0.02120	0.01438	0.02030	0.01147	0.06401	0.01008	0.00266	0.01120	0.00790	0.00353	0.00894
12	0.01511	0.01278	0.01481	0.01064	0.01681	0.00995	0.00853	0.05288	0.01544	0.02386	0.01263	0.01459	0.01042	0.00534	0.00526	0.00109	0.00530	0.00425	0.00428	0.75604
13	0.01815	0.01482	0.02212	0.07625	0.10558	0.01436	0.12088	0.08032	0.06387	0.09991	0.01572	0.01788	0.01196	0.00687	0.00743	0.00188	0.04556	0.00607	0.00476	0.26560
14	0.01646	0.01643	0.01981	0.18378	0.19252	0.12544	0.01478	0.02053	0.04151	0.02101	0.03627	0.04045	0.01340	0.00713	0.00646	0.00184	0.00794	0.00607	0.00395	0.22422
15	0.01504	0.01224	0.01645	0.03263	0.01840	0.01096	0.07507	0.01991	0.09135	0.07222	0.02281	0.10430	0.07010	0.00910	0.00709	0.00180	0.02914	0.00788	0.00512	0.37838
16	0.01672	0.01635	0.01961	0.06202	0.09633	0.10554	0.07788	0.02222	0.10114	0.02257	0.01475	0.01701	0.01180	0.00635	0.00615	0.00164	0.00736	0.00548	0.02798	0.36111
17	0.07195	0.01497	0.01566	0.05017	0.01824	0.06685	0.01044	0.18283	0.05669	0.02769	0.04210	0.03792	0.01528	0.04606	0.00878	0.00214	0.05685	0.00633	0.07185	0.19721

[dist]
# distance from previous block
# <min> <max>
19	38

[block]
# block no. 1 follows, 30 sequences, length 6
# corresponding to MSA columns:
# 63-68
name=unknown_B
#
# <colnr> <probs for GDERKNQSTAVLIFYWHMCP>
#	G	D	E	R	K	N	Q	S	T	A	V	L	I	F	Y	W	H	M	C	P
0	0.02035	0.01150	0.01639	0.04249	0.01811	0.01137	0.06184	0.08417	0.01919	0.27993	0.19012	0.02951	0.02754	0.01330	0.06475	0.00291	0.04053	0.00835	0.04835	0.00930
1	0.02018	0.01523	0.01557	0.01496	0.06969	0.12955	0.01069	0.10355	0.07340	0.17986	0.10125	0.11268	0.10069	0.01139	0.00738	0.00221	0.00662	0.00946	0.00649	0.00917
2	0.01974	0.01515	0.01689	0.01389	0.01763	0.01696	0.01112	0.36449	0.10880	0.03296	0.06619	0.02685	0.07128	0.07138	0.05440	0.00315	0.06526	0.00790	0.00628	0.00969
3	0.01978	0.02018	0.02569	0.10141	0.05271	0.17947	0.20665	0.06802	0.12917	0.05741	0.01600	0.01839	0.01217	0.00758	0.00817	0.00223	0.05432	0.00671	0.00452	0.00942
4	0.02462	0.18336	0.02363	0.01621	0.02082	0.39980	0.01310	0.19394	0.02190	0.02377	0.01207	0.01335	0.00971	0.00723	0.00608	0.00181	0.01026	0.00479	0.00433	0.00923
5	0.01677	0.01728	0.07605	0.06906	0.07797	0.04441	0.09692	0.09208	0.05292	0.02446	0.01381	0.01635	0.01088	0.00649	0.00691	0.00175	0.03414	0.00555	0.00424	0.33195

[dist]
# distance from previous block
# <min> <max>
0	6

[block]
# block no. 2 follows, 30 sequences, length 6
# corresponding to MSA columns:
# 75-80
name=unknown_C
#
# <colnr> <probs for GDERKNQSTAVLIFYWHMCP>
#	G	D	E	R	K	N	Q	S	T	A	V	L	I	F	Y	W	H	M	C	P
0	0.02224	0.02363	0.01768	0.01569	0.01855	0.39971	0.01190	0.13037	0.01885	0.02032	0.01194	0.01539	0.01017	0.01158	0.01230	0.18077	0.06213	0.00525	0.00398	0.00753
1	0.02573	0.01146	0.01494	0.01202	0.01657	0.01056	0.00972	0.03078	0.10984	0.50520	0.14610	0.02900	0.02627	0.00973	0.00724	0.00219	0.00542	0.00811	0.00827	0.01084
2	0.01199	0.00820	0.01083	0.04606	0.03995	0.00802	0.00830	0.04557	0.01518	0.06905	0.05634	0.38087	0.09638	0.10200	0.01154	0.00312	0.00521	0.06858	0.00615	0.00666
3	0.02396	0.12531	0.07154	0.01795	0.05327	0.36944	0.01444	0.19709	0.02188	0.02457	0.01242	0.01384	0.00981	0.00725	0.00628	0.00188	0.01028	0.00498	0.00434	0.00947
4	0.01553	0.01099	0.01229	0.01101	0.01313	0.01161	0.00796	0.24458	0.01903	0.02578	0.02444	0.21516	0.02565	0.27134	0.01729	0.00388	0.00621	0.01111	0.04565	0.00735
5	0.01048	0.00892	0.01317	0.01252	0.01359	0.00951	0.06850	0.01211	0.01314	0.01777	0.03282	0.43761	0.09488	0.08171	0.01345	0.00312	0.12985	0.01518	0.00544	0.00623

[dist]
# distance from previous block
# <min> <max>
0	9

[block]
# block no. 3 follows, 30 sequences, length 15
# corresponding to MSA columns:
# 90-104
name=unknown_D
#
# <colnr> <probs for GDERKNQSTAVLIFYWHMCP>
#	G	D	E	R	K	N	Q	S	T	A	V	L	I	F	Y	W	H	M	C	P
0	0.03922	0.09944	0.02237	0.14385	0.02603	0.36927	0.05938	0.08211	0.01867	0.02062	0.01228	0.01492	0.00981	0.00707	0.00631	0.00192	0.01038	0.00521	0.04270	0.00845
1	0.07057	0.01697	0.01969	0.07708	0.05544	0.06362	0.01390	0.26084	0.02007	0.02802	0.01495	0.01804	0.03215	0.01184	0.05215	0.00290	0.22149	0.00627	0.00476	0.00924
2	0.02494	0.01923	0.01940	0.01531	0.02029	0.08135	0.01236	0.51510	0.05873	0.06617	0.01743	0.01891	0.01310	0.05664	0.00874	0.00236	0.00782	0.00643	0.00651	0.02919
3	0.02132	0.05826	0.01808	0.01394	0.01819	0.06263	0.01116	0.37697	0.02464	0.06641	0.02151	0.19330	0.01997	0.01126	0.00717	0.00217	0.00689	0.00922	0.00635	0.05056
4	0.01369	0.01145	0.01375	0.01100	0.01540	0.00985	0.00856	0.04690	0.01481	0.02218	0.01846	0.18622	0.01868	0.00969	0.00733	0.00164	0.05499	0.00803	0.00474	0.52263
5	0.01056	0.00808	0.00993	0.00968	0.01177	0.00702	0.00696	0.01230	0.01354	0.01878	0.03072	0.34833	0.07040	0.13050	0.01207	0.00297	0.00495	0.07128	0.00551	0.21465
6	0.01192	0.00606	0.00903	0.00913	0.00915	0.00604	0.00608	0.00913	0.00933	0.01244	0.01361	0.06232	0.01404	0.02411	0.02624	0.75219	0.00595	0.00684	0.00322	0.00318
7	0.62393	0.01312	0.01164	0.00993	0.01450	0.01440	0.00819	0.02366	0.01376	0.19092	0.01387	0.01423	0.00982	0.00698	0.00495	0.00216	0.00552	0.00453	0.00533	0.00856
8	0.02537	0.01843	0.01971	0.01524	0.02049	0.02035	0.01255	0.63058	0.03126	0.04244	0.01727	0.01755	0.01238	0.00836	0.00680	0.00205	0.00730	0.00630	0.07417	0.01141
9	0.00870	0.00644	0.00814	0.00908	0.01005	0.00587	0.00629	0.01039	0.01496	0.01982	0.16432	0.50467	0.16617	0.01976	0.00867	0.00264	0.00382	0.01764	0.00669	0.00587
10	0.02564	0.01858	0.02006	0.01564	0.02101	0.02052	0.01283	0.57332	0.11485	0.07687	0.01876	0.01827	0.01332	0.00853	0.00700	0.00213	0.00732	0.00652	0.00708	0.01177
11	0.00860	0.00616	0.00802	0.00946	0.00992	0.00575	0.00627	0.00976	0.01325	0.01757	0.03872	0.67319	0.07310	0.07138	0.01068	0.00308	0.00421	0.01896	0.00633	0.00558
12	0.02917	0.01371	0.01651	0.01300	0.01811	0.05279	0.01060	0.07873	0.06484	0.56531	0.04478	0.02356	0.01803	0.00875	0.00701	0.00215	0.00634	0.00703	0.00810	0.01146
13	0.01987	0.50905	0.11169	0.01322	0.01940	0.03941	0.01334	0.05203	0.01580	0.10324	0.01284	0.01396	0.01037	0.00808	0.02967	0.00202	0.00812	0.00455	0.00388	0.00948
14	0.10110	0.07414	0.05259	0.01683	0.05436	0.27391	0.01325	0.16904	0.07155	0.08671	0.01486	0.01557	0.01120	0.00751	0.00629	0.00198	0.00905	0.00534	0.00502	0.00971

[dist]
# distance from previous block
# <min> <max>
0	4

[block]
# block no. 4 follows, 30 sequences, length 58
# corresponding to MSA columns:
# 109-166
name=unknown_E
#
# <colnr> <probs for GDERKNQSTAVLIFYWHMCP>
#	G	D	E	R	K	N	Q	S	T	A	V	L	I	F	Y	W	H	M	C	P
0	0.01944	0.04647	0.01744	0.01269	0.01810	0.01486	0.01035	0.24670	0.08528	0.06234	0.06505	0.01927	0.01606	0.00749	0.00623	0.00167	0.00605	0.00593	0.00578	0.33282
1	0.00969	0.00708	0.00910	0.00868	0.01033	0.00649	0.00648	0.01278	0.01918	0.02684	0.62933	0.08193	0.11629	0.01485	0.00826	0.00223	0.00334	0.01308	0.00754	0.00649
2	0.01275	0.00997	0.01170	0.01075	0.01320	0.01041	0.00820	0.04642	0.22670	0.02859	0.44916	0.06880	0.04946	0.01286	0.00786	0.00227	0.00417	0.01120	0.00743	0.00811
3	0.01464	0.13555	0.62477	0.01880	0.02851	0.01778	0.02388	0.02193	0.01466	0.02132	0.01213	0.01425	0.00886	0.00654	0.00633	0.00211	0.00992	0.00496	0.00295	0.01013
4	0.02260	0.01711	0.01879	0.01433	0.01988	0.01780	0.01174	0.48055	0.02699	0.03712	0.01570	0.01664	0.01172	0.00954	0.03944	0.00223	0.00752	0.00577	0.00608	0.21844
5	0.01617	0.01546	0.02634	0.22929	0.53335	0.01629	0.02087	0.02045	0.01537	0.02147	0.01293	0.01763	0.01058	0.00642	0.00693	0.00214	0.00856	0.00621	0.00336	0.01017
6	0.01920	0.01622	0.01654	0.01452	0.01867	0.05004	0.01137	0.10715	0.57354	0.05232	0.02631	0.02434	0.01959	0.00922	0.00705	0.00230	0.00609	0.00753	0.00698	0.01103
7	0.80405	0.01350	0.01026	0.00918	0.01350	0.01565	0.00756	0.02051	0.01188	0.03131	0.00972	0.01134	0.00756	0.00648	0.00432	0.00216	0.00540	0.00378	0.00432	0.00756
8	0.01424	0.00962	0.01158	0.01082	0.01304	0.00974	0.00835	0.08799	0.07880	0.07800	0.20170	0.04856	0.06750	0.17829	0.01425	0.00343	0.00559	0.14460	0.00655	0.00737
9	0.02567	0.01829	0.01991	0.01537	0.02077	0.01987	0.01263	0.59666	0.03059	0.08328	0.01809	0.04546	0.01347	0.00879	0.00699	0.00209	0.00734	0.00677	0.00696	0.04101
10	0.01015	0.00677	0.00761	0.00761	0.00761	0.00677	0.00423	0.01015	0.01015	0.01353	0.02199	0.04567	0.02537	0.75476	0.03552	0.00677	0.00677	0.01015	0.00423	0.00423
11	0.01447	0.01240	0.01447	0.01034	0.01654	0.00930	0.00827	0.01757	0.01447	0.02274	0.01240	0.01447	0.01034	0.00517	0.00517	0.00103	0.00517	0.00413	0.00413	0.79742
12	0.02793	0.01730	0.01955	0.01499	0.02052	0.01830	0.01238	0.49619	0.02905	0.24107	0.01991	0.01881	0.01345	0.00845	0.00699	0.00211	0.00717	0.00650	0.00747	0.01187
13	0.01139	0.00873	0.01018	0.00939	0.01169	0.00847	0.00715	0.07105	0.07145	0.02674	0.41150	0.07305	0.22354	0.01452	0.00806	0.00226	0.00392	0.01250	0.00723	0.00716
14	0.00858	0.00639	0.00800	0.00906	0.01000	0.00581	0.00624	0.01012	0.01454	0.01905	0.11175	0.53449	0.19011	0.02021	0.00870	0.00267	0.00386	0.01803	0.00660	0.00581
15	0.30845	0.04440	0.07069	0.02053	0.20660	0.06564	0.01380	0.04347	0.01536	0.10314	0.01346	0.01542	0.01033	0.00837	0.03124	0.00241	0.00773	0.00517	0.00443	0.00938
16	0.09347	0.43759	0.11805	0.01327	0.01947	0.04864	0.01329	0.07013	0.01618	0.09478	0.01250	0.01344	0.00990	0.00660	0.00525	0.00177	0.00768	0.00448	0.00401	0.00948
17	0.02508	0.01883	0.02013	0.01576	0.02109	0.02097	0.01291	0.58535	0.13778	0.04165	0.01859	0.01822	0.01335	0.00855	0.00700	0.00214	0.00734	0.00654	0.00700	0.01174
18	0.01447	0.01489	0.02888	0.28991	0.06499	0.01572	0.31177	0.01922	0.01506	0.02011	0.01589	0.07283	0.01378	0.00820	0.00836	0.00243	0.03714	0.03428	0.00367	0.00841
19	0.03885	0.01410	0.02444	0.41522	0.18308	0.01575	0.11489	0.01968	0.03787	0.02033	0.01421	0.04507	0.01156	0.00727	0.00714	0.00229	0.00900	0.00698	0.00353	0.00872
20	0.00850	0.00607	0.00810	0.00972	0.01012	0.00567	0.00648	0.00972	0.01336	0.01781	0.03846	0.75020	0.04615	0.02186	0.00891	0.00283	0.00405	0.01984	0.00648	0.00567
21	0.00906	0.00616	0.00797	0.00932	0.00991	0.00580	0.00630	0.01059	0.01376	0.01915	0.06412	0.64061	0.04380	0.02002	0.00843	0.00267	0.00393	0.01805	0.09454	0.00580
22	0.80405	0.01350	0.01026	0.00918	0.01350	0.01565	0.00756	0.02051	0.01188	0.03131	0.00972	0.01134	0.00756	0.00648	0.00432	0.00216	0.00540	0.00378	0.00432	0.00756
23	0.00916	0.00740	0.00819	0.00794	0.01011	0.00657	0.00597	0.01215	0.04364	0.02241	0.28956	0.06036	0.45935	0.01618	0.00820	0.00230	0.00353	0.01373	0.00692	0.00633
24	0.80405	0.01350	0.01026	0.00918	0.01350	0.01565	0.00756	0.02051	0.01188	0.03131	0.00972	0.01134	0.00756	0.00648	0.00432	0.00216	0.00540	0.00378	0.00432	0.00756
25	0.00850	0.00607	0.00810	0.00972	0.01012	0.00567	0.00648	0.00972	0.01336	0.01781	0.03846	0.75020	0.04615	0.02186	0.00891	0.00283	0.00405	0.01984	0.00648	0.00567
26	0.01318	0.01240	0.02093	0.73798	0.04806	0.01550	0.01938	0.01783	0.01395	0.01783	0.01240	0.01860	0.00930	0.00698	0.00698	0.00233	0.00930	0.00620	0.00310	0.00775
27	0.01591	0.01519	0.02586	0.27423	0.49048	0.01622	0.02074	0.02022	0.01525	0.02114	0.01289	0.01772	0.01047	0.00647	0.00693	0.00216	0.00863	0.00621	0.00334	0.00995
28	0.01727	0.01658	0.02832	0.04283	0.71123	0.01658	0.02142	0.02142	0.01589	0.02280	0.01313	0.01727	0.01105	0.00622	0.00691	0.00207	0.00829	0.00622	0.00345	0.01105
29	0.02583	0.01607	0.01863	0.06495	0.02149	0.01711	0.01228	0.42043	0.02679	0.21602	0.01971	0.01940	0.01355	0.00833	0.00683	0.00209	0.00701	0.00649	0.06582	0.01118
30	0.00916	0.00698	0.00841	0.00831	0.01005	0.00624	0.00613	0.01168	0.01767	0.02364	0.40962	0.14165	0.28243	0.01635	0.00832	0.00233	0.00347	0.01421	0.00713	0.00624
31	0.00917	0.00639	0.00807	0.00914	0.00946	0.00614	0.00592	0.01006	0.01239	0.01650	0.03285	0.48447	0.03890	0.26842	0.01789	0.00417	0.00506	0.04403	0.00572	0.00522
32	0.80405	0.01350	0.01026	0.00918	0.01350	0.01565	0.00756	0.02051	0.01188	0.03131	0.00972	0.01134	0.00756	0.00648	0.00432	0.00216	0.00540	0.00378	0.00432	0.00756
33	0.00850	0.00607	0.00810	0.00972	0.01012	0.00567	0.00648	0.00972	0.01336	0.01781	0.03846	0.75020	0.04615	0.02186	0.00891	0.00283	0.00405	0.01984	0.00648	0.00567
34	0.01727	0.01658	0.02832	0.04283	0.71123	0.01658	0.02142	0.02142	0.01589	0.02280	0.01313	0.01727	0.01105	0.00622	0.00691	0.00207	0.00829	0.00622	0.00345	0.01105
35	0.02568	0.03200	0.01988	0.01791	0.02145	0.67032	0.01354	0.05557	0.01999	0.01821	0.01098	0.01286	0.00912	0.00743	0.00694	0.00186	0.03966	0.00463	0.00372	0.00823
36	0.00825	0.00707	0.00707	0.00707	0.00943	0.00589	0.00530	0.01001	0.01591	0.01885	0.07069	0.06716	0.70839	0.01767	0.00825	0.00236	0.00353	0.01473	0.00648	0.00589
37	0.01946	0.68038	0.03475	0.01259	0.01831	0.10331	0.01211	0.02165	0.01479	0.01649	0.00982	0.01134	0.00896	0.00610	0.00467	0.00153	0.00802	0.00381	0.00305	0.00886
38	0.00982	0.00713	0.00925	0.00872	0.01039	0.00656	0.00654	0.01305	0.01961	0.02765	0.68433	0.05267	0.08927	0.01439	0.00823	0.00220	0.00330	0.01270	0.00764	0.00656
39	0.00997	0.00748	0.01121	0.01121	0.01246	0.00872	0.00872	0.01246	0.01121	0.01620	0.01869	0.02741	0.01745	0.05234	0.72710	0.01121	0.01869	0.00748	0.00374	0.00623
40	0.03066	0.01278	0.04249	0.01270	0.01828	0.01048	0.01084	0.03356	0.01978	0.69008	0.02697	0.02341	0.01696	0.00856	0.00700	0.00216	0.00610	0.00695	0.00842	0.01182
41	0.01012	0.00687	0.00814	0.00814	0.00833	0.00705	0.00489	0.01049	0.01031	0.01392	0.02150	0.04297	0.02420	0.65113	0.13755	0.00742	0.00852	0.00975	0.00416	0.00452
42	0.80405	0.01350	0.01026	0.00918	0.01350	0.01565	0.00756	0.02051	0.01188	0.03131	0.00972	0.01134	0.00756	0.00648	0.00432	0.00216	0.00540	0.00378	0.00432	0.00756
43	0.00982	0.00716	0.00925	0.00882	0.01052	0.00659	0.00668	0.01300	0.01934	0.02706	0.63623	0.05424	0.10982	0.01470	0.00829	0.00225	0.00343	0.03873	0.00755	0.00653
44	0.00997	0.00748	0.01121	0.01121	0.01246	0.00872	0.00872	0.01246	0.01121	0.01620	0.01869	0.02741	0.01745	0.05234	0.72710	0.01121	0.01869	0.00748	0.00374	0.00623
45	0.03131	0.01188	0.01619	0.01242	0.01781	0.01026	0.01026	0.03401	0.01997	0.71606	0.02753	0.02375	0.01727	0.00864	0.00702	0.00216	0.00594	0.00702	0.00864	0.01188
46	0.01918	0.70747	0.03538	0.01237	0.01817	0.07722	0.01205	0.02139	0.01458	0.01646	0.00978	0.01129	0.00896	0.00606	0.00461	0.00151	0.00783	0.00379	0.00303	0.00889
47	0.07380	0.40306	0.10934	0.01239	0.01773	0.06419	0.01227	0.02112	0.01464	0.04842	0.01292	0.01472	0.01063	0.00679	0.00550	0.00174	0.02707	0.00460	0.13042	0.00866
48	0.11653	0.34036	0.05223	0.04228	0.09088	0.05356	0.01309	0.08668	0.01657	0.04200	0.05416	0.01583	0.01301	0.00718	0.00606	0.00187	0.02936	0.00513	0.00407	0.00915
49	0.05419	0.64929	0.08217	0.01297	0.01920	0.02593	0.03648	0.02101	0.01419	0.01770	0.01005	0.01171	0.00894	0.00604	0.00475	0.00160	0.00772	0.00399	0.00306	0.00900
50	0.00932	0.00699	0.00863	0.00848	0.01015	0.00631	0.00626	0.01199	0.01805	0.02454	0.47206	0.14054	0.21906	0.01601	0.00832	0.00231	0.00344	0.01401	0.00724	0.00631
51	0.01741	0.01697	0.02777	0.06775	0.66414	0.03975	0.02108	0.02149	0.01594	0.02243	0.01302	0.01717	0.01092	0.00628	0.00689	0.00207	0.00847	0.00616	0.00345	0.01083
52	0.01659	0.01864	0.10427	0.13733	0.49313	0.03828	0.02099	0.02176	0.04102	0.02207	0.01345	0.01736	0.01087	0.00652	0.00687	0.00213	0.00869	0.00611	0.00349	0.01041
53	0.01201	0.00870	0.00991	0.00988	0.01116	0.03086	0.00712	0.06403	0.01507	0.02136	0.07311	0.27565	0.04919	0.11547	0.07921	0.00376	0.03357	0.01213	0.16144	0.00639
54	0.00866	0.00624	0.00821	0.00950	0.01013	0.00579	0.00644	0.01015	0.01423	0.01908	0.12064	0.63859	0.07492	0.02078	0.00880	0.00274	0.00394	0.01876	0.00662	0.00579
55	0.23924	0.01604	0.01747	0.01511	0.06287	0.01721	0.01158	0.32107	0.02322	0.18497	0.01694	0.01683	0.01181	0.00778	0.00626	0.00212	0.00672	0.00575	0.00639	0.01064
56	0.01454	0.07575	0.59018	0.02025	0.02962	0.01720	0.08566	0.02185	0.01471	0.02159	0.01238	0.01493	0.00902	0.00673	0.00726	0.00221	0.03765	0.00539	0.00301	0.01005
57	0.01727	0.01658	0.02832	0.04283	0.71123	0.01658	0.02142	0.02142	0.01589	0.02280	0.01313	0.01727	0.01105	0.00622	0.00691	0.00207	0.00829	0.00622	0.00345	0.01105

[dist]
# distance from previous block
# <min> <max>
2	13

[block]
# block no. 5 follows, 30 sequences, length 45
# corresponding to MSA columns:
# 180-224
name=unknown_F
#
# <colnr> <probs for GDERKNQSTAVLIFYWHMCP>
#	G	D	E	R	K	N	Q	S	T	A	V	L	I	F	Y	W	H	M	C	P
0	0.09900	0.16902	0.33732	0.01705	0.05381	0.04710	0.01803	0.04438	0.01587	0.11696	0.01382	0.01502	0.01008	0.00682	0.00604	0.00203	0.00859	0.00505	0.00404	0.00997
1	0.00967	0.00663	0.00805	0.00851	0.00900	0.00651	0.00546	0.01064	0.01224	0.01672	0.07059	0.26155	0.06154	0.36889	0.07219	0.00517	0.00627	0.01311	0.04214	0.00513
2	0.01905	0.04358	0.01901	0.13004	0.08069	0.17965	0.01381	0.14889	0.09316	0.02466	0.02199	0.02838	0.06797	0.00979	0.00717	0.00223	0.00841	0.08748	0.00507	0.00898
3	0.04326	0.32604	0.21346	0.01783	0.06703	0.15716	0.04424	0.02263	0.01553	0.01918	0.01106	0.01311	0.00909	0.00641	0.00570	0.00184	0.00937	0.00460	0.00319	0.00926
4	0.01748	0.56573	0.07885	0.01335	0.01851	0.02507	0.01318	0.02004	0.01388	0.01730	0.03642	0.01363	0.01115	0.00731	0.00764	0.00181	0.12219	0.00454	0.00317	0.00875
5	0.00860	0.00616	0.00824	0.00973	0.01021	0.00580	0.00656	0.00992	0.01351	0.01811	0.06051	0.70253	0.04587	0.02262	0.03272	0.00309	0.00451	0.01918	0.00643	0.00572
6	0.01061	0.00763	0.01048	0.01201	0.01343	0.00750	0.01010	0.01339	0.01556	0.02023	0.03880	0.20045	0.07253	0.01967	0.00944	0.00310	0.00586	0.51650	0.00644	0.00626
7	0.01436	0.09258	0.66531	0.01927	0.02924	0.01710	0.02470	0.02201	0.01469	0.02166	0.01230	0.01446	0.00885	0.00658	0.00646	0.00215	0.01009	0.00505	0.00295	0.01021
8	0.09832	0.02056	0.01762	0.01470	0.01934	0.24702	0.01165	0.14544	0.06958	0.25912	0.01862	0.01791	0.01302	0.00798	0.00653	0.00204	0.00833	0.00583	0.00620	0.01019
9	0.01893	0.73210	0.03595	0.01216	0.01805	0.05348	0.01200	0.02115	0.01439	0.01644	0.00974	0.01125	0.00896	0.00602	0.00454	0.00150	0.00765	0.00376	0.00301	0.00892
10	0.00855	0.00708	0.00750	0.00739	0.00961	0.00602	0.00554	0.01061	0.01663	0.02057	0.19082	0.06432	0.58719	0.01703	0.00824	0.00233	0.00349	0.01433	0.00671	0.00602
11	0.07289	0.04876	0.01831	0.16571	0.13817	0.04680	0.01324	0.11892	0.01730	0.02559	0.01525	0.01857	0.01199	0.00739	0.00658	0.00198	0.03148	0.00586	0.20052	0.03469
12	0.01119	0.00825	0.01093	0.01199	0.01375	0.00825	0.01013	0.01533	0.06163	0.02195	0.11227	0.10166	0.08393	0.01809	0.00920	0.00297	0.00573	0.47945	0.00661	0.00668
13	0.01736	0.01499	0.01578	0.01420	0.01815	0.01736	0.01105	0.03708	0.69862	0.02919	0.02840	0.02604	0.02130	0.00947	0.00710	0.00237	0.00552	0.00789	0.00710	0.01105
14	0.00955	0.00712	0.00888	0.00844	0.01023	0.00645	0.00633	0.01254	0.01898	0.02616	0.58036	0.05513	0.19416	0.01495	0.00823	0.00223	0.00334	0.01304	0.00744	0.00645
15	0.01318	0.01240	0.02093	0.73798	0.04806	0.01550	0.01938	0.01783	0.01395	0.01783	0.01240	0.01860	0.00930	0.00698	0.00698	0.00233	0.00930	0.00620	0.00310	0.00775
16	0.00850	0.00607	0.00810	0.00972	0.01012	0.00567	0.00648	0.00972	0.01336	0.01781	0.03846	0.75020	0.04615	0.02186	0.00891	0.00283	0.00405	0.01984	0.00648	0.00567
17	0.01647	0.01882	0.04118	0.02941	0.03647	0.01765	0.68588	0.02235	0.01647	0.02235	0.01412	0.01882	0.01059	0.00588	0.00824	0.00235	0.01176	0.00824	0.00353	0.00941
18	0.00825	0.00707	0.00707	0.00707	0.00943	0.00589	0.00530	0.01001	0.01591	0.01885	0.07069	0.06716	0.70839	0.01767	0.00825	0.00236	0.00353	0.01473	0.00648	0.00589
19	0.00980	0.00713	0.00923	0.00870	0.01038	0.00655	0.00653	0.01303	0.01958	0.02758	0.67948	0.05279	0.09416	0.01442	0.00823	0.00220	0.00330	0.01271	0.00763	0.00655
20	0.00998	0.00744	0.01105	0.01105	0.01225	0.00864	0.00852	0.01236	0.01117	0.01608	0.01884	0.02823	0.01780	0.08362	0.69630	0.01102	0.01816	0.00760	0.00376	0.00614
21	0.50569	0.01642	0.01431	0.01190	0.01662	0.04902	0.00976	0.24753	0.01933	0.03499	0.01215	0.01323	0.00908	0.00715	0.00531	0.00212	0.00649	0.00466	0.00519	0.00904
22	0.01559	0.01487	0.02529	0.32780	0.43937	0.01614	0.02058	0.01995	0.01510	0.02076	0.01283	0.01782	0.01034	0.00653	0.00694	0.00218	0.00871	0.00621	0.00331	0.00970
23	0.00850	0.00607	0.00810	0.00972	0.01012	0.00567	0.00648	0.00972	0.01336	0.01781	0.03846	0.75020	0.04615	0.02186	0.00891	0.00283	0.00405	0.01984	0.00648	0.00567
24	0.02618	0.02063	0.02067	0.01617	0.02152	0.08505	0.01321	0.60710	0.05349	0.04107	0.01660	0.01668	0.01192	0.00831	0.00692	0.00208	0.00805	0.00617	0.00668	0.01150
25	0.00832	0.00707	0.00717	0.00715	0.00947	0.00592	0.00536	0.01016	0.01608	0.01926	0.09922	0.06648	0.67961	0.01752	0.00825	0.00235	0.00352	0.01463	0.00653	0.00592
26	0.09377	0.01519	0.02059	0.49556	0.11577	0.08330	0.01768	0.04145	0.01514	0.02051	0.01221	0.01710	0.00938	0.00691	0.00664	0.00222	0.00906	0.00580	0.00344	0.00827
27	0.02653	0.01955	0.02094	0.01606	0.02164	0.02164	0.01326	0.68796	0.03281	0.04398	0.01675	0.01675	0.01187	0.00838	0.00698	0.00209	0.00768	0.00628	0.00698	0.01187
28	0.00980	0.00713	0.00922	0.00870	0.01038	0.00655	0.00652	0.01301	0.01957	0.02754	0.67650	0.05286	0.09717	0.01443	0.00823	0.00220	0.00330	0.01272	0.00762	0.00655
29	0.01318	0.01240	0.02093	0.73798	0.04806	0.01550	0.01938	0.01783	0.01395	0.01783	0.01240	0.01860	0.00930	0.00698	0.00698	0.00233	0.00930	0.00620	0.00310	0.00775
30	0.02642	0.02263	0.02068	0.01649	0.02163	0.18027	0.01331	0.53945	0.02988	0.03793	0.01541	0.01582	0.01122	0.00811	0.00683	0.00203	0.00878	0.00588	0.00622	0.01102
31	0.03131	0.01188	0.01619	0.01242	0.01781	0.01026	0.01026	0.03401	0.01997	0.71606	0.02753	0.02375	0.01727	0.00864	0.00702	0.00216	0.00594	0.00702	0.00864	0.01188
32	0.01014	0.00680	0.00779	0.00779	0.00785	0.00686	0.00445	0.01026	0.01020	0.01366	0.02183	0.04478	0.02498	0.72051	0.06923	0.00698	0.00735	0.01002	0.00420	0.00433
33	0.01452	0.03262	0.58558	0.02235	0.06148	0.01644	0.12525	0.02211	0.01505	0.02217	0.01279	0.01546	0.00920	0.00650	0.00688	0.00223	0.01044	0.00567	0.00306	0.01021
34	0.01483	0.14676	0.58171	0.01911	0.02860	0.01803	0.05455	0.02193	0.01473	0.02124	0.01216	0.01438	0.00894	0.00649	0.00637	0.00211	0.00994	0.00508	0.00298	0.01006
35	0.02653	0.01955	0.02094	0.01606	0.02164	0.02164	0.01326	0.68796	0.03281	0.04398	0.01675	0.01675	0.01187	0.00838	0.00698	0.00209	0.00768	0.00628	0.00698	0.01187
36	0.00988	0.00713	0.00933	0.00878	0.01043	0.00658	0.00658	0.01317	0.01975	0.02798	0.70754	0.05213	0.06584	0.01427	0.00823	0.00219	0.00329	0.01262	0.00768	0.00658
37	0.80405	0.01350	0.01026	0.00918	0.01350	0.01565	0.00756	0.02051	0.01188	0.03131	0.00972	0.01134	0.00756	0.00648	0.00432	0.00216	0.00540	0.00378	0.00432	0.00756
38	0.02490	0.04509	0.02069	0.01698	0.04398	0.21361	0.01321	0.41792	0.05295	0.03369	0.01701	0.01748	0.03428	0.00826	0.00676	0.00201	0.00881	0.00605	0.00580	0.01049
39	0.01318	0.01240	0.02093	0.73798	0.04806	0.01550	0.01938	0.01783	0.01395	0.01783	0.01240	0.01860	0.00930	0.00698	0.00698	0.00233	0.00930	0.00620	0.00310	0.00775
40	0.00850	0.00607	0.00810	0.00972	0.01012	0.00567	0.00648	0.00972	0.01336	0.01781	0.03846	0.75020	0.04615	0.02186	0.00891	0.00283	0.00405	0.01984	0.00648	0.00567
41	0.01685	0.01845	0.03233	0.07571	0.15475	0.07900	0.36366	0.02133	0.01571	0.02088	0.01366	0.03905	0.01132	0.00735	0.00951	0.00235	0.09791	0.00750	0.00352	0.00916
42	0.01727	0.01658	0.02832	0.04283	0.71123	0.01658	0.02142	0.02142	0.01589	0.02280	0.01313	0.01727	0.01105	0.00622	0.00691	0.00207	0.00829	0.00622	0.00345	0.01105
43	0.01002	0.00680	0.00785	0.00790	0.00807	0.00683	0.00463	0.01028	0.01051	0.01401	0.02388	0.06651	0.04813	0.66152	0.07968	0.00680	0.00737	0.01042	0.00434	0.00446
44	0.71797	0.01392	0.01129	0.00982	0.01428	0.01596	0.00809	0.07380	0.01379	0.05403	0.01084	0.01216	0.00821	0.00670	0.00461	0.00215	0.00560	0.00408	0.00467	0.00804

[dist]
# distance from previous block
# <min> <max>
0	1

[block]
# block no. 6 follows, 30 sequences, length 84
# corresponding to MSA columns:
# 226-309
name=unknown_G
#
# <colnr> <probs for GDERKNQSTAVLIFYWHMCP>
#	G	D	E	R	K	N	Q	S	T	A	V	L	I	F	Y	W	H	M	C	P
0	0.77348	0.01345	0.01042	0.00922	0.01361	0.01541	0.00758	0.02040	0.01198	0.03098	0.00982	0.01146	0.00766	0.00643	0.00435	0.00212	0.00539	0.00379	0.00431	0.03814
1	0.01986	0.01579	0.04395	0.01380	0.01841	0.01583	0.01145	0.38912	0.02419	0.03328	0.01914	0.11182	0.01670	0.01437	0.08532	0.00302	0.00804	0.00781	0.02746	0.12064
2	0.01866	0.75896	0.03657	0.01194	0.01791	0.02761	0.01194	0.02090	0.01418	0.01642	0.00970	0.01119	0.00896	0.00597	0.00448	0.00149	0.00746	0.00373	0.00299	0.00896
3	0.02607	0.03326	0.01978	0.01798	0.02157	0.72674	0.01348	0.02787	0.01978	0.01708	0.01079	0.01258	0.00899	0.00719	0.00629	0.00180	0.01258	0.00449	0.00360	0.00809
4	0.01749	0.16069	0.03068	0.03605	0.53697	0.01878	0.05877	0.02137	0.01559	0.02153	0.01252	0.01618	0.01062	0.00615	0.00652	0.00198	0.00833	0.00585	0.00337	0.01055
5	0.04687	0.06565	0.63307	0.01948	0.02923	0.01673	0.05065	0.02199	0.01466	0.02224	0.01235	0.01460	0.00886	0.00657	0.00651	0.00218	0.01005	0.00516	0.00303	0.01011
6	0.00850	0.00607	0.00810	0.00972	0.01012	0.00567	0.00648	0.00972	0.01336	0.01781	0.03846	0.75020	0.04615	0.02186	0.00891	0.00283	0.00405	0.01984	0.00648	0.00567
7	0.00850	0.00607	0.00810	0.00972	0.01012	0.00567	0.00648	0.00972	0.01336	0.01781	0.03846	0.75020	0.04615	0.02186	0.00891	0.00283	0.00405	0.01984	0.00648	0.00567
8	0.01580	0.01739	0.03519	0.04918	0.03212	0.01786	0.50143	0.02058	0.01509	0.02090	0.01402	0.04714	0.01167	0.00784	0.01120	0.00251	0.15950	0.00820	0.00354	0.00885
9	0.01688	0.01458	0.02147	0.47857	0.10283	0.01713	0.01786	0.17894	0.03932	0.02489	0.01399	0.01826	0.01044	0.00732	0.00698	0.00225	0.00871	0.00627	0.00418	0.00914
10	0.01015	0.00677	0.00761	0.00761	0.00761	0.00677	0.00423	0.01015	0.01015	0.01353	0.02199	0.04567	0.02537	0.75476	0.03552	0.00677	0.00677	0.01015	0.00423	0.00423
11	0.01838	0.01476	0.01581	0.01407	0.01812	0.01684	0.01099	0.03686	0.64880	0.07961	0.02834	0.02587	0.02101	0.00941	0.00709	0.00235	0.00555	0.00783	0.00721	0.01111
12	0.02653	0.01955	0.02094	0.01606	0.02164	0.02164	0.01326	0.68796	0.03281	0.04398	0.01675	0.01675	0.01187	0.00838	0.00698	0.00209	0.00768	0.00628	0.00698	0.01187
13	0.01418	0.01516	0.03168	0.02376	0.02891	0.01421	0.49085	0.01873	0.01558	0.02105	0.02111	0.22877	0.02080	0.01047	0.00843	0.00249	0.00955	0.01157	0.00438	0.00834
14	0.01015	0.00677	0.00761	0.00761	0.00761	0.00677	0.00423	0.01015	0.01015	0.01353	0.02199	0.04567	0.02537	0.75476	0.03552	0.00677	0.00677	0.01015	0.00423	0.00423
15	0.01700	0.01630	0.02783	0.08958	0.66663	0.01651	0.02128	0.02118	0.01576	0.02246	0.01308	0.01736	0.01094	0.00627	0.00691	0.00209	0.00836	0.00622	0.00343	0.01083
16	0.01866	0.75896	0.03657	0.01194	0.01791	0.02761	0.01194	0.02090	0.01418	0.01642	0.00970	0.01119	0.00896	0.00597	0.00448	0.00149	0.00746	0.00373	0.00299	0.00896
17	0.01477	0.15686	0.60466	0.01856	0.02815	0.01811	0.02347	0.02190	0.01464	0.02115	0.01205	0.01414	0.00886	0.00652	0.00627	0.00209	0.00984	0.00492	0.00295	0.01009
18	0.00945	0.00734	0.00965	0.00974	0.01134	0.00763	0.00751	0.01164	0.01305	0.01726	0.03772	0.04459	0.25693	0.06580	0.41384	0.00756	0.01234	0.04572	0.00485	0.00605
19	0.01727	0.01658	0.02832	0.04283	0.71123	0.01658	0.02142	0.02142	0.01589	0.02280	0.01313	0.01727	0.01105	0.00622	0.00691	0.00207	0.00829	0.00622	0.00345	0.01105
20	0.00829	0.00690	0.00725	0.00753	0.00955	0.00585	0.00550	0.00996	0.01547	0.01867	0.06514	0.18477	0.59436	0.01839	0.00836	0.00244	0.00362	0.01561	0.00648	0.00585
21	0.01512	0.01279	0.01482	0.01065	0.01681	0.00997	0.00854	0.05395	0.01547	0.02389	0.01264	0.01459	0.01042	0.00534	0.00527	0.00109	0.00530	0.00425	0.00429	0.75479
22	0.03892	0.01328	0.02161	0.51982	0.18086	0.01559	0.01883	0.01938	0.04387	0.01985	0.01388	0.02020	0.01103	0.00728	0.00696	0.00230	0.00872	0.02561	0.00348	0.00853
23	0.65321	0.01611	0.01221	0.01071	0.01507	0.09115	0.00869	0.08037	0.01456	0.03093	0.01045	0.01195	0.00809	0.00672	0.00476	0.00212	0.00636	0.00408	0.00448	0.00800
24	0.02653	0.01955	0.02094	0.01606	0.02164	0.02164	0.01326	0.68796	0.03281	0.04398	0.01675	0.01675	0.01187	0.00838	0.00698	0.00209	0.00768	0.00628	0.00698	0.01187
25	0.01113	0.00891	0.01018	0.00970	0.01198	0.00891	0.00730	0.01779	0.18053	0.02508	0.32588	0.10318	0.22341	0.01460	0.00802	0.00233	0.00395	0.01260	0.00713	0.00740
26	0.00830	0.00707	0.00715	0.00713	0.00946	0.00592	0.00535	0.01013	0.01604	0.01917	0.09307	0.06663	0.68582	0.01755	0.00825	0.00235	0.00353	0.01465	0.00652	0.00592
27	0.01672	0.43739	0.27154	0.01530	0.02221	0.02306	0.01706	0.02092	0.01404	0.01842	0.01063	0.01281	0.00893	0.00679	0.00698	0.00189	0.07857	0.00445	0.00298	0.00930
28	0.00863	0.00616	0.00824	0.00986	0.01032	0.00578	0.00669	0.00993	0.01348	0.01795	0.03839	0.71972	0.04588	0.02174	0.00894	0.00285	0.00416	0.04909	0.00648	0.00570
29	0.02323	0.01760	0.01876	0.01501	0.01996	0.01960	0.01220	0.48141	0.20050	0.03891	0.02149	0.02089	0.03500	0.00892	0.00698	0.00216	0.00687	0.00695	0.03225	0.01131
30	0.01474	0.01427	0.02502	0.45885	0.25349	0.01603	0.07901	0.01935	0.01478	0.01978	0.01278	0.01821	0.00996	0.00664	0.00707	0.00225	0.00921	0.00639	0.00325	0.00893
31	0.01610	0.28079	0.45748	0.01711	0.02567	0.05071	0.02056	0.02194	0.01476	0.01996	0.01149	0.01344	0.00889	0.00643	0.00589	0.00195	0.00945	0.00465	0.00299	0.00976
32	0.01464	0.01381	0.02122	0.28407	0.13085	0.01526	0.04193	0.01827	0.01385	0.01980	0.01196	0.01672	0.00985	0.00735	0.00958	0.00210	0.14771	0.00573	0.00343	0.21190
33	0.68589	0.09720	0.01362	0.00975	0.01431	0.01723	0.00827	0.04649	0.01295	0.03013	0.00999	0.01153	0.00788	0.00649	0.00444	0.00208	0.00572	0.00387	0.00427	0.00788
34	0.01328	0.01235	0.01757	0.01566	0.01613	0.01664	0.01282	0.01517	0.01088	0.01657	0.01273	0.01982	0.01226	0.02724	0.28668	0.00611	0.47106	0.00662	0.00331	0.00711
35	0.00995	0.00743	0.00927	0.00876	0.01059	0.00691	0.00658	0.01367	0.04561	0.02679	0.59458	0.05316	0.15146	0.01454	0.00819	0.00222	0.00341	0.01272	0.00750	0.00666
36	0.00850	0.00607	0.00810	0.00972	0.01012	0.00567	0.00648	0.00972	0.01336	0.01781	0.03846	0.75020	0.04615	0.02186	0.00891	0.00283	0.00405	0.01984	0.00648	0.00567
37	0.04936	0.01398	0.01958	0.40438	0.07826	0.04821	0.01630	0.06769	0.01512	0.02093	0.01289	0.01795	0.01020	0.00829	0.00940	0.02411	0.10834	0.00603	0.06095	0.00804
38	0.01591	0.01347	0.01453	0.01315	0.01665	0.01527	0.01018	0.03244	0.56696	0.02896	0.16012	0.03110	0.02994	0.01040	0.00732	0.00233	0.00509	0.00881	0.00721	0.01018
39	0.01952	0.01388	0.01698	0.06105	0.08827	0.01493	0.01217	0.07279	0.34235	0.16099	0.02834	0.02836	0.06889	0.00967	0.00722	0.00230	0.00613	0.02892	0.00671	0.01053
40	0.00825	0.00707	0.00707	0.00707	0.00943	0.00589	0.00530	0.01001	0.01591	0.01885	0.07069	0.06716	0.70839	0.01767	0.00825	0.00236	0.00353	0.01473	0.00648	0.00589
41	0.01775	0.61876	0.16884	0.01348	0.02029	0.02540	0.01462	0.02113	0.01429	0.01752	0.01025	0.01188	0.00893	0.00610	0.00490	0.00163	0.00802	0.00401	0.00298	0.00922
42	0.80405	0.01350	0.01026	0.00918	0.01350	0.01565	0.00756	0.02051	0.01188	0.03131	0.00972	0.01134	0.00756	0.00648	0.00432	0.00216	0.00540	0.00378	0.00432	0.00756
43	0.01850	0.05156	0.10915	0.03350	0.43405	0.14700	0.06272	0.02272	0.01643	0.02139	0.01255	0.01597	0.01030	0.00641	0.00675	0.00203	0.00950	0.00581	0.00341	0.01024
44	0.01443	0.05302	0.56465	0.01986	0.02837	0.01737	0.05379	0.02129	0.01419	0.02116	0.01201	0.01490	0.00897	0.00741	0.00906	0.00232	0.11899	0.00540	0.00299	0.00984
45	0.00973	0.00712	0.00915	0.00877	0.01045	0.00654	0.00661	0.01282	0.01911	0.02666	0.61115	0.07464	0.12195	0.01494	0.00829	0.00226	0.00343	0.03239	0.00750	0.00649
46	0.80405	0.01350	0.01026	0.00918	0.01350	0.01565	0.00756	0.02051	0.01188	0.03131	0.00972	0.01134	0.00756	0.00648	0.00432	0.00216	0.00540	0.00378	0.00432	0.00756
47	0.02651	0.01995	0.02091	0.01611	0.02164	0.04220	0.01327	0.66871	0.03243	0.04319	0.01658	0.01663	0.01178	0.00834	0.00696	0.00209	0.00782	0.00623	0.00688	0.01176
48	0.00861	0.00708	0.00757	0.00745	0.00965	0.00605	0.00559	0.01072	0.01676	0.02088	0.21218	0.06382	0.56564	0.01692	0.00824	0.00232	0.00348	0.01426	0.00675	0.00605
49	0.01637	0.02018	0.10912	0.03108	0.16968	0.01729	0.48537	0.02214	0.01617	0.02241	0.01375	0.01809	0.01050	0.00603	0.00781	0.00228	0.01092	0.00751	0.00345	0.00983
50	0.02653	0.01955	0.02094	0.01606	0.02164	0.02164	0.01326	0.68796	0.03281	0.04398	0.01675	0.01675	0.01187	0.00838	0.00698	0.00209	0.00768	0.00628	0.00698	0.01187
51	0.01741	0.01756	0.02989	0.03879	0.54843	0.04452	0.13146	0.02166	0.01596	0.02230	0.01306	0.01728	0.01083	0.00640	0.00765	0.00214	0.03415	0.00648	0.00346	0.01055
52	0.00864	0.00618	0.00822	0.00962	0.01015	0.00576	0.00649	0.01007	0.01401	0.01885	0.10679	0.67892	0.04816	0.02109	0.00884	0.00277	0.00397	0.01910	0.00660	0.00576
53	0.00850	0.00607	0.00810	0.00972	0.01012	0.00567	0.00648	0.00972	0.01336	0.01781	0.03846	0.75020	0.04615	0.02186	0.00891	0.00283	0.00405	0.01984	0.00648	0.00567
54	0.01301	0.00650	0.00650	0.00650	0.00813	0.00650	0.00488	0.01626	0.01463	0.02602	0.02276	0.02602	0.01789	0.00813	0.00488	0.00163	0.00325	0.00650	0.79350	0.00650
55	0.01400	0.01344	0.02304	0.57350	0.13536	0.01603	0.05564	0.01851	0.01420	0.01870	0.01245	0.01829	0.00960	0.00705	0.00775	0.00233	0.04235	0.00631	0.00317	0.00828
56	0.02671	0.01926	0.02076	0.01592	0.02150	0.02121	0.01315	0.66323	0.03232	0.06939	0.01716	0.01702	0.01207	0.00839	0.00698	0.00210	0.00761	0.00631	0.00704	0.01187
57	0.00842	0.00698	0.00738	0.00749	0.00959	0.00593	0.00554	0.01028	0.01601	0.01960	0.12681	0.13329	0.58309	0.01777	0.00831	0.00239	0.00356	0.01504	0.00659	0.00593
58	0.00857	0.00610	0.00808	0.00963	0.01002	0.00571	0.00638	0.00973	0.01323	0.01764	0.03778	0.72115	0.04530	0.05208	0.01000	0.00300	0.00416	0.01944	0.00638	0.00561
59	0.01866	0.75896	0.03657	0.01194	0.01791	0.02761	0.01194	0.02090	0.01418	0.01642	0.00970	0.01119	0.00896	0.00597	0.00448	0.00149	0.00746	0.00373	0.00299	0.00896
60	0.00850	0.00607	0.00810	0.00972	0.01012	0.00567	0.00648	0.00972	0.01336	0.01781	0.03846	0.75020	0.04615	0.02186	0.00891	0.00283	0.00405	0.01984	0.00648	0.00567
61	0.00997	0.00748	0.01121	0.01121	0.01246	0.00872	0.00872	0.01246	0.01121	0.01620	0.01869	0.02741	0.01745	0.05234	0.72710	0.01121	0.01869	0.00748	0.00374	0.00623
62	0.00851	0.00709	0.00736	0.00738	0.00958	0.00603	0.00553	0.01035	0.01593	0.01927	0.10578	0.06586	0.62410	0.04400	0.00927	0.00253	0.00373	0.03533	0.00647	0.00589
63	0.80405	0.01350	0.01026	0.00918	0.01350	0.01565	0.00756	0.02051	0.01188	0.03131	0.00972	0.01134	0.00756	0.00648	0.00432	0.00216	0.00540	0.00378	0.00432	0.00756
64	0.01572	0.24352	0.50037	0.01755	0.02640	0.04229	0.02141	0.02194	0.01474	0.02031	0.01166	0.01365	0.00888	0.00646	0.00600	0.00199	0.00957	0.00473	0.00298	0.00985
65	0.01753	0.30138	0.38501	0.01623	0.02438	0.02021	0.01899	0.05000	0.01566	0.07245	0.01277	0.01418	0.00963	0.00661	0.00588	0.00194	0.00882	0.00481	0.00355	0.00999
66	0.01744	0.01379	0.01580	0.01153	0.01759	0.01176	0.00932	0.14989	0.01827	0.05182	0.01380	0.01525	0.01089	0.00592	0.00559	0.00128	0.00569	0.00466	0.00486	0.61484
67	0.01008	0.00674	0.00763	0.00769	0.00771	0.00672	0.00432	0.01013	0.01027	0.01370	0.02263	0.07295	0.02617	0.72638	0.03449	0.00661	0.00666	0.01052	0.00432	0.00428
68	0.01866	0.75896	0.03657	0.01194	0.01791	0.02761	0.01194	0.02090	0.01418	0.01642	0.00970	0.01119	0.00896	0.00597	0.00448	0.00149	0.00746	0.00373	0.00299	0.00896
69	0.01611	0.01660	0.06368	0.25763	0.29801	0.01703	0.08544	0.06024	0.01586	0.02192	0.01285	0.01751	0.01022	0.00707	0.00837	0.00227	0.06977	0.00635	0.00350	0.00957
70	0.01781	0.02029	0.05255	0.09788	0.23919	0.12644	0.29873	0.02249	0.01652	0.02124	0.01309	0.01725	0.01031	0.00631	0.00737	0.00218	0.01057	0.00676	0.00346	0.00958
71	0.03034	0.01166	0.01588	0.01225	0.01748	0.01009	0.01009	0.03307	0.01996	0.68503	0.05820	0.02503	0.01946	0.00889	0.00707	0.00216	0.00582	0.00727	0.00859	0.01164
72	0.01686	0.01680	0.02556	0.23386	0.46993	0.07507	0.02019	0.02095	0.01567	0.02094	0.01273	0.01725	0.01040	0.00651	0.00688	0.00212	0.00893	0.00607	0.00337	0.00989
73	0.01476	0.12585	0.59545	0.02014	0.06561	0.01766	0.02381	0.02191	0.01473	0.02142	0.01220	0.01443	0.00897	0.00652	0.00637	0.00211	0.00985	0.00504	0.00298	0.01018
74	0.01839	0.63328	0.12350	0.01323	0.01966	0.05768	0.01379	0.02136	0.01450	0.01718	0.01011	0.01171	0.00894	0.00611	0.00484	0.00160	0.00806	0.00395	0.00301	0.00909
75	0.00943	0.00700	0.00834	0.00814	0.00960	0.00639	0.00578	0.01159	0.01658	0.02228	0.37447	0.08637	0.22856	0.15913	0.01356	0.00315	0.00406	0.01303	0.00664	0.00590
76	0.01356	0.07049	0.35796	0.04747	0.11136	0.01452	0.04680	0.01897	0.01469	0.02078	0.01884	0.16125	0.01815	0.01016	0.00721	0.00233	0.00847	0.04398	0.00392	0.00907
77	0.01629	0.12393	0.01865	0.01346	0.01628	0.04777	0.03574	0.17371	0.01814	0.02381	0.04216	0.25336	0.02445	0.06464	0.01106	0.00267	0.08986	0.01067	0.00533	0.00802
78	0.02481	0.02936	0.02109	0.02186	0.13621	0.56516	0.01468	0.04228	0.01944	0.04508	0.01195	0.01388	0.00971	0.00711	0.00644	0.00186	0.01150	0.00492	0.00384	0.00881
79	0.01117	0.00700	0.00935	0.00993	0.01119	0.00647	0.00715	0.01314	0.01569	0.08692	0.19827	0.47315	0.04778	0.01862	0.00861	0.00264	0.00419	0.05526	0.00697	0.00652
80	0.02777	0.01157	0.01539	0.01209	0.01694	0.01034	0.00988	0.04927	0.04596	0.57927	0.11856	0.02746	0.02380	0.00942	0.00718	0.00217	0.00561	0.00778	0.00841	0.01113
81	0.02549	0.01898	0.02037	0.01570	0.02122	0.02085	0.01292	0.62240	0.06811	0.04222	0.01719	0.01715	0.01231	0.00829	0.00691	0.00206	0.00745	0.00627	0.00686	0.04725
82	0.00954	0.00661	0.00859	0.00943	0.01028	0.00629	0.00648	0.01102	0.01376	0.03787	0.09285	0.47516	0.09725	0.09699	0.07998	0.00392	0.00567	0.01630	0.00615	0.00585
83	0.01305	0.00736	0.00961	0.00988	0.01143	0.00667	0.00700	0.01461	0.01492	0.15348	0.06397	0.49049	0.09202	0.05844	0.00991	0.00285	0.00449	0.01615	0.00682	0.00685

[dist]
# distance from previous block
# <min> <max>
0	11

# created by:
# /st0/software/busco_prod/Augustus/scripts/msa2prfl.pl ./align_prep/118248.fa
