[name]
unknown

[dist]
# distance from previous block
# <min> <max>
0	38

[block]
# block no. 0 follows, 29 sequences, length 12
# corresponding to MSA columns:
# 38-49
name=unknown_A
#
# <colnr> <probs for GDERKNQSTAVLIFYWHMCP>
#	G	D	E	R	K	N	Q	S	T	A	V	L	I	F	Y	W	H	M	C	P
0	0.01936	0.27809	0.17967	0.01515	0.02118	0.13242	0.01515	0.07566	0.01791	0.05766	0.06781	0.02091	0.01620	0.00824	0.00631	0.00198	0.00865	0.04396	0.00435	0.00936
1	0.01462	0.00920	0.01151	0.05322	0.01453	0.00938	0.00815	0.01906	0.12487	0.12986	0.02970	0.28194	0.03032	0.21215	0.01564	0.00375	0.00575	0.01268	0.00625	0.00743
2	0.01219	0.00761	0.00995	0.00948	0.01138	0.00692	0.00706	0.01499	0.01872	0.10300	0.46594	0.18653	0.08749	0.01559	0.00840	0.00237	0.00383	0.01378	0.00765	0.00711
3	0.01100	0.00886	0.00970	0.00931	0.01173	0.00852	0.00700	0.05325	0.10271	0.02360	0.17273	0.14011	0.38238	0.01633	0.00827	0.00242	0.00413	0.01390	0.00694	0.00713
4	0.00959	0.00737	0.00872	0.00935	0.01069	0.00699	0.00655	0.01268	0.07105	0.02018	0.11082	0.39444	0.22237	0.06232	0.01029	0.00289	0.00420	0.01652	0.00665	0.00630
5	0.30192	0.00991	0.01012	0.04710	0.01370	0.01082	0.00765	0.01620	0.04405	0.02446	0.07939	0.25830	0.02824	0.08501	0.00965	0.00289	0.00517	0.01096	0.02766	0.00681
6	0.21024	0.01505	0.01595	0.01304	0.01777	0.01607	0.01073	0.28823	0.02188	0.07330	0.01728	0.02195	0.01400	0.01257	0.06993	0.00294	0.00775	0.05815	0.00586	0.10732
7	0.04937	0.01717	0.01832	0.01467	0.01944	0.01894	0.01190	0.50020	0.08100	0.03960	0.02008	0.07712	0.01604	0.00966	0.00702	0.00218	0.00691	0.00759	0.07185	0.01093
8	0.02234	0.01538	0.01724	0.04365	0.01957	0.01633	0.01137	0.37419	0.06101	0.10741	0.06540	0.02530	0.07029	0.00951	0.00705	0.00211	0.00651	0.00756	0.07186	0.04595
9	0.02419	0.01738	0.01894	0.01500	0.02004	0.01898	0.01222	0.47455	0.12292	0.08611	0.07419	0.02334	0.04012	0.00949	0.00728	0.00220	0.00693	0.00747	0.00729	0.01138
10	0.01853	0.01334	0.01424	0.01206	0.01580	0.03978	0.00953	0.23336	0.06446	0.10432	0.13124	0.08177	0.20619	0.01281	0.00775	0.00228	0.00572	0.01057	0.00712	0.00915
11	0.01458	0.01181	0.01292	0.01092	0.01482	0.01151	0.00856	0.12332	0.14506	0.02734	0.13252	0.03984	0.24083	0.01197	0.00737	0.00208	0.00495	0.00994	0.00651	0.16316

[dist]
# distance from previous block
# <min> <max>
32	113

[block]
# block no. 1 follows, 29 sequences, length 12
# corresponding to MSA columns:
# 181-192
name=unknown_B
#
# <colnr> <probs for GDERKNQSTAVLIFYWHMCP>
#	G	D	E	R	K	N	Q	S	T	A	V	L	I	F	Y	W	H	M	C	P
0	0.01645	0.14941	0.30381	0.02297	0.15765	0.01890	0.05308	0.04945	0.05027	0.02258	0.01526	0.01762	0.03341	0.00746	0.00761	0.00217	0.05211	0.00595	0.00366	0.01018
1	0.01152	0.00719	0.00928	0.00978	0.01104	0.00672	0.00702	0.01341	0.01533	0.07836	0.14660	0.37283	0.06797	0.09824	0.01162	0.00312	0.00463	0.07378	0.04513	0.00643
2	0.00958	0.00690	0.00908	0.00930	0.01053	0.00639	0.00668	0.01220	0.01786	0.02490	0.46834	0.29684	0.06011	0.01729	0.00864	0.00247	0.00363	0.01547	0.00741	0.00639
3	0.06508	0.01519	0.01772	0.01380	0.01899	0.01549	0.01134	0.31574	0.02570	0.32377	0.08349	0.02312	0.01922	0.00911	0.00712	0.00218	0.00657	0.00719	0.00777	0.01141
4	0.05322	0.04456	0.02431	0.05852	0.35530	0.08848	0.04765	0.05523	0.01754	0.08062	0.01861	0.02350	0.04696	0.00814	0.00709	0.00218	0.00838	0.04510	0.00450	0.01009
5	0.64263	0.01284	0.01086	0.00984	0.01394	0.01446	0.00812	0.02084	0.01345	0.07276	0.05422	0.02033	0.01451	0.00826	0.00525	0.00229	0.00550	0.05700	0.00505	0.00783
6	0.00884	0.00714	0.00786	0.00788	0.00993	0.00616	0.00583	0.01097	0.01694	0.02139	0.22082	0.12601	0.49012	0.01758	0.00847	0.00241	0.00359	0.01498	0.00691	0.00616
7	0.01922	0.01188	0.01407	0.01210	0.01552	0.01191	0.00944	0.22261	0.02231	0.16731	0.13262	0.21510	0.08790	0.01383	0.00793	0.00238	0.00550	0.01180	0.00740	0.00917
8	0.07883	0.04646	0.01982	0.27528	0.12035	0.01596	0.01532	0.12365	0.04888	0.02485	0.01852	0.10655	0.01689	0.00982	0.00718	0.00237	0.00770	0.04792	0.00473	0.00889
9	0.20110	0.01625	0.01374	0.01372	0.05019	0.17396	0.00992	0.07476	0.01736	0.02522	0.07138	0.15466	0.05065	0.01147	0.00680	0.00225	0.00695	0.03603	0.05582	0.00778
10	0.00873	0.00655	0.00810	0.00913	0.01017	0.00592	0.00631	0.01029	0.01486	0.01933	0.10372	0.51076	0.21920	0.02054	0.00886	0.00271	0.00393	0.01827	0.00671	0.00592
11	0.05497	0.08477	0.11336	0.29169	0.11941	0.01789	0.14114	0.05420	0.01595	0.02212	0.01293	0.01722	0.00991	0.00673	0.00694	0.00223	0.00951	0.00623	0.00352	0.00928

[dist]
# distance from previous block
# <min> <max>
0	1

[block]
# block no. 2 follows, 29 sequences, length 10
# corresponding to MSA columns:
# 194-203
name=unknown_C
#
# <colnr> <probs for GDERKNQSTAVLIFYWHMCP>
#	G	D	E	R	K	N	Q	S	T	A	V	L	I	F	Y	W	H	M	C	P
0	0.23233	0.11477	0.32462	0.01705	0.02471	0.01830	0.08602	0.06346	0.01551	0.02587	0.01208	0.01420	0.00905	0.00667	0.00604	0.00216	0.00877	0.00509	0.00372	0.00959
1	0.55912	0.01536	0.01371	0.16701	0.02217	0.08009	0.01088	0.02102	0.01331	0.02764	0.01061	0.01329	0.00823	0.00679	0.00518	0.00221	0.00704	0.00446	0.00407	0.00780
2	0.07804	0.06590	0.02465	0.14824	0.32788	0.15753	0.01778	0.05764	0.01717	0.02265	0.01251	0.01603	0.01020	0.00679	0.00659	0.00207	0.00919	0.00565	0.00372	0.00975
3	0.00962	0.00707	0.00879	0.00871	0.01016	0.00648	0.00627	0.01210	0.01763	0.02411	0.43674	0.15905	0.16341	0.08465	0.01109	0.00280	0.00385	0.01410	0.00713	0.00624
4	0.11704	0.06984	0.14621	0.26751	0.08466	0.01606	0.01707	0.01873	0.01351	0.02039	0.01219	0.01703	0.00984	0.01042	0.03273	0.08211	0.04749	0.00565	0.00333	0.00818
5	0.05820	0.01769	0.01765	0.05938	0.02061	0.08610	0.01193	0.37810	0.05663	0.03486	0.05327	0.02405	0.07902	0.00944	0.00697	0.00214	0.00732	0.00730	0.05930	0.01004
6	0.00985	0.00712	0.00917	0.00894	0.01040	0.00659	0.00652	0.01270	0.01866	0.02609	0.55737	0.13758	0.08950	0.05566	0.01000	0.00258	0.00366	0.01373	0.00745	0.00644
7	0.00972	0.00726	0.00903	0.00859	0.01042	0.00657	0.00644	0.01275	0.01932	0.02656	0.56701	0.05647	0.20299	0.01530	0.00840	0.00227	0.00341	0.01334	0.00758	0.00657
8	0.07898	0.15117	0.24413	0.02096	0.11137	0.01843	0.08802	0.02064	0.01429	0.02130	0.01263	0.01628	0.01035	0.01183	0.08162	0.00315	0.07645	0.00570	0.00335	0.00938
9	0.01496	0.01032	0.01242	0.01144	0.01408	0.01054	0.00881	0.08170	0.15059	0.09004	0.29751	0.16206	0.04391	0.01413	0.00814	0.00243	0.00476	0.04627	0.00747	0.00842

[dist]
# distance from previous block
# <min> <max>
0	1

[block]
# block no. 3 follows, 29 sequences, length 7
# corresponding to MSA columns:
# 205-211
name=unknown_D
#
# <colnr> <probs for GDERKNQSTAVLIFYWHMCP>
#	G	D	E	R	K	N	Q	S	T	A	V	L	I	F	Y	W	H	M	C	P
0	0.00884	0.00627	0.00821	0.00970	0.01007	0.00590	0.00638	0.00996	0.01330	0.01774	0.03756	0.67504	0.04497	0.09527	0.01181	0.00329	0.00441	0.01925	0.00638	0.00564
1	0.04951	0.07174	0.02175	0.13205	0.11558	0.26752	0.03713	0.04292	0.08297	0.02129	0.04582	0.01822	0.01365	0.00835	0.00758	0.03548	0.00951	0.00598	0.00417	0.00880
2	0.23807	0.01410	0.01876	0.19278	0.21368	0.01569	0.01479	0.05960	0.04334	0.02644	0.03596	0.01833	0.01260	0.00727	0.00623	0.00219	0.00720	0.00594	0.05796	0.00905
3	0.01348	0.00785	0.01011	0.00961	0.01167	0.00708	0.00710	0.01585	0.01764	0.14709	0.30617	0.22476	0.12889	0.04777	0.00956	0.00262	0.00423	0.01386	0.00740	0.00727
4	0.01835	0.11223	0.24797	0.02248	0.05758	0.06689	0.22099	0.06834	0.01728	0.05510	0.01373	0.01643	0.01031	0.00689	0.00761	0.00220	0.03552	0.00625	0.00382	0.01004
5	0.05986	0.09623	0.12201	0.03157	0.35509	0.01847	0.12991	0.06087	0.01677	0.02416	0.01315	0.01654	0.01053	0.00646	0.00684	0.00213	0.00904	0.00615	0.00368	0.01053
6	0.00941	0.00730	0.00963	0.04722	0.01269	0.00728	0.00758	0.01119	0.01472	0.01955	0.12221	0.48110	0.14666	0.01941	0.00954	0.00272	0.04213	0.01710	0.00640	0.00615

[dist]
# distance from previous block
# <min> <max>
0	5

[block]
# block no. 4 follows, 29 sequences, length 10
# corresponding to MSA columns:
# 217-226
name=unknown_E
#
# <colnr> <probs for GDERKNQSTAVLIFYWHMCP>
#	G	D	E	R	K	N	Q	S	T	A	V	L	I	F	Y	W	H	M	C	P
0	0.61994	0.01413	0.01271	0.03942	0.01631	0.01637	0.00924	0.06430	0.01405	0.07528	0.01163	0.01329	0.00881	0.00726	0.00605	0.00226	0.05142	0.00448	0.00474	0.00830
1	0.01122	0.00760	0.00902	0.00861	0.01085	0.00666	0.00647	0.01363	0.01782	0.08625	0.29729	0.12057	0.34513	0.01629	0.00836	0.00237	0.00379	0.01399	0.00727	0.00681
2	0.02298	0.14413	0.04745	0.03778	0.01999	0.01737	0.01208	0.24644	0.02279	0.18339	0.08089	0.02109	0.01774	0.00837	0.00660	0.00197	0.00684	0.00652	0.02643	0.06917
3	0.01424	0.01307	0.07744	0.01130	0.01636	0.00922	0.00970	0.01752	0.01556	0.06899	0.09511	0.15286	0.02384	0.00979	0.00658	0.00171	0.00539	0.00840	0.00525	0.43766
4	0.01697	0.00993	0.01242	0.01142	0.01401	0.00964	0.00860	0.12675	0.01946	0.17360	0.14484	0.35278	0.03835	0.01582	0.00823	0.00251	0.00503	0.01390	0.00738	0.00835
5	0.06985	0.09329	0.13163	0.02299	0.19510	0.01731	0.07258	0.10667	0.05266	0.02489	0.01529	0.02004	0.01284	0.07827	0.05393	0.00315	0.00909	0.00648	0.00421	0.00972
6	0.01035	0.00835	0.01218	0.01241	0.01331	0.00879	0.04374	0.01217	0.01398	0.01900	0.05855	0.51672	0.04040	0.01961	0.01096	0.00291	0.09975	0.08443	0.00604	0.00636
7	0.01012	0.00681	0.00818	0.00842	0.00898	0.00660	0.00538	0.01134	0.01349	0.01880	0.17262	0.19982	0.03893	0.38190	0.02218	0.00467	0.00529	0.01282	0.05833	0.00531
8	0.02053	0.56059	0.03281	0.01385	0.01912	0.18010	0.01269	0.02268	0.01555	0.01692	0.01012	0.01193	0.00916	0.00667	0.00587	0.00167	0.04358	0.00409	0.00319	0.00888
9	0.41846	0.05688	0.16103	0.11403	0.02292	0.01624	0.01378	0.02208	0.01385	0.08503	0.01245	0.01441	0.00916	0.00687	0.00553	0.00220	0.00728	0.00478	0.00424	0.00878

[dist]
# distance from previous block
# <min> <max>
0	1

[block]
# block no. 5 follows, 29 sequences, length 12
# corresponding to MSA columns:
# 228-239
name=unknown_F
#
# <colnr> <probs for GDERKNQSTAVLIFYWHMCP>
#	G	D	E	R	K	N	Q	S	T	A	V	L	I	F	Y	W	H	M	C	P
0	0.02285	0.05179	0.01816	0.01385	0.01813	0.05231	0.01110	0.33553	0.04849	0.12941	0.05595	0.02444	0.01806	0.10853	0.05616	0.00333	0.00810	0.00730	0.00646	0.01007
1	0.15767	0.01446	0.01624	0.01294	0.01784	0.01492	0.01058	0.23700	0.04454	0.28385	0.09752	0.02315	0.01990	0.00903	0.00682	0.00219	0.00622	0.00703	0.00737	0.01073
2	0.01056	0.00784	0.01000	0.01061	0.01220	0.00762	0.00832	0.01419	0.05693	0.02263	0.21705	0.19122	0.12315	0.04631	0.01002	0.00292	0.00488	0.23010	0.00687	0.00659
3	0.01822	0.17521	0.27650	0.02196	0.15079	0.11248	0.01917	0.06958	0.01737	0.02269	0.04324	0.01635	0.01231	0.00710	0.00643	0.00202	0.00935	0.00550	0.00371	0.01003
4	0.01828	0.01025	0.01286	0.01171	0.01451	0.00993	0.00886	0.13259	0.01935	0.21205	0.07966	0.37399	0.03448	0.01571	0.00818	0.00253	0.00524	0.01377	0.00739	0.00867
5	0.00923	0.00686	0.00872	0.00990	0.01104	0.00635	0.00729	0.01110	0.01508	0.01958	0.08242	0.43467	0.18744	0.02046	0.00905	0.00283	0.00444	0.14084	0.00667	0.00603
6	0.16439	0.01498	0.02047	0.22768	0.18650	0.01644	0.01579	0.13090	0.01827	0.11611	0.01505	0.01767	0.01106	0.00730	0.00661	0.00222	0.00780	0.00600	0.00486	0.00989
7	0.01763	0.01646	0.02403	0.27167	0.30984	0.08186	0.03882	0.02219	0.03715	0.06469	0.01626	0.02003	0.03352	0.00733	0.00711	0.00221	0.00893	0.00662	0.00397	0.00968
8	0.01491	0.05979	0.54503	0.02125	0.03040	0.01755	0.11688	0.02216	0.01497	0.02199	0.01266	0.01552	0.00930	0.00703	0.00807	0.00231	0.06121	0.00572	0.00310	0.01015
9	0.01348	0.00752	0.00781	0.00749	0.00904	0.00766	0.00536	0.05658	0.01507	0.02485	0.02267	0.03042	0.01957	0.17339	0.01207	0.00286	0.00440	0.00745	0.56585	0.00646
10	0.01532	0.01385	0.03935	0.32668	0.05447	0.01481	0.09152	0.11592	0.01746	0.02349	0.01854	0.09234	0.01662	0.03302	0.00841	0.00254	0.00840	0.04852	0.05029	0.00843
11	0.01606	0.01221	0.01967	0.47883	0.09653	0.01398	0.01682	0.01996	0.01500	0.11997	0.01703	0.05836	0.01392	0.06107	0.00930	0.00268	0.00844	0.00744	0.00428	0.00846

[dist]
# distance from previous block
# <min> <max>
0	1

[block]
# block no. 6 follows, 29 sequences, length 116
# corresponding to MSA columns:
# 241-356
name=unknown_G
#
# <colnr> <probs for GDERKNQSTAVLIFYWHMCP>
#	G	D	E	R	K	N	Q	S	T	A	V	L	I	F	Y	W	H	M	C	P
0	0.01015	0.00793	0.00942	0.01007	0.01185	0.00761	0.00769	0.01401	0.08372	0.02086	0.08101	0.26847	0.26894	0.01865	0.00880	0.00273	0.00457	0.15017	0.00672	0.00662
1	0.01453	0.00809	0.01084	0.01069	0.01277	0.00741	0.00818	0.01696	0.01723	0.17275	0.20396	0.29647	0.06172	0.01690	0.00859	0.00262	0.00471	0.11068	0.00739	0.00753
2	0.08057	0.12963	0.11191	0.02284	0.18521	0.19131	0.03289	0.04965	0.06384	0.02268	0.01402	0.01752	0.01164	0.00738	0.00644	0.00205	0.00925	0.02748	0.00399	0.00968
3	0.01723	0.01139	0.01282	0.07071	0.01619	0.01239	0.00903	0.22514	0.02015	0.03005	0.02016	0.02475	0.01623	0.07470	0.04098	0.00277	0.00628	0.00691	0.37389	0.00825
4	0.59855	0.01340	0.01234	0.01232	0.06304	0.01527	0.00905	0.03628	0.01371	0.03040	0.07786	0.03464	0.01487	0.00803	0.00590	0.00225	0.03393	0.00547	0.00475	0.00793
5	0.05874	0.10584	0.23005	0.08361	0.02981	0.05209	0.20882	0.02146	0.01504	0.02119	0.01271	0.01651	0.00995	0.00904	0.04043	0.00268	0.06332	0.00616	0.00335	0.00923
6	0.01060	0.00736	0.00923	0.00919	0.01099	0.00667	0.00690	0.01318	0.01782	0.05738	0.35858	0.18357	0.20508	0.01683	0.00856	0.00246	0.00390	0.05772	0.00729	0.00664
7	0.01454	0.03260	0.57408	0.02211	0.06370	0.01637	0.09693	0.02210	0.01512	0.02234	0.01327	0.01620	0.00972	0.00877	0.03931	0.00268	0.01097	0.00577	0.00313	0.01027
8	0.01626	0.09589	0.37791	0.02136	0.10885	0.01664	0.05962	0.05398	0.01637	0.05592	0.01659	0.06629	0.01405	0.00844	0.00703	0.00226	0.00913	0.03935	0.00400	0.01008
9	0.01660	0.00885	0.01140	0.01035	0.01286	0.00814	0.00775	0.04392	0.01808	0.22010	0.22960	0.21201	0.07375	0.08026	0.01065	0.00281	0.00482	0.01267	0.00742	0.00800
10	0.00979	0.00727	0.00912	0.00866	0.01046	0.00660	0.00649	0.01289	0.01948	0.02696	0.59389	0.05581	0.17586	0.01515	0.00840	0.00227	0.00340	0.01325	0.00763	0.00660
11	0.05706	0.25714	0.25604	0.01606	0.02308	0.02026	0.04904	0.12786	0.01791	0.02483	0.04055	0.05186	0.01372	0.00787	0.00627	0.00204	0.00839	0.00611	0.00415	0.00977
12	0.00889	0.00631	0.00828	0.00969	0.01013	0.00592	0.00642	0.01012	0.01367	0.01831	0.07022	0.65209	0.04628	0.08354	0.01135	0.00320	0.00433	0.01905	0.00648	0.00571
13	0.01094	0.00786	0.01083	0.01242	0.01390	0.00775	0.01052	0.01385	0.01597	0.02076	0.03916	0.18112	0.06547	0.02001	0.00967	0.00319	0.00608	0.53752	0.00657	0.00642
14	0.01479	0.03612	0.69286	0.02008	0.03046	0.01636	0.02585	0.02290	0.01519	0.04230	0.01322	0.01530	0.00927	0.00682	0.00678	0.00225	0.01040	0.00532	0.00317	0.01057
15	0.01488	0.01035	0.01183	0.01066	0.01377	0.01038	0.00825	0.02284	0.22398	0.11780	0.23309	0.04541	0.22148	0.01325	0.00789	0.00233	0.00448	0.01123	0.00745	0.00864
16	0.00868	0.00620	0.00826	0.00991	0.01033	0.00578	0.00661	0.00991	0.01363	0.01818	0.03925	0.74510	0.04710	0.02231	0.00909	0.00289	0.00413	0.02024	0.00661	0.00578
17	0.02501	0.04184	0.05463	0.07446	0.09165	0.01510	0.01380	0.15337	0.06452	0.32959	0.02158	0.02116	0.01482	0.00990	0.03371	0.00253	0.00765	0.00673	0.00672	0.01124
18	0.67953	0.01482	0.04691	0.08439	0.01826	0.01599	0.00989	0.02073	0.01248	0.03006	0.01034	0.01251	0.00796	0.00667	0.00480	0.00222	0.00617	0.00418	0.00421	0.00787
19	0.01052	0.00688	0.00813	0.00831	0.00872	0.00699	0.00521	0.01138	0.01143	0.01623	0.02398	0.11867	0.02627	0.49110	0.11278	0.00635	0.00763	0.01064	0.10377	0.00502
20	0.19320	0.01589	0.02397	0.15444	0.12925	0.01797	0.13933	0.07863	0.01568	0.02509	0.01232	0.01642	0.00981	0.00769	0.00943	0.00240	0.12935	0.00615	0.00392	0.00903
21	0.00995	0.00697	0.00826	0.00878	0.00935	0.00675	0.00578	0.01081	0.01243	0.01621	0.03341	0.18339	0.11223	0.43507	0.02454	0.00516	0.00595	0.09458	0.00530	0.00507
22	0.01994	0.01607	0.01971	0.01754	0.10303	0.01580	0.03585	0.27059	0.05936	0.03188	0.01580	0.01726	0.01215	0.00703	0.00640	0.00174	0.00681	0.00576	0.03586	0.30143
23	0.00880	0.00723	0.00775	0.00762	0.00985	0.00618	0.00571	0.01097	0.01714	0.02140	0.21822	0.06497	0.55501	0.01723	0.00841	0.00237	0.00355	0.01453	0.00690	0.00618
24	0.04658	0.01692	0.06372	0.19621	0.49428	0.01661	0.02108	0.02103	0.01555	0.02242	0.01306	0.01756	0.01062	0.00655	0.00695	0.00218	0.00869	0.00619	0.00345	0.01034
25	0.06672	0.17587	0.47228	0.01872	0.05079	0.05716	0.02148	0.02250	0.01506	0.02176	0.01195	0.01407	0.00905	0.00664	0.00617	0.00208	0.00968	0.00489	0.00316	0.00997
26	0.00893	0.00643	0.00842	0.00982	0.01044	0.00600	0.00672	0.01037	0.01414	0.01880	0.07623	0.61851	0.07868	0.04624	0.00998	0.00299	0.00428	0.05060	0.00660	0.00583
27	0.01149	0.04503	0.01118	0.00963	0.01162	0.00797	0.00746	0.01448	0.01878	0.05933	0.49049	0.12037	0.08665	0.01515	0.00832	0.00235	0.00403	0.06132	0.00737	0.00697
28	0.01657	0.19293	0.23456	0.07499	0.18233	0.04124	0.08777	0.02163	0.01532	0.02070	0.01260	0.01593	0.01012	0.00827	0.03398	0.00242	0.00986	0.00564	0.00326	0.00986
29	0.01477	0.01398	0.05014	0.01135	0.01765	0.01032	0.00961	0.01813	0.01463	0.02294	0.01254	0.01481	0.01042	0.00562	0.00604	0.00119	0.03365	0.00435	0.00412	0.72373
30	0.02182	0.01494	0.01645	0.01332	0.01730	0.01598	0.01042	0.38525	0.05078	0.09963	0.02358	0.05340	0.05488	0.17347	0.01371	0.00325	0.00701	0.00838	0.00662	0.00980
31	0.01625	0.27535	0.28179	0.12265	0.02806	0.05451	0.04432	0.02124	0.01485	0.01936	0.01210	0.01515	0.00969	0.00915	0.04542	0.00251	0.01002	0.00514	0.00314	0.00929
32	0.00948	0.00727	0.00853	0.00834	0.01019	0.00651	0.00622	0.01195	0.01765	0.02332	0.36364	0.06020	0.32264	0.07094	0.01054	0.00270	0.00387	0.04274	0.00702	0.00624
33	0.00873	0.00715	0.00770	0.00773	0.00985	0.00612	0.00573	0.01077	0.01673	0.02081	0.18157	0.11735	0.53953	0.01774	0.00846	0.00241	0.00360	0.01504	0.00683	0.00612
34	0.01649	0.01568	0.02671	0.27809	0.42261	0.01678	0.05391	0.04407	0.01618	0.02227	0.01332	0.01815	0.01067	0.00667	0.00714	0.00222	0.00897	0.00644	0.00353	0.01007
35	0.01266	0.01024	0.01179	0.08479	0.01618	0.04772	0.00895	0.06230	0.01723	0.04761	0.13308	0.26730	0.20165	0.01603	0.00863	0.00249	0.02419	0.01378	0.00630	0.00707
36	0.01367	0.00722	0.00738	0.00724	0.00902	0.00729	0.00544	0.04636	0.01571	0.02697	0.02373	0.06127	0.01938	0.00899	0.00528	0.00174	0.00356	0.00729	0.71559	0.00684
37	0.00983	0.00727	0.00918	0.00870	0.01049	0.00661	0.00653	0.01296	0.01958	0.02718	0.60862	0.05546	0.16101	0.01507	0.00840	0.00226	0.00340	0.01320	0.00766	0.00661
38	0.02090	0.25158	0.06717	0.04283	0.02090	0.17776	0.01343	0.12908	0.01887	0.05538	0.01547	0.08955	0.01396	0.00897	0.00715	0.00202	0.04472	0.00656	0.00450	0.00919
39	0.01675	0.01760	0.05498	0.02986	0.28432	0.04294	0.22143	0.06322	0.01748	0.02368	0.03698	0.02411	0.07950	0.01008	0.04275	0.00269	0.00969	0.00794	0.00419	0.00981
40	0.01525	0.01345	0.02055	0.55720	0.04160	0.01618	0.01778	0.09874	0.01650	0.02193	0.01343	0.01867	0.01015	0.00745	0.00758	0.00228	0.03682	0.00624	0.03034	0.04787
41	0.02224	0.08793	0.02280	0.04964	0.18807	0.37308	0.01511	0.05685	0.01874	0.02088	0.01282	0.01541	0.01056	0.00712	0.00636	0.00190	0.01020	0.00526	0.06591	0.00912
42	0.01453	0.01239	0.01450	0.01047	0.01656	0.00935	0.00835	0.01770	0.01504	0.02347	0.04730	0.01670	0.01340	0.00574	0.00543	0.00111	0.00518	0.00465	0.00440	0.75373
43	0.02034	0.02407	0.06621	0.02336	0.15087	0.28255	0.08090	0.05407	0.05941	0.02146	0.01705	0.01941	0.05538	0.00840	0.00873	0.00219	0.08576	0.00647	0.00410	0.00926
44	0.01368	0.00778	0.01038	0.01079	0.01244	0.00723	0.00790	0.01595	0.03207	0.15210	0.06857	0.49738	0.04125	0.01880	0.00871	0.00275	0.00471	0.07316	0.00710	0.00725
45	0.03195	0.01212	0.01652	0.01267	0.01818	0.01047	0.01047	0.03470	0.02038	0.71026	0.02809	0.02424	0.01763	0.00881	0.00716	0.00220	0.00606	0.00716	0.00881	0.01212
46	0.00908	0.00721	0.00816	0.00798	0.01004	0.00629	0.00596	0.01149	0.01773	0.02292	0.32168	0.07963	0.43308	0.01676	0.00843	0.00235	0.00352	0.01431	0.00710	0.00629
47	0.01345	0.01266	0.02136	0.73264	0.04904	0.01582	0.01978	0.01819	0.01424	0.01819	0.01266	0.01898	0.00949	0.00712	0.00712	0.00237	0.00949	0.00633	0.00316	0.00791
48	0.01032	0.00758	0.01121	0.01121	0.01250	0.00879	0.00871	0.01290	0.01161	0.01701	0.01927	0.02791	0.01782	0.05124	0.68708	0.01097	0.01832	0.00758	0.04158	0.00637
49	0.03153	0.01279	0.01694	0.01299	0.01851	0.01146	0.01073	0.09023	0.02150	0.65315	0.02715	0.02362	0.01715	0.00879	0.00716	0.00220	0.00621	0.00710	0.00867	0.01212
50	0.05783	0.01070	0.01333	0.08130	0.01652	0.01230	0.03302	0.07557	0.01574	0.02595	0.01833	0.02210	0.01455	0.00872	0.00850	0.00207	0.12568	0.00643	0.44378	0.00759
51	0.01012	0.00892	0.00884	0.00953	0.01096	0.06570	0.00668	0.01159	0.01508	0.01839	0.04896	0.40559	0.29356	0.04021	0.00938	0.00273	0.00474	0.01666	0.00630	0.00604
52	0.00970	0.00657	0.00803	0.00879	0.00916	0.00635	0.00557	0.01064	0.01266	0.01733	0.06464	0.37886	0.03766	0.32561	0.02019	0.00447	0.00521	0.01499	0.04831	0.00526
53	0.01493	0.01280	0.01484	0.01076	0.01696	0.00994	0.00859	0.01901	0.05165	0.02356	0.01354	0.01541	0.01116	0.00551	0.00538	0.00113	0.00529	0.00443	0.00438	0.75072
54	0.01562	0.01556	0.02229	0.05483	0.02092	0.02117	0.04110	0.01840	0.04407	0.01802	0.01065	0.01642	0.01001	0.01181	0.02120	0.00302	0.63714	0.00641	0.00334	0.00803
55	0.02450	0.01480	0.07745	0.01345	0.01875	0.01245	0.01181	0.08977	0.10241	0.38158	0.09325	0.02753	0.02236	0.00951	0.00727	0.00222	0.00628	0.03056	0.00757	0.04649
56	0.08588	0.22757	0.16952	0.01941	0.04079	0.02107	0.15980	0.02108	0.01425	0.02080	0.01144	0.01478	0.00944	0.00747	0.00944	0.00224	0.14690	0.00562	0.00330	0.00919
57	0.00901	0.00885	0.04603	0.00851	0.01119	0.00674	0.00706	0.01128	0.01616	0.01977	0.08295	0.09830	0.56978	0.01764	0.00846	0.00247	0.00420	0.05884	0.00645	0.00630
58	0.00916	0.00661	0.00878	0.01034	0.01108	0.00623	0.00741	0.01080	0.01427	0.01879	0.04076	0.58951	0.08167	0.02160	0.00919	0.00293	0.00454	0.13379	0.00660	0.00593
59	0.01014	0.00692	0.00814	0.00842	0.00867	0.00688	0.00516	0.01061	0.01126	0.01497	0.02653	0.13310	0.04823	0.57750	0.05718	0.00628	0.00692	0.04361	0.00475	0.00473
60	0.01327	0.00664	0.00664	0.00664	0.00830	0.00664	0.00498	0.01659	0.01493	0.02655	0.02323	0.02655	0.01825	0.00830	0.00498	0.00166	0.00332	0.00664	0.78928	0.00664
61	0.02194	0.01961	0.01927	0.10309	0.02406	0.13155	0.01351	0.26294	0.26806	0.03177	0.01989	0.02008	0.01481	0.00858	0.00705	0.00222	0.00804	0.00670	0.00613	0.01068
62	0.01034	0.00787	0.00831	0.00799	0.01048	0.00691	0.00599	0.01309	0.04963	0.05759	0.09848	0.06214	0.56400	0.05373	0.00969	0.00261	0.00399	0.01391	0.00671	0.00655
63	0.00870	0.00726	0.00760	0.00761	0.00991	0.00616	0.00577	0.01071	0.01663	0.02024	0.13365	0.06744	0.61436	0.01775	0.00847	0.00242	0.00369	0.03880	0.00673	0.00610
64	0.01550	0.01379	0.01788	0.05446	0.10961	0.04974	0.01315	0.10027	0.01597	0.02205	0.01999	0.20618	0.02061	0.01596	0.06294	0.00325	0.21121	0.00993	0.02935	0.00817
65	0.14025	0.03159	0.54121	0.01940	0.02866	0.01658	0.08102	0.02231	0.01472	0.02408	0.01246	0.01485	0.00897	0.00667	0.00653	0.00226	0.00985	0.00531	0.00328	0.00999
66	0.01036	0.00690	0.00777	0.00777	0.00777	0.00690	0.00431	0.01036	0.01036	0.01381	0.02244	0.04660	0.02589	0.74975	0.03624	0.00690	0.00690	0.01036	0.00431	0.00431
67	0.80005	0.01377	0.01047	0.00936	0.01377	0.01597	0.00771	0.02093	0.01212	0.03195	0.00991	0.01157	0.00771	0.00661	0.00441	0.00220	0.00551	0.00386	0.00441	0.00771
68	0.01762	0.01692	0.02890	0.04371	0.70533	0.01692	0.02185	0.02185	0.01621	0.02326	0.01339	0.01762	0.01128	0.00634	0.00705	0.00211	0.00846	0.00634	0.00352	0.01128
69	0.01778	0.01652	0.02712	0.14673	0.54783	0.01718	0.02084	0.07651	0.01736	0.02430	0.01359	0.01779	0.01108	0.00665	0.00707	0.00216	0.00857	0.00635	0.00377	0.01083
70	0.45074	0.01375	0.01557	0.27549	0.05049	0.01623	0.01287	0.04986	0.01400	0.02721	0.01136	0.01474	0.00868	0.00687	0.00561	0.00226	0.00717	0.00496	0.00405	0.00810
71	0.01996	0.70119	0.03583	0.01222	0.01827	0.02691	0.01206	0.02228	0.01489	0.06615	0.01120	0.01234	0.00974	0.00629	0.00475	0.00157	0.00750	0.00405	0.00346	0.00935
72	0.00922	0.00662	0.00876	0.01027	0.01097	0.00626	0.00732	0.01080	0.01412	0.01861	0.03991	0.56871	0.07672	0.04960	0.01023	0.00309	0.00464	0.13176	0.00651	0.00587
73	0.04616	0.07669	0.03905	0.01269	0.04886	0.01127	0.01004	0.03832	0.01897	0.22131	0.27611	0.03807	0.07938	0.01153	0.00748	0.00222	0.00536	0.04051	0.00704	0.00895
74	0.02599	0.01906	0.02044	0.01572	0.02124	0.02091	0.01295	0.62712	0.03195	0.04326	0.01724	0.01747	0.01235	0.00842	0.00696	0.00208	0.00753	0.00635	0.04463	0.03832
75	0.02929	0.01153	0.01567	0.01222	0.01726	0.01001	0.01001	0.03212	0.02035	0.62738	0.10998	0.02776	0.02365	0.00951	0.00731	0.00221	0.00573	0.00786	0.00869	0.01146
76	0.00928	0.00663	0.00893	0.01034	0.01102	0.00637	0.00736	0.01093	0.01411	0.01888	0.06743	0.55760	0.04495	0.04779	0.04513	0.00348	0.00528	0.11212	0.00644	0.00592
77	0.01870	0.05014	0.01967	0.07630	0.15585	0.01645	0.01369	0.03060	0.35756	0.10960	0.02572	0.02526	0.05108	0.00894	0.00712	0.00228	0.00654	0.00761	0.00615	0.01075
78	0.02551	0.01089	0.01459	0.01171	0.01612	0.00966	0.00946	0.02897	0.04089	0.50249	0.21281	0.03225	0.03134	0.01041	0.00750	0.00222	0.00531	0.00876	0.00850	0.01061
79	0.01024	0.00738	0.01017	0.01017	0.01101	0.00821	0.00732	0.01190	0.01107	0.01559	0.02023	0.03441	0.02059	0.29389	0.48486	0.00988	0.01487	0.00857	0.00399	0.00565
80	0.01533	0.06319	0.65264	0.01961	0.02972	0.01669	0.02499	0.02310	0.01527	0.05615	0.01342	0.01535	0.00945	0.00684	0.00670	0.00222	0.01019	0.00530	0.00329	0.01055
81	0.02958	0.01295	0.05024	0.01287	0.01829	0.01046	0.01100	0.03250	0.01968	0.63177	0.02806	0.07031	0.01911	0.00958	0.00727	0.00225	0.00615	0.00791	0.00839	0.01163
82	0.02345	0.01634	0.01781	0.01422	0.01885	0.01785	0.01166	0.48650	0.02810	0.06307	0.01942	0.02193	0.01474	0.01116	0.04222	0.00256	0.00751	0.03156	0.14036	0.01068
83	0.01767	0.01715	0.02770	0.04121	0.64462	0.04383	0.02103	0.02176	0.01638	0.02294	0.01450	0.02054	0.01267	0.00704	0.00716	0.00216	0.00854	0.03850	0.00368	0.01093
84	0.01738	0.01907	0.08327	0.05865	0.20709	0.01737	0.36917	0.02264	0.01628	0.05623	0.01436	0.01854	0.01100	0.00668	0.00864	0.00235	0.05005	0.00739	0.00375	0.01006
85	0.02007	0.05765	0.02079	0.01957	0.10020	0.29429	0.01398	0.05459	0.03668	0.01993	0.01908	0.02137	0.09426	0.00982	0.01080	0.00226	0.18537	0.00661	0.00412	0.00854
86	0.01288	0.01088	0.03421	0.01354	0.01602	0.01030	0.07476	0.10546	0.04145	0.02359	0.05366	0.39993	0.05539	0.01722	0.00868	0.00272	0.00593	0.09955	0.00634	0.00749
87	0.06433	0.31770	0.02654	0.01526	0.04572	0.13923	0.01263	0.18937	0.05377	0.02577	0.01519	0.01612	0.03521	0.00756	0.00588	0.00186	0.00821	0.00530	0.00460	0.00974
88	0.30846	0.01396	0.01423	0.11321	0.02031	0.03195	0.01070	0.05775	0.19523	0.04626	0.07941	0.02283	0.04102	0.00875	0.00628	0.00228	0.00615	0.00672	0.00559	0.00888
89	0.01603	0.01337	0.01559	0.01153	0.01724	0.01141	0.00928	0.09756	0.01714	0.02583	0.05054	0.01717	0.01376	0.00650	0.00649	0.00134	0.03858	0.00505	0.00472	0.62085
90	0.02623	0.06958	0.02103	0.01804	0.02183	0.68687	0.01368	0.02808	0.01990	0.01739	0.01095	0.01277	0.00917	0.00728	0.00633	0.00182	0.01258	0.00455	0.00364	0.00830
91	0.01112	0.00794	0.01107	0.01271	0.01419	0.00789	0.01086	0.01414	0.01604	0.02091	0.03790	0.16439	0.04175	0.02000	0.00974	0.00323	0.00625	0.57683	0.00656	0.00646
92	0.01058	0.00818	0.01203	0.01180	0.01292	0.00976	0.00917	0.01293	0.01135	0.01644	0.01852	0.02797	0.01757	0.08444	0.63638	0.01061	0.07155	0.00766	0.00379	0.00636
93	0.01123	0.00758	0.00882	0.00857	0.01083	0.00665	0.00649	0.01352	0.01721	0.08379	0.20915	0.13055	0.37688	0.01655	0.00829	0.00240	0.00391	0.03586	0.03497	0.00674
94	0.01082	0.00790	0.01136	0.01121	0.01247	0.00926	0.00875	0.01341	0.01185	0.01779	0.01911	0.02719	0.01744	0.04584	0.59905	0.00983	0.05243	0.00744	0.10040	0.00646
95	0.01345	0.01266	0.02136	0.73264	0.04904	0.01582	0.01978	0.01819	0.01424	0.01819	0.01266	0.01898	0.00949	0.00712	0.00712	0.00237	0.00949	0.00633	0.00316	0.00791
96	0.02208	0.01473	0.01710	0.01551	0.05220	0.01590	0.01168	0.06786	0.44225	0.21724	0.02739	0.02502	0.01962	0.00921	0.00721	0.00233	0.00600	0.00764	0.00749	0.01155
97	0.01018	0.00758	0.00859	0.00877	0.01106	0.00665	0.00689	0.01234	0.01648	0.05284	0.08645	0.10150	0.48975	0.01798	0.00865	0.00258	0.00429	0.13426	0.00675	0.00642
98	0.00842	0.00721	0.00721	0.00721	0.00962	0.00601	0.00541	0.01022	0.01623	0.01924	0.07213	0.06853	0.70244	0.01803	0.00842	0.00240	0.00361	0.01503	0.00661	0.00601
99	0.01904	0.75404	0.03731	0.01218	0.01828	0.02818	0.01218	0.02132	0.01447	0.01675	0.00990	0.01142	0.00914	0.00609	0.00457	0.00152	0.00761	0.00381	0.00305	0.00914
100	0.01225	0.00796	0.01034	0.00946	0.01155	0.00739	0.00719	0.01608	0.04129	0.08867	0.62111	0.04980	0.06139	0.01390	0.00825	0.00224	0.00367	0.01222	0.00791	0.00734
101	0.01327	0.00664	0.00664	0.00664	0.00830	0.00664	0.00498	0.01659	0.01493	0.02655	0.02323	0.02655	0.01825	0.00830	0.00498	0.00166	0.00332	0.00664	0.78928	0.00664
102	0.80005	0.01377	0.01047	0.00936	0.01377	0.01597	0.00771	0.02093	0.01212	0.03195	0.00991	0.01157	0.00771	0.00661	0.00441	0.00220	0.00551	0.00386	0.00441	0.00771
103	0.00873	0.00624	0.00831	0.00988	0.01034	0.00582	0.00661	0.01005	0.01388	0.01856	0.06398	0.71927	0.04785	0.02202	0.00906	0.00287	0.00410	0.01997	0.00666	0.00582
104	0.01327	0.00664	0.00664	0.00664	0.00830	0.00664	0.00498	0.01659	0.01493	0.02655	0.02323	0.02655	0.01825	0.00830	0.00498	0.00166	0.00332	0.00664	0.78928	0.00664
105	0.62320	0.01375	0.01266	0.05859	0.06530	0.01574	0.00956	0.04411	0.01346	0.03061	0.01132	0.01349	0.00881	0.00678	0.00490	0.00218	0.00594	0.00443	0.04708	0.00808
106	0.01920	0.70006	0.03610	0.01265	0.01843	0.05458	0.01237	0.02145	0.01456	0.01679	0.00992	0.01163	0.00915	0.00637	0.00531	0.00159	0.03378	0.00392	0.00307	0.00906
107	0.01168	0.00821	0.01190	0.01154	0.01292	0.00950	0.00899	0.01412	0.01197	0.05085	0.01930	0.02777	0.01766	0.07372	0.58981	0.00992	0.05632	0.00759	0.03959	0.00665
108	0.01122	0.04477	0.01333	0.01348	0.04769	0.00898	0.03355	0.01395	0.01596	0.02112	0.11704	0.25936	0.07177	0.01793	0.00894	0.00283	0.00568	0.27931	0.00630	0.00680
109	0.01717	0.01793	0.06336	0.07426	0.57135	0.01696	0.09031	0.02181	0.01612	0.02294	0.01343	0.01773	0.01103	0.00637	0.00718	0.00216	0.00898	0.00650	0.00349	0.01091
110	0.02707	0.01995	0.02137	0.01638	0.02208	0.02208	0.01353	0.68159	0.03348	0.04488	0.01710	0.01710	0.01211	0.00855	0.00712	0.00214	0.00784	0.00641	0.00712	0.01211
111	0.01345	0.01266	0.02136	0.73264	0.04904	0.01582	0.01978	0.01819	0.01424	0.01819	0.01266	0.01898	0.00949	0.00712	0.00712	0.00237	0.00949	0.00633	0.00316	0.00791
112	0.01731	0.01401	0.01541	0.01375	0.01649	0.08700	0.01085	0.16960	0.04210	0.05857	0.01902	0.05552	0.01664	0.03113	0.35577	0.00673	0.04915	0.00753	0.00502	0.00838
113	0.00875	0.00745	0.00756	0.00749	0.00991	0.00637	0.00563	0.01114	0.03580	0.01990	0.09509	0.06673	0.65848	0.01766	0.00838	0.00240	0.00366	0.01475	0.00668	0.00619
114	0.01018	0.00759	0.01126	0.01126	0.01247	0.00880	0.00867	0.01260	0.01139	0.01640	0.01924	0.02890	0.01820	0.08787	0.68762	0.01122	0.01847	0.00776	0.00384	0.00626
115	0.01451	0.03534	0.65839	0.02151	0.05231	0.01662	0.05830	0.02254	0.01516	0.02259	0.01288	0.01532	0.00918	0.00671	0.00685	0.00226	0.01053	0.00545	0.00305	0.01050

[dist]
# distance from previous block
# <min> <max>
0	10

[block]
# block no. 7 follows, 29 sequences, length 35
# corresponding to MSA columns:
# 367-401
name=unknown_H
#
# <colnr> <probs for GDERKNQSTAVLIFYWHMCP>
#	G	D	E	R	K	N	Q	S	T	A	V	L	I	F	Y	W	H	M	C	P
0	0.17658	0.51037	0.12018	0.01267	0.01900	0.02418	0.01312	0.02140	0.01407	0.02059	0.01028	0.01192	0.00883	0.00628	0.00482	0.00176	0.00757	0.00401	0.00332	0.00903
1	0.00866	0.00627	0.00819	0.00972	0.01028	0.00580	0.00652	0.00994	0.01382	0.01826	0.04167	0.69532	0.09532	0.02199	0.00904	0.00286	0.00409	0.01986	0.00661	0.00580
2	0.01023	0.00772	0.00988	0.05430	0.01336	0.00755	0.00768	0.05159	0.01612	0.02134	0.13024	0.46694	0.13845	0.01889	0.00866	0.00266	0.00451	0.01682	0.00659	0.00646
3	0.02516	0.02115	0.02041	0.02104	0.15497	0.24907	0.01404	0.09655	0.06487	0.20810	0.04166	0.01956	0.01498	0.00806	0.00694	0.00207	0.00885	0.00632	0.00575	0.01043
4	0.08808	0.02241	0.17424	0.02463	0.03209	0.01798	0.41032	0.09659	0.01789	0.02606	0.01397	0.01743	0.01031	0.00650	0.00756	0.00232	0.01065	0.00713	0.00395	0.00990
5	0.05956	0.04568	0.02471	0.07041	0.36820	0.26924	0.01783	0.02394	0.01726	0.02112	0.01222	0.01549	0.01018	0.00675	0.00662	0.00201	0.00991	0.00551	0.00359	0.00976
6	0.00921	0.00720	0.00807	0.00787	0.00975	0.00636	0.00573	0.01133	0.01689	0.02179	0.28147	0.06075	0.40697	0.10163	0.01163	0.00287	0.00390	0.01375	0.00677	0.00606
7	0.01721	0.01570	0.01725	0.01816	0.11681	0.05881	0.01231	0.03183	0.47371	0.02730	0.06210	0.02869	0.06911	0.00987	0.00731	0.00233	0.00622	0.00832	0.00648	0.01050
8	0.01439	0.01226	0.01437	0.01051	0.01647	0.00926	0.00832	0.01744	0.01470	0.02289	0.01429	0.05974	0.01280	0.00632	0.00551	0.00117	0.00520	0.00521	0.00437	0.74479
9	0.02660	0.03394	0.02018	0.01834	0.02201	0.72116	0.01376	0.02843	0.02018	0.01743	0.01101	0.01284	0.00917	0.00734	0.00642	0.00183	0.01284	0.00459	0.00367	0.00825
10	0.00854	0.00712	0.00745	0.00758	0.00975	0.00603	0.00560	0.01038	0.01622	0.01970	0.10706	0.13235	0.60131	0.01823	0.00848	0.00244	0.00364	0.01540	0.00669	0.00603
11	0.01019	0.00757	0.01115	0.01115	0.01232	0.00874	0.00854	0.01253	0.01136	0.01631	0.01934	0.02944	0.01844	0.10841	0.66740	0.01109	0.01811	0.00784	0.00385	0.00620
12	0.01008	0.00728	0.00952	0.00896	0.01064	0.00672	0.00672	0.01344	0.02016	0.02855	0.70158	0.05319	0.06719	0.01456	0.00840	0.00224	0.00336	0.01288	0.00784	0.00672
13	0.01041	0.00706	0.00816	0.00834	0.00860	0.00702	0.00515	0.01084	0.01122	0.01482	0.02579	0.05107	0.05013	0.64437	0.03239	0.00635	0.00675	0.08228	0.00464	0.00462
14	0.02660	0.03394	0.02018	0.01834	0.02201	0.72116	0.01376	0.02843	0.02018	0.01743	0.01101	0.01284	0.00917	0.00734	0.00642	0.00183	0.01284	0.00459	0.00367	0.00825
15	0.02707	0.01995	0.02137	0.01638	0.02208	0.02208	0.01353	0.68159	0.03348	0.04488	0.01710	0.01710	0.01211	0.00855	0.00712	0.00214	0.00784	0.00641	0.00712	0.01211
16	0.00868	0.00620	0.00826	0.00991	0.01033	0.00578	0.00661	0.00991	0.01363	0.01818	0.03925	0.74510	0.04710	0.02231	0.00909	0.00289	0.00413	0.02024	0.00661	0.00578
17	0.01132	0.00815	0.01126	0.01282	0.01450	0.00809	0.01117	0.01453	0.01638	0.02121	0.03941	0.07973	0.07387	0.01959	0.00976	0.00323	0.00641	0.62546	0.00656	0.00653
18	0.02660	0.03394	0.02018	0.01834	0.02201	0.72116	0.01376	0.02843	0.02018	0.01743	0.01101	0.01284	0.00917	0.00734	0.00642	0.00183	0.01284	0.00459	0.00367	0.00825
19	0.01123	0.00753	0.00989	0.00915	0.01103	0.00692	0.00692	0.01455	0.02017	0.06431	0.66626	0.05167	0.06459	0.01426	0.00833	0.00224	0.00350	0.01258	0.00789	0.00700
20	0.02660	0.03394	0.02018	0.01834	0.02201	0.72116	0.01376	0.02843	0.02018	0.01743	0.01101	0.01284	0.00917	0.00734	0.00642	0.00183	0.01284	0.00459	0.00367	0.00825
21	0.02990	0.01400	0.01755	0.01351	0.01894	0.01339	0.01114	0.20390	0.02381	0.51159	0.04879	0.02337	0.01791	0.00894	0.00719	0.00219	0.00643	0.00716	0.00834	0.01193
22	0.01568	0.01401	0.01906	0.07771	0.01966	0.01862	0.01394	0.05735	0.01327	0.02057	0.01256	0.01791	0.01110	0.01103	0.01773	0.00273	0.50021	0.00632	0.14268	0.00786
23	0.01904	0.75404	0.03731	0.01218	0.01828	0.02818	0.01218	0.02132	0.01447	0.01675	0.00990	0.01142	0.00914	0.00609	0.00457	0.00152	0.00761	0.00381	0.00305	0.00914
24	0.00866	0.00625	0.00821	0.00977	0.01029	0.00580	0.00655	0.00993	0.01377	0.01823	0.04097	0.70962	0.08147	0.02208	0.00905	0.00287	0.00410	0.01997	0.00661	0.00580
25	0.19045	0.02074	0.03917	0.01681	0.06238	0.13006	0.01304	0.33541	0.04753	0.05632	0.01501	0.01577	0.01107	0.00780	0.00642	0.00212	0.00811	0.00562	0.00572	0.01044
26	0.01018	0.00758	0.01122	0.01122	0.01241	0.00878	0.00862	0.01257	0.01138	0.01636	0.01928	0.02912	0.01830	0.09629	0.67933	0.01116	0.01832	0.00780	0.00385	0.00623
27	0.01829	0.01486	0.01586	0.01416	0.01823	0.01692	0.01105	0.03682	0.63155	0.07063	0.03022	0.02768	0.04190	0.00986	0.00728	0.00240	0.00560	0.00821	0.00732	0.01116
28	0.00925	0.00655	0.00862	0.01006	0.01058	0.00624	0.00696	0.01060	0.01358	0.01804	0.03695	0.57145	0.04365	0.11270	0.01257	0.00344	0.00479	0.10195	0.00632	0.00570
29	0.06621	0.18973	0.09248	0.02076	0.11987	0.15987	0.04048	0.02196	0.01501	0.01962	0.01094	0.01422	0.00947	0.00797	0.01008	0.00219	0.18156	0.00521	0.00335	0.00902
30	0.00989	0.00757	0.00913	0.00901	0.01081	0.00705	0.00665	0.01352	0.05874	0.02456	0.39221	0.17024	0.22137	0.01642	0.00845	0.00240	0.00369	0.01435	0.00729	0.00666
31	0.01017	0.00763	0.01144	0.01144	0.01272	0.00890	0.00890	0.01272	0.01144	0.01653	0.01907	0.02797	0.01780	0.05340	0.72153	0.01144	0.01907	0.00763	0.00381	0.00636
32	0.01734	0.01836	0.07164	0.04089	0.59621	0.01701	0.08935	0.02199	0.01620	0.02317	0.01346	0.01763	0.01109	0.00633	0.00717	0.00215	0.00895	0.00649	0.00350	0.01106
33	0.02154	0.11190	0.02633	0.02156	0.09314	0.28558	0.10905	0.07610	0.05187	0.02143	0.01275	0.01544	0.01049	0.00777	0.00885	0.00213	0.10512	0.00574	0.00395	0.00925
34	0.01147	0.00820	0.01147	0.01311	0.01475	0.00820	0.01147	0.01475	0.01639	0.02131	0.03770	0.08032	0.04098	0.01967	0.00984	0.00328	0.00656	0.65741	0.00656	0.00656

[dist]
# distance from previous block
# <min> <max>
0	8

[block]
# block no. 8 follows, 29 sequences, length 154
# corresponding to MSA columns:
# 410-465,497-594
name=unknown_I
#
# <colnr> <probs for GDERKNQSTAVLIFYWHMCP>
#	G	D	E	R	K	N	Q	S	T	A	V	L	I	F	Y	W	H	M	C	P
0	0.01688	0.01901	0.04088	0.03120	0.09498	0.01791	0.62262	0.02273	0.01676	0.02285	0.01432	0.01907	0.01085	0.00603	0.00829	0.00238	0.01170	0.00823	0.00359	0.00975
1	0.02278	0.02607	0.02315	0.02739	0.27663	0.39957	0.01654	0.06232	0.01934	0.02120	0.01390	0.01638	0.02894	0.00733	0.00675	0.00197	0.01067	0.00563	0.00389	0.00954
2	0.00893	0.00644	0.00845	0.00962	0.01036	0.00597	0.00658	0.01058	0.01496	0.02016	0.16405	0.58771	0.07842	0.02068	0.00893	0.00275	0.00397	0.01865	0.00684	0.00597
3	0.69723	0.07245	0.03245	0.01012	0.01481	0.03532	0.00874	0.02120	0.01259	0.03013	0.01002	0.01169	0.00790	0.00659	0.00454	0.00214	0.00600	0.00391	0.00424	0.00792
4	0.00975	0.00716	0.00913	0.00886	0.01049	0.00654	0.00656	0.01271	0.01904	0.02643	0.56237	0.12712	0.13581	0.01575	0.00847	0.00233	0.00347	0.01389	0.00757	0.00654
5	0.01700	0.01387	0.01689	0.05863	0.09103	0.01475	0.01211	0.02924	0.37245	0.06514	0.05297	0.04726	0.02152	0.00947	0.00714	0.00222	0.00603	0.03402	0.00625	0.12204
6	0.02856	0.01222	0.01618	0.01225	0.01792	0.01027	0.01007	0.03140	0.01927	0.57487	0.02505	0.02237	0.01623	0.00812	0.00679	0.00198	0.00590	0.00658	0.00791	0.16606
7	0.01876	0.71209	0.07682	0.01266	0.01901	0.02749	0.01301	0.02139	0.01450	0.01709	0.01007	0.01163	0.00913	0.00613	0.00470	0.00157	0.00779	0.00389	0.00304	0.00922
8	0.01055	0.00765	0.01032	0.01168	0.01315	0.00743	0.00966	0.01329	0.01604	0.02090	0.07871	0.20975	0.10639	0.01975	0.00947	0.00306	0.00561	0.43355	0.00664	0.00636
9	0.02396	0.01390	0.01629	0.01369	0.01837	0.01453	0.01092	0.03646	0.39768	0.32826	0.02859	0.02554	0.01993	0.00929	0.00721	0.00232	0.00582	0.00766	0.00793	0.01164
10	0.02522	0.01859	0.01985	0.01553	0.02079	0.02060	0.01273	0.57416	0.09545	0.04217	0.01866	0.01865	0.01346	0.00864	0.00699	0.00213	0.00731	0.00658	0.06083	0.01165
11	0.01049	0.00809	0.01205	0.01187	0.01307	0.00966	0.00929	0.01297	0.01141	0.01657	0.01850	0.02725	0.01731	0.05101	0.68070	0.01096	0.06105	0.00755	0.00377	0.00644
12	0.02660	0.03394	0.02018	0.01834	0.02201	0.72116	0.01376	0.02843	0.02018	0.01743	0.01101	0.01284	0.00917	0.00734	0.00642	0.00183	0.01284	0.00459	0.00367	0.00825
13	0.00842	0.00721	0.00721	0.00721	0.00962	0.00601	0.00541	0.01022	0.01623	0.01924	0.07213	0.06853	0.70244	0.01803	0.00842	0.00240	0.00361	0.01503	0.00661	0.00601
14	0.00868	0.00620	0.00826	0.00991	0.01033	0.00578	0.00661	0.00991	0.01363	0.01818	0.03925	0.74510	0.04710	0.02231	0.00909	0.00289	0.00413	0.02024	0.00661	0.00578
15	0.00868	0.00620	0.00826	0.00991	0.01033	0.00578	0.00661	0.00991	0.01363	0.01818	0.03925	0.74510	0.04710	0.02231	0.00909	0.00289	0.00413	0.02024	0.00661	0.00578
16	0.01762	0.01692	0.02890	0.04371	0.70533	0.01692	0.02185	0.02185	0.01621	0.02326	0.01339	0.01762	0.01128	0.00634	0.00705	0.00211	0.00846	0.00634	0.00352	0.01128
