[name]
unknown

[dist]
# distance from previous block
# <min> <max>
5	55

[block]
# block no. 0 follows, 27 sequences, length 16
# corresponding to MSA columns:
# 55-70
name=unknown_A
#
# <colnr> <probs for GDERKNQSTAVLIFYWHMCP>
#	G	D	E	R	K	N	Q	S	T	A	V	L	I	F	Y	W	H	M	C	P
0	0.05286	0.01724	0.02018	0.01943	0.12786	0.03846	0.01349	0.26815	0.07510	0.12832	0.02282	0.02286	0.06098	0.00889	0.00719	0.00215	0.00731	0.00714	0.00651	0.09306
1	0.01757	0.01802	0.02971	0.24490	0.32638	0.06712	0.14412	0.02231	0.01670	0.02213	0.01375	0.01876	0.01094	0.00686	0.00759	0.00232	0.01018	0.00689	0.00359	0.01014
2	0.01539	0.01319	0.01539	0.01100	0.01759	0.00990	0.00880	0.01869	0.01539	0.02419	0.01319	0.01539	0.01100	0.00550	0.00550	0.00110	0.00550	0.00440	0.00440	0.78449
3	0.01772	0.01903	0.02582	0.18101	0.05270	0.12291	0.11576	0.02093	0.01472	0.01927	0.01173	0.01727	0.01005	0.00970	0.01495	0.00273	0.32503	0.00661	0.00344	0.00863
4	0.01400	0.01269	0.02102	0.66344	0.04769	0.01572	0.01937	0.01883	0.01490	0.01967	0.01409	0.02043	0.01064	0.00752	0.00724	0.00241	0.00938	0.00662	0.06619	0.00814
5	0.02837	0.01913	0.02107	0.01631	0.02210	0.02073	0.01342	0.52127	0.07775	0.15164	0.02056	0.01973	0.01426	0.00904	0.00744	0.00226	0.00771	0.00693	0.00772	0.01257
6	0.37781	0.01215	0.01339	0.01158	0.01519	0.01299	0.05846	0.04304	0.01695	0.03099	0.25608	0.07007	0.03307	0.01083	0.00680	0.00237	0.00547	0.00884	0.00605	0.00788
7	0.59339	0.01551	0.06004	0.01105	0.01615	0.01546	0.00978	0.02376	0.01446	0.13131	0.04038	0.01600	0.01214	0.00757	0.00536	0.00230	0.00610	0.00501	0.00532	0.00889
8	0.00997	0.00792	0.00904	0.00921	0.01116	0.00731	0.00672	0.01353	0.06814	0.02278	0.19923	0.22948	0.34164	0.01844	0.00885	0.00260	0.00400	0.01596	0.00723	0.00679
9	0.01247	0.01075	0.01171	0.06800	0.01581	0.04963	0.00876	0.03774	0.08951	0.02360	0.18354	0.16863	0.23130	0.04329	0.00959	0.00269	0.00536	0.01351	0.00670	0.00741
10	0.07307	0.05977	0.19193	0.01361	0.01824	0.01360	0.01329	0.01963	0.10369	0.02255	0.03123	0.15885	0.13396	0.07181	0.01073	0.00290	0.03675	0.01068	0.00527	0.00844
11	0.08201	0.12698	0.22468	0.05382	0.09110	0.09733	0.05974	0.02418	0.01686	0.08140	0.04212	0.01781	0.01305	0.00741	0.00671	0.00215	0.00936	0.00592	0.00421	0.03317
12	0.08089	0.08210	0.09326	0.01883	0.06120	0.18677	0.06009	0.08920	0.14556	0.02604	0.01753	0.05184	0.01440	0.00853	0.00693	0.00219	0.00916	0.00676	0.00497	0.03375
13	0.15223	0.06093	0.05369	0.07359	0.02367	0.14376	0.07107	0.10977	0.06948	0.02752	0.08460	0.02053	0.01720	0.00874	0.00793	0.00229	0.05197	0.00667	0.00502	0.00935
14	0.19333	0.04260	0.01617	0.01262	0.01733	0.03510	0.01020	0.15442	0.07722	0.11186	0.10881	0.05251	0.02198	0.00947	0.00671	0.00215	0.00622	0.00739	0.00645	0.10747
15	0.02220	0.10078	0.16297	0.02020	0.07807	0.08899	0.04812	0.21694	0.10859	0.05597	0.01709	0.01804	0.01273	0.00799	0.00707	0.00221	0.00913	0.00631	0.00535	0.01125

[dist]
# distance from previous block
# <min> <max>
6	17

[block]
# block no. 1 follows, 27 sequences, length 24
# corresponding to MSA columns:
# 88-111
name=unknown_B
#
# <colnr> <probs for GDERKNQSTAVLIFYWHMCP>
#	G	D	E	R	K	N	Q	S	T	A	V	L	I	F	Y	W	H	M	C	P
0	0.02513	0.05368	0.08210	0.01866	0.08975	0.05596	0.04006	0.13356	0.05213	0.27162	0.05631	0.02228	0.01739	0.00856	0.00728	0.00220	0.00782	0.00704	0.00667	0.04179
1	0.11474	0.04126	0.14652	0.06849	0.11040	0.01654	0.13761	0.08300	0.01796	0.06827	0.04390	0.08423	0.01678	0.00894	0.00741	0.00238	0.00872	0.00805	0.00483	0.00995
2	0.07479	0.11414	0.07354	0.02962	0.34478	0.03680	0.03712	0.02252	0.01599	0.05561	0.01419	0.01855	0.01199	0.04685	0.00906	0.00241	0.03686	0.00618	0.00397	0.04500
3	0.10814	0.18289	0.16357	0.05100	0.11296	0.09556	0.01676	0.06128	0.06175	0.02432	0.01644	0.01822	0.04202	0.00775	0.00642	0.00213	0.00879	0.00584	0.00419	0.00997
4	0.05976	0.10032	0.27102	0.02428	0.18346	0.08342	0.02022	0.09524	0.01845	0.02555	0.01583	0.01801	0.03765	0.00761	0.00684	0.00219	0.00950	0.00600	0.00404	0.01063
5	0.05634	0.04274	0.01335	0.01149	0.01368	0.01135	0.00880	0.08439	0.01781	0.05749	0.17436	0.22657	0.07538	0.05966	0.06162	0.00351	0.05467	0.01270	0.00646	0.00764
6	0.11402	0.15339	0.21440	0.01441	0.02044	0.05464	0.01478	0.06452	0.01732	0.05121	0.09875	0.02499	0.05147	0.06514	0.00901	0.00255	0.00798	0.00701	0.00478	0.00918
7	0.09196	0.26388	0.14438	0.01433	0.03919	0.04115	0.01370	0.02146	0.03566	0.04799	0.06743	0.02365	0.08228	0.01057	0.03409	0.00241	0.00797	0.00662	0.00451	0.04676
8	0.01477	0.01178	0.01349	0.01158	0.01492	0.05632	0.04385	0.05196	0.03843	0.07991	0.26021	0.04837	0.25277	0.01385	0.00823	0.00230	0.00540	0.01182	0.00703	0.05303
9	0.02033	0.41301	0.20097	0.01611	0.02318	0.14009	0.01674	0.05506	0.01719	0.02052	0.01163	0.01339	0.00965	0.00687	0.00579	0.00186	0.00962	0.00462	0.00348	0.00988
10	0.01685	0.01835	0.08432	0.11970	0.28872	0.06246	0.01833	0.02275	0.07680	0.02403	0.09234	0.02419	0.01932	0.00860	0.00810	0.00228	0.03644	0.02067	0.00454	0.05121
11	0.01506	0.01284	0.01504	0.01096	0.01723	0.00969	0.00870	0.01825	0.01533	0.02391	0.01466	0.05343	0.01301	0.00644	0.00571	0.00120	0.00543	0.00528	0.00453	0.74329
12	0.01055	0.00756	0.00998	0.01004	0.01082	0.00814	0.00699	0.01199	0.01176	0.01622	0.02468	0.06466	0.05414	0.34354	0.36649	0.00916	0.01319	0.00999	0.00444	0.00568
13	0.01062	0.00743	0.00954	0.00964	0.01015	0.00790	0.00640	0.01168	0.01141	0.01570	0.02312	0.08121	0.02517	0.44577	0.28370	0.00870	0.01170	0.01035	0.00444	0.00537
14	0.01039	0.00758	0.00976	0.00922	0.01102	0.00696	0.00691	0.01378	0.02074	0.02912	0.64758	0.05653	0.11175	0.01542	0.00876	0.00235	0.00352	0.01358	0.00809	0.00696
15	0.05280	0.13940	0.40976	0.01962	0.02812	0.14605	0.05904	0.02439	0.01654	0.02209	0.01251	0.01479	0.00950	0.00701	0.00664	0.00216	0.01082	0.00526	0.00337	0.01014
16	0.00986	0.00756	0.00903	0.00866	0.01069	0.00673	0.00650	0.01276	0.01949	0.02615	0.46004	0.06142	0.30114	0.01653	0.00876	0.00240	0.00360	0.01426	0.00770	0.00673
17	0.05029	0.42596	0.11284	0.01299	0.01892	0.04895	0.01306	0.02258	0.01592	0.06293	0.03394	0.01681	0.01315	0.00728	0.00546	0.00181	0.00757	0.00511	0.11507	0.00936
18	0.01608	0.01399	0.02142	0.40753	0.14425	0.01586	0.01784	0.09370	0.01751	0.02376	0.01633	0.06825	0.01373	0.00851	0.00733	0.00233	0.00857	0.00750	0.04535	0.05017
19	0.04178	0.06781	0.02114	0.05425	0.02259	0.05739	0.01333	0.37636	0.15601	0.03666	0.02041	0.06354	0.01622	0.00966	0.00729	0.00229	0.00778	0.00756	0.00665	0.01128
20	0.10894	0.06849	0.01976	0.01551	0.02006	0.26759	0.01236	0.24876	0.02391	0.03088	0.01504	0.01643	0.01161	0.00805	0.00642	0.00202	0.00919	0.00557	0.09963	0.00979
21	0.01327	0.00919	0.04653	0.08003	0.01588	0.00841	0.03309	0.01178	0.01076	0.01441	0.01302	0.02186	0.01237	0.02236	0.02508	0.64063	0.00723	0.00650	0.00325	0.00435
22	0.08372	0.05220	0.04755	0.01182	0.01480	0.05143	0.00965	0.01862	0.04368	0.08633	0.19274	0.19506	0.07976	0.01625	0.04066	0.00291	0.02650	0.01188	0.00644	0.00798
23	0.02492	0.01854	0.02067	0.01751	0.05456	0.02026	0.01348	0.53949	0.03097	0.04158	0.02102	0.12290	0.01793	0.01090	0.00772	0.00234	0.00764	0.00879	0.00716	0.01161

[dist]
# distance from previous block
# <min> <max>
0	2

[block]
# block no. 2 follows, 27 sequences, length 22
# corresponding to MSA columns:
# 114-135
name=unknown_C
#
# <colnr> <probs for GDERKNQSTAVLIFYWHMCP>
#	G	D	E	R	K	N	Q	S	T	A	V	L	I	F	Y	W	H	M	C	P
0	0.05621	0.25340	0.07365	0.05327	0.05631	0.16106	0.12794	0.04017	0.01751	0.04693	0.01390	0.01799	0.01159	0.00745	0.00662	0.00208	0.00997	0.03041	0.00397	0.00958
1	0.01561	0.05947	0.46103	0.02360	0.05494	0.01769	0.17696	0.02298	0.01594	0.02304	0.01396	0.01734	0.01040	0.00930	0.04312	0.00284	0.01160	0.00637	0.00334	0.01049
2	0.01694	0.01741	0.02263	0.01947	0.01970	0.06471	0.01613	0.01859	0.01196	0.01788	0.00985	0.01607	0.00973	0.01267	0.02328	0.00317	0.68198	0.00639	0.00328	0.00815
3	0.01088	0.00804	0.01082	0.03851	0.01300	0.00868	0.00825	0.01247	0.01281	0.01741	0.02762	0.20572	0.03073	0.26795	0.17392	0.00642	0.04465	0.09105	0.00512	0.00594
4	0.01985	0.74357	0.03890	0.01270	0.01905	0.02937	0.01270	0.02223	0.01508	0.01747	0.01032	0.01191	0.00953	0.00635	0.00476	0.00159	0.00794	0.00397	0.00318	0.00953
5	0.00892	0.00738	0.00783	0.00803	0.01020	0.00628	0.00590	0.01082	0.01680	0.02052	0.10958	0.16376	0.55996	0.01920	0.00887	0.00257	0.00382	0.01629	0.00698	0.00628
6	0.02985	0.01818	0.02066	0.01584	0.02172	0.01914	0.01308	0.46529	0.03052	0.25572	0.02150	0.02021	0.01447	0.00900	0.00744	0.00225	0.00757	0.00693	0.00799	0.01263
7	0.01489	0.03840	0.70064	0.02116	0.03213	0.01724	0.02743	0.02351	0.01567	0.02351	0.01332	0.01567	0.00940	0.00705	0.00705	0.00235	0.01097	0.00549	0.00313	0.01097
8	0.01107	0.00778	0.00950	0.00902	0.01115	0.00694	0.00678	0.01395	0.01948	0.06031	0.43929	0.08667	0.25791	0.01632	0.00873	0.00241	0.00376	0.01413	0.00778	0.00702
9	0.01023	0.00746	0.00933	0.00903	0.01060	0.00687	0.00654	0.01299	0.01892	0.02613	0.49520	0.10008	0.14247	0.09716	0.01205	0.00294	0.00400	0.01391	0.00752	0.00657
10	0.00904	0.00646	0.00861	0.01034	0.01077	0.00603	0.00689	0.01034	0.01421	0.01895	0.04092	0.73426	0.04910	0.02326	0.00948	0.00301	0.00431	0.02110	0.00689	0.00603
11	0.01905	0.01699	0.01744	0.06384	0.04247	0.08887	0.01240	0.13425	0.31477	0.02982	0.07530	0.07312	0.05739	0.01099	0.00770	0.00241	0.00702	0.00910	0.00670	0.01034
12	0.02315	0.44654	0.03141	0.01540	0.02069	0.31455	0.01339	0.02534	0.01758	0.01776	0.01080	0.01253	0.00954	0.00690	0.00557	0.00172	0.01022	0.00431	0.00345	0.00914
13	0.00944	0.00670	0.00880	0.01019	0.01073	0.00632	0.00688	0.01086	0.01450	0.01944	0.08619	0.59268	0.04825	0.09068	0.01215	0.00338	0.00463	0.04544	0.00675	0.00599
14	0.02277	0.06061	0.04769	0.11521	0.07079	0.30638	0.01549	0.13732	0.05338	0.02527	0.06229	0.01907	0.01523	0.00834	0.00707	0.00212	0.01027	0.00626	0.00480	0.00964
15	0.00980	0.00695	0.00881	0.00947	0.01032	0.00650	0.00642	0.01136	0.01548	0.02089	0.20604	0.37468	0.10035	0.13826	0.01445	0.02636	0.00459	0.01659	0.00672	0.00597
16	0.12904	0.01764	0.06917	0.28292	0.03249	0.01842	0.01628	0.25210	0.02189	0.03136	0.01743	0.02017	0.04316	0.00840	0.00706	0.00235	0.00847	0.00662	0.00512	0.00989
17	0.04949	0.07749	0.47990	0.02081	0.06144	0.06878	0.02319	0.09007	0.01794	0.02559	0.01338	0.01548	0.00981	0.00722	0.00684	0.00225	0.01035	0.00546	0.00372	0.01080
18	0.26365	0.05690	0.22586	0.08151	0.02414	0.01585	0.01569	0.02260	0.01523	0.08077	0.04007	0.01704	0.01231	0.00732	0.00612	0.00216	0.00778	0.00540	0.00444	0.09515
19	0.04829	0.00768	0.00892	0.00876	0.00951	0.00783	0.00566	0.01245	0.01300	0.01889	0.13796	0.04493	0.03227	0.46981	0.10337	0.00639	0.00771	0.01044	0.04070	0.00545
20	0.22888	0.01394	0.01461	0.01244	0.01621	0.01559	0.00999	0.19278	0.05243	0.06650	0.06638	0.02319	0.01804	0.04263	0.08559	0.00353	0.03960	0.00689	0.08158	0.00920
21	0.38486	0.05215	0.01755	0.06497	0.02057	0.11564	0.01183	0.15698	0.01864	0.03125	0.01222	0.01426	0.00952	0.00782	0.00695	0.00227	0.05350	0.00502	0.00483	0.00916

[dist]
# distance from previous block
# <min> <max>
0	13

[block]
# block no. 3 follows, 27 sequences, length 15
# corresponding to MSA columns:
# 149-163
name=unknown_D
#
# <colnr> <probs for GDERKNQSTAVLIFYWHMCP>
#	G	D	E	R	K	N	Q	S	T	A	V	L	I	F	Y	W	H	M	C	P
0	0.05432	0.08166	0.08839	0.01617	0.02195	0.01937	0.04852	0.33814	0.05288	0.03507	0.04875	0.05616	0.04042	0.00979	0.00732	0.00225	0.00779	0.02447	0.00619	0.04037
1	0.01868	0.14499	0.06585	0.18685	0.24630	0.02022	0.07850	0.10696	0.01848	0.02476	0.01372	0.01750	0.01089	0.00705	0.00704	0.00220	0.00928	0.00629	0.00398	0.01048
2	0.01127	0.00765	0.01041	0.01041	0.01164	0.00853	0.00782	0.01372	0.01250	0.01891	0.02122	0.03153	0.01980	0.13983	0.47828	0.00926	0.01490	0.00814	0.15779	0.00639
3	0.02129	0.01761	0.01679	0.01436	0.01815	0.11283	0.01119	0.29833	0.07881	0.03236	0.02343	0.10894	0.03851	0.05438	0.03888	0.00295	0.00808	0.00886	0.08452	0.00972
4	0.01015	0.00722	0.00920	0.01030	0.01098	0.00695	0.00691	0.03853	0.01505	0.02017	0.07305	0.58330	0.04599	0.10949	0.01280	0.00345	0.00478	0.01882	0.00669	0.00618
5	0.01402	0.01319	0.02227	0.72126	0.05113	0.01649	0.02062	0.01897	0.01484	0.01897	0.01319	0.01979	0.00990	0.00742	0.00742	0.00247	0.00990	0.00660	0.00330	0.00825
6	0.01053	0.00717	0.00818	0.00830	0.00853	0.00704	0.00485	0.01087	0.01180	0.01566	0.05316	0.10660	0.06581	0.61386	0.03279	0.00642	0.00663	0.01201	0.00496	0.00482
7	0.01501	0.01388	0.02231	0.62329	0.04692	0.01738	0.01989	0.05584	0.01570	0.02046	0.01317	0.01939	0.01004	0.00797	0.00882	0.00252	0.06881	0.00659	0.00353	0.00849
8	0.00967	0.00695	0.00918	0.00991	0.01091	0.00645	0.00694	0.01192	0.01714	0.02360	0.31941	0.44251	0.05810	0.01978	0.00917	0.00272	0.00396	0.01780	0.00744	0.00645
9	0.01790	0.01250	0.01157	0.01046	0.01322	0.07896	0.00819	0.14520	0.01995	0.03017	0.02254	0.02741	0.01814	0.00925	0.00605	0.00194	0.00553	0.04126	0.51156	0.00819
10	0.10162	0.03174	0.02019	0.01824	0.02182	0.58483	0.01388	0.02791	0.01942	0.01963	0.01122	0.01349	0.00943	0.00802	0.00794	0.00206	0.07136	0.00485	0.00385	0.00851
11	0.01170	0.00790	0.01042	0.00984	0.01178	0.00730	0.00756	0.01517	0.02073	0.06099	0.60940	0.05611	0.06557	0.01529	0.00881	0.00241	0.00388	0.05975	0.00812	0.00726
12	0.02336	0.06728	0.02036	0.01749	0.04895	0.33804	0.01310	0.13237	0.12130	0.02541	0.02193	0.02243	0.07900	0.00922	0.00702	0.00210	0.00970	0.00678	0.02450	0.00965
13	0.11301	0.07462	0.30477	0.02217	0.09268	0.13553	0.08543	0.04643	0.01714	0.02432	0.01285	0.01539	0.00980	0.00703	0.00676	0.00222	0.01040	0.00558	0.00370	0.01016
14	0.01273	0.00999	0.01254	0.01129	0.01241	0.01104	0.00813	0.03248	0.01311	0.01865	0.08022	0.03696	0.02483	0.37183	0.09911	0.00577	0.14282	0.00919	0.00462	0.08228

[dist]
# distance from previous block
# <min> <max>
0	7

[block]
# block no. 4 follows, 27 sequences, length 17
# corresponding to MSA columns:
# 172-188
name=unknown_E
#
# <colnr> <probs for GDERKNQSTAVLIFYWHMCP>
#	G	D	E	R	K	N	Q	S	T	A	V	L	I	F	Y	W	H	M	C	P
0	0.72470	0.01368	0.01071	0.00981	0.01405	0.01575	0.00794	0.02084	0.01277	0.03208	0.01295	0.07375	0.01155	0.00829	0.00501	0.00236	0.00562	0.00548	0.00479	0.00787
1	0.01566	0.01541	0.02189	0.06627	0.02115	0.02130	0.01601	0.01759	0.01165	0.01789	0.01075	0.01746	0.01042	0.01585	0.07517	0.00385	0.62374	0.00661	0.00331	0.00802
2	0.01254	0.00654	0.00949	0.00949	0.00970	0.00643	0.00638	0.00976	0.01029	0.01351	0.01822	0.02674	0.07071	0.02519	0.02728	0.71726	0.00622	0.00724	0.00354	0.00348
3	0.01539	0.01319	0.01539	0.01100	0.01759	0.00990	0.00880	0.01869	0.01539	0.02419	0.01319	0.01539	0.01100	0.00550	0.00550	0.00110	0.00550	0.00440	0.00440	0.78449
4	0.01022	0.00745	0.00961	0.00934	0.01098	0.00684	0.00690	0.01335	0.01993	0.02783	0.57034	0.13733	0.10937	0.01638	0.00884	0.00243	0.00362	0.01449	0.00793	0.00684
5	0.00926	0.00658	0.00864	0.01011	0.01057	0.00617	0.00671	0.01057	0.01431	0.01917	0.07437	0.64331	0.04847	0.07966	0.01168	0.00331	0.00449	0.01987	0.00677	0.00596
6	0.02645	0.01883	0.02046	0.01571	0.02145	0.02020	0.01292	0.53534	0.03122	0.07857	0.01839	0.01858	0.01316	0.00860	0.00712	0.00210	0.00754	0.00653	0.05313	0.08371
7	0.08584	0.01816	0.08256	0.01512	0.02083	0.01701	0.01330	0.27050	0.08035	0.19092	0.02057	0.02071	0.01465	0.01294	0.07210	0.00314	0.00860	0.00672	0.00679	0.03919
8	0.12358	0.02046	0.06550	0.01683	0.04337	0.05906	0.01389	0.33364	0.13012	0.09167	0.01897	0.01887	0.01367	0.00859	0.00702	0.00228	0.00785	0.00648	0.00661	0.01153
9	0.05138	0.49695	0.03250	0.01434	0.02008	0.16112	0.01300	0.09577	0.01837	0.02147	0.01138	0.01286	0.00982	0.00691	0.00543	0.00175	0.00895	0.00443	0.00383	0.00964
10	0.01024	0.00841	0.00916	0.00903	0.01151	0.00772	0.00695	0.01432	0.08017	0.02291	0.17222	0.06558	0.47029	0.01750	0.00877	0.00255	0.00416	0.06440	0.00717	0.00695
11	0.01791	0.01361	0.01604	0.01388	0.01655	0.01599	0.01111	0.18180	0.11181	0.02891	0.01994	0.02389	0.01631	0.03930	0.12686	0.00410	0.14679	0.00727	0.17878	0.00913
12	0.00913	0.00659	0.00850	0.00998	0.01055	0.00612	0.00665	0.01039	0.01423	0.01877	0.04260	0.64092	0.09866	0.06541	0.01110	0.00322	0.00444	0.02006	0.00675	0.00596
13	0.01514	0.03667	0.63863	0.02212	0.03276	0.01739	0.08769	0.02354	0.01585	0.02354	0.01348	0.01608	0.00958	0.00698	0.00721	0.00237	0.01112	0.00579	0.00319	0.01088
14	0.01014	0.00701	0.00813	0.00863	0.00915	0.00672	0.00537	0.01090	0.01278	0.01699	0.03524	0.25129	0.11876	0.40750	0.02446	0.00515	0.00576	0.01429	0.03646	0.00527
15	0.01177	0.00800	0.01004	0.00958	0.01177	0.00724	0.00742	0.01484	0.01970	0.07162	0.43979	0.05984	0.20892	0.01613	0.00881	0.00247	0.00407	0.07297	0.00782	0.00719
16	0.03450	0.08990	0.30934	0.06959	0.14350	0.01684	0.02071	0.02324	0.03870	0.06751	0.03745	0.02465	0.01583	0.00869	0.00726	0.00237	0.00904	0.06622	0.00432	0.01035

[dist]
# distance from previous block
# <min> <max>
0	15

[block]
# block no. 5 follows, 27 sequences, length 35
# corresponding to MSA columns:
# 204-238
name=unknown_F
#
# <colnr> <probs for GDERKNQSTAVLIFYWHMCP>
#	G	D	E	R	K	N	Q	S	T	A	V	L	I	F	Y	W	H	M	C	P
0	0.13587	0.13546	0.07209	0.01531	0.04408	0.03651	0.09012	0.02165	0.04574	0.05155	0.01842	0.04533	0.01585	0.05074	0.02869	0.00272	0.00776	0.02752	0.14587	0.00871
1	0.02162	0.05834	0.02101	0.01848	0.09662	0.05050	0.01343	0.31562	0.08245	0.03491	0.13038	0.02636	0.04789	0.01012	0.00820	0.00227	0.03649	0.00803	0.00654	0.01074
2	0.01042	0.00758	0.00983	0.00945	0.01119	0.00699	0.00712	0.01375	0.02039	0.02857	0.60825	0.08482	0.09840	0.01588	0.00884	0.00241	0.00367	0.03750	0.00801	0.00692
3	0.00983	0.00748	0.00911	0.00984	0.01147	0.00683	0.00749	0.01207	0.01665	0.02139	0.13977	0.23676	0.28465	0.04131	0.01014	0.00295	0.00464	0.15424	0.00698	0.00638
4	0.01015	0.00688	0.00913	0.00974	0.01057	0.00645	0.00672	0.01141	0.01559	0.02126	0.23960	0.36381	0.07007	0.04956	0.01336	0.12287	0.00448	0.01586	0.00663	0.00585
5	0.02521	0.02152	0.08907	0.01696	0.02306	0.02131	0.01491	0.51797	0.08942	0.04229	0.04919	0.02021	0.01582	0.00912	0.00746	0.00227	0.00803	0.00702	0.00704	0.01212
6	0.70785	0.01417	0.01161	0.01014	0.01486	0.01602	0.00836	0.02341	0.01358	0.10667	0.01243	0.01352	0.00918	0.00714	0.00491	0.00230	0.00581	0.00440	0.00510	0.00855
7	0.05746	0.02225	0.02099	0.05076	0.02332	0.19779	0.04979	0.32680	0.02643	0.03343	0.05742	0.02235	0.05974	0.00929	0.00735	0.00220	0.00918	0.00717	0.00598	0.01029
8	0.01078	0.00722	0.00820	0.00816	0.00826	0.00719	0.00464	0.01097	0.01136	0.01524	0.05985	0.04896	0.02935	0.69945	0.03619	0.00693	0.00699	0.01094	0.00470	0.00464
9	0.01985	0.74357	0.03890	0.01270	0.01905	0.02937	0.01270	0.02223	0.01508	0.01747	0.01032	0.01191	0.00953	0.00635	0.00476	0.00159	0.00794	0.00397	0.00318	0.00953
10	0.75455	0.01427	0.01122	0.00993	0.01458	0.01637	0.00818	0.02252	0.01305	0.06573	0.01126	0.01270	0.00854	0.00700	0.00473	0.00230	0.00577	0.00419	0.00482	0.00826
11	0.01606	0.01354	0.01562	0.01154	0.01775	0.01097	0.00919	0.05594	0.05282	0.02565	0.01535	0.04118	0.01305	0.00656	0.00586	0.00131	0.00563	0.00533	0.00483	0.67184
12	0.13927	0.49379	0.06376	0.01351	0.01953	0.09825	0.01292	0.04926	0.01617	0.02145	0.01089	0.01251	0.00942	0.00671	0.00516	0.00179	0.00833	0.00425	0.00363	0.00940
13	0.01517	0.07793	0.66354	0.02068	0.03140	0.01792	0.02660	0.02344	0.01564	0.02317	0.01315	0.01546	0.00941	0.00701	0.00692	0.00231	0.01080	0.00540	0.00314	0.01089
14	0.75350	0.01427	0.01123	0.00994	0.01459	0.01637	0.00818	0.02254	0.01307	0.06665	0.01129	0.01272	0.00856	0.00701	0.00474	0.00230	0.00577	0.00419	0.00482	0.00827
15	0.00981	0.00749	0.00900	0.00878	0.01070	0.00668	0.00653	0.01259	0.01912	0.02566	0.43166	0.10875	0.28227	0.01700	0.00881	0.00244	0.00365	0.01474	0.00764	0.00668
16	0.02526	0.01903	0.02030	0.01617	0.02151	0.02123	0.01316	0.48915	0.18868	0.04219	0.02107	0.02062	0.01531	0.00918	0.00736	0.00228	0.00742	0.00710	0.04082	0.01217
17	0.70379	0.01477	0.01202	0.01045	0.01519	0.01690	0.00861	0.07066	0.01465	0.06127	0.01166	0.01303	0.00880	0.00714	0.00492	0.00229	0.00595	0.00436	0.00499	0.00857
18	0.00904	0.00646	0.00861	0.01034	0.01077	0.00603	0.00689	0.01034	0.01421	0.01895	0.04092	0.73426	0.04910	0.02326	0.00948	0.00301	0.00431	0.02110	0.00689	0.00603
19	0.01520	0.00858	0.01138	0.01021	0.01272	0.00777	0.00782	0.01845	0.02068	0.16920	0.51381	0.08769	0.05803	0.01438	0.00853	0.00237	0.00414	0.01261	0.00831	0.00813
20	0.01624	0.01624	0.02274	0.01949	0.01949	0.02274	0.01624	0.01787	0.01137	0.01787	0.00975	0.01624	0.00975	0.01299	0.02436	0.00325	0.72552	0.00650	0.00325	0.00812
21	0.00904	0.00646	0.00861	0.01034	0.01077	0.00603	0.00689	0.01034	0.01421	0.01895	0.04092	0.73426	0.04910	0.02326	0.00948	0.00301	0.00431	0.02110	0.00689	0.00603
22	0.02934	0.01238	0.01631	0.01283	0.01800	0.01110	0.01048	0.05689	0.04763	0.55538	0.09451	0.02985	0.05014	0.01018	0.00764	0.00232	0.00599	0.00838	0.00887	0.01180
23	0.02766	0.02124	0.02222	0.04364	0.02407	0.05721	0.01437	0.61162	0.03345	0.04431	0.01733	0.01767	0.01237	0.00879	0.00739	0.00222	0.00850	0.00659	0.00709	0.01226
24	0.00950	0.00698	0.00901	0.01047	0.01143	0.00649	0.00756	0.01124	0.01511	0.01967	0.04591	0.52258	0.14639	0.02211	0.00950	0.00300	0.00465	0.12531	0.00688	0.00620
25	0.05508	0.01942	0.08923	0.04112	0.57578	0.01760	0.04795	0.02284	0.01661	0.02460	0.01377	0.01790	0.01135	0.00665	0.00725	0.00223	0.00901	0.00648	0.00367	0.01144
26	0.01053	0.00719	0.00832	0.00848	0.00871	0.00716	0.00502	0.01088	0.01145	0.01522	0.02722	0.10878	0.06023	0.60434	0.07072	0.00686	0.00747	0.01178	0.00479	0.00483
27	0.00986	0.00699	0.00921	0.01046	0.01119	0.00666	0.00739	0.01159	0.01507	0.02022	0.11674	0.47558	0.04811	0.10486	0.01279	0.00348	0.00492	0.11205	0.00676	0.00609
28	0.01931	0.01637	0.01726	0.01528	0.01963	0.01886	0.01196	0.09411	0.62333	0.03242	0.02914	0.02684	0.02179	0.00997	0.00754	0.00249	0.00607	0.00824	0.00754	0.01183
29	0.00924	0.00661	0.00879	0.01020	0.01081	0.00616	0.00691	0.01083	0.01514	0.02042	0.12876	0.64223	0.05194	0.02216	0.00938	0.00292	0.00420	0.02006	0.00706	0.00616
30	0.01402	0.01319	0.02227	0.72126	0.05113	0.01649	0.02062	0.01897	0.01484	0.01897	0.01319	0.01979	0.00990	0.00742	0.00742	0.00247	0.00990	0.00660	0.00330	0.00825
31	0.01500	0.01219	0.01446	0.01092	0.01660	0.00937	0.00857	0.01807	0.01568	0.04336	0.04589	0.09675	0.01796	0.00798	0.00613	0.00140	0.00530	0.00672	0.00498	0.64265
32	0.01238	0.00863	0.01076	0.01017	0.01240	0.00822	0.00779	0.01713	0.07894	0.06690	0.45957	0.08256	0.12906	0.01541	0.00869	0.00246	0.00413	0.04926	0.00791	0.00763
33	0.01186	0.04696	0.04071	0.03340	0.01493	0.00969	0.00900	0.01550	0.06197	0.02123	0.06635	0.31526	0.11034	0.05671	0.00983	0.00273	0.00538	0.03571	0.00603	0.12642
34	0.62450	0.01447	0.03903	0.01037	0.01478	0.01541	0.00882	0.03789	0.01423	0.03222	0.08940	0.01772	0.01556	0.00851	0.00602	0.02698	0.00578	0.00532	0.00498	0.00801

[dist]
# distance from previous block
# <min> <max>
0	3

[block]
# block no. 6 follows, 27 sequences, length 26
# corresponding to MSA columns:
# 242-267
name=unknown_G
#
# <colnr> <probs for GDERKNQSTAVLIFYWHMCP>
#	G	D	E	R	K	N	Q	S	T	A	V	L	I	F	Y	W	H	M	C	P
0	0.02497	0.02043	0.01993	0.01580	0.02115	0.11627	0.01271	0.41363	0.02835	0.05615	0.04422	0.04663	0.01584	0.00906	0.00718	0.00206	0.00813	0.00694	0.00654	0.12403
1	0.09420	0.07945	0.37501	0.02080	0.05172	0.07077	0.08841	0.09015	0.01796	0.02611	0.01335	0.01566	0.00990	0.00713	0.00686	0.00226	0.01023	0.00569	0.00386	0.01051
2	0.18982	0.15449	0.11792	0.01469	0.02022	0.14794	0.01362	0.12101	0.01863	0.02707	0.01354	0.01559	0.01076	0.00978	0.04050	0.00253	0.00922	0.00516	0.05812	0.00938
3	0.04635	0.00821	0.00992	0.01065	0.01215	0.00813	0.00782	0.01463	0.07419	0.02259	0.13356	0.37075	0.11160	0.04266	0.00993	0.00298	0.00475	0.09538	0.00694	0.00684
4	0.05947	0.01476	0.01671	0.01399	0.01827	0.01545	0.01116	0.30712	0.04690	0.13198	0.04946	0.18006	0.02480	0.01261	0.00784	0.00244	0.00654	0.03555	0.00733	0.03755
5	0.02583	0.01937	0.02078	0.01626	0.02177	0.02135	0.01324	0.53821	0.11648	0.04269	0.01947	0.02019	0.01442	0.03705	0.00854	0.00242	0.00774	0.00698	0.00722	0.03998
6	0.01010	0.00790	0.00937	0.00936	0.01144	0.00681	0.00669	0.01206	0.01588	0.02112	0.12280	0.32235	0.24304	0.04605	0.00971	0.00267	0.00432	0.01577	0.00660	0.11597
7	0.06068	0.01367	0.02138	0.62351	0.04659	0.01684	0.01927	0.04539	0.04198	0.02139	0.01389	0.01957	0.01040	0.00755	0.00726	0.00246	0.00942	0.00652	0.00371	0.00855
8	0.01029	0.00748	0.00978	0.01004	0.01155	0.00696	0.00758	0.01321	0.01878	0.02584	0.42449	0.20430	0.09977	0.01785	0.00912	0.00264	0.00415	0.10182	0.00764	0.00673
9	0.01423	0.01341	0.02265	0.68804	0.08268	0.01655	0.02072	0.01916	0.01495	0.01923	0.01323	0.01972	0.00999	0.00738	0.00742	0.00246	0.00984	0.00660	0.00332	0.00842
10	0.01051	0.00759	0.00992	0.00934	0.01109	0.00700	0.00700	0.01401	0.02101	0.02977	0.68888	0.05545	0.07005	0.01518	0.00876	0.00233	0.00350	0.01343	0.00817	0.00700
11	0.05049	0.03730	0.66902	0.02064	0.03132	0.01721	0.02654	0.02343	0.01553	0.02396	0.01319	0.01551	0.00934	0.00705	0.00694	0.00235	0.01073	0.00542	0.00320	0.01084
12	0.00933	0.00758	0.00834	0.00859	0.01080	0.00659	0.00658	0.01152	0.01719	0.02123	0.13149	0.11114	0.51342	0.01890	0.00899	0.00263	0.00412	0.08815	0.00702	0.00639
13	0.00988	0.00779	0.01207	0.01239	0.01352	0.00728	0.07157	0.01166	0.01454	0.01942	0.03837	0.66415	0.04539	0.02159	0.00941	0.00296	0.00511	0.01989	0.00658	0.00642
14	0.01869	0.01950	0.06014	0.06580	0.47103	0.04051	0.13514	0.05415	0.01788	0.02482	0.01420	0.01841	0.01147	0.00675	0.00757	0.00227	0.00972	0.00689	0.00384	0.01122
15	0.02272	0.01927	0.04262	0.07171	0.07640	0.04651	0.08802	0.34677	0.07287	0.03566	0.01800	0.01969	0.01333	0.00828	0.00732	0.00224	0.00849	0.00694	0.08204	0.01112
16	0.05849	0.01257	0.01609	0.01289	0.01793	0.01170	0.01047	0.03354	0.10855	0.50730	0.10343	0.02849	0.02440	0.00989	0.00751	0.00233	0.00592	0.00813	0.00868	0.01170
17	0.01080	0.00720	0.00810	0.00810	0.00810	0.00720	0.00450	0.01080	0.01080	0.01439	0.02339	0.04858	0.02699	0.73910	0.03779	0.00720	0.00720	0.01080	0.00450	0.00450
18	0.02004	0.56789	0.12856	0.01449	0.02129	0.07283	0.01491	0.05043	0.01641	0.01960	0.01113	0.01278	0.00964	0.00664	0.00532	0.00174	0.00873	0.00435	0.00339	0.00980
19	0.14319	0.04358	0.04442	0.01350	0.01924	0.04164	0.01156	0.07665	0.02046	0.47479	0.02363	0.02144	0.01541	0.00858	0.00689	0.00225	0.00689	0.00658	0.00770	0.01161
20	0.01525	0.00828	0.00843	0.00792	0.01006	0.00850	0.00607	0.08117	0.01747	0.02955	0.02359	0.02671	0.01840	0.00867	0.00541	0.00178	0.00392	0.00690	0.70445	0.00748
21	0.01559	0.11702	0.59920	0.02118	0.05714	0.01862	0.02558	0.02334	0.01566	0.02286	0.01301	0.01536	0.00951	0.00696	0.00681	0.00226	0.01054	0.00536	0.00316	0.01084
22	0.02822	0.02079	0.02228	0.01708	0.02302	0.02302	0.01411	0.66804	0.03490	0.04679	0.01782	0.01782	0.01262	0.00891	0.00743	0.00223	0.00817	0.00668	0.00743	0.01262
23	0.00920	0.00658	0.00851	0.00998	0.01047	0.00616	0.00660	0.01040	0.01401	0.01856	0.04085	0.63502	0.07780	0.09331	0.01222	0.00340	0.00456	0.01983	0.00666	0.00589
24	0.00977	0.00717	0.00979	0.01064	0.01135	0.00679	0.02857	0.01109	0.01388	0.01841	0.03780	0.52960	0.06547	0.16000	0.01490	0.00380	0.00522	0.04352	0.00632	0.00591
25	0.12383	0.42492	0.24053	0.01493	0.02247	0.02387	0.01664	0.02257	0.01493	0.02151	0.01125	0.01310	0.00929	0.00664	0.00545	0.00192	0.00858	0.00445	0.00336	0.00977

[dist]
# distance from previous block
# <min> <max>
0	1

[block]
# block no. 7 follows, 27 sequences, length 23
# corresponding to MSA columns:
# 269-291
name=unknown_H
#
# <colnr> <probs for GDERKNQSTAVLIFYWHMCP>
#	G	D	E	R	K	N	Q	S	T	A	V	L	I	F	Y	W	H	M	C	P
0	0.06114	0.02891	0.02009	0.01863	0.04433	0.46891	0.01379	0.07241	0.15521	0.02355	0.01573	0.01669	0.01243	0.00815	0.00684	0.00208	0.01101	0.00566	0.00485	0.00959
1	0.08186	0.01704	0.01782	0.01524	0.01991	0.01937	0.01218	0.22697	0.41033	0.03568	0.02522	0.02537	0.01916	0.00982	0.00737	0.00244	0.00659	0.02882	0.00726	0.01156
2	0.01402	0.01319	0.02227	0.72126	0.05113	0.01649	0.02062	0.01897	0.01484	0.01897	0.01319	0.01979	0.00990	0.00742	0.00742	0.00247	0.00990	0.00660	0.00330	0.00825
3	0.08317	0.01899	0.03851	0.02881	0.06603	0.01796	0.53687	0.02323	0.01694	0.02464	0.01445	0.01897	0.01100	0.00628	0.00813	0.00238	0.01131	0.00797	0.00386	0.06051
4	0.00988	0.00748	0.00969	0.04359	0.01303	0.00726	0.00765	0.01261	0.04662	0.02102	0.12548	0.50989	0.11726	0.02039	0.00912	0.00282	0.00448	0.01826	0.00692	0.00655
5	0.01289	0.00645	0.00967	0.00967	0.00967	0.00645	0.00645	0.00967	0.00967	0.01289	0.01289	0.02257	0.01289	0.02579	0.02901	0.78401	0.00645	0.00645	0.00322	0.00322
6	0.04899	0.01713	0.02869	0.10153	0.61110	0.01750	0.02201	0.02242	0.01656	0.02417	0.01375	0.01824	0.01145	0.00669	0.00725	0.00223	0.00879	0.00651	0.00368	0.01131
7	0.01844	0.01810	0.02904	0.10172	0.60676	0.05010	0.02220	0.02278	0.01692	0.02352	0.01378	0.01826	0.01150	0.00673	0.00732	0.00221	0.00913	0.00653	0.00365	0.01131
8	0.02822	0.02079	0.02228	0.01708	0.02302	0.02302	0.01411	0.66804	0.03490	0.04679	0.01782	0.01782	0.01262	0.00891	0.00743	0.00223	0.00817	0.00668	0.00743	0.01262
9	0.01196	0.00854	0.01196	0.01367	0.01538	0.00854	0.01196	0.01538	0.01709	0.02222	0.03931	0.08374	0.04272	0.02051	0.01025	0.00342	0.00684	0.64283	0.00684	0.00684
10	0.01093	0.00811	0.01055	0.01161	0.01345	0.00773	0.00971	0.01390	0.01736	0.02241	0.11978	0.10548	0.19795	0.01963	0.00971	0.00307	0.00564	0.39930	0.00700	0.00669
11	0.02429	0.02733	0.02168	0.07853	0.02465	0.40388	0.01523	0.12502	0.02068	0.02260	0.01225	0.01520	0.01010	0.00892	0.01048	0.00228	0.15799	0.00558	0.00422	0.00910
12	0.01092	0.00819	0.01020	0.00968	0.01163	0.00780	0.00726	0.01555	0.07202	0.02854	0.55488	0.08625	0.11800	0.01546	0.00870	0.00240	0.00375	0.01358	0.00796	0.00727
13	0.01171	0.00846	0.01161	0.01319	0.01496	0.00837	0.01147	0.01501	0.01708	0.02205	0.04212	0.08277	0.09350	0.02037	0.01014	0.00335	0.00659	0.59361	0.00684	0.00679
14	0.03078	0.06266	0.02027	0.01443	0.02028	0.01604	0.01207	0.24064	0.02529	0.44220	0.02433	0.02198	0.01593	0.00891	0.00728	0.00223	0.00702	0.00698	0.00823	0.01243
15	0.01289	0.00645	0.00967	0.00967	0.00967	0.00645	0.00645	0.00967	0.00967	0.01289	0.01289	0.02257	0.01289	0.02579	0.02901	0.78401	0.00645	0.00645	0.00322	0.00322
16	0.00904	0.00646	0.00861	0.01034	0.01077	0.00603	0.00689	0.01034	0.01421	0.01895	0.04092	0.73426	0.04910	0.02326	0.00948	0.00301	0.00431	0.02110	0.00689	0.00603
17	0.01419	0.01343	0.02230	0.66642	0.04866	0.01698	0.02027	0.01888	0.01457	0.01888	0.01293	0.01951	0.00988	0.00786	0.00875	0.00253	0.06582	0.00659	0.00329	0.00824
18	0.01539	0.01319	0.01539	0.01100	0.01759	0.00990	0.00880	0.01869	0.01539	0.02419	0.01319	0.01539	0.01100	0.00550	0.00550	0.00110	0.00550	0.00440	0.00440	0.78449
19	0.01489	0.03840	0.70064	0.02116	0.03213	0.01724	0.02743	0.02351	0.01567	0.02351	0.01332	0.01567	0.00940	0.00705	0.00705	0.00235	0.01097	0.00549	0.00313	0.01097
20	0.01020	0.00751	0.00954	0.00918	0.01094	0.00685	0.00683	0.01336	0.02007	0.02787	0.57093	0.10142	0.14539	0.01615	0.00880	0.00240	0.00359	0.01420	0.00793	0.00685
21	0.01179	0.00894	0.01126	0.01179	0.01382	0.00893	0.00957	0.01705	0.09998	0.02456	0.19604	0.12064	0.12808	0.01796	0.00932	0.00290	0.00534	0.28741	0.00725	0.00735
22	0.01779	0.04835	0.01715	0.01462	0.01862	0.01799	0.01141	0.03638	0.59692	0.02949	0.03015	0.08243	0.02414	0.01094	0.00758	0.00251	0.00585	0.00919	0.00730	0.01120

[dist]
# distance from previous block
# <min> <max>
0	6

[block]
# block no. 8 follows, 27 sequences, length 13
# corresponding to MSA columns:
# 298-310
name=unknown_I
#
# <colnr> <probs for GDERKNQSTAVLIFYWHMCP>
#	G	D	E	R	K	N	Q	S	T	A	V	L	I	F	Y	W	H	M	C	P
0	0.02746	0.01920	0.02100	0.01633	0.02191	0.02093	0.01339	0.57312	0.03245	0.10071	0.02024	0.06303	0.01539	0.00983	0.00756	0.00228	0.00777	0.00765	0.00754	0.01222
1	0.01489	0.03840	0.70064	0.02116	0.03213	0.01724	0.02743	0.02351	0.01567	0.02351	0.01332	0.01567	0.00940	0.00705	0.00705	0.00235	0.01097	0.00549	0.00313	0.01097
2	0.06273	0.01231	0.01593	0.01260	0.01757	0.01123	0.01027	0.07216	0.02170	0.50403	0.14838	0.02972	0.02700	0.01016	0.00757	0.00230	0.00590	0.00835	0.00868	0.01140
3	0.01466	0.01385	0.02342	0.62211	0.14529	0.01666	0.02093	0.01953	0.01515	0.01974	0.01331	0.01958	0.01017	0.00730	0.00741	0.00243	0.00974	0.00660	0.00335	0.00876
4	0.01061	0.00795	0.01193	0.01193	0.01326	0.00928	0.00928	0.01326	0.01193	0.01723	0.01988	0.02916	0.01856	0.05568	0.70968	0.01193	0.01988	0.00795	0.00398	0.00663
5	0.79154	0.01436	0.01091	0.00976	0.01436	0.01665	0.00804	0.02182	0.01263	0.03331	0.01034	0.01206	0.00804	0.00689	0.00459	0.00230	0.00574	0.00402	0.00459	0.00804
6	0.01187	0.00887	0.01079	0.01035	0.01219	0.00928	0.00768	0.01724	0.11921	0.02380	0.23528	0.04364	0.09734	0.12788	0.17689	0.00529	0.00827	0.01077	0.05616	0.00722
7	0.05383	0.01771	0.06903	0.06033	0.04920	0.05013	0.12614	0.16719	0.05159	0.05021	0.04439	0.02344	0.01642	0.05546	0.03557	0.00292	0.00885	0.00744	0.10048	0.00967
8	0.01810	0.01516	0.06881	0.02045	0.15531	0.01361	0.04722	0.11382	0.04404	0.10381	0.14541	0.09931	0.02874	0.07974	0.01077	0.00283	0.00710	0.00989	0.00617	0.00971
9	0.06248	0.01858	0.01853	0.01658	0.06258	0.12411	0.01236	0.25956	0.02403	0.13109	0.01931	0.04578	0.01490	0.01094	0.03780	0.00255	0.00843	0.00689	0.08363	0.03985
10	0.01747	0.01367	0.07439	0.05090	0.04016	0.01194	0.01241	0.04734	0.11921	0.15018	0.17509	0.06664	0.06317	0.01298	0.00829	0.00256	0.00627	0.11080	0.00709	0.00943
11	0.01935	0.16154	0.15762	0.02442	0.19419	0.09748	0.01856	0.02335	0.01611	0.05607	0.01299	0.01596	0.01064	0.00780	0.00919	0.00219	0.11666	0.00561	0.00375	0.04653
12	0.01568	0.05659	0.08097	0.01514	0.05046	0.01155	0.01305	0.04178	0.01846	0.09990	0.12481	0.05638	0.05971	0.01519	0.00880	0.00279	0.00680	0.30687	0.00658	0.00849

[dist]
# distance from previous block
# <min> <max>
6	14

[block]
# block no. 9 follows, 27 sequences, length 26
# corresponding to MSA columns:
# 329-354
name=unknown_J
#
# <colnr> <probs for GDERKNQSTAVLIFYWHMCP>
#	G	D	E	R	K	N	Q	S	T	A	V	L	I	F	Y	W	H	M	C	P
0	0.02596	0.01897	0.01999	0.01571	0.02107	0.06961	0.01275	0.40288	0.02787	0.12756	0.01929	0.05533	0.01478	0.00932	0.00779	0.00215	0.03068	0.00712	0.00687	0.10429
1	0.09200	0.01530	0.02232	0.35867	0.06130	0.01753	0.07448	0.14635	0.04374	0.02656	0.01528	0.02069	0.01197	0.05228	0.00913	0.00269	0.00904	0.00688	0.00452	0.00927
2	0.01781	0.01943	0.09488	0.07811	0.59544	0.01754	0.02312	0.02266	0.01668	0.02391	0.01386	0.01818	0.01143	0.00670	0.00732	0.00223	0.00908	0.00650	0.00360	0.01150
3	0.09209	0.04104	0.02438	0.19814	0.02968	0.01794	0.14554	0.01934	0.01419	0.02149	0.01470	0.06620	0.01310	0.00981	0.01213	0.00264	0.21223	0.00765	0.04933	0.00836
4	0.04819	0.01560	0.01929	0.01611	0.05472	0.01564	0.03646	0.27044	0.02520	0.21668	0.10074	0.02594	0.04495	0.00954	0.00746	0.00220	0.00688	0.00783	0.00733	0.06878
5	0.04692	0.01661	0.02233	0.43271	0.13847	0.09305	0.01889	0.06359	0.01719	0.02223	0.01467	0.02175	0.01194	0.00808	0.00737	0.00240	0.00969	0.03918	0.00392	0.00902
6	0.01072	0.00717	0.00812	0.00819	0.00821	0.00715	0.00460	0.01078	0.01094	0.01459	0.02415	0.07820	0.02794	0.70818	0.03656	0.00702	0.00707	0.01124	0.00460	0.00456
7	0.02004	0.67544	0.06743	0.01341	0.01984	0.06411	0.01344	0.02267	0.01542	0.01777	0.01051	0.01215	0.00952	0.00645	0.00497	0.00164	0.00836	0.00408	0.00321	0.00954
8	0.01722	0.01005	0.01281	0.01089	0.01433	0.00911	0.00850	0.02181	0.06828	0.19341	0.40542	0.04166	0.04748	0.01228	0.00800	0.00220	0.00458	0.01061	0.00797	0.09339
9	0.07705	0.01357	0.01688	0.01315	0.01862	0.01271	0.01082	0.12641	0.02242	0.51234	0.02978	0.02672	0.06567	0.00971	0.00738	0.00230	0.00637	0.00774	0.00848	0.01189
10	0.40875	0.01630	0.04088	0.08230	0.02116	0.01730	0.01173	0.15828	0.03783	0.11903	0.01527	0.01629	0.01096	0.00775	0.00600	0.00231	0.00693	0.00545	0.00567	0.00981
11	0.01067	0.00714	0.00813	0.00826	0.00829	0.00711	0.00467	0.01076	0.01105	0.01473	0.02468	0.09920	0.02862	0.68626	0.03570	0.00689	0.00698	0.01156	0.00467	0.00461
12	0.01061	0.00795	0.01193	0.01193	0.01326	0.00928	0.00928	0.01326	0.01193	0.01723	0.01988	0.02916	0.01856	0.05568	0.70968	0.01193	0.01988	0.00795	0.00398	0.00663
13	0.01525	0.08962	0.65257	0.02054	0.03118	0.01812	0.02636	0.02342	0.01563	0.02307	0.01310	0.01540	0.00941	0.00700	0.00689	0.00230	0.01075	0.00538	0.00314	0.01087
14	0.03331	0.01263	0.01723	0.01321	0.01895	0.01091	0.01091	0.03618	0.02125	0.69794	0.02929	0.02527	0.01838	0.00919	0.00747	0.00230	0.00632	0.00747	0.00919	0.01263
15	0.00877	0.00752	0.00752	0.00752	0.01003	0.00627	0.00564	0.01065	0.01692	0.02005	0.07520	0.07144	0.68978	0.01880	0.00877	0.00251	0.00376	0.01567	0.00689	0.00627
16	0.01837	0.01764	0.03013	0.04557	0.69279	0.01764	0.02278	0.02278	0.01690	0.02425	0.01396	0.01837	0.01176	0.00661	0.00735	0.00220	0.00882	0.00661	0.00367	0.01176
17	0.01526	0.01319	0.01607	0.08088	0.02089	0.01055	0.00996	0.01872	0.01534	0.02368	0.01319	0.01583	0.01089	0.00569	0.00569	0.00123	0.00593	0.00461	0.00429	0.70811
18	0.02822	0.02079	0.02228	0.01708	0.02302	0.02302	0.01411	0.66804	0.03490	0.04679	0.01782	0.01782	0.01262	0.00891	0.00743	0.00223	0.00817	0.00668	0.00743	0.01262
19	0.01837	0.01764	0.03013	0.04557	0.69279	0.01764	0.02278	0.02278	0.01690	0.02425	0.01396	0.01837	0.01176	0.00661	0.00735	0.00220	0.00882	0.00661	0.00367	0.01176
20	0.05598	0.14707	0.22439	0.01603	0.02310	0.01871	0.01644	0.08406	0.14584	0.16703	0.01964	0.01936	0.01406	0.00811	0.00677	0.00223	0.00803	0.00623	0.00569	0.01123
21	0.01994	0.18851	0.23339	0.01630	0.02280	0.13632	0.01677	0.05135	0.01763	0.08124	0.01627	0.02032	0.01317	0.01058	0.04303	0.00261	0.00996	0.03840	0.05164	0.00977
22	0.01876	0.01352	0.01597	0.01181	0.01798	0.01113	0.00950	0.06452	0.04326	0.12315	0.04089	0.01890	0.01475	0.00678	0.00610	0.00145	0.00573	0.00547	0.00554	0.56480
23	0.06820	0.00874	0.01140	0.01283	0.01467	0.00881	0.01096	0.01520	0.01650	0.02264	0.03887	0.13607	0.06818	0.01969	0.00971	0.00326	0.00640	0.51438	0.00668	0.00683
24	0.00902	0.00654	0.00853	0.01012	0.01071	0.00605	0.00680	0.01036	0.01442	0.01903	0.04352	0.68389	0.09778	0.02292	0.00942	0.00298	0.00427	0.02069	0.00689	0.00605
25	0.07001	0.30964	0.23818	0.01792	0.04896	0.05113	0.05802	0.02366	0.04998	0.02195	0.01385	0.01742	0.01152	0.00739	0.00624	0.00208	0.00913	0.02927	0.00371	0.00996

[dist]
# distance from previous block
# <min> <max>
1	3

[block]
# block no. 10 follows, 27 sequences, length 26
# corresponding to MSA columns:
# 358-383
name=unknown_K
#
# <colnr> <probs for GDERKNQSTAVLIFYWHMCP>
#	G	D	E	R	K	N	Q	S	T	A	V	L	I	F	Y	W	H	M	C	P
0	0.00925	0.00724	0.00845	0.00930	0.01093	0.00644	0.00685	0.01108	0.01592	0.01989	0.05810	0.32302	0.37284	0.02068	0.00921	0.00280	0.00432	0.09055	0.00689	0.00624
1	0.01823	0.01462	0.01622	0.01217	0.01833	0.03832	0.00972	0.05312	0.08035	0.08087	0.01629	0.01741	0.01273	0.00648	0.00599	0.00142	0.00603	0.00515	0.00521	0.58133
2	0.12783	0.46355	0.10468	0.01414	0.02039	0.12378	0.01390	0.02338	0.01566	0.02043	0.01082	0.01255	0.00931	0.00669	0.00527	0.00182	0.00875	0.00426	0.00346	0.00935
3	0.00904	0.00646	0.00861	0.01034	0.01077	0.00603	0.00689	0.01034	0.01421	0.01895	0.04092	0.73426	0.04910	0.02326	0.00948	0.00301	0.00431	0.02110	0.00689	0.00603
4	0.00903	0.00652	0.00855	0.01017	0.01072	0.00604	0.00682	0.01036	0.01437	0.01902	0.04296	0.69477	0.08727	0.02299	0.00943	0.00298	0.00427	0.02078	0.00689	0.00604
5	0.01504	0.01282	0.01502	0.01096	0.01722	0.00968	0.00869	0.01823	0.01533	0.02390	0.01473	0.05514	0.01310	0.00648	0.00572	0.00121	0.00543	0.00532	0.00454	0.74144
6	0.01503	0.02479	0.32866	0.02666	0.24530	0.01510	0.02143	0.02107	0.01702	0.02476	0.13957	0.04785	0.02273	0.00895	0.00755	0.00232	0.00866	0.00785	0.00437	0.01033
7	0.00904	0.00646	0.00861	0.01034	0.01077	0.00603	0.00689	0.01034	0.01421	0.01895	0.04092	0.73426	0.04910	0.02326	0.00948	0.00301	0.00431	0.02110	0.00689	0.00603
8	0.01453	0.01372	0.02319	0.64201	0.12639	0.01663	0.02087	0.01942	0.01509	0.01959	0.01328	0.01963	0.01011	0.00733	0.00741	0.00244	0.00977	0.00660	0.00334	0.00866
9	0.01539	0.01319	0.01539	0.01100	0.01759	0.00990	0.00880	0.01869	0.01539	0.02419	0.01319	0.01539	0.01100	0.00550	0.00550	0.00110	0.00550	0.00440	0.00440	0.78449
10	0.01061	0.00795	0.01193	0.01193	0.01326	0.00928	0.00928	0.01326	0.01193	0.01723	0.01988	0.02916	0.01856	0.05568	0.70968	0.01193	0.01988	0.00795	0.00398	0.00663
