[name]
unknown

[dist]
# distance from previous block
# <min> <max>
0	169

[block]
# block no. 0 follows, 29 sequences, length 8
# corresponding to MSA columns:
# 172-179
name=unknown_A
#
# <colnr> <probs for GDERKNQSTAVLIFYWHMCP>
#	G	D	E	R	K	N	Q	S	T	A	V	L	I	F	Y	W	H	M	C	P
0	0.01748	0.00986	0.01239	0.01136	0.01406	0.00948	0.00880	0.09711	0.01852	0.19853	0.09749	0.20069	0.07052	0.09462	0.01131	0.00303	0.00560	0.10384	0.00709	0.00820
1	0.34944	0.01065	0.01083	0.04744	0.01454	0.01142	0.00818	0.01816	0.01479	0.07960	0.13193	0.03122	0.09038	0.01141	0.00780	0.05681	0.00523	0.04965	0.04321	0.00729
2	0.01058	0.00827	0.00931	0.00912	0.01116	0.00785	0.00670	0.04823	0.06558	0.02284	0.19200	0.18401	0.32211	0.05753	0.00993	0.00270	0.00420	0.01432	0.00682	0.00672
3	0.01914	0.01170	0.01489	0.01285	0.01627	0.01165	0.03084	0.16971	0.04361	0.18453	0.14747	0.19966	0.03359	0.01363	0.00805	0.00245	0.00574	0.05767	0.00737	0.00918
4	0.01036	0.00687	0.00884	0.00948	0.01039	0.00644	0.00656	0.01170	0.01449	0.04519	0.14187	0.38060	0.08886	0.13179	0.01412	0.04788	0.00471	0.04768	0.00634	0.00585
5	0.01116	0.00906	0.01039	0.01007	0.01212	0.00917	0.00773	0.03720	0.08851	0.02191	0.12519	0.10748	0.32570	0.06892	0.01140	0.00287	0.05223	0.07558	0.00644	0.00689
6	0.01175	0.00783	0.01100	0.04005	0.01248	0.00771	0.04406	0.01235	0.01206	0.05013	0.02482	0.21370	0.02758	0.37078	0.02423	0.10087	0.00648	0.01187	0.00487	0.00537
7	0.01268	0.00945	0.01098	0.05676	0.01410	0.00966	0.00783	0.12509	0.01707	0.02247	0.03776	0.17859	0.21259	0.16913	0.03997	0.00368	0.00604	0.01232	0.04701	0.00682

[dist]
# distance from previous block
# <min> <max>
10	33

[block]
# block no. 1 follows, 29 sequences, length 32
# corresponding to MSA columns:
# 214-245
name=unknown_B
#
# <colnr> <probs for GDERKNQSTAVLIFYWHMCP>
#	G	D	E	R	K	N	Q	S	T	A	V	L	I	F	Y	W	H	M	C	P
0	0.05708	0.01447	0.03985	0.01211	0.01659	0.04055	0.02849	0.19342	0.01984	0.02975	0.01819	0.06121	0.01501	0.00820	0.00605	0.00179	0.00603	0.00656	0.22468	0.20012
1	0.06170	0.05237	0.01435	0.01182	0.03854	0.01277	0.00901	0.16941	0.01886	0.02743	0.05021	0.02935	0.11917	0.04372	0.08970	0.00321	0.00710	0.00775	0.14575	0.08777
2	0.01800	0.01243	0.01466	0.05564	0.01727	0.01337	0.01006	0.20541	0.07389	0.09219	0.07723	0.08318	0.04790	0.15137	0.01355	0.00321	0.03278	0.03327	0.03594	0.00866
3	0.06648	0.28178	0.14249	0.04266	0.20027	0.07170	0.01729	0.02182	0.01507	0.02046	0.01141	0.01420	0.00961	0.00679	0.00687	0.00198	0.05118	0.00498	0.00330	0.00966
4	0.04770	0.01726	0.02784	0.22281	0.33672	0.06653	0.13563	0.02147	0.01591	0.02175	0.01307	0.01769	0.01043	0.00657	0.00716	0.00222	0.00955	0.00648	0.00349	0.00973
5	0.01064	0.00786	0.01114	0.01100	0.01183	0.00907	0.00818	0.01223	0.01114	0.01583	0.01939	0.05488	0.01953	0.18669	0.47373	0.05679	0.06189	0.00842	0.00392	0.00583
6	0.00892	0.00709	0.00802	0.00809	0.01001	0.00618	0.00595	0.01109	0.01698	0.02174	0.24642	0.15968	0.42935	0.01765	0.00851	0.00243	0.00361	0.01515	0.00696	0.00618
7	0.01689	0.01010	0.01309	0.01273	0.01552	0.01001	0.01055	0.06137	0.07774	0.16801	0.07894	0.12633	0.03503	0.01575	0.00871	0.00280	0.00598	0.31483	0.00722	0.00841
8	0.01642	0.04826	0.24944	0.03090	0.28727	0.01745	0.17320	0.02291	0.04285	0.02298	0.01393	0.01731	0.01080	0.00652	0.00719	0.00222	0.00979	0.00645	0.00351	0.01058
9	0.02551	0.01746	0.01934	0.01500	0.02011	0.01890	0.01229	0.50009	0.02871	0.12004	0.01846	0.01930	0.01340	0.03442	0.00850	0.00228	0.03140	0.00656	0.04615	0.04207
10	0.01019	0.00754	0.01101	0.01101	0.01213	0.00866	0.00836	0.01244	0.01131	0.01621	0.01947	0.03018	0.01876	0.13607	0.64018	0.01090	0.01763	0.00795	0.00387	0.00612
11	0.01052	0.00737	0.00901	0.00889	0.00914	0.00785	0.00563	0.01107	0.01059	0.01446	0.02129	0.04181	0.02369	0.58686	0.16862	0.00764	0.03686	0.00967	0.00417	0.00484
12	0.07840	0.18477	0.23401	0.06520	0.02438	0.04987	0.01690	0.07608	0.11751	0.02402	0.01441	0.01607	0.01115	0.00756	0.00718	0.00215	0.05097	0.00544	0.00413	0.00980
13	0.01726	0.01815	0.07316	0.09772	0.45554	0.03580	0.03527	0.02436	0.12566	0.02365	0.01577	0.01892	0.01259	0.00700	0.00708	0.00220	0.00843	0.00655	0.00407	0.01081
14	0.01286	0.01173	0.01653	0.03971	0.01711	0.03936	0.03559	0.01526	0.01187	0.01704	0.01526	0.02281	0.01423	0.03526	0.42066	0.00778	0.24927	0.00705	0.00355	0.00706
15	0.12556	0.15468	0.20674	0.01506	0.02115	0.08008	0.01510	0.04881	0.14154	0.04893	0.01587	0.01716	0.01226	0.01055	0.05518	0.00273	0.00894	0.00554	0.00446	0.00966
16	0.02502	0.04954	0.02086	0.01766	0.04843	0.29852	0.01347	0.29852	0.08420	0.03033	0.01551	0.01634	0.01183	0.00799	0.00670	0.00201	0.00952	0.00575	0.02759	0.01022
17	0.00899	0.00643	0.00822	0.00939	0.00995	0.00602	0.00622	0.01024	0.01377	0.01833	0.08425	0.55962	0.08374	0.12411	0.01283	0.00338	0.00444	0.01804	0.00637	0.00565
18	0.05766	0.03039	0.05566	0.04103	0.01590	0.06074	0.01062	0.01548	0.01552	0.02157	0.18898	0.15916	0.12766	0.01408	0.01084	0.00251	0.14844	0.01115	0.00545	0.00716
19	0.05794	0.61587	0.10542	0.01311	0.01949	0.05204	0.01348	0.02169	0.01462	0.01814	0.01024	0.01186	0.00906	0.00623	0.00486	0.00164	0.00800	0.00399	0.00313	0.00918
20	0.02541	0.01889	0.02286	0.01724	0.02313	0.02008	0.08523	0.52562	0.02960	0.08109	0.01716	0.01760	0.01219	0.00806	0.00714	0.00210	0.00800	0.00652	0.00664	0.06545
21	0.01828	0.16213	0.16215	0.04566	0.15207	0.06584	0.01670	0.08021	0.01741	0.06427	0.05480	0.04403	0.01538	0.00991	0.03521	0.00246	0.03292	0.00649	0.00432	0.00975
22	0.01036	0.00690	0.00777	0.00777	0.00777	0.00690	0.00431	0.01036	0.01036	0.01381	0.02244	0.04660	0.02589	0.74975	0.03624	0.00690	0.00690	0.01036	0.00431	0.00431
23	0.01574	0.05086	0.31211	0.12850	0.03292	0.01754	0.18881	0.06650	0.01636	0.02289	0.01398	0.03834	0.01090	0.00747	0.00808	0.00234	0.04664	0.00674	0.00358	0.00968
24	0.01955	0.45449	0.10579	0.01582	0.04323	0.15288	0.01463	0.02240	0.01532	0.01776	0.01048	0.01265	0.00922	0.00697	0.00689	0.00182	0.07345	0.00441	0.00318	0.00908
25	0.01027	0.00700	0.00839	0.00844	0.00867	0.00719	0.00514	0.01073	0.01065	0.01440	0.02247	0.06791	0.02530	0.61049	0.14738	0.00751	0.00880	0.01025	0.00431	0.00470
26	0.00951	0.00741	0.00936	0.05287	0.01315	0.00698	0.00776	0.01178	0.01594	0.02051	0.14282	0.26041	0.27805	0.01837	0.00875	0.00266	0.00454	0.11632	0.00657	0.00625
27	0.04197	0.05908	0.06505	0.03908	0.01949	0.01383	0.01186	0.11373	0.08309	0.33181	0.04383	0.10461	0.02042	0.01014	0.00717	0.00226	0.00647	0.00836	0.00712	0.01062
28	0.01763	0.06750	0.02403	0.03599	0.04515	0.12189	0.12951	0.02025	0.01479	0.06029	0.01633	0.12545	0.01578	0.01107	0.01292	0.00255	0.25799	0.00836	0.00416	0.00835
29	0.04644	0.14179	0.30923	0.02369	0.12115	0.05983	0.15581	0.02260	0.01566	0.02185	0.01253	0.01542	0.00967	0.00647	0.00669	0.00212	0.01003	0.00573	0.00330	0.00998
30	0.00999	0.00919	0.03655	0.01177	0.01402	0.00778	0.08445	0.01252	0.01580	0.02092	0.15841	0.35362	0.20244	0.01752	0.00865	0.00258	0.00500	0.01583	0.00635	0.00660
31	0.01394	0.01074	0.01250	0.03943	0.01546	0.01030	0.00851	0.05510	0.12489	0.02418	0.02427	0.20810	0.02344	0.03313	0.00762	0.00212	0.00510	0.00972	0.12302	0.24841

[dist]
# distance from previous block
# <min> <max>
13	20

[block]
# block no. 2 follows, 29 sequences, length 21
# corresponding to MSA columns:
# 267-287
name=unknown_C
#
# <colnr> <probs for GDERKNQSTAVLIFYWHMCP>
#	G	D	E	R	K	N	Q	S	T	A	V	L	I	F	Y	W	H	M	C	P
0	0.03966	0.05133	0.08937	0.09186	0.09192	0.07126	0.09053	0.01950	0.01385	0.01947	0.01289	0.05128	0.01171	0.01109	0.03734	0.00286	0.27525	0.00682	0.00347	0.00855
1	0.05961	0.01286	0.01995	0.57161	0.04163	0.01586	0.01773	0.05257	0.01491	0.02033	0.01417	0.06239	0.01180	0.00837	0.00794	0.00242	0.04716	0.00703	0.00365	0.00798
2	0.02044	0.02358	0.05753	0.15699	0.11555	0.30645	0.01615	0.08334	0.01854	0.02117	0.01433	0.07029	0.01263	0.00862	0.00773	0.00216	0.04502	0.00661	0.00403	0.00885
3	0.00881	0.00653	0.00822	0.00928	0.01023	0.00595	0.00640	0.01042	0.01496	0.01970	0.12996	0.52853	0.17397	0.02051	0.00887	0.00272	0.00393	0.01831	0.00677	0.00595
4	0.01347	0.01109	0.01196	0.01203	0.04953	0.03436	0.00859	0.02063	0.20364	0.05964	0.10288	0.07049	0.34565	0.01411	0.00791	0.00236	0.00486	0.01187	0.00674	0.00819
5	0.80005	0.01377	0.01047	0.00936	0.01377	0.01597	0.00771	0.02093	0.01212	0.03195	0.00991	0.01157	0.00771	0.00661	0.00441	0.00220	0.00551	0.00386	0.00441	0.00771
6	0.01533	0.12775	0.57866	0.01914	0.02848	0.04054	0.02370	0.02238	0.01497	0.02144	0.01223	0.01452	0.00905	0.00691	0.00709	0.00218	0.03734	0.00509	0.00304	0.01017
7	0.80005	0.01377	0.01047	0.00936	0.01377	0.01597	0.00771	0.02093	0.01212	0.03195	0.00991	0.01157	0.00771	0.00661	0.00441	0.00220	0.00551	0.00386	0.00441	0.00771
8	0.02707	0.01995	0.02137	0.01638	0.02208	0.02208	0.01353	0.68159	0.03348	0.04488	0.01710	0.01710	0.01211	0.00855	0.00712	0.00214	0.00784	0.00641	0.00712	0.01211
9	0.01558	0.01558	0.02181	0.01869	0.01869	0.02181	0.01558	0.01714	0.01091	0.01714	0.00935	0.01558	0.00935	0.01246	0.02337	0.00312	0.73672	0.00623	0.00312	0.00779
10	0.01345	0.01266	0.02136	0.73264	0.04904	0.01582	0.01978	0.01819	0.01424	0.01819	0.01266	0.01898	0.00949	0.00712	0.00712	0.00237	0.00949	0.00633	0.00316	0.00791
11	0.01774	0.01777	0.02208	0.21911	0.02881	0.11737	0.05082	0.09694	0.01617	0.02105	0.01252	0.03704	0.01083	0.00973	0.01335	0.00257	0.28732	0.00656	0.00380	0.00843
12	0.00885	0.00633	0.00842	0.00980	0.01037	0.00590	0.00662	0.01036	0.01445	0.01948	0.12222	0.65842	0.04961	0.02134	0.00900	0.00281	0.00403	0.01932	0.00676	0.00590
13	0.01983	0.01513	0.01701	0.01431	0.01788	0.01691	0.01134	0.36353	0.09088	0.03294	0.02388	0.15778	0.04227	0.04647	0.03577	0.00294	0.06527	0.00965	0.00646	0.00975
14	0.02356	0.01820	0.01939	0.01567	0.02074	0.02044	0.01268	0.44002	0.28077	0.03921	0.02156	0.02065	0.01572	0.00897	0.00717	0.00224	0.00701	0.00703	0.00717	0.01179
15	0.02343	0.01716	0.01868	0.01512	0.01987	0.01887	0.01218	0.46685	0.13817	0.06519	0.02224	0.11013	0.01828	0.01046	0.00739	0.00228	0.00694	0.00844	0.00715	0.01118
16	0.00871	0.00708	0.00761	0.00795	0.00987	0.00613	0.00583	0.01040	0.01550	0.01886	0.06249	0.17394	0.52942	0.06054	0.01018	0.00278	0.00402	0.04631	0.00648	0.00590
17	0.07727	0.01471	0.02389	0.35784	0.29709	0.01641	0.04159	0.02077	0.04238	0.02185	0.01344	0.01819	0.01058	0.00685	0.00693	0.00226	0.00871	0.00628	0.00358	0.00938
18	0.00937	0.00661	0.00809	0.00886	0.00936	0.00628	0.00569	0.01035	0.01309	0.01740	0.08274	0.38972	0.08967	0.28762	0.01893	0.00428	0.00505	0.01571	0.00586	0.00533
19	0.01786	0.04889	0.04940	0.06212	0.15611	0.12190	0.15648	0.07258	0.01707	0.02203	0.01560	0.08456	0.01410	0.01098	0.04315	0.00275	0.08348	0.00772	0.00405	0.00915
20	0.01170	0.00948	0.01187	0.01078	0.01349	0.00893	0.04300	0.06239	0.05315	0.02341	0.15108	0.14053	0.27652	0.04186	0.00926	0.00257	0.00494	0.06385	0.00649	0.05471

[dist]
# distance from previous block
# <min> <max>
2	12

[block]
# block no. 3 follows, 29 sequences, length 59
# corresponding to MSA columns:
# 301-359
name=unknown_D
#
# <colnr> <probs for GDERKNQSTAVLIFYWHMCP>
#	G	D	E	R	K	N	Q	S	T	A	V	L	I	F	Y	W	H	M	C	P
0	0.01730	0.01370	0.01530	0.01382	0.03667	0.04332	0.01011	0.24453	0.01964	0.02617	0.02205	0.11184	0.04451	0.22199	0.04874	0.00408	0.08331	0.00939	0.00544	0.00807
1	0.01385	0.00840	0.00884	0.04842	0.01166	0.03065	0.00675	0.01709	0.01481	0.02520	0.02138	0.02500	0.01692	0.00846	0.00630	0.00180	0.04996	0.00653	0.67117	0.00683
2	0.01494	0.03288	0.57728	0.02494	0.16453	0.01661	0.02543	0.02241	0.01527	0.02269	0.01290	0.01555	0.00947	0.00668	0.00682	0.00223	0.01011	0.00548	0.00311	0.01067
3	0.01310	0.00773	0.01005	0.00953	0.01128	0.00711	0.00690	0.01544	0.01742	0.12612	0.36595	0.18956	0.04962	0.12289	0.01243	0.00305	0.00444	0.01316	0.00722	0.00698
4	0.00880	0.00723	0.00775	0.00762	0.00985	0.00618	0.00571	0.01097	0.01714	0.02140	0.21810	0.06497	0.55513	0.01723	0.00841	0.00237	0.00355	0.01453	0.00690	0.00618
5	0.00885	0.00714	0.00788	0.00789	0.00994	0.00617	0.00584	0.01099	0.01697	0.02145	0.22553	0.12645	0.48481	0.01756	0.00847	0.00241	0.00359	0.01497	0.00692	0.00617
6	0.00911	0.00720	0.00820	0.00804	0.01007	0.00629	0.00600	0.01153	0.01774	0.02302	0.32937	0.09006	0.41451	0.01678	0.00844	0.00236	0.00353	0.01436	0.00712	0.00629
7	0.01450	0.03533	0.65551	0.02113	0.03137	0.01666	0.08214	0.02257	0.01519	0.02257	0.01292	0.01539	0.00917	0.00670	0.00691	0.00227	0.01065	0.00553	0.00306	0.01044
8	0.01441	0.01342	0.02227	0.62547	0.12706	0.01616	0.01981	0.04114	0.01513	0.01971	0.01290	0.01876	0.00980	0.00707	0.00711	0.00233	0.00931	0.00633	0.00334	0.00846
9	0.00868	0.00620	0.00826	0.00991	0.01033	0.00578	0.00661	0.00991	0.01363	0.01818	0.03925	0.74510	0.04710	0.02231	0.00909	0.00289	0.00413	0.02024	0.00661	0.00578
10	0.01477	0.01266	0.01477	0.01055	0.01687	0.00949	0.00844	0.01793	0.01477	0.02320	0.01266	0.01477	0.01055	0.00527	0.00527	0.00105	0.00527	0.00422	0.00422	0.79328
11	0.02125	0.01567	0.01735	0.01442	0.01849	0.01711	0.01145	0.45897	0.04500	0.03624	0.02336	0.21068	0.02187	0.01406	0.03689	0.00273	0.00726	0.01017	0.00686	0.01018
12	0.80005	0.01377	0.01047	0.00936	0.01377	0.01597	0.00771	0.02093	0.01212	0.03195	0.00991	0.01157	0.00771	0.00661	0.00441	0.00220	0.00551	0.00386	0.00441	0.00771
13	0.00996	0.00727	0.00935	0.00883	0.01056	0.00667	0.00662	0.01321	0.01987	0.02788	0.65627	0.05429	0.11291	0.01481	0.00840	0.00225	0.00338	0.01303	0.00775	0.00667
14	0.01036	0.00690	0.00777	0.00777	0.00777	0.00690	0.00431	0.01036	0.01036	0.01381	0.02244	0.04660	0.02589	0.74975	0.03624	0.00690	0.00690	0.01036	0.00431	0.00431
15	0.03079	0.01186	0.01616	0.01247	0.01778	0.01027	0.01027	0.03358	0.02037	0.67432	0.06361	0.02576	0.02024	0.00912	0.00723	0.00221	0.00592	0.00746	0.00876	0.01183
16	0.01904	0.75404	0.03731	0.01218	0.01828	0.02818	0.01218	0.02132	0.01447	0.01675	0.00990	0.01142	0.00914	0.00609	0.00457	0.00152	0.00761	0.00381	0.00305	0.00914
17	0.01477	0.01266	0.01477	0.01055	0.01687	0.00949	0.00844	0.01793	0.01477	0.02320	0.01266	0.01477	0.01055	0.00527	0.00527	0.00105	0.00527	0.00422	0.00422	0.79328
18	0.01036	0.00690	0.00777	0.00777	0.00777	0.00690	0.00431	0.01036	0.01036	0.01381	0.02244	0.04660	0.02589	0.74975	0.03624	0.00690	0.00690	0.01036	0.00431	0.00431
19	0.01428	0.03683	0.71286	0.02030	0.03082	0.01654	0.02631	0.02255	0.01503	0.02255	0.01278	0.01503	0.00902	0.00677	0.00677	0.00226	0.01052	0.00526	0.00301	0.01052
20	0.00868	0.00620	0.00826	0.00991	0.01033	0.00578	0.00661	0.00991	0.01363	0.01818	0.03925	0.74510	0.04710	0.02231	0.00909	0.00289	0.00413	0.02024	0.00661	0.00578
21	0.01675	0.04607	0.07722	0.02887	0.03621	0.01829	0.62148	0.02274	0.01663	0.02258	0.01416	0.01871	0.01065	0.00605	0.00818	0.00236	0.01177	0.00808	0.00355	0.00964
22	0.01808	0.05032	0.02311	0.01856	0.02010	0.08127	0.04155	0.09738	0.01476	0.02066	0.01063	0.01549	0.00971	0.01102	0.01858	0.00279	0.52775	0.00609	0.00365	0.00847
23	0.00905	0.00663	0.00853	0.00971	0.01053	0.00604	0.00655	0.01038	0.01371	0.01833	0.03899	0.64074	0.08071	0.05022	0.00993	0.00293	0.00427	0.01871	0.00639	0.04767
24	0.01277	0.01088	0.01709	0.05463	0.01868	0.01163	0.11033	0.01670	0.05903	0.04178	0.15572	0.26911	0.03532	0.01483	0.01063	0.00266	0.11017	0.03473	0.00581	0.00751
25	0.01617	0.05963	0.07695	0.07347	0.06897	0.01830	0.42025	0.02128	0.01547	0.02127	0.01353	0.01840	0.01069	0.00896	0.04102	0.00280	0.09269	0.00743	0.00346	0.00927
26	0.01356	0.01281	0.02138	0.69463	0.04743	0.01614	0.01955	0.01814	0.01406	0.01814	0.01248	0.01880	0.00948	0.00740	0.00798	0.00241	0.04821	0.00632	0.00316	0.00790
27	0.57458	0.01390	0.01421	0.10221	0.09647	0.01577	0.01094	0.02143	0.01328	0.06505	0.01160	0.01383	0.00886	0.00676	0.00518	0.00221	0.00636	0.00461	0.00439	0.00837
28	0.01420	0.00819	0.01084	0.00966	0.01206	0.00742	0.00742	0.01744	0.02020	0.15703	0.57465	0.04773	0.05785	0.01347	0.00817	0.00223	0.00387	0.01180	0.00802	0.00774
29	0.01016	0.00694	0.00837	0.00853	0.00876	0.00710	0.00523	0.01067	0.01084	0.01464	0.02357	0.11177	0.02673	0.57410	0.13680	0.00720	0.00847	0.01091	0.00446	0.00477
30	0.08400	0.01635	0.01876	0.17975	0.05056	0.05675	0.01411	0.22478	0.13446	0.05826	0.01922	0.02411	0.01525	0.00906	0.00711	0.00232	0.00778	0.06171	0.00572	0.00993
31	0.05120	0.52462	0.11626	0.01512	0.05029	0.10204	0.01432	0.02226	0.01515	0.01844	0.01053	0.01230	0.00916	0.00634	0.00514	0.00170	0.00850	0.00418	0.00319	0.00925
32	0.01739	0.00926	0.01168	0.01015	0.01330	0.00833	0.00792	0.04600	0.01946	0.24750	0.27543	0.09430	0.18272	0.01374	0.00800	0.00230	0.00452	0.01174	0.00778	0.00847
33	0.05714	0.01459	0.01772	0.01371	0.01918	0.01433	0.01130	0.22478	0.04675	0.46734	0.02424	0.02177	0.01579	0.00869	0.00706	0.00219	0.00655	0.00685	0.00811	0.01193
34	0.01245	0.00780	0.01028	0.00936	0.01146	0.00713	0.00713	0.01574	0.02018	0.10250	0.62853	0.05005	0.06181	0.01393	0.00826	0.00224	0.00365	0.01226	0.00794	0.00730
35	0.01029	0.00688	0.00779	0.00785	0.00787	0.00686	0.00441	0.01034	0.01049	0.01398	0.02311	0.07441	0.02673	0.72079	0.03516	0.00674	0.00679	0.01075	0.00441	0.00437
36	0.80005	0.01377	0.01047	0.00936	0.01377	0.01597	0.00771	0.02093	0.01212	0.03195	0.00991	0.01157	0.00771	0.00661	0.00441	0.00220	0.00551	0.00386	0.00441	0.00771
37	0.01904	0.75404	0.03731	0.01218	0.01828	0.02818	0.01218	0.02132	0.01447	0.01675	0.00990	0.01142	0.00914	0.00609	0.00457	0.00152	0.00761	0.00381	0.00305	0.00914
38	0.01850	0.01512	0.01612	0.01439	0.01850	0.01731	0.01123	0.03766	0.65513	0.06759	0.02893	0.02644	0.02151	0.00961	0.00724	0.00240	0.00566	0.00800	0.00733	0.01132
39	0.02561	0.12805	0.02242	0.01754	0.02152	0.63059	0.01355	0.02750	0.01943	0.01734	0.01086	0.01266	0.00917	0.00717	0.00618	0.00179	0.01216	0.00448	0.00359	0.00837
40	0.00868	0.00620	0.00826	0.00991	0.01033	0.00578	0.00661	0.00991	0.01363	0.01818	0.03925	0.74510	0.04710	0.02231	0.00909	0.00289	0.00413	0.02024	0.00661	0.00578
41	0.01428	0.03683	0.71286	0.02030	0.03082	0.01654	0.02631	0.02255	0.01503	0.02255	0.01278	0.01503	0.00902	0.00677	0.00677	0.00226	0.01052	0.00526	0.00301	0.01052
42	0.01086	0.00827	0.01159	0.01177	0.01310	0.00804	0.04979	0.07177	0.01564	0.02090	0.03566	0.63304	0.04162	0.02003	0.00887	0.00279	0.00497	0.01824	0.00647	0.00660
43	0.01477	0.01266	0.01477	0.01055	0.01687	0.00949	0.00844	0.01793	0.01477	0.02320	0.01266	0.01477	0.01055	0.00527	0.00527	0.00105	0.00527	0.00422	0.00422	0.79328
44	0.02647	0.01965	0.02103	0.01626	0.02185	0.02180	0.01339	0.64012	0.07593	0.04390	0.01786	0.01771	0.01273	0.00862	0.00713	0.00215	0.00769	0.00652	0.00713	0.01206
45	0.01003	0.00700	0.00792	0.00784	0.00843	0.00675	0.00480	0.01075	0.01255	0.01660	0.12136	0.05074	0.13186	0.54205	0.02836	0.00561	0.00594	0.01139	0.00513	0.00489
46	0.01361	0.01100	0.01819	0.31127	0.02993	0.01216	0.07819	0.01690	0.01463	0.07470	0.02371	0.28595	0.02408	0.01294	0.00864	0.00258	0.03726	0.01170	0.00493	0.00763
47	0.02738	0.01944	0.02106	0.01614	0.02183	0.02133	0.01334	0.63992	0.03264	0.08774	0.01780	0.01756	0.01246	0.00857	0.00713	0.00214	0.00772	0.00646	0.00723	0.01211
48	0.02660	0.03394	0.02018	0.01834	0.02201	0.72116	0.01376	0.02843	0.02018	0.01743	0.01101	0.01284	0.00917	0.00734	0.00642	0.00183	0.01284	0.00459	0.00367	0.00825
49	0.01340	0.01259	0.02138	0.66934	0.04644	0.01543	0.04250	0.01794	0.01413	0.01813	0.01323	0.02045	0.01040	0.04624	0.00870	0.00261	0.00945	0.00661	0.00324	0.00778
50	0.02655	0.01969	0.02108	0.01628	0.02188	0.02184	0.01341	0.64583	0.07009	0.04404	0.01776	0.01762	0.01264	0.00861	0.00713	0.00215	0.00771	0.00650	0.00713	0.01206
51	0.01412	0.00800	0.01033	0.00978	0.01202	0.00715	0.00730	0.01653	0.01780	0.17007	0.28044	0.24578	0.14061	0.01602	0.00833	0.00244	0.00419	0.01405	0.00752	0.00751
52	0.00997	0.00727	0.00937	0.00885	0.01057	0.00667	0.00663	0.01323	0.01990	0.02795	0.66103	0.05418	0.10811	0.01478	0.00840	0.00225	0.00338	0.01302	0.00776	0.00667
53	0.01428	0.03683	0.71286	0.02030	0.03082	0.01654	0.02631	0.02255	0.01503	0.02255	0.01278	0.01503	0.00902	0.00677	0.00677	0.00226	0.01052	0.00526	0.00301	0.01052
54	0.00937	0.00726	0.00842	0.00824	0.01017	0.00646	0.00617	0.01182	0.01765	0.02312	0.34419	0.06110	0.36138	0.05553	0.00995	0.00261	0.00379	0.03949	0.00703	0.00625
55	0.01558	0.01558	0.02181	0.01869	0.01869	0.02181	0.01558	0.01714	0.01091	0.01714	0.00935	0.01558	0.00935	0.01246	0.02337	0.00312	0.73672	0.00623	0.00312	0.00779
56	0.01063	0.00793	0.01094	0.01282	0.04901	0.00764	0.00958	0.01334	0.01623	0.02154	0.13930	0.24169	0.09738	0.01874	0.00917	0.00289	0.00532	0.31263	0.00661	0.00659
57	0.01800	0.35942	0.20320	0.01594	0.04843	0.10006	0.01569	0.04478	0.01603	0.01994	0.04417	0.01685	0.01295	0.04821	0.00746	0.00212	0.00874	0.00524	0.00356	0.00920
58	0.01231	0.00795	0.00955	0.00911	0.01127	0.00721	0.00680	0.01498	0.03492	0.10531	0.23218	0.12265	0.26768	0.08696	0.01104	0.00285	0.00438	0.03892	0.00701	0.00692

[dist]
# distance from previous block
# <min> <max>
2	11

[block]
# block no. 4 follows, 29 sequences, length 18
# corresponding to MSA columns:
# 372-389
name=unknown_E
#
# <colnr> <probs for GDERKNQSTAVLIFYWHMCP>
#	G	D	E	R	K	N	Q	S	T	A	V	L	I	F	Y	W	H	M	C	P
0	0.23206	0.02278	0.20279	0.01432	0.01991	0.15208	0.01394	0.02108	0.01514	0.02384	0.03980	0.06854	0.01419	0.01015	0.03759	0.00248	0.00869	0.00611	0.00413	0.09037
1	0.12689	0.00997	0.01212	0.01171	0.01393	0.01033	0.03971	0.03904	0.10636	0.02277	0.02871	0.35976	0.03093	0.04280	0.00988	0.04223	0.00540	0.04741	0.00591	0.03414
2	0.04411	0.17835	0.50515	0.01816	0.02710	0.06806	0.02196	0.02266	0.01518	0.02138	0.01198	0.01404	0.00901	0.00667	0.00622	0.00208	0.00993	0.00488	0.00311	0.00999
3	0.00937	0.00755	0.00805	0.00799	0.00997	0.00682	0.00576	0.01202	0.05159	0.01992	0.12536	0.09542	0.47290	0.12112	0.01233	0.00305	0.00418	0.01404	0.00645	0.00611
4	0.02180	0.02205	0.02287	0.04931	0.21972	0.22222	0.01628	0.15966	0.06926	0.02564	0.01412	0.01660	0.01132	0.00803	0.00870	0.00218	0.08970	0.00596	0.00452	0.01008
5	0.00979	0.00766	0.00891	0.00902	0.01092	0.00710	0.00677	0.01314	0.05763	0.02235	0.23651	0.15228	0.32025	0.03877	0.00937	0.00263	0.00408	0.06942	0.00692	0.00649
6	0.01599	0.15586	0.37218	0.02134	0.10036	0.01780	0.09012	0.02190	0.01561	0.04541	0.04419	0.04013	0.01353	0.00742	0.00674	0.00214	0.00927	0.00633	0.00366	0.01000
7	0.00884	0.00647	0.00822	0.00936	0.01017	0.00595	0.00637	0.01033	0.01454	0.01922	0.10992	0.55583	0.14117	0.04584	0.00985	0.00289	0.00407	0.01843	0.00666	0.00586
8	0.01477	0.01266	0.01477	0.01055	0.01687	0.00949	0.00844	0.01793	0.01477	0.02320	0.01266	0.01477	0.01055	0.00527	0.00527	0.00105	0.00527	0.00422	0.00422	0.79328
9	0.00874	0.00631	0.00828	0.00972	0.01031	0.00585	0.00655	0.01013	0.01414	0.01882	0.07843	0.67005	0.08305	0.02164	0.00901	0.00283	0.00406	0.01955	0.00668	0.00585
10	0.01558	0.01558	0.02181	0.01869	0.01869	0.02181	0.01558	0.01714	0.01091	0.01714	0.00935	0.01558	0.00935	0.01246	0.02337	0.00312	0.73672	0.00623	0.00312	0.00779
11	0.03056	0.01247	0.01647	0.01270	0.01808	0.01111	0.01047	0.08050	0.02115	0.63164	0.02923	0.02567	0.04737	0.00920	0.00721	0.00221	0.00608	0.00745	0.00859	0.01185
12	0.01345	0.01266	0.02136	0.73264	0.04904	0.01582	0.01978	0.01819	0.01424	0.01819	0.01266	0.01898	0.00949	0.00712	0.00712	0.00237	0.00949	0.00633	0.00316	0.00791
13	0.01017	0.00763	0.01144	0.01144	0.01272	0.00890	0.00890	0.01272	0.01144	0.01653	0.01907	0.02797	0.01780	0.05340	0.72153	0.01144	0.01907	0.00763	0.00381	0.00636
14	0.01651	0.01587	0.02897	0.02086	0.02742	0.01390	0.36101	0.02108	0.01608	0.05715	0.01518	0.04034	0.01218	0.00636	0.00713	0.00188	0.00881	0.00706	0.00420	0.31801
15	0.01651	0.01314	0.01581	0.06340	0.01965	0.01089	0.00973	0.06563	0.01636	0.06320	0.01384	0.01577	0.01098	0.00584	0.00564	0.00129	0.00580	0.00469	0.00461	0.63721
16	0.00936	0.00676	0.00872	0.01006	0.01075	0.00641	0.00683	0.03542	0.01448	0.01923	0.03964	0.69210	0.07034	0.02163	0.00899	0.00284	0.00425	0.01952	0.00663	0.00603
17	0.33015	0.29992	0.07943	0.01259	0.01804	0.11983	0.01178	0.02227	0.01438	0.02336	0.01030	0.01197	0.00857	0.00653	0.00494	0.00190	0.00775	0.00406	0.00367	0.00856

[dist]
# distance from previous block
# <min> <max>
0	1

[block]
# block no. 5 follows, 29 sequences, length 23
# corresponding to MSA columns:
# 391-413
name=unknown_F
#
# <colnr> <probs for GDERKNQSTAVLIFYWHMCP>
#	G	D	E	R	K	N	Q	S	T	A	V	L	I	F	Y	W	H	M	C	P
0	0.02320	0.01855	0.02079	0.05114	0.02222	0.04414	0.01394	0.45253	0.05120	0.03577	0.01577	0.01758	0.01197	0.01113	0.04072	0.00273	0.14356	0.00643	0.00594	0.01070
1	0.75310	0.01515	0.05243	0.01002	0.01479	0.01601	0.00882	0.02103	0.01229	0.03139	0.01009	0.01177	0.00779	0.00662	0.00455	0.00221	0.00581	0.00394	0.00432	0.00788
2	0.01021	0.00749	0.01076	0.01076	0.01180	0.00853	0.00805	0.01228	0.01124	0.01603	0.01970	0.03143	0.01930	0.18245	0.59454	0.01060	0.01682	0.00813	0.00391	0.00598
3	0.02329	0.01702	0.01858	0.01479	0.01935	0.01874	0.01189	0.50204	0.08090	0.03839	0.05592	0.02151	0.01653	0.04145	0.01039	0.07773	0.00722	0.00704	0.00667	0.01056
4	0.01527	0.01944	0.19943	0.33704	0.03526	0.03720	0.04102	0.02155	0.06080	0.06632	0.03990	0.02287	0.05713	0.00821	0.00718	0.00232	0.00890	0.00700	0.00417	0.00900
5	0.01025	0.00766	0.00957	0.00902	0.01090	0.00717	0.00679	0.01424	0.05213	0.02753	0.59604	0.05369	0.13877	0.01472	0.00834	0.00227	0.00350	0.01289	0.00767	0.00686
6	0.01485	0.03063	0.50770	0.08899	0.12685	0.01663	0.07091	0.02208	0.01525	0.02227	0.01297	0.01605	0.00950	0.00669	0.00695	0.00226	0.01025	0.00573	0.00313	0.01033
7	0.01002	0.00684	0.00779	0.00799	0.00820	0.00671	0.00467	0.01029	0.01115	0.01470	0.02784	0.13259	0.07438	0.61207	0.03107	0.00611	0.00634	0.01187	0.00475	0.00461
8	0.62620	0.01346	0.01221	0.01167	0.05271	0.01494	0.00880	0.02239	0.01373	0.11649	0.04201	0.01528	0.01170	0.00721	0.00507	0.00220	0.00565	0.00480	0.00506	0.00842
9	0.04244	0.06678	0.18071	0.01577	0.02214	0.01563	0.05434	0.13666	0.06185	0.21557	0.04262	0.05502	0.01658	0.00868	0.00698	0.00218	0.00760	0.00715	0.00601	0.03530
10	0.01477	0.01266	0.01477	0.01055	0.01687	0.00949	0.00844	0.01793	0.01477	0.02320	0.01266	0.01477	0.01055	0.00527	0.00527	0.00105	0.00527	0.00422	0.00422	0.79328
11	0.01904	0.75404	0.03731	0.01218	0.01828	0.02818	0.01218	0.02132	0.01447	0.01675	0.00990	0.01142	0.00914	0.00609	0.00457	0.00152	0.00761	0.00381	0.00305	0.00914
12	0.00928	0.00668	0.00872	0.00988	0.01070	0.00628	0.00700	0.01100	0.01476	0.01969	0.12568	0.49145	0.08679	0.06600	0.01074	0.00307	0.00447	0.09527	0.00662	0.00592
13	0.01000	0.00679	0.00797	0.00827	0.00846	0.00667	0.00492	0.01046	0.01162	0.01560	0.06805	0.18632	0.03269	0.55892	0.02909	0.00581	0.00613	0.01248	0.00499	0.00476
14	0.01122	0.00772	0.01028	0.01129	0.01267	0.00753	0.00876	0.01441	0.04839	0.04895	0.11363	0.36175	0.04478	0.01931	0.00911	0.00291	0.00507	0.24867	0.00685	0.00669
15	0.01460	0.01300	0.02009	0.38764	0.03442	0.04322	0.10110	0.04292	0.01564	0.02150	0.01685	0.06546	0.01392	0.00823	0.00693	0.00223	0.00827	0.00746	0.16861	0.00790
16	0.01534	0.00864	0.00885	0.00810	0.01037	0.00896	0.00626	0.11644	0.01772	0.02930	0.02231	0.02513	0.01733	0.00833	0.00530	0.00173	0.00400	0.00660	0.67184	0.00746
17	0.02439	0.02244	0.02090	0.06887	0.07591	0.21466	0.01429	0.35292	0.05471	0.03246	0.01552	0.01681	0.01167	0.00798	0.00686	0.00206	0.00914	0.00597	0.03199	0.01046
18	0.01182	0.00941	0.01213	0.01152	0.01373	0.00964	0.03112	0.01636	0.09196	0.03994	0.15863	0.09534	0.23243	0.01751	0.04019	0.00300	0.05948	0.13207	0.00646	0.00723
19	0.01529	0.02653	0.39833	0.02425	0.17340	0.01554	0.05854	0.02157	0.01602	0.04629	0.09372	0.02060	0.01669	0.00781	0.00771	0.00226	0.03474	0.00666	0.00391	0.01015
20	0.42153	0.04388	0.09334	0.07569	0.02219	0.01595	0.09394	0.02177	0.01397	0.06932	0.01232	0.01452	0.00924	0.00662	0.00562	0.00215	0.00729	0.00501	0.00426	0.06139
21	0.01966	0.12805	0.02567	0.05670	0.32094	0.21788	0.01680	0.02324	0.03723	0.02033	0.01426	0.06096	0.01284	0.00771	0.00665	0.00202	0.00927	0.00639	0.00379	0.00963
22	0.01733	0.01624	0.06009	0.01823	0.04363	0.01545	0.15787	0.19783	0.02076	0.02880	0.11989	0.09940	0.02321	0.01013	0.00874	0.00226	0.05902	0.00898	0.00550	0.08665

[dist]
# distance from previous block
# <min> <max>
0	2

[block]
# block no. 6 follows, 29 sequences, length 9
# corresponding to MSA columns:
# 416-424
name=unknown_G
#
# <colnr> <probs for GDERKNQSTAVLIFYWHMCP>
#	G	D	E	R	K	N	Q	S	T	A	V	L	I	F	Y	W	H	M	C	P
0	0.01769	0.06551	0.17539	0.01766	0.02230	0.06067	0.03822	0.11510	0.04593	0.02352	0.01334	0.03344	0.01124	0.00931	0.01231	0.00240	0.25569	0.00613	0.00406	0.07009
1	0.02387	0.10447	0.04464	0.04181	0.08930	0.38076	0.07229	0.05192	0.01910	0.08735	0.01342	0.01523	0.01046	0.00716	0.00659	0.00195	0.01077	0.00540	0.00418	0.00934
2	0.01647	0.01777	0.06064	0.18417	0.07052	0.04482	0.25232	0.05489	0.06940	0.02296	0.05014	0.02050	0.01409	0.00785	0.00920	0.00240	0.08111	0.00742	0.00411	0.00923
3	0.06748	0.01598	0.01870	0.13989	0.02423	0.01816	0.01325	0.38800	0.02484	0.03470	0.04578	0.01988	0.01441	0.01156	0.05490	0.00281	0.03674	0.00661	0.05207	0.01001
4	0.01347	0.00739	0.00791	0.00765	0.00917	0.00791	0.00587	0.01664	0.01459	0.02576	0.02206	0.02563	0.01750	0.00865	0.00652	0.00178	0.06485	0.00660	0.72333	0.00673
5	0.01060	0.00767	0.00931	0.00984	0.01092	0.00746	0.00676	0.06918	0.01552	0.02057	0.07652	0.46998	0.10598	0.12950	0.01289	0.00334	0.00478	0.01661	0.00638	0.00620
6	0.01103	0.00775	0.00921	0.00899	0.00983	0.00787	0.00592	0.05000	0.01356	0.01830	0.10486	0.09966	0.06800	0.43940	0.11015	0.00607	0.00761	0.01113	0.00514	0.00550
7	0.01508	0.01370	0.05800	0.05515	0.11305	0.01297	0.03942	0.13164	0.06191	0.02604	0.08372	0.18156	0.05120	0.01340	0.00812	0.00253	0.00672	0.11115	0.00590	0.00872
8	0.01453	0.01132	0.01348	0.05367	0.01676	0.01120	0.00938	0.15289	0.05599	0.02590	0.06010	0.29854	0.06386	0.01388	0.00763	0.00226	0.00546	0.01207	0.00613	0.16493

[dist]
# distance from previous block
# <min> <max>
2	8

[block]
# block no. 7 follows, 29 sequences, length 46
# corresponding to MSA columns:
# 434-479
name=unknown_H
#
# <colnr> <probs for GDERKNQSTAVLIFYWHMCP>
#	G	D	E	R	K	N	Q	S	T	A	V	L	I	F	Y	W	H	M	C	P
0	0.01900	0.17117	0.20935	0.02332	0.19851	0.09468	0.01839	0.08602	0.01778	0.04608	0.01549	0.01740	0.03815	0.00728	0.00648	0.00202	0.00897	0.00574	0.00395	0.01022
1	0.01897	0.07454	0.01844	0.07063	0.02025	0.01698	0.01167	0.28274	0.13153	0.03179	0.09564	0.12663	0.02418	0.01094	0.00730	0.00224	0.00650	0.00908	0.00641	0.03353
2	0.06596	0.02233	0.20616	0.03980	0.10055	0.12507	0.03288	0.02222	0.08586	0.02188	0.02025	0.02279	0.07271	0.01497	0.11252	0.00357	0.01049	0.00680	0.00416	0.00904
3	0.01933	0.21652	0.07870	0.01508	0.04660	0.04239	0.01289	0.09366	0.18856	0.08825	0.05587	0.05186	0.01847	0.01025	0.02918	0.00238	0.00743	0.00701	0.00552	0.01006
4	0.27233	0.07448	0.01771	0.06719	0.02009	0.04559	0.01125	0.15895	0.07365	0.16869	0.01683	0.01706	0.01204	0.00772	0.00604	0.00215	0.00687	0.00559	0.00584	0.00993
5	0.02010	0.10813	0.04281	0.06550	0.02219	0.01900	0.03137	0.18640	0.14084	0.07524	0.01701	0.01823	0.01298	0.00838	0.00883	0.00215	0.10572	0.00616	0.00537	0.10361
6	0.01088	0.00818	0.00962	0.00898	0.01146	0.00725	0.00674	0.01415	0.04645	0.04690	0.29111	0.12751	0.27669	0.01528	0.00808	0.00226	0.00391	0.01317	0.00693	0.08447
7	0.01195	0.00819	0.01024	0.00987	0.01179	0.00786	0.00745	0.01606	0.07269	0.06720	0.38753	0.10896	0.10185	0.07414	0.01065	0.00279	0.00437	0.07207	0.00726	0.00708
8	0.01237	0.00618	0.00928	0.00928	0.00928	0.00618	0.00618	0.00928	0.00928	0.01237	0.01237	0.02165	0.01237	0.02474	0.02783	0.79283	0.00618	0.00618	0.00309	0.00309
9	0.01727	0.10010	0.22001	0.20898	0.15916	0.04638	0.02020	0.10312	0.01748	0.02350	0.01302	0.01634	0.00997	0.00695	0.00671	0.00215	0.00932	0.00571	0.00369	0.00994
10	0.00888	0.00723	0.00785	0.00770	0.00990	0.00621	0.00577	0.01111	0.01732	0.02183	0.24708	0.06427	0.52588	0.01707	0.00841	0.00236	0.00354	0.01443	0.00695	0.00621
11	0.01477	0.01266	0.01477	0.01055	0.01687	0.00949	0.00844	0.01793	0.01477	0.02320	0.01266	0.01477	0.01055	0.00527	0.00527	0.00105	0.00527	0.00422	0.00422	0.79328
12	0.02624	0.01521	0.01733	0.01355	0.01849	0.01579	0.01111	0.36464	0.02619	0.25057	0.02160	0.02096	0.01489	0.00859	0.00677	0.00208	0.00650	0.00668	0.14165	0.01117
13	0.80005	0.01377	0.01047	0.00936	0.01377	0.01597	0.00771	0.02093	0.01212	0.03195	0.00991	0.01157	0.00771	0.00661	0.00441	0.00220	0.00551	0.00386	0.00441	0.00771
14	0.01414	0.01339	0.01524	0.06437	0.14769	0.08992	0.01169	0.05072	0.03693	0.02196	0.06963	0.04610	0.29701	0.01319	0.00790	0.00235	0.00652	0.07774	0.00556	0.00794
15	0.01583	0.01618	0.05221	0.31337	0.35649	0.04152	0.02036	0.02029	0.01554	0.02091	0.01428	0.02122	0.01198	0.00741	0.00719	0.00227	0.00901	0.04084	0.00353	0.00955
16	0.08379	0.01862	0.14267	0.04236	0.10248	0.01553	0.01508	0.13297	0.11095	0.17971	0.06810	0.02184	0.01747	0.00840	0.00695	0.00223	0.00725	0.00684	0.00605	0.01074
17	0.01586	0.07543	0.02307	0.01817	0.01866	0.02233	0.01530	0.01748	0.01119	0.01711	0.00939	0.01524	0.00933	0.01195	0.02184	0.00299	0.67763	0.00604	0.00311	0.00790
18	0.05151	0.01370	0.01629	0.01344	0.01817	0.01395	0.01090	0.11431	0.21568	0.34741	0.05125	0.02750	0.02078	0.00971	0.00727	0.00231	0.00607	0.04067	0.00785	0.01124
19	0.35880	0.04857	0.24474	0.06849	0.05949	0.04223	0.01605	0.04581	0.01461	0.02680	0.01154	0.01382	0.00873	0.00676	0.00570	0.00219	0.00803	0.00475	0.00383	0.00907
20	0.01106	0.00796	0.00970	0.00955	0.01119	0.00785	0.00697	0.01449	0.06920	0.04408	0.19568	0.12421	0.16847	0.15378	0.10403	0.00441	0.00653	0.03805	0.00625	0.00654
21	0.01008	0.00728	0.00952	0.00896	0.01064	0.00672	0.00672	0.01344	0.02016	0.02855	0.70158	0.05319	0.06719	0.01456	0.00840	0.00224	0.00336	0.01288	0.00784	0.00672
22	0.02629	0.01933	0.02073	0.01598	0.02141	0.02137	0.01310	0.65016	0.03240	0.04342	0.01735	0.01848	0.01275	0.04326	0.00849	0.00236	0.00779	0.00660	0.00699	0.01174
23	0.01603	0.00957	0.01176	0.01054	0.01344	0.00913	0.00820	0.03988	0.09151	0.17767	0.27541	0.07395	0.14439	0.04065	0.00909	0.00253	0.00470	0.04570	0.00753	0.00832
24	0.04114	0.00733	0.00884	0.00871	0.01020	0.00688	0.00625	0.01240	0.01711	0.02404	0.40676	0.14868	0.14435	0.11171	0.01197	0.00296	0.00405	0.01351	0.00690	0.00622
25	0.01771	0.01530	0.01610	0.01449	0.01852	0.01771	0.01127	0.03784	0.69247	0.02979	0.02898	0.02657	0.02174	0.00966	0.00725	0.00242	0.00564	0.00805	0.00725	0.01127
26	0.01036	0.00690	0.00777	0.00777	0.00777	0.00690	0.00431	0.01036	0.01036	0.01381	0.02244	0.04660	0.02589	0.74975	0.03624	0.00690	0.00690	0.01036	0.00431	0.00431
27	0.07140	0.00885	0.01000	0.00923	0.01184	0.00840	0.00699	0.01698	0.06596	0.10842	0.24114	0.07710	0.25929	0.06139	0.00968	0.00262	0.00436	0.01200	0.00698	0.00736
28	0.02586	0.01621	0.01837	0.01449	0.01953	0.01716	0.01176	0.37264	0.11009	0.22072	0.04641	0.02283	0.01740	0.04255	0.00851	0.00241	0.00688	0.00723	0.00749	0.01146
29	0.03195	0.01212	0.01652	0.01267	0.01818	0.01047	0.01047	0.03470	0.02038	0.71026	0.02809	0.02424	0.01763	0.00881	0.00716	0.00220	0.00606	0.00716	0.00881	0.01212
30	0.01015	0.00738	0.00895	0.00907	0.01032	0.00699	0.00632	0.03824	0.01634	0.02199	0.25661	0.26053	0.14481	0.15340	0.01372	0.00332	0.00446	0.01468	0.00661	0.00611
31	0.00998	0.00728	0.00907	0.00954	0.01074	0.00689	0.00670	0.04237	0.01641	0.02209	0.21948	0.41108	0.12018	0.06123	0.01031	0.00286	0.00420	0.01647	0.00683	0.00627
32	0.02685	0.01937	0.02090	0.01613	0.02174	0.02135	0.01329	0.62214	0.06374	0.07431	0.01815	0.01786	0.01281	0.00861	0.00713	0.00215	0.00765	0.00652	0.00721	0.01207
33	0.02460	0.01328	0.01602	0.01322	0.01787	0.01341	0.01060	0.06346	0.27373	0.36895	0.08251	0.02714	0.02294	0.00959	0.00729	0.00228	0.00576	0.00792	0.00807	0.01136
34	0.01057	0.00764	0.00922	0.00981	0.01083	0.00745	0.00668	0.06931	0.01507	0.01986	0.03773	0.48363	0.10930	0.15172	0.01374	0.00350	0.00490	0.01669	0.00624	0.00610
35	0.01612	0.01128	0.01283	0.01155	0.01431	0.01169	0.00879	0.22225	0.04555	0.05353	0.10040	0.26110	0.08615	0.03679	0.00870	0.00253	0.00531	0.01244	0.07036	0.00832
36	0.00842	0.00721	0.00721	0.00721	0.00962	0.00601	0.00541	0.01022	0.01623	0.01924	0.07213	0.06853	0.70244	0.01803	0.00842	0.00240	0.00361	0.01503	0.00661	0.00601
37	0.01113	0.00745	0.00928	0.00892	0.01077	0.00673	0.00657	0.01367	0.01800	0.07322	0.40150	0.14187	0.19183	0.05495	0.00988	0.00260	0.00389	0.01372	0.00731	0.00671
38	0.01106	0.00729	0.00939	0.00943	0.01092	0.00676	0.00683	0.01331	0.01672	0.06896	0.30697	0.25232	0.11336	0.07775	0.03405	0.00315	0.00468	0.03353	0.00698	0.00653
39	0.02596	0.01364	0.01652	0.01345	0.01833	0.01371	0.01085	0.08741	0.24759	0.40237	0.05219	0.02550	0.02038	0.00929	0.00723	0.00227	0.00596	0.00761	0.00811	0.01163
40	0.02558	0.01886	0.02016	0.01571	0.02106	0.02091	0.01290	0.59406	0.08590	0.04268	0.01839	0.01837	0.01322	0.00862	0.00702	0.00213	0.00742	0.00656	0.04872	0.01175
41	0.00991	0.00803	0.01118	0.01053	0.01250	0.00732	0.06097	0.01231	0.01636	0.02149	0.21704	0.20823	0.25286	0.06301	0.01039	0.00281	0.00474	0.05743	0.00654	0.00636
42	0.01116	0.00864	0.01221	0.12304	0.05157	0.00944	0.00930	0.01313	0.01288	0.01776	0.07715	0.14544	0.02716	0.26601	0.13129	0.00539	0.03431	0.01058	0.02736	0.00616
43	0.01475	0.01113	0.01466	0.07101	0.01752	0.01304	0.01086	0.14674	0.01630	0.02332	0.01742	0.02347	0.01502	0.03073	0.35014	0.03240	0.08624	0.00698	0.09057	0.00769
44	0.02376	0.01810	0.02127	0.01634	0.02161	0.01944	0.06634	0.52215	0.02881	0.03881	0.01777	0.04386	0.01409	0.06171	0.00928	0.00247	0.00785	0.00721	0.00646	0.05267
45	0.11764	0.24802	0.02571	0.05022	0.15261	0.13358	0.01399	0.04402	0.01590	0.02158	0.01131	0.01387	0.00962	0.00679	0.00654	0.00187	0.04554	0.00478	0.00365	0.07276

[dist]
# distance from previous block
# <min> <max>
0	15

# created by:
# /st0/software/busco_prod/Augustus/scripts/msa2prfl.pl ./align_prep/118793.fa
