[name]
unknown

[dist]
# distance from previous block
# <min> <max>
5	81

[block]
# block no. 0 follows, 28 sequences, length 49
# corresponding to MSA columns:
# 109-157
name=unknown_A
#
# <colnr> <probs for GDERKNQSTAVLIFYWHMCP>
#	G	D	E	R	K	N	Q	S	T	A	V	L	I	F	Y	W	H	M	C	P
0	0.02116	0.01576	0.01710	0.01384	0.01844	0.01675	0.01102	0.35039	0.12810	0.05784	0.02691	0.05305	0.09394	0.06378	0.00951	0.00254	0.00667	0.00843	0.00681	0.07795
1	0.14105	0.01429	0.01566	0.01323	0.01747	0.06196	0.03697	0.07951	0.07840	0.17657	0.02324	0.12626	0.02033	0.03592	0.00809	0.00243	0.00663	0.03804	0.00630	0.09766
2	0.01995	0.01679	0.01771	0.01476	0.01853	0.08824	0.03477	0.28539	0.05091	0.03075	0.06240	0.12426	0.04238	0.07202	0.01077	0.00268	0.04083	0.00933	0.00615	0.05140
3	0.02155	0.12298	0.02590	0.01924	0.07041	0.09742	0.11136	0.19033	0.04186	0.06414	0.01638	0.05185	0.01342	0.00819	0.00743	0.00206	0.03122	0.00679	0.00512	0.09235
4	0.01926	0.01987	0.12460	0.01568	0.02094	0.07736	0.04386	0.22902	0.04443	0.05042	0.02456	0.14800	0.06798	0.01118	0.00752	0.00227	0.00776	0.00932	0.00584	0.07015
5	0.02004	0.02132	0.12912	0.01830	0.02408	0.06894	0.12461	0.23983	0.02150	0.02897	0.01518	0.01923	0.01215	0.06050	0.01111	0.04487	0.03900	0.00660	0.00486	0.08978
6	0.01952	0.03936	0.01642	0.01318	0.01735	0.04305	0.01044	0.24341	0.09516	0.07612	0.05224	0.14545	0.10398	0.01214	0.00754	0.00225	0.00630	0.01004	0.00673	0.07934
7	0.01678	0.01413	0.01686	0.01419	0.01827	0.04158	0.05828	0.15575	0.10938	0.02731	0.02603	0.18148	0.05056	0.01351	0.03140	0.00256	0.00700	0.04102	0.00600	0.16792
8	0.02117	0.01834	0.02095	0.01606	0.02170	0.08228	0.08586	0.29309	0.02383	0.03195	0.01859	0.04378	0.04425	0.00826	0.00692	0.00190	0.00786	0.00683	0.00562	0.24076
9	0.01942	0.01577	0.01962	0.10338	0.02420	0.04237	0.05811	0.15675	0.01976	0.07691	0.01507	0.01705	0.01145	0.00671	0.00642	0.00169	0.00732	0.00557	0.00506	0.38737
10	0.02019	0.01706	0.01755	0.01376	0.01921	0.06682	0.01095	0.22557	0.13031	0.03087	0.01725	0.01873	0.01355	0.03247	0.00746	0.00191	0.00688	0.00588	0.00569	0.33791
11	0.02719	0.02050	0.02053	0.01613	0.02164	0.10112	0.01312	0.46415	0.05638	0.12111	0.01837	0.01811	0.01302	0.00850	0.00711	0.00211	0.00816	0.00638	0.00693	0.04945
12	0.01989	0.13100	0.02850	0.06616	0.40627	0.02005	0.01864	0.14950	0.04372	0.02700	0.01439	0.01730	0.01164	0.00703	0.00683	0.00209	0.00833	0.00615	0.00436	0.01117
13	0.01282	0.01005	0.01389	0.01200	0.01543	0.00856	0.05617	0.01535	0.01499	0.04914	0.04898	0.34042	0.02995	0.01568	0.03692	0.00254	0.00591	0.01247	0.00565	0.29308
14	0.01911	0.01279	0.01549	0.01127	0.01753	0.00992	0.00909	0.02225	0.01639	0.18048	0.01655	0.01730	0.01243	0.00622	0.00583	0.00135	0.00557	0.00500	0.00539	0.61004
15	0.00980	0.00720	0.00918	0.00914	0.01067	0.00658	0.00668	0.01261	0.01876	0.02589	0.49011	0.19553	0.13707	0.01688	0.00872	0.00244	0.00362	0.01493	0.00760	0.00658
16	0.01824	0.50991	0.12053	0.05575	0.07300	0.02495	0.06718	0.02191	0.01515	0.01889	0.01125	0.01362	0.00963	0.00637	0.00558	0.00181	0.00866	0.00477	0.00319	0.00963
17	0.01057	0.00705	0.00793	0.00793	0.00793	0.00705	0.00440	0.01057	0.01057	0.01409	0.02290	0.04757	0.02643	0.74454	0.03700	0.00705	0.00705	0.01057	0.00440	0.00440
18	0.02650	0.01980	0.02118	0.01650	0.02211	0.02201	0.01354	0.59926	0.11172	0.04398	0.01890	0.01860	0.01353	0.00886	0.00729	0.00222	0.00773	0.00674	0.00729	0.01226
19	0.01507	0.01292	0.01507	0.01077	0.01723	0.00969	0.00861	0.01830	0.01507	0.02369	0.01292	0.01507	0.01077	0.00538	0.00538	0.00108	0.00538	0.00431	0.00431	0.78898
20	0.01507	0.01292	0.01507	0.01077	0.01723	0.00969	0.00861	0.01830	0.01507	0.02369	0.01292	0.01507	0.01077	0.00538	0.00538	0.00108	0.00538	0.00431	0.00431	0.78898
21	0.00886	0.00633	0.00843	0.01012	0.01054	0.00590	0.00675	0.01012	0.01392	0.01856	0.04006	0.73979	0.04808	0.02277	0.00928	0.00295	0.00422	0.02066	0.00675	0.00590
22	0.00859	0.00736	0.00736	0.00736	0.00982	0.00614	0.00552	0.01043	0.01657	0.01964	0.07364	0.06996	0.69624	0.01841	0.00859	0.00245	0.00368	0.01534	0.00675	0.00614
23	0.03261	0.01237	0.01687	0.01293	0.01856	0.01068	0.01068	0.03543	0.02081	0.70423	0.02868	0.02474	0.01799	0.00900	0.00731	0.00225	0.00619	0.00731	0.00900	0.01237
24	0.01171	0.00837	0.01171	0.01339	0.01506	0.00837	0.01171	0.01506	0.01673	0.02175	0.03849	0.08199	0.04183	0.02008	0.01004	0.00335	0.00669	0.65027	0.00669	0.00669
25	0.01029	0.00743	0.00972	0.00914	0.01086	0.00686	0.00686	0.01372	0.02058	0.02915	0.69536	0.05430	0.06859	0.01486	0.00857	0.00229	0.00343	0.01315	0.00800	0.00686
26	0.01191	0.00779	0.01024	0.00942	0.01142	0.00714	0.00714	0.01530	0.02059	0.07828	0.64684	0.05215	0.06490	0.01443	0.00848	0.00228	0.00363	0.01272	0.00807	0.00726
27	0.00967	0.00741	0.00885	0.00849	0.01048	0.00659	0.00637	0.01251	0.01911	0.02566	0.46757	0.06003	0.29855	0.01616	0.00858	0.00235	0.00352	0.01395	0.00754	0.00659
28	0.00957	0.00724	0.00882	0.00877	0.01050	0.00650	0.00645	0.01219	0.01836	0.02470	0.41052	0.16516	0.25042	0.01713	0.00869	0.00244	0.00363	0.01496	0.00744	0.00650
29	0.03261	0.01237	0.01687	0.01293	0.01856	0.01068	0.01068	0.03543	0.02081	0.70423	0.02868	0.02474	0.01799	0.00900	0.00731	0.00225	0.00619	0.00731	0.00900	0.01237
30	0.02411	0.01427	0.01662	0.01402	0.01876	0.01501	0.01116	0.03730	0.41020	0.30982	0.02921	0.02613	0.02045	0.00950	0.00736	0.00238	0.00593	0.00784	0.00806	0.01186
31	0.03261	0.01237	0.01687	0.01293	0.01856	0.01068	0.01068	0.03543	0.02081	0.70423	0.02868	0.02474	0.01799	0.00900	0.00731	0.00225	0.00619	0.00731	0.00900	0.01237
32	0.01057	0.00705	0.00793	0.00793	0.00793	0.00705	0.00440	0.01057	0.01057	0.01409	0.02290	0.04757	0.02643	0.74454	0.03700	0.00705	0.00705	0.01057	0.00440	0.00440
33	0.00912	0.00666	0.00859	0.00964	0.01053	0.00613	0.00665	0.01090	0.01556	0.02086	0.17887	0.52967	0.11861	0.02069	0.00906	0.00276	0.00400	0.01857	0.00701	0.00613
34	0.00998	0.00765	0.00870	0.00865	0.01028	0.00713	0.00610	0.01281	0.05221	0.02148	0.22080	0.13181	0.28980	0.16356	0.01431	0.00339	0.00446	0.01400	0.00664	0.00624
35	0.00967	0.00741	0.00887	0.00850	0.01048	0.00660	0.00638	0.01253	0.01913	0.02571	0.47075	0.05995	0.29534	0.01614	0.00858	0.00235	0.00352	0.01394	0.00755	0.00660
36	0.01808	0.01561	0.01644	0.01479	0.01890	0.01808	0.01151	0.03863	0.68606	0.03041	0.02959	0.02712	0.02219	0.00986	0.00740	0.00247	0.00575	0.00822	0.00740	0.01151
37	0.01038	0.00779	0.01168	0.01168	0.01298	0.00909	0.00909	0.01298	0.01168	0.01687	0.01947	0.02856	0.01817	0.05452	0.71573	0.01168	0.01947	0.00779	0.00389	0.00649
38	0.02689	0.01982	0.02138	0.01651	0.02213	0.02196	0.01361	0.64641	0.03321	0.04456	0.01754	0.01793	0.01261	0.01070	0.03782	0.00259	0.00849	0.00660	0.00713	0.01211
39	0.01373	0.01292	0.02180	0.72707	0.05006	0.01615	0.02019	0.01857	0.01453	0.01857	0.01292	0.01938	0.00969	0.00727	0.00727	0.00242	0.00969	0.00646	0.00323	0.00807
40	0.01014	0.00665	0.00889	0.01027	0.01097	0.00616	0.00696	0.01149	0.01429	0.05551	0.03945	0.70126	0.04646	0.02203	0.00917	0.00291	0.00432	0.01994	0.00687	0.00625
41	0.00873	0.00706	0.00768	0.00816	0.00996	0.00610	0.00583	0.01035	0.01563	0.01916	0.06260	0.25779	0.49281	0.04241	0.00968	0.00274	0.00394	0.01669	0.00668	0.00602
42	0.02561	0.01809	0.01980	0.01552	0.02064	0.01982	0.01261	0.52691	0.05724	0.08804	0.01922	0.02103	0.01444	0.06432	0.03999	0.00296	0.00820	0.00701	0.00704	0.01150
43	0.01410	0.01343	0.02309	0.66164	0.08440	0.01630	0.04730	0.01897	0.01475	0.01904	0.01303	0.01931	0.00984	0.00718	0.00732	0.00241	0.00974	0.00655	0.00327	0.00833
44	0.01510	0.01466	0.02194	0.20631	0.07630	0.01939	0.01702	0.01782	0.01246	0.01819	0.01141	0.01784	0.01032	0.01372	0.06600	0.00349	0.44012	0.00649	0.00327	0.00814
45	0.00957	0.00669	0.00843	0.00932	0.00976	0.00638	0.00603	0.01070	0.01368	0.01844	0.11401	0.44023	0.04379	0.24765	0.01787	0.00415	0.00501	0.01660	0.00617	0.00555
46	0.01055	0.00812	0.01029	0.06056	0.01413	0.00804	0.00802	0.03980	0.04717	0.02185	0.13168	0.42143	0.15353	0.01870	0.00876	0.00269	0.00463	0.01660	0.00672	0.00675
47	0.01676	0.01438	0.01860	0.19683	0.02669	0.01465	0.01316	0.12007	0.01749	0.02516	0.01327	0.01664	0.01061	0.00715	0.00808	0.00181	0.08239	0.00542	0.00437	0.38647
48	0.01304	0.01050	0.01254	0.01066	0.01459	0.00872	0.00803	0.04668	0.01580	0.02293	0.04759	0.28443	0.04787	0.01265	0.00711	0.00190	0.00496	0.01106	0.00555	0.41340

[dist]
# distance from previous block
# <min> <max>
16	31

[block]
# block no. 1 follows, 28 sequences, length 7
# corresponding to MSA columns:
# 192-198
name=unknown_B
#
# <colnr> <probs for GDERKNQSTAVLIFYWHMCP>
#	G	D	E	R	K	N	Q	S	T	A	V	L	I	F	Y	W	H	M	C	P
0	0.14185	0.11146	0.01820	0.01288	0.01728	0.05395	0.01054	0.17707	0.07197	0.11653	0.06029	0.10142	0.05614	0.01054	0.00684	0.00223	0.00657	0.00830	0.00629	0.00965
1	0.32344	0.09259	0.01572	0.01132	0.01575	0.01653	0.00939	0.13377	0.06970	0.05805	0.07702	0.02551	0.10556	0.00954	0.00619	0.00221	0.00586	0.00708	0.00581	0.00895
2	0.02083	0.59520	0.03352	0.01237	0.01853	0.02491	0.01191	0.02329	0.01559	0.10783	0.01276	0.01364	0.01058	0.00652	0.00507	0.00161	0.00738	0.00437	0.00398	0.07012
3	0.01204	0.00742	0.00942	0.00984	0.01147	0.00666	0.00702	0.01380	0.01591	0.10965	0.09818	0.45200	0.18012	0.01942	0.00882	0.00270	0.00430	0.01720	0.00714	0.00688
4	0.01601	0.26378	0.37228	0.13964	0.03052	0.02060	0.02104	0.02185	0.01502	0.02034	0.01207	0.01485	0.00933	0.00675	0.00624	0.00208	0.00960	0.00508	0.00311	0.00983
5	0.02763	0.02036	0.02182	0.01672	0.02254	0.02254	0.01382	0.67496	0.03418	0.04581	0.01745	0.01745	0.01236	0.00873	0.00727	0.00218	0.00800	0.00654	0.00727	0.01236
6	0.01249	0.00999	0.01191	0.01009	0.01368	0.00813	0.00735	0.01459	0.01396	0.02054	0.02254	0.23170	0.02433	0.13770	0.01196	0.00265	0.00533	0.01015	0.00503	0.42588

[dist]
# distance from previous block
# <min> <max>
8	15

[block]
# block no. 2 follows, 28 sequences, length 25
# corresponding to MSA columns:
# 214-238
name=unknown_C
#
# <colnr> <probs for GDERKNQSTAVLIFYWHMCP>
#	G	D	E	R	K	N	Q	S	T	A	V	L	I	F	Y	W	H	M	C	P
0	0.01682	0.01158	0.01374	0.01169	0.01518	0.01146	0.00927	0.15528	0.06496	0.09318	0.33728	0.04107	0.07059	0.01238	0.00793	0.00223	0.00511	0.04126	0.00749	0.07153
1	0.01056	0.00779	0.01011	0.01008	0.01141	0.00765	0.00706	0.01213	0.01247	0.01747	0.02576	0.24502	0.02845	0.22637	0.23145	0.00649	0.00978	0.01197	0.00494	0.10306
2	0.02573	0.01920	0.02099	0.01645	0.02157	0.02147	0.01349	0.59273	0.03149	0.04236	0.01841	0.06330	0.01446	0.00986	0.00841	0.00229	0.05170	0.00743	0.00699	0.01168
3	0.01545	0.01326	0.01524	0.01127	0.01743	0.01073	0.00897	0.02083	0.09852	0.02452	0.01499	0.01657	0.01219	0.00594	0.00563	0.00125	0.00543	0.00479	0.00469	0.69229
4	0.01053	0.00770	0.01126	0.01126	0.01249	0.00887	0.00864	0.01300	0.01176	0.01713	0.01985	0.02964	0.01869	0.09398	0.64581	0.01099	0.01806	0.00791	0.03606	0.00638
5	0.79588	0.01406	0.01068	0.00956	0.01406	0.01631	0.00787	0.02137	0.01237	0.03261	0.01012	0.01181	0.00787	0.00675	0.00450	0.00225	0.00562	0.00394	0.00450	0.00787
6	0.00886	0.00633	0.00843	0.01012	0.01054	0.00590	0.00675	0.01012	0.01392	0.01856	0.04006	0.73979	0.04808	0.02277	0.00928	0.00295	0.00422	0.02066	0.00675	0.00590
7	0.01943	0.74891	0.03809	0.01244	0.01866	0.02876	0.01244	0.02177	0.01477	0.01710	0.01011	0.01166	0.00933	0.00622	0.00466	0.00155	0.00777	0.00389	0.00311	0.00933
8	0.01793	0.40549	0.32790	0.01606	0.02422	0.02276	0.01863	0.02294	0.01530	0.05152	0.01224	0.01387	0.00968	0.00665	0.00576	0.00191	0.00899	0.00469	0.00336	0.01008
9	0.02720	0.01964	0.02120	0.01641	0.02209	0.02165	0.01350	0.59930	0.07921	0.07671	0.01885	0.01848	0.01332	0.00882	0.00728	0.00220	0.00775	0.00670	0.00736	0.01230
10	0.01283	0.00867	0.01091	0.00997	0.01227	0.00830	0.00760	0.01792	0.08922	0.08314	0.55242	0.04964	0.08058	0.01399	0.00835	0.00231	0.00390	0.01224	0.00798	0.00776
11	0.00859	0.00736	0.00736	0.00736	0.00982	0.00614	0.00552	0.01043	0.01657	0.01964	0.07364	0.06996	0.69624	0.01841	0.00859	0.00245	0.00368	0.01534	0.00675	0.00614
12	0.01799	0.01727	0.02950	0.04462	0.69919	0.01727	0.02231	0.02231	0.01655	0.02375	0.01367	0.01799	0.01151	0.00648	0.00720	0.00216	0.00864	0.00648	0.00360	0.01151
13	0.01895	0.01542	0.01646	0.01468	0.01888	0.01764	0.01146	0.03843	0.64624	0.07075	0.02953	0.02698	0.02194	0.00981	0.00739	0.00245	0.00578	0.00816	0.00749	0.01156
14	0.00869	0.00696	0.00778	0.00844	0.01010	0.00605	0.00600	0.01031	0.01554	0.01922	0.06056	0.33086	0.44379	0.02011	0.00886	0.00265	0.00389	0.01741	0.00675	0.00605
15	0.01507	0.01292	0.01507	0.01077	0.01723	0.00969	0.00861	0.01830	0.01507	0.02369	0.01292	0.01507	0.01077	0.00538	0.00538	0.00108	0.00538	0.00431	0.00431	0.78898
16	0.00919	0.00647	0.00834	0.00969	0.01003	0.00613	0.00629	0.01021	0.01327	0.01769	0.03673	0.60520	0.04387	0.16311	0.01467	0.00375	0.00477	0.01870	0.00629	0.00561
17	0.02027	0.01490	0.01607	0.01324	0.01671	0.01629	0.01006	0.36095	0.09271	0.03237	0.02074	0.02970	0.01863	0.28379	0.01839	0.00403	0.00741	0.00822	0.00621	0.00930
18	0.00913	0.00683	0.00848	0.00925	0.01045	0.00618	0.00649	0.01103	0.01609	0.02127	0.20031	0.42276	0.20542	0.01991	0.00895	0.00268	0.00391	0.01766	0.00704	0.00618
19	0.01099	0.00852	0.01223	0.01190	0.01287	0.01016	0.00910	0.01309	0.01146	0.01653	0.01894	0.03006	0.01850	0.15262	0.54277	0.01011	0.09187	0.00805	0.00390	0.00633
20	0.01996	0.01655	0.01750	0.01517	0.01962	0.01896	0.01196	0.16390	0.55772	0.03344	0.02720	0.02522	0.02025	0.00964	0.00737	0.00241	0.00619	0.00789	0.00737	0.01167
21	0.02304	0.01453	0.01866	0.19338	0.02712	0.01580	0.01374	0.11996	0.21087	0.24929	0.02344	0.02307	0.01633	0.00877	0.00732	0.00235	0.00719	0.00725	0.00685	0.01104
22	0.02017	0.01635	0.02607	0.03635	0.51675	0.01639	0.01929	0.02621	0.09739	0.12546	0.01780	0.02009	0.01375	0.00726	0.00724	0.00221	0.00793	0.00681	0.00485	0.01164
23	0.04679	0.01757	0.01835	0.01663	0.05984	0.10697	0.01248	0.22282	0.11194	0.13040	0.01988	0.02129	0.01507	0.01747	0.14486	0.00404	0.01029	0.00680	0.00612	0.01041
24	0.14919	0.07071	0.10314	0.06605	0.06313	0.11811	0.01342	0.08981	0.03809	0.02611	0.01812	0.04166	0.04232	0.00842	0.00627	0.00211	0.00778	0.00639	0.12025	0.00894

[dist]
# distance from previous block
# <min> <max>
0	20

[block]
# block no. 3 follows, 28 sequences, length 51
# corresponding to MSA columns:
# 259-309
name=unknown_D
#
# <colnr> <probs for GDERKNQSTAVLIFYWHMCP>
#	G	D	E	R	K	N	Q	S	T	A	V	L	I	F	Y	W	H	M	C	P
0	0.01733	0.04154	0.01559	0.11228	0.01986	0.01303	0.01056	0.16830	0.02073	0.07671	0.15827	0.06337	0.04858	0.03822	0.00828	0.00231	0.00603	0.00880	0.11126	0.05895
1	0.01590	0.01571	0.02284	0.29146	0.19063	0.06288	0.01833	0.01948	0.01467	0.01980	0.03738	0.01939	0.01253	0.01046	0.03731	0.00285	0.18944	0.00662	0.00354	0.00877
2	0.01879	0.65482	0.12656	0.01353	0.02035	0.02719	0.01435	0.02193	0.01485	0.01788	0.01049	0.01215	0.00931	0.00631	0.00496	0.00165	0.00817	0.00408	0.00310	0.00952
3	0.01355	0.00678	0.00678	0.00678	0.00847	0.00678	0.00508	0.01694	0.01524	0.02710	0.02371	0.02710	0.01863	0.00847	0.00508	0.00169	0.00339	0.00678	0.78489	0.00678
4	0.03171	0.01217	0.01658	0.01278	0.01825	0.01053	0.01053	0.03455	0.02080	0.67696	0.05560	0.02594	0.02004	0.00923	0.00736	0.00225	0.00607	0.00755	0.00896	0.01215
5	0.01029	0.00743	0.00972	0.00914	0.01086	0.00686	0.00686	0.01372	0.02058	0.02915	0.69536	0.05430	0.06859	0.01486	0.00857	0.00229	0.00343	0.01315	0.00800	0.00686
6	0.01355	0.00678	0.00678	0.00678	0.00847	0.00678	0.00508	0.01694	0.01524	0.02710	0.02371	0.02710	0.01863	0.00847	0.00508	0.00169	0.00339	0.00678	0.78489	0.00678
7	0.00886	0.00633	0.00843	0.01012	0.01054	0.00590	0.00675	0.01012	0.01392	0.01856	0.04006	0.73979	0.04808	0.02277	0.00928	0.00295	0.00422	0.02066	0.00675	0.00590
8	0.00883	0.00641	0.00835	0.00990	0.01048	0.00592	0.00665	0.01015	0.01413	0.01864	0.04282	0.68489	0.10121	0.02242	0.00922	0.00291	0.00417	0.02023	0.00675	0.00592
9	0.01458	0.03760	0.70688	0.02072	0.03146	0.01688	0.02686	0.02302	0.01535	0.02302	0.01304	0.01535	0.00921	0.00691	0.00691	0.00230	0.01074	0.00537	0.00307	0.01074
10	0.01057	0.00705	0.00793	0.00793	0.00793	0.00705	0.00440	0.01057	0.01057	0.01409	0.02290	0.04757	0.02643	0.74454	0.03700	0.00705	0.00705	0.01057	0.00440	0.00440
11	0.01470	0.03675	0.67566	0.02118	0.03177	0.01695	0.05722	0.02303	0.01543	0.02303	0.01312	0.01555	0.00929	0.00687	0.00698	0.00231	0.01081	0.00552	0.00310	0.01070
12	0.04651	0.38853	0.34978	0.01620	0.02447	0.02274	0.01901	0.02234	0.01495	0.02046	0.01148	0.01339	0.00922	0.00656	0.00571	0.00193	0.00908	0.00458	0.00314	0.00993
13	0.18654	0.18433	0.06722	0.01548	0.02017	0.28332	0.01336	0.05367	0.01707	0.02236	0.01101	0.01309	0.00918	0.00750	0.00719	0.00203	0.06922	0.00462	0.00383	0.00880
14	0.01873	0.64611	0.13474	0.01363	0.02051	0.02705	0.01452	0.02195	0.01485	0.01796	0.01053	0.01219	0.00931	0.00632	0.00499	0.00166	0.00820	0.00410	0.00310	0.00953
15	0.01053	0.00774	0.01146	0.01146	0.01278	0.00898	0.00891	0.01316	0.01184	0.01734	0.01966	0.02849	0.01819	0.05243	0.68359	0.01123	0.01874	0.00774	0.03921	0.00650
16	0.01030	0.00748	0.00973	0.00932	0.01107	0.00692	0.00709	0.01365	0.02016	0.02827	0.62733	0.05669	0.09533	0.01534	0.00866	0.00236	0.00364	0.05197	0.00787	0.00682
17	0.01373	0.01292	0.02180	0.72707	0.05006	0.01615	0.02019	0.01857	0.01453	0.01857	0.01292	0.01938	0.00969	0.00727	0.00727	0.00242	0.00969	0.00646	0.00323	0.00807
18	0.01773	0.01524	0.01613	0.01454	0.01854	0.01757	0.01130	0.03750	0.65597	0.03035	0.05970	0.02835	0.02429	0.01009	0.00745	0.00246	0.00565	0.00844	0.00742	0.01130
19	0.00886	0.00633	0.00843	0.01012	0.01054	0.00590	0.00675	0.01012	0.01392	0.01856	0.04006	0.73979	0.04808	0.02277	0.00928	0.00295	0.00422	0.02066	0.00675	0.00590
20	0.01507	0.01292	0.01507	0.01077	0.01723	0.00969	0.00861	0.01830	0.01507	0.02369	0.01292	0.01507	0.01077	0.00538	0.00538	0.00108	0.00538	0.00431	0.00431	0.78898
21	0.03658	0.00732	0.00922	0.00932	0.01072	0.00689	0.00671	0.01270	0.01784	0.02526	0.43335	0.24831	0.08422	0.04645	0.00978	0.00267	0.00388	0.01496	0.00733	0.00649
22	0.01355	0.00678	0.00678	0.00678	0.00847	0.00678	0.00508	0.01694	0.01524	0.02710	0.02371	0.02710	0.01863	0.00847	0.00508	0.00169	0.00339	0.00678	0.78489	0.00678
23	0.02331	0.01701	0.01805	0.01458	0.01887	0.04916	0.01154	0.41503	0.04679	0.08029	0.01940	0.02412	0.01579	0.13861	0.07071	0.00380	0.00882	0.00736	0.00646	0.01031
24	0.01590	0.01590	0.02226	0.01908	0.01908	0.02226	0.01590	0.01749	0.01113	0.01749	0.00954	0.01590	0.00954	0.01272	0.02385	0.00318	0.73123	0.00636	0.00318	0.00795
25	0.02840	0.01334	0.01680	0.01339	0.01855	0.01278	0.01089	0.08098	0.15004	0.49524	0.05939	0.02607	0.02078	0.00942	0.00738	0.00229	0.00610	0.00770	0.00852	0.01194
26	0.01057	0.00705	0.00793	0.00793	0.00793	0.00705	0.00440	0.01057	0.01057	0.01409	0.02290	0.04757	0.02643	0.74454	0.03700	0.00705	0.00705	0.01057	0.00440	0.00440
27	0.01590	0.01590	0.02226	0.01908	0.01908	0.02226	0.01590	0.01749	0.01113	0.01749	0.00954	0.01590	0.00954	0.01272	0.02385	0.00318	0.73123	0.00636	0.00318	0.00795
28	0.00992	0.00715	0.00939	0.00939	0.01078	0.00662	0.00683	0.01280	0.01889	0.02646	0.52898	0.22834	0.06338	0.01687	0.00875	0.00246	0.00363	0.01505	0.00768	0.00662
29	0.01837	0.59367	0.18405	0.01425	0.02145	0.02617	0.01558	0.02204	0.01490	0.01839	0.01075	0.01247	0.00930	0.00637	0.00515	0.00172	0.00842	0.00421	0.00310	0.00964
30	0.01355	0.00678	0.00678	0.00678	0.00847	0.00678	0.00508	0.01694	0.01524	0.02710	0.02371	0.02710	0.01863	0.00847	0.00508	0.00169	0.00339	0.00678	0.78489	0.00678
31	0.00859	0.00736	0.00736	0.00736	0.00982	0.00614	0.00552	0.01043	0.01657	0.01964	0.07364	0.06996	0.69624	0.01841	0.00859	0.00245	0.00368	0.01534	0.00675	0.00614
32	0.01943	0.74891	0.03809	0.01244	0.01866	0.02876	0.01244	0.02177	0.01477	0.01710	0.01011	0.01166	0.00933	0.00622	0.00466	0.00155	0.00777	0.00389	0.00311	0.00933
33	0.01439	0.01354	0.12960	0.01136	0.01565	0.00906	0.01077	0.01785	0.01761	0.14454	0.12653	0.05159	0.32804	0.01446	0.00819	0.00244	0.00556	0.06397	0.00667	0.00818
34	0.01263	0.00631	0.00947	0.00947	0.00947	0.00631	0.00631	0.00947	0.00947	0.01263	0.01263	0.02210	0.01263	0.02525	0.02841	0.78851	0.00631	0.00631	0.00316	0.00316
35	0.00886	0.00633	0.00843	0.01012	0.01054	0.00590	0.00675	0.01012	0.01392	0.01856	0.04006	0.73979	0.04808	0.02277	0.00928	0.00295	0.00422	0.02066	0.00675	0.00590
36	0.01467	0.01388	0.02350	0.57687	0.19293	0.01640	0.02065	0.01939	0.01498	0.01971	0.01309	0.01907	0.01009	0.00709	0.00725	0.00236	0.00946	0.00646	0.00331	0.00883
37	0.02697	0.01972	0.02111	0.01626	0.02188	0.02180	0.01341	0.64412	0.03329	0.04493	0.01775	0.01790	0.01266	0.00871	0.00717	0.00216	0.00778	0.00656	0.04371	0.01210
38	0.01590	0.01590	0.02226	0.01908	0.01908	0.02226	0.01590	0.01749	0.01113	0.01749	0.00954	0.01590	0.00954	0.01272	0.02385	0.00318	0.73123	0.00636	0.00318	0.00795
39	0.02961	0.01246	0.01656	0.01256	0.01833	0.01051	0.01033	0.03249	0.01982	0.58759	0.02598	0.02308	0.01676	0.00838	0.00698	0.00205	0.00605	0.00680	0.00819	0.14547
40	0.02715	0.03464	0.02060	0.01873	0.02247	0.71536	0.01404	0.02903	0.02060	0.01779	0.01124	0.01311	0.00936	0.00749	0.00655	0.00187	0.01311	0.00468	0.00375	0.00843
41	0.01355	0.00678	0.00678	0.00678	0.00847	0.00678	0.00508	0.01694	0.01524	0.02710	0.02371	0.02710	0.01863	0.00847	0.00508	0.00169	0.00339	0.00678	0.78489	0.00678
42	0.01507	0.01292	0.01507	0.01077	0.01723	0.00969	0.00861	0.01830	0.01507	0.02369	0.01292	0.01507	0.01077	0.00538	0.00538	0.00108	0.00538	0.00431	0.00431	0.78898
43	0.00886	0.00633	0.00843	0.01012	0.01054	0.00590	0.00675	0.01012	0.01392	0.01856	0.04006	0.73979	0.04808	0.02277	0.00928	0.00295	0.00422	0.02066	0.00675	0.00590
44	0.01355	0.00678	0.00678	0.00678	0.00847	0.00678	0.00508	0.01694	0.01524	0.02710	0.02371	0.02710	0.01863	0.00847	0.00508	0.00169	0.00339	0.00678	0.78489	0.00678
45	0.01373	0.01292	0.02180	0.72707	0.05006	0.01615	0.02019	0.01857	0.01453	0.01857	0.01292	0.01938	0.00969	0.00727	0.00727	0.00242	0.00969	0.00646	0.00323	0.00807
46	0.02923	0.01345	0.01701	0.01351	0.01882	0.01284	0.01101	0.06616	0.16552	0.52736	0.02835	0.02491	0.01864	0.00917	0.00733	0.00229	0.00618	0.00747	0.00857	0.01218
47	0.51352	0.01337	0.01279	0.05358	0.01710	0.01476	0.00928	0.05340	0.01537	0.14670	0.04278	0.05065	0.01426	0.00834	0.00566	0.00229	0.00592	0.00594	0.00557	0.00873
48	0.00887	0.00729	0.00781	0.00786	0.01004	0.00623	0.00583	0.01091	0.01696	0.02100	0.16550	0.12284	0.54723	0.01823	0.00865	0.00247	0.00369	0.01545	0.00694	0.00623
49	0.01002	0.00684	0.00823	0.00877	0.00895	0.00676	0.00532	0.01052	0.01168	0.01562	0.02825	0.26772	0.03303	0.48902	0.05300	0.00591	0.00660	0.01369	0.00513	0.00496
50	0.12078	0.01232	0.01770	0.38178	0.03314	0.01422	0.03561	0.05025	0.01571	0.06723	0.01706	0.06520	0.01383	0.00849	0.00676	0.00231	0.00768	0.00719	0.11446	0.00826

[dist]
# distance from previous block
# <min> <max>
0	9

[block]
# block no. 4 follows, 28 sequences, length 19
# corresponding to MSA columns:
# 319-337
name=unknown_E
#
# <colnr> <probs for GDERKNQSTAVLIFYWHMCP>
#	G	D	E	R	K	N	Q	S	T	A	V	L	I	F	Y	W	H	M	C	P
0	0.01711	0.09894	0.38123	0.01783	0.02544	0.07224	0.01992	0.08609	0.06593	0.02487	0.04243	0.02361	0.01578	0.00881	0.00709	0.00229	0.00936	0.06654	0.00437	0.01011
1	0.02763	0.02036	0.02182	0.01672	0.02254	0.02254	0.01382	0.67496	0.03418	0.04581	0.01745	0.01745	0.01236	0.00873	0.00727	0.00218	0.00800	0.00654	0.00727	0.01236
2	0.01507	0.01292	0.01507	0.01077	0.01723	0.00969	0.00861	0.01830	0.01507	0.02369	0.01292	0.01507	0.01077	0.00538	0.00538	0.00108	0.00538	0.00431	0.00431	0.78898
3	0.01057	0.00705	0.00793	0.00793	0.00793	0.00705	0.00440	0.01057	0.01057	0.01409	0.02290	0.04757	0.02643	0.74454	0.03700	0.00705	0.00705	0.01057	0.00440	0.00440
4	0.01261	0.01066	0.01256	0.09966	0.01792	0.01130	0.00954	0.02106	0.22727	0.02513	0.19904	0.04653	0.25121	0.01350	0.00805	0.00241	0.00502	0.01148	0.00681	0.00823
5	0.01507	0.01292	0.01507	0.01077	0.01723	0.00969	0.00861	0.01830	0.01507	0.02369	0.01292	0.01507	0.01077	0.00538	0.00538	0.00108	0.00538	0.00431	0.00431	0.78898
6	0.00946	0.00683	0.00898	0.00994	0.01091	0.00636	0.00706	0.01152	0.01617	0.02192	0.23320	0.46609	0.08157	0.02009	0.00909	0.00276	0.00413	0.06057	0.00711	0.00625
7	0.01171	0.00837	0.01171	0.01339	0.01506	0.00837	0.01171	0.01506	0.01673	0.02175	0.03849	0.08199	0.04183	0.02008	0.01004	0.00335	0.00669	0.65027	0.00669	0.00669
8	0.03220	0.01304	0.01728	0.01325	0.01889	0.01167	0.01094	0.08876	0.02192	0.64932	0.02774	0.02413	0.01752	0.00897	0.00731	0.00224	0.00634	0.00725	0.00885	0.01237
9	0.02930	0.01292	0.01684	0.01277	0.01855	0.01118	0.01050	0.06871	0.02057	0.54928	0.02532	0.02266	0.01643	0.00836	0.00697	0.00204	0.00615	0.00675	0.00809	0.14661
10	0.01373	0.01292	0.02180	0.72707	0.05006	0.01615	0.02019	0.01857	0.01453	0.01857	0.01292	0.01938	0.00969	0.00727	0.00727	0.00242	0.00969	0.00646	0.00323	0.00807
11	0.00859	0.00736	0.00736	0.00736	0.00982	0.00614	0.00552	0.01043	0.01657	0.01964	0.07364	0.06996	0.69624	0.01841	0.00859	0.00245	0.00368	0.01534	0.00675	0.00614
12	0.01383	0.01292	0.02127	0.67091	0.04749	0.01564	0.01928	0.01855	0.01458	0.01897	0.01292	0.01904	0.00977	0.00712	0.00712	0.00232	0.00935	0.00629	0.00331	0.06930
13	0.01507	0.01292	0.01507	0.01077	0.01723	0.00969	0.00861	0.01830	0.01507	0.02369	0.01292	0.01507	0.01077	0.00538	0.00538	0.00108	0.00538	0.00431	0.00431	0.78898
14	0.02759	0.02155	0.02171	0.01689	0.02254	0.08032	0.01384	0.62109	0.03304	0.04347	0.01693	0.01709	0.01211	0.00862	0.00721	0.00216	0.00842	0.00639	0.00698	0.01203
15	0.00958	0.00663	0.00822	0.00920	0.00945	0.00638	0.00576	0.01031	0.01251	0.01668	0.03286	0.44929	0.03899	0.32567	0.02091	0.00467	0.00540	0.01643	0.00576	0.00527
16	0.01899	0.65771	0.03612	0.01326	0.01871	0.02795	0.01287	0.02123	0.01432	0.01715	0.01004	0.01219	0.00935	0.00703	0.00705	0.00176	0.09778	0.00419	0.00312	0.00916
17	0.01877	0.65145	0.12973	0.01357	0.02041	0.02713	0.01441	0.02194	0.01485	0.01791	0.01051	0.01217	0.00931	0.00631	0.00497	0.00166	0.00818	0.00409	0.00310	0.00952
18	0.01700	0.14002	0.09795	0.01553	0.02073	0.01586	0.09471	0.05100	0.10934	0.08000	0.08203	0.03463	0.08057	0.01073	0.00751	0.00232	0.00733	0.09435	0.00566	0.03273

[dist]
# distance from previous block
# <min> <max>
32	53

[block]
# block no. 5 follows, 28 sequences, length 19
# corresponding to MSA columns:
# 399-417
name=unknown_F
#
# <colnr> <probs for GDERKNQSTAVLIFYWHMCP>
#	G	D	E	R	K	N	Q	S	T	A	V	L	I	F	Y	W	H	M	C	P
0	0.05869	0.02158	0.06625	0.01363	0.01738	0.29385	0.01114	0.05546	0.01863	0.02169	0.03294	0.06082	0.22407	0.01152	0.00715	0.00215	0.00834	0.00887	0.05797	0.00786
1	0.25481	0.01475	0.01725	0.24225	0.02763	0.01695	0.01327	0.18847	0.01898	0.06429	0.01471	0.01878	0.01138	0.05760	0.00845	0.00261	0.00767	0.00604	0.00503	0.00908
2	0.08021	0.01390	0.04809	0.54784	0.04247	0.01562	0.05204	0.01863	0.01422	0.01985	0.01353	0.02071	0.01084	0.06260	0.00932	0.00275	0.00932	0.00662	0.00344	0.00798
3	0.01796	0.48404	0.02852	0.01193	0.01629	0.09447	0.01054	0.01964	0.01430	0.01640	0.01351	0.02104	0.01373	0.19615	0.01317	0.00300	0.00814	0.00569	0.00351	0.00797
4	0.01111	0.00865	0.01154	0.19290	0.01931	0.00929	0.00890	0.01276	0.01277	0.01640	0.02900	0.04511	0.12981	0.41347	0.02387	0.00499	0.00718	0.03269	0.00456	0.00571
5	0.01080	0.01469	0.18833	0.01273	0.01605	0.00907	0.01205	0.01429	0.01530	0.02130	0.13704	0.36971	0.03978	0.05966	0.01022	0.00294	0.00606	0.04686	0.00586	0.00725
6	0.00886	0.00633	0.00843	0.01012	0.01054	0.00590	0.00675	0.01012	0.01392	0.01856	0.04006	0.73979	0.04808	0.02277	0.00928	0.00295	0.00422	0.02066	0.00675	0.00590
7	0.01799	0.01727	0.02950	0.04462	0.69919	0.01727	0.02231	0.02231	0.01655	0.02375	0.01367	0.01799	0.01151	0.00648	0.00720	0.00216	0.00864	0.00648	0.00360	0.01151
8	0.01373	0.01292	0.02180	0.72707	0.05006	0.01615	0.02019	0.01857	0.01453	0.01857	0.01292	0.01938	0.00969	0.00727	0.00727	0.00242	0.00969	0.00646	0.00323	0.00807
9	0.02763	0.02036	0.02182	0.01672	0.02254	0.02254	0.01382	0.67496	0.03418	0.04581	0.01745	0.01745	0.01236	0.00873	0.00727	0.00218	0.00800	0.00654	0.00727	0.01236
10	0.01085	0.00848	0.01258	0.01231	0.01350	0.01021	0.00967	0.01336	0.01164	0.01693	0.01863	0.02748	0.01744	0.05096	0.65690	0.01096	0.07999	0.00767	0.00383	0.00661
11	0.02763	0.02036	0.02182	0.01672	0.02254	0.02254	0.01382	0.67496	0.03418	0.04581	0.01745	0.01745	0.01236	0.00873	0.00727	0.00218	0.00800	0.00654	0.00727	0.01236
12	0.01057	0.00705	0.00793	0.00793	0.00793	0.00705	0.00440	0.01057	0.01057	0.01409	0.02290	0.04757	0.02643	0.74454	0.03700	0.00705	0.00705	0.01057	0.00440	0.00440
13	0.59566	0.11156	0.10368	0.01136	0.01689	0.01798	0.01090	0.02163	0.01306	0.02939	0.01050	0.01224	0.00823	0.00670	0.00483	0.00217	0.00656	0.00411	0.00414	0.00843
14	0.01093	0.00711	0.00826	0.00826	0.00865	0.00727	0.00509	0.01170	0.01131	0.01612	0.02257	0.04249	0.02436	0.56123	0.12015	0.00696	0.00817	0.00973	0.10464	0.00498
15	0.01495	0.09234	0.65541	0.02008	0.03048	0.01780	0.02575	0.02292	0.01530	0.02256	0.01282	0.01506	0.00922	0.00685	0.00673	0.00224	0.01051	0.00526	0.00307	0.01063
16	0.01373	0.01292	0.02180	0.72707	0.05006	0.01615	0.02019	0.01857	0.01453	0.01857	0.01292	0.01938	0.00969	0.00727	0.00727	0.00242	0.00969	0.00646	0.00323	0.00807
17	0.02366	0.02821	0.19734	0.01816	0.02463	0.19856	0.01711	0.30870	0.05964	0.03197	0.01535	0.01630	0.01129	0.00800	0.00700	0.00215	0.00990	0.00585	0.00529	0.01089
18	0.01443	0.01393	0.10164	0.01301	0.01618	0.01156	0.01109	0.17384	0.01940	0.02635	0.07464	0.36908	0.03450	0.05330	0.00987	0.00286	0.00614	0.03371	0.00637	0.00811

[dist]
# distance from previous block
# <min> <max>
2	4

[block]
# block no. 6 follows, 28 sequences, length 17
# corresponding to MSA columns:
# 422-438
name=unknown_G
#
# <colnr> <probs for GDERKNQSTAVLIFYWHMCP>
#	G	D	E	R	K	N	Q	S	T	A	V	L	I	F	Y	W	H	M	C	P
0	0.01434	0.05771	0.51742	0.11213	0.03166	0.01631	0.02382	0.02153	0.01537	0.02208	0.01566	0.02291	0.01279	0.00835	0.00721	0.00240	0.01006	0.07487	0.00348	0.00990
1	0.01325	0.01183	0.01940	0.55678	0.04171	0.01429	0.01817	0.01773	0.01506	0.01933	0.01902	0.03432	0.01736	0.01032	0.00793	0.00264	0.00897	0.16007	0.00406	0.00775
2	0.01046	0.00748	0.01022	0.01156	0.01279	0.00725	0.00918	0.01306	0.01628	0.02170	0.13738	0.31701	0.04811	0.02028	0.00954	0.00304	0.00530	0.32600	0.00691	0.00643
3	0.01361	0.00915	0.01121	0.01048	0.01297	0.00887	0.00806	0.01917	0.11897	0.09957	0.35775	0.10233	0.13361	0.01483	0.00840	0.00244	0.00435	0.04858	0.00769	0.00797
4	0.01322	0.01127	0.01217	0.01272	0.01488	0.06289	0.01014	0.01931	0.15052	0.02230	0.03895	0.19831	0.11087	0.01744	0.00893	0.00288	0.00614	0.27287	0.00663	0.00756
5	0.01500	0.09956	0.64862	0.02000	0.03035	0.01792	0.02560	0.02291	0.01530	0.02250	0.01279	0.01503	0.00922	0.00685	0.00671	0.00224	0.01048	0.00524	0.00307	0.01062
6	0.01782	0.01283	0.01535	0.01111	0.01744	0.00985	0.00894	0.02099	0.01597	0.13045	0.01539	0.01659	0.01190	0.00595	0.00569	0.00126	0.00551	0.00478	0.00504	0.66714
7	0.02892	0.01391	0.01658	0.01330	0.01835	0.05720	0.01076	0.03399	0.10620	0.52859	0.07159	0.02624	0.02131	0.00940	0.00736	0.00225	0.00640	0.00764	0.00838	0.01164
8	0.01760	0.01507	0.01608	0.01469	0.01861	0.01735	0.01152	0.03685	0.63557	0.02975	0.03026	0.03126	0.02367	0.01063	0.00760	0.00253	0.00582	0.05665	0.00734	0.01114
9	0.02708	0.01239	0.01591	0.01282	0.01768	0.01163	0.01037	0.03337	0.14856	0.49186	0.11077	0.02883	0.02502	0.00988	0.00748	0.00230	0.00576	0.00820	0.00857	0.01153
10	0.02763	0.02036	0.02182	0.01672	0.02254	0.02254	0.01382	0.67496	0.03418	0.04581	0.01745	0.01745	0.01236	0.00873	0.00727	0.00218	0.00800	0.00654	0.00727	0.01236
11	0.01507	0.01292	0.01507	0.01077	0.01723	0.00969	0.00861	0.01830	0.01507	0.02369	0.01292	0.01507	0.01077	0.00538	0.00538	0.00108	0.00538	0.00431	0.00431	0.78898
12	0.01273	0.00636	0.00918	0.00918	0.00936	0.00636	0.00618	0.01027	0.01009	0.01418	0.01382	0.02263	0.01327	0.02345	0.02590	0.70382	0.00600	0.00636	0.08730	0.00355
13	0.01373	0.01292	0.02180	0.72707	0.05006	0.01615	0.02019	0.01857	0.01453	0.01857	0.01292	0.01938	0.00969	0.00727	0.00727	0.00242	0.00969	0.00646	0.00323	0.00807
14	0.01040	0.00771	0.01128	0.01128	0.01244	0.00887	0.00858	0.01272	0.01156	0.01658	0.01984	0.03060	0.01906	0.12879	0.64267	0.01118	0.01813	0.00809	0.00395	0.00627
15	0.01373	0.01292	0.02180	0.72707	0.05006	0.01615	0.02019	0.01857	0.01453	0.01857	0.01292	0.01938	0.00969	0.00727	0.00727	0.00242	0.00969	0.00646	0.00323	0.00807
16	0.01373	0.01292	0.02180	0.72707	0.05006	0.01615	0.02019	0.01857	0.01453	0.01857	0.01292	0.01938	0.00969	0.00727	0.00727	0.00242	0.00969	0.00646	0.00323	0.00807

[dist]
# distance from previous block
# <min> <max>
5	10

[block]
# block no. 7 follows, 28 sequences, length 6
# corresponding to MSA columns:
# 450-455
name=unknown_H
#
# <colnr> <probs for GDERKNQSTAVLIFYWHMCP>
#	G	D	E	R	K	N	Q	S	T	A	V	L	I	F	Y	W	H	M	C	P
0	0.01373	0.01292	0.02180	0.72707	0.05006	0.01615	0.02019	0.01857	0.01453	0.01857	0.01292	0.01938	0.00969	0.00727	0.00727	0.00242	0.00969	0.00646	0.00323	0.00807
1	0.01641	0.01384	0.01948	0.01444	0.02057	0.01154	0.11461	0.02109	0.05505	0.06368	0.01659	0.02097	0.01371	0.00683	0.00639	0.00158	0.00662	0.04314	0.00480	0.52863
2	0.02763	0.02036	0.02182	0.01672	0.02254	0.02254	0.01382	0.67496	0.03418	0.04581	0.01745	0.01745	0.01236	0.00873	0.00727	0.00218	0.00800	0.00654	0.00727	0.01236
3	0.01507	0.01292	0.01507	0.01077	0.01723	0.00969	0.00861	0.01830	0.01507	0.02369	0.01292	0.01507	0.01077	0.00538	0.00538	0.00108	0.00538	0.00431	0.00431	0.78898
4	0.01039	0.00697	0.00798	0.00816	0.00821	0.00692	0.00466	0.01052	0.01093	0.01457	0.02474	0.12165	0.02874	0.66729	0.03403	0.00661	0.00674	0.01165	0.00466	0.00457
5	0.59290	0.01572	0.01362	0.01145	0.01630	0.01795	0.00944	0.19406	0.01813	0.03610	0.01206	0.01330	0.00906	0.00727	0.00523	0.00223	0.00625	0.00463	0.00523	0.00906

[dist]
# distance from previous block
# <min> <max>
1	4

[block]
# block no. 8 follows, 28 sequences, length 10
# corresponding to MSA columns:
# 460-469
name=unknown_I
#
# <colnr> <probs for GDERKNQSTAVLIFYWHMCP>
#	G	D	E	R	K	N	Q	S	T	A	V	L	I	F	Y	W	H	M	C	P
0	0.01799	0.01727	0.02950	0.04462	0.69919	0.01727	0.02231	0.02231	0.01655	0.02375	0.01367	0.01799	0.01151	0.00648	0.00720	0.00216	0.00864	0.00648	0.00360	0.01151
1	0.02179	0.01580	0.01842	0.01400	0.01947	0.01566	0.01146	0.25409	0.02218	0.11485	0.01613	0.01720	0.01210	0.00776	0.00816	0.00183	0.07979	0.00568	0.00583	0.33781
2	0.01373	0.01292	0.02180	0.72707	0.05006	0.01615	0.02019	0.01857	0.01453	0.01857	0.01292	0.01938	0.00969	0.00727	0.00727	0.00242	0.00969	0.00646	0.00323	0.00807
3	0.01029	0.00743	0.00972	0.00914	0.01086	0.00686	0.00686	0.01372	0.02058	0.02915	0.69536	0.05430	0.06859	0.01486	0.00857	0.00229	0.00343	0.01315	0.00800	0.00686
4	0.01057	0.00705	0.00793	0.00793	0.00793	0.00705	0.00440	0.01057	0.01057	0.01409	0.02290	0.04757	0.02643	0.74454	0.03700	0.00705	0.00705	0.01057	0.00440	0.00440
5	0.02763	0.02036	0.02182	0.01672	0.02254	0.02254	0.01382	0.67496	0.03418	0.04581	0.01745	0.01745	0.01236	0.00873	0.00727	0.00218	0.00800	0.00654	0.00727	0.01236
6	0.01139	0.00776	0.00881	0.00870	0.00909	0.00784	0.00523	0.05003	0.01235	0.01648	0.02450	0.12321	0.02801	0.62004	0.03213	0.00630	0.00679	0.01146	0.00484	0.00505
7	0.01373	0.01292	0.02180	0.72707	0.05006	0.01615	0.02019	0.01857	0.01453	0.01857	0.01292	0.01938	0.00969	0.00727	0.00727	0.00242	0.00969	0.00646	0.00323	0.00807
8	0.01353	0.01058	0.01443	0.01331	0.01510	0.01263	0.01060	0.10838	0.01484	0.02110	0.01796	0.02541	0.01628	0.04283	0.52935	0.00928	0.10513	0.00743	0.00429	0.00751
9	0.01168	0.00940	0.01332	0.01281	0.01420	0.01139	0.01009	0.01569	0.06912	0.01810	0.01918	0.02696	0.01751	0.04584	0.57473	0.00991	0.10122	0.00766	0.00411	0.00709

[dist]
# distance from previous block
# <min> <max>
0	4

[block]
# block no. 9 follows, 28 sequences, length 11
# corresponding to MSA columns:
# 474-484
name=unknown_J
#
# <colnr> <probs for GDERKNQSTAVLIFYWHMCP>
#	G	D	E	R	K	N	Q	S	T	A	V	L	I	F	Y	W	H	M	C	P
0	0.01335	0.01222	0.02026	0.62725	0.04489	0.01496	0.01867	0.01799	0.01511	0.01953	0.06229	0.02618	0.01604	0.00869	0.00755	0.00248	0.00904	0.05182	0.00380	0.00789
1	0.57710	0.01784	0.01368	0.01188	0.01646	0.11470	0.00960	0.11737	0.01669	0.03246	0.01134	0.01281	0.00873	0.00714	0.00519	0.00219	0.00701	0.00442	0.00480	0.00860
2	0.01303	0.00944	0.01199	0.01272	0.01502	0.00956	0.01077	0.01864	0.11409	0.04993	0.04176	0.07004	0.13026	0.01792	0.00934	0.00305	0.00611	0.44189	0.00690	0.00754
3	0.01799	0.01727	0.02950	0.04462	0.69919	0.01727	0.02231	0.02231	0.01655	0.02375	0.01367	0.01799	0.01151	0.00648	0.00720	0.00216	0.00864	0.00648	0.00360	0.01151
4	0.02870	0.01865	0.02075	0.01591	0.02169	0.02000	0.01314	0.53773	0.03131	0.18709	0.01986	0.01902	0.01357	0.00878	0.00728	0.00220	0.00761	0.00671	0.00764	0.01236
5	0.01777	0.01452	0.01652	0.01205	0.01837	0.01245	0.00973	0.15920	0.01917	0.02843	0.01389	0.01558	0.01111	0.00610	0.00579	0.00131	0.00594	0.00479	0.00494	0.62234
6	0.01154	0.00831	0.00946	0.00854	0.00992	0.00761	0.00531	0.01223	0.01154	0.01615	0.02076	0.04060	0.02307	0.58594	0.03021	0.00577	0.00669	0.00923	0.00438	0.17275
7	0.01148	0.00779	0.00876	0.00854	0.00890	0.00789	0.00506	0.04919	0.01210	0.01615	0.02340	0.07861	0.02663	0.66755	0.03396	0.00657	0.00697	0.01081	0.00468	0.00494
8	0.01305	0.01166	0.01883	0.57276	0.04102	0.01420	0.01680	0.01686	0.01368	0.01761	0.01506	0.02543	0.01328	0.16546	0.01365	0.00341	0.00912	0.00734	0.00348	0.00729
9	0.01397	0.01339	0.02329	0.67791	0.04921	0.01631	0.06625	0.01890	0.01472	0.01890	0.01305	0.01940	0.00978	0.00719	0.00736	0.00242	0.00987	0.00661	0.00326	0.00820
10	0.01512	0.01414	0.02281	0.50262	0.18286	0.01661	0.01964	0.02164	0.09143	0.02101	0.01498	0.01997	0.01150	0.00740	0.00727	0.00237	0.00902	0.00666	0.00378	0.00919

[dist]
# distance from previous block
# <min> <max>
0	7

[block]
# block no. 10 follows, 28 sequences, length 9
# corresponding to MSA columns:
# 492-500
name=unknown_K
#
# <colnr> <probs for GDERKNQSTAVLIFYWHMCP>
#	G	D	E	R	K	N	Q	S	T	A	V	L	I	F	Y	W	H	M	C	P
0	0.44860	0.01251	0.01126	0.00993	0.01366	0.01390	0.00799	0.09470	0.01688	0.03272	0.14715	0.02284	0.02173	0.00880	0.00570	0.00217	0.00517	0.00642	0.10983	0.00804
1	0.01195	0.00817	0.00920	0.00888	0.00944	0.00833	0.00543	0.06959	0.01294	0.01727	0.02379	0.10003	0.02690	0.62164	0.03215	0.00629	0.00691	0.01102	0.00485	0.00523
2	0.01044	0.00707	0.00833	0.00845	0.00860	0.00717	0.00502	0.01078	0.01090	0.01467	0.02371	0.09190	0.02706	0.62812	0.10226	0.00723	0.00809	0.01097	0.00451	0.00471
3	0.01507	0.01292	0.01507	0.01077	0.01723	0.00969	0.00861	0.01830	0.01507	0.02369	0.01292	0.01507	0.01077	0.00538	0.00538	0.00108	0.00538	0.00431	0.00431	0.78898
4	0.00914	0.00674	0.00849	0.00977	0.01068	0.00622	0.00684	0.01064	0.01454	0.01885	0.04573	0.51872	0.17364	0.05427	0.01046	0.00307	0.00446	0.07513	0.00664	0.00595
5	0.02636	0.01973	0.02110	0.01647	0.02206	0.02195	0.01351	0.58989	0.12132	0.04375	0.01907	0.01874	0.01368	0.00888	0.00729	0.00222	0.00770	0.00677	0.00729	0.01225
6	0.01458	0.03760	0.70688	0.02072	0.03146	0.01688	0.02686	0.02302	0.01535	0.02302	0.01304	0.01535	0.00921	0.00691	0.00691	0.00230	0.01074	0.00537	0.00307	0.01074
7	0.02187	0.01718	0.02091	0.22478	0.02992	0.01894	0.01499	0.39419	0.02585	0.03485	0.01551	0.01770	0.01136	0.00785	0.00702	0.00210	0.00815	0.00622	0.00569	0.11492
8	0.01980	0.01533	0.01779	0.10862	0.02230	0.01702	0.01240	0.36054	0.02473	0.03269	0.02788	0.03014	0.14702	0.05590	0.03759	0.00297	0.04294	0.00854	0.00613	0.00966

[dist]
# distance from previous block
# <min> <max>
4	17

[block]
# block no. 11 follows, 28 sequences, length 17
# corresponding to MSA columns:
# 518-523,526-536
name=unknown_L
#
# <colnr> <probs for GDERKNQSTAVLIFYWHMCP>
#	G	D	E	R	K	N	Q	S	T	A	V	L	I	F	Y	W	H	M	C	P
0	0.02666	0.01945	0.02102	0.01626	0.02170	0.02149	0.01333	0.63187	0.03258	0.04366	0.01714	0.01775	0.01238	0.00980	0.00864	0.05309	0.00789	0.00653	0.00701	0.01177
1	0.02675	0.01954	0.02109	0.01630	0.02178	0.02159	0.01338	0.63595	0.03273	0.04387	0.01717	0.01772	0.01238	0.00969	0.00851	0.04827	0.00790	0.00653	0.00703	0.01182
2	0.01373	0.01292	0.02180	0.72707	0.05006	0.01615	0.02019	0.01857	0.01453	0.01857	0.01292	0.01938	0.00969	0.00727	0.00727	0.00242	0.00969	0.00646	0.00323	0.00807
