[name]
unknown

[dist]
# distance from previous block
# <min> <max>
0	2

[block]
# block no. 0 follows, 30 sequences, length 33
# corresponding to MSA columns:
# 2-34
name=unknown_A
#
# <colnr> <probs for GDERKNQSTAVLIFYWHMCP>
#	G	D	E	R	K	N	Q	S	T	A	V	L	I	F	Y	W	H	M	C	P
0	0.01228	0.00845	0.01155	0.01268	0.01455	0.00846	0.01095	0.01621	0.04678	0.05072	0.07190	0.07266	0.03973	0.01813	0.00934	0.00308	0.00620	0.57284	0.00662	0.00687
1	0.09042	0.01728	0.01705	0.01675	0.08835	0.13906	0.01187	0.03077	0.29474	0.15295	0.05269	0.02226	0.01818	0.00854	0.00673	0.00217	0.00700	0.00682	0.00618	0.01017
2	0.01606	0.01487	0.07835	0.37269	0.05738	0.01486	0.01634	0.13033	0.01837	0.06392	0.10187	0.02421	0.04403	0.00856	0.00715	0.00224	0.00793	0.00729	0.00476	0.00879
3	0.00850	0.00607	0.00810	0.00972	0.01012	0.00567	0.00648	0.00972	0.01336	0.01781	0.03846	0.75020	0.04615	0.02186	0.00891	0.00283	0.00405	0.01984	0.00648	0.00567
4	0.02180	0.06246	0.01998	0.07622	0.02246	0.10728	0.01298	0.29209	0.25219	0.03187	0.01915	0.01919	0.01429	0.00834	0.00679	0.00213	0.00769	0.00644	0.00604	0.01061
5	0.01770	0.01296	0.01524	0.01427	0.06187	0.01364	0.01041	0.24205	0.10291	0.06133	0.14116	0.07070	0.09700	0.03945	0.00943	0.03615	0.00589	0.03218	0.00659	0.00905
6	0.01520	0.05222	0.46413	0.02663	0.22102	0.01675	0.06283	0.02189	0.01514	0.02213	0.01270	0.01557	0.00957	0.00645	0.00673	0.00216	0.00974	0.00559	0.00312	0.01043
7	0.01647	0.06504	0.06983	0.02784	0.05390	0.01832	0.56813	0.02200	0.01600	0.02176	0.01354	0.01798	0.01036	0.00619	0.00850	0.00231	0.04130	0.00767	0.00345	0.00940
8	0.00934	0.00703	0.00863	0.00840	0.01014	0.00633	0.00624	0.01206	0.01823	0.02476	0.48616	0.11106	0.23451	0.01577	0.00829	0.00229	0.00342	0.01375	0.00727	0.00633
9	0.00850	0.00607	0.00810	0.00972	0.01012	0.00567	0.00648	0.00972	0.01336	0.01781	0.03846	0.75020	0.04615	0.02186	0.00891	0.00283	0.00405	0.01984	0.00648	0.00567
10	0.01718	0.01855	0.05808	0.07886	0.42782	0.07447	0.14404	0.02161	0.01616	0.02182	0.01413	0.01993	0.01191	0.00689	0.00722	0.00218	0.00935	0.03617	0.00357	0.01006
11	0.01680	0.47106	0.30821	0.01511	0.02281	0.02307	0.01745	0.02138	0.01440	0.01868	0.01083	0.01260	0.00891	0.00623	0.00533	0.00178	0.00860	0.00430	0.00297	0.00950
12	0.02201	0.02585	0.05200	0.02808	0.30289	0.37069	0.01721	0.06017	0.01868	0.02105	0.01213	0.01480	0.00998	0.00683	0.00659	0.00194	0.01048	0.00532	0.00369	0.00959
13	0.04303	0.02182	0.02572	0.06091	0.27815	0.24780	0.11226	0.02361	0.01687	0.04326	0.01262	0.01595	0.01023	0.00695	0.00774	0.00210	0.05199	0.00589	0.00367	0.00944
14	0.01976	0.01501	0.01629	0.01408	0.01831	0.01683	0.01111	0.12541	0.51309	0.10107	0.05163	0.02548	0.02123	0.00941	0.00712	0.00230	0.00578	0.00775	0.00726	0.01108
15	0.09663	0.04474	0.02047	0.05485	0.06126	0.06413	0.04901	0.12430	0.11707	0.05883	0.01616	0.04963	0.01339	0.00939	0.01062	0.00239	0.18622	0.00674	0.00487	0.00927
16	0.01898	0.72697	0.03583	0.01221	0.01807	0.05842	0.01201	0.02120	0.01443	0.01645	0.00975	0.01126	0.00896	0.00602	0.00456	0.00151	0.00769	0.00376	0.00301	0.00892
17	0.01638	0.01218	0.01463	0.01105	0.01639	0.01003	0.00880	0.04451	0.01557	0.10262	0.01644	0.07916	0.01424	0.00740	0.00645	0.00144	0.03332	0.00598	0.00492	0.57849
18	0.02261	0.25441	0.02410	0.01503	0.01946	0.33795	0.01233	0.08928	0.04885	0.04874	0.01411	0.05685	0.01232	0.00795	0.00601	0.00183	0.00943	0.00558	0.00426	0.00887
19	0.02504	0.01712	0.01881	0.01476	0.01974	0.01859	0.01197	0.48548	0.09577	0.13007	0.01974	0.02076	0.01453	0.06381	0.00911	0.00248	0.00716	0.00683	0.00701	0.01122
20	0.00881	0.00709	0.00785	0.00766	0.00977	0.00613	0.00575	0.01111	0.01724	0.02202	0.29164	0.06194	0.48547	0.01649	0.00824	0.00230	0.00345	0.01400	0.00690	0.00613
21	0.01932	0.01623	0.01924	0.01982	0.14768	0.01792	0.01338	0.18094	0.39855	0.03114	0.02240	0.02193	0.01690	0.00848	0.00697	0.00221	0.00651	0.00709	0.00630	0.03698
22	0.02396	0.02124	0.13661	0.01622	0.02242	0.01938	0.01489	0.46018	0.09218	0.09491	0.01806	0.01788	0.01271	0.00821	0.00694	0.00214	0.00777	0.00631	0.00646	0.01153
23	0.00858	0.00617	0.00801	0.00943	0.00994	0.00574	0.00628	0.00976	0.01333	0.01763	0.03951	0.66780	0.08582	0.06348	0.01039	0.00303	0.00417	0.01897	0.00635	0.00560
24	0.02174	0.01982	0.02116	0.02069	0.13471	0.13721	0.03108	0.26616	0.15181	0.03051	0.03844	0.01897	0.01453	0.00838	0.00790	0.00216	0.05219	0.00651	0.00555	0.01047
25	0.00860	0.00611	0.00807	0.00960	0.00998	0.00573	0.00635	0.00974	0.01318	0.01757	0.03752	0.70994	0.04497	0.06374	0.01043	0.00306	0.00420	0.01928	0.00635	0.00559
26	0.11829	0.07702	0.01787	0.01422	0.01845	0.14525	0.01130	0.08603	0.38208	0.02751	0.02047	0.01985	0.01562	0.00832	0.00639	0.00215	0.00710	0.00631	0.00579	0.00998
27	0.01478	0.01455	0.02242	0.01855	0.01974	0.01877	0.11236	0.01703	0.01172	0.01783	0.01161	0.01825	0.01093	0.04243	0.06938	0.00360	0.52544	0.00669	0.03629	0.00762
28	0.01606	0.01534	0.02613	0.24915	0.51441	0.01626	0.02081	0.02035	0.01531	0.02132	0.01291	0.01767	0.01053	0.00644	0.00693	0.00215	0.00859	0.00621	0.00335	0.01007
29	0.03073	0.01280	0.01677	0.01285	0.01827	0.01163	0.01062	0.11269	0.02152	0.63519	0.02623	0.02291	0.01662	0.00861	0.00701	0.00215	0.00615	0.00693	0.00844	0.01187
30	0.00850	0.00607	0.00810	0.00972	0.01012	0.00567	0.00648	0.00972	0.01336	0.01781	0.03846	0.75020	0.04615	0.02186	0.00891	0.00283	0.00405	0.01984	0.00648	0.00567
31	0.02489	0.01873	0.02002	0.01572	0.02102	0.02088	0.01287	0.57177	0.15166	0.04134	0.01883	0.01841	0.01355	0.00857	0.00700	0.00214	0.00729	0.00657	0.00700	0.01172
32	0.01754	0.60896	0.08868	0.01292	0.01858	0.02515	0.01305	0.02022	0.01383	0.01688	0.01045	0.01273	0.00948	0.00927	0.05037	0.00225	0.05357	0.00422	0.00303	0.00881

[dist]
# distance from previous block
# <min> <max>
0	1

[block]
# block no. 1 follows, 30 sequences, length 109
# corresponding to MSA columns:
# 36-144
name=unknown_B
#
# <colnr> <probs for GDERKNQSTAVLIFYWHMCP>
#	G	D	E	R	K	N	Q	S	T	A	V	L	I	F	Y	W	H	M	C	P
0	0.00961	0.00712	0.00896	0.00850	0.01026	0.00647	0.00638	0.01266	0.01913	0.02650	0.60412	0.05457	0.17020	0.01482	0.00823	0.00222	0.00333	0.01296	0.00749	0.00647
1	0.02627	0.01957	0.02048	0.01591	0.02133	0.04790	0.01306	0.60837	0.06221	0.06769	0.01747	0.01728	0.01239	0.00839	0.00696	0.00210	0.00770	0.00632	0.00692	0.01169
2	0.04304	0.00678	0.00669	0.00665	0.00831	0.00686	0.00495	0.01616	0.01434	0.02569	0.02223	0.02629	0.01781	0.03987	0.00616	0.00187	0.00348	0.00656	0.72979	0.00645
3	0.00850	0.00607	0.00810	0.00972	0.01012	0.00567	0.00648	0.00972	0.01336	0.01781	0.03846	0.75020	0.04615	0.02186	0.00891	0.00283	0.00405	0.01984	0.00648	0.00567
4	0.11341	0.01670	0.01828	0.01428	0.01958	0.01790	0.01175	0.41344	0.06614	0.20875	0.01933	0.01843	0.01328	0.00829	0.00670	0.00213	0.00687	0.00628	0.00710	0.01134
5	0.01698	0.16594	0.32492	0.02216	0.12433	0.05152	0.08233	0.06473	0.01620	0.02213	0.01229	0.01486	0.00955	0.00673	0.00704	0.00207	0.03745	0.00541	0.00337	0.00998
6	0.01004	0.00672	0.00764	0.00774	0.00777	0.00670	0.00437	0.01012	0.01035	0.01380	0.02303	0.09024	0.02668	0.70839	0.03383	0.00652	0.00659	0.01076	0.00437	0.00432
7	0.01702	0.01925	0.09586	0.08901	0.44901	0.08139	0.01956	0.02230	0.06046	0.02205	0.01641	0.01953	0.04299	0.00714	0.00690	0.00211	0.00857	0.00645	0.00376	0.01021
8	0.02445	0.03043	0.02043	0.02067	0.10519	0.61829	0.01420	0.02654	0.01918	0.01783	0.01290	0.01482	0.03055	0.00739	0.00643	0.00185	0.01179	0.00502	0.00367	0.00838
9	0.00849	0.00612	0.00805	0.00960	0.01009	0.00568	0.00643	0.00973	0.01347	0.01786	0.03983	0.72111	0.07436	0.02168	0.00888	0.00281	0.00403	0.01962	0.00648	0.00568
10	0.01445	0.03292	0.59423	0.02164	0.03135	0.01647	0.14698	0.02215	0.01505	0.02215	0.01282	0.01548	0.00916	0.00649	0.00692	0.00224	0.01058	0.00572	0.00305	0.01015
11	0.01516	0.01443	0.02451	0.40144	0.36912	0.01603	0.02037	0.01957	0.01489	0.02023	0.01275	0.01796	0.01015	0.00661	0.00694	0.00220	0.00881	0.00621	0.00327	0.00935
12	0.00850	0.00607	0.00810	0.00972	0.01012	0.00567	0.00648	0.00972	0.01336	0.01781	0.03846	0.75020	0.04615	0.02186	0.00891	0.00283	0.00405	0.01984	0.00648	0.00567
13	0.01866	0.75896	0.03657	0.01194	0.01791	0.02761	0.01194	0.02090	0.01418	0.01642	0.00970	0.01119	0.00896	0.00597	0.00448	0.00149	0.00746	0.00373	0.00299	0.00896
14	0.00850	0.00607	0.00810	0.00972	0.01012	0.00567	0.00648	0.00972	0.01336	0.01781	0.03846	0.75020	0.04615	0.02186	0.00891	0.00283	0.00405	0.01984	0.00648	0.00567
15	0.22333	0.01578	0.01771	0.11974	0.09827	0.05033	0.01293	0.15340	0.10556	0.11280	0.01642	0.01751	0.01202	0.00756	0.00627	0.00217	0.00714	0.00583	0.00541	0.00980
16	0.01291	0.00895	0.00994	0.00917	0.01015	0.00929	0.00589	0.12742	0.01422	0.01900	0.02183	0.07282	0.02398	0.59215	0.02937	0.00578	0.00680	0.00992	0.00481	0.00562
17	0.02607	0.03326	0.01978	0.01798	0.02157	0.72674	0.01348	0.02787	0.01978	0.01708	0.01079	0.01258	0.00899	0.00719	0.00629	0.00180	0.01258	0.00449	0.00360	0.00809
18	0.02558	0.03024	0.01968	0.01748	0.02137	0.58592	0.01330	0.11827	0.06450	0.02151	0.01271	0.01400	0.01016	0.00750	0.00644	0.00187	0.01147	0.00495	0.00428	0.00879
19	0.00850	0.00607	0.00810	0.00972	0.01012	0.00567	0.00648	0.00972	0.01336	0.01781	0.03846	0.75020	0.04615	0.02186	0.00891	0.00283	0.00405	0.01984	0.00648	0.00567
20	0.01846	0.01494	0.01661	0.01557	0.05822	0.01673	0.01152	0.11223	0.50193	0.05946	0.05316	0.02667	0.04392	0.00957	0.00715	0.00230	0.00581	0.00797	0.00694	0.01084
21	0.02510	0.12499	0.02300	0.01541	0.02099	0.02235	0.01300	0.57106	0.05228	0.03955	0.01613	0.01627	0.01177	0.00807	0.00663	0.00202	0.00758	0.00597	0.00641	0.01142
22	0.00850	0.00607	0.00810	0.00972	0.01012	0.00567	0.00648	0.00972	0.01336	0.01781	0.03846	0.75020	0.04615	0.02186	0.00891	0.00283	0.00405	0.01984	0.00648	0.00567
23	0.01495	0.06179	0.49341	0.02294	0.06363	0.01706	0.18407	0.02208	0.01518	0.02195	0.01282	0.01569	0.00937	0.00640	0.00694	0.00221	0.01045	0.00589	0.00311	0.01007
24	0.69353	0.06535	0.03223	0.00981	0.01446	0.01625	0.00849	0.02118	0.01247	0.06039	0.01058	0.01197	0.00812	0.00654	0.00451	0.00211	0.00570	0.00396	0.00438	0.00792
25	0.00849	0.00612	0.00805	0.00960	0.01009	0.00568	0.00643	0.00973	0.01347	0.01786	0.03989	0.71991	0.07552	0.02168	0.00888	0.00281	0.00403	0.01961	0.00648	0.00568
26	0.01599	0.01686	0.08480	0.16049	0.49064	0.01570	0.02036	0.02051	0.01537	0.02208	0.01358	0.01786	0.01100	0.00651	0.00676	0.00210	0.00831	0.00614	0.05482	0.01011
27	0.02117	0.01484	0.01687	0.01358	0.01799	0.01545	0.01089	0.37007	0.02457	0.09887	0.05147	0.14832	0.02056	0.01073	0.00758	0.00212	0.02667	0.00875	0.00660	0.11289
28	0.01301	0.00650	0.00650	0.00650	0.00813	0.00650	0.00488	0.01626	0.01463	0.02602	0.02276	0.02602	0.01789	0.00813	0.00488	0.00163	0.00325	0.00650	0.79350	0.00650
29	0.01188	0.00884	0.03333	0.00942	0.01174	0.00762	0.00744	0.03997	0.01896	0.07341	0.47688	0.06853	0.14040	0.04933	0.00937	0.00245	0.00409	0.01211	0.00721	0.00704
30	0.05518	0.03194	0.01971	0.01850	0.04505	0.67537	0.01353	0.02736	0.01934	0.01781	0.01083	0.01270	0.00901	0.00713	0.00624	0.00182	0.01216	0.00453	0.00362	0.00817
31	0.00850	0.00607	0.00810	0.00972	0.01012	0.00567	0.00648	0.00972	0.01336	0.01781	0.03846	0.75020	0.04615	0.02186	0.00891	0.00283	0.00405	0.01984	0.00648	0.00567
32	0.01727	0.01658	0.02832	0.04283	0.71123	0.01658	0.02142	0.02142	0.01589	0.02280	0.01313	0.01727	0.01105	0.00622	0.00691	0.00207	0.00829	0.00622	0.00345	0.01105
33	0.01212	0.00606	0.00909	0.00909	0.00909	0.00606	0.00606	0.00909	0.00909	0.01212	0.01212	0.02121	0.01212	0.02424	0.02727	0.79697	0.00606	0.00606	0.00303	0.00303
34	0.00850	0.00607	0.00810	0.00972	0.01012	0.00567	0.00648	0.00972	0.01336	0.01781	0.03846	0.75020	0.04615	0.02186	0.00891	0.00283	0.00405	0.01984	0.00648	0.00567
35	0.02603	0.01815	0.01967	0.01518	0.02050	0.01983	0.01251	0.59653	0.03070	0.09313	0.01794	0.01786	0.01265	0.00838	0.00685	0.00207	0.00727	0.00635	0.05687	0.01153
36	0.00988	0.00713	0.00933	0.00878	0.01043	0.00658	0.00658	0.01317	0.01975	0.02798	0.70754	0.05213	0.06584	0.01427	0.00823	0.00219	0.00329	0.01262	0.00768	0.00658
37	0.01235	0.00901	0.01262	0.01198	0.04419	0.00859	0.04017	0.05726	0.01977	0.05591	0.52067	0.09881	0.05384	0.01348	0.00809	0.00224	0.00436	0.01204	0.00720	0.00740
38	0.01614	0.06708	0.16857	0.02511	0.03227	0.04646	0.45823	0.02184	0.01598	0.02151	0.01457	0.05216	0.01178	0.00685	0.00765	0.00227	0.01089	0.00777	0.00353	0.00932
39	0.02607	0.03326	0.01978	0.01798	0.02157	0.72674	0.01348	0.02787	0.01978	0.01708	0.01079	0.01258	0.00899	0.00719	0.00629	0.00180	0.01258	0.00449	0.00360	0.00809
40	0.01727	0.01658	0.02832	0.04283	0.71123	0.01658	0.02142	0.02142	0.01589	0.02280	0.01313	0.01727	0.01105	0.00622	0.00691	0.00207	0.00829	0.00622	0.00345	0.01105
41	0.00850	0.00607	0.00810	0.00972	0.01012	0.00567	0.00648	0.00972	0.01336	0.01781	0.03846	0.75020	0.04615	0.02186	0.00891	0.00283	0.00405	0.01984	0.00648	0.00567
42	0.01528	0.04863	0.16628	0.13965	0.03397	0.01720	0.34271	0.02149	0.04432	0.02123	0.01448	0.04027	0.01146	0.00715	0.00825	0.00234	0.04520	0.00738	0.00355	0.00917
43	0.02600	0.01971	0.02062	0.01601	0.02144	0.04303	0.01315	0.63136	0.06960	0.04233	0.01722	0.01714	0.01231	0.00840	0.00697	0.00210	0.00771	0.00632	0.00688	0.01171
44	0.00850	0.00607	0.00810	0.00972	0.01012	0.00567	0.00648	0.00972	0.01336	0.01781	0.03846	0.75020	0.04615	0.02186	0.00891	0.00283	0.00405	0.01984	0.00648	0.00567
45	0.01738	0.02107	0.14398	0.05623	0.47666	0.07883	0.02074	0.04008	0.01644	0.02250	0.01444	0.01779	0.02915	0.00676	0.00685	0.00209	0.00890	0.00611	0.00355	0.01045
46	0.80405	0.01350	0.01026	0.00918	0.01350	0.01565	0.00756	0.02051	0.01188	0.03131	0.00972	0.01134	0.00756	0.00648	0.00432	0.00216	0.00540	0.00378	0.00432	0.00756
47	0.00830	0.00707	0.00714	0.00713	0.00946	0.00591	0.00534	0.01012	0.01603	0.01915	0.09179	0.06666	0.68711	0.01756	0.00825	0.00235	0.00353	0.01466	0.00652	0.00591
48	0.03455	0.03362	0.62589	0.02066	0.03046	0.01635	0.09794	0.02209	0.01485	0.02236	0.01263	0.01510	0.00900	0.00654	0.00675	0.00222	0.01035	0.00546	0.00305	0.01014
49	0.63283	0.01400	0.03348	0.03301	0.01579	0.01504	0.00894	0.02269	0.03425	0.11697	0.01271	0.01369	0.00930	0.00686	0.00490	0.00217	0.00575	0.00443	0.00487	0.00830
50	0.00870	0.00609	0.00803	0.00957	0.01003	0.00571	0.00641	0.01001	0.01342	0.01818	0.03776	0.71761	0.04488	0.02124	0.00873	0.00278	0.00401	0.01924	0.04190	0.00571
51	0.01845	0.03799	0.01634	0.01324	0.01731	0.01639	0.01060	0.25550	0.27283	0.03202	0.09043	0.03025	0.11339	0.01182	0.02931	0.00250	0.00627	0.00853	0.00680	0.01003
52	0.01767	0.01859	0.05669	0.07110	0.59575	0.07483	0.02086	0.02181	0.01607	0.02207	0.01288	0.01684	0.01071	0.00635	0.00685	0.00207	0.00877	0.00603	0.00343	0.01063
53	0.00850	0.00607	0.00810	0.00972	0.01012	0.00567	0.00648	0.00972	0.01336	0.01781	0.03846	0.75020	0.04615	0.02186	0.00891	0.00283	0.00405	0.01984	0.00648	0.00567
54	0.01775	0.01509	0.01570	0.01411	0.01797	0.03859	0.01098	0.03552	0.62153	0.05188	0.02737	0.02561	0.02060	0.01141	0.04137	0.00276	0.00638	0.00774	0.00689	0.01075
55	0.00988	0.00713	0.00933	0.00878	0.01043	0.00658	0.00658	0.01317	0.01975	0.02798	0.70754	0.05213	0.06584	0.01427	0.00823	0.00219	0.00329	0.01262	0.00768	0.00658
56	0.00857	0.00612	0.00816	0.00967	0.01014	0.00571	0.00648	0.00988	0.01366	0.01830	0.07033	0.71695	0.04709	0.02150	0.00887	0.00280	0.00401	0.01949	0.00654	0.00571
57	0.02607	0.03326	0.01978	0.01798	0.02157	0.72674	0.01348	0.02787	0.01978	0.01708	0.01079	0.01258	0.00899	0.00719	0.00629	0.00180	0.01258	0.00449	0.00360	0.00809
58	0.03131	0.01188	0.01619	0.01242	0.01781	0.01026	0.01026	0.03401	0.01997	0.71606	0.02753	0.02375	0.01727	0.00864	0.00702	0.00216	0.00594	0.00702	0.00864	0.01188
59	0.80405	0.01350	0.01026	0.00918	0.01350	0.01565	0.00756	0.02051	0.01188	0.03131	0.00972	0.01134	0.00756	0.00648	0.00432	0.00216	0.00540	0.00378	0.00432	0.00756
60	0.01769	0.01671	0.02799	0.04163	0.68019	0.01681	0.02105	0.05141	0.01665	0.02375	0.01329	0.01725	0.01109	0.00631	0.00691	0.00207	0.00826	0.00622	0.00361	0.01109
61	0.02607	0.03326	0.01978	0.01798	0.02157	0.72674	0.01348	0.02787	0.01978	0.01708	0.01079	0.01258	0.00899	0.00719	0.00629	0.00180	0.01258	0.00449	0.00360	0.00809
62	0.01677	0.01596	0.02732	0.04008	0.63748	0.01593	0.03869	0.02089	0.01592	0.02263	0.01505	0.02220	0.01335	0.00725	0.00716	0.00217	0.00824	0.05857	0.00369	0.01064
63	0.00850	0.00607	0.00810	0.00972	0.01012	0.00567	0.00648	0.00972	0.01336	0.01781	0.03846	0.75020	0.04615	0.02186	0.00891	0.00283	0.00405	0.01984	0.00648	0.00567
64	0.01622	0.01583	0.02478	0.27868	0.35540	0.04783	0.04928	0.02199	0.08010	0.02141	0.01426	0.01842	0.01131	0.00682	0.00698	0.00219	0.00872	0.00638	0.00369	0.00971
65	0.02479	0.01825	0.01973	0.01530	0.02047	0.02007	0.01257	0.61762	0.03145	0.04231	0.08876	0.02044	0.01749	0.00899	0.00711	0.00210	0.00722	0.00694	0.00705	0.01132
66	0.01101	0.00796	0.01092	0.01241	0.01407	0.00787	0.01079	0.01412	0.01605	0.02073	0.03955	0.07782	0.09169	0.01915	0.00953	0.00315	0.00620	0.61417	0.00643	0.00638
67	0.01930	0.54348	0.12169	0.01398	0.02011	0.14393	0.01399	0.02223	0.01519	0.01726	0.01025	0.01188	0.00895	0.00626	0.00506	0.00164	0.00869	0.00404	0.00308	0.00898
68	0.03654	0.05685	0.62380	0.02009	0.02984	0.01666	0.07690	0.02204	0.01477	0.02220	0.01248	0.01485	0.00895	0.00655	0.00662	0.00220	0.01020	0.00532	0.00303	0.01012
69	0.00945	0.00712	0.00874	0.00833	0.01017	0.00640	0.00625	0.01235	0.01875	0.02561	0.54190	0.05604	0.23297	0.01515	0.00823	0.00224	0.00336	0.01317	0.00737	0.00640
70	0.06861	0.01657	0.04394	0.13971	0.17253	0.01736	0.01570	0.26693	0.05199	0.06207	0.01708	0.02175	0.01351	0.00832	0.00698	0.00223	0.00776	0.05133	0.00533	0.01029
71	0.13872	0.01908	0.01868	0.01467	0.01997	0.07539	0.01198	0.47543	0.02700	0.03801	0.01485	0.01542	0.01087	0.00770	0.00637	0.00198	0.00750	0.00557	0.00606	0.08476
72	0.00868	0.00633	0.00817	0.00930	0.01009	0.00583	0.00637	0.01026	0.01458	0.01944	0.14160	0.57489	0.11812	0.02029	0.00874	0.00269	0.00388	0.01823	0.00666	0.00583
73	0.01105	0.00787	0.00996	0.00931	0.01123	0.00746	0.00707	0.03543	0.04086	0.04381	0.58442	0.07209	0.08892	0.01430	0.00818	0.00225	0.00367	0.02763	0.00754	0.00695
74	0.05439	0.02388	0.01952	0.04883	0.02211	0.29714	0.01317	0.30276	0.09845	0.03016	0.01522	0.01600	0.01148	0.00790	0.00662	0.00202	0.00935	0.00566	0.00539	0.00995
75	0.00849	0.00612	0.00805	0.00960	0.01009	0.00568	0.00643	0.00973	0.01347	0.01786	0.03983	0.72111	0.07436	0.02168	0.00888	0.00281	0.00403	0.01962	0.00648	0.00568
76	0.03758	0.01205	0.01965	0.66741	0.04437	0.01492	0.01806	0.01781	0.01393	0.01878	0.01300	0.01887	0.00981	0.00704	0.00676	0.00227	0.00878	0.00615	0.05509	0.00766
77	0.03131	0.01188	0.01619	0.01242	0.01781	0.01026	0.01026	0.03401	0.01997	0.71606	0.02753	0.02375	0.01727	0.00864	0.00702	0.00216	0.00594	0.00702	0.00864	0.01188
78	0.00856	0.00612	0.00815	0.00968	0.01013	0.00571	0.00648	0.00986	0.01362	0.01823	0.06588	0.72160	0.04696	0.02155	0.00888	0.00281	0.00402	0.01954	0.00653	0.00571
79	0.00825	0.00707	0.00707	0.00707	0.00943	0.00589	0.00530	0.01001	0.01591	0.01885	0.07069	0.06716	0.70839	0.01767	0.00825	0.00236	0.00353	0.01473	0.00648	0.00589
80	0.00850	0.00607	0.00810	0.00972	0.01012	0.00567	0.00648	0.00972	0.01336	0.01781	0.03846	0.75020	0.04615	0.02186	0.00891	0.00283	0.00405	0.01984	0.00648	0.00567
81	0.02607	0.03326	0.01978	0.01798	0.02157	0.72674	0.01348	0.02787	0.01978	0.01708	0.01079	0.01258	0.00899	0.00719	0.00629	0.00180	0.01258	0.00449	0.00360	0.00809
82	0.01844	0.72597	0.06769	0.01230	0.01847	0.02709	0.01257	0.02095	0.01420	0.01668	0.00983	0.01136	0.00895	0.00600	0.00458	0.00153	0.00759	0.00380	0.00298	0.00902
83	0.02607	0.03326	0.01978	0.01798	0.02157	0.72674	0.01348	0.02787	0.01978	0.01708	0.01079	0.01258	0.00899	0.00719	0.00629	0.00180	0.01258	0.00449	0.00360	0.00809
84	0.01548	0.16288	0.54348	0.01916	0.05020	0.05066	0.02263	0.02213	0.01490	0.02089	0.01197	0.01409	0.00894	0.00653	0.00624	0.00206	0.00985	0.00491	0.00300	0.01000
85	0.00825	0.00707	0.00707	0.00707	0.00943	0.00589	0.00530	0.01001	0.01591	0.01885	0.07069	0.06716	0.70839	0.01767	0.00825	0.00236	0.00353	0.01473	0.00648	0.00589
86	0.07690	0.01265	0.01395	0.01173	0.01537	0.03595	0.00931	0.16807	0.07322	0.15517	0.28791	0.03341	0.05526	0.01089	0.00730	0.00217	0.00537	0.00900	0.00724	0.00914
87	0.02653	0.01955	0.02094	0.01606	0.02164	0.02164	0.01326	0.68796	0.03281	0.04398	0.01675	0.01675	0.01187	0.00838	0.00698	0.00209	0.00768	0.00628	0.00698	0.01187
88	0.00831	0.00707	0.00716	0.00714	0.00947	0.00592	0.00535	0.01014	0.01606	0.01923	0.09679	0.06654	0.68207	0.01753	0.00825	0.00235	0.00352	0.01464	0.00653	0.00592
89	0.01372	0.00756	0.00796	0.02838	0.01031	0.00761	0.00585	0.04836	0.01547	0.02649	0.02172	0.02485	0.01702	0.00798	0.00505	0.00164	0.00372	0.00638	0.69806	0.04187
90	0.09760	0.01506	0.02425	0.18470	0.47294	0.01593	0.01917	0.02030	0.01507	0.02256	0.01352	0.01926	0.01142	0.00690	0.00676	0.00218	0.00813	0.03084	0.00358	0.00982
91	0.00850	0.00607	0.00810	0.00972	0.01012	0.00567	0.00648	0.00972	0.01336	0.01781	0.03846	0.75020	0.04615	0.02186	0.00891	0.00283	0.00405	0.01984	0.00648	0.00567
92	0.01778	0.62983	0.10629	0.01303	0.01906	0.02562	0.01344	0.02061	0.01400	0.01702	0.01022	0.01219	0.00919	0.00760	0.02551	0.00191	0.04065	0.00409	0.00300	0.00896
93	0.03706	0.03860	0.03299	0.07267	0.11208	0.03622	0.42475	0.02078	0.01581	0.02168	0.01548	0.07788	0.01330	0.00733	0.00766	0.00226	0.01002	0.00830	0.00377	0.04138
94	0.01008	0.00724	0.00988	0.01144	0.01260	0.00704	0.00919	0.01246	0.01501	0.01962	0.03870	0.33893	0.06553	0.02023	0.00931	0.00304	0.00540	0.39175	0.00645	0.00611
95	0.01717	0.01686	0.02746	0.06811	0.58666	0.04814	0.05315	0.02127	0.01602	0.02222	0.01417	0.02012	0.01225	0.00690	0.00708	0.00214	0.00861	0.03758	0.00359	0.01048
96	0.01683	0.28337	0.42639	0.01675	0.02510	0.04695	0.01987	0.02243	0.01497	0.05073	0.01215	0.01383	0.00926	0.00651	0.00589	0.00195	0.00923	0.00472	0.00324	0.00983
97	0.00850	0.00607	0.00810	0.00972	0.01012	0.00567	0.00648	0.00972	0.01336	0.01781	0.03846	0.75020	0.04615	0.02186	0.00891	0.00283	0.00405	0.01984	0.00648	0.00567
98	0.02607	0.03326	0.01978	0.01798	0.02157	0.72674	0.01348	0.02787	0.01978	0.01708	0.01079	0.01258	0.00899	0.00719	0.00629	0.00180	0.01258	0.00449	0.00360	0.00809
99	0.01867	0.01564	0.01652	0.01447	0.01865	0.01797	0.01136	0.13003	0.60353	0.03130	0.02674	0.02471	0.01995	0.00931	0.00708	0.00233	0.00583	0.00766	0.00708	0.01116
100	0.00847	0.00619	0.00798	0.00940	0.01004	0.00569	0.00634	0.00975	0.01366	0.01794	0.04229	0.66910	0.12479	0.02136	0.00883	0.00278	0.00399	0.01923	0.00648	0.00569
101	0.06012	0.00754	0.00939	0.00880	0.01062	0.00716	0.00665	0.01363	0.01925	0.02819	0.66339	0.04955	0.06216	0.01377	0.00798	0.00219	0.00343	0.01206	0.00747	0.00665
102	0.00868	0.00620	0.00830	0.00991	0.01040	0.00582	0.00678	0.01002	0.01353	0.01801	0.03837	0.70772	0.04577	0.02170	0.00895	0.00286	0.00420	0.06061	0.00647	0.00572
103	0.02537	0.01876	0.02006	0.01549	0.02087	0.02064	0.01276	0.64507	0.03174	0.04239	0.02017	0.01994	0.05594	0.00897	0.00706	0.00211	0.00742	0.00682	0.00695	0.01149
104	0.01447	0.01331	0.02174	0.61583	0.11935	0.01601	0.01922	0.06062	0.01536	0.02003	0.01276	0.01834	0.00966	0.00698	0.00697	0.00228	0.00909	0.00621	0.00339	0.00838
105	0.02551	0.03220	0.02032	0.01955	0.06521	0.68181	0.01399	0.02746	0.01953	0.01744	0.01093	0.01288	0.00912	0.00713	0.00633	0.00182	0.01231	0.00460	0.00359	0.00828
106	0.01511	0.01238	0.01454	0.01041	0.01659	0.00934	0.00834	0.01819	0.01468	0.04895	0.01297	0.01482	0.01060	0.00530	0.00524	0.00108	0.00520	0.00424	0.00430	0.76772
107	0.00943	0.00873	0.00794	0.00781	0.01023	0.05152	0.00586	0.01124	0.01627	0.01902	0.08665	0.06324	0.64422	0.01690	0.00812	0.00232	0.00410	0.01401	0.00633	0.00605
108	0.04726	0.01894	0.04924	0.25588	0.03258	0.01973	0.04636	0.28385	0.04357	0.03307	0.01874	0.02303	0.01472	0.01029	0.00894	0.00291	0.03211	0.00745	0.03981	0.01153

[dist]
# distance from previous block
# <min> <max>
0	2

[block]
# block no. 2 follows, 30 sequences, length 9
# corresponding to MSA columns:
# 147-155
name=unknown_C
#
# <colnr> <probs for GDERKNQSTAVLIFYWHMCP>
#	G	D	E	R	K	N	Q	S	T	A	V	L	I	F	Y	W	H	M	C	P
0	0.11526	0.15557	0.27870	0.02209	0.18120	0.04934	0.01877	0.06232	0.01586	0.02352	0.01199	0.01430	0.00940	0.00653	0.00603	0.00202	0.00867	0.00502	0.00351	0.00990
1	0.00856	0.00690	0.00728	0.00749	0.00925	0.00599	0.00529	0.01000	0.01473	0.01793	0.05936	0.15174	0.52251	0.12699	0.01236	0.00307	0.00408	0.01471	0.00615	0.00562
2	0.68795	0.01372	0.01107	0.00992	0.01418	0.01591	0.00807	0.02296	0.11323	0.03100	0.01247	0.01351	0.00959	0.00692	0.00473	0.00219	0.00542	0.00439	0.00473	0.00807
3	0.02562	0.25802	0.24824	0.02410	0.05802	0.07528	0.10390	0.02735	0.02051	0.02774	0.02068	0.02653	0.01792	0.01237	0.00992	0.00360	0.01205	0.00801	0.00630	0.01385
4	0.02493	0.01634	0.01838	0.01433	0.01930	0.01738	0.01174	0.47104	0.02858	0.16220	0.12064	0.02323	0.02080	0.00929	0.00717	0.00212	0.00672	0.00735	0.00738	0.01109
5	0.00872	0.00623	0.00835	0.00997	0.01047	0.00586	0.00686	0.01010	0.01358	0.01806	0.03834	0.69634	0.04567	0.02165	0.00897	0.00286	0.00424	0.07153	0.00647	0.00573
6	0.04701	0.01061	0.01363	0.01407	0.07639	0.01049	0.00984	0.07421	0.07249	0.16730	0.10978	0.22876	0.06363	0.01379	0.00780	0.00243	0.00534	0.05700	0.00680	0.00861
7	0.01825	0.01844	0.02737	0.04005	0.63412	0.09598	0.02053	0.02214	0.01632	0.02216	0.01286	0.01675	0.01082	0.00633	0.00684	0.00204	0.00877	0.00602	0.00347	0.01072
8	0.01056	0.00704	0.00912	0.00964	0.01104	0.00646	0.00708	0.01266	0.01599	0.06554	0.21075	0.37397	0.13116	0.01831	0.00861	0.00261	0.00416	0.08200	0.00692	0.00640

[dist]
# distance from previous block
# <min> <max>
0	2

[block]
# block no. 3 follows, 30 sequences, length 97
# corresponding to MSA columns:
# 158-254
name=unknown_D
#
# <colnr> <probs for GDERKNQSTAVLIFYWHMCP>
#	G	D	E	R	K	N	Q	S	T	A	V	L	I	F	Y	W	H	M	C	P
0	0.01851	0.01907	0.02600	0.03710	0.56321	0.13928	0.01935	0.02208	0.01633	0.02143	0.01308	0.01761	0.01128	0.03668	0.00796	0.00221	0.00897	0.00608	0.00351	0.01026
1	0.02461	0.01922	0.02001	0.01711	0.06231	0.08306	0.01302	0.50798	0.02840	0.06090	0.01762	0.05353	0.01391	0.03588	0.00804	0.00227	0.00789	0.00695	0.00639	0.01090
2	0.00849	0.00679	0.00761	0.00818	0.00986	0.00592	0.00594	0.01017	0.01520	0.01884	0.07598	0.28471	0.45513	0.01898	0.00851	0.00254	0.00380	0.04099	0.00651	0.00586
3	0.01940	0.01533	0.01683	0.01524	0.04465	0.01724	0.01150	0.14695	0.49332	0.06850	0.02551	0.02478	0.01924	0.03928	0.00822	0.00248	0.00607	0.00759	0.00691	0.01096
4	0.01724	0.01667	0.02884	0.04229	0.68392	0.01662	0.04831	0.02145	0.01591	0.02278	0.01317	0.01733	0.01103	0.00620	0.00696	0.00208	0.00843	0.00630	0.00346	0.01099
5	0.00859	0.00635	0.00796	0.00908	0.00992	0.00580	0.00618	0.01000	0.01413	0.01849	0.08477	0.55148	0.17487	0.04562	0.00965	0.00284	0.00400	0.01808	0.00647	0.00572
6	0.02653	0.01955	0.02094	0.01606	0.02164	0.02164	0.01326	0.68796	0.03281	0.04398	0.01675	0.01675	0.01187	0.00838	0.00698	0.00209	0.00768	0.00628	0.00698	0.01187
7	0.00938	0.00633	0.00839	0.00970	0.01030	0.00589	0.00652	0.01065	0.01363	0.04177	0.05514	0.68016	0.04490	0.04907	0.00984	0.00294	0.00420	0.01884	0.00650	0.00585
8	0.02619	0.01938	0.02075	0.01599	0.02151	0.02148	0.01318	0.66381	0.05751	0.04343	0.01719	0.01710	0.01222	0.00842	0.00699	0.00210	0.00760	0.00634	0.00699	0.01184
9	0.02181	0.09164	0.04260	0.01815	0.04251	0.43855	0.01422	0.02387	0.01668	0.01726	0.01071	0.01377	0.00936	0.00965	0.03360	0.00238	0.17670	0.00496	0.00340	0.00816
10	0.01301	0.00650	0.00650	0.00650	0.00813	0.00650	0.00488	0.01626	0.01463	0.02602	0.02276	0.02602	0.01789	0.00813	0.00488	0.00163	0.00325	0.00650	0.79350	0.00650
11	0.01588	0.01878	0.08059	0.13668	0.09318	0.01714	0.48851	0.02158	0.01593	0.02169	0.01368	0.01840	0.01032	0.00612	0.00783	0.00232	0.01102	0.00757	0.00342	0.00935
12	0.00845	0.00648	0.00776	0.00870	0.00987	0.00578	0.00604	0.00995	0.01453	0.01855	0.07340	0.47136	0.29400	0.02004	0.00864	0.00263	0.00383	0.01768	0.00652	0.00578
13	0.01600	0.01877	0.07446	0.02966	0.13630	0.01675	0.51152	0.02151	0.01626	0.02221	0.01704	0.02107	0.04958	0.00663	0.00795	0.00230	0.01070	0.00813	0.00365	0.00951
14	0.18302	0.10312	0.04904	0.01295	0.01813	0.01718	0.01123	0.18011	0.11877	0.18429	0.02025	0.01954	0.03693	0.00816	0.00620	0.00210	0.00646	0.00611	0.00616	0.01025
15	0.00843	0.00701	0.00724	0.00728	0.00939	0.00596	0.00534	0.01014	0.01564	0.01890	0.09350	0.09297	0.61633	0.05891	0.00980	0.00262	0.00373	0.01459	0.00640	0.00582
16	0.31227	0.36853	0.07658	0.01264	0.03561	0.04045	0.01171	0.02094	0.01347	0.02261	0.01002	0.01181	0.00849	0.00640	0.00515	0.00186	0.02542	0.00400	0.00351	0.00853
17	0.02551	0.01904	0.02037	0.01585	0.02125	0.02116	0.01302	0.61565	0.10678	0.04234	0.01805	0.01779	0.01292	0.00850	0.00699	0.00212	0.00744	0.00646	0.00699	0.01178
18	0.02617	0.01937	0.02074	0.01598	0.02151	0.02148	0.01318	0.66291	0.05843	0.04341	0.01720	0.01711	0.01223	0.00842	0.00699	0.00210	0.00760	0.00634	0.00699	0.01184
19	0.00854	0.00620	0.00798	0.00938	0.00996	0.00573	0.00628	0.00976	0.01349	0.01776	0.04104	0.65654	0.11084	0.04864	0.00983	0.00293	0.00410	0.01897	0.00639	0.00564
20	0.01796	0.01680	0.02777	0.04083	0.65963	0.01696	0.02081	0.07129	0.01716	0.02438	0.01340	0.01723	0.01111	0.00638	0.00691	0.00207	0.00824	0.00622	0.00372	0.01111
21	0.02497	0.01766	0.01925	0.01499	0.02003	0.01936	0.01226	0.57334	0.02966	0.07780	0.01784	0.01904	0.01313	0.03905	0.03973	0.00266	0.00788	0.00653	0.03369	0.01114
22	0.01284	0.00649	0.00656	0.00662	0.00820	0.00647	0.00494	0.01602	0.01459	0.02571	0.02335	0.05289	0.01894	0.00864	0.00503	0.00167	0.00328	0.00700	0.76429	0.00647
23	0.01505	0.01119	0.01258	0.01128	0.01439	0.01160	0.00882	0.12114	0.18973	0.06551	0.18927	0.08225	0.18348	0.01327	0.00780	0.00234	0.00489	0.03975	0.00710	0.00857
24	0.05800	0.14379	0.57700	0.01810	0.02743	0.01789	0.02270	0.02183	0.01449	0.02175	0.01194	0.01401	0.00879	0.00652	0.00618	0.00210	0.00961	0.00487	0.00303	0.00996
25	0.00850	0.00607	0.00810	0.00972	0.01012	0.00567	0.00648	0.00972	0.01336	0.01781	0.03846	0.75020	0.04615	0.02186	0.00891	0.00283	0.00405	0.01984	0.00648	0.00567
26	0.01705	0.01725	0.06426	0.10304	0.53529	0.01670	0.02039	0.04647	0.06748	0.02355	0.01430	0.01789	0.01157	0.00663	0.00692	0.00213	0.00827	0.00629	0.00380	0.01074
27	0.01413	0.03515	0.68147	0.02041	0.03055	0.01629	0.06196	0.02211	0.01483	0.02211	0.01261	0.01496	0.00894	0.00659	0.00672	0.00222	0.01039	0.00533	0.00298	0.01026
28	0.00850	0.00607	0.00810	0.00972	0.01012	0.00567	0.00648	0.00972	0.01336	0.01781	0.03846	0.75020	0.04615	0.02186	0.00891	0.00283	0.00405	0.01984	0.00648	0.00567
29	0.01527	0.01382	0.02207	0.71449	0.04840	0.01650	0.01988	0.01918	0.01521	0.01976	0.01448	0.02135	0.01131	0.00836	0.00784	0.00270	0.00988	0.00684	0.00384	0.00881
30	0.00850	0.00607	0.00810	0.00972	0.01012	0.00567	0.00648	0.00972	0.01336	0.01781	0.03846	0.75020	0.04615	0.02186	0.00891	0.00283	0.00405	0.01984	0.00648	0.00567
31	0.03088	0.01257	0.01662	0.01274	0.01816	0.01128	0.01053	0.09291	0.02113	0.65553	0.02656	0.02312	0.01679	0.00861	0.00701	0.00215	0.00609	0.00695	0.00849	0.01188
32	0.01547	0.01563	0.02104	0.01811	0.01826	0.04361	0.01503	0.01703	0.01099	0.01679	0.00948	0.01552	0.00939	0.01317	0.04202	0.00324	0.69844	0.00609	0.00309	0.00761
33	0.02607	0.03326	0.01978	0.01798	0.02157	0.72674	0.01348	0.02787	0.01978	0.01708	0.01079	0.01258	0.00899	0.00719	0.00629	0.00180	0.01258	0.00449	0.00360	0.00809
34	0.05551	0.34566	0.30813	0.01635	0.02405	0.02099	0.06908	0.02200	0.01470	0.04820	0.01189	0.01371	0.00930	0.00636	0.00572	0.00191	0.00877	0.00478	0.00331	0.00958
35	0.00825	0.00707	0.00707	0.00707	0.00943	0.00589	0.00530	0.01001	0.01591	0.01885	0.07069	0.06716	0.70839	0.01767	0.00825	0.00236	0.00353	0.01473	0.00648	0.00589
36	0.01677	0.01669	0.05430	0.09272	0.45208	0.01634	0.07000	0.04785	0.07602	0.02359	0.01592	0.02158	0.01334	0.00737	0.00718	0.00221	0.00835	0.04327	0.00403	0.01040
37	0.07428	0.01538	0.01628	0.01366	0.01814	0.05027	0.01098	0.16782	0.26258	0.20277	0.02381	0.02393	0.01744	0.00905	0.00685	0.00222	0.00636	0.03181	0.03566	0.01071
38	0.00849	0.00613	0.00804	0.00957	0.01008	0.00568	0.00641	0.00973	0.01350	0.01787	0.04026	0.71201	0.08318	0.02163	0.00887	0.00281	0.00402	0.01955	0.00648	0.00568
39	0.01447	0.01240	0.01447	0.01034	0.01654	0.00930	0.00827	0.01757	0.01447	0.02274	0.01240	0.01447	0.01034	0.00517	0.00517	0.00103	0.00517	0.00413	0.00413	0.79742
40	0.02525	0.13656	0.04557	0.01334	0.01865	0.05741	0.01156	0.17652	0.02149	0.32326	0.04544	0.02251	0.05415	0.00868	0.00665	0.00203	0.00690	0.00672	0.00669	0.01061
41	0.01458	0.12671	0.63311	0.01889	0.02866	0.01764	0.02405	0.02195	0.01466	0.02139	0.01217	0.01429	0.00885	0.00655	0.00636	0.00212	0.00996	0.00498	0.00295	0.01014
42	0.00859	0.00611	0.00807	0.00960	0.00998	0.00573	0.00635	0.00974	0.01318	0.01757	0.03754	0.71081	0.04499	0.06284	0.01039	0.00305	0.00420	0.01930	0.00635	0.00559
43	0.10590	0.01307	0.01670	0.01460	0.06788	0.01248	0.01100	0.09235	0.04631	0.48723	0.04416	0.02233	0.01696	0.00842	0.00678	0.00216	0.00612	0.00677	0.00759	0.01119
44	0.01237	0.01068	0.01430	0.07224	0.01657	0.05044	0.06231	0.01455	0.01310	0.01807	0.06427	0.10970	0.02305	0.19368	0.14204	0.00498	0.09208	0.00936	0.06982	0.00638
45	0.02546	0.03061	0.01890	0.01709	0.02059	0.64722	0.01279	0.02721	0.01925	0.05519	0.01233	0.01505	0.01036	0.04907	0.00797	0.00210	0.01189	0.00495	0.00391	0.00808
46	0.01642	0.01452	0.02131	0.02848	0.39095	0.01489	0.01566	0.09506	0.10274	0.02501	0.03843	0.06650	0.09119	0.03796	0.00833	0.00237	0.00696	0.00840	0.00492	0.00993
47	0.01658	0.01613	0.02627	0.20888	0.52938	0.03966	0.02067	0.02077	0.01555	0.02142	0.01288	0.01744	0.01057	0.00643	0.00690	0.00212	0.00867	0.00616	0.00337	0.01016
48	0.00862	0.00621	0.00821	0.00975	0.01030	0.00579	0.00666	0.00996	0.01360	0.01801	0.03981	0.68731	0.07503	0.02155	0.00891	0.00283	0.00414	0.05110	0.00648	0.00571
49	0.01444	0.01539	0.03169	0.13917	0.03335	0.01504	0.45092	0.01924	0.01548	0.02077	0.01844	0.15681	0.01709	0.00907	0.00816	0.00244	0.00991	0.01010	0.00402	0.00844
50	0.02424	0.03002	0.01850	0.01677	0.02032	0.62488	0.01263	0.05142	0.01988	0.01830	0.01723	0.01840	0.08160	0.00832	0.00652	0.00187	0.01146	0.00562	0.00402	0.00801
51	0.00850	0.00607	0.00810	0.00972	0.01012	0.00567	0.00648	0.00972	0.01336	0.01781	0.03846	0.75020	0.04615	0.02186	0.00891	0.00283	0.00405	0.01984	0.00648	0.00567
52	0.01866	0.75896	0.03657	0.01194	0.01791	0.02761	0.01194	0.02090	0.01418	0.01642	0.00970	0.01119	0.00896	0.00597	0.00448	0.00149	0.00746	0.00373	0.00299	0.00896
53	0.00887	0.00656	0.00832	0.00924	0.01030	0.00601	0.00655	0.01068	0.01516	0.02007	0.16922	0.46045	0.16748	0.01955	0.00870	0.00265	0.00395	0.05361	0.00670	0.00592
54	0.80405	0.01350	0.01026	0.00918	0.01350	0.01565	0.00756	0.02051	0.01188	0.03131	0.00972	0.01134	0.00756	0.00648	0.00432	0.00216	0.00540	0.00378	0.00432	0.00756
55	0.02579	0.03194	0.02013	0.01872	0.04519	0.66379	0.01374	0.06382	0.02036	0.01875	0.01119	0.01297	0.00922	0.00722	0.00635	0.00182	0.01217	0.00465	0.00378	0.00840
56	0.02607	0.03326	0.01978	0.01798	0.02157	0.72674	0.01348	0.02787	0.01978	0.01708	0.01079	0.01258	0.00899	0.00719	0.00629	0.00180	0.01258	0.00449	0.00360	0.00809
57	0.01067	0.00870	0.03729	0.01055	0.01235	0.00767	0.00843	0.04566	0.01762	0.02423	0.32830	0.26460	0.05059	0.01685	0.00856	0.00256	0.00455	0.12725	0.00688	0.00668
58	0.00826	0.00703	0.00711	0.00717	0.00945	0.00588	0.00535	0.01000	0.01581	0.01881	0.06945	0.09344	0.68291	0.01783	0.00827	0.00237	0.00355	0.01492	0.00648	0.00588
59	0.01685	0.01341	0.01515	0.04898	0.01866	0.01501	0.01123	0.08827	0.42020	0.05424	0.03003	0.06242	0.05251	0.01154	0.00759	0.00248	0.00591	0.10886	0.00680	0.00986
60	0.01619	0.01473	0.02330	0.41315	0.16772	0.01677	0.06248	0.10626	0.06719	0.02326	0.01439	0.01867	0.01093	0.00712	0.00706	0.00225	0.00879	0.00647	0.00399	0.00926
61	0.01165	0.00651	0.00961	0.05550	0.01169	0.00662	0.00691	0.00990	0.01024	0.01367	0.01739	0.10858	0.03893	0.02231	0.02272	0.61008	0.00589	0.00799	0.02001	0.00381
62	0.02628	0.01942	0.02080	0.01601	0.02155	0.02153	0.01320	0.67063	0.05054	0.04359	0.01706	0.01700	0.01212	0.00841	0.00698	0.00210	0.00762	0.00633	0.00698	0.01185
63	0.13664	0.38282	0.18041	0.01415	0.02035	0.09631	0.01462	0.02168	0.01441	0.02000	0.01042	0.01230	0.00873	0.00656	0.00583	0.00184	0.03659	0.00422	0.00324	0.00890
64	0.00882	0.00631	0.00838	0.00950	0.01019	0.00588	0.00650	0.01050	0.01482	0.02013	0.19086	0.59120	0.05064	0.02013	0.00875	0.00269	0.00388	0.01819	0.00675	0.00588
65	0.01678	0.01952	0.13235	0.03937	0.60859	0.01652	0.02207	0.02152	0.01572	0.02269	0.01304	0.01689	0.01072	0.00628	0.00687	0.00209	0.00860	0.00606	0.00338	0.01094
66	0.01110	0.00742	0.00964	0.00892	0.01083	0.00678	0.00675	0.01429	0.01960	0.06927	0.63830	0.05107	0.09120	0.01408	0.00816	0.00220	0.00346	0.01237	0.00769	0.00687
67	0.00854	0.00614	0.00811	0.00960	0.01011	0.00571	0.00644	0.00985	0.01367	0.01822	0.06376	0.70306	0.06803	0.02145	0.00886	0.00280	0.00400	0.01941	0.00652	0.00571
68	0.18998	0.07328	0.02136	0.04184	0.12412	0.05685	0.03631	0.29119	0.04817	0.03247	0.01408	0.01552	0.01069	0.00732	0.00622	0.00207	0.00763	0.00558	0.00517	0.01016
69	0.02363	0.01724	0.01865	0.01486	0.01964	0.01900	0.01198	0.49526	0.13047	0.06605	0.02007	0.04694	0.01562	0.05694	0.00890	0.00246	0.00709	0.00730	0.00687	0.01103
70	0.00857	0.00614	0.00804	0.00954	0.00999	0.00572	0.00634	0.00975	0.01330	0.01766	0.03880	0.69673	0.06700	0.05400	0.01006	0.00299	0.00415	0.01924	0.00638	0.00561
71	0.04517	0.01080	0.01267	0.01111	0.01403	0.01123	0.00868	0.12020	0.12642	0.07574	0.38852	0.03795	0.04270	0.01405	0.04704	0.00270	0.00540	0.00994	0.00721	0.00844
72	0.02234	0.07061	0.01890	0.01653	0.04555	0.47272	0.01227	0.04708	0.01832	0.01948	0.01307	0.01550	0.01083	0.00915	0.03399	0.00217	0.03568	0.00505	0.12270	0.00806
73	0.00850	0.00607	0.00810	0.00972	0.01012	0.00567	0.00648	0.00972	0.01336	0.01781	0.03846	0.75020	0.04615	0.02186	0.00891	0.00283	0.00405	0.01984	0.00648	0.00567
74	0.01538	0.01491	0.02406	0.41497	0.33179	0.04031	0.02005	0.01971	0.01498	0.01994	0.01266	0.01783	0.01004	0.00666	0.00692	0.00220	0.00898	0.00615	0.00327	0.00918
75	0.02607	0.03326	0.01978	0.01798	0.02157	0.72674	0.01348	0.02787	0.01978	0.01708	0.01079	0.01258	0.00899	0.00719	0.00629	0.00180	0.01258	0.00449	0.00360	0.00809
76	0.00854	0.00615	0.00803	0.00950	0.01000	0.00572	0.00634	0.00975	0.01340	0.01773	0.03970	0.69025	0.08178	0.04505	0.00972	0.00293	0.00411	0.01925	0.00641	0.00563
77	0.02571	0.06871	0.02060	0.01768	0.02139	0.69258	0.01341	0.02752	0.01950	0.01705	0.01073	0.01252	0.00899	0.00713	0.00620	0.00178	0.01233	0.00446	0.00357	0.00813
78	0.00846	0.00622	0.00794	0.00932	0.01002	0.00570	0.00630	0.00976	0.01374	0.01797	0.04332	0.64727	0.14596	0.02123	0.00881	0.00276	0.00397	0.01907	0.00648	0.00570
79	0.01464	0.01568	0.03241	0.13272	0.03363	0.01527	0.46693	0.01962	0.01583	0.02133	0.04757	0.11563	0.01747	0.00850	0.00813	0.00240	0.01001	0.00963	0.00403	0.00855
80	0.80405	0.01350	0.01026	0.00918	0.01350	0.01565	0.00756	0.02051	0.01188	0.03131	0.00972	0.01134	0.00756	0.00648	0.00432	0.00216	0.00540	0.00378	0.00432	0.00756
81	0.02607	0.03326	0.01978	0.01798	0.02157	0.72674	0.01348	0.02787	0.01978	0.01708	0.01079	0.01258	0.00899	0.00719	0.00629	0.00180	0.01258	0.00449	0.00360	0.00809
82	0.01450	0.01251	0.01474	0.01064	0.01661	0.00977	0.00854	0.01754	0.01432	0.02251	0.01228	0.01450	0.01029	0.00544	0.00585	0.00111	0.03367	0.00421	0.00409	0.76686
83	0.00889	0.00709	0.00795	0.00774	0.00982	0.00616	0.00580	0.01125	0.01741	0.02243	0.32007	0.06127	0.45678	0.01634	0.00824	0.00229	0.00344	0.01390	0.00695	0.00616
84	0.02838	0.01425	0.01740	0.01353	0.01879	0.01404	0.01111	0.22804	0.07085	0.45149	0.04139	0.02254	0.01716	0.00876	0.00704	0.00216	0.00636	0.00700	0.00801	0.01168
85	0.01605	0.14089	0.48983	0.01793	0.02658	0.01728	0.04588	0.02309	0.04171	0.07210	0.03607	0.01664	0.01184	0.00700	0.00646	0.00211	0.00921	0.00554	0.00370	0.01010
86	0.01903	0.02037	0.02304	0.04838	0.33281	0.22982	0.04215	0.04734	0.01780	0.02175	0.06671	0.02053	0.03764	0.00916	0.03158	0.00234	0.00955	0.00658	0.00405	0.00936
87	0.05491	0.32403	0.34334	0.01527	0.02287	0.02003	0.01767	0.02150	0.01484	0.04696	0.04991	0.01553	0.01227	0.00685	0.00575	0.00192	0.00837	0.00499	0.00350	0.00949
