[name]
unknown

[dist]
# distance from previous block
# <min> <max>
34	90

[block]
# block no. 0 follows, 30 sequences, length 24
# corresponding to MSA columns:
# 130-153
name=unknown_A
#
# <colnr> <probs for GDERKNQSTAVLIFYWHMCP>
#	G	D	E	R	K	N	Q	S	T	A	V	L	I	F	Y	W	H	M	C	P
0	0.03845	0.04218	0.06674	0.05258	0.02020	0.01415	0.09830	0.11635	0.12599	0.06815	0.02278	0.05985	0.04688	0.00894	0.00665	0.00212	0.00658	0.00770	0.18635	0.00906
1	0.01556	0.14849	0.09774	0.01542	0.04184	0.05064	0.08774	0.06872	0.08100	0.02392	0.16360	0.07229	0.04140	0.02999	0.00774	0.00223	0.00706	0.00847	0.02754	0.00862
2	0.09283	0.17653	0.11434	0.06391	0.04119	0.01790	0.08740	0.02119	0.06685	0.03837	0.07778	0.01901	0.01560	0.00787	0.00794	0.00210	0.08349	0.00614	0.00415	0.05542
3	0.05905	0.03282	0.09502	0.09733	0.08367	0.07350	0.15295	0.08552	0.01709	0.06645	0.01806	0.12645	0.01630	0.03465	0.00821	0.00242	0.00862	0.00841	0.00457	0.00891
4	0.01802	0.05693	0.05627	0.02511	0.25313	0.06752	0.06776	0.04600	0.01606	0.06551	0.01513	0.01796	0.03369	0.00751	0.00873	0.00204	0.10482	0.00608	0.00403	0.12770
5	0.01422	0.04635	0.24153	0.14042	0.02903	0.01659	0.12096	0.01921	0.01413	0.02020	0.04919	0.01867	0.01279	0.01051	0.04967	0.00285	0.15274	0.00644	0.00341	0.03111
6	0.01082	0.00985	0.01211	0.01150	0.01316	0.05081	0.05030	0.01276	0.01500	0.01923	0.10587	0.31623	0.23235	0.01701	0.00995	0.00257	0.08365	0.01455	0.00587	0.00641
7	0.04866	0.01288	0.01923	0.47912	0.03732	0.01489	0.01623	0.05795	0.05904	0.16168	0.01659	0.01973	0.01174	0.00752	0.00689	0.00228	0.00815	0.00638	0.00472	0.00900
8	0.02653	0.01955	0.02094	0.01606	0.02164	0.02164	0.01326	0.68796	0.03281	0.04398	0.01675	0.01675	0.01187	0.00838	0.00698	0.00209	0.00768	0.00628	0.00698	0.01187
9	0.01859	0.01721	0.01650	0.01300	0.01836	0.12712	0.01027	0.12392	0.12005	0.02602	0.01519	0.01624	0.01199	0.00662	0.00591	0.00152	0.00679	0.00508	0.00492	0.43471
10	0.14499	0.23727	0.28132	0.01633	0.02358	0.05697	0.07740	0.02230	0.01475	0.04956	0.01191	0.01378	0.00917	0.00646	0.00578	0.00198	0.00877	0.00484	0.00350	0.00934
11	0.01000	0.00661	0.00870	0.00989	0.01080	0.00610	0.00692	0.01147	0.01410	0.05929	0.03999	0.61690	0.09073	0.02062	0.00880	0.00278	0.00427	0.05932	0.00660	0.00610
12	0.00972	0.00713	0.00910	0.00861	0.01033	0.00652	0.00646	0.01286	0.01937	0.02708	0.64441	0.05362	0.12954	0.01460	0.00823	0.00221	0.00332	0.01283	0.00756	0.00652
13	0.02875	0.06769	0.04210	0.01313	0.01839	0.03421	0.01129	0.03151	0.01885	0.58158	0.02420	0.02172	0.01568	0.00853	0.00768	0.00215	0.04711	0.00659	0.00757	0.01126
14	0.01147	0.00916	0.01323	0.08890	0.11776	0.00934	0.01044	0.05756	0.01509	0.02030	0.03064	0.51928	0.03497	0.01715	0.00829	0.00262	0.00545	0.01555	0.00572	0.00708
15	0.01411	0.03530	0.68734	0.02033	0.03049	0.01627	0.05625	0.02211	0.01481	0.02211	0.01260	0.01492	0.00892	0.00660	0.00670	0.00222	0.01038	0.00530	0.00297	0.01027
16	0.00998	0.00744	0.01104	0.01104	0.01222	0.00863	0.00850	0.01235	0.01116	0.01607	0.01885	0.02832	0.01784	0.08711	0.69286	0.01099	0.01810	0.00761	0.00376	0.00613
17	0.03085	0.01261	0.01665	0.01276	0.01818	0.01134	0.01054	0.09638	0.02120	0.65196	0.02650	0.02308	0.01676	0.00861	0.00701	0.00215	0.00610	0.00695	0.00848	0.01188
18	0.04795	0.51350	0.21395	0.01415	0.02098	0.02393	0.01552	0.02105	0.01411	0.01850	0.01042	0.01227	0.00888	0.00639	0.00570	0.00176	0.03452	0.00419	0.00303	0.00921
19	0.00850	0.00607	0.00810	0.00972	0.01012	0.00567	0.00648	0.00972	0.01336	0.01781	0.03846	0.75020	0.04615	0.02186	0.00891	0.00283	0.00405	0.01984	0.00648	0.00567
20	0.02610	0.03235	0.01985	0.01785	0.02158	0.68013	0.01347	0.07150	0.02064	0.01886	0.01118	0.01286	0.00918	0.00727	0.00634	0.00182	0.01226	0.00461	0.00382	0.00834
21	0.00849	0.00614	0.00803	0.00954	0.01008	0.00568	0.00640	0.00974	0.01353	0.01788	0.04059	0.70505	0.08994	0.02159	0.00886	0.00280	0.00401	0.01950	0.00648	0.00568
22	0.01966	0.01730	0.01777	0.01517	0.05762	0.09860	0.01142	0.21186	0.09499	0.02878	0.01588	0.01799	0.01263	0.00722	0.00624	0.00169	0.00700	0.02254	0.00523	0.33042
23	0.01422	0.22781	0.09651	0.01405	0.01726	0.01805	0.01299	0.01696	0.01284	0.01772	0.04806	0.05772	0.01579	0.01993	0.18092	0.00439	0.20666	0.00670	0.00360	0.00781

[dist]
# distance from previous block
# <min> <max>
1	5

[block]
# block no. 1 follows, 30 sequences, length 46
# corresponding to MSA columns:
# 159-204
name=unknown_B
#
# <colnr> <probs for GDERKNQSTAVLIFYWHMCP>
#	G	D	E	R	K	N	Q	S	T	A	V	L	I	F	Y	W	H	M	C	P
0	0.12308	0.02706	0.43792	0.01885	0.02677	0.01525	0.12628	0.02061	0.01447	0.02296	0.01512	0.09245	0.01287	0.00810	0.00681	0.00229	0.00920	0.00700	0.00360	0.00930
1	0.01550	0.26958	0.49830	0.01732	0.02623	0.01989	0.02131	0.02171	0.01455	0.02026	0.01161	0.01359	0.00888	0.00642	0.00593	0.00198	0.00939	0.00470	0.00296	0.00987
2	0.00908	0.00664	0.00856	0.00923	0.01033	0.00612	0.00658	0.01118	0.01604	0.02172	0.28344	0.40054	0.12192	0.01858	0.00862	0.00257	0.00382	0.04208	0.00691	0.00605
3	0.80405	0.01350	0.01026	0.00918	0.01350	0.01565	0.00756	0.02051	0.01188	0.03131	0.00972	0.01134	0.00756	0.00648	0.00432	0.00216	0.00540	0.00378	0.00432	0.00756
4	0.01802	0.01808	0.01999	0.01726	0.01854	0.15552	0.01402	0.01972	0.01324	0.05877	0.01178	0.04239	0.01103	0.01110	0.01752	0.00267	0.50051	0.00628	0.00366	0.03990
5	0.01080	0.00751	0.00952	0.00943	0.01107	0.00708	0.00690	0.01433	0.05806	0.05623	0.39685	0.25468	0.09851	0.01617	0.00831	0.00240	0.00378	0.01434	0.00726	0.00678
6	0.01318	0.01240	0.02093	0.73798	0.04806	0.01550	0.01938	0.01783	0.01395	0.01783	0.01240	0.01860	0.00930	0.00698	0.00698	0.00233	0.00930	0.00620	0.00310	0.00775
7	0.00937	0.00776	0.00811	0.00789	0.01028	0.00691	0.00595	0.03415	0.04223	0.02093	0.12773	0.08448	0.57596	0.01686	0.00818	0.00235	0.00374	0.01415	0.00664	0.00634
8	0.01318	0.01240	0.02093	0.73798	0.04806	0.01550	0.01938	0.01783	0.01395	0.01783	0.01240	0.01860	0.00930	0.00698	0.00698	0.00233	0.00930	0.00620	0.00310	0.00775
9	0.01633	0.01836	0.03926	0.02804	0.03504	0.01705	0.63723	0.02201	0.01633	0.02238	0.01399	0.01851	0.01057	0.00583	0.00802	0.00226	0.01129	0.00794	0.00357	0.06599
10	0.01527	0.01527	0.02137	0.01832	0.01832	0.02137	0.01527	0.01679	0.01069	0.01679	0.00916	0.01527	0.00916	0.01221	0.02290	0.00305	0.74198	0.00611	0.00305	0.00763
11	0.00988	0.00713	0.00933	0.00878	0.01043	0.00658	0.00658	0.01317	0.01975	0.02798	0.70754	0.05213	0.06584	0.01427	0.00823	0.00219	0.00329	0.01262	0.00768	0.00658
12	0.02607	0.03326	0.01978	0.01798	0.02157	0.72674	0.01348	0.02787	0.01978	0.01708	0.01079	0.01258	0.00899	0.00719	0.00629	0.00180	0.01258	0.00449	0.00360	0.00809
13	0.01447	0.01240	0.01447	0.01034	0.01654	0.00930	0.00827	0.01757	0.01447	0.02274	0.01240	0.01447	0.01034	0.00517	0.00517	0.00103	0.00517	0.00413	0.00413	0.79742
14	0.00859	0.00611	0.00807	0.00961	0.00999	0.00572	0.00636	0.00974	0.01319	0.01759	0.03761	0.71386	0.04508	0.05967	0.01028	0.00304	0.00419	0.01934	0.00636	0.00559
15	0.02373	0.01752	0.02069	0.18067	0.02747	0.01965	0.01450	0.50125	0.02784	0.07268	0.01632	0.01754	0.01156	0.00807	0.00698	0.00215	0.00796	0.00630	0.00618	0.01093
16	0.02386	0.01696	0.02008	0.15443	0.02604	0.01857	0.01385	0.45211	0.02681	0.11202	0.01688	0.01776	0.01189	0.00797	0.00689	0.00209	0.00767	0.00624	0.00627	0.05160
17	0.06937	0.01653	0.01796	0.01432	0.01918	0.01810	0.01168	0.42672	0.11642	0.10904	0.04037	0.02019	0.01548	0.01039	0.03599	0.00250	0.00726	0.00667	0.03086	0.01096
18	0.00959	0.00653	0.00778	0.00833	0.00846	0.00639	0.00499	0.01000	0.01124	0.01499	0.02759	0.28510	0.03243	0.50569	0.02647	0.00543	0.00584	0.01344	0.00499	0.00472
19	0.02240	0.01581	0.01776	0.01474	0.01915	0.01714	0.01222	0.44085	0.05818	0.07993	0.02276	0.03269	0.01954	0.03471	0.00850	0.00252	0.00715	0.15673	0.00688	0.01034
20	0.01161	0.00888	0.01119	0.01199	0.06660	0.00848	0.00839	0.01605	0.08332	0.04970	0.29988	0.05309	0.25028	0.01451	0.00812	0.00235	0.00438	0.07701	0.00683	0.00733
21	0.01447	0.01240	0.01447	0.01034	0.01654	0.00930	0.00827	0.01757	0.01447	0.02274	0.01240	0.01447	0.01034	0.00517	0.00517	0.00103	0.00517	0.00413	0.00413	0.79742
22	0.02620	0.01094	0.01468	0.01168	0.01621	0.00967	0.00948	0.02956	0.04088	0.54473	0.17592	0.03001	0.02800	0.00989	0.00728	0.00217	0.00535	0.00827	0.00838	0.01070
23	0.01465	0.02448	0.35343	0.04173	0.02637	0.01404	0.09421	0.04101	0.01535	0.02276	0.01348	0.03488	0.01062	0.00655	0.00643	0.00187	0.00856	0.00564	0.00362	0.26033
24	0.01327	0.00806	0.01041	0.00927	0.01172	0.00720	0.00712	0.01635	0.01930	0.13497	0.52686	0.04750	0.10598	0.01332	0.00793	0.00216	0.00379	0.01160	0.00761	0.03555
25	0.01447	0.01240	0.01447	0.01034	0.01654	0.00930	0.00827	0.01757	0.01447	0.02274	0.01240	0.01447	0.01034	0.00517	0.00517	0.00103	0.00517	0.00413	0.00413	0.79742
26	0.02187	0.34495	0.02604	0.01432	0.01890	0.32674	0.01209	0.02403	0.01736	0.05668	0.06600	0.01571	0.01390	0.00730	0.00570	0.00172	0.00926	0.00494	0.00393	0.00856
27	0.01212	0.00606	0.00909	0.00909	0.00909	0.00606	0.00606	0.00909	0.00909	0.01212	0.01212	0.02121	0.01212	0.02424	0.02727	0.79697	0.00606	0.00606	0.00303	0.00303
28	0.02126	0.16904	0.04488	0.04580	0.17252	0.29725	0.01502	0.07506	0.01822	0.02092	0.01227	0.01462	0.01012	0.00685	0.00608	0.00184	0.00960	0.00504	0.04442	0.00917
29	0.01564	0.10063	0.46337	0.02114	0.05086	0.01755	0.13532	0.02222	0.01504	0.04614	0.01294	0.01551	0.00953	0.00672	0.00736	0.00219	0.03889	0.00568	0.00327	0.01000
30	0.00988	0.00713	0.00933	0.00878	0.01043	0.00658	0.00658	0.01317	0.01975	0.02798	0.70754	0.05213	0.06584	0.01427	0.00823	0.00219	0.00329	0.01262	0.00768	0.00658
31	0.01004	0.00692	0.00855	0.00861	0.00895	0.00723	0.00547	0.01073	0.01054	0.01438	0.02176	0.06726	0.02411	0.54708	0.21208	0.00776	0.00973	0.00982	0.00419	0.00480
32	0.04670	0.02014	0.20531	0.18706	0.28602	0.01554	0.02041	0.02209	0.01543	0.09492	0.01420	0.01736	0.01061	0.00676	0.00676	0.00218	0.00869	0.00593	0.00382	0.01008
33	0.01900	0.72545	0.03579	0.01222	0.01808	0.05989	0.01201	0.02122	0.01444	0.01645	0.00975	0.01126	0.00896	0.00603	0.00456	0.00151	0.00770	0.00377	0.00301	0.00892
34	0.01950	0.01302	0.01549	0.01147	0.01735	0.01094	0.00928	0.08148	0.04507	0.18315	0.01689	0.01726	0.01250	0.00642	0.00583	0.00144	0.00558	0.00513	0.00553	0.51667
35	0.01902	0.01534	0.01762	0.01723	0.08783	0.01711	0.01245	0.14541	0.44438	0.05600	0.02543	0.02708	0.01980	0.00959	0.00723	0.00234	0.00625	0.05226	0.00673	0.01090
36	0.00850	0.00607	0.00810	0.00972	0.01012	0.00567	0.00648	0.00972	0.01336	0.01781	0.03846	0.75020	0.04615	0.02186	0.00891	0.00283	0.00405	0.01984	0.00648	0.00567
37	0.01447	0.01240	0.01447	0.01034	0.01654	0.00930	0.00827	0.01757	0.01447	0.02274	0.01240	0.01447	0.01034	0.00517	0.00517	0.00103	0.00517	0.00413	0.00413	0.79742
38	0.00850	0.00607	0.00810	0.00972	0.01012	0.00567	0.00648	0.00972	0.01336	0.01781	0.03846	0.75020	0.04615	0.02186	0.00891	0.00283	0.00405	0.01984	0.00648	0.00567
39	0.01116	0.00798	0.01113	0.01261	0.01422	0.00795	0.01097	0.01438	0.01628	0.02131	0.07688	0.07713	0.04169	0.01898	0.00955	0.00315	0.00624	0.62545	0.00650	0.00644
40	0.00988	0.00713	0.00933	0.00878	0.01043	0.00658	0.00658	0.01317	0.01975	0.02798	0.70754	0.05213	0.06584	0.01427	0.00823	0.00219	0.00329	0.01262	0.00768	0.00658
41	0.01866	0.75896	0.03657	0.01194	0.01791	0.02761	0.01194	0.02090	0.01418	0.01642	0.00970	0.01119	0.00896	0.00597	0.00448	0.00149	0.00746	0.00373	0.00299	0.00896
42	0.00834	0.00707	0.00720	0.00717	0.00949	0.00593	0.00538	0.01020	0.01613	0.01940	0.10862	0.06626	0.67013	0.01747	0.00825	0.00235	0.00352	0.01460	0.00655	0.00593
43	0.80405	0.01350	0.01026	0.00918	0.01350	0.01565	0.00756	0.02051	0.01188	0.03131	0.00972	0.01134	0.00756	0.00648	0.00432	0.00216	0.00540	0.00378	0.00432	0.00756
44	0.02333	0.01647	0.01753	0.01380	0.01845	0.01806	0.01128	0.52928	0.02852	0.03974	0.01817	0.01894	0.01329	0.00832	0.00648	0.00198	0.00663	0.00634	0.19278	0.01060
45	0.80405	0.01350	0.01026	0.00918	0.01350	0.01565	0.00756	0.02051	0.01188	0.03131	0.00972	0.01134	0.00756	0.00648	0.00432	0.00216	0.00540	0.00378	0.00432	0.00756

[dist]
# distance from previous block
# <min> <max>
0	24

[block]
# block no. 2 follows, 30 sequences, length 14
# corresponding to MSA columns:
# 229-242
name=unknown_C
#
# <colnr> <probs for GDERKNQSTAVLIFYWHMCP>
#	G	D	E	R	K	N	Q	S	T	A	V	L	I	F	Y	W	H	M	C	P
0	0.02653	0.01955	0.02094	0.01606	0.02164	0.02164	0.01326	0.68796	0.03281	0.04398	0.01675	0.01675	0.01187	0.00838	0.00698	0.00209	0.00768	0.00628	0.00698	0.01187
1	0.80405	0.01350	0.01026	0.00918	0.01350	0.01565	0.00756	0.02051	0.01188	0.03131	0.00972	0.01134	0.00756	0.00648	0.00432	0.00216	0.00540	0.00378	0.00432	0.00756
2	0.01318	0.01240	0.02093	0.73798	0.04806	0.01550	0.01938	0.01783	0.01395	0.01783	0.01240	0.01860	0.00930	0.00698	0.00698	0.00233	0.00930	0.00620	0.00310	0.00775
3	0.01015	0.00677	0.00761	0.00761	0.00761	0.00677	0.00423	0.01015	0.01015	0.01353	0.02199	0.04567	0.02537	0.75476	0.03552	0.00677	0.00677	0.01015	0.00423	0.00423
4	0.00850	0.00607	0.00810	0.00972	0.01012	0.00567	0.00648	0.00972	0.01336	0.01781	0.03846	0.75020	0.04615	0.02186	0.00891	0.00283	0.00405	0.01984	0.00648	0.00567
5	0.00967	0.00715	0.00929	0.01058	0.01191	0.00677	0.00836	0.01189	0.01508	0.01939	0.04426	0.31407	0.17651	0.01987	0.00910	0.00291	0.00500	0.30569	0.00646	0.00605
6	0.01191	0.00606	0.00903	0.00913	0.00915	0.00604	0.00608	0.00913	0.00934	0.01245	0.01365	0.06343	0.01409	0.02410	0.02621	0.75098	0.00594	0.00686	0.00323	0.00318
7	0.00935	0.00743	0.01162	0.01181	0.01292	0.00694	0.07874	0.01106	0.01369	0.01830	0.03587	0.67241	0.04237	0.02016	0.00884	0.00278	0.00487	0.01860	0.00616	0.00607
8	0.03131	0.01188	0.01619	0.01242	0.01781	0.01026	0.01026	0.03401	0.01997	0.71606	0.02753	0.02375	0.01727	0.00864	0.00702	0.00216	0.00594	0.00702	0.00864	0.01188
9	0.01819	0.01858	0.02661	0.09003	0.56774	0.11452	0.02017	0.02205	0.01628	0.02165	0.01275	0.01672	0.01064	0.00641	0.00683	0.00205	0.00896	0.00598	0.00345	0.01040
10	0.01625	0.01498	0.02372	0.43164	0.21101	0.04558	0.05730	0.04888	0.01588	0.04879	0.01342	0.01816	0.01024	0.00686	0.00701	0.00222	0.00912	0.00629	0.00363	0.00904
11	0.02418	0.06485	0.02041	0.01732	0.02087	0.55310	0.01333	0.05297	0.07679	0.01909	0.01233	0.01402	0.01015	0.00775	0.00754	0.00194	0.06600	0.00493	0.00395	0.00849
12	0.01827	0.04994	0.01615	0.01203	0.01667	0.01278	0.00967	0.14118	0.05617	0.11902	0.05854	0.11424	0.01983	0.00940	0.00705	0.00184	0.02933	0.00768	0.00583	0.29439
13	0.12112	0.18345	0.17393	0.01679	0.07895	0.01907	0.01511	0.14123	0.04572	0.05539	0.05244	0.01703	0.01349	0.00754	0.00657	0.00204	0.03016	0.00559	0.00457	0.00980

[dist]
# distance from previous block
# <min> <max>
0	1

[block]
# block no. 3 follows, 30 sequences, length 55
# corresponding to MSA columns:
# 244-298
name=unknown_D
#
# <colnr> <probs for GDERKNQSTAVLIFYWHMCP>
#	G	D	E	R	K	N	Q	S	T	A	V	L	I	F	Y	W	H	M	C	P
0	0.14969	0.01447	0.02189	0.27650	0.14759	0.04128	0.10511	0.02016	0.01492	0.04881	0.01522	0.02303	0.01279	0.00789	0.00692	0.00232	0.00850	0.07038	0.00398	0.00854
1	0.02607	0.03326	0.01978	0.01798	0.02157	0.72674	0.01348	0.02787	0.01978	0.01708	0.01079	0.01258	0.00899	0.00719	0.00629	0.00180	0.01258	0.00449	0.00360	0.00809
2	0.01021	0.00767	0.01104	0.01092	0.01192	0.00891	0.00826	0.01226	0.01102	0.01580	0.01884	0.02984	0.01838	0.16246	0.58948	0.01019	0.04519	0.00785	0.00379	0.00597
3	0.00861	0.00615	0.00822	0.00984	0.01029	0.00576	0.00667	0.00990	0.01347	0.01793	0.03840	0.72370	0.04592	0.02176	0.00894	0.00285	0.00414	0.04527	0.00648	0.00570
4	0.80405	0.01350	0.01026	0.00918	0.01350	0.01565	0.00756	0.02051	0.01188	0.03131	0.00972	0.01134	0.00756	0.00648	0.00432	0.00216	0.00540	0.00378	0.00432	0.00756
5	0.00849	0.00613	0.00804	0.00957	0.01008	0.00568	0.00641	0.00973	0.01350	0.01787	0.04026	0.71200	0.08320	0.02163	0.00887	0.00281	0.00402	0.01955	0.00648	0.00568
6	0.01400	0.03610	0.71860	0.01989	0.03020	0.01621	0.02578	0.02210	0.01473	0.02210	0.01252	0.01473	0.00884	0.00663	0.00663	0.00221	0.01031	0.00516	0.00295	0.01031
7	0.00825	0.00707	0.00707	0.00707	0.00943	0.00589	0.00530	0.01001	0.01591	0.01885	0.07069	0.06716	0.70839	0.01767	0.00825	0.00236	0.00353	0.01473	0.00648	0.00589
8	0.01318	0.01240	0.02093	0.73798	0.04806	0.01550	0.01938	0.01783	0.01395	0.01783	0.01240	0.01860	0.00930	0.00698	0.00698	0.00233	0.00930	0.00620	0.00310	0.00775
9	0.01721	0.01848	0.07713	0.02562	0.13468	0.04142	0.33930	0.02208	0.01618	0.06117	0.01414	0.01748	0.01081	0.00604	0.00716	0.00200	0.00950	0.00668	0.00389	0.16903
10	0.01654	0.01583	0.02685	0.11377	0.61892	0.01611	0.02067	0.02066	0.01569	0.02215	0.01498	0.01908	0.03422	0.00668	0.00696	0.00211	0.00824	0.00650	0.00352	0.01054
11	0.00870	0.00629	0.00827	0.00978	0.01041	0.00587	0.00677	0.01010	0.01374	0.01812	0.04051	0.65242	0.09019	0.02138	0.00892	0.00283	0.00420	0.06929	0.00647	0.00574
12	0.01332	0.00789	0.01043	0.00936	0.01161	0.00717	0.00717	0.01651	0.01979	0.13838	0.59845	0.04757	0.05805	0.01336	0.00804	0.00219	0.00372	0.01172	0.00784	0.00743
13	0.01722	0.01564	0.02330	0.09878	0.42400	0.03720	0.01767	0.02433	0.15576	0.04856	0.01797	0.05763	0.01499	0.00789	0.00704	0.00219	0.00764	0.00725	0.00452	0.01040
14	0.01318	0.01240	0.02093	0.73798	0.04806	0.01550	0.01938	0.01783	0.01395	0.01783	0.01240	0.01860	0.00930	0.00698	0.00698	0.00233	0.00930	0.00620	0.00310	0.00775
15	0.03131	0.01188	0.01619	0.01242	0.01781	0.01026	0.01026	0.03401	0.01997	0.71606	0.02753	0.02375	0.01727	0.00864	0.00702	0.00216	0.00594	0.00702	0.00864	0.01188
16	0.06853	0.08356	0.47452	0.01866	0.02696	0.14312	0.04694	0.02294	0.01547	0.02143	0.01190	0.01404	0.00886	0.00664	0.00633	0.00209	0.01025	0.00497	0.00318	0.00961
17	0.01138	0.04736	0.01164	0.01084	0.03823	0.00956	0.00727	0.01393	0.05825	0.01758	0.07582	0.10393	0.02676	0.34249	0.14626	0.00580	0.02778	0.00993	0.02915	0.00604
18	0.01212	0.00606	0.00909	0.00909	0.00909	0.00606	0.00606	0.00909	0.00909	0.01212	0.01212	0.02121	0.01212	0.02424	0.02727	0.79697	0.00606	0.00606	0.00303	0.00303
19	0.01545	0.00839	0.01100	0.00963	0.01232	0.00751	0.00747	0.01848	0.01956	0.20971	0.48519	0.04560	0.09551	0.01300	0.00791	0.00220	0.00401	0.01127	0.00786	0.00794
20	0.01989	0.04750	0.05296	0.03287	0.43070	0.23644	0.03632	0.02344	0.01700	0.02078	0.01229	0.01556	0.01025	0.00652	0.00666	0.00198	0.00976	0.00561	0.00346	0.01000
21	0.01506	0.17873	0.54521	0.01884	0.02811	0.01855	0.05996	0.02187	0.01472	0.02098	0.01205	0.01426	0.00896	0.00646	0.00629	0.00208	0.00983	0.00505	0.00299	0.00999
22	0.00907	0.00685	0.01000	0.01092	0.01174	0.00643	0.04229	0.01064	0.01367	0.01822	0.03710	0.67438	0.04396	0.02088	0.00891	0.00283	0.00459	0.05528	0.00632	0.00591
23	0.27513	0.01390	0.01492	0.01199	0.01689	0.01446	0.00985	0.16447	0.04575	0.30757	0.01949	0.01852	0.01324	0.00791	0.00608	0.00213	0.00601	0.00585	0.03557	0.01027
24	0.00857	0.00610	0.00808	0.00963	0.01002	0.00571	0.00639	0.00973	0.01324	0.01765	0.03782	0.72282	0.04535	0.05035	0.00994	0.00299	0.00415	0.01946	0.00639	0.00561
25	0.12548	0.04687	0.02130	0.07775	0.16426	0.06653	0.01458	0.29197	0.02193	0.03108	0.01381	0.01605	0.01068	0.00887	0.02875	0.00238	0.03690	0.00574	0.00496	0.01010
26	0.02607	0.03326	0.01978	0.01798	0.02157	0.72674	0.01348	0.02787	0.01978	0.01708	0.01079	0.01258	0.00899	0.00719	0.00629	0.00180	0.01258	0.00449	0.00360	0.00809
27	0.01188	0.00769	0.00902	0.00843	0.01090	0.00668	0.00641	0.01419	0.01744	0.11664	0.24764	0.09261	0.39320	0.01567	0.00811	0.00231	0.00382	0.01333	0.00712	0.00690
28	0.01482	0.01460	0.02051	0.01772	0.01782	0.02030	0.01471	0.01643	0.01073	0.01674	0.00997	0.01630	0.00986	0.01563	0.08279	0.00375	0.68047	0.00622	0.00311	0.00751
29	0.01014	0.00680	0.00780	0.00780	0.00786	0.00687	0.00446	0.01027	0.01020	0.01367	0.02181	0.04471	0.02496	0.71801	0.07170	0.00700	0.00739	0.01001	0.00420	0.00433
30	0.00940	0.00717	0.00882	0.00965	0.01129	0.00659	0.00758	0.01163	0.01570	0.01998	0.10138	0.21742	0.29937	0.01884	0.00884	0.00273	0.00457	0.22642	0.00655	0.00607
31	0.01301	0.00904	0.01009	0.00923	0.01026	0.00945	0.00599	0.12917	0.01417	0.01898	0.02094	0.03988	0.02269	0.59622	0.05766	0.00612	0.00739	0.00936	0.00469	0.00565
32	0.02886	0.01242	0.01612	0.01273	0.01787	0.01150	0.01039	0.03455	0.13905	0.59554	0.02768	0.02415	0.01798	0.00878	0.00703	0.00220	0.00587	0.00717	0.00837	0.01173
33	0.02607	0.03326	0.01978	0.01798	0.02157	0.72674	0.01348	0.02787	0.01978	0.01708	0.01079	0.01258	0.00899	0.00719	0.00629	0.00180	0.01258	0.00449	0.00360	0.00809
34	0.03131	0.01188	0.01619	0.01242	0.01781	0.01026	0.01026	0.03401	0.01997	0.71606	0.02753	0.02375	0.01727	0.00864	0.00702	0.00216	0.00594	0.00702	0.00864	0.01188
35	0.01637	0.01281	0.01464	0.01370	0.01712	0.01400	0.01119	0.08790	0.35496	0.04742	0.02964	0.04290	0.02642	0.01257	0.00789	0.00258	0.00603	0.23477	0.00678	0.04030
36	0.01051	0.00865	0.00948	0.00898	0.01108	0.03459	0.00676	0.01441	0.06501	0.02488	0.44165	0.05339	0.25522	0.01470	0.00808	0.00224	0.00387	0.01262	0.00712	0.00674
37	0.02653	0.01955	0.02094	0.01606	0.02164	0.02164	0.01326	0.68796	0.03281	0.04398	0.01675	0.01675	0.01187	0.00838	0.00698	0.00209	0.00768	0.00628	0.00698	0.01187
38	0.01015	0.00677	0.00761	0.00761	0.00761	0.00677	0.00423	0.01015	0.01015	0.01353	0.02199	0.04567	0.02537	0.75476	0.03552	0.00677	0.00677	0.01015	0.00423	0.00423
39	0.01678	0.04609	0.14906	0.09863	0.29752	0.06628	0.18153	0.02185	0.01586	0.02149	0.01292	0.01681	0.01018	0.00634	0.00706	0.00215	0.00984	0.00632	0.00335	0.00994
40	0.01524	0.01817	0.08754	0.16082	0.03562	0.01697	0.42558	0.02052	0.01525	0.02084	0.01421	0.04677	0.01148	0.00730	0.00912	0.00241	0.07192	0.00789	0.00348	0.00887
41	0.00853	0.00618	0.00806	0.00950	0.01008	0.00571	0.00640	0.00985	0.01374	0.01821	0.06185	0.68044	0.09304	0.02133	0.00884	0.00278	0.00399	0.01925	0.00652	0.00571
42	0.01012	0.00729	0.00883	0.00834	0.01036	0.00649	0.00629	0.01288	0.01848	0.05030	0.46988	0.05610	0.27856	0.01520	0.00819	0.00225	0.00347	0.01312	0.00732	0.00655
43	0.02318	0.01988	0.09372	0.01580	0.02134	0.01941	0.01388	0.53116	0.05143	0.03868	0.01875	0.08621	0.01510	0.00950	0.00713	0.00219	0.00754	0.00750	0.00651	0.01109
44	0.02222	0.01864	0.08448	0.01537	0.02075	0.01843	0.01331	0.31292	0.28809	0.09753	0.02185	0.02080	0.01573	0.00866	0.00700	0.00222	0.00693	0.00687	0.00680	0.01140
45	0.00997	0.00748	0.01121	0.01121	0.01246	0.00872	0.00872	0.01246	0.01121	0.01620	0.01869	0.02741	0.01745	0.05234	0.72710	0.01121	0.01869	0.00748	0.00374	0.00623
46	0.01447	0.01240	0.01447	0.01034	0.01654	0.00930	0.00827	0.01757	0.01447	0.02274	0.01240	0.01447	0.01034	0.00517	0.00517	0.00103	0.00517	0.00413	0.00413	0.79742
47	0.80405	0.01350	0.01026	0.00918	0.01350	0.01565	0.00756	0.02051	0.01188	0.03131	0.00972	0.01134	0.00756	0.00648	0.00432	0.00216	0.00540	0.00378	0.00432	0.00756
48	0.01447	0.01240	0.01447	0.01034	0.01654	0.00930	0.00827	0.01757	0.01447	0.02274	0.01240	0.01447	0.01034	0.00517	0.00517	0.00103	0.00517	0.00413	0.00413	0.79742
49	0.00850	0.00607	0.00810	0.00972	0.01012	0.00567	0.00648	0.00972	0.01336	0.01781	0.03846	0.75020	0.04615	0.02186	0.00891	0.00283	0.00405	0.01984	0.00648	0.00567
50	0.01201	0.01226	0.11147	0.01353	0.01666	0.00923	0.03853	0.01590	0.01651	0.04236	0.14404	0.08718	0.05617	0.01590	0.00879	0.00280	0.00648	0.37687	0.00610	0.00723
51	0.00876	0.00627	0.00793	0.00914	0.00964	0.00587	0.00600	0.00981	0.01304	0.01718	0.03841	0.57485	0.09827	0.14427	0.01331	0.00345	0.00446	0.01779	0.00610	0.00545
52	0.00988	0.00713	0.00933	0.00878	0.01043	0.00658	0.00658	0.01317	0.01975	0.02798	0.70754	0.05213	0.06584	0.01427	0.00823	0.00219	0.00329	0.01262	0.00768	0.00658
53	0.02653	0.01955	0.02094	0.01606	0.02164	0.02164	0.01326	0.68796	0.03281	0.04398	0.01675	0.01675	0.01187	0.00838	0.00698	0.00209	0.00768	0.00628	0.00698	0.01187
54	0.00826	0.00703	0.00711	0.00717	0.00945	0.00588	0.00535	0.01000	0.01581	0.01881	0.06944	0.09378	0.68259	0.01784	0.00827	0.00238	0.00355	0.01493	0.00648	0.00588

[dist]
# distance from previous block
# <min> <max>
0	8

[block]
# block no. 4 follows, 30 sequences, length 34
# corresponding to MSA columns:
# 307-340
name=unknown_E
#
# <colnr> <probs for GDERKNQSTAVLIFYWHMCP>
#	G	D	E	R	K	N	Q	S	T	A	V	L	I	F	Y	W	H	M	C	P
0	0.00883	0.00659	0.00945	0.01052	0.01120	0.00616	0.03418	0.01023	0.01349	0.01800	0.03747	0.72038	0.04470	0.02121	0.00888	0.00281	0.00436	0.01936	0.00636	0.00582
1	0.01301	0.00650	0.00650	0.00650	0.00813	0.00650	0.00488	0.01626	0.01463	0.02602	0.02276	0.02602	0.01789	0.00813	0.00488	0.00163	0.00325	0.00650	0.79350	0.00650
2	0.01447	0.01240	0.01447	0.01034	0.01654	0.00930	0.00827	0.01757	0.01447	0.02274	0.01240	0.01447	0.01034	0.00517	0.00517	0.00103	0.00517	0.00413	0.00413	0.79742
3	0.01866	0.75896	0.03657	0.01194	0.01791	0.02761	0.01194	0.02090	0.01418	0.01642	0.00970	0.01119	0.00896	0.00597	0.00448	0.00149	0.00746	0.00373	0.00299	0.00896
4	0.01447	0.01240	0.01447	0.01034	0.01654	0.00930	0.00827	0.01757	0.01447	0.02274	0.01240	0.01447	0.01034	0.00517	0.00517	0.00103	0.00517	0.00413	0.00413	0.79742
5	0.01479	0.01456	0.02045	0.01767	0.01779	0.02022	0.01467	0.01640	0.01074	0.01674	0.01003	0.01637	0.00991	0.01586	0.08690	0.00380	0.67625	0.00623	0.00312	0.00751
6	0.01015	0.00677	0.00761	0.00761	0.00761	0.00677	0.00423	0.01015	0.01015	0.01353	0.02199	0.04567	0.02537	0.75476	0.03552	0.00677	0.00677	0.01015	0.00423	0.00423
7	0.01727	0.01658	0.02832	0.04283	0.71123	0.01658	0.02142	0.02142	0.01589	0.02280	0.01313	0.01727	0.01105	0.00622	0.00691	0.00207	0.00829	0.00622	0.00345	0.01105
8	0.01683	0.01613	0.02754	0.11700	0.64047	0.01647	0.02120	0.02103	0.01568	0.02227	0.01305	0.01741	0.01087	0.00630	0.00692	0.00210	0.00840	0.00622	0.00342	0.01070
9	0.01475	0.01401	0.02378	0.47053	0.30321	0.01592	0.02016	0.01921	0.01470	0.01974	0.01268	0.01809	0.00998	0.00668	0.00695	0.00223	0.00891	0.00621	0.00324	0.00902
10	0.01503	0.01492	0.02092	0.01800	0.01806	0.02081	0.01497	0.01660	0.01071	0.01677	0.00959	0.01581	0.00953	0.01401	0.05441	0.00342	0.70962	0.00617	0.00308	0.00757
11	0.01548	0.01590	0.02492	0.02031	0.02157	0.02071	0.13537	0.01779	0.01172	0.01779	0.01005	0.01590	0.00942	0.01108	0.02027	0.00293	0.61120	0.00649	0.00314	0.00795
12	0.01727	0.01658	0.02832	0.04283	0.71123	0.01658	0.02142	0.02142	0.01589	0.02280	0.01313	0.01727	0.01105	0.00622	0.00691	0.00207	0.00829	0.00622	0.00345	0.01105
13	0.01318	0.01240	0.02093	0.73798	0.04806	0.01550	0.01938	0.01783	0.01395	0.01783	0.01240	0.01860	0.00930	0.00698	0.00698	0.00233	0.00930	0.00620	0.00310	0.00775
14	0.01318	0.01240	0.02093	0.73798	0.04806	0.01550	0.01938	0.01783	0.01395	0.01783	0.01240	0.01860	0.00930	0.00698	0.00698	0.00233	0.00930	0.00620	0.00310	0.00775
15	0.00981	0.00713	0.00923	0.00870	0.01038	0.00655	0.00653	0.01303	0.01959	0.02759	0.67976	0.05278	0.09387	0.01441	0.00823	0.00220	0.00330	0.01271	0.00763	0.00655
16	0.00953	0.00686	0.00902	0.00902	0.01035	0.00635	0.00656	0.01229	0.01813	0.02540	0.53769	0.22934	0.06085	0.01619	0.00840	0.00236	0.00348	0.01445	0.00738	0.00635
17	0.01647	0.01882	0.04118	0.02941	0.03647	0.01765	0.68588	0.02235	0.01647	0.02235	0.01412	0.01882	0.01059	0.00588	0.00824	0.00235	0.01176	0.00824	0.00353	0.00941
18	0.01728	0.01650	0.02772	0.04145	0.67770	0.01662	0.02091	0.02217	0.04891	0.02311	0.01386	0.01770	0.01155	0.00637	0.00692	0.00209	0.00816	0.00630	0.00363	0.01105
19	0.01470	0.01286	0.01596	0.01153	0.01768	0.01010	0.04480	0.01867	0.04405	0.02300	0.01318	0.01520	0.01082	0.00539	0.00542	0.00116	0.00554	0.00452	0.00423	0.72120
20	0.00850	0.00607	0.00810	0.00972	0.01012	0.00567	0.00648	0.00972	0.01336	0.01781	0.03846	0.75020	0.04615	0.02186	0.00891	0.00283	0.00405	0.01984	0.00648	0.00567
21	0.00988	0.00713	0.00933	0.00878	0.01043	0.00658	0.00658	0.01317	0.01975	0.02798	0.70754	0.05213	0.06584	0.01427	0.00823	0.00219	0.00329	0.01262	0.00768	0.00658
22	0.09800	0.40416	0.17994	0.01441	0.02076	0.14141	0.01478	0.02229	0.01501	0.01927	0.01050	0.01221	0.00879	0.00637	0.00524	0.00177	0.00874	0.00418	0.00321	0.00897
23	0.02662	0.01754	0.01936	0.01492	0.02026	0.01888	0.01230	0.54021	0.02964	0.15776	0.01892	0.01845	0.01311	0.00841	0.00687	0.00208	0.00714	0.00642	0.04952	0.01158
24	0.00825	0.00707	0.00707	0.00707	0.00943	0.00589	0.00530	0.01001	0.01591	0.01885	0.07069	0.06716	0.70839	0.01767	0.00825	0.00236	0.00353	0.01473	0.00648	0.00589
25	0.00984	0.00752	0.00912	0.00916	0.01082	0.00714	0.00669	0.01371	0.07617	0.02362	0.34738	0.23594	0.18373	0.01652	0.00831	0.00241	0.00373	0.01452	0.00708	0.00659
26	0.01981	0.25160	0.02822	0.04380	0.05103	0.19544	0.11046	0.04943	0.08905	0.02018	0.01305	0.01525	0.01073	0.00726	0.00747	0.00198	0.06683	0.00548	0.00383	0.00908
27	0.05194	0.02787	0.01927	0.05248	0.04269	0.51849	0.01339	0.10678	0.02030	0.02131	0.01220	0.01429	0.00986	0.00857	0.02661	0.00214	0.01134	0.00496	0.02701	0.00851
28	0.00850	0.00607	0.00810	0.00972	0.01012	0.00567	0.00648	0.00972	0.01336	0.01781	0.03846	0.75020	0.04615	0.02186	0.00891	0.00283	0.00405	0.01984	0.00648	0.00567
29	0.01740	0.01150	0.03606	0.01709	0.11626	0.01068	0.01247	0.02210	0.07644	0.19066	0.05357	0.08516	0.02906	0.01354	0.00821	0.00263	0.00637	0.27534	0.00654	0.00890
30	0.01485	0.01290	0.01560	0.01185	0.01677	0.01164	0.00955	0.04556	0.01458	0.02246	0.01318	0.04639	0.01175	0.00717	0.00830	0.00149	0.12540	0.00522	0.00418	0.60116
31	0.66965	0.01587	0.06837	0.01067	0.01558	0.01624	0.00955	0.08130	0.01401	0.03172	0.01058	0.01210	0.00805	0.00666	0.00475	0.00216	0.00600	0.00412	0.00445	0.00817
32	0.73392	0.01337	0.01097	0.03627	0.01500	0.01536	0.00814	0.02113	0.01238	0.06707	0.01076	0.01226	0.00814	0.00661	0.00456	0.00217	0.00557	0.00404	0.00450	0.00779
33	0.01667	0.01759	0.03481	0.06523	0.32585	0.01710	0.37312	0.02176	0.01611	0.02235	0.01362	0.01815	0.01073	0.00607	0.00761	0.00223	0.01017	0.00729	0.00348	0.01004

[dist]
# distance from previous block
# <min> <max>
0	12

[block]
# block no. 5 follows, 30 sequences, length 21
# corresponding to MSA columns:
# 353-373
name=unknown_F
#
# <colnr> <probs for GDERKNQSTAVLIFYWHMCP>
#	G	D	E	R	K	N	Q	S	T	A	V	L	I	F	Y	W	H	M	C	P
0	0.00947	0.00712	0.00876	0.00835	0.01017	0.00641	0.00626	0.01238	0.01879	0.02569	0.54755	0.05590	0.22727	0.01512	0.00823	0.00224	0.00335	0.01315	0.00738	0.00641
1	0.01005	0.00672	0.00764	0.00774	0.00776	0.00670	0.00436	0.01012	0.01034	0.01378	0.02296	0.08743	0.02660	0.71131	0.03394	0.00653	0.00660	0.01072	0.00436	0.00431
2	0.00917	0.00717	0.00838	0.00842	0.01038	0.00637	0.00648	0.01162	0.01718	0.02224	0.28755	0.08489	0.38577	0.01681	0.00842	0.00242	0.00380	0.08985	0.00689	0.00619
3	0.01634	0.01971	0.07578	0.02893	0.03615	0.01757	0.65216	0.02234	0.01638	0.02234	0.01404	0.01861	0.01050	0.00592	0.00815	0.00235	0.01169	0.00808	0.00350	0.00946
4	0.02653	0.01955	0.02094	0.01606	0.02164	0.02164	0.01326	0.68796	0.03281	0.04398	0.01675	0.01675	0.01187	0.00838	0.00698	0.00209	0.00768	0.00628	0.00698	0.01187
5	0.01866	0.75896	0.03657	0.01194	0.01791	0.02761	0.01194	0.02090	0.01418	0.01642	0.00970	0.01119	0.00896	0.00597	0.00448	0.00149	0.00746	0.00373	0.00299	0.00896
6	0.00978	0.00713	0.00919	0.00868	0.01037	0.00654	0.00651	0.01298	0.01953	0.02744	0.66996	0.05301	0.10376	0.01447	0.00823	0.00220	0.00331	0.01274	0.00761	0.00654
7	0.01054	0.00731	0.00986	0.01063	0.01135	0.00743	0.00752	0.01196	0.01379	0.05938	0.06529	0.60777	0.04191	0.01985	0.01006	0.00279	0.07246	0.01748	0.00634	0.00626
8	0.01625	0.37183	0.37680	0.01653	0.02471	0.02157	0.04315	0.02155	0.01454	0.01946	0.01127	0.01323	0.00896	0.00630	0.00569	0.00188	0.00904	0.00460	0.00299	0.00965
9	0.00988	0.00713	0.00933	0.00878	0.01043	0.00658	0.00658	0.01317	0.01975	0.02798	0.70754	0.05213	0.06584	0.01427	0.00823	0.00219	0.00329	0.01262	0.00768	0.00658
10	0.03131	0.01188	0.01619	0.01242	0.01781	0.01026	0.01026	0.03401	0.01997	0.71606	0.02753	0.02375	0.01727	0.00864	0.00702	0.00216	0.00594	0.00702	0.00864	0.01188
11	0.01163	0.01032	0.04696	0.01373	0.01635	0.00880	0.13342	0.01459	0.01582	0.05441	0.19036	0.38207	0.04116	0.01579	0.00843	0.00253	0.00567	0.01471	0.00616	0.00708
12	0.01878	0.67107	0.07933	0.01280	0.01891	0.06691	0.01292	0.02137	0.01454	0.01682	0.00994	0.01150	0.00895	0.00608	0.00472	0.00156	0.00794	0.00387	0.00302	0.00899
13	0.01124	0.00803	0.01124	0.01285	0.01446	0.00803	0.01124	0.01446	0.01606	0.02088	0.03695	0.07871	0.04016	0.01928	0.00964	0.00321	0.00643	0.66426	0.00643	0.00643
14	0.01318	0.01240	0.02093	0.73798	0.04806	0.01550	0.01938	0.01783	0.01395	0.01783	0.01240	0.01860	0.00930	0.00698	0.00698	0.00233	0.00930	0.00620	0.00310	0.00775
15	0.02220	0.21049	0.02378	0.01778	0.07276	0.44114	0.01322	0.02428	0.01751	0.01736	0.01226	0.04810	0.01117	0.00894	0.02894	0.00209	0.01077	0.00526	0.00357	0.00836
16	0.01411	0.01436	0.02855	0.04304	0.02692	0.01461	0.38109	0.01814	0.01412	0.01954	0.01566	0.04845	0.01360	0.01976	0.19373	0.04243	0.07217	0.00814	0.00362	0.00796
17	0.00983	0.00663	0.00770	0.00801	0.00809	0.00656	0.00466	0.01007	0.01076	0.01435	0.02512	0.17965	0.02932	0.61538	0.03046	0.00602	0.00625	0.01199	0.00466	0.00450
18	0.01899	0.72674	0.03582	0.01221	0.01807	0.05865	0.01201	0.02120	0.01443	0.01645	0.00975	0.01126	0.00896	0.00602	0.00456	0.00151	0.00769	0.00377	0.00301	0.00892
19	0.02179	0.06419	0.24588	0.01500	0.02168	0.01464	0.01546	0.12025	0.03970	0.27111	0.02291	0.04462	0.05388	0.00875	0.00687	0.00217	0.00749	0.00699	0.00598	0.01063
20	0.01323	0.02448	0.40478	0.04393	0.02472	0.01341	0.05819	0.04147	0.01700	0.02454	0.23218	0.02699	0.02706	0.00907	0.00726	0.00221	0.00806	0.00777	0.00462	0.00904

[dist]
# distance from previous block
# <min> <max>
11	19

[block]
# block no. 6 follows, 30 sequences, length 36
# corresponding to MSA columns:
# 393-428
name=unknown_G
#
# <colnr> <probs for GDERKNQSTAVLIFYWHMCP>
#	G	D	E	R	K	N	Q	S	T	A	V	L	I	F	Y	W	H	M	C	P
0	0.01831	0.63717	0.06041	0.01253	0.01842	0.02588	0.01236	0.02298	0.10044	0.01825	0.01217	0.01320	0.01051	0.00644	0.00489	0.00163	0.00733	0.00431	0.00350	0.00927
1	0.07562	0.12912	0.13194	0.01718	0.04752	0.17829	0.04301	0.20064	0.02066	0.02676	0.03508	0.03653	0.01260	0.00774	0.00637	0.00200	0.00896	0.00583	0.00456	0.00959
2	0.01617	0.37394	0.39984	0.01617	0.02446	0.02154	0.01931	0.02154	0.01447	0.01944	0.01120	0.01308	0.00889	0.00632	0.00562	0.00187	0.00898	0.00449	0.00296	0.00968
3	0.80405	0.01350	0.01026	0.00918	0.01350	0.01565	0.00756	0.02051	0.01188	0.03131	0.00972	0.01134	0.00756	0.00648	0.00432	0.00216	0.00540	0.00378	0.00432	0.00756
4	0.01212	0.00606	0.00909	0.00909	0.00909	0.00606	0.00606	0.00909	0.00909	0.01212	0.01212	0.02121	0.01212	0.02424	0.02727	0.79697	0.00606	0.00606	0.00303	0.00303
5	0.00887	0.00636	0.00843	0.00947	0.01020	0.00591	0.00651	0.01064	0.01506	0.02052	0.21673	0.56420	0.05140	0.01984	0.00873	0.00266	0.00385	0.01791	0.00680	0.00591
6	0.00979	0.00723	0.00938	0.03449	0.01241	0.00714	0.00775	0.01274	0.05774	0.01963	0.05867	0.49878	0.08098	0.01926	0.00863	0.00275	0.00457	0.10790	0.03389	0.00626
7	0.02333	0.02551	0.08651	0.04373	0.14206	0.29765	0.01601	0.20877	0.02207	0.04904	0.01360	0.01530	0.01041	0.00734	0.00667	0.00199	0.00996	0.00548	0.00460	0.00997
8	0.02609	0.03268	0.01982	0.01790	0.02158	0.69695	0.01347	0.05575	0.02033	0.01822	0.01104	0.01276	0.00911	0.00724	0.00632	0.00181	0.01238	0.00457	0.00374	0.00825
9	0.01447	0.01240	0.01447	0.01034	0.01654	0.00930	0.00827	0.01757	0.01447	0.02274	0.01240	0.01447	0.01034	0.00517	0.00517	0.00103	0.00517	0.00413	0.00413	0.79742
10	0.01105	0.00790	0.01103	0.01263	0.01416	0.00787	0.01091	0.01413	0.01588	0.02067	0.03705	0.12553	0.04058	0.01946	0.00959	0.00319	0.00626	0.61933	0.00643	0.00637
11	0.77198	0.01441	0.03901	0.00961	0.01417	0.01568	0.00830	0.02058	0.01199	0.03094	0.00983	0.01147	0.00761	0.00648	0.00441	0.00216	0.00560	0.00383	0.00426	0.00767
12	0.00825	0.00707	0.00707	0.00707	0.00943	0.00589	0.00530	0.01001	0.01591	0.01885	0.07069	0.06716	0.70839	0.01767	0.00825	0.00236	0.00353	0.01473	0.00648	0.00589
13	0.01318	0.01240	0.02093	0.73798	0.04806	0.01550	0.01938	0.01783	0.01395	0.01783	0.01240	0.01860	0.00930	0.00698	0.00698	0.00233	0.00930	0.00620	0.00310	0.00775
14	0.01736	0.01499	0.01578	0.01420	0.01815	0.01736	0.01105	0.03708	0.69862	0.02919	0.02840	0.02604	0.02130	0.00947	0.00710	0.00237	0.00552	0.00789	0.00710	0.01105
15	0.01400	0.03610	0.71860	0.01989	0.03020	0.01621	0.02578	0.02210	0.01473	0.02210	0.01252	0.01473	0.00884	0.00663	0.00663	0.00221	0.01031	0.00516	0.00295	0.01031
16	0.01318	0.01240	0.02093	0.73798	0.04806	0.01550	0.01938	0.01783	0.01395	0.01783	0.01240	0.01860	0.00930	0.00698	0.00698	0.00233	0.00930	0.00620	0.00310	0.00775
17	0.01400	0.03610	0.71860	0.01989	0.03020	0.01621	0.02578	0.02210	0.01473	0.02210	0.01252	0.01473	0.00884	0.00663	0.00663	0.00221	0.01031	0.00516	0.00295	0.01031
18	0.00825	0.00707	0.00707	0.00707	0.00943	0.00589	0.00530	0.01001	0.01591	0.01885	0.07069	0.06716	0.70839	0.01767	0.00825	0.00236	0.00353	0.01473	0.00648	0.00589
19	0.01527	0.01527	0.02137	0.01832	0.01832	0.02137	0.01527	0.01679	0.01069	0.01679	0.00916	0.01527	0.00916	0.01221	0.02290	0.00305	0.74198	0.00611	0.00305	0.00763
20	0.03131	0.01188	0.01619	0.01242	0.01781	0.01026	0.01026	0.03401	0.01997	0.71606	0.02753	0.02375	0.01727	0.00864	0.00702	0.00216	0.00594	0.00702	0.00864	0.01188
21	0.01409	0.03542	0.69217	0.02026	0.03045	0.01626	0.05153	0.02211	0.01480	0.02211	0.01259	0.01489	0.00891	0.00660	0.00669	0.00222	0.01037	0.00528	0.00297	0.01028
22	0.01179	0.00827	0.00974	0.00949	0.01039	0.00857	0.00630	0.09368	0.01374	0.01848	0.02451	0.19069	0.02730	0.43084	0.10066	0.00583	0.00758	0.01146	0.00499	0.00569
23	0.01400	0.03610	0.71860	0.01989	0.03020	0.01621	0.02578	0.02210	0.01473	0.02210	0.01252	0.01473	0.00884	0.00663	0.00663	0.00221	0.01031	0.00516	0.00295	0.01031
24	0.80405	0.01350	0.01026	0.00918	0.01350	0.01565	0.00756	0.02051	0.01188	0.03131	0.00972	0.01134	0.00756	0.00648	0.00432	0.00216	0.00540	0.00378	0.00432	0.00756
25	0.02678	0.01108	0.01423	0.01126	0.01579	0.01005	0.00919	0.06826	0.01949	0.51661	0.02579	0.02387	0.01710	0.00850	0.00652	0.00203	0.00542	0.00686	0.19054	0.01063
26	0.01689	0.01694	0.02529	0.24832	0.44654	0.08460	0.02004	0.02096	0.01568	0.02076	0.01268	0.01722	0.01033	0.00654	0.00687	0.00212	0.00901	0.00605	0.00336	0.00978
27	0.00842	0.00713	0.00731	0.00741	0.00972	0.00602	0.00565	0.01028	0.01592	0.01897	0.06871	0.06784	0.66919	0.01777	0.00833	0.00241	0.00370	0.05284	0.00648	0.00592
28	0.00999	0.00739	0.01078	0.01078	0.01187	0.00848	0.00818	0.01218	0.01109	0.01587	0.01909	0.02963	0.01841	0.13778	0.64298	0.01067	0.01724	0.00780	0.00380	0.00599
29	0.01334	0.01256	0.02122	0.71116	0.07365	0.01555	0.01946	0.01797	0.01403	0.01802	0.01243	0.01855	0.00937	0.00695	0.00697	0.00232	0.00926	0.00620	0.00311	0.00788
30	0.01318	0.01240	0.02093	0.73798	0.04806	0.01550	0.01938	0.01783	0.01395	0.01783	0.01240	0.01860	0.00930	0.00698	0.00698	0.00233	0.00930	0.00620	0.00310	0.00775
31	0.00933	0.00676	0.00893	0.00996	0.01100	0.00635	0.00737	0.01144	0.01548	0.02076	0.19011	0.41866	0.09114	0.01939	0.00886	0.00274	0.00431	0.14464	0.00674	0.00604
32	0.00997	0.00748	0.01121	0.01121	0.01246	0.00872	0.00872	0.01246	0.01121	0.01620	0.01869	0.02741	0.01745	0.05234	0.72710	0.01121	0.01869	0.00748	0.00374	0.00623
33	0.01622	0.01773	0.03703	0.05204	0.05795	0.01689	0.56934	0.04613	0.01685	0.02275	0.01686	0.04469	0.03549	0.00696	0.00812	0.00235	0.01087	0.00863	0.00384	0.00926
34	0.01727	0.01658	0.02832	0.04283	0.71123	0.01658	0.02142	0.02142	0.01589	0.02280	0.01313	0.01727	0.01105	0.00622	0.00691	0.00207	0.00829	0.00622	0.00345	0.01105
35	0.01313	0.01231	0.02145	0.26245	0.11214	0.01317	0.13265	0.01724	0.01604	0.02192	0.20123	0.07476	0.02732	0.00979	0.00818	0.00232	0.03208	0.00917	0.00467	0.00799

[dist]
# distance from previous block
# <min> <max>
0	11

# created by:
# /st0/software/busco_prod/Augustus/scripts/msa2prfl.pl ./align_prep/119251.fa
