[name]
unknown

[dist]
# distance from previous block
# <min> <max>
15	25

[block]
# block no. 0 follows, 29 sequences, length 10
# corresponding to MSA columns:
# 30-39
name=unknown_A
#
# <colnr> <probs for GDERKNQSTAVLIFYWHMCP>
#	G	D	E	R	K	N	Q	S	T	A	V	L	I	F	Y	W	H	M	C	P
0	0.01309	0.00780	0.01006	0.00939	0.01150	0.00715	0.00709	0.01596	0.01846	0.12225	0.41018	0.12925	0.10175	0.01588	0.03322	0.00261	0.00440	0.01250	0.06015	0.00730
1	0.01553	0.01033	0.01259	0.02746	0.01462	0.01070	0.00881	0.12293	0.08955	0.09498	0.09485	0.27687	0.03259	0.07897	0.04660	0.02946	0.00616	0.01245	0.00658	0.00798
2	0.02886	0.01597	0.01878	0.01452	0.02003	0.01633	0.01195	0.33891	0.06412	0.35949	0.02297	0.02101	0.01526	0.00874	0.00715	0.00218	0.00687	0.00686	0.00793	0.01207
3	0.02003	0.38259	0.19717	0.01482	0.02179	0.02235	0.01558	0.10167	0.05115	0.09045	0.01419	0.01499	0.01092	0.00699	0.00579	0.00189	0.00810	0.00501	0.00429	0.01023
4	0.01735	0.02072	0.10494	0.02833	0.07284	0.01827	0.49923	0.07327	0.01764	0.02428	0.01419	0.01840	0.01070	0.00656	0.00867	0.00238	0.04080	0.00773	0.00379	0.00991
5	0.00997	0.00808	0.00858	0.00814	0.01064	0.00722	0.00619	0.05595	0.01809	0.02262	0.18033	0.06234	0.54309	0.01678	0.00833	0.00236	0.00385	0.01407	0.00686	0.00655
6	0.01137	0.00952	0.00896	0.00902	0.00987	0.07695	0.00577	0.01205	0.01283	0.01576	0.03251	0.14870	0.14654	0.44190	0.02445	0.00503	0.00650	0.01205	0.00499	0.00522
7	0.01763	0.01487	0.01777	0.01358	0.01931	0.01401	0.04898	0.13415	0.17574	0.02835	0.01730	0.01816	0.01343	0.00689	0.00622	0.00163	0.00618	0.00572	0.00537	0.43469
8	0.08999	0.01219	0.01527	0.01221	0.01701	0.01148	0.00994	0.05802	0.07379	0.48272	0.11568	0.02694	0.02350	0.00945	0.00711	0.00222	0.00570	0.00769	0.00813	0.01098
9	0.01621	0.01694	0.02522	0.02040	0.02244	0.06064	0.15402	0.01882	0.01286	0.01856	0.01106	0.01669	0.01006	0.01231	0.04893	0.00317	0.48226	0.00657	0.00332	0.03953

[dist]
# distance from previous block
# <min> <max>
2	11

[block]
# block no. 1 follows, 29 sequences, length 24
# corresponding to MSA columns:
# 51-74
name=unknown_B
#
# <colnr> <probs for GDERKNQSTAVLIFYWHMCP>
#	G	D	E	R	K	N	Q	S	T	A	V	L	I	F	Y	W	H	M	C	P
0	0.04677	0.01649	0.01751	0.01480	0.01941	0.01862	0.01179	0.22922	0.44220	0.06612	0.02477	0.02314	0.01821	0.00919	0.00711	0.00232	0.00631	0.00738	0.00719	0.01144
1	0.04162	0.00841	0.00946	0.00901	0.00994	0.00855	0.00574	0.06772	0.01317	0.05005	0.02363	0.11786	0.02600	0.54691	0.02833	0.00568	0.00659	0.01072	0.00501	0.00561
2	0.28433	0.01765	0.01747	0.01395	0.01913	0.01982	0.01148	0.42877	0.05966	0.03980	0.01530	0.01573	0.01113	0.00796	0.00622	0.00217	0.00695	0.00564	0.00622	0.01060
3	0.10587	0.01389	0.02186	0.49928	0.04025	0.01679	0.07298	0.04647	0.01473	0.02120	0.01239	0.01777	0.00949	0.00748	0.00829	0.00241	0.07095	0.00621	0.00351	0.00819
4	0.05737	0.02181	0.02065	0.11250	0.02533	0.17575	0.01418	0.42055	0.02707	0.03469	0.01485	0.01618	0.01093	0.00801	0.00685	0.00210	0.00907	0.00589	0.00571	0.01051
5	0.02642	0.02171	0.02071	0.01640	0.02158	0.13197	0.01325	0.55534	0.03058	0.03947	0.01632	0.01744	0.01212	0.03386	0.00801	0.00225	0.00859	0.00626	0.00648	0.01123
6	0.01396	0.01292	0.02167	0.53479	0.13609	0.01530	0.03560	0.01837	0.01451	0.01941	0.01436	0.04937	0.01178	0.00780	0.00751	0.00234	0.02628	0.00698	0.04268	0.00827
7	0.06413	0.03537	0.66830	0.01960	0.02974	0.01650	0.02513	0.02245	0.01485	0.02315	0.01260	0.01481	0.00894	0.00676	0.00662	0.00225	0.01021	0.00517	0.00310	0.01035
8	0.01477	0.01266	0.01477	0.01055	0.01687	0.00949	0.00844	0.01793	0.01477	0.02320	0.01266	0.01477	0.01055	0.00527	0.00527	0.00105	0.00527	0.00422	0.00422	0.79328
9	0.01796	0.01888	0.06261	0.04110	0.63290	0.05678	0.02162	0.02226	0.01638	0.02290	0.01323	0.01722	0.01105	0.00642	0.00700	0.00211	0.00881	0.00619	0.00351	0.01107
10	0.01018	0.00760	0.01131	0.01131	0.01253	0.00883	0.00873	0.01263	0.01140	0.01643	0.01920	0.02867	0.01810	0.07945	0.69590	0.01127	0.01862	0.00773	0.00383	0.00628
11	0.06353	0.03981	0.02542	0.03386	0.46680	0.13877	0.01843	0.02438	0.07820	0.02316	0.01411	0.01710	0.01161	0.00683	0.00674	0.00208	0.00877	0.00599	0.00393	0.01050
12	0.00865	0.00722	0.00754	0.00746	0.00976	0.00611	0.00559	0.01067	0.01678	0.02054	0.16011	0.06638	0.61366	0.01755	0.00841	0.00238	0.00357	0.01473	0.00678	0.00611
13	0.01455	0.05799	0.65950	0.02052	0.03075	0.01697	0.05764	0.02253	0.01510	0.02239	0.01277	0.01513	0.00911	0.00671	0.00678	0.00224	0.01051	0.00537	0.00304	0.01044
14	0.01030	0.00691	0.00794	0.00799	0.00805	0.00695	0.00458	0.01044	0.01050	0.01405	0.02280	0.06685	0.02618	0.69828	0.06450	0.00698	0.00734	0.01054	0.00436	0.00445
15	0.01422	0.01370	0.01915	0.01695	0.01707	0.01863	0.01383	0.01577	0.01136	0.01727	0.01456	0.13142	0.01573	0.01607	0.05603	0.00350	0.58513	0.00851	0.00370	0.00740
16	0.02099	0.01671	0.01976	0.01475	0.02076	0.01643	0.05358	0.34273	0.04455	0.03395	0.01543	0.01654	0.01166	0.00705	0.00643	0.00171	0.00696	0.00567	0.00569	0.33864
17	0.01480	0.03202	0.54215	0.02164	0.03128	0.01643	0.15301	0.02234	0.01537	0.02264	0.01309	0.01583	0.00946	0.00653	0.00700	0.00222	0.01052	0.00582	0.00319	0.05467
18	0.01882	0.72197	0.06751	0.01255	0.01884	0.02766	0.01282	0.02138	0.01449	0.01701	0.01003	0.01158	0.00913	0.00612	0.00467	0.00156	0.00775	0.00387	0.00304	0.00920
19	0.02517	0.01726	0.01908	0.01513	0.02015	0.01867	0.01229	0.49454	0.06669	0.12240	0.02148	0.09652	0.01707	0.01012	0.00735	0.00224	0.00710	0.00808	0.00728	0.01139
20	0.01477	0.01266	0.01477	0.01055	0.01687	0.00949	0.00844	0.01793	0.01477	0.02320	0.01266	0.01477	0.01055	0.00527	0.00527	0.00105	0.00527	0.00422	0.00422	0.79328
21	0.01032	0.00706	0.00856	0.00856	0.00883	0.00733	0.00530	0.01086	0.01059	0.01439	0.02171	0.04259	0.02415	0.59990	0.18372	0.00788	0.00952	0.00977	0.00421	0.00475
22	0.01491	0.01527	0.02043	0.01737	0.01861	0.06259	0.06899	0.01688	0.01297	0.01802	0.02139	0.05690	0.12344	0.01294	0.01798	0.00285	0.47860	0.00836	0.00391	0.00759
23	0.01477	0.01266	0.01477	0.01055	0.01687	0.00949	0.00844	0.01793	0.01477	0.02320	0.01266	0.01477	0.01055	0.00527	0.00527	0.00105	0.00527	0.00422	0.00422	0.79328

[dist]
# distance from previous block
# <min> <max>
0	6

[block]
# block no. 2 follows, 29 sequences, length 34
# corresponding to MSA columns:
# 81-114
name=unknown_C
#
# <colnr> <probs for GDERKNQSTAVLIFYWHMCP>
#	G	D	E	R	K	N	Q	S	T	A	V	L	I	F	Y	W	H	M	C	P
0	0.23240	0.48034	0.09686	0.01222	0.01828	0.02368	0.01236	0.02134	0.01388	0.02149	0.01019	0.01182	0.00874	0.00630	0.00474	0.00178	0.00733	0.00396	0.00341	0.00888
1	0.01865	0.69620	0.09179	0.01284	0.01929	0.02724	0.01332	0.02142	0.01451	0.01722	0.01013	0.01171	0.00913	0.00615	0.00475	0.00158	0.00785	0.00392	0.00304	0.00925
2	0.08227	0.52333	0.03110	0.01344	0.01882	0.19321	0.01221	0.02299	0.01565	0.01811	0.01017	0.01177	0.00903	0.00643	0.00500	0.00165	0.00870	0.00400	0.00330	0.00881
3	0.01486	0.01609	0.03393	0.02520	0.03077	0.01508	0.51830	0.01972	0.01605	0.02170	0.02036	0.19309	0.01950	0.00991	0.00857	0.00252	0.01012	0.01124	0.00432	0.00869
4	0.01428	0.03683	0.71286	0.02030	0.03082	0.01654	0.02631	0.02255	0.01503	0.02255	0.01278	0.01503	0.00902	0.00677	0.00677	0.00226	0.01052	0.00526	0.00301	0.01052
5	0.02598	0.01881	0.02032	0.01589	0.02133	0.02077	0.01302	0.54984	0.12918	0.08126	0.01947	0.01890	0.01384	0.00873	0.00714	0.00218	0.00741	0.00669	0.00724	0.01199
6	0.00999	0.00745	0.00943	0.00959	0.01138	0.00688	0.00756	0.01291	0.01815	0.02437	0.37857	0.08650	0.20317	0.01683	0.00877	0.00255	0.00421	0.16800	0.00721	0.00649
7	0.01007	0.00749	0.00919	0.00901	0.01057	0.00707	0.00651	0.01343	0.05170	0.02443	0.42199	0.14920	0.14437	0.08964	0.01123	0.00283	0.00397	0.01369	0.00712	0.00648
8	0.01107	0.00805	0.01091	0.01229	0.01401	0.00789	0.01061	0.01418	0.01651	0.02133	0.06545	0.07799	0.11806	0.01930	0.00962	0.00314	0.00610	0.56037	0.00661	0.00650
9	0.01346	0.01138	0.01356	0.01068	0.01555	0.00919	0.00843	0.01624	0.01466	0.02201	0.02099	0.11183	0.06202	0.00920	0.00684	0.00156	0.03177	0.03984	0.00475	0.57604
10	0.07338	0.31210	0.02660	0.01648	0.05013	0.37477	0.01311	0.02489	0.01726	0.01836	0.01061	0.01242	0.00916	0.00676	0.00560	0.00175	0.01014	0.00431	0.00347	0.00870
11	0.01757	0.04867	0.05268	0.04158	0.65327	0.01738	0.02160	0.02185	0.01610	0.02296	0.01323	0.01727	0.01111	0.00635	0.00694	0.00209	0.00849	0.00620	0.00349	0.01116
12	0.02285	0.19071	0.02665	0.01826	0.02261	0.40217	0.08885	0.04727	0.01816	0.01879	0.01120	0.01363	0.00946	0.00740	0.00774	0.00195	0.07496	0.00505	0.00359	0.00869
13	0.74835	0.01370	0.01118	0.05690	0.01609	0.01596	0.00850	0.02075	0.01226	0.03104	0.01010	0.01205	0.00783	0.00664	0.00458	0.00221	0.00577	0.00402	0.00432	0.00772
14	0.05603	0.02308	0.19293	0.10650	0.11459	0.07084	0.26269	0.02224	0.01583	0.02213	0.01303	0.01700	0.00996	0.00671	0.00789	0.00230	0.03665	0.00658	0.00343	0.00957
15	0.01986	0.02191	0.02432	0.17795	0.33322	0.25980	0.01863	0.02337	0.01717	0.02020	0.01242	0.01626	0.01018	0.00685	0.00685	0.00207	0.01019	0.00573	0.00350	0.00954
16	0.01033	0.00702	0.00837	0.00837	0.00857	0.00723	0.00506	0.01074	0.01053	0.01425	0.02189	0.04357	0.02457	0.63637	0.14782	0.00764	0.00888	0.00991	0.00423	0.00465
17	0.00867	0.00652	0.00803	0.00913	0.01015	0.00589	0.00628	0.01015	0.01464	0.01893	0.07750	0.52800	0.22874	0.02079	0.00887	0.00273	0.00395	0.01848	0.00666	0.00589
18	0.01327	0.00664	0.00664	0.00664	0.00830	0.00664	0.00498	0.01659	0.01493	0.02655	0.02323	0.02655	0.01825	0.00830	0.00498	0.00166	0.00332	0.00664	0.78928	0.00664
19	0.01024	0.00737	0.01012	0.01012	0.01093	0.00818	0.00725	0.01187	0.01105	0.01555	0.02028	0.03468	0.02071	0.30403	0.47489	0.00981	0.01469	0.00861	0.00399	0.00562
20	0.00883	0.00631	0.00845	0.01010	0.01058	0.00592	0.00689	0.01019	0.01379	0.01836	0.03916	0.70730	0.04675	0.02216	0.00913	0.00291	0.00427	0.05648	0.00661	0.00583
21	0.01477	0.01266	0.01477	0.01055	0.01687	0.00949	0.00844	0.01793	0.01477	0.02320	0.01266	0.01477	0.01055	0.00527	0.00527	0.00105	0.00527	0.00422	0.00422	0.79328
22	0.01763	0.01683	0.02817	0.04205	0.66627	0.01696	0.02125	0.02276	0.05467	0.02363	0.01428	0.01813	0.01187	0.00653	0.00706	0.00213	0.00830	0.00644	0.00374	0.01128
23	0.01105	0.01433	0.17796	0.01170	0.01546	0.00904	0.01141	0.01552	0.01875	0.02682	0.51789	0.06358	0.05269	0.01291	0.00803	0.00226	0.00510	0.01126	0.00665	0.00760
24	0.01518	0.11391	0.61866	0.01936	0.02920	0.03967	0.02440	0.02260	0.01513	0.02177	0.01241	0.01458	0.00904	0.00671	0.00652	0.00216	0.01028	0.00508	0.00303	0.01030
25	0.01691	0.02114	0.17399	0.03874	0.56225	0.01684	0.02280	0.02200	0.01596	0.02311	0.01326	0.01707	0.01080	0.00643	0.00699	0.00214	0.00890	0.00611	0.00341	0.01112
26	0.02383	0.01589	0.07848	0.01351	0.01948	0.01319	0.01187	0.14246	0.06669	0.30302	0.04038	0.02089	0.01590	0.00796	0.00671	0.00194	0.00647	0.00638	0.00677	0.19816
27	0.01791	0.01591	0.02555	0.03653	0.54055	0.01614	0.01929	0.02402	0.10192	0.05651	0.01766	0.02319	0.01485	0.00776	0.00726	0.00223	0.00786	0.04939	0.00445	0.01101
28	0.05187	0.01722	0.01817	0.01455	0.01949	0.01894	0.01184	0.46302	0.13351	0.03848	0.02632	0.02550	0.10917	0.00997	0.00722	0.00222	0.00682	0.00777	0.00697	0.01097
29	0.66072	0.01676	0.10962	0.01093	0.01606	0.01569	0.01030	0.02077	0.01258	0.03013	0.01137	0.03831	0.00931	0.00719	0.00491	0.00224	0.00617	0.00464	0.00429	0.00804
30	0.01623	0.01443	0.02288	0.08066	0.44948	0.03972	0.01737	0.01863	0.01457	0.02004	0.01369	0.02027	0.01218	0.01121	0.01209	0.19156	0.00809	0.02455	0.00349	0.00885
31	0.01591	0.01385	0.01809	0.01376	0.01930	0.01240	0.08866	0.08120	0.10831	0.02557	0.01943	0.06467	0.04125	0.00781	0.00644	0.00166	0.00622	0.00685	0.00506	0.44357
32	0.01472	0.01098	0.01265	0.01105	0.01393	0.01121	0.00859	0.19423	0.05252	0.03128	0.37223	0.08427	0.12644	0.01359	0.00805	0.00228	0.00474	0.01161	0.00740	0.00823
33	0.01774	0.01473	0.01501	0.01329	0.01698	0.06037	0.01038	0.14960	0.28290	0.04632	0.05695	0.10286	0.11016	0.01200	0.00757	0.00235	0.00606	0.03291	0.00679	0.03506

[dist]
# distance from previous block
# <min> <max>
0	1

[block]
# block no. 3 follows, 29 sequences, length 26
# corresponding to MSA columns:
# 116-141
name=unknown_D
#
# <colnr> <probs for GDERKNQSTAVLIFYWHMCP>
#	G	D	E	R	K	N	Q	S	T	A	V	L	I	F	Y	W	H	M	C	P
0	0.01521	0.01577	0.02979	0.02249	0.02739	0.01577	0.37764	0.02040	0.05243	0.02163	0.01754	0.10468	0.01582	0.01128	0.04580	0.00288	0.10532	0.00905	0.00416	0.08498
1	0.02660	0.03394	0.02018	0.01834	0.02201	0.72116	0.01376	0.02843	0.02018	0.01743	0.01101	0.01284	0.00917	0.00734	0.00642	0.00183	0.01284	0.00459	0.00367	0.00825
2	0.01305	0.01060	0.01149	0.01054	0.01352	0.01084	0.00818	0.08066	0.19957	0.02632	0.17720	0.04991	0.31150	0.01429	0.00802	0.00238	0.00459	0.03214	0.00707	0.00814
3	0.02591	0.01937	0.02071	0.01615	0.02164	0.02154	0.01325	0.60156	0.11541	0.04300	0.01857	0.01827	0.01331	0.00869	0.00714	0.00217	0.00756	0.00661	0.00714	0.01201
4	0.08669	0.01831	0.01921	0.01536	0.02054	0.02052	0.01251	0.47127	0.19290	0.04015	0.01943	0.01897	0.01411	0.00866	0.00694	0.00221	0.00711	0.00661	0.00694	0.01155
5	0.01048	0.00751	0.01022	0.01118	0.01259	0.00725	0.00902	0.01338	0.01701	0.02294	0.24477	0.20486	0.05037	0.01861	0.00924	0.00288	0.00508	0.32921	0.00697	0.00645
6	0.00950	0.00766	0.00859	0.00879	0.01096	0.00691	0.00684	0.01244	0.04366	0.02111	0.14176	0.09626	0.46116	0.01772	0.00862	0.00255	0.00415	0.11817	0.00678	0.00639
7	0.01048	0.00751	0.01004	0.01032	0.01187	0.00716	0.00818	0.01359	0.01829	0.02520	0.43036	0.09488	0.05628	0.04135	0.00984	0.00277	0.00456	0.22353	0.00724	0.00654
8	0.04822	0.19321	0.53525	0.01806	0.02735	0.01907	0.02243	0.02221	0.01479	0.02167	0.01203	0.01410	0.00899	0.00661	0.00618	0.00209	0.00968	0.00488	0.00307	0.01010
9	0.01998	0.01642	0.01738	0.01495	0.01938	0.01877	0.01182	0.19396	0.53265	0.03345	0.02610	0.02427	0.01940	0.00939	0.00722	0.00235	0.00617	0.00765	0.00722	0.01147
10	0.01506	0.09229	0.53082	0.02068	0.02974	0.01802	0.10242	0.02212	0.01492	0.02174	0.01251	0.01527	0.00926	0.00700	0.00789	0.00227	0.05920	0.00558	0.00309	0.01012
11	0.01758	0.01698	0.02914	0.04184	0.64235	0.01701	0.05775	0.02251	0.04195	0.02349	0.01404	0.01805	0.01165	0.00645	0.00713	0.00214	0.00855	0.00652	0.00367	0.01119
12	0.01416	0.01399	0.02543	0.45318	0.04126	0.01532	0.18833	0.01891	0.01491	0.01979	0.01458	0.05878	0.01199	0.00752	0.00741	0.00230	0.00950	0.00746	0.00355	0.07164
13	0.00951	0.00719	0.00872	0.00883	0.01050	0.00652	0.00660	0.01195	0.01730	0.02298	0.32926	0.14599	0.26142	0.05219	0.00995	0.00269	0.00398	0.07114	0.00702	0.00625
14	0.01744	0.01673	0.02856	0.07470	0.67581	0.01687	0.02176	0.02169	0.01612	0.02304	0.01336	0.01768	0.01120	0.00638	0.00705	0.00213	0.00851	0.00634	0.00351	0.01113
15	0.01007	0.00769	0.01159	0.01165	0.01296	0.00714	0.06183	0.01168	0.01410	0.01904	0.06731	0.53543	0.04084	0.01991	0.01020	0.05858	0.00505	0.04989	0.00607	0.03896
16	0.01734	0.01663	0.02840	0.08994	0.66129	0.01684	0.02171	0.02161	0.01608	0.02292	0.01334	0.01771	0.01116	0.00640	0.00705	0.00213	0.00853	0.00634	0.00350	0.01105
17	0.01771	0.01530	0.01610	0.01449	0.01852	0.01771	0.01127	0.03784	0.69247	0.02979	0.02898	0.02657	0.02174	0.00966	0.00725	0.00242	0.00564	0.00805	0.00725	0.01127
18	0.01477	0.01266	0.01477	0.01055	0.01687	0.00949	0.00844	0.01793	0.01477	0.02320	0.01266	0.01477	0.01055	0.00527	0.00527	0.00105	0.00527	0.00422	0.00422	0.79328
19	0.01904	0.75404	0.03731	0.01218	0.01828	0.02818	0.01218	0.02132	0.01447	0.01675	0.00990	0.01142	0.00914	0.00609	0.00457	0.00152	0.00761	0.00381	0.00305	0.00914
20	0.01428	0.03683	0.71286	0.02030	0.03082	0.01654	0.02631	0.02255	0.01503	0.02255	0.01278	0.01503	0.00902	0.00677	0.00677	0.00226	0.01052	0.00526	0.00301	0.01052
21	0.00868	0.00620	0.00826	0.00991	0.01033	0.00578	0.00661	0.00991	0.01363	0.01818	0.03925	0.74510	0.04710	0.02231	0.00909	0.00289	0.00413	0.02024	0.00661	0.00578
22	0.00868	0.00620	0.00826	0.00991	0.01033	0.00578	0.00661	0.00991	0.01363	0.01818	0.03925	0.74510	0.04710	0.02231	0.00909	0.00289	0.00413	0.02024	0.00661	0.00578
23	0.01490	0.03252	0.54883	0.02267	0.03238	0.01690	0.18601	0.02261	0.01547	0.02261	0.01318	0.01605	0.00946	0.00658	0.00717	0.00229	0.01089	0.00603	0.00315	0.01030
24	0.01594	0.00995	0.01243	0.01035	0.01384	0.00889	0.00811	0.06280	0.02001	0.15129	0.39200	0.03922	0.06472	0.01158	0.00754	0.00202	0.00449	0.00995	0.00729	0.14756
25	0.00879	0.00632	0.00837	0.00996	0.01049	0.00589	0.00678	0.01013	0.01384	0.01835	0.04026	0.69435	0.06842	0.02205	0.00910	0.00289	0.00422	0.04736	0.00661	0.00582

[dist]
# distance from previous block
# <min> <max>
0	1

[block]
# block no. 4 follows, 29 sequences, length 29
# corresponding to MSA columns:
# 143,182-193,246-261
name=unknown_E
#
# <colnr> <probs for GDERKNQSTAVLIFYWHMCP>
#	G	D	E	R	K	N	Q	S	T	A	V	L	I	F	Y	W	H	M	C	P
0	0.12781	0.39699	0.27122	0.01464	0.02205	0.02235	0.01652	0.02170	0.01433	0.02094	0.01091	0.01271	0.00889	0.00640	0.00532	0.00188	0.00834	0.00433	0.00322	0.00942
1	0.01506	0.01535	0.04551	0.27901	0.18665	0.01592	0.12482	0.01940	0.01485	0.02059	0.01399	0.04995	0.01184	0.00772	0.00865	0.00228	0.07351	0.00704	0.00356	0.08429
2	0.01327	0.00664	0.00664	0.00664	0.00830	0.00664	0.00498	0.01659	0.01493	0.02655	0.02323	0.02655	0.01825	0.00830	0.00498	0.00166	0.00332	0.00664	0.78928	0.00664
3	0.00954	0.00663	0.00794	0.00862	0.00895	0.00638	0.00534	0.01016	0.01209	0.01597	0.03258	0.33748	0.07793	0.40150	0.02321	0.00495	0.00554	0.01475	0.00541	0.00503
4	0.00952	0.00736	0.00866	0.00892	0.01058	0.00679	0.00649	0.01243	0.04829	0.02178	0.22471	0.24067	0.28672	0.04343	0.00955	0.00267	0.00398	0.03423	0.00688	0.00634
5	0.01363	0.01284	0.02168	0.70288	0.07739	0.01587	0.01987	0.01835	0.01432	0.01841	0.01269	0.01893	0.00957	0.00709	0.00712	0.00236	0.00945	0.00633	0.00318	0.00806
6	0.01642	0.01859	0.04042	0.02906	0.03595	0.01743	0.64773	0.02220	0.01666	0.02259	0.01558	0.05346	0.01252	0.00677	0.00844	0.00242	0.01163	0.00896	0.00374	0.00942
7	0.01479	0.11320	0.64093	0.01943	0.02948	0.01778	0.02480	0.02242	0.01497	0.02193	0.01247	0.01465	0.00903	0.00669	0.00653	0.00218	0.01021	0.00511	0.00301	0.01038
8	0.80005	0.01377	0.01047	0.00936	0.01377	0.01597	0.00771	0.02093	0.01212	0.03195	0.00991	0.01157	0.00771	0.00661	0.00441	0.00220	0.00551	0.00386	0.00441	0.00771
9	0.01237	0.00618	0.00928	0.00928	0.00928	0.00618	0.00618	0.00928	0.00928	0.01237	0.01237	0.02165	0.01237	0.02474	0.02783	0.79283	0.00618	0.00618	0.00309	0.00309
10	0.01237	0.00618	0.00928	0.00928	0.00928	0.00618	0.00618	0.00928	0.00928	0.01237	0.01237	0.02165	0.01237	0.02474	0.02783	0.79283	0.00618	0.00618	0.00309	0.00309
11	0.02633	0.01921	0.02068	0.01607	0.02159	0.02124	0.01320	0.59570	0.09739	0.06707	0.01865	0.01827	0.01325	0.00867	0.00714	0.00217	0.00756	0.00660	0.00720	0.01203
12	0.01017	0.00763	0.01144	0.01144	0.01272	0.00890	0.00890	0.01272	0.01144	0.01653	0.01907	0.02797	0.01780	0.05340	0.72153	0.01144	0.01907	0.00763	0.00381	0.00636
13	0.01428	0.03683	0.71286	0.02030	0.03082	0.01654	0.02631	0.02255	0.01503	0.02255	0.01278	0.01503	0.00902	0.00677	0.00677	0.00226	0.01052	0.00526	0.00301	0.01052
14	0.01036	0.00690	0.00777	0.00777	0.00777	0.00690	0.00431	0.01036	0.01036	0.01381	0.02244	0.04660	0.02589	0.74975	0.03624	0.00690	0.00690	0.01036	0.00431	0.00431
15	0.01327	0.00664	0.00664	0.00664	0.00830	0.00664	0.00498	0.01659	0.01493	0.02655	0.02323	0.02655	0.01825	0.00830	0.00498	0.00166	0.00332	0.00664	0.78928	0.00664
16	0.01138	0.00934	0.01350	0.01281	0.01372	0.01162	0.01009	0.01354	0.01126	0.01649	0.01714	0.02641	0.01644	0.08795	0.52467	0.00932	0.17658	0.00749	0.00369	0.00655
17	0.01589	0.02208	0.18213	0.02737	0.07560	0.01724	0.43813	0.02185	0.01598	0.02232	0.01489	0.05088	0.01203	0.00722	0.00868	0.00241	0.04404	0.00804	0.00358	0.00965
18	0.08895	0.01925	0.02504	0.09781	0.46439	0.14066	0.01898	0.02260	0.01637	0.02256	0.01260	0.01636	0.01043	0.00661	0.00671	0.00210	0.00906	0.00581	0.00360	0.01013
19	0.01679	0.01504	0.02342	0.10236	0.36974	0.01588	0.03666	0.08061	0.08298	0.02425	0.01712	0.02334	0.01460	0.03604	0.07878	0.00331	0.00925	0.03541	0.00436	0.01004
20	0.00905	0.00651	0.00847	0.00949	0.01025	0.00605	0.00648	0.01072	0.01505	0.02032	0.18607	0.53111	0.08037	0.05234	0.01010	0.00290	0.00406	0.01795	0.00678	0.00594
21	0.01345	0.01266	0.02136	0.73264	0.04904	0.01582	0.01978	0.01819	0.01424	0.01819	0.01266	0.01898	0.00949	0.00712	0.00712	0.00237	0.00949	0.00633	0.00316	0.00791
22	0.01681	0.01921	0.04202	0.03001	0.03721	0.01801	0.67947	0.02281	0.01681	0.02281	0.01441	0.01921	0.01080	0.00600	0.00840	0.00240	0.01200	0.00840	0.00360	0.00960
23	0.00916	0.00680	0.00835	0.00884	0.01005	0.00620	0.00618	0.01104	0.01586	0.02108	0.23770	0.33264	0.20171	0.07766	0.01092	0.00291	0.00401	0.01611	0.00678	0.00599
24	0.01558	0.01558	0.02181	0.01869	0.01869	0.02181	0.01558	0.01714	0.01091	0.01714	0.00935	0.01558	0.00935	0.01246	0.02337	0.00312	0.73672	0.00623	0.00312	0.00779
25	0.01088	0.00806	0.00995	0.01031	0.01172	0.00793	0.00737	0.05975	0.06015	0.02341	0.20231	0.44688	0.07708	0.01843	0.00863	0.00263	0.00427	0.01644	0.00699	0.00682
26	0.01459	0.08268	0.66967	0.01978	0.03002	0.01728	0.02541	0.02247	0.01500	0.02218	0.01259	0.01480	0.00903	0.00672	0.00662	0.00221	0.01034	0.00517	0.00301	0.01043
27	0.05287	0.62420	0.12764	0.01316	0.01978	0.02606	0.01390	0.02147	0.01444	0.01821	0.01029	0.01192	0.00906	0.00621	0.00486	0.00165	0.00792	0.00401	0.00310	0.00926
28	0.08647	0.30137	0.39880	0.01630	0.02463	0.02081	0.01939	0.02195	0.01456	0.02124	0.01145	0.01338	0.00895	0.00650	0.00574	0.00198	0.00899	0.00460	0.00315	0.00976

[dist]
# distance from previous block
# <min> <max>
0	1

[block]
# block no. 5 follows, 29 sequences, length 27
# corresponding to MSA columns:
# 263-289
name=unknown_F
#
# <colnr> <probs for GDERKNQSTAVLIFYWHMCP>
#	G	D	E	R	K	N	Q	S	T	A	V	L	I	F	Y	W	H	M	C	P
0	0.01740	0.01685	0.02924	0.07327	0.64258	0.01693	0.05516	0.02174	0.01616	0.02302	0.01341	0.01776	0.01118	0.00636	0.00712	0.00214	0.00868	0.00645	0.00351	0.01105
1	0.00963	0.00738	0.00891	0.00859	0.01056	0.00652	0.00638	0.01228	0.01805	0.02440	0.41120	0.12826	0.25631	0.01603	0.00834	0.00231	0.00360	0.01393	0.00718	0.04014
2	0.01110	0.00748	0.00982	0.00918	0.01100	0.00687	0.00690	0.01435	0.01992	0.06176	0.64328	0.07800	0.06398	0.01457	0.00836	0.00226	0.00352	0.01288	0.00784	0.00695
3	0.01681	0.01921	0.04202	0.03001	0.03721	0.01801	0.67947	0.02281	0.01681	0.02281	0.01441	0.01921	0.01080	0.00600	0.00840	0.00240	0.01200	0.00840	0.00360	0.00960
4	0.01438	0.03615	0.68685	0.02067	0.03107	0.01659	0.05163	0.02256	0.01510	0.02256	0.01284	0.01520	0.00909	0.00674	0.00683	0.00226	0.01058	0.00538	0.00303	0.01049
5	0.01036	0.00690	0.00777	0.00777	0.00777	0.00690	0.00431	0.01036	0.01036	0.01381	0.02244	0.04660	0.02589	0.74975	0.03624	0.00690	0.00690	0.01036	0.00431	0.00431
6	0.01059	0.00817	0.00920	0.00870	0.01086	0.00757	0.00648	0.06432	0.01840	0.02399	0.27549	0.09147	0.35525	0.06547	0.01021	0.00265	0.00410	0.01357	0.00691	0.00661
7	0.00868	0.00620	0.00826	0.00991	0.01033	0.00578	0.00661	0.00991	0.01363	0.01818	0.03925	0.74510	0.04710	0.02231	0.00909	0.00289	0.00413	0.02024	0.00661	0.00578
8	0.80005	0.01377	0.01047	0.00936	0.01377	0.01597	0.00771	0.02093	0.01212	0.03195	0.00991	0.01157	0.00771	0.00661	0.00441	0.00220	0.00551	0.00386	0.00441	0.00771
9	0.01317	0.01527	0.12454	0.05055	0.04637	0.04681	0.01244	0.01973	0.12148	0.02424	0.25737	0.03479	0.06683	0.01744	0.11396	0.00363	0.00820	0.00923	0.00570	0.00826
10	0.01019	0.00754	0.01101	0.01101	0.01214	0.00867	0.00836	0.01244	0.01132	0.01621	0.01947	0.03015	0.01875	0.13481	0.64142	0.01091	0.01765	0.00795	0.00387	0.00612
11	0.01946	0.71407	0.03636	0.01253	0.01848	0.06664	0.01227	0.02172	0.01479	0.01679	0.00996	0.01150	0.00914	0.00616	0.00467	0.00154	0.00791	0.00385	0.00308	0.00909
12	0.02404	0.03332	0.07638	0.01274	0.01880	0.01160	0.01130	0.06050	0.01880	0.37467	0.04670	0.02110	0.01621	0.00774	0.00656	0.00186	0.00624	0.00624	0.00671	0.23849
13	0.01425	0.06243	0.65226	0.01942	0.02934	0.01649	0.02480	0.02205	0.01527	0.02263	0.04705	0.01680	0.01193	0.00713	0.00676	0.00223	0.01006	0.00559	0.00325	0.01028
14	0.03195	0.01212	0.01652	0.01267	0.01818	0.01047	0.01047	0.03470	0.02038	0.71026	0.02809	0.02424	0.01763	0.00881	0.00716	0.00220	0.00606	0.00716	0.00881	0.01212
15	0.01771	0.01530	0.01610	0.01449	0.01852	0.01771	0.01127	0.03784	0.69247	0.02979	0.02898	0.02657	0.02174	0.00966	0.00725	0.00242	0.00564	0.00805	0.00725	0.01127
16	0.03048	0.04989	0.04072	0.01308	0.01880	0.01213	0.01123	0.06649	0.02058	0.61965	0.02613	0.02294	0.01664	0.00860	0.00702	0.00217	0.00637	0.00689	0.00825	0.01192
17	0.06944	0.01244	0.01684	0.01405	0.05224	0.01106	0.01090	0.03338	0.01976	0.64225	0.02645	0.02328	0.01682	0.00858	0.00702	0.00220	0.00615	0.00696	0.00833	0.01186
18	0.01014	0.00717	0.00927	0.00934	0.00997	0.00760	0.00633	0.01134	0.01138	0.01565	0.04231	0.07489	0.04288	0.39976	0.30269	0.00824	0.01136	0.00997	0.00439	0.00530
19	0.02386	0.02938	0.02058	0.01843	0.02119	0.54763	0.01421	0.02563	0.01788	0.01736	0.01059	0.01352	0.00922	0.00861	0.01063	0.00215	0.19247	0.00499	0.00353	0.00814
20	0.01653	0.01980	0.07457	0.06039	0.03742	0.01784	0.61791	0.02259	0.01661	0.02259	0.01425	0.01899	0.01066	0.00609	0.00827	0.00239	0.01182	0.00816	0.00355	0.00958
21	0.02456	0.02923	0.02074	0.02068	0.09901	0.52917	0.01437	0.05680	0.09890	0.02071	0.01364	0.01517	0.01101	0.00755	0.00662	0.00195	0.01129	0.00527	0.00422	0.00912
22	0.01078	0.00906	0.01322	0.06659	0.01591	0.00984	0.04212	0.01301	0.01483	0.02034	0.16290	0.36742	0.07688	0.01706	0.01096	0.00271	0.11915	0.01469	0.00590	0.00664
23	0.02707	0.01995	0.02137	0.01638	0.02208	0.02208	0.01353	0.68159	0.03348	0.04488	0.01710	0.01710	0.01211	0.00855	0.00712	0.00214	0.00784	0.00641	0.00712	0.01211
24	0.01863	0.68392	0.07417	0.01290	0.01899	0.02727	0.01311	0.02122	0.01435	0.01709	0.01004	0.01179	0.00914	0.00639	0.00546	0.00163	0.03771	0.00399	0.00305	0.00916
25	0.01573	0.01181	0.01218	0.01175	0.04703	0.07977	0.00850	0.05064	0.01882	0.13462	0.15810	0.04813	0.34746	0.01384	0.00788	0.00226	0.00534	0.01149	0.00676	0.00791
26	0.02731	0.01956	0.02113	0.01620	0.02189	0.02151	0.01338	0.64999	0.03284	0.07738	0.01763	0.01744	0.01238	0.00856	0.00713	0.00214	0.00775	0.00645	0.00721	0.01211

[dist]
# distance from previous block
# <min> <max>
0	8

[block]
# block no. 6 follows, 29 sequences, length 34
# corresponding to MSA columns:
# 298-331
name=unknown_G
#
# <colnr> <probs for GDERKNQSTAVLIFYWHMCP>
#	G	D	E	R	K	N	Q	S	T	A	V	L	I	F	Y	W	H	M	C	P
0	0.01887	0.66354	0.03471	0.01247	0.01831	0.02689	0.01207	0.02335	0.09753	0.01835	0.01224	0.01328	0.01068	0.00653	0.00490	0.00163	0.00737	0.00433	0.00356	0.00940
1	0.02944	0.01164	0.01591	0.01272	0.01776	0.01019	0.01059	0.03226	0.01989	0.62586	0.02927	0.03111	0.02049	0.01014	0.00749	0.00234	0.00612	0.08682	0.00854	0.01144
2	0.02446	0.01851	0.02144	0.01931	0.10498	0.02031	0.01415	0.54314	0.02947	0.03979	0.01681	0.01810	0.01250	0.01214	0.06866	0.00294	0.00888	0.00651	0.00640	0.01151
3	0.01650	0.02137	0.12420	0.02882	0.03643	0.01783	0.59946	0.02278	0.01659	0.02278	0.01421	0.01870	0.01059	0.00610	0.00820	0.00238	0.01182	0.00802	0.00353	0.00972
4	0.01345	0.01266	0.02136	0.73264	0.04904	0.01582	0.01978	0.01819	0.01424	0.01819	0.01266	0.01898	0.00949	0.00712	0.00712	0.00237	0.00949	0.00633	0.00316	0.00791
5	0.01017	0.00763	0.01144	0.01144	0.01272	0.00890	0.00890	0.01272	0.01144	0.01653	0.01907	0.02797	0.01780	0.05340	0.72153	0.01144	0.01907	0.00763	0.00381	0.00636
6	0.01558	0.01558	0.02181	0.01869	0.01869	0.02181	0.01558	0.01714	0.01091	0.01714	0.00935	0.01558	0.00935	0.01246	0.02337	0.00312	0.73672	0.00623	0.00312	0.00779
7	0.03016	0.01392	0.01756	0.01343	0.01902	0.01308	0.01109	0.18157	0.02315	0.53159	0.02498	0.02224	0.01609	0.00861	0.00708	0.00214	0.00643	0.00687	0.00825	0.04274
8	0.01558	0.01558	0.02181	0.01869	0.01869	0.02181	0.01558	0.01714	0.01091	0.01714	0.00935	0.01558	0.00935	0.01246	0.02337	0.00312	0.73672	0.00623	0.00312	0.00779
9	0.01313	0.01360	0.02580	0.01953	0.02419	0.01272	0.35174	0.01722	0.01669	0.02195	0.10599	0.06085	0.23880	0.01145	0.00889	0.00242	0.03066	0.01129	0.00509	0.00798
10	0.01020	0.00751	0.01083	0.01083	0.01188	0.00857	0.00813	0.01232	0.01126	0.01607	0.01964	0.03110	0.01916	0.17039	0.60641	0.01068	0.01703	0.00809	0.00390	0.00601
11	0.01752	0.01518	0.01634	0.04657	0.01988	0.01763	0.01165	0.03696	0.66217	0.02927	0.02825	0.02623	0.02119	0.00955	0.00724	0.00241	0.00581	0.00797	0.00706	0.01112
12	0.02660	0.03394	0.02018	0.01834	0.02201	0.72116	0.01376	0.02843	0.02018	0.01743	0.01101	0.01284	0.00917	0.00734	0.00642	0.00183	0.01284	0.00459	0.00367	0.00825
13	0.80005	0.01377	0.01047	0.00936	0.01377	0.01597	0.00771	0.02093	0.01212	0.03195	0.00991	0.01157	0.00771	0.00661	0.00441	0.00220	0.00551	0.00386	0.00441	0.00771
14	0.01771	0.01530	0.01610	0.01449	0.01852	0.01771	0.01127	0.03784	0.69247	0.02979	0.02898	0.02657	0.02174	0.00966	0.00725	0.00242	0.00564	0.00805	0.00725	0.01127
15	0.01396	0.01153	0.01377	0.01312	0.01601	0.01245	0.02993	0.02499	0.33525	0.02568	0.10414	0.10601	0.08395	0.01412	0.00825	0.00264	0.00553	0.16296	0.00693	0.00878
16	0.01327	0.00664	0.00664	0.00664	0.00830	0.00664	0.00498	0.01659	0.01493	0.02655	0.02323	0.02655	0.01825	0.00830	0.00498	0.00166	0.00332	0.00664	0.78928	0.00664
17	0.01904	0.75404	0.03731	0.01218	0.01828	0.02818	0.01218	0.02132	0.01447	0.01675	0.00990	0.01142	0.00914	0.00609	0.00457	0.00152	0.00761	0.00381	0.00305	0.00914
18	0.00868	0.00620	0.00826	0.00991	0.01033	0.00578	0.00661	0.00991	0.01363	0.01818	0.03925	0.74510	0.04710	0.02231	0.00909	0.00289	0.00413	0.02024	0.00661	0.00578
19	0.01771	0.01530	0.01610	0.01449	0.01852	0.01771	0.01127	0.03784	0.69247	0.02979	0.02898	0.02657	0.02174	0.00966	0.00725	0.00242	0.00564	0.00805	0.00725	0.01127
20	0.20174	0.06166	0.01820	0.01551	0.01943	0.48155	0.01194	0.02606	0.03886	0.02115	0.01335	0.01481	0.03285	0.00755	0.00597	0.00194	0.01038	0.00485	0.00402	0.00819
21	0.01700	0.02424	0.25841	0.06252	0.05174	0.01776	0.25405	0.09381	0.10059	0.02567	0.01581	0.01844	0.01163	0.00704	0.00747	0.00232	0.01005	0.00693	0.00420	0.01034
22	0.01499	0.01321	0.01678	0.01291	0.04236	0.01057	0.04066	0.01827	0.01478	0.02298	0.01265	0.01510	0.01054	0.00559	0.00609	0.00122	0.03029	0.00456	0.00413	0.70230
23	0.01345	0.01266	0.02136	0.73264	0.04904	0.01582	0.01978	0.01819	0.01424	0.01819	0.01266	0.01898	0.00949	0.00712	0.00712	0.00237	0.00949	0.00633	0.00316	0.00791
24	0.01606	0.03199	0.54741	0.02133	0.03092	0.01632	0.13413	0.02353	0.01574	0.07539	0.01423	0.01644	0.00998	0.00680	0.00707	0.00228	0.01043	0.00593	0.00355	0.01049
25	0.01597	0.01347	0.01460	0.01323	0.01672	0.01520	0.01023	0.03227	0.53915	0.02951	0.18237	0.03264	0.03210	0.01078	0.00751	0.00238	0.00512	0.00915	0.00738	0.01023
26	0.01428	0.03683	0.71286	0.02030	0.03082	0.01654	0.02631	0.02255	0.01503	0.02255	0.01278	0.01503	0.00902	0.00677	0.00677	0.00226	0.01052	0.00526	0.00301	0.01052
27	0.01008	0.00728	0.00952	0.00896	0.01064	0.00672	0.00672	0.01344	0.02016	0.02855	0.70158	0.05319	0.06719	0.01456	0.00840	0.00224	0.00336	0.01288	0.00784	0.00672
28	0.01345	0.01266	0.02136	0.73264	0.04904	0.01582	0.01978	0.01819	0.01424	0.01819	0.01266	0.01898	0.00949	0.00712	0.00712	0.00237	0.00949	0.00633	0.00316	0.00791
29	0.01035	0.00693	0.00791	0.00791	0.00796	0.00698	0.00450	0.01045	0.01040	0.01391	0.02230	0.04586	0.02557	0.72211	0.06345	0.00708	0.00739	0.01025	0.00429	0.00440
30	0.01008	0.00728	0.00952	0.00896	0.01064	0.00672	0.00672	0.01344	0.02016	0.02855	0.70158	0.05319	0.06719	0.01456	0.00840	0.00224	0.00336	0.01288	0.00784	0.00672
31	0.01327	0.00664	0.00664	0.00664	0.00830	0.00664	0.00498	0.01659	0.01493	0.02655	0.02323	0.02655	0.01825	0.00830	0.00498	0.00166	0.00332	0.00664	0.78928	0.00664
32	0.02818	0.01816	0.02026	0.01554	0.02119	0.01943	0.01283	0.53406	0.03049	0.19662	0.01960	0.01872	0.01337	0.00861	0.00713	0.00215	0.00743	0.00658	0.00751	0.01211
33	0.01448	0.06654	0.68488	0.01996	0.03030	0.01702	0.02572	0.02250	0.01501	0.02231	0.01266	0.01488	0.00903	0.00674	0.00667	0.00222	0.01040	0.00520	0.00301	0.01047

[dist]
# distance from previous block
# <min> <max>
0	1

[block]
# block no. 7 follows, 29 sequences, length 52
# corresponding to MSA columns:
# 333-384
name=unknown_H
#
# <colnr> <probs for GDERKNQSTAVLIFYWHMCP>
#	G	D	E	R	K	N	Q	S	T	A	V	L	I	F	Y	W	H	M	C	P
0	0.11714	0.01347	0.01471	0.01133	0.01697	0.01216	0.00906	0.04367	0.13057	0.04909	0.01574	0.01675	0.01237	0.00642	0.00562	0.00151	0.00547	0.00499	0.00501	0.50796
1	0.01346	0.01265	0.02109	0.64204	0.09373	0.01534	0.01911	0.01800	0.01449	0.01862	0.01610	0.02171	0.04910	0.00769	0.00719	0.00236	0.00908	0.00683	0.00339	0.00804
2	0.03041	0.01246	0.01648	0.01287	0.01821	0.01125	0.01055	0.03504	0.09300	0.63674	0.02819	0.02449	0.01807	0.00890	0.00717	0.00223	0.00601	0.00726	0.00864	0.01203
3	0.01183	0.00864	0.01170	0.01310	0.01487	0.00880	0.01130	0.01624	0.06464	0.02181	0.03713	0.09887	0.03981	0.01904	0.00962	0.00320	0.00641	0.58951	0.00661	0.00687
4	0.00860	0.00722	0.00746	0.00740	0.00973	0.00609	0.00555	0.01057	0.01665	0.02024	0.14009	0.06687	0.63386	0.01766	0.00841	0.00239	0.00358	0.01480	0.00674	0.00609
5	0.02441	0.02015	0.01977	0.01607	0.02108	0.09593	0.01293	0.43218	0.21556	0.03773	0.01975	0.01928	0.01448	0.00873	0.00708	0.00218	0.00776	0.00667	0.00679	0.01146
6	0.02707	0.01995	0.02137	0.01638	0.02208	0.02208	0.01353	0.68159	0.03348	0.04488	0.01710	0.01710	0.01211	0.00855	0.00712	0.00214	0.00784	0.00641	0.00712	0.01211
7	0.00850	0.00717	0.00727	0.00732	0.00957	0.00604	0.00541	0.01021	0.01593	0.01900	0.06925	0.08954	0.65644	0.04507	0.00946	0.00259	0.00374	0.01502	0.00653	0.00594
8	0.01771	0.01530	0.01610	0.01449	0.01852	0.01771	0.01127	0.03784	0.69247	0.02979	0.02898	0.02657	0.02174	0.00966	0.00725	0.00242	0.00564	0.00805	0.00725	0.01127
9	0.01428	0.03683	0.71286	0.02030	0.03082	0.01654	0.02631	0.02255	0.01503	0.02255	0.01278	0.01503	0.00902	0.00677	0.00677	0.00226	0.01052	0.00526	0.00301	0.01052
10	0.00862	0.00640	0.00806	0.00938	0.01019	0.00583	0.00637	0.00997	0.01414	0.01839	0.04570	0.61225	0.17578	0.02147	0.00896	0.00280	0.00403	0.01922	0.00661	0.00583
11	0.02770	0.01894	0.02075	0.01591	0.02158	0.02059	0.01314	0.59851	0.03180	0.13033	0.01851	0.01801	0.01282	0.00858	0.00713	0.00215	0.00761	0.00651	0.00734	0.01211
12	0.01771	0.01530	0.01610	0.01449	0.01852	0.01771	0.01127	0.03784	0.69247	0.02979	0.02898	0.02657	0.02174	0.00966	0.00725	0.00242	0.00564	0.00805	0.00725	0.01127
13	0.01327	0.00664	0.00664	0.00664	0.00830	0.00664	0.00498	0.01659	0.01493	0.02655	0.02323	0.02655	0.01825	0.00830	0.00498	0.00166	0.00332	0.00664	0.78928	0.00664
14	0.01762	0.01692	0.02890	0.04371	0.70533	0.01692	0.02185	0.02185	0.01621	0.02326	0.01339	0.01762	0.01128	0.00634	0.00705	0.00211	0.00846	0.00634	0.00352	0.01128
15	0.01017	0.00763	0.01144	0.01144	0.01272	0.00890	0.00890	0.01272	0.01144	0.01653	0.01907	0.02797	0.01780	0.05340	0.72153	0.01144	0.01907	0.00763	0.00381	0.00636
16	0.03195	0.01212	0.01652	0.01267	0.01818	0.01047	0.01047	0.03470	0.02038	0.71026	0.02809	0.02424	0.01763	0.00881	0.00716	0.00220	0.00606	0.00716	0.00881	0.01212
17	0.00881	0.00630	0.00838	0.00983	0.01036	0.00587	0.00662	0.01024	0.01424	0.01914	0.10061	0.68100	0.04896	0.02159	0.00902	0.00283	0.00406	0.01956	0.00672	0.00587
18	0.01771	0.01530	0.01610	0.01449	0.01852	0.01771	0.01127	0.03784	0.69247	0.02979	0.02898	0.02657	0.02174	0.00966	0.00725	0.00242	0.00564	0.00805	0.00725	0.01127
19	0.00960	0.00723	0.00871	0.00835	0.01014	0.00652	0.00617	0.01226	0.01832	0.02477	0.46715	0.05736	0.25519	0.06475	0.01027	0.00260	0.00367	0.01335	0.00723	0.00635
20	0.01643	0.01827	0.03758	0.06353	0.03470	0.01854	0.53482	0.02162	0.01569	0.02162	0.01347	0.01859	0.01049	0.00714	0.01085	0.00252	0.13349	0.00793	0.00350	0.00921
21	0.04365	0.00962	0.00994	0.00897	0.01153	0.01017	0.00698	0.12135	0.06653	0.02996	0.06959	0.02641	0.02059	0.00881	0.00569	0.00185	0.00427	0.00704	0.52920	0.00786
22	0.01477	0.01266	0.01477	0.01055	0.01687	0.00949	0.00844	0.01793	0.01477	0.02320	0.01266	0.01477	0.01055	0.00527	0.00527	0.00105	0.00527	0.00422	0.00422	0.79328
23	0.01556	0.01285	0.01451	0.01402	0.01722	0.01444	0.01134	0.02989	0.45970	0.02687	0.03198	0.04507	0.02836	0.01311	0.00814	0.00271	0.00595	0.23162	0.00701	0.00965
24	0.00868	0.00620	0.00826	0.00991	0.01033	0.00578	0.00661	0.00991	0.01363	0.01818	0.03925	0.74510	0.04710	0.02231	0.00909	0.00289	0.00413	0.02024	0.00661	0.00578
25	0.01327	0.00664	0.00664	0.00664	0.00830	0.00664	0.00498	0.01659	0.01493	0.02655	0.02323	0.02655	0.01825	0.00830	0.00498	0.00166	0.00332	0.00664	0.78928	0.00664
26	0.01865	0.01658	0.02802	0.04149	0.65620	0.01646	0.02104	0.02277	0.01651	0.07239	0.01444	0.01810	0.01173	0.00652	0.00706	0.00212	0.00829	0.00640	0.00390	0.01134
27	0.01558	0.01558	0.02181	0.01869	0.01869	0.02181	0.01558	0.01714	0.01091	0.01714	0.00935	0.01558	0.00935	0.01246	0.02337	0.00312	0.73672	0.00623	0.00312	0.00779
28	0.01440	0.01222	0.01439	0.01066	0.01655	0.00931	0.00853	0.01751	0.01481	0.02294	0.01479	0.04204	0.01328	0.00656	0.00563	0.00123	0.00530	0.03767	0.00442	0.72779
29	0.01039	0.00691	0.00930	0.01040	0.01107	0.00670	0.00717	0.01159	0.01377	0.05738	0.03656	0.65170	0.04280	0.02123	0.01015	0.02840	0.03337	0.01849	0.00648	0.00614
30	0.01036	0.00690	0.00777	0.00777	0.00777	0.00690	0.00431	0.01036	0.01036	0.01381	0.02244	0.04660	0.02589	0.74975	0.03624	0.00690	0.00690	0.01036	0.00431	0.00431
31	0.01647	0.01960	0.07171	0.02716	0.03351	0.04179	0.53775	0.02185	0.01623	0.02194	0.01526	0.05988	0.01262	0.00748	0.00936	0.00245	0.06333	0.00863	0.00371	0.00926
32	0.04143	0.02855	0.50475	0.01745	0.02559	0.01413	0.02086	0.02147	0.01519	0.08584	0.01861	0.14004	0.01625	0.00960	0.00712	0.00236	0.00885	0.00794	0.00421	0.00977
33	0.01428	0.03683	0.71286	0.02030	0.03082	0.01654	0.02631	0.02255	0.01503	0.02255	0.01278	0.01503	0.00902	0.00677	0.00677	0.00226	0.01052	0.00526	0.00301	0.01052
34	0.01365	0.01284	0.02123	0.54278	0.15681	0.01503	0.01869	0.01802	0.01477	0.01916	0.01873	0.02371	0.07914	0.00808	0.00724	0.00233	0.00873	0.00720	0.00357	0.00829
35	0.01519	0.01291	0.01499	0.01075	0.01706	0.00993	0.00861	0.04094	0.01541	0.02395	0.01281	0.01485	0.01060	0.00539	0.00534	0.00109	0.00536	0.00429	0.00432	0.76620
36	0.01002	0.00728	0.00943	0.00889	0.01060	0.00669	0.00667	0.01332	0.02001	0.02821	0.67827	0.05376	0.09071	0.01469	0.00840	0.00225	0.00337	0.01296	0.00779	0.00669
37	0.01541	0.00922	0.01216	0.03488	0.01323	0.00976	0.00814	0.14723	0.01440	0.01922	0.01335	0.02062	0.01222	0.02083	0.02290	0.60455	0.00663	0.00624	0.00392	0.00510
38	0.01526	0.01528	0.02286	0.01917	0.01993	0.02043	0.07656	0.01731	0.01149	0.01761	0.01059	0.01690	0.01016	0.01513	0.07759	0.00371	0.61241	0.00654	0.00322	0.00784
39	0.01909	0.01489	0.01557	0.01379	0.01786	0.04097	0.01077	0.03481	0.52612	0.11591	0.03179	0.02925	0.07707	0.01016	0.00730	0.00237	0.00578	0.00839	0.00727	0.01084
40	0.00842	0.00721	0.00721	0.00721	0.00962	0.00601	0.00541	0.01022	0.01623	0.01924	0.07213	0.06853	0.70244	0.01803	0.00842	0.00240	0.00361	0.01503	0.00661	0.00601
41	0.02197	0.14453	0.02345	0.01746	0.02038	0.39271	0.01407	0.02379	0.01639	0.01723	0.01031	0.01346	0.00922	0.00872	0.01137	0.00218	0.23614	0.00497	0.00340	0.00825
42	0.01327	0.00664	0.00664	0.00664	0.00830	0.00664	0.00498	0.01659	0.01493	0.02655	0.02323	0.02655	0.01825	0.00830	0.00498	0.00166	0.00332	0.00664	0.78928	0.00664
43	0.02660	0.03394	0.02018	0.01834	0.02201	0.72116	0.01376	0.02843	0.02018	0.01743	0.01101	0.01284	0.00917	0.00734	0.00642	0.00183	0.01284	0.00459	0.00367	0.00825
44	0.01498	0.01099	0.04822	0.01349	0.06909	0.00918	0.00997	0.01877	0.04122	0.13665	0.27566	0.14205	0.05625	0.01292	0.00782	0.00225	0.00507	0.03472	0.00678	0.08390
45	0.00863	0.00637	0.00808	0.00946	0.01021	0.00582	0.00641	0.00997	0.01408	0.01836	0.04484	0.62994	0.15864	0.02158	0.00897	0.00281	0.00404	0.01936	0.00661	0.00582
46	0.01501	0.01295	0.01512	0.01113	0.01706	0.01053	0.00890	0.01932	0.06308	0.02345	0.01370	0.01564	0.01130	0.00585	0.00608	0.00123	0.03218	0.00457	0.00439	0.70849
47	0.01711	0.05378	0.02664	0.03554	0.51431	0.05640	0.04231	0.02096	0.01665	0.02289	0.07944	0.04933	0.01776	0.00779	0.00715	0.00212	0.00814	0.00736	0.00404	0.01029
48	0.01823	0.53437	0.17455	0.01608	0.06678	0.02485	0.01576	0.04290	0.01531	0.01928	0.01095	0.01276	0.00935	0.00633	0.00527	0.00173	0.00827	0.00436	0.00320	0.00966
