[name]
unknown

[dist]
# distance from previous block
# <min> <max>
0	4

[block]
# block no. 0 follows, 30 sequences, length 7
# corresponding to MSA columns:
# 4-10
name=unknown_A
#
# <colnr> <probs for GDERKNQSTAVLIFYWHMCP>
#	G	D	E	R	K	N	Q	S	T	A	V	L	I	F	Y	W	H	M	C	P
0	0.01376	0.01017	0.04546	0.01425	0.08564	0.00878	0.01049	0.01710	0.01783	0.11254	0.31661	0.10463	0.04414	0.01406	0.00823	0.00245	0.00522	0.15408	0.00678	0.00779
1	0.01613	0.00954	0.01288	0.01292	0.06153	0.00908	0.00930	0.02046	0.07272	0.19085	0.31678	0.10494	0.04259	0.01315	0.00796	0.00235	0.00483	0.07624	0.00734	0.00842
2	0.00908	0.00645	0.00853	0.00980	0.01043	0.00611	0.00683	0.01063	0.01406	0.01886	0.10620	0.54786	0.04587	0.07932	0.01104	0.00312	0.00445	0.08920	0.00642	0.00573
3	0.46749	0.01319	0.01408	0.01158	0.01585	0.01417	0.06309	0.06074	0.01463	0.14477	0.01499	0.01853	0.01186	0.09792	0.00904	0.00273	0.00631	0.00561	0.00513	0.00828
4	0.01982	0.01393	0.01576	0.01293	0.01645	0.01518	0.01031	0.33715	0.02332	0.06672	0.08050	0.07316	0.02074	0.06150	0.01015	0.00246	0.06591	0.00802	0.11362	0.03236
5	0.01133	0.00821	0.01097	0.01075	0.01221	0.00805	0.04310	0.07391	0.01585	0.02202	0.10142	0.43915	0.03852	0.07714	0.01037	0.00287	0.00486	0.01506	0.08772	0.00650
6	0.09967	0.01472	0.02134	0.05576	0.08539	0.04618	0.14422	0.06163	0.04063	0.06049	0.03662	0.09838	0.01817	0.01024	0.00943	0.00244	0.10723	0.05335	0.02553	0.00858

[dist]
# distance from previous block
# <min> <max>
0	1

[block]
# block no. 1 follows, 30 sequences, length 6
# corresponding to MSA columns:
# 12-17
name=unknown_B
#
# <colnr> <probs for GDERKNQSTAVLIFYWHMCP>
#	G	D	E	R	K	N	Q	S	T	A	V	L	I	F	Y	W	H	M	C	P
0	0.01454	0.01266	0.01407	0.01200	0.01512	0.06343	0.03771	0.08749	0.06410	0.02319	0.08652	0.10902	0.11456	0.09043	0.01103	0.00257	0.04843	0.00950	0.03139	0.15223
1	0.01745	0.01535	0.02076	0.01739	0.06377	0.04707	0.13138	0.18804	0.02003	0.02748	0.06555	0.12146	0.01961	0.00924	0.00707	0.00197	0.00724	0.00834	0.00526	0.20555
2	0.01698	0.01335	0.01663	0.05152	0.01867	0.01373	0.05261	0.24526	0.02055	0.02823	0.06549	0.06295	0.06883	0.09606	0.03053	0.00282	0.02718	0.00823	0.02726	0.13312
3	0.01568	0.01202	0.01477	0.01179	0.01588	0.01131	0.04554	0.14032	0.01842	0.06866	0.05734	0.05637	0.18979	0.06219	0.00956	0.00228	0.03327	0.00892	0.00568	0.22022
4	0.01412	0.01182	0.01588	0.01326	0.01662	0.01171	0.08059	0.10908	0.06025	0.02331	0.02640	0.19968	0.08352	0.06389	0.04061	0.00288	0.04685	0.01047	0.00536	0.16372
5	0.01599	0.01278	0.01485	0.04188	0.01712	0.04042	0.01002	0.11464	0.01707	0.06756	0.02437	0.08783	0.10895	0.01459	0.08006	0.00290	0.08481	0.00807	0.00514	0.23095

[dist]
# distance from previous block
# <min> <max>
11	34

[block]
# block no. 2 follows, 30 sequences, length 12
# corresponding to MSA columns:
# 52-63
name=unknown_C
#
# <colnr> <probs for GDERKNQSTAVLIFYWHMCP>
#	G	D	E	R	K	N	Q	S	T	A	V	L	I	F	Y	W	H	M	C	P
0	0.07472	0.11335	0.01291	0.00956	0.01196	0.02689	0.00737	0.01483	0.01496	0.06549	0.10486	0.26778	0.15432	0.04873	0.00861	0.00251	0.00488	0.01249	0.03694	0.00684
1	0.01717	0.01461	0.01769	0.13317	0.02379	0.01679	0.04033	0.03320	0.53219	0.05353	0.02516	0.02443	0.01874	0.00888	0.00712	0.00235	0.00642	0.00759	0.00636	0.01047
2	0.01474	0.01342	0.02120	0.58506	0.09709	0.01615	0.01858	0.06858	0.05757	0.02085	0.01376	0.01882	0.01037	0.00717	0.00698	0.00229	0.00887	0.00631	0.00366	0.00852
3	0.01318	0.01240	0.02093	0.73798	0.04806	0.01550	0.01938	0.01783	0.01395	0.01783	0.01240	0.01860	0.00930	0.00698	0.00698	0.00233	0.00930	0.00620	0.00310	0.00775
4	0.01592	0.01550	0.07724	0.44112	0.20107	0.01571	0.01953	0.04621	0.01560	0.06582	0.01374	0.01825	0.01030	0.00693	0.00694	0.00224	0.00886	0.00618	0.00368	0.00917
5	0.02510	0.01291	0.01570	0.01255	0.01727	0.01258	0.01019	0.15444	0.10181	0.39459	0.07411	0.02882	0.08796	0.00994	0.00722	0.00219	0.00581	0.00811	0.00787	0.01084
6	0.01004	0.00797	0.00910	0.00924	0.01114	0.00765	0.00684	0.01438	0.10800	0.02148	0.16150	0.21243	0.29886	0.04272	0.00926	0.00264	0.00415	0.04931	0.00668	0.00662
7	0.09169	0.00764	0.00822	0.00823	0.01025	0.00715	0.00612	0.01197	0.01586	0.02206	0.21169	0.14281	0.34761	0.04807	0.00913	0.00257	0.00396	0.03237	0.00645	0.00615
8	0.01094	0.00753	0.00844	0.00826	0.00876	0.00756	0.00501	0.05220	0.01210	0.01602	0.02548	0.09554	0.06296	0.61601	0.03036	0.00596	0.00645	0.01085	0.00468	0.00490
9	0.47002	0.01457	0.01339	0.01146	0.01596	0.01649	0.00931	0.12051	0.16214	0.08117	0.01598	0.01613	0.01180	0.00754	0.00548	0.00219	0.00579	0.00524	0.00560	0.00923
10	0.02406	0.01672	0.01860	0.01427	0.01983	0.01729	0.01168	0.41370	0.07975	0.13052	0.01828	0.01799	0.01304	0.00786	0.00663	0.00191	0.00677	0.00608	0.00665	0.16837
11	0.02132	0.01606	0.01723	0.01423	0.01858	0.01784	0.01138	0.39523	0.21270	0.03615	0.02238	0.08595	0.01802	0.00987	0.00702	0.00220	0.00641	0.00796	0.06881	0.01066

[dist]
# distance from previous block
# <min> <max>
16	29

[block]
# block no. 3 follows, 30 sequences, length 38
# corresponding to MSA columns:
# 95-132
name=unknown_D
#
# <colnr> <probs for GDERKNQSTAVLIFYWHMCP>
#	G	D	E	R	K	N	Q	S	T	A	V	L	I	F	Y	W	H	M	C	P
0	0.01648	0.03933	0.07540	0.02273	0.12895	0.01379	0.24875	0.02073	0.01624	0.10355	0.06580	0.12856	0.02025	0.00920	0.00757	0.00223	0.00819	0.00918	0.00481	0.05825
1	0.01516	0.12002	0.25464	0.01986	0.06576	0.01582	0.17682	0.02026	0.01558	0.05331	0.04492	0.07080	0.07906	0.00874	0.00712	0.00219	0.00867	0.00798	0.00411	0.00918
2	0.01692	0.53291	0.19597	0.01354	0.02014	0.02338	0.01472	0.02048	0.01427	0.01794	0.02946	0.01472	0.01120	0.04114	0.00653	0.00193	0.00799	0.00460	0.00316	0.00899
3	0.01406	0.09043	0.36045	0.01847	0.04494	0.01523	0.10131	0.02030	0.03706	0.02205	0.07725	0.07385	0.01867	0.00883	0.00704	0.00221	0.00860	0.03666	0.00404	0.03856
4	0.01020	0.06056	0.01093	0.00986	0.01128	0.00806	0.00702	0.01240	0.03850	0.01914	0.09561	0.50893	0.04058	0.06588	0.00992	0.00279	0.00453	0.01585	0.00605	0.06190
5	0.01577	0.14780	0.25016	0.02278	0.03043	0.01842	0.34205	0.02156	0.01543	0.02111	0.01379	0.04347	0.01109	0.00672	0.00713	0.00218	0.01030	0.00695	0.00337	0.00948
6	0.01542	0.04781	0.16055	0.05142	0.07811	0.01667	0.41966	0.02105	0.01570	0.02160	0.01544	0.07470	0.01297	0.00733	0.00772	0.00231	0.01042	0.00821	0.00361	0.00932
7	0.01508	0.16100	0.52529	0.01953	0.02873	0.01836	0.09516	0.02192	0.01482	0.02113	0.01220	0.01456	0.00905	0.00643	0.00643	0.00210	0.00997	0.00524	0.00302	0.00998
8	0.01400	0.03610	0.71860	0.01989	0.03020	0.01621	0.02578	0.02210	0.01473	0.02210	0.01252	0.01473	0.00884	0.00663	0.00663	0.00221	0.01031	0.00516	0.00295	0.01031
9	0.05051	0.51347	0.15710	0.01368	0.02013	0.05370	0.01427	0.02254	0.06313	0.01900	0.01159	0.01296	0.00976	0.00641	0.00512	0.00173	0.00797	0.00432	0.00335	0.00926
10	0.01374	0.01287	0.02046	0.61413	0.04294	0.01612	0.01827	0.01962	0.08008	0.01885	0.01371	0.01908	0.01045	0.00761	0.00818	0.00238	0.06359	0.00636	0.00348	0.00806
11	0.01368	0.01154	0.01098	0.01050	0.01260	0.11648	0.00774	0.03614	0.01770	0.06794	0.24510	0.20097	0.16428	0.04147	0.00895	0.00246	0.00535	0.01272	0.00649	0.00691
12	0.00981	0.00716	0.00924	0.00880	0.01050	0.00659	0.00666	0.01299	0.01935	0.02708	0.63822	0.05415	0.11065	0.01469	0.00828	0.00224	0.00342	0.03609	0.00755	0.00653
13	0.01794	0.04805	0.02687	0.13188	0.02869	0.14924	0.20852	0.06431	0.01626	0.02043	0.01369	0.01776	0.03001	0.00832	0.01097	0.00236	0.18591	0.00661	0.00365	0.00853
14	0.00854	0.00619	0.00808	0.00949	0.01009	0.00572	0.00640	0.00988	0.01380	0.01831	0.06839	0.67350	0.09334	0.02125	0.00883	0.00277	0.00398	0.01918	0.00653	0.00572
15	0.01015	0.00677	0.00761	0.00761	0.00761	0.00677	0.00423	0.01015	0.01015	0.01353	0.02199	0.04567	0.02537	0.75476	0.03552	0.00677	0.00677	0.01015	0.00423	0.00423
16	0.01587	0.02302	0.20563	0.02710	0.03495	0.01730	0.52564	0.02229	0.01605	0.02229	0.01373	0.01783	0.01016	0.00606	0.00785	0.00232	0.01141	0.00749	0.00339	0.00963
17	0.01469	0.11959	0.48266	0.02162	0.13088	0.01696	0.02209	0.02103	0.01485	0.02127	0.01534	0.03561	0.03907	0.00733	0.00653	0.00212	0.00922	0.00591	0.00326	0.00996
18	0.01844	0.01475	0.01581	0.01406	0.01812	0.01681	0.01098	0.03684	0.64614	0.08230	0.02833	0.02586	0.02099	0.00940	0.00709	0.00235	0.00555	0.00782	0.00722	0.01111
19	0.02653	0.01955	0.02094	0.01606	0.02164	0.02164	0.01326	0.68796	0.03281	0.04398	0.01675	0.01675	0.01187	0.00838	0.00698	0.00209	0.00768	0.00628	0.00698	0.01187
20	0.01428	0.01196	0.01400	0.01050	0.01600	0.00940	0.00827	0.04483	0.01511	0.02306	0.01563	0.10056	0.01459	0.00725	0.00568	0.00129	0.00514	0.00606	0.00453	0.67186
21	0.02653	0.01955	0.02094	0.01606	0.02164	0.02164	0.01326	0.68796	0.03281	0.04398	0.01675	0.01675	0.01187	0.00838	0.00698	0.00209	0.00768	0.00628	0.00698	0.01187
22	0.00988	0.00713	0.00933	0.00878	0.01043	0.00658	0.00658	0.01317	0.01975	0.02798	0.70754	0.05213	0.06584	0.01427	0.00823	0.00219	0.00329	0.01262	0.00768	0.00658
23	0.00988	0.00713	0.00933	0.00878	0.01043	0.00658	0.00658	0.01317	0.01975	0.02798	0.70754	0.05213	0.06584	0.01427	0.00823	0.00219	0.00329	0.01262	0.00768	0.00658
24	0.01126	0.00780	0.00924	0.00890	0.00953	0.00819	0.00573	0.05795	0.01194	0.01618	0.02098	0.04010	0.02289	0.56598	0.16805	0.00730	0.00915	0.00936	0.00433	0.00515
25	0.00825	0.00707	0.00707	0.00707	0.00943	0.00589	0.00530	0.01001	0.01591	0.01885	0.07069	0.06716	0.70839	0.01767	0.00825	0.00236	0.00353	0.01473	0.00648	0.00589
26	0.01640	0.02160	0.20157	0.03623	0.49710	0.01656	0.06586	0.02165	0.01564	0.02259	0.01304	0.01674	0.01047	0.00630	0.00693	0.00213	0.00902	0.00608	0.00333	0.01076
27	0.04628	0.60250	0.06451	0.01202	0.01779	0.02417	0.01196	0.02114	0.01485	0.05805	0.06052	0.01500	0.01342	0.00676	0.00499	0.00164	0.00714	0.00462	0.00369	0.00897
28	0.00855	0.00645	0.00783	0.00880	0.00983	0.00582	0.00605	0.00998	0.01431	0.01844	0.07868	0.48565	0.24624	0.04718	0.00965	0.00280	0.00396	0.01760	0.00645	0.00573
29	0.01417	0.03487	0.67039	0.02057	0.03065	0.01631	0.07276	0.02212	0.01486	0.02212	0.01264	0.01502	0.00896	0.00658	0.00674	0.00222	0.01042	0.00538	0.00299	0.01025
30	0.00845	0.00629	0.00787	0.00913	0.00997	0.00572	0.00622	0.00978	0.01393	0.01804	0.04562	0.59841	0.19332	0.02093	0.00876	0.00273	0.00393	0.01870	0.00648	0.00572
31	0.02300	0.08553	0.01782	0.01239	0.01749	0.01396	0.01026	0.12598	0.10138	0.29328	0.06519	0.02365	0.04289	0.00858	0.00661	0.00195	0.00593	0.00687	0.00684	0.13040
32	0.01802	0.01817	0.02706	0.07276	0.60628	0.09258	0.02047	0.02194	0.01621	0.02195	0.01284	0.01683	0.01075	0.00636	0.00685	0.00205	0.00880	0.00603	0.00345	0.01058
33	0.11974	0.01781	0.01550	0.01407	0.03898	0.16942	0.01062	0.16747	0.12414	0.02821	0.09916	0.02772	0.11872	0.00996	0.00683	0.00213	0.00707	0.00773	0.00581	0.00890
34	0.01977	0.01536	0.01710	0.01300	0.01852	0.01489	0.01051	0.33380	0.02306	0.03245	0.01620	0.06457	0.01345	0.00780	0.00627	0.00165	0.00628	0.00620	0.00564	0.37350
35	0.02182	0.02208	0.02379	0.02789	0.30512	0.24700	0.04141	0.10202	0.06452	0.05601	0.01450	0.01663	0.01143	0.00710	0.00678	0.00202	0.00945	0.00589	0.00439	0.01016
36	0.16839	0.17260	0.02139	0.01415	0.01899	0.18553	0.01174	0.20843	0.06777	0.04942	0.01375	0.01450	0.01062	0.00734	0.00582	0.00193	0.00815	0.00501	0.00494	0.00953
37	0.02325	0.06207	0.06044	0.04214	0.02163	0.04559	0.01332	0.44562	0.07236	0.06260	0.04072	0.01937	0.01449	0.03506	0.00786	0.00226	0.00766	0.00649	0.00625	0.01081

[dist]
# distance from previous block
# <min> <max>
1	8

[block]
# block no. 4 follows, 30 sequences, length 24
# corresponding to MSA columns:
# 141-164
name=unknown_E
#
# <colnr> <probs for GDERKNQSTAVLIFYWHMCP>
#	G	D	E	R	K	N	Q	S	T	A	V	L	I	F	Y	W	H	M	C	P
0	0.02267	0.07163	0.01705	0.01281	0.01719	0.10134	0.01036	0.10997	0.11294	0.25916	0.08046	0.02847	0.10577	0.00990	0.00699	0.00211	0.00653	0.00788	0.00683	0.00992
1	0.01678	0.31902	0.35403	0.01610	0.02370	0.08674	0.01835	0.02178	0.01520	0.01965	0.04146	0.01476	0.01138	0.00675	0.00582	0.00189	0.00910	0.00486	0.00323	0.00941
2	0.04787	0.46139	0.20200	0.05890	0.02286	0.06630	0.01574	0.02142	0.01456	0.01852	0.01063	0.01262	0.00890	0.00629	0.00527	0.00177	0.00851	0.00428	0.00307	0.00911
3	0.07258	0.13014	0.51019	0.01855	0.04894	0.01805	0.02169	0.06283	0.01560	0.02337	0.01222	0.01422	0.00902	0.00662	0.00620	0.00210	0.00935	0.00497	0.00332	0.01005
4	0.02218	0.20531	0.02315	0.01670	0.04599	0.45418	0.01284	0.02421	0.01743	0.01710	0.01208	0.03708	0.01087	0.01068	0.05953	0.00247	0.01136	0.00509	0.00355	0.00820
5	0.05904	0.01235	0.01568	0.01236	0.01727	0.01156	0.01010	0.08989	0.06191	0.51905	0.09300	0.02557	0.02144	0.00913	0.00703	0.00217	0.00579	0.00743	0.00813	0.01113
6	0.01727	0.01658	0.02832	0.04283	0.71123	0.01658	0.02142	0.02142	0.01589	0.02280	0.01313	0.01727	0.01105	0.00622	0.00691	0.00207	0.00829	0.00622	0.00345	0.01105
7	0.00953	0.00712	0.00884	0.00841	0.01021	0.00643	0.00631	0.01249	0.01892	0.02601	0.57026	0.05537	0.20436	0.01500	0.00823	0.00223	0.00334	0.01307	0.00742	0.00643
8	0.01439	0.03361	0.62657	0.02215	0.08020	0.01632	0.06614	0.02207	0.01492	0.02217	0.01267	0.01517	0.00911	0.00655	0.00675	0.00221	0.01026	0.00542	0.00302	0.01031
9	0.80405	0.01350	0.01026	0.00918	0.01350	0.01565	0.00756	0.02051	0.01188	0.03131	0.00972	0.01134	0.00756	0.00648	0.00432	0.00216	0.00540	0.00378	0.00432	0.00756
10	0.01778	0.01520	0.01602	0.01429	0.01831	0.01755	0.01115	0.06711	0.66790	0.02987	0.02787	0.02561	0.02087	0.00942	0.00710	0.00235	0.00562	0.00782	0.00710	0.01108
11	0.80405	0.01350	0.01026	0.00918	0.01350	0.01565	0.00756	0.02051	0.01188	0.03131	0.00972	0.01134	0.00756	0.00648	0.00432	0.00216	0.00540	0.00378	0.00432	0.00756
12	0.02653	0.01955	0.02094	0.01606	0.02164	0.02164	0.01326	0.68796	0.03281	0.04398	0.01675	0.01675	0.01187	0.00838	0.00698	0.00209	0.00768	0.00628	0.00698	0.01187
13	0.80405	0.01350	0.01026	0.00918	0.01350	0.01565	0.00756	0.02051	0.01188	0.03131	0.00972	0.01134	0.00756	0.00648	0.00432	0.00216	0.00540	0.00378	0.00432	0.00756
14	0.01015	0.00677	0.00761	0.00761	0.00761	0.00677	0.00423	0.01015	0.01015	0.01353	0.02199	0.04567	0.02537	0.75476	0.03552	0.00677	0.00677	0.01015	0.00423	0.00423
15	0.00869	0.00702	0.00773	0.00769	0.00973	0.00606	0.00571	0.01083	0.01677	0.02121	0.23731	0.10526	0.49748	0.01703	0.00828	0.00234	0.00350	0.01448	0.00680	0.00606
16	0.01212	0.00606	0.00909	0.00909	0.00909	0.00606	0.00606	0.00909	0.00909	0.01212	0.01212	0.02121	0.01212	0.02424	0.02727	0.79697	0.00606	0.00606	0.00303	0.00303
17	0.01866	0.75896	0.03657	0.01194	0.01791	0.02761	0.01194	0.02090	0.01418	0.01642	0.00970	0.01119	0.00896	0.00597	0.00448	0.00149	0.00746	0.00373	0.00299	0.00896
18	0.01813	0.01831	0.02735	0.03760	0.55528	0.08947	0.05830	0.02318	0.06191	0.02261	0.01396	0.01747	0.01150	0.00652	0.00693	0.00208	0.00875	0.00627	0.00372	0.01065
19	0.00984	0.00663	0.00770	0.00801	0.00809	0.00656	0.00465	0.01007	0.01076	0.01434	0.02510	0.17895	0.02930	0.61610	0.03048	0.00602	0.00625	0.01198	0.00465	0.00450
20	0.80405	0.01350	0.01026	0.00918	0.01350	0.01565	0.00756	0.02051	0.01188	0.03131	0.00972	0.01134	0.00756	0.00648	0.00432	0.00216	0.00540	0.00378	0.00432	0.00756
21	0.01527	0.01527	0.02137	0.01832	0.01832	0.02137	0.01527	0.01679	0.01069	0.01679	0.00916	0.01527	0.00916	0.01221	0.02290	0.00305	0.74198	0.00611	0.00305	0.00763
22	0.00834	0.00707	0.00720	0.00717	0.00948	0.00593	0.00538	0.01020	0.01613	0.01938	0.10749	0.06629	0.67127	0.01748	0.00825	0.00235	0.00352	0.01461	0.00655	0.00593
23	0.00988	0.00713	0.00933	0.00878	0.01043	0.00658	0.00658	0.01317	0.01975	0.02798	0.70754	0.05213	0.06584	0.01427	0.00823	0.00219	0.00329	0.01262	0.00768	0.00658

[dist]
# distance from previous block
# <min> <max>
0	9

[block]
# block no. 5 follows, 30 sequences, length 92
# corresponding to MSA columns:
# 174-265
name=unknown_F
#
# <colnr> <probs for GDERKNQSTAVLIFYWHMCP>
#	G	D	E	R	K	N	Q	S	T	A	V	L	I	F	Y	W	H	M	C	P
0	0.01736	0.01499	0.01578	0.01420	0.01815	0.01736	0.01105	0.03708	0.69862	0.02919	0.02840	0.02604	0.02130	0.00947	0.00710	0.00237	0.00552	0.00789	0.00710	0.01105
1	0.02607	0.03326	0.01978	0.01798	0.02157	0.72674	0.01348	0.02787	0.01978	0.01708	0.01079	0.01258	0.00899	0.00719	0.00629	0.00180	0.01258	0.00449	0.00360	0.00809
2	0.00997	0.00748	0.01121	0.01121	0.01246	0.00872	0.00872	0.01246	0.01121	0.01620	0.01869	0.02741	0.01745	0.05234	0.72710	0.01121	0.01869	0.00748	0.00374	0.00623
3	0.01527	0.01527	0.02137	0.01832	0.01832	0.02137	0.01527	0.01679	0.01069	0.01679	0.00916	0.01527	0.00916	0.01221	0.02290	0.00305	0.74198	0.00611	0.00305	0.00763
4	0.00988	0.00713	0.00933	0.00878	0.01043	0.00658	0.00658	0.01317	0.01975	0.02798	0.70754	0.05213	0.06584	0.01427	0.00823	0.00219	0.00329	0.01262	0.00768	0.00658
5	0.00917	0.00711	0.00835	0.00804	0.00999	0.00629	0.00603	0.01181	0.01809	0.02404	0.43276	0.05861	0.34309	0.01574	0.00824	0.00226	0.00340	0.01353	0.00716	0.00629
6	0.02711	0.11447	0.06165	0.01366	0.01942	0.01566	0.01209	0.17650	0.04237	0.41205	0.02191	0.02007	0.01459	0.00813	0.00665	0.00207	0.00677	0.00633	0.00713	0.01137
7	0.01782	0.01616	0.02738	0.07123	0.64698	0.01621	0.02075	0.02191	0.01602	0.05824	0.01384	0.01766	0.01130	0.00637	0.00692	0.00209	0.00821	0.00626	0.00371	0.01095
8	0.00850	0.00607	0.00810	0.00972	0.01012	0.00567	0.00648	0.00972	0.01336	0.01781	0.03846	0.75020	0.04615	0.02186	0.00891	0.00283	0.00405	0.01984	0.00648	0.00567
9	0.03131	0.01188	0.01619	0.01242	0.01781	0.01026	0.01026	0.03401	0.01997	0.71606	0.02753	0.02375	0.01727	0.00864	0.00702	0.00216	0.00594	0.00702	0.00864	0.01188
10	0.01713	0.01473	0.01561	0.01415	0.01801	0.01700	0.01105	0.03622	0.67278	0.02888	0.02873	0.02803	0.02202	0.00984	0.00720	0.00240	0.00556	0.03273	0.00708	0.01087
11	0.01866	0.75896	0.03657	0.01194	0.01791	0.02761	0.01194	0.02090	0.01418	0.01642	0.00970	0.01119	0.00896	0.00597	0.00448	0.00149	0.00746	0.00373	0.00299	0.00896
12	0.04644	0.01904	0.02917	0.04388	0.05689	0.09485	0.33510	0.06873	0.18316	0.02503	0.01714	0.01942	0.01297	0.00712	0.00744	0.00226	0.00964	0.00732	0.00464	0.00977
13	0.05240	0.01776	0.01794	0.01450	0.01907	0.06054	0.01163	0.45651	0.09581	0.03632	0.02144	0.04631	0.05442	0.05274	0.00865	0.00242	0.00725	0.00741	0.00649	0.01040
14	0.80405	0.01350	0.01026	0.00918	0.01350	0.01565	0.00756	0.02051	0.01188	0.03131	0.00972	0.01134	0.00756	0.00648	0.00432	0.00216	0.00540	0.00378	0.00432	0.00756
15	0.01095	0.00807	0.01041	0.05372	0.01376	0.00818	0.00806	0.09195	0.01574	0.02097	0.03430	0.61836	0.03983	0.01935	0.00856	0.00271	0.00480	0.01739	0.00634	0.00654
16	0.01638	0.01856	0.03970	0.02859	0.03512	0.01792	0.63590	0.02194	0.01604	0.02194	0.01375	0.01856	0.01048	0.00635	0.00933	0.00241	0.06619	0.00808	0.00349	0.00928
17	0.01346	0.01239	0.02044	0.67747	0.04539	0.01537	0.01864	0.03973	0.01444	0.01861	0.01286	0.01899	0.00980	0.00931	0.04326	0.00277	0.00972	0.00627	0.00326	0.00781
18	0.01301	0.00650	0.00650	0.00650	0.00813	0.00650	0.00488	0.01626	0.01463	0.02602	0.02276	0.02602	0.01789	0.00813	0.00488	0.00163	0.00325	0.00650	0.79350	0.00650
19	0.01727	0.01658	0.02832	0.04283	0.71123	0.01658	0.02142	0.02142	0.01589	0.02280	0.01313	0.01727	0.01105	0.00622	0.00691	0.00207	0.00829	0.00622	0.00345	0.01105
20	0.00978	0.00713	0.00919	0.00868	0.01037	0.00654	0.00651	0.01298	0.01952	0.02744	0.66973	0.05302	0.10400	0.01447	0.00823	0.00220	0.00331	0.01275	0.00761	0.00654
21	0.01712	0.01326	0.01419	0.01232	0.01497	0.05003	0.00929	0.25643	0.05380	0.02613	0.01973	0.05218	0.01854	0.24302	0.16253	0.00539	0.00967	0.00813	0.00530	0.00797
22	0.00862	0.00616	0.00823	0.00985	0.01031	0.00577	0.00668	0.00992	0.01348	0.01795	0.03840	0.72126	0.04590	0.02175	0.00894	0.00285	0.00415	0.04761	0.00648	0.00570
23	0.05051	0.00755	0.00942	0.00886	0.01067	0.00711	0.00662	0.01388	0.01862	0.04967	0.57723	0.07820	0.07744	0.04284	0.00908	0.00240	0.00366	0.01225	0.00733	0.00666
24	0.01994	0.63332	0.03366	0.01299	0.01854	0.14865	0.01221	0.02210	0.01515	0.01653	0.00989	0.01143	0.00896	0.00618	0.00479	0.00155	0.00835	0.00386	0.00309	0.00881
25	0.06688	0.01303	0.01718	0.01544	0.08502	0.01230	0.01134	0.09598	0.04107	0.49122	0.05916	0.02333	0.01826	0.00858	0.00693	0.00215	0.00616	0.00702	0.00766	0.01128
26	0.09810	0.01613	0.02288	0.12581	0.33426	0.05810	0.05053	0.04450	0.07596	0.04140	0.01669	0.02067	0.03166	0.00749	0.00682	0.00218	0.00805	0.02476	0.00424	0.00976
27	0.80405	0.01350	0.01026	0.00918	0.01350	0.01565	0.00756	0.02051	0.01188	0.03131	0.00972	0.01134	0.00756	0.00648	0.00432	0.00216	0.00540	0.00378	0.00432	0.00756
28	0.04517	0.02925	0.11928	0.01720	0.02186	0.45462	0.01457	0.02876	0.16150	0.02076	0.01471	0.01568	0.01151	0.00757	0.00645	0.00199	0.01056	0.00528	0.00426	0.00902
29	0.17526	0.01798	0.01917	0.12258	0.05870	0.06118	0.01348	0.38662	0.02433	0.03500	0.01421	0.01575	0.01044	0.00762	0.00642	0.00212	0.00780	0.00567	0.00551	0.01016
30	0.00938	0.00678	0.00750	0.00768	0.00845	0.00637	0.00481	0.01006	0.01228	0.01565	0.03882	0.13237	0.23759	0.44496	0.02411	0.00496	0.00546	0.01266	0.00518	0.00490
31	0.01877	0.01278	0.01538	0.01308	0.01658	0.01394	0.01049	0.24775	0.08468	0.10884	0.07706	0.02527	0.01990	0.02511	0.27112	0.00548	0.01095	0.00748	0.00605	0.00929
32	0.04867	0.01475	0.02320	0.34257	0.30980	0.01646	0.01887	0.06625	0.05044	0.02275	0.01369	0.01802	0.01071	0.00687	0.00685	0.00220	0.00843	0.00620	0.00376	0.00952
33	0.01484	0.19008	0.51134	0.01781	0.02660	0.01816	0.04069	0.02134	0.01495	0.02122	0.05160	0.01622	0.01217	0.00690	0.00630	0.00206	0.00934	0.00536	0.00324	0.00978
34	0.53945	0.01294	0.01229	0.01029	0.01497	0.01381	0.00848	0.02513	0.01465	0.26578	0.01582	0.01559	0.01088	0.00722	0.00524	0.00216	0.00558	0.00489	0.00580	0.00904
35	0.01798	0.01793	0.02763	0.04082	0.65533	0.07414	0.02077	0.02194	0.01620	0.02233	0.01294	0.01689	0.01089	0.00630	0.00686	0.00205	0.00864	0.00608	0.00347	0.01081
36	0.00836	0.00711	0.00723	0.00729	0.00962	0.00597	0.00553	0.01019	0.01591	0.01893	0.06938	0.06761	0.68246	0.01774	0.00830	0.00239	0.00365	0.03994	0.00648	0.00591
37	0.00965	0.00737	0.00889	0.00846	0.01039	0.00674	0.00636	0.01304	0.04096	0.02538	0.50076	0.05562	0.25048	0.01510	0.00820	0.00225	0.00344	0.01307	0.00731	0.00653
38	0.80405	0.01350	0.01026	0.00918	0.01350	0.01565	0.00756	0.02051	0.01188	0.03131	0.00972	0.01134	0.00756	0.00648	0.00432	0.00216	0.00540	0.00378	0.00432	0.00756
39	0.00986	0.00676	0.00820	0.00834	0.00923	0.00648	0.00561	0.01152	0.01438	0.02008	0.23284	0.18103	0.08347	0.26709	0.03862	0.00409	0.00508	0.01265	0.06910	0.00555
40	0.01866	0.75896	0.03657	0.01194	0.01791	0.02761	0.01194	0.02090	0.01418	0.01642	0.00970	0.01119	0.00896	0.00597	0.00448	0.00149	0.00746	0.00373	0.00299	0.00896
41	0.01526	0.01259	0.01542	0.01105	0.01725	0.00962	0.03064	0.01844	0.01477	0.05261	0.01311	0.01501	0.01064	0.00534	0.00535	0.00113	0.00542	0.00439	0.00431	0.73765
42	0.02679	0.14858	0.05661	0.01330	0.01901	0.01560	0.01181	0.12092	0.05462	0.42782	0.02212	0.02019	0.01481	0.00806	0.00654	0.00204	0.00665	0.00627	0.00702	0.01123
43	0.01351	0.01276	0.01296	0.04351	0.01542	0.15234	0.00978	0.01593	0.01322	0.01695	0.01717	0.02449	0.01565	0.05823	0.48992	0.00826	0.01582	0.00684	0.05059	0.00663
44	0.01866	0.75896	0.03657	0.01194	0.01791	0.02761	0.01194	0.02090	0.01418	0.01642	0.00970	0.01119	0.00896	0.00597	0.00448	0.00149	0.00746	0.00373	0.00299	0.00896
45	0.00849	0.00610	0.00807	0.00964	0.01010	0.00567	0.00644	0.00973	0.01344	0.01784	0.03942	0.72991	0.06583	0.02174	0.00889	0.00282	0.00403	0.01969	0.00648	0.00567
46	0.03131	0.01188	0.01619	0.01242	0.01781	0.01026	0.01026	0.03401	0.01997	0.71606	0.02753	0.02375	0.01727	0.00864	0.00702	0.00216	0.00594	0.00702	0.00864	0.01188
47	0.00982	0.00713	0.00925	0.00872	0.01039	0.00656	0.00654	0.01306	0.01962	0.02766	0.68480	0.05266	0.08879	0.01439	0.00823	0.00220	0.00330	0.01270	0.00764	0.00656
48	0.00862	0.00615	0.00823	0.00985	0.01030	0.00577	0.00667	0.00991	0.01347	0.01794	0.03840	0.72242	0.04591	0.02176	0.00894	0.00285	0.00415	0.04650	0.00648	0.00570
49	0.01727	0.01658	0.02832	0.04283	0.71123	0.01658	0.02142	0.02142	0.01589	0.02280	0.01313	0.01727	0.01105	0.00622	0.00691	0.00207	0.00829	0.00622	0.00345	0.01105
50	0.00965	0.00711	0.00891	0.00847	0.01014	0.00649	0.00628	0.01255	0.01870	0.02591	0.57914	0.05402	0.15851	0.05208	0.00961	0.00245	0.00350	0.01281	0.00733	0.00636
51	0.01786	0.63540	0.15314	0.01330	0.02001	0.02566	0.01431	0.02110	0.01427	0.01739	0.01018	0.01180	0.00894	0.00608	0.00485	0.00162	0.00795	0.00397	0.00298	0.00919
52	0.01131	0.00841	0.01005	0.00949	0.01169	0.00821	0.00719	0.01651	0.11819	0.04955	0.37014	0.08532	0.19928	0.01644	0.04428	0.00274	0.00459	0.01231	0.00710	0.00721
53	0.01455	0.09965	0.57055	0.02023	0.05693	0.01703	0.05698	0.02169	0.01498	0.02181	0.03483	0.01593	0.01087	0.00676	0.00658	0.00215	0.00981	0.00547	0.00315	0.01005
54	0.77660	0.01428	0.03486	0.00955	0.01408	0.01567	0.00819	0.02057	0.01198	0.03099	0.00981	0.01145	0.00760	0.00648	0.00440	0.00216	0.00557	0.00383	0.00427	0.00765
55	0.01490	0.08131	0.01799	0.12041	0.02032	0.12182	0.01221	0.01729	0.01408	0.01804	0.07421	0.02459	0.05759	0.04587	0.12900	0.00394	0.18668	0.00711	0.02537	0.00726
56	0.01450	0.07076	0.61836	0.02096	0.05810	0.01688	0.06126	0.02202	0.01485	0.02186	0.01249	0.01488	0.00903	0.00654	0.00662	0.00218	0.01017	0.00530	0.00300	0.01023
57	0.00909	0.00675	0.00855	0.00911	0.01036	0.00610	0.00642	0.01105	0.01559	0.02107	0.23426	0.42898	0.14027	0.01848	0.00848	0.00252	0.00380	0.01647	0.00674	0.03593
58	0.01723	0.01675	0.02736	0.04091	0.66752	0.03709	0.02064	0.02123	0.01600	0.02250	0.01498	0.01880	0.03428	0.00663	0.00694	0.00207	0.00826	0.00645	0.00356	0.01079
59	0.01447	0.01240	0.01447	0.01034	0.01654	0.00930	0.00827	0.01757	0.01447	0.02274	0.01240	0.01447	0.01034	0.00517	0.00517	0.00103	0.00517	0.00413	0.00413	0.79742
60	0.01380	0.00804	0.01034	0.00924	0.01172	0.00720	0.00711	0.01676	0.01925	0.16006	0.48569	0.04875	0.14729	0.01366	0.00800	0.00221	0.00384	0.01183	0.00770	0.00751
61	0.01609	0.05620	0.01437	0.01146	0.01447	0.05228	0.00901	0.13411	0.06879	0.07636	0.35519	0.09695	0.04172	0.01227	0.00758	0.00218	0.00523	0.01043	0.00697	0.00833
62	0.00885	0.00646	0.00821	0.00908	0.00997	0.00595	0.00624	0.01052	0.01488	0.01991	0.18528	0.47900	0.13181	0.05740	0.01005	0.00284	0.00396	0.01715	0.00662	0.00582
63	0.80405	0.01350	0.01026	0.00918	0.01350	0.01565	0.00756	0.02051	0.01188	0.03131	0.00972	0.01134	0.00756	0.00648	0.00432	0.00216	0.00540	0.00378	0.00432	0.00756
64	0.01773	0.01621	0.04194	0.01537	0.01981	0.01759	0.05002	0.07437	0.59658	0.02943	0.02635	0.02468	0.01970	0.00910	0.00714	0.00234	0.00617	0.00772	0.00675	0.01098
65	0.02681	0.01909	0.02066	0.01584	0.02141	0.02096	0.01308	0.64913	0.03205	0.08388	0.01739	0.01717	0.01219	0.00839	0.00698	0.00210	0.00758	0.00633	0.00708	0.01187
66	0.01748	0.04586	0.02352	0.39452	0.06049	0.14062	0.08076	0.08650	0.01702	0.02080	0.01251	0.01694	0.00967	0.00719	0.00750	0.00220	0.03828	0.00601	0.00362	0.00853
67	0.17596	0.38587	0.04930	0.01472	0.05939	0.14891	0.01241	0.04738	0.01555	0.02110	0.01046	0.01216	0.00891	0.00642	0.00508	0.00176	0.00812	0.00417	0.00354	0.00880
68	0.00849	0.00610	0.00807	0.00964	0.01010	0.00567	0.00644	0.00973	0.01344	0.01784	0.03942	0.72997	0.06577	0.02174	0.00889	0.00282	0.00403	0.01969	0.00648	0.00567
69	0.01374	0.01343	0.02031	0.55442	0.04049	0.05725	0.03905	0.01772	0.01411	0.01786	0.01465	0.08822	0.01285	0.00873	0.00823	0.00239	0.05800	0.00747	0.00346	0.00762
70	0.00988	0.00713	0.00933	0.00878	0.01043	0.00658	0.00658	0.01317	0.01975	0.02798	0.70754	0.05213	0.06584	0.01427	0.00823	0.00219	0.00329	0.01262	0.00768	0.00658
71	0.80405	0.01350	0.01026	0.00918	0.01350	0.01565	0.00756	0.02051	0.01188	0.03131	0.00972	0.01134	0.00756	0.00648	0.00432	0.00216	0.00540	0.00378	0.00432	0.00756
72	0.01647	0.01882	0.04118	0.02941	0.03647	0.01765	0.68588	0.02235	0.01647	0.02235	0.01412	0.01882	0.01059	0.00588	0.00824	0.00235	0.01176	0.00824	0.00353	0.00941
73	0.02608	0.02088	0.02059	0.01619	0.02148	0.10020	0.01319	0.58619	0.06005	0.04034	0.01659	0.01669	0.01195	0.00829	0.00691	0.00207	0.00813	0.00615	0.00661	0.01141
74	0.01301	0.00650	0.00650	0.00650	0.00813	0.00650	0.00488	0.01626	0.01463	0.02602	0.02276	0.02602	0.01789	0.00813	0.00488	0.00163	0.00325	0.00650	0.79350	0.00650
75	0.01012	0.00686	0.00811	0.00811	0.00829	0.00704	0.00486	0.01047	0.01030	0.01390	0.02153	0.04312	0.02426	0.65668	0.13208	0.00739	0.00843	0.00977	0.00416	0.00451
76	0.03131	0.01188	0.01619	0.01242	0.01781	0.01026	0.01026	0.03401	0.01997	0.71606	0.02753	0.02375	0.01727	0.00864	0.00702	0.00216	0.00594	0.00702	0.00864	0.01188
77	0.00825	0.00707	0.00707	0.00707	0.00943	0.00589	0.00530	0.01001	0.01591	0.01885	0.07069	0.06716	0.70839	0.01767	0.00825	0.00236	0.00353	0.01473	0.00648	0.00589
78	0.80405	0.01350	0.01026	0.00918	0.01350	0.01565	0.00756	0.02051	0.01188	0.03131	0.00972	0.01134	0.00756	0.00648	0.00432	0.00216	0.00540	0.00378	0.00432	0.00756
79	0.02607	0.03326	0.01978	0.01798	0.02157	0.72674	0.01348	0.02787	0.01978	0.01708	0.01079	0.01258	0.00899	0.00719	0.00629	0.00180	0.01258	0.00449	0.00360	0.00809
80	0.01447	0.01240	0.01447	0.01034	0.01654	0.00930	0.00827	0.01757	0.01447	0.02274	0.01240	0.01447	0.01034	0.00517	0.00517	0.00103	0.00517	0.00413	0.00413	0.79742
81	0.00999	0.00738	0.01071	0.01071	0.01178	0.00845	0.00809	0.01214	0.01107	0.01583	0.01915	0.02996	0.01855	0.15045	0.63050	0.01059	0.01703	0.00785	0.00381	0.00595
82	0.80405	0.01350	0.01026	0.00918	0.01350	0.01565	0.00756	0.02051	0.01188	0.03131	0.00972	0.01134	0.00756	0.00648	0.00432	0.00216	0.00540	0.00378	0.00432	0.00756
83	0.01001	0.00733	0.01045	0.01045	0.01143	0.00831	0.00777	0.01197	0.01099	0.01563	0.01939	0.03128	0.01912	0.20120	0.58053	0.01027	0.01616	0.00804	0.00384	0.00581
84	0.01400	0.03610	0.71860	0.01989	0.03020	0.01621	0.02578	0.02210	0.01473	0.02210	0.01252	0.01473	0.00884	0.00663	0.00663	0.00221	0.01031	0.00516	0.00295	0.01031
85	0.02533	0.06057	0.02087	0.01902	0.05690	0.66308	0.01383	0.02726	0.01936	0.01735	0.01086	0.01277	0.00909	0.00709	0.00625	0.00180	0.01216	0.00455	0.00356	0.00828
86	0.01736	0.01499	0.01578	0.01420	0.01815	0.01736	0.01105	0.03708	0.69862	0.02919	0.02840	0.02604	0.02130	0.00947	0.00710	0.00237	0.00552	0.00789	0.00710	0.01105
87	0.00850	0.00607	0.00810	0.00972	0.01012	0.00567	0.00648	0.00972	0.01336	0.01781	0.03846	0.75020	0.04615	0.02186	0.00891	0.00283	0.00405	0.01984	0.00648	0.00567
88	0.01736	0.01499	0.01578	0.01420	0.01815	0.01736	0.01105	0.03708	0.69862	0.02919	0.02840	0.02604	0.02130	0.00947	0.00710	0.00237	0.00552	0.00789	0.00710	0.01105
89	0.01650	0.01346	0.01430	0.01288	0.01662	0.01501	0.01001	0.03225	0.54576	0.06273	0.03566	0.03302	0.13981	0.01084	0.00729	0.00235	0.00520	0.00903	0.00707	0.01020
90	0.80405	0.01350	0.01026	0.00918	0.01350	0.01565	0.00756	0.02051	0.01188	0.03131	0.00972	0.01134	0.00756	0.00648	0.00432	0.00216	0.00540	0.00378	0.00432	0.00756
91	0.00988	0.00713	0.00933	0.00878	0.01043	0.00658	0.00658	0.01317	0.01975	0.02798	0.70754	0.05213	0.06584	0.01427	0.00823	0.00219	0.00329	0.01262	0.00768	0.00658

[dist]
# distance from previous block
# <min> <max>
0	9

[block]
# block no. 6 follows, 30 sequences, length 27
# corresponding to MSA columns:
# 275-301
name=unknown_G
#
# <colnr> <probs for GDERKNQSTAVLIFYWHMCP>
#	G	D	E	R	K	N	Q	S	T	A	V	L	I	F	Y	W	H	M	C	P
0	0.00961	0.00712	0.00895	0.00849	0.01026	0.00647	0.00637	0.01264	0.01911	0.02646	0.60156	0.05463	0.17278	0.01483	0.00823	0.00222	0.00333	0.01297	0.00748	0.00647
1	0.02653	0.01955	0.02094	0.01606	0.02164	0.02164	0.01326	0.68796	0.03281	0.04398	0.01675	0.01675	0.01187	0.00838	0.00698	0.00209	0.00768	0.00628	0.00698	0.01187
2	0.80405	0.01350	0.01026	0.00918	0.01350	0.01565	0.00756	0.02051	0.01188	0.03131	0.00972	0.01134	0.00756	0.00648	0.00432	0.00216	0.00540	0.00378	0.00432	0.00756
3	0.00850	0.00607	0.00810	0.00972	0.01012	0.00567	0.00648	0.00972	0.01336	0.01781	0.03846	0.75020	0.04615	0.02186	0.00891	0.00283	0.00405	0.01984	0.00648	0.00567
4	0.80405	0.01350	0.01026	0.00918	0.01350	0.01565	0.00756	0.02051	0.01188	0.03131	0.00972	0.01134	0.00756	0.00648	0.00432	0.00216	0.00540	0.00378	0.00432	0.00756
5	0.01318	0.01240	0.02093	0.73798	0.04806	0.01550	0.01938	0.01783	0.01395	0.01783	0.01240	0.01860	0.00930	0.00698	0.00698	0.00233	0.00930	0.00620	0.00310	0.00775
6	0.01400	0.03610	0.71860	0.01989	0.03020	0.01621	0.02578	0.02210	0.01473	0.02210	0.01252	0.01473	0.00884	0.00663	0.00663	0.00221	0.01031	0.00516	0.00295	0.01031
7	0.00825	0.00707	0.00707	0.00707	0.00943	0.00589	0.00530	0.01001	0.01591	0.01885	0.07069	0.06716	0.70839	0.01767	0.00825	0.00236	0.00353	0.01473	0.00648	0.00589
8	0.01447	0.01240	0.01447	0.01034	0.01654	0.00930	0.00827	0.01757	0.01447	0.02274	0.01240	0.01447	0.01034	0.00517	0.00517	0.00103	0.00517	0.00413	0.00413	0.79742
9	0.02747	0.01804	0.02001	0.01534	0.02089	0.01941	0.01267	0.55964	0.03029	0.17586	0.01887	0.01813	0.01293	0.00843	0.00699	0.00211	0.00734	0.00643	0.00731	0.01187
10	0.01447	0.01240	0.01447	0.01034	0.01654	0.00930	0.00827	0.01757	0.01447	0.02274	0.01240	0.01447	0.01034	0.00517	0.00517	0.00103	0.00517	0.00413	0.00413	0.79742
11	0.02519	0.08136	0.02073	0.01741	0.02118	0.64895	0.01327	0.02779	0.04876	0.01756	0.01148	0.01307	0.00952	0.00721	0.00620	0.00180	0.01193	0.00459	0.00371	0.00828
12	0.80405	0.01350	0.01026	0.00918	0.01350	0.01565	0.00756	0.02051	0.01188	0.03131	0.00972	0.01134	0.00756	0.00648	0.00432	0.00216	0.00540	0.00378	0.00432	0.00756
13	0.10845	0.01451	0.02184	0.21216	0.24957	0.01537	0.03835	0.07262	0.01701	0.16006	0.01568	0.01823	0.01147	0.00707	0.00670	0.00218	0.00783	0.00617	0.00474	0.00996
14	0.02916	0.01342	0.01697	0.01306	0.01847	0.01258	0.01075	0.15262	0.04928	0.53654	0.02496	0.02217	0.01615	0.00848	0.00694	0.00211	0.00621	0.00680	0.00808	0.04526
15	0.00825	0.00707	0.00707	0.00707	0.00943	0.00589	0.00530	0.01001	0.01591	0.01885	0.07069	0.06716	0.70839	0.01767	0.00825	0.00236	0.00353	0.01473	0.00648	0.00589
16	0.01473	0.01369	0.02264	0.54462	0.19972	0.01603	0.01957	0.04940	0.01526	0.02017	0.01277	0.01821	0.00982	0.00687	0.00696	0.00226	0.00899	0.00621	0.00336	0.00870
17	0.66005	0.01761	0.13936	0.01113	0.01654	0.01576	0.01088	0.02080	0.01240	0.02963	0.01023	0.01196	0.00779	0.00651	0.00474	0.00217	0.00629	0.00403	0.00407	0.00806
18	0.03034	0.01166	0.01588	0.01225	0.01748	0.01009	0.01009	0.03307	0.01996	0.68493	0.05830	0.02504	0.01947	0.00889	0.00707	0.00216	0.00582	0.00727	0.00859	0.01164
19	0.00825	0.00707	0.00707	0.00707	0.00943	0.00589	0.00530	0.01001	0.01591	0.01885	0.07069	0.06716	0.70839	0.01767	0.00825	0.00236	0.00353	0.01473	0.00648	0.00589
20	0.01647	0.01882	0.04118	0.02941	0.03647	0.01765	0.68588	0.02235	0.01647	0.02235	0.01412	0.01882	0.01059	0.00588	0.00824	0.00235	0.01176	0.00824	0.00353	0.00941
21	0.01736	0.01499	0.01578	0.01420	0.01815	0.01736	0.01105	0.03708	0.69862	0.02919	0.02840	0.02604	0.02130	0.00947	0.00710	0.00237	0.00552	0.00789	0.00710	0.01105
22	0.01866	0.75896	0.03657	0.01194	0.01791	0.02761	0.01194	0.02090	0.01418	0.01642	0.00970	0.01119	0.00896	0.00597	0.00448	0.00149	0.00746	0.00373	0.00299	0.00896
23	0.03131	0.01188	0.01619	0.01242	0.01781	0.01026	0.01026	0.03401	0.01997	0.71606	0.02753	0.02375	0.01727	0.00864	0.00702	0.00216	0.00594	0.00702	0.00864	0.01188
24	0.02860	0.17201	0.02056	0.01231	0.01783	0.01398	0.01062	0.03120	0.01873	0.56610	0.02371	0.02106	0.01549	0.00807	0.00647	0.00202	0.00626	0.00631	0.00743	0.01125
25	0.00825	0.00707	0.00707	0.00707	0.00943	0.00589	0.00530	0.01001	0.01591	0.01885	0.07069	0.06716	0.70839	0.01767	0.00825	0.00236	0.00353	0.01473	0.00648	0.00589
26	0.02609	0.03258	0.01983	0.01788	0.02158	0.69201	0.01347	0.06038	0.02042	0.01840	0.01108	0.01279	0.00913	0.00725	0.00633	0.00181	0.01234	0.00458	0.00376	0.00828

[dist]
# distance from previous block
# <min> <max>
0	52

[block]
# block no. 7 follows, 30 sequences, length 20
# corresponding to MSA columns:
# 354-373
name=unknown_H
#
# <colnr> <probs for GDERKNQSTAVLIFYWHMCP>
#	G	D	E	R	K	N	Q	S	T	A	V	L	I	F	Y	W	H	M	C	P
0	0.03001	0.01395	0.01748	0.01340	0.01885	0.01334	0.01107	0.21099	0.02345	0.53417	0.02461	0.02186	0.01581	0.00857	0.00701	0.00214	0.00641	0.00682	0.00819	0.01187
1	0.80405	0.01350	0.01026	0.00918	0.01350	0.01565	0.00756	0.02051	0.01188	0.03131	0.00972	0.01134	0.00756	0.00648	0.00432	0.00216	0.00540	0.00378	0.00432	0.00756
2	0.02607	0.03326	0.01978	0.01798	0.02157	0.72674	0.01348	0.02787	0.01978	0.01708	0.01079	0.01258	0.00899	0.00719	0.00629	0.00180	0.01258	0.00449	0.00360	0.00809
3	0.02122	0.01541	0.01663	0.01332	0.01710	0.01682	0.01034	0.46847	0.02547	0.03412	0.01845	0.02612	0.01624	0.25007	0.01622	0.00361	0.00738	0.00753	0.00609	0.00939
4	0.54644	0.01109	0.00956	0.00935	0.01240	0.01242	0.00721	0.01702	0.01236	0.02694	0.01902	0.25059	0.02006	0.01146	0.00580	0.00238	0.00496	0.00898	0.00502	0.00695
5	0.54928	0.01449	0.01611	0.02008	0.23943	0.01595	0.01205	0.02081	0.01318	0.02855	0.01082	0.01326	0.00869	0.00639	0.00516	0.00213	0.00633	0.00457	0.00404	0.00869
6	0.01307	0.01058	0.01225	0.00945	0.01365	0.00848	0.00696	0.01517	0.01307	0.01976	0.01551	0.02457	0.01520	0.24790	0.01500	0.00289	0.00569	0.00608	0.00416	0.54057
7	0.01069	0.00905	0.01240	0.01250	0.01278	0.01075	0.00932	0.01201	0.01249	0.01748	0.02897	0.51222	0.03417	0.01874	0.01344	0.00291	0.24300	0.01539	0.00537	0.00630
8	0.00904	0.00687	0.00759	0.00785	0.00913	0.00623	0.00535	0.01025	0.01381	0.01731	0.06723	0.15299	0.35689	0.25688	0.01721	0.00387	0.00474	0.03560	0.00578	0.00536
9	0.01690	0.41800	0.02494	0.01135	0.01507	0.11468	0.00965	0.01835	0.01362	0.01557	0.01383	0.02254	0.01428	0.24860	0.01477	0.00324	0.00792	0.00591	0.00347	0.00731
10	0.02122	0.01541	0.01663	0.01332	0.01710	0.01682	0.01034	0.46847	0.02547	0.03412	0.01845	0.02612	0.01624	0.25007	0.01622	0.00361	0.00738	0.00753	0.00609	0.00939
11	0.01957	0.01106	0.01453	0.01241	0.01537	0.01172	0.00984	0.11280	0.01688	0.24642	0.02094	0.02583	0.01687	0.10486	0.26830	0.00594	0.06481	0.00735	0.00577	0.00872
12	0.54644	0.01109	0.00956	0.00935	0.01240	0.01242	0.00721	0.01702	0.01236	0.02694	0.01902	0.25059	0.02006	0.01146	0.00580	0.00238	0.00496	0.00898	0.00502	0.00695
13	0.01879	0.01649	0.02121	0.05905	0.02111	0.02112	0.01486	0.23419	0.01804	0.02566	0.01181	0.01594	0.01005	0.01067	0.01683	0.00270	0.46199	0.00617	0.00433	0.00901
14	0.01170	0.00969	0.01371	0.24550	0.02344	0.01064	0.01119	0.01718	0.09402	0.02427	0.36811	0.05904	0.06055	0.01168	0.00772	0.00228	0.00552	0.01028	0.00606	0.00742
15	0.01411	0.01555	0.01131	0.01070	0.01342	0.23935	0.00803	0.01598	0.01738	0.01881	0.08815	0.04862	0.44473	0.01408	0.00761	0.00217	0.00645	0.01129	0.00562	0.00664
16	0.55227	0.01545	0.01372	0.01140	0.01613	0.01759	0.00941	0.23664	0.01865	0.03541	0.01200	0.01309	0.00895	0.00709	0.00518	0.00214	0.00614	0.00459	0.00518	0.00895
17	0.00939	0.00676	0.00889	0.00911	0.01032	0.00626	0.00655	0.01194	0.01748	0.02437	0.47008	0.29989	0.05886	0.01696	0.00847	0.00242	0.00356	0.01518	0.00725	0.00626
18	0.02607	0.03326	0.01978	0.01798	0.02157	0.72674	0.01348	0.02787	0.01978	0.01708	0.01079	0.01258	0.00899	0.00719	0.00629	0.00180	0.01258	0.00449	0.00360	0.00809
19	0.01493	0.01245	0.01369	0.01245	0.01565	0.01387	0.00960	0.02934	0.47879	0.02880	0.24832	0.03448	0.03573	0.01102	0.00747	0.00231	0.00480	0.00942	0.00729	0.00960

[dist]
# distance from previous block
# <min> <max>
0	2

[block]
# block no. 8 follows, 30 sequences, length 17
# corresponding to MSA columns:
# 376-392
name=unknown_I
#
# <colnr> <probs for GDERKNQSTAVLIFYWHMCP>
#	G	D	E	R	K	N	Q	S	T	A	V	L	I	F	Y	W	H	M	C	P
0	0.01159	0.00789	0.00878	0.00835	0.00884	0.00807	0.00502	0.06977	0.01214	0.01621	0.02153	0.04312	0.02418	0.68911	0.03301	0.00635	0.00685	0.00981	0.00447	0.00490
1	0.01736	0.01499	0.01578	0.01420	0.01815	0.01736	0.01105	0.03708	0.69862	0.02919	0.02840	0.02604	0.02130	0.00947	0.00710	0.00237	0.00552	0.00789	0.00710	0.01105
2	0.01325	0.01226	0.02051	0.63368	0.08377	0.01491	0.01878	0.01774	0.01425	0.01839	0.01460	0.02381	0.01212	0.00801	0.00721	0.00239	0.00899	0.06408	0.00341	0.00783
3	0.01640	0.01568	0.02655	0.12691	0.60098	0.01601	0.02051	0.02051	0.01565	0.02203	0.01539	0.01947	0.03930	0.00678	0.00697	0.00212	0.00822	0.00656	0.00353	0.01044
4	0.48407	0.25108	0.01958	0.07416	0.01794	0.01945	0.00999	0.02040	0.01279	0.02538	0.00995	0.01193	0.00816	0.00636	0.00460	0.00196	0.00640	0.00398	0.00379	0.00802
