[name]
unknown

[dist]
# distance from previous block
# <min> <max>
0	46

[block]
# block no. 0 follows, 31 sequences, length 86
# corresponding to MSA columns:
# 48-133
name=unknown_A
#
# <colnr> <probs for GDERKNQSTAVLIFYWHMCP>
#	G	D	E	R	K	N	Q	S	T	A	V	L	I	F	Y	W	H	M	C	P
0	0.06681	0.00973	0.01289	0.06719	0.04517	0.01011	0.01110	0.07127	0.01676	0.05494	0.07090	0.13192	0.03270	0.01527	0.00830	0.00273	0.00615	0.35278	0.00603	0.00726
1	0.04185	0.01848	0.16478	0.07231	0.13081	0.04121	0.01530	0.07792	0.09767	0.09524	0.10178	0.02328	0.04042	0.00832	0.00678	0.00210	0.00723	0.00695	0.00512	0.04246
2	0.10438	0.04640	0.01860	0.17617	0.10530	0.06458	0.01353	0.04640	0.26075	0.02444	0.01745	0.01890	0.01342	0.00748	0.00634	0.00210	0.00712	0.00608	0.00481	0.05576
3	0.01570	0.01536	0.02642	0.18449	0.27138	0.01585	0.17100	0.02225	0.10847	0.02204	0.01491	0.01853	0.01167	0.00654	0.00698	0.00211	0.00853	0.00662	0.00386	0.06730
4	0.05348	0.01666	0.01893	0.01480	0.01972	0.01809	0.03497	0.49377	0.02637	0.03637	0.01600	0.01760	0.01209	0.01396	0.11029	0.00326	0.00893	0.00613	0.00595	0.07263
5	0.01421	0.09445	0.63639	0.01928	0.02890	0.01687	0.05456	0.02158	0.01448	0.02122	0.01212	0.01434	0.00875	0.00641	0.00640	0.00212	0.00995	0.00508	0.00292	0.00996
6	0.01643	0.01663	0.02405	0.30370	0.38262	0.09975	0.01933	0.02041	0.01531	0.01986	0.01233	0.01689	0.00995	0.00649	0.00673	0.00209	0.00900	0.00589	0.00327	0.00927
7	0.00995	0.00663	0.00746	0.00746	0.00746	0.00663	0.00415	0.00995	0.00995	0.01327	0.02156	0.04477	0.02487	0.75957	0.03482	0.00663	0.00663	0.00995	0.00415	0.00415
8	0.02601	0.01916	0.02053	0.01574	0.02122	0.02122	0.01300	0.69408	0.03217	0.04312	0.01643	0.01643	0.01163	0.00821	0.00684	0.00205	0.00753	0.00616	0.00684	0.01163
9	0.01834	0.01074	0.01484	0.01550	0.11466	0.01029	0.01061	0.04373	0.06663	0.24091	0.24573	0.05657	0.03441	0.01133	0.00755	0.00225	0.00534	0.07443	0.00701	0.00912
10	0.01829	0.76368	0.03585	0.01171	0.01756	0.02707	0.01171	0.02049	0.01390	0.01610	0.00951	0.01097	0.00878	0.00585	0.00439	0.00146	0.00732	0.00366	0.00293	0.00878
11	0.00991	0.00656	0.00755	0.00767	0.00770	0.00653	0.00438	0.00988	0.01014	0.01352	0.02236	0.09586	0.02585	0.67627	0.03259	0.03790	0.00641	0.01049	0.00426	0.00420
12	0.01084	0.00708	0.00932	0.00930	0.01085	0.00652	0.00690	0.01339	0.01726	0.07395	0.41150	0.25292	0.07485	0.01611	0.00825	0.00239	0.00381	0.05109	0.00715	0.00654
13	0.01082	0.00781	0.01074	0.01221	0.01383	0.00773	0.01062	0.01387	0.01574	0.02034	0.03852	0.07639	0.08612	0.01879	0.00936	0.00309	0.00610	0.62536	0.00630	0.00626
14	0.72337	0.01306	0.01069	0.00934	0.01369	0.01477	0.00770	0.02155	0.01251	0.10583	0.01143	0.01244	0.00845	0.00658	0.00452	0.00212	0.00535	0.00405	0.00469	0.00787
15	0.80789	0.01323	0.01006	0.00900	0.01323	0.01535	0.00741	0.02011	0.01164	0.03070	0.00953	0.01111	0.00741	0.00635	0.00423	0.00212	0.00529	0.00370	0.00423	0.00741
16	0.04606	0.01050	0.01315	0.01171	0.01514	0.01034	0.00953	0.02511	0.14901	0.27175	0.17742	0.04036	0.03229	0.01188	0.00759	0.00237	0.00526	0.14401	0.00739	0.00912
17	0.03070	0.01164	0.01588	0.01217	0.01746	0.01006	0.01006	0.03334	0.01958	0.72163	0.02699	0.02329	0.01694	0.00847	0.00688	0.00212	0.00582	0.00688	0.00847	0.01164
18	0.07906	0.01205	0.01571	0.01212	0.01736	0.01085	0.01001	0.05988	0.01961	0.65036	0.02546	0.02224	0.01612	0.00832	0.00671	0.00211	0.00586	0.00665	0.00814	0.01138
19	0.00851	0.00690	0.00757	0.00767	0.00967	0.00596	0.00575	0.01051	0.01606	0.02006	0.17908	0.12102	0.51697	0.01714	0.00819	0.00235	0.00358	0.04056	0.00656	0.00590
20	0.00969	0.00699	0.00842	0.00830	0.00996	0.00631	0.00608	0.01194	0.01661	0.04141	0.34235	0.12879	0.25924	0.08151	0.01051	0.00269	0.00384	0.03256	0.00673	0.00609
21	0.02866	0.01490	0.01789	0.01372	0.01909	0.01489	0.01133	0.31947	0.02503	0.42780	0.02242	0.02032	0.01464	0.00836	0.00686	0.00209	0.00656	0.00657	0.00776	0.01164
22	0.01693	0.01626	0.02777	0.04199	0.71689	0.01626	0.02100	0.02100	0.01558	0.02235	0.01287	0.01693	0.01084	0.00610	0.00677	0.00203	0.00813	0.00610	0.00339	0.01084
23	0.02398	0.01815	0.01939	0.01533	0.02044	0.02027	0.01251	0.54555	0.18400	0.03984	0.01900	0.01848	0.01372	0.00845	0.00687	0.00211	0.00705	0.00652	0.00687	0.01145
24	0.05479	0.01207	0.01585	0.01226	0.01748	0.01087	0.01011	0.05719	0.04354	0.65079	0.02608	0.02273	0.01658	0.00842	0.00680	0.00212	0.00585	0.00678	0.00822	0.01148
25	0.02897	0.01126	0.01532	0.01188	0.01687	0.00976	0.00976	0.03166	0.01956	0.66459	0.08338	0.02557	0.02085	0.00892	0.00698	0.00212	0.00561	0.00733	0.00839	0.01122
26	0.03070	0.01164	0.01588	0.01217	0.01746	0.01006	0.01006	0.03334	0.01958	0.72163	0.02699	0.02329	0.01694	0.00847	0.00688	0.00212	0.00582	0.00688	0.00847	0.01164
27	0.01419	0.01216	0.01419	0.01013	0.01621	0.00912	0.00811	0.01723	0.01419	0.02229	0.01216	0.01419	0.01013	0.00507	0.00507	0.00101	0.00507	0.00405	0.00405	0.80139
28	0.00815	0.00693	0.00701	0.00699	0.00928	0.00580	0.00525	0.00994	0.01574	0.01882	0.09365	0.06528	0.68955	0.01720	0.00809	0.00230	0.00346	0.01436	0.00640	0.00580
29	0.01372	0.03539	0.72412	0.01950	0.02961	0.01589	0.02528	0.02167	0.01444	0.02167	0.01228	0.01444	0.00867	0.00650	0.00650	0.00217	0.01011	0.00506	0.00289	0.01011
30	0.01292	0.01216	0.02052	0.74312	0.04712	0.01520	0.01900	0.01748	0.01368	0.01748	0.01216	0.01824	0.00912	0.00684	0.00684	0.00228	0.00912	0.00608	0.00304	0.00760
31	0.00968	0.00699	0.00914	0.00861	0.01022	0.00646	0.00646	0.01291	0.01937	0.02743	0.71328	0.05110	0.06455	0.01399	0.00807	0.00215	0.00323	0.01237	0.00753	0.00646
32	0.01693	0.01626	0.02777	0.04199	0.71689	0.01626	0.02100	0.02100	0.01558	0.02235	0.01287	0.01693	0.01084	0.00610	0.00677	0.00203	0.00813	0.00610	0.00339	0.01084
33	0.00834	0.00595	0.00794	0.00953	0.00992	0.00556	0.00635	0.00953	0.01310	0.01746	0.03771	0.75510	0.04525	0.02143	0.00873	0.00278	0.00397	0.01945	0.00635	0.00556
34	0.00834	0.00595	0.00794	0.00953	0.00992	0.00556	0.00635	0.00953	0.01310	0.01746	0.03771	0.75510	0.04525	0.02143	0.00873	0.00278	0.00397	0.01945	0.00635	0.00556
35	0.00834	0.00595	0.00794	0.00953	0.00992	0.00556	0.00635	0.00953	0.01310	0.01746	0.03771	0.75510	0.04525	0.02143	0.00873	0.00278	0.00397	0.01945	0.00635	0.00556
36	0.01615	0.01845	0.04037	0.02884	0.03576	0.01730	0.69204	0.02191	0.01615	0.02191	0.01384	0.01845	0.01038	0.00577	0.00807	0.00231	0.01153	0.00807	0.00346	0.00923
37	0.02556	0.03261	0.01939	0.01763	0.02115	0.73210	0.01322	0.02732	0.01939	0.01674	0.01058	0.01234	0.00881	0.00705	0.00617	0.00176	0.01234	0.00441	0.00353	0.00793
38	0.01615	0.01845	0.04037	0.02884	0.03576	0.01730	0.69204	0.02191	0.01615	0.02191	0.01384	0.01845	0.01038	0.00577	0.00807	0.00231	0.01153	0.00807	0.00346	0.00923
39	0.74328	0.01353	0.01071	0.00948	0.01374	0.01566	0.00778	0.04822	0.04120	0.03111	0.01057	0.01193	0.00814	0.00655	0.00445	0.00212	0.00539	0.00397	0.00445	0.00772
40	0.01372	0.03539	0.72412	0.01950	0.02961	0.01589	0.02528	0.02167	0.01444	0.02167	0.01228	0.01444	0.00867	0.00650	0.00650	0.00217	0.01011	0.00506	0.00289	0.01011
41	0.01020	0.00728	0.01007	0.01165	0.01286	0.00716	0.00958	0.01274	0.01493	0.01955	0.03668	0.28624	0.04119	0.01968	0.00923	0.00304	0.00558	0.46995	0.00632	0.00607
42	0.00882	0.00703	0.00805	0.00864	0.01051	0.00625	0.00675	0.01082	0.01530	0.01882	0.05713	0.16106	0.46260	0.01825	0.00850	0.00257	0.00421	0.17246	0.00634	0.00587
43	0.01693	0.01626	0.02777	0.04199	0.71689	0.01626	0.02100	0.02100	0.01558	0.02235	0.01287	0.01693	0.01084	0.00610	0.00677	0.00203	0.00813	0.00610	0.00339	0.01084
44	0.01354	0.01254	0.01976	0.63270	0.04268	0.01547	0.01776	0.02034	0.11829	0.01917	0.01454	0.01934	0.01090	0.00721	0.00686	0.00229	0.00856	0.00633	0.00363	0.00809
45	0.80789	0.01323	0.01006	0.00900	0.01323	0.01535	0.00741	0.02011	0.01164	0.03070	0.00953	0.01111	0.00741	0.00635	0.00423	0.00212	0.00529	0.00370	0.00423	0.00741
46	0.01589	0.01688	0.03144	0.05258	0.02886	0.01876	0.38170	0.04158	0.01438	0.02033	0.01198	0.01703	0.00983	0.00829	0.01354	0.00256	0.29531	0.00713	0.00337	0.00857
47	0.00832	0.00599	0.00790	0.00942	0.00989	0.00557	0.00630	0.00954	0.01320	0.01751	0.03902	0.72655	0.07295	0.02126	0.00871	0.00276	0.00395	0.01924	0.00635	0.00557
48	0.01697	0.01673	0.02414	0.10424	0.39912	0.09231	0.06100	0.02125	0.04384	0.03994	0.01819	0.02121	0.06967	0.00759	0.00746	0.00212	0.03396	0.00682	0.00389	0.00957
49	0.01510	0.01451	0.02136	0.42106	0.15244	0.04850	0.04077	0.02246	0.15281	0.02065	0.01541	0.01922	0.01180	0.00718	0.00687	0.00222	0.00844	0.00641	0.00392	0.00886
50	0.01419	0.01216	0.01419	0.01013	0.01621	0.00912	0.00811	0.01723	0.01419	0.02229	0.01216	0.01419	0.01013	0.00507	0.00507	0.00101	0.00507	0.00405	0.00405	0.80139
51	0.00977	0.00733	0.01100	0.01100	0.01222	0.00855	0.00855	0.01222	0.01100	0.01588	0.01833	0.02688	0.01710	0.05131	0.73245	0.01100	0.01833	0.00733	0.00367	0.00611
52	0.01327	0.01119	0.01242	0.01286	0.03596	0.05872	0.00959	0.04668	0.17510	0.02339	0.13792	0.22839	0.03652	0.01494	0.00806	0.00253	0.00552	0.15288	0.00640	0.00764
53	0.77603	0.01347	0.01048	0.00927	0.01356	0.01559	0.00764	0.04757	0.01248	0.03120	0.00981	0.01133	0.00758	0.00643	0.00434	0.00211	0.00538	0.00380	0.00434	0.00758
54	0.00879	0.00673	0.00806	0.00821	0.00980	0.00600	0.00597	0.01100	0.01653	0.02186	0.32166	0.22090	0.29589	0.01694	0.00823	0.00236	0.00349	0.01478	0.00683	0.00600
55	0.48976	0.01467	0.01416	0.06581	0.01812	0.01688	0.01011	0.18940	0.01717	0.05580	0.01203	0.01357	0.00899	0.00718	0.00600	0.00215	0.03998	0.00471	0.00489	0.00863
56	0.02015	0.46420	0.04916	0.01454	0.01958	0.23996	0.03434	0.02245	0.01550	0.01665	0.01002	0.01190	0.00885	0.00651	0.00593	0.00167	0.04278	0.00417	0.00313	0.00851
57	0.08653	0.00787	0.00767	0.00731	0.00940	0.00825	0.00561	0.04477	0.04344	0.02683	0.02113	0.02381	0.01650	0.00789	0.00491	0.00169	0.00365	0.00618	0.65970	0.00687
58	0.00995	0.00663	0.00746	0.00746	0.00746	0.00663	0.00415	0.00995	0.00995	0.01327	0.02156	0.04477	0.02487	0.75957	0.03482	0.00663	0.00663	0.00995	0.00415	0.00415
59	0.10483	0.01417	0.02254	0.21665	0.28856	0.01520	0.07638	0.04264	0.03698	0.02295	0.05140	0.04891	0.01457	0.00751	0.00678	0.00218	0.00783	0.00693	0.00397	0.00903
60	0.01311	0.01228	0.02029	0.70987	0.04578	0.01528	0.01863	0.01834	0.04518	0.01799	0.01288	0.01857	0.00966	0.00695	0.00685	0.00228	0.00895	0.00616	0.00322	0.00775
61	0.00929	0.00698	0.00860	0.00820	0.00998	0.00629	0.00615	0.01216	0.01844	0.02525	0.55601	0.05470	0.22319	0.01480	0.00807	0.00219	0.00329	0.01288	0.00724	0.00629
62	0.00918	0.00633	0.00780	0.00855	0.00878	0.00618	0.00533	0.00982	0.01148	0.01534	0.02913	0.38156	0.03431	0.38678	0.04433	0.00494	0.00573	0.01438	0.00518	0.00488
63	0.01374	0.01282	0.02122	0.51842	0.14262	0.01501	0.03908	0.01909	0.05750	0.01926	0.01502	0.02271	0.01231	0.00771	0.00706	0.00231	0.00861	0.05367	0.00358	0.00824
64	0.01449	0.15705	0.60914	0.01820	0.02760	0.01776	0.02301	0.02147	0.01435	0.02074	0.01182	0.01386	0.00869	0.00639	0.00615	0.00205	0.00964	0.00482	0.00290	0.00989
65	0.01400	0.07942	0.68251	0.01903	0.02888	0.01656	0.02446	0.02159	0.01441	0.02133	0.01211	0.01423	0.00867	0.00646	0.00637	0.00212	0.00994	0.00497	0.00289	0.01003
66	0.80789	0.01323	0.01006	0.00900	0.01323	0.01535	0.00741	0.02011	0.01164	0.03070	0.00953	0.01111	0.00741	0.00635	0.00423	0.00212	0.00529	0.00370	0.00423	0.00741
67	0.01039	0.00699	0.00887	0.00894	0.01009	0.00651	0.00621	0.01216	0.01482	0.04874	0.25847	0.26859	0.04413	0.19733	0.01467	0.00343	0.00456	0.03402	0.00621	0.03489
68	0.00907	0.00659	0.00836	0.00915	0.01012	0.00614	0.00640	0.01041	0.01342	0.01777	0.07295	0.42623	0.13587	0.09431	0.04178	0.03355	0.00497	0.05662	0.00588	0.03042
69	0.02717	0.01730	0.01938	0.01486	0.02029	0.01845	0.01227	0.53026	0.02905	0.21134	0.01904	0.01813	0.01295	0.00828	0.00685	0.00207	0.00711	0.00634	0.00725	0.01164
70	0.00959	0.00648	0.00757	0.00792	0.00801	0.00639	0.00464	0.00986	0.01065	0.01420	0.02514	0.20255	0.02940	0.59561	0.02903	0.00578	0.00604	0.01206	0.00464	0.00446
71	0.01188	0.00594	0.00891	0.00891	0.00891	0.00594	0.00594	0.00891	0.00891	0.01188	0.01188	0.02080	0.01188	0.02377	0.02674	0.80095	0.00594	0.00594	0.00297	0.00297
72	0.01292	0.01216	0.02052	0.74312	0.04712	0.01520	0.01900	0.01748	0.01368	0.01748	0.01216	0.01824	0.00912	0.00684	0.00684	0.00228	0.00912	0.00608	0.00304	0.00760
73	0.80789	0.01323	0.01006	0.00900	0.01323	0.01535	0.00741	0.02011	0.01164	0.03070	0.00953	0.01111	0.00741	0.00635	0.00423	0.00212	0.00529	0.00370	0.00423	0.00741
74	0.02374	0.02958	0.01966	0.01768	0.02060	0.61027	0.01352	0.02546	0.01786	0.01670	0.01030	0.01279	0.00884	0.00789	0.00896	0.00197	0.13821	0.00468	0.00343	0.00785
75	0.01615	0.01845	0.04037	0.02884	0.03576	0.01730	0.69204	0.02191	0.01615	0.02191	0.01384	0.01845	0.01038	0.00577	0.00807	0.00231	0.01153	0.00807	0.00346	0.00923
76	0.02907	0.01128	0.01536	0.01190	0.01690	0.00978	0.00978	0.03176	0.01956	0.66788	0.08013	0.02544	0.02062	0.00889	0.00697	0.00212	0.00562	0.00731	0.00840	0.01124
77	0.02556	0.03261	0.01939	0.01763	0.02115	0.73210	0.01322	0.02732	0.01939	0.01674	0.01058	0.01234	0.00881	0.00705	0.00617	0.00176	0.01234	0.00441	0.00353	0.00793
78	0.00962	0.00699	0.00906	0.00855	0.01018	0.00643	0.00641	0.01280	0.01923	0.02711	0.68973	0.05164	0.08831	0.01411	0.00807	0.00216	0.00324	0.01245	0.00749	0.00643
79	0.00809	0.00693	0.00693	0.00693	0.00924	0.00578	0.00520	0.00982	0.01559	0.01848	0.06931	0.06584	0.71411	0.01733	0.00809	0.00231	0.00347	0.01444	0.00635	0.00578
80	0.01292	0.01216	0.02052	0.74312	0.04712	0.01520	0.01900	0.01748	0.01368	0.01748	0.01216	0.01824	0.00912	0.00684	0.00684	0.00228	0.00912	0.00608	0.00304	0.00760
81	0.00977	0.00733	0.01100	0.01100	0.01222	0.00855	0.00855	0.01222	0.01100	0.01588	0.01833	0.02688	0.01710	0.05131	0.73245	0.01100	0.01833	0.00733	0.00367	0.00611
82	0.00995	0.00663	0.00746	0.00746	0.00746	0.00663	0.00415	0.00995	0.00995	0.01327	0.02156	0.04477	0.02487	0.75957	0.03482	0.00663	0.00663	0.00995	0.00415	0.00415
83	0.01419	0.01216	0.01419	0.01013	0.01621	0.00912	0.00811	0.01723	0.01419	0.02229	0.01216	0.01419	0.01013	0.00507	0.00507	0.00101	0.00507	0.00405	0.00405	0.80139
84	0.01702	0.01470	0.01547	0.01392	0.01779	0.01702	0.01083	0.03635	0.70453	0.02862	0.02785	0.02553	0.02088	0.00928	0.00696	0.00232	0.00541	0.00773	0.00696	0.01083
85	0.01615	0.01845	0.04037	0.02884	0.03576	0.01730	0.69204	0.02191	0.01615	0.02191	0.01384	0.01845	0.01038	0.00577	0.00807	0.00231	0.01153	0.00807	0.00346	0.00923

[dist]
# distance from previous block
# <min> <max>
0	1

[block]
# block no. 1 follows, 31 sequences, length 58
# corresponding to MSA columns:
# 135-192
name=unknown_B
#
# <colnr> <probs for GDERKNQSTAVLIFYWHMCP>
#	G	D	E	R	K	N	Q	S	T	A	V	L	I	F	Y	W	H	M	C	P
0	0.03050	0.01196	0.01607	0.01232	0.01762	0.01053	0.01018	0.06133	0.02011	0.69288	0.02654	0.02300	0.01671	0.00846	0.00688	0.00211	0.00589	0.00685	0.00840	0.01164
1	0.01509	0.01054	0.01151	0.01001	0.01179	0.01119	0.00694	0.22426	0.01708	0.02310	0.01998	0.03513	0.02044	0.49431	0.02486	0.00500	0.00677	0.00862	0.03682	0.00658
2	0.02556	0.03261	0.01939	0.01763	0.02115	0.73210	0.01322	0.02732	0.01939	0.01674	0.01058	0.01234	0.00881	0.00705	0.00617	0.00176	0.01234	0.00441	0.00353	0.00793
3	0.00995	0.00663	0.00746	0.00746	0.00746	0.00663	0.00415	0.00995	0.00995	0.01327	0.02156	0.04477	0.02487	0.75957	0.03482	0.00663	0.00663	0.00995	0.00415	0.00415
4	0.03070	0.01164	0.01588	0.01217	0.01746	0.01006	0.01006	0.03334	0.01958	0.72163	0.02699	0.02329	0.01694	0.00847	0.00688	0.00212	0.00582	0.00688	0.00847	0.01164
5	0.00995	0.00663	0.00746	0.00746	0.00746	0.00663	0.00415	0.00995	0.00995	0.01327	0.02156	0.04477	0.02487	0.75957	0.03482	0.00663	0.00663	0.00995	0.00415	0.00415
6	0.01679	0.01611	0.02750	0.06757	0.69246	0.01622	0.02092	0.02087	0.01551	0.02217	0.01284	0.01698	0.01077	0.00612	0.00678	0.00204	0.00816	0.00610	0.00337	0.01072
7	0.80789	0.01323	0.01006	0.00900	0.01323	0.01535	0.00741	0.02011	0.01164	0.03070	0.00953	0.01111	0.00741	0.00635	0.00423	0.00212	0.00529	0.00370	0.00423	0.00741
8	0.00977	0.00733	0.01100	0.01100	0.01222	0.00855	0.00855	0.01222	0.01100	0.01588	0.01833	0.02688	0.01710	0.05131	0.73245	0.01100	0.01833	0.00733	0.00367	0.00611
9	0.00991	0.00678	0.00820	0.00820	0.00846	0.00704	0.00507	0.01042	0.01017	0.01381	0.02088	0.04102	0.02324	0.61092	0.18124	0.00755	0.00909	0.00940	0.00404	0.00456
10	0.01693	0.01626	0.02777	0.04199	0.71689	0.01626	0.02100	0.02100	0.01558	0.02235	0.01287	0.01693	0.01084	0.00610	0.00677	0.00203	0.00813	0.00610	0.00339	0.01084
11	0.05797	0.02155	0.01897	0.01558	0.02028	0.20376	0.01244	0.38413	0.11719	0.05585	0.01649	0.01658	0.01213	0.00798	0.00658	0.00202	0.00834	0.00584	0.00594	0.01039
12	0.00845	0.00636	0.00774	0.00861	0.00966	0.00574	0.00595	0.00995	0.01430	0.01855	0.11051	0.46295	0.23981	0.04639	0.00943	0.00272	0.00385	0.01698	0.00638	0.00565
13	0.00961	0.00649	0.00756	0.00790	0.00798	0.00640	0.00461	0.00986	0.01062	0.01416	0.02498	0.19547	0.02920	0.60297	0.02929	0.00582	0.00607	0.01196	0.00461	0.00444
14	0.80789	0.01323	0.01006	0.00900	0.01323	0.01535	0.00741	0.02011	0.01164	0.03070	0.00953	0.01111	0.00741	0.00635	0.00423	0.00212	0.00529	0.00370	0.00423	0.00741
15	0.01187	0.00919	0.01352	0.21719	0.02159	0.01109	0.01120	0.01500	0.01251	0.01871	0.01666	0.02297	0.01418	0.02457	0.28467	0.00551	0.08151	0.00662	0.19471	0.00673
16	0.02601	0.01916	0.02053	0.01574	0.02122	0.02122	0.01300	0.69408	0.03217	0.04312	0.01643	0.01643	0.01163	0.00821	0.00684	0.00205	0.00753	0.00616	0.00684	0.01163
17	0.01693	0.01626	0.02777	0.04199	0.71689	0.01626	0.02100	0.02100	0.01558	0.02235	0.01287	0.01693	0.01084	0.00610	0.00677	0.00203	0.00813	0.00610	0.00339	0.01084
18	0.04614	0.12339	0.61146	0.01813	0.02748	0.01723	0.02290	0.02146	0.01427	0.02135	0.01183	0.01389	0.00863	0.00641	0.00615	0.00208	0.00958	0.00483	0.00295	0.00984
19	0.01600	0.01530	0.02608	0.20529	0.56089	0.01601	0.02053	0.02018	0.01514	0.02122	0.01270	0.01724	0.01044	0.00627	0.00679	0.00209	0.00836	0.00609	0.00331	0.01008
20	0.01814	0.72938	0.03517	0.01199	0.01758	0.02679	0.01186	0.02030	0.01374	0.01611	0.00949	0.01116	0.00879	0.00613	0.00522	0.00153	0.04121	0.00376	0.00293	0.00872
21	0.80789	0.01323	0.01006	0.00900	0.01323	0.01535	0.00741	0.02011	0.01164	0.03070	0.00953	0.01111	0.00741	0.00635	0.00423	0.00212	0.00529	0.00370	0.00423	0.00741
22	0.00977	0.00733	0.01100	0.01100	0.01222	0.00855	0.00855	0.01222	0.01100	0.01588	0.01833	0.02688	0.01710	0.05131	0.73245	0.01100	0.01833	0.00733	0.00367	0.00611
23	0.00996	0.00718	0.00871	0.00896	0.01054	0.00666	0.00662	0.01253	0.03786	0.04267	0.20493	0.22531	0.23402	0.07349	0.01033	0.00279	0.00419	0.08053	0.00655	0.00616
24	0.01629	0.01535	0.02596	0.03881	0.64086	0.01535	0.01992	0.02026	0.01560	0.02215	0.01540	0.02345	0.01392	0.00748	0.00706	0.00215	0.00793	0.07802	0.00370	0.01035
25	0.01189	0.00621	0.00924	0.03252	0.01020	0.00634	0.00639	0.00961	0.00938	0.01281	0.01257	0.02112	0.01222	0.02335	0.04699	0.71409	0.00630	0.00601	0.03940	0.00337
26	0.00995	0.00663	0.00746	0.00746	0.00746	0.00663	0.00415	0.00995	0.00995	0.01327	0.02156	0.04477	0.02487	0.75957	0.03482	0.00663	0.00663	0.00995	0.00415	0.00415
27	0.02832	0.01151	0.01531	0.01198	0.01695	0.01022	0.00981	0.03200	0.06221	0.62955	0.05343	0.02586	0.04226	0.00902	0.00697	0.00214	0.00562	0.00739	0.00827	0.01121
28	0.80789	0.01323	0.01006	0.00900	0.01323	0.01535	0.00741	0.02011	0.01164	0.03070	0.00953	0.01111	0.00741	0.00635	0.00423	0.00212	0.00529	0.00370	0.00423	0.00741
29	0.02556	0.03261	0.01939	0.01763	0.02115	0.73210	0.01322	0.02732	0.01939	0.01674	0.01058	0.01234	0.00881	0.00705	0.00617	0.00176	0.01234	0.00441	0.00353	0.00793
30	0.00961	0.00698	0.00907	0.00869	0.01029	0.00644	0.00654	0.01271	0.01889	0.02652	0.64345	0.07521	0.09068	0.01452	0.00813	0.00221	0.00336	0.03290	0.00741	0.00639
31	0.03070	0.01164	0.01588	0.01217	0.01746	0.01006	0.01006	0.03334	0.01958	0.72163	0.02699	0.02329	0.01694	0.00847	0.00688	0.00212	0.00582	0.00688	0.00847	0.01164
32	0.02601	0.01916	0.02053	0.01574	0.02122	0.02122	0.01300	0.69408	0.03217	0.04312	0.01643	0.01643	0.01163	0.00821	0.00684	0.00205	0.00753	0.00616	0.00684	0.01163
33	0.80789	0.01323	0.01006	0.00900	0.01323	0.01535	0.00741	0.02011	0.01164	0.03070	0.00953	0.01111	0.00741	0.00635	0.00423	0.00212	0.00529	0.00370	0.00423	0.00741
34	0.02601	0.01916	0.02053	0.01574	0.02122	0.02122	0.01300	0.69408	0.03217	0.04312	0.01643	0.01643	0.01163	0.00821	0.00684	0.00205	0.00753	0.00616	0.00684	0.01163
35	0.03070	0.01164	0.01588	0.01217	0.01746	0.01006	0.01006	0.03334	0.01958	0.72163	0.02699	0.02329	0.01694	0.00847	0.00688	0.00212	0.00582	0.00688	0.00847	0.01164
36	0.03070	0.01164	0.01588	0.01217	0.01746	0.01006	0.01006	0.03334	0.01958	0.72163	0.02699	0.02329	0.01694	0.00847	0.00688	0.00212	0.00582	0.00688	0.00847	0.01164
37	0.80789	0.01323	0.01006	0.00900	0.01323	0.01535	0.00741	0.02011	0.01164	0.03070	0.00953	0.01111	0.00741	0.00635	0.00423	0.00212	0.00529	0.00370	0.00423	0.00741
38	0.03070	0.01164	0.01588	0.01217	0.01746	0.01006	0.01006	0.03334	0.01958	0.72163	0.02699	0.02329	0.01694	0.00847	0.00688	0.00212	0.00582	0.00688	0.00847	0.01164
39	0.01702	0.01470	0.01547	0.01392	0.01779	0.01702	0.01083	0.03635	0.70453	0.02862	0.02785	0.02553	0.02088	0.00928	0.00696	0.00232	0.00541	0.00773	0.00696	0.01083
40	0.01702	0.01470	0.01547	0.01392	0.01779	0.01702	0.01083	0.03635	0.70453	0.02862	0.02785	0.02553	0.02088	0.00928	0.00696	0.00232	0.00541	0.00773	0.00696	0.01083
41	0.02601	0.01916	0.02053	0.01574	0.02122	0.02122	0.01300	0.69408	0.03217	0.04312	0.01643	0.01643	0.01163	0.00821	0.00684	0.00205	0.00753	0.00616	0.00684	0.01163
42	0.00871	0.00622	0.00837	0.00996	0.01052	0.00588	0.00701	0.01018	0.01347	0.01789	0.03750	0.65966	0.04442	0.02108	0.00883	0.00283	0.00430	0.11115	0.00634	0.00566
43	0.00943	0.00642	0.00761	0.00812	0.00825	0.00629	0.00485	0.00981	0.01095	0.01460	0.02670	0.27108	0.03136	0.52440	0.02651	0.00540	0.00578	0.01298	0.00485	0.00460
44	0.00834	0.00595	0.00794	0.00953	0.00992	0.00556	0.00635	0.00953	0.01310	0.01746	0.03771	0.75510	0.04525	0.02143	0.00873	0.00278	0.00397	0.01945	0.00635	0.00556
45	0.00977	0.00733	0.01100	0.01100	0.01222	0.00855	0.00855	0.01222	0.01100	0.01588	0.01833	0.02688	0.01710	0.05131	0.73245	0.01100	0.01833	0.00733	0.00367	0.00611
46	0.01497	0.01497	0.02095	0.01796	0.01796	0.02095	0.01497	0.01646	0.01048	0.01646	0.00898	0.01497	0.00898	0.01197	0.02245	0.00299	0.74704	0.00599	0.00299	0.00748
47	0.00834	0.00595	0.00794	0.00953	0.00992	0.00556	0.00635	0.00953	0.01310	0.01746	0.03771	0.75510	0.04525	0.02143	0.00873	0.00278	0.00397	0.01945	0.00635	0.00556
48	0.01829	0.76368	0.03585	0.01171	0.01756	0.02707	0.01171	0.02049	0.01390	0.01610	0.00951	0.01097	0.00878	0.00585	0.00439	0.00146	0.00732	0.00366	0.00293	0.00878
49	0.00978	0.00728	0.01076	0.01076	0.01190	0.00843	0.00826	0.01207	0.01093	0.01571	0.01854	0.02806	0.01762	0.09799	0.68647	0.01071	0.01755	0.00750	0.00370	0.00598
50	0.03070	0.01164	0.01588	0.01217	0.01746	0.01006	0.01006	0.03334	0.01958	0.72163	0.02699	0.02329	0.01694	0.00847	0.00688	0.00212	0.00582	0.00688	0.00847	0.01164
51	0.01292	0.01216	0.02052	0.74312	0.04712	0.01520	0.01900	0.01748	0.01368	0.01748	0.01216	0.01824	0.00912	0.00684	0.00684	0.00228	0.00912	0.00608	0.00304	0.00760
52	0.01702	0.01470	0.01547	0.01392	0.01779	0.01702	0.01083	0.03635	0.70453	0.02862	0.02785	0.02553	0.02088	0.00928	0.00696	0.00232	0.00541	0.00773	0.00696	0.01083
53	0.01292	0.01216	0.02052	0.74312	0.04712	0.01520	0.01900	0.01748	0.01368	0.01748	0.01216	0.01824	0.00912	0.00684	0.00684	0.00228	0.00912	0.00608	0.00304	0.00760
54	0.00845	0.00604	0.00807	0.00966	0.01010	0.00566	0.00655	0.00972	0.01321	0.01759	0.03764	0.72614	0.04500	0.02133	0.00876	0.00279	0.00407	0.04728	0.00635	0.00559
55	0.45828	0.01252	0.01267	0.01043	0.01514	0.01297	0.00860	0.02606	0.01521	0.34150	0.01738	0.01659	0.01169	0.00730	0.00542	0.00212	0.00553	0.00513	0.00614	0.00931
56	0.01576	0.01326	0.01454	0.01364	0.01703	0.01510	0.01087	0.03170	0.55997	0.02691	0.02960	0.03636	0.02476	0.01130	0.00748	0.00249	0.00560	0.14691	0.00682	0.00988
57	0.01829	0.76368	0.03585	0.01171	0.01756	0.02707	0.01171	0.02049	0.01390	0.01610	0.00951	0.01097	0.00878	0.00585	0.00439	0.00146	0.00732	0.00366	0.00293	0.00878

[dist]
# distance from previous block
# <min> <max>
1	8

[block]
# block no. 2 follows, 31 sequences, length 58
# corresponding to MSA columns:
# 201-258
name=unknown_C
#
# <colnr> <probs for GDERKNQSTAVLIFYWHMCP>
#	G	D	E	R	K	N	Q	S	T	A	V	L	I	F	Y	W	H	M	C	P
0	0.01621	0.01703	0.03336	0.08951	0.27996	0.01675	0.37321	0.02177	0.04124	0.02197	0.01388	0.01815	0.01083	0.00610	0.00747	0.00221	0.00990	0.00719	0.00353	0.00973
1	0.04280	0.01289	0.02094	0.57051	0.04066	0.01623	0.04274	0.01757	0.01317	0.01797	0.01160	0.01745	0.00908	0.00763	0.00935	0.00239	0.13025	0.00605	0.00309	0.00763
2	0.01591	0.01787	0.03851	0.02842	0.05977	0.01681	0.63815	0.02138	0.01586	0.02157	0.01413	0.01951	0.01101	0.03761	0.00916	0.00248	0.01120	0.00808	0.00349	0.00907
3	0.01024	0.00707	0.00849	0.00909	0.03765	0.00713	0.00506	0.01052	0.01024	0.01377	0.02104	0.04275	0.02391	0.69441	0.06647	0.00664	0.00725	0.00966	0.00409	0.00452
4	0.05098	0.01763	0.02499	0.10416	0.52126	0.10102	0.01903	0.02179	0.03461	0.02174	0.01280	0.01650	0.01056	0.00638	0.00661	0.00204	0.00853	0.00584	0.00350	0.01004
5	0.80789	0.01323	0.01006	0.00900	0.01323	0.01535	0.00741	0.02011	0.01164	0.03070	0.00953	0.01111	0.00741	0.00635	0.00423	0.00212	0.00529	0.00370	0.00423	0.00741
6	0.00878	0.00643	0.00835	0.00971	0.01059	0.00600	0.00702	0.01040	0.01392	0.01815	0.04190	0.53689	0.13855	0.02040	0.00877	0.00278	0.00431	0.13499	0.00634	0.00572
7	0.00979	0.00760	0.00858	0.00870	0.01033	0.00723	0.00619	0.03363	0.06724	0.01997	0.11403	0.25083	0.29852	0.11189	0.01155	0.00297	0.00426	0.01430	0.00625	0.00614
8	0.01829	0.76368	0.03585	0.01171	0.01756	0.02707	0.01171	0.02049	0.01390	0.01610	0.00951	0.01097	0.00878	0.00585	0.00439	0.00146	0.00732	0.00366	0.00293	0.00878
9	0.00968	0.00699	0.00914	0.00861	0.01022	0.00646	0.00646	0.01291	0.01937	0.02743	0.71328	0.05110	0.06455	0.01399	0.00807	0.00215	0.00323	0.01237	0.00753	0.00646
10	0.00977	0.00733	0.01100	0.01100	0.01222	0.00855	0.00855	0.01222	0.01100	0.01588	0.01833	0.02688	0.01710	0.05131	0.73245	0.01100	0.01833	0.00733	0.00367	0.00611
11	0.08165	0.01508	0.02080	0.43281	0.03626	0.05229	0.06093	0.15465	0.01784	0.04413	0.01326	0.01716	0.00978	0.00706	0.00668	0.00219	0.00872	0.00597	0.00411	0.00863
12	0.01664	0.01697	0.05501	0.06312	0.63669	0.01626	0.05268	0.02095	0.01550	0.02215	0.01287	0.01695	0.01068	0.00612	0.00683	0.00206	0.00840	0.00615	0.00336	0.01063
13	0.01702	0.01470	0.01547	0.01392	0.01779	0.01702	0.01083	0.03635	0.70453	0.02862	0.02785	0.02553	0.02088	0.00928	0.00696	0.00232	0.00541	0.00773	0.00696	0.01083
14	0.00865	0.00603	0.00800	0.00934	0.00974	0.00567	0.00620	0.00965	0.01294	0.01732	0.06053	0.65140	0.04316	0.06602	0.01114	0.04056	0.00420	0.01798	0.00610	0.00538
15	0.02665	0.01814	0.01990	0.01525	0.02070	0.01969	0.01260	0.60400	0.03045	0.13562	0.01787	0.01736	0.01236	0.00825	0.00685	0.00206	0.00730	0.00626	0.00707	0.01164
16	0.02370	0.01802	0.01923	0.01527	0.02034	0.02014	0.01244	0.52510	0.20490	0.03939	0.01936	0.01876	0.01401	0.00849	0.00687	0.00212	0.00699	0.00656	0.00687	0.01143
17	0.01829	0.76368	0.03585	0.01171	0.01756	0.02707	0.01171	0.02049	0.01390	0.01610	0.00951	0.01097	0.00878	0.00585	0.00439	0.00146	0.00732	0.00366	0.00293	0.00878
18	0.80789	0.01323	0.01006	0.00900	0.01323	0.01535	0.00741	0.02011	0.01164	0.03070	0.00953	0.01111	0.00741	0.00635	0.00423	0.00212	0.00529	0.00370	0.00423	0.00741
19	0.00860	0.00695	0.00758	0.00764	0.00964	0.00603	0.00574	0.01057	0.01591	0.01982	0.16961	0.08868	0.51773	0.04612	0.00923	0.00252	0.00373	0.05160	0.00646	0.00584
20	0.06767	0.01107	0.01574	0.05302	0.14725	0.01059	0.01121	0.02264	0.01775	0.28666	0.22130	0.05625	0.02963	0.00989	0.00711	0.00214	0.00557	0.00855	0.00664	0.00931
21	0.80789	0.01323	0.01006	0.00900	0.01323	0.01535	0.00741	0.02011	0.01164	0.03070	0.00953	0.01111	0.00741	0.00635	0.00423	0.00212	0.00529	0.00370	0.00423	0.00741
22	0.00834	0.00595	0.00794	0.00953	0.00992	0.00556	0.00635	0.00953	0.01310	0.01746	0.03771	0.75510	0.04525	0.02143	0.00873	0.00278	0.00397	0.01945	0.00635	0.00556
23	0.00977	0.00733	0.01100	0.01100	0.01222	0.00855	0.00855	0.01222	0.01100	0.01588	0.01833	0.02688	0.01710	0.05131	0.73245	0.01100	0.01833	0.00733	0.00367	0.00611
24	0.01292	0.01216	0.02052	0.74312	0.04712	0.01520	0.01900	0.01748	0.01368	0.01748	0.01216	0.01824	0.00912	0.00684	0.00684	0.00228	0.00912	0.00608	0.00304	0.00760
25	0.80789	0.01323	0.01006	0.00900	0.01323	0.01535	0.00741	0.02011	0.01164	0.03070	0.00953	0.01111	0.00741	0.00635	0.00423	0.00212	0.00529	0.00370	0.00423	0.00741
26	0.00995	0.00663	0.00746	0.00746	0.00746	0.00663	0.00415	0.00995	0.00995	0.01327	0.02156	0.04477	0.02487	0.75957	0.03482	0.00663	0.00663	0.00995	0.00415	0.00415
27	0.77628	0.01347	0.01048	0.00927	0.01355	0.01558	0.00764	0.04736	0.01247	0.03120	0.00981	0.01133	0.00758	0.00643	0.00434	0.00211	0.00538	0.00380	0.00434	0.00758
28	0.01577	0.00850	0.01092	0.00943	0.01237	0.00748	0.00736	0.01858	0.01867	0.23146	0.38520	0.04425	0.15513	0.01265	0.00764	0.00214	0.00409	0.01085	0.00752	0.02999
29	0.02601	0.01916	0.02053	0.01574	0.02122	0.02122	0.01300	0.69408	0.03217	0.04312	0.01643	0.01643	0.01163	0.00821	0.00684	0.00205	0.00753	0.00616	0.00684	0.01163
30	0.00809	0.00693	0.00693	0.00693	0.00924	0.00578	0.00520	0.00982	0.01559	0.01848	0.06931	0.06584	0.71411	0.01733	0.00809	0.00231	0.00347	0.01444	0.00635	0.00578
31	0.00987	0.00704	0.00915	0.00961	0.01106	0.00661	0.00753	0.01197	0.01589	0.02110	0.25079	0.12824	0.17249	0.01781	0.01043	0.08303	0.00454	0.21063	0.00636	0.00584
32	0.80789	0.01323	0.01006	0.00900	0.01323	0.01535	0.00741	0.02011	0.01164	0.03070	0.00953	0.01111	0.00741	0.00635	0.00423	0.00212	0.00529	0.00370	0.00423	0.00741
33	0.00809	0.00693	0.00693	0.00693	0.00924	0.00578	0.00520	0.00982	0.01559	0.01848	0.06931	0.06584	0.71411	0.01733	0.00809	0.00231	0.00347	0.01444	0.00635	0.00578
34	0.01786	0.01451	0.01549	0.01381	0.01777	0.01659	0.01078	0.03617	0.66237	0.07127	0.02779	0.02539	0.02064	0.00923	0.00696	0.00231	0.00544	0.00768	0.00705	0.01088
35	0.00854	0.00612	0.00808	0.00958	0.01009	0.00574	0.00654	0.00983	0.01324	0.01755	0.03803	0.67195	0.06343	0.04368	0.00955	0.00291	0.00418	0.05911	0.00628	0.00557
36	0.00977	0.00733	0.01100	0.01100	0.01222	0.00855	0.00855	0.01222	0.01100	0.01588	0.01833	0.02688	0.01710	0.05131	0.73245	0.01100	0.01833	0.00733	0.00367	0.00611
37	0.01292	0.01216	0.02052	0.74312	0.04712	0.01520	0.01900	0.01748	0.01368	0.01748	0.01216	0.01824	0.00912	0.00684	0.00684	0.00228	0.00912	0.00608	0.00304	0.00760
38	0.80789	0.01323	0.01006	0.00900	0.01323	0.01535	0.00741	0.02011	0.01164	0.03070	0.00953	0.01111	0.00741	0.00635	0.00423	0.00212	0.00529	0.00370	0.00423	0.00741
39	0.01082	0.00773	0.01079	0.01236	0.01385	0.00770	0.01066	0.01382	0.01555	0.02024	0.03634	0.12932	0.03983	0.01909	0.00939	0.00312	0.00612	0.62073	0.00630	0.00624
40	0.00977	0.00733	0.01100	0.01100	0.01222	0.00855	0.00855	0.01222	0.01100	0.01588	0.01833	0.02688	0.01710	0.05131	0.73245	0.01100	0.01833	0.00733	0.00367	0.00611
41	0.00995	0.00663	0.00746	0.00746	0.00746	0.00663	0.00415	0.00995	0.00995	0.01327	0.02156	0.04477	0.02487	0.75957	0.03482	0.00663	0.00663	0.00995	0.00415	0.00415
42	0.80789	0.01323	0.01006	0.00900	0.01323	0.01535	0.00741	0.02011	0.01164	0.03070	0.00953	0.01111	0.00741	0.00635	0.00423	0.00212	0.00529	0.00370	0.00423	0.00741
43	0.00855	0.00688	0.00770	0.00822	0.01006	0.00603	0.00623	0.01037	0.01514	0.01857	0.05863	0.19911	0.49177	0.01833	0.00840	0.00252	0.00396	0.10738	0.00635	0.00581
44	0.00977	0.00733	0.01100	0.01100	0.01222	0.00855	0.00855	0.01222	0.01100	0.01588	0.01833	0.02688	0.01710	0.05131	0.73245	0.01100	0.01833	0.00733	0.00367	0.00611
45	0.01829	0.76368	0.03585	0.01171	0.01756	0.02707	0.01171	0.02049	0.01390	0.01610	0.00951	0.01097	0.00878	0.00585	0.00439	0.00146	0.00732	0.00366	0.00293	0.00878
46	0.01903	0.01569	0.01660	0.01433	0.01856	0.01796	0.01131	0.18340	0.55420	0.03186	0.02529	0.02349	0.01882	0.00904	0.00694	0.00226	0.00589	0.00738	0.00694	0.01101
47	0.01006	0.00739	0.00976	0.01089	0.01245	0.00710	0.00904	0.01271	0.01566	0.02028	0.09477	0.15950	0.16160	0.01856	0.00901	0.00288	0.00526	0.42053	0.00641	0.00612
48	0.01693	0.01626	0.02777	0.04199	0.71689	0.01626	0.02100	0.02100	0.01558	0.02235	0.01287	0.01693	0.01084	0.00610	0.00677	0.00203	0.00813	0.00610	0.00339	0.01084
49	0.01419	0.01216	0.01419	0.01013	0.01621	0.00912	0.00811	0.01723	0.01419	0.02229	0.01216	0.01419	0.01013	0.00507	0.00507	0.00101	0.00507	0.00405	0.00405	0.80139
50	0.00826	0.00686	0.00723	0.00730	0.00939	0.00582	0.00541	0.01010	0.01576	0.01927	0.12936	0.11869	0.59835	0.01733	0.00814	0.00233	0.00348	0.01463	0.00647	0.00582
51	0.00926	0.00694	0.00859	0.00826	0.00998	0.00626	0.00616	0.01207	0.01825	0.02498	0.53855	0.08168	0.21374	0.01504	0.00810	0.00221	0.00331	0.01312	0.00721	0.00626
52	0.00834	0.00595	0.00794	0.00953	0.00992	0.00556	0.00635	0.00953	0.01310	0.01746	0.03771	0.75510	0.04525	0.02143	0.00873	0.00278	0.00397	0.01945	0.00635	0.00556
53	0.00960	0.00699	0.00903	0.00852	0.01017	0.00642	0.00639	0.01276	0.01918	0.02699	0.68105	0.05184	0.09707	0.01415	0.00807	0.00216	0.00324	0.01248	0.00747	0.00642
54	0.80789	0.01323	0.01006	0.00900	0.01323	0.01535	0.00741	0.02011	0.01164	0.03070	0.00953	0.01111	0.00741	0.00635	0.00423	0.00212	0.00529	0.00370	0.00423	0.00741
55	0.01812	0.01462	0.01827	0.01337	0.01934	0.01319	0.06936	0.20394	0.01946	0.04967	0.01394	0.01546	0.01078	0.00610	0.00587	0.00145	0.00633	0.00507	0.00490	0.49078
56	0.00897	0.00625	0.00789	0.00884	0.00912	0.00606	0.00564	0.00978	0.01188	0.01589	0.03112	0.47013	0.03679	0.28906	0.04653	0.00449	0.00549	0.01554	0.00545	0.00507
57	0.04491	0.02936	0.48978	0.02232	0.05155	0.01626	0.20565	0.02165	0.01483	0.02210	0.01261	0.01548	0.00915	0.00628	0.00685	0.00220	0.01025	0.00586	0.00311	0.00979

[dist]
# distance from previous block
# <min> <max>
0	12

[block]
# block no. 3 follows, 31 sequences, length 94
# corresponding to MSA columns:
# 271-364
name=unknown_D
#
# <colnr> <probs for GDERKNQSTAVLIFYWHMCP>
#	G	D	E	R	K	N	Q	S	T	A	V	L	I	F	Y	W	H	M	C	P
0	0.55483	0.25375	0.01832	0.00987	0.01462	0.01910	0.00879	0.02023	0.01237	0.02602	0.00952	0.01107	0.00785	0.00619	0.00428	0.00191	0.00594	0.00369	0.00381	0.00785
1	0.02526	0.03205	0.01967	0.01846	0.04499	0.70757	0.01349	0.02710	0.01926	0.01694	0.01065	0.01249	0.00888	0.00702	0.00619	0.00177	0.01219	0.00446	0.00352	0.00803
2	0.00995	0.00663	0.00746	0.00746	0.00746	0.00663	0.00415	0.00995	0.00995	0.01327	0.02156	0.04477	0.02487	0.75957	0.03482	0.00663	0.00663	0.00995	0.00415	0.00415
3	0.00949	0.00685	0.00821	0.00854	0.00941	0.00632	0.00551	0.01039	0.01209	0.01624	0.03124	0.34733	0.08426	0.32237	0.01906	0.00417	0.00512	0.01383	0.00525	0.07431
4	0.03070	0.01164	0.01588	0.01217	0.01746	0.01006	0.01006	0.03334	0.01958	0.72163	0.02699	0.02329	0.01694	0.00847	0.00688	0.00212	0.00582	0.00688	0.00847	0.01164
5	0.02601	0.01916	0.02053	0.01574	0.02122	0.02122	0.01300	0.69408	0.03217	0.04312	0.01643	0.01643	0.01163	0.00821	0.00684	0.00205	0.00753	0.00616	0.00684	0.01163
6	0.00995	0.00663	0.00746	0.00746	0.00746	0.00663	0.00415	0.00995	0.00995	0.01327	0.02156	0.04477	0.02487	0.75957	0.03482	0.00663	0.00663	0.00995	0.00415	0.00415
7	0.00902	0.00634	0.00804	0.00913	0.00957	0.00607	0.00609	0.01006	0.01250	0.01656	0.03387	0.47308	0.05820	0.23214	0.01624	0.00390	0.00492	0.07333	0.00572	0.00522
8	0.00834	0.00595	0.00794	0.00953	0.00992	0.00556	0.00635	0.00953	0.01310	0.01746	0.03771	0.75510	0.04525	0.02143	0.00873	0.00278	0.00397	0.01945	0.00635	0.00556
9	0.80789	0.01323	0.01006	0.00900	0.01323	0.01535	0.00741	0.02011	0.01164	0.03070	0.00953	0.01111	0.00741	0.00635	0.00423	0.00212	0.00529	0.00370	0.00423	0.00741
10	0.01188	0.00594	0.00891	0.00891	0.00891	0.00594	0.00594	0.00891	0.00891	0.01188	0.01188	0.02080	0.01188	0.02377	0.02674	0.80095	0.00594	0.00594	0.00297	0.00297
11	0.05871	0.01891	0.02009	0.01546	0.02088	0.02097	0.01277	0.66589	0.03131	0.04260	0.01614	0.01620	0.01146	0.00813	0.00673	0.00206	0.00743	0.00606	0.00673	0.01146
12	0.00848	0.00695	0.00748	0.00734	0.00948	0.00594	0.00551	0.01058	0.01652	0.02069	0.22798	0.06221	0.55406	0.01650	0.00808	0.00227	0.00341	0.01393	0.00664	0.00594
13	0.01702	0.01470	0.01547	0.01392	0.01779	0.01702	0.01083	0.03635	0.70453	0.02862	0.02785	0.02553	0.02088	0.00928	0.00696	0.00232	0.00541	0.00773	0.00696	0.01083
14	0.01788	0.01472	0.01566	0.01391	0.01789	0.01688	0.01087	0.05855	0.65391	0.05725	0.02742	0.02513	0.02041	0.00921	0.00695	0.00230	0.00550	0.00765	0.00702	0.01089
15	0.01299	0.00931	0.01096	0.00972	0.01168	0.00943	0.00715	0.14740	0.01942	0.02681	0.39243	0.04255	0.04358	0.20951	0.01488	0.00331	0.00498	0.01050	0.00650	0.00687
16	0.02669	0.01807	0.01986	0.01522	0.02067	0.01960	0.01258	0.59847	0.03035	0.14129	0.01795	0.01742	0.01240	0.00825	0.00685	0.00206	0.00728	0.00626	0.00708	0.01164
17	0.80789	0.01323	0.01006	0.00900	0.01323	0.01535	0.00741	0.02011	0.01164	0.03070	0.00953	0.01111	0.00741	0.00635	0.00423	0.00212	0.00529	0.00370	0.00423	0.00741
18	0.00941	0.00698	0.00876	0.00832	0.01005	0.00634	0.00624	0.01238	0.01872	0.02589	0.60220	0.05365	0.17659	0.01456	0.00807	0.00218	0.00327	0.01273	0.00733	0.00634
19	0.01208	0.00646	0.00646	0.00646	0.00815	0.00629	0.00484	0.01506	0.01453	0.02449	0.02912	0.03134	0.11833	0.00932	0.00526	0.00170	0.00323	0.00754	0.68307	0.00629
20	0.03070	0.01164	0.01588	0.01217	0.01746	0.01006	0.01006	0.03334	0.01958	0.72163	0.02699	0.02329	0.01694	0.00847	0.00688	0.00212	0.00582	0.00688	0.00847	0.01164
21	0.00977	0.00733	0.01100	0.01100	0.01222	0.00855	0.00855	0.01222	0.01100	0.01588	0.01833	0.02688	0.01710	0.05131	0.73245	0.01100	0.01833	0.00733	0.00367	0.00611
22	0.01419	0.01216	0.01419	0.01013	0.01621	0.00912	0.00811	0.01723	0.01419	0.02229	0.01216	0.01419	0.01013	0.00507	0.00507	0.00101	0.00507	0.00405	0.00405	0.80139
23	0.00995	0.00663	0.00746	0.00746	0.00746	0.00663	0.00415	0.00995	0.00995	0.01327	0.02156	0.04477	0.02487	0.75957	0.03482	0.00663	0.00663	0.00995	0.00415	0.00415
24	0.01829	0.76368	0.03585	0.01171	0.01756	0.02707	0.01171	0.02049	0.01390	0.01610	0.00951	0.01097	0.00878	0.00585	0.00439	0.00146	0.00732	0.00366	0.00293	0.00878
25	0.01702	0.01470	0.01547	0.01392	0.01779	0.01702	0.01083	0.03635	0.70453	0.02862	0.02785	0.02553	0.02088	0.00928	0.00696	0.00232	0.00541	0.00773	0.00696	0.01083
26	0.00879	0.00631	0.00835	0.00921	0.01002	0.00586	0.00639	0.01068	0.01523	0.02086	0.26760	0.51554	0.05182	0.01890	0.00851	0.00257	0.00372	0.01704	0.00675	0.00586
27	0.01292	0.01216	0.02052	0.74312	0.04712	0.01520	0.01900	0.01748	0.01368	0.01748	0.01216	0.01824	0.00912	0.00684	0.00684	0.00228	0.00912	0.00608	0.00304	0.00760
28	0.01292	0.01216	0.02052	0.74312	0.04712	0.01520	0.01900	0.01748	0.01368	0.01748	0.01216	0.01824	0.00912	0.00684	0.00684	0.00228	0.00912	0.00608	0.00304	0.00760
29	0.01292	0.01216	0.02052	0.74312	0.04712	0.01520	0.01900	0.01748	0.01368	0.01748	0.01216	0.01824	0.00912	0.00684	0.00684	0.00228	0.00912	0.00608	0.00304	0.00760
30	0.01102	0.00787	0.01102	0.01260	0.01417	0.00787	0.01102	0.01417	0.01575	0.02047	0.03622	0.07717	0.03937	0.01890	0.00945	0.00315	0.00630	0.67084	0.00630	0.00630
31	0.01102	0.00787	0.01102	0.01260	0.01417	0.00787	0.01102	0.01417	0.01575	0.02047	0.03622	0.07717	0.03937	0.01890	0.00945	0.00315	0.00630	0.67084	0.00630	0.00630
32	0.00843	0.00602	0.00805	0.00964	0.01008	0.00564	0.00652	0.00970	0.01320	0.01758	0.03765	0.73017	0.04503	0.02134	0.00876	0.00279	0.00405	0.04340	0.00635	0.00558
33	0.01702	0.01470	0.01547	0.01392	0.01779	0.01702	0.01083	0.03635	0.70453	0.02862	0.02785	0.02553	0.02088	0.00928	0.00696	0.00232	0.00541	0.00773	0.00696	0.01083
34	0.02601	0.01916	0.02053	0.01574	0.02122	0.02122	0.01300	0.69408	0.03217	0.04312	0.01643	0.01643	0.01163	0.00821	0.00684	0.00205	0.00753	0.00616	0.00684	0.01163
35	0.80789	0.01323	0.01006	0.00900	0.01323	0.01535	0.00741	0.02011	0.01164	0.03070	0.00953	0.01111	0.00741	0.00635	0.00423	0.00212	0.00529	0.00370	0.00423	0.00741
36	0.01591	0.01775	0.03642	0.02662	0.03214	0.01804	0.55441	0.02081	0.01500	0.02081	0.01285	0.01775	0.01010	0.00703	0.01100	0.00245	0.16104	0.00765	0.00337	0.00887
