[name]
unknown

[dist]
# distance from previous block
# <min> <max>
24	64

[block]
# block no. 0 follows, 25 sequences, length 16
# corresponding to MSA columns:
# 80-95
name=unknown_A
#
# <colnr> <probs for GDERKNQSTAVLIFYWHMCP>
#	G	D	E	R	K	N	Q	S	T	A	V	L	I	F	Y	W	H	M	C	P
0	0.07685	0.01338	0.01886	0.05452	0.05173	0.01370	0.08778	0.13022	0.01949	0.08681	0.05584	0.08055	0.05662	0.01396	0.01203	0.14545	0.00737	0.00911	0.05696	0.00878
1	0.09116	0.01673	0.02334	0.39681	0.04020	0.07127	0.08273	0.06280	0.01762	0.02408	0.01539	0.02276	0.01244	0.00836	0.00761	0.00249	0.00995	0.04138	0.00422	0.04866
2	0.08879	0.01889	0.08567	0.19979	0.17759	0.05430	0.01808	0.05563	0.09634	0.02597	0.02264	0.02524	0.08059	0.00912	0.00754	0.00245	0.00873	0.00763	0.00482	0.01018
3	0.02030	0.02315	0.05833	0.19156	0.27830	0.21093	0.02024	0.02441	0.01804	0.02180	0.01395	0.01851	0.01143	0.01017	0.04418	0.00283	0.01156	0.00637	0.00378	0.01016
4	0.02143	0.06268	0.09429	0.08909	0.05431	0.27537	0.15033	0.02694	0.06523	0.02212	0.01823	0.02085	0.04814	0.00831	0.00767	0.00230	0.01161	0.00705	0.00427	0.00978
5	0.01652	0.01450	0.02205	0.37705	0.10067	0.01621	0.03548	0.09856	0.01902	0.02529	0.05117	0.02908	0.05269	0.00963	0.00799	0.00249	0.00890	0.04832	0.00480	0.05959
6	0.15571	0.01426	0.01613	0.20043	0.02609	0.04908	0.01301	0.06604	0.08881	0.02663	0.05461	0.03595	0.09680	0.05157	0.00949	0.00288	0.00762	0.07062	0.00561	0.00865
7	0.02271	0.01315	0.01595	0.01365	0.01783	0.01327	0.01086	0.09744	0.17256	0.24687	0.16962	0.08158	0.03457	0.01268	0.00839	0.00256	0.00596	0.04089	0.00849	0.01096
8	0.01357	0.00994	0.01251	0.08287	0.01742	0.01001	0.00947	0.01922	0.11159	0.07146	0.24041	0.16371	0.17555	0.01602	0.00886	0.00264	0.00510	0.01394	0.00749	0.00824
9	0.01226	0.00889	0.00894	0.00894	0.01038	0.03983	0.00615	0.01421	0.01593	0.02220	0.11342	0.10990	0.16796	0.22117	0.01696	0.00383	0.00539	0.01233	0.19496	0.00636
10	0.02512	0.01648	0.01819	0.01471	0.01948	0.01764	0.01186	0.38061	0.05370	0.11838	0.02407	0.08963	0.01918	0.01079	0.00756	0.00233	0.00694	0.00864	0.14325	0.01143
11	0.10007	0.01277	0.01634	0.01282	0.01830	0.01152	0.01054	0.03449	0.02080	0.56126	0.02828	0.02540	0.01829	0.00933	0.00729	0.00234	0.00625	0.00742	0.08433	0.01217
12	0.07757	0.05583	0.02005	0.01461	0.02029	0.01779	0.01211	0.29568	0.02669	0.23393	0.05248	0.02246	0.01758	0.00921	0.00726	0.00223	0.00714	0.00710	0.04588	0.05409
13	0.13589	0.29129	0.12880	0.01687	0.05297	0.09458	0.01543	0.08238	0.04378	0.02595	0.03771	0.01644	0.01299	0.00773	0.00618	0.00209	0.00884	0.00542	0.00441	0.01025
14	0.19422	0.13921	0.13633	0.11512	0.02648	0.06406	0.03320	0.05347	0.01685	0.02607	0.04538	0.01762	0.01305	0.00804	0.00742	0.00228	0.04523	0.00580	0.00427	0.04590
15	0.05507	0.07183	0.08938	0.10337	0.03189	0.09403	0.24254	0.05448	0.01814	0.02423	0.05039	0.02057	0.01440	0.00900	0.00995	0.04129	0.04826	0.00745	0.00421	0.00954

[dist]
# distance from previous block
# <min> <max>
3	10

[block]
# block no. 1 follows, 25 sequences, length 21
# corresponding to MSA columns:
# 106-126
name=unknown_B
#
# <colnr> <probs for GDERKNQSTAVLIFYWHMCP>
#	G	D	E	R	K	N	Q	S	T	A	V	L	I	F	Y	W	H	M	C	P
0	0.15673	0.16491	0.02352	0.01789	0.07860	0.19771	0.01337	0.09348	0.06420	0.05189	0.01857	0.01957	0.05200	0.00857	0.00657	0.00216	0.00901	0.00612	0.00506	0.01006
1	0.05554	0.01406	0.01860	0.01551	0.01952	0.01450	0.08260	0.17984	0.06692	0.09184	0.10340	0.17715	0.05304	0.01637	0.05150	0.00322	0.00776	0.01173	0.00709	0.00981
2	0.06410	0.04616	0.16714	0.08331	0.16547	0.05461	0.07840	0.04372	0.01723	0.02505	0.01633	0.06223	0.01392	0.00861	0.00804	0.00236	0.03632	0.00735	0.05201	0.04764
3	0.04355	0.01654	0.02630	0.27784	0.34751	0.01776	0.02091	0.06138	0.01781	0.02514	0.01437	0.01925	0.01146	0.00729	0.00748	0.00233	0.00922	0.00666	0.00403	0.06319
4	0.01781	0.01654	0.02599	0.16912	0.38817	0.01781	0.02026	0.02573	0.14125	0.02515	0.01807	0.02206	0.01453	0.01097	0.05079	0.00306	0.00956	0.00735	0.00456	0.01122
5	0.01464	0.01378	0.02326	0.70887	0.05340	0.01723	0.02153	0.01981	0.01550	0.01981	0.01378	0.02067	0.01034	0.00775	0.00775	0.00258	0.01034	0.00689	0.00345	0.00861
6	0.01904	0.05373	0.07287	0.04437	0.60746	0.01898	0.02360	0.02382	0.01748	0.02495	0.01436	0.01869	0.01202	0.00692	0.00753	0.00228	0.00931	0.00670	0.00378	0.01212
7	0.01070	0.00792	0.00999	0.00947	0.01142	0.00720	0.00710	0.01411	0.02131	0.02958	0.58626	0.06040	0.16289	0.01641	0.00915	0.00247	0.00370	0.01437	0.00834	0.00720
8	0.01091	0.00790	0.01013	0.00959	0.01134	0.00729	0.00709	0.01427	0.02110	0.02965	0.60778	0.05826	0.09845	0.05927	0.01099	0.00276	0.00390	0.01396	0.00824	0.00712
9	0.01555	0.04011	0.68733	0.02210	0.03356	0.01801	0.02865	0.02455	0.01637	0.02455	0.01391	0.01637	0.00982	0.00737	0.00737	0.00246	0.01146	0.00573	0.00327	0.01146
10	0.01696	0.01696	0.02375	0.02036	0.02036	0.02375	0.01696	0.01866	0.01187	0.01866	0.01018	0.01696	0.01018	0.01357	0.02545	0.00339	0.71332	0.00679	0.00339	0.00848
11	0.00983	0.00784	0.00881	0.00867	0.01091	0.00682	0.00646	0.01239	0.01911	0.02459	0.29396	0.09495	0.43136	0.01845	0.00919	0.00257	0.00385	0.01574	0.00769	0.00682
12	0.01726	0.01026	0.01058	0.00956	0.01227	0.01082	0.00742	0.12428	0.06408	0.03244	0.02462	0.02721	0.01903	0.00918	0.00597	0.00195	0.00460	0.00729	0.59262	0.00855
13	0.00945	0.00675	0.00900	0.01080	0.01125	0.00630	0.00720	0.01080	0.01484	0.01979	0.04274	0.72245	0.05128	0.02429	0.00990	0.00315	0.00450	0.02204	0.00720	0.00630
14	0.00958	0.00703	0.00900	0.01028	0.01118	0.00645	0.00703	0.01128	0.01605	0.02125	0.12034	0.55827	0.13839	0.02269	0.00971	0.00300	0.00432	0.02035	0.00735	0.00645
15	0.01945	0.01907	0.03074	0.07147	0.62644	0.04833	0.02332	0.02396	0.01776	0.02484	0.01444	0.01902	0.01211	0.00699	0.00765	0.00230	0.00946	0.00682	0.00383	0.01200
16	0.11049	0.01380	0.01758	0.01363	0.01951	0.01262	0.01125	0.06638	0.02198	0.58738	0.02799	0.02461	0.01780	0.00934	0.00749	0.00240	0.00663	0.00739	0.00902	0.01271
17	0.02087	0.02161	0.02984	0.04285	0.56659	0.13488	0.02228	0.02503	0.01840	0.02424	0.01414	0.01830	0.01189	0.00709	0.00756	0.00225	0.01003	0.00658	0.00386	0.01172
18	0.01683	0.08955	0.34785	0.02725	0.18448	0.01839	0.08397	0.02346	0.01718	0.02469	0.05870	0.01994	0.01494	0.00764	0.00748	0.00232	0.01010	0.00673	0.00387	0.03462
19	0.11684	0.38161	0.05334	0.01503	0.02075	0.18377	0.01356	0.06402	0.01808	0.02259	0.01207	0.01408	0.01035	0.00932	0.03389	0.00234	0.00998	0.00475	0.00397	0.00966
20	0.00941	0.00688	0.00886	0.01043	0.01115	0.00633	0.00704	0.01084	0.01519	0.01994	0.04715	0.64263	0.12825	0.02372	0.00981	0.00308	0.00443	0.02134	0.00720	0.00633

[dist]
# distance from previous block
# <min> <max>
0	1

[block]
# block no. 2 follows, 25 sequences, length 32
# corresponding to MSA columns:
# 128-159
name=unknown_C
#
# <colnr> <probs for GDERKNQSTAVLIFYWHMCP>
#	G	D	E	R	K	N	Q	S	T	A	V	L	I	F	Y	W	H	M	C	P
0	0.02771	0.02053	0.02209	0.01730	0.02305	0.02270	0.01414	0.58256	0.06648	0.04623	0.02077	0.06315	0.01609	0.01031	0.00790	0.00239	0.00816	0.00801	0.00773	0.01271
1	0.01687	0.15992	0.48771	0.01926	0.02880	0.01920	0.02350	0.02397	0.01657	0.04994	0.04255	0.01844	0.01333	0.00982	0.03596	0.00273	0.01076	0.00599	0.00380	0.01089
2	0.01644	0.12619	0.48741	0.02234	0.06749	0.01960	0.05188	0.02376	0.01647	0.02379	0.03718	0.01773	0.01235	0.00776	0.00793	0.00239	0.03868	0.00608	0.00353	0.01100
3	0.01664	0.09881	0.37774	0.02431	0.05733	0.01898	0.19713	0.02381	0.01726	0.02449	0.05818	0.02012	0.01468	0.00761	0.00776	0.00242	0.01099	0.00712	0.00383	0.01079
4	0.01555	0.04011	0.68733	0.02210	0.03356	0.01801	0.02865	0.02455	0.01637	0.02455	0.01391	0.01637	0.00982	0.00737	0.00737	0.00246	0.01146	0.00573	0.00327	0.01146
5	0.02264	0.02496	0.02812	0.03785	0.44794	0.25766	0.02069	0.02632	0.01918	0.02309	0.01367	0.01735	0.01147	0.00729	0.00743	0.00220	0.01089	0.00623	0.00389	0.01112
6	0.02015	0.60534	0.10814	0.01435	0.02123	0.05441	0.01477	0.02336	0.01628	0.01940	0.03464	0.01453	0.01217	0.00709	0.00546	0.00178	0.00869	0.00470	0.00352	0.00998
7	0.01249	0.00892	0.01249	0.01428	0.01606	0.00892	0.01249	0.01606	0.01785	0.02320	0.04105	0.08746	0.04462	0.02142	0.01071	0.00357	0.00714	0.62695	0.00714	0.00714
8	0.00945	0.00675	0.00900	0.01080	0.01125	0.00630	0.00720	0.01080	0.01484	0.01979	0.04274	0.72245	0.05128	0.02429	0.00990	0.00315	0.00450	0.02204	0.00720	0.00630
9	0.02073	0.73217	0.04063	0.01327	0.01990	0.03068	0.01327	0.02322	0.01575	0.01824	0.01078	0.01244	0.00995	0.00663	0.00498	0.00166	0.00829	0.00415	0.00332	0.00995
10	0.01109	0.00826	0.01223	0.01223	0.01354	0.00957	0.00941	0.01370	0.01239	0.01783	0.02098	0.03161	0.01988	0.09624	0.65938	0.01218	0.02001	0.00848	0.00418	0.00680
11	0.00945	0.00675	0.00900	0.01080	0.01125	0.00630	0.00720	0.01080	0.01484	0.01979	0.04274	0.72245	0.05128	0.02429	0.00990	0.00315	0.00450	0.02204	0.00720	0.00630
12	0.01109	0.00826	0.01221	0.01221	0.01351	0.00956	0.00938	0.01368	0.01239	0.01781	0.02100	0.03173	0.01993	0.10001	0.65567	0.01215	0.01994	0.00849	0.00419	0.00678
13	0.01929	0.01666	0.01753	0.01578	0.02016	0.01929	0.01227	0.04120	0.66513	0.03243	0.03156	0.02893	0.02367	0.01052	0.00789	0.00263	0.00614	0.00877	0.00789	0.01227
14	0.02277	0.01773	0.01879	0.01578	0.02062	0.02000	0.01258	0.27543	0.36176	0.03845	0.02597	0.02494	0.01927	0.00991	0.00761	0.00244	0.00683	0.00793	0.07904	0.01215
15	0.01830	0.02092	0.04575	0.03268	0.04052	0.01961	0.65098	0.02484	0.01830	0.02484	0.01569	0.02092	0.01176	0.00654	0.00915	0.00261	0.01307	0.00915	0.00392	0.01046
16	0.01108	0.00831	0.01246	0.01246	0.01385	0.00969	0.00969	0.01385	0.01246	0.01800	0.02077	0.03046	0.01938	0.05815	0.69678	0.01246	0.02077	0.00831	0.00415	0.00692
17	0.01798	0.02014	0.04232	0.06513	0.03905	0.01992	0.55293	0.02394	0.01749	0.02394	0.01501	0.02049	0.01153	0.00734	0.01079	0.00269	0.08654	0.00879	0.00384	0.01016
18	0.01249	0.00892	0.01249	0.01428	0.01606	0.00892	0.01249	0.01606	0.01785	0.02320	0.04105	0.08746	0.04462	0.02142	0.01071	0.00357	0.00714	0.62695	0.00714	0.00714
19	0.24353	0.01442	0.01921	0.41620	0.03798	0.01699	0.01642	0.04540	0.01592	0.05387	0.01380	0.01825	0.01030	0.00764	0.00679	0.00245	0.00863	0.00604	0.00432	0.04185
20	0.78228	0.01499	0.01140	0.01020	0.01499	0.01739	0.00840	0.02279	0.01320	0.03479	0.01080	0.01260	0.00840	0.00720	0.00480	0.00240	0.00600	0.00420	0.00480	0.00840
21	0.00944	0.00791	0.00824	0.00828	0.01080	0.00671	0.00629	0.01160	0.01799	0.02179	0.12033	0.07398	0.60390	0.01944	0.00923	0.00265	0.00405	0.04344	0.00729	0.00663
22	0.01040	0.00772	0.00969	0.00958	0.01133	0.00701	0.00704	0.01338	0.02002	0.02742	0.46447	0.16887	0.17863	0.01791	0.00927	0.00259	0.00384	0.01575	0.00808	0.00701
23	0.03395	0.01454	0.01883	0.01443	0.02046	0.01339	0.01192	0.13505	0.02445	0.58407	0.02870	0.02516	0.01824	0.00955	0.00779	0.00239	0.00690	0.00767	0.00931	0.01319
24	0.00939	0.00786	0.00817	0.00809	0.01061	0.00664	0.00607	0.01156	0.01821	0.02221	0.15291	0.07254	0.60084	0.01916	0.00916	0.00260	0.00389	0.01607	0.00737	0.00664
25	0.02905	0.02151	0.02303	0.01775	0.02388	0.02385	0.01463	0.62774	0.06270	0.04818	0.01916	0.01905	0.01362	0.00936	0.00776	0.00234	0.00843	0.00706	0.00776	0.01315
26	0.00972	0.00696	0.00924	0.01061	0.01131	0.00648	0.00722	0.01147	0.01610	0.02178	0.15405	0.60546	0.05513	0.02281	0.00976	0.00302	0.00435	0.02063	0.00743	0.00648
27	0.78228	0.01499	0.01140	0.01020	0.01499	0.01739	0.00840	0.02279	0.01320	0.03479	0.01080	0.01260	0.00840	0.00720	0.00480	0.00240	0.00600	0.00420	0.00480	0.00840
28	0.01610	0.01438	0.02364	0.52762	0.04565	0.01699	0.07393	0.06969	0.01746	0.02341	0.01545	0.02134	0.01161	0.00789	0.00765	0.00249	0.00977	0.00713	0.07879	0.00900
29	0.01100	0.00843	0.00914	0.00886	0.01149	0.00741	0.00667	0.01410	0.04598	0.05199	0.16461	0.09296	0.50290	0.01841	0.00908	0.00260	0.00412	0.01553	0.00754	0.00719
30	0.15715	0.08356	0.02187	0.01548	0.02128	0.02223	0.01297	0.43450	0.02912	0.06997	0.01737	0.01781	0.01262	0.00871	0.00690	0.00226	0.00778	0.00629	0.04031	0.01181
31	0.18243	0.31908	0.05283	0.01451	0.02035	0.15498	0.01305	0.05129	0.01794	0.09120	0.01347	0.01459	0.01070	0.00745	0.00582	0.00201	0.00888	0.00487	0.00457	0.00996

[dist]
# distance from previous block
# <min> <max>
0	1

[block]
# block no. 3 follows, 25 sequences, length 41
# corresponding to MSA columns:
# 161-201
name=unknown_D
#
# <colnr> <probs for GDERKNQSTAVLIFYWHMCP>
#	G	D	E	R	K	N	Q	S	T	A	V	L	I	F	Y	W	H	M	C	P
0	0.02866	0.03275	0.02141	0.01907	0.02337	0.55483	0.01449	0.06757	0.07318	0.07067	0.01526	0.01633	0.01192	0.00838	0.00716	0.00210	0.01252	0.00561	0.00493	0.00979
1	0.04342	0.09478	0.02032	0.01704	0.09407	0.12068	0.01203	0.05692	0.01888	0.02535	0.08871	0.04803	0.05982	0.00914	0.00687	0.00187	0.00749	0.00732	0.00513	0.26213
2	0.08840	0.19170	0.48028	0.01902	0.02878	0.02077	0.02333	0.02409	0.01594	0.02411	0.01293	0.01514	0.00972	0.00719	0.00659	0.00227	0.01024	0.00523	0.00343	0.01084
3	0.02088	0.22390	0.03056	0.14419	0.14353	0.19106	0.06538	0.02440	0.01766	0.02043	0.01305	0.01683	0.01096	0.00930	0.03487	0.00253	0.01111	0.00587	0.00368	0.00980
4	0.01103	0.00815	0.01159	0.01159	0.01279	0.00919	0.00868	0.01330	0.01248	0.01762	0.02382	0.03576	0.04846	0.17020	0.55628	0.01121	0.01781	0.00915	0.00437	0.00653
5	0.02149	0.01775	0.01877	0.01622	0.02100	0.02031	0.01281	0.17358	0.52916	0.03599	0.02876	0.02670	0.02140	0.01026	0.00786	0.00256	0.00665	0.00838	0.00786	0.01247
6	0.01657	0.01638	0.02299	0.01983	0.01992	0.02281	0.01648	0.01834	0.01191	0.01862	0.01089	0.01787	0.01080	0.01656	0.07048	0.00400	0.66686	0.00689	0.00344	0.00838
7	0.17611	0.01354	0.01675	0.01311	0.01889	0.01253	0.01083	0.03495	0.02049	0.56167	0.02685	0.02378	0.01715	0.00914	0.00723	0.00240	0.00648	0.00712	0.00869	0.01229
8	0.01063	0.00790	0.00978	0.01002	0.01155	0.00740	0.00723	0.01376	0.04102	0.02505	0.31740	0.24619	0.15564	0.06654	0.01140	0.00305	0.00440	0.03652	0.00763	0.00690
9	0.01119	0.00786	0.01018	0.01018	0.01077	0.00845	0.00685	0.01238	0.01179	0.01631	0.02286	0.04202	0.02440	0.43956	0.32223	0.00964	0.01322	0.01000	0.00446	0.00566
10	0.01220	0.00872	0.01214	0.01379	0.01549	0.00866	0.01185	0.01563	0.01788	0.02342	0.07713	0.12838	0.04669	0.02130	0.01057	0.00348	0.00676	0.55160	0.00722	0.00709
11	0.01464	0.01378	0.02326	0.70887	0.05340	0.01723	0.02153	0.01981	0.01550	0.01981	0.01378	0.02067	0.01034	0.00775	0.00775	0.00258	0.01034	0.00689	0.00345	0.00861
12	0.01128	0.00752	0.00846	0.00846	0.00846	0.00752	0.00470	0.01128	0.01128	0.01503	0.02443	0.05074	0.02819	0.72751	0.03946	0.00752	0.00752	0.01128	0.00470	0.00470
13	0.07448	0.02048	0.04323	0.03103	0.03865	0.01945	0.60373	0.02469	0.01793	0.02557	0.01533	0.02030	0.01152	0.00658	0.00883	0.00260	0.01255	0.00879	0.00399	0.01031
14	0.01889	0.01753	0.05034	0.33461	0.15146	0.01902	0.01957	0.13972	0.11824	0.02819	0.01751	0.02112	0.01320	0.00829	0.00774	0.00249	0.00922	0.00715	0.00497	0.01076
15	0.01888	0.01921	0.05979	0.06918	0.62950	0.01836	0.02393	0.02369	0.01753	0.02511	0.01453	0.01912	0.01211	0.00696	0.00767	0.00232	0.00935	0.00686	0.00380	0.01212
16	0.04183	0.03658	0.57975	0.02409	0.07730	0.01811	0.06659	0.02446	0.01647	0.02497	0.01397	0.01672	0.01006	0.00728	0.00741	0.00245	0.01122	0.00597	0.00340	0.01135
17	0.02235	0.56029	0.03694	0.01540	0.02154	0.16883	0.03798	0.02489	0.01715	0.01865	0.01122	0.01308	0.01003	0.00691	0.00555	0.00177	0.00966	0.00451	0.00348	0.00977
18	0.00950	0.00679	0.00905	0.01076	0.01126	0.00634	0.00720	0.01094	0.01511	0.02021	0.06613	0.69786	0.05209	0.02398	0.00987	0.00312	0.00447	0.02175	0.00725	0.00634
19	0.06687	0.10395	0.17257	0.01477	0.02065	0.01511	0.01458	0.04451	0.04558	0.18114	0.11447	0.10164	0.02711	0.01146	0.00770	0.00246	0.00731	0.03133	0.00648	0.01031
20	0.01856	0.01753	0.02969	0.04447	0.61697	0.01753	0.02274	0.02307	0.01767	0.02513	0.01707	0.02559	0.01531	0.00827	0.00796	0.00242	0.00902	0.06504	0.00415	0.01180
21	0.01114	0.00746	0.00850	0.00863	0.00866	0.00743	0.00488	0.01124	0.01154	0.01538	0.02578	0.10014	0.02989	0.67579	0.03729	0.00720	0.00730	0.01207	0.00488	0.00482
22	0.01108	0.00831	0.01246	0.01246	0.01385	0.00969	0.00969	0.01385	0.01246	0.01800	0.02077	0.03046	0.01938	0.05815	0.69678	0.01246	0.02077	0.00831	0.00415	0.00692
23	0.01610	0.03751	0.59283	0.02227	0.03283	0.04481	0.06906	0.02446	0.01693	0.02459	0.03827	0.01811	0.01229	0.00765	0.00754	0.00245	0.01138	0.00623	0.00354	0.01114
24	0.02816	0.03561	0.02209	0.02000	0.02373	0.65126	0.01511	0.03014	0.02130	0.01896	0.01186	0.01418	0.01000	0.00836	0.00823	0.00209	0.06089	0.00511	0.00395	0.00895
25	0.01819	0.01521	0.01995	0.01448	0.02131	0.01270	0.07911	0.06878	0.03939	0.05437	0.01562	0.01764	0.01236	0.00641	0.00642	0.00149	0.00679	0.00553	0.00507	0.57918
26	0.01145	0.00790	0.00907	0.00891	0.00946	0.00760	0.00527	0.01184	0.01198	0.01625	0.02544	0.11397	0.02922	0.60556	0.03409	0.00662	0.00709	0.01184	0.00494	0.06150
27	0.01111	0.00817	0.01177	0.01177	0.01292	0.00932	0.00884	0.01340	0.01226	0.01749	0.02140	0.03394	0.02089	0.17300	0.58400	0.01161	0.01849	0.00882	0.00425	0.00654
28	0.01064	0.00763	0.00999	0.01125	0.01218	0.00731	0.00795	0.03620	0.01669	0.02241	0.10996	0.56994	0.05162	0.02256	0.00980	0.00308	0.00479	0.07191	0.00736	0.00674
29	0.28000	0.01697	0.02523	0.11347	0.30214	0.01806	0.09029	0.02309	0.01594	0.02784	0.01332	0.01731	0.01065	0.00707	0.00687	0.00241	0.00869	0.00624	0.00413	0.01030
30	0.01090	0.00792	0.01026	0.00968	0.01154	0.00728	0.00726	0.01449	0.02177	0.03067	0.65036	0.05861	0.09811	0.01601	0.00915	0.00245	0.00367	0.01412	0.00848	0.00728
31	0.00965	0.00700	0.00916	0.01081	0.01154	0.00651	0.00748	0.01121	0.01530	0.02014	0.04555	0.62268	0.10197	0.02370	0.00990	0.00314	0.00465	0.06606	0.00719	0.00638
32	0.05183	0.02280	0.08426	0.12788	0.35581	0.13163	0.04261	0.04782	0.01851	0.02470	0.01401	0.01805	0.01128	0.00733	0.00748	0.00232	0.01033	0.00645	0.00395	0.01097
33	0.01810	0.30428	0.33847	0.02253	0.12568	0.02297	0.02197	0.02392	0.01633	0.02223	0.01280	0.01528	0.01024	0.00701	0.00649	0.00212	0.00990	0.00530	0.00338	0.01100
34	0.01657	0.01640	0.02326	0.06512	0.02226	0.02275	0.01697	0.01854	0.01214	0.01871	0.01084	0.01775	0.01056	0.01500	0.05157	0.00371	0.63914	0.00685	0.00343	0.00843
35	0.01097	0.00793	0.01036	0.00975	0.01158	0.00732	0.00732	0.01463	0.02195	0.03109	0.67505	0.05792	0.07316	0.01585	0.00914	0.00244	0.00366	0.01402	0.00854	0.00732
36	0.01690	0.01308	0.01467	0.01414	0.01708	0.04251	0.01125	0.09084	0.17741	0.05557	0.10735	0.16551	0.03801	0.01626	0.00911	0.00289	0.00647	0.18419	0.00752	0.00924
37	0.01652	0.01418	0.01628	0.01207	0.01862	0.01156	0.00961	0.02250	0.10507	0.02625	0.01622	0.01784	0.01315	0.00640	0.00604	0.00135	0.00580	0.00517	0.00505	0.67035
38	0.01186	0.00930	0.01188	0.01180	0.01295	0.03754	0.00870	0.01393	0.01257	0.01732	0.02130	0.03471	0.02113	0.21870	0.50858	0.01083	0.01727	0.00889	0.00428	0.00647
39	0.01445	0.00723	0.00723	0.00723	0.00903	0.00723	0.00542	0.01807	0.01626	0.02891	0.02529	0.02891	0.01987	0.00903	0.00542	0.00181	0.00361	0.00723	0.77055	0.00723
40	0.01696	0.01696	0.02375	0.02036	0.02036	0.02375	0.01696	0.01866	0.01187	0.01866	0.01018	0.01696	0.01018	0.01357	0.02545	0.00339	0.71332	0.00679	0.00339	0.00848

[dist]
# distance from previous block
# <min> <max>
0	9

[block]
# block no. 4 follows, 25 sequences, length 36
# corresponding to MSA columns:
# 211-246
name=unknown_E
#
# <colnr> <probs for GDERKNQSTAVLIFYWHMCP>
#	G	D	E	R	K	N	Q	S	T	A	V	L	I	F	Y	W	H	M	C	P
0	0.48505	0.08302	0.18525	0.01346	0.01996	0.01821	0.01390	0.02288	0.01464	0.03059	0.04345	0.01571	0.01200	0.00761	0.00567	0.00235	0.00747	0.00505	0.00446	0.00926
1	0.00964	0.00702	0.00898	0.01047	0.01122	0.00651	0.00714	0.01109	0.01514	0.01984	0.04609	0.58108	0.12601	0.05980	0.01137	0.00333	0.00470	0.04724	0.00707	0.00628
2	0.01320	0.00984	0.01167	0.01160	0.01407	0.00979	0.00900	0.01969	0.14602	0.05278	0.18248	0.15879	0.19154	0.01762	0.00923	0.00281	0.00505	0.11895	0.00771	0.00818
3	0.02604	0.06493	0.02212	0.01902	0.02259	0.55178	0.01458	0.02811	0.02005	0.01883	0.01258	0.01563	0.01085	0.01288	0.07043	0.00303	0.06843	0.00539	0.00393	0.00881
4	0.01425	0.00893	0.01151	0.01045	0.01280	0.00835	0.00790	0.01845	0.04997	0.10960	0.53481	0.05244	0.06210	0.05150	0.01049	0.00270	0.00432	0.01289	0.00844	0.00811
5	0.02073	0.73217	0.04063	0.01327	0.01990	0.03068	0.01327	0.02322	0.01575	0.01824	0.01078	0.01244	0.00995	0.00663	0.00498	0.00166	0.00829	0.00415	0.00332	0.00995
6	0.01115	0.00801	0.01096	0.01096	0.01182	0.00888	0.00782	0.01288	0.01202	0.01689	0.02214	0.03807	0.02269	0.30933	0.45012	0.01061	0.01580	0.00942	0.00436	0.00609
7	0.01555	0.04011	0.68733	0.02210	0.03356	0.01801	0.02865	0.02455	0.01637	0.02455	0.01391	0.01637	0.00982	0.00737	0.00737	0.00246	0.01146	0.00573	0.00327	0.01146
8	0.02822	0.02090	0.02246	0.01740	0.02334	0.02311	0.01431	0.59831	0.06427	0.04736	0.04725	0.02076	0.01622	0.00964	0.00782	0.00235	0.00822	0.00736	0.00780	0.01289
9	0.01570	0.03907	0.65260	0.02267	0.03394	0.01809	0.06234	0.02457	0.01647	0.02457	0.01401	0.01662	0.00993	0.00732	0.00746	0.00246	0.01155	0.00591	0.00331	0.01140
10	0.01097	0.00793	0.01036	0.00975	0.01158	0.00732	0.00732	0.01463	0.02195	0.03109	0.67505	0.05792	0.07316	0.01585	0.00914	0.00244	0.00366	0.01402	0.00854	0.00732
11	0.01669	0.19212	0.54529	0.02016	0.03056	0.02079	0.02527	0.02426	0.01623	0.02317	0.01323	0.01551	0.00985	0.00721	0.00684	0.00228	0.01076	0.00538	0.00328	0.01113
12	0.02073	0.73217	0.04063	0.01327	0.01990	0.03068	0.01327	0.02322	0.01575	0.01824	0.01078	0.01244	0.00995	0.00663	0.00498	0.00166	0.00829	0.00415	0.00332	0.00995
13	0.02026	0.66992	0.09880	0.01406	0.02113	0.02954	0.01465	0.02334	0.01581	0.01881	0.01106	0.01279	0.00994	0.00670	0.00519	0.00173	0.00858	0.00429	0.00331	0.01009
14	0.01014	0.00817	0.00922	0.00974	0.01212	0.00724	0.00783	0.01258	0.01772	0.02161	0.06752	0.07839	0.49039	0.02016	0.00962	0.00290	0.00487	0.19586	0.00718	0.00672
15	0.00945	0.00675	0.00900	0.01080	0.01125	0.00630	0.00720	0.01080	0.01484	0.01979	0.04274	0.72245	0.05128	0.02429	0.00990	0.00315	0.00450	0.02204	0.00720	0.00630
16	0.02526	0.01700	0.01966	0.01484	0.02103	0.01660	0.01216	0.28059	0.02542	0.16524	0.01895	0.01918	0.01366	0.00824	0.00768	0.00196	0.03262	0.00628	0.00683	0.28682
17	0.00916	0.00785	0.00785	0.00785	0.01047	0.00655	0.00589	0.01113	0.01767	0.02095	0.07855	0.07462	0.67599	0.01964	0.00916	0.00262	0.00393	0.01636	0.00720	0.00655
18	0.01128	0.00752	0.00846	0.00846	0.00846	0.00752	0.00470	0.01128	0.01128	0.01503	0.02443	0.05074	0.02819	0.72751	0.03946	0.00752	0.00752	0.01128	0.00470	0.00470
19	0.01464	0.01378	0.02326	0.70887	0.05340	0.01723	0.02153	0.01981	0.01550	0.01981	0.01378	0.02067	0.01034	0.00775	0.00775	0.00258	0.01034	0.00689	0.00345	0.00861
20	0.01919	0.01842	0.03147	0.04759	0.67914	0.01842	0.02380	0.02380	0.01765	0.02533	0.01458	0.01919	0.01228	0.00691	0.00768	0.00230	0.00921	0.00691	0.00384	0.01228
21	0.78228	0.01499	0.01140	0.01020	0.01499	0.01739	0.00840	0.02279	0.01320	0.03479	0.01080	0.01260	0.00840	0.00720	0.00480	0.00240	0.00600	0.00420	0.00480	0.00840
22	0.01555	0.04011	0.68733	0.02210	0.03356	0.01801	0.02865	0.02455	0.01637	0.02455	0.01391	0.01637	0.00982	0.00737	0.00737	0.00246	0.01146	0.00573	0.00327	0.01146
23	0.01601	0.10199	0.62951	0.02131	0.03234	0.01914	0.02727	0.02444	0.01631	0.02399	0.01363	0.01602	0.00983	0.00730	0.00715	0.00238	0.01118	0.00559	0.00328	0.01132
24	0.01123	0.00768	0.00930	0.00930	0.00959	0.00797	0.00575	0.01181	0.01152	0.01566	0.02366	0.04649	0.02634	0.58708	0.17737	0.00855	0.01030	0.01065	0.00458	0.00516
25	0.06282	0.03530	0.02155	0.01944	0.02357	0.63643	0.01467	0.05786	0.02221	0.02100	0.01222	0.01412	0.01006	0.00801	0.00693	0.00203	0.01339	0.00505	0.00420	0.00915
26	0.01247	0.01016	0.01438	0.01360	0.01443	0.01256	0.01051	0.01452	0.01212	0.01765	0.01895	0.03081	0.01877	0.16194	0.43027	0.00953	0.17790	0.00846	0.00407	0.00690
27	0.78228	0.01499	0.01140	0.01020	0.01499	0.01739	0.00840	0.02279	0.01320	0.03479	0.01080	0.01260	0.00840	0.00720	0.00480	0.00240	0.00600	0.00420	0.00480	0.00840
28	0.01194	0.01383	0.12566	0.01261	0.01633	0.00955	0.03508	0.01653	0.02068	0.02931	0.51247	0.05026	0.08681	0.01424	0.00885	0.00246	0.00534	0.01254	0.00742	0.00810
29	0.01555	0.04011	0.68733	0.02210	0.03356	0.01801	0.02865	0.02455	0.01637	0.02455	0.01391	0.01637	0.00982	0.00737	0.00737	0.00246	0.01146	0.00573	0.00327	0.01146
30	0.01096	0.00738	0.00855	0.00886	0.00894	0.00731	0.00513	0.01119	0.01189	0.01586	0.02761	0.16726	0.03219	0.60552	0.03434	0.00676	0.00699	0.01314	0.00513	0.00498
31	0.01068	0.00782	0.01002	0.00967	0.01146	0.00716	0.00718	0.01399	0.02097	0.02923	0.56816	0.11531	0.12560	0.01690	0.00921	0.00251	0.00375	0.01491	0.00830	0.00716
32	0.00981	0.00724	0.00970	0.01125	0.01168	0.00714	0.00767	0.01117	0.01470	0.01974	0.04117	0.68860	0.04931	0.02378	0.01064	0.00316	0.03850	0.02131	0.00701	0.00640
33	0.00945	0.00675	0.00900	0.01080	0.01125	0.00630	0.00720	0.01080	0.01484	0.01979	0.04274	0.72245	0.05128	0.02429	0.00990	0.00315	0.00450	0.02204	0.00720	0.00630
34	0.00954	0.00771	0.00849	0.00862	0.01079	0.00666	0.00634	0.01174	0.01808	0.02269	0.18542	0.16232	0.47532	0.01958	0.00926	0.00266	0.00396	0.01672	0.00745	0.00666
35	0.06645	0.01900	0.07266	0.01913	0.07295	0.01804	0.04738	0.21220	0.13649	0.18795	0.05142	0.02362	0.01840	0.00929	0.00773	0.00243	0.00782	0.00765	0.00724	0.01217

[dist]
# distance from previous block
# <min> <max>
6	11

[block]
# block no. 5 follows, 25 sequences, length 28
# corresponding to MSA columns:
# 258-285
name=unknown_F
#
# <colnr> <probs for GDERKNQSTAVLIFYWHMCP>
#	G	D	E	R	K	N	Q	S	T	A	V	L	I	F	Y	W	H	M	C	P
0	0.02025	0.64118	0.03848	0.01417	0.01996	0.02980	0.01374	0.02264	0.01526	0.01830	0.01070	0.01301	0.00998	0.00752	0.00758	0.00188	0.09799	0.00448	0.00333	0.00976
1	0.03479	0.01320	0.01799	0.01380	0.01979	0.01140	0.01140	0.03779	0.02219	0.68451	0.03059	0.02639	0.01919	0.00960	0.00780	0.00240	0.00660	0.00780	0.00960	0.01320
2	0.01026	0.00733	0.00993	0.01173	0.01253	0.00700	0.00861	0.01220	0.01565	0.02070	0.04229	0.55304	0.04951	0.02353	0.01011	0.00326	0.00520	0.18342	0.00718	0.00652
3	0.02073	0.11654	0.05515	0.01336	0.01767	0.04108	0.01144	0.02592	0.09118	0.20127	0.08361	0.14769	0.02902	0.01274	0.00782	0.00246	0.00657	0.04517	0.06062	0.00993
4	0.03014	0.02065	0.02261	0.01733	0.02351	0.02247	0.01432	0.57645	0.03467	0.12822	0.02011	0.01959	0.01394	0.00934	0.00776	0.00234	0.00829	0.00708	0.00799	0.01319
5	0.00987	0.00693	0.00887	0.01025	0.01059	0.00658	0.00661	0.01091	0.01401	0.01868	0.03846	0.56551	0.04589	0.18859	0.01680	0.00417	0.00520	0.01953	0.00661	0.00592
6	0.02665	0.02025	0.12930	0.02102	0.08088	0.01666	0.08276	0.12407	0.02189	0.31316	0.02181	0.02179	0.01481	0.00893	0.00909	0.00248	0.05808	0.00734	0.00680	0.01223
7	0.04776	0.02328	0.15699	0.12400	0.18199	0.07403	0.11066	0.05321	0.07143	0.02558	0.01691	0.04908	0.01375	0.00831	0.00779	0.00246	0.01015	0.00753	0.00439	0.01071
8	0.00975	0.00707	0.00924	0.01061	0.01144	0.00656	0.00735	0.01153	0.01607	0.02146	0.12562	0.56552	0.09756	0.02277	0.00978	0.00304	0.00446	0.04633	0.00737	0.00648
9	0.01831	0.01326	0.01505	0.01401	0.01764	0.01426	0.01099	0.03123	0.36521	0.11218	0.03826	0.12429	0.08878	0.01425	0.00858	0.00278	0.00592	0.08663	0.00787	0.01051
10	0.01803	0.01651	0.09109	0.01678	0.04882	0.01475	0.01413	0.16689	0.10212	0.04982	0.03141	0.12587	0.05421	0.03520	0.00975	0.00298	0.00746	0.17749	0.00681	0.00987
11	0.08938	0.11149	0.45829	0.01941	0.02897	0.02021	0.02308	0.11407	0.01888	0.02828	0.01395	0.01591	0.01018	0.00755	0.00692	0.00234	0.01018	0.00559	0.00406	0.01125
12	0.01641	0.01252	0.01349	0.01218	0.01389	0.03970	0.00857	0.16637	0.01828	0.02419	0.02435	0.13562	0.02614	0.38562	0.02555	0.00519	0.04762	0.01128	0.00569	0.00735
13	0.01572	0.01340	0.01569	0.01145	0.01798	0.01011	0.00908	0.01905	0.01601	0.02497	0.01537	0.05473	0.01366	0.00676	0.00597	0.00126	0.00567	0.00555	0.00474	0.73285
14	0.02876	0.02103	0.02251	0.01734	0.02333	0.02325	0.01429	0.62308	0.03550	0.04792	0.01893	0.01910	0.01350	0.00929	0.00765	0.00230	0.00830	0.00699	0.04402	0.01290
15	0.00945	0.00675	0.00900	0.01080	0.01125	0.00630	0.00720	0.01080	0.01484	0.01979	0.04274	0.72245	0.05128	0.02429	0.00990	0.00315	0.00450	0.02204	0.00720	0.00630
16	0.00924	0.00786	0.00797	0.00794	0.01052	0.00658	0.00595	0.01128	0.01786	0.02140	0.10496	0.07388	0.64930	0.01947	0.00916	0.00261	0.00392	0.01626	0.00726	0.00658
17	0.01089	0.00786	0.01029	0.00981	0.01156	0.00726	0.00731	0.01441	0.02155	0.03045	0.63919	0.09561	0.07192	0.01633	0.00919	0.00248	0.00371	0.01448	0.00846	0.00726
18	0.01830	0.02092	0.04575	0.03268	0.04052	0.01961	0.65098	0.02484	0.01830	0.02484	0.01569	0.02092	0.01176	0.00654	0.00915	0.00261	0.01307	0.00915	0.00392	0.01046
19	0.02375	0.01474	0.01664	0.01348	0.01758	0.01539	0.01054	0.29775	0.02551	0.15202	0.06867	0.03057	0.02230	0.16034	0.01426	0.00338	0.00712	0.00855	0.08703	0.01038
20	0.02000	0.01701	0.01793	0.01592	0.02043	0.01962	0.01245	0.08409	0.62108	0.03359	0.03065	0.02821	0.02293	0.01043	0.00788	0.00261	0.00630	0.00864	0.00788	0.01234
21	0.01674	0.01808	0.03718	0.05465	0.10056	0.01716	0.45550	0.02219	0.01775	0.02393	0.02262	0.09417	0.06246	0.00930	0.00903	0.00264	0.01109	0.01063	0.00445	0.00989
22	0.78228	0.01499	0.01140	0.01020	0.01499	0.01739	0.00840	0.02279	0.01320	0.03479	0.01080	0.01260	0.00840	0.00720	0.00480	0.00240	0.00600	0.00420	0.00480	0.00840
23	0.02091	0.01471	0.01676	0.01437	0.01823	0.01539	0.01120	0.31829	0.02553	0.07018	0.02812	0.25580	0.02793	0.04853	0.00997	0.00283	0.00684	0.03579	0.00733	0.05129
24	0.02789	0.03537	0.02120	0.01932	0.02324	0.65884	0.01449	0.02988	0.02174	0.01908	0.01561	0.01728	0.04623	0.00862	0.00711	0.00203	0.01344	0.00561	0.00417	0.00886
25	0.01126	0.00754	0.00856	0.00853	0.00863	0.00751	0.00484	0.01146	0.01185	0.01590	0.05946	0.05113	0.03061	0.68919	0.03783	0.00724	0.00731	0.01142	0.00490	0.00484
26	0.02847	0.03452	0.02154	0.01931	0.02342	0.61201	0.01460	0.08485	0.02303	0.02196	0.01306	0.01494	0.01063	0.00814	0.00700	0.00202	0.01312	0.00525	0.03283	0.00929
27	0.03899	0.07458	0.03803	0.01348	0.01825	0.01447	0.04067	0.09934	0.05380	0.02708	0.07847	0.08194	0.10369	0.04518	0.00955	0.00238	0.03196	0.00924	0.00580	0.21307

[dist]
# distance from previous block
# <min> <max>
0	1

[block]
# block no. 6 follows, 25 sequences, length 30
# corresponding to MSA columns:
# 287-316
name=unknown_G
#
# <colnr> <probs for GDERKNQSTAVLIFYWHMCP>
#	G	D	E	R	K	N	Q	S	T	A	V	L	I	F	Y	W	H	M	C	P
0	0.11395	0.02136	0.05350	0.01698	0.02310	0.02254	0.01445	0.49313	0.09202	0.04453	0.01871	0.01879	0.01346	0.00909	0.00741	0.00237	0.00816	0.00677	0.00721	0.01247
1	0.02866	0.02235	0.02233	0.01749	0.02327	0.08404	0.01428	0.56426	0.03410	0.04513	0.01836	0.01873	0.01324	0.00917	0.00757	0.00227	0.00877	0.00681	0.04668	0.01250
2	0.01955	0.02220	0.17254	0.03470	0.38223	0.01725	0.04246	0.05244	0.01875	0.08090	0.03776	0.02356	0.01573	0.00827	0.00785	0.00242	0.00931	0.03564	0.00467	0.01177
3	0.01590	0.11688	0.53795	0.02132	0.06027	0.01874	0.02516	0.02349	0.01644	0.02363	0.01781	0.01986	0.05354	0.00806	0.00722	0.00237	0.01050	0.00630	0.00356	0.01100
4	0.01100	0.00801	0.01130	0.01143	0.01244	0.00895	0.00838	0.01304	0.01237	0.01746	0.02321	0.08591	0.02372	0.20712	0.49756	0.01066	0.01657	0.00999	0.00450	0.00637
5	0.01929	0.01666	0.01753	0.01578	0.02016	0.01929	0.01227	0.04120	0.66513	0.03243	0.03156	0.02893	0.02367	0.01052	0.00789	0.00263	0.00614	0.00877	0.00789	0.01227
6	0.01696	0.01696	0.02375	0.02036	0.02036	0.02375	0.01696	0.01866	0.01187	0.01866	0.01018	0.01696	0.01018	0.01357	0.02545	0.00339	0.71332	0.00679	0.00339	0.00848
7	0.45538	0.01382	0.01371	0.01146	0.01648	0.01449	0.00940	0.02761	0.01709	0.26939	0.06677	0.02091	0.01706	0.00870	0.00620	0.00240	0.00604	0.00622	0.00681	0.01005
8	0.01596	0.00902	0.01178	0.01052	0.01327	0.00811	0.00809	0.01926	0.02142	0.17202	0.46673	0.07569	0.10709	0.01508	0.00888	0.00247	0.00435	0.01313	0.00862	0.00850
9	0.01100	0.00790	0.01022	0.00966	0.01135	0.00733	0.00712	0.01439	0.02116	0.02991	0.62723	0.05739	0.06985	0.06816	0.01137	0.00281	0.00394	0.01382	0.00825	0.00712
10	0.00981	0.00799	0.00875	0.00887	0.01128	0.00693	0.00686	0.01220	0.01831	0.02267	0.15986	0.07371	0.51606	0.01930	0.00934	0.00270	0.00426	0.08697	0.00738	0.00673
11	0.01464	0.01378	0.02326	0.70887	0.05340	0.01723	0.02153	0.01981	0.01550	0.01981	0.01378	0.02067	0.01034	0.00775	0.00775	0.00258	0.01034	0.00689	0.00345	0.00861
12	0.01116	0.00747	0.00849	0.00861	0.00864	0.00744	0.00486	0.01124	0.01151	0.01535	0.02563	0.09469	0.02970	0.68149	0.03753	0.00723	0.00732	0.01198	0.00486	0.00480
13	0.01439	0.01343	0.02255	0.67437	0.05132	0.01669	0.02082	0.01936	0.01547	0.01981	0.01521	0.05536	0.01236	0.00857	0.00786	0.00261	0.01005	0.00764	0.00363	0.00850
14	0.02947	0.02172	0.02327	0.01784	0.02404	0.02404	0.01474	0.65329	0.03646	0.04887	0.01862	0.01862	0.01319	0.00931	0.00776	0.00233	0.00853	0.00698	0.00776	0.01319
15	0.01646	0.01241	0.01414	0.04165	0.01658	0.01305	0.00957	0.18472	0.07585	0.03041	0.18456	0.06780	0.12587	0.15527	0.01465	0.00349	0.00627	0.01149	0.00706	0.00867
16	0.01748	0.20545	0.49843	0.01988	0.02980	0.05596	0.02427	0.02456	0.01651	0.02276	0.01307	0.01531	0.00986	0.00722	0.00678	0.00224	0.01083	0.00531	0.00332	0.01097
17	0.03479	0.01320	0.01799	0.01380	0.01979	0.01140	0.01140	0.03779	0.02219	0.68451	0.03059	0.02639	0.01919	0.00960	0.00780	0.00240	0.00660	0.00780	0.00960	0.01320
18	0.01175	0.00838	0.01099	0.01075	0.01146	0.00830	0.03743	0.01275	0.01292	0.01714	0.02771	0.08490	0.03127	0.53866	0.03169	0.00640	0.00759	0.11926	0.00520	0.00547
19	0.01685	0.06160	0.44845	0.02836	0.17091	0.01880	0.09794	0.02437	0.01684	0.02449	0.01413	0.01733	0.01057	0.00714	0.00754	0.00241	0.01104	0.00631	0.00347	0.01146
20	0.01003	0.00808	0.00909	0.00963	0.01194	0.00714	0.00764	0.01238	0.01760	0.02147	0.06740	0.10605	0.48734	0.02029	0.00959	0.00288	0.00477	0.17281	0.00718	0.00669
21	0.01114	0.00746	0.00850	0.00863	0.00867	0.00743	0.00489	0.01124	0.01154	0.01539	0.02581	0.10144	0.02993	0.67443	0.03723	0.00719	0.00729	0.01209	0.00489	0.00482
22	0.01336	0.01013	0.01208	0.01189	0.01420	0.01024	0.00928	0.06414	0.10107	0.02698	0.20295	0.12068	0.13792	0.07192	0.01165	0.00320	0.00556	0.15736	0.00746	0.00793
23	0.21333	0.05235	0.19353	0.03988	0.02475	0.13334	0.01695	0.13466	0.04739	0.03016	0.01412	0.01597	0.01070	0.00810	0.00731	0.00236	0.03439	0.00559	0.00476	0.01036
24	0.16106	0.02054	0.02119	0.01650	0.02246	0.02288	0.01363	0.54308	0.03239	0.04640	0.01725	0.01756	0.01235	0.00894	0.00724	0.00234	0.00809	0.00649	0.00724	0.01235
25	0.02384	0.01914	0.02374	0.14141	0.08732	0.02138	0.03717	0.36002	0.13933	0.03806	0.01956	0.02089	0.01437	0.00894	0.00782	0.00243	0.00864	0.00734	0.00655	0.01206
26	0.01581	0.08315	0.58841	0.08006	0.03436	0.01877	0.02703	0.02406	0.01626	0.02374	0.01370	0.01648	0.00987	0.00735	0.00724	0.00241	0.01116	0.00572	0.00329	0.01112
27	0.01108	0.00831	0.01246	0.01246	0.01385	0.00969	0.00969	0.01385	0.01246	0.01800	0.02077	0.03046	0.01938	0.05815	0.69678	0.01246	0.02077	0.00831	0.00415	0.00692
28	0.01986	0.02020	0.02923	0.12747	0.51686	0.10454	0.02239	0.02421	0.01793	0.02383	0.01415	0.01871	0.01174	0.00715	0.00760	0.00230	0.00996	0.00666	0.00381	0.01140
29	0.02162	0.44817	0.07659	0.01597	0.02166	0.16214	0.01492	0.02522	0.04549	0.01947	0.01209	0.01416	0.01058	0.00778	0.00760	0.00199	0.07619	0.00487	0.00366	0.00982

[dist]
# distance from previous block
# <min> <max>
0	8

[block]
# block no. 7 follows, 25 sequences, length 28
# corresponding to MSA columns:
# 325-333,350-368
name=unknown_H
#
# <colnr> <probs for GDERKNQSTAVLIFYWHMCP>
#	G	D	E	R	K	N	Q	S	T	A	V	L	I	F	Y	W	H	M	C	P
0	0.01122	0.00873	0.01046	0.01090	0.01310	0.00827	0.00869	0.01531	0.06308	0.02411	0.16438	0.11685	0.29021	0.01922	0.00960	0.00292	0.00506	0.20319	0.00746	0.00724
1	0.01308	0.00674	0.00999	0.01017	0.01021	0.00669	0.00678	0.01017	0.01056	0.01408	0.01628	0.09077	0.01710	0.02668	0.02834	0.70025	0.00652	0.00821	0.00374	0.00365
2	0.01719	0.01899	0.11566	0.35298	0.13478	0.01816	0.02088	0.10298	0.01860	0.02506	0.01787	0.02232	0.04701	0.00872	0.00868	0.00254	0.04606	0.00725	0.00424	0.01002
3	0.02880	0.02187	0.02252	0.01749	0.02340	0.05762	0.01435	0.59432	0.03485	0.04649	0.01856	0.01882	0.01331	0.00923	0.00762	0.00229	0.00860	0.00689	0.04026	0.01272
4	0.01905	0.01882	0.03378	0.04519	0.57610	0.01861	0.12499	0.02396	0.01776	0.02525	0.01476	0.01947	0.01220	0.00685	0.00791	0.00235	0.00983	0.00727	0.00385	0.01199
5	0.01089	0.00735	0.00857	0.00895	0.00905	0.00726	0.00523	0.01117	0.01203	0.01604	0.02831	0.19294	0.03308	0.57864	0.03321	0.00659	0.00688	0.01355	0.00523	0.00504
6	0.01629	0.02650	0.28179	0.04994	0.03554	0.01765	0.33422	0.02321	0.01715	0.02407	0.01756	0.08666	0.01479	0.00860	0.00851	0.00261	0.01155	0.00903	0.00398	0.01037
7	0.01759	0.01518	0.01730	0.01303	0.01930	0.05749	0.03396	0.02094	0.01686	0.05681	0.01651	0.04791	0.01434	0.00732	0.00637	0.00147	0.00661	0.02292	0.00495	0.60313
8	0.01072	0.00886	0.00913	0.00918	0.01119	0.02974	0.00675	0.01264	0.01706	0.02102	0.12329	0.06766	0.40991	0.15244	0.01495	0.00359	0.00522	0.07350	0.00675	0.00641
9	0.01567	0.01071	0.01222	0.01085	0.01416	0.01028	0.00843	0.08001	0.08512	0.10634	0.23468	0.05419	0.29603	0.01546	0.00874	0.00251	0.00483	0.01302	0.00799	0.00876
10	0.01684	0.02355	0.19054	0.15493	0.06524	0.01925	0.28110	0.02302	0.01649	0.02309	0.01418	0.01923	0.01086	0.00785	0.01044	0.00266	0.09942	0.00753	0.00361	0.01018
11	0.01898	0.01811	0.03037	0.07745	0.61575	0.01841	0.02310	0.02449	0.05058	0.02543	0.01541	0.01976	0.01277	0.00713	0.00769	0.00233	0.00911	0.00700	0.00403	0.01211
12	0.02070	0.01618	0.02002	0.01772	0.05264	0.01788	0.04535	0.14937	0.24293	0.08877	0.07659	0.03104	0.08496	0.01143	0.01005	0.00260	0.08440	0.00917	0.00710	0.01111
13	0.00989	0.00829	0.03518	0.01086	0.01210	0.00692	0.00794	0.01192	0.01617	0.02175	0.13893	0.54842	0.09866	0.02204	0.00963	0.00298	0.00460	0.01980	0.00725	0.00667
14	0.02725	0.01794	0.02052	0.01578	0.02160	0.01859	0.01296	0.37788	0.02888	0.17543	0.05132	0.02167	0.01692	0.00932	0.00820	0.00221	0.03413	0.00713	0.00755	0.12472
15	0.01010	0.00744	0.00909	0.00954	0.01080	0.00683	0.00661	0.01209	0.01710	0.02280	0.23900	0.29201	0.18686	0.11755	0.01358	0.00342	0.00454	0.01693	0.00726	0.00644
16	0.01845	0.01866	0.02360	0.02021	0.02080	0.07296	0.01671	0.05063	0.01382	0.02016	0.01072	0.01683	0.01031	0.01295	0.02323	0.00324	0.62766	0.00666	0.00365	0.00875
17	0.01126	0.00757	0.00875	0.00875	0.00885	0.00768	0.00506	0.01146	0.01136	0.01525	0.02416	0.04926	0.02754	0.67855	0.08754	0.00788	0.00849	0.01106	0.00466	0.00486
18	0.02446	0.01783	0.01947	0.01585	0.02061	0.01945	0.01269	0.48576	0.03087	0.04166	0.02418	0.17307	0.02181	0.01257	0.00813	0.00248	0.00744	0.01029	0.03997	0.01143
19	0.01067	0.00791	0.00995	0.00944	0.01140	0.00719	0.00708	0.01405	0.02124	0.02941	0.57600	0.06069	0.17326	0.01648	0.00915	0.00247	0.00370	0.01441	0.00831	0.00719
20	0.02056	0.68349	0.04098	0.01460	0.02131	0.02992	0.05691	0.02333	0.01593	0.01869	0.01112	0.01302	0.01007	0.00663	0.00526	0.00172	0.00862	0.00449	0.00336	0.00998
21	0.01608	0.01378	0.01608	0.01148	0.01837	0.01034	0.00919	0.01952	0.01608	0.02527	0.01378	0.01608	0.01148	0.00574	0.00574	0.00115	0.00574	0.00459	0.00459	0.77491
22	0.01198	0.00815	0.01069	0.00993	0.01193	0.00749	0.00749	0.01561	0.02196	0.05879	0.64773	0.05658	0.07087	0.01559	0.00909	0.00244	0.00378	0.01376	0.00858	0.00757
23	0.78228	0.01499	0.01140	0.01020	0.01499	0.01739	0.00840	0.02279	0.01320	0.03479	0.01080	0.01260	0.00840	0.00720	0.00480	0.00240	0.00600	0.00420	0.00480	0.00840
24	0.02082	0.01888	0.01927	0.01847	0.06608	0.07829	0.01347	0.08101	0.52178	0.03190	0.02781	0.02626	0.02098	0.00997	0.00779	0.00253	0.00719	0.00819	0.00726	0.01205
25	0.01703	0.23707	0.50328	0.01959	0.02967	0.02161	0.02427	0.02417	0.01619	0.02276	0.01302	0.01525	0.00986	0.00716	0.00669	0.00223	0.01056	0.00528	0.00329	0.01103
26	0.00964	0.00752	0.00875	0.00918	0.01095	0.00663	0.00660	0.01177	0.01770	0.02276	0.19501	0.27342	0.35183	0.02028	0.00939	0.00275	0.00405	0.01764	0.00749	0.00663
27	0.01217	0.00882	0.01205	0.01366	0.01553	0.00870	0.01186	0.01559	0.01783	0.02299	0.04466	0.08623	0.10533	0.02125	0.01056	0.00348	0.00683	0.56824	0.00715	0.00708

[dist]
# distance from previous block
# <min> <max>
0	48

# created by:
# /st0/software/busco_prod/Augustus/scripts/msa2prfl.pl ./align_prep/119855.fa
