[name]
unknown

[dist]
# distance from previous block
# <min> <max>
57	123

[block]
# block no. 0 follows, 27 sequences, length 106
# corresponding to MSA columns:
# 148-253
name=unknown_A
#
# <colnr> <probs for GDERKNQSTAVLIFYWHMCP>
#	G	D	E	R	K	N	Q	S	T	A	V	L	I	F	Y	W	H	M	C	P
0	0.04422	0.04676	0.17802	0.02646	0.25712	0.06753	0.01875	0.06392	0.07266	0.02609	0.08474	0.02327	0.04151	0.00851	0.00726	0.00225	0.00852	0.00720	0.00469	0.01053
1	0.01979	0.02181	0.13469	0.05145	0.30572	0.06223	0.05062	0.11396	0.03679	0.05177	0.03690	0.01922	0.01364	0.00749	0.00732	0.00220	0.00910	0.00663	0.00459	0.04407
2	0.08636	0.07304	0.10978	0.02375	0.16618	0.17542	0.06419	0.11813	0.02014	0.02669	0.05622	0.01833	0.01429	0.00776	0.00696	0.00216	0.00964	0.00626	0.00452	0.01018
3	0.07649	0.07481	0.20179	0.02307	0.14049	0.08282	0.06179	0.12120	0.06750	0.02745	0.01593	0.01970	0.01268	0.00797	0.00707	0.00228	0.00937	0.03238	0.00456	0.01064
4	0.02154	0.04677	0.12508	0.02764	0.24414	0.01736	0.10058	0.12181	0.02036	0.14372	0.04529	0.02061	0.01498	0.00777	0.00748	0.00227	0.00882	0.00707	0.00529	0.01142
5	0.04821	0.04265	0.16379	0.07677	0.17637	0.01532	0.12333	0.02106	0.01713	0.04734	0.13719	0.05701	0.02326	0.00909	0.00768	0.00235	0.00854	0.00845	0.00471	0.00974
6	0.01775	0.05562	0.31781	0.02079	0.10308	0.04999	0.04149	0.02398	0.03880	0.10431	0.10966	0.04553	0.02086	0.00896	0.00741	0.00230	0.00881	0.00755	0.00493	0.01037
7	0.01708	0.03336	0.55216	0.02344	0.11304	0.01669	0.02528	0.02463	0.01636	0.08783	0.01492	0.01692	0.01055	0.00720	0.00713	0.00233	0.01026	0.00581	0.00378	0.01123
8	0.04331	0.13112	0.47014	0.01767	0.02621	0.01722	0.02132	0.02160	0.01612	0.02367	0.10076	0.04468	0.01854	0.00855	0.00694	0.00226	0.00917	0.00678	0.00397	0.00998
9	0.05360	0.02164	0.28426	0.01576	0.02200	0.01323	0.04716	0.02182	0.07639	0.06918	0.16562	0.07962	0.07646	0.01112	0.00774	0.00242	0.00745	0.00947	0.00563	0.00943
10	0.01367	0.02986	0.50985	0.01805	0.02634	0.01443	0.02186	0.02063	0.01625	0.02380	0.11706	0.06006	0.02234	0.04013	0.00883	0.00262	0.00922	0.03103	0.00426	0.00972
11	0.01303	0.05119	0.37468	0.01555	0.02239	0.01317	0.01787	0.01906	0.01767	0.02527	0.26099	0.03410	0.08308	0.01085	0.00771	0.00233	0.00762	0.00906	0.00524	0.00913
12	0.01505	0.06105	0.67938	0.02089	0.03171	0.01763	0.02696	0.02347	0.01565	0.02332	0.01323	0.01555	0.00941	0.00703	0.00698	0.00233	0.01087	0.00544	0.00314	0.01092
13	0.01140	0.01387	0.15076	0.01175	0.01538	0.00909	0.01117	0.01595	0.01992	0.02849	0.55113	0.04734	0.05768	0.01352	0.00841	0.00234	0.00503	0.01181	0.00714	0.00781
14	0.01489	0.03840	0.70064	0.02116	0.03213	0.01724	0.02743	0.02351	0.01567	0.02351	0.01332	0.01567	0.00940	0.00705	0.00705	0.00235	0.01097	0.00549	0.00313	0.01097
15	0.01467	0.03686	0.66609	0.02057	0.03108	0.01673	0.02641	0.02303	0.01594	0.02382	0.04711	0.01766	0.01244	0.00746	0.00714	0.00235	0.01060	0.00588	0.00339	0.01077
16	0.01722	0.36985	0.38961	0.01718	0.02598	0.02294	0.02051	0.02291	0.01540	0.02067	0.01191	0.01390	0.00946	0.00672	0.00598	0.00199	0.00955	0.00477	0.00315	0.01029
17	0.00969	0.00693	0.00933	0.01088	0.01165	0.00657	0.00784	0.01154	0.01524	0.02035	0.08791	0.56426	0.04945	0.02216	0.00957	0.00304	0.00472	0.13567	0.00697	0.00625
18	0.01465	0.01240	0.01460	0.01092	0.01679	0.00944	0.00857	0.01771	0.01526	0.02358	0.01645	0.09980	0.01547	0.00758	0.00596	0.00132	0.00536	0.00636	0.00469	0.69309
19	0.01289	0.00645	0.00967	0.00967	0.00967	0.00645	0.00645	0.00967	0.00967	0.01289	0.01289	0.02257	0.01289	0.02579	0.02901	0.78401	0.00645	0.00645	0.00322	0.00322
20	0.00885	0.00754	0.00770	0.00770	0.01016	0.00639	0.00579	0.01076	0.01671	0.01994	0.07289	0.06968	0.66174	0.02034	0.03806	0.00290	0.00443	0.01535	0.00677	0.00628
21	0.01739	0.02094	0.07666	0.03078	0.03846	0.01870	0.63390	0.02377	0.01743	0.02377	0.01493	0.01981	0.01117	0.00630	0.00868	0.00250	0.01244	0.00860	0.00372	0.01006
22	0.01513	0.07211	0.66900	0.02075	0.03151	0.01782	0.02672	0.02345	0.01565	0.02322	0.01318	0.01549	0.00941	0.00702	0.00694	0.00231	0.01083	0.00541	0.00314	0.01090
23	0.01837	0.01764	0.03013	0.04557	0.69279	0.01764	0.02278	0.02278	0.01690	0.02425	0.01396	0.01837	0.01176	0.00661	0.00735	0.00220	0.00882	0.00661	0.00367	0.01176
24	0.03331	0.01263	0.01723	0.01321	0.01895	0.01091	0.01091	0.03618	0.02125	0.69794	0.02929	0.02527	0.01838	0.00919	0.00747	0.00230	0.00632	0.00747	0.00919	0.01263
25	0.00904	0.00646	0.00861	0.01034	0.01077	0.00603	0.00689	0.01034	0.01421	0.01895	0.04092	0.73426	0.04910	0.02326	0.00948	0.00301	0.00431	0.02110	0.00689	0.00603
26	0.01985	0.74357	0.03890	0.01270	0.01905	0.02937	0.01270	0.02223	0.01508	0.01747	0.01032	0.01191	0.00953	0.00635	0.00476	0.00159	0.00794	0.00397	0.00318	0.00953
27	0.00903	0.00651	0.00856	0.01020	0.01073	0.00604	0.00683	0.01035	0.01434	0.01900	0.04257	0.70237	0.07992	0.02304	0.00944	0.00299	0.00428	0.02084	0.00689	0.00604
28	0.01051	0.00759	0.00992	0.00934	0.01109	0.00700	0.00700	0.01401	0.02101	0.02977	0.68888	0.05545	0.07005	0.01518	0.00876	0.00233	0.00350	0.01343	0.00817	0.00700
29	0.01489	0.03840	0.70064	0.02116	0.03213	0.01724	0.02743	0.02351	0.01567	0.02351	0.01332	0.01567	0.00940	0.00705	0.00705	0.00235	0.01097	0.00549	0.00313	0.01097
30	0.01080	0.00720	0.00810	0.00810	0.00810	0.00720	0.00450	0.01080	0.01080	0.01439	0.02339	0.04858	0.02699	0.73910	0.03779	0.00720	0.00720	0.01080	0.00450	0.00450
31	0.01983	0.01663	0.01755	0.01538	0.01982	0.01910	0.01208	0.12739	0.58921	0.03326	0.02848	0.02632	0.02126	0.00991	0.00754	0.00248	0.00620	0.00815	0.00754	0.01187
32	0.79154	0.01436	0.01091	0.00976	0.01436	0.01665	0.00804	0.02182	0.01263	0.03331	0.01034	0.01206	0.00804	0.00689	0.00459	0.00230	0.00574	0.00402	0.00459	0.00804
33	0.02822	0.02079	0.02228	0.01708	0.02302	0.02302	0.01411	0.66804	0.03490	0.04679	0.01782	0.01782	0.01262	0.00891	0.00743	0.00223	0.00817	0.00668	0.00743	0.01262
34	0.01051	0.00759	0.00992	0.00934	0.01109	0.00700	0.00700	0.01401	0.02101	0.02977	0.68888	0.05545	0.07005	0.01518	0.00876	0.00233	0.00350	0.01343	0.00817	0.00700
35	0.02096	0.01614	0.01742	0.01513	0.01967	0.01821	0.01192	0.10625	0.54618	0.09797	0.02880	0.02641	0.02117	0.00986	0.00753	0.00247	0.00616	0.00812	0.00770	0.01193
36	0.01756	0.01992	0.04322	0.03190	0.06658	0.01873	0.63851	0.02374	0.01750	0.02380	0.01497	0.01995	0.01129	0.00627	0.00870	0.00249	0.01236	0.00867	0.00375	0.01009
37	0.03306	0.01302	0.01747	0.01339	0.01915	0.01149	0.01106	0.06639	0.02190	0.66681	0.02874	0.02491	0.01810	0.00918	0.00746	0.00229	0.00641	0.00743	0.00910	0.01263
38	0.00888	0.00744	0.00773	0.00784	0.01014	0.00628	0.00581	0.01079	0.01689	0.02043	0.10172	0.12520	0.60745	0.01899	0.00883	0.00254	0.00379	0.01601	0.00695	0.00628
39	0.01539	0.01319	0.01539	0.01100	0.01759	0.00990	0.00880	0.01869	0.01539	0.02419	0.01319	0.01539	0.01100	0.00550	0.00550	0.00110	0.00550	0.00440	0.00440	0.78449
40	0.79154	0.01436	0.01091	0.00976	0.01436	0.01665	0.00804	0.02182	0.01263	0.03331	0.01034	0.01206	0.00804	0.00689	0.00459	0.00230	0.00574	0.00402	0.00459	0.00804
41	0.01539	0.01319	0.01539	0.01100	0.01759	0.00990	0.00880	0.01869	0.01539	0.02419	0.01319	0.01539	0.01100	0.00550	0.00550	0.00110	0.00550	0.00440	0.00440	0.78449
42	0.01402	0.01319	0.02227	0.72126	0.05113	0.01649	0.02062	0.01897	0.01484	0.01897	0.01319	0.01979	0.00990	0.00742	0.00742	0.00247	0.00990	0.00660	0.00330	0.00825
43	0.01039	0.00758	0.00976	0.00921	0.01102	0.00695	0.00691	0.01378	0.02073	0.02910	0.64643	0.05656	0.11292	0.01543	0.00876	0.00235	0.00352	0.01358	0.00808	0.00695
44	0.73620	0.01423	0.01137	0.01001	0.01469	0.01623	0.00825	0.02287	0.01326	0.08181	0.01172	0.01302	0.00879	0.00706	0.00480	0.00230	0.00578	0.00427	0.00493	0.00838
45	0.01992	0.01747	0.02499	0.13439	0.02916	0.01915	0.13779	0.21802	0.10266	0.03019	0.01663	0.01933	0.01265	0.00841	0.00944	0.00235	0.09153	0.00701	0.00526	0.09365
46	0.02566	0.01952	0.02084	0.01656	0.02205	0.02183	0.01349	0.50298	0.20414	0.04266	0.02108	0.02042	0.01526	0.00922	0.00746	0.00230	0.00757	0.00713	0.00746	0.01240
47	0.02645	0.02023	0.02369	0.02219	0.14310	0.02206	0.01567	0.55236	0.03168	0.04275	0.01713	0.01792	0.01247	0.00850	0.00741	0.00222	0.00829	0.00667	0.00675	0.01247
48	0.00958	0.00669	0.00846	0.00965	0.00995	0.00639	0.00616	0.01048	0.01317	0.01756	0.03555	0.52447	0.04233	0.24228	0.01814	0.00429	0.00519	0.01795	0.00616	0.00556
49	0.01539	0.01319	0.01539	0.01100	0.01759	0.00990	0.00880	0.01869	0.01539	0.02419	0.01319	0.01539	0.01100	0.00550	0.00550	0.00110	0.00550	0.00440	0.00440	0.78449
50	0.01289	0.00645	0.00967	0.00967	0.00967	0.00645	0.00645	0.00967	0.00967	0.01289	0.01289	0.02257	0.01289	0.02579	0.02901	0.78401	0.00645	0.00645	0.00322	0.00322
51	0.00959	0.00769	0.00849	0.00878	0.01092	0.00679	0.00679	0.01169	0.01669	0.02048	0.09253	0.07133	0.49376	0.07152	0.01116	0.00301	0.00457	0.13116	0.00677	0.00628
52	0.00904	0.00646	0.00861	0.01034	0.01077	0.00603	0.00689	0.01034	0.01421	0.01895	0.04092	0.73426	0.04910	0.02326	0.00948	0.00301	0.00431	0.02110	0.00689	0.00603
53	0.03048	0.01242	0.01657	0.01313	0.01838	0.01109	0.01068	0.03453	0.06769	0.60080	0.03020	0.07718	0.02092	0.01028	0.00762	0.00237	0.00614	0.00853	0.00890	0.01209
54	0.00988	0.00728	0.00925	0.00935	0.01086	0.00665	0.00678	0.01258	0.01866	0.02558	0.43361	0.23543	0.15101	0.01780	0.00895	0.00254	0.00375	0.01575	0.00766	0.00665
55	0.01539	0.01319	0.01539	0.01100	0.01759	0.00990	0.00880	0.01869	0.01539	0.02419	0.01319	0.01539	0.01100	0.00550	0.00550	0.00110	0.00550	0.00440	0.00440	0.78449
56	0.00915	0.00654	0.00871	0.01026	0.01079	0.00610	0.00690	0.01060	0.01471	0.01974	0.08821	0.68472	0.05063	0.02267	0.00942	0.00297	0.00425	0.02054	0.00698	0.00610
57	0.03160	0.01331	0.01739	0.01356	0.01915	0.01217	0.01113	0.06264	0.08808	0.60385	0.02891	0.02520	0.01857	0.00927	0.00747	0.00232	0.00635	0.00753	0.00895	0.01254
58	0.01062	0.00790	0.01165	0.01165	0.01288	0.00913	0.00893	0.01308	0.01185	0.01703	0.02014	0.03058	0.01917	0.10555	0.66065	0.01159	0.01896	0.00816	0.00401	0.00647
59	0.02206	0.01001	0.01313	0.01117	0.01464	0.00888	0.00858	0.02437	0.01862	0.37198	0.13218	0.12415	0.08009	0.11096	0.01209	0.00307	0.00558	0.01110	0.00795	0.00941
60	0.73296	0.01434	0.01138	0.01009	0.01472	0.01648	0.00829	0.02304	0.03646	0.06072	0.01182	0.01316	0.00898	0.00710	0.00482	0.00230	0.00577	0.00432	0.00489	0.00836
61	0.00973	0.00728	0.00877	0.00892	0.01041	0.00660	0.00633	0.01192	0.01730	0.02304	0.30376	0.20858	0.23567	0.09363	0.01195	0.00304	0.00414	0.01547	0.00715	0.00632
62	0.02056	0.01653	0.01763	0.01532	0.01985	0.01883	0.01207	0.13356	0.55479	0.06175	0.02832	0.02611	0.02097	0.00986	0.00753	0.00247	0.00624	0.00810	0.00760	0.01192
63	0.01080	0.00720	0.00810	0.00810	0.00810	0.00720	0.00450	0.01080	0.01080	0.01439	0.02339	0.04858	0.02699	0.73910	0.03779	0.00720	0.00720	0.01080	0.00450	0.00450
64	0.01045	0.00754	0.00987	0.00938	0.01108	0.00696	0.00700	0.01386	0.02073	0.02932	0.66208	0.08353	0.06918	0.01551	0.00879	0.00236	0.00354	0.01374	0.00812	0.00696
65	0.01127	0.00936	0.00987	0.00944	0.01202	0.00912	0.00704	0.01738	0.16320	0.02302	0.12485	0.05817	0.42141	0.07773	0.01097	0.00289	0.00449	0.01341	0.00697	0.00741
66	0.03294	0.01323	0.01760	0.01349	0.01925	0.01179	0.01114	0.08229	0.02224	0.65041	0.02845	0.02472	0.01796	0.00917	0.00746	0.00229	0.00645	0.00741	0.00906	0.01263
67	0.01077	0.00723	0.00825	0.00820	0.00834	0.00718	0.00470	0.01106	0.01163	0.01565	0.07792	0.04914	0.03052	0.67978	0.03541	0.00680	0.00689	0.01101	0.00480	0.00470
68	0.01046	0.00756	0.00995	0.00947	0.01116	0.00706	0.00708	0.01386	0.02045	0.02894	0.64233	0.07738	0.06744	0.01694	0.03465	0.00271	0.00413	0.01348	0.00797	0.00696
69	0.01816	0.01742	0.02974	0.07937	0.66070	0.01758	0.02267	0.02259	0.01680	0.02399	0.01393	0.01844	0.01167	0.00665	0.00735	0.00222	0.00887	0.00661	0.00366	0.01158
70	0.01846	0.01595	0.01679	0.01511	0.01930	0.01846	0.01175	0.03945	0.67938	0.03105	0.03022	0.02770	0.02266	0.01007	0.00755	0.00252	0.00588	0.00839	0.00755	0.01175
71	0.01112	0.00765	0.00994	0.00950	0.01130	0.00701	0.00707	0.01428	0.02010	0.05300	0.56568	0.12754	0.09570	0.01599	0.00879	0.00241	0.00371	0.01413	0.00801	0.00707
72	0.01639	0.01607	0.02867	0.33258	0.32720	0.01731	0.11148	0.02129	0.01611	0.02193	0.01378	0.01921	0.01089	0.00691	0.00758	0.00236	0.00980	0.00691	0.00353	0.01001
73	0.01837	0.01764	0.03013	0.04557	0.69279	0.01764	0.02278	0.02278	0.01690	0.02425	0.01396	0.01837	0.01176	0.00661	0.00735	0.00220	0.00882	0.00661	0.00367	0.01176
74	0.01067	0.00714	0.00813	0.00826	0.00829	0.00711	0.00467	0.01076	0.01105	0.01473	0.02467	0.09862	0.02860	0.68686	0.03572	0.00689	0.00699	0.01155	0.00467	0.00461
75	0.08879	0.02367	0.01997	0.01672	0.02160	0.22402	0.01325	0.31081	0.14799	0.03434	0.01763	0.01787	0.01320	0.00859	0.00700	0.00219	0.00909	0.00622	0.00616	0.01090
76	0.02822	0.02079	0.02228	0.01708	0.02302	0.02302	0.01411	0.66804	0.03490	0.04679	0.01782	0.01782	0.01262	0.00891	0.00743	0.00223	0.00817	0.00668	0.00743	0.01262
77	0.01539	0.01319	0.01539	0.01100	0.01759	0.00990	0.00880	0.01869	0.01539	0.02419	0.01319	0.01539	0.01100	0.00550	0.00550	0.00110	0.00550	0.00440	0.00440	0.78449
78	0.01602	0.01524	0.02589	0.41025	0.34647	0.01702	0.02161	0.02072	0.01579	0.02140	0.01355	0.01914	0.01075	0.00705	0.00739	0.00235	0.00940	0.00661	0.00347	0.00986
79	0.01991	0.02654	0.36111	0.01982	0.02768	0.01600	0.10032	0.02586	0.01678	0.19494	0.01760	0.01974	0.01251	0.03096	0.00992	0.00259	0.07544	0.00665	0.00481	0.01081
80	0.01741	0.01740	0.03216	0.03856	0.45330	0.01701	0.19993	0.02218	0.01717	0.02419	0.04772	0.04704	0.01580	0.00754	0.00789	0.00232	0.00942	0.00807	0.00403	0.01083
81	0.01402	0.01319	0.02227	0.72126	0.05113	0.01649	0.02062	0.01897	0.01484	0.01897	0.01319	0.01979	0.00990	0.00742	0.00742	0.00247	0.00990	0.00660	0.00330	0.00825
82	0.01551	0.01471	0.02496	0.49022	0.27054	0.01689	0.02136	0.02027	0.01555	0.02077	0.01346	0.01931	0.01053	0.00715	0.00740	0.00238	0.00953	0.00660	0.00343	0.00945
83	0.01789	0.01764	0.02885	0.17386	0.51126	0.04686	0.05108	0.02239	0.01671	0.02296	0.01376	0.01851	0.01128	0.00680	0.00740	0.00226	0.00939	0.00663	0.00361	0.01087
84	0.00992	0.00768	0.01163	0.01223	0.01331	0.00722	0.05911	0.01176	0.01468	0.01957	0.03876	0.63058	0.04566	0.02172	0.00948	0.00300	0.00514	0.06551	0.00664	0.00640
85	0.01043	0.00759	0.00981	0.00926	0.01104	0.00697	0.00694	0.01386	0.02083	0.02933	0.66113	0.05618	0.09806	0.01534	0.00876	0.00234	0.00351	0.01353	0.00811	0.00697
86	0.05091	0.03231	0.02069	0.01844	0.02254	0.58342	0.01402	0.10023	0.04982	0.02233	0.01292	0.01443	0.01040	0.00787	0.00675	0.00198	0.01226	0.00512	0.00440	0.00916
87	0.01825	0.01799	0.03216	0.04345	0.59602	0.01781	0.11794	0.02293	0.01700	0.02418	0.01412	0.01862	0.01169	0.00656	0.00756	0.00225	0.00937	0.00693	0.00369	0.01150
88	0.02773	0.03538	0.02104	0.01913	0.02295	0.70930	0.01434	0.02964	0.02104	0.01817	0.01148	0.01339	0.00956	0.00765	0.00669	0.00191	0.01339	0.00478	0.00383	0.00861
89	0.03119	0.01216	0.01655	0.01285	0.01822	0.01055	0.01055	0.03412	0.02123	0.63579	0.09064	0.02808	0.02318	0.00975	0.00759	0.00230	0.00606	0.00802	0.00909	0.01211
90	0.01283	0.04732	0.08255	0.01373	0.01682	0.01091	0.01270	0.01801	0.06801	0.02358	0.11163	0.06534	0.06645	0.01698	0.00922	0.00299	0.00672	0.39995	0.00650	0.00775
91	0.00908	0.00654	0.00861	0.01018	0.01074	0.00607	0.00684	0.01047	0.01455	0.01934	0.06275	0.68304	0.07872	0.02280	0.00942	0.00297	0.00426	0.02062	0.00693	0.00607
92	0.01347	0.00696	0.00696	0.00696	0.00875	0.00687	0.00522	0.01681	0.01567	0.02712	0.02794	0.03087	0.06798	0.00939	0.00545	0.00179	0.00348	0.00756	0.72387	0.00687
93	0.01752	0.01677	0.02859	0.17806	0.56697	0.01741	0.02236	0.02204	0.01650	0.02322	0.01381	0.01865	0.01139	0.00677	0.00736	0.00226	0.00903	0.00661	0.00360	0.01107
94	0.02712	0.01972	0.02130	0.01660	0.02223	0.02175	0.01361	0.58477	0.07423	0.06681	0.01978	0.04316	0.01470	0.00948	0.00751	0.00228	0.00783	0.00731	0.00748	0.01234
95	0.00906	0.00745	0.00798	0.00802	0.01025	0.00636	0.00595	0.01115	0.01735	0.02147	0.16733	0.11972	0.54504	0.01858	0.00882	0.00252	0.00376	0.01574	0.00709	0.00636
96	0.01964	0.71361	0.06702	0.01306	0.01961	0.02886	0.01333	0.02228	0.01511	0.01772	0.01045	0.01207	0.00952	0.00638	0.00486	0.00162	0.00807	0.00403	0.00317	0.00959
97	0.01541	0.08375	0.60889	0.02134	0.03175	0.01816	0.07304	0.02344	0.01577	0.02313	0.01325	0.01574	0.00955	0.00695	0.00703	0.00231	0.01088	0.00562	0.00318	0.01081
98	0.00934	0.00666	0.00884	0.01028	0.01087	0.00625	0.00700	0.01088	0.01487	0.01998	0.10370	0.62423	0.05024	0.04494	0.01032	0.00309	0.00440	0.04106	0.00694	0.00610
99	0.01025	0.00701	0.00821	0.00868	0.00889	0.00685	0.00518	0.01067	0.01194	0.01583	0.03000	0.23363	0.05725	0.52037	0.02912	0.00590	0.00629	0.01374	0.00523	0.00497
100	0.01591	0.02383	0.26182	0.11528	0.03465	0.01641	0.27394	0.02220	0.01635	0.04747	0.01726	0.08857	0.01441	0.00845	0.00802	0.00249	0.01061	0.00851	0.00399	0.00982
101	0.01965	0.02112	0.06182	0.07974	0.40708	0.10560	0.10544	0.06542	0.01849	0.02451	0.01396	0.01788	0.01124	0.00692	0.00745	0.00223	0.01001	0.00661	0.00390	0.01093
102	0.61161	0.06061	0.11167	0.01168	0.01732	0.01731	0.01118	0.02253	0.01348	0.05129	0.01134	0.01297	0.00864	0.00695	0.00504	0.00226	0.00664	0.00433	0.00444	0.00869
103	0.23053	0.03742	0.02005	0.24388	0.11937	0.04280	0.01547	0.10466	0.01763	0.04831	0.01464	0.01982	0.01171	0.00798	0.00666	0.00235	0.00821	0.03455	0.00459	0.00935
104	0.07692	0.46593	0.03079	0.01391	0.01914	0.08981	0.01262	0.02514	0.11350	0.02074	0.01333	0.01469	0.01138	0.00752	0.00670	0.00192	0.05752	0.00488	0.00399	0.00956
105	0.08107	0.01845	0.11236	0.01611	0.02130	0.09152	0.10475	0.02413	0.01839	0.18510	0.14892	0.02898	0.04455	0.03820	0.03115	0.00279	0.00844	0.00833	0.00602	0.00945

[dist]
# distance from previous block
# <min> <max>
0	2

[block]
# block no. 1 follows, 27 sequences, length 124
# corresponding to MSA columns:
# 256-379
name=unknown_B
#
# <colnr> <probs for GDERKNQSTAVLIFYWHMCP>
#	G	D	E	R	K	N	Q	S	T	A	V	L	I	F	Y	W	H	M	C	P
0	0.01739	0.10616	0.15324	0.02347	0.10522	0.06518	0.15653	0.02366	0.08289	0.02232	0.01664	0.07183	0.01448	0.00905	0.00954	0.00243	0.09828	0.00770	0.00413	0.00989
1	0.01828	0.04693	0.05679	0.01748	0.02348	0.04019	0.14134	0.12230	0.01897	0.02684	0.04234	0.01826	0.01350	0.00743	0.00832	0.00190	0.07061	0.00623	0.00468	0.31412
2	0.02480	0.12782	0.13360	0.01661	0.02343	0.02168	0.01564	0.40171	0.02726	0.08627	0.01670	0.01709	0.01203	0.00815	0.00692	0.00212	0.00836	0.00608	0.00615	0.03758
3	0.02673	0.11935	0.12782	0.01458	0.02116	0.01541	0.01386	0.05479	0.06490	0.40482	0.02323	0.02146	0.01557	0.00838	0.00696	0.00218	0.00728	0.00660	0.00706	0.03785
4	0.00903	0.00651	0.00856	0.01020	0.01073	0.00604	0.00683	0.01035	0.01435	0.01901	0.04264	0.70091	0.08133	0.02303	0.00944	0.00299	0.00428	0.02083	0.00689	0.00604
5	0.01955	0.05549	0.06094	0.03503	0.45276	0.10719	0.01981	0.02360	0.01764	0.05254	0.04016	0.02204	0.01515	0.00784	0.00732	0.00221	0.00908	0.03662	0.00420	0.01083
6	0.40624	0.05216	0.07423	0.04265	0.02136	0.01632	0.09869	0.02408	0.01543	0.13427	0.04086	0.01750	0.01278	0.00750	0.00609	0.00230	0.00735	0.00578	0.00510	0.00931
7	0.00898	0.00671	0.00835	0.00966	0.01059	0.00609	0.00659	0.01041	0.01486	0.01921	0.04910	0.57605	0.20202	0.02219	0.00931	0.00289	0.00418	0.01981	0.00689	0.00609
8	0.01623	0.01805	0.20629	0.01559	0.02096	0.01160	0.06067	0.02124	0.01862	0.13616	0.22878	0.04196	0.03563	0.01225	0.00834	0.00254	0.00728	0.12222	0.00639	0.00922
9	0.01938	0.02476	0.10477	0.02911	0.09396	0.15716	0.41209	0.02484	0.01798	0.02267	0.01404	0.01810	0.01078	0.00665	0.00804	0.00234	0.01220	0.00744	0.00370	0.00999
10	0.01837	0.01764	0.03013	0.04557	0.69279	0.01764	0.02278	0.02278	0.01690	0.02425	0.01396	0.01837	0.01176	0.00661	0.00735	0.00220	0.00882	0.00661	0.00367	0.01176
11	0.01818	0.01564	0.01654	0.01490	0.01901	0.01805	0.01158	0.03853	0.65551	0.03101	0.05410	0.02870	0.02438	0.01026	0.00760	0.00251	0.00579	0.00858	0.00758	0.01158
12	0.69541	0.01733	0.09628	0.01117	0.01656	0.01673	0.01044	0.02203	0.01301	0.03209	0.01071	0.01251	0.00821	0.00691	0.00490	0.00230	0.00639	0.00420	0.00441	0.00840
13	0.01080	0.00720	0.00810	0.00810	0.00810	0.00720	0.00450	0.01080	0.01080	0.01439	0.02339	0.04858	0.02699	0.73910	0.03779	0.00720	0.00720	0.01080	0.00450	0.00450
14	0.21849	0.16226	0.02208	0.01440	0.01973	0.12962	0.01209	0.22849	0.02216	0.08530	0.01440	0.01512	0.01085	0.00773	0.00608	0.00208	0.00819	0.00525	0.00546	0.01024
15	0.01176	0.00865	0.01186	0.03798	0.01575	0.00877	0.01105	0.01572	0.04810	0.02258	0.08911	0.18176	0.04378	0.01958	0.00978	0.00319	0.00623	0.44048	0.00686	0.00700
16	0.01520	0.12328	0.56289	0.01930	0.02895	0.01797	0.02412	0.02263	0.01590	0.02301	0.04583	0.01937	0.01341	0.00780	0.00696	0.00229	0.01010	0.02702	0.00350	0.01047
17	0.01604	0.20255	0.54660	0.01919	0.02909	0.02007	0.02400	0.02321	0.01554	0.02210	0.01262	0.01480	0.00943	0.00689	0.00652	0.00217	0.01027	0.00513	0.00314	0.01064
18	0.00905	0.00753	0.00791	0.00781	0.01020	0.00639	0.00586	0.01119	0.01758	0.02161	0.17364	0.06888	0.59037	0.01822	0.00877	0.00248	0.00372	0.01531	0.00710	0.00639
19	0.00935	0.00659	0.00853	0.00995	0.01031	0.00623	0.00648	0.01042	0.01363	0.01817	0.03791	0.61664	0.04531	0.14605	0.01433	0.00373	0.00480	0.01934	0.00648	0.00577
20	0.01402	0.01319	0.02227	0.72126	0.05113	0.01649	0.02062	0.01897	0.01484	0.01897	0.01319	0.01979	0.00990	0.00742	0.00742	0.00247	0.00990	0.00660	0.00330	0.00825
21	0.01837	0.01764	0.03013	0.04557	0.69279	0.01764	0.02278	0.02278	0.01690	0.02425	0.01396	0.01837	0.01176	0.00661	0.00735	0.00220	0.00882	0.00661	0.00367	0.01176
22	0.01061	0.00795	0.01193	0.01193	0.01326	0.00928	0.00928	0.01326	0.01193	0.01723	0.01988	0.02916	0.01856	0.05568	0.70968	0.01193	0.01988	0.00795	0.00398	0.00663
23	0.00877	0.00752	0.00752	0.00752	0.01003	0.00627	0.00564	0.01065	0.01692	0.02005	0.07520	0.07144	0.68978	0.01880	0.00877	0.00251	0.00376	0.01567	0.00689	0.00627
24	0.01402	0.01319	0.02227	0.72126	0.05113	0.01649	0.02062	0.01897	0.01484	0.01897	0.01319	0.01979	0.00990	0.00742	0.00742	0.00247	0.00990	0.00660	0.00330	0.00825
25	0.01061	0.00795	0.01193	0.01193	0.01326	0.00928	0.00928	0.01326	0.01193	0.01723	0.01988	0.02916	0.01856	0.05568	0.70968	0.01193	0.01988	0.00795	0.00398	0.00663
26	0.03006	0.01458	0.01808	0.01408	0.01959	0.01413	0.01155	0.18804	0.06611	0.46692	0.05770	0.02505	0.01970	0.00946	0.00752	0.00230	0.00660	0.00762	0.00861	0.01231
27	0.00913	0.00650	0.00859	0.01023	0.01064	0.00609	0.00677	0.01036	0.01405	0.01873	0.04006	0.70071	0.04802	0.05828	0.01086	0.00322	0.00445	0.02060	0.00677	0.00595
28	0.02773	0.03538	0.02104	0.01913	0.02295	0.70930	0.01434	0.02964	0.02104	0.01817	0.01148	0.01339	0.00956	0.00765	0.00669	0.00191	0.01339	0.00478	0.00383	0.00861
29	0.01513	0.07290	0.66827	0.02075	0.03149	0.01783	0.02671	0.02345	0.01564	0.02321	0.01318	0.01549	0.00941	0.00702	0.00694	0.00231	0.01082	0.00541	0.00314	0.01090
30	0.01837	0.01764	0.03013	0.04557	0.69279	0.01764	0.02278	0.02278	0.01690	0.02425	0.01396	0.01837	0.01176	0.00661	0.00735	0.00220	0.00882	0.00661	0.00367	0.01176
31	0.01616	0.01352	0.01689	0.01210	0.01871	0.01038	0.04193	0.01959	0.01572	0.04899	0.01388	0.01599	0.01128	0.00567	0.00573	0.00121	0.00588	0.00473	0.00454	0.71708
32	0.01094	0.00715	0.00821	0.00821	0.00821	0.00715	0.00463	0.01072	0.01072	0.01429	0.02267	0.04679	0.02602	0.69004	0.03718	0.06063	0.00715	0.01050	0.00441	0.00441
33	0.02709	0.06563	0.02193	0.01833	0.02264	0.53648	0.01413	0.13626	0.04799	0.02340	0.01319	0.01460	0.01057	0.00789	0.00676	0.00197	0.01197	0.00520	0.00454	0.00944
34	0.05460	0.01321	0.01530	0.01109	0.01753	0.01030	0.00890	0.02005	0.01566	0.07098	0.01416	0.01591	0.01136	0.00582	0.00559	0.00124	0.00557	0.00459	0.00474	0.69341
35	0.01870	0.55623	0.18201	0.01609	0.05381	0.02619	0.01637	0.02253	0.01530	0.01910	0.01114	0.01303	0.00961	0.00652	0.00538	0.00178	0.00864	0.00442	0.00319	0.00995
36	0.01013	0.00738	0.00970	0.01107	0.01201	0.00716	0.00802	0.01294	0.04782	0.02101	0.09389	0.53048	0.04844	0.02146	0.00946	0.00300	0.00476	0.12772	0.00702	0.00653
37	0.01014	0.00757	0.00942	0.00896	0.01087	0.00685	0.00672	0.01330	0.02015	0.02773	0.55995	0.05881	0.20025	0.01594	0.00876	0.00237	0.00356	0.01390	0.00790	0.00685
38	0.03071	0.01423	0.01796	0.01387	0.01942	0.01350	0.01142	0.18234	0.02442	0.50467	0.06732	0.02539	0.02022	0.00949	0.00754	0.00228	0.00658	0.00765	0.00871	0.01228
39	0.04664	0.23335	0.02485	0.01564	0.02017	0.27161	0.01295	0.09119	0.04264	0.05391	0.01405	0.01611	0.01161	0.01250	0.07692	0.00294	0.03380	0.00534	0.00441	0.00936
40	0.00904	0.00646	0.00861	0.01034	0.01077	0.00603	0.00689	0.01034	0.01421	0.01895	0.04092	0.73426	0.04910	0.02326	0.00948	0.00301	0.00431	0.02110	0.00689	0.00603
41	0.00877	0.00752	0.00752	0.00752	0.01003	0.00627	0.00564	0.01065	0.01692	0.02005	0.07520	0.07144	0.68978	0.01880	0.00877	0.00251	0.00376	0.01567	0.00689	0.00627
42	0.01771	0.02091	0.06562	0.02844	0.03473	0.05274	0.50666	0.02312	0.01665	0.02257	0.01395	0.01894	0.01087	0.00742	0.01105	0.00259	0.12462	0.00808	0.00365	0.00969
43	0.00911	0.00649	0.00860	0.01026	0.01067	0.00607	0.00681	0.01035	0.01409	0.01879	0.04029	0.70991	0.04831	0.04867	0.01048	0.00316	0.00441	0.02074	0.00681	0.00598
44	0.01402	0.01319	0.02227	0.72126	0.05113	0.01649	0.02062	0.01897	0.01484	0.01897	0.01319	0.01979	0.00990	0.00742	0.00742	0.00247	0.00990	0.00660	0.00330	0.00825
45	0.01739	0.01662	0.02813	0.13424	0.57823	0.01701	0.02177	0.02176	0.01663	0.02337	0.01645	0.02080	0.04014	0.00724	0.00742	0.00225	0.00875	0.00699	0.00376	0.01106
46	0.03023	0.01266	0.01728	0.01454	0.05019	0.01130	0.01123	0.03408	0.05221	0.58570	0.07684	0.02726	0.02205	0.00955	0.00756	0.00231	0.00621	0.00791	0.00878	0.01214
47	0.02685	0.01989	0.02137	0.01667	0.02227	0.02200	0.01366	0.60723	0.06446	0.04473	0.01950	0.05210	0.01482	0.00964	0.00753	0.00228	0.00788	0.00745	0.00741	0.01227
48	0.13535	0.00970	0.01173	0.01254	0.01488	0.01000	0.01055	0.01763	0.04423	0.05335	0.03532	0.13468	0.05801	0.01766	0.00900	0.00308	0.00623	0.40204	0.00662	0.00738
49	0.00910	0.00648	0.00860	0.01026	0.01068	0.00607	0.00681	0.01035	0.01410	0.01880	0.04034	0.71185	0.04838	0.04665	0.01040	0.00315	0.00440	0.02077	0.00681	0.00598
50	0.02125	0.35414	0.09228	0.01550	0.02136	0.15798	0.01433	0.07250	0.14056	0.02275	0.01504	0.01589	0.01217	0.00754	0.00606	0.00194	0.00892	0.00528	0.00441	0.01011
51	0.01967	0.70799	0.03811	0.01303	0.01908	0.02905	0.01288	0.02202	0.01490	0.01749	0.01029	0.01212	0.00954	0.00668	0.00572	0.00167	0.04304	0.00409	0.00318	0.00946
52	0.02702	0.02020	0.02160	0.01684	0.02256	0.02246	0.01382	0.59060	0.11430	0.04485	0.01935	0.01904	0.01386	0.00905	0.00744	0.00226	0.00789	0.00689	0.00744	0.01252
53	0.01706	0.02204	0.13042	0.02924	0.06147	0.01893	0.48595	0.02309	0.01660	0.02314	0.01420	0.01897	0.01087	0.00708	0.01010	0.00255	0.08665	0.00799	0.00361	0.01001
54	0.01005	0.00757	0.00929	0.00886	0.01081	0.00681	0.00665	0.01313	0.01994	0.02722	0.52764	0.05965	0.23288	0.01613	0.00876	0.00238	0.00357	0.01401	0.00784	0.00681
55	0.02990	0.01285	0.01692	0.01294	0.01875	0.01105	0.01061	0.03356	0.04661	0.56535	0.02679	0.02381	0.01739	0.00864	0.00716	0.00212	0.00617	0.00702	0.00837	0.13398
56	0.09226	0.03173	0.51344	0.01997	0.02922	0.01647	0.08283	0.02257	0.01599	0.02503	0.06955	0.01903	0.01450	0.00764	0.00711	0.00236	0.00997	0.00630	0.00376	0.01026
57	0.00992	0.00831	0.00874	0.00857	0.01108	0.00753	0.00644	0.01382	0.08174	0.02218	0.13906	0.09046	0.53040	0.01771	0.00868	0.00251	0.00396	0.01491	0.00710	0.00688
58	0.00903	0.00651	0.00856	0.01020	0.01073	0.00604	0.00683	0.01035	0.01435	0.01901	0.04264	0.70091	0.08133	0.02303	0.00944	0.00299	0.00428	0.02083	0.00689	0.00604
59	0.02647	0.03323	0.02105	0.02006	0.05490	0.64281	0.01451	0.02854	0.02041	0.01842	0.01199	0.01437	0.01009	0.00987	0.03990	0.00240	0.01347	0.00502	0.00382	0.00867
60	0.01574	0.15944	0.58706	0.01971	0.02989	0.01932	0.02490	0.02329	0.01557	0.02247	0.01281	0.01503	0.00943	0.00693	0.00666	0.00222	0.01045	0.00523	0.00314	0.01072
61	0.00885	0.00752	0.00763	0.00760	0.01007	0.00630	0.00570	0.01080	0.01710	0.02048	0.10193	0.07075	0.66279	0.01864	0.00877	0.00250	0.00375	0.01557	0.00695	0.00630
62	0.02844	0.02045	0.02207	0.01692	0.02285	0.02251	0.01398	0.64136	0.03433	0.07428	0.01831	0.01814	0.01287	0.00892	0.00743	0.00223	0.00809	0.00672	0.00750	0.01263
63	0.01402	0.01319	0.02227	0.72126	0.05113	0.01649	0.02062	0.01897	0.01484	0.01897	0.01319	0.01979	0.00990	0.00742	0.00742	0.00247	0.00990	0.00660	0.00330	0.00825
64	0.01402	0.01319	0.02227	0.72126	0.05113	0.01649	0.02062	0.01897	0.01484	0.01897	0.01319	0.01979	0.00990	0.00742	0.00742	0.00247	0.00990	0.00660	0.00330	0.00825
65	0.00884	0.00751	0.00754	0.00754	0.00996	0.00630	0.00560	0.01066	0.01672	0.01987	0.07348	0.07068	0.66774	0.04276	0.00974	0.00266	0.00387	0.01551	0.00681	0.00621
66	0.01070	0.00893	0.04001	0.00985	0.01201	0.00745	0.00789	0.01442	0.02078	0.02950	0.65945	0.05372	0.06741	0.01482	0.00868	0.00234	0.00383	0.01308	0.00795	0.00718
67	0.01630	0.01608	0.02898	0.34183	0.29818	0.01732	0.13094	0.02127	0.01610	0.02184	0.01380	0.01928	0.01085	0.00691	0.00762	0.00237	0.00992	0.00697	0.00352	0.00991
68	0.01823	0.51305	0.25522	0.01547	0.02333	0.02541	0.01752	0.02265	0.01528	0.01944	0.01130	0.01314	0.00949	0.00658	0.00551	0.00184	0.00893	0.00447	0.00316	0.01000
69	0.01837	0.01764	0.03013	0.04557	0.69279	0.01764	0.02278	0.02278	0.01690	0.02425	0.01396	0.01837	0.01176	0.00661	0.00735	0.00220	0.00882	0.00661	0.00367	0.01176
70	0.79154	0.01436	0.01091	0.00976	0.01436	0.01665	0.00804	0.02182	0.01263	0.03331	0.01034	0.01206	0.00804	0.00689	0.00459	0.00230	0.00574	0.00402	0.00459	0.00804
71	0.01539	0.01319	0.01539	0.01100	0.01759	0.00990	0.00880	0.01869	0.01539	0.02419	0.01319	0.01539	0.01100	0.00550	0.00550	0.00110	0.00550	0.00440	0.00440	0.78449
72	0.01031	0.00758	0.00965	0.00913	0.01097	0.00692	0.00685	0.01363	0.02055	0.02867	0.61970	0.05726	0.13990	0.01559	0.00876	0.00235	0.00353	0.01368	0.00803	0.00692
73	0.01051	0.00759	0.00992	0.00934	0.01109	0.00700	0.00700	0.01401	0.02101	0.02977	0.68888	0.05545	0.07005	0.01518	0.00876	0.00233	0.00350	0.01343	0.00817	0.00700
74	0.01185	0.00846	0.01183	0.01354	0.01520	0.00844	0.01176	0.01518	0.01697	0.02209	0.03937	0.10972	0.04298	0.02062	0.01022	0.00340	0.00673	0.61800	0.00684	0.00680
75	0.02140	0.48519	0.03334	0.01747	0.08187	0.18565	0.01414	0.02383	0.01649	0.01827	0.01090	0.01301	0.00975	0.00693	0.00619	0.00178	0.03644	0.00450	0.00337	0.00947
76	0.01343	0.00990	0.01364	0.01606	0.09098	0.00969	0.01180	0.01751	0.04882	0.05594	0.07427	0.06736	0.14764	0.01734	0.00934	0.00298	0.00630	0.37249	0.00671	0.00782
77	0.02631	0.02023	0.02530	0.01912	0.02523	0.02181	0.11641	0.52285	0.05698	0.06240	0.01822	0.01878	0.01298	0.00855	0.00764	0.00228	0.00871	0.00710	0.00691	0.01218
78	0.79154	0.01436	0.01091	0.00976	0.01436	0.01665	0.00804	0.02182	0.01263	0.03331	0.01034	0.01206	0.00804	0.00689	0.00459	0.00230	0.00574	0.00402	0.00459	0.00804
79	0.01065	0.00778	0.01106	0.01106	0.01209	0.00881	0.00820	0.01270	0.01167	0.01659	0.02068	0.03355	0.02046	0.21016	0.55781	0.01086	0.01702	0.00860	0.00409	0.00615
80	0.02302	0.01821	0.01935	0.01603	0.02104	0.02059	0.01285	0.33265	0.37877	0.03839	0.02444	0.02309	0.01798	0.00953	0.00749	0.00238	0.00695	0.00760	0.00749	0.01216
81	0.01578	0.03715	0.66757	0.02077	0.03149	0.01693	0.02663	0.02412	0.01594	0.05614	0.01409	0.01614	0.00984	0.00716	0.00707	0.00235	0.01075	0.00558	0.00343	0.01105
82	0.01772	0.01689	0.02831	0.14632	0.56397	0.01750	0.02194	0.02299	0.04785	0.02377	0.01461	0.01903	0.01199	0.00690	0.00737	0.00226	0.00884	0.00670	0.00380	0.01123
83	0.79154	0.01436	0.01091	0.00976	0.01436	0.01665	0.00804	0.02182	0.01263	0.03331	0.01034	0.01206	0.00804	0.00689	0.00459	0.00230	0.00574	0.00402	0.00459	0.00804
84	0.01047	0.00706	0.00819	0.00851	0.00859	0.00698	0.00494	0.01071	0.01142	0.01523	0.02661	0.17434	0.03104	0.60781	0.03259	0.00643	0.00667	0.01269	0.00494	0.00478
85	0.01817	0.01743	0.02976	0.07758	0.66239	0.01758	0.02268	0.02260	0.01681	0.02400	0.01393	0.01844	0.01167	0.00665	0.00735	0.00222	0.00887	0.00661	0.00366	0.01159
86	0.01402	0.01319	0.02227	0.72126	0.05113	0.01649	0.02062	0.01897	0.01484	0.01897	0.01319	0.01979	0.00990	0.00742	0.00742	0.00247	0.00990	0.00660	0.00330	0.00825
87	0.01837	0.01764	0.03013	0.04557	0.69279	0.01764	0.02278	0.02278	0.01690	0.02425	0.01396	0.01837	0.01176	0.00661	0.00735	0.00220	0.00882	0.00661	0.00367	0.01176
88	0.00903	0.00654	0.00854	0.01014	0.01072	0.00605	0.00680	0.01036	0.01440	0.01903	0.04333	0.68753	0.09427	0.02294	0.00943	0.00298	0.00427	0.02072	0.00689	0.00605
89	0.03331	0.01263	0.01723	0.01321	0.01895	0.01091	0.01091	0.03618	0.02125	0.69794	0.02929	0.02527	0.01838	0.00919	0.00747	0.00230	0.00632	0.00747	0.00919	0.01263
90	0.01051	0.00759	0.00992	0.00934	0.01109	0.00700	0.00700	0.01401	0.02101	0.02977	0.68888	0.05545	0.07005	0.01518	0.00876	0.00233	0.00350	0.01343	0.00817	0.00700
91	0.01741	0.02080	0.07154	0.03086	0.03852	0.01871	0.63888	0.02377	0.01744	0.02377	0.01495	0.01984	0.01119	0.00629	0.00869	0.00250	0.01245	0.00862	0.00373	0.01005
92	0.08358	0.01276	0.01639	0.01287	0.01831	0.01159	0.01056	0.03439	0.06124	0.58439	0.02984	0.02632	0.04421	0.00946	0.00732	0.00232	0.00615	0.00761	0.00868	0.01201
93	0.00904	0.00646	0.00861	0.01034	0.01077	0.00603	0.00689	0.01034	0.01421	0.01895	0.04092	0.73426	0.04910	0.02326	0.00948	0.00301	0.00431	0.02110	0.00689	0.00603
94	0.01080	0.00720	0.00810	0.00810	0.00810	0.00720	0.00450	0.01080	0.01080	0.01439	0.02339	0.04858	0.02699	0.73910	0.03779	0.00720	0.00720	0.01080	0.00450	0.00450
95	0.79154	0.01436	0.01091	0.00976	0.01436	0.01665	0.00804	0.02182	0.01263	0.03331	0.01034	0.01206	0.00804	0.00689	0.00459	0.00230	0.00574	0.00402	0.00459	0.00804
96	0.01837	0.01764	0.03013	0.04557	0.69279	0.01764	0.02278	0.02278	0.01690	0.02425	0.01396	0.01837	0.01176	0.00661	0.00735	0.00220	0.00882	0.00661	0.00367	0.01176
97	0.00976	0.00756	0.00888	0.00855	0.01063	0.00669	0.00641	0.01256	0.01924	0.02557	0.42340	0.06237	0.33815	0.01674	0.00876	0.00241	0.00361	0.01440	0.00762	0.00669
98	0.01059	0.00747	0.00977	0.00989	0.01049	0.00801	0.00671	0.01182	0.01152	0.01592	0.02310	0.08743	0.02490	0.39735	0.32342	0.00894	0.01243	0.01029	0.00444	0.00552
99	0.01061	0.00795	0.01193	0.01193	0.01326	0.00928	0.00928	0.01326	0.01193	0.01723	0.01988	0.02916	0.01856	0.05568	0.70968	0.01193	0.01988	0.00795	0.00398	0.00663
100	0.00904	0.00646	0.00861	0.01034	0.01077	0.00603	0.00689	0.01034	0.01421	0.01895	0.04092	0.73426	0.04910	0.02326	0.00948	0.00301	0.00431	0.02110	0.00689	0.00603
101	0.02822	0.02079	0.02228	0.01708	0.02302	0.02302	0.01411	0.66804	0.03490	0.04679	0.01782	0.01782	0.01262	0.00891	0.00743	0.00223	0.00817	0.00668	0.00743	0.01262
102	0.01489	0.03840	0.70064	0.02116	0.03213	0.01724	0.02743	0.02351	0.01567	0.02351	0.01332	0.01567	0.00940	0.00705	0.00705	0.00235	0.01097	0.00549	0.00313	0.01097
103	0.00919	0.00657	0.00878	0.01050	0.01100	0.00616	0.00715	0.01059	0.01436	0.01912	0.04084	0.70153	0.04878	0.02312	0.00951	0.00304	0.00443	0.05238	0.00689	0.00607
104	0.01539	0.01319	0.01539	0.01100	0.01759	0.00990	0.00880	0.01869	0.01539	0.02419	0.01319	0.01539	0.01100	0.00550	0.00550	0.00110	0.00550	0.00440	0.00440	0.78449
105	0.01587	0.17746	0.57015	0.01949	0.02955	0.01963	0.02452	0.02326	0.01556	0.02232	0.01273	0.01493	0.00943	0.00691	0.00660	0.00220	0.01037	0.00519	0.00314	0.01069
106	0.01080	0.00720	0.00810	0.00810	0.00810	0.00720	0.00450	0.01080	0.01080	0.01439	0.02339	0.04858	0.02699	0.73910	0.03779	0.00720	0.00720	0.01080	0.00450	0.00450
107	0.05053	0.00727	0.00711	0.00705	0.00892	0.00738	0.00532	0.01751	0.01543	0.02794	0.02356	0.02694	0.01851	0.00857	0.00516	0.00176	0.00357	0.00678	0.74371	0.00697
108	0.06438	0.02049	0.02174	0.01673	0.02261	0.02272	0.01382	0.63742	0.03385	0.04615	0.01747	0.01755	0.01241	0.00882	0.00729	0.00223	0.00805	0.00656	0.00729	0.01241
109	0.01528	0.01464	0.02530	0.51897	0.20964	0.01689	0.05362	0.02016	0.01549	0.02052	0.01348	0.01945	0.01043	0.00716	0.00747	0.00241	0.00976	0.00671	0.00341	0.00921
110	0.05718	0.70829	0.03755	0.01256	0.01883	0.02876	0.01248	0.02221	0.01497	0.01823	0.01032	0.01192	0.00945	0.00638	0.00476	0.00162	0.00783	0.00397	0.00324	0.00945
111	0.02814	0.02309	0.02208	0.01740	0.02301	0.13095	0.01415	0.56764	0.03272	0.04229	0.01682	0.01713	0.01214	0.00871	0.00731	0.00218	0.00899	0.00638	0.00686	0.01199
112	0.02822	0.02079	0.02228	0.01708	0.02302	0.02302	0.01411	0.66804	0.03490	0.04679	0.01782	0.01782	0.01262	0.00891	0.00743	0.00223	0.00817	0.00668	0.00743	0.01262
113	0.00904	0.00646	0.00861	0.01034	0.01077	0.00603	0.00689	0.01034	0.01421	0.01895	0.04092	0.73426	0.04910	0.02326	0.00948	0.00301	0.00431	0.02110	0.00689	0.00603
114	0.01187	0.00966	0.01052	0.00983	0.01259	0.00944	0.00750	0.04549	0.14021	0.02591	0.23364	0.05669	0.36721	0.01577	0.00849	0.00245	0.00427	0.01333	0.00739	0.00775
115	0.01038	0.00758	0.00974	0.00920	0.01101	0.00695	0.00690	0.01376	0.02071	0.02904	0.64258	0.05666	0.11680	0.01545	0.00876	0.00235	0.00352	0.01359	0.00808	0.00695
116	0.01820	0.01746	0.02982	0.07202	0.66768	0.01759	0.02270	0.02263	0.01682	0.02405	0.01393	0.01843	0.01169	0.00665	0.00735	0.00222	0.00886	0.00661	0.00366	0.01162
117	0.01489	0.03840	0.70064	0.02116	0.03213	0.01724	0.02743	0.02351	0.01567	0.02351	0.01332	0.01567	0.00940	0.00705	0.00705	0.00235	0.01097	0.00549	0.00313	0.01097
118	0.00879	0.00747	0.00757	0.00766	0.01006	0.00626	0.00570	0.01064	0.01679	0.02000	0.07355	0.10351	0.65878	0.01902	0.00881	0.00253	0.00379	0.01593	0.00689	0.00626
119	0.01080	0.00720	0.00810	0.00810	0.00810	0.00720	0.00450	0.01080	0.01080	0.01439	0.02339	0.04858	0.02699	0.73910	0.03779	0.00720	0.00720	0.01080	0.00450	0.00450
120	0.79154	0.01436	0.01091	0.00976	0.01436	0.01665	0.00804	0.02182	0.01263	0.03331	0.01034	0.01206	0.00804	0.00689	0.00459	0.00230	0.00574	0.00402	0.00459	0.00804
121	0.01051	0.00759	0.00992	0.00934	0.01109	0.00700	0.00700	0.01401	0.02101	0.02977	0.68888	0.05545	0.07005	0.01518	0.00876	0.00233	0.00350	0.01343	0.00817	0.00700
122	0.02236	0.01542	0.01715	0.01477	0.01940	0.01694	0.01167	0.06911	0.49644	0.18560	0.02940	0.02666	0.02119	0.00981	0.00753	0.00245	0.00609	0.00810	0.00792	0.01200
123	0.01985	0.74357	0.03890	0.01270	0.01905	0.02937	0.01270	0.02223	0.01508	0.01747	0.01032	0.01191	0.00953	0.00635	0.00476	0.00159	0.00794	0.00397	0.00318	0.00953

[dist]
# distance from previous block
# <min> <max>
0	5

[block]
# block no. 2 follows, 27 sequences, length 30
# corresponding to MSA columns:
# 385-414
name=unknown_C
#
# <colnr> <probs for GDERKNQSTAVLIFYWHMCP>
#	G	D	E	R	K	N	Q	S	T	A	V	L	I	F	Y	W	H	M	C	P
0	0.01510	0.06799	0.67287	0.02080	0.03158	0.01775	0.02681	0.02346	0.01565	0.02326	0.01320	0.01552	0.00941	0.00702	0.00696	0.00232	0.01084	0.00542	0.00314	0.01091
1	0.01985	0.74357	0.03890	0.01270	0.01905	0.02937	0.01270	0.02223	0.01508	0.01747	0.01032	0.01191	0.00953	0.00635	0.00476	0.00159	0.00794	0.00397	0.00318	0.00953
2	0.03251	0.01281	0.01720	0.01331	0.01897	0.01132	0.01096	0.03635	0.05653	0.66219	0.02934	0.02540	0.01861	0.00924	0.00747	0.00231	0.00629	0.00752	0.00910	0.01259
3	0.01727	0.37627	0.38358	0.01711	0.02586	0.02305	0.02037	0.02290	0.01539	0.02061	0.01188	0.01387	0.00946	0.00672	0.00596	0.00199	0.00952	0.00476	0.00315	0.01028
4	0.01775	0.01682	0.02854	0.06765	0.62068	0.01694	0.02192	0.02211	0.01684	0.02392	0.01577	0.02315	0.01393	0.00765	0.00756	0.00230	0.00871	0.05258	0.00389	0.01128
5	0.00903	0.00652	0.00855	0.01018	0.01073	0.00604	0.00682	0.01035	0.01436	0.01901	0.04282	0.69749	0.08464	0.02301	0.00944	0.00299	0.00428	0.02080	0.00689	0.00604
6	0.01402	0.01319	0.02227	0.72126	0.05113	0.01649	0.02062	0.01897	0.01484	0.01897	0.01319	0.01979	0.00990	0.00742	0.00742	0.00247	0.00990	0.00660	0.00330	0.00825
7	0.01302	0.01002	0.01215	0.01174	0.01423	0.00983	0.02567	0.12452	0.01929	0.02484	0.04728	0.24978	0.25186	0.01836	0.00902	0.00278	0.00549	0.13572	0.00689	0.00750
8	0.01662	0.01619	0.02172	0.01874	0.01946	0.02201	0.01547	0.02157	0.12591	0.02013	0.01325	0.01821	0.01196	0.01249	0.02148	0.00312	0.60213	0.00682	0.00399	0.00874
9	0.02068	0.01481	0.01781	0.13580	0.02469	0.01661	0.01310	0.03528	0.43364	0.16254	0.02711	0.02586	0.01961	0.00944	0.00751	0.00247	0.00665	0.00790	0.00715	0.01133
