[name]
unknown

[dist]
# distance from previous block
# <min> <max>
2	62

[block]
# block no. 0 follows, 29 sequences, length 6
# corresponding to MSA columns:
# 67-72
name=unknown_A
#
# <colnr> <probs for GDERKNQSTAVLIFYWHMCP>
#	G	D	E	R	K	N	Q	S	T	A	V	L	I	F	Y	W	H	M	C	P
0	0.10219	0.01690	0.01781	0.01417	0.01904	0.01849	0.01149	0.44829	0.07423	0.07208	0.02231	0.02318	0.06679	0.05039	0.00858	0.00245	0.00698	0.00719	0.00675	0.01070
1	0.00902	0.00680	0.00820	0.00873	0.01003	0.00614	0.00613	0.01086	0.01577	0.02068	0.20356	0.33388	0.25266	0.06136	0.01029	0.00282	0.00395	0.01634	0.00677	0.00599
2	0.02036	0.01398	0.01530	0.01214	0.01642	0.01432	0.00963	0.31742	0.02303	0.06686	0.01880	0.02244	0.01500	0.09258	0.00968	0.00240	0.00624	0.00657	0.17331	0.14352
3	0.01158	0.00891	0.01072	0.01035	0.01259	0.00853	0.00779	0.04929	0.08022	0.02446	0.23248	0.24642	0.12307	0.01593	0.00824	0.00242	0.00444	0.05779	0.00684	0.07792
4	0.01777	0.01691	0.02297	0.25259	0.27746	0.08572	0.01804	0.09610	0.05548	0.02362	0.01562	0.05754	0.01313	0.00799	0.00714	0.00223	0.00875	0.00702	0.00421	0.00971
5	0.01752	0.01766	0.01959	0.07526	0.02186	0.13614	0.04563	0.05797	0.09411	0.02155	0.01696	0.02000	0.04725	0.01101	0.03816	0.00263	0.21764	0.00649	0.00431	0.12827

[dist]
# distance from previous block
# <min> <max>
0	2

[block]
# block no. 1 follows, 29 sequences, length 7
# corresponding to MSA columns:
# 75-81
name=unknown_B
#
# <colnr> <probs for GDERKNQSTAVLIFYWHMCP>
#	G	D	E	R	K	N	Q	S	T	A	V	L	I	F	Y	W	H	M	C	P
0	0.01255	0.00783	0.01011	0.01039	0.01211	0.00742	0.00782	0.01567	0.04665	0.09760	0.18091	0.32861	0.06927	0.01733	0.00851	0.00263	0.00452	0.10514	0.04784	0.00709
1	0.01179	0.00916	0.01015	0.00945	0.01205	0.00863	0.00732	0.09744	0.01833	0.02353	0.12819	0.05729	0.37487	0.08148	0.01077	0.00280	0.00482	0.08595	0.00651	0.03947
2	0.06290	0.01107	0.01232	0.01038	0.01330	0.01107	0.00765	0.14488	0.01704	0.07401	0.04128	0.03044	0.01971	0.29016	0.04526	0.00412	0.00677	0.00776	0.06880	0.12108
3	0.02684	0.07371	0.01869	0.01314	0.01866	0.01426	0.01092	0.12794	0.09020	0.41069	0.02340	0.02135	0.01577	0.00825	0.00675	0.00203	0.00632	0.00655	0.00743	0.09711
4	0.01753	0.01393	0.01540	0.08861	0.01996	0.06442	0.01111	0.04736	0.27665	0.09581	0.10027	0.02849	0.05145	0.01388	0.06576	0.02923	0.00743	0.00807	0.00623	0.03844
5	0.01823	0.01806	0.02093	0.01945	0.08475	0.14813	0.08863	0.08902	0.07159	0.02243	0.01692	0.06687	0.01551	0.08818	0.01359	0.00286	0.15838	0.00769	0.04017	0.00859
6	0.06342	0.04437	0.02047	0.05632	0.10633	0.06046	0.06775	0.04555	0.22969	0.02433	0.02248	0.05113	0.05436	0.01011	0.00912	0.01947	0.07450	0.02559	0.00516	0.00938

[dist]
# distance from previous block
# <min> <max>
27	43

[block]
# block no. 2 follows, 29 sequences, length 24
# corresponding to MSA columns:
# 131-154
name=unknown_C
#
# <colnr> <probs for GDERKNQSTAVLIFYWHMCP>
#	G	D	E	R	K	N	Q	S	T	A	V	L	I	F	Y	W	H	M	C	P
0	0.01904	0.75404	0.03731	0.01218	0.01828	0.02818	0.01218	0.02132	0.01447	0.01675	0.00990	0.01142	0.00914	0.00609	0.00457	0.00152	0.00761	0.00381	0.00305	0.00914
1	0.01028	0.00691	0.00795	0.00801	0.00809	0.00695	0.00461	0.01044	0.01053	0.01410	0.02296	0.07363	0.02638	0.68995	0.06547	0.00694	0.00733	0.01063	0.00438	0.00446
2	0.01597	0.01738	0.03574	0.20295	0.06614	0.01755	0.46886	0.02145	0.01595	0.02150	0.01377	0.01897	0.01045	0.00651	0.00853	0.00241	0.03546	0.00774	0.00347	0.00919
3	0.25059	0.26727	0.08606	0.01326	0.01914	0.02184	0.01252	0.20495	0.01912	0.02957	0.01217	0.01337	0.00953	0.00699	0.00543	0.00196	0.00732	0.00468	0.00458	0.00967
4	0.01019	0.00757	0.01114	0.01114	0.01231	0.00874	0.00852	0.01252	0.01135	0.01631	0.01935	0.02951	0.01847	0.11084	0.66501	0.01107	0.01807	0.00785	0.00386	0.00619
5	0.02870	0.01140	0.01548	0.01212	0.01706	0.00991	0.00991	0.03154	0.02035	0.60887	0.12827	0.02854	0.02500	0.00967	0.00734	0.00221	0.00566	0.00801	0.00867	0.01132
6	0.01667	0.01588	0.02668	0.19972	0.52879	0.01670	0.02097	0.02164	0.04218	0.02236	0.01383	0.01828	0.01128	0.00665	0.00707	0.00219	0.00858	0.00641	0.00359	0.01051
7	0.01477	0.01266	0.01477	0.01055	0.01687	0.00949	0.00844	0.01793	0.01477	0.02320	0.01266	0.01477	0.01055	0.00527	0.00527	0.00105	0.00527	0.00422	0.00422	0.79328
8	0.02054	0.01533	0.01763	0.05155	0.03932	0.01667	0.01198	0.42391	0.02622	0.03518	0.05168	0.21036	0.02350	0.01229	0.00769	0.00235	0.00677	0.01032	0.00671	0.00998
9	0.04280	0.01304	0.02101	0.62205	0.04417	0.01653	0.01884	0.01817	0.01377	0.01858	0.01217	0.01831	0.00941	0.00773	0.00893	0.00245	0.09473	0.00623	0.00320	0.00789
10	0.00868	0.00620	0.00826	0.00991	0.01033	0.00578	0.00661	0.00991	0.01363	0.01818	0.03925	0.74510	0.04710	0.02231	0.00909	0.00289	0.00413	0.02024	0.00661	0.00578
11	0.00881	0.00632	0.00816	0.00957	0.01006	0.00590	0.00634	0.00997	0.01349	0.01785	0.03964	0.64459	0.08275	0.08639	0.01145	0.00322	0.00435	0.01907	0.00641	0.00567
12	0.01579	0.01522	0.06003	0.04178	0.02107	0.01184	0.06573	0.06943	0.01636	0.02459	0.01315	0.01549	0.01055	0.00575	0.00584	0.00137	0.00651	0.00488	0.00428	0.59034
13	0.02892	0.01300	0.01662	0.01308	0.01828	0.01223	0.01069	0.08771	0.10866	0.54288	0.05121	0.02498	0.01946	0.00911	0.00721	0.00223	0.00605	0.00742	0.00844	0.01182
14	0.05072	0.01949	0.13662	0.01826	0.08393	0.01757	0.01512	0.13135	0.29780	0.09039	0.02129	0.02106	0.01568	0.00862	0.00769	0.00232	0.03816	0.00684	0.00602	0.01106
15	0.01543	0.10151	0.61138	0.01945	0.02917	0.05868	0.02430	0.02278	0.01528	0.02173	0.01241	0.01458	0.00904	0.00674	0.00655	0.00216	0.01040	0.00509	0.00305	0.01027
16	0.01102	0.00787	0.00991	0.00922	0.01143	0.00694	0.00689	0.01386	0.01823	0.05105	0.44035	0.14958	0.12383	0.01484	0.00812	0.00222	0.00380	0.01303	0.00718	0.09060
17	0.01845	0.01936	0.06762	0.03888	0.56464	0.06138	0.04527	0.05587	0.01729	0.02394	0.01343	0.01721	0.01104	0.00653	0.00705	0.00212	0.00895	0.00625	0.00369	0.01103
18	0.01154	0.03674	0.03383	0.00991	0.01222	0.00931	0.00763	0.01629	0.10715	0.02325	0.28613	0.09758	0.11441	0.15436	0.01329	0.00315	0.00490	0.01159	0.00637	0.04036
19	0.06388	0.00860	0.00916	0.00866	0.01060	0.00917	0.00647	0.06470	0.04376	0.02518	0.02151	0.02800	0.01832	0.12163	0.10558	0.00383	0.00651	0.00717	0.43035	0.00693
20	0.13372	0.01480	0.01641	0.14065	0.02335	0.01730	0.01234	0.05908	0.44360	0.02870	0.02276	0.02260	0.01708	0.00871	0.00680	0.00236	0.00639	0.00705	0.00610	0.01018
21	0.21509	0.30915	0.15428	0.01525	0.05909	0.06969	0.01429	0.02257	0.01474	0.05274	0.01152	0.01315	0.00926	0.00657	0.00532	0.00192	0.00797	0.00444	0.00371	0.00923
22	0.05161	0.03759	0.05199	0.01429	0.01811	0.14416	0.01167	0.06999	0.19681	0.12000	0.04461	0.02132	0.01648	0.01122	0.01065	0.11981	0.03838	0.00659	0.00559	0.00912
23	0.02245	0.01682	0.01845	0.01450	0.01958	0.01770	0.01172	0.47657	0.02757	0.03753	0.01938	0.11660	0.01664	0.00988	0.00708	0.00206	0.00689	0.00794	0.00656	0.14407

[dist]
# distance from previous block
# <min> <max>
6	13

[block]
# block no. 3 follows, 29 sequences, length 47
# corresponding to MSA columns:
# 168-214
name=unknown_D
#
# <colnr> <probs for GDERKNQSTAVLIFYWHMCP>
#	G	D	E	R	K	N	Q	S	T	A	V	L	I	F	Y	W	H	M	C	P
0	0.02414	0.01734	0.01884	0.01502	0.02001	0.01893	0.01220	0.47904	0.11639	0.08582	0.02367	0.06164	0.05400	0.00999	0.00732	0.00223	0.00699	0.00791	0.00720	0.01131
1	0.06040	0.04216	0.16237	0.20549	0.13630	0.10740	0.14282	0.02202	0.01582	0.02131	0.01268	0.01664	0.00976	0.00670	0.00697	0.00221	0.01017	0.00608	0.00340	0.00932
2	0.02545	0.01808	0.01962	0.01536	0.02051	0.01982	0.01249	0.53092	0.09102	0.08964	0.01933	0.02046	0.01431	0.05850	0.00909	0.00249	0.00744	0.00688	0.00707	0.01151
3	0.00878	0.00628	0.00819	0.00968	0.01013	0.00587	0.00641	0.00996	0.01349	0.01791	0.03915	0.67383	0.06725	0.07313	0.01097	0.00316	0.00431	0.01938	0.00645	0.00569
4	0.01034	0.00738	0.01021	0.01021	0.01113	0.00824	0.00743	0.01218	0.01126	0.01612	0.02020	0.03328	0.02015	0.25217	0.49757	0.00977	0.01498	0.00838	0.03322	0.00578
5	0.01724	0.01672	0.02908	0.09757	0.61368	0.01690	0.06063	0.02162	0.01609	0.02283	0.01340	0.01783	0.01111	0.00639	0.00714	0.00215	0.00875	0.00647	0.00350	0.01091
6	0.00987	0.00721	0.00926	0.00887	0.01054	0.00661	0.00661	0.01298	0.01948	0.02723	0.61440	0.09241	0.11738	0.01526	0.00844	0.00229	0.00342	0.01346	0.00767	0.00661
7	0.01682	0.04318	0.06508	0.08566	0.53095	0.01678	0.02038	0.02199	0.05296	0.02278	0.01515	0.04906	0.01307	0.00728	0.00705	0.00217	0.00827	0.00688	0.00379	0.01069
8	0.00869	0.00642	0.00813	0.00939	0.01022	0.00586	0.00640	0.01012	0.01438	0.01882	0.07395	0.59490	0.16425	0.02121	0.00894	0.00278	0.00400	0.01900	0.00666	0.00586
9	0.12620	0.01735	0.05448	0.12001	0.04959	0.01709	0.36979	0.04456	0.01596	0.02418	0.01377	0.01805	0.01050	0.00677	0.00803	0.00234	0.04230	0.00707	0.04294	0.00904
10	0.01771	0.01530	0.01610	0.01449	0.01852	0.01771	0.01127	0.03784	0.69247	0.02979	0.02898	0.02657	0.02174	0.00966	0.00725	0.00242	0.00564	0.00805	0.00725	0.01127
11	0.02707	0.01995	0.02137	0.01638	0.02208	0.02208	0.01353	0.68159	0.03348	0.04488	0.01710	0.01710	0.01211	0.00855	0.00712	0.00214	0.00784	0.00641	0.00712	0.01211
12	0.02505	0.02757	0.02120	0.07524	0.07338	0.44143	0.01475	0.18985	0.02274	0.02474	0.01282	0.01472	0.01008	0.00755	0.00670	0.00197	0.01102	0.00530	0.00448	0.00941
13	0.01558	0.00833	0.01105	0.01078	0.01288	0.00775	0.00817	0.01757	0.01571	0.20110	0.05934	0.26361	0.07026	0.10883	0.05107	0.00368	0.00612	0.11390	0.00679	0.00747
14	0.01020	0.00751	0.01086	0.01086	0.01193	0.00858	0.00817	0.01234	0.01127	0.01610	0.01961	0.03095	0.01909	0.16452	0.61219	0.01072	0.01713	0.00806	0.00389	0.00603
15	0.80005	0.01377	0.01047	0.00936	0.01377	0.01597	0.00771	0.02093	0.01212	0.03195	0.00991	0.01157	0.00771	0.00661	0.00441	0.00220	0.00551	0.00386	0.00441	0.00771
16	0.02707	0.01995	0.02137	0.01638	0.02208	0.02208	0.01353	0.68159	0.03348	0.04488	0.01710	0.01710	0.01211	0.00855	0.00712	0.00214	0.00784	0.00641	0.00712	0.01211
17	0.31891	0.13260	0.04966	0.01318	0.01859	0.04071	0.01158	0.26008	0.02081	0.05445	0.01322	0.01412	0.00993	0.00733	0.00566	0.00207	0.00713	0.00496	0.00523	0.00980
18	0.00878	0.00654	0.00811	0.00931	0.01023	0.00597	0.00642	0.01018	0.01424	0.01839	0.04643	0.53299	0.20267	0.04796	0.00996	0.00294	0.00420	0.04236	0.00652	0.00581
19	0.04651	0.01853	0.01965	0.01568	0.02089	0.02074	0.01276	0.49066	0.20913	0.04047	0.02007	0.01947	0.01456	0.00879	0.00708	0.00221	0.00718	0.00678	0.00708	0.01176
20	0.01997	0.66494	0.03519	0.01295	0.01874	0.11391	0.01238	0.02220	0.01517	0.01684	0.01004	0.01160	0.00914	0.00625	0.00480	0.00156	0.00826	0.00390	0.00312	0.00903
21	0.01098	0.00878	0.01109	0.01052	0.01298	0.00805	0.03626	0.04910	0.01680	0.02182	0.10071	0.18155	0.29015	0.03841	0.00929	0.00264	0.00496	0.11744	0.00636	0.06210
22	0.02628	0.03277	0.02007	0.01813	0.02189	0.67121	0.01366	0.05099	0.04565	0.01882	0.01188	0.01350	0.00974	0.00747	0.00648	0.00187	0.01240	0.00478	0.00392	0.00850
23	0.03047	0.01449	0.01799	0.01380	0.01936	0.01399	0.01140	0.23092	0.02435	0.50843	0.02476	0.02207	0.01595	0.00873	0.00715	0.00218	0.00660	0.00693	0.00830	0.01212
24	0.57316	0.01657	0.10282	0.12618	0.02160	0.01602	0.01204	0.02070	0.01283	0.02854	0.01072	0.01320	0.00816	0.00671	0.00514	0.00224	0.00679	0.00443	0.00403	0.00811
25	0.00919	0.00724	0.00829	0.00803	0.01010	0.00634	0.00602	0.01173	0.01807	0.02360	0.36681	0.06135	0.40504	0.01641	0.00841	0.00233	0.00349	0.01402	0.00719	0.00634
26	0.00913	0.00692	0.01014	0.01103	0.01182	0.00646	0.04398	0.01063	0.01381	0.01843	0.03787	0.70479	0.04508	0.02140	0.00905	0.00286	0.00457	0.01959	0.00644	0.00600
27	0.00871	0.00634	0.00821	0.00961	0.01027	0.00585	0.00650	0.01010	0.01417	0.01873	0.07091	0.64861	0.11267	0.02155	0.00899	0.00282	0.00405	0.01941	0.00666	0.00585
28	0.01327	0.00664	0.00664	0.00664	0.00830	0.00664	0.00498	0.01659	0.01493	0.02655	0.02323	0.02655	0.01825	0.00830	0.00498	0.00166	0.00332	0.00664	0.78928	0.00664
29	0.00886	0.00634	0.00843	0.00979	0.01037	0.00591	0.00662	0.01037	0.01448	0.01953	0.12536	0.65515	0.04971	0.02130	0.00900	0.00281	0.00403	0.01929	0.00677	0.00591
30	0.00858	0.00722	0.00744	0.00739	0.00972	0.00608	0.00554	0.01054	0.01662	0.02015	0.13412	0.06702	0.63989	0.01769	0.00841	0.00239	0.00358	0.01482	0.00673	0.00608
31	0.04732	0.72723	0.03634	0.01208	0.01811	0.02773	0.01202	0.02131	0.01438	0.01730	0.00990	0.01143	0.00909	0.00611	0.00456	0.00155	0.00754	0.00381	0.00310	0.00909
32	0.01550	0.05593	0.57494	0.02084	0.07156	0.01680	0.02397	0.02397	0.06307	0.04692	0.01440	0.01622	0.01036	0.00699	0.00676	0.00223	0.00980	0.00555	0.00354	0.01064
33	0.02327	0.02784	0.02262	0.02506	0.20189	0.47434	0.01605	0.02571	0.01832	0.01894	0.01149	0.01434	0.00974	0.00752	0.00807	0.00202	0.07498	0.00519	0.00358	0.00901
34	0.80005	0.01377	0.01047	0.00936	0.01377	0.01597	0.00771	0.02093	0.01212	0.03195	0.00991	0.01157	0.00771	0.00661	0.00441	0.00220	0.00551	0.00386	0.00441	0.00771
35	0.02008	0.45833	0.06694	0.01429	0.01960	0.15249	0.01329	0.06832	0.01655	0.01916	0.01124	0.01338	0.00984	0.00944	0.04586	0.00228	0.04184	0.00453	0.00349	0.00904
36	0.02707	0.01995	0.02137	0.01638	0.02208	0.02208	0.01353	0.68159	0.03348	0.04488	0.01710	0.01710	0.01211	0.00855	0.00712	0.00214	0.00784	0.00641	0.00712	0.01211
37	0.00865	0.00714	0.00759	0.00764	0.00980	0.00608	0.00567	0.01061	0.01653	0.02035	0.15011	0.11814	0.57126	0.01792	0.00846	0.00242	0.00362	0.01515	0.00677	0.00608
38	0.00868	0.00620	0.00826	0.00991	0.01033	0.00578	0.00661	0.00991	0.01363	0.01818	0.03925	0.74510	0.04710	0.02231	0.00909	0.00289	0.00413	0.02024	0.00661	0.00578
39	0.01658	0.01960	0.06944	0.06071	0.06123	0.01781	0.59929	0.02256	0.01660	0.02261	0.01422	0.01896	0.01069	0.00610	0.00823	0.00238	0.01171	0.00810	0.00355	0.00963
40	0.01427	0.01317	0.02034	0.59412	0.04315	0.01619	0.01813	0.02198	0.14506	0.02043	0.01581	0.02045	0.01185	0.00761	0.00714	0.00238	0.00875	0.00666	0.00395	0.00856
41	0.00873	0.00713	0.00767	0.00801	0.01000	0.00616	0.00595	0.01049	0.01567	0.01903	0.06343	0.16112	0.54240	0.04598	0.00964	0.00270	0.00400	0.05942	0.00652	0.00595
42	0.01902	0.01467	0.01686	0.01249	0.01840	0.01332	0.01015	0.19595	0.01994	0.06650	0.01458	0.01593	0.01131	0.00658	0.00647	0.00148	0.03037	0.00503	0.00521	0.51575
43	0.02706	0.01221	0.01584	0.01235	0.01735	0.01100	0.01008	0.09514	0.02129	0.49676	0.12696	0.02725	0.02404	0.00942	0.00722	0.00213	0.00578	0.00775	0.00820	0.06217
44	0.14314	0.01839	0.01649	0.01398	0.01825	0.13323	0.01112	0.26402	0.11088	0.03149	0.02291	0.02336	0.09092	0.01236	0.05592	0.00280	0.00830	0.00699	0.00586	0.00959
45	0.01317	0.01017	0.01305	0.01225	0.01448	0.01018	0.04392	0.13119	0.05506	0.02392	0.03299	0.45985	0.05973	0.03857	0.00920	0.00272	0.00540	0.01530	0.00640	0.04244
46	0.01581	0.04696	0.09423	0.04204	0.06678	0.01356	0.01289	0.15964	0.04050	0.02719	0.07423	0.11571	0.05093	0.01227	0.00758	0.00239	0.00660	0.11896	0.08296	0.00875

[dist]
# distance from previous block
# <min> <max>
2	14

[block]
# block no. 4 follows, 29 sequences, length 33
# corresponding to MSA columns:
# 229-261
name=unknown_E
#
# <colnr> <probs for GDERKNQSTAVLIFYWHMCP>
#	G	D	E	R	K	N	Q	S	T	A	V	L	I	F	Y	W	H	M	C	P
0	0.14472	0.07769	0.04356	0.03160	0.01870	0.01687	0.01129	0.23235	0.02015	0.03029	0.01753	0.01907	0.05322	0.00947	0.02899	0.00224	0.04423	0.00590	0.03727	0.15487
1	0.03889	0.38874	0.24813	0.01561	0.02275	0.10925	0.01680	0.04964	0.01607	0.02022	0.01124	0.01298	0.00919	0.00657	0.00559	0.00184	0.00914	0.00447	0.00331	0.00955
2	0.01334	0.01063	0.01219	0.04122	0.01526	0.01073	0.00889	0.10028	0.12143	0.02552	0.13194	0.09952	0.22997	0.03089	0.00863	0.00248	0.00514	0.06786	0.00659	0.05750
3	0.00944	0.00679	0.00865	0.00971	0.01039	0.00651	0.00659	0.01137	0.03500	0.01895	0.09496	0.51079	0.06256	0.13050	0.01307	0.00343	0.00462	0.04444	0.00639	0.00585
4	0.01546	0.01558	0.02289	0.09871	0.06144	0.04136	0.06969	0.01790	0.01247	0.01809	0.01194	0.04792	0.01143	0.01238	0.03717	0.00310	0.48406	0.00701	0.00337	0.00803
5	0.01025	0.00686	0.00780	0.00789	0.00792	0.00684	0.00445	0.01033	0.01055	0.01407	0.02344	0.08825	0.02715	0.70638	0.03462	0.00666	0.00674	0.01094	0.00445	0.00440
6	0.01669	0.01858	0.03909	0.06675	0.03655	0.01787	0.59730	0.02361	0.06385	0.02305	0.01533	0.01971	0.01150	0.00632	0.00825	0.00240	0.01142	0.00827	0.00383	0.00963
7	0.01378	0.01312	0.02255	0.67203	0.07886	0.01596	0.04691	0.01855	0.01443	0.01862	0.01276	0.01893	0.00963	0.00704	0.00717	0.00236	0.00955	0.00641	0.00320	0.00814
8	0.76083	0.01369	0.01078	0.00953	0.01400	0.01569	0.00785	0.02163	0.01254	0.06658	0.01084	0.01221	0.00822	0.00672	0.00455	0.00220	0.00554	0.00402	0.00463	0.00794
9	0.02707	0.01995	0.02137	0.01638	0.02208	0.02208	0.01353	0.68159	0.03348	0.04488	0.01710	0.01710	0.01211	0.00855	0.00712	0.00214	0.00784	0.00641	0.00712	0.01211
10	0.01309	0.00862	0.01057	0.00962	0.01197	0.00813	0.00729	0.04415	0.05055	0.09658	0.42625	0.07250	0.15162	0.04582	0.00939	0.00249	0.00414	0.01226	0.00750	0.00747
11	0.01957	0.70375	0.03612	0.01261	0.01854	0.07657	0.01229	0.02182	0.01487	0.01680	0.00998	0.01152	0.00914	0.00618	0.00470	0.00154	0.00798	0.00386	0.00309	0.00908
12	0.01395	0.03237	0.59384	0.01904	0.02794	0.01592	0.02359	0.02126	0.01526	0.02278	0.08184	0.01891	0.01490	0.00795	0.00809	0.00231	0.06052	0.00610	0.00350	0.00995
13	0.01036	0.00690	0.00777	0.00777	0.00777	0.00690	0.00431	0.01036	0.01036	0.01381	0.02244	0.04660	0.02589	0.74975	0.03624	0.00690	0.00690	0.01036	0.00431	0.00431
14	0.01479	0.01148	0.01257	0.01148	0.01474	0.01207	0.00895	0.04655	0.31114	0.06605	0.13464	0.04440	0.22945	0.01314	0.00785	0.00240	0.00486	0.03729	0.00720	0.00897
15	0.01036	0.00690	0.00777	0.00777	0.00777	0.00690	0.00431	0.01036	0.01036	0.01381	0.02244	0.04660	0.02589	0.74975	0.03624	0.00690	0.00690	0.01036	0.00431	0.00431
16	0.01512	0.02766	0.41784	0.02637	0.20054	0.01597	0.08964	0.02140	0.01520	0.02215	0.01389	0.03887	0.01110	0.00789	0.00805	0.03875	0.00975	0.00636	0.00331	0.01013
17	0.80005	0.01377	0.01047	0.00936	0.01377	0.01597	0.00771	0.02093	0.01212	0.03195	0.00991	0.01157	0.00771	0.00661	0.00441	0.00220	0.00551	0.00386	0.00441	0.00771
18	0.01529	0.01296	0.01505	0.01079	0.01710	0.01003	0.00865	0.04602	0.01556	0.02412	0.01284	0.01486	0.01061	0.00541	0.00535	0.00110	0.00538	0.00431	0.00434	0.76022
19	0.01773	0.04174	0.07747	0.06666	0.52299	0.05458	0.02062	0.02320	0.06343	0.02294	0.01417	0.01767	0.01159	0.00668	0.00694	0.00212	0.00866	0.00621	0.00372	0.01085
20	0.00870	0.00636	0.00811	0.00948	0.01014	0.00585	0.00637	0.00997	0.01385	0.01815	0.04293	0.63060	0.13219	0.04866	0.01001	0.00298	0.00417	0.01919	0.00653	0.00576
21	0.56832	0.03887	0.09058	0.01220	0.01760	0.01599	0.05020	0.02258	0.01360	0.09653	0.01228	0.01364	0.00906	0.00679	0.00518	0.00220	0.00656	0.00460	0.00460	0.00861
22	0.08829	0.01538	0.02537	0.25784	0.40598	0.01653	0.04760	0.02065	0.01524	0.02244	0.01288	0.01756	0.01037	0.00660	0.00689	0.00222	0.00866	0.00620	0.00350	0.00981
23	0.00905	0.00723	0.00822	0.00836	0.01033	0.00623	0.00608	0.01101	0.01605	0.02054	0.15362	0.24266	0.39950	0.01800	0.00843	0.00244	0.00379	0.01554	0.00667	0.04625
24	0.03716	0.02297	0.30085	0.12808	0.07753	0.01491	0.11182	0.02183	0.01603	0.09025	0.05400	0.02239	0.05470	0.00796	0.00723	0.00228	0.00907	0.00707	0.00423	0.00967
25	0.03195	0.01212	0.01652	0.01267	0.01818	0.01047	0.01047	0.03470	0.02038	0.71026	0.02809	0.02424	0.01763	0.00881	0.00716	0.00220	0.00606	0.00716	0.00881	0.01212
26	0.00920	0.00666	0.00840	0.00912	0.01002	0.00618	0.00623	0.01088	0.01516	0.02037	0.20667	0.41434	0.12113	0.10701	0.01209	0.00316	0.00421	0.01665	0.00664	0.00587
27	0.01237	0.00618	0.00928	0.00928	0.00928	0.00618	0.00618	0.00928	0.00928	0.01237	0.01237	0.02165	0.01237	0.02474	0.02783	0.79283	0.00618	0.00618	0.00309	0.00309
28	0.00859	0.00718	0.00748	0.00750	0.00975	0.00607	0.00559	0.01052	0.01650	0.02011	0.13254	0.09606	0.61193	0.01788	0.00844	0.00241	0.00360	0.01504	0.00673	0.00607
29	0.20624	0.01851	0.01884	0.01476	0.02016	0.02067	0.01218	0.52845	0.02853	0.04188	0.01543	0.01581	0.01109	0.00810	0.00649	0.00215	0.00730	0.00582	0.00649	0.01109
30	0.01002	0.00770	0.00956	0.00950	0.01148	0.00667	0.00681	0.01211	0.01548	0.02132	0.17306	0.38922	0.12607	0.01714	0.00818	0.00237	0.00411	0.01522	0.00643	0.14754
31	0.01460	0.12134	0.58967	0.01864	0.02811	0.01735	0.02344	0.02186	0.01527	0.02221	0.05350	0.01687	0.01250	0.00715	0.00660	0.00217	0.00975	0.00554	0.00330	0.01013
32	0.02707	0.01995	0.02137	0.01638	0.02208	0.02208	0.01353	0.68159	0.03348	0.04488	0.01710	0.01710	0.01211	0.00855	0.00712	0.00214	0.00784	0.00641	0.00712	0.01211

[dist]
# distance from previous block
# <min> <max>
4	6

[block]
# block no. 5 follows, 29 sequences, length 12
# corresponding to MSA columns:
# 268-279
name=unknown_F
#
# <colnr> <probs for GDERKNQSTAVLIFYWHMCP>
#	G	D	E	R	K	N	Q	S	T	A	V	L	I	F	Y	W	H	M	C	P
0	0.57262	0.04690	0.01255	0.04281	0.01573	0.01573	0.00872	0.02151	0.08251	0.02909	0.01481	0.08359	0.01307	0.00842	0.00528	0.00227	0.00567	0.00596	0.00479	0.00797
1	0.43510	0.04911	0.01636	0.05240	0.01851	0.01873	0.01101	0.17040	0.01703	0.03135	0.01162	0.01379	0.00910	0.00788	0.00784	0.00229	0.10905	0.00490	0.00471	0.00880
2	0.01257	0.00854	0.01074	0.01030	0.01250	0.00823	0.00801	0.01733	0.08814	0.08058	0.39425	0.09670	0.10756	0.01507	0.00842	0.00245	0.00431	0.09933	0.00750	0.00748
3	0.02312	0.01931	0.02021	0.09084	0.05560	0.10315	0.01384	0.41151	0.05736	0.03560	0.08173	0.02068	0.01715	0.00878	0.00716	0.00215	0.00811	0.00687	0.00621	0.01062
4	0.00887	0.00643	0.00838	0.00959	0.01033	0.00594	0.00655	0.01047	0.01480	0.01982	0.14202	0.59497	0.09379	0.02085	0.00894	0.00276	0.00398	0.01878	0.00680	0.00594
5	0.01487	0.01173	0.01357	0.03526	0.01647	0.01283	0.01022	0.07561	0.28798	0.02539	0.05816	0.04135	0.11267	0.01574	0.03651	0.08351	0.00631	0.12695	0.00637	0.00850
6	0.01100	0.00743	0.00930	0.00881	0.01072	0.00695	0.00668	0.01399	0.01814	0.05252	0.43482	0.04946	0.16154	0.01798	0.07620	0.00309	0.00501	0.01187	0.08774	0.00677
7	0.00995	0.00736	0.00815	0.00811	0.01004	0.00670	0.00597	0.01240	0.04644	0.02088	0.14132	0.09919	0.40813	0.01722	0.01007	0.08372	0.00394	0.01305	0.08129	0.00609
8	0.04235	0.05239	0.02000	0.08474	0.04725	0.13205	0.01330	0.31553	0.02359	0.03114	0.01539	0.01758	0.01185	0.01023	0.04081	0.00252	0.04150	0.00599	0.08200	0.00981
9	0.11513	0.01202	0.01618	0.01524	0.08721	0.01125	0.05756	0.03649	0.01642	0.18408	0.02574	0.10772	0.08297	0.01095	0.02289	0.00230	0.00626	0.00853	0.05110	0.12997
10	0.01597	0.01429	0.07072	0.11484	0.02078	0.04572	0.02527	0.12824	0.01773	0.03821	0.02058	0.13147	0.01860	0.02716	0.04042	0.00269	0.03394	0.00849	0.18975	0.03512
11	0.10693	0.05427	0.11754	0.04726	0.05157	0.08296	0.19725	0.12582	0.01894	0.04380	0.04160	0.02012	0.04479	0.00770	0.00704	0.00220	0.00921	0.00688	0.00456	0.00955

[dist]
# distance from previous block
# <min> <max>
1	9

[block]
# block no. 6 follows, 29 sequences, length 12
# corresponding to MSA columns:
# 289-300
name=unknown_G
#
# <colnr> <probs for GDERKNQSTAVLIFYWHMCP>
#	G	D	E	R	K	N	Q	S	T	A	V	L	I	F	Y	W	H	M	C	P
0	0.24144	0.06098	0.13549	0.01844	0.11224	0.04701	0.05095	0.02357	0.08990	0.05951	0.01505	0.01728	0.01174	0.01143	0.07361	0.00305	0.00887	0.00569	0.00438	0.00936
1	0.17033	0.06352	0.16599	0.01675	0.07330	0.14036	0.01449	0.02410	0.09045	0.04561	0.03579	0.01895	0.04315	0.00776	0.00623	0.00206	0.00809	0.00581	0.00446	0.06278
2	0.01749	0.08970	0.13376	0.04745	0.08831	0.14613	0.14190	0.05753	0.01756	0.02215	0.06419	0.10599	0.01844	0.00915	0.00726	0.00220	0.00932	0.00814	0.00430	0.00903
3	0.01765	0.01493	0.04596	0.01486	0.05496	0.07434	0.04866	0.14014	0.01949	0.08034	0.07158	0.12749	0.08019	0.04287	0.00852	0.00236	0.00671	0.00951	0.07982	0.05962
4	0.01619	0.10097	0.16845	0.06218	0.05049	0.01700	0.24883	0.05033	0.01646	0.02278	0.01492	0.02091	0.01228	0.00719	0.00715	0.00213	0.00949	0.05069	0.00384	0.11774
5	0.01251	0.00866	0.01110	0.01071	0.01216	0.00963	0.00797	0.01645	0.08719	0.04859	0.02245	0.07033	0.02120	0.18083	0.31411	0.00709	0.04262	0.00873	0.10088	0.00679
6	0.06660	0.01225	0.01355	0.01290	0.03673	0.03414	0.00966	0.08511	0.13462	0.02458	0.05849	0.03574	0.12069	0.09648	0.06476	0.00357	0.07578	0.04726	0.05909	0.00800
7	0.43032	0.01208	0.01127	0.00995	0.01380	0.01305	0.00797	0.06596	0.01544	0.12887	0.02016	0.08733	0.04476	0.00925	0.00568	0.00221	0.00527	0.00688	0.10149	0.00826
8	0.01164	0.03084	0.01046	0.00953	0.01108	0.00835	0.00690	0.03742	0.01455	0.04898	0.10274	0.15403	0.13028	0.20076	0.16094	0.00533	0.00800	0.01172	0.03014	0.00631
9	0.01502	0.04248	0.02709	0.17761	0.12538	0.03613	0.23331	0.01933	0.01527	0.02045	0.01830	0.02306	0.05873	0.01328	0.09665	0.00342	0.02908	0.00763	0.02914	0.00862
10	0.01178	0.00875	0.01216	0.01169	0.01331	0.01003	0.00907	0.07570	0.01346	0.01904	0.01909	0.02805	0.01775	0.09058	0.61336	0.01030	0.01729	0.00768	0.00416	0.00678
11	0.01988	0.45896	0.15757	0.01507	0.02143	0.18316	0.01514	0.02316	0.01587	0.01797	0.01068	0.01241	0.00912	0.00650	0.00539	0.00173	0.00933	0.00425	0.00318	0.00919

[dist]
# distance from previous block
# <min> <max>
0	8

[block]
# block no. 7 follows, 29 sequences, length 26
# corresponding to MSA columns:
# 309-334
name=unknown_H
#
# <colnr> <probs for GDERKNQSTAVLIFYWHMCP>
#	G	D	E	R	K	N	Q	S	T	A	V	L	I	F	Y	W	H	M	C	P
0	0.72917	0.01318	0.01017	0.00917	0.01340	0.01508	0.00751	0.01997	0.01249	0.03081	0.01549	0.01667	0.06991	0.00763	0.00477	0.00222	0.00534	0.00486	0.00460	0.00756
1	0.05716	0.06507	0.58559	0.02022	0.02993	0.01714	0.08317	0.02243	0.01501	0.02283	0.01264	0.01506	0.00911	0.00666	0.00669	0.00223	0.01026	0.00540	0.00314	0.01023
2	0.40015	0.01724	0.05661	0.01929	0.14231	0.01752	0.07250	0.14707	0.01749	0.03153	0.01246	0.01458	0.00954	0.00689	0.00588	0.00220	0.00733	0.00527	0.00462	0.00951
3	0.07155	0.01861	0.01873	0.01498	0.01994	0.05760	0.01217	0.47414	0.10416	0.03927	0.01822	0.01845	0.01332	0.00847	0.00674	0.00211	0.00731	0.00636	0.07681	0.01105
4	0.01771	0.57510	0.09219	0.01290	0.01863	0.05067	0.01288	0.02042	0.01457	0.01740	0.01309	0.07797	0.01279	0.00907	0.02669	0.00202	0.00810	0.00555	0.00341	0.00884
5	0.01593	0.01328	0.05569	0.03102	0.03885	0.04218	0.01056	0.14517	0.01947	0.08506	0.07055	0.23846	0.15497	0.01467	0.00803	0.00245	0.00600	0.03292	0.00643	0.00831
6	0.02652	0.01967	0.02106	0.01627	0.02187	0.02182	0.01340	0.64354	0.07243	0.04398	0.01780	0.01766	0.01268	0.00861	0.00713	0.00215	0.00771	0.00651	0.00713	0.01206
7	0.01129	0.00807	0.01121	0.01256	0.01421	0.00800	0.01084	0.01458	0.01689	0.02227	0.12590	0.07672	0.04446	0.01899	0.00964	0.00314	0.00613	0.57178	0.00673	0.00658
8	0.01203	0.00797	0.01002	0.00961	0.01169	0.00739	0.00730	0.01553	0.04798	0.08732	0.38600	0.14405	0.15908	0.01568	0.00841	0.00241	0.00402	0.04889	0.00747	0.00716
9	0.01428	0.03683	0.71286	0.02030	0.03082	0.01654	0.02631	0.02255	0.01503	0.02255	0.01278	0.01503	0.00902	0.00677	0.00677	0.00226	0.01052	0.00526	0.00301	0.01052
10	0.00898	0.00632	0.00817	0.00953	0.00987	0.00598	0.00620	0.00999	0.01305	0.01739	0.03623	0.61992	0.04329	0.15268	0.01396	0.00361	0.00463	0.01847	0.00620	0.00552
11	0.01379	0.01300	0.02197	0.67659	0.10243	0.01591	0.01994	0.01849	0.01440	0.01861	0.01272	0.01887	0.00964	0.00706	0.00711	0.00235	0.00941	0.00633	0.00319	0.00818
12	0.01477	0.01266	0.01477	0.01055	0.01687	0.00949	0.00844	0.01793	0.01477	0.02320	0.01266	0.01477	0.01055	0.00527	0.00527	0.00105	0.00527	0.00422	0.00422	0.79328
13	0.01759	0.01307	0.01358	0.06520	0.01702	0.05120	0.00961	0.19425	0.09188	0.02942	0.02416	0.02640	0.06555	0.03141	0.02877	0.00243	0.00633	0.00734	0.29616	0.00864
14	0.01545	0.01179	0.01488	0.14542	0.02124	0.01286	0.01126	0.22667	0.02010	0.02674	0.02724	0.37776	0.02894	0.01509	0.00810	0.00255	0.00631	0.01324	0.00614	0.00820
15	0.01143	0.00763	0.00946	0.00885	0.01100	0.00682	0.00669	0.01426	0.01891	0.08312	0.45684	0.08078	0.22690	0.01527	0.00832	0.00230	0.00368	0.01323	0.00756	0.00695
16	0.01987	0.01644	0.01790	0.01627	0.05088	0.01868	0.01228	0.18557	0.50943	0.03297	0.02552	0.02397	0.01904	0.00925	0.00721	0.00234	0.00627	0.00759	0.00705	0.01146
17	0.03902	0.03238	0.53460	0.02173	0.07936	0.05439	0.05839	0.02339	0.01567	0.05680	0.01349	0.01568	0.00968	0.00682	0.00681	0.00223	0.01021	0.00552	0.00344	0.01041
18	0.01017	0.00745	0.00935	0.00992	0.01048	0.00760	0.00669	0.03195	0.01350	0.01814	0.05502	0.43997	0.06141	0.22144	0.01731	0.00395	0.04827	0.01583	0.00583	0.00574
19	0.02464	0.01960	0.07435	0.01574	0.02149	0.01951	0.01367	0.49506	0.07769	0.09018	0.02169	0.02119	0.05377	0.00907	0.00718	0.00219	0.00751	0.00700	0.00690	0.01156
20	0.38247	0.12696	0.13776	0.07968	0.05666	0.01805	0.06503	0.02121	0.01371	0.02576	0.01116	0.01369	0.00872	0.00655	0.00551	0.00214	0.00767	0.00478	0.00375	0.00874
21	0.01803	0.21754	0.05520	0.01262	0.01710	0.07569	0.01106	0.11705	0.03637	0.06529	0.15260	0.07222	0.07678	0.01037	0.00676	0.00202	0.00667	0.00828	0.00560	0.03275
22	0.02089	0.46452	0.09822	0.01476	0.02064	0.20544	0.01403	0.05360	0.01687	0.01879	0.01080	0.01240	0.00927	0.00659	0.00538	0.00170	0.00926	0.00427	0.00339	0.00918
23	0.01350	0.07071	0.01853	0.01375	0.01757	0.01216	0.10723	0.05054	0.01546	0.02122	0.02681	0.17941	0.10865	0.01619	0.08158	0.00308	0.04114	0.01018	0.00491	0.18738
24	0.01202	0.01002	0.04489	0.01013	0.01234	0.00907	0.00781	0.01667	0.11838	0.05038	0.09586	0.10408	0.17720	0.21629	0.07950	0.00444	0.00667	0.01145	0.00587	0.00693
25	0.02425	0.01988	0.01938	0.01653	0.04120	0.12949	0.01278	0.39142	0.10297	0.07079	0.01994	0.08326	0.01614	0.00967	0.00720	0.00219	0.00797	0.00759	0.00653	0.01081

[dist]
# distance from previous block
# <min> <max>
4	13

[block]
# block no. 8 follows, 29 sequences, length 37
# corresponding to MSA columns:
# 348-384
name=unknown_I
#
# <colnr> <probs for GDERKNQSTAVLIFYWHMCP>
#	G	D	E	R	K	N	Q	S	T	A	V	L	I	F	Y	W	H	M	C	P
0	0.01371	0.04938	0.01308	0.05383	0.01532	0.00998	0.00877	0.08355	0.01700	0.07496	0.08129	0.39032	0.07530	0.01608	0.00802	0.00245	0.00516	0.01414	0.00636	0.06130
1	0.05368	0.08313	0.04960	0.01481	0.01985	0.03804	0.06915	0.18745	0.07519	0.12021	0.05679	0.07084	0.01864	0.03711	0.00802	0.00228	0.00719	0.00764	0.00595	0.07443
2	0.07403	0.01884	0.06044	0.10288	0.02428	0.07903	0.03540	0.24164	0.15028	0.07641	0.02079	0.02124	0.04594	0.00863	0.00699	0.00223	0.00788	0.00684	0.00591	0.01034
3	0.07529	0.10020	0.02296	0.06647	0.06337	0.01590	0.12017	0.06889	0.07806	0.07020	0.03883	0.01936	0.01419	0.00907	0.03672	0.00234	0.00787	0.00629	0.02663	0.15721
4	0.21734	0.01757	0.01915	0.07259	0.15222	0.13396	0.05825	0.05336	0.05823	0.02486	0.01857	0.02250	0.06261	0.03242	0.00752	0.00236	0.00810	0.02512	0.00449	0.00879
5	0.01016	0.00769	0.00870	0.00860	0.01081	0.00689	0.00650	0.01312	0.04562	0.04633	0.20003	0.12480	0.42293	0.01707	0.00844	0.00245	0.00390	0.04238	0.00698	0.00661
6	0.02571	0.01927	0.02061	0.01611	0.02157	0.02145	0.01321	0.58829	0.12898	0.04269	0.01882	0.01847	0.01350	0.00871	0.00714	0.00218	0.00752	0.00665	0.00714	0.01199
7	0.02517	0.03058	0.02164	0.02236	0.13248	0.57694	0.01506	0.05575	0.02012	0.01956	0.01166	0.01380	0.00964	0.00723	0.00655	0.00189	0.01192	0.00495	0.00380	0.00891
8	0.01428	0.03683	0.71286	0.02030	0.03082	0.01654	0.02631	0.02255	0.01503	0.02255	0.01278	0.01503	0.00902	0.00677	0.00677	0.00226	0.01052	0.00526	0.00301	0.01052
9	0.01574	0.21264	0.47826	0.01970	0.05033	0.01953	0.06625	0.02224	0.01505	0.02116	0.01219	0.01450	0.00924	0.00653	0.00634	0.00208	0.00983	0.00515	0.00307	0.01014
10	0.02491	0.01887	0.02015	0.01595	0.02126	0.02107	0.01301	0.53282	0.18577	0.04139	0.01984	0.01928	0.01433	0.00881	0.00715	0.00220	0.00733	0.00679	0.00715	0.01192
11	0.01162	0.00840	0.01154	0.01306	0.01474	0.00848	0.01130	0.01548	0.04254	0.02153	0.03742	0.10149	0.04045	0.01937	0.00971	0.00323	0.00644	0.60990	0.00659	0.00671
12	0.01529	0.01829	0.13249	0.28799	0.28726	0.01620	0.06907	0.02043	0.01536	0.02120	0.01405	0.02026	0.01140	0.00718	0.00724	0.00230	0.00934	0.03159	0.00344	0.00963
13	0.01504	0.03583	0.67162	0.02006	0.03030	0.01687	0.02555	0.06185	0.01613	0.02388	0.01304	0.01516	0.00920	0.00687	0.00679	0.00225	0.01036	0.00533	0.00325	0.01062
14	0.01017	0.00763	0.01144	0.01144	0.01272	0.00890	0.00890	0.01272	0.01144	0.01653	0.01907	0.02797	0.01780	0.05340	0.72153	0.01144	0.01907	0.00763	0.00381	0.00636
15	0.02886	0.01470	0.05953	0.01522	0.05634	0.01257	0.01234	0.08704	0.06086	0.53622	0.02552	0.02287	0.01655	0.00859	0.00713	0.00221	0.00658	0.00699	0.00794	0.01193
16	0.01970	0.54742	0.03158	0.01319	0.01840	0.16069	0.01209	0.02196	0.01572	0.01743	0.04330	0.01438	0.01226	0.00874	0.03546	0.00204	0.00891	0.00455	0.00343	0.00873
17	0.00868	0.00620	0.00826	0.00991	0.01033	0.00578	0.00661	0.00991	0.01363	0.01818	0.03925	0.74510	0.04710	0.02231	0.00909	0.00289	0.00413	0.02024	0.00661	0.00578
18	0.01762	0.01692	0.02890	0.04371	0.70533	0.01692	0.02185	0.02185	0.01621	0.02326	0.01339	0.01762	0.01128	0.00634	0.00705	0.00211	0.00846	0.00634	0.00352	0.01128
19	0.00954	0.00676	0.00846	0.03364	0.01054	0.00661	0.00604	0.01040	0.01238	0.01638	0.03264	0.39715	0.06452	0.32835	0.02044	0.00455	0.00546	0.01538	0.00552	0.00525
20	0.02656	0.01969	0.02109	0.01628	0.02189	0.02185	0.01341	0.64687	0.06902	0.04406	0.01774	0.01761	0.01263	0.00861	0.00713	0.00215	0.00772	0.00650	0.00713	0.01206
21	0.00868	0.00620	0.00826	0.00991	0.01033	0.00578	0.00661	0.00991	0.01363	0.01818	0.03925	0.74510	0.04710	0.02231	0.00909	0.00289	0.00413	0.02024	0.00661	0.00578
22	0.00868	0.00620	0.00826	0.00991	0.01033	0.00578	0.00661	0.00991	0.01363	0.01818	0.03925	0.74510	0.04710	0.02231	0.00909	0.00289	0.00413	0.02024	0.00661	0.00578
23	0.01140	0.00762	0.00959	0.01020	0.01123	0.00738	0.00700	0.06065	0.01519	0.05271	0.05623	0.54192	0.04095	0.11741	0.01245	0.00332	0.00484	0.01705	0.00649	0.00638
24	0.01017	0.00763	0.01144	0.01144	0.01272	0.00890	0.00890	0.01272	0.01144	0.01653	0.01907	0.02797	0.01780	0.05340	0.72153	0.01144	0.01907	0.00763	0.00381	0.00636
25	0.01904	0.75404	0.03731	0.01218	0.01828	0.02818	0.01218	0.02132	0.01447	0.01675	0.00990	0.01142	0.00914	0.00609	0.00457	0.00152	0.00761	0.00381	0.00305	0.00914
26	0.02908	0.01279	0.01650	0.01297	0.01817	0.01191	0.01061	0.07286	0.10377	0.56112	0.05306	0.02519	0.01968	0.00912	0.00722	0.00223	0.00601	0.00744	0.00848	0.01181
27	0.01123	0.00762	0.00953	0.00975	0.01169	0.00693	0.00758	0.01369	0.01706	0.07255	0.20868	0.18330	0.24413	0.01761	0.00873	0.00262	0.00444	0.14908	0.00706	0.00671
28	0.00868	0.00620	0.00826	0.00991	0.01033	0.00578	0.00661	0.00991	0.01363	0.01818	0.03925	0.74510	0.04710	0.02231	0.00909	0.00289	0.00413	0.02024	0.00661	0.00578
29	0.01045	0.00880	0.00926	0.00887	0.01149	0.00839	0.00673	0.01605	0.14914	0.02252	0.14609	0.05830	0.48601	0.01594	0.00818	0.00238	0.00397	0.01338	0.00690	0.00713
30	0.01189	0.00820	0.00970	0.00960	0.01103	0.00797	0.00667	0.07678	0.01601	0.04706	0.10490	0.29526	0.13378	0.20959	0.01577	0.00371	0.00514	0.01430	0.00627	0.00638
31	0.05042	0.00980	0.01230	0.01078	0.01370	0.00926	0.00819	0.06555	0.01842	0.25732	0.19310	0.16857	0.03552	0.10072	0.01117	0.00290	0.00523	0.01122	0.00733	0.00850
32	0.80005	0.01377	0.01047	0.00936	0.01377	0.01597	0.00771	0.02093	0.01212	0.03195	0.00991	0.01157	0.00771	0.00661	0.00441	0.00220	0.00551	0.00386	0.00441	0.00771
33	0.02231	0.01715	0.01837	0.01522	0.02003	0.01927	0.01220	0.31302	0.38227	0.06495	0.02386	0.02242	0.01745	0.00915	0.00719	0.00229	0.00659	0.00731	0.00726	0.01167
34	0.06636	0.01725	0.01922	0.01510	0.02015	0.01865	0.02987	0.49154	0.02861	0.08695	0.04834	0.06634	0.03945	0.00982	0.00723	0.00221	0.00714	0.00780	0.00698	0.01099
35	0.01093	0.00750	0.00898	0.00858	0.01060	0.00667	0.00635	0.01333	0.01770	0.07120	0.34069	0.10402	0.28791	0.06149	0.01009	0.00263	0.00391	0.01360	0.00716	0.00663
36	0.02563	0.01206	0.01524	0.01225	0.01663	0.01143	0.00974	0.08824	0.08391	0.44190	0.08529	0.02906	0.02285	0.09953	0.01081	0.00279	0.00605	0.00807	0.00788	0.01062

[dist]
# distance from previous block
# <min> <max>
0	1

[block]
# block no. 9 follows, 29 sequences, length 38
# corresponding to MSA columns:
# 386-423
name=unknown_J
#
# <colnr> <probs for GDERKNQSTAVLIFYWHMCP>
#	G	D	E	R	K	N	Q	S	T	A	V	L	I	F	Y	W	H	M	C	P
0	0.01001	0.00684	0.00789	0.00809	0.00835	0.00670	0.00480	0.01044	0.01159	0.01541	0.06060	0.14305	0.06650	0.57623	0.02972	0.00589	0.00618	0.01207	0.00492	0.00472
1	0.02211	0.01612	0.01763	0.01443	0.01871	0.01756	0.01153	0.49385	0.02798	0.03776	0.02262	0.19047	0.02068	0.01181	0.00750	0.00230	0.00676	0.00971	0.04011	0.01037
2	0.05632	0.03970	0.01461	0.01148	0.01563	0.01056	0.00921	0.05971	0.01885	0.39998	0.05427	0.15006	0.10455	0.01214	0.00745	0.00231	0.00549	0.01016	0.00765	0.00986
3	0.72582	0.04636	0.04836	0.01006	0.01485	0.01652	0.00887	0.02103	0.01237	0.03081	0.01006	0.01174	0.00784	0.00660	0.00454	0.00218	0.00586	0.00393	0.00428	0.00792
4	0.14123	0.07171	0.52710	0.01860	0.02772	0.01717	0.05701	0.02224	0.01463	0.02376	0.01224	0.01450	0.00891	0.00666	0.00635	0.00221	0.00963	0.00512	0.00327	0.00995
5	0.02317	0.06445	0.04449	0.02464	0.21059	0.33143	0.01618	0.13581	0.04030	0.02412	0.01320	0.01526	0.01060	0.00725	0.00665	0.00198	0.01024	0.00546	0.00426	0.00994
6	0.02568	0.05245	0.04325	0.01424	0.01964	0.01665	0.01209	0.29775	0.08547	0.26582	0.04457	0.02346	0.04769	0.00917	0.00711	0.00217	0.00679	0.00723	0.00736	0.01140
7	0.19202	0.01269	0.01516	0.01208	0.01711	0.01217	0.00990	0.07406	0.01918	0.48759	0.02410	0.05777	0.01667	0.00902	0.00668	0.00223	0.00596	0.00708	0.00766	0.01087
8	0.01031	0.00763	0.00869	0.00872	0.00999	0.00733	0.00594	0.04735	0.01450	0.01872	0.06362	0.19046	0.24218	0.27472	0.05445	0.00451	0.00587	0.01352	0.00574	0.00575
9	0.03024	0.05982	0.01777	0.01253	0.01812	0.01155	0.01047	0.03299	0.01972	0.63074	0.02614	0.02293	0.01672	0.00846	0.00690	0.00210	0.00612	0.00680	0.00821	0.05168
10	0.01036	0.00690	0.00777	0.00777	0.00777	0.00690	0.00431	0.01036	0.01036	0.01381	0.02244	0.04660	0.02589	0.74975	0.03624	0.00690	0.00690	0.01036	0.00431	0.00431
11	0.00919	0.00641	0.00811	0.00926	0.00954	0.00613	0.00591	0.01005	0.01263	0.01684	0.03410	0.53127	0.04060	0.24500	0.01740	0.00412	0.00498	0.01722	0.00591	0.00533
12	0.04427	0.01149	0.01208	0.01135	0.01415	0.01253	0.00846	0.02483	0.36281	0.02428	0.03750	0.10012	0.17099	0.11925	0.01173	0.00309	0.00525	0.01078	0.00652	0.00852
13	0.80005	0.01377	0.01047	0.00936	0.01377	0.01597	0.00771	0.02093	0.01212	0.03195	0.00991	0.01157	0.00771	0.00661	0.00441	0.00220	0.00551	0.00386	0.00441	0.00771
14	0.80005	0.01377	0.01047	0.00936	0.01377	0.01597	0.00771	0.02093	0.01212	0.03195	0.00991	0.01157	0.00771	0.00661	0.00441	0.00220	0.00551	0.00386	0.00441	0.00771
15	0.01040	0.00856	0.00925	0.00905	0.01137	0.00821	0.00673	0.01560	0.13761	0.02215	0.14782	0.12570	0.40386	0.04018	0.00917	0.00258	0.00410	0.01384	0.00682	0.00698
16	0.40186	0.01215	0.01140	0.01044	0.01388	0.01345	0.00841	0.09216	0.03731	0.02991	0.08501	0.05647	0.03830	0.04162	0.00745	0.00253	0.00553	0.07891	0.04544	0.00777
17	0.80005	0.01377	0.01047	0.00936	0.01377	0.01597	0.00771	0.02093	0.01212	0.03195	0.00991	0.01157	0.00771	0.00661	0.00441	0.00220	0.00551	0.00386	0.00441	0.00771
18	0.01029	0.00688	0.00779	0.00785	0.00786	0.00686	0.00440	0.01034	0.01048	0.01397	0.02308	0.07321	0.02670	0.72204	0.03521	0.00675	0.00680	0.01073	0.00440	0.00437
19	0.00972	0.00696	0.00903	0.01025	0.01100	0.00668	0.00710	0.03883	0.01484	0.01985	0.07016	0.62437	0.04564	0.04297	0.00982	0.00297	0.00446	0.05263	0.00662	0.00609
20	0.01017	0.00763	0.01144	0.01144	0.01272	0.00890	0.00890	0.01272	0.01144	0.01653	0.01907	0.02797	0.01780	0.05340	0.72153	0.01144	0.01907	0.00763	0.00381	0.00636
21	0.00868	0.00620	0.00826	0.00991	0.01033	0.00578	0.00661	0.00991	0.01363	0.01818	0.03925	0.74510	0.04710	0.02231	0.00909	0.00289	0.00413	0.02024	0.00661	0.00578
22	0.00868	0.00620	0.00826	0.00991	0.01033	0.00578	0.00661	0.00991	0.01363	0.01818	0.03925	0.74510	0.04710	0.02231	0.00909	0.00289	0.00413	0.02024	0.00661	0.00578
23	0.00875	0.00628	0.00819	0.00967	0.01016	0.00585	0.00643	0.00995	0.01359	0.01800	0.03998	0.67542	0.07808	0.06017	0.01048	0.00308	0.00425	0.01947	0.00649	0.00572
24	0.00887	0.00635	0.00844	0.00978	0.01037	0.00591	0.00662	0.01040	0.01453	0.01961	0.13067	0.64959	0.04987	0.02124	0.00899	0.00280	0.00402	0.01923	0.00678	0.00591
25	0.01681	0.01921	0.04202	0.03001	0.03721	0.01801	0.67947	0.02281	0.01681	0.02281	0.01441	0.01921	0.01080	0.00600	0.00840	0.00240	0.01200	0.00840	0.00360	0.00960
