[name]
unknown

[dist]
# distance from previous block
# <min> <max>
23	97

[block]
# block no. 0 follows, 31 sequences, length 124
# corresponding to MSA columns:
# 105-228
name=unknown_A
#
# <colnr> <probs for GDERKNQSTAVLIFYWHMCP>
#	G	D	E	R	K	N	Q	S	T	A	V	L	I	F	Y	W	H	M	C	P
0	0.10190	0.05414	0.40651	0.04891	0.16314	0.01619	0.02066	0.04608	0.01514	0.02342	0.03478	0.01584	0.01090	0.00670	0.00630	0.00211	0.00873	0.00538	0.00344	0.00975
1	0.04335	0.13833	0.04990	0.01892	0.11445	0.37203	0.01374	0.02395	0.01715	0.04808	0.03696	0.01522	0.01170	0.00720	0.00652	0.00184	0.03381	0.00504	0.03325	0.00856
2	0.10450	0.01951	0.19450	0.12844	0.05635	0.01536	0.19644	0.04435	0.01505	0.02236	0.01765	0.04751	0.06356	0.00797	0.00755	0.00227	0.03697	0.00722	0.00378	0.00868
3	0.04731	0.07354	0.49169	0.01900	0.02692	0.01691	0.08405	0.02063	0.01398	0.02104	0.01255	0.03672	0.00991	0.00743	0.00822	0.00224	0.08960	0.00573	0.00312	0.00941
4	0.04033	0.26107	0.15997	0.04134	0.04613	0.01702	0.01367	0.02254	0.03526	0.15299	0.04249	0.03908	0.01438	0.00747	0.00584	0.00187	0.00702	0.00579	0.04338	0.04238
5	0.12358	0.01676	0.07124	0.11656	0.04988	0.06650	0.10121	0.04711	0.01404	0.02115	0.01219	0.01711	0.01031	0.03923	0.05808	0.00301	0.16905	0.00592	0.00358	0.05345
6	0.00860	0.00646	0.00764	0.00845	0.00948	0.00588	0.00580	0.00986	0.01356	0.01728	0.04580	0.38933	0.26673	0.13284	0.01253	0.00322	0.00429	0.04078	0.00601	0.00544
7	0.01243	0.01137	0.01877	0.09583	0.02058	0.01314	0.13368	0.01499	0.01190	0.01673	0.01549	0.02554	0.01487	0.17607	0.22468	0.00584	0.17029	0.00758	0.00351	0.00673
8	0.00873	0.00612	0.00782	0.00902	0.00932	0.00582	0.00581	0.00963	0.01233	0.01643	0.03374	0.58078	0.04025	0.20258	0.01513	0.00372	0.00462	0.01712	0.00581	0.00521
9	0.01164	0.00982	0.01401	0.01293	0.01382	0.01209	0.02880	0.01365	0.01161	0.01719	0.01963	0.11943	0.03845	0.05714	0.28071	0.00591	0.25009	0.00873	0.06787	0.00650
10	0.01693	0.01626	0.02777	0.04199	0.71689	0.01626	0.02100	0.02100	0.01558	0.02235	0.01287	0.01693	0.01084	0.00610	0.00677	0.00203	0.00813	0.00610	0.00339	0.01084
11	0.02563	0.01898	0.02032	0.01566	0.02107	0.02104	0.01291	0.66644	0.06042	0.04251	0.01691	0.01681	0.01202	0.00826	0.00685	0.00206	0.00744	0.00623	0.00685	0.01160
12	0.01509	0.01418	0.02408	0.32938	0.41457	0.01543	0.01961	0.01909	0.01455	0.01995	0.01254	0.01762	0.01017	0.00707	0.00755	0.03214	0.00845	0.00608	0.00323	0.00921
13	0.80789	0.01323	0.01006	0.00900	0.01323	0.01535	0.00741	0.02011	0.01164	0.03070	0.00953	0.01111	0.00741	0.00635	0.00423	0.00212	0.00529	0.00370	0.00423	0.00741
14	0.01615	0.01845	0.04037	0.02884	0.03576	0.01730	0.69204	0.02191	0.01615	0.02191	0.01384	0.01845	0.01038	0.00577	0.00807	0.00231	0.01153	0.00807	0.00346	0.00923
15	0.01497	0.01497	0.02095	0.01796	0.01796	0.02095	0.01497	0.01646	0.01048	0.01646	0.00898	0.01497	0.00898	0.01197	0.02245	0.00299	0.74704	0.00599	0.00299	0.00748
16	0.00825	0.00630	0.00758	0.00861	0.00968	0.00563	0.00595	0.00963	0.01398	0.01782	0.04881	0.51294	0.28024	0.01999	0.00851	0.00261	0.00379	0.01769	0.00635	0.00563
17	0.00834	0.00595	0.00794	0.00953	0.00992	0.00556	0.00635	0.00953	0.01310	0.01746	0.03771	0.75510	0.04525	0.02143	0.00873	0.00278	0.00397	0.01945	0.00635	0.00556
18	0.01538	0.01302	0.01411	0.01318	0.01656	0.01471	0.01043	0.03080	0.54244	0.02655	0.03233	0.03682	0.07656	0.01143	0.00744	0.00245	0.00541	0.11384	0.00681	0.00972
19	0.02558	0.03195	0.01944	0.01753	0.02115	0.69729	0.01321	0.05997	0.02001	0.01804	0.01086	0.01254	0.00895	0.00711	0.00620	0.00178	0.01210	0.00449	0.00369	0.00811
20	0.01610	0.01415	0.01890	0.01412	0.01986	0.03200	0.12040	0.02224	0.12975	0.05737	0.01573	0.01716	0.01226	0.00610	0.00599	0.00152	0.00642	0.00547	0.00464	0.47980
21	0.01292	0.01216	0.02052	0.74312	0.04712	0.01520	0.01900	0.01748	0.01368	0.01748	0.01216	0.01824	0.00912	0.00684	0.00684	0.00228	0.00912	0.00608	0.00304	0.00760
22	0.00888	0.00696	0.00804	0.00777	0.00973	0.00612	0.00583	0.01136	0.01748	0.02296	0.39123	0.05847	0.38939	0.01566	0.00808	0.00223	0.00335	0.01341	0.00694	0.00612
23	0.00834	0.00595	0.00794	0.00953	0.00992	0.00556	0.00635	0.00953	0.01310	0.01746	0.03771	0.75510	0.04525	0.02143	0.00873	0.00278	0.00397	0.01945	0.00635	0.00556
24	0.01945	0.64726	0.03323	0.01265	0.01813	0.13935	0.01195	0.02157	0.01477	0.01620	0.00968	0.01119	0.00878	0.00604	0.00467	0.00151	0.00812	0.00378	0.00302	0.00864
25	0.02398	0.01665	0.01829	0.01539	0.04536	0.03813	0.01200	0.36434	0.17493	0.15558	0.02068	0.01986	0.01470	0.00837	0.00677	0.00210	0.00676	0.00658	0.03841	0.01111
26	0.00809	0.00693	0.00693	0.00693	0.00924	0.00578	0.00520	0.00982	0.01559	0.01848	0.06931	0.06584	0.71411	0.01733	0.00809	0.00231	0.00347	0.01444	0.00635	0.00578
27	0.00968	0.00699	0.00914	0.00861	0.01022	0.00646	0.00646	0.01291	0.01937	0.02743	0.71328	0.05110	0.06455	0.01399	0.00807	0.00215	0.00323	0.01237	0.00753	0.00646
28	0.01375	0.01360	0.02479	0.56783	0.07767	0.01567	0.15192	0.01853	0.01426	0.01859	0.01253	0.01822	0.00945	0.00659	0.00708	0.00227	0.00955	0.00647	0.00314	0.00808
29	0.01703	0.01576	0.02288	0.14983	0.39832	0.05077	0.01748	0.09724	0.04474	0.02372	0.01760	0.02065	0.05712	0.00742	0.00680	0.00208	0.00788	0.00664	0.02625	0.00979
30	0.02620	0.01885	0.02034	0.01559	0.02106	0.02075	0.01288	0.66653	0.03164	0.07141	0.01687	0.01671	0.01186	0.00822	0.00685	0.00206	0.00746	0.00619	0.00691	0.01164
31	0.05036	0.17633	0.05111	0.04197	0.02047	0.28402	0.01268	0.04808	0.01780	0.19321	0.01468	0.01525	0.01088	0.00727	0.00641	0.00188	0.02866	0.00503	0.00470	0.00920
32	0.00843	0.00690	0.00744	0.00739	0.00947	0.00591	0.00551	0.01045	0.01628	0.02031	0.20278	0.09150	0.55026	0.01680	0.00811	0.00230	0.00344	0.01422	0.00660	0.00591
33	0.04244	0.01722	0.04709	0.17037	0.22339	0.14561	0.06087	0.01931	0.01528	0.01962	0.01699	0.15756	0.01648	0.00936	0.00704	0.00220	0.00851	0.00835	0.00392	0.00839
34	0.01648	0.01274	0.01485	0.01084	0.01675	0.01038	0.00872	0.07180	0.03705	0.07857	0.01413	0.01542	0.01111	0.00571	0.00540	0.00122	0.00533	0.00455	0.00470	0.65425
35	0.07723	0.09687	0.01732	0.01324	0.01741	0.01772	0.01064	0.03326	0.54879	0.05533	0.02442	0.02275	0.01838	0.00865	0.00647	0.00220	0.00563	0.00695	0.00637	0.01038
36	0.01829	0.76368	0.03585	0.01171	0.01756	0.02707	0.01171	0.02049	0.01390	0.01610	0.00951	0.01097	0.00878	0.00585	0.00439	0.00146	0.00732	0.00366	0.00293	0.00878
37	0.01702	0.01470	0.01547	0.01392	0.01779	0.01702	0.01083	0.03635	0.70453	0.02862	0.02785	0.02553	0.02088	0.00928	0.00696	0.00232	0.00541	0.00773	0.00696	0.01083
38	0.00968	0.00699	0.00914	0.00861	0.01022	0.00646	0.00646	0.01291	0.01937	0.02743	0.71328	0.05110	0.06455	0.01399	0.00807	0.00215	0.00323	0.01237	0.00753	0.00646
39	0.00834	0.00595	0.00794	0.00953	0.00992	0.00556	0.00635	0.00953	0.01310	0.01746	0.03771	0.75510	0.04525	0.02143	0.00873	0.00278	0.00397	0.01945	0.00635	0.00556
40	0.01372	0.03539	0.72412	0.01950	0.02961	0.01589	0.02528	0.02167	0.01444	0.02167	0.01228	0.01444	0.00867	0.00650	0.00650	0.00217	0.01011	0.00506	0.00289	0.01011
41	0.00809	0.00693	0.00693	0.00693	0.00924	0.00578	0.00520	0.00982	0.01559	0.01848	0.06931	0.06584	0.71411	0.01733	0.00809	0.00231	0.00347	0.01444	0.00635	0.00578
42	0.80789	0.01323	0.01006	0.00900	0.01323	0.01535	0.00741	0.02011	0.01164	0.03070	0.00953	0.01111	0.00741	0.00635	0.00423	0.00212	0.00529	0.00370	0.00423	0.00741
43	0.01419	0.01216	0.01419	0.01013	0.01621	0.00912	0.00811	0.01723	0.01419	0.02229	0.01216	0.01419	0.01013	0.00507	0.00507	0.00101	0.00507	0.00405	0.00405	0.80139
44	0.80789	0.01323	0.01006	0.00900	0.01323	0.01535	0.00741	0.02011	0.01164	0.03070	0.00953	0.01111	0.00741	0.00635	0.00423	0.00212	0.00529	0.00370	0.00423	0.00741
45	0.01702	0.01470	0.01547	0.01392	0.01779	0.01702	0.01083	0.03635	0.70453	0.02862	0.02785	0.02553	0.02088	0.00928	0.00696	0.00232	0.00541	0.00773	0.00696	0.01083
46	0.80789	0.01323	0.01006	0.00900	0.01323	0.01535	0.00741	0.02011	0.01164	0.03070	0.00953	0.01111	0.00741	0.00635	0.00423	0.00212	0.00529	0.00370	0.00423	0.00741
47	0.02556	0.03261	0.01939	0.01763	0.02115	0.73210	0.01322	0.02732	0.01939	0.01674	0.01058	0.01234	0.00881	0.00705	0.00617	0.00176	0.01234	0.00441	0.00353	0.00793
48	0.00834	0.00595	0.00794	0.00953	0.00992	0.00556	0.00635	0.00953	0.01310	0.01746	0.03771	0.75510	0.04525	0.02143	0.00873	0.00278	0.00397	0.01945	0.00635	0.00556
49	0.01702	0.01470	0.01547	0.01392	0.01779	0.01702	0.01083	0.03635	0.70453	0.02862	0.02785	0.02553	0.02088	0.00928	0.00696	0.00232	0.00541	0.00773	0.00696	0.01083
50	0.00878	0.00628	0.00843	0.00989	0.01052	0.00592	0.00699	0.01036	0.01382	0.01845	0.07662	0.62190	0.04557	0.02066	0.00879	0.00279	0.00424	0.10786	0.00641	0.00571
51	0.01605	0.01625	0.05414	0.17279	0.56371	0.01604	0.02079	0.02036	0.01518	0.02141	0.01271	0.01708	0.01043	0.00625	0.00677	0.00208	0.00839	0.00605	0.00330	0.01020
52	0.00834	0.00595	0.00794	0.00953	0.00992	0.00556	0.00635	0.00953	0.01310	0.01746	0.03771	0.75510	0.04525	0.02143	0.00873	0.00278	0.00397	0.01945	0.00635	0.00556
53	0.00834	0.00595	0.00794	0.00953	0.00992	0.00556	0.00635	0.00953	0.01310	0.01746	0.03771	0.75510	0.04525	0.02143	0.00873	0.00278	0.00397	0.01945	0.00635	0.00556
54	0.01381	0.03475	0.69843	0.01985	0.02984	0.01594	0.05032	0.02168	0.01451	0.02168	0.01234	0.01459	0.00873	0.00647	0.00656	0.00217	0.01016	0.00517	0.00291	0.01008
55	0.02210	0.00974	0.01312	0.01071	0.01450	0.00858	0.00858	0.02498	0.01949	0.43751	0.30787	0.03467	0.03642	0.01073	0.00737	0.00213	0.00476	0.00913	0.00808	0.00952
56	0.02972	0.01321	0.01685	0.01292	0.01825	0.01238	0.01067	0.17124	0.02221	0.58002	0.02479	0.02185	0.01583	0.00841	0.00687	0.00210	0.00618	0.00673	0.00813	0.01164
57	0.01650	0.06562	0.10629	0.08322	0.20693	0.04134	0.15276	0.05318	0.01520	0.02104	0.01203	0.01611	0.00983	0.00746	0.01007	0.00228	0.16131	0.00615	0.00338	0.00931
58	0.01725	0.03946	0.07734	0.11359	0.40116	0.08367	0.01894	0.05753	0.01603	0.02162	0.01252	0.01641	0.01032	0.00800	0.02702	0.00233	0.05772	0.00582	0.00348	0.00978
59	0.00968	0.00699	0.00914	0.00861	0.01022	0.00646	0.00646	0.01291	0.01937	0.02743	0.71328	0.05110	0.06455	0.01399	0.00807	0.00215	0.00323	0.01237	0.00753	0.00646
60	0.00937	0.00724	0.00886	0.00840	0.01018	0.00672	0.00635	0.01208	0.01793	0.02435	0.49403	0.05441	0.26064	0.01494	0.00854	0.00223	0.02764	0.01279	0.00702	0.00628
61	0.03070	0.01164	0.01588	0.01217	0.01746	0.01006	0.01006	0.03334	0.01958	0.72163	0.02699	0.02329	0.01694	0.00847	0.00688	0.00212	0.00582	0.00688	0.00847	0.01164
62	0.00912	0.00693	0.00814	0.00786	0.00956	0.00622	0.00574	0.01144	0.01694	0.02256	0.39799	0.05592	0.30267	0.09602	0.01097	0.00270	0.00369	0.01288	0.00672	0.00595
63	0.01372	0.03539	0.72412	0.01950	0.02961	0.01589	0.02528	0.02167	0.01444	0.02167	0.01228	0.01444	0.00867	0.00650	0.00650	0.00217	0.01011	0.00506	0.00289	0.01011
64	0.00818	0.00679	0.00715	0.00737	0.00937	0.00577	0.00541	0.00988	0.01536	0.01863	0.08631	0.16598	0.59465	0.01781	0.00818	0.00237	0.00353	0.01510	0.00639	0.00577
65	0.01829	0.76368	0.03585	0.01171	0.01756	0.02707	0.01171	0.02049	0.01390	0.01610	0.00951	0.01097	0.00878	0.00585	0.00439	0.00146	0.00732	0.00366	0.00293	0.00878
66	0.05012	0.01653	0.04708	0.03254	0.47081	0.04468	0.01820	0.02042	0.01458	0.04732	0.01251	0.01656	0.01054	0.00800	0.00998	0.04130	0.11970	0.00590	0.00352	0.00969
67	0.01292	0.01216	0.02052	0.74312	0.04712	0.01520	0.01900	0.01748	0.01368	0.01748	0.01216	0.01824	0.00912	0.00684	0.00684	0.00228	0.00912	0.00608	0.00304	0.00760
68	0.01092	0.00780	0.01090	0.01248	0.01400	0.00778	0.01084	0.01399	0.01564	0.02035	0.03628	0.10450	0.03961	0.01900	0.00942	0.00313	0.00621	0.64458	0.00630	0.00627
69	0.01060	0.00718	0.00935	0.00875	0.01053	0.00657	0.00658	0.01367	0.01900	0.06071	0.62982	0.07669	0.08624	0.01412	0.00804	0.00218	0.00339	0.01245	0.00749	0.00665
70	0.01496	0.10519	0.52755	0.01936	0.02829	0.04703	0.09595	0.02167	0.01478	0.02095	0.01210	0.01444	0.00892	0.00633	0.00640	0.00206	0.00992	0.00519	0.00302	0.03591
71	0.01198	0.00768	0.00882	0.00812	0.01075	0.00660	0.00624	0.01419	0.01706	0.13053	0.20569	0.05591	0.46074	0.01520	0.00789	0.00224	0.00378	0.01280	0.00695	0.00684
72	0.00834	0.00595	0.00794	0.00953	0.00992	0.00556	0.00635	0.00953	0.01310	0.01746	0.03771	0.75510	0.04525	0.02143	0.00873	0.00278	0.00397	0.01945	0.00635	0.00556
73	0.03745	0.01919	0.12810	0.23786	0.03008	0.08921	0.06932	0.01916	0.01340	0.01840	0.01099	0.01577	0.00902	0.00847	0.01208	0.00245	0.26202	0.00581	0.00312	0.00809
74	0.01720	0.01783	0.05179	0.08319	0.55267	0.06993	0.01982	0.02221	0.05801	0.02197	0.01355	0.01711	0.01111	0.00643	0.00673	0.00205	0.00842	0.00603	0.00358	0.01038
75	0.01292	0.01216	0.02052	0.74312	0.04712	0.01520	0.01900	0.01748	0.01368	0.01748	0.01216	0.01824	0.00912	0.00684	0.00684	0.00228	0.00912	0.00608	0.00304	0.00760
76	0.01320	0.00827	0.01060	0.00954	0.01184	0.00782	0.00731	0.01766	0.07547	0.12378	0.56203	0.04515	0.05438	0.01284	0.00781	0.00216	0.00377	0.01123	0.00761	0.00753
77	0.02494	0.01335	0.01614	0.01295	0.01745	0.01329	0.01045	0.26795	0.02314	0.34752	0.04695	0.13228	0.02083	0.01051	0.00719	0.00219	0.00607	0.00870	0.00753	0.01055
78	0.01499	0.18594	0.47408	0.04579	0.07951	0.01831	0.04875	0.02123	0.01446	0.02040	0.01180	0.01420	0.00894	0.00632	0.00615	0.00202	0.00939	0.00500	0.00296	0.00976
79	0.01614	0.01472	0.02165	0.29360	0.05020	0.03827	0.08752	0.12574	0.01648	0.02247	0.01363	0.03571	0.01111	0.00842	0.01008	0.00234	0.16084	0.00658	0.05612	0.00836
80	0.72100	0.01397	0.03224	0.01010	0.01465	0.01517	0.03017	0.02086	0.01226	0.06398	0.01060	0.01204	0.00801	0.00644	0.00455	0.00212	0.00566	0.00404	0.00438	0.00775
81	0.00980	0.00700	0.00887	0.03661	0.01107	0.00694	0.00645	0.03870	0.01336	0.01789	0.07164	0.44347	0.03760	0.23908	0.01629	0.00384	0.00506	0.01515	0.00566	0.00552
82	0.04282	0.02141	0.18772	0.07809	0.08317	0.04481	0.29040	0.04492	0.01615	0.07856	0.01400	0.01714	0.01030	0.00661	0.00766	0.00222	0.03407	0.00657	0.00382	0.00954
83	0.03820	0.57329	0.07630	0.01316	0.01852	0.07839	0.01288	0.02069	0.01397	0.01690	0.00972	0.01168	0.00876	0.00657	0.00635	0.00169	0.07726	0.00402	0.00301	0.00864
84	0.01490	0.01429	0.02462	0.39163	0.35683	0.01577	0.04521	0.01927	0.01465	0.01990	0.01255	0.01764	0.00996	0.00646	0.00686	0.00217	0.00875	0.00616	0.00322	0.00916
85	0.00831	0.00605	0.00784	0.00927	0.00985	0.00558	0.00624	0.00956	0.01335	0.01757	0.04086	0.68639	0.11193	0.02102	0.00867	0.00273	0.00392	0.01895	0.00635	0.00558
86	0.01796	0.07292	0.01858	0.10127	0.04460	0.12573	0.01254	0.04739	0.38527	0.02431	0.02050	0.02076	0.01574	0.00830	0.00699	0.00215	0.02783	0.00654	0.03097	0.00964
87	0.00912	0.00684	0.00844	0.00831	0.00994	0.00617	0.00613	0.01171	0.01763	0.02394	0.46749	0.14519	0.22245	0.01577	0.00816	0.00227	0.00338	0.01379	0.00709	0.00617
88	0.00821	0.00686	0.00709	0.00717	0.00926	0.00581	0.00528	0.00990	0.01538	0.01854	0.08653	0.11075	0.62746	0.04012	0.00894	0.00247	0.00359	0.01457	0.00632	0.00573
89	0.01576	0.01417	0.06493	0.04995	0.01955	0.04005	0.13729	0.09146	0.06838	0.02562	0.01841	0.02123	0.01416	0.00764	0.00671	0.00196	0.03412	0.00658	0.35381	0.00821
90	0.04807	0.01848	0.08916	0.06383	0.45344	0.03543	0.14907	0.02122	0.01546	0.02219	0.01278	0.01671	0.01030	0.00613	0.00688	0.00210	0.00899	0.00624	0.00338	0.01012
91	0.01829	0.76368	0.03585	0.01171	0.01756	0.02707	0.01171	0.02049	0.01390	0.01610	0.00951	0.01097	0.00878	0.00585	0.00439	0.00146	0.00732	0.00366	0.00293	0.00878
92	0.02783	0.01101	0.01496	0.01169	0.01648	0.00956	0.00956	0.03056	0.01955	0.62697	0.12057	0.02708	0.02343	0.00922	0.00704	0.00212	0.00547	0.00763	0.00834	0.01094
93	0.00870	0.00621	0.00835	0.00994	0.01049	0.00587	0.00698	0.01015	0.01345	0.01787	0.03751	0.66428	0.04446	0.02109	0.00883	0.00283	0.00428	0.10672	0.00634	0.00566
94	0.01651	0.01582	0.02700	0.11598	0.64621	0.01614	0.02079	0.02063	0.01538	0.02184	0.01279	0.01707	0.01066	0.00617	0.00678	0.00206	0.00823	0.00609	0.00335	0.01050
95	0.01969	0.01319	0.01486	0.01291	0.01690	0.01430	0.01016	0.03343	0.47210	0.19549	0.07251	0.02667	0.02269	0.00935	0.00694	0.00224	0.00530	0.00779	0.03289	0.01059
96	0.01480	0.21279	0.47358	0.01768	0.05114	0.01803	0.02039	0.02074	0.01429	0.02019	0.01252	0.04015	0.01014	0.00680	0.00601	0.00196	0.00892	0.00522	0.00309	0.04154
97	0.00982	0.00658	0.00750	0.00763	0.00766	0.00655	0.00432	0.00991	0.01020	0.01361	0.02287	0.10249	0.02653	0.69958	0.03270	0.00632	0.00642	0.01072	0.00432	0.00426
98	0.01464	0.01243	0.01443	0.01035	0.01640	0.00958	0.00829	0.04301	0.01487	0.02309	0.01232	0.01427	0.01019	0.00519	0.00513	0.00105	0.00516	0.00413	0.00416	0.77130
99	0.01520	0.01930	0.14181	0.11508	0.05054	0.04242	0.23545	0.01989	0.01451	0.02042	0.01224	0.01626	0.00965	0.00683	0.00904	0.00212	0.11315	0.00613	0.00335	0.14660
100	0.00995	0.00663	0.00746	0.00746	0.00746	0.00663	0.00415	0.00995	0.00995	0.01327	0.02156	0.04477	0.02487	0.75957	0.03482	0.00663	0.00663	0.00995	0.00415	0.00415
101	0.01885	0.70740	0.03458	0.01216	0.01784	0.08135	0.01182	0.02101	0.01432	0.01615	0.00959	0.01108	0.00878	0.00595	0.00453	0.00149	0.00770	0.00372	0.00297	0.00871
102	0.00831	0.00606	0.00783	0.00925	0.00985	0.00558	0.00623	0.00956	0.01336	0.01757	0.04108	0.68160	0.11657	0.02100	0.00866	0.00273	0.00392	0.01891	0.00635	0.00558
103	0.00983	0.00708	0.00936	0.00916	0.01074	0.00662	0.00706	0.01299	0.01872	0.02625	0.60550	0.07316	0.06070	0.01484	0.00827	0.00230	0.00366	0.10003	0.00734	0.00641
104	0.00968	0.00699	0.00914	0.00861	0.01022	0.00646	0.00646	0.01291	0.01937	0.02743	0.71328	0.05110	0.06455	0.01399	0.00807	0.00215	0.00323	0.01237	0.00753	0.00646
105	0.03070	0.01164	0.01588	0.01217	0.01746	0.01006	0.01006	0.03334	0.01958	0.72163	0.02699	0.02329	0.01694	0.00847	0.00688	0.00212	0.00582	0.00688	0.00847	0.01164
106	0.02556	0.03261	0.01939	0.01763	0.02115	0.73210	0.01322	0.02732	0.01939	0.01674	0.01058	0.01234	0.00881	0.00705	0.00617	0.00176	0.01234	0.00441	0.00353	0.00793
107	0.00809	0.00693	0.00693	0.00693	0.00924	0.00578	0.00520	0.00982	0.01559	0.01848	0.06931	0.06584	0.71411	0.01733	0.00809	0.00231	0.00347	0.01444	0.00635	0.00578
108	0.01419	0.01216	0.01419	0.01013	0.01621	0.00912	0.00811	0.01723	0.01419	0.02229	0.01216	0.01419	0.01013	0.00507	0.00507	0.00101	0.00507	0.00405	0.00405	0.80139
109	0.00977	0.00733	0.01100	0.01100	0.01222	0.00855	0.00855	0.01222	0.01100	0.01588	0.01833	0.02688	0.01710	0.05131	0.73245	0.01100	0.01833	0.00733	0.00367	0.00611
110	0.46498	0.01946	0.01665	0.01401	0.01841	0.21446	0.08988	0.05064	0.01518	0.02632	0.01061	0.01254	0.00833	0.00655	0.00533	0.00204	0.00807	0.00452	0.00406	0.00795
111	0.00809	0.00693	0.00693	0.00693	0.00924	0.00578	0.00520	0.00982	0.01559	0.01848	0.06931	0.06584	0.71411	0.01733	0.00809	0.00231	0.00347	0.01444	0.00635	0.00578
112	0.02601	0.01916	0.02053	0.01574	0.02122	0.02122	0.01300	0.69408	0.03217	0.04312	0.01643	0.01643	0.01163	0.00821	0.00684	0.00205	0.00753	0.00616	0.00684	0.01163
113	0.02601	0.01916	0.02053	0.01574	0.02122	0.02122	0.01300	0.69408	0.03217	0.04312	0.01643	0.01643	0.01163	0.00821	0.00684	0.00205	0.00753	0.00616	0.00684	0.01163
114	0.01419	0.01216	0.01419	0.01013	0.01621	0.00912	0.00811	0.01723	0.01419	0.02229	0.01216	0.01419	0.01013	0.00507	0.00507	0.00101	0.00507	0.00405	0.00405	0.80139
115	0.00834	0.00595	0.00794	0.00953	0.00992	0.00556	0.00635	0.00953	0.01310	0.01746	0.03771	0.75510	0.04525	0.02143	0.00873	0.00278	0.00397	0.01945	0.00635	0.00556
116	0.00928	0.00686	0.00867	0.00847	0.01004	0.00625	0.00625	0.01204	0.01805	0.02490	0.53595	0.13775	0.15937	0.01538	0.00815	0.00225	0.00335	0.01353	0.00721	0.00625
117	0.02491	0.01105	0.01411	0.01134	0.01591	0.00995	0.00920	0.02912	0.09000	0.51403	0.03524	0.03172	0.15176	0.01026	0.00712	0.00218	0.00532	0.00843	0.00790	0.01043
118	0.01693	0.01626	0.02777	0.04199	0.71689	0.01626	0.02100	0.02100	0.01558	0.02235	0.01287	0.01693	0.01084	0.00610	0.00677	0.00203	0.00813	0.00610	0.00339	0.01084
119	0.00834	0.00595	0.00794	0.00953	0.00992	0.00556	0.00635	0.00953	0.01310	0.01746	0.03771	0.75510	0.04525	0.02143	0.00873	0.00278	0.00397	0.01945	0.00635	0.00556
120	0.00964	0.00695	0.00914	0.00888	0.01039	0.00645	0.00667	0.01270	0.01869	0.02630	0.62600	0.10879	0.06177	0.01482	0.00819	0.00225	0.00344	0.04518	0.00738	0.00638
121	0.00981	0.00718	0.01024	0.01024	0.01119	0.00814	0.00760	0.01173	0.01077	0.01532	0.01902	0.03073	0.01877	0.20366	0.58239	0.01006	0.01581	0.00789	0.00377	0.00569
122	0.80789	0.01323	0.01006	0.00900	0.01323	0.01535	0.00741	0.02011	0.01164	0.03070	0.00953	0.01111	0.00741	0.00635	0.00423	0.00212	0.00529	0.00370	0.00423	0.00741
123	0.07229	0.01456	0.01850	0.06103	0.15971	0.01535	0.01303	0.16939	0.14987	0.13968	0.07234	0.02168	0.01766	0.00816	0.00672	0.00210	0.00650	0.00680	0.00599	0.03865

[dist]
# distance from previous block
# <min> <max>
0	2

[block]
# block no. 1 follows, 31 sequences, length 111
# corresponding to MSA columns:
# 231-341
name=unknown_B
#
# <colnr> <probs for GDERKNQSTAVLIFYWHMCP>
#	G	D	E	R	K	N	Q	S	T	A	V	L	I	F	Y	W	H	M	C	P
0	0.02051	0.02346	0.01808	0.09721	0.03942	0.40231	0.01304	0.04985	0.11183	0.01964	0.01764	0.01942	0.05877	0.01017	0.03890	0.00240	0.03884	0.00602	0.00424	0.00826
1	0.01780	0.01450	0.01789	0.05926	0.04504	0.01437	0.03580	0.16283	0.12697	0.05123	0.01599	0.01729	0.01230	0.00698	0.00684	0.00172	0.03869	0.00560	0.00510	0.34379
2	0.00992	0.00675	0.00805	0.00805	0.00826	0.00695	0.00488	0.01033	0.01012	0.01370	0.02102	0.04178	0.02357	0.64114	0.15147	0.00736	0.00859	0.00951	0.00407	0.00447
3	0.04130	0.01220	0.02015	0.71691	0.04591	0.01521	0.01859	0.01757	0.01361	0.01795	0.01207	0.01799	0.00906	0.00682	0.00675	0.00227	0.00898	0.00600	0.00308	0.00759
4	0.04874	0.01885	0.02006	0.01548	0.02087	0.02091	0.01277	0.65323	0.05304	0.04229	0.01659	0.01656	0.01181	0.00819	0.00677	0.00206	0.00739	0.00614	0.00677	0.01148
5	0.15886	0.01150	0.01423	0.01132	0.01613	0.01059	0.00927	0.02925	0.01785	0.55033	0.02631	0.04902	0.04693	0.00896	0.00656	0.00215	0.00556	0.00713	0.00759	0.01046
6	0.01702	0.01470	0.01547	0.01392	0.01779	0.01702	0.01083	0.03635	0.70453	0.02862	0.02785	0.02553	0.02088	0.00928	0.00696	0.00232	0.00541	0.00773	0.00696	0.01083
7	0.00841	0.00598	0.00792	0.00944	0.00982	0.00560	0.00625	0.00954	0.01296	0.01728	0.03700	0.72394	0.04435	0.05382	0.00988	0.00295	0.00409	0.01903	0.00625	0.00549
8	0.00834	0.00595	0.00794	0.00953	0.00992	0.00556	0.00635	0.00953	0.01310	0.01746	0.03771	0.75510	0.04525	0.02143	0.00873	0.00278	0.00397	0.01945	0.00635	0.00556
9	0.00834	0.00595	0.00794	0.00953	0.00992	0.00556	0.00635	0.00953	0.01310	0.01746	0.03771	0.75510	0.04525	0.02143	0.00873	0.00278	0.00397	0.01945	0.00635	0.00556
10	0.01615	0.01845	0.04037	0.02884	0.03576	0.01730	0.69204	0.02191	0.01615	0.02191	0.01384	0.01845	0.01038	0.00577	0.00807	0.00231	0.01153	0.00807	0.00346	0.00923
11	0.01693	0.01626	0.02777	0.04199	0.71689	0.01626	0.02100	0.02100	0.01558	0.02235	0.01287	0.01693	0.01084	0.00610	0.00677	0.00203	0.00813	0.00610	0.00339	0.01084
12	0.01372	0.03539	0.72412	0.01950	0.02961	0.01589	0.02528	0.02167	0.01444	0.02167	0.01228	0.01444	0.00867	0.00650	0.00650	0.00217	0.01011	0.00506	0.00289	0.01011
13	0.00995	0.00663	0.00746	0.00746	0.00746	0.00663	0.00415	0.00995	0.00995	0.01327	0.02156	0.04477	0.02487	0.75957	0.03482	0.00663	0.00663	0.00995	0.00415	0.00415
14	0.02997	0.01281	0.01660	0.01273	0.01805	0.01179	0.01051	0.13580	0.02153	0.61641	0.02535	0.02222	0.01611	0.00843	0.00687	0.00211	0.00609	0.00677	0.00822	0.01164
15	0.01271	0.01193	0.01993	0.71094	0.04546	0.01479	0.01840	0.01714	0.01376	0.01752	0.01466	0.02032	0.03994	0.00730	0.00689	0.00228	0.00887	0.00645	0.00318	0.00752
16	0.01292	0.01216	0.02052	0.74312	0.04712	0.01520	0.01900	0.01748	0.01368	0.01748	0.01216	0.01824	0.00912	0.00684	0.00684	0.00228	0.00912	0.00608	0.00304	0.00760
17	0.00834	0.00595	0.00794	0.00953	0.00992	0.00556	0.00635	0.00953	0.01310	0.01746	0.03771	0.75510	0.04525	0.02143	0.00873	0.00278	0.00397	0.01945	0.00635	0.00556
18	0.00849	0.00607	0.00810	0.00960	0.01009	0.00568	0.00652	0.00983	0.01345	0.01798	0.06530	0.70193	0.04583	0.02104	0.00873	0.00277	0.00402	0.04257	0.00640	0.00562
19	0.03049	0.01197	0.01608	0.01233	0.01763	0.01054	0.01018	0.06223	0.02013	0.69196	0.02653	0.02299	0.01670	0.00846	0.00688	0.00211	0.00590	0.00685	0.00840	0.01164
20	0.02360	0.08546	0.04303	0.02019	0.10671	0.55168	0.01442	0.04230	0.01867	0.01818	0.01097	0.01296	0.00912	0.00685	0.00614	0.00179	0.01126	0.00462	0.00353	0.00851
21	0.01419	0.01216	0.01419	0.01013	0.01621	0.00912	0.00811	0.01723	0.01419	0.02229	0.01216	0.01419	0.01013	0.00507	0.00507	0.00101	0.00507	0.00405	0.00405	0.80139
22	0.80789	0.01323	0.01006	0.00900	0.01323	0.01535	0.00741	0.02011	0.01164	0.03070	0.00953	0.01111	0.00741	0.00635	0.00423	0.00212	0.00529	0.00370	0.00423	0.00741
23	0.01814	0.74015	0.05809	0.01196	0.01795	0.02671	0.01214	0.02052	0.01392	0.01628	0.00960	0.01109	0.00878	0.00587	0.00446	0.00149	0.00741	0.00370	0.00293	0.00882
24	0.02559	0.01892	0.02031	0.01554	0.02104	0.02079	0.01283	0.67012	0.03153	0.04238	0.01627	0.01635	0.01158	0.00810	0.00678	0.00202	0.00744	0.00608	0.00675	0.03959
25	0.01489	0.20459	0.54083	0.01842	0.04930	0.01851	0.02197	0.02137	0.01435	0.02039	0.01165	0.01372	0.00876	0.00634	0.00602	0.00200	0.00939	0.00476	0.00291	0.00982
26	0.00992	0.00676	0.00811	0.00811	0.00834	0.00699	0.00496	0.01037	0.01014	0.01375	0.02096	0.04147	0.02344	0.62912	0.16331	0.00744	0.00879	0.00947	0.00406	0.00451
27	0.02561	0.03100	0.01952	0.01740	0.02116	0.64722	0.01319	0.10693	0.02091	0.01989	0.01127	0.01283	0.00915	0.00719	0.00625	0.00180	0.01176	0.00462	0.00392	0.00837
28	0.01292	0.01216	0.02052	0.74312	0.04712	0.01520	0.01900	0.01748	0.01368	0.01748	0.01216	0.01824	0.00912	0.00684	0.00684	0.00228	0.00912	0.00608	0.00304	0.00760
29	0.00834	0.00595	0.00794	0.00953	0.00992	0.00556	0.00635	0.00953	0.01310	0.01746	0.03771	0.75510	0.04525	0.02143	0.00873	0.00278	0.00397	0.01945	0.00635	0.00556
30	0.03030	0.01227	0.01627	0.01247	0.01778	0.01099	0.01030	0.08865	0.02063	0.66483	0.02611	0.02271	0.01649	0.00845	0.00688	0.00211	0.00596	0.00682	0.00833	0.01164
31	0.00968	0.00699	0.00914	0.00861	0.01022	0.00646	0.00646	0.01291	0.01937	0.02743	0.71328	0.05110	0.06455	0.01399	0.00807	0.00215	0.00323	0.01237	0.00753	0.00646
32	0.02556	0.03261	0.01939	0.01763	0.02115	0.73210	0.01322	0.02732	0.01939	0.01674	0.01058	0.01234	0.00881	0.00705	0.00617	0.00176	0.01234	0.00441	0.00353	0.00793
33	0.00968	0.00699	0.00914	0.00861	0.01022	0.00646	0.00646	0.01291	0.01937	0.02743	0.71328	0.05110	0.06455	0.01399	0.00807	0.00215	0.00323	0.01237	0.00753	0.00646
34	0.01749	0.01680	0.02691	0.03957	0.65247	0.03812	0.02020	0.04340	0.03679	0.02304	0.01336	0.01703	0.01110	0.00629	0.00676	0.00203	0.00815	0.00610	0.00361	0.01077
35	0.00834	0.00595	0.00794	0.00953	0.00992	0.00556	0.00635	0.00953	0.01310	0.01746	0.03771	0.75510	0.04525	0.02143	0.00873	0.00278	0.00397	0.01945	0.00635	0.00556
36	0.00950	0.00685	0.00902	0.00894	0.01034	0.00636	0.00664	0.01237	0.01811	0.02538	0.56486	0.17596	0.06006	0.01551	0.00825	0.00231	0.00349	0.04250	0.00727	0.00629
37	0.02994	0.01148	0.01563	0.01204	0.01720	0.00993	0.00993	0.03261	0.01957	0.69668	0.05166	0.02429	0.01865	0.00867	0.00692	0.00212	0.00573	0.00708	0.00843	0.01146
38	0.01775	0.60962	0.15602	0.01329	0.01980	0.05045	0.01414	0.02094	0.01419	0.01710	0.01003	0.01163	0.00876	0.00601	0.00482	0.00160	0.00799	0.00393	0.00294	0.00898
39	0.00968	0.00699	0.00914	0.00861	0.01022	0.00646	0.00646	0.01291	0.01937	0.02743	0.71328	0.05110	0.06455	0.01399	0.00807	0.00215	0.00323	0.01237	0.00753	0.00646
40	0.01416	0.03175	0.59092	0.04353	0.09318	0.01600	0.07252	0.02150	0.01465	0.02162	0.01244	0.01507	0.00900	0.00642	0.00665	0.00217	0.01000	0.00540	0.00298	0.01004
41	0.01066	0.00789	0.00957	0.00918	0.00919	0.00880	0.00592	0.01094	0.01017	0.01394	0.02030	0.07055	0.02328	0.61222	0.03179	0.00590	0.12117	0.00974	0.00406	0.00472
42	0.01081	0.00748	0.00960	0.00886	0.01074	0.00695	0.00671	0.03150	0.01957	0.05262	0.64515	0.04975	0.08657	0.01376	0.00799	0.00215	0.00344	0.01209	0.00750	0.00675
43	0.01102	0.00787	0.01102	0.01260	0.01417	0.00787	0.01102	0.01417	0.01575	0.02047	0.03622	0.07717	0.03937	0.01890	0.00945	0.00315	0.00630	0.67084	0.00630	0.00630
44	0.02019	0.57265	0.03155	0.01325	0.01850	0.21130	0.01210	0.02227	0.01533	0.01627	0.00979	0.01133	0.00879	0.00617	0.00485	0.00154	0.00863	0.00385	0.00308	0.00856
45	0.00968	0.00699	0.00914	0.00861	0.01022	0.00646	0.00646	0.01291	0.01937	0.02743	0.71328	0.05110	0.06455	0.01399	0.00807	0.00215	0.00323	0.01237	0.00753	0.00646
46	0.02601	0.01916	0.02053	0.01574	0.02122	0.02122	0.01300	0.69408	0.03217	0.04312	0.01643	0.01643	0.01163	0.00821	0.00684	0.00205	0.00753	0.00616	0.00684	0.01163
47	0.01693	0.01626	0.02777	0.04199	0.71689	0.01626	0.02100	0.02100	0.01558	0.02235	0.01287	0.01693	0.01084	0.00610	0.00677	0.00203	0.00813	0.00610	0.00339	0.01084
48	0.01349	0.01274	0.02156	0.64296	0.14280	0.01535	0.01929	0.01798	0.01395	0.01818	0.01226	0.01805	0.00937	0.00673	0.00683	0.00224	0.00898	0.00608	0.00309	0.00806
49	0.01702	0.56085	0.22753	0.01388	0.02092	0.02396	0.01549	0.02081	0.01405	0.01765	0.01028	0.01194	0.00875	0.00603	0.00498	0.00166	0.00809	0.00405	0.00292	0.00915
50	0.00995	0.00663	0.00746	0.00746	0.00746	0.00663	0.00415	0.00995	0.00995	0.01327	0.02156	0.04477	0.02487	0.75957	0.03482	0.00663	0.00663	0.00995	0.00415	0.00415
51	0.00889	0.00642	0.00834	0.00900	0.00994	0.00594	0.00628	0.01085	0.01552	0.02121	0.29781	0.43408	0.08130	0.04000	0.00921	0.00263	0.00374	0.01624	0.00674	0.00587
52	0.01419	0.01216	0.01419	0.01013	0.01621	0.00912	0.00811	0.01723	0.01419	0.02229	0.01216	0.01419	0.01013	0.00507	0.00507	0.00101	0.00507	0.00405	0.00405	0.80139
53	0.01537	0.00977	0.01084	0.03048	0.01312	0.00947	0.00732	0.11713	0.01738	0.05399	0.04649	0.02444	0.04717	0.00808	0.00555	0.00165	0.00447	0.00649	0.41564	0.15515
54	0.01419	0.01216	0.01419	0.01013	0.01621	0.00912	0.00811	0.01723	0.01419	0.02229	0.01216	0.01419	0.01013	0.00507	0.00507	0.00101	0.00507	0.00405	0.00405	0.80139
55	0.01678	0.01610	0.02749	0.06912	0.69097	0.01621	0.02092	0.02086	0.01550	0.02216	0.01284	0.01698	0.01077	0.00612	0.00678	0.00204	0.00817	0.00610	0.00337	0.01071
56	0.00968	0.00699	0.00914	0.00861	0.01022	0.00646	0.00646	0.01291	0.01937	0.02743	0.71328	0.05110	0.06455	0.01399	0.00807	0.00215	0.00323	0.01237	0.00753	0.00646
57	0.01829	0.76368	0.03585	0.01171	0.01756	0.02707	0.01171	0.02049	0.01390	0.01610	0.00951	0.01097	0.00878	0.00585	0.00439	0.00146	0.00732	0.00366	0.00293	0.00878
58	0.02601	0.01916	0.02053	0.01574	0.02122	0.02122	0.01300	0.69408	0.03217	0.04312	0.01643	0.01643	0.01163	0.00821	0.00684	0.00205	0.00753	0.00616	0.00684	0.01163
59	0.02616	0.01892	0.02038	0.01562	0.02109	0.02085	0.01291	0.67245	0.03175	0.06533	0.01677	0.01665	0.01181	0.00822	0.00685	0.00206	0.00747	0.00618	0.00690	0.01163
60	0.00964	0.00696	0.00910	0.00864	0.01021	0.00642	0.00645	0.01279	0.01915	0.02709	0.68996	0.07540	0.06389	0.01424	0.00809	0.00217	0.00325	0.01262	0.00749	0.00642
61	0.00958	0.00699	0.00901	0.00850	0.01016	0.00641	0.00638	0.01272	0.01913	0.02688	0.67356	0.05201	0.10462	0.01419	0.00807	0.00216	0.00324	0.01250	0.00746	0.00641
62	0.01107	0.00963	0.01330	0.04003	0.18185	0.00921	0.01055	0.01412	0.03421	0.01989	0.04556	0.10155	0.35468	0.01459	0.00795	0.00240	0.00528	0.11133	0.00554	0.00725
63	0.00809	0.00693	0.00693	0.00693	0.00924	0.00578	0.00520	0.00982	0.01559	0.01848	0.06931	0.06584	0.71411	0.01733	0.00809	0.00231	0.00347	0.01444	0.00635	0.00578
64	0.01353	0.01248	0.01901	0.42556	0.06054	0.01553	0.01605	0.01902	0.09617	0.01856	0.01442	0.02023	0.01181	0.03952	0.06898	0.00326	0.12738	0.00651	0.00361	0.00785
65	0.01393	0.01189	0.01391	0.01011	0.01594	0.00896	0.00803	0.01689	0.01414	0.02208	0.01328	0.04658	0.01167	0.00578	0.00523	0.00109	0.00502	0.00473	0.00415	0.76659
66	0.01693	0.01626	0.02777	0.04199	0.71689	0.01626	0.02100	0.02100	0.01558	0.02235	0.01287	0.01693	0.01084	0.00610	0.00677	0.00203	0.00813	0.00610	0.00339	0.01084
67	0.02210	0.06634	0.12727	0.01443	0.04143	0.01388	0.01289	0.04876	0.15228	0.30837	0.02126	0.02009	0.01476	0.00768	0.00646	0.00199	0.00654	0.00618	0.00623	0.10105
68	0.01360	0.08225	0.41919	0.01904	0.06686	0.01505	0.09269	0.01960	0.01524	0.02156	0.08492	0.02316	0.08127	0.00809	0.00683	0.00213	0.00864	0.00693	0.00376	0.00920
69	0.00939	0.00778	0.00960	0.01092	0.07743	0.00695	0.00713	0.01171	0.01646	0.02123	0.23754	0.10294	0.42493	0.01561	0.00800	0.00227	0.00388	0.01341	0.00639	0.00643
70	0.01419	0.01216	0.01419	0.01013	0.01621	0.00912	0.00811	0.01723	0.01419	0.02229	0.01216	0.01419	0.01013	0.00507	0.00507	0.00101	0.00507	0.00405	0.00405	0.80139
71	0.01861	0.28876	0.14246	0.01775	0.09546	0.15833	0.01509	0.04724	0.08756	0.02007	0.01302	0.01475	0.01066	0.00835	0.03278	0.00216	0.00906	0.00495	0.00367	0.00927
72	0.00995	0.00734	0.00984	0.00985	0.03651	0.00682	0.00700	0.01321	0.01922	0.02725	0.68722	0.04983	0.06255	0.01369	0.00802	0.00215	0.00341	0.01214	0.00738	0.00662
73	0.02185	0.40584	0.02779	0.01460	0.01932	0.37217	0.01245	0.02383	0.01659	0.01641	0.01003	0.01164	0.00880	0.00644	0.00526	0.00161	0.00977	0.00402	0.00322	0.00836
74	0.00879	0.00632	0.00853	0.00952	0.01021	0.00614	0.00660	0.01043	0.01369	0.01867	0.13932	0.52471	0.04377	0.04637	0.10885	0.00393	0.00591	0.01640	0.00610	0.00573
75	0.01754	0.18179	0.14474	0.12306	0.02709	0.13991	0.12134	0.02153	0.01539	0.04421	0.03672	0.01617	0.01135	0.00713	0.00755	0.00204	0.06461	0.00566	0.00349	0.00868
76	0.01380	0.03487	0.70305	0.01979	0.02980	0.01593	0.04583	0.02167	0.01450	0.02167	0.01233	0.01457	0.00872	0.00648	0.00655	0.00217	0.01015	0.00515	0.00291	0.01008
77	0.01188	0.00594	0.00891	0.00891	0.00891	0.00594	0.00594	0.00891	0.00891	0.01188	0.01188	0.02080	0.01188	0.02377	0.02674	0.80095	0.00594	0.00594	0.00297	0.00297
78	0.04145	0.00798	0.01121	0.20338	0.01913	0.00881	0.00922	0.01357	0.01237	0.01855	0.01864	0.13487	0.01766	0.01407	0.01199	0.22303	0.00572	0.00811	0.21456	0.00567
79	0.03070	0.01164	0.01588	0.01217	0.01746	0.01006	0.01006	0.03334	0.01958	0.72163	0.02699	0.02329	0.01694	0.00847	0.00688	0.00212	0.00582	0.00688	0.00847	0.01164
80	0.00995	0.00663	0.00746	0.00746	0.00746	0.00663	0.00415	0.00995	0.00995	0.01327	0.02156	0.04477	0.02487	0.75957	0.03482	0.00663	0.00663	0.00995	0.00415	0.00415
81	0.01702	0.01470	0.01547	0.01392	0.01779	0.01702	0.01083	0.03635	0.70453	0.02862	0.02785	0.02553	0.02088	0.00928	0.00696	0.00232	0.00541	0.00773	0.00696	0.01083
82	0.01461	0.01336	0.02160	0.57764	0.14487	0.01586	0.01880	0.07464	0.01551	0.02035	0.01262	0.01789	0.00959	0.00684	0.00683	0.00222	0.00884	0.00609	0.00341	0.00842
83	0.01928	0.01530	0.01589	0.01396	0.01804	0.04700	0.01093	0.06254	0.57090	0.10641	0.02654	0.02434	0.01955	0.00905	0.00691	0.00226	0.00584	0.00743	0.00698	0.01083
84	0.01275	0.00638	0.00638	0.00638	0.00797	0.00638	0.00478	0.01594	0.01435	0.02551	0.02232	0.02551	0.01754	0.00797	0.00478	0.00159	0.00319	0.00638	0.79755	0.00638
85	0.00995	0.00663	0.00746	0.00746	0.00746	0.00663	0.00415	0.00995	0.00995	0.01327	0.02156	0.04477	0.02487	0.75957	0.03482	0.00663	0.00663	0.00995	0.00415	0.00415
86	0.32890	0.01775	0.01468	0.03084	0.01755	0.14710	0.01027	0.13332	0.15814	0.02921	0.01510	0.01583	0.01151	0.00745	0.00565	0.00207	0.00698	0.00521	0.03357	0.00885
87	0.01946	0.02105	0.02531	0.03484	0.51268	0.22636	0.01871	0.02285	0.01670	0.02071	0.01220	0.01558	0.01024	0.00638	0.00660	0.00195	0.00936	0.00560	0.00343	0.00998
88	0.01660	0.01591	0.02716	0.10068	0.66083	0.01617	0.02083	0.02070	0.01542	0.02194	0.01281	0.01704	0.01069	0.00616	0.00678	0.00205	0.00821	0.00609	0.00336	0.01057
89	0.02488	0.03152	0.01903	0.01734	0.02077	0.70114	0.01302	0.02667	0.01903	0.01671	0.01091	0.01296	0.00917	0.00894	0.03724	0.00216	0.01259	0.00453	0.00353	0.00785
90	0.01679	0.01611	0.02751	0.06703	0.69298	0.01622	0.02093	0.02087	0.01551	0.02218	0.01284	0.01698	0.01078	0.00612	0.00678	0.00204	0.00816	0.00610	0.00337	0.01072
91	0.01702	0.01470	0.01547	0.01392	0.01779	0.01702	0.01083	0.03635	0.70453	0.02862	0.02785	0.02553	0.02088	0.00928	0.00696	0.00232	0.00541	0.00773	0.00696	0.01083
92	0.00845	0.00604	0.00807	0.00966	0.01011	0.00566	0.00656	0.00973	0.01321	0.01760	0.03764	0.72536	0.04499	0.02132	0.00876	0.00279	0.00407	0.04803	0.00635	0.00559
93	0.77379	0.01316	0.01031	0.00914	0.01342	0.01512	0.00753	0.02069	0.01199	0.06101	0.01029	0.01165	0.00783	0.00644	0.00435	0.00212	0.00532	0.00384	0.00442	0.00759
94	0.02997	0.01281	0.01660	0.01273	0.01805	0.01179	0.01051	0.13580	0.02153	0.61641	0.02535	0.02222	0.01611	0.00843	0.00687	0.00211	0.00609	0.00677	0.00822	0.01164
95	0.01387	0.01157	0.01252	0.01177	0.01490	0.01252	0.00932	0.05215	0.37093	0.02502	0.04067	0.04482	0.22389	0.01306	0.00767	0.00244	0.00507	0.11243	0.00668	0.00870
96	0.00995	0.00663	0.00746	0.00746	0.00746	0.00663	0.00415	0.00995	0.00995	0.01327	0.02156	0.04477	0.02487	0.75957	0.03482	0.00663	0.00663	0.00995	0.00415	0.00415
97	0.01631	0.01562	0.02665	0.15071	0.61303	0.01609	0.02069	0.02045	0.01528	0.02160	0.01276	0.01714	0.01057	0.00621	0.00678	0.00207	0.00828	0.00609	0.00333	0.01033
98	0.01745	0.01946	0.03620	0.02642	0.03254	0.07760	0.55175	0.06241	0.01702	0.02241	0.01342	0.01760	0.01024	0.00641	0.00875	0.00229	0.05772	0.00752	0.00364	0.00915
99	0.01693	0.01626	0.02777	0.04199	0.71689	0.01626	0.02100	0.02100	0.01558	0.02235	0.01287	0.01693	0.01084	0.00610	0.00677	0.00203	0.00813	0.00610	0.00339	0.01084
100	0.03888	0.01452	0.02432	0.32329	0.42627	0.01580	0.01979	0.01955	0.01470	0.02064	0.01248	0.01729	0.01004	0.00640	0.00672	0.00213	0.00844	0.00602	0.00327	0.00943
101	0.01568	0.01458	0.02449	0.08337	0.55517	0.01478	0.01920	0.01962	0.01548	0.02172	0.01673	0.02709	0.01549	0.00829	0.00722	0.00224	0.00789	0.11724	0.00385	0.00986
102	0.00924	0.00665	0.00875	0.00891	0.01012	0.00616	0.00642	0.01179	0.01730	0.02415	0.49046	0.28330	0.05819	0.01644	0.00829	0.00236	0.00347	0.01471	0.00714	0.00616
103	0.01088	0.00740	0.00969	0.01046	0.01193	0.00709	0.00834	0.01319	0.01520	0.05033	0.10784	0.17120	0.11709	0.10297	0.01184	0.00325	0.00532	0.32356	0.00629	0.00613
104	0.01406	0.07704	0.66356	0.01933	0.02910	0.01658	0.04468	0.02161	0.01446	0.02135	0.01216	0.01436	0.00872	0.00644	0.00643	0.00213	0.00999	0.00507	0.00291	0.01001
105	0.00833	0.00599	0.00790	0.00943	0.00990	0.00556	0.00631	0.00954	0.01319	0.01750	0.03885	0.73016	0.06945	0.02129	0.00871	0.00276	0.00395	0.01927	0.00635	0.00556
106	0.00987	0.00732	0.01053	0.01190	0.03885	0.00712	0.02963	0.01156	0.01334	0.01779	0.03235	0.41875	0.03715	0.10638	0.03924	0.02539	0.00580	0.16554	0.00568	0.00583
107	0.04332	0.01922	0.09041	0.17658	0.30932	0.09409	0.01856	0.10199	0.01720	0.02326	0.01262	0.01616	0.00998	0.00684	0.00712	0.00210	0.03210	0.00574	0.00371	0.00967
108	0.00937	0.00692	0.00856	0.00954	0.01047	0.00664	0.00661	0.03230	0.03892	0.01864	0.03946	0.55175	0.12367	0.06706	0.01022	0.00294	0.00432	0.04045	0.00625	0.00590
109	0.02255	0.01805	0.02225	0.01718	0.02204	0.06276	0.12566	0.41175	0.02514	0.07161	0.01703	0.04501	0.01349	0.05612	0.00941	0.00243	0.03440	0.00712	0.00584	0.01016
110	0.02073	0.06254	0.12314	0.02464	0.25290	0.16994	0.01689	0.07216	0.06090	0.10866	0.01504	0.01655	0.01142	0.00698	0.00651	0.00199	0.00877	0.00566	0.00441	0.01015

[dist]
# distance from previous block
# <min> <max>
1	45

[block]
# block no. 2 follows, 31 sequences, length 47
# corresponding to MSA columns:
# 387-433
name=unknown_C
#
# <colnr> <probs for GDERKNQSTAVLIFYWHMCP>
#	G	D	E	R	K	N	Q	S	T	A	V	L	I	F	Y	W	H	M	C	P
0	0.10449	0.09302	0.07602	0.01531	0.08301	0.01445	0.01220	0.06786	0.13586	0.02445	0.05093	0.07489	0.05779	0.01130	0.00705	0.00234	0.00633	0.14882	0.00535	0.00854
1	0.13859	0.25208	0.21480	0.03650	0.02029	0.01824	0.01420	0.06716	0.01521	0.04601	0.03585	0.01830	0.04230	0.04559	0.00710	0.00217	0.00747	0.00546	0.00393	0.00876
2	0.01400	0.00961	0.04195	0.01115	0.01344	0.00855	0.00914	0.03965	0.04218	0.12266	0.10047	0.18206	0.03430	0.11141	0.01162	0.00312	0.00560	0.20169	0.03019	0.00719
3	0.06263	0.02004	0.01728	0.01460	0.01877	0.20195	0.01161	0.31297	0.10265	0.03105	0.01850	0.02072	0.03076	0.00861	0.00654	0.00203	0.00792	0.03498	0.06680	0.00959
4	0.01688	0.01293	0.01408	0.01282	0.01560	0.04579	0.01002	0.29096	0.02143	0.02817	0.02660	0.26889	0.02772	0.05697	0.00944	0.00271	0.00634	0.11816	0.00629	0.00819
