[name]
unknown

[dist]
# distance from previous block
# <min> <max>
0	30

[block]
# block no. 0 follows, 30 sequences, length 16
# corresponding to MSA columns:
# 30-45
name=unknown_A
#
# <colnr> <probs for GDERKNQSTAVLIFYWHMCP>
#	G	D	E	R	K	N	Q	S	T	A	V	L	I	F	Y	W	H	M	C	P
0	0.01124	0.00803	0.01124	0.01285	0.01446	0.00803	0.01124	0.01446	0.01606	0.02088	0.03695	0.07871	0.04016	0.01928	0.00964	0.00321	0.00643	0.66426	0.00643	0.00643
1	0.01708	0.01760	0.06157	0.04117	0.64983	0.01661	0.05032	0.02149	0.01586	0.02275	0.01314	0.01722	0.01093	0.00622	0.00695	0.00209	0.00854	0.00625	0.00343	0.01095
2	0.00871	0.00709	0.00771	0.00756	0.00971	0.00609	0.00567	0.01091	0.01700	0.02145	0.25199	0.06288	0.52548	0.01670	0.00824	0.00231	0.00347	0.01413	0.00682	0.00609
3	0.01118	0.00907	0.01262	0.01181	0.01281	0.01002	0.04315	0.03243	0.01300	0.01787	0.05370	0.24118	0.06546	0.20335	0.10784	0.00479	0.12653	0.01209	0.00493	0.00613
4	0.01535	0.01665	0.07844	0.01756	0.01907	0.01971	0.01533	0.04226	0.03543	0.01886	0.01097	0.01621	0.01010	0.01320	0.05427	0.00324	0.56427	0.00608	0.00340	0.03958
5	0.00905	0.00710	0.00818	0.00791	0.00992	0.00623	0.00593	0.01156	0.01779	0.02333	0.38327	0.05978	0.39301	0.01600	0.00824	0.00228	0.00342	0.01369	0.00707	0.00623
6	0.01635	0.01282	0.01532	0.04655	0.01850	0.01045	0.00927	0.06098	0.01599	0.07265	0.01374	0.01547	0.01087	0.00570	0.00550	0.00124	0.00558	0.00457	0.00458	0.65387
7	0.01301	0.00650	0.00650	0.00650	0.00813	0.00650	0.00488	0.01626	0.01463	0.02602	0.02276	0.02602	0.01789	0.00813	0.00488	0.00163	0.00325	0.00650	0.79350	0.00650
8	0.00850	0.00607	0.00810	0.00972	0.01012	0.00567	0.00648	0.00972	0.01336	0.01781	0.03846	0.75020	0.04615	0.02186	0.00891	0.00283	0.00405	0.01984	0.00648	0.00567
9	0.01534	0.19262	0.48130	0.01937	0.02831	0.01890	0.10801	0.02187	0.01484	0.02088	0.01211	0.01448	0.00909	0.00639	0.00636	0.00207	0.00987	0.00524	0.00303	0.00990
10	0.01866	0.75896	0.03657	0.01194	0.01791	0.02761	0.01194	0.02090	0.01418	0.01642	0.00970	0.01119	0.00896	0.00597	0.00448	0.00149	0.00746	0.00373	0.00299	0.00896
11	0.02607	0.03326	0.01978	0.01798	0.02157	0.72674	0.01348	0.02787	0.01978	0.01708	0.01079	0.01258	0.00899	0.00719	0.00629	0.00180	0.01258	0.00449	0.00360	0.00809
12	0.00998	0.00742	0.01091	0.01091	0.01205	0.00856	0.00835	0.01227	0.01113	0.01598	0.01897	0.02895	0.01811	0.11135	0.66900	0.01084	0.01769	0.00770	0.00378	0.00606
13	0.02754	0.01792	0.01993	0.01528	0.02083	0.01922	0.01262	0.54903	0.03008	0.18676	0.01904	0.01824	0.01302	0.00843	0.00699	0.00211	0.00731	0.00644	0.00733	0.01187
14	0.00997	0.00748	0.01121	0.01121	0.01246	0.00872	0.00872	0.01246	0.01121	0.01620	0.01869	0.02741	0.01745	0.05234	0.72710	0.01121	0.01869	0.00748	0.00374	0.00623
15	0.00892	0.00644	0.00853	0.01004	0.01076	0.00605	0.00715	0.01048	0.01394	0.01836	0.04026	0.60200	0.08694	0.02119	0.00898	0.00286	0.00439	0.12044	0.00647	0.00580

[dist]
# distance from previous block
# <min> <max>
0	1

[block]
# block no. 1 follows, 30 sequences, length 94
# corresponding to MSA columns:
# 47-140
name=unknown_B
#
# <colnr> <probs for GDERKNQSTAVLIFYWHMCP>
#	G	D	E	R	K	N	Q	S	T	A	V	L	I	F	Y	W	H	M	C	P
0	0.00844	0.00708	0.00733	0.00727	0.00954	0.00597	0.00545	0.01038	0.01635	0.01992	0.14504	0.06540	0.63338	0.01728	0.00825	0.00234	0.00351	0.01448	0.00662	0.00597
1	0.00852	0.00708	0.00744	0.00735	0.00959	0.00601	0.00551	0.01054	0.01654	0.02036	0.17582	0.06468	0.60232	0.01711	0.00824	0.00233	0.00349	0.01438	0.00668	0.00601
2	0.01896	0.72927	0.03588	0.01219	0.01806	0.05621	0.01200	0.02118	0.01441	0.01644	0.00975	0.01125	0.00896	0.00602	0.00455	0.00151	0.00767	0.00376	0.00301	0.00892
3	0.01415	0.05924	0.69677	0.01964	0.02981	0.01657	0.02534	0.02206	0.01472	0.02192	0.01243	0.01462	0.00884	0.00661	0.00656	0.00219	0.01022	0.00511	0.00295	0.01027
4	0.02420	0.01823	0.01860	0.01504	0.01994	0.07393	0.01213	0.38416	0.18752	0.11324	0.02219	0.02122	0.03935	0.00890	0.00700	0.00215	0.00721	0.00691	0.00691	0.01116
5	0.01800	0.01531	0.01614	0.01433	0.01839	0.01766	0.01120	0.08300	0.65165	0.03023	0.02758	0.02538	0.02064	0.00939	0.00709	0.00235	0.00567	0.00778	0.00709	0.01110
6	0.17621	0.01605	0.02521	0.03547	0.54223	0.01644	0.04620	0.02127	0.01510	0.02450	0.01248	0.01614	0.01033	0.00626	0.00644	0.00210	0.00785	0.00581	0.00363	0.01028
7	0.01485	0.15414	0.58176	0.01893	0.02841	0.01813	0.04774	0.02191	0.01471	0.02118	0.01212	0.01430	0.00892	0.00649	0.00634	0.00210	0.00990	0.00504	0.00297	0.01006
8	0.08159	0.01198	0.01581	0.01220	0.01753	0.01061	0.01008	0.03313	0.01945	0.67151	0.02637	0.02294	0.01664	0.00850	0.00684	0.00216	0.00590	0.00681	0.00836	0.01159
9	0.03131	0.01188	0.01619	0.01242	0.01781	0.01026	0.01026	0.03401	0.01997	0.71606	0.02753	0.02375	0.01727	0.00864	0.00702	0.00216	0.00594	0.00702	0.00864	0.01188
10	0.01481	0.00822	0.01091	0.00962	0.01212	0.00743	0.00743	0.01796	0.01980	0.18624	0.55114	0.04560	0.05467	0.01297	0.00795	0.00219	0.00390	0.01133	0.00790	0.00780
11	0.00988	0.00713	0.00933	0.00878	0.01043	0.00658	0.00658	0.01317	0.01975	0.02798	0.70754	0.05213	0.06584	0.01427	0.00823	0.00219	0.00329	0.01262	0.00768	0.00658
12	0.01866	0.75896	0.03657	0.01194	0.01791	0.02761	0.01194	0.02090	0.01418	0.01642	0.00970	0.01119	0.00896	0.00597	0.00448	0.00149	0.00746	0.00373	0.00299	0.00896
13	0.01447	0.01240	0.01447	0.01034	0.01654	0.00930	0.00827	0.01757	0.01447	0.02274	0.01240	0.01447	0.01034	0.00517	0.00517	0.00103	0.00517	0.00413	0.00413	0.79742
14	0.01157	0.00751	0.00987	0.00907	0.01101	0.00687	0.00687	0.01482	0.01977	0.08243	0.65373	0.04988	0.06200	0.01382	0.00813	0.00219	0.00350	0.01218	0.00776	0.00700
15	0.01481	0.16154	0.60025	0.01851	0.02807	0.01819	0.02338	0.02189	0.01464	0.02111	0.01203	0.01412	0.00886	0.00652	0.00626	0.00209	0.00982	0.00491	0.00295	0.01008
16	0.01560	0.01237	0.01459	0.01048	0.01662	0.00937	0.00840	0.01868	0.01484	0.06931	0.01342	0.01509	0.01080	0.00540	0.00529	0.00111	0.00522	0.00433	0.00444	0.74465
17	0.01489	0.09371	0.44468	0.01958	0.02688	0.01851	0.07410	0.02079	0.01389	0.02040	0.01163	0.01487	0.00906	0.00780	0.01031	0.00235	0.17854	0.00549	0.00302	0.00951
18	0.01727	0.01658	0.02832	0.04283	0.71123	0.01658	0.02142	0.02142	0.01589	0.02280	0.01313	0.01727	0.01105	0.00622	0.00691	0.00207	0.00829	0.00622	0.00345	0.01105
19	0.00935	0.00708	0.00862	0.00831	0.01012	0.00635	0.00620	0.01213	0.01842	0.02498	0.49900	0.07852	0.25439	0.01551	0.00826	0.00226	0.00339	0.01347	0.00729	0.00635
20	0.00877	0.00653	0.00799	0.00877	0.00980	0.00594	0.00603	0.01033	0.01469	0.01925	0.14400	0.42523	0.21094	0.07512	0.01066	0.00292	0.00402	0.01678	0.00649	0.00575
21	0.01657	0.04728	0.24924	0.18514	0.14809	0.04094	0.07611	0.02190	0.01559	0.08513	0.01595	0.01881	0.03413	0.00714	0.00690	0.00219	0.00921	0.00626	0.00379	0.00965
22	0.02272	0.01141	0.01448	0.01169	0.01575	0.01079	0.00941	0.13379	0.02200	0.35532	0.27323	0.03293	0.03406	0.01064	0.00745	0.00216	0.00526	0.00894	0.00802	0.00995
23	0.03111	0.01219	0.01639	0.01256	0.01797	0.01072	0.01038	0.06076	0.02050	0.68856	0.02709	0.02347	0.01705	0.00863	0.00702	0.00216	0.00601	0.00699	0.00857	0.01188
24	0.01858	0.02478	0.14210	0.05224	0.12965	0.22485	0.20719	0.02305	0.01657	0.02023	0.01266	0.01628	0.01006	0.00845	0.03461	0.00248	0.03748	0.00615	0.00342	0.00917
25	0.01646	0.04866	0.30892	0.02370	0.05213	0.01790	0.28537	0.08456	0.01695	0.02386	0.01333	0.01654	0.00991	0.00673	0.00800	0.00227	0.04466	0.00652	0.00358	0.00996
26	0.01760	0.01933	0.02071	0.01794	0.01931	0.20550	0.04178	0.01948	0.01337	0.01704	0.01079	0.01598	0.01004	0.01483	0.09155	0.00355	0.44432	0.00591	0.00329	0.00768
27	0.54323	0.01804	0.12784	0.01386	0.01955	0.01623	0.10172	0.04594	0.01373	0.02911	0.01102	0.01309	0.00833	0.00649	0.00531	0.00219	0.00712	0.00469	0.00409	0.00841
28	0.01578	0.00839	0.01117	0.00986	0.01247	0.00755	0.00760	0.01877	0.01938	0.21984	0.47179	0.09162	0.05091	0.01321	0.00794	0.00223	0.00408	0.01154	0.00787	0.00800
29	0.01725	0.23030	0.05055	0.01776	0.08297	0.10321	0.03566	0.02147	0.07909	0.01970	0.06556	0.04217	0.01593	0.00908	0.01006	0.00218	0.17797	0.00640	0.00399	0.00872
30	0.00848	0.00636	0.00788	0.00903	0.00996	0.00575	0.00619	0.00990	0.01420	0.01841	0.06839	0.55700	0.21198	0.02057	0.00872	0.00269	0.00390	0.01833	0.00652	0.00575
31	0.01728	0.01651	0.02775	0.04152	0.67939	0.01662	0.02094	0.02214	0.04725	0.02309	0.01383	0.01767	0.01152	0.00637	0.00692	0.00209	0.00816	0.00629	0.00362	0.01105
32	0.00963	0.00682	0.00820	0.00891	0.00936	0.00670	0.00566	0.01117	0.04351	0.01648	0.03180	0.38440	0.05753	0.34383	0.02052	0.00453	0.00530	0.01486	0.00552	0.00529
33	0.00981	0.00708	0.00927	0.00882	0.01041	0.00654	0.00658	0.01301	0.01945	0.02751	0.67630	0.08473	0.06492	0.01462	0.00826	0.00222	0.00333	0.01296	0.00763	0.00654
34	0.00850	0.00607	0.00810	0.00972	0.01012	0.00567	0.00648	0.00972	0.01336	0.01781	0.03846	0.75020	0.04615	0.02186	0.00891	0.00283	0.00405	0.01984	0.00648	0.00567
35	0.01736	0.01499	0.01578	0.01420	0.01815	0.01736	0.01105	0.03708	0.69862	0.02919	0.02840	0.02604	0.02130	0.00947	0.00710	0.00237	0.00552	0.00789	0.00710	0.01105
36	0.01736	0.01499	0.01578	0.01420	0.01815	0.01736	0.01105	0.03708	0.69862	0.02919	0.02840	0.02604	0.02130	0.00947	0.00710	0.00237	0.00552	0.00789	0.00710	0.01105
37	0.01527	0.01527	0.02137	0.01832	0.01832	0.02137	0.01527	0.01679	0.01069	0.01679	0.00916	0.01527	0.00916	0.01221	0.02290	0.00305	0.74198	0.00611	0.00305	0.00763
38	0.01527	0.01527	0.02137	0.01832	0.01832	0.02137	0.01527	0.01679	0.01069	0.01679	0.00916	0.01527	0.00916	0.01221	0.02290	0.00305	0.74198	0.00611	0.00305	0.00763
39	0.01527	0.01527	0.02137	0.01832	0.01832	0.02137	0.01527	0.01679	0.01069	0.01679	0.00916	0.01527	0.00916	0.01221	0.02290	0.00305	0.74198	0.00611	0.00305	0.00763
40	0.01212	0.00606	0.00909	0.00909	0.00909	0.00606	0.00606	0.00909	0.00909	0.01212	0.01212	0.02121	0.01212	0.02424	0.02727	0.79697	0.00606	0.00606	0.00303	0.00303
41	0.01866	0.75896	0.03657	0.01194	0.01791	0.02761	0.01194	0.02090	0.01418	0.01642	0.00970	0.01119	0.00896	0.00597	0.00448	0.00149	0.00746	0.00373	0.00299	0.00896
42	0.01527	0.01527	0.02137	0.01832	0.01832	0.02137	0.01527	0.01679	0.01069	0.01679	0.00916	0.01527	0.00916	0.01221	0.02290	0.00305	0.74198	0.00611	0.00305	0.00763
43	0.03114	0.01215	0.01636	0.01254	0.01795	0.01066	0.01036	0.05722	0.02043	0.69221	0.02715	0.02350	0.01708	0.00863	0.00702	0.00216	0.00600	0.00699	0.00858	0.01188
44	0.80405	0.01350	0.01026	0.00918	0.01350	0.01565	0.00756	0.02051	0.01188	0.03131	0.00972	0.01134	0.00756	0.00648	0.00432	0.00216	0.00540	0.00378	0.00432	0.00756
45	0.80405	0.01350	0.01026	0.00918	0.01350	0.01565	0.00756	0.02051	0.01188	0.03131	0.00972	0.01134	0.00756	0.00648	0.00432	0.00216	0.00540	0.00378	0.00432	0.00756
46	0.02607	0.03326	0.01978	0.01798	0.02157	0.72674	0.01348	0.02787	0.01978	0.01708	0.01079	0.01258	0.00899	0.00719	0.00629	0.00180	0.01258	0.00449	0.00360	0.00809
47	0.01556	0.30636	0.42920	0.01638	0.02466	0.02004	0.01968	0.02123	0.01476	0.02024	0.04392	0.01515	0.01155	0.00674	0.00590	0.00194	0.00891	0.00497	0.00318	0.00963
48	0.01727	0.01658	0.02832	0.04283	0.71123	0.01658	0.02142	0.02142	0.01589	0.02280	0.01313	0.01727	0.01105	0.00622	0.00691	0.00207	0.00829	0.00622	0.00345	0.01105
49	0.00931	0.00741	0.00855	0.00912	0.01121	0.00665	0.00741	0.01159	0.01596	0.01957	0.05871	0.07126	0.47105	0.01824	0.00874	0.00266	0.00456	0.24543	0.00646	0.00608
50	0.01727	0.01658	0.02832	0.04283	0.71123	0.01658	0.02142	0.02142	0.01589	0.02280	0.01313	0.01727	0.01105	0.00622	0.00691	0.00207	0.00829	0.00622	0.00345	0.01105
51	0.04814	0.02428	0.26255	0.02545	0.03346	0.01709	0.44095	0.02219	0.01571	0.02264	0.01341	0.01717	0.00989	0.00615	0.00755	0.00230	0.01102	0.00704	0.00337	0.00963
52	0.00863	0.00616	0.00824	0.00986	0.01032	0.00578	0.00670	0.00993	0.01348	0.01795	0.03839	0.71935	0.04588	0.02174	0.00894	0.00285	0.00416	0.04944	0.00648	0.00570
53	0.00974	0.00707	0.00906	0.00865	0.01022	0.00652	0.00639	0.01271	0.01884	0.02637	0.61162	0.07710	0.10423	0.04933	0.00953	0.00244	0.00350	0.01289	0.00740	0.00640
54	0.01492	0.01267	0.01471	0.01055	0.01673	0.00976	0.00846	0.04261	0.01516	0.02353	0.01257	0.01456	0.01039	0.00529	0.00524	0.00107	0.00526	0.00421	0.00424	0.76808
55	0.67049	0.09080	0.06110	0.01019	0.01508	0.01691	0.00924	0.02066	0.01230	0.02917	0.00991	0.01155	0.00779	0.00644	0.00449	0.00209	0.00594	0.00387	0.00409	0.00789
56	0.00826	0.00703	0.00711	0.00718	0.00945	0.00588	0.00535	0.01000	0.01580	0.01881	0.06935	0.09551	0.68090	0.01785	0.00827	0.00238	0.00356	0.01494	0.00648	0.00588
57	0.01696	0.01819	0.07937	0.03999	0.60246	0.01665	0.08035	0.02155	0.01586	0.02271	0.01317	0.01722	0.01085	0.00622	0.00701	0.00211	0.00874	0.00632	0.00342	0.01086
58	0.00944	0.00712	0.00873	0.00832	0.01016	0.00640	0.00624	0.01233	0.01873	0.02555	0.53772	0.05613	0.23719	0.01517	0.00823	0.00224	0.00336	0.01318	0.00736	0.00640
59	0.01012	0.00738	0.01075	0.01075	0.01193	0.00849	0.00824	0.01248	0.01130	0.01648	0.01910	0.02857	0.01800	0.09723	0.64714	0.01047	0.01717	0.00761	0.04065	0.00611
60	0.80405	0.01350	0.01026	0.00918	0.01350	0.01565	0.00756	0.02051	0.01188	0.03131	0.00972	0.01134	0.00756	0.00648	0.00432	0.00216	0.00540	0.00378	0.00432	0.00756
61	0.80405	0.01350	0.01026	0.00918	0.01350	0.01565	0.00756	0.02051	0.01188	0.03131	0.00972	0.01134	0.00756	0.00648	0.00432	0.00216	0.00540	0.00378	0.00432	0.00756
62	0.02653	0.01955	0.02094	0.01606	0.02164	0.02164	0.01326	0.68796	0.03281	0.04398	0.01675	0.01675	0.01187	0.00838	0.00698	0.00209	0.00768	0.00628	0.00698	0.01187
63	0.00954	0.00680	0.00844	0.00883	0.01016	0.00616	0.00626	0.01150	0.01592	0.03939	0.24940	0.33794	0.19614	0.04869	0.00961	0.00268	0.00387	0.01576	0.00681	0.00610
64	0.01866	0.75896	0.03657	0.01194	0.01791	0.02761	0.01194	0.02090	0.01418	0.01642	0.00970	0.01119	0.00896	0.00597	0.00448	0.00149	0.00746	0.00373	0.00299	0.00896
65	0.02431	0.02993	0.02148	0.02294	0.15927	0.58495	0.01507	0.02658	0.01900	0.01822	0.01125	0.01352	0.00940	0.00700	0.00642	0.00185	0.01173	0.00484	0.00357	0.00868
66	0.00988	0.00713	0.00933	0.00878	0.01043	0.00658	0.00658	0.01317	0.01975	0.02798	0.70754	0.05213	0.06584	0.01427	0.00823	0.00219	0.00329	0.01262	0.00768	0.00658
67	0.01662	0.01595	0.02749	0.18520	0.50712	0.01657	0.06763	0.03919	0.01600	0.02232	0.01315	0.01764	0.01068	0.00641	0.00702	0.00215	0.00873	0.00636	0.00348	0.01028
68	0.72543	0.01333	0.01086	0.00951	0.01393	0.01511	0.00783	0.02189	0.01270	0.10097	0.01153	0.01260	0.00855	0.00670	0.00459	0.00216	0.00545	0.00411	0.00476	0.00800
69	0.01301	0.00650	0.00650	0.00650	0.00813	0.00650	0.00488	0.01626	0.01463	0.02602	0.02276	0.02602	0.01789	0.00813	0.00488	0.00163	0.00325	0.00650	0.79350	0.00650
70	0.01736	0.01499	0.01578	0.01420	0.01815	0.01736	0.01105	0.03708	0.69862	0.02919	0.02840	0.02604	0.02130	0.00947	0.00710	0.00237	0.00552	0.00789	0.00710	0.01105
71	0.01863	0.50188	0.03111	0.01413	0.01840	0.10081	0.01291	0.02065	0.01393	0.01658	0.00969	0.01233	0.00901	0.00761	0.00912	0.00190	0.18533	0.00439	0.00307	0.00854
72	0.01976	0.01661	0.05153	0.03027	0.33038	0.01528	0.17959	0.02468	0.04115	0.16602	0.01684	0.01911	0.01249	0.00673	0.00718	0.00213	0.00850	0.00682	0.00468	0.04026
73	0.00951	0.00685	0.00900	0.00903	0.01034	0.00634	0.00656	0.01224	0.01803	0.02524	0.52706	0.24043	0.06053	0.01632	0.00841	0.00237	0.00350	0.01457	0.00736	0.00634
74	0.01587	0.28185	0.40847	0.01824	0.02670	0.02028	0.09551	0.02172	0.01474	0.02018	0.01174	0.01398	0.00908	0.00632	0.00607	0.00198	0.00950	0.00502	0.00303	0.00975
75	0.02607	0.03326	0.01978	0.01798	0.02157	0.72674	0.01348	0.02787	0.01978	0.01708	0.01079	0.01258	0.00899	0.00719	0.00629	0.00180	0.01258	0.00449	0.00360	0.00809
76	0.80405	0.01350	0.01026	0.00918	0.01350	0.01565	0.00756	0.02051	0.01188	0.03131	0.00972	0.01134	0.00756	0.00648	0.00432	0.00216	0.00540	0.00378	0.00432	0.00756
77	0.01866	0.75896	0.03657	0.01194	0.01791	0.02761	0.01194	0.02090	0.01418	0.01642	0.00970	0.01119	0.00896	0.00597	0.00448	0.00149	0.00746	0.00373	0.00299	0.00896
78	0.01749	0.01727	0.02592	0.11850	0.53269	0.07115	0.01983	0.02262	0.06474	0.02225	0.01395	0.01769	0.01143	0.00661	0.00688	0.00210	0.00854	0.00620	0.00369	0.01045
79	0.00908	0.00665	0.00828	0.00891	0.00995	0.00614	0.00622	0.01083	0.01510	0.02012	0.20627	0.35896	0.16196	0.10125	0.01163	0.00305	0.00416	0.03911	0.00652	0.00580
80	0.02356	0.01799	0.02136	0.01662	0.02173	0.01979	0.06837	0.46833	0.12331	0.06232	0.04110	0.01959	0.01496	0.00868	0.00780	0.00220	0.03755	0.00690	0.00663	0.01120
81	0.00849	0.00612	0.00805	0.00959	0.01009	0.00568	0.00642	0.00973	0.01348	0.01786	0.03994	0.71882	0.07658	0.02167	0.00888	0.00281	0.00402	0.01960	0.00648	0.00568
82	0.74734	0.01375	0.01082	0.00960	0.01394	0.01591	0.00788	0.04202	0.04086	0.03162	0.01071	0.01211	0.00826	0.00666	0.00452	0.00217	0.00547	0.00403	0.00452	0.00784
83	0.02616	0.04215	0.02175	0.01671	0.04723	0.01502	0.09938	0.18227	0.02181	0.37596	0.03924	0.02123	0.01560	0.00830	0.00764	0.00217	0.03230	0.00697	0.00697	0.01113
84	0.04463	0.40179	0.09679	0.01477	0.01935	0.05024	0.01417	0.04460	0.01408	0.01862	0.01013	0.01293	0.00906	0.00792	0.00997	0.00205	0.21227	0.00466	0.00322	0.00875
85	0.00976	0.00774	0.00886	0.00868	0.01071	0.00723	0.00646	0.01376	0.08244	0.02316	0.30273	0.13083	0.32990	0.01606	0.00820	0.00235	0.00369	0.01383	0.00699	0.00662
86	0.02410	0.02564	0.01974	0.01698	0.02102	0.40714	0.03481	0.15659	0.10705	0.05057	0.03958	0.01718	0.01348	0.00810	0.00711	0.00200	0.02878	0.00581	0.00501	0.00931
87	0.00850	0.00708	0.00742	0.00734	0.00958	0.00600	0.00550	0.01051	0.01650	0.02027	0.16973	0.06482	0.60847	0.01714	0.00824	0.00233	0.00350	0.01440	0.00667	0.00600
88	0.00850	0.00607	0.00810	0.00972	0.01012	0.00567	0.00648	0.00972	0.01336	0.01781	0.03846	0.75020	0.04615	0.02186	0.00891	0.00283	0.00405	0.01984	0.00648	0.00567
89	0.02686	0.01531	0.01764	0.01369	0.01878	0.01580	0.01125	0.37346	0.02610	0.29165	0.02140	0.02034	0.01452	0.00845	0.00677	0.00207	0.00656	0.00658	0.09148	0.01130
90	0.00850	0.00607	0.00810	0.00972	0.01012	0.00567	0.00648	0.00972	0.01336	0.01781	0.03846	0.75020	0.04615	0.02186	0.00891	0.00283	0.00405	0.01984	0.00648	0.00567
91	0.01527	0.01527	0.02137	0.01832	0.01832	0.02137	0.01527	0.01679	0.01069	0.01679	0.00916	0.01527	0.00916	0.01221	0.02290	0.00305	0.74198	0.00611	0.00305	0.00763
92	0.01736	0.01499	0.01578	0.01420	0.01815	0.01736	0.01105	0.03708	0.69862	0.02919	0.02840	0.02604	0.02130	0.00947	0.00710	0.00237	0.00552	0.00789	0.00710	0.01105
93	0.01447	0.01240	0.01447	0.01034	0.01654	0.00930	0.00827	0.01757	0.01447	0.02274	0.01240	0.01447	0.01034	0.00517	0.00517	0.00103	0.00517	0.00413	0.00413	0.79742

[dist]
# distance from previous block
# <min> <max>
0	39

[block]
# block no. 2 follows, 30 sequences, length 80
# corresponding to MSA columns:
# 180-259
name=unknown_C
#
# <colnr> <probs for GDERKNQSTAVLIFYWHMCP>
#	G	D	E	R	K	N	Q	S	T	A	V	L	I	F	Y	W	H	M	C	P
0	0.04681	0.00828	0.00860	0.00786	0.01022	0.00841	0.00610	0.07320	0.01644	0.08191	0.02213	0.02449	0.01693	0.00812	0.00520	0.00173	0.00391	0.00642	0.63583	0.00741
1	0.01527	0.01527	0.02137	0.01832	0.01832	0.02137	0.01527	0.01679	0.01069	0.01679	0.00916	0.01527	0.00916	0.01221	0.02290	0.00305	0.74198	0.00611	0.00305	0.00763
2	0.01736	0.01499	0.01578	0.01420	0.01815	0.01736	0.01105	0.03708	0.69862	0.02919	0.02840	0.02604	0.02130	0.00947	0.00710	0.00237	0.00552	0.00789	0.00710	0.01105
3	0.01699	0.01641	0.02835	0.08549	0.64448	0.01655	0.04646	0.02123	0.01579	0.02247	0.01312	0.01741	0.01093	0.00625	0.00696	0.00210	0.00848	0.00629	0.00344	0.01079
4	0.80405	0.01350	0.01026	0.00918	0.01350	0.01565	0.00756	0.02051	0.01188	0.03131	0.00972	0.01134	0.00756	0.00648	0.00432	0.00216	0.00540	0.00378	0.00432	0.00756
5	0.01527	0.01527	0.02137	0.01832	0.01832	0.02137	0.01527	0.01679	0.01069	0.01679	0.00916	0.01527	0.00916	0.01221	0.02290	0.00305	0.74198	0.00611	0.00305	0.00763
6	0.00825	0.00707	0.00707	0.00707	0.00943	0.00589	0.00530	0.01001	0.01591	0.01885	0.07069	0.06716	0.70839	0.01767	0.00825	0.00236	0.00353	0.01473	0.00648	0.00589
7	0.02653	0.01955	0.02094	0.01606	0.02164	0.02164	0.01326	0.68796	0.03281	0.04398	0.01675	0.01675	0.01187	0.00838	0.00698	0.00209	0.00768	0.00628	0.00698	0.01187
8	0.00997	0.00748	0.01121	0.01121	0.01246	0.00872	0.00872	0.01246	0.01121	0.01620	0.01869	0.02741	0.01745	0.05234	0.72710	0.01121	0.01869	0.00748	0.00374	0.00623
9	0.01017	0.00774	0.01146	0.01135	0.01250	0.00912	0.00880	0.01254	0.01116	0.01613	0.01846	0.02762	0.01742	0.07603	0.67636	0.01075	0.04493	0.00752	0.00373	0.00621
10	0.00974	0.00710	0.00915	0.00870	0.01036	0.00651	0.00650	0.01287	0.01932	0.02712	0.64840	0.07447	0.10419	0.01471	0.00825	0.00222	0.00333	0.01297	0.00757	0.00651
11	0.01792	0.01571	0.01607	0.01438	0.01836	0.03988	0.01119	0.05708	0.65644	0.02927	0.02748	0.02532	0.02062	0.00936	0.00707	0.00234	0.00581	0.00773	0.00699	0.01098
12	0.59614	0.09757	0.01421	0.01019	0.01470	0.03901	0.00858	0.06097	0.01398	0.05210	0.01115	0.01254	0.00865	0.00668	0.00466	0.00205	0.00594	0.00413	0.02864	0.00810
13	0.01724	0.01665	0.02875	0.04239	0.68877	0.01662	0.04353	0.02145	0.01591	0.02278	0.01316	0.01732	0.01104	0.00621	0.00695	0.00208	0.00841	0.00628	0.00346	0.01100
14	0.04639	0.21946	0.51676	0.01744	0.02641	0.01909	0.02153	0.02173	0.01448	0.02102	0.01169	0.01370	0.00882	0.00646	0.00599	0.00203	0.00939	0.00474	0.00301	0.00986
15	0.56784	0.14581	0.10432	0.01101	0.01637	0.01780	0.01062	0.02078	0.01264	0.02756	0.01007	0.01174	0.00796	0.00641	0.00464	0.00205	0.00638	0.00394	0.00391	0.00815
16	0.01443	0.10296	0.65552	0.01915	0.02907	0.01726	0.02450	0.02199	0.01468	0.02157	0.01226	0.01441	0.00885	0.00657	0.00643	0.00214	0.01005	0.00502	0.00295	0.01019
17	0.01886	0.46802	0.04946	0.01350	0.01845	0.11320	0.01243	0.04542	0.06433	0.01927	0.05430	0.01553	0.01344	0.00743	0.00659	0.00179	0.06033	0.00497	0.00379	0.00889
18	0.01459	0.01231	0.01435	0.01052	0.01636	0.00956	0.00836	0.04241	0.01510	0.02326	0.01405	0.05644	0.01243	0.00624	0.00545	0.00118	0.00520	0.00511	0.00438	0.72271
19	0.03045	0.01207	0.01617	0.01253	0.01783	0.01069	0.01031	0.03420	0.06189	0.67364	0.02758	0.02389	0.01752	0.00869	0.00702	0.00217	0.00591	0.00707	0.00854	0.01182
20	0.00988	0.00713	0.00933	0.00878	0.01043	0.00658	0.00658	0.01317	0.01975	0.02798	0.70754	0.05213	0.06584	0.01427	0.00823	0.00219	0.00329	0.01262	0.00768	0.00658
21	0.01015	0.00677	0.00761	0.00761	0.00761	0.00677	0.00423	0.01015	0.01015	0.01353	0.02199	0.04567	0.02537	0.75476	0.03552	0.00677	0.00677	0.01015	0.00423	0.00423
22	0.01736	0.01499	0.01578	0.01420	0.01815	0.01736	0.01105	0.03708	0.69862	0.02919	0.02840	0.02604	0.02130	0.00947	0.00710	0.00237	0.00552	0.00789	0.00710	0.01105
23	0.80405	0.01350	0.01026	0.00918	0.01350	0.01565	0.00756	0.02051	0.01188	0.03131	0.00972	0.01134	0.00756	0.00648	0.00432	0.00216	0.00540	0.00378	0.00432	0.00756
24	0.01866	0.75896	0.03657	0.01194	0.01791	0.02761	0.01194	0.02090	0.01418	0.01642	0.00970	0.01119	0.00896	0.00597	0.00448	0.00149	0.00746	0.00373	0.00299	0.00896
25	0.01736	0.01499	0.01578	0.01420	0.01815	0.01736	0.01105	0.03708	0.69862	0.02919	0.02840	0.02604	0.02130	0.00947	0.00710	0.00237	0.00552	0.00789	0.00710	0.01105
26	0.00860	0.00614	0.00821	0.00983	0.01027	0.00575	0.00664	0.00988	0.01345	0.01792	0.03841	0.72683	0.04595	0.02177	0.00893	0.00285	0.00413	0.04227	0.00648	0.00569
27	0.01015	0.00677	0.00761	0.00761	0.00761	0.00677	0.00423	0.01015	0.01015	0.01353	0.02199	0.04567	0.02537	0.75476	0.03552	0.00677	0.00677	0.01015	0.00423	0.00423
28	0.00888	0.00709	0.00795	0.00773	0.00981	0.00616	0.00580	0.01124	0.01740	0.02239	0.31780	0.06133	0.45907	0.01635	0.00824	0.00229	0.00344	0.01391	0.00695	0.00616
29	0.06046	0.01194	0.01597	0.01229	0.01765	0.01046	0.01015	0.03350	0.01967	0.69023	0.02686	0.02328	0.01691	0.00856	0.00692	0.00216	0.00592	0.00690	0.00847	0.01171
30	0.74846	0.01393	0.01102	0.00967	0.01408	0.01608	0.00797	0.06824	0.01337	0.03221	0.01022	0.01172	0.00787	0.00661	0.00451	0.00215	0.00556	0.00396	0.00451	0.00787
31	0.01301	0.00650	0.00650	0.00650	0.00813	0.00650	0.00488	0.01626	0.01463	0.02602	0.02276	0.02602	0.01789	0.00813	0.00488	0.00163	0.00325	0.00650	0.79350	0.00650
32	0.80405	0.01350	0.01026	0.00918	0.01350	0.01565	0.00756	0.02051	0.01188	0.03131	0.00972	0.01134	0.00756	0.00648	0.00432	0.00216	0.00540	0.00378	0.00432	0.00756
33	0.01700	0.01709	0.05169	0.06827	0.66288	0.01653	0.02149	0.02130	0.01578	0.02259	0.01308	0.01723	0.01091	0.00626	0.00690	0.00209	0.00840	0.00618	0.00342	0.01090
34	0.01006	0.00679	0.00765	0.00763	0.00778	0.00672	0.00435	0.01025	0.01070	0.01424	0.04740	0.04674	0.05374	0.70027	0.03351	0.00643	0.00652	0.01041	0.00444	0.00437
35	0.01015	0.00677	0.00761	0.00761	0.00761	0.00677	0.00423	0.01015	0.01015	0.01353	0.02199	0.04567	0.02537	0.75476	0.03552	0.00677	0.00677	0.01015	0.00423	0.00423
36	0.01400	0.03610	0.71860	0.01989	0.03020	0.01621	0.02578	0.02210	0.01473	0.02210	0.01252	0.01473	0.00884	0.00663	0.00663	0.00221	0.01031	0.00516	0.00295	0.01031
37	0.80405	0.01350	0.01026	0.00918	0.01350	0.01565	0.00756	0.02051	0.01188	0.03131	0.00972	0.01134	0.00756	0.00648	0.00432	0.00216	0.00540	0.00378	0.00432	0.00756
38	0.01770	0.01516	0.01597	0.01427	0.01828	0.01752	0.01113	0.06154	0.67360	0.02975	0.02796	0.02569	0.02095	0.00943	0.00710	0.00236	0.00560	0.00783	0.00710	0.01108
39	0.03131	0.01188	0.01619	0.01242	0.01781	0.01026	0.01026	0.03401	0.01997	0.71606	0.02753	0.02375	0.01727	0.00864	0.00702	0.00216	0.00594	0.00702	0.00864	0.01188
40	0.01400	0.03610	0.71860	0.01989	0.03020	0.01621	0.02578	0.02210	0.01473	0.02210	0.01252	0.01473	0.00884	0.00663	0.00663	0.00221	0.01031	0.00516	0.00295	0.01031
41	0.01647	0.01882	0.04118	0.02941	0.03647	0.01765	0.68588	0.02235	0.01647	0.02235	0.01412	0.01882	0.01059	0.00588	0.00824	0.00235	0.01176	0.00824	0.00353	0.00941
42	0.01124	0.00803	0.01124	0.01285	0.01446	0.00803	0.01124	0.01446	0.01606	0.02088	0.03695	0.07871	0.04016	0.01928	0.00964	0.00321	0.00643	0.66426	0.00643	0.00643
43	0.01118	0.00926	0.01354	0.01284	0.01380	0.01162	0.01022	0.01345	0.01109	0.01634	0.01651	0.02464	0.01555	0.04316	0.56601	0.00935	0.18415	0.00716	0.00358	0.00655
44	0.01642	0.01929	0.06180	0.02950	0.05561	0.01757	0.64638	0.02232	0.01640	0.02236	0.01404	0.01865	0.01055	0.00592	0.00815	0.00234	0.01162	0.00808	0.00351	0.00949
45	0.02653	0.01955	0.02094	0.01606	0.02164	0.02164	0.01326	0.68796	0.03281	0.04398	0.01675	0.01675	0.01187	0.00838	0.00698	0.00209	0.00768	0.00628	0.00698	0.01187
46	0.00850	0.00607	0.00810	0.00972	0.01012	0.00567	0.00648	0.00972	0.01336	0.01781	0.03846	0.75020	0.04615	0.02186	0.00891	0.00283	0.00405	0.01984	0.00648	0.00567
47	0.01437	0.00941	0.00824	0.00797	0.00975	0.07847	0.00602	0.01743	0.01503	0.02487	0.02120	0.02438	0.01676	0.00815	0.00552	0.00168	0.02478	0.00629	0.69298	0.00669
48	0.01066	0.00839	0.01233	0.01083	0.01299	0.00789	0.06725	0.01464	0.04134	0.02715	0.59897	0.07404	0.05874	0.01364	0.00822	0.00224	0.00415	0.01234	0.00725	0.00695
49	0.01736	0.01499	0.01578	0.01420	0.01815	0.01736	0.01105	0.03708	0.69862	0.02919	0.02840	0.02604	0.02130	0.00947	0.00710	0.00237	0.00552	0.00789	0.00710	0.01105
50	0.00850	0.00607	0.00810	0.00972	0.01012	0.00567	0.00648	0.00972	0.01336	0.01781	0.03846	0.75020	0.04615	0.02186	0.00891	0.00283	0.00405	0.01984	0.00648	0.00567
51	0.55306	0.01324	0.01235	0.01036	0.01503	0.01431	0.00854	0.04833	0.01496	0.22948	0.01511	0.01512	0.01052	0.00717	0.00519	0.00216	0.00564	0.00480	0.00566	0.00896
52	0.02685	0.01902	0.02062	0.01581	0.02138	0.02086	0.01306	0.64321	0.03193	0.08997	0.01749	0.01723	0.01224	0.00839	0.00698	0.00210	0.00756	0.00633	0.00709	0.01187
53	0.00850	0.00607	0.00810	0.00972	0.01012	0.00567	0.00648	0.00972	0.01336	0.01781	0.03846	0.75020	0.04615	0.02186	0.00891	0.00283	0.00405	0.01984	0.00648	0.00567
54	0.01447	0.01240	0.01447	0.01034	0.01654	0.00930	0.00827	0.01757	0.01447	0.02274	0.01240	0.01447	0.01034	0.00517	0.00517	0.00103	0.00517	0.00413	0.00413	0.79742
55	0.01724	0.01666	0.02881	0.04233	0.68587	0.01662	0.04639	0.02145	0.01591	0.02278	0.01316	0.01733	0.01104	0.00621	0.00696	0.00208	0.00842	0.00629	0.00346	0.01099
56	0.01485	0.01288	0.01544	0.01135	0.01733	0.01044	0.02969	0.01983	0.08867	0.02343	0.01419	0.01586	0.01153	0.00566	0.00547	0.00122	0.00541	0.00467	0.00444	0.68764
57	0.01736	0.01499	0.01578	0.01420	0.01815	0.01736	0.01105	0.03708	0.69862	0.02919	0.02840	0.02604	0.02130	0.00947	0.00710	0.00237	0.00552	0.00789	0.00710	0.01105
58	0.01447	0.01478	0.02829	0.42270	0.08205	0.01607	0.25841	0.01944	0.01496	0.01975	0.01377	0.03854	0.01087	0.00694	0.00748	0.00233	0.00998	0.00730	0.00337	0.00849
59	0.00988	0.00713	0.00933	0.00878	0.01043	0.00658	0.00658	0.01317	0.01975	0.02798	0.70754	0.05213	0.06584	0.01427	0.00823	0.00219	0.00329	0.01262	0.00768	0.00658
60	0.00997	0.00745	0.01110	0.01110	0.01231	0.00866	0.00858	0.01239	0.01118	0.01612	0.01879	0.02797	0.01769	0.07389	0.70588	0.01108	0.01833	0.00756	0.00375	0.00617
61	0.01301	0.00650	0.00650	0.00650	0.00813	0.00650	0.00488	0.01626	0.01463	0.02602	0.02276	0.02602	0.01789	0.00813	0.00488	0.00163	0.00325	0.00650	0.79350	0.00650
62	0.80405	0.01350	0.01026	0.00918	0.01350	0.01565	0.00756	0.02051	0.01188	0.03131	0.00972	0.01134	0.00756	0.00648	0.00432	0.00216	0.00540	0.00378	0.00432	0.00756
63	0.01527	0.01527	0.02137	0.01832	0.01832	0.02137	0.01527	0.01679	0.01069	0.01679	0.00916	0.01527	0.00916	0.01221	0.02290	0.00305	0.74198	0.00611	0.00305	0.00763
64	0.01400	0.03610	0.71860	0.01989	0.03020	0.01621	0.02578	0.02210	0.01473	0.02210	0.01252	0.01473	0.00884	0.00663	0.00663	0.00221	0.01031	0.00516	0.00295	0.01031
65	0.00984	0.00735	0.01094	0.01108	0.01225	0.00845	0.00852	0.01222	0.01141	0.01634	0.02045	0.09181	0.02000	0.04962	0.66311	0.01047	0.01739	0.00858	0.00398	0.00618
66	0.01801	0.01546	0.01727	0.01688	0.08015	0.01759	0.01213	0.08222	0.59018	0.02968	0.02621	0.02459	0.01971	0.00910	0.00707	0.00232	0.00592	0.00763	0.00677	0.01110
67	0.01109	0.00808	0.01118	0.01194	0.07306	0.00755	0.00801	0.01439	0.01924	0.04639	0.60794	0.06784	0.05906	0.01361	0.00810	0.00220	0.00383	0.01210	0.00730	0.00710
68	0.01649	0.01564	0.02652	0.03988	0.64876	0.01561	0.02009	0.02037	0.01566	0.02235	0.01538	0.08258	0.01418	0.00761	0.00709	0.00214	0.00791	0.00743	0.00372	0.01057
69	0.02462	0.03093	0.01884	0.01716	0.02058	0.66258	0.01287	0.02656	0.01977	0.01805	0.07287	0.01611	0.01405	0.00782	0.00646	0.00183	0.01176	0.00522	0.00396	0.00796
70	0.07938	0.00673	0.00829	0.00967	0.01042	0.00656	0.00657	0.01068	0.01323	0.01902	0.03590	0.68437	0.04271	0.02049	0.00850	0.00277	0.00417	0.01841	0.00629	0.00584
71	0.01631	0.02192	0.14647	0.02533	0.03210	0.07967	0.46666	0.02183	0.01624	0.02149	0.01544	0.07398	0.01290	0.00735	0.00785	0.00232	0.01101	0.00830	0.00367	0.00915
72	0.01060	0.00752	0.00884	0.00857	0.00857	0.00807	0.00521	0.01074	0.01020	0.01382	0.02084	0.04296	0.02393	0.68860	0.03439	0.00643	0.07227	0.00979	0.00412	0.00453
73	0.02999	0.01249	0.01842	0.01393	0.01948	0.01091	0.07045	0.03297	0.01966	0.65425	0.02634	0.02331	0.01668	0.00839	0.00713	0.00218	0.00646	0.00713	0.00818	0.01166
74	0.01237	0.00856	0.01255	0.01204	0.01383	0.00812	0.06710	0.05375	0.01562	0.08236	0.05802	0.55207	0.03910	0.01820	0.00854	0.00266	0.00509	0.01660	0.00648	0.00696
75	0.01736	0.01499	0.01578	0.01420	0.01815	0.01736	0.01105	0.03708	0.69862	0.02919	0.02840	0.02604	0.02130	0.00947	0.00710	0.00237	0.00552	0.00789	0.00710	0.01105
76	0.01015	0.00964	0.07244	0.00984	0.01217	0.00738	0.00829	0.01372	0.01885	0.02673	0.59778	0.09871	0.05936	0.01413	0.00814	0.00224	0.00397	0.01247	0.00717	0.00685
77	0.01429	0.03436	0.65710	0.02193	0.09088	0.01624	0.02539	0.02204	0.01484	0.02216	0.01258	0.01496	0.00904	0.00659	0.00665	0.00220	0.01013	0.00525	0.00299	0.01038
78	0.01444	0.01234	0.01518	0.01123	0.01693	0.00974	0.03505	0.04040	0.01509	0.02302	0.01494	0.08028	0.01359	0.00680	0.00569	0.00128	0.00542	0.00577	0.00442	0.66840
79	0.06430	0.36391	0.10237	0.01611	0.06028	0.13741	0.01424	0.10655	0.01737	0.02184	0.01126	0.01298	0.00937	0.00677	0.00599	0.00181	0.02989	0.00455	0.00369	0.00933

[dist]
# distance from previous block
# <min> <max>
6	103

[block]
# block no. 3 follows, 30 sequences, length 20
# corresponding to MSA columns:
# 363-382
name=unknown_D
#
# <colnr> <probs for GDERKNQSTAVLIFYWHMCP>
#	G	D	E	R	K	N	Q	S	T	A	V	L	I	F	Y	W	H	M	C	P
0	0.01643	0.02158	0.20500	0.03696	0.53691	0.01648	0.02253	0.02159	0.01559	0.02262	0.01297	0.01662	0.01049	0.00632	0.00684	0.00211	0.00881	0.00595	0.00332	0.01086
1	0.01433	0.00759	0.01013	0.01031	0.01206	0.00685	0.00740	0.01595	0.01515	0.19657	0.03685	0.53916	0.06310	0.01832	0.00840	0.00264	0.00451	0.01637	0.00703	0.00727
2	0.02084	0.01260	0.01500	0.01234	0.01655	0.01251	0.02574	0.18425	0.09380	0.23741	0.03650	0.08323	0.19512	0.01182	0.00749	0.00227	0.00571	0.00982	0.00725	0.00977
3	0.01119	0.00606	0.00884	0.00925	0.00935	0.00596	0.00617	0.00925	0.01018	0.01358	0.01886	0.20780	0.02083	0.02363	0.02257	0.59371	0.00555	0.00959	0.00391	0.00371
4	0.02751	0.01365	0.02259	0.01677	0.02259	0.01215	0.18319	0.03102	0.01908	0.53850	0.02410	0.02249	0.01556	0.00793	0.00733	0.00221	0.00743	0.00733	0.00733	0.01125
5	0.01624	0.01963	0.11551	0.10995	0.20789	0.04035	0.30047	0.02192	0.03230	0.02203	0.01398	0.01809	0.01078	0.00638	0.00736	0.00222	0.01003	0.00693	0.02826	0.00966
6	0.06722	0.01760	0.04175	0.24879	0.07974	0.08368	0.17323	0.06069	0.01578	0.02155	0.01234	0.01686	0.00971	0.00747	0.00928	0.00234	0.11338	0.00633	0.00357	0.00868
7	0.01673	0.01776	0.03419	0.02603	0.05752	0.01753	0.48780	0.02609	0.19105	0.02412	0.01774	0.02061	0.01335	0.00681	0.00789	0.00235	0.01003	0.00807	0.00444	0.00989
8	0.01440	0.01382	0.02392	0.52166	0.21717	0.01590	0.05602	0.01899	0.01459	0.01935	0.01268	0.01828	0.00982	0.00672	0.00703	0.00226	0.00918	0.00632	0.00321	0.00869
9	0.01550	0.02400	0.26220	0.13941	0.05829	0.04257	0.31307	0.02172	0.01559	0.02137	0.01316	0.01715	0.00976	0.00636	0.00738	0.00227	0.01080	0.00668	0.00327	0.00945
10	0.02028	0.01138	0.03544	0.01199	0.03645	0.00991	0.00947	0.05212	0.06195	0.32494	0.11788	0.05448	0.20015	0.01183	0.00751	0.00224	0.00522	0.00989	0.00742	0.00945
11	0.49384	0.06252	0.01422	0.01088	0.01553	0.07171	0.00900	0.02458	0.01473	0.20448	0.01436	0.01460	0.01025	0.00705	0.00518	0.00209	0.00624	0.00466	0.00528	0.00879
12	0.21317	0.00953	0.01231	0.01171	0.01376	0.00989	0.07511	0.01396	0.01310	0.02154	0.02727	0.44215	0.03095	0.04270	0.00901	0.00276	0.02526	0.01384	0.00545	0.00653
13	0.01578	0.01867	0.19585	0.01368	0.02090	0.01146	0.03873	0.02023	0.01506	0.07834	0.01372	0.01545	0.01052	0.00585	0.00581	0.00148	0.00680	0.00478	0.00417	0.50273
14	0.01995	0.01628	0.01724	0.01473	0.01913	0.01857	0.01167	0.22128	0.51020	0.03338	0.02511	0.02341	0.01863	0.00916	0.00707	0.00229	0.00613	0.00743	0.00707	0.01128
15	0.00848	0.00708	0.00739	0.00731	0.00957	0.00599	0.00548	0.01046	0.01645	0.02013	0.16016	0.06505	0.61813	0.01719	0.00825	0.00233	0.00350	0.01443	0.00665	0.00599
16	0.01447	0.01240	0.01447	0.01034	0.01654	0.00930	0.00827	0.01757	0.01447	0.02274	0.01240	0.01447	0.01034	0.00517	0.00517	0.00103	0.00517	0.00413	0.00413	0.79742
17	0.02395	0.01936	0.02612	0.01947	0.02544	0.02062	0.18542	0.51759	0.02863	0.03844	0.01608	0.01728	0.01154	0.00774	0.00730	0.00216	0.00872	0.00678	0.00610	0.01124
18	0.01503	0.01296	0.01355	0.01238	0.01591	0.01442	0.00958	0.03015	0.52388	0.02654	0.03923	0.03656	0.19717	0.01157	0.00739	0.00236	0.00501	0.00964	0.00694	0.00973
19	0.00834	0.00670	0.00745	0.00804	0.00968	0.00581	0.00574	0.00990	0.01497	0.01847	0.05882	0.31884	0.46437	0.01922	0.00849	0.00253	0.00372	0.01661	0.00648	0.00581

[dist]
# distance from previous block
# <min> <max>
0	16

[block]
# block no. 4 follows, 30 sequences, length 25
# corresponding to MSA columns:
# 399-423
name=unknown_E
#
# <colnr> <probs for GDERKNQSTAVLIFYWHMCP>
#	G	D	E	R	K	N	Q	S	T	A	V	L	I	F	Y	W	H	M	C	P
0	0.05103	0.06074	0.41134	0.01821	0.02615	0.01675	0.07453	0.02587	0.16269	0.06081	0.01663	0.01768	0.01207	0.00725	0.00668	0.00222	0.00882	0.00597	0.00426	0.01030
1	0.01609	0.24207	0.45999	0.01777	0.02646	0.01982	0.04644	0.05695	0.01560	0.02163	0.01200	0.01398	0.00910	0.00650	0.00609	0.00200	0.00941	0.00492	0.00319	0.00997
2	0.01773	0.03087	0.56692	0.01828	0.02753	0.01492	0.02243	0.02467	0.01586	0.17196	0.01576	0.01668	0.01066	0.00706	0.00671	0.00220	0.00937	0.00556	0.00418	0.01065
3	0.00932	0.00654	0.00867	0.01003	0.01068	0.00624	0.00715	0.01065	0.01352	0.01784	0.03678	0.50622	0.06510	0.08170	0.01203	0.03837	0.00480	0.14263	0.00613	0.00559
4	0.01660	0.03548	0.56769	0.01948	0.02834	0.16965	0.02313	0.02334	0.01582	0.02102	0.01215	0.01427	0.00887	0.00675	0.00656	0.00212	0.01080	0.00501	0.00309	0.00983
5	0.01777	0.01612	0.02160	0.01761	0.02233	0.01770	0.15692	0.07684	0.50739	0.02869	0.02455	0.02387	0.01837	0.00862	0.00734	0.00235	0.00701	0.00786	0.00632	0.01075
6	0.02263	0.02754	0.01715	0.01574	0.01856	0.57126	0.01148	0.02404	0.01770	0.01631	0.01321	0.01973	0.01253	0.16863	0.01260	0.00287	0.01133	0.00572	0.00373	0.00726
7	0.01500	0.01272	0.01476	0.01059	0.01676	0.00985	0.00849	0.04725	0.01528	0.02368	0.01260	0.01457	0.01040	0.00531	0.00525	0.00108	0.00528	0.00423	0.00426	0.76264
8	0.01199	0.16920	0.01386	0.00855	0.00984	0.01127	0.00589	0.01247	0.01102	0.01415	0.01933	0.03822	0.02183	0.59306	0.02881	0.00563	0.00692	0.00876	0.00396	0.00525
9	0.01053	0.00778	0.01024	0.01139	0.01316	0.00749	0.00972	0.01343	0.01622	0.02082	0.07967	0.07481	0.18582	0.01867	0.00926	0.00297	0.00564	0.48956	0.00650	0.00632
10	0.01606	0.01395	0.02093	0.58208	0.04236	0.01683	0.01806	0.16254	0.01803	0.02348	0.01334	0.01820	0.00986	0.00728	0.00698	0.00228	0.00895	0.00622	0.00394	0.00864
11	0.01463	0.00836	0.01092	0.01001	0.01231	0.00772	0.00757	0.04257	0.01892	0.16821	0.39644	0.19567	0.04951	0.01452	0.00808	0.00232	0.00417	0.01278	0.00759	0.00768
12	0.01806	0.56402	0.18299	0.01393	0.02076	0.04327	0.01501	0.03925	0.01495	0.01840	0.01053	0.01214	0.00901	0.00621	0.00506	0.00167	0.00822	0.00413	0.00310	0.00930
13	0.01356	0.17195	0.01802	0.01352	0.04805	0.04358	0.03339	0.04564	0.05160	0.01981	0.02742	0.39162	0.03044	0.01510	0.00758	0.00241	0.00599	0.04746	0.00540	0.00747
14	0.01582	0.01386	0.01811	0.01807	0.16694	0.01220	0.01172	0.05457	0.03098	0.02379	0.01302	0.01549	0.01077	0.00595	0.00640	0.00143	0.03564	0.00486	0.00416	0.53624
15	0.01860	0.02873	0.49307	0.01862	0.02745	0.01478	0.06621	0.02517	0.01619	0.19991	0.01648	0.01732	0.01112	0.00709	0.00684	0.00221	0.00929	0.00584	0.00444	0.01065
16	0.01364	0.00783	0.00981	0.00936	0.01165	0.00691	0.00698	0.01576	0.01683	0.17100	0.18372	0.25591	0.23102	0.01625	0.00817	0.00242	0.00415	0.01413	0.00719	0.00726
17	0.01479	0.01597	0.03346	0.02575	0.06065	0.01501	0.50975	0.01958	0.01577	0.02139	0.01933	0.17670	0.01829	0.00935	0.00832	0.00244	0.00994	0.01065	0.00416	0.00868
18	0.05578	0.06494	0.55818	0.05669	0.02876	0.01619	0.02264	0.02268	0.01494	0.07724	0.01344	0.01532	0.00947	0.00677	0.00646	0.00218	0.00953	0.00522	0.00348	0.01010
19	0.01547	0.01943	0.17445	0.17801	0.36704	0.01579	0.02081	0.03925	0.01563	0.02196	0.01509	0.04605	0.02570	0.00736	0.00697	0.00219	0.00866	0.00668	0.00355	0.00993
20	0.01087	0.00732	0.00954	0.00913	0.01090	0.00672	0.00689	0.01386	0.01884	0.06301	0.55118	0.11575	0.09315	0.01503	0.00828	0.00230	0.00364	0.03931	0.00751	0.00674
21	0.80405	0.01350	0.01026	0.00918	0.01350	0.01565	0.00756	0.02051	0.01188	0.03131	0.00972	0.01134	0.00756	0.00648	0.00432	0.00216	0.00540	0.00378	0.00432	0.00756
22	0.01721	0.01428	0.01120	0.01034	0.01270	0.18431	0.00777	0.08148	0.01731	0.02462	0.01957	0.03880	0.01619	0.05064	0.00725	0.00203	0.00617	0.00649	0.46439	0.00725
23	0.01754	0.21808	0.06189	0.05467	0.34193	0.04695	0.09987	0.02141	0.01538	0.02043	0.01207	0.01552	0.01014	0.00637	0.00685	0.00198	0.03003	0.00568	0.00330	0.00993
24	0.02597	0.04846	0.02135	0.01595	0.02141	0.05902	0.01317	0.61120	0.04813	0.04113	0.01646	0.01655	0.01184	0.00825	0.00685	0.00206	0.00788	0.00613	0.00665	0.01154

[dist]
# distance from previous block
# <min> <max>
0	7

[block]
# block no. 5 follows, 30 sequences, length 17
# corresponding to MSA columns:
# 431-447
name=unknown_F
#
# <colnr> <probs for GDERKNQSTAVLIFYWHMCP>
#	G	D	E	R	K	N	Q	S	T	A	V	L	I	F	Y	W	H	M	C	P
0	0.01653	0.01234	0.01468	0.01059	0.01669	0.00942	0.00851	0.01959	0.01514	0.10769	0.01426	0.01561	0.01119	0.00559	0.00539	0.00117	0.00526	0.00449	0.00469	0.70116
