[name]
unknown

[dist]
# distance from previous block
# <min> <max>
0	20

[block]
# block no. 0 follows, 30 sequences, length 8
# corresponding to MSA columns:
# 21-28
name=unknown_A
#
# <colnr> <probs for GDERKNQSTAVLIFYWHMCP>
#	G	D	E	R	K	N	Q	S	T	A	V	L	I	F	Y	W	H	M	C	P
0	0.01146	0.00836	0.01132	0.01271	0.01438	0.00850	0.01087	0.01566	0.06293	0.02122	0.03647	0.12619	0.03932	0.01880	0.00941	0.00313	0.00618	0.56995	0.00648	0.00669
1	0.63795	0.01315	0.01153	0.00987	0.01442	0.01449	0.00814	0.02341	0.01362	0.17849	0.01355	0.01400	0.00965	0.00694	0.00490	0.00216	0.00551	0.00447	0.00525	0.00849
2	0.02038	0.01101	0.01370	0.01098	0.01517	0.00961	0.00849	0.06336	0.01691	0.29145	0.02304	0.10577	0.01960	0.13146	0.01139	0.00268	0.00576	0.00813	0.00634	0.22475
3	0.01727	0.01658	0.02832	0.04283	0.71123	0.01658	0.02142	0.02142	0.01589	0.02280	0.01313	0.01727	0.01105	0.00622	0.00691	0.00207	0.00829	0.00622	0.00345	0.01105
4	0.01318	0.01240	0.02093	0.73798	0.04806	0.01550	0.01938	0.01783	0.01395	0.01783	0.01240	0.01860	0.00930	0.00698	0.00698	0.00233	0.00930	0.00620	0.00310	0.00775
5	0.01647	0.01882	0.04118	0.02941	0.03647	0.01765	0.68588	0.02235	0.01647	0.02235	0.01412	0.01882	0.01059	0.00588	0.00824	0.00235	0.01176	0.00824	0.00353	0.00941
6	0.01318	0.01240	0.02093	0.73798	0.04806	0.01550	0.01938	0.01783	0.01395	0.01783	0.01240	0.01860	0.00930	0.00698	0.00698	0.00233	0.00930	0.00620	0.00310	0.00775
7	0.01062	0.00836	0.00986	0.01033	0.01219	0.00831	0.00787	0.01579	0.13722	0.02140	0.09188	0.26713	0.21779	0.01753	0.00850	0.00265	0.00456	0.13447	0.00666	0.00689

[dist]
# distance from previous block
# <min> <max>
10	26

[block]
# block no. 1 follows, 30 sequences, length 6
# corresponding to MSA columns:
# 68-73
name=unknown_B
#
# <colnr> <probs for GDERKNQSTAVLIFYWHMCP>
#	G	D	E	R	K	N	Q	S	T	A	V	L	I	F	Y	W	H	M	C	P
0	0.14568	0.02009	0.01880	0.01503	0.02011	0.12338	0.01221	0.44280	0.02679	0.08562	0.01556	0.01581	0.01117	0.00793	0.00648	0.00207	0.00793	0.00569	0.00619	0.01065
1	0.01005	0.00715	0.00958	0.00958	0.01026	0.00783	0.00668	0.01141	0.01073	0.01499	0.02019	0.03569	0.02104	0.37101	0.41334	0.00920	0.01328	0.00869	0.00396	0.00532
2	0.01076	0.00779	0.01063	0.01210	0.01367	0.00765	0.01034	0.01368	0.01582	0.02045	0.03993	0.13448	0.09713	0.01936	0.00946	0.00311	0.00598	0.55492	0.00643	0.00632
3	0.00999	0.00741	0.01087	0.01087	0.01199	0.00853	0.00829	0.01224	0.01111	0.01594	0.01901	0.02919	0.01821	0.12052	0.65997	0.01078	0.01753	0.00774	0.00379	0.00604
4	0.02506	0.07854	0.02068	0.01724	0.02112	0.59615	0.01322	0.06545	0.06331	0.01933	0.01217	0.01359	0.00993	0.00732	0.00626	0.00183	0.01152	0.00476	0.00397	0.00855
5	0.01788	0.01251	0.01490	0.01103	0.01690	0.01011	0.00886	0.02220	0.06893	0.15440	0.01651	0.01713	0.01250	0.00616	0.00567	0.00135	0.00534	0.00497	0.00522	0.58742

[dist]
# distance from previous block
# <min> <max>
5	15

[block]
# block no. 2 follows, 30 sequences, length 94
# corresponding to MSA columns:
# 92-185
name=unknown_C
#
# <colnr> <probs for GDERKNQSTAVLIFYWHMCP>
#	G	D	E	R	K	N	Q	S	T	A	V	L	I	F	Y	W	H	M	C	P
0	0.01523	0.01270	0.01471	0.01082	0.01665	0.01021	0.00862	0.07737	0.01606	0.02438	0.01420	0.05439	0.01241	0.00636	0.00553	0.00123	0.00533	0.00518	0.00452	0.68411
1	0.01447	0.01240	0.01447	0.01034	0.01654	0.00930	0.00827	0.01757	0.01447	0.02274	0.01240	0.01447	0.01034	0.00517	0.00517	0.00103	0.00517	0.00413	0.00413	0.79742
2	0.01488	0.01217	0.01432	0.01035	0.01634	0.00923	0.00827	0.01798	0.01488	0.04760	0.04100	0.01632	0.01282	0.00566	0.00536	0.00112	0.00512	0.00458	0.00444	0.73756
3	0.01009	0.00674	0.00763	0.00768	0.00769	0.00673	0.00430	0.01013	0.01025	0.01367	0.02253	0.06894	0.02606	0.73054	0.03464	0.00664	0.00668	0.01047	0.00430	0.00428
4	0.01447	0.01240	0.01447	0.01034	0.01654	0.00930	0.00827	0.01757	0.01447	0.02274	0.01240	0.01447	0.01034	0.00517	0.00517	0.00103	0.00517	0.00413	0.00413	0.79742
5	0.01116	0.00738	0.00970	0.00905	0.01088	0.00677	0.00681	0.01432	0.01948	0.07075	0.63523	0.08122	0.06192	0.01425	0.00818	0.00222	0.00349	0.01259	0.00769	0.00688
6	0.00988	0.00713	0.00933	0.00878	0.01043	0.00658	0.00658	0.01317	0.01975	0.02798	0.70754	0.05213	0.06584	0.01427	0.00823	0.00219	0.00329	0.01262	0.00768	0.00658
7	0.01359	0.01283	0.02168	0.66753	0.11527	0.01561	0.01959	0.01819	0.01415	0.01833	0.01248	0.01847	0.00948	0.00690	0.00697	0.00230	0.00920	0.00620	0.00314	0.00809
8	0.00849	0.00612	0.00805	0.00960	0.01009	0.00568	0.00642	0.00973	0.01348	0.01786	0.03993	0.71906	0.07635	0.02167	0.00888	0.00281	0.00403	0.01961	0.00648	0.00568
9	0.01318	0.01240	0.02093	0.73798	0.04806	0.01550	0.01938	0.01783	0.01395	0.01783	0.01240	0.01860	0.00930	0.00698	0.00698	0.00233	0.00930	0.00620	0.00310	0.00775
10	0.80405	0.01350	0.01026	0.00918	0.01350	0.01565	0.00756	0.02051	0.01188	0.03131	0.00972	0.01134	0.00756	0.00648	0.00432	0.00216	0.00540	0.00378	0.00432	0.00756
11	0.00850	0.00607	0.00810	0.00972	0.01012	0.00567	0.00648	0.00972	0.01336	0.01781	0.03846	0.75020	0.04615	0.02186	0.00891	0.00283	0.00405	0.01984	0.00648	0.00567
12	0.01447	0.01240	0.01447	0.01034	0.01654	0.00930	0.00827	0.01757	0.01447	0.02274	0.01240	0.01447	0.01034	0.00517	0.00517	0.00103	0.00517	0.00413	0.00413	0.79742
13	0.01015	0.00677	0.00761	0.00761	0.00761	0.00677	0.00423	0.01015	0.01015	0.01353	0.02199	0.04567	0.02537	0.75476	0.03552	0.00677	0.00677	0.01015	0.00423	0.00423
14	0.01898	0.72685	0.03582	0.01221	0.01807	0.05854	0.01201	0.02120	0.01443	0.01645	0.00975	0.01126	0.00896	0.00602	0.00456	0.00151	0.00769	0.00377	0.00301	0.00892
15	0.01301	0.00650	0.00650	0.00650	0.00813	0.00650	0.00488	0.01626	0.01463	0.02602	0.02276	0.02602	0.01789	0.00813	0.00488	0.00163	0.00325	0.00650	0.79350	0.00650
16	0.02247	0.01519	0.01700	0.01423	0.01881	0.01652	0.01145	0.20170	0.35271	0.18150	0.02560	0.02539	0.01881	0.00942	0.00716	0.00229	0.00620	0.03494	0.00737	0.01124
17	0.01400	0.03610	0.71860	0.01989	0.03020	0.01621	0.02578	0.02210	0.01473	0.02210	0.01252	0.01473	0.00884	0.00663	0.00663	0.00221	0.01031	0.00516	0.00295	0.01031
18	0.02025	0.01313	0.01499	0.04217	0.01804	0.03517	0.01045	0.03076	0.33502	0.23339	0.04875	0.10120	0.04411	0.01071	0.00730	0.00233	0.00574	0.00903	0.00723	0.01023
19	0.01758	0.59205	0.19405	0.01378	0.02075	0.02498	0.01514	0.02117	0.01431	0.01773	0.01035	0.01201	0.00893	0.00612	0.00497	0.00166	0.00812	0.00406	0.00298	0.00927
20	0.00950	0.00712	0.00881	0.00838	0.01019	0.00642	0.00629	0.01244	0.01886	0.02587	0.56050	0.05560	0.21421	0.01505	0.00823	0.00223	0.00335	0.01311	0.00740	0.00642
21	0.02425	0.01084	0.01556	0.01239	0.01673	0.00962	0.04573	0.02718	0.01920	0.47848	0.17556	0.05913	0.02870	0.01160	0.02964	0.00248	0.00599	0.00884	0.00791	0.01016
22	0.01526	0.23219	0.53359	0.01773	0.02687	0.01930	0.02203	0.02177	0.01458	0.02056	0.01176	0.01377	0.00887	0.00645	0.00605	0.00202	0.00954	0.00477	0.00296	0.00994
23	0.01015	0.00677	0.00761	0.00761	0.00761	0.00677	0.00423	0.01015	0.01015	0.01353	0.02199	0.04567	0.02537	0.75476	0.03552	0.00677	0.00677	0.01015	0.00423	0.00423
24	0.00970	0.00658	0.00774	0.00818	0.00829	0.00647	0.00484	0.01003	0.01102	0.01469	0.02647	0.23716	0.03102	0.55555	0.02828	0.00570	0.00603	0.01278	0.00484	0.00462
25	0.04731	0.01550	0.02061	0.05651	0.01977	0.04245	0.01487	0.01737	0.01133	0.01766	0.00952	0.01518	0.00914	0.01129	0.02014	0.00287	0.62369	0.00590	0.00316	0.03573
26	0.77571	0.01372	0.01065	0.00943	0.01379	0.01587	0.00777	0.04484	0.01264	0.03177	0.00997	0.01153	0.00771	0.00655	0.00442	0.00216	0.00548	0.00387	0.00442	0.00771
27	0.00850	0.00607	0.00810	0.00972	0.01012	0.00567	0.00648	0.00972	0.01336	0.01781	0.03846	0.75020	0.04615	0.02186	0.00891	0.00283	0.00405	0.01984	0.00648	0.00567
28	0.01866	0.75896	0.03657	0.01194	0.01791	0.02761	0.01194	0.02090	0.01418	0.01642	0.00970	0.01119	0.00896	0.00597	0.00448	0.00149	0.00746	0.00373	0.00299	0.00896
29	0.00892	0.00704	0.00804	0.00790	0.00987	0.00616	0.00588	0.01128	0.01733	0.02249	0.32679	0.09794	0.41250	0.01652	0.00828	0.00232	0.00346	0.01415	0.00697	0.00616
30	0.00965	0.00712	0.00902	0.00855	0.01029	0.00649	0.00641	0.01274	0.01923	0.02674	0.62051	0.05418	0.15366	0.01473	0.00823	0.00222	0.00333	0.01291	0.00752	0.00649
31	0.01866	0.75896	0.03657	0.01194	0.01791	0.02761	0.01194	0.02090	0.01418	0.01642	0.00970	0.01119	0.00896	0.00597	0.00448	0.00149	0.00746	0.00373	0.00299	0.00896
32	0.00959	0.00712	0.00894	0.00848	0.01025	0.00646	0.00636	0.01262	0.01909	0.02640	0.59739	0.05473	0.17698	0.01486	0.00823	0.00222	0.00333	0.01298	0.00747	0.00646
33	0.00850	0.00607	0.00810	0.00972	0.01012	0.00567	0.00648	0.00972	0.01336	0.01781	0.03846	0.75020	0.04615	0.02186	0.00891	0.00283	0.00405	0.01984	0.00648	0.00567
34	0.00994	0.00668	0.00767	0.00788	0.00793	0.00663	0.00452	0.01009	0.01056	0.01408	0.02409	0.13575	0.02803	0.66104	0.03212	0.00626	0.00642	0.01139	0.00452	0.00441
35	0.00982	0.00713	0.00925	0.00872	0.01039	0.00656	0.00654	0.01306	0.01962	0.02766	0.68511	0.05266	0.08848	0.01439	0.00823	0.00220	0.00330	0.01269	0.00764	0.00656
36	0.01527	0.01527	0.02137	0.01832	0.01832	0.02137	0.01527	0.01679	0.01069	0.01679	0.00916	0.01527	0.00916	0.01221	0.02290	0.00305	0.74198	0.00611	0.00305	0.00763
37	0.01745	0.01715	0.02739	0.06298	0.62779	0.04914	0.02072	0.02139	0.01577	0.02211	0.01282	0.01701	0.01082	0.00655	0.00759	0.00211	0.04098	0.00613	0.00343	0.01066
38	0.34033	0.05616	0.01677	0.01398	0.01815	0.34600	0.01100	0.08292	0.01749	0.02518	0.01083	0.01239	0.00866	0.00695	0.00547	0.00196	0.00902	0.00433	0.00416	0.00825
39	0.56038	0.01801	0.01338	0.01170	0.01603	0.15233	0.00939	0.10342	0.01594	0.03014	0.01078	0.01224	0.00836	0.00685	0.00502	0.00208	0.00705	0.00422	0.00451	0.00819
40	0.01613	0.01542	0.02627	0.23646	0.52651	0.01628	0.02085	0.02042	0.01535	0.02141	0.01292	0.01764	0.01057	0.00643	0.00693	0.00214	0.00857	0.00621	0.00336	0.01013
41	0.00999	0.00677	0.00788	0.00792	0.00817	0.00666	0.00470	0.01052	0.01167	0.01578	0.11533	0.09640	0.03228	0.60332	0.02997	0.00587	0.00611	0.01117	0.00485	0.00465
42	0.01862	0.01562	0.01649	0.01446	0.01863	0.01795	0.01135	0.12681	0.60683	0.03123	0.02680	0.02476	0.02000	0.00932	0.00708	0.00233	0.00582	0.00767	0.00708	0.01116
43	0.80405	0.01350	0.01026	0.00918	0.01350	0.01565	0.00756	0.02051	0.01188	0.03131	0.00972	0.01134	0.00756	0.00648	0.00432	0.00216	0.00540	0.00378	0.00432	0.00756
44	0.01400	0.03610	0.71860	0.01989	0.03020	0.01621	0.02578	0.02210	0.01473	0.02210	0.01252	0.01473	0.00884	0.00663	0.00663	0.00221	0.01031	0.00516	0.00295	0.01031
45	0.14381	0.01211	0.01533	0.01194	0.01719	0.01104	0.00986	0.03204	0.01879	0.61637	0.02494	0.02194	0.01586	0.00832	0.00662	0.00216	0.00586	0.00655	0.00801	0.01125
46	0.01010	0.00695	0.00853	0.00853	0.00885	0.00727	0.00538	0.01074	0.01042	0.01421	0.02114	0.04100	0.02334	0.57501	0.21250	0.00790	0.00982	0.00946	0.00410	0.00474
47	0.01301	0.00650	0.00650	0.00650	0.00813	0.00650	0.00488	0.01626	0.01463	0.02602	0.02276	0.02602	0.01789	0.00813	0.00488	0.00163	0.00325	0.00650	0.79350	0.00650
48	0.00982	0.00713	0.00925	0.00872	0.01039	0.00656	0.00654	0.01306	0.01962	0.02766	0.68478	0.05266	0.08881	0.01439	0.00823	0.00220	0.00330	0.01270	0.00764	0.00656
49	0.00850	0.00607	0.00810	0.00972	0.01012	0.00567	0.00648	0.00972	0.01336	0.01781	0.03846	0.75020	0.04615	0.02186	0.00891	0.00283	0.00405	0.01984	0.00648	0.00567
50	0.80405	0.01350	0.01026	0.00918	0.01350	0.01565	0.00756	0.02051	0.01188	0.03131	0.00972	0.01134	0.00756	0.00648	0.00432	0.00216	0.00540	0.00378	0.00432	0.00756
51	0.01006	0.00745	0.01107	0.01107	0.01233	0.00865	0.00860	0.01258	0.01132	0.01651	0.01882	0.02737	0.01746	0.05095	0.70447	0.01091	0.01821	0.00745	0.02849	0.00624
52	0.01447	0.01240	0.01447	0.01034	0.01654	0.00930	0.00827	0.01757	0.01447	0.02274	0.01240	0.01447	0.01034	0.00517	0.00517	0.00103	0.00517	0.00413	0.00413	0.79742
53	0.00865	0.00618	0.00827	0.00989	0.01036	0.00580	0.00674	0.00997	0.01351	0.01798	0.03838	0.71395	0.04583	0.02172	0.00895	0.00285	0.00418	0.05463	0.00647	0.00571
54	0.01647	0.01882	0.04118	0.02941	0.03647	0.01765	0.68588	0.02235	0.01647	0.02235	0.01412	0.01882	0.01059	0.00588	0.00824	0.00235	0.01176	0.00824	0.00353	0.00941
55	0.00981	0.00713	0.00923	0.00871	0.01038	0.00655	0.00653	0.01303	0.01959	0.02759	0.68030	0.05277	0.09333	0.01441	0.00823	0.00220	0.00330	0.01271	0.00763	0.00655
56	0.01849	0.73261	0.06142	0.01223	0.01836	0.02720	0.01244	0.02094	0.01420	0.01662	0.00980	0.01132	0.00895	0.00599	0.00456	0.00152	0.00757	0.00378	0.00298	0.00900
57	0.01015	0.00677	0.00761	0.00761	0.00761	0.00677	0.00423	0.01015	0.01015	0.01353	0.02199	0.04567	0.02537	0.75476	0.03552	0.00677	0.00677	0.01015	0.00423	0.00423
58	0.03131	0.01188	0.01619	0.01242	0.01781	0.01026	0.01026	0.03401	0.01997	0.71606	0.02753	0.02375	0.01727	0.00864	0.00702	0.00216	0.00594	0.00702	0.00864	0.01188
59	0.00855	0.00611	0.00814	0.00968	0.01013	0.00570	0.00648	0.00984	0.01359	0.01818	0.06238	0.72525	0.04686	0.02159	0.00888	0.00281	0.00402	0.01958	0.00652	0.00570
60	0.04848	0.01838	0.03793	0.02741	0.03382	0.01795	0.59105	0.04166	0.01636	0.02296	0.01367	0.01821	0.01040	0.00643	0.00908	0.00239	0.06307	0.00785	0.00363	0.00928
61	0.01450	0.01375	0.02332	0.51361	0.26211	0.01585	0.02004	0.01899	0.01458	0.01943	0.01264	0.01817	0.00987	0.00673	0.00695	0.00224	0.00898	0.00621	0.00321	0.00882
62	0.02607	0.03326	0.01978	0.01798	0.02157	0.72674	0.01348	0.02787	0.01978	0.01708	0.01079	0.01258	0.00899	0.00719	0.00629	0.00180	0.01258	0.00449	0.00360	0.00809
63	0.01318	0.01240	0.02093	0.73798	0.04806	0.01550	0.01938	0.01783	0.01395	0.01783	0.01240	0.01860	0.00930	0.00698	0.00698	0.00233	0.00930	0.00620	0.00310	0.00775
64	0.01647	0.01882	0.04118	0.02941	0.03647	0.01765	0.68588	0.02235	0.01647	0.02235	0.01412	0.01882	0.01059	0.00588	0.00824	0.00235	0.01176	0.00824	0.00353	0.00941
65	0.02610	0.03226	0.01986	0.01784	0.02158	0.67516	0.01347	0.07615	0.02073	0.01905	0.01122	0.01289	0.00920	0.00728	0.00634	0.00182	0.01223	0.00463	0.00384	0.00837
66	0.01001	0.00759	0.00956	0.01058	0.01240	0.00713	0.00884	0.01260	0.01588	0.01999	0.04946	0.10507	0.28685	0.01880	0.00909	0.00288	0.00525	0.39536	0.00645	0.00619
67	0.80405	0.01350	0.01026	0.00918	0.01350	0.01565	0.00756	0.02051	0.01188	0.03131	0.00972	0.01134	0.00756	0.00648	0.00432	0.00216	0.00540	0.00378	0.00432	0.00756
68	0.01318	0.01240	0.02093	0.73798	0.04806	0.01550	0.01938	0.01783	0.01395	0.01783	0.01240	0.01860	0.00930	0.00698	0.00698	0.00233	0.00930	0.00620	0.00310	0.00775
69	0.01318	0.01240	0.02093	0.73798	0.04806	0.01550	0.01938	0.01783	0.01395	0.01783	0.01240	0.01860	0.00930	0.00698	0.00698	0.00233	0.00930	0.00620	0.00310	0.00775
70	0.00997	0.00748	0.01121	0.01121	0.01246	0.00872	0.00872	0.01246	0.01121	0.01620	0.01869	0.02741	0.01745	0.05234	0.72710	0.01121	0.01869	0.00748	0.00374	0.00623
71	0.00988	0.00713	0.00933	0.00878	0.01043	0.00658	0.00658	0.01317	0.01975	0.02798	0.70754	0.05213	0.06584	0.01427	0.00823	0.00219	0.00329	0.01262	0.00768	0.00658
72	0.01400	0.03610	0.71860	0.01989	0.03020	0.01621	0.02578	0.02210	0.01473	0.02210	0.01252	0.01473	0.00884	0.00663	0.00663	0.00221	0.01031	0.00516	0.00295	0.01031
73	0.00981	0.00713	0.00923	0.00871	0.01038	0.00656	0.00653	0.01304	0.01959	0.02760	0.68072	0.05276	0.09291	0.01441	0.00823	0.00220	0.00330	0.01271	0.00763	0.00656
74	0.01015	0.00677	0.00761	0.00761	0.00761	0.00677	0.00423	0.01015	0.01015	0.01353	0.02199	0.04567	0.02537	0.75476	0.03552	0.00677	0.00677	0.01015	0.00423	0.00423
75	0.01318	0.01240	0.02093	0.73798	0.04806	0.01550	0.01938	0.01783	0.01395	0.01783	0.01240	0.01860	0.00930	0.00698	0.00698	0.00233	0.00930	0.00620	0.00310	0.00775
76	0.02653	0.01955	0.02094	0.01606	0.02164	0.02164	0.01326	0.68796	0.03281	0.04398	0.01675	0.01675	0.01187	0.00838	0.00698	0.00209	0.00768	0.00628	0.00698	0.01187
77	0.01748	0.01683	0.02547	0.06654	0.53323	0.04659	0.01919	0.02426	0.13474	0.02346	0.01565	0.01866	0.01267	0.00686	0.00692	0.00212	0.00803	0.00644	0.00408	0.01079
78	0.01484	0.01409	0.02392	0.45654	0.31655	0.01594	0.02020	0.01928	0.01474	0.01984	0.01270	0.01806	0.01001	0.00667	0.00695	0.00222	0.00889	0.00621	0.00324	0.00909
79	0.01615	0.07585	0.14566	0.02572	0.03264	0.01846	0.47786	0.02175	0.01556	0.02142	0.01314	0.01733	0.01008	0.00652	0.00890	0.00232	0.07065	0.00725	0.00336	0.00937
80	0.01448	0.11054	0.64836	0.01907	0.02894	0.01738	0.02436	0.02198	0.01468	0.02151	0.01223	0.01437	0.00885	0.00656	0.00641	0.00214	0.01002	0.00501	0.00295	0.01017
81	0.00997	0.00748	0.01121	0.01121	0.01246	0.00872	0.00872	0.01246	0.01121	0.01620	0.01869	0.02741	0.01745	0.05234	0.72710	0.01121	0.01869	0.00748	0.00374	0.00623
82	0.00997	0.00748	0.01121	0.01121	0.01246	0.00872	0.00872	0.01246	0.01121	0.01620	0.01869	0.02741	0.01745	0.05234	0.72710	0.01121	0.01869	0.00748	0.00374	0.00623
83	0.01727	0.01658	0.02832	0.04283	0.71123	0.01658	0.02142	0.02142	0.01589	0.02280	0.01313	0.01727	0.01105	0.00622	0.00691	0.00207	0.00829	0.00622	0.00345	0.01105
84	0.03131	0.01188	0.01619	0.01242	0.01781	0.01026	0.01026	0.03401	0.01997	0.71606	0.02753	0.02375	0.01727	0.00864	0.00702	0.00216	0.00594	0.00702	0.00864	0.01188
85	0.00832	0.00707	0.00716	0.00714	0.00947	0.00592	0.00536	0.01015	0.01607	0.01924	0.09752	0.06652	0.68133	0.01753	0.00825	0.00235	0.00352	0.01464	0.00653	0.00592
86	0.03056	0.01204	0.01617	0.01251	0.01783	0.01064	0.01030	0.03417	0.05661	0.67898	0.02758	0.02387	0.01749	0.00868	0.00702	0.00217	0.00592	0.00706	0.00855	0.01183
87	0.02567	0.03250	0.02017	0.01911	0.05302	0.69436	0.01384	0.02757	0.01960	0.01734	0.01089	0.01280	0.00908	0.00715	0.00632	0.00181	0.01239	0.00457	0.00359	0.00823
88	0.01416	0.06199	0.69417	0.01960	0.02976	0.01661	0.02529	0.02206	0.01471	0.02190	0.01242	0.01461	0.00884	0.00661	0.00655	0.00218	0.01021	0.00511	0.00295	0.01026
89	0.00988	0.00713	0.00933	0.00878	0.01043	0.00658	0.00658	0.01317	0.01975	0.02798	0.70754	0.05213	0.06584	0.01427	0.00823	0.00219	0.00329	0.01262	0.00768	0.00658
90	0.02298	0.01322	0.01565	0.01271	0.01666	0.01354	0.01001	0.27392	0.02215	0.25056	0.02277	0.07712	0.01868	0.13829	0.05602	0.00352	0.00738	0.00822	0.00681	0.00979
91	0.01751	0.58032	0.20511	0.01390	0.02095	0.02479	0.01536	0.02119	0.01432	0.01782	0.01040	0.01207	0.00893	0.00613	0.00501	0.00167	0.00817	0.00408	0.00298	0.00929
92	0.02767	0.01501	0.01783	0.01389	0.01913	0.01521	0.01140	0.29089	0.08069	0.37563	0.04286	0.02200	0.01687	0.00876	0.00704	0.00215	0.00651	0.00696	0.00783	0.01165
93	0.01395	0.01279	0.02065	0.66788	0.04529	0.01557	0.01857	0.05399	0.01499	0.01945	0.01264	0.01833	0.00949	0.00697	0.00690	0.00226	0.00904	0.00612	0.00335	0.04176

[dist]
# distance from previous block
# <min> <max>
4	41

[block]
# block no. 3 follows, 30 sequences, length 105
# corresponding to MSA columns:
# 229-333
name=unknown_D
#
# <colnr> <probs for GDERKNQSTAVLIFYWHMCP>
#	G	D	E	R	K	N	Q	S	T	A	V	L	I	F	Y	W	H	M	C	P
0	0.04484	0.01490	0.02029	0.01476	0.02094	0.01329	0.13050	0.14178	0.01811	0.02688	0.01342	0.01556	0.01056	0.00593	0.00602	0.00150	0.00682	0.00525	0.00456	0.48408
1	0.01342	0.01252	0.02053	0.64913	0.06395	0.01495	0.01838	0.01791	0.01406	0.01844	0.01242	0.01817	0.00945	0.00678	0.00680	0.00220	0.00888	0.00601	0.00321	0.08280
2	0.07848	0.01227	0.01616	0.08115	0.02028	0.01169	0.01095	0.05860	0.04330	0.52448	0.05207	0.02339	0.01776	0.00858	0.00689	0.00218	0.00617	0.00696	0.00767	0.01096
3	0.01723	0.01473	0.02469	0.27307	0.42301	0.01562	0.01967	0.02141	0.01563	0.08694	0.01425	0.01833	0.01106	0.00670	0.00694	0.00217	0.00841	0.00629	0.00383	0.01002
4	0.02401	0.01801	0.02013	0.08408	0.02345	0.01988	0.01335	0.56839	0.02945	0.03953	0.01709	0.04796	0.01302	0.00869	0.00699	0.00210	0.00758	0.00676	0.00648	0.04306
5	0.01857	0.01482	0.01616	0.01389	0.01705	0.06558	0.01102	0.26859	0.06127	0.04660	0.02044	0.06940	0.03667	0.04549	0.20467	0.00484	0.06273	0.00782	0.00550	0.00890
6	0.01768	0.63664	0.03243	0.01193	0.01713	0.05037	0.01137	0.01981	0.01421	0.01657	0.01276	0.08192	0.01276	0.00903	0.02846	0.00195	0.00769	0.00541	0.00336	0.00852
7	0.01497	0.18718	0.57605	0.01823	0.02763	0.01859	0.02289	0.02185	0.01462	0.02091	0.01193	0.01399	0.00886	0.00649	0.00618	0.00206	0.00972	0.00486	0.00295	0.01003
8	0.48427	0.01566	0.08008	0.10685	0.02042	0.01553	0.01143	0.07763	0.01497	0.06566	0.04149	0.01546	0.01126	0.00716	0.00542	0.00218	0.00651	0.00499	0.00463	0.00840
9	0.01688	0.01618	0.02762	0.10882	0.64828	0.01648	0.02122	0.02108	0.01571	0.02233	0.01306	0.01740	0.01089	0.00629	0.00691	0.00210	0.00839	0.00622	0.00342	0.01074
10	0.01689	0.48540	0.29467	0.01495	0.02256	0.02330	0.01718	0.02135	0.01439	0.01857	0.01077	0.01253	0.00891	0.00622	0.00529	0.00176	0.00854	0.00427	0.00297	0.00947
11	0.01954	0.05725	0.01720	0.01364	0.01744	0.08613	0.01073	0.32670	0.02312	0.03010	0.02238	0.24888	0.02221	0.01220	0.00727	0.00220	0.00684	0.01013	0.00608	0.05997
12	0.02734	0.01180	0.01532	0.01213	0.01694	0.01065	0.00987	0.09238	0.02039	0.54531	0.03082	0.07856	0.07537	0.01030	0.00725	0.00222	0.00577	0.00849	0.00815	0.01094
13	0.01403	0.05835	0.67766	0.01934	0.02928	0.01631	0.02482	0.02182	0.01485	0.02208	0.03125	0.01563	0.01039	0.00682	0.00660	0.00219	0.01003	0.00531	0.00308	0.01017
14	0.01459	0.01419	0.01971	0.01705	0.01710	0.01954	0.01399	0.01601	0.01065	0.01646	0.01071	0.01858	0.01099	0.08411	0.04889	0.00369	0.64673	0.00654	0.00319	0.00726
15	0.01735	0.01514	0.01697	0.01692	0.08394	0.01728	0.01203	0.03559	0.63381	0.02858	0.02695	0.02520	0.02033	0.00916	0.00708	0.00234	0.00579	0.00773	0.00675	0.01105
16	0.80405	0.01350	0.01026	0.00918	0.01350	0.01565	0.00756	0.02051	0.01188	0.03131	0.00972	0.01134	0.00756	0.00648	0.00432	0.00216	0.00540	0.00378	0.00432	0.00756
17	0.00959	0.00732	0.00873	0.00834	0.01021	0.00668	0.00620	0.01272	0.03742	0.02451	0.45800	0.05582	0.26458	0.04786	0.00941	0.00245	0.00358	0.01304	0.00714	0.00639
18	0.00860	0.00619	0.00819	0.00975	0.01027	0.00577	0.00663	0.00992	0.01356	0.01798	0.03955	0.69861	0.06954	0.02161	0.00891	0.00283	0.00413	0.04578	0.00648	0.00571
19	0.01299	0.01126	0.01879	0.60643	0.04103	0.01380	0.01698	0.01625	0.01308	0.01680	0.01235	0.01908	0.00981	0.01009	0.01064	0.14575	0.00872	0.00618	0.00309	0.00690
20	0.00876	0.00626	0.00840	0.01001	0.01053	0.00589	0.00693	0.01017	0.01362	0.01811	0.03832	0.68646	0.04558	0.02162	0.00898	0.00287	0.00427	0.08101	0.00647	0.00574
21	0.01318	0.01240	0.02093	0.73798	0.04806	0.01550	0.01938	0.01783	0.01395	0.01783	0.01240	0.01860	0.00930	0.00698	0.00698	0.00233	0.00930	0.00620	0.00310	0.00775
22	0.80405	0.01350	0.01026	0.00918	0.01350	0.01565	0.00756	0.02051	0.01188	0.03131	0.00972	0.01134	0.00756	0.00648	0.00432	0.00216	0.00540	0.00378	0.00432	0.00756
23	0.00850	0.00607	0.00810	0.00972	0.01012	0.00567	0.00648	0.00972	0.01336	0.01781	0.03846	0.75020	0.04615	0.02186	0.00891	0.00283	0.00405	0.01984	0.00648	0.00567
24	0.01447	0.01240	0.01447	0.01034	0.01654	0.00930	0.00827	0.01757	0.01447	0.02274	0.01240	0.01447	0.01034	0.00517	0.00517	0.00103	0.00517	0.00413	0.00413	0.79742
25	0.01014	0.00680	0.00776	0.00776	0.00782	0.00685	0.00442	0.01025	0.01019	0.01364	0.02185	0.04489	0.02503	0.72495	0.06486	0.00695	0.00727	0.01003	0.00421	0.00431
26	0.02617	0.01952	0.02166	0.01653	0.02217	0.02150	0.03726	0.66421	0.03223	0.04321	0.01666	0.01683	0.01182	0.00829	0.00703	0.00210	0.00782	0.00635	0.00686	0.01178
27	0.02998	0.01217	0.01615	0.01259	0.01785	0.01093	0.01033	0.03430	0.08439	0.65086	0.02761	0.02397	0.01766	0.00872	0.00703	0.00218	0.00590	0.00710	0.00849	0.01180
28	0.42870	0.01604	0.01458	0.06381	0.01871	0.05898	0.01037	0.19222	0.06253	0.03225	0.01475	0.01588	0.03001	0.00756	0.00560	0.00215	0.00664	0.00522	0.00511	0.00888
29	0.01698	0.01628	0.02780	0.09252	0.66383	0.01650	0.02127	0.02116	0.01575	0.02244	0.01307	0.01737	0.01093	0.00627	0.00691	0.00209	0.00836	0.00622	0.00343	0.01082
30	0.01619	0.37569	0.39819	0.01616	0.02443	0.02156	0.01928	0.02153	0.01447	0.01943	0.01120	0.01307	0.00889	0.00632	0.00562	0.00187	0.00897	0.00449	0.00296	0.00968
31	0.01801	0.65846	0.13139	0.01305	0.01962	0.02603	0.01386	0.02106	0.01426	0.01721	0.01009	0.01169	0.00894	0.00606	0.00478	0.00159	0.00786	0.00393	0.00298	0.00914
32	0.00857	0.00708	0.00751	0.00740	0.00962	0.00603	0.00555	0.01063	0.01666	0.02064	0.19515	0.06422	0.58282	0.01701	0.00824	0.00232	0.00349	0.01432	0.00671	0.00603
33	0.01027	0.00791	0.01064	0.01253	0.06173	0.00750	0.00906	0.01282	0.01594	0.02084	0.12869	0.20340	0.19483	0.01786	0.00880	0.00273	0.00502	0.25652	0.00640	0.00650
34	0.01756	0.37269	0.28377	0.01763	0.07231	0.08902	0.01783	0.02203	0.01504	0.01901	0.01108	0.01305	0.00907	0.00634	0.00561	0.00183	0.00905	0.00450	0.00306	0.00952
35	0.01015	0.00677	0.00761	0.00761	0.00761	0.00677	0.00423	0.01015	0.01015	0.01353	0.02199	0.04567	0.02537	0.75476	0.03552	0.00677	0.00677	0.01015	0.00423	0.00423
36	0.01015	0.00677	0.00761	0.00761	0.00761	0.00677	0.00423	0.01015	0.01015	0.01353	0.02199	0.04567	0.02537	0.75476	0.03552	0.00677	0.00677	0.01015	0.00423	0.00423
37	0.01745	0.01722	0.02719	0.10019	0.61404	0.05876	0.02077	0.02150	0.01596	0.02204	0.01293	0.01711	0.01078	0.00634	0.00688	0.00208	0.00863	0.00611	0.00343	0.01060
38	0.05231	0.69531	0.03471	0.01209	0.01788	0.05794	0.01182	0.02119	0.01433	0.01708	0.00975	0.01126	0.00890	0.00605	0.00455	0.00153	0.00760	0.00377	0.00307	0.00886
39	0.01013	0.00683	0.00795	0.00795	0.00807	0.00695	0.00465	0.01037	0.01025	0.01378	0.02167	0.04393	0.02462	0.68808	0.10117	0.00719	0.00790	0.00989	0.00418	0.00442
40	0.07873	0.12448	0.18369	0.01562	0.08364	0.04423	0.01378	0.01900	0.01676	0.04433	0.27081	0.02827	0.03042	0.00941	0.00675	0.00207	0.00667	0.00774	0.00507	0.00853
41	0.00847	0.00621	0.00796	0.00936	0.01003	0.00570	0.00632	0.00976	0.01371	0.01795	0.04283	0.65768	0.13586	0.02129	0.00882	0.00277	0.00398	0.01915	0.00648	0.00570
42	0.02512	0.01829	0.03992	0.01523	0.02075	0.01901	0.01277	0.52146	0.05314	0.10914	0.01853	0.03902	0.01358	0.00860	0.00693	0.00208	0.00726	0.00666	0.00686	0.05566
43	0.01435	0.08581	0.60693	0.01953	0.02907	0.01680	0.06347	0.02174	0.01496	0.02190	0.03456	0.01592	0.01077	0.00678	0.00662	0.00217	0.00997	0.00548	0.00313	0.01004
44	0.04354	0.56331	0.05031	0.01773	0.14330	0.02480	0.01388	0.03942	0.01494	0.01894	0.01058	0.01253	0.00937	0.00611	0.00503	0.00165	0.00762	0.00429	0.00322	0.00940
45	0.02438	0.01744	0.02009	0.01757	0.08562	0.01881	0.01308	0.50781	0.02867	0.09165	0.06675	0.02065	0.01643	0.02886	0.00784	0.00223	0.00726	0.00689	0.00675	0.01121
46	0.00878	0.00709	0.00781	0.00763	0.00975	0.00612	0.00572	0.01104	0.01716	0.02183	0.27843	0.06225	0.49880	0.01656	0.00824	0.00230	0.00346	0.01404	0.00687	0.00612
47	0.01527	0.01527	0.02137	0.01832	0.01832	0.02137	0.01527	0.01679	0.01069	0.01679	0.00916	0.01527	0.00916	0.01221	0.02290	0.00305	0.74198	0.00611	0.00305	0.00763
48	0.00872	0.00695	0.00771	0.00789	0.00973	0.00607	0.00578	0.01060	0.01587	0.01991	0.16149	0.15790	0.46472	0.05465	0.00974	0.00264	0.00381	0.03336	0.00655	0.00590
49	0.01483	0.01257	0.01355	0.01229	0.01572	0.01378	0.00948	0.02884	0.47182	0.02717	0.12788	0.05524	0.11013	0.01129	0.00736	0.00230	0.00491	0.00955	0.00696	0.04433
50	0.01614	0.00866	0.01182	0.01128	0.01377	0.00815	0.00914	0.01892	0.01723	0.21314	0.18513	0.09975	0.03796	0.04453	0.06077	0.00337	0.00630	0.21909	0.00705	0.00782
51	0.02450	0.02996	0.01905	0.01730	0.02095	0.59871	0.01304	0.02953	0.14230	0.01926	0.01397	0.01501	0.01121	0.00760	0.00644	0.00190	0.01131	0.00511	0.00423	0.00862
52	0.11768	0.01573	0.01654	0.01335	0.01752	0.01730	0.01065	0.44056	0.02520	0.03568	0.03994	0.02443	0.01643	0.14339	0.01193	0.00298	0.00705	0.02785	0.00616	0.00962
53	0.01536	0.05394	0.64993	0.01914	0.02898	0.01609	0.02430	0.02292	0.01509	0.07155	0.01352	0.01528	0.00945	0.00676	0.00660	0.00219	0.00992	0.00525	0.00335	0.01039
54	0.80405	0.01350	0.01026	0.00918	0.01350	0.01565	0.00756	0.02051	0.01188	0.03131	0.00972	0.01134	0.00756	0.00648	0.00432	0.00216	0.00540	0.00378	0.00432	0.00756
55	0.01318	0.01240	0.02093	0.73798	0.04806	0.01550	0.01938	0.01783	0.01395	0.01783	0.01240	0.01860	0.00930	0.00698	0.00698	0.00233	0.00930	0.00620	0.00310	0.00775
56	0.01607	0.01235	0.01463	0.01053	0.01666	0.00939	0.00846	0.01913	0.01499	0.08855	0.01384	0.01535	0.01099	0.00550	0.00534	0.00114	0.00524	0.00441	0.00456	0.72285
57	0.02150	0.01610	0.01741	0.01460	0.01919	0.01800	0.01165	0.23704	0.42935	0.09894	0.02474	0.02296	0.01802	0.00905	0.00706	0.00226	0.00623	0.00731	0.00721	0.01138
58	0.80405	0.01350	0.01026	0.00918	0.01350	0.01565	0.00756	0.02051	0.01188	0.03131	0.00972	0.01134	0.00756	0.00648	0.00432	0.00216	0.00540	0.00378	0.00432	0.00756
59	0.01419	0.06540	0.69095	0.01957	0.02970	0.01667	0.02522	0.02205	0.01471	0.02187	0.01241	0.01459	0.00884	0.00660	0.00654	0.00218	0.01020	0.00510	0.00295	0.01026
60	0.05264	0.01192	0.01603	0.01233	0.01769	0.01041	0.01018	0.03364	0.01975	0.69716	0.02704	0.02341	0.01701	0.00858	0.00694	0.00216	0.00592	0.00693	0.00852	0.01176
61	0.01011	0.00691	0.00833	0.00833	0.00858	0.00716	0.00513	0.01061	0.01036	0.01407	0.02133	0.04200	0.02378	0.61383	0.17427	0.00766	0.00916	0.00961	0.00413	0.00463
62	0.00988	0.00713	0.00933	0.00878	0.01043	0.00658	0.00658	0.01317	0.01975	0.02798	0.70754	0.05213	0.06584	0.01427	0.00823	0.00219	0.00329	0.01262	0.00768	0.00658
63	0.01416	0.06154	0.69459	0.01961	0.02977	0.01661	0.02530	0.02206	0.01471	0.02190	0.01242	0.01461	0.00884	0.00661	0.00655	0.00218	0.01021	0.00511	0.00295	0.01027
64	0.01015	0.00677	0.00761	0.00761	0.00761	0.00677	0.00423	0.01015	0.01015	0.01353	0.02199	0.04567	0.02537	0.75476	0.03552	0.00677	0.00677	0.01015	0.00423	0.00423
65	0.02510	0.01503	0.08134	0.10215	0.02291	0.01276	0.01296	0.08653	0.05759	0.42080	0.02234	0.02116	0.01479	0.00803	0.00685	0.00211	0.00682	0.00653	0.00689	0.06733
66	0.08194	0.02389	0.01977	0.01623	0.02103	0.26672	0.01293	0.41041	0.02678	0.03371	0.01417	0.01491	0.01056	0.00783	0.00655	0.00200	0.00922	0.00548	0.00561	0.01024
67	0.02886	0.01305	0.04586	0.01265	0.01826	0.01070	0.01080	0.03244	0.04406	0.61205	0.02584	0.02279	0.01657	0.00833	0.00687	0.00209	0.00605	0.00676	0.00802	0.06793
68	0.01536	0.21506	0.49916	0.01900	0.04773	0.01912	0.05021	0.02179	0.01470	0.02071	0.01191	0.01410	0.00901	0.00642	0.00617	0.00203	0.00960	0.00496	0.00300	0.00996
69	0.01806	0.66662	0.12369	0.01296	0.01948	0.02616	0.01371	0.02105	0.01425	0.01714	0.01006	0.01165	0.00894	0.00605	0.00475	0.00158	0.00783	0.00391	0.00298	0.00913
70	0.02653	0.01955	0.02094	0.01606	0.02164	0.02164	0.01326	0.68796	0.03281	0.04398	0.01675	0.01675	0.01187	0.00838	0.00698	0.00209	0.00768	0.00628	0.00698	0.01187
71	0.01570	0.01498	0.02549	0.30957	0.45676	0.01617	0.02063	0.02004	0.01515	0.02089	0.01285	0.01778	0.01038	0.00651	0.00693	0.00217	0.00868	0.00621	0.00332	0.00979
72	0.08654	0.01199	0.01577	0.01218	0.01751	0.01064	0.01006	0.03304	0.01939	0.66712	0.02626	0.02286	0.01658	0.00848	0.00682	0.00216	0.00590	0.00679	0.00833	0.01157
73	0.03131	0.01188	0.01619	0.01242	0.01781	0.01026	0.01026	0.03401	0.01997	0.71606	0.02753	0.02375	0.01727	0.00864	0.00702	0.00216	0.00594	0.00702	0.00864	0.01188
74	0.01124	0.00803	0.01124	0.01285	0.01446	0.00803	0.01124	0.01446	0.01606	0.02088	0.03695	0.07871	0.04016	0.01928	0.00964	0.00321	0.00643	0.66426	0.00643	0.00643
75	0.02215	0.03789	0.01503	0.01164	0.01570	0.01123	0.00942	0.09141	0.06648	0.34431	0.25730	0.03242	0.03324	0.01049	0.00734	0.00216	0.00524	0.00879	0.00784	0.00991
76	0.01766	0.01732	0.02795	0.04174	0.68081	0.04790	0.02107	0.02170	0.01606	0.02255	0.01302	0.01706	0.01096	0.00626	0.00688	0.00206	0.00848	0.00614	0.00346	0.01092
77	0.01866	0.75896	0.03657	0.01194	0.01791	0.02761	0.01194	0.02090	0.01418	0.01642	0.00970	0.01119	0.00896	0.00597	0.00448	0.00149	0.00746	0.00373	0.00299	0.00896
78	0.01347	0.01270	0.02146	0.68830	0.09546	0.01558	0.01953	0.01809	0.01409	0.01818	0.01245	0.01851	0.00943	0.00692	0.00697	0.00231	0.00923	0.00620	0.00313	0.00799
79	0.01244	0.00973	0.01464	0.01882	0.15310	0.00973	0.01327	0.01584	0.01603	0.02126	0.03221	0.06649	0.03437	0.01668	0.00910	0.00299	0.00680	0.53332	0.00583	0.00735
80	0.01736	0.01499	0.01578	0.01420	0.01815	0.01736	0.01105	0.03708	0.69862	0.02919	0.02840	0.02604	0.02130	0.00947	0.00710	0.00237	0.00552	0.00789	0.00710	0.01105
81	0.00846	0.00625	0.00791	0.00924	0.01000	0.00571	0.00627	0.00977	0.01382	0.01800	0.04428	0.62692	0.16568	0.02111	0.00879	0.00275	0.00396	0.01892	0.00648	0.00571
82	0.80405	0.01350	0.01026	0.00918	0.01350	0.01565	0.00756	0.02051	0.01188	0.03131	0.00972	0.01134	0.00756	0.00648	0.00432	0.00216	0.00540	0.00378	0.00432	0.00756
83	0.02516	0.02178	0.02069	0.08499	0.02413	0.17079	0.01389	0.48418	0.02825	0.03578	0.01507	0.01604	0.01101	0.00799	0.00683	0.00205	0.00887	0.00590	0.00589	0.01067
84	0.01318	0.01240	0.02093	0.73798	0.04806	0.01550	0.01938	0.01783	0.01395	0.01783	0.01240	0.01860	0.00930	0.00698	0.00698	0.00233	0.00930	0.00620	0.00310	0.00775
85	0.00997	0.00748	0.01121	0.01121	0.01246	0.00872	0.00872	0.01246	0.01121	0.01620	0.01869	0.02741	0.01745	0.05234	0.72710	0.01121	0.01869	0.00748	0.00374	0.00623
86	0.00852	0.00708	0.00745	0.00735	0.00959	0.00601	0.00552	0.01054	0.01655	0.02037	0.17666	0.06466	0.60148	0.01711	0.00824	0.00233	0.00349	0.01438	0.00668	0.00601
87	0.01400	0.03610	0.71860	0.01989	0.03020	0.01621	0.02578	0.02210	0.01473	0.02210	0.01252	0.01473	0.00884	0.00663	0.00663	0.00221	0.01031	0.00516	0.00295	0.01031
88	0.00850	0.00607	0.00810	0.00972	0.01012	0.00567	0.00648	0.00972	0.01336	0.01781	0.03846	0.75020	0.04615	0.02186	0.00891	0.00283	0.00405	0.01984	0.00648	0.00567
89	0.01015	0.00677	0.00761	0.00761	0.00761	0.00677	0.00423	0.01015	0.01015	0.01353	0.02199	0.04567	0.02537	0.75476	0.03552	0.00677	0.00677	0.01015	0.00423	0.00423
90	0.01525	0.01218	0.01438	0.01040	0.01639	0.00926	0.00832	0.01834	0.01497	0.06203	0.03856	0.01636	0.01275	0.00569	0.00538	0.00114	0.00514	0.00461	0.00452	0.72433
91	0.02732	0.01827	0.02015	0.01545	0.02100	0.01975	0.01276	0.57914	0.03067	0.15581	0.01855	0.01792	0.01277	0.00842	0.00699	0.00211	0.00739	0.00640	0.00726	0.01187
92	0.02574	0.01903	0.02039	0.01575	0.02112	0.02107	0.01293	0.64549	0.05642	0.04260	0.01732	0.01789	0.01258	0.02909	0.00778	0.00223	0.00758	0.00645	0.00691	0.01163
93	0.01461	0.01274	0.01720	0.13421	0.02164	0.01445	0.02843	0.10183	0.01653	0.02316	0.10960	0.06782	0.07519	0.01092	0.01130	0.00231	0.19943	0.00825	0.00482	0.12556
94	0.10607	0.03195	0.58238	0.01824	0.02749	0.01620	0.02261	0.05271	0.01540	0.04672	0.01288	0.01473	0.00910	0.00676	0.00639	0.00220	0.00948	0.00511	0.00347	0.01012
95	0.01447	0.10934	0.64950	0.01908	0.02896	0.01736	0.02438	0.02198	0.01468	0.02152	0.01224	0.01437	0.00885	0.00656	0.00641	0.00214	0.01002	0.00501	0.00295	0.01018
96	0.00940	0.00659	0.00883	0.01038	0.01114	0.00631	0.00763	0.01122	0.01411	0.01896	0.03738	0.54642	0.04337	0.02060	0.00892	0.00288	0.00462	0.18416	0.04118	0.00590
97	0.01645	0.20605	0.47581	0.01788	0.02666	0.01857	0.05049	0.02267	0.01505	0.07036	0.01299	0.01471	0.00955	0.00658	0.00621	0.00204	0.00938	0.00509	0.00339	0.01006
98	0.01439	0.09681	0.66132	0.01922	0.02917	0.01716	0.02462	0.02200	0.01469	0.02162	0.01229	0.01444	0.00885	0.00657	0.00645	0.00215	0.01007	0.00504	0.00295	0.01020
99	0.03131	0.01188	0.01619	0.01242	0.01781	0.01026	0.01026	0.03401	0.01997	0.71606	0.02753	0.02375	0.01727	0.00864	0.00702	0.00216	0.00594	0.00702	0.00864	0.01188
100	0.00973	0.00757	0.00894	0.00905	0.01078	0.00715	0.00660	0.01356	0.08129	0.02260	0.27060	0.24753	0.24488	0.01692	0.00832	0.00244	0.00378	0.01479	0.00694	0.00655
101	0.02581	0.01819	0.01980	0.01545	0.02080	0.01994	0.01267	0.53782	0.11826	0.10922	0.01935	0.01866	0.01364	0.00854	0.00700	0.00214	0.00722	0.00657	0.00716	0.01176
102	0.01395	0.01319	0.02233	0.60672	0.17329	0.01571	0.01976	0.01851	0.01432	0.01877	0.01254	0.01835	0.00963	0.00683	0.00696	0.00228	0.00911	0.00620	0.00317	0.00838
103	0.75697	0.01308	0.01003	0.00902	0.01318	0.01511	0.00740	0.02026	0.01204	0.03099	0.01049	0.01221	0.00817	0.00658	0.00435	0.00213	0.00527	0.00394	0.05129	0.00749
104	0.01318	0.01240	0.02093	0.73798	0.04806	0.01550	0.01938	0.01783	0.01395	0.01783	0.01240	0.01860	0.00930	0.00698	0.00698	0.00233	0.00930	0.00620	0.00310	0.00775

[dist]
# distance from previous block
# <min> <max>
0	104

# created by:
# /st0/software/busco_prod/Augustus/scripts/msa2prfl.pl ./align_prep/120281.fa
