[name]
unknown

[dist]
# distance from previous block
# <min> <max>
0	30

[block]
# block no. 0 follows, 30 sequences, length 22
# corresponding to MSA columns:
# 31-52
name=unknown_A
#
# <colnr> <probs for GDERKNQSTAVLIFYWHMCP>
#	G	D	E	R	K	N	Q	S	T	A	V	L	I	F	Y	W	H	M	C	P
0	0.01328	0.01146	0.05942	0.01193	0.01460	0.01026	0.00992	0.15344	0.01910	0.02571	0.13755	0.28677	0.07983	0.01616	0.00833	0.00257	0.00547	0.12012	0.00652	0.00756
1	0.01710	0.16392	0.48635	0.01766	0.02639	0.03663	0.02113	0.06435	0.01624	0.06919	0.01325	0.01477	0.00962	0.00677	0.00628	0.00206	0.00940	0.00508	0.00361	0.01021
2	0.04485	0.02757	0.47810	0.01748	0.02547	0.01438	0.04291	0.02094	0.04630	0.02272	0.03930	0.06153	0.01555	0.00856	0.00689	0.00224	0.00876	0.04984	0.00387	0.06274
3	0.07193	0.00973	0.01168	0.01045	0.01342	0.00941	0.00806	0.05357	0.06601	0.19620	0.22498	0.16475	0.10479	0.01339	0.00764	0.00232	0.00463	0.01146	0.00727	0.00830
4	0.00943	0.00729	0.00989	0.01062	0.01179	0.00693	0.03386	0.01197	0.04851	0.01891	0.04084	0.55373	0.12430	0.01991	0.00876	0.00276	0.00453	0.06344	0.00639	0.00617
5	0.01712	0.01743	0.08917	0.16926	0.28346	0.01607	0.14546	0.04419	0.03692	0.06936	0.01533	0.01998	0.01198	0.00703	0.00724	0.00223	0.00901	0.02476	0.00401	0.00999
6	0.01358	0.00889	0.01068	0.00972	0.01204	0.00871	0.00729	0.01895	0.12803	0.10549	0.36256	0.04423	0.10083	0.09796	0.01093	0.00274	0.00438	0.01089	0.03451	0.00759
7	0.00903	0.00640	0.00836	0.00957	0.01011	0.00606	0.00652	0.01041	0.01369	0.01836	0.09604	0.54747	0.04473	0.11870	0.01244	0.00333	0.00451	0.06238	0.00628	0.00561
8	0.01835	0.31438	0.24285	0.08034	0.02519	0.06060	0.01718	0.12435	0.01751	0.02259	0.01196	0.01389	0.00940	0.00670	0.00585	0.00190	0.00882	0.00483	0.00363	0.00967
9	0.09522	0.01723	0.01845	0.01446	0.01950	0.01882	0.01179	0.49187	0.05448	0.11065	0.01804	0.01917	0.01326	0.05481	0.00853	0.00241	0.00715	0.00644	0.00675	0.01097
10	0.02447	0.01467	0.01643	0.01295	0.01756	0.01540	0.01058	0.37604	0.02551	0.19774	0.02070	0.02058	0.01456	0.00838	0.00649	0.00200	0.00623	0.00651	0.19260	0.01061
11	0.00850	0.00607	0.00810	0.00972	0.01012	0.00567	0.00648	0.00972	0.01336	0.01781	0.03846	0.75020	0.04615	0.02186	0.00891	0.00283	0.00405	0.01984	0.00648	0.00567
12	0.02460	0.01752	0.01887	0.01482	0.01987	0.01926	0.01213	0.52686	0.10014	0.07468	0.01905	0.01891	0.01366	0.00848	0.00681	0.00208	0.00697	0.00651	0.07746	0.01130
13	0.01555	0.01658	0.02688	0.11845	0.02863	0.08037	0.27981	0.01992	0.04192	0.01980	0.01669	0.12319	0.01554	0.00983	0.01080	0.00251	0.15248	0.00887	0.00395	0.00825
14	0.00956	0.00793	0.00852	0.00852	0.01085	0.00729	0.00654	0.01337	0.08563	0.02067	0.10533	0.08539	0.51349	0.01689	0.00828	0.00244	0.00400	0.07218	0.00662	0.00650
15	0.01883	0.01978	0.02763	0.03738	0.53944	0.14661	0.06485	0.02266	0.01664	0.02172	0.01276	0.01652	0.01064	0.00637	0.00689	0.00204	0.00931	0.00604	0.00349	0.01040
16	0.01212	0.00606	0.00909	0.00909	0.00909	0.00606	0.00606	0.00909	0.00909	0.01212	0.01212	0.02121	0.01212	0.02424	0.02727	0.79697	0.00606	0.00606	0.00303	0.00303
17	0.01318	0.01240	0.02093	0.73798	0.04806	0.01550	0.01938	0.01783	0.01395	0.01783	0.01240	0.01860	0.00930	0.00698	0.00698	0.00233	0.00930	0.00620	0.00310	0.00775
18	0.00850	0.00607	0.00810	0.00972	0.01012	0.00567	0.00648	0.00972	0.01336	0.01781	0.03846	0.75020	0.04615	0.02186	0.00891	0.00283	0.00405	0.01984	0.00648	0.00567
19	0.01665	0.01595	0.02720	0.14838	0.61054	0.01642	0.02111	0.02087	0.01560	0.02204	0.01302	0.01747	0.01079	0.00633	0.00692	0.00211	0.00844	0.00622	0.00340	0.01055
20	0.01935	0.01315	0.01516	0.01219	0.01658	0.01279	0.00963	0.24636	0.02107	0.12278	0.02341	0.12521	0.05498	0.05113	0.02797	0.00246	0.00634	0.00845	0.00617	0.20482
21	0.02331	0.01751	0.01895	0.01462	0.01999	0.03774	0.01194	0.42584	0.06193	0.07817	0.01665	0.01701	0.01219	0.00785	0.00711	0.00191	0.03194	0.00589	0.00624	0.18321

[dist]
# distance from previous block
# <min> <max>
0	1

[block]
# block no. 1 follows, 30 sequences, length 6
# corresponding to MSA columns:
# 54-59
name=unknown_B
#
# <colnr> <probs for GDERKNQSTAVLIFYWHMCP>
#	G	D	E	R	K	N	Q	S	T	A	V	L	I	F	Y	W	H	M	C	P
0	0.01641	0.01552	0.02630	0.10712	0.59402	0.01582	0.02044	0.02054	0.01572	0.02217	0.01489	0.02213	0.01313	0.00730	0.00713	0.00218	0.00824	0.05690	0.00365	0.01038
1	0.01378	0.01252	0.01992	0.58867	0.04147	0.01546	0.01769	0.05973	0.01490	0.01943	0.01459	0.07752	0.01244	0.00859	0.00812	0.00240	0.05401	0.00730	0.00362	0.00784
2	0.01318	0.01240	0.02093	0.73798	0.04806	0.01550	0.01938	0.01783	0.01395	0.01783	0.01240	0.01860	0.00930	0.00698	0.00698	0.00233	0.00930	0.00620	0.00310	0.00775
3	0.00850	0.00607	0.00810	0.00972	0.01012	0.00567	0.00648	0.00972	0.01336	0.01781	0.03846	0.75020	0.04615	0.02186	0.00891	0.00283	0.00405	0.01984	0.00648	0.00567
4	0.01549	0.07037	0.32409	0.02370	0.03163	0.01787	0.32791	0.02182	0.01526	0.02156	0.01288	0.01643	0.00967	0.00658	0.00822	0.00228	0.05481	0.00654	0.00322	0.00966
5	0.01149	0.00971	0.01028	0.00996	0.01260	0.00990	0.00749	0.01950	0.25588	0.02234	0.05112	0.15202	0.37020	0.01539	0.00794	0.00243	0.00431	0.01306	0.00670	0.00767

[dist]
# distance from previous block
# <min> <max>
0	4

[block]
# block no. 2 follows, 30 sequences, length 37
# corresponding to MSA columns:
# 64-100
name=unknown_C
#
# <colnr> <probs for GDERKNQSTAVLIFYWHMCP>
#	G	D	E	R	K	N	Q	S	T	A	V	L	I	F	Y	W	H	M	C	P
0	0.01866	0.75896	0.03657	0.01194	0.01791	0.02761	0.01194	0.02090	0.01418	0.01642	0.00970	0.01119	0.00896	0.00597	0.00448	0.00149	0.00746	0.00373	0.00299	0.00896
1	0.01021	0.00737	0.00866	0.00849	0.01062	0.00651	0.00651	0.01262	0.01727	0.05752	0.27199	0.09072	0.37986	0.01642	0.00832	0.00238	0.00384	0.06725	0.00698	0.00646
2	0.00878	0.00634	0.00836	0.00982	0.01048	0.00592	0.00684	0.01027	0.01396	0.01849	0.06288	0.62910	0.08239	0.02114	0.00891	0.00282	0.00421	0.07698	0.00651	0.00578
3	0.03131	0.01188	0.01619	0.01242	0.01781	0.01026	0.01026	0.03401	0.01997	0.71606	0.02753	0.02375	0.01727	0.00864	0.00702	0.00216	0.00594	0.00702	0.00864	0.01188
4	0.00856	0.00612	0.00815	0.00968	0.01013	0.00571	0.00648	0.00987	0.01364	0.01825	0.06744	0.71997	0.04701	0.02153	0.00888	0.00281	0.00402	0.01953	0.00653	0.00571
5	0.01236	0.00658	0.00658	0.00658	0.00831	0.00642	0.00494	0.01541	0.01481	0.02504	0.02932	0.03164	0.11228	0.00943	0.00534	0.00173	0.00329	0.00763	0.68591	0.00642
6	0.01952	0.01555	0.01662	0.01440	0.01868	0.01767	0.01136	0.13985	0.55871	0.06657	0.02652	0.02445	0.01960	0.00925	0.00708	0.00231	0.00588	0.00759	0.00716	0.01122
7	0.45694	0.01793	0.14373	0.12646	0.06035	0.01606	0.01377	0.05139	0.01391	0.02765	0.01116	0.01366	0.00845	0.00666	0.00542	0.00219	0.00717	0.00466	0.00395	0.00849
8	0.01124	0.00803	0.01124	0.01285	0.01446	0.00803	0.01124	0.01446	0.01606	0.02088	0.03695	0.07871	0.04016	0.01928	0.00964	0.00321	0.00643	0.66426	0.00643	0.00643
9	0.01318	0.01240	0.02093	0.73798	0.04806	0.01550	0.01938	0.01783	0.01395	0.01783	0.01240	0.01860	0.00930	0.00698	0.00698	0.00233	0.00930	0.00620	0.00310	0.00775
10	0.01700	0.01232	0.01473	0.01065	0.01673	0.00945	0.00857	0.02004	0.01530	0.12706	0.01468	0.01587	0.01138	0.00569	0.00545	0.00120	0.00528	0.00457	0.00481	0.67922
11	0.01130	0.00736	0.00957	0.00893	0.01076	0.00677	0.00673	0.01447	0.01928	0.07009	0.60796	0.07601	0.05986	0.01393	0.00803	0.00219	0.00348	0.01227	0.04413	0.00687
12	0.00929	0.00711	0.00852	0.00817	0.01007	0.00634	0.00613	0.01204	0.01838	0.02472	0.47992	0.05750	0.29550	0.01548	0.00824	0.00225	0.00338	0.01337	0.00725	0.00634
13	0.01108	0.00791	0.01105	0.01266	0.01419	0.00789	0.01095	0.01416	0.01590	0.02069	0.03704	0.12027	0.04053	0.01944	0.00959	0.00319	0.00628	0.62437	0.00643	0.00638
14	0.00928	0.00711	0.00851	0.00816	0.01006	0.00633	0.00612	0.01202	0.01835	0.02466	0.47578	0.05760	0.29969	0.01551	0.00824	0.00225	0.00338	0.01339	0.00724	0.00633
15	0.01866	0.75896	0.03657	0.01194	0.01791	0.02761	0.01194	0.02090	0.01418	0.01642	0.00970	0.01119	0.00896	0.00597	0.00448	0.00149	0.00746	0.00373	0.00299	0.00896
16	0.00997	0.00748	0.01121	0.01121	0.01246	0.00872	0.00872	0.01246	0.01121	0.01620	0.01869	0.02741	0.01745	0.05234	0.72710	0.01121	0.01869	0.00748	0.00374	0.00623
17	0.80405	0.01350	0.01026	0.00918	0.01350	0.01565	0.00756	0.02051	0.01188	0.03131	0.00972	0.01134	0.00756	0.00648	0.00432	0.00216	0.00540	0.00378	0.00432	0.00756
18	0.80405	0.01350	0.01026	0.00918	0.01350	0.01565	0.00756	0.02051	0.01188	0.03131	0.00972	0.01134	0.00756	0.00648	0.00432	0.00216	0.00540	0.00378	0.00432	0.00756
19	0.01604	0.01528	0.02542	0.03794	0.61529	0.01512	0.01921	0.01986	0.01589	0.02226	0.02100	0.02409	0.10638	0.00778	0.00709	0.00211	0.00764	0.00738	0.00387	0.01035
20	0.01090	0.00783	0.01083	0.01238	0.01391	0.00775	0.01063	0.01389	0.01582	0.02055	0.03823	0.13670	0.06341	0.01945	0.00953	0.00315	0.00612	0.58614	0.00643	0.00634
21	0.01447	0.01240	0.01447	0.01034	0.01654	0.00930	0.00827	0.01757	0.01447	0.02274	0.01240	0.01447	0.01034	0.00517	0.00517	0.00103	0.00517	0.00413	0.00413	0.79742
22	0.01433	0.03373	0.62599	0.02119	0.03106	0.01640	0.11602	0.02213	0.01497	0.02213	0.01274	0.01529	0.00908	0.00653	0.00685	0.00223	0.01051	0.00558	0.00303	0.01019
23	0.00850	0.00607	0.00810	0.00972	0.01012	0.00567	0.00648	0.00972	0.01336	0.01781	0.03846	0.75020	0.04615	0.02186	0.00891	0.00283	0.00405	0.01984	0.00648	0.00567
24	0.05292	0.01820	0.03797	0.05118	0.03499	0.01747	0.60307	0.02276	0.04586	0.02292	0.01448	0.01878	0.01087	0.00610	0.00796	0.00234	0.01112	0.00795	0.00371	0.00934
25	0.01585	0.12601	0.35512	0.01890	0.02546	0.05641	0.07113	0.02160	0.03871	0.02015	0.01198	0.01499	0.00952	0.00788	0.01015	0.00230	0.17579	0.00548	0.00320	0.00936
26	0.01479	0.01498	0.02349	0.39581	0.03622	0.04840	0.09905	0.01849	0.01349	0.01802	0.01153	0.01733	0.00940	0.00849	0.01207	0.00253	0.23846	0.00635	0.00316	0.00793
27	0.00856	0.00610	0.00808	0.00964	0.01003	0.00571	0.00640	0.00973	0.01325	0.01766	0.03788	0.72538	0.04542	0.04769	0.00984	0.00297	0.00414	0.01950	0.00640	0.00562
28	0.01516	0.00914	0.00971	0.00893	0.01120	0.00951	0.00684	0.15408	0.01821	0.02856	0.02376	0.12710	0.02066	0.01013	0.00589	0.00189	0.00428	0.00835	0.51910	0.00749
29	0.07531	0.01576	0.03871	0.01393	0.01930	0.01559	0.01171	0.26230	0.10290	0.33714	0.02230	0.02052	0.01499	0.00845	0.00684	0.00216	0.00660	0.00660	0.00744	0.01146
30	0.00905	0.00632	0.00798	0.00904	0.00935	0.00604	0.00578	0.00995	0.01256	0.01679	0.05360	0.51076	0.04031	0.24875	0.01713	0.00403	0.00487	0.01662	0.00582	0.00525
31	0.00857	0.00622	0.00809	0.00945	0.01009	0.00574	0.00639	0.00995	0.01395	0.01852	0.08237	0.65404	0.09872	0.02107	0.00881	0.00276	0.00396	0.01900	0.00655	0.00574
32	0.01645	0.04214	0.16463	0.11562	0.33489	0.01672	0.11181	0.02230	0.04723	0.04074	0.01405	0.01754	0.01093	0.00655	0.00698	0.00217	0.00907	0.00631	0.00362	0.01025
33	0.01100	0.00944	0.01284	0.03431	0.01382	0.01127	0.00959	0.01248	0.01273	0.01771	0.05488	0.37989	0.07349	0.05506	0.01477	0.00304	0.24836	0.01380	0.00517	0.00636
34	0.01553	0.00902	0.00938	0.00856	0.01111	0.03152	0.00659	0.05778	0.01698	0.11941	0.05148	0.05989	0.16148	0.01080	0.00627	0.00194	0.00428	0.00883	0.40168	0.00746
35	0.01596	0.01706	0.03331	0.12159	0.13414	0.01784	0.38826	0.02069	0.01508	0.02089	0.01291	0.01797	0.01025	0.00714	0.01035	0.00243	0.13429	0.00731	0.00338	0.00914
36	0.01623	0.02239	0.22861	0.03262	0.38524	0.01665	0.10242	0.02280	0.06230	0.02298	0.01412	0.01732	0.01106	0.00652	0.00700	0.00217	0.00911	0.00627	0.00357	0.01064

[dist]
# distance from previous block
# <min> <max>
0	4

[block]
# block no. 3 follows, 30 sequences, length 30
# corresponding to MSA columns:
# 105-134
name=unknown_D
#
# <colnr> <probs for GDERKNQSTAVLIFYWHMCP>
#	G	D	E	R	K	N	Q	S	T	A	V	L	I	F	Y	W	H	M	C	P
0	0.14192	0.15606	0.40567	0.01578	0.02366	0.01728	0.01852	0.02212	0.01477	0.07277	0.04204	0.01580	0.01167	0.00696	0.00598	0.00207	0.00842	0.00514	0.00378	0.00959
1	0.02087	0.01438	0.01584	0.01313	0.01701	0.01546	0.01044	0.41345	0.02536	0.06632	0.02284	0.17811	0.02045	0.01129	0.00710	0.00219	0.00617	0.00930	0.12056	0.00974
2	0.01818	0.01421	0.01643	0.03964	0.01883	0.01391	0.01051	0.22487	0.06259	0.04708	0.01766	0.09082	0.01522	0.00852	0.00696	0.00177	0.03177	0.00684	0.00548	0.34871
3	0.00928	0.00732	0.00808	0.00791	0.00988	0.00652	0.00580	0.02798	0.01671	0.02130	0.22363	0.09622	0.44018	0.07564	0.01042	0.00269	0.00386	0.01389	0.00661	0.00607
4	0.01015	0.00677	0.00761	0.00761	0.00761	0.00677	0.00423	0.01015	0.01015	0.01353	0.02199	0.04567	0.02537	0.75476	0.03552	0.00677	0.00677	0.01015	0.00423	0.00423
5	0.01574	0.02646	0.38944	0.02792	0.26729	0.01597	0.06239	0.02196	0.01530	0.04593	0.01355	0.01660	0.01030	0.00805	0.03114	0.00247	0.00983	0.00585	0.00338	0.01043
6	0.01676	0.10139	0.02406	0.03644	0.02134	0.08235	0.10438	0.04451	0.01428	0.01950	0.01212	0.04614	0.01116	0.00930	0.01314	0.00231	0.30868	0.00629	0.00361	0.12223
7	0.00848	0.00617	0.00799	0.00945	0.01005	0.00569	0.00636	0.00975	0.01362	0.01792	0.04173	0.68104	0.11321	0.02144	0.00884	0.00279	0.00400	0.01932	0.00648	0.00569
8	0.01417	0.01354	0.02218	0.50885	0.14857	0.01664	0.01903	0.01823	0.01372	0.01845	0.01198	0.01784	0.00956	0.00772	0.00959	0.00241	0.12992	0.00619	0.00315	0.00826
9	0.00959	0.00702	0.00899	0.00871	0.01030	0.00643	0.00645	0.01253	0.01875	0.02610	0.58045	0.12421	0.12372	0.01535	0.00830	0.00227	0.00339	0.01355	0.00745	0.00643
10	0.01107	0.00797	0.01100	0.01251	0.01416	0.00790	0.01089	0.01419	0.01605	0.02076	0.03895	0.07803	0.07988	0.01918	0.00956	0.00316	0.00625	0.62565	0.00643	0.00639
11	0.01016	0.00750	0.00954	0.00904	0.01078	0.00709	0.00677	0.01418	0.05499	0.02735	0.62477	0.07721	0.08527	0.01442	0.00820	0.00223	0.00345	0.01271	0.00756	0.00676
12	0.00825	0.00707	0.00707	0.00707	0.00943	0.00589	0.00530	0.01001	0.01591	0.01885	0.07069	0.06716	0.70839	0.01767	0.00825	0.00236	0.00353	0.01473	0.00648	0.00589
13	0.01484	0.10179	0.54513	0.02067	0.03005	0.01752	0.13055	0.02203	0.01496	0.02160	0.01251	0.01506	0.00913	0.00645	0.00668	0.00216	0.01028	0.00552	0.00304	0.01004
14	0.01783	0.63036	0.15790	0.01335	0.02010	0.02558	0.01440	0.02111	0.01428	0.01743	0.01020	0.01182	0.00893	0.00609	0.00486	0.00162	0.00797	0.00398	0.00298	0.00920
15	0.01124	0.00803	0.01124	0.01285	0.01446	0.00803	0.01124	0.01446	0.01606	0.02088	0.03695	0.07871	0.04016	0.01928	0.00964	0.00321	0.00643	0.66426	0.00643	0.00643
16	0.00825	0.00707	0.00707	0.00707	0.00943	0.00589	0.00530	0.01001	0.01591	0.01885	0.07069	0.06716	0.70839	0.01767	0.00825	0.00236	0.00353	0.01473	0.00648	0.00589
17	0.00997	0.00748	0.01121	0.01121	0.01246	0.00872	0.00872	0.01246	0.01121	0.01620	0.01869	0.02741	0.01745	0.05234	0.72710	0.01121	0.01869	0.00748	0.00374	0.00623
18	0.00850	0.00607	0.00810	0.00972	0.01012	0.00567	0.00648	0.00972	0.01336	0.01781	0.03846	0.75020	0.04615	0.02186	0.00891	0.00283	0.00405	0.01984	0.00648	0.00567
19	0.00868	0.00705	0.00769	0.00761	0.00971	0.00606	0.00568	0.01082	0.01680	0.02117	0.23367	0.08849	0.51832	0.01695	0.00827	0.00233	0.00349	0.01437	0.00679	0.00606
20	0.01777	0.01943	0.02100	0.01824	0.01907	0.18457	0.01485	0.01936	0.01279	0.01686	0.00954	0.01465	0.00912	0.01105	0.01906	0.00276	0.57323	0.00573	0.00318	0.00774
21	0.01402	0.00834	0.01101	0.03673	0.01336	0.00781	0.00781	0.01747	0.03953	0.15468	0.43719	0.11616	0.08060	0.01372	0.00799	0.00227	0.00417	0.01202	0.00750	0.00763
22	0.01534	0.01482	0.04142	0.39885	0.14205	0.01665	0.04133	0.05224	0.12508	0.02184	0.01518	0.01923	0.01164	0.00755	0.00786	0.00232	0.04701	0.00652	0.00398	0.00910
23	0.21603	0.02061	0.23914	0.07499	0.02336	0.01503	0.01547	0.04561	0.08729	0.17270	0.01679	0.01737	0.01175	0.00740	0.00622	0.00221	0.00749	0.00561	0.00507	0.00986
24	0.00894	0.00634	0.00814	0.00941	0.00987	0.00600	0.00628	0.01006	0.01301	0.01724	0.03652	0.56274	0.06529	0.15449	0.01375	0.00355	0.00465	0.05220	0.00607	0.00546
25	0.02605	0.01281	0.01607	0.01249	0.01774	0.01177	0.01018	0.08913	0.09416	0.45204	0.04817	0.02296	0.01788	0.00837	0.00678	0.00201	0.00584	0.00680	0.00760	0.13115
26	0.01536	0.15025	0.37744	0.02251	0.15807	0.01837	0.02094	0.02083	0.01441	0.02061	0.01266	0.03832	0.01052	0.00749	0.00804	0.00217	0.08333	0.00569	0.00318	0.00981
27	0.01107	0.00848	0.01112	0.01062	0.01092	0.00990	0.00752	0.01187	0.01062	0.01492	0.01930	0.07184	0.02110	0.39074	0.18522	0.03706	0.14927	0.00914	0.00397	0.00535
28	0.01042	0.00718	0.00939	0.00913	0.01075	0.00661	0.00682	0.01335	0.01863	0.04961	0.54860	0.14991	0.07951	0.01541	0.00833	0.00232	0.00361	0.03635	0.00747	0.00661
29	0.01950	0.05630	0.02322	0.16863	0.22142	0.09537	0.01659	0.19914	0.01994	0.02596	0.01367	0.01704	0.01085	0.00967	0.04508	0.00258	0.03494	0.00598	0.00432	0.00980

[dist]
# distance from previous block
# <min> <max>
3	7

[block]
# block no. 4 follows, 30 sequences, length 17
# corresponding to MSA columns:
# 142-158
name=unknown_E
#
# <colnr> <probs for GDERKNQSTAVLIFYWHMCP>
#	G	D	E	R	K	N	Q	S	T	A	V	L	I	F	Y	W	H	M	C	P
0	0.01596	0.05671	0.22940	0.10071	0.06812	0.04013	0.12766	0.03839	0.11783	0.02290	0.01507	0.01745	0.01143	0.00680	0.00674	0.00207	0.00888	0.00606	0.00397	0.10371
1	0.00919	0.00697	0.01026	0.01111	0.01200	0.00655	0.04614	0.01083	0.01376	0.01833	0.03693	0.65345	0.04361	0.02073	0.00893	0.00284	0.00469	0.07144	0.00630	0.00595
2	0.01010	0.00806	0.01039	0.01055	0.01108	0.00884	0.00753	0.01130	0.01283	0.01739	0.06466	0.36944	0.11042	0.16110	0.01653	0.00355	0.14041	0.01452	0.00547	0.00582
3	0.00996	0.00669	0.00767	0.00786	0.00790	0.00664	0.00449	0.01010	0.01052	0.01403	0.02390	0.12732	0.02778	0.66981	0.03243	0.00631	0.00645	0.01127	0.00449	0.00440
4	0.00977	0.00713	0.00918	0.00867	0.01036	0.00654	0.00650	0.01297	0.01951	0.02740	0.66704	0.05308	0.10671	0.01448	0.00823	0.00221	0.00331	0.01275	0.00761	0.00654
5	0.01922	0.70336	0.03528	0.01240	0.01819	0.08118	0.01206	0.02143	0.01461	0.01647	0.00978	0.01130	0.00896	0.00606	0.00462	0.00152	0.00786	0.00379	0.00303	0.00889
6	0.00848	0.00617	0.00799	0.00945	0.01005	0.00569	0.00636	0.00975	0.01362	0.01792	0.04175	0.68049	0.11374	0.02143	0.00884	0.00279	0.00400	0.01932	0.00648	0.00569
7	0.01429	0.03404	0.63788	0.02102	0.03095	0.01638	0.10443	0.02213	0.01494	0.02213	0.01271	0.01522	0.00905	0.00654	0.00682	0.00223	0.01049	0.00552	0.00302	0.01021
8	0.01808	0.02017	0.06509	0.02417	0.02948	0.07634	0.38234	0.10096	0.01742	0.02335	0.01307	0.01715	0.01024	0.00762	0.01086	0.00241	0.16106	0.00712	0.00382	0.00928
9	0.01822	0.61575	0.14320	0.01344	0.01999	0.05421	0.01418	0.02137	0.01449	0.01734	0.01019	0.01181	0.00894	0.00612	0.00489	0.00162	0.00812	0.00399	0.00300	0.00913
10	0.01585	0.01489	0.01510	0.01125	0.01714	0.09479	0.00889	0.01880	0.01510	0.02206	0.01221	0.01425	0.01018	0.00541	0.00530	0.00112	0.00605	0.00418	0.00407	0.70337
11	0.01447	0.01240	0.01447	0.01034	0.01654	0.00930	0.00827	0.01757	0.01447	0.02274	0.01240	0.01447	0.01034	0.00517	0.00517	0.00103	0.00517	0.00413	0.00413	0.79742
12	0.01722	0.01673	0.02921	0.04191	0.66474	0.01665	0.06720	0.02148	0.01593	0.02277	0.01319	0.01738	0.01102	0.00619	0.00700	0.00209	0.00853	0.00636	0.00346	0.01094
13	0.01092	0.00780	0.01087	0.01248	0.01394	0.00775	0.01068	0.01389	0.01574	0.02052	0.03713	0.15883	0.04088	0.01959	0.00955	0.00317	0.00614	0.58737	0.00643	0.00634
14	0.00942	0.00748	0.00924	0.05952	0.01294	0.00697	0.00730	0.01201	0.01695	0.02207	0.28465	0.10621	0.33487	0.01615	0.00831	0.00240	0.00412	0.06643	0.00666	0.00629
15	0.01649	0.01579	0.06684	0.05726	0.06996	0.01592	0.01287	0.06815	0.42608	0.02808	0.09814	0.02610	0.02294	0.00921	0.00710	0.00225	0.00615	0.00778	0.00627	0.03665
16	0.01536	0.06922	0.11721	0.08354	0.13450	0.01650	0.28894	0.02120	0.05490	0.02152	0.01678	0.09696	0.01469	0.00806	0.00748	0.00228	0.00936	0.00830	0.00390	0.00930

[dist]
# distance from previous block
# <min> <max>
0	1

[block]
# block no. 5 follows, 30 sequences, length 28
# corresponding to MSA columns:
# 160-187
name=unknown_F
#
# <colnr> <probs for GDERKNQSTAVLIFYWHMCP>
#	G	D	E	R	K	N	Q	S	T	A	V	L	I	F	Y	W	H	M	C	P
0	0.01424	0.06874	0.55028	0.02153	0.11027	0.01609	0.02319	0.02108	0.01475	0.02159	0.01428	0.06669	0.01174	0.00762	0.00671	0.00220	0.00948	0.00625	0.00326	0.01001
1	0.01754	0.09680	0.25699	0.02571	0.21103	0.12283	0.08910	0.02346	0.05173	0.02140	0.01315	0.01577	0.01030	0.00661	0.00664	0.00207	0.00973	0.00567	0.00346	0.01000
2	0.02648	0.02106	0.02081	0.01627	0.02163	0.09948	0.01329	0.61509	0.03137	0.04101	0.01610	0.01629	0.01155	0.00825	0.00690	0.00206	0.00822	0.00609	0.00661	0.01145
3	0.02124	0.03818	0.04453	0.01509	0.01993	0.08215	0.05460	0.27424	0.02257	0.08987	0.05248	0.05639	0.01627	0.00877	0.00751	0.00201	0.04146	0.00695	0.03944	0.10632
4	0.01257	0.00729	0.00962	0.00986	0.01143	0.00661	0.00707	0.01443	0.01575	0.13702	0.15784	0.46765	0.07950	0.01806	0.00843	0.00258	0.00420	0.01613	0.00706	0.00689
5	0.29793	0.01268	0.01252	0.03483	0.01565	0.05582	0.00885	0.02288	0.04747	0.20718	0.08187	0.08689	0.06860	0.01003	0.00637	0.00223	0.00569	0.00786	0.00612	0.00853
6	0.01818	0.01212	0.01437	0.01486	0.06476	0.07172	0.01129	0.02217	0.06261	0.19832	0.05252	0.07101	0.06354	0.01380	0.00818	0.00260	0.00659	0.27618	0.00662	0.00854
7	0.01693	0.07482	0.20667	0.02478	0.03246	0.01754	0.43366	0.02291	0.01610	0.06463	0.01424	0.01758	0.01045	0.00624	0.00750	0.00225	0.01074	0.00708	0.00366	0.00975
8	0.00869	0.00615	0.00804	0.00948	0.00984	0.00579	0.00622	0.00977	0.01300	0.01733	0.03660	0.67047	0.04380	0.10480	0.01192	0.00328	0.00436	0.01874	0.00622	0.00551
9	0.01067	0.00862	0.01128	0.09800	0.03757	0.00866	0.00870	0.01503	0.07612	0.02369	0.33778	0.12292	0.18585	0.01425	0.00802	0.00232	0.00450	0.01245	0.00656	0.00701
10	0.02308	0.01633	0.01871	0.08250	0.02219	0.01789	0.01263	0.46040	0.04897	0.09579	0.02045	0.11212	0.01681	0.01004	0.00724	0.00223	0.00714	0.00813	0.00670	0.01066
11	0.01286	0.00788	0.00950	0.00873	0.01127	0.00688	0.00667	0.01528	0.01781	0.14388	0.28071	0.09016	0.33162	0.01514	0.00806	0.00229	0.00390	0.01292	0.00727	0.00716
12	0.01647	0.01882	0.04118	0.02941	0.03647	0.01765	0.68588	0.02235	0.01647	0.02235	0.01412	0.01882	0.01059	0.00588	0.00824	0.00235	0.01176	0.00824	0.00353	0.00941
13	0.01804	0.02048	0.08625	0.08131	0.50755	0.12220	0.02048	0.02221	0.01624	0.02157	0.01268	0.01644	0.01044	0.00645	0.00680	0.00206	0.00917	0.00587	0.00341	0.01034
14	0.01028	0.00764	0.00931	0.01004	0.01114	0.00760	0.00695	0.03532	0.08860	0.01986	0.05665	0.51201	0.08765	0.07125	0.01087	0.02110	0.00451	0.01652	0.00636	0.00634
15	0.01015	0.00677	0.00761	0.00761	0.00761	0.00677	0.00423	0.01015	0.01015	0.01353	0.02199	0.04567	0.02537	0.75476	0.03552	0.00677	0.00677	0.01015	0.00423	0.00423
16	0.02533	0.01768	0.01938	0.01517	0.02028	0.01923	0.01240	0.57072	0.02996	0.09974	0.01963	0.08301	0.01540	0.00961	0.00716	0.00217	0.00720	0.00756	0.00708	0.01131
17	0.01770	0.01220	0.01408	0.01263	0.01564	0.01285	0.00965	0.25325	0.08890	0.08852	0.02888	0.35727	0.02912	0.01474	0.00789	0.00247	0.00564	0.01277	0.00690	0.00892
18	0.01213	0.03259	0.01237	0.03079	0.01372	0.01075	0.00848	0.03883	0.13838	0.02299	0.21892	0.12165	0.09332	0.08064	0.09219	0.00374	0.04411	0.01101	0.00607	0.00731
19	0.01005	0.00672	0.00764	0.00774	0.00777	0.00670	0.00437	0.01012	0.01035	0.01379	0.02300	0.08909	0.02665	0.70958	0.03388	0.00652	0.00660	0.01075	0.00437	0.00432
20	0.01881	0.01517	0.01708	0.01300	0.01848	0.01477	0.01053	0.24278	0.08853	0.03018	0.01530	0.01642	0.01188	0.00699	0.00679	0.00161	0.04019	0.00532	0.00533	0.42084
21	0.01411	0.01428	0.10529	0.01376	0.01746	0.01198	0.05484	0.06516	0.07652	0.05529	0.10425	0.19828	0.06251	0.03423	0.00975	0.00248	0.06968	0.01073	0.00561	0.07380
22	0.06850	0.31500	0.12268	0.01479	0.01983	0.18989	0.01400	0.02167	0.01513	0.01848	0.01342	0.01536	0.04471	0.00770	0.00749	0.00193	0.09254	0.00495	0.00340	0.00854
23	0.40844	0.05392	0.17493	0.05854	0.02013	0.03278	0.01301	0.02169	0.01408	0.08631	0.04864	0.01581	0.01196	0.00713	0.00551	0.00214	0.00698	0.00501	0.00440	0.00860
24	0.01461	0.01357	0.03971	0.03652	0.01753	0.05598	0.04496	0.10004	0.14232	0.02486	0.08426	0.06705	0.19688	0.01323	0.00791	0.00243	0.00628	0.11749	0.00616	0.00821
25	0.01854	0.04413	0.10316	0.05929	0.19711	0.13918	0.01589	0.07126	0.12480	0.04877	0.06114	0.02206	0.04786	0.00824	0.00688	0.00211	0.00821	0.00680	0.00479	0.00979
26	0.04502	0.19521	0.02201	0.01512	0.04354	0.19992	0.01200	0.09675	0.13938	0.02333	0.01717	0.01963	0.03112	0.00799	0.00614	0.00189	0.00807	0.03359	0.00470	0.07742
27	0.03873	0.39597	0.07542	0.01234	0.01799	0.07180	0.01173	0.02000	0.01509	0.01959	0.06071	0.01755	0.01433	0.00701	0.00535	0.00160	0.00717	0.02830	0.00376	0.17555

[dist]
# distance from previous block
# <min> <max>
0	41

[block]
# block no. 6 follows, 30 sequences, length 32
# corresponding to MSA columns:
# 229-260
name=unknown_G
#
# <colnr> <probs for GDERKNQSTAVLIFYWHMCP>
#	G	D	E	R	K	N	Q	S	T	A	V	L	I	F	Y	W	H	M	C	P
0	0.04761	0.09105	0.02811	0.02049	0.05005	0.01745	0.27279	0.15501	0.01838	0.02535	0.01640	0.09530	0.01453	0.01015	0.02817	0.02323	0.04172	0.00809	0.00451	0.03160
1	0.02337	0.04568	0.02225	0.01647	0.02172	0.01885	0.09572	0.41983	0.07676	0.09567	0.04589	0.02070	0.01549	0.03898	0.00828	0.00233	0.00765	0.00702	0.00647	0.01087
2	0.02299	0.01857	0.06116	0.01494	0.02025	0.03703	0.01266	0.44775	0.06428	0.06922	0.01826	0.04860	0.01427	0.04188	0.00815	0.00226	0.00737	0.00684	0.00635	0.07716
3	0.01665	0.17650	0.30606	0.01565	0.02232	0.03490	0.01689	0.14316	0.01810	0.02450	0.04399	0.11707	0.01684	0.00923	0.00662	0.00212	0.00815	0.00737	0.00439	0.00948
4	0.01022	0.00681	0.00817	0.00820	0.00942	0.00651	0.00579	0.01245	0.01539	0.02224	0.26749	0.14204	0.10123	0.14929	0.04561	0.00342	0.00474	0.01190	0.16310	0.00594
5	0.00863	0.00711	0.00763	0.00777	0.00993	0.00611	0.00592	0.01062	0.01616	0.01978	0.12340	0.09477	0.57273	0.01767	0.00838	0.00243	0.00376	0.06464	0.00658	0.00598
6	0.01900	0.72560	0.03580	0.01222	0.01808	0.05975	0.01201	0.02122	0.01444	0.01645	0.00975	0.01126	0.00896	0.00603	0.00456	0.00151	0.00770	0.00377	0.00301	0.00892
7	0.00862	0.00612	0.00806	0.00957	0.00994	0.00575	0.00632	0.00975	0.01313	0.01751	0.03730	0.70045	0.04469	0.07361	0.01079	0.00311	0.00424	0.01915	0.00632	0.00557
8	0.05040	0.01892	0.02011	0.01566	0.02105	0.02104	0.01287	0.60504	0.09524	0.04217	0.01763	0.01746	0.01262	0.00842	0.00691	0.00212	0.00740	0.00636	0.00691	0.01165
9	0.02190	0.12944	0.06286	0.01452	0.01928	0.12661	0.01258	0.31383	0.02317	0.03052	0.01522	0.01662	0.01168	0.00785	0.00678	0.00193	0.03730	0.00560	0.13256	0.00973
10	0.04762	0.00686	0.00685	0.00680	0.00828	0.00695	0.00489	0.01544	0.01377	0.02420	0.02206	0.02860	0.01866	0.13079	0.00989	0.00249	0.00392	0.00698	0.62876	0.00618
11	0.00960	0.00713	0.00919	0.01044	0.01179	0.00672	0.00822	0.01179	0.01508	0.01935	0.04515	0.31120	0.19428	0.01982	0.00907	0.00289	0.00494	0.29085	0.00646	0.00604
12	0.01626	0.05777	0.08416	0.06052	0.19284	0.01770	0.34499	0.02124	0.01548	0.02160	0.01332	0.01767	0.01052	0.00662	0.00858	0.00226	0.06635	0.00699	0.02557	0.00955
13	0.05285	0.43167	0.11699	0.01421	0.01945	0.09693	0.01393	0.02086	0.01416	0.01790	0.01052	0.01305	0.00930	0.00911	0.04044	0.00229	0.10005	0.00446	0.00315	0.00869
14	0.01871	0.01585	0.01609	0.01414	0.01816	0.04643	0.01108	0.12499	0.53752	0.03054	0.02573	0.02420	0.01929	0.00914	0.00692	0.00226	0.00597	0.00744	0.05477	0.01076
15	0.01555	0.11370	0.20311	0.02418	0.14669	0.01813	0.17028	0.02024	0.01454	0.02046	0.01384	0.06446	0.01216	0.00818	0.00945	0.00230	0.12297	0.00698	0.00342	0.00935
16	0.00933	0.00707	0.00860	0.00832	0.01012	0.00634	0.00620	0.01208	0.01833	0.02483	0.48928	0.08771	0.25507	0.01561	0.00827	0.00227	0.00340	0.01357	0.00727	0.00634
17	0.01833	0.01503	0.01599	0.01419	0.01826	0.01721	0.01110	0.06181	0.64308	0.06022	0.02792	0.02558	0.02076	0.00939	0.00709	0.00235	0.00562	0.00779	0.00716	0.01111
18	0.00962	0.00700	0.00847	0.00852	0.01023	0.00624	0.00623	0.01189	0.01696	0.04236	0.31534	0.21917	0.27838	0.01703	0.00836	0.00240	0.00363	0.01486	0.00702	0.00629
19	0.01447	0.01240	0.01447	0.01034	0.01654	0.00930	0.00827	0.01757	0.01447	0.02274	0.01240	0.01447	0.01034	0.00517	0.00517	0.00103	0.00517	0.00413	0.00413	0.79742
20	0.01791	0.01527	0.01609	0.01431	0.01836	0.01762	0.01118	0.07667	0.65812	0.03009	0.02769	0.02547	0.02073	0.00940	0.00709	0.00235	0.00565	0.00779	0.00709	0.01110
21	0.00855	0.00615	0.00811	0.00958	0.01011	0.00571	0.00644	0.00987	0.01371	0.01826	0.06635	0.69714	0.07138	0.02140	0.00886	0.00279	0.00400	0.01936	0.00653	0.00571
22	0.02607	0.03326	0.01978	0.01798	0.02157	0.72674	0.01348	0.02787	0.01978	0.01708	0.01079	0.01258	0.00899	0.00719	0.00629	0.00180	0.01258	0.00449	0.00360	0.00809
23	0.80405	0.01350	0.01026	0.00918	0.01350	0.01565	0.00756	0.02051	0.01188	0.03131	0.00972	0.01134	0.00756	0.00648	0.00432	0.00216	0.00540	0.00378	0.00432	0.00756
24	0.01167	0.00606	0.00897	0.00917	0.00922	0.00601	0.00611	0.00917	0.00962	0.01283	0.01539	0.11179	0.01635	0.02395	0.02499	0.69830	0.00581	0.00777	0.00346	0.00336
25	0.00884	0.00632	0.00849	0.01011	0.01066	0.00596	0.00707	0.01031	0.01370	0.01820	0.03827	0.66677	0.04541	0.02154	0.00900	0.00288	0.00434	0.09991	0.00647	0.00576
26	0.00850	0.00607	0.00810	0.00972	0.01012	0.00567	0.00648	0.00972	0.01336	0.01781	0.03846	0.75020	0.04615	0.02186	0.00891	0.00283	0.00405	0.01984	0.00648	0.00567
27	0.62607	0.08768	0.01264	0.00952	0.01352	0.01562	0.00786	0.01921	0.01229	0.02813	0.01329	0.10313	0.01249	0.00834	0.00490	0.00218	0.00544	0.00577	0.00445	0.00746
28	0.01047	0.01103	0.09911	0.01229	0.01467	0.00965	0.01084	0.01366	0.01165	0.01693	0.01793	0.02584	0.01638	0.04666	0.63758	0.01010	0.01765	0.00719	0.00364	0.00674
29	0.01591	0.01499	0.01513	0.01129	0.01716	0.09845	0.00892	0.01885	0.01513	0.02204	0.01220	0.01424	0.01017	0.00542	0.00531	0.00113	0.00609	0.00418	0.00407	0.69934
30	0.00959	0.00707	0.00867	0.00830	0.00988	0.00647	0.00604	0.01218	0.01781	0.02441	0.49820	0.05425	0.18609	0.10694	0.01162	0.00279	0.00377	0.01272	0.00702	0.00616
31	0.00953	0.00712	0.00885	0.00842	0.01021	0.00644	0.00631	0.01250	0.01894	0.02605	0.57305	0.05530	0.20154	0.01499	0.00823	0.00223	0.00334	0.01307	0.00743	0.00644

[dist]
# distance from previous block
# <min> <max>
0	1

[block]
# block no. 7 follows, 30 sequences, length 15
# corresponding to MSA columns:
# 262-276
name=unknown_H
#
# <colnr> <probs for GDERKNQSTAVLIFYWHMCP>
#	G	D	E	R	K	N	Q	S	T	A	V	L	I	F	Y	W	H	M	C	P
0	0.01177	0.00972	0.01543	0.01900	0.18459	0.01066	0.01185	0.01467	0.01237	0.01782	0.01732	0.02492	0.01587	0.04098	0.54970	0.00896	0.01613	0.00717	0.00367	0.00742
1	0.00913	0.00658	0.00870	0.00973	0.01064	0.00616	0.00698	0.01109	0.01531	0.02068	0.20421	0.48306	0.07275	0.01957	0.00880	0.00270	0.00410	0.08707	0.00677	0.00598
2	0.01063	0.00659	0.00798	0.00798	0.00798	0.00659	0.00468	0.00989	0.00989	0.01318	0.01956	0.03964	0.02211	0.57481	0.03349	0.20142	0.00659	0.00914	0.00393	0.00393
3	0.29039	0.03754	0.01589	0.04718	0.01867	0.19144	0.01076	0.17537	0.01925	0.02839	0.01828	0.01923	0.08427	0.00831	0.00597	0.00207	0.00773	0.00582	0.00490	0.00855
4	0.01531	0.01961	0.19368	0.06098	0.31282	0.01516	0.01945	0.02227	0.10170	0.02289	0.01872	0.02773	0.01642	0.00887	0.00731	0.00234	0.00819	0.11234	0.00425	0.00997
5	0.02207	0.18315	0.28418	0.01512	0.02248	0.01626	0.01645	0.02669	0.01675	0.30378	0.01803	0.01764	0.01230	0.00730	0.00632	0.00203	0.00791	0.00561	0.00527	0.01066
6	0.01563	0.19778	0.02438	0.04964	0.01918	0.02174	0.01418	0.01755	0.01174	0.01671	0.01012	0.01528	0.00970	0.01327	0.06744	0.00321	0.47589	0.00562	0.00309	0.00787
7	0.09388	0.00781	0.00768	0.00762	0.01013	0.00706	0.00587	0.01145	0.01560	0.02058	0.08293	0.06123	0.58104	0.01644	0.00789	0.00237	0.00386	0.04415	0.00628	0.00612
8	0.04214	0.02648	0.43182	0.01669	0.02459	0.01462	0.01926	0.08567	0.01780	0.14690	0.09009	0.02042	0.01668	0.00796	0.00683	0.00219	0.00839	0.00635	0.00487	0.01025
9	0.01793	0.44901	0.10963	0.04562	0.09517	0.07129	0.01506	0.02108	0.01457	0.01803	0.01060	0.01299	0.00923	0.00660	0.00647	0.00178	0.05811	0.00448	0.00311	0.02921
10	0.22166	0.01227	0.01473	0.01162	0.01675	0.01159	0.00959	0.03068	0.01798	0.54738	0.02314	0.02069	0.01488	0.00811	0.00635	0.00216	0.00580	0.00622	0.00757	0.01081
11	0.00911	0.00701	0.00775	0.00762	0.00922	0.00627	0.00535	0.01081	0.01542	0.01976	0.21330	0.05821	0.38416	0.19841	0.01496	0.00340	0.00427	0.01309	0.00622	0.00565
12	0.01088	0.00864	0.01135	0.01137	0.01234	0.03048	0.00861	0.01291	0.01215	0.01730	0.02269	0.20416	0.02364	0.05684	0.38158	0.00718	0.09111	0.01030	0.06022	0.00626
13	0.02424	0.21202	0.02391	0.01649	0.02067	0.55452	0.01310	0.02615	0.01840	0.01692	0.01052	0.01224	0.00898	0.00689	0.00585	0.00172	0.01132	0.00431	0.00345	0.00830
14	0.00841	0.00643	0.00773	0.00878	0.00988	0.00575	0.00606	0.00982	0.01426	0.01818	0.04986	0.50861	0.28038	0.02038	0.00867	0.00267	0.00387	0.01803	0.00648	0.00575

[dist]
# distance from previous block
# <min> <max>
0	7

[block]
# block no. 8 follows, 30 sequences, length 11
# corresponding to MSA columns:
# 284-294
name=unknown_I
#
# <colnr> <probs for GDERKNQSTAVLIFYWHMCP>
#	G	D	E	R	K	N	Q	S	T	A	V	L	I	F	Y	W	H	M	C	P
0	0.02472	0.01858	0.02094	0.11388	0.02522	0.02081	0.01409	0.59716	0.03025	0.04044	0.01616	0.01700	0.01152	0.00819	0.00698	0.00213	0.00790	0.00627	0.00646	0.01131
1	0.01786	0.01567	0.01596	0.01439	0.01827	0.04995	0.01128	0.06742	0.59539	0.02888	0.02750	0.02796	0.02134	0.00987	0.00720	0.00238	0.00601	0.04510	0.00689	0.01069
2	0.01722	0.01653	0.02760	0.03794	0.56636	0.01677	0.07019	0.02361	0.10844	0.02363	0.01527	0.01858	0.01241	0.00663	0.00703	0.00213	0.00818	0.00660	0.00395	0.01093
3	0.01851	0.01372	0.01603	0.01339	0.01696	0.01513	0.01071	0.35233	0.02216	0.03030	0.01764	0.02260	0.01481	0.07155	0.28983	0.00590	0.01181	0.00689	0.00542	0.04431
4	0.00850	0.00607	0.00810	0.00972	0.01012	0.00567	0.00648	0.00972	0.01336	0.01781	0.03846	0.75020	0.04615	0.02186	0.00891	0.00283	0.00405	0.01984	0.00648	0.00567
5	0.01522	0.01548	0.02102	0.36000	0.03273	0.08040	0.01706	0.01826	0.01303	0.01731	0.01084	0.01662	0.00921	0.00929	0.01388	0.00260	0.33017	0.00601	0.00312	0.00773
6	0.00835	0.00668	0.00748	0.00812	0.00970	0.00580	0.00577	0.00990	0.01490	0.01844	0.05795	0.33712	0.44665	0.01933	0.00851	0.00255	0.00374	0.01675	0.00648	0.00580
7	0.00987	0.00691	0.00888	0.00910	0.00957	0.00727	0.00604	0.01086	0.01094	0.01500	0.02312	0.13503	0.02554	0.42050	0.26324	0.00772	0.01039	0.01057	0.00437	0.00509
8	0.01708	0.01737	0.02913	0.08473	0.28163	0.04648	0.23280	0.02473	0.14755	0.02327	0.01623	0.01936	0.01266	0.00683	0.00735	0.00223	0.00913	0.00712	0.00416	0.01015
9	0.00893	0.00708	0.00791	0.00771	0.00969	0.00619	0.00570	0.01115	0.01698	0.02184	0.29655	0.06062	0.44146	0.05577	0.00970	0.00253	0.00362	0.01373	0.00679	0.00605
10	0.01241	0.00882	0.01034	0.01022	0.01146	0.00902	0.00702	0.13683	0.01595	0.02132	0.02903	0.38336	0.03296	0.25811	0.01722	0.00398	0.00561	0.01414	0.00584	0.00636

[dist]
# distance from previous block
# <min> <max>
7	55

[block]
# block no. 9 follows, 30 sequences, length 57
# corresponding to MSA columns:
# 352-408
name=unknown_J
#
# <colnr> <probs for GDERKNQSTAVLIFYWHMCP>
#	G	D	E	R	K	N	Q	S	T	A	V	L	I	F	Y	W	H	M	C	P
0	0.01398	0.06210	0.65832	0.01917	0.02887	0.01627	0.02443	0.02158	0.01454	0.02160	0.01272	0.01522	0.00926	0.00883	0.04162	0.00262	0.01061	0.00522	0.00299	0.01006
1	0.01458	0.03596	0.68458	0.01980	0.02978	0.05080	0.02518	0.02238	0.01498	0.02186	0.01244	0.01463	0.00885	0.00666	0.00661	0.00219	0.01042	0.00512	0.00298	0.01020
2	0.00850	0.00607	0.00810	0.00972	0.01012	0.00567	0.00648	0.00972	0.01336	0.01781	0.03846	0.75020	0.04615	0.02186	0.00891	0.00283	0.00405	0.01984	0.00648	0.00567
3	0.01191	0.00954	0.01130	0.01235	0.01399	0.04347	0.00994	0.01649	0.09861	0.02082	0.03507	0.26458	0.03809	0.01825	0.00895	0.00293	0.00592	0.36456	0.00639	0.00685
4	0.02572	0.01894	0.02038	0.01570	0.02109	0.02091	0.01294	0.65511	0.03217	0.04320	0.05038	0.01848	0.01449	0.00866	0.00704	0.00210	0.00747	0.00659	0.00701	0.01161
5	0.01015	0.00677	0.00761	0.00761	0.00761	0.00677	0.00423	0.01015	0.01015	0.01353	0.02199	0.04567	0.02537	0.75476	0.03552	0.00677	0.00677	0.01015	0.00423	0.00423
6	0.02592	0.01925	0.02060	0.01593	0.02141	0.02136	0.01312	0.64511	0.07664	0.04301	0.01752	0.01736	0.01249	0.00845	0.00699	0.00211	0.00754	0.00639	0.00699	0.01181
7	0.00988	0.00713	0.00933	0.00878	0.01043	0.00658	0.00658	0.01317	0.01975	0.02798	0.70754	0.05213	0.06584	0.01427	0.00823	0.00219	0.00329	0.01262	0.00768	0.00658
8	0.01447	0.01240	0.01447	0.01034	0.01654	0.00930	0.00827	0.01757	0.01447	0.02274	0.01240	0.01447	0.01034	0.00517	0.00517	0.00103	0.00517	0.00413	0.00413	0.79742
9	0.00997	0.00748	0.01121	0.01121	0.01246	0.00872	0.00872	0.01246	0.01121	0.01620	0.01869	0.02741	0.01745	0.05234	0.72710	0.01121	0.01869	0.00748	0.00374	0.00623
10	0.04421	0.57651	0.18403	0.01358	0.02043	0.02473	0.01480	0.02114	0.01422	0.01816	0.01032	0.01197	0.00888	0.00613	0.00494	0.00167	0.00801	0.00404	0.00302	0.00920
11	0.00854	0.00611	0.00814	0.00969	0.01013	0.00570	0.00648	0.00982	0.01356	0.01813	0.05932	0.72844	0.04677	0.02163	0.00889	0.00281	0.00403	0.01961	0.00652	0.00570
12	0.02653	0.01955	0.02094	0.01606	0.02164	0.02164	0.01326	0.68796	0.03281	0.04398	0.01675	0.01675	0.01187	0.00838	0.00698	0.00209	0.00768	0.00628	0.00698	0.01187
13	0.01076	0.00781	0.01058	0.01191	0.01342	0.00772	0.00996	0.01404	0.03361	0.02096	0.07876	0.18202	0.06922	0.01907	0.00932	0.00303	0.00572	0.47916	0.00653	0.00641
14	0.25116	0.05380	0.33804	0.16079	0.02828	0.01636	0.01846	0.02072	0.01370	0.02377	0.01154	0.01435	0.00855	0.00663	0.00592	0.00219	0.00852	0.00490	0.00339	0.00892
15	0.80405	0.01350	0.01026	0.00918	0.01350	0.01565	0.00756	0.02051	0.01188	0.03131	0.00972	0.01134	0.00756	0.00648	0.00432	0.00216	0.00540	0.00378	0.00432	0.00756
16	0.02244	0.04785	0.04751	0.06101	0.02235	0.01912	0.01377	0.48545	0.02749	0.03668	0.01924	0.02642	0.01597	0.00986	0.00729	0.00227	0.00768	0.11073	0.00633	0.01056
17	0.02145	0.10695	0.02462	0.05192	0.26351	0.32511	0.01622	0.05051	0.03842	0.02045	0.01230	0.01485	0.01020	0.00682	0.00638	0.00191	0.00998	0.00525	0.00370	0.00945
18	0.01400	0.03610	0.71860	0.01989	0.03020	0.01621	0.02578	0.02210	0.01473	0.02210	0.01252	0.01473	0.00884	0.00663	0.00663	0.00221	0.01031	0.00516	0.00295	0.01031
19	0.01595	0.01324	0.04083	0.01472	0.06674	0.01085	0.06509	0.02046	0.05726	0.09546	0.11166	0.03979	0.02027	0.00763	0.00641	0.00165	0.00591	0.00673	0.00519	0.39416
20	0.01212	0.00606	0.00909	0.00909	0.00909	0.00606	0.00606	0.00909	0.00909	0.01212	0.01212	0.02121	0.01212	0.02424	0.02727	0.79697	0.00606	0.00606	0.00303	0.00303
21	0.02956	0.01149	0.01563	0.01212	0.01721	0.00996	0.00996	0.03230	0.01996	0.65978	0.08315	0.02607	0.02125	0.00910	0.00712	0.00216	0.00572	0.00748	0.00856	0.01144
22	0.01527	0.03325	0.62722	0.02107	0.07784	0.01587	0.02454	0.02277	0.01513	0.06399	0.01347	0.01546	0.00951	0.00672	0.00667	0.00220	0.00991	0.00534	0.00333	0.01046
23	0.02281	0.01408	0.05023	0.01429	0.03502	0.01320	0.01184	0.11750	0.16004	0.30456	0.05410	0.03192	0.02215	0.01041	0.00744	0.00235	0.00632	0.10383	0.00733	0.01059
24	0.01015	0.00677	0.00761	0.00761	0.00761	0.00677	0.00423	0.01015	0.01015	0.01353	0.02199	0.04567	0.02537	0.75476	0.03552	0.00677	0.00677	0.01015	0.00423	0.00423
25	0.00933	0.00670	0.00868	0.00998	0.01061	0.00651	0.00680	0.01151	0.05447	0.01821	0.03617	0.62992	0.04236	0.04974	0.01056	0.03307	0.00440	0.03884	0.00630	0.00586
26	0.02410	0.01621	0.12893	0.01382	0.01942	0.01259	0.01272	0.05459	0.14172	0.40164	0.05282	0.05114	0.01951	0.00918	0.00709	0.00223	0.00645	0.00756	0.00726	0.01102
27	0.04758	0.04268	0.05031	0.18872	0.09036	0.01841	0.07754	0.04611	0.05523	0.02092	0.01271	0.01721	0.01047	0.00877	0.01229	0.00249	0.25990	0.00624	0.02343	0.00863
28	0.01038	0.00760	0.01012	0.01133	0.01293	0.00734	0.00948	0.01315	0.01597	0.02068	0.08540	0.15061	0.14690	0.01900	0.00925	0.00297	0.00551	0.44861	0.00652	0.00627
29	0.01734	0.01849	0.05640	0.09618	0.10502	0.01791	0.42578	0.10270	0.01789	0.02439	0.01394	0.01813	0.01056	0.00658	0.00830	0.00231	0.03710	0.00742	0.00387	0.00969
30	0.07957	0.04198	0.06784	0.01455	0.02005	0.01613	0.03870	0.23408	0.09893	0.25517	0.04739	0.02081	0.01612	0.00838	0.00681	0.00215	0.00688	0.00668	0.00682	0.01096
31	0.01618	0.01547	0.02635	0.22827	0.53432	0.01629	0.02087	0.02046	0.01537	0.02147	0.01293	0.01763	0.01059	0.00642	0.00693	0.00214	0.00856	0.00621	0.00336	0.01017
