[name]
unknown

[dist]
# distance from previous block
# <min> <max>
13	125

[block]
# block no. 0 follows, 31 sequences, length 31
# corresponding to MSA columns:
# 136-166
name=unknown_A
#
# <colnr> <probs for GDERKNQSTAVLIFYWHMCP>
#	G	D	E	R	K	N	Q	S	T	A	V	L	I	F	Y	W	H	M	C	P
0	0.26364	0.10273	0.10416	0.04738	0.11721	0.01631	0.01315	0.02026	0.07041	0.02355	0.01597	0.07973	0.03190	0.00852	0.00695	0.00218	0.05690	0.00644	0.00413	0.00848
1	0.01120	0.00800	0.01003	0.01110	0.04912	0.00728	0.00825	0.01352	0.01577	0.07343	0.05081	0.11309	0.37170	0.01681	0.00838	0.00257	0.00478	0.21118	0.00634	0.00664
2	0.01945	0.57910	0.03237	0.01507	0.07210	0.14867	0.01269	0.02171	0.01498	0.01669	0.00995	0.01167	0.00894	0.00608	0.00488	0.00156	0.00825	0.00398	0.00307	0.00879
3	0.01178	0.07128	0.01339	0.01208	0.05485	0.00950	0.00837	0.04568	0.01446	0.01992	0.02736	0.45422	0.03099	0.01506	0.00738	0.00221	0.00490	0.01339	0.00542	0.17776
4	0.02231	0.02639	0.01766	0.01605	0.01960	0.50029	0.01214	0.02879	0.20338	0.02003	0.01842	0.01880	0.05047	0.00821	0.00649	0.00194	0.00999	0.00585	0.00460	0.00859
5	0.01111	0.00875	0.01062	0.00992	0.01241	0.00783	0.00714	0.01423	0.06634	0.01938	0.02621	0.35533	0.02873	0.09052	0.04486	0.00296	0.00539	0.01208	0.00531	0.26087
6	0.04107	0.00911	0.01174	0.01039	0.01343	0.00830	0.00802	0.02137	0.04094	0.31236	0.17952	0.20987	0.07850	0.01335	0.00759	0.00230	0.00463	0.01154	0.00744	0.00852
7	0.01292	0.01216	0.02052	0.74312	0.04712	0.01520	0.01900	0.01748	0.01368	0.01748	0.01216	0.01824	0.00912	0.00684	0.00684	0.00228	0.00912	0.00608	0.00304	0.00760
8	0.01282	0.00857	0.01109	0.01122	0.01372	0.00800	0.00946	0.01609	0.03360	0.09004	0.07763	0.06197	0.14693	0.01594	0.00847	0.00265	0.00548	0.38721	0.00642	0.07269
9	0.01076	0.00727	0.00914	0.00851	0.01044	0.00657	0.00640	0.01360	0.01845	0.07008	0.53737	0.05169	0.17301	0.03589	0.00877	0.00231	0.00353	0.01231	0.00729	0.00660
10	0.00987	0.00675	0.00871	0.00961	0.01073	0.00627	0.00700	0.01161	0.01447	0.04851	0.09504	0.43239	0.13175	0.05670	0.00995	0.00289	0.00443	0.12095	0.00642	0.00596
11	0.09504	0.01177	0.01539	0.01191	0.01711	0.01049	0.00984	0.03225	0.01892	0.66442	0.02554	0.02228	0.01615	0.00829	0.00666	0.00212	0.00578	0.00662	0.00812	0.01129
12	0.01372	0.03539	0.72412	0.01950	0.02961	0.01589	0.02528	0.02167	0.01444	0.02167	0.01228	0.01444	0.00867	0.00650	0.00650	0.00217	0.01011	0.00506	0.00289	0.01011
13	0.04564	0.00915	0.01216	0.01136	0.01425	0.00849	0.00920	0.02102	0.01659	0.30105	0.06199	0.16325	0.03072	0.05030	0.00929	0.00276	0.00556	0.21191	0.00706	0.00826
14	0.00906	0.00665	0.00852	0.00893	0.01019	0.00612	0.00649	0.01136	0.01644	0.02235	0.35339	0.30968	0.13758	0.01735	0.00838	0.00245	0.00368	0.04845	0.00689	0.00604
15	0.80789	0.01323	0.01006	0.00900	0.01323	0.01535	0.00741	0.02011	0.01164	0.03070	0.00953	0.01111	0.00741	0.00635	0.00423	0.00212	0.00529	0.00370	0.00423	0.00741
16	0.01868	0.01552	0.01641	0.01426	0.01842	0.01779	0.01123	0.15813	0.58005	0.03130	0.02573	0.02384	0.01917	0.00908	0.00694	0.00227	0.00581	0.00744	0.00694	0.01098
17	0.00995	0.00663	0.00746	0.00746	0.00746	0.00663	0.00415	0.00995	0.00995	0.01327	0.02156	0.04477	0.02487	0.75957	0.03482	0.00663	0.00663	0.00995	0.00415	0.00415
18	0.00848	0.00681	0.00762	0.00802	0.00984	0.00595	0.00598	0.01033	0.01538	0.01910	0.10850	0.20511	0.47775	0.01803	0.00832	0.00246	0.00377	0.06629	0.00644	0.00582
19	0.00842	0.00602	0.00801	0.00947	0.00994	0.00561	0.00636	0.00973	0.01347	0.01806	0.07823	0.71288	0.04641	0.02099	0.00869	0.00274	0.00392	0.01902	0.00642	0.00561
20	0.01046	0.00767	0.01023	0.01144	0.01315	0.00745	0.00982	0.01336	0.01588	0.02043	0.07144	0.07407	0.15735	0.01841	0.00915	0.00296	0.00567	0.52846	0.00636	0.00622
21	0.00987	0.00670	0.00789	0.00788	0.00812	0.00674	0.00473	0.01036	0.01089	0.01475	0.07898	0.06167	0.02807	0.62477	0.08574	0.00650	0.00719	0.01019	0.00444	0.00452
22	0.01627	0.00977	0.01013	0.00886	0.01148	0.01031	0.00696	0.19569	0.01907	0.03017	0.02076	0.02310	0.01597	0.00803	0.00533	0.00172	0.00434	0.00632	0.58796	0.00777
23	0.00891	0.00692	0.00810	0.00789	0.00977	0.00611	0.00589	0.01139	0.01743	0.02303	0.39780	0.08542	0.35519	0.01578	0.00810	0.00225	0.00336	0.01358	0.00696	0.00611
24	0.10097	0.00952	0.00959	0.00859	0.01117	0.01018	0.00675	0.14133	0.01720	0.02890	0.01968	0.02234	0.01533	0.00973	0.03679	0.00214	0.00488	0.00609	0.53140	0.00745
25	0.74797	0.01311	0.01050	0.00924	0.01356	0.01494	0.00761	0.02113	0.01226	0.08397	0.01087	0.01205	0.00814	0.00651	0.00444	0.00212	0.00533	0.00395	0.00456	0.00774
26	0.00875	0.00706	0.00785	0.00794	0.01002	0.00616	0.00614	0.01095	0.01635	0.02048	0.19175	0.06430	0.50593	0.01686	0.00825	0.00238	0.00376	0.09253	0.00658	0.00597
27	0.01085	0.00957	0.04085	0.01028	0.01282	0.00847	0.00861	0.04684	0.07357	0.02189	0.10817	0.11260	0.30919	0.01617	0.00826	0.00253	0.00485	0.18127	0.00637	0.00684
28	0.09403	0.01357	0.01698	0.01442	0.05978	0.01320	0.01107	0.15750	0.04074	0.47229	0.02268	0.02064	0.01487	0.00812	0.00665	0.00211	0.00623	0.00645	0.00745	0.01121
29	0.02174	0.01752	0.01745	0.01438	0.01870	0.09010	0.01165	0.42141	0.08313	0.03480	0.07132	0.02632	0.04803	0.00981	0.00707	0.00214	0.00714	0.05817	0.02914	0.01000
30	0.08107	0.01286	0.01387	0.01308	0.01637	0.01454	0.01043	0.04613	0.45386	0.02694	0.02824	0.06986	0.02453	0.01159	0.00733	0.00249	0.00557	0.14529	0.00657	0.00937

[dist]
# distance from previous block
# <min> <max>
5	7

[block]
# block no. 1 follows, 31 sequences, length 47
# corresponding to MSA columns:
# 174-220
name=unknown_B
#
# <colnr> <probs for GDERKNQSTAVLIFYWHMCP>
#	G	D	E	R	K	N	Q	S	T	A	V	L	I	F	Y	W	H	M	C	P
0	0.03145	0.04087	0.01076	0.00930	0.01127	0.00785	0.00729	0.01424	0.01843	0.05206	0.55590	0.06697	0.05591	0.01388	0.00791	0.00223	0.00388	0.07593	0.00713	0.00674
1	0.74443	0.01310	0.01053	0.00926	0.01358	0.01492	0.00763	0.02119	0.01229	0.08712	0.01095	0.01211	0.00819	0.00652	0.00445	0.00212	0.00534	0.00396	0.00458	0.00775
2	0.00846	0.00608	0.00803	0.00937	0.00993	0.00565	0.00633	0.00986	0.01378	0.01846	0.10444	0.66763	0.06541	0.02060	0.00865	0.00270	0.00388	0.01862	0.00647	0.00565
3	0.00995	0.00687	0.00925	0.01042	0.01150	0.00647	0.00780	0.01188	0.01436	0.03931	0.07036	0.49159	0.04283	0.01954	0.00874	0.00278	0.00466	0.19776	0.00640	0.02753
4	0.05497	0.10526	0.62032	0.01820	0.02759	0.01695	0.02304	0.02147	0.01425	0.02159	0.01187	0.01393	0.00861	0.00643	0.00618	0.00210	0.00959	0.00485	0.00296	0.00984
5	0.00977	0.00733	0.01100	0.01100	0.01222	0.00855	0.00855	0.01222	0.01100	0.01588	0.01833	0.02688	0.01710	0.05131	0.73245	0.01100	0.01833	0.00733	0.00367	0.00611
6	0.03070	0.01164	0.01588	0.01217	0.01746	0.01006	0.01006	0.03334	0.01958	0.72163	0.02699	0.02329	0.01694	0.00847	0.00688	0.00212	0.00582	0.00688	0.00847	0.01164
7	0.02082	0.01074	0.01329	0.01111	0.01496	0.01016	0.00884	0.06567	0.10483	0.34152	0.14937	0.06654	0.12955	0.01137	0.00735	0.00220	0.00500	0.00955	0.00762	0.00953
8	0.01835	0.01440	0.01551	0.01375	0.01776	0.01634	0.01075	0.03606	0.63774	0.09619	0.02776	0.02531	0.02050	0.00920	0.00695	0.00230	0.00545	0.00765	0.00711	0.01091
9	0.07227	0.01173	0.01557	0.01200	0.01724	0.01034	0.00991	0.03263	0.01916	0.68467	0.02606	0.02263	0.01643	0.00835	0.00674	0.00212	0.00579	0.00671	0.00824	0.01142
10	0.64688	0.01290	0.01126	0.00965	0.01411	0.01425	0.00796	0.02285	0.01329	0.17384	0.01314	0.01364	0.00938	0.00679	0.00478	0.00212	0.00540	0.00436	0.00511	0.00829
11	0.00891	0.00649	0.00848	0.00991	0.01054	0.00625	0.00682	0.01112	0.04810	0.01818	0.03713	0.68348	0.04372	0.02069	0.00868	0.00277	0.00416	0.05233	0.00638	0.00586
12	0.01944	0.01506	0.01621	0.01403	0.01824	0.01701	0.01107	0.12760	0.55242	0.08989	0.02618	0.02407	0.01926	0.00906	0.00694	0.00227	0.00574	0.00744	0.00707	0.01101
13	0.00934	0.00698	0.00866	0.00824	0.01001	0.00631	0.00618	0.01224	0.01855	0.02549	0.57333	0.05431	0.20571	0.01471	0.00807	0.00219	0.00328	0.01282	0.00728	0.00631
14	0.08729	0.00759	0.00892	0.00841	0.01038	0.00723	0.00637	0.01318	0.01808	0.02649	0.55405	0.04928	0.15038	0.01371	0.00770	0.00217	0.00346	0.01182	0.00704	0.00645
15	0.00954	0.00702	0.00895	0.00855	0.01025	0.00643	0.00647	0.01259	0.01880	0.02615	0.61435	0.05374	0.13951	0.01455	0.00812	0.00221	0.00336	0.03571	0.00735	0.00637
16	0.00893	0.00664	0.00831	0.00857	0.00993	0.00603	0.00617	0.01119	0.01658	0.02241	0.36501	0.28231	0.18865	0.01707	0.00829	0.00239	0.00352	0.01508	0.00691	0.00603
17	0.00978	0.00772	0.00891	0.00848	0.01058	0.00722	0.00640	0.01400	0.08472	0.02410	0.39822	0.05429	0.31068	0.01482	0.00797	0.00223	0.00353	0.01272	0.00702	0.00662
18	0.00992	0.00675	0.00807	0.00807	0.00828	0.00696	0.00491	0.01034	0.01013	0.01372	0.02100	0.04168	0.02353	0.63705	0.15550	0.00739	0.00866	0.00950	0.00406	0.00448
19	0.02438	0.01750	0.01878	0.01465	0.01966	0.01928	0.01202	0.57814	0.06402	0.05777	0.01784	0.01794	0.01281	0.00825	0.00665	0.00202	0.00696	0.00628	0.08399	0.01108
20	0.00835	0.00677	0.00719	0.00738	0.00919	0.00585	0.00529	0.00989	0.01483	0.01811	0.08044	0.15591	0.53686	0.09014	0.01078	0.00279	0.00383	0.01461	0.00617	0.00561
21	0.73211	0.01308	0.01062	0.00931	0.01364	0.01483	0.00767	0.02140	0.01242	0.09806	0.01123	0.01230	0.00834	0.00656	0.00449	0.00212	0.00534	0.00401	0.00465	0.00782
22	0.03951	0.05203	0.01773	0.01289	0.01753	0.01505	0.01063	0.14495	0.03603	0.02515	0.01256	0.01483	0.01034	0.00722	0.00885	0.00169	0.15300	0.00491	0.00440	0.41071
23	0.00809	0.00693	0.00693	0.00693	0.00924	0.00578	0.00520	0.00982	0.01559	0.01848	0.06931	0.06584	0.71411	0.01733	0.00809	0.00231	0.00347	0.01444	0.00635	0.00578
24	0.02601	0.01916	0.02053	0.01574	0.02122	0.02122	0.01300	0.69408	0.03217	0.04312	0.01643	0.01643	0.01163	0.00821	0.00684	0.00205	0.00753	0.00616	0.00684	0.01163
25	0.66672	0.05092	0.01092	0.00880	0.01279	0.01481	0.00730	0.01960	0.01210	0.02929	0.01114	0.01293	0.00876	0.00653	0.00431	0.00202	0.00513	0.00404	0.10454	0.00735
26	0.05623	0.01170	0.01569	0.01207	0.01733	0.01023	0.00997	0.03291	0.01932	0.69892	0.02642	0.02289	0.01662	0.00840	0.00679	0.00212	0.00580	0.00678	0.00833	0.01150
27	0.01497	0.01497	0.02095	0.01796	0.01796	0.02095	0.01497	0.01646	0.01048	0.01646	0.00898	0.01497	0.00898	0.01197	0.02245	0.00299	0.74704	0.00599	0.00299	0.00748
28	0.00922	0.00678	0.00841	0.00835	0.00974	0.00621	0.00600	0.01155	0.01680	0.02292	0.42710	0.16547	0.16939	0.08845	0.01079	0.00272	0.00372	0.01362	0.00681	0.00597
29	0.02556	0.03261	0.01939	0.01763	0.02115	0.73210	0.01322	0.02732	0.01939	0.01674	0.01058	0.01234	0.00881	0.00705	0.00617	0.00176	0.01234	0.00441	0.00353	0.00793
30	0.01419	0.01216	0.01419	0.01013	0.01621	0.00912	0.00811	0.01723	0.01419	0.02229	0.01216	0.01419	0.01013	0.00507	0.00507	0.00101	0.00507	0.00405	0.00405	0.80139
31	0.02979	0.01309	0.01677	0.01286	0.01819	0.01221	0.01062	0.16061	0.02201	0.59093	0.02496	0.02196	0.01591	0.00842	0.00687	0.00210	0.00615	0.00674	0.00815	0.01164
32	0.00922	0.00698	0.00851	0.00812	0.00994	0.00626	0.00609	0.01202	0.01828	0.02486	0.52781	0.05535	0.25163	0.01495	0.00807	0.00220	0.00330	0.01297	0.00719	0.00626
33	0.01702	0.01470	0.01547	0.01392	0.01779	0.01702	0.01083	0.03635	0.70453	0.02862	0.02785	0.02553	0.02088	0.00928	0.00696	0.00232	0.00541	0.00773	0.00696	0.01083
34	0.00824	0.00667	0.00732	0.00771	0.00948	0.00575	0.00557	0.00991	0.01514	0.01870	0.09626	0.24798	0.50093	0.01823	0.00826	0.00243	0.00359	0.01566	0.00642	0.00575
35	0.02996	0.01181	0.01586	0.01227	0.01748	0.01043	0.01010	0.03350	0.05622	0.68456	0.02704	0.02341	0.01715	0.00851	0.00688	0.00213	0.00580	0.00693	0.00839	0.01160
36	0.01143	0.00787	0.00871	0.00825	0.00888	0.00802	0.00506	0.07665	0.01237	0.01641	0.02317	0.04294	0.05408	0.65346	0.03091	0.00599	0.00658	0.00978	0.00451	0.00495
37	0.03070	0.01164	0.01588	0.01217	0.01746	0.01006	0.01006	0.03334	0.01958	0.72163	0.02699	0.02329	0.01694	0.00847	0.00688	0.00212	0.00582	0.00688	0.00847	0.01164
38	0.01828	0.01084	0.01288	0.01118	0.01472	0.01079	0.00877	0.02613	0.23504	0.24274	0.16692	0.05734	0.13205	0.01150	0.00737	0.00224	0.00478	0.00971	0.00743	0.00933
39	0.01013	0.00712	0.00864	0.00864	0.00948	0.00702	0.00585	0.03049	0.01381	0.01873	0.19075	0.12432	0.06835	0.36845	0.05801	0.00485	0.00599	0.04855	0.00547	0.00536
40	0.76536	0.01286	0.00986	0.00886	0.01295	0.01487	0.00727	0.01989	0.01179	0.03042	0.01021	0.01188	0.00795	0.00644	0.00426	0.00209	0.00518	0.00385	0.04667	0.00735
41	0.12517	0.01468	0.02141	0.01740	0.01966	0.01800	0.11839	0.01770	0.01188	0.01979	0.01051	0.01543	0.00944	0.01135	0.04754	0.00294	0.43086	0.00588	0.00336	0.07859
42	0.00995	0.00663	0.00746	0.00746	0.00746	0.00663	0.00415	0.00995	0.00995	0.01327	0.02156	0.04477	0.02487	0.75957	0.03482	0.00663	0.00663	0.00995	0.00415	0.00415
43	0.01464	0.01262	0.01537	0.01102	0.01711	0.00982	0.03385	0.03941	0.01484	0.02296	0.01236	0.01442	0.01019	0.00520	0.00524	0.00110	0.00539	0.00427	0.00412	0.74608
44	0.01176	0.00594	0.00888	0.00893	0.00895	0.00593	0.00596	0.00893	0.00905	0.01207	0.01276	0.04565	0.01301	0.02369	0.02613	0.77393	0.00588	0.00640	0.00309	0.00306
45	0.02263	0.01680	0.01886	0.04133	0.05516	0.01846	0.01233	0.53067	0.02745	0.03700	0.01738	0.04094	0.01395	0.08272	0.00961	0.00252	0.00731	0.00692	0.02756	0.01039
46	0.01532	0.01503	0.02681	0.30211	0.37190	0.01601	0.11361	0.01981	0.01495	0.02047	0.01274	0.01763	0.01013	0.00633	0.00698	0.00216	0.00897	0.00637	0.00327	0.00940

[dist]
# distance from previous block
# <min> <max>
0	1

[block]
# block no. 2 follows, 31 sequences, length 39
# corresponding to MSA columns:
# 222-260
name=unknown_C
#
# <colnr> <probs for GDERKNQSTAVLIFYWHMCP>
#	G	D	E	R	K	N	Q	S	T	A	V	L	I	F	Y	W	H	M	C	P
0	0.00960	0.00693	0.00907	0.00866	0.01020	0.00640	0.00645	0.01271	0.01899	0.02684	0.67298	0.09310	0.06340	0.01443	0.00811	0.00219	0.00327	0.01279	0.00746	0.00640
1	0.01395	0.01184	0.01395	0.01032	0.01606	0.00903	0.00832	0.01700	0.01430	0.02216	0.01394	0.01885	0.01230	0.00609	0.00539	0.00117	0.00516	0.05344	0.00422	0.74250
2	0.01064	0.00676	0.00859	0.00899	0.00986	0.00640	0.00604	0.01188	0.01338	0.06950	0.10734	0.37491	0.06007	0.23126	0.03901	0.00401	0.00523	0.01448	0.00592	0.00573
3	0.00977	0.00733	0.01100	0.01100	0.01222	0.00855	0.00855	0.01222	0.01100	0.01588	0.01833	0.02688	0.01710	0.05131	0.73245	0.01100	0.01833	0.00733	0.00367	0.00611
4	0.00895	0.00723	0.00800	0.00776	0.00988	0.00641	0.00583	0.01183	0.04147	0.02193	0.28950	0.05933	0.46579	0.01589	0.00804	0.00226	0.00345	0.01349	0.00678	0.00619
5	0.01076	0.00833	0.00989	0.01001	0.01186	0.00829	0.00754	0.03673	0.12072	0.02279	0.19727	0.25420	0.17280	0.01639	0.00820	0.00249	0.00428	0.08383	0.00673	0.00688
6	0.03070	0.01164	0.01588	0.01217	0.01746	0.01006	0.01006	0.03334	0.01958	0.72163	0.02699	0.02329	0.01694	0.00847	0.00688	0.00212	0.00582	0.00688	0.00847	0.01164
7	0.01615	0.01845	0.04037	0.02884	0.03576	0.01730	0.69204	0.02191	0.01615	0.02191	0.01384	0.01845	0.01038	0.00577	0.00807	0.00231	0.01153	0.00807	0.00346	0.00923
8	0.01300	0.01082	0.01184	0.01108	0.01387	0.01164	0.00843	0.02398	0.36805	0.02541	0.17754	0.10300	0.16770	0.01289	0.00757	0.00232	0.00446	0.01103	0.00691	0.00848
9	0.12838	0.00949	0.01070	0.01016	0.01262	0.00972	0.00772	0.05000	0.09514	0.08288	0.20774	0.22757	0.07646	0.01391	0.00744	0.00236	0.00449	0.02911	0.00662	0.00749
10	0.80789	0.01323	0.01006	0.00900	0.01323	0.01535	0.00741	0.02011	0.01164	0.03070	0.00953	0.01111	0.00741	0.00635	0.00423	0.00212	0.00529	0.00370	0.00423	0.00741
11	0.02513	0.01676	0.01835	0.01423	0.01925	0.01811	0.01170	0.53283	0.02855	0.12879	0.01845	0.01833	0.01298	0.00822	0.00662	0.00201	0.00682	0.00628	0.09555	0.01105
12	0.01103	0.00814	0.00971	0.00930	0.01145	0.00782	0.00711	0.01583	0.10638	0.05068	0.36196	0.09250	0.21396	0.01471	0.00800	0.00231	0.00389	0.05115	0.00706	0.00699
13	0.01355	0.00806	0.01059	0.01076	0.01255	0.00767	0.00814	0.05465	0.01625	0.13399	0.09210	0.41857	0.03935	0.01750	0.00839	0.00264	0.00481	0.12651	0.00681	0.00710
14	0.06559	0.01171	0.01562	0.01203	0.01727	0.01029	0.00994	0.03275	0.01922	0.69061	0.02621	0.02274	0.01651	0.00837	0.00676	0.00212	0.00580	0.00674	0.00828	0.01145
15	0.01795	0.01449	0.01550	0.01380	0.01777	0.01654	0.01078	0.03615	0.65801	0.07568	0.02779	0.02537	0.02062	0.00923	0.00696	0.00231	0.00544	0.00768	0.00706	0.01088
16	0.00971	0.00689	0.00988	0.01020	0.01112	0.00760	0.00755	0.01144	0.01133	0.01609	0.02222	0.17583	0.02304	0.08800	0.47571	0.05588	0.01345	0.00985	0.02852	0.00569
17	0.01421	0.00930	0.01102	0.00998	0.01282	0.00903	0.00777	0.02018	0.15520	0.13778	0.27756	0.04618	0.20978	0.01318	0.00771	0.00226	0.00426	0.03653	0.00723	0.00799
18	0.70276	0.01285	0.01060	0.00930	0.01354	0.01451	0.00764	0.02116	0.01270	0.09882	0.03627	0.01374	0.01038	0.00683	0.00463	0.00212	0.00527	0.00433	0.00477	0.00779
19	0.01581	0.01445	0.06911	0.12389	0.19951	0.01355	0.03560	0.11643	0.01843	0.05332	0.13538	0.02980	0.05365	0.00945	0.00723	0.00219	0.00702	0.05679	0.02939	0.00899
20	0.01205	0.00839	0.01001	0.01017	0.01153	0.00852	0.00729	0.12324	0.01607	0.02200	0.03038	0.42037	0.03388	0.12497	0.01190	0.00314	0.00503	0.05756	0.07703	0.00648
21	0.00948	0.00699	0.00887	0.00840	0.01010	0.00637	0.00630	0.01252	0.01889	0.02630	0.63191	0.05297	0.14662	0.01441	0.00807	0.00217	0.00326	0.01263	0.00738	0.00637
22	0.00979	0.00724	0.01056	0.01056	0.01164	0.00832	0.00801	0.01194	0.01087	0.01556	0.01872	0.02906	0.01805	0.13779	0.64727	0.01046	0.01690	0.00765	0.00372	0.00587
23	0.80789	0.01323	0.01006	0.00900	0.01323	0.01535	0.00741	0.02011	0.01164	0.03070	0.00953	0.01111	0.00741	0.00635	0.00423	0.00212	0.00529	0.00370	0.00423	0.00741
24	0.00858	0.00684	0.00771	0.00787	0.00974	0.00597	0.00585	0.01061	0.01607	0.02036	0.20359	0.15964	0.45368	0.01724	0.00822	0.00237	0.00359	0.03954	0.00661	0.00591
25	0.01831	0.02099	0.07823	0.07686	0.47472	0.17070	0.01952	0.02220	0.01620	0.02080	0.01229	0.01583	0.01013	0.00638	0.00663	0.00200	0.00925	0.00565	0.00336	0.00996
26	0.02309	0.01426	0.01668	0.01279	0.01808	0.01371	0.01040	0.27484	0.02243	0.23427	0.01962	0.06188	0.01478	0.00821	0.00648	0.00183	0.00614	0.00659	0.00653	0.22739
27	0.01677	0.32700	0.33609	0.01681	0.02449	0.05287	0.06815	0.04845	0.01528	0.02008	0.01137	0.01333	0.00896	0.00628	0.00576	0.00187	0.00909	0.00473	0.00313	0.00947
28	0.01051	0.00750	0.01076	0.01050	0.01196	0.00692	0.05699	0.01227	0.01428	0.05982	0.10604	0.43046	0.11595	0.09909	0.01129	0.00301	0.00480	0.01554	0.00614	0.00615
29	0.01016	0.00743	0.00989	0.01097	0.01252	0.00715	0.00912	0.01292	0.01593	0.02080	0.13026	0.14314	0.13685	0.01830	0.00900	0.00286	0.00526	0.42480	0.00647	0.00617
30	0.01400	0.01044	0.03881	0.01115	0.01410	0.00963	0.00921	0.02027	0.16529	0.11582	0.10259	0.11602	0.18712	0.01438	0.00795	0.00248	0.00504	0.14101	0.00673	0.00797
31	0.01702	0.01470	0.01547	0.01392	0.01779	0.01702	0.01083	0.03635	0.70453	0.02862	0.02785	0.02553	0.02088	0.00928	0.00696	0.00232	0.00541	0.00773	0.00696	0.01083
32	0.01365	0.01295	0.02228	0.38150	0.20312	0.01425	0.08244	0.01789	0.01489	0.01981	0.05100	0.02582	0.05615	0.00823	0.00723	0.00227	0.00832	0.04612	0.00377	0.00830
33	0.01419	0.01216	0.01419	0.01013	0.01621	0.00912	0.00811	0.01723	0.01419	0.02229	0.01216	0.01419	0.01013	0.00507	0.00507	0.00101	0.00507	0.00405	0.00405	0.80139
34	0.03864	0.00795	0.01009	0.01026	0.01196	0.00762	0.00747	0.04108	0.03415	0.12396	0.10732	0.47697	0.03981	0.01731	0.00814	0.00256	0.00446	0.03649	0.00676	0.00701
35	0.04648	0.01531	0.02722	0.04390	0.05883	0.03209	0.31332	0.01836	0.01401	0.01993	0.01627	0.14011	0.01568	0.01003	0.01148	0.00252	0.19347	0.00904	0.00384	0.00811
36	0.46679	0.07471	0.01574	0.01185	0.01627	0.07100	0.00984	0.18079	0.01722	0.03084	0.01122	0.01263	0.00870	0.00706	0.00583	0.00206	0.03980	0.00444	0.00464	0.00856
37	0.01356	0.00825	0.00948	0.04368	0.01213	0.00864	0.00700	0.08867	0.01565	0.02495	0.02138	0.07911	0.01820	0.01392	0.08336	0.02429	0.00574	0.00736	0.48696	0.02768
38	0.01864	0.01619	0.03908	0.01458	0.04231	0.12093	0.03717	0.11564	0.15110	0.10650	0.19035	0.02970	0.06812	0.00999	0.00717	0.00212	0.00663	0.00831	0.00631	0.00915

[dist]
# distance from previous block
# <min> <max>
0	3

[block]
# block no. 3 follows, 31 sequences, length 22
# corresponding to MSA columns:
# 264-285
name=unknown_D
#
# <colnr> <probs for GDERKNQSTAVLIFYWHMCP>
#	G	D	E	R	K	N	Q	S	T	A	V	L	I	F	Y	W	H	M	C	P
0	0.02705	0.01749	0.01950	0.01495	0.02038	0.01874	0.01235	0.54720	0.02937	0.19395	0.01877	0.01795	0.01281	0.00827	0.00685	0.00207	0.00715	0.00632	0.00720	0.01164
1	0.03070	0.01164	0.01588	0.01217	0.01746	0.01006	0.01006	0.03334	0.01958	0.72163	0.02699	0.02329	0.01694	0.00847	0.00688	0.00212	0.00582	0.00688	0.00847	0.01164
2	0.00995	0.00663	0.00746	0.00746	0.00746	0.00663	0.00415	0.00995	0.00995	0.01327	0.02156	0.04477	0.02487	0.75957	0.03482	0.00663	0.00663	0.00995	0.00415	0.00415
3	0.01213	0.00742	0.00923	0.00901	0.00978	0.00759	0.00616	0.04738	0.04529	0.01656	0.02023	0.04994	0.04273	0.23325	0.02348	0.34454	0.00587	0.03860	0.06609	0.00473
4	0.03936	0.00765	0.00984	0.00907	0.01110	0.00710	0.00688	0.01519	0.01874	0.10296	0.57270	0.08964	0.05619	0.01357	0.00785	0.00218	0.00363	0.01190	0.00745	0.00700
5	0.01372	0.03539	0.72412	0.01950	0.02961	0.01589	0.02528	0.02167	0.01444	0.02167	0.01228	0.01444	0.00867	0.00650	0.00650	0.00217	0.01011	0.00506	0.00289	0.01011
6	0.00884	0.00618	0.00784	0.00891	0.00923	0.00589	0.00572	0.00976	0.01241	0.01661	0.05632	0.52810	0.04009	0.23192	0.01616	0.00386	0.00470	0.01649	0.00576	0.00518
7	0.00829	0.00657	0.00746	0.00801	0.00956	0.00574	0.00571	0.00993	0.01494	0.01875	0.10380	0.31937	0.42049	0.01860	0.00832	0.00247	0.00363	0.01614	0.00644	0.00574
8	0.02738	0.01118	0.01498	0.01189	0.01660	0.00994	0.00966	0.03085	0.05516	0.60147	0.06800	0.06969	0.02167	0.00963	0.00707	0.00217	0.00553	0.00801	0.00820	0.01092
9	0.01796	0.01580	0.01596	0.01420	0.01815	0.05037	0.01107	0.07602	0.63184	0.02895	0.02635	0.02436	0.01976	0.00911	0.00692	0.00228	0.00586	0.00748	0.00680	0.01074
10	0.04616	0.00837	0.00909	0.00849	0.00931	0.00870	0.00531	0.08984	0.01260	0.01748	0.02044	0.04003	0.02258	0.63989	0.03026	0.00591	0.00668	0.00924	0.00446	0.00516
11	0.00832	0.00689	0.00716	0.00730	0.00934	0.00589	0.00540	0.00996	0.01512	0.01818	0.06358	0.10117	0.61333	0.06283	0.00980	0.00263	0.00378	0.03742	0.00622	0.00568
12	0.00925	0.00700	0.00859	0.00855	0.01030	0.00634	0.00652	0.01190	0.01750	0.02346	0.41258	0.10104	0.25536	0.01592	0.00825	0.00234	0.00365	0.07828	0.00699	0.00618
13	0.01004	0.00732	0.00967	0.01040	0.01174	0.00713	0.00807	0.01340	0.04956	0.02221	0.25789	0.27652	0.04854	0.01761	0.00865	0.00267	0.00453	0.22095	0.00675	0.00634
14	0.00995	0.00663	0.00746	0.00746	0.00746	0.00663	0.00415	0.00995	0.00995	0.01327	0.02156	0.04477	0.02487	0.75957	0.03482	0.00663	0.00663	0.00995	0.00415	0.00415
15	0.00854	0.00611	0.00812	0.00939	0.00997	0.00569	0.00637	0.01004	0.01405	0.01897	0.13990	0.64861	0.04817	0.02031	0.00863	0.00268	0.00386	0.01838	0.00653	0.00569
16	0.02083	0.01149	0.01397	0.01184	0.01565	0.01138	0.00935	0.08469	0.17223	0.30227	0.12672	0.10762	0.05918	0.01121	0.00732	0.00224	0.00520	0.00948	0.00753	0.00980
17	0.02669	0.01301	0.01602	0.01257	0.01741	0.01263	0.01028	0.18524	0.05960	0.44817	0.06064	0.02341	0.01847	0.00872	0.00682	0.00208	0.00590	0.00702	0.05430	0.01101
18	0.06374	0.01600	0.01826	0.01406	0.01941	0.01666	0.01161	0.40918	0.02639	0.30330	0.02017	0.01882	0.01348	0.00823	0.00674	0.00208	0.00677	0.00632	0.00735	0.01144
19	0.00853	0.00617	0.00811	0.00950	0.01013	0.00574	0.00655	0.00996	0.01368	0.01815	0.07073	0.64451	0.08510	0.02071	0.00870	0.00274	0.00403	0.05490	0.00640	0.00565
20	0.01795	0.01316	0.01524	0.01320	0.01646	0.01483	0.01046	0.06880	0.34184	0.13211	0.06950	0.02875	0.07941	0.03405	0.01011	0.00249	0.10727	0.00819	0.00653	0.00964
21	0.01722	0.03270	0.01722	0.04978	0.01836	0.17472	0.04268	0.09879	0.01624	0.02124	0.01481	0.01945	0.01261	0.03492	0.14695	0.00389	0.13440	0.00612	0.13022	0.00767

[dist]
# distance from previous block
# <min> <max>
1	3

[block]
# block no. 4 follows, 31 sequences, length 77
# corresponding to MSA columns:
# 289-365
name=unknown_E
#
# <colnr> <probs for GDERKNQSTAVLIFYWHMCP>
#	G	D	E	R	K	N	Q	S	T	A	V	L	I	F	Y	W	H	M	C	P
0	0.01690	0.01741	0.03446	0.02690	0.09365	0.01686	0.48630	0.05160	0.01639	0.04427	0.01382	0.01784	0.01057	0.00638	0.00867	0.00223	0.06188	0.00736	0.00377	0.06275
1	0.02445	0.01899	0.01850	0.01495	0.01965	0.11987	0.01202	0.42729	0.08537	0.10297	0.01873	0.05065	0.01423	0.00875	0.00679	0.00206	0.00758	0.00672	0.02983	0.01061
2	0.04747	0.00922	0.01064	0.00987	0.01213	0.00942	0.00747	0.05914	0.13309	0.02688	0.40161	0.10005	0.09692	0.03532	0.00848	0.00237	0.00413	0.01147	0.00696	0.00736
3	0.57463	0.01361	0.01328	0.06805	0.01772	0.01557	0.03971	0.06215	0.06008	0.02945	0.01274	0.01616	0.01023	0.00722	0.00518	0.00219	0.00606	0.03348	0.00454	0.00795
4	0.01684	0.01791	0.02120	0.01699	0.02053	0.15891	0.11345	0.01950	0.01420	0.01899	0.01131	0.01520	0.00981	0.00961	0.03980	0.00239	0.24779	0.00548	0.00350	0.23660
5	0.00860	0.00609	0.00795	0.00924	0.00966	0.00573	0.00610	0.00977	0.01311	0.01757	0.07547	0.63265	0.04405	0.10534	0.01167	0.00318	0.00423	0.01795	0.00617	0.00545
6	0.02496	0.01815	0.01957	0.01530	0.02054	0.02005	0.01254	0.56689	0.12729	0.07547	0.01859	0.01807	0.01322	0.00838	0.00686	0.00209	0.00714	0.00642	0.00694	0.01152
7	0.80789	0.01323	0.01006	0.00900	0.01323	0.01535	0.00741	0.02011	0.01164	0.03070	0.00953	0.01111	0.00741	0.00635	0.00423	0.00212	0.00529	0.00370	0.00423	0.00741
8	0.00965	0.00656	0.00750	0.00770	0.00787	0.00645	0.00448	0.00989	0.01064	0.01407	0.02604	0.13663	0.06243	0.62757	0.03013	0.00592	0.00613	0.01139	0.00454	0.00441
9	0.00945	0.00690	0.00889	0.00858	0.01013	0.00633	0.00636	0.01240	0.01855	0.02593	0.60903	0.11557	0.10653	0.01488	0.00813	0.00222	0.00331	0.01315	0.00735	0.00633
10	0.01313	0.00780	0.00963	0.00881	0.01128	0.00686	0.00673	0.01560	0.01770	0.15817	0.31769	0.10338	0.26773	0.01458	0.00789	0.00224	0.00386	0.01252	0.00724	0.00717
11	0.75558	0.01312	0.01045	0.00921	0.01352	0.01499	0.00759	0.02100	0.01218	0.07720	0.01070	0.01193	0.00805	0.00649	0.00441	0.00212	0.00533	0.00392	0.00452	0.00769
12	0.01068	0.00798	0.00941	0.00923	0.01136	0.00758	0.00711	0.01496	0.09183	0.04622	0.26853	0.10775	0.27913	0.01554	0.00811	0.00238	0.00402	0.08452	0.00687	0.00679
13	0.13395	0.01188	0.01454	0.01155	0.01619	0.01128	0.00945	0.08822	0.01960	0.46672	0.12139	0.02496	0.02193	0.00894	0.00668	0.00212	0.00553	0.00716	0.00761	0.01032
14	0.00809	0.00693	0.00693	0.00693	0.00924	0.00578	0.00520	0.00982	0.01559	0.01848	0.06931	0.06584	0.71411	0.01733	0.00809	0.00231	0.00347	0.01444	0.00635	0.00578
15	0.45908	0.01333	0.01283	0.03619	0.01605	0.01470	0.00900	0.11824	0.03764	0.14311	0.03589	0.01639	0.01221	0.00737	0.00535	0.00210	0.00568	0.00516	0.04097	0.00873
16	0.00834	0.00595	0.00794	0.00953	0.00992	0.00556	0.00635	0.00953	0.01310	0.01746	0.03771	0.75510	0.04525	0.02143	0.00873	0.00278	0.00397	0.01945	0.00635	0.00556
17	0.28832	0.01246	0.01413	0.01126	0.01621	0.01225	0.00929	0.05479	0.01744	0.46590	0.02078	0.01898	0.01357	0.00776	0.00600	0.00211	0.00571	0.00580	0.00700	0.01024
18	0.00968	0.00699	0.00914	0.00861	0.01022	0.00646	0.00646	0.01291	0.01937	0.02743	0.71328	0.05110	0.06455	0.01399	0.00807	0.00215	0.00323	0.01237	0.00753	0.00646
19	0.00847	0.00603	0.00797	0.00939	0.00982	0.00565	0.00625	0.00969	0.01322	0.01770	0.06632	0.69114	0.04513	0.05577	0.00993	0.00293	0.00406	0.01870	0.00630	0.00553
20	0.00809	0.00693	0.00693	0.00693	0.00924	0.00578	0.00520	0.00982	0.01559	0.01848	0.06931	0.06584	0.71411	0.01733	0.00809	0.00231	0.00347	0.01444	0.00635	0.00578
21	0.01983	0.01520	0.01639	0.01408	0.01836	0.01712	0.01114	0.15125	0.52486	0.09383	0.02577	0.02373	0.01891	0.00902	0.00693	0.00226	0.00582	0.00738	0.00708	0.01104
22	0.75558	0.01312	0.01045	0.00921	0.01352	0.01499	0.00759	0.02100	0.01218	0.07720	0.01070	0.01193	0.00805	0.00649	0.00441	0.00212	0.00533	0.00392	0.00452	0.00769
23	0.01419	0.01216	0.01419	0.01013	0.01621	0.00912	0.00811	0.01723	0.01419	0.02229	0.01216	0.01419	0.01013	0.00507	0.00507	0.00101	0.00507	0.00405	0.00405	0.80139
24	0.00899	0.00688	0.00825	0.00809	0.00984	0.00613	0.00600	0.01150	0.01746	0.02334	0.42282	0.12009	0.29408	0.01585	0.00814	0.00226	0.00338	0.01375	0.00700	0.00613
25	0.02601	0.01916	0.02053	0.01574	0.02122	0.02122	0.01300	0.69408	0.03217	0.04312	0.01643	0.01643	0.01163	0.00821	0.00684	0.00205	0.00753	0.00616	0.00684	0.01163
26	0.80789	0.01323	0.01006	0.00900	0.01323	0.01535	0.00741	0.02011	0.01164	0.03070	0.00953	0.01111	0.00741	0.00635	0.00423	0.00212	0.00529	0.00370	0.00423	0.00741
27	0.69819	0.01301	0.01088	0.00945	0.01383	0.01460	0.00778	0.02198	0.01276	0.12822	0.01199	0.01283	0.00875	0.00665	0.00461	0.00212	0.00537	0.00415	0.00483	0.00801
28	0.02601	0.01916	0.02053	0.01574	0.02122	0.02122	0.01300	0.69408	0.03217	0.04312	0.01643	0.01643	0.01163	0.00821	0.00684	0.00205	0.00753	0.00616	0.00684	0.01163
29	0.01037	0.00741	0.01027	0.01185	0.01314	0.00731	0.00989	0.01304	0.01510	0.01974	0.03658	0.24199	0.04080	0.01952	0.00928	0.00306	0.00573	0.51247	0.00631	0.00612
30	0.02556	0.03261	0.01939	0.01763	0.02115	0.73210	0.01322	0.02732	0.01939	0.01674	0.01058	0.01234	0.00881	0.00705	0.00617	0.00176	0.01234	0.00441	0.00353	0.00793
31	0.01419	0.01216	0.01419	0.01013	0.01621	0.00912	0.00811	0.01723	0.01419	0.02229	0.01216	0.01419	0.01013	0.00507	0.00507	0.00101	0.00507	0.00405	0.00405	0.80139
32	0.03070	0.01164	0.01588	0.01217	0.01746	0.01006	0.01006	0.03334	0.01958	0.72163	0.02699	0.02329	0.01694	0.00847	0.00688	0.00212	0.00582	0.00688	0.00847	0.01164
33	0.01292	0.01216	0.02052	0.74312	0.04712	0.01520	0.01900	0.01748	0.01368	0.01748	0.01216	0.01824	0.00912	0.00684	0.00684	0.00228	0.00912	0.00608	0.00304	0.00760
34	0.02601	0.01916	0.02053	0.01574	0.02122	0.02122	0.01300	0.69408	0.03217	0.04312	0.01643	0.01643	0.01163	0.00821	0.00684	0.00205	0.00753	0.00616	0.00684	0.01163
35	0.00832	0.00602	0.00787	0.00934	0.00987	0.00557	0.00627	0.00955	0.01328	0.01754	0.03997	0.70577	0.09312	0.02114	0.00869	0.00274	0.00393	0.01909	0.00635	0.00557
36	0.76847	0.01315	0.01035	0.00916	0.01345	0.01508	0.00754	0.02078	0.01205	0.06574	0.01041	0.01173	0.00789	0.00646	0.00437	0.00212	0.00532	0.00387	0.00445	0.00762
37	0.01419	0.01216	0.01419	0.01013	0.01621	0.00912	0.00811	0.01723	0.01419	0.02229	0.01216	0.01419	0.01013	0.00507	0.00507	0.00101	0.00507	0.00405	0.00405	0.80139
38	0.03070	0.01164	0.01588	0.01217	0.01746	0.01006	0.01006	0.03334	0.01958	0.72163	0.02699	0.02329	0.01694	0.00847	0.00688	0.00212	0.00582	0.00688	0.00847	0.01164
39	0.00841	0.00688	0.00742	0.00742	0.00947	0.00589	0.00551	0.01038	0.01614	0.02011	0.18924	0.10944	0.54597	0.01697	0.00813	0.00231	0.00345	0.01438	0.00658	0.00589
40	0.00926	0.00684	0.00865	0.00849	0.01003	0.00623	0.00625	0.01198	0.01792	0.02471	0.52283	0.15245	0.15795	0.01553	0.00816	0.00226	0.00337	0.01368	0.00719	0.00623
41	0.02714	0.01681	0.01901	0.01464	0.02001	0.01780	0.01207	0.48025	0.04749	0.24315	0.01987	0.01871	0.01346	0.00832	0.00686	0.00208	0.00696	0.00642	0.00733	0.01161
42	0.03636	0.00662	0.00961	0.05677	0.01144	0.00688	0.00672	0.00989	0.00938	0.01292	0.01248	0.02194	0.01244	0.07165	0.02529	0.67070	0.00618	0.00615	0.00309	0.00349
43	0.02051	0.15984	0.02565	0.05827	0.29421	0.23537	0.01609	0.04126	0.01697	0.05266	0.01227	0.01477	0.01007	0.00654	0.00616	0.00186	0.00917	0.00517	0.00366	0.00949
44	0.00987	0.00660	0.00748	0.00756	0.00758	0.00658	0.00425	0.00993	0.01010	0.01346	0.02232	0.07824	0.02583	0.72478	0.03359	0.00645	0.00651	0.01040	0.00425	0.00421
45	0.08918	0.17556	0.17722	0.02216	0.18523	0.10283	0.04347	0.04127	0.01525	0.02121	0.01136	0.01402	0.00928	0.00671	0.00703	0.00200	0.05848	0.00503	0.00336	0.00934
46	0.10525	0.38224	0.02566	0.03502	0.01824	0.14900	0.01160	0.04981	0.01496	0.01902	0.01099	0.01355	0.00966	0.01132	0.08250	0.00271	0.04236	0.00447	0.00343	0.00823
47	0.00825	0.00656	0.00742	0.00800	0.00955	0.00572	0.00570	0.00984	0.01481	0.01849	0.08604	0.32937	0.42864	0.01875	0.00833	0.00248	0.00365	0.01627	0.00640	0.00572
48	0.01188	0.00594	0.00891	0.00891	0.00891	0.00594	0.00594	0.00891	0.00891	0.01188	0.01188	0.02080	0.01188	0.02377	0.02674	0.80095	0.00594	0.00594	0.00297	0.00297
49	0.00831	0.00690	0.00727	0.00725	0.00940	0.00586	0.00541	0.01023	0.01602	0.01967	0.15641	0.08795	0.60173	0.01701	0.00811	0.00230	0.00345	0.01433	0.00651	0.00586
50	0.00977	0.00733	0.01100	0.01100	0.01222	0.00855	0.00855	0.01222	0.01100	0.01588	0.01833	0.02688	0.01710	0.05131	0.73245	0.01100	0.01833	0.00733	0.00367	0.00611
51	0.00925	0.00714	0.00846	0.00882	0.01050	0.00657	0.00669	0.01183	0.03484	0.02042	0.18067	0.17411	0.31744	0.05235	0.00964	0.00270	0.00417	0.12189	0.00649	0.00602
52	0.01268	0.01015	0.01126	0.01071	0.01327	0.01080	0.00819	0.02231	0.30859	0.02514	0.18014	0.10897	0.14294	0.01304	0.00750	0.00231	0.00440	0.03963	0.05987	0.00811
53	0.11882	0.01182	0.01522	0.01181	0.01698	0.01066	0.00976	0.03184	0.01868	0.64329	0.02501	0.02191	0.01586	0.00823	0.00658	0.00212	0.00576	0.00652	0.00799	0.01116
54	0.01419	0.01216	0.01419	0.01013	0.01621	0.00912	0.00811	0.01723	0.01419	0.02229	0.01216	0.01419	0.01013	0.00507	0.00507	0.00101	0.00507	0.00405	0.00405	0.80139
55	0.01311	0.01029	0.01139	0.01030	0.01308	0.01069	0.00795	0.08574	0.21081	0.02716	0.27350	0.04273	0.19382	0.01259	0.00749	0.00220	0.00431	0.01066	0.04413	0.00803
56	0.06852	0.00794	0.00841	0.00836	0.01064	0.00736	0.00622	0.02946	0.03672	0.05321	0.05314	0.21415	0.43832	0.01656	0.00783	0.00239	0.00399	0.01402	0.00633	0.00642
57	0.80789	0.01323	0.01006	0.00900	0.01323	0.01535	0.00741	0.02011	0.01164	0.03070	0.00953	0.01111	0.00741	0.00635	0.00423	0.00212	0.00529	0.00370	0.00423	0.00741
58	0.03049	0.01197	0.01608	0.01233	0.01763	0.01054	0.01018	0.06203	0.02013	0.69216	0.02653	0.02299	0.01671	0.00846	0.00688	0.00211	0.00590	0.00685	0.00840	0.01164
59	0.00914	0.00693	0.00842	0.00814	0.00991	0.00621	0.00607	0.01183	0.01795	0.02429	0.48912	0.08613	0.26023	0.01532	0.00810	0.00223	0.00333	0.01330	0.00712	0.00621
60	0.02231	0.01151	0.01418	0.01185	0.01593	0.01110	0.00950	0.09065	0.12309	0.36431	0.06175	0.09072	0.09811	0.01119	0.00731	0.00225	0.00542	0.03128	0.00757	0.00998
61	0.77410	0.01316	0.01031	0.00913	0.01341	0.01512	0.00752	0.02069	0.01199	0.06073	0.01029	0.01164	0.00782	0.00644	0.00435	0.00212	0.00532	0.00384	0.00442	0.00759
62	0.06745	0.01001	0.01305	0.01067	0.01454	0.00903	0.00857	0.02502	0.01905	0.42507	0.28003	0.03289	0.03402	0.01039	0.00717	0.00213	0.00483	0.00873	0.00788	0.00948
63	0.01038	0.00703	0.00924	0.03798	0.01145	0.00696	0.00677	0.01178	0.01349	0.05321	0.12338	0.40849	0.03930	0.19020	0.01491	0.00354	0.02545	0.01475	0.00588	0.00579
64	0.01103	0.00818	0.00986	0.01029	0.01195	0.00830	0.00790	0.01609	0.12901	0.02168	0.11595	0.21192	0.10143	0.06576	0.00992	0.00284	0.00478	0.17865	0.06774	0.00671
65	0.01048	0.00759	0.01021	0.01006	0.01112	0.00833	0.00734	0.04348	0.01225	0.01711	0.05315	0.08133	0.02305	0.23492	0.42897	0.00844	0.01301	0.00903	0.00431	0.00582
66	0.01393	0.04863	0.02350	0.50601	0.06371	0.01686	0.08397	0.01803	0.01352	0.01787	0.01175	0.01739	0.00927	0.00743	0.00918	0.00234	0.11948	0.00615	0.00308	0.00791
67	0.03785	0.00884	0.01040	0.00984	0.01164	0.00887	0.00712	0.06937	0.05864	0.08484	0.13397	0.15720	0.05966	0.24796	0.01627	0.00373	0.00541	0.05561	0.00604	0.00674
68	0.00830	0.00609	0.00779	0.00916	0.00983	0.00559	0.00619	0.00957	0.01345	0.01761	0.04221	0.65693	0.14051	0.02085	0.00864	0.00271	0.00390	0.01874	0.00635	0.00559
69	0.01515	0.01298	0.01983	0.50069	0.10336	0.01529	0.01694	0.11403	0.01656	0.02238	0.01383	0.01857	0.01046	0.00708	0.00663	0.00216	0.00822	0.00612	0.08135	0.00836
70	0.00876	0.00652	0.00830	0.00924	0.01029	0.00586	0.00635	0.01022	0.01372	0.01833	0.06876	0.59963	0.11654	0.01956	0.00839	0.00258	0.00396	0.01756	0.00625	0.05918
71	0.01528	0.01555	0.03045	0.14457	0.13055	0.01575	0.37337	0.02010	0.01517	0.02138	0.01415	0.01883	0.01099	0.00656	0.00804	0.00222	0.04700	0.00717	0.09409	0.00878
72	0.24572	0.06782	0.01695	0.06674	0.01895	0.03467	0.04227	0.08114	0.09849	0.02635	0.03341	0.01674	0.01241	0.00728	0.00651	0.00196	0.04786	0.00536	0.04479	0.12456
73	0.01521	0.01301	0.02113	0.22787	0.06333	0.01349	0.14141	0.09428	0.01559	0.02146	0.01335	0.01820	0.01070	0.00962	0.01034	0.14630	0.00799	0.00618	0.03477	0.11577
74	0.01965	0.01475	0.04767	0.01313	0.01845	0.01324	0.02774	0.17236	0.01924	0.15159	0.05114	0.01836	0.01430	0.00742	0.00735	0.00173	0.06040	0.00574	0.00550	0.33023
75	0.01604	0.01142	0.01237	0.01067	0.01358	0.04727	0.03983	0.14222	0.06424	0.02754	0.02082	0.05670	0.01690	0.00979	0.02778	0.00209	0.00556	0.00696	0.42933	0.03890
76	0.01925	0.01679	0.01971	0.01953	0.14505	0.08329	0.04467	0.23428	0.09155	0.02847	0.01739	0.06342	0.01448	0.01035	0.04349	0.00243	0.00797	0.00688	0.02963	0.10138

[dist]
# distance from previous block
# <min> <max>
3	60

# created by:
# /st0/software/busco_prod/Augustus/scripts/msa2prfl.pl ./align_prep/120543.fa
