[name]
unknown

[dist]
# distance from previous block
# <min> <max>
0	43

[block]
# block no. 0 follows, 28 sequences, length 22
# corresponding to MSA columns:
# 43-64
name=unknown_A
#
# <colnr> <probs for GDERKNQSTAVLIFYWHMCP>
#	G	D	E	R	K	N	Q	S	T	A	V	L	I	F	Y	W	H	M	C	P
0	0.09212	0.07631	0.18733	0.06843	0.02427	0.01755	0.01615	0.16037	0.04753	0.14093	0.01820	0.02170	0.01383	0.00875	0.00752	0.00232	0.03464	0.04610	0.00548	0.01046
1	0.05161	0.01184	0.03560	0.01154	0.01607	0.01004	0.00952	0.02513	0.05385	0.31819	0.16217	0.05824	0.08659	0.01091	0.00738	0.00217	0.00535	0.00912	0.00749	0.10719
2	0.01511	0.01732	0.12662	0.36746	0.18783	0.01581	0.01988	0.04302	0.01560	0.02144	0.01432	0.02044	0.01152	0.05312	0.00897	0.00260	0.00914	0.00657	0.03411	0.00913
3	0.18040	0.01936	0.11239	0.08018	0.10937	0.01743	0.12727	0.14549	0.01920	0.09870	0.01521	0.01736	0.01105	0.00727	0.00687	0.00228	0.00862	0.00626	0.00494	0.01034
4	0.01263	0.00631	0.00947	0.00947	0.00947	0.00631	0.00631	0.00947	0.00947	0.01263	0.01263	0.02210	0.01263	0.02525	0.02841	0.78851	0.00631	0.00631	0.00316	0.00316
5	0.00863	0.00721	0.00752	0.00777	0.00993	0.00610	0.00570	0.01039	0.01618	0.01948	0.06869	0.16873	0.60067	0.01905	0.00869	0.00253	0.00376	0.01613	0.00675	0.00610
6	0.01711	0.18049	0.18734	0.09414	0.06667	0.07594	0.01661	0.07047	0.01772	0.02336	0.08810	0.02380	0.01844	0.00866	0.00676	0.00213	0.00847	0.04438	0.04011	0.00928
7	0.38816	0.01614	0.08113	0.05682	0.01944	0.01543	0.01149	0.04470	0.10361	0.11534	0.04421	0.01832	0.01404	0.00784	0.00593	0.00225	0.00644	0.00570	0.00545	0.03756
8	0.01992	0.70429	0.03700	0.01283	0.01890	0.07165	0.01254	0.02222	0.01513	0.01714	0.01018	0.01175	0.00933	0.00630	0.00478	0.00157	0.00811	0.00394	0.00315	0.00927
9	0.01458	0.03760	0.70688	0.02072	0.03146	0.01688	0.02686	0.02302	0.01535	0.02302	0.01304	0.01535	0.00921	0.00691	0.00691	0.00230	0.01074	0.00537	0.00307	0.01074
10	0.02344	0.01914	0.01940	0.01600	0.02095	0.06165	0.01282	0.35903	0.31781	0.03743	0.02238	0.02141	0.01647	0.00915	0.00728	0.00229	0.00732	0.00716	0.00712	0.01176
11	0.16277	0.01266	0.01581	0.01236	0.01779	0.01164	0.01020	0.03303	0.01937	0.58970	0.02551	0.02254	0.01627	0.00861	0.00683	0.00225	0.00609	0.00673	0.00823	0.01160
12	0.02006	0.01846	0.07693	0.15586	0.35849	0.04567	0.01971	0.08561	0.01846	0.10751	0.01558	0.01860	0.01180	0.00721	0.00718	0.00222	0.00881	0.00642	0.00451	0.01090
13	0.01613	0.02723	0.34368	0.02444	0.05843	0.01761	0.25894	0.02525	0.10887	0.02417	0.01596	0.01863	0.01176	0.00702	0.00759	0.00237	0.01052	0.00697	0.00391	0.01054
14	0.01255	0.00820	0.01109	0.01203	0.01353	0.00812	0.00982	0.01506	0.01544	0.06247	0.03433	0.11568	0.03700	0.15853	0.04047	0.00426	0.00702	0.42155	0.00630	0.00655
15	0.00884	0.00640	0.00835	0.00991	0.01049	0.00592	0.00665	0.01015	0.01412	0.01864	0.04261	0.68894	0.09729	0.02244	0.00923	0.00291	0.00418	0.02026	0.00675	0.00592
16	0.12258	0.06918	0.02114	0.01751	0.08472	0.01878	0.03355	0.28832	0.08331	0.11484	0.06024	0.02046	0.01650	0.00851	0.00686	0.00219	0.00717	0.00673	0.00642	0.01099
17	0.01373	0.01292	0.02180	0.72707	0.05006	0.01615	0.02019	0.01857	0.01453	0.01857	0.01292	0.01938	0.00969	0.00727	0.00727	0.00242	0.00969	0.00646	0.00323	0.00807
18	0.01135	0.00769	0.00995	0.00923	0.01120	0.00701	0.00698	0.01465	0.02034	0.06400	0.62158	0.05372	0.10508	0.01477	0.00851	0.00229	0.00359	0.01298	0.00798	0.00710
19	0.01434	0.01030	0.01385	0.01270	0.01491	0.01031	0.06164	0.13442	0.01793	0.05107	0.03087	0.41488	0.03361	0.08422	0.01109	0.00305	0.00585	0.01482	0.05258	0.00757
20	0.04452	0.01639	0.01994	0.04813	0.14722	0.01788	0.01403	0.19234	0.27397	0.08438	0.02398	0.02371	0.04263	0.00902	0.00728	0.00231	0.00696	0.00748	0.00651	0.01134
21	0.01776	0.14396	0.36038	0.01741	0.02528	0.01801	0.04455	0.10623	0.01870	0.06828	0.09454	0.02036	0.01725	0.00807	0.00688	0.00217	0.00883	0.00644	0.00459	0.01033

[dist]
# distance from previous block
# <min> <max>
3	7

[block]
# block no. 1 follows, 28 sequences, length 32
# corresponding to MSA columns:
# 72-103
name=unknown_B
#
# <colnr> <probs for GDERKNQSTAVLIFYWHMCP>
#	G	D	E	R	K	N	Q	S	T	A	V	L	I	F	Y	W	H	M	C	P
0	0.01203	0.00971	0.01178	0.01026	0.01384	0.00786	0.00763	0.01447	0.01512	0.02199	0.08082	0.30156	0.05533	0.01338	0.00727	0.00195	0.00471	0.01178	0.00564	0.39286
1	0.01674	0.01340	0.01743	0.01252	0.01898	0.01046	0.06133	0.02016	0.01573	0.08183	0.01441	0.01626	0.01141	0.00575	0.00580	0.00129	0.00600	0.00490	0.00466	0.66095
2	0.01507	0.01292	0.01507	0.01077	0.01723	0.00969	0.00861	0.01830	0.01507	0.02369	0.01292	0.01507	0.01077	0.00538	0.00538	0.00108	0.00538	0.00431	0.00431	0.78898
3	0.00907	0.00642	0.00837	0.00985	0.01021	0.00605	0.00645	0.01018	0.01350	0.01800	0.03791	0.65288	0.04536	0.11340	0.01276	0.00347	0.00457	0.01940	0.00645	0.00572
4	0.01598	0.01612	0.02349	0.01977	0.02020	0.02203	0.05484	0.01784	0.01149	0.01784	0.00985	0.01612	0.00963	0.01233	0.02295	0.00314	0.68862	0.00649	0.00321	0.00806
5	0.01488	0.01447	0.02271	0.60877	0.13030	0.04848	0.02017	0.01952	0.01507	0.01919	0.01294	0.01892	0.00990	0.00718	0.00723	0.00236	0.00971	0.00638	0.00330	0.00852
6	0.00998	0.00732	0.00897	0.00867	0.01020	0.00672	0.00623	0.01250	0.01803	0.02467	0.45332	0.08197	0.17335	0.13094	0.01309	0.00309	0.00408	0.01342	0.00716	0.00631
7	0.01507	0.01292	0.01507	0.01077	0.01723	0.00969	0.00861	0.01830	0.01507	0.02369	0.01292	0.01507	0.01077	0.00538	0.00538	0.00108	0.00538	0.00431	0.00431	0.78898
8	0.00892	0.00643	0.00834	0.00984	0.01037	0.00597	0.00656	0.01016	0.01394	0.01842	0.04150	0.66353	0.09004	0.05572	0.01051	0.00311	0.00431	0.01985	0.00664	0.00585
9	0.01494	0.01367	0.02183	0.63372	0.04626	0.01698	0.01946	0.07044	0.01591	0.02067	0.01310	0.01904	0.00989	0.00767	0.00814	0.00244	0.04743	0.00646	0.00355	0.00841
10	0.01708	0.00966	0.01244	0.01075	0.01389	0.00876	0.00832	0.05387	0.02011	0.19995	0.35710	0.12478	0.04573	0.01326	0.00802	0.00226	0.00462	0.01153	0.00777	0.07010
11	0.73508	0.01569	0.01147	0.01028	0.01472	0.07160	0.00836	0.02197	0.01302	0.03144	0.01021	0.01191	0.00799	0.00681	0.00466	0.00222	0.00622	0.00400	0.00444	0.00792
12	0.02715	0.03464	0.02060	0.01873	0.02247	0.71536	0.01404	0.02903	0.02060	0.01779	0.01124	0.01311	0.00936	0.00749	0.00655	0.00187	0.01311	0.00468	0.00375	0.00843
13	0.01010	0.00742	0.00946	0.00895	0.01075	0.00678	0.00671	0.01336	0.02014	0.02811	0.62764	0.05600	0.13695	0.01525	0.00858	0.00230	0.00346	0.01338	0.00787	0.00678
14	0.00983	0.00732	0.00915	0.00888	0.01063	0.00664	0.00659	0.01276	0.01922	0.02638	0.51729	0.11634	0.18967	0.01624	0.00864	0.00238	0.00355	0.01422	0.00765	0.00664
15	0.01458	0.03760	0.70688	0.02072	0.03146	0.01688	0.02686	0.02302	0.01535	0.02302	0.01304	0.01535	0.00921	0.00691	0.00691	0.00230	0.01074	0.00537	0.00307	0.01074
16	0.00886	0.00700	0.00799	0.00854	0.01019	0.00613	0.00610	0.01066	0.01602	0.02022	0.12511	0.30979	0.39845	0.01962	0.00884	0.00262	0.00385	0.01704	0.00688	0.00613
17	0.01341	0.00916	0.01111	0.01013	0.01270	0.00886	0.00775	0.01919	0.12274	0.09344	0.43754	0.04951	0.14777	0.01404	0.00827	0.00233	0.00409	0.01214	0.00782	0.00801
18	0.79588	0.01406	0.01068	0.00956	0.01406	0.01631	0.00787	0.02137	0.01237	0.03261	0.01012	0.01181	0.00787	0.00675	0.00450	0.00225	0.00562	0.00394	0.00450	0.00787
19	0.01853	0.01367	0.01600	0.01174	0.01797	0.01133	0.00947	0.08642	0.03698	0.10839	0.01576	0.01683	0.01213	0.00628	0.00586	0.00137	0.00575	0.00501	0.00526	0.59525
20	0.02763	0.02036	0.02182	0.01672	0.02254	0.02254	0.01382	0.67496	0.03418	0.04581	0.01745	0.01745	0.01236	0.00873	0.00727	0.00218	0.00800	0.00654	0.00727	0.01236
21	0.04105	0.01401	0.01592	0.01172	0.01792	0.01191	0.00943	0.10549	0.04252	0.04568	0.01448	0.01600	0.01151	0.00613	0.00573	0.00134	0.00577	0.00482	0.00494	0.61364
22	0.02666	0.01911	0.02057	0.01593	0.02144	0.02103	0.01311	0.59169	0.05435	0.06787	0.01863	0.01861	0.01326	0.00876	0.00715	0.00216	0.00759	0.00664	0.05343	0.01200
23	0.07027	0.01369	0.01732	0.01335	0.01895	0.01280	0.01103	0.13381	0.02245	0.56840	0.02600	0.02296	0.01661	0.00884	0.00716	0.00224	0.00644	0.00702	0.00850	0.01214
24	0.01799	0.01727	0.02950	0.04462	0.69919	0.01727	0.02231	0.02231	0.01655	0.02375	0.01367	0.01799	0.01151	0.00648	0.00720	0.00216	0.00864	0.00648	0.00360	0.01151
25	0.01808	0.01561	0.01644	0.01479	0.01890	0.01808	0.01151	0.03863	0.68606	0.03041	0.02959	0.02712	0.02219	0.00986	0.00740	0.00247	0.00575	0.00822	0.00740	0.01151
26	0.01575	0.01823	0.08323	0.09583	0.02983	0.01881	0.25826	0.01992	0.01425	0.02039	0.01332	0.04495	0.01157	0.00945	0.01412	0.00270	0.28759	0.00759	0.00353	0.03072
27	0.00860	0.00731	0.00741	0.00750	0.00985	0.00613	0.00558	0.01042	0.01644	0.01959	0.07204	0.10187	0.66536	0.01862	0.00862	0.00248	0.00371	0.01559	0.00675	0.00613
28	0.00886	0.00633	0.00843	0.01012	0.01054	0.00590	0.00675	0.01012	0.01392	0.01856	0.04006	0.73979	0.04808	0.02277	0.00928	0.00295	0.00422	0.02066	0.00675	0.00590
29	0.00949	0.00750	0.00870	0.00938	0.01136	0.00672	0.00739	0.01167	0.01627	0.02008	0.05954	0.16141	0.43078	0.01944	0.00908	0.00277	0.00458	0.19085	0.00673	0.00626
30	0.01737	0.02103	0.07556	0.02973	0.03713	0.04212	0.61777	0.02347	0.01718	0.02308	0.01450	0.01917	0.01088	0.00621	0.00843	0.00242	0.01221	0.00828	0.00365	0.00980
31	0.03002	0.01289	0.01679	0.01313	0.01844	0.01183	0.01075	0.07691	0.07183	0.57437	0.06299	0.02599	0.02059	0.00935	0.00738	0.00226	0.00613	0.00763	0.00871	0.01202

[dist]
# distance from previous block
# <min> <max>
0	4

[block]
# block no. 2 follows, 28 sequences, length 8
# corresponding to MSA columns:
# 108-115
name=unknown_C
#
# <colnr> <probs for GDERKNQSTAVLIFYWHMCP>
#	G	D	E	R	K	N	Q	S	T	A	V	L	I	F	Y	W	H	M	C	P
0	0.03137	0.01265	0.01683	0.01309	0.01859	0.01132	0.01075	0.03570	0.07774	0.64657	0.02876	0.02494	0.01835	0.00907	0.00732	0.00227	0.00615	0.00739	0.00886	0.01230
1	0.01016	0.00828	0.00910	0.00874	0.01114	0.00766	0.00660	0.01454	0.09056	0.02383	0.26639	0.06033	0.42361	0.01635	0.00846	0.00240	0.00383	0.01387	0.00722	0.00695
2	0.02070	0.04781	0.01991	0.04345	0.02118	0.16458	0.01336	0.13120	0.25865	0.02665	0.01888	0.02007	0.01483	0.01124	0.03876	0.00275	0.12380	0.00667	0.00548	0.01002
3	0.01577	0.00892	0.00915	0.00835	0.01069	0.00926	0.00646	0.12083	0.01823	0.03005	0.02272	0.02558	0.01764	0.00851	0.00543	0.00177	0.00412	0.00674	0.66212	0.00766
4	0.00890	0.00738	0.00779	0.00769	0.01001	0.00627	0.00577	0.01103	0.01730	0.02137	0.18680	0.06711	0.58200	0.01776	0.00859	0.00242	0.00364	0.01494	0.00698	0.00627
5	0.00886	0.00633	0.00843	0.01012	0.01054	0.00590	0.00675	0.01012	0.01392	0.01856	0.04006	0.73979	0.04808	0.02277	0.00928	0.00295	0.00422	0.02066	0.00675	0.00590
6	0.01507	0.01292	0.01507	0.01077	0.01723	0.00969	0.00861	0.01830	0.01507	0.02369	0.01292	0.01507	0.01077	0.00538	0.00538	0.00108	0.00538	0.00431	0.00431	0.78898
7	0.01763	0.01725	0.03048	0.08571	0.58685	0.01732	0.09283	0.02218	0.01649	0.02337	0.01374	0.01825	0.01135	0.00649	0.00735	0.00221	0.00909	0.00670	0.00358	0.01111

[dist]
# distance from previous block
# <min> <max>
0	5

[block]
# block no. 3 follows, 28 sequences, length 35
# corresponding to MSA columns:
# 121-155
name=unknown_D
#
# <colnr> <probs for GDERKNQSTAVLIFYWHMCP>
#	G	D	E	R	K	N	Q	S	T	A	V	L	I	F	Y	W	H	M	C	P
0	0.01822	0.04572	0.05583	0.01929	0.02227	0.11041	0.09420	0.07100	0.01546	0.02102	0.01177	0.01637	0.01030	0.01161	0.04274	0.00295	0.36447	0.00622	0.00372	0.05644
1	0.01095	0.00822	0.01200	0.01180	0.01304	0.00974	0.00923	0.01353	0.01190	0.01762	0.01915	0.02767	0.01767	0.04873	0.62348	0.01046	0.06245	0.00763	0.05812	0.00660
2	0.79588	0.01406	0.01068	0.00956	0.01406	0.01631	0.00787	0.02137	0.01237	0.03261	0.01012	0.01181	0.00787	0.00675	0.00450	0.00225	0.00562	0.00394	0.00450	0.00787
3	0.79588	0.01406	0.01068	0.00956	0.01406	0.01631	0.00787	0.02137	0.01237	0.03261	0.01012	0.01181	0.00787	0.00675	0.00450	0.00225	0.00562	0.00394	0.00450	0.00787
4	0.00896	0.00637	0.00840	0.00999	0.01038	0.00597	0.00660	0.01015	0.01371	0.01828	0.03901	0.69741	0.04675	0.06696	0.01098	0.00320	0.00439	0.02005	0.00660	0.00581
5	0.30402	0.23771	0.25393	0.01417	0.02129	0.02016	0.01563	0.02204	0.01408	0.02482	0.01110	0.01296	0.00875	0.00665	0.00536	0.00206	0.00798	0.00441	0.00361	0.00927
6	0.01514	0.01425	0.02197	0.25874	0.14306	0.01790	0.01749	0.01842	0.01344	0.01942	0.01262	0.01863	0.01083	0.01154	0.04646	0.00307	0.29492	0.00650	0.04714	0.00846
7	0.01574	0.01075	0.01282	0.01220	0.01450	0.01100	0.00903	0.20349	0.02019	0.06890	0.03284	0.48710	0.03591	0.01787	0.00858	0.00269	0.00543	0.01576	0.00704	0.00817
8	0.01307	0.00804	0.01061	0.00962	0.01182	0.00733	0.00733	0.01642	0.02060	0.11314	0.61242	0.05062	0.06229	0.01413	0.00842	0.00228	0.00377	0.01242	0.00813	0.00754
9	0.01033	0.00744	0.01008	0.01137	0.01254	0.00730	0.00890	0.01268	0.01532	0.02027	0.07550	0.30961	0.07344	0.05133	0.06292	0.00387	0.00645	0.28787	0.00649	0.00629
10	0.01057	0.00705	0.00793	0.00793	0.00793	0.00705	0.00440	0.01057	0.01057	0.01409	0.02290	0.04757	0.02643	0.74454	0.03700	0.00705	0.00705	0.01057	0.00440	0.00440
11	0.00907	0.00717	0.00817	0.00838	0.01023	0.00627	0.00611	0.01118	0.01701	0.02177	0.22050	0.20484	0.40668	0.01844	0.00873	0.00252	0.00373	0.01590	0.00706	0.00627
12	0.01943	0.74891	0.03809	0.01244	0.01866	0.02876	0.01244	0.02177	0.01477	0.01710	0.01011	0.01166	0.00933	0.00622	0.00466	0.00155	0.00777	0.00389	0.00311	0.00933
13	0.00886	0.00633	0.00843	0.01012	0.01054	0.00590	0.00675	0.01012	0.01392	0.01856	0.04006	0.73979	0.04808	0.02277	0.00928	0.00295	0.00422	0.02066	0.00675	0.00590
14	0.01907	0.69624	0.08762	0.01305	0.01960	0.02788	0.01351	0.02186	0.01481	0.01754	0.01032	0.01193	0.00932	0.00627	0.00483	0.00161	0.00799	0.00400	0.00311	0.00943
15	0.01441	0.00761	0.00770	0.00738	0.00933	0.00774	0.00562	0.05723	0.01640	0.02825	0.02333	0.02651	0.01825	0.00848	0.00522	0.00172	0.00367	0.00676	0.73728	0.00712
16	0.01373	0.01292	0.02180	0.72707	0.05006	0.01615	0.02019	0.01857	0.01453	0.01857	0.01292	0.01938	0.00969	0.00727	0.00727	0.00242	0.00969	0.00646	0.00323	0.00807
17	0.01040	0.00697	0.00798	0.00815	0.00820	0.00693	0.00464	0.01052	0.01091	0.01455	0.02466	0.11840	0.02864	0.67068	0.03416	0.00663	0.00676	0.01160	0.00464	0.00456
18	0.01943	0.74891	0.03809	0.01244	0.01866	0.02876	0.01244	0.02177	0.01477	0.01710	0.01011	0.01166	0.00933	0.00622	0.00466	0.00155	0.00777	0.00389	0.00311	0.00933
19	0.00938	0.00739	0.00846	0.00819	0.01030	0.00647	0.00614	0.01196	0.01843	0.02405	0.36237	0.06268	0.40476	0.01676	0.00858	0.00238	0.00356	0.01432	0.00733	0.00647
20	0.01140	0.00856	0.01061	0.01131	0.01262	0.00884	0.00812	0.04542	0.11032	0.02137	0.03511	0.48009	0.03915	0.05585	0.06256	0.00371	0.00602	0.05537	0.00654	0.00702
21	0.04084	0.01423	0.02101	0.51563	0.04096	0.01734	0.01796	0.13164	0.01766	0.02391	0.01374	0.01884	0.01036	0.00788	0.00814	0.00240	0.05378	0.00640	0.02851	0.00876
22	0.00927	0.00658	0.00823	0.00936	0.00983	0.00621	0.00606	0.01026	0.01327	0.01751	0.03821	0.51531	0.09061	0.20479	0.01623	0.00395	0.00489	0.01772	0.00616	0.00554
23	0.02573	0.01820	0.02028	0.04769	0.02241	0.01990	0.01323	0.53805	0.03070	0.09124	0.04273	0.05986	0.01660	0.00968	0.00743	0.00224	0.00757	0.00762	0.00721	0.01162
24	0.01602	0.04275	0.15832	0.17107	0.06109	0.01810	0.34827	0.02192	0.01592	0.02184	0.01363	0.01832	0.01032	0.00682	0.00855	0.00241	0.04440	0.00724	0.00343	0.00958
25	0.01435	0.00963	0.01198	0.01194	0.01412	0.00957	0.00931	0.11839	0.01888	0.07510	0.07435	0.32382	0.08513	0.01812	0.00892	0.00280	0.00549	0.17336	0.00705	0.00767
26	0.00886	0.00633	0.00843	0.01012	0.01054	0.00590	0.00675	0.01012	0.01392	0.01856	0.04006	0.73979	0.04808	0.02277	0.00928	0.00295	0.00422	0.02066	0.00675	0.00590
27	0.01684	0.04605	0.11863	0.07748	0.37441	0.07135	0.04892	0.02126	0.01654	0.02208	0.02060	0.02354	0.09459	0.00810	0.00725	0.00220	0.00887	0.00727	0.00389	0.01013
28	0.01565	0.01606	0.02275	0.07167	0.02281	0.06706	0.09993	0.01804	0.01323	0.01850	0.01507	0.12300	0.01541	0.01258	0.01730	0.00291	0.42764	0.00864	0.00381	0.00793
29	0.01405	0.01354	0.02377	0.66224	0.04894	0.01636	0.08094	0.01901	0.01478	0.01901	0.01309	0.01940	0.00981	0.00716	0.00739	0.00243	0.00993	0.00666	0.00327	0.00824
30	0.00863	0.00720	0.00753	0.00779	0.00993	0.00610	0.00571	0.01038	0.01616	0.01947	0.06844	0.17371	0.59584	0.01909	0.00870	0.00253	0.00376	0.01617	0.00675	0.00610
31	0.01269	0.01059	0.01172	0.01154	0.01353	0.03499	0.00877	0.04723	0.11954	0.02224	0.06377	0.20611	0.19421	0.07185	0.01169	0.00303	0.04982	0.09291	0.00641	0.00736
32	0.04272	0.02328	0.26514	0.12743	0.05374	0.01627	0.20486	0.05023	0.01653	0.02340	0.01861	0.05405	0.05432	0.00825	0.00759	0.00239	0.00991	0.00780	0.00392	0.00957
33	0.02387	0.01390	0.05812	0.01332	0.01828	0.01199	0.01136	0.02904	0.09634	0.37704	0.07825	0.05814	0.02199	0.00988	0.00827	0.00223	0.05032	0.00797	0.00736	0.10234
34	0.07023	0.02561	0.06053	0.01622	0.02021	0.38240	0.01316	0.06814	0.01913	0.06785	0.01862	0.02039	0.06658	0.01298	0.07179	0.00296	0.04373	0.00620	0.00458	0.00869

[dist]
# distance from previous block
# <min> <max>
2	28

[block]
# block no. 4 follows, 28 sequences, length 27
# corresponding to MSA columns:
# 185-211
name=unknown_E
#
# <colnr> <probs for GDERKNQSTAVLIFYWHMCP>
#	G	D	E	R	K	N	Q	S	T	A	V	L	I	F	Y	W	H	M	C	P
0	0.01419	0.23330	0.01944	0.01158	0.01438	0.05105	0.00962	0.01643	0.01316	0.01728	0.01683	0.02462	0.01596	0.10955	0.34951	0.00703	0.01333	0.00669	0.04881	0.00724
1	0.01743	0.51508	0.02987	0.01237	0.01702	0.05258	0.01142	0.01968	0.01515	0.01817	0.05913	0.06698	0.01866	0.04699	0.00786	0.00215	0.02816	0.04884	0.00399	0.00845
2	0.01615	0.06511	0.36226	0.02773	0.20285	0.01814	0.11441	0.02246	0.01561	0.02259	0.01307	0.01647	0.01008	0.00702	0.00817	0.00230	0.05562	0.00609	0.00330	0.01056
3	0.01806	0.05258	0.43824	0.01917	0.02757	0.06168	0.06239	0.06081	0.01736	0.09883	0.01671	0.06453	0.01306	0.00826	0.00714	0.00229	0.00981	0.00678	0.00429	0.01044
4	0.00883	0.00643	0.00832	0.00984	0.01047	0.00593	0.00662	0.01015	0.01419	0.01867	0.04352	0.67088	0.11476	0.02232	0.00921	0.00290	0.00416	0.02012	0.00675	0.00593
5	0.01072	0.00784	0.00993	0.00997	0.01092	0.00840	0.00693	0.01327	0.05556	0.01693	0.02644	0.10027	0.06354	0.32720	0.29170	0.00791	0.01129	0.01050	0.00474	0.00590
6	0.05382	0.07691	0.01940	0.01702	0.10547	0.05474	0.01209	0.09343	0.02017	0.25788	0.13545	0.05542	0.02452	0.00992	0.00771	0.00221	0.02882	0.00807	0.00669	0.01025
7	0.01753	0.01457	0.08957	0.01524	0.05669	0.01248	0.01228	0.14656	0.05460	0.11487	0.10540	0.22858	0.03162	0.01386	0.00813	0.00252	0.00631	0.05317	0.00674	0.00929
8	0.01608	0.00921	0.00947	0.00856	0.01099	0.00961	0.00665	0.13505	0.01864	0.03046	0.02259	0.02537	0.01751	0.00851	0.00547	0.00178	0.00422	0.00673	0.64531	0.00778
9	0.01122	0.00801	0.01114	0.01282	0.01427	0.00794	0.01085	0.01420	0.01624	0.02120	0.03876	0.19663	0.04292	0.02055	0.00991	0.00328	0.00626	0.54055	0.00670	0.00656
10	0.04978	0.01590	0.06175	0.35023	0.19140	0.01655	0.01876	0.04205	0.09619	0.06333	0.01604	0.01969	0.01207	0.00750	0.00713	0.00234	0.00861	0.00656	0.00431	0.00980
11	0.01394	0.01334	0.02313	0.68312	0.04930	0.01629	0.06137	0.01887	0.01470	0.01887	0.01303	0.01939	0.00977	0.00720	0.00735	0.00242	0.00985	0.00659	0.00326	0.00818
12	0.01044	0.00707	0.00789	0.00789	0.00805	0.00699	0.00448	0.01056	0.01097	0.01446	0.02627	0.04905	0.07083	0.69641	0.03511	0.00674	0.00682	0.01089	0.00456	0.00452
13	0.01212	0.00881	0.01095	0.03939	0.01364	0.00898	0.00809	0.11197	0.01664	0.02220	0.03353	0.52025	0.03858	0.10411	0.01212	0.00329	0.00534	0.01677	0.00641	0.00680
14	0.01039	0.00776	0.01153	0.01153	0.01278	0.00900	0.00890	0.01288	0.01164	0.01676	0.01961	0.02931	0.01850	0.08203	0.68867	0.01150	0.01898	0.00790	0.00391	0.00641
15	0.01090	0.00848	0.00968	0.00926	0.01151	0.00796	0.00695	0.05682	0.04710	0.02514	0.28907	0.13716	0.31979	0.01663	0.00853	0.00243	0.00403	0.01428	0.00726	0.00701
16	0.01373	0.01292	0.02180	0.72707	0.05006	0.01615	0.02019	0.01857	0.01453	0.01857	0.01292	0.01938	0.00969	0.00727	0.00727	0.00242	0.00969	0.00646	0.00323	0.00807
17	0.01355	0.00678	0.00678	0.00678	0.00847	0.00678	0.00508	0.01694	0.01524	0.02710	0.02371	0.02710	0.01863	0.00847	0.00508	0.00169	0.00339	0.00678	0.78489	0.00678
18	0.01136	0.00850	0.01226	0.01197	0.01352	0.00985	0.00935	0.05046	0.01296	0.01851	0.01936	0.02793	0.01784	0.05192	0.67563	0.01114	0.01882	0.00772	0.00409	0.00682
19	0.01944	0.67254	0.08085	0.01324	0.01965	0.05694	0.01344	0.02215	0.01505	0.01752	0.01034	0.01196	0.00932	0.00632	0.00489	0.00162	0.00819	0.00402	0.00313	0.00938
20	0.02723	0.02016	0.02159	0.01664	0.02239	0.02236	0.01372	0.64838	0.06140	0.04517	0.01796	0.01786	0.01277	0.00877	0.00728	0.00219	0.00791	0.00661	0.00728	0.01233
21	0.01156	0.00787	0.00927	0.00957	0.01041	0.00787	0.00633	0.06900	0.01453	0.01999	0.03012	0.35069	0.03413	0.29479	0.01928	0.00433	0.00555	0.01437	0.07436	0.00597
22	0.01533	0.03237	0.51381	0.02360	0.03336	0.01732	0.21467	0.02310	0.01587	0.02310	0.01353	0.01659	0.00974	0.00668	0.00739	0.00235	0.01118	0.00630	0.00325	0.01047
23	0.01013	0.00686	0.00806	0.00849	0.00860	0.00675	0.00501	0.01046	0.01143	0.01524	0.02731	0.22544	0.03199	0.55908	0.02988	0.00599	0.00632	0.01316	0.00501	0.00479
24	0.00884	0.00639	0.00837	0.00995	0.01050	0.00592	0.00667	0.01014	0.01408	0.01862	0.04218	0.69762	0.08889	0.02250	0.00923	0.00292	0.00418	0.02033	0.00675	0.00592
25	0.02933	0.01527	0.02007	0.01538	0.02082	0.01518	0.04937	0.21595	0.02384	0.43745	0.02356	0.02185	0.01549	0.00898	0.00835	0.00230	0.04989	0.00711	0.00786	0.01196
26	0.02022	0.01490	0.01637	0.01439	0.01862	0.01659	0.01141	0.08672	0.49019	0.11822	0.02885	0.02921	0.02190	0.01021	0.00746	0.00244	0.00597	0.04501	0.03005	0.01127

[dist]
# distance from previous block
# <min> <max>
0	6

[block]
# block no. 5 follows, 28 sequences, length 10
# corresponding to MSA columns:
# 218-227
name=unknown_F
#
# <colnr> <probs for GDERKNQSTAVLIFYWHMCP>
#	G	D	E	R	K	N	Q	S	T	A	V	L	I	F	Y	W	H	M	C	P
0	0.00886	0.00633	0.00843	0.01012	0.01054	0.00590	0.00675	0.01012	0.01392	0.01856	0.04006	0.73979	0.04808	0.02277	0.00928	0.00295	0.00422	0.02066	0.00675	0.00590
1	0.01756	0.01702	0.02958	0.10467	0.60378	0.01723	0.05905	0.02203	0.01641	0.02326	0.01366	0.01821	0.01132	0.00653	0.00728	0.00220	0.00894	0.00659	0.00357	0.01111
2	0.09129	0.01547	0.01590	0.01430	0.01845	0.01791	0.01116	0.03700	0.62265	0.03062	0.02775	0.02568	0.02084	0.00957	0.00712	0.00245	0.00574	0.00782	0.00712	0.01116
3	0.00933	0.00667	0.00898	0.01067	0.01130	0.00632	0.00758	0.01095	0.01439	0.01909	0.03980	0.62982	0.04703	0.02232	0.00941	0.00302	0.00463	0.12593	0.00674	0.00604
4	0.01741	0.01756	0.02206	0.07269	0.02194	0.08154	0.01594	0.05770	0.01358	0.01929	0.01042	0.01602	0.00971	0.01162	0.02012	0.00295	0.57150	0.00623	0.00348	0.00826
5	0.01377	0.01042	0.01341	0.01235	0.01384	0.01226	0.00950	0.07749	0.05903	0.02088	0.01903	0.02793	0.01761	0.13879	0.29865	0.04705	0.11911	0.00774	0.07401	0.00714
6	0.01554	0.01557	0.02882	0.40029	0.19127	0.01696	0.18477	0.02059	0.01564	0.02091	0.01354	0.01913	0.01043	0.00681	0.00758	0.00237	0.01010	0.00700	0.00342	0.00927
7	0.00877	0.00666	0.00809	0.00924	0.01031	0.00598	0.00635	0.01022	0.01477	0.01890	0.05084	0.52477	0.25614	0.02137	0.00906	0.00279	0.00405	0.01896	0.00675	0.00598
8	0.01662	0.12632	0.11410	0.15157	0.06544	0.01927	0.35802	0.02215	0.01611	0.02154	0.01348	0.01785	0.01036	0.00645	0.00752	0.00229	0.01082	0.00706	0.00344	0.00961
9	0.01678	0.01791	0.07429	0.11958	0.41832	0.01686	0.11045	0.02254	0.05606	0.02321	0.01567	0.04715	0.01315	0.00740	0.00747	0.00229	0.00905	0.00735	0.00388	0.01059

[dist]
# distance from previous block
# <min> <max>
0	1

[block]
# block no. 6 follows, 28 sequences, length 29
# corresponding to MSA columns:
# 229-257
name=unknown_G
#
# <colnr> <probs for GDERKNQSTAVLIFYWHMCP>
#	G	D	E	R	K	N	Q	S	T	A	V	L	I	F	Y	W	H	M	C	P
0	0.01620	0.01597	0.02872	0.30645	0.33972	0.01702	0.12798	0.02102	0.01587	0.02167	0.01355	0.01879	0.01073	0.00673	0.00745	0.00231	0.00964	0.00681	0.00347	0.00990
1	0.01558	0.07871	0.51265	0.02427	0.11940	0.01783	0.08569	0.02287	0.01564	0.02276	0.01310	0.01586	0.00969	0.00673	0.00696	0.00225	0.01042	0.00572	0.00320	0.01067
2	0.07101	0.01626	0.10395	0.01512	0.04986	0.03783	0.01283	0.06432	0.08037	0.24677	0.12435	0.05773	0.02594	0.01060	0.00749	0.00236	0.00670	0.04944	0.00688	0.01017
3	0.01555	0.06451	0.02317	0.01795	0.02002	0.04058	0.12559	0.01817	0.01358	0.01980	0.01607	0.10734	0.01569	0.01170	0.01523	0.00269	0.35480	0.00834	0.10124	0.00798
4	0.58289	0.01534	0.01314	0.05959	0.01772	0.06116	0.00974	0.02316	0.04441	0.07041	0.01237	0.01404	0.00942	0.00733	0.00584	0.00228	0.03344	0.00464	0.00472	0.00836
5	0.01678	0.01329	0.01381	0.01201	0.01526	0.05968	0.00935	0.19700	0.05776	0.04824	0.26016	0.08600	0.15418	0.01340	0.00803	0.00231	0.00563	0.01122	0.00721	0.00867
6	0.38502	0.01812	0.01893	0.01670	0.06070	0.10049	0.09347	0.09519	0.06652	0.06122	0.01412	0.01564	0.01067	0.00729	0.00606	0.00223	0.00782	0.00551	0.00497	0.00936
7	0.03628	0.00778	0.00974	0.00940	0.01133	0.00723	0.00716	0.01410	0.01918	0.04762	0.49649	0.09944	0.13490	0.01567	0.00854	0.00241	0.00387	0.05432	0.00761	0.00690
8	0.11307	0.06453	0.02148	0.05989	0.02111	0.04132	0.07988	0.04658	0.01378	0.02109	0.01304	0.01854	0.01156	0.01969	0.17353	0.00468	0.25799	0.00640	0.00375	0.00810
9	0.00996	0.00695	0.00876	0.00946	0.01031	0.00660	0.00656	0.01171	0.01504	0.02058	0.17922	0.33342	0.07141	0.17331	0.01487	0.00364	0.00479	0.06751	0.04001	0.00590
10	0.00915	0.00654	0.00877	0.01046	0.01101	0.00616	0.00726	0.01063	0.01421	0.01889	0.03990	0.67195	0.04743	0.02250	0.00936	0.00299	0.00447	0.08560	0.00674	0.00599
11	0.01116	0.00810	0.01099	0.01235	0.01404	0.00792	0.01053	0.01426	0.01681	0.02185	0.08397	0.11522	0.10713	0.01973	0.00976	0.00317	0.00606	0.51357	0.00679	0.00661
12	0.00859	0.00736	0.00736	0.00736	0.00982	0.00614	0.00552	0.01043	0.01657	0.01964	0.07364	0.06996	0.69624	0.01841	0.00859	0.00245	0.00368	0.01534	0.00675	0.00614
13	0.01943	0.74891	0.03809	0.01244	0.01866	0.02876	0.01244	0.02177	0.01477	0.01710	0.01011	0.01166	0.00933	0.00622	0.00466	0.00155	0.00777	0.00389	0.00311	0.00933
14	0.07969	0.02080	0.02099	0.01636	0.02196	0.06427	0.01343	0.59135	0.03187	0.04321	0.01658	0.01681	0.01188	0.00852	0.00704	0.00217	0.00815	0.00625	0.00687	0.01182
15	0.00859	0.00736	0.00736	0.00736	0.00982	0.00614	0.00552	0.01043	0.01657	0.01964	0.07364	0.06996	0.69624	0.01841	0.00859	0.00245	0.00368	0.01534	0.00675	0.00614
16	0.79588	0.01406	0.01068	0.00956	0.01406	0.01631	0.00787	0.02137	0.01237	0.03261	0.01012	0.01181	0.00787	0.00675	0.00450	0.00225	0.00562	0.00394	0.00450	0.00787
17	0.03031	0.01254	0.01667	0.01278	0.01843	0.01085	0.01050	0.03380	0.04408	0.61101	0.02711	0.02385	0.01741	0.00866	0.00712	0.00214	0.00609	0.00704	0.00846	0.09114
18	0.01055	0.00714	0.00839	0.00839	0.00855	0.00730	0.00499	0.01087	0.01071	0.01444	0.02248	0.04521	0.02540	0.65895	0.12118	0.00762	0.00859	0.01023	0.00434	0.00466
19	0.01399	0.01321	0.01976	0.01715	0.01809	0.01725	0.05563	0.01623	0.01172	0.01764	0.01346	0.02071	0.01276	0.02740	0.27293	0.00621	0.42782	0.00702	0.00347	0.00754
20	0.01263	0.00631	0.00947	0.00947	0.00947	0.00631	0.00631	0.00947	0.00947	0.01263	0.01263	0.02210	0.01263	0.02525	0.02841	0.78851	0.00631	0.00631	0.00316	0.00316
21	0.01166	0.00897	0.01097	0.01087	0.01306	0.00894	0.00864	0.01759	0.12590	0.02616	0.33583	0.05911	0.14233	0.01587	0.00876	0.00261	0.00466	0.17321	0.00740	0.00746
22	0.01943	0.74891	0.03809	0.01244	0.01866	0.02876	0.01244	0.02177	0.01477	0.01710	0.01011	0.01166	0.00933	0.00622	0.00466	0.00155	0.00777	0.00389	0.00311	0.00933
23	0.01373	0.01292	0.02180	0.72707	0.05006	0.01615	0.02019	0.01857	0.01453	0.01857	0.01292	0.01938	0.00969	0.00727	0.00727	0.00242	0.00969	0.00646	0.00323	0.00807
24	0.22093	0.01172	0.01365	0.01137	0.01586	0.01122	0.00915	0.02712	0.01754	0.40525	0.02828	0.11357	0.06255	0.01075	0.00693	0.00235	0.00564	0.00864	0.00744	0.01003
25	0.02539	0.01760	0.01934	0.01525	0.02022	0.01907	0.01232	0.51855	0.02973	0.10019	0.02067	0.07914	0.01673	0.05978	0.00945	0.00258	0.00746	0.00804	0.00719	0.01130
26	0.02035	0.01620	0.01768	0.01467	0.01956	0.01740	0.01184	0.25420	0.29075	0.03390	0.02334	0.02640	0.01853	0.00959	0.00724	0.00221	0.00655	0.06144	0.00678	0.14137
27	0.02315	0.01732	0.01997	0.01559	0.02019	0.01880	0.05178	0.48566	0.02782	0.03730	0.01851	0.02437	0.01545	0.17431	0.01405	0.00329	0.00804	0.00758	0.00641	0.01041
28	0.01167	0.00775	0.00954	0.00989	0.01117	0.00737	0.00690	0.04269	0.01543	0.06152	0.07831	0.37700	0.11990	0.16415	0.01450	0.00361	0.00506	0.04063	0.00651	0.00641

[dist]
# distance from previous block
# <min> <max>
0	1

[block]
# block no. 7 follows, 28 sequences, length 44
# corresponding to MSA columns:
# 259-302
name=unknown_H
#
# <colnr> <probs for GDERKNQSTAVLIFYWHMCP>
#	G	D	E	R	K	N	Q	S	T	A	V	L	I	F	Y	W	H	M	C	P
0	0.01253	0.01055	0.01575	0.01369	0.01683	0.00950	0.10429	0.04687	0.01576	0.02190	0.02892	0.40689	0.03206	0.01553	0.00820	0.00242	0.00593	0.03814	0.00576	0.18847
1	0.48113	0.03608	0.13150	0.07234	0.04095	0.01624	0.03936	0.02085	0.01326	0.02767	0.01128	0.01411	0.00879	0.00784	0.00676	0.04750	0.00727	0.00478	0.00398	0.00832
2	0.18579	0.07021	0.09559	0.01539	0.04021	0.06260	0.01326	0.24261	0.07620	0.05001	0.01611	0.01791	0.01237	0.03889	0.00762	0.00236	0.00772	0.00589	0.02910	0.01018
3	0.02155	0.07737	0.02142	0.01840	0.05643	0.34408	0.01382	0.02600	0.10269	0.02003	0.01512	0.01726	0.03002	0.00881	0.00983	0.00215	0.14715	0.00576	0.00417	0.05795
4	0.02622	0.03097	0.02072	0.01908	0.04598	0.56637	0.01410	0.11751	0.02198	0.02184	0.01251	0.01451	0.01021	0.00952	0.03529	0.00232	0.01250	0.00513	0.00423	0.00900
5	0.01408	0.01328	0.02244	0.67100	0.10339	0.01624	0.02036	0.01888	0.01470	0.01900	0.01298	0.01927	0.00984	0.00720	0.00726	0.00240	0.00960	0.00646	0.00326	0.00836
6	0.01754	0.01681	0.02868	0.11746	0.62991	0.01715	0.02208	0.02191	0.01634	0.02320	0.01359	0.01814	0.01132	0.00656	0.00720	0.00219	0.00875	0.00647	0.00356	0.01115
7	0.11960	0.01660	0.01787	0.03595	0.09472	0.06059	0.01235	0.27494	0.04020	0.06158	0.01995	0.02140	0.04634	0.01103	0.04438	0.00265	0.00787	0.00669	0.09523	0.01006
8	0.00950	0.00672	0.00852	0.00952	0.01014	0.00628	0.00626	0.01051	0.01345	0.01795	0.05352	0.51117	0.07419	0.16539	0.01521	0.02748	0.00483	0.01735	0.00614	0.02588
9	0.02420	0.01778	0.01934	0.01525	0.01984	0.01981	0.01233	0.52318	0.02908	0.03953	0.01802	0.02133	0.01417	0.09106	0.01137	0.00275	0.04750	0.00700	0.05559	0.01088
10	0.00896	0.00637	0.00840	0.00998	0.01038	0.00598	0.00660	0.01015	0.01371	0.01828	0.03899	0.69629	0.04672	0.06813	0.01102	0.00321	0.00440	0.02003	0.00660	0.00581
11	0.01813	0.01844	0.03657	0.02677	0.03322	0.01806	0.50826	0.02603	0.11701	0.06329	0.01751	0.02087	0.01303	0.00713	0.00897	0.00247	0.04123	0.00836	0.00452	0.01013
12	0.02554	0.02455	0.01997	0.01693	0.02156	0.28993	0.01327	0.25915	0.17194	0.05732	0.01815	0.01818	0.01358	0.00851	0.00702	0.00213	0.00942	0.00622	0.00600	0.01065
13	0.01018	0.00743	0.00956	0.00903	0.01079	0.00681	0.00677	0.01350	0.02031	0.02852	0.65448	0.05533	0.10985	0.01509	0.00857	0.00230	0.00345	0.01329	0.00792	0.00681
14	0.01990	0.01400	0.01587	0.01329	0.01687	0.01499	0.01038	0.32728	0.05707	0.06668	0.12282	0.10735	0.02710	0.08589	0.04109	0.02638	0.00704	0.00965	0.00687	0.00948
15	0.01609	0.14723	0.57373	0.01910	0.02892	0.01847	0.02393	0.02335	0.01549	0.05080	0.01325	0.01517	0.00960	0.00689	0.00657	0.00218	0.01009	0.00522	0.00333	0.01059
16	0.02169	0.01339	0.01550	0.01330	0.01762	0.01397	0.01058	0.05073	0.34457	0.24790	0.06821	0.03252	0.07829	0.01079	0.00760	0.00240	0.00569	0.02640	0.00787	0.01099
17	0.01300	0.00810	0.01017	0.00926	0.01169	0.00722	0.00708	0.01598	0.01969	0.12062	0.46106	0.05377	0.20475	0.01486	0.00840	0.00232	0.00387	0.01284	0.00785	0.00746
18	0.01029	0.00743	0.00972	0.00914	0.01086	0.00686	0.00686	0.01372	0.02058	0.02915	0.69536	0.05430	0.06859	0.01486	0.00857	0.00229	0.00343	0.01315	0.00800	0.00686
19	0.01597	0.02234	0.18307	0.07845	0.03550	0.01761	0.42713	0.02210	0.01615	0.02242	0.01491	0.04561	0.01186	0.00733	0.00890	0.00247	0.04686	0.00807	0.00360	0.00964
20	0.01619	0.12127	0.57160	0.01958	0.02921	0.07566	0.02410	0.02337	0.01571	0.02189	0.01255	0.01473	0.00924	0.00687	0.00661	0.00218	0.01059	0.00514	0.00313	0.01039
21	0.00892	0.00721	0.00797	0.00839	0.01032	0.00625	0.00620	0.01081	0.01625	0.02007	0.10036	0.21095	0.48680	0.01922	0.00882	0.00260	0.00395	0.05192	0.00682	0.00616
22	0.01624	0.01622	0.02980	0.29093	0.30831	0.01712	0.17255	0.02117	0.01595	0.02175	0.01364	0.01887	0.01073	0.00668	0.00754	0.00232	0.00986	0.00696	0.00348	0.00986
23	0.01798	0.01765	0.02825	0.11633	0.59675	0.05122	0.02168	0.02224	0.01653	0.02290	0.01347	0.01790	0.01121	0.00661	0.00717	0.00217	0.00897	0.00639	0.00357	0.01100
24	0.00890	0.00650	0.00827	0.00964	0.01032	0.00599	0.00647	0.01019	0.01411	0.01848	0.04373	0.61619	0.13393	0.05742	0.01054	0.00309	0.00428	0.01946	0.00663	0.00586
25	0.00916	0.00655	0.00877	0.01034	0.01093	0.00616	0.00717	0.01071	0.01448	0.01934	0.07222	0.65140	0.04857	0.02216	0.00931	0.00295	0.00438	0.07257	0.00680	0.00602
26	0.01275	0.01137	0.01950	0.01662	0.01937	0.01121	0.18906	0.05004	0.01646	0.02230	0.08357	0.37315	0.03549	0.01620	0.00968	0.00276	0.04218	0.05488	0.00586	0.00754
27	0.01227	0.00782	0.01040	0.01011	0.01198	0.00724	0.00773	0.01531	0.01919	0.08812	0.46527	0.15499	0.05799	0.01607	0.00873	0.00250	0.00416	0.08514	0.00776	0.00720
28	0.01572	0.01572	0.02279	0.01931	0.01973	0.02148	0.04766	0.01757	0.01145	0.01775	0.01024	0.01665	0.01000	0.01429	0.05432	0.00353	0.66403	0.00653	0.00324	0.00798
29	0.01695	0.01403	0.01608	0.01166	0.01802	0.01161	0.00939	0.11637	0.01793	0.02699	0.01360	0.01543	0.01100	0.00588	0.00567	0.00124	0.00577	0.00464	0.00475	0.67300
30	0.01196	0.00859	0.01149	0.01257	0.01425	0.00858	0.01045	0.05198	0.01756	0.02322	0.09803	0.19965	0.04378	0.01945	0.00960	0.00311	0.00600	0.43599	0.00686	0.00689
31	0.00913	0.00672	0.00856	0.00951	0.01051	0.00615	0.00659	0.01095	0.01575	0.02102	0.18761	0.49288	0.14708	0.02041	0.00902	0.00273	0.00397	0.01825	0.00702	0.00615
32	0.01002	0.00738	0.00938	0.00897	0.01072	0.00673	0.00669	0.01317	0.01982	0.02757	0.59351	0.08385	0.14389	0.01561	0.00860	0.00233	0.00349	0.01372	0.00780	0.00673
33	0.00924	0.00710	0.00856	0.00955	0.01103	0.00642	0.00710	0.01110	0.01549	0.01955	0.05359	0.35101	0.31333	0.02052	0.00913	0.00282	0.00442	0.12716	0.00674	0.00614
34	0.02871	0.01299	0.01661	0.01321	0.01837	0.01224	0.01075	0.06062	0.13658	0.52501	0.06386	0.02643	0.02119	0.00945	0.00739	0.00229	0.00604	0.00775	0.00860	0.01193
35	0.01946	0.01599	0.01699	0.01493	0.01925	0.01831	0.01171	0.10196	0.60146	0.05182	0.02835	0.02609	0.02109	0.00972	0.00738	0.00243	0.00599	0.00802	0.00743	0.01162
36	0.01775	0.01702	0.02906	0.08389	0.66184	0.01721	0.02219	0.02209	0.01644	0.02345	0.01363	0.01807	0.01141	0.00652	0.00720	0.00217	0.00870	0.00648	0.00358	0.01132
37	0.04946	0.01613	0.06871	0.01434	0.02009	0.01446	0.01245	0.13754	0.13445	0.41522	0.02534	0.02291	0.01686	0.00888	0.00721	0.00228	0.00673	0.00710	0.00788	0.01198
38	0.01776	0.01207	0.01390	0.01235	0.01589	0.01266	0.00960	0.02880	0.32833	0.15073	0.19548	0.06335	0.08383	0.01205	0.00783	0.00240	0.00505	0.01025	0.00776	0.00992
39	0.01312	0.01111	0.01109	0.01009	0.01315	0.03752	0.00779	0.10379	0.09458	0.02533	0.12692	0.05417	0.43324	0.01534	0.00820	0.00238	0.00483	0.01270	0.00691	0.00774
40	0.01084	0.00770	0.00968	0.01007	0.01091	0.00781	0.00686	0.05265	0.01423	0.01927	0.06541	0.34876	0.03611	0.23782	0.12274	0.00537	0.00752	0.01449	0.00573	0.00601
41	0.44198	0.04734	0.12329	0.01631	0.02235	0.01707	0.16781	0.02173	0.01395	0.02778	0.01171	0.01448	0.00901	0.00715	0.00653	0.02544	0.00806	0.00531	0.00400	0.00867
42	0.05106	0.32487	0.10865	0.01503	0.02073	0.17920	0.01406	0.08092	0.05384	0.02254	0.05545	0.01644	0.01394	0.00756	0.00597	0.00189	0.00889	0.00529	0.00420	0.00946
43	0.01693	0.01527	0.02492	0.24535	0.39836	0.01636	0.01979	0.02261	0.06976	0.04695	0.04186	0.02079	0.01427	0.00740	0.00729	0.00227	0.00843	0.00690	0.00415	0.01033

[dist]
# distance from previous block
# <min> <max>
1	28

[block]
# block no. 8 follows, 28 sequences, length 30
# corresponding to MSA columns:
# 331-360
name=unknown_I
#
# <colnr> <probs for GDERKNQSTAVLIFYWHMCP>
#	G	D	E	R	K	N	Q	S	T	A	V	L	I	F	Y	W	H	M	C	P
0	0.05724	0.05855	0.01765	0.01339	0.01777	0.01534	0.01087	0.12493	0.14317	0.17366	0.05031	0.04912	0.01856	0.01125	0.02814	0.03129	0.05638	0.00729	0.00640	0.10872
1	0.05471	0.02073	0.05519	0.07006	0.05709	0.13163	0.27753	0.06219	0.01750	0.02321	0.01450	0.05035	0.01212	0.00794	0.00891	0.00232	0.07107	0.00739	0.00402	0.05153
2	0.01907	0.02111	0.09164	0.05982	0.11281	0.12754	0.25637	0.02367	0.01751	0.08230	0.04852	0.05343	0.01563	0.00814	0.00820	0.00232	0.02995	0.00790	0.00441	0.00965
3	0.05015	0.01289	0.01681	0.01521	0.05387	0.06305	0.09895	0.01661	0.01496	0.02101	0.04526	0.22531	0.02526	0.11398	0.01157	0.00284	0.00692	0.01079	0.00498	0.18958
4	0.01387	0.01253	0.04126	0.01326	0.01769	0.01040	0.07296	0.05830	0.01678	0.02415	0.09309	0.18193	0.02677	0.01303	0.03406	0.00236	0.00653	0.03753	0.00540	0.31811
5	0.01116	0.00884	0.01245	0.01198	0.01291	0.01057	0.00917	0.01315	0.01159	0.01660	0.02056	0.03141	0.04299	0.16340	0.47374	0.00931	0.12152	0.00832	0.00398	0.00634
6	0.01373	0.01292	0.02180	0.72707	0.05006	0.01615	0.02019	0.01857	0.01453	0.01857	0.01292	0.01938	0.00969	0.00727	0.00727	0.00242	0.00969	0.00646	0.00323	0.00807
7	0.01483	0.07491	0.67180	0.02028	0.03079	0.01750	0.02610	0.02295	0.01532	0.02271	0.01289	0.01515	0.00921	0.00687	0.00679	0.00226	0.01059	0.00529	0.00307	0.01067
8	0.01043	0.00760	0.01074	0.01074	0.01171	0.00857	0.00791	0.01237	0.01140	0.01617	0.02034	0.03335	0.02025	0.22832	0.54477	0.01051	0.01634	0.00849	0.00402	0.00596
9	0.01171	0.00837	0.01171	0.01339	0.01506	0.00837	0.01171	0.01506	0.01673	0.02175	0.03849	0.08199	0.04183	0.02008	0.01004	0.00335	0.00669	0.65027	0.00669	0.00669
10	0.01573	0.01331	0.01542	0.01108	0.01750	0.01036	0.00888	0.05239	0.01606	0.02483	0.01316	0.01520	0.01085	0.00556	0.00548	0.00113	0.00552	0.00442	0.00446	0.74867
11	0.02549	0.01822	0.01996	0.01550	0.02097	0.01950	0.01266	0.53109	0.03024	0.08193	0.01938	0.06990	0.01515	0.00947	0.00726	0.00215	0.00739	0.00742	0.00708	0.07925
12	0.01648	0.01023	0.01237	0.01076	0.01386	0.00983	0.00839	0.10169	0.04846	0.15066	0.33358	0.07235	0.15434	0.01372	0.00816	0.00233	0.00467	0.01172	0.00781	0.00858
13	0.01263	0.00631	0.00947	0.00947	0.00947	0.00631	0.00631	0.00947	0.00947	0.01263	0.01263	0.02210	0.01263	0.02525	0.02841	0.78851	0.00631	0.00631	0.00316	0.00316
14	0.01716	0.01961	0.04289	0.03064	0.03799	0.01838	0.67279	0.02328	0.01716	0.02328	0.01471	0.01961	0.01103	0.00613	0.00858	0.00245	0.01225	0.00858	0.00368	0.00980
15	0.02801	0.01935	0.02069	0.01608	0.02171	0.04695	0.01319	0.51391	0.06138	0.15418	0.01965	0.01895	0.01364	0.00878	0.00726	0.00219	0.00779	0.00668	0.00743	0.01217
16	0.01057	0.00705	0.00793	0.00793	0.00793	0.00705	0.00440	0.01057	0.01057	0.01409	0.02290	0.04757	0.02643	0.74454	0.03700	0.00705	0.00705	0.01057	0.00440	0.00440
17	0.01020	0.00743	0.00960	0.00906	0.01081	0.00682	0.00679	0.01356	0.02038	0.02868	0.66490	0.05507	0.09934	0.01503	0.00857	0.00229	0.00344	0.01325	0.00794	0.00682
18	0.01988	0.01651	0.01745	0.01516	0.01959	0.01892	0.01194	0.15861	0.56315	0.03331	0.02730	0.02530	0.02034	0.00965	0.00737	0.00241	0.00618	0.00790	0.00737	0.01167
19	0.01523	0.01499	0.02095	0.01823	0.01827	0.02071	0.01503	0.01679	0.01140	0.01759	0.01245	0.08483	0.01321	0.01368	0.02247	0.00316	0.66201	0.00772	0.00352	0.00776
20	0.01473	0.01395	0.02362	0.56594	0.20333	0.01641	0.02069	0.01945	0.01501	0.01979	0.01310	0.01905	0.01012	0.00708	0.00725	0.00236	0.00944	0.00646	0.00332	0.00889
21	0.00881	0.00737	0.00767	0.00760	0.00995	0.00623	0.00570	0.01086	0.01709	0.02088	0.15496	0.06791	0.61414	0.01795	0.00859	0.00243	0.00365	0.01505	0.00691	0.00623
22	0.00996	0.00731	0.00894	0.00985	0.01087	0.00693	0.00675	0.04624	0.01520	0.01987	0.04311	0.53679	0.15209	0.07619	0.01116	0.00314	0.00455	0.01825	0.00660	0.00618
23	0.00978	0.00735	0.00892	0.00863	0.01041	0.00663	0.00636	0.01250	0.01867	0.02530	0.46144	0.08639	0.23894	0.05444	0.01010	0.00261	0.00372	0.01393	0.00742	0.00649
