[name]
unknown

[dist]
# distance from previous block
# <min> <max>
0	9

[block]
# block no. 0 follows, 29 sequences, length 7
# corresponding to MSA columns:
# 9-15
name=unknown_A
#
# <colnr> <probs for GDERKNQSTAVLIFYWHMCP>
#	G	D	E	R	K	N	Q	S	T	A	V	L	I	F	Y	W	H	M	C	P
0	0.02238	0.01441	0.01641	0.01342	0.01805	0.04032	0.01083	0.17294	0.11648	0.21087	0.02207	0.02505	0.01691	0.01195	0.04070	0.04691	0.00716	0.05268	0.00659	0.13386
1	0.01051	0.00747	0.00907	0.00943	0.01058	0.00720	0.00653	0.05288	0.01588	0.02157	0.15970	0.37305	0.10469	0.12800	0.01266	0.00323	0.00455	0.01545	0.04134	0.00619
2	0.01471	0.05216	0.01400	0.01139	0.01328	0.01279	0.00880	0.12587	0.01558	0.02242	0.01867	0.02822	0.01750	0.20575	0.18417	0.00552	0.09365	0.00756	0.14078	0.00718
3	0.01273	0.00957	0.01142	0.04303	0.01438	0.00874	0.00774	0.01685	0.06874	0.02343	0.11621	0.14663	0.02768	0.05685	0.00846	0.00217	0.00478	0.00931	0.15132	0.25995
4	0.05172	0.01331	0.01635	0.11760	0.02214	0.01258	0.01124	0.09941	0.04757	0.10291	0.01730	0.02176	0.01391	0.00760	0.00635	0.00177	0.00640	0.05163	0.00523	0.37320
5	0.02251	0.01647	0.01665	0.01324	0.01846	0.11009	0.01055	0.11626	0.09403	0.20245	0.02162	0.02111	0.04651	0.00800	0.00654	0.00182	0.00683	0.00626	0.00617	0.25442
6	0.17954	0.01096	0.01260	0.01088	0.01442	0.01080	0.03591	0.04898	0.04785	0.11708	0.11094	0.11693	0.14836	0.03887	0.00816	0.00243	0.00524	0.01007	0.00626	0.06373

[dist]
# distance from previous block
# <min> <max>
11	28

[block]
# block no. 1 follows, 29 sequences, length 12
# corresponding to MSA columns:
# 46-57
name=unknown_B
#
# <colnr> <probs for GDERKNQSTAVLIFYWHMCP>
#	G	D	E	R	K	N	Q	S	T	A	V	L	I	F	Y	W	H	M	C	P
0	0.07405	0.08359	0.01603	0.01240	0.01513	0.09699	0.00964	0.09288	0.05064	0.06072	0.06575	0.09857	0.02188	0.14263	0.04437	0.00346	0.06566	0.00847	0.02925	0.00788
1	0.01955	0.02022	0.08930	0.18848	0.04782	0.10597	0.12078	0.12509	0.01850	0.07353	0.01411	0.01747	0.01064	0.00799	0.00941	0.00234	0.10861	0.00640	0.00431	0.00949
2	0.09052	0.01684	0.02395	0.15604	0.41674	0.07438	0.01869	0.02187	0.03768	0.02283	0.01434	0.02001	0.01214	0.00729	0.00689	0.00221	0.00855	0.03533	0.00381	0.00990
3	0.01601	0.01521	0.01894	0.20868	0.15977	0.09968	0.01479	0.06649	0.01684	0.02164	0.02035	0.11090	0.04697	0.02841	0.00800	0.00233	0.00802	0.04450	0.00447	0.08797
4	0.01058	0.00747	0.00880	0.00872	0.00964	0.00726	0.00575	0.04024	0.01471	0.01981	0.18882	0.16188	0.09782	0.36274	0.02159	0.00456	0.00537	0.01279	0.00584	0.00561
5	0.01953	0.01558	0.01900	0.04528	0.02070	0.01732	0.03280	0.19455	0.17712	0.06877	0.01908	0.05000	0.01526	0.00947	0.00994	0.00227	0.13932	0.00711	0.00578	0.13112
6	0.04794	0.00791	0.00874	0.00831	0.01000	0.00836	0.00640	0.01579	0.01556	0.02586	0.15717	0.03296	0.07305	0.01047	0.00747	0.00198	0.06784	0.00826	0.47916	0.00676
7	0.01656	0.01301	0.01664	0.13843	0.08194	0.01412	0.01242	0.19427	0.08314	0.02759	0.02349	0.21855	0.02248	0.01186	0.00745	0.00234	0.00653	0.01028	0.06259	0.03631
8	0.02305	0.01353	0.01504	0.01267	0.01697	0.08223	0.01021	0.02747	0.08239	0.33984	0.10312	0.03341	0.04849	0.01059	0.00740	0.00221	0.00630	0.07897	0.00731	0.07880
9	0.02092	0.01325	0.01526	0.01290	0.01717	0.01369	0.01006	0.03225	0.35987	0.22989	0.02652	0.02679	0.01988	0.08397	0.00997	0.00268	0.00586	0.00766	0.00713	0.08427
10	0.01626	0.01267	0.01586	0.01329	0.01683	0.01307	0.05809	0.22428	0.06828	0.03151	0.25927	0.06068	0.11076	0.01268	0.00804	0.00234	0.00580	0.05446	0.00701	0.00880
11	0.01988	0.01011	0.01362	0.06380	0.01726	0.00967	0.00982	0.02366	0.06204	0.30931	0.12387	0.14683	0.03149	0.05335	0.00948	0.00270	0.00569	0.07097	0.00736	0.00906

[dist]
# distance from previous block
# <min> <max>
1	15

[block]
# block no. 2 follows, 29 sequences, length 39
# corresponding to MSA columns:
# 73-111
name=unknown_C
#
# <colnr> <probs for GDERKNQSTAVLIFYWHMCP>
#	G	D	E	R	K	N	Q	S	T	A	V	L	I	F	Y	W	H	M	C	P
0	0.01395	0.01364	0.02499	0.18272	0.05049	0.01373	0.25380	0.01915	0.04773	0.02263	0.13810	0.10305	0.02482	0.00965	0.00793	0.00234	0.00832	0.00970	0.00477	0.04849
1	0.01888	0.23204	0.02093	0.01307	0.05337	0.01553	0.01037	0.02329	0.08197	0.18442	0.18025	0.03081	0.08661	0.01007	0.00679	0.00204	0.00578	0.00820	0.00624	0.00933
2	0.02063	0.01483	0.01599	0.01335	0.01741	0.07519	0.01063	0.18184	0.08703	0.14879	0.10641	0.02526	0.02165	0.01726	0.13760	0.00377	0.00900	0.00739	0.00636	0.07960
3	0.01590	0.16028	0.52313	0.01837	0.02752	0.01890	0.02239	0.05381	0.05414	0.02298	0.01339	0.01515	0.00990	0.00689	0.00642	0.00213	0.00961	0.00522	0.00344	0.01040
4	0.01370	0.01154	0.01162	0.01113	0.01273	0.08877	0.00792	0.07968	0.04406	0.02118	0.11773	0.18300	0.03163	0.22654	0.10247	0.00476	0.00802	0.01130	0.00554	0.00669
5	0.06066	0.18623	0.43812	0.01690	0.02527	0.01848	0.02010	0.04867	0.01595	0.04608	0.05078	0.01656	0.01260	0.00718	0.00628	0.00209	0.00896	0.00540	0.00372	0.00997
6	0.00931	0.00691	0.00875	0.00983	0.01075	0.00657	0.00678	0.01189	0.05178	0.02013	0.11988	0.56813	0.10199	0.02035	0.00885	0.00275	0.00408	0.01827	0.00679	0.00621
7	0.01428	0.03683	0.71286	0.02030	0.03082	0.01654	0.02631	0.02255	0.01503	0.02255	0.01278	0.01503	0.00902	0.00677	0.00677	0.00226	0.01052	0.00526	0.00301	0.01052
8	0.02347	0.02470	0.03904	0.01856	0.05625	0.30642	0.01421	0.21101	0.09732	0.02690	0.01494	0.01653	0.01174	0.00957	0.02723	0.00238	0.07911	0.00583	0.00496	0.00980
9	0.01639	0.01677	0.05529	0.21558	0.47654	0.01669	0.05720	0.02101	0.01570	0.02193	0.01324	0.01795	0.01071	0.00654	0.00713	0.00220	0.00900	0.00641	0.00342	0.01031
10	0.01762	0.01692	0.02890	0.04371	0.70533	0.01692	0.02185	0.02185	0.01621	0.02326	0.01339	0.01762	0.01128	0.00634	0.00705	0.00211	0.00846	0.00634	0.00352	0.01128
11	0.01476	0.01450	0.01895	0.01674	0.01729	0.05796	0.01369	0.01660	0.01157	0.01699	0.01204	0.01873	0.01159	0.02309	0.20863	0.00526	0.50432	0.00651	0.00333	0.00743
12	0.01789	0.37527	0.22678	0.01527	0.02180	0.12433	0.01605	0.02178	0.01532	0.01860	0.01289	0.05604	0.01160	0.00889	0.02805	0.00217	0.00937	0.00542	0.00336	0.00913
13	0.00875	0.00625	0.00833	0.00987	0.01034	0.00583	0.00662	0.01009	0.01397	0.01871	0.07311	0.70973	0.04812	0.02191	0.00905	0.00286	0.00409	0.01987	0.00667	0.00583
14	0.00868	0.00620	0.00826	0.00991	0.01033	0.00578	0.00661	0.00991	0.01363	0.01818	0.03925	0.74510	0.04710	0.02231	0.00909	0.00289	0.00413	0.02024	0.00661	0.00578
15	0.03928	0.01635	0.02008	0.29132	0.13318	0.10218	0.01604	0.06087	0.13862	0.02344	0.05537	0.04001	0.01627	0.00837	0.00709	0.00226	0.00836	0.00710	0.00463	0.00917
16	0.02651	0.01220	0.01533	0.01217	0.01707	0.01123	0.00992	0.09372	0.05917	0.48455	0.03485	0.03149	0.13825	0.01046	0.00738	0.00224	0.00578	0.00853	0.00817	0.01099
17	0.00965	0.00760	0.00876	0.00849	0.01055	0.00690	0.00635	0.01305	0.05098	0.02404	0.36145	0.08589	0.34807	0.01618	0.00838	0.00235	0.00361	0.01389	0.00721	0.00659
18	0.01673	0.01896	0.04097	0.02926	0.03643	0.01768	0.65361	0.02262	0.01673	0.02282	0.01434	0.01904	0.01079	0.00597	0.00828	0.00235	0.01175	0.00824	0.00363	0.03981
19	0.06266	0.58846	0.15207	0.01342	0.02018	0.02548	0.01436	0.02151	0.01443	0.01862	0.01040	0.01205	0.00904	0.00624	0.00494	0.00169	0.00800	0.00406	0.00312	0.00930
20	0.01771	0.01530	0.01610	0.01449	0.01852	0.01771	0.01127	0.03784	0.69247	0.02979	0.02898	0.02657	0.02174	0.00966	0.00725	0.00242	0.00564	0.00805	0.00725	0.01127
21	0.01679	0.01976	0.07164	0.03117	0.11539	0.01781	0.57190	0.02268	0.01665	0.02285	0.01421	0.01883	0.01078	0.00608	0.00817	0.00236	0.01152	0.00802	0.00356	0.00984
22	0.01345	0.01266	0.02136	0.73264	0.04904	0.01582	0.01978	0.01819	0.01424	0.01819	0.01266	0.01898	0.00949	0.00712	0.00712	0.00237	0.00949	0.00633	0.00316	0.00791
23	0.80005	0.01377	0.01047	0.00936	0.01377	0.01597	0.00771	0.02093	0.01212	0.03195	0.00991	0.01157	0.00771	0.00661	0.00441	0.00220	0.00551	0.00386	0.00441	0.00771
24	0.00912	0.00699	0.01013	0.01091	0.01182	0.00649	0.04484	0.01067	0.01396	0.01850	0.03963	0.66676	0.08090	0.02115	0.00901	0.00284	0.00455	0.01928	0.00644	0.00601
25	0.01449	0.01139	0.01286	0.01260	0.04578	0.05054	0.00905	0.05583	0.12906	0.06438	0.34185	0.10990	0.08687	0.01331	0.00797	0.00231	0.00499	0.01151	0.00712	0.00821
26	0.02328	0.01405	0.01627	0.01378	0.01838	0.01487	0.01096	0.03661	0.42938	0.29616	0.02863	0.02565	0.02013	0.00933	0.00721	0.00233	0.00580	0.00770	0.00786	0.01160
27	0.01942	0.01695	0.01701	0.01495	0.01917	0.05830	0.01170	0.11974	0.56982	0.03102	0.02644	0.02457	0.01979	0.00939	0.00718	0.00235	0.00633	0.00764	0.00703	0.01121
28	0.02682	0.06708	0.01854	0.01288	0.01863	0.01362	0.01074	0.14548	0.02120	0.40893	0.02184	0.02021	0.01466	0.00788	0.00660	0.00192	0.00633	0.00622	0.00721	0.16321
29	0.01890	0.63029	0.03383	0.01278	0.01814	0.07851	0.01213	0.02107	0.01471	0.01690	0.01157	0.05185	0.01123	0.00732	0.00569	0.00168	0.03642	0.00486	0.00329	0.00884
30	0.01681	0.01921	0.04202	0.03001	0.03721	0.01801	0.67947	0.02281	0.01681	0.02281	0.01441	0.01921	0.01080	0.00600	0.00840	0.00240	0.01200	0.00840	0.00360	0.00960
31	0.01345	0.01266	0.02136	0.73264	0.04904	0.01582	0.01978	0.01819	0.01424	0.01819	0.01266	0.01898	0.00949	0.00712	0.00712	0.00237	0.00949	0.00633	0.00316	0.00791
32	0.02561	0.01854	0.01982	0.01536	0.02063	0.02045	0.01263	0.61147	0.03152	0.04294	0.01774	0.01809	0.01276	0.00852	0.00690	0.00209	0.00736	0.00643	0.08960	0.01153
33	0.01490	0.01288	0.04065	0.01093	0.01403	0.06036	0.00874	0.12202	0.06271	0.04418	0.10909	0.07641	0.23966	0.07625	0.01003	0.00264	0.00567	0.01080	0.07024	0.00780
34	0.00842	0.00721	0.00721	0.00721	0.00962	0.00601	0.00541	0.01022	0.01623	0.01924	0.07213	0.06853	0.70244	0.01803	0.00842	0.00240	0.00361	0.01503	0.00661	0.00601
35	0.01428	0.03683	0.71286	0.02030	0.03082	0.01654	0.02631	0.02255	0.01503	0.02255	0.01278	0.01503	0.00902	0.00677	0.00677	0.00226	0.01052	0.00526	0.00301	0.01052
36	0.01539	0.07229	0.64432	0.01951	0.02956	0.01684	0.02481	0.02308	0.01527	0.05584	0.01338	0.01530	0.00945	0.00683	0.00667	0.00222	0.01016	0.00528	0.00329	0.01053
37	0.03090	0.01225	0.01645	0.01268	0.01805	0.01080	0.01045	0.06061	0.02091	0.65646	0.05364	0.02506	0.01931	0.00902	0.00721	0.00220	0.00603	0.00735	0.00871	0.01191
38	0.00920	0.00657	0.00886	0.01051	0.01115	0.00623	0.00752	0.01082	0.01415	0.01876	0.03896	0.62086	0.04595	0.02182	0.00923	0.00296	0.00458	0.13932	0.00660	0.00593

[dist]
# distance from previous block
# <min> <max>
0	1

[block]
# block no. 3 follows, 29 sequences, length 57
# corresponding to MSA columns:
# 113-169
name=unknown_D
#
# <colnr> <probs for GDERKNQSTAVLIFYWHMCP>
#	G	D	E	R	K	N	Q	S	T	A	V	L	I	F	Y	W	H	M	C	P
0	0.01069	0.05841	0.01142	0.00918	0.01116	0.00819	0.00709	0.01398	0.01977	0.02775	0.65422	0.05033	0.06321	0.01398	0.00814	0.00219	0.00365	0.01226	0.00751	0.00688
1	0.04732	0.01944	0.04365	0.01467	0.01871	0.16851	0.01182	0.20011	0.16675	0.02993	0.12972	0.07359	0.02453	0.01030	0.00723	0.00221	0.00750	0.00822	0.00623	0.00958
2	0.00998	0.00905	0.05729	0.00988	0.01191	0.00715	0.00798	0.01312	0.01815	0.02539	0.47727	0.20933	0.08464	0.01594	0.00845	0.00240	0.00404	0.01413	0.00718	0.00674
3	0.01516	0.03568	0.66551	0.02003	0.03022	0.01692	0.02543	0.06767	0.01630	0.02408	0.01307	0.01517	0.00923	0.00689	0.00679	0.00225	0.01034	0.00534	0.00329	0.01063
4	0.49591	0.01493	0.05870	0.01085	0.01561	0.01495	0.00953	0.08801	0.01568	0.10722	0.01435	0.01546	0.01053	0.00725	0.00521	0.00214	0.00589	0.00489	0.09420	0.00870
5	0.01121	0.00839	0.01176	0.11346	0.01652	0.00944	0.00904	0.03369	0.01253	0.01739	0.02074	0.08766	0.02095	0.23061	0.32995	0.00761	0.01232	0.00910	0.03147	0.00617
6	0.05450	0.22633	0.02316	0.01506	0.01926	0.39918	0.01220	0.04578	0.01848	0.01990	0.05869	0.01592	0.01358	0.00754	0.00593	0.00179	0.00987	0.00506	0.03934	0.00842
7	0.13420	0.06277	0.01658	0.01499	0.08138	0.01299	0.01117	0.05345	0.04388	0.23528	0.04753	0.05929	0.05007	0.01122	0.00725	0.00240	0.00622	0.13338	0.00650	0.00944
8	0.68679	0.01502	0.01161	0.01024	0.01468	0.06382	0.00834	0.02253	0.01332	0.08421	0.01142	0.01265	0.00859	0.00683	0.00476	0.00218	0.00605	0.00417	0.00470	0.00809
9	0.01763	0.04985	0.26451	0.01976	0.13176	0.01369	0.01721	0.04003	0.01693	0.15601	0.07366	0.12677	0.02126	0.01000	0.00728	0.00228	0.00764	0.00856	0.00523	0.00995
10	0.01617	0.01790	0.16772	0.01287	0.02004	0.01112	0.01253	0.02041	0.01532	0.08329	0.01404	0.01565	0.01083	0.00591	0.00577	0.00142	0.00649	0.00470	0.00436	0.55346
11	0.00846	0.00704	0.00739	0.00768	0.00974	0.00597	0.00562	0.01017	0.01578	0.01905	0.06646	0.18529	0.58935	0.01877	0.00853	0.00249	0.00370	0.01593	0.00661	0.00597
12	0.01960	0.70035	0.03604	0.01264	0.01855	0.07984	0.01230	0.02185	0.01489	0.01680	0.00998	0.01153	0.00914	0.00618	0.00471	0.00155	0.00800	0.00387	0.00309	0.00907
13	0.00903	0.00652	0.00865	0.01012	0.01079	0.00604	0.00695	0.01045	0.01383	0.01852	0.03831	0.68369	0.04559	0.02162	0.00901	0.00286	0.00431	0.05642	0.00653	0.03078
14	0.04346	0.09427	0.06376	0.01206	0.01610	0.01314	0.01059	0.12587	0.02087	0.12365	0.31244	0.03639	0.03755	0.01137	0.00744	0.00220	0.00567	0.04748	0.00681	0.00889
15	0.01647	0.01550	0.02612	0.03897	0.60920	0.01543	0.01975	0.02041	0.01625	0.02318	0.05660	0.07687	0.01744	0.00809	0.00729	0.00218	0.00781	0.00783	0.00403	0.01057
16	0.00868	0.00620	0.00826	0.00991	0.01033	0.00578	0.00661	0.00991	0.01363	0.01818	0.03925	0.74510	0.04710	0.02231	0.00909	0.00289	0.00413	0.02024	0.00661	0.00578
17	0.01963	0.69750	0.03597	0.01267	0.01857	0.08258	0.01231	0.02188	0.01492	0.01681	0.00999	0.01153	0.00914	0.00619	0.00471	0.00155	0.00803	0.00387	0.00309	0.00907
18	0.80005	0.01377	0.01047	0.00936	0.01377	0.01597	0.00771	0.02093	0.01212	0.03195	0.00991	0.01157	0.00771	0.00661	0.00441	0.00220	0.00551	0.00386	0.00441	0.00771
19	0.01841	0.01676	0.01642	0.01479	0.01879	0.07294	0.01147	0.03710	0.63968	0.02882	0.02757	0.02549	0.02075	0.00948	0.00718	0.00237	0.00620	0.00778	0.00696	0.01103
20	0.01237	0.00618	0.00928	0.00928	0.00928	0.00618	0.00618	0.00928	0.00928	0.01237	0.01237	0.02165	0.01237	0.02474	0.02783	0.79283	0.00618	0.00618	0.00309	0.00309
21	0.01345	0.01266	0.02136	0.73264	0.04904	0.01582	0.01978	0.01819	0.01424	0.01819	0.01266	0.01898	0.00949	0.00712	0.00712	0.00237	0.00949	0.00633	0.00316	0.00791
22	0.00868	0.00620	0.00826	0.00991	0.01033	0.00578	0.00661	0.00991	0.01363	0.01818	0.03925	0.74510	0.04710	0.02231	0.00909	0.00289	0.00413	0.02024	0.00661	0.00578
23	0.01681	0.01921	0.04202	0.03001	0.03721	0.01801	0.67947	0.02281	0.01681	0.02281	0.01441	0.01921	0.01080	0.00600	0.00840	0.00240	0.01200	0.00840	0.00360	0.00960
24	0.01017	0.00763	0.01144	0.01144	0.01272	0.00890	0.00890	0.01272	0.01144	0.01653	0.01907	0.02797	0.01780	0.05340	0.72153	0.01144	0.01907	0.00763	0.00381	0.00636
25	0.01771	0.01530	0.01610	0.01449	0.01852	0.01771	0.01127	0.03784	0.69247	0.02979	0.02898	0.02657	0.02174	0.00966	0.00725	0.00242	0.00564	0.00805	0.00725	0.01127
26	0.02707	0.01995	0.02137	0.01638	0.02208	0.02208	0.01353	0.68159	0.03348	0.04488	0.01710	0.01710	0.01211	0.00855	0.00712	0.00214	0.00784	0.00641	0.00712	0.01211
27	0.03195	0.01212	0.01652	0.01267	0.01818	0.01047	0.01047	0.03470	0.02038	0.71026	0.02809	0.02424	0.01763	0.00881	0.00716	0.00220	0.00606	0.00716	0.00881	0.01212
28	0.01728	0.01410	0.01635	0.04439	0.01930	0.01249	0.01004	0.16617	0.01890	0.02768	0.01443	0.03690	0.01192	0.00659	0.00588	0.00141	0.00600	0.00527	0.00489	0.56002
29	0.01904	0.75404	0.03731	0.01218	0.01828	0.02818	0.01218	0.02132	0.01447	0.01675	0.00990	0.01142	0.00914	0.00609	0.00457	0.00152	0.00761	0.00381	0.00305	0.00914
30	0.01008	0.00728	0.00952	0.00896	0.01064	0.00672	0.00672	0.01344	0.02016	0.02855	0.70158	0.05319	0.06719	0.01456	0.00840	0.00224	0.00336	0.01288	0.00784	0.00672
31	0.00909	0.00652	0.00863	0.00963	0.01042	0.00606	0.00664	0.01095	0.01555	0.02123	0.23416	0.54148	0.05301	0.02003	0.00889	0.00270	0.00390	0.01808	0.00697	0.00606
32	0.00926	0.00725	0.00838	0.00810	0.01013	0.00637	0.00607	0.01185	0.01821	0.02395	0.39027	0.06078	0.38137	0.01628	0.00841	0.00232	0.00348	0.01394	0.00723	0.00637
33	0.00868	0.00620	0.00826	0.00991	0.01033	0.00578	0.00661	0.00991	0.01363	0.01818	0.03925	0.74510	0.04710	0.02231	0.00909	0.00289	0.00413	0.02024	0.00661	0.00578
34	0.00953	0.00656	0.00801	0.00882	0.00902	0.00636	0.00544	0.01014	0.01196	0.01594	0.03064	0.38767	0.03624	0.39455	0.02298	0.00494	0.00555	0.01518	0.00544	0.00503
35	0.01503	0.10813	0.57294	0.02050	0.03022	0.01788	0.09400	0.02245	0.01516	0.02199	0.01266	0.01511	0.00922	0.00662	0.00671	0.00220	0.01038	0.00545	0.00307	0.01028
36	0.02881	0.01548	0.01843	0.01427	0.01966	0.01561	0.01172	0.33051	0.02613	0.37813	0.02348	0.04895	0.01624	0.00922	0.00722	0.00220	0.00680	0.00732	0.00795	0.01187
37	0.03127	0.01320	0.01720	0.01318	0.01872	0.01208	0.01089	0.12440	0.02220	0.61800	0.02657	0.02325	0.01686	0.00878	0.00716	0.00219	0.00631	0.00706	0.00858	0.01212
38	0.02906	0.01616	0.04205	0.01408	0.01948	0.06879	0.01180	0.17047	0.02273	0.46611	0.02426	0.04659	0.01651	0.00904	0.00715	0.00219	0.00706	0.00719	0.00777	0.01154
39	0.01423	0.01320	0.02081	0.60152	0.06610	0.01614	0.01856	0.02128	0.11666	0.02011	0.01514	0.02008	0.01140	0.00748	0.00714	0.00237	0.00888	0.00659	0.00379	0.00853
40	0.00897	0.00635	0.00828	0.00960	0.01004	0.00598	0.00634	0.01019	0.01366	0.01831	0.07933	0.61755	0.04584	0.10885	0.01229	0.00333	0.00441	0.01859	0.00641	0.00567
41	0.01561	0.01315	0.01522	0.01095	0.01723	0.01035	0.00879	0.06333	0.01605	0.02469	0.01296	0.01493	0.01065	0.00550	0.00540	0.00113	0.00545	0.00437	0.00442	0.73984
42	0.01022	0.00691	0.00782	0.00784	0.00801	0.00683	0.00450	0.01044	0.01102	0.01465	0.04773	0.06743	0.05559	0.67458	0.03340	0.00645	0.00657	0.01091	0.00459	0.00451
43	0.01024	0.00685	0.00780	0.00792	0.00795	0.00682	0.00448	0.01032	0.01059	0.01411	0.02362	0.09563	0.02738	0.69869	0.03434	0.00662	0.00671	0.01105	0.00448	0.00442
44	0.01674	0.01982	0.06799	0.03010	0.06017	0.01791	0.63089	0.02277	0.01672	0.02281	0.01431	0.01899	0.01075	0.00604	0.00829	0.00239	0.01182	0.00821	0.00358	0.00970
45	0.00997	0.00727	0.00936	0.00884	0.01057	0.00667	0.00663	0.01322	0.01989	0.02793	0.65906	0.05423	0.11010	0.01479	0.00840	0.00225	0.00338	0.01302	0.00776	0.00667
46	0.80005	0.01377	0.01047	0.00936	0.01377	0.01597	0.00771	0.02093	0.01212	0.03195	0.00991	0.01157	0.00771	0.00661	0.00441	0.00220	0.00551	0.00386	0.00441	0.00771
47	0.01681	0.01921	0.04202	0.03001	0.03721	0.01801	0.67947	0.02281	0.01681	0.02281	0.01441	0.01921	0.01080	0.00600	0.00840	0.00240	0.01200	0.00840	0.00360	0.00960
48	0.00857	0.00722	0.00743	0.00737	0.00971	0.00608	0.00553	0.01052	0.01659	0.02010	0.13039	0.06711	0.64365	0.01771	0.00841	0.00239	0.00358	0.01483	0.00673	0.00608
49	0.01033	0.00699	0.00818	0.00818	0.00833	0.00713	0.00483	0.01062	0.01048	0.01412	0.02205	0.04449	0.02497	0.67084	0.11390	0.00742	0.00828	0.01005	0.00426	0.00455
50	0.01681	0.01921	0.04202	0.03001	0.03721	0.01801	0.67947	0.02281	0.01681	0.02281	0.01441	0.01921	0.01080	0.00600	0.00840	0.00240	0.01200	0.00840	0.00360	0.00960
51	0.01837	0.01716	0.02831	0.04156	0.65169	0.01732	0.02120	0.07365	0.01757	0.02496	0.01368	0.01758	0.01134	0.00652	0.00706	0.00212	0.00841	0.00635	0.00381	0.01134
52	0.01036	0.00690	0.00777	0.00777	0.00777	0.00690	0.00431	0.01036	0.01036	0.01381	0.02244	0.04660	0.02589	0.74975	0.03624	0.00690	0.00690	0.01036	0.00431	0.00431
53	0.01503	0.06609	0.65395	0.01988	0.02991	0.04878	0.02516	0.02277	0.01524	0.02208	0.01258	0.01479	0.00903	0.00676	0.00666	0.00221	0.01051	0.00517	0.00304	0.01036
54	0.01327	0.00664	0.00664	0.00664	0.00830	0.00664	0.00498	0.01659	0.01493	0.02655	0.02323	0.02655	0.01825	0.00830	0.00498	0.00166	0.00332	0.00664	0.78928	0.00664
55	0.01489	0.01484	0.02745	0.38966	0.17035	0.01613	0.18679	0.01969	0.01524	0.02034	0.01444	0.05151	0.01186	0.00737	0.00752	0.00235	0.00969	0.00748	0.00350	0.00889
56	0.09971	0.45697	0.02917	0.01323	0.01867	0.14129	0.01195	0.06341	0.01680	0.07453	0.01195	0.01302	0.00985	0.00671	0.00522	0.00173	0.00817	0.00436	0.00399	0.00926

[dist]
# distance from previous block
# <min> <max>
0	2

[block]
# block no. 4 follows, 29 sequences, length 20
# corresponding to MSA columns:
# 172-191
name=unknown_E
#
# <colnr> <probs for GDERKNQSTAVLIFYWHMCP>
#	G	D	E	R	K	N	Q	S	T	A	V	L	I	F	Y	W	H	M	C	P
0	0.01645	0.02213	0.18140	0.17755	0.08710	0.04636	0.29072	0.05037	0.01669	0.02253	0.01358	0.01778	0.01016	0.00660	0.00753	0.00231	0.01073	0.00688	0.00353	0.00962
1	0.02390	0.04720	0.01992	0.01509	0.01996	0.01994	0.01226	0.53473	0.05694	0.03910	0.01924	0.07112	0.01583	0.06035	0.00917	0.00250	0.00741	0.00763	0.00674	0.01097
2	0.04837	0.27880	0.02688	0.16186	0.08039	0.19162	0.01483	0.08168	0.01757	0.02079	0.01165	0.01430	0.00960	0.00686	0.00595	0.00190	0.00927	0.00494	0.00367	0.00906
3	0.68410	0.01550	0.06619	0.06029	0.01755	0.01601	0.01000	0.02087	0.01249	0.03026	0.01033	0.01235	0.00794	0.00666	0.00478	0.00222	0.00618	0.00414	0.00421	0.00795
4	0.80005	0.01377	0.01047	0.00936	0.01377	0.01597	0.00771	0.02093	0.01212	0.03195	0.00991	0.01157	0.00771	0.00661	0.00441	0.00220	0.00551	0.00386	0.00441	0.00771
5	0.01080	0.00744	0.00914	0.00898	0.01093	0.00675	0.00668	0.01313	0.01690	0.07090	0.25607	0.17471	0.28281	0.02002	0.06880	0.00319	0.00510	0.01407	0.00692	0.00666
6	0.00918	0.00724	0.00828	0.00802	0.01009	0.00634	0.00601	0.01170	0.01804	0.02353	0.36207	0.06146	0.40983	0.01643	0.00841	0.00233	0.00349	0.01404	0.00718	0.00634
7	0.01330	0.01197	0.01977	0.64487	0.04429	0.01480	0.01815	0.01784	0.01418	0.01879	0.01376	0.01996	0.01053	0.00913	0.03659	0.00269	0.00940	0.00641	0.06582	0.00774
8	0.02660	0.03394	0.02018	0.01834	0.02201	0.72116	0.01376	0.02843	0.02018	0.01743	0.01101	0.01284	0.00917	0.00734	0.00642	0.00183	0.01284	0.00459	0.00367	0.00825
9	0.00984	0.00727	0.00919	0.00871	0.01049	0.00662	0.00654	0.01299	0.01961	0.02725	0.61323	0.05534	0.15635	0.01505	0.00840	0.00226	0.00339	0.01318	0.00767	0.00662
10	0.00967	0.00726	0.00895	0.00853	0.01039	0.00655	0.00640	0.01265	0.01919	0.02627	0.54743	0.05695	0.22276	0.01541	0.00840	0.00228	0.00342	0.01340	0.00754	0.00655
11	0.01525	0.01534	0.02854	0.39537	0.18714	0.01664	0.19764	0.02022	0.01535	0.02053	0.01329	0.01875	0.01023	0.00665	0.00745	0.00232	0.00995	0.00689	0.00336	0.00909
12	0.01237	0.00618	0.00928	0.00928	0.00928	0.00618	0.00618	0.00928	0.00928	0.01237	0.01237	0.02165	0.01237	0.02474	0.02783	0.79283	0.00618	0.00618	0.00309	0.00309
13	0.02707	0.01995	0.02137	0.01638	0.02208	0.02208	0.01353	0.68159	0.03348	0.04488	0.01710	0.01710	0.01211	0.00855	0.00712	0.00214	0.00784	0.00641	0.00712	0.01211
14	0.00911	0.00715	0.00823	0.00815	0.01009	0.00628	0.00604	0.01149	0.01759	0.02290	0.32264	0.12004	0.39092	0.01700	0.00847	0.00238	0.00355	0.01461	0.00711	0.00628
15	0.01491	0.01312	0.01670	0.01193	0.01832	0.01010	0.05617	0.01828	0.01491	0.02318	0.01278	0.01508	0.01057	0.00533	0.00550	0.00115	0.00575	0.00452	0.00417	0.73754
16	0.02106	0.01923	0.01950	0.16986	0.05693	0.17283	0.01412	0.14227	0.12268	0.07326	0.01666	0.01823	0.01252	0.00767	0.00676	0.00204	0.00856	0.00602	0.00513	0.10469
17	0.00876	0.00626	0.00834	0.00986	0.01035	0.00584	0.00662	0.01013	0.01404	0.01882	0.08051	0.70199	0.04835	0.02183	0.00905	0.00285	0.00408	0.01978	0.00669	0.00584
18	0.00890	0.00629	0.00820	0.00963	0.00999	0.00593	0.00631	0.00997	0.01320	0.01760	0.03704	0.65323	0.04431	0.11799	0.01266	0.00342	0.00450	0.01894	0.00631	0.00559
19	0.01428	0.03683	0.71286	0.02030	0.03082	0.01654	0.02631	0.02255	0.01503	0.02255	0.01278	0.01503	0.00902	0.00677	0.00677	0.00226	0.01052	0.00526	0.00301	0.01052

[dist]
# distance from previous block
# <min> <max>
0	27

[block]
# block no. 5 follows, 29 sequences, length 27
# corresponding to MSA columns:
# 219-245
name=unknown_F
#
# <colnr> <probs for GDERKNQSTAVLIFYWHMCP>
#	G	D	E	R	K	N	Q	S	T	A	V	L	I	F	Y	W	H	M	C	P
0	0.01486	0.10288	0.62322	0.02045	0.05597	0.01764	0.02482	0.02241	0.01503	0.02204	0.01253	0.01480	0.00912	0.00669	0.00657	0.00218	0.01017	0.00517	0.00303	0.01042
1	0.01925	0.07747	0.11424	0.02453	0.03111	0.20388	0.38025	0.02416	0.01732	0.02093	0.01300	0.01649	0.01005	0.00645	0.00742	0.00217	0.01174	0.00670	0.00351	0.00932
2	0.01576	0.11396	0.56766	0.01960	0.02904	0.06803	0.04576	0.02284	0.01540	0.02156	0.01239	0.01462	0.00910	0.00671	0.00656	0.00215	0.01042	0.00516	0.00308	0.01018
3	0.80005	0.01377	0.01047	0.00936	0.01377	0.01597	0.00771	0.02093	0.01212	0.03195	0.00991	0.01157	0.00771	0.00661	0.00441	0.00220	0.00551	0.00386	0.00441	0.00771
4	0.03039	0.01177	0.01603	0.01240	0.01764	0.01020	0.01020	0.03319	0.02036	0.66172	0.07605	0.02630	0.02116	0.00922	0.00725	0.00221	0.00587	0.00757	0.00874	0.01173
5	0.01771	0.01530	0.01610	0.01449	0.01852	0.01771	0.01127	0.03784	0.69247	0.02979	0.02898	0.02657	0.02174	0.00966	0.00725	0.00242	0.00564	0.00805	0.00725	0.01127
6	0.00868	0.00620	0.00826	0.00991	0.01033	0.00578	0.00661	0.00991	0.01363	0.01818	0.03925	0.74510	0.04710	0.02231	0.00909	0.00289	0.00413	0.02024	0.00661	0.00578
7	0.00907	0.00675	0.00845	0.00905	0.01028	0.00613	0.00640	0.01111	0.01626	0.02173	0.25864	0.38400	0.18815	0.01894	0.00873	0.00258	0.00378	0.01681	0.00700	0.00613
8	0.01008	0.00728	0.00952	0.00896	0.01064	0.00672	0.00672	0.01344	0.02016	0.02855	0.70158	0.05319	0.06719	0.01456	0.00840	0.00224	0.00336	0.01288	0.00784	0.00672
9	0.02432	0.01858	0.01982	0.01583	0.02103	0.02080	0.01287	0.49226	0.22729	0.04044	0.02059	0.01988	0.01494	0.00888	0.00716	0.00222	0.00719	0.00689	0.00716	0.01186
10	0.03195	0.01212	0.01652	0.01267	0.01818	0.01047	0.01047	0.03470	0.02038	0.71026	0.02809	0.02424	0.01763	0.00881	0.00716	0.00220	0.00606	0.00716	0.00881	0.01212
11	0.01677	0.01604	0.02735	0.18521	0.57053	0.01669	0.02143	0.02110	0.01581	0.02222	0.01324	0.01790	0.01091	0.00650	0.00706	0.00217	0.00867	0.00634	0.00345	0.01059
12	0.01036	0.00690	0.00777	0.00777	0.00777	0.00690	0.00431	0.01036	0.01036	0.01381	0.02244	0.04660	0.02589	0.74975	0.03624	0.00690	0.00690	0.01036	0.00431	0.00431
13	0.02332	0.25761	0.02581	0.01493	0.02042	0.07009	0.01284	0.34770	0.10523	0.03215	0.01579	0.01611	0.01210	0.00781	0.00627	0.00195	0.00783	0.00564	0.00559	0.01079
14	0.01267	0.00956	0.01290	0.01504	0.13251	0.00936	0.00940	0.04081	0.04151	0.02695	0.35334	0.06660	0.08616	0.01219	0.00753	0.00216	0.00453	0.01069	0.13833	0.00778
15	0.00991	0.00720	0.00933	0.00895	0.01057	0.00662	0.00665	0.01305	0.01952	0.02741	0.62707	0.10313	0.09336	0.01526	0.00845	0.00229	0.00343	0.01350	0.00770	0.00662
16	0.02645	0.01935	0.02071	0.01594	0.02146	0.02139	0.01315	0.65166	0.03264	0.04405	0.01737	0.01752	0.01239	0.00854	0.00703	0.00212	0.00763	0.00642	0.04233	0.01186
17	0.02119	0.01207	0.01542	0.07786	0.01910	0.01209	0.01063	0.16746	0.02220	0.25367	0.22517	0.07727	0.03230	0.01118	0.00764	0.00226	0.00584	0.00946	0.00749	0.00972
18	0.01345	0.01266	0.02136	0.73264	0.04904	0.01582	0.01978	0.01819	0.01424	0.01819	0.01266	0.01898	0.00949	0.00712	0.00712	0.00237	0.00949	0.00633	0.00316	0.00791
19	0.02660	0.03394	0.02018	0.01834	0.02201	0.72116	0.01376	0.02843	0.02018	0.01743	0.01101	0.01284	0.00917	0.00734	0.00642	0.00183	0.01284	0.00459	0.00367	0.00825
20	0.00849	0.00722	0.00732	0.00729	0.00966	0.00604	0.00547	0.01036	0.01641	0.01966	0.10047	0.06784	0.67385	0.01788	0.00841	0.00240	0.00360	0.01493	0.00667	0.00604
21	0.01018	0.00760	0.01128	0.01128	0.01249	0.00881	0.00870	0.01261	0.01140	0.01641	0.01922	0.02881	0.01816	0.08452	0.69091	0.01124	0.01853	0.00775	0.00384	0.00627
22	0.00876	0.00623	0.00824	0.00981	0.01020	0.00584	0.00650	0.00994	0.01347	0.01796	0.03843	0.71103	0.04606	0.05779	0.01041	0.00309	0.00427	0.01976	0.00650	0.00571
23	0.01695	0.01880	0.03970	0.03243	0.15532	0.01781	0.56322	0.02264	0.01670	0.02289	0.01423	0.01893	0.01089	0.00606	0.00816	0.00235	0.01138	0.00804	0.00359	0.00990
24	0.01036	0.00690	0.00777	0.00777	0.00777	0.00690	0.00431	0.01036	0.01036	0.01381	0.02244	0.04660	0.02589	0.74975	0.03624	0.00690	0.00690	0.01036	0.00431	0.00431
25	0.01454	0.03501	0.64357	0.02130	0.03148	0.01669	0.09377	0.02258	0.01522	0.02258	0.01295	0.01546	0.00920	0.00669	0.00693	0.00227	0.01068	0.00559	0.00307	0.01043
26	0.01428	0.03683	0.71286	0.02030	0.03082	0.01654	0.02631	0.02255	0.01503	0.02255	0.01278	0.01503	0.00902	0.00677	0.00677	0.00226	0.01052	0.00526	0.00301	0.01052

[dist]
# distance from previous block
# <min> <max>
0	1

[block]
# block no. 6 follows, 29 sequences, length 44
# corresponding to MSA columns:
# 247-290
name=unknown_G
#
# <colnr> <probs for GDERKNQSTAVLIFYWHMCP>
#	G	D	E	R	K	N	Q	S	T	A	V	L	I	F	Y	W	H	M	C	P
0	0.00857	0.00722	0.00743	0.00738	0.00971	0.00608	0.00553	0.01052	0.01660	0.02012	0.13182	0.06707	0.64221	0.01770	0.00841	0.00239	0.00358	0.01482	0.00673	0.00608
1	0.11544	0.01782	0.01860	0.01637	0.05663	0.04420	0.01248	0.31849	0.23992	0.05695	0.01997	0.01957	0.01469	0.00852	0.00681	0.00222	0.00701	0.00659	0.00658	0.01114
2	0.00952	0.00696	0.00880	0.00893	0.01025	0.00640	0.00638	0.01192	0.01732	0.02374	0.40664	0.24040	0.13397	0.06355	0.01035	0.00273	0.00382	0.01495	0.00714	0.00623
3	0.01618	0.01920	0.08058	0.13731	0.07509	0.01752	0.50164	0.02204	0.01627	0.02211	0.01398	0.01882	0.01052	0.00624	0.00803	0.00237	0.01133	0.00778	0.00349	0.00950
4	0.02398	0.28405	0.02618	0.01614	0.02072	0.45670	0.01320	0.04774	0.01864	0.01811	0.01082	0.01249	0.00926	0.00694	0.00580	0.00174	0.01086	0.00438	0.00357	0.00869
5	0.00842	0.00721	0.00721	0.00721	0.00962	0.00601	0.00541	0.01022	0.01623	0.01924	0.07213	0.06853	0.70244	0.01803	0.00842	0.00240	0.00361	0.01503	0.00661	0.00601
6	0.02258	0.02693	0.02089	0.02286	0.16854	0.47898	0.01481	0.02506	0.01857	0.01906	0.03977	0.01679	0.01269	0.01138	0.06825	0.00274	0.01205	0.00556	0.00382	0.00868
7	0.00842	0.00721	0.00721	0.00721	0.00962	0.00601	0.00541	0.01022	0.01623	0.01924	0.07213	0.06853	0.70244	0.01803	0.00842	0.00240	0.00361	0.01503	0.00661	0.00601
8	0.05790	0.02233	0.02071	0.01647	0.02174	0.15324	0.01334	0.53239	0.03012	0.03920	0.01566	0.01607	0.01138	0.00824	0.00688	0.00208	0.00868	0.00597	0.00637	0.01121
9	0.06472	0.14649	0.56377	0.01835	0.02780	0.01830	0.02294	0.02226	0.01476	0.02225	0.01215	0.01425	0.00896	0.00665	0.00628	0.00214	0.00976	0.00495	0.00310	0.01013
10	0.01608	0.15784	0.34101	0.02250	0.03099	0.01916	0.26881	0.02243	0.01560	0.02162	0.01288	0.01596	0.00971	0.00636	0.00699	0.00218	0.01056	0.00618	0.00324	0.00993
11	0.00897	0.00643	0.00853	0.00971	0.01039	0.00598	0.00663	0.01067	0.01502	0.02039	0.18041	0.59764	0.05138	0.02066	0.00894	0.00275	0.00397	0.01867	0.00687	0.00598
12	0.01681	0.01921	0.04202	0.03001	0.03721	0.01801	0.67947	0.02281	0.01681	0.02281	0.01441	0.01921	0.01080	0.00600	0.00840	0.00240	0.01200	0.00840	0.00360	0.00960
13	0.03112	0.01260	0.01672	0.01291	0.01837	0.01130	0.01064	0.06380	0.04970	0.65138	0.02764	0.02402	0.01756	0.00884	0.00716	0.00221	0.00612	0.00717	0.00867	0.01208
14	0.00909	0.00650	0.00856	0.00959	0.01030	0.00606	0.00655	0.01082	0.01514	0.02061	0.20489	0.54342	0.05129	0.04946	0.01000	0.00289	0.00405	0.01800	0.00683	0.00596
15	0.00844	0.00712	0.00731	0.00745	0.00968	0.00599	0.00552	0.01019	0.01600	0.01914	0.06921	0.12864	0.64422	0.01841	0.00848	0.00245	0.00365	0.01549	0.00661	0.00599
16	0.03195	0.01212	0.01652	0.01267	0.01818	0.01047	0.01047	0.03470	0.02038	0.71026	0.02809	0.02424	0.01763	0.00881	0.00716	0.00220	0.00606	0.00716	0.00881	0.01212
17	0.01477	0.01266	0.01477	0.01055	0.01687	0.00949	0.00844	0.01793	0.01477	0.02320	0.01266	0.01477	0.01055	0.00527	0.00527	0.00105	0.00527	0.00422	0.00422	0.79328
18	0.03195	0.01212	0.01652	0.01267	0.01818	0.01047	0.01047	0.03470	0.02038	0.71026	0.02809	0.02424	0.01763	0.00881	0.00716	0.00220	0.00606	0.00716	0.00881	0.01212
19	0.00862	0.00694	0.00768	0.00808	0.00989	0.00600	0.00584	0.01039	0.01583	0.01968	0.11244	0.25073	0.47512	0.01892	0.00860	0.00252	0.00373	0.01627	0.00671	0.00600
20	0.00868	0.00620	0.00826	0.00991	0.01033	0.00578	0.00661	0.00991	0.01363	0.01818	0.03925	0.74510	0.04710	0.02231	0.00909	0.00289	0.00413	0.02024	0.00661	0.00578
21	0.01477	0.01266	0.01477	0.01055	0.01687	0.00949	0.00844	0.01793	0.01477	0.02320	0.01266	0.01477	0.01055	0.00527	0.00527	0.00105	0.00527	0.00422	0.00422	0.79328
22	0.01345	0.01266	0.02136	0.73264	0.04904	0.01582	0.01978	0.01819	0.01424	0.01819	0.01266	0.01898	0.00949	0.00712	0.00712	0.00237	0.00949	0.00633	0.00316	0.00791
23	0.02618	0.01951	0.02087	0.01620	0.02175	0.02167	0.01332	0.62076	0.09574	0.04345	0.01822	0.01799	0.01302	0.00865	0.00713	0.00216	0.00763	0.00657	0.00713	0.01203
24	0.01036	0.00690	0.00777	0.00777	0.00777	0.00690	0.00431	0.01036	0.01036	0.01381	0.02244	0.04660	0.02589	0.74975	0.03624	0.00690	0.00690	0.01036	0.00431	0.00431
25	0.00890	0.00640	0.00808	0.00932	0.00988	0.00597	0.00615	0.01001	0.01341	0.01764	0.04008	0.57368	0.11012	0.12927	0.01303	0.00343	0.00449	0.01826	0.00627	0.00559
26	0.02661	0.02142	0.02100	0.01654	0.02192	0.10562	0.01346	0.57541	0.06050	0.04093	0.01688	0.01700	0.01218	0.00845	0.00704	0.00211	0.00834	0.00626	0.00671	0.01161
27	0.00868	0.00620	0.00826	0.00991	0.01033	0.00578	0.00661	0.00991	0.01363	0.01818	0.03925	0.74510	0.04710	0.02231	0.00909	0.00289	0.00413	0.02024	0.00661	0.00578
28	0.01681	0.01921	0.04202	0.03001	0.03721	0.01801	0.67947	0.02281	0.01681	0.02281	0.01441	0.01921	0.01080	0.00600	0.00840	0.00240	0.01200	0.00840	0.00360	0.00960
29	0.00843	0.00715	0.00728	0.00738	0.00966	0.00600	0.00548	0.01020	0.01608	0.01917	0.07017	0.10899	0.66325	0.01829	0.00846	0.00243	0.00364	0.01534	0.00661	0.00600
30	0.00868	0.00620	0.00826	0.00991	0.01033	0.00578	0.00661	0.00991	0.01363	0.01818	0.03925	0.74510	0.04710	0.02231	0.00909	0.00289	0.00413	0.02024	0.00661	0.00578
31	0.01681	0.01921	0.04202	0.03001	0.03721	0.01801	0.67947	0.02281	0.01681	0.02281	0.01441	0.01921	0.01080	0.00600	0.00840	0.00240	0.01200	0.00840	0.00360	0.00960
32	0.01128	0.00719	0.00844	0.00827	0.00861	0.00722	0.00495	0.01160	0.01088	0.04426	0.02241	0.04414	0.02488	0.66211	0.08957	0.00706	0.00784	0.01000	0.00447	0.00482
33	0.00856	0.00692	0.00752	0.00798	0.00975	0.00598	0.00570	0.01014	0.01531	0.01875	0.06132	0.25392	0.49813	0.04514	0.00959	0.00270	0.00387	0.01630	0.00653	0.00589
34	0.01357	0.01290	0.02212	0.70680	0.04861	0.01590	0.04403	0.01836	0.01433	0.01836	0.01272	0.01899	0.00954	0.00708	0.00717	0.00237	0.00958	0.00640	0.00318	0.00797
35	0.02164	0.01687	0.01762	0.01495	0.01952	0.04323	0.01186	0.20079	0.44300	0.09201	0.02525	0.02347	0.01849	0.00922	0.00718	0.00231	0.00649	0.00743	0.00722	0.01145
36	0.01022	0.00688	0.00777	0.00784	0.00793	0.00683	0.00445	0.01033	0.01068	0.01416	0.02468	0.07714	0.04754	0.69621	0.03423	0.00659	0.00668	0.01092	0.00448	0.00443
37	0.01748	0.01853	0.06584	0.09506	0.55620	0.04840	0.05102	0.02194	0.01620	0.02254	0.01324	0.01745	0.01090	0.00646	0.00707	0.00214	0.00901	0.00630	0.00348	0.01076
38	0.03097	0.01190	0.01621	0.01250	0.01784	0.01030	0.01030	0.03375	0.02037	0.67974	0.05825	0.02553	0.01985	0.00907	0.00722	0.00220	0.00594	0.00742	0.00877	0.01188
39	0.05159	0.02005	0.08908	0.05086	0.03608	0.01774	0.58044	0.02256	0.01638	0.02305	0.01403	0.01855	0.01049	0.00612	0.00806	0.00238	0.01153	0.00790	0.00358	0.00953
40	0.00912	0.00724	0.00819	0.00802	0.01003	0.00643	0.00596	0.01137	0.01695	0.02178	0.26508	0.06052	0.43539	0.05112	0.04856	0.00304	0.00452	0.01374	0.00674	0.00618
41	0.01477	0.01266	0.01477	0.01055	0.01687	0.00949	0.00844	0.01793	0.01477	0.02320	0.01266	0.01477	0.01055	0.00527	0.00527	0.00105	0.00527	0.00422	0.00422	0.79328
42	0.00999	0.00721	0.00944	0.00902	0.01062	0.00666	0.00671	0.01321	0.01974	0.02790	0.65969	0.09695	0.06592	0.01505	0.00844	0.00228	0.00341	0.01334	0.00776	0.00666
43	0.06638	0.01687	0.05634	0.29456	0.03118	0.06672	0.01545	0.05557	0.27215	0.02479	0.01875	0.02065	0.01408	0.00811	0.00693	0.00232	0.00800	0.00665	0.00499	0.00952

[dist]
# distance from previous block
# <min> <max>
2	5

[block]
# block no. 7 follows, 29 sequences, length 25
# corresponding to MSA columns:
# 296-320
name=unknown_H
#
# <colnr> <probs for GDERKNQSTAVLIFYWHMCP>
#	G	D	E	R	K	N	Q	S	T	A	V	L	I	F	Y	W	H	M	C	P
0	0.52357	0.04399	0.15130	0.01293	0.01881	0.01711	0.03468	0.08073	0.01485	0.03045	0.01127	0.01300	0.00852	0.00678	0.00525	0.00219	0.00699	0.00451	0.00430	0.00877
1	0.01408	0.01299	0.02136	0.69946	0.04779	0.01611	0.01949	0.04892	0.01513	0.01943	0.01286	0.01890	0.00961	0.00719	0.00712	0.00236	0.00942	0.00633	0.00335	0.00810
2	0.01441	0.01652	0.08843	0.47228	0.04340	0.01664	0.17916	0.01966	0.01480	0.01966	0.01296	0.01855	0.00976	0.00702	0.00801	0.00240	0.03781	0.00673	0.00325	0.00855
3	0.07322	0.01912	0.02044	0.01575	0.02136	0.02104	0.01301	0.60470	0.03145	0.08287	0.01731	0.01718	0.01217	0.00845	0.00696	0.00214	0.00759	0.00630	0.00706	0.01185
4	0.01008	0.00728	0.00952	0.00896	0.01064	0.00672	0.00672	0.01344	0.02016	0.02855	0.70158	0.05319	0.06719	0.01456	0.00840	0.00224	0.00336	0.01288	0.00784	0.00672
5	0.80005	0.01377	0.01047	0.00936	0.01377	0.01597	0.00771	0.02093	0.01212	0.03195	0.00991	0.01157	0.00771	0.00661	0.00441	0.00220	0.00551	0.00386	0.00441	0.00771
6	0.80005	0.01377	0.01047	0.00936	0.01377	0.01597	0.00771	0.02093	0.01212	0.03195	0.00991	0.01157	0.00771	0.00661	0.00441	0.00220	0.00551	0.00386	0.00441	0.00771
7	0.00868	0.00620	0.00826	0.00991	0.01033	0.00578	0.00661	0.00991	0.01363	0.01818	0.03925	0.74510	0.04710	0.02231	0.00909	0.00289	0.00413	0.02024	0.00661	0.00578
8	0.01017	0.00763	0.01144	0.01144	0.01272	0.00890	0.00890	0.01272	0.01144	0.01653	0.01907	0.02797	0.01780	0.05340	0.72153	0.01144	0.01907	0.00763	0.00381	0.00636
9	0.01017	0.00763	0.01144	0.01144	0.01272	0.00890	0.00890	0.01272	0.01144	0.01653	0.01907	0.02797	0.01780	0.05340	0.72153	0.01144	0.01907	0.00763	0.00381	0.00636
10	0.00868	0.00620	0.00826	0.00991	0.01033	0.00578	0.00661	0.00991	0.01363	0.01818	0.03925	0.74510	0.04710	0.02231	0.00909	0.00289	0.00413	0.02024	0.00661	0.00578
11	0.02707	0.01995	0.02137	0.01638	0.02208	0.02208	0.01353	0.68159	0.03348	0.04488	0.01710	0.01710	0.01211	0.00855	0.00712	0.00214	0.00784	0.00641	0.00712	0.01211
12	0.01017	0.00763	0.01144	0.01144	0.01272	0.00890	0.00890	0.01272	0.01144	0.01653	0.01907	0.02797	0.01780	0.05340	0.72153	0.01144	0.01907	0.00763	0.00381	0.00636
13	0.00868	0.00620	0.00826	0.00991	0.01033	0.00578	0.00661	0.00991	0.01363	0.01818	0.03925	0.74510	0.04710	0.02231	0.00909	0.00289	0.00413	0.02024	0.00661	0.00578
14	0.01904	0.75404	0.03731	0.01218	0.01828	0.02818	0.01218	0.02132	0.01447	0.01675	0.00990	0.01142	0.00914	0.00609	0.00457	0.00152	0.00761	0.00381	0.00305	0.00914
15	0.11330	0.11072	0.02236	0.07409	0.08838	0.34988	0.03474	0.02570	0.01765	0.08227	0.01275	0.01469	0.01004	0.00709	0.00621	0.00196	0.01006	0.00507	0.00409	0.00895
16	0.02660	0.03394	0.02018	0.01834	0.02201	0.72116	0.01376	0.02843	0.02018	0.01743	0.01101	0.01284	0.00917	0.00734	0.00642	0.00183	0.01284	0.00459	0.00367	0.00825
17	0.01133	0.00815	0.01128	0.01284	0.01452	0.00809	0.01119	0.01454	0.01638	0.02121	0.03930	0.07978	0.07159	0.01959	0.00977	0.00324	0.00642	0.62767	0.00656	0.00653
18	0.00866	0.00626	0.00820	0.00976	0.01029	0.00580	0.00654	0.00993	0.01378	0.01824	0.04116	0.70569	0.08527	0.02206	0.00905	0.00286	0.00410	0.01994	0.00661	0.00580
19	0.00874	0.00625	0.00832	0.00987	0.01034	0.00583	0.00662	0.01009	0.01395	0.01868	0.07152	0.71139	0.04807	0.02193	0.00906	0.00286	0.00409	0.01988	0.00667	0.00583
20	0.80005	0.01377	0.01047	0.00936	0.01377	0.01597	0.00771	0.02093	0.01212	0.03195	0.00991	0.01157	0.00771	0.00661	0.00441	0.00220	0.00551	0.00386	0.00441	0.00771
21	0.01345	0.01266	0.02136	0.73264	0.04904	0.01582	0.01978	0.01819	0.01424	0.01819	0.01266	0.01898	0.00949	0.00712	0.00712	0.00237	0.00949	0.00633	0.00316	0.00791
22	0.03096	0.01370	0.01750	0.01342	0.01897	0.01282	0.01109	0.16555	0.02303	0.57567	0.02587	0.02279	0.01651	0.00876	0.00715	0.00219	0.00642	0.00701	0.00847	0.01212
23	0.01141	0.00757	0.00994	0.00918	0.01110	0.00695	0.00695	0.01473	0.02017	0.06993	0.66070	0.05143	0.06418	0.01421	0.00832	0.00224	0.00352	0.01253	0.00790	0.00705
24	0.70708	0.05760	0.01243	0.00973	0.01431	0.01636	0.00814	0.02179	0.01276	0.07222	0.01102	0.01233	0.00840	0.00671	0.00458	0.00216	0.00567	0.00405	0.00459	0.00806

[dist]
# distance from previous block
# <min> <max>
0	1

[block]
# block no. 8 follows, 29 sequences, length 12
# corresponding to MSA columns:
# 322-333
name=unknown_I
#
# <colnr> <probs for GDERKNQSTAVLIFYWHMCP>
#	G	D	E	R	K	N	Q	S	T	A	V	L	I	F	Y	W	H	M	C	P
