[name]
unknown

[dist]
# distance from previous block
# <min> <max>
0	54

[block]
# block no. 0 follows, 31 sequences, length 73
# corresponding to MSA columns:
# 54-126
name=unknown_A
#
# <colnr> <probs for GDERKNQSTAVLIFYWHMCP>
#	G	D	E	R	K	N	Q	S	T	A	V	L	I	F	Y	W	H	M	C	P
0	0.01102	0.00787	0.01102	0.01260	0.01417	0.00787	0.01102	0.01417	0.01575	0.02047	0.03622	0.07717	0.03937	0.01890	0.00945	0.00315	0.00630	0.67084	0.00630	0.00630
1	0.03006	0.01178	0.01586	0.01225	0.01748	0.01038	0.01009	0.03348	0.05138	0.68945	0.02703	0.02339	0.01712	0.00851	0.00688	0.00213	0.00580	0.00692	0.00840	0.01161
2	0.54241	0.05073	0.01434	0.01109	0.01576	0.01762	0.00924	0.21653	0.01773	0.03362	0.01154	0.01265	0.00871	0.00687	0.00500	0.00207	0.00604	0.00442	0.00493	0.00871
3	0.01152	0.00960	0.01464	0.22664	0.10637	0.01020	0.01176	0.01508	0.01681	0.02326	0.39216	0.03710	0.04006	0.04550	0.00879	0.00238	0.00570	0.00967	0.00556	0.00721
4	0.01693	0.01626	0.02777	0.04199	0.71689	0.01626	0.02100	0.02100	0.01558	0.02235	0.01287	0.01693	0.01084	0.00610	0.00677	0.00203	0.00813	0.00610	0.00339	0.01084
5	0.01311	0.01253	0.02168	0.70138	0.04646	0.01532	0.05833	0.01774	0.01382	0.01774	0.01226	0.01825	0.00919	0.00678	0.00691	0.00228	0.00926	0.00620	0.00306	0.00770
6	0.01878	0.01554	0.02145	0.35649	0.12214	0.01779	0.01681	0.29421	0.02147	0.02857	0.01399	0.01733	0.01037	0.00731	0.00683	0.00216	0.00834	0.00611	0.00464	0.00966
7	0.01000	0.00724	0.00941	0.04388	0.01295	0.00688	0.00811	0.01210	0.01476	0.04195	0.04401	0.32077	0.21598	0.01852	0.00862	0.00272	0.00481	0.20492	0.00625	0.00612
8	0.01896	0.03958	0.03775	0.01352	0.01747	0.01632	0.01134	0.34751	0.02220	0.03076	0.01862	0.02097	0.04606	0.01626	0.13599	0.00361	0.07061	0.00654	0.07661	0.04932
9	0.02024	0.02063	0.01705	0.01574	0.04172	0.26519	0.01170	0.10379	0.28126	0.02490	0.01996	0.06488	0.01636	0.00885	0.00665	0.00205	0.00799	0.00691	0.02665	0.03747
10	0.08088	0.61056	0.12175	0.01249	0.01875	0.02470	0.01310	0.02061	0.01379	0.01798	0.00987	0.01143	0.00866	0.00598	0.00465	0.00161	0.00751	0.00384	0.00303	0.00884
11	0.02398	0.01496	0.01717	0.01352	0.01818	0.01562	0.01102	0.40132	0.02647	0.20588	0.13642	0.04207	0.02263	0.00957	0.00710	0.00210	0.00630	0.00770	0.00734	0.01062
12	0.01814	0.73974	0.05847	0.01196	0.01796	0.02670	0.01215	0.02052	0.01392	0.01628	0.00960	0.01109	0.00878	0.00587	0.00446	0.00149	0.00741	0.00370	0.00293	0.00882
13	0.01134	0.00891	0.01079	0.01151	0.05603	0.00842	0.00834	0.03655	0.06683	0.03840	0.11017	0.08863	0.33613	0.01527	0.00803	0.00240	0.00468	0.13613	0.00630	0.03513
14	0.01550	0.01419	0.01779	0.15277	0.02207	0.06493	0.01338	0.08294	0.01481	0.02087	0.04712	0.06051	0.01492	0.01049	0.01342	0.00247	0.32433	0.00703	0.09279	0.00766
15	0.02644	0.05821	0.01620	0.01174	0.01651	0.01096	0.00971	0.02991	0.05100	0.55136	0.11881	0.02638	0.02305	0.00909	0.00689	0.00209	0.00555	0.00746	0.00792	0.01072
16	0.00841	0.00605	0.00798	0.00938	0.00992	0.00562	0.00632	0.00975	0.01357	0.01812	0.08103	0.68819	0.06864	0.02083	0.00867	0.00272	0.00391	0.01884	0.00642	0.00562
17	0.01412	0.01380	0.01936	0.01652	0.01772	0.04101	0.05536	0.01621	0.01147	0.01702	0.01174	0.01787	0.01106	0.02034	0.18827	0.00469	0.46023	0.00627	0.00326	0.05368
18	0.01733	0.01701	0.02738	0.04086	0.68459	0.04949	0.02064	0.02129	0.01575	0.02209	0.01276	0.01672	0.01074	0.00614	0.00674	0.00202	0.00832	0.00602	0.00339	0.01070
19	0.01358	0.03438	0.69879	0.01911	0.02892	0.01555	0.02461	0.02136	0.01462	0.02187	0.03711	0.01574	0.01065	0.00677	0.00656	0.00217	0.00987	0.00531	0.00305	0.00998
20	0.00932	0.00595	0.00821	0.00936	0.00964	0.00566	0.00624	0.00936	0.01194	0.01592	0.03055	0.55163	0.03600	0.02208	0.01372	0.22395	0.00452	0.01571	0.00541	0.00484
21	0.01875	0.71793	0.03482	0.01208	0.01778	0.07119	0.01180	0.02091	0.01424	0.01614	0.00958	0.01106	0.00878	0.00593	0.00450	0.00148	0.00763	0.00370	0.00296	0.00873
22	0.08479	0.07453	0.57716	0.01767	0.02671	0.01613	0.02197	0.02219	0.01449	0.06564	0.01279	0.01450	0.00908	0.00657	0.00620	0.00212	0.00926	0.00497	0.00336	0.00989
23	0.01594	0.00840	0.01102	0.00956	0.01234	0.00750	0.00745	0.01887	0.01914	0.23741	0.45528	0.04380	0.10027	0.01257	0.00771	0.00215	0.00403	0.01087	0.00772	0.00798
24	0.02416	0.01785	0.01926	0.01513	0.02011	0.01969	0.01235	0.61366	0.05015	0.04040	0.01866	0.08268	0.01491	0.00943	0.00702	0.00213	0.00715	0.00739	0.00680	0.01107
25	0.01275	0.00638	0.00638	0.00638	0.00797	0.00638	0.00478	0.01594	0.01435	0.02551	0.02232	0.02551	0.01754	0.00797	0.00478	0.00159	0.00319	0.00638	0.79755	0.00638
26	0.01419	0.01216	0.01419	0.01013	0.01621	0.00912	0.00811	0.01723	0.01419	0.02229	0.01216	0.01419	0.01013	0.00507	0.00507	0.00101	0.00507	0.00405	0.00405	0.80139
27	0.00837	0.00694	0.00732	0.00722	0.00941	0.00589	0.00542	0.01036	0.01626	0.02005	0.18220	0.06326	0.60023	0.01674	0.00808	0.00228	0.00342	0.01408	0.00656	0.00589
28	0.01275	0.00638	0.00638	0.00638	0.00797	0.00638	0.00478	0.01594	0.01435	0.02551	0.02232	0.02551	0.01754	0.00797	0.00478	0.00159	0.00319	0.00638	0.79755	0.00638
29	0.01088	0.00783	0.01083	0.01233	0.01394	0.00777	0.01075	0.01397	0.01574	0.02038	0.03780	0.07663	0.07154	0.01882	0.00938	0.00311	0.00616	0.63955	0.00630	0.00627
30	0.01800	0.71811	0.07892	0.01219	0.01831	0.02637	0.01256	0.02056	0.01394	0.01644	0.00968	0.01119	0.00877	0.00589	0.00452	0.00151	0.00749	0.00375	0.00292	0.00886
31	0.01479	0.01471	0.02062	0.01773	0.01777	0.02054	0.01475	0.01632	0.01049	0.01645	0.00929	0.01537	0.00925	0.01330	0.04633	0.00326	0.72254	0.00603	0.00302	0.00744
32	0.01419	0.01216	0.01419	0.01013	0.01621	0.00912	0.00811	0.01723	0.01419	0.02229	0.01216	0.01419	0.01013	0.00507	0.00507	0.00101	0.00507	0.00405	0.00405	0.80139
33	0.01497	0.01497	0.02095	0.01796	0.01796	0.02095	0.01497	0.01646	0.01048	0.01646	0.00898	0.01497	0.00898	0.01197	0.02245	0.00299	0.74704	0.00599	0.00299	0.00748
34	0.02556	0.03261	0.01939	0.01763	0.02115	0.73210	0.01322	0.02732	0.01939	0.01674	0.01058	0.01234	0.00881	0.00705	0.00617	0.00176	0.01234	0.00441	0.00353	0.00793
35	0.03070	0.01164	0.01588	0.01217	0.01746	0.01006	0.01006	0.03334	0.01958	0.72163	0.02699	0.02329	0.01694	0.00847	0.00688	0.00212	0.00582	0.00688	0.00847	0.01164
36	0.00968	0.00699	0.00914	0.00861	0.01022	0.00646	0.00646	0.01291	0.01937	0.02743	0.71328	0.05110	0.06455	0.01399	0.00807	0.00215	0.00323	0.01237	0.00753	0.00646
37	0.00834	0.00595	0.00794	0.00953	0.00992	0.00556	0.00635	0.00953	0.01310	0.01746	0.03771	0.75510	0.04525	0.02143	0.00873	0.00278	0.00397	0.01945	0.00635	0.00556
38	0.00832	0.00600	0.00789	0.00939	0.00989	0.00557	0.00629	0.00954	0.01322	0.01752	0.03930	0.72028	0.07904	0.02123	0.00870	0.00275	0.00394	0.01920	0.00635	0.00557
39	0.00896	0.00710	0.01055	0.01089	0.01202	0.00656	0.06361	0.01059	0.01360	0.01794	0.03882	0.62572	0.10807	0.01972	0.00861	0.00269	0.00455	0.01800	0.00611	0.00589
40	0.01275	0.00638	0.00638	0.00638	0.00797	0.00638	0.00478	0.01594	0.01435	0.02551	0.02232	0.02551	0.01754	0.00797	0.00478	0.00159	0.00319	0.00638	0.79755	0.00638
41	0.02425	0.01829	0.01954	0.01539	0.02055	0.02039	0.01258	0.56539	0.16372	0.04028	0.01866	0.01821	0.01344	0.00842	0.00687	0.00211	0.00711	0.00647	0.00687	0.01148
42	0.02601	0.01916	0.02053	0.01574	0.02122	0.02122	0.01300	0.69408	0.03217	0.04312	0.01643	0.01643	0.01163	0.00821	0.00684	0.00205	0.00753	0.00616	0.00684	0.01163
43	0.01466	0.01452	0.02037	0.01755	0.01763	0.02023	0.01459	0.01622	0.01051	0.01643	0.00953	0.01566	0.00946	0.01427	0.06393	0.00346	0.70447	0.00607	0.00303	0.00740
44	0.01846	0.35682	0.24100	0.01514	0.02171	0.07804	0.01610	0.05599	0.01559	0.06338	0.01185	0.01341	0.00941	0.00678	0.00648	0.00186	0.05051	0.00460	0.00351	0.00937
45	0.01659	0.01577	0.02679	0.04027	0.67582	0.01577	0.02041	0.02060	0.01559	0.02224	0.01423	0.02045	0.01250	0.00684	0.00693	0.00210	0.00802	0.04495	0.00356	0.01057
46	0.80789	0.01323	0.01006	0.00900	0.01323	0.01535	0.00741	0.02011	0.01164	0.03070	0.00953	0.01111	0.00741	0.00635	0.00423	0.00212	0.00529	0.00370	0.00423	0.00741
47	0.01275	0.00638	0.00638	0.00638	0.00797	0.00638	0.00478	0.01594	0.01435	0.02551	0.02232	0.02551	0.01754	0.00797	0.00478	0.00159	0.00319	0.00638	0.79755	0.00638
48	0.01315	0.01239	0.02093	0.70328	0.08518	0.01526	0.01911	0.01768	0.01379	0.01776	0.01220	0.01817	0.00922	0.00680	0.00684	0.00227	0.00906	0.00608	0.00306	0.00778
49	0.02534	0.01877	0.02017	0.01542	0.02093	0.02053	0.01273	0.65562	0.03114	0.04193	0.01618	0.01630	0.01155	0.00803	0.00674	0.00199	0.00739	0.00604	0.00669	0.05651
50	0.00978	0.00729	0.01082	0.01082	0.01198	0.00845	0.00833	0.01210	0.01094	0.01575	0.01849	0.02778	0.01750	0.08709	0.69721	0.01077	0.01773	0.00746	0.00369	0.00601
51	0.00809	0.00693	0.00693	0.00693	0.00924	0.00578	0.00520	0.00982	0.01559	0.01848	0.06931	0.06584	0.71411	0.01733	0.00809	0.00231	0.00347	0.01444	0.00635	0.00578
52	0.01275	0.00638	0.00638	0.00638	0.00797	0.00638	0.00478	0.01594	0.01435	0.02551	0.02232	0.02551	0.01754	0.00797	0.00478	0.00159	0.00319	0.00638	0.79755	0.00638
53	0.01863	0.72922	0.03507	0.01199	0.01773	0.06031	0.01178	0.02081	0.01416	0.01613	0.00956	0.01104	0.00878	0.00591	0.00447	0.00148	0.00755	0.00369	0.00295	0.00874
54	0.01745	0.01491	0.01571	0.01401	0.01795	0.01722	0.01093	0.06771	0.67248	0.02931	0.02730	0.02509	0.02044	0.00923	0.00696	0.00231	0.00552	0.00766	0.00696	0.01087
55	0.02601	0.01916	0.02053	0.01574	0.02122	0.02122	0.01300	0.69408	0.03217	0.04312	0.01643	0.01643	0.01163	0.00821	0.00684	0.00205	0.00753	0.00616	0.00684	0.01163
56	0.01082	0.00831	0.01200	0.01161	0.01296	0.00984	0.00912	0.04412	0.01195	0.01718	0.01771	0.02571	0.01639	0.04707	0.65842	0.01013	0.05923	0.00720	0.00377	0.00644
57	0.01304	0.01228	0.02074	0.72180	0.06749	0.01523	0.01906	0.01759	0.01374	0.01763	0.01218	0.01820	0.00917	0.00682	0.00684	0.00227	0.00909	0.00608	0.00305	0.00770
58	0.01497	0.01497	0.02095	0.01796	0.01796	0.02095	0.01497	0.01646	0.01048	0.01646	0.00898	0.01497	0.00898	0.01197	0.02245	0.00299	0.74704	0.00599	0.00299	0.00748
59	0.02628	0.01872	0.02026	0.01553	0.02100	0.02056	0.01283	0.65546	0.03143	0.08277	0.01704	0.01683	0.01194	0.00823	0.00685	0.00206	0.00743	0.00620	0.00694	0.01164
60	0.02556	0.03261	0.01939	0.01763	0.02115	0.73210	0.01322	0.02732	0.01939	0.01674	0.01058	0.01234	0.00881	0.00705	0.00617	0.00176	0.01234	0.00441	0.00353	0.00793
61	0.01275	0.00638	0.00638	0.00638	0.00797	0.00638	0.00478	0.01594	0.01435	0.02551	0.02232	0.02551	0.01754	0.00797	0.00478	0.00159	0.00319	0.00638	0.79755	0.00638
62	0.00843	0.00599	0.00791	0.00941	0.00978	0.00562	0.00623	0.00955	0.01292	0.01723	0.03679	0.71474	0.04409	0.06337	0.01021	0.00300	0.00412	0.01891	0.00623	0.00548
63	0.01829	0.76368	0.03585	0.01171	0.01756	0.02707	0.01171	0.02049	0.01390	0.01610	0.00951	0.01097	0.00878	0.00585	0.00439	0.00146	0.00732	0.00366	0.00293	0.00878
64	0.01310	0.01252	0.02165	0.70254	0.04647	0.01532	0.05724	0.01773	0.01382	0.01773	0.01226	0.01825	0.00919	0.00678	0.00691	0.00228	0.00926	0.00619	0.00306	0.00769
65	0.00986	0.00667	0.00784	0.00791	0.00805	0.00677	0.00469	0.01016	0.01020	0.01372	0.02199	0.07647	0.02506	0.65401	0.10329	0.00689	0.00768	0.01014	0.00420	0.00441
66	0.01649	0.01581	0.02697	0.11892	0.64340	0.01614	0.02078	0.02061	0.01537	0.02182	0.01279	0.01708	0.01065	0.00618	0.00678	0.00206	0.00824	0.00609	0.00335	0.01048
67	0.01670	0.01602	0.02735	0.08297	0.67775	0.01619	0.02088	0.02079	0.01547	0.02207	0.01283	0.01701	0.01074	0.00614	0.00678	0.00205	0.00819	0.00609	0.00337	0.01065
68	0.00857	0.00617	0.00817	0.00968	0.01027	0.00578	0.00672	0.00996	0.01346	0.01778	0.03908	0.66132	0.07660	0.02101	0.00877	0.00279	0.00415	0.07775	0.00635	0.00563
69	0.08700	0.01316	0.02046	0.40810	0.16990	0.01571	0.01718	0.01805	0.01374	0.02003	0.04707	0.01857	0.01208	0.00767	0.00864	0.00230	0.10259	0.00617	0.00344	0.00815
70	0.02236	0.13659	0.13719	0.01389	0.01990	0.01618	0.01323	0.14601	0.08097	0.25399	0.04201	0.01933	0.01493	0.00777	0.00637	0.00198	0.00692	0.00606	0.00599	0.04833
71	0.01901	0.07613	0.29751	0.01761	0.02397	0.27798	0.03939	0.07219	0.01774	0.02126	0.04739	0.01587	0.01202	0.00817	0.02308	0.00217	0.01045	0.00533	0.00368	0.00904
72	0.02197	0.04363	0.01915	0.01614	0.05221	0.15665	0.01231	0.34258	0.08304	0.03089	0.01697	0.05980	0.01389	0.01055	0.04124	0.00241	0.00847	0.00658	0.00558	0.05596

[dist]
# distance from previous block
# <min> <max>
4	10

[block]
# block no. 1 follows, 31 sequences, length 6
# corresponding to MSA columns:
# 137-142
name=unknown_B
#
# <colnr> <probs for GDERKNQSTAVLIFYWHMCP>
#	G	D	E	R	K	N	Q	S	T	A	V	L	I	F	Y	W	H	M	C	P
0	0.05138	0.01549	0.01727	0.04283	0.01910	0.04636	0.01159	0.27532	0.05216	0.14368	0.02307	0.02322	0.09539	0.00958	0.00889	0.00219	0.10604	0.00705	0.00603	0.04334
1	0.02126	0.01783	0.01686	0.01422	0.01847	0.15348	0.01135	0.25742	0.07877	0.08222	0.02014	0.07714	0.01742	0.00979	0.00692	0.00206	0.00747	0.07561	0.00591	0.10568
2	0.01553	0.07568	0.01473	0.01216	0.01477	0.11444	0.00921	0.11760	0.11618	0.02244	0.02760	0.30176	0.05972	0.05539	0.00890	0.00255	0.00629	0.01160	0.00570	0.00774
3	0.01655	0.07522	0.01827	0.01311	0.01763	0.05864	0.07982	0.01991	0.03943	0.11063	0.05192	0.10627	0.04987	0.00907	0.00709	0.00182	0.03597	0.00768	0.00502	0.27609
4	0.13170	0.01662	0.06408	0.08263	0.02215	0.07980	0.09678	0.12784	0.05250	0.08355	0.05433	0.06378	0.07689	0.00918	0.00682	0.00218	0.00746	0.00771	0.00523	0.00878
5	0.02221	0.06108	0.01999	0.10957	0.02341	0.35695	0.01357	0.08110	0.08113	0.07422	0.01389	0.01566	0.01083	0.00784	0.00790	0.00203	0.08016	0.00537	0.00435	0.00875

[dist]
# distance from previous block
# <min> <max>
10	87

[block]
# block no. 2 follows, 31 sequences, length 112
# corresponding to MSA columns:
# 239-350
name=unknown_C
#
# <colnr> <probs for GDERKNQSTAVLIFYWHMCP>
#	G	D	E	R	K	N	Q	S	T	A	V	L	I	F	Y	W	H	M	C	P
0	0.04750	0.01929	0.06655	0.01523	0.02097	0.01947	0.01315	0.54563	0.05316	0.03896	0.01598	0.01627	0.01151	0.00781	0.00659	0.00198	0.00734	0.00588	0.00626	0.08047
1	0.01713	0.27372	0.37317	0.04480	0.02494	0.04444	0.01870	0.04743	0.01539	0.06361	0.01236	0.01399	0.00935	0.00650	0.00584	0.00192	0.00886	0.00476	0.00342	0.00965
2	0.02061	0.11946	0.13228	0.01471	0.02041	0.01868	0.01367	0.36137	0.04538	0.04844	0.01686	0.06537	0.01382	0.03466	0.00749	0.00216	0.00743	0.00663	0.00549	0.04510
3	0.05507	0.01460	0.01864	0.08376	0.28832	0.08464	0.01403	0.04613	0.03706	0.02197	0.06686	0.02875	0.14485	0.02917	0.03502	0.00255	0.00756	0.00793	0.00450	0.00859
4	0.01444	0.01070	0.01229	0.01161	0.01392	0.01133	0.00867	0.19714	0.10935	0.02649	0.05458	0.40670	0.03263	0.01549	0.00781	0.00245	0.00506	0.01357	0.03782	0.00795
5	0.02298	0.04889	0.02248	0.02282	0.20055	0.21193	0.01501	0.29489	0.04525	0.02919	0.01404	0.01555	0.01086	0.00730	0.00656	0.00196	0.00891	0.00563	0.00492	0.01030
6	0.00843	0.00602	0.00805	0.00964	0.01008	0.00564	0.00652	0.00969	0.01319	0.01757	0.03765	0.73053	0.04504	0.02134	0.00876	0.00279	0.00405	0.04306	0.00635	0.00558
7	0.01640	0.01587	0.02713	0.11307	0.54948	0.01640	0.06539	0.02117	0.04345	0.02188	0.01335	0.01746	0.01098	0.00647	0.00738	0.00212	0.03196	0.00629	0.00349	0.01028
8	0.01275	0.00638	0.00638	0.00638	0.00797	0.00638	0.00478	0.01594	0.01435	0.02551	0.02232	0.02551	0.01754	0.00797	0.00478	0.00159	0.00319	0.00638	0.79755	0.00638
9	0.01419	0.01216	0.01419	0.01013	0.01621	0.00912	0.00811	0.01723	0.01419	0.02229	0.01216	0.01419	0.01013	0.00507	0.00507	0.00101	0.00507	0.00405	0.00405	0.80139
10	0.00891	0.00641	0.00857	0.01009	0.01082	0.00607	0.00732	0.01055	0.01377	0.01816	0.03862	0.58071	0.07018	0.02072	0.00886	0.00284	0.00446	0.16087	0.00634	0.00573
11	0.01275	0.00638	0.00638	0.00638	0.00797	0.00638	0.00478	0.01594	0.01435	0.02551	0.02232	0.02551	0.01754	0.00797	0.00478	0.00159	0.00319	0.00638	0.79755	0.00638
12	0.01292	0.01216	0.02052	0.74312	0.04712	0.01520	0.01900	0.01748	0.01368	0.01748	0.01216	0.01824	0.00912	0.00684	0.00684	0.00228	0.00912	0.00608	0.00304	0.00760
13	0.80789	0.01323	0.01006	0.00900	0.01323	0.01535	0.00741	0.02011	0.01164	0.03070	0.00953	0.01111	0.00741	0.00635	0.00423	0.00212	0.00529	0.00370	0.00423	0.00741
14	0.07144	0.22988	0.02149	0.01256	0.01758	0.04248	0.01076	0.05535	0.16823	0.27273	0.02009	0.01883	0.01438	0.00770	0.00599	0.00196	0.00643	0.00583	0.00605	0.01025
15	0.00933	0.00698	0.00866	0.00824	0.01000	0.00631	0.00618	0.01223	0.01853	0.02546	0.57110	0.05436	0.20796	0.01472	0.00807	0.00219	0.00328	0.01283	0.00727	0.00631
16	0.00944	0.00649	0.00870	0.00992	0.01050	0.00626	0.00679	0.01070	0.01326	0.04521	0.03630	0.70091	0.04289	0.02060	0.00913	0.00276	0.02946	0.01849	0.00632	0.00586
17	0.72817	0.01359	0.01112	0.03510	0.01495	0.01573	0.00819	0.06479	0.01308	0.03106	0.01008	0.01172	0.00775	0.00649	0.00450	0.00212	0.00557	0.00395	0.00437	0.00770
18	0.01169	0.00596	0.00883	0.00889	0.00891	0.00595	0.00590	0.00897	0.00910	0.01214	0.01315	0.04926	0.01354	0.04596	0.02630	0.74675	0.00589	0.00657	0.00313	0.00310
19	0.01526	0.02607	0.38460	0.02814	0.29125	0.01616	0.05211	0.02233	0.05765	0.02237	0.01354	0.01626	0.01033	0.00649	0.00670	0.00213	0.00913	0.00575	0.00336	0.01039
20	0.00968	0.00699	0.00914	0.00861	0.01022	0.00646	0.00646	0.01291	0.01937	0.02743	0.71328	0.05110	0.06455	0.01399	0.00807	0.00215	0.00323	0.01237	0.00753	0.00646
21	0.01006	0.05719	0.01069	0.00875	0.01062	0.00772	0.00671	0.01299	0.01836	0.02545	0.58072	0.09264	0.10441	0.01413	0.00787	0.00216	0.00356	0.01237	0.00707	0.00651
22	0.01402	0.08287	0.67925	0.01899	0.02882	0.01662	0.02439	0.02159	0.01441	0.02130	0.01210	0.01422	0.00867	0.00646	0.00636	0.00212	0.00993	0.00496	0.00289	0.01002
23	0.01468	0.18805	0.57985	0.01787	0.02708	0.01823	0.02243	0.02142	0.01433	0.02050	0.01170	0.01372	0.00869	0.00636	0.00606	0.00202	0.00953	0.00476	0.00290	0.00983
24	0.02576	0.01104	0.01457	0.01153	0.01600	0.00993	0.00938	0.06936	0.02016	0.52367	0.16141	0.02841	0.02601	0.00953	0.00705	0.00211	0.00534	0.00790	0.03038	0.01047
25	0.01292	0.01216	0.02052	0.74312	0.04712	0.01520	0.01900	0.01748	0.01368	0.01748	0.01216	0.01824	0.00912	0.00684	0.00684	0.00228	0.00912	0.00608	0.00304	0.00760
26	0.01804	0.06584	0.08032	0.05550	0.36258	0.10966	0.04460	0.06226	0.06678	0.02260	0.01442	0.01853	0.01195	0.00704	0.00669	0.00205	0.00865	0.02858	0.00389	0.00999
27	0.01093	0.00853	0.01232	0.01184	0.01312	0.01024	0.00934	0.04052	0.01181	0.01705	0.01737	0.02533	0.01612	0.04585	0.63602	0.00988	0.08638	0.00716	0.00373	0.00646
28	0.00834	0.00595	0.00794	0.00953	0.00992	0.00556	0.00635	0.00953	0.01310	0.01746	0.03771	0.75510	0.04525	0.02143	0.00873	0.00278	0.00397	0.01945	0.00635	0.00556
29	0.02460	0.12867	0.02155	0.01685	0.02068	0.63946	0.01302	0.02642	0.01867	0.01666	0.01044	0.01216	0.00881	0.00689	0.00594	0.00172	0.01168	0.00431	0.00345	0.00804
30	0.01131	0.00965	0.01200	0.01196	0.01342	0.05373	0.04977	0.03718	0.04530	0.01989	0.07744	0.50032	0.03861	0.01769	0.00872	0.00263	0.02342	0.05438	0.00603	0.00653
31	0.01693	0.01626	0.02777	0.04199	0.71689	0.01626	0.02100	0.02100	0.01558	0.02235	0.01287	0.01693	0.01084	0.00610	0.00677	0.00203	0.00813	0.00610	0.00339	0.01084
32	0.01819	0.01772	0.02252	0.05009	0.32781	0.11011	0.01612	0.09146	0.01693	0.02296	0.01235	0.01561	0.01026	0.00697	0.00822	0.00194	0.09352	0.00551	0.00383	0.14790
33	0.01292	0.01216	0.02052	0.74312	0.04712	0.01520	0.01900	0.01748	0.01368	0.01748	0.01216	0.01824	0.00912	0.00684	0.00684	0.00228	0.00912	0.00608	0.00304	0.00760
34	0.02459	0.01807	0.01932	0.01504	0.02017	0.02002	0.01235	0.60812	0.07604	0.04106	0.01755	0.01760	0.01262	0.00827	0.00672	0.00204	0.00712	0.00628	0.05578	0.01126
35	0.01275	0.00638	0.00638	0.00638	0.00797	0.00638	0.00478	0.01594	0.01435	0.02551	0.02232	0.02551	0.01754	0.00797	0.00478	0.00159	0.00319	0.00638	0.79755	0.00638
36	0.02545	0.01889	0.02022	0.01563	0.02100	0.02096	0.01287	0.65338	0.07377	0.04222	0.01713	0.01699	0.01221	0.00828	0.00685	0.00207	0.00740	0.00626	0.00685	0.01158
37	0.01317	0.01258	0.02133	0.67045	0.04488	0.01564	0.04531	0.01759	0.01358	0.01759	0.01203	0.01805	0.00916	0.00711	0.00785	0.00232	0.05449	0.00615	0.00305	0.00766
38	0.01431	0.12971	0.63498	0.01849	0.02805	0.01734	0.02352	0.02151	0.01437	0.02094	0.01192	0.01399	0.00868	0.00642	0.00623	0.00208	0.00975	0.00487	0.00289	0.00994
39	0.02540	0.01784	0.01944	0.01515	0.02041	0.01955	0.01243	0.54590	0.11239	0.11162	0.01890	0.01824	0.01331	0.00837	0.00686	0.00209	0.00710	0.00643	0.00703	0.01154
40	0.01275	0.00638	0.00638	0.00638	0.00797	0.00638	0.00478	0.01594	0.01435	0.02551	0.02232	0.02551	0.01754	0.00797	0.00478	0.00159	0.00319	0.00638	0.79755	0.00638
41	0.02561	0.01863	0.02006	0.01551	0.02088	0.02057	0.01277	0.63077	0.07334	0.06543	0.01749	0.01722	0.01239	0.00829	0.00685	0.00207	0.00734	0.00628	0.00691	0.01159
42	0.00994	0.00668	0.00771	0.00771	0.00779	0.00677	0.00445	0.01011	0.01002	0.01345	0.02133	0.04353	0.02434	0.71059	0.08307	0.00693	0.00744	0.00977	0.00411	0.00428
43	0.01716	0.01281	0.01473	0.01251	0.01581	0.03726	0.03399	0.20587	0.11165	0.07337	0.21171	0.10871	0.04801	0.03556	0.00830	0.00234	0.00567	0.00985	0.02594	0.00875
44	0.80789	0.01323	0.01006	0.00900	0.01323	0.01535	0.00741	0.02011	0.01164	0.03070	0.00953	0.01111	0.00741	0.00635	0.00423	0.00212	0.00529	0.00370	0.00423	0.00741
45	0.05086	0.10131	0.02075	0.01662	0.02055	0.58426	0.01286	0.07908	0.01961	0.01923	0.01090	0.01249	0.00899	0.00700	0.00599	0.00177	0.01124	0.00445	0.00375	0.00829
46	0.00977	0.00733	0.01100	0.01100	0.01222	0.00855	0.00855	0.01222	0.01100	0.01588	0.01833	0.02688	0.01710	0.05131	0.73245	0.01100	0.01833	0.00733	0.00367	0.00611
47	0.04911	0.01465	0.02831	0.23337	0.07650	0.01502	0.33679	0.01889	0.01480	0.02047	0.01619	0.11337	0.01443	0.00815	0.00755	0.00233	0.00937	0.00866	0.00374	0.00830
48	0.01432	0.13109	0.63368	0.01848	0.02803	0.01736	0.02349	0.02151	0.01437	0.02093	0.01191	0.01399	0.00868	0.00641	0.00622	0.00207	0.00974	0.00487	0.00289	0.00994
49	0.00834	0.00595	0.00794	0.00953	0.00992	0.00556	0.00635	0.00953	0.01310	0.01746	0.03771	0.75510	0.04525	0.02143	0.00873	0.00278	0.00397	0.01945	0.00635	0.00556
50	0.01292	0.01216	0.02052	0.74312	0.04712	0.01520	0.01900	0.01748	0.01368	0.01748	0.01216	0.01824	0.00912	0.00684	0.00684	0.00228	0.00912	0.00608	0.00304	0.00760
51	0.01310	0.01251	0.02163	0.70301	0.04648	0.01532	0.05679	0.01773	0.01382	0.01773	0.01225	0.01825	0.00919	0.00678	0.00691	0.00228	0.00926	0.00619	0.00306	0.00769
52	0.01497	0.01497	0.02095	0.01796	0.01796	0.02095	0.01497	0.01646	0.01048	0.01646	0.00898	0.01497	0.00898	0.01197	0.02245	0.00299	0.74704	0.00599	0.00299	0.00748
53	0.03070	0.01164	0.01588	0.01217	0.01746	0.01006	0.01006	0.03334	0.01958	0.72163	0.02699	0.02329	0.01694	0.00847	0.00688	0.00212	0.00582	0.00688	0.00847	0.01164
54	0.01292	0.01216	0.02052	0.74312	0.04712	0.01520	0.01900	0.01748	0.01368	0.01748	0.01216	0.01824	0.00912	0.00684	0.00684	0.00228	0.00912	0.00608	0.00304	0.00760
55	0.01292	0.01216	0.02052	0.74312	0.04712	0.01520	0.01900	0.01748	0.01368	0.01748	0.01216	0.01824	0.00912	0.00684	0.00684	0.00228	0.00912	0.00608	0.00304	0.00760
56	0.01268	0.10688	0.01335	0.00948	0.01215	0.01011	0.00759	0.01674	0.06796	0.07468	0.45622	0.04353	0.11754	0.01253	0.00742	0.00209	0.00413	0.01072	0.00683	0.00738
57	0.01497	0.01497	0.02095	0.01796	0.01796	0.02095	0.01497	0.01646	0.01048	0.01646	0.00898	0.01497	0.00898	0.01197	0.02245	0.00299	0.74704	0.00599	0.00299	0.00748
58	0.01419	0.01216	0.01419	0.01013	0.01621	0.00912	0.00811	0.01723	0.01419	0.02229	0.01216	0.01419	0.01013	0.00507	0.00507	0.00101	0.00507	0.00405	0.00405	0.80139
59	0.01891	0.01460	0.01625	0.05902	0.01986	0.01654	0.01144	0.08961	0.53587	0.09992	0.02584	0.02409	0.01898	0.00896	0.00694	0.00227	0.00586	0.00741	0.00686	0.01078
60	0.02042	0.01337	0.01518	0.01272	0.01685	0.01414	0.01014	0.16081	0.27988	0.19082	0.11281	0.02923	0.07288	0.01003	0.00714	0.00220	0.00552	0.00827	0.00731	0.01028
61	0.01668	0.01471	0.02260	0.70070	0.04779	0.01700	0.01992	0.01993	0.01596	0.02096	0.01589	0.02319	0.01273	0.00933	0.00839	0.00295	0.01017	0.00724	0.00436	0.00951
62	0.01419	0.01216	0.01419	0.01013	0.01621	0.00912	0.00811	0.01723	0.01419	0.02229	0.01216	0.01419	0.01013	0.00507	0.00507	0.00101	0.00507	0.00405	0.00405	0.80139
63	0.02736	0.01700	0.01919	0.01471	0.02013	0.01800	0.01215	0.50361	0.02854	0.23871	0.01947	0.01840	0.01316	0.00829	0.00685	0.00207	0.00704	0.00637	0.00731	0.01164
64	0.01768	0.69003	0.07743	0.01207	0.01803	0.02560	0.01235	0.02027	0.01414	0.01687	0.03627	0.01271	0.01088	0.00620	0.00466	0.00153	0.00733	0.00407	0.00310	0.00877
65	0.00964	0.00797	0.00858	0.00825	0.01060	0.00741	0.00624	0.01404	0.10702	0.02194	0.21715	0.05704	0.46840	0.01547	0.00793	0.00227	0.00366	0.01307	0.00671	0.00660
66	0.01829	0.76368	0.03585	0.01171	0.01756	0.02707	0.01171	0.02049	0.01390	0.01610	0.00951	0.01097	0.00878	0.00585	0.00439	0.00146	0.00732	0.00366	0.00293	0.00878
67	0.01431	0.01255	0.01581	0.01129	0.01742	0.00963	0.05043	0.01752	0.01431	0.02227	0.01226	0.01445	0.01015	0.00511	0.00525	0.00109	0.00547	0.00430	0.00402	0.75237
68	0.02352	0.01778	0.01898	0.01501	0.02004	0.01975	0.01225	0.54004	0.15810	0.03930	0.02091	0.02032	0.04431	0.00882	0.00692	0.00211	0.00695	0.00682	0.00684	0.01122
69	0.01292	0.01216	0.02052	0.74312	0.04712	0.01520	0.01900	0.01748	0.01368	0.01748	0.01216	0.01824	0.00912	0.00684	0.00684	0.00228	0.00912	0.00608	0.00304	0.00760
70	0.01438	0.03080	0.53888	0.02203	0.03128	0.01627	0.20592	0.02173	0.01491	0.02173	0.01270	0.01553	0.00913	0.00630	0.00693	0.00220	0.01050	0.00587	0.00304	0.00987
71	0.01321	0.01281	0.02278	0.62783	0.04456	0.01520	0.10750	0.01784	0.01399	0.01806	0.01311	0.03935	0.01032	0.00712	0.00706	0.00230	0.00929	0.00673	0.00319	0.00776
72	0.03008	0.03768	0.01675	0.01230	0.01762	0.01109	0.01023	0.05994	0.01990	0.66973	0.02596	0.02258	0.01644	0.00837	0.00679	0.00209	0.00594	0.00674	0.00821	0.01154
73	0.01188	0.00594	0.00891	0.00891	0.00891	0.00594	0.00594	0.00891	0.00891	0.01188	0.01188	0.02080	0.01188	0.02377	0.02674	0.80095	0.00594	0.00594	0.00297	0.00297
74	0.01333	0.01289	0.02232	0.63491	0.04432	0.01574	0.07880	0.01781	0.01370	0.01781	0.01211	0.01806	0.00922	0.00706	0.00791	0.00233	0.05461	0.00625	0.00307	0.00774
75	0.01390	0.01345	0.02110	0.50640	0.03832	0.03975	0.05982	0.01783	0.01348	0.01796	0.01215	0.01783	0.00959	0.00776	0.00960	0.00236	0.14189	0.00615	0.04302	0.00763
76	0.00864	0.00608	0.00785	0.00913	0.00945	0.00576	0.00593	0.00961	0.01250	0.01666	0.03462	0.61915	0.04135	0.16270	0.01373	0.00352	0.00448	0.01763	0.00593	0.00529
77	0.01380	0.03484	0.70216	0.01980	0.02981	0.01593	0.04669	0.02167	0.01450	0.02167	0.01233	0.01457	0.00872	0.00648	0.00655	0.00217	0.01016	0.00515	0.00291	0.01008
78	0.01821	0.06574	0.02206	0.17560	0.02601	0.22939	0.04160	0.03973	0.01485	0.01772	0.01058	0.01484	0.00908	0.00868	0.01214	0.00233	0.27477	0.00549	0.00328	0.00791
79	0.01595	0.01807	0.03915	0.07266	0.03645	0.01717	0.65075	0.02164	0.01600	0.02164	0.01374	0.01844	0.01030	0.00583	0.00800	0.00231	0.01139	0.00795	0.00343	0.00913
80	0.01383	0.01266	0.02039	0.67953	0.04477	0.01562	0.01842	0.05948	0.03279	0.01934	0.01283	0.01832	0.00958	0.00699	0.00684	0.00227	0.00893	0.00613	0.00338	0.00793
81	0.01410	0.09599	0.66685	0.01885	0.02861	0.01682	0.02415	0.02157	0.01440	0.02120	0.01205	0.01416	0.00868	0.00645	0.00632	0.00211	0.00988	0.00494	0.00289	0.01000
82	0.01031	0.00806	0.01176	0.01143	0.01247	0.00964	0.00889	0.01256	0.01120	0.01624	0.04379	0.02754	0.01848	0.08430	0.59424	0.00960	0.09203	0.00752	0.00377	0.00616
83	0.56944	0.17188	0.01637	0.01031	0.01488	0.06196	0.00884	0.04216	0.01325	0.02718	0.00981	0.01133	0.00792	0.00635	0.00447	0.00196	0.00622	0.00382	0.00400	0.00786
84	0.01829	0.76368	0.03585	0.01171	0.01756	0.02707	0.01171	0.02049	0.01390	0.01610	0.00951	0.01097	0.00878	0.00585	0.00439	0.00146	0.00732	0.00366	0.00293	0.00878
85	0.00833	0.00694	0.00727	0.00719	0.00939	0.00588	0.00539	0.01029	0.01617	0.01985	0.16809	0.06358	0.61448	0.01681	0.00808	0.00229	0.00343	0.01412	0.00653	0.00588
86	0.00964	0.00705	0.00909	0.00874	0.01040	0.00650	0.00666	0.01275	0.01882	0.02626	0.61672	0.05402	0.11491	0.01458	0.00816	0.00223	0.00345	0.05628	0.00735	0.00639
87	0.02601	0.01916	0.02053	0.01574	0.02122	0.02122	0.01300	0.69408	0.03217	0.04312	0.01643	0.01643	0.01163	0.00821	0.00684	0.00205	0.00753	0.00616	0.00684	0.01163
88	0.03016	0.01176	0.01586	0.01224	0.01748	0.01033	0.01009	0.03346	0.04642	0.69447	0.02702	0.02337	0.01709	0.00850	0.00688	0.00212	0.00581	0.00691	0.00841	0.01161
89	0.00829	0.00685	0.00727	0.00735	0.00941	0.00584	0.00544	0.01015	0.01581	0.01943	0.14101	0.12351	0.58142	0.01729	0.00814	0.00233	0.00348	0.01463	0.00649	0.00584
90	0.01362	0.01336	0.02315	0.55041	0.04162	0.01627	0.10560	0.01791	0.01356	0.01791	0.01194	0.01782	0.00926	0.00741	0.00916	0.00238	0.11141	0.00633	0.00309	0.00779
91	0.02579	0.01867	0.02013	0.01552	0.02092	0.02059	0.01279	0.63923	0.06128	0.06906	0.01734	0.01709	0.01225	0.00827	0.00685	0.00207	0.00737	0.00626	0.00691	0.01160
92	0.03055	0.01188	0.01603	0.01229	0.01758	0.01041	0.01015	0.05445	0.01998	0.69995	0.02665	0.02307	0.01677	0.00846	0.00688	0.00211	0.00588	0.00686	0.00842	0.01164
93	0.01056	0.00769	0.01038	0.01159	0.01325	0.00751	0.00995	0.01355	0.01604	0.02084	0.09852	0.07359	0.12072	0.01829	0.00917	0.00297	0.00570	0.53700	0.00641	0.00625
94	0.01419	0.01216	0.01419	0.01013	0.01621	0.00912	0.00811	0.01723	0.01419	0.02229	0.01216	0.01419	0.01013	0.00507	0.00507	0.00101	0.00507	0.00405	0.00405	0.80139
95	0.80789	0.01323	0.01006	0.00900	0.01323	0.01535	0.00741	0.02011	0.01164	0.03070	0.00953	0.01111	0.00741	0.00635	0.00423	0.00212	0.00529	0.00370	0.00423	0.00741
96	0.03070	0.01164	0.01588	0.01217	0.01746	0.01006	0.01006	0.03334	0.01958	0.72163	0.02699	0.02329	0.01694	0.00847	0.00688	0.00212	0.00582	0.00688	0.00847	0.01164
97	0.00941	0.00691	0.00881	0.00849	0.01009	0.00631	0.00631	0.01232	0.01849	0.02571	0.59243	0.10394	0.13549	0.01490	0.00812	0.00221	0.00331	0.01312	0.00731	0.00631
98	0.00959	0.00692	0.00906	0.00867	0.01020	0.00640	0.00645	0.01269	0.01895	0.02677	0.66840	0.09787	0.06327	0.01448	0.00811	0.00219	0.00328	0.01284	0.00745	0.00640
99	0.00944	0.00673	0.00868	0.00865	0.00980	0.00629	0.00614	0.01183	0.01687	0.02356	0.48557	0.19453	0.05548	0.11175	0.01166	0.00286	0.00382	0.01351	0.00685	0.00597
100	0.80789	0.01323	0.01006	0.00900	0.01323	0.01535	0.00741	0.02011	0.01164	0.03070	0.00953	0.01111	0.00741	0.00635	0.00423	0.00212	0.00529	0.00370	0.00423	0.00741
101	0.01829	0.76368	0.03585	0.01171	0.01756	0.02707	0.01171	0.02049	0.01390	0.01610	0.00951	0.01097	0.00878	0.00585	0.00439	0.00146	0.00732	0.00366	0.00293	0.00878
102	0.00977	0.00733	0.01100	0.01100	0.01222	0.00855	0.00855	0.01222	0.01100	0.01588	0.01833	0.02688	0.01710	0.05131	0.73245	0.01100	0.01833	0.00733	0.00367	0.00611
103	0.01213	0.00758	0.00998	0.00922	0.01127	0.00694	0.00712	0.01525	0.01907	0.10633	0.57705	0.04988	0.07374	0.01374	0.00802	0.00221	0.00372	0.05219	0.00753	0.00702
104	0.00812	0.00680	0.00706	0.00727	0.00933	0.00575	0.00535	0.00978	0.01527	0.01835	0.06521	0.15510	0.62749	0.01786	0.00817	0.00237	0.00353	0.01509	0.00635	0.00575
105	0.01400	0.08046	0.68153	0.01902	0.02886	0.01658	0.02444	0.02159	0.01441	0.02132	0.01211	0.01423	0.00867	0.00646	0.00637	0.00212	0.00994	0.00497	0.00289	0.01003
106	0.07259	0.02930	0.01834	0.01661	0.02011	0.61426	0.01256	0.05323	0.01892	0.01863	0.01123	0.01333	0.00935	0.00979	0.05102	0.00237	0.01208	0.00462	0.00371	0.00794
107	0.72698	0.01534	0.03985	0.00996	0.01439	0.05972	0.00850	0.02062	0.01224	0.02946	0.00970	0.01133	0.00755	0.00640	0.00445	0.00210	0.00593	0.00380	0.00413	0.00755
108	0.06653	0.68558	0.06457	0.01188	0.01782	0.02586	0.01204	0.02051	0.01379	0.01724	0.00963	0.01114	0.00869	0.00591	0.00447	0.00153	0.00732	0.00372	0.00301	0.00875
109	0.19509	0.01304	0.01769	0.51677	0.03700	0.04322	0.01580	0.01833	0.01352	0.02059	0.01248	0.01879	0.00995	0.00723	0.00632	0.00226	0.00826	0.03267	0.00347	0.00752
110	0.06087	0.00791	0.00923	0.00912	0.01072	0.00767	0.00640	0.03996	0.01399	0.09292	0.03450	0.28155	0.14432	0.20561	0.04091	0.00383	0.00550	0.01295	0.00581	0.00625
111	0.19675	0.01511	0.01581	0.01250	0.01749	0.04306	0.01022	0.24010	0.02134	0.22924	0.04358	0.01814	0.01395	0.00774	0.00613	0.00197	0.00634	0.00578	0.00635	0.08839

[dist]
# distance from previous block
# <min> <max>
8	25

[block]
# block no. 3 follows, 31 sequences, length 6
# corresponding to MSA columns:
# 377-382
name=unknown_D
#
# <colnr> <probs for GDERKNQSTAVLIFYWHMCP>
#	G	D	E	R	K	N	Q	S	T	A	V	L	I	F	Y	W	H	M	C	P
0	0.46038	0.01506	0.01421	0.01161	0.01638	0.01675	0.00958	0.24839	0.01941	0.10985	0.01374	0.01422	0.00987	0.00721	0.00540	0.00210	0.00610	0.00488	0.00557	0.00929
1	0.01474	0.16608	0.02119	0.22405	0.02565	0.01585	0.01275	0.01788	0.01358	0.01899	0.01127	0.01479	0.00944	0.00650	0.00734	0.00169	0.08785	0.00477	0.00341	0.32217
2	0.01058	0.00602	0.00848	0.00893	0.00922	0.00582	0.00600	0.00916	0.01062	0.01398	0.02369	0.23270	0.07607	0.02260	0.02017	0.51220	0.00519	0.01044	0.00419	0.00392
3	0.01045	0.00600	0.00845	0.00902	0.00916	0.00586	0.00595	0.00922	0.01051	0.01401	0.02200	0.28879	0.02500	0.08081	0.02085	0.44920	0.00528	0.01115	0.00429	0.00400
4	0.01892	0.01564	0.01654	0.01431	0.01851	0.01791	0.01129	0.17550	0.56229	0.03169	0.02543	0.02360	0.01893	0.00906	0.00694	0.00226	0.00586	0.00740	0.00694	0.01100
5	0.01922	0.01471	0.01591	0.01387	0.01802	0.01659	0.01092	0.08774	0.57675	0.10555	0.02685	0.02456	0.01972	0.00911	0.00694	0.00228	0.00563	0.00752	0.00712	0.01098

[dist]
# distance from previous block
# <min> <max>
0	2

[block]
# block no. 4 follows, 31 sequences, length 6
# corresponding to MSA columns:
# 385-390
name=unknown_E
#
# <colnr> <probs for GDERKNQSTAVLIFYWHMCP>
#	G	D	E	R	K	N	Q	S	T	A	V	L	I	F	Y	W	H	M	C	P
0	0.01090	0.00801	0.00925	0.00945	0.01034	0.00834	0.00630	0.01493	0.13853	0.01753	0.02755	0.21978	0.03002	0.39689	0.02180	0.00469	0.00573	0.04878	0.00533	0.00584
1	0.00945	0.00667	0.00758	0.00765	0.00827	0.00637	0.00476	0.01021	0.01223	0.01606	0.10528	0.10463	0.15718	0.48642	0.02503	0.00506	0.00548	0.01177	0.00508	0.00480
2	0.00870	0.00600	0.00797	0.00933	0.00967	0.00566	0.00616	0.00951	0.01257	0.01676	0.03471	0.65135	0.04141	0.07602	0.01192	0.05891	0.00430	0.01780	0.00595	0.00527
3	0.00995	0.00663	0.00746	0.00746	0.00746	0.00663	0.00415	0.00995	0.00995	0.01327	0.02156	0.04477	0.02487	0.75957	0.03482	0.00663	0.00663	0.00995	0.00415	0.00415
4	0.01602	0.01807	0.03823	0.02764	0.03379	0.01770	0.61740	0.02131	0.01552	0.02131	0.01331	0.01807	0.01023	0.00645	0.00966	0.00238	0.09262	0.00784	0.00341	0.00904
5	0.01066	0.00771	0.01052	0.01173	0.01336	0.00756	0.01008	0.01372	0.01616	0.02115	0.11813	0.07332	0.08950	0.01821	0.00919	0.00297	0.00574	0.54755	0.00645	0.00628

[dist]
# distance from previous block
# <min> <max>
13	26

[block]
# block no. 5 follows, 31 sequences, length 7
# corresponding to MSA columns:
# 418-424
name=unknown_F
#
# <colnr> <probs for GDERKNQSTAVLIFYWHMCP>
#	G	D	E	R	K	N	Q	S	T	A	V	L	I	F	Y	W	H	M	C	P
0	0.01467	0.01310	0.02052	0.64575	0.04365	0.01601	0.01820	0.10806	0.01615	0.02091	0.01273	0.01800	0.00946	0.00702	0.00684	0.00225	0.00891	0.00609	0.00355	0.00814
1	0.05294	0.08303	0.01692	0.01185	0.01664	0.01253	0.00984	0.06511	0.07144	0.43318	0.10643	0.02453	0.02135	0.00874	0.00664	0.00203	0.00567	0.00706	0.00733	0.03674
2	0.01270	0.00751	0.01010	0.00973	0.01063	0.00748	0.00679	0.07434	0.01214	0.01638	0.01701	0.15311	0.01782	0.02092	0.02049	0.53995	0.00569	0.00831	0.00401	0.04488
3	0.01762	0.01447	0.01759	0.20441	0.02576	0.01648	0.01321	0.20374	0.25866	0.02899	0.05803	0.02403	0.01802	0.00881	0.00698	0.00221	0.00684	0.03051	0.00581	0.03782
4	0.01622	0.01750	0.02022	0.55362	0.04034	0.20246	0.01749	0.02005	0.01517	0.01729	0.01175	0.01670	0.00904	0.00689	0.00666	0.00214	0.00996	0.00564	0.00317	0.00769
5	0.01552	0.01560	0.01903	0.04854	0.01852	0.08207	0.01360	0.01862	0.07292	0.01731	0.01213	0.01864	0.01153	0.08188	0.02012	0.00314	0.51344	0.00638	0.00350	0.00751
6	0.01328	0.01266	0.02060	0.61448	0.04195	0.01622	0.01828	0.01730	0.01311	0.01730	0.01160	0.01766	0.00910	0.00775	0.00961	0.00241	0.14003	0.00606	0.00303	0.00758

[dist]
# distance from previous block
# <min> <max>
0	9

[block]
# block no. 6 follows, 31 sequences, length 17
# corresponding to MSA columns:
# 434-450
name=unknown_G
#
# <colnr> <probs for GDERKNQSTAVLIFYWHMCP>
#	G	D	E	R	K	N	Q	S	T	A	V	L	I	F	Y	W	H	M	C	P
0	0.08312	0.14162	0.21263	0.36360	0.03459	0.01734	0.01850	0.01933	0.01375	0.01954	0.01153	0.01540	0.00879	0.00654	0.00612	0.00210	0.00876	0.00520	0.00308	0.00846
1	0.01308	0.01247	0.02151	0.70767	0.04656	0.01530	0.05241	0.01770	0.01380	0.01770	0.01224	0.01825	0.00918	0.00679	0.00690	0.00228	0.00924	0.00618	0.00306	0.00768
2	0.01300	0.01216	0.02014	0.69949	0.04528	0.01484	0.01835	0.01746	0.01371	0.01777	0.01216	0.01800	0.00918	0.00673	0.00673	0.00220	0.00888	0.00596	0.00310	0.05486
3	0.00957	0.00694	0.00968	0.00994	0.01075	0.00761	0.00718	0.01125	0.01111	0.01555	0.02232	0.15354	0.02361	0.20749	0.45183	0.00862	0.01325	0.00997	0.00423	0.00557
4	0.00905	0.00671	0.00870	0.00960	0.01069	0.00599	0.00656	0.01046	0.01323	0.01805	0.03459	0.66481	0.04097	0.01944	0.00829	0.00256	0.00410	0.01757	0.00607	0.10254
5	0.01188	0.00594	0.00891	0.00891	0.00891	0.00594	0.00594	0.00891	0.00891	0.01188	0.01188	0.02080	0.01188	0.02377	0.02674	0.80095	0.00594	0.00594	0.00297	0.00297
6	0.80789	0.01323	0.01006	0.00900	0.01323	0.01535	0.00741	0.02011	0.01164	0.03070	0.00953	0.01111	0.00741	0.00635	0.00423	0.00212	0.00529	0.00370	0.00423	0.00741
7	0.05154	0.03231	0.62890	0.08190	0.03035	0.01580	0.02388	0.02123	0.01424	0.02173	0.01214	0.01462	0.00865	0.00652	0.00642	0.00217	0.00979	0.00508	0.00297	0.00976
8	0.02558	0.03190	0.01945	0.01753	0.02115	0.69482	0.01321	0.06228	0.02006	0.01813	0.01088	0.01255	0.00896	0.00711	0.00620	0.00178	0.01209	0.00450	0.00370	0.00813
9	0.00834	0.00595	0.00794	0.00953	0.00992	0.00556	0.00635	0.00953	0.01310	0.01746	0.03771	0.75510	0.04525	0.02143	0.00873	0.00278	0.00397	0.01945	0.00635	0.00556
10	0.00834	0.00595	0.00794	0.00953	0.00992	0.00556	0.00635	0.00953	0.01310	0.01746	0.03771	0.75510	0.04525	0.02143	0.00873	0.00278	0.00397	0.01945	0.00635	0.00556
11	0.80789	0.01323	0.01006	0.00900	0.01323	0.01535	0.00741	0.02011	0.01164	0.03070	0.00953	0.01111	0.00741	0.00635	0.00423	0.00212	0.00529	0.00370	0.00423	0.00741
12	0.01028	0.00645	0.00863	0.00976	0.01058	0.00595	0.00667	0.01160	0.01366	0.07867	0.03678	0.69149	0.04279	0.02031	0.00857	0.00272	0.00413	0.01836	0.00653	0.00609
13	0.01636	0.01850	0.03640	0.02663	0.03231	0.04808	0.55568	0.02128	0.01538	0.02083	0.01293	0.01764	0.01009	0.00681	0.01028	0.00239	0.12854	0.00759	0.00339	0.00890
14	0.05165	0.56603	0.16201	0.01328	0.01976	0.05345	0.01411	0.02097	0.01413	0.01779	0.01007	0.01168	0.00870	0.00604	0.00485	0.00163	0.00796	0.00395	0.00300	0.00893
15	0.01836	0.39456	0.19458	0.01516	0.02114	0.16005	0.01545	0.02179	0.01483	0.01757	0.01033	0.01236	0.00877	0.00669	0.00657	0.00180	0.06380	0.00431	0.00304	0.00884
16	0.04272	0.44641	0.13145	0.05730	0.02126	0.07976	0.01432	0.02109	0.01424	0.03960	0.01066	0.01274	0.00901	0.00670	0.00652	0.00180	0.06810	0.00436	0.00320	0.00878

[dist]
# distance from previous block
# <min> <max>
3	23

[block]
# block no. 7 follows, 31 sequences, length 9
# corresponding to MSA columns:
# 474-482
name=unknown_H
#
# <colnr> <probs for GDERKNQSTAVLIFYWHMCP>
#	G	D	E	R	K	N	Q	S	T	A	V	L	I	F	Y	W	H	M	C	P
0	0.12171	0.29944	0.20021	0.01302	0.01878	0.05879	0.01357	0.01915	0.01412	0.01984	0.01823	0.08605	0.07486	0.00862	0.00574	0.00194	0.00738	0.00649	0.00375	0.00832
1	0.03579	0.08997	0.04380	0.01240	0.01602	0.07904	0.01039	0.02329	0.11852	0.17946	0.10183	0.13048	0.02729	0.01172	0.00720	0.00227	0.00619	0.08941	0.00625	0.00867
2	0.33850	0.05186	0.07281	0.08710	0.02036	0.06197	0.01200	0.14437	0.01696	0.04589	0.04527	0.01555	0.01165	0.00745	0.00639	0.00212	0.04143	0.00515	0.00458	0.00858
3	0.20036	0.20147	0.19781	0.15700	0.02676	0.01846	0.07014	0.02022	0.01365	0.02162	0.01106	0.01388	0.00863	0.00632	0.00565	0.00202	0.00823	0.00484	0.00329	0.00860
4	0.15971	0.46507	0.02642	0.01097	0.01634	0.02101	0.01023	0.02074	0.01418	0.07275	0.04019	0.01391	0.01159	0.00639	0.00477	0.00161	0.00644	0.00431	0.00388	0.08949
