[name]
unknown

[dist]
# distance from previous block
# <min> <max>
39	69

[block]
# block no. 0 follows, 28 sequences, length 8
# corresponding to MSA columns:
# 77-84
name=unknown_A
#
# <colnr> <probs for GDERKNQSTAVLIFYWHMCP>
#	G	D	E	R	K	N	Q	S	T	A	V	L	I	F	Y	W	H	M	C	P
0	0.01703	0.01631	0.02297	0.38741	0.15702	0.07429	0.04360	0.08817	0.03846	0.02284	0.01713	0.02130	0.04642	0.00791	0.00732	0.00231	0.00927	0.00692	0.00408	0.00923
1	0.11531	0.01394	0.01993	0.33970	0.15018	0.01595	0.01660	0.05698	0.07567	0.02403	0.01924	0.02448	0.05467	0.00860	0.00711	0.00239	0.00805	0.03376	0.00441	0.00901
2	0.00962	0.00742	0.00887	0.00912	0.01100	0.00667	0.00700	0.01213	0.01758	0.02286	0.26260	0.13967	0.32928	0.01800	0.00887	0.00259	0.00410	0.10904	0.00714	0.00642
3	0.01188	0.00820	0.00970	0.00905	0.01128	0.00755	0.00675	0.01538	0.05515	0.07601	0.34331	0.05511	0.26518	0.08024	0.01095	0.00277	0.00417	0.01292	0.00731	0.00708
4	0.01254	0.00688	0.00714	0.00722	0.00894	0.00676	0.00539	0.01560	0.01520	0.02528	0.03089	0.06377	0.11026	0.01247	0.03739	0.00229	0.00418	0.00856	0.61259	0.00664
5	0.08757	0.01335	0.01754	0.10829	0.02281	0.01300	0.01204	0.09450	0.02063	0.49756	0.02407	0.02233	0.01557	0.00857	0.00709	0.00227	0.00679	0.00687	0.00772	0.01146
6	0.03223	0.01299	0.01725	0.01323	0.01886	0.01160	0.01093	0.08494	0.02184	0.65325	0.02781	0.02418	0.01756	0.00898	0.00731	0.00224	0.00633	0.00725	0.00886	0.01237
7	0.02941	0.01360	0.01712	0.01341	0.01864	0.01296	0.01091	0.13180	0.08151	0.50797	0.02675	0.02503	0.01795	0.04744	0.00886	0.00251	0.00647	0.00744	0.00835	0.01188

[dist]
# distance from previous block
# <min> <max>
0	2

[block]
# block no. 1 follows, 28 sequences, length 126
# corresponding to MSA columns:
# 87-212
name=unknown_B
#
# <colnr> <probs for GDERKNQSTAVLIFYWHMCP>
#	G	D	E	R	K	N	Q	S	T	A	V	L	I	F	Y	W	H	M	C	P
0	0.02779	0.02010	0.02166	0.01660	0.02241	0.02216	0.01372	0.65440	0.03375	0.06698	0.01781	0.01769	0.01254	0.00873	0.00727	0.00218	0.00794	0.00657	0.00733	0.01236
1	0.03261	0.01237	0.01687	0.01293	0.01856	0.01068	0.01068	0.03543	0.02081	0.70423	0.02868	0.02474	0.01799	0.00900	0.00731	0.00225	0.00619	0.00731	0.00900	0.01237
2	0.03144	0.01252	0.01679	0.01294	0.01853	0.01096	0.01065	0.03501	0.04839	0.65423	0.02821	0.02453	0.01794	0.00892	0.00725	0.00222	0.00614	0.00725	0.00878	0.03730
3	0.79588	0.01406	0.01068	0.00956	0.01406	0.01631	0.00787	0.02137	0.01237	0.03261	0.01012	0.01181	0.00787	0.00675	0.00450	0.00225	0.00562	0.00394	0.00450	0.00787
4	0.06245	0.02186	0.02116	0.01665	0.02215	0.10879	0.01357	0.56461	0.03149	0.04171	0.01634	0.01665	0.01178	0.00848	0.00706	0.00215	0.00853	0.00619	0.00671	0.01167
5	0.02531	0.01902	0.02056	0.01572	0.02157	0.02037	0.01292	0.54816	0.05622	0.04177	0.01721	0.01745	0.01249	0.00825	0.00698	0.00202	0.00750	0.00626	0.00681	0.13340
6	0.06042	0.02517	0.02398	0.01926	0.02443	0.28123	0.11630	0.28260	0.04482	0.03074	0.01472	0.01619	0.01112	0.00780	0.00708	0.00212	0.01040	0.00609	0.00527	0.01026
7	0.02251	0.01670	0.01853	0.01398	0.01980	0.01661	0.01136	0.37525	0.02552	0.06621	0.01650	0.01812	0.01259	0.03730	0.00778	0.00197	0.00691	0.00591	0.00613	0.30033
8	0.02133	0.52052	0.06686	0.01423	0.02032	0.10683	0.01355	0.12148	0.01841	0.02182	0.01149	0.01289	0.00979	0.00678	0.00539	0.00172	0.00857	0.00445	0.00381	0.00975
9	0.19094	0.10515	0.02083	0.01532	0.04068	0.10152	0.01228	0.28301	0.02344	0.11783	0.01558	0.01598	0.01137	0.00783	0.00629	0.00209	0.00786	0.00555	0.00588	0.01056
10	0.05546	0.58297	0.13250	0.01375	0.02044	0.05428	0.01437	0.02222	0.01498	0.01871	0.01058	0.01226	0.00924	0.00639	0.00506	0.00171	0.00832	0.00414	0.00319	0.00943
11	0.01302	0.00933	0.01086	0.01056	0.01205	0.00949	0.00735	0.13793	0.01725	0.02300	0.06207	0.33192	0.06798	0.23317	0.01703	0.00396	0.00572	0.01436	0.00621	0.00675
12	0.02715	0.03464	0.02060	0.01873	0.02247	0.71536	0.01404	0.02903	0.02060	0.01779	0.01124	0.01311	0.00936	0.00749	0.00655	0.00187	0.01311	0.00468	0.00375	0.00843
13	0.01507	0.01292	0.01507	0.01077	0.01723	0.00969	0.00861	0.01830	0.01507	0.02369	0.01292	0.01507	0.01077	0.00538	0.00538	0.00108	0.00538	0.00431	0.00431	0.78898
14	0.01038	0.00779	0.01168	0.01168	0.01298	0.00909	0.00909	0.01298	0.01168	0.01687	0.01947	0.02856	0.01817	0.05452	0.71573	0.01168	0.01947	0.00779	0.00389	0.00649
15	0.01458	0.03760	0.70688	0.02072	0.03146	0.01688	0.02686	0.02302	0.01535	0.02302	0.01304	0.01535	0.00921	0.00691	0.00691	0.00230	0.01074	0.00537	0.00307	0.01074
16	0.01021	0.00743	0.00961	0.00906	0.01081	0.00682	0.00680	0.01356	0.02039	0.02870	0.66620	0.05503	0.09802	0.01503	0.00857	0.00229	0.00344	0.01325	0.00794	0.00682
17	0.00886	0.00633	0.00843	0.01012	0.01054	0.00590	0.00675	0.01012	0.01392	0.01856	0.04006	0.73979	0.04808	0.02277	0.00928	0.00295	0.00422	0.02066	0.00675	0.00590
18	0.79588	0.01406	0.01068	0.00956	0.01406	0.01631	0.00787	0.02137	0.01237	0.03261	0.01012	0.01181	0.00787	0.00675	0.00450	0.00225	0.00562	0.00394	0.00450	0.00787
19	0.01029	0.00743	0.00972	0.00914	0.01086	0.00686	0.00686	0.01372	0.02058	0.02915	0.69536	0.05430	0.06859	0.01486	0.00857	0.00229	0.00343	0.01315	0.00800	0.00686
20	0.02739	0.02756	0.02120	0.01773	0.02251	0.37156	0.01393	0.34955	0.02734	0.03170	0.01432	0.01526	0.01085	0.00810	0.00691	0.00203	0.01057	0.00561	0.00550	0.01038
21	0.01642	0.01372	0.01579	0.01140	0.01780	0.01106	0.00917	0.08855	0.01712	0.02605	0.01340	0.01533	0.01094	0.00574	0.00559	0.00119	0.00566	0.00455	0.00462	0.70590
22	0.00867	0.00729	0.00753	0.00764	0.00991	0.00615	0.00566	0.01053	0.01651	0.01990	0.09370	0.11994	0.62452	0.01861	0.00864	0.00249	0.00371	0.01566	0.00680	0.00615
23	0.01458	0.03760	0.70688	0.02072	0.03146	0.01688	0.02686	0.02302	0.01535	0.02302	0.01304	0.01535	0.00921	0.00691	0.00691	0.00230	0.01074	0.00537	0.00307	0.01074
24	0.71434	0.01439	0.01266	0.01323	0.08588	0.01641	0.00939	0.02147	0.01281	0.03168	0.01049	0.01246	0.00825	0.00672	0.00478	0.00224	0.00594	0.00420	0.00440	0.00825
25	0.01057	0.00705	0.00793	0.00793	0.00793	0.00705	0.00440	0.01057	0.01057	0.01409	0.02290	0.04757	0.02643	0.74454	0.03700	0.00705	0.00705	0.01057	0.00440	0.00440
26	0.01911	0.70120	0.08295	0.01299	0.01952	0.02797	0.01340	0.02185	0.01481	0.01750	0.01030	0.01191	0.00932	0.00626	0.00481	0.00160	0.00797	0.00399	0.00311	0.00942
27	0.01364	0.01116	0.01729	0.02313	0.23347	0.01113	0.01482	0.01730	0.01690	0.02281	0.06816	0.05995	0.03368	0.01543	0.00905	0.00291	0.00713	0.40804	0.00578	0.00824
28	0.01039	0.00758	0.00899	0.00854	0.01070	0.00670	0.00644	0.01313	0.01891	0.04971	0.41137	0.05977	0.32899	0.01613	0.00853	0.00236	0.00364	0.01385	0.00752	0.00676
29	0.01799	0.01727	0.02950	0.04462	0.69919	0.01727	0.02231	0.02231	0.01655	0.02375	0.01367	0.01799	0.01151	0.00648	0.00720	0.00216	0.00864	0.00648	0.00360	0.01151
30	0.02783	0.01528	0.05502	0.01731	0.02351	0.01294	0.15910	0.03224	0.04214	0.49776	0.02486	0.02324	0.01617	0.00829	0.00758	0.00230	0.00774	0.00753	0.00748	0.01169
31	0.02707	0.01304	0.01702	0.01490	0.05708	0.01244	0.01127	0.03393	0.16758	0.47107	0.07274	0.02686	0.02194	0.00944	0.00741	0.00229	0.00605	0.00785	0.00827	0.01176
32	0.01038	0.00779	0.01168	0.01168	0.01298	0.00909	0.00909	0.01298	0.01168	0.01687	0.01947	0.02856	0.01817	0.05452	0.71573	0.01168	0.01947	0.00779	0.00389	0.00649
33	0.11835	0.01498	0.01860	0.01635	0.05167	0.01593	0.06522	0.03364	0.34393	0.20461	0.02497	0.02356	0.01791	0.00879	0.00710	0.00237	0.00651	0.00740	0.00697	0.01114
34	0.01572	0.01496	0.02541	0.40734	0.35418	0.01668	0.02118	0.02032	0.01548	0.02100	0.01327	0.01873	0.01054	0.00690	0.00723	0.00230	0.00920	0.00647	0.00340	0.00969
35	0.01687	0.01613	0.02748	0.22418	0.52840	0.01698	0.02175	0.02133	0.01602	0.02239	0.01347	0.01836	0.01103	0.00668	0.00722	0.00223	0.00891	0.00647	0.00350	0.01061
36	0.01377	0.01269	0.02034	0.45907	0.10824	0.01523	0.01762	0.01840	0.04229	0.01952	0.01766	0.13160	0.01637	0.01013	0.00887	0.00254	0.06471	0.00874	0.00399	0.00823
37	0.01751	0.01678	0.02863	0.12170	0.62587	0.01714	0.02207	0.02189	0.01632	0.02316	0.01359	0.01815	0.01131	0.00657	0.00720	0.00219	0.00875	0.00647	0.00356	0.01113
38	0.01672	0.35078	0.41242	0.01707	0.02582	0.02211	0.02051	0.02247	0.01509	0.02041	0.01175	0.01372	0.00926	0.00660	0.00592	0.00197	0.00944	0.00472	0.00309	0.01012
39	0.03261	0.01237	0.01687	0.01293	0.01856	0.01068	0.01068	0.03543	0.02081	0.70423	0.02868	0.02474	0.01799	0.00900	0.00731	0.00225	0.00619	0.00731	0.00900	0.01237
40	0.01504	0.08020	0.50435	0.02101	0.03021	0.01720	0.12526	0.02232	0.01582	0.02279	0.03539	0.02009	0.01287	0.00760	0.00721	0.00232	0.01036	0.03626	0.00349	0.01019
41	0.01434	0.01291	0.02074	0.51244	0.10513	0.01521	0.01848	0.04897	0.01600	0.02078	0.01870	0.02884	0.04032	0.00927	0.00765	0.00250	0.00891	0.08643	0.00402	0.00836
42	0.01794	0.01686	0.02026	0.31458	0.09725	0.10502	0.01613	0.14261	0.04665	0.02468	0.02234	0.02510	0.10177	0.00907	0.00735	0.00229	0.00875	0.00750	0.00472	0.00913
43	0.76380	0.01492	0.01110	0.00994	0.01441	0.04548	0.00813	0.02169	0.01271	0.03199	0.01017	0.01186	0.00793	0.00678	0.00458	0.00223	0.00594	0.00397	0.00447	0.00790
44	0.01943	0.74891	0.03809	0.01244	0.01866	0.02876	0.01244	0.02177	0.01477	0.01710	0.01011	0.01166	0.00933	0.00622	0.00466	0.00155	0.00777	0.00389	0.00311	0.00933
45	0.01445	0.03556	0.65178	0.02058	0.03074	0.01654	0.04594	0.02253	0.01522	0.02272	0.01342	0.01614	0.00971	0.00925	0.04221	0.00277	0.01122	0.00559	0.00313	0.01050
46	0.03045	0.03656	0.04961	0.01313	0.01885	0.01139	0.01134	0.03353	0.02035	0.62328	0.05437	0.02509	0.01936	0.00905	0.00726	0.00223	0.00634	0.00735	0.00849	0.01198
47	0.05702	0.01499	0.01624	0.01423	0.01862	0.01674	0.01120	0.03727	0.54183	0.14460	0.02852	0.02600	0.02081	0.00957	0.00725	0.00242	0.00582	0.00786	0.00753	0.01148
48	0.02750	0.01149	0.01535	0.01250	0.01713	0.01027	0.01002	0.03111	0.05784	0.54101	0.05112	0.13396	0.02435	0.01131	0.00765	0.00237	0.00578	0.00956	0.00853	0.01117
49	0.02993	0.05006	0.01834	0.01337	0.01886	0.01338	0.01110	0.12174	0.04928	0.52973	0.04881	0.02419	0.01867	0.00906	0.00722	0.00222	0.00640	0.00727	0.00837	0.01200
50	0.01340	0.01286	0.02315	0.29980	0.03380	0.01381	0.18713	0.01826	0.04654	0.02036	0.02216	0.23188	0.02193	0.01165	0.00821	0.00259	0.00857	0.01128	0.00458	0.00805
51	0.00886	0.00633	0.00843	0.01012	0.01054	0.00590	0.00675	0.01012	0.01392	0.01856	0.04006	0.73979	0.04808	0.02277	0.00928	0.00295	0.00422	0.02066	0.00675	0.00590
52	0.01458	0.03760	0.70688	0.02072	0.03146	0.01688	0.02686	0.02302	0.01535	0.02302	0.01304	0.01535	0.00921	0.00691	0.00691	0.00230	0.01074	0.00537	0.00307	0.01074
53	0.01830	0.01725	0.02881	0.07087	0.63926	0.01749	0.02180	0.05461	0.01735	0.02464	0.01383	0.01802	0.01148	0.00662	0.00720	0.00217	0.00865	0.00648	0.00377	0.01142
54	0.03261	0.01237	0.01687	0.01293	0.01856	0.01068	0.01068	0.03543	0.02081	0.70423	0.02868	0.02474	0.01799	0.00900	0.00731	0.00225	0.00619	0.00731	0.00900	0.01237
55	0.01038	0.00779	0.01168	0.01168	0.01298	0.00909	0.00909	0.01298	0.01168	0.01687	0.01947	0.02856	0.01817	0.05452	0.71573	0.01168	0.01947	0.00779	0.00389	0.00649
56	0.01943	0.74891	0.03809	0.01244	0.01866	0.02876	0.01244	0.02177	0.01477	0.01710	0.01011	0.01166	0.00933	0.00622	0.00466	0.00155	0.00777	0.00389	0.00311	0.00933
57	0.01800	0.01715	0.02853	0.04239	0.64848	0.01733	0.02150	0.02352	0.06646	0.02424	0.01486	0.01867	0.01231	0.00673	0.00721	0.00218	0.00842	0.00661	0.00388	0.01151
58	0.00910	0.00681	0.00845	0.00926	0.01044	0.00616	0.00648	0.01096	0.01597	0.02107	0.18776	0.43476	0.20618	0.02005	0.00896	0.00269	0.00392	0.01780	0.00702	0.00616
59	0.01171	0.00837	0.01171	0.01339	0.01506	0.00837	0.01171	0.01506	0.01673	0.02175	0.03849	0.08199	0.04183	0.02008	0.01004	0.00335	0.00669	0.65027	0.00669	0.00669
60	0.01151	0.00828	0.01171	0.01312	0.01474	0.00848	0.01130	0.01474	0.01595	0.02099	0.03552	0.07366	0.03815	0.02545	0.12006	0.00465	0.00869	0.55010	0.00626	0.00666
61	0.02797	0.01732	0.07517	0.01494	0.02080	0.01567	0.01306	0.28751	0.02533	0.35223	0.02349	0.05663	0.01653	0.00940	0.00736	0.00226	0.00718	0.00751	0.00771	0.01191
62	0.01716	0.01961	0.04289	0.03064	0.03799	0.01838	0.67279	0.02328	0.01716	0.02328	0.01471	0.01961	0.01103	0.00613	0.00858	0.00245	0.01225	0.00858	0.00368	0.00980
63	0.00893	0.00636	0.00841	0.01003	0.01043	0.00595	0.00665	0.01014	0.01378	0.01837	0.03935	0.71103	0.04718	0.05276	0.01043	0.00312	0.00433	0.02025	0.00665	0.00584
64	0.01850	0.01499	0.01701	0.01621	0.04964	0.01674	0.01249	0.15539	0.38067	0.03115	0.02851	0.03708	0.02419	0.01177	0.00795	0.00259	0.00653	0.15098	0.00704	0.01060
65	0.02425	0.02828	0.02351	0.02688	0.23864	0.45272	0.01667	0.06385	0.02008	0.02130	0.01237	0.01492	0.01022	0.00724	0.00680	0.00198	0.01139	0.00536	0.00390	0.00964
66	0.01373	0.01292	0.02180	0.72707	0.05006	0.01615	0.02019	0.01857	0.01453	0.01857	0.01292	0.01938	0.00969	0.00727	0.00727	0.00242	0.00969	0.00646	0.00323	0.00807
67	0.01799	0.01727	0.02950	0.04462	0.69919	0.01727	0.02231	0.02231	0.01655	0.02375	0.01367	0.01799	0.01151	0.00648	0.00720	0.00216	0.00864	0.00648	0.00360	0.01151
68	0.01794	0.01741	0.03030	0.04379	0.65985	0.01734	0.06101	0.02237	0.01659	0.02372	0.01373	0.01809	0.01149	0.00646	0.00728	0.00218	0.00885	0.00660	0.00360	0.01141
69	0.79588	0.01406	0.01068	0.00956	0.01406	0.01631	0.00787	0.02137	0.01237	0.03261	0.01012	0.01181	0.00787	0.00675	0.00450	0.00225	0.00562	0.00394	0.00450	0.00787
70	0.01104	0.01059	0.07094	0.01149	0.01420	0.00833	0.03186	0.01490	0.01917	0.02671	0.47275	0.05520	0.08827	0.01493	0.00868	0.00248	0.00492	0.11917	0.00715	0.00723
71	0.01940	0.01532	0.01648	0.01462	0.01887	0.01741	0.01143	0.03833	0.62558	0.09167	0.02950	0.02690	0.02181	0.00978	0.00739	0.00245	0.00579	0.00814	0.00754	0.01158
72	0.01162	0.00748	0.00923	0.00903	0.00961	0.00769	0.00578	0.01236	0.01133	0.04905	0.02241	0.04211	0.02413	0.55088	0.19003	0.00786	0.00983	0.00978	0.00452	0.00528
73	0.79588	0.01406	0.01068	0.00956	0.01406	0.01631	0.00787	0.02137	0.01237	0.03261	0.01012	0.01181	0.00787	0.00675	0.00450	0.00225	0.00562	0.00394	0.00450	0.00787
74	0.02664	0.01999	0.02236	0.01702	0.02293	0.02179	0.04028	0.61874	0.03262	0.04389	0.01713	0.01743	0.01224	0.00847	0.00724	0.00214	0.00805	0.00653	0.00699	0.04752
75	0.01056	0.00706	0.00800	0.00798	0.00805	0.00704	0.00451	0.01070	0.01099	0.01472	0.05084	0.04785	0.02818	0.71422	0.03582	0.00685	0.00690	0.01068	0.00455	0.00451
76	0.01770	0.01734	0.03069	0.07400	0.59403	0.01735	0.09668	0.02225	0.01653	0.02346	0.01376	0.01824	0.01138	0.00647	0.00736	0.00220	0.00910	0.00672	0.00359	0.01116
77	0.01029	0.00743	0.00972	0.00914	0.01086	0.00686	0.00686	0.01372	0.02058	0.02915	0.69536	0.05430	0.06859	0.01486	0.00857	0.00229	0.00343	0.01315	0.00800	0.00686
78	0.02763	0.02036	0.02182	0.01672	0.02254	0.02254	0.01382	0.67496	0.03418	0.04581	0.01745	0.01745	0.01236	0.00873	0.00727	0.00218	0.00800	0.00654	0.00727	0.01236
79	0.01799	0.01727	0.02950	0.04462	0.69919	0.01727	0.02231	0.02231	0.01655	0.02375	0.01367	0.01799	0.01151	0.00648	0.00720	0.00216	0.00864	0.00648	0.00360	0.01151
80	0.01817	0.56437	0.21160	0.01459	0.02198	0.02568	0.01618	0.02209	0.01492	0.01864	0.01087	0.01262	0.00930	0.00640	0.00525	0.00175	0.00854	0.00427	0.00310	0.00970
81	0.00887	0.00737	0.00776	0.00766	0.00999	0.00626	0.00575	0.01098	0.01724	0.02123	0.17751	0.06734	0.59138	0.01782	0.00859	0.00243	0.00364	0.01497	0.00696	0.00626
82	0.01735	0.01662	0.02836	0.14642	0.60237	0.01710	0.02199	0.02175	0.01625	0.02298	0.01356	0.01820	0.01124	0.00659	0.00721	0.00220	0.00879	0.00647	0.00354	0.01100
83	0.01039	0.00776	0.01153	0.01153	0.01277	0.00900	0.00889	0.01288	0.01164	0.01676	0.01961	0.02935	0.01852	0.08332	0.68740	0.01149	0.01895	0.00790	0.00392	0.00640
84	0.03261	0.01237	0.01687	0.01293	0.01856	0.01068	0.01068	0.03543	0.02081	0.70423	0.02868	0.02474	0.01799	0.00900	0.00731	0.00225	0.00619	0.00731	0.00900	0.01237
85	0.01943	0.74891	0.03809	0.01244	0.01866	0.02876	0.01244	0.02177	0.01477	0.01710	0.01011	0.01166	0.00933	0.00622	0.00466	0.00155	0.00777	0.00389	0.00311	0.00933
86	0.01870	0.01862	0.02881	0.04260	0.64647	0.07166	0.02166	0.02283	0.01687	0.02328	0.01348	0.01761	0.01135	0.00656	0.00715	0.00214	0.00898	0.00634	0.00361	0.01127
87	0.01682	0.01907	0.04150	0.02981	0.03688	0.01788	0.64582	0.02275	0.01703	0.02309	0.01573	0.04877	0.01253	0.00680	0.00861	0.00247	0.01193	0.00907	0.00380	0.00965
88	0.01507	0.01292	0.01507	0.01077	0.01723	0.00969	0.00861	0.01830	0.01507	0.02369	0.01292	0.01507	0.01077	0.00538	0.00538	0.00108	0.00538	0.00431	0.00431	0.78898
89	0.00873	0.00732	0.00760	0.00764	0.00993	0.00618	0.00569	0.01067	0.01674	0.02031	0.11976	0.10206	0.61576	0.01835	0.00862	0.00247	0.00369	0.01544	0.00685	0.00618
90	0.00978	0.00729	0.00899	0.00879	0.01047	0.00661	0.00644	0.01250	0.01861	0.02536	0.46407	0.12367	0.20620	0.04688	0.00983	0.00259	0.00371	0.01426	0.00745	0.00650
91	0.01646	0.01374	0.01582	0.01143	0.01781	0.01111	0.00919	0.09098	0.01719	0.02614	0.01342	0.01534	0.01094	0.00575	0.00559	0.00120	0.00567	0.00455	0.00463	0.70302
92	0.01263	0.00631	0.00947	0.00947	0.00947	0.00631	0.00631	0.00947	0.00947	0.01263	0.01263	0.02210	0.01263	0.02525	0.02841	0.78851	0.00631	0.00631	0.00316	0.00316
93	0.77320	0.01401	0.01087	0.00966	0.01419	0.01614	0.00796	0.02179	0.01262	0.05258	0.01067	0.01219	0.00817	0.00681	0.00458	0.00225	0.00564	0.00404	0.00463	0.00801
94	0.01507	0.01292	0.01507	0.01077	0.01723	0.00969	0.00861	0.01830	0.01507	0.02369	0.01292	0.01507	0.01077	0.00538	0.00538	0.00108	0.00538	0.00431	0.00431	0.78898
95	0.01373	0.01292	0.02180	0.72707	0.05006	0.01615	0.02019	0.01857	0.01453	0.01857	0.01292	0.01938	0.00969	0.00727	0.00727	0.00242	0.00969	0.00646	0.00323	0.00807
96	0.01127	0.00765	0.00874	0.00853	0.00885	0.00782	0.00509	0.03833	0.01162	0.01559	0.02246	0.04511	0.02532	0.67033	0.07869	0.00714	0.00787	0.01023	0.00449	0.00487
97	0.02486	0.01620	0.01819	0.01489	0.01992	0.01747	0.01199	0.23187	0.31015	0.21446	0.02564	0.02354	0.01808	0.00929	0.00734	0.00232	0.00655	0.00747	0.00778	0.01200
98	0.01773	0.01700	0.02903	0.08669	0.65917	0.01720	0.02218	0.02208	0.01643	0.02343	0.01363	0.01808	0.01140	0.00653	0.00720	0.00218	0.00870	0.00648	0.00358	0.01130
99	0.02763	0.02036	0.02182	0.01672	0.02254	0.02254	0.01382	0.67496	0.03418	0.04581	0.01745	0.01745	0.01236	0.00873	0.00727	0.00218	0.00800	0.00654	0.00727	0.01236
100	0.02212	0.17375	0.12737	0.01582	0.02233	0.04667	0.01486	0.31292	0.06886	0.03228	0.01543	0.01620	0.01166	0.00765	0.00648	0.00197	0.00815	0.00565	0.00537	0.08448
101	0.05089	0.15456	0.06865	0.06019	0.08301	0.01472	0.05596	0.01822	0.01708	0.02409	0.24522	0.03106	0.06382	0.00982	0.00704	0.00206	0.00651	0.00843	0.00519	0.07346
102	0.02006	0.02235	0.03091	0.03262	0.29775	0.19501	0.22126	0.02491	0.04212	0.02233	0.01395	0.01758	0.01121	0.00675	0.00747	0.00219	0.01079	0.00673	0.00380	0.01020
103	0.01943	0.74891	0.03809	0.01244	0.01866	0.02876	0.01244	0.02177	0.01477	0.01710	0.01011	0.01166	0.00933	0.00622	0.00466	0.00155	0.00777	0.00389	0.00311	0.00933
104	0.01153	0.00896	0.01126	0.03374	0.01503	0.00896	0.01018	0.01626	0.08541	0.02194	0.04688	0.07097	0.22669	0.01816	0.00927	0.00297	0.00582	0.38222	0.00668	0.00707
105	0.01393	0.01316	0.02281	0.44849	0.14099	0.01493	0.07798	0.01825	0.01498	0.01978	0.01743	0.13150	0.01607	0.00946	0.00769	0.00247	0.00891	0.00887	0.00387	0.00841
106	0.00859	0.00736	0.00736	0.00736	0.00982	0.00614	0.00552	0.01043	0.01657	0.01964	0.07364	0.06996	0.69624	0.01841	0.00859	0.00245	0.00368	0.01534	0.00675	0.00614
107	0.02715	0.03464	0.02060	0.01873	0.02247	0.71536	0.01404	0.02903	0.02060	0.01779	0.01124	0.01311	0.00936	0.00749	0.00655	0.00187	0.01311	0.00468	0.00375	0.00843
108	0.00972	0.00699	0.00940	0.01101	0.01190	0.00667	0.00822	0.01165	0.01489	0.01958	0.04094	0.51117	0.07243	0.02177	0.00948	0.00305	0.00495	0.21329	0.00673	0.00616
109	0.03261	0.01237	0.01687	0.01293	0.01856	0.01068	0.01068	0.03543	0.02081	0.70423	0.02868	0.02474	0.01799	0.00900	0.00731	0.00225	0.00619	0.00731	0.00900	0.01237
110	0.00866	0.00737	0.00745	0.00743	0.00986	0.00616	0.00557	0.01056	0.01672	0.02000	0.09750	0.06935	0.67215	0.01827	0.00859	0.00245	0.00367	0.01526	0.00680	0.00616
111	0.02813	0.01955	0.02132	0.01634	0.02214	0.02135	0.01350	0.61046	0.03283	0.11221	0.01858	0.01819	0.01293	0.00875	0.00728	0.00219	0.00782	0.00662	0.00745	0.01236
112	0.05625	0.01197	0.01600	0.01247	0.01769	0.01052	0.01023	0.03294	0.02050	0.61907	0.08982	0.02704	0.02234	0.00946	0.00733	0.00225	0.00591	0.00774	0.00875	0.01171
113	0.01591	0.00867	0.01152	0.01010	0.01280	0.00782	0.00782	0.01918	0.02063	0.19905	0.52757	0.04686	0.05585	0.01338	0.00826	0.00228	0.00412	0.01168	0.00825	0.00825
114	0.01057	0.00705	0.00793	0.00793	0.00793	0.00705	0.00440	0.01057	0.01057	0.01409	0.02290	0.04757	0.02643	0.74454	0.03700	0.00705	0.00705	0.01057	0.00440	0.00440
115	0.01556	0.01272	0.01352	0.01200	0.01557	0.01358	0.00937	0.12574	0.28952	0.02905	0.11187	0.04288	0.25264	0.01309	0.00790	0.00240	0.00516	0.01087	0.00722	0.00935
116	0.03233	0.01283	0.01715	0.01315	0.01878	0.01136	0.01086	0.07203	0.02157	0.66654	0.02803	0.02432	0.01767	0.00898	0.00731	0.00225	0.00629	0.00727	0.00890	0.01237
117	0.01240	0.00637	0.00935	0.00935	0.00949	0.00630	0.00627	0.00952	0.00988	0.01303	0.01612	0.02484	0.05176	0.02486	0.02727	0.74352	0.00616	0.00683	0.00336	0.00333
118	0.00968	0.00800	0.00866	0.00829	0.01083	0.00696	0.00624	0.01265	0.04430	0.02211	0.18722	0.08277	0.48864	0.01677	0.00838	0.00236	0.00383	0.01416	0.00688	0.05130
119	0.01570	0.00870	0.01114	0.01056	0.01270	0.00821	0.00769	0.01863	0.05449	0.18765	0.12397	0.27001	0.06381	0.12788	0.04137	0.00361	0.00570	0.01340	0.00704	0.00774
120	0.00885	0.00727	0.00779	0.00788	0.01003	0.00621	0.00582	0.01085	0.01685	0.02082	0.15475	0.13331	0.54769	0.01835	0.00866	0.00248	0.00370	0.01556	0.00692	0.00621
121	0.01947	0.01840	0.02631	0.03516	0.46933	0.08214	0.03976	0.06161	0.07109	0.04625	0.04738	0.02019	0.01507	0.00743	0.00727	0.00218	0.00858	0.00686	0.00450	0.01103
122	0.04953	0.01334	0.02170	0.59861	0.04482	0.01612	0.04252	0.01881	0.01442	0.01963	0.01272	0.01865	0.00971	0.00732	0.00777	0.00237	0.03947	0.00630	0.00336	0.05282
123	0.02564	0.02583	0.01973	0.01687	0.02125	0.36429	0.01315	0.24177	0.05765	0.05623	0.01780	0.01867	0.03954	0.01048	0.03655	0.00245	0.01065	0.00614	0.00544	0.00987
124	0.02787	0.01155	0.01534	0.01212	0.01691	0.01026	0.00987	0.05262	0.02090	0.53795	0.13195	0.02924	0.02573	0.00987	0.00738	0.00222	0.00566	0.00816	0.05320	0.01119
125	0.01488	0.11517	0.59241	0.01913	0.02885	0.01763	0.02410	0.02235	0.01558	0.02271	0.05177	0.01717	0.01262	0.00728	0.00675	0.00222	0.00999	0.00565	0.00336	0.01036

[dist]
# distance from previous block
# <min> <max>
0	10

[block]
# block no. 2 follows, 28 sequences, length 21
# corresponding to MSA columns:
# 223-243
name=unknown_C
#
# <colnr> <probs for GDERKNQSTAVLIFYWHMCP>
#	G	D	E	R	K	N	Q	S	T	A	V	L	I	F	Y	W	H	M	C	P
0	0.01169	0.00693	0.01040	0.01040	0.01094	0.00748	0.00748	0.01094	0.01040	0.01441	0.01550	0.02481	0.01495	0.03752	0.31663	0.46276	0.01183	0.00693	0.00347	0.00455
1	0.01664	0.01611	0.02808	0.25080	0.45704	0.01701	0.06607	0.02124	0.01598	0.02215	0.01351	0.01852	0.01093	0.00669	0.00731	0.00226	0.00920	0.00662	0.00349	0.01035
2	0.01599	0.01374	0.01549	0.01199	0.01774	0.01224	0.00949	0.02447	0.21873	0.02573	0.01798	0.01873	0.01423	0.00674	0.00599	0.00150	0.00550	0.00549	0.00524	0.55300
3	0.01013	0.00647	0.00883	0.00971	0.01022	0.00613	0.00657	0.01028	0.01332	0.01782	0.09619	0.42685	0.06757	0.02257	0.01499	0.24129	0.00475	0.01535	0.00578	0.00517
4	0.01606	0.01571	0.03193	0.02339	0.02903	0.01486	0.47013	0.02136	0.01658	0.02444	0.01744	0.02188	0.01334	0.00684	0.00752	0.00222	0.00956	0.00803	0.24079	0.00888
5	0.01057	0.00705	0.00793	0.00793	0.00793	0.00705	0.00440	0.01057	0.01057	0.01409	0.02290	0.04757	0.02643	0.74454	0.03700	0.00705	0.00705	0.01057	0.00440	0.00440
6	0.00935	0.00677	0.00895	0.01052	0.01131	0.00636	0.00756	0.01103	0.01461	0.01921	0.04207	0.57530	0.09119	0.02199	0.00937	0.00299	0.00463	0.13399	0.00674	0.00606
7	0.05896	0.01553	0.01936	0.01563	0.01946	0.01757	0.01291	0.17816	0.05371	0.27994	0.01950	0.01992	0.01389	0.01001	0.01220	0.00253	0.22662	0.00674	0.00655	0.01079
8	0.01194	0.00883	0.01010	0.00879	0.01075	0.00785	0.00568	0.01292	0.01194	0.01701	0.01987	0.03771	0.02167	0.52019	0.02740	0.00524	0.00654	0.00867	0.00437	0.24253
9	0.02347	0.01311	0.01592	0.01279	0.01713	0.01298	0.01033	0.22211	0.02479	0.27360	0.25319	0.03263	0.03358	0.01092	0.00773	0.00224	0.00579	0.00907	0.00813	0.01048
10	0.01151	0.00890	0.01250	0.22656	0.02121	0.01001	0.00965	0.01323	0.01188	0.01572	0.01954	0.03717	0.02055	0.45376	0.09389	0.00609	0.00906	0.00905	0.00400	0.00572
11	0.00985	0.00710	0.00933	0.00944	0.01076	0.00657	0.00682	0.01263	0.01855	0.02593	0.49647	0.26236	0.06236	0.01726	0.00879	0.00249	0.00367	0.01543	0.00762	0.00657
12	0.01038	0.00779	0.01168	0.01168	0.01298	0.00909	0.00909	0.01298	0.01168	0.01687	0.01947	0.02856	0.01817	0.05452	0.71573	0.01168	0.01947	0.00779	0.00389	0.00649
13	0.01505	0.01374	0.02017	0.51088	0.04061	0.01674	0.01755	0.02466	0.21835	0.02216	0.01798	0.02173	0.01348	0.00805	0.00731	0.00244	0.00849	0.00699	0.00449	0.00912
14	0.00927	0.00716	0.00766	0.00782	0.00926	0.00642	0.00527	0.01045	0.01432	0.01769	0.05353	0.12813	0.41077	0.25951	0.01807	0.00403	0.00485	0.01428	0.00597	0.00554
15	0.01575	0.01109	0.01214	0.01060	0.01236	0.01175	0.00726	0.21222	0.01774	0.02372	0.02125	0.03843	0.02216	0.52121	0.02798	0.00557	0.00734	0.00935	0.00527	0.00682
16	0.01561	0.03143	0.50128	0.02797	0.23413	0.01700	0.02548	0.02280	0.01571	0.02324	0.01324	0.01615	0.00991	0.00678	0.00699	0.00226	0.01010	0.00571	0.00323	0.01098
17	0.01799	0.01727	0.02950	0.04462	0.69919	0.01727	0.02231	0.02231	0.01655	0.02375	0.01367	0.01799	0.01151	0.00648	0.00720	0.00216	0.00864	0.00648	0.00360	0.01151
18	0.00972	0.00695	0.00943	0.01111	0.01191	0.00665	0.00825	0.01162	0.01477	0.01953	0.03959	0.54014	0.04618	0.02196	0.00951	0.00307	0.00497	0.21176	0.00673	0.00614
19	0.02243	0.01578	0.02567	0.03500	0.49261	0.01527	0.01878	0.02629	0.01784	0.23028	0.01823	0.02004	0.01348	0.00724	0.00723	0.00219	0.00789	0.00673	0.00524	0.01177
20	0.02519	0.01581	0.01797	0.01470	0.01973	0.01687	0.01184	0.20236	0.30485	0.24956	0.02615	0.02386	0.01831	0.00929	0.00734	0.00232	0.00647	0.00749	0.00788	0.01200

[dist]
# distance from previous block
# <min> <max>
0	7

[block]
# block no. 3 follows, 28 sequences, length 6
# corresponding to MSA columns:
# 251-256
name=unknown_D
#
# <colnr> <probs for GDERKNQSTAVLIFYWHMCP>
#	G	D	E	R	K	N	Q	S	T	A	V	L	I	F	Y	W	H	M	C	P
0	0.01051	0.00713	0.00833	0.00820	0.00859	0.00700	0.00496	0.01128	0.01283	0.01749	0.17453	0.04909	0.03593	0.58001	0.03059	0.00597	0.00623	0.01115	0.00522	0.00496
1	0.01287	0.02514	0.42022	0.01574	0.02246	0.01280	0.01819	0.01862	0.01564	0.02275	0.16872	0.03010	0.02579	0.14533	0.01286	0.00318	0.00841	0.00809	0.00443	0.00869
2	0.06576	0.01635	0.01527	0.01290	0.01723	0.14153	0.00993	0.09673	0.01837	0.08027	0.02038	0.17899	0.01952	0.01046	0.00680	0.00194	0.00694	0.00855	0.00549	0.26659
3	0.01848	0.01441	0.01649	0.01220	0.01837	0.01256	0.00984	0.14190	0.05417	0.06389	0.01546	0.01665	0.01204	0.00643	0.00594	0.00142	0.00593	0.00508	0.00526	0.56347
4	0.01460	0.01048	0.01229	0.01164	0.04013	0.01044	0.00827	0.11480	0.06304	0.06373	0.22176	0.04621	0.18579	0.14892	0.01345	0.00319	0.00535	0.01127	0.00678	0.00786
5	0.01749	0.01349	0.01451	0.01204	0.01588	0.01390	0.00930	0.24383	0.10750	0.02948	0.03216	0.03584	0.17025	0.14696	0.01287	0.00305	0.00626	0.00923	0.00629	0.09966

[dist]
# distance from previous block
# <min> <max>
1	21

[block]
# block no. 4 follows, 28 sequences, length 15
# corresponding to MSA columns:
# 278-292
name=unknown_E
#
# <colnr> <probs for GDERKNQSTAVLIFYWHMCP>
#	G	D	E	R	K	N	Q	S	T	A	V	L	I	F	Y	W	H	M	C	P
0	0.01286	0.01141	0.01806	0.48469	0.03722	0.01319	0.01580	0.01722	0.01623	0.02180	0.20074	0.02872	0.02597	0.00924	0.00751	0.00230	0.00770	0.00817	0.00461	0.05657
1	0.01027	0.00699	0.00867	0.00954	0.01084	0.00627	0.00666	0.01179	0.01508	0.06173	0.04859	0.51073	0.22458	0.02071	0.00897	0.00277	0.00419	0.01836	0.00689	0.00637
2	0.01402	0.01019	0.01212	0.01194	0.01385	0.01048	0.00869	0.19309	0.01949	0.02606	0.03384	0.54099	0.03825	0.01891	0.00873	0.00274	0.00526	0.01678	0.00689	0.00768
3	0.01231	0.01139	0.01783	0.52899	0.03899	0.01339	0.01615	0.01633	0.01509	0.01887	0.02963	0.03330	0.19864	0.01033	0.00763	0.00243	0.00804	0.00890	0.00420	0.00754
4	0.02193	0.01556	0.01672	0.01338	0.01804	0.01645	0.01087	0.41743	0.02749	0.07779	0.03394	0.03287	0.20126	0.01139	0.00752	0.00223	0.00645	0.00902	0.04930	0.01035
5	0.00933	0.00652	0.00830	0.00952	0.00982	0.00622	0.00610	0.01025	0.01300	0.01733	0.03534	0.54928	0.04212	0.22141	0.01691	0.00408	0.00500	0.01789	0.00610	0.00549
6	0.06884	0.01186	0.01406	0.01135	0.01570	0.01149	0.00921	0.12177	0.02052	0.35714	0.02444	0.02370	0.01681	0.00866	0.00644	0.00206	0.00553	0.00684	0.25322	0.01035
7	0.00933	0.00652	0.00830	0.00952	0.00982	0.00622	0.00610	0.01025	0.01300	0.01733	0.03534	0.54928	0.04212	0.22141	0.01691	0.00408	0.00500	0.01789	0.00610	0.00549
8	0.05056	0.01165	0.01343	0.01146	0.01455	0.01204	0.00902	0.21471	0.02434	0.03436	0.45911	0.04122	0.04882	0.01264	0.00800	0.00225	0.00491	0.01073	0.00762	0.00857
9	0.01057	0.00705	0.00793	0.00793	0.00793	0.00705	0.00440	0.01057	0.01057	0.01409	0.02290	0.04757	0.02643	0.74454	0.03700	0.00705	0.00705	0.01057	0.00440	0.00440
10	0.55963	0.01600	0.01411	0.01176	0.01667	0.01822	0.00970	0.22236	0.01908	0.03667	0.01238	0.01354	0.00925	0.00736	0.00535	0.00223	0.00635	0.00474	0.00535	0.00925
11	0.01516	0.00853	0.00884	0.00816	0.01038	0.00878	0.00628	0.10006	0.01793	0.02958	0.05926	0.02735	0.02054	0.00885	0.00555	0.00179	0.00397	0.00709	0.64442	0.00749
12	0.01407	0.01095	0.01167	0.01019	0.01346	0.01075	0.00799	0.19378	0.02197	0.02816	0.14440	0.05333	0.42098	0.01525	0.00823	0.00236	0.00483	0.01262	0.00707	0.00795
13	0.05414	0.01031	0.01358	0.01140	0.01524	0.00925	0.00902	0.02568	0.01953	0.40464	0.21285	0.12288	0.03532	0.01226	0.00779	0.00235	0.00516	0.01047	0.00826	0.00985
14	0.00951	0.00725	0.00838	0.00833	0.00998	0.00651	0.00594	0.01159	0.01687	0.02210	0.28374	0.12171	0.31665	0.12407	0.01281	0.00311	0.00413	0.01434	0.00685	0.00612

[dist]
# distance from previous block
# <min> <max>
0	4

[block]
# block no. 5 follows, 28 sequences, length 47
# corresponding to MSA columns:
# 297-343
name=unknown_F
#
# <colnr> <probs for GDERKNQSTAVLIFYWHMCP>
#	G	D	E	R	K	N	Q	S	T	A	V	L	I	F	Y	W	H	M	C	P
0	0.02947	0.01477	0.01800	0.01396	0.01932	0.01454	0.01140	0.23966	0.04507	0.43776	0.02481	0.02361	0.01673	0.04548	0.00878	0.00247	0.00680	0.00725	0.00817	0.01195
1	0.02670	0.01966	0.02115	0.01640	0.02195	0.02172	0.01346	0.64192	0.03317	0.04446	0.01858	0.05334	0.01414	0.00942	0.00737	0.00222	0.00781	0.00725	0.00725	0.01204
2	0.00927	0.00699	0.01015	0.01114	0.01191	0.00652	0.03984	0.01078	0.01408	0.01879	0.03880	0.70401	0.04624	0.02195	0.00924	0.00293	0.00462	0.02006	0.00660	0.00610
3	0.33159	0.01346	0.01471	0.01181	0.01701	0.01352	0.00975	0.06424	0.01822	0.40558	0.02080	0.01928	0.01372	0.00810	0.00621	0.00225	0.00606	0.00595	0.00714	0.01061
4	0.01040	0.00771	0.01131	0.01131	0.01248	0.00888	0.00862	0.01274	0.01157	0.01660	0.01981	0.03044	0.01899	0.12280	0.64856	0.01122	0.01824	0.00806	0.00394	0.00628
5	0.01808	0.01561	0.01644	0.01479	0.01890	0.01808	0.01151	0.03863	0.68606	0.03041	0.02959	0.02712	0.02219	0.00986	0.00740	0.00247	0.00575	0.00822	0.00740	0.01151
6	0.66931	0.01319	0.01069	0.00955	0.01360	0.01499	0.00763	0.02087	0.01260	0.06453	0.01249	0.01647	0.01046	0.08948	0.00828	0.00279	0.00581	0.00485	0.00472	0.00771
7	0.01016	0.00760	0.00904	0.00926	0.01080	0.00708	0.00664	0.03914	0.01688	0.02221	0.20415	0.26824	0.23499	0.08780	0.01149	0.00302	0.00437	0.03392	0.00685	0.00635
8	0.00894	0.00639	0.00851	0.01006	0.01056	0.00596	0.00675	0.01034	0.01432	0.01920	0.07983	0.69819	0.04932	0.02229	0.00924	0.00291	0.00417	0.02021	0.00682	0.00596
9	0.02715	0.03464	0.02060	0.01873	0.02247	0.71536	0.01404	0.02903	0.02060	0.01779	0.01124	0.01311	0.00936	0.00749	0.00655	0.00187	0.01311	0.00468	0.00375	0.00843
10	0.05945	0.00745	0.00884	0.00930	0.01061	0.00711	0.00646	0.01284	0.01489	0.05092	0.12334	0.36825	0.11504	0.11776	0.01231	0.00323	0.00457	0.01538	0.04593	0.00630
11	0.00871	0.00740	0.00753	0.00759	0.01002	0.00622	0.00576	0.01061	0.01657	0.01972	0.07231	0.07041	0.67152	0.01847	0.00865	0.00249	0.00380	0.03933	0.00675	0.00616
12	0.01458	0.03760	0.70688	0.02072	0.03146	0.01688	0.02686	0.02302	0.01535	0.02302	0.01304	0.01535	0.00921	0.00691	0.00691	0.00230	0.01074	0.00537	0.00307	0.01074
13	0.01126	0.00803	0.01040	0.01022	0.01114	0.00873	0.00717	0.04499	0.01242	0.01718	0.02178	0.06762	0.02281	0.35283	0.35206	0.00879	0.01279	0.00951	0.00441	0.00585
14	0.01898	0.01010	0.01303	0.01179	0.01511	0.00942	0.00962	0.05153	0.03799	0.25684	0.15622	0.08161	0.11476	0.01449	0.00844	0.00258	0.00550	0.16528	0.00777	0.00895
15	0.55531	0.01506	0.01349	0.04262	0.01740	0.03584	0.00961	0.09573	0.01621	0.12057	0.01351	0.01449	0.00981	0.00730	0.00535	0.00224	0.00635	0.00480	0.00532	0.00898
16	0.42462	0.01729	0.01621	0.01503	0.06802	0.05938	0.01122	0.22753	0.02001	0.03472	0.01307	0.01468	0.00999	0.00898	0.02934	0.00251	0.00750	0.00512	0.00524	0.00954
17	0.01382	0.00998	0.01233	0.01134	0.01306	0.01099	0.00835	0.14141	0.01568	0.02154	0.02029	0.03312	0.01996	0.29008	0.33686	0.00818	0.01283	0.00853	0.00473	0.00690
18	0.00877	0.00737	0.00761	0.00755	0.00993	0.00621	0.00566	0.01077	0.01698	0.02061	0.13744	0.06835	0.63183	0.01805	0.00859	0.00244	0.00366	0.01512	0.00688	0.00621
19	0.01507	0.01292	0.01507	0.01077	0.01723	0.00969	0.00861	0.01830	0.01507	0.02369	0.01292	0.01507	0.01077	0.00538	0.00538	0.00108	0.00538	0.00431	0.00431	0.78898
20	0.01976	0.01039	0.01320	0.01145	0.01503	0.00965	0.00924	0.05577	0.04960	0.27961	0.21669	0.04578	0.12955	0.01328	0.00817	0.00243	0.00522	0.08795	0.00798	0.00927
21	0.01382	0.00792	0.00977	0.00920	0.01061	0.00743	0.00622	0.01517	0.01484	0.12993	0.16072	0.12364	0.06390	0.36963	0.02226	0.00468	0.00573	0.01188	0.00622	0.00642
22	0.00886	0.00633	0.00843	0.01012	0.01054	0.00590	0.00675	0.01012	0.01392	0.01856	0.04006	0.73979	0.04808	0.02277	0.00928	0.00295	0.00422	0.02066	0.00675	0.00590
23	0.01040	0.00774	0.01143	0.01143	0.01264	0.00895	0.00877	0.01282	0.01161	0.01669	0.01970	0.02983	0.01872	0.10056	0.67044	0.01137	0.01864	0.00797	0.00393	0.00635
24	0.02654	0.09175	0.02200	0.01822	0.02217	0.66046	0.01392	0.02845	0.02013	0.01774	0.01115	0.01299	0.00936	0.00739	0.00640	0.00185	0.01268	0.00462	0.00369	0.00850
25	0.02720	0.03328	0.02072	0.01854	0.02248	0.64924	0.01402	0.09066	0.02189	0.02046	0.01183	0.01352	0.00965	0.00761	0.00662	0.00190	0.01262	0.00486	0.00408	0.00880
26	0.01716	0.01961	0.04289	0.03064	0.03799	0.01838	0.67279	0.02328	0.01716	0.02328	0.01471	0.01961	0.01103	0.00613	0.00858	0.00245	0.01225	0.00858	0.00368	0.00980
27	0.01458	0.03760	0.70688	0.02072	0.03146	0.01688	0.02686	0.02302	0.01535	0.02302	0.01304	0.01535	0.00921	0.00691	0.00691	0.00230	0.01074	0.00537	0.00307	0.01074
28	0.00907	0.00649	0.00866	0.01021	0.01077	0.00607	0.00698	0.01056	0.01445	0.01934	0.07976	0.66820	0.04904	0.02217	0.00927	0.00293	0.00428	0.04892	0.00682	0.00600
29	0.00883	0.00703	0.00779	0.00829	0.00998	0.00613	0.00588	0.01045	0.01558	0.01932	0.08009	0.27359	0.44424	0.05639	0.01024	0.00283	0.00401	0.01666	0.00667	0.00600
30	0.00985	0.00741	0.00911	0.00868	0.01059	0.00667	0.00651	0.01286	0.01953	0.02668	0.53382	0.05837	0.23167	0.01578	0.00858	0.00233	0.00349	0.01372	0.00768	0.00667
31	0.01859	0.01587	0.01673	0.01490	0.01910	0.01832	0.01163	0.07278	0.65107	0.03123	0.02893	0.02660	0.02166	0.00980	0.00739	0.00245	0.00587	0.00813	0.00739	0.01155
32	0.16370	0.01357	0.01535	0.01259	0.01738	0.01388	0.01020	0.09032	0.15146	0.32964	0.05469	0.02369	0.01883	0.00898	0.00678	0.00226	0.00591	0.00706	0.04281	0.01089
33	0.02315	0.01596	0.01772	0.01425	0.01868	0.01716	0.01136	0.40318	0.07374	0.10411	0.09042	0.05313	0.02223	0.08831	0.01066	0.00277	0.00695	0.00838	0.00720	0.01065
34	0.02306	0.01809	0.01924	0.01580	0.02080	0.02041	0.01271	0.37059	0.34599	0.03844	0.02326	0.02208	0.01706	0.00927	0.00733	0.00232	0.00692	0.00735	0.00733	0.01195
35	0.03188	0.01354	0.01759	0.01349	0.01914	0.01242	0.01114	0.12920	0.02277	0.60769	0.02703	0.02367	0.01717	0.00896	0.00730	0.00224	0.00645	0.00720	0.00874	0.01237
36	0.00977	0.00717	0.00894	0.00908	0.01047	0.00660	0.00653	0.01213	0.01739	0.02359	0.36383	0.20500	0.16496	0.08693	0.01149	0.00295	0.00409	0.03565	0.00713	0.00629
37	0.01408	0.00937	0.01226	0.01266	0.01485	0.00932	0.01059	0.07283	0.01842	0.07199	0.09092	0.12096	0.06099	0.04166	0.01026	0.00314	0.00622	0.40510	0.00695	0.00744
38	0.00886	0.00633	0.00843	0.01012	0.01054	0.00590	0.00675	0.01012	0.01392	0.01856	0.04006	0.73979	0.04808	0.02277	0.00928	0.00295	0.00422	0.02066	0.00675	0.00590
39	0.01168	0.00899	0.01272	0.01221	0.01342	0.01075	0.00951	0.03269	0.01236	0.01806	0.01869	0.02798	0.01758	0.09246	0.53764	0.00966	0.09960	0.00773	0.03956	0.00670
40	0.00910	0.00736	0.00793	0.00780	0.00994	0.00636	0.00576	0.01118	0.01711	0.02146	0.21139	0.06505	0.51342	0.06167	0.01031	0.00270	0.00383	0.01455	0.00689	0.00619
41	0.01066	0.00780	0.01038	0.01181	0.01334	0.00752	0.00976	0.01335	0.01613	0.02078	0.04408	0.21597	0.14119	0.02039	0.00967	0.00313	0.00573	0.42516	0.00671	0.00645
42	0.11146	0.01298	0.01637	0.01280	0.01824	0.01204	0.01054	0.05537	0.05372	0.57840	0.02641	0.02327	0.01696	0.00880	0.00702	0.00226	0.00617	0.00698	0.00839	0.01186
43	0.02763	0.02036	0.02182	0.01672	0.02254	0.02254	0.01382	0.67496	0.03418	0.04581	0.01745	0.01745	0.01236	0.00873	0.00727	0.00218	0.00800	0.00654	0.00727	0.01236
44	0.01041	0.00767	0.01108	0.01108	0.01217	0.00876	0.00833	0.01259	0.01150	0.01643	0.02002	0.03162	0.01950	0.16579	0.60628	0.01093	0.01747	0.00824	0.00398	0.00615
45	0.01039	0.00775	0.01148	0.01148	0.01271	0.00898	0.00883	0.01285	0.01162	0.01673	0.01965	0.02958	0.01862	0.09155	0.67930	0.01143	0.01880	0.00794	0.00392	0.00638
46	0.01394	0.01314	0.02219	0.69253	0.08292	0.01621	0.02029	0.01876	0.01464	0.01883	0.01296	0.01931	0.00978	0.00723	0.00726	0.00241	0.00964	0.00646	0.00325	0.00825

[dist]
# distance from previous block
# <min> <max>
0	0

# created by:
# /st0/software/busco_prod/Augustus/scripts/msa2prfl.pl ./align_prep/121006.fa
