[name]
unknown

[dist]
# distance from previous block
# <min> <max>
0	52

[block]
# block no. 0 follows, 29 sequences, length 10
# corresponding to MSA columns:
# 59-68
name=unknown_A
#
# <colnr> <probs for GDERKNQSTAVLIFYWHMCP>
#	G	D	E	R	K	N	Q	S	T	A	V	L	I	F	Y	W	H	M	C	P
0	0.02293	0.01583	0.01758	0.01386	0.01918	0.03974	0.01135	0.27607	0.05577	0.15886	0.02015	0.02370	0.01563	0.00874	0.00687	0.00197	0.00680	0.06344	0.00651	0.21503
1	0.02445	0.01992	0.08102	0.01603	0.02170	0.01974	0.01394	0.51902	0.05955	0.06957	0.01928	0.06863	0.01496	0.00942	0.00724	0.00222	0.00764	0.00738	0.00680	0.01149
2	0.14615	0.01639	0.05388	0.09528	0.26282	0.01659	0.01603	0.05889	0.16179	0.07717	0.01734	0.01903	0.01317	0.00749	0.00667	0.00223	0.00736	0.00632	0.00498	0.01043
3	0.29930	0.06914	0.01708	0.03967	0.01860	0.01651	0.01052	0.17523	0.01937	0.18858	0.01605	0.01626	0.01139	0.00744	0.00584	0.00206	0.00646	0.00532	0.00588	0.06929
4	0.01626	0.01538	0.02529	0.26656	0.42940	0.01663	0.02023	0.02208	0.07578	0.02218	0.01454	0.01887	0.01163	0.00689	0.00709	0.00223	0.00855	0.00649	0.00374	0.01018
5	0.01762	0.01692	0.02890	0.04371	0.70533	0.01692	0.02185	0.02185	0.01621	0.02326	0.01339	0.01762	0.01128	0.00634	0.00705	0.00211	0.00846	0.00634	0.00352	0.01128
6	0.01361	0.01287	0.02139	0.67973	0.04679	0.01626	0.01946	0.01812	0.01399	0.01812	0.01241	0.01873	0.00948	0.00752	0.00832	0.00243	0.06338	0.00632	0.00316	0.00790
7	0.01541	0.01364	0.02385	0.39178	0.08754	0.01502	0.14072	0.02064	0.04926	0.06847	0.01761	0.09254	0.01483	0.00862	0.00756	0.00240	0.00891	0.00826	0.00422	0.00872
8	0.01345	0.01266	0.02136	0.73264	0.04904	0.01582	0.01978	0.01819	0.01424	0.01819	0.01266	0.01898	0.00949	0.00712	0.00712	0.00237	0.00949	0.00633	0.00316	0.00791
9	0.04167	0.20806	0.33227	0.01584	0.02335	0.01751	0.04073	0.02174	0.01572	0.07713	0.06691	0.02039	0.04892	0.00782	0.00639	0.00204	0.00828	0.00613	0.00413	0.03497

[dist]
# distance from previous block
# <min> <max>
5	22

[block]
# block no. 1 follows, 29 sequences, length 31
# corresponding to MSA columns:
# 93-123
name=unknown_B
#
# <colnr> <probs for GDERKNQSTAVLIFYWHMCP>
#	G	D	E	R	K	N	Q	S	T	A	V	L	I	F	Y	W	H	M	C	P
0	0.05692	0.30260	0.05311	0.01430	0.01994	0.10666	0.03981	0.04988	0.06199	0.20523	0.01670	0.01668	0.01235	0.00734	0.00599	0.00192	0.00793	0.00542	0.00516	0.01008
1	0.01694	0.02196	0.16549	0.04119	0.03183	0.04740	0.38952	0.02354	0.05463	0.04248	0.01523	0.01880	0.01141	0.00695	0.00851	0.00235	0.04856	0.00734	0.03625	0.00963
2	0.01762	0.01365	0.01380	0.01206	0.01527	0.05941	0.00920	0.19458	0.12177	0.04522	0.02781	0.11874	0.08387	0.09951	0.01061	0.00275	0.00619	0.00949	0.09990	0.03856
3	0.01031	0.04907	0.03135	0.01043	0.01192	0.00809	0.02476	0.01195	0.01374	0.01854	0.08015	0.45370	0.03888	0.15112	0.01345	0.00338	0.00521	0.01552	0.00579	0.04263
4	0.02517	0.01890	0.02033	0.01572	0.02132	0.02062	0.01290	0.56679	0.09167	0.04167	0.01780	0.01776	0.01285	0.00837	0.00698	0.00207	0.00742	0.00637	0.00689	0.07842
5	0.00893	0.00638	0.00855	0.01021	0.01073	0.00600	0.00705	0.01035	0.01388	0.01846	0.03911	0.68480	0.04654	0.02207	0.00916	0.00293	0.00435	0.07805	0.00661	0.00585
6	0.01447	0.03550	0.66199	0.02103	0.03130	0.01665	0.07584	0.02257	0.01517	0.02257	0.01290	0.01535	0.00916	0.00671	0.00689	0.00227	0.01064	0.00550	0.00305	0.01045
7	0.01653	0.25200	0.32989	0.01908	0.05237	0.05968	0.08940	0.02181	0.01531	0.02030	0.01345	0.05451	0.01144	0.00735	0.00639	0.00205	0.00949	0.00598	0.00334	0.00964
8	0.02334	0.14378	0.09346	0.01649	0.02144	0.38194	0.01419	0.12916	0.02051	0.02279	0.01278	0.01442	0.01021	0.00734	0.00618	0.00186	0.01036	0.00496	0.05567	0.00913
9	0.00912	0.00638	0.00813	0.00935	0.00965	0.00608	0.00600	0.01003	0.01277	0.01702	0.03481	0.56057	0.04149	0.21448	0.01626	0.00395	0.00486	0.01763	0.00600	0.00540
10	0.02010	0.01912	0.01691	0.01498	0.01896	0.16884	0.01169	0.13343	0.36375	0.02830	0.02707	0.02757	0.07343	0.01005	0.00724	0.00228	0.00740	0.03235	0.00638	0.01015
11	0.01036	0.00690	0.00777	0.00777	0.00777	0.00690	0.00431	0.01036	0.01036	0.01381	0.02244	0.04660	0.02589	0.74975	0.03624	0.00690	0.00690	0.01036	0.00431	0.00431
12	0.02575	0.02022	0.02057	0.01625	0.02159	0.06742	0.01324	0.54991	0.12346	0.04099	0.01833	0.01812	0.01324	0.00862	0.00709	0.00216	0.00786	0.00652	0.00691	0.01174
13	0.01904	0.75404	0.03731	0.01218	0.01828	0.02818	0.01218	0.02132	0.01447	0.01675	0.00990	0.01142	0.00914	0.00609	0.00457	0.00152	0.00761	0.00381	0.00305	0.00914
14	0.01771	0.01530	0.01610	0.01449	0.01852	0.01771	0.01127	0.03784	0.69247	0.02979	0.02898	0.02657	0.02174	0.00966	0.00725	0.00242	0.00564	0.00805	0.00725	0.01127
15	0.01184	0.00889	0.01038	0.01102	0.01230	0.02938	0.00785	0.09780	0.01654	0.02199	0.03498	0.58202	0.04030	0.01954	0.00865	0.00274	0.00493	0.04097	0.03114	0.00673
16	0.01153	0.00767	0.01000	0.00943	0.01140	0.00704	0.00727	0.01476	0.01965	0.07225	0.56913	0.05430	0.09792	0.01478	0.00843	0.00233	0.00380	0.06355	0.00773	0.00702
17	0.03195	0.01212	0.01652	0.01267	0.01818	0.01047	0.01047	0.03470	0.02038	0.71026	0.02809	0.02424	0.01763	0.00881	0.00716	0.00220	0.00606	0.00716	0.00881	0.01212
18	0.00868	0.00620	0.00826	0.00991	0.01033	0.00578	0.00661	0.00991	0.01363	0.01818	0.03925	0.74510	0.04710	0.02231	0.00909	0.00289	0.00413	0.02024	0.00661	0.00578
19	0.01377	0.01321	0.02252	0.64706	0.04640	0.01633	0.05579	0.01838	0.01416	0.01838	0.01254	0.01877	0.00955	0.00741	0.00826	0.00242	0.05742	0.00644	0.00318	0.00800
20	0.01047	0.00787	0.01008	0.01118	0.01307	0.00748	0.00949	0.01327	0.01634	0.02063	0.04896	0.07647	0.25724	0.01914	0.00937	0.00299	0.00559	0.44738	0.00657	0.00638
21	0.01134	0.00815	0.01129	0.01285	0.01453	0.00810	0.01121	0.01455	0.01638	0.02122	0.03923	0.07980	0.07028	0.01960	0.00977	0.00324	0.00643	0.62895	0.00656	0.00653
22	0.01343	0.01211	0.02002	0.66678	0.04535	0.01499	0.01843	0.01805	0.01430	0.01895	0.01362	0.01967	0.01029	0.00723	0.00692	0.00231	0.00893	0.00636	0.07448	0.00779
23	0.05888	0.01416	0.03651	0.01338	0.01901	0.01276	0.01131	0.14096	0.02210	0.55600	0.02518	0.02233	0.01611	0.00863	0.00704	0.00219	0.00646	0.00686	0.00821	0.01191
24	0.01674	0.01900	0.04085	0.02936	0.03615	0.01823	0.64125	0.02248	0.01647	0.02248	0.01411	0.01900	0.01072	0.00637	0.00926	0.00244	0.05373	0.00828	0.00357	0.00950
25	0.01036	0.00690	0.00777	0.00777	0.00777	0.00690	0.00431	0.01036	0.01036	0.01381	0.02244	0.04660	0.02589	0.74975	0.03624	0.00690	0.00690	0.01036	0.00431	0.00431
26	0.01477	0.01266	0.01477	0.01055	0.01687	0.00949	0.00844	0.01793	0.01477	0.02320	0.01266	0.01477	0.01055	0.00527	0.00527	0.00105	0.00527	0.00422	0.00422	0.79328
27	0.01624	0.01550	0.02515	0.24109	0.05867	0.01805	0.15430	0.08587	0.06051	0.02251	0.01492	0.04971	0.01248	0.00908	0.01133	0.00255	0.18161	0.00746	0.00407	0.00891
28	0.01034	0.00928	0.00880	0.00864	0.01115	0.04624	0.00656	0.02933	0.04026	0.02019	0.06328	0.08957	0.57240	0.01714	0.00831	0.00242	0.00443	0.03867	0.00648	0.00648
29	0.01761	0.42987	0.21306	0.01538	0.02224	0.05322	0.03504	0.02157	0.01474	0.01886	0.01096	0.01308	0.00925	0.00664	0.00644	0.00182	0.05000	0.00452	0.00315	0.05254
30	0.01800	0.01825	0.03052	0.04006	0.55910	0.05707	0.12715	0.02238	0.01653	0.02286	0.01342	0.01761	0.01108	0.00635	0.00723	0.00214	0.00928	0.00658	0.00355	0.01084

[dist]
# distance from previous block
# <min> <max>
0	2

[block]
# block no. 2 follows, 29 sequences, length 69
# corresponding to MSA columns:
# 126-194
name=unknown_C
#
# <colnr> <probs for GDERKNQSTAVLIFYWHMCP>
#	G	D	E	R	K	N	Q	S	T	A	V	L	I	F	Y	W	H	M	C	P
0	0.02542	0.01779	0.01953	0.01530	0.02060	0.01923	0.01249	0.50262	0.08484	0.11038	0.02014	0.05447	0.01514	0.00922	0.00716	0.00216	0.00719	0.00722	0.00717	0.04193
1	0.00948	0.00751	0.00856	0.00825	0.01038	0.00672	0.00620	0.01260	0.04061	0.02382	0.35673	0.06016	0.39102	0.01617	0.00837	0.00233	0.00356	0.01382	0.00719	0.00651
2	0.01593	0.01904	0.10504	0.09922	0.10439	0.01605	0.35789	0.02137	0.01594	0.02242	0.01365	0.01781	0.01049	0.00611	0.00742	0.00212	0.01006	0.00692	0.00359	0.14455
3	0.01477	0.01266	0.01477	0.01055	0.01687	0.00949	0.00844	0.01793	0.01477	0.02320	0.01266	0.01477	0.01055	0.00527	0.00527	0.00105	0.00527	0.00422	0.00422	0.79328
4	0.01036	0.00690	0.00777	0.00777	0.00777	0.00690	0.00431	0.01036	0.01036	0.01381	0.02244	0.04660	0.02589	0.74975	0.03624	0.00690	0.00690	0.01036	0.00431	0.00431
5	0.00868	0.00722	0.00758	0.00749	0.00978	0.00612	0.00562	0.01073	0.01686	0.02073	0.17276	0.06608	0.60089	0.01748	0.00841	0.00238	0.00357	0.01468	0.00681	0.00612
6	0.00868	0.00620	0.00826	0.00991	0.01033	0.00578	0.00661	0.00991	0.01363	0.01818	0.03925	0.74510	0.04710	0.02231	0.00909	0.00289	0.00413	0.02024	0.00661	0.00578
7	0.01497	0.01537	0.02953	0.42626	0.08758	0.01671	0.26526	0.02015	0.01532	0.02024	0.01336	0.01898	0.01010	0.00665	0.00759	0.00237	0.01036	0.00710	0.00335	0.00876
8	0.02707	0.01995	0.02137	0.01638	0.02208	0.02208	0.01353	0.68159	0.03348	0.04488	0.01710	0.01710	0.01211	0.00855	0.00712	0.00214	0.00784	0.00641	0.00712	0.01211
9	0.01681	0.01921	0.04202	0.03001	0.03721	0.01801	0.67947	0.02281	0.01681	0.02281	0.01441	0.01921	0.01080	0.00600	0.00840	0.00240	0.01200	0.00840	0.00360	0.00960
10	0.00866	0.00626	0.00819	0.00974	0.01028	0.00580	0.00653	0.00994	0.01381	0.01825	0.04143	0.70020	0.09059	0.02202	0.00904	0.00286	0.00410	0.01990	0.00661	0.00580
11	0.01017	0.00763	0.01144	0.01144	0.01272	0.00890	0.00890	0.01272	0.01144	0.01653	0.01907	0.02797	0.01780	0.05340	0.72153	0.01144	0.01907	0.00763	0.00381	0.00636
12	0.02707	0.01995	0.02137	0.01638	0.02208	0.02208	0.01353	0.68159	0.03348	0.04488	0.01710	0.01710	0.01211	0.00855	0.00712	0.00214	0.00784	0.00641	0.00712	0.01211
13	0.02654	0.01943	0.02080	0.01601	0.02155	0.02149	0.01320	0.65594	0.03276	0.04417	0.01733	0.01746	0.01235	0.00854	0.00704	0.00212	0.00766	0.00642	0.03730	0.01190
14	0.00986	0.00718	0.00928	0.00895	0.01055	0.00659	0.00664	0.01294	0.01934	0.02709	0.60634	0.11697	0.10068	0.01546	0.00846	0.00231	0.00344	0.01367	0.00766	0.00659
15	0.01857	0.02084	0.07578	0.03641	0.51385	0.13655	0.02021	0.02257	0.01671	0.02202	0.01393	0.04435	0.01212	0.00715	0.00700	0.00211	0.00919	0.00650	0.00363	0.01050
16	0.01904	0.75404	0.03731	0.01218	0.01828	0.02818	0.01218	0.02132	0.01447	0.01675	0.00990	0.01142	0.00914	0.00609	0.00457	0.00152	0.00761	0.00381	0.00305	0.00914
17	0.01345	0.01266	0.02136	0.73264	0.04904	0.01582	0.01978	0.01819	0.01424	0.01819	0.01266	0.01898	0.00949	0.00712	0.00712	0.00237	0.00949	0.00633	0.00316	0.00791
18	0.01771	0.01530	0.01610	0.01449	0.01852	0.01771	0.01127	0.03784	0.69247	0.02979	0.02898	0.02657	0.02174	0.00966	0.00725	0.00242	0.00564	0.00805	0.00725	0.01127
19	0.01668	0.02007	0.07496	0.02953	0.03690	0.01793	0.64739	0.02280	0.01672	0.02280	0.01433	0.01900	0.01072	0.00604	0.00832	0.00239	0.01193	0.00825	0.00357	0.00965
20	0.01008	0.00728	0.00952	0.00896	0.01064	0.00672	0.00672	0.01344	0.02016	0.02855	0.70158	0.05319	0.06719	0.01456	0.00840	0.00224	0.00336	0.01288	0.00784	0.00672
21	0.01904	0.75404	0.03731	0.01218	0.01828	0.02818	0.01218	0.02132	0.01447	0.01675	0.00990	0.01142	0.00914	0.00609	0.00457	0.00152	0.00761	0.00381	0.00305	0.00914
22	0.01336	0.01247	0.02094	0.70254	0.04761	0.01550	0.01943	0.01805	0.01433	0.01832	0.01370	0.02155	0.01081	0.00764	0.00723	0.00241	0.00937	0.03357	0.00331	0.00785
23	0.01494	0.13598	0.61947	0.01917	0.02908	0.01815	0.02436	0.02238	0.01496	0.02175	0.01238	0.01453	0.00904	0.00667	0.00646	0.00215	0.01012	0.00506	0.00301	0.01033
24	0.00868	0.00620	0.00826	0.00991	0.01033	0.00578	0.00661	0.00991	0.01363	0.01818	0.03925	0.74510	0.04710	0.02231	0.00909	0.00289	0.00413	0.02024	0.00661	0.00578
25	0.01428	0.03683	0.71286	0.02030	0.03082	0.01654	0.02631	0.02255	0.01503	0.02255	0.01278	0.01503	0.00902	0.00677	0.00677	0.00226	0.01052	0.00526	0.00301	0.01052
26	0.02235	0.01657	0.01743	0.03548	0.01932	0.04094	0.01153	0.42771	0.07523	0.03762	0.05686	0.02153	0.01688	0.00883	0.00676	0.00207	0.00677	0.00687	0.15882	0.01043
27	0.00868	0.00620	0.00826	0.00991	0.01033	0.00578	0.00661	0.00991	0.01363	0.01818	0.03925	0.74510	0.04710	0.02231	0.00909	0.00289	0.00413	0.02024	0.00661	0.00578
28	0.01387	0.01303	0.02195	0.60455	0.14301	0.01559	0.01957	0.01841	0.01450	0.01893	0.01379	0.04680	0.01120	0.00759	0.00718	0.00236	0.00914	0.00687	0.00335	0.00832
29	0.01345	0.01266	0.02136	0.73264	0.04904	0.01582	0.01978	0.01819	0.01424	0.01819	0.01266	0.01898	0.00949	0.00712	0.00712	0.00237	0.00949	0.00633	0.00316	0.00791
30	0.01584	0.23915	0.47442	0.01806	0.02698	0.01993	0.04125	0.02279	0.04074	0.02119	0.01263	0.01457	0.00959	0.00666	0.00621	0.00206	0.00956	0.00505	0.00320	0.01013
31	0.08113	0.01659	0.02580	0.15558	0.51268	0.04350	0.02004	0.02141	0.01570	0.02290	0.01290	0.01718	0.01061	0.00653	0.00682	0.00215	0.00856	0.00607	0.00354	0.01031
32	0.01003	0.00724	0.00948	0.00899	0.01063	0.00669	0.00672	0.01332	0.01993	0.02820	0.67899	0.07678	0.06650	0.01482	0.00842	0.00226	0.00339	0.01313	0.00780	0.00669
33	0.00906	0.00664	0.00851	0.00932	0.01034	0.00609	0.00650	0.01100	0.01587	0.02138	0.23988	0.46117	0.12892	0.01951	0.00881	0.00264	0.00384	0.01745	0.00698	0.00609
34	0.01345	0.01266	0.02136	0.73264	0.04904	0.01582	0.01978	0.01819	0.01424	0.01819	0.01266	0.01898	0.00949	0.00712	0.00712	0.00237	0.00949	0.00633	0.00316	0.00791
35	0.01062	0.00867	0.00957	0.00916	0.01157	0.00835	0.00692	0.01622	0.14019	0.02399	0.25713	0.07823	0.36175	0.01558	0.00822	0.00237	0.00392	0.01327	0.00711	0.00718
36	0.01036	0.00690	0.00777	0.00777	0.00777	0.00690	0.00431	0.01036	0.01036	0.01381	0.02244	0.04660	0.02589	0.74975	0.03624	0.00690	0.00690	0.01036	0.00431	0.00431
37	0.01762	0.01692	0.02890	0.04371	0.70533	0.01692	0.02185	0.02185	0.01621	0.02326	0.01339	0.01762	0.01128	0.00634	0.00705	0.00211	0.00846	0.00634	0.00352	0.01128
38	0.00868	0.00620	0.00826	0.00991	0.01033	0.00578	0.00661	0.00991	0.01363	0.01818	0.03925	0.74510	0.04710	0.02231	0.00909	0.00289	0.00413	0.02024	0.00661	0.00578
39	0.02618	0.03074	0.02014	0.01783	0.02183	0.57434	0.01359	0.12960	0.05961	0.02234	0.01294	0.01426	0.01032	0.00765	0.00657	0.00191	0.01167	0.00506	0.00440	0.00902
40	0.01771	0.01530	0.01610	0.01449	0.01852	0.01771	0.01127	0.03784	0.69247	0.02979	0.02898	0.02657	0.02174	0.00966	0.00725	0.00242	0.00564	0.00805	0.00725	0.01127
41	0.80005	0.01377	0.01047	0.00936	0.01377	0.01597	0.00771	0.02093	0.01212	0.03195	0.00991	0.01157	0.00771	0.00661	0.00441	0.00220	0.00551	0.00386	0.00441	0.00771
42	0.01681	0.01921	0.04202	0.03001	0.03721	0.01801	0.67947	0.02281	0.01681	0.02281	0.01441	0.01921	0.01080	0.00600	0.00840	0.00240	0.01200	0.00840	0.00360	0.00960
43	0.01904	0.75404	0.03731	0.01218	0.01828	0.02818	0.01218	0.02132	0.01447	0.01675	0.00990	0.01142	0.00914	0.00609	0.00457	0.00152	0.00761	0.00381	0.00305	0.00914
44	0.01904	0.75404	0.03731	0.01218	0.01828	0.02818	0.01218	0.02132	0.01447	0.01675	0.00990	0.01142	0.00914	0.00609	0.00457	0.00152	0.00761	0.00381	0.00305	0.00914
45	0.01558	0.01558	0.02181	0.01869	0.01869	0.02181	0.01558	0.01714	0.01091	0.01714	0.00935	0.01558	0.00935	0.01246	0.02337	0.00312	0.73672	0.00623	0.00312	0.00779
46	0.08803	0.01224	0.01608	0.01243	0.01786	0.01087	0.01026	0.03370	0.01978	0.66074	0.02677	0.02331	0.01690	0.00865	0.00696	0.00220	0.00602	0.00692	0.00849	0.01180
47	0.00880	0.00723	0.00775	0.00762	0.00986	0.00618	0.00572	0.01097	0.01715	0.02142	0.21951	0.06494	0.55371	0.01722	0.00841	0.00237	0.00355	0.01452	0.00690	0.00618
48	0.01091	0.00802	0.01069	0.01203	0.01381	0.00780	0.01036	0.01392	0.01636	0.02093	0.04401	0.07816	0.16214	0.01937	0.00958	0.00312	0.00602	0.53974	0.00657	0.00646
49	0.01029	0.00688	0.00779	0.00785	0.00786	0.00686	0.00440	0.01034	0.01048	0.01397	0.02308	0.07345	0.02670	0.72179	0.03520	0.00675	0.00680	0.01074	0.00440	0.00437
50	0.00911	0.00647	0.00859	0.01012	0.01064	0.00613	0.00699	0.01049	0.01371	0.01821	0.03786	0.62028	0.04489	0.07429	0.01112	0.00322	0.00460	0.09105	0.00644	0.00576
51	0.01841	0.66014	0.12575	0.01325	0.01992	0.02665	0.01403	0.02148	0.01454	0.01751	0.01028	0.01190	0.00912	0.00618	0.00486	0.00162	0.00800	0.00400	0.00304	0.00932
52	0.01904	0.75404	0.03731	0.01218	0.01828	0.02818	0.01218	0.02132	0.01447	0.01675	0.00990	0.01142	0.00914	0.00609	0.00457	0.00152	0.00761	0.00381	0.00305	0.00914
53	0.01017	0.00763	0.01144	0.01144	0.01272	0.00890	0.00890	0.01272	0.01144	0.01653	0.01907	0.02797	0.01780	0.05340	0.72153	0.01144	0.01907	0.00763	0.00381	0.00636
54	0.00884	0.00647	0.00808	0.00923	0.00998	0.00596	0.00620	0.01013	0.01398	0.01829	0.06550	0.54208	0.15634	0.08965	0.01150	0.00316	0.00428	0.01819	0.00644	0.00572
55	0.02261	0.05935	0.02134	0.02033	0.12600	0.28994	0.01411	0.16870	0.02088	0.02529	0.01382	0.01613	0.01112	0.00792	0.00784	0.00202	0.07005	0.00558	0.08758	0.00941
56	0.01668	0.02008	0.07514	0.02953	0.03690	0.01793	0.64722	0.02280	0.01672	0.02280	0.01433	0.01900	0.01072	0.00604	0.00832	0.00239	0.01193	0.00825	0.00357	0.00965
57	0.00901	0.00727	0.00807	0.00812	0.01024	0.00632	0.00618	0.01124	0.01701	0.02138	0.20521	0.08946	0.49285	0.01755	0.00854	0.00245	0.00379	0.06224	0.00687	0.00620
58	0.01643	0.31288	0.38952	0.01926	0.08675	0.02108	0.02044	0.02201	0.01492	0.02037	0.01172	0.01387	0.00927	0.00647	0.00594	0.00196	0.00921	0.00480	0.00307	0.01005
59	0.01385	0.01242	0.01914	0.47691	0.03686	0.01558	0.01662	0.01866	0.05146	0.01955	0.01505	0.04441	0.01235	0.00876	0.00958	0.00244	0.12531	0.00692	0.08626	0.00787
60	0.01331	0.00805	0.01025	0.00926	0.01168	0.00720	0.00710	0.01630	0.01952	0.13662	0.48493	0.05117	0.16852	0.01423	0.00820	0.00226	0.00384	0.01233	0.00778	0.00747
61	0.01531	0.01045	0.01278	0.03513	0.01494	0.01045	0.00892	0.15111	0.02223	0.08461	0.41040	0.04465	0.09914	0.01310	0.00805	0.00227	0.00483	0.03592	0.00747	0.00822
62	0.01781	0.01872	0.08531	0.04042	0.61578	0.01714	0.02181	0.05431	0.01696	0.02427	0.01352	0.01738	0.01113	0.00649	0.00703	0.00213	0.00860	0.00626	0.00366	0.01126
63	0.01423	0.01319	0.02178	0.66515	0.08443	0.01614	0.01964	0.04542	0.01513	0.01956	0.01288	0.01883	0.00970	0.00713	0.00712	0.00235	0.00937	0.00633	0.00335	0.00827
64	0.01027	0.00738	0.00993	0.01140	0.01257	0.00717	0.00908	0.01259	0.01512	0.01973	0.03941	0.31117	0.07916	0.05636	0.01079	0.00327	0.00556	0.36644	0.00647	0.00615
65	0.03897	0.03441	0.63697	0.02089	0.06323	0.01636	0.02505	0.02283	0.01516	0.04328	0.01318	0.01533	0.00935	0.00680	0.00672	0.00225	0.01014	0.00533	0.00325	0.01052
66	0.10101	0.05596	0.36284	0.01630	0.02404	0.01559	0.01821	0.02701	0.09032	0.19419	0.01793	0.01806	0.01241	0.00754	0.00658	0.00222	0.00824	0.00583	0.00506	0.01065
67	0.01675	0.01749	0.05665	0.13893	0.46396	0.01694	0.14118	0.02153	0.01599	0.02243	0.01345	0.01801	0.01085	0.00641	0.00729	0.00221	0.00933	0.00667	0.00347	0.01046
68	0.01712	0.01727	0.04719	0.06236	0.58045	0.04292	0.02056	0.02127	0.01627	0.02262	0.01638	0.02216	0.03522	0.00746	0.00720	0.00218	0.00847	0.03850	0.00375	0.01062

[dist]
# distance from previous block
# <min> <max>
2	4

[block]
# block no. 3 follows, 29 sequences, length 138
# corresponding to MSA columns:
# 199-284,294-300,311-355
name=unknown_D
#
# <colnr> <probs for GDERKNQSTAVLIFYWHMCP>
#	G	D	E	R	K	N	Q	S	T	A	V	L	I	F	Y	W	H	M	C	P
0	0.00994	0.00739	0.00966	0.01127	0.04706	0.00711	0.00733	0.01230	0.03694	0.02006	0.10953	0.44542	0.10062	0.06897	0.03491	0.00323	0.00494	0.01616	0.04083	0.00634
1	0.01812	0.07234	0.35183	0.04524	0.04695	0.01632	0.04049	0.10917	0.01812	0.10198	0.01788	0.01917	0.04204	0.00764	0.00676	0.00213	0.00871	0.00614	0.02512	0.04385
2	0.00967	0.00726	0.00895	0.00853	0.01039	0.00655	0.00640	0.01265	0.01919	0.02627	0.54716	0.05695	0.22303	0.01541	0.00840	0.00228	0.00342	0.01341	0.00754	0.00655
3	0.01036	0.00690	0.00777	0.00777	0.00777	0.00690	0.00431	0.01036	0.01036	0.01381	0.02244	0.04660	0.02589	0.74975	0.03624	0.00690	0.00690	0.01036	0.00431	0.00431
4	0.10502	0.02684	0.39820	0.02524	0.22203	0.01602	0.02185	0.02150	0.01497	0.02360	0.01402	0.05390	0.01153	0.00745	0.00670	0.00224	0.00902	0.00620	0.00351	0.01017
5	0.01222	0.00618	0.00924	0.00930	0.00932	0.00617	0.00620	0.00930	0.00945	0.01259	0.01342	0.04983	0.01372	0.02464	0.02710	0.76205	0.00610	0.00673	0.00323	0.00320
6	0.01030	0.00688	0.00778	0.00784	0.00785	0.00686	0.00439	0.01034	0.01047	0.01396	0.02301	0.07061	0.02662	0.72475	0.03531	0.00677	0.00681	0.01069	0.00439	0.00437
7	0.01651	0.01688	0.05683	0.19781	0.50728	0.01669	0.04231	0.02109	0.01574	0.02207	0.01323	0.01787	0.01076	0.00653	0.00710	0.00219	0.00889	0.00636	0.00342	0.01043
8	0.11137	0.01768	0.14688	0.01385	0.01876	0.01496	0.01287	0.08957	0.25019	0.02828	0.07638	0.06198	0.08138	0.01068	0.00717	0.00237	0.00639	0.03366	0.00601	0.00955
9	0.01541	0.01533	0.02149	0.01847	0.01851	0.02141	0.01537	0.01700	0.01092	0.01712	0.00965	0.01596	0.00961	0.01372	0.04482	0.00337	0.71467	0.00627	0.00314	0.00775
10	0.01008	0.00728	0.00952	0.00896	0.01064	0.00672	0.00672	0.01344	0.02016	0.02855	0.70158	0.05319	0.06719	0.01456	0.00840	0.00224	0.00336	0.01288	0.00784	0.00672
11	0.00874	0.00686	0.00791	0.00841	0.01001	0.00603	0.00602	0.01056	0.01586	0.02016	0.14835	0.30579	0.38189	0.01906	0.00865	0.00255	0.00376	0.01657	0.00678	0.00603
12	0.01719	0.42697	0.07275	0.01504	0.01956	0.02382	0.03917	0.02036	0.03264	0.01797	0.01202	0.01658	0.01111	0.00985	0.03299	0.00241	0.18729	0.03015	0.00336	0.00878
13	0.02362	0.01736	0.01838	0.01466	0.01935	0.04035	0.01185	0.47803	0.06177	0.06234	0.07821	0.04081	0.01906	0.03025	0.00797	0.00228	0.00708	0.00750	0.04832	0.01081
14	0.01742	0.01671	0.02853	0.07764	0.67301	0.01686	0.02175	0.02167	0.01612	0.02301	0.01336	0.01769	0.01119	0.00638	0.00705	0.00213	0.00851	0.00634	0.00351	0.01111
15	0.00894	0.00647	0.00854	0.00994	0.01061	0.00594	0.00669	0.01026	0.01368	0.01839	0.03811	0.71390	0.04553	0.02158	0.00893	0.00281	0.00418	0.01956	0.00651	0.03943
16	0.01543	0.20967	0.55006	0.01834	0.02780	0.01934	0.02290	0.02225	0.01490	0.02115	0.01208	0.01416	0.00905	0.00660	0.00624	0.00208	0.00982	0.00491	0.00302	0.01019
17	0.01634	0.01331	0.01552	0.01164	0.01738	0.01144	0.00933	0.04392	0.09449	0.05537	0.01527	0.01668	0.01217	0.00636	0.00641	0.00139	0.03591	0.00496	0.00483	0.60728
18	0.08707	0.01958	0.01983	0.01551	0.02084	0.05537	0.01272	0.56920	0.03036	0.04173	0.01649	0.01686	0.01188	0.00833	0.00678	0.00211	0.00771	0.00613	0.04016	0.01134
19	0.00853	0.00722	0.00738	0.00734	0.00969	0.00606	0.00550	0.01044	0.01651	0.01989	0.11629	0.06745	0.65788	0.01779	0.00841	0.00239	0.00359	0.01488	0.00670	0.00606
20	0.37224	0.05516	0.25165	0.01417	0.02069	0.01686	0.01504	0.05487	0.01481	0.07674	0.01252	0.01409	0.00922	0.00714	0.00634	0.00223	0.03792	0.00479	0.00427	0.00927
21	0.01558	0.01558	0.02181	0.01869	0.01869	0.02181	0.01558	0.01714	0.01091	0.01714	0.00935	0.01558	0.00935	0.01246	0.02337	0.00312	0.73672	0.00623	0.00312	0.00779
22	0.01568	0.06614	0.22353	0.02380	0.03058	0.01809	0.33905	0.02127	0.01525	0.02141	0.01425	0.05287	0.01181	0.00787	0.00972	0.00243	0.10581	0.00756	0.00349	0.00941
23	0.01452	0.07215	0.67959	0.01990	0.03020	0.01711	0.02561	0.02249	0.01501	0.02226	0.01264	0.01486	0.00903	0.00673	0.00666	0.00222	0.01038	0.00519	0.00301	0.01046
24	0.00868	0.00620	0.00826	0.00991	0.01033	0.00578	0.00661	0.00991	0.01363	0.01818	0.03925	0.74510	0.04710	0.02231	0.00909	0.00289	0.00413	0.02024	0.00661	0.00578
25	0.01291	0.00776	0.00936	0.10199	0.01414	0.00841	0.00741	0.01603	0.01424	0.02366	0.02182	0.05454	0.01842	0.05912	0.03010	0.00250	0.03023	0.00739	0.55331	0.00665
26	0.02625	0.01893	0.02046	0.01594	0.02143	0.02088	0.01309	0.56720	0.11088	0.08219	0.01915	0.01864	0.01358	0.00870	0.00714	0.00217	0.00747	0.00665	0.00724	0.01201
27	0.00868	0.00620	0.00826	0.00991	0.01033	0.00578	0.00661	0.00991	0.01363	0.01818	0.03925	0.74510	0.04710	0.02231	0.00909	0.00289	0.00413	0.02024	0.00661	0.00578
28	0.00868	0.00620	0.00826	0.00991	0.01033	0.00578	0.00661	0.00991	0.01363	0.01818	0.03925	0.74510	0.04710	0.02231	0.00909	0.00289	0.00413	0.02024	0.00661	0.00578
29	0.02722	0.01970	0.02122	0.01627	0.02196	0.02172	0.01344	0.66135	0.03307	0.06570	0.01744	0.01732	0.01228	0.00856	0.00712	0.00214	0.00778	0.00643	0.00718	0.01211
30	0.01053	0.00771	0.00907	0.01006	0.01096	0.03586	0.00689	0.01177	0.01431	0.04494	0.06006	0.56699	0.09178	0.04102	0.01030	0.03299	0.00466	0.01765	0.00641	0.00603
31	0.77514	0.01357	0.01044	0.00935	0.01367	0.01568	0.00768	0.02070	0.01237	0.03184	0.03173	0.01288	0.00959	0.00686	0.00453	0.00220	0.00544	0.00414	0.00451	0.00768
32	0.80005	0.01377	0.01047	0.00936	0.01377	0.01597	0.00771	0.02093	0.01212	0.03195	0.00991	0.01157	0.00771	0.00661	0.00441	0.00220	0.00551	0.00386	0.00441	0.00771
33	0.01750	0.01864	0.07365	0.06221	0.60136	0.03657	0.04204	0.02200	0.01620	0.02288	0.01330	0.01741	0.01100	0.00641	0.00706	0.00213	0.00886	0.00629	0.00349	0.01099
34	0.00999	0.00728	0.00940	0.00887	0.01058	0.00668	0.00665	0.01327	0.01995	0.02806	0.66837	0.05400	0.10070	0.01474	0.00840	0.00225	0.00337	0.01299	0.00777	0.00668
35	0.01746	0.01676	0.02862	0.06997	0.68031	0.01688	0.02177	0.02171	0.01614	0.02307	0.01337	0.01768	0.01121	0.00637	0.00705	0.00212	0.00850	0.00634	0.00351	0.01115
36	0.01811	0.61379	0.16941	0.01377	0.02073	0.02590	0.01495	0.02156	0.01458	0.01789	0.01046	0.01213	0.00911	0.00622	0.00500	0.00167	0.00818	0.00409	0.00304	0.00941
37	0.07050	0.10041	0.37529	0.04022	0.02587	0.05178	0.01927	0.07614	0.01733	0.13628	0.01505	0.01613	0.01062	0.00720	0.00648	0.00214	0.00905	0.00543	0.00441	0.01039
38	0.01600	0.08635	0.02473	0.01888	0.01997	0.02215	0.06241	0.01794	0.01166	0.01750	0.00976	0.01544	0.00943	0.01140	0.02051	0.00291	0.61562	0.00615	0.00314	0.00805
39	0.00843	0.00717	0.00726	0.00734	0.00965	0.00600	0.00546	0.01021	0.01611	0.01919	0.07064	0.09928	0.67266	0.01823	0.00845	0.00243	0.00363	0.01527	0.00661	0.00600
40	0.02540	0.01912	0.02043	0.01605	0.02145	0.02130	0.01313	0.56713	0.15065	0.04219	0.01921	0.01878	0.01382	0.00875	0.00715	0.00219	0.00744	0.00670	0.00715	0.01196
41	0.00917	0.00683	0.00971	0.01056	0.01139	0.00637	0.03228	0.01086	0.01460	0.01969	0.12378	0.62812	0.04831	0.02069	0.00897	0.00279	0.00433	0.01884	0.00665	0.00605
42	0.00868	0.00620	0.00826	0.00991	0.01033	0.00578	0.00661	0.00991	0.01363	0.01818	0.03925	0.74510	0.04710	0.02231	0.00909	0.00289	0.00413	0.02024	0.00661	0.00578
43	0.00873	0.00730	0.00765	0.00776	0.01007	0.00622	0.00595	0.01071	0.01640	0.01976	0.09365	0.06889	0.62444	0.01803	0.00853	0.00247	0.00384	0.06688	0.00666	0.00608
44	0.02660	0.03394	0.02018	0.01834	0.02201	0.72116	0.01376	0.02843	0.02018	0.01743	0.01101	0.01284	0.00917	0.00734	0.00642	0.00183	0.01284	0.00459	0.00367	0.00825
45	0.06874	0.01283	0.01649	0.01282	0.01821	0.01181	0.01055	0.07260	0.05621	0.60145	0.02659	0.02331	0.01703	0.00873	0.00703	0.00221	0.00612	0.00700	0.00841	0.01186
46	0.80005	0.01377	0.01047	0.00936	0.01377	0.01597	0.00771	0.02093	0.01212	0.03195	0.00991	0.01157	0.00771	0.00661	0.00441	0.00220	0.00551	0.00386	0.00441	0.00771
47	0.00876	0.00640	0.00825	0.00953	0.01027	0.00589	0.00648	0.01024	0.01448	0.01917	0.09839	0.60999	0.12361	0.02117	0.00895	0.00278	0.00401	0.01903	0.00671	0.00589
48	0.00872	0.00627	0.00819	0.00971	0.01020	0.00583	0.00647	0.00995	0.01365	0.01808	0.04029	0.68763	0.07864	0.04725	0.00999	0.00301	0.00420	0.01964	0.00653	0.00574
49	0.01846	0.01533	0.01557	0.01392	0.01790	0.05325	0.01083	0.03469	0.54653	0.08023	0.03174	0.02933	0.08024	0.01020	0.00730	0.00237	0.00587	0.00841	0.00712	0.01072
50	0.01345	0.01266	0.02136	0.73264	0.04904	0.01582	0.01978	0.01819	0.01424	0.01819	0.01266	0.01898	0.00949	0.00712	0.00712	0.00237	0.00949	0.00633	0.00316	0.00791
51	0.01681	0.01921	0.04202	0.03001	0.03721	0.01801	0.67947	0.02281	0.01681	0.02281	0.01441	0.01921	0.01080	0.00600	0.00840	0.00240	0.01200	0.00840	0.00360	0.00960
52	0.00868	0.00620	0.00826	0.00991	0.01033	0.00578	0.00661	0.00991	0.01363	0.01818	0.03925	0.74510	0.04710	0.02231	0.00909	0.00289	0.00413	0.02024	0.00661	0.00578
53	0.00849	0.00722	0.00732	0.00729	0.00966	0.00604	0.00547	0.01037	0.01641	0.01966	0.10074	0.06783	0.67357	0.01788	0.00841	0.00240	0.00360	0.01493	0.00667	0.00604
54	0.01904	0.75404	0.03731	0.01218	0.01828	0.02818	0.01218	0.02132	0.01447	0.01675	0.00990	0.01142	0.00914	0.00609	0.00457	0.00152	0.00761	0.00381	0.00305	0.00914
55	0.01563	0.01337	0.01623	0.01166	0.01798	0.01062	0.03435	0.06040	0.01604	0.02457	0.01301	0.01508	0.01066	0.00551	0.00551	0.00117	0.00569	0.00452	0.00438	0.71363
56	0.02484	0.20392	0.02435	0.01672	0.02113	0.50060	0.01337	0.07898	0.01989	0.01946	0.01123	0.01284	0.00940	0.00714	0.00604	0.00178	0.01120	0.00455	0.00380	0.00877
57	0.01104	0.00801	0.01087	0.01214	0.01386	0.00784	0.01043	0.01418	0.01673	0.02179	0.10375	0.07660	0.10827	0.01903	0.00956	0.00309	0.00597	0.53361	0.00668	0.00652
58	0.01018	0.00760	0.01129	0.01129	0.01251	0.00882	0.00871	0.01262	0.01140	0.01642	0.01921	0.02875	0.01814	0.08241	0.69299	0.01125	0.01857	0.00774	0.00384	0.00627
59	0.01237	0.00618	0.00928	0.00928	0.00928	0.00618	0.00618	0.00928	0.00928	0.01237	0.01237	0.02165	0.01237	0.02474	0.02783	0.79283	0.00618	0.00618	0.00309	0.00309
60	0.01027	0.00692	0.00774	0.00774	0.00785	0.00686	0.00436	0.01035	0.01061	0.01405	0.02463	0.04756	0.05569	0.71752	0.03502	0.00671	0.00676	0.01056	0.00442	0.00439
61	0.03054	0.01287	0.01681	0.01305	0.01846	0.01178	0.01073	0.07715	0.07261	0.61483	0.02744	0.02395	0.01758	0.00886	0.00716	0.00222	0.00614	0.00718	0.00858	0.01205
62	0.00854	0.00722	0.00738	0.00734	0.00969	0.00606	0.00551	0.01046	0.01652	0.01993	0.11878	0.06739	0.65536	0.01778	0.00841	0.00239	0.00359	0.01487	0.00670	0.00606
63	0.01477	0.01266	0.01477	0.01055	0.01687	0.00949	0.00844	0.01793	0.01477	0.02320	0.01266	0.01477	0.01055	0.00527	0.00527	0.00105	0.00527	0.00422	0.00422	0.79328
64	0.05229	0.03071	0.02008	0.01769	0.02175	0.56989	0.01352	0.14771	0.02235	0.02293	0.01208	0.01358	0.00966	0.00754	0.00648	0.00190	0.01168	0.00490	0.00433	0.00894
65	0.00886	0.00753	0.00767	0.00758	0.01001	0.00650	0.00570	0.01145	0.04277	0.02011	0.10145	0.06614	0.64464	0.01754	0.00837	0.00240	0.00367	0.01465	0.00670	0.00625
66	0.80005	0.01377	0.01047	0.00936	0.01377	0.01597	0.00771	0.02093	0.01212	0.03195	0.00991	0.01157	0.00771	0.00661	0.00441	0.00220	0.00551	0.00386	0.00441	0.00771
67	0.02553	0.01945	0.02260	0.02085	0.13369	0.02124	0.01489	0.57382	0.03066	0.04135	0.01649	0.01718	0.01197	0.00819	0.00711	0.00213	0.00794	0.00640	0.00654	0.01197
68	0.00924	0.00688	0.00860	0.00894	0.01032	0.00624	0.00641	0.01152	0.01702	0.02293	0.33551	0.30396	0.19022	0.01804	0.00865	0.00251	0.00369	0.01595	0.00715	0.00624
69	0.00928	0.00619	0.00843	0.00981	0.01016	0.00585	0.00654	0.00981	0.01292	0.01723	0.03486	0.62693	0.04142	0.02271	0.01215	0.13192	0.00447	0.01795	0.00604	0.00534
70	0.01762	0.01692	0.02890	0.04371	0.70533	0.01692	0.02185	0.02185	0.01621	0.02326	0.01339	0.01762	0.01128	0.00634	0.00705	0.00211	0.00846	0.00634	0.00352	0.01128
71	0.66547	0.05298	0.01284	0.01008	0.01472	0.01648	0.00842	0.05202	0.01384	0.08317	0.01162	0.01277	0.00874	0.00684	0.00475	0.00216	0.00577	0.00422	0.00479	0.00832
72	0.00871	0.00641	0.00816	0.00945	0.01023	0.00587	0.00643	0.01014	0.01436	0.01886	0.07747	0.60594	0.14937	0.02126	0.00895	0.00278	0.00401	0.01907	0.00667	0.00587
73	0.02253	0.01667	0.01828	0.01476	0.01928	0.01826	0.01190	0.49762	0.05744	0.03876	0.07409	0.11122	0.02137	0.01215	0.02940	0.00254	0.00727	0.00875	0.00702	0.01069
74	0.01681	0.01921	0.04202	0.03001	0.03721	0.01801	0.67947	0.02281	0.01681	0.02281	0.01441	0.01921	0.01080	0.00600	0.00840	0.00240	0.01200	0.00840	0.00360	0.00960
75	0.80005	0.01377	0.01047	0.00936	0.01377	0.01597	0.00771	0.02093	0.01212	0.03195	0.00991	0.01157	0.00771	0.00661	0.00441	0.00220	0.00551	0.00386	0.00441	0.00771
76	0.01345	0.01266	0.02136	0.73264	0.04904	0.01582	0.01978	0.01819	0.01424	0.01819	0.01266	0.01898	0.00949	0.00712	0.00712	0.00237	0.00949	0.00633	0.00316	0.00791
77	0.01876	0.01924	0.02836	0.03978	0.58597	0.10869	0.05069	0.02275	0.01676	0.02248	0.01313	0.01707	0.01098	0.00646	0.00703	0.00209	0.00919	0.00621	0.00355	0.01081
78	0.01428	0.03683	0.71286	0.02030	0.03082	0.01654	0.02631	0.02255	0.01503	0.02255	0.01278	0.01503	0.00902	0.00677	0.00677	0.00226	0.01052	0.00526	0.00301	0.01052
79	0.00889	0.00650	0.00837	0.00945	0.01030	0.00597	0.00650	0.01056	0.01506	0.02011	0.15864	0.54977	0.12266	0.02048	0.00889	0.00272	0.00394	0.01838	0.00682	0.00597
80	0.00921	0.00668	0.00880	0.01021	0.01105	0.00627	0.00736	0.01096	0.01466	0.01935	0.07650	0.54053	0.09849	0.02111	0.00913	0.00289	0.00447	0.12968	0.00667	0.00598
81	0.02707	0.01995	0.02137	0.01638	0.02208	0.02208	0.01353	0.68159	0.03348	0.04488	0.01710	0.01710	0.01211	0.00855	0.00712	0.00214	0.00784	0.00641	0.00712	0.01211
82	0.00937	0.00649	0.00806	0.00902	0.00926	0.00625	0.00566	0.01010	0.01227	0.01636	0.03227	0.45501	0.03829	0.32442	0.02037	0.00456	0.00528	0.01614	0.00566	0.00517
83	0.00865	0.00631	0.00814	0.00960	0.01025	0.00581	0.00647	0.00995	0.01393	0.01830	0.04303	0.66734	0.12242	0.02182	0.00901	0.00284	0.00407	0.01964	0.00661	0.00581
84	0.02433	0.02707	0.02267	0.02464	0.20075	0.41627	0.01584	0.13948	0.02144	0.02369	0.01268	0.01483	0.01023	0.00729	0.00671	0.00196	0.01083	0.00536	0.00423	0.00971
85	0.01406	0.01298	0.02136	0.70042	0.04783	0.01610	0.01949	0.04803	0.01510	0.01939	0.01286	0.01890	0.00961	0.00718	0.00712	0.00236	0.00942	0.00633	0.00334	0.00810
86	0.01440	0.01354	0.02239	0.57514	0.16137	0.01611	0.01969	0.01987	0.05036	0.01969	0.01365	0.01915	0.01045	0.00712	0.00711	0.00233	0.00911	0.00642	0.00344	0.00867
87	0.01492	0.01409	0.02383	0.46062	0.28779	0.01601	0.02030	0.01943	0.01502	0.02013	0.01363	0.02022	0.01104	0.00719	0.00717	0.00230	0.00903	0.02477	0.00339	0.00910
88	0.01106	0.00890	0.01300	0.01249	0.01350	0.01093	0.00981	0.01335	0.01131	0.01652	0.01761	0.02667	0.01673	0.07360	0.58103	0.00991	0.13583	0.00751	0.00372	0.00651
89	0.01762	0.01692	0.02890	0.04371	0.70533	0.01692	0.02185	0.02185	0.01621	0.02326	0.01339	0.01762	0.01128	0.00634	0.00705	0.00211	0.00846	0.00634	0.00352	0.01128
90	0.01428	0.03683	0.71286	0.02030	0.03082	0.01654	0.02631	0.02255	0.01503	0.02255	0.01278	0.01503	0.00902	0.00677	0.00677	0.00226	0.01052	0.00526	0.00301	0.01052
91	0.01135	0.00816	0.01130	0.01287	0.01454	0.00811	0.01122	0.01456	0.01639	0.02122	0.03914	0.07983	0.06853	0.01960	0.00978	0.00324	0.00643	0.63065	0.00656	0.00653
92	0.01359	0.00863	0.01157	0.01206	0.01408	0.00829	0.01004	0.01627	0.01573	0.09145	0.03286	0.06547	0.03446	0.13703	0.01363	0.00364	0.00649	0.44920	0.00630	0.04923
93	0.00939	0.00671	0.00908	0.01073	0.01146	0.00640	0.00785	0.01115	0.01434	0.01898	0.03885	0.57517	0.04553	0.02163	0.00928	0.00299	0.00475	0.18311	0.00660	0.00598
94	0.02880	0.01270	0.01640	0.01287	0.01801	0.01179	0.01053	0.08613	0.08012	0.54978	0.07365	0.02585	0.02095	0.00926	0.00725	0.00222	0.00598	0.00757	0.00847	0.01167
95	0.01945	0.04115	0.10802	0.01377	0.01946	0.01463	0.01240	0.21403	0.05159	0.10120	0.02170	0.09719	0.04639	0.00940	0.00682	0.00198	0.00669	0.00765	0.00585	0.20063
96	0.00883	0.00631	0.00843	0.00998	0.01049	0.00591	0.00678	0.01023	0.01401	0.01873	0.06749	0.69256	0.04774	0.02189	0.00908	0.00288	0.00418	0.04196	0.00666	0.00585
97	0.01442	0.03590	0.67746	0.02081	0.03116	0.01661	0.06077	0.02256	0.01513	0.02256	0.01286	0.01525	0.00911	0.00672	0.00685	0.00226	0.01060	0.00543	0.00304	0.01048
98	0.01762	0.01692	0.02890	0.04371	0.70533	0.01692	0.02185	0.02185	0.01621	0.02326	0.01339	0.01762	0.01128	0.00634	0.00705	0.00211	0.00846	0.00634	0.00352	0.01128
99	0.01730	0.01651	0.02812	0.06513	0.66284	0.01662	0.02147	0.02152	0.01616	0.02304	0.01412	0.01959	0.01213	0.00678	0.00714	0.00216	0.00843	0.02632	0.00361	0.01102
100	0.01392	0.01279	0.02061	0.61134	0.04357	0.01589	0.01844	0.04778	0.01486	0.01934	0.01423	0.06197	0.01184	0.00843	0.00828	0.00244	0.05561	0.00716	0.00355	0.00797
101	0.00868	0.00620	0.00826	0.00991	0.01033	0.00578	0.00661	0.00991	0.01363	0.01818	0.03925	0.74510	0.04710	0.02231	0.00909	0.00289	0.00413	0.02024	0.00661	0.00578
102	0.01345	0.01266	0.02136	0.73264	0.04904	0.01582	0.01978	0.01819	0.01424	0.01819	0.01266	0.01898	0.00949	0.00712	0.00712	0.00237	0.00949	0.00633	0.00316	0.00791
103	0.01096	0.00708	0.00888	0.00935	0.00996	0.00695	0.00620	0.01191	0.01243	0.05026	0.02903	0.26860	0.03287	0.38033	0.06826	0.00541	0.00674	0.06390	0.00541	0.00547
104	0.02707	0.01995	0.02137	0.01638	0.02208	0.02208	0.01353	0.68159	0.03348	0.04488	0.01710	0.01710	0.01211	0.00855	0.00712	0.00214	0.00784	0.00641	0.00712	0.01211
105	0.01609	0.01350	0.01608	0.01175	0.01784	0.01111	0.02719	0.09708	0.01702	0.02562	0.01410	0.03885	0.01193	0.00624	0.00570	0.00128	0.00573	0.00511	0.00463	0.65318
106	0.00879	0.00628	0.00840	0.01005	0.01051	0.00588	0.00681	0.01012	0.01375	0.01831	0.03918	0.71741	0.04684	0.02220	0.00912	0.00291	0.00423	0.04678	0.00661	0.00582
107	0.01904	0.75404	0.03731	0.01218	0.01828	0.02818	0.01218	0.02132	0.01447	0.01675	0.00990	0.01142	0.00914	0.00609	0.00457	0.00152	0.00761	0.00381	0.00305	0.00914
108	0.01102	0.00799	0.01084	0.01204	0.01376	0.00781	0.01031	0.01418	0.01688	0.02208	0.12847	0.07570	0.10277	0.01885	0.00952	0.00306	0.00587	0.51559	0.00673	0.00653
109	0.01345	0.01266	0.02136	0.73264	0.04904	0.01582	0.01978	0.01819	0.01424	0.01819	0.01266	0.01898	0.00949	0.00712	0.00712	0.00237	0.00949	0.00633	0.00316	0.00791
110	0.01036	0.00690	0.00777	0.00777	0.00777	0.00690	0.00431	0.01036	0.01036	0.01381	0.02244	0.04660	0.02589	0.74975	0.03624	0.00690	0.00690	0.01036	0.00431	0.00431
111	0.01558	0.01558	0.02181	0.01869	0.01869	0.02181	0.01558	0.01714	0.01091	0.01714	0.00935	0.01558	0.00935	0.01246	0.02337	0.00312	0.73672	0.00623	0.00312	0.00779
112	0.00868	0.00645	0.00809	0.00931	0.01019	0.00587	0.00636	0.01012	0.01443	0.01880	0.07194	0.57636	0.18522	0.02111	0.00892	0.00276	0.00399	0.01886	0.00666	0.00587
113	0.01345	0.01266	0.02136	0.73264	0.04904	0.01582	0.01978	0.01819	0.01424	0.01819	0.01266	0.01898	0.00949	0.00712	0.00712	0.00237	0.00949	0.00633	0.00316	0.00791
114	0.01904	0.75404	0.03731	0.01218	0.01828	0.02818	0.01218	0.02132	0.01447	0.01675	0.00990	0.01142	0.00914	0.00609	0.00457	0.00152	0.00761	0.00381	0.00305	0.00914
115	0.00868	0.00620	0.00826	0.00991	0.01033	0.00578	0.00661	0.00991	0.01363	0.01818	0.03925	0.74510	0.04710	0.02231	0.00909	0.00289	0.00413	0.02024	0.00661	0.00578
116	0.00846	0.00704	0.00739	0.00768	0.00974	0.00597	0.00562	0.01017	0.01578	0.01905	0.06644	0.18558	0.58906	0.01877	0.00853	0.00249	0.00370	0.01593	0.00661	0.00597
117	0.80005	0.01377	0.01047	0.00936	0.01377	0.01597	0.00771	0.02093	0.01212	0.03195	0.00991	0.01157	0.00771	0.00661	0.00441	0.00220	0.00551	0.00386	0.00441	0.00771
118	0.02707	0.01995	0.02137	0.01638	0.02208	0.02208	0.01353	0.68159	0.03348	0.04488	0.01710	0.01710	0.01211	0.00855	0.00712	0.00214	0.00784	0.00641	0.00712	0.01211
119	0.80005	0.01377	0.01047	0.00936	0.01377	0.01597	0.00771	0.02093	0.01212	0.03195	0.00991	0.01157	0.00771	0.00661	0.00441	0.00220	0.00551	0.00386	0.00441	0.00771
120	0.01582	0.01536	0.02124	0.01821	0.01853	0.02114	0.01513	0.04710	0.01196	0.01837	0.01021	0.01630	0.00992	0.01445	0.05946	0.00351	0.66573	0.00631	0.00333	0.00791
121	0.00871	0.00623	0.00830	0.00989	0.01034	0.00581	0.00661	0.01001	0.01382	0.01847	0.05776	0.72577	0.04766	0.02209	0.00907	0.00287	0.00411	0.02004	0.00664	0.00581
122	0.01705	0.01638	0.02789	0.13233	0.56484	0.01685	0.04653	0.02208	0.04415	0.02285	0.01399	0.01824	0.01146	0.00657	0.00712	0.00217	0.00861	0.00649	0.00364	0.01077
123	0.01771	0.01530	0.01610	0.01449	0.01852	0.01771	0.01127	0.03784	0.69247	0.02979	0.02898	0.02657	0.02174	0.00966	0.00725	0.00242	0.00564	0.00805	0.00725	0.01127
124	0.01395	0.06769	0.01278	0.00996	0.01243	0.03405	0.00766	0.04611	0.01864	0.08826	0.36661	0.07463	0.11322	0.09011	0.01079	0.00269	0.00490	0.01133	0.00683	0.00734
125	0.01714	0.02185	0.14141	0.02663	0.08568	0.04778	0.35738	0.05163	0.01640	0.02265	0.01322	0.01747	0.01031	0.00738	0.01034	0.00244	0.12991	0.00714	0.00358	0.00964
126	0.06232	0.01667	0.01679	0.01451	0.01887	0.04961	0.01146	0.16392	0.45754	0.04994	0.02596	0.02437	0.03751	0.00938	0.00706	0.00232	0.00635	0.00751	0.00693	0.01098
127	0.01565	0.01443	0.04661	0.01183	0.01795	0.01159	0.00988	0.04433	0.12613	0.02500	0.01548	0.01679	0.01236	0.00617	0.00573	0.00137	0.00566	0.00497	0.00476	0.60333
