[name]
unknown

[dist]
# distance from previous block
# <min> <max>
5	15

[block]
# block no. 0 follows, 26 sequences, length 13
# corresponding to MSA columns:
# 15-27
name=unknown_A
#
# <colnr> <probs for GDERKNQSTAVLIFYWHMCP>
#	G	D	E	R	K	N	Q	S	T	A	V	L	I	F	Y	W	H	M	C	P
0	0.02219	0.01529	0.02022	0.07693	0.10374	0.01550	0.01389	0.13335	0.03876	0.17669	0.01954	0.05289	0.01524	0.00908	0.00891	0.00219	0.07612	0.00718	0.00603	0.18624
1	0.02381	0.01864	0.02111	0.01625	0.02227	0.01950	0.03778	0.39075	0.12787	0.03902	0.01893	0.01926	0.01403	0.00836	0.00720	0.00206	0.00752	0.00663	0.00674	0.19226
2	0.02748	0.02834	0.02187	0.05084	0.02466	0.37247	0.01475	0.28034	0.05452	0.03076	0.01519	0.01640	0.01160	0.00842	0.00721	0.00213	0.01107	0.00590	0.00551	0.01054
3	0.01982	0.01335	0.01615	0.01174	0.01829	0.01034	0.00947	0.02310	0.01707	0.17387	0.01716	0.01799	0.01292	0.00646	0.00607	0.00140	0.00580	0.00520	0.00559	0.60823
4	0.01149	0.00891	0.01054	0.01125	0.01270	0.00911	0.00788	0.01728	0.16170	0.02190	0.04106	0.47045	0.09545	0.06910	0.01117	0.00322	0.00492	0.01747	0.00702	0.00738
5	0.01148	0.00900	0.01099	0.01098	0.01325	0.00812	0.00783	0.01497	0.06989	0.02165	0.03625	0.47873	0.06989	0.01836	0.00857	0.00258	0.00478	0.01639	0.00653	0.17975
6	0.02751	0.02393	0.02248	0.07621	0.02591	0.17498	0.01503	0.46617	0.03078	0.03889	0.01636	0.01736	0.01197	0.00869	0.00742	0.00223	0.00969	0.00639	0.00641	0.01161
7	0.01118	0.00839	0.01038	0.01018	0.01207	0.00737	0.00702	0.01292	0.01479	0.02072	0.09285	0.37604	0.03919	0.15399	0.01421	0.00339	0.00516	0.01499	0.00613	0.17904
8	0.02485	0.01814	0.01952	0.01540	0.02011	0.01990	0.01222	0.51545	0.03015	0.04040	0.01948	0.02524	0.01618	0.17116	0.01453	0.00341	0.00812	0.00777	0.00692	0.01104
9	0.02491	0.01685	0.01874	0.01554	0.02065	0.01838	0.01245	0.20434	0.35774	0.18358	0.02730	0.02506	0.01945	0.00977	0.00766	0.00244	0.00673	0.00790	0.00806	0.01245
10	0.01103	0.00735	0.00827	0.00827	0.00827	0.00735	0.00460	0.01103	0.01103	0.01471	0.02390	0.04964	0.02758	0.73343	0.03861	0.00735	0.00735	0.01103	0.00460	0.00460
11	0.00972	0.00743	0.00835	0.00856	0.01008	0.00668	0.00591	0.01134	0.01599	0.02037	0.14256	0.17733	0.34404	0.17927	0.01572	0.00370	0.00469	0.01553	0.00668	0.00606
12	0.01732	0.01781	0.02312	0.01989	0.02013	0.06541	0.01647	0.01900	0.01223	0.01827	0.01007	0.01641	0.00995	0.01294	0.02377	0.00323	0.67575	0.00653	0.00336	0.00833

[dist]
# distance from previous block
# <min> <max>
0	4

[block]
# block no. 1 follows, 26 sequences, length 22
# corresponding to MSA columns:
# 32-53
name=unknown_B
#
# <colnr> <probs for GDERKNQSTAVLIFYWHMCP>
#	G	D	E	R	K	N	Q	S	T	A	V	L	I	F	Y	W	H	M	C	P
0	0.01461	0.01389	0.02380	0.66722	0.07515	0.01697	0.04294	0.01969	0.01534	0.01975	0.01357	0.02018	0.01023	0.00751	0.00763	0.00252	0.01016	0.00682	0.00340	0.00862
1	0.00948	0.00673	0.00881	0.01029	0.01075	0.00632	0.00681	0.01077	0.01449	0.01940	0.06856	0.63168	0.04889	0.09331	0.01250	0.00347	0.00465	0.02018	0.00686	0.00605
2	0.50680	0.01524	0.01402	0.04451	0.01810	0.01728	0.01003	0.11851	0.06053	0.07569	0.01500	0.01617	0.01114	0.00781	0.00567	0.00233	0.00637	0.00528	0.04009	0.00941
3	0.03168	0.01636	0.01910	0.01490	0.02065	0.04878	0.01220	0.19687	0.05671	0.46122	0.02607	0.02339	0.01704	0.00928	0.00758	0.00232	0.00727	0.00733	0.00858	0.01266
4	0.01751	0.33618	0.38318	0.01845	0.02747	0.02298	0.05268	0.02348	0.01585	0.02140	0.01239	0.01459	0.00976	0.00686	0.00630	0.00208	0.00997	0.00511	0.00325	0.01053
5	0.00947	0.00680	0.00879	0.01016	0.01077	0.00633	0.00679	0.01086	0.01486	0.01979	0.08453	0.59466	0.08465	0.07883	0.01187	0.00334	0.00455	0.01991	0.00693	0.00612
6	0.02677	0.01672	0.01907	0.01528	0.02058	0.01769	0.01240	0.28592	0.18368	0.23172	0.06846	0.02540	0.02096	0.00990	0.00772	0.00238	0.00691	0.00794	0.00820	0.01231
7	0.02451	0.02022	0.01933	0.03560	0.02204	0.13454	0.01312	0.17381	0.31953	0.11875	0.02425	0.02307	0.01771	0.00942	0.00753	0.00237	0.00799	0.00739	0.00714	0.01168
8	0.01432	0.01348	0.02275	0.71520	0.05224	0.01685	0.02107	0.01938	0.01517	0.01938	0.01348	0.02022	0.01011	0.00758	0.00758	0.00253	0.01011	0.00674	0.00337	0.00843
9	0.00946	0.00696	0.00847	0.00955	0.01040	0.00640	0.00637	0.01071	0.01459	0.01888	0.04688	0.47327	0.18944	0.13487	0.01409	0.00364	0.00474	0.01865	0.00666	0.00597
10	0.09125	0.37567	0.22939	0.01728	0.05288	0.02406	0.01772	0.02275	0.01515	0.02156	0.01158	0.01395	0.00967	0.00728	0.00717	0.00208	0.06233	0.00484	0.00340	0.01002
11	0.01900	0.54570	0.16781	0.01521	0.02214	0.02705	0.01622	0.02264	0.01525	0.01910	0.01111	0.01326	0.00973	0.00714	0.00683	0.00190	0.06219	0.00456	0.00324	0.00992
12	0.05879	0.01606	0.01730	0.01503	0.01968	0.01798	0.01186	0.07986	0.50583	0.12692	0.02892	0.02651	0.02113	0.00993	0.00755	0.00251	0.00622	0.00811	0.00780	0.01201
13	0.01815	0.01785	0.02636	0.24388	0.38123	0.06923	0.02089	0.02424	0.07917	0.02334	0.01542	0.01973	0.01233	0.00742	0.00750	0.00234	0.00941	0.00678	0.00403	0.01069
14	0.01536	0.01373	0.02213	0.62876	0.04804	0.01686	0.01987	0.06713	0.01645	0.02122	0.01382	0.02021	0.01047	0.00860	0.00865	0.03995	0.00981	0.00674	0.00368	0.00851
15	0.05704	0.00868	0.01069	0.01080	0.01248	0.00839	0.00755	0.01707	0.04360	0.13378	0.03416	0.40933	0.03703	0.15582	0.01452	0.00371	0.00547	0.01566	0.00687	0.00737
16	0.02248	0.01130	0.01437	0.01241	0.01622	0.01062	0.00968	0.06383	0.07485	0.32472	0.11509	0.19416	0.06913	0.01406	0.00834	0.00255	0.00556	0.01209	0.00834	0.01021
17	0.28878	0.01945	0.10520	0.01453	0.02076	0.01772	0.01332	0.21749	0.02213	0.18524	0.01763	0.01762	0.01219	0.00821	0.00655	0.00233	0.00744	0.00591	0.00643	0.01107
18	0.02343	0.02016	0.02338	0.05382	0.15517	0.14001	0.06337	0.07478	0.19937	0.13586	0.02123	0.02177	0.01571	0.00851	0.00758	0.00234	0.00889	0.00723	0.00604	0.01135
19	0.01698	0.01426	0.01328	0.04312	0.01631	0.15790	0.00959	0.01878	0.01729	0.10289	0.08091	0.30708	0.07245	0.05672	0.01086	0.02702	0.00705	0.01362	0.00634	0.00758
20	0.02210	0.01144	0.01471	0.01263	0.01602	0.01111	0.00976	0.05309	0.04285	0.30999	0.03160	0.18270	0.05773	0.09659	0.01294	0.00313	0.05923	0.01129	0.00746	0.03364
21	0.06603	0.04570	0.01782	0.03965	0.01912	0.01422	0.03881	0.07367	0.08196	0.12034	0.02349	0.15881	0.02169	0.05130	0.01044	0.00263	0.05973	0.00959	0.00606	0.13894

[dist]
# distance from previous block
# <min> <max>
12	41

[block]
# block no. 2 follows, 26 sequences, length 34
# corresponding to MSA columns:
# 103-136
name=unknown_C
#
# <colnr> <probs for GDERKNQSTAVLIFYWHMCP>
#	G	D	E	R	K	N	Q	S	T	A	V	L	I	F	Y	W	H	M	C	P
0	0.05150	0.01345	0.01622	0.01346	0.01819	0.01329	0.01073	0.07263	0.18158	0.32959	0.07919	0.08478	0.02540	0.01099	0.00773	0.00241	0.00602	0.00916	0.00821	0.04548
1	0.18160	0.01597	0.01686	0.01419	0.01918	0.01751	0.01140	0.12935	0.29922	0.17824	0.02458	0.02295	0.01758	0.00925	0.00706	0.00243	0.00643	0.00719	0.00744	0.01156
2	0.01209	0.00854	0.01202	0.01213	0.01372	0.00805	0.04602	0.04354	0.01631	0.05991	0.04072	0.57012	0.08533	0.02092	0.00937	0.00294	0.00516	0.01896	0.00701	0.00712
3	0.09221	0.02255	0.02118	0.01678	0.02244	0.12760	0.01361	0.47184	0.03039	0.04077	0.01628	0.01687	0.01192	0.00853	0.00711	0.00217	0.00881	0.00616	0.00659	0.05620
4	0.02451	0.01794	0.01979	0.01529	0.02109	0.01865	0.01247	0.40166	0.08185	0.07784	0.05814	0.02123	0.01719	0.00887	0.00727	0.00207	0.00719	0.00694	0.00710	0.17291
5	0.02277	0.31658	0.15063	0.01635	0.02306	0.08615	0.01614	0.15148	0.02046	0.08001	0.01429	0.01550	0.01109	0.00777	0.00705	0.00205	0.03785	0.00536	0.00467	0.01075
6	0.10584	0.01557	0.01934	0.01693	0.01853	0.07335	0.05371	0.01832	0.01334	0.02039	0.01593	0.09487	0.01609	0.04703	0.11682	0.00446	0.32920	0.00832	0.00411	0.00786
7	0.01074	0.00775	0.01014	0.00954	0.01133	0.00716	0.00716	0.01431	0.02147	0.03042	0.68211	0.05666	0.07157	0.01551	0.00895	0.00239	0.00358	0.01372	0.00835	0.00716
8	0.03323	0.01419	0.01840	0.01410	0.02000	0.01305	0.01165	0.13301	0.02386	0.59229	0.02812	0.02465	0.01787	0.00934	0.00762	0.00234	0.00675	0.00750	0.00911	0.01291
9	0.01875	0.01839	0.02950	0.11640	0.58749	0.05015	0.02264	0.02319	0.01725	0.02391	0.01406	0.01869	0.01171	0.00690	0.00749	0.00227	0.00935	0.00667	0.00372	0.01148
10	0.02268	0.01659	0.01904	0.09091	0.02400	0.01857	0.01338	0.17223	0.37177	0.12689	0.02612	0.02489	0.01891	0.00961	0.00766	0.00247	0.00702	0.00787	0.00746	0.01194
11	0.00924	0.00660	0.00880	0.01056	0.01100	0.00616	0.00704	0.01056	0.01452	0.01936	0.04181	0.72848	0.05017	0.02376	0.00968	0.00308	0.00440	0.02156	0.00704	0.00616
12	0.02574	0.01188	0.01526	0.01245	0.01709	0.01086	0.01001	0.03080	0.09571	0.43385	0.14715	0.03621	0.09584	0.01154	0.00800	0.00240	0.00564	0.00964	0.00878	0.01115
13	0.78701	0.01467	0.01115	0.00997	0.01467	0.01702	0.00821	0.02230	0.01291	0.03403	0.01056	0.01232	0.00821	0.00704	0.00469	0.00235	0.00587	0.00411	0.00469	0.00821
14	0.01887	0.01629	0.01715	0.01544	0.01972	0.01887	0.01201	0.04031	0.67241	0.03173	0.03087	0.02830	0.02315	0.01029	0.00772	0.00257	0.00600	0.00858	0.00772	0.01201
15	0.02957	0.01975	0.07576	0.01639	0.02280	0.01864	0.01437	0.38717	0.02910	0.27451	0.02200	0.02073	0.01472	0.00905	0.00757	0.00231	0.00791	0.00701	0.00787	0.01276
16	0.01061	0.00766	0.01003	0.00963	0.01130	0.00708	0.00715	0.01401	0.02090	0.02951	0.62982	0.11153	0.06982	0.01618	0.00901	0.00244	0.00365	0.01436	0.00824	0.00708
17	0.01087	0.00799	0.01150	0.01150	0.01262	0.00911	0.00862	0.01310	0.01199	0.01710	0.02095	0.03328	0.02048	0.17577	0.58656	0.01134	0.01804	0.00864	0.00416	0.00639
18	0.01887	0.01629	0.01715	0.01544	0.01972	0.01887	0.01201	0.04031	0.67241	0.03173	0.03087	0.02830	0.02315	0.01029	0.00772	0.00257	0.00600	0.00858	0.00772	0.01201
19	0.01066	0.00775	0.01003	0.00946	0.01129	0.00712	0.00710	0.01417	0.02129	0.02999	0.65623	0.05736	0.09771	0.01566	0.00895	0.00239	0.00359	0.01382	0.00829	0.00712
20	0.02883	0.02125	0.02276	0.01745	0.02352	0.02352	0.01442	0.66082	0.03566	0.04780	0.01821	0.01821	0.01290	0.00911	0.00759	0.00228	0.00835	0.00683	0.00759	0.01290
21	0.02833	0.03615	0.02149	0.01954	0.02345	0.70298	0.01466	0.03029	0.02149	0.01856	0.01172	0.01368	0.00977	0.00782	0.00684	0.00195	0.01368	0.00489	0.00391	0.00879
22	0.02613	0.01990	0.02124	0.01690	0.02249	0.02226	0.01376	0.49243	0.20846	0.04344	0.02165	0.02095	0.01568	0.00943	0.00762	0.00236	0.00771	0.00730	0.00762	0.01266
23	0.02773	0.09201	0.02311	0.01880	0.02313	0.58151	0.01450	0.09139	0.02238	0.02137	0.01226	0.01400	0.01007	0.00783	0.00675	0.00196	0.01270	0.00501	0.00421	0.00927
24	0.02833	0.03615	0.02149	0.01954	0.02345	0.70298	0.01466	0.03029	0.02149	0.01856	0.01172	0.01368	0.00977	0.00782	0.00684	0.00195	0.01368	0.00489	0.00391	0.00879
25	0.01521	0.03923	0.69413	0.02162	0.03283	0.01762	0.02802	0.02402	0.01601	0.02402	0.01361	0.01601	0.00961	0.00721	0.00721	0.00240	0.01121	0.00560	0.00320	0.01121
26	0.01103	0.00735	0.00827	0.00827	0.00827	0.00735	0.00460	0.01103	0.01103	0.01471	0.02390	0.04964	0.02758	0.73343	0.03861	0.00735	0.00735	0.01103	0.00460	0.00460
27	0.01074	0.00775	0.01014	0.00954	0.01133	0.00716	0.00716	0.01431	0.02147	0.03042	0.68211	0.05666	0.07157	0.01551	0.00895	0.00239	0.00358	0.01372	0.00835	0.00716
28	0.00924	0.00660	0.00880	0.01056	0.01100	0.00616	0.00704	0.01056	0.01452	0.01936	0.04181	0.72848	0.05017	0.02376	0.00968	0.00308	0.00440	0.02156	0.00704	0.00616
29	0.00932	0.00775	0.00818	0.00823	0.01067	0.00661	0.00627	0.01148	0.01768	0.02153	0.13014	0.07224	0.58925	0.01897	0.00905	0.00260	0.00400	0.05236	0.00716	0.00651
30	0.02883	0.02125	0.02276	0.01745	0.02352	0.02352	0.01442	0.66082	0.03566	0.04780	0.01821	0.01821	0.01290	0.00911	0.00759	0.00228	0.00835	0.00683	0.00759	0.01290
31	0.02028	0.73799	0.03975	0.01298	0.01947	0.03001	0.01298	0.02271	0.01541	0.01785	0.01055	0.01217	0.00973	0.00649	0.00487	0.00162	0.00811	0.00406	0.00324	0.00973
32	0.01721	0.01343	0.01623	0.04561	0.01976	0.01053	0.00976	0.02063	0.01621	0.08092	0.01487	0.01680	0.01182	0.00603	0.00588	0.00130	0.00591	0.00487	0.00485	0.67739
33	0.02411	0.28650	0.02752	0.01652	0.02149	0.33937	0.01367	0.05116	0.11157	0.02119	0.01423	0.01535	0.01175	0.00773	0.00628	0.00193	0.01040	0.00517	0.00434	0.00973

[dist]
# distance from previous block
# <min> <max>
0	1

[block]
# block no. 3 follows, 26 sequences, length 25
# corresponding to MSA columns:
# 138-162
name=unknown_D
#
# <colnr> <probs for GDERKNQSTAVLIFYWHMCP>
#	G	D	E	R	K	N	Q	S	T	A	V	L	I	F	Y	W	H	M	C	P
0	0.63412	0.01682	0.04699	0.01232	0.01762	0.01784	0.03904	0.09065	0.01571	0.03458	0.01174	0.01349	0.00893	0.00724	0.00532	0.00235	0.00670	0.00469	0.00489	0.00895
1	0.05273	0.12414	0.01922	0.01260	0.01763	0.01420	0.01054	0.05459	0.04954	0.34822	0.11421	0.05137	0.05313	0.01046	0.00733	0.00224	0.00616	0.00847	0.00765	0.03557
2	0.01929	0.01901	0.03028	0.04509	0.65015	0.05520	0.02281	0.02366	0.01750	0.02444	0.01413	0.01850	0.01189	0.00682	0.00747	0.00224	0.00926	0.00666	0.00376	0.01184
3	0.02883	0.02125	0.02276	0.01745	0.02352	0.02352	0.01442	0.66082	0.03566	0.04780	0.01821	0.01821	0.01290	0.00911	0.00759	0.00228	0.00835	0.00683	0.00759	0.01290
4	0.00896	0.00768	0.00768	0.00768	0.01025	0.00640	0.00576	0.01089	0.01729	0.02049	0.07684	0.07300	0.68304	0.01921	0.00896	0.00256	0.00384	0.01601	0.00704	0.00640
5	0.72753	0.01518	0.01206	0.01056	0.01536	0.01753	0.00870	0.07239	0.01469	0.03511	0.01116	0.01278	0.00858	0.00720	0.00492	0.00234	0.00606	0.00432	0.00492	0.00858
6	0.00924	0.00660	0.00880	0.01056	0.01100	0.00616	0.00704	0.01056	0.01452	0.01936	0.04181	0.72848	0.05017	0.02376	0.00968	0.00308	0.00440	0.02156	0.00704	0.00616
7	0.00924	0.00660	0.00880	0.01056	0.01100	0.00616	0.00704	0.01056	0.01452	0.01936	0.04181	0.72848	0.05017	0.02376	0.00968	0.00308	0.00440	0.02156	0.00704	0.00616
8	0.01414	0.00707	0.00707	0.00707	0.00884	0.00707	0.00530	0.01767	0.01591	0.02828	0.02474	0.02828	0.01944	0.00884	0.00530	0.00177	0.00353	0.00707	0.77554	0.00707
9	0.01103	0.00735	0.00827	0.00827	0.00827	0.00735	0.00460	0.01103	0.01103	0.01471	0.02390	0.04964	0.02758	0.73343	0.03861	0.00735	0.00735	0.01103	0.00460	0.00460
10	0.01432	0.01348	0.02275	0.71520	0.05224	0.01685	0.02107	0.01938	0.01517	0.01938	0.01348	0.02022	0.01011	0.00758	0.00758	0.00253	0.01011	0.00674	0.00337	0.00843
11	0.01771	0.01916	0.03889	0.09345	0.17486	0.01893	0.43964	0.02337	0.01723	0.02368	0.01470	0.01990	0.01142	0.00691	0.00930	0.00253	0.04601	0.00819	0.00375	0.01035
12	0.01521	0.03923	0.69413	0.02162	0.03283	0.01762	0.02802	0.02402	0.01601	0.02402	0.01361	0.01601	0.00961	0.00721	0.00721	0.00240	0.01121	0.00560	0.00320	0.01121
13	0.02028	0.73799	0.03975	0.01298	0.01947	0.03001	0.01298	0.02271	0.01541	0.01785	0.01055	0.01217	0.00973	0.00649	0.00487	0.00162	0.00811	0.00406	0.00324	0.00973
14	0.03403	0.01291	0.01760	0.01350	0.01936	0.01115	0.01115	0.03697	0.02171	0.69137	0.02992	0.02582	0.01878	0.00939	0.00763	0.00235	0.00645	0.00763	0.00939	0.01291
15	0.01569	0.06901	0.60548	0.02217	0.03285	0.01832	0.08480	0.02399	0.01616	0.02377	0.01363	0.01625	0.00979	0.00710	0.00726	0.00238	0.01121	0.00584	0.00326	0.01105
16	0.03246	0.01358	0.01779	0.01384	0.01958	0.01239	0.01137	0.06525	0.07981	0.60423	0.02948	0.02570	0.01890	0.00946	0.00763	0.00236	0.00650	0.00768	0.00916	0.01283
17	0.01103	0.00735	0.00827	0.00827	0.00827	0.00735	0.00460	0.01103	0.01103	0.01471	0.02390	0.04964	0.02758	0.73343	0.03861	0.00735	0.00735	0.01103	0.00460	0.00460
18	0.00924	0.00660	0.00880	0.01056	0.01100	0.00616	0.00704	0.01056	0.01452	0.01936	0.04181	0.72848	0.05017	0.02376	0.00968	0.00308	0.00440	0.02156	0.00704	0.00616
19	0.03310	0.05048	0.01896	0.01364	0.01955	0.01265	0.01138	0.06329	0.02199	0.62890	0.02842	0.02479	0.01806	0.00923	0.00748	0.00231	0.00662	0.00741	0.00899	0.01275
20	0.01790	0.02046	0.04476	0.03197	0.03964	0.01918	0.65857	0.02430	0.01790	0.02430	0.01535	0.02046	0.01151	0.00639	0.00895	0.00256	0.01279	0.00895	0.00384	0.01023
21	0.01388	0.00845	0.01115	0.01008	0.01241	0.00769	0.00769	0.01737	0.02150	0.11951	0.59420	0.05250	0.06445	0.01468	0.00877	0.00238	0.00397	0.01290	0.00849	0.00793
22	0.01462	0.01405	0.02454	0.65960	0.05122	0.01704	0.07294	0.01978	0.01539	0.01978	0.01363	0.02024	0.01022	0.00749	0.00769	0.00253	0.01033	0.00692	0.00341	0.00857
23	0.01518	0.01129	0.01318	0.01280	0.01505	0.01184	0.00941	0.17895	0.08514	0.02782	0.03472	0.47834	0.03801	0.01870	0.00895	0.00283	0.00556	0.01653	0.00725	0.00845
24	0.01513	0.01391	0.02275	0.67645	0.05065	0.01722	0.02070	0.05501	0.01631	0.02096	0.01374	0.02011	0.01027	0.00767	0.00758	0.00251	0.01001	0.00675	0.00360	0.00867

[dist]
# distance from previous block
# <min> <max>
1	4

[block]
# block no. 4 follows, 26 sequences, length 15
# corresponding to MSA columns:
# 167-181
name=unknown_E
#
# <colnr> <probs for GDERKNQSTAVLIFYWHMCP>
#	G	D	E	R	K	N	Q	S	T	A	V	L	I	F	Y	W	H	M	C	P
0	0.08432	0.03703	0.63298	0.02058	0.03120	0.01756	0.02625	0.02387	0.01574	0.02492	0.01334	0.01568	0.00948	0.00719	0.00698	0.00240	0.01073	0.00547	0.00334	0.01094
1	0.00978	0.00700	0.00935	0.01068	0.01148	0.00657	0.00753	0.01170	0.01605	0.02167	0.15804	0.54880	0.05347	0.02201	0.00962	0.00299	0.00448	0.07507	0.00727	0.00642
2	0.01590	0.01509	0.02559	0.47876	0.27639	0.01727	0.02185	0.02076	0.01591	0.02129	0.01376	0.01971	0.01078	0.00729	0.00756	0.00243	0.00972	0.00675	0.00351	0.00970
3	0.34223	0.01854	0.01706	0.01416	0.01929	0.05444	0.01150	0.27315	0.11852	0.03826	0.01656	0.01701	0.01229	0.00836	0.00637	0.00233	0.00724	0.00586	0.00622	0.01062
4	0.18182	0.02197	0.06535	0.05828	0.08310	0.15747	0.14610	0.02479	0.01687	0.06478	0.01365	0.01676	0.01061	0.00773	0.00856	0.00236	0.07361	0.00616	0.00427	0.03576
5	0.03403	0.01291	0.01760	0.01350	0.01936	0.01115	0.01115	0.03697	0.02171	0.69137	0.02992	0.02582	0.01878	0.00939	0.00763	0.00235	0.00645	0.00763	0.00939	0.01291
6	0.01784	0.01707	0.02910	0.18727	0.55272	0.01778	0.02281	0.02246	0.01683	0.02364	0.01410	0.01908	0.01161	0.00693	0.00752	0.00231	0.00924	0.00675	0.00367	0.01126
7	0.01056	0.00775	0.00990	0.00936	0.01122	0.00708	0.00702	0.01397	0.02106	0.02943	0.62204	0.05828	0.13225	0.01587	0.00895	0.00240	0.00360	0.01394	0.00822	0.00708
8	0.01074	0.00775	0.01014	0.00954	0.01133	0.00716	0.00716	0.01431	0.02147	0.03042	0.68211	0.05666	0.07157	0.01551	0.00895	0.00239	0.00358	0.01372	0.00835	0.00716
9	0.01573	0.01348	0.01573	0.01123	0.01798	0.01011	0.00899	0.01910	0.01573	0.02472	0.01348	0.01573	0.01123	0.00562	0.00562	0.00112	0.00562	0.00449	0.00449	0.77980
10	0.00901	0.00749	0.00789	0.00821	0.01038	0.00636	0.00600	0.01083	0.01679	0.02029	0.07047	0.19214	0.56801	0.02004	0.00909	0.00266	0.00394	0.01702	0.00704	0.00636
11	0.02133	0.01817	0.01804	0.01585	0.02035	0.07402	0.01240	0.09610	0.52766	0.06664	0.02812	0.02607	0.02091	0.00994	0.00763	0.00248	0.00686	0.00807	0.00749	0.01188
12	0.00924	0.00660	0.00880	0.01056	0.01100	0.00616	0.00704	0.01056	0.01452	0.01936	0.04181	0.72848	0.05017	0.02376	0.00968	0.00308	0.00440	0.02156	0.00704	0.00616
13	0.02028	0.73799	0.03975	0.01298	0.01947	0.03001	0.01298	0.02271	0.01541	0.01785	0.01055	0.01217	0.00973	0.00649	0.00487	0.00162	0.00811	0.00406	0.00324	0.00973
14	0.01790	0.02046	0.04476	0.03197	0.03964	0.01918	0.65857	0.02430	0.01790	0.02430	0.01535	0.02046	0.01151	0.00639	0.00895	0.00256	0.01279	0.00895	0.00384	0.01023

[dist]
# distance from previous block
# <min> <max>
0	5

[block]
# block no. 5 follows, 26 sequences, length 30
# corresponding to MSA columns:
# 187-216
name=unknown_F
#
# <colnr> <probs for GDERKNQSTAVLIFYWHMCP>
#	G	D	E	R	K	N	Q	S	T	A	V	L	I	F	Y	W	H	M	C	P
0	0.01074	0.00775	0.01014	0.00954	0.01133	0.00716	0.00716	0.01431	0.02147	0.03042	0.68211	0.05666	0.07157	0.01551	0.00895	0.00239	0.00358	0.01372	0.00835	0.00716
1	0.01084	0.00813	0.01219	0.01219	0.01354	0.00948	0.00948	0.01354	0.01219	0.01761	0.02032	0.02980	0.01896	0.05689	0.70337	0.01219	0.02032	0.00813	0.00406	0.00677
2	0.01261	0.00904	0.01218	0.01353	0.01527	0.00909	0.01137	0.05150	0.01795	0.02350	0.03922	0.20261	0.04313	0.02081	0.01016	0.00335	0.00658	0.48391	0.00703	0.00717
3	0.00924	0.00660	0.00880	0.01056	0.01100	0.00616	0.00704	0.01056	0.01452	0.01936	0.04181	0.72848	0.05017	0.02376	0.00968	0.00308	0.00440	0.02156	0.00704	0.00616
4	0.01877	0.01802	0.03079	0.04656	0.68612	0.01802	0.02328	0.02328	0.01727	0.02478	0.01427	0.01877	0.01201	0.00676	0.00751	0.00225	0.00901	0.00676	0.00375	0.01201
5	0.01206	0.00805	0.01056	0.00977	0.01179	0.00738	0.00738	0.01560	0.02148	0.06807	0.64496	0.05490	0.06856	0.01516	0.00887	0.00238	0.00374	0.01337	0.00841	0.00748
6	0.01521	0.03923	0.69413	0.02162	0.03283	0.01762	0.02802	0.02402	0.01601	0.02402	0.01361	0.01601	0.00961	0.00721	0.00721	0.00240	0.01121	0.00560	0.00320	0.01121
7	0.78701	0.01467	0.01115	0.00997	0.01467	0.01702	0.00821	0.02230	0.01291	0.03403	0.01056	0.01232	0.00821	0.00704	0.00469	0.00235	0.00587	0.00411	0.00469	0.00821
8	0.00896	0.00768	0.00768	0.00768	0.01025	0.00640	0.00576	0.01089	0.01729	0.02049	0.07684	0.07300	0.68304	0.01921	0.00896	0.00256	0.00384	0.01601	0.00704	0.00640
9	0.03327	0.01413	0.01836	0.01408	0.01997	0.01297	0.01163	0.12862	0.02376	0.59682	0.02820	0.02470	0.01791	0.00935	0.00762	0.00234	0.00673	0.00751	0.00912	0.01291
10	0.01103	0.00735	0.00827	0.00827	0.00827	0.00735	0.00460	0.01103	0.01103	0.01471	0.02390	0.04964	0.02758	0.73343	0.03861	0.00735	0.00735	0.01103	0.00460	0.00460
11	0.01432	0.01348	0.02275	0.71520	0.05224	0.01685	0.02107	0.01938	0.01517	0.01938	0.01348	0.02022	0.01011	0.00758	0.00758	0.00253	0.01011	0.00674	0.00337	0.00843
12	0.01103	0.00735	0.00827	0.00827	0.00827	0.00735	0.00460	0.01103	0.01103	0.01471	0.02390	0.04964	0.02758	0.73343	0.03861	0.00735	0.00735	0.01103	0.00460	0.00460
13	0.00944	0.00675	0.00901	0.01064	0.01120	0.00632	0.00725	0.01096	0.01501	0.02009	0.07600	0.66727	0.05106	0.02321	0.00967	0.00306	0.00446	0.04526	0.00711	0.00625
14	0.01573	0.01348	0.01573	0.01123	0.01798	0.01011	0.00899	0.01910	0.01573	0.02472	0.01348	0.01573	0.01123	0.00562	0.00562	0.00112	0.00562	0.00449	0.00449	0.77980
15	0.02028	0.73799	0.03975	0.01298	0.01947	0.03001	0.01298	0.02271	0.01541	0.01785	0.01055	0.01217	0.00973	0.00649	0.00487	0.00162	0.00811	0.00406	0.00324	0.00973
16	0.01573	0.01348	0.01573	0.01123	0.01798	0.01011	0.00899	0.01910	0.01573	0.02472	0.01348	0.01573	0.01123	0.00562	0.00562	0.00112	0.00562	0.00449	0.00449	0.77980
17	0.01155	0.00801	0.00994	0.00930	0.01150	0.00719	0.00703	0.01469	0.02046	0.06334	0.49893	0.05901	0.21856	0.01609	0.00888	0.00243	0.00380	0.01395	0.00809	0.00728
18	0.01790	0.02046	0.04476	0.03197	0.03964	0.01918	0.65857	0.02430	0.01790	0.02430	0.01535	0.02046	0.01151	0.00639	0.00895	0.00256	0.01279	0.00895	0.00384	0.01023
19	0.00914	0.00762	0.00797	0.00804	0.01039	0.00645	0.00597	0.01116	0.01747	0.02128	0.12745	0.11571	0.58690	0.01919	0.00901	0.00258	0.00386	0.01618	0.00716	0.00645
20	0.01817	0.01769	0.03105	0.12511	0.55386	0.01798	0.07861	0.02290	0.01708	0.02409	0.01427	0.01909	0.01174	0.00682	0.00764	0.00231	0.00947	0.00695	0.00372	0.01143
21	0.02833	0.03615	0.02149	0.01954	0.02345	0.70298	0.01466	0.03029	0.02149	0.01856	0.01172	0.01368	0.00977	0.00782	0.00684	0.00195	0.01368	0.00489	0.00391	0.00879
22	0.03403	0.01291	0.01760	0.01350	0.01936	0.01115	0.01115	0.03697	0.02171	0.69137	0.02992	0.02582	0.01878	0.00939	0.00763	0.00235	0.00645	0.00763	0.00939	0.01291
23	0.00969	0.00704	0.00925	0.01085	0.01169	0.00659	0.00776	0.01141	0.01523	0.02000	0.04461	0.56825	0.10451	0.02292	0.00975	0.00310	0.00477	0.11923	0.00703	0.00631
24	0.01545	0.07166	0.66376	0.02122	0.03221	0.01819	0.02733	0.02396	0.01599	0.02373	0.01347	0.01584	0.00961	0.00717	0.00710	0.00237	0.01107	0.00553	0.00320	0.01114
25	0.00939	0.00671	0.00897	0.01073	0.01124	0.00629	0.00730	0.01082	0.01467	0.01953	0.04172	0.69632	0.04984	0.02362	0.00972	0.00310	0.00453	0.05225	0.00704	0.00620
26	0.01942	0.01924	0.03016	0.04474	0.64149	0.06415	0.02270	0.02375	0.01756	0.02436	0.01410	0.01843	0.01186	0.00683	0.00746	0.00223	0.00933	0.00663	0.00376	0.01180
27	0.03014	0.01506	0.01853	0.01438	0.02019	0.01448	0.01178	0.16883	0.08943	0.44231	0.02639	0.02375	0.01744	0.00916	0.00749	0.00227	0.00675	0.00734	0.00850	0.06579
28	0.02906	0.01798	0.02044	0.01582	0.02171	0.01882	0.01300	0.39330	0.08299	0.24161	0.02263	0.02126	0.01547	0.00915	0.00753	0.00227	0.00746	0.00712	0.00802	0.04436
29	0.15619	0.39543	0.10816	0.01441	0.02069	0.10565	0.01404	0.02488	0.06001	0.02246	0.01242	0.01391	0.01036	0.00709	0.00554	0.00195	0.00860	0.00465	0.00388	0.00968

[dist]
# distance from previous block
# <min> <max>
0	1

[block]
# block no. 6 follows, 26 sequences, length 39
# corresponding to MSA columns:
# 218-256
name=unknown_G
#
# <colnr> <probs for GDERKNQSTAVLIFYWHMCP>
#	G	D	E	R	K	N	Q	S	T	A	V	L	I	F	Y	W	H	M	C	P
0	0.06021	0.01677	0.02782	0.20135	0.50032	0.01769	0.02193	0.02231	0.01654	0.02403	0.01388	0.01876	0.01136	0.00697	0.00737	0.00232	0.00910	0.00661	0.00372	0.01096
1	0.07971	0.02234	0.01946	0.04952	0.02262	0.19555	0.01331	0.24055	0.17879	0.03268	0.02188	0.02202	0.04980	0.00937	0.00729	0.00230	0.00883	0.00703	0.00623	0.01073
2	0.65677	0.01515	0.01275	0.01095	0.01587	0.01717	0.00903	0.08349	0.01574	0.08678	0.01280	0.01393	0.00948	0.00742	0.00520	0.00234	0.00615	0.00464	0.00533	0.00902
3	0.01103	0.00735	0.00827	0.00827	0.00827	0.00735	0.00460	0.01103	0.01103	0.01471	0.02390	0.04964	0.02758	0.73343	0.03861	0.00735	0.00735	0.01103	0.00460	0.00460
4	0.02028	0.73799	0.03975	0.01298	0.01947	0.03001	0.01298	0.02271	0.01541	0.01785	0.01055	0.01217	0.00973	0.00649	0.00487	0.00162	0.00811	0.00406	0.00324	0.00973
5	0.78701	0.01467	0.01115	0.00997	0.01467	0.01702	0.00821	0.02230	0.01291	0.03403	0.01056	0.01232	0.00821	0.00704	0.00469	0.00235	0.00587	0.00411	0.00469	0.00821
6	0.01074	0.00775	0.01014	0.00954	0.01133	0.00716	0.00716	0.01431	0.02147	0.03042	0.68211	0.05666	0.07157	0.01551	0.00895	0.00239	0.00358	0.01372	0.00835	0.00716
7	0.01573	0.01348	0.01573	0.01123	0.01798	0.01011	0.00899	0.01910	0.01573	0.02472	0.01348	0.01573	0.01123	0.00562	0.00562	0.00112	0.00562	0.00449	0.00449	0.77980
8	0.01065	0.00775	0.01002	0.00945	0.01128	0.00712	0.00709	0.01415	0.02127	0.02995	0.65343	0.05743	0.10055	0.01568	0.00895	0.00239	0.00359	0.01383	0.00829	0.00712
9	0.01103	0.00735	0.00827	0.00827	0.00827	0.00735	0.00460	0.01103	0.01103	0.01471	0.02390	0.04964	0.02758	0.73343	0.03861	0.00735	0.00735	0.01103	0.00460	0.00460
10	0.01790	0.02046	0.04476	0.03197	0.03964	0.01918	0.65857	0.02430	0.01790	0.02430	0.01535	0.02046	0.01151	0.00639	0.00895	0.00256	0.01279	0.00895	0.00384	0.01023
11	0.02883	0.02125	0.02276	0.01745	0.02352	0.02352	0.01442	0.66082	0.03566	0.04780	0.01821	0.01821	0.01290	0.00911	0.00759	0.00228	0.00835	0.00683	0.00759	0.01290
12	0.01877	0.52943	0.23507	0.01556	0.02346	0.02631	0.01747	0.02310	0.01559	0.01969	0.01146	0.01332	0.00970	0.00670	0.00557	0.00186	0.00904	0.00452	0.00323	0.01017
13	0.00924	0.00660	0.00880	0.01056	0.01100	0.00616	0.00704	0.01056	0.01452	0.01936	0.04181	0.72848	0.05017	0.02376	0.00968	0.00308	0.00440	0.02156	0.00704	0.00616
14	0.00924	0.00660	0.00880	0.01056	0.01100	0.00616	0.00704	0.01056	0.01452	0.01936	0.04181	0.72848	0.05017	0.02376	0.00968	0.00308	0.00440	0.02156	0.00704	0.00616
15	0.01054	0.00775	0.00987	0.00934	0.01121	0.00708	0.00701	0.01394	0.02102	0.02934	0.61635	0.05843	0.13801	0.01591	0.00895	0.00240	0.00361	0.01397	0.00821	0.00708
16	0.01072	0.00779	0.01012	0.00965	0.01148	0.00719	0.00732	0.01422	0.02111	0.02964	0.62728	0.05865	0.09739	0.01591	0.00901	0.00244	0.00374	0.04099	0.00823	0.00712
17	0.01789	0.01712	0.02919	0.17953	0.56006	0.01779	0.02284	0.02250	0.01685	0.02371	0.01411	0.01906	0.01164	0.00692	0.00752	0.00231	0.00923	0.00675	0.00368	0.01130
18	0.01877	0.01802	0.03079	0.04656	0.68612	0.01802	0.02328	0.02328	0.01727	0.02478	0.01427	0.01877	0.01201	0.00676	0.00751	0.00225	0.00901	0.00676	0.00375	0.01201
19	0.01746	0.01669	0.02842	0.24342	0.49949	0.01768	0.02263	0.02213	0.01665	0.02319	0.01404	0.01920	0.01145	0.00700	0.00753	0.00233	0.00933	0.00675	0.00364	0.01096
20	0.02836	0.03536	0.02156	0.01943	0.02345	0.66673	0.01464	0.06393	0.02225	0.02012	0.01207	0.01392	0.00994	0.00789	0.00688	0.00197	0.01339	0.00499	0.00410	0.00901
21	0.01723	0.01645	0.02801	0.27772	0.46697	0.01762	0.02251	0.02193	0.01654	0.02291	0.01400	0.01927	0.01136	0.00704	0.00753	0.00235	0.00939	0.00675	0.00362	0.01077
22	0.01432	0.01348	0.02275	0.71520	0.05224	0.01685	0.02107	0.01938	0.01517	0.01938	0.01348	0.02022	0.01011	0.00758	0.00758	0.00253	0.01011	0.00674	0.00337	0.00843
23	0.01085	0.00806	0.01184	0.01184	0.01307	0.00929	0.00904	0.01332	0.01209	0.01735	0.02064	0.03159	0.01974	0.11813	0.64319	0.01175	0.01914	0.00839	0.00411	0.00658
24	0.01397	0.00708	0.00713	0.00713	0.00881	0.00708	0.00526	0.01732	0.01564	0.02755	0.02470	0.02943	0.01988	0.04798	0.00710	0.00207	0.00374	0.00728	0.73390	0.00694
25	0.01573	0.01348	0.01573	0.01123	0.01798	0.01011	0.00899	0.01910	0.01573	0.02472	0.01348	0.01573	0.01123	0.00562	0.00562	0.00112	0.00562	0.00449	0.00449	0.77980
26	0.00941	0.00770	0.00830	0.00815	0.01052	0.00659	0.00611	0.01175	0.01834	0.02298	0.22882	0.06889	0.52951	0.01828	0.00896	0.00252	0.00378	0.01543	0.00737	0.00659
27	0.01084	0.00813	0.01219	0.01219	0.01354	0.00948	0.00948	0.01354	0.01219	0.01761	0.02032	0.02980	0.01896	0.05689	0.70337	0.01219	0.02032	0.00813	0.00406	0.00677
28	0.01103	0.00735	0.00827	0.00827	0.00827	0.00735	0.00460	0.01103	0.01103	0.01471	0.02390	0.04964	0.02758	0.73343	0.03861	0.00735	0.00735	0.01103	0.00460	0.00460
29	0.01965	0.01821	0.02625	0.23090	0.03476	0.05593	0.15919	0.16383	0.12911	0.02859	0.01797	0.02119	0.01351	0.01002	0.03482	0.00283	0.01023	0.00751	0.00517	0.01035
30	0.01877	0.01802	0.03079	0.04656	0.68612	0.01802	0.02328	0.02328	0.01727	0.02478	0.01427	0.01877	0.01201	0.00676	0.00751	0.00225	0.00901	0.00676	0.00375	0.01201
31	0.01521	0.03923	0.69413	0.02162	0.03283	0.01762	0.02802	0.02402	0.01601	0.02402	0.01361	0.01601	0.00961	0.00721	0.00721	0.00240	0.01121	0.00560	0.00320	0.01121
32	0.02028	0.73799	0.03975	0.01298	0.01947	0.03001	0.01298	0.02271	0.01541	0.01785	0.01055	0.01217	0.00973	0.00649	0.00487	0.00162	0.00811	0.00406	0.00324	0.00973
33	0.00896	0.00768	0.00768	0.00768	0.01025	0.00640	0.00576	0.01089	0.01729	0.02049	0.07684	0.07300	0.68304	0.01921	0.00896	0.00256	0.00384	0.01601	0.00704	0.00640
34	0.01502	0.03787	0.66455	0.02110	0.03190	0.01716	0.02712	0.02360	0.01625	0.02430	0.04252	0.01777	0.01229	0.00757	0.00728	0.00240	0.01088	0.00596	0.00343	0.01103
35	0.01784	0.01742	0.03074	0.17193	0.49720	0.01792	0.09027	0.02265	0.01694	0.02370	0.01423	0.01923	0.01160	0.00688	0.00768	0.00234	0.00962	0.00699	0.00369	0.01114
36	0.01606	0.03805	0.66371	0.02125	0.03222	0.01732	0.02727	0.02460	0.01627	0.05403	0.01435	0.01645	0.01002	0.00730	0.00723	0.00240	0.01100	0.00570	0.00348	0.01129
37	0.00924	0.00660	0.00880	0.01056	0.01100	0.00616	0.00704	0.01056	0.01452	0.01936	0.04181	0.72848	0.05017	0.02376	0.00968	0.00308	0.00440	0.02156	0.00704	0.00616
38	0.02688	0.01979	0.02137	0.01677	0.02228	0.02179	0.01368	0.59611	0.03356	0.04497	0.02056	0.08890	0.01661	0.01056	0.00780	0.00236	0.00795	0.00830	0.00753	0.01223

[dist]
# distance from previous block
# <min> <max>
0	2

[block]
# block no. 7 follows, 26 sequences, length 6
# corresponding to MSA columns:
# 259-264
name=unknown_H
#
# <colnr> <probs for GDERKNQSTAVLIFYWHMCP>
#	G	D	E	R	K	N	Q	S	T	A	V	L	I	F	Y	W	H	M	C	P
0	0.02670	0.01902	0.02219	0.01703	0.02305	0.02013	0.04923	0.43177	0.09367	0.12048	0.02028	0.02002	0.01439	0.00879	0.00751	0.00223	0.00789	0.00701	0.00733	0.08128
1	0.01500	0.01417	0.02397	0.61347	0.14868	0.01703	0.02140	0.01997	0.01549	0.02020	0.01360	0.02000	0.01040	0.00746	0.00757	0.00249	0.00994	0.00674	0.00343	0.00897
2	0.12092	0.01405	0.01663	0.01339	0.01851	0.01396	0.01089	0.11325	0.10090	0.37873	0.09549	0.02677	0.02287	0.00982	0.00742	0.00237	0.00627	0.00786	0.00827	0.01161
3	0.02558	0.01910	0.02077	0.01608	0.02185	0.02039	0.01312	0.52360	0.03133	0.04251	0.01922	0.06835	0.01531	0.00965	0.00746	0.00217	0.00768	0.00755	0.00711	0.12117
4	0.01432	0.01348	0.02275	0.71520	0.05224	0.01685	0.02107	0.01938	0.01517	0.01938	0.01348	0.02022	0.01011	0.00758	0.00758	0.00253	0.01011	0.00674	0.00337	0.00843
5	0.57567	0.01362	0.01251	0.07783	0.01814	0.01547	0.00949	0.02190	0.01467	0.07018	0.09297	0.01921	0.01665	0.00825	0.00565	0.00237	0.00603	0.00572	0.00528	0.00838

[dist]
# distance from previous block
# <min> <max>
0	3

[block]
# block no. 8 follows, 26 sequences, length 46
# corresponding to MSA columns:
# 268-290,294-316
name=unknown_I
#
# <colnr> <probs for GDERKNQSTAVLIFYWHMCP>
#	G	D	E	R	K	N	Q	S	T	A	V	L	I	F	Y	W	H	M	C	P
0	0.02754	0.13781	0.02491	0.01631	0.02237	0.02336	0.01382	0.48168	0.05253	0.09779	0.01839	0.01821	0.01323	0.00874	0.00715	0.00219	0.00807	0.00650	0.00704	0.01235
1	0.01790	0.02046	0.04476	0.03197	0.03964	0.01918	0.65857	0.02430	0.01790	0.02430	0.01535	0.02046	0.01151	0.00639	0.00895	0.00256	0.01279	0.00895	0.00384	0.01023
2	0.01800	0.01924	0.02778	0.02227	0.02485	0.08760	0.16904	0.02091	0.01430	0.02008	0.01161	0.01719	0.01038	0.01068	0.01827	0.00288	0.44303	0.00690	0.00356	0.05141
3	0.00896	0.00768	0.00768	0.00768	0.01025	0.00640	0.00576	0.01089	0.01729	0.02049	0.07684	0.07300	0.68304	0.01921	0.00896	0.00256	0.00384	0.01601	0.00704	0.00640
4	0.01212	0.00884	0.01248	0.04991	0.01700	0.00893	0.01197	0.01571	0.01791	0.02362	0.12966	0.07806	0.04586	0.01948	0.01011	0.00329	0.00667	0.51432	0.00699	0.00708
5	0.01074	0.00775	0.01014	0.00954	0.01133	0.00716	0.00716	0.01431	0.02147	0.03042	0.68211	0.05666	0.07157	0.01551	0.00895	0.00239	0.00358	0.01372	0.00835	0.00716
6	0.78701	0.01467	0.01115	0.00997	0.01467	0.01702	0.00821	0.02230	0.01291	0.03403	0.01056	0.01232	0.00821	0.00704	0.00469	0.00235	0.00587	0.00411	0.00469	0.00821
7	0.02686	0.01981	0.02116	0.01656	0.02216	0.02196	0.01357	0.55608	0.09785	0.04490	0.01991	0.01989	0.01436	0.00921	0.00745	0.00227	0.00779	0.00702	0.05877	0.01242
8	0.00924	0.00660	0.00880	0.01056	0.01100	0.00616	0.00704	0.01056	0.01452	0.01936	0.04181	0.72848	0.05017	0.02376	0.00968	0.00308	0.00440	0.02156	0.00704	0.00616
9	0.01521	0.03923	0.69413	0.02162	0.03283	0.01762	0.02802	0.02402	0.01601	0.02402	0.01361	0.01601	0.00961	0.00721	0.00721	0.00240	0.01121	0.00560	0.00320	0.01121
10	0.02125	0.67126	0.03788	0.01336	0.01968	0.06645	0.01300	0.02368	0.01599	0.04387	0.01136	0.01278	0.01008	0.00667	0.00508	0.00167	0.00836	0.00424	0.00352	0.00980
11	0.01074	0.00775	0.01014	0.00954	0.01133	0.00716	0.00716	0.01431	0.02147	0.03042	0.68211	0.05666	0.07157	0.01551	0.00895	0.00239	0.00358	0.01372	0.00835	0.00716
12	0.00924	0.00660	0.00880	0.01056	0.01100	0.00616	0.00704	0.01056	0.01452	0.01936	0.04181	0.72848	0.05017	0.02376	0.00968	0.00308	0.00440	0.02156	0.00704	0.00616
13	0.01667	0.01588	0.02699	0.36215	0.38693	0.01747	0.02223	0.02144	0.01628	0.02223	0.01390	0.01946	0.01112	0.00715	0.00754	0.00238	0.00953	0.00675	0.00357	0.01032
14	0.01877	0.01802	0.03079	0.04656	0.68612	0.01802	0.02328	0.02328	0.01727	0.02478	0.01427	0.01877	0.01201	0.00676	0.00751	0.00225	0.00901	0.00676	0.00375	0.01201
15	0.01222	0.00873	0.01222	0.01397	0.01572	0.00873	0.01222	0.01572	0.01746	0.02270	0.04016	0.08556	0.04365	0.02095	0.01048	0.00349	0.00698	0.63506	0.00698	0.00698
16	0.01521	0.03923	0.69413	0.02162	0.03283	0.01762	0.02802	0.02402	0.01601	0.02402	0.01361	0.01601	0.00961	0.00721	0.00721	0.00240	0.01121	0.00560	0.00320	0.01121
17	0.01245	0.00976	0.01241	0.07045	0.01744	0.00997	0.01075	0.03785	0.07824	0.02371	0.08094	0.11654	0.19696	0.01795	0.00937	0.00297	0.00604	0.27175	0.00687	0.00757
18	0.02877	0.02301	0.02261	0.01770	0.02351	0.10410	0.01445	0.58605	0.03398	0.04434	0.01744	0.01767	0.01253	0.00895	0.00750	0.00224	0.00898	0.00660	0.00715	0.01241
19	0.01568	0.03599	0.58204	0.02341	0.03400	0.01789	0.13686	0.02407	0.01634	0.02407	0.01391	0.01678	0.00994	0.00707	0.00751	0.00243	0.01148	0.00618	0.00331	0.01104
20	0.01745	0.01667	0.02840	0.24552	0.49750	0.01767	0.02262	0.02212	0.01664	0.02317	0.01403	0.01920	0.01145	0.00700	0.00753	0.00233	0.00934	0.00675	0.00364	0.01095
21	0.02754	0.03286	0.02178	0.01931	0.02320	0.56834	0.01477	0.10838	0.02255	0.02220	0.01241	0.01446	0.01018	0.00838	0.00825	0.00209	0.06445	0.00526	0.00433	0.00927
22	0.02833	0.02099	0.02248	0.01735	0.02333	0.02329	0.01429	0.62936	0.06795	0.04699	0.01885	0.01872	0.01342	0.00917	0.00759	0.00229	0.00823	0.00692	0.00759	0.01285
23	0.75259	0.01459	0.01144	0.01014	0.01488	0.01675	0.00835	0.02297	0.01331	0.06408	0.01145	0.01294	0.00870	0.00715	0.00483	0.00235	0.00589	0.00427	0.00491	0.00843
24	0.01318	0.00659	0.00988	0.00988	0.00988	0.00659	0.00659	0.00988	0.00988	0.01318	0.01318	0.02306	0.01318	0.02635	0.02964	0.77931	0.00659	0.00659	0.00329	0.00329
25	0.01549	0.07782	0.65799	0.02114	0.03209	0.01830	0.02719	0.02395	0.01598	0.02368	0.01344	0.01580	0.00962	0.00717	0.00708	0.00236	0.01104	0.00552	0.00321	0.01113
26	0.02028	0.73799	0.03975	0.01298	0.01947	0.03001	0.01298	0.02271	0.01541	0.01785	0.01055	0.01217	0.00973	0.00649	0.00487	0.00162	0.00811	0.00406	0.00324	0.00973
27	0.00949	0.00679	0.00902	0.01039	0.01106	0.00632	0.00706	0.01118	0.01566	0.02117	0.14673	0.61839	0.05367	0.02241	0.00956	0.00297	0.00427	0.02028	0.00726	0.00632
28	0.00908	0.00769	0.00785	0.00781	0.01032	0.00645	0.00586	0.01111	0.01757	0.02115	0.11717	0.07191	0.64229	0.01896	0.00896	0.00255	0.00382	0.01586	0.00713	0.00645
29	0.01103	0.00735	0.00827	0.00827	0.00827	0.00735	0.00460	0.01103	0.01103	0.01471	0.02390	0.04964	0.02758	0.73343	0.03861	0.00735	0.00735	0.01103	0.00460	0.00460
30	0.00909	0.00769	0.00786	0.00782	0.01033	0.00646	0.00587	0.01114	0.01760	0.02122	0.12129	0.07180	0.63813	0.01894	0.00896	0.00255	0.00382	0.01584	0.00714	0.00646
31	0.01573	0.01348	0.01573	0.01123	0.01798	0.01011	0.00899	0.01910	0.01573	0.02472	0.01348	0.01573	0.01123	0.00562	0.00562	0.00112	0.00562	0.00449	0.00449	0.77980
32	0.01573	0.01348	0.01573	0.01123	0.01798	0.01011	0.00899	0.01910	0.01573	0.02472	0.01348	0.01573	0.01123	0.00562	0.00562	0.00112	0.00562	0.00449	0.00449	0.77980
33	0.78701	0.01467	0.01115	0.00997	0.01467	0.01702	0.00821	0.02230	0.01291	0.03403	0.01056	0.01232	0.00821	0.00704	0.00469	0.00235	0.00587	0.00411	0.00469	0.00821
34	0.01804	0.01728	0.02947	0.15613	0.58224	0.01783	0.02292	0.02264	0.01693	0.02390	0.01414	0.01901	0.01170	0.00689	0.00752	0.00230	0.00919	0.00676	0.00369	0.01143
35	0.02883	0.02125	0.02276	0.01745	0.02352	0.02352	0.01442	0.66082	0.03566	0.04780	0.01821	0.01821	0.01290	0.00911	0.00759	0.00228	0.00835	0.00683	0.00759	0.01290
36	0.01482	0.01413	0.02125	0.04538	0.02053	0.01849	0.05736	0.01725	0.01235	0.01850	0.01364	0.02105	0.01283	0.02600	0.23170	0.00596	0.42995	0.00725	0.00358	0.00796
37	0.02986	0.01959	0.02174	0.01667	0.02270	0.02107	0.01377	0.53707	0.03289	0.17547	0.02053	0.01972	0.01407	0.00916	0.00760	0.00229	0.00797	0.00699	0.00794	0.01290
38	0.01714	0.01917	0.04121	0.06617	0.03839	0.01819	0.58191	0.02313	0.01753	0.02371	0.01701	0.06762	0.01401	0.00761	0.00893	0.00259	0.01209	0.00968	0.00403	0.00986
39	0.01659	0.01659	0.02323	0.01991	0.01991	0.02323	0.01659	0.01825	0.01162	0.01825	0.00996	0.01659	0.00996	0.01328	0.02489	0.00332	0.71955	0.00664	0.00332	0.00830
40	0.00952	0.00778	0.00850	0.00891	0.01119	0.00677	0.00691	0.01166	0.01713	0.02078	0.06849	0.11873	0.53609	0.01980	0.00926	0.00275	0.00439	0.11782	0.00703	0.00648
41	0.01790	0.02046	0.04476	0.03197	0.03964	0.01918	0.65857	0.02430	0.01790	0.02430	0.01535	0.02046	0.01151	0.00639	0.00895	0.00256	0.01279	0.00895	0.00384	0.01023
42	0.01693	0.27580	0.47259	0.01869	0.02831	0.02181	0.02293	0.02358	0.01581	0.02193	0.01257	0.01471	0.00965	0.00696	0.00641	0.00214	0.01016	0.00508	0.00322	0.01071
43	0.01168	0.00792	0.01021	0.00967	0.01163	0.00722	0.00724	0.01490	0.02056	0.06313	0.54412	0.11072	0.11990	0.01617	0.00894	0.00245	0.00382	0.01423	0.00819	0.00731
44	0.05325	0.01162	0.01338	0.01187	0.01547	0.01173	0.00925	0.02644	0.21062	0.17077	0.19701	0.06832	0.14255	0.01321	0.00814	0.00249	0.00508	0.01114	0.00796	0.00970
45	0.01969	0.02136	0.06394	0.04144	0.54574	0.09941	0.05054	0.02419	0.01774	0.02398	0.01398	0.01810	0.01160	0.00689	0.00748	0.00224	0.00984	0.00657	0.00375	0.01151

[dist]
# distance from previous block
# <min> <max>
0	1

# created by:
# /st0/software/busco_prod/Augustus/scripts/msa2prfl.pl ./align_prep/121346.fa
