[name]
unknown

[dist]
# distance from previous block
# <min> <max>
0	45

[block]
# block no. 0 follows, 31 sequences, length 56
# corresponding to MSA columns:
# 48-103
name=unknown_A
#
# <colnr> <probs for GDERKNQSTAVLIFYWHMCP>
#	G	D	E	R	K	N	Q	S	T	A	V	L	I	F	Y	W	H	M	C	P
0	0.00959	0.00709	0.00920	0.01022	0.01164	0.00670	0.00813	0.01197	0.01547	0.02015	0.12447	0.24624	0.17635	0.01865	0.00883	0.00277	0.00477	0.29527	0.00647	0.00602
1	0.01102	0.00787	0.01102	0.01260	0.01417	0.00787	0.01102	0.01417	0.01575	0.02047	0.03622	0.07717	0.03937	0.01890	0.00945	0.00315	0.00630	0.67084	0.00630	0.00630
2	0.02282	0.02012	0.02066	0.16581	0.05929	0.15328	0.01464	0.39898	0.02521	0.03195	0.01429	0.01605	0.01055	0.00761	0.00671	0.00204	0.00878	0.00581	0.00528	0.01008
3	0.02410	0.02427	0.01906	0.01623	0.02053	0.33538	0.01268	0.27347	0.15448	0.02867	0.01601	0.01635	0.01214	0.00790	0.00657	0.00198	0.00926	0.00568	0.00540	0.00984
4	0.04138	0.03165	0.01791	0.04454	0.12354	0.01500	0.01232	0.05087	0.31890	0.20977	0.04480	0.02317	0.01833	0.00845	0.00681	0.00218	0.00610	0.00710	0.00652	0.01067
5	0.01188	0.00594	0.00891	0.00891	0.00891	0.00594	0.00594	0.00891	0.00891	0.01188	0.01188	0.02080	0.01188	0.02377	0.02674	0.80095	0.00594	0.00594	0.00297	0.00297
6	0.01452	0.01380	0.02341	0.46313	0.31459	0.01562	0.01980	0.01888	0.01444	0.01943	0.01244	0.01772	0.00981	0.00654	0.00681	0.00218	0.00872	0.00609	0.00318	0.00889
7	0.05686	0.53453	0.08900	0.01330	0.01915	0.07975	0.03978	0.02135	0.01469	0.03987	0.03053	0.01320	0.01061	0.00633	0.00503	0.00165	0.00785	0.00436	0.00336	0.00880
8	0.05310	0.08362	0.54250	0.01873	0.04783	0.01621	0.03864	0.02249	0.01479	0.08148	0.01326	0.01497	0.00943	0.00658	0.00632	0.00211	0.00929	0.00515	0.00346	0.01002
9	0.01615	0.01845	0.04037	0.02884	0.03576	0.01730	0.69204	0.02191	0.01615	0.02191	0.01384	0.01845	0.01038	0.00577	0.00807	0.00231	0.01153	0.00807	0.00346	0.00923
10	0.01626	0.04265	0.11262	0.01785	0.01986	0.08122	0.01598	0.04532	0.01273	0.01822	0.00986	0.01461	0.00903	0.01050	0.01780	0.00270	0.53589	0.00567	0.00318	0.00807
11	0.01478	0.01378	0.04879	0.01143	0.01770	0.01026	0.03091	0.04919	0.01510	0.02322	0.01242	0.01444	0.01014	0.00530	0.00531	0.00116	0.00563	0.00433	0.00411	0.70199
12	0.02601	0.01916	0.02053	0.01574	0.02122	0.02122	0.01300	0.69408	0.03217	0.04312	0.01643	0.01643	0.01163	0.00821	0.00684	0.00205	0.00753	0.00616	0.00684	0.01163
13	0.00970	0.00653	0.00753	0.00778	0.00784	0.00647	0.00448	0.00988	0.01043	0.01391	0.02402	0.15327	0.02798	0.64682	0.03084	0.00604	0.00623	0.01140	0.00448	0.00436
14	0.00814	0.00673	0.00714	0.00746	0.00938	0.00573	0.00543	0.00976	0.01509	0.01827	0.06287	0.20623	0.57788	0.01816	0.00822	0.00241	0.00357	0.01546	0.00635	0.00573
15	0.02377	0.11021	0.02113	0.01708	0.04517	0.48749	0.01287	0.12503	0.02010	0.02065	0.01193	0.01449	0.01006	0.04254	0.00744	0.00201	0.01064	0.00491	0.00398	0.00850
16	0.00995	0.00663	0.00746	0.00746	0.00746	0.00663	0.00415	0.00995	0.00995	0.01327	0.02156	0.04477	0.02487	0.75957	0.03482	0.00663	0.00663	0.00995	0.00415	0.00415
17	0.00815	0.00693	0.00702	0.00700	0.00928	0.00580	0.00525	0.00994	0.01574	0.01884	0.09509	0.06525	0.68810	0.01719	0.00809	0.00230	0.00346	0.01436	0.00640	0.00580
18	0.02576	0.01848	0.01991	0.01531	0.02065	0.02033	0.01263	0.64789	0.03113	0.06782	0.01701	0.01697	0.01202	0.00821	0.00678	0.00204	0.00733	0.00619	0.03207	0.01147
19	0.02195	0.01609	0.01737	0.10229	0.02173	0.06607	0.01204	0.30839	0.12039	0.11264	0.01910	0.01962	0.01382	0.00811	0.00655	0.00205	0.00700	0.00636	0.10834	0.01010
20	0.00994	0.00666	0.00760	0.00760	0.00765	0.00671	0.00432	0.01004	0.00999	0.01337	0.02143	0.04408	0.02457	0.73209	0.06188	0.00680	0.00709	0.00985	0.00413	0.00422
21	0.00834	0.00595	0.00794	0.00953	0.00992	0.00556	0.00635	0.00953	0.01310	0.01746	0.03771	0.75510	0.04525	0.02143	0.00873	0.00278	0.00397	0.01945	0.00635	0.00556
22	0.02285	0.05136	0.02010	0.03771	0.09151	0.12760	0.01310	0.28984	0.13477	0.09120	0.01770	0.01802	0.01307	0.00787	0.00658	0.00202	0.00773	0.00610	0.03041	0.01046
23	0.02616	0.01821	0.16120	0.01448	0.02080	0.01381	0.01383	0.18271	0.02143	0.42323	0.02157	0.01991	0.01403	0.00801	0.00679	0.00211	0.00709	0.00634	0.00696	0.01133
24	0.02559	0.03146	0.01949	0.01746	0.02116	0.67140	0.01320	0.08425	0.02048	0.01900	0.01107	0.01269	0.00905	0.00715	0.00623	0.00179	0.01193	0.00456	0.00381	0.00825
25	0.02616	0.01892	0.02038	0.01563	0.02109	0.02085	0.01291	0.67266	0.03176	0.06511	0.01677	0.01665	0.01181	0.00822	0.00685	0.00206	0.00747	0.00618	0.00690	0.01163
26	0.00983	0.00665	0.00762	0.00768	0.00781	0.00665	0.00445	0.01003	0.01028	0.01369	0.02338	0.07214	0.04466	0.67928	0.06343	0.00655	0.00695	0.01033	0.00427	0.00433
27	0.01309	0.01234	0.02084	0.71260	0.07627	0.01525	0.01909	0.01763	0.01376	0.01769	0.01219	0.01818	0.00919	0.00681	0.00684	0.00227	0.00908	0.00608	0.00306	0.00774
28	0.00895	0.00641	0.00838	0.00974	0.01032	0.00610	0.00658	0.03341	0.01376	0.01836	0.03696	0.72932	0.04408	0.02097	0.00867	0.00275	0.00409	0.01899	0.00637	0.00577
29	0.02556	0.03261	0.01939	0.01763	0.02115	0.73210	0.01322	0.02732	0.01939	0.01674	0.01058	0.01234	0.00881	0.00705	0.00617	0.00176	0.01234	0.00441	0.00353	0.00793
30	0.01012	0.00714	0.00787	0.00768	0.00841	0.00696	0.00475	0.03384	0.01222	0.01589	0.05686	0.04831	0.16627	0.55448	0.02741	0.00543	0.00589	0.01082	0.00482	0.00482
31	0.01111	0.00725	0.00953	0.00895	0.01073	0.00664	0.00671	0.01412	0.01885	0.07743	0.60533	0.10918	0.05942	0.01422	0.00804	0.00220	0.00348	0.01257	0.00750	0.00676
32	0.01728	0.01388	0.01572	0.01169	0.01737	0.01238	0.00941	0.20730	0.01920	0.02796	0.01438	0.04432	0.01195	0.00660	0.00571	0.00138	0.00572	0.00526	0.00493	0.54757
33	0.00821	0.00690	0.00712	0.00714	0.00933	0.00582	0.00533	0.01002	0.01577	0.01907	0.11324	0.08963	0.64457	0.01724	0.00811	0.00232	0.00347	0.01447	0.00644	0.00582
34	0.02694	0.04839	0.01728	0.01250	0.01779	0.01272	0.01037	0.15350	0.02114	0.47157	0.04752	0.02158	0.01664	0.00818	0.00663	0.00197	0.00605	0.00653	0.00746	0.08525
35	0.01482	0.01214	0.01425	0.01021	0.01626	0.00916	0.00818	0.01785	0.01439	0.04918	0.01273	0.01454	0.01039	0.00520	0.00514	0.00106	0.00510	0.00416	0.00422	0.77103
36	0.01829	0.76368	0.03585	0.01171	0.01756	0.02707	0.01171	0.02049	0.01390	0.01610	0.00951	0.01097	0.00878	0.00585	0.00439	0.00146	0.00732	0.00366	0.00293	0.00878
37	0.00970	0.00644	0.00752	0.00793	0.00814	0.00633	0.00476	0.01022	0.01106	0.01515	0.02584	0.22986	0.02975	0.51808	0.02607	0.00530	0.00571	0.01221	0.05526	0.00466
38	0.00809	0.00693	0.00693	0.00693	0.00924	0.00578	0.00520	0.00982	0.01559	0.01848	0.06931	0.06584	0.71411	0.01733	0.00809	0.00231	0.00347	0.01444	0.00635	0.00578
39	0.00995	0.00663	0.00746	0.00746	0.00746	0.00663	0.00415	0.00995	0.00995	0.01327	0.02156	0.04477	0.02487	0.75957	0.03482	0.00663	0.00663	0.00995	0.00415	0.00415
40	0.02406	0.03041	0.01832	0.01671	0.02013	0.67008	0.01253	0.02582	0.01906	0.01689	0.01559	0.01691	0.06903	0.00793	0.00633	0.00181	0.01158	0.00526	0.00377	0.00775
41	0.01251	0.00640	0.00647	0.00647	0.00793	0.00640	0.00473	0.01543	0.01397	0.02446	0.02225	0.02715	0.01816	0.07215	0.00735	0.00202	0.00348	0.00668	0.72980	0.00619
42	0.80789	0.01323	0.01006	0.00900	0.01323	0.01535	0.00741	0.02011	0.01164	0.03070	0.00953	0.01111	0.00741	0.00635	0.00423	0.00212	0.00529	0.00370	0.00423	0.00741
43	0.80789	0.01323	0.01006	0.00900	0.01323	0.01535	0.00741	0.02011	0.01164	0.03070	0.00953	0.01111	0.00741	0.00635	0.00423	0.00212	0.00529	0.00370	0.00423	0.00741
44	0.01017	0.00732	0.00942	0.01009	0.01124	0.00711	0.00734	0.05926	0.01610	0.02178	0.18334	0.47725	0.04645	0.01860	0.00853	0.00263	0.00431	0.08616	0.00664	0.00626
45	0.02601	0.01916	0.02053	0.01574	0.02122	0.02122	0.01300	0.69408	0.03217	0.04312	0.01643	0.01643	0.01163	0.00821	0.00684	0.00205	0.00753	0.00616	0.00684	0.01163
46	0.00931	0.00693	0.00866	0.00833	0.01002	0.00628	0.00621	0.01216	0.01835	0.02525	0.55773	0.08681	0.18873	0.01498	0.00810	0.00221	0.00331	0.01310	0.00725	0.00628
47	0.03051	0.01194	0.01606	0.01231	0.01761	0.01050	0.01017	0.05965	0.02008	0.69461	0.02657	0.02301	0.01672	0.00846	0.00688	0.00211	0.00589	0.00685	0.00840	0.01164
48	0.00995	0.00663	0.00746	0.00746	0.00746	0.00663	0.00415	0.00995	0.00995	0.01327	0.02156	0.04477	0.02487	0.75957	0.03482	0.00663	0.00663	0.00995	0.00415	0.00415
49	0.00986	0.00729	0.00870	0.00875	0.01079	0.00654	0.00691	0.01235	0.01687	0.04337	0.25238	0.06245	0.36226	0.01638	0.00832	0.00243	0.00405	0.14728	0.00676	0.00627
50	0.00995	0.00663	0.00746	0.00746	0.00746	0.00663	0.00415	0.00995	0.00995	0.01327	0.02156	0.04477	0.02487	0.75957	0.03482	0.00663	0.00663	0.00995	0.00415	0.00415
51	0.01030	0.00711	0.00910	0.00880	0.01053	0.00648	0.00661	0.01309	0.01809	0.05519	0.50447	0.12770	0.14199	0.01515	0.00814	0.00227	0.00356	0.03767	0.00725	0.00649
52	0.01660	0.01433	0.01507	0.01360	0.01739	0.01649	0.01057	0.03511	0.67236	0.02815	0.02978	0.02741	0.05325	0.00966	0.00701	0.00232	0.00532	0.00805	0.00693	0.01059
53	0.02276	0.05064	0.02134	0.02109	0.14424	0.36958	0.01435	0.14322	0.08262	0.02340	0.01349	0.01510	0.01077	0.00739	0.00690	0.00194	0.03211	0.00534	0.00436	0.00937
54	0.01143	0.00601	0.00891	0.00907	0.00917	0.00603	0.00610	0.00913	0.00942	0.01262	0.01474	0.09371	0.01543	0.02482	0.05791	0.68512	0.00632	0.00734	0.00334	0.00337
55	0.04576	0.64517	0.06615	0.03769	0.01916	0.05641	0.01252	0.02072	0.01408	0.01694	0.00978	0.01146	0.00874	0.00599	0.00465	0.00156	0.00766	0.00384	0.00300	0.00872

[dist]
# distance from previous block
# <min> <max>
0	1

[block]
# block no. 1 follows, 31 sequences, length 73
# corresponding to MSA columns:
# 105-177
name=unknown_B
#
# <colnr> <probs for GDERKNQSTAVLIFYWHMCP>
#	G	D	E	R	K	N	Q	S	T	A	V	L	I	F	Y	W	H	M	C	P
0	0.07978	0.00929	0.00900	0.00830	0.01058	0.03773	0.00637	0.07073	0.01587	0.02634	0.06998	0.02509	0.01922	0.02781	0.03726	0.00223	0.00487	0.00655	0.50238	0.03062
1	0.04227	0.07971	0.04772	0.01424	0.03697	0.19855	0.01139	0.13938	0.07555	0.02436	0.05824	0.02480	0.11033	0.01048	0.02757	0.00225	0.02835	0.00701	0.05232	0.00852
2	0.02250	0.20237	0.02260	0.01541	0.01951	0.42326	0.01236	0.09221	0.03829	0.01960	0.01271	0.04301	0.01113	0.00877	0.02637	0.00204	0.01030	0.00519	0.00393	0.00844
3	0.01270	0.00971	0.01219	0.01233	0.06369	0.00966	0.00862	0.01914	0.16307	0.05549	0.35387	0.06064	0.10436	0.01351	0.03150	0.00245	0.00479	0.01053	0.00672	0.04504
4	0.10821	0.01662	0.12325	0.01355	0.01907	0.01369	0.01251	0.14582	0.06693	0.28302	0.02127	0.04619	0.01581	0.00879	0.00666	0.00216	0.00663	0.04131	0.00640	0.04210
5	0.02027	0.01745	0.05528	0.01483	0.01985	0.03630	0.03246	0.35706	0.09096	0.03264	0.03608	0.03891	0.01456	0.01003	0.03637	0.00234	0.03584	0.00652	0.00574	0.13652
6	0.00933	0.00729	0.00817	0.00831	0.01007	0.00669	0.00623	0.01172	0.03779	0.01917	0.12408	0.06095	0.39630	0.14748	0.01296	0.00318	0.00450	0.11387	0.00610	0.00581
7	0.00986	0.00671	0.00776	0.00776	0.00796	0.00677	0.00458	0.01015	0.01027	0.01371	0.02319	0.04401	0.05194	0.66596	0.09649	0.00685	0.00756	0.00989	0.00419	0.00439
8	0.04636	0.01907	0.01966	0.15265	0.02542	0.12993	0.01385	0.36203	0.04526	0.06776	0.01512	0.01655	0.01105	0.00791	0.00726	0.00210	0.03667	0.00588	0.00547	0.00999
9	0.01385	0.01311	0.02220	0.58089	0.20209	0.01544	0.01946	0.01829	0.01412	0.01861	0.01232	0.01794	0.00952	0.00667	0.00682	0.00222	0.00889	0.00608	0.00312	0.00835
10	0.01361	0.00821	0.01042	0.00933	0.01179	0.00757	0.00718	0.01741	0.05475	0.14956	0.48445	0.04647	0.12584	0.01313	0.00780	0.00217	0.00383	0.01139	0.00754	0.00753
11	0.01593	0.01900	0.10544	0.03184	0.27511	0.01645	0.35965	0.02119	0.01557	0.02181	0.01351	0.01782	0.01062	0.00770	0.03519	0.00253	0.01044	0.00703	0.00338	0.00977
12	0.01626	0.01578	0.02540	0.13683	0.55991	0.04329	0.01965	0.02015	0.01533	0.02120	0.01398	0.05547	0.01232	0.00704	0.00686	0.00209	0.00821	0.00673	0.00350	0.01000
13	0.00839	0.00600	0.00799	0.00949	0.00993	0.00559	0.00635	0.00966	0.01335	0.01786	0.06483	0.72683	0.04602	0.02113	0.00871	0.00275	0.00394	0.01916	0.00640	0.00559
14	0.01674	0.01614	0.02782	0.07181	0.66836	0.01624	0.04030	0.02087	0.01551	0.02213	0.01287	0.01703	0.01075	0.00612	0.00681	0.00205	0.00827	0.00615	0.00337	0.01065
15	0.22187	0.02039	0.24732	0.01568	0.04183	0.01466	0.05034	0.05375	0.07634	0.07475	0.03622	0.04291	0.01501	0.00836	0.00639	0.00225	0.00740	0.05069	0.00468	0.00913
16	0.01605	0.01913	0.06781	0.02846	0.03551	0.01724	0.66529	0.02190	0.01608	0.02190	0.01378	0.01829	0.01031	0.00580	0.00801	0.00230	0.01148	0.00795	0.00344	0.00926
17	0.00995	0.00663	0.00746	0.00746	0.00746	0.00663	0.00415	0.00995	0.00995	0.01327	0.02156	0.04477	0.02487	0.75957	0.03482	0.00663	0.00663	0.00995	0.00415	0.00415
18	0.06019	0.01213	0.01592	0.01225	0.01752	0.01089	0.01012	0.07038	0.01999	0.65662	0.02572	0.02243	0.01627	0.00837	0.00678	0.00211	0.00590	0.00672	0.00821	0.01148
19	0.01939	0.02152	0.02182	0.13236	0.02534	0.27835	0.06828	0.07019	0.01624	0.01909	0.01098	0.01491	0.00924	0.00861	0.01181	0.00231	0.25233	0.00560	0.00351	0.00810
20	0.00904	0.00630	0.00769	0.00850	0.00880	0.00604	0.00532	0.00973	0.01180	0.01564	0.03179	0.41132	0.06313	0.34965	0.02031	0.00447	0.00513	0.01502	0.00537	0.00494
21	0.00978	0.00730	0.01086	0.01086	0.01203	0.00848	0.00838	0.01213	0.01095	0.01578	0.01845	0.02757	0.01740	0.07875	0.70542	0.01083	0.01787	0.00743	0.00368	0.00603
22	0.00963	0.00699	0.00907	0.00855	0.01019	0.00643	0.00641	0.01281	0.01924	0.02714	0.69200	0.05159	0.08601	0.01410	0.00807	0.00216	0.00324	0.01244	0.00749	0.00643
23	0.01046	0.00737	0.00937	0.00875	0.01060	0.00683	0.00660	0.01403	0.03956	0.04927	0.61867	0.05062	0.11400	0.01394	0.00800	0.00217	0.00340	0.01222	0.00745	0.00670
24	0.01146	0.00736	0.00882	0.00834	0.01052	0.00652	0.00629	0.01389	0.01719	0.10001	0.30437	0.11271	0.29599	0.01494	0.00783	0.00223	0.00366	0.01283	0.04834	0.00670
25	0.01788	0.01467	0.01457	0.01289	0.01662	0.07887	0.01002	0.04471	0.42216	0.09248	0.07662	0.02842	0.07383	0.00975	0.00692	0.00217	0.00575	0.00800	0.03100	0.03268
26	0.00834	0.00595	0.00794	0.00953	0.00992	0.00556	0.00635	0.00953	0.01310	0.01746	0.03771	0.75510	0.04525	0.02143	0.00873	0.00278	0.00397	0.01945	0.00635	0.00556
27	0.01617	0.01354	0.01626	0.01179	0.01780	0.01139	0.03634	0.12621	0.01716	0.02562	0.01291	0.01472	0.01038	0.00560	0.00547	0.00123	0.00572	0.00455	0.00448	0.64266
28	0.01963	0.01507	0.01625	0.01403	0.01826	0.01698	0.01108	0.13299	0.54083	0.09613	0.02608	0.02397	0.01915	0.00905	0.00694	0.00226	0.00576	0.00742	0.00709	0.01102
29	0.01616	0.01558	0.02693	0.17167	0.56506	0.01610	0.04766	0.02038	0.01525	0.02143	0.01278	0.01724	0.01050	0.00622	0.00684	0.00209	0.00845	0.00617	0.00333	0.01017
30	0.01490	0.08778	0.63217	0.01867	0.02813	0.03855	0.02349	0.02208	0.01470	0.04093	0.01244	0.01438	0.00891	0.00653	0.00635	0.00210	0.00985	0.00499	0.00307	0.00999
31	0.01609	0.01868	0.05758	0.02903	0.07560	0.01731	0.61318	0.02169	0.01589	0.02177	0.01359	0.01815	0.01032	0.00600	0.00840	0.00231	0.03390	0.00781	0.00343	0.00929
32	0.02344	0.02792	0.01797	0.01609	0.01968	0.56248	0.01220	0.09975	0.02035	0.01991	0.01851	0.01943	0.09660	0.00845	0.00648	0.00186	0.01070	0.00585	0.00425	0.00808
33	0.01878	0.71455	0.03474	0.01210	0.01780	0.07445	0.01181	0.02094	0.01427	0.01614	0.00958	0.01107	0.00878	0.00593	0.00451	0.00148	0.00765	0.00371	0.00297	0.00872
34	0.02406	0.01771	0.01914	0.01506	0.01997	0.01949	0.01227	0.61865	0.03007	0.04029	0.01877	0.09781	0.01534	0.00967	0.00705	0.00213	0.00714	0.00762	0.00679	0.01097
35	0.00982	0.00658	0.00750	0.00763	0.00767	0.00654	0.00433	0.00991	0.01021	0.01361	0.02289	0.10357	0.02656	0.69847	0.03266	0.00631	0.00641	0.01074	0.00433	0.00426
36	0.00990	0.00739	0.00872	0.00859	0.01064	0.00670	0.00662	0.01286	0.03748	0.04203	0.29881	0.07987	0.34308	0.01590	0.00818	0.00235	0.00382	0.08383	0.00686	0.00639
37	0.01368	0.01269	0.02096	0.36406	0.03264	0.01542	0.10125	0.01744	0.01326	0.01883	0.01318	0.01875	0.01062	0.00943	0.03291	0.00263	0.17954	0.00639	0.10876	0.00757
38	0.02556	0.01834	0.01981	0.01525	0.02050	0.02015	0.01252	0.63814	0.03073	0.07115	0.01709	0.01786	0.01239	0.03839	0.00797	0.00224	0.00742	0.00634	0.00681	0.01133
39	0.00977	0.00733	0.01100	0.01100	0.01222	0.00855	0.00855	0.01222	0.01100	0.01588	0.01833	0.02688	0.01710	0.05131	0.73245	0.01100	0.01833	0.00733	0.00367	0.00611
40	0.00973	0.00667	0.00740	0.00740	0.00767	0.00653	0.00427	0.00993	0.01060	0.01387	0.02708	0.04721	0.10462	0.67368	0.03173	0.00613	0.00627	0.01047	0.00440	0.00433
41	0.01758	0.01732	0.02770	0.05681	0.48623	0.05402	0.11277	0.05389	0.06287	0.02324	0.01404	0.01750	0.01133	0.00644	0.00694	0.00208	0.00864	0.00640	0.00380	0.01040
42	0.01186	0.00918	0.01150	0.01098	0.01232	0.03123	0.00822	0.07389	0.01298	0.01785	0.01902	0.05323	0.01880	0.20313	0.44380	0.00843	0.03512	0.00809	0.00413	0.00624
43	0.50601	0.04727	0.15245	0.03338	0.01793	0.04453	0.01171	0.03992	0.01337	0.02751	0.01099	0.01285	0.00841	0.00653	0.00494	0.00207	0.00668	0.00426	0.04107	0.00809
44	0.04284	0.00824	0.01116	0.01293	0.04613	0.00818	0.01030	0.01407	0.01573	0.02126	0.09343	0.10409	0.08723	0.01740	0.00886	0.00289	0.00576	0.47680	0.00619	0.00649
45	0.01407	0.08225	0.41489	0.03915	0.02812	0.01585	0.16788	0.02043	0.01537	0.02190	0.09935	0.01971	0.01599	0.00723	0.00689	0.00215	0.00933	0.00655	0.00360	0.00930
46	0.00932	0.00704	0.00840	0.00881	0.01009	0.00645	0.00602	0.01122	0.03582	0.01805	0.06499	0.39130	0.17351	0.14404	0.01268	0.00317	0.00442	0.01505	0.00587	0.06373
47	0.80789	0.01323	0.01006	0.00900	0.01323	0.01535	0.00741	0.02011	0.01164	0.03070	0.00953	0.01111	0.00741	0.00635	0.00423	0.00212	0.00529	0.00370	0.00423	0.00741
48	0.07263	0.01427	0.02336	0.34143	0.37747	0.01573	0.01915	0.01942	0.01448	0.02086	0.01232	0.01707	0.00985	0.00643	0.00662	0.00214	0.00835	0.00592	0.00330	0.00919
49	0.01419	0.01216	0.01419	0.01013	0.01621	0.00912	0.00811	0.01723	0.01419	0.02229	0.01216	0.01419	0.01013	0.00507	0.00507	0.00101	0.00507	0.00405	0.00405	0.80139
50	0.01984	0.01418	0.01568	0.01353	0.01779	0.01559	0.01067	0.05686	0.53069	0.16143	0.02684	0.02446	0.01950	0.00896	0.00689	0.00223	0.00555	0.00741	0.00716	0.03473
51	0.01003	0.00660	0.00752	0.00752	0.00752	0.00660	0.00422	0.00990	0.00990	0.01321	0.02114	0.04374	0.02431	0.72787	0.03447	0.04085	0.00660	0.00978	0.00409	0.00409
52	0.00946	0.00692	0.00888	0.00853	0.01012	0.00634	0.00634	0.01243	0.01864	0.02604	0.61549	0.09829	0.11744	0.01475	0.00811	0.00221	0.00330	0.01301	0.00736	0.00634
53	0.01431	0.01209	0.01574	0.01162	0.01723	0.00947	0.06201	0.01739	0.01441	0.04281	0.01503	0.08115	0.01350	0.00669	0.00569	0.00131	0.00550	0.00583	0.00434	0.64388
54	0.01067	0.00721	0.00946	0.00877	0.01056	0.00662	0.00662	0.01387	0.01938	0.05994	0.68115	0.04980	0.06232	0.01373	0.00801	0.00215	0.00335	0.01212	0.00757	0.00670
55	0.01417	0.01382	0.02439	0.15905	0.13371	0.01408	0.22136	0.01998	0.09126	0.02112	0.02055	0.12850	0.03720	0.00936	0.00754	0.00230	0.00814	0.02870	0.00437	0.04041
56	0.01814	0.72863	0.03515	0.01200	0.01758	0.02678	0.01186	0.02030	0.01374	0.01611	0.00949	0.01116	0.00879	0.00614	0.00524	0.00153	0.04195	0.00377	0.00293	0.00872
57	0.01253	0.00783	0.01027	0.02660	0.03371	0.00737	0.00764	0.03265	0.01502	0.11654	0.06389	0.41157	0.11572	0.07120	0.01014	0.00284	0.00475	0.03659	0.00638	0.00676
58	0.03844	0.03470	0.70190	0.01917	0.02910	0.01587	0.02472	0.02162	0.01436	0.02195	0.01219	0.01434	0.00863	0.00650	0.00643	0.00217	0.00996	0.00501	0.00293	0.01003
59	0.01102	0.00787	0.01102	0.01260	0.01417	0.00787	0.01102	0.01417	0.01575	0.02047	0.03622	0.07717	0.03937	0.01890	0.00945	0.00315	0.00630	0.67084	0.00630	0.00630
60	0.80789	0.01323	0.01006	0.00900	0.01323	0.01535	0.00741	0.02011	0.01164	0.03070	0.00953	0.01111	0.00741	0.00635	0.00423	0.00212	0.00529	0.00370	0.00423	0.00741
61	0.00995	0.00663	0.00746	0.00746	0.00746	0.00663	0.00415	0.00995	0.00995	0.01327	0.02156	0.04477	0.02487	0.75957	0.03482	0.00663	0.00663	0.00995	0.00415	0.00415
62	0.01372	0.03539	0.72412	0.01950	0.02961	0.01589	0.02528	0.02167	0.01444	0.02167	0.01228	0.01444	0.00867	0.00650	0.00650	0.00217	0.01011	0.00506	0.00289	0.01011
63	0.01693	0.01626	0.02777	0.04199	0.71689	0.01626	0.02100	0.02100	0.01558	0.02235	0.01287	0.01693	0.01084	0.00610	0.00677	0.00203	0.00813	0.00610	0.00339	0.01084
64	0.00869	0.00713	0.00777	0.00810	0.01026	0.00621	0.00640	0.01072	0.01563	0.01889	0.06249	0.06818	0.57506	0.01765	0.00837	0.00248	0.00405	0.14971	0.00634	0.00588
65	0.00957	0.00694	0.00902	0.00861	0.01018	0.00639	0.00642	0.01265	0.01893	0.02667	0.66020	0.08826	0.08151	0.01447	0.00810	0.00219	0.00327	0.01280	0.00744	0.00639
66	0.01654	0.01585	0.02705	0.11142	0.65057	0.01615	0.02080	0.02065	0.01539	0.02187	0.01280	0.01706	0.01067	0.00617	0.00678	0.00206	0.00823	0.00609	0.00335	0.01052
67	0.00828	0.00685	0.00718	0.00727	0.00931	0.00583	0.00534	0.01002	0.01548	0.01886	0.11043	0.11830	0.59415	0.04099	0.00898	0.00247	0.00359	0.01455	0.00637	0.00575
68	0.03041	0.01209	0.01616	0.01239	0.01769	0.01073	0.01023	0.07303	0.02034	0.68087	0.02636	0.02287	0.01662	0.00845	0.00688	0.00211	0.00592	0.00684	0.00837	0.01164
69	0.01393	0.01359	0.01947	0.01692	0.01725	0.01832	0.03509	0.01557	0.01100	0.01673	0.01311	0.10559	0.01385	0.01498	0.05739	0.00336	0.59539	0.00776	0.00345	0.00723
70	0.02744	0.01581	0.01839	0.01417	0.01946	0.01638	0.01169	0.40950	0.02652	0.31502	0.02072	0.01947	0.01392	0.00952	0.02713	0.00233	0.00714	0.00648	0.00741	0.01148
71	0.01441	0.01252	0.01921	0.56032	0.03932	0.01521	0.01681	0.10096	0.01590	0.02109	0.01421	0.04791	0.01136	0.00781	0.00724	0.00225	0.02927	0.00664	0.04960	0.00794
72	0.78171	0.01320	0.01040	0.03317	0.01435	0.01534	0.00779	0.02002	0.01171	0.03026	0.00961	0.01135	0.00747	0.00637	0.00432	0.00212	0.00542	0.00378	0.00419	0.00742

[dist]
# distance from previous block
# <min> <max>
0	23

[block]
# block no. 2 follows, 31 sequences, length 15
# corresponding to MSA columns:
# 201-215
name=unknown_C
#
# <colnr> <probs for GDERKNQSTAVLIFYWHMCP>
#	G	D	E	R	K	N	Q	S	T	A	V	L	I	F	Y	W	H	M	C	P
0	0.01455	0.00923	0.04002	0.01004	0.01281	0.00771	0.00825	0.01784	0.01903	0.17976	0.49853	0.04481	0.05048	0.01272	0.00781	0.00220	0.00424	0.04474	0.00748	0.00774
1	0.01360	0.00773	0.00838	0.00792	0.00984	0.00810	0.00610	0.08036	0.01558	0.02584	0.02119	0.02483	0.01691	0.01408	0.10714	0.00296	0.00573	0.00649	0.61037	0.00684
2	0.01693	0.01626	0.02777	0.04199	0.71689	0.01626	0.02100	0.02100	0.01558	0.02235	0.01287	0.01693	0.01084	0.00610	0.00677	0.00203	0.00813	0.00610	0.00339	0.01084
3	0.01460	0.01530	0.03021	0.37814	0.06669	0.01624	0.33836	0.01971	0.01492	0.01977	0.01298	0.01829	0.00978	0.00630	0.00742	0.00228	0.01023	0.00703	0.00325	0.00849
4	0.01567	0.02137	0.16257	0.02675	0.03399	0.01718	0.54700	0.02167	0.01563	0.02167	0.01338	0.01760	0.01002	0.00613	0.00833	0.00231	0.03862	0.00745	0.00334	0.00932
5	0.04959	0.41128	0.06815	0.11923	0.11132	0.05467	0.01476	0.02024	0.01405	0.01805	0.01048	0.01327	0.00904	0.00652	0.00637	0.00183	0.05473	0.00457	0.00308	0.00877
6	0.06514	0.00857	0.01035	0.00910	0.01202	0.00777	0.00711	0.01782	0.01792	0.20495	0.31760	0.04535	0.22364	0.01298	0.00752	0.00218	0.00409	0.01096	0.00725	0.00768
7	0.07605	0.01079	0.05489	0.01189	0.05221	0.00934	0.00904	0.01778	0.07573	0.11160	0.16061	0.17685	0.17944	0.01353	0.00748	0.00231	0.00480	0.01160	0.00634	0.00772
8	0.02364	0.01859	0.11713	0.01490	0.02051	0.01671	0.01345	0.35635	0.08291	0.18459	0.01883	0.01869	0.01318	0.00910	0.00807	0.05260	0.00724	0.00628	0.00641	0.01081
9	0.01656	0.01602	0.02777	0.09917	0.62956	0.01622	0.05248	0.02075	0.01545	0.02193	0.01286	0.01711	0.01067	0.00614	0.00684	0.00207	0.00837	0.00619	0.00336	0.01049
10	0.00850	0.00620	0.00802	0.00932	0.01005	0.00573	0.00643	0.00994	0.01382	0.01823	0.07598	0.61070	0.12176	0.02047	0.00866	0.00271	0.00398	0.04743	0.00641	0.00566
11	0.01647	0.01578	0.02693	0.12327	0.63924	0.01613	0.02076	0.02059	0.01536	0.02179	0.01279	0.01708	0.01064	0.00618	0.00678	0.00206	0.00824	0.00609	0.00335	0.01046
12	0.02600	0.07045	0.01644	0.01168	0.01641	0.01117	0.00969	0.02943	0.04903	0.53275	0.12738	0.02654	0.02352	0.00911	0.00686	0.00208	0.00554	0.00748	0.00783	0.01061
13	0.01405	0.06777	0.66035	0.01959	0.02935	0.01647	0.05625	0.02162	0.01450	0.02142	0.01223	0.01448	0.00875	0.00644	0.00648	0.00214	0.01005	0.00513	0.00292	0.01001
14	0.01355	0.01373	0.05062	0.60915	0.14586	0.01539	0.01956	0.01817	0.01399	0.01838	0.01227	0.01789	0.00936	0.00672	0.00682	0.00224	0.00901	0.00604	0.00309	0.00818

[dist]
# distance from previous block
# <min> <max>
0	1

[block]
# block no. 3 follows, 31 sequences, length 9
# corresponding to MSA columns:
# 217-225
name=unknown_D
#
# <colnr> <probs for GDERKNQSTAVLIFYWHMCP>
#	G	D	E	R	K	N	Q	S	T	A	V	L	I	F	Y	W	H	M	C	P
0	0.01516	0.01579	0.03030	0.25664	0.15503	0.01676	0.30729	0.01990	0.01480	0.02013	0.01274	0.01784	0.00994	0.00668	0.00865	0.00231	0.07100	0.00693	0.00328	0.00884
1	0.02225	0.01429	0.01648	0.01356	0.01780	0.01523	0.01088	0.31025	0.12798	0.18571	0.02302	0.10164	0.01842	0.01380	0.07291	0.00300	0.00742	0.00813	0.00688	0.01034
2	0.00988	0.00712	0.00942	0.00919	0.01080	0.00666	0.00713	0.01310	0.01883	0.02641	0.61370	0.05494	0.06085	0.01471	0.00827	0.00230	0.00368	0.10921	0.00735	0.00643
3	0.01583	0.01979	0.10334	0.02714	0.03385	0.01744	0.57875	0.02148	0.01556	0.02148	0.01333	0.01782	0.01011	0.00630	0.00900	0.00234	0.06623	0.00763	0.00337	0.00918
4	0.24893	0.12231	0.05488	0.10418	0.02072	0.04750	0.01166	0.04410	0.09555	0.14218	0.03641	0.01730	0.01296	0.00736	0.00574	0.00205	0.00673	0.00544	0.00500	0.00900
5	0.01360	0.00921	0.01196	0.01244	0.01467	0.00940	0.01045	0.01929	0.13034	0.08559	0.06436	0.09817	0.03571	0.01627	0.00870	0.00285	0.00585	0.43696	0.00666	0.00750
6	0.09047	0.38813	0.17668	0.01435	0.02048	0.17054	0.01452	0.02213	0.01496	0.01874	0.01032	0.01201	0.00864	0.00629	0.00520	0.00173	0.00877	0.00412	0.00316	0.00876
7	0.01385	0.01140	0.01067	0.01009	0.01241	0.11394	0.00753	0.01642	0.04071	0.09114	0.16251	0.11369	0.25133	0.07716	0.01001	0.00262	0.00546	0.03602	0.00620	0.00685
8	0.00990	0.00682	0.00839	0.00839	0.00871	0.00714	0.00531	0.01055	0.01022	0.01395	0.02071	0.04006	0.02283	0.57305	0.21854	0.00778	0.00971	0.00926	0.00402	0.00466

[dist]
# distance from previous block
# <min> <max>
0	1

[block]
# block no. 4 follows, 31 sequences, length 17
# corresponding to MSA columns:
# 227-243
name=unknown_E
#
# <colnr> <probs for GDERKNQSTAVLIFYWHMCP>
#	G	D	E	R	K	N	Q	S	T	A	V	L	I	F	Y	W	H	M	C	P
0	0.08945	0.01417	0.02440	0.40873	0.17845	0.01579	0.13337	0.01920	0.01430	0.02048	0.01234	0.01734	0.00952	0.00646	0.00679	0.00222	0.00897	0.00620	0.00330	0.00852
1	0.00962	0.00695	0.00885	0.00839	0.00988	0.00644	0.00614	0.01243	0.01816	0.02545	0.60479	0.05125	0.09613	0.09289	0.01089	0.00263	0.00360	0.01223	0.00711	0.00617
2	0.00957	0.00703	0.00901	0.00880	0.01045	0.00647	0.00671	0.01254	0.01837	0.02540	0.55276	0.08122	0.13718	0.01509	0.00822	0.00228	0.00356	0.07177	0.00724	0.00633
3	0.01904	0.01527	0.01629	0.01413	0.01832	0.01737	0.01114	0.14002	0.56839	0.06129	0.02601	0.02399	0.01925	0.00908	0.00694	0.00227	0.00577	0.00745	0.00701	0.01099
4	0.02623	0.01880	0.02031	0.01557	0.02104	0.02068	0.01286	0.66230	0.03156	0.07575	0.01693	0.01676	0.01189	0.00822	0.00685	0.00206	0.00745	0.00619	0.00692	0.01164
5	0.00823	0.00694	0.00713	0.00708	0.00933	0.00584	0.00531	0.01009	0.01593	0.01928	0.12690	0.06452	0.65602	0.01703	0.00808	0.00230	0.00344	0.01425	0.00646	0.00584
6	0.01419	0.01216	0.01419	0.01013	0.01621	0.00912	0.00811	0.01723	0.01419	0.02229	0.01216	0.01419	0.01013	0.00507	0.00507	0.00101	0.00507	0.00405	0.00405	0.80139
7	0.55906	0.01630	0.01255	0.06091	0.01701	0.13686	0.00932	0.02161	0.04603	0.02693	0.01160	0.03487	0.00954	0.00710	0.00501	0.00210	0.00672	0.00465	0.00422	0.00762
8	0.00861	0.00683	0.00773	0.00775	0.00962	0.00596	0.00572	0.01074	0.01646	0.02112	0.26405	0.14267	0.43495	0.01678	0.00816	0.00232	0.00345	0.01439	0.00672	0.00596
9	0.01884	0.58140	0.08094	0.01384	0.01972	0.11948	0.04513	0.02154	0.01477	0.01684	0.01005	0.01175	0.00885	0.00605	0.00495	0.00159	0.00837	0.00406	0.00303	0.00878
10	0.02229	0.09050	0.02190	0.02017	0.13842	0.34032	0.01388	0.15276	0.02011	0.02307	0.01233	0.01433	0.01003	0.00815	0.02721	0.00205	0.00992	0.00502	0.00413	0.06342
11	0.01497	0.01497	0.02095	0.01796	0.01796	0.02095	0.01497	0.01646	0.01048	0.01646	0.00898	0.01497	0.00898	0.01197	0.02245	0.00299	0.74704	0.00599	0.00299	0.00748
12	0.07929	0.70571	0.03386	0.01150	0.01722	0.02616	0.01137	0.02046	0.01373	0.01722	0.00951	0.01099	0.00867	0.00589	0.00438	0.00151	0.00716	0.00366	0.00303	0.00867
13	0.03070	0.01164	0.01588	0.01217	0.01746	0.01006	0.01006	0.03334	0.01958	0.72163	0.02699	0.02329	0.01694	0.00847	0.00688	0.00212	0.00582	0.00688	0.00847	0.01164
14	0.02556	0.03261	0.01939	0.01763	0.02115	0.73210	0.01322	0.02732	0.01939	0.01674	0.01058	0.01234	0.00881	0.00705	0.00617	0.00176	0.01234	0.00441	0.00353	0.00793
15	0.02270	0.01312	0.01558	0.01268	0.01694	0.01335	0.01019	0.22035	0.11381	0.27556	0.14196	0.06665	0.02562	0.01016	0.00719	0.00217	0.00572	0.00842	0.00752	0.01031
16	0.00834	0.00595	0.00794	0.00953	0.00992	0.00556	0.00635	0.00953	0.01310	0.01746	0.03771	0.75510	0.04525	0.02143	0.00873	0.00278	0.00397	0.01945	0.00635	0.00556

[dist]
# distance from previous block
# <min> <max>
0	1

[block]
# block no. 5 follows, 31 sequences, length 46
# corresponding to MSA columns:
# 245-290
name=unknown_F
#
# <colnr> <probs for GDERKNQSTAVLIFYWHMCP>
#	G	D	E	R	K	N	Q	S	T	A	V	L	I	F	Y	W	H	M	C	P
0	0.01615	0.01845	0.04037	0.02884	0.03576	0.01730	0.69204	0.02191	0.01615	0.02191	0.01384	0.01845	0.01038	0.00577	0.00807	0.00231	0.01153	0.00807	0.00346	0.00923
1	0.02835	0.01254	0.01608	0.01264	0.01773	0.01175	0.01034	0.07149	0.12447	0.57753	0.02652	0.02324	0.01723	0.00858	0.00689	0.00214	0.00586	0.00697	0.00815	0.01152
2	0.00815	0.00690	0.00704	0.00708	0.00930	0.00579	0.00528	0.00991	0.01563	0.01874	0.08915	0.09035	0.66869	0.01737	0.00811	0.00232	0.00348	0.01455	0.00639	0.00579
3	0.80789	0.01323	0.01006	0.00900	0.01323	0.01535	0.00741	0.02011	0.01164	0.03070	0.00953	0.01111	0.00741	0.00635	0.00423	0.00212	0.00529	0.00370	0.00423	0.00741
4	0.02601	0.01916	0.02053	0.01574	0.02122	0.02122	0.01300	0.69408	0.03217	0.04312	0.01643	0.01643	0.01163	0.00821	0.00684	0.00205	0.00753	0.00616	0.00684	0.01163
5	0.00843	0.00694	0.00741	0.00729	0.00945	0.00592	0.00547	0.01048	0.01640	0.02041	0.20778	0.06267	0.57444	0.01661	0.00808	0.00228	0.00341	0.01399	0.00661	0.00592
6	0.01440	0.07409	0.57419	0.02093	0.04896	0.01672	0.11336	0.02161	0.01467	0.02140	0.01235	0.01485	0.00896	0.00635	0.00660	0.00214	0.01009	0.00541	0.00298	0.00994
7	0.07810	0.01185	0.01550	0.01204	0.01722	0.01063	0.00992	0.03263	0.04383	0.65401	0.02594	0.02262	0.01649	0.00837	0.00672	0.00212	0.00577	0.00672	0.00815	0.01135
8	0.00859	0.00737	0.00742	0.00733	0.00973	0.00642	0.00552	0.01133	0.05485	0.01906	0.06694	0.06354	0.67462	0.01687	0.00802	0.00231	0.00358	0.01406	0.00639	0.00606
9	0.03055	0.01187	0.01602	0.01228	0.01758	0.01040	0.01015	0.05349	0.01997	0.70093	0.02667	0.02308	0.01677	0.00846	0.00688	0.00211	0.00587	0.00686	0.00842	0.01164
10	0.01693	0.01626	0.02777	0.04199	0.71689	0.01626	0.02100	0.02100	0.01558	0.02235	0.01287	0.01693	0.01084	0.00610	0.00677	0.00203	0.00813	0.00610	0.00339	0.01084
11	0.02766	0.01416	0.03977	0.01328	0.01859	0.01313	0.01119	0.15505	0.10286	0.49172	0.02467	0.02200	0.01616	0.00845	0.00687	0.00213	0.00623	0.00679	0.00781	0.01150
12	0.02601	0.01916	0.02053	0.01574	0.02122	0.02122	0.01300	0.69408	0.03217	0.04312	0.01643	0.01643	0.01163	0.00821	0.00684	0.00205	0.00753	0.00616	0.00684	0.01163
13	0.01693	0.01626	0.02777	0.04199	0.71689	0.01626	0.02100	0.02100	0.01558	0.02235	0.01287	0.01693	0.01084	0.00610	0.00677	0.00203	0.00813	0.00610	0.00339	0.01084
14	0.01435	0.05461	0.66824	0.01895	0.02865	0.01609	0.02413	0.02232	0.03362	0.03855	0.01298	0.01487	0.00921	0.00661	0.00646	0.00215	0.00980	0.00513	0.00314	0.01013
15	0.01432	0.16313	0.02186	0.03209	0.04382	0.05615	0.09781	0.03857	0.01360	0.01792	0.01465	0.02026	0.01309	0.02775	0.34903	0.00622	0.05227	0.00634	0.00353	0.00760
16	0.00810	0.00687	0.00699	0.00708	0.00928	0.00576	0.00527	0.00980	0.01545	0.01842	0.06743	0.10668	0.67448	0.01757	0.00812	0.00234	0.00350	0.01474	0.00635	0.00576
17	0.00879	0.00651	0.00921	0.01029	0.01101	0.00610	0.02873	0.01032	0.01357	0.01814	0.06106	0.66692	0.04448	0.02052	0.00873	0.00276	0.00432	0.05650	0.00630	0.00575
18	0.04227	0.05409	0.55972	0.01768	0.02665	0.01525	0.02170	0.02354	0.01520	0.13968	0.01458	0.01571	0.01002	0.00681	0.00642	0.00213	0.00914	0.00527	0.00387	0.01024
19	0.02378	0.02842	0.01900	0.01768	0.04292	0.55659	0.01304	0.05261	0.14143	0.01998	0.01393	0.01497	0.01112	0.00746	0.00635	0.00188	0.01080	0.00511	0.00425	0.00867
20	0.01702	0.01470	0.01547	0.01392	0.01779	0.01702	0.01083	0.03635	0.70453	0.02862	0.02785	0.02553	0.02088	0.00928	0.00696	0.00232	0.00541	0.00773	0.00696	0.01083
21	0.01829	0.76368	0.03585	0.01171	0.01756	0.02707	0.01171	0.02049	0.01390	0.01610	0.00951	0.01097	0.00878	0.00585	0.00439	0.00146	0.00732	0.00366	0.00293	0.00878
22	0.00832	0.00601	0.00788	0.00938	0.00988	0.00557	0.00628	0.00954	0.01324	0.01752	0.03951	0.71578	0.08340	0.02120	0.00870	0.00275	0.00394	0.01916	0.00635	0.00557
23	0.02601	0.01916	0.02053	0.01574	0.02122	0.02122	0.01300	0.69408	0.03217	0.04312	0.01643	0.01643	0.01163	0.00821	0.00684	0.00205	0.00753	0.00616	0.00684	0.01163
24	0.02428	0.01347	0.01619	0.01268	0.01775	0.01302	0.01030	0.16031	0.12624	0.34633	0.05183	0.02207	0.01748	0.00826	0.00666	0.00197	0.00587	0.00667	0.00721	0.13140
25	0.01641	0.38989	0.25840	0.01540	0.04072	0.02134	0.01629	0.02273	0.10146	0.01979	0.01352	0.01582	0.01111	0.00684	0.00560	0.00186	0.00799	0.02184	0.00352	0.00947
26	0.01695	0.01602	0.02590	0.03772	0.61057	0.01637	0.01945	0.02333	0.12035	0.02330	0.01515	0.01824	0.01236	0.00658	0.00680	0.00208	0.00771	0.00634	0.00393	0.01084
27	0.02992	0.01182	0.01585	0.01227	0.01748	0.01045	0.01010	0.03351	0.05861	0.68214	0.02704	0.02341	0.01716	0.00851	0.00688	0.00213	0.00580	0.00693	0.00838	0.01160
28	0.04334	0.15064	0.58846	0.01788	0.02709	0.01765	0.02246	0.02142	0.01426	0.02111	0.01174	0.01377	0.00864	0.00639	0.00608	0.00205	0.00949	0.00478	0.00294	0.00980
29	0.01377	0.01189	0.01407	0.04561	0.07908	0.03069	0.01087	0.02324	0.29307	0.02368	0.07629	0.08689	0.11911	0.01271	0.00770	0.00244	0.00566	0.12853	0.00618	0.00852
30	0.00840	0.00674	0.00750	0.00773	0.00954	0.00584	0.00564	0.01027	0.01571	0.01975	0.16853	0.20199	0.47315	0.01760	0.00821	0.00238	0.00353	0.01511	0.00655	0.00584
31	0.01767	0.01422	0.03801	0.06720	0.01909	0.01491	0.01112	0.21066	0.23941	0.05514	0.08782	0.04665	0.08344	0.01006	0.00702	0.00219	0.00591	0.00830	0.05158	0.00959
32	0.01347	0.01246	0.02052	0.71234	0.04602	0.01545	0.01875	0.04611	0.01446	0.01856	0.01234	0.01816	0.00923	0.00690	0.00684	0.00227	0.00905	0.00608	0.00320	0.00777
33	0.01058	0.00736	0.00818	0.00804	0.00839	0.00756	0.00475	0.01232	0.07227	0.01464	0.02212	0.04304	0.02451	0.69225	0.03232	0.00625	0.00652	0.00975	0.00440	0.00475
34	0.00971	0.00657	0.00768	0.00784	0.00804	0.00647	0.00465	0.01016	0.01121	0.01510	0.08578	0.14013	0.03115	0.59416	0.02894	0.00572	0.00597	0.01143	0.00474	0.00454
35	0.01305	0.01266	0.02273	0.55698	0.04187	0.01469	0.13124	0.01751	0.01404	0.01823	0.01474	0.08439	0.01257	0.00797	0.00722	0.00233	0.00906	0.00762	0.00341	0.00769
36	0.01829	0.76368	0.03585	0.01171	0.01756	0.02707	0.01171	0.02049	0.01390	0.01610	0.00951	0.01097	0.00878	0.00585	0.00439	0.00146	0.00732	0.00366	0.00293	0.00878
37	0.01470	0.01174	0.01343	0.00993	0.01531	0.00946	0.00792	0.05876	0.01532	0.02405	0.01391	0.01599	0.01131	0.00569	0.00513	0.00116	0.00494	0.00452	0.12069	0.63603
38	0.01671	0.01993	0.14366	0.03480	0.51316	0.04222	0.02052	0.02272	0.07734	0.02259	0.01403	0.01712	0.01130	0.00648	0.00672	0.00207	0.00837	0.00601	0.00363	0.01061
39	0.01088	0.00783	0.00936	0.00898	0.00926	0.00851	0.00577	0.03354	0.01090	0.01484	0.02048	0.05956	0.02304	0.59862	0.07970	0.00634	0.07382	0.00955	0.00416	0.00487
40	0.01054	0.00865	0.01120	0.01124	0.01252	0.04956	0.00862	0.01284	0.01166	0.01607	0.01962	0.09139	0.01916	0.04610	0.62609	0.00973	0.01670	0.00825	0.00390	0.00616
41	0.01039	0.00769	0.00959	0.01049	0.01159	0.00772	0.00744	0.05585	0.07650	0.02027	0.03538	0.60386	0.04058	0.01936	0.00849	0.00271	0.00446	0.05471	0.00643	0.00646
42	0.07511	0.01505	0.01726	0.11053	0.02193	0.01622	0.01183	0.34117	0.04800	0.10550	0.01707	0.01800	0.01232	0.00766	0.00632	0.00197	0.00671	0.00595	0.08025	0.08115
43	0.01500	0.01253	0.01449	0.01061	0.01640	0.01005	0.00847	0.07763	0.01575	0.02396	0.01362	0.04574	0.01175	0.00604	0.00538	0.00118	0.00524	0.00489	0.00440	0.69685
44	0.01623	0.01542	0.02572	0.11908	0.57765	0.01549	0.01961	0.02026	0.01524	0.02179	0.01272	0.01684	0.01058	0.00609	0.00663	0.00197	0.00797	0.00591	0.00341	0.08140
45	0.00860	0.00691	0.00762	0.03200	0.01031	0.00620	0.00565	0.01005	0.01422	0.01742	0.05478	0.16055	0.47756	0.14260	0.01264	0.00311	0.00426	0.01413	0.00587	0.00553

[dist]
# distance from previous block
# <min> <max>
0	46

# created by:
# /st0/software/busco_prod/Augustus/scripts/msa2prfl.pl ./align_prep/121566.fa
