[name]
unknown

[dist]
# distance from previous block
# <min> <max>
0	27

[block]
# block no. 0 follows, 28 sequences, length 11
# corresponding to MSA columns:
# 27-37
name=unknown_A
#
# <colnr> <probs for GDERKNQSTAVLIFYWHMCP>
#	G	D	E	R	K	N	Q	S	T	A	V	L	I	F	Y	W	H	M	C	P
0	0.05070	0.01179	0.01446	0.01382	0.01640	0.01281	0.01153	0.13369	0.05271	0.06224	0.02887	0.05339	0.02895	0.08050	0.01253	0.00331	0.06424	0.33351	0.00637	0.00819
1	0.21040	0.01476	0.01516	0.01291	0.01665	0.01683	0.01033	0.22568	0.11534	0.03302	0.01902	0.05993	0.01576	0.03763	0.00889	0.00248	0.06357	0.00710	0.10512	0.00941
2	0.02145	0.01578	0.01719	0.01392	0.01829	0.01697	0.01114	0.43663	0.02697	0.03636	0.02533	0.08236	0.08446	0.05104	0.04410	0.00293	0.00749	0.00874	0.04098	0.03787
3	0.01457	0.00984	0.01165	0.01084	0.01358	0.00965	0.00835	0.05629	0.11819	0.10633	0.21044	0.14876	0.18773	0.01529	0.00836	0.00249	0.00471	0.04728	0.00746	0.00821
4	0.12266	0.01868	0.01884	0.01797	0.09664	0.11039	0.01281	0.17062	0.18118	0.08930	0.01877	0.01897	0.01400	0.00808	0.00669	0.00213	0.00754	0.00624	0.00597	0.07249
5	0.05847	0.01440	0.01992	0.02043	0.15267	0.01478	0.06220	0.07852	0.17775	0.15043	0.10964	0.06427	0.02437	0.00985	0.00753	0.00233	0.00668	0.00869	0.00655	0.01053
6	0.01253	0.00908	0.01013	0.00967	0.01115	0.00931	0.00662	0.07909	0.07188	0.02096	0.04996	0.12568	0.12154	0.34966	0.04523	0.00486	0.00640	0.01164	0.03818	0.00645
7	0.02530	0.01877	0.01948	0.01531	0.02083	0.07059	0.01242	0.37377	0.10904	0.12360	0.01929	0.01892	0.01385	0.00834	0.00697	0.00205	0.00751	0.00640	0.00683	0.12073
8	0.00980	0.00702	0.00896	0.00968	0.01044	0.00667	0.00644	0.01104	0.01324	0.01801	0.05957	0.44436	0.03919	0.20631	0.06900	0.00451	0.00611	0.01596	0.00586	0.04783
9	0.01573	0.01236	0.01645	0.01395	0.01649	0.01392	0.07024	0.11978	0.05282	0.02555	0.02365	0.06538	0.06624	0.04765	0.07475	0.00341	0.14291	0.00853	0.20202	0.00817
10	0.01692	0.01398	0.01458	0.01276	0.01615	0.06544	0.00988	0.20363	0.05830	0.02714	0.02932	0.14054	0.11726	0.04172	0.12391	0.00393	0.00865	0.01008	0.00595	0.07985

[dist]
# distance from previous block
# <min> <max>
48	82

[block]
# block no. 1 follows, 28 sequences, length 29
# corresponding to MSA columns:
# 129-157
name=unknown_B
#
# <colnr> <probs for GDERKNQSTAVLIFYWHMCP>
#	G	D	E	R	K	N	Q	S	T	A	V	L	I	F	Y	W	H	M	C	P
0	0.06295	0.01430	0.01661	0.01385	0.05674	0.01290	0.01035	0.11799	0.06321	0.05458	0.01603	0.03830	0.01305	0.00699	0.00604	0.00157	0.00599	0.00561	0.00518	0.47775
1	0.01919	0.01951	0.05767	0.06453	0.08576	0.08757	0.24973	0.09206	0.01823	0.06394	0.01589	0.04880	0.01297	0.01022	0.03810	0.00279	0.09126	0.00769	0.00440	0.00967
2	0.06292	0.01722	0.04860	0.08160	0.38760	0.06034	0.01800	0.02222	0.03407	0.06309	0.02054	0.02322	0.08200	0.00836	0.00785	0.00226	0.03843	0.00718	0.00434	0.01018
3	0.09299	0.09990	0.13791	0.06293	0.12295	0.10810	0.07417	0.07208	0.04304	0.05156	0.01462	0.01818	0.01172	0.04976	0.00841	0.00243	0.00922	0.00607	0.00423	0.00974
4	0.01006	0.00759	0.00837	0.00852	0.00992	0.00706	0.00578	0.03823	0.01488	0.01878	0.04836	0.20337	0.32136	0.24472	0.01752	0.00398	0.00502	0.01462	0.00604	0.00581
5	0.01904	0.01298	0.01510	0.01253	0.01653	0.01284	0.00983	0.21262	0.04862	0.10785	0.10688	0.11654	0.02693	0.07347	0.00999	0.00258	0.00607	0.03648	0.00671	0.14641
6	0.01848	0.01907	0.02912	0.10755	0.42822	0.09654	0.11725	0.02356	0.04659	0.02277	0.01418	0.01822	0.01149	0.00677	0.00734	0.00221	0.00966	0.00666	0.00376	0.01056
7	0.01199	0.00873	0.00980	0.00928	0.01069	0.00878	0.00635	0.07014	0.04326	0.02041	0.09960	0.04930	0.15731	0.39406	0.04833	0.00514	0.00651	0.02861	0.00563	0.00611
8	0.00941	0.00669	0.00842	0.00939	0.00993	0.00639	0.00616	0.01053	0.01340	0.01782	0.06339	0.45585	0.08616	0.21185	0.04630	0.00433	0.00553	0.01682	0.00607	0.00559
9	0.02181	0.01469	0.01643	0.01432	0.04607	0.03567	0.01092	0.26711	0.06946	0.13445	0.13311	0.02859	0.05281	0.01009	0.00724	0.00216	0.00622	0.00819	0.11041	0.01025
10	0.06088	0.07264	0.50843	0.12507	0.04972	0.01743	0.02381	0.02217	0.01505	0.02261	0.01270	0.01559	0.00927	0.00690	0.00670	0.00227	0.01006	0.00539	0.00319	0.01012
11	0.01844	0.01827	0.02860	0.07035	0.62749	0.06423	0.02167	0.02261	0.01674	0.02314	0.01348	0.01772	0.01130	0.00658	0.00716	0.00215	0.00898	0.00636	0.00359	0.01117
12	0.01525	0.00850	0.01049	0.00962	0.01233	0.00745	0.00728	0.01751	0.01785	0.19797	0.18237	0.15964	0.26671	0.04177	0.00938	0.00261	0.00448	0.01349	0.00750	0.00780
13	0.04604	0.00867	0.01120	0.01012	0.01267	0.00798	0.00774	0.01845	0.01954	0.17881	0.44421	0.12480	0.05254	0.01414	0.00821	0.00235	0.00422	0.01234	0.00794	0.00802
14	0.10697	0.00949	0.01043	0.01109	0.05737	0.00936	0.00745	0.01539	0.07113	0.02290	0.13859	0.05015	0.31876	0.12584	0.01223	0.00309	0.00490	0.01172	0.00613	0.00699
15	0.01181	0.00818	0.00972	0.01002	0.01101	0.00821	0.00675	0.08706	0.01531	0.02084	0.03131	0.40550	0.03569	0.23852	0.01718	0.00403	0.00546	0.01517	0.05198	0.00624
16	0.00926	0.00660	0.00867	0.00979	0.01046	0.00617	0.00664	0.01090	0.01512	0.02053	0.17692	0.55558	0.05114	0.06284	0.01073	0.00305	0.00422	0.01850	0.00688	0.00602
17	0.01074	0.00745	0.00945	0.00918	0.01097	0.00676	0.00679	0.01355	0.01890	0.05458	0.46524	0.16405	0.16225	0.01642	0.00863	0.00242	0.00371	0.01444	0.00765	0.00683
18	0.79588	0.01406	0.01068	0.00956	0.01406	0.01631	0.00787	0.02137	0.01237	0.03261	0.01012	0.01181	0.00787	0.00675	0.00450	0.00225	0.00562	0.00394	0.00450	0.00787
19	0.02657	0.01828	0.02006	0.01561	0.02102	0.01983	0.01280	0.52647	0.06008	0.11872	0.02128	0.02088	0.03968	0.00971	0.00801	0.02737	0.00747	0.00704	0.00732	0.01179
20	0.01021	0.00699	0.00836	0.00855	0.00896	0.00681	0.00529	0.01109	0.01309	0.01778	0.15506	0.17201	0.03837	0.47605	0.02661	0.00540	0.00585	0.01286	0.00551	0.00514
21	0.00968	0.00752	0.00874	0.00876	0.01057	0.00685	0.00638	0.01262	0.04295	0.02296	0.28185	0.17365	0.31400	0.04846	0.00986	0.00267	0.00391	0.01498	0.00711	0.00648
22	0.01046	0.00700	0.00796	0.00808	0.00810	0.00697	0.00456	0.01054	0.01080	0.01439	0.02406	0.09418	0.02788	0.69594	0.03513	0.00677	0.00686	0.01125	0.00456	0.00451
23	0.01051	0.00756	0.01014	0.01121	0.01255	0.00728	0.00890	0.01316	0.01662	0.02217	0.17990	0.24325	0.07630	0.04319	0.01035	0.00310	0.00525	0.30522	0.00691	0.00643
24	0.73608	0.01370	0.01089	0.00969	0.01407	0.01571	0.00793	0.02150	0.01261	0.05909	0.01097	0.01271	0.00846	0.00752	0.00549	0.03124	0.00567	0.00416	0.00463	0.00788
25	0.01445	0.00906	0.00994	0.00927	0.01116	0.00931	0.00676	0.12408	0.01745	0.02611	0.05239	0.11843	0.04974	0.14068	0.01277	0.03480	0.00503	0.00965	0.33189	0.00702
26	0.01245	0.00890	0.01130	0.12810	0.01661	0.00950	0.00828	0.06210	0.01460	0.02024	0.06305	0.13806	0.02729	0.33525	0.02049	0.00443	0.00651	0.01075	0.09587	0.00624
27	0.20607	0.02141	0.01889	0.01752	0.07438	0.21562	0.01290	0.16622	0.02075	0.11528	0.01464	0.01578	0.01095	0.00800	0.00740	0.00218	0.05135	0.00549	0.00531	0.00987
28	0.02114	0.01449	0.01833	0.01860	0.13175	0.01504	0.01254	0.22955	0.06967	0.14188	0.05305	0.08191	0.05048	0.05492	0.05020	0.00311	0.00758	0.00885	0.00656	0.01035

[dist]
# distance from previous block
# <min> <max>
16	28

[block]
# block no. 2 follows, 28 sequences, length 90
# corresponding to MSA columns:
# 195-284
name=unknown_C
#
# <colnr> <probs for GDERKNQSTAVLIFYWHMCP>
#	G	D	E	R	K	N	Q	S	T	A	V	L	I	F	Y	W	H	M	C	P
0	0.11893	0.10993	0.09341	0.01582	0.05254	0.04043	0.01335	0.26097	0.02201	0.03127	0.04052	0.13193	0.01847	0.01026	0.00689	0.00224	0.00740	0.00816	0.00560	0.00986
1	0.01678	0.16154	0.49253	0.04204	0.02884	0.06034	0.02270	0.05471	0.01644	0.02263	0.01263	0.01480	0.00941	0.00692	0.00652	0.00214	0.01019	0.00516	0.00333	0.01035
2	0.01650	0.24611	0.42377	0.01754	0.02597	0.02046	0.02077	0.05262	0.01612	0.02239	0.04003	0.01596	0.01182	0.00731	0.00692	0.00210	0.03466	0.00534	0.00348	0.01014
3	0.01523	0.13233	0.61781	0.01962	0.02976	0.01846	0.02494	0.02285	0.01527	0.02223	0.01265	0.01486	0.00922	0.00681	0.00661	0.00220	0.01035	0.00517	0.00307	0.01055
4	0.01591	0.07605	0.40952	0.01841	0.06487	0.01527	0.01988	0.02247	0.03623	0.08498	0.08597	0.02502	0.07675	0.00889	0.00713	0.00225	0.00853	0.00722	0.00457	0.01008
5	0.01154	0.00842	0.01196	0.05343	0.01659	0.00856	0.01170	0.01476	0.01633	0.02125	0.03720	0.14425	0.04064	0.01962	0.00981	0.00325	0.00662	0.55087	0.00650	0.00669
6	0.01273	0.00954	0.01121	0.01079	0.01205	0.04413	0.00792	0.04375	0.01322	0.01871	0.01977	0.03115	0.01907	0.21302	0.33389	0.04444	0.03353	0.00803	0.10678	0.00626
7	0.01398	0.02739	0.46582	0.01735	0.02505	0.01367	0.02060	0.02057	0.01650	0.04757	0.12951	0.05608	0.02430	0.01032	0.00763	0.00244	0.00869	0.07838	0.00462	0.00954
8	0.01706	0.01748	0.06106	0.16614	0.55002	0.01705	0.02215	0.02167	0.01613	0.02278	0.01351	0.01811	0.01107	0.00664	0.00719	0.00221	0.00893	0.00642	0.00351	0.01086
9	0.00918	0.00680	0.00849	0.00929	0.01039	0.00620	0.00646	0.01100	0.01581	0.02098	0.19170	0.43306	0.18024	0.04300	0.00986	0.00284	0.00403	0.01762	0.00695	0.00611
10	0.00906	0.00660	0.00899	0.03965	0.01217	0.00633	0.00730	0.01047	0.01394	0.01856	0.03895	0.71012	0.04650	0.02213	0.00920	0.00293	0.00444	0.02008	0.00660	0.00599
11	0.01475	0.03661	0.67393	0.02188	0.06393	0.01690	0.02664	0.02299	0.01541	0.02306	0.01308	0.01548	0.00932	0.00689	0.00692	0.00230	0.01064	0.00543	0.00310	0.01078
12	0.04871	0.06273	0.08290	0.03205	0.38640	0.04004	0.04069	0.10721	0.04878	0.02629	0.01425	0.01732	0.01148	0.00726	0.00775	0.00220	0.04253	0.00623	0.00419	0.01098
13	0.01942	0.24049	0.32692	0.01780	0.02533	0.21207	0.01921	0.02431	0.01662	0.01989	0.01171	0.01368	0.00929	0.00687	0.00617	0.00197	0.01054	0.00476	0.00327	0.00970
14	0.01505	0.01431	0.05394	0.01133	0.01803	0.01009	0.00964	0.01857	0.01509	0.02365	0.01293	0.01509	0.01068	0.00547	0.00547	0.00115	0.00568	0.00437	0.00424	0.74525
15	0.03619	0.01792	0.13101	0.43033	0.11206	0.01685	0.02014	0.05215	0.07087	0.02246	0.01453	0.01893	0.01091	0.00739	0.00714	0.00236	0.00923	0.00637	0.00381	0.00935
16	0.02555	0.13001	0.02274	0.01751	0.02163	0.55675	0.01364	0.06550	0.02030	0.01931	0.01173	0.01370	0.00984	0.00902	0.03090	0.00219	0.01230	0.00479	0.00387	0.00871
17	0.01030	0.00755	0.00968	0.00971	0.01141	0.00703	0.00752	0.01331	0.01873	0.02559	0.44237	0.08378	0.14261	0.04426	0.00996	0.00271	0.00425	0.13522	0.00741	0.00661
18	0.07280	0.12565	0.52422	0.02045	0.07373	0.01839	0.02331	0.02269	0.01514	0.02302	0.01250	0.01479	0.00928	0.00678	0.00646	0.00219	0.00984	0.00515	0.00322	0.01040
19	0.09553	0.01281	0.01631	0.01282	0.01821	0.01184	0.01052	0.03454	0.08126	0.58574	0.02720	0.02387	0.01753	0.00889	0.00708	0.00227	0.00610	0.00711	0.00847	0.01191
20	0.00931	0.00665	0.00896	0.01064	0.01126	0.00630	0.00754	0.01091	0.01437	0.01907	0.03981	0.63502	0.04708	0.02234	0.00940	0.00301	0.00461	0.12095	0.00674	0.00603
21	0.01799	0.01727	0.02950	0.04462	0.69919	0.01727	0.02231	0.02231	0.01655	0.02375	0.01367	0.01799	0.01151	0.00648	0.00720	0.00216	0.00864	0.00648	0.00360	0.01151
22	0.04424	0.01059	0.01294	0.01135	0.01453	0.01049	0.00894	0.06082	0.11147	0.16924	0.37415	0.04212	0.04523	0.01257	0.00800	0.00234	0.00481	0.03930	0.00790	0.00898
23	0.00978	0.00727	0.00910	0.00895	0.01062	0.00659	0.00660	0.01261	0.01892	0.02593	0.49001	0.15134	0.18223	0.01661	0.00867	0.00241	0.00358	0.01459	0.00760	0.00659
24	0.00985	0.00705	0.00924	0.00959	0.01075	0.00659	0.00687	0.01231	0.01747	0.02420	0.39623	0.29857	0.05773	0.06082	0.01056	0.00285	0.00406	0.04160	0.00729	0.00637
25	0.01579	0.01588	0.01616	0.01483	0.01707	0.18619	0.03791	0.04201	0.01492	0.01846	0.01657	0.02320	0.01497	0.03672	0.44398	0.00802	0.05906	0.00692	0.00393	0.00741
26	0.43263	0.01299	0.01404	0.01536	0.12291	0.01391	0.01021	0.02115	0.01558	0.09195	0.16021	0.02314	0.02248	0.00866	0.00606	0.00224	0.00568	0.00664	0.00552	0.00865
27	0.01893	0.01801	0.02749	0.03993	0.58854	0.07070	0.02073	0.02296	0.01703	0.04812	0.01524	0.02097	0.01306	0.00731	0.00729	0.00220	0.00880	0.03768	0.00396	0.01107
28	0.01121	0.00821	0.01102	0.01242	0.01422	0.00801	0.01072	0.01432	0.01671	0.02142	0.04410	0.08007	0.14636	0.01981	0.00981	0.00320	0.00621	0.54885	0.00670	0.00660
29	0.01441	0.01362	0.02304	0.61716	0.15461	0.01633	0.02053	0.01917	0.01486	0.01941	0.01304	0.01916	0.00998	0.00714	0.00726	0.00238	0.00952	0.00646	0.00329	0.00863
30	0.01557	0.01449	0.02396	0.50265	0.23059	0.01676	0.02048	0.05037	0.01602	0.02130	0.01334	0.01890	0.01033	0.00711	0.00725	0.00234	0.00932	0.00647	0.00352	0.00924
31	0.79588	0.01406	0.01068	0.00956	0.01406	0.01631	0.00787	0.02137	0.01237	0.03261	0.01012	0.01181	0.00787	0.00675	0.00450	0.00225	0.00562	0.00394	0.00450	0.00787
32	0.01836	0.01914	0.05424	0.06959	0.59774	0.06847	0.02179	0.02268	0.01672	0.02307	0.01344	0.01759	0.01119	0.00660	0.00714	0.00215	0.00909	0.00630	0.00357	0.01112
33	0.01872	0.01740	0.01636	0.01446	0.01867	0.10923	0.01120	0.03398	0.48862	0.02781	0.02497	0.02390	0.01902	0.00897	0.00694	0.00219	0.00657	0.00724	0.04508	0.09866
34	0.05260	0.02188	0.16842	0.03696	0.49167	0.03701	0.04181	0.02263	0.01625	0.02381	0.01335	0.01708	0.01080	0.00660	0.00704	0.00219	0.00917	0.00615	0.00354	0.01105
35	0.01545	0.15024	0.57603	0.01976	0.02966	0.01883	0.04822	0.02283	0.01532	0.02209	0.01264	0.01492	0.00929	0.00677	0.00661	0.00219	0.01033	0.00525	0.00310	0.01048
36	0.03261	0.01237	0.01687	0.01293	0.01856	0.01068	0.01068	0.03543	0.02081	0.70423	0.02868	0.02474	0.01799	0.00900	0.00731	0.00225	0.00619	0.00731	0.00900	0.01237
37	0.00990	0.00860	0.04363	0.00981	0.01168	0.00700	0.00768	0.01278	0.01795	0.02475	0.40474	0.25393	0.12600	0.01715	0.00870	0.00250	0.00405	0.01519	0.00726	0.00670
38	0.01760	0.05335	0.11892	0.03735	0.50971	0.04299	0.04435	0.02227	0.01648	0.02298	0.01534	0.01893	0.03341	0.00694	0.00711	0.00216	0.00900	0.00651	0.00362	0.01096
39	0.01058	0.00766	0.01107	0.01107	0.01227	0.00877	0.00844	0.01299	0.01178	0.01720	0.02002	0.03019	0.01894	0.11419	0.61427	0.01070	0.01744	0.00798	0.04812	0.00632
40	0.01029	0.00743	0.00972	0.00914	0.01086	0.00686	0.00686	0.01372	0.02058	0.02915	0.69536	0.05430	0.06859	0.01486	0.00857	0.00229	0.00343	0.01315	0.00800	0.00686
41	0.05316	0.03285	0.54997	0.02390	0.12246	0.01698	0.05467	0.02285	0.01545	0.02360	0.01306	0.01573	0.00954	0.00680	0.00690	0.00229	0.01027	0.00560	0.00324	0.01067
42	0.01583	0.01507	0.02561	0.39010	0.37058	0.01670	0.02123	0.02042	0.01553	0.02113	0.01329	0.01869	0.01059	0.00688	0.00723	0.00229	0.00917	0.00647	0.00341	0.00977
43	0.00886	0.00633	0.00843	0.01012	0.01054	0.00590	0.00675	0.01012	0.01392	0.01856	0.04006	0.73979	0.04808	0.02277	0.00928	0.00295	0.00422	0.02066	0.00675	0.00590
44	0.01018	0.00775	0.00849	0.00858	0.01105	0.00670	0.00674	0.01231	0.01679	0.05109	0.06600	0.06982	0.56119	0.01825	0.00876	0.00259	0.00428	0.11610	0.00684	0.00651
45	0.04823	0.37913	0.14208	0.02201	0.19194	0.02311	0.01716	0.06053	0.01636	0.02201	0.01191	0.01420	0.00998	0.00656	0.00581	0.00189	0.00840	0.00494	0.00352	0.01023
46	0.01082	0.00867	0.03359	0.00960	0.01179	0.00728	0.00744	0.01391	0.03857	0.05409	0.26577	0.22772	0.24914	0.01723	0.00860	0.00251	0.00416	0.01501	0.00716	0.00693
47	0.01537	0.06831	0.53111	0.02246	0.03225	0.01778	0.16550	0.02302	0.01571	0.02279	0.01326	0.01609	0.00961	0.00670	0.00716	0.00230	0.01092	0.00599	0.00320	0.01047
48	0.01507	0.01292	0.01507	0.01077	0.01723	0.00969	0.00861	0.01830	0.01507	0.02369	0.01292	0.01507	0.01077	0.00538	0.00538	0.00108	0.00538	0.00431	0.00431	0.78898
49	0.01831	0.26265	0.08322	0.21531	0.06914	0.13428	0.01691	0.02181	0.01548	0.01853	0.01147	0.01509	0.00957	0.00736	0.00773	0.00209	0.07360	0.00522	0.00328	0.00896
50	0.01458	0.03760	0.70688	0.02072	0.03146	0.01688	0.02686	0.02302	0.01535	0.02302	0.01304	0.01535	0.00921	0.00691	0.00691	0.00230	0.01074	0.00537	0.00307	0.01074
51	0.01046	0.00760	0.00996	0.00984	0.01159	0.00710	0.00769	0.01378	0.01963	0.02722	0.53650	0.06039	0.09973	0.01604	0.00885	0.00249	0.00406	0.13262	0.00768	0.00679
52	0.01458	0.03760	0.70688	0.02072	0.03146	0.01688	0.02686	0.02302	0.01535	0.02302	0.01304	0.01535	0.00921	0.00691	0.00691	0.00230	0.01074	0.00537	0.00307	0.01074
53	0.01263	0.00631	0.00947	0.00947	0.00947	0.00631	0.00631	0.00947	0.00947	0.01263	0.01263	0.02210	0.01263	0.02525	0.02841	0.78851	0.00631	0.00631	0.00316	0.00316
54	0.01477	0.01399	0.02369	0.55957	0.20939	0.01643	0.02071	0.01949	0.01503	0.01984	0.01310	0.01904	0.01014	0.00707	0.00725	0.00236	0.00943	0.00646	0.00332	0.00892
55	0.00886	0.00633	0.00843	0.01012	0.01054	0.00590	0.00675	0.01012	0.01392	0.01856	0.04006	0.73979	0.04808	0.02277	0.00928	0.00295	0.00422	0.02066	0.00675	0.00590
56	0.00886	0.00633	0.00843	0.01012	0.01054	0.00590	0.00675	0.01012	0.01392	0.01856	0.04006	0.73979	0.04808	0.02277	0.00928	0.00295	0.00422	0.02066	0.00675	0.00590
57	0.01444	0.02227	0.25066	0.02248	0.02929	0.01493	0.29541	0.02024	0.01595	0.02224	0.02043	0.15216	0.01930	0.01037	0.00826	0.00256	0.00992	0.05565	0.00425	0.00919
58	0.03261	0.01237	0.01687	0.01293	0.01856	0.01068	0.01068	0.03543	0.02081	0.70423	0.02868	0.02474	0.01799	0.00900	0.00731	0.00225	0.00619	0.00731	0.00900	0.01237
59	0.00910	0.00666	0.00892	0.01043	0.01084	0.00648	0.00707	0.01038	0.01382	0.01852	0.03900	0.71449	0.04673	0.02242	0.00979	0.00296	0.02963	0.02016	0.00662	0.00598
60	0.01404	0.00725	0.00730	0.00712	0.00896	0.00733	0.00539	0.03997	0.01591	0.02776	0.02349	0.02676	0.01841	0.00848	0.00516	0.00171	0.00355	0.00677	0.75767	0.00697
61	0.01124	0.00890	0.01312	0.01266	0.01374	0.01087	0.00997	0.01351	0.01153	0.01683	0.01784	0.02655	0.01677	0.04765	0.59557	0.03506	0.12029	0.00754	0.00377	0.00659
62	0.01458	0.03760	0.70688	0.02072	0.03146	0.01688	0.02686	0.02302	0.01535	0.02302	0.01304	0.01535	0.00921	0.00691	0.00691	0.00230	0.01074	0.00537	0.00307	0.01074
63	0.01317	0.01036	0.01253	0.01302	0.01546	0.01095	0.01077	0.02145	0.21815	0.02400	0.03972	0.09093	0.10788	0.01693	0.00905	0.00297	0.00598	0.36173	0.00691	0.00805
64	0.01169	0.00875	0.01200	0.01401	0.04517	0.00870	0.01117	0.01538	0.04107	0.02167	0.04026	0.13884	0.09744	0.01920	0.00962	0.00315	0.00625	0.48210	0.00659	0.00696
65	0.79588	0.01406	0.01068	0.00956	0.01406	0.01631	0.00787	0.02137	0.01237	0.03261	0.01012	0.01181	0.00787	0.00675	0.00450	0.00225	0.00562	0.00394	0.00450	0.00787
66	0.01668	0.02315	0.17833	0.02686	0.06031	0.04925	0.40311	0.02255	0.01623	0.02229	0.01404	0.01854	0.01084	0.00921	0.04415	0.00289	0.06087	0.00745	0.00353	0.00972
67	0.00893	0.00646	0.00858	0.01009	0.01065	0.00610	0.00683	0.01030	0.01391	0.01851	0.04038	0.66750	0.07578	0.02444	0.05082	0.00344	0.00509	0.01966	0.00658	0.00595
68	0.09277	0.01983	0.02087	0.01612	0.02182	0.02201	0.01331	0.61954	0.03233	0.04469	0.01683	0.01697	0.01198	0.00856	0.00704	0.00219	0.00780	0.00632	0.00704	0.01198
69	0.01780	0.01664	0.02621	0.03740	0.53560	0.01715	0.01972	0.02546	0.15553	0.02507	0.01779	0.02198	0.01472	0.00762	0.00733	0.00226	0.00797	0.02790	0.00449	0.01135
70	0.03244	0.01265	0.01704	0.01306	0.01869	0.01109	0.01079	0.05757	0.02127	0.68142	0.02829	0.02449	0.01780	0.00899	0.00731	0.00225	0.00625	0.00728	0.00894	0.01237
71	0.01799	0.01727	0.02950	0.04462	0.69919	0.01727	0.02231	0.02231	0.01655	0.02375	0.01367	0.01799	0.01151	0.00648	0.00720	0.00216	0.00864	0.00648	0.00360	0.01151
72	0.01693	0.01487	0.02237	0.48940	0.11326	0.01753	0.01883	0.13922	0.05159	0.02466	0.01465	0.01926	0.01099	0.00758	0.00727	0.00235	0.00907	0.00656	0.00421	0.00939
73	0.00895	0.00641	0.00863	0.01021	0.01069	0.00609	0.00689	0.01029	0.01379	0.01846	0.03885	0.69794	0.04632	0.02464	0.05085	0.00347	0.00511	0.01991	0.00658	0.00594
74	0.01054	0.00715	0.00845	0.00845	0.00863	0.00733	0.00505	0.01090	0.01072	0.01448	0.02243	0.04494	0.02528	0.64901	0.13096	0.00769	0.00877	0.01019	0.00433	0.00469
75	0.01792	0.01698	0.02894	0.07175	0.55481	0.01715	0.06980	0.05421	0.01739	0.02448	0.01507	0.02115	0.01286	0.00724	0.00744	0.00225	0.00883	0.03679	0.00391	0.01105
76	0.01679	0.24653	0.43751	0.01783	0.02653	0.05196	0.02111	0.02384	0.05488	0.02147	0.01307	0.01485	0.01001	0.00690	0.00626	0.00207	0.00968	0.00507	0.00337	0.01026
77	0.00867	0.00737	0.00747	0.00744	0.00987	0.00617	0.00558	0.01058	0.01675	0.02007	0.10168	0.06925	0.66794	0.01825	0.00859	0.00245	0.00367	0.01524	0.00681	0.00617
78	0.00886	0.00633	0.00843	0.01012	0.01054	0.00590	0.00675	0.01012	0.01392	0.01856	0.04006	0.73979	0.04808	0.02277	0.00928	0.00295	0.00422	0.02066	0.00675	0.00590
79	0.01654	0.02470	0.28259	0.06378	0.42267	0.01708	0.02392	0.02242	0.01602	0.02326	0.01341	0.01706	0.01058	0.00667	0.00709	0.00222	0.00947	0.00606	0.00339	0.01108
80	0.01565	0.06029	0.44567	0.02268	0.03157	0.01808	0.19476	0.02334	0.04027	0.02284	0.01379	0.01677	0.01019	0.00707	0.00811	0.00236	0.04653	0.00631	0.00340	0.01033
81	0.01607	0.01597	0.02410	0.43890	0.13666	0.06610	0.07696	0.02248	0.08956	0.02098	0.01491	0.01961	0.01143	0.00735	0.00734	0.00235	0.00957	0.00672	0.00382	0.00912
82	0.01507	0.01292	0.01507	0.01077	0.01723	0.00969	0.00861	0.01830	0.01507	0.02369	0.01292	0.01507	0.01077	0.00538	0.00538	0.00108	0.00538	0.00431	0.00431	0.78898
83	0.00886	0.00633	0.00843	0.01012	0.01054	0.00590	0.00675	0.01012	0.01392	0.01856	0.04006	0.73979	0.04808	0.02277	0.00928	0.00295	0.00422	0.02066	0.00675	0.00590
84	0.00908	0.00649	0.00869	0.01038	0.01090	0.00610	0.00714	0.01051	0.01414	0.01881	0.03994	0.68839	0.04759	0.02256	0.00934	0.00298	0.00441	0.06987	0.00674	0.00597
85	0.00894	0.00665	0.00834	0.00945	0.01042	0.00604	0.00650	0.01053	0.01511	0.01980	0.11021	0.53445	0.18481	0.02110	0.00907	0.00278	0.00403	0.01883	0.00687	0.00604
86	0.01373	0.01292	0.02180	0.72707	0.05006	0.01615	0.02019	0.01857	0.01453	0.01857	0.01292	0.01938	0.00969	0.00727	0.00727	0.00242	0.00969	0.00646	0.00323	0.00807
87	0.03261	0.01237	0.01687	0.01293	0.01856	0.01068	0.01068	0.03543	0.02081	0.70423	0.02868	0.02474	0.01799	0.00900	0.00731	0.00225	0.00619	0.00731	0.00900	0.01237
88	0.00886	0.00633	0.00843	0.01012	0.01054	0.00590	0.00675	0.01012	0.01392	0.01856	0.04006	0.73979	0.04808	0.02277	0.00928	0.00295	0.00422	0.02066	0.00675	0.00590
89	0.01590	0.01590	0.02226	0.01908	0.01908	0.02226	0.01590	0.01749	0.01113	0.01749	0.00954	0.01590	0.00954	0.01272	0.02385	0.00318	0.73123	0.00636	0.00318	0.00795

[dist]
# distance from previous block
# <min> <max>
0	6

[block]
# block no. 3 follows, 28 sequences, length 13
# corresponding to MSA columns:
# 291-303
name=unknown_D
#
# <colnr> <probs for GDERKNQSTAVLIFYWHMCP>
#	G	D	E	R	K	N	Q	S	T	A	V	L	I	F	Y	W	H	M	C	P
0	0.74491	0.01448	0.01142	0.01003	0.01462	0.01672	0.00827	0.06473	0.01382	0.03349	0.01061	0.01218	0.00817	0.00688	0.00468	0.00224	0.00578	0.00411	0.00468	0.00817
1	0.00886	0.00633	0.00843	0.01012	0.01054	0.00590	0.00675	0.01012	0.01392	0.01856	0.04006	0.73979	0.04808	0.02277	0.00928	0.00295	0.00422	0.02066	0.00675	0.00590
2	0.03261	0.01237	0.01687	0.01293	0.01856	0.01068	0.01068	0.03543	0.02081	0.70423	0.02868	0.02474	0.01799	0.00900	0.00731	0.00225	0.00619	0.00731	0.00900	0.01237
3	0.01102	0.00787	0.01089	0.01246	0.01386	0.00775	0.01038	0.01391	0.01630	0.02141	0.07103	0.22532	0.04452	0.02042	0.00980	0.00321	0.00599	0.48055	0.00677	0.00653
4	0.01029	0.00743	0.00972	0.00914	0.01086	0.00686	0.00686	0.01372	0.02058	0.02915	0.69536	0.05430	0.06859	0.01486	0.00857	0.00229	0.00343	0.01315	0.00800	0.00686
5	0.01171	0.00837	0.01171	0.01339	0.01506	0.00837	0.01171	0.01506	0.01673	0.02175	0.03849	0.08199	0.04183	0.02008	0.01004	0.00335	0.00669	0.65027	0.00669	0.00669
6	0.01590	0.01590	0.02226	0.01908	0.01908	0.02226	0.01590	0.01749	0.01113	0.01749	0.00954	0.01590	0.00954	0.01272	0.02385	0.00318	0.73123	0.00636	0.00318	0.00795
7	0.01799	0.01727	0.02950	0.04462	0.69919	0.01727	0.02231	0.02231	0.01655	0.02375	0.01367	0.01799	0.01151	0.00648	0.00720	0.00216	0.00864	0.00648	0.00360	0.01151
8	0.02436	0.02833	0.02034	0.05620	0.05300	0.47687	0.01424	0.06660	0.14668	0.02207	0.01525	0.01655	0.01207	0.00795	0.00682	0.00204	0.01105	0.00563	0.00460	0.00935
9	0.01556	0.01561	0.01876	0.05363	0.01889	0.10275	0.03573	0.01727	0.01312	0.01767	0.03859	0.07587	0.01746	0.14241	0.02106	0.00359	0.37259	0.00827	0.00392	0.00726
10	0.01577	0.21239	0.54254	0.01868	0.02831	0.01980	0.02331	0.02271	0.01521	0.02157	0.01232	0.01444	0.00924	0.00674	0.00636	0.00212	0.01001	0.00501	0.00308	0.01040
11	0.60616	0.01514	0.01289	0.01113	0.01578	0.01740	0.00910	0.11910	0.08214	0.03433	0.01312	0.01415	0.00995	0.00735	0.00519	0.00226	0.00598	0.00474	0.00519	0.00889
12	0.01813	0.01615	0.05605	0.01280	0.01934	0.01326	0.01093	0.17993	0.01978	0.02909	0.01404	0.01567	0.01107	0.00629	0.00593	0.00142	0.00633	0.00492	0.00496	0.55391

[dist]
# distance from previous block
# <min> <max>
0	2

[block]
# block no. 4 follows, 28 sequences, length 34
# corresponding to MSA columns:
# 306-339
name=unknown_E
#
# <colnr> <probs for GDERKNQSTAVLIFYWHMCP>
#	G	D	E	R	K	N	Q	S	T	A	V	L	I	F	Y	W	H	M	C	P
0	0.01015	0.00738	0.00955	0.00910	0.01080	0.00678	0.00679	0.01341	0.02010	0.02824	0.63760	0.08377	0.09834	0.01536	0.00860	0.00232	0.00347	0.01357	0.00789	0.00678
1	0.01047	0.00701	0.00796	0.00805	0.00807	0.00698	0.00454	0.01055	0.01076	0.01434	0.02386	0.08631	0.02764	0.70415	0.03545	0.00682	0.00689	0.01114	0.00454	0.00449
2	0.01541	0.18356	0.50365	0.01859	0.02773	0.01879	0.04284	0.02219	0.01561	0.02217	0.05450	0.01711	0.01295	0.00723	0.00659	0.00215	0.00972	0.00564	0.00340	0.01018
3	0.01179	0.00854	0.01209	0.04024	0.01638	0.00866	0.01203	0.01519	0.01665	0.02163	0.03753	0.07964	0.04062	0.01960	0.00994	0.00331	0.00681	0.62604	0.00656	0.00675
4	0.00886	0.00633	0.00843	0.01012	0.01054	0.00590	0.00675	0.01012	0.01392	0.01856	0.04006	0.73979	0.04808	0.02277	0.00928	0.00295	0.00422	0.02066	0.00675	0.00590
5	0.04527	0.07605	0.04335	0.01821	0.04520	0.50645	0.01402	0.04647	0.01969	0.01977	0.01560	0.02038	0.03517	0.00867	0.00676	0.00203	0.01137	0.05284	0.00413	0.00857
6	0.10316	0.08651	0.15972	0.03191	0.38797	0.04174	0.04327	0.02256	0.01586	0.02377	0.01280	0.01613	0.01038	0.00659	0.00665	0.00214	0.00891	0.00577	0.00356	0.01061
7	0.03261	0.01237	0.01687	0.01293	0.01856	0.01068	0.01068	0.03543	0.02081	0.70423	0.02868	0.02474	0.01799	0.00900	0.00731	0.00225	0.00619	0.00731	0.00900	0.01237
8	0.00935	0.00668	0.00900	0.01069	0.01133	0.00633	0.00761	0.01098	0.01441	0.01911	0.03979	0.62565	0.04699	0.02231	0.00941	0.00302	0.00465	0.12992	0.00674	0.00604
9	0.04538	0.11775	0.55670	0.02051	0.05324	0.01830	0.04562	0.02279	0.01527	0.02274	0.01267	0.01502	0.00931	0.00678	0.00662	0.00221	0.01018	0.00529	0.00317	0.01047
10	0.00990	0.00757	0.00912	0.00900	0.01083	0.00695	0.00664	0.01322	0.04405	0.02496	0.39839	0.15721	0.24175	0.01682	0.00864	0.00244	0.00370	0.01467	0.00744	0.00669
11	0.03261	0.01237	0.01687	0.01293	0.01856	0.01068	0.01068	0.03543	0.02081	0.70423	0.02868	0.02474	0.01799	0.00900	0.00731	0.00225	0.00619	0.00731	0.00900	0.01237
12	0.01388	0.01249	0.02046	0.44124	0.03729	0.01455	0.07544	0.04071	0.01554	0.02086	0.03579	0.05124	0.05594	0.01070	0.03402	0.00274	0.03461	0.00797	0.06655	0.00798
13	0.01542	0.05845	0.02595	0.37031	0.05537	0.01726	0.14638	0.05920	0.01603	0.02114	0.01564	0.08430	0.01364	0.00885	0.00872	0.00246	0.06034	0.00802	0.00389	0.00864
14	0.17234	0.02966	0.46753	0.04683	0.05900	0.01663	0.04394	0.02285	0.01499	0.04431	0.01298	0.01532	0.00938	0.00690	0.00652	0.00229	0.00950	0.00534	0.00358	0.01011
15	0.02063	0.06698	0.02755	0.03544	0.46915	0.21222	0.01940	0.02414	0.01757	0.02168	0.01278	0.01624	0.01078	0.00674	0.00686	0.00204	0.00983	0.00582	0.00361	0.01052
16	0.01444	0.01365	0.02309	0.61323	0.15834	0.01634	0.02054	0.01920	0.01487	0.01944	0.01305	0.01915	0.00999	0.00714	0.00726	0.00238	0.00951	0.00646	0.00329	0.00865
17	0.01038	0.00905	0.04857	0.00979	0.01196	0.00734	0.00792	0.01390	0.01974	0.02782	0.59513	0.09371	0.08710	0.01502	0.00852	0.00233	0.00390	0.01324	0.00760	0.00699
18	0.01992	0.01816	0.01642	0.01472	0.01868	0.14861	0.01145	0.06196	0.39868	0.06764	0.03023	0.03018	0.08720	0.01054	0.00744	0.00236	0.00710	0.03172	0.00670	0.01030
19	0.01458	0.03760	0.70688	0.02072	0.03146	0.01688	0.02686	0.02302	0.01535	0.02302	0.01304	0.01535	0.00921	0.00691	0.00691	0.00230	0.01074	0.00537	0.00307	0.01074
20	0.01590	0.06958	0.59469	0.01978	0.02937	0.01744	0.02459	0.02332	0.01537	0.06052	0.01357	0.01573	0.00973	0.00734	0.00783	0.00232	0.05345	0.00547	0.00341	0.01060
21	0.01373	0.01292	0.02180	0.72707	0.05006	0.01615	0.02019	0.01857	0.01453	0.01857	0.01292	0.01938	0.00969	0.00727	0.00727	0.00242	0.00969	0.00646	0.00323	0.00807
22	0.02684	0.06775	0.02160	0.01818	0.02229	0.59799	0.01394	0.10688	0.02196	0.02115	0.01193	0.01356	0.00972	0.00758	0.00655	0.00189	0.01223	0.00487	0.00414	0.00895
23	0.00866	0.00737	0.00745	0.00743	0.00986	0.00616	0.00557	0.01056	0.01672	0.02000	0.09759	0.06935	0.67206	0.01827	0.00859	0.00245	0.00367	0.01526	0.00680	0.00616
24	0.06233	0.01539	0.02699	0.36911	0.23051	0.01687	0.13330	0.02062	0.01543	0.02170	0.01328	0.01857	0.01033	0.00681	0.00731	0.00234	0.00959	0.00668	0.00349	0.00934
25	0.00894	0.00733	0.00788	0.00784	0.01006	0.00627	0.00584	0.01107	0.01724	0.02147	0.19531	0.09742	0.54229	0.01791	0.00862	0.00244	0.00366	0.01515	0.00700	0.00627
26	0.00886	0.00633	0.00843	0.01012	0.01054	0.00590	0.00675	0.01012	0.01392	0.01856	0.04006	0.73979	0.04808	0.02277	0.00928	0.00295	0.00422	0.02066	0.00675	0.00590
27	0.00950	0.00788	0.00837	0.00816	0.01057	0.00701	0.00614	0.01278	0.05839	0.02210	0.18891	0.06436	0.53579	0.01721	0.00851	0.00242	0.00376	0.01449	0.00703	0.00660
28	0.19989	0.01274	0.01551	0.01219	0.01757	0.01192	0.01007	0.03234	0.01896	0.55704	0.02461	0.02191	0.01578	0.00850	0.00669	0.00225	0.00606	0.00657	0.00801	0.01138
29	0.01716	0.01961	0.04289	0.03064	0.03799	0.01838	0.67279	0.02328	0.01716	0.02328	0.01471	0.01961	0.01103	0.00613	0.00858	0.00245	0.01225	0.00858	0.00368	0.00980
30	0.01171	0.00837	0.01171	0.01339	0.01506	0.00837	0.01171	0.01506	0.01673	0.02175	0.03849	0.08199	0.04183	0.02008	0.01004	0.00335	0.00669	0.65027	0.00669	0.00669
31	0.01529	0.01505	0.02108	0.01830	0.01836	0.02084	0.01512	0.01690	0.01132	0.01754	0.01173	0.06071	0.01218	0.01468	0.04523	0.00344	0.66373	0.00728	0.00342	0.00778
32	0.00983	0.00734	0.00914	0.00885	0.01062	0.00664	0.00657	0.01277	0.01926	0.02641	0.51872	0.10799	0.19671	0.01618	0.00863	0.00237	0.00354	0.01415	0.00765	0.00664
33	0.01029	0.00743	0.00972	0.00914	0.01086	0.00686	0.00686	0.01372	0.02058	0.02915	0.69536	0.05430	0.06859	0.01486	0.00857	0.00229	0.00343	0.01315	0.00800	0.00686

[dist]
# distance from previous block
# <min> <max>
0	4

[block]
# block no. 5 follows, 28 sequences, length 83
# corresponding to MSA columns:
# 344-426
name=unknown_F
#
# <colnr> <probs for GDERKNQSTAVLIFYWHMCP>
#	G	D	E	R	K	N	Q	S	T	A	V	L	I	F	Y	W	H	M	C	P
0	0.01662	0.02007	0.14045	0.05291	0.41528	0.01655	0.12244	0.02183	0.01658	0.02359	0.04497	0.02187	0.01470	0.00740	0.00753	0.00228	0.00926	0.03119	0.00383	0.01065
1	0.79588	0.01406	0.01068	0.00956	0.01406	0.01631	0.00787	0.02137	0.01237	0.03261	0.01012	0.01181	0.00787	0.00675	0.00450	0.00225	0.00562	0.00394	0.00450	0.00787
2	0.06002	0.11699	0.31614	0.04817	0.03048	0.08851	0.19424	0.02328	0.01609	0.02221	0.01278	0.01576	0.00967	0.00668	0.00692	0.00221	0.01070	0.00594	0.00339	0.00983
3	0.00922	0.00648	0.00833	0.00966	0.00999	0.00614	0.00626	0.01022	0.01321	0.01762	0.03646	0.59436	0.04353	0.17442	0.01510	0.00381	0.00481	0.01854	0.00626	0.00559
4	0.01647	0.13434	0.52082	0.02074	0.06603	0.07575	0.02357	0.02330	0.01576	0.02182	0.01253	0.01480	0.00937	0.00684	0.00658	0.00216	0.01041	0.00517	0.00316	0.01040
5	0.01538	0.03648	0.67619	0.02037	0.03089	0.01661	0.02614	0.02357	0.01559	0.05332	0.01374	0.01576	0.00960	0.00700	0.00692	0.00230	0.01054	0.00546	0.00333	0.01082
6	0.45101	0.01330	0.01348	0.01108	0.01609	0.01377	0.00914	0.02772	0.01618	0.33607	0.01851	0.01765	0.01245	0.00776	0.00577	0.00225	0.00588	0.00546	0.00653	0.00990
7	0.00895	0.00639	0.00854	0.01023	0.01070	0.00599	0.00691	0.01029	0.01401	0.01866	0.04001	0.71766	0.04787	0.02268	0.00930	0.00297	0.00430	0.04185	0.00675	0.00593
8	0.01847	0.02014	0.06798	0.03943	0.52548	0.07585	0.10054	0.02303	0.01690	0.02315	0.01356	0.01763	0.01115	0.00654	0.00729	0.00218	0.00956	0.00652	0.00359	0.01101
9	0.01597	0.04881	0.04307	0.06424	0.34963	0.07953	0.01641	0.01945	0.01672	0.02196	0.07127	0.10088	0.10116	0.01033	0.00750	0.00225	0.00771	0.00917	0.00457	0.00937
10	0.01048	0.00707	0.00822	0.00830	0.00841	0.00715	0.00485	0.01073	0.01080	0.01449	0.02341	0.07653	0.02677	0.66250	0.08534	0.00721	0.00783	0.01081	0.00447	0.00462
11	0.04634	0.01962	0.06005	0.03150	0.12952	0.01810	0.53710	0.02307	0.01684	0.02369	0.01434	0.01896	0.01092	0.00622	0.00818	0.00240	0.01145	0.00801	0.00368	0.01000
12	0.01863	0.42326	0.07829	0.04801	0.02275	0.05876	0.09551	0.02186	0.01565	0.05667	0.01510	0.08714	0.01392	0.00818	0.00613	0.00195	0.00846	0.00661	0.00391	0.00920
13	0.00930	0.00664	0.00894	0.01063	0.01124	0.00629	0.00752	0.01089	0.01435	0.01905	0.03982	0.63774	0.04711	0.02236	0.00940	0.00301	0.00460	0.11834	0.00674	0.00603
14	0.00988	0.00744	0.00915	0.00881	0.01072	0.00671	0.00666	0.01288	0.01938	0.02636	0.50733	0.05940	0.23597	0.01598	0.00863	0.00237	0.00360	0.03446	0.00762	0.00666
15	0.02131	0.21980	0.06404	0.04048	0.16094	0.23588	0.04861	0.05405	0.05064	0.02125	0.01291	0.01519	0.01063	0.00701	0.00639	0.00195	0.00993	0.00536	0.00383	0.00980
16	0.01663	0.22487	0.47113	0.01875	0.02794	0.01990	0.05535	0.02313	0.01548	0.04533	0.01290	0.01491	0.00964	0.00676	0.00641	0.00211	0.00987	0.00521	0.00332	0.01038
17	0.02651	0.09446	0.02206	0.01820	0.02215	0.65785	0.01391	0.02842	0.02011	0.01773	0.01114	0.01299	0.00936	0.00738	0.00640	0.00185	0.01266	0.00462	0.00369	0.00850
18	0.01507	0.01292	0.01507	0.01077	0.01723	0.00969	0.00861	0.01830	0.01507	0.02369	0.01292	0.01507	0.01077	0.00538	0.00538	0.00108	0.00538	0.00431	0.00431	0.78898
19	0.01388	0.01302	0.02161	0.70172	0.04896	0.01622	0.01988	0.01929	0.03844	0.01899	0.01351	0.01966	0.01013	0.00736	0.00727	0.00242	0.00955	0.00652	0.00338	0.00820
20	0.01943	0.74891	0.03809	0.01244	0.01866	0.02876	0.01244	0.02177	0.01477	0.01710	0.01011	0.01166	0.00933	0.00622	0.00466	0.00155	0.00777	0.00389	0.00311	0.00933
21	0.01057	0.00705	0.00793	0.00793	0.00793	0.00705	0.00440	0.01057	0.01057	0.01409	0.02290	0.04757	0.02643	0.74454	0.03700	0.00705	0.00705	0.01057	0.00440	0.00440
22	0.01373	0.01292	0.02180	0.72707	0.05006	0.01615	0.02019	0.01857	0.01453	0.01857	0.01292	0.01938	0.00969	0.00727	0.00727	0.00242	0.00969	0.00646	0.00323	0.00807
23	0.01507	0.01292	0.01507	0.01077	0.01723	0.00969	0.00861	0.01830	0.01507	0.02369	0.01292	0.01507	0.01077	0.00538	0.00538	0.00108	0.00538	0.00431	0.00431	0.78898
24	0.01067	0.00821	0.01224	0.01207	0.01330	0.00978	0.00944	0.01322	0.01165	0.01691	0.01895	0.02789	0.01772	0.05233	0.67948	0.01124	0.05676	0.00771	0.00386	0.00657
25	0.00886	0.00633	0.00843	0.01012	0.01054	0.00590	0.00675	0.01012	0.01392	0.01856	0.04006	0.73979	0.04808	0.02277	0.00928	0.00295	0.00422	0.02066	0.00675	0.00590
26	0.01355	0.00678	0.00678	0.00678	0.00847	0.00678	0.00508	0.01694	0.01524	0.02710	0.02371	0.02710	0.01863	0.00847	0.00508	0.00169	0.00339	0.00678	0.78489	0.00678
27	0.01716	0.01961	0.04289	0.03064	0.03799	0.01838	0.67279	0.02328	0.01716	0.02328	0.01471	0.01961	0.01103	0.00613	0.00858	0.00245	0.01225	0.00858	0.00368	0.00980
28	0.79588	0.01406	0.01068	0.00956	0.01406	0.01631	0.00787	0.02137	0.01237	0.03261	0.01012	0.01181	0.00787	0.00675	0.00450	0.00225	0.00562	0.00394	0.00450	0.00787
29	0.00867	0.00737	0.00747	0.00744	0.00986	0.00617	0.00558	0.01058	0.01674	0.02005	0.10090	0.06927	0.66872	0.01825	0.00859	0.00245	0.00367	0.01524	0.00681	0.00617
30	0.00935	0.00739	0.00842	0.00816	0.01028	0.00646	0.00612	0.01190	0.01836	0.02389	0.35169	0.06295	0.41554	0.01682	0.00858	0.00238	0.00357	0.01436	0.00731	0.00646
31	0.01038	0.00779	0.01168	0.01168	0.01298	0.00909	0.00909	0.01298	0.01168	0.01687	0.01947	0.02856	0.01817	0.05452	0.71573	0.01168	0.01947	0.00779	0.00389	0.00649
32	0.02763	0.02036	0.02182	0.01672	0.02254	0.02254	0.01382	0.67496	0.03418	0.04581	0.01745	0.01745	0.01236	0.00873	0.00727	0.00218	0.00800	0.00654	0.00727	0.01236
33	0.00886	0.00633	0.00843	0.01012	0.01054	0.00590	0.00675	0.01012	0.01392	0.01856	0.04006	0.73979	0.04808	0.02277	0.00928	0.00295	0.00422	0.02066	0.00675	0.00590
34	0.00997	0.00772	0.01174	0.01230	0.01347	0.00730	0.06165	0.01196	0.01462	0.01944	0.03776	0.57921	0.04410	0.02100	0.00934	0.00297	0.00525	0.11736	0.00649	0.00634
35	0.01916	0.70943	0.07522	0.01290	0.01937	0.02810	0.01324	0.02184	0.01480	0.01743	0.01027	0.01187	0.00932	0.00626	0.00479	0.00160	0.00794	0.00397	0.00311	0.00941
36	0.01761	0.01714	0.03006	0.09400	0.59573	0.01728	0.07663	0.02211	0.01645	0.02333	0.01370	0.01823	0.01134	0.00651	0.00732	0.00220	0.00902	0.00665	0.00358	0.01112
37	0.01769	0.01791	0.05819	0.06746	0.60786	0.01726	0.02183	0.02311	0.05359	0.02389	0.01450	0.01843	0.01194	0.00671	0.00720	0.00219	0.00861	0.00652	0.00377	0.01135
38	0.01733	0.02402	0.23151	0.03647	0.47325	0.04446	0.02334	0.02278	0.01635	0.02330	0.01339	0.01701	0.01074	0.00664	0.00708	0.00219	0.00944	0.00608	0.00345	0.01116
39	0.01458	0.03760	0.70688	0.02072	0.03146	0.01688	0.02686	0.02302	0.01535	0.02302	0.01304	0.01535	0.00921	0.00691	0.00691	0.00230	0.01074	0.00537	0.00307	0.01074
40	0.03261	0.01237	0.01687	0.01293	0.01856	0.01068	0.01068	0.03543	0.02081	0.70423	0.02868	0.02474	0.01799	0.00900	0.00731	0.00225	0.00619	0.00731	0.00900	0.01237
41	0.02631	0.09705	0.12232	0.01609	0.02240	0.09055	0.06527	0.03063	0.04098	0.38249	0.02148	0.02041	0.01446	0.00804	0.00699	0.00217	0.00823	0.00651	0.00647	0.01116
42	0.01515	0.03377	0.56937	0.02347	0.06648	0.01713	0.12684	0.02302	0.01569	0.02310	0.01333	0.01614	0.00961	0.00676	0.00718	0.00232	0.01087	0.00593	0.00319	0.01064
43	0.01762	0.02007	0.04018	0.05790	0.06981	0.05693	0.57901	0.02337	0.01722	0.02282	0.01439	0.01916	0.01091	0.00626	0.00835	0.00240	0.01203	0.00818	0.00366	0.00974
44	0.01049	0.00702	0.00795	0.00803	0.00804	0.00700	0.00451	0.01055	0.01072	0.01429	0.02367	0.07836	0.02739	0.71244	0.03576	0.00687	0.00692	0.01102	0.00451	0.00447
45	0.01426	0.03588	0.66849	0.02014	0.03031	0.01628	0.02575	0.02231	0.01527	0.02277	0.01453	0.05516	0.01134	0.00778	0.00704	0.00234	0.01038	0.00621	0.00327	0.01048
46	0.01213	0.01074	0.01063	0.01005	0.01303	0.03178	0.00766	0.01975	0.22174	0.02321	0.07996	0.05454	0.44672	0.01533	0.00816	0.00243	0.00460	0.01275	0.00690	0.00788
47	0.01038	0.00779	0.01168	0.01168	0.01298	0.00909	0.00909	0.01298	0.01168	0.01687	0.01947	0.02856	0.01817	0.05452	0.71573	0.01168	0.01947	0.00779	0.00389	0.00649
48	0.01446	0.01335	0.02452	0.40908	0.06511	0.01484	0.16414	0.01806	0.01425	0.01871	0.01330	0.01989	0.01061	0.01036	0.01154	0.15027	0.00959	0.00691	0.00333	0.00767
49	0.02822	0.01823	0.02035	0.01573	0.02141	0.01954	0.01296	0.48954	0.06975	0.19693	0.02076	0.01971	0.01425	0.00886	0.00729	0.00221	0.00745	0.00682	0.00768	0.01231
50	0.00886	0.00633	0.00843	0.01012	0.01054	0.00590	0.00675	0.01012	0.01392	0.01856	0.04006	0.73979	0.04808	0.02277	0.00928	0.00295	0.00422	0.02066	0.00675	0.00590
51	0.01162	0.00765	0.01007	0.00948	0.01133	0.00702	0.00710	0.01481	0.01997	0.07239	0.59096	0.11588	0.06337	0.01521	0.00856	0.00235	0.00368	0.01346	0.00795	0.00713
52	0.01507	0.01292	0.01507	0.01077	0.01723	0.00969	0.00861	0.01830	0.01507	0.02369	0.01292	0.01507	0.01077	0.00538	0.00538	0.00108	0.00538	0.00431	0.00431	0.78898
53	0.03965	0.13566	0.55792	0.02039	0.06220	0.01855	0.02402	0.02276	0.01523	0.02252	0.01257	0.01485	0.00930	0.00678	0.00653	0.00219	0.01006	0.00517	0.00315	0.01049
54	0.01476	0.06442	0.68166	0.02041	0.03098	0.01733	0.02631	0.02297	0.01533	0.02280	0.01293	0.01521	0.00921	0.00688	0.00682	0.00227	0.01063	0.00532	0.00307	0.01069
55	0.01056	0.00707	0.00802	0.00799	0.00807	0.00704	0.00452	0.01072	0.01106	0.01483	0.05566	0.04790	0.02848	0.70899	0.03561	0.00682	0.00687	0.01070	0.00458	0.00452
56	0.01569	0.01328	0.01540	0.01106	0.01749	0.01032	0.00887	0.05029	0.01600	0.02476	0.01314	0.01519	0.01084	0.00555	0.00548	0.00113	0.00551	0.00442	0.00445	0.75114
57	0.01701	0.02061	0.07975	0.03009	0.03763	0.01830	0.63694	0.02327	0.01706	0.02327	0.01461	0.01937	0.01093	0.00617	0.00849	0.00244	0.01217	0.00840	0.00364	0.00986
58	0.01460	0.01381	0.02337	0.58795	0.18239	0.01638	0.02062	0.01933	0.01495	0.01963	0.01307	0.01910	0.01006	0.00711	0.00725	0.00237	0.00947	0.00646	0.00331	0.00878
