[name]
unknown

[dist]
# distance from previous block
# <min> <max>
0	32

[block]
# block no. 0 follows, 28 sequences, length 16
# corresponding to MSA columns:
# 32-47
name=unknown_A
#
# <colnr> <probs for GDERKNQSTAVLIFYWHMCP>
#	G	D	E	R	K	N	Q	S	T	A	V	L	I	F	Y	W	H	M	C	P
0	0.01554	0.01114	0.01433	0.01573	0.01769	0.01058	0.01308	0.01765	0.01882	0.02496	0.04060	0.08303	0.04344	0.02175	0.01139	0.00395	0.00789	0.61198	0.00779	0.00866
1	0.01863	0.63144	0.14854	0.01381	0.02077	0.02680	0.01482	0.02197	0.01487	0.01808	0.01059	0.01227	0.00931	0.00633	0.00503	0.00168	0.00826	0.00413	0.00310	0.00956
2	0.01180	0.00888	0.00944	0.00889	0.01178	0.00815	0.00680	0.01635	0.10856	0.07368	0.09471	0.05989	0.52172	0.01635	0.00833	0.00243	0.00414	0.01365	0.00707	0.00738
3	0.03261	0.01237	0.01687	0.01293	0.01856	0.01068	0.01068	0.03543	0.02081	0.70423	0.02868	0.02474	0.01799	0.00900	0.00731	0.00225	0.00619	0.00731	0.00900	0.01237
4	0.00883	0.00643	0.00832	0.00984	0.01047	0.00593	0.00662	0.01015	0.01419	0.01867	0.04351	0.67113	0.11452	0.02233	0.00921	0.00290	0.00416	0.02012	0.00675	0.00593
5	0.01057	0.00705	0.00793	0.00793	0.00793	0.00705	0.00440	0.01057	0.01057	0.01409	0.02290	0.04757	0.02643	0.74454	0.03700	0.00705	0.00705	0.01057	0.00440	0.00440
6	0.02655	0.01952	0.02093	0.01617	0.02161	0.02156	0.01322	0.63280	0.03268	0.04380	0.01780	0.01936	0.01325	0.05542	0.00916	0.00249	0.00794	0.00680	0.00709	0.01186
7	0.01507	0.01292	0.01507	0.01077	0.01723	0.00969	0.00861	0.01830	0.01507	0.02369	0.01292	0.01507	0.01077	0.00538	0.00538	0.00108	0.00538	0.00431	0.00431	0.78898
8	0.02806	0.01967	0.02139	0.01640	0.02220	0.02152	0.01355	0.61978	0.03302	0.10262	0.01842	0.01808	0.01285	0.00875	0.00727	0.00219	0.00784	0.00661	0.00742	0.01236
9	0.02763	0.02036	0.02182	0.01672	0.02254	0.02254	0.01382	0.67496	0.03418	0.04581	0.01745	0.01745	0.01236	0.00873	0.00727	0.00218	0.00800	0.00654	0.00727	0.01236
10	0.00886	0.00633	0.00843	0.01012	0.01054	0.00590	0.00675	0.01012	0.01392	0.01856	0.04006	0.73979	0.04808	0.02277	0.00928	0.00295	0.00422	0.02066	0.00675	0.00590
11	0.01057	0.00705	0.00793	0.00793	0.00793	0.00705	0.00440	0.01057	0.01057	0.01409	0.02290	0.04757	0.02643	0.74454	0.03700	0.00705	0.00705	0.01057	0.00440	0.00440
12	0.22299	0.01274	0.01499	0.01203	0.01671	0.01258	0.00979	0.02812	0.01706	0.40501	0.02140	0.02169	0.01495	0.05348	0.00936	0.00253	0.05287	0.00641	0.00691	0.05838
13	0.20574	0.29514	0.14681	0.01412	0.02060	0.04391	0.03595	0.02411	0.01543	0.11886	0.01344	0.01451	0.01024	0.00690	0.00559	0.00199	0.00789	0.00483	0.00430	0.00965
14	0.02063	0.40317	0.11651	0.01542	0.02195	0.09974	0.04669	0.09038	0.01783	0.04587	0.01240	0.01392	0.01010	0.00675	0.00575	0.00179	0.00878	0.00481	0.00391	0.05362
15	0.10956	0.46654	0.09520	0.01346	0.01978	0.02454	0.01334	0.09455	0.04007	0.04642	0.01250	0.01364	0.01022	0.00684	0.00533	0.00183	0.00771	0.00459	0.00407	0.00981

[dist]
# distance from previous block
# <min> <max>
5	16

[block]
# block no. 1 follows, 28 sequences, length 101
# corresponding to MSA columns:
# 64-164
name=unknown_B
#
# <colnr> <probs for GDERKNQSTAVLIFYWHMCP>
#	G	D	E	R	K	N	Q	S	T	A	V	L	I	F	Y	W	H	M	C	P
0	0.04168	0.13042	0.52297	0.01879	0.02802	0.04760	0.02281	0.02402	0.05718	0.02279	0.01351	0.01538	0.01000	0.00702	0.00654	0.00219	0.00996	0.00527	0.00342	0.01041
1	0.02150	0.01852	0.06005	0.01510	0.01988	0.09040	0.01253	0.10320	0.36302	0.13104	0.04392	0.02571	0.04315	0.00960	0.00732	0.00232	0.00702	0.00773	0.00696	0.01105
2	0.01670	0.03838	0.02624	0.10177	0.02739	0.01722	0.22436	0.08401	0.05858	0.02421	0.01717	0.06935	0.01464	0.00922	0.01034	0.00243	0.13333	0.00808	0.07589	0.04069
3	0.01737	0.07539	0.14333	0.02675	0.03407	0.05354	0.46675	0.02319	0.01664	0.02230	0.01374	0.01791	0.01048	0.00658	0.00855	0.00236	0.04030	0.00746	0.00353	0.00977
4	0.06391	0.04686	0.02293	0.01862	0.04947	0.19085	0.05485	0.37610	0.04933	0.03460	0.01542	0.01641	0.01152	0.00803	0.00696	0.00211	0.00934	0.00605	0.00577	0.01086
5	0.01151	0.00913	0.01057	0.01045	0.01133	0.05219	0.00732	0.01291	0.01174	0.01570	0.02048	0.03604	0.02129	0.35810	0.37004	0.00901	0.01356	0.00883	0.00411	0.00568
6	0.01147	0.00998	0.06546	0.01027	0.01280	0.00777	0.00860	0.01517	0.01985	0.05554	0.58240	0.08302	0.06082	0.01437	0.00842	0.00232	0.00416	0.01265	0.00759	0.00735
7	0.01481	0.07187	0.67465	0.02032	0.03084	0.01745	0.02616	0.02296	0.01532	0.02274	0.01290	0.01517	0.00921	0.00687	0.00680	0.00227	0.01060	0.00530	0.00307	0.01067
8	0.01373	0.01292	0.02180	0.72707	0.05006	0.01615	0.02019	0.01857	0.01453	0.01857	0.01292	0.01938	0.00969	0.00727	0.00727	0.00242	0.00969	0.00646	0.00323	0.00807
9	0.01908	0.01961	0.02342	0.21648	0.26219	0.16652	0.01805	0.05137	0.07258	0.02256	0.01438	0.01790	0.01144	0.00722	0.00701	0.00214	0.00945	0.00613	0.00403	0.04844
10	0.01590	0.01590	0.02226	0.01908	0.01908	0.02226	0.01590	0.01749	0.01113	0.01749	0.00954	0.01590	0.00954	0.01272	0.02385	0.00318	0.73123	0.00636	0.00318	0.00795
11	0.01766	0.04453	0.06846	0.05758	0.06116	0.04129	0.53134	0.04298	0.01750	0.02340	0.01434	0.01882	0.01085	0.00635	0.00817	0.00238	0.01170	0.00793	0.00372	0.00985
12	0.01057	0.00705	0.00793	0.00793	0.00793	0.00705	0.00440	0.01057	0.01057	0.01409	0.02290	0.04757	0.02643	0.74454	0.03700	0.00705	0.00705	0.01057	0.00440	0.00440
13	0.01551	0.01318	0.01531	0.01098	0.01741	0.01014	0.00880	0.04131	0.01574	0.02446	0.01308	0.01516	0.01082	0.00550	0.00545	0.00112	0.00547	0.00439	0.00441	0.76177
14	0.70415	0.01682	0.09243	0.01087	0.01610	0.01637	0.01010	0.02156	0.01272	0.03149	0.01046	0.01222	0.00803	0.00677	0.00478	0.00226	0.00622	0.00410	0.00433	0.00821
15	0.01161	0.00866	0.01131	0.01250	0.01445	0.00862	0.01070	0.01580	0.05896	0.02196	0.04361	0.07658	0.14650	0.01916	0.00964	0.00315	0.00615	0.50699	0.00675	0.00691
16	0.01478	0.06646	0.67974	0.02038	0.03094	0.01736	0.02627	0.02297	0.01532	0.02278	0.01293	0.01520	0.00921	0.00688	0.00682	0.00227	0.01062	0.00531	0.00307	0.01069
17	0.00886	0.00633	0.00843	0.01012	0.01054	0.00590	0.00675	0.01012	0.01392	0.01856	0.04006	0.73979	0.04808	0.02277	0.00928	0.00295	0.00422	0.02066	0.00675	0.00590
18	0.01074	0.00882	0.01309	0.01228	0.01383	0.00882	0.06813	0.01313	0.01595	0.02179	0.21617	0.32494	0.09393	0.04875	0.01141	0.00290	0.06594	0.03630	0.00641	0.00667
19	0.00877	0.00737	0.00761	0.00755	0.00993	0.00621	0.00566	0.01078	0.01699	0.02063	0.13868	0.06832	0.63058	0.01804	0.00859	0.00244	0.00366	0.01511	0.00688	0.00621
20	0.01428	0.01400	0.02521	0.61466	0.04812	0.01651	0.12552	0.01933	0.01496	0.01933	0.01321	0.01942	0.00991	0.00708	0.00748	0.00243	0.01010	0.00680	0.00330	0.00835
21	0.01458	0.03760	0.70688	0.02072	0.03146	0.01688	0.02686	0.02302	0.01535	0.02302	0.01304	0.01535	0.00921	0.00691	0.00691	0.00230	0.01074	0.00537	0.00307	0.01074
22	0.01057	0.00705	0.00793	0.00793	0.00793	0.00705	0.00440	0.01057	0.01057	0.01409	0.02290	0.04757	0.02643	0.74454	0.03700	0.00705	0.00705	0.01057	0.00440	0.00440
23	0.16193	0.01868	0.01941	0.01521	0.02072	0.02069	0.01253	0.50389	0.05537	0.07548	0.01720	0.01721	0.01224	0.00844	0.00679	0.00221	0.00740	0.00619	0.00688	0.01154
24	0.01057	0.00705	0.00793	0.00793	0.00793	0.00705	0.00440	0.01057	0.01057	0.01409	0.02290	0.04757	0.02643	0.74454	0.03700	0.00705	0.00705	0.01057	0.00440	0.00440
25	0.01590	0.01590	0.02226	0.01908	0.01908	0.02226	0.01590	0.01749	0.01113	0.01749	0.00954	0.01590	0.00954	0.01272	0.02385	0.00318	0.73123	0.00636	0.00318	0.00795
26	0.01705	0.02032	0.06926	0.03024	0.03773	0.01832	0.64714	0.02327	0.01708	0.02327	0.01464	0.01944	0.01096	0.00616	0.00851	0.00245	0.01219	0.00845	0.00365	0.00984
27	0.00917	0.00655	0.00880	0.01048	0.01104	0.00618	0.00729	0.01066	0.01423	0.01891	0.03989	0.66742	0.04739	0.02248	0.00936	0.00300	0.00449	0.08994	0.00674	0.00599
28	0.02715	0.03464	0.02060	0.01873	0.02247	0.71536	0.01404	0.02903	0.02060	0.01779	0.01124	0.01311	0.00936	0.00749	0.00655	0.00187	0.01311	0.00468	0.00375	0.00843
29	0.03261	0.01237	0.01687	0.01293	0.01856	0.01068	0.01068	0.03543	0.02081	0.70423	0.02868	0.02474	0.01799	0.00900	0.00731	0.00225	0.00619	0.00731	0.00900	0.01237
30	0.02715	0.03464	0.02060	0.01873	0.02247	0.71536	0.01404	0.02903	0.02060	0.01779	0.01124	0.01311	0.00936	0.00749	0.00655	0.00187	0.01311	0.00468	0.00375	0.00843
31	0.00894	0.00636	0.00841	0.01001	0.01041	0.00596	0.00663	0.01014	0.01375	0.01834	0.03921	0.70554	0.04701	0.05849	0.01065	0.00315	0.00436	0.02017	0.00663	0.00583
32	0.00886	0.00633	0.00843	0.01012	0.01054	0.00590	0.00675	0.01012	0.01392	0.01856	0.04006	0.73979	0.04808	0.02277	0.00928	0.00295	0.00422	0.02066	0.00675	0.00590
33	0.01263	0.00631	0.00947	0.00947	0.00947	0.00631	0.00631	0.00947	0.00947	0.01263	0.01263	0.02210	0.01263	0.02525	0.02841	0.78851	0.00631	0.00631	0.00316	0.00316
34	0.01507	0.01292	0.01507	0.01077	0.01723	0.00969	0.00861	0.01830	0.01507	0.02369	0.01292	0.01507	0.01077	0.00538	0.00538	0.00108	0.00538	0.00431	0.00431	0.78898
35	0.79588	0.01406	0.01068	0.00956	0.01406	0.01631	0.00787	0.02137	0.01237	0.03261	0.01012	0.01181	0.00787	0.00675	0.00450	0.00225	0.00562	0.00394	0.00450	0.00787
36	0.01952	0.01590	0.01693	0.01488	0.01921	0.01816	0.01167	0.09421	0.60129	0.05981	0.02849	0.02617	0.02115	0.00973	0.00738	0.00243	0.00597	0.00803	0.00745	0.01162
37	0.01057	0.00705	0.00793	0.00793	0.00793	0.00705	0.00440	0.01057	0.01057	0.01409	0.02290	0.04757	0.02643	0.74454	0.03700	0.00705	0.00705	0.01057	0.00440	0.00440
38	0.03176	0.01373	0.01771	0.01358	0.01924	0.01271	0.01122	0.14448	0.02309	0.59196	0.02676	0.02350	0.01703	0.00895	0.00730	0.00224	0.00649	0.00718	0.00870	0.01237
39	0.01050	0.00706	0.00791	0.00791	0.00800	0.00701	0.00445	0.01057	0.01079	0.01430	0.02479	0.04840	0.05132	0.71756	0.03594	0.00688	0.00692	0.01075	0.00449	0.00447
40	0.03224	0.01297	0.01724	0.01322	0.01886	0.01158	0.01092	0.08366	0.02181	0.65457	0.02783	0.02419	0.01757	0.00898	0.00731	0.00224	0.00632	0.00725	0.00887	0.01237
41	0.01553	0.16133	0.56304	0.01967	0.02948	0.01902	0.05042	0.02281	0.01532	0.02200	0.01260	0.01487	0.00930	0.00675	0.00658	0.00218	0.01028	0.00524	0.00310	0.01046
42	0.01254	0.00634	0.00940	0.00940	0.00940	0.00634	0.00623	0.00952	0.00952	0.01269	0.01307	0.02319	0.01322	0.05606	0.02878	0.75504	0.00634	0.00650	0.00321	0.00321
43	0.00897	0.00645	0.00853	0.01015	0.01070	0.00602	0.00691	0.01034	0.01413	0.01873	0.04125	0.68744	0.07198	0.02250	0.00928	0.00295	0.00430	0.04668	0.00675	0.00595
44	0.01380	0.00820	0.01079	0.00996	0.01224	0.00746	0.00765	0.01691	0.01981	0.13664	0.48535	0.09729	0.08415	0.01485	0.00849	0.00238	0.00410	0.04432	0.00796	0.00765
45	0.01648	0.02000	0.08671	0.06359	0.03704	0.01767	0.56907	0.02251	0.01677	0.02284	0.01551	0.04790	0.01231	0.00690	0.00842	0.00246	0.01170	0.00873	0.00373	0.00963
46	0.01716	0.01800	0.02208	0.01904	0.01946	0.09987	0.01570	0.01878	0.01219	0.01753	0.00973	0.01559	0.00952	0.01214	0.02192	0.00303	0.65082	0.00617	0.00324	0.00800
47	0.01562	0.01441	0.02201	0.42503	0.09288	0.01696	0.04075	0.04635	0.12370	0.02225	0.01568	0.02002	0.01204	0.00790	0.00833	0.00238	0.05609	0.00671	0.00415	0.04674
48	0.02288	0.01901	0.05434	0.01640	0.02128	0.02018	0.01393	0.43399	0.05368	0.03665	0.01707	0.04115	0.01343	0.01090	0.03149	0.00258	0.11227	0.00687	0.00615	0.06576
49	0.01303	0.03198	0.01234	0.04084	0.01317	0.00890	0.02772	0.03635	0.01229	0.01687	0.01862	0.14612	0.01929	0.04638	0.02051	0.43151	0.02821	0.00898	0.06186	0.00504
50	0.00916	0.00750	0.00799	0.00822	0.01028	0.00661	0.00604	0.01144	0.03619	0.01956	0.06341	0.15424	0.52434	0.06402	0.01047	0.00284	0.00414	0.04073	0.00662	0.00618
51	0.01549	0.05591	0.47197	0.12173	0.05479	0.01757	0.09107	0.04666	0.01614	0.02308	0.01328	0.01639	0.00966	0.00691	0.00707	0.00230	0.01048	0.00588	0.00333	0.01030
52	0.58863	0.01511	0.01359	0.13678	0.02117	0.05022	0.01059	0.04876	0.01407	0.02998	0.01098	0.01344	0.00845	0.00696	0.00520	0.00226	0.00680	0.00453	0.00436	0.00812
53	0.01472	0.01380	0.02321	0.61935	0.10149	0.01656	0.04414	0.04352	0.01553	0.02018	0.01322	0.01920	0.00999	0.00722	0.00731	0.00239	0.00964	0.00654	0.00343	0.00858
54	0.01415	0.01350	0.02189	0.58934	0.04404	0.01734	0.01935	0.01836	0.01387	0.01836	0.01226	0.01870	0.00966	0.00833	0.01049	0.00257	0.15005	0.00644	0.00322	0.00805
55	0.01297	0.00768	0.00807	0.00771	0.00994	0.00725	0.00586	0.03704	0.01689	0.05283	0.08714	0.04225	0.23752	0.01211	0.00661	0.00202	0.00375	0.00997	0.42540	0.00699
56	0.00881	0.00704	0.00780	0.00829	0.01002	0.00613	0.00591	0.01048	0.01573	0.01952	0.08767	0.27168	0.45153	0.04348	0.00973	0.00275	0.00394	0.01671	0.00672	0.00604
57	0.01458	0.03760	0.70688	0.02072	0.03146	0.01688	0.02686	0.02302	0.01535	0.02302	0.01304	0.01535	0.00921	0.00691	0.00691	0.00230	0.01074	0.00537	0.00307	0.01074
58	0.00892	0.00659	0.00838	0.00977	0.01060	0.00604	0.00673	0.01037	0.01449	0.01887	0.04588	0.59646	0.16124	0.02190	0.00919	0.00288	0.00422	0.04474	0.00675	0.00598
59	0.79588	0.01406	0.01068	0.00956	0.01406	0.01631	0.00787	0.02137	0.01237	0.03261	0.01012	0.01181	0.00787	0.00675	0.00450	0.00225	0.00562	0.00394	0.00450	0.00787
60	0.02763	0.02036	0.02182	0.01672	0.02254	0.02254	0.01382	0.67496	0.03418	0.04581	0.01745	0.01745	0.01236	0.00873	0.00727	0.00218	0.00800	0.00654	0.00727	0.01236
61	0.79588	0.01406	0.01068	0.00956	0.01406	0.01631	0.00787	0.02137	0.01237	0.03261	0.01012	0.01181	0.00787	0.00675	0.00450	0.00225	0.00562	0.00394	0.00450	0.00787
62	0.01808	0.01561	0.01644	0.01479	0.01890	0.01808	0.01151	0.03863	0.68606	0.03041	0.02959	0.02712	0.02219	0.00986	0.00740	0.00247	0.00575	0.00822	0.00740	0.01151
63	0.79588	0.01406	0.01068	0.00956	0.01406	0.01631	0.00787	0.02137	0.01237	0.03261	0.01012	0.01181	0.00787	0.00675	0.00450	0.00225	0.00562	0.00394	0.00450	0.00787
64	0.06225	0.01312	0.01705	0.01312	0.01872	0.01191	0.01084	0.08922	0.02161	0.62183	0.02699	0.02361	0.01712	0.00889	0.00720	0.00224	0.00632	0.00711	0.00867	0.01219
65	0.00886	0.00633	0.00843	0.01012	0.01054	0.00590	0.00675	0.01012	0.01392	0.01856	0.04006	0.73979	0.04808	0.02277	0.00928	0.00295	0.00422	0.02066	0.00675	0.00590
66	0.03261	0.01237	0.01687	0.01293	0.01856	0.01068	0.01068	0.03543	0.02081	0.70423	0.02868	0.02474	0.01799	0.00900	0.00731	0.00225	0.00619	0.00731	0.00900	0.01237
67	0.00859	0.00736	0.00736	0.00736	0.00982	0.00614	0.00552	0.01043	0.01657	0.01964	0.07364	0.06996	0.69624	0.01841	0.00859	0.00245	0.00368	0.01534	0.00675	0.00614
68	0.01056	0.00708	0.00809	0.00809	0.00814	0.00713	0.00461	0.01067	0.01062	0.01421	0.02276	0.04675	0.02607	0.71498	0.06607	0.00725	0.00758	0.01045	0.00438	0.00449
69	0.00886	0.00633	0.00843	0.01012	0.01054	0.00590	0.00675	0.01012	0.01392	0.01856	0.04006	0.73979	0.04808	0.02277	0.00928	0.00295	0.00422	0.02066	0.00675	0.00590
70	0.01809	0.01469	0.02361	0.36156	0.20368	0.01623	0.04510	0.08550	0.01748	0.08912	0.01514	0.01948	0.01138	0.00804	0.00814	0.03327	0.00889	0.00664	0.00429	0.00965
71	0.01769	0.01697	0.02896	0.09255	0.65361	0.01719	0.02216	0.02205	0.01641	0.02338	0.01362	0.01809	0.01139	0.00653	0.00720	0.00218	0.00871	0.00648	0.00357	0.01127
72	0.02196	0.02027	0.13885	0.01596	0.02159	0.01775	0.01458	0.40070	0.02630	0.06913	0.02161	0.15710	0.01899	0.01114	0.00760	0.00235	0.00766	0.00911	0.00652	0.01083
73	0.01079	0.00712	0.00866	0.00886	0.00928	0.00727	0.00572	0.01154	0.01156	0.01609	0.02398	0.09072	0.02632	0.47672	0.12738	0.03937	0.00830	0.04205	0.06322	0.00504
74	0.02253	0.07545	0.05025	0.02146	0.02681	0.34386	0.22189	0.07534	0.01976	0.02218	0.01332	0.01607	0.01051	0.00709	0.00707	0.00206	0.01160	0.00611	0.03739	0.00923
75	0.00890	0.00646	0.00840	0.00986	0.01050	0.00596	0.00665	0.01030	0.01441	0.01909	0.07037	0.65667	0.10145	0.02209	0.00919	0.00288	0.00414	0.01992	0.00680	0.00596
76	0.01943	0.74891	0.03809	0.01244	0.01866	0.02876	0.01244	0.02177	0.01477	0.01710	0.01011	0.01166	0.00933	0.00622	0.00466	0.00155	0.00777	0.00389	0.00311	0.00933
77	0.00859	0.00736	0.00736	0.00736	0.00982	0.00614	0.00552	0.01043	0.01657	0.01964	0.07364	0.06996	0.69624	0.01841	0.00859	0.00245	0.00368	0.01534	0.00675	0.00614
78	0.01808	0.01561	0.01644	0.01479	0.01890	0.01808	0.01151	0.03863	0.68606	0.03041	0.02959	0.02712	0.02219	0.00986	0.00740	0.00247	0.00575	0.00822	0.00740	0.01151
79	0.01808	0.01561	0.01644	0.01479	0.01890	0.01808	0.01151	0.03863	0.68606	0.03041	0.02959	0.02712	0.02219	0.00986	0.00740	0.00247	0.00575	0.00822	0.00740	0.01151
80	0.02763	0.02036	0.02182	0.01672	0.02254	0.02254	0.01382	0.67496	0.03418	0.04581	0.01745	0.01745	0.01236	0.00873	0.00727	0.00218	0.00800	0.00654	0.00727	0.01236
81	0.01943	0.74891	0.03809	0.01244	0.01866	0.02876	0.01244	0.02177	0.01477	0.01710	0.01011	0.01166	0.00933	0.00622	0.00466	0.00155	0.00777	0.00389	0.00311	0.00933
82	0.01038	0.00779	0.01168	0.01168	0.01298	0.00909	0.00909	0.01298	0.01168	0.01687	0.01947	0.02856	0.01817	0.05452	0.71573	0.01168	0.01947	0.00779	0.00389	0.00649
83	0.02227	0.50364	0.03197	0.01438	0.01982	0.23854	0.01287	0.02448	0.01677	0.04190	0.01112	0.01257	0.00965	0.00671	0.00534	0.00168	0.00935	0.00425	0.00352	0.00916
84	0.01943	0.74891	0.03809	0.01244	0.01866	0.02876	0.01244	0.02177	0.01477	0.01710	0.01011	0.01166	0.00933	0.00622	0.00466	0.00155	0.00777	0.00389	0.00311	0.00933
85	0.01688	0.01973	0.08860	0.02411	0.03094	0.04431	0.41304	0.04753	0.01745	0.02398	0.03585	0.04845	0.01407	0.00717	0.00782	0.00220	0.01030	0.00802	0.00413	0.13544
86	0.01551	0.17378	0.57884	0.01913	0.02901	0.01916	0.02410	0.02278	0.01524	0.02189	0.01248	0.01464	0.00923	0.00677	0.00648	0.00216	0.01017	0.00509	0.00308	0.01047
87	0.00859	0.00736	0.00736	0.00736	0.00982	0.00614	0.00552	0.01043	0.01657	0.01964	0.07364	0.06996	0.69624	0.01841	0.00859	0.00245	0.00368	0.01534	0.00675	0.00614
88	0.01461	0.03575	0.65150	0.02095	0.03122	0.01667	0.05747	0.02277	0.01548	0.02299	0.01398	0.01779	0.01039	0.00731	0.00709	0.00234	0.01068	0.02722	0.00322	0.01056
89	0.01657	0.25476	0.47487	0.01811	0.02719	0.04872	0.02194	0.02288	0.01538	0.02100	0.01207	0.01413	0.00925	0.00672	0.00621	0.00206	0.00993	0.00489	0.00311	0.01022
90	0.02715	0.03464	0.02060	0.01873	0.02247	0.71536	0.01404	0.02903	0.02060	0.01779	0.01124	0.01311	0.00936	0.00749	0.00655	0.00187	0.01311	0.00468	0.00375	0.00843
91	0.00866	0.00737	0.00746	0.00744	0.00986	0.00617	0.00558	0.01057	0.01674	0.02004	0.10027	0.06929	0.66936	0.01826	0.00859	0.00245	0.00367	0.01525	0.00680	0.00617
92	0.03005	0.01204	0.01620	0.01266	0.01787	0.01061	0.01037	0.03357	0.04527	0.61799	0.08938	0.02752	0.02275	0.00956	0.00743	0.00226	0.00592	0.00787	0.00885	0.01184
93	0.01449	0.01383	0.01956	0.01719	0.01752	0.01890	0.01416	0.01634	0.01127	0.01734	0.01208	0.01914	0.01175	0.02340	0.20059	0.00535	0.54942	0.00673	0.00336	0.00758
94	0.02715	0.03464	0.02060	0.01873	0.02247	0.71536	0.01404	0.02903	0.02060	0.01779	0.01124	0.01311	0.00936	0.00749	0.00655	0.00187	0.01311	0.00468	0.00375	0.00843
95	0.01355	0.00678	0.00678	0.00678	0.00847	0.00678	0.00508	0.01694	0.01524	0.02710	0.02371	0.02710	0.01863	0.00847	0.00508	0.00169	0.00339	0.00678	0.78489	0.00678
96	0.01573	0.01479	0.02337	0.29150	0.11542	0.04282	0.12718	0.04238	0.04977	0.04243	0.02371	0.06060	0.09999	0.00938	0.00772	0.00239	0.00875	0.00868	0.00450	0.00889
97	0.02417	0.01055	0.01389	0.01127	0.01558	0.00917	0.00908	0.02697	0.02010	0.45546	0.17683	0.03799	0.13351	0.01169	0.00778	0.00229	0.00521	0.00979	0.00844	0.01024
98	0.02715	0.03464	0.02060	0.01873	0.02247	0.71536	0.01404	0.02903	0.02060	0.01779	0.01124	0.01311	0.00936	0.00749	0.00655	0.00187	0.01311	0.00468	0.00375	0.00843
99	0.54617	0.04263	0.08629	0.01603	0.10991	0.05060	0.01225	0.02205	0.01372	0.02918	0.01096	0.01307	0.00863	0.00674	0.00522	0.00220	0.00699	0.00446	0.00415	0.00874
100	0.00909	0.00731	0.00811	0.00806	0.01016	0.00633	0.00599	0.01134	0.01752	0.02227	0.24813	0.11201	0.47273	0.01770	0.00863	0.00244	0.00365	0.01509	0.00711	0.00633

[dist]
# distance from previous block
# <min> <max>
0	1

[block]
# block no. 2 follows, 28 sequences, length 54
# corresponding to MSA columns:
# 166-219
name=unknown_C
#
# <colnr> <probs for GDERKNQSTAVLIFYWHMCP>
#	G	D	E	R	K	N	Q	S	T	A	V	L	I	F	Y	W	H	M	C	P
0	0.01559	0.01323	0.01535	0.01101	0.01745	0.01022	0.00883	0.04530	0.01586	0.02460	0.01311	0.01517	0.01083	0.00552	0.00546	0.00112	0.00549	0.00440	0.00443	0.75705
1	0.02099	0.01087	0.01376	0.01145	0.01520	0.01014	0.00909	0.10025	0.02171	0.29706	0.27942	0.06755	0.08645	0.01240	0.00795	0.00230	0.00511	0.01052	0.00817	0.00960
2	0.00883	0.00642	0.00834	0.00988	0.01048	0.00592	0.00664	0.01015	0.01415	0.01865	0.04299	0.68142	0.10456	0.02239	0.00922	0.00291	0.00417	0.02020	0.00675	0.00592
3	0.01507	0.01292	0.01507	0.01077	0.01723	0.00969	0.00861	0.01830	0.01507	0.02369	0.01292	0.01507	0.01077	0.00538	0.00538	0.00108	0.00538	0.00431	0.00431	0.78898
4	0.01590	0.01590	0.02226	0.01908	0.01908	0.02226	0.01590	0.01749	0.01113	0.01749	0.00954	0.01590	0.00954	0.01272	0.02385	0.00318	0.73123	0.00636	0.00318	0.00795
5	0.00893	0.00743	0.00783	0.00789	0.01023	0.00634	0.00602	0.01099	0.01691	0.02055	0.12238	0.06943	0.60374	0.01822	0.00868	0.00250	0.00385	0.05501	0.00685	0.00623
6	0.01704	0.01630	0.02779	0.19692	0.55433	0.01702	0.02184	0.02147	0.01610	0.02259	0.01350	0.01830	0.01111	0.00665	0.00721	0.00222	0.00887	0.00647	0.00352	0.01075
7	0.01590	0.01590	0.02226	0.01908	0.01908	0.02226	0.01590	0.01749	0.01113	0.01749	0.00954	0.01590	0.00954	0.01272	0.02385	0.00318	0.73123	0.00636	0.00318	0.00795
8	0.02343	0.01827	0.01945	0.01588	0.02094	0.02058	0.01280	0.39511	0.32086	0.03904	0.02279	0.02170	0.01668	0.00923	0.00733	0.00231	0.00701	0.00728	0.00733	0.01199
9	0.01263	0.00631	0.00947	0.00947	0.00947	0.00631	0.00631	0.00947	0.00947	0.01263	0.01263	0.02210	0.01263	0.02525	0.02841	0.78851	0.00631	0.00631	0.00316	0.00316
10	0.79588	0.01406	0.01068	0.00956	0.01406	0.01631	0.00787	0.02137	0.01237	0.03261	0.01012	0.01181	0.00787	0.00675	0.00450	0.00225	0.00562	0.00394	0.00450	0.00787
11	0.01889	0.66850	0.11370	0.01337	0.02010	0.02742	0.01407	0.02191	0.01484	0.01777	0.01044	0.01208	0.00931	0.00630	0.00492	0.00164	0.00811	0.00405	0.00310	0.00949
12	0.04712	0.01834	0.11776	0.01687	0.07866	0.06890	0.01367	0.02759	0.18197	0.14733	0.13023	0.02613	0.02385	0.00919	0.00718	0.00220	0.00698	0.00759	0.00622	0.06221
13	0.01057	0.00705	0.00793	0.00793	0.00793	0.00705	0.00440	0.01057	0.01057	0.01409	0.02290	0.04757	0.02643	0.74454	0.03700	0.00705	0.00705	0.01057	0.00440	0.00440
14	0.01586	0.01339	0.01550	0.01114	0.01756	0.01050	0.00894	0.05951	0.01627	0.02507	0.01320	0.01522	0.01087	0.00559	0.00550	0.00115	0.00555	0.00445	0.00449	0.74024
15	0.01572	0.01357	0.01268	0.01144	0.01459	0.09750	0.00880	0.10034	0.11053	0.04728	0.14302	0.06507	0.27593	0.01365	0.00787	0.00231	0.00570	0.01124	0.03453	0.00824
16	0.06800	0.01473	0.01739	0.01350	0.01892	0.01447	0.01105	0.22584	0.04450	0.33420	0.06450	0.02276	0.01830	0.00881	0.00703	0.00212	0.00644	0.00698	0.00763	0.09282
17	0.01836	0.39812	0.18700	0.01618	0.04907	0.09403	0.01594	0.02219	0.01565	0.01966	0.03317	0.01512	0.01169	0.00713	0.00631	0.00187	0.03485	0.00493	0.03932	0.00941
18	0.01507	0.01292	0.01507	0.01077	0.01723	0.00969	0.00861	0.01830	0.01507	0.02369	0.01292	0.01507	0.01077	0.00538	0.00538	0.00108	0.00538	0.00431	0.00431	0.78898
19	0.01915	0.58799	0.08007	0.01561	0.06239	0.05494	0.01426	0.02195	0.01496	0.01796	0.01054	0.01259	0.00947	0.00668	0.00607	0.00174	0.04671	0.00431	0.00317	0.00945
20	0.01263	0.00631	0.00947	0.00947	0.00947	0.00631	0.00631	0.00947	0.00947	0.01263	0.01263	0.02210	0.01263	0.02525	0.02841	0.78851	0.00631	0.00631	0.00316	0.00316
21	0.01926	0.72309	0.06236	0.01274	0.01912	0.02833	0.01296	0.02181	0.01479	0.01732	0.01021	0.01179	0.00932	0.00624	0.00475	0.00158	0.00788	0.00394	0.00311	0.00938
22	0.00886	0.00633	0.00843	0.01012	0.01054	0.00590	0.00675	0.01012	0.01392	0.01856	0.04006	0.73979	0.04808	0.02277	0.00928	0.00295	0.00422	0.02066	0.00675	0.00590
23	0.00907	0.00738	0.00803	0.00786	0.01011	0.00634	0.00590	0.01136	0.01770	0.02231	0.24852	0.06555	0.51970	0.01741	0.00859	0.00241	0.00361	0.01472	0.00710	0.00634
24	0.00860	0.00732	0.00741	0.00747	0.00985	0.00613	0.00557	0.01042	0.01646	0.01959	0.07230	0.09660	0.67046	0.01858	0.00862	0.00247	0.00370	0.01555	0.00675	0.00613
25	0.03261	0.01237	0.01687	0.01293	0.01856	0.01068	0.01068	0.03543	0.02081	0.70423	0.02868	0.02474	0.01799	0.00900	0.00731	0.00225	0.00619	0.00731	0.00900	0.01237
26	0.02763	0.02036	0.02182	0.01672	0.02254	0.02254	0.01382	0.67496	0.03418	0.04581	0.01745	0.01745	0.01236	0.00873	0.00727	0.00218	0.00800	0.00654	0.00727	0.01236
27	0.01943	0.74891	0.03809	0.01244	0.01866	0.02876	0.01244	0.02177	0.01477	0.01710	0.01011	0.01166	0.00933	0.00622	0.00466	0.00155	0.00777	0.00389	0.00311	0.00933
28	0.00859	0.00736	0.00736	0.00736	0.00982	0.00614	0.00552	0.01043	0.01657	0.01964	0.07364	0.06996	0.69624	0.01841	0.00859	0.00245	0.00368	0.01534	0.00675	0.00614
29	0.00886	0.00633	0.00843	0.01012	0.01054	0.00590	0.00675	0.01012	0.01392	0.01856	0.04006	0.73979	0.04808	0.02277	0.00928	0.00295	0.00422	0.02066	0.00675	0.00590
30	0.00886	0.00633	0.00843	0.01012	0.01054	0.00590	0.00675	0.01012	0.01392	0.01856	0.04006	0.73979	0.04808	0.02277	0.00928	0.00295	0.00422	0.02066	0.00675	0.00590
31	0.01038	0.00779	0.01168	0.01168	0.01298	0.00909	0.00909	0.01298	0.01168	0.01687	0.01947	0.02856	0.01817	0.05452	0.71573	0.01168	0.01947	0.00779	0.00389	0.00649
32	0.01029	0.00743	0.00972	0.00914	0.01086	0.00686	0.00686	0.01372	0.02058	0.02915	0.69536	0.05430	0.06859	0.01486	0.00857	0.00229	0.00343	0.01315	0.00800	0.00686
33	0.01799	0.01727	0.02950	0.04462	0.69919	0.01727	0.02231	0.02231	0.01655	0.02375	0.01367	0.01799	0.01151	0.00648	0.00720	0.00216	0.00864	0.00648	0.00360	0.01151
34	0.01716	0.01961	0.04289	0.03064	0.03799	0.01838	0.67279	0.02328	0.01716	0.02328	0.01471	0.01961	0.01103	0.00613	0.00858	0.00245	0.01225	0.00858	0.00368	0.00980
35	0.01038	0.00779	0.01168	0.01168	0.01298	0.00909	0.00909	0.01298	0.01168	0.01687	0.01947	0.02856	0.01817	0.05452	0.71573	0.01168	0.01947	0.00779	0.00389	0.00649
36	0.05010	0.02023	0.15336	0.01617	0.02309	0.04643	0.09009	0.07017	0.06550	0.06854	0.01548	0.01707	0.01170	0.00671	0.00647	0.00181	0.00785	0.00564	0.00471	0.31888
37	0.02667	0.03372	0.02107	0.02010	0.05846	0.67824	0.01448	0.02867	0.02038	0.01811	0.01137	0.01337	0.00948	0.00744	0.00659	0.00189	0.01287	0.00478	0.00374	0.00859
38	0.00886	0.00633	0.00843	0.01012	0.01054	0.00590	0.00675	0.01012	0.01392	0.01856	0.04006	0.73979	0.04808	0.02277	0.00928	0.00295	0.00422	0.02066	0.00675	0.00590
39	0.00885	0.00737	0.00772	0.00763	0.00998	0.00625	0.00572	0.01093	0.01717	0.02107	0.16731	0.06760	0.60168	0.01787	0.00859	0.00243	0.00364	0.01501	0.00694	0.00625
40	0.01781	0.01804	0.05173	0.04105	0.58396	0.01740	0.07857	0.02328	0.05217	0.02404	0.01459	0.01853	0.01197	0.00664	0.00732	0.00221	0.00887	0.00672	0.00379	0.01134
41	0.02085	0.01699	0.01800	0.01535	0.01996	0.01937	0.01218	0.22319	0.49699	0.03488	0.02607	0.02432	0.01934	0.00953	0.00736	0.00238	0.00640	0.00773	0.00736	0.01175
42	0.00883	0.00642	0.00834	0.00988	0.01048	0.00592	0.00664	0.01015	0.01415	0.01865	0.04299	0.68142	0.10456	0.02239	0.00922	0.00291	0.00417	0.02020	0.00675	0.00592
43	0.02132	0.01471	0.01593	0.01324	0.01728	0.01596	0.01056	0.34556	0.10193	0.06346	0.02326	0.09955	0.01910	0.01033	0.00698	0.00218	0.00615	0.00836	0.19391	0.01022
44	0.01053	0.00714	0.00840	0.00834	0.00861	0.00719	0.00501	0.01106	0.01159	0.01572	0.08514	0.04667	0.02968	0.62134	0.08882	0.00698	0.00771	0.01059	0.00470	0.00480
45	0.00886	0.00633	0.00843	0.01012	0.01054	0.00590	0.00675	0.01012	0.01392	0.01856	0.04006	0.73979	0.04808	0.02277	0.00928	0.00295	0.00422	0.02066	0.00675	0.00590
46	0.00886	0.00633	0.00843	0.01012	0.01054	0.00590	0.00675	0.01012	0.01392	0.01856	0.04006	0.73979	0.04808	0.02277	0.00928	0.00295	0.00422	0.02066	0.00675	0.00590
47	0.01866	0.01872	0.02944	0.04198	0.61668	0.07105	0.05161	0.02287	0.01689	0.02327	0.01353	0.01769	0.01133	0.00654	0.00721	0.00215	0.00915	0.00644	0.00361	0.01120
48	0.02442	0.01791	0.01931	0.05140	0.04191	0.05559	0.01287	0.39006	0.09533	0.09829	0.01974	0.02067	0.01450	0.02987	0.00792	0.00231	0.00756	0.00682	0.07239	0.01113
49	0.01207	0.01032	0.01362	0.01410	0.04802	0.05442	0.01037	0.01466	0.01246	0.01730	0.01821	0.02648	0.01689	0.04725	0.60412	0.01020	0.05129	0.00746	0.00384	0.00693
50	0.01756	0.01695	0.02946	0.04210	0.62354	0.01693	0.06247	0.02191	0.01635	0.02338	0.01403	0.01862	0.01182	0.00885	0.04256	0.00265	0.00940	0.00667	0.00362	0.01116
51	0.01734	0.01440	0.01657	0.01228	0.01826	0.01271	0.00991	0.12982	0.04204	0.02739	0.01413	0.01594	0.01139	0.00643	0.00658	0.00140	0.03755	0.00491	0.00487	0.59607
52	0.05247	0.03961	0.02648	0.11902	0.40946	0.09348	0.04757	0.02399	0.07455	0.02322	0.01448	0.01804	0.01174	0.00697	0.00702	0.00219	0.00900	0.00634	0.00393	0.01046
53	0.04676	0.23922	0.06917	0.05990	0.05909	0.08155	0.01319	0.05279	0.05106	0.08723	0.11839	0.05323	0.02163	0.00906	0.00658	0.00206	0.00750	0.00715	0.00510	0.00935

[dist]
# distance from previous block
# <min> <max>
5	15

[block]
# block no. 3 follows, 28 sequences, length 50
# corresponding to MSA columns:
# 235-284
name=unknown_D
#
# <colnr> <probs for GDERKNQSTAVLIFYWHMCP>
#	G	D	E	R	K	N	Q	S	T	A	V	L	I	F	Y	W	H	M	C	P
0	0.30092	0.04460	0.14521	0.01860	0.12117	0.01718	0.01500	0.02251	0.04685	0.05835	0.04166	0.01704	0.01265	0.00808	0.00828	0.00235	0.10016	0.00564	0.00438	0.00936
1	0.10474	0.16333	0.11919	0.01709	0.04401	0.01815	0.09408	0.04756	0.10546	0.16707	0.01873	0.02044	0.01402	0.00793	0.00667	0.00220	0.00790	0.02563	0.00537	0.01043
2	0.08513	0.19662	0.02107	0.03562	0.01812	0.01722	0.04214	0.09102	0.07887	0.05767	0.02185	0.02551	0.06457	0.03693	0.11055	0.00363	0.00871	0.02346	0.05246	0.00885
3	0.01503	0.09259	0.07468	0.01267	0.01631	0.01287	0.04289	0.02129	0.12622	0.05713	0.13601	0.03728	0.02897	0.09014	0.01047	0.00280	0.00625	0.08528	0.12278	0.00833
4	0.37314	0.01685	0.09896	0.01261	0.01839	0.01459	0.04193	0.05969	0.01548	0.02937	0.05734	0.01657	0.01320	0.00706	0.00564	0.00197	0.00650	0.00519	0.00464	0.20087
5	0.01012	0.00679	0.00896	0.01018	0.01099	0.00632	0.00703	0.01163	0.01462	0.04783	0.07211	0.59650	0.06711	0.04933	0.01024	0.00305	0.00447	0.04968	0.00681	0.00621
6	0.01728	0.01283	0.01514	0.01106	0.01720	0.01005	0.00888	0.04104	0.01645	0.10623	0.01787	0.01894	0.04446	0.00655	0.00583	0.00132	0.00548	0.00527	0.00508	0.63304
7	0.01514	0.01341	0.02411	0.33777	0.06819	0.01469	0.16685	0.01900	0.01495	0.04187	0.03499	0.02128	0.01303	0.00964	0.01051	0.09653	0.03106	0.00718	0.05172	0.00807
8	0.01507	0.01292	0.01507	0.01077	0.01723	0.00969	0.00861	0.01830	0.01507	0.02369	0.01292	0.01507	0.01077	0.00538	0.00538	0.00108	0.00538	0.00431	0.00431	0.78898
9	0.02663	0.01207	0.01572	0.01267	0.01736	0.01115	0.01034	0.07896	0.05338	0.47151	0.14474	0.03224	0.02776	0.01058	0.00766	0.00231	0.00584	0.03946	0.00851	0.01109
10	0.01057	0.00705	0.00793	0.00793	0.00793	0.00705	0.00440	0.01057	0.01057	0.01409	0.02290	0.04757	0.02643	0.74454	0.03700	0.00705	0.00705	0.01057	0.00440	0.00440
11	0.00886	0.00633	0.00843	0.01012	0.01054	0.00590	0.00675	0.01012	0.01392	0.01856	0.04006	0.73979	0.04808	0.02277	0.00928	0.00295	0.00422	0.02066	0.00675	0.00590
12	0.01171	0.00837	0.01171	0.01339	0.01506	0.00837	0.01171	0.01506	0.01673	0.02175	0.03849	0.08199	0.04183	0.02008	0.01004	0.00335	0.00669	0.65027	0.00669	0.00669
13	0.02763	0.02036	0.02182	0.01672	0.02254	0.02254	0.01382	0.67496	0.03418	0.04581	0.01745	0.01745	0.01236	0.00873	0.00727	0.00218	0.00800	0.00654	0.00727	0.01236
14	0.01263	0.00631	0.00947	0.00947	0.00947	0.00631	0.00631	0.00947	0.00947	0.01263	0.01263	0.02210	0.01263	0.02525	0.02841	0.78851	0.00631	0.00631	0.00316	0.00316
15	0.01506	0.01306	0.02181	0.65522	0.07470	0.01586	0.01969	0.01976	0.01500	0.06094	0.01392	0.01965	0.01028	0.00734	0.00727	0.00240	0.00943	0.00651	0.00360	0.00848
16	0.01373	0.01292	0.02180	0.72707	0.05006	0.01615	0.02019	0.01857	0.01453	0.01857	0.01292	0.01938	0.00969	0.00727	0.00727	0.00242	0.00969	0.00646	0.00323	0.00807
17	0.01373	0.01292	0.02180	0.72707	0.05006	0.01615	0.02019	0.01857	0.01453	0.01857	0.01292	0.01938	0.00969	0.00727	0.00727	0.00242	0.00969	0.00646	0.00323	0.00807
18	0.00859	0.00736	0.00736	0.00736	0.00982	0.00614	0.00552	0.01043	0.01657	0.01964	0.07364	0.06996	0.69624	0.01841	0.00859	0.00245	0.00368	0.01534	0.00675	0.00614
19	0.79588	0.01406	0.01068	0.00956	0.01406	0.01631	0.00787	0.02137	0.01237	0.03261	0.01012	0.01181	0.00787	0.00675	0.00450	0.00225	0.00562	0.00394	0.00450	0.00787
20	0.01799	0.01727	0.02950	0.04462	0.69919	0.01727	0.02231	0.02231	0.01655	0.02375	0.01367	0.01799	0.01151	0.00648	0.00720	0.00216	0.00864	0.00648	0.00360	0.01151
21	0.01547	0.16825	0.58403	0.01920	0.02911	0.01906	0.02421	0.02279	0.01524	0.02193	0.01250	0.01467	0.00923	0.00678	0.00649	0.00216	0.01020	0.00510	0.00308	0.01048
22	0.01899	0.68414	0.09899	0.01319	0.01982	0.02768	0.01375	0.02188	0.01482	0.01764	0.01037	0.01200	0.00932	0.00628	0.00487	0.00162	0.00804	0.00402	0.00311	0.00946
23	0.01458	0.03760	0.70688	0.02072	0.03146	0.01688	0.02686	0.02302	0.01535	0.02302	0.01304	0.01535	0.00921	0.00691	0.00691	0.00230	0.01074	0.00537	0.00307	0.01074
24	0.02663	0.01899	0.02064	0.01609	0.02157	0.02082	0.01319	0.57711	0.05934	0.08433	0.01974	0.05329	0.01484	0.00947	0.00738	0.00223	0.00761	0.00734	0.00736	0.01201
25	0.00891	0.00656	0.00835	0.00966	0.01043	0.00608	0.00656	0.01028	0.01418	0.01855	0.04434	0.58754	0.15177	0.04382	0.03337	0.00328	0.00472	0.01908	0.00659	0.00592
26	0.01057	0.00705	0.00793	0.00793	0.00793	0.00705	0.00440	0.01057	0.01057	0.01409	0.02290	0.04757	0.02643	0.74454	0.03700	0.00705	0.00705	0.01057	0.00440	0.00440
27	0.01057	0.00705	0.00793	0.00793	0.00793	0.00705	0.00440	0.01057	0.01057	0.01409	0.02290	0.04757	0.02643	0.74454	0.03700	0.00705	0.00705	0.01057	0.00440	0.00440
28	0.09220	0.01812	0.01767	0.03999	0.04880	0.09749	0.01245	0.10231	0.42806	0.03014	0.02318	0.02244	0.01749	0.00895	0.00701	0.00233	0.00707	0.00711	0.00640	0.01080
29	0.76410	0.01432	0.01114	0.00986	0.01441	0.01656	0.00812	0.04840	0.01327	0.03316	0.01042	0.01204	0.00806	0.00683	0.00461	0.00225	0.00572	0.00404	0.00461	0.00806
30	0.01355	0.00678	0.00678	0.00678	0.00847	0.00678	0.00508	0.01694	0.01524	0.02710	0.02371	0.02710	0.01863	0.00847	0.00508	0.00169	0.00339	0.00678	0.78489	0.00678
31	0.01506	0.03134	0.51081	0.02449	0.13285	0.01648	0.07609	0.02240	0.01597	0.02350	0.05245	0.01832	0.01311	0.00724	0.00718	0.00229	0.01012	0.00624	0.00348	0.01056
32	0.02046	0.20694	0.15273	0.02287	0.16931	0.24575	0.01758	0.02423	0.01732	0.02020	0.03172	0.01542	0.01151	0.00706	0.00635	0.00195	0.01011	0.00525	0.00356	0.00970
33	0.03175	0.01218	0.01659	0.01279	0.01826	0.01054	0.01054	0.03459	0.02080	0.67823	0.05435	0.02588	0.01994	0.00922	0.00736	0.00225	0.00608	0.00753	0.00896	0.01216
34	0.79588	0.01406	0.01068	0.00956	0.01406	0.01631	0.00787	0.02137	0.01237	0.03261	0.01012	0.01181	0.00787	0.00675	0.00450	0.00225	0.00562	0.00394	0.00450	0.00787
35	0.00886	0.00633	0.00843	0.01012	0.01054	0.00590	0.00675	0.01012	0.01392	0.01856	0.04006	0.73979	0.04808	0.02277	0.00928	0.00295	0.00422	0.02066	0.00675	0.00590
36	0.01513	0.06890	0.59873	0.02196	0.05478	0.01757	0.07754	0.02296	0.01551	0.02279	0.01306	0.01561	0.00944	0.00680	0.00694	0.00227	0.01065	0.00560	0.00314	0.01063
37	0.01029	0.00743	0.00972	0.00914	0.01086	0.00686	0.00686	0.01372	0.02058	0.02915	0.69536	0.05430	0.06859	0.01486	0.00857	0.00229	0.00343	0.01315	0.00800	0.00686
38	0.01870	0.02130	0.07133	0.03223	0.33793	0.14276	0.13783	0.02359	0.03804	0.02294	0.04729	0.02139	0.01496	0.00758	0.00748	0.00222	0.00983	0.02833	0.00404	0.01021
39	0.01590	0.01590	0.02226	0.01908	0.01908	0.02226	0.01590	0.01749	0.01113	0.01749	0.00954	0.01590	0.00954	0.01272	0.02385	0.00318	0.73123	0.00636	0.00318	0.00795
40	0.00891	0.00670	0.00828	0.00950	0.01054	0.00608	0.00662	0.01042	0.01477	0.01899	0.04929	0.52562	0.22733	0.02145	0.00912	0.00283	0.00418	0.04661	0.00675	0.00600
41	0.76372	0.01379	0.01064	0.00954	0.01393	0.01592	0.00783	0.02105	0.01271	0.03247	0.03818	0.01355	0.01036	0.00708	0.00467	0.00225	0.00553	0.00431	0.00464	0.00783
42	0.02755	0.02278	0.02161	0.01706	0.02253	0.13978	0.01385	0.56565	0.03188	0.04107	0.01640	0.01672	0.01185	0.00852	0.00715	0.00213	0.00886	0.00623	0.00667	0.01170
43	0.01373	0.01292	0.02180	0.72707	0.05006	0.01615	0.02019	0.01857	0.01453	0.01857	0.01292	0.01938	0.00969	0.00727	0.00727	0.00242	0.00969	0.00646	0.00323	0.00807
44	0.01018	0.00743	0.00957	0.00904	0.01080	0.00681	0.00678	0.01352	0.02033	0.02856	0.65714	0.05526	0.10718	0.01508	0.00857	0.00230	0.00344	0.01328	0.00792	0.00681
45	0.01039	0.00776	0.01152	0.01152	0.01276	0.00900	0.00888	0.01288	0.01163	0.01675	0.01962	0.02938	0.01853	0.08457	0.68617	0.01148	0.01893	0.00791	0.00392	0.00640
46	0.01489	0.00806	0.00820	0.00772	0.00980	0.00827	0.00591	0.07934	0.01704	0.02887	0.02312	0.02619	0.01804	0.00849	0.00529	0.00174	0.00382	0.00675	0.71115	0.00730
47	0.00867	0.00737	0.00748	0.00745	0.00987	0.00617	0.00559	0.01059	0.01677	0.02010	0.10419	0.06919	0.66540	0.01824	0.00859	0.00245	0.00367	0.01523	0.00681	0.00617
48	0.01936	0.01868	0.02493	0.03349	0.44124	0.09759	0.01825	0.07605	0.10063	0.02504	0.01622	0.02033	0.01357	0.05256	0.00899	0.00247	0.00865	0.00674	0.00442	0.01079
49	0.01299	0.01036	0.01238	0.01063	0.01432	0.00868	0.00788	0.04646	0.01527	0.02218	0.02429	0.29862	0.02630	0.05774	0.00893	0.00223	0.00516	0.01115	0.00540	0.39902

[dist]
# distance from previous block
# <min> <max>
0	18

# created by:
# /st0/software/busco_prod/Augustus/scripts/msa2prfl.pl ./align_prep/121760.fa
