[name]
unknown

[dist]
# distance from previous block
# <min> <max>
30	153

[block]
# block no. 0 follows, 25 sequences, length 21
# corresponding to MSA columns:
# 167-187
name=unknown_A
#
# <colnr> <probs for GDERKNQSTAVLIFYWHMCP>
#	G	D	E	R	K	N	Q	S	T	A	V	L	I	F	Y	W	H	M	C	P
0	0.05923	0.01818	0.05338	0.01620	0.02047	0.06525	0.04349	0.14484	0.06469	0.02857	0.04766	0.08168	0.05223	0.03040	0.01140	0.00258	0.12474	0.00860	0.00562	0.12080
1	0.01812	0.01607	0.01826	0.05002	0.04751	0.09503	0.06078	0.12305	0.08719	0.02697	0.02899	0.12851	0.06819	0.06988	0.01082	0.00298	0.00798	0.07164	0.05895	0.00906
2	0.01866	0.01622	0.01574	0.01454	0.04105	0.11762	0.01083	0.11631	0.04581	0.02720	0.02502	0.06292	0.06412	0.04325	0.03849	0.00283	0.03306	0.03980	0.14898	0.11755
3	0.05633	0.02100	0.07433	0.01923	0.07366	0.13543	0.01480	0.09253	0.10078	0.02571	0.04121	0.06563	0.01863	0.07859	0.01398	0.00307	0.14217	0.00815	0.00517	0.00958
4	0.05353	0.05207	0.10474	0.02185	0.10783	0.06533	0.05913	0.14125	0.16062	0.04785	0.01975	0.04579	0.01566	0.00913	0.00817	0.00241	0.03391	0.00746	0.00567	0.03785
5	0.06102	0.01966	0.02279	0.02058	0.09680	0.12446	0.09889	0.15598	0.02198	0.02941	0.06430	0.02528	0.06119	0.03792	0.00882	0.00237	0.00885	0.00772	0.00545	0.12653
6	0.02036	0.11985	0.04843	0.02123	0.12178	0.17835	0.01537	0.04963	0.04404	0.02281	0.01691	0.06754	0.01577	0.00994	0.00930	0.00227	0.09178	0.03858	0.00454	0.10153
7	0.01922	0.10718	0.02271	0.08038	0.12237	0.01772	0.01419	0.14176	0.04450	0.05240	0.07629	0.05923	0.06411	0.01025	0.00832	0.00225	0.04126	0.00834	0.00569	0.10182
8	0.01944	0.09904	0.10658	0.01518	0.02051	0.05011	0.01377	0.17711	0.08883	0.02937	0.05009	0.03121	0.06388	0.04909	0.01021	0.03431	0.00793	0.05847	0.00587	0.06900
9	0.01763	0.01975	0.14353	0.04626	0.04862	0.07612	0.01493	0.09713	0.07338	0.05356	0.02770	0.18030	0.04898	0.06161	0.01048	0.00298	0.00820	0.05347	0.00592	0.00944
10	0.01710	0.01745	0.07467	0.12250	0.07034	0.04825	0.04117	0.08706	0.07924	0.02533	0.02145	0.14768	0.02030	0.04175	0.01047	0.00270	0.05691	0.00963	0.00524	0.10078
11	0.01733	0.01265	0.01555	0.01376	0.01707	0.01285	0.03233	0.17453	0.06496	0.05865	0.12367	0.21997	0.05303	0.04426	0.01003	0.00285	0.00626	0.06342	0.00732	0.04952
12	0.05947	0.01832	0.06185	0.01455	0.02004	0.06119	0.01231	0.19899	0.05128	0.11272	0.10637	0.02555	0.02209	0.04376	0.00886	0.00237	0.00739	0.00749	0.00664	0.15877
13	0.01406	0.01093	0.01279	0.01134	0.01447	0.01031	0.00857	0.09010	0.01873	0.02606	0.10649	0.20863	0.14088	0.04531	0.01022	0.00257	0.03525	0.01272	0.03791	0.18266
14	0.01923	0.01630	0.01839	0.07955	0.02181	0.08021	0.04296	0.16785	0.05416	0.02908	0.02464	0.05980	0.07063	0.01305	0.03913	0.00286	0.08502	0.00856	0.15744	0.00935
15	0.01205	0.00895	0.01079	0.01079	0.01262	0.00846	0.00767	0.07019	0.01798	0.02421	0.13455	0.38140	0.12055	0.07718	0.01163	0.00313	0.00500	0.01676	0.00707	0.05904
16	0.07776	0.01992	0.02094	0.01677	0.02240	0.02233	0.01365	0.44799	0.20188	0.04355	0.02152	0.02095	0.01565	0.00949	0.00759	0.00241	0.00772	0.00727	0.00759	0.01262
17	0.01852	0.01815	0.02897	0.21135	0.49175	0.05040	0.02281	0.02314	0.01732	0.02365	0.01426	0.01931	0.01169	0.00717	0.00766	0.00236	0.00972	0.00681	0.00375	0.01121
18	0.01464	0.01378	0.02326	0.70887	0.05340	0.01723	0.02153	0.01981	0.01550	0.01981	0.01378	0.02067	0.01034	0.00775	0.00775	0.00258	0.01034	0.00689	0.00345	0.00861
19	0.02016	0.07640	0.11090	0.14838	0.08518	0.09842	0.05054	0.05109	0.06169	0.07911	0.01717	0.04934	0.01395	0.00933	0.00969	0.00250	0.09396	0.00727	0.00469	0.01024
20	0.01175	0.00799	0.01032	0.01108	0.01237	0.00765	0.00778	0.01504	0.06047	0.05796	0.16849	0.50540	0.05213	0.02089	0.00950	0.00293	0.00455	0.01878	0.00764	0.00727

[dist]
# distance from previous block
# <min> <max>
0	1

[block]
# block no. 1 follows, 25 sequences, length 6
# corresponding to MSA columns:
# 189-194
name=unknown_B
#
# <colnr> <probs for GDERKNQSTAVLIFYWHMCP>
#	G	D	E	R	K	N	Q	S	T	A	V	L	I	F	Y	W	H	M	C	P
0	0.06605	0.02888	0.02019	0.01788	0.02166	0.44990	0.01377	0.07309	0.02117	0.06632	0.01456	0.01657	0.01158	0.00874	0.00853	0.00218	0.07545	0.00563	0.06850	0.00934
1	0.01135	0.00810	0.00988	0.01038	0.01137	0.00788	0.00700	0.05259	0.01635	0.02189	0.11456	0.39469	0.08011	0.19705	0.01699	0.00407	0.00538	0.01712	0.00677	0.00648
2	0.02796	0.01954	0.02141	0.01683	0.02251	0.02130	0.01374	0.50867	0.07625	0.10775	0.02228	0.06730	0.01704	0.01042	0.00791	0.00241	0.00791	0.00819	0.00791	0.01266
3	0.01372	0.00992	0.01105	0.01033	0.01295	0.00945	0.00769	0.10727	0.01989	0.05568	0.10273	0.17703	0.32977	0.08259	0.01178	0.00309	0.00514	0.01496	0.00727	0.00768
4	0.01206	0.00860	0.01058	0.01095	0.01213	0.00849	0.00755	0.07742	0.01754	0.02370	0.13514	0.43006	0.04674	0.14402	0.01471	0.00372	0.00531	0.01738	0.00703	0.00688
5	0.02234	0.01285	0.01558	0.01349	0.01748	0.01293	0.01053	0.08615	0.17863	0.24860	0.13148	0.15524	0.03379	0.01338	0.00840	0.00259	0.00583	0.01146	0.00842	0.01083

[dist]
# distance from previous block
# <min> <max>
0	1

[block]
# block no. 2 follows, 25 sequences, length 9
# corresponding to MSA columns:
# 196-204
name=unknown_C
#
# <colnr> <probs for GDERKNQSTAVLIFYWHMCP>
#	G	D	E	R	K	N	Q	S	T	A	V	L	I	F	Y	W	H	M	C	P
0	0.01025	0.00741	0.00941	0.01028	0.01132	0.00693	0.00725	0.01218	0.01647	0.02201	0.17738	0.36968	0.11919	0.11100	0.01349	0.00354	0.00489	0.07375	0.00716	0.00641
1	0.00995	0.00729	0.00874	0.00966	0.01059	0.00676	0.00650	0.01121	0.01479	0.01907	0.04692	0.37615	0.19686	0.19309	0.01690	0.00409	0.00520	0.04362	0.00659	0.00601
2	0.01275	0.00821	0.01012	0.01054	0.01183	0.00777	0.00720	0.04120	0.01593	0.07444	0.04059	0.42462	0.10795	0.17060	0.01580	0.00392	0.00542	0.01735	0.00689	0.00685
3	0.02313	0.02056	0.01787	0.01569	0.01908	0.22500	0.01200	0.16346	0.06136	0.06310	0.01706	0.02075	0.01394	0.01856	0.08817	0.18874	0.01086	0.00661	0.00526	0.00879
4	0.41384	0.12042	0.06012	0.01277	0.01868	0.01936	0.01149	0.11224	0.01778	0.07014	0.01346	0.01473	0.01025	0.00744	0.00565	0.00218	0.00704	0.00492	0.00516	0.07234
5	0.05381	0.01273	0.01644	0.04141	0.01833	0.01279	0.07075	0.13756	0.01950	0.06448	0.04569	0.08345	0.12126	0.18281	0.01551	0.00364	0.00715	0.01061	0.03800	0.04407
6	0.04860	0.01299	0.06010	0.01276	0.01570	0.01168	0.01016	0.13207	0.01875	0.08911	0.02942	0.29169	0.03083	0.15227	0.04416	0.00407	0.00726	0.01342	0.00655	0.00839
7	0.01830	0.01600	0.05662	0.01446	0.02083	0.01282	0.05586	0.10266	0.01912	0.06576	0.01870	0.09496	0.01645	0.00861	0.00691	0.00177	0.00686	0.00739	0.00546	0.45048
8	0.01979	0.07804	0.01986	0.05564	0.04920	0.17562	0.01264	0.09508	0.04960	0.02416	0.02294	0.07569	0.06407	0.06920	0.01061	0.00266	0.03108	0.03201	0.00520	0.10691

[dist]
# distance from previous block
# <min> <max>
4	12

[block]
# block no. 3 follows, 25 sequences, length 24
# corresponding to MSA columns:
# 219-242
name=unknown_D
#
# <colnr> <probs for GDERKNQSTAVLIFYWHMCP>
#	G	D	E	R	K	N	Q	S	T	A	V	L	I	F	Y	W	H	M	C	P
0	0.06836	0.08802	0.23955	0.01577	0.02182	0.01595	0.01634	0.07836	0.05991	0.02697	0.07984	0.13769	0.04889	0.01252	0.00790	0.00257	0.00784	0.05646	0.00557	0.00966
1	0.01378	0.06526	0.14440	0.01479	0.01879	0.01295	0.03823	0.04569	0.08171	0.02368	0.05444	0.34874	0.03445	0.03789	0.00964	0.00292	0.00690	0.03102	0.00611	0.00861
2	0.01863	0.10518	0.44088	0.01975	0.02887	0.04225	0.04891	0.02534	0.01720	0.10448	0.01762	0.06576	0.01392	0.00871	0.00741	0.00240	0.01021	0.00706	0.00438	0.01103
3	0.00953	0.00678	0.00897	0.01069	0.01112	0.00635	0.00708	0.01082	0.01468	0.01957	0.04189	0.69161	0.05022	0.05658	0.01125	0.00335	0.00464	0.02155	0.00708	0.00622
4	0.01631	0.02549	0.25660	0.02587	0.03403	0.01737	0.34722	0.02321	0.01778	0.02510	0.08380	0.02364	0.01781	0.00999	0.03797	0.00296	0.01188	0.00847	0.00419	0.01032
5	0.01631	0.01470	0.02286	0.59856	0.04846	0.01799	0.02028	0.07880	0.06199	0.02332	0.01544	0.02105	0.01151	0.00808	0.00776	0.00256	0.00988	0.00703	0.00414	0.00928
6	0.01109	0.00826	0.01220	0.01220	0.01350	0.00955	0.00937	0.01368	0.01239	0.01781	0.02100	0.03176	0.01995	0.10107	0.65464	0.01214	0.01992	0.00850	0.00419	0.00678
7	0.02011	0.01645	0.01749	0.01547	0.01995	0.01870	0.01210	0.08165	0.56597	0.05867	0.03286	0.03029	0.05372	0.01083	0.00794	0.00260	0.00621	0.00897	0.00791	0.01210
8	0.02073	0.73217	0.04063	0.01327	0.01990	0.03068	0.01327	0.02322	0.01575	0.01824	0.01078	0.01244	0.00995	0.00663	0.00498	0.00166	0.00829	0.00415	0.00332	0.00995
9	0.02595	0.01880	0.02058	0.01622	0.02165	0.02044	0.01317	0.46229	0.08948	0.07328	0.05545	0.02355	0.01834	0.03944	0.03111	0.00284	0.00820	0.00767	0.00753	0.04401
10	0.02080	0.06146	0.09632	0.02829	0.26831	0.18654	0.01825	0.02479	0.01914	0.05946	0.09444	0.05019	0.02051	0.00912	0.00760	0.00226	0.00961	0.00765	0.00479	0.01046
11	0.01826	0.10946	0.44124	0.02238	0.03184	0.10933	0.11285	0.02530	0.01732	0.02320	0.01358	0.01628	0.01013	0.00726	0.00732	0.00233	0.01169	0.00595	0.00347	0.01083
12	0.78228	0.01499	0.01140	0.01020	0.01499	0.01739	0.00840	0.02279	0.01320	0.03479	0.01080	0.01260	0.00840	0.00720	0.00480	0.00240	0.00600	0.00420	0.00480	0.00840
13	0.01128	0.00752	0.00846	0.00846	0.00846	0.00752	0.00470	0.01128	0.01128	0.01503	0.02443	0.05074	0.02819	0.72751	0.03946	0.00752	0.00752	0.01128	0.00470	0.00470
14	0.01929	0.01666	0.01753	0.01578	0.02016	0.01929	0.01227	0.04120	0.66513	0.03243	0.03156	0.02893	0.02367	0.01052	0.00789	0.00263	0.00614	0.00877	0.00789	0.01227
15	0.00954	0.00679	0.00897	0.01067	0.01110	0.00636	0.00706	0.01082	0.01465	0.01954	0.04176	0.68664	0.05005	0.06178	0.01147	0.00338	0.00466	0.02147	0.00706	0.00621
16	0.00945	0.00675	0.00900	0.01080	0.01125	0.00630	0.00720	0.01080	0.01484	0.01979	0.04274	0.72245	0.05128	0.02429	0.00990	0.00315	0.00450	0.02204	0.00720	0.00630
17	0.01324	0.01175	0.01737	0.35182	0.05686	0.01321	0.01488	0.01855	0.06193	0.02326	0.15426	0.03999	0.16832	0.01203	0.00833	0.00256	0.00735	0.01043	0.00555	0.00830
18	0.01608	0.01378	0.01608	0.01148	0.01837	0.01034	0.00919	0.01952	0.01608	0.02527	0.01378	0.01608	0.01148	0.00574	0.00574	0.00115	0.00574	0.00459	0.00459	0.77491
19	0.02855	0.02126	0.02275	0.01765	0.02369	0.02361	0.01451	0.59771	0.09354	0.04737	0.01979	0.01955	0.01414	0.00942	0.00777	0.00235	0.00831	0.00714	0.00777	0.01310
20	0.02826	0.02100	0.02262	0.01726	0.02353	0.02280	0.01423	0.59574	0.03461	0.04672	0.01818	0.01839	0.01303	0.00898	0.00757	0.00222	0.00828	0.00676	0.00747	0.08235
21	0.01287	0.00713	0.01069	0.01069	0.01104	0.00747	0.00747	0.01104	0.01069	0.01460	0.01529	0.02529	0.01495	0.03474	0.19688	0.58397	0.01024	0.00713	0.00356	0.00426
22	0.01588	0.01245	0.01246	0.01138	0.01476	0.05827	0.00875	0.02264	0.16352	0.09802	0.13895	0.05260	0.32964	0.01517	0.00857	0.00253	0.00538	0.01261	0.00758	0.00883
23	0.01912	0.01863	0.03267	0.04634	0.62575	0.01852	0.07623	0.02388	0.01771	0.02529	0.01468	0.01933	0.01224	0.00688	0.00780	0.00233	0.00953	0.00710	0.00385	0.01213

[dist]
# distance from previous block
# <min> <max>
0	33

[block]
# block no. 4 follows, 25 sequences, length 70
# corresponding to MSA columns:
# 276-345
name=unknown_E
#
# <colnr> <probs for GDERKNQSTAVLIFYWHMCP>
#	G	D	E	R	K	N	Q	S	T	A	V	L	I	F	Y	W	H	M	C	P
0	0.01091	0.00792	0.01027	0.00968	0.01154	0.00729	0.00726	0.01450	0.02179	0.03072	0.65297	0.05854	0.09548	0.01599	0.00915	0.00245	0.00367	0.01411	0.00849	0.00729
1	0.01910	0.51453	0.24401	0.01604	0.02420	0.02669	0.01810	0.02364	0.01595	0.02023	0.01177	0.01367	0.00991	0.00686	0.00573	0.00191	0.00929	0.00464	0.00330	0.01042
2	0.01919	0.01842	0.03147	0.04759	0.67914	0.01842	0.02380	0.02380	0.01765	0.02533	0.01458	0.01919	0.01228	0.00691	0.00768	0.00230	0.00921	0.00691	0.00384	0.01228
3	0.07131	0.01328	0.01767	0.01362	0.01956	0.01169	0.01125	0.03705	0.02175	0.65276	0.02962	0.02572	0.01867	0.00948	0.00765	0.00240	0.00657	0.00762	0.00936	0.01296
4	0.78228	0.01499	0.01140	0.01020	0.01499	0.01739	0.00840	0.02279	0.01320	0.03479	0.01080	0.01260	0.00840	0.00720	0.00480	0.00240	0.00600	0.00420	0.00480	0.00840
5	0.03479	0.01320	0.01799	0.01380	0.01979	0.01140	0.01140	0.03779	0.02219	0.68451	0.03059	0.02639	0.01919	0.00960	0.00780	0.00240	0.00660	0.00780	0.00960	0.01320
6	0.02186	0.01998	0.01833	0.01639	0.02080	0.13648	0.01269	0.03923	0.51645	0.06755	0.02810	0.02619	0.02103	0.01003	0.00773	0.00251	0.00753	0.00806	0.00731	0.01176
7	0.01958	0.00983	0.01312	0.01122	0.01455	0.00879	0.00879	0.02300	0.02204	0.26729	0.44209	0.04652	0.05365	0.01359	0.00866	0.00242	0.00472	0.01177	0.00892	0.00944
8	0.00945	0.00675	0.00900	0.01080	0.01125	0.00630	0.00720	0.01080	0.01484	0.01979	0.04274	0.72245	0.05128	0.02429	0.00990	0.00315	0.00450	0.02204	0.00720	0.00630
9	0.01128	0.00752	0.00846	0.00846	0.00846	0.00752	0.00470	0.01128	0.01128	0.01503	0.02443	0.05074	0.02819	0.72751	0.03946	0.00752	0.00752	0.01128	0.00470	0.00470
10	0.01588	0.03784	0.61160	0.02335	0.03438	0.01820	0.10211	0.02459	0.01660	0.02459	0.01412	0.01691	0.01005	0.00727	0.00758	0.00247	0.01165	0.00613	0.00335	0.01134
11	0.01668	0.19125	0.54610	0.02017	0.03058	0.02077	0.02529	0.02426	0.01624	0.02318	0.01323	0.01551	0.00985	0.00721	0.00684	0.00228	0.01077	0.00538	0.00328	0.01113
12	0.04782	0.01711	0.10800	0.01663	0.04741	0.01265	0.06289	0.02760	0.01903	0.29722	0.05083	0.04942	0.04208	0.00926	0.00752	0.00221	0.00737	0.00791	0.00675	0.16027
13	0.02665	0.05744	0.04625	0.01876	0.02330	0.50386	0.01479	0.09061	0.06776	0.02309	0.01706	0.01828	0.04163	0.00876	0.00717	0.00211	0.01215	0.00597	0.00473	0.00964
14	0.02010	0.02059	0.02751	0.03866	0.48525	0.13802	0.02075	0.02413	0.01858	0.02420	0.03736	0.02526	0.01654	0.00861	0.00786	0.00236	0.00971	0.05913	0.00429	0.01110
15	0.60204	0.01507	0.01469	0.09568	0.07460	0.01724	0.01132	0.02306	0.01416	0.05551	0.01217	0.01459	0.00933	0.00732	0.00549	0.00241	0.00680	0.00487	0.00473	0.00892
16	0.07086	0.01910	0.02058	0.01614	0.02179	0.02078	0.01323	0.47724	0.06082	0.10071	0.05442	0.02372	0.04504	0.01003	0.00772	0.00237	0.00768	0.00772	0.00777	0.01230
17	0.02896	0.03695	0.02197	0.01998	0.02397	0.69638	0.01498	0.03096	0.02197	0.01898	0.01199	0.01398	0.00999	0.00799	0.00699	0.00200	0.01398	0.00499	0.00400	0.00899
18	0.02896	0.03695	0.02197	0.01998	0.02397	0.69638	0.01498	0.03096	0.02197	0.01898	0.01199	0.01398	0.00999	0.00799	0.00699	0.00200	0.01398	0.00499	0.00400	0.00899
19	0.01224	0.00828	0.01005	0.00947	0.01186	0.00734	0.00715	0.01514	0.02014	0.08104	0.38301	0.09126	0.28008	0.01705	0.00907	0.00253	0.00403	0.01470	0.00809	0.00748
20	0.78228	0.01499	0.01140	0.01020	0.01499	0.01739	0.00840	0.02279	0.01320	0.03479	0.01080	0.01260	0.00840	0.00720	0.00480	0.00240	0.00600	0.00420	0.00480	0.00840
21	0.01082	0.00792	0.01015	0.00959	0.01149	0.00725	0.00719	0.01433	0.02158	0.03021	0.62343	0.05936	0.12533	0.01618	0.00915	0.00245	0.00368	0.01422	0.00842	0.00725
22	0.01097	0.00793	0.01036	0.00975	0.01158	0.00732	0.00732	0.01463	0.02195	0.03109	0.67505	0.05792	0.07316	0.01585	0.00914	0.00244	0.00366	0.01402	0.00854	0.00732
23	0.01097	0.00793	0.01036	0.00975	0.01158	0.00732	0.00732	0.01463	0.02195	0.03109	0.67505	0.05792	0.07316	0.01585	0.00914	0.00244	0.00366	0.01402	0.00854	0.00732
24	0.02587	0.02462	0.02044	0.01716	0.02202	0.24443	0.01352	0.30900	0.09325	0.03399	0.02481	0.02474	0.09143	0.01021	0.00768	0.00228	0.00955	0.00761	0.00646	0.01092
25	0.01608	0.01378	0.01608	0.01148	0.01837	0.01034	0.00919	0.01952	0.01608	0.02527	0.01378	0.01608	0.01148	0.00574	0.00574	0.00115	0.00574	0.00459	0.00459	0.77491
26	0.01081	0.00792	0.01014	0.00959	0.01149	0.00725	0.00719	0.01432	0.02157	0.03019	0.62216	0.05940	0.12661	0.01619	0.00915	0.00245	0.00368	0.01423	0.00842	0.00725
27	0.01538	0.01453	0.02458	0.60236	0.15419	0.01742	0.02190	0.02045	0.01585	0.02070	0.01391	0.02043	0.01065	0.00762	0.00774	0.00254	0.01015	0.00689	0.00351	0.00920
28	0.00942	0.00717	0.00868	0.00976	0.01100	0.00643	0.00677	0.01108	0.01611	0.02069	0.08334	0.47547	0.26144	0.02235	0.00962	0.00294	0.00427	0.01978	0.00726	0.00643
29	0.02310	0.02176	0.05449	0.02381	0.16846	0.14343	0.01615	0.06056	0.26915	0.10389	0.02263	0.02265	0.01696	0.00893	0.00763	0.00239	0.00869	0.00732	0.00623	0.01177
30	0.02679	0.02169	0.02167	0.01749	0.02303	0.07965	0.01412	0.44210	0.19811	0.04208	0.02141	0.02090	0.01563	0.00951	0.00773	0.00238	0.00837	0.00728	0.00747	0.01259
31	0.00945	0.00675	0.00900	0.01080	0.01125	0.00630	0.00720	0.01080	0.01484	0.01979	0.04274	0.72245	0.05128	0.02429	0.00990	0.00315	0.00450	0.02204	0.00720	0.00630
32	0.32110	0.06990	0.12355	0.08549	0.05765	0.01916	0.06482	0.09803	0.01780	0.05679	0.01384	0.01618	0.01036	0.00752	0.00644	0.00238	0.00845	0.00568	0.00475	0.01010
33	0.01695	0.13606	0.44178	0.02332	0.03322	0.02023	0.17352	0.02443	0.01674	0.02370	0.01388	0.01687	0.01030	0.00706	0.00744	0.00238	0.01138	0.00631	0.00343	0.01100
34	0.01128	0.00752	0.00846	0.00846	0.00846	0.00752	0.00470	0.01128	0.01128	0.01503	0.02443	0.05074	0.02819	0.72751	0.03946	0.00752	0.00752	0.01128	0.00470	0.00470
35	0.78228	0.01499	0.01140	0.01020	0.01499	0.01739	0.00840	0.02279	0.01320	0.03479	0.01080	0.01260	0.00840	0.00720	0.00480	0.00240	0.00600	0.00420	0.00480	0.00840
36	0.02278	0.08779	0.02160	0.01632	0.02142	0.05167	0.01320	0.21496	0.39357	0.03520	0.02498	0.02372	0.01873	0.00969	0.00753	0.00242	0.00738	0.00764	0.00724	0.01217
37	0.01608	0.01378	0.01608	0.01148	0.01837	0.01034	0.00919	0.01952	0.01608	0.02527	0.01378	0.01608	0.01148	0.00574	0.00574	0.00115	0.00574	0.00459	0.00459	0.77491
38	0.01818	0.02173	0.07305	0.03223	0.04023	0.01954	0.62450	0.02482	0.01822	0.02482	0.01561	0.02072	0.01168	0.00657	0.00907	0.00261	0.01300	0.00900	0.00389	0.01050
39	0.01128	0.00752	0.00846	0.00846	0.00846	0.00752	0.00470	0.01128	0.01128	0.01503	0.02443	0.05074	0.02819	0.72751	0.03946	0.00752	0.00752	0.01128	0.00470	0.00470
40	0.01097	0.00793	0.01036	0.00975	0.01158	0.00732	0.00732	0.01463	0.02195	0.03109	0.67505	0.05792	0.07316	0.01585	0.00914	0.00244	0.00366	0.01402	0.00854	0.00732
41	0.03166	0.01250	0.01699	0.01327	0.01872	0.01086	0.01086	0.03475	0.02216	0.59880	0.11512	0.03053	0.02627	0.01042	0.00797	0.00240	0.00621	0.00861	0.00946	0.01242
42	0.06494	0.65114	0.03788	0.01348	0.01985	0.06807	0.01309	0.02364	0.01596	0.01923	0.01085	0.01254	0.00986	0.00674	0.00508	0.00172	0.00849	0.00420	0.00344	0.00981
43	0.01919	0.01842	0.03147	0.04759	0.67914	0.01842	0.02380	0.02380	0.01765	0.02533	0.01458	0.01919	0.01228	0.00691	0.00768	0.00230	0.00921	0.00691	0.00384	0.01228
44	0.00952	0.00681	0.00906	0.01075	0.01126	0.00635	0.00720	0.01098	0.01519	0.02035	0.07363	0.68998	0.05235	0.02388	0.00986	0.00311	0.00446	0.02165	0.00726	0.00635
45	0.00919	0.00776	0.00795	0.00810	0.01054	0.00652	0.00600	0.01110	0.01743	0.02085	0.07552	0.12930	0.62327	0.02003	0.00923	0.00266	0.00398	0.01684	0.00720	0.00652
46	0.01895	0.02171	0.03629	0.05777	0.03476	0.13552	0.43666	0.02402	0.01841	0.02300	0.01815	0.10251	0.01606	0.00894	0.00880	0.00257	0.01210	0.00985	0.00430	0.00963
47	0.03479	0.01320	0.01799	0.01380	0.01979	0.01140	0.01140	0.03779	0.02219	0.68451	0.03059	0.02639	0.01919	0.00960	0.00780	0.00240	0.00660	0.00780	0.00960	0.01320
48	0.01555	0.04011	0.68733	0.02210	0.03356	0.01801	0.02865	0.02455	0.01637	0.02455	0.01391	0.01637	0.00982	0.00737	0.00737	0.00246	0.01146	0.00573	0.00327	0.01146
49	0.01820	0.01741	0.02968	0.19214	0.54236	0.01816	0.02330	0.02292	0.01718	0.02412	0.01441	0.01951	0.01186	0.00709	0.00769	0.00236	0.00946	0.00690	0.00375	0.01148
50	0.01464	0.01378	0.02326	0.70887	0.05340	0.01723	0.02153	0.01981	0.01550	0.01981	0.01378	0.02067	0.01034	0.00775	0.00775	0.00258	0.01034	0.00689	0.00345	0.00861
51	0.01919	0.01842	0.03147	0.04759	0.67914	0.01842	0.02380	0.02380	0.01765	0.02533	0.01458	0.01919	0.01228	0.00691	0.00768	0.00230	0.00921	0.00691	0.00384	0.01228
52	0.01555	0.04011	0.68733	0.02210	0.03356	0.01801	0.02865	0.02455	0.01637	0.02455	0.01391	0.01637	0.00982	0.00737	0.00737	0.00246	0.01146	0.00573	0.00327	0.01146
53	0.02947	0.02172	0.02327	0.01784	0.02404	0.02404	0.01474	0.65329	0.03646	0.04887	0.01862	0.01862	0.01319	0.00931	0.00776	0.00233	0.00853	0.00698	0.00776	0.01319
54	0.01929	0.01666	0.01753	0.01578	0.02016	0.01929	0.01227	0.04120	0.66513	0.03243	0.03156	0.02893	0.02367	0.01052	0.00789	0.00263	0.00614	0.00877	0.00789	0.01227
55	0.01966	0.01969	0.02951	0.04319	0.58718	0.08173	0.02216	0.02390	0.01806	0.02453	0.01723	0.02121	0.04210	0.00759	0.00768	0.00229	0.00942	0.00716	0.00400	0.01171
56	0.01865	0.34587	0.36249	0.01794	0.02696	0.02397	0.02103	0.06007	0.01725	0.02315	0.01279	0.01476	0.01007	0.00715	0.00633	0.00209	0.00989	0.00510	0.00355	0.01089
57	0.03159	0.01249	0.01697	0.01325	0.01869	0.01085	0.01085	0.03468	0.02216	0.59689	0.11701	0.03062	0.02643	0.01044	0.00798	0.00240	0.00620	0.00863	0.00945	0.01241
58	0.01634	0.06786	0.58619	0.02142	0.03199	0.01803	0.05209	0.02457	0.01681	0.04562	0.03872	0.01823	0.01254	0.00768	0.00741	0.00242	0.01094	0.00617	0.00370	0.01125
59	0.01060	0.00771	0.00998	0.00983	0.01146	0.00709	0.00721	0.01375	0.02043	0.02849	0.52798	0.17750	0.10381	0.01757	0.00928	0.00258	0.00382	0.01559	0.00822	0.00709
60	0.00975	0.00788	0.00867	0.00847	0.01083	0.00679	0.00635	0.01226	0.01906	0.02423	0.27167	0.06921	0.48082	0.01841	0.00916	0.00256	0.00384	0.01561	0.00763	0.00679
61	0.31954	0.01703	0.01735	0.03880	0.02059	0.01878	0.01178	0.23570	0.07747	0.14413	0.01846	0.01850	0.01309	0.00859	0.00663	0.00240	0.00710	0.00619	0.00677	0.01110
62	0.01546	0.00946	0.01213	0.01075	0.01336	0.00887	0.00823	0.05444	0.02242	0.12535	0.52094	0.05087	0.06032	0.04077	0.00999	0.00261	0.00450	0.01262	0.00850	0.00840
63	0.16214	0.01633	0.01844	0.01453	0.02029	0.01679	0.01195	0.22485	0.06195	0.33849	0.02352	0.02175	0.01573	0.00914	0.00727	0.00239	0.00706	0.00698	0.00810	0.01231
64	0.01555	0.04011	0.68733	0.02210	0.03356	0.01801	0.02865	0.02455	0.01637	0.02455	0.01391	0.01637	0.00982	0.00737	0.00737	0.00246	0.01146	0.00573	0.00327	0.01146
65	0.01464	0.01378	0.02326	0.70887	0.05340	0.01723	0.02153	0.01981	0.01550	0.01981	0.01378	0.02067	0.01034	0.00775	0.00775	0.00258	0.01034	0.00689	0.00345	0.00861
66	0.06966	0.01869	0.02022	0.01591	0.02167	0.02001	0.01295	0.40796	0.10237	0.09057	0.02090	0.04581	0.01578	0.00951	0.00746	0.00227	0.00751	0.00738	0.00737	0.09598
67	0.73904	0.01538	0.01208	0.01064	0.01551	0.01778	0.00876	0.05900	0.01453	0.03560	0.01125	0.01294	0.00867	0.00732	0.00497	0.00240	0.00614	0.00436	0.00497	0.00867
68	0.04636	0.05275	0.16224	0.05596	0.05831	0.01840	0.30173	0.02232	0.01656	0.02362	0.01735	0.09637	0.01537	0.00933	0.00974	0.00264	0.06781	0.00912	0.00410	0.00992
69	0.67752	0.04453	0.01414	0.01286	0.05362	0.04576	0.00974	0.02320	0.01391	0.03294	0.01106	0.01302	0.00875	0.00719	0.00506	0.00235	0.00660	0.00438	0.00465	0.00871

[dist]
# distance from previous block
# <min> <max>
0	4

[block]
# block no. 5 follows, 25 sequences, length 63
# corresponding to MSA columns:
# 350-412
name=unknown_F
#
# <colnr> <probs for GDERKNQSTAVLIFYWHMCP>
#	G	D	E	R	K	N	Q	S	T	A	V	L	I	F	Y	W	H	M	C	P
0	0.01805	0.02152	0.07669	0.03107	0.03905	0.01906	0.58693	0.02455	0.01809	0.02484	0.01550	0.02044	0.01165	0.00654	0.00889	0.00253	0.01262	0.00875	0.00392	0.04932
1	0.01084	0.00792	0.01018	0.00962	0.01150	0.00726	0.00721	0.01437	0.02163	0.03035	0.63123	0.05914	0.11745	0.01613	0.00915	0.00245	0.00368	0.01419	0.00844	0.00726
2	0.01108	0.00831	0.01246	0.01246	0.01385	0.00969	0.00969	0.01385	0.01246	0.01800	0.02077	0.03046	0.01938	0.05815	0.69678	0.01246	0.02077	0.00831	0.00415	0.00692
3	0.01555	0.04011	0.68733	0.02210	0.03356	0.01801	0.02865	0.02455	0.01637	0.02455	0.01391	0.01637	0.00982	0.00737	0.00737	0.00246	0.01146	0.00573	0.00327	0.01146
4	0.01128	0.00752	0.00846	0.00846	0.00846	0.00752	0.00470	0.01128	0.01128	0.01503	0.02443	0.05074	0.02819	0.72751	0.03946	0.00752	0.00752	0.01128	0.00470	0.00470
5	0.01555	0.04011	0.68733	0.02210	0.03356	0.01801	0.02865	0.02455	0.01637	0.02455	0.01391	0.01637	0.00982	0.00737	0.00737	0.00246	0.01146	0.00573	0.00327	0.01146
6	0.01108	0.00831	0.01246	0.01246	0.01385	0.00969	0.00969	0.01385	0.01246	0.01800	0.02077	0.03046	0.01938	0.05815	0.69678	0.01246	0.02077	0.00831	0.00415	0.00692
7	0.01817	0.01841	0.05829	0.04170	0.56507	0.01741	0.02199	0.02346	0.04451	0.02521	0.02078	0.02425	0.06992	0.00818	0.00780	0.00235	0.00873	0.00775	0.00427	0.01175
8	0.01033	0.00780	0.00953	0.00931	0.01124	0.00701	0.00690	0.01330	0.02011	0.02723	0.45058	0.12102	0.24196	0.01766	0.00922	0.00255	0.00381	0.01539	0.00804	0.00701
9	0.02073	0.73217	0.04063	0.01327	0.01990	0.03068	0.01327	0.02322	0.01575	0.01824	0.01078	0.01244	0.00995	0.00663	0.00498	0.00166	0.00829	0.00415	0.00332	0.00995
10	0.02947	0.02172	0.02327	0.01784	0.02404	0.02404	0.01474	0.65329	0.03646	0.04887	0.01862	0.01862	0.01319	0.00931	0.00776	0.00233	0.00853	0.00698	0.00776	0.01319
11	0.02042	0.01722	0.01817	0.01601	0.02060	0.01982	0.01255	0.10963	0.59485	0.03427	0.03011	0.02778	0.02250	0.01038	0.00787	0.00260	0.00640	0.00857	0.00787	0.01237
12	0.01464	0.01378	0.02326	0.70887	0.05340	0.01723	0.02153	0.01981	0.01550	0.01981	0.01378	0.02067	0.01034	0.00775	0.00775	0.00258	0.01034	0.00689	0.00345	0.00861
13	0.78228	0.01499	0.01140	0.01020	0.01499	0.01739	0.00840	0.02279	0.01320	0.03479	0.01080	0.01260	0.00840	0.00720	0.00480	0.00240	0.00600	0.00420	0.00480	0.00840
14	0.78228	0.01499	0.01140	0.01020	0.01499	0.01739	0.00840	0.02279	0.01320	0.03479	0.01080	0.01260	0.00840	0.00720	0.00480	0.00240	0.00600	0.00420	0.00480	0.00840
15	0.01119	0.00832	0.01077	0.01198	0.01380	0.00790	0.00988	0.01407	0.01764	0.02264	0.08584	0.16523	0.20411	0.02104	0.01013	0.00322	0.00580	0.36232	0.00724	0.00689
16	0.01919	0.01842	0.03147	0.04759	0.67914	0.01842	0.02380	0.02380	0.01765	0.02533	0.01458	0.01919	0.01228	0.00691	0.00768	0.00230	0.00921	0.00691	0.00384	0.01228
17	0.01464	0.01378	0.02326	0.70887	0.05340	0.01723	0.02153	0.01981	0.01550	0.01981	0.01378	0.02067	0.01034	0.00775	0.00775	0.00258	0.01034	0.00689	0.00345	0.00861
18	0.00967	0.00787	0.00855	0.00838	0.01078	0.00676	0.00629	0.01210	0.01886	0.02377	0.24471	0.06997	0.50807	0.01858	0.00916	0.00257	0.00385	0.01571	0.00757	0.00676
19	0.01099	0.00740	0.00854	0.00882	0.00889	0.00733	0.00508	0.01120	0.01182	0.01577	0.02724	0.15402	0.03174	0.61938	0.03492	0.00685	0.00705	0.01293	0.00508	0.00494
20	0.02896	0.02146	0.02298	0.01774	0.02385	0.02380	0.01461	0.62234	0.06825	0.04803	0.01927	0.01914	0.01372	0.00937	0.00776	0.00234	0.00841	0.00707	0.00776	0.01314
21	0.03479	0.01320	0.01799	0.01380	0.01979	0.01140	0.01140	0.03779	0.02219	0.68451	0.03059	0.02639	0.01919	0.00960	0.00780	0.00240	0.00660	0.00780	0.00960	0.01320
22	0.03356	0.01292	0.01760	0.01359	0.01937	0.01119	0.01119	0.03660	0.02218	0.65091	0.06373	0.02801	0.02197	0.00992	0.00787	0.00240	0.00645	0.00812	0.00954	0.01289
23	0.01128	0.00752	0.00846	0.00846	0.00846	0.00752	0.00470	0.01128	0.01128	0.01503	0.02443	0.05074	0.02819	0.72751	0.03946	0.00752	0.00752	0.01128	0.00470	0.00470
24	0.01087	0.00792	0.01023	0.00965	0.01152	0.00727	0.00724	0.01444	0.02171	0.03053	0.64219	0.05884	0.10637	0.01606	0.00915	0.00245	0.00367	0.01415	0.00846	0.00727
25	0.03056	0.01615	0.01894	0.01500	0.02061	0.03935	0.01221	0.17170	0.10703	0.41449	0.05158	0.02575	0.02014	0.00983	0.00782	0.00240	0.00711	0.00788	0.00874	0.01271
26	0.06769	0.02138	0.02267	0.01745	0.02359	0.02371	0.01442	0.62128	0.03527	0.04815	0.01822	0.01831	0.01294	0.00920	0.00761	0.00233	0.00840	0.00684	0.00761	0.01294
27	0.11298	0.01907	0.02801	0.07006	0.52563	0.06472	0.02121	0.02399	0.01731	0.02581	0.01391	0.01809	0.01156	0.00705	0.00728	0.00231	0.00919	0.00645	0.00395	0.01142
28	0.01919	0.01842	0.03147	0.04759	0.67914	0.01842	0.02380	0.02380	0.01765	0.02533	0.01458	0.01919	0.01228	0.00691	0.00768	0.00230	0.00921	0.00691	0.00384	0.01228
29	0.00945	0.00675	0.00900	0.01080	0.01125	0.00630	0.00720	0.01080	0.01484	0.01979	0.04274	0.72245	0.05128	0.02429	0.00990	0.00315	0.00450	0.02204	0.00720	0.00630
30	0.01108	0.00831	0.01246	0.01246	0.01385	0.00969	0.00969	0.01385	0.01246	0.01800	0.02077	0.03046	0.01938	0.05815	0.69678	0.01246	0.02077	0.00831	0.00415	0.00692
31	0.00943	0.00679	0.00895	0.01067	0.01121	0.00631	0.00714	0.01081	0.01496	0.01984	0.04422	0.69552	0.07725	0.02410	0.00987	0.00313	0.00447	0.02181	0.00720	0.00631
32	0.00952	0.00680	0.00906	0.01075	0.01126	0.00634	0.00720	0.01097	0.01516	0.02030	0.07111	0.69262	0.05226	0.02391	0.00986	0.00312	0.00446	0.02168	0.00726	0.00634
33	0.02896	0.03695	0.02197	0.01998	0.02397	0.69638	0.01498	0.03096	0.02197	0.01898	0.01199	0.01398	0.00999	0.00799	0.00699	0.00200	0.01398	0.00499	0.00400	0.00899
34	0.00957	0.00787	0.00841	0.00828	0.01072	0.00672	0.00621	0.01191	0.01863	0.02321	0.21156	0.07090	0.54157	0.01879	0.00916	0.00258	0.00387	0.01584	0.00750	0.00672
35	0.02705	0.01439	0.01752	0.01417	0.01920	0.01430	0.01144	0.13891	0.14250	0.34740	0.13694	0.03083	0.02806	0.01077	0.00803	0.00244	0.00635	0.00888	0.00879	0.01204
36	0.01642	0.01616	0.02270	0.01962	0.01975	0.02245	0.01629	0.01821	0.01193	0.01860	0.01116	0.01821	0.01103	0.01770	0.08764	0.00423	0.64915	0.00693	0.00346	0.00834
37	0.02749	0.01996	0.02148	0.01673	0.02253	0.02182	0.01373	0.54660	0.06178	0.07103	0.02483	0.02421	0.07108	0.01026	0.00789	0.00237	0.00795	0.00790	0.00779	0.01257
38	0.02073	0.73217	0.04063	0.01327	0.01990	0.03068	0.01327	0.02322	0.01575	0.01824	0.01078	0.01244	0.00995	0.00663	0.00498	0.00166	0.00829	0.00415	0.00332	0.00995
39	0.11410	0.01952	0.02627	0.10534	0.41711	0.10113	0.01991	0.02492	0.01767	0.06145	0.01460	0.01829	0.01171	0.00731	0.00725	0.00231	0.00938	0.00639	0.00425	0.01108
40	0.01490	0.01253	0.01482	0.01136	0.01711	0.00962	0.00883	0.01798	0.01586	0.02429	0.01892	0.14137	0.01854	0.00903	0.00648	0.00150	0.00552	0.00769	0.00506	0.63858
41	0.01620	0.10949	0.59912	0.02209	0.05450	0.01931	0.02692	0.02439	0.01635	0.02394	0.01362	0.01607	0.00992	0.00728	0.00713	0.00237	0.01106	0.00561	0.00330	0.01133
42	0.02875	0.02619	0.02333	0.02015	0.06044	0.22930	0.01532	0.42802	0.03098	0.03842	0.01636	0.01723	0.01216	0.00877	0.00752	0.00222	0.01024	0.00637	0.00639	0.01185
43	0.01608	0.01378	0.01608	0.01148	0.01837	0.01034	0.00919	0.01952	0.01608	0.02527	0.01378	0.01608	0.01148	0.00574	0.00574	0.00115	0.00574	0.00459	0.00459	0.77491
44	0.00941	0.00688	0.00886	0.01044	0.01115	0.00633	0.00704	0.01084	0.01519	0.01993	0.04711	0.64323	0.12768	0.02372	0.00981	0.00308	0.00443	0.02135	0.00720	0.00633
45	0.02129	0.62486	0.03755	0.01371	0.02021	0.05909	0.01319	0.05576	0.01712	0.02024	0.01140	0.01303	0.01020	0.00678	0.00525	0.00168	0.00842	0.00435	0.00365	0.05221
46	0.02054	0.05617	0.01924	0.01443	0.01982	0.01768	0.01169	0.21842	0.19412	0.03371	0.04811	0.02533	0.05431	0.01111	0.03128	0.00245	0.00719	0.00753	0.00664	0.20024
47	0.02066	0.17907	0.02865	0.01888	0.02282	0.08782	0.08684	0.12770	0.01900	0.02484	0.04004	0.01875	0.01382	0.01236	0.04815	0.00303	0.22665	0.00670	0.00447	0.00975
48	0.01845	0.01635	0.02015	0.14237	0.10186	0.01882	0.01524	0.03540	0.47543	0.02938	0.02645	0.02634	0.01999	0.00961	0.00784	0.00258	0.00723	0.00822	0.00664	0.01162
49	0.01464	0.01378	0.02326	0.70887	0.05340	0.01723	0.02153	0.01981	0.01550	0.01981	0.01378	0.02067	0.01034	0.00775	0.00775	0.00258	0.01034	0.00689	0.00345	0.00861
50	0.01618	0.01304	0.01607	0.01676	0.06641	0.06512	0.03977	0.04669	0.04223	0.06824	0.09026	0.13592	0.10052	0.01663	0.00932	0.00291	0.00716	0.23141	0.00685	0.00851
51	0.01401	0.01154	0.01281	0.01291	0.01535	0.04509	0.01025	0.04198	0.13098	0.02605	0.14676	0.14898	0.12521	0.01766	0.00936	0.00292	0.00602	0.20656	0.00738	0.00817
52	0.00945	0.00675	0.00900	0.01080	0.01125	0.00630	0.00720	0.01080	0.01484	0.01979	0.04274	0.72245	0.05128	0.02429	0.00990	0.00315	0.00450	0.02204	0.00720	0.00630
53	0.01555	0.04011	0.68733	0.02210	0.03356	0.01801	0.02865	0.02455	0.01637	0.02455	0.01391	0.01637	0.00982	0.00737	0.00737	0.00246	0.01146	0.00573	0.00327	0.01146
54	0.01828	0.06182	0.18618	0.02880	0.03722	0.04943	0.45343	0.02496	0.01791	0.02418	0.01488	0.01918	0.01117	0.00679	0.00845	0.00250	0.01251	0.00796	0.00375	0.01059
55	0.01177	0.00818	0.01016	0.00951	0.01174	0.00734	0.00719	0.01499	0.02094	0.06227	0.49940	0.06029	0.21441	0.01643	0.00908	0.00248	0.00387	0.01426	0.00827	0.00743
56	0.00945	0.00675	0.00900	0.01080	0.01125	0.00630	0.00720	0.01080	0.01484	0.01979	0.04274	0.72245	0.05128	0.02429	0.00990	0.00315	0.00450	0.02204	0.00720	0.00630
57	0.01696	0.01696	0.02375	0.02036	0.02036	0.02375	0.01696	0.01866	0.01187	0.01866	0.01018	0.01696	0.01018	0.01357	0.02545	0.00339	0.71332	0.00679	0.00339	0.00848
58	0.02947	0.02172	0.02327	0.01784	0.02404	0.02404	0.01474	0.65329	0.03646	0.04887	0.01862	0.01862	0.01319	0.00931	0.00776	0.00233	0.00853	0.00698	0.00776	0.01319
59	0.01128	0.00752	0.00846	0.00846	0.00846	0.00752	0.00470	0.01128	0.01128	0.01503	0.02443	0.05074	0.02819	0.72751	0.03946	0.00752	0.00752	0.01128	0.00470	0.00470
60	0.02085	0.66476	0.03895	0.01393	0.02009	0.05678	0.01354	0.02327	0.01579	0.01829	0.01079	0.01275	0.00996	0.00707	0.00619	0.00177	0.04771	0.00433	0.00335	0.00983
61	0.02834	0.01344	0.01696	0.01366	0.01882	0.01274	0.01105	0.06864	0.12746	0.44542	0.10056	0.03180	0.05355	0.01083	0.00801	0.00245	0.00620	0.00894	0.00900	0.01213
62	0.02663	0.01160	0.01533	0.01282	0.01729	0.01036	0.01015	0.03024	0.05353	0.45735	0.05961	0.16914	0.06433	0.01336	0.00835	0.00257	0.00590	0.01139	0.00886	0.01119

[dist]
# distance from previous block
# <min> <max>
0	11

# created by:
# /st0/software/busco_prod/Augustus/scripts/msa2prfl.pl ./align_prep/122588.fa
