[name]
unknown

[dist]
# distance from previous block
# <min> <max>
0	53

[block]
# block no. 0 follows, 28 sequences, length 9
# corresponding to MSA columns:
# 59-67
name=unknown_A
#
# <colnr> <probs for GDERKNQSTAVLIFYWHMCP>
#	G	D	E	R	K	N	Q	S	T	A	V	L	I	F	Y	W	H	M	C	P
0	0.01824	0.48687	0.05793	0.01452	0.01915	0.04883	0.01378	0.02069	0.01429	0.01773	0.01188	0.01713	0.01137	0.00861	0.00947	0.00207	0.17089	0.04431	0.00337	0.00888
1	0.01440	0.05709	0.01548	0.01122	0.01606	0.01090	0.00887	0.03888	0.01530	0.02265	0.01889	0.17814	0.01909	0.00973	0.00694	0.00164	0.03133	0.00811	0.00484	0.51044
2	0.49221	0.01420	0.01160	0.01036	0.01390	0.06482	0.00795	0.05231	0.01400	0.05745	0.01425	0.02080	0.01282	0.17311	0.01222	0.00330	0.00663	0.00576	0.00476	0.00755
3	0.01686	0.01460	0.02181	0.56714	0.04387	0.01759	0.01875	0.16635	0.01896	0.02471	0.01394	0.01895	0.01029	0.00760	0.00727	0.00237	0.00931	0.00648	0.00414	0.00904
4	0.01111	0.00751	0.01034	0.01034	0.01165	0.00844	0.00789	0.01372	0.01241	0.01900	0.02064	0.02943	0.01880	0.08766	0.51294	0.00914	0.01507	0.00774	0.17976	0.00642
5	0.42345	0.01955	0.16921	0.01302	0.01930	0.01578	0.01292	0.07012	0.01568	0.09719	0.01338	0.01457	0.00974	0.00703	0.00559	0.00216	0.00698	0.00481	0.00481	0.07470
6	0.01189	0.01559	0.16933	0.12973	0.02273	0.01150	0.01424	0.01559	0.01448	0.02023	0.05183	0.33458	0.02879	0.01455	0.00920	0.00259	0.05917	0.01256	0.00499	0.05645
7	0.01690	0.01885	0.03867	0.02827	0.03412	0.01918	0.53835	0.02210	0.01592	0.02210	0.01365	0.01885	0.01072	0.00748	0.01170	0.00260	0.15940	0.00812	0.00357	0.00942
8	0.01625	0.02279	0.18848	0.05229	0.03426	0.01808	0.41117	0.02227	0.01594	0.02245	0.01366	0.01809	0.01040	0.00702	0.00966	0.00245	0.08777	0.00740	0.00349	0.03607

[dist]
# distance from previous block
# <min> <max>
6	8

[block]
# block no. 1 follows, 28 sequences, length 16
# corresponding to MSA columns:
# 78-93
name=unknown_B
#
# <colnr> <probs for GDERKNQSTAVLIFYWHMCP>
#	G	D	E	R	K	N	Q	S	T	A	V	L	I	F	Y	W	H	M	C	P
0	0.08337	0.01248	0.01646	0.01271	0.01826	0.01106	0.01050	0.03449	0.02024	0.65957	0.02744	0.02388	0.01732	0.00885	0.00712	0.00225	0.00615	0.00709	0.00870	0.01207
1	0.01061	0.00819	0.01031	0.01030	0.01243	0.00697	0.00727	0.01243	0.01424	0.02000	0.03240	0.53522	0.03754	0.01786	0.00818	0.00242	0.00455	0.01605	0.00606	0.22695
2	0.01508	0.11127	0.63761	0.01986	0.03013	0.01811	0.02536	0.02289	0.01529	0.02241	0.01274	0.01497	0.00922	0.00683	0.00667	0.00222	0.01044	0.00522	0.00307	0.01060
3	0.68409	0.01387	0.01208	0.08401	0.01797	0.01606	0.00926	0.02165	0.01294	0.05825	0.01116	0.01311	0.00847	0.00689	0.00490	0.00227	0.00607	0.00433	0.00455	0.00807
4	0.01064	0.00762	0.01082	0.01082	0.01197	0.00864	0.00817	0.01294	0.01179	0.01724	0.02024	0.03101	0.01932	0.14422	0.57305	0.01034	0.01664	0.00809	0.06022	0.00623
5	0.43615	0.01391	0.01464	0.14748	0.02229	0.01537	0.01100	0.06189	0.01540	0.11464	0.01368	0.01551	0.01002	0.00713	0.00563	0.00218	0.00659	0.00503	0.00497	0.07650
6	0.22198	0.01375	0.01527	0.01242	0.01753	0.01388	0.01009	0.05526	0.14480	0.33249	0.02259	0.02094	0.01549	0.00832	0.00647	0.00220	0.00597	0.00638	0.00715	0.06700
7	0.01495	0.01450	0.13555	0.01355	0.01794	0.01016	0.06854	0.01935	0.01928	0.12899	0.39872	0.04048	0.06370	0.01193	0.00809	0.00230	0.00590	0.01057	0.00688	0.00860
8	0.01535	0.01523	0.02195	0.01880	0.01915	0.02068	0.04327	0.01710	0.01163	0.01783	0.01241	0.07885	0.01295	0.01331	0.02194	0.00313	0.63736	0.00770	0.00351	0.00785
9	0.01656	0.32766	0.43416	0.01734	0.02624	0.02173	0.02098	0.02251	0.01511	0.02061	0.01185	0.01384	0.00926	0.00663	0.00599	0.00200	0.00953	0.00477	0.00309	0.01017
10	0.01584	0.01316	0.01577	0.01157	0.01744	0.01082	0.00933	0.01891	0.01496	0.04995	0.01325	0.01553	0.01094	0.00616	0.00706	0.00131	0.06837	0.00460	0.00439	0.69066
11	0.02549	0.14288	0.05035	0.01785	0.02225	0.58383	0.01431	0.02769	0.01951	0.01789	0.01114	0.01298	0.00935	0.00728	0.00628	0.00184	0.01221	0.00459	0.00362	0.00865
12	0.01394	0.01174	0.01210	0.01126	0.01229	0.08271	0.00785	0.06133	0.01354	0.01752	0.01958	0.03594	0.02082	0.43721	0.14384	0.00660	0.07250	0.00885	0.00435	0.00605
13	0.01373	0.01292	0.02180	0.72707	0.05006	0.01615	0.02019	0.01857	0.01453	0.01857	0.01292	0.01938	0.00969	0.00727	0.00727	0.00242	0.00969	0.00646	0.00323	0.00807
14	0.04615	0.00915	0.01156	0.01005	0.01266	0.00847	0.00747	0.02009	0.01773	0.24032	0.28219	0.04157	0.03923	0.20350	0.01546	0.00352	0.00533	0.01028	0.00725	0.00801
15	0.71547	0.09017	0.01352	0.00986	0.01453	0.01760	0.00835	0.02141	0.01262	0.03101	0.01012	0.01179	0.00802	0.00669	0.00452	0.00218	0.00585	0.00393	0.00435	0.00802

[dist]
# distance from previous block
# <min> <max>
19	42

[block]
# block no. 2 follows, 28 sequences, length 6
# corresponding to MSA columns:
# 136-141
name=unknown_C
#
# <colnr> <probs for GDERKNQSTAVLIFYWHMCP>
#	G	D	E	R	K	N	Q	S	T	A	V	L	I	F	Y	W	H	M	C	P
0	0.08961	0.00870	0.01069	0.01010	0.01251	0.00825	0.00775	0.01709	0.01819	0.13122	0.33611	0.16886	0.08408	0.01507	0.00820	0.00247	0.00442	0.05166	0.00745	0.00759
1	0.70614	0.01386	0.01141	0.00996	0.01459	0.01565	0.00820	0.02302	0.01336	0.11158	0.01230	0.01333	0.00906	0.00701	0.00483	0.00225	0.00569	0.00433	0.00503	0.00840
2	0.05324	0.04705	0.01426	0.01160	0.01406	0.01201	0.00912	0.01677	0.01480	0.09805	0.06893	0.12683	0.15725	0.08441	0.01366	0.00288	0.15254	0.01046	0.00559	0.08649
3	0.01173	0.00632	0.00922	0.00962	0.00972	0.00622	0.00642	0.00962	0.01052	0.01403	0.01913	0.19225	0.02103	0.02466	0.02387	0.60227	0.00582	0.00972	0.00401	0.00381
4	0.01968	0.01464	0.01679	0.01251	0.01861	0.01307	0.01011	0.16397	0.05891	0.09483	0.01640	0.01723	0.01248	0.00672	0.00610	0.00151	0.00605	0.00531	0.00559	0.49948
5	0.01689	0.01878	0.03893	0.02813	0.03468	0.01818	0.56157	0.02236	0.01641	0.02273	0.01406	0.01893	0.01086	0.00674	0.00990	0.00243	0.08420	0.00807	0.00367	0.06248

[dist]
# distance from previous block
# <min> <max>
1	4

[block]
# block no. 3 follows, 28 sequences, length 9
# corresponding to MSA columns:
# 146-154
name=unknown_D
#
# <colnr> <probs for GDERKNQSTAVLIFYWHMCP>
#	G	D	E	R	K	N	Q	S	T	A	V	L	I	F	Y	W	H	M	C	P
0	0.05485	0.01323	0.02166	0.65069	0.08516	0.01622	0.01966	0.01893	0.01454	0.01960	0.01282	0.01890	0.00970	0.00720	0.00712	0.00240	0.00942	0.00633	0.00332	0.00826
1	0.01423	0.01349	0.02262	0.63645	0.04715	0.01642	0.05674	0.02027	0.06271	0.01969	0.01421	0.01995	0.01066	0.00739	0.00735	0.00243	0.00955	0.00671	0.00355	0.00842
2	0.14412	0.02341	0.01936	0.01622	0.02082	0.24111	0.01290	0.29804	0.07223	0.03266	0.01491	0.01584	0.01131	0.00827	0.00729	0.00215	0.03793	0.00567	0.00557	0.01019
3	0.01196	0.00894	0.01261	0.01214	0.01386	0.01032	0.00952	0.07356	0.01374	0.01952	0.01929	0.02754	0.01764	0.05033	0.65089	0.01081	0.01842	0.00767	0.00420	0.00703
4	0.01512	0.11681	0.63240	0.01980	0.03004	0.01820	0.02525	0.02288	0.01528	0.02236	0.01272	0.01494	0.00922	0.00683	0.00666	0.00222	0.01041	0.00521	0.00307	0.01059
5	0.01516	0.12234	0.62720	0.01973	0.02994	0.01830	0.02514	0.02287	0.01528	0.02232	0.01269	0.01491	0.00922	0.00682	0.00664	0.00221	0.01039	0.00519	0.00307	0.01057
6	0.01830	0.19114	0.32278	0.01737	0.02465	0.16000	0.01869	0.02492	0.07792	0.02163	0.04711	0.01707	0.01337	0.00753	0.00647	0.00206	0.00975	0.00555	0.00385	0.00984
7	0.01031	0.00770	0.01112	0.01112	0.01236	0.00875	0.00848	0.01263	0.01183	0.01676	0.02252	0.03237	0.05325	0.11504	0.61860	0.01080	0.01755	0.00842	0.00408	0.00628
8	0.01683	0.01412	0.01633	0.01209	0.01806	0.01227	0.00974	0.10233	0.04521	0.02647	0.01403	0.01592	0.01139	0.00634	0.00659	0.00138	0.04048	0.00485	0.00476	0.62084

[dist]
# distance from previous block
# <min> <max>
11	60

[block]
# block no. 4 follows, 28 sequences, length 7
# corresponding to MSA columns:
# 216-222
name=unknown_E
#
# <colnr> <probs for GDERKNQSTAVLIFYWHMCP>
#	G	D	E	R	K	N	Q	S	T	A	V	L	I	F	Y	W	H	M	C	P
0	0.06595	0.01416	0.01587	0.01206	0.01782	0.01289	0.00973	0.14438	0.05939	0.09370	0.01975	0.02026	0.05339	0.00749	0.00618	0.00163	0.00589	0.00589	0.00566	0.42789
1	0.13855	0.01546	0.01735	0.01349	0.01895	0.01569	0.01109	0.27058	0.02402	0.26483	0.04812	0.02042	0.01582	0.00846	0.00675	0.00211	0.00659	0.00648	0.00719	0.08805
2	0.01373	0.01292	0.02180	0.72707	0.05006	0.01615	0.02019	0.01857	0.01453	0.01857	0.01292	0.01938	0.00969	0.00727	0.00727	0.00242	0.00969	0.00646	0.00323	0.00807
3	0.01116	0.00784	0.00971	0.00958	0.01049	0.00826	0.00656	0.04107	0.01271	0.01749	0.02566	0.08222	0.06433	0.37554	0.24934	0.00760	0.01057	0.01025	0.03392	0.00571
4	0.46214	0.11695	0.04057	0.04623	0.01779	0.01749	0.01033	0.06922	0.01562	0.07665	0.05713	0.01637	0.01322	0.00754	0.00540	0.00216	0.00637	0.00513	0.00494	0.00876
5	0.64600	0.01335	0.01139	0.01026	0.01459	0.01500	0.00852	0.02214	0.01362	0.09740	0.01466	0.01980	0.01212	0.00824	0.00530	0.00235	0.00578	0.06615	0.00515	0.00820
6	0.01483	0.01433	0.02093	0.58001	0.04331	0.06453	0.01858	0.01912	0.01471	0.01890	0.01312	0.01909	0.01015	0.00780	0.00846	0.00241	0.06897	0.00635	0.04641	0.00802

[dist]
# distance from previous block
# <min> <max>
15	27

[block]
# block no. 5 follows, 28 sequences, length 8
# corresponding to MSA columns:
# 251-258
name=unknown_F
#
# <colnr> <probs for GDERKNQSTAVLIFYWHMCP>
#	G	D	E	R	K	N	Q	S	T	A	V	L	I	F	Y	W	H	M	C	P
0	0.08818	0.22202	0.46698	0.01751	0.02649	0.01995	0.02132	0.02254	0.01492	0.02236	0.01200	0.01405	0.00912	0.00671	0.00610	0.00210	0.00949	0.00485	0.00321	0.01011
1	0.09007	0.56596	0.05896	0.01253	0.01832	0.05584	0.01224	0.02149	0.01527	0.01970	0.06207	0.01511	0.01367	0.00700	0.00512	0.00172	0.00760	0.00468	0.00363	0.00902
2	0.11300	0.01966	0.02058	0.01593	0.02160	0.02185	0.01316	0.60233	0.03175	0.04434	0.01664	0.01682	0.01186	0.00851	0.00696	0.00219	0.00773	0.00625	0.00696	0.01186
3	0.01507	0.01361	0.02119	0.54400	0.04187	0.01704	0.01844	0.06797	0.01559	0.02087	0.01329	0.01911	0.01028	0.00818	0.00944	0.00247	0.10791	0.00647	0.03889	0.00832
4	0.06756	0.18707	0.51858	0.01822	0.02759	0.01937	0.02253	0.02264	0.01503	0.02240	0.01223	0.01433	0.00914	0.00675	0.00627	0.00214	0.00977	0.00496	0.00317	0.01025
5	0.10521	0.01433	0.02278	0.44440	0.23604	0.01650	0.01939	0.01999	0.01488	0.02171	0.01282	0.01810	0.01001	0.00698	0.00693	0.00233	0.00891	0.00617	0.00348	0.00906
6	0.08313	0.68863	0.03584	0.01220	0.01828	0.02774	0.01206	0.02173	0.01457	0.01837	0.01011	0.01167	0.00921	0.00626	0.00465	0.00161	0.00760	0.00389	0.00322	0.00921
7	0.01075	0.00767	0.01112	0.01112	0.01246	0.00882	0.00862	0.01344	0.01209	0.01805	0.01996	0.02839	0.01823	0.04920	0.63374	0.01053	0.01761	0.00767	0.09400	0.00652

[dist]
# distance from previous block
# <min> <max>
3	7

[block]
# block no. 6 follows, 28 sequences, length 9
# corresponding to MSA columns:
# 267-275
name=unknown_G
#
# <colnr> <probs for GDERKNQSTAVLIFYWHMCP>
#	G	D	E	R	K	N	Q	S	T	A	V	L	I	F	Y	W	H	M	C	P
0	0.02763	0.02036	0.02182	0.01672	0.02254	0.02254	0.01382	0.67496	0.03418	0.04581	0.01745	0.01745	0.01236	0.00873	0.00727	0.00218	0.00800	0.00654	0.00727	0.01236
1	0.01086	0.00848	0.01259	0.01232	0.01350	0.01022	0.00967	0.01337	0.01164	0.01693	0.01862	0.02747	0.01743	0.05093	0.65635	0.01095	0.08055	0.00767	0.00383	0.00662
2	0.01943	0.74891	0.03809	0.01244	0.01866	0.02876	0.01244	0.02177	0.01477	0.01710	0.01011	0.01166	0.00933	0.00622	0.00466	0.00155	0.00777	0.00389	0.00311	0.00933
3	0.02763	0.02036	0.02182	0.01672	0.02254	0.02254	0.01382	0.67496	0.03418	0.04581	0.01745	0.01745	0.01236	0.00873	0.00727	0.00218	0.00800	0.00654	0.00727	0.01236
4	0.01888	0.66718	0.11494	0.01339	0.02013	0.02740	0.01409	0.02191	0.01484	0.01778	0.01044	0.01208	0.00931	0.00630	0.00492	0.00164	0.00811	0.00406	0.00310	0.00949
5	0.01038	0.00779	0.01168	0.01168	0.01298	0.00909	0.00909	0.01298	0.01168	0.01687	0.01947	0.02856	0.01817	0.05452	0.71573	0.01168	0.01947	0.00779	0.00389	0.00649
6	0.01657	0.32871	0.43317	0.01733	0.02622	0.02174	0.02096	0.02251	0.01511	0.02060	0.01184	0.01384	0.00926	0.00662	0.00599	0.00200	0.00953	0.00476	0.00309	0.01016
7	0.01489	0.01392	0.02337	0.61254	0.08627	0.01667	0.05443	0.05370	0.01583	0.02056	0.01330	0.01921	0.01001	0.00724	0.00733	0.00240	0.00967	0.00658	0.00349	0.00860
8	0.49897	0.01558	0.01443	0.01190	0.01688	0.01736	0.00981	0.20097	0.01928	0.11338	0.01425	0.01483	0.01026	0.00754	0.00558	0.00223	0.00633	0.00503	0.00577	0.00961

[dist]
# distance from previous block
# <min> <max>
0	1

[block]
# block no. 7 follows, 28 sequences, length 9
# corresponding to MSA columns:
# 277-285
name=unknown_H
#
# <colnr> <probs for GDERKNQSTAVLIFYWHMCP>
#	G	D	E	R	K	N	Q	S	T	A	V	L	I	F	Y	W	H	M	C	P
0	0.09921	0.01202	0.01820	0.43905	0.07556	0.01405	0.01583	0.01796	0.01583	0.02291	0.17279	0.02666	0.02342	0.00894	0.00727	0.00236	0.00771	0.00775	0.00451	0.00797
1	0.01420	0.01340	0.02265	0.65200	0.12147	0.01627	0.02042	0.01898	0.01476	0.01914	0.01300	0.01923	0.00989	0.00718	0.00726	0.00239	0.00957	0.00646	0.00327	0.00845
2	0.01864	0.63305	0.14703	0.01379	0.02074	0.02683	0.01479	0.02197	0.01486	0.01807	0.01058	0.01226	0.00931	0.00633	0.00503	0.00168	0.00826	0.00413	0.00310	0.00956
3	0.58186	0.06632	0.01396	0.01064	0.01521	0.01724	0.00887	0.10362	0.01595	0.03292	0.06491	0.01585	0.01332	0.00760	0.00518	0.00219	0.00590	0.00499	0.00503	0.00846
4	0.02729	0.03056	0.02095	0.01815	0.02249	0.51733	0.01398	0.21366	0.02448	0.02580	0.01301	0.01435	0.01022	0.00784	0.00676	0.00196	0.01165	0.00521	0.00475	0.00955
5	0.01272	0.00792	0.01224	0.17773	0.01887	0.00868	0.00942	0.01169	0.01074	0.01414	0.01350	0.02346	0.01302	0.07757	0.02412	0.54263	0.00716	0.00668	0.00327	0.00441
6	0.01490	0.01412	0.02393	0.53869	0.22924	0.01646	0.02077	0.01960	0.01509	0.02000	0.01313	0.01900	0.01019	0.00705	0.00725	0.00235	0.00940	0.00646	0.00333	0.00902
7	0.01742	0.01524	0.02322	0.48593	0.08521	0.01782	0.04710	0.17304	0.01939	0.02550	0.01411	0.01885	0.01049	0.00751	0.00732	0.00235	0.00934	0.00657	0.00422	0.00938
8	0.07120	0.01329	0.02103	0.60615	0.04444	0.01675	0.01887	0.01867	0.01405	0.01950	0.01239	0.01849	0.00954	0.00776	0.00867	0.00248	0.07910	0.00627	0.00332	0.00805

[dist]
# distance from previous block
# <min> <max>
3	24

[block]
# block no. 8 follows, 28 sequences, length 6
# corresponding to MSA columns:
# 310-315
name=unknown_I
#
# <colnr> <probs for GDERKNQSTAVLIFYWHMCP>
#	G	D	E	R	K	N	Q	S	T	A	V	L	I	F	Y	W	H	M	C	P
0	0.16674	0.11153	0.10052	0.04791	0.01786	0.01540	0.01130	0.11030	0.01743	0.02858	0.04169	0.01998	0.01473	0.00786	0.00568	0.00198	0.00626	0.00587	0.25973	0.00865
1	0.01428	0.01088	0.01330	0.01243	0.01431	0.01176	0.00930	0.15967	0.01807	0.02469	0.05334	0.35984	0.03224	0.07394	0.04919	0.00347	0.08219	0.01368	0.00612	0.03729
2	0.02758	0.02189	0.02168	0.01694	0.02253	0.09676	0.01384	0.60576	0.03272	0.04281	0.01679	0.01699	0.01204	0.00859	0.00719	0.00215	0.00855	0.00634	0.00689	0.01194
3	0.01396	0.01324	0.02185	0.65223	0.04679	0.01680	0.01973	0.01846	0.01418	0.01846	0.01256	0.01901	0.00967	0.00784	0.00902	0.00250	0.08596	0.00645	0.00322	0.00806
4	0.01517	0.12432	0.62534	0.01971	0.02990	0.01833	0.02510	0.02287	0.01528	0.02230	0.01269	0.01490	0.00922	0.00682	0.00663	0.00221	0.01038	0.00519	0.00307	0.01057
5	0.09631	0.01376	0.02191	0.53887	0.15385	0.01635	0.01925	0.01948	0.01464	0.02090	0.01275	0.01836	0.00980	0.00708	0.00697	0.00236	0.00909	0.00620	0.00342	0.00862

[dist]
# distance from previous block
# <min> <max>
0	2

[block]
# block no. 9 follows, 28 sequences, length 10
# corresponding to MSA columns:
# 318-327
name=unknown_J
#
# <colnr> <probs for GDERKNQSTAVLIFYWHMCP>
#	G	D	E	R	K	N	Q	S	T	A	V	L	I	F	Y	W	H	M	C	P
0	0.02763	0.02036	0.02182	0.01672	0.02254	0.02254	0.01382	0.67496	0.03418	0.04581	0.01745	0.01745	0.01236	0.00873	0.00727	0.00218	0.00800	0.00654	0.00727	0.01236
1	0.01507	0.01292	0.01507	0.01077	0.01723	0.00969	0.00861	0.01830	0.01507	0.02369	0.01292	0.01507	0.01077	0.00538	0.00538	0.00108	0.00538	0.00431	0.00431	0.78898
2	0.01422	0.01360	0.01934	0.21162	0.02660	0.05180	0.04133	0.01728	0.01315	0.01813	0.01395	0.02069	0.01232	0.02312	0.22823	0.00538	0.21659	0.00674	0.00351	0.04241
3	0.09955	0.01542	0.02193	0.34579	0.17225	0.01766	0.01771	0.14033	0.05314	0.02669	0.01447	0.01835	0.01101	0.00745	0.00697	0.00231	0.00853	0.00630	0.00439	0.00972
4	0.05624	0.01466	0.02182	0.50951	0.09238	0.01741	0.01856	0.13866	0.01816	0.02464	0.01366	0.01854	0.01022	0.00745	0.00712	0.00235	0.00910	0.00635	0.00406	0.00911
5	0.01438	0.01370	0.02001	0.14664	0.02348	0.01845	0.01529	0.01677	0.01187	0.01756	0.01219	0.01913	0.01134	0.02028	0.16246	0.00478	0.45399	0.00667	0.00334	0.00767
6	0.01508	0.03224	0.54775	0.14929	0.03441	0.01703	0.02499	0.05478	0.01614	0.02335	0.01324	0.01619	0.00945	0.00706	0.00699	0.00232	0.01041	0.00563	0.00331	0.01034
7	0.01500	0.01435	0.02271	0.40229	0.13783	0.01755	0.01877	0.01884	0.01399	0.01935	0.01216	0.01804	0.00998	0.00846	0.01145	0.00251	0.19605	0.00632	0.00333	0.05103
8	0.02525	0.02350	0.14671	0.01745	0.02417	0.02151	0.01619	0.55610	0.03074	0.04166	0.01665	0.01707	0.01179	0.00839	0.00721	0.00220	0.00850	0.00633	0.00651	0.01207
9	0.01475	0.01274	0.02105	0.62907	0.04538	0.01572	0.01893	0.01901	0.01450	0.05364	0.01357	0.01962	0.01024	0.00835	0.00888	0.03551	0.04093	0.00649	0.00352	0.00808

[dist]
# distance from previous block
# <min> <max>
7	36

[block]
# block no. 10 follows, 28 sequences, length 22
# corresponding to MSA columns:
# 364-385
name=unknown_K
#
# <colnr> <probs for GDERKNQSTAVLIFYWHMCP>
#	G	D	E	R	K	N	Q	S	T	A	V	L	I	F	Y	W	H	M	C	P
0	0.01716	0.01336	0.01535	0.01234	0.01704	0.01251	0.00977	0.20737	0.02096	0.02966	0.07768	0.14286	0.02345	0.01057	0.00701	0.00189	0.00583	0.03019	0.00597	0.33902
1	0.01480	0.01443	0.02243	0.62930	0.10699	0.05221	0.02006	0.01945	0.01503	0.01900	0.01290	0.01893	0.00984	0.00721	0.00722	0.00237	0.00977	0.00637	0.00329	0.00840
2	0.02763	0.02036	0.02182	0.01672	0.02254	0.02254	0.01382	0.67496	0.03418	0.04581	0.01745	0.01745	0.01236	0.00873	0.00727	0.00218	0.00800	0.00654	0.00727	0.01236
3	0.01397	0.01317	0.02224	0.68821	0.08702	0.01621	0.02031	0.01879	0.01465	0.01887	0.01296	0.01930	0.00979	0.00722	0.00726	0.00241	0.00963	0.00646	0.00325	0.00827
4	0.02763	0.02036	0.02182	0.01672	0.02254	0.02254	0.01382	0.67496	0.03418	0.04581	0.01745	0.01745	0.01236	0.00873	0.00727	0.00218	0.00800	0.00654	0.00727	0.01236
5	0.01507	0.01292	0.01507	0.01077	0.01723	0.00969	0.00861	0.01830	0.01507	0.02369	0.01292	0.01507	0.01077	0.00538	0.00538	0.00108	0.00538	0.00431	0.00431	0.78898
6	0.01373	0.01292	0.02180	0.72707	0.05006	0.01615	0.02019	0.01857	0.01453	0.01857	0.01292	0.01938	0.00969	0.00727	0.00727	0.00242	0.00969	0.00646	0.00323	0.00807
7	0.45641	0.01636	0.01530	0.01250	0.01757	0.01834	0.01031	0.27136	0.02120	0.07868	0.01405	0.01475	0.01020	0.00764	0.00573	0.00222	0.00656	0.00514	0.00583	0.00986
8	0.01373	0.01292	0.02180	0.72707	0.05006	0.01615	0.02019	0.01857	0.01453	0.01857	0.01292	0.01938	0.00969	0.00727	0.00727	0.00242	0.00969	0.00646	0.00323	0.00807
9	0.02761	0.02102	0.02176	0.01682	0.02254	0.05455	0.01383	0.64512	0.03355	0.04452	0.01716	0.01725	0.01222	0.00867	0.00724	0.00217	0.00823	0.00646	0.00711	0.01218
10	0.01514	0.01482	0.02135	0.12243	0.02314	0.02031	0.01599	0.01729	0.01168	0.01760	0.01083	0.01743	0.01026	0.01527	0.07686	0.00375	0.56827	0.00649	0.00325	0.00785
11	0.51859	0.01633	0.01470	0.01215	0.01712	0.01856	0.01002	0.25728	0.02024	0.03738	0.01277	0.01385	0.00949	0.00746	0.00550	0.00222	0.00648	0.00488	0.00550	0.00949
12	0.01373	0.01292	0.02180	0.72707	0.05006	0.01615	0.02019	0.01857	0.01453	0.01857	0.01292	0.01938	0.00969	0.00727	0.00727	0.00242	0.00969	0.00646	0.00323	0.00807
13	0.02705	0.02007	0.02149	0.01661	0.02232	0.02227	0.01368	0.63608	0.07401	0.04487	0.01819	0.01804	0.01296	0.00880	0.00728	0.00220	0.00786	0.00665	0.00728	0.01231
14	0.01440	0.01381	0.02053	0.01769	0.01852	0.01825	0.05506	0.01657	0.01167	0.01768	0.01270	0.01975	0.01210	0.02426	0.22076	0.00557	0.48269	0.00691	0.00342	0.00765
15	0.01392	0.01319	0.02184	0.66343	0.04728	0.01670	0.01980	0.01848	0.01423	0.01848	0.01262	0.01907	0.00968	0.00776	0.00876	0.00249	0.07455	0.00645	0.00323	0.00806
16	0.01458	0.03760	0.70688	0.02072	0.03146	0.01688	0.02686	0.02302	0.01535	0.02302	0.01304	0.01535	0.00921	0.00691	0.00691	0.00230	0.01074	0.00537	0.00307	0.01074
17	0.08250	0.65592	0.03505	0.01250	0.01846	0.06010	0.01214	0.02208	0.01485	0.01839	0.01016	0.01174	0.00921	0.00632	0.00474	0.00163	0.00785	0.00393	0.00325	0.00917
18	0.02677	0.01993	0.02133	0.01655	0.02221	0.02214	0.01361	0.61776	0.09277	0.04443	0.01854	0.01832	0.01325	0.00883	0.00728	0.00221	0.00780	0.00669	0.00728	0.01228
19	0.01038	0.00779	0.01168	0.01168	0.01298	0.00909	0.00909	0.01298	0.01168	0.01687	0.01947	0.02856	0.01817	0.05452	0.71573	0.01168	0.01947	0.00779	0.00389	0.00649
20	0.01781	0.49799	0.17927	0.01425	0.02104	0.02421	0.01519	0.02298	0.06941	0.02007	0.04755	0.01590	0.01339	0.00711	0.00557	0.00183	0.00803	0.00503	0.00370	0.00968
21	0.08883	0.57670	0.10931	0.01326	0.01981	0.02609	0.01368	0.04634	0.01535	0.02023	0.01071	0.01230	0.00930	0.00644	0.00500	0.00172	0.00792	0.00416	0.00339	0.00947

[dist]
# distance from previous block
# <min> <max>
0	7

[block]
# block no. 11 follows, 28 sequences, length 15
# corresponding to MSA columns:
# 393-407
name=unknown_L
#
# <colnr> <probs for GDERKNQSTAVLIFYWHMCP>
#	G	D	E	R	K	N	Q	S	T	A	V	L	I	F	Y	W	H	M	C	P
0	0.01441	0.01395	0.02286	0.52218	0.04192	0.01775	0.04840	0.01852	0.01382	0.01852	0.01217	0.01854	0.00971	0.00855	0.01139	0.00261	0.18679	0.00653	0.00324	0.00812
1	0.01389	0.01177	0.01445	0.01348	0.01434	0.07196	0.01044	0.01479	0.01188	0.01642	0.01468	0.02235	0.01386	0.03098	0.28396	0.19886	0.19832	0.00676	0.03057	0.00622
2	0.01803	0.32294	0.26730	0.01692	0.02358	0.09412	0.01813	0.02234	0.01505	0.01929	0.01117	0.01370	0.00932	0.00752	0.00838	0.00208	0.11260	0.00484	0.00317	0.00953
3	0.05834	0.01840	0.15223	0.43696	0.15507	0.01649	0.02112	0.02021	0.01491	0.02108	0.01292	0.01796	0.00981	0.00704	0.00703	0.00235	0.00948	0.00612	0.00333	0.00915
4	0.04714	0.01717	0.01830	0.01494	0.01985	0.01889	0.01213	0.38748	0.20040	0.03761	0.02541	0.02646	0.06815	0.01007	0.00737	0.00229	0.00687	0.03492	0.00705	0.03751
5	0.01577	0.21187	0.54302	0.01869	0.02832	0.01979	0.02332	0.02271	0.01521	0.02157	0.01232	0.01444	0.00924	0.00674	0.00636	0.00212	0.01002	0.00501	0.00308	0.01040
6	0.01509	0.01431	0.02426	0.50941	0.25710	0.01651	0.02086	0.01976	0.01518	0.02022	0.01316	0.01894	0.01027	0.00702	0.00724	0.00234	0.00935	0.00647	0.00335	0.00917
7	0.01427	0.01392	0.02453	0.60521	0.04710	0.01672	0.10388	0.01913	0.01472	0.01913	0.01300	0.01925	0.00986	0.00737	0.00819	0.00246	0.04297	0.00673	0.00329	0.00829
8	0.01403	0.01323	0.02236	0.67783	0.09690	0.01623	0.02034	0.01884	0.01468	0.01895	0.01297	0.01928	0.00982	0.00721	0.00726	0.00240	0.00961	0.00646	0.00326	0.00832
9	0.01787	0.51949	0.25380	0.01511	0.02279	0.02493	0.01709	0.02217	0.01496	0.01901	0.01105	0.01285	0.00929	0.00644	0.00539	0.00180	0.00873	0.00437	0.00310	0.00978
10	0.01304	0.01184	0.01935	0.50863	0.03909	0.01479	0.01720	0.01714	0.01363	0.01809	0.01432	0.02142	0.01176	0.01919	0.18205	0.00474	0.05588	0.00678	0.00339	0.00768
11	0.01682	0.36650	0.39764	0.01689	0.02554	0.02238	0.02019	0.02244	0.01508	0.02028	0.01169	0.01364	0.00926	0.00659	0.00587	0.00196	0.00937	0.00468	0.00309	0.01009
12	0.01733	0.44021	0.32833	0.01603	0.02421	0.02361	0.01870	0.02231	0.01502	0.01967	0.01138	0.01326	0.00928	0.00652	0.00564	0.00188	0.00906	0.00453	0.00309	0.00994
13	0.01633	0.01550	0.02631	0.25228	0.46825	0.01655	0.02104	0.02073	0.01571	0.02184	0.01371	0.01891	0.01127	0.00896	0.04022	0.00268	0.00946	0.00653	0.00350	0.01023
14	0.01403	0.01329	0.02106	0.47417	0.03851	0.01720	0.01808	0.01780	0.01337	0.01814	0.01256	0.01922	0.01037	0.01278	0.07220	0.00342	0.20607	0.00655	0.00327	0.00791

[dist]
# distance from previous block
# <min> <max>
0	1

[block]
# block no. 12 follows, 28 sequences, length 88
# corresponding to MSA columns:
# 409-496
name=unknown_M
#
# <colnr> <probs for GDERKNQSTAVLIFYWHMCP>
#	G	D	E	R	K	N	Q	S	T	A	V	L	I	F	Y	W	H	M	C	P
0	0.01530	0.01557	0.02715	0.31737	0.03667	0.01876	0.17938	0.01937	0.01404	0.01937	0.01222	0.01827	0.00997	0.00882	0.01317	0.00268	0.25316	0.00695	0.00332	0.00846
1	0.08728	0.39638	0.30497	0.01551	0.02340	0.02286	0.01783	0.02224	0.01479	0.02088	0.01129	0.01316	0.00915	0.00654	0.00555	0.00192	0.00878	0.00449	0.00322	0.00977
2	0.01846	0.01936	0.02301	0.01941	0.02101	0.14104	0.06266	0.06141	0.01468	0.01973	0.01111	0.01630	0.01014	0.01277	0.04650	0.00318	0.48094	0.00630	0.00360	0.00839
3	0.01207	0.01020	0.01192	0.01164	0.01278	0.06932	0.00861	0.01393	0.01215	0.01629	0.01924	0.03144	0.01913	0.21877	0.46201	0.00938	0.04279	0.00815	0.00398	0.00620
4	0.05671	0.01879	0.02032	0.01587	0.02134	0.02070	0.01305	0.54220	0.07063	0.08694	0.01872	0.01874	0.01338	0.01057	0.03562	0.00259	0.00811	0.00664	0.00715	0.01190
5	0.01650	0.00933	0.01208	0.01047	0.01333	0.00866	0.00815	0.05686	0.02141	0.18788	0.50053	0.04527	0.05353	0.01314	0.00820	0.00227	0.00434	0.01140	0.00819	0.00846
6	0.02738	0.01310	0.01642	0.01331	0.01831	0.01267	0.01075	0.03539	0.21456	0.47783	0.05871	0.02675	0.02147	0.00951	0.00739	0.00231	0.00594	0.00784	0.00849	0.01187
7	0.01507	0.01292	0.01507	0.01077	0.01723	0.00969	0.00861	0.01830	0.01507	0.02369	0.01292	0.01507	0.01077	0.00538	0.00538	0.00108	0.00538	0.00431	0.00431	0.78898
8	0.02763	0.02036	0.02182	0.01672	0.02254	0.02254	0.01382	0.67496	0.03418	0.04581	0.01745	0.01745	0.01236	0.00873	0.00727	0.00218	0.00800	0.00654	0.00727	0.01236
9	0.05850	0.01243	0.01666	0.01282	0.01840	0.01087	0.01059	0.03495	0.02052	0.68145	0.02805	0.02430	0.01765	0.00892	0.00721	0.00225	0.00617	0.00720	0.00884	0.01222
10	0.01808	0.01561	0.01644	0.01479	0.01890	0.01808	0.01151	0.03863	0.68606	0.03041	0.02959	0.02712	0.02219	0.00986	0.00740	0.00247	0.00575	0.00822	0.00740	0.01151
11	0.01001	0.00742	0.00933	0.00885	0.01069	0.00674	0.00664	0.01317	0.01991	0.02757	0.59195	0.05690	0.17299	0.01545	0.00858	0.00231	0.00347	0.01351	0.00779	0.00674
12	0.01029	0.00743	0.00972	0.00914	0.01086	0.00686	0.00686	0.01372	0.02058	0.02915	0.69536	0.05430	0.06859	0.01486	0.00857	0.00229	0.00343	0.01315	0.00800	0.00686
13	0.01029	0.00743	0.00972	0.00914	0.01086	0.00686	0.00686	0.01372	0.02058	0.02915	0.69536	0.05430	0.06859	0.01486	0.00857	0.00229	0.00343	0.01315	0.00800	0.00686
14	0.01799	0.01727	0.02950	0.04462	0.69919	0.01727	0.02231	0.02231	0.01655	0.02375	0.01367	0.01799	0.01151	0.00648	0.00720	0.00216	0.00864	0.00648	0.00360	0.01151
15	0.79588	0.01406	0.01068	0.00956	0.01406	0.01631	0.00787	0.02137	0.01237	0.03261	0.01012	0.01181	0.00787	0.00675	0.00450	0.00225	0.00562	0.00394	0.00450	0.00787
16	0.00886	0.00633	0.00843	0.01012	0.01054	0.00590	0.00675	0.01012	0.01392	0.01856	0.04006	0.73979	0.04808	0.02277	0.00928	0.00295	0.00422	0.02066	0.00675	0.00590
17	0.02763	0.02036	0.02182	0.01672	0.02254	0.02254	0.01382	0.67496	0.03418	0.04581	0.01745	0.01745	0.01236	0.00873	0.00727	0.00218	0.00800	0.00654	0.00727	0.01236
18	0.01649	0.01761	0.03572	0.02654	0.03275	0.01694	0.51005	0.02375	0.08782	0.02382	0.01962	0.02916	0.01653	0.00848	0.00866	0.00258	0.01079	0.09865	0.00449	0.00955
19	0.01799	0.01727	0.02950	0.04462	0.69919	0.01727	0.02231	0.02231	0.01655	0.02375	0.01367	0.01799	0.01151	0.00648	0.00720	0.00216	0.00864	0.00648	0.00360	0.01151
20	0.02043	0.01678	0.01776	0.01527	0.01980	0.01918	0.01207	0.19526	0.52560	0.03420	0.02660	0.02474	0.01977	0.00958	0.00737	0.00240	0.00631	0.00781	0.00737	0.01172
21	0.01808	0.01561	0.01644	0.01479	0.01890	0.01808	0.01151	0.03863	0.68606	0.03041	0.02959	0.02712	0.02219	0.00986	0.00740	0.00247	0.00575	0.00822	0.00740	0.01151
22	0.01487	0.08017	0.66685	0.02022	0.03069	0.01759	0.02599	0.02295	0.01531	0.02267	0.01287	0.01513	0.00922	0.00686	0.00677	0.00226	0.01057	0.00528	0.00307	0.01066
23	0.01486	0.07855	0.66838	0.02024	0.03072	0.01757	0.02603	0.02295	0.01531	0.02268	0.01288	0.01513	0.00922	0.00687	0.00678	0.00226	0.01057	0.00529	0.00307	0.01066
24	0.01943	0.74891	0.03809	0.01244	0.01866	0.02876	0.01244	0.02177	0.01477	0.01710	0.01011	0.01166	0.00933	0.00622	0.00466	0.00155	0.00777	0.00389	0.00311	0.00933
25	0.00886	0.00633	0.00843	0.01012	0.01054	0.00590	0.00675	0.01012	0.01392	0.01856	0.04006	0.73979	0.04808	0.02277	0.00928	0.00295	0.00422	0.02066	0.00675	0.00590
26	0.01038	0.00779	0.01168	0.01168	0.01298	0.00909	0.00909	0.01298	0.01168	0.01687	0.01947	0.02856	0.01817	0.05452	0.71573	0.01168	0.01947	0.00779	0.00389	0.00649
27	0.01716	0.01961	0.04289	0.03064	0.03799	0.01838	0.67279	0.02328	0.01716	0.02328	0.01471	0.01961	0.01103	0.00613	0.00858	0.00245	0.01225	0.00858	0.00368	0.00980
28	0.00876	0.00730	0.00767	0.00792	0.01013	0.00621	0.00593	0.01061	0.01630	0.01962	0.06852	0.14131	0.59850	0.01895	0.00873	0.00255	0.00387	0.04425	0.00675	0.00614
29	0.00886	0.00633	0.00843	0.01012	0.01054	0.00590	0.00675	0.01012	0.01392	0.01856	0.04006	0.73979	0.04808	0.02277	0.00928	0.00295	0.00422	0.02066	0.00675	0.00590
30	0.03214	0.01248	0.01685	0.01299	0.01857	0.01093	0.01071	0.03553	0.04271	0.68205	0.02871	0.02482	0.01813	0.00903	0.00731	0.00226	0.00617	0.00734	0.00894	0.01234
31	0.01458	0.03760	0.70688	0.02072	0.03146	0.01688	0.02686	0.02302	0.01535	0.02302	0.01304	0.01535	0.00921	0.00691	0.00691	0.00230	0.01074	0.00537	0.00307	0.01074
32	0.01263	0.00631	0.00947	0.00947	0.00947	0.00631	0.00631	0.00947	0.00947	0.01263	0.01263	0.02210	0.01263	0.02525	0.02841	0.78851	0.00631	0.00631	0.00316	0.00316
33	0.79588	0.01406	0.01068	0.00956	0.01406	0.01631	0.00787	0.02137	0.01237	0.03261	0.01012	0.01181	0.00787	0.00675	0.00450	0.00225	0.00562	0.00394	0.00450	0.00787
34	0.01507	0.01292	0.01507	0.01077	0.01723	0.00969	0.00861	0.01830	0.01507	0.02369	0.01292	0.01507	0.01077	0.00538	0.00538	0.00108	0.00538	0.00431	0.00431	0.78898
35	0.00886	0.00633	0.00843	0.01012	0.01054	0.00590	0.00675	0.01012	0.01392	0.01856	0.04006	0.73979	0.04808	0.02277	0.00928	0.00295	0.00422	0.02066	0.00675	0.00590
36	0.01426	0.01365	0.02192	0.55280	0.04244	0.01765	0.01913	0.01831	0.01370	0.01831	0.01209	0.01852	0.00965	0.00861	0.01135	0.00261	0.18729	0.00644	0.00322	0.00804
37	0.01611	0.05810	0.02318	0.01870	0.01906	0.02264	0.01570	0.01774	0.01134	0.01747	0.00957	0.01566	0.00953	0.01235	0.02275	0.00309	0.68959	0.00622	0.00318	0.00803
38	0.01130	0.00765	0.01004	0.00932	0.01121	0.00703	0.00703	0.01470	0.02059	0.05961	0.66527	0.05296	0.06630	0.01460	0.00852	0.00228	0.00355	0.01288	0.00805	0.00711
39	0.01373	0.01292	0.02180	0.72707	0.05006	0.01615	0.02019	0.01857	0.01453	0.01857	0.01292	0.01938	0.00969	0.00727	0.00727	0.00242	0.00969	0.00646	0.00323	0.00807
40	0.01022	0.00737	0.00965	0.00919	0.01084	0.00681	0.00685	0.01354	0.02024	0.02862	0.66242	0.08876	0.06756	0.01526	0.00861	0.00232	0.00347	0.01352	0.00794	0.00681
41	0.00859	0.00736	0.00736	0.00736	0.00982	0.00614	0.00552	0.01043	0.01657	0.01964	0.07364	0.06996	0.69624	0.01841	0.00859	0.00245	0.00368	0.01534	0.00675	0.00614
42	0.01694	0.01620	0.02761	0.21260	0.53941	0.01700	0.02179	0.02139	0.01606	0.02247	0.01349	0.01833	0.01107	0.00667	0.00721	0.00222	0.00890	0.00647	0.00351	0.01067
43	0.01458	0.03760	0.70688	0.02072	0.03146	0.01688	0.02686	0.02302	0.01535	0.02302	0.01304	0.01535	0.00921	0.00691	0.00691	0.00230	0.01074	0.00537	0.00307	0.01074
44	0.01457	0.01457	0.02699	0.55564	0.04709	0.01670	0.18082	0.01973	0.01518	0.01973	0.01336	0.01944	0.01002	0.00699	0.00759	0.00243	0.01032	0.00698	0.00334	0.00850
45	0.02648	0.03307	0.02074	0.01869	0.02227	0.65197	0.01415	0.04814	0.02044	0.01863	0.01132	0.01341	0.00947	0.00785	0.00763	0.00196	0.05661	0.00484	0.00382	0.00852
46	0.02731	0.02020	0.02164	0.01666	0.02242	0.02239	0.01374	0.65377	0.05588	0.04530	0.01786	0.01777	0.01269	0.00876	0.00728	0.00219	0.00792	0.00660	0.00728	0.01233
47	0.79588	0.01406	0.01068	0.00956	0.01406	0.01631	0.00787	0.02137	0.01237	0.03261	0.01012	0.01181	0.00787	0.00675	0.00450	0.00225	0.00562	0.00394	0.00450	0.00787
48	0.00938	0.00762	0.00836	0.00832	0.01049	0.00676	0.00618	0.01229	0.04414	0.02215	0.21118	0.12449	0.46760	0.01764	0.00860	0.00246	0.00376	0.01503	0.00706	0.00650
49	0.02763	0.02036	0.02182	0.01672	0.02254	0.02254	0.01382	0.67496	0.03418	0.04581	0.01745	0.01745	0.01236	0.00873	0.00727	0.00218	0.00800	0.00654	0.00727	0.01236
50	0.01373	0.01292	0.02180	0.72707	0.05006	0.01615	0.02019	0.01857	0.01453	0.01857	0.01292	0.01938	0.00969	0.00727	0.00727	0.00242	0.00969	0.00646	0.00323	0.00807
51	0.79588	0.01406	0.01068	0.00956	0.01406	0.01631	0.00787	0.02137	0.01237	0.03261	0.01012	0.01181	0.00787	0.00675	0.00450	0.00225	0.00562	0.00394	0.00450	0.00787
52	0.01057	0.00705	0.00793	0.00793	0.00793	0.00705	0.00440	0.01057	0.01057	0.01409	0.02290	0.04757	0.02643	0.74454	0.03700	0.00705	0.00705	0.01057	0.00440	0.00440
53	0.03261	0.01237	0.01687	0.01293	0.01856	0.01068	0.01068	0.03543	0.02081	0.70423	0.02868	0.02474	0.01799	0.00900	0.00731	0.00225	0.00619	0.00731	0.00900	0.01237
54	0.01057	0.00705	0.00793	0.00793	0.00793	0.00705	0.00440	0.01057	0.01057	0.01409	0.02290	0.04757	0.02643	0.74454	0.03700	0.00705	0.00705	0.01057	0.00440	0.00440
55	0.00868	0.00737	0.00748	0.00745	0.00987	0.00617	0.00559	0.01060	0.01677	0.02011	0.10489	0.06917	0.66469	0.01823	0.00859	0.00245	0.00367	0.01523	0.00681	0.00617
56	0.01943	0.74891	0.03809	0.01244	0.01866	0.02876	0.01244	0.02177	0.01477	0.01710	0.01011	0.01166	0.00933	0.00622	0.00466	0.00155	0.00777	0.00389	0.00311	0.00933
57	0.01057	0.00705	0.00793	0.00793	0.00793	0.00705	0.00440	0.01057	0.01057	0.01409	0.02290	0.04757	0.02643	0.74454	0.03700	0.00705	0.00705	0.01057	0.00440	0.00440
58	0.01571	0.01330	0.01541	0.01107	0.01750	0.01034	0.00888	0.05151	0.01604	0.02481	0.01315	0.01519	0.01085	0.00555	0.00548	0.00113	0.00552	0.00442	0.00446	0.74970
59	0.02485	0.01898	0.02025	0.01616	0.02148	0.02124	0.01314	0.48992	0.22374	0.04133	0.02098	0.02026	0.01522	0.00906	0.00731	0.00226	0.00735	0.00703	0.00731	0.01211
60	0.01062	0.00778	0.01002	0.00956	0.01133	0.00737	0.00721	0.01472	0.04990	0.02856	0.61978	0.08144	0.06490	0.01511	0.00859	0.00235	0.00366	0.03218	0.00789	0.00702
61	0.45810	0.33374	0.02261	0.01081	0.01606	0.02173	0.00986	0.02154	0.01341	0.02587	0.01011	0.01174	0.00851	0.00652	0.00457	0.00195	0.00656	0.00391	0.00389	0.00851
62	0.03239	0.01273	0.01709	0.01310	0.01873	0.01121	0.01082	0.06398	0.02140	0.67483	0.02818	0.02442	0.01774	0.00898	0.00731	0.00225	0.00627	0.00728	0.00892	0.01237
63	0.03261	0.01237	0.01687	0.01293	0.01856	0.01068	0.01068	0.03543	0.02081	0.70423	0.02868	0.02474	0.01799	0.00900	0.00731	0.00225	0.00619	0.00731	0.00900	0.01237
64	0.01505	0.01535	0.05267	0.36804	0.03891	0.01602	0.20206	0.03989	0.01593	0.02170	0.01639	0.02143	0.03276	0.00762	0.00801	0.00238	0.03365	0.00732	0.07620	0.00861
65	0.07168	0.01288	0.01504	0.01280	0.01713	0.01318	0.01016	0.03203	0.27284	0.29777	0.08060	0.06070	0.04978	0.01060	0.00740	0.00237	0.00559	0.00878	0.00784	0.01081
66	0.01171	0.00837	0.01171	0.01339	0.01506	0.00837	0.01171	0.01506	0.01673	0.02175	0.03849	0.08199	0.04183	0.02008	0.01004	0.00335	0.00669	0.65027	0.00669	0.00669
67	0.01171	0.00837	0.01171	0.01339	0.01506	0.00837	0.01171	0.01506	0.01673	0.02175	0.03849	0.08199	0.04183	0.02008	0.01004	0.00335	0.00669	0.65027	0.00669	0.00669
68	0.02006	0.63153	0.08306	0.01334	0.01973	0.06018	0.01344	0.02282	0.01536	0.04856	0.01120	0.01258	0.00971	0.00645	0.00503	0.00165	0.00817	0.00418	0.00340	0.00952
69	0.01597	0.01521	0.02585	0.36829	0.39132	0.01674	0.02130	0.02054	0.01560	0.02129	0.01332	0.01865	0.01065	0.00685	0.00723	0.00228	0.00914	0.00647	0.00342	0.00988
70	0.00889	0.00698	0.00797	0.00854	0.01011	0.00614	0.00605	0.01060	0.01575	0.01987	0.11211	0.31249	0.38548	0.04276	0.00974	0.00277	0.00396	0.01695	0.00678	0.00606
71	0.57876	0.01980	0.18225	0.01242	0.01849	0.01627	0.01264	0.02223	0.01338	0.05208	0.01144	0.01310	0.00853	0.00686	0.00518	0.00226	0.00690	0.00440	0.00429	0.00873
72	0.01840	0.50629	0.03215	0.01422	0.01855	0.05370	0.01310	0.02048	0.01407	0.01729	0.01136	0.04562	0.01113	0.00862	0.00967	0.00203	0.18590	0.00528	0.00332	0.00880
73	0.01844	0.53289	0.21513	0.01488	0.02220	0.05158	0.01633	0.02237	0.01514	0.01870	0.01093	0.01269	0.00930	0.00645	0.00533	0.00177	0.00876	0.00431	0.00312	0.00967
74	0.79588	0.01406	0.01068	0.00956	0.01406	0.01631	0.00787	0.02137	0.01237	0.03261	0.01012	0.01181	0.00787	0.00675	0.00450	0.00225	0.00562	0.00394	0.00450	0.00787
75	0.00922	0.00701	0.00865	0.00958	0.01044	0.00669	0.00657	0.01052	0.01415	0.01837	0.04558	0.48308	0.20415	0.08852	0.01224	0.00322	0.03185	0.01787	0.00640	0.00590
76	0.01021	0.00743	0.00960	0.00906	0.01081	0.00682	0.00679	0.01356	0.02038	0.02869	0.66542	0.05505	0.09881	0.01503	0.00857	0.00229	0.00344	0.01325	0.00794	0.00682
77	0.01017	0.00733	0.00965	0.00953	0.01106	0.00681	0.00712	0.01329	0.01942	0.02724	0.56553	0.15215	0.06417	0.01627	0.00876	0.00244	0.00373	0.05088	0.00775	0.00672
78	0.01982	0.71279	0.03721	0.01276	0.01885	0.06349	0.01252	0.02213	0.01506	0.01714	0.01016	0.01173	0.00933	0.00628	0.00476	0.00157	0.00804	0.00393	0.00314	0.00928
79	0.77046	0.01400	0.01089	0.00967	0.01421	0.01612	0.00797	0.02184	0.01265	0.05499	0.01074	0.01224	0.00821	0.00682	0.00459	0.00225	0.00564	0.00405	0.00465	0.00802
80	0.01373	0.01292	0.02180	0.72707	0.05006	0.01615	0.02019	0.01857	0.01453	0.01857	0.01292	0.01938	0.00969	0.00727	0.00727	0.00242	0.00969	0.00646	0.00323	0.00807
81	0.01799	0.01727	0.02950	0.04462	0.69919	0.01727	0.02231	0.02231	0.01655	0.02375	0.01367	0.01799	0.01151	0.00648	0.00720	0.00216	0.00864	0.00648	0.00360	0.01151
82	0.00885	0.00637	0.00839	0.01001	0.01051	0.00591	0.00670	0.01013	0.01402	0.01860	0.04138	0.71363	0.07340	0.02260	0.00925	0.00293	0.00420	0.02046	0.00675	0.00591
83	0.01109	0.00779	0.00872	0.00860	0.00936	0.00769	0.00545	0.04431	0.01310	0.01707	0.03193	0.08214	0.13179	0.53281	0.02875	0.00575	0.00643	0.03688	0.00511	0.00524
84	0.01057	0.00705	0.00793	0.00793	0.00793	0.00705	0.00440	0.01057	0.01057	0.01409	0.02290	0.04757	0.02643	0.74454	0.03700	0.00705	0.00705	0.01057	0.00440	0.00440
85	0.01468	0.03194	0.53831	0.09517	0.03169	0.01756	0.02461	0.02177	0.01467	0.02177	0.01254	0.01585	0.00931	0.00776	0.00932	0.00244	0.11180	0.00563	0.00310	0.01007
86	0.01038	0.00779	0.01168	0.01168	0.01298	0.00909	0.00909	0.01298	0.01168	0.01687	0.01947	0.02856	0.01817	0.05452	0.71573	0.01168	0.01947	0.00779	0.00389	0.00649
87	0.02763	0.02036	0.02182	0.01672	0.02254	0.02254	0.01382	0.67496	0.03418	0.04581	0.01745	0.01745	0.01236	0.00873	0.00727	0.00218	0.00800	0.00654	0.00727	0.01236

[dist]
# distance from previous block
# <min> <max>
21	28

[block]
# block no. 13 follows, 28 sequences, length 43
# corresponding to MSA columns:
# 525-567
name=unknown_N
#
# <colnr> <probs for GDERKNQSTAVLIFYWHMCP>
#	G	D	E	R	K	N	Q	S	T	A	V	L	I	F	Y	W	H	M	C	P
0	0.01526	0.01283	0.01401	0.01328	0.01664	0.01421	0.01055	0.02936	0.44466	0.02693	0.03865	0.04490	0.13826	0.01327	0.00811	0.00263	0.00559	0.13401	0.00715	0.00968
1	0.01019	0.00743	0.00958	0.00904	0.01080	0.00682	0.00678	0.01353	0.02035	0.02861	0.65996	0.05519	0.10432	0.01506	0.00857	0.00230	0.00344	0.01327	0.00793	0.00682
2	0.01483	0.01266	0.01481	0.01074	0.01696	0.00954	0.00854	0.01798	0.01503	0.02348	0.01400	0.04384	0.01225	0.00607	0.00554	0.00115	0.00534	0.00496	0.00440	0.75789
3	0.02526	0.01881	0.02008	0.01584	0.02114	0.02091	0.01294	0.53307	0.14007	0.04222	0.01980	0.01959	0.01433	0.00890	0.00717	0.00220	0.00737	0.00683	0.05156	0.01190
4	0.01943	0.74891	0.03809	0.01244	0.01866	0.02876	0.01244	0.02177	0.01477	0.01710	0.01011	0.01166	0.00933	0.00622	0.00466	0.00155	0.00777	0.00389	0.00311	0.00933
5	0.01263	0.00631	0.00947	0.00947	0.00947	0.00631	0.00631	0.00947	0.00947	0.01263	0.01263	0.02210	0.01263	0.02525	0.02841	0.78851	0.00631	0.00631	0.00316	0.00316
6	0.01134	0.00825	0.01119	0.01266	0.01443	0.00810	0.01097	0.01450	0.01671	0.02150	0.04273	0.08054	0.12084	0.01988	0.00987	0.00324	0.00633	0.57361	0.00670	0.00663
7	0.01355	0.00678	0.00678	0.00678	0.00847	0.00678	0.00508	0.01694	0.01524	0.02710	0.02371	0.02710	0.01863	0.00847	0.00508	0.00169	0.00339	0.00678	0.78489	0.00678
8	0.01698	0.01516	0.01519	0.01379	0.01762	0.04730	0.01067	0.03374	0.55046	0.02814	0.03574	0.03327	0.12825	0.01111	0.00755	0.00244	0.00575	0.00919	0.00713	0.01052
