[name]
unknown

[dist]
# distance from previous block
# <min> <max>
0	25

[block]
# block no. 0 follows, 30 sequences, length 25
# corresponding to MSA columns:
# 25-49
name=unknown_A
#
# <colnr> <probs for GDERKNQSTAVLIFYWHMCP>
#	G	D	E	R	K	N	Q	S	T	A	V	L	I	F	Y	W	H	M	C	P
0	0.01166	0.01065	0.05557	0.01413	0.01686	0.00923	0.08474	0.01547	0.01688	0.02275	0.18765	0.06229	0.04101	0.01592	0.00898	0.00283	0.00651	0.40365	0.00619	0.00702
1	0.03882	0.01331	0.12668	0.13376	0.02095	0.01033	0.03555	0.01596	0.01758	0.02525	0.43050	0.03790	0.04322	0.01125	0.00763	0.00222	0.00580	0.00988	0.00589	0.00751
2	0.09720	0.02426	0.36567	0.30493	0.03555	0.01587	0.02130	0.02023	0.01412	0.02137	0.01218	0.01592	0.00889	0.00675	0.00652	0.00225	0.00939	0.00543	0.00315	0.00900
3	0.01436	0.01342	0.02167	0.53658	0.16149	0.01590	0.01883	0.02056	0.08910	0.01995	0.01428	0.01918	0.01092	0.00712	0.00698	0.00229	0.00871	0.00639	0.00360	0.00869
4	0.01318	0.01240	0.02093	0.73798	0.04806	0.01550	0.01938	0.01783	0.01395	0.01783	0.01240	0.01860	0.00930	0.00698	0.00698	0.00233	0.00930	0.00620	0.00310	0.00775
5	0.01814	0.01786	0.02596	0.13759	0.50567	0.08897	0.01983	0.06126	0.01702	0.02277	0.01300	0.01695	0.01064	0.00655	0.00686	0.00208	0.00883	0.00604	0.00363	0.01033
6	0.01447	0.01240	0.01447	0.01034	0.01654	0.00930	0.00827	0.01757	0.01447	0.02274	0.01240	0.01447	0.01034	0.00517	0.00517	0.00103	0.00517	0.00413	0.00413	0.79742
7	0.00850	0.00607	0.00810	0.00972	0.01012	0.00567	0.00648	0.00972	0.01336	0.01781	0.03846	0.75020	0.04615	0.02186	0.00891	0.00283	0.00405	0.01984	0.00648	0.00567
8	0.00935	0.00706	0.00864	0.00836	0.01013	0.00635	0.00622	0.01212	0.01836	0.02493	0.49672	0.09275	0.24225	0.01560	0.00827	0.00227	0.00340	0.01358	0.00729	0.00635
9	0.00850	0.00607	0.00810	0.00972	0.01012	0.00567	0.00648	0.00972	0.01336	0.01781	0.03846	0.75020	0.04615	0.02186	0.00891	0.00283	0.00405	0.01984	0.00648	0.00567
10	0.02345	0.01778	0.01739	0.01408	0.01855	0.09483	0.01134	0.40542	0.07315	0.07162	0.01864	0.01912	0.01366	0.00829	0.00650	0.00199	0.00711	0.00628	0.16043	0.01035
11	0.02653	0.01955	0.02094	0.01606	0.02164	0.02164	0.01326	0.68796	0.03281	0.04398	0.01675	0.01675	0.01187	0.00838	0.00698	0.00209	0.00768	0.00628	0.00698	0.01187
12	0.01836	0.01549	0.01634	0.01440	0.01853	0.01783	0.01129	0.10820	0.62587	0.03081	0.02713	0.02502	0.02027	0.00935	0.00709	0.00234	0.00576	0.00771	0.00709	0.01114
13	0.01652	0.01716	0.06782	0.13579	0.58131	0.01641	0.02140	0.02097	0.01556	0.02208	0.01299	0.01730	0.01069	0.00634	0.00690	0.00211	0.00855	0.00615	0.00338	0.01056
14	0.02016	0.03598	0.01657	0.01396	0.01735	0.15031	0.01091	0.09614	0.18899	0.12211	0.02509	0.06485	0.07349	0.05481	0.01017	0.00253	0.07345	0.00803	0.00591	0.00921
15	0.01059	0.00846	0.01069	0.01103	0.01211	0.00909	0.00802	0.01462	0.10690	0.02049	0.11412	0.45834	0.07126	0.01804	0.01008	0.00270	0.08476	0.01563	0.00633	0.00673
16	0.00888	0.00667	0.00798	0.00849	0.00970	0.00604	0.00590	0.01055	0.01507	0.01971	0.18105	0.32468	0.24965	0.09914	0.01148	0.00299	0.00404	0.01577	0.00647	0.00576
17	0.02248	0.11814	0.02255	0.11556	0.04828	0.39851	0.01445	0.09686	0.01902	0.02022	0.01150	0.01401	0.00942	0.00741	0.00726	0.00195	0.05497	0.00498	0.00378	0.00864
18	0.02653	0.01955	0.02094	0.01606	0.02164	0.02164	0.01326	0.68796	0.03281	0.04398	0.01675	0.01675	0.01187	0.00838	0.00698	0.00209	0.00768	0.00628	0.00698	0.01187
19	0.01003	0.00754	0.00937	0.00939	0.01095	0.00724	0.00685	0.01409	0.07885	0.02446	0.40405	0.24776	0.11046	0.01626	0.00832	0.00240	0.00373	0.01441	0.00719	0.00667
20	0.01007	0.00667	0.00882	0.03281	0.01135	0.00638	0.00676	0.01149	0.01366	0.04932	0.06521	0.56062	0.04133	0.10005	0.01150	0.00315	0.00454	0.01698	0.03336	0.00593
21	0.04958	0.02553	0.02081	0.01829	0.05301	0.38569	0.04831	0.17938	0.02147	0.02485	0.01252	0.01430	0.00992	0.00729	0.00687	0.00189	0.03038	0.00517	0.00443	0.08033
22	0.02243	0.01761	0.01902	0.01611	0.05132	0.04122	0.01240	0.43506	0.12342	0.03628	0.01917	0.06873	0.01532	0.00904	0.00694	0.00208	0.00707	0.00720	0.00643	0.08315
23	0.01862	0.01591	0.07731	0.05713	0.02113	0.01474	0.05263	0.23282	0.08482	0.08227	0.02180	0.15745	0.01945	0.03356	0.00813	0.00236	0.00697	0.00900	0.00591	0.07797
24	0.01757	0.01878	0.04319	0.19365	0.06824	0.16371	0.06578	0.05287	0.08947	0.02151	0.01489	0.04229	0.01223	0.00773	0.00754	0.00206	0.04590	0.00632	0.00412	0.12217

[dist]
# distance from previous block
# <min> <max>
4	25

[block]
# block no. 1 follows, 30 sequences, length 15
# corresponding to MSA columns:
# 75-89
name=unknown_B
#
# <colnr> <probs for GDERKNQSTAVLIFYWHMCP>
#	G	D	E	R	K	N	Q	S	T	A	V	L	I	F	Y	W	H	M	C	P
0	0.12710	0.05714	0.01912	0.09643	0.02235	0.04214	0.05918	0.13161	0.05576	0.02667	0.01356	0.01559	0.01059	0.00650	0.00589	0.00174	0.00699	0.00517	0.00455	0.29191
1	0.06300	0.01804	0.07279	0.03743	0.08804	0.12715	0.01255	0.11720	0.09706	0.07304	0.02186	0.02686	0.06471	0.11947	0.01110	0.00284	0.00781	0.02499	0.00517	0.00890
2	0.01157	0.00825	0.01118	0.01065	0.01222	0.00796	0.03972	0.06060	0.01653	0.04574	0.22714	0.33832	0.04386	0.11862	0.01215	0.00309	0.00490	0.01445	0.00648	0.00657
3	0.01568	0.01666	0.05345	0.19615	0.05759	0.04316	0.25755	0.06694	0.01613	0.02154	0.01586	0.09900	0.01406	0.00884	0.00924	0.00242	0.08483	0.00834	0.00393	0.00863
4	0.00952	0.00678	0.00865	0.00980	0.01041	0.00653	0.00657	0.04173	0.01395	0.01861	0.03574	0.64297	0.04239	0.09681	0.01156	0.00320	0.00450	0.01820	0.00627	0.00581
5	0.01599	0.01406	0.02026	0.23874	0.09273	0.01435	0.06042	0.10937	0.04926	0.02418	0.01501	0.04759	0.01231	0.00720	0.00659	0.00190	0.00749	0.00636	0.00433	0.25187
6	0.08126	0.01144	0.01457	0.01154	0.01629	0.01031	0.00938	0.02872	0.04836	0.47842	0.12924	0.02659	0.02365	0.00911	0.00687	0.00209	0.00542	0.00746	0.00777	0.07151
7	0.80405	0.01350	0.01026	0.00918	0.01350	0.01565	0.00756	0.02051	0.01188	0.03131	0.00972	0.01134	0.00756	0.00648	0.00432	0.00216	0.00540	0.00378	0.00432	0.00756
8	0.00842	0.00708	0.00731	0.00725	0.00953	0.00597	0.00544	0.01036	0.01632	0.01984	0.13954	0.06553	0.63894	0.01730	0.00825	0.00234	0.00351	0.01450	0.00661	0.00597
9	0.00850	0.00607	0.00810	0.00972	0.01012	0.00567	0.00648	0.00972	0.01336	0.01781	0.03846	0.75020	0.04615	0.02186	0.00891	0.00283	0.00405	0.01984	0.00648	0.00567
10	0.01419	0.01398	0.02532	0.53922	0.11482	0.01600	0.13869	0.01901	0.01460	0.01915	0.01278	0.01851	0.00971	0.00670	0.00719	0.00230	0.00964	0.00657	0.00321	0.00839
11	0.00994	0.00654	0.00807	0.00842	0.00893	0.00630	0.00543	0.01043	0.01246	0.01687	0.10641	0.22633	0.07838	0.30482	0.02152	0.11444	0.00523	0.01255	0.03204	0.00489
12	0.05186	0.04944	0.02107	0.06787	0.04876	0.01915	0.03294	0.44478	0.02615	0.06126	0.01590	0.01717	0.01171	0.00989	0.04158	0.00247	0.00816	0.00609	0.00593	0.05783
13	0.04129	0.09269	0.07331	0.12603	0.30722	0.08342	0.01765	0.06839	0.01701	0.02284	0.04711	0.02002	0.01396	0.00746	0.00669	0.00209	0.00845	0.03083	0.00393	0.00962
14	0.04735	0.44462	0.07253	0.01693	0.11485	0.06280	0.01361	0.03623	0.01524	0.04175	0.01329	0.06769	0.01229	0.00745	0.00552	0.00179	0.00767	0.00557	0.00367	0.00915

[dist]
# distance from previous block
# <min> <max>
1	12

[block]
# block no. 2 follows, 30 sequences, length 53
# corresponding to MSA columns:
# 102-154
name=unknown_C
#
# <colnr> <probs for GDERKNQSTAVLIFYWHMCP>
#	G	D	E	R	K	N	Q	S	T	A	V	L	I	F	Y	W	H	M	C	P
0	0.02432	0.02053	0.02047	0.05367	0.04184	0.13125	0.01365	0.47591	0.02761	0.03563	0.01605	0.04577	0.01253	0.00876	0.00761	0.00213	0.03914	0.00654	0.00597	0.01061
1	0.00954	0.03791	0.00930	0.00912	0.00980	0.00700	0.00611	0.01072	0.01328	0.01781	0.11294	0.44353	0.04129	0.22010	0.01590	0.00377	0.00484	0.01566	0.00586	0.00552
2	0.01866	0.75896	0.03657	0.01194	0.01791	0.02761	0.01194	0.02090	0.01418	0.01642	0.00970	0.01119	0.00896	0.00597	0.00448	0.00149	0.00746	0.00373	0.00299	0.00896
3	0.01866	0.62271	0.03359	0.01288	0.01797	0.02604	0.01235	0.02081	0.01390	0.04359	0.01031	0.01227	0.00931	0.00697	0.00723	0.00174	0.11337	0.00420	0.00321	0.00888
4	0.02664	0.01817	0.01987	0.01529	0.02071	0.01975	0.01261	0.58610	0.03064	0.12421	0.01826	0.01792	0.01273	0.00840	0.00691	0.00209	0.00732	0.00638	0.03433	0.01168
5	0.03061	0.01300	0.01689	0.01295	0.01837	0.01193	0.01070	0.12990	0.02186	0.61751	0.02595	0.02273	0.01648	0.00860	0.00701	0.00215	0.00619	0.00691	0.00839	0.01187
6	0.00858	0.00613	0.00817	0.00966	0.01014	0.00572	0.00648	0.00992	0.01373	0.01841	0.07744	0.70953	0.04730	0.02142	0.00887	0.00280	0.00400	0.01942	0.00655	0.00572
7	0.00947	0.00697	0.00886	0.00871	0.01026	0.00636	0.00641	0.01226	0.01832	0.02532	0.52802	0.15872	0.14275	0.01583	0.00833	0.00231	0.00344	0.01396	0.00735	0.00636
8	0.68536	0.01325	0.01117	0.00967	0.01416	0.01483	0.00797	0.02259	0.01312	0.13648	0.01245	0.01324	0.00905	0.00681	0.00473	0.00216	0.00548	0.00428	0.00498	0.00822
9	0.00863	0.00623	0.00817	0.00949	0.01012	0.00577	0.00643	0.01008	0.01413	0.01888	0.10692	0.64663	0.08090	0.02090	0.00881	0.00275	0.00395	0.01886	0.00660	0.00577
10	0.02404	0.01821	0.01957	0.01527	0.02065	0.01990	0.01248	0.52764	0.13577	0.03982	0.01821	0.01801	0.01322	0.00827	0.00684	0.00205	0.00712	0.00635	0.00675	0.07984
11	0.01669	0.01431	0.01521	0.01388	0.01763	0.01642	0.01086	0.03483	0.63529	0.02835	0.03036	0.03052	0.04612	0.01032	0.00729	0.00242	0.00551	0.04637	0.00704	0.01060
12	0.02407	0.01781	0.02216	0.01671	0.02237	0.01870	0.10031	0.47271	0.02755	0.08817	0.01708	0.01771	0.01220	0.00780	0.00692	0.00203	0.00771	0.00643	0.03654	0.07503
13	0.01479	0.03438	0.01644	0.01362	0.01645	0.01019	0.11038	0.01824	0.04552	0.13777	0.14964	0.29087	0.03583	0.01445	0.00860	0.00249	0.02788	0.03819	0.00642	0.00786
14	0.00850	0.00607	0.00810	0.00972	0.01012	0.00567	0.00648	0.00972	0.01336	0.01781	0.03846	0.75020	0.04615	0.02186	0.00891	0.00283	0.00405	0.01984	0.00648	0.00567
15	0.01690	0.01609	0.02683	0.10521	0.60516	0.01653	0.02056	0.02210	0.05984	0.02275	0.01405	0.01796	0.01155	0.00650	0.00693	0.00211	0.00820	0.00632	0.00366	0.01075
16	0.01413	0.01324	0.02126	0.56789	0.07375	0.01592	0.04372	0.02112	0.11892	0.01997	0.01495	0.01969	0.01127	0.00728	0.00704	0.00232	0.00877	0.00654	0.00375	0.00847
17	0.00850	0.00607	0.00810	0.00972	0.01012	0.00567	0.00648	0.00972	0.01336	0.01781	0.03846	0.75020	0.04615	0.02186	0.00891	0.00283	0.00405	0.01984	0.00648	0.00567
18	0.02321	0.01553	0.01710	0.01367	0.01818	0.01678	0.01110	0.43428	0.05561	0.10979	0.02027	0.04872	0.01534	0.01051	0.03244	0.00239	0.00696	0.00704	0.13053	0.01054
19	0.00869	0.00710	0.00771	0.00774	0.00988	0.00611	0.00586	0.01078	0.01651	0.02051	0.17885	0.08570	0.54263	0.01729	0.00834	0.00239	0.00365	0.04755	0.00669	0.00603
20	0.01908	0.01696	0.01613	0.01443	0.01834	0.10942	0.01118	0.03498	0.54980	0.06759	0.04653	0.02493	0.02080	0.00927	0.00702	0.00228	0.00640	0.00754	0.00675	0.01057
21	0.02590	0.01894	0.02027	0.01561	0.02101	0.02094	0.01288	0.65686	0.03197	0.04315	0.01703	0.01718	0.01215	0.00837	0.00688	0.00207	0.00747	0.00629	0.04340	0.01162
22	0.80405	0.01350	0.01026	0.00918	0.01350	0.01565	0.00756	0.02051	0.01188	0.03131	0.00972	0.01134	0.00756	0.00648	0.00432	0.00216	0.00540	0.00378	0.00432	0.00756
23	0.02569	0.01890	0.02026	0.01563	0.02093	0.02088	0.01280	0.65348	0.03166	0.04243	0.01702	0.01822	0.01255	0.04634	0.00843	0.00233	0.00763	0.00648	0.00684	0.01148
24	0.01007	0.00787	0.01066	0.01055	0.01237	0.00691	0.03353	0.01181	0.01360	0.01884	0.03172	0.55031	0.03687	0.04209	0.00901	0.00258	0.00467	0.01591	0.00582	0.16482
25	0.00977	0.00710	0.00920	0.00874	0.01038	0.00653	0.00653	0.01294	0.01941	0.02733	0.66284	0.07359	0.09016	0.01463	0.00825	0.00222	0.00332	0.01292	0.00760	0.00653
26	0.00915	0.00689	0.00899	0.00987	0.01070	0.00673	0.00702	0.01084	0.01459	0.01957	0.14371	0.50690	0.11475	0.01966	0.00948	0.00271	0.04151	0.04448	0.00649	0.00596
27	0.00915	0.00710	0.00832	0.00802	0.00998	0.00627	0.00601	0.01176	0.01803	0.02390	0.42311	0.05884	0.35282	0.01579	0.00824	0.00227	0.00340	0.01356	0.00715	0.00627
28	0.01680	0.01695	0.04596	0.15476	0.54053	0.03988	0.02065	0.02151	0.03509	0.02195	0.01335	0.01751	0.01093	0.00648	0.00690	0.00212	0.00858	0.00618	0.00349	0.01039
29	0.02607	0.03326	0.01978	0.01798	0.02157	0.72674	0.01348	0.02787	0.01978	0.01708	0.01079	0.01258	0.00899	0.00719	0.00629	0.00180	0.01258	0.00449	0.00360	0.00809
30	0.01162	0.00750	0.00940	0.00911	0.01113	0.00676	0.00686	0.01405	0.01721	0.09935	0.29698	0.17594	0.22723	0.01731	0.03165	0.00268	0.00440	0.03693	0.00708	0.00681
31	0.06834	0.20494	0.42555	0.01708	0.02515	0.10591	0.01981	0.02242	0.01503	0.02075	0.01146	0.01341	0.00880	0.00653	0.00593	0.00199	0.00960	0.00465	0.00313	0.00954
32	0.01726	0.01376	0.01490	0.01332	0.01709	0.01531	0.01053	0.09550	0.46570	0.05840	0.05150	0.03380	0.09318	0.01101	0.00742	0.00239	0.00555	0.05613	0.00706	0.01017
33	0.12605	0.02506	0.02053	0.02010	0.11154	0.37455	0.04020	0.12984	0.04614	0.02459	0.01270	0.01445	0.01006	0.00719	0.00633	0.00197	0.01001	0.00519	0.00433	0.00917
34	0.01452	0.01356	0.05851	0.01641	0.07682	0.01214	0.11645	0.05404	0.12231	0.06546	0.11119	0.03918	0.24672	0.01156	0.00772	0.00228	0.00626	0.01026	0.00594	0.00867
35	0.01571	0.04701	0.07607	0.05882	0.03300	0.01692	0.51016	0.02092	0.01588	0.02162	0.04883	0.01997	0.01320	0.00732	0.00911	0.03441	0.03063	0.00786	0.00363	0.00892
36	0.01351	0.01274	0.02153	0.68163	0.10183	0.01559	0.01954	0.01812	0.01411	0.01823	0.01246	0.01850	0.00944	0.00692	0.00697	0.00231	0.00922	0.00620	0.00313	0.00802
37	0.00917	0.00754	0.00814	0.00804	0.01032	0.00672	0.00613	0.01222	0.05233	0.02112	0.17999	0.06292	0.52420	0.01672	0.00826	0.00237	0.00374	0.04703	0.00672	0.00631
38	0.22598	0.01259	0.01488	0.01174	0.01688	0.01207	0.00969	0.05645	0.01844	0.51683	0.02261	0.02034	0.01461	0.00808	0.00634	0.00216	0.00587	0.00617	0.00748	0.01079
39	0.01521	0.01654	0.03458	0.02525	0.03101	0.01583	0.53404	0.02042	0.01658	0.02281	0.12056	0.02405	0.01922	0.00883	0.03050	0.00262	0.04016	0.00880	0.00415	0.00881
40	0.01749	0.00883	0.01169	0.01001	0.01303	0.00787	0.00785	0.02050	0.01967	0.27421	0.43650	0.04260	0.07600	0.01239	0.00780	0.00219	0.00425	0.01070	0.00797	0.00845
41	0.00966	0.00712	0.00903	0.00855	0.01029	0.00649	0.00641	0.01275	0.01924	0.02678	0.62342	0.05411	0.15072	0.01472	0.00823	0.00222	0.00332	0.01290	0.00752	0.00649
42	0.01390	0.00804	0.01049	0.00936	0.01178	0.00724	0.00720	0.01696	0.01951	0.16019	0.52938	0.04775	0.10372	0.01343	0.00800	0.00220	0.00382	0.01169	0.00778	0.00756
43	0.00855	0.00611	0.00814	0.00968	0.01013	0.00570	0.00648	0.00984	0.01359	0.01818	0.06234	0.72529	0.04686	0.02159	0.00888	0.00281	0.00402	0.01958	0.00652	0.00570
44	0.01866	0.75896	0.03657	0.01194	0.01791	0.02761	0.01194	0.02090	0.01418	0.01642	0.00970	0.01119	0.00896	0.00597	0.00448	0.00149	0.00746	0.00373	0.00299	0.00896
45	0.01489	0.01244	0.01439	0.01040	0.01638	0.00968	0.00833	0.04459	0.01522	0.02374	0.01302	0.01506	0.01072	0.00542	0.00523	0.00110	0.00519	0.00432	0.03811	0.73176
46	0.01517	0.01282	0.01485	0.01067	0.01683	0.01002	0.00856	0.05663	0.01554	0.02398	0.01266	0.01460	0.01043	0.00535	0.00527	0.00110	0.00531	0.00426	0.00430	0.75165
47	0.14075	0.04504	0.01846	0.09844	0.06976	0.15687	0.01281	0.20722	0.04646	0.02829	0.01549	0.04138	0.01269	0.00818	0.00635	0.00208	0.00803	0.02165	0.05088	0.00916
48	0.02015	0.01611	0.01776	0.07693	0.04419	0.04979	0.01240	0.18648	0.32764	0.07910	0.04912	0.02272	0.01819	0.00875	0.00698	0.00219	0.00670	0.00713	0.00647	0.04118
49	0.01763	0.21470	0.02427	0.04365	0.04224	0.02073	0.03315	0.11900	0.12231	0.02308	0.01612	0.07449	0.01442	0.00973	0.01050	0.00229	0.19107	0.00693	0.00454	0.00915
50	0.12707	0.08946	0.18800	0.01728	0.09649	0.01472	0.04762	0.02074	0.06488	0.05279	0.11538	0.09637	0.02220	0.00940	0.00672	0.00220	0.00702	0.00794	0.00481	0.00894
51	0.01713	0.06298	0.11366	0.01559	0.01956	0.12671	0.03924	0.09468	0.03853	0.02348	0.12409	0.02323	0.04660	0.00970	0.01016	0.00222	0.16033	0.00704	0.02349	0.04159
52	0.01746	0.08939	0.01728	0.01320	0.01696	0.01514	0.02635	0.11179	0.26608	0.08140	0.05236	0.16314	0.02513	0.01164	0.00727	0.00230	0.00585	0.03768	0.00649	0.03310

[dist]
# distance from previous block
# <min> <max>
1	12

[block]
# block no. 3 follows, 30 sequences, length 21
# corresponding to MSA columns:
# 167-187
name=unknown_D
#
# <colnr> <probs for GDERKNQSTAVLIFYWHMCP>
#	G	D	E	R	K	N	Q	S	T	A	V	L	I	F	Y	W	H	M	C	P
0	0.01935	0.01415	0.01727	0.01594	0.08832	0.01448	0.01138	0.26440	0.02190	0.08513	0.09504	0.08177	0.02134	0.04883	0.00919	0.00229	0.03925	0.00799	0.00601	0.13596
1	0.05916	0.01132	0.01510	0.05176	0.04480	0.01152	0.05652	0.12145	0.04622	0.05244	0.11891	0.26078	0.03065	0.01301	0.00756	0.00233	0.00574	0.01154	0.02975	0.04946
2	0.05034	0.01583	0.01890	0.04546	0.05158	0.01643	0.03867	0.33767	0.04899	0.03265	0.01675	0.05565	0.01359	0.01016	0.04056	0.00236	0.00754	0.00661	0.00562	0.18463
3	0.01675	0.16483	0.02326	0.03867	0.01949	0.01875	0.07601	0.12009	0.01600	0.02204	0.01565	0.02036	0.04051	0.06336	0.03457	0.00282	0.21211	0.00649	0.04850	0.03974
4	0.02349	0.01704	0.01804	0.01418	0.01922	0.04557	0.01152	0.41646	0.07878	0.09582	0.03756	0.01931	0.01471	0.00824	0.00666	0.00196	0.00685	0.00636	0.06269	0.09553
5	0.04482	0.01686	0.06692	0.01395	0.01906	0.01609	0.01194	0.37426	0.02413	0.03370	0.04616	0.08734	0.01701	0.01146	0.04466	0.00247	0.00741	0.00735	0.00592	0.14849
6	0.06499	0.01586	0.05790	0.08191	0.09183	0.06836	0.01439	0.01796	0.01309	0.01955	0.01379	0.07362	0.01302	0.01220	0.04687	0.00289	0.29651	0.00687	0.04513	0.04326
7	0.01667	0.01404	0.06401	0.01301	0.01701	0.01354	0.01094	0.02897	0.38544	0.10825	0.11708	0.03485	0.08729	0.01105	0.00744	0.00236	0.00551	0.04576	0.00697	0.00981
8	0.01345	0.00880	0.01185	0.01269	0.01476	0.00880	0.01080	0.01775	0.06939	0.08786	0.03549	0.11714	0.03693	0.01768	0.00914	0.00302	0.00614	0.50437	0.00669	0.00725
9	0.00878	0.00624	0.00797	0.00924	0.00966	0.00587	0.00604	0.00980	0.01291	0.01712	0.03700	0.59828	0.07126	0.14890	0.01350	0.00350	0.00450	0.01793	0.00609	0.00543
10	0.01088	0.00779	0.00991	0.01024	0.03460	0.00726	0.00721	0.01419	0.04797	0.05646	0.36384	0.20049	0.17113	0.01575	0.00823	0.00236	0.00389	0.01385	0.00708	0.00686
11	0.00975	0.00660	0.00773	0.00812	0.00821	0.00650	0.00477	0.01004	0.01092	0.01456	0.02594	0.21472	0.03036	0.57890	0.02913	0.00582	0.00611	0.01247	0.00477	0.00457
12	0.01447	0.01240	0.01447	0.01034	0.01654	0.00930	0.00827	0.01757	0.01447	0.02274	0.01240	0.01447	0.01034	0.00517	0.00517	0.00103	0.00517	0.00413	0.00413	0.79742
13	0.02179	0.01583	0.01730	0.01421	0.01852	0.01732	0.01136	0.43386	0.11870	0.05949	0.02270	0.14593	0.01951	0.01087	0.00725	0.00224	0.00653	0.00889	0.03724	0.01047
14	0.01136	0.00807	0.01042	0.01010	0.01114	0.00918	0.00766	0.01357	0.01280	0.01957	0.05899	0.08881	0.05305	0.10209	0.22991	0.00543	0.11117	0.00889	0.22154	0.00625
15	0.02080	0.15326	0.02260	0.04689	0.03771	0.02095	0.01303	0.30353	0.16217	0.03086	0.01700	0.01801	0.01312	0.01004	0.03523	0.00248	0.07020	0.00617	0.00556	0.01039
16	0.00985	0.00703	0.00901	0.00937	0.01003	0.00726	0.00634	0.01163	0.03243	0.01686	0.07463	0.23295	0.03180	0.30389	0.19908	0.00635	0.00873	0.01223	0.00505	0.00549
17	0.01512	0.01262	0.01523	0.03670	0.01790	0.01114	0.00990	0.07782	0.01612	0.02391	0.01595	0.02359	0.01442	0.00783	0.00700	0.00158	0.04721	0.09414	0.00461	0.54721
18	0.06492	0.14514	0.04627	0.01756	0.02316	0.01743	0.22118	0.11240	0.04981	0.06775	0.01726	0.03668	0.02975	0.03751	0.00783	0.00222	0.00814	0.00692	0.02262	0.06545
19	0.01996	0.11516	0.02239	0.01686	0.04208	0.23274	0.10296	0.09748	0.08255	0.02290	0.01769	0.01951	0.04480	0.00842	0.00723	0.03212	0.00877	0.00624	0.09146	0.00870
20	0.15698	0.16926	0.05181	0.01794	0.08479	0.05161	0.10852	0.01979	0.01387	0.02146	0.01287	0.03656	0.01125	0.01026	0.04891	0.00265	0.11499	0.00589	0.05219	0.00839

[dist]
# distance from previous block
# <min> <max>
0	2

[block]
# block no. 4 follows, 30 sequences, length 44
# corresponding to MSA columns:
# 190-233
name=unknown_E
#
# <colnr> <probs for GDERKNQSTAVLIFYWHMCP>
#	G	D	E	R	K	N	Q	S	T	A	V	L	I	F	Y	W	H	M	C	P
0	0.01284	0.01053	0.01383	0.01514	0.11643	0.00972	0.00969	0.05492	0.04504	0.02261	0.07648	0.29886	0.06132	0.01325	0.00740	0.00213	0.00516	0.01178	0.00558	0.20730
1	0.00973	0.00735	0.00939	0.00978	0.01137	0.00642	0.00683	0.01143	0.01397	0.01938	0.07469	0.56644	0.04051	0.01820	0.00815	0.00245	0.00422	0.01639	0.00610	0.15720
2	0.02111	0.57102	0.03200	0.01279	0.01846	0.08901	0.01199	0.06411	0.01643	0.08960	0.01206	0.01295	0.00999	0.00650	0.00506	0.00163	0.00779	0.00429	0.00386	0.00935
3	0.13000	0.14770	0.02558	0.11278	0.02561	0.01748	0.18168	0.06338	0.04920	0.08272	0.01488	0.01722	0.01126	0.00678	0.00628	0.00204	0.00796	0.00601	0.04862	0.04281
4	0.06427	0.10747	0.45730	0.01973	0.02831	0.06151	0.12297	0.02227	0.01508	0.02180	0.01219	0.01464	0.00905	0.00647	0.00649	0.00213	0.01007	0.00535	0.00316	0.00973
5	0.01005	0.00761	0.00933	0.00882	0.01073	0.00713	0.00664	0.01409	0.06090	0.02647	0.55481	0.05314	0.17499	0.01456	0.00816	0.00223	0.00347	0.01270	0.00744	0.00674
6	0.03105	0.01229	0.01645	0.01261	0.01802	0.01087	0.01042	0.06912	0.02066	0.67997	0.02695	0.02338	0.01698	0.00862	0.00702	0.00216	0.00603	0.00698	0.00855	0.01188
7	0.00998	0.00744	0.01105	0.01105	0.01223	0.00863	0.00851	0.01235	0.01116	0.01607	0.01885	0.02827	0.01782	0.08529	0.69466	0.01101	0.01813	0.00760	0.00376	0.00614
8	0.00880	0.00644	0.00831	0.00941	0.01028	0.00594	0.00657	0.01049	0.01475	0.01962	0.14386	0.53565	0.12480	0.02011	0.00876	0.00270	0.00398	0.04702	0.00666	0.00587
9	0.02653	0.01955	0.02094	0.01606	0.02164	0.02164	0.01326	0.68796	0.03281	0.04398	0.01675	0.01675	0.01187	0.00838	0.00698	0.00209	0.00768	0.00628	0.00698	0.01187
10	0.01512	0.01279	0.01482	0.01064	0.01681	0.00996	0.00854	0.05357	0.01545	0.02388	0.01264	0.01459	0.01042	0.00534	0.00527	0.00109	0.00530	0.00425	0.00429	0.75524
11	0.00891	0.00659	0.00843	0.00974	0.01071	0.00611	0.00705	0.01057	0.01430	0.01852	0.04435	0.50788	0.17139	0.02063	0.00890	0.00281	0.00435	0.12647	0.00647	0.00584
12	0.00855	0.00611	0.00814	0.00969	0.01013	0.00570	0.00648	0.00983	0.01356	0.01814	0.05979	0.72795	0.04678	0.02162	0.00889	0.00281	0.00402	0.01961	0.00652	0.00570
13	0.03131	0.01188	0.01619	0.01242	0.01781	0.01026	0.01026	0.03401	0.01997	0.71606	0.02753	0.02375	0.01727	0.00864	0.00702	0.00216	0.00594	0.00702	0.00864	0.01188
14	0.01015	0.00677	0.00761	0.00761	0.00761	0.00677	0.00423	0.01015	0.01015	0.01353	0.02199	0.04567	0.02537	0.75476	0.03552	0.00677	0.00677	0.01015	0.00423	0.00423
15	0.02607	0.03326	0.01978	0.01798	0.02157	0.72674	0.01348	0.02787	0.01978	0.01708	0.01079	0.01258	0.00899	0.00719	0.00629	0.00180	0.01258	0.00449	0.00360	0.00809
16	0.00858	0.00618	0.00813	0.00954	0.01011	0.00573	0.00643	0.00994	0.01387	0.01849	0.08127	0.67645	0.07703	0.02121	0.00884	0.00277	0.00398	0.01916	0.00655	0.00573
17	0.09458	0.28316	0.02471	0.01465	0.01933	0.31266	0.01225	0.10502	0.01847	0.02142	0.01123	0.01286	0.00941	0.00797	0.02351	0.00199	0.00968	0.00445	0.00387	0.00876
18	0.00860	0.00612	0.00807	0.00959	0.00997	0.00574	0.00634	0.00974	0.01316	0.01755	0.03745	0.70680	0.04487	0.06701	0.01055	0.00308	0.00422	0.01924	0.00634	0.00558
19	0.01527	0.01527	0.02137	0.01832	0.01832	0.02137	0.01527	0.01679	0.01069	0.01679	0.00916	0.01527	0.00916	0.01221	0.02290	0.00305	0.74198	0.00611	0.00305	0.00763
20	0.01024	0.00820	0.00935	0.00961	0.01149	0.00803	0.00704	0.01528	0.14026	0.02131	0.11200	0.29712	0.27235	0.01735	0.00830	0.00253	0.00413	0.03186	0.00671	0.00684
21	0.02506	0.01812	0.01965	0.01540	0.02054	0.01991	0.01258	0.59132	0.05517	0.06584	0.01915	0.07066	0.01490	0.00941	0.00713	0.00216	0.00727	0.00735	0.00701	0.01139
22	0.01351	0.00699	0.00704	0.00686	0.00863	0.00706	0.00519	0.04109	0.01531	0.02668	0.02254	0.02567	0.01766	0.00814	0.00496	0.00164	0.00342	0.00650	0.76442	0.00670
23	0.00868	0.00615	0.00805	0.00949	0.00986	0.00578	0.00624	0.00976	0.01302	0.01736	0.03673	0.67603	0.04397	0.09902	0.01171	0.00325	0.00433	0.01882	0.00624	0.00552
24	0.06574	0.01707	0.02398	0.18612	0.41327	0.08778	0.01868	0.02221	0.05783	0.02207	0.01347	0.01726	0.01089	0.00670	0.00671	0.00212	0.00859	0.00599	0.00367	0.00983
25	0.02465	0.01822	0.01960	0.01536	0.02041	0.02013	0.01250	0.60179	0.05996	0.04094	0.01850	0.05372	0.01444	0.03667	0.00813	0.00231	0.00738	0.00715	0.00686	0.01125
26	0.00899	0.00655	0.00856	0.00984	0.01072	0.00611	0.00707	0.01072	0.01452	0.01918	0.09439	0.52794	0.11249	0.02046	0.00890	0.00279	0.00429	0.11405	0.00657	0.00587
27	0.00928	0.00693	0.00863	0.00859	0.01016	0.00627	0.00629	0.01187	0.01777	0.02420	0.45097	0.18289	0.19773	0.01637	0.00836	0.00235	0.00348	0.01438	0.00721	0.00627
28	0.01552	0.01600	0.02297	0.10411	0.02384	0.06295	0.09469	0.01800	0.01235	0.01756	0.01079	0.01663	0.00982	0.01288	0.05943	0.00328	0.48183	0.00635	0.00319	0.00780
29	0.03779	0.01780	0.04613	0.15000	0.12408	0.06255	0.25131	0.02048	0.01469	0.02028	0.01219	0.01707	0.00988	0.00767	0.01089	0.00242	0.17591	0.00669	0.00335	0.00883
30	0.80405	0.01350	0.01026	0.00918	0.01350	0.01565	0.00756	0.02051	0.01188	0.03131	0.00972	0.01134	0.00756	0.00648	0.00432	0.00216	0.00540	0.00378	0.00432	0.00756
31	0.01861	0.04757	0.14231	0.02898	0.26954	0.17774	0.14772	0.02364	0.03790	0.02130	0.01306	0.01617	0.01039	0.00653	0.00691	0.00208	0.01015	0.00601	0.00352	0.00988
32	0.07473	0.14014	0.49839	0.01729	0.02598	0.01766	0.02095	0.02306	0.04777	0.05336	0.01333	0.01490	0.00974	0.00675	0.00618	0.00210	0.00909	0.00506	0.00351	0.01001
33	0.02083	0.01266	0.01613	0.04822	0.05169	0.01323	0.01117	0.06886	0.19508	0.25864	0.15768	0.02845	0.02637	0.00993	0.00812	0.00227	0.04521	0.00817	0.00714	0.01016
34	0.00856	0.00610	0.00808	0.00965	0.01004	0.00570	0.00640	0.00973	0.01325	0.01767	0.03791	0.72653	0.04546	0.04649	0.00980	0.00297	0.00414	0.01951	0.00640	0.00562
35	0.02593	0.04874	0.09946	0.01409	0.01989	0.01472	0.01276	0.19706	0.05185	0.37280	0.05423	0.02182	0.01702	0.00852	0.00691	0.00213	0.00681	0.00677	0.00720	0.01128
36	0.02269	0.01739	0.02026	0.01826	0.10454	0.01853	0.01327	0.47735	0.02703	0.03685	0.01650	0.03712	0.01281	0.01033	0.04312	0.00245	0.00792	0.00646	0.00605	0.10107
37	0.00915	0.00685	0.00922	0.00982	0.01088	0.00703	0.00713	0.01093	0.01274	0.01712	0.03470	0.30531	0.14101	0.06581	0.31112	0.00644	0.01022	0.01340	0.00523	0.00588
38	0.01008	0.00674	0.00763	0.00770	0.00772	0.00672	0.00432	0.01013	0.01029	0.01371	0.02269	0.07578	0.02626	0.72343	0.03438	0.00660	0.00665	0.01056	0.00432	0.00429
39	0.12996	0.08487	0.26491	0.05160	0.09833	0.04982	0.11314	0.02091	0.01494	0.02255	0.03236	0.01807	0.03671	0.00812	0.02340	0.00235	0.00918	0.00600	0.00359	0.00918
40	0.04957	0.04651	0.01594	0.01188	0.01680	0.04986	0.00967	0.05757	0.05162	0.34359	0.07277	0.02498	0.06099	0.00873	0.00661	0.00193	0.00593	0.00699	0.00681	0.15123
41	0.05266	0.08171	0.02712	0.14835	0.41136	0.07764	0.06082	0.02136	0.01561	0.02131	0.01242	0.01639	0.01023	0.00639	0.00662	0.00206	0.00884	0.00587	0.00341	0.00983
42	0.06391	0.04040	0.08365	0.01236	0.01619	0.01215	0.04275	0.10052	0.05015	0.06937	0.21846	0.03239	0.03006	0.08649	0.03282	0.00288	0.00644	0.02382	0.04726	0.02793
43	0.01925	0.43890	0.06421	0.01648	0.07008	0.15734	0.05560	0.02212	0.01557	0.01825	0.01138	0.01347	0.00976	0.00638	0.00536	0.00169	0.00865	0.00458	0.05204	0.00889

[dist]
# distance from previous block
# <min> <max>
12	19

[block]
# block no. 5 follows, 30 sequences, length 64
# corresponding to MSA columns:
# 255-318
name=unknown_F
#
# <colnr> <probs for GDERKNQSTAVLIFYWHMCP>
#	G	D	E	R	K	N	Q	S	T	A	V	L	I	F	Y	W	H	M	C	P
0	0.00865	0.00624	0.00806	0.00936	0.00995	0.00579	0.00627	0.00994	0.01371	0.01819	0.07523	0.62417	0.09503	0.06140	0.01028	0.00298	0.00412	0.01855	0.00642	0.00565
1	0.01430	0.03211	0.58190	0.02184	0.07034	0.01603	0.09364	0.02177	0.01516	0.02238	0.03757	0.01665	0.01119	0.00680	0.00687	0.00222	0.01009	0.00581	0.00321	0.01013
2	0.01596	0.01315	0.01586	0.01144	0.01760	0.01056	0.02993	0.07091	0.01613	0.04398	0.01323	0.01505	0.01066	0.00554	0.00546	0.00119	0.00559	0.00451	0.00447	0.68877
3	0.01022	0.00740	0.00992	0.01035	0.01114	0.00763	0.00740	0.03218	0.01446	0.01985	0.15843	0.43400	0.04137	0.02133	0.05293	0.07875	0.05559	0.01509	0.00600	0.00595
4	0.11676	0.15704	0.01984	0.01241	0.01766	0.01640	0.01054	0.15095	0.04541	0.25980	0.01902	0.04388	0.01407	0.00801	0.00611	0.00195	0.00634	0.00610	0.00618	0.08153
5	0.10371	0.03885	0.13877	0.06797	0.10951	0.01661	0.28432	0.02051	0.01485	0.02231	0.01439	0.06596	0.01222	0.00762	0.00810	0.00232	0.05183	0.00743	0.00365	0.00907
6	0.01141	0.00851	0.01046	0.01010	0.01208	0.00791	0.00728	0.07320	0.01637	0.02270	0.16117	0.39937	0.04028	0.05402	0.00938	0.00257	0.00454	0.01430	0.00628	0.12807
7	0.01447	0.01240	0.01447	0.01034	0.01654	0.00930	0.00827	0.01757	0.01447	0.02274	0.01240	0.01447	0.01034	0.00517	0.00517	0.00103	0.00517	0.00413	0.00413	0.79742
8	0.12243	0.01460	0.02181	0.28823	0.31516	0.03816	0.01772	0.01956	0.01463	0.02169	0.01371	0.05687	0.01180	0.00742	0.00667	0.00221	0.00817	0.00657	0.00361	0.00899
9	0.01019	0.00725	0.01009	0.01009	0.01106	0.00813	0.00743	0.01213	0.01116	0.01613	0.01971	0.03167	0.01936	0.21683	0.52089	0.00960	0.01496	0.00806	0.04950	0.00577
10	0.03131	0.01188	0.01619	0.01242	0.01781	0.01026	0.01026	0.03401	0.01997	0.71606	0.02753	0.02375	0.01727	0.00864	0.00702	0.00216	0.00594	0.00702	0.00864	0.01188
11	0.02501	0.01879	0.02009	0.01575	0.02106	0.02093	0.01290	0.58049	0.14275	0.04154	0.01868	0.01829	0.01343	0.00856	0.00700	0.00214	0.00732	0.00655	0.00700	0.01173
12	0.01423	0.01385	0.01933	0.01700	0.01706	0.01896	0.01392	0.01571	0.01110	0.01695	0.01367	0.12827	0.01485	0.01370	0.02075	0.00302	0.62852	0.00822	0.00358	0.00733
13	0.00850	0.00607	0.00810	0.00972	0.01012	0.00567	0.00648	0.00972	0.01336	0.01781	0.03846	0.75020	0.04615	0.02186	0.00891	0.00283	0.00405	0.01984	0.00648	0.00567
14	0.01318	0.01240	0.02093	0.73798	0.04806	0.01550	0.01938	0.01783	0.01395	0.01783	0.01240	0.01860	0.00930	0.00698	0.00698	0.00233	0.00930	0.00620	0.00310	0.00775
15	0.01745	0.00884	0.01160	0.00994	0.01300	0.00784	0.00779	0.02039	0.01949	0.27491	0.40554	0.04326	0.10603	0.01255	0.00780	0.00220	0.00427	0.01079	0.00792	0.00843
16	0.02694	0.01888	0.02053	0.01574	0.02131	0.02066	0.01300	0.63142	0.03170	0.10208	0.01769	0.01736	0.01233	0.00840	0.00698	0.00210	0.00753	0.00635	0.00712	0.01187
17	0.01015	0.00677	0.00761	0.00761	0.00761	0.00677	0.00423	0.01015	0.01015	0.01353	0.02199	0.04567	0.02537	0.75476	0.03552	0.00677	0.00677	0.01015	0.00423	0.00423
18	0.00975	0.00707	0.00919	0.00878	0.01038	0.00651	0.00654	0.01287	0.01927	0.02712	0.64985	0.09292	0.08390	0.01481	0.00827	0.00224	0.00334	0.01310	0.00758	0.00651
19	0.01727	0.01658	0.02832	0.04283	0.71123	0.01658	0.02142	0.02142	0.01589	0.02280	0.01313	0.01727	0.01105	0.00622	0.00691	0.00207	0.00829	0.00622	0.00345	0.01105
20	0.00841	0.00702	0.00733	0.00736	0.00955	0.00594	0.00548	0.01028	0.01612	0.01962	0.12668	0.10182	0.61526	0.01759	0.00828	0.00237	0.00354	0.01481	0.00659	0.00594
21	0.01447	0.01240	0.01447	0.01034	0.01654	0.00930	0.00827	0.01757	0.01447	0.02274	0.01240	0.01447	0.01034	0.00517	0.00517	0.00103	0.00517	0.00413	0.00413	0.79742
22	0.01438	0.03365	0.63226	0.02070	0.05296	0.01633	0.04861	0.02290	0.05223	0.02252	0.01347	0.01558	0.00966	0.00674	0.00672	0.00222	0.01003	0.00545	0.00321	0.01035
23	0.01372	0.00719	0.00727	0.00701	0.00884	0.00730	0.00532	0.05169	0.01559	0.02696	0.02245	0.02553	0.01757	0.00814	0.00499	0.00165	0.00349	0.00649	0.75201	0.00679
24	0.75681	0.01386	0.01091	0.00959	0.01399	0.01602	0.00790	0.06106	0.01315	0.03208	0.01014	0.01167	0.00782	0.00659	0.00448	0.00216	0.00554	0.00393	0.00448	0.00782
25	0.01676	0.01376	0.01464	0.01290	0.01667	0.01522	0.01015	0.14503	0.40410	0.02962	0.06880	0.03460	0.14933	0.01127	0.00741	0.00233	0.00544	0.02507	0.00698	0.00990
26	0.00868	0.00645	0.00813	0.00930	0.01024	0.00590	0.00652	0.01023	0.01437	0.01874	0.07990	0.53442	0.18313	0.02045	0.00878	0.00272	0.00404	0.05565	0.00654	0.00581
27	0.09121	0.26192	0.34075	0.01711	0.02500	0.01976	0.09096	0.02147	0.01447	0.02121	0.01153	0.01372	0.00898	0.00628	0.00586	0.00196	0.00895	0.00488	0.00319	0.03079
28	0.02621	0.01884	0.02069	0.04648	0.02256	0.02078	0.01336	0.62505	0.03133	0.07832	0.01714	0.01720	0.01204	0.00833	0.00698	0.00211	0.00766	0.00632	0.00690	0.01169
29	0.00928	0.00653	0.00833	0.00926	0.01027	0.00596	0.00642	0.01091	0.01481	0.03867	0.13510	0.52913	0.14989	0.01981	0.00866	0.00265	0.00392	0.01771	0.00670	0.00600
30	0.01584	0.01551	0.02448	0.27407	0.38066	0.05440	0.04009	0.02003	0.01573	0.02114	0.05961	0.01987	0.01403	0.00706	0.00703	0.00216	0.00864	0.00661	0.00363	0.00942
31	0.32583	0.01487	0.05576	0.01631	0.13055	0.01444	0.01155	0.07678	0.04517	0.05382	0.10746	0.01985	0.01766	0.00775	0.00592	0.00206	0.00607	0.00599	0.00503	0.07711
32	0.02217	0.14297	0.02281	0.01807	0.09752	0.16612	0.01333	0.26777	0.08321	0.02866	0.01826	0.01892	0.05385	0.00815	0.00650	0.00197	0.00828	0.00614	0.00521	0.01008
33	0.02653	0.01955	0.02094	0.01606	0.02164	0.02164	0.01326	0.68796	0.03281	0.04398	0.01675	0.01675	0.01187	0.00838	0.00698	0.00209	0.00768	0.00628	0.00698	0.01187
34	0.02488	0.08219	0.02130	0.01496	0.02049	0.02027	0.01250	0.52646	0.02859	0.08096	0.01657	0.01684	0.01200	0.00916	0.02613	0.00222	0.00768	0.00600	0.00646	0.06434
35	0.00982	0.03914	0.00935	0.00810	0.00997	0.00753	0.00591	0.01223	0.03589	0.02065	0.24409	0.05479	0.33099	0.16564	0.01359	0.00317	0.00434	0.01251	0.00625	0.00604
36	0.01415	0.05964	0.69638	0.01963	0.02980	0.01658	0.02533	0.02206	0.01471	0.02191	0.01243	0.01462	0.00884	0.00661	0.00656	0.00219	0.01022	0.00511	0.00295	0.01027
37	0.02799	0.03519	0.01752	0.01326	0.01827	0.01335	0.01095	0.13306	0.06710	0.49776	0.02446	0.02228	0.01619	0.01013	0.03097	0.00247	0.03307	0.00685	0.00775	0.01140
38	0.01440	0.05444	0.56756	0.02219	0.11667	0.01614	0.02395	0.02153	0.01494	0.02194	0.01392	0.01865	0.01094	0.00729	0.00677	0.00223	0.00974	0.04334	0.00321	0.01014
39	0.01786	0.46076	0.25287	0.01504	0.02218	0.08880	0.01651	0.02193	0.01487	0.01829	0.01070	0.01245	0.00892	0.00629	0.00533	0.00175	0.00885	0.00426	0.00303	0.00931
40	0.01391	0.01279	0.02093	0.69851	0.04662	0.01584	0.01905	0.05447	0.01498	0.01926	0.01264	0.01850	0.00944	0.00705	0.00698	0.00231	0.00921	0.00621	0.00331	0.00798
41	0.01647	0.01882	0.04118	0.02941	0.03647	0.01765	0.68588	0.02235	0.01647	0.02235	0.01412	0.01882	0.01059	0.00588	0.00824	0.00235	0.01176	0.00824	0.00353	0.00941
42	0.14106	0.12528	0.47964	0.05502	0.02687	0.01756	0.02073	0.02146	0.01416	0.02261	0.01170	0.01393	0.00867	0.00654	0.00600	0.00211	0.00910	0.00481	0.00318	0.00956
43	0.01053	0.00780	0.01106	0.01338	0.05719	0.00762	0.00986	0.01306	0.01525	0.02025	0.07265	0.32393	0.04194	0.01913	0.00911	0.00294	0.00549	0.34604	0.00632	0.00645
44	0.00825	0.00707	0.00707	0.00707	0.00943	0.00589	0.00530	0.01001	0.01591	0.01885	0.07069	0.06716	0.70839	0.01767	0.00825	0.00236	0.00353	0.01473	0.00648	0.00589
45	0.01836	0.73336	0.03570	0.01192	0.01772	0.02697	0.01183	0.02061	0.01408	0.01641	0.01001	0.01175	0.00924	0.00755	0.02909	0.00182	0.00785	0.00386	0.00301	0.00886
46	0.01420	0.01029	0.01228	0.01197	0.01404	0.01069	0.00912	0.20527	0.01926	0.02565	0.03128	0.39885	0.03444	0.04864	0.00960	0.00285	0.00560	0.12194	0.00652	0.00751
47	0.02813	0.01639	0.13250	0.01389	0.02012	0.01201	0.01302	0.07606	0.01997	0.55624	0.02433	0.02179	0.01552	0.00829	0.00695	0.00216	0.00678	0.00666	0.00759	0.01162
48	0.00850	0.00607	0.00810	0.00972	0.01012	0.00567	0.00648	0.00972	0.01336	0.01781	0.03846	0.75020	0.04615	0.02186	0.00891	0.00283	0.00405	0.01984	0.00648	0.00567
49	0.01927	0.02253	0.02847	0.02248	0.02637	0.25109	0.27276	0.02256	0.01589	0.01903	0.01160	0.01576	0.00965	0.00813	0.01181	0.00237	0.22194	0.00640	0.00341	0.00847
50	0.01868	0.05392	0.12952	0.03290	0.43792	0.13863	0.02001	0.04653	0.01692	0.02221	0.01262	0.01582	0.01031	0.00651	0.00666	0.00202	0.00927	0.00566	0.00351	0.01038
51	0.00997	0.00748	0.01121	0.01121	0.01246	0.00872	0.00872	0.01246	0.01121	0.01620	0.01869	0.02741	0.01745	0.05234	0.72710	0.01121	0.01869	0.00748	0.00374	0.00623
52	0.01015	0.00677	0.00761	0.00761	0.00761	0.00677	0.00423	0.01015	0.01015	0.01353	0.02199	0.04567	0.02537	0.75476	0.03552	0.00677	0.00677	0.01015	0.00423	0.00423
53	0.21734	0.06825	0.34691	0.01815	0.08232	0.01748	0.01830	0.11027	0.01648	0.02709	0.01226	0.01415	0.00911	0.00675	0.00599	0.00213	0.00837	0.00496	0.00388	0.00980
54	0.01107	0.00811	0.00987	0.00920	0.01132	0.00774	0.00697	0.01587	0.09217	0.04724	0.51481	0.05082	0.15987	0.01411	0.00808	0.00224	0.00365	0.01227	0.00746	0.00711
55	0.01840	0.71943	0.07386	0.01237	0.01858	0.02699	0.01270	0.02096	0.01421	0.01673	0.00986	0.01139	0.00895	0.00601	0.00460	0.00153	0.00762	0.00381	0.00298	0.00903
56	0.01318	0.01240	0.02093	0.73798	0.04806	0.01550	0.01938	0.01783	0.01395	0.01783	0.01240	0.01860	0.00930	0.00698	0.00698	0.00233	0.00930	0.00620	0.00310	0.00775
57	0.01086	0.00856	0.01287	0.01201	0.01329	0.00977	0.04463	0.01313	0.01175	0.01698	0.03906	0.05035	0.01973	0.13806	0.46529	0.00857	0.07661	0.00824	0.03399	0.00625
58	0.00850	0.00607	0.00810	0.00972	0.01012	0.00567	0.00648	0.00972	0.01336	0.01781	0.03846	0.75020	0.04615	0.02186	0.00891	0.00283	0.00405	0.01984	0.00648	0.00567
59	0.02811	0.01559	0.01832	0.01420	0.01958	0.01595	0.01168	0.33157	0.07570	0.35999	0.02269	0.02074	0.01511	0.00858	0.00701	0.00214	0.00670	0.00675	0.00777	0.01181
60	0.03766	0.01315	0.02110	0.56945	0.12743	0.01565	0.01852	0.05208	0.01515	0.02021	0.01450	0.01968	0.03194	0.00728	0.00693	0.00228	0.00879	0.00641	0.00349	0.00831
61	0.71924	0.05689	0.01232	0.00969	0.01416	0.01665	0.00810	0.05437	0.01307	0.03109	0.01007	0.01160	0.00786	0.00654	0.00446	0.00212	0.00563	0.00390	0.00438	0.00786
62	0.01814	0.72078	0.03512	0.01183	0.01752	0.02650	0.01166	0.02033	0.01414	0.01649	0.01116	0.04866	0.01084	0.00678	0.00470	0.00156	0.00729	0.00455	0.00316	0.00879
63	0.00909	0.00676	0.00847	0.00877	0.01013	0.00614	0.00630	0.01137	0.01681	0.02272	0.35438	0.29399	0.18437	0.01753	0.00847	0.00245	0.00360	0.01550	0.00704	0.00614

[dist]
# distance from previous block
# <min> <max>
2	27

[block]
# block no. 6 follows, 30 sequences, length 83
# corresponding to MSA columns:
# 346-428
name=unknown_G
#
# <colnr> <probs for GDERKNQSTAVLIFYWHMCP>
#	G	D	E	R	K	N	Q	S	T	A	V	L	I	F	Y	W	H	M	C	P
0	0.01171	0.01072	0.01012	0.01010	0.01191	0.09626	0.00729	0.01486	0.07138	0.01957	0.11367	0.21480	0.23495	0.08864	0.04924	0.00328	0.00604	0.01307	0.00594	0.00647
1	0.00827	0.00697	0.00717	0.00733	0.00949	0.00587	0.00542	0.00999	0.01565	0.01875	0.06750	0.13481	0.64280	0.01809	0.00831	0.00240	0.00359	0.01523	0.00648	0.00587
2	0.01045	0.00766	0.01106	0.01094	0.01214	0.00893	0.00848	0.01291	0.01148	0.01706	0.01881	0.02735	0.01740	0.06667	0.61416	0.00989	0.04396	0.00741	0.07698	0.00625
3	0.01007	0.00673	0.00763	0.00771	0.00772	0.00672	0.00433	0.01013	0.01029	0.01372	0.02273	0.07727	0.02630	0.72188	0.03432	0.00659	0.00664	0.01058	0.00433	0.00429
4	0.01724	0.01668	0.02890	0.04223	0.68095	0.01663	0.05123	0.02146	0.01592	0.02278	0.01317	0.01734	0.01103	0.00620	0.00697	0.00209	0.00845	0.00631	0.00346	0.01098
5	0.00988	0.00713	0.00933	0.00878	0.01043	0.00658	0.00658	0.01317	0.01975	0.02798	0.70754	0.05213	0.06584	0.01427	0.00823	0.00219	0.00329	0.01262	0.00768	0.00658
6	0.01076	0.00737	0.00935	0.00871	0.01066	0.00667	0.00658	0.01379	0.01918	0.06283	0.57465	0.05292	0.16123	0.01449	0.00817	0.00222	0.00347	0.01265	0.00755	0.00676
7	0.14284	0.01211	0.01534	0.01195	0.01719	0.01104	0.00987	0.03206	0.01880	0.61723	0.02496	0.02196	0.01587	0.00833	0.00663	0.00216	0.00586	0.00655	0.00801	0.01125
8	0.01097	0.00784	0.01091	0.01240	0.01393	0.00778	0.01065	0.01405	0.01607	0.02105	0.07352	0.12555	0.04199	0.01919	0.00951	0.00313	0.00608	0.58250	0.00650	0.00638
9	0.01433	0.08807	0.66956	0.01932	0.02932	0.01703	0.02479	0.02201	0.01469	0.02169	0.01232	0.01448	0.00885	0.00658	0.00648	0.00216	0.01011	0.00505	0.00295	0.01022
10	0.01447	0.01240	0.01447	0.01034	0.01654	0.00930	0.00827	0.01757	0.01447	0.02274	0.01240	0.01447	0.01034	0.00517	0.00517	0.00103	0.00517	0.00413	0.00413	0.79742
11	0.02531	0.01835	0.01992	0.01532	0.02079	0.01986	0.01259	0.59541	0.03044	0.06681	0.01748	0.03837	0.01297	0.00855	0.00691	0.00204	0.00733	0.00655	0.00682	0.06816
