[name]
unknown

[dist]
# distance from previous block
# <min> <max>
27	145

[block]
# block no. 0 follows, 29 sequences, length 24
# corresponding to MSA columns:
# 158-181
name=unknown_A
#
# <colnr> <probs for GDERKNQSTAVLIFYWHMCP>
#	G	D	E	R	K	N	Q	S	T	A	V	L	I	F	Y	W	H	M	C	P
0	0.11986	0.01877	0.01768	0.01517	0.04356	0.18479	0.04696	0.10572	0.01802	0.02488	0.01437	0.01967	0.01252	0.06498	0.00851	0.00219	0.00812	0.03179	0.00453	0.23793
1	0.01712	0.01333	0.01548	0.01142	0.01737	0.01107	0.00915	0.10682	0.01752	0.06461	0.01521	0.04560	0.01265	0.00661	0.00578	0.00134	0.00561	0.00533	0.00496	0.61300
2	0.01633	0.01352	0.01547	0.01146	0.01738	0.01148	0.00919	0.10545	0.05565	0.02664	0.04418	0.01741	0.01385	0.00635	0.00576	0.00132	0.00554	0.00510	0.00493	0.61298
3	0.01667	0.17882	0.37079	0.10709	0.02885	0.10204	0.02057	0.02216	0.01521	0.01994	0.01179	0.01456	0.00914	0.00704	0.00720	0.00212	0.04835	0.00507	0.00312	0.00950
4	0.01608	0.01359	0.01666	0.10173	0.02148	0.01251	0.01087	0.10429	0.01689	0.02492	0.01379	0.03606	0.01157	0.00681	0.00687	0.00153	0.04734	0.00533	0.00447	0.52719
5	0.05526	0.00818	0.00926	0.09798	0.01484	0.00779	0.00744	0.01181	0.01550	0.01975	0.05807	0.12130	0.51523	0.01640	0.00808	0.00243	0.00450	0.01377	0.00605	0.00633
6	0.01622	0.01356	0.01596	0.05209	0.01934	0.01142	0.00971	0.10064	0.01707	0.02562	0.01321	0.01529	0.01068	0.00579	0.00561	0.00126	0.00583	0.00461	0.00452	0.65155
7	0.15570	0.07968	0.02043	0.01756	0.05889	0.42167	0.01305	0.11151	0.01992	0.02373	0.01167	0.01335	0.00943	0.00723	0.00608	0.00193	0.01033	0.00474	0.00419	0.00890
8	0.01491	0.10545	0.02335	0.60238	0.04369	0.01771	0.01848	0.05608	0.01535	0.01952	0.01256	0.01794	0.00960	0.00707	0.00680	0.00225	0.00916	0.00602	0.00337	0.00830
9	0.11346	0.01318	0.01456	0.01082	0.01666	0.01125	0.00870	0.07430	0.01626	0.02636	0.04272	0.01624	0.01279	0.00612	0.00546	0.00134	0.00544	0.00474	0.00465	0.59496
10	0.00898	0.00633	0.00817	0.00952	0.00986	0.00599	0.00619	0.01000	0.01303	0.01738	0.03617	0.61730	0.04322	0.15541	0.01406	0.00363	0.00464	0.01843	0.00619	0.00551
11	0.01517	0.01444	0.04633	0.61766	0.04503	0.01663	0.01923	0.10102	0.01666	0.02168	0.01321	0.01861	0.00980	0.00728	0.00711	0.00234	0.00932	0.00630	0.00365	0.00853
12	0.54473	0.01468	0.01336	0.01232	0.04290	0.01667	0.00949	0.08983	0.11740	0.05840	0.01434	0.01510	0.01079	0.00734	0.00532	0.00223	0.00590	0.00497	0.00524	0.00900
13	0.01701	0.12965	0.19880	0.11240	0.03076	0.01905	0.20201	0.10331	0.01742	0.02362	0.01419	0.04395	0.01143	0.00753	0.00773	0.00225	0.03859	0.00680	0.00385	0.00964
14	0.04859	0.10752	0.02518	0.26974	0.14818	0.01851	0.06061	0.13361	0.03620	0.06366	0.01451	0.01772	0.01100	0.00717	0.00678	0.00217	0.00852	0.00617	0.00439	0.00978
15	0.06007	0.01498	0.02041	0.22379	0.05129	0.04116	0.07730	0.08323	0.01686	0.04210	0.01347	0.01673	0.01042	0.00647	0.00639	0.00183	0.00782	0.00558	0.00422	0.29588
16	0.01701	0.01406	0.01624	0.10652	0.02077	0.04281	0.03261	0.19483	0.10380	0.02652	0.02620	0.03244	0.10625	0.15129	0.01285	0.00312	0.00720	0.02695	0.00559	0.05293
17	0.02124	0.02443	0.01971	0.04063	0.04780	0.38421	0.03776	0.02439	0.03956	0.01997	0.01228	0.01459	0.01014	0.00692	0.00692	0.00173	0.03940	0.00492	0.00390	0.23949
18	0.01967	0.01761	0.02368	0.06538	0.02518	0.06722	0.17264	0.24319	0.02158	0.02885	0.01602	0.04296	0.01325	0.06017	0.00918	0.00236	0.00866	0.00709	0.00503	0.15026
19	0.02006	0.04498	0.02051	0.06799	0.02235	0.05676	0.05157	0.25303	0.06097	0.04476	0.01778	0.01965	0.03809	0.01083	0.04840	0.00257	0.06300	0.00644	0.00531	0.14495
20	0.01641	0.03801	0.01735	0.09340	0.04837	0.03619	0.02856	0.10197	0.07428	0.03841	0.02047	0.02423	0.06580	0.07788	0.03254	0.00258	0.00721	0.00680	0.00489	0.26465
21	0.07752	0.04044	0.05274	0.17082	0.03989	0.05698	0.03518	0.11996	0.04490	0.02500	0.01625	0.09074	0.01429	0.00873	0.00730	0.00210	0.03549	0.00709	0.00460	0.14996
22	0.01534	0.01704	0.08264	0.06744	0.02176	0.10359	0.09456	0.05456	0.01609	0.02118	0.04628	0.17109	0.02122	0.06910	0.01084	0.00262	0.06061	0.00945	0.00461	0.10999
23	0.01922	0.01805	0.03781	0.16912	0.02650	0.11125	0.05031	0.20597	0.08310	0.02704	0.01843	0.04165	0.03348	0.06188	0.00916	0.00249	0.00849	0.00714	0.00509	0.06380

[dist]
# distance from previous block
# <min> <max>
0	85

[block]
# block no. 1 follows, 29 sequences, length 25
# corresponding to MSA columns:
# 267-291
name=unknown_B
#
# <colnr> <probs for GDERKNQSTAVLIFYWHMCP>
#	G	D	E	R	K	N	Q	S	T	A	V	L	I	F	Y	W	H	M	C	P
0	0.01662	0.22525	0.08068	0.04890	0.05487	0.05319	0.09393	0.04419	0.06518	0.02158	0.04726	0.02532	0.04797	0.03489	0.00770	0.00221	0.00799	0.05141	0.00436	0.06650
1	0.10457	0.07958	0.02057	0.05147	0.14873	0.12935	0.01333	0.06402	0.05485	0.06625	0.01497	0.03584	0.01248	0.02851	0.00787	0.00213	0.04130	0.00591	0.00453	0.11375
2	0.08218	0.09503	0.04127	0.01622	0.04476	0.01747	0.07474	0.13263	0.08658	0.08024	0.04390	0.02055	0.03993	0.00854	0.00850	0.00214	0.09096	0.00659	0.00524	0.10256
3	0.01504	0.01478	0.05004	0.04147	0.06771	0.01321	0.27857	0.01982	0.04420	0.05485	0.02188	0.21119	0.02110	0.01060	0.00793	0.00234	0.00822	0.01067	0.00484	0.10154
4	0.02243	0.15712	0.04333	0.01613	0.02144	0.07099	0.06937	0.31738	0.04797	0.06399	0.01806	0.08701	0.01514	0.00912	0.00689	0.00211	0.00806	0.00736	0.00573	0.01038
5	0.18330	0.36535	0.05525	0.01292	0.01849	0.05647	0.01198	0.14872	0.01816	0.02606	0.03726	0.01433	0.01158	0.00708	0.00535	0.00186	0.00743	0.00476	0.00432	0.00934
6	0.01776	0.30828	0.09700	0.01682	0.06921	0.02073	0.04482	0.07618	0.01601	0.04549	0.03465	0.05275	0.01454	0.05463	0.01011	0.00238	0.09901	0.00646	0.00406	0.00911
7	0.16283	0.30231	0.06826	0.01375	0.01948	0.08480	0.01264	0.18019	0.01940	0.05845	0.01273	0.01374	0.00998	0.00705	0.00557	0.00190	0.00786	0.00475	0.00458	0.00973
8	0.01156	0.00785	0.00875	0.00839	0.00880	0.00800	0.00498	0.05889	0.01203	0.01605	0.02205	0.04446	0.02489	0.69615	0.03414	0.00656	0.00697	0.01007	0.00452	0.00488
9	0.00868	0.00620	0.00826	0.00991	0.01033	0.00578	0.00661	0.00991	0.01363	0.01818	0.03925	0.74510	0.04710	0.02231	0.00909	0.00289	0.00413	0.02024	0.00661	0.00578
10	0.07245	0.16425	0.43649	0.02104	0.10532	0.01873	0.04362	0.02214	0.01491	0.02225	0.01217	0.01456	0.00927	0.00656	0.00628	0.00211	0.00944	0.00512	0.00319	0.01012
11	0.01637	0.01618	0.02918	0.22535	0.41310	0.01682	0.13638	0.02104	0.01579	0.02183	0.01337	0.01826	0.01072	0.00649	0.00730	0.00223	0.00936	0.00670	0.00344	0.01009
12	0.01021	0.00684	0.00781	0.00795	0.00798	0.00681	0.00451	0.01032	0.01063	0.01418	0.02387	0.10599	0.02769	0.68790	0.03393	0.00656	0.00667	0.01120	0.00451	0.00444
13	0.01747	0.01735	0.03136	0.04114	0.57993	0.01712	0.14529	0.02203	0.01633	0.02318	0.01358	0.01792	0.01119	0.00628	0.00730	0.00217	0.00912	0.00673	0.00354	0.01096
14	0.00931	0.00698	0.00940	0.01071	0.01115	0.00706	0.00750	0.01068	0.01357	0.01826	0.03701	0.65908	0.04406	0.02146	0.01016	0.00293	0.05723	0.05112	0.00635	0.00597
15	0.62552	0.01471	0.01243	0.04355	0.01652	0.04585	0.00904	0.05206	0.01428	0.09371	0.01208	0.01338	0.00897	0.00695	0.00499	0.00219	0.00616	0.00442	0.00485	0.00835
16	0.01146	0.00756	0.00963	0.01034	0.03944	0.00720	0.00650	0.01280	0.01404	0.06154	0.15024	0.22255	0.06318	0.32846	0.02028	0.00439	0.00546	0.01311	0.00586	0.00596
17	0.06714	0.48784	0.08673	0.04563	0.04590	0.07178	0.04176	0.02157	0.01509	0.01915	0.03322	0.01406	0.01110	0.00659	0.00535	0.00176	0.00823	0.00467	0.00337	0.00906
18	0.06645	0.09915	0.05222	0.14878	0.20361	0.10827	0.08655	0.02146	0.01527	0.02061	0.01193	0.01600	0.00986	0.00736	0.00878	0.00223	0.10300	0.00585	0.00342	0.00920
19	0.06693	0.09483	0.05195	0.06166	0.36193	0.05048	0.03943	0.07742	0.01728	0.02442	0.04590	0.01797	0.01323	0.00726	0.00740	0.00212	0.03943	0.00618	0.00400	0.01016
20	0.01656	0.11542	0.22859	0.05818	0.16775	0.01728	0.01794	0.08985	0.05361	0.02399	0.03414	0.02064	0.03297	0.05369	0.00850	0.00238	0.00831	0.00639	0.00414	0.03966
21	0.13486	0.09977	0.23272	0.12540	0.05817	0.05126	0.06583	0.04559	0.03836	0.02389	0.05005	0.01756	0.01283	0.00726	0.00646	0.00217	0.00878	0.00585	0.00390	0.00929
22	0.01946	0.02592	0.17958	0.06957	0.15447	0.22727	0.01788	0.05501	0.07427	0.02255	0.01390	0.01616	0.01086	0.00707	0.00667	0.00201	0.00977	0.00553	0.00396	0.07808
23	0.06447	0.01548	0.08190	0.04219	0.12286	0.01348	0.07274	0.06940	0.04729	0.04738	0.04234	0.12070	0.06333	0.00996	0.00754	0.00217	0.02600	0.00869	0.00500	0.13708
24	0.05348	0.02028	0.09064	0.01654	0.06542	0.14658	0.03812	0.09394	0.06663	0.02493	0.01895	0.02022	0.06858	0.00771	0.00645	0.00183	0.00788	0.00609	0.00466	0.24106

[dist]
# distance from previous block
# <min> <max>
3	23

[block]
# block no. 2 follows, 29 sequences, length 177
# corresponding to MSA columns:
# 315-491
name=unknown_C
#
# <colnr> <probs for GDERKNQSTAVLIFYWHMCP>
#	G	D	E	R	K	N	Q	S	T	A	V	L	I	F	Y	W	H	M	C	P
0	0.01690	0.04279	0.22084	0.01897	0.06898	0.01539	0.09693	0.07596	0.04551	0.06011	0.06403	0.01944	0.01512	0.00752	0.00759	0.00203	0.04257	0.00636	0.00452	0.16843
1	0.08258	0.04045	0.16555	0.01479	0.02108	0.04013	0.03764	0.08840	0.01821	0.20335	0.01897	0.04427	0.01465	0.00835	0.00668	0.00207	0.00748	0.03950	0.00557	0.14029
2	0.01658	0.01715	0.07945	0.01960	0.09247	0.01427	0.15619	0.07972	0.06734	0.02536	0.01644	0.01867	0.03155	0.00664	0.00665	0.00179	0.00768	0.00621	0.00447	0.33178
3	0.01387	0.04371	0.14439	0.01307	0.01876	0.01150	0.03338	0.03696	0.03581	0.02249	0.02097	0.16477	0.04525	0.00977	0.00663	0.00183	0.00634	0.00837	0.00468	0.35744
4	0.02025	0.01622	0.04067	0.01628	0.04355	0.01486	0.09298	0.20927	0.04754	0.09849	0.01712	0.03856	0.01321	0.00739	0.00666	0.00182	0.00714	0.00636	0.00556	0.29606
5	0.01488	0.01228	0.01622	0.01244	0.01773	0.01009	0.06338	0.03926	0.01609	0.04461	0.05963	0.07471	0.01924	0.00843	0.00646	0.00161	0.00583	0.05626	0.00497	0.51589
6	0.01490	0.01278	0.01483	0.01073	0.01695	0.00987	0.00857	0.01884	0.04562	0.02350	0.01340	0.01530	0.01106	0.00547	0.00536	0.00112	0.00529	0.00439	0.00436	0.75768
7	0.01504	0.02981	0.46427	0.02224	0.03147	0.01637	0.21017	0.02224	0.01551	0.02268	0.01323	0.01620	0.00965	0.00642	0.00711	0.00220	0.01051	0.00607	0.00328	0.07555
8	0.04432	0.59467	0.13083	0.01353	0.02007	0.05889	0.01410	0.02182	0.01474	0.01810	0.01036	0.01200	0.00908	0.00626	0.00496	0.00166	0.00820	0.00405	0.00311	0.00924
9	0.03027	0.01375	0.01745	0.01335	0.01893	0.01282	0.01102	0.16736	0.02286	0.54613	0.02522	0.02239	0.01621	0.00862	0.00708	0.00214	0.00639	0.00689	0.00828	0.04281
10	0.01959	0.66617	0.05630	0.01300	0.01900	0.09137	0.01276	0.02201	0.01501	0.01699	0.01009	0.01166	0.00914	0.00623	0.00481	0.00157	0.00818	0.00392	0.00310	0.00910
11	0.01468	0.09665	0.65652	0.01962	0.02977	0.01751	0.02513	0.02245	0.01499	0.02207	0.01254	0.01473	0.00903	0.00671	0.00658	0.00219	0.01028	0.00514	0.00301	0.01041
12	0.00843	0.00716	0.00727	0.00735	0.00965	0.00600	0.00547	0.01020	0.01610	0.01918	0.07050	0.10220	0.66983	0.01825	0.00845	0.00243	0.00363	0.01529	0.00661	0.00600
13	0.01036	0.00690	0.00777	0.00777	0.00777	0.00690	0.00431	0.01036	0.01036	0.01381	0.02244	0.04660	0.02589	0.74975	0.03624	0.00690	0.00690	0.01036	0.00431	0.00431
14	0.01763	0.01729	0.02777	0.10938	0.61010	0.04934	0.02128	0.02180	0.01621	0.02250	0.01321	0.01753	0.01101	0.00647	0.00703	0.00213	0.00876	0.00626	0.00350	0.01081
15	0.01841	0.01726	0.02819	0.04182	0.65993	0.03812	0.02120	0.02251	0.01648	0.04769	0.01385	0.01771	0.01144	0.00646	0.00703	0.00211	0.00851	0.00632	0.00372	0.01122
16	0.01136	0.00811	0.01134	0.01298	0.01457	0.00810	0.01127	0.01455	0.01628	0.02118	0.03777	0.10808	0.04124	0.01978	0.00980	0.00326	0.00646	0.63080	0.00656	0.00652
17	0.01762	0.01692	0.02890	0.04371	0.70533	0.01692	0.02185	0.02185	0.01621	0.02326	0.01339	0.01762	0.01128	0.00634	0.00705	0.00211	0.00846	0.00634	0.00352	0.01128
18	0.01428	0.03683	0.71286	0.02030	0.03082	0.01654	0.02631	0.02255	0.01503	0.02255	0.01278	0.01503	0.00902	0.00677	0.00677	0.00226	0.01052	0.00526	0.00301	0.01052
19	0.13930	0.01528	0.01548	0.01379	0.01795	0.01765	0.01083	0.06564	0.55597	0.03083	0.02547	0.02380	0.01911	0.00914	0.00680	0.00237	0.00572	0.00732	0.00680	0.01076
20	0.80005	0.01377	0.01047	0.00936	0.01377	0.01597	0.00771	0.02093	0.01212	0.03195	0.00991	0.01157	0.00771	0.00661	0.00441	0.00220	0.00551	0.00386	0.00441	0.00771
21	0.00878	0.00627	0.00838	0.01003	0.01049	0.00587	0.00678	0.01009	0.01373	0.01829	0.03919	0.72129	0.04688	0.02221	0.00912	0.00291	0.00422	0.04306	0.00661	0.00581
22	0.00842	0.00721	0.00721	0.00721	0.00962	0.00601	0.00541	0.01022	0.01623	0.01924	0.07213	0.06853	0.70244	0.01803	0.00842	0.00240	0.00361	0.01503	0.00661	0.00601
23	0.01477	0.01266	0.01477	0.01055	0.01687	0.00949	0.00844	0.01793	0.01477	0.02320	0.01266	0.01477	0.01055	0.00527	0.00527	0.00105	0.00527	0.00422	0.00422	0.79328
24	0.02660	0.03394	0.02018	0.01834	0.02201	0.72116	0.01376	0.02843	0.02018	0.01743	0.01101	0.01284	0.00917	0.00734	0.00642	0.00183	0.01284	0.00459	0.00367	0.00825
25	0.03174	0.01245	0.01673	0.01282	0.01834	0.01095	0.01059	0.06172	0.02093	0.68248	0.02763	0.02394	0.01740	0.00880	0.00716	0.00220	0.00613	0.00713	0.00874	0.01212
26	0.01008	0.00728	0.00952	0.00896	0.01064	0.00672	0.00672	0.01344	0.02016	0.02855	0.70158	0.05319	0.06719	0.01456	0.00840	0.00224	0.00336	0.01288	0.00784	0.00672
27	0.03170	0.01252	0.01677	0.01286	0.01838	0.01106	0.01062	0.06782	0.02105	0.67620	0.02753	0.02387	0.01734	0.00880	0.00716	0.00220	0.00615	0.00712	0.00873	0.01212
28	0.01147	0.00820	0.01147	0.01311	0.01475	0.00820	0.01147	0.01475	0.01639	0.02131	0.03770	0.08032	0.04098	0.01967	0.00984	0.00328	0.00656	0.65741	0.00656	0.00656
29	0.00868	0.00620	0.00826	0.00991	0.01033	0.00578	0.00661	0.00991	0.01363	0.01818	0.03925	0.74510	0.04710	0.02231	0.00909	0.00289	0.00413	0.02024	0.00661	0.00578
30	0.01869	0.67948	0.03575	0.01284	0.01832	0.02753	0.01253	0.02090	0.01411	0.01679	0.00984	0.01184	0.00916	0.00674	0.00647	0.00168	0.08122	0.00405	0.00305	0.00900
31	0.80005	0.01377	0.01047	0.00936	0.01377	0.01597	0.00771	0.02093	0.01212	0.03195	0.00991	0.01157	0.00771	0.00661	0.00441	0.00220	0.00551	0.00386	0.00441	0.00771
32	0.00879	0.00628	0.00839	0.01004	0.01050	0.00588	0.00680	0.01011	0.01374	0.01830	0.03919	0.71898	0.04686	0.02220	0.00912	0.00291	0.00423	0.04528	0.00661	0.00581
33	0.01327	0.00664	0.00664	0.00664	0.00830	0.00664	0.00498	0.01659	0.01493	0.02655	0.02323	0.02655	0.01825	0.00830	0.00498	0.00166	0.00332	0.00664	0.78928	0.00664
34	0.01805	0.01719	0.02920	0.04165	0.63713	0.01723	0.05510	0.05473	0.01710	0.02432	0.01363	0.01768	0.01130	0.00644	0.00712	0.00213	0.00861	0.00645	0.00371	0.01123
35	0.01904	0.75404	0.03731	0.01218	0.01828	0.02818	0.01218	0.02132	0.01447	0.01675	0.00990	0.01142	0.00914	0.00609	0.00457	0.00152	0.00761	0.00381	0.00305	0.00914
36	0.80005	0.01377	0.01047	0.00936	0.01377	0.01597	0.00771	0.02093	0.01212	0.03195	0.00991	0.01157	0.00771	0.00661	0.00441	0.00220	0.00551	0.00386	0.00441	0.00771
37	0.01004	0.00831	0.00917	0.01056	0.01122	0.06040	0.00716	0.01133	0.01413	0.01812	0.03709	0.68920	0.04420	0.02117	0.00888	0.00281	0.00480	0.01905	0.00639	0.00597
38	0.00994	0.00727	0.00933	0.00881	0.01055	0.00666	0.00661	0.01317	0.01983	0.02778	0.64937	0.05446	0.11988	0.01485	0.00840	0.00225	0.00338	0.01306	0.00774	0.00666
39	0.01681	0.01921	0.04202	0.03001	0.03721	0.01801	0.67947	0.02281	0.01681	0.02281	0.01441	0.01921	0.01080	0.00600	0.00840	0.00240	0.01200	0.00840	0.00360	0.00960
40	0.01442	0.05781	0.69310	0.02006	0.03045	0.01688	0.02590	0.02251	0.01502	0.02238	0.01269	0.01493	0.00902	0.00675	0.00670	0.00223	0.01044	0.00522	0.00301	0.01048
41	0.03195	0.01212	0.01652	0.01267	0.01818	0.01047	0.01047	0.03470	0.02038	0.71026	0.02809	0.02424	0.01763	0.00881	0.00716	0.00220	0.00606	0.00716	0.00881	0.01212
42	0.01109	0.00792	0.01103	0.01267	0.01414	0.00786	0.01080	0.01409	0.01601	0.02088	0.03791	0.17201	0.04182	0.02003	0.00973	0.00323	0.00622	0.56952	0.00656	0.00645
43	0.01792	0.01748	0.02862	0.04288	0.68294	0.04000	0.02159	0.02207	0.01634	0.02307	0.01332	0.01747	0.01121	0.00638	0.00703	0.00211	0.00860	0.00629	0.00353	0.01118
44	0.00868	0.00620	0.00826	0.00991	0.01033	0.00578	0.00661	0.00991	0.01363	0.01818	0.03925	0.74510	0.04710	0.02231	0.00909	0.00289	0.00413	0.02024	0.00661	0.00578
45	0.01036	0.00690	0.00777	0.00777	0.00777	0.00690	0.00431	0.01036	0.01036	0.01381	0.02244	0.04660	0.02589	0.74975	0.03624	0.00690	0.00690	0.01036	0.00431	0.00431
46	0.73523	0.01403	0.01122	0.00983	0.01434	0.01611	0.00810	0.05520	0.01348	0.05490	0.01088	0.01227	0.00826	0.00678	0.00464	0.00220	0.00565	0.00410	0.00469	0.00808
47	0.01200	0.00869	0.01065	0.01101	0.01243	0.00872	0.00784	0.12909	0.01747	0.02342	0.06828	0.58169	0.04190	0.01948	0.00871	0.00273	0.00475	0.01743	0.00676	0.00695
48	0.01147	0.00820	0.01147	0.01311	0.01475	0.00820	0.01147	0.01475	0.01639	0.02131	0.03770	0.08032	0.04098	0.01967	0.00984	0.00328	0.00656	0.65741	0.00656	0.00656
49	0.01356	0.01281	0.02138	0.69609	0.04749	0.01613	0.01956	0.01814	0.01407	0.01814	0.01249	0.01881	0.00948	0.00739	0.00795	0.00241	0.04672	0.00632	0.00316	0.00790
50	0.01513	0.14708	0.57727	0.01949	0.02917	0.01841	0.05429	0.02237	0.01503	0.02166	0.01241	0.01467	0.00912	0.00663	0.00650	0.00215	0.01014	0.00518	0.00304	0.01027
51	0.01725	0.01654	0.02824	0.10466	0.64727	0.01682	0.02167	0.02153	0.01604	0.02281	0.01333	0.01774	0.01112	0.00641	0.00706	0.00214	0.00855	0.00634	0.00349	0.01098
52	0.80005	0.01377	0.01047	0.00936	0.01377	0.01597	0.00771	0.02093	0.01212	0.03195	0.00991	0.01157	0.00771	0.00661	0.00441	0.00220	0.00551	0.00386	0.00441	0.00771
53	0.01884	0.01586	0.01674	0.01472	0.01895	0.01824	0.01154	0.11557	0.61290	0.03161	0.02755	0.02542	0.02057	0.00953	0.00723	0.00238	0.00590	0.00785	0.00723	0.01137
54	0.00864	0.00728	0.00752	0.00764	0.00999	0.00617	0.00585	0.01055	0.01624	0.01939	0.06965	0.06938	0.65477	0.01815	0.00852	0.00247	0.00382	0.06132	0.00661	0.00605
55	0.01477	0.01266	0.01477	0.01055	0.01687	0.00949	0.00844	0.01793	0.01477	0.02320	0.01266	0.01477	0.01055	0.00527	0.00527	0.00105	0.00527	0.00422	0.00422	0.79328
56	0.01446	0.06353	0.68772	0.01999	0.03035	0.01697	0.02578	0.02250	0.01501	0.02233	0.01267	0.01490	0.00902	0.00674	0.00668	0.00223	0.01042	0.00521	0.00301	0.01047
57	0.00980	0.00727	0.00913	0.00866	0.01047	0.00660	0.00650	0.01290	0.01950	0.02699	0.59566	0.05577	0.17409	0.01514	0.00840	0.00227	0.00340	0.01324	0.00763	0.00660
58	0.00999	0.00728	0.00940	0.00887	0.01059	0.00668	0.00665	0.01327	0.01996	0.02808	0.66935	0.05398	0.09971	0.01474	0.00840	0.00225	0.00337	0.01299	0.00778	0.00668
59	0.00869	0.00722	0.00759	0.00750	0.00979	0.00613	0.00563	0.01075	0.01688	0.02077	0.17573	0.06600	0.59789	0.01746	0.00841	0.00238	0.00357	0.01467	0.00681	0.00613
60	0.01017	0.00763	0.01144	0.01144	0.01272	0.00890	0.00890	0.01272	0.01144	0.01653	0.01907	0.02797	0.01780	0.05340	0.72153	0.01144	0.01907	0.00763	0.00381	0.00636
61	0.01771	0.01530	0.01610	0.01449	0.01852	0.01771	0.01127	0.03784	0.69247	0.02979	0.02898	0.02657	0.02174	0.00966	0.00725	0.00242	0.00564	0.00805	0.00725	0.01127
62	0.03176	0.01243	0.01672	0.01282	0.01833	0.01092	0.01059	0.06012	0.02090	0.68412	0.02766	0.02396	0.01741	0.00880	0.00716	0.00220	0.00613	0.00713	0.00875	0.01212
63	0.01008	0.00728	0.00952	0.00896	0.01064	0.00672	0.00672	0.01344	0.02016	0.02855	0.70158	0.05319	0.06719	0.01456	0.00840	0.00224	0.00336	0.01288	0.00784	0.00672
64	0.00999	0.00728	0.00940	0.00887	0.01059	0.00668	0.00665	0.01327	0.01996	0.02808	0.66935	0.05398	0.09971	0.01474	0.00840	0.00225	0.00337	0.01299	0.00778	0.00668
65	0.01614	0.31744	0.44855	0.01712	0.02591	0.02109	0.02078	0.02207	0.01481	0.02028	0.01165	0.01362	0.00907	0.00650	0.00591	0.00197	0.00939	0.00469	0.00302	0.00998
66	0.77747	0.01372	0.01064	0.00946	0.01390	0.01581	0.00779	0.02134	0.01236	0.05189	0.01045	0.01194	0.00800	0.00667	0.00449	0.00220	0.00552	0.00395	0.00454	0.00784
67	0.01032	0.00703	0.00839	0.00839	0.00861	0.00724	0.00510	0.01076	0.01054	0.01427	0.02186	0.04343	0.02451	0.63114	0.15297	0.00768	0.00898	0.00989	0.00423	0.00466
68	0.01365	0.00786	0.00799	0.00777	0.00974	0.00815	0.00584	0.01916	0.10831	0.02643	0.02561	0.02843	0.04135	0.02745	0.00619	0.00192	0.00374	0.00720	0.63603	0.00720
69	0.01762	0.01692	0.02890	0.04371	0.70533	0.01692	0.02185	0.02185	0.01621	0.02326	0.01339	0.01762	0.01128	0.00634	0.00705	0.00211	0.00846	0.00634	0.00352	0.01128
70	0.06519	0.01225	0.01601	0.01245	0.01766	0.01104	0.01024	0.06482	0.02064	0.59991	0.07252	0.02527	0.02027	0.00909	0.00712	0.00220	0.00594	0.00736	0.00846	0.01155
71	0.01587	0.06161	0.02734	0.08712	0.02571	0.02078	0.16729	0.01879	0.01278	0.01851	0.01084	0.01647	0.00968	0.01010	0.01729	0.00279	0.45893	0.00659	0.00323	0.00830
72	0.01744	0.01687	0.02925	0.06773	0.65025	0.01693	0.05286	0.02177	0.01617	0.02306	0.01342	0.01775	0.01119	0.00636	0.00712	0.00214	0.00866	0.00644	0.00352	0.01108
73	0.01330	0.00844	0.01027	0.00975	0.01185	0.00778	0.00695	0.01568	0.04558	0.11375	0.03500	0.24508	0.13361	0.18196	0.05085	0.00386	0.00588	0.01268	0.00606	0.08169
74	0.01796	0.50406	0.23991	0.01492	0.02223	0.05742	0.01651	0.02203	0.01491	0.01853	0.01082	0.01258	0.00910	0.00635	0.00532	0.00176	0.00874	0.00428	0.00306	0.00951
75	0.01880	0.71835	0.07093	0.01259	0.01890	0.02760	0.01289	0.02138	0.01450	0.01704	0.01004	0.01160	0.00913	0.00613	0.00468	0.00156	0.00776	0.00388	0.00304	0.00921
76	0.03195	0.01212	0.01652	0.01267	0.01818	0.01047	0.01047	0.03470	0.02038	0.71026	0.02809	0.02424	0.01763	0.00881	0.00716	0.00220	0.00606	0.00716	0.00881	0.01212
77	0.01451	0.01320	0.02114	0.03009	0.43746	0.01290	0.01586	0.01820	0.01724	0.02413	0.19924	0.03327	0.11294	0.00995	0.00757	0.00218	0.00652	0.00913	0.00503	0.00943
78	0.01345	0.01266	0.02136	0.73264	0.04904	0.01582	0.01978	0.01819	0.01424	0.01819	0.01266	0.01898	0.00949	0.00712	0.00712	0.00237	0.00949	0.00633	0.00316	0.00791
79	0.00849	0.00722	0.00732	0.00729	0.00966	0.00604	0.00547	0.01037	0.01641	0.01966	0.10079	0.06783	0.67352	0.01788	0.00841	0.00240	0.00360	0.01493	0.00667	0.00604
80	0.01036	0.00690	0.00777	0.00777	0.00777	0.00690	0.00431	0.01036	0.01036	0.01381	0.02244	0.04660	0.02589	0.74975	0.03624	0.00690	0.00690	0.01036	0.00431	0.00431
81	0.01380	0.01302	0.02200	0.67367	0.10522	0.01591	0.01995	0.01851	0.01441	0.01863	0.01272	0.01887	0.00965	0.00705	0.00711	0.00235	0.00940	0.00633	0.00319	0.00820
82	0.01762	0.01692	0.02890	0.04371	0.70533	0.01692	0.02185	0.02185	0.01621	0.02326	0.01339	0.01762	0.01128	0.00634	0.00705	0.00211	0.00846	0.00634	0.00352	0.01128
83	0.01147	0.00820	0.01147	0.01311	0.01475	0.00820	0.01147	0.01475	0.01639	0.02131	0.03770	0.08032	0.04098	0.01967	0.00984	0.00328	0.00656	0.65741	0.00656	0.00656
84	0.01612	0.01817	0.03915	0.02821	0.03494	0.01700	0.62330	0.02175	0.01666	0.02247	0.01800	0.04850	0.04410	0.00716	0.00843	0.00242	0.01132	0.00915	0.00385	0.00930
85	0.19817	0.08202	0.01938	0.01462	0.01946	0.16041	0.01189	0.26955	0.10488	0.03231	0.01512	0.01569	0.01147	0.00780	0.00618	0.00207	0.00803	0.00546	0.00550	0.01000
86	0.02556	0.03011	0.02042	0.01910	0.05850	0.56099	0.01390	0.11680	0.02178	0.02191	0.03767	0.01518	0.01185	0.00772	0.00662	0.00191	0.01157	0.00524	0.00429	0.00889
87	0.80005	0.01377	0.01047	0.00936	0.01377	0.01597	0.00771	0.02093	0.01212	0.03195	0.00991	0.01157	0.00771	0.00661	0.00441	0.00220	0.00551	0.00386	0.00441	0.00771
88	0.00856	0.00722	0.00741	0.00736	0.00970	0.00607	0.00552	0.01049	0.01656	0.02002	0.12523	0.06723	0.64886	0.01774	0.00841	0.00239	0.00359	0.01485	0.00672	0.00607
89	0.01724	0.01269	0.01446	0.01310	0.04235	0.01307	0.00984	0.14705	0.19222	0.08987	0.14636	0.03775	0.18143	0.01180	0.00759	0.00225	0.00534	0.00984	0.00706	0.03866
90	0.01477	0.01266	0.01477	0.01055	0.01687	0.00949	0.00844	0.01793	0.01477	0.02320	0.01266	0.01477	0.01055	0.00527	0.00527	0.00105	0.00527	0.00422	0.00422	0.79328
91	0.02660	0.03394	0.02018	0.01834	0.02201	0.72116	0.01376	0.02843	0.02018	0.01743	0.01101	0.01284	0.00917	0.00734	0.00642	0.00183	0.01284	0.00459	0.00367	0.00825
92	0.03181	0.01234	0.01666	0.01277	0.01829	0.01079	0.01055	0.05274	0.02075	0.69171	0.02779	0.02404	0.01747	0.00881	0.00716	0.00220	0.00611	0.00714	0.00877	0.01212
93	0.01025	0.00695	0.00788	0.00788	0.00805	0.00693	0.00454	0.01044	0.01070	0.01419	0.02485	0.04702	0.06022	0.68608	0.06061	0.00684	0.00719	0.01049	0.00441	0.00448
94	0.02629	0.01956	0.02093	0.01623	0.02178	0.02172	0.01334	0.62777	0.08857	0.04362	0.01809	0.01789	0.01291	0.00864	0.00713	0.00216	0.00765	0.00655	0.00713	0.01204
95	0.01018	0.00758	0.01119	0.01119	0.01237	0.00876	0.00858	0.01255	0.01137	0.01634	0.01931	0.02926	0.01836	0.10168	0.67402	0.01113	0.01823	0.00782	0.00385	0.00622
96	0.30901	0.01666	0.01579	0.01354	0.01798	0.06972	0.03661	0.11468	0.25780	0.03109	0.01964	0.01962	0.03288	0.00830	0.00619	0.00226	0.00661	0.00623	0.00575	0.00963
97	0.01005	0.00745	0.00940	0.00894	0.01072	0.00690	0.00669	0.01361	0.03674	0.02728	0.59738	0.07419	0.13389	0.01503	0.00839	0.00228	0.00347	0.01320	0.00766	0.00673
98	0.00921	0.00677	0.00871	0.01012	0.01087	0.00646	0.00698	0.01144	0.04526	0.01892	0.04058	0.64307	0.08302	0.02136	0.00900	0.00286	0.00428	0.04839	0.00664	0.00609
99	0.00889	0.00723	0.00787	0.00771	0.00991	0.00621	0.00578	0.01113	0.01734	0.02187	0.25027	0.06419	0.52266	0.01705	0.00841	0.00236	0.00354	0.01442	0.00696	0.00621
100	0.01594	0.01751	0.03666	0.21220	0.04028	0.01744	0.50842	0.02161	0.01614	0.02161	0.01395	0.01915	0.01046	0.00629	0.00807	0.00239	0.01135	0.00787	0.00349	0.00916
101	0.80005	0.01377	0.01047	0.00936	0.01377	0.01597	0.00771	0.02093	0.01212	0.03195	0.00991	0.01157	0.00771	0.00661	0.00441	0.00220	0.00551	0.00386	0.00441	0.00771
102	0.00881	0.00629	0.00841	0.01007	0.01054	0.00590	0.00684	0.01014	0.01376	0.01833	0.03917	0.71369	0.04681	0.02218	0.00912	0.00291	0.00425	0.05035	0.00661	0.00582
103	0.01201	0.00785	0.00992	0.00965	0.01135	0.00849	0.00746	0.04697	0.01444	0.02220	0.05712	0.03026	0.05519	0.03152	0.36130	0.00661	0.01138	0.00786	0.28166	0.00674
104	0.01833	0.01892	0.02891	0.12818	0.34107	0.10106	0.16089	0.04893	0.04145	0.02288	0.01393	0.01788	0.01109	0.00670	0.00728	0.00219	0.00975	0.00664	0.00378	0.01014
105	0.25706	0.00967	0.00874	0.00817	0.01091	0.01054	0.00639	0.03847	0.04929	0.02892	0.01923	0.02164	0.01499	0.00785	0.00498	0.00188	0.00425	0.00584	0.48380	0.00737
106	0.02140	0.07869	0.05478	0.10376	0.17600	0.32144	0.01648	0.07428	0.01865	0.02105	0.01250	0.01551	0.01023	0.00888	0.03467	0.00235	0.01087	0.00540	0.00377	0.00927
107	0.01552	0.01492	0.04969	0.36345	0.14587	0.05109	0.01810	0.01966	0.01531	0.05154	0.01708	0.02781	0.01499	0.00935	0.00851	0.00248	0.05498	0.10705	0.00403	0.00857
108	0.00887	0.00634	0.00847	0.01002	0.01054	0.00594	0.00684	0.01030	0.01406	0.01880	0.06976	0.68289	0.04775	0.02183	0.00909	0.00288	0.00421	0.04891	0.00666	0.00586
109	0.01823	0.46568	0.15879	0.01756	0.05443	0.02359	0.10715	0.02221	0.01516	0.04141	0.01179	0.01385	0.00972	0.00630	0.00569	0.00183	0.00873	0.00493	0.00332	0.00965
110	0.01804	0.64388	0.10641	0.01280	0.01918	0.02591	0.01334	0.02093	0.01461	0.01748	0.01314	0.01450	0.04189	0.00673	0.00498	0.00164	0.00773	0.00449	0.00321	0.00913
111	0.03109	0.01193	0.01625	0.01252	0.01788	0.01032	0.01032	0.03386	0.02037	0.68339	0.05464	0.02538	0.01958	0.00904	0.00721	0.00220	0.00595	0.00739	0.00877	0.01191
112	0.01148	0.00734	0.00953	0.00949	0.01098	0.00681	0.00682	0.01370	0.01670	0.08250	0.31254	0.26979	0.08525	0.08199	0.03903	0.00322	0.00478	0.01441	0.00700	0.00663
113	0.04829	0.17254	0.40528	0.01814	0.02657	0.01835	0.07536	0.02394	0.03505	0.09181	0.01426	0.01580	0.01038	0.00685	0.00643	0.00212	0.00928	0.00546	0.00383	0.01025
114	0.01029	0.00694	0.00807	0.00812	0.00823	0.00703	0.00475	0.01053	0.01054	0.01415	0.02268	0.06633	0.02589	0.67287	0.08936	0.00714	0.00778	0.01044	0.00434	0.00452
115	0.01512	0.00859	0.00879	0.00812	0.01036	0.00894	0.00626	0.09777	0.04388	0.02889	0.02271	0.02541	0.01765	0.00838	0.00533	0.00175	0.00396	0.00667	0.66396	0.00748
116	0.09501	0.00854	0.01045	0.01006	0.01203	0.00836	0.02821	0.03335	0.01625	0.04369	0.21217	0.23805	0.11454	0.07695	0.01037	0.00285	0.00473	0.03863	0.02908	0.00669
117	0.01449	0.03536	0.65691	0.02111	0.03135	0.01666	0.08078	0.02257	0.01518	0.02257	0.01291	0.01538	0.00917	0.00670	0.00690	0.00227	0.01065	0.00552	0.00306	0.01045
118	0.01147	0.00820	0.01147	0.01311	0.01475	0.00820	0.01147	0.01475	0.01639	0.02131	0.03770	0.08032	0.04098	0.01967	0.00984	0.00328	0.00656	0.65741	0.00656	0.00656
119	0.00877	0.00631	0.00832	0.00976	0.01033	0.00586	0.00658	0.01019	0.01421	0.01900	0.09055	0.67116	0.06939	0.02158	0.00901	0.00283	0.00406	0.01952	0.00670	0.00586
120	0.04507	0.09179	0.63306	0.01924	0.02918	0.01742	0.02449	0.02239	0.01488	0.02246	0.01244	0.01462	0.00898	0.00671	0.00650	0.00220	0.01010	0.00509	0.00306	0.01031
121	0.03066	0.01405	0.04408	0.01343	0.01915	0.01215	0.01146	0.11477	0.02180	0.60080	0.02613	0.02299	0.01661	0.00870	0.00714	0.00220	0.00645	0.00699	0.00838	0.01206
122	0.76982	0.04243	0.01151	0.00947	0.01395	0.01645	0.00788	0.02095	0.01221	0.03136	0.00991	0.01156	0.00777	0.00659	0.00441	0.00218	0.00559	0.00385	0.00435	0.00777
123	0.01517	0.01497	0.02102	0.01814	0.01824	0.02082	0.01507	0.01680	0.01095	0.01709	0.01009	0.01653	0.00999	0.01559	0.07667	0.00375	0.68193	0.00634	0.00317	0.00768
124	0.02670	0.01976	0.02116	0.01631	0.02194	0.02191	0.01345	0.65629	0.05938	0.04428	0.01756	0.01747	0.01249	0.00859	0.00713	0.00215	0.00775	0.00648	0.00713	0.01208
125	0.01454	0.01241	0.01452	0.01052	0.01663	0.00935	0.00837	0.01763	0.01472	0.02301	0.01366	0.04226	0.01192	0.00591	0.00542	0.00112	0.00523	0.00482	0.00431	0.76364
126	0.02660	0.03394	0.02018	0.01834	0.02201	0.72116	0.01376	0.02843	0.02018	0.01743	0.01101	0.01284	0.00917	0.00734	0.00642	0.00183	0.01284	0.00459	0.00367	0.00825
127	0.00971	0.00703	0.00916	0.00913	0.01054	0.00648	0.00666	0.01253	0.01854	0.02589	0.53047	0.21340	0.08088	0.01645	0.00856	0.00239	0.00354	0.01464	0.00752	0.00648
128	0.02029	0.01333	0.01549	0.01322	0.01764	0.01368	0.01058	0.05105	0.33109	0.19854	0.06026	0.03000	0.02286	0.00994	0.00725	0.00225	0.00573	0.06139	0.00723	0.10819
129	0.01771	0.01530	0.01610	0.01449	0.01852	0.01771	0.01127	0.03784	0.69247	0.02979	0.02898	0.02657	0.02174	0.00966	0.00725	0.00242	0.00564	0.00805	0.00725	0.01127
130	0.01028	0.00687	0.00779	0.00787	0.00789	0.00685	0.00442	0.01033	0.01051	0.01401	0.02323	0.07961	0.02689	0.71537	0.03496	0.00671	0.00677	0.01082	0.00442	0.00438
131	0.01109	0.00836	0.01039	0.00977	0.01173	0.00822	0.00735	0.01672	0.11426	0.02829	0.57950	0.07835	0.05997	0.01419	0.00827	0.00229	0.00371	0.01251	0.00770	0.00732
132	0.65089	0.04966	0.03321	0.01041	0.01514	0.01667	0.00893	0.04400	0.04684	0.05350	0.01177	0.01300	0.00898	0.00688	0.00480	0.00218	0.00586	0.00429	0.00467	0.00833
133	0.00873	0.00624	0.00831	0.00988	0.01034	0.00582	0.00661	0.01005	0.01388	0.01857	0.06418	0.71906	0.04785	0.02202	0.00906	0.00287	0.00410	0.01997	0.00666	0.00582
134	0.01000	0.00728	0.00941	0.00888	0.01059	0.00669	0.00666	0.01329	0.01997	0.02811	0.67183	0.05391	0.09721	0.01472	0.00840	0.00225	0.00337	0.01298	0.00778	0.00669
135	0.01943	0.62963	0.03430	0.01309	0.01861	0.08388	0.01243	0.02239	0.04308	0.01737	0.01076	0.01237	0.00968	0.00664	0.00572	0.00166	0.04241	0.00416	0.00328	0.00909
136	0.48646	0.01422	0.04541	0.04087	0.01679	0.01459	0.00967	0.04897	0.03482	0.13600	0.04176	0.01707	0.01285	0.00754	0.00543	0.00219	0.00590	0.00526	0.04548	0.00872
137	0.00959	0.00676	0.00838	0.00894	0.00948	0.00661	0.00582	0.01064	0.01276	0.01711	0.08373	0.30030	0.07775	0.32071	0.08465	0.00522	0.00652	0.01418	0.00552	0.00532
138	0.01327	0.00664	0.00664	0.00664	0.00830	0.00664	0.00498	0.01659	0.01493	0.02655	0.02323	0.02655	0.01825	0.00830	0.00498	0.00166	0.00332	0.00664	0.78928	0.00664
139	0.01543	0.01453	0.02452	0.26518	0.42676	0.01553	0.01976	0.01955	0.01533	0.02114	0.01556	0.08569	0.01403	0.00808	0.00726	0.00227	0.00839	0.00763	0.00369	0.00967
140	0.01491	0.05853	0.62011	0.01993	0.02965	0.04610	0.04545	0.02250	0.01544	0.02233	0.03291	0.01608	0.01080	0.00697	0.00678	0.00222	0.01036	0.00551	0.00320	0.01024
141	0.01792	0.04550	0.02736	0.09368	0.54930	0.07631	0.02033	0.02188	0.01633	0.02207	0.01374	0.01900	0.01178	0.00688	0.00699	0.00212	0.00882	0.02586	0.00358	0.01054
142	0.59397	0.10234	0.01525	0.01073	0.01553	0.01832	0.00910	0.11806	0.01554	0.03205	0.01097	0.01236	0.00853	0.00683	0.00483	0.00211	0.00610	0.00423	0.00464	0.00853
143	0.00949	0.00687	0.00896	0.00925	0.01048	0.00634	0.00663	0.01200	0.01757	0.02433	0.43044	0.31158	0.08429	0.01758	0.00866	0.00249	0.00366	0.01571	0.00733	0.00634
144	0.01450	0.06995	0.68166	0.01992	0.03024	0.01707	0.02566	0.02249	0.01501	0.02228	0.01265	0.01487	0.00903	0.00673	0.00666	0.00222	0.01039	0.00519	0.00301	0.01046
145	0.05205	0.12687	0.43248	0.02052	0.04826	0.01800	0.12380	0.02294	0.01540	0.05649	0.01330	0.01557	0.00975	0.00664	0.00665	0.00217	0.00985	0.00562	0.00347	0.01017
146	0.06692	0.01219	0.01625	0.01252	0.01798	0.01072	0.01034	0.03408	0.02000	0.67938	0.02726	0.02366	0.01718	0.00871	0.00704	0.00220	0.00603	0.00701	0.00861	0.01192
147	0.01621	0.02016	0.12068	0.08530	0.16037	0.01716	0.40760	0.02200	0.01636	0.02265	0.03183	0.01926	0.01204	0.00647	0.00785	0.00232	0.01074	0.00759	0.00359	0.00982
148	0.08256	0.06751	0.01985	0.06071	0.02190	0.25187	0.01299	0.23143	0.07201	0.02829	0.01638	0.04097	0.01366	0.00881	0.00673	0.00212	0.00907	0.03838	0.00524	0.00952
149	0.01507	0.00849	0.01141	0.01065	0.01312	0.00781	0.00852	0.01822	0.01925	0.17432	0.40032	0.07035	0.05048	0.01458	0.00845	0.00247	0.00463	0.14628	0.00775	0.00783
150	0.00847	0.00722	0.00729	0.00727	0.00965	0.00603	0.00545	0.01032	0.01636	0.01954	0.09282	0.06802	0.68156	0.01792	0.00842	0.00240	0.00360	0.01496	0.00665	0.00603
151	0.11970	0.13087	0.05609	0.06185	0.29424	0.03963	0.01609	0.02321	0.03794	0.09750	0.04688	0.01837	0.01389	0.00719	0.00638	0.00207	0.00764	0.00598	0.00442	0.01006
152	0.04246	0.04906	0.01870	0.03997	0.09299	0.01694	0.01270	0.08424	0.37421	0.11597	0.02474	0.02593	0.01893	0.00929	0.00713	0.00233	0.00643	0.04049	0.00660	0.01090
153	0.00984	0.00662	0.00884	0.01005	0.01084	0.00616	0.00696	0.01143	0.01466	0.04654	0.10535	0.62100	0.04772	0.02089	0.00897	0.00281	0.00422	0.04410	0.00682	0.00616
154	0.01752	0.01779	0.02303	0.28335	0.26674	0.12569	0.01836	0.02381	0.11145	0.02146	0.01496	0.01863	0.01178	0.00724	0.00700	0.00221	0.00911	0.00631	0.00394	0.00960
155	0.07002	0.02271	0.19769	0.02686	0.08339	0.01759	0.40250	0.02232	0.01579	0.02319	0.01343	0.01743	0.01015	0.00651	0.00823	0.00236	0.03951	0.00710	0.00349	0.00975
156	0.01743	0.01672	0.02856	0.07507	0.67546	0.01687	0.02176	0.02169	0.01612	0.02303	0.01336	0.01769	0.01120	0.00638	0.00705	0.00213	0.00851	0.00634	0.00351	0.01113
157	0.73515	0.01429	0.01138	0.00995	0.01447	0.01649	0.00820	0.07640	0.01391	0.03303	0.01052	0.01203	0.00808	0.00677	0.00463	0.00220	0.00570	0.00407	0.00463	0.00808
158	0.01025	0.00698	0.00832	0.00840	0.00861	0.00714	0.00509	0.01068	0.01067	0.01441	0.02274	0.07690	0.02572	0.61429	0.13444	0.00737	0.00854	0.01043	0.00435	0.00468
159	0.05497	0.03755	0.01151	0.00961	0.01209	0.00891	0.00712	0.01777	0.01521	0.19428	0.08246	0.10011	0.14347	0.22197	0.04856	0.00402	0.00615	0.01067	0.00624	0.00734
160	0.00966	0.00696	0.00864	0.00878	0.00985	0.00656	0.00605	0.01155	0.01562	0.02127	0.29913	0.20268	0.12108	0.19502	0.04209	0.00387	0.00500	0.01391	0.00644	0.00585
161	0.02240	0.32769	0.08992	0.01601	0.02129	0.37488	0.01425	0.02500	0.01739	0.01762	0.01072	0.01246	0.00914	0.00678	0.00570	0.00175	0.01050	0.00433	0.00336	0.00882
162	0.05155	0.26919	0.31784	0.01637	0.05088	0.01882	0.01752	0.02039	0.01512	0.02133	0.07449	0.06552	0.01677	0.00824	0.00624	0.00204	0.00818	0.00642	0.00377	0.00931
163	0.01762	0.01692	0.02890	0.04371	0.70533	0.01692	0.02185	0.02185	0.01621	0.02326	0.01339	0.01762	0.01128	0.00634	0.00705	0.00211	0.00846	0.00634	0.00352	0.01128
164	0.06899	0.01266	0.01633	0.01274	0.01809	0.01160	0.01048	0.05282	0.06943	0.60771	0.02694	0.02357	0.01727	0.00876	0.00703	0.00222	0.00605	0.00704	0.00843	0.01184
165	0.01053	0.00743	0.00938	0.00880	0.01072	0.00673	0.00664	0.01363	0.01954	0.04943	0.58032	0.05466	0.16566	0.01492	0.00836	0.00226	0.00349	0.01303	0.00768	0.00678
166	0.01448	0.01363	0.02258	0.56145	0.17656	0.01613	0.01976	0.01989	0.04838	0.01977	0.01361	0.01909	0.01045	0.00709	0.00711	0.00232	0.00910	0.00642	0.00344	0.00874
167	0.01513	0.11942	0.55562	0.02046	0.03008	0.01808	0.10013	0.02244	0.01517	0.02190	0.01263	0.01509	0.00924	0.00660	0.00670	0.00219	0.01035	0.00545	0.00308	0.01025
168	0.01051	0.00745	0.00938	0.00926	0.00963	0.00807	0.00608	0.01130	0.01069	0.01472	0.02095	0.04000	0.02290	0.51968	0.23356	0.00806	0.03918	0.00941	0.00412	0.00504
169	0.00937	0.00669	0.00905	0.01070	0.01142	0.00638	0.00781	0.01111	0.01431	0.01895	0.03887	0.58132	0.04559	0.02166	0.00927	0.00299	0.00473	0.17722	0.00660	0.00597
170	0.01838	0.59482	0.16475	0.01392	0.02077	0.04843	0.01491	0.02179	0.01476	0.01787	0.01048	0.01215	0.00912	0.00626	0.00505	0.00167	0.00834	0.00411	0.00306	0.00937
171	0.01762	0.01692	0.02890	0.04371	0.70533	0.01692	0.02185	0.02185	0.01621	0.02326	0.01339	0.01762	0.01128	0.00634	0.00705	0.00211	0.00846	0.00634	0.00352	0.01128
172	0.01754	0.01743	0.02621	0.17802	0.49279	0.07546	0.02038	0.02224	0.04037	0.02200	0.01361	0.01782	0.01112	0.00670	0.00702	0.00215	0.00893	0.00626	0.00360	0.01035
173	0.30778	0.01291	0.01432	0.01159	0.01661	0.01290	0.00952	0.02993	0.05879	0.42400	0.02160	0.01982	0.01431	0.00807	0.00617	0.00222	0.00583	0.00602	0.00713	0.01048
174	0.01582	0.01332	0.01532	0.01115	0.01734	0.01079	0.00894	0.06917	0.04449	0.02512	0.01368	0.01544	0.01113	0.00571	0.00550	0.00119	0.00548	0.00455	0.00457	0.70129
175	0.01074	0.00779	0.01001	0.00945	0.00983	0.00796	0.03688	0.01119	0.01096	0.01474	0.02291	0.10226	0.02625	0.62314	0.03212	0.00620	0.03739	0.01092	0.00442	0.00483
176	0.02075	0.01560	0.01729	0.01386	0.01857	0.01615	0.01106	0.40869	0.02559	0.03495	0.02092	0.17100	0.01922	0.01082	0.00718	0.00208	0.00655	0.00891	0.00644	0.16435

[dist]
# distance from previous block
# <min> <max>
0	1

[block]
# block no. 3 follows, 29 sequences, length 11
# corresponding to MSA columns:
# 493-503
name=unknown_D
#
# <colnr> <probs for GDERKNQSTAVLIFYWHMCP>
#	G	D	E	R	K	N	Q	S	T	A	V	L	I	F	Y	W	H	M	C	P
0	0.01490	0.09495	0.01533	0.01202	0.01470	0.01295	0.00943	0.16935	0.05173	0.02603	0.09616	0.34254	0.03501	0.01571	0.00801	0.00250	0.00555	0.05862	0.00647	0.00805
1	0.01266	0.00777	0.01007	0.00943	0.01151	0.00702	0.00708	0.01549	0.01891	0.11755	0.46005	0.14827	0.11618	0.01520	0.00833	0.00234	0.00385	0.01335	0.00768	0.00725
2	0.01404	0.00775	0.01065	0.01008	0.01073	0.00799	0.00702	0.08558	0.01202	0.01606	0.01291	0.02113	0.01234	0.02290	0.02548	0.70309	0.00637	0.00621	0.00355	0.00412
3	0.01494	0.09079	0.58401	0.02077	0.03057	0.01761	0.09934	0.02248	0.01519	0.02213	0.01274	0.01523	0.00923	0.00663	0.00678	0.00221	0.01046	0.00550	0.00308	0.01031
4	0.03195	0.01212	0.01652	0.01267	0.01818	0.01047	0.01047	0.03470	0.02038	0.71026	0.02809	0.02424	0.01763	0.00881	0.00716	0.00220	0.00606	0.00716	0.00881	0.01212
5	0.00862	0.00720	0.00739	0.00735	0.00959	0.00610	0.00544	0.01043	0.01620	0.01957	0.10995	0.06649	0.62906	0.05327	0.00976	0.00261	0.00375	0.01466	0.00658	0.00597
6	0.00999	0.00678	0.00798	0.00828	0.00847	0.00666	0.00494	0.01046	0.01164	0.01562	0.06818	0.19060	0.03282	0.55444	0.02893	0.00579	0.00611	0.01254	0.00501	0.00477
7	0.69524	0.01419	0.01294	0.01396	0.10641	0.01610	0.00961	0.02105	0.01267	0.03078	0.01038	0.01238	0.00819	0.00657	0.00476	0.00219	0.00590	0.00419	0.00429	0.00819
8	0.01856	0.01869	0.02800	0.04107	0.63430	0.09012	0.02101	0.02254	0.01663	0.02266	0.01315	0.01713	0.01106	0.00645	0.00698	0.00209	0.00891	0.00616	0.00354	0.01096
9	0.01894	0.01992	0.07079	0.03786	0.54904	0.07948	0.02077	0.07395	0.01784	0.02439	0.01343	0.01700	0.01102	0.00663	0.00698	0.00210	0.00893	0.00613	0.00379	0.01103
10	0.01981	0.01309	0.01676	0.03085	0.05105	0.01242	0.03046	0.09684	0.06254	0.18016	0.06394	0.02301	0.03418	0.00827	0.00724	0.00188	0.03542	0.00674	0.06719	0.23816

[dist]
# distance from previous block
# <min> <max>
0	7

# created by:
# /st0/software/busco_prod/Augustus/scripts/msa2prfl.pl ./align_prep/122852.fa
