[name]
unknown

[dist]
# distance from previous block
# <min> <max>
0	100

[block]
# block no. 0 follows, 28 sequences, length 106
# corresponding to MSA columns:
# 121-226
name=unknown_A
#
# <colnr> <probs for GDERKNQSTAVLIFYWHMCP>
#	G	D	E	R	K	N	Q	S	T	A	V	L	I	F	Y	W	H	M	C	P
0	0.04167	0.01506	0.01660	0.18370	0.02463	0.09359	0.01272	0.12156	0.10781	0.02571	0.09357	0.07994	0.05583	0.01504	0.07759	0.00327	0.00876	0.00877	0.00551	0.00868
1	0.01700	0.01629	0.01949	0.42412	0.03654	0.13192	0.01637	0.04479	0.06113	0.04886	0.03933	0.05155	0.04447	0.00895	0.00734	0.00234	0.00912	0.00749	0.00442	0.00848
2	0.08366	0.09021	0.01590	0.03418	0.01640	0.01358	0.00948	0.08799	0.08231	0.14431	0.10984	0.03264	0.13791	0.01063	0.00692	0.00214	0.00556	0.00855	0.06566	0.04213
3	0.05544	0.01976	0.01774	0.04422	0.08858	0.23733	0.01252	0.05670	0.09809	0.10667	0.09792	0.04884	0.06565	0.00991	0.00723	0.00219	0.00825	0.00789	0.00575	0.00932
4	0.04971	0.04162	0.01520	0.01334	0.04898	0.01127	0.03620	0.04673	0.05966	0.14542	0.19255	0.04201	0.08957	0.10544	0.01157	0.00297	0.00591	0.06670	0.00668	0.00846
5	0.02214	0.01762	0.06960	0.04916	0.02195	0.01756	0.01339	0.21110	0.29618	0.13531	0.05094	0.02393	0.01914	0.00927	0.00735	0.00233	0.00691	0.00752	0.00711	0.01147
6	0.04359	0.30038	0.28386	0.01765	0.02532	0.09196	0.06892	0.05180	0.01653	0.02161	0.01199	0.01405	0.00951	0.00672	0.00610	0.00198	0.00970	0.00500	0.00343	0.00989
7	0.05960	0.10963	0.04301	0.01690	0.02185	0.33863	0.01382	0.23889	0.04380	0.02805	0.01369	0.01479	0.01065	0.00777	0.00652	0.00198	0.01021	0.00529	0.00495	0.00995
8	0.01039	0.03359	0.00952	0.00845	0.00970	0.00766	0.00578	0.01189	0.01473	0.01955	0.21529	0.05200	0.17615	0.34141	0.04980	0.00479	0.00590	0.01191	0.00580	0.00569
9	0.03203	0.01330	0.01744	0.01337	0.01902	0.01206	0.01105	0.10987	0.02236	0.62759	0.02737	0.02389	0.01734	0.00897	0.00731	0.00224	0.00640	0.00722	0.00880	0.01237
10	0.00899	0.00738	0.00792	0.00779	0.01007	0.00631	0.00584	0.01121	0.01752	0.02189	0.22092	0.06625	0.54755	0.01757	0.00859	0.00241	0.00362	0.01482	0.00705	0.00631
11	0.01546	0.17666	0.54661	0.01863	0.02804	0.01880	0.02318	0.02222	0.01499	0.02143	0.01245	0.01489	0.00937	0.00752	0.00734	0.03408	0.00998	0.00512	0.00308	0.01016
12	0.35167	0.01181	0.01152	0.00988	0.01391	0.01240	0.00800	0.05048	0.01620	0.19240	0.02097	0.02143	0.04228	0.00829	0.00561	0.00212	0.00522	0.00605	0.20097	0.00879
13	0.01567	0.01494	0.02619	0.40508	0.06434	0.01681	0.17438	0.06944	0.01659	0.02217	0.01489	0.04552	0.01194	0.00791	0.00828	0.00243	0.03990	0.00749	0.02723	0.00881
14	0.02578	0.03178	0.02106	0.04911	0.04518	0.60616	0.01465	0.05076	0.02025	0.01899	0.01152	0.01381	0.00956	0.00774	0.00745	0.00198	0.04681	0.00496	0.00382	0.00863
15	0.00902	0.00657	0.00850	0.00972	0.01051	0.00605	0.00664	0.01063	0.01505	0.02006	0.12964	0.58372	0.11447	0.02130	0.00912	0.00282	0.00406	0.01915	0.00691	0.00605
16	0.02370	0.02226	0.01905	0.05228	0.05005	0.25279	0.01305	0.26529	0.04846	0.03043	0.01644	0.01805	0.01257	0.00814	0.00667	0.00202	0.00899	0.00601	0.13391	0.00983
17	0.01051	0.00728	0.00912	0.00912	0.00954	0.00770	0.00590	0.01134	0.01092	0.01498	0.02181	0.04151	0.02380	0.52472	0.25322	0.00852	0.01100	0.00968	0.00424	0.00507
18	0.02763	0.02036	0.02182	0.01672	0.02254	0.02254	0.01382	0.67496	0.03418	0.04581	0.01745	0.01745	0.01236	0.00873	0.00727	0.00218	0.00800	0.00654	0.00727	0.01236
19	0.01212	0.00786	0.00951	0.00884	0.01090	0.00707	0.00650	0.01452	0.01795	0.09282	0.35070	0.05467	0.23352	0.12603	0.01276	0.00305	0.00433	0.01278	0.00720	0.00684
20	0.04134	0.01598	0.01719	0.01722	0.10200	0.08746	0.01191	0.09108	0.20917	0.09033	0.12984	0.02941	0.06886	0.01004	0.00735	0.00222	0.00662	0.00831	0.00650	0.04717
21	0.02015	0.01630	0.01787	0.01633	0.04938	0.01844	0.01231	0.13706	0.52805	0.05973	0.02696	0.02511	0.02002	0.00950	0.00736	0.00240	0.00625	0.00784	0.00727	0.01167
22	0.01527	0.01549	0.05316	0.45568	0.27935	0.01658	0.02122	0.02008	0.01528	0.02059	0.01319	0.01872	0.01032	0.00697	0.00723	0.00232	0.00936	0.00642	0.00335	0.00941
23	0.01676	0.01860	0.03928	0.02918	0.06328	0.01732	0.57821	0.02245	0.01688	0.02316	0.01545	0.04481	0.01235	0.00668	0.00834	0.00237	0.01137	0.00864	0.00382	0.06106
24	0.65841	0.01428	0.01249	0.04307	0.04505	0.01650	0.00935	0.02284	0.07343	0.03142	0.01215	0.01378	0.00940	0.00704	0.00500	0.00227	0.00594	0.00454	0.00467	0.00836
25	0.04957	0.01731	0.02439	0.05216	0.37236	0.09439	0.07292	0.02167	0.01704	0.05494	0.02392	0.02625	0.12420	0.00868	0.00737	0.00222	0.00843	0.00785	0.00442	0.00992
26	0.01604	0.07837	0.01581	0.01228	0.01552	0.01384	0.00967	0.18176	0.08428	0.02759	0.09317	0.20852	0.06997	0.04503	0.03486	0.00290	0.00633	0.03191	0.00642	0.04573
27	0.01012	0.00750	0.00947	0.00936	0.01098	0.00700	0.00687	0.01357	0.04250	0.02617	0.48155	0.18872	0.12577	0.01658	0.00867	0.00244	0.00369	0.01466	0.00761	0.00677
28	0.01571	0.01340	0.01570	0.01140	0.01756	0.01083	0.00917	0.04952	0.01582	0.02448	0.01299	0.01522	0.01079	0.00585	0.00625	0.00122	0.03620	0.00450	0.00440	0.71900
29	0.00881	0.00737	0.00766	0.00759	0.00995	0.00623	0.00569	0.01085	0.01708	0.02085	0.15311	0.06795	0.61602	0.01796	0.00859	0.00243	0.00365	0.01506	0.00691	0.00623
30	0.00885	0.00636	0.00840	0.01002	0.01052	0.00591	0.00670	0.01013	0.01401	0.01860	0.04129	0.71543	0.07165	0.02261	0.00925	0.00293	0.00420	0.02047	0.00675	0.00591
31	0.01662	0.01721	0.05488	0.29927	0.39883	0.04565	0.02136	0.02121	0.01591	0.02152	0.01326	0.01820	0.01064	0.00683	0.00718	0.00225	0.00931	0.00635	0.00344	0.01006
32	0.01975	0.71991	0.03738	0.01269	0.01881	0.05664	0.01250	0.02206	0.01501	0.01713	0.01015	0.01172	0.00933	0.00627	0.00474	0.00157	0.00799	0.00392	0.00314	0.00929
33	0.01355	0.00678	0.00678	0.00678	0.00847	0.00678	0.00508	0.01694	0.01524	0.02710	0.02371	0.02710	0.01863	0.00847	0.00508	0.00169	0.00339	0.00678	0.78489	0.00678
34	0.02763	0.02036	0.02182	0.01672	0.02254	0.02254	0.01382	0.67496	0.03418	0.04581	0.01745	0.01745	0.01236	0.00873	0.00727	0.00218	0.00800	0.00654	0.00727	0.01236
35	0.00920	0.00684	0.00807	0.00878	0.00979	0.00626	0.00589	0.01048	0.01434	0.01845	0.07780	0.36041	0.24020	0.17180	0.01483	0.00363	0.00461	0.01659	0.00632	0.00571
36	0.01673	0.03701	0.02609	0.42252	0.10946	0.01798	0.11211	0.10689	0.01763	0.02332	0.01368	0.01869	0.01041	0.00734	0.00784	0.00236	0.03011	0.00670	0.00386	0.00928
37	0.00893	0.00738	0.00784	0.00772	0.01003	0.00628	0.00579	0.01109	0.01737	0.02155	0.19849	0.06681	0.57020	0.01770	0.00859	0.00242	0.00363	0.01490	0.00700	0.00628
38	0.01507	0.01292	0.01507	0.01077	0.01723	0.00969	0.00861	0.01830	0.01507	0.02369	0.01292	0.01507	0.01077	0.00538	0.00538	0.00108	0.00538	0.00431	0.00431	0.78898
39	0.02717	0.01930	0.02083	0.01605	0.02165	0.02119	0.01323	0.61172	0.03260	0.07621	0.01830	0.01828	0.01294	0.00873	0.00716	0.00216	0.00768	0.00659	0.04611	0.01208
40	0.79588	0.01406	0.01068	0.00956	0.01406	0.01631	0.00787	0.02137	0.01237	0.03261	0.01012	0.01181	0.00787	0.00675	0.00450	0.00225	0.00562	0.00394	0.00450	0.00787
41	0.01716	0.01961	0.04289	0.03064	0.03799	0.01838	0.67279	0.02328	0.01716	0.02328	0.01471	0.01961	0.01103	0.00613	0.00858	0.00245	0.01225	0.00858	0.00368	0.00980
42	0.00973	0.00669	0.00818	0.00901	0.00922	0.00648	0.00556	0.01035	0.01222	0.01629	0.03136	0.38880	0.03710	0.38875	0.02333	0.00503	0.00565	0.01555	0.00556	0.00514
43	0.01263	0.00631	0.00947	0.00947	0.00947	0.00631	0.00631	0.00947	0.00947	0.01263	0.01263	0.02210	0.01263	0.02525	0.02841	0.78851	0.00631	0.00631	0.00316	0.00316
44	0.01171	0.00837	0.01171	0.01339	0.01506	0.00837	0.01171	0.01506	0.01673	0.02175	0.03849	0.08199	0.04183	0.02008	0.01004	0.00335	0.00669	0.65027	0.00669	0.00669
45	0.00882	0.00646	0.00829	0.00976	0.01045	0.00594	0.00658	0.01016	0.01427	0.01870	0.04452	0.65080	0.13419	0.02219	0.00919	0.00289	0.00415	0.01996	0.00675	0.00594
46	0.00886	0.00633	0.00843	0.01012	0.01054	0.00590	0.00675	0.01012	0.01392	0.01856	0.04006	0.73979	0.04808	0.02277	0.00928	0.00295	0.00422	0.02066	0.00675	0.00590
47	0.79588	0.01406	0.01068	0.00956	0.01406	0.01631	0.00787	0.02137	0.01237	0.03261	0.01012	0.01181	0.00787	0.00675	0.00450	0.00225	0.00562	0.00394	0.00450	0.00787
48	0.01507	0.01292	0.01507	0.01077	0.01723	0.00969	0.00861	0.01830	0.01507	0.02369	0.01292	0.01507	0.01077	0.00538	0.00538	0.00108	0.00538	0.00431	0.00431	0.78898
49	0.02715	0.03464	0.02060	0.01873	0.02247	0.71536	0.01404	0.02903	0.02060	0.01779	0.01124	0.01311	0.00936	0.00749	0.00655	0.00187	0.01311	0.00468	0.00375	0.00843
50	0.79588	0.01406	0.01068	0.00956	0.01406	0.01631	0.00787	0.02137	0.01237	0.03261	0.01012	0.01181	0.00787	0.00675	0.00450	0.00225	0.00562	0.00394	0.00450	0.00787
51	0.01355	0.00678	0.00678	0.00678	0.00847	0.00678	0.00508	0.01694	0.01524	0.02710	0.02371	0.02710	0.01863	0.00847	0.00508	0.00169	0.00339	0.00678	0.78489	0.00678
52	0.79588	0.01406	0.01068	0.00956	0.01406	0.01631	0.00787	0.02137	0.01237	0.03261	0.01012	0.01181	0.00787	0.00675	0.00450	0.00225	0.00562	0.00394	0.00450	0.00787
53	0.01799	0.01727	0.02950	0.04462	0.69919	0.01727	0.02231	0.02231	0.01655	0.02375	0.01367	0.01799	0.01151	0.00648	0.00720	0.00216	0.00864	0.00648	0.00360	0.01151
54	0.02763	0.02036	0.02182	0.01672	0.02254	0.02254	0.01382	0.67496	0.03418	0.04581	0.01745	0.01745	0.01236	0.00873	0.00727	0.00218	0.00800	0.00654	0.00727	0.01236
55	0.01808	0.01561	0.01644	0.01479	0.01890	0.01808	0.01151	0.03863	0.68606	0.03041	0.02959	0.02712	0.02219	0.00986	0.00740	0.00247	0.00575	0.00822	0.00740	0.01151
56	0.00886	0.00633	0.00843	0.01012	0.01054	0.00590	0.00675	0.01012	0.01392	0.01856	0.04006	0.73979	0.04808	0.02277	0.00928	0.00295	0.00422	0.02066	0.00675	0.00590
57	0.00886	0.00633	0.00843	0.01012	0.01054	0.00590	0.00675	0.01012	0.01392	0.01856	0.04006	0.73979	0.04808	0.02277	0.00928	0.00295	0.00422	0.02066	0.00675	0.00590
58	0.01799	0.01727	0.02950	0.04462	0.69919	0.01727	0.02231	0.02231	0.01655	0.02375	0.01367	0.01799	0.01151	0.00648	0.00720	0.00216	0.00864	0.00648	0.00360	0.01151
59	0.00873	0.00737	0.00756	0.00751	0.00991	0.00620	0.00564	0.01071	0.01691	0.02044	0.12622	0.06863	0.64316	0.01811	0.00859	0.00244	0.00366	0.01516	0.00686	0.00620
60	0.00886	0.00633	0.00843	0.01012	0.01054	0.00590	0.00675	0.01012	0.01392	0.01856	0.04006	0.73979	0.04808	0.02277	0.00928	0.00295	0.00422	0.02066	0.00675	0.00590
61	0.06412	0.01244	0.01661	0.01279	0.01837	0.01092	0.01057	0.03484	0.02046	0.67651	0.02791	0.02421	0.01758	0.00890	0.00719	0.00225	0.00616	0.00717	0.00881	0.01218
62	0.76669	0.04169	0.01171	0.00967	0.01423	0.01678	0.00804	0.02138	0.01246	0.03203	0.01012	0.01180	0.00793	0.00673	0.00450	0.00222	0.00570	0.00393	0.00445	0.00793
63	0.00909	0.00651	0.00865	0.00996	0.01060	0.00606	0.00677	0.01071	0.01501	0.02030	0.14808	0.62680	0.05146	0.02147	0.00916	0.00284	0.00409	0.01943	0.00695	0.00606
64	0.00909	0.00651	0.00865	0.00996	0.01060	0.00606	0.00677	0.01071	0.01501	0.02030	0.14808	0.62680	0.05146	0.02147	0.00916	0.00284	0.00409	0.01943	0.00695	0.00606
65	0.02389	0.02316	0.02149	0.01968	0.07926	0.25876	0.05425	0.18137	0.14592	0.06060	0.01786	0.01867	0.01352	0.00816	0.00703	0.00212	0.00938	0.00638	0.03813	0.01038
66	0.01520	0.01303	0.01513	0.01093	0.01729	0.01003	0.00873	0.01913	0.04231	0.02396	0.01360	0.01556	0.01123	0.00557	0.00546	0.00113	0.00540	0.00447	0.00443	0.75742
67	0.01956	0.13125	0.02049	0.01477	0.01935	0.04894	0.01197	0.09507	0.49294	0.02925	0.02466	0.02323	0.01874	0.00909	0.00692	0.00227	0.00658	0.00724	0.00657	0.01112
68	0.06107	0.25693	0.04679	0.01555	0.02115	0.16913	0.01353	0.27983	0.02352	0.02944	0.01332	0.01436	0.01045	0.00752	0.00614	0.00192	0.00897	0.00514	0.00494	0.01030
69	0.79588	0.01406	0.01068	0.00956	0.01406	0.01631	0.00787	0.02137	0.01237	0.03261	0.01012	0.01181	0.00787	0.00675	0.00450	0.00225	0.00562	0.00394	0.00450	0.00787
70	0.01848	0.01373	0.01549	0.01459	0.04863	0.03804	0.01048	0.05422	0.29730	0.11456	0.02469	0.02998	0.02059	0.18781	0.04441	0.00390	0.03908	0.00829	0.00625	0.00948
71	0.01065	0.00726	0.00960	0.00981	0.01121	0.00672	0.00716	0.01328	0.01805	0.04974	0.40937	0.29900	0.05829	0.01769	0.00884	0.00257	0.00395	0.04255	0.00754	0.00671
72	0.01207	0.01018	0.01294	0.01238	0.01336	0.04583	0.00941	0.01397	0.01183	0.01646	0.01827	0.02967	0.01809	0.18190	0.44489	0.00903	0.12147	0.00797	0.00388	0.00639
73	0.01029	0.00743	0.00972	0.00914	0.01086	0.00686	0.00686	0.01372	0.02058	0.02915	0.69536	0.05430	0.06859	0.01486	0.00857	0.00229	0.00343	0.01315	0.00800	0.00686
74	0.01659	0.02487	0.27358	0.13459	0.32826	0.05176	0.02324	0.02235	0.01602	0.02243	0.01321	0.01699	0.01030	0.00680	0.00707	0.00224	0.00978	0.00598	0.00336	0.01058
75	0.08308	0.01579	0.05164	0.35887	0.31032	0.01665	0.02026	0.02051	0.01520	0.02207	0.01299	0.01800	0.01026	0.00689	0.00698	0.00230	0.00895	0.00620	0.00348	0.00956
76	0.01553	0.01319	0.01532	0.01098	0.01742	0.01016	0.00880	0.04231	0.01577	0.02450	0.01309	0.01516	0.01082	0.00551	0.00545	0.00112	0.00548	0.00439	0.00442	0.76058
77	0.01670	0.01588	0.02663	0.25066	0.47396	0.01696	0.02122	0.02185	0.04357	0.02245	0.01410	0.01879	0.01140	0.00686	0.00723	0.00225	0.00884	0.00654	0.00364	0.01047
78	0.02698	0.02216	0.02100	0.01665	0.02196	0.13611	0.01350	0.54177	0.03117	0.04043	0.01668	0.01713	0.01212	0.00851	0.00706	0.00211	0.00865	0.00625	0.03825	0.01149
79	0.01055	0.00712	0.00830	0.00830	0.00843	0.00725	0.00487	0.01081	0.01068	0.01437	0.02256	0.04569	0.02561	0.67620	0.10422	0.00751	0.00828	0.01030	0.00435	0.00461
80	0.01029	0.00743	0.00972	0.00914	0.01086	0.00686	0.00686	0.01372	0.02058	0.02915	0.69536	0.05430	0.06859	0.01486	0.00857	0.00229	0.00343	0.01315	0.00800	0.00686
81	0.01054	0.00716	0.00851	0.00851	0.00872	0.00737	0.00513	0.01095	0.01074	0.01453	0.02237	0.04460	0.02514	0.63689	0.14289	0.00777	0.00899	0.01014	0.00432	0.00473
82	0.01716	0.01961	0.04289	0.03064	0.03799	0.01838	0.67279	0.02328	0.01716	0.02328	0.01471	0.01961	0.01103	0.00613	0.00858	0.00245	0.01225	0.00858	0.00368	0.00980
83	0.02715	0.03464	0.02060	0.01873	0.02247	0.71536	0.01404	0.02903	0.02060	0.01779	0.01124	0.01311	0.00936	0.00749	0.00655	0.00187	0.01311	0.00468	0.00375	0.00843
84	0.01507	0.01292	0.01507	0.01077	0.01723	0.00969	0.00861	0.01830	0.01507	0.02369	0.01292	0.01507	0.01077	0.00538	0.00538	0.00108	0.00538	0.00431	0.00431	0.78898
85	0.01943	0.74891	0.03809	0.01244	0.01866	0.02876	0.01244	0.02177	0.01477	0.01710	0.01011	0.01166	0.00933	0.00622	0.00466	0.00155	0.00777	0.00389	0.00311	0.00933
86	0.01568	0.01557	0.02184	0.01878	0.01884	0.02173	0.01563	0.01731	0.01115	0.01747	0.00994	0.01642	0.00989	0.01442	0.05194	0.00353	0.70235	0.00642	0.00321	0.00789
87	0.01716	0.01961	0.04289	0.03064	0.03799	0.01838	0.67279	0.02328	0.01716	0.02328	0.01471	0.01961	0.01103	0.00613	0.00858	0.00245	0.01225	0.00858	0.00368	0.00980
88	0.01029	0.00743	0.00972	0.00914	0.01086	0.00686	0.00686	0.01372	0.02058	0.02915	0.69536	0.05430	0.06859	0.01486	0.00857	0.00229	0.00343	0.01315	0.00800	0.00686
89	0.01029	0.00743	0.00972	0.00914	0.01086	0.00686	0.00686	0.01372	0.02058	0.02915	0.69536	0.05430	0.06859	0.01486	0.00857	0.00229	0.00343	0.01315	0.00800	0.00686
90	0.01157	0.00827	0.01155	0.01322	0.01484	0.00824	0.01147	0.01481	0.01659	0.02159	0.03857	0.11478	0.04215	0.02021	0.01000	0.00333	0.00657	0.61889	0.00670	0.00665
91	0.01507	0.01292	0.01507	0.01077	0.01723	0.00969	0.00861	0.01830	0.01507	0.02369	0.01292	0.01507	0.01077	0.00538	0.00538	0.00108	0.00538	0.00431	0.00431	0.78898
92	0.01808	0.01561	0.01644	0.01479	0.01890	0.01808	0.01151	0.03863	0.68606	0.03041	0.02959	0.02712	0.02219	0.00986	0.00740	0.00247	0.00575	0.00822	0.00740	0.01151
93	0.01029	0.00743	0.00972	0.00914	0.01086	0.00686	0.00686	0.01372	0.02058	0.02915	0.69536	0.05430	0.06859	0.01486	0.00857	0.00229	0.00343	0.01315	0.00800	0.00686
94	0.01502	0.10178	0.64653	0.01997	0.03031	0.01795	0.02556	0.02291	0.01529	0.02249	0.01278	0.01501	0.00922	0.00684	0.00670	0.00223	0.01047	0.00524	0.00307	0.01062
95	0.03223	0.01298	0.01725	0.01322	0.01886	0.01159	0.01092	0.08451	0.02183	0.65370	0.02782	0.02418	0.01756	0.00898	0.00731	0.00224	0.00632	0.00725	0.00886	0.01237
96	0.01943	0.74891	0.03809	0.01244	0.01866	0.02876	0.01244	0.02177	0.01477	0.01710	0.01011	0.01166	0.00933	0.00622	0.00466	0.00155	0.00777	0.00389	0.00311	0.00933
97	0.01029	0.00743	0.00972	0.00914	0.01086	0.00686	0.00686	0.01372	0.02058	0.02915	0.69536	0.05430	0.06859	0.01486	0.00857	0.00229	0.00343	0.01315	0.00800	0.00686
98	0.03213	0.01315	0.01735	0.01330	0.01895	0.01185	0.01099	0.09806	0.02211	0.63974	0.02758	0.02403	0.01744	0.00897	0.00731	0.00224	0.00636	0.00723	0.00883	0.01237
99	0.01057	0.00705	0.00793	0.00793	0.00793	0.00705	0.00440	0.01057	0.01057	0.01409	0.02290	0.04757	0.02643	0.74454	0.03700	0.00705	0.00705	0.01057	0.00440	0.00440
100	0.79588	0.01406	0.01068	0.00956	0.01406	0.01631	0.00787	0.02137	0.01237	0.03261	0.01012	0.01181	0.00787	0.00675	0.00450	0.00225	0.00562	0.00394	0.00450	0.00787
101	0.00886	0.00633	0.00843	0.01012	0.01054	0.00590	0.00675	0.01012	0.01392	0.01856	0.04006	0.73979	0.04808	0.02277	0.00928	0.00295	0.00422	0.02066	0.00675	0.00590
102	0.76789	0.01380	0.01054	0.00946	0.01386	0.01597	0.00777	0.02121	0.01247	0.03242	0.01061	0.01236	0.00826	0.00681	0.00452	0.00223	0.00554	0.00404	0.03243	0.00783
103	0.01795	0.01758	0.02831	0.11464	0.60174	0.04786	0.02172	0.02221	0.01652	0.02295	0.01349	0.01792	0.01123	0.00660	0.00718	0.00217	0.00894	0.00640	0.00357	0.01102
104	0.01065	0.00764	0.00947	0.00974	0.01063	0.00778	0.00663	0.04254	0.01348	0.01803	0.03171	0.25401	0.09104	0.28235	0.16520	0.00612	0.00850	0.01329	0.00536	0.00583
105	0.02403	0.09519	0.02281	0.04805	0.02332	0.50847	0.03868	0.02630	0.01874	0.01834	0.01134	0.01379	0.00954	0.00750	0.00747	0.00192	0.05601	0.00491	0.00367	0.05993

[dist]
# distance from previous block
# <min> <max>
0	1

[block]
# block no. 1 follows, 28 sequences, length 24
# corresponding to MSA columns:
# 228-251
name=unknown_B
#
# <colnr> <probs for GDERKNQSTAVLIFYWHMCP>
#	G	D	E	R	K	N	Q	S	T	A	V	L	I	F	Y	W	H	M	C	P
0	0.00936	0.00672	0.00885	0.01037	0.01104	0.00634	0.00731	0.01090	0.01428	0.01884	0.04039	0.57417	0.07480	0.06124	0.01086	0.00321	0.00472	0.11404	0.00661	0.00595
1	0.02121	0.01745	0.01741	0.01516	0.01956	0.07751	0.01189	0.10526	0.49834	0.09316	0.02664	0.02467	0.01966	0.00946	0.00730	0.00236	0.00666	0.00765	0.00722	0.01141
2	0.01641	0.07895	0.08554	0.05490	0.02274	0.11836	0.09092	0.01998	0.01588	0.02091	0.03676	0.07185	0.03863	0.01032	0.03345	0.00232	0.05179	0.00714	0.00416	0.21900
3	0.06246	0.31853	0.26841	0.01593	0.02323	0.09194	0.01730	0.03961	0.01605	0.04586	0.01239	0.01422	0.00985	0.00817	0.02617	0.00222	0.00952	0.00480	0.00358	0.00976
4	0.01452	0.03408	0.60420	0.02081	0.03067	0.01635	0.08088	0.02243	0.01585	0.02345	0.05801	0.01827	0.01326	0.00736	0.00716	0.00231	0.01039	0.00616	0.00345	0.01041
5	0.01027	0.00778	0.00951	0.00901	0.01099	0.00720	0.00678	0.01412	0.04946	0.02714	0.53070	0.05648	0.20270	0.01541	0.00852	0.00233	0.00359	0.01340	0.00770	0.00691
6	0.01579	0.01495	0.02494	0.39631	0.33316	0.01673	0.02073	0.02110	0.04528	0.02137	0.01399	0.01912	0.01105	0.00704	0.00724	0.00231	0.00905	0.00655	0.00358	0.00973
7	0.02177	0.01677	0.01971	0.01600	0.02050	0.01859	0.04930	0.37979	0.13195	0.03603	0.02118	0.05495	0.01713	0.01295	0.05460	0.00295	0.03526	0.03108	0.04875	0.01073
8	0.01414	0.01334	0.02254	0.66155	0.11238	0.01626	0.02039	0.01893	0.01473	0.01907	0.01299	0.01925	0.00987	0.00719	0.00726	0.00240	0.00959	0.00646	0.00327	0.00841
9	0.01029	0.00743	0.00972	0.00914	0.01086	0.00686	0.00686	0.01372	0.02058	0.02915	0.69536	0.05430	0.06859	0.01486	0.00857	0.00229	0.00343	0.01315	0.00800	0.00686
10	0.02462	0.01395	0.01651	0.01336	0.01792	0.01399	0.01078	0.26704	0.02437	0.27749	0.05107	0.08879	0.07908	0.03563	0.00867	0.00249	0.00644	0.02939	0.00772	0.01068
11	0.01770	0.01826	0.05692	0.09669	0.47813	0.03775	0.06682	0.02399	0.08653	0.02377	0.01525	0.01892	0.01228	0.00692	0.00729	0.00223	0.00890	0.00671	0.00395	0.01098
12	0.03261	0.01237	0.01687	0.01293	0.01856	0.01068	0.01068	0.03543	0.02081	0.70423	0.02868	0.02474	0.01799	0.00900	0.00731	0.00225	0.00619	0.00731	0.00900	0.01237
13	0.01016	0.00666	0.00890	0.01028	0.01098	0.00617	0.00696	0.01151	0.01429	0.05609	0.03944	0.70065	0.04643	0.02202	0.00917	0.00291	0.00433	0.01993	0.00687	0.00626
14	0.01961	0.47765	0.11634	0.01482	0.02081	0.09155	0.01463	0.05079	0.04598	0.01974	0.01172	0.01349	0.01004	0.00715	0.00670	0.00186	0.05941	0.00463	0.00354	0.00955
15	0.03167	0.05399	0.01826	0.01306	0.01872	0.01218	0.01091	0.06062	0.02101	0.63898	0.02718	0.02371	0.01728	0.00883	0.00716	0.00221	0.00635	0.00709	0.00860	0.01220
16	0.01029	0.00743	0.00972	0.00914	0.01086	0.00686	0.00686	0.01372	0.02058	0.02915	0.69536	0.05430	0.06859	0.01486	0.00857	0.00229	0.00343	0.01315	0.00800	0.00686
17	0.74542	0.01447	0.01141	0.01003	0.01461	0.01672	0.00826	0.06430	0.01380	0.03348	0.01060	0.01218	0.00817	0.00688	0.00468	0.00224	0.00578	0.00411	0.00468	0.00817
18	0.01140	0.00819	0.01133	0.01295	0.01456	0.00812	0.01115	0.01455	0.01653	0.02146	0.03982	0.12781	0.06495	0.02021	0.00994	0.00329	0.00642	0.58402	0.00670	0.00662
19	0.02040	0.01503	0.01834	0.12118	0.02344	0.01684	0.01306	0.35152	0.02405	0.05772	0.01916	0.06811	0.01590	0.02035	0.17612	0.00453	0.01067	0.00778	0.00589	0.00990
20	0.01882	0.29832	0.24323	0.01775	0.06050	0.10626	0.01752	0.05124	0.04174	0.02150	0.01256	0.01436	0.01011	0.00680	0.00599	0.00190	0.00920	0.00489	0.00361	0.05371
21	0.01038	0.00779	0.01168	0.01168	0.01298	0.00909	0.00909	0.01298	0.01168	0.01687	0.01947	0.02856	0.01817	0.05452	0.71573	0.01168	0.01947	0.00779	0.00389	0.00649
22	0.01130	0.00834	0.01152	0.01363	0.05149	0.00821	0.00996	0.03710	0.01622	0.02156	0.06096	0.37242	0.04286	0.01993	0.00938	0.00302	0.00561	0.28304	0.00661	0.00682
23	0.01716	0.01872	0.03874	0.07147	0.18735	0.01801	0.49119	0.02281	0.01688	0.02313	0.01438	0.01923	0.01107	0.00627	0.00820	0.00238	0.01130	0.00799	0.00363	0.01009

[dist]
# distance from previous block
# <min> <max>
0	13

[block]
# block no. 2 follows, 28 sequences, length 53
# corresponding to MSA columns:
# 265-317
name=unknown_C
#
# <colnr> <probs for GDERKNQSTAVLIFYWHMCP>
#	G	D	E	R	K	N	Q	S	T	A	V	L	I	F	Y	W	H	M	C	P
0	0.01449	0.01369	0.02317	0.60556	0.16564	0.01635	0.02057	0.01924	0.01489	0.01949	0.01305	0.01913	0.01001	0.00713	0.00725	0.00238	0.00950	0.00646	0.00330	0.00869
1	0.01763	0.01470	0.01773	0.01289	0.01927	0.01262	0.04170	0.14683	0.01891	0.02799	0.01389	0.01576	0.01109	0.00607	0.00591	0.00136	0.00623	0.00495	0.00486	0.59962
2	0.00995	0.00742	0.00924	0.00879	0.01065	0.00671	0.00659	0.01305	0.01977	0.02723	0.56973	0.05746	0.19542	0.01558	0.00858	0.00232	0.00348	0.01359	0.00775	0.00671
3	0.01693	0.01895	0.03922	0.02858	0.03462	0.01907	0.55584	0.02225	0.01608	0.02225	0.01379	0.01895	0.01076	0.00730	0.01130	0.00258	0.14026	0.00818	0.00359	0.00947
4	0.01808	0.01561	0.01644	0.01479	0.01890	0.01808	0.01151	0.03863	0.68606	0.03041	0.02959	0.02712	0.02219	0.00986	0.00740	0.00247	0.00575	0.00822	0.00740	0.01151
5	0.00886	0.00633	0.00843	0.01012	0.01054	0.00590	0.00675	0.01012	0.01392	0.01856	0.04006	0.73979	0.04808	0.02277	0.00928	0.00295	0.00422	0.02066	0.00675	0.00590
6	0.02763	0.02036	0.02182	0.01672	0.02254	0.02254	0.01382	0.67496	0.03418	0.04581	0.01745	0.01745	0.01236	0.00873	0.00727	0.00218	0.00800	0.00654	0.00727	0.01236
7	0.79588	0.01406	0.01068	0.00956	0.01406	0.01631	0.00787	0.02137	0.01237	0.03261	0.01012	0.01181	0.00787	0.00675	0.00450	0.00225	0.00562	0.00394	0.00450	0.00787
8	0.79588	0.01406	0.01068	0.00956	0.01406	0.01631	0.00787	0.02137	0.01237	0.03261	0.01012	0.01181	0.00787	0.00675	0.00450	0.00225	0.00562	0.00394	0.00450	0.00787
9	0.01716	0.01961	0.04289	0.03064	0.03799	0.01838	0.67279	0.02328	0.01716	0.02328	0.01471	0.01961	0.01103	0.00613	0.00858	0.00245	0.01225	0.00858	0.00368	0.00980
10	0.01799	0.01727	0.02950	0.04462	0.69919	0.01727	0.02231	0.02231	0.01655	0.02375	0.01367	0.01799	0.01151	0.00648	0.00720	0.00216	0.00864	0.00648	0.00360	0.01151
11	0.01716	0.01961	0.04289	0.03064	0.03799	0.01838	0.67279	0.02328	0.01716	0.02328	0.01471	0.01961	0.01103	0.00613	0.00858	0.00245	0.01225	0.00858	0.00368	0.00980
12	0.01373	0.01292	0.02180	0.72707	0.05006	0.01615	0.02019	0.01857	0.01453	0.01857	0.01292	0.01938	0.00969	0.00727	0.00727	0.00242	0.00969	0.00646	0.00323	0.00807
13	0.01010	0.00742	0.00945	0.00895	0.01074	0.00678	0.00671	0.01335	0.02013	0.02809	0.62620	0.05604	0.13841	0.01526	0.00858	0.00230	0.00346	0.01339	0.00786	0.00678
14	0.03261	0.01237	0.01687	0.01293	0.01856	0.01068	0.01068	0.03543	0.02081	0.70423	0.02868	0.02474	0.01799	0.00900	0.00731	0.00225	0.00619	0.00731	0.00900	0.01237
15	0.01028	0.00883	0.00898	0.00869	0.01144	0.00826	0.00659	0.01545	0.13577	0.02155	0.06579	0.06233	0.57623	0.01689	0.00838	0.00246	0.00405	0.01407	0.00687	0.00709
16	0.03261	0.01237	0.01687	0.01293	0.01856	0.01068	0.01068	0.03543	0.02081	0.70423	0.02868	0.02474	0.01799	0.00900	0.00731	0.00225	0.00619	0.00731	0.00900	0.01237
17	0.79588	0.01406	0.01068	0.00956	0.01406	0.01631	0.00787	0.02137	0.01237	0.03261	0.01012	0.01181	0.00787	0.00675	0.00450	0.00225	0.00562	0.00394	0.00450	0.00787
18	0.03261	0.01237	0.01687	0.01293	0.01856	0.01068	0.01068	0.03543	0.02081	0.70423	0.02868	0.02474	0.01799	0.00900	0.00731	0.00225	0.00619	0.00731	0.00900	0.01237
19	0.00886	0.00633	0.00843	0.01012	0.01054	0.00590	0.00675	0.01012	0.01392	0.01856	0.04006	0.73979	0.04808	0.02277	0.00928	0.00295	0.00422	0.02066	0.00675	0.00590
20	0.03164	0.01216	0.01656	0.01277	0.01822	0.01052	0.01052	0.03448	0.02080	0.67486	0.05768	0.02603	0.02019	0.00925	0.00736	0.00225	0.00607	0.00756	0.00895	0.01213
21	0.01458	0.03760	0.70688	0.02072	0.03146	0.01688	0.02686	0.02302	0.01535	0.02302	0.01304	0.01535	0.00921	0.00691	0.00691	0.00230	0.01074	0.00537	0.00307	0.01074
22	0.02922	0.01461	0.07026	0.04375	0.02091	0.01201	0.01240	0.03403	0.07549	0.56674	0.02688	0.02399	0.01732	0.00883	0.00728	0.00228	0.00665	0.00720	0.00816	0.01199
23	0.01355	0.00678	0.00678	0.00678	0.00847	0.00678	0.00508	0.01694	0.01524	0.02710	0.02371	0.02710	0.01863	0.00847	0.00508	0.00169	0.00339	0.00678	0.78489	0.00678
24	0.01795	0.01738	0.03015	0.04394	0.66726	0.01732	0.05372	0.02236	0.01658	0.02373	0.01372	0.01807	0.01149	0.00646	0.00726	0.00217	0.00881	0.00658	0.00360	0.01143
25	0.01029	0.00743	0.00972	0.00914	0.01086	0.00686	0.00686	0.01372	0.02058	0.02915	0.69536	0.05430	0.06859	0.01486	0.00857	0.00229	0.00343	0.01315	0.00800	0.00686
26	0.00886	0.00633	0.00843	0.01012	0.01054	0.00590	0.00675	0.01012	0.01392	0.01856	0.04006	0.73979	0.04808	0.02277	0.00928	0.00295	0.00422	0.02066	0.00675	0.00590
27	0.00886	0.00633	0.00843	0.01012	0.01054	0.00590	0.00675	0.01012	0.01392	0.01856	0.04006	0.73979	0.04808	0.02277	0.00928	0.00295	0.00422	0.02066	0.00675	0.00590
28	0.00886	0.00633	0.00843	0.01012	0.01054	0.00590	0.00675	0.01012	0.01392	0.01856	0.04006	0.73979	0.04808	0.02277	0.00928	0.00295	0.00422	0.02066	0.00675	0.00590
29	0.01943	0.74891	0.03809	0.01244	0.01866	0.02876	0.01244	0.02177	0.01477	0.01710	0.01011	0.01166	0.00933	0.00622	0.00466	0.00155	0.00777	0.00389	0.00311	0.00933
30	0.01458	0.03760	0.70688	0.02072	0.03146	0.01688	0.02686	0.02302	0.01535	0.02302	0.01304	0.01535	0.00921	0.00691	0.00691	0.00230	0.01074	0.00537	0.00307	0.01074
31	0.00886	0.00633	0.00843	0.01012	0.01054	0.00590	0.00675	0.01012	0.01392	0.01856	0.04006	0.73979	0.04808	0.02277	0.00928	0.00295	0.00422	0.02066	0.00675	0.00590
32	0.01808	0.01561	0.01644	0.01479	0.01890	0.01808	0.01151	0.03863	0.68606	0.03041	0.02959	0.02712	0.02219	0.00986	0.00740	0.00247	0.00575	0.00822	0.00740	0.01151
33	0.01850	0.01582	0.01667	0.01488	0.01906	0.01828	0.01161	0.06656	0.65744	0.03108	0.02905	0.02670	0.02176	0.00981	0.00739	0.00245	0.00585	0.00814	0.00739	0.01154
34	0.01057	0.00705	0.00793	0.00793	0.00793	0.00705	0.00440	0.01057	0.01057	0.01409	0.02290	0.04757	0.02643	0.74454	0.03700	0.00705	0.00705	0.01057	0.00440	0.00440
35	0.00886	0.00633	0.00843	0.01012	0.01054	0.00590	0.00675	0.01012	0.01392	0.01856	0.04006	0.73979	0.04808	0.02277	0.00928	0.00295	0.00422	0.02066	0.00675	0.00590
36	0.01943	0.74891	0.03809	0.01244	0.01866	0.02876	0.01244	0.02177	0.01477	0.01710	0.01011	0.01166	0.00933	0.00622	0.00466	0.00155	0.00777	0.00389	0.00311	0.00933
37	0.01541	0.06807	0.62522	0.02062	0.03075	0.04686	0.04846	0.02323	0.01561	0.02255	0.01290	0.01524	0.00928	0.00687	0.00685	0.00226	0.01077	0.00539	0.00312	0.01055
38	0.02419	0.02278	0.01961	0.01662	0.02126	0.21806	0.01308	0.27076	0.25618	0.03250	0.01989	0.01957	0.01491	0.00877	0.00711	0.00219	0.00867	0.00659	0.00631	0.01095
39	0.01943	0.74891	0.03809	0.01244	0.01866	0.02876	0.01244	0.02177	0.01477	0.01710	0.01011	0.01166	0.00933	0.00622	0.00466	0.00155	0.00777	0.00389	0.00311	0.00933
40	0.01716	0.01961	0.04289	0.03064	0.03799	0.01838	0.67279	0.02328	0.01716	0.02328	0.01471	0.01961	0.01103	0.00613	0.00858	0.00245	0.01225	0.00858	0.00368	0.00980
41	0.00956	0.00746	0.00867	0.00894	0.01088	0.00668	0.00686	0.01186	0.01699	0.02165	0.19149	0.11447	0.38621	0.04765	0.01003	0.00279	0.00430	0.12033	0.00690	0.00629
42	0.79588	0.01406	0.01068	0.00956	0.01406	0.01631	0.00787	0.02137	0.01237	0.03261	0.01012	0.01181	0.00787	0.00675	0.00450	0.00225	0.00562	0.00394	0.00450	0.00787
43	0.01029	0.00743	0.00972	0.00914	0.01086	0.00686	0.00686	0.01372	0.02058	0.02915	0.69536	0.05430	0.06859	0.01486	0.00857	0.00229	0.00343	0.01315	0.00800	0.00686
44	0.00866	0.00737	0.00746	0.00744	0.00986	0.00617	0.00558	0.01057	0.01674	0.02004	0.10014	0.06929	0.66949	0.01826	0.00859	0.00245	0.00367	0.01525	0.00680	0.00617
45	0.01770	0.01793	0.05664	0.06883	0.64821	0.01721	0.02241	0.02220	0.01643	0.02353	0.01362	0.01794	0.01135	0.00652	0.00719	0.00217	0.00876	0.00643	0.00356	0.01136
46	0.03261	0.01237	0.01687	0.01293	0.01856	0.01068	0.01068	0.03543	0.02081	0.70423	0.02868	0.02474	0.01799	0.00900	0.00731	0.00225	0.00619	0.00731	0.00900	0.01237
47	0.01044	0.00753	0.00994	0.00961	0.01132	0.00702	0.00739	0.01387	0.02015	0.02834	0.62306	0.05735	0.06564	0.01544	0.00873	0.00240	0.00379	0.08327	0.00786	0.00684
48	0.01635	0.01580	0.02749	0.29855	0.41419	0.01692	0.06343	0.02098	0.01584	0.02179	0.01346	0.01861	0.01080	0.00675	0.00731	0.00228	0.00926	0.00661	0.00347	0.01012
49	0.05077	0.10509	0.04601	0.01823	0.04459	0.45902	0.01418	0.08387	0.07218	0.02199	0.01318	0.01462	0.01063	0.00757	0.00645	0.00195	0.01106	0.00509	0.00426	0.00926
50	0.02146	0.01474	0.01649	0.01385	0.01781	0.01576	0.01093	0.36944	0.05462	0.08762	0.02554	0.21939	0.02355	0.01267	0.00769	0.00238	0.00641	0.01061	0.05889	0.01016
51	0.00935	0.00694	0.00880	0.00991	0.01106	0.00639	0.00721	0.01124	0.01552	0.02028	0.11126	0.43940	0.18464	0.02070	0.00917	0.00284	0.00438	0.10789	0.00686	0.00616
52	0.05419	0.31070	0.02606	0.01431	0.01913	0.17274	0.01232	0.04844	0.04999	0.12649	0.04360	0.01704	0.01389	0.00799	0.00709	0.00196	0.05429	0.00545	0.00478	0.00956

[dist]
# distance from previous block
# <min> <max>
2	5

[block]
# block no. 3 follows, 28 sequences, length 37
# corresponding to MSA columns:
# 323-359
name=unknown_D
#
# <colnr> <probs for GDERKNQSTAVLIFYWHMCP>
#	G	D	E	R	K	N	Q	S	T	A	V	L	I	F	Y	W	H	M	C	P
0	0.40808	0.04017	0.13887	0.04018	0.08312	0.04381	0.05647	0.05047	0.01519	0.04659	0.01220	0.01437	0.00926	0.00689	0.00580	0.00223	0.00782	0.00503	0.00424	0.00921
1	0.15009	0.22964	0.40296	0.01652	0.02494	0.02006	0.01962	0.02239	0.01468	0.02304	0.01173	0.01372	0.00901	0.00669	0.00587	0.00209	0.00905	0.00472	0.00333	0.00986
2	0.01005	0.00776	0.00921	0.00879	0.01085	0.00710	0.00661	0.01368	0.04775	0.02600	0.45717	0.05841	0.27825	0.01584	0.00853	0.00235	0.00361	0.01367	0.00755	0.00681
3	0.01808	0.01561	0.01644	0.01479	0.01890	0.01808	0.01151	0.03863	0.68606	0.03041	0.02959	0.02712	0.02219	0.00986	0.00740	0.00247	0.00575	0.00822	0.00740	0.01151
4	0.03261	0.01237	0.01687	0.01293	0.01856	0.01068	0.01068	0.03543	0.02081	0.70423	0.02868	0.02474	0.01799	0.00900	0.00731	0.00225	0.00619	0.00731	0.00900	0.01237
5	0.00886	0.00633	0.00843	0.01012	0.01054	0.00590	0.00675	0.01012	0.01392	0.01856	0.04006	0.73979	0.04808	0.02277	0.00928	0.00295	0.00422	0.02066	0.00675	0.00590
6	0.01263	0.00631	0.00947	0.00947	0.00947	0.00631	0.00631	0.00947	0.00947	0.01263	0.01263	0.02210	0.01263	0.02525	0.02841	0.78851	0.00631	0.00631	0.00316	0.00316
7	0.01029	0.00743	0.00972	0.00914	0.01086	0.00686	0.00686	0.01372	0.02058	0.02915	0.69536	0.05430	0.06859	0.01486	0.00857	0.00229	0.00343	0.01315	0.00800	0.00686
8	0.01808	0.01561	0.01644	0.01479	0.01890	0.01808	0.01151	0.03863	0.68606	0.03041	0.02959	0.02712	0.02219	0.00986	0.00740	0.00247	0.00575	0.00822	0.00740	0.01151
9	0.01590	0.01590	0.02226	0.01908	0.01908	0.02226	0.01590	0.01749	0.01113	0.01749	0.00954	0.01590	0.00954	0.01272	0.02385	0.00318	0.73123	0.00636	0.00318	0.00795
10	0.01373	0.01292	0.02180	0.72707	0.05006	0.01615	0.02019	0.01857	0.01453	0.01857	0.01292	0.01938	0.00969	0.00727	0.00727	0.00242	0.00969	0.00646	0.00323	0.00807
11	0.00896	0.00640	0.00856	0.01024	0.01071	0.00600	0.00694	0.01031	0.01402	0.01868	0.04000	0.71493	0.04784	0.02267	0.00931	0.00297	0.00431	0.04446	0.00675	0.00593
12	0.01458	0.03760	0.70688	0.02072	0.03146	0.01688	0.02686	0.02302	0.01535	0.02302	0.01304	0.01535	0.00921	0.00691	0.00691	0.00230	0.01074	0.00537	0.00307	0.01074
13	0.01458	0.03760	0.70688	0.02072	0.03146	0.01688	0.02686	0.02302	0.01535	0.02302	0.01304	0.01535	0.00921	0.00691	0.00691	0.00230	0.01074	0.00537	0.00307	0.01074
14	0.00904	0.00646	0.00863	0.01021	0.01074	0.00605	0.00696	0.01050	0.01436	0.01921	0.07248	0.67874	0.04884	0.02227	0.00927	0.00294	0.00428	0.04620	0.00681	0.00598
15	0.01516	0.03411	0.59067	0.02482	0.14602	0.01695	0.02608	0.02290	0.01555	0.02315	0.01315	0.01580	0.00960	0.00683	0.00696	0.00228	0.01038	0.00556	0.00316	0.01088
16	0.01040	0.00771	0.01130	0.01130	0.01247	0.00888	0.00861	0.01274	0.01157	0.01659	0.01982	0.03048	0.01901	0.12428	0.64711	0.01121	0.01821	0.00807	0.00395	0.00628
17	0.03261	0.01237	0.01687	0.01293	0.01856	0.01068	0.01068	0.03543	0.02081	0.70423	0.02868	0.02474	0.01799	0.00900	0.00731	0.00225	0.00619	0.00731	0.00900	0.01237
18	0.01943	0.74891	0.03809	0.01244	0.01866	0.02876	0.01244	0.02177	0.01477	0.01710	0.01011	0.01166	0.00933	0.00622	0.00466	0.00155	0.00777	0.00389	0.00311	0.00933
19	0.79588	0.01406	0.01068	0.00956	0.01406	0.01631	0.00787	0.02137	0.01237	0.03261	0.01012	0.01181	0.00787	0.00675	0.00450	0.00225	0.00562	0.00394	0.00450	0.00787
20	0.14216	0.01261	0.01598	0.01245	0.01791	0.01149	0.01028	0.03341	0.01959	0.60784	0.02601	0.02289	0.01654	0.00867	0.00691	0.00225	0.00610	0.00683	0.00835	0.01173
21	0.01305	0.00809	0.00995	0.00910	0.01144	0.00723	0.00684	0.01568	0.01869	0.12220	0.37439	0.05379	0.22953	0.07493	0.01073	0.00272	0.00419	0.01270	0.00751	0.00725
22	0.01037	0.00774	0.01140	0.01132	0.01268	0.00877	0.00877	0.01309	0.01296	0.01864	0.11647	0.03225	0.02541	0.04883	0.61424	0.01033	0.01717	0.00856	0.00448	0.00654
23	0.01144	0.00819	0.01133	0.01257	0.01425	0.00808	0.01078	0.01480	0.01748	0.02318	0.16532	0.07665	0.04700	0.01907	0.00976	0.00314	0.00606	0.52724	0.00695	0.00673
24	0.01645	0.03513	0.60856	0.02015	0.03018	0.01769	0.02499	0.11659	0.01805	0.02629	0.01368	0.01565	0.00966	0.00717	0.00696	0.00228	0.01035	0.00554	0.00367	0.01098
25	0.02020	0.45141	0.02962	0.01401	0.01886	0.20967	0.01239	0.02245	0.01589	0.01725	0.01175	0.01447	0.01061	0.01349	0.10722	0.00309	0.01088	0.00466	0.00339	0.00868
26	0.68289	0.01310	0.01021	0.00924	0.01345	0.01485	0.00754	0.01980	0.01297	0.03075	0.01924	0.02015	0.10667	0.00842	0.00509	0.00228	0.00534	0.00557	0.00482	0.00762
27	0.01672	0.01789	0.04552	0.43613	0.20395	0.11680	0.02004	0.02113	0.01592	0.01987	0.01287	0.01801	0.01007	0.00709	0.00714	0.00228	0.00996	0.00617	0.00339	0.00905
28	0.00971	0.00741	0.00891	0.00853	0.01050	0.00661	0.00640	0.01259	0.01920	0.02589	0.48216	0.05967	0.28382	0.01608	0.00858	0.00234	0.00352	0.01390	0.00757	0.00661
29	0.01234	0.01213	0.10995	0.01082	0.01424	0.00848	0.00981	0.01620	0.01921	0.07840	0.44889	0.04890	0.15469	0.01383	0.00824	0.00231	0.00473	0.01193	0.00717	0.00772
30	0.01542	0.01443	0.01736	0.21832	0.07521	0.11310	0.01507	0.04304	0.01718	0.02119	0.02484	0.07558	0.02507	0.01336	0.00842	0.00273	0.00854	0.27820	0.00509	0.00786
31	0.01566	0.04396	0.02693	0.02093	0.02412	0.04119	0.22981	0.01908	0.01466	0.02008	0.01902	0.02950	0.04901	0.01304	0.04066	0.00314	0.27699	0.09985	0.00407	0.00830
32	0.65073	0.01421	0.01178	0.01046	0.01495	0.01631	0.00852	0.02446	0.10943	0.06180	0.01373	0.01457	0.01037	0.00729	0.00504	0.00228	0.00567	0.00470	0.00511	0.00859
33	0.01996	0.52882	0.06041	0.01387	0.01968	0.10901	0.01309	0.02511	0.11184	0.01934	0.01316	0.01420	0.01117	0.00692	0.00538	0.00175	0.00824	0.00466	0.00380	0.00959
34	0.09082	0.01602	0.11505	0.01351	0.01972	0.01185	0.01251	0.03063	0.01892	0.48293	0.04364	0.02252	0.01689	0.00843	0.00692	0.00217	0.00665	0.00672	0.00741	0.06668
35	0.02679	0.01529	0.01789	0.01419	0.01936	0.01566	0.01156	0.26026	0.12600	0.31466	0.05578	0.02548	0.04372	0.00963	0.00741	0.00227	0.00655	0.00773	0.00802	0.01177
36	0.13495	0.04109	0.01930	0.06430	0.02210	0.01973	0.01268	0.34059	0.16599	0.07825	0.01910	0.01908	0.01386	0.00852	0.00682	0.00225	0.00718	0.00648	0.00659	0.01114

[dist]
# distance from previous block
# <min> <max>
1	20

[block]
# block no. 4 follows, 28 sequences, length 6
# corresponding to MSA columns:
# 380-385
name=unknown_E
#
# <colnr> <probs for GDERKNQSTAVLIFYWHMCP>
#	G	D	E	R	K	N	Q	S	T	A	V	L	I	F	Y	W	H	M	C	P
0	0.01403	0.01485	0.09269	0.14953	0.02492	0.03765	0.06263	0.06443	0.04796	0.02252	0.02665	0.22452	0.02742	0.01418	0.00842	0.00271	0.00773	0.14366	0.00540	0.00811
1	0.02190	0.30318	0.07764	0.01916	0.10126	0.22283	0.01520	0.09037	0.04595	0.02194	0.01259	0.01430	0.01042	0.00706	0.00604	0.00187	0.00956	0.00497	0.00394	0.00982
2	0.01221	0.00832	0.00926	0.00877	0.00933	0.00853	0.00531	0.07432	0.01284	0.01714	0.02238	0.04468	0.02508	0.67394	0.03415	0.00658	0.00714	0.01018	0.00468	0.00517
3	0.00908	0.00748	0.00804	0.00818	0.01048	0.00644	0.00632	0.01122	0.01692	0.02067	0.12223	0.06996	0.57137	0.01829	0.00875	0.00254	0.00399	0.08493	0.00685	0.00626
4	0.01676	0.02528	0.27007	0.13569	0.22966	0.06986	0.07046	0.02334	0.04773	0.02253	0.01398	0.01744	0.01072	0.00696	0.00717	0.00226	0.01002	0.00618	0.00355	0.01035
5	0.02547	0.11429	0.02041	0.04870	0.02057	0.04403	0.01195	0.12010	0.14285	0.31156	0.02376	0.04830	0.01719	0.00911	0.00700	0.00221	0.00694	0.00726	0.00710	0.01119

[dist]
# distance from previous block
# <min> <max>
0	2

[block]
# block no. 5 follows, 28 sequences, length 9
# corresponding to MSA columns:
# 388-396
name=unknown_F
#
# <colnr> <probs for GDERKNQSTAVLIFYWHMCP>
#	G	D	E	R	K	N	Q	S	T	A	V	L	I	F	Y	W	H	M	C	P
0	0.02733	0.01871	0.02120	0.01929	0.10589	0.06683	0.01399	0.35814	0.05227	0.21166	0.01993	0.01948	0.01388	0.00847	0.00723	0.00219	0.00788	0.00667	0.00702	0.01195
1	0.02509	0.09160	0.10698	0.01550	0.02157	0.01864	0.01413	0.33906	0.02552	0.18884	0.02024	0.06595	0.01531	0.00924	0.00711	0.00220	0.00766	0.00724	0.00670	0.01144
2	0.01038	0.00779	0.01168	0.01168	0.01298	0.00909	0.00909	0.01298	0.01168	0.01687	0.01947	0.02856	0.01817	0.05452	0.71573	0.01168	0.01947	0.00779	0.00389	0.00649
3	0.01000	0.00843	0.02941	0.00877	0.01090	0.00712	0.00670	0.01229	0.04522	0.02003	0.12607	0.10375	0.41231	0.05532	0.01245	0.10089	0.00449	0.01348	0.00624	0.00612
4	0.02178	0.11300	0.06506	0.07217	0.16869	0.27011	0.01641	0.10554	0.01999	0.02342	0.04736	0.01718	0.01321	0.00760	0.00673	0.00202	0.01000	0.00580	0.00422	0.00972
5	0.01643	0.06373	0.09100	0.13268	0.10368	0.01676	0.27550	0.02153	0.01681	0.05291	0.09940	0.02299	0.01807	0.00780	0.00818	0.00234	0.02854	0.00791	0.00427	0.00947
6	0.00974	0.00817	0.00860	0.00866	0.01109	0.00744	0.00659	0.01348	0.08241	0.02076	0.06478	0.11266	0.54406	0.01797	0.00861	0.00255	0.00411	0.05482	0.00681	0.00668
7	0.11690	0.02613	0.02024	0.02194	0.15170	0.42566	0.01441	0.02521	0.01794	0.02065	0.01239	0.01542	0.01047	0.01184	0.07635	0.00294	0.01196	0.00525	0.00382	0.00877
8	0.02071	0.01569	0.01537	0.01326	0.01669	0.10140	0.01027	0.26371	0.02275	0.07741	0.02289	0.15064	0.02077	0.05215	0.03564	0.00283	0.00747	0.00920	0.13201	0.00916

[dist]
# distance from previous block
# <min> <max>
0	88

# created by:
# /st0/software/busco_prod/Augustus/scripts/msa2prfl.pl ./align_prep/122841.fa
