[name]
unknown

[dist]
# distance from previous block
# <min> <max>
32	146

[block]
# block no. 0 follows, 29 sequences, length 8
# corresponding to MSA columns:
# 172-179
name=unknown_A
#
# <colnr> <probs for GDERKNQSTAVLIFYWHMCP>
#	G	D	E	R	K	N	Q	S	T	A	V	L	I	F	Y	W	H	M	C	P
0	0.10229	0.05821	0.04492	0.01395	0.01840	0.12989	0.01142	0.09239	0.22621	0.05792	0.01900	0.02062	0.01501	0.04931	0.04549	0.00281	0.00807	0.00630	0.00546	0.07232
1	0.01294	0.01422	0.12278	0.01352	0.04761	0.01082	0.01163	0.06998	0.06659	0.02556	0.21523	0.08927	0.15378	0.01326	0.00792	0.00235	0.00570	0.06668	0.00621	0.04395
2	0.01845	0.21913	0.06164	0.01465	0.04947	0.04715	0.01205	0.14732	0.14067	0.02490	0.01963	0.02347	0.04394	0.11755	0.01070	0.00270	0.00738	0.00675	0.00499	0.02745
3	0.01277	0.05415	0.08606	0.01141	0.01400	0.01092	0.00947	0.08376	0.04396	0.02077	0.02881	0.23294	0.07135	0.22281	0.03529	0.00399	0.00671	0.03845	0.00538	0.00702
4	0.09018	0.53018	0.12818	0.01310	0.01962	0.02410	0.01363	0.02247	0.01478	0.07128	0.01168	0.01291	0.00963	0.00644	0.00506	0.00174	0.00771	0.00427	0.00360	0.00943
5	0.01180	0.00628	0.00899	0.00913	0.00917	0.00624	0.00598	0.00947	0.00978	0.01304	0.01592	0.08511	0.01703	0.11928	0.02737	0.62438	0.00611	0.00790	0.00354	0.00348
6	0.15768	0.14513	0.23692	0.03780	0.04388	0.05049	0.01610	0.09098	0.01679	0.03937	0.03089	0.01822	0.05011	0.00786	0.00665	0.00212	0.02970	0.00572	0.00419	0.00941
7	0.01741	0.61542	0.03222	0.01175	0.01685	0.02444	0.01121	0.01954	0.01382	0.01649	0.01187	0.01598	0.01139	0.07058	0.08284	0.00300	0.00877	0.00474	0.00323	0.00846

[dist]
# distance from previous block
# <min> <max>
2	12

[block]
# block no. 1 follows, 29 sequences, length 113
# corresponding to MSA columns:
# 192-304
name=unknown_B
#
# <colnr> <probs for GDERKNQSTAVLIFYWHMCP>
#	G	D	E	R	K	N	Q	S	T	A	V	L	I	F	Y	W	H	M	C	P
0	0.01939	0.63177	0.08775	0.01327	0.01959	0.05441	0.01340	0.05640	0.01574	0.01870	0.01054	0.01205	0.00929	0.00632	0.00495	0.00162	0.00806	0.00409	0.00328	0.00937
1	0.01389	0.01629	0.16132	0.01414	0.01868	0.01231	0.03315	0.02232	0.18880	0.04799	0.08502	0.04339	0.13795	0.01395	0.02955	0.00280	0.00695	0.13668	0.00600	0.00880
2	0.48582	0.15147	0.08766	0.01134	0.01651	0.01788	0.01067	0.04671	0.01398	0.02801	0.03811	0.01436	0.01100	0.00864	0.03134	0.00242	0.00691	0.00459	0.00424	0.00835
3	0.02707	0.01995	0.02137	0.01638	0.02208	0.02208	0.01353	0.68159	0.03348	0.04488	0.01710	0.01710	0.01211	0.00855	0.00712	0.00214	0.00784	0.00641	0.00712	0.01211
4	0.01488	0.01276	0.01482	0.01070	0.01694	0.00980	0.00855	0.01869	0.04051	0.02345	0.01328	0.01521	0.01097	0.00544	0.00535	0.00111	0.00529	0.00436	0.00433	0.76357
5	0.01237	0.00618	0.00928	0.00928	0.00928	0.00618	0.00618	0.00928	0.00928	0.01237	0.01237	0.02165	0.01237	0.02474	0.02783	0.79283	0.00618	0.00618	0.00309	0.00309
6	0.01457	0.06450	0.66490	0.02071	0.05135	0.01701	0.02561	0.02248	0.01505	0.02234	0.01268	0.01497	0.00910	0.00673	0.00669	0.00222	0.01034	0.00524	0.00302	0.01049
7	0.80005	0.01377	0.01047	0.00936	0.01377	0.01597	0.00771	0.02093	0.01212	0.03195	0.00991	0.01157	0.00771	0.00661	0.00441	0.00220	0.00551	0.00386	0.00441	0.00771
8	0.03126	0.01322	0.01721	0.01319	0.01873	0.01211	0.01090	0.12618	0.02223	0.61617	0.02654	0.02323	0.01685	0.00878	0.00716	0.00219	0.00631	0.00705	0.00857	0.01212
9	0.00967	0.00726	0.00895	0.00853	0.01039	0.00654	0.00640	0.01264	0.01919	0.02626	0.54638	0.05697	0.22382	0.01541	0.00840	0.00228	0.00342	0.01341	0.00754	0.00654
10	0.00970	0.00734	0.00907	0.00938	0.01115	0.00671	0.00730	0.01234	0.01745	0.02301	0.29382	0.13301	0.26227	0.01753	0.00878	0.00258	0.00419	0.15093	0.00705	0.00637
11	0.01017	0.00763	0.01144	0.01144	0.01272	0.00890	0.00890	0.01272	0.01144	0.01653	0.01907	0.02797	0.01780	0.05340	0.72153	0.01144	0.01907	0.00763	0.00381	0.00636
12	0.01614	0.01580	0.02807	0.26937	0.40443	0.01669	0.10413	0.02077	0.01564	0.02153	0.01328	0.01827	0.01063	0.00656	0.00724	0.00224	0.00925	0.00660	0.00342	0.00996
13	0.01345	0.01266	0.02136	0.73264	0.04904	0.01582	0.01978	0.01819	0.01424	0.01819	0.01266	0.01898	0.00949	0.00712	0.00712	0.00237	0.00949	0.00633	0.00316	0.00791
14	0.02660	0.03394	0.02018	0.01834	0.02201	0.72116	0.01376	0.02843	0.02018	0.01743	0.01101	0.01284	0.00917	0.00734	0.00642	0.00183	0.01284	0.00459	0.00367	0.00825
15	0.02399	0.01404	0.01684	0.01270	0.01850	0.01274	0.01036	0.16053	0.04605	0.29215	0.02011	0.01932	0.01401	0.00747	0.00645	0.00177	0.00611	0.00594	0.00669	0.30423
16	0.02730	0.01957	0.02114	0.01621	0.02190	0.02153	0.01339	0.65091	0.03286	0.07644	0.01762	0.01743	0.01237	0.00856	0.00713	0.00214	0.00775	0.00645	0.00720	0.01211
17	0.00994	0.00739	0.00864	0.00824	0.01038	0.00649	0.00621	0.01254	0.01831	0.04421	0.38464	0.05958	0.36560	0.01603	0.00837	0.00232	0.00356	0.01372	0.00729	0.00654
18	0.02038	0.01596	0.01721	0.01463	0.01885	0.01785	0.01156	0.30748	0.31418	0.03452	0.02541	0.12642	0.02131	0.01102	0.00746	0.00237	0.00635	0.00912	0.00710	0.01083
19	0.01558	0.01558	0.02181	0.01869	0.01869	0.02181	0.01558	0.01714	0.01091	0.01714	0.00935	0.01558	0.00935	0.01246	0.02337	0.00312	0.73672	0.00623	0.00312	0.00779
20	0.00945	0.00684	0.00882	0.00933	0.01045	0.00635	0.00664	0.01163	0.01650	0.02251	0.31928	0.34297	0.10068	0.05687	0.01021	0.00281	0.00401	0.04150	0.00700	0.00615
21	0.01447	0.06498	0.68635	0.01998	0.03033	0.01699	0.02575	0.02250	0.01501	0.02232	0.01267	0.01489	0.00902	0.00674	0.00668	0.00223	0.01041	0.00520	0.00301	0.01047
22	0.01046	0.00788	0.01167	0.01156	0.01279	0.00930	0.00902	0.01300	0.01153	0.01686	0.01885	0.02748	0.01751	0.05052	0.67403	0.01084	0.04445	0.00755	0.02827	0.00642
23	0.01315	0.00668	0.00683	0.00683	0.00847	0.00673	0.00513	0.01644	0.01480	0.02615	0.02307	0.02660	0.01823	0.01007	0.03310	0.00204	0.00394	0.00668	0.75846	0.00663
24	0.01771	0.01530	0.01610	0.01449	0.01852	0.01771	0.01127	0.03784	0.69247	0.02979	0.02898	0.02657	0.02174	0.00966	0.00725	0.00242	0.00564	0.00805	0.00725	0.01127
25	0.01771	0.01530	0.01610	0.01449	0.01852	0.01771	0.01127	0.03784	0.69247	0.02979	0.02898	0.02657	0.02174	0.00966	0.00725	0.00242	0.00564	0.00805	0.00725	0.01127
26	0.00868	0.00620	0.00826	0.00991	0.01033	0.00578	0.00661	0.00991	0.01363	0.01818	0.03925	0.74510	0.04710	0.02231	0.00909	0.00289	0.00413	0.02024	0.00661	0.00578
27	0.01428	0.03683	0.71286	0.02030	0.03082	0.01654	0.02631	0.02255	0.01503	0.02255	0.01278	0.01503	0.00902	0.00677	0.00677	0.00226	0.01052	0.00526	0.00301	0.01052
28	0.01345	0.01266	0.02136	0.73264	0.04904	0.01582	0.01978	0.01819	0.01424	0.01819	0.01266	0.01898	0.00949	0.00712	0.00712	0.00237	0.00949	0.00633	0.00316	0.00791
29	0.00868	0.00620	0.00826	0.00991	0.01033	0.00578	0.00661	0.00991	0.01363	0.01818	0.03925	0.74510	0.04710	0.02231	0.00909	0.00289	0.00413	0.02024	0.00661	0.00578
30	0.80005	0.01377	0.01047	0.00936	0.01377	0.01597	0.00771	0.02093	0.01212	0.03195	0.00991	0.01157	0.00771	0.00661	0.00441	0.00220	0.00551	0.00386	0.00441	0.00771
31	0.00868	0.00620	0.00826	0.00991	0.01033	0.00578	0.00661	0.00991	0.01363	0.01818	0.03925	0.74510	0.04710	0.02231	0.00909	0.00289	0.00413	0.02024	0.00661	0.00578
32	0.65799	0.01564	0.06576	0.01123	0.01629	0.01573	0.03581	0.02205	0.01308	0.07605	0.01152	0.01298	0.00859	0.00674	0.00493	0.00222	0.00618	0.00436	0.00456	0.00829
33	0.01766	0.01948	0.07415	0.13642	0.45408	0.09368	0.02066	0.02185	0.01600	0.02153	0.01277	0.01701	0.01054	0.00691	0.00783	0.00218	0.04750	0.00607	0.00343	0.01023
34	0.00950	0.00742	0.00887	0.01010	0.01084	0.03314	0.00691	0.01100	0.01443	0.01896	0.09115	0.61248	0.07292	0.02194	0.03148	0.00305	0.00485	0.01846	0.00651	0.00598
35	0.02707	0.01995	0.02137	0.01638	0.02208	0.02208	0.01353	0.68159	0.03348	0.04488	0.01710	0.01710	0.01211	0.00855	0.00712	0.00214	0.00784	0.00641	0.00712	0.01211
36	0.01920	0.01603	0.01694	0.01479	0.01908	0.01840	0.01163	0.13994	0.58795	0.03218	0.02710	0.02506	0.02021	0.00948	0.00723	0.00237	0.00598	0.00779	0.00723	0.01140
37	0.01602	0.21634	0.36743	0.02144	0.13022	0.01928	0.03803	0.02223	0.03540	0.02162	0.03994	0.01646	0.01213	0.00690	0.00637	0.00205	0.00907	0.00552	0.00343	0.01013
38	0.00986	0.00737	0.00907	0.00885	0.01052	0.00682	0.00649	0.01304	0.03855	0.02500	0.45818	0.13177	0.18001	0.05079	0.00976	0.00257	0.00373	0.01383	0.00729	0.00651
39	0.02707	0.01995	0.02137	0.01638	0.02208	0.02208	0.01353	0.68159	0.03348	0.04488	0.01710	0.01710	0.01211	0.00855	0.00712	0.00214	0.00784	0.00641	0.00712	0.01211
40	0.01674	0.01601	0.02730	0.19013	0.56585	0.01669	0.02141	0.02108	0.01579	0.02219	0.01324	0.01791	0.01090	0.00651	0.00706	0.00217	0.00868	0.00634	0.00345	0.01056
41	0.02324	0.01896	0.02034	0.01929	0.11693	0.08182	0.01362	0.39532	0.09775	0.03556	0.01788	0.01934	0.01359	0.03063	0.00779	0.00225	0.00780	0.00655	0.06043	0.01094
42	0.01463	0.01361	0.02256	0.59568	0.15256	0.01623	0.01987	0.04398	0.01528	0.02001	0.01294	0.01870	0.00988	0.00705	0.00711	0.00232	0.00926	0.00633	0.00337	0.00861
43	0.03195	0.01212	0.01652	0.01267	0.01818	0.01047	0.01047	0.03470	0.02038	0.71026	0.02809	0.02424	0.01763	0.00881	0.00716	0.00220	0.00606	0.00716	0.00881	0.01212
44	0.02739	0.01942	0.02105	0.01614	0.02182	0.02131	0.01333	0.63851	0.03261	0.08919	0.01783	0.01757	0.01248	0.00857	0.00713	0.00214	0.00772	0.00646	0.00724	0.01211
45	0.01713	0.01061	0.04519	0.01105	0.01433	0.00897	0.00902	0.03952	0.04574	0.22550	0.28747	0.14630	0.08255	0.01353	0.00798	0.00234	0.00484	0.01172	0.00759	0.00862
46	0.01233	0.00900	0.01256	0.01445	0.04240	0.00909	0.01197	0.04133	0.01706	0.02232	0.03593	0.07534	0.03866	0.01870	0.00962	0.00319	0.00668	0.60594	0.00646	0.00696
47	0.80005	0.01377	0.01047	0.00936	0.01377	0.01597	0.00771	0.02093	0.01212	0.03195	0.00991	0.01157	0.00771	0.00661	0.00441	0.00220	0.00551	0.00386	0.00441	0.00771
48	0.00867	0.00623	0.00822	0.00982	0.01030	0.00579	0.00657	0.00993	0.01373	0.01822	0.04046	0.72020	0.07122	0.02215	0.00906	0.00287	0.00411	0.02005	0.00661	0.00579
49	0.01345	0.01266	0.02136	0.73264	0.04904	0.01582	0.01978	0.01819	0.01424	0.01819	0.01266	0.01898	0.00949	0.00712	0.00712	0.00237	0.00949	0.00633	0.00316	0.00791
50	0.01009	0.00726	0.00944	0.00891	0.01052	0.00673	0.00662	0.01331	0.01975	0.02794	0.67311	0.05291	0.06546	0.04538	0.00957	0.00244	0.00351	0.01277	0.00769	0.00662
51	0.01735	0.01492	0.01579	0.01423	0.01814	0.01719	0.01105	0.03668	0.66058	0.02973	0.06088	0.02783	0.02389	0.00989	0.00730	0.00241	0.00553	0.00828	0.00727	0.01105
52	0.01717	0.01646	0.02809	0.11825	0.63432	0.01680	0.02163	0.02146	0.01600	0.02271	0.01331	0.01777	0.01109	0.00643	0.00706	0.00214	0.00857	0.00634	0.00349	0.01091
53	0.02633	0.23986	0.02526	0.01421	0.02003	0.01790	0.05774	0.11403	0.02004	0.36452	0.02016	0.01905	0.01385	0.00775	0.00645	0.00200	0.00718	0.00613	0.00647	0.01103
54	0.01178	0.00766	0.01006	0.00925	0.01123	0.00701	0.00701	0.01510	0.02017	0.08171	0.64907	0.05093	0.06332	0.01411	0.00830	0.00224	0.00357	0.01243	0.00791	0.00714
55	0.01734	0.01785	0.05657	0.10932	0.59237	0.03795	0.02159	0.02172	0.01609	0.02256	0.01322	0.01750	0.01095	0.00647	0.00703	0.00214	0.00878	0.00624	0.00347	0.01083
56	0.01868	0.70034	0.08789	0.01279	0.01922	0.02730	0.01324	0.02141	0.01451	0.01719	0.01012	0.01169	0.00913	0.00614	0.00473	0.00158	0.00783	0.00392	0.00304	0.00924
57	0.01021	0.00747	0.01061	0.01061	0.01160	0.00845	0.00787	0.01218	0.01120	0.01592	0.01983	0.03218	0.01963	0.21060	0.56683	0.01042	0.01633	0.00824	0.00393	0.00590
58	0.01489	0.01276	0.01482	0.01071	0.01694	0.00983	0.00855	0.01874	0.04228	0.02347	0.01332	0.01524	0.01100	0.00545	0.00535	0.00111	0.00529	0.00437	0.00434	0.76154
59	0.01837	0.30057	0.02593	0.01494	0.01875	0.19185	0.06049	0.02043	0.01529	0.01736	0.01532	0.11291	0.01563	0.06679	0.01004	0.00241	0.07385	0.00724	0.00382	0.00802
60	0.80005	0.01377	0.01047	0.00936	0.01377	0.01597	0.00771	0.02093	0.01212	0.03195	0.00991	0.01157	0.00771	0.00661	0.00441	0.00220	0.00551	0.00386	0.00441	0.00771
61	0.01771	0.01530	0.01610	0.01449	0.01852	0.01771	0.01127	0.03784	0.69247	0.02979	0.02898	0.02657	0.02174	0.00966	0.00725	0.00242	0.00564	0.00805	0.00725	0.01127
62	0.01477	0.01266	0.01477	0.01055	0.01687	0.00949	0.00844	0.01793	0.01477	0.02320	0.01266	0.01477	0.01055	0.00527	0.00527	0.00105	0.00527	0.00422	0.00422	0.79328
63	0.01008	0.00728	0.00952	0.00896	0.01064	0.00672	0.00672	0.01344	0.02016	0.02855	0.70158	0.05319	0.06719	0.01456	0.00840	0.00224	0.00336	0.01288	0.00784	0.00672
64	0.01420	0.01490	0.03039	0.02316	0.02793	0.01424	0.43642	0.01856	0.01565	0.02119	0.02227	0.23458	0.02238	0.01147	0.00919	0.00260	0.03564	0.03237	0.00456	0.00832
65	0.00875	0.00723	0.00767	0.00756	0.00982	0.00615	0.00567	0.01086	0.01701	0.02108	0.19703	0.06548	0.57640	0.01734	0.00841	0.00237	0.00356	0.01460	0.00686	0.00615
66	0.02722	0.01970	0.02122	0.01627	0.02196	0.02173	0.01344	0.66174	0.03308	0.06529	0.01743	0.01731	0.01228	0.00856	0.00712	0.00214	0.00778	0.00643	0.00718	0.01211
67	0.01028	0.00737	0.00863	0.00858	0.01051	0.00655	0.00637	0.01241	0.01673	0.05400	0.22162	0.14011	0.35016	0.06799	0.01043	0.00277	0.00410	0.04815	0.00687	0.00637
68	0.01904	0.75404	0.03731	0.01218	0.01828	0.02818	0.01218	0.02132	0.01447	0.01675	0.00990	0.01142	0.00914	0.00609	0.00457	0.00152	0.00761	0.00381	0.00305	0.00914
69	0.00991	0.00727	0.00929	0.00879	0.01054	0.00665	0.00659	0.01312	0.01977	0.02764	0.63948	0.05470	0.12986	0.01490	0.00840	0.00226	0.00338	0.01309	0.00772	0.00665
70	0.01639	0.01402	0.01470	0.01326	0.01705	0.01577	0.01030	0.05658	0.54690	0.02845	0.03629	0.03375	0.14350	0.01112	0.00745	0.00240	0.00535	0.00924	0.00713	0.01036
71	0.01359	0.01281	0.02162	0.70849	0.07204	0.01586	0.01985	0.01832	0.01431	0.01837	0.01268	0.01894	0.00955	0.00709	0.00712	0.00236	0.00946	0.00633	0.00318	0.00803
72	0.01706	0.01625	0.02764	0.09560	0.62765	0.01649	0.02129	0.02129	0.01607	0.02280	0.01429	0.02019	0.01231	0.00693	0.00716	0.00218	0.00846	0.03189	0.00362	0.01083
73	0.01768	0.04608	0.02924	0.04246	0.67815	0.01736	0.02147	0.02183	0.01614	0.02301	0.01326	0.01738	0.01119	0.00633	0.00695	0.00209	0.00843	0.00624	0.00351	0.01119
74	0.01700	0.01817	0.03240	0.05803	0.19820	0.04800	0.31028	0.02132	0.01534	0.02121	0.01278	0.01771	0.01047	0.00767	0.01137	0.00247	0.17749	0.00715	0.00346	0.00948
75	0.01810	0.01781	0.02844	0.04237	0.66942	0.05393	0.02143	0.02220	0.01642	0.02296	0.01327	0.01737	0.01117	0.00640	0.00702	0.00210	0.00869	0.00625	0.00353	0.01112
76	0.00887	0.00634	0.00849	0.01014	0.01064	0.00595	0.00695	0.01026	0.01383	0.01840	0.03914	0.69818	0.04666	0.02212	0.00914	0.00292	0.00430	0.06522	0.00661	0.00584
77	0.01367	0.01288	0.02175	0.69643	0.08353	0.01588	0.01988	0.01839	0.01434	0.01846	0.01269	0.01891	0.00959	0.00708	0.00712	0.00236	0.00944	0.00633	0.00318	0.00809
78	0.00868	0.00620	0.00826	0.00991	0.01033	0.00578	0.00661	0.00991	0.01363	0.01818	0.03925	0.74510	0.04710	0.02231	0.00909	0.00289	0.00413	0.02024	0.00661	0.00578
79	0.01904	0.75404	0.03731	0.01218	0.01828	0.02818	0.01218	0.02132	0.01447	0.01675	0.00990	0.01142	0.00914	0.00609	0.00457	0.00152	0.00761	0.00381	0.00305	0.00914
80	0.80005	0.01377	0.01047	0.00936	0.01377	0.01597	0.00771	0.02093	0.01212	0.03195	0.00991	0.01157	0.00771	0.00661	0.00441	0.00220	0.00551	0.00386	0.00441	0.00771
81	0.00843	0.00718	0.00725	0.00731	0.00964	0.00600	0.00545	0.01021	0.01614	0.01920	0.07095	0.09292	0.67882	0.01819	0.00844	0.00242	0.00363	0.01522	0.00661	0.00600
82	0.00889	0.00713	0.00794	0.00796	0.00996	0.00618	0.00588	0.01105	0.01701	0.02162	0.23745	0.13416	0.46463	0.01754	0.00848	0.00241	0.00359	0.01499	0.00694	0.00618
83	0.01519	0.01444	0.02451	0.44501	0.32304	0.01628	0.02064	0.01972	0.01506	0.02031	0.01296	0.01842	0.01024	0.00680	0.00709	0.00227	0.00906	0.00633	0.00331	0.00932
84	0.01771	0.01530	0.01610	0.01449	0.01852	0.01771	0.01127	0.03784	0.69247	0.02979	0.02898	0.02657	0.02174	0.00966	0.00725	0.00242	0.00564	0.00805	0.00725	0.01127
85	0.01008	0.00728	0.00952	0.00896	0.01064	0.00672	0.00672	0.01344	0.02016	0.02855	0.70158	0.05319	0.06719	0.01456	0.00840	0.00224	0.00336	0.01288	0.00784	0.00672
86	0.00848	0.00697	0.00747	0.00787	0.00979	0.00596	0.00570	0.01015	0.01560	0.01898	0.06418	0.23223	0.54388	0.01907	0.00858	0.00252	0.00373	0.01629	0.00661	0.00596
87	0.02085	0.01537	0.01677	0.01445	0.01888	0.01717	0.01142	0.11156	0.51934	0.12993	0.02748	0.02514	0.02003	0.00941	0.00722	0.00235	0.00595	0.00773	0.00746	0.01149
88	0.00868	0.00620	0.00826	0.00991	0.01033	0.00578	0.00661	0.00991	0.01363	0.01818	0.03925	0.74510	0.04710	0.02231	0.00909	0.00289	0.00413	0.02024	0.00661	0.00578
89	0.43120	0.03772	0.01373	0.01156	0.01577	0.07689	0.00932	0.07398	0.08204	0.02906	0.01576	0.06554	0.01382	0.00861	0.00568	0.00218	0.00634	0.03304	0.00502	0.06275
90	0.01327	0.00664	0.00664	0.00664	0.00830	0.00664	0.00498	0.01659	0.01493	0.02655	0.02323	0.02655	0.01825	0.00830	0.00498	0.00166	0.00332	0.00664	0.78928	0.00664
91	0.02597	0.03237	0.01988	0.01800	0.02165	0.66688	0.01356	0.05220	0.02033	0.01842	0.01155	0.01360	0.00962	0.00921	0.03474	0.00223	0.01290	0.00477	0.00380	0.00832
92	0.01345	0.01266	0.02136	0.73264	0.04904	0.01582	0.01978	0.01819	0.01424	0.01819	0.01266	0.01898	0.00949	0.00712	0.00712	0.00237	0.00949	0.00633	0.00316	0.00791
93	0.01327	0.00664	0.00664	0.00664	0.00830	0.00664	0.00498	0.01659	0.01493	0.02655	0.02323	0.02655	0.01825	0.00830	0.00498	0.00166	0.00332	0.00664	0.78928	0.00664
94	0.65420	0.01358	0.03613	0.00937	0.01360	0.01461	0.00800	0.02035	0.01264	0.03080	0.01199	0.01392	0.00932	0.00687	0.00458	0.00212	0.00537	0.00432	0.12058	0.00766
95	0.05546	0.07962	0.53243	0.01804	0.02670	0.01607	0.02216	0.02125	0.01515	0.02271	0.03684	0.02290	0.01426	0.00836	0.00688	0.00231	0.00941	0.07610	0.00362	0.00973
96	0.01646	0.01436	0.03576	0.01164	0.01800	0.01144	0.00966	0.11016	0.01737	0.02619	0.01328	0.01510	0.01072	0.00577	0.00557	0.00124	0.00578	0.00455	0.00459	0.66237
97	0.02831	0.01328	0.01671	0.01321	0.01836	0.01272	0.01078	0.10455	0.12742	0.50411	0.05372	0.02497	0.01964	0.00915	0.00722	0.00223	0.00608	0.00745	0.00834	0.01177
98	0.13802	0.01240	0.01528	0.01209	0.01722	0.01155	0.00990	0.03144	0.06515	0.51274	0.05231	0.02341	0.01824	0.00865	0.00675	0.00217	0.00581	0.00687	0.00786	0.04212
99	0.03977	0.09807	0.54955	0.02040	0.02993	0.01774	0.10315	0.02242	0.01510	0.02236	0.01263	0.01510	0.00920	0.00661	0.00669	0.00221	0.01028	0.00547	0.00313	0.01020
100	0.04624	0.01515	0.01594	0.01280	0.01706	0.01655	0.01040	0.43121	0.02641	0.03814	0.01899	0.02019	0.01410	0.00840	0.00630	0.00197	0.00620	0.00641	0.27747	0.01008
101	0.00874	0.00723	0.00767	0.00756	0.00982	0.00615	0.00567	0.01086	0.01701	0.02108	0.19668	0.06549	0.57675	0.01735	0.00841	0.00237	0.00356	0.01460	0.00685	0.00615
102	0.01032	0.00704	0.00848	0.00848	0.00872	0.00729	0.00520	0.01081	0.01057	0.01433	0.02179	0.04300	0.02433	0.61524	0.16862	0.00778	0.00925	0.00983	0.00422	0.00471
103	0.02707	0.01995	0.02137	0.01638	0.02208	0.02208	0.01353	0.68159	0.03348	0.04488	0.01710	0.01710	0.01211	0.00855	0.00712	0.00214	0.00784	0.00641	0.00712	0.01211
104	0.02444	0.11235	0.09721	0.01789	0.02256	0.56954	0.01495	0.02702	0.01900	0.01791	0.01108	0.01293	0.00915	0.00714	0.00626	0.00185	0.01202	0.00457	0.00353	0.00860
105	0.01036	0.00690	0.00777	0.00777	0.00777	0.00690	0.00431	0.01036	0.01036	0.01381	0.02244	0.04660	0.02589	0.74975	0.03624	0.00690	0.00690	0.01036	0.00431	0.00431
106	0.02669	0.01976	0.02116	0.01631	0.02194	0.02190	0.01344	0.65546	0.06023	0.04426	0.01758	0.01748	0.01250	0.00859	0.00713	0.00215	0.00775	0.00648	0.00713	0.01208
107	0.00889	0.00647	0.00841	0.00970	0.01047	0.00599	0.00670	0.01046	0.01458	0.01935	0.10314	0.59291	0.10907	0.02110	0.00899	0.00280	0.00411	0.04421	0.00672	0.00592
108	0.00875	0.00625	0.00833	0.00986	0.01034	0.00583	0.00662	0.01010	0.01398	0.01872	0.07405	0.70874	0.04815	0.02190	0.00905	0.00286	0.00409	0.01986	0.00667	0.00583
109	0.00868	0.00620	0.00826	0.00991	0.01033	0.00578	0.00661	0.00991	0.01363	0.01818	0.03925	0.74510	0.04710	0.02231	0.00909	0.00289	0.00413	0.02024	0.00661	0.00578
110	0.04174	0.01631	0.01716	0.01458	0.01903	0.01852	0.01159	0.23984	0.43354	0.03446	0.02443	0.02316	0.01815	0.00916	0.00702	0.00229	0.00622	0.00735	0.04422	0.01122
111	0.01476	0.10900	0.64488	0.01948	0.02956	0.01771	0.02489	0.02243	0.01498	0.02197	0.01249	0.01467	0.00903	0.00670	0.00654	0.00218	0.01023	0.00512	0.00301	0.01038
112	0.01532	0.10560	0.59644	0.01977	0.02948	0.04563	0.04733	0.02267	0.01524	0.02179	0.01249	0.01474	0.00910	0.00670	0.00660	0.00217	0.01039	0.00520	0.00306	0.01027

[dist]
# distance from previous block
# <min> <max>
0	1

[block]
# block no. 2 follows, 29 sequences, length 21
# corresponding to MSA columns:
# 306-326
name=unknown_C
#
# <colnr> <probs for GDERKNQSTAVLIFYWHMCP>
#	G	D	E	R	K	N	Q	S	T	A	V	L	I	F	Y	W	H	M	C	P
0	0.01478	0.01299	0.01659	0.06126	0.02011	0.01036	0.04292	0.01819	0.01483	0.02284	0.01274	0.01528	0.01049	0.00544	0.00556	0.00121	0.00590	0.00457	0.00412	0.69983
1	0.00879	0.00711	0.00782	0.00789	0.00991	0.00613	0.00582	0.01086	0.01676	0.02107	0.20067	0.14217	0.49450	0.01779	0.00849	0.00243	0.00361	0.01517	0.00687	0.00613
2	0.01516	0.05528	0.53069	0.02444	0.13495	0.01709	0.07878	0.02242	0.01534	0.02250	0.01291	0.01566	0.00952	0.00662	0.00687	0.00222	0.01023	0.00564	0.00314	0.01052
3	0.01428	0.03683	0.71286	0.02030	0.03082	0.01654	0.02631	0.02255	0.01503	0.02255	0.01278	0.01503	0.00902	0.00677	0.00677	0.00226	0.01052	0.00526	0.00301	0.01052
4	0.01644	0.01348	0.01656	0.01195	0.01824	0.01086	0.03926	0.06861	0.01648	0.05130	0.01366	0.01551	0.01095	0.00569	0.00563	0.00124	0.00580	0.00469	0.00459	0.66908
5	0.01634	0.26896	0.46570	0.01750	0.02640	0.02054	0.02121	0.04872	0.01559	0.02157	0.01202	0.01394	0.00918	0.00662	0.00607	0.00201	0.00947	0.00484	0.00319	0.01014
6	0.01183	0.00983	0.01067	0.01000	0.01274	0.00995	0.00763	0.01992	0.23440	0.02504	0.22169	0.05107	0.31894	0.01444	0.00804	0.00237	0.00419	0.01223	0.00713	0.00788
7	0.00855	0.00702	0.00753	0.00782	0.00980	0.00600	0.00570	0.01032	0.01593	0.01950	0.09749	0.19653	0.54580	0.01867	0.00854	0.00249	0.00369	0.01591	0.00667	0.00600
8	0.02188	0.48517	0.03102	0.01434	0.01967	0.23784	0.01275	0.06896	0.01751	0.01889	0.01073	0.01224	0.00935	0.00664	0.00531	0.00166	0.00921	0.00422	0.00352	0.00907
9	0.01056	0.00766	0.01035	0.01183	0.01327	0.00745	0.00980	0.01324	0.01577	0.02041	0.04144	0.22585	0.10759	0.02009	0.00953	0.00311	0.00573	0.45343	0.00657	0.00633
10	0.80005	0.01377	0.01047	0.00936	0.01377	0.01597	0.00771	0.02093	0.01212	0.03195	0.00991	0.01157	0.00771	0.00661	0.00441	0.00220	0.00551	0.00386	0.00441	0.00771
11	0.01220	0.00802	0.01003	0.00952	0.01142	0.00757	0.00712	0.01555	0.04810	0.08224	0.38291	0.07318	0.11653	0.12047	0.01238	0.00303	0.00449	0.06118	0.00713	0.00692
12	0.01132	0.00920	0.01038	0.01044	0.01286	0.00918	0.00821	0.01768	0.17062	0.02264	0.09514	0.10704	0.31801	0.01653	0.00850	0.00262	0.00472	0.15074	0.00683	0.00736
13	0.01094	0.00754	0.00882	0.00862	0.00911	0.00777	0.00538	0.03777	0.01164	0.01563	0.02340	0.04349	0.04681	0.59627	0.13166	0.00721	0.00856	0.00996	0.00443	0.00498
14	0.73371	0.01572	0.06977	0.01029	0.01521	0.01602	0.00928	0.02107	0.01236	0.03115	0.01016	0.01186	0.00782	0.00662	0.00461	0.00221	0.00593	0.00397	0.00429	0.00795
15	0.03980	0.22088	0.35924	0.01942	0.04661	0.05978	0.09585	0.04166	0.01587	0.02171	0.01217	0.01448	0.00938	0.00657	0.00631	0.00205	0.00978	0.00523	0.00330	0.00991
16	0.11166	0.42474	0.08803	0.01554	0.06668	0.07553	0.01370	0.06725	0.04090	0.02192	0.01166	0.01322	0.00977	0.00662	0.00532	0.00180	0.00800	0.00450	0.00371	0.00945
17	0.04589	0.04868	0.02503	0.03431	0.51174	0.01590	0.01795	0.02141	0.04008	0.04796	0.01735	0.02219	0.04079	0.06979	0.00937	0.00252	0.00780	0.00692	0.00406	0.01028
18	0.01515	0.01169	0.03549	0.01598	0.12802	0.03561	0.01015	0.05196	0.01614	0.09856	0.09507	0.15693	0.07487	0.20481	0.01522	0.00353	0.00639	0.01101	0.00568	0.00771
19	0.07306	0.04377	0.09923	0.04439	0.23887	0.09709	0.01689	0.12429	0.08294	0.02625	0.01576	0.04983	0.01310	0.00814	0.00742	0.00220	0.03547	0.00657	0.00455	0.01020
20	0.12739	0.01748	0.01845	0.03753	0.05121	0.04713	0.01251	0.31404	0.16140	0.03486	0.04603	0.01957	0.01539	0.00863	0.00735	0.00221	0.03404	0.00652	0.00616	0.03211

[dist]
# distance from previous block
# <min> <max>
2	13

[block]
# block no. 3 follows, 29 sequences, length 67
# corresponding to MSA columns:
# 340-406
name=unknown_D
#
# <colnr> <probs for GDERKNQSTAVLIFYWHMCP>
#	G	D	E	R	K	N	Q	S	T	A	V	L	I	F	Y	W	H	M	C	P
0	0.01613	0.28738	0.33438	0.01598	0.02331	0.01913	0.01832	0.02126	0.01523	0.04371	0.01631	0.02463	0.01453	0.00868	0.00649	0.00216	0.00869	0.11042	0.00379	0.00944
1	0.05337	0.29767	0.43275	0.01681	0.02543	0.02076	0.02027	0.02202	0.01469	0.02088	0.01159	0.01355	0.00900	0.00651	0.00585	0.00199	0.00922	0.00466	0.00309	0.00988
2	0.01867	0.51367	0.15039	0.01410	0.02052	0.07217	0.01454	0.05310	0.01583	0.01920	0.01210	0.04449	0.01092	0.00712	0.00539	0.00176	0.00833	0.00495	0.00343	0.00931
3	0.01888	0.60871	0.12876	0.01370	0.02024	0.07185	0.01422	0.02195	0.01492	0.01759	0.01037	0.01201	0.00912	0.00627	0.00499	0.00164	0.00835	0.00406	0.00308	0.00927
4	0.01785	0.53743	0.18459	0.01412	0.02086	0.05118	0.01513	0.02140	0.01478	0.01812	0.01178	0.04245	0.01067	0.00696	0.00531	0.00175	0.00831	0.00483	0.00321	0.00927
5	0.10911	0.10120	0.04730	0.01316	0.01885	0.01518	0.01150	0.13261	0.02066	0.42629	0.02173	0.01993	0.01439	0.00814	0.00655	0.00212	0.00664	0.00623	0.00718	0.01124
6	0.01879	0.01417	0.03783	0.01334	0.01679	0.01442	0.01063	0.32570	0.04856	0.03018	0.02108	0.17629	0.01998	0.01486	0.01188	0.17020	0.00660	0.00932	0.00594	0.03342
7	0.00855	0.00722	0.00740	0.00736	0.00970	0.00607	0.00552	0.01048	0.01655	0.02000	0.12353	0.06728	0.65057	0.01775	0.00841	0.00239	0.00359	0.01485	0.00671	0.00607
8	0.01862	0.68234	0.03513	0.01203	0.01814	0.02637	0.01182	0.02099	0.01450	0.01738	0.01017	0.01175	0.00927	0.00601	0.00464	0.00148	0.00739	0.00385	0.00316	0.08497
9	0.01020	0.00638	0.00869	0.00959	0.00996	0.00614	0.00648	0.00998	0.01211	0.01604	0.02983	0.38631	0.05641	0.08098	0.01766	0.27235	0.00515	0.04573	0.00523	0.00480
10	0.01664	0.39281	0.37755	0.01627	0.02459	0.02231	0.01930	0.02194	0.01475	0.01967	0.01135	0.01324	0.00908	0.00643	0.00568	0.00189	0.00908	0.00454	0.00303	0.00984
11	0.01970	0.69119	0.03582	0.01272	0.01860	0.08865	0.01232	0.02194	0.01497	0.01681	0.01000	0.01155	0.00914	0.00620	0.00473	0.00155	0.00807	0.00388	0.00310	0.00906
12	0.01539	0.01532	0.02972	0.23665	0.11226	0.01580	0.30949	0.02012	0.03413	0.02043	0.01394	0.01947	0.01097	0.00874	0.01019	0.09808	0.00998	0.00728	0.00350	0.00855
13	0.00875	0.00623	0.00824	0.00983	0.01022	0.00583	0.00651	0.00993	0.01350	0.01800	0.03855	0.71607	0.04621	0.05255	0.01022	0.00306	0.00425	0.01983	0.00651	0.00572
14	0.01113	0.00900	0.01311	0.01256	0.01355	0.01109	0.00988	0.01339	0.01130	0.01652	0.01750	0.02660	0.01666	0.07662	0.56838	0.00978	0.14517	0.00750	0.00371	0.00652
15	0.01036	0.00690	0.00777	0.00777	0.00777	0.00690	0.00431	0.01036	0.01036	0.01381	0.02244	0.04660	0.02589	0.74975	0.03624	0.00690	0.00690	0.01036	0.00431	0.00431
16	0.01466	0.01266	0.01529	0.06825	0.01945	0.01000	0.00934	0.01795	0.01472	0.02280	0.01266	0.01510	0.01046	0.00542	0.00542	0.00116	0.00561	0.00439	0.00413	0.73053
17	0.06677	0.01291	0.01492	0.04253	0.01794	0.01131	0.00928	0.07081	0.01593	0.02513	0.01402	0.03661	0.01184	0.00655	0.00606	0.00142	0.02668	0.00510	0.04296	0.56124
18	0.04567	0.08951	0.47423	0.02106	0.05230	0.01730	0.12533	0.02203	0.01540	0.02275	0.04062	0.01689	0.01169	0.00689	0.00683	0.00221	0.00996	0.00592	0.00337	0.01003
19	0.01607	0.15009	0.39663	0.04081	0.02505	0.03791	0.01915	0.02181	0.01610	0.07363	0.09462	0.02146	0.04087	0.00813	0.00667	0.00212	0.00867	0.00640	0.00416	0.00966
20	0.01805	0.01768	0.02809	0.04160	0.65160	0.05042	0.02114	0.02266	0.03732	0.02319	0.01376	0.01767	0.01150	0.00649	0.00703	0.00211	0.00858	0.00631	0.00365	0.01114
21	0.01459	0.02676	0.43155	0.01869	0.02649	0.01453	0.09399	0.02186	0.04590	0.04999	0.11737	0.02624	0.02076	0.00888	0.00743	0.00234	0.00899	0.04953	0.00442	0.00969
22	0.00860	0.00722	0.00747	0.00741	0.00973	0.00609	0.00556	0.01058	0.01667	0.02027	0.14227	0.06682	0.63166	0.01765	0.00841	0.00239	0.00358	0.01479	0.00675	0.00609
23	0.01904	0.75404	0.03731	0.01218	0.01828	0.02818	0.01218	0.02132	0.01447	0.01675	0.00990	0.01142	0.00914	0.00609	0.00457	0.00152	0.00761	0.00381	0.00305	0.00914
24	0.00842	0.00721	0.00721	0.00721	0.00962	0.00601	0.00541	0.01022	0.01623	0.01924	0.07213	0.06853	0.70244	0.01803	0.00842	0.00240	0.00361	0.01503	0.00661	0.00601
25	0.02707	0.01995	0.02137	0.01638	0.02208	0.02208	0.01353	0.68159	0.03348	0.04488	0.01710	0.01710	0.01211	0.00855	0.00712	0.00214	0.00784	0.00641	0.00712	0.01211
26	0.01762	0.01692	0.02890	0.04371	0.70533	0.01692	0.02185	0.02185	0.01621	0.02326	0.01339	0.01762	0.01128	0.00634	0.00705	0.00211	0.00846	0.00634	0.00352	0.01128
27	0.01913	0.02162	0.02356	0.01964	0.02202	0.23848	0.10006	0.02142	0.01474	0.01825	0.01068	0.01515	0.00954	0.00968	0.01528	0.00252	0.38223	0.00590	0.00340	0.04669
28	0.00874	0.00726	0.00768	0.00785	0.01009	0.00621	0.00599	0.01070	0.01631	0.01975	0.09412	0.09272	0.60065	0.01817	0.00855	0.00248	0.00385	0.06614	0.00666	0.00608
29	0.01345	0.01266	0.02136	0.73264	0.04904	0.01582	0.01978	0.01819	0.01424	0.01819	0.01266	0.01898	0.00949	0.00712	0.00712	0.00237	0.00949	0.00633	0.00316	0.00791
30	0.01881	0.71994	0.06943	0.01257	0.01887	0.02762	0.01286	0.02138	0.01450	0.01703	0.01004	0.01159	0.00913	0.00612	0.00467	0.00156	0.00775	0.00388	0.00304	0.00920
31	0.01115	0.00844	0.01173	0.05902	0.04789	0.00850	0.01016	0.04022	0.01570	0.02068	0.03619	0.36791	0.06592	0.01889	0.00903	0.00291	0.00568	0.24700	0.00625	0.00673
32	0.00984	0.00719	0.00925	0.00890	0.01054	0.00659	0.00661	0.01292	0.01936	0.02705	0.60306	0.10684	0.11440	0.01541	0.00845	0.00230	0.00344	0.01360	0.00765	0.00659
33	0.01558	0.01558	0.02181	0.01869	0.01869	0.02181	0.01558	0.01714	0.01091	0.01714	0.00935	0.01558	0.00935	0.01246	0.02337	0.00312	0.73672	0.00623	0.00312	0.00779
34	0.00873	0.00652	0.00812	0.00921	0.01019	0.00591	0.00634	0.01026	0.01475	0.01924	0.09900	0.53342	0.20098	0.02071	0.00888	0.00273	0.00395	0.01845	0.00671	0.00591
35	0.01428	0.03683	0.71286	0.02030	0.03082	0.01654	0.02631	0.02255	0.01503	0.02255	0.01278	0.01503	0.00902	0.00677	0.00677	0.00226	0.01052	0.00526	0.00301	0.01052
36	0.00842	0.00721	0.00721	0.00721	0.00962	0.00601	0.00541	0.01022	0.01623	0.01924	0.07213	0.06853	0.70244	0.01803	0.00842	0.00240	0.00361	0.01503	0.00661	0.00601
37	0.01830	0.01523	0.01665	0.01562	0.04675	0.01738	0.01167	0.03705	0.63672	0.05780	0.02830	0.02610	0.02114	0.00949	0.00723	0.00239	0.00577	0.00794	0.00716	0.01131
38	0.00943	0.03840	0.00929	0.00861	0.01095	0.00733	0.00685	0.01150	0.01609	0.01947	0.06195	0.09419	0.52672	0.01800	0.00854	0.00255	0.00434	0.13310	0.00645	0.00623
39	0.02489	0.05244	0.02007	0.01742	0.02131	0.55257	0.01328	0.05650	0.13393	0.02061	0.01425	0.01529	0.01141	0.00774	0.00653	0.00194	0.01126	0.00522	0.00439	0.00895
40	0.02967	0.01300	0.01679	0.01299	0.01826	0.01201	0.01068	0.13361	0.02240	0.55970	0.07312	0.02514	0.02021	0.00917	0.00724	0.00220	0.00615	0.00744	0.00848	0.01174
41	0.01020	0.00790	0.00937	0.00889	0.01097	0.00739	0.00670	0.01444	0.07273	0.02592	0.46326	0.05556	0.24984	0.01519	0.00831	0.00230	0.00361	0.01312	0.00743	0.00688
42	0.01327	0.00664	0.00664	0.00664	0.00830	0.00664	0.00498	0.01659	0.01493	0.02655	0.02323	0.02655	0.01825	0.00830	0.00498	0.00166	0.00332	0.00664	0.78928	0.00664
43	0.05730	0.63191	0.03397	0.01279	0.01851	0.11105	0.01216	0.02216	0.01504	0.01756	0.01003	0.01160	0.00907	0.00627	0.00478	0.00159	0.00814	0.00390	0.00319	0.00896
44	0.01817	0.01393	0.01608	0.01175	0.01790	0.01183	0.00950	0.13880	0.01853	0.07430	0.01452	0.01584	0.01132	0.00611	0.00574	0.00133	0.00579	0.00482	0.00506	0.59871
45	0.16118	0.01822	0.01961	0.08081	0.16412	0.12727	0.01425	0.13805	0.04897	0.10632	0.01634	0.01954	0.01271	0.00797	0.00663	0.00218	0.00812	0.03258	0.00519	0.00993
46	0.01327	0.00664	0.00664	0.00664	0.00830	0.00664	0.00498	0.01659	0.01493	0.02655	0.02323	0.02655	0.01825	0.00830	0.00498	0.00166	0.00332	0.00664	0.78928	0.00664
47	0.01742	0.01671	0.02854	0.07666	0.67394	0.01687	0.02175	0.02168	0.01612	0.02302	0.01336	0.01769	0.01119	0.00638	0.00705	0.00213	0.00851	0.00634	0.00351	0.01112
48	0.80005	0.01377	0.01047	0.00936	0.01377	0.01597	0.00771	0.02093	0.01212	0.03195	0.00991	0.01157	0.00771	0.00661	0.00441	0.00220	0.00551	0.00386	0.00441	0.00771
49	0.00978	0.00709	0.00944	0.01075	0.01188	0.00675	0.00826	0.01199	0.01542	0.02032	0.10141	0.38906	0.10063	0.02031	0.00924	0.00293	0.00489	0.24698	0.00670	0.00616
50	0.01327	0.00664	0.00664	0.00664	0.00830	0.00664	0.00498	0.01659	0.01493	0.02655	0.02323	0.02655	0.01825	0.00830	0.00498	0.00166	0.00332	0.00664	0.78928	0.00664
51	0.00868	0.00620	0.00826	0.00991	0.01033	0.00578	0.00661	0.00991	0.01363	0.01818	0.03925	0.74510	0.04710	0.02231	0.00909	0.00289	0.00413	0.02024	0.00661	0.00578
52	0.05802	0.08826	0.05056	0.03216	0.41203	0.14856	0.03857	0.04878	0.01724	0.02282	0.01262	0.01581	0.01046	0.00661	0.00661	0.00203	0.00920	0.00569	0.00368	0.01030
53	0.01327	0.00664	0.00664	0.00664	0.00830	0.00664	0.00498	0.01659	0.01493	0.02655	0.02323	0.02655	0.01825	0.00830	0.00498	0.00166	0.00332	0.00664	0.78928	0.00664
54	0.76238	0.01369	0.01076	0.00953	0.01399	0.01570	0.00785	0.02161	0.01252	0.06521	0.01081	0.01219	0.00820	0.00672	0.00454	0.00220	0.00554	0.00402	0.00462	0.00793
55	0.02193	0.01401	0.02031	0.01770	0.07515	0.01374	0.11313	0.04718	0.18897	0.27750	0.03006	0.02867	0.09949	0.00950	0.00751	0.00230	0.00680	0.00844	0.00689	0.01072
56	0.02660	0.03394	0.02018	0.01834	0.02201	0.72116	0.01376	0.02843	0.02018	0.01743	0.01101	0.01284	0.00917	0.00734	0.00642	0.00183	0.01284	0.00459	0.00367	0.00825
57	0.00886	0.00628	0.00821	0.00968	0.01004	0.00591	0.00635	0.00996	0.01327	0.01769	0.03737	0.66725	0.04473	0.10339	0.01212	0.00334	0.00444	0.01914	0.00635	0.00562
58	0.02660	0.03394	0.02018	0.01834	0.02201	0.72116	0.01376	0.02843	0.02018	0.01743	0.01101	0.01284	0.00917	0.00734	0.00642	0.00183	0.01284	0.00459	0.00367	0.00825
59	0.01489	0.01290	0.01533	0.01657	0.11274	0.01391	0.01107	0.02703	0.38061	0.02634	0.10004	0.06684	0.14828	0.01173	0.00762	0.00237	0.00538	0.01007	0.00664	0.00965
60	0.23723	0.01729	0.01797	0.11642	0.05287	0.06363	0.01280	0.29227	0.02223	0.05479	0.01449	0.01613	0.01068	0.00764	0.00625	0.00215	0.00757	0.00561	0.03214	0.00983
61	0.02289	0.02147	0.02193	0.09588	0.15347	0.19114	0.01550	0.28595	0.04352	0.03029	0.03895	0.01790	0.01318	0.00793	0.00699	0.00209	0.00913	0.00622	0.00522	0.01036
62	0.01327	0.00664	0.00664	0.00664	0.00830	0.00664	0.00498	0.01659	0.01493	0.02655	0.02323	0.02655	0.01825	0.00830	0.00498	0.00166	0.00332	0.00664	0.78928	0.00664
63	0.05662	0.10753	0.06012	0.01543	0.02031	0.23033	0.01306	0.24157	0.04391	0.02804	0.01980	0.02171	0.07299	0.00895	0.00669	0.00205	0.00888	0.02724	0.00520	0.00958
64	0.01327	0.00664	0.00664	0.00664	0.00830	0.00664	0.00498	0.01659	0.01493	0.02655	0.02323	0.02655	0.01825	0.00830	0.00498	0.00166	0.00332	0.00664	0.78928	0.00664
65	0.20191	0.01737	0.01901	0.03769	0.04142	0.02016	0.01291	0.36302	0.04284	0.03550	0.01428	0.01593	0.01082	0.00866	0.00913	0.00233	0.12535	0.00584	0.00562	0.01022
66	0.01719	0.04363	0.08119	0.10735	0.33855	0.07361	0.04609	0.04306	0.04262	0.02264	0.01671	0.02511	0.01474	0.00837	0.00731	0.00228	0.00885	0.08673	0.00408	0.00990

[dist]
# distance from previous block
# <min> <max>
8	10

[block]
# block no. 4 follows, 29 sequences, length 11
# corresponding to MSA columns:
# 417-427
name=unknown_E
#
# <colnr> <probs for GDERKNQSTAVLIFYWHMCP>
#	G	D	E	R	K	N	Q	S	T	A	V	L	I	F	Y	W	H	M	C	P
0	0.01477	0.01266	0.01477	0.01055	0.01687	0.00949	0.00844	0.01793	0.01477	0.02320	0.01266	0.01477	0.01055	0.00527	0.00527	0.00105	0.00527	0.00422	0.00422	0.79328
1	0.00868	0.00620	0.00826	0.00991	0.01033	0.00578	0.00661	0.00991	0.01363	0.01818	0.03925	0.74510	0.04710	0.02231	0.00909	0.00289	0.00413	0.02024	0.00661	0.00578
2	0.69290	0.01398	0.01259	0.05015	0.07391	0.01605	0.00954	0.02087	0.01257	0.03050	0.01035	0.01247	0.00811	0.00661	0.00477	0.00220	0.00597	0.00420	0.00427	0.00802
3	0.14716	0.17103	0.02068	0.01451	0.01860	0.38924	0.01160	0.02392	0.01750	0.02030	0.04927	0.01788	0.05534	0.00801	0.00595	0.00189	0.00957	0.00539	0.00406	0.00813
4	0.00868	0.00620	0.00826	0.00991	0.01033	0.00578	0.00661	0.00991	0.01363	0.01818	0.03925	0.74510	0.04710	0.02231	0.00909	0.00289	0.00413	0.02024	0.00661	0.00578
5	0.06376	0.01451	0.02385	0.39936	0.32181	0.01629	0.01990	0.01990	0.01493	0.02117	0.01280	0.01796	0.01013	0.00676	0.00692	0.00225	0.00881	0.00618	0.00339	0.00931
6	0.01625	0.02258	0.23529	0.09646	0.44414	0.01671	0.02302	0.02175	0.01568	0.02261	0.01314	0.01696	0.01044	0.00654	0.00697	0.00218	0.00917	0.00602	0.00334	0.01076
7	0.01663	0.01832	0.03839	0.09296	0.13160	0.01767	0.53028	0.02227	0.01650	0.02247	0.01411	0.01897	0.01076	0.00615	0.00810	0.00236	0.01129	0.00794	0.00355	0.00969
8	0.01099	0.00799	0.01084	0.01230	0.01396	0.00783	0.01056	0.01401	0.01624	0.02092	0.04164	0.11152	0.11548	0.01962	0.00964	0.00316	0.00611	0.55418	0.00657	0.00646
9	0.01658	0.01966	0.07433	0.06228	0.07933	0.01776	0.57509	0.02253	0.01656	0.02261	0.01418	0.01889	0.01068	0.00611	0.00818	0.00237	0.01159	0.00802	0.00355	0.00968
10	0.01685	0.01836	0.04974	0.06065	0.08852	0.07681	0.33335	0.05094	0.01697	0.02260	0.01604	0.07849	0.01386	0.00911	0.03004	0.00249	0.01026	0.00812	0.00404	0.09277

[dist]
# distance from previous block
# <min> <max>
0	6

# created by:
# /st0/software/busco_prod/Augustus/scripts/msa2prfl.pl ./align_prep/123080.fa
