[name]
unknown

[dist]
# distance from previous block
# <min> <max>
7	33

[block]
# block no. 0 follows, 29 sequences, length 18
# corresponding to MSA columns:
# 37-54
name=unknown_A
#
# <colnr> <probs for GDERKNQSTAVLIFYWHMCP>
#	G	D	E	R	K	N	Q	S	T	A	V	L	I	F	Y	W	H	M	C	P
0	0.01746	0.01972	0.08206	0.08354	0.10644	0.01802	0.45132	0.08611	0.01804	0.02462	0.01432	0.01854	0.01076	0.00642	0.00793	0.00233	0.01094	0.00762	0.00386	0.00995
1	0.02726	0.01434	0.01783	0.01420	0.01897	0.01476	0.01163	0.14818	0.12722	0.41844	0.02447	0.02250	0.01649	0.00925	0.00874	0.00231	0.07704	0.00708	0.00772	0.01156
2	0.00974	0.00671	0.00796	0.00846	0.00875	0.00651	0.00516	0.01033	0.01199	0.01594	0.05499	0.26528	0.06225	0.46536	0.02559	0.00529	0.00577	0.01372	0.00526	0.00493
3	0.02377	0.01880	0.02273	0.02121	0.12797	0.09113	0.07843	0.23327	0.13734	0.14233	0.01943	0.01971	0.01408	0.00807	0.00719	0.00219	0.00820	0.00680	0.00616	0.01120
4	0.02282	0.13628	0.04928	0.03674	0.05174	0.28749	0.07836	0.07913	0.09393	0.07513	0.01516	0.01641	0.01169	0.00742	0.00659	0.00200	0.00990	0.00570	0.00459	0.00965
5	0.01080	0.00711	0.00870	0.00907	0.01040	0.00646	0.00628	0.01230	0.01488	0.07200	0.10762	0.35531	0.19731	0.13254	0.01293	0.00328	0.00451	0.01576	0.00654	0.00619
6	0.01584	0.01742	0.03582	0.02643	0.03193	0.01737	0.51820	0.02074	0.01564	0.02154	0.01608	0.08896	0.01411	0.00852	0.01064	0.00255	0.11619	0.00924	0.00382	0.00897
7	0.08247	0.01922	0.01751	0.01509	0.01938	0.15305	0.01189	0.13866	0.31849	0.09609	0.02148	0.02069	0.01592	0.00879	0.00730	0.00224	0.02819	0.00666	0.00635	0.01054
8	0.01567	0.01554	0.02488	0.10983	0.02603	0.01908	0.16057	0.02049	0.07880	0.02020	0.01345	0.01840	0.01132	0.00990	0.01559	0.00273	0.37986	0.00692	0.04227	0.00848
9	0.01268	0.00669	0.00687	0.00687	0.00819	0.00669	0.00484	0.01532	0.01400	0.02396	0.02307	0.03062	0.01980	0.15902	0.01133	0.00273	0.00405	0.00739	0.62971	0.00616
10	0.02573	0.01928	0.02061	0.01611	0.02157	0.02145	0.01321	0.58920	0.12806	0.04271	0.01880	0.01846	0.01349	0.00871	0.00714	0.00218	0.00752	0.00665	0.00714	0.01199
11	0.07826	0.04261	0.02009	0.01714	0.04578	0.26376	0.01313	0.23988	0.09296	0.07005	0.01579	0.01646	0.01191	0.00811	0.00718	0.00208	0.03347	0.00574	0.00547	0.01013
12	0.01073	0.00693	0.00865	0.00923	0.00982	0.00665	0.00604	0.01167	0.01289	0.05044	0.05445	0.34807	0.03680	0.33900	0.02087	0.00461	0.00553	0.04635	0.00575	0.00552
13	0.00903	0.00639	0.00830	0.00954	0.01000	0.00602	0.00630	0.01027	0.01373	0.01845	0.09302	0.58977	0.04586	0.12239	0.01279	0.00339	0.00445	0.01825	0.00640	0.00566
14	0.04661	0.01757	0.02826	0.10201	0.05194	0.05681	0.25477	0.07570	0.01638	0.04512	0.01373	0.03431	0.01126	0.00862	0.01179	0.00252	0.20235	0.00722	0.00399	0.00905
15	0.02240	0.08264	0.02215	0.01782	0.02155	0.40525	0.05300	0.02821	0.15517	0.02018	0.01459	0.01621	0.01184	0.00820	0.00845	0.00210	0.09134	0.00564	0.00428	0.00896
16	0.01111	0.00845	0.01012	0.01043	0.01181	0.00867	0.00733	0.01664	0.15991	0.02212	0.16440	0.36428	0.04281	0.11342	0.01212	0.00319	0.00467	0.01489	0.00669	0.00695
17	0.02014	0.01609	0.01971	0.01571	0.02001	0.01758	0.06892	0.32261	0.09420	0.03240	0.02164	0.02533	0.05687	0.05388	0.01061	0.00254	0.08113	0.02931	0.03217	0.05912

[dist]
# distance from previous block
# <min> <max>
5	48

[block]
# block no. 1 follows, 29 sequences, length 10
# corresponding to MSA columns:
# 109-118
name=unknown_B
#
# <colnr> <probs for GDERKNQSTAVLIFYWHMCP>
#	G	D	E	R	K	N	Q	S	T	A	V	L	I	F	Y	W	H	M	C	P
0	0.01966	0.01989	0.02439	0.03069	0.37588	0.16053	0.03830	0.07904	0.06450	0.02406	0.01559	0.05389	0.01340	0.00771	0.00701	0.00208	0.00887	0.00678	0.00430	0.04344
1	0.07437	0.01986	0.01956	0.01586	0.02075	0.17527	0.06770	0.19461	0.10354	0.10322	0.02082	0.02097	0.05658	0.00845	0.00686	0.00207	0.00824	0.00666	0.00582	0.06878
2	0.01578	0.01458	0.01533	0.01184	0.01720	0.07062	0.00938	0.02040	0.08374	0.02288	0.01701	0.01855	0.04642	0.00689	0.00663	0.00143	0.04244	0.00528	0.00454	0.56904
3	0.01358	0.00896	0.01099	0.00978	0.01249	0.00800	0.00723	0.01675	0.04474	0.09209	0.21419	0.16232	0.03649	0.10320	0.01089	0.00265	0.00470	0.01087	0.05616	0.17392
4	0.01228	0.00696	0.00958	0.00915	0.00979	0.00664	0.00610	0.01033	0.01001	0.01371	0.01407	0.02510	0.01443	0.14347	0.02695	0.58179	0.00621	0.00668	0.00341	0.08333
5	0.03195	0.01212	0.01652	0.01267	0.01818	0.01047	0.01047	0.03470	0.02038	0.71026	0.02809	0.02424	0.01763	0.00881	0.00716	0.00220	0.00606	0.00716	0.00881	0.01212
6	0.01573	0.01451	0.02391	0.50237	0.15326	0.01677	0.06142	0.08628	0.01667	0.02202	0.01334	0.01858	0.01013	0.00707	0.00719	0.00231	0.00931	0.00647	0.00365	0.00900
7	0.00857	0.00716	0.00747	0.00753	0.00975	0.00606	0.00560	0.01047	0.01641	0.01997	0.12375	0.10863	0.60821	0.01800	0.00846	0.00242	0.00362	0.01516	0.00672	0.00606
8	0.12610	0.03987	0.01765	0.03666	0.01941	0.01546	0.01104	0.23960	0.02237	0.23475	0.04537	0.01945	0.01493	0.00802	0.00648	0.00200	0.00651	0.00615	0.00662	0.12153
9	0.06885	0.16936	0.06283	0.01347	0.01809	0.03552	0.04481	0.02355	0.18236	0.02482	0.16441	0.02525	0.02487	0.00901	0.00705	0.00204	0.02838	0.00726	0.00536	0.08269

[dist]
# distance from previous block
# <min> <max>
1	20

[block]
# block no. 2 follows, 29 sequences, length 65
# corresponding to MSA columns:
# 139-203
name=unknown_C
#
# <colnr> <probs for GDERKNQSTAVLIFYWHMCP>
#	G	D	E	R	K	N	Q	S	T	A	V	L	I	F	Y	W	H	M	C	P
0	0.27852	0.01662	0.01918	0.06831	0.12593	0.05303	0.05151	0.14464	0.05332	0.05211	0.01405	0.01595	0.01069	0.00710	0.00613	0.00211	0.00743	0.00553	0.00488	0.06294
1	0.07573	0.01404	0.02015	0.11723	0.07819	0.03567	0.09741	0.05738	0.03308	0.17403	0.06414	0.05431	0.01792	0.00884	0.00789	0.00224	0.04479	0.00758	0.05112	0.03825
2	0.24324	0.01396	0.01513	0.01199	0.01716	0.01393	0.00979	0.15304	0.01939	0.24594	0.01869	0.04686	0.01376	0.00809	0.00614	0.00202	0.00604	0.00612	0.00638	0.14232
3	0.01000	0.00720	0.00974	0.01131	0.01241	0.00695	0.00887	0.01224	0.01509	0.01973	0.04020	0.39259	0.07781	0.02083	0.00941	0.00305	0.00526	0.32455	0.00658	0.00616
4	0.02528	0.01895	0.02039	0.01571	0.02135	0.02060	0.01290	0.57593	0.07576	0.04182	0.01747	0.01751	0.01261	0.00831	0.00696	0.00205	0.00745	0.00631	0.00686	0.08578
5	0.02079	0.04928	0.04461	0.01340	0.01797	0.07294	0.01107	0.03027	0.27402	0.20446	0.08580	0.02756	0.05740	0.00960	0.00707	0.00218	0.00631	0.00781	0.00686	0.05059
6	0.01548	0.11810	0.54694	0.02018	0.02971	0.01821	0.08806	0.04314	0.01572	0.02260	0.01274	0.01509	0.00931	0.00667	0.00668	0.00218	0.01025	0.00544	0.00320	0.01032
7	0.02536	0.09788	0.08330	0.01432	0.03994	0.01400	0.01239	0.03101	0.11051	0.41996	0.05930	0.02357	0.01882	0.00866	0.00691	0.00216	0.00652	0.00700	0.00720	0.01122
8	0.00863	0.00725	0.00753	0.00769	0.00998	0.00615	0.00585	0.01051	0.01616	0.01934	0.06884	0.08991	0.63849	0.01827	0.00853	0.00248	0.00382	0.05792	0.00661	0.00604
9	0.04960	0.07191	0.61976	0.01979	0.02968	0.01717	0.05119	0.02243	0.01495	0.02268	0.01257	0.01486	0.00904	0.00669	0.00661	0.00222	0.01021	0.00525	0.00310	0.01029
10	0.01453	0.03511	0.64746	0.02124	0.03144	0.01668	0.08999	0.02258	0.01521	0.02258	0.01294	0.01544	0.00919	0.00669	0.00692	0.00227	0.01067	0.00557	0.00306	0.01043
11	0.01345	0.01266	0.02136	0.73264	0.04904	0.01582	0.01978	0.01819	0.01424	0.01819	0.01266	0.01898	0.00949	0.00712	0.00712	0.00237	0.00949	0.00633	0.00316	0.00791
12	0.00868	0.00620	0.00826	0.00991	0.01033	0.00578	0.00661	0.00991	0.01363	0.01818	0.03925	0.74510	0.04710	0.02231	0.00909	0.00289	0.00413	0.02024	0.00661	0.00578
13	0.09120	0.01569	0.11294	0.01346	0.01958	0.01175	0.01245	0.03190	0.01897	0.56006	0.02450	0.02194	0.01563	0.00835	0.00688	0.00221	0.00664	0.00663	0.00765	0.01154
14	0.80005	0.01377	0.01047	0.00936	0.01377	0.01597	0.00771	0.02093	0.01212	0.03195	0.00991	0.01157	0.00771	0.00661	0.00441	0.00220	0.00551	0.00386	0.00441	0.00771
15	0.00986	0.00727	0.00921	0.00873	0.01050	0.00663	0.00655	0.01301	0.01964	0.02732	0.61849	0.05521	0.15104	0.01502	0.00840	0.00226	0.00339	0.01316	0.00768	0.00663
16	0.01477	0.01266	0.01477	0.01055	0.01687	0.00949	0.00844	0.01793	0.01477	0.02320	0.01266	0.01477	0.01055	0.00527	0.00527	0.00105	0.00527	0.00422	0.00422	0.79328
17	0.01008	0.00728	0.00952	0.00896	0.01064	0.00672	0.00672	0.01344	0.02016	0.02855	0.70158	0.05319	0.06719	0.01456	0.00840	0.00224	0.00336	0.01288	0.00784	0.00672
18	0.01017	0.00763	0.01144	0.01144	0.01272	0.00890	0.00890	0.01272	0.01144	0.01653	0.01907	0.02797	0.01780	0.05340	0.72153	0.01144	0.01907	0.00763	0.00381	0.00636
19	0.03195	0.01212	0.01652	0.01267	0.01818	0.01047	0.01047	0.03470	0.02038	0.71026	0.02809	0.02424	0.01763	0.00881	0.00716	0.00220	0.00606	0.00716	0.00881	0.01212
20	0.00868	0.00620	0.00826	0.00991	0.01033	0.00578	0.00661	0.00991	0.01363	0.01818	0.03925	0.74510	0.04710	0.02231	0.00909	0.00289	0.00413	0.02024	0.00661	0.00578
21	0.02652	0.01967	0.02106	0.01627	0.02187	0.02183	0.01340	0.64414	0.07182	0.04400	0.01779	0.01765	0.01267	0.00861	0.00713	0.00215	0.00771	0.00651	0.00713	0.01206
22	0.02660	0.03394	0.02018	0.01834	0.02201	0.72116	0.01376	0.02843	0.02018	0.01743	0.01101	0.01284	0.00917	0.00734	0.00642	0.00183	0.01284	0.00459	0.00367	0.00825
23	0.06670	0.01453	0.01707	0.01316	0.01851	0.01423	0.01077	0.24261	0.02318	0.34043	0.02150	0.02080	0.01473	0.02689	0.00746	0.00215	0.00646	0.00647	0.03150	0.10085
24	0.02601	0.02521	0.05669	0.01699	0.02212	0.27306	0.01400	0.34265	0.06123	0.06937	0.01589	0.01634	0.01169	0.00809	0.00686	0.00205	0.00957	0.00582	0.00576	0.01059
25	0.01547	0.16362	0.50291	0.02011	0.02940	0.01883	0.10978	0.02236	0.01517	0.02154	0.01247	0.01493	0.00928	0.00654	0.00659	0.00214	0.01020	0.00541	0.00309	0.01015
26	0.01428	0.03683	0.71286	0.02030	0.03082	0.01654	0.02631	0.02255	0.01503	0.02255	0.01278	0.01503	0.00902	0.00677	0.00677	0.00226	0.01052	0.00526	0.00301	0.01052
27	0.01036	0.00690	0.00777	0.00777	0.00777	0.00690	0.00431	0.01036	0.01036	0.01381	0.02244	0.04660	0.02589	0.74975	0.03624	0.00690	0.00690	0.01036	0.00431	0.00431
28	0.00988	0.00713	0.00934	0.00909	0.01059	0.00659	0.00670	0.01295	0.01925	0.02711	0.60940	0.14948	0.06439	0.01564	0.00849	0.00233	0.00347	0.01390	0.00767	0.00659
29	0.00874	0.00625	0.00832	0.00987	0.01034	0.00583	0.00661	0.01008	0.01393	0.01865	0.06941	0.71359	0.04801	0.02196	0.00906	0.00286	0.00410	0.01991	0.00667	0.00583
30	0.00984	0.00722	0.00922	0.00883	0.01052	0.00660	0.00658	0.01293	0.01942	0.02706	0.60294	0.09028	0.13139	0.01531	0.00844	0.00229	0.00342	0.01348	0.00765	0.00660
31	0.02676	0.01979	0.02120	0.01632	0.02197	0.02194	0.01346	0.66067	0.05489	0.04439	0.01748	0.01740	0.01242	0.00858	0.00713	0.00215	0.00776	0.00646	0.00713	0.01208
32	0.75975	0.01409	0.01103	0.00973	0.01420	0.01629	0.00802	0.05537	0.01323	0.03262	0.01029	0.01186	0.00794	0.00671	0.00455	0.00220	0.00563	0.00399	0.00455	0.00794
33	0.06085	0.01271	0.01627	0.01461	0.05691	0.01281	0.04069	0.08338	0.15298	0.21346	0.17830	0.03164	0.05584	0.02742	0.00808	0.00237	0.00582	0.00879	0.00717	0.00991
34	0.02569	0.02117	0.02119	0.04061	0.06380	0.12932	0.01404	0.46230	0.06364	0.06218	0.01681	0.01728	0.01223	0.00825	0.00702	0.00211	0.00852	0.00623	0.00631	0.01129
35	0.02064	0.01733	0.01773	0.01502	0.01961	0.04989	0.01190	0.22022	0.44363	0.03324	0.02405	0.02272	0.01792	0.00904	0.00708	0.00225	0.00657	0.00725	0.00691	0.04699
36	0.57575	0.01416	0.01514	0.04488	0.12342	0.01578	0.04043	0.02071	0.01342	0.02948	0.04227	0.01505	0.01118	0.00692	0.00529	0.00221	0.00632	0.00496	0.00434	0.00831
37	0.01762	0.01692	0.02890	0.04371	0.70533	0.01692	0.02185	0.02185	0.01621	0.02326	0.01339	0.01762	0.01128	0.00634	0.00705	0.00211	0.00846	0.00634	0.00352	0.01128
38	0.02715	0.02295	0.02089	0.01670	0.02191	0.18766	0.01346	0.50027	0.02979	0.06529	0.01609	0.01637	0.01164	0.00827	0.00696	0.00207	0.00895	0.00601	0.00637	0.01119
39	0.00866	0.00625	0.00821	0.00977	0.01029	0.00580	0.00655	0.00993	0.01377	0.01823	0.04096	0.70996	0.08114	0.02209	0.00905	0.00287	0.00410	0.01997	0.00661	0.00580
40	0.75536	0.01367	0.01082	0.00956	0.01403	0.01565	0.00787	0.02173	0.01260	0.07141	0.01097	0.01230	0.00829	0.00674	0.00457	0.00220	0.00554	0.00405	0.00466	0.00797
41	0.00875	0.00623	0.00824	0.00982	0.01021	0.00583	0.00651	0.00993	0.01349	0.01798	0.03849	0.71382	0.04615	0.05488	0.01030	0.00307	0.00426	0.01980	0.00651	0.00572
42	0.00996	0.00676	0.00801	0.00848	0.00863	0.00666	0.00512	0.01038	0.01138	0.01515	0.02718	0.22530	0.03175	0.54218	0.02852	0.00577	0.00619	0.03286	0.00497	0.00476
43	0.01285	0.00668	0.00680	0.00680	0.00822	0.00668	0.00488	0.01568	0.01426	0.02468	0.02311	0.02948	0.01937	0.11667	0.00955	0.00243	0.00384	0.00718	0.67454	0.00630
44	0.01063	0.00680	0.00765	0.00779	0.00807	0.00676	0.00462	0.01123	0.01132	0.01606	0.02406	0.10626	0.02667	0.57619	0.02924	0.00578	0.00613	0.01070	0.11926	0.00479
45	0.01975	0.01859	0.02618	0.09300	0.46992	0.07917	0.01949	0.14003	0.01948	0.02620	0.01379	0.01722	0.01110	0.00689	0.00701	0.00212	0.00881	0.00620	0.00415	0.01089
46	0.01673	0.02523	0.31996	0.03259	0.39255	0.01652	0.02333	0.02262	0.01586	0.04824	0.01367	0.01676	0.01055	0.00661	0.00693	0.00218	0.00925	0.00591	0.00350	0.01099
47	0.01807	0.12708	0.49925	0.01786	0.02690	0.01699	0.02161	0.02456	0.01591	0.14468	0.01514	0.01620	0.01057	0.00704	0.00655	0.00215	0.00934	0.00541	0.00405	0.01063
48	0.01904	0.75404	0.03731	0.01218	0.01828	0.02818	0.01218	0.02132	0.01447	0.01675	0.00990	0.01142	0.00914	0.00609	0.00457	0.00152	0.00761	0.00381	0.00305	0.00914
49	0.03081	0.01187	0.01616	0.01248	0.01778	0.01027	0.01027	0.03359	0.02037	0.67473	0.06320	0.02575	0.02021	0.00911	0.00723	0.00221	0.00592	0.00746	0.00876	0.01184
50	0.03787	0.09487	0.59981	0.01921	0.02864	0.01777	0.02402	0.02212	0.01469	0.02206	0.01228	0.01466	0.00901	0.00700	0.00738	0.00224	0.04799	0.00515	0.00306	0.01018
51	0.02414	0.01276	0.01547	0.01279	0.01735	0.01266	0.01025	0.05155	0.24236	0.37637	0.07978	0.02949	0.06228	0.01004	0.00735	0.00229	0.00563	0.00831	0.00805	0.01109
52	0.00868	0.00620	0.00826	0.00991	0.01033	0.00578	0.00661	0.00991	0.01363	0.01818	0.03925	0.74510	0.04710	0.02231	0.00909	0.00289	0.00413	0.02024	0.00661	0.00578
53	0.00936	0.00712	0.01013	0.11286	0.01584	0.00721	0.00849	0.01109	0.01372	0.01818	0.03546	0.64167	0.04174	0.02014	0.00881	0.00282	0.00489	0.01826	0.00612	0.00609
54	0.05275	0.06882	0.29018	0.04067	0.10505	0.07292	0.11446	0.05272	0.01604	0.02270	0.01247	0.01564	0.00968	0.00731	0.00859	0.00227	0.08861	0.00582	0.00347	0.00981
55	0.01656	0.01919	0.05830	0.02811	0.03437	0.01851	0.56524	0.02199	0.01591	0.02199	0.01363	0.01857	0.01054	0.00695	0.01051	0.00250	0.11626	0.00800	0.00351	0.00937
56	0.01068	0.00781	0.01040	0.01150	0.01318	0.00754	0.00966	0.01364	0.01673	0.02184	0.13513	0.11353	0.14018	0.01888	0.00939	0.00299	0.00555	0.43819	0.00675	0.00646
57	0.05174	0.01871	0.11314	0.11223	0.38910	0.01686	0.04935	0.02375	0.10979	0.02388	0.01529	0.01849	0.01206	0.00694	0.00699	0.00222	0.00847	0.00642	0.00398	0.01057
58	0.02093	0.01537	0.01696	0.01423	0.01837	0.01674	0.01134	0.37054	0.14288	0.06019	0.04539	0.15198	0.04030	0.01193	0.00764	0.00237	0.00646	0.02892	0.00711	0.01037
59	0.01098	0.00801	0.01078	0.01208	0.01383	0.00782	0.01039	0.01405	0.01656	0.02139	0.07657	0.07729	0.13438	0.01918	0.00956	0.00310	0.00598	0.53492	0.00663	0.00649
60	0.01882	0.72074	0.06868	0.01256	0.01886	0.02764	0.01284	0.02138	0.01449	0.01702	0.01003	0.01159	0.00913	0.00612	0.00467	0.00156	0.00775	0.00388	0.00304	0.00920
61	0.01477	0.01266	0.01477	0.01055	0.01687	0.00949	0.00844	0.01793	0.01477	0.02320	0.01266	0.01477	0.01055	0.00527	0.00527	0.00105	0.00527	0.00422	0.00422	0.79328
62	0.23778	0.05841	0.01969	0.15210	0.02473	0.01850	0.04748	0.15582	0.08429	0.05001	0.01451	0.01671	0.01101	0.00792	0.00771	0.00229	0.07100	0.00580	0.00490	0.00931
63	0.01487	0.00924	0.01258	0.01320	0.01553	0.00911	0.01143	0.04707	0.01768	0.11330	0.03552	0.07010	0.03661	0.01774	0.00936	0.00309	0.00655	0.54260	0.00688	0.00754
64	0.01446	0.01345	0.02196	0.59511	0.04410	0.01618	0.04804	0.05239	0.01522	0.01998	0.01281	0.01853	0.00973	0.00729	0.00781	0.00233	0.04187	0.00631	0.00344	0.04900

[dist]
# distance from previous block
# <min> <max>
0	1

[block]
# block no. 3 follows, 29 sequences, length 44
# corresponding to MSA columns:
# 205-248
name=unknown_D
#
# <colnr> <probs for GDERKNQSTAVLIFYWHMCP>
#	G	D	E	R	K	N	Q	S	T	A	V	L	I	F	Y	W	H	M	C	P
0	0.12379	0.02239	0.16059	0.05624	0.02493	0.10361	0.08911	0.16220	0.01937	0.05087	0.01401	0.01619	0.01050	0.00879	0.03304	0.00242	0.00936	0.00570	0.00456	0.08234
1	0.80005	0.01377	0.01047	0.00936	0.01377	0.01597	0.00771	0.02093	0.01212	0.03195	0.00991	0.01157	0.00771	0.00661	0.00441	0.00220	0.00551	0.00386	0.00441	0.00771
2	0.02707	0.01995	0.02137	0.01638	0.02208	0.02208	0.01353	0.68159	0.03348	0.04488	0.01710	0.01710	0.01211	0.00855	0.00712	0.00214	0.00784	0.00641	0.00712	0.01211
3	0.01720	0.01612	0.02679	0.19752	0.52009	0.01695	0.02093	0.05704	0.01671	0.02330	0.01343	0.01790	0.01092	0.00664	0.00707	0.00217	0.00866	0.00634	0.00364	0.01056
4	0.01008	0.00728	0.00952	0.00896	0.01064	0.00672	0.00672	0.01344	0.02016	0.02855	0.70158	0.05319	0.06719	0.01456	0.00840	0.00224	0.00336	0.01288	0.00784	0.00672
5	0.01008	0.00728	0.00952	0.00896	0.01064	0.00672	0.00672	0.01344	0.02016	0.02855	0.70158	0.05319	0.06719	0.01456	0.00840	0.00224	0.00336	0.01288	0.00784	0.00672
6	0.02199	0.01243	0.01551	0.01144	0.01742	0.00990	0.00929	0.02499	0.01713	0.31226	0.01915	0.01875	0.01353	0.00676	0.00607	0.00154	0.00560	0.00546	0.00615	0.46464
7	0.00984	0.00713	0.00927	0.00903	0.01056	0.00657	0.00666	0.01286	0.01916	0.02686	0.59256	0.14528	0.08609	0.01570	0.00849	0.00233	0.00347	0.01393	0.00763	0.00657
8	0.03135	0.01214	0.01646	0.01259	0.01813	0.01043	0.01039	0.03411	0.02018	0.68615	0.02755	0.02390	0.01738	0.00869	0.00709	0.00216	0.00603	0.00706	0.00865	0.03953
9	0.00868	0.00620	0.00826	0.00991	0.01033	0.00578	0.00661	0.00991	0.01363	0.01818	0.03925	0.74510	0.04710	0.02231	0.00909	0.00289	0.00413	0.02024	0.00661	0.00578
10	0.02671	0.03062	0.02046	0.01788	0.02203	0.55549	0.01371	0.18322	0.02333	0.02393	0.01245	0.01385	0.00987	0.00762	0.00659	0.00191	0.01165	0.00502	0.00449	0.00917
11	0.01721	0.01633	0.02773	0.04165	0.65895	0.01633	0.02116	0.02138	0.01623	0.02313	0.01503	0.02183	0.01327	0.00724	0.00724	0.00219	0.00833	0.05007	0.00373	0.01096
12	0.01072	0.00743	0.00966	0.00901	0.01084	0.00681	0.00679	0.01400	0.02002	0.05005	0.65641	0.05284	0.08940	0.01450	0.00836	0.00224	0.00346	0.01278	0.00782	0.00687
13	0.01034	0.00692	0.00786	0.00783	0.00792	0.00689	0.00445	0.01052	0.01089	0.01461	0.05940	0.04696	0.02814	0.70974	0.03473	0.00665	0.00671	0.01049	0.00451	0.00445
14	0.01681	0.01921	0.04202	0.03001	0.03721	0.01801	0.67947	0.02281	0.01681	0.02281	0.01441	0.01921	0.01080	0.00600	0.00840	0.00240	0.01200	0.00840	0.00360	0.00960
15	0.00868	0.00620	0.00826	0.00991	0.01033	0.00578	0.00661	0.00991	0.01363	0.01818	0.03925	0.74510	0.04710	0.02231	0.00909	0.00289	0.00413	0.02024	0.00661	0.00578
16	0.01750	0.01699	0.02935	0.04203	0.64354	0.01716	0.05741	0.02173	0.01605	0.02301	0.01330	0.01763	0.01118	0.00655	0.00773	0.00217	0.03563	0.00645	0.00351	0.01106
17	0.01040	0.00780	0.01031	0.00966	0.01117	0.00771	0.00732	0.01354	0.01926	0.02735	0.62709	0.07910	0.06241	0.01473	0.00945	0.00233	0.05343	0.01273	0.00747	0.00675
18	0.05029	0.32392	0.02715	0.01552	0.02038	0.35927	0.02942	0.02549	0.01751	0.05550	0.01153	0.01300	0.00961	0.00685	0.00569	0.00176	0.01008	0.00448	0.00372	0.00884
19	0.80005	0.01377	0.01047	0.00936	0.01377	0.01597	0.00771	0.02093	0.01212	0.03195	0.00991	0.01157	0.00771	0.00661	0.00441	0.00220	0.00551	0.00386	0.00441	0.00771
20	0.01008	0.00728	0.00952	0.00896	0.01064	0.00672	0.00672	0.01344	0.02016	0.02855	0.70158	0.05319	0.06719	0.01456	0.00840	0.00224	0.00336	0.01288	0.00784	0.00672
21	0.06532	0.01272	0.01658	0.01277	0.01825	0.01149	0.01055	0.07755	0.02090	0.63581	0.02656	0.02320	0.01682	0.00870	0.00704	0.00220	0.00615	0.00697	0.00851	0.01192
22	0.01014	0.00681	0.00783	0.00805	0.00810	0.00676	0.00461	0.01030	0.01078	0.01437	0.02462	0.13737	0.02864	0.65522	0.03271	0.00638	0.00654	0.01164	0.00461	0.00451
23	0.01345	0.01266	0.02136	0.73264	0.04904	0.01582	0.01978	0.01819	0.01424	0.01819	0.01266	0.01898	0.00949	0.00712	0.00712	0.00237	0.00949	0.00633	0.00316	0.00791
24	0.00879	0.00624	0.00823	0.00977	0.01016	0.00586	0.00646	0.00994	0.01341	0.01788	0.03812	0.69819	0.04567	0.07117	0.01091	0.00316	0.00432	0.01958	0.00646	0.00569
25	0.00876	0.00724	0.00773	0.00792	0.01012	0.00621	0.00602	0.01073	0.01631	0.01985	0.10189	0.10555	0.58009	0.01821	0.00856	0.00249	0.00385	0.06570	0.00667	0.00608
26	0.01477	0.01266	0.01477	0.01055	0.01687	0.00949	0.00844	0.01793	0.01477	0.02320	0.01266	0.01477	0.01055	0.00527	0.00527	0.00105	0.00527	0.00422	0.00422	0.79328
27	0.01469	0.09781	0.65542	0.01961	0.02975	0.01753	0.02511	0.02245	0.01499	0.02206	0.01253	0.01473	0.00903	0.00671	0.00658	0.00219	0.01028	0.00514	0.00301	0.01041
28	0.02460	0.01553	0.01761	0.01391	0.01861	0.01631	0.01121	0.39459	0.02602	0.18241	0.02097	0.05128	0.01624	0.07383	0.02961	0.00280	0.00730	0.00745	0.03602	0.03370
29	0.02411	0.04357	0.02012	0.01552	0.02071	0.02051	0.01268	0.43660	0.23456	0.06460	0.02091	0.02008	0.01517	0.00881	0.00707	0.00220	0.00709	0.00685	0.00708	0.01175
30	0.01667	0.02017	0.07863	0.02948	0.03687	0.01793	0.64382	0.02280	0.01671	0.02280	0.01432	0.01898	0.01071	0.00604	0.00831	0.00239	0.01192	0.00823	0.00357	0.00965
31	0.00952	0.00722	0.00877	0.00847	0.01032	0.00647	0.00632	0.01233	0.01872	0.02534	0.48572	0.08417	0.25883	0.01591	0.00843	0.00231	0.00346	0.01381	0.00742	0.00647
32	0.01718	0.01836	0.07639	0.05932	0.52810	0.01703	0.10220	0.02261	0.04582	0.02330	0.01414	0.01807	0.01147	0.00650	0.00721	0.00218	0.00894	0.00660	0.00365	0.01092
33	0.02660	0.03394	0.02018	0.01834	0.02201	0.72116	0.01376	0.02843	0.02018	0.01743	0.01101	0.01284	0.00917	0.00734	0.00642	0.00183	0.01284	0.00459	0.00367	0.00825
34	0.03195	0.01212	0.01652	0.01267	0.01818	0.01047	0.01047	0.03470	0.02038	0.71026	0.02809	0.02424	0.01763	0.00881	0.00716	0.00220	0.00606	0.00716	0.00881	0.01212
35	0.00876	0.00653	0.00820	0.00948	0.01040	0.00596	0.00660	0.01024	0.01436	0.01858	0.04649	0.55962	0.19276	0.02122	0.00898	0.00280	0.00414	0.05240	0.00661	0.00587
36	0.01660	0.01787	0.07232	0.22215	0.38470	0.04770	0.04737	0.02172	0.04071	0.02167	0.01356	0.01794	0.01088	0.00689	0.00751	0.00223	0.02827	0.00633	0.00353	0.01004
37	0.01450	0.02912	0.52207	0.01735	0.02577	0.01407	0.02115	0.02128	0.01617	0.06933	0.11174	0.02450	0.06484	0.00873	0.00713	0.00226	0.00878	0.00709	0.00430	0.00980
38	0.01324	0.01177	0.01928	0.55300	0.07564	0.01412	0.01752	0.01756	0.01452	0.01926	0.01678	0.06374	0.01464	0.00895	0.00728	0.00241	0.00850	0.05675	0.05727	0.00778
39	0.01513	0.02965	0.47581	0.07210	0.14572	0.01669	0.05059	0.02319	0.06147	0.02288	0.01405	0.01669	0.01037	0.00688	0.00694	0.00226	0.00983	0.00583	0.00342	0.01049
40	0.01594	0.01473	0.02307	0.23457	0.35000	0.01606	0.01823	0.02278	0.13218	0.02229	0.01649	0.02154	0.01357	0.05787	0.00910	0.00257	0.00816	0.00691	0.00412	0.00983
41	0.02744	0.04051	0.01778	0.01358	0.01861	0.06195	0.01108	0.14025	0.08778	0.41531	0.07077	0.02404	0.01964	0.00905	0.00711	0.00217	0.00664	0.00722	0.00776	0.01130
42	0.74605	0.01325	0.01032	0.00940	0.01354	0.01528	0.00764	0.02018	0.01222	0.03101	0.01192	0.06162	0.01040	0.00768	0.00473	0.00225	0.00541	0.00497	0.00456	0.00758
43	0.01346	0.10110	0.01396	0.01020	0.01272	0.01218	0.00773	0.07216	0.11872	0.02242	0.12655	0.07008	0.15298	0.21749	0.01541	0.00352	0.00566	0.01049	0.00585	0.00732

[dist]
# distance from previous block
# <min> <max>
1	3

[block]
# block no. 4 follows, 29 sequences, length 51
# corresponding to MSA columns:
# 252-302
name=unknown_E
#
# <colnr> <probs for GDERKNQSTAVLIFYWHMCP>
#	G	D	E	R	K	N	Q	S	T	A	V	L	I	F	Y	W	H	M	C	P
0	0.10666	0.44003	0.14162	0.01359	0.02014	0.02317	0.01399	0.07969	0.01636	0.06962	0.01225	0.01340	0.00980	0.00666	0.00531	0.00182	0.00777	0.00451	0.00394	0.00967
1	0.23996	0.17624	0.07830	0.01308	0.01852	0.01912	0.01194	0.19816	0.01938	0.08766	0.01563	0.06492	0.01286	0.00830	0.00592	0.00209	0.00696	0.00605	0.00525	0.00967
2	0.01016	0.00682	0.00782	0.00801	0.00806	0.00677	0.00458	0.01030	0.01073	0.01431	0.02437	0.12684	0.02832	0.66619	0.03312	0.00644	0.00658	0.01149	0.00458	0.00448
3	0.01781	0.01383	0.01582	0.01323	0.01639	0.03441	0.01033	0.22472	0.01928	0.04614	0.01847	0.07766	0.01725	0.13917	0.09988	0.00407	0.09525	0.00789	0.00526	0.12313
4	0.75003	0.01652	0.01349	0.01228	0.01682	0.01794	0.00953	0.02344	0.01478	0.03486	0.01426	0.01759	0.01187	0.00942	0.00632	0.00296	0.00694	0.00531	0.00580	0.00985
5	0.00996	0.00727	0.00936	0.00884	0.01057	0.00667	0.00663	0.01322	0.01989	0.02791	0.65820	0.05425	0.11096	0.01480	0.00840	0.00225	0.00338	0.01303	0.00775	0.00667
6	0.01446	0.01226	0.01428	0.01036	0.01625	0.00931	0.00815	0.01741	0.01446	0.02256	0.01333	0.01696	0.01160	0.05657	0.00741	0.00146	0.00539	0.00464	0.00423	0.73891
7	0.06437	0.00772	0.00938	0.00883	0.01076	0.00729	0.00667	0.01367	0.01925	0.02796	0.59790	0.05169	0.11962	0.01432	0.00812	0.00225	0.00353	0.01245	0.00749	0.00672
8	0.01036	0.00690	0.00777	0.00777	0.00777	0.00690	0.00431	0.01036	0.01036	0.01381	0.02244	0.04660	0.02589	0.74975	0.03624	0.00690	0.00690	0.01036	0.00431	0.00431
9	0.01681	0.01921	0.04202	0.03001	0.03721	0.01801	0.67947	0.02281	0.01681	0.02281	0.01441	0.01921	0.01080	0.00600	0.00840	0.00240	0.01200	0.00840	0.00360	0.00960
10	0.02707	0.01995	0.02137	0.01638	0.02208	0.02208	0.01353	0.68159	0.03348	0.04488	0.01710	0.01710	0.01211	0.00855	0.00712	0.00214	0.00784	0.00641	0.00712	0.01211
11	0.01455	0.01378	0.02334	0.55125	0.22184	0.01611	0.02032	0.01916	0.01476	0.01953	0.01285	0.01863	0.00996	0.00692	0.00710	0.00231	0.00922	0.00633	0.00326	0.00880
12	0.02707	0.01995	0.02137	0.01638	0.02208	0.02208	0.01353	0.68159	0.03348	0.04488	0.01710	0.01710	0.01211	0.00855	0.00712	0.00214	0.00784	0.00641	0.00712	0.01211
13	0.00868	0.00620	0.00826	0.00991	0.01033	0.00578	0.00661	0.00991	0.01363	0.01818	0.03925	0.74510	0.04710	0.02231	0.00909	0.00289	0.00413	0.02024	0.00661	0.00578
14	0.00896	0.00720	0.00799	0.00786	0.00997	0.00623	0.00587	0.01125	0.01743	0.02223	0.27547	0.08435	0.47606	0.01704	0.00843	0.00237	0.00354	0.01449	0.00701	0.00623
15	0.00868	0.00620	0.00826	0.00991	0.01033	0.00578	0.00661	0.00991	0.01363	0.01818	0.03925	0.74510	0.04710	0.02231	0.00909	0.00289	0.00413	0.02024	0.00661	0.00578
16	0.01545	0.01471	0.02531	0.45839	0.20912	0.01660	0.08641	0.05006	0.01587	0.02114	0.01322	0.01858	0.01019	0.00688	0.00723	0.00230	0.00941	0.00654	0.00348	0.00911
17	0.02703	0.02116	0.02127	0.01655	0.02208	0.08274	0.01355	0.62492	0.03233	0.04249	0.01657	0.01673	0.01185	0.00844	0.00706	0.00211	0.00827	0.00625	0.00682	0.01178
18	0.01676	0.07696	0.21384	0.02569	0.03351	0.05068	0.43258	0.02289	0.01634	0.02206	0.01351	0.01728	0.01015	0.00627	0.00762	0.00227	0.01135	0.00709	0.00341	0.00975
19	0.02530	0.05426	0.02189	0.01937	0.05182	0.55513	0.03924	0.08416	0.04593	0.02068	0.01240	0.01412	0.01005	0.00739	0.00655	0.00191	0.01175	0.00507	0.00407	0.00891
20	0.01671	0.01668	0.05432	0.09097	0.54637	0.01619	0.02063	0.02176	0.04520	0.02299	0.01583	0.02277	0.01376	0.00758	0.00726	0.00224	0.00835	0.05588	0.00387	0.01064
21	0.02074	0.01696	0.02267	0.26101	0.10036	0.01911	0.04124	0.33925	0.05298	0.03223	0.01564	0.01827	0.01151	0.00780	0.00717	0.00224	0.00852	0.00652	0.00530	0.01048
22	0.01018	0.00760	0.01129	0.01129	0.01250	0.00881	0.00870	0.01261	0.01140	0.01641	0.01922	0.02878	0.01815	0.08336	0.69205	0.01125	0.01855	0.00775	0.00384	0.00627
23	0.01353	0.01277	0.02137	0.70551	0.04789	0.01605	0.01962	0.01815	0.01411	0.01815	0.01253	0.01885	0.00949	0.00732	0.00774	0.00240	0.03713	0.00632	0.00316	0.00791
24	0.01477	0.01266	0.01477	0.01055	0.01687	0.00949	0.00844	0.01793	0.01477	0.02320	0.01266	0.01477	0.01055	0.00527	0.00527	0.00105	0.00527	0.00422	0.00422	0.79328
25	0.01391	0.00801	0.01062	0.00979	0.01199	0.00727	0.00740	0.01683	0.01919	0.15330	0.47423	0.15492	0.05489	0.01469	0.00828	0.00233	0.00398	0.01296	0.00783	0.00757
26	0.01036	0.00690	0.00777	0.00777	0.00777	0.00690	0.00431	0.01036	0.01036	0.01381	0.02244	0.04660	0.02589	0.74975	0.03624	0.00690	0.00690	0.01036	0.00431	0.00431
27	0.01036	0.00690	0.00777	0.00777	0.00777	0.00690	0.00431	0.01036	0.01036	0.01381	0.02244	0.04660	0.02589	0.74975	0.03624	0.00690	0.00690	0.01036	0.00431	0.00431
28	0.01345	0.01266	0.02136	0.73264	0.04904	0.01582	0.01978	0.01819	0.01424	0.01819	0.01266	0.01898	0.00949	0.00712	0.00712	0.00237	0.00949	0.00633	0.00316	0.00791
29	0.01762	0.01692	0.02890	0.04371	0.70533	0.01692	0.02185	0.02185	0.01621	0.02326	0.01339	0.01762	0.01128	0.00634	0.00705	0.00211	0.00846	0.00634	0.00352	0.01128
30	0.01428	0.03683	0.71286	0.02030	0.03082	0.01654	0.02631	0.02255	0.01503	0.02255	0.01278	0.01503	0.00902	0.00677	0.00677	0.00226	0.01052	0.00526	0.00301	0.01052
31	0.01904	0.75404	0.03731	0.01218	0.01828	0.02818	0.01218	0.02132	0.01447	0.01675	0.00990	0.01142	0.00914	0.00609	0.00457	0.00152	0.00761	0.00381	0.00305	0.00914
32	0.00868	0.00620	0.00826	0.00991	0.01033	0.00578	0.00661	0.00991	0.01363	0.01818	0.03925	0.74510	0.04710	0.02231	0.00909	0.00289	0.00413	0.02024	0.00661	0.00578
33	0.01445	0.06217	0.68899	0.02001	0.03038	0.01695	0.02581	0.02251	0.01501	0.02235	0.01268	0.01491	0.00902	0.00674	0.00669	0.00223	0.01042	0.00521	0.00301	0.01047
34	0.02249	0.02524	0.02499	0.02900	0.29624	0.34680	0.05449	0.07500	0.01941	0.02215	0.01261	0.01544	0.01033	0.00696	0.00684	0.00200	0.01066	0.00564	0.00387	0.00983
35	0.02626	0.01954	0.02091	0.01622	0.02177	0.02170	0.01334	0.62573	0.09066	0.04357	0.01813	0.01792	0.01294	0.00864	0.00713	0.00216	0.00764	0.00655	0.00713	0.01204
36	0.00868	0.00620	0.00826	0.00991	0.01033	0.00578	0.00661	0.00991	0.01363	0.01818	0.03925	0.74510	0.04710	0.02231	0.00909	0.00289	0.00413	0.02024	0.00661	0.00578
37	0.01368	0.01226	0.06220	0.03667	0.09365	0.01089	0.03652	0.07837	0.03634	0.05115	0.08106	0.27639	0.09417	0.01657	0.04096	0.00293	0.00664	0.03553	0.00592	0.00808
38	0.01594	0.01416	0.02199	0.56231	0.09985	0.01690	0.01897	0.12274	0.01743	0.02281	0.01342	0.01857	0.01005	0.00728	0.00711	0.00231	0.00915	0.00634	0.00382	0.00885
39	0.03195	0.01212	0.01652	0.01267	0.01818	0.01047	0.01047	0.03470	0.02038	0.71026	0.02809	0.02424	0.01763	0.00881	0.00716	0.00220	0.00606	0.00716	0.00881	0.01212
40	0.02752	0.01789	0.01985	0.01528	0.02079	0.01919	0.01260	0.52798	0.03018	0.17640	0.01951	0.01887	0.01344	0.00859	0.00705	0.00213	0.00731	0.00657	0.03695	0.01190
41	0.06993	0.01566	0.02373	0.37112	0.11477	0.04016	0.09737	0.08999	0.04437	0.02348	0.01375	0.01816	0.01049	0.00728	0.00754	0.00232	0.03044	0.00643	0.00394	0.00907
42	0.01673	0.17642	0.18467	0.02421	0.03189	0.01982	0.40029	0.02244	0.01594	0.02149	0.01312	0.01669	0.01007	0.00618	0.00725	0.00219	0.01077	0.00677	0.00336	0.00970
43	0.01625	0.01832	0.03972	0.02865	0.03539	0.01718	0.63371	0.02193	0.01659	0.02249	0.01610	0.06858	0.01327	0.00711	0.00845	0.00243	0.01147	0.00921	0.00381	0.00934
44	0.15294	0.02644	0.01953	0.10438	0.08838	0.45321	0.01423	0.02534	0.01775	0.02049	0.01125	0.01381	0.00917	0.00710	0.00623	0.00199	0.01081	0.00484	0.00372	0.00841
45	0.01508	0.01528	0.02848	0.40423	0.13203	0.01686	0.21447	0.02000	0.01512	0.02019	0.01314	0.01873	0.01011	0.00690	0.00815	0.00238	0.03972	0.00694	0.00334	0.00886
46	0.00875	0.00646	0.00822	0.00958	0.01039	0.00593	0.00661	0.01018	0.01421	0.01850	0.04492	0.59827	0.16128	0.02145	0.00900	0.00282	0.00414	0.04682	0.00661	0.00586
47	0.02599	0.03278	0.02077	0.02007	0.06849	0.67326	0.01431	0.02799	0.01991	0.01782	0.01117	0.01317	0.00932	0.00727	0.00646	0.00185	0.01254	0.00471	0.00366	0.00846
48	0.01482	0.01286	0.01524	0.01110	0.01700	0.01033	0.00892	0.01788	0.01450	0.02279	0.01243	0.01482	0.01047	0.00576	0.00650	0.00119	0.05502	0.00436	0.00414	0.73986
49	0.02982	0.01250	0.01642	0.01288	0.01811	0.01138	0.01053	0.05836	0.07898	0.60515	0.02810	0.04628	0.01868	0.00929	0.00723	0.00224	0.00603	0.00761	0.00855	0.01185
50	0.01067	0.00854	0.00944	0.01033	0.01102	0.05515	0.00709	0.01190	0.01333	0.01717	0.03153	0.41068	0.03658	0.20808	0.06497	0.00446	0.00667	0.07108	0.00563	0.00569

[dist]
# distance from previous block
# <min> <max>
0	1

[block]
# block no. 5 follows, 29 sequences, length 19
# corresponding to MSA columns:
# 304-322
name=unknown_F
#
# <colnr> <probs for GDERKNQSTAVLIFYWHMCP>
#	G	D	E	R	K	N	Q	S	T	A	V	L	I	F	Y	W	H	M	C	P
0	0.01526	0.01588	0.05950	0.09549	0.15693	0.01390	0.18860	0.01980	0.01596	0.02289	0.06234	0.02150	0.01542	0.00700	0.00704	0.00195	0.00823	0.02543	0.00408	0.24279
1	0.80005	0.01377	0.01047	0.00936	0.01377	0.01597	0.00771	0.02093	0.01212	0.03195	0.00991	0.01157	0.00771	0.00661	0.00441	0.00220	0.00551	0.00386	0.00441	0.00771
2	0.02011	0.67701	0.03532	0.01254	0.01847	0.06468	0.01218	0.02239	0.01508	0.05245	0.01089	0.01216	0.00958	0.00630	0.00480	0.00157	0.00782	0.00402	0.00338	0.00924
3	0.00855	0.00715	0.00744	0.00752	0.00974	0.00604	0.00558	0.01042	0.01632	0.01980	0.11289	0.11497	0.61299	0.01810	0.00846	0.00243	0.00363	0.01525	0.00670	0.00604
4	0.01633	0.02256	0.16969	0.02816	0.03600	0.01773	0.55516	0.02276	0.01647	0.02276	0.01410	0.01841	0.01046	0.00615	0.00809	0.00237	0.01172	0.00781	0.00349	0.00978
5	0.01008	0.00728	0.00952	0.00896	0.01064	0.00672	0.00672	0.01344	0.02016	0.02855	0.70158	0.05319	0.06719	0.01456	0.00840	0.00224	0.00336	0.01288	0.00784	0.00672
6	0.07624	0.01335	0.04195	0.01288	0.01841	0.01152	0.01094	0.03364	0.06587	0.59746	0.02650	0.02330	0.01700	0.00866	0.00699	0.00222	0.00616	0.00695	0.00823	0.01174
7	0.01225	0.00831	0.01058	0.00970	0.01185	0.00794	0.00738	0.01704	0.07916	0.07551	0.59629	0.04886	0.05979	0.01373	0.00821	0.00225	0.00374	0.01206	0.00785	0.00749
8	0.00937	0.00649	0.00806	0.00903	0.00927	0.00625	0.00566	0.01010	0.01228	0.01637	0.03231	0.45693	0.03835	0.32242	0.02029	0.00455	0.00527	0.01616	0.00566	0.00518
9	0.01428	0.03683	0.71286	0.02030	0.03082	0.01654	0.02631	0.02255	0.01503	0.02255	0.01278	0.01503	0.00902	0.00677	0.00677	0.00226	0.01052	0.00526	0.00301	0.01052
10	0.01726	0.48652	0.28929	0.01521	0.02295	0.02383	0.01745	0.02178	0.01468	0.01892	0.01097	0.01277	0.00909	0.00634	0.00539	0.00180	0.00870	0.00435	0.00303	0.00965
11	0.00880	0.00723	0.00775	0.00762	0.00986	0.00618	0.00571	0.01097	0.01714	0.02141	0.21868	0.06496	0.55454	0.01722	0.00841	0.00237	0.00355	0.01453	0.00690	0.00618
12	0.00868	0.00712	0.00765	0.00774	0.00983	0.00609	0.00572	0.01064	0.01651	0.02043	0.15696	0.13655	0.54543	0.01799	0.00848	0.00243	0.00363	0.01527	0.00678	0.00609
13	0.01704	0.01678	0.02975	0.03812	0.50994	0.01701	0.13199	0.02133	0.01595	0.02266	0.01449	0.02086	0.01254	0.00738	0.00856	0.00229	0.06008	0.03905	0.00366	0.01052
14	0.62978	0.01776	0.12102	0.01150	0.01695	0.01644	0.01098	0.06165	0.01388	0.03127	0.01080	0.01245	0.00819	0.00675	0.00494	0.00221	0.00644	0.00423	0.00435	0.00842
15	0.01147	0.00820	0.01147	0.01311	0.01475	0.00820	0.01147	0.01475	0.01639	0.02131	0.03770	0.08032	0.04098	0.01967	0.00984	0.00328	0.00656	0.65741	0.00656	0.00656
16	0.01710	0.01651	0.02854	0.12374	0.60200	0.01683	0.04777	0.02146	0.01601	0.02265	0.01335	0.01785	0.01105	0.00642	0.00711	0.00216	0.00872	0.00642	0.00349	0.01082
17	0.01624	0.33180	0.43502	0.01696	0.02566	0.02132	0.02050	0.02205	0.01480	0.02017	0.01159	0.01355	0.00907	0.00649	0.00586	0.00195	0.00933	0.00466	0.00302	0.00995
18	0.11064	0.11270	0.02118	0.01555	0.02032	0.25318	0.01257	0.24730	0.09045	0.02942	0.01460	0.01533	0.01125	0.00775	0.00629	0.00200	0.00899	0.00537	0.00519	0.00990

[dist]
# distance from previous block
# <min> <max>
0	1

[block]
# block no. 6 follows, 29 sequences, length 21
# corresponding to MSA columns:
# 324-344
name=unknown_G
#
# <colnr> <probs for GDERKNQSTAVLIFYWHMCP>
#	G	D	E	R	K	N	Q	S	T	A	V	L	I	F	Y	W	H	M	C	P
0	0.02119	0.01624	0.01692	0.01448	0.01891	0.04890	0.01145	0.14869	0.43569	0.11733	0.02765	0.02562	0.04531	0.00958	0.00722	0.00231	0.00632	0.00776	0.00724	0.01118
1	0.02509	0.01900	0.02162	0.06231	0.02397	0.02076	0.03504	0.57620	0.03053	0.04110	0.01645	0.01714	0.01180	0.00817	0.00705	0.00209	0.00791	0.00633	0.00657	0.06086
2	0.02124	0.02018	0.05497	0.02176	0.13521	0.16362	0.09408	0.08773	0.08486	0.11288	0.04118	0.02316	0.01619	0.00840	0.00724	0.00217	0.00883	0.04552	0.00528	0.04550
3	0.01237	0.00618	0.00928	0.00928	0.00928	0.00618	0.00618	0.00928	0.00928	0.01237	0.01237	0.02165	0.01237	0.02474	0.02783	0.79283	0.00618	0.00618	0.00309	0.00309
4	0.01941	0.71834	0.03646	0.01249	0.01846	0.06253	0.01226	0.02167	0.01475	0.01679	0.00995	0.01149	0.00914	0.00615	0.00466	0.00154	0.00787	0.00385	0.00308	0.00909
5	0.01904	0.75404	0.03731	0.01218	0.01828	0.02818	0.01218	0.02132	0.01447	0.01675	0.00990	0.01142	0.00914	0.00609	0.00457	0.00152	0.00761	0.00381	0.00305	0.00914
6	0.00976	0.00727	0.00907	0.00862	0.01044	0.00658	0.00647	0.01282	0.01940	0.02676	0.58036	0.05614	0.18952	0.01523	0.00840	0.00227	0.00341	0.01329	0.00760	0.00658
7	0.00991	0.00727	0.00928	0.00878	0.01053	0.00665	0.00658	0.01310	0.01975	0.02759	0.63653	0.05478	0.13284	0.01492	0.00840	0.00226	0.00338	0.01310	0.00771	0.00665
8	0.01036	0.00690	0.00777	0.00777	0.00777	0.00690	0.00431	0.01036	0.01036	0.01381	0.02244	0.04660	0.02589	0.74975	0.03624	0.00690	0.00690	0.01036	0.00431	0.00431
9	0.00864	0.00722	0.00752	0.00745	0.00976	0.00611	0.00559	0.01065	0.01676	0.02049	0.15677	0.06647	0.61703	0.01757	0.00841	0.00238	0.00357	0.01474	0.00678	0.00611
10	0.01477	0.01266	0.01477	0.01055	0.01687	0.00949	0.00844	0.01793	0.01477	0.02320	0.01266	0.01477	0.01055	0.00527	0.00527	0.00105	0.00527	0.00422	0.00422	0.79328
11	0.01477	0.01266	0.01477	0.01055	0.01687	0.00949	0.00844	0.01793	0.01477	0.02320	0.01266	0.01477	0.01055	0.00527	0.00527	0.00105	0.00527	0.00422	0.00422	0.79328
12	0.80005	0.01377	0.01047	0.00936	0.01377	0.01597	0.00771	0.02093	0.01212	0.03195	0.00991	0.01157	0.00771	0.00661	0.00441	0.00220	0.00551	0.00386	0.00441	0.00771
13	0.01036	0.00690	0.00777	0.00777	0.00777	0.00690	0.00431	0.01036	0.01036	0.01381	0.02244	0.04660	0.02589	0.74975	0.03624	0.00690	0.00690	0.01036	0.00431	0.00431
14	0.08001	0.60598	0.11969	0.01298	0.01949	0.02576	0.01360	0.02144	0.01435	0.01868	0.01026	0.01189	0.00901	0.00622	0.00483	0.00167	0.00781	0.00399	0.00315	0.00920
15	0.01135	0.00755	0.00963	0.00895	0.01080	0.00691	0.00665	0.01427	0.01905	0.07022	0.54974	0.05216	0.11645	0.07245	0.01052	0.00262	0.00383	0.01250	0.00752	0.00681
16	0.02622	0.07724	0.02216	0.01580	0.02144	0.02183	0.01318	0.57000	0.06241	0.07202	0.01759	0.01742	0.01258	0.00842	0.00693	0.00210	0.00763	0.00632	0.00688	0.01184
17	0.08110	0.06598	0.01687	0.01332	0.01768	0.01686	0.01068	0.06350	0.43353	0.11385	0.02824	0.02628	0.06237	0.00955	0.00689	0.00230	0.00579	0.00768	0.00688	0.01065
18	0.04664	0.42801	0.13592	0.01447	0.02091	0.08214	0.01447	0.11689	0.01788	0.04667	0.01210	0.01336	0.00980	0.00676	0.00551	0.00180	0.00840	0.00459	0.00392	0.00976
19	0.04189	0.01603	0.04387	0.01480	0.02087	0.01444	0.08997	0.14170	0.11828	0.02829	0.01599	0.01737	0.01237	0.00669	0.00630	0.00169	0.00678	0.00570	0.00508	0.39190
20	0.02202	0.07705	0.01995	0.01596	0.04610	0.12594	0.01229	0.19961	0.23603	0.06911	0.01974	0.02017	0.01508	0.03028	0.00760	0.00221	0.00761	0.00647	0.00600	0.06077

[dist]
# distance from previous block
# <min> <max>
0	10

# created by:
# /st0/software/busco_prod/Augustus/scripts/msa2prfl.pl ./align_prep/123100.fa
