[name]
unknown

[dist]
# distance from previous block
# <min> <max>
5	23

[block]
# block no. 0 follows, 30 sequences, length 12
# corresponding to MSA columns:
# 24-35
name=unknown_A
#
# <colnr> <probs for GDERKNQSTAVLIFYWHMCP>
#	G	D	E	R	K	N	Q	S	T	A	V	L	I	F	Y	W	H	M	C	P
0	0.00883	0.00625	0.00819	0.00962	0.01004	0.00591	0.00644	0.01000	0.01311	0.01746	0.03645	0.63482	0.04342	0.10803	0.01208	0.00332	0.00448	0.04982	0.00621	0.00554
1	0.01219	0.00849	0.00997	0.00976	0.01090	0.00877	0.00667	0.11107	0.01484	0.02026	0.02619	0.26118	0.02890	0.31804	0.07650	0.00492	0.00681	0.01223	0.04622	0.00609
2	0.01944	0.01266	0.01388	0.01162	0.01493	0.01344	0.00905	0.31499	0.02239	0.07790	0.02189	0.09724	0.01896	0.10428	0.01025	0.00264	0.00593	0.00825	0.21138	0.00888
3	0.30694	0.01399	0.04919	0.01126	0.01540	0.01399	0.00952	0.17107	0.01804	0.08534	0.03843	0.06904	0.05223	0.00995	0.00707	0.04161	0.00584	0.00691	0.06571	0.00848
4	0.01008	0.00683	0.00809	0.00835	0.00875	0.00683	0.00530	0.01080	0.01136	0.01538	0.02638	0.11857	0.05500	0.51985	0.07930	0.00606	0.00706	0.05261	0.03857	0.00483
5	0.05037	0.00725	0.00842	0.00823	0.00977	0.00682	0.00584	0.01190	0.01268	0.01855	0.03065	0.10889	0.17604	0.06384	0.01479	0.24302	0.00472	0.00956	0.14570	0.06296
6	0.04349	0.01508	0.03460	0.01543	0.08295	0.10002	0.01107	0.13114	0.08443	0.03998	0.19765	0.10893	0.06700	0.01172	0.00746	0.00223	0.00635	0.02570	0.00615	0.00860
7	0.01009	0.00718	0.00907	0.00908	0.01023	0.00685	0.00637	0.03392	0.01675	0.02319	0.37986	0.24607	0.05163	0.14242	0.01303	0.00315	0.00424	0.01402	0.00673	0.00610
8	0.21396	0.01273	0.01383	0.01145	0.01586	0.01311	0.00928	0.10308	0.10328	0.27176	0.06030	0.02494	0.06785	0.00912	0.00643	0.00217	0.00554	0.00708	0.03844	0.00979
9	0.01153	0.00799	0.00925	0.00900	0.00970	0.00821	0.00576	0.07812	0.01297	0.01740	0.02374	0.14800	0.02665	0.52461	0.07266	0.00599	0.00721	0.01105	0.00481	0.00534
10	0.08078	0.01154	0.01176	0.00999	0.01319	0.01243	0.00797	0.24707	0.02065	0.03260	0.01966	0.02167	0.01500	0.00808	0.00555	0.00183	0.00494	0.00621	0.46064	0.00843
11	0.07317	0.34689	0.08059	0.01502	0.05501	0.13432	0.01302	0.04751	0.01533	0.01942	0.01197	0.01479	0.01041	0.01364	0.11861	0.00323	0.01018	0.00479	0.00348	0.00863

[dist]
# distance from previous block
# <min> <max>
1	2

[block]
# block no. 1 follows, 30 sequences, length 11
# corresponding to MSA columns:
# 38-48
name=unknown_B
#
# <colnr> <probs for GDERKNQSTAVLIFYWHMCP>
#	G	D	E	R	K	N	Q	S	T	A	V	L	I	F	Y	W	H	M	C	P
0	0.01728	0.48056	0.18581	0.01443	0.02061	0.05021	0.01523	0.02077	0.01411	0.01773	0.01068	0.01300	0.00928	0.00847	0.03452	0.00217	0.06868	0.00442	0.00303	0.00901
1	0.74059	0.01399	0.01113	0.00974	0.01416	0.01614	0.00802	0.07499	0.01358	0.03234	0.01029	0.01178	0.00791	0.00663	0.00454	0.00215	0.00558	0.00398	0.00454	0.00791
2	0.01015	0.00677	0.00761	0.00761	0.00761	0.00677	0.00423	0.01015	0.01015	0.01353	0.02199	0.04567	0.02537	0.75476	0.03552	0.00677	0.00677	0.01015	0.00423	0.00423
3	0.00897	0.00619	0.00828	0.00970	0.01010	0.00585	0.00654	0.00989	0.01299	0.01730	0.03560	0.63213	0.04231	0.05767	0.01163	0.06327	0.00443	0.04561	0.00610	0.00543
4	0.02653	0.01955	0.02094	0.01606	0.02164	0.02164	0.01326	0.68796	0.03281	0.04398	0.01675	0.01675	0.01187	0.00838	0.00698	0.00209	0.00768	0.00628	0.00698	0.01187
5	0.00849	0.00614	0.00803	0.00955	0.01008	0.00568	0.00640	0.00974	0.01352	0.01788	0.04054	0.70625	0.08877	0.02159	0.00886	0.00280	0.00402	0.01951	0.00648	0.00568
6	0.02596	0.01876	0.02025	0.01571	0.02114	0.02070	0.01292	0.59812	0.09089	0.07601	0.01832	0.01792	0.01297	0.00849	0.00699	0.00212	0.00740	0.00646	0.00707	0.01180
7	0.01301	0.00650	0.00650	0.00650	0.00813	0.00650	0.00488	0.01626	0.01463	0.02602	0.02276	0.02602	0.01789	0.00813	0.00488	0.00163	0.00325	0.00650	0.79350	0.00650
8	0.80405	0.01350	0.01026	0.00918	0.01350	0.01565	0.00756	0.02051	0.01188	0.03131	0.00972	0.01134	0.00756	0.00648	0.00432	0.00216	0.00540	0.00378	0.00432	0.00756
9	0.69077	0.01330	0.01148	0.06467	0.01641	0.01527	0.00864	0.02124	0.01259	0.07752	0.01115	0.01274	0.00836	0.00666	0.00471	0.00217	0.00573	0.00419	0.00452	0.00787
10	0.02130	0.01658	0.01784	0.07027	0.04509	0.07227	0.01248	0.14293	0.35918	0.13046	0.02321	0.02223	0.01691	0.00868	0.00699	0.00223	0.00688	0.00704	0.00660	0.01083

[dist]
# distance from previous block
# <min> <max>
0	1

[block]
# block no. 2 follows, 30 sequences, length 22
# corresponding to MSA columns:
# 50-71
name=unknown_C
#
# <colnr> <probs for GDERKNQSTAVLIFYWHMCP>
#	G	D	E	R	K	N	Q	S	T	A	V	L	I	F	Y	W	H	M	C	P
0	0.04820	0.08250	0.02035	0.01556	0.02023	0.20500	0.01250	0.28501	0.18553	0.03078	0.01716	0.01724	0.01298	0.00807	0.00654	0.00203	0.00836	0.00591	0.00571	0.01031
1	0.01003	0.00722	0.00990	0.00990	0.01069	0.00801	0.00708	0.01162	0.01083	0.01522	0.01990	0.03408	0.02034	0.30904	0.47436	0.00959	0.01433	0.00845	0.00392	0.00550
2	0.01511	0.01268	0.01338	0.05004	0.01656	0.06678	0.00961	0.02455	0.28396	0.06052	0.24350	0.06236	0.08858	0.01173	0.00754	0.00227	0.00537	0.00996	0.00681	0.00868
3	0.02091	0.62561	0.03293	0.01203	0.01789	0.02451	0.01164	0.02324	0.01521	0.14129	0.01288	0.01344	0.01044	0.00645	0.00493	0.00161	0.00719	0.00432	0.00399	0.00948
4	0.02738	0.01818	0.02009	0.01541	0.02096	0.01961	0.01273	0.57124	0.03052	0.16394	0.01868	0.01800	0.01283	0.00842	0.00699	0.00211	0.00737	0.00641	0.00728	0.01187
5	0.02168	0.01606	0.01786	0.01449	0.01876	0.01781	0.01169	0.48093	0.05549	0.03597	0.01888	0.05691	0.01548	0.04418	0.13666	0.00394	0.00934	0.00739	0.00628	0.01024
6	0.02571	0.03202	0.02019	0.01897	0.05119	0.66940	0.01382	0.05272	0.02010	0.01835	0.01111	0.01294	0.00919	0.00719	0.00634	0.00182	0.01221	0.00464	0.00372	0.00836
7	0.00833	0.00707	0.00718	0.00716	0.00948	0.00593	0.00537	0.01017	0.01610	0.01931	0.10276	0.06640	0.67604	0.01750	0.00825	0.00235	0.00352	0.01462	0.00654	0.00593
8	0.02194	0.01658	0.01795	0.01470	0.01914	0.01849	0.01176	0.41295	0.22889	0.03600	0.02070	0.04824	0.01603	0.01050	0.00872	0.06602	0.00676	0.00727	0.00668	0.01067
9	0.01212	0.00606	0.00909	0.00909	0.00909	0.00606	0.00606	0.00909	0.00909	0.01212	0.01212	0.02121	0.01212	0.02424	0.02727	0.79697	0.00606	0.00606	0.00303	0.00303
10	0.01141	0.00904	0.01032	0.00968	0.01191	0.00912	0.00724	0.01820	0.18623	0.02528	0.35474	0.04829	0.18484	0.07078	0.01005	0.00262	0.00416	0.01170	0.00702	0.00736
11	0.01912	0.01542	0.01804	0.01342	0.01933	0.01455	0.03880	0.26555	0.05139	0.03083	0.01478	0.01600	0.01139	0.00657	0.00605	0.00154	0.00639	0.00526	0.00529	0.44028
12	0.01866	0.75896	0.03657	0.01194	0.01791	0.02761	0.01194	0.02090	0.01418	0.01642	0.00970	0.01119	0.00896	0.00597	0.00448	0.00149	0.00746	0.00373	0.00299	0.00896
13	0.16591	0.09781	0.01862	0.03431	0.04378	0.17472	0.01155	0.14328	0.10725	0.02674	0.04354	0.01925	0.04102	0.00970	0.03200	0.00236	0.00817	0.00598	0.00499	0.00903
14	0.04859	0.24918	0.11472	0.01354	0.01943	0.04622	0.01286	0.02696	0.14877	0.16780	0.01771	0.01750	0.01315	0.00730	0.00592	0.00190	0.00709	0.00548	0.00513	0.07075
15	0.00999	0.00739	0.01077	0.01077	0.01186	0.00848	0.00817	0.01218	0.01108	0.01587	0.01910	0.02966	0.01842	0.13889	0.64188	0.01067	0.01722	0.00781	0.00380	0.00598
16	0.00896	0.00742	0.00789	0.00771	0.01000	0.00652	0.00580	0.01180	0.04596	0.02110	0.19510	0.06241	0.55157	0.01665	0.00819	0.00232	0.00357	0.01402	0.00674	0.00625
17	0.02174	0.05429	0.14479	0.01632	0.02218	0.09174	0.01494	0.31935	0.18512	0.03266	0.01785	0.01793	0.01314	0.00810	0.00677	0.00212	0.00813	0.00617	0.00577	0.01089
18	0.01862	0.01398	0.01613	0.01543	0.06945	0.01522	0.01120	0.07987	0.42127	0.11373	0.08041	0.02891	0.06485	0.00991	0.00722	0.00229	0.00565	0.00832	0.00701	0.01055
19	0.80405	0.01350	0.01026	0.00918	0.01350	0.01565	0.00756	0.02051	0.01188	0.03131	0.00972	0.01134	0.00756	0.00648	0.00432	0.00216	0.00540	0.00378	0.00432	0.00756
20	0.02355	0.05143	0.02272	0.02256	0.14177	0.52374	0.04847	0.02655	0.04043	0.01870	0.01189	0.01410	0.00982	0.00699	0.00647	0.00188	0.01141	0.00507	0.00366	0.00879
21	0.01508	0.01286	0.01373	0.01275	0.01618	0.01434	0.01000	0.02990	0.50674	0.02648	0.03705	0.03870	0.15031	0.01193	0.00756	0.00245	0.00524	0.07213	0.00692	0.00965

[dist]
# distance from previous block
# <min> <max>
7	17

[block]
# block no. 3 follows, 30 sequences, length 18
# corresponding to MSA columns:
# 89-95,97-107
name=unknown_D
#
# <colnr> <probs for GDERKNQSTAVLIFYWHMCP>
#	G	D	E	R	K	N	Q	S	T	A	V	L	I	F	Y	W	H	M	C	P
0	0.01224	0.00765	0.00939	0.00886	0.01112	0.00676	0.00667	0.01465	0.01762	0.12280	0.30455	0.14915	0.27082	0.01564	0.00815	0.00233	0.00386	0.01351	0.00725	0.00699
1	0.01318	0.01240	0.02093	0.73798	0.04806	0.01550	0.01938	0.01783	0.01395	0.01783	0.01240	0.01860	0.00930	0.00698	0.00698	0.00233	0.00930	0.00620	0.00310	0.00775
2	0.01006	0.00683	0.00811	0.00817	0.00835	0.00698	0.00491	0.01043	0.01042	0.01406	0.02223	0.07234	0.02519	0.63214	0.12537	0.00719	0.00822	0.01020	0.00426	0.00455
3	0.01015	0.00677	0.00761	0.00761	0.00761	0.00677	0.00423	0.01015	0.01015	0.01353	0.02199	0.04567	0.02537	0.75476	0.03552	0.00677	0.00677	0.01015	0.00423	0.00423
4	0.01486	0.01280	0.01566	0.01145	0.01740	0.01023	0.03730	0.03979	0.03976	0.02348	0.01402	0.03863	0.01193	0.00599	0.00555	0.00123	0.00551	0.00501	0.00438	0.68502
5	0.01804	0.45968	0.11644	0.04171	0.02067	0.09701	0.01393	0.02211	0.05536	0.01855	0.04343	0.01497	0.01231	0.00702	0.00600	0.00178	0.03369	0.00482	0.00351	0.00896
6	0.02283	0.01785	0.01845	0.01459	0.01945	0.05992	0.01174	0.47490	0.04793	0.03670	0.04726	0.05051	0.01619	0.04049	0.00811	0.00221	0.00727	0.00702	0.00639	0.09019
7	0.05145	0.01571	0.02701	0.16796	0.16331	0.01619	0.22312	0.06988	0.03368	0.02340	0.01451	0.04404	0.01187	0.00719	0.00768	0.00219	0.03300	0.00709	0.00395	0.07678
8	0.31241	0.07149	0.01539	0.14923	0.02091	0.03826	0.01064	0.03828	0.01492	0.11356	0.04658	0.08690	0.03771	0.00900	0.00604	0.00220	0.00640	0.00696	0.00499	0.00812
9	0.01339	0.01269	0.02098	0.66537	0.04506	0.01610	0.01896	0.01772	0.01362	0.01772	0.01208	0.01827	0.00929	0.00751	0.00858	0.00240	0.08323	0.00619	0.00310	0.00774
10	0.02106	0.02273	0.04344	0.02750	0.26784	0.27271	0.10089	0.02496	0.03571	0.07179	0.03543	0.01749	0.01262	0.00705	0.00690	0.00203	0.00993	0.00612	0.00411	0.00968
11	0.01301	0.00650	0.00650	0.00650	0.00813	0.00650	0.00488	0.01626	0.01463	0.02602	0.02276	0.02602	0.01789	0.00813	0.00488	0.00163	0.00325	0.00650	0.79350	0.00650
12	0.00997	0.00748	0.01121	0.01121	0.01246	0.00872	0.00872	0.01246	0.01121	0.01620	0.01869	0.02741	0.01745	0.05234	0.72710	0.01121	0.01869	0.00748	0.00374	0.00623
13	0.05202	0.01454	0.02351	0.21976	0.41669	0.01559	0.01859	0.02052	0.05504	0.02154	0.01361	0.01813	0.01111	0.00784	0.00820	0.05594	0.00811	0.00619	0.00359	0.00948
14	0.00860	0.00647	0.00796	0.00888	0.00997	0.00584	0.00617	0.01021	0.01482	0.01931	0.12702	0.48062	0.22918	0.01981	0.00865	0.00263	0.00382	0.01758	0.00662	0.00584
15	0.01447	0.01240	0.01447	0.01034	0.01654	0.00930	0.00827	0.01757	0.01447	0.02274	0.01240	0.01447	0.01034	0.00517	0.00517	0.00103	0.00517	0.00413	0.00413	0.79742
16	0.01053	0.00723	0.00927	0.00886	0.01062	0.00658	0.00660	0.01342	0.01872	0.05676	0.54292	0.12263	0.12924	0.01514	0.00825	0.00227	0.00351	0.01332	0.00748	0.00666
17	0.01892	0.02092	0.04527	0.12876	0.28164	0.20620	0.04630	0.02499	0.11665	0.02147	0.01466	0.01748	0.01167	0.00706	0.00683	0.00209	0.00939	0.00605	0.00396	0.00970

[dist]
# distance from previous block
# <min> <max>
0	2

[block]
# block no. 4 follows, 30 sequences, length 54
# corresponding to MSA columns:
# 110-163
name=unknown_E
#
# <colnr> <probs for GDERKNQSTAVLIFYWHMCP>
#	G	D	E	R	K	N	Q	S	T	A	V	L	I	F	Y	W	H	M	C	P
0	0.01731	0.13321	0.01649	0.01094	0.01457	0.01281	0.00904	0.09305	0.04328	0.15616	0.26908	0.03533	0.09706	0.01337	0.04539	0.00256	0.00588	0.00916	0.00667	0.00863
1	0.02218	0.01665	0.01805	0.01473	0.01922	0.01837	0.01181	0.47843	0.12994	0.03745	0.02208	0.13867	0.01892	0.01076	0.00732	0.00226	0.00676	0.00875	0.00692	0.01072
2	0.02481	0.01848	0.01979	0.01548	0.02063	0.02051	0.01262	0.58769	0.10314	0.04102	0.01824	0.01905	0.01349	0.04210	0.00828	0.00233	0.00741	0.00663	0.00687	0.01144
3	0.01400	0.01019	0.01208	0.01160	0.01368	0.01052	0.00864	0.20905	0.01972	0.02649	0.09118	0.44994	0.03763	0.01715	0.00831	0.00257	0.00513	0.03779	0.00673	0.00759
4	0.00952	0.00712	0.00884	0.00841	0.01021	0.00643	0.00631	0.01248	0.01892	0.02600	0.56910	0.05539	0.20553	0.01501	0.00823	0.00223	0.00334	0.01308	0.00742	0.00643
5	0.00850	0.00607	0.00810	0.00972	0.01012	0.00567	0.00648	0.00972	0.01336	0.01781	0.03846	0.75020	0.04615	0.02186	0.00891	0.00283	0.00405	0.01984	0.00648	0.00567
6	0.00942	0.00708	0.00871	0.00838	0.01016	0.00638	0.00626	0.01225	0.01856	0.02532	0.52323	0.08041	0.22744	0.01539	0.00826	0.00226	0.00338	0.01341	0.00734	0.00638
7	0.01318	0.01240	0.02093	0.73798	0.04806	0.01550	0.01938	0.01783	0.01395	0.01783	0.01240	0.01860	0.00930	0.00698	0.00698	0.00233	0.00930	0.00620	0.00310	0.00775
8	0.02692	0.01254	0.01588	0.01273	0.01761	0.01198	0.01033	0.05283	0.17141	0.50682	0.06353	0.02556	0.02059	0.00911	0.00710	0.00221	0.00576	0.00749	0.00820	0.01141
9	0.01745	0.01733	0.03064	0.03000	0.25445	0.01745	0.29211	0.06043	0.15755	0.02506	0.01687	0.01969	0.01301	0.00686	0.00750	0.00225	0.00912	0.00739	0.00442	0.01042
10	0.01015	0.00677	0.00761	0.00761	0.00761	0.00677	0.00423	0.01015	0.01015	0.01353	0.02199	0.04567	0.02537	0.75476	0.03552	0.00677	0.00677	0.01015	0.00423	0.00423
11	0.01172	0.00754	0.01000	0.00951	0.01138	0.00696	0.00730	0.01482	0.01904	0.08477	0.54819	0.09679	0.05822	0.01472	0.00830	0.00232	0.00384	0.07005	0.00757	0.00696
12	0.00997	0.00748	0.01121	0.01121	0.01246	0.00872	0.00872	0.01246	0.01121	0.01620	0.01869	0.02741	0.01745	0.05234	0.72710	0.01121	0.01869	0.00748	0.00374	0.00623
13	0.01658	0.01606	0.02793	0.15139	0.56668	0.01647	0.06070	0.02091	0.01562	0.02199	0.01307	0.01757	0.01075	0.00632	0.00700	0.00213	0.00866	0.00634	0.00340	0.01044
14	0.02550	0.08914	0.02107	0.01751	0.02129	0.67291	0.01336	0.02733	0.01934	0.01703	0.01070	0.01248	0.00899	0.00710	0.00615	0.00177	0.01219	0.00444	0.00355	0.00816
15	0.00998	0.00744	0.01105	0.01105	0.01224	0.00863	0.00852	0.01236	0.01117	0.01608	0.01884	0.02824	0.01780	0.08396	0.69597	0.01101	0.01815	0.00760	0.00376	0.00614
16	0.01866	0.75896	0.03657	0.01194	0.01791	0.02761	0.01194	0.02090	0.01418	0.01642	0.00970	0.01119	0.00896	0.00597	0.00448	0.00149	0.00746	0.00373	0.00299	0.00896
17	0.53548	0.01469	0.01462	0.07456	0.08384	0.01671	0.01080	0.13004	0.01587	0.03146	0.01142	0.01340	0.00874	0.00681	0.00522	0.00215	0.00637	0.00462	0.00457	0.00861
18	0.01106	0.00983	0.01623	0.07532	0.01863	0.01036	0.12025	0.01344	0.01383	0.01880	0.05230	0.45653	0.03350	0.01657	0.01027	0.00272	0.09339	0.01490	0.00534	0.00672
19	0.28355	0.02095	0.05706	0.01446	0.01870	0.25001	0.04711	0.04724	0.01624	0.06707	0.01362	0.01797	0.01127	0.00880	0.00738	0.05337	0.00862	0.04414	0.00437	0.00806
20	0.01763	0.01666	0.02814	0.07914	0.50634	0.01688	0.09835	0.08745	0.01753	0.02446	0.01497	0.01870	0.02804	0.00672	0.00711	0.00213	0.00858	0.00667	0.00387	0.01062
21	0.06192	0.01270	0.01443	0.01045	0.01652	0.01008	0.00839	0.03918	0.01490	0.02393	0.01238	0.01436	0.01022	0.00535	0.00518	0.00113	0.00526	0.00418	0.00424	0.72522
22	0.01447	0.01240	0.01447	0.01034	0.01654	0.00930	0.00827	0.01757	0.01447	0.02274	0.01240	0.01447	0.01034	0.00517	0.00517	0.00103	0.00517	0.00413	0.00413	0.79742
23	0.02609	0.01278	0.01678	0.01492	0.06938	0.01212	0.01123	0.10823	0.06414	0.45241	0.05067	0.02820	0.04677	0.00959	0.00724	0.00222	0.00613	0.04234	0.00772	0.01105
24	0.01015	0.00677	0.00761	0.00761	0.00761	0.00677	0.00423	0.01015	0.01015	0.01353	0.02199	0.04567	0.02537	0.75476	0.03552	0.00677	0.00677	0.01015	0.00423	0.00423
25	0.02043	0.01571	0.01837	0.06163	0.02058	0.01800	0.01252	0.39908	0.05463	0.03274	0.01748	0.04545	0.01437	0.04204	0.11816	0.00378	0.08236	0.00712	0.00574	0.00981
26	0.00979	0.00707	0.00925	0.00884	0.01041	0.00653	0.00658	0.01296	0.01937	0.02738	0.66767	0.09373	0.06467	0.01472	0.00827	0.00223	0.00334	0.01305	0.00761	0.00653
27	0.02653	0.01955	0.02094	0.01606	0.02164	0.02164	0.01326	0.68796	0.03281	0.04398	0.01675	0.01675	0.01187	0.00838	0.00698	0.00209	0.00768	0.00628	0.00698	0.01187
28	0.00848	0.00615	0.00802	0.00952	0.01007	0.00568	0.00639	0.00974	0.01355	0.01789	0.04087	0.69912	0.09568	0.02155	0.00886	0.00280	0.00401	0.01946	0.00648	0.00568
29	0.80405	0.01350	0.01026	0.00918	0.01350	0.01565	0.00756	0.02051	0.01188	0.03131	0.00972	0.01134	0.00756	0.00648	0.00432	0.00216	0.00540	0.00378	0.00432	0.00756
30	0.01578	0.01401	0.01772	0.28739	0.02944	0.01666	0.01419	0.02981	0.44020	0.02490	0.02236	0.02323	0.01677	0.00853	0.00705	0.00235	0.00695	0.00725	0.00559	0.00980
31	0.02855	0.01345	0.01761	0.08571	0.02160	0.01304	0.01177	0.16232	0.02192	0.51269	0.02388	0.02185	0.01540	0.00842	0.00701	0.00216	0.00662	0.00679	0.00775	0.01146
32	0.00930	0.00751	0.00838	0.00839	0.01057	0.00674	0.00650	0.01228	0.04388	0.02143	0.19987	0.06369	0.46708	0.01681	0.00836	0.00242	0.00390	0.08982	0.00675	0.00631
33	0.01970	0.01349	0.01524	0.01317	0.01718	0.01460	0.01038	0.06768	0.42739	0.17254	0.12248	0.02871	0.02619	0.00991	0.00723	0.00229	0.00541	0.00828	0.00749	0.01064
34	0.02515	0.01694	0.01874	0.01490	0.02003	0.01839	0.01213	0.39995	0.19700	0.16884	0.02173	0.02042	0.01526	0.00870	0.00702	0.00217	0.00681	0.00683	0.00733	0.01166
35	0.01827	0.01528	0.01639	0.01595	0.07032	0.05272	0.01151	0.03336	0.51320	0.08062	0.02910	0.02726	0.06571	0.00959	0.00711	0.00230	0.00600	0.00798	0.00672	0.01061
36	0.00988	0.00727	0.00854	0.00813	0.01023	0.00640	0.00613	0.01246	0.01801	0.04786	0.39329	0.05799	0.35724	0.01562	0.00820	0.00227	0.00350	0.01339	0.00717	0.00645
37	0.02426	0.21062	0.02388	0.01650	0.02068	0.55587	0.01311	0.02616	0.01841	0.01692	0.01052	0.01224	0.00898	0.00689	0.00585	0.00172	0.01133	0.00431	0.00345	0.00830
38	0.00850	0.00607	0.00810	0.00972	0.01012	0.00567	0.00648	0.00972	0.01336	0.01781	0.03846	0.75020	0.04615	0.02186	0.00891	0.00283	0.00405	0.01984	0.00648	0.00567
39	0.02144	0.01445	0.01823	0.16558	0.05013	0.01584	0.01331	0.13458	0.25568	0.20147	0.02246	0.02213	0.01593	0.00845	0.00703	0.00225	0.00685	0.00700	0.00650	0.01070
40	0.01733	0.01876	0.07096	0.02069	0.16752	0.13585	0.01416	0.04972	0.17749	0.02273	0.04437	0.02470	0.05524	0.07477	0.01085	0.00263	0.07097	0.00728	0.00479	0.00918
41	0.02018	0.10484	0.02146	0.02000	0.14496	0.24044	0.01359	0.04932	0.15912	0.04153	0.05841	0.02037	0.03348	0.00829	0.00716	0.00203	0.03425	0.00636	0.00478	0.00942
42	0.01866	0.75896	0.03657	0.01194	0.01791	0.02761	0.01194	0.02090	0.01418	0.01642	0.00970	0.01119	0.00896	0.00597	0.00448	0.00149	0.00746	0.00373	0.00299	0.00896
43	0.01447	0.01240	0.01447	0.01034	0.01654	0.00930	0.00827	0.01757	0.01447	0.02274	0.01240	0.01447	0.01034	0.00517	0.00517	0.00103	0.00517	0.00413	0.00413	0.79742
44	0.01203	0.00631	0.00951	0.03730	0.01064	0.00641	0.00659	0.00945	0.00943	0.01255	0.01308	0.04747	0.01324	0.02349	0.02582	0.73752	0.00611	0.00656	0.00316	0.00331
45	0.01266	0.01096	0.01089	0.01003	0.01311	0.03147	0.00772	0.06871	0.20583	0.02353	0.05321	0.05042	0.44595	0.01440	0.00778	0.00232	0.00466	0.01191	0.00660	0.00783
46	0.01400	0.03610	0.71860	0.01989	0.03020	0.01621	0.02578	0.02210	0.01473	0.02210	0.01252	0.01473	0.00884	0.00663	0.00663	0.00221	0.01031	0.00516	0.00295	0.01031
47	0.01400	0.03610	0.71860	0.01989	0.03020	0.01621	0.02578	0.02210	0.01473	0.02210	0.01252	0.01473	0.00884	0.00663	0.00663	0.00221	0.01031	0.00516	0.00295	0.01031
48	0.00988	0.00665	0.00769	0.00796	0.00802	0.00659	0.00460	0.01008	0.01068	0.01423	0.02469	0.16143	0.02879	0.63433	0.03115	0.00612	0.00632	0.01174	0.00460	0.00446
49	0.00900	0.00688	0.00825	0.00836	0.01000	0.00614	0.00610	0.01130	0.01700	0.02252	0.33541	0.20654	0.29302	0.01711	0.00838	0.00239	0.00354	0.01492	0.00699	0.00614
50	0.01212	0.00606	0.00909	0.00909	0.00909	0.00606	0.00606	0.00909	0.00909	0.01212	0.01212	0.02121	0.01212	0.02424	0.02727	0.79697	0.00606	0.00606	0.00303	0.00303
51	0.01540	0.01433	0.04245	0.03277	0.04690	0.01185	0.04622	0.04391	0.09742	0.02409	0.01460	0.01640	0.01167	0.00598	0.00580	0.00142	0.00607	0.00505	0.00446	0.55323
52	0.01085	0.00813	0.00999	0.00927	0.01128	0.00783	0.00702	0.03768	0.06991	0.02777	0.57473	0.05039	0.12039	0.01403	0.00811	0.00222	0.00363	0.01225	0.00750	0.00703
53	0.05098	0.21808	0.02338	0.01519	0.01975	0.36169	0.01241	0.12397	0.01984	0.04536	0.01425	0.01529	0.03669	0.00748	0.00595	0.00181	0.00969	0.00502	0.00425	0.00891

[dist]
# distance from previous block
# <min> <max>
0	4

[block]
# block no. 5 follows, 30 sequences, length 34
# corresponding to MSA columns:
# 168-201
name=unknown_F
#
# <colnr> <probs for GDERKNQSTAVLIFYWHMCP>
#	G	D	E	R	K	N	Q	S	T	A	V	L	I	F	Y	W	H	M	C	P
0	0.01791	0.01815	0.02635	0.03685	0.54516	0.10756	0.04253	0.02174	0.01642	0.02190	0.01470	0.02147	0.01302	0.00734	0.00709	0.00213	0.00882	0.05690	0.00370	0.01026
1	0.01869	0.65870	0.10282	0.01274	0.01912	0.02581	0.01324	0.02153	0.01446	0.04432	0.01068	0.01203	0.00927	0.00614	0.00479	0.00159	0.00768	0.00400	0.00320	0.00920
2	0.01595	0.01300	0.01387	0.01230	0.01572	0.01432	0.00952	0.13268	0.35675	0.02747	0.03458	0.03497	0.16681	0.07272	0.04493	0.00311	0.00619	0.00925	0.00655	0.00929
3	0.01002	0.00688	0.00882	0.00938	0.01068	0.00621	0.00660	0.01185	0.01529	0.05311	0.17644	0.47333	0.12223	0.01868	0.00848	0.00256	0.00396	0.01668	0.00675	0.03203
4	0.01962	0.01483	0.01653	0.01342	0.01788	0.01534	0.01074	0.36978	0.05042	0.03347	0.04751	0.14557	0.02085	0.01071	0.00711	0.00207	0.00628	0.03086	0.00636	0.16065
5	0.00928	0.00645	0.00781	0.00858	0.00889	0.00620	0.00535	0.00994	0.01195	0.01582	0.03218	0.38020	0.06872	0.37168	0.02158	0.00469	0.00532	0.01496	0.00540	0.00499
6	0.01301	0.00650	0.00650	0.00650	0.00813	0.00650	0.00488	0.01626	0.01463	0.02602	0.02276	0.02602	0.01789	0.00813	0.00488	0.00163	0.00325	0.00650	0.79350	0.00650
7	0.00890	0.00624	0.00798	0.00921	0.00952	0.00593	0.00594	0.00982	0.01259	0.01679	0.03452	0.58172	0.04118	0.19712	0.01527	0.00377	0.00470	0.01752	0.00594	0.00532
8	0.01596	0.01715	0.01729	0.01562	0.01680	0.18404	0.01234	0.01753	0.01384	0.01725	0.02101	0.13860	0.09176	0.01318	0.01511	0.00264	0.36965	0.00888	0.00411	0.00723
9	0.02722	0.01578	0.01875	0.09351	0.02280	0.04079	0.01258	0.29500	0.02447	0.34458	0.02095	0.01998	0.01393	0.00830	0.00697	0.00214	0.00724	0.00654	0.00719	0.01129
10	0.00873	0.00697	0.00786	0.00821	0.01006	0.00610	0.00613	0.01069	0.01593	0.01995	0.14088	0.19007	0.45732	0.01814	0.00847	0.00249	0.00382	0.06557	0.00662	0.00598
11	0.01628	0.01395	0.02033	0.04404	0.13203	0.01217	0.09309	0.02075	0.04972	0.06454	0.01444	0.01674	0.01141	0.00591	0.00609	0.00154	0.00668	0.00540	0.00434	0.46054
12	0.19324	0.20993	0.05475	0.01562	0.04172	0.22701	0.04425	0.07441	0.01700	0.02290	0.01190	0.01498	0.01004	0.00709	0.00569	0.00192	0.00885	0.02609	0.00392	0.00869
13	0.56495	0.01367	0.01350	0.17877	0.02210	0.01605	0.01071	0.06762	0.01385	0.02909	0.01084	0.01341	0.00827	0.00673	0.00513	0.00219	0.00647	0.00452	0.00423	0.00791
14	0.76898	0.01342	0.01053	0.00932	0.01369	0.01541	0.00768	0.02113	0.01224	0.06238	0.01052	0.01190	0.00800	0.00658	0.00444	0.00216	0.00542	0.00393	0.00451	0.00775
15	0.01696	0.04887	0.01449	0.01136	0.01462	0.01357	0.00882	0.24307	0.06896	0.05170	0.05413	0.03620	0.16539	0.18122	0.03700	0.00350	0.00657	0.00922	0.00604	0.00830
16	0.01447	0.01240	0.01447	0.01034	0.01654	0.00930	0.00827	0.01757	0.01447	0.02274	0.01240	0.01447	0.01034	0.00517	0.00517	0.00103	0.00517	0.00413	0.00413	0.79742
17	0.00969	0.00708	0.00910	0.00869	0.01033	0.00649	0.00648	0.01276	0.01915	0.02680	0.62691	0.08623	0.11441	0.01489	0.00826	0.00224	0.00335	0.01312	0.00753	0.00649
18	0.00825	0.00707	0.00707	0.00707	0.00943	0.00589	0.00530	0.01001	0.01591	0.01885	0.07069	0.06716	0.70839	0.01767	0.00825	0.00236	0.00353	0.01473	0.00648	0.00589
19	0.02653	0.01955	0.02094	0.01606	0.02164	0.02164	0.01326	0.68796	0.03281	0.04398	0.01675	0.01675	0.01187	0.00838	0.00698	0.00209	0.00768	0.00628	0.00698	0.01187
20	0.02417	0.01787	0.01931	0.01528	0.02022	0.01969	0.01242	0.58841	0.05437	0.04051	0.01961	0.09964	0.01606	0.00993	0.00720	0.00219	0.00719	0.00787	0.00693	0.01114
21	0.00851	0.00628	0.00797	0.00923	0.01001	0.00574	0.00628	0.00989	0.01403	0.01836	0.06850	0.60885	0.15906	0.02087	0.00877	0.00273	0.00393	0.01871	0.00652	0.00574
22	0.01400	0.03610	0.71860	0.01989	0.03020	0.01621	0.02578	0.02210	0.01473	0.02210	0.01252	0.01473	0.00884	0.00663	0.00663	0.00221	0.01031	0.00516	0.00295	0.01031
23	0.00898	0.00681	0.00828	0.00852	0.01003	0.00611	0.00616	0.01121	0.01674	0.02226	0.32021	0.25663	0.25771	0.01749	0.00843	0.00243	0.00358	0.01533	0.00697	0.00611
24	0.01318	0.01240	0.02093	0.73798	0.04806	0.01550	0.01938	0.01783	0.01395	0.01783	0.01240	0.01860	0.00930	0.00698	0.00698	0.00233	0.00930	0.00620	0.00310	0.00775
25	0.01497	0.01330	0.01470	0.01067	0.01675	0.04029	0.00849	0.01802	0.01470	0.02249	0.01233	0.01439	0.01028	0.00526	0.00522	0.00107	0.00549	0.00415	0.00411	0.76332
26	0.00864	0.00617	0.00826	0.00988	0.01034	0.00579	0.00672	0.00996	0.01350	0.01797	0.03838	0.71588	0.04585	0.02173	0.00894	0.00285	0.00417	0.05277	0.00648	0.00571
27	0.01447	0.01240	0.01447	0.01034	0.01654	0.00930	0.00827	0.01757	0.01447	0.02274	0.01240	0.01447	0.01034	0.00517	0.00517	0.00103	0.00517	0.00413	0.00413	0.79742
28	0.01504	0.01671	0.05759	0.05438	0.10764	0.01520	0.42746	0.01998	0.01591	0.02187	0.04226	0.11046	0.01696	0.00826	0.00795	0.00232	0.00972	0.00927	0.00402	0.03699
29	0.59669	0.01658	0.11264	0.07173	0.01893	0.01552	0.01125	0.02101	0.01275	0.05396	0.01100	0.01288	0.00824	0.00662	0.00497	0.00218	0.00645	0.00430	0.00418	0.00813
30	0.06983	0.01290	0.01640	0.01271	0.01802	0.01201	0.01047	0.10515	0.04265	0.58539	0.02547	0.02242	0.01631	0.00852	0.00688	0.00216	0.00609	0.00680	0.00819	0.01163
31	0.00997	0.00748	0.01121	0.01121	0.01246	0.00872	0.00872	0.01246	0.01121	0.01620	0.01869	0.02741	0.01745	0.05234	0.72710	0.01121	0.01869	0.00748	0.00374	0.00623
32	0.01640	0.01536	0.05245	0.15693	0.09662	0.04936	0.07128	0.07053	0.14361	0.06266	0.02476	0.05711	0.09382	0.01163	0.04409	0.00273	0.00820	0.00823	0.00509	0.00914
33	0.04846	0.09524	0.02149	0.04227	0.07437	0.28025	0.01343	0.21149	0.04365	0.02613	0.01346	0.01515	0.01065	0.00876	0.02984	0.00220	0.00968	0.00528	0.00463	0.04357

[dist]
# distance from previous block
# <min> <max>
7	9

[block]
# block no. 6 follows, 30 sequences, length 12
# corresponding to MSA columns:
# 211-222
name=unknown_G
#
# <colnr> <probs for GDERKNQSTAVLIFYWHMCP>
#	G	D	E	R	K	N	Q	S	T	A	V	L	I	F	Y	W	H	M	C	P
0	0.01368	0.00957	0.01133	0.01077	0.01312	0.00929	0.00796	0.14288	0.01794	0.06427	0.03643	0.42265	0.12800	0.01681	0.00809	0.00247	0.00486	0.01473	0.00655	0.05859
1	0.00850	0.00607	0.00810	0.00972	0.01012	0.00567	0.00648	0.00972	0.01336	0.01781	0.03846	0.75020	0.04615	0.02186	0.00891	0.00283	0.00405	0.01984	0.00648	0.00567
2	0.01347	0.01270	0.02145	0.68885	0.09493	0.01558	0.01952	0.01808	0.01409	0.01818	0.01245	0.01851	0.00943	0.00692	0.00697	0.00231	0.00923	0.00620	0.00313	0.00799
3	0.01622	0.01525	0.02541	0.13634	0.53417	0.01578	0.01989	0.02101	0.04402	0.02222	0.01556	0.02273	0.01356	0.00750	0.00714	0.00221	0.00817	0.05882	0.00379	0.01022
4	0.02088	0.01472	0.01647	0.09228	0.02035	0.01628	0.01134	0.40644	0.02511	0.03555	0.01814	0.01983	0.01345	0.00815	0.00633	0.00197	0.00649	0.00634	0.25013	0.00976
5	0.01023	0.00780	0.01147	0.01132	0.01243	0.00920	0.00874	0.01252	0.01112	0.01605	0.01845	0.02802	0.01756	0.09596	0.64869	0.01054	0.05241	0.00758	0.00374	0.00617
6	0.01318	0.01240	0.02093	0.73798	0.04806	0.01550	0.01938	0.01783	0.01395	0.01783	0.01240	0.01860	0.00930	0.00698	0.00698	0.00233	0.00930	0.00620	0.00310	0.00775
7	0.00841	0.00708	0.00730	0.00724	0.00953	0.00596	0.00543	0.01034	0.01630	0.01978	0.13571	0.06562	0.64279	0.01733	0.00825	0.00234	0.00351	0.01451	0.00660	0.00596
8	0.02417	0.21903	0.02407	0.01643	0.02064	0.54777	0.01309	0.02608	0.01834	0.01691	0.01051	0.01223	0.00898	0.00688	0.00583	0.00172	0.01127	0.00430	0.00344	0.00831
9	0.01772	0.01105	0.01154	0.00983	0.01284	0.01178	0.00780	0.25038	0.02097	0.03228	0.02067	0.02279	0.01579	0.00822	0.00561	0.00179	0.00480	0.00643	0.51935	0.00837
10	0.80405	0.01350	0.01026	0.00918	0.01350	0.01565	0.00756	0.02051	0.01188	0.03131	0.00972	0.01134	0.00756	0.00648	0.00432	0.00216	0.00540	0.00378	0.00432	0.00756
11	0.01170	0.01007	0.01328	0.01265	0.01372	0.04491	0.00991	0.01386	0.01147	0.01622	0.01675	0.02540	0.01593	0.07693	0.53209	0.00908	0.14871	0.00722	0.00363	0.00648

[dist]
# distance from previous block
# <min> <max>
0	1

[block]
# block no. 7 follows, 30 sequences, length 36
# corresponding to MSA columns:
# 224-259
name=unknown_H
#
# <colnr> <probs for GDERKNQSTAVLIFYWHMCP>
#	G	D	E	R	K	N	Q	S	T	A	V	L	I	F	Y	W	H	M	C	P
0	0.02503	0.10553	0.02183	0.01816	0.04552	0.60044	0.01360	0.05548	0.01964	0.01838	0.01102	0.01279	0.00918	0.00708	0.00616	0.00179	0.01170	0.00456	0.00368	0.00845
1	0.57236	0.06219	0.07795	0.01034	0.01474	0.01516	0.00934	0.01913	0.01191	0.02689	0.01030	0.01299	0.00839	0.00888	0.00767	0.11025	0.00608	0.00421	0.00393	0.00729
2	0.02434	0.01843	0.01972	0.01552	0.02079	0.02042	0.01267	0.53845	0.16455	0.04040	0.01894	0.01853	0.01370	0.00850	0.00695	0.00212	0.00717	0.00654	0.00692	0.03536
3	0.00840	0.00645	0.00771	0.00871	0.00986	0.00575	0.00603	0.00983	0.01433	0.01821	0.05075	0.48978	0.29865	0.02027	0.00866	0.00265	0.00385	0.01789	0.00648	0.00575
4	0.01337	0.01260	0.02127	0.70593	0.07864	0.01555	0.01947	0.01799	0.01404	0.01806	0.01244	0.01854	0.00938	0.00694	0.00697	0.00231	0.00926	0.00620	0.00312	0.00790
5	0.00998	0.00742	0.01093	0.01093	0.01208	0.00857	0.00837	0.01228	0.01113	0.01599	0.01895	0.02885	0.01807	0.10766	0.67263	0.01086	0.01775	0.00769	0.00378	0.00607
6	0.01447	0.01240	0.01447	0.01034	0.01654	0.00930	0.00827	0.01757	0.01447	0.02274	0.01240	0.01447	0.01034	0.00517	0.00517	0.00103	0.00517	0.00413	0.00413	0.79742
7	0.01367	0.00915	0.01104	0.01069	0.01291	0.00892	0.00812	0.11904	0.01823	0.08506	0.09405	0.32893	0.15799	0.01697	0.00833	0.00256	0.00485	0.07528	0.00684	0.00738
8	0.01866	0.75896	0.03657	0.01194	0.01791	0.02761	0.01194	0.02090	0.01418	0.01642	0.00970	0.01119	0.00896	0.00597	0.00448	0.00149	0.00746	0.00373	0.00299	0.00896
9	0.01487	0.01457	0.04790	0.01554	0.03752	0.01156	0.14970	0.03452	0.01531	0.02286	0.01441	0.05868	0.01248	0.00646	0.00617	0.00151	0.00681	0.00605	0.00415	0.51894
10	0.01002	0.00727	0.01019	0.01019	0.01108	0.00816	0.00744	0.01180	0.01091	0.01544	0.01963	0.03262	0.01970	0.25251	0.53002	0.00995	0.01529	0.00824	0.00388	0.00566
11	0.01866	0.75896	0.03657	0.01194	0.01791	0.02761	0.01194	0.02090	0.01418	0.01642	0.00970	0.01119	0.00896	0.00597	0.00448	0.00149	0.00746	0.00373	0.00299	0.00896
12	0.01318	0.01240	0.02093	0.73798	0.04806	0.01550	0.01938	0.01783	0.01395	0.01783	0.01240	0.01860	0.00930	0.00698	0.00698	0.00233	0.00930	0.00620	0.00310	0.00775
13	0.00836	0.00703	0.00726	0.00729	0.00952	0.00593	0.00543	0.01020	0.01604	0.01939	0.11011	0.09525	0.63907	0.01763	0.00827	0.00237	0.00354	0.01481	0.00656	0.00593
14	0.01212	0.00606	0.00909	0.00909	0.00909	0.00606	0.00606	0.00909	0.00909	0.01212	0.01212	0.02121	0.01212	0.02424	0.02727	0.79697	0.00606	0.00606	0.00303	0.00303
15	0.05317	0.63653	0.05499	0.01263	0.01844	0.09205	0.01232	0.02157	0.01462	0.01730	0.00989	0.01144	0.00889	0.00613	0.00471	0.00157	0.00794	0.00385	0.00310	0.00886
16	0.16822	0.01214	0.01458	0.01132	0.01657	0.01095	0.00927	0.02776	0.01742	0.43658	0.04019	0.02046	0.01549	0.00772	0.00620	0.00194	0.00562	0.00602	0.00694	0.16460
17	0.01866	0.75896	0.03657	0.01194	0.01791	0.02761	0.01194	0.02090	0.01418	0.01642	0.00970	0.01119	0.00896	0.00597	0.00448	0.00149	0.00746	0.00373	0.00299	0.00896
18	0.01488	0.02296	0.26308	0.19899	0.06830	0.01659	0.27170	0.02113	0.01525	0.02119	0.01312	0.01733	0.00971	0.00641	0.00733	0.00229	0.01052	0.00661	0.00323	0.00939
19	0.02309	0.27342	0.02613	0.05202	0.02172	0.11418	0.01315	0.34071	0.02380	0.02976	0.01335	0.01441	0.01037	0.00733	0.00604	0.00186	0.00832	0.00518	0.00498	0.01017
20	0.01010	0.00696	0.00862	0.00862	0.00897	0.00731	0.00548	0.01079	0.01045	0.01428	0.02107	0.04056	0.02316	0.55842	0.22882	0.00801	0.01010	0.00940	0.00409	0.00479
21	0.02170	0.01527	0.01728	0.01513	0.04839	0.01644	0.01164	0.26638	0.24341	0.13600	0.02764	0.02745	0.08164	0.00988	0.00722	0.00225	0.00632	0.02805	0.00705	0.01084
22	0.01447	0.01240	0.01447	0.01034	0.01654	0.00930	0.00827	0.01757	0.01447	0.02274	0.01240	0.01447	0.01034	0.00517	0.00517	0.00103	0.00517	0.00413	0.00413	0.79742
23	0.01330	0.00881	0.01007	0.00931	0.01042	0.00907	0.00611	0.10874	0.01406	0.04810	0.02230	0.08114	0.02397	0.54283	0.05806	0.00586	0.00721	0.00991	0.00492	0.00582
24	0.01487	0.01473	0.02059	0.01782	0.01784	0.02045	0.01475	0.01638	0.01084	0.01685	0.01088	0.05839	0.01133	0.01278	0.02208	0.00304	0.69868	0.00691	0.00325	0.00752
25	0.01483	0.00856	0.01108	0.01011	0.01254	0.00802	0.00769	0.01886	0.06838	0.17502	0.40296	0.15688	0.04892	0.01393	0.00800	0.00230	0.00415	0.01223	0.00765	0.00791
26	0.02555	0.01842	0.01992	0.01556	0.02091	0.02032	0.01276	0.55539	0.12489	0.08483	0.01907	0.01850	0.01353	0.00855	0.00700	0.00214	0.00727	0.00655	0.00710	0.01175
27	0.01879	0.01371	0.01528	0.01306	0.01689	0.01469	0.01037	0.23224	0.21842	0.07027	0.02781	0.05630	0.08990	0.01218	0.00917	0.07517	0.00606	0.05019	0.00652	0.04297
28	0.48999	0.01643	0.04990	0.01183	0.01681	0.04029	0.01019	0.16391	0.01759	0.10597	0.01329	0.01402	0.00962	0.00714	0.00536	0.00214	0.00643	0.00475	0.00525	0.00909
29	0.01004	0.00672	0.00764	0.00775	0.00777	0.00670	0.00437	0.01012	0.01035	0.01380	0.02304	0.09079	0.02670	0.70782	0.03381	0.00651	0.00659	0.01077	0.00437	0.00432
30	0.02043	0.19270	0.02571	0.02328	0.22573	0.20709	0.01515	0.06737	0.01726	0.04199	0.01259	0.01535	0.01060	0.00985	0.05299	0.00250	0.04093	0.00529	0.00378	0.00941
31	0.05703	0.01013	0.01079	0.08117	0.03271	0.03746	0.00830	0.01565	0.09485	0.02107	0.07934	0.06972	0.42772	0.01429	0.00767	0.00232	0.00492	0.01190	0.00596	0.00701
32	0.01410	0.01630	0.08741	0.06490	0.07207	0.01386	0.33427	0.01868	0.01525	0.02107	0.01933	0.18791	0.01863	0.00969	0.00784	0.00232	0.00894	0.01008	0.00418	0.07317
33	0.01731	0.01408	0.04271	0.05589	0.01857	0.07849	0.03166	0.05159	0.15818	0.13353	0.07641	0.19150	0.02637	0.01466	0.05363	0.00292	0.00728	0.01024	0.00619	0.00879
34	0.07745	0.06974	0.05297	0.06285	0.08124	0.23410	0.01424	0.16608	0.04688	0.04672	0.01486	0.01652	0.02731	0.00788	0.00737	0.00206	0.05212	0.00561	0.00459	0.00941
35	0.00953	0.00661	0.00769	0.00811	0.00845	0.00639	0.00492	0.01002	0.01156	0.01518	0.03109	0.23282	0.09779	0.49000	0.02586	0.00530	0.00574	0.01314	0.00504	0.00477

[dist]
# distance from previous block
# <min> <max>
0	1

[block]
# block no. 8 follows, 30 sequences, length 34
# corresponding to MSA columns:
# 261-294
name=unknown_I
#
# <colnr> <probs for GDERKNQSTAVLIFYWHMCP>
#	G	D	E	R	K	N	Q	S	T	A	V	L	I	F	Y	W	H	M	C	P
0	0.02386	0.13674	0.02221	0.05446	0.02224	0.47507	0.01341	0.09411	0.05769	0.02044	0.01230	0.01387	0.00998	0.00725	0.00618	0.00184	0.01076	0.00484	0.00402	0.00875
1	0.01448	0.01166	0.01605	0.01401	0.01694	0.01196	0.09595	0.14573	0.09068	0.02566	0.08758	0.22535	0.05887	0.06013	0.00991	0.00280	0.00627	0.09177	0.00622	0.00800
2	0.02176	0.01593	0.01725	0.01384	0.01802	0.01739	0.01099	0.48416	0.04957	0.03568	0.02137	0.04696	0.05511	0.10609	0.01181	0.04301	0.00705	0.00773	0.00639	0.00987
3	0.10072	0.02091	0.05815	0.01592	0.04653	0.18429	0.01270	0.28145	0.02346	0.05011	0.10196	0.03781	0.01833	0.00880	0.00673	0.00207	0.00809	0.00669	0.00567	0.00961
4	0.00934	0.04965	0.01054	0.00945	0.01123	0.00747	0.03015	0.01111	0.01488	0.01888	0.08708	0.37589	0.30239	0.01833	0.00834	0.00252	0.00427	0.01611	0.00625	0.00613
5	0.03572	0.05965	0.04177	0.02518	0.28123	0.09121	0.03712	0.07692	0.10806	0.02521	0.10411	0.02177	0.01899	0.00791	0.00682	0.00205	0.00764	0.00685	0.00478	0.03699
6	0.01368	0.03439	0.67832	0.01931	0.02906	0.01561	0.02469	0.02140	0.01466	0.02186	0.01399	0.05643	0.01096	0.00749	0.00676	0.00225	0.00996	0.00599	0.00315	0.01005
7	0.04545	0.03964	0.09062	0.05325	0.04120	0.20361	0.01431	0.26877	0.02332	0.08813	0.05298	0.01783	0.01389	0.00800	0.00670	0.00204	0.00887	0.00598	0.00541	0.01001
8	0.01389	0.01179	0.01385	0.01028	0.01591	0.00895	0.00809	0.01681	0.01436	0.02226	0.01494	0.08600	0.01382	0.00679	0.00553	0.00121	0.00506	0.00566	0.00436	0.72044
9	0.01447	0.01240	0.01447	0.01034	0.01654	0.00930	0.00827	0.01757	0.01447	0.02274	0.01240	0.01447	0.01034	0.00517	0.00517	0.00103	0.00517	0.00413	0.00413	0.79742
10	0.02105	0.03797	0.01370	0.01109	0.01466	0.00919	0.00885	0.02358	0.01785	0.37155	0.12433	0.17454	0.03062	0.01243	0.00748	0.00228	0.00515	0.04627	0.03838	0.02903
11	0.02432	0.09104	0.01833	0.01268	0.01760	0.01439	0.01056	0.17770	0.04747	0.32590	0.10469	0.02401	0.02087	0.01006	0.02688	0.00228	0.00647	0.00709	0.00713	0.05053
12	0.00971	0.00713	0.00910	0.00860	0.01032	0.00651	0.00645	0.01285	0.01936	0.02705	0.64232	0.05367	0.13165	0.01462	0.00823	0.00221	0.00332	0.01284	0.00756	0.00651
13	0.00873	0.00625	0.00830	0.00956	0.01017	0.00582	0.00650	0.01028	0.01440	0.01947	0.14766	0.63627	0.04937	0.02062	0.00880	0.00273	0.00393	0.01866	0.00667	0.00582
14	0.01628	0.02028	0.10102	0.02903	0.05955	0.01748	0.60385	0.02230	0.01630	0.02235	0.01394	0.01841	0.01045	0.00596	0.00805	0.00233	0.01151	0.00789	0.00347	0.00955
15	0.01778	0.01588	0.01597	0.01439	0.01831	0.05210	0.01116	0.03663	0.66537	0.02860	0.02754	0.02538	0.02070	0.00936	0.00706	0.00234	0.00587	0.00772	0.00693	0.01090
16	0.28591	0.01241	0.01424	0.01135	0.01639	0.01203	0.00937	0.02956	0.01731	0.49045	0.02166	0.01966	0.01407	0.00793	0.00613	0.00216	0.00576	0.00595	0.00721	0.01045
17	0.01318	0.01240	0.02093	0.73798	0.04806	0.01550	0.01938	0.01783	0.01395	0.01783	0.01240	0.01860	0.00930	0.00698	0.00698	0.00233	0.00930	0.00620	0.00310	0.00775
18	0.00959	0.00707	0.00897	0.00861	0.01028	0.00644	0.00641	0.01257	0.01891	0.02625	0.58892	0.09244	0.14734	0.01512	0.00827	0.00225	0.00336	0.01329	0.00746	0.00644
19	0.00850	0.00607	0.00810	0.00972	0.01012	0.00567	0.00648	0.00972	0.01336	0.01781	0.03846	0.75020	0.04615	0.02186	0.00891	0.00283	0.00405	0.01984	0.00648	0.00567
20	0.02794	0.01359	0.05468	0.01293	0.01847	0.01135	0.01110	0.03290	0.09696	0.56546	0.02606	0.02306	0.01693	0.00845	0.00692	0.00213	0.00609	0.00687	0.00793	0.05017
21	0.01318	0.01240	0.02093	0.73798	0.04806	0.01550	0.01938	0.01783	0.01395	0.01783	0.01240	0.01860	0.00930	0.00698	0.00698	0.00233	0.00930	0.00620	0.00310	0.00775
22	0.04270	0.03477	0.02031	0.41664	0.13545	0.04191	0.01654	0.05279	0.01467	0.01949	0.01246	0.01800	0.01003	0.00944	0.00977	0.11933	0.00853	0.00597	0.00340	0.00780
23	0.02040	0.25641	0.16750	0.01908	0.09567	0.26676	0.01633	0.04611	0.01705	0.01941	0.01125	0.01323	0.00927	0.00664	0.00589	0.00183	0.00991	0.00464	0.00337	0.00925
24	0.05731	0.16837	0.05910	0.03993	0.01778	0.04331	0.01126	0.10170	0.05401	0.08694	0.14552	0.06859	0.02597	0.03179	0.00765	0.00228	0.00653	0.05766	0.00564	0.00867
25	0.00900	0.00643	0.00867	0.01029	0.01091	0.00610	0.00735	0.01058	0.01386	0.01838	0.03818	0.62735	0.04506	0.02139	0.00904	0.00290	0.00448	0.13773	0.00647	0.00581
26	0.02065	0.01533	0.01695	0.01431	0.01855	0.01716	0.01142	0.20893	0.37926	0.10345	0.05091	0.02407	0.01962	0.01086	0.03280	0.00260	0.02771	0.00749	0.00702	0.01091
27	0.00997	0.00748	0.01121	0.01121	0.01246	0.00872	0.00872	0.01246	0.01121	0.01620	0.01869	0.02741	0.01745	0.05234	0.72710	0.01121	0.01869	0.00748	0.00374	0.00623
28	0.02249	0.09661	0.02112	0.04630	0.06417	0.43061	0.01353	0.05015	0.12756	0.02024	0.01413	0.01568	0.01143	0.00866	0.02623	0.00217	0.01057	0.00528	0.00419	0.00889
29	0.00902	0.00629	0.00794	0.00906	0.00933	0.00601	0.00577	0.00985	0.01235	0.01647	0.03329	0.52908	0.03963	0.25188	0.01726	0.00407	0.00490	0.01680	0.00577	0.00522
30	0.01754	0.03433	0.01617	0.01157	0.01737	0.01211	0.00937	0.14845	0.01826	0.06161	0.01500	0.04511	0.01240	0.00667	0.00575	0.00138	0.00571	0.00532	0.00498	0.55090
31	0.00851	0.00626	0.00798	0.00929	0.01003	0.00573	0.00630	0.00987	0.01395	0.01830	0.06511	0.62475	0.14637	0.02098	0.00879	0.00274	0.00395	0.01883	0.00652	0.00573
