[name]
unknown

[dist]
# distance from previous block
# <min> <max>
14	32

[block]
# block no. 0 follows, 26 sequences, length 23
# corresponding to MSA columns:
# 35-57
name=unknown_A
#
# <colnr> <probs for GDERKNQSTAVLIFYWHMCP>
#	G	D	E	R	K	N	Q	S	T	A	V	L	I	F	Y	W	H	M	C	P
0	0.02367	0.01196	0.01519	0.01258	0.01683	0.01138	0.01003	0.05388	0.11626	0.34511	0.25256	0.03642	0.03723	0.01160	0.00809	0.00239	0.00548	0.00982	0.00872	0.01081
1	0.01580	0.01214	0.01516	0.01676	0.11252	0.03613	0.01066	0.11175	0.01981	0.05244	0.18475	0.21415	0.03854	0.10964	0.01251	0.00317	0.00627	0.01278	0.00661	0.00841
2	0.75714	0.01460	0.01140	0.01011	0.01485	0.01678	0.00833	0.02288	0.01326	0.06011	0.01133	0.01286	0.00863	0.00713	0.00481	0.00235	0.00589	0.00425	0.00488	0.00840
3	0.02085	0.02352	0.12090	0.02118	0.02729	0.10952	0.19516	0.17535	0.08948	0.02878	0.01783	0.02236	0.01428	0.08595	0.01117	0.00291	0.01035	0.00763	0.00513	0.01038
4	0.02367	0.01766	0.01931	0.01582	0.02054	0.01944	0.01267	0.45788	0.09716	0.04002	0.02390	0.14949	0.02096	0.01336	0.02911	0.00276	0.00775	0.00974	0.00739	0.01139
5	0.01975	0.66548	0.10765	0.01388	0.02085	0.02873	0.01454	0.02285	0.01547	0.01849	0.01086	0.01257	0.00972	0.00656	0.00511	0.00170	0.00843	0.00422	0.00324	0.00989
6	0.01017	0.00748	0.00865	0.00923	0.01016	0.00711	0.00604	0.01189	0.03787	0.01840	0.04326	0.30312	0.19097	0.27789	0.01986	0.00448	0.00539	0.01598	0.00619	0.00587
7	0.05422	0.39250	0.22703	0.01647	0.04045	0.05957	0.01723	0.02358	0.01628	0.04148	0.03973	0.01579	0.01250	0.00726	0.00597	0.00197	0.00900	0.00513	0.00374	0.01010
8	0.03199	0.01344	0.01766	0.01365	0.01928	0.01218	0.01123	0.10025	0.02314	0.58207	0.07066	0.02701	0.02156	0.00975	0.00771	0.00234	0.00647	0.00794	0.00913	0.01254
9	0.00924	0.00660	0.00880	0.01056	0.01100	0.00616	0.00704	0.01056	0.01452	0.01936	0.04181	0.72848	0.05017	0.02376	0.00968	0.00308	0.00440	0.02156	0.00704	0.00616
10	0.00923	0.00665	0.00875	0.01043	0.01097	0.00617	0.00698	0.01058	0.01465	0.01941	0.04341	0.69855	0.07907	0.02356	0.00965	0.00306	0.00438	0.02131	0.00704	0.00617
11	0.01555	0.03690	0.61326	0.02291	0.03368	0.01781	0.10655	0.02406	0.01625	0.02406	0.01383	0.01657	0.00985	0.00711	0.00742	0.00242	0.01141	0.00602	0.00328	0.01109
12	0.00961	0.00681	0.00888	0.01019	0.01072	0.00640	0.00677	0.01101	0.01483	0.01996	0.10616	0.57928	0.04974	0.10599	0.01299	0.00351	0.00466	0.01952	0.00689	0.00608
13	0.01818	0.01742	0.02972	0.13530	0.60199	0.01787	0.02298	0.02276	0.01699	0.02406	0.01416	0.01897	0.01176	0.00687	0.00752	0.00229	0.00916	0.00676	0.00370	0.01154
14	0.01790	0.01713	0.02922	0.17726	0.56221	0.01779	0.02285	0.02252	0.01686	0.02372	0.01411	0.01906	0.01164	0.00692	0.00752	0.00231	0.00923	0.00675	0.00368	0.01131
15	0.73585	0.01511	0.01193	0.01048	0.01527	0.01745	0.00863	0.06538	0.01444	0.03496	0.01108	0.01272	0.00853	0.00718	0.00489	0.00234	0.00603	0.00429	0.00489	0.00853
16	0.00950	0.00761	0.00816	0.00814	0.01018	0.00663	0.00586	0.01140	0.01699	0.02116	0.15760	0.09113	0.48512	0.11182	0.01285	0.00318	0.00428	0.01522	0.00692	0.00627
17	0.01597	0.01827	0.10689	0.02287	0.04658	0.01576	0.28134	0.02177	0.05173	0.04597	0.09452	0.13030	0.02453	0.01106	0.01017	0.00265	0.07445	0.01064	0.00509	0.00945
18	0.04481	0.02303	0.10983	0.05844	0.32475	0.10954	0.03945	0.08846	0.07936	0.02683	0.01564	0.01847	0.01231	0.00754	0.00737	0.00229	0.00962	0.00652	0.00446	0.01126
19	0.02003	0.70393	0.07165	0.01340	0.02012	0.02941	0.01371	0.02278	0.01544	0.01815	0.01069	0.01235	0.00973	0.00652	0.00498	0.00166	0.00826	0.00413	0.00324	0.00981
20	0.01894	0.01678	0.01736	0.01297	0.01935	0.07575	0.01036	0.12066	0.01938	0.02777	0.01406	0.01593	0.01136	0.00637	0.00604	0.00138	0.00678	0.00490	0.00492	0.58895
21	0.02464	0.01819	0.01989	0.01604	0.02094	0.02002	0.01300	0.49984	0.05724	0.04105	0.02180	0.07003	0.01838	0.05261	0.03493	0.00305	0.00831	0.04136	0.00723	0.01143
22	0.62557	0.01388	0.01225	0.06977	0.01770	0.01590	0.00930	0.02180	0.01418	0.05413	0.07303	0.01750	0.01453	0.00794	0.00543	0.00237	0.00604	0.00533	0.00507	0.00829

[dist]
# distance from previous block
# <min> <max>
1	2

[block]
# block no. 1 follows, 26 sequences, length 68
# corresponding to MSA columns:
# 60-83,85-128
name=unknown_B
#
# <colnr> <probs for GDERKNQSTAVLIFYWHMCP>
#	G	D	E	R	K	N	Q	S	T	A	V	L	I	F	Y	W	H	M	C	P
0	0.00935	0.00675	0.00867	0.01015	0.01073	0.00627	0.00675	0.01062	0.01449	0.01910	0.04337	0.62199	0.10132	0.07746	0.01183	0.00336	0.00458	0.02030	0.00685	0.00606
1	0.06144	0.17871	0.02286	0.01544	0.04519	0.10369	0.01230	0.13821	0.07190	0.12594	0.12723	0.02425	0.02285	0.00935	0.00698	0.00214	0.00761	0.00722	0.00627	0.01040
2	0.02883	0.02125	0.02276	0.01745	0.02352	0.02352	0.01442	0.66082	0.03566	0.04780	0.01821	0.01821	0.01290	0.00911	0.00759	0.00228	0.00835	0.00683	0.00759	0.01290
3	0.01318	0.00659	0.00988	0.00988	0.00988	0.00659	0.00659	0.00988	0.00988	0.01318	0.01318	0.02306	0.01318	0.02635	0.02964	0.77931	0.00659	0.00659	0.00329	0.00329
4	0.02161	0.62220	0.03674	0.01406	0.02012	0.14104	0.01326	0.02396	0.01642	0.01796	0.01074	0.01242	0.00974	0.00671	0.00519	0.00168	0.00903	0.00419	0.00335	0.00958
5	0.02876	0.01896	0.02112	0.01625	0.02223	0.02015	0.01338	0.47482	0.06146	0.17489	0.02091	0.02008	0.01447	0.00904	0.00750	0.00225	0.00772	0.00695	0.00780	0.05125
6	0.01916	0.01867	0.02981	0.04410	0.63005	0.04552	0.02243	0.02431	0.04644	0.02484	0.01490	0.01899	0.01242	0.00696	0.00749	0.00225	0.00906	0.00676	0.00394	0.01189
7	0.02941	0.02033	0.02220	0.01702	0.02307	0.02216	0.01406	0.59225	0.03413	0.11854	0.01950	0.01905	0.01355	0.00914	0.00759	0.00228	0.00814	0.00692	0.00779	0.01290
8	0.00937	0.00670	0.00891	0.01048	0.01103	0.00625	0.00705	0.01088	0.01511	0.02030	0.09612	0.67149	0.05198	0.02306	0.00962	0.00302	0.00433	0.02090	0.00715	0.00625
9	0.16165	0.19469	0.04941	0.01384	0.01990	0.01951	0.01238	0.15246	0.02111	0.25729	0.01880	0.01820	0.01317	0.00812	0.00641	0.00216	0.00732	0.00589	0.00645	0.01123
10	0.02653	0.01992	0.02152	0.01646	0.02256	0.02137	0.01353	0.54326	0.05624	0.04380	0.01798	0.01822	0.01303	0.00863	0.00730	0.00212	0.00786	0.00655	0.00714	0.12598
11	0.02290	0.50946	0.03380	0.01512	0.02076	0.24914	0.01352	0.02518	0.01739	0.01808	0.01093	0.01266	0.00975	0.00692	0.00551	0.00173	0.00992	0.00433	0.00346	0.00943
12	0.66249	0.01458	0.01347	0.06323	0.01847	0.01669	0.04004	0.02173	0.01349	0.03195	0.01361	0.01568	0.03505	0.00753	0.00528	0.00238	0.00643	0.00500	0.00465	0.00825
13	0.01414	0.00707	0.00707	0.00707	0.00884	0.00707	0.00530	0.01767	0.01591	0.02828	0.02474	0.02828	0.01944	0.00884	0.00530	0.00177	0.00353	0.00707	0.77554	0.00707
14	0.01573	0.01348	0.01573	0.01123	0.01798	0.01011	0.00899	0.01910	0.01573	0.02472	0.01348	0.01573	0.01123	0.00562	0.00562	0.00112	0.00562	0.00449	0.00449	0.77980
15	0.01527	0.01594	0.05673	0.16625	0.09868	0.01520	0.23136	0.04765	0.01717	0.02308	0.02338	0.18686	0.04551	0.01136	0.00856	0.00262	0.00930	0.01124	0.00474	0.00911
16	0.02716	0.03412	0.02203	0.05476	0.05877	0.63455	0.01541	0.02940	0.02097	0.01892	0.01194	0.01426	0.00990	0.00775	0.00691	0.00200	0.01327	0.00507	0.00387	0.00894
17	0.01318	0.00659	0.00988	0.00988	0.00988	0.00659	0.00659	0.00988	0.00988	0.01318	0.01318	0.02306	0.01318	0.02635	0.02964	0.77931	0.00659	0.00659	0.00329	0.00329
18	0.01137	0.04526	0.01247	0.01108	0.01235	0.00988	0.00826	0.01336	0.01235	0.01727	0.04305	0.03516	0.02259	0.23571	0.46465	0.01001	0.01563	0.00889	0.00431	0.00635
19	0.78701	0.01467	0.01115	0.00997	0.01467	0.01702	0.00821	0.02230	0.01291	0.03403	0.01056	0.01232	0.00821	0.00704	0.00469	0.00235	0.00587	0.00411	0.00469	0.00821
20	0.00946	0.00770	0.00838	0.00821	0.01055	0.00662	0.00616	0.01185	0.01847	0.02330	0.24786	0.06838	0.51027	0.01816	0.00896	0.00251	0.00377	0.01536	0.00741	0.00662
21	0.08680	0.01311	0.01457	0.01280	0.01645	0.01394	0.00996	0.11846	0.20062	0.10899	0.11528	0.09263	0.07891	0.01349	0.00952	0.06169	0.00581	0.01004	0.00726	0.00967
22	0.01414	0.00707	0.00707	0.00707	0.00884	0.00707	0.00530	0.01767	0.01591	0.02828	0.02474	0.02828	0.01944	0.00884	0.00530	0.00177	0.00353	0.00707	0.77554	0.00707
23	0.02476	0.04884	0.02134	0.05216	0.02319	0.09624	0.01370	0.40019	0.10560	0.03796	0.05068	0.02313	0.04868	0.00970	0.00754	0.00228	0.00831	0.00746	0.00682	0.01142
24	0.08283	0.24920	0.15881	0.01666	0.02339	0.14316	0.01620	0.17703	0.02125	0.02763	0.01319	0.01465	0.01035	0.00753	0.00631	0.00205	0.00958	0.00517	0.00451	0.01050
25	0.78701	0.01467	0.01115	0.00997	0.01467	0.01702	0.00821	0.02230	0.01291	0.03403	0.01056	0.01232	0.00821	0.00704	0.00469	0.00235	0.00587	0.00411	0.00469	0.00821
26	0.07621	0.07335	0.02208	0.13094	0.02506	0.14781	0.01521	0.06977	0.01639	0.02190	0.01326	0.04350	0.01196	0.01246	0.04535	0.00306	0.25237	0.00659	0.00403	0.00871
27	0.01063	0.00775	0.00999	0.00943	0.01127	0.00711	0.00707	0.01410	0.02122	0.02981	0.64517	0.05766	0.10889	0.01573	0.00895	0.00240	0.00359	0.01386	0.00827	0.00711
28	0.01653	0.01565	0.05019	0.01450	0.01848	0.01642	0.01182	0.03229	0.47091	0.02830	0.03682	0.06757	0.12830	0.01234	0.00882	0.00262	0.04055	0.01013	0.00713	0.01061
29	0.02903	0.02094	0.02257	0.01731	0.02337	0.02306	0.01430	0.63770	0.03515	0.07166	0.01864	0.01849	0.01312	0.00912	0.00759	0.00228	0.00828	0.00686	0.00765	0.01290
30	0.00913	0.00759	0.00798	0.00810	0.01040	0.00644	0.00599	0.01112	0.01735	0.02115	0.12032	0.13357	0.57608	0.01935	0.00903	0.00260	0.00387	0.01636	0.00714	0.00644
31	0.01825	0.10118	0.16356	0.01626	0.02203	0.01822	0.01562	0.05443	0.31186	0.05424	0.02577	0.03185	0.02123	0.01070	0.00769	0.00255	0.00760	0.09988	0.00621	0.01091
32	0.00944	0.00672	0.00888	0.01038	0.01091	0.00629	0.00694	0.01088	0.01491	0.02002	0.09129	0.64567	0.05085	0.05453	0.01090	0.00322	0.00447	0.02048	0.00704	0.00617
33	0.02702	0.15052	0.02447	0.01847	0.02280	0.59332	0.01438	0.02905	0.02050	0.01845	0.01153	0.01343	0.00976	0.00760	0.00652	0.00190	0.01277	0.00475	0.00380	0.00895
34	0.18965	0.43436	0.02971	0.01368	0.01924	0.16662	0.01228	0.02419	0.01612	0.02153	0.01079	0.01251	0.00941	0.00688	0.00524	0.00185	0.00877	0.00424	0.00370	0.00921
35	0.01707	0.00887	0.01186	0.01123	0.01365	0.00804	0.00842	0.01950	0.01843	0.21846	0.20331	0.29424	0.04539	0.04372	0.01001	0.00286	0.00502	0.04359	0.00797	0.00837
36	0.78701	0.01467	0.01115	0.00997	0.01467	0.01702	0.00821	0.02230	0.01291	0.03403	0.01056	0.01232	0.00821	0.00704	0.00469	0.00235	0.00587	0.00411	0.00469	0.00821
37	0.00923	0.00665	0.00875	0.01043	0.01097	0.00617	0.00698	0.01058	0.01464	0.01941	0.04335	0.69958	0.07807	0.02356	0.00965	0.00306	0.00438	0.02132	0.00704	0.00617
38	0.01126	0.00780	0.00986	0.00956	0.01146	0.00706	0.00709	0.01420	0.01975	0.05678	0.45613	0.15827	0.16819	0.01708	0.00900	0.00252	0.00387	0.01500	0.00798	0.00714
39	0.78701	0.01467	0.01115	0.00997	0.01467	0.01702	0.00821	0.02230	0.01291	0.03403	0.01056	0.01232	0.00821	0.00704	0.00469	0.00235	0.00587	0.00411	0.00469	0.00821
40	0.02074	0.11972	0.20944	0.01713	0.02333	0.20803	0.01670	0.05001	0.07340	0.06128	0.10840	0.02218	0.02006	0.00889	0.00713	0.00218	0.00963	0.00674	0.00500	0.01001
41	0.01071	0.00722	0.00837	0.00868	0.00875	0.00714	0.00503	0.01095	0.01165	0.01553	0.02706	0.16933	0.03156	0.60830	0.03351	0.00660	0.00683	0.01289	0.00503	0.00487
42	0.06266	0.21496	0.02648	0.07398	0.02419	0.16517	0.01442	0.24620	0.02342	0.02939	0.01368	0.01545	0.01081	0.00809	0.00732	0.00210	0.04076	0.00553	0.00498	0.01040
43	0.01103	0.00735	0.00827	0.00827	0.00827	0.00735	0.00460	0.01103	0.01103	0.01471	0.02390	0.04964	0.02758	0.73343	0.03861	0.00735	0.00735	0.01103	0.00460	0.00460
44	0.02137	0.01452	0.01776	0.01509	0.05280	0.01375	0.01138	0.14647	0.04972	0.15829	0.04690	0.08302	0.01931	0.00957	0.00784	0.00201	0.03494	0.00779	0.00647	0.28099
45	0.02604	0.01227	0.01581	0.01282	0.01745	0.01145	0.01032	0.06244	0.08589	0.41731	0.20450	0.03396	0.03308	0.01110	0.00799	0.00238	0.00573	0.00931	0.00886	0.01128
46	0.00914	0.00764	0.00796	0.00799	0.01038	0.00646	0.00595	0.01118	0.01753	0.02133	0.12970	0.10340	0.59713	0.01910	0.00900	0.00257	0.00385	0.01607	0.00716	0.00646
47	0.02110	0.01449	0.01636	0.01365	0.01789	0.01522	0.01087	0.24522	0.13721	0.11834	0.17438	0.06312	0.09448	0.01231	0.00813	0.00242	0.00607	0.01022	0.00793	0.01059
48	0.62656	0.03905	0.01388	0.01131	0.01622	0.01837	0.00936	0.10656	0.04737	0.03520	0.01253	0.01385	0.00959	0.00745	0.00522	0.00233	0.00627	0.00467	0.00517	0.00906
49	0.00924	0.00660	0.00880	0.01056	0.01100	0.00616	0.00704	0.01056	0.01452	0.01936	0.04181	0.72848	0.05017	0.02376	0.00968	0.00308	0.00440	0.02156	0.00704	0.00616
50	0.02079	0.01763	0.02771	0.10962	0.36424	0.01830	0.07035	0.11421	0.07683	0.07875	0.01745	0.02035	0.01337	0.00765	0.00767	0.00235	0.00888	0.00716	0.00503	0.01167
51	0.01290	0.01020	0.01296	0.01499	0.04179	0.04351	0.01202	0.01612	0.01748	0.02250	0.06204	0.14874	0.04248	0.01984	0.01003	0.00328	0.00699	0.48817	0.00676	0.00719
52	0.00924	0.00660	0.00880	0.01056	0.01100	0.00616	0.00704	0.01056	0.01452	0.01936	0.04181	0.72848	0.05017	0.02376	0.00968	0.00308	0.00440	0.02156	0.00704	0.00616
53	0.01678	0.01676	0.03093	0.28729	0.03990	0.01827	0.28138	0.05069	0.03811	0.02339	0.01524	0.02055	0.01165	0.00780	0.00955	0.00256	0.07224	0.00772	0.03978	0.00941
54	0.02836	0.03548	0.02155	0.01945	0.02345	0.67248	0.01464	0.05859	0.02213	0.01988	0.01202	0.01388	0.00991	0.00787	0.00687	0.00197	0.01344	0.00497	0.00407	0.00898
55	0.00930	0.00671	0.00881	0.01037	0.01098	0.00622	0.00698	0.01075	0.01498	0.01993	0.07327	0.66538	0.08194	0.02316	0.00961	0.00302	0.00434	0.02093	0.00710	0.00622
56	0.02883	0.02125	0.02276	0.01745	0.02352	0.02352	0.01442	0.66082	0.03566	0.04780	0.01821	0.01821	0.01290	0.00911	0.00759	0.00228	0.00835	0.00683	0.00759	0.01290
57	0.01140	0.00792	0.00929	0.00911	0.01136	0.00693	0.00676	0.01374	0.01828	0.07408	0.22973	0.17618	0.36103	0.01824	0.00898	0.00259	0.00407	0.01570	0.00757	0.00706
58	0.02604	0.01655	0.01893	0.01498	0.02004	0.01737	0.01218	0.39063	0.02934	0.18102	0.13004	0.06064	0.02553	0.01092	0.00792	0.00235	0.00697	0.00884	0.00807	0.01164
59	0.02808	0.06020	0.02224	0.01916	0.02331	0.63098	0.01458	0.07450	0.02228	0.02060	0.01214	0.01394	0.00999	0.00786	0.00682	0.00196	0.01310	0.00499	0.00414	0.00912
60	0.02833	0.03615	0.02149	0.01954	0.02345	0.70298	0.01466	0.03029	0.02149	0.01856	0.01172	0.01368	0.00977	0.00782	0.00684	0.00195	0.01368	0.00489	0.00391	0.00879
61	0.01790	0.02026	0.04018	0.02938	0.03588	0.05152	0.54290	0.02345	0.01737	0.02328	0.01587	0.05101	0.01299	0.00783	0.01028	0.00262	0.07442	0.00911	0.00394	0.00981
62	0.01025	0.00697	0.00858	0.00942	0.00963	0.00676	0.00583	0.01077	0.01265	0.01687	0.03206	0.37175	0.03784	0.37208	0.02454	0.03117	0.00592	0.01589	0.00572	0.00530
63	0.02304	0.05284	0.01957	0.01557	0.02045	0.01901	0.01271	0.22586	0.31024	0.10897	0.02677	0.02958	0.02082	0.01065	0.00779	0.00250	0.00697	0.06730	0.00757	0.01179
64	0.78701	0.01467	0.01115	0.00997	0.01467	0.01702	0.00821	0.02230	0.01291	0.03403	0.01056	0.01232	0.00821	0.00704	0.00469	0.00235	0.00587	0.00411	0.00469	0.00821
65	0.02037	0.05666	0.07223	0.02030	0.11688	0.07252	0.01497	0.08715	0.32901	0.05567	0.02578	0.02528	0.05075	0.00946	0.00748	0.00238	0.00766	0.00775	0.00630	0.01141
66	0.00932	0.00748	0.00839	0.00903	0.01093	0.00654	0.00668	0.01121	0.01654	0.02037	0.06397	0.25541	0.45250	0.02062	0.00929	0.00279	0.00427	0.07125	0.00704	0.00639
67	0.02371	0.01819	0.04873	0.01589	0.02099	0.01877	0.01318	0.34989	0.17491	0.09348	0.02512	0.11902	0.02071	0.01134	0.00789	0.00247	0.00724	0.00927	0.00750	0.01169

[dist]
# distance from previous block
# <min> <max>
0	1

[block]
# block no. 2 follows, 26 sequences, length 40
# corresponding to MSA columns:
# 130-169
name=unknown_C
#
# <colnr> <probs for GDERKNQSTAVLIFYWHMCP>
#	G	D	E	R	K	N	Q	S	T	A	V	L	I	F	Y	W	H	M	C	P
0	0.01907	0.08325	0.24430	0.02438	0.14282	0.16029	0.02069	0.02376	0.01658	0.02148	0.01338	0.01827	0.01133	0.00876	0.01028	0.00243	0.13750	0.02775	0.00360	0.01007
1	0.01182	0.00810	0.00955	0.00905	0.01149	0.00709	0.00683	0.01445	0.01918	0.08161	0.30958	0.09437	0.35471	0.01713	0.00888	0.00250	0.00399	0.01466	0.00776	0.00724
2	0.54064	0.04765	0.01519	0.01184	0.01698	0.01826	0.00986	0.14337	0.01811	0.09738	0.01381	0.01468	0.01015	0.00762	0.00552	0.00230	0.00649	0.00494	0.00561	0.00960
3	0.02114	0.01568	0.01881	0.01545	0.01997	0.01640	0.04303	0.32249	0.05463	0.06127	0.02454	0.17611	0.02268	0.01480	0.04540	0.00294	0.00787	0.02761	0.00687	0.08233
4	0.01092	0.00833	0.00948	0.00977	0.01161	0.00779	0.00730	0.04330	0.01673	0.02103	0.05334	0.15465	0.33554	0.14759	0.01457	0.00364	0.00532	0.12600	0.00662	0.00647
5	0.06329	0.02065	0.16502	0.05336	0.18986	0.01621	0.16543	0.02239	0.03910	0.02508	0.05681	0.04700	0.01923	0.00937	0.00806	0.00254	0.00942	0.07254	0.00453	0.01011
6	0.02883	0.02125	0.02276	0.01745	0.02352	0.02352	0.01442	0.66082	0.03566	0.04780	0.01821	0.01821	0.01290	0.00911	0.00759	0.00228	0.00835	0.00683	0.00759	0.01290
7	0.00923	0.00666	0.00874	0.01041	0.01096	0.00617	0.00698	0.01058	0.01466	0.01942	0.04361	0.69479	0.08269	0.02353	0.00964	0.00305	0.00437	0.02128	0.00704	0.00617
8	0.01710	0.03102	0.43465	0.02819	0.17795	0.01766	0.10972	0.02440	0.01677	0.05047	0.01463	0.01760	0.01075	0.00709	0.00752	0.00239	0.01074	0.00638	0.00365	0.01133
9	0.01377	0.01247	0.01292	0.01247	0.01372	0.11252	0.00911	0.01550	0.01319	0.01690	0.01963	0.03279	0.01978	0.25316	0.36485	0.00877	0.04935	0.00846	0.00417	0.00648
10	0.00924	0.00660	0.00880	0.01056	0.01100	0.00616	0.00704	0.01056	0.01452	0.01936	0.04181	0.72848	0.05017	0.02376	0.00968	0.00308	0.00440	0.02156	0.00704	0.00616
11	0.02028	0.73799	0.03975	0.01298	0.01947	0.03001	0.01298	0.02271	0.01541	0.01785	0.01055	0.01217	0.00973	0.00649	0.00487	0.00162	0.00811	0.00406	0.00324	0.00973
12	0.00949	0.00690	0.00882	0.01000	0.01082	0.00638	0.00679	0.01110	0.01554	0.02067	0.12684	0.53653	0.12068	0.05819	0.01098	0.00315	0.00438	0.01942	0.00709	0.00624
13	0.02883	0.02125	0.02276	0.01745	0.02352	0.02352	0.01442	0.66082	0.03566	0.04780	0.01821	0.01821	0.01290	0.00911	0.00759	0.00228	0.00835	0.00683	0.00759	0.01290
14	0.12525	0.01311	0.01736	0.12970	0.09303	0.01463	0.02986	0.09722	0.01759	0.02706	0.04576	0.16703	0.02210	0.01180	0.00874	0.00252	0.06138	0.00979	0.09736	0.00869
15	0.02833	0.03615	0.02149	0.01954	0.02345	0.70298	0.01466	0.03029	0.02149	0.01856	0.01172	0.01368	0.00977	0.00782	0.00684	0.00195	0.01368	0.00489	0.00391	0.00879
16	0.01619	0.01145	0.01627	0.05851	0.13667	0.01150	0.01251	0.08456	0.01833	0.09358	0.03139	0.34317	0.03319	0.01647	0.00883	0.00279	0.00646	0.08275	0.00654	0.00883
17	0.01103	0.00735	0.00827	0.00827	0.00827	0.00735	0.00460	0.01103	0.01103	0.01471	0.02390	0.04964	0.02758	0.73343	0.03861	0.00735	0.00735	0.01103	0.00460	0.00460
18	0.02051	0.01929	0.02344	0.11766	0.02644	0.10783	0.05066	0.11012	0.05147	0.05763	0.01418	0.01823	0.01157	0.01049	0.01518	0.00276	0.32175	0.00673	0.00455	0.00954
19	0.78701	0.01467	0.01115	0.00997	0.01467	0.01702	0.00821	0.02230	0.01291	0.03403	0.01056	0.01232	0.00821	0.00704	0.00469	0.00235	0.00587	0.00411	0.00469	0.00821
20	0.02265	0.01621	0.01808	0.01456	0.01932	0.01700	0.01160	0.36156	0.06428	0.07755	0.08242	0.09807	0.02360	0.04547	0.00921	0.00251	0.00691	0.00909	0.00725	0.09263
21	0.00943	0.00733	0.00851	0.00923	0.01080	0.00652	0.00662	0.01123	0.01624	0.02051	0.09401	0.31684	0.34977	0.05074	0.01056	0.00300	0.00435	0.05101	0.00701	0.00631
22	0.01517	0.01289	0.01514	0.01118	0.01738	0.00977	0.00882	0.01837	0.01563	0.02426	0.01590	0.07656	0.01456	0.00717	0.00596	0.00129	0.00551	0.00595	0.00471	0.71377
23	0.02649	0.02007	0.02231	0.01854	0.06336	0.02168	0.01433	0.53092	0.06300	0.04342	0.01812	0.01849	0.01318	0.00869	0.00740	0.00218	0.00801	0.00668	0.00706	0.08606
24	0.26804	0.05066	0.13331	0.01777	0.07125	0.11289	0.03259	0.05801	0.07580	0.04645	0.01618	0.05673	0.01337	0.00853	0.00654	0.00233	0.00845	0.00643	0.00486	0.00980
25	0.00949	0.00711	0.00832	0.00915	0.01022	0.00647	0.00614	0.01076	0.01479	0.01885	0.05025	0.37585	0.26046	0.15847	0.01499	0.00372	0.00478	0.01766	0.00657	0.00594
26	0.01619	0.01536	0.10093	0.01348	0.01779	0.01309	0.01187	0.02683	0.25883	0.08638	0.26741	0.03934	0.07617	0.01222	0.00816	0.00246	0.00571	0.01040	0.00747	0.00990
27	0.06841	0.02720	0.08669	0.02219	0.08972	0.27798	0.07119	0.15301	0.02221	0.06095	0.01453	0.01653	0.01112	0.00804	0.00790	0.00224	0.03880	0.00603	0.00485	0.01043
28	0.01126	0.00811	0.01024	0.01127	0.01229	0.00795	0.00780	0.07762	0.01670	0.02230	0.03937	0.65524	0.04632	0.02225	0.00947	0.00300	0.00481	0.02004	0.00710	0.00686
29	0.01615	0.01746	0.08598	0.32023	0.32532	0.01688	0.02187	0.02121	0.01652	0.02279	0.05191	0.02128	0.01440	0.00764	0.00759	0.00239	0.00936	0.00704	0.00381	0.01017
30	0.02599	0.05701	0.02360	0.06513	0.11087	0.46957	0.01607	0.10036	0.02195	0.02273	0.01286	0.01520	0.01044	0.00776	0.00698	0.00205	0.01204	0.00543	0.00425	0.00969
31	0.00923	0.00665	0.00875	0.01042	0.01097	0.00617	0.00698	0.01058	0.01465	0.01942	0.04348	0.69722	0.08035	0.02355	0.00965	0.00306	0.00437	0.02130	0.00704	0.00617
32	0.01352	0.01231	0.09863	0.01162	0.01500	0.00893	0.01039	0.01771	0.02064	0.09058	0.51198	0.04966	0.05769	0.01408	0.00866	0.00243	0.00495	0.03528	0.00773	0.00820
33	0.01570	0.01142	0.01519	0.01367	0.01593	0.01235	0.03831	0.13749	0.01782	0.05794	0.02571	0.21407	0.02630	0.11848	0.19432	0.00580	0.05391	0.01174	0.00581	0.00805
34	0.01076	0.00712	0.00941	0.01050	0.01147	0.00656	0.00724	0.01247	0.01588	0.05692	0.12434	0.58499	0.07012	0.02180	0.00946	0.00294	0.00439	0.01964	0.00734	0.00666
35	0.02784	0.07910	0.02261	0.01914	0.02321	0.66179	0.01455	0.02982	0.02112	0.01852	0.01165	0.01359	0.00977	0.00774	0.00672	0.00193	0.01334	0.00483	0.00387	0.00885
36	0.00941	0.00674	0.00880	0.01027	0.01083	0.00629	0.00686	0.01079	0.01478	0.01970	0.07456	0.63133	0.07356	0.06358	0.01126	0.00327	0.00451	0.02036	0.00697	0.00613
37	0.02883	0.02125	0.02276	0.01745	0.02352	0.02352	0.01442	0.66082	0.03566	0.04780	0.01821	0.01821	0.01290	0.00911	0.00759	0.00228	0.00835	0.00683	0.00759	0.01290
38	0.12117	0.01691	0.01784	0.01477	0.01938	0.01858	0.01182	0.40104	0.06233	0.03888	0.02414	0.15748	0.03891	0.01204	0.00767	0.00247	0.00701	0.00969	0.00710	0.01076
39	0.02833	0.03615	0.02149	0.01954	0.02345	0.70298	0.01466	0.03029	0.02149	0.01856	0.01172	0.01368	0.00977	0.00782	0.00684	0.00195	0.01368	0.00489	0.00391	0.00879

[dist]
# distance from previous block
# <min> <max>
0	1

[block]
# block no. 3 follows, 26 sequences, length 154
# corresponding to MSA columns:
# 171-256,262-329
name=unknown_D
#
# <colnr> <probs for GDERKNQSTAVLIFYWHMCP>
#	G	D	E	R	K	N	Q	S	T	A	V	L	I	F	Y	W	H	M	C	P
0	0.02311	0.06289	0.16902	0.02134	0.02800	0.21592	0.13039	0.18456	0.02265	0.02798	0.01427	0.01651	0.01083	0.00786	0.00793	0.00226	0.03300	0.00625	0.00462	0.01061
1	0.01026	0.00708	0.00873	0.00964	0.00993	0.00687	0.00613	0.01106	0.01299	0.01729	0.03306	0.36611	0.03890	0.36668	0.02371	0.00517	0.00597	0.04911	0.00586	0.00545
2	0.19487	0.18125	0.24946	0.01758	0.05322	0.02018	0.04145	0.07453	0.01718	0.02729	0.04827	0.01696	0.01306	0.00756	0.00632	0.00221	0.00863	0.00563	0.00423	0.01012
3	0.75508	0.01495	0.01164	0.01029	0.01504	0.01729	0.00848	0.04919	0.01387	0.03461	0.01088	0.01257	0.00841	0.00713	0.00482	0.00234	0.00597	0.00422	0.00482	0.00841
4	0.01551	0.01446	0.05073	0.01481	0.04138	0.03965	0.01172	0.05634	0.21981	0.02751	0.13281	0.10759	0.08413	0.01402	0.00845	0.00261	0.00625	0.10581	0.00692	0.03948
5	0.03807	0.00783	0.00883	0.00872	0.01054	0.00717	0.00626	0.01248	0.01741	0.02345	0.27309	0.11207	0.29888	0.12624	0.01336	0.00326	0.00440	0.01446	0.00704	0.00644
6	0.01636	0.01389	0.01606	0.01164	0.01826	0.01097	0.00931	0.04504	0.04135	0.02589	0.01432	0.01630	0.01175	0.00593	0.00577	0.00122	0.00574	0.00474	0.00474	0.72072
7	0.02446	0.04639	0.02025	0.01547	0.02090	0.04625	0.01260	0.35103	0.15005	0.08504	0.02504	0.02427	0.06648	0.00971	0.00744	0.00223	0.00741	0.00756	0.00715	0.07026
8	0.53089	0.04235	0.06560	0.01154	0.01652	0.01672	0.01028	0.07420	0.01629	0.03332	0.10329	0.01915	0.01743	0.00836	0.00571	0.00232	0.00625	0.00576	0.00527	0.00874
9	0.01087	0.00728	0.00832	0.00848	0.00852	0.00724	0.00482	0.01099	0.01135	0.01513	0.02554	0.11198	0.02965	0.66826	0.03595	0.00696	0.00708	0.01200	0.00482	0.00474
10	0.39152	0.05388	0.01622	0.04207	0.01817	0.01736	0.01078	0.08098	0.01640	0.11302	0.01760	0.05710	0.03428	0.00956	0.00822	0.00247	0.08919	0.00655	0.00546	0.00916
11	0.04754	0.04680	0.02500	0.04911	0.24461	0.10338	0.01712	0.27490	0.02451	0.03261	0.01554	0.01810	0.01218	0.01038	0.04258	0.00272	0.00979	0.00645	0.00530	0.01139
12	0.00924	0.00660	0.00880	0.01056	0.01100	0.00616	0.00704	0.01056	0.01452	0.01936	0.04181	0.72848	0.05017	0.02376	0.00968	0.00308	0.00440	0.02156	0.00704	0.00616
13	0.07176	0.05646	0.36129	0.02623	0.17764	0.01810	0.07053	0.02505	0.05209	0.04898	0.01508	0.01758	0.01126	0.00725	0.00718	0.00235	0.00988	0.00618	0.00395	0.01115
14	0.01763	0.05945	0.10245	0.12859	0.30870	0.01881	0.20770	0.02309	0.01694	0.02345	0.01420	0.01882	0.01124	0.00680	0.00776	0.00236	0.01044	0.00713	0.00364	0.01080
15	0.00924	0.00660	0.00880	0.01056	0.01100	0.00616	0.00704	0.01056	0.01452	0.01936	0.04181	0.72848	0.05017	0.02376	0.00968	0.00308	0.00440	0.02156	0.00704	0.00616
16	0.01789	0.01794	0.05210	0.09848	0.55125	0.01744	0.04546	0.02260	0.01709	0.02418	0.01566	0.02257	0.01352	0.00762	0.00772	0.00236	0.00920	0.04170	0.00389	0.01135
17	0.01179	0.00899	0.01292	0.01256	0.01395	0.01057	0.00976	0.03708	0.01295	0.01858	0.01991	0.02976	0.01874	0.08894	0.60840	0.01112	0.05467	0.00816	0.00418	0.00696
18	0.00935	0.00689	0.00876	0.01001	0.01092	0.00630	0.00685	0.01099	0.01566	0.02066	0.11230	0.55873	0.15032	0.02222	0.00950	0.00293	0.00423	0.01991	0.00717	0.00630
19	0.02028	0.73799	0.03975	0.01298	0.01947	0.03001	0.01298	0.02271	0.01541	0.01785	0.01055	0.01217	0.00973	0.00649	0.00487	0.00162	0.00811	0.00406	0.00324	0.00973
20	0.01093	0.00723	0.00924	0.01015	0.01094	0.00681	0.00684	0.01225	0.01466	0.04906	0.07339	0.46124	0.06862	0.17948	0.01596	0.00395	0.00518	0.04118	0.00667	0.00621
21	0.04602	0.01632	0.02593	0.19768	0.03092	0.02075	0.11555	0.01962	0.01353	0.02007	0.01170	0.01794	0.01017	0.01054	0.01728	0.00296	0.40399	0.00692	0.00346	0.00862
22	0.21442	0.01655	0.01751	0.01420	0.01939	0.01782	0.01175	0.31193	0.02527	0.16244	0.02047	0.02377	0.01547	0.00955	0.00702	0.00238	0.00709	0.05469	0.03721	0.01107
23	0.02833	0.03615	0.02149	0.01954	0.02345	0.70298	0.01466	0.03029	0.02149	0.01856	0.01172	0.01368	0.00977	0.00782	0.00684	0.00195	0.01368	0.00489	0.00391	0.00879
24	0.19318	0.04608	0.01955	0.07689	0.05618	0.09602	0.01308	0.17546	0.02198	0.17799	0.04097	0.01941	0.01448	0.00844	0.00682	0.00227	0.00801	0.00631	0.00623	0.01065
25	0.01097	0.00733	0.00829	0.00835	0.00837	0.00731	0.00468	0.01101	0.01115	0.01487	0.02451	0.07269	0.02834	0.70933	0.03762	0.00721	0.00725	0.01139	0.00468	0.00465
26	0.05089	0.01970	0.02108	0.01639	0.02192	0.02173	0.01340	0.57740	0.03309	0.04497	0.05354	0.02147	0.01653	0.04168	0.00895	0.00251	0.00797	0.00730	0.00740	0.01208
27	0.64739	0.01516	0.01248	0.01083	0.01559	0.01730	0.00889	0.10470	0.01610	0.03511	0.01505	0.01629	0.04444	0.00795	0.00530	0.00235	0.00608	0.00509	0.00519	0.00873
28	0.01943	0.59464	0.13934	0.01600	0.05533	0.02751	0.01580	0.02294	0.01560	0.01914	0.01120	0.01309	0.00983	0.00661	0.00536	0.00177	0.00863	0.00443	0.00326	0.01008
29	0.01081	0.00799	0.00887	0.00848	0.01103	0.00686	0.00642	0.01321	0.01861	0.06031	0.22968	0.06618	0.48910	0.01771	0.00889	0.00250	0.00392	0.01495	0.00751	0.00696
30	0.01258	0.00914	0.01249	0.01405	0.01593	0.00928	0.01221	0.01705	0.05307	0.02319	0.03966	0.08245	0.04254	0.02037	0.01033	0.00344	0.00693	0.60100	0.00702	0.00726
31	0.10185	0.05422	0.02058	0.04478	0.10546	0.09849	0.01405	0.11868	0.04317	0.02608	0.01881	0.14678	0.01830	0.01174	0.01065	0.00257	0.14046	0.00888	0.00509	0.00936
32	0.01072	0.00804	0.00966	0.01032	0.01167	0.00762	0.00712	0.03674	0.04127	0.02085	0.04372	0.46829	0.15307	0.09147	0.01212	0.00329	0.00485	0.01788	0.00675	0.03454
33	0.00988	0.00690	0.00871	0.00979	0.01017	0.00659	0.00629	0.01092	0.01382	0.01853	0.07181	0.47996	0.04433	0.24409	0.01864	0.00437	0.00527	0.01785	0.00635	0.00573
34	0.06614	0.01707	0.01920	0.01529	0.02048	0.01837	0.01250	0.38193	0.05086	0.13500	0.02010	0.02110	0.01477	0.01648	0.11745	0.00382	0.00962	0.00697	0.00701	0.04584
35	0.01969	0.02222	0.09970	0.02902	0.06489	0.01978	0.45466	0.14056	0.02095	0.02859	0.01566	0.01957	0.01161	0.00698	0.00848	0.00248	0.01166	0.00816	0.00446	0.01089
36	0.01011	0.00727	0.00977	0.01146	0.01236	0.00693	0.00852	0.01209	0.01550	0.02039	0.04268	0.51346	0.07272	0.02276	0.00989	0.00318	0.00514	0.20234	0.00702	0.00641
37	0.59011	0.01712	0.03426	0.01200	0.01684	0.07228	0.03243	0.04641	0.01505	0.03168	0.01596	0.01741	0.05707	0.00804	0.00551	0.00234	0.00686	0.00534	0.00483	0.00847
38	0.13319	0.14167	0.04825	0.01587	0.02194	0.04525	0.01381	0.42101	0.02791	0.03905	0.01548	0.01615	0.01149	0.00827	0.00669	0.00217	0.00823	0.00588	0.00618	0.01152
39	0.01149	0.00787	0.01037	0.01001	0.01181	0.00728	0.00754	0.01481	0.02058	0.05232	0.56233	0.12431	0.06614	0.01639	0.00905	0.00251	0.00394	0.04581	0.00819	0.00725
40	0.01449	0.05218	0.20969	0.01400	0.01897	0.01222	0.01405	0.05404	0.01931	0.06236	0.28469	0.14536	0.04132	0.01331	0.00822	0.00246	0.00654	0.01146	0.00643	0.00891
41	0.01299	0.01123	0.01602	0.01474	0.01555	0.01439	0.01178	0.01523	0.01244	0.01842	0.05338	0.02730	0.01893	0.07027	0.37998	0.00810	0.27993	0.00802	0.00405	0.00726
42	0.01058	0.00763	0.01000	0.00965	0.01130	0.00705	0.00714	0.01392	0.02073	0.02924	0.61406	0.12806	0.06929	0.01638	0.00902	0.00246	0.00367	0.01455	0.00821	0.00705
43	0.02028	0.73799	0.03975	0.01298	0.01947	0.03001	0.01298	0.02271	0.01541	0.01785	0.01055	0.01217	0.00973	0.00649	0.00487	0.00162	0.00811	0.00406	0.00324	0.00973
44	0.00919	0.00680	0.00859	0.01002	0.01086	0.00621	0.00680	0.01062	0.01504	0.01957	0.04835	0.60601	0.16841	0.02291	0.00955	0.00298	0.00430	0.02053	0.00704	0.00621
45	0.02883	0.02125	0.02276	0.01745	0.02352	0.02352	0.01442	0.66082	0.03566	0.04780	0.01821	0.01821	0.01290	0.00911	0.00759	0.00228	0.00835	0.00683	0.00759	0.01290
46	0.02478	0.02016	0.02108	0.12335	0.02644	0.09417	0.01457	0.42447	0.02915	0.03829	0.05247	0.02063	0.01562	0.00906	0.00745	0.00226	0.00867	0.00699	0.04925	0.01114
47	0.02833	0.03615	0.02149	0.01954	0.02345	0.70298	0.01466	0.03029	0.02149	0.01856	0.01172	0.01368	0.00977	0.00782	0.00684	0.00195	0.01368	0.00489	0.00391	0.00879
48	0.05761	0.01934	0.02762	0.18334	0.18114	0.12192	0.16306	0.04673	0.01784	0.02340	0.01618	0.07684	0.01411	0.00853	0.00779	0.00241	0.01026	0.00805	0.00417	0.00967
49	0.01091	0.00730	0.00831	0.00842	0.00845	0.00727	0.00476	0.01100	0.01126	0.01501	0.02508	0.09444	0.02907	0.68660	0.03670	0.00707	0.00716	0.01173	0.00476	0.00470
50	0.02350	0.01758	0.01908	0.01536	0.02024	0.01917	0.01241	0.45225	0.09045	0.04109	0.10454	0.06321	0.06422	0.01136	0.00796	0.00238	0.00708	0.00914	0.00763	0.01138
51	0.78701	0.01467	0.01115	0.00997	0.01467	0.01702	0.00821	0.02230	0.01291	0.03403	0.01056	0.01232	0.00821	0.00704	0.00469	0.00235	0.00587	0.00411	0.00469	0.00821
52	0.02708	0.01947	0.02252	0.01743	0.02314	0.02115	0.04939	0.49626	0.08411	0.09311	0.01974	0.01997	0.01412	0.00989	0.00872	0.03904	0.00817	0.00714	0.00733	0.01223
53	0.00940	0.00672	0.00899	0.01075	0.01126	0.00630	0.00732	0.01084	0.01468	0.01954	0.04172	0.69352	0.04981	0.02361	0.00972	0.00310	0.00454	0.05492	0.00704	0.00621
54	0.02028	0.73799	0.03975	0.01298	0.01947	0.03001	0.01298	0.02271	0.01541	0.01785	0.01055	0.01217	0.00973	0.00649	0.00487	0.00162	0.00811	0.00406	0.00324	0.00973
55	0.01057	0.00700	0.00922	0.01056	0.01141	0.00645	0.00719	0.01202	0.01507	0.05597	0.04311	0.65386	0.08362	0.02273	0.00953	0.00301	0.00448	0.02050	0.00717	0.00654
56	0.61725	0.01666	0.04313	0.01444	0.01992	0.01743	0.12783	0.02273	0.01394	0.03187	0.01155	0.01395	0.00887	0.00693	0.00557	0.00239	0.00733	0.00505	0.00448	0.00870
57	0.01188	0.00772	0.01041	0.04191	0.01359	0.00728	0.00799	0.01399	0.01669	0.07895	0.17219	0.47442	0.07404	0.01995	0.00923	0.00283	0.00464	0.01790	0.00735	0.00705
58	0.58739	0.01465	0.03394	0.01085	0.01571	0.01538	0.00922	0.02398	0.01501	0.13393	0.06533	0.01792	0.01475	0.00806	0.00555	0.00235	0.00595	0.00543	0.00565	0.00895
59	0.02362	0.18901	0.02742	0.06149	0.14931	0.30297	0.01615	0.07826	0.04316	0.02247	0.01324	0.01555	0.01093	0.00749	0.00665	0.00202	0.01063	0.00544	0.00413	0.01004
60	0.02316	0.04811	0.10698	0.01616	0.02266	0.01949	0.01463	0.39831	0.02799	0.03846	0.07049	0.02042	0.01685	0.00872	0.00723	0.00209	0.00787	0.00675	0.00642	0.13721
61	0.02638	0.05847	0.02351	0.01841	0.05636	0.02276	0.01451	0.51385	0.06200	0.04221	0.01770	0.01823	0.01299	0.00890	0.00797	0.00224	0.03332	0.00665	0.00688	0.04667
62	0.01095	0.00732	0.00830	0.00837	0.00839	0.00730	0.00471	0.01101	0.01119	0.01491	0.02470	0.07990	0.02858	0.70179	0.03732	0.00716	0.00722	0.01150	0.00471	0.00467
63	0.01012	0.00756	0.00940	0.00931	0.01105	0.00684	0.00684	0.01299	0.01948	0.02655	0.45183	0.16644	0.19847	0.01760	0.00907	0.00253	0.00376	0.01545	0.00786	0.00684
64	0.02808	0.02066	0.02215	0.01707	0.02288	0.02284	0.01400	0.63346	0.03463	0.04641	0.01845	0.01953	0.01352	0.03961	0.00889	0.00249	0.00830	0.00701	0.00746	0.01255
65	0.02868	0.02146	0.02221	0.01729	0.02316	0.06046	0.01417	0.57014	0.05880	0.07820	0.01893	0.01874	0.01342	0.00909	0.00755	0.00227	0.00846	0.00683	0.00748	0.01264
66	0.00918	0.00769	0.00799	0.00791	0.01038	0.00650	0.00593	0.01131	0.01780	0.02171	0.15133	0.07099	0.60779	0.01875	0.00896	0.00254	0.00381	0.01573	0.00720	0.00650
67	0.01733	0.01909	0.03657	0.24710	0.04276	0.05482	0.42296	0.02306	0.01723	0.02244	0.01456	0.02002	0.01097	0.00685	0.00841	0.00252	0.01199	0.00804	0.00369	0.00958
68	0.01153	0.00914	0.01343	0.01299	0.01420	0.01103	0.01022	0.01416	0.01264	0.01840	0.05582	0.02968	0.02079	0.04926	0.58191	0.01056	0.10480	0.00826	0.00421	0.00698
69	0.00941	0.00667	0.00875	0.01035	0.01075	0.00627	0.00682	0.01060	0.01420	0.01894	0.04016	0.66619	0.04809	0.08888	0.01234	0.00347	0.00467	0.02060	0.00682	0.00602
70	0.02833	0.03615	0.02149	0.01954	0.02345	0.70298	0.01466	0.03029	0.02149	0.01856	0.01172	0.01368	0.00977	0.00782	0.00684	0.00195	0.01368	0.00489	0.00391	0.00879
71	0.00994	0.00772	0.00904	0.00871	0.01085	0.00682	0.00653	0.01278	0.01960	0.02598	0.41156	0.06396	0.34489	0.01716	0.00895	0.00246	0.00370	0.01474	0.00777	0.00682
72	0.02883	0.02125	0.02276	0.01745	0.02352	0.02352	0.01442	0.66082	0.03566	0.04780	0.01821	0.01821	0.01290	0.00911	0.00759	0.00228	0.00835	0.00683	0.00759	0.01290
73	0.13382	0.01611	0.04185	0.04015	0.02041	0.02021	0.03764	0.01895	0.01248	0.02142	0.01173	0.01752	0.01071	0.01459	0.06685	0.00365	0.46564	0.00642	0.03155	0.00830
74	0.02833	0.03615	0.02149	0.01954	0.02345	0.70298	0.01466	0.03029	0.02149	0.01856	0.01172	0.01368	0.00977	0.00782	0.00684	0.00195	0.01368	0.00489	0.00391	0.00879
75	0.02639	0.02272	0.02021	0.01691	0.02143	0.21495	0.01335	0.31279	0.02669	0.10102	0.02008	0.10313	0.01698	0.01069	0.00830	0.00233	0.03671	0.00812	0.00649	0.01073
76	0.00924	0.00660	0.00880	0.01056	0.01100	0.00616	0.00704	0.01056	0.01452	0.01936	0.04181	0.72848	0.05017	0.02376	0.00968	0.00308	0.00440	0.02156	0.00704	0.00616
77	0.01969	0.08694	0.01749	0.01348	0.04143	0.01347	0.01040	0.08281	0.08486	0.17828	0.31749	0.03744	0.04103	0.01178	0.00793	0.00230	0.00557	0.00996	0.00775	0.00989
78	0.78701	0.01467	0.01115	0.00997	0.01467	0.01702	0.00821	0.02230	0.01291	0.03403	0.01056	0.01232	0.00821	0.00704	0.00469	0.00235	0.00587	0.00411	0.00469	0.00821
79	0.01511	0.03358	0.54323	0.02228	0.05579	0.01678	0.07839	0.02296	0.01632	0.02410	0.05047	0.01940	0.01370	0.01009	0.04277	0.00291	0.01131	0.00650	0.00360	0.01071
80	0.00949	0.00687	0.00907	0.01059	0.01127	0.00631	0.00712	0.01089	0.01457	0.01957	0.04071	0.70091	0.04866	0.02306	0.00952	0.00300	0.00445	0.02090	0.00694	0.03608
81	0.01103	0.00735	0.00827	0.00827	0.00827	0.00735	0.00460	0.01103	0.01103	0.01471	0.02390	0.04964	0.02758	0.73343	0.03861	0.00735	0.00735	0.01103	0.00460	0.00460
82	0.02517	0.01382	0.01710	0.01285	0.01893	0.01189	0.01047	0.09517	0.02077	0.32764	0.04758	0.02214	0.01717	0.00807	0.00686	0.00185	0.00620	0.00651	0.00718	0.32263
83	0.01651	0.01648	0.02322	0.04509	0.02108	0.02300	0.01676	0.01829	0.01174	0.01829	0.01008	0.01673	0.00996	0.01307	0.02427	0.00329	0.69386	0.00664	0.00332	0.00830
84	0.02028	0.73799	0.03975	0.01298	0.01947	0.03001	0.01298	0.02271	0.01541	0.01785	0.01055	0.01217	0.00973	0.00649	0.00487	0.00162	0.00811	0.00406	0.00324	0.00973
85	0.78701	0.01467	0.01115	0.00997	0.01467	0.01702	0.00821	0.02230	0.01291	0.03403	0.01056	0.01232	0.00821	0.00704	0.00469	0.00235	0.00587	0.00411	0.00469	0.00821
86	0.01141	0.00842	0.01109	0.01226	0.01418	0.00810	0.01042	0.01459	0.01780	0.02296	0.10750	0.08028	0.17802	0.02009	0.01002	0.00320	0.00602	0.44962	0.00712	0.00688
87	0.01573	0.01348	0.01573	0.01123	0.01798	0.01011	0.00899	0.01910	0.01573	0.02472	0.01348	0.01573	0.01123	0.00562	0.00562	0.00112	0.00562	0.00449	0.00449	0.77980
88	0.01087	0.00798	0.01144	0.01144	0.01254	0.00908	0.00855	0.01307	0.01197	0.01706	0.02100	0.03358	0.02060	0.18574	0.57677	0.01127	0.01785	0.00868	0.00416	0.00636
89	0.01075	0.00723	0.00836	0.00863	0.00870	0.00716	0.00498	0.01096	0.01158	0.01544	0.02673	0.15705	0.03115	0.62114	0.03403	0.00668	0.00689	0.01270	0.00498	0.00484
90	0.02028	0.73799	0.03975	0.01298	0.01947	0.03001	0.01298	0.02271	0.01541	0.01785	0.01055	0.01217	0.00973	0.00649	0.00487	0.00162	0.00811	0.00406	0.00324	0.00973
91	0.04978	0.02491	0.02211	0.01778	0.02326	0.19871	0.01431	0.48034	0.03137	0.03987	0.01632	0.01688	0.01196	0.00872	0.00731	0.00220	0.00965	0.00625	0.00656	0.01171
92	0.00924	0.00660	0.00880	0.01056	0.01100	0.00616	0.00704	0.01056	0.01452	0.01936	0.04181	0.72848	0.05017	0.02376	0.00968	0.00308	0.00440	0.02156	0.00704	0.00616
93	0.01521	0.03923	0.69413	0.02162	0.03283	0.01762	0.02802	0.02402	0.01601	0.02402	0.01361	0.01601	0.00961	0.00721	0.00721	0.00240	0.01121	0.00560	0.00320	0.01121
94	0.01166	0.00827	0.01056	0.00984	0.01188	0.00776	0.00743	0.01596	0.05034	0.04810	0.61163	0.05519	0.09189	0.01525	0.00886	0.00240	0.00378	0.01341	0.00830	0.00750
95	0.01090	0.00730	0.00831	0.00844	0.00847	0.00727	0.00477	0.01100	0.01128	0.01504	0.02518	0.09806	0.02919	0.68281	0.03654	0.00705	0.00714	0.01178	0.00477	0.00471
96	0.02028	0.73799	0.03975	0.01298	0.01947	0.03001	0.01298	0.02271	0.01541	0.01785	0.01055	0.01217	0.00973	0.00649	0.00487	0.00162	0.00811	0.00406	0.00324	0.00973
97	0.05960	0.01297	0.01738	0.01338	0.01920	0.01135	0.01105	0.03647	0.02141	0.66905	0.02927	0.02536	0.01842	0.00931	0.00753	0.00235	0.00643	0.00751	0.00923	0.01275
98	0.05165	0.02086	0.02220	0.01715	0.02311	0.02315	0.01414	0.61798	0.05889	0.04678	0.01845	0.01841	0.01314	0.00909	0.00750	0.00229	0.00818	0.00681	0.00750	0.01272
99	0.02498	0.13777	0.02362	0.01749	0.02173	0.40092	0.01392	0.12339	0.02142	0.02282	0.01333	0.01586	0.01117	0.01293	0.07709	0.00303	0.03938	0.00545	0.00436	0.00934
100	0.02833	0.03615	0.02149	0.01954	0.02345	0.70298	0.01466	0.03029	0.02149	0.01856	0.01172	0.01368	0.00977	0.00782	0.00684	0.00195	0.01368	0.00489	0.00391	0.00879
101	0.05820	0.01891	0.03826	0.05310	0.03535	0.01894	0.50077	0.02277	0.01667	0.02374	0.01543	0.04730	0.01262	0.00795	0.01056	0.00265	0.09432	0.00884	0.00393	0.00967
102	0.00952	0.00672	0.00872	0.01020	0.01057	0.00635	0.00665	0.01064	0.01397	0.01863	0.03897	0.62102	0.04659	0.13611	0.01426	0.00376	0.00487	0.01990	0.00665	0.00591
103	0.01664	0.04278	0.06775	0.01364	0.01748	0.05212	0.01155	0.11970	0.14147	0.03086	0.29341	0.07506	0.04121	0.01278	0.00820	0.00242	0.00622	0.03018	0.00717	0.00936
104	0.78701	0.01467	0.01115	0.00997	0.01467	0.01702	0.00821	0.02230	0.01291	0.03403	0.01056	0.01232	0.00821	0.00704	0.00469	0.00235	0.00587	0.00411	0.00469	0.00821
105	0.02116	0.04622	0.01865	0.01541	0.01969	0.13580	0.01214	0.12713	0.27679	0.05297	0.02772	0.05296	0.07688	0.01071	0.00820	0.00236	0.03542	0.00836	0.00653	0.04491
106	0.00938	0.00764	0.00830	0.00826	0.01053	0.00656	0.00615	0.01165	0.01809	0.02269	0.21284	0.10415	0.51010	0.01861	0.00900	0.00255	0.00381	0.01578	0.00734	0.00656
107	0.01573	0.01348	0.01573	0.01123	0.01798	0.01011	0.00899	0.01910	0.01573	0.02472	0.01348	0.01573	0.01123	0.00562	0.00562	0.00112	0.00562	0.00449	0.00449	0.77980
