[name]
unknown

[dist]
# distance from previous block
# <min> <max>
0	4

[block]
# block no. 0 follows, 28 sequences, length 179
# corresponding to MSA columns:
# 42-220
name=unknown_A
#
# <colnr> <probs for GDERKNQSTAVLIFYWHMCP>
#	G	D	E	R	K	N	Q	S	T	A	V	L	I	F	Y	W	H	M	C	P
0	0.01089	0.00883	0.01021	0.01053	0.04517	0.00817	0.00740	0.05190	0.03721	0.02410	0.22543	0.08426	0.41673	0.01626	0.00843	0.00240	0.00419	0.01382	0.00697	0.00710
1	0.07448	0.62757	0.10081	0.01303	0.01957	0.02672	0.01351	0.02186	0.01465	0.01878	0.01039	0.01203	0.00921	0.00632	0.00487	0.00168	0.00791	0.00403	0.00320	0.00936
2	0.01373	0.01292	0.02180	0.72707	0.05006	0.01615	0.02019	0.01857	0.01453	0.01857	0.01292	0.01938	0.00969	0.00727	0.00727	0.00242	0.00969	0.00646	0.00323	0.00807
3	0.04882	0.12494	0.16841	0.02012	0.14505	0.01563	0.03821	0.02267	0.01657	0.13026	0.06853	0.06495	0.01811	0.00848	0.00680	0.00209	0.00761	0.00716	0.00490	0.08070
4	0.06530	0.70550	0.03647	0.01227	0.01839	0.02803	0.01217	0.02174	0.01463	0.01802	0.01011	0.01167	0.00924	0.00625	0.00465	0.00160	0.00765	0.00389	0.00319	0.00924
5	0.79588	0.01406	0.01068	0.00956	0.01406	0.01631	0.00787	0.02137	0.01237	0.03261	0.01012	0.01181	0.00787	0.00675	0.00450	0.00225	0.00562	0.00394	0.00450	0.00787
6	0.01373	0.01292	0.02180	0.72707	0.05006	0.01615	0.02019	0.01857	0.01453	0.01857	0.01292	0.01938	0.00969	0.00727	0.00727	0.00242	0.00969	0.00646	0.00323	0.00807
7	0.06663	0.01730	0.01709	0.01491	0.01931	0.06720	0.01172	0.11746	0.48263	0.06620	0.02556	0.02388	0.01898	0.00932	0.00715	0.00236	0.00657	0.00746	0.00703	0.01123
8	0.01963	0.01405	0.04002	0.01301	0.01946	0.01078	0.05570	0.02313	0.01667	0.19553	0.01703	0.01784	0.01256	0.00640	0.00614	0.00151	0.00624	0.00540	0.00541	0.51351
9	0.02676	0.03382	0.02042	0.01856	0.02232	0.68525	0.01394	0.02944	0.04933	0.01833	0.01203	0.01371	0.00992	0.00759	0.00659	0.00190	0.01279	0.00483	0.00390	0.00856
10	0.01692	0.01912	0.04155	0.02989	0.03700	0.01795	0.64425	0.02293	0.01714	0.02322	0.01573	0.02230	0.01236	0.00673	0.00864	0.00249	0.01201	0.03628	0.00381	0.00967
11	0.00911	0.00666	0.00912	0.04694	0.01257	0.00643	0.00744	0.01056	0.01395	0.01856	0.03867	0.70280	0.04611	0.02198	0.00917	0.00292	0.00450	0.01994	0.00657	0.00602
12	0.01373	0.01292	0.02180	0.72707	0.05006	0.01615	0.02019	0.01857	0.01453	0.01857	0.01292	0.01938	0.00969	0.00727	0.00727	0.00242	0.00969	0.00646	0.00323	0.00807
13	0.01507	0.01292	0.01507	0.01077	0.01723	0.00969	0.00861	0.01830	0.01507	0.02369	0.01292	0.01507	0.01077	0.00538	0.00538	0.00108	0.00538	0.00431	0.00431	0.78898
14	0.00901	0.00645	0.00858	0.01001	0.01058	0.00601	0.00676	0.01052	0.01465	0.01973	0.11243	0.66410	0.05034	0.02190	0.00920	0.00288	0.00413	0.01983	0.00689	0.00601
15	0.03086	0.05676	0.01858	0.01333	0.01896	0.01314	0.01112	0.09594	0.04438	0.57768	0.02654	0.02335	0.01709	0.00884	0.00715	0.00221	0.00644	0.00707	0.00843	0.01216
16	0.01355	0.00678	0.00678	0.00678	0.00847	0.00678	0.00508	0.01694	0.01524	0.02710	0.02371	0.02710	0.01863	0.00847	0.00508	0.00169	0.00339	0.00678	0.78489	0.00678
17	0.02602	0.01926	0.02068	0.01626	0.02176	0.02138	0.01330	0.53969	0.15351	0.06193	0.02000	0.01944	0.01433	0.00894	0.00730	0.00224	0.00753	0.00687	0.00734	0.01220
18	0.01359	0.01213	0.01948	0.57872	0.04204	0.01495	0.01762	0.01798	0.01454	0.01954	0.01661	0.02227	0.04034	0.00816	0.00789	0.00238	0.04435	0.00687	0.09269	0.00784
19	0.09548	0.03105	0.01987	0.01767	0.02173	0.56773	0.01347	0.10810	0.02154	0.02257	0.01190	0.01353	0.00960	0.00758	0.00646	0.00194	0.01181	0.00485	0.00425	0.00886
20	0.00953	0.00740	0.00867	0.00835	0.01040	0.00654	0.00627	0.01226	0.01880	0.02492	0.41926	0.06125	0.34732	0.01644	0.00858	0.00236	0.00354	0.01412	0.00745	0.00654
21	0.00886	0.00633	0.00843	0.01012	0.01054	0.00590	0.00675	0.01012	0.01392	0.01856	0.04006	0.73979	0.04808	0.02277	0.00928	0.00295	0.00422	0.02066	0.00675	0.00590
22	0.02245	0.02591	0.02137	0.01876	0.02105	0.38280	0.01481	0.06233	0.01742	0.01932	0.01089	0.01454	0.00962	0.00977	0.01388	0.00244	0.31497	0.00550	0.00372	0.00846
23	0.01373	0.01292	0.02180	0.72707	0.05006	0.01615	0.02019	0.01857	0.01453	0.01857	0.01292	0.01938	0.00969	0.00727	0.00727	0.00242	0.00969	0.00646	0.00323	0.00807
24	0.03010	0.01245	0.01661	0.01262	0.01837	0.01054	0.01039	0.03297	0.01998	0.60660	0.02642	0.02335	0.01696	0.00848	0.00703	0.00208	0.00607	0.00688	0.00832	0.12378
25	0.01590	0.01590	0.02226	0.01908	0.01908	0.02226	0.01590	0.01749	0.01113	0.01749	0.00954	0.01590	0.00954	0.01272	0.02385	0.00318	0.73123	0.00636	0.00318	0.00795
26	0.79588	0.01406	0.01068	0.00956	0.01406	0.01631	0.00787	0.02137	0.01237	0.03261	0.01012	0.01181	0.00787	0.00675	0.00450	0.00225	0.00562	0.00394	0.00450	0.00787
27	0.02763	0.02036	0.02182	0.01672	0.02254	0.02254	0.01382	0.67496	0.03418	0.04581	0.01745	0.01745	0.01236	0.00873	0.00727	0.00218	0.00800	0.00654	0.00727	0.01236
28	0.03241	0.01270	0.01707	0.01309	0.01872	0.01117	0.01081	0.06178	0.02136	0.67710	0.02821	0.02444	0.01776	0.00899	0.00731	0.00225	0.00626	0.00728	0.00893	0.01237
29	0.02716	0.02013	0.02155	0.01663	0.02236	0.02232	0.01370	0.64352	0.06638	0.04505	0.01805	0.01793	0.01285	0.00878	0.00728	0.00220	0.00789	0.00663	0.00728	0.01232
30	0.01268	0.00634	0.00931	0.00931	0.00941	0.00634	0.00624	0.00991	0.00981	0.01348	0.01328	0.02239	0.01298	0.02426	0.02703	0.74203	0.00614	0.00634	0.04934	0.00337
31	0.02660	0.01720	0.01914	0.01492	0.02016	0.01845	0.01226	0.47496	0.02921	0.16118	0.02014	0.02006	0.01417	0.01026	0.03044	0.00246	0.00761	0.00675	0.08242	0.01163
32	0.01708	0.01939	0.04167	0.02995	0.03687	0.01861	0.63399	0.02294	0.01680	0.02294	0.01440	0.01939	0.01094	0.00652	0.00948	0.00249	0.05473	0.00845	0.00365	0.00969
33	0.79588	0.01406	0.01068	0.00956	0.01406	0.01631	0.00787	0.02137	0.01237	0.03261	0.01012	0.01181	0.00787	0.00675	0.00450	0.00225	0.00562	0.00394	0.00450	0.00787
34	0.01838	0.44939	0.26643	0.01569	0.02335	0.05136	0.01750	0.04695	0.01592	0.02024	0.01143	0.01320	0.00940	0.00660	0.00561	0.00185	0.00901	0.00453	0.00328	0.00989
35	0.01808	0.01561	0.01644	0.01479	0.01890	0.01808	0.01151	0.03863	0.68606	0.03041	0.02959	0.02712	0.02219	0.00986	0.00740	0.00247	0.00575	0.00822	0.00740	0.01151
36	0.01771	0.01710	0.02955	0.08441	0.63608	0.01725	0.04655	0.02212	0.01646	0.02342	0.01367	0.01813	0.01139	0.00651	0.00725	0.00219	0.00883	0.00655	0.00358	0.01125
37	0.01029	0.00743	0.00972	0.00914	0.01086	0.00686	0.00686	0.01372	0.02058	0.02915	0.69536	0.05430	0.06859	0.01486	0.00857	0.00229	0.00343	0.01315	0.00800	0.00686
38	0.00884	0.00638	0.00838	0.00998	0.01051	0.00592	0.00668	0.01014	0.01405	0.01861	0.04179	0.70540	0.08136	0.02255	0.00924	0.00293	0.00419	0.02039	0.00675	0.00592
39	0.03195	0.01222	0.01666	0.01282	0.01833	0.01057	0.01057	0.03478	0.02080	0.68418	0.04848	0.02562	0.01950	0.00917	0.00735	0.00225	0.00610	0.00748	0.00897	0.01221
40	0.03243	0.01267	0.01706	0.01308	0.01871	0.01113	0.01080	0.05950	0.02131	0.67945	0.02825	0.02447	0.01778	0.00899	0.00731	0.00225	0.00625	0.00728	0.00893	0.01237
41	0.01029	0.00743	0.00972	0.00914	0.01086	0.00686	0.00686	0.01372	0.02058	0.02915	0.69536	0.05430	0.06859	0.01486	0.00857	0.00229	0.00343	0.01315	0.00800	0.00686
42	0.01039	0.00776	0.01154	0.01154	0.01279	0.00901	0.00891	0.01289	0.01164	0.01677	0.01960	0.02927	0.01848	0.08049	0.69018	0.01151	0.01900	0.00789	0.00391	0.00641
43	0.79588	0.01406	0.01068	0.00956	0.01406	0.01631	0.00787	0.02137	0.01237	0.03261	0.01012	0.01181	0.00787	0.00675	0.00450	0.00225	0.00562	0.00394	0.00450	0.00787
44	0.01507	0.01292	0.01507	0.01077	0.01723	0.00969	0.00861	0.01830	0.01507	0.02369	0.01292	0.01507	0.01077	0.00538	0.00538	0.00108	0.00538	0.00431	0.00431	0.78898
45	0.01781	0.01708	0.02917	0.07408	0.67117	0.01722	0.02222	0.02215	0.01646	0.02352	0.01364	0.01805	0.01144	0.00651	0.00720	0.00217	0.00868	0.00648	0.00358	0.01137
46	0.03061	0.01220	0.01640	0.01260	0.01805	0.01048	0.01030	0.03334	0.02003	0.63287	0.02743	0.02501	0.01785	0.03759	0.00835	0.00236	0.00617	0.00724	0.00851	0.06262
47	0.79588	0.01406	0.01068	0.00956	0.01406	0.01631	0.00787	0.02137	0.01237	0.03261	0.01012	0.01181	0.00787	0.00675	0.00450	0.00225	0.00562	0.00394	0.00450	0.00787
48	0.01831	0.01524	0.01623	0.01455	0.01863	0.01747	0.01133	0.03771	0.64241	0.05259	0.05128	0.02793	0.02356	0.01000	0.00743	0.00245	0.00569	0.00835	0.00747	0.01138
49	0.01820	0.01824	0.02749	0.14669	0.53609	0.08281	0.02121	0.02237	0.01662	0.02239	0.01333	0.01774	0.01103	0.00669	0.00715	0.00217	0.00922	0.00631	0.00356	0.01070
50	0.01785	0.01713	0.02925	0.06696	0.67794	0.01723	0.02224	0.02219	0.01649	0.02358	0.01365	0.01804	0.01145	0.00650	0.00720	0.00217	0.00867	0.00648	0.00359	0.01140
51	0.02715	0.03464	0.02060	0.01873	0.02247	0.71536	0.01404	0.02903	0.02060	0.01779	0.01124	0.01311	0.00936	0.00749	0.00655	0.00187	0.01311	0.00468	0.00375	0.00843
52	0.01458	0.03760	0.70688	0.02072	0.03146	0.01688	0.02686	0.02302	0.01535	0.02302	0.01304	0.01535	0.00921	0.00691	0.00691	0.00230	0.01074	0.00537	0.00307	0.01074
53	0.02715	0.03464	0.02060	0.01873	0.02247	0.71536	0.01404	0.02903	0.02060	0.01779	0.01124	0.01311	0.00936	0.00749	0.00655	0.00187	0.01311	0.00468	0.00375	0.00843
54	0.01654	0.01287	0.01522	0.01095	0.01734	0.00977	0.00879	0.01974	0.01555	0.08074	0.01424	0.01588	0.01137	0.00569	0.00554	0.00117	0.00545	0.00456	0.00470	0.72387
55	0.01458	0.03760	0.70688	0.02072	0.03146	0.01688	0.02686	0.02302	0.01535	0.02302	0.01304	0.01535	0.00921	0.00691	0.00691	0.00230	0.01074	0.00537	0.00307	0.01074
56	0.01782	0.01710	0.02920	0.07136	0.67376	0.01723	0.02223	0.02216	0.01647	0.02355	0.01364	0.01805	0.01144	0.00651	0.00720	0.00217	0.00868	0.00648	0.00358	0.01138
57	0.03261	0.01237	0.01687	0.01293	0.01856	0.01068	0.01068	0.03543	0.02081	0.70423	0.02868	0.02474	0.01799	0.00900	0.00731	0.00225	0.00619	0.00731	0.00900	0.01237
58	0.01699	0.01009	0.01045	0.00921	0.01191	0.01063	0.00722	0.17769	0.01987	0.03167	0.02218	0.02474	0.01710	0.00853	0.00562	0.00181	0.00451	0.00672	0.59493	0.00814
59	0.00953	0.00727	0.00794	0.00784	0.00935	0.00656	0.00536	0.01101	0.01520	0.01932	0.15766	0.05986	0.36833	0.26265	0.01817	0.00398	0.00478	0.01338	0.00616	0.00567
60	0.01477	0.06547	0.68067	0.02039	0.03096	0.01735	0.02629	0.02297	0.01532	0.02279	0.01293	0.01520	0.00921	0.00688	0.00682	0.00227	0.01063	0.00531	0.00307	0.01069
61	0.01001	0.00739	0.00935	0.00892	0.01070	0.00673	0.00667	0.01315	0.01983	0.02752	0.58959	0.07600	0.15596	0.01558	0.00860	0.00233	0.00349	0.01367	0.00779	0.00673
62	0.00922	0.00785	0.00799	0.00787	0.01039	0.00687	0.00593	0.01222	0.05627	0.02063	0.09432	0.06684	0.63291	0.01777	0.00852	0.00245	0.00379	0.01484	0.00684	0.00648
63	0.01263	0.00631	0.00947	0.00947	0.00947	0.00631	0.00631	0.00947	0.00947	0.01263	0.01263	0.02210	0.01263	0.02525	0.02841	0.78851	0.00631	0.00631	0.00316	0.00316
64	0.01799	0.01727	0.02950	0.04462	0.69919	0.01727	0.02231	0.02231	0.01655	0.02375	0.01367	0.01799	0.01151	0.00648	0.00720	0.00216	0.00864	0.00648	0.00360	0.01151
65	0.01507	0.01292	0.01507	0.01077	0.01723	0.00969	0.00861	0.01830	0.01507	0.02369	0.01292	0.01507	0.01077	0.00538	0.00538	0.00108	0.00538	0.00431	0.00431	0.78898
66	0.01830	0.01799	0.02881	0.06577	0.64443	0.05172	0.02183	0.02252	0.01669	0.02328	0.01353	0.01780	0.01135	0.00655	0.00717	0.00215	0.00889	0.00639	0.00359	0.01125
67	0.01892	0.01603	0.01691	0.01496	0.01922	0.01847	0.01171	0.09442	0.62891	0.03176	0.02852	0.02627	0.02133	0.00976	0.00739	0.00244	0.00595	0.00807	0.00739	0.01158
68	0.79588	0.01406	0.01068	0.00956	0.01406	0.01631	0.00787	0.02137	0.01237	0.03261	0.01012	0.01181	0.00787	0.00675	0.00450	0.00225	0.00562	0.00394	0.00450	0.00787
69	0.01705	0.01930	0.04117	0.02967	0.03641	0.01871	0.61798	0.02280	0.01665	0.02280	0.01428	0.01930	0.01091	0.00668	0.00985	0.00251	0.07225	0.00839	0.00364	0.00965
70	0.01120	0.00912	0.00949	0.00881	0.01165	0.00845	0.00677	0.08723	0.04097	0.02371	0.11380	0.06136	0.54773	0.01675	0.00840	0.00241	0.00422	0.01394	0.00693	0.00708
71	0.79588	0.01406	0.01068	0.00956	0.01406	0.01631	0.00787	0.02137	0.01237	0.03261	0.01012	0.01181	0.00787	0.00675	0.00450	0.00225	0.00562	0.00394	0.00450	0.00787
72	0.01795	0.01739	0.03017	0.04393	0.66653	0.01733	0.05444	0.02236	0.01658	0.02372	0.01372	0.01807	0.01149	0.00646	0.00726	0.00217	0.00881	0.00658	0.00360	0.01143
73	0.01653	0.01108	0.03416	0.01193	0.01577	0.00922	0.03376	0.02013	0.04253	0.17275	0.16609	0.20800	0.03416	0.01276	0.00769	0.00220	0.00529	0.01125	0.00677	0.17793
74	0.01482	0.07274	0.67384	0.02031	0.03083	0.01747	0.02614	0.02296	0.01532	0.02273	0.01290	0.01516	0.00921	0.00687	0.00680	0.00227	0.01060	0.00530	0.00307	0.01067
75	0.01694	0.01620	0.02761	0.21287	0.53915	0.01699	0.02179	0.02139	0.01605	0.02247	0.01349	0.01833	0.01106	0.00667	0.00721	0.00222	0.00890	0.00647	0.00351	0.01067
76	0.01458	0.03760	0.70688	0.02072	0.03146	0.01688	0.02686	0.02302	0.01535	0.02302	0.01304	0.01535	0.00921	0.00691	0.00691	0.00230	0.01074	0.00537	0.00307	0.01074
77	0.01053	0.00768	0.01115	0.01115	0.01234	0.00881	0.00850	0.01292	0.01173	0.01703	0.01995	0.03021	0.01894	0.11494	0.62592	0.01086	0.01770	0.00800	0.03532	0.00631
78	0.01458	0.03760	0.70688	0.02072	0.03146	0.01688	0.02686	0.02302	0.01535	0.02302	0.01304	0.01535	0.00921	0.00691	0.00691	0.00230	0.01074	0.00537	0.00307	0.01074
79	0.01146	0.00827	0.01136	0.01284	0.01457	0.00817	0.01114	0.01471	0.01687	0.02190	0.06534	0.08019	0.08474	0.01978	0.00989	0.00325	0.00638	0.58574	0.00675	0.00666
80	0.00874	0.00737	0.00757	0.00752	0.00991	0.00620	0.00564	0.01072	0.01692	0.02048	0.12885	0.06857	0.64050	0.01809	0.00859	0.00244	0.00366	0.01515	0.00686	0.00620
81	0.00919	0.00657	0.00879	0.01031	0.01093	0.00617	0.00715	0.01077	0.01462	0.01957	0.08700	0.63827	0.04905	0.02199	0.00929	0.00294	0.00436	0.07018	0.00683	0.00604
82	0.01799	0.01727	0.02950	0.04462	0.69919	0.01727	0.02231	0.02231	0.01655	0.02375	0.01367	0.01799	0.01151	0.00648	0.00720	0.00216	0.00864	0.00648	0.00360	0.01151
83	0.01471	0.01393	0.02358	0.56917	0.20025	0.01641	0.02068	0.01944	0.01500	0.01977	0.01309	0.01906	0.01011	0.00708	0.00725	0.00236	0.00945	0.00646	0.00332	0.00887
84	0.01808	0.01561	0.01644	0.01479	0.01890	0.01808	0.01151	0.03863	0.68606	0.03041	0.02959	0.02712	0.02219	0.00986	0.00740	0.00247	0.00575	0.00822	0.00740	0.01151
85	0.00903	0.00669	0.00844	0.00947	0.01046	0.00610	0.00655	0.01074	0.01544	0.02042	0.14950	0.51149	0.16756	0.02074	0.00904	0.00276	0.00400	0.01852	0.00695	0.00610
86	0.01667	0.02275	0.16518	0.02896	0.06096	0.01818	0.50788	0.02302	0.01661	0.02307	0.01420	0.01864	0.01066	0.00649	0.00869	0.00244	0.03425	0.00783	0.00355	0.00998
87	0.02728	0.02104	0.02156	0.01678	0.02241	0.06332	0.01375	0.61520	0.05550	0.04363	0.01750	0.01752	0.01252	0.00869	0.00723	0.00217	0.00822	0.00649	0.00707	0.01210
88	0.00865	0.00737	0.00745	0.00743	0.00986	0.00616	0.00557	0.01055	0.01671	0.01998	0.09615	0.06939	0.67351	0.01828	0.00859	0.00245	0.00367	0.01526	0.00680	0.00616
89	0.01402	0.00723	0.00728	0.00711	0.00894	0.00730	0.00537	0.03883	0.01587	0.02772	0.02350	0.02678	0.01842	0.00848	0.00515	0.00171	0.00354	0.00677	0.75902	0.00696
90	0.00921	0.00720	0.00835	0.00847	0.01030	0.00634	0.00620	0.01148	0.01742	0.02263	0.27588	0.18780	0.36674	0.01802	0.00871	0.00249	0.00370	0.01558	0.00717	0.00634
91	0.00930	0.00692	0.00965	0.07508	0.01412	0.00683	0.00797	0.01089	0.01397	0.01856	0.03760	0.67453	0.04460	0.02137	0.00910	0.00290	0.00471	0.01938	0.00643	0.00610
92	0.02064	0.02099	0.01761	0.01590	0.01991	0.21506	0.01222	0.03591	0.49807	0.02684	0.02440	0.02316	0.01857	0.00919	0.00716	0.00230	0.00783	0.00722	0.00637	0.01064
93	0.00994	0.00767	0.00911	0.00883	0.01081	0.00701	0.00659	0.01339	0.04555	0.02533	0.41790	0.10129	0.27723	0.01635	0.00858	0.00239	0.00366	0.01416	0.00748	0.00674
94	0.02220	0.02648	0.02030	0.01820	0.02058	0.43949	0.01416	0.02405	0.01690	0.01762	0.01146	0.01536	0.01022	0.01335	0.07609	0.00316	0.23321	0.00548	0.00359	0.00811
95	0.01503	0.01292	0.01530	0.03460	0.01832	0.00990	0.00900	0.01831	0.01506	0.02352	0.01292	0.01522	0.01073	0.00545	0.00545	0.00112	0.00553	0.00438	0.00427	0.76299
96	0.02715	0.03464	0.02060	0.01873	0.02247	0.71536	0.01404	0.02903	0.02060	0.01779	0.01124	0.01311	0.00936	0.00749	0.00655	0.00187	0.01311	0.00468	0.00375	0.00843
97	0.01808	0.01561	0.01644	0.01479	0.01890	0.01808	0.01151	0.03863	0.68606	0.03041	0.02959	0.02712	0.02219	0.00986	0.00740	0.00247	0.00575	0.00822	0.00740	0.01151
98	0.01808	0.01561	0.01644	0.01479	0.01890	0.01808	0.01151	0.03863	0.68606	0.03041	0.02959	0.02712	0.02219	0.00986	0.00740	0.00247	0.00575	0.00822	0.00740	0.01151
99	0.01808	0.01561	0.01644	0.01479	0.01890	0.01808	0.01151	0.03863	0.68606	0.03041	0.02959	0.02712	0.02219	0.00986	0.00740	0.00247	0.00575	0.00822	0.00740	0.01151
100	0.02763	0.02036	0.02182	0.01672	0.02254	0.02254	0.01382	0.67496	0.03418	0.04581	0.01745	0.01745	0.01236	0.00873	0.00727	0.00218	0.00800	0.00654	0.00727	0.01236
101	0.00946	0.00738	0.00850	0.00822	0.01025	0.00651	0.00612	0.01199	0.01827	0.02395	0.36604	0.06181	0.37735	0.04060	0.00952	0.00253	0.00367	0.01415	0.00727	0.00642
102	0.00868	0.00737	0.00748	0.00746	0.00987	0.00617	0.00559	0.01060	0.01677	0.02013	0.10556	0.06915	0.66401	0.01823	0.00859	0.00245	0.00367	0.01523	0.00681	0.00617
103	0.00922	0.00739	0.00824	0.00803	0.01021	0.00641	0.00602	0.01166	0.01806	0.02319	0.30571	0.06411	0.46195	0.01708	0.00858	0.00239	0.00359	0.01452	0.00722	0.00641
104	0.01716	0.01961	0.04289	0.03064	0.03799	0.01838	0.67279	0.02328	0.01716	0.02328	0.01471	0.01961	0.01103	0.00613	0.00858	0.00245	0.01225	0.00858	0.00368	0.00980
105	0.01029	0.00743	0.00972	0.00914	0.01086	0.00686	0.00686	0.01372	0.02058	0.02915	0.69536	0.05430	0.06859	0.01486	0.00857	0.00229	0.00343	0.01315	0.00800	0.00686
106	0.01011	0.00735	0.00953	0.00915	0.01079	0.00676	0.00680	0.01332	0.01992	0.02799	0.62200	0.10554	0.09230	0.01559	0.00863	0.00234	0.00350	0.01379	0.00786	0.00676
107	0.02193	0.02538	0.02142	0.01882	0.02090	0.36674	0.01490	0.04785	0.01670	0.01870	0.01068	0.01457	0.00956	0.00997	0.01464	0.00249	0.34724	0.00553	0.00361	0.00835
108	0.01943	0.74891	0.03809	0.01244	0.01866	0.02876	0.01244	0.02177	0.01477	0.01710	0.01011	0.01166	0.00933	0.00622	0.00466	0.00155	0.00777	0.00389	0.00311	0.00933
109	0.01943	0.74891	0.03809	0.01244	0.01866	0.02876	0.01244	0.02177	0.01477	0.01710	0.01011	0.01166	0.00933	0.00622	0.00466	0.00155	0.00777	0.00389	0.00311	0.00933
110	0.79588	0.01406	0.01068	0.00956	0.01406	0.01631	0.00787	0.02137	0.01237	0.03261	0.01012	0.01181	0.00787	0.00675	0.00450	0.00225	0.00562	0.00394	0.00450	0.00787
111	0.03108	0.01483	0.01839	0.01410	0.01978	0.01433	0.01165	0.23216	0.02492	0.50168	0.02522	0.02250	0.01626	0.00891	0.00730	0.00223	0.00674	0.00707	0.00847	0.01237
112	0.00886	0.00633	0.00843	0.01012	0.01054	0.00590	0.00675	0.01012	0.01392	0.01856	0.04006	0.73979	0.04808	0.02277	0.00928	0.00295	0.00422	0.02066	0.00675	0.00590
113	0.00886	0.00633	0.00843	0.01012	0.01054	0.00590	0.00675	0.01012	0.01392	0.01856	0.04006	0.73979	0.04808	0.02277	0.00928	0.00295	0.00422	0.02066	0.00675	0.00590
114	0.01528	0.01310	0.01516	0.01104	0.01734	0.01025	0.00881	0.01967	0.06017	0.02414	0.01404	0.01588	0.01153	0.00568	0.00552	0.00117	0.00541	0.00457	0.00451	0.73672
115	0.01406	0.00727	0.00732	0.00714	0.00898	0.00735	0.00540	0.04077	0.01593	0.02778	0.02349	0.02675	0.01840	0.00848	0.00516	0.00171	0.00355	0.00677	0.75673	0.00698
116	0.03261	0.01237	0.01687	0.01293	0.01856	0.01068	0.01068	0.03543	0.02081	0.70423	0.02868	0.02474	0.01799	0.00900	0.00731	0.00225	0.00619	0.00731	0.00900	0.01237
117	0.00859	0.00736	0.00736	0.00736	0.00982	0.00614	0.00552	0.01043	0.01657	0.01964	0.07364	0.06996	0.69624	0.01841	0.00859	0.00245	0.00368	0.01534	0.00675	0.00614
118	0.02649	0.03354	0.02070	0.01875	0.02227	0.67441	0.01415	0.02834	0.02004	0.01777	0.01114	0.01327	0.00937	0.00780	0.00758	0.00195	0.05553	0.00478	0.00371	0.00840
119	0.03261	0.01237	0.01687	0.01293	0.01856	0.01068	0.01068	0.03543	0.02081	0.70423	0.02868	0.02474	0.01799	0.00900	0.00731	0.00225	0.00619	0.00731	0.00900	0.01237
120	0.02922	0.01260	0.01646	0.01301	0.01806	0.01150	0.01057	0.10621	0.02170	0.54622	0.04702	0.09072	0.02153	0.01040	0.00752	0.00231	0.00614	0.00862	0.00856	0.01162
121	0.01355	0.00678	0.00678	0.00678	0.00847	0.00678	0.00508	0.01694	0.01524	0.02710	0.02371	0.02710	0.01863	0.00847	0.00508	0.00169	0.00339	0.00678	0.78489	0.00678
122	0.03112	0.01206	0.01645	0.01282	0.01818	0.01047	0.01059	0.03397	0.02065	0.65724	0.05102	0.02779	0.02053	0.00959	0.00745	0.00229	0.00611	0.03079	0.00888	0.01198
123	0.03261	0.01237	0.01687	0.01293	0.01856	0.01068	0.01068	0.03543	0.02081	0.70423	0.02868	0.02474	0.01799	0.00900	0.00731	0.00225	0.00619	0.00731	0.00900	0.01237
124	0.00886	0.00633	0.00843	0.01012	0.01054	0.00590	0.00675	0.01012	0.01392	0.01856	0.04006	0.73979	0.04808	0.02277	0.00928	0.00295	0.00422	0.02066	0.00675	0.00590
125	0.01015	0.00736	0.00956	0.00914	0.01081	0.00678	0.00681	0.01340	0.02005	0.02821	0.63636	0.09531	0.08785	0.01544	0.00862	0.00233	0.00348	0.01366	0.00789	0.00678
126	0.01943	0.74891	0.03809	0.01244	0.01866	0.02876	0.01244	0.02177	0.01477	0.01710	0.01011	0.01166	0.00933	0.00622	0.00466	0.00155	0.00777	0.00389	0.00311	0.00933
127	0.03261	0.01237	0.01687	0.01293	0.01856	0.01068	0.01068	0.03543	0.02081	0.70423	0.02868	0.02474	0.01799	0.00900	0.00731	0.00225	0.00619	0.00731	0.00900	0.01237
128	0.73973	0.01422	0.01131	0.00994	0.01453	0.01632	0.00819	0.04534	0.01347	0.05825	0.01108	0.01250	0.00841	0.00690	0.00470	0.00225	0.00573	0.00416	0.00477	0.00820
129	0.00915	0.00779	0.00793	0.00782	0.01033	0.00678	0.00589	0.01202	0.05112	0.02060	0.09822	0.06708	0.63454	0.01782	0.00853	0.00245	0.00378	0.01488	0.00684	0.00644
130	0.01507	0.01292	0.01507	0.01077	0.01723	0.00969	0.00861	0.01830	0.01507	0.02369	0.01292	0.01507	0.01077	0.00538	0.00538	0.00108	0.00538	0.00431	0.00431	0.78898
131	0.00985	0.00704	0.00958	0.01126	0.01212	0.00676	0.00848	0.01184	0.01490	0.01967	0.03951	0.51046	0.04590	0.02183	0.00954	0.00309	0.00508	0.24017	0.00673	0.00618
132	0.01799	0.01727	0.02950	0.04462	0.69919	0.01727	0.02231	0.02231	0.01655	0.02375	0.01367	0.01799	0.01151	0.00648	0.00720	0.00216	0.00864	0.00648	0.00360	0.01151
133	0.01558	0.01542	0.02164	0.01865	0.01872	0.02149	0.01550	0.01723	0.01116	0.01746	0.01013	0.01665	0.01005	0.01519	0.06473	0.00368	0.68918	0.00645	0.00322	0.00787
134	0.00886	0.00633	0.00843	0.01012	0.01054	0.00590	0.00675	0.01012	0.01392	0.01856	0.04006	0.73979	0.04808	0.02277	0.00928	0.00295	0.00422	0.02066	0.00675	0.00590
135	0.03245	0.01263	0.01703	0.01306	0.01869	0.01107	0.01079	0.05636	0.02124	0.68267	0.02831	0.02450	0.01781	0.00899	0.00731	0.00225	0.00624	0.00728	0.00894	0.01237
136	0.01020	0.00743	0.00960	0.00905	0.01081	0.00682	0.00679	0.01355	0.02037	0.02866	0.66343	0.05510	0.10082	0.01504	0.00857	0.00229	0.00344	0.01326	0.00794	0.00682
137	0.03243	0.01267	0.01706	0.01308	0.01871	0.01113	0.01080	0.05950	0.02131	0.67945	0.02825	0.02447	0.01778	0.00899	0.00731	0.00225	0.00625	0.00728	0.00893	0.01237
138	0.00865	0.00737	0.00745	0.00743	0.00986	0.00616	0.00557	0.01055	0.01671	0.01998	0.09615	0.06939	0.67351	0.01828	0.00859	0.00245	0.00367	0.01526	0.00680	0.00616
139	0.01412	0.00732	0.00738	0.00717	0.00903	0.00741	0.00543	0.04338	0.01600	0.02785	0.02346	0.02671	0.01838	0.00848	0.00517	0.00171	0.00357	0.00677	0.75364	0.00700
140	0.01355	0.00678	0.00678	0.00678	0.00847	0.00678	0.00508	0.01694	0.01524	0.02710	0.02371	0.02710	0.01863	0.00847	0.00508	0.00169	0.00339	0.00678	0.78489	0.00678
141	0.01535	0.00865	0.00884	0.00819	0.01044	0.00898	0.00631	0.09554	0.03726	0.02941	0.02314	0.02596	0.01799	0.00854	0.00541	0.00177	0.00400	0.00679	0.66985	0.00758
142	0.00990	0.00711	0.00929	0.01032	0.01123	0.00676	0.00726	0.03293	0.01603	0.02169	0.16747	0.54813	0.05060	0.02062	0.00911	0.00282	0.00431	0.05106	0.00701	0.00634
143	0.02794	0.01428	0.01737	0.01393	0.01915	0.01423	0.01131	0.11656	0.20786	0.43385	0.02752	0.02449	0.01846	0.00920	0.00733	0.00230	0.00629	0.00747	0.00833	0.01213
144	0.01641	0.25615	0.42877	0.02016	0.07393	0.02065	0.04524	0.02259	0.01532	0.02124	0.01224	0.01454	0.00947	0.00664	0.00629	0.00207	0.00973	0.00510	0.00314	0.01032
145	0.05267	0.02337	0.02092	0.01688	0.02209	0.18821	0.01357	0.47090	0.05834	0.03799	0.01624	0.01664	0.01192	0.00841	0.00701	0.00212	0.00905	0.00608	0.00634	0.01123
146	0.75791	0.01507	0.01117	0.01001	0.01447	0.05084	0.00818	0.02175	0.01278	0.03188	0.01018	0.01187	0.00795	0.00678	0.00460	0.00223	0.00599	0.00397	0.00446	0.00790
147	0.01420	0.01268	0.01567	0.01421	0.01605	0.08127	0.04447	0.04333	0.01409	0.01959	0.01793	0.05063	0.01650	0.03348	0.37911	0.00726	0.12827	0.00764	0.07630	0.00733
148	0.00971	0.00732	0.00870	0.00848	0.01039	0.00654	0.00631	0.01244	0.01859	0.02507	0.41335	0.09756	0.29102	0.01637	0.00850	0.00236	0.00356	0.01415	0.03302	0.00654
149	0.00908	0.00709	0.00827	0.00875	0.01042	0.00627	0.00637	0.01108	0.01645	0.02103	0.16959	0.27497	0.36247	0.01921	0.00885	0.00261	0.00392	0.04039	0.00696	0.00621
150	0.00886	0.00633	0.00843	0.01012	0.01054	0.00590	0.00675	0.01012	0.01392	0.01856	0.04006	0.73979	0.04808	0.02277	0.00928	0.00295	0.00422	0.02066	0.00675	0.00590
151	0.01943	0.74891	0.03809	0.01244	0.01866	0.02876	0.01244	0.02177	0.01477	0.01710	0.01011	0.01166	0.00933	0.00622	0.00466	0.00155	0.00777	0.00389	0.00311	0.00933
152	0.01507	0.01292	0.01507	0.01077	0.01723	0.00969	0.00861	0.01830	0.01507	0.02369	0.01292	0.01507	0.01077	0.00538	0.00538	0.00108	0.00538	0.00431	0.00431	0.78898
153	0.02334	0.02086	0.01923	0.01624	0.02093	0.14605	0.01284	0.27762	0.31893	0.03395	0.02167	0.02093	0.01615	0.00900	0.00720	0.00225	0.00793	0.00694	0.00669	0.01127
154	0.01774	0.01692	0.02881	0.04339	0.67238	0.01692	0.02189	0.02202	0.01656	0.02367	0.01465	0.02050	0.01270	0.00701	0.00731	0.00221	0.00856	0.03171	0.00372	0.01133
155	0.01032	0.03854	0.01305	0.01185	0.01362	0.00820	0.06860	0.01229	0.01479	0.01962	0.06308	0.52886	0.10174	0.01920	0.00879	0.00271	0.00507	0.01747	0.00627	0.03594
156	0.01458	0.03760	0.70688	0.02072	0.03146	0.01688	0.02686	0.02302	0.01535	0.02302	0.01304	0.01535	0.00921	0.00691	0.00691	0.00230	0.01074	0.00537	0.00307	0.01074
157	0.01458	0.03760	0.70688	0.02072	0.03146	0.01688	0.02686	0.02302	0.01535	0.02302	0.01304	0.01535	0.00921	0.00691	0.00691	0.00230	0.01074	0.00537	0.00307	0.01074
158	0.01684	0.02230	0.15268	0.03097	0.13175	0.01797	0.47080	0.02310	0.01677	0.02331	0.01428	0.01866	0.01079	0.00631	0.00810	0.00238	0.01148	0.00774	0.00356	0.01021
159	0.01722	0.01737	0.05693	0.10689	0.56043	0.01687	0.02155	0.02232	0.04033	0.02339	0.01499	0.02052	0.01265	0.00716	0.00729	0.00224	0.00866	0.02841	0.00378	0.01099
160	0.01240	0.00831	0.01147	0.01269	0.01440	0.00816	0.01075	0.01544	0.01668	0.05531	0.07130	0.12939	0.04198	0.04547	0.01074	0.00334	0.00631	0.51223	0.00680	0.00684
161	0.01784	0.01686	0.02733	0.06708	0.57616	0.01734	0.02068	0.02450	0.11252	0.02450	0.01593	0.01935	0.01297	0.00699	0.00723	0.00221	0.00826	0.00673	0.00413	0.01138
162	0.08350	0.01316	0.01687	0.01303	0.01859	0.01206	0.01076	0.08842	0.02137	0.60356	0.02648	0.02326	0.01684	0.00882	0.00712	0.00224	0.00630	0.00702	0.00855	0.01207
163	0.01114	0.00753	0.00852	0.00843	0.00870	0.00759	0.00494	0.03724	0.01175	0.01568	0.02387	0.09400	0.02735	0.66529	0.03390	0.00657	0.00689	0.01110	0.00468	0.00483
164	0.02183	0.01020	0.01356	0.01125	0.01502	0.00917	0.00895	0.02553	0.04328	0.37016	0.33604	0.03845	0.04146	0.01173	0.00790	0.00227	0.00490	0.01003	0.00848	0.00980
165	0.01148	0.00916	0.01218	0.01198	0.01335	0.03858	0.00933	0.01406	0.01224	0.01754	0.01898	0.02733	0.01749	0.04818	0.61673	0.01035	0.04686	0.00754	0.05000	0.00665
166	0.00886	0.00633	0.00843	0.01012	0.01054	0.00590	0.00675	0.01012	0.01392	0.01856	0.04006	0.73979	0.04808	0.02277	0.00928	0.00295	0.00422	0.02066	0.00675	0.00590
167	0.01023	0.00743	0.00964	0.00908	0.01082	0.00683	0.00681	0.01361	0.02044	0.02883	0.67419	0.05483	0.08995	0.01498	0.00857	0.00229	0.00344	0.01322	0.00796	0.00683
168	0.01051	0.00702	0.00795	0.00801	0.00803	0.00700	0.00449	0.01055	0.01070	0.01426	0.02355	0.07350	0.02724	0.71750	0.03596	0.00689	0.00694	0.01095	0.00449	0.00446
169	0.01507	0.01292	0.01507	0.01077	0.01723	0.00969	0.00861	0.01830	0.01507	0.02369	0.01292	0.01507	0.01077	0.00538	0.00538	0.00108	0.00538	0.00431	0.00431	0.78898
170	0.02718	0.03380	0.02067	0.01861	0.02248	0.67443	0.01403	0.06719	0.02140	0.01945	0.01160	0.01337	0.00954	0.00756	0.00660	0.00189	0.01281	0.00479	0.00395	0.00866
171	0.02547	0.01870	0.02019	0.01600	0.02132	0.02069	0.01303	0.51006	0.15268	0.06922	0.02088	0.04309	0.01556	0.00940	0.00736	0.00226	0.00739	0.00734	0.00735	0.01199
172	0.01320	0.01041	0.01154	0.01066	0.01373	0.01043	0.00825	0.02138	0.22707	0.05085	0.18152	0.04996	0.27551	0.01420	0.00810	0.00240	0.00457	0.03933	0.00719	0.03968
173	0.01162	0.00873	0.01166	0.01169	0.01261	0.00949	0.00866	0.01336	0.01479	0.05502	0.12168	0.42278	0.08921	0.01875	0.01188	0.00284	0.14631	0.01581	0.00633	0.00678
174	0.02763	0.02036	0.02182	0.01672	0.02254	0.02254	0.01382	0.67496	0.03418	0.04581	0.01745	0.01745	0.01236	0.00873	0.00727	0.00218	0.00800	0.00654	0.00727	0.01236
175	0.01067	0.00828	0.00987	0.00937	0.01116	0.02997	0.00700	0.01387	0.02007	0.02776	0.60770	0.07859	0.10807	0.01514	0.00853	0.00231	0.00379	0.01329	0.00773	0.00683
176	0.00911	0.00670	0.00863	0.00987	0.01073	0.00610	0.00671	0.01059	0.01446	0.01926	0.06834	0.62807	0.10386	0.02145	0.00905	0.00281	0.00418	0.01931	0.00671	0.03406
177	0.01568	0.01370	0.01746	0.01251	0.01902	0.01082	0.06002	0.04225	0.01592	0.02445	0.01322	0.01551	0.01084	0.00556	0.00570	0.00122	0.00601	0.00472	0.00436	0.70103
178	0.04863	0.06520	0.62627	0.02071	0.05285	0.01736	0.02529	0.02287	0.01524	0.02322	0.01282	0.01513	0.00923	0.00686	0.00672	0.00226	0.01033	0.00529	0.00315	0.01059

[dist]
# distance from previous block
# <min> <max>
1	5

[block]
# block no. 1 follows, 28 sequences, length 46
# corresponding to MSA columns:
# 226-271
name=unknown_B
#
# <colnr> <probs for GDERKNQSTAVLIFYWHMCP>
#	G	D	E	R	K	N	Q	S	T	A	V	L	I	F	Y	W	H	M	C	P
0	0.18471	0.08917	0.25756	0.09300	0.06465	0.01680	0.06633	0.02104	0.01534	0.02483	0.08709	0.01940	0.01576	0.00764	0.00654	0.00224	0.00844	0.00619	0.00402	0.00926
1	0.64305	0.05578	0.01380	0.01074	0.01552	0.01789	0.00897	0.11472	0.01562	0.03364	0.01117	0.01261	0.00859	0.00700	0.00490	0.00220	0.00608	0.00431	0.00482	0.00859
2	0.01485	0.07695	0.66988	0.02026	0.03075	0.01754	0.02606	0.02295	0.01531	0.02269	0.01288	0.01514	0.00921	0.00687	0.00678	0.00226	0.01058	0.00529	0.00307	0.01066
3	0.01630	0.01320	0.01590	0.01175	0.01770	0.01079	0.02974	0.07642	0.01711	0.05124	0.01885	0.04139	0.05808	0.00724	0.00606	0.00141	0.00571	0.00599	0.00497	0.59016
4	0.01168	0.00883	0.01249	0.01480	0.07424	0.00862	0.01111	0.01495	0.01735	0.02311	0.16635	0.09289	0.08976	0.01784	0.00938	0.00296	0.00594	0.40395	0.00668	0.00709
5	0.10569	0.06236	0.52558	0.01827	0.02756	0.01666	0.02236	0.02410	0.01557	0.09660	0.01426	0.01579	0.01000	0.00708	0.00658	0.00226	0.00955	0.00535	0.00387	0.01053
6	0.01663	0.08147	0.02426	0.01885	0.01975	0.04565	0.03616	0.01843	0.01196	0.01765	0.00981	0.01555	0.00956	0.01177	0.02111	0.00297	0.62091	0.00616	0.00321	0.00815
7	0.76611	0.01399	0.01093	0.00969	0.01423	0.01609	0.00798	0.02192	0.01270	0.05881	0.01085	0.01231	0.00827	0.00684	0.00461	0.00225	0.00564	0.00407	0.00467	0.00805
8	0.00875	0.00720	0.00772	0.00811	0.01014	0.00617	0.00598	0.01053	0.01606	0.01950	0.06589	0.20066	0.54753	0.01932	0.00877	0.00258	0.00389	0.03835	0.00675	0.00611
9	0.00882	0.00735	0.00773	0.00791	0.01017	0.00626	0.00596	0.01074	0.01651	0.01994	0.08731	0.11485	0.60141	0.01869	0.00871	0.00253	0.00387	0.04830	0.00678	0.00617
10	0.01855	0.01551	0.01645	0.01473	0.01889	0.01784	0.01148	0.03852	0.66446	0.05229	0.02956	0.02704	0.02205	0.00983	0.00739	0.00246	0.00577	0.00819	0.00745	0.01153
11	0.02763	0.02036	0.02182	0.01672	0.02254	0.02254	0.01382	0.67496	0.03418	0.04581	0.01745	0.01745	0.01236	0.00873	0.00727	0.00218	0.00800	0.00654	0.00727	0.01236
12	0.01151	0.00834	0.01041	0.00972	0.01158	0.00801	0.00724	0.06573	0.02044	0.02850	0.53147	0.11209	0.07762	0.05282	0.01000	0.00259	0.00406	0.01321	0.00761	0.00707
13	0.01808	0.01561	0.01644	0.01479	0.01890	0.01808	0.01151	0.03863	0.68606	0.03041	0.02959	0.02712	0.02219	0.00986	0.00740	0.00247	0.00575	0.00822	0.00740	0.01151
14	0.01587	0.01618	0.02548	0.04635	0.02328	0.02095	0.12949	0.01839	0.01231	0.01851	0.01087	0.01707	0.01008	0.01272	0.04275	0.00330	0.55808	0.00679	0.00329	0.00823
15	0.79588	0.01406	0.01068	0.00956	0.01406	0.01631	0.00787	0.02137	0.01237	0.03261	0.01012	0.01181	0.00787	0.00675	0.00450	0.00225	0.00562	0.00394	0.00450	0.00787
16	0.01687	0.00885	0.01165	0.01026	0.01311	0.00791	0.00793	0.01985	0.01990	0.23303	0.40572	0.09716	0.09034	0.01388	0.00824	0.00233	0.00434	0.01206	0.00813	0.00842
17	0.01171	0.00837	0.01171	0.01339	0.01506	0.00837	0.01171	0.01506	0.01673	0.02175	0.03849	0.08199	0.04183	0.02008	0.01004	0.00335	0.00669	0.65027	0.00669	0.00669
18	0.02395	0.01815	0.02030	0.07869	0.02374	0.01996	0.01351	0.49706	0.07366	0.03950	0.01883	0.05808	0.01466	0.00924	0.00727	0.00220	0.00763	0.00729	0.00671	0.05955
19	0.01144	0.00768	0.01008	0.00934	0.01126	0.00706	0.00706	0.01483	0.02059	0.06388	0.66106	0.05278	0.06598	0.01456	0.00851	0.00228	0.00357	0.01285	0.00805	0.00714
20	0.01822	0.57081	0.20554	0.01451	0.02186	0.02579	0.01605	0.02208	0.01491	0.01858	0.01084	0.01258	0.00930	0.00639	0.00523	0.00174	0.00852	0.00426	0.00310	0.00968
21	0.01904	0.69156	0.09201	0.01311	0.01969	0.02780	0.01360	0.02187	0.01482	0.01758	0.01034	0.01196	0.00932	0.00627	0.00484	0.00161	0.00801	0.00401	0.00311	0.00944
22	0.01038	0.00779	0.01168	0.01168	0.01298	0.00909	0.00909	0.01298	0.01168	0.01687	0.01947	0.02856	0.01817	0.05452	0.71573	0.01168	0.01947	0.00779	0.00389	0.00649
23	0.00978	0.00682	0.00799	0.00860	0.00916	0.00650	0.00543	0.01062	0.01279	0.01695	0.03625	0.30018	0.12793	0.35532	0.02185	0.00473	0.00542	0.01475	0.03366	0.00527
24	0.01640	0.05611	0.02304	0.11105	0.02446	0.04489	0.09607	0.08952	0.01581	0.02154	0.01628	0.11426	0.01572	0.01411	0.05691	0.00323	0.25950	0.00847	0.00423	0.00841
25	0.01355	0.00678	0.00678	0.00678	0.00847	0.00678	0.00508	0.01694	0.01524	0.02710	0.02371	0.02710	0.01863	0.00847	0.00508	0.00169	0.00339	0.00678	0.78489	0.00678
26	0.00917	0.00657	0.00872	0.00990	0.01061	0.00612	0.00677	0.01092	0.01540	0.02091	0.18568	0.58746	0.05263	0.02101	0.00912	0.00280	0.00404	0.01899	0.00703	0.00612
27	0.01547	0.08772	0.54572	0.02344	0.11245	0.01788	0.05258	0.02285	0.01553	0.02268	0.01297	0.01557	0.00958	0.00677	0.00684	0.00223	0.01033	0.00553	0.00316	0.01069
28	0.01498	0.01517	0.02170	0.48277	0.04034	0.09020	0.07531	0.01963	0.03325	0.01928	0.01852	0.06984	0.05080	0.00891	0.00752	0.00240	0.00948	0.00794	0.00387	0.00810
29	0.79588	0.01406	0.01068	0.00956	0.01406	0.01631	0.00787	0.02137	0.01237	0.03261	0.01012	0.01181	0.00787	0.00675	0.00450	0.00225	0.00562	0.00394	0.00450	0.00787
30	0.01390	0.01289	0.02162	0.64052	0.04627	0.01592	0.03894	0.01859	0.01453	0.01915	0.01345	0.01969	0.01022	0.00750	0.00778	0.00241	0.03538	0.00654	0.04666	0.00805
31	0.03144	0.01241	0.01675	0.01279	0.01847	0.01062	0.01055	0.03428	0.02042	0.65879	0.02763	0.02410	0.01751	0.00876	0.00718	0.00217	0.00613	0.00711	0.00868	0.06422
32	0.03261	0.01237	0.01687	0.01293	0.01856	0.01068	0.01068	0.03543	0.02081	0.70423	0.02868	0.02474	0.01799	0.00900	0.00731	0.00225	0.00619	0.00731	0.00900	0.01237
33	0.02029	0.01542	0.01653	0.01413	0.01850	0.01711	0.01120	0.18625	0.39906	0.07796	0.03029	0.02845	0.07904	0.01023	0.00737	0.00235	0.00603	0.00833	0.04036	0.01109
34	0.04772	0.01333	0.01650	0.01328	0.01825	0.01293	0.01075	0.10664	0.12372	0.44772	0.04974	0.06447	0.02107	0.01000	0.00740	0.00231	0.00611	0.00821	0.00828	0.01158
35	0.01834	0.01819	0.07160	0.10917	0.43447	0.01716	0.02004	0.10891	0.01848	0.02609	0.01399	0.01763	0.01121	0.00679	0.00703	0.00210	0.00852	0.00622	0.00408	0.07998
36	0.00938	0.00670	0.00904	0.01072	0.01137	0.00636	0.00766	0.01103	0.01443	0.01914	0.03978	0.61928	0.04693	0.02228	0.00942	0.00302	0.00467	0.13602	0.00674	0.00605
37	0.02763	0.02036	0.02182	0.01672	0.02254	0.02254	0.01382	0.67496	0.03418	0.04581	0.01745	0.01745	0.01236	0.00873	0.00727	0.00218	0.00800	0.00654	0.00727	0.01236
38	0.06696	0.33212	0.09961	0.01388	0.02007	0.08172	0.01330	0.02691	0.01715	0.23961	0.01649	0.01640	0.01202	0.00733	0.00591	0.00192	0.00793	0.00522	0.00513	0.01030
39	0.01040	0.00708	0.00788	0.00788	0.00810	0.00697	0.00450	0.01056	0.01110	0.01458	0.02739	0.04955	0.08567	0.68031	0.03449	0.00664	0.00675	0.01099	0.00461	0.00456
40	0.00909	0.00654	0.00825	0.00952	0.01008	0.00610	0.00628	0.01022	0.01368	0.01800	0.04083	0.57062	0.10886	0.12976	0.01334	0.00351	0.00459	0.01864	0.00640	0.00570
41	0.01410	0.01330	0.02248	0.66670	0.10748	0.01625	0.02037	0.01890	0.01471	0.01903	0.01299	0.01926	0.00985	0.00720	0.00726	0.00240	0.00960	0.00646	0.00326	0.00838
42	0.01749	0.01692	0.02550	0.30576	0.36492	0.06373	0.02046	0.05756	0.01702	0.02257	0.01343	0.01817	0.01071	0.00698	0.00719	0.00224	0.00931	0.00635	0.00367	0.01002
43	0.02542	0.02599	0.02173	0.05948	0.08375	0.33668	0.01494	0.26214	0.05078	0.02900	0.01451	0.01601	0.01116	0.00793	0.00694	0.00206	0.01039	0.00575	0.00512	0.01023
44	0.01038	0.00685	0.00874	0.00974	0.01057	0.00634	0.00654	0.01161	0.01409	0.05599	0.04015	0.54755	0.10166	0.11817	0.01282	0.00342	0.00466	0.01810	0.00656	0.00608
45	0.05716	0.01984	0.07525	0.03065	0.13317	0.01817	0.48331	0.02282	0.01650	0.02361	0.01404	0.01860	0.01078	0.00649	0.00862	0.00242	0.03720	0.00777	0.00366	0.00994

[dist]
# distance from previous block
# <min> <max>
0	11

# created by:
# /st0/software/busco_prod/Augustus/scripts/msa2prfl.pl ./align_prep/123368.fa
