[name]
unknown

[dist]
# distance from previous block
# <min> <max>
0	20

[block]
# block no. 0 follows, 28 sequences, length 35
# corresponding to MSA columns:
# 21-55
name=unknown_A
#
# <colnr> <probs for GDERKNQSTAVLIFYWHMCP>
#	G	D	E	R	K	N	Q	S	T	A	V	L	I	F	Y	W	H	M	C	P
0	0.01171	0.00837	0.01171	0.01339	0.01506	0.00837	0.01171	0.01506	0.01673	0.02175	0.03849	0.08199	0.04183	0.02008	0.01004	0.00335	0.00669	0.65027	0.00669	0.00669
1	0.01799	0.01727	0.02950	0.04462	0.69919	0.01727	0.02231	0.02231	0.01655	0.02375	0.01367	0.01799	0.01151	0.00648	0.00720	0.00216	0.00864	0.00648	0.00360	0.01151
2	0.01050	0.00731	0.00928	0.00928	0.00974	0.00778	0.00609	0.01144	0.01097	0.01509	0.02167	0.04074	0.02346	0.49665	0.28083	0.00871	0.01151	0.00957	0.00422	0.00515
3	0.00886	0.00633	0.00843	0.01012	0.01054	0.00590	0.00675	0.01012	0.01392	0.01856	0.04006	0.73979	0.04808	0.02277	0.00928	0.00295	0.00422	0.02066	0.00675	0.00590
4	0.01458	0.03760	0.70688	0.02072	0.03146	0.01688	0.02686	0.02302	0.01535	0.02302	0.01304	0.01535	0.00921	0.00691	0.00691	0.00230	0.01074	0.00537	0.00307	0.01074
5	0.01077	0.00767	0.01109	0.01109	0.01243	0.00881	0.00860	0.01346	0.01211	0.01811	0.01998	0.02838	0.01823	0.04893	0.62956	0.01047	0.01752	0.00767	0.09859	0.00652
6	0.01984	0.01522	0.01649	0.01457	0.01886	0.01718	0.01141	0.03824	0.60540	0.11211	0.02948	0.02683	0.02168	0.00976	0.00739	0.00244	0.00581	0.00811	0.00759	0.01161
7	0.01910	0.01615	0.01640	0.03940	0.01944	0.11722	0.01014	0.02213	0.01662	0.10951	0.01468	0.01617	0.01144	0.00624	0.00588	0.00140	0.00682	0.00483	0.00478	0.54166
8	0.00908	0.00642	0.00837	0.00983	0.01020	0.00606	0.00644	0.01018	0.01347	0.01796	0.03778	0.64772	0.04520	0.11877	0.01296	0.00350	0.00459	0.01932	0.00644	0.00570
9	0.06661	0.57496	0.13151	0.01369	0.02035	0.05232	0.01428	0.02220	0.01493	0.01893	0.01057	0.01225	0.00922	0.00640	0.00505	0.00172	0.00827	0.00413	0.00321	0.00941
10	0.01489	0.01371	0.02254	0.64939	0.04758	0.01671	0.04265	0.06790	0.01610	0.02078	0.01332	0.01924	0.00994	0.00734	0.00731	0.00241	0.00965	0.00654	0.00355	0.00846
11	0.00870	0.00694	0.00780	0.00849	0.01011	0.00604	0.00602	0.01030	0.01548	0.01919	0.05990	0.34399	0.43108	0.02019	0.00887	0.00266	0.00390	0.01752	0.00675	0.00604
12	0.02718	0.03377	0.02067	0.01860	0.02248	0.67290	0.01403	0.06861	0.02143	0.01951	0.01162	0.01337	0.00955	0.00757	0.00660	0.00189	0.01280	0.00480	0.00396	0.00867
13	0.01865	0.56492	0.05819	0.01229	0.01796	0.02390	0.01204	0.02141	0.01604	0.06029	0.11539	0.01906	0.01884	0.00772	0.00550	0.00174	0.00713	0.00555	0.00420	0.00919
14	0.01057	0.00705	0.00793	0.00793	0.00793	0.00705	0.00440	0.01057	0.01057	0.01409	0.02290	0.04757	0.02643	0.74454	0.03700	0.00705	0.00705	0.01057	0.00440	0.00440
15	0.00918	0.00652	0.00862	0.01018	0.01066	0.00616	0.00692	0.01049	0.01386	0.01845	0.03870	0.64382	0.04606	0.07560	0.01137	0.00328	0.00460	0.06312	0.00657	0.00585
16	0.14177	0.18875	0.02391	0.04615	0.02157	0.02276	0.01288	0.39446	0.02547	0.03591	0.01443	0.01533	0.01086	0.00778	0.00624	0.00206	0.00766	0.00553	0.00570	0.01078
17	0.01809	0.06529	0.07636	0.04726	0.02192	0.15526	0.01637	0.02044	0.01364	0.01800	0.01031	0.01521	0.00947	0.01065	0.01738	0.00273	0.46417	0.00582	0.00328	0.00835
18	0.00919	0.00658	0.00873	0.00990	0.01062	0.00612	0.00677	0.01095	0.01545	0.02100	0.19134	0.58155	0.05281	0.02095	0.00912	0.00280	0.00404	0.01893	0.00704	0.00612
19	0.02718	0.03378	0.02067	0.01861	0.02248	0.67357	0.01403	0.06798	0.02142	0.01948	0.01161	0.01337	0.00954	0.00757	0.00660	0.00189	0.01280	0.00479	0.00396	0.00866
20	0.00900	0.00643	0.00860	0.01029	0.01077	0.00603	0.00700	0.01037	0.01406	0.01872	0.03998	0.70651	0.04776	0.02264	0.00932	0.00297	0.00434	0.05252	0.00674	0.00594
21	0.79588	0.01406	0.01068	0.00956	0.01406	0.01631	0.00787	0.02137	0.01237	0.03261	0.01012	0.01181	0.00787	0.00675	0.00450	0.00225	0.00562	0.00394	0.00450	0.00787
22	0.09721	0.03511	0.63324	0.01954	0.02962	0.01682	0.02485	0.02285	0.01503	0.02403	0.01274	0.01497	0.00907	0.00689	0.00665	0.00230	0.01020	0.00522	0.00322	0.01044
23	0.01372	0.01255	0.02090	0.68363	0.04756	0.01558	0.01928	0.01847	0.01458	0.01909	0.01357	0.01985	0.01023	0.00734	0.00714	0.00238	0.00931	0.00648	0.05037	0.00800
24	0.01808	0.01561	0.01644	0.01479	0.01890	0.01808	0.01151	0.03863	0.68606	0.03041	0.02959	0.02712	0.02219	0.00986	0.00740	0.00247	0.00575	0.00822	0.00740	0.01151
25	0.00871	0.00731	0.00757	0.00764	0.00993	0.00617	0.00568	0.01061	0.01666	0.02015	0.10973	0.10909	0.61899	0.01845	0.00863	0.00247	0.00370	0.01553	0.00683	0.00617
26	0.01812	0.01853	0.05091	0.07018	0.62115	0.04827	0.02200	0.02248	0.01661	0.02325	0.01351	0.01774	0.01127	0.00657	0.00716	0.00216	0.00895	0.00636	0.00357	0.01121
27	0.79588	0.01406	0.01068	0.00956	0.01406	0.01631	0.00787	0.02137	0.01237	0.03261	0.01012	0.01181	0.00787	0.00675	0.00450	0.00225	0.00562	0.00394	0.00450	0.00787
28	0.01465	0.00784	0.00795	0.00755	0.00957	0.00801	0.00576	0.06834	0.01672	0.02856	0.02322	0.02635	0.01814	0.00849	0.00525	0.00173	0.00375	0.00676	0.72415	0.00721
29	0.00884	0.00639	0.00837	0.00996	0.01050	0.00592	0.00667	0.01014	0.01408	0.01862	0.04207	0.69970	0.08687	0.02251	0.00924	0.00292	0.00419	0.02035	0.00675	0.00592
30	0.01458	0.03760	0.70688	0.02072	0.03146	0.01688	0.02686	0.02302	0.01535	0.02302	0.01304	0.01535	0.00921	0.00691	0.00691	0.00230	0.01074	0.00537	0.00307	0.01074
31	0.03261	0.01237	0.01687	0.01293	0.01856	0.01068	0.01068	0.03543	0.02081	0.70423	0.02868	0.02474	0.01799	0.00900	0.00731	0.00225	0.00619	0.00731	0.00900	0.01237
32	0.01038	0.00779	0.01168	0.01168	0.01298	0.00909	0.00909	0.01298	0.01168	0.01687	0.01947	0.02856	0.01817	0.05452	0.71573	0.01168	0.01947	0.00779	0.00389	0.00649
33	0.02763	0.02036	0.02182	0.01672	0.02254	0.02254	0.01382	0.67496	0.03418	0.04581	0.01745	0.01745	0.01236	0.00873	0.00727	0.00218	0.00800	0.00654	0.00727	0.01236
34	0.01355	0.00678	0.00678	0.00678	0.00847	0.00678	0.00508	0.01694	0.01524	0.02710	0.02371	0.02710	0.01863	0.00847	0.00508	0.00169	0.00339	0.00678	0.78489	0.00678

[dist]
# distance from previous block
# <min> <max>
0	2

[block]
# block no. 1 follows, 28 sequences, length 28
# corresponding to MSA columns:
# 58-85
name=unknown_B
#
# <colnr> <probs for GDERKNQSTAVLIFYWHMCP>
#	G	D	E	R	K	N	Q	S	T	A	V	L	I	F	Y	W	H	M	C	P
0	0.01799	0.01727	0.02950	0.04462	0.69919	0.01727	0.02231	0.02231	0.01655	0.02375	0.01367	0.01799	0.01151	0.00648	0.00720	0.00216	0.00864	0.00648	0.00360	0.01151
1	0.01590	0.01590	0.02226	0.01908	0.01908	0.02226	0.01590	0.01749	0.01113	0.01749	0.00954	0.01590	0.00954	0.01272	0.02385	0.00318	0.73123	0.00636	0.00318	0.00795
2	0.02225	0.01536	0.01706	0.01457	0.01918	0.01688	0.01155	0.10078	0.47406	0.18144	0.02819	0.02564	0.02029	0.00956	0.00736	0.00239	0.00607	0.00785	0.00774	0.01178
3	0.74365	0.01449	0.01144	0.01005	0.01463	0.01673	0.00828	0.06581	0.01385	0.03351	0.01062	0.01219	0.00818	0.00688	0.00469	0.00224	0.00578	0.00411	0.00469	0.00818
4	0.01943	0.01503	0.01619	0.01408	0.01826	0.01667	0.01107	0.15254	0.42359	0.07550	0.03207	0.06412	0.08700	0.01106	0.00758	0.00242	0.00592	0.00915	0.00738	0.01092
5	0.01943	0.74891	0.03809	0.01244	0.01866	0.02876	0.01244	0.02177	0.01477	0.01710	0.01011	0.01166	0.00933	0.00622	0.00466	0.00155	0.00777	0.00389	0.00311	0.00933
6	0.01799	0.01727	0.02950	0.04462	0.69919	0.01727	0.02231	0.02231	0.01655	0.02375	0.01367	0.01799	0.01151	0.00648	0.00720	0.00216	0.00864	0.00648	0.00360	0.01151
7	0.01634	0.01559	0.02652	0.30900	0.44772	0.01684	0.02149	0.02086	0.01577	0.02174	0.01338	0.01853	0.01081	0.00678	0.00722	0.00226	0.00904	0.00647	0.00346	0.01018
8	0.00886	0.00633	0.00843	0.01012	0.01054	0.00590	0.00675	0.01012	0.01392	0.01856	0.04006	0.73979	0.04808	0.02277	0.00928	0.00295	0.00422	0.02066	0.00675	0.00590
9	0.02763	0.02036	0.02182	0.01672	0.02254	0.02254	0.01382	0.67496	0.03418	0.04581	0.01745	0.01745	0.01236	0.00873	0.00727	0.00218	0.00800	0.00654	0.00727	0.01236
10	0.00890	0.00655	0.00822	0.00951	0.01027	0.00601	0.00640	0.01020	0.01420	0.01850	0.04506	0.58381	0.16143	0.06124	0.01066	0.00309	0.00428	0.01918	0.00662	0.00586
11	0.02763	0.02036	0.02182	0.01672	0.02254	0.02254	0.01382	0.67496	0.03418	0.04581	0.01745	0.01745	0.01236	0.00873	0.00727	0.00218	0.00800	0.00654	0.00727	0.01236
12	0.00886	0.00633	0.00843	0.01012	0.01054	0.00590	0.00675	0.01012	0.01392	0.01856	0.04006	0.73979	0.04808	0.02277	0.00928	0.00295	0.00422	0.02066	0.00675	0.00590
13	0.06544	0.03607	0.66156	0.01999	0.03033	0.01684	0.02562	0.02291	0.01515	0.02364	0.01285	0.01512	0.00912	0.00690	0.00675	0.00230	0.01041	0.00528	0.00316	0.01056
14	0.02382	0.02887	0.02011	0.01814	0.02118	0.51667	0.01391	0.02706	0.06743	0.01862	0.01272	0.01537	0.01078	0.01089	0.04525	0.00262	0.12878	0.00537	0.00393	0.00848
15	0.01458	0.03760	0.70688	0.02072	0.03146	0.01688	0.02686	0.02302	0.01535	0.02302	0.01304	0.01535	0.00921	0.00691	0.00691	0.00230	0.01074	0.00537	0.00307	0.01074
16	0.00905	0.00751	0.00801	0.00826	0.01060	0.00647	0.00644	0.01112	0.01659	0.01995	0.06842	0.07174	0.59904	0.01866	0.00881	0.00259	0.00413	0.10965	0.00674	0.00622
17	0.00915	0.00645	0.00835	0.00974	0.01009	0.00610	0.00634	0.01020	0.01334	0.01778	0.03708	0.61952	0.04432	0.14818	0.01409	0.00366	0.00471	0.01891	0.00634	0.00564
18	0.01943	0.74891	0.03809	0.01244	0.01866	0.02876	0.01244	0.02177	0.01477	0.01710	0.01011	0.01166	0.00933	0.00622	0.00466	0.00155	0.00777	0.00389	0.00311	0.00933
19	0.01122	0.00855	0.01244	0.01214	0.01355	0.01006	0.00951	0.03755	0.01249	0.01796	0.01904	0.02769	0.01764	0.05131	0.66451	0.01102	0.04488	0.00769	0.00399	0.00676
20	0.00886	0.00633	0.00843	0.01012	0.01054	0.00590	0.00675	0.01012	0.01392	0.01856	0.04006	0.73979	0.04808	0.02277	0.00928	0.00295	0.00422	0.02066	0.00675	0.00590
21	0.75754	0.01373	0.01064	0.00954	0.01390	0.01585	0.00782	0.02099	0.01277	0.03244	0.04356	0.01388	0.01084	0.00714	0.00470	0.00225	0.00552	0.00439	0.00467	0.00782
22	0.01771	0.01748	0.02847	0.14807	0.54167	0.04850	0.04824	0.02207	0.01645	0.02266	0.01349	0.01805	0.01112	0.00663	0.00724	0.00220	0.00915	0.00648	0.00355	0.01078
23	0.02763	0.02036	0.02182	0.01672	0.02254	0.02254	0.01382	0.67496	0.03418	0.04581	0.01745	0.01745	0.01236	0.00873	0.00727	0.00218	0.00800	0.00654	0.00727	0.01236
24	0.02662	0.01906	0.02073	0.01600	0.02163	0.02068	0.01314	0.58526	0.03182	0.07956	0.01872	0.04537	0.01396	0.00913	0.00727	0.00217	0.00764	0.00703	0.00721	0.04700
25	0.01910	0.70054	0.08357	0.01300	0.01953	0.02795	0.01342	0.02185	0.01481	0.01750	0.01031	0.01191	0.00932	0.00627	0.00482	0.00161	0.00798	0.00399	0.00311	0.00942
26	0.02216	0.01645	0.01709	0.01477	0.01926	0.06220	0.01163	0.07194	0.47134	0.16814	0.02755	0.02520	0.01996	0.00947	0.00732	0.00237	0.00644	0.00771	0.00748	0.01153
27	0.01919	0.71296	0.07189	0.01286	0.01930	0.02816	0.01317	0.02183	0.01480	0.01740	0.01025	0.01185	0.00932	0.00625	0.00478	0.00159	0.00792	0.00396	0.00311	0.00940

[dist]
# distance from previous block
# <min> <max>
0	2

[block]
# block no. 2 follows, 28 sequences, length 68
# corresponding to MSA columns:
# 88-125,128-157
name=unknown_C
#
# <colnr> <probs for GDERKNQSTAVLIFYWHMCP>
#	G	D	E	R	K	N	Q	S	T	A	V	L	I	F	Y	W	H	M	C	P
0	0.02763	0.02036	0.02182	0.01672	0.02254	0.02254	0.01382	0.67496	0.03418	0.04581	0.01745	0.01745	0.01236	0.00873	0.00727	0.00218	0.00800	0.00654	0.00727	0.01236
1	0.01507	0.01292	0.01507	0.01077	0.01723	0.00969	0.00861	0.01830	0.01507	0.02369	0.01292	0.01507	0.01077	0.00538	0.00538	0.00108	0.00538	0.00431	0.00431	0.78898
2	0.01832	0.13402	0.01658	0.01080	0.01441	0.01167	0.00891	0.02138	0.01966	0.22327	0.38599	0.03851	0.04388	0.01170	0.00755	0.00215	0.00496	0.00989	0.00747	0.00888
3	0.01570	0.17027	0.52683	0.01996	0.02958	0.01924	0.07661	0.02281	0.01539	0.02193	0.01263	0.01500	0.00938	0.00671	0.00662	0.00217	0.01031	0.00535	0.00313	0.01040
4	0.01286	0.04548	0.01316	0.01150	0.01314	0.01137	0.00859	0.06819	0.06849	0.01993	0.02327	0.13906	0.02383	0.20528	0.26944	0.00691	0.03746	0.01011	0.00495	0.00697
5	0.00886	0.00633	0.00843	0.01012	0.01054	0.00590	0.00675	0.01012	0.01392	0.01856	0.04006	0.73979	0.04808	0.02277	0.00928	0.00295	0.00422	0.02066	0.00675	0.00590
6	0.01185	0.00853	0.01019	0.01066	0.01214	0.00854	0.00768	0.08030	0.05290	0.02268	0.03775	0.44988	0.09142	0.05299	0.00995	0.00293	0.00485	0.05235	0.06549	0.00693
7	0.02232	0.01598	0.01694	0.01369	0.01817	0.01751	0.01108	0.41577	0.10127	0.03841	0.02287	0.02324	0.04617	0.00923	0.00682	0.00211	0.00644	0.00719	0.19415	0.01064
8	0.01373	0.01292	0.02180	0.72707	0.05006	0.01615	0.02019	0.01857	0.01453	0.01857	0.01292	0.01938	0.00969	0.00727	0.00727	0.00242	0.00969	0.00646	0.00323	0.00807
9	0.02604	0.01942	0.02076	0.01618	0.02171	0.02149	0.01328	0.59308	0.08968	0.04342	0.02078	0.02042	0.04099	0.00922	0.00734	0.00222	0.00763	0.00705	0.00726	0.01204
10	0.02763	0.02036	0.02182	0.01672	0.02254	0.02254	0.01382	0.67496	0.03418	0.04581	0.01745	0.01745	0.01236	0.00873	0.00727	0.00218	0.00800	0.00654	0.00727	0.01236
11	0.01373	0.01292	0.02180	0.72707	0.05006	0.01615	0.02019	0.01857	0.01453	0.01857	0.01292	0.01938	0.00969	0.00727	0.00727	0.00242	0.00969	0.00646	0.00323	0.00807
12	0.01799	0.01727	0.02950	0.04462	0.69919	0.01727	0.02231	0.02231	0.01655	0.02375	0.01367	0.01799	0.01151	0.00648	0.00720	0.00216	0.00864	0.00648	0.00360	0.01151
13	0.02021	0.01431	0.01607	0.01431	0.01847	0.01576	0.01137	0.03578	0.49685	0.15656	0.03026	0.03191	0.02327	0.01067	0.00763	0.00251	0.00592	0.06929	0.00763	0.01121
14	0.00886	0.00633	0.00843	0.01012	0.01054	0.00590	0.00675	0.01012	0.01392	0.01856	0.04006	0.73979	0.04808	0.02277	0.00928	0.00295	0.00422	0.02066	0.00675	0.00590
15	0.00888	0.00734	0.00779	0.00776	0.01002	0.00625	0.00579	0.01097	0.01714	0.02117	0.17548	0.09188	0.56847	0.01798	0.00861	0.00244	0.00366	0.01517	0.00696	0.00625
16	0.01039	0.00775	0.01151	0.01151	0.01274	0.00899	0.00887	0.01287	0.01163	0.01674	0.01963	0.02945	0.01856	0.08696	0.68382	0.01146	0.01889	0.00792	0.00392	0.00639
17	0.00886	0.00633	0.00843	0.01012	0.01054	0.00590	0.00675	0.01012	0.01392	0.01856	0.04006	0.73979	0.04808	0.02277	0.00928	0.00295	0.00422	0.02066	0.00675	0.00590
18	0.00975	0.00717	0.00914	0.00916	0.01066	0.00655	0.00667	0.01249	0.01855	0.02554	0.46837	0.21582	0.13890	0.01713	0.00874	0.00246	0.00364	0.01516	0.00756	0.00655
19	0.00886	0.00633	0.00843	0.01012	0.01054	0.00590	0.00675	0.01012	0.01392	0.01856	0.04006	0.73979	0.04808	0.02277	0.00928	0.00295	0.00422	0.02066	0.00675	0.00590
20	0.02003	0.01578	0.01694	0.01482	0.01919	0.01790	0.01164	0.09357	0.57825	0.08368	0.02846	0.02610	0.02101	0.00970	0.00738	0.00242	0.00598	0.00800	0.00751	0.01165
21	0.00886	0.00633	0.00843	0.01012	0.01054	0.00590	0.00675	0.01012	0.01392	0.01856	0.04006	0.73979	0.04808	0.02277	0.00928	0.00295	0.00422	0.02066	0.00675	0.00590
22	0.01135	0.00930	0.01255	0.01233	0.01367	0.03931	0.00961	0.01387	0.01203	0.01694	0.01866	0.02731	0.01740	0.05058	0.65347	0.01087	0.05267	0.00759	0.00385	0.00664
23	0.01609	0.01647	0.02540	0.02084	0.02196	0.02167	0.11584	0.01837	0.01205	0.01837	0.01033	0.01647	0.00977	0.01172	0.02153	0.00307	0.62185	0.00670	0.00326	0.00823
24	0.01121	0.00811	0.01106	0.01251	0.01416	0.00796	0.01068	0.01431	0.01670	0.02168	0.06898	0.12273	0.09652	0.01990	0.00981	0.00320	0.00615	0.53095	0.00676	0.00660
25	0.01038	0.00779	0.01168	0.01168	0.01298	0.00909	0.00909	0.01298	0.01168	0.01687	0.01947	0.02856	0.01817	0.05452	0.71573	0.01168	0.01947	0.00779	0.00389	0.00649
26	0.01507	0.01292	0.01507	0.01077	0.01723	0.00969	0.00861	0.01830	0.01507	0.02369	0.01292	0.01507	0.01077	0.00538	0.00538	0.00108	0.00538	0.00431	0.00431	0.78898
27	0.01943	0.74891	0.03809	0.01244	0.01866	0.02876	0.01244	0.02177	0.01477	0.01710	0.01011	0.01166	0.00933	0.00622	0.00466	0.00155	0.00777	0.00389	0.00311	0.00933
28	0.01038	0.00779	0.01168	0.01168	0.01298	0.00909	0.00909	0.01298	0.01168	0.01687	0.01947	0.02856	0.01817	0.05452	0.71573	0.01168	0.01947	0.00779	0.00389	0.00649
29	0.01943	0.74891	0.03809	0.01244	0.01866	0.02876	0.01244	0.02177	0.01477	0.01710	0.01011	0.01166	0.00933	0.00622	0.00466	0.00155	0.00777	0.00389	0.00311	0.00933
30	0.01051	0.00702	0.00795	0.00801	0.00803	0.00700	0.00449	0.01055	0.01070	0.01426	0.02354	0.07331	0.02723	0.71770	0.03597	0.00689	0.00694	0.01095	0.00449	0.00446
31	0.02717	0.02011	0.02181	0.04026	0.02345	0.02233	0.01403	0.65321	0.03353	0.04491	0.01730	0.01752	0.01227	0.00868	0.00727	0.00219	0.00805	0.00654	0.00714	0.01222
32	0.03180	0.01219	0.01661	0.01279	0.01828	0.01054	0.01054	0.03463	0.02080	0.67964	0.05296	0.02582	0.01984	0.00921	0.00736	0.00225	0.00608	0.00752	0.00896	0.01217
33	0.01033	0.00750	0.00978	0.00939	0.01113	0.00694	0.00716	0.01370	0.02016	0.02828	0.62585	0.05686	0.08879	0.01536	0.00868	0.00237	0.00367	0.05938	0.00786	0.00682
34	0.01887	0.01928	0.02862	0.07296	0.55842	0.10241	0.04847	0.02299	0.01698	0.02276	0.01338	0.01753	0.01115	0.00662	0.00718	0.00215	0.00938	0.00635	0.00360	0.01090
35	0.03261	0.01237	0.01687	0.01293	0.01856	0.01068	0.01068	0.03543	0.02081	0.70423	0.02868	0.02474	0.01799	0.00900	0.00731	0.00225	0.00619	0.00731	0.00900	0.01237
36	0.01590	0.01590	0.02226	0.01908	0.01908	0.02226	0.01590	0.01749	0.01113	0.01749	0.00954	0.01590	0.00954	0.01272	0.02385	0.00318	0.73123	0.00636	0.00318	0.00795
37	0.01699	0.02031	0.07331	0.02972	0.03695	0.01846	0.61686	0.02305	0.01684	0.02305	0.01443	0.01926	0.01089	0.00642	0.00909	0.00247	0.04016	0.00834	0.00363	0.00978
38	0.01057	0.00705	0.00793	0.00793	0.00793	0.00705	0.00440	0.01057	0.01057	0.01409	0.02290	0.04757	0.02643	0.74454	0.03700	0.00705	0.00705	0.01057	0.00440	0.00440
39	0.01057	0.00705	0.00793	0.00793	0.00793	0.00705	0.00440	0.01057	0.01057	0.01409	0.02290	0.04757	0.02643	0.74454	0.03700	0.00705	0.00705	0.01057	0.00440	0.00440
40	0.01979	0.01566	0.01687	0.01464	0.01889	0.01765	0.01152	0.15889	0.47632	0.06025	0.06007	0.05257	0.02334	0.01032	0.00750	0.00241	0.00603	0.00855	0.00744	0.01127
41	0.01482	0.07229	0.67425	0.02031	0.03084	0.01746	0.02615	0.02296	0.01532	0.02273	0.01290	0.01517	0.00921	0.00687	0.00680	0.00227	0.01060	0.00530	0.00307	0.01067
42	0.01458	0.03760	0.70688	0.02072	0.03146	0.01688	0.02686	0.02302	0.01535	0.02302	0.01304	0.01535	0.00921	0.00691	0.00691	0.00230	0.01074	0.00537	0.00307	0.01074
43	0.02524	0.01930	0.02009	0.01589	0.02117	0.04266	0.01295	0.52710	0.11770	0.04138	0.02112	0.02082	0.03917	0.00919	0.00725	0.00220	0.00757	0.00704	0.03044	0.01173
44	0.01263	0.00631	0.00947	0.00947	0.00947	0.00631	0.00631	0.00947	0.00947	0.01263	0.01263	0.02210	0.01263	0.02525	0.02841	0.78851	0.00631	0.00631	0.00316	0.00316
45	0.01971	0.72297	0.03746	0.01267	0.01880	0.05369	0.01250	0.02203	0.01498	0.01713	0.01015	0.01171	0.00933	0.00627	0.00473	0.00157	0.00797	0.00392	0.00313	0.00930
46	0.05605	0.01939	0.01961	0.01593	0.02105	0.05862	0.01286	0.41345	0.23701	0.03891	0.02062	0.02002	0.01510	0.00893	0.00716	0.00226	0.00748	0.00686	0.00701	0.01170
47	0.01057	0.00705	0.00793	0.00793	0.00793	0.00705	0.00440	0.01057	0.01057	0.01409	0.02290	0.04757	0.02643	0.74454	0.03700	0.00705	0.00705	0.01057	0.00440	0.00440
48	0.01783	0.01815	0.06168	0.04147	0.62153	0.01731	0.02181	0.02342	0.06087	0.02415	0.01470	0.01847	0.01211	0.00672	0.00720	0.00219	0.00855	0.00654	0.00382	0.01148
49	0.01716	0.01961	0.04289	0.03064	0.03799	0.01838	0.67279	0.02328	0.01716	0.02328	0.01471	0.01961	0.01103	0.00613	0.00858	0.00245	0.01225	0.00858	0.00368	0.00980
50	0.00888	0.00743	0.00776	0.00784	0.01020	0.00632	0.00598	0.01090	0.01680	0.02029	0.10530	0.06985	0.62121	0.01832	0.00868	0.00250	0.00386	0.05486	0.00681	0.00621
51	0.01057	0.00705	0.00793	0.00793	0.00793	0.00705	0.00440	0.01057	0.01057	0.01409	0.02290	0.04757	0.02643	0.74454	0.03700	0.00705	0.00705	0.01057	0.00440	0.00440
52	0.01981	0.52319	0.14549	0.01476	0.02134	0.13126	0.01506	0.02308	0.01575	0.01818	0.01076	0.01249	0.00931	0.00653	0.00532	0.00173	0.00907	0.00425	0.00320	0.00942
53	0.01981	0.01620	0.01553	0.01370	0.01748	0.12039	0.01071	0.08643	0.25060	0.11357	0.13536	0.03408	0.08922	0.01124	0.00764	0.00233	0.00660	0.03224	0.00704	0.00982
54	0.01053	0.00774	0.01146	0.01146	0.01277	0.00898	0.00890	0.01316	0.01184	0.01734	0.01966	0.02849	0.01819	0.05242	0.68331	0.01123	0.01874	0.00774	0.03953	0.00650
55	0.01171	0.00837	0.01171	0.01339	0.01506	0.00837	0.01171	0.01506	0.01673	0.02175	0.03849	0.08199	0.04183	0.02008	0.01004	0.00335	0.00669	0.65027	0.00669	0.00669
56	0.01147	0.00779	0.00920	0.04355	0.01101	0.00797	0.00595	0.03873	0.01282	0.01767	0.04781	0.11737	0.02820	0.51595	0.02778	0.00558	0.00649	0.01106	0.06824	0.00535
57	0.01504	0.10544	0.64309	0.01993	0.03024	0.01801	0.02548	0.02290	0.01529	0.02246	0.01276	0.01500	0.00922	0.00684	0.00669	0.00223	0.01046	0.00523	0.00307	0.01061
58	0.03242	0.01268	0.01706	0.01308	0.01871	0.01115	0.01081	0.06031	0.02133	0.67861	0.02824	0.02446	0.01777	0.00899	0.00731	0.00225	0.00626	0.00728	0.00893	0.01237
59	0.02790	0.01993	0.02155	0.01652	0.02233	0.02190	0.01365	0.64013	0.03345	0.08167	0.01806	0.01785	0.01267	0.00874	0.00727	0.00219	0.00790	0.00659	0.00737	0.01236
60	0.01799	0.01727	0.02950	0.04462	0.69919	0.01727	0.02231	0.02231	0.01655	0.02375	0.01367	0.01799	0.01151	0.00648	0.00720	0.00216	0.00864	0.00648	0.00360	0.01151
61	0.01448	0.07376	0.61093	0.01928	0.02900	0.01667	0.02436	0.02216	0.01576	0.02322	0.07114	0.01847	0.01428	0.00755	0.00693	0.00226	0.00996	0.00595	0.00349	0.01033
62	0.01263	0.00631	0.00947	0.00947	0.00947	0.00631	0.00631	0.00947	0.00947	0.01263	0.01263	0.02210	0.01263	0.02525	0.02841	0.78851	0.00631	0.00631	0.00316	0.00316
63	0.01588	0.01063	0.01278	0.01256	0.04217	0.01055	0.00906	0.04552	0.16424	0.13587	0.09532	0.20384	0.18212	0.01488	0.00817	0.00250	0.00501	0.01284	0.00725	0.00879
64	0.01619	0.16834	0.53859	0.01965	0.04903	0.01889	0.02349	0.02318	0.01546	0.04494	0.01305	0.01506	0.00960	0.00684	0.00651	0.00216	0.00997	0.00519	0.00329	0.01056
65	0.02192	0.01776	0.10874	0.10315	0.04432	0.04420	0.01463	0.03150	0.23508	0.24385	0.04241	0.02375	0.01804	0.00882	0.00728	0.00233	0.00736	0.00727	0.00658	0.01100
66	0.02336	0.02839	0.01805	0.01665	0.01977	0.55401	0.01241	0.02528	0.01907	0.01830	0.04168	0.04739	0.01502	0.04552	0.06022	0.00289	0.01228	0.00623	0.02561	0.00789
67	0.28963	0.02931	0.46179	0.01679	0.02533	0.01668	0.02017	0.02244	0.01430	0.02640	0.01202	0.01410	0.00874	0.00685	0.00606	0.00228	0.00894	0.00487	0.00357	0.00973

[dist]
# distance from previous block
# <min> <max>
0	1

[block]
# block no. 3 follows, 28 sequences, length 71
# corresponding to MSA columns:
# 159-229
name=unknown_D
#
# <colnr> <probs for GDERKNQSTAVLIFYWHMCP>
#	G	D	E	R	K	N	Q	S	T	A	V	L	I	F	Y	W	H	M	C	P
0	0.27258	0.04756	0.01773	0.01370	0.01872	0.01961	0.01127	0.32561	0.11586	0.03764	0.04101	0.01806	0.01418	0.00836	0.00633	0.00222	0.00675	0.00606	0.00625	0.01047
1	0.02614	0.01811	0.02005	0.01549	0.02111	0.01933	0.01272	0.49049	0.05743	0.12208	0.01900	0.01892	0.01352	0.01010	0.03169	0.00243	0.00785	0.00656	0.00711	0.07988
2	0.00886	0.00633	0.00843	0.01012	0.01054	0.00590	0.00675	0.01012	0.01392	0.01856	0.04006	0.73979	0.04808	0.02277	0.00928	0.00295	0.00422	0.02066	0.00675	0.00590
3	0.00898	0.00642	0.00858	0.01027	0.01074	0.00601	0.00697	0.01034	0.01404	0.01870	0.03999	0.71052	0.04780	0.02265	0.00931	0.00297	0.00433	0.04869	0.00675	0.00594
4	0.01650	0.21637	0.50168	0.01842	0.02775	0.02018	0.02252	0.05721	0.01620	0.02273	0.01254	0.01453	0.00941	0.00683	0.00636	0.00211	0.00985	0.00506	0.00330	0.01047
5	0.01907	0.05670	0.01699	0.01390	0.01792	0.03978	0.01108	0.05579	0.41579	0.10029	0.10961	0.03127	0.02691	0.01057	0.00748	0.00238	0.00601	0.04065	0.00723	0.01059
6	0.00932	0.00699	0.00871	0.00990	0.01086	0.00658	0.00680	0.01171	0.04838	0.01963	0.06362	0.58071	0.14741	0.02122	0.00906	0.00283	0.00419	0.01900	0.00682	0.00625
7	0.01100	0.00842	0.01213	0.01253	0.03771	0.00967	0.00898	0.01307	0.01161	0.01659	0.01943	0.03139	0.01916	0.19171	0.51396	0.00993	0.05420	0.00823	0.00395	0.00633
8	0.01764	0.01937	0.09940	0.04215	0.63030	0.01723	0.02278	0.02238	0.01643	0.02367	0.01361	0.01772	0.01128	0.00652	0.00717	0.00217	0.00885	0.00636	0.00354	0.01143
9	0.03140	0.01232	0.01662	0.01287	0.01832	0.01081	0.01059	0.03484	0.04330	0.65973	0.05015	0.02577	0.01976	0.00921	0.00735	0.00226	0.00608	0.00753	0.00891	0.01216
10	0.00886	0.00633	0.00843	0.01012	0.01054	0.00590	0.00675	0.01012	0.01392	0.01856	0.04006	0.73979	0.04808	0.02277	0.00928	0.00295	0.00422	0.02066	0.00675	0.00590
11	0.01943	0.74891	0.03809	0.01244	0.01866	0.02876	0.01244	0.02177	0.01477	0.01710	0.01011	0.01166	0.00933	0.00622	0.00466	0.00155	0.00777	0.00389	0.00311	0.00933
12	0.01458	0.03760	0.70688	0.02072	0.03146	0.01688	0.02686	0.02302	0.01535	0.02302	0.01304	0.01535	0.00921	0.00691	0.00691	0.00230	0.01074	0.00537	0.00307	0.01074
13	0.01141	0.00768	0.01008	0.00934	0.01125	0.00705	0.00705	0.01481	0.02059	0.06316	0.66177	0.05281	0.06604	0.01457	0.00851	0.00228	0.00357	0.01285	0.00805	0.00714
14	0.01019	0.00743	0.00959	0.00905	0.01080	0.00682	0.00679	0.01354	0.02036	0.02863	0.66109	0.05516	0.10318	0.01506	0.00857	0.00230	0.00344	0.01327	0.00793	0.00682
15	0.04716	0.01865	0.02658	0.10039	0.51147	0.09562	0.02021	0.02337	0.04456	0.02322	0.01386	0.01772	0.01142	0.00681	0.00704	0.00217	0.00900	0.00625	0.00377	0.01072
16	0.00911	0.00652	0.00867	0.00995	0.01060	0.00608	0.00677	0.01077	0.01512	0.02046	0.15808	0.61633	0.05177	0.02135	0.00915	0.00283	0.00408	0.01931	0.00697	0.00608
17	0.02934	0.01507	0.05402	0.01386	0.01968	0.01311	0.01193	0.15581	0.02288	0.49604	0.04941	0.02362	0.01806	0.00893	0.00727	0.00220	0.00665	0.00718	0.00817	0.03676
18	0.01559	0.18618	0.56718	0.01899	0.02879	0.01936	0.02384	0.02276	0.01523	0.02178	0.01243	0.01458	0.00923	0.00676	0.00644	0.00215	0.01012	0.00506	0.00308	0.01045
19	0.01355	0.00678	0.00678	0.00678	0.00847	0.00678	0.00508	0.01694	0.01524	0.02710	0.02371	0.02710	0.01863	0.00847	0.00508	0.00169	0.00339	0.00678	0.78489	0.00678
20	0.01476	0.06335	0.68266	0.02042	0.03100	0.01731	0.02633	0.02297	0.01533	0.02281	0.01294	0.01521	0.00921	0.00688	0.00682	0.00227	0.01064	0.00532	0.00307	0.01069
21	0.00880	0.00734	0.00767	0.00766	0.00996	0.00621	0.00572	0.01080	0.01695	0.02070	0.14464	0.09002	0.60229	0.01814	0.00861	0.00245	0.00367	0.01526	0.00690	0.00621
22	0.01038	0.00779	0.01168	0.01168	0.01298	0.00909	0.00909	0.01298	0.01168	0.01687	0.01947	0.02856	0.01817	0.05452	0.71573	0.01168	0.01947	0.00779	0.00389	0.00649
23	0.14549	0.01651	0.01721	0.01407	0.01873	0.01833	0.01138	0.35428	0.14601	0.03837	0.12311	0.02398	0.02210	0.00956	0.00705	0.00226	0.00651	0.00745	0.00697	0.01064
24	0.01039	0.00775	0.01148	0.01148	0.01271	0.00898	0.00884	0.01285	0.01162	0.01673	0.01965	0.02956	0.01861	0.09104	0.67981	0.01144	0.01881	0.00794	0.00392	0.00638
25	0.02394	0.06974	0.01966	0.01681	0.02038	0.56767	0.01275	0.02588	0.01972	0.01842	0.04711	0.04904	0.06083	0.00914	0.00679	0.00196	0.01137	0.00641	0.00423	0.00814
26	0.01581	0.01290	0.01515	0.01086	0.01728	0.00973	0.00870	0.01902	0.01531	0.05221	0.01358	0.01548	0.01107	0.00553	0.00546	0.00113	0.00542	0.00443	0.00450	0.75643
27	0.02071	0.38851	0.17235	0.01603	0.02246	0.23016	0.01592	0.02418	0.01662	0.01854	0.01105	0.01286	0.00931	0.00674	0.00569	0.00180	0.00998	0.00443	0.00329	0.00936
28	0.02547	0.01650	0.01863	0.01423	0.01989	0.01671	0.01167	0.37850	0.02666	0.17780	0.01929	0.01907	0.01359	0.00813	0.00679	0.00196	0.00686	0.00629	0.05158	0.16039
29	0.01987	0.42298	0.19873	0.01580	0.02261	0.17113	0.01632	0.02361	0.01615	0.01870	0.01107	0.01287	0.00931	0.00666	0.00562	0.00181	0.00963	0.00442	0.00323	0.00949
30	0.03246	0.01262	0.01703	0.01305	0.01868	0.01106	0.01078	0.05575	0.02123	0.68330	0.02832	0.02451	0.01781	0.00899	0.00731	0.00225	0.00624	0.00729	0.00894	0.01237
31	0.01943	0.74891	0.03809	0.01244	0.01866	0.02876	0.01244	0.02177	0.01477	0.01710	0.01011	0.01166	0.00933	0.00622	0.00466	0.00155	0.00777	0.00389	0.00311	0.00933
32	0.01608	0.01289	0.01518	0.01089	0.01730	0.00975	0.00873	0.01928	0.01540	0.06265	0.01382	0.01563	0.01118	0.00559	0.00549	0.00114	0.00543	0.00448	0.00458	0.74451
33	0.01122	0.00763	0.00869	0.00864	0.00898	0.00769	0.00517	0.04399	0.01217	0.01624	0.02473	0.13083	0.02837	0.61907	0.03211	0.00630	0.00675	0.01160	0.00484	0.00499
34	0.01038	0.00806	0.01087	0.01104	0.01266	0.00740	0.03667	0.03603	0.01518	0.02029	0.03951	0.55354	0.11056	0.01969	0.00879	0.00270	0.00475	0.01776	0.00644	0.06767
35	0.01458	0.03760	0.70688	0.02072	0.03146	0.01688	0.02686	0.02302	0.01535	0.02302	0.01304	0.01535	0.00921	0.00691	0.00691	0.00230	0.01074	0.00537	0.00307	0.01074
36	0.01688	0.01891	0.12964	0.33765	0.21984	0.01742	0.02094	0.10806	0.01784	0.02431	0.01375	0.01812	0.01047	0.00719	0.00719	0.00230	0.00934	0.00631	0.00385	0.00999
37	0.79588	0.01406	0.01068	0.00956	0.01406	0.01631	0.00787	0.02137	0.01237	0.03261	0.01012	0.01181	0.00787	0.00675	0.00450	0.00225	0.00562	0.00394	0.00450	0.00787
38	0.03261	0.01237	0.01687	0.01293	0.01856	0.01068	0.01068	0.03543	0.02081	0.70423	0.02868	0.02474	0.01799	0.00900	0.00731	0.00225	0.00619	0.00731	0.00900	0.01237
39	0.00872	0.00731	0.00759	0.00764	0.00993	0.00617	0.00568	0.01064	0.01670	0.02023	0.11475	0.10579	0.61715	0.01840	0.00863	0.00247	0.00369	0.01548	0.00684	0.00617
40	0.01263	0.00631	0.00947	0.00947	0.00947	0.00631	0.00631	0.00947	0.00947	0.01263	0.01263	0.02210	0.01263	0.02525	0.02841	0.78851	0.00631	0.00631	0.00316	0.00316
41	0.02790	0.01994	0.02155	0.01652	0.02233	0.02191	0.01365	0.64111	0.03347	0.08066	0.01805	0.01784	0.01266	0.00874	0.00727	0.00219	0.00790	0.00659	0.00736	0.01236
42	0.01052	0.00724	0.00892	0.00892	0.00926	0.00758	0.00564	0.01121	0.01086	0.01483	0.02200	0.04256	0.02425	0.56263	0.21593	0.00827	0.01032	0.00984	0.00427	0.00495
43	0.02231	0.02312	0.01879	0.01642	0.01943	0.31240	0.01288	0.12983	0.05522	0.02437	0.01479	0.01730	0.01200	0.00906	0.01010	0.00220	0.16013	0.00584	0.12497	0.00887
44	0.01057	0.00705	0.00793	0.00793	0.00793	0.00705	0.00440	0.01057	0.01057	0.01409	0.02290	0.04757	0.02643	0.74454	0.03700	0.00705	0.00705	0.01057	0.00440	0.00440
45	0.01010	0.00685	0.00807	0.00854	0.00865	0.00673	0.00505	0.01045	0.01150	0.01533	0.02765	0.23920	0.03242	0.54473	0.02932	0.00591	0.00626	0.01337	0.00505	0.00482
46	0.01057	0.00705	0.00793	0.00793	0.00793	0.00705	0.00440	0.01057	0.01057	0.01409	0.02290	0.04757	0.02643	0.74454	0.03700	0.00705	0.00705	0.01057	0.00440	0.00440
47	0.01038	0.00779	0.01168	0.01168	0.01298	0.00909	0.00909	0.01298	0.01168	0.01687	0.01947	0.02856	0.01817	0.05452	0.71573	0.01168	0.01947	0.00779	0.00389	0.00649
48	0.02715	0.03464	0.02060	0.01873	0.02247	0.71536	0.01404	0.02903	0.02060	0.01779	0.01124	0.01311	0.00936	0.00749	0.00655	0.00187	0.01311	0.00468	0.00375	0.00843
49	0.01373	0.01292	0.02180	0.72707	0.05006	0.01615	0.02019	0.01857	0.01453	0.01857	0.01292	0.01938	0.00969	0.00727	0.00727	0.00242	0.00969	0.00646	0.00323	0.00807
50	0.01745	0.01672	0.02853	0.13106	0.61697	0.01713	0.02204	0.02184	0.01630	0.02309	0.01358	0.01817	0.01128	0.00658	0.00721	0.00219	0.00877	0.00647	0.00355	0.01108
51	0.00920	0.00688	0.00988	0.01098	0.01169	0.00643	0.03466	0.01067	0.01405	0.01875	0.03900	0.70961	0.04652	0.02208	0.00925	0.00293	0.00455	0.02016	0.00662	0.00607
52	0.01799	0.01727	0.02950	0.04462	0.69919	0.01727	0.02231	0.02231	0.01655	0.02375	0.01367	0.01799	0.01151	0.00648	0.00720	0.00216	0.00864	0.00648	0.00360	0.01151
53	0.01372	0.01257	0.02094	0.68583	0.04768	0.01561	0.01932	0.01848	0.01458	0.01906	0.01354	0.01982	0.01020	0.00734	0.00714	0.00238	0.00933	0.00648	0.04798	0.00800
54	0.01002	0.00742	0.00934	0.00886	0.01069	0.00674	0.00665	0.01319	0.01994	0.02763	0.59616	0.05680	0.16873	0.01543	0.00858	0.00231	0.00347	0.01350	0.00780	0.00674
55	0.01373	0.00819	0.01082	0.00973	0.01205	0.00745	0.00745	0.01707	0.02061	0.13335	0.59245	0.04974	0.06078	0.01396	0.00838	0.00228	0.00385	0.01225	0.00816	0.00771
56	0.14391	0.01830	0.01838	0.01482	0.01988	0.04020	0.01206	0.41771	0.13311	0.03947	0.01842	0.01852	0.01349	0.00855	0.00672	0.00220	0.00717	0.00637	0.04962	0.01111
57	0.01047	0.00701	0.00796	0.00805	0.00808	0.00698	0.00454	0.01055	0.01076	0.01435	0.02389	0.08720	0.02767	0.70322	0.03541	0.00681	0.00689	0.01115	0.00454	0.00449
58	0.01483	0.01361	0.02183	0.63778	0.04641	0.01694	0.01950	0.06496	0.01574	0.02044	0.01305	0.01905	0.00987	0.00767	0.00818	0.00245	0.04934	0.00646	0.00351	0.00837
59	0.01032	0.00698	0.00796	0.00813	0.00827	0.00690	0.00469	0.01052	0.01113	0.01475	0.02652	0.11935	0.05320	0.64393	0.03311	0.00646	0.00663	0.01178	0.00473	0.00462
60	0.02083	0.01397	0.01498	0.01233	0.01609	0.01512	0.00986	0.36682	0.02499	0.03602	0.02043	0.04813	0.01608	0.00998	0.00758	0.04164	0.00602	0.00714	0.30243	0.00954
61	0.01433	0.00752	0.00760	0.00732	0.00924	0.00764	0.00556	0.05320	0.01629	0.02813	0.02337	0.02657	0.01829	0.00848	0.00520	0.00172	0.00364	0.00676	0.74203	0.00708
62	0.01029	0.00857	0.03184	0.01010	0.01161	0.00767	0.00741	0.01380	0.07439	0.02124	0.15818	0.36542	0.12273	0.10757	0.01222	0.00321	0.00471	0.01585	0.00662	0.00657
63	0.02763	0.02036	0.02182	0.01672	0.02254	0.02254	0.01382	0.67496	0.03418	0.04581	0.01745	0.01745	0.01236	0.00873	0.00727	0.00218	0.00800	0.00654	0.00727	0.01236
64	0.02670	0.03369	0.02039	0.01853	0.02229	0.68022	0.01392	0.02951	0.05413	0.01843	0.01216	0.01381	0.01001	0.00761	0.00660	0.00190	0.01274	0.00486	0.00393	0.00858
65	0.00886	0.00633	0.00843	0.01012	0.01054	0.00590	0.00675	0.01012	0.01392	0.01856	0.04006	0.73979	0.04808	0.02277	0.00928	0.00295	0.00422	0.02066	0.00675	0.00590
66	0.01354	0.00819	0.01057	0.00969	0.01206	0.00739	0.00746	0.01661	0.01979	0.13161	0.47341	0.07265	0.13608	0.01481	0.00845	0.00236	0.00403	0.03580	0.00792	0.00759
67	0.19439	0.01575	0.01588	0.01303	0.01774	0.07903	0.01051	0.14315	0.04569	0.27194	0.10053	0.02316	0.02017	0.00905	0.00677	0.00221	0.00668	0.00692	0.00705	0.01033
68	0.01758	0.47776	0.29304	0.01559	0.02354	0.02423	0.01793	0.02224	0.01499	0.01936	0.01123	0.01307	0.00928	0.00648	0.00552	0.00184	0.00891	0.00445	0.00309	0.00987
69	0.63334	0.01515	0.05150	0.01072	0.01575	0.01547	0.00939	0.02363	0.01384	0.13573	0.01315	0.01401	0.00951	0.00710	0.00507	0.00225	0.00600	0.00454	0.00511	0.00873
70	0.01155	0.00819	0.00981	0.00966	0.01016	0.00869	0.00632	0.04639	0.01266	0.01732	0.02479	0.16987	0.02796	0.46842	0.06736	0.00592	0.05113	0.01170	0.02660	0.00550

[dist]
# distance from previous block
# <min> <max>
1	7

[block]
# block no. 4 follows, 28 sequences, length 13
# corresponding to MSA columns:
# 237-245,249-252
name=unknown_E
#
# <colnr> <probs for GDERKNQSTAVLIFYWHMCP>
#	G	D	E	R	K	N	Q	S	T	A	V	L	I	F	Y	W	H	M	C	P
0	0.01452	0.06906	0.01610	0.01307	0.01509	0.10382	0.03458	0.04137	0.01386	0.01774	0.01772	0.02835	0.01737	0.20357	0.31602	0.00735	0.05183	0.00766	0.00402	0.00689
1	0.15606	0.10680	0.51219	0.01785	0.02700	0.01800	0.02194	0.02259	0.01475	0.02414	0.01221	0.01433	0.00898	0.00681	0.00624	0.00222	0.00951	0.00496	0.00333	0.01008
2	0.01433	0.08842	0.55091	0.01872	0.02770	0.01664	0.02308	0.02142	0.01475	0.02164	0.01378	0.01704	0.01056	0.01397	0.11275	0.00365	0.01182	0.00562	0.00320	0.01000
3	0.01943	0.74891	0.03809	0.01244	0.01866	0.02876	0.01244	0.02177	0.01477	0.01710	0.01011	0.01166	0.00933	0.00622	0.00466	0.00155	0.00777	0.00389	0.00311	0.00933
4	0.49239	0.02320	0.28112	0.01389	0.02082	0.01653	0.01525	0.02201	0.01353	0.02889	0.01126	0.01318	0.00839	0.00681	0.00543	0.00227	0.00761	0.00449	0.00394	0.00899
5	0.01508	0.11055	0.63828	0.01987	0.03015	0.01810	0.02538	0.02289	0.01529	0.02241	0.01274	0.01497	0.00922	0.00684	0.00668	0.00223	0.01044	0.00522	0.00307	0.01060
6	0.00859	0.00736	0.00736	0.00736	0.00982	0.00614	0.00552	0.01043	0.01657	0.01964	0.07364	0.06996	0.69624	0.01841	0.00859	0.00245	0.00368	0.01534	0.00675	0.00614
7	0.01057	0.00705	0.00793	0.00793	0.00793	0.00705	0.00440	0.01057	0.01057	0.01409	0.02290	0.04757	0.02643	0.74454	0.03700	0.00705	0.00705	0.01057	0.00440	0.00440
8	0.02151	0.54999	0.03231	0.01276	0.01867	0.02463	0.01205	0.02579	0.08477	0.13375	0.01522	0.01544	0.01210	0.00706	0.00539	0.00176	0.00730	0.00491	0.00454	0.01006
9	0.20392	0.42759	0.02745	0.01253	0.01773	0.12849	0.01130	0.02234	0.01539	0.02152	0.04664	0.01418	0.01213	0.00699	0.00512	0.00181	0.00784	0.00451	0.00379	0.00872
10	0.01171	0.00837	0.01171	0.01339	0.01506	0.00837	0.01171	0.01506	0.01673	0.02175	0.03849	0.08199	0.04183	0.02008	0.01004	0.00335	0.00669	0.65027	0.00669	0.00669
11	0.01943	0.74891	0.03809	0.01244	0.01866	0.02876	0.01244	0.02177	0.01477	0.01710	0.01011	0.01166	0.00933	0.00622	0.00466	0.00155	0.00777	0.00389	0.00311	0.00933
12	0.01068	0.00804	0.01028	0.01140	0.01333	0.00763	0.00967	0.01354	0.01668	0.02106	0.05007	0.07803	0.25740	0.01953	0.00956	0.00305	0.00570	0.44112	0.00671	0.00651

[dist]
# distance from previous block
# <min> <max>
0	0

# created by:
# /st0/software/busco_prod/Augustus/scripts/msa2prfl.pl ./align_prep/123627.fa
