[name]
unknown

[dist]
# distance from previous block
# <min> <max>
11	58

[block]
# block no. 0 follows, 29 sequences, length 8
# corresponding to MSA columns:
# 81-88
name=unknown_A
#
# <colnr> <probs for GDERKNQSTAVLIFYWHMCP>
#	G	D	E	R	K	N	Q	S	T	A	V	L	I	F	Y	W	H	M	C	P
0	0.01182	0.01057	0.01180	0.05415	0.07078	0.04214	0.00873	0.01628	0.10200	0.02100	0.10349	0.05006	0.36539	0.08789	0.01077	0.00279	0.00534	0.01179	0.00597	0.00722
1	0.09711	0.00932	0.01136	0.06387	0.01489	0.01014	0.00853	0.05656	0.01409	0.02200	0.02179	0.09036	0.04312	0.08693	0.25448	0.00571	0.01018	0.00834	0.12802	0.04319
2	0.01168	0.00836	0.01057	0.01119	0.01326	0.00807	0.00925	0.01549	0.05829	0.05048	0.09997	0.10933	0.20408	0.01794	0.00905	0.00286	0.00535	0.34106	0.00682	0.00691
3	0.02210	0.01610	0.01672	0.01403	0.01876	0.07534	0.01109	0.07453	0.35117	0.19134	0.02451	0.02282	0.01772	0.00866	0.00691	0.00213	0.00645	0.00698	0.00694	0.10570
4	0.01646	0.01839	0.03401	0.13537	0.03522	0.06958	0.45053	0.02145	0.01629	0.02116	0.01696	0.02136	0.05072	0.00735	0.00893	0.00240	0.05316	0.00806	0.00369	0.00893
5	0.01715	0.01592	0.07183	0.01688	0.02205	0.01416	0.20106	0.15562	0.01890	0.02751	0.01730	0.02184	0.01386	0.06823	0.00914	0.00237	0.00779	0.00700	0.18395	0.10745
6	0.02547	0.02022	0.02043	0.01581	0.02142	0.08019	0.01291	0.54165	0.02997	0.03978	0.01601	0.01644	0.01166	0.00803	0.00683	0.00197	0.00794	0.00598	0.00646	0.11084
7	0.12759	0.07550	0.02015	0.07330	0.02197	0.06111	0.05370	0.21129	0.02070	0.08026	0.01816	0.01925	0.05346	0.00784	0.00639	0.00197	0.00743	0.00611	0.00532	0.12851

[dist]
# distance from previous block
# <min> <max>
2	20

[block]
# block no. 1 follows, 29 sequences, length 69
# corresponding to MSA columns:
# 111-179
name=unknown_B
#
# <colnr> <probs for GDERKNQSTAVLIFYWHMCP>
#	G	D	E	R	K	N	Q	S	T	A	V	L	I	F	Y	W	H	M	C	P
0	0.01755	0.10147	0.46453	0.04664	0.02835	0.11548	0.02184	0.08227	0.01732	0.02313	0.01265	0.01473	0.00935	0.00695	0.00656	0.00212	0.01029	0.00518	0.00348	0.01012
1	0.01566	0.02534	0.29522	0.02456	0.03295	0.01668	0.37029	0.02227	0.01595	0.02275	0.01363	0.01722	0.01010	0.00623	0.00750	0.00222	0.01084	0.00683	0.00343	0.08034
2	0.01229	0.00737	0.00855	0.00821	0.00870	0.00722	0.00487	0.01254	0.01126	0.07636	0.02294	0.04459	0.02515	0.68320	0.03363	0.00648	0.00683	0.01007	0.00472	0.00502
3	0.12395	0.01672	0.10577	0.01369	0.01946	0.01398	0.01246	0.16143	0.02094	0.35136	0.02364	0.04542	0.04131	0.00901	0.00687	0.00223	0.00677	0.00708	0.00701	0.01091
4	0.01516	0.01488	0.07748	0.01178	0.01805	0.01072	0.01033	0.05658	0.01580	0.02402	0.01428	0.01868	0.01226	0.03033	0.00671	0.00151	0.00600	0.03176	0.00438	0.61929
5	0.00868	0.00620	0.00826	0.00991	0.01033	0.00578	0.00661	0.00991	0.01363	0.01818	0.03925	0.74510	0.04710	0.02231	0.00909	0.00289	0.00413	0.02024	0.00661	0.00578
6	0.02588	0.01748	0.16592	0.01506	0.02149	0.01195	0.05252	0.03004	0.01902	0.47940	0.06784	0.02387	0.01862	0.00859	0.00723	0.00223	0.00718	0.00720	0.00721	0.01128
7	0.02267	0.02107	0.13696	0.01750	0.05090	0.01915	0.01531	0.35070	0.18132	0.08103	0.01970	0.01944	0.01415	0.00843	0.00709	0.00222	0.00769	0.00664	0.00642	0.01161
8	0.04371	0.01417	0.04755	0.09272	0.22960	0.01406	0.01462	0.02329	0.16834	0.04850	0.19732	0.02896	0.02807	0.00942	0.00735	0.00225	0.00649	0.00833	0.00564	0.00962
9	0.01036	0.00690	0.00777	0.00777	0.00777	0.00690	0.00431	0.01036	0.01036	0.01381	0.02244	0.04660	0.02589	0.74975	0.03624	0.00690	0.00690	0.01036	0.00431	0.00431
10	0.06317	0.01899	0.05280	0.40077	0.03891	0.15350	0.13122	0.02132	0.01574	0.01983	0.01248	0.01722	0.00953	0.00693	0.00703	0.00226	0.01038	0.00615	0.00340	0.00836
11	0.01345	0.01266	0.02136	0.73264	0.04904	0.01582	0.01978	0.01819	0.01424	0.01819	0.01266	0.01898	0.00949	0.00712	0.00712	0.00237	0.00949	0.00633	0.00316	0.00791
12	0.01345	0.01266	0.02136	0.73264	0.04904	0.01582	0.01978	0.01819	0.01424	0.01819	0.01266	0.01898	0.00949	0.00712	0.00712	0.00237	0.00949	0.00633	0.00316	0.00791
13	0.00868	0.00620	0.00826	0.00991	0.01033	0.00578	0.00661	0.00991	0.01363	0.01818	0.03925	0.74510	0.04710	0.02231	0.00909	0.00289	0.00413	0.02024	0.00661	0.00578
14	0.00880	0.00637	0.00826	0.00959	0.01023	0.00590	0.00647	0.01019	0.01418	0.01885	0.08723	0.62856	0.09534	0.04171	0.00975	0.00292	0.00412	0.01908	0.00663	0.00582
15	0.01278	0.00962	0.01141	0.01082	0.01313	0.00990	0.00813	0.02065	0.21678	0.05014	0.34898	0.16174	0.06870	0.01434	0.00813	0.00241	0.00426	0.01257	0.00745	0.00806
16	0.80005	0.01377	0.01047	0.00936	0.01377	0.01597	0.00771	0.02093	0.01212	0.03195	0.00991	0.01157	0.00771	0.00661	0.00441	0.00220	0.00551	0.00386	0.00441	0.00771
17	0.00952	0.00759	0.00859	0.00846	0.01052	0.00688	0.00629	0.01282	0.05468	0.02291	0.28231	0.12206	0.38815	0.01677	0.00841	0.00239	0.00368	0.01438	0.00707	0.00652
18	0.72836	0.01407	0.01131	0.00989	0.01441	0.01614	0.00815	0.05985	0.01365	0.05629	0.01096	0.01233	0.00831	0.00680	0.00466	0.00220	0.00566	0.00412	0.00472	0.00812
19	0.02545	0.01855	0.02002	0.01578	0.02113	0.02052	0.01290	0.51340	0.16636	0.08053	0.02015	0.01943	0.01438	0.00879	0.00715	0.00220	0.00729	0.00679	0.00725	0.01194
20	0.06301	0.01351	0.01709	0.01316	0.01865	0.01266	0.01087	0.14341	0.02225	0.56969	0.02548	0.02250	0.01628	0.00868	0.00704	0.00219	0.00634	0.00690	0.00834	0.01193
21	0.02707	0.01995	0.02137	0.01638	0.02208	0.02208	0.01353	0.68159	0.03348	0.04488	0.01710	0.01710	0.01211	0.00855	0.00712	0.00214	0.00784	0.00641	0.00712	0.01211
22	0.00893	0.00648	0.00844	0.00955	0.01034	0.00598	0.00655	0.01063	0.01509	0.02029	0.17180	0.56348	0.09508	0.02050	0.00891	0.00273	0.00394	0.01844	0.00685	0.00598
23	0.00971	0.00700	0.00919	0.00921	0.01056	0.00648	0.00669	0.01252	0.01846	0.02586	0.52975	0.23269	0.06198	0.01657	0.00858	0.00241	0.00356	0.01479	0.00752	0.00648
24	0.03116	0.01194	0.01627	0.01254	0.01791	0.01033	0.01033	0.03394	0.02037	0.68577	0.05229	0.02528	0.01941	0.00902	0.00721	0.00220	0.00596	0.00737	0.00878	0.01192
25	0.00931	0.00684	0.00867	0.00905	0.01030	0.00626	0.00643	0.01154	0.01681	0.02284	0.33924	0.32291	0.14566	0.03900	0.00946	0.00265	0.00379	0.01595	0.00709	0.00619
26	0.80005	0.01377	0.01047	0.00936	0.01377	0.01597	0.00771	0.02093	0.01212	0.03195	0.00991	0.01157	0.00771	0.00661	0.00441	0.00220	0.00551	0.00386	0.00441	0.00771
27	0.03195	0.01212	0.01652	0.01267	0.01818	0.01047	0.01047	0.03470	0.02038	0.71026	0.02809	0.02424	0.01763	0.00881	0.00716	0.00220	0.00606	0.00716	0.00881	0.01212
28	0.02631	0.06181	0.02084	0.01811	0.02187	0.69434	0.01370	0.02816	0.01996	0.01740	0.01096	0.01279	0.00917	0.00729	0.00635	0.00182	0.01264	0.00456	0.00364	0.00829
29	0.01036	0.00690	0.00777	0.00777	0.00777	0.00690	0.00431	0.01036	0.01036	0.01381	0.02244	0.04660	0.02589	0.74975	0.03624	0.00690	0.00690	0.01036	0.00431	0.00431
30	0.43604	0.01259	0.01239	0.01061	0.01493	0.01339	0.00860	0.02491	0.06030	0.22167	0.08220	0.04048	0.01812	0.00862	0.00587	0.00224	0.00543	0.00637	0.00622	0.00904
31	0.80005	0.01377	0.01047	0.00936	0.01377	0.01597	0.00771	0.02093	0.01212	0.03195	0.00991	0.01157	0.00771	0.00661	0.00441	0.00220	0.00551	0.00386	0.00441	0.00771
32	0.00984	0.00800	0.00882	0.00861	0.01086	0.00740	0.00645	0.01392	0.08714	0.02276	0.23428	0.10443	0.41865	0.01651	0.00833	0.00239	0.00378	0.01407	0.00701	0.00673
33	0.01771	0.01530	0.01610	0.01449	0.01852	0.01771	0.01127	0.03784	0.69247	0.02979	0.02898	0.02657	0.02174	0.00966	0.00725	0.00242	0.00564	0.00805	0.00725	0.01127
34	0.02707	0.01995	0.02137	0.01638	0.02208	0.02208	0.01353	0.68159	0.03348	0.04488	0.01710	0.01710	0.01211	0.00855	0.00712	0.00214	0.00784	0.00641	0.00712	0.01211
35	0.01461	0.01024	0.01130	0.01007	0.01156	0.01078	0.00678	0.18363	0.01644	0.02199	0.02167	0.06440	0.02310	0.53192	0.02774	0.00553	0.00704	0.00970	0.00512	0.00638
36	0.00890	0.00640	0.00823	0.00947	0.01007	0.00596	0.00633	0.01021	0.01395	0.01854	0.08341	0.58900	0.09309	0.08683	0.01143	0.00317	0.00429	0.01850	0.00648	0.00573
37	0.00868	0.00620	0.00826	0.00991	0.01033	0.00578	0.00661	0.00991	0.01363	0.01818	0.03925	0.74510	0.04710	0.02231	0.00909	0.00289	0.00413	0.02024	0.00661	0.00578
38	0.80005	0.01377	0.01047	0.00936	0.01377	0.01597	0.00771	0.02093	0.01212	0.03195	0.00991	0.01157	0.00771	0.00661	0.00441	0.00220	0.00551	0.00386	0.00441	0.00771
39	0.00956	0.00738	0.00862	0.00989	0.01044	0.03329	0.00657	0.01069	0.01357	0.01765	0.03719	0.61066	0.06426	0.10967	0.01225	0.00332	0.00478	0.01828	0.00622	0.00571
40	0.02600	0.01877	0.02029	0.01568	0.02102	0.02061	0.01285	0.61278	0.03173	0.06404	0.04101	0.01968	0.01469	0.03711	0.00828	0.00232	0.00759	0.00681	0.00709	0.01163
41	0.01477	0.01266	0.01477	0.01055	0.01687	0.00949	0.00844	0.01793	0.01477	0.02320	0.01266	0.01477	0.01055	0.00527	0.00527	0.00105	0.00527	0.00422	0.00422	0.79328
42	0.04288	0.18780	0.44589	0.01902	0.02755	0.01942	0.08422	0.02199	0.01478	0.02139	0.01205	0.01456	0.00919	0.00682	0.00717	0.00215	0.04487	0.00525	0.00313	0.00991
43	0.12504	0.01786	0.01639	0.01377	0.01797	0.13489	0.01084	0.22982	0.08226	0.11924	0.04140	0.04601	0.04036	0.06216	0.00889	0.00251	0.00748	0.00724	0.00620	0.00967
44	0.44554	0.01435	0.01395	0.01147	0.01630	0.01554	0.00944	0.15024	0.01841	0.19427	0.03799	0.01696	0.01282	0.00776	0.00570	0.00219	0.00601	0.00542	0.00608	0.00956
45	0.01345	0.01266	0.02136	0.73264	0.04904	0.01582	0.01978	0.01819	0.01424	0.01819	0.01266	0.01898	0.00949	0.00712	0.00712	0.00237	0.00949	0.00633	0.00316	0.00791
46	0.02417	0.04965	0.02161	0.07672	0.08519	0.41573	0.01474	0.16213	0.02170	0.02367	0.01280	0.01500	0.01023	0.00867	0.02572	0.00221	0.01114	0.00532	0.00432	0.00928
47	0.00868	0.00620	0.00826	0.00991	0.01033	0.00578	0.00661	0.00991	0.01363	0.01818	0.03925	0.74510	0.04710	0.02231	0.00909	0.00289	0.00413	0.02024	0.00661	0.00578
48	0.01699	0.01628	0.02776	0.14765	0.60631	0.01675	0.02154	0.02130	0.01592	0.02250	0.01328	0.01783	0.01101	0.00646	0.00706	0.00215	0.00862	0.00634	0.00347	0.01077
49	0.00873	0.00624	0.00831	0.00988	0.01034	0.00582	0.00661	0.01006	0.01390	0.01860	0.06636	0.71678	0.04792	0.02199	0.00906	0.00287	0.00410	0.01994	0.00666	0.00582
50	0.01904	0.75404	0.03731	0.01218	0.01828	0.02818	0.01218	0.02132	0.01447	0.01675	0.00990	0.01142	0.00914	0.00609	0.00457	0.00152	0.00761	0.00381	0.00305	0.00914
51	0.01135	0.00756	0.00993	0.00917	0.01108	0.00694	0.00694	0.01467	0.02017	0.06821	0.66239	0.05151	0.06430	0.01422	0.00833	0.00224	0.00352	0.01254	0.00790	0.00703
52	0.00891	0.00664	0.00830	0.00915	0.01024	0.00602	0.00638	0.01071	0.01553	0.02054	0.18297	0.45892	0.19007	0.01980	0.00880	0.00265	0.00386	0.01762	0.00686	0.00602
53	0.01017	0.00763	0.01144	0.01144	0.01272	0.00890	0.00890	0.01272	0.01144	0.01653	0.01907	0.02797	0.01780	0.05340	0.72153	0.01144	0.01907	0.00763	0.00381	0.00636
54	0.01528	0.01296	0.01504	0.01079	0.01709	0.01001	0.00865	0.04548	0.01554	0.02410	0.01284	0.01486	0.01061	0.00541	0.00535	0.00110	0.00538	0.00431	0.00434	0.76085
55	0.00851	0.00722	0.00735	0.00731	0.00968	0.00605	0.00549	0.01041	0.01646	0.01978	0.10875	0.06764	0.66549	0.01783	0.00841	0.00239	0.00359	0.01490	0.00668	0.00605
56	0.54088	0.01618	0.07848	0.08141	0.04262	0.01605	0.03008	0.04475	0.01400	0.06238	0.01181	0.01381	0.00884	0.00682	0.00531	0.00222	0.00674	0.00468	0.00442	0.00853
57	0.80005	0.01377	0.01047	0.00936	0.01377	0.01597	0.00771	0.02093	0.01212	0.03195	0.00991	0.01157	0.00771	0.00661	0.00441	0.00220	0.00551	0.00386	0.00441	0.00771
58	0.01018	0.00759	0.01127	0.01127	0.01248	0.00880	0.00868	0.01260	0.01139	0.01640	0.01924	0.02887	0.01819	0.08697	0.68850	0.01122	0.01849	0.00776	0.00384	0.00626
59	0.02429	0.01955	0.02029	0.06736	0.02333	0.07132	0.01357	0.46511	0.15590	0.03813	0.01859	0.01872	0.01353	0.00857	0.00710	0.00218	0.00790	0.00658	0.00661	0.01137
60	0.01345	0.01266	0.02136	0.73264	0.04904	0.01582	0.01978	0.01819	0.01424	0.01819	0.01266	0.01898	0.00949	0.00712	0.00712	0.00237	0.00949	0.00633	0.00316	0.00791
61	0.01273	0.00721	0.00846	0.05510	0.01176	0.00764	0.00665	0.01600	0.01426	0.02420	0.02179	0.02631	0.01760	0.01631	0.13360	0.00346	0.00655	0.00679	0.59690	0.00667
62	0.00873	0.00710	0.00766	0.00792	0.00988	0.00613	0.00582	0.01053	0.01586	0.01947	0.10047	0.16067	0.52451	0.04843	0.00970	0.00268	0.00390	0.03797	0.00659	0.00597
63	0.01796	0.49090	0.12546	0.01837	0.07401	0.02423	0.11900	0.02175	0.01504	0.01894	0.01124	0.01357	0.00954	0.00618	0.00564	0.00180	0.00874	0.00490	0.00316	0.00955
64	0.01887	0.01720	0.04402	0.01567	0.04537	0.06287	0.01219	0.07580	0.46068	0.05502	0.02569	0.02439	0.03589	0.00906	0.00704	0.00223	0.00649	0.00741	0.00652	0.06760
65	0.02008	0.04769	0.06827	0.08185	0.05915	0.37072	0.01419	0.02385	0.04665	0.02069	0.12981	0.02376	0.02086	0.00898	0.00698	0.00207	0.00983	0.03167	0.00451	0.00837
66	0.01412	0.03568	0.68548	0.01985	0.03003	0.01615	0.02555	0.02220	0.01523	0.02278	0.03959	0.01652	0.01128	0.00707	0.00683	0.00225	0.01024	0.00556	0.00319	0.01038
67	0.80005	0.01377	0.01047	0.00936	0.01377	0.01597	0.00771	0.02093	0.01212	0.03195	0.00991	0.01157	0.00771	0.00661	0.00441	0.00220	0.00551	0.00386	0.00441	0.00771
68	0.01036	0.00690	0.00777	0.00777	0.00777	0.00690	0.00431	0.01036	0.01036	0.01381	0.02244	0.04660	0.02589	0.74975	0.03624	0.00690	0.00690	0.01036	0.00431	0.00431

[dist]
# distance from previous block
# <min> <max>
0	28

[block]
# block no. 2 follows, 29 sequences, length 21
# corresponding to MSA columns:
# 208-228
name=unknown_C
#
# <colnr> <probs for GDERKNQSTAVLIFYWHMCP>
#	G	D	E	R	K	N	Q	S	T	A	V	L	I	F	Y	W	H	M	C	P
0	0.01428	0.03683	0.71286	0.02030	0.03082	0.01654	0.02631	0.02255	0.01503	0.02255	0.01278	0.01503	0.00902	0.00677	0.00677	0.00226	0.01052	0.00526	0.00301	0.01052
1	0.01025	0.00686	0.00780	0.00790	0.00793	0.00683	0.00446	0.01033	0.01056	0.01409	0.02351	0.09121	0.02724	0.70330	0.03451	0.00665	0.00673	0.01099	0.00446	0.00441
2	0.00868	0.00717	0.00762	0.00763	0.00981	0.00610	0.00567	0.01068	0.01667	0.02056	0.16374	0.10487	0.57069	0.01776	0.00845	0.00241	0.00360	0.01501	0.00679	0.00610
3	0.01018	0.00759	0.01127	0.01127	0.01248	0.00880	0.00868	0.01260	0.01139	0.01640	0.01924	0.02887	0.01819	0.08703	0.68844	0.01122	0.01849	0.00776	0.00384	0.00626
4	0.01477	0.01266	0.01477	0.01055	0.01687	0.00949	0.00844	0.01793	0.01477	0.02320	0.01266	0.01477	0.01055	0.00527	0.00527	0.00105	0.00527	0.00422	0.00422	0.79328
5	0.02684	0.04090	0.09453	0.01439	0.02029	0.01497	0.01296	0.22595	0.02352	0.37239	0.06229	0.02238	0.01768	0.00876	0.00710	0.00217	0.00697	0.00696	0.00743	0.01153
6	0.02429	0.02480	0.02066	0.01954	0.08792	0.31944	0.01404	0.22416	0.14302	0.02837	0.01624	0.01701	0.01248	0.00801	0.00684	0.00205	0.00964	0.00592	0.00532	0.01023
7	0.01237	0.00618	0.00928	0.00928	0.00928	0.00618	0.00618	0.00928	0.00928	0.01237	0.01237	0.02165	0.01237	0.02474	0.02783	0.79283	0.00618	0.00618	0.00309	0.00309
8	0.01086	0.00742	0.00973	0.00915	0.01092	0.00682	0.00686	0.01410	0.01987	0.05450	0.64520	0.08369	0.06435	0.01469	0.00838	0.00227	0.00350	0.01299	0.00782	0.00689
9	0.76209	0.01369	0.01077	0.00953	0.01399	0.01570	0.00785	0.02161	0.01253	0.06547	0.01081	0.01219	0.00820	0.00672	0.00454	0.00220	0.00554	0.00402	0.00462	0.00793
10	0.01904	0.75404	0.03731	0.01218	0.01828	0.02818	0.01218	0.02132	0.01447	0.01675	0.00990	0.01142	0.00914	0.00609	0.00457	0.00152	0.00761	0.00381	0.00305	0.00914
11	0.01681	0.01921	0.04202	0.03001	0.03721	0.01801	0.67947	0.02281	0.01681	0.02281	0.01441	0.01921	0.01080	0.00600	0.00840	0.00240	0.01200	0.00840	0.00360	0.00960
12	0.01727	0.01502	0.01665	0.08909	0.02169	0.01751	0.01215	0.03580	0.62202	0.02858	0.02729	0.02578	0.02046	0.00940	0.00723	0.00241	0.00604	0.00787	0.00682	0.01092
13	0.00889	0.00647	0.00838	0.00952	0.01032	0.00596	0.00652	0.01053	0.01494	0.01999	0.15187	0.57126	0.10776	0.02065	0.00892	0.00274	0.00396	0.01857	0.00681	0.00596
14	0.00868	0.00620	0.00826	0.00991	0.01033	0.00578	0.00661	0.00991	0.01363	0.01818	0.03925	0.74510	0.04710	0.02231	0.00909	0.00289	0.00413	0.02024	0.00661	0.00578
15	0.01017	0.00763	0.01144	0.01144	0.01272	0.00890	0.00890	0.01272	0.01144	0.01653	0.01907	0.02797	0.01780	0.05340	0.72153	0.01144	0.01907	0.00763	0.00381	0.00636
16	0.01345	0.01266	0.02136	0.73264	0.04904	0.01582	0.01978	0.01819	0.01424	0.01819	0.01266	0.01898	0.00949	0.00712	0.00712	0.00237	0.00949	0.00633	0.00316	0.00791
17	0.02997	0.01405	0.06649	0.01331	0.01910	0.01126	0.01164	0.03399	0.05363	0.62684	0.02704	0.02369	0.01721	0.00871	0.00714	0.00222	0.00636	0.00707	0.00832	0.01196
18	0.02883	0.01179	0.01574	0.01248	0.01745	0.01051	0.01015	0.03263	0.06291	0.59987	0.05589	0.06670	0.02157	0.00987	0.00733	0.00226	0.00581	0.00819	0.00855	0.01149
19	0.23684	0.02545	0.35558	0.06383	0.14291	0.01640	0.01990	0.02171	0.01436	0.02507	0.01207	0.01474	0.00907	0.00667	0.00617	0.00222	0.00869	0.00511	0.00350	0.00970
20	0.01648	0.01575	0.02683	0.23308	0.52493	0.01662	0.02128	0.02085	0.01567	0.02187	0.01319	0.01800	0.01079	0.00656	0.00707	0.00219	0.00874	0.00634	0.00343	0.01035

[dist]
# distance from previous block
# <min> <max>
0	2

[block]
# block no. 3 follows, 29 sequences, length 11
# corresponding to MSA columns:
# 231-241
name=unknown_D
#
# <colnr> <probs for GDERKNQSTAVLIFYWHMCP>
#	G	D	E	R	K	N	Q	S	T	A	V	L	I	F	Y	W	H	M	C	P
0	0.01362	0.00973	0.01335	0.16445	0.02051	0.01040	0.01067	0.08235	0.01639	0.06530	0.06457	0.26644	0.03073	0.09507	0.04094	0.00344	0.00687	0.07214	0.00577	0.00727
1	0.01454	0.03504	0.64466	0.02128	0.03147	0.01669	0.09271	0.02258	0.01521	0.02258	0.01294	0.01546	0.00920	0.00669	0.00693	0.00227	0.01067	0.00558	0.00307	0.01043
2	0.01416	0.01370	0.01959	0.56386	0.04129	0.06319	0.01744	0.01944	0.06106	0.01898	0.01769	0.06089	0.04234	0.00861	0.00724	0.00237	0.00891	0.00746	0.00381	0.00797
3	0.02363	0.02062	0.10509	0.01621	0.02196	0.01974	0.01440	0.53224	0.02919	0.03942	0.01882	0.09086	0.01529	0.00973	0.00728	0.00223	0.00779	0.00768	0.00656	0.01127
4	0.00868	0.00620	0.00826	0.00991	0.01033	0.00578	0.00661	0.00991	0.01363	0.01818	0.03925	0.74510	0.04710	0.02231	0.00909	0.00289	0.00413	0.02024	0.00661	0.00578
5	0.01904	0.75404	0.03731	0.01218	0.01828	0.02818	0.01218	0.02132	0.01447	0.01675	0.00990	0.01142	0.00914	0.00609	0.00457	0.00152	0.00761	0.00381	0.00305	0.00914
6	0.01381	0.01159	0.01353	0.01090	0.01567	0.00970	0.00839	0.01865	0.09788	0.02293	0.02040	0.17367	0.01980	0.00949	0.00634	0.00162	0.00507	0.00814	0.00511	0.52732
7	0.01413	0.01198	0.01409	0.01048	0.01619	0.00911	0.00825	0.01709	0.01465	0.02268	0.01543	0.09083	0.01435	0.00705	0.00567	0.00125	0.00515	0.00589	0.00447	0.71126
8	0.01688	0.01402	0.01587	0.01186	0.01782	0.01229	0.00951	0.11475	0.10078	0.02709	0.01530	0.01655	0.01215	0.00628	0.00578	0.00138	0.00568	0.00500	0.00500	0.58601
9	0.01534	0.00961	0.01177	0.01142	0.01375	0.00959	0.00843	0.04458	0.14797	0.14638	0.05909	0.40203	0.05778	0.01650	0.00826	0.00261	0.00486	0.01458	0.00719	0.00826
10	0.04977	0.02151	0.01889	0.14473	0.02506	0.26123	0.01359	0.20281	0.05044	0.02745	0.09861	0.02059	0.01764	0.00859	0.00694	0.00210	0.00914	0.00653	0.00521	0.00916

[dist]
# distance from previous block
# <min> <max>
0	10

[block]
# block no. 4 follows, 29 sequences, length 55
# corresponding to MSA columns:
# 252-306
name=unknown_E
#
# <colnr> <probs for GDERKNQSTAVLIFYWHMCP>
#	G	D	E	R	K	N	Q	S	T	A	V	L	I	F	Y	W	H	M	C	P
0	0.01374	0.01276	0.02028	0.58686	0.04260	0.01499	0.01775	0.01811	0.01420	0.01898	0.01253	0.01816	0.00966	0.00701	0.00741	0.00218	0.03562	0.00598	0.00334	0.13781
1	0.01367	0.01289	0.02176	0.69561	0.08431	0.01588	0.01989	0.01839	0.01434	0.01847	0.01270	0.01891	0.00959	0.00708	0.00712	0.00236	0.00944	0.00633	0.00318	0.00809
2	0.04774	0.01544	0.02408	0.34638	0.25266	0.01724	0.04251	0.12418	0.01791	0.02472	0.01355	0.01797	0.01045	0.00704	0.00704	0.00225	0.00884	0.00632	0.00397	0.00970
3	0.02665	0.03242	0.02031	0.01813	0.02202	0.64532	0.01373	0.09929	0.02162	0.02041	0.01167	0.01330	0.00949	0.00747	0.00650	0.00187	0.01230	0.00478	0.00404	0.00867
4	0.00963	0.00717	0.00896	0.00871	0.01041	0.00650	0.00646	0.01249	0.01880	0.02581	0.51946	0.12014	0.18730	0.01594	0.00847	0.00233	0.00348	0.01397	0.00749	0.00650
5	0.02579	0.03063	0.01991	0.01776	0.02168	0.57797	0.01349	0.09960	0.08660	0.02157	0.01340	0.01463	0.01070	0.00769	0.00658	0.00192	0.01161	0.00512	0.00439	0.00896
6	0.01428	0.03683	0.71286	0.02030	0.03082	0.01654	0.02631	0.02255	0.01503	0.02255	0.01278	0.01503	0.00902	0.00677	0.00677	0.00226	0.01052	0.00526	0.00301	0.01052
7	0.01477	0.01266	0.01477	0.01055	0.01687	0.00949	0.00844	0.01793	0.01477	0.02320	0.01266	0.01477	0.01055	0.00527	0.00527	0.00105	0.00527	0.00422	0.00422	0.79328
8	0.01102	0.04368	0.01067	0.00897	0.01111	0.00774	0.00688	0.01394	0.01892	0.05310	0.49941	0.07741	0.18097	0.01484	0.00819	0.00226	0.00375	0.01287	0.00737	0.00689
9	0.00994	0.00727	0.00932	0.00881	0.01055	0.00666	0.00661	0.01317	0.01983	0.02777	0.64879	0.05448	0.12046	0.01485	0.00840	0.00225	0.00338	0.01306	0.00774	0.00666
10	0.03195	0.01212	0.01652	0.01267	0.01818	0.01047	0.01047	0.03470	0.02038	0.71026	0.02809	0.02424	0.01763	0.00881	0.00716	0.00220	0.00606	0.00716	0.00881	0.01212
11	0.01034	0.00695	0.00802	0.00802	0.00811	0.00704	0.00463	0.01052	0.01043	0.01399	0.02220	0.04532	0.02533	0.70189	0.08334	0.00722	0.00774	0.01017	0.00428	0.00446
12	0.80005	0.01377	0.01047	0.00936	0.01377	0.01597	0.00771	0.02093	0.01212	0.03195	0.00991	0.01157	0.00771	0.00661	0.00441	0.00220	0.00551	0.00386	0.00441	0.00771
13	0.01477	0.01266	0.01477	0.01055	0.01687	0.00949	0.00844	0.01793	0.01477	0.02320	0.01266	0.01477	0.01055	0.00527	0.00527	0.00105	0.00527	0.00422	0.00422	0.79328
14	0.01477	0.01266	0.01477	0.01055	0.01687	0.00949	0.00844	0.01793	0.01477	0.02320	0.01266	0.01477	0.01055	0.00527	0.00527	0.00105	0.00527	0.00422	0.00422	0.79328
15	0.72853	0.01404	0.01129	0.00987	0.01439	0.01609	0.00813	0.05698	0.01359	0.05911	0.01101	0.01236	0.00833	0.00680	0.00466	0.00220	0.00565	0.00412	0.00472	0.00812
16	0.02615	0.01949	0.02085	0.01620	0.02173	0.02165	0.01331	0.61861	0.09795	0.04340	0.01826	0.01802	0.01305	0.00866	0.00714	0.00216	0.00762	0.00657	0.00714	0.01203
17	0.02187	0.01995	0.01876	0.01680	0.04596	0.14360	0.01274	0.21338	0.36582	0.03152	0.02193	0.02118	0.01646	0.00882	0.00706	0.00222	0.00763	0.00692	0.00644	0.01097
18	0.80005	0.01377	0.01047	0.00936	0.01377	0.01597	0.00771	0.02093	0.01212	0.03195	0.00991	0.01157	0.00771	0.00661	0.00441	0.00220	0.00551	0.00386	0.00441	0.00771
19	0.01428	0.03683	0.71286	0.02030	0.03082	0.01654	0.02631	0.02255	0.01503	0.02255	0.01278	0.01503	0.00902	0.00677	0.00677	0.00226	0.01052	0.00526	0.00301	0.01052
20	0.00868	0.00620	0.00826	0.00991	0.01033	0.00578	0.00661	0.00991	0.01363	0.01818	0.03925	0.74510	0.04710	0.02231	0.00909	0.00289	0.00413	0.02024	0.00661	0.00578
21	0.02660	0.03394	0.02018	0.01834	0.02201	0.72116	0.01376	0.02843	0.02018	0.01743	0.01101	0.01284	0.00917	0.00734	0.00642	0.00183	0.01284	0.00459	0.00367	0.00825
22	0.01001	0.00723	0.00946	0.00900	0.01062	0.00667	0.00671	0.01327	0.01984	0.02806	0.66971	0.08648	0.06622	0.01493	0.00843	0.00227	0.00340	0.01323	0.00778	0.00667
23	0.02707	0.01995	0.02137	0.01638	0.02208	0.02208	0.01353	0.68159	0.03348	0.04488	0.01710	0.01710	0.01211	0.00855	0.00712	0.00214	0.00784	0.00641	0.00712	0.01211
24	0.01086	0.00745	0.00977	0.00909	0.01091	0.00685	0.00685	0.01420	0.02016	0.05287	0.67756	0.05216	0.06542	0.01435	0.00835	0.00224	0.00346	0.01267	0.00787	0.00691
25	0.00847	0.00722	0.00729	0.00728	0.00965	0.00604	0.00546	0.01033	0.01637	0.01956	0.09434	0.06799	0.68004	0.01791	0.00842	0.00240	0.00360	0.01495	0.00666	0.00604
26	0.01008	0.00728	0.00952	0.00896	0.01064	0.00672	0.00672	0.01344	0.02016	0.02855	0.70158	0.05319	0.06719	0.01456	0.00840	0.00224	0.00336	0.01288	0.00784	0.00672
27	0.02741	0.01939	0.02103	0.01612	0.02181	0.02126	0.01332	0.63580	0.03255	0.09197	0.01787	0.01760	0.01250	0.00857	0.00713	0.00214	0.00771	0.00646	0.00724	0.01211
28	0.01533	0.01334	0.01678	0.01202	0.01839	0.01049	0.05236	0.04177	0.01556	0.02395	0.01293	0.01514	0.01062	0.00544	0.00554	0.00118	0.00580	0.00457	0.00428	0.71450
29	0.00999	0.00728	0.00940	0.00887	0.01058	0.00668	0.00665	0.01327	0.01995	0.02806	0.66850	0.05400	0.10057	0.01474	0.00840	0.00225	0.00337	0.01299	0.00777	0.00668
30	0.02182	0.01427	0.01670	0.01265	0.01831	0.01310	0.01025	0.21007	0.02130	0.18412	0.01880	0.05595	0.01451	0.00790	0.00643	0.00172	0.00612	0.00635	0.00621	0.35344
31	0.01186	0.01038	0.01471	0.01210	0.01593	0.00874	0.09334	0.01461	0.01532	0.02130	0.06919	0.22112	0.16601	0.01299	0.00750	0.00205	0.00539	0.01168	0.00546	0.28033
32	0.01941	0.62270	0.03421	0.01294	0.01860	0.02684	0.01240	0.07227	0.05239	0.01962	0.01145	0.01287	0.01006	0.00678	0.00581	0.00169	0.04260	0.00435	0.00359	0.00941
33	0.01036	0.00690	0.00777	0.00777	0.00777	0.00690	0.00431	0.01036	0.01036	0.01381	0.02244	0.04660	0.02589	0.74975	0.03624	0.00690	0.00690	0.01036	0.00431	0.00431
34	0.02536	0.01924	0.02215	0.05771	0.09446	0.02121	0.01473	0.57745	0.03065	0.04120	0.01647	0.01725	0.01188	0.00824	0.00712	0.00215	0.00799	0.00640	0.00654	0.01180
35	0.00842	0.00721	0.00721	0.00721	0.00962	0.00601	0.00541	0.01022	0.01623	0.01924	0.07213	0.06853	0.70244	0.01803	0.00842	0.00240	0.00361	0.01503	0.00661	0.00601
36	0.01444	0.06080	0.69028	0.02002	0.03040	0.01693	0.02584	0.02251	0.01501	0.02236	0.01268	0.01491	0.00902	0.00674	0.00669	0.00223	0.01043	0.00521	0.00301	0.01048
37	0.02885	0.01249	0.01622	0.01285	0.01799	0.01156	0.01048	0.03453	0.13284	0.57408	0.05028	0.02557	0.01994	0.00914	0.00722	0.00224	0.00590	0.00750	0.00852	0.01180
38	0.01027	0.00687	0.00779	0.00788	0.00790	0.00684	0.00444	0.01033	0.01053	0.01404	0.02332	0.08331	0.02700	0.71152	0.03482	0.00669	0.00676	0.01087	0.00444	0.00439
39	0.80005	0.01377	0.01047	0.00936	0.01377	0.01597	0.00771	0.02093	0.01212	0.03195	0.00991	0.01157	0.00771	0.00661	0.00441	0.00220	0.00551	0.00386	0.00441	0.00771
40	0.70721	0.01569	0.06043	0.01047	0.01537	0.01631	0.00930	0.05313	0.01336	0.03191	0.01047	0.01208	0.00802	0.00671	0.00470	0.00220	0.00597	0.00408	0.00444	0.00812
41	0.01601	0.01262	0.01489	0.01070	0.01697	0.00956	0.00858	0.01915	0.01517	0.07316	0.01378	0.01545	0.01106	0.00553	0.00541	0.00114	0.00533	0.00443	0.00455	0.73648
42	0.01814	0.06880	0.18439	0.05802	0.38175	0.12373	0.02099	0.02284	0.01636	0.02164	0.01265	0.01598	0.01025	0.00660	0.00674	0.00208	0.00958	0.00568	0.00339	0.01040
43	0.01456	0.03516	0.65552	0.02226	0.08736	0.01657	0.02594	0.02249	0.01513	0.02261	0.01283	0.01525	0.00921	0.00673	0.00679	0.00224	0.01035	0.00535	0.00305	0.01059
44	0.01008	0.00728	0.00952	0.00896	0.01064	0.00672	0.00672	0.01344	0.02016	0.02855	0.70158	0.05319	0.06719	0.01456	0.00840	0.00224	0.00336	0.01288	0.00784	0.00672
45	0.80005	0.01377	0.01047	0.00936	0.01377	0.01597	0.00771	0.02093	0.01212	0.03195	0.00991	0.01157	0.00771	0.00661	0.00441	0.00220	0.00551	0.00386	0.00441	0.00771
46	0.01444	0.03587	0.67965	0.02143	0.06357	0.01656	0.02609	0.02252	0.01509	0.02259	0.01281	0.01516	0.00913	0.00674	0.00678	0.00225	0.01042	0.00531	0.00303	0.01056
47	0.03110	0.01193	0.01625	0.01252	0.01788	0.01032	0.01032	0.03387	0.02037	0.68371	0.05433	0.02536	0.01956	0.00904	0.00721	0.00220	0.00595	0.00738	0.00878	0.01191
48	0.00953	0.00726	0.00875	0.00838	0.01030	0.00648	0.00628	0.01237	0.01885	0.02546	0.49273	0.05828	0.27796	0.01571	0.00840	0.00229	0.00344	0.01359	0.00743	0.00648
49	0.00973	0.00722	0.00908	0.00871	0.01045	0.00656	0.00650	0.01273	0.01919	0.02651	0.56526	0.08902	0.17164	0.01551	0.00843	0.00230	0.00344	0.01359	0.00758	0.00656
50	0.01499	0.01455	0.02562	0.46330	0.23689	0.01636	0.08694	0.01971	0.01507	0.02012	0.01305	0.01861	0.01014	0.00678	0.00723	0.00230	0.00945	0.00654	0.00331	0.00905
51	0.01827	0.01559	0.01727	0.01663	0.07023	0.01768	0.01209	0.09534	0.55893	0.03036	0.02809	0.02636	0.04186	0.00958	0.00726	0.00237	0.00599	0.00799	0.00693	0.01118
52	0.00870	0.00722	0.00760	0.00751	0.00979	0.00613	0.00563	0.01076	0.01689	0.02081	0.17863	0.06593	0.59497	0.01745	0.00841	0.00238	0.00356	0.01466	0.00682	0.00613
53	0.01771	0.01530	0.01610	0.01449	0.01852	0.01771	0.01127	0.03784	0.69247	0.02979	0.02898	0.02657	0.02174	0.00966	0.00725	0.00242	0.00564	0.00805	0.00725	0.01127
54	0.60796	0.01399	0.01332	0.05828	0.06690	0.01579	0.00991	0.04258	0.01388	0.08477	0.01201	0.01366	0.00901	0.00686	0.00507	0.00221	0.00609	0.00454	0.00470	0.00847

[dist]
# distance from previous block
# <min> <max>
0	2

[block]
# block no. 5 follows, 29 sequences, length 19
# corresponding to MSA columns:
# 309-327
name=unknown_F
#
# <colnr> <probs for GDERKNQSTAVLIFYWHMCP>
#	G	D	E	R	K	N	Q	S	T	A	V	L	I	F	Y	W	H	M	C	P
0	0.01589	0.01631	0.03120	0.27469	0.23173	0.01695	0.26595	0.02095	0.01576	0.02136	0.01352	0.01868	0.01049	0.00648	0.00758	0.00231	0.01013	0.00711	0.00343	0.00950
1	0.01408	0.01307	0.02169	0.52283	0.04097	0.01545	0.07572	0.05501	0.01574	0.02056	0.04662	0.04895	0.03772	0.00855	0.00795	0.00240	0.03310	0.00762	0.00388	0.00809
2	0.01626	0.01299	0.01514	0.01168	0.01719	0.01127	0.00940	0.06941	0.09158	0.05089	0.01707	0.02087	0.01420	0.00908	0.03779	0.00192	0.00622	0.04174	0.00506	0.54025
3	0.01925	0.56564	0.13212	0.01408	0.02052	0.10886	0.01440	0.02234	0.01523	0.01766	0.01044	0.01211	0.00913	0.00634	0.00510	0.00166	0.00865	0.00411	0.00311	0.00923
4	0.00958	0.00705	0.00898	0.00894	0.01045	0.00644	0.00654	0.01231	0.01832	0.02526	0.48731	0.19879	0.14041	0.01659	0.00854	0.00240	0.00355	0.01467	0.00743	0.00644
5	0.01762	0.01692	0.02890	0.04371	0.70533	0.01692	0.02185	0.02185	0.01621	0.02326	0.01339	0.01762	0.01128	0.00634	0.00705	0.00211	0.00846	0.00634	0.00352	0.01128
6	0.71719	0.01359	0.01112	0.00972	0.01425	0.01538	0.00801	0.02242	0.01301	0.10512	0.01188	0.01293	0.00878	0.00685	0.00470	0.00220	0.00557	0.00421	0.00488	0.00819
7	0.01813	0.01678	0.05607	0.06217	0.02155	0.01794	0.01289	0.09721	0.54690	0.03006	0.02586	0.02452	0.01930	0.00922	0.00720	0.00238	0.00637	0.00762	0.00673	0.01109
8	0.00868	0.00620	0.00826	0.00991	0.01033	0.00578	0.00661	0.00991	0.01363	0.01818	0.03925	0.74510	0.04710	0.02231	0.00909	0.00289	0.00413	0.02024	0.00661	0.00578
9	0.00867	0.00696	0.00775	0.00811	0.00992	0.00603	0.00587	0.01051	0.01600	0.02002	0.13503	0.24170	0.46097	0.01874	0.00859	0.00251	0.00371	0.01613	0.00675	0.00603
10	0.08223	0.02258	0.23717	0.14446	0.16225	0.01682	0.18953	0.02162	0.01533	0.02283	0.01305	0.01695	0.00987	0.00654	0.00710	0.00228	0.00991	0.00633	0.00340	0.00976
11	0.02658	0.01773	0.01963	0.01538	0.02079	0.01918	0.01260	0.45905	0.13163	0.17032	0.02102	0.01991	0.01464	0.00877	0.00715	0.00219	0.00716	0.00681	0.00747	0.01198
12	0.02393	0.07331	0.02164	0.04319	0.06715	0.33354	0.01399	0.18991	0.11700	0.02631	0.01518	0.01625	0.01181	0.00781	0.00665	0.00201	0.00985	0.00565	0.00496	0.00988
13	0.00964	0.00700	0.00896	0.01008	0.01098	0.00665	0.00703	0.03881	0.01517	0.02016	0.08192	0.59803	0.09115	0.02084	0.00895	0.00280	0.00430	0.04469	0.00671	0.00616
14	0.01345	0.01266	0.02136	0.73264	0.04904	0.01582	0.01978	0.01819	0.01424	0.01819	0.01266	0.01898	0.00949	0.00712	0.00712	0.00237	0.00949	0.00633	0.00316	0.00791
15	0.01499	0.03208	0.53544	0.02353	0.06553	0.01687	0.16592	0.02257	0.01547	0.02264	0.01316	0.01606	0.00951	0.00658	0.00713	0.00228	0.01074	0.00599	0.00316	0.01036
16	0.01873	0.70705	0.08157	0.01272	0.01910	0.02741	0.01311	0.02140	0.01451	0.01713	0.01009	0.01166	0.00913	0.00614	0.00471	0.00157	0.00781	0.00390	0.00304	0.00923
17	0.02177	0.01826	0.06456	0.01606	0.04685	0.01776	0.01312	0.41850	0.05013	0.03597	0.01858	0.08891	0.01543	0.00923	0.00700	0.00206	0.00719	0.00741	0.00621	0.13502
18	0.01523	0.01593	0.11707	0.01408	0.04450	0.06898	0.01177	0.10780	0.01897	0.05879	0.14882	0.21701	0.10450	0.01375	0.00788	0.00237	0.00638	0.01177	0.00611	0.00828

[dist]
# distance from previous block
# <min> <max>
0	3

[block]
# block no. 6 follows, 29 sequences, length 59
# corresponding to MSA columns:
# 331-389
name=unknown_G
#
# <colnr> <probs for GDERKNQSTAVLIFYWHMCP>
#	G	D	E	R	K	N	Q	S	T	A	V	L	I	F	Y	W	H	M	C	P
0	0.01292	0.00864	0.01138	0.01224	0.06449	0.00810	0.00821	0.01616	0.04908	0.10170	0.24881	0.22850	0.14284	0.04243	0.00930	0.00260	0.00453	0.01365	0.00696	0.00746
1	0.01884	0.01838	0.02781	0.04022	0.61450	0.07044	0.02076	0.06020	0.01750	0.02406	0.01343	0.01723	0.01117	0.00655	0.00701	0.00209	0.00875	0.00622	0.00374	0.01110
2	0.01017	0.00763	0.01144	0.01144	0.01272	0.00890	0.00890	0.01272	0.01144	0.01653	0.01907	0.02797	0.01780	0.05340	0.72153	0.01144	0.01907	0.00763	0.00381	0.00636
3	0.01017	0.00763	0.01144	0.01144	0.01272	0.00890	0.00890	0.01272	0.01144	0.01653	0.01907	0.02797	0.01780	0.05340	0.72153	0.01144	0.01907	0.00763	0.00381	0.00636
4	0.01481	0.03138	0.54497	0.01965	0.05026	0.01636	0.02285	0.02475	0.12977	0.02403	0.04247	0.01856	0.01352	0.00755	0.00692	0.00228	0.00935	0.00607	0.00393	0.01053
5	0.00868	0.00620	0.00826	0.00991	0.01033	0.00578	0.00661	0.00991	0.01363	0.01818	0.03925	0.74510	0.04710	0.02231	0.00909	0.00289	0.00413	0.02024	0.00661	0.00578
6	0.01428	0.03683	0.71286	0.02030	0.03082	0.01654	0.02631	0.02255	0.01503	0.02255	0.01278	0.01503	0.00902	0.00677	0.00677	0.00226	0.01052	0.00526	0.00301	0.01052
7	0.01034	0.00696	0.00806	0.00806	0.00816	0.00706	0.00468	0.01054	0.01044	0.01402	0.02217	0.04512	0.02525	0.69441	0.09071	0.00726	0.00787	0.01014	0.00427	0.00448
8	0.04990	0.01514	0.02657	0.33722	0.25141	0.01633	0.13105	0.02089	0.01544	0.04822	0.01367	0.01848	0.01052	0.00673	0.00720	0.00228	0.00929	0.00661	0.00363	0.00942
9	0.01008	0.00728	0.00952	0.00896	0.01064	0.00672	0.00672	0.01344	0.02016	0.02855	0.70158	0.05319	0.06719	0.01456	0.00840	0.00224	0.00336	0.01288	0.00784	0.00672
10	0.01472	0.10255	0.65096	0.01955	0.02967	0.01760	0.02501	0.02244	0.01498	0.02202	0.01251	0.01470	0.00903	0.00670	0.00656	0.00219	0.01026	0.00513	0.00301	0.01040
11	0.02707	0.01995	0.02137	0.01638	0.02208	0.02208	0.01353	0.68159	0.03348	0.04488	0.01710	0.01710	0.01211	0.00855	0.00712	0.00214	0.00784	0.00641	0.00712	0.01211
12	0.01542	0.01303	0.01499	0.01116	0.01706	0.01071	0.00888	0.05085	0.07687	0.02466	0.01520	0.03946	0.01281	0.00637	0.00566	0.00129	0.00539	0.00518	0.00471	0.66031
13	0.02246	0.01634	0.01744	0.01449	0.01883	0.04713	0.01152	0.34092	0.15054	0.10676	0.04748	0.13022	0.02155	0.01101	0.00746	0.00230	0.00674	0.00902	0.00712	0.01065
14	0.01036	0.00690	0.00777	0.00777	0.00777	0.00690	0.00431	0.01036	0.01036	0.01381	0.02244	0.04660	0.02589	0.74975	0.03624	0.00690	0.00690	0.01036	0.00431	0.00431
15	0.01598	0.01751	0.06293	0.26109	0.08828	0.01751	0.32052	0.04664	0.01616	0.02185	0.01350	0.01854	0.01029	0.00689	0.00860	0.00239	0.05135	0.00722	0.00353	0.00921
16	0.01345	0.01266	0.02136	0.73264	0.04904	0.01582	0.01978	0.01819	0.01424	0.01819	0.01266	0.01898	0.00949	0.00712	0.00712	0.00237	0.00949	0.00633	0.00316	0.00791
17	0.01558	0.01558	0.02181	0.01869	0.01869	0.02181	0.01558	0.01714	0.01091	0.01714	0.00935	0.01558	0.00935	0.01246	0.02337	0.00312	0.73672	0.00623	0.00312	0.00779
18	0.02660	0.03394	0.02018	0.01834	0.02201	0.72116	0.01376	0.02843	0.02018	0.01743	0.01101	0.01284	0.00917	0.00734	0.00642	0.00183	0.01284	0.00459	0.00367	0.00825
19	0.00967	0.00722	0.00898	0.00862	0.01041	0.00653	0.00643	0.01261	0.01906	0.02616	0.54110	0.08308	0.20267	0.01560	0.00843	0.00230	0.00344	0.01362	0.00753	0.00653
20	0.03015	0.01279	0.01661	0.01290	0.01822	0.01174	0.01060	0.08878	0.05987	0.59442	0.02707	0.02384	0.01742	0.00882	0.00710	0.00219	0.00610	0.00713	0.03233	0.01190
21	0.00996	0.00727	0.00935	0.00883	0.01057	0.00667	0.00663	0.01321	0.01988	0.02789	0.65657	0.05429	0.11260	0.01481	0.00840	0.00225	0.00338	0.01303	0.00775	0.00667
22	0.01327	0.00664	0.00664	0.00664	0.00830	0.00664	0.00498	0.01659	0.01493	0.02655	0.02323	0.02655	0.01825	0.00830	0.00498	0.00166	0.00332	0.00664	0.78928	0.00664
23	0.01327	0.00664	0.00664	0.00664	0.00830	0.00664	0.00498	0.01659	0.01493	0.02655	0.02323	0.02655	0.01825	0.00830	0.00498	0.00166	0.00332	0.00664	0.78928	0.00664
24	0.02933	0.01257	0.01640	0.01282	0.01801	0.01151	0.01050	0.07816	0.06544	0.57789	0.06871	0.02567	0.02056	0.00920	0.00724	0.00221	0.00599	0.00752	0.00853	0.01173
25	0.01477	0.01463	0.02262	0.49350	0.09192	0.05681	0.05650	0.01896	0.01441	0.01861	0.01269	0.01863	0.01006	0.00973	0.04255	0.00283	0.08290	0.00640	0.00327	0.00820
26	0.41188	0.07156	0.08746	0.04843	0.05210	0.10997	0.01253	0.08851	0.01608	0.02826	0.01136	0.01327	0.00883	0.00689	0.00545	0.00211	0.00769	0.00458	0.00424	0.00879
27	0.80005	0.01377	0.01047	0.00936	0.01377	0.01597	0.00771	0.02093	0.01212	0.03195	0.00991	0.01157	0.00771	0.00661	0.00441	0.00220	0.00551	0.00386	0.00441	0.00771
28	0.01478	0.01402	0.02377	0.51210	0.25913	0.01617	0.02044	0.01936	0.01487	0.01982	0.01289	0.01855	0.01006	0.00687	0.00710	0.00229	0.00916	0.00633	0.00328	0.00899
29	0.00868	0.00620	0.00826	0.00991	0.01033	0.00578	0.00661	0.00991	0.01363	0.01818	0.03925	0.74510	0.04710	0.02231	0.00909	0.00289	0.00413	0.02024	0.00661	0.00578
30	0.01028	0.00722	0.00935	0.00935	0.00990	0.00777	0.00630	0.01137	0.01083	0.01498	0.02098	0.03855	0.02240	0.44902	0.33220	0.00886	0.01216	0.00918	0.00410	0.00520
31	0.01771	0.01530	0.01610	0.01449	0.01852	0.01771	0.01127	0.03784	0.69247	0.02979	0.02898	0.02657	0.02174	0.00966	0.00725	0.00242	0.00564	0.00805	0.00725	0.01127
32	0.00868	0.00620	0.00826	0.00991	0.01033	0.00578	0.00661	0.00991	0.01363	0.01818	0.03925	0.74510	0.04710	0.02231	0.00909	0.00289	0.00413	0.02024	0.00661	0.00578
33	0.02660	0.03394	0.02018	0.01834	0.02201	0.72116	0.01376	0.02843	0.02018	0.01743	0.01101	0.01284	0.00917	0.00734	0.00642	0.00183	0.01284	0.00459	0.00367	0.00825
34	0.03127	0.01320	0.01720	0.01318	0.01872	0.01207	0.01089	0.12426	0.02219	0.61814	0.02657	0.02325	0.01686	0.00878	0.00716	0.00219	0.00631	0.00706	0.00858	0.01212
35	0.01681	0.01921	0.04202	0.03001	0.03721	0.01801	0.67947	0.02281	0.01681	0.02281	0.01441	0.01921	0.01080	0.00600	0.00840	0.00240	0.01200	0.00840	0.00360	0.00960
36	0.03005	0.01301	0.01684	0.01305	0.01839	0.01200	0.01073	0.11123	0.04821	0.58062	0.05021	0.02448	0.01885	0.00901	0.00720	0.00220	0.00616	0.00730	0.00852	0.01190
37	0.01589	0.01262	0.01488	0.01069	0.01696	0.00956	0.00857	0.01902	0.01513	0.06799	0.01366	0.01538	0.01101	0.00550	0.00540	0.00113	0.00532	0.00441	0.00452	0.74237
38	0.01456	0.03489	0.63874	0.02137	0.03153	0.01670	0.09848	0.02258	0.01523	0.02258	0.01296	0.01549	0.00922	0.00668	0.00695	0.00227	0.01069	0.00561	0.00307	0.01042
39	0.02653	0.01968	0.02107	0.01627	0.02188	0.02183	0.01340	0.64466	0.07128	0.04401	0.01778	0.01764	0.01266	0.00861	0.00713	0.00215	0.00771	0.00650	0.00713	0.01206
40	0.02548	0.01459	0.08916	0.01462	0.05745	0.01134	0.01218	0.05856	0.01966	0.46251	0.05124	0.02892	0.10211	0.00976	0.00730	0.00223	0.00636	0.00803	0.00752	0.01098
41	0.01237	0.00618	0.00928	0.00928	0.00928	0.00618	0.00618	0.00928	0.00928	0.01237	0.01237	0.02165	0.01237	0.02474	0.02783	0.79283	0.00618	0.00618	0.00309	0.00309
42	0.01731	0.01452	0.01787	0.01298	0.01925	0.01252	0.05407	0.14823	0.01857	0.02742	0.01364	0.01552	0.01087	0.00596	0.00584	0.00136	0.00622	0.00493	0.00475	0.58816
43	0.09595	0.07668	0.30897	0.04950	0.14734	0.01618	0.04821	0.02085	0.01515	0.02289	0.01618	0.02498	0.01417	0.00854	0.00696	0.00234	0.00886	0.10293	0.00381	0.00954
44	0.00963	0.00689	0.00896	0.00919	0.01031	0.00642	0.00650	0.01201	0.01720	0.02392	0.42608	0.28531	0.05722	0.07434	0.01080	0.00282	0.00389	0.01516	0.00715	0.00622
45	0.01777	0.01835	0.09293	0.10874	0.52274	0.01675	0.02133	0.04835	0.01674	0.04804	0.01393	0.01773	0.01114	0.00664	0.00704	0.00216	0.00865	0.00627	0.00377	0.01093
46	0.02187	0.01863	0.07344	0.01850	0.08419	0.01805	0.04009	0.36733	0.08257	0.05911	0.01923	0.07739	0.01551	0.00912	0.00719	0.00217	0.00753	0.00754	0.00617	0.06435
47	0.01779	0.46295	0.20132	0.01634	0.05444	0.02306	0.04458	0.02185	0.01517	0.04027	0.03555	0.01478	0.01156	0.00664	0.00560	0.00181	0.00836	0.00490	0.00342	0.00961
48	0.01009	0.00694	0.00792	0.00813	0.00848	0.00679	0.00494	0.01052	0.01148	0.01504	0.02941	0.10371	0.09586	0.58650	0.03014	0.00598	0.00635	0.04222	0.00483	0.00470
49	0.01295	0.01130	0.01507	0.01478	0.04767	0.05487	0.03134	0.04150	0.01316	0.01821	0.01722	0.02517	0.01592	0.06147	0.50395	0.00880	0.08833	0.00730	0.00386	0.00712
50	0.01670	0.01575	0.02063	0.27314	0.16053	0.05725	0.01643	0.02733	0.28605	0.02375	0.01923	0.02140	0.01471	0.00800	0.00712	0.00231	0.00795	0.00692	0.00489	0.00992
