[name]
unknown

[dist]
# distance from previous block
# <min> <max>
3	15

[block]
# block no. 0 follows, 31 sequences, length 46
# corresponding to MSA columns:
# 18-63
name=unknown_A
#
# <colnr> <probs for GDERKNQSTAVLIFYWHMCP>
#	G	D	E	R	K	N	Q	S	T	A	V	L	I	F	Y	W	H	M	C	P
0	0.12604	0.01996	0.09045	0.02366	0.18216	0.14565	0.16828	0.02128	0.01615	0.02280	0.08592	0.02048	0.01601	0.00741	0.00678	0.00211	0.00891	0.02310	0.00400	0.00883
1	0.14891	0.01467	0.05840	0.03240	0.04700	0.01414	0.05352	0.13553	0.05515	0.07939	0.01928	0.10803	0.03371	0.03335	0.00828	0.00229	0.04678	0.00764	0.00518	0.09636
2	0.04669	0.09855	0.37041	0.02135	0.02946	0.05082	0.24394	0.02184	0.01508	0.02134	0.01234	0.01521	0.00920	0.00621	0.00672	0.00212	0.01023	0.00584	0.00316	0.00948
3	0.04548	0.01059	0.01211	0.01136	0.01368	0.01105	0.00850	0.23101	0.01962	0.02681	0.06555	0.42344	0.06120	0.01603	0.00789	0.00247	0.00511	0.01398	0.00649	0.00765
4	0.50483	0.06013	0.15150	0.01333	0.05316	0.01633	0.01219	0.05752	0.01385	0.04779	0.01110	0.01268	0.00840	0.00650	0.00503	0.00208	0.00662	0.00431	0.00412	0.00853
5	0.00995	0.00663	0.00746	0.00746	0.00746	0.00663	0.00415	0.00995	0.00995	0.01327	0.02156	0.04477	0.02487	0.75957	0.03482	0.00663	0.00663	0.00995	0.00415	0.00415
6	0.01437	0.01257	0.01574	0.01215	0.04556	0.00972	0.03481	0.01756	0.01432	0.02228	0.01225	0.01446	0.01017	0.00514	0.00525	0.00110	0.00544	0.00429	0.00400	0.73881
7	0.01038	0.00745	0.01000	0.00982	0.01063	0.00841	0.00715	0.01209	0.01116	0.01625	0.03868	0.03236	0.02044	0.26563	0.39082	0.00812	0.05427	0.00813	0.07259	0.00561
8	0.01188	0.00594	0.00891	0.00891	0.00891	0.00594	0.00594	0.00891	0.00891	0.01188	0.01188	0.02080	0.01188	0.02377	0.02674	0.80095	0.00594	0.00594	0.00297	0.00297
9	0.01901	0.01826	0.06030	0.02440	0.26888	0.09042	0.01533	0.13279	0.16293	0.04805	0.01745	0.02044	0.01405	0.06689	0.00897	0.00244	0.00782	0.00655	0.00490	0.01012
10	0.01816	0.01414	0.01606	0.01181	0.01769	0.01260	0.00957	0.21083	0.01951	0.05362	0.01391	0.01516	0.01081	0.00609	0.00564	0.00135	0.00580	0.00476	0.00501	0.54751
11	0.01004	0.00789	0.00890	0.00867	0.01069	0.00745	0.00642	0.04058	0.06949	0.02236	0.23263	0.15496	0.33548	0.04232	0.00898	0.00248	0.00390	0.01359	0.00666	0.00650
12	0.01352	0.01247	0.02048	0.62546	0.04281	0.01493	0.04163	0.04888	0.01463	0.01903	0.01340	0.04619	0.01071	0.00735	0.00688	0.00224	0.00877	0.00658	0.00340	0.04064
13	0.01292	0.01216	0.02052	0.74312	0.04712	0.01520	0.01900	0.01748	0.01368	0.01748	0.01216	0.01824	0.00912	0.00684	0.00684	0.00228	0.00912	0.00608	0.00304	0.00760
14	0.01356	0.01275	0.02123	0.63072	0.12855	0.01539	0.01895	0.01859	0.03861	0.01848	0.01281	0.01834	0.00975	0.00684	0.00684	0.00225	0.00887	0.00614	0.00322	0.00811
15	0.00994	0.00666	0.00762	0.00762	0.00767	0.00672	0.00434	0.01005	0.01000	0.01338	0.02141	0.04398	0.02453	0.72820	0.06572	0.00683	0.00715	0.00983	0.00412	0.00423
16	0.34568	0.13050	0.01794	0.05539	0.01800	0.01559	0.06909	0.03640	0.01361	0.04439	0.01331	0.05278	0.01159	0.03779	0.00648	0.00213	0.00636	0.00555	0.02713	0.09030
17	0.01419	0.01216	0.01419	0.01013	0.01621	0.00912	0.00811	0.01723	0.01419	0.02229	0.01216	0.01419	0.01013	0.00507	0.00507	0.00101	0.00507	0.00405	0.00405	0.80139
18	0.01741	0.62255	0.16922	0.01322	0.01989	0.02490	0.01434	0.02071	0.01401	0.01718	0.01005	0.01165	0.00876	0.00598	0.00480	0.00160	0.00786	0.00393	0.00292	0.00904
19	0.02470	0.16800	0.02336	0.01475	0.02029	0.02182	0.01259	0.52530	0.02786	0.07238	0.01558	0.01568	0.01133	0.00775	0.00635	0.00194	0.00740	0.00569	0.00614	0.01106
20	0.01456	0.01185	0.01396	0.01018	0.01597	0.00899	0.00810	0.01750	0.01435	0.04952	0.01393	0.04910	0.01204	0.00596	0.00531	0.00114	0.00505	0.00488	0.00433	0.73327
21	0.00995	0.00663	0.00746	0.00746	0.00746	0.00663	0.00415	0.00995	0.00995	0.01327	0.02156	0.04477	0.02487	0.75957	0.03482	0.00663	0.00663	0.00995	0.00415	0.00415
22	0.00995	0.00663	0.00746	0.00746	0.00746	0.00663	0.00415	0.00995	0.00995	0.01327	0.02156	0.04477	0.02487	0.75957	0.03482	0.00663	0.00663	0.00995	0.00415	0.00415
23	0.02822	0.01304	0.01643	0.01287	0.01800	0.01245	0.01054	0.11962	0.11456	0.53901	0.02573	0.02270	0.01678	0.00855	0.00689	0.00214	0.00599	0.00690	0.00805	0.01153
24	0.02266	0.01542	0.01748	0.01370	0.01857	0.01618	0.01120	0.41803	0.02522	0.13031	0.01984	0.02044	0.04195	0.01351	0.09465	0.00304	0.00816	0.00651	0.00636	0.09677
25	0.80789	0.01323	0.01006	0.00900	0.01323	0.01535	0.00741	0.02011	0.01164	0.03070	0.00953	0.01111	0.00741	0.00635	0.00423	0.00212	0.00529	0.00370	0.00423	0.00741
26	0.02556	0.03261	0.01939	0.01763	0.02115	0.73210	0.01322	0.02732	0.01939	0.01674	0.01058	0.01234	0.00881	0.00705	0.00617	0.00176	0.01234	0.00441	0.00353	0.00793
27	0.00872	0.00685	0.00788	0.00784	0.00969	0.00601	0.00580	0.01097	0.01678	0.02181	0.31306	0.13168	0.39556	0.01647	0.00815	0.00230	0.00343	0.01417	0.00680	0.00601
28	0.01417	0.03224	0.59717	0.02123	0.03075	0.01615	0.14907	0.02171	0.01476	0.02171	0.01257	0.01519	0.00898	0.00636	0.00679	0.00219	0.01038	0.00562	0.00299	0.00995
29	0.01292	0.01216	0.02052	0.74312	0.04712	0.01520	0.01900	0.01748	0.01368	0.01748	0.01216	0.01824	0.00912	0.00684	0.00684	0.00228	0.00912	0.00608	0.00304	0.00760
30	0.01386	0.03444	0.68569	0.02002	0.02996	0.01597	0.06275	0.02168	0.01454	0.02168	0.01237	0.01467	0.00876	0.00646	0.00659	0.00217	0.01019	0.00523	0.00292	0.01006
31	0.00832	0.00603	0.00786	0.00932	0.00987	0.00557	0.00626	0.00955	0.01330	0.01755	0.04023	0.70015	0.09857	0.02111	0.00868	0.00274	0.00393	0.01905	0.00635	0.00557
32	0.00846	0.00604	0.00786	0.00927	0.00970	0.00565	0.00613	0.00957	0.01293	0.01716	0.03754	0.67342	0.06752	0.08057	0.01080	0.00307	0.00417	0.01851	0.00617	0.00545
33	0.02808	0.01106	0.01504	0.01173	0.01656	0.00961	0.00961	0.03080	0.01955	0.63530	0.11233	0.02675	0.02286	0.00915	0.00703	0.00212	0.00550	0.00756	0.00835	0.01100
34	0.01693	0.01626	0.02777	0.04199	0.71689	0.01626	0.02100	0.02100	0.01558	0.02235	0.01287	0.01693	0.01084	0.00610	0.00677	0.00203	0.00813	0.00610	0.00339	0.01084
35	0.01615	0.01845	0.04037	0.02884	0.03576	0.01730	0.69204	0.02191	0.01615	0.02191	0.01384	0.01845	0.01038	0.00577	0.00807	0.00231	0.01153	0.00807	0.00346	0.00923
36	0.00924	0.00682	0.00864	0.00852	0.01003	0.00622	0.00626	0.01194	0.01784	0.02459	0.51494	0.16487	0.15344	0.01564	0.00818	0.00227	0.00338	0.01379	0.00718	0.00622
37	0.02922	0.01197	0.01583	0.01236	0.01750	0.01080	0.01014	0.03367	0.09320	0.64714	0.02708	0.02353	0.01736	0.00856	0.00689	0.00214	0.00578	0.00697	0.00831	0.01156
38	0.00840	0.00604	0.00797	0.00940	0.00992	0.00561	0.00632	0.00971	0.01349	0.01800	0.07319	0.69823	0.06651	0.02093	0.00868	0.00273	0.00392	0.01894	0.00641	0.00561
39	0.01760	0.65417	0.13934	0.01288	0.01937	0.02539	0.01375	0.02066	0.01398	0.01693	0.00993	0.01150	0.00876	0.00595	0.00471	0.00157	0.00774	0.00387	0.00292	0.00898
40	0.00852	0.00618	0.00779	0.00895	0.00957	0.00573	0.00597	0.00970	0.01322	0.01739	0.05734	0.57274	0.12667	0.10222	0.01151	0.00313	0.00418	0.01759	0.00614	0.00545
41	0.06215	0.01495	0.01555	0.01378	0.01780	0.01724	0.01080	0.08562	0.61430	0.02984	0.02594	0.02402	0.01942	0.00904	0.00680	0.00229	0.00557	0.00739	0.00680	0.01070
42	0.01368	0.03249	0.63151	0.01960	0.02899	0.01547	0.07534	0.02119	0.01485	0.02201	0.05179	0.01681	0.01194	0.00686	0.00671	0.00218	0.00983	0.00570	0.00319	0.00984
43	0.01645	0.47098	0.31246	0.01484	0.02240	0.02258	0.01716	0.02096	0.01412	0.01833	0.01062	0.01237	0.00873	0.00611	0.00524	0.00175	0.00844	0.00422	0.00291	0.00931
44	0.01420	0.03251	0.61941	0.02288	0.13295	0.01594	0.02463	0.02157	0.01461	0.02177	0.01237	0.01482	0.00899	0.00644	0.00654	0.00215	0.00981	0.00521	0.00296	0.01022
45	0.01513	0.04173	0.12749	0.14596	0.35653	0.05123	0.01858	0.01938	0.01524	0.02047	0.01975	0.02269	0.10116	0.00777	0.00681	0.00210	0.00817	0.00686	0.00363	0.00933

[dist]
# distance from previous block
# <min> <max>
5	7

[block]
# block no. 1 follows, 31 sequences, length 128
# corresponding to MSA columns:
# 71-198
name=unknown_B
#
# <colnr> <probs for GDERKNQSTAVLIFYWHMCP>
#	G	D	E	R	K	N	Q	S	T	A	V	L	I	F	Y	W	H	M	C	P
0	0.01280	0.01178	0.07934	0.01174	0.01506	0.00966	0.04791	0.01832	0.11178	0.07199	0.26972	0.08828	0.11702	0.05030	0.00905	0.00247	0.00523	0.03182	0.00633	0.02941
1	0.01726	0.39177	0.25045	0.01513	0.02214	0.02080	0.05433	0.02202	0.03413	0.06823	0.03670	0.01515	0.01167	0.00661	0.00564	0.00183	0.00814	0.00499	0.00360	0.00940
2	0.01470	0.14193	0.37424	0.04026	0.07257	0.01678	0.01866	0.02214	0.10833	0.02140	0.04112	0.01885	0.03439	0.00801	0.00713	0.03215	0.00825	0.00589	0.00377	0.00944
3	0.04526	0.21322	0.41762	0.01724	0.05885	0.01787	0.01906	0.02090	0.01414	0.04429	0.01264	0.01589	0.01012	0.05635	0.00779	0.00228	0.00875	0.00510	0.00325	0.00937
4	0.26086	0.04031	0.01469	0.01235	0.03715	0.04560	0.00964	0.19978	0.04018	0.06716	0.04091	0.02261	0.09252	0.01086	0.04273	0.00252	0.00669	0.00652	0.03820	0.00872
5	0.04885	0.01387	0.02009	0.53991	0.03956	0.01664	0.01710	0.17842	0.01799	0.02412	0.01307	0.01751	0.00965	0.00715	0.00673	0.00222	0.00858	0.00600	0.00399	0.00855
6	0.21530	0.09778	0.20957	0.13829	0.02505	0.13490	0.01558	0.02102	0.01458	0.02208	0.03994	0.01507	0.01077	0.00685	0.00579	0.00203	0.00853	0.00494	0.00355	0.00836
7	0.00894	0.00684	0.00811	0.00803	0.00970	0.00611	0.00587	0.01124	0.01685	0.02236	0.36647	0.13515	0.30554	0.04686	0.00925	0.00247	0.00354	0.01384	0.00682	0.00600
8	0.01327	0.00922	0.01030	0.00939	0.01063	0.00967	0.00628	0.15221	0.01488	0.02012	0.02121	0.07361	0.02266	0.51853	0.05312	0.00551	0.00703	0.00944	0.02702	0.00591
9	0.01275	0.00638	0.00638	0.00638	0.00797	0.00638	0.00478	0.01594	0.01435	0.02551	0.02232	0.02551	0.01754	0.00797	0.00478	0.00159	0.00319	0.00638	0.79755	0.00638
10	0.01427	0.01224	0.01423	0.01025	0.01626	0.00936	0.00819	0.01781	0.03512	0.02248	0.01264	0.01453	0.01046	0.00519	0.00512	0.00105	0.00508	0.00416	0.00414	0.77741
11	0.00809	0.00693	0.00693	0.00693	0.00924	0.00578	0.00520	0.00982	0.01559	0.01848	0.06931	0.06584	0.71411	0.01733	0.00809	0.00231	0.00347	0.01444	0.00635	0.00578
12	0.01153	0.00743	0.00959	0.00880	0.01082	0.00674	0.00669	0.01457	0.01906	0.09225	0.59288	0.04975	0.11609	0.01375	0.00796	0.00216	0.00349	0.01203	0.00752	0.00689
13	0.80789	0.01323	0.01006	0.00900	0.01323	0.01535	0.00741	0.02011	0.01164	0.03070	0.00953	0.01111	0.00741	0.00635	0.00423	0.00212	0.00529	0.00370	0.00423	0.00741
14	0.01275	0.00638	0.00638	0.00638	0.00797	0.00638	0.00478	0.01594	0.01435	0.02551	0.02232	0.02551	0.01754	0.00797	0.00478	0.00159	0.00319	0.00638	0.79755	0.00638
15	0.62685	0.01338	0.01134	0.05214	0.01567	0.03443	0.00830	0.01953	0.01231	0.02821	0.01080	0.03284	0.00892	0.00668	0.00466	0.00201	0.00565	0.00435	0.00418	0.09774
16	0.02638	0.01581	0.11667	0.01351	0.01929	0.01226	0.01242	0.12447	0.02063	0.48472	0.06397	0.02270	0.01782	0.00848	0.00689	0.00212	0.00652	0.00684	0.00739	0.01112
17	0.01360	0.01257	0.02032	0.46878	0.03624	0.01556	0.05542	0.01790	0.04791	0.01798	0.01276	0.01842	0.01018	0.00895	0.01091	0.05538	0.13769	0.00626	0.02567	0.00750
18	0.00886	0.00633	0.00854	0.01013	0.01076	0.00601	0.00727	0.01044	0.01362	0.01806	0.03742	0.62197	0.04410	0.02094	0.00887	0.00285	0.00443	0.14737	0.00634	0.00570
19	0.01681	0.01510	0.02084	0.10338	0.31232	0.03757	0.01562	0.04524	0.21763	0.04387	0.02125	0.02270	0.05928	0.00797	0.00686	0.00213	0.00710	0.00703	0.00486	0.03243
20	0.02461	0.01892	0.01938	0.01526	0.02028	0.06106	0.01244	0.58072	0.06432	0.03958	0.01741	0.03542	0.01299	0.00852	0.00678	0.00205	0.00745	0.00648	0.03527	0.01104
21	0.00864	0.00617	0.00829	0.00988	0.01041	0.00582	0.00688	0.01005	0.01340	0.01781	0.03754	0.67810	0.04458	0.02115	0.00881	0.00282	0.00423	0.09343	0.00634	0.00564
22	0.01606	0.38058	0.36106	0.01551	0.02328	0.02126	0.01809	0.02185	0.04910	0.01937	0.01175	0.01336	0.00934	0.00633	0.00552	0.00184	0.00854	0.00453	0.00311	0.00951
23	0.09086	0.47805	0.08421	0.01338	0.01851	0.09340	0.01291	0.02074	0.01387	0.01798	0.00977	0.01186	0.00867	0.00678	0.00683	0.00179	0.09461	0.00412	0.00311	0.00852
24	0.00995	0.00663	0.00746	0.00746	0.00746	0.00663	0.00415	0.00995	0.00995	0.01327	0.02156	0.04477	0.02487	0.75957	0.03482	0.00663	0.00663	0.00995	0.00415	0.00415
25	0.01372	0.03539	0.72412	0.01950	0.02961	0.01589	0.02528	0.02167	0.01444	0.02167	0.01228	0.01444	0.00867	0.00650	0.00650	0.00217	0.01011	0.00506	0.00289	0.01011
26	0.05267	0.62864	0.03248	0.01243	0.01779	0.10648	0.01178	0.02114	0.01434	0.01680	0.00962	0.01124	0.00873	0.00617	0.00507	0.00157	0.02759	0.00381	0.00305	0.00859
27	0.01497	0.01497	0.02095	0.01796	0.01796	0.02095	0.01497	0.01646	0.01048	0.01646	0.00898	0.01497	0.00898	0.01197	0.02245	0.00299	0.74704	0.00599	0.00299	0.00748
28	0.00977	0.00733	0.01100	0.01100	0.01222	0.00855	0.00855	0.01222	0.01100	0.01588	0.01833	0.02688	0.01710	0.05131	0.73245	0.01100	0.01833	0.00733	0.00367	0.00611
29	0.02375	0.02606	0.01930	0.01941	0.10704	0.49236	0.01336	0.02673	0.04812	0.09458	0.05388	0.01689	0.01367	0.00758	0.00646	0.00188	0.01029	0.00549	0.00442	0.00873
30	0.02810	0.01272	0.01617	0.01273	0.01781	0.01205	0.01041	0.08483	0.13226	0.55623	0.02631	0.02312	0.01717	0.00858	0.00689	0.00215	0.00589	0.00696	0.00810	0.01151
31	0.01291	0.01178	0.01958	0.69424	0.04452	0.01461	0.01806	0.01738	0.01372	0.01801	0.01283	0.01872	0.00968	0.00691	0.00670	0.00223	0.00873	0.00610	0.05576	0.00752
32	0.01497	0.01497	0.02095	0.01796	0.01796	0.02095	0.01497	0.01646	0.01048	0.01646	0.00898	0.01497	0.00898	0.01197	0.02245	0.00299	0.74704	0.00599	0.00299	0.00748
33	0.01759	0.01450	0.01550	0.01388	0.01777	0.01658	0.01089	0.05922	0.63057	0.05280	0.02772	0.02706	0.02111	0.00958	0.00705	0.00233	0.00554	0.03261	0.00698	0.01072
34	0.03046	0.01202	0.01611	0.01235	0.01765	0.01062	0.01020	0.06677	0.02022	0.68730	0.02646	0.02294	0.01667	0.00845	0.00688	0.00211	0.00591	0.00684	0.00839	0.01164
35	0.02601	0.01916	0.02053	0.01574	0.02122	0.02122	0.01300	0.69408	0.03217	0.04312	0.01643	0.01643	0.01163	0.00821	0.00684	0.00205	0.00753	0.00616	0.00684	0.01163
36	0.01275	0.00638	0.00638	0.00638	0.00797	0.00638	0.00478	0.01594	0.01435	0.02551	0.02232	0.02551	0.01754	0.00797	0.00478	0.00159	0.00319	0.00638	0.79755	0.00638
37	0.02601	0.01916	0.02053	0.01574	0.02122	0.02122	0.01300	0.69408	0.03217	0.04312	0.01643	0.01643	0.01163	0.00821	0.00684	0.00205	0.00753	0.00616	0.00684	0.01163
38	0.00962	0.00699	0.00905	0.00854	0.01018	0.00643	0.00640	0.01278	0.01921	0.02707	0.68670	0.05171	0.09137	0.01412	0.00807	0.00216	0.00324	0.01246	0.00748	0.00643
39	0.01275	0.00638	0.00638	0.00638	0.00797	0.00638	0.00478	0.01594	0.01435	0.02551	0.02232	0.02551	0.01754	0.00797	0.00478	0.00159	0.00319	0.00638	0.79755	0.00638
40	0.02310	0.01721	0.01897	0.06301	0.02147	0.01899	0.01241	0.54274	0.05386	0.03794	0.01688	0.01869	0.01269	0.05118	0.00834	0.00229	0.00730	0.00636	0.02849	0.03807
41	0.01319	0.01243	0.02100	0.69660	0.09156	0.01527	0.01913	0.01771	0.01381	0.01780	0.01221	0.01815	0.00923	0.00679	0.00684	0.00226	0.00905	0.00608	0.00306	0.00781
42	0.01108	0.00730	0.00959	0.00884	0.01070	0.00669	0.00669	0.01427	0.01938	0.07350	0.66774	0.04926	0.06139	0.01362	0.00799	0.00215	0.00340	0.01201	0.00759	0.00680
43	0.00977	0.00733	0.01100	0.01100	0.01222	0.00855	0.00855	0.01222	0.01100	0.01588	0.01833	0.02688	0.01710	0.05131	0.73245	0.01100	0.01833	0.00733	0.00367	0.00611
44	0.01419	0.01216	0.01419	0.01013	0.01621	0.00912	0.00811	0.01723	0.01419	0.02229	0.01216	0.01419	0.01013	0.00507	0.00507	0.00101	0.00507	0.00405	0.00405	0.80139
45	0.01702	0.01470	0.01547	0.01392	0.01779	0.01702	0.01083	0.03635	0.70453	0.02862	0.02785	0.02553	0.02088	0.00928	0.00696	0.00232	0.00541	0.00773	0.00696	0.01083
46	0.02552	0.01886	0.02169	0.01649	0.02205	0.02057	0.05796	0.62660	0.03067	0.06520	0.01662	0.01680	0.01173	0.00806	0.00693	0.00207	0.00774	0.00631	0.00668	0.01148
47	0.01298	0.01224	0.02053	0.72238	0.04629	0.01536	0.01888	0.01745	0.01359	0.01745	0.01207	0.01815	0.00912	0.00699	0.00729	0.00230	0.03023	0.00608	0.00304	0.00760
48	0.00834	0.00595	0.00794	0.00953	0.00992	0.00556	0.00635	0.00953	0.01310	0.01746	0.03771	0.75510	0.04525	0.02143	0.00873	0.00278	0.00397	0.01945	0.00635	0.00556
49	0.00834	0.00595	0.00794	0.00953	0.00992	0.00556	0.00635	0.00953	0.01310	0.01746	0.03771	0.75510	0.04525	0.02143	0.00873	0.00278	0.00397	0.01945	0.00635	0.00556
50	0.08150	0.01874	0.01979	0.01526	0.02065	0.02080	0.01261	0.64624	0.03071	0.04224	0.01594	0.01605	0.01133	0.00808	0.00666	0.00206	0.00737	0.00599	0.00666	0.01133
51	0.00810	0.00687	0.00700	0.00710	0.00929	0.00576	0.00527	0.00980	0.01543	0.01842	0.06726	0.11058	0.67070	0.01759	0.00813	0.00234	0.00350	0.01476	0.00635	0.00576
52	0.01497	0.01497	0.02095	0.01796	0.01796	0.02095	0.01497	0.01646	0.01048	0.01646	0.00898	0.01497	0.00898	0.01197	0.02245	0.00299	0.74704	0.00599	0.00299	0.00748
53	0.00942	0.00695	0.00879	0.00840	0.01007	0.00633	0.00627	0.01237	0.01864	0.02586	0.60139	0.07454	0.15616	0.01469	0.00809	0.00219	0.00328	0.01288	0.00733	0.00633
54	0.02601	0.01916	0.02053	0.01574	0.02122	0.02122	0.01300	0.69408	0.03217	0.04312	0.01643	0.01643	0.01163	0.00821	0.00684	0.00205	0.00753	0.00616	0.00684	0.01163
55	0.01372	0.03539	0.72412	0.01950	0.02961	0.01589	0.02528	0.02167	0.01444	0.02167	0.01228	0.01444	0.00867	0.00650	0.00650	0.00217	0.01011	0.00506	0.00289	0.01011
56	0.02820	0.01113	0.01517	0.01200	0.01684	0.00971	0.00992	0.03091	0.01931	0.63571	0.06655	0.02844	0.02113	0.00947	0.00712	0.00219	0.00571	0.05125	0.00827	0.01099
57	0.01497	0.01497	0.02095	0.01796	0.01796	0.02095	0.01497	0.01646	0.01048	0.01646	0.00898	0.01497	0.00898	0.01197	0.02245	0.00299	0.74704	0.00599	0.00299	0.00748
58	0.01857	0.73673	0.03530	0.01185	0.01769	0.02686	0.01175	0.04487	0.01456	0.01707	0.00976	0.01117	0.00888	0.00594	0.00448	0.00148	0.00732	0.00375	0.00307	0.00888
59	0.02601	0.01916	0.02053	0.01574	0.02122	0.02122	0.01300	0.69408	0.03217	0.04312	0.01643	0.01643	0.01163	0.00821	0.00684	0.00205	0.00753	0.00616	0.00684	0.01163
60	0.00994	0.00668	0.00770	0.00770	0.00778	0.00676	0.00444	0.01010	0.01002	0.01344	0.02134	0.04358	0.02436	0.71257	0.08111	0.00692	0.00741	0.00978	0.00411	0.00428
61	0.00995	0.00663	0.00746	0.00746	0.00746	0.00663	0.00415	0.00995	0.00995	0.01327	0.02156	0.04477	0.02487	0.75957	0.03482	0.00663	0.00663	0.00995	0.00415	0.00415
62	0.01623	0.01823	0.03906	0.03020	0.10660	0.01719	0.62225	0.02182	0.01609	0.02196	0.01374	0.01830	0.01043	0.00580	0.00794	0.00228	0.01118	0.00787	0.00345	0.00939
63	0.03070	0.01164	0.01588	0.01217	0.01746	0.01006	0.01006	0.03334	0.01958	0.72163	0.02699	0.02329	0.01694	0.00847	0.00688	0.00212	0.00582	0.00688	0.00847	0.01164
64	0.01693	0.01626	0.02777	0.04199	0.71689	0.01626	0.02100	0.02100	0.01558	0.02235	0.01287	0.01693	0.01084	0.00610	0.00677	0.00203	0.00813	0.00610	0.00339	0.01084
65	0.01256	0.00763	0.01007	0.00909	0.01121	0.00695	0.00695	0.01571	0.01940	0.12244	0.61936	0.04730	0.05804	0.01323	0.00791	0.00215	0.00358	0.01162	0.00766	0.00717
66	0.02996	0.01270	0.04065	0.01254	0.01800	0.01060	0.01068	0.05330	0.01979	0.67638	0.02615	0.02277	0.01648	0.00839	0.00687	0.00212	0.00602	0.00679	0.00822	0.01159
67	0.01292	0.01216	0.02052	0.74312	0.04712	0.01520	0.01900	0.01748	0.01368	0.01748	0.01216	0.01824	0.00912	0.00684	0.00684	0.00228	0.00912	0.00608	0.00304	0.00760
68	0.80789	0.01323	0.01006	0.00900	0.01323	0.01535	0.00741	0.02011	0.01164	0.03070	0.00953	0.01111	0.00741	0.00635	0.00423	0.00212	0.00529	0.00370	0.00423	0.00741
69	0.01028	0.03478	0.01137	0.01041	0.01147	0.00915	0.00783	0.01211	0.01084	0.01529	0.01848	0.03014	0.01838	0.21495	0.52016	0.00938	0.03769	0.00777	0.00373	0.00579
70	0.02093	0.25829	0.02184	0.01132	0.01706	0.01531	0.00992	0.02356	0.01586	0.24886	0.01614	0.01611	0.01191	0.00644	0.00544	0.00152	0.00605	0.00485	0.00513	0.28346
71	0.01078	0.00771	0.01071	0.01209	0.01362	0.00764	0.01039	0.01386	0.01598	0.02101	0.10058	0.10358	0.04201	0.01854	0.00929	0.00304	0.00591	0.58056	0.00642	0.00628
72	0.00977	0.00733	0.01100	0.01100	0.01222	0.00855	0.00855	0.01222	0.01100	0.01588	0.01833	0.02688	0.01710	0.05131	0.73245	0.01100	0.01833	0.00733	0.00367	0.00611
73	0.01372	0.03539	0.72412	0.01950	0.02961	0.01589	0.02528	0.02167	0.01444	0.02167	0.01228	0.01444	0.00867	0.00650	0.00650	0.00217	0.01011	0.00506	0.00289	0.01011
74	0.01275	0.00638	0.00638	0.00638	0.00797	0.00638	0.00478	0.01594	0.01435	0.02551	0.02232	0.02551	0.01754	0.00797	0.00478	0.00159	0.00319	0.00638	0.79755	0.00638
75	0.00834	0.00595	0.00794	0.00953	0.00992	0.00556	0.00635	0.00953	0.01310	0.01746	0.03771	0.75510	0.04525	0.02143	0.00873	0.00278	0.00397	0.01945	0.00635	0.00556
76	0.00968	0.00699	0.00914	0.00861	0.01022	0.00646	0.00646	0.01291	0.01937	0.02743	0.71328	0.05110	0.06455	0.01399	0.00807	0.00215	0.00323	0.01237	0.00753	0.00646
77	0.01372	0.03539	0.72412	0.01950	0.02961	0.01589	0.02528	0.02167	0.01444	0.02167	0.01228	0.01444	0.00867	0.00650	0.00650	0.00217	0.01011	0.00506	0.00289	0.01011
78	0.68543	0.01357	0.01155	0.03100	0.03501	0.01567	0.00853	0.04268	0.05845	0.03034	0.01113	0.01261	0.00858	0.00661	0.00464	0.00213	0.00556	0.00419	0.00444	0.00788
79	0.01275	0.00638	0.00638	0.00638	0.00797	0.00638	0.00478	0.01594	0.01435	0.02551	0.02232	0.02551	0.01754	0.00797	0.00478	0.00159	0.00319	0.00638	0.79755	0.00638
80	0.58261	0.19691	0.01679	0.00994	0.01462	0.01846	0.00869	0.04802	0.01304	0.02764	0.00981	0.01130	0.00792	0.00631	0.00438	0.00195	0.00588	0.00379	0.00402	0.00792
81	0.01070	0.00704	0.00910	0.00969	0.01092	0.00658	0.00689	0.03371	0.01536	0.06827	0.14572	0.51270	0.08308	0.01864	0.00842	0.00259	0.00412	0.03343	0.00670	0.00634
82	0.01693	0.01626	0.02777	0.04199	0.71689	0.01626	0.02100	0.02100	0.01558	0.02235	0.01287	0.01693	0.01084	0.00610	0.00677	0.00203	0.00813	0.00610	0.00339	0.01084
83	0.00933	0.00637	0.00764	0.00825	0.00840	0.00622	0.00499	0.00979	0.01115	0.01487	0.02771	0.31554	0.03264	0.47820	0.02488	0.00516	0.00562	0.01357	0.00499	0.00468
84	0.01662	0.01593	0.02704	0.04077	0.69228	0.01589	0.02045	0.02061	0.01558	0.02222	0.01483	0.01863	0.03529	0.00649	0.00682	0.00204	0.00797	0.00639	0.00349	0.01066
85	0.02493	0.02246	0.02021	0.01726	0.05063	0.21628	0.01327	0.44071	0.07015	0.03407	0.01538	0.01589	0.01140	0.00787	0.00666	0.00199	0.00874	0.00577	0.00579	0.01053
86	0.01034	0.05752	0.01264	0.01104	0.01257	0.00978	0.00876	0.01277	0.01119	0.01590	0.01774	0.02582	0.01655	0.04829	0.68414	0.01036	0.01759	0.00709	0.00362	0.00629
87	0.01754	0.01704	0.02650	0.08601	0.60332	0.05702	0.02008	0.04980	0.01638	0.02259	0.01284	0.01674	0.01064	0.00629	0.00675	0.00203	0.00841	0.00600	0.00352	0.01049
88	0.10077	0.06629	0.01973	0.05548	0.02102	0.01876	0.01221	0.43127	0.02574	0.15666	0.01690	0.01685	0.01182	0.00784	0.00644	0.00204	0.00709	0.00588	0.00640	0.01081
89	0.01292	0.01216	0.02052	0.74312	0.04712	0.01520	0.01900	0.01748	0.01368	0.01748	0.01216	0.01824	0.00912	0.00684	0.00684	0.00228	0.00912	0.00608	0.00304	0.00760
90	0.01570	0.01713	0.03301	0.02472	0.02901	0.01869	0.43556	0.01985	0.01400	0.01985	0.01200	0.01713	0.00985	0.00812	0.01352	0.00257	0.29015	0.00728	0.00328	0.00857
91	0.01568	0.01754	0.03748	0.13295	0.03741	0.01699	0.59394	0.02127	0.01579	0.02127	0.01360	0.01842	0.01020	0.00592	0.00789	0.00230	0.01118	0.00778	0.00340	0.00899
92	0.01497	0.01497	0.02095	0.01796	0.01796	0.02095	0.01497	0.01646	0.01048	0.01646	0.00898	0.01497	0.00898	0.01197	0.02245	0.00299	0.74704	0.00599	0.00299	0.00748
93	0.00834	0.00595	0.00794	0.00953	0.00992	0.00556	0.00635	0.00953	0.01310	0.01746	0.03771	0.75510	0.04525	0.02143	0.00873	0.00278	0.00397	0.01945	0.00635	0.00556
94	0.00955	0.00703	0.00896	0.00860	0.01030	0.00644	0.00653	0.01258	0.01870	0.02595	0.59736	0.05429	0.14565	0.01466	0.00814	0.00222	0.00341	0.04595	0.00732	0.00636
95	0.01810	0.73265	0.06518	0.01204	0.01807	0.02659	0.01228	0.02054	0.01392	0.01633	0.00963	0.01112	0.00877	0.00588	0.00448	0.00149	0.00744	0.00372	0.00292	0.00884
96	0.01693	0.01626	0.02777	0.04199	0.71689	0.01626	0.02100	0.02100	0.01558	0.02235	0.01287	0.01693	0.01084	0.00610	0.00677	0.00203	0.00813	0.00610	0.00339	0.01084
97	0.01497	0.01497	0.02095	0.01796	0.01796	0.02095	0.01497	0.01646	0.01048	0.01646	0.00898	0.01497	0.00898	0.01197	0.02245	0.00299	0.74704	0.00599	0.00299	0.00748
98	0.01693	0.01626	0.02777	0.04199	0.71689	0.01626	0.02100	0.02100	0.01558	0.02235	0.01287	0.01693	0.01084	0.00610	0.00677	0.00203	0.00813	0.00610	0.00339	0.01084
99	0.00995	0.00663	0.00746	0.00746	0.00746	0.00663	0.00415	0.00995	0.00995	0.01327	0.02156	0.04477	0.02487	0.75957	0.03482	0.00663	0.00663	0.00995	0.00415	0.00415
100	0.01505	0.01271	0.01464	0.01064	0.01659	0.01021	0.00853	0.06079	0.04382	0.02387	0.01308	0.01480	0.01067	0.00544	0.00526	0.00113	0.00524	0.00434	0.00435	0.71884
101	0.02058	0.01412	0.01570	0.01325	0.01752	0.01527	0.01055	0.15741	0.36892	0.16929	0.05407	0.02700	0.06599	0.00963	0.00704	0.00222	0.00568	0.00789	0.00722	0.01064
102	0.02329	0.01713	0.01850	0.01488	0.01980	0.01902	0.01206	0.42586	0.25861	0.08530	0.02102	0.01998	0.01513	0.00859	0.00689	0.00215	0.00670	0.00674	0.00700	0.01136
103	0.00991	0.00678	0.00823	0.00823	0.00849	0.00705	0.00510	0.01044	0.01018	0.01383	0.02086	0.04090	0.02319	0.60653	0.18556	0.00758	0.00916	0.00938	0.00404	0.00457
104	0.01372	0.03539	0.72412	0.01950	0.02961	0.01589	0.02528	0.02167	0.01444	0.02167	0.01228	0.01444	0.00867	0.00650	0.00650	0.00217	0.01011	0.00506	0.00289	0.01011
105	0.00995	0.00663	0.00746	0.00746	0.00746	0.00663	0.00415	0.00995	0.00995	0.01327	0.02156	0.04477	0.02487	0.75957	0.03482	0.00663	0.00663	0.00995	0.00415	0.00415
106	0.01018	0.00722	0.00872	0.00860	0.00874	0.00771	0.00540	0.01058	0.01024	0.01394	0.02123	0.07700	0.02410	0.60436	0.09992	0.00662	0.05675	0.00991	0.00413	0.00463
107	0.01638	0.01569	0.02677	0.13884	0.62438	0.01611	0.02072	0.02051	0.01532	0.02168	0.01277	0.01711	0.01060	0.00620	0.00678	0.00207	0.00826	0.00609	0.00334	0.01039
108	0.01671	0.01602	0.02736	0.08168	0.67897	0.01620	0.02088	0.02080	0.01547	0.02208	0.01283	0.01701	0.01074	0.00614	0.00678	0.00205	0.00818	0.00609	0.00337	0.01065
109	0.04736	0.01293	0.01602	0.01275	0.01773	0.01255	0.01039	0.08747	0.16307	0.50431	0.02586	0.02288	0.01708	0.00856	0.00683	0.00215	0.00586	0.00692	0.00791	0.01136
110	0.01409	0.01402	0.02402	0.14131	0.09179	0.01597	0.17750	0.01737	0.01338	0.01886	0.01542	0.12625	0.01493	0.01023	0.01227	0.00252	0.24127	0.00844	0.00369	0.03669
111	0.01324	0.01092	0.01291	0.01022	0.01487	0.00874	0.00788	0.04327	0.01466	0.02197	0.01862	0.19650	0.01883	0.00922	0.00604	0.00149	0.00490	0.00793	0.00473	0.57306
112	0.02601	0.01916	0.02053	0.01574	0.02122	0.02122	0.01300	0.69408	0.03217	0.04312	0.01643	0.01643	0.01163	0.00821	0.00684	0.00205	0.00753	0.00616	0.00684	0.01163
113	0.01680	0.01612	0.02754	0.06440	0.69549	0.01622	0.02093	0.02088	0.01552	0.02220	0.01285	0.01697	0.01078	0.00612	0.00678	0.00204	0.00816	0.00610	0.00338	0.01073
114	0.01693	0.01626	0.02777	0.04199	0.71689	0.01626	0.02100	0.02100	0.01558	0.02235	0.01287	0.01693	0.01084	0.00610	0.00677	0.00203	0.00813	0.00610	0.00339	0.01084
115	0.01635	0.01738	0.06783	0.15213	0.03441	0.01672	0.42494	0.02137	0.01530	0.06913	0.01389	0.01820	0.01039	0.00680	0.00912	0.00235	0.08378	0.00728	0.00366	0.00898
116	0.01292	0.01216	0.02052	0.74312	0.04712	0.01520	0.01900	0.01748	0.01368	0.01748	0.01216	0.01824	0.00912	0.00684	0.00684	0.00228	0.00912	0.00608	0.00304	0.00760
117	0.01386	0.01757	0.12837	0.02210	0.02761	0.01428	0.39303	0.01874	0.01529	0.02110	0.05380	0.15507	0.02000	0.00975	0.00855	0.00241	0.03708	0.02881	0.00417	0.00840
118	0.01676	0.01608	0.02746	0.07187	0.68835	0.01621	0.02091	0.02085	0.01550	0.02214	0.01284	0.01699	0.01076	0.00613	0.00678	0.00204	0.00817	0.00610	0.00337	0.01070
119	0.01611	0.01545	0.01625	0.01531	0.05186	0.14214	0.03444	0.11439	0.01743	0.02214	0.04995	0.19816	0.07715	0.01262	0.00959	0.00232	0.11335	0.03279	0.00509	0.05349
120	0.01504	0.01579	0.03137	0.04934	0.05304	0.01631	0.42725	0.01912	0.01417	0.01968	0.01318	0.01868	0.01079	0.01194	0.07335	0.05615	0.13584	0.00738	0.00335	0.00825
121	0.01431	0.01433	0.02286	0.40010	0.05573	0.04164	0.09626	0.01802	0.01329	0.01780	0.01165	0.01740	0.00950	0.00934	0.03188	0.00270	0.20598	0.00627	0.00312	0.00782
122	0.01647	0.01605	0.02881	0.05694	0.53739	0.01592	0.14359	0.02081	0.01557	0.02230	0.01351	0.01768	0.01104	0.00615	0.00691	0.00207	0.00853	0.00647	0.04357	0.01023
123	0.04322	0.01686	0.03317	0.11260	0.15302	0.01712	0.41577	0.02071	0.01512	0.02131	0.01291	0.01761	0.01009	0.00650	0.00880	0.00231	0.07322	0.00717	0.00339	0.00911
124	0.05582	0.01113	0.01517	0.01198	0.01645	0.00998	0.04350	0.04483	0.01879	0.43152	0.15017	0.04894	0.04922	0.00972	0.00704	0.00210	0.00549	0.00824	0.00745	0.05245
125	0.01604	0.01262	0.01524	0.01389	0.05135	0.01301	0.03351	0.22445	0.09048	0.02842	0.10287	0.10282	0.12352	0.03901	0.00846	0.00238	0.00585	0.05353	0.00622	0.05634
126	0.01485	0.01425	0.02034	0.07770	0.16618	0.05375	0.05641	0.01786	0.01387	0.01987	0.05704	0.01949	0.01427	0.01254	0.07981	0.00303	0.21008	0.00638	0.03747	0.10482
127	0.04260	0.01382	0.02190	0.05599	0.46523	0.01404	0.01658	0.03839	0.04175	0.02302	0.07399	0.12464	0.02032	0.00913	0.00708	0.00217	0.00696	0.00848	0.00440	0.00952

[dist]
# distance from previous block
# <min> <max>
11	45

[block]
# block no. 2 follows, 31 sequences, length 18
# corresponding to MSA columns:
# 245-262
name=unknown_C
#
# <colnr> <probs for GDERKNQSTAVLIFYWHMCP>
#	G	D	E	R	K	N	Q	S	T	A	V	L	I	F	Y	W	H	M	C	P
0	0.06098	0.09203	0.45220	0.01646	0.02470	0.01541	0.01940	0.02434	0.01550	0.19301	0.01549	0.01613	0.01063	0.00692	0.00629	0.00209	0.00856	0.00531	0.00433	0.01022
1	0.04747	0.03890	0.04934	0.05188	0.01973	0.01619	0.01185	0.14424	0.33779	0.11204	0.02524	0.02539	0.05028	0.00922	0.00686	0.00223	0.00623	0.02836	0.00645	0.01029
2	0.00899	0.00694	0.00833	0.00891	0.01057	0.00628	0.00686	0.01113	0.01566	0.01999	0.14886	0.20723	0.33947	0.01802	0.00851	0.00256	0.00414	0.15509	0.00651	0.00594
3	0.01837	0.61525	0.11666	0.01303	0.01930	0.04801	0.01344	0.05534	0.01508	0.01816	0.01023	0.01171	0.00891	0.00609	0.00482	0.00159	0.00782	0.00398	0.00314	0.00906
4	0.38556	0.12291	0.04005	0.01268	0.01728	0.20222	0.01069	0.09679	0.01631	0.02618	0.01065	0.01211	0.00847	0.00667	0.00512	0.00193	0.00779	0.00419	0.00412	0.00829
5	0.00834	0.00595	0.00794	0.00953	0.00992	0.00556	0.00635	0.00953	0.01310	0.01746	0.03771	0.75510	0.04525	0.02143	0.00873	0.00278	0.00397	0.01945	0.00635	0.00556
6	0.01148	0.00794	0.00999	0.00920	0.01126	0.00756	0.00699	0.01601	0.07908	0.06776	0.58261	0.04794	0.08879	0.01341	0.00790	0.00217	0.00358	0.01174	0.00748	0.00711
7	0.02601	0.01916	0.02053	0.01574	0.02122	0.02122	0.01300	0.69408	0.03217	0.04312	0.01643	0.01643	0.01163	0.00821	0.00684	0.00205	0.00753	0.00616	0.00684	0.01163
8	0.09090	0.01211	0.01564	0.01209	0.01731	0.01098	0.00999	0.06288	0.01955	0.63652	0.02514	0.02202	0.01595	0.00829	0.00667	0.00211	0.00586	0.00660	0.00806	0.01131
9	0.00929	0.00679	0.00872	0.00863	0.01008	0.00623	0.00633	0.01200	0.01786	0.02478	0.53004	0.18469	0.11769	0.01568	0.00820	0.00228	0.00339	0.01388	0.00721	0.00623
10	0.02601	0.01916	0.02053	0.01574	0.02122	0.02122	0.01300	0.69408	0.03217	0.04312	0.01643	0.01643	0.01163	0.00821	0.00684	0.00205	0.00753	0.00616	0.00684	0.01163
11	0.01688	0.01590	0.02595	0.12042	0.44520	0.01659	0.07761	0.05890	0.10871	0.02368	0.01507	0.01835	0.01198	0.00670	0.00692	0.00213	0.00815	0.00649	0.00402	0.01035
12	0.00834	0.00595	0.00794	0.00953	0.00992	0.00556	0.00635	0.00953	0.01310	0.01746	0.03771	0.75510	0.04525	0.02143	0.00873	0.00278	0.00397	0.01945	0.00635	0.00556
13	0.02257	0.01832	0.01854	0.01517	0.01991	0.06466	0.01219	0.40270	0.28605	0.03595	0.02038	0.01961	0.01496	0.00854	0.00685	0.00214	0.00703	0.00665	0.00668	0.01109
14	0.01702	0.01470	0.01547	0.01392	0.01779	0.01702	0.01083	0.03635	0.70453	0.02862	0.02785	0.02553	0.02088	0.00928	0.00696	0.00232	0.00541	0.00773	0.00696	0.01083
15	0.02625	0.01877	0.02029	0.01555	0.02102	0.02063	0.01285	0.65945	0.03151	0.07867	0.01698	0.01678	0.01191	0.00823	0.00685	0.00206	0.00744	0.00620	0.00693	0.01164
16	0.05474	0.72904	0.03466	0.01158	0.01736	0.02653	0.01151	0.02047	0.01380	0.01677	0.00951	0.01098	0.00872	0.00588	0.00438	0.00149	0.00722	0.00366	0.00299	0.00872
17	0.02432	0.01832	0.01958	0.01540	0.02057	0.02043	0.01259	0.57048	0.15852	0.04039	0.01857	0.01814	0.01337	0.00841	0.00687	0.00210	0.00713	0.00646	0.00687	0.01148

[dist]
# distance from previous block
# <min> <max>
0	1

[block]
# block no. 3 follows, 31 sequences, length 9
# corresponding to MSA columns:
# 264-272
name=unknown_D
#
# <colnr> <probs for GDERKNQSTAVLIFYWHMCP>
#	G	D	E	R	K	N	Q	S	T	A	V	L	I	F	Y	W	H	M	C	P
0	0.01419	0.01216	0.01419	0.01013	0.01621	0.00912	0.00811	0.01723	0.01419	0.02229	0.01216	0.01419	0.01013	0.00507	0.00507	0.00101	0.00507	0.00405	0.00405	0.80139
1	0.02529	0.01881	0.02013	0.01560	0.02094	0.02088	0.01283	0.64184	0.08557	0.04197	0.01733	0.01715	0.01237	0.00830	0.00685	0.00207	0.00736	0.00628	0.00685	0.01157
2	0.02551	0.01895	0.01838	0.01481	0.01959	0.14298	0.01191	0.34887	0.07635	0.18674	0.05214	0.01957	0.01554	0.00842	0.00680	0.00204	0.00763	0.00643	0.00666	0.01067
3	0.00872	0.00696	0.00781	0.00760	0.00963	0.00605	0.00570	0.01105	0.01709	0.02204	0.32510	0.05999	0.45610	0.01600	0.00808	0.00225	0.00337	0.01362	0.00682	0.00605
4	0.02601	0.01916	0.02053	0.01574	0.02122	0.02122	0.01300	0.69408	0.03217	0.04312	0.01643	0.01643	0.01163	0.00821	0.00684	0.00205	0.00753	0.00616	0.00684	0.01163
5	0.00995	0.00663	0.00746	0.00746	0.00746	0.00663	0.00415	0.00995	0.00995	0.01327	0.02156	0.04477	0.02487	0.75957	0.03482	0.00663	0.00663	0.00995	0.00415	0.00415
6	0.80789	0.01323	0.01006	0.00900	0.01323	0.01535	0.00741	0.02011	0.01164	0.03070	0.00953	0.01111	0.00741	0.00635	0.00423	0.00212	0.00529	0.00370	0.00423	0.00741
7	0.01292	0.01216	0.02052	0.74312	0.04712	0.01520	0.01900	0.01748	0.01368	0.01748	0.01216	0.01824	0.00912	0.00684	0.00684	0.00228	0.00912	0.00608	0.00304	0.00760
8	0.01528	0.01357	0.02056	0.55893	0.04027	0.01670	0.01765	0.12997	0.01648	0.02166	0.01259	0.01765	0.00953	0.00752	0.00820	0.00230	0.07313	0.00609	0.00367	0.00826

[dist]
# distance from previous block
# <min> <max>
0	1

[block]
# block no. 4 follows, 31 sequences, length 16
# corresponding to MSA columns:
# 274-289
name=unknown_E
#
# <colnr> <probs for GDERKNQSTAVLIFYWHMCP>
#	G	D	E	R	K	N	Q	S	T	A	V	L	I	F	Y	W	H	M	C	P
0	0.14502	0.01610	0.01557	0.01323	0.01765	0.08727	0.01050	0.10380	0.30102	0.14677	0.02103	0.01997	0.01531	0.00812	0.00633	0.00210	0.00637	0.00626	0.00628	0.05128
1	0.01365	0.01290	0.02184	0.61563	0.16891	0.01539	0.01936	0.01812	0.01403	0.01837	0.01229	0.01800	0.00943	0.00670	0.00683	0.00223	0.00894	0.00608	0.00310	0.00819
2	0.76568	0.01290	0.01001	0.00898	0.01307	0.01488	0.00736	0.01973	0.01205	0.03052	0.04674	0.01323	0.01043	0.00675	0.00444	0.00212	0.00518	0.00416	0.00441	0.00736
3	0.00862	0.00611	0.00806	0.00950	0.00992	0.00577	0.00639	0.00981	0.01295	0.01724	0.03617	0.65585	0.04311	0.08786	0.01112	0.00315	0.00433	0.05242	0.00615	0.00547
4	0.01972	0.01543	0.01668	0.01418	0.01853	0.01719	0.01135	0.22865	0.41611	0.05699	0.02431	0.02523	0.01864	0.00932	0.00699	0.00223	0.00609	0.04445	0.00683	0.04109
5	0.00988	0.00660	0.00748	0.00755	0.00757	0.00658	0.00424	0.00993	0.01009	0.01345	0.02228	0.07665	0.02579	0.72643	0.03365	0.00646	0.00651	0.01038	0.00424	0.00421
6	0.00949	0.00690	0.00894	0.00861	0.01015	0.00635	0.00639	0.01247	0.01864	0.02615	0.62448	0.11397	0.09220	0.01480	0.00813	0.00221	0.00330	0.01309	0.00737	0.00635
7	0.01419	0.01216	0.01419	0.01013	0.01621	0.00912	0.00811	0.01723	0.01419	0.02229	0.01216	0.01419	0.01013	0.00507	0.00507	0.00101	0.00507	0.00405	0.00405	0.80139
8	0.01315	0.01260	0.02191	0.69306	0.04632	0.01535	0.06618	0.01779	0.01385	0.01779	0.01228	0.01825	0.00921	0.00676	0.00693	0.00228	0.00929	0.00622	0.00307	0.00771
9	0.02649	0.01414	0.01694	0.01335	0.01835	0.01425	0.01091	0.22799	0.12513	0.39230	0.04977	0.02264	0.01775	0.00872	0.00693	0.00213	0.00617	0.00700	0.00773	0.01132
10	0.01015	0.00707	0.00909	0.00864	0.01036	0.00645	0.00646	0.01308	0.01860	0.04928	0.58537	0.10083	0.11958	0.01462	0.00808	0.00221	0.00339	0.01287	0.00737	0.00651
11	0.01703	0.01932	0.03190	0.06411	0.03028	0.11913	0.40536	0.02120	0.01518	0.01970	0.01218	0.01679	0.00977	0.00742	0.01100	0.00238	0.17837	0.00697	0.00334	0.00856
12	0.01423	0.01395	0.02192	0.47718	0.09926	0.04018	0.05379	0.01820	0.01374	0.01822	0.01180	0.01726	0.00936	0.00737	0.00902	0.00228	0.11460	0.00601	0.00315	0.04845
13	0.20958	0.05616	0.32035	0.08425	0.02686	0.01604	0.11315	0.02065	0.01389	0.02332	0.01168	0.01438	0.00872	0.00629	0.00603	0.00210	0.00866	0.00513	0.00338	0.04939
14	0.01546	0.08518	0.05447	0.27202	0.24266	0.07777	0.01722	0.01974	0.03699	0.01937	0.01629	0.05636	0.04239	0.00780	0.00667	0.00211	0.00834	0.00677	0.00361	0.00877
15	0.23699	0.03203	0.02079	0.16640	0.11297	0.04164	0.11049	0.07863	0.04211	0.02532	0.02738	0.01755	0.02780	0.00700	0.00622	0.00212	0.00773	0.00594	0.00416	0.02674

[dist]
# distance from previous block
# <min> <max>
0	17

# created by:
# /st0/software/busco_prod/Augustus/scripts/msa2prfl.pl ./align_prep/123947.fa
