[name]
unknown

[dist]
# distance from previous block
# <min> <max>
0	0

[block]
# block no. 0 follows, 29 sequences, length 62
# corresponding to MSA columns:
# 0-61
name=unknown_A
#
# <colnr> <probs for GDERKNQSTAVLIFYWHMCP>
#	G	D	E	R	K	N	Q	S	T	A	V	L	I	F	Y	W	H	M	C	P
0	0.01147	0.00820	0.01147	0.01311	0.01475	0.00820	0.01147	0.01475	0.01639	0.02131	0.03770	0.08032	0.04098	0.01967	0.00984	0.00328	0.00656	0.65741	0.00656	0.00656
1	0.03045	0.05253	0.04271	0.01306	0.01878	0.01206	0.01124	0.05828	0.02038	0.62357	0.02616	0.02296	0.01666	0.00859	0.00701	0.00217	0.00637	0.00689	0.00824	0.01190
2	0.00856	0.00714	0.00750	0.00774	0.00990	0.00607	0.00578	0.01036	0.01595	0.01920	0.06716	0.14342	0.60430	0.01857	0.00855	0.00249	0.00378	0.04090	0.00661	0.00601
3	0.00844	0.00713	0.00730	0.00744	0.00968	0.00599	0.00551	0.01019	0.01601	0.01915	0.06932	0.12633	0.64645	0.01840	0.00847	0.00245	0.00365	0.01547	0.00661	0.00599
4	0.69781	0.01459	0.01191	0.01029	0.01487	0.01678	0.00848	0.10832	0.01494	0.03366	0.01086	0.01230	0.00829	0.00687	0.00477	0.00219	0.00582	0.00419	0.00477	0.00829
5	0.01963	0.66287	0.05582	0.01302	0.01901	0.09496	0.01276	0.02205	0.01504	0.01699	0.01009	0.01167	0.00914	0.00623	0.00481	0.00158	0.00821	0.00393	0.00311	0.00909
6	0.03195	0.01212	0.01652	0.01267	0.01818	0.01047	0.01047	0.03470	0.02038	0.71026	0.02809	0.02424	0.01763	0.00881	0.00716	0.00220	0.00606	0.00716	0.00881	0.01212
7	0.00868	0.00620	0.00826	0.00991	0.01033	0.00578	0.00661	0.00991	0.01363	0.01818	0.03925	0.74510	0.04710	0.02231	0.00909	0.00289	0.00413	0.02024	0.00661	0.00578
8	0.01345	0.01266	0.02136	0.73264	0.04904	0.01582	0.01978	0.01819	0.01424	0.01819	0.01266	0.01898	0.00949	0.00712	0.00712	0.00237	0.00949	0.00633	0.00316	0.00791
9	0.01681	0.01921	0.04202	0.03001	0.03721	0.01801	0.67947	0.02281	0.01681	0.02281	0.01441	0.01921	0.01080	0.00600	0.00840	0.00240	0.01200	0.00840	0.00360	0.00960
10	0.03114	0.01194	0.01627	0.01253	0.01790	0.01033	0.01033	0.03392	0.02037	0.68509	0.05296	0.02531	0.01946	0.00903	0.00721	0.00220	0.00596	0.00737	0.00878	0.01192
11	0.01036	0.00690	0.00777	0.00777	0.00777	0.00690	0.00431	0.01036	0.01036	0.01381	0.02244	0.04660	0.02589	0.74975	0.03624	0.00690	0.00690	0.01036	0.00431	0.00431
12	0.01147	0.00820	0.01147	0.01311	0.01475	0.00820	0.01147	0.01475	0.01639	0.02131	0.03770	0.08032	0.04098	0.01967	0.00984	0.00328	0.00656	0.65741	0.00656	0.00656
13	0.01562	0.01293	0.01609	0.01153	0.01786	0.00992	0.03917	0.01889	0.01511	0.05345	0.01342	0.01539	0.01087	0.00546	0.00550	0.00117	0.00562	0.00454	0.00439	0.72309
14	0.01762	0.01692	0.02890	0.04371	0.70533	0.01692	0.02185	0.02185	0.01621	0.02326	0.01339	0.01762	0.01128	0.00634	0.00705	0.00211	0.00846	0.00634	0.00352	0.01128
15	0.01528	0.01543	0.02440	0.17544	0.02776	0.02000	0.10475	0.01812	0.01241	0.01812	0.01074	0.01680	0.00957	0.01044	0.01785	0.00286	0.48224	0.00654	0.00319	0.00806
16	0.01453	0.07475	0.67714	0.01987	0.03016	0.01715	0.02556	0.02249	0.01500	0.02224	0.01263	0.01484	0.00903	0.00673	0.00665	0.00222	0.01037	0.00518	0.00301	0.01045
17	0.01017	0.00763	0.01144	0.01144	0.01272	0.00890	0.00890	0.01272	0.01144	0.01653	0.01907	0.02797	0.01780	0.05340	0.72153	0.01144	0.01907	0.00763	0.00381	0.00636
18	0.01568	0.09874	0.55336	0.01930	0.02863	0.01698	0.05802	0.02274	0.01534	0.06130	0.01433	0.03894	0.01084	0.00728	0.00675	0.00221	0.00988	0.00589	0.00349	0.01029
19	0.02382	0.01866	0.01803	0.04218	0.02016	0.11704	0.01196	0.40602	0.02663	0.05874	0.01769	0.01874	0.01303	0.00828	0.00659	0.00201	0.00762	0.00622	0.16630	0.01029
20	0.00867	0.00624	0.00822	0.00981	0.01030	0.00579	0.00656	0.00993	0.01373	0.01822	0.04052	0.71900	0.07238	0.02214	0.00906	0.00287	0.00411	0.02004	0.00661	0.00579
21	0.01345	0.01266	0.02136	0.73264	0.04904	0.01582	0.01978	0.01819	0.01424	0.01819	0.01266	0.01898	0.00949	0.00712	0.00712	0.00237	0.00949	0.00633	0.00316	0.00791
22	0.01524	0.18177	0.57634	0.01866	0.02828	0.01889	0.02345	0.02230	0.01492	0.02138	0.01220	0.01430	0.00904	0.00663	0.00632	0.00211	0.00994	0.00497	0.00301	0.01024
23	0.01428	0.03683	0.71286	0.02030	0.03082	0.01654	0.02631	0.02255	0.01503	0.02255	0.01278	0.01503	0.00902	0.00677	0.00677	0.00226	0.01052	0.00526	0.00301	0.01052
24	0.01797	0.59339	0.18863	0.01400	0.02109	0.02557	0.01535	0.02160	0.01460	0.01805	0.01054	0.01223	0.00911	0.00624	0.00506	0.00169	0.00827	0.00413	0.00304	0.00945
25	0.01678	0.01606	0.02739	0.18211	0.57349	0.01670	0.02144	0.02112	0.01582	0.02224	0.01325	0.01790	0.01092	0.00650	0.00706	0.00217	0.00867	0.00634	0.00345	0.01060
26	0.03101	0.01192	0.01615	0.01245	0.01784	0.01029	0.01026	0.03373	0.02022	0.68280	0.02984	0.02600	0.04484	0.00918	0.00721	0.00221	0.00596	0.00747	0.00873	0.01188
27	0.01194	0.00622	0.00911	0.00925	0.00929	0.00619	0.00612	0.00939	0.00971	0.01295	0.01523	0.08528	0.01609	0.06384	0.02667	0.68221	0.00605	0.00762	0.00346	0.00339
28	0.20049	0.01523	0.01394	0.01244	0.01586	0.13147	0.04715	0.04542	0.09120	0.02480	0.07584	0.10233	0.17329	0.01175	0.00702	0.00229	0.00651	0.00953	0.00559	0.00783
29	0.01664	0.01612	0.02784	0.18553	0.50727	0.01692	0.05878	0.02099	0.01566	0.02197	0.01316	0.01793	0.01081	0.00669	0.00769	0.00222	0.03352	0.00645	0.00344	0.01036
30	0.00866	0.00627	0.00818	0.00971	0.01027	0.00580	0.00652	0.00994	0.01383	0.01826	0.04175	0.69353	0.09705	0.02198	0.00904	0.00285	0.00409	0.01985	0.00661	0.00580
31	0.01681	0.01921	0.04202	0.03001	0.03721	0.01801	0.67947	0.02281	0.01681	0.02281	0.01441	0.01921	0.01080	0.00600	0.00840	0.00240	0.01200	0.00840	0.00360	0.00960
32	0.01420	0.01343	0.02272	0.60782	0.16795	0.01602	0.02015	0.01886	0.01460	0.01911	0.01279	0.01874	0.00982	0.00698	0.00711	0.00233	0.00931	0.00633	0.00323	0.00852
33	0.01477	0.01266	0.01477	0.01055	0.01687	0.00949	0.00844	0.01793	0.01477	0.02320	0.01266	0.01477	0.01055	0.00527	0.00527	0.00105	0.00527	0.00422	0.00422	0.79328
34	0.01155	0.00814	0.00971	0.00959	0.01125	0.00791	0.00694	0.01531	0.08613	0.05343	0.20474	0.15995	0.15009	0.17304	0.01438	0.00345	0.00485	0.05627	0.00659	0.00666
35	0.01275	0.00823	0.01028	0.01050	0.01219	0.00807	0.00757	0.01713	0.10730	0.09321	0.13462	0.43219	0.04209	0.01731	0.00832	0.00259	0.00438	0.01542	0.04849	0.00737
36	0.01010	0.00763	0.00904	0.00935	0.01132	0.00707	0.00739	0.01320	0.03649	0.02250	0.19837	0.09420	0.31060	0.01705	0.00856	0.00256	0.00434	0.17203	0.05174	0.00648
37	0.07085	0.01226	0.01375	0.01169	0.01539	0.01275	0.00927	0.18347	0.08205	0.16909	0.04473	0.09939	0.04308	0.01173	0.02750	0.00244	0.00588	0.00853	0.16667	0.00946
38	0.05396	0.01275	0.01391	0.01185	0.01547	0.01327	0.00926	0.23093	0.08810	0.09525	0.06566	0.09852	0.17875	0.06797	0.00973	0.00266	0.00577	0.01033	0.00683	0.00903
39	0.01071	0.00746	0.00951	0.00985	0.01126	0.00708	0.00717	0.01375	0.04779	0.04801	0.27231	0.31897	0.09283	0.05125	0.00994	0.00279	0.00427	0.06141	0.00704	0.00660
40	0.07569	0.01211	0.01481	0.01212	0.01666	0.01164	0.00976	0.06040	0.11282	0.42422	0.04685	0.06696	0.04285	0.00998	0.00706	0.00225	0.00564	0.00817	0.04927	0.01072
41	0.04274	0.00847	0.00994	0.00983	0.01150	0.00841	0.00697	0.04154	0.06450	0.07257	0.11181	0.29112	0.07547	0.15217	0.01324	0.00332	0.00493	0.01344	0.05119	0.00687
42	0.00877	0.00709	0.00779	0.00790	0.00991	0.00612	0.00582	0.01079	0.01663	0.02087	0.18736	0.15556	0.49461	0.01794	0.00850	0.00244	0.00363	0.01531	0.00685	0.00612
43	0.08967	0.01209	0.01254	0.01074	0.01402	0.01311	0.00851	0.22279	0.07432	0.03251	0.05892	0.02360	0.01824	0.00931	0.00683	0.03219	0.00520	0.00676	0.33996	0.00866
44	0.04570	0.00694	0.00803	0.00878	0.00963	0.00661	0.00579	0.01061	0.01313	0.01778	0.03935	0.38710	0.16272	0.22559	0.01639	0.00390	0.00488	0.01572	0.00586	0.00550
45	0.02325	0.01096	0.01428	0.01166	0.01569	0.01006	0.00933	0.08460	0.02117	0.39460	0.24888	0.06645	0.03478	0.01130	0.00765	0.00224	0.00524	0.00958	0.00824	0.01005
46	0.00870	0.00718	0.00764	0.00761	0.00982	0.00612	0.00568	0.01075	0.01679	0.02076	0.17646	0.09260	0.57004	0.01762	0.00844	0.00240	0.00359	0.01487	0.00682	0.00612
47	0.01041	0.00716	0.00840	0.00837	0.00958	0.00662	0.00564	0.01183	0.01466	0.04565	0.17630	0.15249	0.20347	0.28655	0.01869	0.00409	0.00494	0.01331	0.00610	0.00574
48	0.01202	0.00878	0.01049	0.00971	0.01207	0.00854	0.00739	0.01777	0.12787	0.05860	0.44813	0.05033	0.17245	0.01413	0.00816	0.00230	0.00390	0.01222	0.00757	0.00757
49	0.01949	0.01263	0.01327	0.01103	0.01451	0.01360	0.00883	0.31619	0.02329	0.03481	0.02047	0.02229	0.01548	0.00841	0.00594	0.00187	0.00535	0.00654	0.43690	0.00910
50	0.01822	0.01518	0.01612	0.01443	0.01850	0.01745	0.01124	0.03773	0.66843	0.05413	0.02895	0.02648	0.02159	0.00963	0.00724	0.00241	0.00565	0.00802	0.00730	0.01130
51	0.01310	0.00875	0.01025	0.00927	0.01187	0.00810	0.00708	0.05339	0.04008	0.10056	0.30583	0.05246	0.28898	0.04709	0.00939	0.00250	0.00423	0.01241	0.00728	0.00740
52	0.00882	0.00723	0.00778	0.00764	0.00987	0.00619	0.00573	0.01101	0.01720	0.02153	0.22703	0.06475	0.54612	0.01718	0.00841	0.00236	0.00355	0.01450	0.00691	0.00619
53	0.02600	0.01922	0.02056	0.01586	0.02137	0.02116	0.01307	0.64312	0.03249	0.04341	0.02025	0.02004	0.05167	0.00909	0.00720	0.00215	0.00759	0.00690	0.00709	0.01176
54	0.00900	0.00642	0.00849	0.00982	0.01040	0.00602	0.00668	0.01050	0.01433	0.01928	0.11425	0.61334	0.04826	0.05338	0.01023	0.00301	0.00424	0.03988	0.00665	0.00585
55	0.01958	0.02036	0.02606	0.09650	0.47364	0.16979	0.01959	0.04895	0.01758	0.02241	0.01296	0.01668	0.01070	0.00671	0.00692	0.00208	0.00947	0.00596	0.00367	0.01037
56	0.00842	0.00721	0.00721	0.00721	0.00962	0.00601	0.00541	0.01022	0.01623	0.01924	0.07213	0.06853	0.70244	0.01803	0.00842	0.00240	0.00361	0.01503	0.00661	0.00601
57	0.01000	0.00728	0.00941	0.00888	0.01059	0.00669	0.00666	0.01329	0.01998	0.02813	0.67283	0.05389	0.09619	0.01472	0.00840	0.00225	0.00337	0.01298	0.00778	0.00669
58	0.01129	0.00845	0.00848	0.00837	0.00858	0.04783	0.00486	0.01139	0.01092	0.01401	0.02178	0.04466	0.02493	0.70721	0.03453	0.00661	0.00724	0.01002	0.00428	0.00454
59	0.01477	0.01266	0.01477	0.01055	0.01687	0.00949	0.00844	0.01793	0.01477	0.02320	0.01266	0.01477	0.01055	0.00527	0.00527	0.00105	0.00527	0.00422	0.00422	0.79328
60	0.29442	0.03886	0.04263	0.01216	0.01684	0.04761	0.01027	0.17417	0.01952	0.09487	0.08629	0.03881	0.04745	0.00891	0.00621	0.00214	0.00636	0.00665	0.00580	0.04004
61	0.02110	0.49407	0.07085	0.01432	0.02013	0.16808	0.01344	0.08788	0.01754	0.01999	0.01100	0.01248	0.00943	0.00663	0.00532	0.00169	0.00887	0.00431	0.00357	0.00933

[dist]
# distance from previous block
# <min> <max>
0	1

[block]
# block no. 1 follows, 29 sequences, length 9
# corresponding to MSA columns:
# 63-71
name=unknown_B
#
# <colnr> <probs for GDERKNQSTAVLIFYWHMCP>
#	G	D	E	R	K	N	Q	S	T	A	V	L	I	F	Y	W	H	M	C	P
0	0.01816	0.21148	0.02052	0.01186	0.01668	0.04916	0.01006	0.07748	0.05593	0.09180	0.10495	0.02495	0.07224	0.01025	0.03076	0.00211	0.00668	0.00685	0.00537	0.17269
1	0.37627	0.01182	0.01190	0.01068	0.01435	0.01251	0.00839	0.06415	0.01568	0.17453	0.02201	0.20806	0.02051	0.01135	0.00641	0.00238	0.00542	0.00905	0.00611	0.00844
2	0.01670	0.01676	0.02474	0.34129	0.35111	0.08686	0.02014	0.02092	0.01575	0.02047	0.01283	0.01774	0.01029	0.00678	0.00702	0.00220	0.00935	0.00616	0.00338	0.00951
3	0.01345	0.01266	0.02136	0.73264	0.04904	0.01582	0.01978	0.01819	0.01424	0.01819	0.01266	0.01898	0.00949	0.00712	0.00712	0.00237	0.00949	0.00633	0.00316	0.00791
4	0.01634	0.01225	0.01462	0.01068	0.01661	0.00942	0.00855	0.01947	0.01573	0.09872	0.05907	0.01830	0.01500	0.00626	0.00568	0.00126	0.00524	0.00510	0.00496	0.65675
5	0.01000	0.00675	0.00787	0.00822	0.00831	0.00667	0.00480	0.01026	0.01105	0.01473	0.02600	0.19486	0.03039	0.59535	0.03048	0.00605	0.00631	0.01245	0.00480	0.00463
6	0.01327	0.00664	0.00664	0.00664	0.00830	0.00664	0.00498	0.01659	0.01493	0.02655	0.02323	0.02655	0.01825	0.00830	0.00498	0.00166	0.00332	0.00664	0.78928	0.00664
7	0.20842	0.06204	0.01711	0.08348	0.01981	0.04276	0.01132	0.20521	0.02009	0.03058	0.13223	0.02220	0.02019	0.01148	0.04745	0.00271	0.04195	0.00673	0.00543	0.00884
8	0.01904	0.75404	0.03731	0.01218	0.01828	0.02818	0.01218	0.02132	0.01447	0.01675	0.00990	0.01142	0.00914	0.00609	0.00457	0.00152	0.00761	0.00381	0.00305	0.00914

[dist]
# distance from previous block
# <min> <max>
0	1

[block]
# block no. 2 follows, 29 sequences, length 10
# corresponding to MSA columns:
# 73-82
name=unknown_C
#
# <colnr> <probs for GDERKNQSTAVLIFYWHMCP>
#	G	D	E	R	K	N	Q	S	T	A	V	L	I	F	Y	W	H	M	C	P
0	0.01222	0.01194	0.05691	0.36304	0.03112	0.01203	0.01451	0.01600	0.01464	0.01979	0.10304	0.09192	0.04411	0.01472	0.07782	0.02840	0.00862	0.00861	0.00431	0.06627
1	0.01567	0.01417	0.02256	0.54056	0.15085	0.01671	0.01939	0.09469	0.01676	0.02206	0.01328	0.01855	0.01008	0.00716	0.00711	0.00230	0.00914	0.00634	0.00367	0.00893
2	0.00894	0.00656	0.00842	0.00955	0.01045	0.00604	0.00666	0.01063	0.01498	0.01987	0.13451	0.53385	0.13698	0.02057	0.00893	0.00275	0.00405	0.04352	0.00678	0.00597
3	0.01687	0.01924	0.03755	0.02745	0.03382	0.07013	0.57305	0.02216	0.01680	0.02202	0.01622	0.07926	0.01371	0.00746	0.00831	0.00240	0.01141	0.00910	0.00386	0.00918
4	0.01707	0.01453	0.01794	0.01332	0.01936	0.01293	0.05985	0.11854	0.09523	0.02713	0.01531	0.01679	0.01208	0.00631	0.00601	0.00147	0.00620	0.00529	0.00495	0.52969
5	0.00881	0.00643	0.00829	0.00951	0.01029	0.00592	0.00649	0.01035	0.01466	0.01948	0.11861	0.59255	0.12047	0.02096	0.00894	0.00276	0.00399	0.01883	0.00675	0.00592
6	0.01950	0.01681	0.02363	0.01742	0.02362	0.01620	0.17278	0.23990	0.06119	0.03067	0.01551	0.01730	0.01178	0.00679	0.00676	0.00182	0.00777	0.00618	0.00521	0.29916
7	0.00963	0.00763	0.00881	0.00923	0.01117	0.00703	0.00706	0.01271	0.05262	0.02087	0.12003	0.19032	0.37564	0.01829	0.00871	0.00262	0.00427	0.12021	0.00676	0.00641
8	0.19512	0.08313	0.01776	0.01435	0.01807	0.30931	0.01139	0.07207	0.01735	0.02269	0.01356	0.01807	0.01181	0.01505	0.12031	0.00351	0.01112	0.03301	0.00419	0.00812
9	0.14130	0.01323	0.07032	0.01196	0.01531	0.04122	0.01030	0.02030	0.05555	0.12093	0.11632	0.04099	0.02844	0.12577	0.01191	0.00317	0.00648	0.15262	0.00598	0.00789

[dist]
# distance from previous block
# <min> <max>
2	20

[block]
# block no. 3 follows, 29 sequences, length 101
# corresponding to MSA columns:
# 103-203
name=unknown_D
#
# <colnr> <probs for GDERKNQSTAVLIFYWHMCP>
#	G	D	E	R	K	N	Q	S	T	A	V	L	I	F	Y	W	H	M	C	P
0	0.56589	0.01453	0.01374	0.11886	0.02031	0.01687	0.01040	0.11986	0.01565	0.03183	0.01141	0.01351	0.00864	0.00698	0.00522	0.00222	0.00646	0.00461	0.00463	0.00840
1	0.08500	0.58656	0.13326	0.01312	0.01972	0.02544	0.01386	0.02147	0.01435	0.01889	0.01032	0.01196	0.00900	0.00623	0.00487	0.00169	0.00786	0.00402	0.00316	0.00922
2	0.02440	0.01997	0.07915	0.01584	0.02180	0.01950	0.01382	0.51961	0.02907	0.06366	0.01753	0.04347	0.01318	0.00862	0.00700	0.00208	0.00764	0.00665	0.00656	0.08046
3	0.01904	0.75404	0.03731	0.01218	0.01828	0.02818	0.01218	0.02132	0.01447	0.01675	0.00990	0.01142	0.00914	0.00609	0.00457	0.00152	0.00761	0.00381	0.00305	0.00914
4	0.10356	0.01079	0.01320	0.09280	0.01781	0.01152	0.00986	0.10623	0.01670	0.04862	0.05293	0.34436	0.02916	0.01456	0.00840	0.00249	0.04029	0.01244	0.00585	0.05843
5	0.01015	0.00684	0.00790	0.00807	0.00820	0.00676	0.00469	0.01044	0.01118	0.01498	0.05509	0.12871	0.03024	0.63133	0.03180	0.00622	0.00642	0.01163	0.00474	0.00460
6	0.05043	0.01268	0.01452	0.01069	0.01663	0.01010	0.00852	0.04339	0.01532	0.02420	0.01397	0.04938	0.01221	0.00627	0.00549	0.00124	0.00533	0.00505	0.00445	0.69015
7	0.76425	0.01406	0.01097	0.00969	0.01416	0.01626	0.00798	0.05153	0.01311	0.03255	0.01025	0.01182	0.00792	0.00670	0.00453	0.00220	0.00562	0.00397	0.00453	0.00792
8	0.05818	0.01228	0.01630	0.01262	0.01804	0.01091	0.01040	0.03433	0.04315	0.66332	0.02749	0.02388	0.01742	0.00877	0.00707	0.00221	0.00603	0.00708	0.00861	0.01194
9	0.01036	0.00690	0.00777	0.00777	0.00777	0.00690	0.00431	0.01036	0.01036	0.01381	0.02244	0.04660	0.02589	0.74975	0.03624	0.00690	0.00690	0.01036	0.00431	0.00431
10	0.01246	0.00871	0.01239	0.01185	0.01364	0.00989	0.00930	0.05988	0.01342	0.05430	0.01940	0.02703	0.01740	0.04802	0.63549	0.01033	0.01763	0.00752	0.00430	0.00705
11	0.00868	0.00620	0.00826	0.00991	0.01033	0.00578	0.00661	0.00991	0.01363	0.01818	0.03925	0.74510	0.04710	0.02231	0.00909	0.00289	0.00413	0.02024	0.00661	0.00578
12	0.01771	0.01530	0.01610	0.01449	0.01852	0.01771	0.01127	0.03784	0.69247	0.02979	0.02898	0.02657	0.02174	0.00966	0.00725	0.00242	0.00564	0.00805	0.00725	0.01127
13	0.02067	0.59849	0.03361	0.01351	0.01908	0.17787	0.01252	0.02286	0.01570	0.01690	0.01014	0.01173	0.00915	0.00636	0.00497	0.00159	0.00874	0.00398	0.00318	0.00895
14	0.01734	0.01896	0.04111	0.02940	0.03654	0.01774	0.65578	0.02323	0.01693	0.04716	0.01489	0.01939	0.01105	0.00610	0.00836	0.00239	0.01179	0.00836	0.00379	0.00969
15	0.01438	0.03612	0.68591	0.02069	0.03108	0.01660	0.05254	0.02256	0.01510	0.02256	0.01284	0.01520	0.00909	0.00673	0.00683	0.00226	0.01058	0.00539	0.00303	0.01049
16	0.01506	0.01299	0.01357	0.01242	0.01598	0.01437	0.00960	0.02996	0.49962	0.02678	0.04129	0.03853	0.21586	0.01205	0.00758	0.00241	0.00506	0.01004	0.00706	0.00977
17	0.01466	0.00830	0.01093	0.00969	0.01220	0.00749	0.00747	0.01784	0.02008	0.17275	0.53875	0.04754	0.07695	0.01345	0.00814	0.00224	0.00394	0.01173	0.00801	0.00784
18	0.01904	0.75404	0.03731	0.01218	0.01828	0.02818	0.01218	0.02132	0.01447	0.01675	0.00990	0.01142	0.00914	0.00609	0.00457	0.00152	0.00761	0.00381	0.00305	0.00914
19	0.01018	0.00758	0.01120	0.01120	0.01239	0.00877	0.00860	0.01256	0.01137	0.01635	0.01930	0.02921	0.01834	0.09958	0.67609	0.01114	0.01827	0.00781	0.00385	0.00622
20	0.01018	0.00759	0.01125	0.01125	0.01246	0.00880	0.00866	0.01259	0.01139	0.01639	0.01925	0.02894	0.01822	0.08936	0.68615	0.01121	0.01844	0.00777	0.00384	0.00625
21	0.01227	0.00625	0.00937	0.00937	0.00943	0.00630	0.00630	0.00943	0.00937	0.01255	0.01266	0.02192	0.01261	0.02600	0.05840	0.75839	0.00675	0.00625	0.00312	0.00324
22	0.01147	0.00820	0.01147	0.01311	0.01475	0.00820	0.01147	0.01475	0.01639	0.02131	0.03770	0.08032	0.04098	0.01967	0.00984	0.00328	0.00656	0.65741	0.00656	0.00656
23	0.01001	0.00723	0.00946	0.00900	0.01062	0.00667	0.00671	0.01327	0.01985	0.02806	0.67013	0.08604	0.06623	0.01493	0.00843	0.00227	0.00340	0.01323	0.00778	0.00667
24	0.01002	0.00723	0.00946	0.00900	0.01062	0.00668	0.00671	0.01328	0.01987	0.02810	0.67239	0.08368	0.06630	0.01490	0.00843	0.00227	0.00339	0.01320	0.00778	0.00668
25	0.01036	0.00690	0.00777	0.00777	0.00777	0.00690	0.00431	0.01036	0.01036	0.01381	0.02244	0.04660	0.02589	0.74975	0.03624	0.00690	0.00690	0.01036	0.00431	0.00431
26	0.00921	0.00716	0.00839	0.00844	0.01030	0.00634	0.00630	0.01160	0.01745	0.02278	0.30907	0.14163	0.35543	0.01726	0.00854	0.00243	0.00369	0.04061	0.00708	0.00628
27	0.01477	0.01266	0.01477	0.01055	0.01687	0.00949	0.00844	0.01793	0.01477	0.02320	0.01266	0.01477	0.01055	0.00527	0.00527	0.00105	0.00527	0.00422	0.00422	0.79328
28	0.02707	0.01995	0.02137	0.01638	0.02208	0.02208	0.01353	0.68159	0.03348	0.04488	0.01710	0.01710	0.01211	0.00855	0.00712	0.00214	0.00784	0.00641	0.00712	0.01211
29	0.01768	0.01194	0.01418	0.01307	0.01631	0.01261	0.01053	0.08836	0.23393	0.12758	0.08907	0.06917	0.03048	0.04729	0.00943	0.00280	0.00596	0.18315	0.00717	0.00929
30	0.00911	0.00709	0.00799	0.00835	0.00998	0.00634	0.00605	0.01082	0.01531	0.01921	0.10697	0.17453	0.39669	0.12142	0.01255	0.00317	0.00438	0.06782	0.00638	0.00584
31	0.01001	0.00737	0.00838	0.00821	0.01037	0.00639	0.00612	0.01223	0.01725	0.05448	0.23853	0.12699	0.43399	0.01706	0.00842	0.00240	0.00371	0.01457	0.00705	0.00647
32	0.01036	0.00690	0.00777	0.00777	0.00777	0.00690	0.00431	0.01036	0.01036	0.01381	0.02244	0.04660	0.02589	0.74975	0.03624	0.00690	0.00690	0.01036	0.00431	0.00431
33	0.05641	0.00844	0.01083	0.01041	0.01259	0.00782	0.00761	0.01795	0.01600	0.21607	0.11014	0.37385	0.03755	0.06755	0.01012	0.00287	0.00485	0.01414	0.00710	0.00769
34	0.01576	0.00841	0.01109	0.01002	0.01250	0.00758	0.00760	0.01845	0.01872	0.21131	0.37148	0.15487	0.06695	0.04108	0.00919	0.00251	0.00435	0.01246	0.00775	0.00793
35	0.02640	0.01961	0.02099	0.01625	0.02183	0.02177	0.01337	0.63554	0.08062	0.04380	0.01795	0.01777	0.01280	0.00863	0.00713	0.00216	0.00768	0.00653	0.00713	0.01205
36	0.09061	0.01228	0.01446	0.01180	0.01585	0.01221	0.00946	0.17127	0.02209	0.25638	0.22513	0.03207	0.04940	0.03483	0.00827	0.00236	0.00557	0.00872	0.00755	0.00970
37	0.01241	0.00777	0.01024	0.00939	0.01145	0.00710	0.00712	0.01564	0.01998	0.10214	0.60865	0.07087	0.06121	0.01417	0.00829	0.00226	0.00368	0.01248	0.00791	0.00728
38	0.01017	0.00763	0.01144	0.01144	0.01272	0.00890	0.00890	0.01272	0.01144	0.01653	0.01907	0.02797	0.01780	0.05340	0.72153	0.01144	0.01907	0.00763	0.00381	0.00636
39	0.00868	0.00620	0.00826	0.00991	0.01033	0.00578	0.00661	0.00991	0.01363	0.01818	0.03925	0.74510	0.04710	0.02231	0.00909	0.00289	0.00413	0.02024	0.00661	0.00578
40	0.01039	0.00741	0.00912	0.00866	0.01063	0.00664	0.00650	0.01325	0.01893	0.05054	0.49031	0.07614	0.23409	0.01550	0.00838	0.00230	0.00355	0.01345	0.00751	0.00670
41	0.03195	0.01212	0.01652	0.01267	0.01818	0.01047	0.01047	0.03470	0.02038	0.71026	0.02809	0.02424	0.01763	0.00881	0.00716	0.00220	0.00606	0.00716	0.00881	0.01212
42	0.80005	0.01377	0.01047	0.00936	0.01377	0.01597	0.00771	0.02093	0.01212	0.03195	0.00991	0.01157	0.00771	0.00661	0.00441	0.00220	0.00551	0.00386	0.00441	0.00771
43	0.00898	0.00734	0.00792	0.00812	0.01030	0.00637	0.00626	0.01099	0.01622	0.01974	0.09341	0.06869	0.56014	0.04402	0.00959	0.00268	0.00412	0.10251	0.00658	0.00606
44	0.01727	0.01118	0.01311	0.01196	0.01500	0.01154	0.00932	0.05420	0.21848	0.15262	0.06469	0.06639	0.08695	0.12332	0.01218	0.00317	0.00580	0.10703	0.00694	0.00885
45	0.01008	0.00728	0.00952	0.00896	0.01064	0.00672	0.00672	0.01344	0.02016	0.02855	0.70158	0.05319	0.06719	0.01456	0.00840	0.00224	0.00336	0.01288	0.00784	0.00672
46	0.03173	0.01247	0.01674	0.01284	0.01835	0.01099	0.01060	0.06393	0.02097	0.68020	0.02760	0.02391	0.01738	0.00880	0.00716	0.00220	0.00614	0.00713	0.00874	0.01212
47	0.01087	0.00813	0.01185	0.01165	0.01310	0.00944	0.00909	0.04015	0.01235	0.01769	0.01899	0.02753	0.01757	0.05156	0.69223	0.01106	0.01861	0.00758	0.00395	0.00659
48	0.05253	0.01832	0.01943	0.01540	0.02068	0.03921	0.01256	0.44601	0.14678	0.12460	0.02015	0.01935	0.01427	0.00868	0.00704	0.00219	0.00729	0.00666	0.00717	0.01170
49	0.03114	0.01194	0.01627	0.01253	0.01790	0.01033	0.01033	0.03392	0.02037	0.68506	0.05299	0.02531	0.01946	0.00903	0.00721	0.00220	0.00596	0.00737	0.00878	0.01192
50	0.01477	0.01266	0.01477	0.01055	0.01687	0.00949	0.00844	0.01793	0.01477	0.02320	0.01266	0.01477	0.01055	0.00527	0.00527	0.00105	0.00527	0.00422	0.00422	0.79328
51	0.01926	0.01450	0.01786	0.03517	0.01968	0.03808	0.04155	0.05934	0.26251	0.14048	0.04371	0.03141	0.02149	0.01112	0.01006	0.00257	0.11610	0.09881	0.00642	0.00988
52	0.01345	0.01266	0.02136	0.73264	0.04904	0.01582	0.01978	0.01819	0.01424	0.01819	0.01266	0.01898	0.00949	0.00712	0.00712	0.00237	0.00949	0.00633	0.00316	0.00791
53	0.01652	0.01714	0.02167	0.01866	0.01898	0.08129	0.01542	0.01810	0.01169	0.01716	0.00949	0.01535	0.00933	0.01203	0.02193	0.00301	0.67515	0.00609	0.00316	0.00783
54	0.67901	0.01461	0.04740	0.05714	0.01679	0.01563	0.00940	0.02041	0.01230	0.02984	0.01033	0.01260	0.00807	0.00732	0.00557	0.03145	0.00605	0.00418	0.00420	0.00770
55	0.01284	0.00668	0.00681	0.00681	0.00822	0.00668	0.00488	0.01566	0.01425	0.02464	0.02311	0.02955	0.01940	0.11946	0.00967	0.00245	0.00386	0.00719	0.67159	0.00629
56	0.00868	0.00620	0.00826	0.00991	0.01033	0.00578	0.00661	0.00991	0.01363	0.01818	0.03925	0.74510	0.04710	0.02231	0.00909	0.00289	0.00413	0.02024	0.00661	0.00578
57	0.01804	0.01796	0.02713	0.06788	0.58990	0.08078	0.02063	0.02203	0.01650	0.02245	0.01409	0.01967	0.01217	0.00698	0.00710	0.00214	0.00883	0.03140	0.00364	0.01069
58	0.01008	0.00728	0.00952	0.00896	0.01064	0.00672	0.00672	0.01344	0.02016	0.02855	0.70158	0.05319	0.06719	0.01456	0.00840	0.00224	0.00336	0.01288	0.00784	0.00672
59	0.01008	0.00728	0.00952	0.00896	0.01064	0.00672	0.00672	0.01344	0.02016	0.02855	0.70158	0.05319	0.06719	0.01456	0.00840	0.00224	0.00336	0.01288	0.00784	0.00672
60	0.01468	0.09616	0.65698	0.01962	0.02978	0.01750	0.02514	0.02245	0.01499	0.02207	0.01254	0.01473	0.00903	0.00671	0.00658	0.00219	0.01028	0.00514	0.00301	0.01041
61	0.02660	0.03394	0.02018	0.01834	0.02201	0.72116	0.01376	0.02843	0.02018	0.01743	0.01101	0.01284	0.00917	0.00734	0.00642	0.00183	0.01284	0.00459	0.00367	0.00825
62	0.02662	0.03327	0.02024	0.01825	0.02202	0.68798	0.01375	0.05944	0.02081	0.01873	0.01130	0.01304	0.00931	0.00740	0.00645	0.00185	0.01260	0.00467	0.00383	0.00844
63	0.01018	0.00758	0.01120	0.01120	0.01238	0.00877	0.00859	0.01256	0.01137	0.01635	0.01930	0.02923	0.01835	0.10051	0.67517	0.01114	0.01825	0.00781	0.00385	0.00622
64	0.01327	0.00664	0.00664	0.00664	0.00830	0.00664	0.00498	0.01659	0.01493	0.02655	0.02323	0.02655	0.01825	0.00830	0.00498	0.00166	0.00332	0.00664	0.78928	0.00664
65	0.03130	0.01226	0.01651	0.01275	0.01819	0.01079	0.01050	0.03484	0.05074	0.67952	0.02813	0.02434	0.01781	0.00885	0.00716	0.00221	0.00604	0.00720	0.00874	0.01208
66	0.02707	0.01995	0.02137	0.01638	0.02208	0.02208	0.01353	0.68159	0.03348	0.04488	0.01710	0.01710	0.01211	0.00855	0.00712	0.00214	0.00784	0.00641	0.00712	0.01211
67	0.01458	0.01381	0.02340	0.54589	0.22694	0.01612	0.02034	0.01919	0.01477	0.01957	0.01286	0.01862	0.00998	0.00691	0.00710	0.00230	0.00921	0.00633	0.00326	0.00882
68	0.01345	0.01266	0.02136	0.73264	0.04904	0.01582	0.01978	0.01819	0.01424	0.01819	0.01266	0.01898	0.00949	0.00712	0.00712	0.00237	0.00949	0.00633	0.00316	0.00791
69	0.80005	0.01377	0.01047	0.00936	0.01377	0.01597	0.00771	0.02093	0.01212	0.03195	0.00991	0.01157	0.00771	0.00661	0.00441	0.00220	0.00551	0.00386	0.00441	0.00771
70	0.76014	0.01409	0.01103	0.00973	0.01420	0.01629	0.00801	0.05504	0.01322	0.03262	0.01029	0.01185	0.00794	0.00671	0.00455	0.00220	0.00563	0.00399	0.00455	0.00794
71	0.01080	0.00745	0.00968	0.00902	0.01087	0.00683	0.00680	0.01408	0.02000	0.05294	0.65129	0.05277	0.09144	0.01449	0.00835	0.00225	0.00347	0.01276	0.00782	0.00689
72	0.01345	0.01266	0.02136	0.73264	0.04904	0.01582	0.01978	0.01819	0.01424	0.01819	0.01266	0.01898	0.00949	0.00712	0.00712	0.00237	0.00949	0.00633	0.00316	0.00791
73	0.01327	0.00664	0.00664	0.00664	0.00830	0.00664	0.00498	0.01659	0.01493	0.02655	0.02323	0.02655	0.01825	0.00830	0.00498	0.00166	0.00332	0.00664	0.78928	0.00664
74	0.00868	0.00620	0.00826	0.00991	0.01033	0.00578	0.00661	0.00991	0.01363	0.01818	0.03925	0.74510	0.04710	0.02231	0.00909	0.00289	0.00413	0.02024	0.00661	0.00578
75	0.02684	0.01938	0.02091	0.01613	0.02174	0.02136	0.01329	0.62252	0.06419	0.07348	0.01814	0.01786	0.01281	0.00861	0.00713	0.00215	0.00765	0.00652	0.00720	0.01207
76	0.00843	0.00717	0.00726	0.00732	0.00965	0.00600	0.00546	0.01021	0.01612	0.01919	0.07079	0.09628	0.67556	0.01821	0.00844	0.00242	0.00363	0.01524	0.00661	0.00600
77	0.00868	0.00620	0.00826	0.00991	0.01033	0.00578	0.00661	0.00991	0.01363	0.01818	0.03925	0.74510	0.04710	0.02231	0.00909	0.00289	0.00413	0.02024	0.00661	0.00578
78	0.02660	0.03394	0.02018	0.01834	0.02201	0.72116	0.01376	0.02843	0.02018	0.01743	0.01101	0.01284	0.00917	0.00734	0.00642	0.00183	0.01284	0.00459	0.00367	0.00825
79	0.01368	0.00826	0.01049	0.00993	0.01222	0.00759	0.00754	0.01697	0.04575	0.14158	0.30694	0.18590	0.14560	0.01563	0.00834	0.00244	0.00424	0.04186	0.00750	0.00754
80	0.01337	0.00808	0.01015	0.00917	0.01167	0.00718	0.00704	0.01626	0.01927	0.14124	0.43917	0.05194	0.20911	0.01441	0.00819	0.00227	0.00387	0.01242	0.00771	0.00746
81	0.01036	0.00690	0.00777	0.00777	0.00777	0.00690	0.00431	0.01036	0.01036	0.01381	0.02244	0.04660	0.02589	0.74975	0.03624	0.00690	0.00690	0.01036	0.00431	0.00431
82	0.03195	0.01212	0.01652	0.01267	0.01818	0.01047	0.01047	0.03470	0.02038	0.71026	0.02809	0.02424	0.01763	0.00881	0.00716	0.00220	0.00606	0.00716	0.00881	0.01212
83	0.00867	0.00722	0.00757	0.00748	0.00977	0.00612	0.00561	0.01071	0.01683	0.02066	0.16823	0.06619	0.60546	0.01750	0.00841	0.00238	0.00357	0.01470	0.00680	0.00612
84	0.00930	0.00765	0.00824	0.00802	0.01033	0.00679	0.00603	0.01243	0.05211	0.02206	0.22414	0.06260	0.51164	0.01675	0.00835	0.00236	0.00365	0.01414	0.00695	0.00646
85	0.01033	0.00701	0.00832	0.00832	0.00851	0.00720	0.00500	0.01071	0.01052	0.01422	0.02193	0.04381	0.02468	0.64535	0.13899	0.00758	0.00873	0.00995	0.00424	0.00462
86	0.80005	0.01377	0.01047	0.00936	0.01377	0.01597	0.00771	0.02093	0.01212	0.03195	0.00991	0.01157	0.00771	0.00661	0.00441	0.00220	0.00551	0.00386	0.00441	0.00771
87	0.00866	0.00624	0.00821	0.00979	0.01030	0.00579	0.00655	0.00993	0.01375	0.01823	0.04077	0.71377	0.07745	0.02211	0.00906	0.00287	0.00411	0.02000	0.00661	0.00579
88	0.00868	0.00620	0.00826	0.00991	0.01033	0.00578	0.00661	0.00991	0.01363	0.01818	0.03925	0.74510	0.04710	0.02231	0.00909	0.00289	0.00413	0.02024	0.00661	0.00578
89	0.03195	0.01212	0.01652	0.01267	0.01818	0.01047	0.01047	0.03470	0.02038	0.71026	0.02809	0.02424	0.01763	0.00881	0.00716	0.00220	0.00606	0.00716	0.00881	0.01212
90	0.00868	0.00639	0.00814	0.00947	0.01023	0.00585	0.00643	0.01007	0.01424	0.01866	0.06484	0.61923	0.14888	0.02141	0.00896	0.00280	0.00403	0.01921	0.00665	0.00585
91	0.01036	0.00690	0.00777	0.00777	0.00777	0.00690	0.00431	0.01036	0.01036	0.01381	0.02244	0.04660	0.02589	0.74975	0.03624	0.00690	0.00690	0.01036	0.00431	0.00431
92	0.00868	0.00620	0.00826	0.00991	0.01033	0.00578	0.00661	0.00991	0.01363	0.01818	0.03925	0.74510	0.04710	0.02231	0.00909	0.00289	0.00413	0.02024	0.00661	0.00578
93	0.80005	0.01377	0.01047	0.00936	0.01377	0.01597	0.00771	0.02093	0.01212	0.03195	0.00991	0.01157	0.00771	0.00661	0.00441	0.00220	0.00551	0.00386	0.00441	0.00771
94	0.02688	0.01948	0.02099	0.01618	0.02180	0.02149	0.01334	0.63316	0.05853	0.06847	0.01796	0.01772	0.01268	0.00860	0.00713	0.00215	0.00769	0.00650	0.00719	0.01208
95	0.02312	0.01798	0.01915	0.01558	0.02058	0.02024	0.01258	0.40978	0.31172	0.03851	0.02211	0.02109	0.01617	0.00902	0.00717	0.00225	0.00691	0.00710	0.00717	0.01176
96	0.00868	0.00620	0.00826	0.00991	0.01033	0.00578	0.00661	0.00991	0.01363	0.01818	0.03925	0.74510	0.04710	0.02231	0.00909	0.00289	0.00413	0.02024	0.00661	0.00578
97	0.00868	0.00620	0.00826	0.00991	0.01033	0.00578	0.00661	0.00991	0.01363	0.01818	0.03925	0.74510	0.04710	0.02231	0.00909	0.00289	0.00413	0.02024	0.00661	0.00578
98	0.01771	0.01530	0.01610	0.01449	0.01852	0.01771	0.01127	0.03784	0.69247	0.02979	0.02898	0.02657	0.02174	0.00966	0.00725	0.00242	0.00564	0.00805	0.00725	0.01127
99	0.00927	0.00682	0.00955	0.01061	0.01130	0.00644	0.02882	0.01070	0.01365	0.01818	0.03694	0.61854	0.04374	0.08177	0.01136	0.00323	0.00478	0.06214	0.00632	0.00584
100	0.68172	0.01323	0.01077	0.00986	0.01396	0.01520	0.00811	0.02103	0.04420	0.03098	0.03550	0.01852	0.01268	0.00794	0.00506	0.00229	0.00552	0.05087	0.00480	0.00776

[dist]
# distance from previous block
# <min> <max>
0	2

[block]
# block no. 4 follows, 29 sequences, length 46
# corresponding to MSA columns:
# 206-251
name=unknown_E
#
# <colnr> <probs for GDERKNQSTAVLIFYWHMCP>
#	G	D	E	R	K	N	Q	S	T	A	V	L	I	F	Y	W	H	M	C	P
0	0.05815	0.02033	0.02088	0.01619	0.02174	0.05355	0.01331	0.62538	0.03202	0.04311	0.01653	0.01668	0.01180	0.00842	0.00698	0.00213	0.00797	0.00623	0.00686	0.01176
1	0.02470	0.02062	0.02064	0.08733	0.02426	0.12213	0.01393	0.47531	0.04825	0.03667	0.01620	0.01738	0.01194	0.01007	0.03574	0.00250	0.00911	0.00624	0.00610	0.01088
2	0.01327	0.00664	0.00664	0.00664	0.00830	0.00664	0.00498	0.01659	0.01493	0.02655	0.02323	0.02655	0.01825	0.00830	0.00498	0.00166	0.00332	0.00664	0.78928	0.00664
3	0.02707	0.01995	0.02137	0.01638	0.02208	0.02208	0.01353	0.68159	0.03348	0.04488	0.01710	0.01710	0.01211	0.00855	0.00712	0.00214	0.00784	0.00641	0.00712	0.01211
4	0.01379	0.00882	0.01175	0.01221	0.05282	0.00833	0.00863	0.01750	0.05573	0.12312	0.29739	0.19164	0.09265	0.01520	0.00833	0.00246	0.00458	0.06004	0.00726	0.00776
5	0.01488	0.01276	0.01482	0.01070	0.01694	0.00981	0.00855	0.01870	0.04106	0.02346	0.01329	0.01522	0.01098	0.00544	0.00535	0.00111	0.00529	0.00437	0.00434	0.76294
6	0.00868	0.00620	0.00826	0.00991	0.01033	0.00578	0.00661	0.00991	0.01363	0.01818	0.03925	0.74510	0.04710	0.02231	0.00909	0.00289	0.00413	0.02024	0.00661	0.00578
7	0.01036	0.00690	0.00777	0.00777	0.00777	0.00690	0.00431	0.01036	0.01036	0.01381	0.02244	0.04660	0.02589	0.74975	0.03624	0.00690	0.00690	0.01036	0.00431	0.00431
8	0.01237	0.00618	0.00928	0.00928	0.00928	0.00618	0.00618	0.00928	0.00928	0.01237	0.01237	0.02165	0.01237	0.02474	0.02783	0.79283	0.00618	0.00618	0.00309	0.00309
9	0.01296	0.00661	0.00675	0.00686	0.00843	0.00658	0.00509	0.01614	0.01484	0.02598	0.02432	0.07528	0.02021	0.00925	0.00526	0.00174	0.00337	0.00756	0.73620	0.00658
10	0.01017	0.00763	0.01144	0.01144	0.01272	0.00890	0.00890	0.01272	0.01144	0.01653	0.01907	0.02797	0.01780	0.05340	0.72153	0.01144	0.01907	0.00763	0.00381	0.00636
11	0.01428	0.03683	0.71286	0.02030	0.03082	0.01654	0.02631	0.02255	0.01503	0.02255	0.01278	0.01503	0.00902	0.00677	0.00677	0.00226	0.01052	0.00526	0.00301	0.01052
12	0.04527	0.00805	0.00834	0.00810	0.01048	0.00740	0.00606	0.01307	0.06191	0.02172	0.16160	0.05975	0.49609	0.04961	0.00941	0.00257	0.00394	0.01351	0.00664	0.00648
13	0.15122	0.01532	0.01720	0.01356	0.01885	0.01589	0.01115	0.25608	0.07403	0.32173	0.02148	0.01993	0.01446	0.00844	0.00672	0.00220	0.00655	0.00644	0.00741	0.01135
14	0.02506	0.01751	0.01903	0.01498	0.02015	0.01907	0.01225	0.48418	0.10906	0.10673	0.02208	0.02142	0.04182	0.00908	0.00710	0.00217	0.00702	0.00704	0.04274	0.01152
15	0.01237	0.00618	0.00928	0.00928	0.00928	0.00618	0.00618	0.00928	0.00928	0.01237	0.01237	0.02165	0.01237	0.02474	0.02783	0.79283	0.00618	0.00618	0.00309	0.00309
16	0.74833	0.01366	0.01087	0.00959	0.01407	0.01560	0.00790	0.02186	0.01267	0.07762	0.01114	0.01242	0.00838	0.00676	0.00459	0.00220	0.00555	0.00408	0.00470	0.00801
17	0.00880	0.00629	0.00841	0.01006	0.01053	0.00589	0.00683	0.01013	0.01376	0.01832	0.03918	0.71497	0.04682	0.02219	0.00912	0.00291	0.00424	0.04913	0.00661	0.00582
18	0.01096	0.00747	0.00980	0.00911	0.01094	0.00687	0.00687	0.01429	0.02017	0.05595	0.67451	0.05203	0.06520	0.01433	0.00835	0.00224	0.00347	0.01265	0.00788	0.00694
19	0.00869	0.00714	0.00766	0.00771	0.00983	0.00610	0.00571	0.01069	0.01661	0.02058	0.16604	0.12310	0.54975	0.01786	0.00847	0.00242	0.00361	0.01514	0.00680	0.00610
20	0.00868	0.00620	0.00826	0.00991	0.01033	0.00578	0.00661	0.00991	0.01363	0.01818	0.03925	0.74510	0.04710	0.02231	0.00909	0.00289	0.00413	0.02024	0.00661	0.00578
21	0.01055	0.00814	0.01200	0.01179	0.01293	0.00970	0.00918	0.01292	0.01136	0.01647	0.01854	0.02786	0.01754	0.07772	0.64753	0.01070	0.06727	0.00764	0.00379	0.00638
22	0.55008	0.01323	0.01244	0.01044	0.01520	0.01418	0.00861	0.02541	0.01481	0.25270	0.01583	0.01569	0.01094	0.00733	0.00530	0.00220	0.00569	0.00493	0.00584	0.00915
23	0.71749	0.01381	0.01108	0.00984	0.01426	0.01588	0.00806	0.02261	0.05825	0.05819	0.01191	0.01307	0.00904	0.00690	0.00470	0.00222	0.00554	0.00427	0.00477	0.00812
24	0.01910	0.01499	0.01614	0.01431	0.01848	0.01701	0.01119	0.03753	0.62701	0.09606	0.02890	0.02634	0.02134	0.00958	0.00724	0.00239	0.00568	0.00796	0.00740	0.01135
25	0.03162	0.01265	0.01685	0.01292	0.01844	0.01125	0.01067	0.07826	0.02126	0.66547	0.02735	0.02376	0.01726	0.00880	0.00716	0.00220	0.00618	0.00711	0.00870	0.01212
26	0.01021	0.00698	0.00803	0.00801	0.00831	0.00697	0.00477	0.01060	0.01112	0.01481	0.04669	0.04701	0.07166	0.63125	0.07966	0.00676	0.00739	0.01056	0.00454	0.00464
27	0.01223	0.00826	0.00929	0.00887	0.00966	0.00850	0.00565	0.08274	0.01340	0.01840	0.02295	0.08849	0.02506	0.54820	0.05050	0.00590	0.00695	0.01026	0.05922	0.00547
28	0.00868	0.00620	0.00826	0.00991	0.01033	0.00578	0.00661	0.00991	0.01363	0.01818	0.03925	0.74510	0.04710	0.02231	0.00909	0.00289	0.00413	0.02024	0.00661	0.00578
29	0.01345	0.01266	0.02136	0.73264	0.04904	0.01582	0.01978	0.01819	0.01424	0.01819	0.01266	0.01898	0.00949	0.00712	0.00712	0.00237	0.00949	0.00633	0.00316	0.00791
30	0.01373	0.01295	0.02187	0.68592	0.09355	0.01589	0.01992	0.01844	0.01437	0.01854	0.01271	0.01889	0.00961	0.00707	0.00711	0.00236	0.00942	0.00633	0.00319	0.00814
31	0.01615	0.01542	0.02624	0.28668	0.47387	0.01653	0.02112	0.02056	0.01552	0.02148	0.01313	0.01810	0.01065	0.00662	0.00707	0.00221	0.00882	0.00634	0.00340	0.01009
32	0.03152	0.01280	0.01695	0.01299	0.01852	0.01148	0.01073	0.09118	0.02152	0.65217	0.02713	0.02361	0.01714	0.00879	0.00716	0.00220	0.00621	0.00710	0.00867	0.01212
33	0.03046	0.01216	0.01632	0.01261	0.01790	0.01073	0.01037	0.06052	0.02092	0.64231	0.06726	0.02564	0.02031	0.00914	0.00723	0.00220	0.00597	0.00747	0.00869	0.01180
34	0.01497	0.00901	0.01132	0.01055	0.01302	0.00862	0.00795	0.01977	0.10556	0.16101	0.28015	0.21591	0.08351	0.01490	0.00817	0.00243	0.00440	0.01306	0.00758	0.00811
35	0.01029	0.00798	0.00868	0.00844	0.01084	0.00720	0.00634	0.01379	0.07116	0.04670	0.15646	0.10718	0.48567	0.01681	0.00832	0.00241	0.00386	0.01422	0.00692	0.00675
36	0.00871	0.00641	0.00805	0.00933	0.01008	0.00588	0.00629	0.00999	0.01394	0.01816	0.04435	0.59088	0.16364	0.05578	0.01025	0.00299	0.00417	0.01884	0.00650	0.00576
37	0.08589	0.69067	0.03502	0.01194	0.01789	0.02713	0.01180	0.02129	0.01427	0.01805	0.00990	0.01143	0.00902	0.00614	0.00456	0.00158	0.00743	0.00381	0.00316	0.00902
38	0.04503	0.11735	0.58407	0.01930	0.02897	0.01790	0.04792	0.02236	0.01492	0.02226	0.01240	0.01464	0.00905	0.00665	0.00648	0.00217	0.01005	0.00516	0.00309	0.01022
39	0.47095	0.01466	0.01358	0.01144	0.01599	0.01640	0.00934	0.16902	0.06043	0.08044	0.06353	0.01757	0.01450	0.00795	0.00566	0.00220	0.00592	0.00556	0.00573	0.00914
40	0.01804	0.36665	0.29519	0.01627	0.02359	0.10910	0.01792	0.02255	0.01529	0.01908	0.01113	0.01311	0.00910	0.00669	0.00620	0.00189	0.03102	0.00454	0.00311	0.00952
41	0.01102	0.00750	0.00858	0.00846	0.00880	0.00762	0.00508	0.04201	0.01171	0.01567	0.02319	0.09154	0.02636	0.63919	0.05930	0.00658	0.00723	0.01073	0.00458	0.00486
42	0.33138	0.05114	0.01695	0.01284	0.01795	0.03974	0.01066	0.25793	0.02149	0.15336	0.01566	0.01577	0.01111	0.00768	0.00592	0.00214	0.00676	0.00536	0.00605	0.01012
43	0.55037	0.01738	0.01360	0.01174	0.01627	0.11602	0.00949	0.11300	0.01655	0.06244	0.01188	0.01308	0.00897	0.00708	0.00519	0.00214	0.00689	0.00446	0.00487	0.00859
44	0.01359	0.01293	0.02222	0.70323	0.04855	0.01591	0.04738	0.01839	0.01435	0.01839	0.01273	0.01899	0.00955	0.00707	0.00717	0.00237	0.00960	0.00641	0.00318	0.00798
45	0.02602	0.03170	0.01998	0.01795	0.02178	0.62525	0.01357	0.07338	0.06744	0.02014	0.01266	0.01408	0.01024	0.00758	0.00653	0.00190	0.01200	0.00495	0.00415	0.00872

[dist]
# distance from previous block
# <min> <max>
5	9

[block]
# block no. 5 follows, 29 sequences, length 30
# corresponding to MSA columns:
# 261-290
name=unknown_F
#
# <colnr> <probs for GDERKNQSTAVLIFYWHMCP>
#	G	D	E	R	K	N	Q	S	T	A	V	L	I	F	Y	W	H	M	C	P
0	0.02624	0.03128	0.02041	0.01808	0.02190	0.59687	0.01380	0.11896	0.02167	0.02124	0.01179	0.01354	0.00959	0.00770	0.00717	0.00193	0.04002	0.00490	0.00413	0.00877
1	0.01509	0.01295	0.01491	0.01099	0.01706	0.01041	0.00875	0.02015	0.09019	0.02394	0.01447	0.01608	0.01179	0.00576	0.00549	0.00121	0.00531	0.00465	0.00456	0.70625
2	0.01013	0.00726	0.00959	0.01073	0.01173	0.00710	0.00792	0.01288	0.05248	0.02037	0.11061	0.44654	0.04483	0.02029	0.01002	0.04278	0.00476	0.15717	0.00659	0.00623
3	0.01427	0.03477	0.64972	0.02042	0.03043	0.01626	0.06190	0.02223	0.01532	0.02279	0.03818	0.01667	0.01126	0.00701	0.00692	0.00226	0.01034	0.00572	0.00322	0.01033
4	0.01000	0.00714	0.00899	0.00869	0.00998	0.00668	0.00616	0.01248	0.01761	0.02456	0.50023	0.08738	0.08333	0.16915	0.01427	0.00326	0.00415	0.01281	0.00699	0.00614
5	0.01810	0.01611	0.01628	0.01466	0.01867	0.04848	0.01138	0.03743	0.66307	0.02925	0.02820	0.02597	0.02119	0.00956	0.00721	0.00239	0.00595	0.00790	0.00709	0.01114
6	0.01477	0.01266	0.01477	0.01055	0.01687	0.00949	0.00844	0.01793	0.01477	0.02320	0.01266	0.01477	0.01055	0.00527	0.00527	0.00105	0.00527	0.00422	0.00422	0.79328
7	0.05708	0.50538	0.23495	0.01443	0.02174	0.02413	0.01612	0.02166	0.01452	0.01923	0.01075	0.01249	0.00903	0.00632	0.00521	0.00177	0.00837	0.00424	0.00310	0.00947
