[name]
unknown

[dist]
# distance from previous block
# <min> <max>
0	29

[block]
# block no. 0 follows, 30 sequences, length 135
# corresponding to MSA columns:
# 29-163
name=unknown_A
#
# <colnr> <probs for GDERKNQSTAVLIFYWHMCP>
#	G	D	E	R	K	N	Q	S	T	A	V	L	I	F	Y	W	H	M	C	P
0	0.06981	0.04564	0.13334	0.04949	0.10480	0.04393	0.10795	0.20645	0.04616	0.02860	0.01498	0.01826	0.01166	0.00736	0.00677	0.00210	0.00853	0.02613	0.00467	0.06338
1	0.01802	0.05125	0.30573	0.01821	0.04550	0.08609	0.04344	0.13673	0.05485	0.04738	0.06241	0.03871	0.01537	0.00829	0.00749	0.00218	0.03733	0.00654	0.00456	0.00991
2	0.01788	0.01724	0.08333	0.04605	0.05207	0.03746	0.18322	0.08791	0.06873	0.09318	0.04357	0.02252	0.05905	0.00775	0.00706	0.00203	0.00799	0.00719	0.00501	0.15076
3	0.01675	0.01868	0.07968	0.08983	0.04242	0.18783	0.03752	0.02236	0.12887	0.04325	0.02218	0.14190	0.03931	0.08641	0.01011	0.00272	0.00824	0.00895	0.00485	0.00816
4	0.04008	0.15158	0.30266	0.02065	0.07573	0.01839	0.13374	0.06858	0.01611	0.02274	0.01399	0.03985	0.01157	0.00747	0.00711	0.00216	0.02928	0.02499	0.00363	0.00968
5	0.01197	0.00616	0.00924	0.00924	0.00932	0.00624	0.00624	0.00932	0.00924	0.01240	0.01257	0.02164	0.01249	0.02618	0.07552	0.74280	0.00693	0.00616	0.00308	0.00325
6	0.27027	0.01422	0.01505	0.01180	0.01706	0.01433	0.00969	0.17361	0.01922	0.21177	0.01650	0.01643	0.01162	0.00721	0.00579	0.00192	0.00601	0.00526	0.00601	0.16624
7	0.04534	0.01548	0.02095	0.07040	0.17416	0.01587	0.05415	0.20662	0.07139	0.05204	0.01727	0.06758	0.01427	0.00808	0.00680	0.00202	0.00722	0.00702	0.00521	0.13811
8	0.12877	0.01536	0.02533	0.11045	0.28249	0.01585	0.16652	0.02139	0.06443	0.02352	0.01804	0.02116	0.06144	0.00733	0.00695	0.00222	0.00823	0.00706	0.00404	0.00943
9	0.02711	0.01151	0.01526	0.01199	0.01672	0.01033	0.00979	0.07284	0.02077	0.54740	0.15024	0.02845	0.02574	0.00964	0.00724	0.00216	0.00557	0.00799	0.00836	0.01092
10	0.01212	0.00606	0.00909	0.00909	0.00909	0.00606	0.00606	0.00909	0.00909	0.01212	0.01212	0.02121	0.01212	0.02424	0.02727	0.79697	0.00606	0.00606	0.00303	0.00303
11	0.02193	0.06169	0.08369	0.03817	0.04663	0.04193	0.01324	0.03069	0.24098	0.26023	0.02241	0.02148	0.01594	0.00862	0.00794	0.00224	0.05849	0.00672	0.00631	0.01068
12	0.01342	0.01199	0.01613	0.01458	0.01559	0.03336	0.03669	0.01579	0.03868	0.03963	0.02313	0.22381	0.05820	0.04221	0.06416	0.00352	0.32664	0.01072	0.00463	0.00713
13	0.00883	0.00624	0.00812	0.00942	0.00978	0.00596	0.00618	0.00988	0.01275	0.01705	0.03504	0.60814	0.04171	0.14488	0.03799	0.00378	0.00500	0.01780	0.00601	0.00545
14	0.02181	0.02027	0.12905	0.01653	0.02244	0.01849	0.06059	0.37733	0.12265	0.05829	0.01836	0.01878	0.01325	0.00808	0.00689	0.00214	0.00770	0.00651	0.05986	0.01097
15	0.02114	0.01446	0.04212	0.01883	0.13531	0.01387	0.03836	0.15788	0.08405	0.21562	0.02411	0.16069	0.02053	0.01063	0.00740	0.00229	0.00665	0.00927	0.00648	0.01032
16	0.01058	0.00739	0.00958	0.00921	0.01087	0.00693	0.00683	0.01412	0.04190	0.04736	0.56820	0.15027	0.06005	0.01502	0.00825	0.00229	0.00356	0.01332	0.00752	0.00676
17	0.01325	0.01250	0.02095	0.71307	0.04703	0.01571	0.01924	0.01779	0.01384	0.01779	0.01229	0.01849	0.00930	0.00716	0.00753	0.00235	0.03466	0.00620	0.00310	0.00775
18	0.02044	0.07389	0.06193	0.10893	0.04575	0.03949	0.15762	0.17158	0.07330	0.12110	0.01782	0.04642	0.01356	0.00793	0.00710	0.00219	0.00850	0.00712	0.00526	0.01009
19	0.01698	0.01852	0.06070	0.10181	0.16137	0.05396	0.38350	0.02201	0.01624	0.04745	0.01484	0.04279	0.01184	0.00680	0.00767	0.00227	0.01037	0.00767	0.00374	0.00948
20	0.02671	0.01926	0.02077	0.01592	0.02150	0.02122	0.01315	0.66353	0.03233	0.06909	0.01716	0.01702	0.01207	0.00839	0.00698	0.00210	0.00761	0.00631	0.00704	0.01187
21	0.01447	0.01240	0.01447	0.01034	0.01654	0.00930	0.00827	0.01757	0.01447	0.02274	0.01240	0.01447	0.01034	0.00517	0.00517	0.00103	0.00517	0.00413	0.00413	0.79742
22	0.00850	0.00607	0.00810	0.00972	0.01012	0.00567	0.00648	0.00972	0.01336	0.01781	0.03846	0.75020	0.04615	0.02186	0.00891	0.00283	0.00405	0.01984	0.00648	0.00567
23	0.00860	0.00708	0.00755	0.00744	0.00964	0.00604	0.00558	0.01069	0.01673	0.02081	0.20696	0.06394	0.57091	0.01694	0.00824	0.00232	0.00348	0.01428	0.00674	0.00604
24	0.01647	0.01882	0.04118	0.02941	0.03647	0.01765	0.68588	0.02235	0.01647	0.02235	0.01412	0.01882	0.01059	0.00588	0.00824	0.00235	0.01176	0.00824	0.00353	0.00941
25	0.01301	0.00650	0.00650	0.00650	0.00813	0.00650	0.00488	0.01626	0.01463	0.02602	0.02276	0.02602	0.01789	0.00813	0.00488	0.00163	0.00325	0.00650	0.79350	0.00650
26	0.00825	0.00707	0.00707	0.00707	0.00943	0.00589	0.00530	0.01001	0.01591	0.01885	0.07069	0.06716	0.70839	0.01767	0.00825	0.00236	0.00353	0.01473	0.00648	0.00589
27	0.01736	0.01499	0.01578	0.01420	0.01815	0.01736	0.01105	0.03708	0.69862	0.02919	0.02840	0.02604	0.02130	0.00947	0.00710	0.00237	0.00552	0.00789	0.00710	0.01105
28	0.02607	0.03326	0.01978	0.01798	0.02157	0.72674	0.01348	0.02787	0.01978	0.01708	0.01079	0.01258	0.00899	0.00719	0.00629	0.00180	0.01258	0.00449	0.00360	0.00809
29	0.01001	0.00673	0.00776	0.00789	0.00796	0.00673	0.00455	0.01018	0.01045	0.01397	0.02327	0.10395	0.02688	0.67324	0.05332	0.00657	0.00688	0.01088	0.00440	0.00441
30	0.00988	0.00713	0.00933	0.00878	0.01043	0.00658	0.00658	0.01317	0.01975	0.02798	0.70754	0.05213	0.06584	0.01427	0.00823	0.00219	0.00329	0.01262	0.00768	0.00658
31	0.02653	0.01955	0.02094	0.01606	0.02164	0.02164	0.01326	0.68796	0.03281	0.04398	0.01675	0.01675	0.01187	0.00838	0.00698	0.00209	0.00768	0.00628	0.00698	0.01187
32	0.01124	0.00803	0.01124	0.01285	0.01446	0.00803	0.01124	0.01446	0.01606	0.02088	0.03695	0.07871	0.04016	0.01928	0.00964	0.00321	0.00643	0.66426	0.00643	0.00643
33	0.01866	0.75896	0.03657	0.01194	0.01791	0.02761	0.01194	0.02090	0.01418	0.01642	0.00970	0.01119	0.00896	0.00597	0.00448	0.00149	0.00746	0.00373	0.00299	0.00896
34	0.00874	0.00629	0.00791	0.00910	0.00965	0.00587	0.00600	0.00982	0.01311	0.01724	0.03919	0.56632	0.11188	0.13863	0.01309	0.00341	0.00443	0.01776	0.00612	0.00546
35	0.01119	0.00818	0.01090	0.01158	0.01335	0.00815	0.00968	0.01549	0.06148	0.02378	0.25958	0.06646	0.04749	0.01697	0.00901	0.00282	0.00532	0.40490	0.00689	0.00678
36	0.03131	0.01188	0.01619	0.01242	0.01781	0.01026	0.01026	0.03401	0.01997	0.71606	0.02753	0.02375	0.01727	0.00864	0.00702	0.00216	0.00594	0.00702	0.00864	0.01188
37	0.02607	0.03326	0.01978	0.01798	0.02157	0.72674	0.01348	0.02787	0.01978	0.01708	0.01079	0.01258	0.00899	0.00719	0.00629	0.00180	0.01258	0.00449	0.00360	0.00809
38	0.01708	0.01470	0.01554	0.01400	0.01786	0.01695	0.01088	0.03619	0.67326	0.02915	0.05377	0.02701	0.02297	0.00965	0.00714	0.00236	0.00544	0.00807	0.00712	0.01088
39	0.00850	0.00607	0.00810	0.00972	0.01012	0.00567	0.00648	0.00972	0.01336	0.01781	0.03846	0.75020	0.04615	0.02186	0.00891	0.00283	0.00405	0.01984	0.00648	0.00567
40	0.00850	0.00607	0.00810	0.00972	0.01012	0.00567	0.00648	0.00972	0.01336	0.01781	0.03846	0.75020	0.04615	0.02186	0.00891	0.00283	0.00405	0.01984	0.00648	0.00567
41	0.02888	0.01949	0.02132	0.01668	0.02226	0.02062	0.01349	0.56418	0.03140	0.15046	0.02033	0.02061	0.01460	0.00973	0.00783	0.00248	0.00803	0.00702	0.00783	0.01277
42	0.03018	0.01163	0.01583	0.01222	0.01742	0.01006	0.01006	0.03291	0.01996	0.67971	0.06346	0.02525	0.01984	0.00893	0.00708	0.00216	0.00580	0.00731	0.00859	0.01160
43	0.80405	0.01350	0.01026	0.00918	0.01350	0.01565	0.00756	0.02051	0.01188	0.03131	0.00972	0.01134	0.00756	0.00648	0.00432	0.00216	0.00540	0.00378	0.00432	0.00756
44	0.03131	0.01188	0.01619	0.01242	0.01781	0.01026	0.01026	0.03401	0.01997	0.71606	0.02753	0.02375	0.01727	0.00864	0.00702	0.00216	0.00594	0.00702	0.00864	0.01188
45	0.02653	0.01955	0.02094	0.01606	0.02164	0.02164	0.01326	0.68796	0.03281	0.04398	0.01675	0.01675	0.01187	0.00838	0.00698	0.00209	0.00768	0.00628	0.00698	0.01187
46	0.01447	0.01240	0.01447	0.01034	0.01654	0.00930	0.00827	0.01757	0.01447	0.02274	0.01240	0.01447	0.01034	0.00517	0.00517	0.00103	0.00517	0.00413	0.00413	0.79742
47	0.03131	0.01188	0.01619	0.01242	0.01781	0.01026	0.01026	0.03401	0.01997	0.71606	0.02753	0.02375	0.01727	0.00864	0.00702	0.00216	0.00594	0.00702	0.00864	0.01188
48	0.01124	0.00803	0.01124	0.01285	0.01446	0.00803	0.01124	0.01446	0.01606	0.02088	0.03695	0.07871	0.04016	0.01928	0.00964	0.00321	0.00643	0.66426	0.00643	0.00643
49	0.00869	0.00672	0.00793	0.00841	0.00990	0.00596	0.00601	0.01058	0.01580	0.02044	0.19604	0.31507	0.32646	0.01848	0.00849	0.00250	0.00367	0.01615	0.00674	0.00596
50	0.01490	0.01483	0.02062	0.01773	0.01785	0.02056	0.01474	0.01644	0.01096	0.01690	0.01241	0.01801	0.04610	0.01250	0.02213	0.00302	0.70297	0.00656	0.00323	0.00754
51	0.02633	0.01874	0.02031	0.01569	0.02117	0.02059	0.01292	0.60442	0.07033	0.09037	0.01818	0.01778	0.01279	0.00846	0.00699	0.00211	0.00743	0.00643	0.00710	0.01182
52	0.01043	0.00795	0.00952	0.00899	0.01112	0.00724	0.00671	0.04778	0.01813	0.02462	0.36231	0.16238	0.21517	0.01541	0.00808	0.00226	0.00383	0.01340	0.00693	0.05774
53	0.01596	0.09692	0.28432	0.01888	0.02565	0.08611	0.16657	0.02128	0.01640	0.04306	0.11317	0.04569	0.01893	0.00813	0.00706	0.00215	0.00923	0.00726	0.00412	0.00912
54	0.01400	0.03610	0.71860	0.01989	0.03020	0.01621	0.02578	0.02210	0.01473	0.02210	0.01252	0.01473	0.00884	0.00663	0.00663	0.00221	0.01031	0.00516	0.00295	0.01031
55	0.00930	0.00757	0.00814	0.00816	0.01030	0.00679	0.00604	0.03382	0.03755	0.02047	0.10629	0.17973	0.50594	0.01758	0.00828	0.00242	0.00381	0.01496	0.00660	0.00626
56	0.01447	0.01240	0.01447	0.01034	0.01654	0.00930	0.00827	0.01757	0.01447	0.02274	0.01240	0.01447	0.01034	0.00517	0.00517	0.00103	0.00517	0.00413	0.00413	0.79742
57	0.01748	0.57582	0.20936	0.01395	0.02102	0.02472	0.01545	0.02120	0.01432	0.01786	0.01042	0.01209	0.00893	0.00614	0.00502	0.00167	0.00818	0.00409	0.00298	0.00930
58	0.01015	0.00677	0.00761	0.00761	0.00761	0.00677	0.00423	0.01015	0.01015	0.01353	0.02199	0.04567	0.02537	0.75476	0.03552	0.00677	0.00677	0.01015	0.00423	0.00423
59	0.01736	0.01499	0.01578	0.01420	0.01815	0.01736	0.01105	0.03708	0.69862	0.02919	0.02840	0.02604	0.02130	0.00947	0.00710	0.00237	0.00552	0.00789	0.00710	0.01105
60	0.01447	0.01240	0.01447	0.01034	0.01654	0.00930	0.00827	0.01757	0.01447	0.02274	0.01240	0.01447	0.01034	0.00517	0.00517	0.00103	0.00517	0.00413	0.00413	0.79742
61	0.01680	0.01778	0.02684	0.13299	0.18250	0.09313	0.15712	0.02032	0.01451	0.01949	0.01174	0.01667	0.00989	0.00824	0.01213	0.00245	0.23885	0.00642	0.00331	0.00884
62	0.01831	0.00993	0.01222	0.01048	0.01396	0.00927	0.00826	0.02335	0.11378	0.27459	0.23052	0.04147	0.18003	0.01230	0.00764	0.00224	0.00461	0.01039	0.00769	0.00897
63	0.01712	0.06890	0.02066	0.06546	0.07122	0.09958	0.03950	0.04447	0.01482	0.06791	0.01716	0.15343	0.01693	0.01155	0.01249	0.00251	0.25525	0.00849	0.00435	0.00820
64	0.17566	0.01272	0.01542	0.01207	0.01728	0.01208	0.00996	0.07792	0.01937	0.54012	0.02343	0.02093	0.01507	0.00821	0.00651	0.00215	0.00596	0.00636	0.00771	0.01107
65	0.00881	0.00631	0.00837	0.00951	0.01019	0.00587	0.00650	0.01048	0.01477	0.02006	0.18647	0.59578	0.05051	0.02018	0.00876	0.00269	0.00388	0.01824	0.00674	0.00587
66	0.01195	0.00672	0.00779	0.00790	0.00935	0.00701	0.00595	0.01488	0.01369	0.02301	0.02277	0.07364	0.01962	0.02013	0.18657	0.00411	0.00718	0.00762	0.54372	0.00638
67	0.00885	0.00702	0.00795	0.00787	0.00983	0.00612	0.00584	0.01112	0.01710	0.02204	0.29624	0.11049	0.43129	0.01675	0.00829	0.00233	0.00348	0.01434	0.00691	0.00612
68	0.02607	0.03326	0.01978	0.01798	0.02157	0.72674	0.01348	0.02787	0.01978	0.01708	0.01079	0.01258	0.00899	0.00719	0.00629	0.00180	0.01258	0.00449	0.00360	0.00809
69	0.01176	0.00761	0.00991	0.00924	0.01127	0.00696	0.00712	0.01489	0.01927	0.08829	0.56040	0.05232	0.10423	0.01432	0.00821	0.00227	0.00374	0.05359	0.00760	0.00700
70	0.80405	0.01350	0.01026	0.00918	0.01350	0.01565	0.00756	0.02051	0.01188	0.03131	0.00972	0.01134	0.00756	0.00648	0.00432	0.00216	0.00540	0.00378	0.00432	0.00756
71	0.01736	0.01499	0.01578	0.01420	0.01815	0.01736	0.01105	0.03708	0.69862	0.02919	0.02840	0.02604	0.02130	0.00947	0.00710	0.00237	0.00552	0.00789	0.00710	0.01105
72	0.00856	0.00610	0.00808	0.00964	0.01003	0.00571	0.00639	0.00973	0.01324	0.01766	0.03785	0.72410	0.04538	0.04901	0.00989	0.00298	0.00415	0.01948	0.00639	0.00561
73	0.02156	0.01708	0.01815	0.01505	0.01975	0.01932	0.01206	0.33550	0.39336	0.03597	0.02306	0.02178	0.01698	0.00897	0.00705	0.00224	0.00651	0.00715	0.00705	0.01142
74	0.01776	0.08443	0.01713	0.01122	0.01703	0.01211	0.00923	0.07780	0.01667	0.10870	0.01534	0.04275	0.01251	0.00657	0.00562	0.00137	0.00566	0.00522	0.00491	0.52797
75	0.04417	0.42141	0.04896	0.01367	0.01923	0.11577	0.01249	0.13093	0.04483	0.07060	0.01303	0.01383	0.01044	0.00687	0.00546	0.00175	0.00801	0.00468	0.00430	0.00960
76	0.01310	0.00735	0.01040	0.03667	0.01157	0.00761	0.00714	0.06255	0.01135	0.01513	0.01389	0.05928	0.01380	0.02224	0.02396	0.66339	0.00620	0.00681	0.00352	0.00404
77	0.00856	0.00612	0.00815	0.00968	0.01013	0.00570	0.00648	0.00986	0.01362	0.01822	0.06530	0.72220	0.04694	0.02156	0.00888	0.00281	0.00402	0.01955	0.00653	0.00570
78	0.01447	0.01240	0.01447	0.01034	0.01654	0.00930	0.00827	0.01757	0.01447	0.02274	0.01240	0.01447	0.01034	0.00517	0.00517	0.00103	0.00517	0.00413	0.00413	0.79742
79	0.17518	0.01350	0.01590	0.01244	0.01766	0.01323	0.01027	0.14417	0.02067	0.47203	0.02234	0.02022	0.01452	0.00819	0.00651	0.00215	0.00614	0.00628	0.00754	0.01107
80	0.01098	0.00795	0.01088	0.01235	0.01402	0.00784	0.01073	0.01407	0.01605	0.02071	0.03990	0.07770	0.09860	0.01914	0.00952	0.00314	0.00617	0.60746	0.00643	0.00638
81	0.01699	0.01732	0.04904	0.03696	0.57137	0.05331	0.01955	0.02159	0.04149	0.02277	0.04360	0.02056	0.04003	0.00716	0.00698	0.00209	0.00810	0.00673	0.00386	0.01050
82	0.01918	0.01041	0.01307	0.01184	0.01489	0.01016	0.00914	0.07870	0.09633	0.26277	0.03096	0.27916	0.02920	0.04245	0.00895	0.00266	0.00545	0.05848	0.00725	0.00895
83	0.03116	0.01212	0.01634	0.01253	0.01793	0.01061	0.01035	0.05441	0.02037	0.69509	0.02719	0.02353	0.01711	0.00863	0.00702	0.00216	0.00599	0.00699	0.00859	0.01188
84	0.03113	0.01217	0.01638	0.01255	0.01796	0.01069	0.01037	0.05891	0.02046	0.69046	0.02712	0.02349	0.01707	0.00863	0.00702	0.00216	0.00600	0.00699	0.00857	0.01188
85	0.04205	0.05154	0.35948	0.05307	0.08445	0.01707	0.24902	0.02187	0.01527	0.02219	0.01292	0.01624	0.00958	0.00633	0.00706	0.00223	0.01035	0.00623	0.00324	0.00982
86	0.00890	0.00661	0.00815	0.00875	0.00988	0.00602	0.00610	0.01069	0.01534	0.02035	0.21454	0.37483	0.19719	0.06684	0.01033	0.00282	0.00392	0.01623	0.00664	0.00586
87	0.02859	0.01108	0.01476	0.01154	0.01638	0.00970	0.00946	0.03137	0.01918	0.61357	0.02682	0.02409	0.01736	0.00856	0.00670	0.00208	0.00554	0.00694	0.12521	0.01108
88	0.06412	0.02086	0.01809	0.01600	0.04259	0.22657	0.01214	0.23502	0.11653	0.05220	0.04292	0.01934	0.01487	0.03369	0.00806	0.00223	0.02945	0.00624	0.02945	0.00964
89	0.01699	0.01812	0.05643	0.05418	0.29309	0.01724	0.31869	0.04522	0.06461	0.02358	0.01472	0.01852	0.01146	0.00641	0.00751	0.00223	0.00973	0.00721	0.00383	0.01022
90	0.01441	0.00937	0.01103	0.01050	0.01241	0.00951	0.00760	0.13504	0.03796	0.07370	0.05410	0.33565	0.03180	0.13049	0.01208	0.00310	0.00520	0.01300	0.08575	0.00729
91	0.42988	0.01684	0.01655	0.09861	0.14711	0.11800	0.01257	0.02130	0.01394	0.02565	0.01078	0.01357	0.00866	0.00680	0.00606	0.00214	0.03467	0.00469	0.00387	0.00830
92	0.01583	0.01495	0.02418	0.08123	0.52750	0.01516	0.01844	0.02079	0.06376	0.02241	0.02170	0.02451	0.10305	0.00800	0.00710	0.00215	0.00754	0.00745	0.00408	0.01016
93	0.01447	0.01240	0.01447	0.01034	0.01654	0.00930	0.00827	0.01757	0.01447	0.02274	0.01240	0.01447	0.01034	0.00517	0.00517	0.00103	0.00517	0.00413	0.00413	0.79742
94	0.01212	0.00606	0.00909	0.00909	0.00909	0.00606	0.00606	0.00909	0.00909	0.01212	0.01212	0.02121	0.01212	0.02424	0.02727	0.79697	0.00606	0.00606	0.00303	0.00303
95	0.00988	0.00713	0.00933	0.00878	0.01043	0.00658	0.00658	0.01317	0.01975	0.02798	0.70754	0.05213	0.06584	0.01427	0.00823	0.00219	0.00329	0.01262	0.00768	0.00658
96	0.00859	0.00611	0.00807	0.00961	0.00999	0.00573	0.00636	0.00974	0.01319	0.01759	0.03759	0.71298	0.04506	0.06058	0.01031	0.00304	0.00419	0.01933	0.00636	0.00559
97	0.01866	0.75896	0.03657	0.01194	0.01791	0.02761	0.01194	0.02090	0.01418	0.01642	0.00970	0.01119	0.00896	0.00597	0.00448	0.00149	0.00746	0.00373	0.00299	0.00896
98	0.01447	0.01240	0.01447	0.01034	0.01654	0.00930	0.00827	0.01757	0.01447	0.02274	0.01240	0.01447	0.01034	0.00517	0.00517	0.00103	0.00517	0.00413	0.00413	0.79742
99	0.01368	0.00797	0.01055	0.00942	0.01174	0.00724	0.00724	0.01686	0.01979	0.15000	0.58696	0.04709	0.05723	0.01327	0.00802	0.00219	0.00376	0.01163	0.00785	0.00752
100	0.03131	0.01188	0.01619	0.01242	0.01781	0.01026	0.01026	0.03401	0.01997	0.71606	0.02753	0.02375	0.01727	0.00864	0.00702	0.00216	0.00594	0.00702	0.00864	0.01188
101	0.02518	0.01052	0.01423	0.01138	0.01570	0.00921	0.00921	0.02805	0.01991	0.51937	0.22191	0.03186	0.03116	0.01025	0.00736	0.00217	0.00518	0.00862	0.00836	0.01036
102	0.57709	0.01567	0.01334	0.01124	0.01587	0.03817	0.00923	0.19589	0.01760	0.03421	0.01159	0.01279	0.00873	0.00700	0.00508	0.00213	0.00621	0.00446	0.00500	0.00870
103	0.17312	0.01181	0.01394	0.01115	0.01582	0.01133	0.00914	0.06349	0.01837	0.45341	0.02294	0.02138	0.01526	0.00815	0.00620	0.00208	0.00554	0.00630	0.12026	0.01030
104	0.02534	0.01896	0.02028	0.01582	0.02119	0.02109	0.01298	0.60396	0.11874	0.04207	0.01826	0.01795	0.01308	0.00852	0.00700	0.00213	0.00740	0.00649	0.00700	0.01176
105	0.37458	0.01620	0.01626	0.03813	0.04500	0.01814	0.01111	0.31652	0.02167	0.06150	0.01371	0.01467	0.01002	0.00741	0.00579	0.00213	0.00667	0.00518	0.00558	0.00977
106	0.01015	0.00677	0.00761	0.00761	0.00761	0.00677	0.00423	0.01015	0.01015	0.01353	0.02199	0.04567	0.02537	0.75476	0.03552	0.00677	0.00677	0.01015	0.00423	0.00423
107	0.01318	0.01240	0.02093	0.73798	0.04806	0.01550	0.01938	0.01783	0.01395	0.01783	0.01240	0.01860	0.00930	0.00698	0.00698	0.00233	0.00930	0.00620	0.00310	0.00775
108	0.00885	0.00625	0.00814	0.00952	0.00991	0.00592	0.00633	0.00996	0.01299	0.01729	0.03596	0.61999	0.04284	0.13062	0.01289	0.00343	0.00454	0.04294	0.00614	0.00548
109	0.01701	0.07743	0.09866	0.14473	0.36416	0.08765	0.04030	0.02128	0.01574	0.02078	0.01339	0.01867	0.01127	0.00695	0.00678	0.00211	0.00906	0.03086	0.00344	0.00976
110	0.03098	0.01241	0.01652	0.01267	0.01808	0.01104	0.01046	0.07914	0.02086	0.66968	0.02679	0.02327	0.01690	0.00862	0.00702	0.00215	0.00606	0.00697	0.00852	0.01188
111	0.01301	0.00650	0.00650	0.00650	0.00813	0.00650	0.00488	0.01626	0.01463	0.02602	0.02276	0.02602	0.01789	0.00813	0.00488	0.00163	0.00325	0.00650	0.79350	0.00650
112	0.00915	0.00698	0.01015	0.06174	0.01369	0.00680	0.03000	0.01084	0.01375	0.01835	0.06131	0.64762	0.04312	0.01999	0.00872	0.00276	0.00465	0.01821	0.00619	0.00597
113	0.01491	0.14673	0.55994	0.01940	0.02879	0.01809	0.07527	0.02193	0.01478	0.02124	0.01221	0.01450	0.00899	0.00647	0.00642	0.00211	0.00999	0.00518	0.00300	0.01003
114	0.00868	0.00620	0.00830	0.00992	0.01040	0.00582	0.00678	0.01002	0.01353	0.01801	0.03837	0.70762	0.04577	0.02170	0.00895	0.00286	0.00420	0.06070	0.00647	0.00572
115	0.00933	0.00691	0.00876	0.00915	0.01057	0.00635	0.00679	0.01175	0.01686	0.02272	0.33385	0.25603	0.17407	0.01755	0.00857	0.00251	0.00387	0.08119	0.00699	0.00618
116	0.20862	0.02201	0.22986	0.06812	0.07276	0.06577	0.03557	0.06548	0.04329	0.06331	0.01490	0.05426	0.01191	0.00775	0.00632	0.00220	0.00817	0.00607	0.00432	0.00930
117	0.00883	0.00627	0.00830	0.00980	0.01027	0.00593	0.00668	0.01011	0.01333	0.01774	0.03715	0.64810	0.04419	0.07490	0.01090	0.00315	0.00443	0.06801	0.00631	0.00562
118	0.01709	0.01669	0.02705	0.13085	0.59958	0.04400	0.02085	0.02121	0.01579	0.02194	0.01294	0.01726	0.01075	0.00635	0.00689	0.00209	0.00859	0.00615	0.00341	0.01052
119	0.01447	0.01240	0.01447	0.01034	0.01654	0.00930	0.00827	0.01757	0.01447	0.02274	0.01240	0.01447	0.01034	0.00517	0.00517	0.00103	0.00517	0.00413	0.00413	0.79742
120	0.01941	0.01580	0.01670	0.01439	0.01865	0.01802	0.01137	0.19268	0.51550	0.03263	0.02541	0.02381	0.01892	0.00916	0.00700	0.00228	0.00596	0.00746	0.03378	0.01109
121	0.00988	0.00713	0.00933	0.00878	0.01043	0.00658	0.00658	0.01317	0.01975	0.02798	0.70754	0.05213	0.06584	0.01427	0.00823	0.00219	0.00329	0.01262	0.00768	0.00658
122	0.00894	0.00710	0.00803	0.00779	0.00985	0.00618	0.00585	0.01135	0.01754	0.02272	0.34067	0.06079	0.43600	0.01623	0.00824	0.00229	0.00343	0.01383	0.00699	0.00618
123	0.01377	0.01300	0.02199	0.63833	0.14314	0.01566	0.01967	0.01834	0.01423	0.01854	0.01251	0.01841	0.00955	0.00687	0.00697	0.00229	0.00916	0.00620	0.00315	0.00823
124	0.80405	0.01350	0.01026	0.00918	0.01350	0.01565	0.00756	0.02051	0.01188	0.03131	0.00972	0.01134	0.00756	0.00648	0.00432	0.00216	0.00540	0.00378	0.00432	0.00756
125	0.02607	0.03326	0.01978	0.01798	0.02157	0.72674	0.01348	0.02787	0.01978	0.01708	0.01079	0.01258	0.00899	0.00719	0.00629	0.00180	0.01258	0.00449	0.00360	0.00809
126	0.54261	0.01295	0.01227	0.01027	0.01496	0.01383	0.00847	0.02508	0.01462	0.26298	0.01574	0.01554	0.01084	0.00721	0.00523	0.00216	0.00558	0.00487	0.00578	0.00902
127	0.02653	0.01955	0.02094	0.01606	0.02164	0.02164	0.01326	0.68796	0.03281	0.04398	0.01675	0.01675	0.01187	0.00838	0.00698	0.00209	0.00768	0.00628	0.00698	0.01187
128	0.01400	0.03610	0.71860	0.01989	0.03020	0.01621	0.02578	0.02210	0.01473	0.02210	0.01252	0.01473	0.00884	0.00663	0.00663	0.00221	0.01031	0.00516	0.00295	0.01031
129	0.00830	0.00707	0.00714	0.00712	0.00946	0.00591	0.00534	0.01011	0.01602	0.01913	0.08999	0.06670	0.68892	0.01757	0.00825	0.00235	0.00353	0.01466	0.00652	0.00591
130	0.00842	0.00688	0.00745	0.00787	0.00977	0.00592	0.00578	0.01011	0.01535	0.01870	0.06230	0.21868	0.53694	0.01866	0.00845	0.00249	0.00376	0.04012	0.00648	0.00586
131	0.03131	0.01188	0.01619	0.01242	0.01781	0.01026	0.01026	0.03401	0.01997	0.71606	0.02753	0.02375	0.01727	0.00864	0.00702	0.00216	0.00594	0.00702	0.00864	0.01188
132	0.00849	0.00611	0.00806	0.00961	0.01009	0.00568	0.00643	0.00973	0.01346	0.01785	0.03971	0.72370	0.07185	0.02170	0.00888	0.00282	0.00403	0.01964	0.00648	0.00568
133	0.02306	0.01501	0.01673	0.01329	0.01740	0.01597	0.01045	0.40787	0.02489	0.14385	0.01983	0.02535	0.01623	0.20140	0.01437	0.00331	0.00716	0.00740	0.00653	0.00989
134	0.04323	0.01744	0.02278	0.08701	0.34159	0.08469	0.01699	0.17026	0.01969	0.02654	0.01611	0.04795	0.01406	0.00833	0.00705	0.00218	0.00828	0.05119	0.00457	0.01006

[dist]
# distance from previous block
# <min> <max>
3	7

[block]
# block no. 1 follows, 30 sequences, length 12
# corresponding to MSA columns:
# 171-182
name=unknown_B
#
# <colnr> <probs for GDERKNQSTAVLIFYWHMCP>
#	G	D	E	R	K	N	Q	S	T	A	V	L	I	F	Y	W	H	M	C	P
0	0.32770	0.06917	0.03899	0.01330	0.01829	0.04088	0.04771	0.23642	0.01963	0.03223	0.01383	0.03966	0.01104	0.00759	0.00574	0.00206	0.00690	0.00555	0.02945	0.03386
1	0.02348	0.01834	0.02001	0.01590	0.02080	0.15737	0.09208	0.13118	0.09625	0.20855	0.01924	0.02032	0.01416	0.04595	0.00831	0.00225	0.00817	0.00652	0.00593	0.08519
2	0.02303	0.01673	0.01818	0.01485	0.01970	0.01855	0.01197	0.33333	0.32236	0.10969	0.02300	0.02156	0.01657	0.00888	0.00704	0.00222	0.00655	0.00706	0.00721	0.01151
3	0.01680	0.01611	0.02789	0.03991	0.62153	0.01604	0.06061	0.02098	0.01594	0.02264	0.01487	0.02170	0.01308	0.00712	0.00718	0.00217	0.00837	0.05277	0.00367	0.01063
4	0.80405	0.01350	0.01026	0.00918	0.01350	0.01565	0.00756	0.02051	0.01188	0.03131	0.00972	0.01134	0.00756	0.00648	0.00432	0.00216	0.00540	0.00378	0.00432	0.00756
5	0.01582	0.00903	0.01166	0.01006	0.01301	0.00824	0.00783	0.01988	0.05771	0.19684	0.46395	0.04161	0.04835	0.01211	0.00770	0.00213	0.00417	0.01051	0.00769	0.05168
6	0.01866	0.75896	0.03657	0.01194	0.01791	0.02761	0.01194	0.02090	0.01418	0.01642	0.00970	0.01119	0.00896	0.00597	0.00448	0.00149	0.00746	0.00373	0.00299	0.00896
7	0.02653	0.01955	0.02094	0.01606	0.02164	0.02164	0.01326	0.68796	0.03281	0.04398	0.01675	0.01675	0.01187	0.00838	0.00698	0.00209	0.00768	0.00628	0.00698	0.01187
8	0.07279	0.01320	0.01434	0.01225	0.01582	0.01426	0.00967	0.24668	0.15074	0.03273	0.21872	0.07419	0.07248	0.01147	0.00736	0.00224	0.00541	0.00951	0.00695	0.00919
9	0.01472	0.01410	0.01963	0.01701	0.01721	0.01944	0.01409	0.01643	0.01098	0.01735	0.01077	0.01689	0.01036	0.01500	0.07526	0.00358	0.63881	0.00624	0.05467	0.00745
10	0.14456	0.22934	0.33503	0.01688	0.05836	0.01963	0.01797	0.06491	0.01535	0.02349	0.01160	0.01347	0.00897	0.00652	0.00570	0.00199	0.00846	0.00467	0.00347	0.00963
11	0.02653	0.01955	0.02094	0.01606	0.02164	0.02164	0.01326	0.68796	0.03281	0.04398	0.01675	0.01675	0.01187	0.00838	0.00698	0.00209	0.00768	0.00628	0.00698	0.01187

[dist]
# distance from previous block
# <min> <max>
0	2

[block]
# block no. 2 follows, 30 sequences, length 62
# corresponding to MSA columns:
# 185-246
name=unknown_C
#
# <colnr> <probs for GDERKNQSTAVLIFYWHMCP>
#	G	D	E	R	K	N	Q	S	T	A	V	L	I	F	Y	W	H	M	C	P
0	0.08671	0.05268	0.01679	0.01547	0.07230	0.01585	0.01156	0.12286	0.28095	0.02867	0.06521	0.03313	0.04041	0.01070	0.00720	0.00237	0.00612	0.11518	0.00624	0.00960
1	0.01836	0.70487	0.05945	0.01246	0.01835	0.02697	0.01255	0.02078	0.01406	0.01663	0.00978	0.01148	0.00896	0.00624	0.00528	0.00158	0.03640	0.00387	0.00299	0.00895
2	0.03019	0.01163	0.01584	0.01223	0.01743	0.01006	0.01006	0.03292	0.01996	0.68014	0.06303	0.02523	0.01981	0.00893	0.00708	0.00216	0.00580	0.00731	0.00859	0.01160
3	0.00934	0.00713	0.00861	0.00849	0.01034	0.00640	0.00645	0.01200	0.01787	0.02382	0.40651	0.08740	0.29237	0.01614	0.00836	0.00235	0.00363	0.05940	0.00712	0.00629
4	0.05573	0.11147	0.60939	0.01849	0.02803	0.01739	0.02337	0.02189	0.01453	0.02198	0.01208	0.01418	0.00879	0.00655	0.00628	0.00213	0.00975	0.00493	0.00302	0.01003
5	0.03011	0.01253	0.01653	0.01276	0.01804	0.01139	0.01052	0.10148	0.02102	0.62294	0.02612	0.02314	0.01672	0.01005	0.03073	0.00245	0.00654	0.00696	0.00830	0.01169
6	0.03131	0.01188	0.01619	0.01242	0.01781	0.01026	0.01026	0.03401	0.01997	0.71606	0.02753	0.02375	0.01727	0.00864	0.00702	0.00216	0.00594	0.00702	0.00864	0.01188
7	0.01712	0.01642	0.02805	0.06873	0.68652	0.01654	0.02134	0.02128	0.01582	0.02261	0.01310	0.01732	0.01099	0.00625	0.00691	0.00208	0.00833	0.00622	0.00344	0.01093
8	0.02424	0.01701	0.01862	0.01473	0.01956	0.01850	0.01197	0.54292	0.02907	0.08284	0.02018	0.10255	0.01641	0.00995	0.00713	0.00217	0.00698	0.00791	0.03633	0.01095
9	0.00854	0.00614	0.00810	0.00960	0.01011	0.00570	0.00644	0.00984	0.01364	0.01817	0.06064	0.70675	0.06749	0.02149	0.00886	0.00280	0.00401	0.01945	0.00652	0.00570
10	0.03087	0.01258	0.01663	0.01275	0.01816	0.01130	0.01053	0.09383	0.02115	0.65458	0.02654	0.02311	0.01678	0.00861	0.00701	0.00215	0.00610	0.00695	0.00849	0.01188
11	0.01497	0.01727	0.07840	0.10332	0.10522	0.05188	0.30140	0.01949	0.01550	0.02066	0.01829	0.14116	0.01725	0.00947	0.00828	0.00241	0.02841	0.03398	0.00402	0.00863
12	0.02519	0.01615	0.02264	0.01717	0.02279	0.01631	0.14423	0.24919	0.10220	0.27687	0.02142	0.02072	0.01463	0.00811	0.00725	0.00220	0.00761	0.00711	0.00690	0.01129
13	0.02525	0.01940	0.02019	0.01587	0.02116	0.04588	0.01297	0.57497	0.12415	0.04099	0.01815	0.01789	0.01307	0.00849	0.00697	0.00212	0.00755	0.00644	0.00688	0.01162
14	0.77270	0.01439	0.03836	0.00960	0.01416	0.01568	0.00828	0.02058	0.01199	0.03094	0.00983	0.01147	0.00761	0.00648	0.00441	0.00216	0.00559	0.00383	0.00426	0.00767
15	0.02868	0.01329	0.01656	0.01282	0.01796	0.01270	0.01055	0.19044	0.02264	0.49812	0.02454	0.02225	0.01602	0.00853	0.00684	0.00210	0.00614	0.00680	0.07158	0.01144
16	0.00919	0.00711	0.00837	0.00805	0.01000	0.00629	0.00604	0.01183	0.01812	0.02411	0.43745	0.05850	0.33836	0.01571	0.00824	0.00226	0.00339	0.01351	0.00717	0.00629
17	0.00988	0.00713	0.00933	0.00878	0.01043	0.00658	0.00658	0.01317	0.01975	0.02798	0.70754	0.05213	0.06584	0.01427	0.00823	0.00219	0.00329	0.01262	0.00768	0.00658
18	0.03131	0.01188	0.01619	0.01242	0.01781	0.01026	0.01026	0.03401	0.01997	0.71606	0.02753	0.02375	0.01727	0.00864	0.00702	0.00216	0.00594	0.00702	0.00864	0.01188
19	0.00976	0.00713	0.00917	0.00866	0.01036	0.00654	0.00650	0.01295	0.01949	0.02735	0.66333	0.05317	0.11045	0.01450	0.00823	0.00221	0.00331	0.01277	0.00760	0.00654
20	0.02616	0.01936	0.02073	0.01598	0.02150	0.02147	0.01317	0.66181	0.05956	0.04338	0.01722	0.01713	0.01225	0.00842	0.00699	0.00211	0.00759	0.00635	0.00699	0.01183
21	0.80405	0.01350	0.01026	0.00918	0.01350	0.01565	0.00756	0.02051	0.01188	0.03131	0.00972	0.01134	0.00756	0.00648	0.00432	0.00216	0.00540	0.00378	0.00432	0.00756
22	0.03113	0.01217	0.01637	0.01255	0.01796	0.01069	0.01037	0.05886	0.02046	0.69051	0.02712	0.02349	0.01707	0.00863	0.00702	0.00216	0.00600	0.00699	0.00857	0.01188
23	0.01093	0.00832	0.01020	0.00952	0.01155	0.00818	0.00720	0.01664	0.12216	0.02775	0.57595	0.04887	0.08834	0.01370	0.00806	0.00223	0.00364	0.01200	0.00754	0.00723
24	0.01866	0.75896	0.03657	0.01194	0.01791	0.02761	0.01194	0.02090	0.01418	0.01642	0.00970	0.01119	0.00896	0.00597	0.00448	0.00149	0.00746	0.00373	0.00299	0.00896
25	0.00883	0.00710	0.00791	0.00789	0.00974	0.00649	0.00579	0.01056	0.01458	0.01812	0.08116	0.05739	0.48600	0.11300	0.13021	0.00435	0.00642	0.01289	0.00580	0.00577
26	0.00939	0.00711	0.00865	0.00826	0.01012	0.00638	0.00620	0.01222	0.01859	0.02523	0.51583	0.05665	0.25927	0.01529	0.00824	0.00224	0.00337	0.01325	0.00732	0.00638
27	0.01736	0.01499	0.01578	0.01420	0.01815	0.01736	0.01105	0.03708	0.69862	0.02919	0.02840	0.02604	0.02130	0.00947	0.00710	0.00237	0.00552	0.00789	0.00710	0.01105
28	0.01866	0.75896	0.03657	0.01194	0.01791	0.02761	0.01194	0.02090	0.01418	0.01642	0.00970	0.01119	0.00896	0.00597	0.00448	0.00149	0.00746	0.00373	0.00299	0.00896
29	0.80405	0.01350	0.01026	0.00918	0.01350	0.01565	0.00756	0.02051	0.01188	0.03131	0.00972	0.01134	0.00756	0.00648	0.00432	0.00216	0.00540	0.00378	0.00432	0.00756
30	0.01970	0.14693	0.09988	0.05138	0.23773	0.17314	0.03892	0.04913	0.01715	0.05709	0.01477	0.01702	0.03332	0.00704	0.00643	0.00196	0.00915	0.00570	0.00385	0.00970
31	0.01385	0.01382	0.02567	0.52570	0.04357	0.01567	0.19165	0.01868	0.01458	0.01900	0.01387	0.04739	0.01108	0.00728	0.00738	0.00235	0.00973	0.00726	0.00334	0.00810
32	0.01061	0.00731	0.00945	0.00881	0.01065	0.00668	0.00665	0.01378	0.01951	0.05439	0.63990	0.05198	0.10527	0.01426	0.00818	0.00220	0.00341	0.01254	0.00764	0.00675
33	0.00956	0.00712	0.00889	0.00844	0.01023	0.00645	0.00633	0.01255	0.01900	0.02620	0.58307	0.05506	0.19143	0.01493	0.00823	0.00223	0.00334	0.01303	0.00745	0.00645
34	0.64833	0.01216	0.00973	0.00887	0.01264	0.01396	0.00721	0.01950	0.01226	0.02982	0.01210	0.01429	0.00957	0.00881	0.03728	0.00249	0.00568	0.00436	0.12361	0.00734
35	0.02333	0.01057	0.01397	0.01129	0.01535	0.00953	0.00909	0.06063	0.02056	0.43286	0.27217	0.03362	0.03451	0.01065	0.00745	0.00217	0.00507	0.00900	0.00821	0.00997
36	0.01583	0.01425	0.02021	0.12247	0.02229	0.01896	0.01500	0.04409	0.01262	0.05453	0.01210	0.03609	0.01106	0.01319	0.05078	0.00323	0.51517	0.00660	0.00363	0.00792
37	0.02607	0.03326	0.01978	0.01798	0.02157	0.72674	0.01348	0.02787	0.01978	0.01708	0.01079	0.01258	0.00899	0.00719	0.00629	0.00180	0.01258	0.00449	0.00360	0.00809
38	0.80405	0.01350	0.01026	0.00918	0.01350	0.01565	0.00756	0.02051	0.01188	0.03131	0.00972	0.01134	0.00756	0.00648	0.00432	0.00216	0.00540	0.00378	0.00432	0.00756
39	0.01110	0.00842	0.01039	0.00967	0.01169	0.00835	0.00732	0.01709	0.13102	0.02818	0.59623	0.04785	0.05854	0.01348	0.00805	0.00222	0.00366	0.01184	0.00759	0.00732
40	0.02032	0.01318	0.01836	0.01708	0.13160	0.01113	0.03828	0.02358	0.01652	0.24138	0.01736	0.01803	0.01265	0.00646	0.00616	0.00161	0.00619	0.00555	0.00542	0.38914
41	0.01109	0.00792	0.01107	0.01267	0.01421	0.00790	0.01097	0.01419	0.01591	0.02071	0.03703	0.11675	0.04050	0.01942	0.00960	0.00319	0.00629	0.62775	0.00643	0.00638
42	0.01047	0.00748	0.01035	0.01196	0.01323	0.00736	0.00989	0.01311	0.01530	0.02001	0.03738	0.26949	0.04186	0.02001	0.00943	0.00311	0.00575	0.48118	0.00644	0.00621
43	0.01653	0.01857	0.03949	0.02840	0.03526	0.01763	0.64117	0.02333	0.06166	0.02281	0.01506	0.01930	0.01130	0.00612	0.00816	0.00235	0.01135	0.00821	0.00377	0.00952
44	0.01717	0.01685	0.02735	0.11162	0.57065	0.04471	0.04566	0.02179	0.03550	0.02223	0.01344	0.01753	0.01107	0.00641	0.00695	0.00211	0.00862	0.00627	0.00353	0.01054
45	0.00830	0.00707	0.00714	0.00713	0.00946	0.00591	0.00534	0.01012	0.01603	0.01915	0.09172	0.06666	0.68718	0.01756	0.00825	0.00235	0.00353	0.01466	0.00652	0.00591
46	0.01736	0.01499	0.01578	0.01420	0.01815	0.01736	0.01105	0.03708	0.69862	0.02919	0.02840	0.02604	0.02130	0.00947	0.00710	0.00237	0.00552	0.00789	0.00710	0.01105
47	0.03131	0.01188	0.01619	0.01242	0.01781	0.01026	0.01026	0.03401	0.01997	0.71606	0.02753	0.02375	0.01727	0.00864	0.00702	0.00216	0.00594	0.00702	0.00864	0.01188
48	0.01925	0.01593	0.01684	0.01458	0.01887	0.01824	0.01150	0.17112	0.56150	0.03224	0.02600	0.02412	0.01936	0.00924	0.00708	0.00231	0.00597	0.00756	0.00708	0.01121
49	0.80405	0.01350	0.01026	0.00918	0.01350	0.01565	0.00756	0.02051	0.01188	0.03131	0.00972	0.01134	0.00756	0.00648	0.00432	0.00216	0.00540	0.00378	0.00432	0.00756
50	0.01301	0.00650	0.00650	0.00650	0.00813	0.00650	0.00488	0.01626	0.01463	0.02602	0.02276	0.02602	0.01789	0.00813	0.00488	0.00163	0.00325	0.00650	0.79350	0.00650
51	0.02709	0.01865	0.02039	0.01563	0.02119	0.02031	0.01291	0.61162	0.03131	0.12243	0.01801	0.01757	0.01250	0.00841	0.00699	0.00210	0.00748	0.00637	0.00717	0.01187
52	0.00965	0.00696	0.00913	0.00893	0.01038	0.00643	0.00657	0.01260	0.01871	0.02632	0.59788	0.16654	0.06262	0.01551	0.00834	0.00230	0.00342	0.01380	0.00748	0.00643
53	0.01964	0.01448	0.01585	0.01391	0.01809	0.01619	0.01092	0.03658	0.58739	0.14177	0.02826	0.02566	0.02064	0.00933	0.00709	0.00233	0.00559	0.00775	0.00735	0.01118
54	0.15796	0.01214	0.01522	0.01188	0.01711	0.01114	0.00981	0.03180	0.01865	0.60383	0.02461	0.02172	0.01568	0.00828	0.00658	0.00216	0.00585	0.00649	0.00793	0.01117
55	0.00850	0.00607	0.00810	0.00972	0.01012	0.00567	0.00648	0.00972	0.01336	0.01781	0.03846	0.75020	0.04615	0.02186	0.00891	0.00283	0.00405	0.01984	0.00648	0.00567
56	0.00845	0.00708	0.00735	0.00728	0.00955	0.00598	0.00546	0.01041	0.01639	0.02000	0.15050	0.06527	0.62788	0.01725	0.00825	0.00234	0.00350	0.01446	0.00663	0.00598
57	0.02968	0.01214	0.01610	0.01250	0.01770	0.01089	0.01027	0.05931	0.05135	0.63220	0.05279	0.02465	0.01907	0.00888	0.00707	0.00217	0.00589	0.00724	0.00847	0.01164
58	0.03131	0.01188	0.01619	0.01242	0.01781	0.01026	0.01026	0.03401	0.01997	0.71606	0.02753	0.02375	0.01727	0.00864	0.00702	0.00216	0.00594	0.00702	0.00864	0.01188
59	0.01015	0.00677	0.00761	0.00761	0.00761	0.00677	0.00423	0.01015	0.01015	0.01353	0.02199	0.04567	0.02537	0.75476	0.03552	0.00677	0.00677	0.01015	0.00423	0.00423
60	0.00947	0.00687	0.00894	0.00894	0.01031	0.00633	0.00651	0.01219	0.01803	0.02512	0.51756	0.22487	0.08619	0.01627	0.00840	0.00236	0.00349	0.01448	0.00734	0.00633
61	0.03113	0.01216	0.01637	0.01255	0.01796	0.01068	0.01037	0.05823	0.02045	0.69117	0.02713	0.02349	0.01707	0.00863	0.00702	0.00216	0.00600	0.00699	0.00858	0.01188

[dist]
# distance from previous block
# <min> <max>
0	1

[block]
# block no. 3 follows, 30 sequences, length 59
# corresponding to MSA columns:
# 248-306
name=unknown_D
#
# <colnr> <probs for GDERKNQSTAVLIFYWHMCP>
#	G	D	E	R	K	N	Q	S	T	A	V	L	I	F	Y	W	H	M	C	P
0	0.00980	0.00742	0.00908	0.00861	0.01050	0.00684	0.00647	0.01338	0.04457	0.02603	0.54256	0.05443	0.20473	0.01483	0.00819	0.00224	0.00343	0.01290	0.00740	0.00660
1	0.01840	0.71970	0.07361	0.01237	0.01858	0.02699	0.01269	0.02096	0.01421	0.01673	0.00985	0.01139	0.00895	0.00601	0.00459	0.00153	0.00762	0.00381	0.00298	0.00903
2	0.01633	0.01438	0.01975	0.01791	0.13229	0.01248	0.07065	0.08690	0.01675	0.02488	0.01312	0.01554	0.01063	0.00573	0.00591	0.00143	0.00652	0.00505	0.00426	0.51950
3	0.02073	0.01554	0.01701	0.01415	0.01824	0.01703	0.01124	0.42462	0.12181	0.03571	0.05298	0.17365	0.02274	0.01162	0.00746	0.00229	0.00642	0.00963	0.00692	0.01022
4	0.01561	0.01599	0.02187	0.13776	0.02404	0.06264	0.03822	0.01782	0.01197	0.01717	0.00996	0.01578	0.00922	0.01083	0.01878	0.00283	0.55256	0.00610	0.00311	0.00774
5	0.04852	0.01113	0.01448	0.01132	0.01612	0.00960	0.00919	0.02720	0.01883	0.46062	0.14977	0.02715	0.02484	0.00907	0.00687	0.00199	0.00531	0.00750	0.00763	0.13285
6	0.00928	0.00651	0.00828	0.00910	0.00964	0.00621	0.00605	0.01058	0.01362	0.01840	0.14283	0.41631	0.04339	0.22318	0.01618	0.00383	0.00477	0.04034	0.00605	0.00545
7	0.01446	0.09467	0.64013	0.01956	0.02941	0.01719	0.04672	0.02201	0.01475	0.02164	0.01235	0.01458	0.00891	0.00655	0.00651	0.00216	0.01013	0.00514	0.00297	0.01017
8	0.03131	0.01188	0.01619	0.01242	0.01781	0.01026	0.01026	0.03401	0.01997	0.71606	0.02753	0.02375	0.01727	0.00864	0.00702	0.00216	0.00594	0.00702	0.00864	0.01188
9	0.01796	0.01460	0.01563	0.01395	0.01792	0.01665	0.01088	0.03625	0.64104	0.06874	0.04683	0.02661	0.02228	0.00955	0.00713	0.00235	0.00549	0.00797	0.00720	0.01097
10	0.02504	0.01049	0.01419	0.01135	0.01565	0.00918	0.00918	0.02792	0.01991	0.51492	0.22631	0.03205	0.03147	0.01028	0.00737	0.00217	0.00516	0.00866	0.00836	0.01033
11	0.02553	0.01794	0.01957	0.01532	0.02057	0.01962	0.01254	0.53736	0.09937	0.10758	0.01964	0.03964	0.01436	0.00891	0.00705	0.00215	0.00718	0.00691	0.00714	0.01160
12	0.03131	0.01188	0.01619	0.01242	0.01781	0.01026	0.01026	0.03401	0.01997	0.71606	0.02753	0.02375	0.01727	0.00864	0.00702	0.00216	0.00594	0.00702	0.00864	0.01188
13	0.00902	0.00641	0.00856	0.01008	0.01065	0.00609	0.00709	0.01047	0.01360	0.01805	0.03731	0.60746	0.04407	0.06216	0.01050	0.00311	0.00457	0.11874	0.00634	0.00570
14	0.02822	0.01683	0.01926	0.01477	0.02029	0.01762	0.01220	0.45677	0.02827	0.28158	0.02056	0.01923	0.01378	0.00847	0.00699	0.00212	0.00706	0.00654	0.00757	0.01187
15	0.00925	0.00705	0.00850	0.00825	0.01007	0.00630	0.00615	0.01192	0.01811	0.02436	0.45696	0.09510	0.28094	0.01582	0.00827	0.00228	0.00341	0.01372	0.00721	0.00630
16	0.01014	0.00680	0.00777	0.00777	0.00783	0.00685	0.00443	0.01025	0.01020	0.01365	0.02184	0.04485	0.02502	0.72346	0.06633	0.00696	0.00730	0.01003	0.00421	0.00432
17	0.80405	0.01350	0.01026	0.00918	0.01350	0.01565	0.00756	0.02051	0.01188	0.03131	0.00972	0.01134	0.00756	0.00648	0.00432	0.00216	0.00540	0.00378	0.00432	0.00756
18	0.00895	0.00698	0.00813	0.00808	0.00992	0.00615	0.00597	0.01129	0.01721	0.02253	0.33163	0.13930	0.36540	0.01674	0.00832	0.00234	0.00349	0.01444	0.00698	0.00615
19	0.03131	0.01188	0.01619	0.01242	0.01781	0.01026	0.01026	0.03401	0.01997	0.71606	0.02753	0.02375	0.01727	0.00864	0.00702	0.00216	0.00594	0.00702	0.00864	0.01188
20	0.64381	0.01441	0.01226	0.01044	0.01501	0.01639	0.00860	0.12981	0.01564	0.06314	0.01164	0.01276	0.00868	0.00688	0.00487	0.00215	0.00579	0.00433	0.00494	0.00845
21	0.01400	0.03610	0.71860	0.01989	0.03020	0.01621	0.02578	0.02210	0.01473	0.02210	0.01252	0.01473	0.00884	0.00663	0.00663	0.00221	0.01031	0.00516	0.00295	0.01031
22	0.00962	0.00733	0.00902	0.00985	0.01131	0.00696	0.00742	0.01263	0.05457	0.02022	0.10246	0.33611	0.21659	0.01890	0.00872	0.00271	0.00442	0.14829	0.00661	0.00627
23	0.77046	0.01342	0.01051	0.00932	0.01368	0.01542	0.00767	0.02110	0.01223	0.06108	0.01049	0.01188	0.00798	0.00657	0.00444	0.00216	0.00542	0.00392	0.00451	0.00775
24	0.01167	0.01236	0.12040	0.01394	0.01689	0.00929	0.01349	0.01564	0.01586	0.02107	0.03318	0.06884	0.03533	0.01733	0.00917	0.00306	0.00703	0.56255	0.00589	0.00703
25	0.06555	0.21548	0.21448	0.02083	0.15436	0.01876	0.04653	0.05278	0.01620	0.11239	0.01394	0.01553	0.01052	0.00668	0.00612	0.00199	0.00827	0.00533	0.00408	0.01017
26	0.01216	0.00849	0.01174	0.05524	0.01598	0.00864	0.01086	0.01576	0.04153	0.05104	0.05293	0.12229	0.03717	0.04975	0.01030	0.00318	0.00628	0.47359	0.00629	0.00677
27	0.03104	0.01230	0.01646	0.01262	0.01803	0.01089	0.01042	0.07032	0.02069	0.67874	0.02693	0.02336	0.01697	0.00862	0.00702	0.00216	0.00603	0.00698	0.00855	0.01188
28	0.01808	0.01897	0.02299	0.21780	0.31212	0.18565	0.01791	0.04086	0.01666	0.02046	0.01389	0.05719	0.01207	0.00758	0.00689	0.00212	0.00933	0.00656	0.00367	0.00920
29	0.80405	0.01350	0.01026	0.00918	0.01350	0.01565	0.00756	0.02051	0.01188	0.03131	0.00972	0.01134	0.00756	0.00648	0.00432	0.00216	0.00540	0.00378	0.00432	0.00756
