[name]
unknown

[dist]
# distance from previous block
# <min> <max>
2	57

[block]
# block no. 0 follows, 29 sequences, length 7
# corresponding to MSA columns:
# 69-75
name=unknown_A
#
# <colnr> <probs for GDERKNQSTAVLIFYWHMCP>
#	G	D	E	R	K	N	Q	S	T	A	V	L	I	F	Y	W	H	M	C	P
0	0.01587	0.01419	0.02234	0.43893	0.19494	0.01626	0.01865	0.10011	0.01744	0.02331	0.05776	0.02064	0.01394	0.00759	0.00719	0.00228	0.00866	0.00676	0.00403	0.00913
1	0.01750	0.01277	0.01592	0.07928	0.05331	0.01281	0.01101	0.13190	0.08756	0.08872	0.04567	0.08710	0.01918	0.03188	0.05731	0.00277	0.00710	0.00781	0.03991	0.19050
2	0.01122	0.00788	0.00906	0.00894	0.00979	0.00784	0.00578	0.06521	0.01403	0.01868	0.07856	0.18511	0.08090	0.43809	0.02442	0.00505	0.00593	0.01252	0.00542	0.00554
3	0.01422	0.00887	0.01007	0.00931	0.01116	0.00910	0.00686	0.12375	0.01756	0.02617	0.12675	0.09545	0.02760	0.09682	0.01222	0.08672	0.00486	0.00916	0.29652	0.00683
4	0.02267	0.01610	0.01749	0.01418	0.01879	0.01764	0.01145	0.37334	0.18362	0.08440	0.06650	0.02317	0.01902	0.00920	0.00702	0.00216	0.00643	0.00730	0.08854	0.01099
5	0.01974	0.01571	0.06717	0.04590	0.02010	0.01570	0.01273	0.18747	0.16318	0.12547	0.05544	0.06335	0.01969	0.01492	0.08734	0.00337	0.05838	0.00799	0.00628	0.01008
6	0.02447	0.01784	0.01988	0.10100	0.02419	0.04786	0.01338	0.40246	0.07350	0.11953	0.01816	0.01851	0.01291	0.00820	0.00697	0.00210	0.00768	0.00637	0.00651	0.06847

[dist]
# distance from previous block
# <min> <max>
8	42

[block]
# block no. 1 follows, 29 sequences, length 24
# corresponding to MSA columns:
# 118-141
name=unknown_B
#
# <colnr> <probs for GDERKNQSTAVLIFYWHMCP>
#	G	D	E	R	K	N	Q	S	T	A	V	L	I	F	Y	W	H	M	C	P
0	0.01983	0.07361	0.04973	0.02407	0.26209	0.01604	0.01517	0.16153	0.02023	0.11447	0.06149	0.08755	0.04402	0.00949	0.00719	0.00218	0.00716	0.00819	0.00555	0.01040
1	0.10759	0.01499	0.02095	0.05433	0.26702	0.01514	0.01496	0.12034	0.01960	0.23654	0.04559	0.02039	0.01511	0.00780	0.00686	0.00217	0.00716	0.00659	0.00591	0.01094
2	0.01792	0.03799	0.06665	0.01117	0.01528	0.01019	0.00962	0.06257	0.01869	0.22533	0.14936	0.08213	0.18871	0.03309	0.00840	0.00236	0.00541	0.01045	0.00694	0.03771
3	0.02095	0.16132	0.02098	0.01514	0.06975	0.01713	0.01156	0.21847	0.04301	0.12808	0.07553	0.09967	0.02118	0.00993	0.00680	0.00209	0.00647	0.00808	0.05387	0.00997
4	0.02325	0.16481	0.12814	0.01394	0.01966	0.08083	0.01323	0.02659	0.01776	0.30901	0.04255	0.02316	0.06725	0.00879	0.00713	0.00209	0.02904	0.00670	0.00593	0.01017
5	0.02639	0.07047	0.02080	0.06975	0.02245	0.05685	0.06279	0.06167	0.08907	0.40982	0.02305	0.02171	0.01550	0.00825	0.00702	0.00218	0.00734	0.00684	0.00700	0.01106
6	0.01628	0.01806	0.07405	0.06350	0.02855	0.06875	0.32045	0.02148	0.04347	0.04597	0.04984	0.10883	0.01817	0.00902	0.00835	0.00233	0.03277	0.00905	0.00446	0.05664
7	0.00930	0.00663	0.00889	0.01037	0.01100	0.00638	0.00736	0.01085	0.01379	0.01835	0.03712	0.56365	0.04357	0.06742	0.04099	0.00356	0.00533	0.12326	0.00634	0.00585
8	0.01705	0.01775	0.06984	0.10357	0.60591	0.01680	0.02194	0.02157	0.01597	0.02277	0.01329	0.01759	0.01098	0.00644	0.00704	0.00215	0.00868	0.00628	0.00346	0.01093
9	0.01523	0.08756	0.42787	0.01841	0.02624	0.01552	0.07628	0.02139	0.01550	0.06346	0.01835	0.07889	0.01609	0.00936	0.00726	0.00236	0.00922	0.07729	0.00408	0.00963
10	0.07017	0.13229	0.02395	0.05295	0.16152	0.37909	0.01507	0.04800	0.01826	0.02040	0.01155	0.01395	0.00962	0.00694	0.00621	0.00190	0.01042	0.00493	0.00369	0.00909
11	0.01237	0.00618	0.00928	0.00928	0.00928	0.00618	0.00618	0.00928	0.00928	0.01237	0.01237	0.02165	0.01237	0.02474	0.02783	0.79283	0.00618	0.00618	0.00309	0.00309
12	0.00868	0.00620	0.00826	0.00991	0.01033	0.00578	0.00661	0.00991	0.01363	0.01818	0.03925	0.74510	0.04710	0.02231	0.00909	0.00289	0.00413	0.02024	0.00661	0.00578
13	0.02184	0.37650	0.10529	0.01372	0.01969	0.02094	0.01339	0.07462	0.01729	0.19278	0.01632	0.04135	0.01281	0.00786	0.00656	0.00193	0.03642	0.00568	0.00492	0.01009
14	0.02707	0.01995	0.02137	0.01638	0.02208	0.02208	0.01353	0.68159	0.03348	0.04488	0.01710	0.01710	0.01211	0.00855	0.00712	0.00214	0.00784	0.00641	0.00712	0.01211
15	0.00866	0.00626	0.00820	0.00974	0.01028	0.00580	0.00653	0.00993	0.01380	0.01825	0.04135	0.70175	0.08909	0.02203	0.00905	0.00286	0.00410	0.01991	0.00661	0.00580
16	0.02490	0.01887	0.02015	0.01595	0.02126	0.02107	0.01301	0.53246	0.18614	0.04138	0.01985	0.01929	0.01434	0.00881	0.00715	0.00220	0.00733	0.00679	0.00715	0.01192
17	0.01180	0.00692	0.00827	0.00860	0.00995	0.00714	0.00648	0.01456	0.01396	0.02248	0.02538	0.11961	0.02373	0.05099	0.15880	0.00422	0.00715	0.05833	0.43527	0.00637
18	0.01668	0.01495	0.01570	0.01181	0.01772	0.06522	0.00938	0.06275	0.06719	0.02464	0.01404	0.01565	0.01138	0.00597	0.00563	0.00129	0.00604	0.00467	0.00459	0.62468
19	0.01591	0.06794	0.01452	0.01102	0.01382	0.01281	0.00830	0.19940	0.01887	0.02570	0.08227	0.11128	0.02541	0.25467	0.01665	0.00366	0.00633	0.00948	0.03445	0.06751
20	0.01670	0.01422	0.01801	0.01360	0.01914	0.03970	0.08842	0.09205	0.01758	0.05446	0.02024	0.06773	0.06619	0.00805	0.00647	0.00164	0.00649	0.00697	0.00498	0.43736
21	0.01690	0.20457	0.11534	0.01588	0.02059	0.07180	0.07530	0.02025	0.01498	0.04950	0.04655	0.06463	0.01553	0.01098	0.04121	0.00255	0.12599	0.00677	0.02173	0.05895
22	0.09275	0.04728	0.13228	0.01725	0.08564	0.09531	0.01418	0.07714	0.13237	0.09969	0.04892	0.02243	0.05627	0.00853	0.00671	0.00213	0.00757	0.00672	0.00539	0.04141
23	0.05112	0.09375	0.08985	0.05919	0.09651	0.14614	0.03929	0.08275	0.05868	0.06475	0.01647	0.01913	0.03359	0.03530	0.00886	0.00230	0.06035	0.00616	0.00446	0.03135

[dist]
# distance from previous block
# <min> <max>
2	22

[block]
# block no. 2 follows, 29 sequences, length 23
# corresponding to MSA columns:
# 164-186
name=unknown_C
#
# <colnr> <probs for GDERKNQSTAVLIFYWHMCP>
#	G	D	E	R	K	N	Q	S	T	A	V	L	I	F	Y	W	H	M	C	P
0	0.24941	0.19372	0.13238	0.01389	0.01963	0.10134	0.01334	0.06169	0.01614	0.09618	0.01279	0.01401	0.00977	0.00713	0.00613	0.00204	0.03205	0.00473	0.00435	0.00928
1	0.02527	0.01830	0.01955	0.01532	0.02061	0.04136	0.01248	0.49859	0.05902	0.09721	0.01933	0.05837	0.01477	0.00914	0.00710	0.00212	0.00738	0.00712	0.00695	0.06001
2	0.15480	0.10514	0.09603	0.02068	0.10310	0.06242	0.12963	0.17122	0.04354	0.02860	0.01375	0.01579	0.01054	0.00702	0.00650	0.00212	0.00870	0.00584	0.00453	0.01005
3	0.01244	0.00634	0.00885	0.00885	0.00925	0.00641	0.00607	0.01090	0.01051	0.01540	0.01486	0.02293	0.01380	0.02284	0.05670	0.59721	0.00623	0.00634	0.16009	0.00396
4	0.01085	0.00745	0.00957	0.00894	0.01073	0.00683	0.00667	0.01393	0.01944	0.05418	0.60286	0.05267	0.10235	0.05063	0.00972	0.00248	0.00366	0.01266	0.00763	0.00677
5	0.00863	0.00698	0.00757	0.00791	0.00975	0.00603	0.00569	0.01031	0.01562	0.01924	0.09335	0.21407	0.50246	0.04781	0.00966	0.00268	0.00384	0.01587	0.00658	0.00593
6	0.80005	0.01377	0.01047	0.00936	0.01377	0.01597	0.00771	0.02093	0.01212	0.03195	0.00991	0.01157	0.00771	0.00661	0.00441	0.00220	0.00551	0.00386	0.00441	0.00771
7	0.00915	0.00724	0.00822	0.00798	0.01007	0.00632	0.00598	0.01163	0.01795	0.02333	0.34837	0.06180	0.42366	0.01651	0.00841	0.00233	0.00350	0.01408	0.00715	0.00632
8	0.01904	0.75404	0.03731	0.01218	0.01828	0.02818	0.01218	0.02132	0.01447	0.01675	0.00990	0.01142	0.00914	0.00609	0.00457	0.00152	0.00761	0.00381	0.00305	0.00914
9	0.01477	0.01266	0.01477	0.01055	0.01687	0.00949	0.00844	0.01793	0.01477	0.02320	0.01266	0.01477	0.01055	0.00527	0.00527	0.00105	0.00527	0.00422	0.00422	0.79328
10	0.01904	0.75404	0.03731	0.01218	0.01828	0.02818	0.01218	0.02132	0.01447	0.01675	0.00990	0.01142	0.00914	0.00609	0.00457	0.00152	0.00761	0.00381	0.00305	0.00914
11	0.01038	0.00794	0.00967	0.00993	0.01149	0.00778	0.00716	0.01503	0.10995	0.02349	0.27099	0.33408	0.12013	0.01742	0.00852	0.00255	0.00402	0.01545	0.00712	0.00689
12	0.02636	0.01968	0.02140	0.01653	0.02187	0.02207	0.01366	0.64064	0.03209	0.04317	0.01662	0.01700	0.01194	0.00879	0.00812	0.00220	0.05276	0.00640	0.00688	0.01184
13	0.80005	0.01377	0.01047	0.00936	0.01377	0.01597	0.00771	0.02093	0.01212	0.03195	0.00991	0.01157	0.00771	0.00661	0.00441	0.00220	0.00551	0.00386	0.00441	0.00771
14	0.03195	0.01212	0.01652	0.01267	0.01818	0.01047	0.01047	0.03470	0.02038	0.71026	0.02809	0.02424	0.01763	0.00881	0.00716	0.00220	0.00606	0.00716	0.00881	0.01212
15	0.00890	0.00637	0.00846	0.00976	0.01038	0.00593	0.00663	0.01048	0.01467	0.01983	0.14458	0.63506	0.05029	0.02108	0.00898	0.00279	0.00401	0.01907	0.00681	0.00593
16	0.03168	0.01255	0.01679	0.01288	0.01839	0.01111	0.01064	0.07071	0.02111	0.67323	0.02748	0.02384	0.01732	0.00880	0.00716	0.00220	0.00616	0.00712	0.00872	0.01212
17	0.00894	0.00636	0.00836	0.00967	0.01019	0.00596	0.00647	0.01032	0.01411	0.01899	0.10880	0.62393	0.04780	0.07077	0.01085	0.00309	0.00424	0.01879	0.00659	0.00578
18	0.00868	0.00620	0.00826	0.00991	0.01033	0.00578	0.00661	0.00991	0.01363	0.01818	0.03925	0.74510	0.04710	0.02231	0.00909	0.00289	0.00413	0.02024	0.00661	0.00578
19	0.01729	0.01658	0.02831	0.09798	0.65363	0.01683	0.02169	0.02156	0.01606	0.02286	0.01334	0.01773	0.01114	0.00641	0.00705	0.00214	0.00854	0.00634	0.00350	0.01101
20	0.06629	0.01284	0.01387	0.01181	0.01572	0.01323	0.00917	0.13255	0.18925	0.02718	0.02773	0.06424	0.10898	0.07208	0.04899	0.00297	0.00643	0.00844	0.00591	0.16232
21	0.05472	0.44565	0.02912	0.01384	0.01851	0.18665	0.01230	0.02212	0.01574	0.01835	0.05274	0.01468	0.01268	0.00746	0.00681	0.00180	0.06992	0.00475	0.00355	0.00861
22	0.07010	0.13275	0.15026	0.04001	0.02432	0.04834	0.10794	0.06867	0.03845	0.02230	0.01218	0.01556	0.00997	0.00844	0.01131	0.00239	0.21829	0.00584	0.00369	0.00918

[dist]
# distance from previous block
# <min> <max>
2	60

[block]
# block no. 3 follows, 29 sequences, length 15
# corresponding to MSA columns:
# 248-262
name=unknown_D
#
# <colnr> <probs for GDERKNQSTAVLIFYWHMCP>
#	G	D	E	R	K	N	Q	S	T	A	V	L	I	F	Y	W	H	M	C	P
0	0.01658	0.02077	0.10166	0.02915	0.03665	0.01788	0.62140	0.02279	0.01665	0.02279	0.01426	0.01884	0.01065	0.00607	0.00826	0.00239	0.01187	0.00812	0.00355	0.00969
1	0.01008	0.00728	0.00952	0.00896	0.01064	0.00672	0.00672	0.01344	0.02016	0.02855	0.70158	0.05319	0.06719	0.01456	0.00840	0.00224	0.00336	0.01288	0.00784	0.00672
2	0.01032	0.00705	0.00848	0.00848	0.00873	0.00729	0.00521	0.01082	0.01057	0.01434	0.02178	0.04296	0.02431	0.61379	0.17004	0.00779	0.00928	0.00982	0.00422	0.00471
3	0.01904	0.75404	0.03731	0.01218	0.01828	0.02818	0.01218	0.02132	0.01447	0.01675	0.00990	0.01142	0.00914	0.00609	0.00457	0.00152	0.00761	0.00381	0.00305	0.00914
4	0.02541	0.01854	0.02001	0.01578	0.02112	0.02052	0.01289	0.51175	0.16895	0.07958	0.02018	0.01946	0.01441	0.00879	0.00715	0.00220	0.00728	0.00679	0.00724	0.01194
5	0.01477	0.01266	0.01477	0.01055	0.01687	0.00949	0.00844	0.01793	0.01477	0.02320	0.01266	0.01477	0.01055	0.00527	0.00527	0.00105	0.00527	0.00422	0.00422	0.79328
6	0.01621	0.01557	0.02060	0.01779	0.01829	0.05215	0.01470	0.01792	0.01174	0.04329	0.01101	0.01690	0.01042	0.01580	0.08519	0.00378	0.61107	0.00632	0.00342	0.00784
7	0.00919	0.00674	0.00863	0.00923	0.01037	0.00617	0.00652	0.01132	0.01648	0.02235	0.30159	0.39765	0.12983	0.01879	0.00874	0.00258	0.00377	0.01677	0.00709	0.00617
8	0.01703	0.01679	0.02563	0.02874	0.32531	0.05458	0.12039	0.02103	0.01604	0.02284	0.01316	0.01662	0.01083	0.00598	0.00662	0.00178	0.00818	0.00584	0.00378	0.27882
9	0.00983	0.00731	0.00918	0.00881	0.01063	0.00665	0.00668	0.01290	0.01927	0.02653	0.55772	0.05716	0.18273	0.01541	0.00846	0.00231	0.00354	0.04072	0.00756	0.00658
10	0.01073	0.00827	0.01148	0.05384	0.01472	0.00805	0.03367	0.05311	0.01508	0.02028	0.03397	0.59141	0.03942	0.01905	0.00863	0.00270	0.00504	0.01728	0.00620	0.04708
11	0.00975	0.00727	0.00906	0.00861	0.01044	0.00658	0.00646	0.01280	0.01938	0.02672	0.57766	0.05621	0.19225	0.01524	0.00840	0.00227	0.00341	0.01330	0.00760	0.00658
12	0.80005	0.01377	0.01047	0.00936	0.01377	0.01597	0.00771	0.02093	0.01212	0.03195	0.00991	0.01157	0.00771	0.00661	0.00441	0.00220	0.00551	0.00386	0.00441	0.00771
13	0.05426	0.01886	0.02775	0.03849	0.55966	0.09831	0.05494	0.02262	0.01652	0.02296	0.01301	0.01688	0.01085	0.00645	0.00693	0.00210	0.00902	0.00614	0.00359	0.01068
14	0.12142	0.01392	0.02124	0.47105	0.09489	0.01639	0.05159	0.04416	0.05715	0.02240	0.01361	0.01828	0.01032	0.00714	0.00682	0.00232	0.00870	0.00621	0.00378	0.00861

[dist]
# distance from previous block
# <min> <max>
0	2

[block]
# block no. 4 follows, 29 sequences, length 39
# corresponding to MSA columns:
# 265-272,274-304
name=unknown_E
#
# <colnr> <probs for GDERKNQSTAVLIFYWHMCP>
#	G	D	E	R	K	N	Q	S	T	A	V	L	I	F	Y	W	H	M	C	P
0	0.01152	0.00910	0.01136	0.06398	0.01486	0.00932	0.00842	0.01784	0.14357	0.02663	0.43456	0.08663	0.10677	0.01383	0.00813	0.00233	0.00430	0.01210	0.00721	0.00754
1	0.01345	0.01266	0.02136	0.73264	0.04904	0.01582	0.01978	0.01819	0.01424	0.01819	0.01266	0.01898	0.00949	0.00712	0.00712	0.00237	0.00949	0.00633	0.00316	0.00791
2	0.01627	0.01553	0.02645	0.26774	0.49191	0.01656	0.02118	0.02066	0.01557	0.02161	0.01315	0.01807	0.01070	0.00660	0.00707	0.00220	0.00880	0.00634	0.00341	0.01018
3	0.01345	0.01266	0.02136	0.73264	0.04904	0.01582	0.01978	0.01819	0.01424	0.01819	0.01266	0.01898	0.00949	0.00712	0.00712	0.00237	0.00949	0.00633	0.00316	0.00791
4	0.00868	0.00620	0.00826	0.00991	0.01033	0.00578	0.00661	0.00991	0.01363	0.01818	0.03925	0.74510	0.04710	0.02231	0.00909	0.00289	0.00413	0.02024	0.00661	0.00578
5	0.01904	0.75404	0.03731	0.01218	0.01828	0.02818	0.01218	0.02132	0.01447	0.01675	0.00990	0.01142	0.00914	0.00609	0.00457	0.00152	0.00761	0.00381	0.00305	0.00914
6	0.02992	0.01187	0.01604	0.01236	0.01769	0.01021	0.01016	0.03273	0.02011	0.64020	0.06598	0.02547	0.02015	0.00898	0.00715	0.00215	0.00587	0.00736	0.00855	0.04707
7	0.01811	0.01810	0.02761	0.09032	0.59938	0.07811	0.02100	0.02217	0.01642	0.02240	0.01313	0.01730	0.01097	0.00649	0.00700	0.00211	0.00891	0.00619	0.00351	0.01078
8	0.02789	0.01862	0.02055	0.01575	0.02142	0.02012	0.01301	0.57212	0.03126	0.15747	0.01896	0.01830	0.01304	0.00859	0.00713	0.00215	0.00753	0.00654	0.00741	0.01211
9	0.00963	0.00750	0.00810	0.00813	0.01053	0.00644	0.00632	0.01169	0.01653	0.04374	0.08832	0.06780	0.58218	0.01778	0.00853	0.00249	0.00402	0.08726	0.00672	0.00631
10	0.00985	0.00727	0.00921	0.00872	0.01050	0.00662	0.00654	0.01300	0.01962	0.02729	0.61636	0.05527	0.15319	0.01503	0.00840	0.00226	0.00339	0.01317	0.00767	0.00662
11	0.01619	0.02056	0.11698	0.05486	0.03608	0.01738	0.55428	0.02230	0.01649	0.02255	0.01504	0.02104	0.01169	0.00665	0.00822	0.00242	0.01153	0.03258	0.00363	0.00953
12	0.00868	0.00620	0.00826	0.00991	0.01033	0.00578	0.00661	0.00991	0.01363	0.01818	0.03925	0.74510	0.04710	0.02231	0.00909	0.00289	0.00413	0.02024	0.00661	0.00578
13	0.00877	0.00654	0.00816	0.00920	0.01020	0.00594	0.00635	0.01036	0.01492	0.01954	0.11810	0.51760	0.19736	0.02051	0.00886	0.00271	0.00393	0.01827	0.00674	0.00594
14	0.04019	0.01622	0.02892	0.35631	0.06314	0.04268	0.26373	0.02042	0.01521	0.02042	0.01298	0.01836	0.00996	0.00700	0.00847	0.00239	0.05460	0.00695	0.00339	0.00865
15	0.05276	0.06179	0.02191	0.01591	0.02158	0.02222	0.01326	0.62141	0.03167	0.04283	0.01644	0.01658	0.01179	0.00834	0.00689	0.00210	0.00774	0.00618	0.00680	0.01179
16	0.00961	0.00665	0.00792	0.00855	0.00884	0.00643	0.00525	0.01018	0.01193	0.01577	0.03165	0.31260	0.07268	0.43212	0.02436	0.00513	0.00566	0.01437	0.00532	0.00497
17	0.01858	0.53591	0.18686	0.01449	0.02138	0.08130	0.01547	0.02217	0.01505	0.01810	0.01063	0.01234	0.00911	0.00634	0.00521	0.00171	0.00868	0.00419	0.00309	0.00938
18	0.02716	0.01109	0.01479	0.01169	0.01648	0.00960	0.00953	0.02987	0.01989	0.56587	0.09871	0.03205	0.09971	0.01041	0.00742	0.00223	0.00552	0.00861	0.00847	0.01090
19	0.01477	0.01266	0.01477	0.01055	0.01687	0.00949	0.00844	0.01793	0.01477	0.02320	0.01266	0.01477	0.01055	0.00527	0.00527	0.00105	0.00527	0.00422	0.00422	0.79328
20	0.01265	0.00942	0.01067	0.01000	0.01243	0.00920	0.00759	0.11511	0.01849	0.05119	0.09026	0.21909	0.34779	0.01683	0.00884	0.00249	0.02977	0.01420	0.00673	0.00725
21	0.80005	0.01377	0.01047	0.00936	0.01377	0.01597	0.00771	0.02093	0.01212	0.03195	0.00991	0.01157	0.00771	0.00661	0.00441	0.00220	0.00551	0.00386	0.00441	0.00771
22	0.01958	0.01622	0.01715	0.01487	0.01923	0.01858	0.01172	0.16646	0.56080	0.03280	0.02661	0.02467	0.01981	0.00944	0.00722	0.00236	0.00607	0.00772	0.00722	0.01144
23	0.01776	0.01369	0.01620	0.08475	0.05134	0.01517	0.01179	0.03139	0.43110	0.10377	0.07162	0.02977	0.07022	0.01006	0.00737	0.00236	0.00590	0.00850	0.00685	0.01039
24	0.02714	0.01105	0.01498	0.01185	0.01652	0.00964	0.00964	0.03003	0.02033	0.56038	0.17617	0.03060	0.02852	0.01008	0.00743	0.00221	0.00547	0.00842	0.00860	0.01093
25	0.01017	0.00763	0.01144	0.01144	0.01272	0.00890	0.00890	0.01272	0.01144	0.01653	0.01907	0.02797	0.01780	0.05340	0.72153	0.01144	0.01907	0.00763	0.00381	0.00636
26	0.00869	0.00703	0.00772	0.00796	0.00989	0.00606	0.00581	0.01059	0.01626	0.02028	0.14980	0.19540	0.49286	0.01838	0.00854	0.00248	0.00367	0.01573	0.00678	0.00606
27	0.01428	0.03683	0.71286	0.02030	0.03082	0.01654	0.02631	0.02255	0.01503	0.02255	0.01278	0.01503	0.00902	0.00677	0.00677	0.00226	0.01052	0.00526	0.00301	0.01052
28	0.01681	0.01921	0.04202	0.03001	0.03721	0.01801	0.67947	0.02281	0.01681	0.02281	0.01441	0.01921	0.01080	0.00600	0.00840	0.00240	0.01200	0.00840	0.00360	0.00960
29	0.02707	0.01995	0.02137	0.01638	0.02208	0.02208	0.01353	0.68159	0.03348	0.04488	0.01710	0.01710	0.01211	0.00855	0.00712	0.00214	0.00784	0.00641	0.00712	0.01211
30	0.01393	0.01340	0.01184	0.01127	0.01400	0.12503	0.00852	0.03899	0.14570	0.02234	0.09333	0.12304	0.30332	0.01468	0.00794	0.00237	0.00574	0.03061	0.00636	0.00760
31	0.01477	0.01266	0.01477	0.01055	0.01687	0.00949	0.00844	0.01793	0.01477	0.02320	0.01266	0.01477	0.01055	0.00527	0.00527	0.00105	0.00527	0.00422	0.00422	0.79328
32	0.01029	0.00718	0.00915	0.00915	0.00963	0.00766	0.00604	0.01124	0.01077	0.01483	0.02117	0.03958	0.02284	0.48736	0.29446	0.00861	0.01149	0.00933	0.00413	0.00508
33	0.01477	0.01266	0.01477	0.01055	0.01687	0.00949	0.00844	0.01793	0.01477	0.02320	0.01266	0.01477	0.01055	0.00527	0.00527	0.00105	0.00527	0.00422	0.00422	0.79328
34	0.05419	0.01887	0.03528	0.03298	0.25305	0.04930	0.40376	0.02266	0.01655	0.02314	0.01371	0.01805	0.01074	0.00620	0.00769	0.00227	0.01058	0.00735	0.00362	0.01000
35	0.01904	0.75404	0.03731	0.01218	0.01828	0.02818	0.01218	0.02132	0.01447	0.01675	0.00990	0.01142	0.00914	0.00609	0.00457	0.00152	0.00761	0.00381	0.00305	0.00914
36	0.80005	0.01377	0.01047	0.00936	0.01377	0.01597	0.00771	0.02093	0.01212	0.03195	0.00991	0.01157	0.00771	0.00661	0.00441	0.00220	0.00551	0.00386	0.00441	0.00771
37	0.01762	0.01692	0.02890	0.04371	0.70533	0.01692	0.02185	0.02185	0.01621	0.02326	0.01339	0.01762	0.01128	0.00634	0.00705	0.00211	0.00846	0.00634	0.00352	0.01128
38	0.01647	0.01867	0.04063	0.02918	0.03611	0.01750	0.65178	0.02228	0.01668	0.02262	0.01543	0.04908	0.01230	0.00667	0.00843	0.00242	0.01168	0.00889	0.00373	0.00945

[dist]
# distance from previous block
# <min> <max>
0	33

[block]
# block no. 5 follows, 29 sequences, length 44
# corresponding to MSA columns:
# 338-381
name=unknown_F
#
# <colnr> <probs for GDERKNQSTAVLIFYWHMCP>
#	G	D	E	R	K	N	Q	S	T	A	V	L	I	F	Y	W	H	M	C	P
0	0.80005	0.01377	0.01047	0.00936	0.01377	0.01597	0.00771	0.02093	0.01212	0.03195	0.00991	0.01157	0.00771	0.00661	0.00441	0.00220	0.00551	0.00386	0.00441	0.00771
1	0.01237	0.00618	0.00928	0.00928	0.00928	0.00618	0.00618	0.00928	0.00928	0.01237	0.01237	0.02165	0.01237	0.02474	0.02783	0.79283	0.00618	0.00618	0.00309	0.00309
2	0.01197	0.00645	0.00967	0.00967	0.00991	0.00668	0.00668	0.00991	0.00967	0.01313	0.01360	0.02281	0.01336	0.02999	0.15500	0.64958	0.00855	0.00645	0.00322	0.00369
3	0.07005	0.01960	0.02076	0.01599	0.02162	0.02174	0.01321	0.64486	0.03229	0.04416	0.01670	0.01679	0.01187	0.00844	0.00697	0.00214	0.00771	0.00627	0.00697	0.01187
4	0.80005	0.01377	0.01047	0.00936	0.01377	0.01597	0.00771	0.02093	0.01212	0.03195	0.00991	0.01157	0.00771	0.00661	0.00441	0.00220	0.00551	0.00386	0.00441	0.00771
5	0.80005	0.01377	0.01047	0.00936	0.01377	0.01597	0.00771	0.02093	0.01212	0.03195	0.00991	0.01157	0.00771	0.00661	0.00441	0.00220	0.00551	0.00386	0.00441	0.00771
6	0.01036	0.00690	0.00777	0.00777	0.00777	0.00690	0.00431	0.01036	0.01036	0.01381	0.02244	0.04660	0.02589	0.74975	0.03624	0.00690	0.00690	0.01036	0.00431	0.00431
7	0.72700	0.01462	0.01086	0.00976	0.01402	0.05495	0.00794	0.02118	0.01267	0.03093	0.01048	0.01221	0.00819	0.00671	0.00454	0.00216	0.00583	0.00400	0.03420	0.00770
8	0.01018	0.00759	0.01126	0.01126	0.01247	0.00880	0.00867	0.01260	0.01139	0.01640	0.01924	0.02890	0.01820	0.08788	0.68760	0.01122	0.01847	0.00776	0.00384	0.00626
9	0.80005	0.01377	0.01047	0.00936	0.01377	0.01597	0.00771	0.02093	0.01212	0.03195	0.00991	0.01157	0.00771	0.00661	0.00441	0.00220	0.00551	0.00386	0.00441	0.00771
10	0.00900	0.00647	0.00839	0.00980	0.01040	0.00607	0.00670	0.01032	0.01374	0.01813	0.03995	0.59565	0.08821	0.08026	0.01128	0.00321	0.00450	0.06576	0.00642	0.00574
11	0.01237	0.00618	0.00928	0.00928	0.00928	0.00618	0.00618	0.00928	0.00928	0.01237	0.01237	0.02165	0.01237	0.02474	0.02783	0.79283	0.00618	0.00618	0.00309	0.00309
12	0.00842	0.00721	0.00721	0.00721	0.00962	0.00601	0.00541	0.01022	0.01623	0.01924	0.07213	0.06853	0.70244	0.01803	0.00842	0.00240	0.00361	0.01503	0.00661	0.00601
13	0.80005	0.01377	0.01047	0.00936	0.01377	0.01597	0.00771	0.02093	0.01212	0.03195	0.00991	0.01157	0.00771	0.00661	0.00441	0.00220	0.00551	0.00386	0.00441	0.00771
14	0.01197	0.00898	0.00982	0.00930	0.01201	0.00853	0.00706	0.01734	0.14076	0.07059	0.12913	0.09941	0.41686	0.01574	0.00815	0.00241	0.00416	0.01329	0.00702	0.00747
15	0.00868	0.00620	0.00826	0.00991	0.01033	0.00578	0.00661	0.00991	0.01363	0.01818	0.03925	0.74510	0.04710	0.02231	0.00909	0.00289	0.00413	0.02024	0.00661	0.00578
16	0.01001	0.00728	0.00942	0.00888	0.01059	0.00669	0.00666	0.01330	0.01998	0.02815	0.67401	0.05386	0.09501	0.01471	0.00840	0.00225	0.00337	0.01297	0.00778	0.00669
17	0.09951	0.01319	0.01643	0.01283	0.01818	0.01245	0.01056	0.09675	0.05420	0.55093	0.02544	0.02252	0.01640	0.00863	0.00691	0.00221	0.00616	0.00684	0.00818	0.01168
18	0.02487	0.01830	0.01980	0.01561	0.02067	0.02013	0.01271	0.60116	0.03110	0.04168	0.01975	0.10427	0.01630	0.01020	0.00736	0.00223	0.00739	0.00807	0.00706	0.01135
19	0.75637	0.01407	0.01223	0.01052	0.01508	0.01609	0.04518	0.02104	0.01238	0.03144	0.01017	0.01199	0.00788	0.00658	0.00463	0.00221	0.00587	0.00411	0.00436	0.00782
20	0.01033	0.00697	0.00809	0.00806	0.00823	0.00702	0.00473	0.01067	0.01097	0.01480	0.06011	0.04582	0.02769	0.66587	0.07689	0.00692	0.00746	0.01033	0.00448	0.00457
21	0.02565	0.01857	0.01985	0.01538	0.02066	0.02049	0.01265	0.61309	0.03157	0.04299	0.01773	0.01807	0.01274	0.00852	0.00690	0.00209	0.00737	0.00643	0.08769	0.01155
22	0.01008	0.00728	0.00952	0.00896	0.01064	0.00672	0.00672	0.01344	0.02016	0.02855	0.70158	0.05319	0.06719	0.01456	0.00840	0.00224	0.00336	0.01288	0.00784	0.00672
23	0.01009	0.00777	0.00928	0.00882	0.01085	0.00722	0.00664	0.01408	0.06215	0.02597	0.47883	0.05586	0.24554	0.01524	0.00833	0.00230	0.00358	0.01318	0.00745	0.00681
24	0.01477	0.01266	0.01477	0.01055	0.01687	0.00949	0.00844	0.01793	0.01477	0.02320	0.01266	0.01477	0.01055	0.00527	0.00527	0.00105	0.00527	0.00422	0.00422	0.79328
25	0.01000	0.00728	0.00941	0.00887	0.01059	0.00668	0.00666	0.01328	0.01997	0.02810	0.67100	0.05394	0.09804	0.01473	0.00840	0.00225	0.00337	0.01298	0.00778	0.00668
26	0.01780	0.01407	0.01613	0.01177	0.01795	0.01201	0.00951	0.14938	0.01865	0.05182	0.01408	0.01556	0.01111	0.00604	0.00571	0.00131	0.00581	0.00476	0.00495	0.61157
27	0.02689	0.01873	0.02050	0.01568	0.02139	0.02019	0.01293	0.57806	0.03109	0.11221	0.01798	0.01770	0.01259	0.00839	0.00702	0.00208	0.00751	0.00637	0.00714	0.05554
28	0.01731	0.01308	0.01570	0.03660	0.01775	0.01395	0.03306	0.27939	0.05553	0.02981	0.05008	0.20301	0.04755	0.07858	0.01055	0.00289	0.00655	0.07340	0.00647	0.00875
29	0.01797	0.01087	0.01363	0.05218	0.01689	0.01105	0.00971	0.08083	0.13339	0.19449	0.08450	0.28397	0.03191	0.01413	0.00796	0.00249	0.00543	0.01234	0.00721	0.00904
30	0.01237	0.00618	0.00928	0.00928	0.00928	0.00618	0.00618	0.00928	0.00928	0.01237	0.01237	0.02165	0.01237	0.02474	0.02783	0.79283	0.00618	0.00618	0.00309	0.00309
31	0.01762	0.01692	0.02890	0.04371	0.70533	0.01692	0.02185	0.02185	0.01621	0.02326	0.01339	0.01762	0.01128	0.00634	0.00705	0.00211	0.00846	0.00634	0.00352	0.01128
32	0.02303	0.02192	0.02097	0.16928	0.09646	0.26205	0.01543	0.17017	0.02137	0.08538	0.01530	0.01872	0.01187	0.00798	0.00696	0.00212	0.00979	0.02671	0.00486	0.00963
33	0.03719	0.02331	0.29352	0.02251	0.14262	0.01646	0.04633	0.04300	0.01534	0.04872	0.05549	0.01876	0.01370	0.00919	0.01101	0.04079	0.14231	0.00634	0.00384	0.00956
34	0.01034	0.00696	0.00807	0.00807	0.00817	0.00707	0.00469	0.01055	0.01044	0.01403	0.02216	0.04506	0.02522	0.69230	0.09278	0.00728	0.00791	0.01013	0.00427	0.00448
35	0.05442	0.02544	0.31606	0.04997	0.13056	0.01676	0.22960	0.02280	0.01581	0.05094	0.01386	0.01706	0.01021	0.00655	0.00724	0.00228	0.01023	0.00645	0.00358	0.01018
36	0.00892	0.00646	0.00853	0.00994	0.01059	0.00593	0.00668	0.01024	0.01368	0.01838	0.03817	0.71548	0.04561	0.02162	0.00893	0.00282	0.00418	0.01959	0.00651	0.03772
37	0.02560	0.01628	0.01831	0.01463	0.01974	0.01741	0.01189	0.32402	0.19849	0.21949	0.02327	0.02171	0.01623	0.00890	0.00711	0.00221	0.00667	0.00704	0.02927	0.01175
38	0.56542	0.01450	0.01429	0.10246	0.06965	0.01665	0.01085	0.08871	0.01488	0.03093	0.01125	0.01350	0.00865	0.00685	0.00522	0.00221	0.00646	0.00461	0.00447	0.00845
39	0.28002	0.02163	0.13214	0.01625	0.05856	0.09371	0.01405	0.21290	0.02028	0.06798	0.01373	0.01488	0.01007	0.00737	0.00609	0.00215	0.00799	0.00522	0.00506	0.00993
40	0.17182	0.05690	0.01906	0.21064	0.06813	0.07351	0.01418	0.13264	0.05088	0.02650	0.01637	0.02379	0.01395	0.00877	0.00671	0.00230	0.00800	0.08223	0.00473	0.00889
41	0.02090	0.01545	0.01594	0.01321	0.01712	0.04060	0.01044	0.35445	0.11459	0.03466	0.02099	0.04827	0.01690	0.06460	0.00890	0.00244	0.00653	0.00740	0.17672	0.00987
42	0.02139	0.01857	0.01836	0.01660	0.04981	0.10392	0.01252	0.18113	0.40920	0.05494	0.02340	0.02229	0.01744	0.00895	0.00711	0.00226	0.00715	0.00715	0.00667	0.01112
43	0.01762	0.01692	0.02890	0.04371	0.70533	0.01692	0.02185	0.02185	0.01621	0.02326	0.01339	0.01762	0.01128	0.00634	0.00705	0.00211	0.00846	0.00634	0.00352	0.01128

[dist]
# distance from previous block
# <min> <max>
0	15

[block]
# block no. 6 follows, 29 sequences, length 43
# corresponding to MSA columns:
# 397-439
name=unknown_G
#
# <colnr> <probs for GDERKNQSTAVLIFYWHMCP>
#	G	D	E	R	K	N	Q	S	T	A	V	L	I	F	Y	W	H	M	C	P
0	0.01904	0.75404	0.03731	0.01218	0.01828	0.02818	0.01218	0.02132	0.01447	0.01675	0.00990	0.01142	0.00914	0.00609	0.00457	0.00152	0.00761	0.00381	0.00305	0.00914
1	0.01796	0.56525	0.07716	0.01297	0.01856	0.06416	0.01276	0.02064	0.01442	0.01714	0.01139	0.01398	0.01030	0.01260	0.10169	0.00293	0.00965	0.00446	0.00318	0.00880
2	0.02707	0.01995	0.02137	0.01638	0.02208	0.02208	0.01353	0.68159	0.03348	0.04488	0.01710	0.01710	0.01211	0.00855	0.00712	0.00214	0.00784	0.00641	0.00712	0.01211
3	0.01345	0.01266	0.02136	0.73264	0.04904	0.01582	0.01978	0.01819	0.01424	0.01819	0.01266	0.01898	0.00949	0.00712	0.00712	0.00237	0.00949	0.00633	0.00316	0.00791
4	0.01497	0.01902	0.19671	0.46812	0.08382	0.01577	0.02103	0.02046	0.01491	0.05891	0.01361	0.01820	0.00995	0.00708	0.00703	0.00232	0.00949	0.00611	0.00347	0.00902
5	0.01007	0.00700	0.00913	0.00951	0.01081	0.00645	0.00688	0.01244	0.01707	0.04297	0.34502	0.34289	0.09379	0.01801	0.00870	0.00256	0.00389	0.03914	0.00724	0.00644
6	0.03195	0.01212	0.01652	0.01267	0.01818	0.01047	0.01047	0.03470	0.02038	0.71026	0.02809	0.02424	0.01763	0.00881	0.00716	0.00220	0.00606	0.00716	0.00881	0.01212
7	0.02607	0.01779	0.01939	0.01508	0.02035	0.01935	0.01239	0.53169	0.05404	0.11423	0.01923	0.01902	0.01358	0.00859	0.00695	0.00211	0.00718	0.00657	0.07480	0.01161
8	0.01966	0.02121	0.18574	0.01570	0.02150	0.05637	0.01487	0.08641	0.32323	0.10942	0.02265	0.02191	0.01647	0.00857	0.00696	0.00226	0.00736	0.00687	0.04196	0.01088
9	0.00873	0.00627	0.00819	0.00970	0.01019	0.00584	0.00646	0.00995	0.01362	0.01805	0.04007	0.68519	0.07640	0.05207	0.01018	0.00303	0.00422	0.01960	0.00652	0.00573
10	0.01036	0.00690	0.00777	0.00777	0.00777	0.00690	0.00431	0.01036	0.01036	0.01381	0.02244	0.04660	0.02589	0.74975	0.03624	0.00690	0.00690	0.01036	0.00431	0.00431
11	0.01477	0.01266	0.01477	0.01055	0.01687	0.00949	0.00844	0.01793	0.01477	0.02320	0.01266	0.01477	0.01055	0.00527	0.00527	0.00105	0.00527	0.00422	0.00422	0.79328
12	0.02544	0.05298	0.02279	0.01673	0.02233	0.02153	0.05103	0.58927	0.03093	0.04135	0.01743	0.04374	0.01319	0.00880	0.00715	0.00215	0.00793	0.00691	0.00672	0.01160
13	0.01003	0.00687	0.00894	0.01017	0.01107	0.00647	0.00707	0.01205	0.03541	0.04724	0.04026	0.62393	0.08202	0.02099	0.00895	0.00284	0.00434	0.04837	0.00672	0.00626
14	0.02528	0.01868	0.01996	0.01562	0.02090	0.02072	0.01280	0.57506	0.10178	0.04222	0.01870	0.01864	0.01348	0.00865	0.00701	0.00214	0.00734	0.00660	0.05272	0.01170
15	0.02474	0.08819	0.02177	0.01521	0.02079	0.02118	0.01271	0.53290	0.05164	0.03972	0.01675	0.01706	0.01227	0.00814	0.00669	0.00200	0.00742	0.00609	0.03430	0.06043
16	0.01301	0.01208	0.04339	0.01640	0.01957	0.01105	0.17628	0.07107	0.01685	0.02262	0.04956	0.33333	0.03323	0.01582	0.00879	0.00274	0.00706	0.13376	0.00580	0.00761
17	0.00868	0.00620	0.00826	0.00991	0.01033	0.00578	0.00661	0.00991	0.01363	0.01818	0.03925	0.74510	0.04710	0.02231	0.00909	0.00289	0.00413	0.02024	0.00661	0.00578
18	0.01805	0.01686	0.02714	0.07560	0.46817	0.01744	0.07090	0.07417	0.11178	0.02550	0.01589	0.01903	0.01266	0.00699	0.00719	0.00220	0.00835	0.00675	0.00430	0.01102
19	0.01345	0.01266	0.02136	0.73264	0.04904	0.01582	0.01978	0.01819	0.01424	0.01819	0.01266	0.01898	0.00949	0.00712	0.00712	0.00237	0.00949	0.00633	0.00316	0.00791
20	0.01762	0.01692	0.02890	0.04371	0.70533	0.01692	0.02185	0.02185	0.01621	0.02326	0.01339	0.01762	0.01128	0.00634	0.00705	0.00211	0.00846	0.00634	0.00352	0.01128
21	0.01762	0.01692	0.02890	0.04371	0.70533	0.01692	0.02185	0.02185	0.01621	0.02326	0.01339	0.01762	0.01128	0.00634	0.00705	0.00211	0.00846	0.00634	0.00352	0.01128
22	0.01904	0.75404	0.03731	0.01218	0.01828	0.02818	0.01218	0.02132	0.01447	0.01675	0.00990	0.01142	0.00914	0.00609	0.00457	0.00152	0.00761	0.00381	0.00305	0.00914
23	0.01558	0.01558	0.02181	0.01869	0.01869	0.02181	0.01558	0.01714	0.01091	0.01714	0.00935	0.01558	0.00935	0.01246	0.02337	0.00312	0.73672	0.00623	0.00312	0.00779
24	0.80005	0.01377	0.01047	0.00936	0.01377	0.01597	0.00771	0.02093	0.01212	0.03195	0.00991	0.01157	0.00771	0.00661	0.00441	0.00220	0.00551	0.00386	0.00441	0.00771
25	0.01369	0.01290	0.02180	0.69249	0.08729	0.01588	0.01990	0.01841	0.01435	0.01849	0.01270	0.01891	0.00960	0.00707	0.00712	0.00236	0.00943	0.00633	0.00319	0.00811
26	0.03195	0.01212	0.01652	0.01267	0.01818	0.01047	0.01047	0.03470	0.02038	0.71026	0.02809	0.02424	0.01763	0.00881	0.00716	0.00220	0.00606	0.00716	0.00881	0.01212
27	0.01487	0.12607	0.62880	0.01929	0.02926	0.01799	0.02455	0.02240	0.01496	0.02183	0.01242	0.01458	0.00903	0.00668	0.00649	0.00216	0.01016	0.00508	0.00301	0.01035
28	0.03195	0.01212	0.01652	0.01267	0.01818	0.01047	0.01047	0.03470	0.02038	0.71026	0.02809	0.02424	0.01763	0.00881	0.00716	0.00220	0.00606	0.00716	0.00881	0.01212
29	0.00876	0.00626	0.00834	0.00986	0.01035	0.00584	0.00662	0.01012	0.01401	0.01878	0.07784	0.70478	0.04827	0.02186	0.00905	0.00285	0.00409	0.01981	0.00668	0.00584
30	0.00868	0.00620	0.00826	0.00991	0.01033	0.00578	0.00661	0.00991	0.01363	0.01818	0.03925	0.74510	0.04710	0.02231	0.00909	0.00289	0.00413	0.02024	0.00661	0.00578
31	0.00842	0.00721	0.00721	0.00721	0.00962	0.00601	0.00541	0.01022	0.01623	0.01924	0.07213	0.06853	0.70244	0.01803	0.00842	0.00240	0.00361	0.01503	0.00661	0.00601
32	0.03195	0.01212	0.01652	0.01267	0.01818	0.01047	0.01047	0.03470	0.02038	0.71026	0.02809	0.02424	0.01763	0.00881	0.00716	0.00220	0.00606	0.00716	0.00881	0.01212
33	0.03140	0.01224	0.01651	0.01274	0.01819	0.01074	0.01050	0.03482	0.04623	0.68409	0.02813	0.02433	0.01778	0.00885	0.00716	0.00221	0.00604	0.00719	0.00875	0.01209
34	0.01018	0.00760	0.01127	0.01127	0.01249	0.00881	0.00869	0.01261	0.01139	0.01640	0.01923	0.02883	0.01817	0.08547	0.68998	0.01123	0.01851	0.00775	0.00384	0.00626
35	0.80005	0.01377	0.01047	0.00936	0.01377	0.01597	0.00771	0.02093	0.01212	0.03195	0.00991	0.01157	0.00771	0.00661	0.00441	0.00220	0.00551	0.00386	0.00441	0.00771
36	0.01699	0.02042	0.14206	0.03837	0.52143	0.01698	0.09516	0.02207	0.01609	0.02310	0.01341	0.01738	0.01086	0.00638	0.00715	0.00217	0.00919	0.00639	0.00345	0.01097
37	0.58394	0.07055	0.01486	0.01116	0.01590	0.01697	0.03447	0.04662	0.05859	0.07260	0.01272	0.01382	0.00963	0.00695	0.00503	0.00217	0.00604	0.00460	0.00483	0.00856
38	0.01007	0.00838	0.01282	0.01247	0.01398	0.00810	0.08424	0.01208	0.01440	0.01901	0.03933	0.49493	0.12844	0.01925	0.00962	0.00281	0.03863	0.05895	0.00610	0.00639
39	0.01828	0.01808	0.02607	0.10931	0.50372	0.09438	0.01994	0.04799	0.01714	0.02286	0.01431	0.02008	0.01225	0.00723	0.00712	0.00216	0.00894	0.03593	0.00378	0.01042
40	0.01425	0.01205	0.03872	0.01425	0.06428	0.03789	0.01050	0.03816	0.11310	0.07177	0.03754	0.22783	0.16042	0.01533	0.00877	0.00259	0.03260	0.08558	0.00627	0.00808
41	0.02107	0.06560	0.08972	0.02357	0.20676	0.21578	0.01622	0.09906	0.01930	0.06852	0.01780	0.04400	0.03814	0.00855	0.00695	0.00211	0.00923	0.03323	0.00458	0.00981
42	0.02156	0.01763	0.04245	0.01996	0.13229	0.03987	0.03816	0.33649	0.02474	0.06475	0.06394	0.07643	0.01831	0.00927	0.00724	0.00213	0.00749	0.00778	0.00606	0.06345

[dist]
# distance from previous block
# <min> <max>
0	32

# created by:
# /st0/software/busco_prod/Augustus/scripts/msa2prfl.pl ./align_prep/124200.fa
