[name]
unknown

[dist]
# distance from previous block
# <min> <max>
8	99

[block]
# block no. 0 follows, 28 sequences, length 121
# corresponding to MSA columns:
# 101-221
name=unknown_A
#
# <colnr> <probs for GDERKNQSTAVLIFYWHMCP>
#	G	D	E	R	K	N	Q	S	T	A	V	L	I	F	Y	W	H	M	C	P
0	0.01442	0.03671	0.68691	0.02042	0.03086	0.01657	0.02628	0.02265	0.01531	0.02289	0.01382	0.03605	0.01032	0.00736	0.00697	0.00232	0.01056	0.00581	0.00317	0.01060
1	0.06457	0.59519	0.03388	0.01326	0.01885	0.10608	0.01250	0.02239	0.01515	0.01808	0.01021	0.01201	0.00926	0.00666	0.00566	0.00170	0.03811	0.00408	0.00326	0.00909
2	0.01076	0.00744	0.00889	0.00884	0.00921	0.00776	0.00550	0.01185	0.03073	0.01510	0.02245	0.04338	0.02474	0.59261	0.16423	0.00779	0.00935	0.00998	0.00440	0.00501
3	0.01808	0.01561	0.01644	0.01479	0.01890	0.01808	0.01151	0.03863	0.68606	0.03041	0.02959	0.02712	0.02219	0.00986	0.00740	0.00247	0.00575	0.00822	0.00740	0.01151
4	0.01355	0.00678	0.00678	0.00678	0.00847	0.00678	0.00508	0.01694	0.01524	0.02710	0.02371	0.02710	0.01863	0.00847	0.00508	0.00169	0.00339	0.00678	0.78489	0.00678
5	0.00886	0.00633	0.00843	0.01012	0.01054	0.00590	0.00675	0.01012	0.01392	0.01856	0.04006	0.73979	0.04808	0.02277	0.00928	0.00295	0.00422	0.02066	0.00675	0.00590
6	0.01943	0.74891	0.03809	0.01244	0.01866	0.02876	0.01244	0.02177	0.01477	0.01710	0.01011	0.01166	0.00933	0.00622	0.00466	0.00155	0.00777	0.00389	0.00311	0.00933
7	0.01143	0.00770	0.00958	0.00906	0.01115	0.00690	0.00681	0.01426	0.01913	0.07614	0.44601	0.10608	0.21673	0.01587	0.00854	0.00237	0.00375	0.01380	0.00768	0.00702
8	0.02564	0.01937	0.02069	0.01632	0.02178	0.02161	0.01333	0.54222	0.17016	0.04260	0.01998	0.01947	0.01441	0.00896	0.00730	0.00224	0.00753	0.00689	0.00730	0.01218
9	0.01686	0.01914	0.04167	0.02991	0.03702	0.01794	0.64918	0.02282	0.01704	0.02312	0.01560	0.04514	0.01234	0.00672	0.00860	0.00247	0.01197	0.00901	0.00379	0.00967
10	0.01355	0.00678	0.00678	0.00678	0.00847	0.00678	0.00508	0.01694	0.01524	0.02710	0.02371	0.02710	0.01863	0.00847	0.00508	0.00169	0.00339	0.00678	0.78489	0.00678
11	0.01140	0.00896	0.01256	0.01563	0.10317	0.00875	0.01053	0.01464	0.04121	0.02127	0.06360	0.30241	0.10680	0.01849	0.00909	0.00289	0.00561	0.22942	0.00639	0.00718
12	0.00886	0.00633	0.00843	0.01012	0.01054	0.00590	0.00675	0.01012	0.01392	0.01856	0.04006	0.73979	0.04808	0.02277	0.00928	0.00295	0.00422	0.02066	0.00675	0.00590
13	0.02649	0.03353	0.02070	0.01875	0.02227	0.67424	0.01416	0.02834	0.02004	0.01777	0.01114	0.01327	0.00937	0.00780	0.00758	0.00195	0.05571	0.00478	0.00371	0.00840
14	0.04319	0.01734	0.02704	0.14717	0.52262	0.04678	0.02085	0.04628	0.01693	0.02380	0.01348	0.01778	0.01105	0.00673	0.00710	0.00219	0.00887	0.00632	0.00371	0.01076
15	0.02596	0.01682	0.01795	0.01479	0.01975	0.07075	0.01184	0.15861	0.26452	0.28013	0.02549	0.02330	0.01776	0.00914	0.00727	0.00229	0.00692	0.00729	0.00768	0.01175
16	0.00865	0.00737	0.00744	0.00742	0.00985	0.00616	0.00557	0.01054	0.01670	0.01995	0.09387	0.06945	0.67582	0.01829	0.00859	0.00245	0.00367	0.01527	0.00679	0.00616
17	0.00925	0.00688	0.00866	0.00991	0.01080	0.00647	0.00678	0.01146	0.04222	0.01953	0.06546	0.59832	0.13453	0.02140	0.00909	0.00284	0.00418	0.01919	0.00682	0.00620
18	0.04448	0.08598	0.02647	0.02161	0.09689	0.04127	0.15217	0.01970	0.01440	0.02077	0.01396	0.07144	0.01308	0.00949	0.01230	0.00240	0.23599	0.00730	0.00380	0.10648
19	0.01115	0.00762	0.00999	0.00929	0.01116	0.00701	0.00701	0.01456	0.02058	0.05526	0.66957	0.05315	0.06663	0.01463	0.00852	0.00228	0.00354	0.01292	0.00804	0.00707
20	0.03030	0.01249	0.01646	0.01290	0.01825	0.01122	0.01056	0.03477	0.08424	0.61346	0.03049	0.02671	0.04450	0.00944	0.00737	0.00228	0.00605	0.00771	0.00876	0.01205
21	0.02627	0.01371	0.01675	0.01350	0.01829	0.01356	0.01089	0.17959	0.09653	0.37217	0.07855	0.08188	0.02343	0.01057	0.00756	0.00232	0.00619	0.00873	0.00817	0.01134
22	0.01706	0.01622	0.02696	0.13444	0.55052	0.01674	0.02084	0.02218	0.05022	0.02323	0.01664	0.02060	0.03760	0.00721	0.00727	0.00222	0.00845	0.00690	0.00386	0.01084
23	0.01130	0.00911	0.01332	0.03947	0.01491	0.01110	0.01017	0.01362	0.01173	0.01694	0.01877	0.05676	0.01826	0.08601	0.51439	0.00941	0.12600	0.00822	0.00391	0.00662
24	0.00892	0.00656	0.00836	0.00964	0.01046	0.00601	0.00657	0.01042	0.01479	0.01947	0.09137	0.59074	0.14693	0.02156	0.00913	0.00283	0.00408	0.01933	0.00684	0.00601
25	0.11060	0.19863	0.19715	0.01610	0.06131	0.01779	0.01535	0.04195	0.01611	0.12848	0.01550	0.03474	0.01213	0.00920	0.03353	0.00238	0.00826	0.00564	0.00454	0.07062
26	0.06625	0.01626	0.01794	0.01532	0.04427	0.01747	0.01168	0.42061	0.02620	0.03628	0.02053	0.13105	0.01857	0.06652	0.00957	0.00261	0.00707	0.00875	0.00650	0.05654
27	0.05292	0.56533	0.05725	0.01349	0.01938	0.10778	0.01289	0.02365	0.05520	0.01884	0.01150	0.01288	0.01003	0.00663	0.00512	0.00170	0.00829	0.00429	0.00350	0.00934
28	0.01184	0.00964	0.01192	0.12723	0.01830	0.00989	0.00939	0.07623	0.05123	0.02246	0.06433	0.23953	0.28775	0.01634	0.00838	0.00256	0.00532	0.01410	0.00629	0.00727
29	0.02278	0.01645	0.01802	0.01393	0.01907	0.01704	0.01121	0.41357	0.02637	0.06193	0.01784	0.02069	0.01396	0.07843	0.00960	0.00239	0.00703	0.00651	0.05259	0.17057
30	0.25577	0.18449	0.04819	0.08544	0.05595	0.06755	0.01288	0.07593	0.01689	0.11548	0.01380	0.01523	0.01042	0.00718	0.00578	0.00207	0.00765	0.00507	0.00472	0.00951
31	0.13834	0.00860	0.00817	0.00774	0.01001	0.00906	0.00592	0.04914	0.01552	0.02838	0.02122	0.02499	0.01692	0.03654	0.00632	0.00201	0.00411	0.00646	0.59342	0.00713
32	0.01296	0.00980	0.01299	0.01257	0.01443	0.00983	0.04620	0.13931	0.01802	0.02409	0.03425	0.55907	0.03906	0.01911	0.00885	0.00277	0.00541	0.01725	0.00667	0.00737
33	0.18956	0.01304	0.01571	0.01323	0.01691	0.01381	0.05255	0.07891	0.05641	0.07412	0.07163	0.13730	0.04796	0.01130	0.00873	0.00235	0.08152	0.00905	0.00573	0.10017
34	0.01597	0.01651	0.03201	0.06432	0.03096	0.01637	0.40051	0.04196	0.01610	0.02240	0.01490	0.02021	0.01197	0.01415	0.11861	0.00378	0.06238	0.00770	0.00383	0.08536
35	0.01066	0.00741	0.00858	0.00873	0.00914	0.00747	0.00541	0.01188	0.03752	0.01576	0.02722	0.10992	0.05606	0.56548	0.05990	0.00637	0.00712	0.03541	0.00489	0.00506
36	0.00894	0.00639	0.00851	0.01007	0.01056	0.00596	0.00675	0.01033	0.01429	0.01916	0.07722	0.70092	0.04924	0.02232	0.00924	0.00291	0.00417	0.02024	0.00682	0.00596
37	0.11482	0.01528	0.01590	0.01342	0.01784	0.06833	0.01066	0.10941	0.17422	0.24448	0.07475	0.06703	0.02202	0.01005	0.00715	0.00231	0.00645	0.00806	0.00727	0.01054
38	0.00912	0.00644	0.00836	0.00978	0.01014	0.00608	0.00639	0.01019	0.01340	0.01787	0.03741	0.63271	0.04473	0.13443	0.01357	0.00359	0.00466	0.01910	0.00639	0.00567
39	0.76882	0.01400	0.01090	0.00968	0.01422	0.01611	0.00797	0.02187	0.01267	0.05643	0.01078	0.01227	0.00823	0.00683	0.00460	0.00225	0.00564	0.00406	0.00466	0.00803
40	0.01856	0.01246	0.01423	0.01248	0.01626	0.01296	0.00986	0.07200	0.27912	0.15809	0.13904	0.03919	0.13339	0.01215	0.00785	0.00241	0.00535	0.03695	0.00766	0.00997
41	0.01791	0.01750	0.03081	0.04326	0.63490	0.01738	0.08556	0.02240	0.01661	0.02370	0.01377	0.01815	0.01147	0.00644	0.00733	0.00219	0.00899	0.00668	0.00361	0.01135
42	0.02916	0.01161	0.01576	0.01235	0.01737	0.01009	0.01009	0.03207	0.02077	0.59980	0.13181	0.02931	0.02582	0.00990	0.00751	0.00225	0.00576	0.00821	0.00884	0.01152
43	0.05386	0.01915	0.02019	0.01580	0.02127	0.04654	0.01294	0.50246	0.06402	0.11974	0.03795	0.01947	0.01483	0.00887	0.00720	0.00220	0.00766	0.00674	0.00727	0.01186
44	0.01256	0.01101	0.01677	0.01382	0.01738	0.01034	0.14817	0.01768	0.08753	0.04324	0.18964	0.05051	0.30303	0.01393	0.00847	0.00244	0.00583	0.03334	0.00650	0.00783
45	0.01263	0.00631	0.00947	0.00947	0.00947	0.00631	0.00631	0.00947	0.00947	0.01263	0.01263	0.02210	0.01263	0.02525	0.02841	0.78851	0.00631	0.00631	0.00316	0.00316
46	0.03466	0.00697	0.00688	0.00685	0.00862	0.00703	0.00516	0.01706	0.01517	0.02725	0.02335	0.02669	0.01834	0.00842	0.00507	0.00171	0.00345	0.00670	0.76384	0.00680
47	0.37598	0.01474	0.03634	0.13716	0.13320	0.01543	0.01335	0.02366	0.01504	0.15100	0.01464	0.01655	0.01066	0.00721	0.00599	0.00227	0.00705	0.00543	0.00492	0.00940
48	0.01799	0.01727	0.02950	0.04462	0.69919	0.01727	0.02231	0.02231	0.01655	0.02375	0.01367	0.01799	0.01151	0.00648	0.00720	0.00216	0.00864	0.00648	0.00360	0.01151
49	0.01590	0.01590	0.02226	0.01908	0.01908	0.02226	0.01590	0.01749	0.01113	0.01749	0.00954	0.01590	0.00954	0.01272	0.02385	0.00318	0.73123	0.00636	0.00318	0.00795
50	0.00900	0.00643	0.00860	0.01029	0.01077	0.00603	0.00700	0.01037	0.01406	0.01872	0.03998	0.70644	0.04776	0.02264	0.00932	0.00297	0.00434	0.05259	0.00674	0.00594
51	0.01832	0.01904	0.03099	0.03721	0.44258	0.08015	0.17002	0.02269	0.01672	0.02268	0.01372	0.01816	0.01134	0.00813	0.02897	0.00252	0.03575	0.00683	0.00362	0.01057
52	0.01171	0.00837	0.01171	0.01339	0.01506	0.00837	0.01171	0.01506	0.01673	0.02175	0.03849	0.08199	0.04183	0.02008	0.01004	0.00335	0.00669	0.65027	0.00669	0.00669
53	0.01993	0.01640	0.01733	0.01495	0.01939	0.01865	0.01181	0.18603	0.50745	0.03358	0.02849	0.02656	0.04654	0.00993	0.00741	0.00240	0.00620	0.00811	0.00734	0.01149
54	0.00989	0.00735	0.00966	0.03595	0.01253	0.00720	0.00754	0.01289	0.05525	0.02153	0.17910	0.52452	0.04956	0.01975	0.00894	0.00276	0.00434	0.01780	0.00693	0.00652
55	0.01107	0.00796	0.01094	0.01255	0.01403	0.00783	0.01056	0.01398	0.01622	0.02109	0.04026	0.19976	0.07063	0.02049	0.00984	0.00324	0.00612	0.51022	0.00671	0.00653
56	0.02763	0.02036	0.02182	0.01672	0.02254	0.02254	0.01382	0.67496	0.03418	0.04581	0.01745	0.01745	0.01236	0.00873	0.00727	0.00218	0.00800	0.00654	0.00727	0.01236
57	0.04262	0.01370	0.01502	0.01395	0.01741	0.04177	0.03441	0.02794	0.37143	0.02631	0.03598	0.04376	0.12334	0.01296	0.00805	0.00262	0.00617	0.14640	0.00677	0.00938
58	0.06096	0.06582	0.40626	0.02184	0.03067	0.01767	0.19726	0.02392	0.03908	0.04807	0.01431	0.01685	0.01039	0.00683	0.00714	0.00230	0.01037	0.00624	0.00368	0.01034
59	0.04709	0.27599	0.45435	0.01749	0.02647	0.02086	0.02126	0.02253	0.01504	0.02141	0.01194	0.01397	0.00920	0.00667	0.00606	0.00205	0.00954	0.00482	0.00314	0.01015
60	0.02763	0.02036	0.02182	0.01672	0.02254	0.02254	0.01382	0.67496	0.03418	0.04581	0.01745	0.01745	0.01236	0.00873	0.00727	0.00218	0.00800	0.00654	0.00727	0.01236
61	0.01668	0.01807	0.03650	0.02607	0.03322	0.01639	0.52020	0.02214	0.01668	0.02338	0.01430	0.01857	0.01097	0.00596	0.00784	0.00214	0.01068	0.00760	0.00382	0.18881
62	0.01458	0.03760	0.70688	0.02072	0.03146	0.01688	0.02686	0.02302	0.01535	0.02302	0.01304	0.01535	0.00921	0.00691	0.00691	0.00230	0.01074	0.00537	0.00307	0.01074
63	0.01523	0.13242	0.61772	0.01961	0.02975	0.01847	0.02493	0.02285	0.01527	0.02223	0.01265	0.01486	0.00922	0.00681	0.00661	0.00220	0.01035	0.00517	0.00307	0.01055
64	0.01458	0.03760	0.70688	0.02072	0.03146	0.01688	0.02686	0.02302	0.01535	0.02302	0.01304	0.01535	0.00921	0.00691	0.00691	0.00230	0.01074	0.00537	0.00307	0.01074
65	0.01590	0.01590	0.02226	0.01908	0.01908	0.02226	0.01590	0.01749	0.01113	0.01749	0.00954	0.01590	0.00954	0.01272	0.02385	0.00318	0.73123	0.00636	0.00318	0.00795
66	0.02095	0.04480	0.04229	0.01320	0.01730	0.04220	0.01103	0.30890	0.02349	0.05501	0.01907	0.02182	0.01483	0.04199	0.04412	0.00272	0.02721	0.00665	0.23278	0.00965
67	0.06473	0.09756	0.02285	0.01806	0.06172	0.21004	0.01386	0.34089	0.04782	0.03282	0.01483	0.01575	0.01129	0.00794	0.00667	0.00205	0.00920	0.00569	0.00554	0.01068
68	0.01020	0.00712	0.00856	0.00897	0.01042	0.00643	0.00632	0.01204	0.01589	0.04631	0.15875	0.32291	0.23956	0.07243	0.01078	0.00292	0.00418	0.01609	0.03385	0.00630
69	0.01047	0.00701	0.00796	0.00805	0.00808	0.00698	0.00454	0.01055	0.01076	0.01435	0.02388	0.08715	0.02766	0.70327	0.03541	0.00681	0.00689	0.01115	0.00454	0.00449
70	0.01049	0.00735	0.00945	0.00945	0.00998	0.00788	0.00631	0.01155	0.01102	0.01522	0.02151	0.03984	0.02307	0.46407	0.31288	0.00893	0.01210	0.00944	0.00420	0.00525
71	0.01670	0.01937	0.06179	0.02963	0.06413	0.01760	0.58493	0.02267	0.01728	0.02364	0.05499	0.02146	0.01441	0.00669	0.00847	0.00242	0.01153	0.00866	0.00391	0.00973
72	0.00906	0.00646	0.00856	0.00996	0.01051	0.00604	0.00670	0.01052	0.01454	0.01958	0.11029	0.64690	0.04970	0.04167	0.00996	0.00299	0.00421	0.01958	0.00682	0.00597
73	0.00906	0.00646	0.00854	0.00995	0.01048	0.00604	0.00667	0.01048	0.01443	0.01940	0.10174	0.64884	0.04922	0.04889	0.01024	0.00304	0.00425	0.01957	0.00678	0.00594
74	0.00964	0.00692	0.00902	0.01028	0.01100	0.00658	0.00701	0.03429	0.01517	0.02037	0.09083	0.65989	0.04841	0.02165	0.00915	0.00287	0.00429	0.01957	0.00687	0.00621
75	0.01863	0.50684	0.21907	0.01512	0.02240	0.07198	0.01647	0.02260	0.01532	0.01876	0.01098	0.01276	0.00930	0.00649	0.00540	0.00178	0.00894	0.00434	0.00314	0.00965
76	0.01080	0.00724	0.00917	0.00962	0.01074	0.00707	0.00680	0.01250	0.01408	0.04463	0.07479	0.26968	0.11325	0.17094	0.12376	0.00495	0.00719	0.04619	0.05048	0.00611
77	0.00922	0.00691	0.00971	0.01073	0.01149	0.00643	0.03238	0.01066	0.01404	0.01864	0.03990	0.66153	0.07268	0.04569	0.01013	0.00305	0.00460	0.01965	0.00655	0.00602
78	0.12176	0.01636	0.01963	0.23877	0.08272	0.05752	0.01509	0.19883	0.02003	0.02865	0.01628	0.01939	0.03542	0.00833	0.00778	0.00229	0.05108	0.00638	0.04431	0.00937
79	0.01061	0.00754	0.00935	0.00938	0.00965	0.00803	0.00605	0.01128	0.01117	0.01525	0.02362	0.12264	0.02667	0.50692	0.14841	0.00717	0.04555	0.01105	0.00453	0.00511
80	0.02625	0.01903	0.02034	0.01575	0.02117	0.02100	0.01296	0.61059	0.03232	0.04398	0.01806	0.01840	0.01298	0.00870	0.00706	0.00213	0.00755	0.00657	0.08334	0.01182
81	0.08222	0.04368	0.01688	0.01263	0.01774	0.01234	0.01040	0.06968	0.03843	0.50613	0.06452	0.05227	0.02076	0.00960	0.00715	0.00225	0.00608	0.00776	0.00815	0.01134
82	0.07219	0.04680	0.01996	0.01474	0.02025	0.01657	0.03510	0.28736	0.02498	0.32207	0.02233	0.04987	0.01580	0.00911	0.00715	0.00223	0.00708	0.00726	0.00752	0.01162
83	0.02183	0.01586	0.01709	0.01384	0.01834	0.01714	0.01113	0.39325	0.10522	0.06071	0.06162	0.02935	0.10769	0.03876	0.00855	0.00242	0.00657	0.00843	0.05167	0.01054
84	0.01112	0.00719	0.00851	0.00854	0.00890	0.00711	0.00516	0.01159	0.01173	0.03921	0.05081	0.12537	0.02992	0.58237	0.05744	0.00641	0.00703	0.01160	0.00495	0.00503
85	0.02391	0.01669	0.01844	0.01508	0.01990	0.01820	0.01211	0.35304	0.21086	0.12589	0.02438	0.08794	0.01913	0.01038	0.00750	0.00234	0.00679	0.00842	0.00749	0.01153
86	0.02726	0.01241	0.01589	0.01293	0.01766	0.01167	0.01035	0.05360	0.12456	0.49143	0.02932	0.09179	0.02152	0.03414	0.00846	0.00250	0.00602	0.00877	0.00833	0.01138
87	0.00935	0.00691	0.00882	0.01009	0.01101	0.00649	0.00708	0.01148	0.03320	0.01983	0.08115	0.55649	0.12546	0.02126	0.00916	0.00287	0.00432	0.06202	0.00683	0.00619
88	0.14049	0.01277	0.03594	0.01224	0.01633	0.01234	0.01001	0.02717	0.17275	0.23751	0.06933	0.11332	0.06329	0.01168	0.00736	0.00244	0.00563	0.03241	0.00720	0.00977
89	0.01526	0.01461	0.02494	0.47191	0.22474	0.01666	0.05914	0.02066	0.04178	0.02073	0.01389	0.01932	0.01076	0.00709	0.00733	0.00235	0.00940	0.00666	0.00352	0.00925
90	0.01289	0.01076	0.01270	0.01210	0.01352	0.05264	0.00921	0.01660	0.07297	0.01869	0.02127	0.03010	0.03837	0.14174	0.35612	0.00759	0.09103	0.00805	0.06673	0.00691
91	0.01586	0.01287	0.01474	0.01139	0.01654	0.01149	0.00907	0.05967	0.09504	0.02616	0.04044	0.01949	0.01514	0.00710	0.00654	0.00151	0.03397	0.00559	0.09808	0.49931
92	0.01301	0.09604	0.01399	0.01024	0.01292	0.01132	0.00794	0.05628	0.07447	0.02513	0.30106	0.08495	0.11822	0.10064	0.01125	0.00279	0.00499	0.01130	0.00654	0.03691
93	0.01824	0.01185	0.01406	0.01222	0.01544	0.01185	0.00947	0.19535	0.02085	0.11751	0.09364	0.15674	0.02977	0.12345	0.01235	0.00310	0.00618	0.07287	0.00677	0.06828
94	0.12349	0.04432	0.08841	0.01280	0.01732	0.01439	0.01133	0.08511	0.16764	0.09588	0.20105	0.02932	0.02931	0.01007	0.00705	0.00226	0.00588	0.00818	0.03660	0.00958
95	0.05983	0.57400	0.05894	0.01349	0.01949	0.10468	0.01298	0.05023	0.01615	0.01940	0.01065	0.01221	0.00938	0.00652	0.00506	0.00168	0.00838	0.00415	0.00343	0.00933
96	0.01789	0.05080	0.22576	0.03372	0.39948	0.08321	0.04056	0.02315	0.01654	0.02273	0.01316	0.01659	0.01055	0.00668	0.00700	0.00216	0.00974	0.00595	0.00344	0.01088
97	0.12238	0.08049	0.16884	0.01388	0.01966	0.01434	0.01357	0.02545	0.08034	0.20334	0.04716	0.08690	0.01958	0.00981	0.00688	0.00228	0.00692	0.03146	0.00593	0.04077
98	0.01521	0.01123	0.01298	0.01221	0.01464	0.01169	0.00911	0.22243	0.04578	0.02815	0.06191	0.42099	0.06950	0.01728	0.00851	0.00264	0.00541	0.01513	0.00699	0.00822
99	0.01488	0.00918	0.01249	0.01327	0.03388	0.00889	0.01063	0.01844	0.04040	0.12764	0.08599	0.11468	0.06002	0.04527	0.01027	0.00312	0.00612	0.37012	0.00700	0.00772
100	0.05158	0.22480	0.04397	0.01288	0.01749	0.08532	0.01122	0.10806	0.04400	0.08668	0.18911	0.02722	0.04970	0.00970	0.00672	0.00203	0.00687	0.00756	0.00582	0.00924
101	0.01504	0.03986	0.01332	0.01126	0.01462	0.01231	0.00887	0.07265	0.21874	0.06440	0.08457	0.04702	0.27938	0.04191	0.00907	0.00260	0.00521	0.04350	0.00695	0.00871
102	0.00994	0.00732	0.00930	0.00901	0.01070	0.00668	0.00668	0.01296	0.01944	0.02694	0.55476	0.12146	0.14567	0.01606	0.00864	0.00237	0.00354	0.01414	0.00772	0.00668
103	0.05959	0.03199	0.52750	0.02033	0.02888	0.01776	0.05683	0.02208	0.01462	0.02273	0.01242	0.01545	0.00928	0.00776	0.00948	0.00244	0.12199	0.00561	0.00320	0.01010
104	0.01973	0.02243	0.07222	0.04748	0.21719	0.22836	0.01606	0.04772	0.10292	0.02319	0.02032	0.02212	0.06632	0.00841	0.00699	0.00213	0.00910	0.00679	0.05080	0.00973
105	0.01244	0.00854	0.00960	0.00904	0.00974	0.00883	0.00563	0.08377	0.01321	0.01769	0.02217	0.04350	0.02455	0.63630	0.06055	0.00670	0.00764	0.01002	0.00470	0.00536
106	0.01025	0.00826	0.00910	0.00897	0.01115	0.00775	0.00668	0.01439	0.09193	0.02228	0.17955	0.10083	0.39150	0.06757	0.01052	0.00281	0.00425	0.03855	0.00689	0.00676
107	0.01593	0.03896	0.01432	0.01245	0.01507	0.01265	0.00944	0.24374	0.02152	0.02880	0.07753	0.41097	0.03558	0.01667	0.00835	0.00258	0.00562	0.01456	0.00688	0.00836
108	0.01458	0.03760	0.70688	0.02072	0.03146	0.01688	0.02686	0.02302	0.01535	0.02302	0.01304	0.01535	0.00921	0.00691	0.00691	0.00230	0.01074	0.00537	0.00307	0.01074
109	0.01501	0.01984	0.14754	0.02408	0.03070	0.01544	0.41345	0.02071	0.01704	0.02347	0.09876	0.06669	0.05434	0.00886	0.00834	0.00244	0.01007	0.00961	0.00441	0.00921
110	0.00892	0.00635	0.00842	0.01004	0.01044	0.00595	0.00666	0.01014	0.01379	0.01839	0.03941	0.71355	0.04726	0.05014	0.01033	0.00311	0.00432	0.02028	0.00666	0.00585
111	0.02675	0.07725	0.02191	0.01799	0.02224	0.55425	0.01390	0.13842	0.02254	0.02251	0.01222	0.01376	0.00987	0.00762	0.00656	0.00191	0.01190	0.00495	0.00430	0.00915
112	0.00885	0.00636	0.00840	0.01003	0.01052	0.00591	0.00671	0.01013	0.01400	0.01859	0.04117	0.71777	0.06939	0.02263	0.00926	0.00294	0.00420	0.02049	0.00675	0.00591
113	0.01684	0.01278	0.01397	0.01273	0.01642	0.01375	0.01002	0.02982	0.40835	0.09629	0.04062	0.04119	0.18323	0.01257	0.00787	0.00251	0.00538	0.05835	0.00735	0.00996
114	0.01764	0.01690	0.02867	0.04321	0.67322	0.01685	0.02168	0.02186	0.01655	0.02359	0.01593	0.01995	0.03731	0.00693	0.00725	0.00217	0.00845	0.00681	0.00372	0.01131
115	0.06375	0.51103	0.19274	0.01446	0.02154	0.05239	0.01562	0.02232	0.01500	0.01942	0.01084	0.01259	0.00922	0.00646	0.00526	0.00178	0.00856	0.00427	0.00321	0.00954
116	0.01914	0.01237	0.01411	0.01212	0.01549	0.01287	0.00949	0.24651	0.04479	0.10132	0.12871	0.16302	0.02978	0.01236	0.00748	0.00228	0.00552	0.01041	0.14293	0.00929
117	0.00896	0.00723	0.00797	0.00809	0.01012	0.00625	0.00595	0.01103	0.01698	0.02134	0.19033	0.15990	0.48374	0.01832	0.00868	0.00249	0.00371	0.01565	0.00699	0.00625
118	0.02096	0.01498	0.01689	0.01424	0.01826	0.01592	0.01133	0.39271	0.02602	0.06167	0.02555	0.22982	0.02465	0.01336	0.00795	0.00244	0.00666	0.05049	0.00704	0.03906
119	0.04521	0.07258	0.36709	0.01810	0.02558	0.12499	0.01979	0.02550	0.01663	0.13782	0.01488	0.01631	0.01072	0.00776	0.00804	0.00225	0.06670	0.00554	0.00424	0.01027
120	0.01709	0.01043	0.01345	0.01129	0.01475	0.00971	0.04557	0.06640	0.04247	0.18594	0.17260	0.04513	0.23584	0.05493	0.00964	0.00259	0.00527	0.01114	0.03723	0.00852

[dist]
# distance from previous block
# <min> <max>
8	11

[block]
# block no. 1 follows, 28 sequences, length 22
# corresponding to MSA columns:
# 234-255
name=unknown_B
#
# <colnr> <probs for GDERKNQSTAVLIFYWHMCP>
#	G	D	E	R	K	N	Q	S	T	A	V	L	I	F	Y	W	H	M	C	P
0	0.00952	0.00727	0.00874	0.00864	0.01046	0.00649	0.00638	0.01213	0.01836	0.02453	0.39773	0.14407	0.28518	0.01707	0.00867	0.00243	0.00361	0.01484	0.00741	0.00649
1	0.01120	0.00878	0.01300	0.01228	0.01390	0.00844	0.07801	0.04914	0.01604	0.02171	0.13507	0.43944	0.04286	0.10001	0.01209	0.00321	0.00548	0.01630	0.00638	0.00666
2	0.01781	0.01709	0.02919	0.07283	0.67236	0.01722	0.02222	0.02215	0.01647	0.02353	0.01364	0.01805	0.01144	0.00651	0.00720	0.00217	0.00868	0.00648	0.00358	0.01137
3	0.11507	0.05125	0.01368	0.01052	0.01428	0.01051	0.00849	0.02238	0.01890	0.26501	0.27239	0.03799	0.10707	0.01170	0.00741	0.00225	0.00494	0.00968	0.00751	0.00898
4	0.02524	0.01171	0.01518	0.01225	0.01672	0.01085	0.00988	0.06514	0.07010	0.43608	0.20836	0.03250	0.03167	0.01063	0.00766	0.00227	0.00551	0.00891	0.00852	0.01082
5	0.01626	0.01730	0.06759	0.02395	0.02921	0.01621	0.39590	0.02091	0.01581	0.05950	0.01854	0.12191	0.01669	0.01154	0.03977	0.00298	0.10278	0.00974	0.00432	0.00907
6	0.06511	0.01445	0.11284	0.01312	0.01708	0.01171	0.01203	0.05517	0.10446	0.07529	0.20281	0.07184	0.05479	0.01331	0.00810	0.00255	0.00609	0.14392	0.00666	0.00867
7	0.01186	0.00778	0.01022	0.00941	0.01140	0.00713	0.00713	0.01524	0.02059	0.07662	0.64848	0.05222	0.06503	0.01445	0.00848	0.00228	0.00362	0.01274	0.00807	0.00725
8	0.00881	0.00699	0.00792	0.00850	0.01016	0.00610	0.00607	0.01055	0.01588	0.01991	0.10501	0.31513	0.41380	0.01976	0.00884	0.00263	0.00386	0.01714	0.00684	0.00610
9	0.01943	0.65089	0.09387	0.01347	0.01994	0.06401	0.01375	0.02226	0.01513	0.01764	0.01041	0.01205	0.00932	0.00634	0.00495	0.00163	0.00831	0.00405	0.00314	0.00940
10	0.03028	0.01446	0.01800	0.01387	0.01939	0.01393	0.01143	0.21781	0.02463	0.48825	0.05243	0.02385	0.01843	0.00916	0.00735	0.00223	0.00659	0.00733	0.00846	0.01215
11	0.01177	0.00845	0.01032	0.00992	0.01192	0.00818	0.00735	0.01666	0.10144	0.05402	0.38770	0.16234	0.12693	0.03840	0.00938	0.00258	0.00410	0.01368	0.00751	0.00735
12	0.01050	0.00837	0.00955	0.00923	0.01153	0.00788	0.00705	0.01514	0.09301	0.02477	0.31628	0.05952	0.33465	0.01612	0.00853	0.00244	0.00397	0.04710	0.00732	0.00706
13	0.01636	0.01497	0.02418	0.44934	0.24746	0.01710	0.02024	0.08205	0.01702	0.02275	0.01358	0.01877	0.01051	0.00716	0.00725	0.00232	0.00920	0.00647	0.00373	0.00954
14	0.00913	0.00644	0.00835	0.00977	0.01012	0.00609	0.00637	0.01019	0.01337	0.01783	0.03728	0.62751	0.04457	0.13985	0.01377	0.00362	0.00468	0.01903	0.00637	0.00566
15	0.01457	0.00775	0.00786	0.00749	0.00948	0.00791	0.00571	0.06439	0.01661	0.02845	0.02326	0.02640	0.01818	0.00849	0.00524	0.00173	0.00372	0.00676	0.72881	0.00718
16	0.07417	0.01945	0.11289	0.07231	0.50733	0.01714	0.04753	0.02218	0.01602	0.02403	0.01334	0.01734	0.01085	0.00658	0.00702	0.00221	0.00887	0.00624	0.00358	0.01091
17	0.01602	0.05620	0.19727	0.01353	0.01855	0.01250	0.01345	0.05663	0.04395	0.11122	0.26364	0.03536	0.03468	0.06382	0.00975	0.00262	0.00664	0.02896	0.00620	0.00900
18	0.01124	0.00897	0.01339	0.10523	0.01776	0.01076	0.01056	0.01380	0.01190	0.01686	0.01824	0.02834	0.01727	0.11418	0.50564	0.00940	0.06828	0.00779	0.00381	0.00659
19	0.02428	0.01551	0.01716	0.01367	0.01829	0.01656	0.01112	0.40264	0.02694	0.13461	0.02109	0.03985	0.01565	0.01028	0.02541	0.00235	0.00692	0.00711	0.17976	0.01080
20	0.01703	0.02270	0.16478	0.07351	0.02987	0.09924	0.23521	0.04199	0.01661	0.02215	0.01508	0.06718	0.01283	0.00826	0.00893	0.00232	0.07175	0.00752	0.00387	0.07917
21	0.10474	0.01378	0.01485	0.01276	0.01673	0.05167	0.01004	0.10013	0.13124	0.22844	0.11505	0.11957	0.02718	0.01137	0.00740	0.00235	0.00602	0.00939	0.00734	0.00995

[dist]
# distance from previous block
# <min> <max>
9	21

[block]
# block no. 2 follows, 28 sequences, length 54
# corresponding to MSA columns:
# 277-330
name=unknown_C
#
# <colnr> <probs for GDERKNQSTAVLIFYWHMCP>
#	G	D	E	R	K	N	Q	S	T	A	V	L	I	F	Y	W	H	M	C	P
0	0.13043	0.04054	0.03982	0.01263	0.01794	0.01360	0.01062	0.10738	0.04709	0.29928	0.02156	0.05180	0.01605	0.03708	0.00777	0.00227	0.00636	0.00687	0.00673	0.12418
1	0.06964	0.02462	0.12903	0.01724	0.06682	0.27530	0.01417	0.04861	0.01823	0.04665	0.02049	0.02182	0.08749	0.00852	0.00661	0.00200	0.00917	0.00635	0.06038	0.06686
2	0.01987	0.11519	0.02027	0.01439	0.01881	0.09970	0.04391	0.18529	0.11327	0.05090	0.07700	0.03055	0.11635	0.01050	0.00724	0.00219	0.00729	0.02993	0.02777	0.00960
3	0.04665	0.00909	0.01156	0.03498	0.01435	0.00887	0.00877	0.01825	0.05634	0.11797	0.30435	0.09853	0.08751	0.03462	0.00918	0.00265	0.00494	0.11629	0.00732	0.00775
4	0.07449	0.24929	0.02407	0.04031	0.03758	0.31378	0.01253	0.04188	0.01768	0.02058	0.01252	0.01463	0.01046	0.00716	0.00572	0.00181	0.00947	0.00478	0.09259	0.00865
5	0.01750	0.01862	0.02130	0.01855	0.01928	0.14117	0.01515	0.01920	0.01280	0.01751	0.01047	0.01623	0.01006	0.01448	0.06487	0.00350	0.56189	0.00616	0.00332	0.00794
6	0.01187	0.00829	0.01037	0.00981	0.01182	0.00786	0.00734	0.03779	0.04861	0.05712	0.47316	0.14661	0.11026	0.01556	0.00852	0.00239	0.00394	0.01367	0.00772	0.00730
7	0.01495	0.01128	0.01128	0.01035	0.01333	0.07371	0.00808	0.04877	0.01907	0.11343	0.16403	0.05427	0.35368	0.01518	0.00827	0.00239	0.00527	0.05800	0.00701	0.00765
8	0.02499	0.04625	0.02305	0.02260	0.14203	0.35393	0.01548	0.20463	0.02306	0.02651	0.01327	0.01524	0.01057	0.00783	0.00753	0.00205	0.04069	0.00556	0.00465	0.01006
9	0.00932	0.00751	0.00838	0.00849	0.01070	0.00657	0.00659	0.01166	0.01735	0.02172	0.18675	0.06857	0.49153	0.01796	0.00878	0.00254	0.00403	0.09823	0.00698	0.00635
10	0.01506	0.01136	0.01275	0.01187	0.01510	0.01196	0.00934	0.02503	0.29637	0.08228	0.06143	0.04585	0.22872	0.01678	0.06063	0.00321	0.00620	0.07005	0.00703	0.00900
11	0.01751	0.01771	0.05811	0.03276	0.42765	0.04552	0.01857	0.02522	0.15665	0.02513	0.06111	0.02416	0.01825	0.00827	0.00739	0.00227	0.00792	0.03016	0.00476	0.01088
12	0.01340	0.00902	0.01082	0.01034	0.01180	0.00988	0.00783	0.06966	0.01588	0.02419	0.07257	0.14545	0.02698	0.08754	0.06415	0.00346	0.08375	0.03246	0.29382	0.00698
13	0.15322	0.01437	0.01476	0.01303	0.01725	0.01602	0.01028	0.05404	0.41721	0.09445	0.03013	0.02821	0.08644	0.01006	0.00700	0.00240	0.00564	0.00805	0.00698	0.01045
14	0.00979	0.00768	0.00889	0.00854	0.01067	0.00692	0.00642	0.01309	0.04137	0.02493	0.39407	0.06039	0.34836	0.01628	0.00854	0.00237	0.00362	0.01396	0.00742	0.00669
15	0.01570	0.03318	0.53415	0.02479	0.12419	0.04098	0.07967	0.02315	0.01584	0.02296	0.01321	0.01599	0.00968	0.00680	0.00707	0.00228	0.01066	0.00577	0.00322	0.01069
16	0.02050	0.01927	0.02639	0.03522	0.47002	0.08195	0.01929	0.13689	0.06968	0.02751	0.01529	0.01813	0.01226	0.00721	0.00717	0.00216	0.00872	0.00645	0.00453	0.01138
17	0.00915	0.00654	0.00878	0.01046	0.01101	0.00616	0.00727	0.01064	0.01421	0.01889	0.03990	0.67122	0.04743	0.02249	0.00936	0.00299	0.00448	0.08630	0.00674	0.00599
18	0.01768	0.01118	0.01182	0.01016	0.01305	0.01185	0.00792	0.22694	0.02123	0.03226	0.05497	0.02683	0.01966	0.06164	0.00824	0.00226	0.00513	0.00729	0.44149	0.00840
19	0.01523	0.07015	0.57541	0.02226	0.05516	0.01765	0.09830	0.02296	0.01556	0.02278	0.01311	0.01573	0.00950	0.00677	0.00699	0.00228	0.01069	0.00570	0.00316	0.01059
20	0.00907	0.00667	0.00855	0.00989	0.01076	0.00615	0.00691	0.01066	0.01480	0.01940	0.07337	0.56403	0.14622	0.02159	0.00920	0.00288	0.00427	0.06276	0.00680	0.00603
21	0.79588	0.01406	0.01068	0.00956	0.01406	0.01631	0.00787	0.02137	0.01237	0.03261	0.01012	0.01181	0.00787	0.00675	0.00450	0.00225	0.00562	0.00394	0.00450	0.00787
22	0.01150	0.00932	0.01053	0.01035	0.01288	0.00923	0.00814	0.01793	0.16124	0.02418	0.18013	0.05976	0.31516	0.01616	0.00858	0.00258	0.00460	0.12308	0.00712	0.00753
23	0.00926	0.00676	0.00850	0.00934	0.01027	0.00623	0.00639	0.01093	0.01531	0.02041	0.17421	0.44651	0.13954	0.08712	0.01160	0.00313	0.00425	0.01750	0.00678	0.00599
24	0.03261	0.01237	0.01687	0.01293	0.01856	0.01068	0.01068	0.03543	0.02081	0.70423	0.02868	0.02474	0.01799	0.00900	0.00731	0.00225	0.00619	0.00731	0.00900	0.01237
25	0.06564	0.01244	0.01660	0.01279	0.01836	0.01093	0.01056	0.03482	0.02044	0.67517	0.02787	0.02418	0.01756	0.00890	0.00719	0.00225	0.00616	0.00716	0.00880	0.01218
26	0.02335	0.05201	0.02266	0.11902	0.12665	0.38835	0.01593	0.09577	0.04813	0.02228	0.01322	0.01569	0.01058	0.00750	0.00679	0.00204	0.01093	0.00551	0.00416	0.00942
27	0.20557	0.48491	0.02923	0.01224	0.01784	0.07532	0.01138	0.02288	0.01493	0.05493	0.01111	0.01245	0.00941	0.00658	0.00489	0.00178	0.00757	0.00413	0.00378	0.00907
28	0.79588	0.01406	0.01068	0.00956	0.01406	0.01631	0.00787	0.02137	0.01237	0.03261	0.01012	0.01181	0.00787	0.00675	0.00450	0.00225	0.00562	0.00394	0.00450	0.00787
29	0.79588	0.01406	0.01068	0.00956	0.01406	0.01631	0.00787	0.02137	0.01237	0.03261	0.01012	0.01181	0.00787	0.00675	0.00450	0.00225	0.00562	0.00394	0.00450	0.00787
30	0.08445	0.02675	0.02040	0.01715	0.02188	0.35486	0.01348	0.31617	0.02604	0.03137	0.01392	0.01495	0.01059	0.00799	0.00672	0.00204	0.01028	0.00546	0.00537	0.01014
31	0.01096	0.00790	0.00993	0.01086	0.01189	0.00777	0.00754	0.08456	0.01619	0.02161	0.03753	0.65892	0.04408	0.02120	0.00905	0.00287	0.00464	0.01908	0.00681	0.00663
32	0.01029	0.00743	0.00972	0.00914	0.01086	0.00686	0.00686	0.01372	0.02058	0.02915	0.69536	0.05430	0.06859	0.01486	0.00857	0.00229	0.00343	0.01315	0.00800	0.00686
33	0.02252	0.01939	0.01879	0.01673	0.04655	0.12651	0.01268	0.17936	0.34127	0.07699	0.02274	0.02183	0.01688	0.00889	0.00715	0.00223	0.00753	0.00703	0.00666	0.03826
34	0.00892	0.00716	0.00797	0.00822	0.01014	0.00621	0.00599	0.01090	0.01667	0.02096	0.16782	0.20515	0.46091	0.01873	0.00873	0.00253	0.00375	0.01608	0.00695	0.00621
35	0.00882	0.00649	0.00827	0.00969	0.01043	0.00594	0.00656	0.01017	0.01433	0.01872	0.04528	0.63570	0.14880	0.02210	0.00917	0.00287	0.00413	0.01984	0.00675	0.00594
36	0.02717	0.03402	0.02065	0.01864	0.02247	0.68501	0.01403	0.05732	0.02119	0.01902	0.01151	0.01330	0.00949	0.00754	0.00659	0.00189	0.01288	0.00476	0.00390	0.00860
37	0.01129	0.00865	0.01048	0.01047	0.01230	0.00864	0.00780	0.01692	0.13304	0.02504	0.30466	0.20710	0.10471	0.04474	0.00974	0.00275	0.00442	0.06273	0.00727	0.00728
38	0.02702	0.02006	0.02147	0.01660	0.02231	0.02226	0.01367	0.63448	0.07564	0.04483	0.01822	0.01807	0.01299	0.00880	0.00728	0.00220	0.00786	0.00665	0.00728	0.01231
39	0.01263	0.00631	0.00947	0.00947	0.00947	0.00631	0.00631	0.00947	0.00947	0.01263	0.01263	0.02210	0.01263	0.02525	0.02841	0.78851	0.00631	0.00631	0.00316	0.00316
40	0.01799	0.01727	0.02950	0.04462	0.69919	0.01727	0.02231	0.02231	0.01655	0.02375	0.01367	0.01799	0.01151	0.00648	0.00720	0.00216	0.00864	0.00648	0.00360	0.01151
41	0.79588	0.01406	0.01068	0.00956	0.01406	0.01631	0.00787	0.02137	0.01237	0.03261	0.01012	0.01181	0.00787	0.00675	0.00450	0.00225	0.00562	0.00394	0.00450	0.00787
42	0.01023	0.00739	0.00966	0.00918	0.01085	0.00682	0.00685	0.01357	0.02031	0.02872	0.66877	0.08211	0.06775	0.01518	0.00860	0.00231	0.00346	0.01345	0.00795	0.00682
43	0.01002	0.00739	0.00918	0.00875	0.01046	0.00675	0.00645	0.01292	0.01914	0.02639	0.53801	0.05650	0.17390	0.06966	0.01069	0.00267	0.00374	0.01333	0.00752	0.00655
44	0.02177	0.01946	0.01838	0.01583	0.02032	0.11574	0.01245	0.19962	0.42765	0.03259	0.02395	0.02271	0.01791	0.00924	0.00725	0.00231	0.00734	0.00730	0.00686	0.01130
45	0.00896	0.00641	0.00853	0.01005	0.01057	0.00598	0.00676	0.01039	0.01441	0.01934	0.08872	0.68889	0.04960	0.02219	0.00923	0.00290	0.00416	0.02011	0.00684	0.00598
46	0.00895	0.00640	0.00852	0.01006	0.01056	0.00596	0.00675	0.01035	0.01434	0.01923	0.08174	0.69619	0.04938	0.02227	0.00923	0.00291	0.00417	0.02019	0.00683	0.00596
47	0.01677	0.01885	0.04003	0.02899	0.03551	0.01828	0.59625	0.02236	0.01655	0.02265	0.01514	0.04366	0.01216	0.00723	0.00986	0.00253	0.07111	0.00880	0.00374	0.00952
48	0.00939	0.00764	0.01066	0.01078	0.01235	0.00690	0.05582	0.01120	0.01499	0.01925	0.04876	0.47517	0.24964	0.02016	0.00901	0.00276	0.00465	0.01809	0.00652	0.00627
49	0.54145	0.14061	0.01574	0.01022	0.01487	0.01774	0.00876	0.04802	0.01417	0.05091	0.01213	0.01369	0.00952	0.00695	0.00478	0.00208	0.00592	0.00438	0.06971	0.00835
50	0.07867	0.04487	0.07719	0.03587	0.49903	0.06905	0.02004	0.02247	0.01651	0.02389	0.03638	0.01798	0.01278	0.00688	0.00688	0.00214	0.00868	0.00620	0.00377	0.01071
51	0.55457	0.01449	0.01672	0.01370	0.01855	0.01572	0.12321	0.02212	0.01406	0.07291	0.01420	0.01919	0.01158	0.00777	0.00579	0.00237	0.00688	0.05295	0.00481	0.00840
52	0.02135	0.01380	0.01828	0.01826	0.11985	0.01450	0.01266	0.07528	0.14374	0.22775	0.12362	0.02855	0.04714	0.01036	0.00939	0.00239	0.08730	0.00833	0.00688	0.01056
53	0.00921	0.00653	0.00852	0.00977	0.01029	0.00614	0.00650	0.01057	0.01428	0.01922	0.11024	0.58687	0.04791	0.10272	0.01230	0.00334	0.00445	0.01871	0.00662	0.00584

[dist]
# distance from previous block
# <min> <max>
0	1

[block]
# block no. 3 follows, 28 sequences, length 30
# corresponding to MSA columns:
# 332-361
name=unknown_D
#
# <colnr> <probs for GDERKNQSTAVLIFYWHMCP>
#	G	D	E	R	K	N	Q	S	T	A	V	L	I	F	Y	W	H	M	C	P
0	0.04509	0.01421	0.05526	0.01302	0.01671	0.01387	0.01075	0.18292	0.15988	0.03191	0.23858	0.12557	0.03665	0.01258	0.00785	0.00238	0.00566	0.01068	0.00711	0.00932
1	0.01750	0.05113	0.11334	0.10246	0.50747	0.03780	0.02202	0.02222	0.01626	0.02272	0.01330	0.01738	0.01090	0.00662	0.00704	0.00217	0.00909	0.00617	0.00348	0.01092
2	0.01019	0.00739	0.00956	0.00951	0.01106	0.00687	0.00714	0.01314	0.01883	0.02608	0.49474	0.12888	0.10069	0.04756	0.01001	0.00267	0.00401	0.07755	0.00751	0.00659
3	0.02512	0.13676	0.02414	0.02032	0.09071	0.50268	0.01464	0.06554	0.02014	0.01995	0.01169	0.01365	0.00975	0.00727	0.00638	0.00187	0.01157	0.00486	0.00385	0.00911
4	0.00990	0.00742	0.00918	0.00874	0.01062	0.00670	0.00656	0.01297	0.01967	0.02699	0.55450	0.05785	0.21079	0.01566	0.00858	0.00232	0.00349	0.01364	0.00772	0.00670
5	0.24893	0.01402	0.01735	0.01458	0.04805	0.01387	0.04973	0.05970	0.04576	0.36613	0.02099	0.01995	0.01412	0.00800	0.00653	0.00223	0.00654	0.00631	0.00689	0.03033
6	0.09931	0.36676	0.15276	0.01427	0.02053	0.10852	0.01437	0.02316	0.01606	0.06021	0.05337	0.01587	0.01325	0.00724	0.00568	0.00189	0.00841	0.00502	0.00396	0.00935
7	0.00868	0.00730	0.00753	0.00761	0.00991	0.00615	0.00565	0.01056	0.01658	0.01998	0.09852	0.10986	0.62981	0.01852	0.00863	0.00248	0.00370	0.01557	0.00680	0.00615
8	0.00888	0.00737	0.00776	0.00766	0.00999	0.00626	0.00575	0.01098	0.01724	0.02123	0.17808	0.06733	0.59080	0.01781	0.00859	0.00243	0.00364	0.01497	0.00696	0.00626
9	0.01188	0.00837	0.01048	0.01067	0.01221	0.00820	0.00768	0.06752	0.04677	0.04391	0.22493	0.43327	0.04904	0.01841	0.00877	0.00266	0.00442	0.01644	0.00724	0.00713
10	0.02294	0.02000	0.02023	0.02011	0.12000	0.14566	0.01395	0.16232	0.27605	0.08994	0.02137	0.02106	0.01593	0.00863	0.00718	0.00224	0.00801	0.00690	0.00629	0.01119
11	0.00884	0.00639	0.00837	0.00995	0.01050	0.00592	0.00667	0.01014	0.01408	0.01862	0.04210	0.69927	0.08729	0.02251	0.00924	0.00292	0.00418	0.02034	0.00675	0.00592
12	0.00888	0.00725	0.00785	0.00796	0.01006	0.00622	0.00587	0.01090	0.01687	0.02097	0.16537	0.14675	0.52298	0.01838	0.00867	0.00249	0.00371	0.01563	0.00694	0.00622
13	0.08285	0.02007	0.02071	0.01609	0.02172	0.04989	0.01323	0.56774	0.03135	0.07867	0.01727	0.01726	0.01222	0.00855	0.00705	0.00218	0.00794	0.00632	0.00702	0.01188
14	0.00886	0.00633	0.00843	0.01012	0.01054	0.00590	0.00675	0.01012	0.01392	0.01856	0.04006	0.73979	0.04808	0.02277	0.00928	0.00295	0.00422	0.02066	0.00675	0.00590
15	0.01740	0.00909	0.01151	0.00995	0.01319	0.00796	0.00779	0.02019	0.01957	0.25562	0.30051	0.04852	0.22169	0.01383	0.00815	0.00232	0.00443	0.01176	0.00800	0.00853
16	0.02023	0.02255	0.01912	0.02091	0.15035	0.31188	0.01361	0.02639	0.15528	0.02185	0.02653	0.02700	0.13425	0.00972	0.00721	0.00215	0.00907	0.00764	0.00500	0.00925
17	0.16668	0.12606	0.48445	0.01747	0.02641	0.01832	0.02129	0.02254	0.01469	0.02411	0.01209	0.01418	0.00896	0.00679	0.00615	0.00219	0.00936	0.00490	0.00335	0.01000
18	0.02460	0.01856	0.02019	0.01529	0.02126	0.01944	0.01256	0.51636	0.02956	0.04047	0.01636	0.01688	0.01198	0.00792	0.00682	0.00191	0.00737	0.00600	0.00656	0.19994
19	0.00900	0.00651	0.00856	0.01014	0.01076	0.00606	0.00696	0.01042	0.01424	0.01881	0.04201	0.66129	0.08698	0.02235	0.00928	0.00294	0.00433	0.05664	0.00674	0.00596
20	0.06094	0.01469	0.02370	0.40468	0.28183	0.01666	0.01983	0.02103	0.04653	0.02182	0.01381	0.01880	0.01083	0.00707	0.00709	0.00232	0.00889	0.00640	0.00363	0.00947
21	0.01305	0.00767	0.00886	0.05144	0.01167	0.00824	0.00663	0.01590	0.01412	0.02364	0.02203	0.02919	0.01878	0.11917	0.05174	0.00317	0.03925	0.00735	0.54154	0.00654
22	0.03240	0.01271	0.01708	0.01309	0.01873	0.01119	0.01082	0.06263	0.02137	0.67622	0.02820	0.02443	0.01775	0.00899	0.00731	0.00225	0.00626	0.00728	0.00892	0.01237
23	0.03231	0.01285	0.01717	0.01316	0.01880	0.01140	0.01087	0.07412	0.02161	0.66439	0.02800	0.02430	0.01765	0.00898	0.00731	0.00225	0.00630	0.00726	0.00889	0.01237
24	0.01611	0.04860	0.40083	0.02215	0.04966	0.01630	0.17582	0.02287	0.01641	0.06239	0.04480	0.02247	0.01467	0.00793	0.00752	0.00237	0.01014	0.04476	0.00400	0.01019
25	0.02571	0.01486	0.01692	0.01395	0.01877	0.04414	0.01117	0.08907	0.25386	0.34861	0.06270	0.02603	0.02130	0.00952	0.00737	0.00230	0.00634	0.00776	0.00802	0.01161
26	0.01263	0.00631	0.00947	0.00947	0.00947	0.00631	0.00631	0.00947	0.00947	0.01263	0.01263	0.02210	0.01263	0.02525	0.02841	0.78851	0.00631	0.00631	0.00316	0.00316
27	0.02471	0.01801	0.01938	0.01525	0.02014	0.01979	0.01231	0.55982	0.03039	0.04098	0.01917	0.05194	0.01546	0.07818	0.01006	0.00265	0.00758	0.00754	0.03552	0.01113
28	0.02222	0.01575	0.01696	0.01378	0.01810	0.01729	0.01113	0.42596	0.06651	0.03810	0.02069	0.05160	0.01619	0.01132	0.03756	0.00253	0.00712	0.00735	0.18937	0.01047
29	0.01932	0.01463	0.01650	0.03127	0.01846	0.01515	0.01074	0.32065	0.05119	0.03289	0.06045	0.14942	0.02284	0.05551	0.00917	0.00244	0.00650	0.00934	0.00643	0.14709

[dist]
# distance from previous block
# <min> <max>
0	1

[block]
# block no. 4 follows, 28 sequences, length 107
# corresponding to MSA columns:
# 363-469
name=unknown_E
#
# <colnr> <probs for GDERKNQSTAVLIFYWHMCP>
#	G	D	E	R	K	N	Q	S	T	A	V	L	I	F	Y	W	H	M	C	P
0	0.01864	0.06376	0.06578	0.05603	0.43354	0.10519	0.01960	0.02399	0.06823	0.02282	0.01537	0.02030	0.01303	0.00747	0.00709	0.00218	0.00900	0.03339	0.00397	0.01064
1	0.01504	0.08130	0.62505	0.02079	0.03105	0.01772	0.06460	0.02296	0.01542	0.02266	0.01296	0.01537	0.00932	0.00682	0.00687	0.00226	0.01065	0.00547	0.00311	0.01060
2	0.02239	0.01937	0.01779	0.01564	0.04433	0.18484	0.01179	0.09743	0.17631	0.12768	0.02290	0.02250	0.05539	0.00866	0.00689	0.00201	0.00776	0.00674	0.00603	0.14355
3	0.00918	0.00735	0.00820	0.00806	0.01020	0.00638	0.00602	0.01155	0.01786	0.02286	0.28533	0.08577	0.46097	0.01733	0.00861	0.00241	0.00361	0.01476	0.00718	0.00638
4	0.02622	0.01949	0.02092	0.01634	0.02183	0.02159	0.01338	0.60262	0.08245	0.04365	0.01920	0.04479	0.01442	0.00933	0.00735	0.00223	0.00769	0.00719	0.00726	0.01206
5	0.01977	0.01155	0.04854	0.01261	0.01650	0.00958	0.04840	0.02307	0.01920	0.29432	0.26587	0.06467	0.03786	0.05581	0.00978	0.00264	0.00578	0.03726	0.00758	0.00922
6	0.01842	0.01382	0.01476	0.01321	0.01702	0.03949	0.01043	0.05730	0.35513	0.11938	0.06928	0.03812	0.13003	0.01198	0.00780	0.00246	0.00581	0.05812	0.00735	0.01011
7	0.01505	0.10662	0.64198	0.01991	0.03022	0.01803	0.02546	0.02290	0.01529	0.02245	0.01276	0.01499	0.00922	0.00684	0.00669	0.00223	0.01045	0.00523	0.00307	0.01061
8	0.03156	0.01214	0.01653	0.01275	0.01819	0.01050	0.01050	0.03440	0.02079	0.67227	0.06024	0.02614	0.02039	0.00927	0.00737	0.00225	0.00605	0.00759	0.00895	0.01211
9	0.01518	0.01440	0.02443	0.49419	0.27157	0.01653	0.02091	0.01985	0.01522	0.02034	0.01318	0.01891	0.01031	0.00700	0.00724	0.00233	0.00933	0.00647	0.00336	0.00925
