[name]
unknown

[dist]
# distance from previous block
# <min> <max>
2	43

[block]
# block no. 0 follows, 30 sequences, length 22
# corresponding to MSA columns:
# 49-70
name=unknown_A
#
# <colnr> <probs for GDERKNQSTAVLIFYWHMCP>
#	G	D	E	R	K	N	Q	S	T	A	V	L	I	F	Y	W	H	M	C	P
0	0.01887	0.01970	0.08953	0.07663	0.25121	0.07880	0.03716	0.15129	0.05950	0.02608	0.01422	0.01684	0.01114	0.00716	0.00743	0.00206	0.04025	0.00594	0.00434	0.08183
1	0.02212	0.01945	0.02481	0.04789	0.17863	0.07948	0.10222	0.33544	0.06474	0.03240	0.01564	0.01740	0.01175	0.00749	0.00708	0.00212	0.00869	0.00646	0.00533	0.01086
2	0.04916	0.01730	0.01945	0.01649	0.06943	0.01824	0.01252	0.43247	0.07548	0.05877	0.01669	0.01711	0.01225	0.00768	0.00658	0.00193	0.00699	0.00596	0.00620	0.14929
3	0.02066	0.01503	0.01650	0.01287	0.01783	0.01532	0.01037	0.32557	0.08650	0.06332	0.01802	0.01935	0.01372	0.03331	0.00727	0.00195	0.00622	0.00606	0.09396	0.21616
4	0.01952	0.01706	0.02472	0.03220	0.44396	0.01791	0.01794	0.18443	0.11944	0.02884	0.01623	0.01842	0.01274	0.00721	0.00695	0.00212	0.00774	0.00648	0.00484	0.01125
5	0.00925	0.00711	0.00846	0.00812	0.01004	0.00632	0.00609	0.01195	0.01827	0.02447	0.46226	0.05792	0.31332	0.01558	0.00824	0.00226	0.00339	0.01343	0.00722	0.00632
6	0.01633	0.01934	0.06606	0.02863	0.03555	0.01773	0.63553	0.02213	0.01619	0.02213	0.01387	0.01853	0.01047	0.00615	0.00873	0.00237	0.03934	0.00804	0.00349	0.00938
7	0.05033	0.04813	0.11403	0.01359	0.01920	0.01326	0.01244	0.06785	0.10165	0.40341	0.02423	0.06460	0.01732	0.00904	0.00689	0.00220	0.00653	0.00734	0.00705	0.01092
8	0.00856	0.00632	0.00801	0.00919	0.01002	0.00577	0.00628	0.01002	0.01426	0.01872	0.09189	0.58226	0.16198	0.02060	0.00874	0.00271	0.00391	0.01844	0.00656	0.00577
9	0.01000	0.00733	0.01049	0.01049	0.01149	0.00833	0.00782	0.01200	0.01100	0.01566	0.01935	0.03107	0.01903	0.19310	0.58851	0.01032	0.01630	0.00801	0.00384	0.00583
10	0.01793	0.56578	0.18845	0.01398	0.02082	0.05534	0.01510	0.02147	0.01455	0.01772	0.01038	0.01205	0.00893	0.00617	0.00504	0.00167	0.00832	0.00408	0.00300	0.00922
11	0.00915	0.00704	0.00919	0.01015	0.01072	0.00717	0.00708	0.01041	0.01328	0.01769	0.03865	0.58747	0.11226	0.04453	0.01099	0.00293	0.07165	0.01772	0.00609	0.00582
12	0.01301	0.00650	0.00650	0.00650	0.00813	0.00650	0.00488	0.01626	0.01463	0.02602	0.02276	0.02602	0.01789	0.00813	0.00488	0.00163	0.00325	0.00650	0.79350	0.00650
13	0.01843	0.01710	0.02608	0.08054	0.50345	0.05725	0.04142	0.04273	0.06715	0.05575	0.01489	0.01807	0.01188	0.00673	0.00694	0.00211	0.00838	0.00635	0.00406	0.01068
14	0.01842	0.08748	0.07264	0.02493	0.19467	0.13710	0.14634	0.04425	0.12703	0.02257	0.01621	0.04829	0.01343	0.00757	0.00694	0.00212	0.00911	0.00687	0.00424	0.00979
15	0.01711	0.01524	0.01511	0.01364	0.01732	0.06651	0.01063	0.06696	0.49982	0.02784	0.06010	0.03123	0.08537	0.01053	0.00727	0.00233	0.00589	0.03024	0.00679	0.01006
16	0.00994	0.00668	0.00767	0.00787	0.00792	0.00663	0.00451	0.01009	0.01055	0.01407	0.02405	0.13374	0.02797	0.66314	0.03219	0.00627	0.00643	0.01136	0.00451	0.00441
17	0.01932	0.01555	0.01751	0.04215	0.05957	0.01757	0.01225	0.13722	0.49740	0.06421	0.02508	0.02370	0.01861	0.00898	0.00706	0.00230	0.00618	0.00744	0.00680	0.01110
18	0.12398	0.01286	0.01551	0.05287	0.01886	0.01093	0.04060	0.01822	0.01417	0.02363	0.01211	0.01448	0.00990	0.00549	0.00530	0.00133	0.00575	0.00440	0.00407	0.60555
19	0.02483	0.01839	0.02133	0.01944	0.11681	0.02002	0.01407	0.51276	0.07867	0.07589	0.01768	0.01788	0.01274	0.00817	0.00698	0.00211	0.00751	0.00643	0.00659	0.01169
20	0.31915	0.01404	0.01406	0.03766	0.01728	0.05162	0.00966	0.05738	0.06550	0.26396	0.02037	0.01974	0.04285	0.00803	0.00596	0.00213	0.00614	0.00591	0.00613	0.03243
21	0.01893	0.01490	0.01558	0.01325	0.01750	0.05531	0.01048	0.15665	0.25820	0.08457	0.02691	0.07002	0.06997	0.01023	0.00706	0.00214	0.00614	0.03644	0.00648	0.11925

[dist]
# distance from previous block
# <min> <max>
3	6

[block]
# block no. 1 follows, 30 sequences, length 10
# corresponding to MSA columns:
# 77-86
name=unknown_B
#
# <colnr> <probs for GDERKNQSTAVLIFYWHMCP>
#	G	D	E	R	K	N	Q	S	T	A	V	L	I	F	Y	W	H	M	C	P
0	0.01690	0.01763	0.05157	0.02379	0.02975	0.03500	0.43722	0.03930	0.03753	0.05315	0.01689	0.02411	0.01387	0.00773	0.00857	0.00233	0.04237	0.06958	0.00424	0.06848
1	0.02597	0.01211	0.01553	0.01223	0.01723	0.01094	0.00991	0.05925	0.08112	0.48380	0.05140	0.05749	0.01975	0.00912	0.00694	0.00207	0.00570	0.00753	0.00776	0.10415
2	0.00878	0.00698	0.00788	0.00789	0.00981	0.00608	0.00583	0.01096	0.01681	0.02156	0.26402	0.13871	0.43583	0.01709	0.00832	0.00236	0.00352	0.01465	0.00685	0.00608
3	0.01583	0.03887	0.02913	0.08089	0.09017	0.04908	0.27791	0.01960	0.01433	0.01963	0.01351	0.05185	0.01191	0.01020	0.03667	0.00280	0.21806	0.00751	0.00349	0.00857
4	0.01729	0.04571	0.08324	0.12720	0.45750	0.08125	0.04543	0.02161	0.01586	0.02133	0.01269	0.01665	0.01037	0.00642	0.00680	0.00208	0.00908	0.00596	0.00337	0.01016
5	0.00865	0.00618	0.00823	0.00962	0.01015	0.00576	0.00649	0.01008	0.01403	0.01887	0.10826	0.67738	0.04821	0.02107	0.00884	0.00277	0.00397	0.01909	0.00660	0.00576
6	0.01808	0.01188	0.01292	0.01095	0.01412	0.01288	0.00874	0.28654	0.02153	0.03202	0.01983	0.02246	0.01540	0.01378	0.09635	0.00302	0.00697	0.00654	0.37736	0.00863
7	0.02619	0.01833	0.01998	0.01551	0.02092	0.02006	0.01275	0.56070	0.09186	0.11275	0.01893	0.01833	0.01329	0.00850	0.00700	0.00213	0.00730	0.00651	0.00716	0.01179
8	0.00863	0.00636	0.00808	0.00919	0.01005	0.00581	0.00630	0.01018	0.01453	0.01920	0.12366	0.55858	0.15327	0.02029	0.00872	0.00268	0.00388	0.01817	0.00662	0.00581
9	0.00850	0.00607	0.00810	0.00972	0.01012	0.00567	0.00648	0.00972	0.01336	0.01781	0.03846	0.75020	0.04615	0.02186	0.00891	0.00283	0.00405	0.01984	0.00648	0.00567

[dist]
# distance from previous block
# <min> <max>
0	51

[block]
# block no. 2 follows, 30 sequences, length 13
# corresponding to MSA columns:
# 138-150
name=unknown_C
#
# <colnr> <probs for GDERKNQSTAVLIFYWHMCP>
#	G	D	E	R	K	N	Q	S	T	A	V	L	I	F	Y	W	H	M	C	P
0	0.01866	0.75896	0.03657	0.01194	0.01791	0.02761	0.01194	0.02090	0.01418	0.01642	0.00970	0.01119	0.00896	0.00597	0.00448	0.00149	0.00746	0.00373	0.00299	0.00896
1	0.01877	0.01583	0.01765	0.01693	0.07780	0.01795	0.01227	0.13628	0.53755	0.03093	0.02530	0.02385	0.01897	0.00902	0.00707	0.00230	0.00609	0.00750	0.00677	0.01117
2	0.00919	0.00711	0.00822	0.00804	0.00989	0.00633	0.00598	0.01152	0.01710	0.02239	0.33557	0.05957	0.36004	0.07232	0.01036	0.00265	0.00378	0.03702	0.00682	0.00608
3	0.43466	0.05366	0.01752	0.01401	0.03621	0.03863	0.06474	0.13401	0.06812	0.03056	0.01277	0.01431	0.00984	0.00720	0.00619	0.00217	0.03675	0.00505	0.00475	0.00888
4	0.01619	0.01292	0.01504	0.01087	0.01698	0.01028	0.00874	0.06908	0.01612	0.05756	0.01346	0.01509	0.01078	0.00558	0.00539	0.00117	0.00539	0.00444	0.00457	0.70036
5	0.08661	0.01596	0.10760	0.01547	0.06666	0.01281	0.01298	0.05340	0.07018	0.45072	0.02292	0.02111	0.01512	0.00810	0.00676	0.00217	0.00665	0.00651	0.00704	0.01122
6	0.01822	0.69047	0.10119	0.01269	0.01908	0.02653	0.01325	0.02101	0.01423	0.01696	0.00997	0.01153	0.00894	0.00603	0.00468	0.00156	0.00773	0.00387	0.00298	0.00908
7	0.00974	0.00709	0.00916	0.00873	0.01036	0.00651	0.00652	0.01286	0.01929	0.02709	0.64720	0.08237	0.09738	0.01476	0.00826	0.00223	0.00334	0.01303	0.00757	0.00651
8	0.80405	0.01350	0.01026	0.00918	0.01350	0.01565	0.00756	0.02051	0.01188	0.03131	0.00972	0.01134	0.00756	0.00648	0.00432	0.00216	0.00540	0.00378	0.00432	0.00756
9	0.00850	0.00607	0.00810	0.00972	0.01012	0.00567	0.00648	0.00972	0.01336	0.01781	0.03846	0.75020	0.04615	0.02186	0.00891	0.00283	0.00405	0.01984	0.00648	0.00567
10	0.01685	0.01999	0.15371	0.11417	0.43465	0.01680	0.04851	0.06957	0.01671	0.02363	0.01324	0.01698	0.01049	0.00652	0.00692	0.00214	0.00887	0.00611	0.00358	0.01054
11	0.01499	0.23331	0.49498	0.01705	0.02577	0.01882	0.02094	0.02115	0.01464	0.02037	0.01470	0.01642	0.04441	0.00701	0.00612	0.00202	0.00919	0.00525	0.00314	0.00972
12	0.01503	0.07336	0.53463	0.01853	0.02730	0.06979	0.04260	0.02176	0.01542	0.02178	0.05324	0.01669	0.01234	0.00700	0.00656	0.00209	0.00974	0.00552	0.00335	0.04328

[dist]
# distance from previous block
# <min> <max>
0	1

[block]
# block no. 3 follows, 30 sequences, length 13
# corresponding to MSA columns:
# 152-164
name=unknown_D
#
# <colnr> <probs for GDERKNQSTAVLIFYWHMCP>
#	G	D	E	R	K	N	Q	S	T	A	V	L	I	F	Y	W	H	M	C	P
0	0.01608	0.01324	0.04103	0.05785	0.05237	0.01185	0.14335	0.06921	0.01702	0.10356	0.06684	0.18990	0.02320	0.01062	0.00742	0.00215	0.00689	0.00988	0.00540	0.15214
1	0.01697	0.49691	0.28382	0.01482	0.02237	0.02348	0.01696	0.02133	0.01438	0.01848	0.01072	0.01248	0.00891	0.00621	0.00526	0.00175	0.00850	0.00425	0.00297	0.00945
2	0.01911	0.71472	0.03554	0.01231	0.01813	0.07023	0.01203	0.02132	0.01452	0.01646	0.00977	0.01128	0.00896	0.00604	0.00459	0.00151	0.00777	0.00378	0.00302	0.00890
3	0.01789	0.63950	0.14928	0.01325	0.01994	0.02573	0.01423	0.02109	0.01427	0.01736	0.01017	0.01178	0.00894	0.00608	0.00483	0.00161	0.00793	0.00397	0.00298	0.00918
4	0.01344	0.01286	0.02197	0.66995	0.04614	0.01588	0.05278	0.01801	0.01393	0.01801	0.01234	0.01847	0.00936	0.00716	0.00776	0.00236	0.04234	0.00630	0.00312	0.00783
5	0.80405	0.01350	0.01026	0.00918	0.01350	0.01565	0.00756	0.02051	0.01188	0.03131	0.00972	0.01134	0.00756	0.00648	0.00432	0.00216	0.00540	0.00378	0.00432	0.00756
6	0.01341	0.01264	0.01778	0.01589	0.01618	0.01700	0.01292	0.01508	0.01112	0.01681	0.01465	0.10982	0.01537	0.02103	0.15465	0.00457	0.51224	0.00809	0.00361	0.00712
7	0.80405	0.01350	0.01026	0.00918	0.01350	0.01565	0.00756	0.02051	0.01188	0.03131	0.00972	0.01134	0.00756	0.00648	0.00432	0.00216	0.00540	0.00378	0.00432	0.00756
8	0.00976	0.00691	0.00827	0.00842	0.00918	0.00652	0.00540	0.01080	0.01291	0.01748	0.12893	0.23086	0.07416	0.37988	0.02168	0.00456	0.00529	0.01303	0.00544	0.04050
9	0.01484	0.01043	0.01143	0.01003	0.01163	0.01103	0.00682	0.20430	0.01664	0.02225	0.02049	0.03738	0.02150	0.54097	0.02734	0.00543	0.00703	0.00904	0.00502	0.00642
10	0.65657	0.04714	0.01215	0.04440	0.01544	0.01585	0.00845	0.02077	0.04667	0.02930	0.01203	0.04434	0.01006	0.00729	0.00479	0.00218	0.00563	0.00479	0.00443	0.00772
11	0.01199	0.00740	0.00962	0.00979	0.01125	0.00677	0.00694	0.01371	0.01482	0.10008	0.13158	0.40352	0.04088	0.11471	0.01194	0.00311	0.00468	0.04458	0.00649	0.04617
12	0.02433	0.09931	0.04454	0.01656	0.02110	0.39138	0.01345	0.22261	0.02254	0.02514	0.01288	0.01445	0.01023	0.00951	0.03991	0.00231	0.01083	0.00511	0.00453	0.00929

[dist]
# distance from previous block
# <min> <max>
0	3

[block]
# block no. 4 follows, 30 sequences, length 63
# corresponding to MSA columns:
# 168-230
name=unknown_E
#
# <colnr> <probs for GDERKNQSTAVLIFYWHMCP>
#	G	D	E	R	K	N	Q	S	T	A	V	L	I	F	Y	W	H	M	C	P
0	0.01336	0.01277	0.02207	0.69803	0.04741	0.01562	0.05696	0.01808	0.01410	0.01808	0.01250	0.01862	0.00937	0.00692	0.00705	0.00233	0.00944	0.00632	0.00312	0.00785
1	0.01304	0.00782	0.01019	0.00927	0.01149	0.00707	0.00706	0.01605	0.01924	0.13420	0.52779	0.07904	0.10250	0.01396	0.00807	0.00223	0.00375	0.01221	0.00769	0.00732
2	0.13933	0.19852	0.02039	0.01198	0.01722	0.03982	0.01031	0.06089	0.03831	0.28943	0.03814	0.01826	0.01424	0.00752	0.00586	0.00190	0.00640	0.00557	0.00593	0.06996
3	0.01318	0.01240	0.02093	0.73798	0.04806	0.01550	0.01938	0.01783	0.01395	0.01783	0.01240	0.01860	0.00930	0.00698	0.00698	0.00233	0.00930	0.00620	0.00310	0.00775
4	0.01212	0.00606	0.00909	0.00909	0.00909	0.00606	0.00606	0.00909	0.00909	0.01212	0.01212	0.02121	0.01212	0.02424	0.02727	0.79697	0.00606	0.00606	0.00303	0.00303
5	0.02996	0.01243	0.01634	0.01271	0.01799	0.01129	0.01044	0.05944	0.07720	0.63277	0.02719	0.02367	0.01740	0.00870	0.00702	0.00217	0.00597	0.00706	0.00844	0.01181
6	0.01650	0.01874	0.04072	0.02989	0.06031	0.01761	0.66241	0.02232	0.01645	0.02237	0.01408	0.01877	0.01060	0.00589	0.00819	0.00234	0.01164	0.00816	0.00353	0.00947
7	0.01447	0.01240	0.01447	0.01034	0.01654	0.00930	0.00827	0.01757	0.01447	0.02274	0.01240	0.01447	0.01034	0.00517	0.00517	0.00103	0.00517	0.00413	0.00413	0.79742
8	0.00825	0.00707	0.00707	0.00707	0.00943	0.00589	0.00530	0.01001	0.01591	0.01885	0.07069	0.06716	0.70839	0.01767	0.00825	0.00236	0.00353	0.01473	0.00648	0.00589
9	0.01736	0.01499	0.01578	0.01420	0.01815	0.01736	0.01105	0.03708	0.69862	0.02919	0.02840	0.02604	0.02130	0.00947	0.00710	0.00237	0.00552	0.00789	0.00710	0.01105
10	0.01000	0.00735	0.01056	0.01056	0.01159	0.00837	0.00791	0.01204	0.01102	0.01572	0.01929	0.03071	0.01888	0.17911	0.60229	0.01041	0.01654	0.00796	0.00383	0.00587
11	0.00878	0.00655	0.00816	0.00890	0.01004	0.00594	0.00624	0.01061	0.01546	0.02048	0.20619	0.43077	0.19817	0.01911	0.00860	0.00257	0.00375	0.01697	0.00677	0.00594
12	0.01904	0.72112	0.03569	0.01226	0.01810	0.06406	0.01202	0.02126	0.01447	0.01645	0.00976	0.01127	0.00896	0.00603	0.00457	0.00151	0.00773	0.00377	0.00302	0.00891
13	0.00845	0.00703	0.00739	0.00739	0.00958	0.00596	0.00551	0.01038	0.01626	0.01990	0.14577	0.09499	0.60250	0.01745	0.00827	0.00236	0.00353	0.01470	0.00662	0.00596
14	0.01390	0.01311	0.01725	0.01538	0.01597	0.04715	0.01248	0.01575	0.01138	0.01689	0.01302	0.02016	0.01248	0.04704	0.23301	0.00551	0.44175	0.00659	0.03411	0.00708
15	0.01415	0.06032	0.69575	0.01962	0.02979	0.01659	0.02532	0.02206	0.01471	0.02191	0.01243	0.01461	0.00884	0.00661	0.00656	0.00219	0.01022	0.00511	0.00295	0.01027
16	0.17242	0.05278	0.01066	0.00846	0.01133	0.01129	0.00679	0.09512	0.01616	0.02860	0.01872	0.02117	0.01462	0.00771	0.00499	0.00178	0.00443	0.00578	0.49974	0.00748
17	0.01836	0.40590	0.13867	0.01758	0.02416	0.10649	0.15800	0.02221	0.01541	0.01862	0.01120	0.01352	0.00929	0.00620	0.00582	0.00182	0.00942	0.00500	0.00317	0.00916
18	0.04986	0.04449	0.01976	0.01588	0.02044	0.19865	0.01271	0.32883	0.16046	0.03216	0.01690	0.01716	0.01271	0.00827	0.00714	0.00209	0.03030	0.00599	0.00582	0.01039
19	0.01015	0.00677	0.00761	0.00761	0.00761	0.00677	0.00423	0.01015	0.01015	0.01353	0.02199	0.04567	0.02537	0.75476	0.03552	0.00677	0.00677	0.01015	0.00423	0.00423
20	0.01736	0.01499	0.01578	0.01420	0.01815	0.01736	0.01105	0.03708	0.69862	0.02919	0.02840	0.02604	0.02130	0.00947	0.00710	0.00237	0.00552	0.00789	0.00710	0.01105
21	0.01113	0.00799	0.01108	0.01263	0.01426	0.00795	0.01101	0.01428	0.01606	0.02080	0.03826	0.07826	0.06619	0.01921	0.00958	0.00318	0.00631	0.63896	0.00643	0.00640
22	0.01301	0.00650	0.00650	0.00650	0.00813	0.00650	0.00488	0.01626	0.01463	0.02602	0.02276	0.02602	0.01789	0.00813	0.00488	0.00163	0.00325	0.00650	0.79350	0.00650
23	0.00904	0.00728	0.00817	0.00846	0.01059	0.00641	0.00669	0.01126	0.01630	0.02014	0.12283	0.06822	0.50596	0.01770	0.00854	0.00252	0.00413	0.15310	0.00658	0.00607
24	0.01015	0.00677	0.00761	0.00761	0.00761	0.00677	0.00423	0.01015	0.01015	0.01353	0.02199	0.04567	0.02537	0.75476	0.03552	0.00677	0.00677	0.01015	0.00423	0.00423
25	0.01301	0.00650	0.00650	0.00650	0.00813	0.00650	0.00488	0.01626	0.01463	0.02602	0.02276	0.02602	0.01789	0.00813	0.00488	0.00163	0.00325	0.00650	0.79350	0.00650
26	0.01015	0.00677	0.00761	0.00761	0.00761	0.00677	0.00423	0.01015	0.01015	0.01353	0.02199	0.04567	0.02537	0.75476	0.03552	0.00677	0.00677	0.01015	0.00423	0.00423
27	0.01447	0.01240	0.01447	0.01034	0.01654	0.00930	0.00827	0.01757	0.01447	0.02274	0.01240	0.01447	0.01034	0.00517	0.00517	0.00103	0.00517	0.00413	0.00413	0.79742
28	0.01771	0.01517	0.01598	0.01427	0.01828	0.01752	0.01113	0.06249	0.67263	0.02977	0.02795	0.02567	0.02093	0.00942	0.00710	0.00236	0.00561	0.00783	0.00710	0.01108
29	0.02653	0.01955	0.02094	0.01606	0.02164	0.02164	0.01326	0.68796	0.03281	0.04398	0.01675	0.01675	0.01187	0.00838	0.00698	0.00209	0.00768	0.00628	0.00698	0.01187
30	0.02799	0.01721	0.01949	0.01495	0.02047	0.01817	0.01235	0.48847	0.02889	0.24900	0.02004	0.01889	0.01352	0.00846	0.00699	0.00211	0.00715	0.00651	0.00749	0.01187
31	0.01099	0.00738	0.00969	0.00897	0.01081	0.00678	0.00678	0.01426	0.01976	0.06386	0.67209	0.05065	0.06331	0.01397	0.00817	0.00219	0.00343	0.01233	0.00773	0.00686
32	0.00825	0.00707	0.00707	0.00707	0.00943	0.00589	0.00530	0.01001	0.01591	0.01885	0.07069	0.06716	0.70839	0.01767	0.00825	0.00236	0.00353	0.01473	0.00648	0.00589
33	0.01447	0.01240	0.01447	0.01034	0.01654	0.00930	0.00827	0.01757	0.01447	0.02274	0.01240	0.01447	0.01034	0.00517	0.00517	0.00103	0.00517	0.00413	0.00413	0.79742
34	0.00859	0.00611	0.00807	0.00960	0.00998	0.00573	0.00635	0.00974	0.01318	0.01757	0.03753	0.71047	0.04498	0.06319	0.01041	0.00306	0.00420	0.01929	0.00635	0.00559
35	0.01527	0.01527	0.02137	0.01832	0.01832	0.02137	0.01527	0.01679	0.01069	0.01679	0.00916	0.01527	0.00916	0.01221	0.02290	0.00305	0.74198	0.00611	0.00305	0.00763
36	0.01866	0.75896	0.03657	0.01194	0.01791	0.02761	0.01194	0.02090	0.01418	0.01642	0.00970	0.01119	0.00896	0.00597	0.00448	0.00149	0.00746	0.00373	0.00299	0.00896
37	0.01527	0.01527	0.02137	0.01832	0.01832	0.02137	0.01527	0.01679	0.01069	0.01679	0.00916	0.01527	0.00916	0.01221	0.02290	0.00305	0.74198	0.00611	0.00305	0.00763
38	0.01447	0.01240	0.01447	0.01034	0.01654	0.00930	0.00827	0.01757	0.01447	0.02274	0.01240	0.01447	0.01034	0.00517	0.00517	0.00103	0.00517	0.00413	0.00413	0.79742
39	0.55565	0.01834	0.16677	0.05276	0.01929	0.01556	0.01233	0.02124	0.01294	0.05526	0.01118	0.01298	0.00832	0.00662	0.00508	0.00218	0.00672	0.00434	0.00412	0.00834
40	0.01124	0.00803	0.01124	0.01285	0.01446	0.00803	0.01124	0.01446	0.01606	0.02088	0.03695	0.07871	0.04016	0.01928	0.00964	0.00321	0.00643	0.66426	0.00643	0.00643
41	0.01823	0.01479	0.01581	0.01409	0.01813	0.01691	0.01100	0.03689	0.65607	0.07226	0.02835	0.02589	0.02105	0.00942	0.00710	0.00235	0.00555	0.00783	0.00720	0.01110
42	0.00988	0.00713	0.00933	0.00878	0.01043	0.00658	0.00658	0.01317	0.01975	0.02798	0.70754	0.05213	0.06584	0.01427	0.00823	0.00219	0.00329	0.01262	0.00768	0.00658
43	0.00954	0.00651	0.00779	0.00839	0.00854	0.00636	0.00506	0.00999	0.01134	0.01512	0.02809	0.30647	0.03306	0.48346	0.02567	0.00531	0.00576	0.01374	0.00506	0.00476
44	0.02653	0.01955	0.02094	0.01606	0.02164	0.02164	0.01326	0.68796	0.03281	0.04398	0.01675	0.01675	0.01187	0.00838	0.00698	0.00209	0.00768	0.00628	0.00698	0.01187
45	0.01727	0.01658	0.02832	0.04283	0.71123	0.01658	0.02142	0.02142	0.01589	0.02280	0.01313	0.01727	0.01105	0.00622	0.00691	0.00207	0.00829	0.00622	0.00345	0.01105
46	0.00940	0.00694	0.00879	0.00869	0.01023	0.00633	0.00638	0.01212	0.01810	0.02491	0.49978	0.17316	0.15722	0.01606	0.00835	0.00233	0.00346	0.01416	0.00730	0.00633
47	0.00850	0.00607	0.00810	0.00972	0.01012	0.00567	0.00648	0.00972	0.01336	0.01781	0.03846	0.75020	0.04615	0.02186	0.00891	0.00283	0.00405	0.01984	0.00648	0.00567
48	0.00997	0.00748	0.01121	0.01121	0.01246	0.00872	0.00872	0.01246	0.01121	0.01620	0.01869	0.02741	0.01745	0.05234	0.72710	0.01121	0.01869	0.00748	0.00374	0.00623
49	0.80405	0.01350	0.01026	0.00918	0.01350	0.01565	0.00756	0.02051	0.01188	0.03131	0.00972	0.01134	0.00756	0.00648	0.00432	0.00216	0.00540	0.00378	0.00432	0.00756
50	0.02653	0.01955	0.02094	0.01606	0.02164	0.02164	0.01326	0.68796	0.03281	0.04398	0.01675	0.01675	0.01187	0.00838	0.00698	0.00209	0.00768	0.00628	0.00698	0.01187
51	0.00875	0.00625	0.00839	0.01000	0.01052	0.00589	0.00692	0.01015	0.01361	0.01810	0.03832	0.68850	0.04560	0.02162	0.00897	0.00287	0.00427	0.07906	0.00647	0.00574
52	0.01527	0.01527	0.02137	0.01832	0.01832	0.02137	0.01527	0.01679	0.01069	0.01679	0.00916	0.01527	0.00916	0.01221	0.02290	0.00305	0.74198	0.00611	0.00305	0.00763
53	0.00980	0.00707	0.00926	0.00883	0.01041	0.00653	0.00658	0.01297	0.01939	0.02741	0.66981	0.09149	0.06473	0.01469	0.00827	0.00223	0.00333	0.01303	0.00761	0.00653
54	0.01693	0.01623	0.02771	0.10094	0.65579	0.01649	0.02125	0.02112	0.01573	0.02238	0.01307	0.01738	0.01091	0.00628	0.00691	0.00209	0.00837	0.00622	0.00342	0.01078
55	0.09164	0.01200	0.01573	0.01216	0.01748	0.01068	0.01005	0.03295	0.01934	0.66260	0.02614	0.02278	0.01652	0.00847	0.00681	0.00216	0.00590	0.00676	0.00830	0.01154
56	0.00997	0.00748	0.01121	0.01121	0.01246	0.00872	0.00872	0.01246	0.01121	0.01620	0.01869	0.02741	0.01745	0.05234	0.72710	0.01121	0.01869	0.00748	0.00374	0.00623
57	0.01866	0.75896	0.03657	0.01194	0.01791	0.02761	0.01194	0.02090	0.01418	0.01642	0.00970	0.01119	0.00896	0.00597	0.00448	0.00149	0.00746	0.00373	0.00299	0.00896
58	0.01212	0.00606	0.00909	0.00909	0.00909	0.00606	0.00606	0.00909	0.00909	0.01212	0.01212	0.02121	0.01212	0.02424	0.02727	0.79697	0.00606	0.00606	0.00303	0.00303
59	0.00982	0.00713	0.00924	0.00872	0.01039	0.00656	0.00654	0.01305	0.01961	0.02765	0.68396	0.05268	0.08963	0.01439	0.00823	0.00220	0.00330	0.01270	0.00764	0.00656
60	0.01452	0.10127	0.63040	0.01953	0.02932	0.01730	0.04994	0.02200	0.01475	0.02159	0.01233	0.01457	0.00892	0.00654	0.00650	0.00215	0.01011	0.00515	0.00297	0.01015
61	0.01447	0.01240	0.01447	0.01034	0.01654	0.00930	0.00827	0.01757	0.01447	0.02274	0.01240	0.01447	0.01034	0.00517	0.00517	0.00103	0.00517	0.00413	0.00413	0.79742
62	0.02118	0.01291	0.01554	0.01184	0.01734	0.01136	0.00956	0.08026	0.08710	0.25459	0.04236	0.02014	0.01570	0.00732	0.00623	0.00167	0.00560	0.00593	0.00628	0.36711

[dist]
# distance from previous block
# <min> <max>
8	51

[block]
# block no. 5 follows, 30 sequences, length 50
# corresponding to MSA columns:
# 282-331
name=unknown_F
#
# <colnr> <probs for GDERKNQSTAVLIFYWHMCP>
#	G	D	E	R	K	N	Q	S	T	A	V	L	I	F	Y	W	H	M	C	P
0	0.01549	0.00835	0.01110	0.00977	0.01237	0.00752	0.00755	0.01856	0.01961	0.20932	0.50695	0.06662	0.05240	0.01302	0.00793	0.00221	0.00401	0.01137	0.00790	0.00795
1	0.01346	0.01269	0.02143	0.69081	0.09307	0.01558	0.01952	0.01807	0.01408	0.01817	0.01245	0.01851	0.00942	0.00693	0.00697	0.00231	0.00923	0.00620	0.00312	0.00798
2	0.00850	0.00607	0.00810	0.00972	0.01012	0.00567	0.00648	0.00972	0.01336	0.01781	0.03846	0.75020	0.04615	0.02186	0.00891	0.00283	0.00405	0.01984	0.00648	0.00567
3	0.03109	0.01222	0.01641	0.01258	0.01799	0.01077	0.01039	0.06366	0.02056	0.68558	0.02704	0.02343	0.01703	0.00863	0.00702	0.00216	0.00602	0.00698	0.00856	0.01188
4	0.01627	0.01556	0.02651	0.21324	0.54866	0.01632	0.02092	0.02054	0.01541	0.02158	0.01295	0.01760	0.01062	0.00640	0.00693	0.00213	0.00854	0.00621	0.00337	0.01024
5	0.00850	0.00607	0.00810	0.00972	0.01012	0.00567	0.00648	0.00972	0.01336	0.01781	0.03846	0.75020	0.04615	0.02186	0.00891	0.00283	0.00405	0.01984	0.00648	0.00567
6	0.02666	0.01123	0.01498	0.01182	0.01645	0.00999	0.00963	0.05826	0.02049	0.54417	0.16792	0.02932	0.02710	0.00979	0.00727	0.00216	0.00547	0.00815	0.00837	0.01078
7	0.06269	0.00958	0.01132	0.01009	0.01261	0.00965	0.00780	0.09039	0.06605	0.05190	0.52056	0.04302	0.05171	0.01263	0.00773	0.00219	0.00414	0.01087	0.00739	0.00769
8	0.01866	0.75896	0.03657	0.01194	0.01791	0.02761	0.01194	0.02090	0.01418	0.01642	0.00970	0.01119	0.00896	0.00597	0.00448	0.00149	0.00746	0.00373	0.00299	0.00896
9	0.01799	0.01794	0.02763	0.04080	0.65495	0.07453	0.02077	0.02194	0.01621	0.02233	0.01294	0.01689	0.01089	0.00630	0.00686	0.00205	0.00864	0.00608	0.00347	0.01081
10	0.00988	0.00713	0.00933	0.00878	0.01043	0.00658	0.00658	0.01317	0.01975	0.02798	0.70754	0.05213	0.06584	0.01427	0.00823	0.00219	0.00329	0.01262	0.00768	0.00658
11	0.00922	0.00688	0.00846	0.00918	0.01037	0.00635	0.00644	0.03115	0.01554	0.02047	0.15145	0.46562	0.19457	0.01931	0.00859	0.00260	0.00393	0.01714	0.00669	0.00605
12	0.01974	0.01711	0.01671	0.01468	0.01882	0.08731	0.01147	0.10120	0.53549	0.05948	0.02546	0.02368	0.01897	0.00910	0.00701	0.00227	0.00645	0.00736	0.00681	0.01087
13	0.02788	0.01198	0.01584	0.01199	0.01755	0.01006	0.00985	0.03067	0.01885	0.57505	0.02445	0.02186	0.01586	0.00793	0.00664	0.00193	0.00578	0.00643	0.00772	0.17164
14	0.01544	0.01470	0.04419	0.01419	0.02065	0.01161	0.12303	0.05471	0.01581	0.02380	0.01293	0.01533	0.01041	0.00551	0.00583	0.00135	0.00659	0.00498	0.00414	0.59479
15	0.01710	0.01217	0.01312	0.01133	0.01380	0.03876	0.00905	0.18966	0.01900	0.02875	0.04272	0.02253	0.01641	0.01029	0.02979	0.00227	0.11336	0.00656	0.39523	0.00810
16	0.37992	0.04837	0.23196	0.01353	0.01997	0.03757	0.01408	0.06481	0.01499	0.06487	0.01215	0.01358	0.00898	0.00671	0.00546	0.00208	0.00738	0.00458	0.00422	0.04481
17	0.01579	0.01358	0.01431	0.01306	0.01666	0.01536	0.01009	0.03237	0.58005	0.02736	0.03455	0.05840	0.11608	0.01105	0.00732	0.00238	0.00520	0.00926	0.00699	0.01014
18	0.02355	0.01785	0.01959	0.04134	0.02157	0.01909	0.01252	0.51873	0.05802	0.03869	0.01635	0.01683	0.01192	0.00782	0.00667	0.00193	0.00721	0.00598	0.00635	0.14800
19	0.01054	0.00731	0.00937	0.00875	0.01061	0.00666	0.00660	0.01367	0.01939	0.05363	0.61946	0.05249	0.12638	0.01438	0.00819	0.00221	0.00342	0.01261	0.00760	0.00672
20	0.00850	0.00607	0.00810	0.00972	0.01012	0.00567	0.00648	0.00972	0.01336	0.01781	0.03846	0.75020	0.04615	0.02186	0.00891	0.00283	0.00405	0.01984	0.00648	0.00567
21	0.01016	0.00776	0.01158	0.01147	0.01267	0.00918	0.00896	0.01262	0.01120	0.01622	0.01835	0.02698	0.01715	0.05089	0.70180	0.01092	0.04468	0.00743	0.00371	0.00628
22	0.01447	0.01240	0.01447	0.01034	0.01654	0.00930	0.00827	0.01757	0.01447	0.02274	0.01240	0.01447	0.01034	0.00517	0.00517	0.00103	0.00517	0.00413	0.00413	0.79742
23	0.01816	0.01810	0.02538	0.07784	0.50798	0.10608	0.01922	0.04251	0.04171	0.02257	0.01450	0.01975	0.01236	0.00714	0.00696	0.00211	0.00869	0.03481	0.00382	0.01030
24	0.02232	0.01747	0.01877	0.01544	0.01983	0.04142	0.01247	0.32824	0.27707	0.07140	0.02078	0.02031	0.01533	0.00911	0.00848	0.00228	0.07473	0.00685	0.00665	0.01105
25	0.80405	0.01350	0.01026	0.00918	0.01350	0.01565	0.00756	0.02051	0.01188	0.03131	0.00972	0.01134	0.00756	0.00648	0.00432	0.00216	0.00540	0.00378	0.00432	0.00756
26	0.80405	0.01350	0.01026	0.00918	0.01350	0.01565	0.00756	0.02051	0.01188	0.03131	0.00972	0.01134	0.00756	0.00648	0.00432	0.00216	0.00540	0.00378	0.00432	0.00756
27	0.02607	0.03326	0.01978	0.01798	0.02157	0.72674	0.01348	0.02787	0.01978	0.01708	0.01079	0.01258	0.00899	0.00719	0.00629	0.00180	0.01258	0.00449	0.00360	0.00809
28	0.00858	0.00620	0.00812	0.00951	0.01010	0.00574	0.00642	0.00996	0.01393	0.01855	0.08515	0.66644	0.08321	0.02113	0.00883	0.00277	0.00397	0.01908	0.00656	0.00574
29	0.01527	0.01527	0.02137	0.01832	0.01832	0.02137	0.01527	0.01679	0.01069	0.01679	0.00916	0.01527	0.00916	0.01221	0.02290	0.00305	0.74198	0.00611	0.00305	0.00763
30	0.01464	0.00833	0.00877	0.00811	0.01025	0.00870	0.00627	0.10690	0.01687	0.02780	0.02168	0.02486	0.01704	0.01110	0.05308	0.00233	0.00488	0.00654	0.63467	0.00721
31	0.01015	0.00677	0.00761	0.00761	0.00761	0.00677	0.00423	0.01015	0.01015	0.01353	0.02199	0.04567	0.02537	0.75476	0.03552	0.00677	0.00677	0.01015	0.00423	0.00423
32	0.01736	0.01499	0.01578	0.01420	0.01815	0.01736	0.01105	0.03708	0.69862	0.02919	0.02840	0.02604	0.02130	0.00947	0.00710	0.00237	0.00552	0.00789	0.00710	0.01105
33	0.03131	0.01188	0.01619	0.01242	0.01781	0.01026	0.01026	0.03401	0.01997	0.71606	0.02753	0.02375	0.01727	0.00864	0.00702	0.00216	0.00594	0.00702	0.00864	0.01188
34	0.00911	0.00688	0.00842	0.00849	0.01007	0.00619	0.00619	0.01152	0.01727	0.02317	0.38032	0.20806	0.24508	0.01689	0.00838	0.00238	0.00353	0.01479	0.00708	0.00619
35	0.01785	0.01524	0.01606	0.01430	0.01833	0.01759	0.01117	0.07220	0.66269	0.02999	0.02777	0.02553	0.02079	0.00941	0.00709	0.00235	0.00564	0.00780	0.00709	0.01109
36	0.01542	0.01263	0.01475	0.01060	0.01675	0.00975	0.00850	0.04092	0.01527	0.04568	0.01304	0.01485	0.01061	0.00539	0.00529	0.00111	0.00528	0.00430	0.00438	0.74550
37	0.01301	0.00650	0.00650	0.00650	0.00813	0.00650	0.00488	0.01626	0.01463	0.02602	0.02276	0.02602	0.01789	0.00813	0.00488	0.00163	0.00325	0.00650	0.79350	0.00650
38	0.03131	0.01188	0.01619	0.01242	0.01781	0.01026	0.01026	0.03401	0.01997	0.71606	0.02753	0.02375	0.01727	0.00864	0.00702	0.00216	0.00594	0.00702	0.00864	0.01188
39	0.01002	0.00723	0.00953	0.00921	0.01085	0.00674	0.00708	0.01330	0.01936	0.02723	0.63671	0.05493	0.06313	0.01480	0.00838	0.00230	0.00362	0.08145	0.00755	0.00657
40	0.00850	0.00607	0.00810	0.00972	0.01012	0.00567	0.00648	0.00972	0.01336	0.01781	0.03846	0.75020	0.04615	0.02186	0.00891	0.00283	0.00405	0.01984	0.00648	0.00567
41	0.01866	0.75896	0.03657	0.01194	0.01791	0.02761	0.01194	0.02090	0.01418	0.01642	0.00970	0.01119	0.00896	0.00597	0.00448	0.00149	0.00746	0.00373	0.00299	0.00896
42	0.00849	0.00708	0.00741	0.00733	0.00958	0.00600	0.00550	0.01049	0.01649	0.02024	0.16721	0.06488	0.61102	0.01716	0.00824	0.00233	0.00350	0.01441	0.00666	0.00600
43	0.00850	0.00607	0.00810	0.00972	0.01012	0.00567	0.00648	0.00972	0.01336	0.01781	0.03846	0.75020	0.04615	0.02186	0.00891	0.00283	0.00405	0.01984	0.00648	0.00567
44	0.02446	0.01477	0.01700	0.01392	0.01875	0.01560	0.01121	0.17070	0.30769	0.28839	0.02567	0.02326	0.01785	0.00893	0.00704	0.00223	0.00612	0.00723	0.00765	0.01153
45	0.01447	0.01240	0.01447	0.01034	0.01654	0.00930	0.00827	0.01757	0.01447	0.02274	0.01240	0.01447	0.01034	0.00517	0.00517	0.00103	0.00517	0.00413	0.00413	0.79742
46	0.01492	0.01267	0.01471	0.01055	0.01673	0.00976	0.00845	0.04250	0.01515	0.02353	0.01256	0.01456	0.01039	0.00529	0.00524	0.00107	0.00526	0.00421	0.00424	0.76821
47	0.00997	0.00748	0.01121	0.01121	0.01246	0.00872	0.00872	0.01246	0.01121	0.01620	0.01869	0.02741	0.01745	0.05234	0.72710	0.01121	0.01869	0.00748	0.00374	0.00623
48	0.01732	0.04024	0.04349	0.13725	0.13962	0.16647	0.03787	0.07011	0.01718	0.04181	0.02041	0.17857	0.03913	0.01056	0.00724	0.00223	0.00835	0.00908	0.00457	0.00848
49	0.01400	0.03610	0.71860	0.01989	0.03020	0.01621	0.02578	0.02210	0.01473	0.02210	0.01252	0.01473	0.00884	0.00663	0.00663	0.00221	0.01031	0.00516	0.00295	0.01031

[dist]
# distance from previous block
# <min> <max>
0	1

[block]
# block no. 6 follows, 30 sequences, length 17
# corresponding to MSA columns:
# 333-349
name=unknown_G
#
# <colnr> <probs for GDERKNQSTAVLIFYWHMCP>
#	G	D	E	R	K	N	Q	S	T	A	V	L	I	F	Y	W	H	M	C	P
0	0.02330	0.01392	0.09184	0.01384	0.04660	0.01082	0.01165	0.06229	0.01930	0.40928	0.11964	0.07669	0.04867	0.01028	0.00731	0.00222	0.00604	0.00864	0.00736	0.01032
1	0.73708	0.01541	0.07030	0.01008	0.01491	0.01570	0.00910	0.02065	0.01212	0.03053	0.00995	0.01162	0.00767	0.00649	0.00451	0.00216	0.00581	0.00390	0.00420	0.00779
2	0.01318	0.01240	0.02093	0.73798	0.04806	0.01550	0.01938	0.01783	0.01395	0.01783	0.01240	0.01860	0.00930	0.00698	0.00698	0.00233	0.00930	0.00620	0.00310	0.00775
3	0.01754	0.01561	0.02403	0.23404	0.36555	0.01684	0.01869	0.14688	0.01856	0.02527	0.01573	0.01939	0.03640	0.00727	0.00699	0.00216	0.00829	0.00654	0.00414	0.01008
4	0.01301	0.00650	0.00650	0.00650	0.00813	0.00650	0.00488	0.01626	0.01463	0.02602	0.02276	0.02602	0.01789	0.00813	0.00488	0.00163	0.00325	0.00650	0.79350	0.00650
5	0.01959	0.01610	0.01704	0.01465	0.01900	0.01840	0.01159	0.19590	0.53616	0.03280	0.02556	0.02377	0.01900	0.00920	0.00707	0.00230	0.00605	0.00750	0.00707	0.01125
6	0.00997	0.00748	0.01121	0.01121	0.01246	0.00872	0.00872	0.01246	0.01121	0.01620	0.01869	0.02741	0.01745	0.05234	0.72710	0.01121	0.01869	0.00748	0.00374	0.00623
7	0.00997	0.00748	0.01121	0.01121	0.01246	0.00872	0.00872	0.01246	0.01121	0.01620	0.01869	0.02741	0.01745	0.05234	0.72710	0.01121	0.01869	0.00748	0.00374	0.00623
8	0.01310	0.01183	0.01674	0.13792	0.02089	0.01497	0.01328	0.01567	0.01347	0.01909	0.07270	0.03431	0.08244	0.01295	0.01474	0.00276	0.33921	0.11654	0.04022	0.00717
9	0.01866	0.75896	0.03657	0.01194	0.01791	0.02761	0.01194	0.02090	0.01418	0.01642	0.00970	0.01119	0.00896	0.00597	0.00448	0.00149	0.00746	0.00373	0.00299	0.00896
10	0.00997	0.00748	0.01121	0.01121	0.01246	0.00872	0.00872	0.01246	0.01121	0.01620	0.01869	0.02741	0.01745	0.05234	0.72710	0.01121	0.01869	0.00748	0.00374	0.00623
11	0.01447	0.01240	0.01447	0.01034	0.01654	0.00930	0.00827	0.01757	0.01447	0.02274	0.01240	0.01447	0.01034	0.00517	0.00517	0.00103	0.00517	0.00413	0.00413	0.79742
12	0.01009	0.00725	0.01024	0.01031	0.01133	0.00815	0.00768	0.01216	0.01131	0.01634	0.02030	0.06137	0.02001	0.16511	0.54394	0.00962	0.01528	0.00840	0.04523	0.00589
13	0.02466	0.01836	0.01972	0.01530	0.02055	0.02015	0.01249	0.58522	0.07523	0.04070	0.01758	0.01859	0.01304	0.04225	0.00821	0.00228	0.00739	0.00647	0.00674	0.04507
14	0.02227	0.01500	0.01692	0.01400	0.01861	0.01618	0.01123	0.20380	0.31697	0.18151	0.02411	0.02282	0.01740	0.01125	0.04705	0.00270	0.00690	0.00714	0.00712	0.03702
15	0.01032	0.00705	0.00796	0.00781	0.00833	0.00680	0.00464	0.01074	0.01095	0.01492	0.02438	0.08099	0.05398	0.61818	0.03024	0.00588	0.00628	0.01039	0.03157	0.04858
16	0.11885	0.03695	0.01763	0.01419	0.05020	0.01489	0.01107	0.19608	0.05899	0.28675	0.01965	0.01880	0.01357	0.00774	0.00638	0.00199	0.00635	0.00600	0.00665	0.10726

[dist]
# distance from previous block
# <min> <max>
3	18

[block]
# block no. 7 follows, 30 sequences, length 15
# corresponding to MSA columns:
# 368-382
name=unknown_H
#
# <colnr> <probs for GDERKNQSTAVLIFYWHMCP>
#	G	D	E	R	K	N	Q	S	T	A	V	L	I	F	Y	W	H	M	C	P
0	0.01233	0.01385	0.11792	0.01316	0.05498	0.04113	0.01082	0.05923	0.01797	0.02431	0.28646	0.13558	0.13788	0.03273	0.00855	0.00239	0.00556	0.01155	0.00607	0.00754
1	0.16484	0.09758	0.03657	0.01369	0.06190	0.11250	0.01046	0.09160	0.01768	0.02565	0.13737	0.02592	0.07951	0.01109	0.03752	0.00241	0.00713	0.00712	0.05131	0.00814
2	0.02002	0.29939	0.12266	0.01686	0.06961	0.16398	0.01468	0.12244	0.01868	0.02270	0.05742	0.01592	0.01327	0.00723	0.00594	0.00183	0.00871	0.00523	0.00405	0.00940
3	0.51624	0.06846	0.13257	0.01203	0.01751	0.05896	0.01156	0.04079	0.01393	0.05796	0.01123	0.01267	0.00850	0.00666	0.00503	0.00210	0.00688	0.00426	0.00422	0.00846
4	0.01666	0.02328	0.23866	0.03472	0.47252	0.04820	0.02239	0.02191	0.01571	0.02233	0.01284	0.01629	0.01029	0.00639	0.00680	0.00210	0.00910	0.00582	0.00331	0.01070
5	0.04862	0.03122	0.57963	0.01975	0.06829	0.01530	0.02292	0.02115	0.01515	0.02310	0.07762	0.01824	0.01426	0.00731	0.00669	0.00220	0.00932	0.00586	0.00348	0.00989
6	0.04516	0.18146	0.43656	0.01946	0.02810	0.01878	0.13392	0.02183	0.01480	0.02132	0.01210	0.01457	0.00911	0.00636	0.00637	0.00208	0.00979	0.00533	0.00310	0.00978
7	0.01691	0.36183	0.36433	0.01618	0.02408	0.06888	0.01872	0.02194	0.01482	0.01920	0.01113	0.01299	0.00890	0.00637	0.00564	0.00186	0.00918	0.00447	0.00301	0.00955
8	0.01047	0.00821	0.01217	0.01188	0.01301	0.00991	0.00934	0.01287	0.01117	0.01626	0.01780	0.02628	0.01667	0.04857	0.66106	0.01045	0.08653	0.00735	0.00367	0.00636
9	0.03131	0.01188	0.01619	0.01242	0.01781	0.01026	0.01026	0.03401	0.01997	0.71606	0.02753	0.02375	0.01727	0.00864	0.00702	0.00216	0.00594	0.00702	0.00864	0.01188
10	0.01212	0.00606	0.00909	0.00909	0.00909	0.00606	0.00606	0.00909	0.00909	0.01212	0.01212	0.02121	0.01212	0.02424	0.02727	0.79697	0.00606	0.00606	0.00303	0.00303
11	0.00850	0.00607	0.00810	0.00972	0.01012	0.00567	0.00648	0.00972	0.01336	0.01781	0.03846	0.75020	0.04615	0.02186	0.00891	0.00283	0.00405	0.01984	0.00648	0.00567
12	0.02720	0.01292	0.04357	0.01256	0.01766	0.01109	0.01066	0.09398	0.02098	0.52841	0.11981	0.02664	0.02312	0.00931	0.00717	0.00216	0.00591	0.00765	0.00812	0.01108
13	0.01395	0.02698	0.44029	0.02148	0.09159	0.01481	0.11330	0.02056	0.01593	0.02320	0.13039	0.02186	0.01893	0.00778	0.00715	0.00221	0.00914	0.00694	0.00388	0.00963
14	0.00984	0.00813	0.00877	0.00853	0.01087	0.00760	0.00641	0.01436	0.11138	0.02197	0.18459	0.09653	0.45344	0.01612	0.00812	0.00235	0.00379	0.01366	0.00680	0.00673

[dist]
# distance from previous block
# <min> <max>
2	4

[block]
# block no. 8 follows, 30 sequences, length 16
# corresponding to MSA columns:
# 387-402
name=unknown_I
#
# <colnr> <probs for GDERKNQSTAVLIFYWHMCP>
#	G	D	E	R	K	N	Q	S	T	A	V	L	I	F	Y	W	H	M	C	P
0	0.01903	0.58510	0.06569	0.01313	0.01874	0.12369	0.01266	0.02150	0.01484	0.01677	0.01044	0.01238	0.00938	0.00851	0.04125	0.00206	0.00888	0.00409	0.00311	0.00876
1	0.00857	0.00619	0.00812	0.00952	0.01010	0.00574	0.00642	0.00994	0.01389	0.01849	0.08096	0.67143	0.08247	0.02118	0.00883	0.00277	0.00398	0.01913	0.00655	0.00574
2	0.01081	0.00871	0.01282	0.01234	0.01339	0.01073	0.00976	0.01315	0.01113	0.01629	0.01718	0.02549	0.01613	0.04598	0.61556	0.00992	0.13326	0.00726	0.00363	0.00645
3	0.01124	0.00803	0.01124	0.01285	0.01446	0.00803	0.01124	0.01446	0.01606	0.02088	0.03695	0.07871	0.04016	0.01928	0.00964	0.00321	0.00643	0.66426	0.00643	0.00643
4	0.01393	0.01362	0.02086	0.69580	0.04651	0.05717	0.01903	0.01842	0.01429	0.01779	0.01231	0.01825	0.00928	0.00699	0.00694	0.00229	0.00949	0.00610	0.00313	0.00777
5	0.05793	0.01546	0.04003	0.01463	0.02059	0.03886	0.12036	0.06330	0.05618	0.02460	0.01443	0.01767	0.01176	0.00635	0.00607	0.00158	0.00690	0.02463	0.00442	0.45426
6	0.80405	0.01350	0.01026	0.00918	0.01350	0.01565	0.00756	0.02051	0.01188	0.03131	0.00972	0.01134	0.00756	0.00648	0.00432	0.00216	0.00540	0.00378	0.00432	0.00756
7	0.01723	0.01514	0.01687	0.12874	0.08580	0.11263	0.01259	0.12575	0.06057	0.05190	0.20404	0.03187	0.05219	0.01035	0.00741	0.00220	0.00709	0.04319	0.00578	0.00866
8	0.00997	0.00748	0.01121	0.01121	0.01246	0.00872	0.00872	0.01246	0.01121	0.01620	0.01869	0.02741	0.01745	0.05234	0.72710	0.01121	0.01869	0.00748	0.00374	0.00623
9	0.02113	0.01276	0.01476	0.01301	0.01687	0.04272	0.01051	0.02960	0.24542	0.27814	0.08826	0.03590	0.02642	0.01116	0.00757	0.00240	0.00594	0.11994	0.00745	0.01004
10	0.80405	0.01350	0.01026	0.00918	0.01350	0.01565	0.00756	0.02051	0.01188	0.03131	0.00972	0.01134	0.00756	0.00648	0.00432	0.00216	0.00540	0.00378	0.00432	0.00756
11	0.01447	0.01240	0.01447	0.01034	0.01654	0.00930	0.00827	0.01757	0.01447	0.02274	0.01240	0.01447	0.01034	0.00517	0.00517	0.00103	0.00517	0.00413	0.00413	0.79742
12	0.02349	0.05259	0.01735	0.01323	0.01811	0.04854	0.01072	0.09154	0.22707	0.29005	0.04374	0.02259	0.01796	0.00850	0.00674	0.00206	0.00622	0.00682	0.00703	0.08567
13	0.00835	0.00693	0.00731	0.00752	0.00957	0.00589	0.00552	0.01010	0.01570	0.01908	0.09241	0.16459	0.58674	0.01813	0.00834	0.00242	0.00360	0.01537	0.00653	0.00589
14	0.01634	0.01859	0.06258	0.15123	0.03492	0.05302	0.41495	0.04585	0.01623	0.02157	0.01400	0.03825	0.01114	0.00716	0.00886	0.00237	0.06274	0.00765	0.00361	0.00895
15	0.01297	0.01114	0.05625	0.11975	0.05859	0.00987	0.01112	0.04061	0.01734	0.06613	0.26162	0.13099	0.08477	0.01261	0.00772	0.00227	0.00555	0.03379	0.00603	0.05089

[dist]
# distance from previous block
# <min> <max>
0	2

# created by:
# /st0/software/busco_prod/Augustus/scripts/msa2prfl.pl ./align_prep/124550.fa
