[name]
unknown

[dist]
# distance from previous block
# <min> <max>
0	32

[block]
# block no. 0 follows, 25 sequences, length 152
# corresponding to MSA columns:
# 359-384,389,390,403-526
name=unknown_A
#
# <colnr> <probs for GDERKNQSTAVLIFYWHMCP>
#	G	D	E	R	K	N	Q	S	T	A	V	L	I	F	Y	W	H	M	C	P
0	0.01308	0.01023	0.01461	0.01822	0.11075	0.01029	0.01262	0.01747	0.06268	0.02320	0.03703	0.25230	0.04035	0.01936	0.00984	0.00320	0.00662	0.32340	0.00673	0.00801
1	0.01958	0.01815	0.02403	0.09715	0.23732	0.07548	0.04928	0.02962	0.22922	0.04982	0.02252	0.02778	0.01837	0.00948	0.00801	0.00253	0.00867	0.05622	0.00560	0.01116
2	0.02117	0.01623	0.01852	0.01711	0.05717	0.01757	0.01281	0.09550	0.41269	0.09772	0.02820	0.02911	0.02161	0.01027	0.00782	0.00248	0.00660	0.04076	0.00749	0.07916
3	0.01888	0.01848	0.03199	0.04018	0.47070	0.01831	0.13491	0.02536	0.07688	0.02589	0.01629	0.02023	0.01319	0.00711	0.00786	0.00233	0.00945	0.00737	0.00426	0.05032
4	0.01895	0.01225	0.01526	0.05164	0.01886	0.01155	0.01036	0.04468	0.11362	0.16588	0.11728	0.15345	0.03063	0.01223	0.00789	0.00229	0.00581	0.01054	0.00719	0.18964
5	0.01122	0.00749	0.00847	0.00853	0.00855	0.00748	0.00478	0.01126	0.01139	0.01519	0.02502	0.07232	0.02893	0.70492	0.03851	0.00738	0.00742	0.01162	0.00478	0.00475
6	0.02024	0.01963	0.02959	0.08259	0.43434	0.08707	0.08175	0.02534	0.04217	0.05260	0.01661	0.02198	0.01372	0.00779	0.00787	0.00238	0.00985	0.02874	0.00435	0.01139
7	0.74767	0.01613	0.04191	0.01073	0.01583	0.01742	0.00931	0.02287	0.01334	0.03433	0.01094	0.01277	0.00846	0.00721	0.00491	0.00240	0.00624	0.00427	0.00473	0.00854
8	0.03322	0.01471	0.01881	0.01453	0.02049	0.01378	0.01197	0.13592	0.05434	0.55303	0.02873	0.02527	0.01845	0.00959	0.00780	0.00240	0.00688	0.00771	0.00922	0.01315
9	0.02858	0.03434	0.02255	0.02097	0.05355	0.58735	0.01535	0.10323	0.02347	0.02275	0.01288	0.01476	0.01046	0.00809	0.00711	0.00205	0.01313	0.00531	0.00443	0.00963
10	0.01178	0.00810	0.01062	0.00989	0.01186	0.00745	0.00745	0.01541	0.02196	0.05317	0.65327	0.05685	0.07134	0.01564	0.00910	0.00244	0.00376	0.01381	0.00857	0.00751
11	0.01127	0.00755	0.00864	0.00864	0.00870	0.00762	0.00492	0.01139	0.01133	0.01517	0.02427	0.04982	0.02779	0.69729	0.06913	0.00774	0.00812	0.01114	0.00467	0.00480
12	0.01225	0.00875	0.01218	0.01379	0.01552	0.00869	0.01188	0.01572	0.01801	0.02363	0.08763	0.11380	0.04701	0.02114	0.01056	0.00347	0.00677	0.55484	0.00724	0.00711
13	0.02947	0.02172	0.02327	0.01784	0.02404	0.02404	0.01474	0.65329	0.03646	0.04887	0.01862	0.01862	0.01319	0.00931	0.00776	0.00233	0.00853	0.00698	0.00776	0.01319
14	0.01464	0.01378	0.02326	0.70887	0.05340	0.01723	0.02153	0.01981	0.01550	0.01981	0.01378	0.02067	0.01034	0.00775	0.00775	0.00258	0.01034	0.00689	0.00345	0.00861
15	0.02803	0.03519	0.02288	0.02260	0.08634	0.63184	0.01582	0.03028	0.02156	0.01958	0.01223	0.01448	0.01021	0.00789	0.00706	0.00203	0.01353	0.00518	0.00398	0.00930
16	0.00945	0.00675	0.00900	0.01080	0.01125	0.00630	0.00720	0.01080	0.01484	0.01979	0.04274	0.72245	0.05128	0.02429	0.00990	0.00315	0.00450	0.02204	0.00720	0.00630
17	0.01097	0.00793	0.01036	0.00975	0.01158	0.00732	0.00732	0.01463	0.02195	0.03109	0.67505	0.05792	0.07316	0.01585	0.00914	0.00244	0.00366	0.01402	0.00854	0.00732
18	0.01772	0.01373	0.01625	0.01169	0.01850	0.01043	0.00938	0.02113	0.01662	0.08316	0.01526	0.01698	0.01216	0.00608	0.00592	0.00126	0.00582	0.00488	0.00503	0.70801
19	0.01608	0.01378	0.01608	0.01148	0.01837	0.01034	0.00919	0.01952	0.01608	0.02527	0.01378	0.01608	0.01148	0.00574	0.00574	0.00115	0.00574	0.00459	0.00459	0.77491
20	0.01555	0.04011	0.68733	0.02210	0.03356	0.01801	0.02865	0.02455	0.01637	0.02455	0.01391	0.01637	0.00982	0.00737	0.00737	0.00246	0.01146	0.00573	0.00327	0.01146
21	0.01127	0.01033	0.03867	0.01234	0.01519	0.00870	0.07323	0.01467	0.01915	0.02571	0.31544	0.13943	0.22611	0.01689	0.00924	0.00264	0.00523	0.04100	0.00728	0.00745
22	0.01128	0.00752	0.00846	0.00846	0.00846	0.00752	0.00470	0.01128	0.01128	0.01503	0.02443	0.05074	0.02819	0.72751	0.03946	0.00752	0.00752	0.01128	0.00470	0.00470
23	0.02152	0.69176	0.03936	0.01330	0.01989	0.02960	0.01316	0.02404	0.01612	0.05569	0.01189	0.01322	0.01047	0.00680	0.00513	0.00170	0.00820	0.00435	0.00367	0.01013
24	0.02757	0.01604	0.02013	0.01880	0.09530	0.01637	0.01354	0.12451	0.21829	0.32225	0.02737	0.02524	0.01891	0.00953	0.00781	0.00245	0.00703	0.00787	0.00817	0.01281
25	0.00945	0.00675	0.00900	0.01080	0.01125	0.00630	0.00720	0.01080	0.01484	0.01979	0.04274	0.72245	0.05128	0.02429	0.00990	0.00315	0.00450	0.02204	0.00720	0.00630
26	0.01438	0.01346	0.01868	0.01707	0.01723	0.01776	0.01361	0.01596	0.01289	0.01905	0.02136	0.25919	0.02429	0.01725	0.02011	0.00331	0.46995	0.01202	0.00470	0.00773
27	0.07401	0.62132	0.03653	0.01315	0.01918	0.02840	0.01278	0.02262	0.01572	0.02003	0.04163	0.01473	0.01279	0.00736	0.00591	0.00181	0.03400	0.00471	0.00367	0.00966
28	0.03121	0.01265	0.01701	0.01335	0.01876	0.01116	0.01091	0.03497	0.04505	0.57834	0.11244	0.03048	0.02620	0.01042	0.00797	0.00241	0.00621	0.00862	0.00940	0.01242
29	0.00978	0.00692	0.00899	0.01041	0.01087	0.00652	0.00685	0.01107	0.01472	0.01973	0.07366	0.59350	0.04922	0.12200	0.01398	0.00372	0.00488	0.02011	0.00692	0.00613
30	0.01948	0.01911	0.03078	0.06741	0.62980	0.04882	0.02333	0.02399	0.01778	0.02487	0.01444	0.01900	0.01212	0.00698	0.00765	0.00230	0.00946	0.00682	0.00383	0.01202
31	0.01326	0.13997	0.02075	0.01492	0.01742	0.01388	0.09398	0.01553	0.01522	0.02009	0.03073	0.44399	0.03524	0.01789	0.01020	0.00283	0.06481	0.01586	0.00575	0.00768
32	0.02806	0.03506	0.02136	0.01934	0.02335	0.64030	0.01455	0.05228	0.02229	0.02014	0.01531	0.01697	0.04105	0.00858	0.00712	0.00204	0.01332	0.00559	0.00428	0.00903
33	0.74872	0.01491	0.01169	0.01036	0.01521	0.01712	0.00853	0.02347	0.01360	0.06396	0.01168	0.01321	0.00888	0.00731	0.00493	0.00240	0.00602	0.00436	0.00501	0.00861
34	0.03479	0.01320	0.01799	0.01380	0.01979	0.01140	0.01140	0.03779	0.02219	0.68451	0.03059	0.02639	0.01919	0.00960	0.00780	0.00240	0.00660	0.00780	0.00960	0.01320
35	0.01865	0.11696	0.29684	0.02350	0.03182	0.11387	0.21194	0.02485	0.01760	0.02292	0.01488	0.04351	0.01201	0.00775	0.00766	0.00237	0.01165	0.00708	0.00372	0.01044
36	0.01031	0.00779	0.00952	0.00932	0.01124	0.00700	0.00690	0.01327	0.02004	0.02712	0.44455	0.12766	0.24143	0.01775	0.00922	0.00256	0.00382	0.01547	0.00803	0.00700
37	0.01158	0.00943	0.04006	0.00999	0.01065	0.00872	0.00680	0.01239	0.01242	0.01692	0.05770	0.11244	0.03089	0.55368	0.03290	0.00639	0.04459	0.01196	0.00500	0.00549
38	0.00985	0.00729	0.00979	0.01131	0.01173	0.00723	0.00772	0.01122	0.01469	0.01973	0.04099	0.68473	0.04908	0.02372	0.01073	0.00316	0.04239	0.02123	0.00699	0.00641
39	0.01445	0.00723	0.00723	0.00723	0.00903	0.00723	0.00542	0.01807	0.01626	0.02891	0.02529	0.02891	0.01987	0.00903	0.00542	0.00181	0.00361	0.00723	0.77055	0.00723
40	0.01445	0.00723	0.00723	0.00723	0.00903	0.00723	0.00542	0.01807	0.01626	0.02891	0.02529	0.02891	0.01987	0.00903	0.00542	0.00181	0.00361	0.00723	0.77055	0.00723
41	0.02073	0.73217	0.04063	0.01327	0.01990	0.03068	0.01327	0.02322	0.01575	0.01824	0.01078	0.01244	0.00995	0.00663	0.00498	0.00166	0.00829	0.00415	0.00332	0.00995
42	0.01608	0.01378	0.01608	0.01148	0.01837	0.01034	0.00919	0.01952	0.01608	0.02527	0.01378	0.01608	0.01148	0.00574	0.00574	0.00115	0.00574	0.00459	0.00459	0.77491
43	0.02758	0.02027	0.02182	0.01702	0.02262	0.02235	0.01386	0.58943	0.03412	0.04572	0.02004	0.05302	0.01575	0.04804	0.00954	0.00264	0.00829	0.00791	0.00757	0.01242
44	0.01464	0.01378	0.02326	0.70887	0.05340	0.01723	0.02153	0.01981	0.01550	0.01981	0.01378	0.02067	0.01034	0.00775	0.00775	0.00258	0.01034	0.00689	0.00345	0.00861
45	0.02779	0.03145	0.02164	0.01903	0.02349	0.48212	0.01458	0.14874	0.10871	0.02633	0.01578	0.01680	0.01237	0.00857	0.00725	0.00214	0.01194	0.00586	0.00521	0.01020
46	0.63787	0.01542	0.01315	0.01126	0.01631	0.01739	0.00928	0.08175	0.01623	0.10198	0.01352	0.01454	0.00993	0.00763	0.00537	0.00239	0.00629	0.00482	0.00555	0.00932
47	0.01577	0.01327	0.01548	0.01130	0.01776	0.01007	0.00897	0.01915	0.01604	0.02520	0.01529	0.04270	0.01327	0.00655	0.00588	0.00125	0.00562	0.00534	0.03352	0.71758
48	0.02436	0.25137	0.02661	0.01603	0.02117	0.23235	0.01339	0.14951	0.08803	0.02667	0.01589	0.01704	0.01274	0.00815	0.00647	0.00200	0.00953	0.00566	0.06271	0.01031
49	0.02073	0.73217	0.04063	0.01327	0.01990	0.03068	0.01327	0.02322	0.01575	0.01824	0.01078	0.01244	0.00995	0.00663	0.00498	0.00166	0.00829	0.00415	0.00332	0.00995
50	0.01117	0.00792	0.01051	0.01051	0.01122	0.00863	0.00726	0.01259	0.01188	0.01655	0.02255	0.04035	0.02368	0.38468	0.37613	0.01005	0.01430	0.00976	0.00442	0.00584
51	0.01696	0.01696	0.02375	0.02036	0.02036	0.02375	0.01696	0.01866	0.01187	0.01866	0.01018	0.01696	0.01018	0.01357	0.02545	0.00339	0.71332	0.00679	0.00339	0.00848
52	0.01052	0.00791	0.00974	0.00928	0.01131	0.00712	0.00696	0.01376	0.02088	0.02857	0.52668	0.06207	0.22310	0.01679	0.00915	0.00248	0.00372	0.01460	0.00820	0.00712
53	0.00916	0.00785	0.00785	0.00785	0.01047	0.00655	0.00589	0.01113	0.01767	0.02095	0.07855	0.07462	0.67599	0.01964	0.00916	0.00262	0.00393	0.01636	0.00720	0.00655
54	0.03170	0.01815	0.02106	0.01615	0.02227	0.01875	0.01334	0.39576	0.03049	0.31482	0.02363	0.02187	0.01570	0.00943	0.00777	0.00236	0.00772	0.00732	0.00853	0.01319
55	0.02947	0.02172	0.02327	0.01784	0.02404	0.02404	0.01474	0.65329	0.03646	0.04887	0.01862	0.01862	0.01319	0.00931	0.00776	0.00233	0.00853	0.00698	0.00776	0.01319
56	0.01982	0.01524	0.01777	0.05239	0.02119	0.01416	0.01135	0.19017	0.02176	0.05885	0.01975	0.02408	0.03808	0.03347	0.00802	0.00199	0.00685	0.03508	0.00581	0.40417
57	0.04620	0.50612	0.03750	0.01777	0.05702	0.02648	0.10086	0.02262	0.01592	0.02020	0.01334	0.05209	0.01249	0.00786	0.00672	0.00199	0.03525	0.00604	0.00369	0.00984
58	0.01696	0.01696	0.02375	0.02036	0.02036	0.02375	0.01696	0.01866	0.01187	0.01866	0.01018	0.01696	0.01018	0.01357	0.02545	0.00339	0.71332	0.00679	0.00339	0.00848
59	0.01555	0.04011	0.68733	0.02210	0.03356	0.01801	0.02865	0.02455	0.01637	0.02455	0.01391	0.01637	0.00982	0.00737	0.00737	0.00246	0.01146	0.00573	0.00327	0.01146
60	0.01919	0.01842	0.03147	0.04759	0.67914	0.01842	0.02380	0.02380	0.01765	0.02533	0.01458	0.01919	0.01228	0.00691	0.00768	0.00230	0.00921	0.00691	0.00384	0.01228
61	0.01128	0.00752	0.00846	0.00846	0.00846	0.00752	0.00470	0.01128	0.01128	0.01503	0.02443	0.05074	0.02819	0.72751	0.03946	0.00752	0.00752	0.01128	0.00470	0.00470
62	0.12410	0.10129	0.36951	0.02358	0.12261	0.05744	0.04940	0.02444	0.01645	0.02516	0.01323	0.01592	0.01008	0.00720	0.00687	0.00233	0.01027	0.00563	0.00364	0.01082
63	0.02073	0.73217	0.04063	0.01327	0.01990	0.03068	0.01327	0.02322	0.01575	0.01824	0.01078	0.01244	0.00995	0.00663	0.00498	0.00166	0.00829	0.00415	0.00332	0.00995
64	0.00945	0.00675	0.00900	0.01080	0.01125	0.00630	0.00720	0.01080	0.01484	0.01979	0.04274	0.72245	0.05128	0.02429	0.00990	0.00315	0.00450	0.02204	0.00720	0.00630
65	0.01637	0.01617	0.02931	0.43041	0.19681	0.01794	0.13787	0.02166	0.01652	0.02202	0.01432	0.02037	0.01105	0.00733	0.00799	0.00252	0.01058	0.00731	0.00362	0.00981
66	0.03333	0.01448	0.02008	0.01526	0.02138	0.01312	0.04768	0.09825	0.02339	0.58423	0.02856	0.02531	0.01818	0.00940	0.00787	0.00240	0.00715	0.00779	0.00909	0.01304
67	0.01900	0.01838	0.03184	0.06868	0.62989	0.01844	0.05188	0.02371	0.01761	0.02513	0.01461	0.01932	0.01219	0.00692	0.00774	0.00233	0.00942	0.00701	0.00383	0.01208
68	0.74970	0.01514	0.01225	0.01179	0.04335	0.01744	0.00905	0.02283	0.01339	0.03438	0.01096	0.01288	0.00856	0.00719	0.00492	0.00240	0.00614	0.00431	0.00476	0.00856
69	0.01445	0.00723	0.00723	0.00723	0.00903	0.00723	0.00542	0.01807	0.01626	0.02891	0.02529	0.02891	0.01987	0.00903	0.00542	0.00181	0.00361	0.00723	0.77055	0.00723
70	0.02715	0.03365	0.02393	0.02313	0.08772	0.57341	0.04773	0.03032	0.04386	0.02035	0.01311	0.01536	0.01078	0.00790	0.00720	0.00208	0.01320	0.00552	0.00411	0.00949
71	0.00945	0.00675	0.00900	0.01080	0.01125	0.00630	0.00720	0.01080	0.01484	0.01979	0.04274	0.72245	0.05128	0.02429	0.00990	0.00315	0.00450	0.02204	0.00720	0.00630
72	0.00940	0.00725	0.00859	0.00954	0.01094	0.00644	0.00667	0.01110	0.01631	0.02076	0.08479	0.42787	0.30856	0.02202	0.00956	0.00290	0.00423	0.01937	0.00726	0.00644
73	0.78228	0.01499	0.01140	0.01020	0.01499	0.01739	0.00840	0.02279	0.01320	0.03479	0.01080	0.01260	0.00840	0.00720	0.00480	0.00240	0.00600	0.00420	0.00480	0.00840
74	0.01608	0.01378	0.01608	0.01148	0.01837	0.01034	0.00919	0.01952	0.01608	0.02527	0.01378	0.01608	0.01148	0.00574	0.00574	0.00115	0.00574	0.00459	0.00459	0.77491
75	0.01811	0.02054	0.04456	0.06849	0.04120	0.01948	0.61765	0.02457	0.01815	0.02457	0.01559	0.02090	0.01169	0.00660	0.00908	0.00261	0.01293	0.00903	0.00390	0.01036
76	0.01445	0.00723	0.00723	0.00723	0.00903	0.00723	0.00542	0.01807	0.01626	0.02891	0.02529	0.02891	0.01987	0.00903	0.00542	0.00181	0.00361	0.00723	0.77055	0.00723
77	0.01414	0.00865	0.01121	0.01015	0.01263	0.00782	0.00776	0.01756	0.02161	0.12141	0.53305	0.05497	0.11822	0.01531	0.00896	0.00245	0.00409	0.01336	0.00857	0.00807
78	0.00989	0.00704	0.00909	0.01047	0.01104	0.00664	0.00703	0.01127	0.01487	0.01979	0.06869	0.54870	0.07054	0.12330	0.01406	0.00374	0.00498	0.04579	0.00690	0.00616
79	0.02882	0.02121	0.02274	0.01750	0.02349	0.02345	0.01438	0.63032	0.03555	0.04766	0.01882	0.01976	0.01372	0.03500	0.00889	0.00251	0.00850	0.00713	0.00765	0.01288
80	0.01445	0.00723	0.00723	0.00723	0.00903	0.00723	0.00542	0.01807	0.01626	0.02891	0.02529	0.02891	0.01987	0.00903	0.00542	0.00181	0.00361	0.00723	0.77055	0.00723
81	0.03479	0.01320	0.01799	0.01380	0.01979	0.01140	0.01140	0.03779	0.02219	0.68451	0.03059	0.02639	0.01919	0.00960	0.00780	0.00240	0.00660	0.00780	0.00960	0.01320
82	0.02037	0.02058	0.02973	0.04290	0.57204	0.10017	0.02224	0.02540	0.04582	0.02487	0.01500	0.01898	0.01249	0.00719	0.00760	0.00228	0.00966	0.00676	0.00403	0.01188
83	0.05625	0.03810	0.62895	0.02184	0.03282	0.01803	0.04948	0.02447	0.01627	0.02511	0.01381	0.01633	0.00981	0.00733	0.00729	0.00246	0.01123	0.00577	0.00338	0.01126
84	0.19782	0.02108	0.02350	0.08622	0.02589	0.16701	0.10316	0.02326	0.01562	0.02346	0.01183	0.01621	0.00996	0.00933	0.01265	0.00267	0.23140	0.00613	0.00393	0.00886
85	0.01464	0.01378	0.02326	0.70887	0.05340	0.01723	0.02153	0.01981	0.01550	0.01981	0.01378	0.02067	0.01034	0.00775	0.00775	0.00258	0.01034	0.00689	0.00345	0.00861
86	0.02158	0.01372	0.01747	0.01324	0.01922	0.01159	0.03373	0.05673	0.03984	0.21142	0.05789	0.05486	0.01944	0.00861	0.00700	0.00182	0.00623	0.00725	0.00658	0.39177
87	0.00952	0.00678	0.00897	0.01070	0.01113	0.00635	0.00709	0.01082	0.01469	0.01959	0.04195	0.69377	0.05030	0.05432	0.01116	0.00334	0.00463	0.02158	0.00709	0.00623
88	0.01608	0.01378	0.01608	0.01148	0.01837	0.01034	0.00919	0.01952	0.01608	0.02527	0.01378	0.01608	0.01148	0.00574	0.00574	0.00115	0.00574	0.00459	0.00459	0.77491
89	0.01883	0.01943	0.03726	0.04155	0.42046	0.01890	0.27784	0.02422	0.01792	0.02513	0.01503	0.01989	0.01207	0.00676	0.00827	0.00243	0.01078	0.00782	0.00387	0.01154
90	0.12792	0.01894	0.03741	0.05311	0.06337	0.01844	0.47422	0.02357	0.01725	0.02584	0.01631	0.05713	0.01336	0.00764	0.00845	0.00260	0.01133	0.00895	0.00420	0.00995
91	0.71951	0.01587	0.03661	0.01069	0.01583	0.01710	0.00918	0.02271	0.01344	0.03398	0.01105	0.01289	0.00859	0.00714	0.00494	0.00235	0.00619	0.00427	0.00473	0.04292
92	0.01125	0.00762	0.00899	0.00899	0.00917	0.00781	0.00536	0.01162	0.01143	0.01543	0.02395	0.04805	0.02702	0.63886	0.12651	0.00817	0.00927	0.01088	0.00463	0.00499
93	0.02025	0.01704	0.01755	0.01561	0.01998	0.04585	0.01217	0.06065	0.55529	0.06024	0.06467	0.02940	0.02520	0.01062	0.00791	0.00257	0.00642	0.00879	0.00783	0.01195
94	0.01445	0.00723	0.00723	0.00723	0.00903	0.00723	0.00542	0.01807	0.01626	0.02891	0.02529	0.02891	0.01987	0.00903	0.00542	0.00181	0.00361	0.00723	0.77055	0.00723
95	0.01445	0.00723	0.00723	0.00723	0.00903	0.00723	0.00542	0.01807	0.01626	0.02891	0.02529	0.02891	0.01987	0.00903	0.00542	0.00181	0.00361	0.00723	0.77055	0.00723
96	0.00945	0.00675	0.00900	0.01080	0.01125	0.00630	0.00720	0.01080	0.01484	0.01979	0.04274	0.72245	0.05128	0.02429	0.00990	0.00315	0.00450	0.02204	0.00720	0.00630
97	0.03479	0.01320	0.01799	0.01380	0.01979	0.01140	0.01140	0.03779	0.02219	0.68451	0.03059	0.02639	0.01919	0.00960	0.00780	0.00240	0.00660	0.00780	0.00960	0.01320
98	0.01220	0.00871	0.01216	0.01394	0.01560	0.00867	0.01198	0.01555	0.01756	0.02287	0.04122	0.14891	0.04527	0.02170	0.01063	0.00353	0.00688	0.56841	0.00715	0.00706
99	0.02051	0.70222	0.06862	0.01365	0.02049	0.03013	0.01393	0.02328	0.01578	0.01852	0.01092	0.01261	0.00994	0.00667	0.00508	0.00169	0.00843	0.00421	0.00331	0.01002
100	0.78228	0.01499	0.01140	0.01020	0.01499	0.01739	0.00840	0.02279	0.01320	0.03479	0.01080	0.01260	0.00840	0.00720	0.00480	0.00240	0.00600	0.00420	0.00480	0.00840
101	0.01060	0.00762	0.00995	0.00997	0.01139	0.00707	0.00719	0.01355	0.01979	0.02769	0.49359	0.22430	0.06609	0.04302	0.01040	0.00280	0.00400	0.01594	0.00806	0.00697
102	0.02023	0.02040	0.03046	0.04465	0.60935	0.09064	0.02286	0.02456	0.01811	0.02465	0.01431	0.01864	0.01204	0.00702	0.00760	0.00227	0.00972	0.00670	0.00385	0.01193
103	0.01054	0.00791	0.00977	0.00930	0.01132	0.00713	0.00698	0.01380	0.02093	0.02868	0.53309	0.06189	0.21663	0.01675	0.00915	0.00248	0.00372	0.01458	0.00822	0.00713
104	0.00943	0.00680	0.00895	0.01066	0.01121	0.00631	0.00714	0.01081	0.01497	0.01985	0.04435	0.69321	0.07948	0.02408	0.00986	0.00312	0.00447	0.02179	0.00720	0.00631
105	0.03392	0.01339	0.01797	0.01391	0.01981	0.01184	0.01145	0.03798	0.05833	0.64786	0.03064	0.02653	0.01944	0.00965	0.00780	0.00241	0.00657	0.00785	0.00950	0.01314
106	0.02947	0.02172	0.02327	0.01784	0.02404	0.02404	0.01474	0.65329	0.03646	0.04887	0.01862	0.01862	0.01319	0.00931	0.00776	0.00233	0.00853	0.00698	0.00776	0.01319
107	0.78228	0.01499	0.01140	0.01020	0.01499	0.01739	0.00840	0.02279	0.01320	0.03479	0.01080	0.01260	0.00840	0.00720	0.00480	0.00240	0.00600	0.00420	0.00480	0.00840
108	0.01128	0.00752	0.00846	0.00846	0.00846	0.00752	0.00470	0.01128	0.01128	0.01503	0.02443	0.05074	0.02819	0.72751	0.03946	0.00752	0.00752	0.01128	0.00470	0.00470
109	0.05722	0.25476	0.29349	0.01704	0.02445	0.02002	0.04532	0.02157	0.01581	0.02222	0.01800	0.14220	0.01733	0.01013	0.00699	0.00233	0.00896	0.00822	0.00410	0.00984
110	0.04257	0.01257	0.04486	0.01738	0.07933	0.01141	0.04680	0.02053	0.05280	0.08670	0.11604	0.05813	0.10072	0.01562	0.00922	0.00292	0.00693	0.25978	0.00686	0.00882
111	0.01957	0.59580	0.14480	0.01459	0.02185	0.02785	0.01557	0.02315	0.01606	0.01969	0.03314	0.01457	0.01201	0.00706	0.00550	0.00181	0.00865	0.00473	0.00348	0.01011
112	0.05865	0.03869	0.64934	0.02143	0.03251	0.01797	0.02751	0.02446	0.01619	0.02513	0.01374	0.01616	0.00974	0.00736	0.00722	0.00245	0.01115	0.00564	0.00336	0.01129
113	0.01895	0.01817	0.03103	0.08294	0.64569	0.01836	0.02367	0.02358	0.01754	0.02504	0.01454	0.01927	0.01218	0.00695	0.00768	0.00232	0.00927	0.00691	0.00382	0.01209
114	0.01858	0.07818	0.08174	0.01254	0.01677	0.04339	0.01106	0.02218	0.02021	0.17915	0.31109	0.04094	0.07414	0.04469	0.00956	0.00258	0.00619	0.01046	0.00735	0.00924
115	0.01778	0.02521	0.24579	0.03813	0.44553	0.01797	0.02501	0.02379	0.01724	0.02501	0.01524	0.02053	0.01255	0.00754	0.00768	0.00239	0.00988	0.02713	0.00376	0.01184
116	0.00919	0.00775	0.00796	0.00813	0.01055	0.00652	0.00601	0.01110	0.01741	0.02084	0.07519	0.13542	0.61737	0.02007	0.00923	0.00267	0.00398	0.01690	0.00720	0.00652
117	0.22160	0.06642	0.30741	0.05487	0.09453	0.01836	0.01990	0.05246	0.01676	0.02820	0.04287	0.01762	0.01273	0.00772	0.00669	0.00238	0.00904	0.00584	0.00420	0.01039
118	0.01868	0.02323	0.15963	0.03975	0.49045	0.05204	0.02383	0.02398	0.01763	0.02477	0.01545	0.02129	0.01306	0.00767	0.00771	0.00237	0.00981	0.03305	0.00388	0.01173
119	0.00945	0.00675	0.00900	0.01080	0.01125	0.00630	0.00720	0.01080	0.01484	0.01979	0.04274	0.72245	0.05128	0.02429	0.00990	0.00315	0.00450	0.02204	0.00720	0.00630
120	0.01088	0.00792	0.01024	0.00966	0.01153	0.00728	0.00724	0.01446	0.02173	0.03058	0.64504	0.05876	0.10349	0.01604	0.00915	0.00245	0.00367	0.01414	0.00847	0.00728
121	0.01900	0.01521	0.01618	0.01433	0.01861	0.01683	0.01121	0.08448	0.45762	0.06610	0.03939	0.03664	0.14648	0.01210	0.00812	0.00259	0.00593	0.01001	0.00784	0.01131
122	0.03209	0.01732	0.05511	0.01551	0.02187	0.01575	0.01337	0.23176	0.02640	0.44851	0.02592	0.02340	0.01680	0.00939	0.00776	0.00238	0.00747	0.00743	0.00868	0.01310
123	0.01249	0.00892	0.01249	0.01428	0.01606	0.00892	0.01249	0.01606	0.01785	0.02320	0.04105	0.08746	0.04462	0.02142	0.01071	0.00357	0.00714	0.62695	0.00714	0.00714
124	0.74203	0.01535	0.01203	0.01061	0.01548	0.01775	0.00874	0.05650	0.01444	0.03554	0.01121	0.01292	0.00865	0.00731	0.00496	0.00240	0.00613	0.00435	0.00496	0.00865
125	0.78228	0.01499	0.01140	0.01020	0.01499	0.01739	0.00840	0.02279	0.01320	0.03479	0.01080	0.01260	0.00840	0.00720	0.00480	0.00240	0.00600	0.00420	0.00480	0.00840
126	0.01221	0.00943	0.01307	0.01158	0.01402	0.00889	0.04926	0.04894	0.02174	0.03019	0.51384	0.09212	0.11314	0.01568	0.00911	0.00250	0.00460	0.01397	0.00801	0.00771
127	0.00962	0.00682	0.00895	0.01058	0.01098	0.00641	0.00696	0.01084	0.01451	0.01935	0.04102	0.65938	0.04911	0.09032	0.01267	0.00356	0.00478	0.02103	0.00696	0.00615
128	0.01545	0.01529	0.02478	0.02052	0.02237	0.01860	0.14714	0.01821	0.01413	0.02057	0.04122	0.14491	0.02043	0.01599	0.04736	0.00354	0.38641	0.01031	0.00439	0.00840
129	0.02316	0.01756	0.01911	0.01605	0.02112	0.01941	0.01288	0.23544	0.36167	0.08138	0.02702	0.02761	0.02045	0.01037	0.00788	0.00250	0.00697	0.03667	0.00779	0.04495
130	0.01871	0.01793	0.03060	0.11791	0.61260	0.01830	0.02356	0.02337	0.01743	0.02474	0.01450	0.01935	0.01207	0.00700	0.00768	0.00233	0.00933	0.00691	0.00380	0.01189
131	0.03123	0.01432	0.01813	0.01440	0.02006	0.01365	0.01173	0.06615	0.16041	0.51644	0.03026	0.02658	0.01988	0.00978	0.00782	0.00245	0.00659	0.00797	0.00915	0.01300
132	0.02815	0.02084	0.02239	0.01744	0.02332	0.02306	0.01430	0.59785	0.06390	0.04687	0.02024	0.04954	0.01531	0.01001	0.00786	0.00238	0.00825	0.00771	0.00774	0.01285
133	0.01549	0.01080	0.01308	0.01274	0.01506	0.01083	0.00946	0.15728	0.02025	0.05552	0.03551	0.46960	0.03933	0.01937	0.00920	0.00287	0.00570	0.05133	0.00732	0.03927
134	0.02073	0.73217	0.04063	0.01327	0.01990	0.03068	0.01327	0.02322	0.01575	0.01824	0.01078	0.01244	0.00995	0.00663	0.00498	0.00166	0.00829	0.00415	0.00332	0.00995
135	0.01079	0.00786	0.01015	0.00970	0.01150	0.00722	0.00723	0.01423	0.02133	0.02992	0.60803	0.09405	0.10589	0.01651	0.00919	0.00249	0.00372	0.01458	0.00839	0.00722
136	0.02931	0.02666	0.02285	0.01853	0.02402	0.24214	0.01482	0.45142	0.03176	0.03917	0.01646	0.01711	0.01215	0.00888	0.00751	0.00222	0.01030	0.00634	0.00654	0.01182
137	0.01128	0.00752	0.00846	0.00846	0.00846	0.00752	0.00470	0.01128	0.01128	0.01503	0.02443	0.05074	0.02819	0.72751	0.03946	0.00752	0.00752	0.01128	0.00470	0.00470
138	0.01097	0.00793	0.01036	0.00975	0.01158	0.00732	0.00732	0.01463	0.02195	0.03109	0.67505	0.05792	0.07316	0.01585	0.00914	0.00244	0.00366	0.01402	0.00854	0.00732
139	0.00923	0.00786	0.00794	0.00792	0.01051	0.00657	0.00594	0.01125	0.01783	0.02131	0.09986	0.07402	0.65445	0.01950	0.00916	0.00261	0.00392	0.01628	0.00725	0.00657
140	0.01524	0.00887	0.01173	0.01048	0.01305	0.00805	0.00805	0.01878	0.02199	0.14804	0.55971	0.05228	0.06350	0.01473	0.00890	0.00243	0.00418	0.01291	0.00873	0.00837
141	0.01919	0.01842	0.03147	0.04759	0.67914	0.01842	0.02380	0.02380	0.01765	0.02533	0.01458	0.01919	0.01228	0.00691	0.00768	0.00230	0.00921	0.00691	0.00384	0.01228
142	0.02857	0.07122	0.02297	0.01954	0.02377	0.63165	0.01488	0.05949	0.02233	0.02033	0.01223	0.01412	0.01013	0.00798	0.00693	0.00200	0.01344	0.00504	0.00414	0.00923
143	0.01199	0.00815	0.01069	0.00993	0.01193	0.00749	0.00749	0.01562	0.02196	0.05899	0.64754	0.05657	0.07086	0.01558	0.00909	0.00244	0.00378	0.01376	0.00858	0.00757
144	0.00961	0.00686	0.00918	0.01098	0.01150	0.00644	0.00748	0.01108	0.01501	0.01998	0.04265	0.68850	0.05093	0.02414	0.00994	0.00317	0.00464	0.05438	0.00719	0.00634
145	0.03479	0.01320	0.01799	0.01380	0.01979	0.01140	0.01140	0.03779	0.02219	0.68451	0.03059	0.02639	0.01919	0.00960	0.00780	0.00240	0.00660	0.00780	0.00960	0.01320
146	0.12944	0.01363	0.01740	0.05024	0.02097	0.01288	0.01159	0.03507	0.05302	0.53263	0.02719	0.02443	0.01756	0.00924	0.00741	0.00242	0.00670	0.00733	0.00857	0.01229
147	0.01919	0.01842	0.03147	0.04759	0.67914	0.01842	0.02380	0.02380	0.01765	0.02533	0.01458	0.01919	0.01228	0.00691	0.00768	0.00230	0.00921	0.00691	0.00384	0.01228
148	0.01108	0.00831	0.01246	0.01246	0.01385	0.00969	0.00969	0.01385	0.01246	0.01800	0.02077	0.03046	0.01938	0.05815	0.69678	0.01246	0.02077	0.00831	0.00415	0.00692
149	0.01919	0.01842	0.03147	0.04759	0.67914	0.01842	0.02380	0.02380	0.01765	0.02533	0.01458	0.01919	0.01228	0.00691	0.00768	0.00230	0.00921	0.00691	0.00384	0.01228
150	0.01412	0.00734	0.01063	0.01041	0.01066	0.00743	0.00706	0.03611	0.01117	0.01490	0.01368	0.02337	0.01346	0.02622	0.02939	0.74319	0.00681	0.00674	0.00354	0.00376
151	0.03383	0.01300	0.01777	0.01374	0.01955	0.01133	0.01133	0.03682	0.02180	0.65756	0.03019	0.02656	0.01920	0.01156	0.03565	0.00281	0.00717	0.00782	0.00938	0.01294

[dist]
# distance from previous block
# <min> <max>
2	4

[block]
# block no. 1 follows, 25 sequences, length 120
# corresponding to MSA columns:
# 531-650
name=unknown_B
#
# <colnr> <probs for GDERKNQSTAVLIFYWHMCP>
#	G	D	E	R	K	N	Q	S	T	A	V	L	I	F	Y	W	H	M	C	P
0	0.01901	0.01952	0.06467	0.04630	0.64647	0.01840	0.02404	0.02383	0.01759	0.02529	0.01455	0.01905	0.01216	0.00693	0.00766	0.00231	0.00933	0.00685	0.00381	0.01224
1	0.01919	0.01842	0.03147	0.04759	0.67914	0.01842	0.02380	0.02380	0.01765	0.02533	0.01458	0.01919	0.01228	0.00691	0.00768	0.00230	0.00921	0.00691	0.00384	0.01228
2	0.01612	0.01394	0.01647	0.01193	0.01848	0.01101	0.00958	0.01948	0.01587	0.02493	0.01360	0.01612	0.01142	0.00614	0.00674	0.00126	0.04155	0.00470	0.00453	0.73612
3	0.00966	0.00787	0.00854	0.00837	0.01078	0.00676	0.00628	0.01209	0.01884	0.02372	0.24187	0.07005	0.51093	0.01860	0.00916	0.00257	0.00385	0.01572	0.00757	0.00676
4	0.01091	0.00787	0.01030	0.00980	0.01157	0.00727	0.00731	0.01446	0.02163	0.03059	0.64681	0.08760	0.07218	0.01623	0.00918	0.00247	0.00370	0.01438	0.00848	0.00727
5	0.02248	0.01882	0.01858	0.01623	0.02089	0.08315	0.01271	0.10255	0.48882	0.08480	0.02831	0.02626	0.02095	0.01008	0.00778	0.00252	0.00716	0.00815	0.00764	0.01213
6	0.01013	0.00929	0.04330	0.00981	0.01212	0.00743	0.00779	0.01244	0.01653	0.02116	0.08084	0.21000	0.36967	0.05772	0.04282	0.00345	0.00553	0.04297	0.03028	0.00674
7	0.02691	0.06093	0.05601	0.02030	0.02544	0.40717	0.06516	0.17411	0.02422	0.02660	0.01380	0.01574	0.01087	0.00827	0.00783	0.00217	0.03364	0.00583	0.00478	0.01022
8	0.01347	0.00673	0.01010	0.01010	0.01010	0.00673	0.00673	0.01010	0.01010	0.01347	0.01347	0.02357	0.01347	0.02694	0.03030	0.77441	0.00673	0.00673	0.00337	0.00337
9	0.00945	0.00675	0.00900	0.01080	0.01125	0.00630	0.00720	0.01080	0.01484	0.01979	0.04274	0.72245	0.05128	0.02429	0.00990	0.00315	0.00450	0.02204	0.00720	0.00630
10	0.01623	0.01584	0.02380	0.02087	0.05256	0.05183	0.12511	0.04049	0.01492	0.02094	0.01631	0.05151	0.01517	0.02558	0.22315	0.00584	0.25892	0.00822	0.00408	0.00863
11	0.01807	0.02028	0.04349	0.08329	0.06841	0.01938	0.57800	0.02442	0.01807	0.02449	0.01550	0.02082	0.01168	0.00664	0.00898	0.00260	0.01271	0.00889	0.00388	0.01040
12	0.01445	0.00723	0.00723	0.00723	0.00903	0.00723	0.00542	0.01807	0.01626	0.02891	0.02529	0.02891	0.01987	0.00903	0.00542	0.00181	0.00361	0.00723	0.77055	0.00723
13	0.01431	0.00776	0.01115	0.04014	0.01255	0.00801	0.00768	0.04088	0.01184	0.01608	0.01425	0.02345	0.01361	0.02450	0.02718	0.67096	0.00683	0.00677	0.03784	0.00422
14	0.04538	0.05456	0.05473	0.02613	0.21851	0.24205	0.01689	0.06851	0.07360	0.02541	0.05179	0.02242	0.04928	0.00885	0.00741	0.00224	0.00990	0.00702	0.00488	0.01045
15	0.01569	0.03914	0.65495	0.02263	0.03391	0.01809	0.06006	0.02457	0.01647	0.02457	0.01400	0.01660	0.00992	0.00732	0.00746	0.00246	0.01154	0.00590	0.00331	0.01141
16	0.01696	0.01696	0.02375	0.02036	0.02036	0.02375	0.01696	0.01866	0.01187	0.01866	0.01018	0.01696	0.01018	0.01357	0.02545	0.00339	0.71332	0.00679	0.00339	0.00848
17	0.01464	0.01378	0.02326	0.70887	0.05340	0.01723	0.02153	0.01981	0.01550	0.01981	0.01378	0.02067	0.01034	0.00775	0.00775	0.00258	0.01034	0.00689	0.00345	0.00861
18	0.01118	0.00873	0.01031	0.01008	0.01185	0.03062	0.00742	0.01427	0.02045	0.02798	0.49874	0.15985	0.12500	0.01724	0.00919	0.00255	0.00417	0.01517	0.00805	0.00714
19	0.01097	0.00793	0.01036	0.00975	0.01158	0.00732	0.00732	0.01463	0.02195	0.03109	0.67505	0.05792	0.07316	0.01585	0.00914	0.00244	0.00366	0.01402	0.00854	0.00732
20	0.01608	0.01378	0.01608	0.01148	0.01837	0.01034	0.00919	0.01952	0.01608	0.02527	0.01378	0.01608	0.01148	0.00574	0.00574	0.00115	0.00574	0.00459	0.00459	0.77491
21	0.01746	0.01948	0.04142	0.03014	0.03694	0.01866	0.56239	0.02329	0.01767	0.02408	0.01777	0.08201	0.01514	0.00845	0.01005	0.00270	0.04805	0.01016	0.00418	0.00999
22	0.01625	0.13398	0.59961	0.02090	0.03171	0.01973	0.02656	0.02437	0.01629	0.02370	0.01349	0.01584	0.00984	0.00727	0.00704	0.00235	0.01103	0.00551	0.00328	0.01125
23	0.06491	0.01951	0.02098	0.01596	0.02225	0.02049	0.01311	0.47241	0.03049	0.04261	0.01708	0.01771	0.01254	0.00836	0.00713	0.00205	0.00775	0.00628	0.00686	0.19150
24	0.01113	0.00808	0.01133	0.01133	0.01232	0.00908	0.00828	0.01312	0.01213	0.01716	0.02180	0.03619	0.02187	0.24728	0.51105	0.01106	0.01702	0.00915	0.00431	0.00629
25	0.01659	0.01577	0.02677	0.42611	0.32096	0.01774	0.02250	0.02151	0.01642	0.02217	0.01412	0.02004	0.01117	0.00739	0.00772	0.00246	0.00986	0.00690	0.00361	0.01018
26	0.01043	0.00790	0.00961	0.00919	0.01125	0.00709	0.00689	0.01358	0.02067	0.02805	0.49643	0.06292	0.25367	0.01698	0.00915	0.00249	0.00374	0.01472	0.00814	0.00709
27	0.01104	0.00844	0.01070	0.01096	0.01296	0.00727	0.00768	0.01290	0.01514	0.02111	0.03576	0.55223	0.04169	0.01982	0.00890	0.00267	0.00480	0.01784	0.00657	0.19151
28	0.01608	0.01378	0.01608	0.01148	0.01837	0.01034	0.00919	0.01952	0.01608	0.02527	0.01378	0.01608	0.01148	0.00574	0.00574	0.00115	0.00574	0.00459	0.00459	0.77491
29	0.01128	0.00752	0.00846	0.00846	0.00846	0.00752	0.00470	0.01128	0.01128	0.01503	0.02443	0.05074	0.02819	0.72751	0.03946	0.00752	0.00752	0.01128	0.00470	0.00470
30	0.02727	0.02019	0.02186	0.01717	0.02281	0.02235	0.01404	0.56878	0.06005	0.04542	0.02046	0.05516	0.01580	0.01218	0.03694	0.00281	0.00875	0.00787	0.00758	0.01254
31	0.78228	0.01499	0.01140	0.01020	0.01499	0.01739	0.00840	0.02279	0.01320	0.03479	0.01080	0.01260	0.00840	0.00720	0.00480	0.00240	0.00600	0.00420	0.00480	0.00840
32	0.00945	0.00675	0.00900	0.01080	0.01125	0.00630	0.00720	0.01080	0.01484	0.01979	0.04274	0.72245	0.05128	0.02429	0.00990	0.00315	0.00450	0.02204	0.00720	0.00630
33	0.01741	0.01544	0.01678	0.04241	0.05066	0.05078	0.01269	0.03168	0.40027	0.02818	0.03549	0.04214	0.09150	0.01292	0.00844	0.00274	0.00679	0.11605	0.00714	0.01050
34	0.00916	0.00785	0.00785	0.00785	0.01047	0.00655	0.00589	0.01113	0.01767	0.02095	0.07855	0.07462	0.67599	0.01964	0.00916	0.00262	0.00393	0.01636	0.00720	0.00655
35	0.02083	0.01338	0.01403	0.01173	0.01540	0.01436	0.00937	0.28759	0.02483	0.03738	0.02246	0.02454	0.01704	0.00915	0.00641	0.00203	0.00570	0.00712	0.44690	0.00976
36	0.01092	0.00788	0.01031	0.00979	0.01157	0.00728	0.00731	0.01449	0.02168	0.03067	0.65157	0.08259	0.07235	0.01616	0.00917	0.00247	0.00369	0.01432	0.00849	0.00728
37	0.02021	0.01711	0.01805	0.01597	0.02051	0.01972	0.01250	0.09659	0.60824	0.03392	0.03039	0.02800	0.02272	0.01041	0.00788	0.00260	0.00635	0.00860	0.00788	0.01236
38	0.11552	0.01508	0.02424	0.47204	0.15314	0.01757	0.05232	0.02113	0.01571	0.02295	0.01363	0.01938	0.01048	0.00748	0.00743	0.00251	0.00972	0.00666	0.00371	0.00930
39	0.00949	0.00787	0.00831	0.00820	0.01067	0.00668	0.00615	0.01176	0.01844	0.02277	0.18589	0.07161	0.56751	0.01896	0.00916	0.00259	0.00388	0.01594	0.00744	0.00668
40	0.01602	0.01378	0.01637	0.03999	0.01981	0.01062	0.00969	0.01954	0.01605	0.02504	0.01378	0.01627	0.01144	0.00582	0.00582	0.00121	0.00593	0.00469	0.00455	0.74359
41	0.09773	0.01280	0.01653	0.01308	0.01855	0.01146	0.01069	0.03398	0.02084	0.56593	0.03150	0.06272	0.04750	0.01056	0.00770	0.00245	0.00633	0.00857	0.00895	0.01214
42	0.05975	0.69542	0.03913	0.01311	0.01965	0.03000	0.01302	0.02320	0.01562	0.01909	0.01078	0.01245	0.00987	0.00666	0.00497	0.00170	0.00817	0.00415	0.00339	0.00987
43	0.01724	0.03536	0.56900	0.02114	0.03151	0.01695	0.04937	0.02534	0.01725	0.08669	0.04639	0.01942	0.01373	0.00794	0.00756	0.00246	0.01070	0.00644	0.00414	0.01139
44	0.01464	0.01378	0.02326	0.70887	0.05340	0.01723	0.02153	0.01981	0.01550	0.01981	0.01378	0.02067	0.01034	0.00775	0.00775	0.00258	0.01034	0.00689	0.00345	0.00861
45	0.01902	0.01825	0.03116	0.07243	0.65564	0.01838	0.02371	0.02365	0.01757	0.02512	0.01455	0.01925	0.01221	0.00694	0.00768	0.00231	0.00925	0.00691	0.00382	0.01214
46	0.16204	0.08416	0.48283	0.02034	0.05788	0.01882	0.02347	0.02409	0.01578	0.02608	0.01313	0.01549	0.00967	0.00726	0.00672	0.00238	0.01009	0.00538	0.00359	0.01080
47	0.01122	0.00852	0.01072	0.01183	0.01393	0.00802	0.00997	0.01418	0.01778	0.02234	0.05537	0.08256	0.28568	0.02074	0.01012	0.00321	0.00591	0.39383	0.00716	0.00691
48	0.01567	0.03929	0.65997	0.02255	0.03386	0.01808	0.05519	0.02457	0.01645	0.02457	0.01399	0.01656	0.00990	0.00733	0.00744	0.00246	0.01153	0.00588	0.00330	0.01142
49	0.01863	0.01784	0.03025	0.07203	0.62898	0.01792	0.02302	0.02315	0.01757	0.02495	0.01700	0.02137	0.03762	0.00743	0.00774	0.00233	0.00905	0.00727	0.00395	0.01192
50	0.01080	0.00805	0.00979	0.01050	0.01184	0.00767	0.00734	0.03964	0.03693	0.02267	0.11696	0.45185	0.16215	0.05244	0.01083	0.00312	0.00466	0.01861	0.00728	0.00686
51	0.00952	0.00782	0.00838	0.00834	0.01072	0.00668	0.00622	0.01178	0.01837	0.02283	0.19048	0.09907	0.53468	0.01912	0.00919	0.00261	0.00390	0.01616	0.00745	0.00668
52	0.01606	0.01290	0.01405	0.01398	0.04092	0.04640	0.01014	0.11304	0.11070	0.04733	0.06592	0.24323	0.17373	0.01675	0.00885	0.00272	0.00601	0.04119	0.00721	0.00886
53	0.01756	0.02608	0.21845	0.02983	0.03865	0.01918	0.48346	0.02476	0.01778	0.02476	0.01521	0.01969	0.01124	0.00676	0.00867	0.00257	0.01264	0.00823	0.00375	0.01073
54	0.02623	0.03257	0.02052	0.01883	0.02242	0.59141	0.01417	0.02834	0.02052	0.01883	0.01333	0.01650	0.01142	0.01566	0.11243	0.00360	0.01502	0.00550	0.00402	0.00867
55	0.78228	0.01499	0.01140	0.01020	0.01499	0.01739	0.00840	0.02279	0.01320	0.03479	0.01080	0.01260	0.00840	0.00720	0.00480	0.00240	0.00600	0.00420	0.00480	0.00840
56	0.78228	0.01499	0.01140	0.01020	0.01499	0.01739	0.00840	0.02279	0.01320	0.03479	0.01080	0.01260	0.00840	0.00720	0.00480	0.00240	0.00600	0.00420	0.00480	0.00840
57	0.01914	0.01838	0.02886	0.15290	0.43954	0.04251	0.04976	0.04925	0.07492	0.02569	0.01605	0.02016	0.01288	0.00748	0.00775	0.00238	0.00945	0.00710	0.00429	0.01150
58	0.01108	0.00831	0.01246	0.01246	0.01385	0.00969	0.00969	0.01385	0.01246	0.01800	0.02077	0.03046	0.01938	0.05815	0.69678	0.01246	0.02077	0.00831	0.00415	0.00692
59	0.02947	0.02172	0.02327	0.01784	0.02404	0.02404	0.01474	0.65329	0.03646	0.04887	0.01862	0.01862	0.01319	0.00931	0.00776	0.00233	0.00853	0.00698	0.00776	0.01319
60	0.12322	0.01356	0.01671	0.01279	0.01885	0.01189	0.01049	0.03152	0.01960	0.44481	0.02408	0.02219	0.01599	0.00837	0.00693	0.00210	0.00632	0.00658	0.00779	0.19621
61	0.01621	0.12776	0.60543	0.02098	0.03183	0.01961	0.02670	0.02439	0.01629	0.02376	0.01352	0.01587	0.00984	0.00727	0.00706	0.00235	0.01106	0.00553	0.00328	0.01127
62	0.00945	0.00675	0.00900	0.01080	0.01125	0.00630	0.00720	0.01080	0.01484	0.01979	0.04274	0.72245	0.05128	0.02429	0.00990	0.00315	0.00450	0.02204	0.00720	0.00630
63	0.01977	0.01768	0.01776	0.01599	0.02035	0.05346	0.01241	0.04068	0.63267	0.03176	0.03057	0.02817	0.02298	0.01039	0.00784	0.00260	0.00653	0.00858	0.00769	0.01211
64	0.01728	0.01647	0.02802	0.32546	0.41620	0.01792	0.02285	0.02212	0.01675	0.02301	0.01425	0.01981	0.01146	0.00726	0.00771	0.00242	0.00968	0.00690	0.00367	0.01074
65	0.02124	0.01984	0.02664	0.06427	0.41258	0.10522	0.01984	0.09380	0.02024	0.05124	0.01767	0.05691	0.01544	0.00887	0.00783	0.00237	0.00939	0.03049	0.00478	0.01134
66	0.01522	0.00797	0.00805	0.00777	0.00980	0.00808	0.00590	0.05047	0.01729	0.02993	0.02495	0.02838	0.01953	0.00905	0.00554	0.00183	0.00386	0.00721	0.73164	0.00753
67	0.02085	0.01743	0.01841	0.01609	0.02076	0.02001	0.01265	0.13501	0.56878	0.03495	0.02957	0.02735	0.02206	0.01033	0.00787	0.00258	0.00650	0.00849	0.00787	0.01241
68	0.01696	0.01696	0.02375	0.02036	0.02036	0.02375	0.01696	0.01866	0.01187	0.01866	0.01018	0.01696	0.01018	0.01357	0.02545	0.00339	0.71332	0.00679	0.00339	0.00848
69	0.00945	0.00675	0.00900	0.01080	0.01125	0.00630	0.00720	0.01080	0.01484	0.01979	0.04274	0.72245	0.05128	0.02429	0.00990	0.00315	0.00450	0.02204	0.00720	0.00630
70	0.00935	0.00786	0.00811	0.00805	0.01059	0.00662	0.00604	0.01148	0.01811	0.02198	0.13908	0.07292	0.61482	0.01925	0.00916	0.00260	0.00390	0.01613	0.00734	0.00662
71	0.02181	0.01133	0.01273	0.01080	0.01440	0.01138	0.00858	0.12645	0.04576	0.18504	0.02569	0.02665	0.01878	0.00927	0.00645	0.00206	0.00520	0.00738	0.44047	0.00978
72	0.02035	0.60611	0.13033	0.01478	0.02198	0.05690	0.01549	0.02373	0.01610	0.01916	0.01127	0.01305	0.00993	0.00679	0.00539	0.00178	0.00897	0.00440	0.00334	0.01012
73	0.02863	0.01209	0.01619	0.01292	0.01788	0.01073	0.01047	0.03249	0.04613	0.50703	0.18166	0.03387	0.03201	0.01110	0.00812	0.00242	0.00589	0.00929	0.00928	0.01178
74	0.01964	0.01367	0.01644	0.01192	0.01864	0.01054	0.00961	0.02300	0.01724	0.15076	0.01698	0.01804	0.01295	0.00648	0.00613	0.00139	0.00591	0.00520	0.00555	0.62991
75	0.01568	0.03921	0.65740	0.02259	0.03388	0.01808	0.05768	0.02457	0.01646	0.02457	0.01400	0.01658	0.00991	0.00733	0.00745	0.00246	0.01153	0.00589	0.00330	0.01141
76	0.78228	0.01499	0.01140	0.01020	0.01499	0.01739	0.00840	0.02279	0.01320	0.03479	0.01080	0.01260	0.00840	0.00720	0.00480	0.00240	0.00600	0.00420	0.00480	0.00840
77	0.02051	0.70307	0.06782	0.01364	0.02047	0.03015	0.01391	0.02327	0.01578	0.01851	0.01091	0.01260	0.00994	0.00666	0.00508	0.00169	0.00843	0.00421	0.00331	0.01001
78	0.01919	0.01842	0.03147	0.04759	0.67914	0.01842	0.02380	0.02380	0.01765	0.02533	0.01458	0.01919	0.01228	0.00691	0.00768	0.00230	0.00921	0.00691	0.00384	0.01228
79	0.01111	0.00818	0.01182	0.01182	0.01298	0.00934	0.00889	0.01344	0.01227	0.01753	0.02135	0.03370	0.02079	0.16508	0.59177	0.01167	0.01865	0.00878	0.00424	0.00657
80	0.01875	0.01796	0.03043	0.04584	0.64968	0.01790	0.02301	0.02324	0.01766	0.02514	0.01740	0.02163	0.04153	0.00747	0.00774	0.00232	0.00898	0.00733	0.00399	0.01203
81	0.01097	0.00793	0.01036	0.00975	0.01158	0.00732	0.00732	0.01463	0.02195	0.03109	0.67505	0.05792	0.07316	0.01585	0.00914	0.00244	0.00366	0.01402	0.00854	0.00732
82	0.03479	0.01320	0.01799	0.01380	0.01979	0.01140	0.01140	0.03779	0.02219	0.68451	0.03059	0.02639	0.01919	0.00960	0.00780	0.00240	0.00660	0.00780	0.00960	0.01320
83	0.01701	0.01650	0.02872	0.34784	0.29643	0.01804	0.09106	0.02277	0.04216	0.02303	0.01500	0.02044	0.01178	0.00740	0.00788	0.00248	0.01003	0.00722	0.00383	0.01040
84	0.01635	0.01543	0.02561	0.46001	0.25358	0.01772	0.02179	0.02219	0.04948	0.02224	0.01495	0.02062	0.01165	0.00762	0.00773	0.00250	0.00976	0.00699	0.00380	0.00998
85	0.01347	0.00673	0.01010	0.01010	0.01010	0.00673	0.00673	0.01010	0.01010	0.01347	0.01347	0.02357	0.01347	0.02694	0.03030	0.77441	0.00673	0.00673	0.00337	0.00337
86	0.78228	0.01499	0.01140	0.01020	0.01499	0.01739	0.00840	0.02279	0.01320	0.03479	0.01080	0.01260	0.00840	0.00720	0.00480	0.00240	0.00600	0.00420	0.00480	0.00840
87	0.01701	0.01672	0.02194	0.05432	0.02113	0.05564	0.01594	0.01908	0.01291	0.01944	0.01201	0.01846	0.01129	0.01465	0.05215	0.00357	0.55990	0.00680	0.05866	0.00835
88	0.00938	0.00786	0.00816	0.00809	0.01061	0.00664	0.00606	0.01155	0.01819	0.02218	0.15124	0.07258	0.60252	0.01918	0.00916	0.00260	0.00389	0.01608	0.00736	0.00664
