[name]
unknown

[dist]
# distance from previous block
# <min> <max>
6	26

[block]
# block no. 0 follows, 30 sequences, length 15
# corresponding to MSA columns:
# 26-40
name=unknown_A
#
# <colnr> <probs for GDERKNQSTAVLIFYWHMCP>
#	G	D	E	R	K	N	Q	S	T	A	V	L	I	F	Y	W	H	M	C	P
0	0.02050	0.09597	0.02116	0.01530	0.04807	0.01787	0.03766	0.32029	0.07188	0.03190	0.01743	0.01817	0.03709	0.00753	0.00635	0.00180	0.00689	0.00595	0.00554	0.21264
1	0.10645	0.04819	0.08479	0.01525	0.02036	0.15986	0.03418	0.23644	0.05050	0.08600	0.03455	0.01926	0.03379	0.03111	0.00743	0.00221	0.00829	0.00618	0.00544	0.00974
2	0.13558	0.14961	0.11178	0.01499	0.02123	0.01930	0.05804	0.25932	0.02077	0.03038	0.01322	0.01458	0.01006	0.00688	0.00596	0.00190	0.00760	0.00518	0.00479	0.10883
3	0.08968	0.31291	0.02474	0.05454	0.01974	0.12488	0.01192	0.15363	0.01862	0.02389	0.03828	0.01697	0.03584	0.00936	0.03585	0.00222	0.00837	0.00534	0.00431	0.00891
4	0.07158	0.01402	0.01525	0.01217	0.01661	0.01413	0.00954	0.27206	0.04920	0.03002	0.01795	0.07921	0.01613	0.11023	0.01032	0.00250	0.00628	0.00717	0.00556	0.24008
5	0.02146	0.27397	0.02402	0.01465	0.01862	0.36866	0.01208	0.02356	0.01678	0.01786	0.01169	0.01380	0.01000	0.00717	0.00647	0.00175	0.05143	0.00456	0.09328	0.00818
6	0.01479	0.01216	0.01397	0.01052	0.01597	0.00997	0.00833	0.04569	0.06003	0.02406	0.01548	0.04714	0.01318	0.00650	0.00550	0.00128	0.00511	0.00530	0.06230	0.62271
7	0.01301	0.00650	0.00650	0.00650	0.00813	0.00650	0.00488	0.01626	0.01463	0.02602	0.02276	0.02602	0.01789	0.00813	0.00488	0.00163	0.00325	0.00650	0.79350	0.00650
8	0.01552	0.01302	0.01503	0.01083	0.01698	0.01037	0.00870	0.07576	0.01606	0.02458	0.01278	0.01467	0.01047	0.00545	0.00533	0.00113	0.00539	0.00432	0.00438	0.72923
9	0.00825	0.00707	0.00707	0.00707	0.00943	0.00589	0.00530	0.01001	0.01591	0.01885	0.07069	0.06716	0.70839	0.01767	0.00825	0.00236	0.00353	0.01473	0.00648	0.00589
10	0.01301	0.00650	0.00650	0.00650	0.00813	0.00650	0.00488	0.01626	0.01463	0.02602	0.02276	0.02602	0.01789	0.00813	0.00488	0.00163	0.00325	0.00650	0.79350	0.00650
11	0.00849	0.00614	0.00803	0.00954	0.01008	0.00568	0.00640	0.00974	0.01353	0.01788	0.04057	0.70543	0.08957	0.02159	0.00886	0.00280	0.00401	0.01950	0.00648	0.00568
12	0.51618	0.01426	0.01331	0.01103	0.01578	0.01568	0.00910	0.14211	0.01717	0.16582	0.01441	0.01470	0.01020	0.00723	0.00531	0.00215	0.00591	0.00485	0.00563	0.00916
13	0.01561	0.01332	0.01626	0.01171	0.01789	0.01076	0.03975	0.07598	0.01615	0.02457	0.01286	0.01487	0.01048	0.00548	0.00547	0.00119	0.00569	0.00451	0.00435	0.69312
14	0.00980	0.00738	0.00850	0.00852	0.00992	0.00700	0.00598	0.01246	0.05393	0.02008	0.19855	0.12922	0.23714	0.21835	0.01575	0.00361	0.00464	0.03710	0.00618	0.00589

[dist]
# distance from previous block
# <min> <max>
0	2

[block]
# block no. 1 follows, 30 sequences, length 25
# corresponding to MSA columns:
# 43-67
name=unknown_B
#
# <colnr> <probs for GDERKNQSTAVLIFYWHMCP>
#	G	D	E	R	K	N	Q	S	T	A	V	L	I	F	Y	W	H	M	C	P
0	0.01470	0.01250	0.01367	0.01236	0.01507	0.05983	0.03522	0.11356	0.16250	0.02540	0.13265	0.19988	0.09951	0.05903	0.00951	0.00264	0.00575	0.01173	0.00641	0.00806
1	0.01643	0.05558	0.14529	0.04831	0.07809	0.04572	0.41864	0.02193	0.01575	0.02139	0.01311	0.01725	0.01008	0.00650	0.00849	0.00229	0.05529	0.00707	0.00337	0.00943
2	0.01472	0.16934	0.46149	0.01670	0.02474	0.01722	0.01994	0.04898	0.01555	0.02181	0.04326	0.06507	0.03593	0.00822	0.00650	0.00211	0.00875	0.00649	0.00366	0.00953
3	0.02653	0.01955	0.02094	0.01606	0.02164	0.02164	0.01326	0.68796	0.03281	0.04398	0.01675	0.01675	0.01187	0.00838	0.00698	0.00209	0.00768	0.00628	0.00698	0.01187
4	0.00999	0.00740	0.01082	0.01082	0.01193	0.00851	0.00823	0.01221	0.01110	0.01591	0.01905	0.02940	0.01831	0.12864	0.65198	0.01073	0.01740	0.00777	0.00379	0.00601
5	0.00850	0.00607	0.00810	0.00972	0.01012	0.00567	0.00648	0.00972	0.01336	0.01781	0.03846	0.75020	0.04615	0.02186	0.00891	0.00283	0.00405	0.01984	0.00648	0.00567
6	0.01897	0.72815	0.03585	0.01220	0.01807	0.05729	0.01201	0.02119	0.01442	0.01645	0.00975	0.01125	0.00896	0.00602	0.00455	0.00151	0.00768	0.00376	0.00301	0.00892
7	0.01710	0.01588	0.02614	0.14610	0.20261	0.01693	0.17356	0.04273	0.18211	0.04901	0.01742	0.02013	0.01332	0.00744	0.00792	0.00229	0.03759	0.00712	0.00457	0.01003
8	0.01301	0.00650	0.00650	0.00650	0.00813	0.00650	0.00488	0.01626	0.01463	0.02602	0.02276	0.02602	0.01789	0.00813	0.00488	0.00163	0.00325	0.00650	0.79350	0.00650
9	0.01013	0.00684	0.00800	0.00800	0.00814	0.00698	0.00472	0.01040	0.01026	0.01382	0.02163	0.04368	0.02451	0.67845	0.11064	0.00725	0.00806	0.00986	0.00418	0.00445
10	0.01527	0.01527	0.02137	0.01832	0.01832	0.02137	0.01527	0.01679	0.01069	0.01679	0.00916	0.01527	0.00916	0.01221	0.02290	0.00305	0.74198	0.00611	0.00305	0.00763
11	0.01721	0.01684	0.02715	0.11728	0.60951	0.04702	0.02085	0.02130	0.01585	0.02201	0.01295	0.01721	0.01077	0.00634	0.00689	0.00209	0.00858	0.00614	0.00342	0.01057
12	0.01013	0.00684	0.00800	0.00800	0.00814	0.00698	0.00472	0.01040	0.01026	0.01382	0.02163	0.04368	0.02451	0.67845	0.11064	0.00725	0.00806	0.00986	0.00418	0.00445
13	0.01301	0.00650	0.00650	0.00650	0.00813	0.00650	0.00488	0.01626	0.01463	0.02602	0.02276	0.02602	0.01789	0.00813	0.00488	0.00163	0.00325	0.00650	0.79350	0.00650
14	0.01001	0.00730	0.01032	0.01032	0.01126	0.00824	0.00761	0.01189	0.01095	0.01554	0.01951	0.03194	0.01941	0.22659	0.55554	0.01011	0.01573	0.00814	0.00386	0.00573
15	0.02335	0.04950	0.04594	0.04147	0.06352	0.42476	0.08741	0.11965	0.03932	0.02228	0.01268	0.01470	0.01003	0.00716	0.00664	0.00195	0.01104	0.00540	0.00410	0.00911
16	0.01301	0.00650	0.00650	0.00650	0.00813	0.00650	0.00488	0.01626	0.01463	0.02602	0.02276	0.02602	0.01789	0.00813	0.00488	0.00163	0.00325	0.00650	0.79350	0.00650
17	0.00825	0.00707	0.00707	0.00707	0.00943	0.00589	0.00530	0.01001	0.01591	0.01885	0.07069	0.06716	0.70839	0.01767	0.00825	0.00236	0.00353	0.01473	0.00648	0.00589
18	0.01007	0.00799	0.01116	0.01386	0.11068	0.00749	0.00848	0.01230	0.01568	0.02122	0.20694	0.37463	0.13870	0.01713	0.00836	0.00250	0.00440	0.01536	0.00635	0.00670
19	0.01458	0.01495	0.02767	0.39692	0.03979	0.01709	0.23832	0.01916	0.01429	0.01916	0.01248	0.01818	0.00970	0.00740	0.00977	0.00244	0.11971	0.00686	0.00323	0.00828
20	0.01212	0.00606	0.00909	0.00909	0.00909	0.00606	0.00606	0.00909	0.00909	0.01212	0.01212	0.02121	0.01212	0.02424	0.02727	0.79697	0.00606	0.00606	0.00303	0.00303
21	0.01569	0.01318	0.01380	0.01233	0.01599	0.01449	0.00962	0.09822	0.43026	0.02776	0.03942	0.03697	0.21937	0.01173	0.00742	0.00233	0.00518	0.00970	0.00691	0.00964
22	0.01738	0.01769	0.02891	0.10599	0.49878	0.06700	0.11884	0.02167	0.01606	0.02185	0.01304	0.01730	0.01067	0.00631	0.00707	0.00212	0.00921	0.00639	0.00344	0.01028
23	0.01062	0.00833	0.00981	0.00920	0.01094	0.03966	0.00690	0.01384	0.01975	0.02748	0.67554	0.05031	0.06323	0.01394	0.00814	0.00218	0.00372	0.01225	0.00749	0.00665
24	0.01121	0.00744	0.00969	0.00895	0.01087	0.00680	0.00678	0.01441	0.01963	0.07234	0.63997	0.05084	0.08630	0.01403	0.00815	0.00220	0.00347	0.01233	0.00770	0.00690

[dist]
# distance from previous block
# <min> <max>
3	5

[block]
# block no. 2 follows, 30 sequences, length 15
# corresponding to MSA columns:
# 73-87
name=unknown_C
#
# <colnr> <probs for GDERKNQSTAVLIFYWHMCP>
#	G	D	E	R	K	N	Q	S	T	A	V	L	I	F	Y	W	H	M	C	P
0	0.01654	0.01428	0.02215	0.06496	0.02233	0.01676	0.12782	0.06718	0.01509	0.07897	0.05879	0.04441	0.01574	0.01316	0.06244	0.00317	0.31198	0.00747	0.00438	0.03239
1	0.02305	0.01722	0.01944	0.10639	0.02364	0.01924	0.01322	0.51543	0.05292	0.03811	0.01780	0.04598	0.01354	0.00874	0.00694	0.00214	0.00741	0.00686	0.05114	0.01078
2	0.04358	0.03798	0.06671	0.21876	0.14126	0.01552	0.01532	0.12989	0.04860	0.02565	0.01510	0.01824	0.01163	0.00711	0.00636	0.00201	0.00745	0.00592	0.10315	0.07978
3	0.01823	0.01281	0.01993	0.08466	0.04687	0.01200	0.13180	0.05387	0.03464	0.18180	0.05567	0.12621	0.02022	0.00943	0.00721	0.00209	0.00690	0.00869	0.00567	0.16129
4	0.01564	0.01411	0.06112	0.04180	0.01832	0.01190	0.01051	0.16423	0.01838	0.02608	0.02095	0.15663	0.04901	0.00977	0.00659	0.00180	0.00595	0.00821	0.00519	0.35381
5	0.02575	0.01746	0.01936	0.01485	0.02040	0.01846	0.01221	0.49430	0.05321	0.14768	0.01845	0.01797	0.01291	0.00814	0.00681	0.00201	0.00708	0.00624	0.00696	0.08974
6	0.02434	0.01816	0.01944	0.01528	0.02029	0.02014	0.01240	0.56507	0.11123	0.04019	0.01850	0.01978	0.01389	0.05779	0.00888	0.00244	0.00736	0.00673	0.00681	0.01126
7	0.00931	0.00696	0.00865	0.00855	0.01016	0.00629	0.00629	0.01195	0.01793	0.02444	0.46659	0.16308	0.20177	0.01617	0.00834	0.00233	0.00346	0.01419	0.00724	0.00629
8	0.01787	0.01754	0.02644	0.03817	0.59245	0.06457	0.01980	0.02348	0.08732	0.02308	0.01456	0.01787	0.01198	0.00662	0.00689	0.00208	0.00829	0.00628	0.00384	0.01085
9	0.01301	0.00650	0.00650	0.00650	0.00813	0.00650	0.00488	0.01626	0.01463	0.02602	0.02276	0.02602	0.01789	0.00813	0.00488	0.00163	0.00325	0.00650	0.79350	0.00650
10	0.01447	0.01240	0.01447	0.01034	0.01654	0.00930	0.00827	0.01757	0.01447	0.02274	0.01240	0.01447	0.01034	0.00517	0.00517	0.00103	0.00517	0.00413	0.00413	0.79742
11	0.00888	0.00628	0.00824	0.00965	0.01008	0.00595	0.00650	0.01007	0.01313	0.01748	0.03632	0.62020	0.04319	0.11276	0.01226	0.00335	0.00454	0.05939	0.00619	0.00554
12	0.01301	0.00650	0.00650	0.00650	0.00813	0.00650	0.00488	0.01626	0.01463	0.02602	0.02276	0.02602	0.01789	0.00813	0.00488	0.00163	0.00325	0.00650	0.79350	0.00650
13	0.01727	0.01658	0.02832	0.04283	0.71123	0.01658	0.02142	0.02142	0.01589	0.02280	0.01313	0.01727	0.01105	0.00622	0.00691	0.00207	0.00829	0.00622	0.00345	0.01105
14	0.01645	0.01426	0.01596	0.09326	0.02102	0.01656	0.01173	0.03359	0.58902	0.02737	0.02716	0.06178	0.02124	0.00982	0.00718	0.00239	0.00586	0.00831	0.00663	0.01041

[dist]
# distance from previous block
# <min> <max>
0	23

[block]
# block no. 3 follows, 30 sequences, length 21
# corresponding to MSA columns:
# 111-131
name=unknown_D
#
# <colnr> <probs for GDERKNQSTAVLIFYWHMCP>
#	G	D	E	R	K	N	Q	S	T	A	V	L	I	F	Y	W	H	M	C	P
0	0.01497	0.15343	0.56301	0.02004	0.07132	0.01810	0.02324	0.02186	0.01472	0.02121	0.01210	0.01431	0.00900	0.00650	0.00629	0.00208	0.00972	0.00499	0.00299	0.01014
1	0.02612	0.03170	0.01991	0.01776	0.02158	0.64681	0.01346	0.10270	0.02125	0.02013	0.01146	0.01306	0.00932	0.00733	0.00637	0.00183	0.01203	0.00470	0.00398	0.00852
2	0.01182	0.00853	0.00995	0.00943	0.01048	0.00891	0.00641	0.08748	0.01407	0.01883	0.05661	0.11056	0.08781	0.41841	0.08180	0.00549	0.03178	0.01082	0.00503	0.00576
3	0.02578	0.01918	0.02052	0.01591	0.02136	0.02129	0.01308	0.63509	0.08689	0.04278	0.01770	0.01751	0.01263	0.00847	0.00699	0.00212	0.00750	0.00641	0.00699	0.01180
4	0.00836	0.00701	0.00727	0.00735	0.00953	0.00592	0.00546	0.01018	0.01597	0.01933	0.10678	0.11199	0.62547	0.01775	0.00829	0.00238	0.00355	0.01494	0.00655	0.00592
5	0.00868	0.00715	0.00768	0.00774	0.00995	0.00615	0.00594	0.01075	0.01637	0.02009	0.14315	0.06632	0.57825	0.01740	0.00836	0.00241	0.00374	0.06723	0.00662	0.00602
6	0.01373	0.01198	0.01765	0.07585	0.03959	0.01508	0.03165	0.03598	0.01240	0.03500	0.01473	0.03494	0.01370	0.04699	0.27480	0.00595	0.30183	0.00707	0.00368	0.00739
7	0.52166	0.01854	0.05877	0.01217	0.01699	0.10967	0.01046	0.13311	0.01659	0.03097	0.01121	0.01262	0.00855	0.00690	0.00517	0.00210	0.00703	0.00438	0.00458	0.00852
8	0.00992	0.00723	0.01016	0.01017	0.01119	0.00794	0.00751	0.01199	0.01219	0.01726	0.10643	0.07004	0.02640	0.17565	0.47367	0.00885	0.01383	0.00923	0.00446	0.00588
9	0.06319	0.58284	0.10113	0.01292	0.01919	0.02530	0.01317	0.07750	0.01568	0.02015	0.01058	0.01202	0.00911	0.00627	0.00489	0.00165	0.00765	0.00409	0.00340	0.00926
10	0.80405	0.01350	0.01026	0.00918	0.01350	0.01565	0.00756	0.02051	0.01188	0.03131	0.00972	0.01134	0.00756	0.00648	0.00432	0.00216	0.00540	0.00378	0.00432	0.00756
11	0.11191	0.01440	0.01553	0.05390	0.01827	0.03609	0.01093	0.21634	0.12479	0.02942	0.02109	0.02281	0.06017	0.01383	0.08511	0.00318	0.06594	0.00688	0.08038	0.00904
12	0.01884	0.01359	0.01501	0.01253	0.01574	0.01512	0.00983	0.31786	0.07714	0.03106	0.01942	0.02471	0.01625	0.13656	0.06499	0.00353	0.04410	0.00718	0.14760	0.00893
13	0.01003	0.00678	0.00758	0.00758	0.00773	0.00671	0.00430	0.01014	0.01052	0.01387	0.02512	0.04705	0.06923	0.70742	0.03377	0.00648	0.00656	0.01044	0.00437	0.00434
14	0.01637	0.07723	0.09003	0.02660	0.03335	0.01856	0.53951	0.02185	0.01578	0.02150	0.01332	0.01769	0.01024	0.00637	0.00881	0.00232	0.06021	0.00751	0.00341	0.00932
15	0.01487	0.01499	0.02802	0.40867	0.16803	0.01631	0.20800	0.01977	0.01502	0.02003	0.01302	0.01842	0.00999	0.00653	0.00732	0.00229	0.00981	0.00678	0.00329	0.00883
16	0.01585	0.01639	0.02319	0.01936	0.02019	0.05182	0.07912	0.01781	0.01164	0.01734	0.00970	0.01549	0.00929	0.01139	0.02078	0.00293	0.64052	0.00624	0.00312	0.00782
17	0.01098	0.00823	0.01156	0.01130	0.01260	0.00946	0.00866	0.05042	0.01247	0.01767	0.01983	0.07372	0.01936	0.10383	0.56468	0.00957	0.03676	0.00837	0.00412	0.00639
18	0.00946	0.00732	0.00850	0.00823	0.01009	0.00666	0.00606	0.01242	0.04018	0.02316	0.36805	0.07492	0.31685	0.06523	0.01004	0.00259	0.00372	0.01332	0.00692	0.00628
19	0.04607	0.23435	0.02375	0.01546	0.01973	0.41761	0.01256	0.06762	0.01827	0.01901	0.01134	0.01337	0.00966	0.00976	0.05142	0.00234	0.01100	0.00456	0.00367	0.00845
20	0.06086	0.01890	0.13119	0.05915	0.11732	0.01535	0.30297	0.02112	0.01585	0.04127	0.05653	0.01933	0.01373	0.00664	0.00720	0.00213	0.00927	0.00699	0.00391	0.09031

[dist]
# distance from previous block
# <min> <max>
3	14

[block]
# block no. 4 follows, 30 sequences, length 20
# corresponding to MSA columns:
# 148-167
name=unknown_E
#
# <colnr> <probs for GDERKNQSTAVLIFYWHMCP>
#	G	D	E	R	K	N	Q	S	T	A	V	L	I	F	Y	W	H	M	C	P
0	0.03755	0.01022	0.03967	0.01030	0.01229	0.00961	0.00783	0.05919	0.01445	0.11946	0.06558	0.03953	0.05201	0.38176	0.04020	0.00478	0.04009	0.04342	0.00534	0.00670
1	0.01064	0.00768	0.00872	0.00838	0.00946	0.00756	0.00553	0.03118	0.04943	0.01929	0.18733	0.04841	0.13200	0.41885	0.02305	0.00472	0.00546	0.01115	0.00557	0.00558
2	0.01034	0.00711	0.00837	0.00868	0.00906	0.00707	0.00537	0.04020	0.01222	0.01630	0.02718	0.27650	0.03162	0.48004	0.02548	0.00526	0.00591	0.01317	0.00509	0.00504
3	0.02211	0.01735	0.01845	0.01516	0.01996	0.01958	0.01219	0.37427	0.35370	0.03685	0.02237	0.02123	0.01641	0.00890	0.00704	0.00223	0.00664	0.00706	0.00704	0.01147
4	0.01681	0.05212	0.07984	0.13207	0.51831	0.01707	0.02080	0.04041	0.01596	0.02240	0.01293	0.01696	0.01058	0.00640	0.00679	0.00209	0.00852	0.00602	0.00345	0.01048
5	0.05244	0.06899	0.16017	0.01392	0.02016	0.01364	0.01351	0.08398	0.01929	0.41453	0.05336	0.02135	0.01645	0.00821	0.00672	0.00212	0.00694	0.00650	0.00676	0.01096
6	0.01544	0.01577	0.02418	0.01989	0.02089	0.02085	0.11031	0.01758	0.01151	0.01758	0.00986	0.01577	0.00936	0.01132	0.02082	0.00295	0.63850	0.00641	0.00312	0.00789
7	0.01548	0.01488	0.02570	0.34137	0.39687	0.01616	0.04910	0.01991	0.01508	0.02064	0.01286	0.01791	0.01028	0.00653	0.00699	0.00219	0.00888	0.00630	0.00331	0.00956
8	0.00997	0.00748	0.01121	0.01121	0.01246	0.00872	0.00872	0.01246	0.01121	0.01620	0.01869	0.02741	0.01745	0.05234	0.72710	0.01121	0.01869	0.00748	0.00374	0.00623
9	0.01318	0.01240	0.02093	0.73798	0.04806	0.01550	0.01938	0.01783	0.01395	0.01783	0.01240	0.01860	0.00930	0.00698	0.00698	0.00233	0.00930	0.00620	0.00310	0.00775
10	0.00859	0.00611	0.00807	0.00961	0.00999	0.00573	0.00636	0.00974	0.01319	0.01759	0.03760	0.71328	0.04506	0.06027	0.01030	0.00304	0.00419	0.01933	0.00636	0.00559
11	0.01633	0.01829	0.03908	0.07251	0.08384	0.01745	0.60024	0.02202	0.01628	0.02211	0.01395	0.01870	0.01054	0.00597	0.00807	0.00233	0.01138	0.00797	0.00350	0.00943
12	0.01359	0.00707	0.00713	0.00692	0.00871	0.00716	0.00524	0.04527	0.01542	0.02679	0.02250	0.02562	0.01763	0.00814	0.00497	0.00165	0.00344	0.00649	0.75952	0.00674
13	0.00997	0.00748	0.01121	0.01121	0.01246	0.00872	0.00872	0.01246	0.01121	0.01620	0.01869	0.02741	0.01745	0.05234	0.72710	0.01121	0.01869	0.00748	0.00374	0.00623
14	0.00997	0.00748	0.01121	0.01121	0.01246	0.00872	0.00872	0.01246	0.01121	0.01620	0.01869	0.02741	0.01745	0.05234	0.72710	0.01121	0.01869	0.00748	0.00374	0.00623
15	0.01743	0.01416	0.01511	0.01337	0.01725	0.01589	0.01046	0.08963	0.52065	0.05360	0.06298	0.03027	0.08771	0.01035	0.00725	0.00233	0.00543	0.00859	0.00711	0.01045
16	0.01621	0.15866	0.50147	0.01916	0.05199	0.09481	0.02193	0.02249	0.01522	0.02061	0.01188	0.01399	0.00896	0.00656	0.00624	0.00204	0.01000	0.00488	0.00304	0.00987
17	0.01678	0.01909	0.16243	0.01532	0.02209	0.01390	0.08003	0.15485	0.01840	0.02669	0.01453	0.04511	0.01181	0.00686	0.00629	0.00169	0.00734	0.00582	0.00450	0.36644
18	0.72159	0.05811	0.01322	0.01026	0.01480	0.01646	0.03858	0.02062	0.01222	0.03002	0.00992	0.01167	0.00778	0.00642	0.00451	0.00213	0.00581	0.00398	0.00420	0.00772
19	0.14139	0.04078	0.01120	0.00947	0.01185	0.03921	0.00697	0.06956	0.01521	0.05159	0.07087	0.09081	0.15889	0.23535	0.01546	0.00359	0.00580	0.00995	0.00540	0.00665

[dist]
# distance from previous block
# <min> <max>
0	2

[block]
# block no. 5 follows, 30 sequences, length 55
# corresponding to MSA columns:
# 170-224
name=unknown_F
#
# <colnr> <probs for GDERKNQSTAVLIFYWHMCP>
#	G	D	E	R	K	N	Q	S	T	A	V	L	I	F	Y	W	H	M	C	P
0	0.01063	0.00767	0.00965	0.01026	0.01140	0.00751	0.00722	0.08287	0.01636	0.02207	0.13171	0.57191	0.04529	0.01933	0.00860	0.00266	0.00433	0.01735	0.00670	0.00646
1	0.02216	0.13000	0.04675	0.01355	0.01793	0.17523	0.01126	0.10752	0.05574	0.17593	0.03714	0.02362	0.05221	0.08945	0.00965	0.00249	0.00793	0.00672	0.00553	0.00920
2	0.06045	0.54769	0.11840	0.01423	0.04102	0.08168	0.01385	0.02160	0.01463	0.01817	0.01025	0.01194	0.00893	0.00619	0.00496	0.00166	0.00815	0.00405	0.00312	0.00904
3	0.01294	0.01117	0.01440	0.01800	0.19884	0.04746	0.01062	0.01572	0.01705	0.05002	0.19958	0.08237	0.26832	0.01310	0.00777	0.00223	0.00536	0.01137	0.00589	0.00779
4	0.01064	0.00731	0.00829	0.00814	0.00863	0.00729	0.00495	0.03960	0.01218	0.01622	0.06504	0.08788	0.06473	0.59672	0.02967	0.00583	0.00627	0.01094	0.00480	0.00487
5	0.02242	0.28886	0.02759	0.01769	0.05833	0.33869	0.05337	0.07950	0.01846	0.01970	0.01122	0.01306	0.00942	0.00672	0.00585	0.00176	0.01007	0.00469	0.00365	0.00895
6	0.01009	0.00724	0.00901	0.00850	0.01040	0.00653	0.00640	0.01303	0.01891	0.04419	0.54942	0.05468	0.20593	0.01487	0.00820	0.00223	0.00342	0.01294	0.00744	0.00657
7	0.01909	0.01541	0.05517	0.01499	0.04667	0.01418	0.03576	0.26691	0.02159	0.07837	0.02047	0.16558	0.01862	0.01014	0.00699	0.00203	0.00657	0.00861	0.00587	0.18698
8	0.01357	0.01325	0.02347	0.55372	0.04281	0.01567	0.12201	0.01808	0.01414	0.01848	0.01376	0.05409	0.01129	0.00781	0.00812	0.00239	0.04891	0.00718	0.00333	0.00790
9	0.01002	0.00726	0.01013	0.01013	0.01101	0.00814	0.00738	0.01177	0.01090	0.01540	0.01968	0.03289	0.01982	0.26288	0.51981	0.00988	0.01512	0.00828	0.00389	0.00563
10	0.01212	0.00606	0.00909	0.00909	0.00909	0.00606	0.00606	0.00909	0.00909	0.01212	0.01212	0.02121	0.01212	0.02424	0.02727	0.79697	0.00606	0.00606	0.00303	0.00303
11	0.01691	0.01622	0.02768	0.10335	0.65349	0.01649	0.02124	0.02110	0.01572	0.02237	0.01306	0.01739	0.01090	0.00628	0.00691	0.00209	0.00838	0.00622	0.00342	0.01077
12	0.01929	0.01408	0.01565	0.01330	0.01673	0.01519	0.01037	0.40517	0.02445	0.03271	0.02395	0.21920	0.02366	0.09431	0.01073	0.00285	0.00656	0.03614	0.00652	0.00915
13	0.01569	0.01591	0.02363	0.30087	0.07833	0.08868	0.13384	0.01956	0.01460	0.01943	0.01295	0.01802	0.01036	0.00779	0.00975	0.00233	0.13902	0.00640	0.07469	0.00816
14	0.01696	0.01614	0.02744	0.04128	0.67512	0.01614	0.02089	0.02106	0.01590	0.02270	0.01436	0.02045	0.01256	0.00689	0.00705	0.00213	0.00819	0.04031	0.00361	0.01081
15	0.00989	0.00732	0.01066	0.01077	0.01184	0.00833	0.00814	0.01206	0.01125	0.01605	0.02031	0.07697	0.02010	0.11758	0.61337	0.01023	0.01658	0.00855	0.00397	0.00600
16	0.01022	0.00818	0.00993	0.06230	0.01367	0.03543	0.00785	0.03510	0.01480	0.01926	0.06924	0.56813	0.08122	0.01912	0.00853	0.00267	0.00482	0.01712	0.00620	0.00619
17	0.01602	0.01800	0.03883	0.06534	0.03603	0.01715	0.62206	0.02169	0.01611	0.02185	0.01423	0.01918	0.01082	0.00795	0.03926	0.00273	0.01194	0.00810	0.00352	0.00919
18	0.01697	0.01384	0.01712	0.07215	0.05384	0.01277	0.01105	0.11940	0.01724	0.05014	0.01345	0.01567	0.01070	0.00639	0.00679	0.00151	0.04992	0.00495	0.00454	0.50156
19	0.02609	0.03252	0.01984	0.01787	0.02158	0.68874	0.01347	0.06344	0.02048	0.01853	0.01111	0.01281	0.00914	0.00725	0.00633	0.00181	0.01232	0.00459	0.00378	0.00829
20	0.01545	0.01402	0.02048	0.20701	0.05716	0.04199	0.10736	0.07785	0.01650	0.02289	0.04249	0.05626	0.01538	0.00832	0.00780	0.00208	0.05144	0.02308	0.06784	0.14462
21	0.01198	0.00618	0.00871	0.00871	0.00885	0.00618	0.00576	0.00983	0.00969	0.01348	0.01411	0.02428	0.01406	0.10191	0.02622	0.64240	0.00589	0.00654	0.07178	0.00346
22	0.00869	0.00632	0.00860	0.03826	0.01161	0.00605	0.00698	0.01003	0.01338	0.01781	0.03744	0.72152	0.04471	0.02128	0.00883	0.00281	0.00425	0.01930	0.00635	0.00575
23	0.06069	0.02097	0.25859	0.01851	0.02463	0.01432	0.19108	0.03464	0.01483	0.02159	0.02079	0.04382	0.08785	0.04900	0.07658	0.00337	0.03844	0.00784	0.00390	0.00856
24	0.05545	0.06265	0.02055	0.03874	0.05805	0.09079	0.01289	0.36786	0.02551	0.14571	0.04173	0.01828	0.01393	0.00813	0.00671	0.00205	0.00772	0.00619	0.00628	0.01078
25	0.01212	0.00606	0.00909	0.00909	0.00909	0.00606	0.00606	0.00909	0.00909	0.01212	0.01212	0.02121	0.01212	0.02424	0.02727	0.79697	0.00606	0.00606	0.00303	0.00303
26	0.00862	0.00617	0.00820	0.00963	0.01015	0.00575	0.00649	0.01002	0.01392	0.01870	0.09704	0.68909	0.04788	0.02120	0.00885	0.00278	0.00398	0.01921	0.00658	0.00575
27	0.01437	0.01333	0.02176	0.58769	0.13849	0.01594	0.01913	0.04208	0.04187	0.01987	0.01328	0.01865	0.01011	0.00702	0.00697	0.00228	0.00896	0.00627	0.00344	0.00848
28	0.01318	0.01240	0.02093	0.73798	0.04806	0.01550	0.01938	0.01783	0.01395	0.01783	0.01240	0.01860	0.00930	0.00698	0.00698	0.00233	0.00930	0.00620	0.00310	0.00775
29	0.01400	0.03610	0.71860	0.01989	0.03020	0.01621	0.02578	0.02210	0.01473	0.02210	0.01252	0.01473	0.00884	0.00663	0.00663	0.00221	0.01031	0.00516	0.00295	0.01031
30	0.00846	0.00665	0.00751	0.00816	0.00959	0.00585	0.00571	0.00990	0.01455	0.01812	0.05496	0.33774	0.40415	0.06322	0.01013	0.00281	0.00393	0.01649	0.00635	0.00570
31	0.01647	0.01882	0.04118	0.02941	0.03647	0.01765	0.68588	0.02235	0.01647	0.02235	0.01412	0.01882	0.01059	0.00588	0.00824	0.00235	0.01176	0.00824	0.00353	0.00941
32	0.03056	0.01233	0.01639	0.01264	0.01799	0.01103	0.01042	0.06275	0.04687	0.65999	0.02709	0.02353	0.01719	0.00866	0.00702	0.00216	0.00600	0.00702	0.00850	0.01184
33	0.00860	0.00615	0.00818	0.00965	0.01014	0.00573	0.00649	0.00995	0.01380	0.01851	0.08415	0.70253	0.04750	0.02134	0.00886	0.00279	0.00400	0.01935	0.00656	0.00573
34	0.01127	0.00896	0.01053	0.01096	0.01322	0.00900	0.00890	0.01712	0.15011	0.02165	0.04686	0.10330	0.26468	0.01695	0.00862	0.00273	0.00512	0.27634	0.00658	0.00711
35	0.01647	0.01882	0.04118	0.02941	0.03647	0.01765	0.68588	0.02235	0.01647	0.02235	0.01412	0.01882	0.01059	0.00588	0.00824	0.00235	0.01176	0.00824	0.00353	0.00941
36	0.01375	0.03437	0.67638	0.01923	0.02903	0.01563	0.02464	0.02157	0.01503	0.02245	0.05390	0.01696	0.01223	0.00708	0.00673	0.00221	0.00990	0.00560	0.00323	0.01009
37	0.01417	0.03506	0.68185	0.02111	0.06646	0.01623	0.02555	0.02206	0.01479	0.02214	0.01256	0.01487	0.00896	0.00661	0.00664	0.00220	0.01021	0.00521	0.00297	0.01035
38	0.01866	0.75896	0.03657	0.01194	0.01791	0.02761	0.01194	0.02090	0.01418	0.01642	0.00970	0.01119	0.00896	0.00597	0.00448	0.00149	0.00746	0.00373	0.00299	0.00896
39	0.00988	0.00713	0.00933	0.00878	0.01043	0.00658	0.00658	0.01317	0.01975	0.02798	0.70754	0.05213	0.06584	0.01427	0.00823	0.00219	0.00329	0.01262	0.00768	0.00658
40	0.01789	0.64045	0.14838	0.01324	0.01993	0.02574	0.01421	0.02109	0.01427	0.01735	0.01016	0.01177	0.00894	0.00608	0.00483	0.00161	0.00793	0.00396	0.00298	0.00918
41	0.00838	0.00707	0.00725	0.00720	0.00950	0.00595	0.00540	0.01026	0.01621	0.01957	0.12107	0.06597	0.65757	0.01740	0.00825	0.00234	0.00352	0.01456	0.00658	0.00595
42	0.00877	0.00709	0.00780	0.00762	0.00975	0.00612	0.00572	0.01103	0.01715	0.02180	0.27646	0.06230	0.50078	0.01657	0.00824	0.00230	0.00346	0.01405	0.00687	0.00612
43	0.01187	0.00758	0.01017	0.01019	0.01196	0.00709	0.00796	0.01474	0.01785	0.08589	0.38096	0.17267	0.05233	0.01619	0.00856	0.00253	0.00437	0.16294	0.00728	0.00687
44	0.01511	0.01508	0.02180	0.01843	0.01880	0.02055	0.04954	0.01679	0.01096	0.01694	0.00997	0.01677	0.00994	0.04400	0.02269	0.00318	0.67235	0.00639	0.00313	0.00758
45	0.01527	0.01527	0.02137	0.01832	0.01832	0.02137	0.01527	0.01679	0.01069	0.01679	0.00916	0.01527	0.00916	0.01221	0.02290	0.00305	0.74198	0.00611	0.00305	0.00763
46	0.00896	0.00732	0.00789	0.00812	0.01005	0.00658	0.00589	0.01166	0.05592	0.01932	0.07796	0.20736	0.48496	0.04449	0.00930	0.00261	0.00387	0.01517	0.00647	0.00611
47	0.00997	0.00799	0.01039	0.01042	0.01133	0.00852	0.00767	0.01179	0.01477	0.02019	0.20605	0.33188	0.13721	0.04670	0.01196	0.00280	0.12333	0.01470	0.00614	0.00619
48	0.80405	0.01350	0.01026	0.00918	0.01350	0.01565	0.00756	0.02051	0.01188	0.03131	0.00972	0.01134	0.00756	0.00648	0.00432	0.00216	0.00540	0.00378	0.00432	0.00756
49	0.01001	0.00738	0.00940	0.00897	0.01067	0.00693	0.00670	0.01376	0.04652	0.02696	0.60767	0.09509	0.09412	0.01471	0.00823	0.00225	0.00344	0.01298	0.00753	0.00667
50	0.00939	0.00726	0.00868	0.00887	0.01079	0.00654	0.00695	0.01193	0.01712	0.02221	0.27038	0.08334	0.34586	0.01700	0.00854	0.00249	0.00405	0.14551	0.00686	0.00622
51	0.01828	0.40856	0.16194	0.01906	0.12829	0.09986	0.01628	0.02186	0.01507	0.01856	0.01087	0.01306	0.00927	0.00643	0.00594	0.00179	0.02781	0.00453	0.00312	0.00941
52	0.02713	0.01858	0.02034	0.01560	0.02116	0.02020	0.01288	0.60524	0.03119	0.12899	0.01812	0.01764	0.01255	0.00841	0.00699	0.00210	0.00746	0.00638	0.00719	0.01187
53	0.01176	0.00767	0.00915	0.00893	0.00974	0.00762	0.00580	0.05613	0.01356	0.04257	0.09836	0.17058	0.03164	0.42671	0.02439	0.04715	0.00589	0.01159	0.00528	0.00546
54	0.05127	0.00983	0.01352	0.18895	0.02119	0.01069	0.03122	0.07677	0.01543	0.02193	0.04225	0.22654	0.04307	0.04016	0.00963	0.05328	0.00614	0.02943	0.10180	0.00690

[dist]
# distance from previous block
# <min> <max>
12	16

[block]
# block no. 6 follows, 30 sequences, length 58
# corresponding to MSA columns:
# 242-299
name=unknown_G
#
# <colnr> <probs for GDERKNQSTAVLIFYWHMCP>
#	G	D	E	R	K	N	Q	S	T	A	V	L	I	F	Y	W	H	M	C	P
0	0.01968	0.01424	0.05390	0.03705	0.10114	0.03045	0.01239	0.02795	0.22923	0.22029	0.02581	0.13129	0.02122	0.01170	0.02883	0.00258	0.00668	0.00894	0.00649	0.01013
1	0.01690	0.01674	0.02334	0.07070	0.46137	0.10468	0.01764	0.02027	0.01610	0.02128	0.05352	0.02325	0.03498	0.03382	0.00863	0.02606	0.00830	0.02906	0.00389	0.00948
2	0.04451	0.01791	0.05670	0.16610	0.03769	0.01711	0.51151	0.02140	0.01576	0.02179	0.01358	0.01838	0.01017	0.00614	0.00780	0.00234	0.01101	0.00758	0.00346	0.00905
3	0.04569	0.07100	0.48012	0.09751	0.06626	0.01704	0.05907	0.04497	0.01530	0.02250	0.01251	0.01524	0.00916	0.00662	0.00657	0.00218	0.00973	0.00540	0.00322	0.00990
4	0.04807	0.05165	0.44591	0.05761	0.02993	0.05657	0.12901	0.02280	0.01541	0.05983	0.01330	0.01572	0.00957	0.00664	0.00675	0.00219	0.01010	0.00567	0.00345	0.00984
5	0.01009	0.00674	0.00763	0.00769	0.00770	0.00673	0.00431	0.01013	0.01027	0.01369	0.02259	0.07139	0.02613	0.72800	0.03455	0.00662	0.00667	0.01050	0.00431	0.00428
6	0.01711	0.01624	0.02755	0.14259	0.54193	0.01674	0.05637	0.05563	0.01652	0.02315	0.01326	0.01752	0.01081	0.00642	0.00699	0.00213	0.00859	0.00633	0.00359	0.01052
7	0.01941	0.01396	0.05418	0.04382	0.04431	0.01297	0.04656	0.10256	0.14075	0.20378	0.05150	0.03386	0.14561	0.01073	0.00746	0.00230	0.00634	0.04348	0.00665	0.00978
8	0.01577	0.01069	0.01293	0.01222	0.01484	0.01102	0.00961	0.14946	0.09027	0.09047	0.09918	0.25730	0.03492	0.01541	0.00825	0.00259	0.00550	0.14436	0.00695	0.00827
9	0.00940	0.00706	0.00870	0.00840	0.01016	0.00636	0.00626	0.01219	0.01845	0.02515	0.51227	0.09318	0.22575	0.01553	0.00827	0.00227	0.00339	0.01353	0.00732	0.00636
10	0.02155	0.01556	0.01771	0.05291	0.02018	0.01715	0.01189	0.39959	0.09983	0.07601	0.04782	0.05963	0.01792	0.03322	0.07336	0.00314	0.00804	0.00767	0.00652	0.01031
11	0.01661	0.31178	0.34523	0.01705	0.02486	0.04842	0.06191	0.02273	0.05363	0.02014	0.01237	0.01419	0.00971	0.00651	0.00592	0.00194	0.00913	0.00494	0.00326	0.00969
12	0.03131	0.01188	0.01619	0.01242	0.01781	0.01026	0.01026	0.03401	0.01997	0.71606	0.02753	0.02375	0.01727	0.00864	0.00702	0.00216	0.00594	0.00702	0.00864	0.01188
13	0.05629	0.01175	0.01560	0.01215	0.01727	0.01042	0.00998	0.03248	0.03719	0.63717	0.06417	0.02494	0.01970	0.00889	0.00699	0.00217	0.00576	0.00724	0.00840	0.01142
14	0.01372	0.01353	0.04276	0.50255	0.16477	0.01510	0.01887	0.01812	0.01444	0.01905	0.01595	0.02332	0.03662	0.00805	0.00756	0.00235	0.02766	0.04381	0.00347	0.00829
15	0.01439	0.01240	0.01489	0.05753	0.01858	0.00970	0.00899	0.01759	0.01444	0.02242	0.01240	0.01474	0.01027	0.00529	0.00529	0.00112	0.00544	0.00427	0.00407	0.74620
16	0.01015	0.00677	0.00761	0.00761	0.00761	0.00677	0.00423	0.01015	0.01015	0.01353	0.02199	0.04567	0.02537	0.75476	0.03552	0.00677	0.00677	0.01015	0.00423	0.00423
17	0.00861	0.00615	0.00819	0.00964	0.01014	0.00574	0.00649	0.00998	0.01385	0.01859	0.08977	0.69667	0.04766	0.02128	0.00886	0.00278	0.00399	0.01928	0.00657	0.00574
18	0.09380	0.01237	0.01423	0.04226	0.01769	0.01349	0.01085	0.06109	0.27730	0.11458	0.02788	0.07737	0.02450	0.01202	0.00753	0.00254	0.00597	0.16857	0.00666	0.00929
19	0.33122	0.01243	0.01362	0.01107	0.01587	0.01243	0.00910	0.02809	0.03659	0.40438	0.04517	0.02001	0.01536	0.00802	0.00601	0.00217	0.00562	0.00598	0.00688	0.00998
20	0.01318	0.01240	0.02093	0.73798	0.04806	0.01550	0.01938	0.01783	0.01395	0.01783	0.01240	0.01860	0.00930	0.00698	0.00698	0.00233	0.00930	0.00620	0.00310	0.00775
21	0.01828	0.01440	0.01555	0.01382	0.01780	0.01630	0.01080	0.03584	0.61132	0.08972	0.05579	0.02689	0.02275	0.00959	0.00714	0.00234	0.00547	0.00800	0.00726	0.01094
22	0.01858	0.60616	0.09901	0.01479	0.05861	0.06730	0.01387	0.02145	0.01466	0.01735	0.01022	0.01195	0.00907	0.00612	0.00492	0.00161	0.00808	0.00405	0.00304	0.00915
23	0.01314	0.01218	0.02051	0.71228	0.04669	0.01517	0.01891	0.01752	0.01378	0.01763	0.01239	0.01870	0.00940	0.00759	0.00769	0.03035	0.00919	0.00620	0.00310	0.00759
24	0.01015	0.00677	0.00761	0.00761	0.00761	0.00677	0.00423	0.01015	0.01015	0.01353	0.02199	0.04567	0.02537	0.75476	0.03552	0.00677	0.00677	0.01015	0.00423	0.00423
25	0.00989	0.00718	0.00935	0.00893	0.01060	0.00663	0.00678	0.01312	0.01942	0.02728	0.64939	0.05406	0.08797	0.01465	0.00830	0.00225	0.00346	0.04661	0.00757	0.00655
26	0.02135	0.22600	0.04454	0.01531	0.01944	0.39366	0.01265	0.04219	0.01737	0.01778	0.01286	0.05211	0.01175	0.01167	0.07031	0.00263	0.01109	0.00542	0.00367	0.00821
27	0.01400	0.03610	0.71860	0.01989	0.03020	0.01621	0.02578	0.02210	0.01473	0.02210	0.01252	0.01473	0.00884	0.00663	0.00663	0.00221	0.01031	0.00516	0.00295	0.01031
28	0.01030	0.00692	0.00906	0.00979	0.01104	0.00640	0.00715	0.01232	0.01560	0.05771	0.18178	0.42557	0.10719	0.01888	0.00869	0.00266	0.00422	0.09158	0.00684	0.00630
29	0.01429	0.03403	0.63754	0.02103	0.03095	0.01638	0.10477	0.02213	0.01494	0.02213	0.01271	0.01522	0.00905	0.00654	0.00682	0.00223	0.01049	0.00552	0.00302	0.01021
30	0.00872	0.00623	0.00835	0.00997	0.01047	0.00586	0.00686	0.01009	0.01357	0.01806	0.03834	0.69690	0.04568	0.02166	0.00896	0.00286	0.00424	0.07099	0.00647	0.00573
31	0.01015	0.00677	0.00761	0.00761	0.00761	0.00677	0.00423	0.01015	0.01015	0.01353	0.02199	0.04567	0.02537	0.75476	0.03552	0.00677	0.00677	0.01015	0.00423	0.00423
32	0.00858	0.00613	0.00816	0.00967	0.01014	0.00572	0.00648	0.00991	0.01371	0.01837	0.07509	0.71199	0.04723	0.02145	0.00887	0.00280	0.00401	0.01944	0.00654	0.00572
33	0.11489	0.01205	0.01555	0.01207	0.01735	0.01084	0.00996	0.03255	0.01910	0.64199	0.02560	0.02241	0.01622	0.00840	0.00673	0.00216	0.00588	0.00667	0.00817	0.01141
34	0.02701	0.01877	0.02046	0.01569	0.02125	0.02049	0.01296	0.62198	0.03151	0.11179	0.01784	0.01746	0.01241	0.00840	0.00698	0.00210	0.00750	0.00636	0.00715	0.01187
35	0.63022	0.01417	0.01201	0.01028	0.01474	0.01613	0.00845	0.12679	0.01554	0.05395	0.01182	0.01307	0.00889	0.00690	0.00484	0.00213	0.00570	0.00437	0.03166	0.00834
36	0.00902	0.00641	0.00851	0.01001	0.01056	0.00609	0.00700	0.01043	0.01351	0.01794	0.03702	0.60135	0.04375	0.07588	0.01099	0.00318	0.00459	0.11179	0.00630	0.00567
37	0.02400	0.02921	0.01871	0.01700	0.02062	0.57708	0.01282	0.02910	0.14492	0.01936	0.01560	0.01649	0.02948	0.00788	0.00649	0.00192	0.01105	0.00539	0.00432	0.00858
38	0.00869	0.00705	0.00775	0.00795	0.00998	0.00611	0.00600	0.01071	0.01618	0.02008	0.14805	0.13022	0.51559	0.01774	0.00841	0.00244	0.00376	0.06068	0.00663	0.00600
39	0.01493	0.16584	0.56917	0.01883	0.02823	0.01832	0.04899	0.02189	0.01470	0.02108	0.01208	0.01425	0.00893	0.00648	0.00630	0.00209	0.00986	0.00502	0.00298	0.01003
40	0.03131	0.01188	0.01619	0.01242	0.01781	0.01026	0.01026	0.03401	0.01997	0.71606	0.02753	0.02375	0.01727	0.00864	0.00702	0.00216	0.00594	0.00702	0.00864	0.01188
41	0.01001	0.00733	0.01046	0.01046	0.01145	0.00831	0.00779	0.01198	0.01099	0.01564	0.01938	0.03122	0.01910	0.19884	0.58286	0.01029	0.01620	0.00803	0.00384	0.00581
42	0.01866	0.75896	0.03657	0.01194	0.01791	0.02761	0.01194	0.02090	0.01418	0.01642	0.00970	0.01119	0.00896	0.00597	0.00448	0.00149	0.00746	0.00373	0.00299	0.00896
43	0.06814	0.05637	0.10828	0.09298	0.11006	0.01474	0.01482	0.09424	0.01870	0.32363	0.01918	0.01917	0.01305	0.00761	0.00666	0.00213	0.00737	0.00616	0.00597	0.01074
44	0.01085	0.00739	0.00938	0.00873	0.01069	0.00669	0.00660	0.01388	0.01919	0.06565	0.57376	0.05276	0.15915	0.01446	0.00816	0.00222	0.00348	0.01262	0.00756	0.00678
45	0.01029	0.00737	0.01071	0.01071	0.01200	0.00849	0.00831	0.01287	0.01158	0.01725	0.01913	0.02726	0.01749	0.04760	0.64975	0.01019	0.01704	0.00737	0.08832	0.00626
46	0.01110	0.00910	0.01292	0.05654	0.12633	0.00887	0.01079	0.01397	0.01597	0.02091	0.11126	0.13242	0.21069	0.01581	0.00846	0.00261	0.00555	0.21375	0.00591	0.00704
47	0.01636	0.01825	0.03880	0.07089	0.10135	0.01742	0.58483	0.02201	0.01627	0.02214	0.01393	0.01866	0.01056	0.00598	0.00804	0.00232	0.01129	0.00793	0.00350	0.00947
48	0.04613	0.01355	0.02202	0.39322	0.03494	0.01684	0.08514	0.01762	0.01294	0.01823	0.01155	0.01755	0.00948	0.00929	0.01261	0.04761	0.21425	0.00628	0.00318	0.00761
49	0.00850	0.00607	0.00810	0.00972	0.01012	0.00567	0.00648	0.00972	0.01336	0.01781	0.03846	0.75020	0.04615	0.02186	0.00891	0.00283	0.00405	0.01984	0.00648	0.00567
50	0.70121	0.03990	0.04023	0.00989	0.01457	0.01578	0.00860	0.02136	0.01253	0.06927	0.01084	0.01217	0.00821	0.00659	0.00457	0.00214	0.00570	0.00402	0.00446	0.00796
51	0.04409	0.00638	0.00900	0.00904	0.00929	0.00644	0.00610	0.00983	0.00962	0.01368	0.01379	0.05992	0.01395	0.02285	0.02460	0.69530	0.00583	0.00672	0.03010	0.00347
52	0.02248	0.02378	0.02321	0.02722	0.29045	0.30336	0.01647	0.14407	0.03963	0.02448	0.01326	0.01554	0.01066	0.00709	0.00668	0.00197	0.00983	0.00558	0.00425	0.01001
53	0.01819	0.05690	0.05303	0.04074	0.05728	0.14446	0.01150	0.08185	0.11251	0.08396	0.02906	0.03080	0.15994	0.07800	0.00959	0.00255	0.00739	0.00816	0.00540	0.00868
54	0.01585	0.03557	0.01618	0.10554	0.02076	0.01151	0.01022	0.06169	0.03192	0.06019	0.01521	0.05610	0.01285	0.00683	0.00585	0.00147	0.00593	0.00563	0.00459	0.51612
55	0.26300	0.02017	0.23714	0.15626	0.06676	0.01519	0.01654	0.02041	0.03797	0.02426	0.01592	0.01948	0.04638	0.00765	0.00617	0.00225	0.00782	0.02406	0.00387	0.00868
56	0.03370	0.01390	0.13963	0.01287	0.04988	0.00976	0.01133	0.03630	0.01753	0.06327	0.25402	0.04387	0.18903	0.01260	0.00766	0.00225	0.00549	0.05619	0.00607	0.03464
57	0.04356	0.05387	0.01413	0.01218	0.01525	0.11523	0.00956	0.02314	0.23937	0.02343	0.10710	0.07590	0.15205	0.01246	0.00741	0.00232	0.00604	0.07265	0.00613	0.00823

[dist]
# distance from previous block
# <min> <max>
3	13

[block]
# block no. 7 follows, 30 sequences, length 6
# corresponding to MSA columns:
# 313-318
name=unknown_H
#
# <colnr> <probs for GDERKNQSTAVLIFYWHMCP>
#	G	D	E	R	K	N	Q	S	T	A	V	L	I	F	Y	W	H	M	C	P
0	0.14586	0.11800	0.20547	0.09312	0.02535	0.15584	0.05583	0.02199	0.01518	0.02151	0.01144	0.01394	0.00895	0.00650	0.00592	0.00195	0.00914	0.00483	0.00345	0.07570
1	0.01446	0.05023	0.09460	0.11468	0.02334	0.07051	0.08225	0.01793	0.01479	0.02027	0.11726	0.08589	0.02132	0.01054	0.01110	0.00241	0.18985	0.00819	0.04257	0.00783
2	0.05418	0.01530	0.03820	0.21173	0.08669	0.05041	0.01465	0.07154	0.15877	0.07255	0.07617	0.02210	0.01741	0.00869	0.00829	0.00230	0.06972	0.00693	0.00509	0.00928
3	0.06536	0.01699	0.09305	0.01491	0.02064	0.01485	0.06921	0.10230	0.16745	0.09426	0.01778	0.01842	0.01325	0.00737	0.00698	0.00194	0.03312	0.00600	0.00535	0.23077
4	0.01391	0.00853	0.01157	0.09783	0.01620	0.00815	0.00864	0.01681	0.01782	0.15321	0.33094	0.12601	0.13540	0.01368	0.00793	0.00230	0.00464	0.01192	0.00700	0.00752
5	0.01285	0.00889	0.01135	0.08704	0.01569	0.00872	0.00844	0.01730	0.07762	0.10048	0.34890	0.04670	0.20227	0.01325	0.00787	0.00226	0.00448	0.01140	0.00696	0.00752

[dist]
# distance from previous block
# <min> <max>
0	1

[block]
# block no. 8 follows, 30 sequences, length 11
# corresponding to MSA columns:
# 320-330
name=unknown_I
#
# <colnr> <probs for GDERKNQSTAVLIFYWHMCP>
#	G	D	E	R	K	N	Q	S	T	A	V	L	I	F	Y	W	H	M	C	P
0	0.01549	0.01339	0.01688	0.01214	0.01836	0.01080	0.05792	0.06636	0.01594	0.02425	0.01284	0.01495	0.01046	0.00545	0.00552	0.00121	0.00583	0.00459	0.00430	0.68333
1	0.01294	0.01028	0.01249	0.01180	0.01347	0.04348	0.00900	0.10127	0.01445	0.01969	0.01970	0.08169	0.01923	0.12816	0.43960	0.00817	0.03497	0.00841	0.00440	0.00680
2	0.00860	0.00615	0.00818	0.00965	0.01014	0.00573	0.00649	0.00996	0.01381	0.01853	0.08587	0.70074	0.04755	0.02132	0.00886	0.00279	0.00399	0.01933	0.00656	0.00573
3	0.01286	0.00989	0.01303	0.01201	0.01343	0.01159	0.00923	0.10273	0.01382	0.01945	0.01793	0.02815	0.01727	0.18111	0.40840	0.00813	0.10235	0.00768	0.00419	0.00676
4	0.00883	0.00679	0.00773	0.00803	0.00946	0.00607	0.00561	0.01042	0.01498	0.01912	0.14788	0.22531	0.35239	0.13064	0.01256	0.00312	0.00412	0.01495	0.00631	0.00568
5	0.01292	0.00895	0.00995	0.00918	0.01017	0.00930	0.00590	0.12795	0.01424	0.01902	0.02185	0.07364	0.02400	0.59068	0.02931	0.00577	0.00680	0.00993	0.00481	0.00562
6	0.01784	0.52791	0.14439	0.01366	0.01980	0.07979	0.01408	0.02102	0.01449	0.01738	0.01091	0.01309	0.00957	0.00962	0.05865	0.00236	0.00917	0.00430	0.00308	0.00891
7	0.05383	0.25462	0.37583	0.01571	0.02333	0.03700	0.01824	0.02115	0.01484	0.03561	0.04563	0.01679	0.02686	0.00816	0.02318	0.00219	0.00889	0.00528	0.00348	0.00937
8	0.05389	0.48799	0.11162	0.01244	0.01809	0.02228	0.01253	0.05459	0.01539	0.02012	0.07462	0.01761	0.01514	0.04974	0.00697	0.00201	0.00730	0.00521	0.00375	0.00872
9	0.02093	0.14239	0.07364	0.01397	0.01956	0.01907	0.01246	0.33790	0.07260	0.03248	0.01613	0.01692	0.01220	0.00752	0.00614	0.00185	0.00698	0.00565	0.07778	0.10382
10	0.01735	0.52165	0.02854	0.01150	0.01618	0.04205	0.01058	0.05714	0.01539	0.01898	0.04594	0.07188	0.01598	0.05143	0.00701	0.00198	0.00691	0.00604	0.04513	0.00834

[dist]
# distance from previous block
# <min> <max>
0	4

# created by:
# /st0/software/busco_prod/Augustus/scripts/msa2prfl.pl ./align_prep/124676.fa
