[name]
unknown

[dist]
# distance from previous block
# <min> <max>
0	23

[block]
# block no. 0 follows, 27 sequences, length 11
# corresponding to MSA columns:
# 23-33
name=unknown_A
#
# <colnr> <probs for GDERKNQSTAVLIFYWHMCP>
#	G	D	E	R	K	N	Q	S	T	A	V	L	I	F	Y	W	H	M	C	P
0	0.01196	0.00854	0.01196	0.01367	0.01538	0.00854	0.01196	0.01538	0.01709	0.02222	0.03931	0.08374	0.04272	0.02051	0.01025	0.00342	0.00684	0.64283	0.00684	0.00684
1	0.01305	0.00736	0.01137	0.10557	0.01526	0.00780	0.00836	0.01092	0.01037	0.01371	0.01294	0.02219	0.01249	0.02331	0.02610	0.67868	0.00691	0.00647	0.00323	0.00390
2	0.01847	0.01501	0.01704	0.01245	0.01889	0.01304	0.01007	0.17419	0.02007	0.02960	0.01430	0.01598	0.01139	0.00632	0.00596	0.00137	0.00614	0.00495	0.00512	0.59965
3	0.01144	0.00850	0.00983	0.01010	0.01148	0.00838	0.00696	0.06514	0.05148	0.02105	0.04122	0.35809	0.16375	0.17931	0.01535	0.00375	0.00524	0.01592	0.00644	0.00658
4	0.01373	0.01094	0.01172	0.01133	0.01287	0.08248	0.00863	0.01630	0.01388	0.02036	0.01998	0.02767	0.01784	0.08172	0.33400	0.00693	0.05441	0.00742	0.24094	0.00686
5	0.00993	0.00707	0.00884	0.00930	0.01017	0.00665	0.00626	0.01165	0.01571	0.02137	0.24674	0.30827	0.08769	0.19716	0.01619	0.00380	0.00473	0.01578	0.00671	0.00598
6	0.00925	0.00667	0.00843	0.00974	0.01033	0.00621	0.00644	0.01043	0.01404	0.01845	0.04214	0.57246	0.11319	0.11926	0.01322	0.00353	0.00464	0.01915	0.00657	0.00585
7	0.01067	0.00758	0.00937	0.00995	0.01088	0.00733	0.00691	0.03314	0.01529	0.02042	0.12439	0.31222	0.08351	0.22751	0.01751	0.00411	0.00539	0.08137	0.00639	0.00604
8	0.02785	0.03199	0.02133	0.01865	0.02297	0.54970	0.01429	0.17811	0.02426	0.02482	0.01295	0.01442	0.01027	0.00794	0.00686	0.00199	0.01217	0.00522	0.00466	0.00954
9	0.01913	0.01907	0.02940	0.04343	0.63874	0.07345	0.02210	0.02334	0.01724	0.02376	0.01376	0.01797	0.01158	0.00670	0.00730	0.00218	0.00919	0.00647	0.00369	0.01150
10	0.00953	0.00752	0.00882	0.04688	0.01221	0.00694	0.00668	0.01125	0.01549	0.01949	0.09382	0.23068	0.35670	0.12462	0.01313	0.00331	0.00472	0.01569	0.00643	0.00610

[dist]
# distance from previous block
# <min> <max>
15	29

[block]
# block no. 1 follows, 27 sequences, length 7
# corresponding to MSA columns:
# 63-69
name=unknown_B
#
# <colnr> <probs for GDERKNQSTAVLIFYWHMCP>
#	G	D	E	R	K	N	Q	S	T	A	V	L	I	F	Y	W	H	M	C	P
0	0.01912	0.06334	0.01728	0.01319	0.01698	0.01568	0.01032	0.30404	0.02338	0.03149	0.05283	0.18224	0.02494	0.11338	0.01182	0.00296	0.00673	0.01039	0.00640	0.07351
1	0.01806	0.06230	0.01739	0.08858	0.02026	0.01463	0.01131	0.21858	0.02248	0.06331	0.15194	0.18374	0.03149	0.01280	0.00786	0.00235	0.00635	0.01091	0.00665	0.04900
2	0.11713	0.06027	0.01884	0.08505	0.05114	0.06600	0.01252	0.17905	0.12170	0.03005	0.01962	0.09492	0.01687	0.00964	0.00689	0.00224	0.00732	0.00770	0.03082	0.06224
3	0.05850	0.11845	0.02210	0.08034	0.06993	0.28097	0.01390	0.07027	0.08975	0.02388	0.08645	0.02037	0.01774	0.00850	0.00681	0.00209	0.00946	0.00637	0.00483	0.00933
4	0.21551	0.08123	0.09040	0.13514	0.05293	0.04181	0.01349	0.06387	0.01668	0.02567	0.04543	0.02736	0.14356	0.00968	0.00669	0.00229	0.00734	0.00749	0.00477	0.00864
5	0.01760	0.08175	0.09569	0.07502	0.24145	0.13359	0.01752	0.02120	0.01651	0.02091	0.01992	0.09685	0.06134	0.00993	0.00849	0.00232	0.05823	0.00812	0.00411	0.00947
6	0.11594	0.04104	0.01528	0.01237	0.01516	0.01408	0.03816	0.11599	0.01706	0.02717	0.04745	0.02526	0.01781	0.08021	0.10688	0.00397	0.08482	0.00720	0.20609	0.00805

[dist]
# distance from previous block
# <min> <max>
0	8

[block]
# block no. 2 follows, 27 sequences, length 30
# corresponding to MSA columns:
# 78-107
name=unknown_C
#
# <colnr> <probs for GDERKNQSTAVLIFYWHMCP>
#	G	D	E	R	K	N	Q	S	T	A	V	L	I	F	Y	W	H	M	C	P
0	0.01659	0.01464	0.02032	0.04948	0.02050	0.01831	0.04358	0.13003	0.01625	0.02319	0.01606	0.07680	0.01522	0.02101	0.15477	0.00471	0.33748	0.00809	0.00444	0.00853
1	0.01158	0.00876	0.01150	0.03418	0.01211	0.00945	0.03225	0.01226	0.01153	0.01564	0.02275	0.09884	0.02584	0.55398	0.03197	0.00611	0.08045	0.01097	0.00450	0.00533
2	0.01099	0.00835	0.01009	0.00960	0.01195	0.00762	0.00743	0.01476	0.04477	0.02626	0.38083	0.05744	0.20886	0.01551	0.00852	0.00239	0.00413	0.07706	0.03366	0.05975
3	0.01619	0.18270	0.49600	0.02045	0.03010	0.01991	0.08994	0.02327	0.01574	0.02228	0.01287	0.01534	0.00962	0.00683	0.00675	0.00221	0.01050	0.00551	0.00321	0.01057
4	0.01051	0.00759	0.00992	0.00934	0.01109	0.00700	0.00700	0.01401	0.02101	0.02977	0.68888	0.05545	0.07005	0.01518	0.00876	0.00233	0.00350	0.01343	0.00817	0.00700
5	0.01539	0.01319	0.01539	0.01100	0.01759	0.00990	0.00880	0.01869	0.01539	0.02419	0.01319	0.01539	0.01100	0.00550	0.00550	0.00110	0.00550	0.00440	0.00440	0.78449
6	0.01624	0.01624	0.02274	0.01949	0.01949	0.02274	0.01624	0.01787	0.01137	0.01787	0.00975	0.01624	0.00975	0.01299	0.02436	0.00325	0.72552	0.00650	0.00325	0.00812
7	0.00946	0.00758	0.00847	0.00836	0.01059	0.00660	0.00634	0.01192	0.01823	0.02324	0.26947	0.06686	0.46508	0.01772	0.00883	0.00249	0.00381	0.04112	0.00730	0.00653
8	0.02502	0.02970	0.02213	0.02115	0.07533	0.49072	0.01533	0.06814	0.01992	0.02044	0.01178	0.01456	0.00997	0.00858	0.00987	0.00219	0.13685	0.00535	0.00394	0.00903
9	0.01752	0.02003	0.04380	0.03129	0.03880	0.01877	0.66583	0.02378	0.01752	0.02378	0.01502	0.02003	0.01126	0.00626	0.00876	0.00250	0.01252	0.00876	0.00375	0.01001
10	0.00938	0.00711	0.00981	0.01073	0.01171	0.00655	0.03050	0.01100	0.01491	0.01967	0.06908	0.60628	0.12188	0.02182	0.00934	0.00291	0.00451	0.01974	0.00683	0.00624
11	0.01940	0.05964	0.02014	0.08093	0.02132	0.05077	0.04235	0.07760	0.01648	0.13880	0.01775	0.02402	0.01503	0.10828	0.11802	0.00449	0.16389	0.00731	0.00497	0.00884
12	0.02487	0.01984	0.02159	0.01718	0.02253	0.05266	0.04314	0.44645	0.17156	0.03980	0.02016	0.02033	0.01484	0.01094	0.03685	0.00269	0.00860	0.00711	0.00698	0.01188
13	0.01289	0.00645	0.00967	0.00967	0.00967	0.00645	0.00645	0.00967	0.00967	0.01289	0.01289	0.02257	0.01289	0.02579	0.02901	0.78401	0.00645	0.00645	0.00322	0.00322
14	0.01985	0.74357	0.03890	0.01270	0.01905	0.02937	0.01270	0.02223	0.01508	0.01747	0.01032	0.01191	0.00953	0.00635	0.00476	0.00159	0.00794	0.00397	0.00318	0.00953
15	0.01384	0.00692	0.00692	0.00692	0.00865	0.00692	0.00519	0.01730	0.01557	0.02768	0.02422	0.02768	0.01903	0.00865	0.00519	0.00173	0.00346	0.00692	0.78031	0.00692
16	0.79154	0.01436	0.01091	0.00976	0.01436	0.01665	0.00804	0.02182	0.01263	0.03331	0.01034	0.01206	0.00804	0.00689	0.00459	0.00230	0.00574	0.00402	0.00459	0.00804
17	0.00904	0.00646	0.00861	0.01034	0.01077	0.00603	0.00689	0.01034	0.01421	0.01895	0.04092	0.73426	0.04910	0.02326	0.00948	0.00301	0.00431	0.02110	0.00689	0.00603
18	0.03298	0.01399	0.01745	0.01356	0.01919	0.05250	0.01112	0.03579	0.02124	0.65745	0.02823	0.02456	0.01785	0.00910	0.00742	0.00227	0.00674	0.00731	0.00887	0.01239
19	0.01384	0.00692	0.00692	0.00692	0.00865	0.00692	0.00519	0.01730	0.01557	0.02768	0.02422	0.02768	0.01903	0.00865	0.00519	0.00173	0.00346	0.00692	0.78031	0.00692
20	0.01034	0.00752	0.00973	0.00932	0.01102	0.00691	0.00693	0.01363	0.02040	0.02865	0.62007	0.09832	0.09762	0.01585	0.00880	0.00239	0.00356	0.01401	0.00803	0.00691
21	0.00914	0.00653	0.00870	0.01027	0.01079	0.00609	0.00690	0.01056	0.01464	0.01962	0.08113	0.69213	0.05040	0.02276	0.00943	0.00297	0.00426	0.02063	0.00697	0.00609
22	0.01196	0.00854	0.01196	0.01367	0.01538	0.00854	0.01196	0.01538	0.01709	0.02222	0.03931	0.08374	0.04272	0.02051	0.01025	0.00342	0.00684	0.64283	0.00684	0.00684
23	0.01361	0.00829	0.01081	0.00978	0.01213	0.00751	0.00747	0.01693	0.02080	0.12314	0.55959	0.05216	0.09969	0.01455	0.00858	0.00234	0.00391	0.01272	0.00824	0.00775
24	0.00921	0.00653	0.00857	0.01012	0.01051	0.00614	0.00666	0.01038	0.01389	0.01852	0.03926	0.66936	0.04701	0.09101	0.01215	0.00341	0.00458	0.02013	0.00666	0.00588
25	0.01726	0.01720	0.02441	0.43132	0.16617	0.09335	0.04927	0.04893	0.03975	0.02168	0.01401	0.01902	0.01083	0.00740	0.00739	0.00235	0.00999	0.00657	0.00377	0.00933
26	0.02035	0.01435	0.01599	0.01410	0.01811	0.01574	0.01092	0.06637	0.44105	0.14620	0.02993	0.08564	0.02381	0.05130	0.00936	0.00276	0.00601	0.00932	0.00761	0.01108
27	0.01193	0.00903	0.01032	0.01009	0.01217	0.00869	0.00740	0.10366	0.01884	0.02454	0.13709	0.28521	0.26515	0.04848	0.01003	0.00281	0.00467	0.01573	0.00704	0.00711
28	0.75263	0.01430	0.01148	0.04537	0.01620	0.01665	0.00867	0.02168	0.01274	0.03259	0.01048	0.01245	0.00813	0.00692	0.00474	0.00231	0.00595	0.00415	0.00453	0.00805
29	0.00971	0.04181	0.00945	0.00829	0.01065	0.00755	0.00630	0.01170	0.01681	0.02064	0.13050	0.08817	0.51089	0.06095	0.01039	0.00277	0.00426	0.03607	0.00671	0.00640

[dist]
# distance from previous block
# <min> <max>
0	1

[block]
# block no. 3 follows, 27 sequences, length 14
# corresponding to MSA columns:
# 109-122
name=unknown_D
#
# <colnr> <probs for GDERKNQSTAVLIFYWHMCP>
#	G	D	E	R	K	N	Q	S	T	A	V	L	I	F	Y	W	H	M	C	P
0	0.09241	0.19514	0.02433	0.01619	0.02086	0.29303	0.01328	0.13167	0.06599	0.02490	0.01334	0.01478	0.01083	0.00793	0.00714	0.00203	0.04679	0.00517	0.00456	0.00962
1	0.07767	0.00767	0.00790	0.00781	0.00964	0.00802	0.00587	0.01686	0.01465	0.02623	0.02252	0.02764	0.01847	0.05172	0.08982	0.00326	0.00578	0.00700	0.58463	0.00685
2	0.02320	0.25210	0.02594	0.01580	0.02089	0.20939	0.01319	0.14700	0.17296	0.02617	0.01658	0.01702	0.01312	0.00803	0.00642	0.00201	0.00898	0.00570	0.00514	0.01036
3	0.00946	0.00748	0.00844	0.00900	0.01086	0.00665	0.00677	0.01135	0.01607	0.01982	0.06023	0.18324	0.43471	0.06941	0.01112	0.00306	0.00457	0.11484	0.00672	0.00619
4	0.01664	0.02523	0.23834	0.02737	0.03534	0.01862	0.42599	0.02325	0.01650	0.02325	0.01411	0.01844	0.01059	0.00701	0.00943	0.00251	0.06608	0.00761	0.00353	0.01016
5	0.08007	0.16660	0.18586	0.01599	0.02263	0.06417	0.04464	0.06144	0.04894	0.16262	0.06325	0.02007	0.01622	0.00814	0.00671	0.00216	0.00835	0.00632	0.00535	0.01045
6	0.00904	0.00646	0.00861	0.01034	0.01077	0.00603	0.00689	0.01034	0.01421	0.01895	0.04092	0.73426	0.04910	0.02326	0.00948	0.00301	0.00431	0.02110	0.00689	0.00603
7	0.02536	0.08086	0.22739	0.01558	0.02280	0.01501	0.01606	0.07382	0.01973	0.36129	0.02184	0.02084	0.01455	0.00826	0.00701	0.00222	0.00787	0.00650	0.04141	0.01161
8	0.01649	0.22249	0.46996	0.01843	0.02763	0.02054	0.02226	0.02448	0.07005	0.02254	0.01392	0.01567	0.01053	0.00712	0.00649	0.00216	0.00975	0.00532	0.00351	0.01065
9	0.00948	0.00721	0.00979	0.01055	0.01153	0.00666	0.03226	0.01095	0.01446	0.01893	0.04351	0.55176	0.14035	0.08119	0.01169	0.00327	0.00479	0.01897	0.00657	0.00609
10	0.01384	0.00692	0.00692	0.00692	0.00865	0.00692	0.00519	0.01730	0.01557	0.02768	0.02422	0.02768	0.01903	0.00865	0.00519	0.00173	0.00346	0.00692	0.78031	0.00692
11	0.06134	0.06752	0.01441	0.01072	0.01429	0.01423	0.00873	0.22329	0.02147	0.03324	0.02039	0.02252	0.01569	0.00846	0.00583	0.00191	0.00541	0.00646	0.43512	0.00898
12	0.01846	0.01555	0.01655	0.01487	0.01890	0.01780	0.01154	0.08687	0.57365	0.03131	0.03011	0.08497	0.02404	0.01106	0.00770	0.00254	0.00593	0.00930	0.00749	0.01135
13	0.01961	0.01949	0.01821	0.10801	0.02407	0.16843	0.01348	0.03353	0.41861	0.02626	0.02433	0.02613	0.01906	0.00968	0.00747	0.00242	0.00808	0.03660	0.00615	0.01038

[dist]
# distance from previous block
# <min> <max>
0	14

[block]
# block no. 4 follows, 27 sequences, length 38
# corresponding to MSA columns:
# 137-174
name=unknown_E
#
# <colnr> <probs for GDERKNQSTAVLIFYWHMCP>
#	G	D	E	R	K	N	Q	S	T	A	V	L	I	F	Y	W	H	M	C	P
0	0.02822	0.02079	0.02228	0.01708	0.02302	0.02302	0.01411	0.66804	0.03490	0.04679	0.01782	0.01782	0.01262	0.00891	0.00743	0.00223	0.00817	0.00668	0.00743	0.01262
1	0.00877	0.00752	0.00752	0.00752	0.01003	0.00627	0.00564	0.01065	0.01692	0.02005	0.07520	0.07144	0.68978	0.01880	0.00877	0.00251	0.00376	0.01567	0.00689	0.00627
2	0.01289	0.00645	0.00967	0.00967	0.00967	0.00645	0.00645	0.00967	0.00967	0.01289	0.01289	0.02257	0.01289	0.02579	0.02901	0.78401	0.00645	0.00645	0.00322	0.00322
3	0.01846	0.01595	0.01679	0.01511	0.01930	0.01846	0.01175	0.03945	0.67938	0.03105	0.03022	0.02770	0.02266	0.01007	0.00755	0.00252	0.00588	0.00839	0.00755	0.01175
4	0.01037	0.00758	0.00974	0.00920	0.01101	0.00695	0.00690	0.01375	0.02070	0.02903	0.64197	0.05668	0.11742	0.01545	0.00876	0.00235	0.00352	0.01360	0.00807	0.00695
5	0.01985	0.74357	0.03890	0.01270	0.01905	0.02937	0.01270	0.02223	0.01508	0.01747	0.01032	0.01191	0.00953	0.00635	0.00476	0.00159	0.00794	0.00397	0.00318	0.00953
6	0.00904	0.00646	0.00861	0.01034	0.01077	0.00603	0.00689	0.01034	0.01421	0.01895	0.04092	0.73426	0.04910	0.02326	0.00948	0.00301	0.00431	0.02110	0.00689	0.00603
7	0.03331	0.01263	0.01723	0.01321	0.01895	0.01091	0.01091	0.03618	0.02125	0.69794	0.02929	0.02527	0.01838	0.00919	0.00747	0.00230	0.00632	0.00747	0.00919	0.01263
8	0.01062	0.00790	0.01164	0.01164	0.01286	0.00912	0.00891	0.01307	0.01184	0.01702	0.02015	0.03065	0.01920	0.10792	0.65832	0.01157	0.01891	0.00817	0.00402	0.00647
9	0.00904	0.00646	0.00861	0.01034	0.01077	0.00603	0.00689	0.01034	0.01421	0.01895	0.04092	0.73426	0.04910	0.02326	0.00948	0.00301	0.00431	0.02110	0.00689	0.00603
10	0.00904	0.00646	0.00861	0.01034	0.01077	0.00603	0.00689	0.01034	0.01421	0.01895	0.04092	0.73426	0.04910	0.02326	0.00948	0.00301	0.00431	0.02110	0.00689	0.00603
11	0.01690	0.01865	0.03900	0.05557	0.07805	0.01812	0.52845	0.02246	0.01686	0.02303	0.01606	0.06003	0.01330	0.00765	0.00952	0.00255	0.05107	0.00912	0.00388	0.00973
12	0.01774	0.01673	0.02800	0.20159	0.51763	0.01758	0.02194	0.04690	0.01712	0.02390	0.01393	0.01868	0.01136	0.00689	0.00737	0.00227	0.00904	0.00661	0.00373	0.01098
13	0.01071	0.00716	0.00812	0.00820	0.00822	0.00714	0.00461	0.01077	0.01095	0.01460	0.02420	0.08023	0.02801	0.70606	0.03648	0.00700	0.00706	0.01127	0.00461	0.00457
14	0.02578	0.01780	0.01888	0.01479	0.02001	0.04245	0.01207	0.43777	0.02879	0.11268	0.01960	0.01989	0.01406	0.00866	0.00694	0.00208	0.00726	0.00661	0.12870	0.05517
15	0.01031	0.00758	0.00965	0.00913	0.01097	0.00692	0.00685	0.01363	0.02055	0.02866	0.61909	0.05727	0.14052	0.01559	0.00876	0.00235	0.00353	0.01368	0.00803	0.00692
16	0.04854	0.02133	0.12840	0.14034	0.05097	0.04575	0.04079	0.27329	0.06575	0.05758	0.04279	0.01991	0.01436	0.00840	0.00735	0.00231	0.00881	0.00679	0.00564	0.01089
17	0.01080	0.00720	0.00810	0.00810	0.00810	0.00720	0.00450	0.01080	0.01080	0.01439	0.02339	0.04858	0.02699	0.73910	0.03779	0.00720	0.00720	0.01080	0.00450	0.00450
18	0.02700	0.02000	0.02142	0.01662	0.02224	0.02215	0.01361	0.60779	0.06954	0.04466	0.01872	0.01956	0.01374	0.03737	0.00861	0.00244	0.00800	0.00694	0.00732	0.01226
19	0.01062	0.00791	0.01171	0.01171	0.01297	0.00916	0.00901	0.01312	0.01187	0.01707	0.02008	0.03026	0.01904	0.09426	0.67175	0.01166	0.01917	0.00811	0.00401	0.00651
20	0.01103	0.00734	0.00886	0.00886	0.00932	0.00765	0.00565	0.01194	0.01148	0.01624	0.02267	0.04227	0.02435	0.51761	0.18792	0.00778	0.00975	0.00980	0.07426	0.00520
21	0.01846	0.01595	0.01679	0.01511	0.01930	0.01846	0.01175	0.03945	0.67938	0.03105	0.03022	0.02770	0.02266	0.01007	0.00755	0.00252	0.00588	0.00839	0.00755	0.01175
22	0.01017	0.00758	0.00946	0.00899	0.01089	0.00686	0.00674	0.01336	0.02023	0.02790	0.57101	0.05852	0.18907	0.01587	0.00876	0.00237	0.00355	0.01386	0.00793	0.00686
23	0.01846	0.01595	0.01679	0.01511	0.01930	0.01846	0.01175	0.03945	0.67938	0.03105	0.03022	0.02770	0.02266	0.01007	0.00755	0.00252	0.00588	0.00839	0.00755	0.01175
24	0.00993	0.00690	0.00841	0.00914	0.00952	0.00664	0.00574	0.01077	0.01311	0.01749	0.07063	0.35336	0.06354	0.35488	0.02255	0.00490	0.00558	0.01569	0.00585	0.00538
25	0.79154	0.01436	0.01091	0.00976	0.01436	0.01665	0.00804	0.02182	0.01263	0.03331	0.01034	0.01206	0.00804	0.00689	0.00459	0.00230	0.00574	0.00402	0.00459	0.00804
26	0.07272	0.01219	0.01610	0.01261	0.01786	0.01081	0.01034	0.03302	0.02075	0.58996	0.09862	0.02776	0.02332	0.00970	0.00744	0.00230	0.00598	0.00791	0.00883	0.01178
27	0.02741	0.06418	0.02176	0.01886	0.02279	0.68165	0.01428	0.02934	0.02080	0.01814	0.01143	0.01333	0.00956	0.00760	0.00662	0.00190	0.01317	0.00475	0.00380	0.00864
28	0.01539	0.01319	0.01539	0.01100	0.01759	0.00990	0.00880	0.01869	0.01539	0.02419	0.01319	0.01539	0.01100	0.00550	0.00550	0.00110	0.00550	0.00440	0.00440	0.78449
29	0.02568	0.10477	0.07530	0.01931	0.04756	0.46945	0.01545	0.11464	0.02175	0.02260	0.01245	0.01419	0.01004	0.00761	0.00665	0.00197	0.01178	0.00508	0.00419	0.00954
30	0.01066	0.00772	0.01077	0.01077	0.01170	0.00865	0.00783	0.01251	0.01159	0.01637	0.02095	0.03504	0.02111	0.26250	0.50635	0.01050	0.01605	0.00881	0.00413	0.00598
31	0.02630	0.01894	0.02023	0.01572	0.02110	0.02087	0.01292	0.58103	0.03232	0.04423	0.01868	0.01914	0.01348	0.00888	0.00713	0.00216	0.00754	0.00672	0.11077	0.01186
32	0.16235	0.00985	0.01074	0.00983	0.01269	0.00987	0.00761	0.01838	0.06910	0.07267	0.36872	0.04554	0.14847	0.01337	0.00778	0.00237	0.00434	0.01120	0.00730	0.00782
33	0.01489	0.03840	0.70064	0.02116	0.03213	0.01724	0.02743	0.02351	0.01567	0.02351	0.01332	0.01567	0.00940	0.00705	0.00705	0.00235	0.01097	0.00549	0.00313	0.01097
34	0.01821	0.01917	0.12396	0.01558	0.02082	0.01753	0.01390	0.12351	0.40777	0.03083	0.02963	0.05390	0.07112	0.01059	0.00762	0.00247	0.00678	0.00872	0.00677	0.01112
35	0.01077	0.00731	0.00865	0.00865	0.00884	0.00750	0.00519	0.01115	0.01096	0.01480	0.02288	0.04578	0.02577	0.64034	0.13488	0.00788	0.00903	0.01039	0.00442	0.00481
36	0.01061	0.00795	0.01193	0.01193	0.01326	0.00928	0.00928	0.01326	0.01193	0.01723	0.01988	0.02916	0.01856	0.05568	0.70968	0.01193	0.01988	0.00795	0.00398	0.00663
37	0.01837	0.01764	0.03013	0.04557	0.69279	0.01764	0.02278	0.02278	0.01690	0.02425	0.01396	0.01837	0.01176	0.00661	0.00735	0.00220	0.00882	0.00661	0.00367	0.01176

[dist]
# distance from previous block
# <min> <max>
0	8

[block]
# block no. 5 follows, 27 sequences, length 55
# corresponding to MSA columns:
# 183-237
name=unknown_F
#
# <colnr> <probs for GDERKNQSTAVLIFYWHMCP>
#	G	D	E	R	K	N	Q	S	T	A	V	L	I	F	Y	W	H	M	C	P
0	0.01589	0.18051	0.56728	0.01945	0.02950	0.01969	0.02446	0.02325	0.01555	0.02229	0.01272	0.01491	0.00943	0.00691	0.00659	0.00220	0.01036	0.00518	0.00314	0.01068
1	0.01702	0.02257	0.14356	0.02883	0.03630	0.01884	0.51794	0.02329	0.01677	0.02329	0.01436	0.01907	0.01086	0.00689	0.00968	0.00254	0.06648	0.00808	0.00362	0.01002
2	0.00904	0.00646	0.00861	0.01034	0.01077	0.00603	0.00689	0.01034	0.01421	0.01895	0.04092	0.73426	0.04910	0.02326	0.00948	0.00301	0.00431	0.02110	0.00689	0.00603
3	0.01893	0.01340	0.01597	0.01161	0.01804	0.01058	0.00936	0.04705	0.01715	0.13906	0.01610	0.01716	0.01231	0.00626	0.00591	0.00135	0.00574	0.00501	0.00533	0.62370
4	0.02286	0.07198	0.11052	0.01777	0.02272	0.32192	0.01531	0.05549	0.18254	0.04399	0.01698	0.01782	0.01317	0.00847	0.00781	0.00219	0.04759	0.00596	0.00489	0.01001
5	0.01985	0.74357	0.03890	0.01270	0.01905	0.02937	0.01270	0.02223	0.01508	0.01747	0.01032	0.01191	0.00953	0.00635	0.00476	0.00159	0.00794	0.00397	0.00318	0.00953
6	0.00902	0.00654	0.00853	0.01013	0.01071	0.00605	0.00680	0.01036	0.01441	0.01903	0.04344	0.68539	0.09633	0.02293	0.00942	0.00298	0.00427	0.02070	0.00689	0.00605
7	0.03814	0.04806	0.03689	0.01288	0.06288	0.00967	0.00935	0.01616	0.01918	0.05472	0.45803	0.12311	0.05399	0.01420	0.00828	0.00236	0.00466	0.01247	0.00719	0.00778
8	0.01402	0.01319	0.02227	0.72126	0.05113	0.01649	0.02062	0.01897	0.01484	0.01897	0.01319	0.01979	0.00990	0.00742	0.00742	0.00247	0.00990	0.00660	0.00330	0.00825
9	0.01051	0.00759	0.00992	0.00934	0.01109	0.00700	0.00700	0.01401	0.02101	0.02977	0.68888	0.05545	0.07005	0.01518	0.00876	0.00233	0.00350	0.01343	0.00817	0.00700
10	0.02027	0.70538	0.03794	0.01305	0.01926	0.06604	0.01279	0.02263	0.01541	0.01750	0.01038	0.01199	0.00953	0.00642	0.00487	0.00161	0.00823	0.00401	0.00321	0.00948
11	0.01433	0.01114	0.01467	0.08195	0.04579	0.01193	0.01241	0.08400	0.10520	0.02499	0.03279	0.18841	0.03397	0.01672	0.00908	0.00296	0.00672	0.28817	0.00654	0.00824
12	0.00904	0.00646	0.00861	0.01034	0.01077	0.00603	0.00689	0.01034	0.01421	0.01895	0.04092	0.73426	0.04910	0.02326	0.00948	0.00301	0.00431	0.02110	0.00689	0.00603
13	0.01080	0.00720	0.00810	0.00810	0.00810	0.00720	0.00450	0.01080	0.01080	0.01439	0.02339	0.04858	0.02699	0.73910	0.03779	0.00720	0.00720	0.01080	0.00450	0.00450
14	0.01703	0.01883	0.03929	0.12200	0.06537	0.01864	0.52036	0.02279	0.01681	0.02285	0.01445	0.01972	0.01102	0.00679	0.00937	0.00253	0.05047	0.00827	0.00366	0.00975
15	0.01774	0.01915	0.08879	0.09322	0.58712	0.01752	0.02303	0.02257	0.01664	0.02380	0.01385	0.01824	0.01141	0.00671	0.00733	0.00224	0.00909	0.00651	0.00360	0.01143
16	0.03267	0.01366	0.01786	0.01370	0.01946	0.01244	0.01131	0.11570	0.02297	0.61598	0.02784	0.02433	0.01765	0.00915	0.00746	0.00229	0.00655	0.00737	0.00897	0.01263
17	0.01290	0.01129	0.01714	0.26180	0.06831	0.01309	0.01453	0.01634	0.01575	0.02122	0.12100	0.12393	0.06352	0.01358	0.01055	0.00274	0.10163	0.09784	0.00514	0.00769
18	0.04013	0.16445	0.53471	0.01913	0.02888	0.01963	0.02368	0.04712	0.01619	0.02358	0.01286	0.01496	0.00950	0.00699	0.00658	0.00221	0.01016	0.00521	0.00335	0.01068
19	0.03023	0.01645	0.08603	0.01577	0.04718	0.01339	0.01343	0.11754	0.02232	0.51914	0.02560	0.02307	0.01647	0.00884	0.00741	0.00229	0.00712	0.00713	0.00814	0.01243
20	0.79154	0.01436	0.01091	0.00976	0.01436	0.01665	0.00804	0.02182	0.01263	0.03331	0.01034	0.01206	0.00804	0.00689	0.00459	0.00230	0.00574	0.00402	0.00459	0.00804
21	0.00884	0.00752	0.00762	0.00759	0.01007	0.00630	0.00570	0.01079	0.01709	0.02045	0.10030	0.07079	0.66444	0.01865	0.00877	0.00250	0.00375	0.01558	0.00695	0.00630
22	0.02049	0.14319	0.02336	0.08243	0.13391	0.20398	0.01440	0.10072	0.01975	0.02363	0.03833	0.02305	0.08353	0.00881	0.00682	0.00206	0.00895	0.00683	0.04639	0.00936
23	0.00877	0.00752	0.00752	0.00752	0.01003	0.00627	0.00564	0.01065	0.01692	0.02005	0.07520	0.07144	0.68978	0.01880	0.00877	0.00251	0.00376	0.01567	0.00689	0.00627
24	0.01625	0.02802	0.33824	0.04803	0.05855	0.04014	0.28493	0.02313	0.01656	0.02315	0.01505	0.04585	0.01183	0.00738	0.00785	0.00242	0.01130	0.00748	0.00358	0.01025
25	0.01363	0.00732	0.00794	0.05066	0.01120	0.00752	0.00608	0.01692	0.01517	0.02617	0.02348	0.02874	0.01906	0.06242	0.00773	0.00218	0.00413	0.00719	0.67564	0.00682
26	0.04331	0.01349	0.02185	0.67176	0.04884	0.01671	0.01994	0.04039	0.01542	0.02041	0.01324	0.01944	0.00992	0.00745	0.00732	0.00246	0.00969	0.00650	0.00348	0.00838
27	0.02790	0.02064	0.02210	0.01702	0.02290	0.02287	0.01403	0.64750	0.05596	0.04627	0.01823	0.01815	0.01295	0.00895	0.00743	0.00224	0.00809	0.00674	0.00743	0.01260
28	0.00933	0.00746	0.00822	0.00817	0.01024	0.00649	0.00600	0.01149	0.01749	0.02215	0.22579	0.10315	0.46279	0.05569	0.01032	0.00274	0.00390	0.01515	0.00709	0.00635
29	0.02717	0.02135	0.02261	0.01925	0.07228	0.06668	0.01469	0.56016	0.05236	0.04280	0.01751	0.01788	0.01267	0.00870	0.00738	0.00221	0.00848	0.00661	0.00692	0.01228
30	0.20940	0.01710	0.08665	0.08976	0.08753	0.01569	0.07182	0.09949	0.01824	0.10752	0.02335	0.02458	0.10047	0.00896	0.00699	0.00235	0.00767	0.00735	0.00534	0.00974
31	0.01570	0.07900	0.45802	0.02322	0.10756	0.01835	0.04595	0.02241	0.01559	0.02285	0.03793	0.01743	0.01204	0.00785	0.00887	0.00238	0.08493	0.00603	0.00342	0.01049
32	0.01533	0.07658	0.62362	0.02131	0.03181	0.01801	0.06562	0.02346	0.01575	0.02319	0.01326	0.01573	0.00952	0.00697	0.00703	0.00232	0.01090	0.00560	0.00317	0.01083
33	0.00889	0.00743	0.00775	0.00787	0.01015	0.00628	0.00583	0.01080	0.01689	0.02046	0.10405	0.13147	0.59865	0.01902	0.00884	0.00254	0.00380	0.01605	0.00696	0.00628
34	0.02567	0.01874	0.02000	0.01559	0.02095	0.02054	0.01279	0.56909	0.03208	0.04333	0.02255	0.02254	0.06304	0.00962	0.00735	0.00221	0.00748	0.00736	0.06735	0.01171
35	0.05347	0.00800	0.00924	0.03196	0.01177	0.00804	0.00681	0.03859	0.01499	0.02215	0.05433	0.30985	0.07583	0.15077	0.01339	0.00339	0.00502	0.01378	0.16219	0.00641
36	0.01059	0.00735	0.00948	0.01056	0.01125	0.00715	0.00720	0.04481	0.01476	0.01967	0.03602	0.55825	0.04232	0.08922	0.01342	0.05903	0.00502	0.04140	0.00643	0.00606
37	0.00917	0.00738	0.00821	0.00858	0.01057	0.00642	0.00636	0.01117	0.01680	0.02088	0.12473	0.19841	0.47148	0.01941	0.00899	0.00264	0.00401	0.05146	0.00701	0.00632
38	0.00916	0.00654	0.00875	0.01047	0.01095	0.00613	0.00709	0.01053	0.01433	0.01908	0.04085	0.70881	0.04885	0.02315	0.00951	0.00303	0.00441	0.04543	0.00689	0.00606
39	0.02710	0.01972	0.02109	0.01629	0.02191	0.02177	0.01342	0.61755	0.03340	0.04530	0.01832	0.01859	0.01312	0.00889	0.00725	0.00219	0.00780	0.00670	0.06739	0.01218
40	0.79154	0.01436	0.01091	0.00976	0.01436	0.01665	0.00804	0.02182	0.01263	0.03331	0.01034	0.01206	0.00804	0.00689	0.00459	0.00230	0.00574	0.00402	0.00459	0.00804
41	0.01968	0.02099	0.02572	0.11337	0.41519	0.18920	0.01948	0.02338	0.01770	0.02190	0.01667	0.02025	0.04879	0.00764	0.00727	0.00218	0.00980	0.00666	0.00385	0.01027
42	0.01063	0.00786	0.01147	0.01147	0.01264	0.00903	0.00871	0.01296	0.01180	0.01689	0.02030	0.03149	0.01957	0.13743	0.62931	0.01136	0.01837	0.00829	0.00404	0.00637
43	0.00911	0.00745	0.00805	0.00808	0.01028	0.00638	0.00599	0.01124	0.01745	0.02175	0.18498	0.12187	0.52456	0.01850	0.00883	0.00252	0.00376	0.01569	0.00713	0.00638
44	0.03090	0.01210	0.01646	0.01280	0.01812	0.01050	0.01050	0.03384	0.02122	0.62734	0.09898	0.02846	0.02384	0.00982	0.00760	0.00230	0.00602	0.00810	0.00908	0.01204
45	0.00884	0.00752	0.00761	0.00759	0.01007	0.00630	0.00569	0.01079	0.01708	0.02043	0.09924	0.07082	0.66551	0.01866	0.00877	0.00250	0.00375	0.01558	0.00694	0.00630
46	0.02768	0.01175	0.01566	0.01250	0.01731	0.01050	0.01013	0.03168	0.05732	0.52031	0.16856	0.03177	0.02952	0.01050	0.00774	0.00232	0.00570	0.00877	0.00888	0.01140
47	0.00904	0.00646	0.00861	0.01034	0.01077	0.00603	0.00689	0.01034	0.01421	0.01895	0.04092	0.73426	0.04910	0.02326	0.00948	0.00301	0.00431	0.02110	0.00689	0.00603
48	0.01044	0.00759	0.00983	0.00927	0.01105	0.00698	0.00695	0.01388	0.02085	0.02938	0.66449	0.05609	0.09467	0.01532	0.00876	0.00234	0.00351	0.01351	0.00812	0.00698
49	0.02033	0.70030	0.03781	0.01309	0.01929	0.07092	0.01280	0.02268	0.01545	0.01751	0.01039	0.01200	0.00953	0.00643	0.00488	0.00161	0.00827	0.00402	0.00322	0.00947
50	0.01706	0.01912	0.04034	0.02930	0.03579	0.01866	0.57588	0.02267	0.01679	0.02301	0.01552	0.04773	0.01260	0.00759	0.01033	0.00260	0.08248	0.00902	0.00383	0.00967
51	0.01476	0.14690	0.01761	0.01227	0.01474	0.05872	0.00999	0.03913	0.01425	0.01953	0.01769	0.02484	0.01619	0.07530	0.34173	0.00698	0.05333	0.00693	0.10164	0.00749
52	0.01685	0.01596	0.02671	0.07827	0.56502	0.01603	0.02043	0.02092	0.01663	0.02333	0.02008	0.06611	0.06392	0.00857	0.00759	0.00229	0.00823	0.00817	0.00409	0.01081
53	0.00904	0.00646	0.00861	0.01034	0.01077	0.00603	0.00689	0.01034	0.01421	0.01895	0.04092	0.73426	0.04910	0.02326	0.00948	0.00301	0.00431	0.02110	0.00689	0.00603
54	0.02692	0.01976	0.02160	0.04036	0.02325	0.02191	0.01392	0.61071	0.03287	0.04402	0.01740	0.01815	0.01255	0.00977	0.00859	0.04439	0.00813	0.00667	0.00706	0.01197

[dist]
# distance from previous block
# <min> <max>
4	9

[block]
# block no. 6 follows, 27 sequences, length 7
# corresponding to MSA columns:
# 247-253
name=unknown_G
#
# <colnr> <probs for GDERKNQSTAVLIFYWHMCP>
#	G	D	E	R	K	N	Q	S	T	A	V	L	I	F	Y	W	H	M	C	P
0	0.16937	0.36860	0.10509	0.01450	0.02049	0.17374	0.01384	0.02391	0.01598	0.02135	0.01092	0.01269	0.00923	0.00682	0.00541	0.00188	0.00905	0.00433	0.00359	0.00921
1	0.05063	0.00782	0.00936	0.00908	0.01101	0.00727	0.00677	0.01339	0.01911	0.02696	0.46791	0.11949	0.19164	0.01624	0.00861	0.00243	0.00375	0.01411	0.00761	0.00682
2	0.04747	0.01083	0.01232	0.01088	0.01345	0.01130	0.00841	0.07552	0.01641	0.02422	0.03250	0.09712	0.17187	0.07166	0.01201	0.00267	0.10855	0.00994	0.15097	0.11189
3	0.01362	0.00869	0.01093	0.01023	0.01249	0.00818	0.00777	0.01760	0.06055	0.10703	0.38284	0.08784	0.11629	0.06824	0.01079	0.00282	0.00455	0.05417	0.00771	0.00766
4	0.02501	0.01764	0.01968	0.01485	0.02096	0.01779	0.01218	0.40553	0.02762	0.11324	0.01775	0.01794	0.01279	0.00794	0.00686	0.00190	0.00717	0.00610	0.00673	0.24032
5	0.39520	0.18511	0.02164	0.05375	0.02023	0.01994	0.05184	0.08286	0.01630	0.07522	0.01279	0.01441	0.00983	0.00710	0.00552	0.00215	0.00718	0.00494	0.00472	0.00926
6	0.01009	0.00693	0.00862	0.00921	0.00979	0.00660	0.00599	0.01096	0.01384	0.01851	0.12253	0.31613	0.08547	0.26174	0.02024	0.06145	0.00529	0.01518	0.00599	0.00546

[dist]
# distance from previous block
# <min> <max>
1	3

[block]
# block no. 7 follows, 27 sequences, length 31
# corresponding to MSA columns:
# 257-287
name=unknown_H
#
# <colnr> <probs for GDERKNQSTAVLIFYWHMCP>
#	G	D	E	R	K	N	Q	S	T	A	V	L	I	F	Y	W	H	M	C	P
0	0.11657	0.10025	0.02216	0.01623	0.02142	0.20552	0.01322	0.32988	0.05093	0.03388	0.01493	0.01571	0.01132	0.00811	0.00662	0.00210	0.00916	0.00564	0.00569	0.01065
1	0.02337	0.14896	0.02309	0.01758	0.04273	0.36494	0.01353	0.07202	0.11913	0.02207	0.01528	0.01701	0.01252	0.01166	0.06237	0.00277	0.01134	0.00563	0.00453	0.00946
2	0.04769	0.01655	0.01828	0.01433	0.01962	0.01703	0.01158	0.38403	0.02672	0.06734	0.05339	0.08837	0.01882	0.00983	0.00719	0.00207	0.00683	0.00788	0.00676	0.17569
3	0.33739	0.12729	0.04598	0.01213	0.01712	0.03897	0.01064	0.13802	0.01841	0.06169	0.04211	0.01721	0.01332	0.00782	0.00565	0.00211	0.00666	0.00541	0.08278	0.00928
4	0.01061	0.00795	0.01193	0.01193	0.01326	0.00928	0.00928	0.01326	0.01193	0.01723	0.01988	0.02916	0.01856	0.05568	0.70968	0.01193	0.01988	0.00795	0.00398	0.00663
5	0.01846	0.01595	0.01679	0.01511	0.01930	0.01846	0.01175	0.03945	0.67938	0.03105	0.03022	0.02770	0.02266	0.01007	0.00755	0.00252	0.00588	0.00839	0.00755	0.01175
6	0.79154	0.01436	0.01091	0.00976	0.01436	0.01665	0.00804	0.02182	0.01263	0.03331	0.01034	0.01206	0.00804	0.00689	0.00459	0.00230	0.00574	0.00402	0.00459	0.00804
7	0.01624	0.01624	0.02274	0.01949	0.01949	0.02274	0.01624	0.01787	0.01137	0.01787	0.00975	0.01624	0.00975	0.01299	0.02436	0.00325	0.72552	0.00650	0.00325	0.00812
8	0.01061	0.00795	0.01193	0.01193	0.01326	0.00928	0.00928	0.01326	0.01193	0.01723	0.01988	0.02916	0.01856	0.05568	0.70968	0.01193	0.01988	0.00795	0.00398	0.00663
9	0.00986	0.00756	0.00903	0.00866	0.01069	0.00673	0.00650	0.01276	0.01949	0.02614	0.45985	0.06142	0.30134	0.01653	0.00876	0.00240	0.00360	0.01426	0.00769	0.00673
10	0.01011	0.00739	0.00950	0.00936	0.01095	0.00678	0.00687	0.01310	0.01951	0.02711	0.52667	0.17322	0.11802	0.01686	0.00888	0.00247	0.00366	0.01493	0.00785	0.00678
11	0.00892	0.00753	0.00772	0.00767	0.01012	0.00633	0.00576	0.01094	0.01727	0.02088	0.12706	0.07009	0.63741	0.01849	0.00877	0.00249	0.00374	0.01548	0.00700	0.00633
12	0.01384	0.00692	0.00692	0.00692	0.00865	0.00692	0.00519	0.01730	0.01557	0.02768	0.02422	0.02768	0.01903	0.00865	0.00519	0.00173	0.00346	0.00692	0.78031	0.00692
13	0.79154	0.01436	0.01091	0.00976	0.01436	0.01665	0.00804	0.02182	0.01263	0.03331	0.01034	0.01206	0.00804	0.00689	0.00459	0.00230	0.00574	0.00402	0.00459	0.00804
14	0.01061	0.00792	0.01175	0.01175	0.01301	0.00918	0.00905	0.01314	0.01188	0.01710	0.02005	0.03009	0.01896	0.08837	0.67754	0.01170	0.01928	0.00809	0.00400	0.00653
15	0.01985	0.74357	0.03890	0.01270	0.01905	0.02937	0.01270	0.02223	0.01508	0.01747	0.01032	0.01191	0.00953	0.00635	0.00476	0.00159	0.00794	0.00397	0.00318	0.00953
16	0.02935	0.01363	0.01723	0.01368	0.01900	0.01301	0.01114	0.08406	0.13853	0.50273	0.05594	0.02638	0.02084	0.00957	0.00753	0.00233	0.00626	0.00782	0.00872	0.01224
17	0.16004	0.19187	0.05510	0.03871	0.01861	0.06966	0.01167	0.02268	0.01691	0.12655	0.13553	0.04976	0.02289	0.00956	0.00728	0.00218	0.03934	0.00719	0.00543	0.00904
18	0.02532	0.01535	0.01955	0.11510	0.09345	0.04606	0.01396	0.06034	0.16739	0.32684	0.02439	0.02348	0.01683	0.00879	0.00743	0.00234	0.00737	0.00731	0.00712	0.01156
19	0.05407	0.66038	0.03638	0.01304	0.01913	0.07816	0.01262	0.02275	0.01541	0.01821	0.01041	0.01202	0.00946	0.00647	0.00490	0.00164	0.00824	0.00403	0.00328	0.00940
20	0.01472	0.06329	0.58552	0.01986	0.02945	0.01662	0.02485	0.02242	0.01583	0.02310	0.01653	0.02423	0.01368	0.00875	0.00737	0.00246	0.01032	0.08703	0.00361	0.01038
21	0.01080	0.00720	0.00810	0.00810	0.00810	0.00720	0.00450	0.01080	0.01080	0.01439	0.02339	0.04858	0.02699	0.73910	0.03779	0.00720	0.00720	0.01080	0.00450	0.00450
22	0.01489	0.03840	0.70064	0.02116	0.03213	0.01724	0.02743	0.02351	0.01567	0.02351	0.01332	0.01567	0.00940	0.00705	0.00705	0.00235	0.01097	0.00549	0.00313	0.01097
23	0.00877	0.00752	0.00752	0.00752	0.01003	0.00627	0.00564	0.01065	0.01692	0.02005	0.07520	0.07144	0.68978	0.01880	0.00877	0.00251	0.00376	0.01567	0.00689	0.00627
24	0.01402	0.01319	0.02227	0.72126	0.05113	0.01649	0.02062	0.01897	0.01484	0.01897	0.01319	0.01979	0.00990	0.00742	0.00742	0.00247	0.00990	0.00660	0.00330	0.00825
25	0.01985	0.74357	0.03890	0.01270	0.01905	0.02937	0.01270	0.02223	0.01508	0.01747	0.01032	0.01191	0.00953	0.00635	0.00476	0.00159	0.00794	0.00397	0.00318	0.00953
26	0.01539	0.01319	0.01539	0.01100	0.01759	0.00990	0.00880	0.01869	0.01539	0.02419	0.01319	0.01539	0.01100	0.00550	0.00550	0.00110	0.00550	0.00440	0.00440	0.78449
27	0.03305	0.01305	0.01748	0.01340	0.01916	0.01153	0.01107	0.06825	0.02194	0.66489	0.02871	0.02489	0.01808	0.00917	0.00746	0.00229	0.00641	0.00743	0.00910	0.01263
28	0.02702	0.01964	0.02100	0.01624	0.02183	0.02168	0.01337	0.61390	0.03330	0.04520	0.01836	0.01864	0.01316	0.00889	0.00724	0.00219	0.00778	0.00670	0.07173	0.01215
29	0.02736	0.01968	0.02118	0.01641	0.02208	0.02167	0.01350	0.58892	0.06138	0.06967	0.01907	0.01896	0.01355	0.00896	0.00734	0.00222	0.00780	0.00680	0.04112	0.01234
30	0.01512	0.01432	0.02426	0.55030	0.21348	0.01678	0.02116	0.01993	0.01537	0.02030	0.01339	0.01943	0.01037	0.00722	0.00740	0.00241	0.00962	0.00660	0.00339	0.00914

[dist]
# distance from previous block
# <min> <max>
0	10

[block]
# block no. 8 follows, 27 sequences, length 33
# corresponding to MSA columns:
# 298-313,318-334
name=unknown_I
#
# <colnr> <probs for GDERKNQSTAVLIFYWHMCP>
#	G	D	E	R	K	N	Q	S	T	A	V	L	I	F	Y	W	H	M	C	P
0	0.01685	0.01595	0.02644	0.03930	0.57668	0.01578	0.02009	0.02088	0.01691	0.02361	0.02313	0.02785	0.10437	0.00875	0.00764	0.00229	0.00807	0.03034	0.00422	0.01084
1	0.01635	0.01505	0.02086	0.04405	0.02026	0.01940	0.03677	0.09527	0.01497	0.02163	0.01656	0.02201	0.05341	0.01872	0.12126	0.00431	0.43925	0.00738	0.00410	0.00840
2	0.09028	0.12047	0.35937	0.02207	0.10958	0.01855	0.07189	0.04173	0.01645	0.02480	0.04820	0.01766	0.01298	0.00731	0.00680	0.00224	0.00947	0.00600	0.00378	0.01037
3	0.01532	0.01444	0.02402	0.51883	0.21232	0.01687	0.02077	0.02084	0.04474	0.02084	0.01414	0.01978	0.01093	0.00733	0.00741	0.00241	0.00945	0.00668	0.00358	0.00929
4	0.00944	0.00755	0.00845	0.00822	0.01044	0.00655	0.00617	0.01195	0.01850	0.02381	0.31212	0.06527	0.45053	0.01740	0.00877	0.00244	0.00366	0.01480	0.00739	0.00655
5	0.02533	0.01936	0.02065	0.01650	0.02192	0.02167	0.01341	0.48182	0.22583	0.04213	0.02149	0.02075	0.01560	0.00926	0.00746	0.00231	0.00749	0.00719	0.00746	0.01237
6	0.02671	0.01966	0.02120	0.01655	0.02206	0.02168	0.01354	0.61622	0.03327	0.04459	0.01964	0.07428	0.01550	0.01004	0.00759	0.00229	0.00786	0.00782	0.00738	0.01211
7	0.01871	0.01905	0.04600	0.06591	0.49840	0.08668	0.02032	0.02351	0.05562	0.02310	0.01455	0.01866	0.01210	0.00815	0.00863	0.05044	0.00907	0.00649	0.00386	0.01075
8	0.01624	0.00960	0.01017	0.00918	0.01149	0.01029	0.00718	0.12011	0.01840	0.03018	0.02245	0.02552	0.01753	0.00892	0.00654	0.00189	0.04193	0.00686	0.61764	0.00788
9	0.00904	0.00646	0.00861	0.01034	0.01077	0.00603	0.00689	0.01034	0.01421	0.01895	0.04092	0.73426	0.04910	0.02326	0.00948	0.00301	0.00431	0.02110	0.00689	0.00603
10	0.01551	0.11129	0.60656	0.02066	0.03102	0.01857	0.05021	0.02339	0.01568	0.02289	0.01307	0.01545	0.00949	0.00695	0.00688	0.00228	0.01071	0.00545	0.00316	0.01078
11	0.04954	0.06926	0.39325	0.02451	0.13597	0.11615	0.06265	0.02414	0.01659	0.02298	0.01299	0.01571	0.00987	0.00697	0.00693	0.00223	0.01069	0.00563	0.00342	0.01051
12	0.03331	0.01263	0.01723	0.01321	0.01895	0.01091	0.01091	0.03618	0.02125	0.69794	0.02929	0.02527	0.01838	0.00919	0.00747	0.00230	0.00632	0.00747	0.00919	0.01263
13	0.01416	0.01338	0.02230	0.67796	0.04918	0.01688	0.02035	0.01890	0.01463	0.01890	0.01298	0.01957	0.00989	0.00777	0.00847	0.00252	0.05405	0.00659	0.00330	0.00824
14	0.01837	0.01764	0.03013	0.04557	0.69279	0.01764	0.02278	0.02278	0.01690	0.02425	0.01396	0.01837	0.01176	0.00661	0.00735	0.00220	0.00882	0.00661	0.00367	0.01176
15	0.02771	0.01869	0.02044	0.01580	0.02138	0.02025	0.01301	0.53849	0.03169	0.12576	0.01975	0.01952	0.01384	0.00893	0.00725	0.00220	0.00757	0.00680	0.06874	0.01217
16	0.01078	0.00725	0.00835	0.00835	0.00843	0.00733	0.00481	0.01096	0.01087	0.01458	0.02316	0.04731	0.02644	0.69438	0.08175	0.00751	0.00803	0.01061	0.00446	0.00464
17	0.79154	0.01436	0.01091	0.00976	0.01436	0.01665	0.00804	0.02182	0.01263	0.03331	0.01034	0.01206	0.00804	0.00689	0.00459	0.00230	0.00574	0.00402	0.00459	0.00804
18	0.01846	0.01595	0.01679	0.01511	0.01930	0.01846	0.01175	0.03945	0.67938	0.03105	0.03022	0.02770	0.02266	0.01007	0.00755	0.00252	0.00588	0.00839	0.00755	0.01175
19	0.01985	0.74357	0.03890	0.01270	0.01905	0.02937	0.01270	0.02223	0.01508	0.01747	0.01032	0.01191	0.00953	0.00635	0.00476	0.00159	0.00794	0.00397	0.00318	0.00953
20	0.01489	0.03840	0.70064	0.02116	0.03213	0.01724	0.02743	0.02351	0.01567	0.02351	0.01332	0.01567	0.00940	0.00705	0.00705	0.00235	0.01097	0.00549	0.00313	0.01097
21	0.01985	0.74357	0.03890	0.01270	0.01905	0.02937	0.01270	0.02223	0.01508	0.01747	0.01032	0.01191	0.00953	0.00635	0.00476	0.00159	0.00794	0.00397	0.00318	0.00953
22	0.00901	0.00659	0.00849	0.01001	0.01068	0.00606	0.00674	0.01037	0.01453	0.01908	0.04495	0.65635	0.12441	0.02273	0.00939	0.00296	0.00424	0.02047	0.00689	0.00606
23	0.00904	0.00646	0.00861	0.01034	0.01077	0.00603	0.00689	0.01034	0.01421	0.01895	0.04092	0.73426	0.04910	0.02326	0.00948	0.00301	0.00431	0.02110	0.00689	0.00603
24	0.00904	0.00646	0.00861	0.01034	0.01077	0.00603	0.00689	0.01034	0.01421	0.01895	0.04092	0.73426	0.04910	0.02326	0.00948	0.00301	0.00431	0.02110	0.00689	0.00603
25	0.00935	0.00941	0.04997	0.00856	0.01150	0.00702	0.00713	0.01183	0.01733	0.02141	0.14357	0.06617	0.57554	0.01766	0.00867	0.00248	0.00417	0.01478	0.00682	0.00664
26	0.02434	0.02059	0.02210	0.11330	0.02657	0.11782	0.05392	0.39424	0.02749	0.03590	0.01667	0.01844	0.01228	0.00835	0.00721	0.00219	0.00901	0.00655	0.07223	0.01081
27	0.01000	0.00743	0.01029	0.01241	0.05249	0.00701	0.00806	0.01197	0.01578	0.02146	0.16314	0.53786	0.05061	0.02060	0.00924	0.00285	0.00452	0.04076	0.00694	0.00659
28	0.01515	0.13697	0.44864	0.03956	0.04807	0.01776	0.04843	0.02178	0.01610	0.02272	0.06093	0.02149	0.05495	0.00816	0.00702	0.00225	0.00956	0.00660	0.00375	0.01012
29	0.01943	0.06951	0.07127	0.13963	0.33787	0.15843	0.05398	0.02365	0.01726	0.02169	0.01312	0.01707	0.01070	0.00694	0.00711	0.00217	0.01018	0.00611	0.00358	0.01029
30	0.06795	0.01971	0.11043	0.05221	0.02230	0.04799	0.01422	0.25877	0.11467	0.03307	0.02423	0.02742	0.06907	0.01005	0.00733	0.00235	0.00768	0.04691	0.05325	0.01038
31	0.12946	0.08896	0.15889	0.14261	0.13741	0.09708	0.01810	0.06162	0.01683	0.02418	0.01311	0.01654	0.01038	0.00968	0.04330	0.00271	0.00997	0.00563	0.00385	0.00968
32	0.02113	0.06543	0.04374	0.05220	0.27844	0.14839	0.01711	0.06584	0.11065	0.06711	0.01921	0.02089	0.04107	0.00812	0.00716	0.00219	0.00891	0.00675	0.00489	0.01076

[dist]
# distance from previous block
# <min> <max>
0	64

# created by:
# /st0/software/busco_prod/Augustus/scripts/msa2prfl.pl ./align_prep/124976.fa
