[name]
unknown

[dist]
# distance from previous block
# <min> <max>
0	30

[block]
# block no. 0 follows, 28 sequences, length 16
# corresponding to MSA columns:
# 47-62
name=unknown_A
#
# <colnr> <probs for GDERKNQSTAVLIFYWHMCP>
#	G	D	E	R	K	N	Q	S	T	A	V	L	I	F	Y	W	H	M	C	P
0	0.11882	0.07193	0.33527	0.01643	0.02430	0.01726	0.01818	0.13573	0.01823	0.02792	0.01419	0.01751	0.01104	0.00745	0.00643	0.00210	0.00854	0.02954	0.00430	0.11484
1	0.08323	0.08368	0.29482	0.06519	0.09916	0.04780	0.04332	0.11410	0.01809	0.04495	0.01357	0.01593	0.01015	0.00728	0.00716	0.00222	0.02925	0.00565	0.00406	0.01037
2	0.01659	0.19962	0.36589	0.04416	0.02630	0.01884	0.04298	0.06281	0.01672	0.04390	0.01906	0.02052	0.07657	0.00803	0.00665	0.00214	0.00905	0.00628	0.00391	0.00998
3	0.01512	0.02284	0.24202	0.02243	0.02848	0.01723	0.24686	0.02053	0.01529	0.02200	0.05511	0.06734	0.01601	0.00940	0.01136	0.00258	0.16409	0.00817	0.00384	0.00927
4	0.01019	0.00736	0.00963	0.00921	0.01084	0.00680	0.00685	0.01348	0.02014	0.02846	0.65274	0.09888	0.06725	0.01538	0.00862	0.00233	0.00348	0.01363	0.00792	0.00680
5	0.01171	0.00837	0.01171	0.01339	0.01506	0.00837	0.01171	0.01506	0.01673	0.02175	0.03849	0.08199	0.04183	0.02008	0.01004	0.00335	0.00669	0.65027	0.00669	0.00669
6	0.02758	0.02188	0.02169	0.01694	0.02253	0.09630	0.01384	0.60619	0.03273	0.04283	0.01679	0.01699	0.01204	0.00859	0.00720	0.00215	0.00854	0.00635	0.00690	0.01194
7	0.01494	0.03544	0.63476	0.02326	0.10255	0.01692	0.02637	0.02294	0.01548	0.02310	0.01311	0.01563	0.00945	0.00686	0.00694	0.00229	0.01052	0.00549	0.00313	0.01082
8	0.00972	0.00741	0.00892	0.00854	0.01051	0.00662	0.00641	0.01261	0.01923	0.02594	0.48582	0.05958	0.28012	0.01606	0.00858	0.00234	0.00351	0.01389	0.00758	0.00662
9	0.01590	0.01590	0.02226	0.01908	0.01908	0.02226	0.01590	0.01749	0.01113	0.01749	0.00954	0.01590	0.00954	0.01272	0.02385	0.00318	0.73123	0.00636	0.00318	0.00795
10	0.00893	0.00645	0.00846	0.00992	0.01053	0.00598	0.00669	0.01036	0.01447	0.01928	0.08301	0.66368	0.08123	0.02206	0.00920	0.00289	0.00414	0.01993	0.00683	0.00598
11	0.79588	0.01406	0.01068	0.00956	0.01406	0.01631	0.00787	0.02137	0.01237	0.03261	0.01012	0.01181	0.00787	0.00675	0.00450	0.00225	0.00562	0.00394	0.00450	0.00787
12	0.01355	0.00678	0.00678	0.00678	0.00847	0.00678	0.00508	0.01694	0.01524	0.02710	0.02371	0.02710	0.01863	0.00847	0.00508	0.00169	0.00339	0.00678	0.78489	0.00678
13	0.01507	0.01292	0.01507	0.01077	0.01723	0.00969	0.00861	0.01830	0.01507	0.02369	0.01292	0.01507	0.01077	0.00538	0.00538	0.00108	0.00538	0.00431	0.00431	0.78898
14	0.01573	0.01331	0.01542	0.01108	0.01750	0.01036	0.00888	0.05240	0.01607	0.02484	0.01316	0.01520	0.01085	0.00556	0.00548	0.00113	0.00552	0.00442	0.00446	0.74865
15	0.24185	0.09731	0.01972	0.01694	0.09016	0.12555	0.01242	0.02444	0.04348	0.11569	0.01438	0.01635	0.01132	0.01028	0.04290	0.00269	0.09522	0.00543	0.00468	0.00921

[dist]
# distance from previous block
# <min> <max>
0	1

[block]
# block no. 1 follows, 28 sequences, length 15
# corresponding to MSA columns:
# 64-78
name=unknown_B
#
# <colnr> <probs for GDERKNQSTAVLIFYWHMCP>
#	G	D	E	R	K	N	Q	S	T	A	V	L	I	F	Y	W	H	M	C	P
0	0.01466	0.01180	0.01351	0.01215	0.01401	0.01341	0.00900	0.09065	0.16636	0.02254	0.02806	0.06144	0.09718	0.28017	0.02091	0.00423	0.11685	0.00984	0.00555	0.00766
1	0.02407	0.05856	0.02047	0.01571	0.02065	0.10574	0.01272	0.41610	0.11044	0.03629	0.02174	0.05627	0.04904	0.00976	0.00723	0.00220	0.00793	0.00752	0.00658	0.01098
2	0.65926	0.05282	0.01373	0.01275	0.07394	0.01671	0.00934	0.02120	0.01315	0.03090	0.03474	0.01385	0.01042	0.00698	0.00489	0.00221	0.00592	0.00448	0.00447	0.00823
3	0.01725	0.01421	0.01624	0.01180	0.01815	0.01192	0.00952	0.13211	0.01838	0.02752	0.01371	0.01549	0.01104	0.00596	0.00571	0.00127	0.00584	0.00469	0.00482	0.65437
4	0.01352	0.01209	0.01644	0.01467	0.01485	0.01581	0.01146	0.01476	0.01104	0.01637	0.01498	0.02728	0.01587	0.24089	0.12386	0.00554	0.41241	0.00784	0.00365	0.00667
5	0.00933	0.00734	0.00836	0.00873	0.01042	0.00663	0.00624	0.01180	0.03961	0.02078	0.14681	0.26760	0.35979	0.05047	0.00999	0.00278	0.00403	0.01618	0.00685	0.00628
6	0.02763	0.02036	0.02182	0.01672	0.02254	0.02254	0.01382	0.67496	0.03418	0.04581	0.01745	0.01745	0.01236	0.00873	0.00727	0.00218	0.00800	0.00654	0.00727	0.01236
7	0.01601	0.01571	0.02080	0.30705	0.05509	0.07686	0.01670	0.04407	0.04391	0.01988	0.01483	0.07605	0.01342	0.01038	0.01255	0.00264	0.23434	0.00750	0.00389	0.00832
8	0.01057	0.00705	0.00793	0.00793	0.00793	0.00705	0.00440	0.01057	0.01057	0.01409	0.02290	0.04757	0.02643	0.74454	0.03700	0.00705	0.00705	0.01057	0.00440	0.00440
9	0.01908	0.01548	0.01652	0.01446	0.01879	0.01741	0.01134	0.09223	0.55245	0.06041	0.02969	0.02747	0.04728	0.00992	0.00736	0.00239	0.00587	0.00819	0.00733	0.03633
10	0.00942	0.00725	0.00772	0.00768	0.00920	0.00651	0.00521	0.01070	0.01466	0.01826	0.09611	0.06084	0.41296	0.28062	0.01886	0.00410	0.00488	0.01347	0.00598	0.00556
11	0.02631	0.01922	0.02059	0.01593	0.02132	0.02121	0.01304	0.61872	0.03236	0.04366	0.01795	0.01916	0.01323	0.04065	0.00847	0.00237	0.00777	0.00673	0.03953	0.01178
12	0.08028	0.00876	0.00980	0.00982	0.01154	0.00868	0.00693	0.06911	0.01562	0.04718	0.03792	0.33319	0.15424	0.15702	0.01380	0.00349	0.00518	0.01459	0.00623	0.00663
13	0.01644	0.01371	0.01602	0.01202	0.01754	0.01221	0.00969	0.08585	0.03711	0.02578	0.01414	0.01636	0.01156	0.00666	0.00723	0.00145	0.06887	0.00496	0.04366	0.57875
14	0.01769	0.07313	0.01855	0.06027	0.01997	0.01484	0.01119	0.13379	0.03592	0.05251	0.01726	0.09647	0.01547	0.00899	0.00795	0.00187	0.06954	0.00702	0.00510	0.33249

[dist]
# distance from previous block
# <min> <max>
0	32

[block]
# block no. 2 follows, 28 sequences, length 18
# corresponding to MSA columns:
# 112-129
name=unknown_C
#
# <colnr> <probs for GDERKNQSTAVLIFYWHMCP>
#	G	D	E	R	K	N	Q	S	T	A	V	L	I	F	Y	W	H	M	C	P
0	0.01822	0.04875	0.05812	0.07577	0.06608	0.11456	0.28339	0.02546	0.11954	0.02318	0.01626	0.01925	0.01253	0.00706	0.00742	0.00221	0.01006	0.00709	0.02984	0.05520
1	0.05142	0.03824	0.06736	0.01667	0.07486	0.09248	0.01297	0.09451	0.11500	0.02628	0.10622	0.06599	0.07073	0.01195	0.00833	0.00244	0.03531	0.09436	0.00583	0.00903
2	0.01041	0.00785	0.00866	0.00865	0.01042	0.00728	0.00615	0.04968	0.01637	0.02111	0.10201	0.18963	0.34558	0.13526	0.01309	0.00323	0.00455	0.01455	0.03925	0.00626
3	0.05416	0.13106	0.12787	0.01518	0.02074	0.01840	0.03553	0.21338	0.04910	0.06647	0.04787	0.02309	0.01657	0.00899	0.00730	0.00219	0.03085	0.04387	0.07727	0.01010
4	0.00947	0.00675	0.00853	0.00933	0.01005	0.00633	0.00624	0.01096	0.01477	0.01990	0.17192	0.42627	0.08583	0.16175	0.01450	0.00359	0.00458	0.01686	0.00655	0.00582
5	0.01943	0.74891	0.03809	0.01244	0.01866	0.02876	0.01244	0.02177	0.01477	0.01710	0.01011	0.01166	0.00933	0.00622	0.00466	0.00155	0.00777	0.00389	0.00311	0.00933
6	0.01611	0.09280	0.40259	0.02629	0.15852	0.01826	0.13846	0.02282	0.01584	0.02269	0.01320	0.01628	0.00998	0.00663	0.00706	0.00224	0.01035	0.00602	0.00328	0.01060
7	0.01943	0.74891	0.03809	0.01244	0.01866	0.02876	0.01244	0.02177	0.01477	0.01710	0.01011	0.01166	0.00933	0.00622	0.00466	0.00155	0.00777	0.00389	0.00311	0.00933
8	0.79588	0.01406	0.01068	0.00956	0.01406	0.01631	0.00787	0.02137	0.01237	0.03261	0.01012	0.01181	0.00787	0.00675	0.00450	0.00225	0.00562	0.00394	0.00450	0.00787
9	0.01943	0.74891	0.03809	0.01244	0.01866	0.02876	0.01244	0.02177	0.01477	0.01710	0.01011	0.01166	0.00933	0.00622	0.00466	0.00155	0.00777	0.00389	0.00311	0.00933
10	0.00919	0.00668	0.00879	0.01016	0.01090	0.00610	0.00685	0.01055	0.01398	0.01883	0.03863	0.70141	0.04610	0.02185	0.00907	0.00285	0.00428	0.01980	0.00662	0.04738
11	0.01022	0.00728	0.00876	0.00896	0.01072	0.00646	0.00650	0.01234	0.01698	0.05316	0.22411	0.27546	0.29563	0.01843	0.00874	0.00256	0.00390	0.01608	0.00718	0.00654
12	0.00900	0.00644	0.00856	0.01002	0.01057	0.00600	0.00676	0.01048	0.01458	0.01961	0.10557	0.67127	0.05013	0.02198	0.00921	0.00289	0.00414	0.01991	0.00687	0.00600
13	0.01741	0.01464	0.01668	0.04020	0.05076	0.03719	0.01083	0.02582	0.21492	0.06181	0.01869	0.01940	0.01449	0.00710	0.00628	0.00168	0.00611	0.00582	0.00538	0.42477
14	0.01373	0.01292	0.02180	0.72707	0.05006	0.01615	0.02019	0.01857	0.01453	0.01857	0.01292	0.01938	0.00969	0.00727	0.00727	0.00242	0.00969	0.00646	0.00323	0.00807
15	0.01373	0.01292	0.02180	0.72707	0.05006	0.01615	0.02019	0.01857	0.01453	0.01857	0.01292	0.01938	0.00969	0.00727	0.00727	0.00242	0.00969	0.00646	0.00323	0.00807
16	0.02047	0.05361	0.02267	0.17374	0.15004	0.22679	0.01634	0.09191	0.06689	0.02331	0.04385	0.01865	0.01365	0.00804	0.00769	0.00218	0.04007	0.00624	0.00437	0.00949
17	0.01816	0.01724	0.04971	0.14544	0.28224	0.04720	0.06501	0.08868	0.05849	0.04775	0.01599	0.01991	0.01268	0.01238	0.08430	0.00328	0.01020	0.00679	0.00435	0.01023

[dist]
# distance from previous block
# <min> <max>
2	13

[block]
# block no. 3 follows, 28 sequences, length 37
# corresponding to MSA columns:
# 143-179
name=unknown_D
#
# <colnr> <probs for GDERKNQSTAVLIFYWHMCP>
#	G	D	E	R	K	N	Q	S	T	A	V	L	I	F	Y	W	H	M	C	P
0	0.01643	0.11574	0.02270	0.15877	0.02519	0.07746	0.04031	0.04722	0.01476	0.01944	0.01386	0.05461	0.01274	0.01477	0.09231	0.00347	0.21140	0.00679	0.00375	0.04828
1	0.04514	0.01811	0.01985	0.01761	0.06702	0.06098	0.01337	0.34823	0.05666	0.03440	0.01668	0.01851	0.01280	0.00912	0.00961	0.00228	0.12726	0.00643	0.10547	0.01045
2	0.01115	0.00748	0.00887	0.00898	0.00963	0.00757	0.00581	0.03760	0.01316	0.01837	0.05826	0.18025	0.03079	0.41306	0.08281	0.00572	0.00706	0.01196	0.07596	0.00552
3	0.01874	0.01494	0.01557	0.05564	0.01871	0.07566	0.01086	0.15605	0.18580	0.06353	0.20458	0.03074	0.03041	0.01046	0.00740	0.00223	0.00627	0.00863	0.07422	0.00958
4	0.00990	0.00723	0.00936	0.00964	0.01109	0.00669	0.00718	0.01261	0.01810	0.02479	0.40317	0.23501	0.12061	0.01775	0.00890	0.00258	0.00397	0.07746	0.00743	0.00653
5	0.01877	0.01530	0.01788	0.09718	0.06307	0.01715	0.01292	0.14419	0.36578	0.05212	0.02901	0.02823	0.08624	0.01000	0.00747	0.00238	0.00657	0.00831	0.00666	0.01075
6	0.00870	0.00733	0.00754	0.00757	0.00991	0.00617	0.00565	0.01062	0.01671	0.02016	0.10944	0.09363	0.63504	0.01836	0.00862	0.00246	0.00369	0.01541	0.00682	0.00617
7	0.01716	0.01961	0.04289	0.03064	0.03799	0.01838	0.67279	0.02328	0.01716	0.02328	0.01471	0.01961	0.01103	0.00613	0.00858	0.00245	0.01225	0.00858	0.00368	0.00980
8	0.01590	0.01590	0.02226	0.01908	0.01908	0.02226	0.01590	0.01749	0.01113	0.01749	0.00954	0.01590	0.00954	0.01272	0.02385	0.00318	0.73123	0.00636	0.00318	0.00795
9	0.02630	0.06834	0.02118	0.01758	0.02174	0.53090	0.01357	0.14095	0.02246	0.02301	0.01275	0.01434	0.01025	0.00768	0.00652	0.00190	0.01156	0.00505	0.03482	0.00910
10	0.00876	0.00737	0.00760	0.00754	0.00992	0.00621	0.00566	0.01076	0.01697	0.02059	0.13603	0.06838	0.63326	0.01805	0.00859	0.00244	0.00366	0.01512	0.00688	0.00621
11	0.01775	0.01524	0.01619	0.01472	0.01870	0.01757	0.01152	0.03740	0.65113	0.02996	0.03005	0.02998	0.02321	0.01040	0.00753	0.00251	0.00580	0.04173	0.00736	0.01125
12	0.02763	0.02036	0.02182	0.01672	0.02254	0.02254	0.01382	0.67496	0.03418	0.04581	0.01745	0.01745	0.01236	0.00873	0.00727	0.00218	0.00800	0.00654	0.00727	0.01236
13	0.02344	0.01882	0.01932	0.01577	0.02076	0.05564	0.01266	0.39125	0.24155	0.03770	0.02168	0.04592	0.01658	0.00941	0.00728	0.00225	0.00732	0.00741	0.00701	0.03824
14	0.00865	0.00714	0.00759	0.00795	0.00997	0.00609	0.00578	0.01037	0.01600	0.01941	0.06647	0.21306	0.55777	0.01934	0.00874	0.00256	0.00380	0.01648	0.00675	0.00609
15	0.01611	0.01360	0.01630	0.07604	0.02068	0.01146	0.01014	0.07873	0.01678	0.02526	0.01334	0.01568	0.01082	0.00586	0.00573	0.00130	0.00601	0.00471	0.00448	0.64697
16	0.02189	0.08096	0.02177	0.11717	0.06600	0.18898	0.01440	0.22448	0.02208	0.02747	0.01559	0.05385	0.01302	0.00879	0.00770	0.00215	0.04615	0.00659	0.05136	0.00961
17	0.01029	0.00743	0.00972	0.00914	0.01086	0.00686	0.00686	0.01372	0.02058	0.02915	0.69536	0.05430	0.06859	0.01486	0.00857	0.00229	0.00343	0.01315	0.00800	0.00686
18	0.79588	0.01406	0.01068	0.00956	0.01406	0.01631	0.00787	0.02137	0.01237	0.03261	0.01012	0.01181	0.00787	0.00675	0.00450	0.00225	0.00562	0.00394	0.00450	0.00787
19	0.00886	0.00633	0.00843	0.01012	0.01054	0.00590	0.00675	0.01012	0.01392	0.01856	0.04006	0.73979	0.04808	0.02277	0.00928	0.00295	0.00422	0.02066	0.00675	0.00590
20	0.01716	0.01961	0.04289	0.03064	0.03799	0.01838	0.67279	0.02328	0.01716	0.02328	0.01471	0.01961	0.01103	0.00613	0.00858	0.00245	0.01225	0.00858	0.00368	0.00980
21	0.01014	0.00736	0.00956	0.00914	0.01080	0.00678	0.00680	0.01339	0.02004	0.02818	0.63401	0.09569	0.08989	0.01546	0.00862	0.00233	0.00349	0.01367	0.00788	0.00678
22	0.01263	0.00631	0.00947	0.00947	0.00947	0.00631	0.00631	0.00947	0.00947	0.01263	0.01263	0.02210	0.01263	0.02525	0.02841	0.78851	0.00631	0.00631	0.00316	0.00316
23	0.01586	0.01510	0.02566	0.38551	0.37495	0.01671	0.02125	0.02044	0.01554	0.02116	0.01330	0.01868	0.01060	0.00687	0.00723	0.00229	0.00916	0.00647	0.00341	0.00980
24	0.03214	0.01313	0.01734	0.01329	0.01893	0.01181	0.01098	0.09610	0.02207	0.64176	0.02761	0.02405	0.01746	0.00897	0.00731	0.00224	0.00636	0.00724	0.00883	0.01237
25	0.01506	0.03427	0.58388	0.02256	0.03267	0.01716	0.14651	0.02307	0.01568	0.02307	0.01335	0.01614	0.00955	0.00676	0.00722	0.00233	0.01102	0.00597	0.00318	0.01057
26	0.00886	0.00633	0.00843	0.01012	0.01054	0.00590	0.00675	0.01012	0.01392	0.01856	0.04006	0.73979	0.04808	0.02277	0.00928	0.00295	0.00422	0.02066	0.00675	0.00590
27	0.01068	0.00742	0.00960	0.00929	0.01099	0.00679	0.00688	0.01367	0.01934	0.04870	0.53679	0.15524	0.10501	0.01607	0.00864	0.00239	0.00365	0.01421	0.00777	0.00685
28	0.00886	0.00633	0.00843	0.01012	0.01054	0.00590	0.00675	0.01012	0.01392	0.01856	0.04006	0.73979	0.04808	0.02277	0.00928	0.00295	0.00422	0.02066	0.00675	0.00590
29	0.02838	0.01778	0.02005	0.01552	0.02117	0.01890	0.01278	0.45106	0.07531	0.23014	0.02145	0.02017	0.01462	0.00888	0.00729	0.00222	0.00733	0.00688	0.00777	0.01231
30	0.01894	0.67584	0.10680	0.01329	0.01997	0.02754	0.01392	0.02190	0.01483	0.01771	0.01041	0.01204	0.00932	0.00629	0.00489	0.00163	0.00808	0.00404	0.00311	0.00947
31	0.01050	0.00709	0.00827	0.00832	0.00845	0.00718	0.00488	0.01076	0.01078	0.01448	0.02318	0.06903	0.02644	0.66139	0.09418	0.00731	0.00802	0.01067	0.00444	0.00463
32	0.00991	0.00737	0.00922	0.00884	0.01065	0.00668	0.00660	0.01295	0.01955	0.02692	0.55117	0.08430	0.18727	0.01585	0.00860	0.00234	0.00351	0.01386	0.00771	0.00668
33	0.00906	0.00647	0.00867	0.01036	0.01087	0.00608	0.00711	0.01048	0.01412	0.01879	0.03995	0.69178	0.04762	0.02258	0.00933	0.00298	0.00440	0.06662	0.00674	0.00596
34	0.01582	0.01579	0.02225	0.04578	0.02025	0.02203	0.01606	0.01753	0.01126	0.01753	0.00967	0.01603	0.00955	0.01252	0.02323	0.00315	0.70402	0.00637	0.00318	0.00796
35	0.01708	0.01622	0.02470	0.03514	0.49846	0.04593	0.01848	0.02244	0.07367	0.02460	0.10666	0.04658	0.02111	0.00845	0.00744	0.00221	0.00775	0.00789	0.00461	0.01058
36	0.01363	0.00986	0.03250	0.01314	0.01560	0.00913	0.01155	0.01784	0.05143	0.07964	0.03935	0.07139	0.09186	0.01809	0.00946	0.00310	0.00647	0.49163	0.00682	0.00749

[dist]
# distance from previous block
# <min> <max>
0	3

[block]
# block no. 4 follows, 28 sequences, length 15
# corresponding to MSA columns:
# 183-197
name=unknown_E
#
# <colnr> <probs for GDERKNQSTAVLIFYWHMCP>
#	G	D	E	R	K	N	Q	S	T	A	V	L	I	F	Y	W	H	M	C	P
0	0.02648	0.01960	0.02111	0.01649	0.02204	0.02170	0.01362	0.61635	0.06254	0.04402	0.01896	0.02083	0.01415	0.00930	0.00740	0.00225	0.00784	0.03602	0.00725	0.01206
1	0.01558	0.25558	0.34721	0.01716	0.02484	0.01920	0.06470	0.02108	0.01570	0.02150	0.07699	0.05756	0.01700	0.00824	0.00660	0.00211	0.00888	0.00668	0.00378	0.00961
2	0.01003	0.00682	0.00809	0.00862	0.00875	0.00669	0.00514	0.01043	0.01162	0.01549	0.02829	0.26476	0.03322	0.51807	0.02830	0.00576	0.00616	0.01374	0.00514	0.00488
3	0.02010	0.39161	0.05542	0.01641	0.02118	0.17206	0.05419	0.02265	0.01550	0.01791	0.01063	0.01337	0.00947	0.00772	0.00895	0.00201	0.14373	0.00485	0.00329	0.00896
4	0.60979	0.01605	0.05274	0.03826	0.07051	0.01685	0.01092	0.06730	0.01447	0.03182	0.01118	0.01315	0.00861	0.00689	0.00514	0.00225	0.00646	0.00449	0.00450	0.00864
5	0.01086	0.00792	0.00901	0.00865	0.01101	0.00704	0.00651	0.01389	0.04233	0.06266	0.25470	0.09753	0.40796	0.01672	0.00851	0.00242	0.00386	0.01424	0.00728	0.00690
6	0.01225	0.00861	0.01060	0.00963	0.01192	0.00812	0.00736	0.06554	0.02109	0.05471	0.53112	0.05248	0.14934	0.01465	0.00843	0.00230	0.00392	0.01272	0.00781	0.00740
7	0.02664	0.01301	0.01578	0.01256	0.01724	0.01266	0.01021	0.18954	0.02275	0.37959	0.02544	0.05542	0.01807	0.00945	0.00696	0.00216	0.00601	0.00762	0.15791	0.01100
8	0.00991	0.00668	0.00882	0.01008	0.01087	0.00617	0.00687	0.01139	0.01469	0.04759	0.07898	0.64510	0.07242	0.02158	0.00913	0.00287	0.00423	0.01947	0.00691	0.00624
9	0.01458	0.03760	0.70688	0.02072	0.03146	0.01688	0.02686	0.02302	0.01535	0.02302	0.01304	0.01535	0.00921	0.00691	0.00691	0.00230	0.01074	0.00537	0.00307	0.01074
10	0.00886	0.00633	0.00843	0.01012	0.01054	0.00590	0.00675	0.01012	0.01392	0.01856	0.04006	0.73979	0.04808	0.02277	0.00928	0.00295	0.00422	0.02066	0.00675	0.00590
11	0.79588	0.01406	0.01068	0.00956	0.01406	0.01631	0.00787	0.02137	0.01237	0.03261	0.01012	0.01181	0.00787	0.00675	0.00450	0.00225	0.00562	0.00394	0.00450	0.00787
12	0.03206	0.01326	0.01742	0.01336	0.01900	0.01201	0.01103	0.10683	0.02230	0.63071	0.02742	0.02393	0.01736	0.00897	0.00731	0.00224	0.00639	0.00722	0.00880	0.01237
13	0.79588	0.01406	0.01068	0.00956	0.01406	0.01631	0.00787	0.02137	0.01237	0.03261	0.01012	0.01181	0.00787	0.00675	0.00450	0.00225	0.00562	0.00394	0.00450	0.00787
14	0.01808	0.01561	0.01644	0.01479	0.01890	0.01808	0.01151	0.03863	0.68606	0.03041	0.02959	0.02712	0.02219	0.00986	0.00740	0.00247	0.00575	0.00822	0.00740	0.01151

[dist]
# distance from previous block
# <min> <max>
0	10

[block]
# block no. 5 follows, 28 sequences, length 12
# corresponding to MSA columns:
# 208-211,215-222
name=unknown_F
#
# <colnr> <probs for GDERKNQSTAVLIFYWHMCP>
#	G	D	E	R	K	N	Q	S	T	A	V	L	I	F	Y	W	H	M	C	P
0	0.79588	0.01406	0.01068	0.00956	0.01406	0.01631	0.00787	0.02137	0.01237	0.03261	0.01012	0.01181	0.00787	0.00675	0.00450	0.00225	0.00562	0.00394	0.00450	0.00787
1	0.00918	0.00656	0.00881	0.01049	0.01106	0.00619	0.00732	0.01069	0.01424	0.01892	0.03988	0.66464	0.04736	0.02247	0.00937	0.00300	0.00450	0.09260	0.00674	0.00599
2	0.01575	0.00856	0.01138	0.01020	0.01276	0.00772	0.00781	0.01879	0.01992	0.19789	0.45740	0.12030	0.05366	0.01423	0.00833	0.00235	0.00421	0.01248	0.00812	0.00814
3	0.79588	0.01406	0.01068	0.00956	0.01406	0.01631	0.00787	0.02137	0.01237	0.03261	0.01012	0.01181	0.00787	0.00675	0.00450	0.00225	0.00562	0.00394	0.00450	0.00787
4	0.00937	0.00743	0.00855	0.00913	0.01110	0.00661	0.00709	0.01152	0.01638	0.02033	0.08664	0.16888	0.43569	0.01926	0.00900	0.00271	0.00440	0.15286	0.00679	0.00625
5	0.00883	0.00644	0.00831	0.00981	0.01046	0.00593	0.00661	0.01016	0.01422	0.01868	0.04390	0.66326	0.12213	0.02227	0.00920	0.00290	0.00416	0.02006	0.00675	0.00593
6	0.00883	0.00641	0.00835	0.00990	0.01048	0.00592	0.00665	0.01015	0.01413	0.01864	0.04280	0.68525	0.10086	0.02242	0.00922	0.00291	0.00417	0.02023	0.00675	0.00592
7	0.03209	0.01320	0.01738	0.01333	0.01897	0.01192	0.01101	0.10209	0.02220	0.63560	0.02751	0.02398	0.01741	0.00897	0.00731	0.00224	0.00637	0.00723	0.00882	0.01237
8	0.01400	0.01242	0.01964	0.52312	0.03965	0.01560	0.01736	0.01818	0.01417	0.01969	0.01406	0.02005	0.01100	0.00819	0.00922	0.00242	0.10777	0.00649	0.11912	0.00787
9	0.01337	0.00864	0.01105	0.01002	0.01236	0.00820	0.00766	0.01813	0.07525	0.10296	0.56790	0.04884	0.05925	0.01381	0.00834	0.00230	0.00392	0.01210	0.00806	0.00784
10	0.03261	0.01237	0.01687	0.01293	0.01856	0.01068	0.01068	0.03543	0.02081	0.70423	0.02868	0.02474	0.01799	0.00900	0.00731	0.00225	0.00619	0.00731	0.00900	0.01237
11	0.01821	0.01982	0.08257	0.03806	0.53884	0.08059	0.02090	0.02217	0.01637	0.02243	0.01333	0.01759	0.01120	0.00780	0.00846	0.05218	0.00907	0.00621	0.00354	0.01064

[dist]
# distance from previous block
# <min> <max>
0	1

[block]
# block no. 6 follows, 28 sequences, length 28
# corresponding to MSA columns:
# 224-251
name=unknown_G
#
# <colnr> <probs for GDERKNQSTAVLIFYWHMCP>
#	G	D	E	R	K	N	Q	S	T	A	V	L	I	F	Y	W	H	M	C	P
0	0.01994	0.01436	0.01658	0.03808	0.04621	0.01572	0.01164	0.03466	0.46304	0.15384	0.05063	0.02891	0.05363	0.01004	0.00746	0.00241	0.00591	0.00841	0.00740	0.01116
1	0.01008	0.00742	0.00943	0.00892	0.01073	0.00677	0.00669	0.01331	0.02008	0.02797	0.61851	0.05623	0.14617	0.01530	0.00858	0.00231	0.00346	0.01342	0.00785	0.00677
2	0.01057	0.00705	0.00793	0.00793	0.00793	0.00705	0.00440	0.01057	0.01057	0.01409	0.02290	0.04757	0.02643	0.74454	0.03700	0.00705	0.00705	0.01057	0.00440	0.00440
3	0.00888	0.00677	0.00818	0.00911	0.01032	0.00606	0.00634	0.01052	0.01536	0.01979	0.10513	0.45700	0.26904	0.02065	0.00899	0.00273	0.00397	0.01825	0.00685	0.00606
4	0.01808	0.01561	0.01644	0.01479	0.01890	0.01808	0.01151	0.03863	0.68606	0.03041	0.02959	0.02712	0.02219	0.00986	0.00740	0.00247	0.00575	0.00822	0.00740	0.01151
5	0.01943	0.74891	0.03809	0.01244	0.01866	0.02876	0.01244	0.02177	0.01477	0.01710	0.01011	0.01166	0.00933	0.00622	0.00466	0.00155	0.00777	0.00389	0.00311	0.00933
6	0.01532	0.01499	0.02193	0.13728	0.05882	0.02020	0.01653	0.01765	0.01201	0.01796	0.01091	0.01735	0.01019	0.01401	0.06178	0.00351	0.53177	0.00647	0.00325	0.00807
7	0.74994	0.05754	0.01231	0.00973	0.01433	0.01704	0.00814	0.02139	0.01251	0.03170	0.01012	0.01180	0.00796	0.00672	0.00451	0.00221	0.00575	0.00393	0.00442	0.00796
8	0.01924	0.41068	0.06881	0.01401	0.01918	0.16066	0.01288	0.02304	0.05649	0.01930	0.06536	0.01760	0.01532	0.01085	0.05641	0.00250	0.00939	0.00539	0.00393	0.00897
9	0.01562	0.06417	0.52057	0.05767	0.05023	0.01707	0.08083	0.02292	0.01557	0.04755	0.01382	0.01654	0.01003	0.00819	0.02633	0.00254	0.01070	0.00581	0.00339	0.01043
10	0.00909	0.00738	0.00805	0.00789	0.01012	0.00635	0.00591	0.01139	0.01774	0.02242	0.25567	0.06537	0.51248	0.01737	0.00859	0.00241	0.00361	0.01470	0.00712	0.00635
11	0.00886	0.00633	0.00843	0.01012	0.01054	0.00590	0.00675	0.01012	0.01392	0.01856	0.04006	0.73979	0.04808	0.02277	0.00928	0.00295	0.00422	0.02066	0.00675	0.00590
12	0.16742	0.39599	0.20398	0.01427	0.02122	0.05138	0.01533	0.02231	0.01470	0.02163	0.01091	0.01270	0.00902	0.00655	0.00529	0.00189	0.00834	0.00431	0.00339	0.00938
13	0.02715	0.03464	0.02060	0.01873	0.02247	0.71536	0.01404	0.02903	0.02060	0.01779	0.01124	0.01311	0.00936	0.00749	0.00655	0.00187	0.01311	0.00468	0.00375	0.00843
14	0.01439	0.00759	0.00768	0.00737	0.00931	0.00772	0.00560	0.05632	0.01638	0.02822	0.02334	0.02652	0.01826	0.00848	0.00521	0.00172	0.00366	0.00676	0.73835	0.00711
15	0.05778	0.03648	0.08856	0.01329	0.01853	0.01243	0.01184	0.09210	0.02037	0.38092	0.09903	0.09106	0.02416	0.01048	0.00739	0.00230	0.00638	0.00866	0.00752	0.01072
16	0.01700	0.01799	0.05673	0.18019	0.42124	0.06468	0.04636	0.02137	0.01639	0.02197	0.01691	0.02096	0.05139	0.00742	0.00729	0.00223	0.00911	0.00691	0.00370	0.01017
17	0.02715	0.03464	0.02060	0.01873	0.02247	0.71536	0.01404	0.02903	0.02060	0.01779	0.01124	0.01311	0.00936	0.00749	0.00655	0.00187	0.01311	0.00468	0.00375	0.00843
18	0.01087	0.00757	0.00959	0.00906	0.01100	0.00686	0.00680	0.01394	0.01968	0.05480	0.54323	0.08480	0.16348	0.01551	0.00855	0.00234	0.00361	0.01357	0.00779	0.00693
19	0.01783	0.12537	0.20038	0.02213	0.02840	0.10558	0.22250	0.02267	0.01571	0.02065	0.01230	0.01599	0.00987	0.00769	0.01014	0.00235	0.14134	0.00626	0.00337	0.00947
20	0.00895	0.00648	0.00849	0.01005	0.01067	0.00602	0.00685	0.01034	0.01423	0.01876	0.04251	0.66348	0.09623	0.02234	0.00926	0.00293	0.00428	0.04544	0.00675	0.00595
21	0.02715	0.03464	0.02060	0.01873	0.02247	0.71536	0.01404	0.02903	0.02060	0.01779	0.01124	0.01311	0.00936	0.00749	0.00655	0.00187	0.01311	0.00468	0.00375	0.00843
22	0.02460	0.06697	0.02093	0.07176	0.02260	0.01947	0.01300	0.43861	0.02749	0.10913	0.01918	0.05369	0.01507	0.05330	0.00898	0.00249	0.00769	0.00734	0.00666	0.01103
23	0.33645	0.02306	0.26156	0.01475	0.02162	0.01679	0.01563	0.11852	0.01737	0.06250	0.04026	0.01619	0.01189	0.00752	0.00606	0.00226	0.00774	0.00536	0.00475	0.00973
24	0.05025	0.00783	0.01008	0.07019	0.01436	0.00774	0.00816	0.01268	0.01606	0.02222	0.19904	0.33862	0.13438	0.01795	0.00865	0.00267	0.00467	0.06131	0.00663	0.00651
25	0.00991	0.00687	0.00816	0.00864	0.00902	0.00663	0.00534	0.01061	0.01255	0.01669	0.07103	0.26301	0.07569	0.43508	0.02506	0.00523	0.00576	0.01412	0.00548	0.00512
26	0.02347	0.02430	0.02108	0.04541	0.04350	0.32163	0.01455	0.12106	0.01969	0.06339	0.01298	0.01561	0.01050	0.00894	0.01102	0.00227	0.19038	0.00564	0.00444	0.04013
27	0.12241	0.08071	0.01755	0.05545	0.01850	0.03966	0.01105	0.07059	0.01576	0.08572	0.01552	0.01896	0.01266	0.01684	0.14378	0.00388	0.09128	0.00585	0.05039	0.12345

[dist]
# distance from previous block
# <min> <max>
0	2

[block]
# block no. 7 follows, 28 sequences, length 18
# corresponding to MSA columns:
# 255-272
name=unknown_H
#
# <colnr> <probs for GDERKNQSTAVLIFYWHMCP>
#	G	D	E	R	K	N	Q	S	T	A	V	L	I	F	Y	W	H	M	C	P
0	0.02168	0.01457	0.01809	0.01753	0.10987	0.01505	0.01224	0.23489	0.08769	0.15338	0.13934	0.02918	0.06197	0.01081	0.00840	0.03286	0.00646	0.00845	0.00703	0.01052
1	0.00981	0.00741	0.00905	0.00864	0.01056	0.00665	0.00648	0.01278	0.01944	0.02645	0.51880	0.05874	0.24684	0.01587	0.00858	0.00233	0.00350	0.01377	0.00765	0.00665
2	0.01663	0.01733	0.01924	0.01809	0.04992	0.15464	0.01388	0.01869	0.01341	0.01767	0.01292	0.01908	0.01208	0.02339	0.21823	0.00532	0.35173	0.00645	0.00352	0.00779
3	0.01029	0.00743	0.00972	0.00914	0.01086	0.00686	0.00686	0.01372	0.02058	0.02915	0.69536	0.05430	0.06859	0.01486	0.00857	0.00229	0.00343	0.01315	0.00800	0.00686
4	0.01373	0.01292	0.02180	0.72707	0.05006	0.01615	0.02019	0.01857	0.01453	0.01857	0.01292	0.01938	0.00969	0.00727	0.00727	0.00242	0.00969	0.00646	0.00323	0.00807
5	0.05540	0.12757	0.58532	0.01908	0.02892	0.01838	0.02403	0.02277	0.01512	0.02276	0.01252	0.01469	0.00915	0.00681	0.00649	0.00220	0.01010	0.00511	0.00315	0.01041
6	0.00886	0.00633	0.00843	0.01012	0.01054	0.00590	0.00675	0.01012	0.01392	0.01856	0.04006	0.73979	0.04808	0.02277	0.00928	0.00295	0.00422	0.02066	0.00675	0.00590
7	0.02194	0.51734	0.03242	0.01448	0.01989	0.25136	0.01296	0.02412	0.01666	0.01733	0.01047	0.01213	0.00934	0.00663	0.00528	0.00166	0.00950	0.00414	0.00332	0.00904
8	0.01263	0.00631	0.00947	0.00947	0.00947	0.00631	0.00631	0.00947	0.00947	0.01263	0.01263	0.02210	0.01263	0.02525	0.02841	0.78851	0.00631	0.00631	0.00316	0.00316
9	0.01404	0.01222	0.01714	0.02059	0.17672	0.04110	0.04368	0.01815	0.05765	0.02171	0.05528	0.07878	0.05841	0.11200	0.01245	0.00331	0.00731	0.23599	0.00549	0.00799
10	0.02397	0.16048	0.02590	0.01997	0.09518	0.21940	0.04053	0.18031	0.02149	0.07163	0.01396	0.01565	0.01097	0.00787	0.00783	0.00206	0.06226	0.00562	0.00476	0.01016
11	0.01994	0.05138	0.12512	0.03909	0.02223	0.04380	0.01393	0.26505	0.02226	0.03068	0.01572	0.04166	0.01279	0.03371	0.00765	0.00205	0.00776	0.00615	0.00520	0.23383
12	0.01263	0.00631	0.00947	0.00947	0.00947	0.00631	0.00631	0.00947	0.00947	0.01263	0.01263	0.02210	0.01263	0.02525	0.02841	0.78851	0.00631	0.00631	0.00316	0.00316
13	0.01507	0.01292	0.01507	0.01077	0.01723	0.00969	0.00861	0.01830	0.01507	0.02369	0.01292	0.01507	0.01077	0.00538	0.00538	0.00108	0.00538	0.00431	0.00431	0.78898
14	0.01391	0.01177	0.01374	0.01035	0.01587	0.00902	0.00815	0.01692	0.01544	0.02335	0.05701	0.06235	0.07519	0.00800	0.00605	0.00137	0.00506	0.00665	0.00486	0.63495
15	0.01687	0.05844	0.05626	0.06736	0.18847	0.09202	0.18619	0.02188	0.05114	0.02187	0.02132	0.07878	0.06181	0.00933	0.00772	0.00234	0.00926	0.03521	0.00434	0.00939
16	0.05878	0.11321	0.13904	0.03597	0.01915	0.01338	0.03826	0.02017	0.01678	0.11463	0.15816	0.08017	0.02880	0.03831	0.00840	0.00248	0.00678	0.06075	0.03813	0.00865
17	0.04877	0.09311	0.05202	0.06374	0.08572	0.01685	0.01313	0.11241	0.16947	0.05935	0.05153	0.08695	0.04376	0.01021	0.00759	0.00230	0.02886	0.00835	0.03602	0.00985

[dist]
# distance from previous block
# <min> <max>
4	18

[block]
# block no. 8 follows, 28 sequences, length 49
# corresponding to MSA columns:
# 291-311,313-340
name=unknown_I
#
# <colnr> <probs for GDERKNQSTAVLIFYWHMCP>
#	G	D	E	R	K	N	Q	S	T	A	V	L	I	F	Y	W	H	M	C	P
0	0.15440	0.05399	0.11625	0.05772	0.13300	0.04236	0.08488	0.08116	0.01686	0.04842	0.01425	0.01890	0.01160	0.00805	0.00840	0.00232	0.07914	0.03293	0.00428	0.03109
1	0.01712	0.01467	0.02190	0.42706	0.12561	0.01683	0.01798	0.15260	0.01857	0.02472	0.01393	0.01877	0.01067	0.00830	0.00826	0.04223	0.00886	0.00638	0.00414	0.04141
2	0.01068	0.00813	0.01187	0.01171	0.01282	0.00957	0.00900	0.01299	0.01155	0.01665	0.01928	0.02968	0.01850	0.11673	0.61709	0.01082	0.05467	0.00797	0.00391	0.00637
3	0.05911	0.07874	0.01987	0.04640	0.02041	0.01938	0.01209	0.43084	0.02674	0.03723	0.01769	0.04007	0.01372	0.00920	0.00726	0.02374	0.00715	0.00665	0.11323	0.01049
4	0.01255	0.00634	0.00941	0.00941	0.00941	0.00634	0.00624	0.00951	0.00951	0.01268	0.01301	0.02305	0.01314	0.05224	0.02873	0.75919	0.00634	0.00647	0.00320	0.00320
5	0.02138	0.01860	0.01762	0.01518	0.01957	0.11266	0.01193	0.18458	0.37091	0.05523	0.02740	0.02596	0.06669	0.00986	0.00734	0.00231	0.00714	0.00783	0.00688	0.01093
6	0.02016	0.01561	0.02034	0.04248	0.05446	0.01625	0.08150	0.31744	0.02359	0.04915	0.02085	0.13371	0.01909	0.08303	0.01052	0.00274	0.00762	0.00922	0.00603	0.06621
7	0.04545	0.01865	0.02596	0.04765	0.07149	0.01964	0.15650	0.36912	0.04644	0.09892	0.01765	0.01884	0.01262	0.00796	0.00748	0.00226	0.00872	0.00703	0.00619	0.01144
8	0.01547	0.16743	0.58481	0.01921	0.02912	0.01905	0.02423	0.02279	0.01524	0.02194	0.01251	0.01467	0.00923	0.00678	0.00650	0.00217	0.01020	0.00510	0.00308	0.01048
9	0.00965	0.00741	0.00842	0.00844	0.01006	0.00676	0.00596	0.01196	0.03365	0.02111	0.21194	0.14398	0.32162	0.15038	0.01383	0.00331	0.00435	0.01440	0.00665	0.00611
10	0.01484	0.03605	0.65538	0.02253	0.08222	0.01691	0.02651	0.02297	0.01544	0.02308	0.01309	0.01555	0.00938	0.00687	0.00693	0.00229	0.01058	0.00546	0.00311	0.01080
11	0.01470	0.07459	0.47020	0.01907	0.02746	0.01580	0.08176	0.02123	0.01549	0.04155	0.01905	0.11027	0.03875	0.00928	0.00729	0.00236	0.00948	0.00793	0.00390	0.00983
12	0.01573	0.00847	0.01124	0.01026	0.01267	0.00766	0.00773	0.01848	0.01905	0.19914	0.37944	0.17518	0.05039	0.03935	0.00934	0.00256	0.00440	0.01298	0.00790	0.00801
13	0.01675	0.05189	0.15440	0.03197	0.27054	0.01785	0.25113	0.02216	0.01619	0.02277	0.01456	0.04313	0.01206	0.00721	0.00818	0.00233	0.03549	0.00741	0.00361	0.01036
14	0.14884	0.02000	0.06422	0.18476	0.15681	0.14183	0.01637	0.10058	0.01809	0.02573	0.01338	0.01662	0.01041	0.00728	0.00654	0.00217	0.00898	0.00568	0.04233	0.00938
15	0.03087	0.01291	0.01696	0.01314	0.01857	0.01170	0.01080	0.08728	0.03991	0.60338	0.05579	0.02545	0.01977	0.00924	0.00736	0.00225	0.00621	0.00752	0.00877	0.01211
16	0.02763	0.02036	0.02182	0.01672	0.02254	0.02254	0.01382	0.67496	0.03418	0.04581	0.01745	0.01745	0.01236	0.00873	0.00727	0.00218	0.00800	0.00654	0.00727	0.01236
17	0.00923	0.00650	0.00839	0.00968	0.01008	0.00615	0.00632	0.01035	0.01357	0.01817	0.06336	0.58581	0.04495	0.15419	0.01431	0.00367	0.00470	0.01852	0.00637	0.00567
18	0.00881	0.00652	0.00824	0.00962	0.01041	0.00595	0.00652	0.01018	0.01440	0.01875	0.04619	0.61754	0.16638	0.02198	0.00915	0.00286	0.00412	0.01969	0.00675	0.00595
19	0.00951	0.00672	0.00865	0.00949	0.01014	0.00634	0.00635	0.01107	0.01491	0.02029	0.19471	0.44840	0.04906	0.15260	0.01417	0.00354	0.00454	0.01701	0.00662	0.00586
20	0.03261	0.01237	0.01687	0.01293	0.01856	0.01068	0.01068	0.03543	0.02081	0.70423	0.02868	0.02474	0.01799	0.00900	0.00731	0.00225	0.00619	0.00731	0.00900	0.01237
21	0.03261	0.01237	0.01687	0.01293	0.01856	0.01068	0.01068	0.03543	0.02081	0.70423	0.02868	0.02474	0.01799	0.00900	0.00731	0.00225	0.00619	0.00731	0.00900	0.01237
22	0.01943	0.74891	0.03809	0.01244	0.01866	0.02876	0.01244	0.02177	0.01477	0.01710	0.01011	0.01166	0.00933	0.00622	0.00466	0.00155	0.00777	0.00389	0.00311	0.00933
23	0.01029	0.00743	0.00972	0.00914	0.01086	0.00686	0.00686	0.01372	0.02058	0.02915	0.69536	0.05430	0.06859	0.01486	0.00857	0.00229	0.00343	0.01315	0.00800	0.00686
24	0.00867	0.00737	0.00747	0.00745	0.00987	0.00617	0.00559	0.01059	0.01676	0.02008	0.10287	0.06922	0.66673	0.01824	0.00859	0.00245	0.00367	0.01524	0.00681	0.00617
25	0.01038	0.00779	0.01168	0.01168	0.01298	0.00909	0.00909	0.01298	0.01168	0.01687	0.01947	0.02856	0.01817	0.05452	0.71573	0.01168	0.01947	0.00779	0.00389	0.00649
26	0.02710	0.01984	0.02124	0.01635	0.02201	0.02194	0.01348	0.64992	0.03346	0.04510	0.01769	0.01782	0.01260	0.00872	0.00719	0.00216	0.00782	0.00655	0.03686	0.01215
27	0.01954	0.69842	0.06097	0.01295	0.01924	0.05285	0.01300	0.02207	0.01500	0.01733	0.01025	0.01184	0.00933	0.00629	0.00481	0.00159	0.00807	0.00397	0.00313	0.00935
28	0.01906	0.59995	0.14314	0.01407	0.02088	0.06177	0.01480	0.02233	0.01516	0.01807	0.01063	0.01232	0.00931	0.00639	0.00512	0.00169	0.00852	0.00416	0.00314	0.00951
29	0.00886	0.00633	0.00843	0.01012	0.01054	0.00590	0.00675	0.01012	0.01392	0.01856	0.04006	0.73979	0.04808	0.02277	0.00928	0.00295	0.00422	0.02066	0.00675	0.00590
30	0.01764	0.01523	0.01601	0.01445	0.01848	0.01753	0.01123	0.03732	0.65494	0.02991	0.03163	0.02911	0.05352	0.01026	0.00745	0.00246	0.00566	0.00855	0.00737	0.01126
31	0.01753	0.61357	0.03259	0.01159	0.01709	0.02467	0.01124	0.01985	0.01528	0.01799	0.04982	0.02159	0.10631	0.00828	0.00538	0.00171	0.00702	0.00588	0.00383	0.00878
32	0.03236	0.01278	0.01712	0.01313	0.01876	0.01129	0.01084	0.06792	0.02148	0.67077	0.02811	0.02437	0.01771	0.00898	0.00731	0.00225	0.00628	0.00727	0.00891	0.01237
33	0.00969	0.00668	0.00819	0.00905	0.00927	0.00646	0.00560	0.01034	0.01228	0.01638	0.03169	0.40192	0.03751	0.37506	0.02281	0.00495	0.00560	0.01574	0.00560	0.00517
34	0.01057	0.00705	0.00793	0.00793	0.00793	0.00705	0.00440	0.01057	0.01057	0.01409	0.02290	0.04757	0.02643	0.74454	0.03700	0.00705	0.00705	0.01057	0.00440	0.00440
35	0.06340	0.01999	0.02043	0.05264	0.02256	0.08914	0.01366	0.43377	0.05832	0.03709	0.01630	0.01747	0.01212	0.00884	0.00851	0.00225	0.07412	0.00630	0.03221	0.01090
36	0.01345	0.01107	0.01237	0.01200	0.01491	0.01174	0.00954	0.02366	0.29952	0.02554	0.10503	0.05309	0.20852	0.01484	0.00841	0.00264	0.00520	0.15275	0.00713	0.00859
37	0.00886	0.00633	0.00843	0.01012	0.01054	0.00590	0.00675	0.01012	0.01392	0.01856	0.04006	0.73979	0.04808	0.02277	0.00928	0.00295	0.00422	0.02066	0.00675	0.00590
38	0.04862	0.02768	0.37995	0.06273	0.22464	0.01709	0.09159	0.02256	0.01572	0.02344	0.01327	0.01660	0.01003	0.00671	0.00708	0.00228	0.01003	0.00602	0.00335	0.01062
39	0.01479	0.01383	0.02287	0.49092	0.20801	0.01603	0.01967	0.02010	0.04356	0.02090	0.04867	0.02114	0.01368	0.00757	0.00732	0.00235	0.00894	0.00688	0.00374	0.00901
40	0.00915	0.00662	0.00859	0.00988	0.01061	0.00616	0.00679	0.01071	0.01475	0.01961	0.10371	0.57142	0.09927	0.04696	0.01016	0.00301	0.00430	0.04553	0.00678	0.00599
41	0.01171	0.00837	0.01171	0.01339	0.01506	0.00837	0.01171	0.01506	0.01673	0.02175	0.03849	0.08199	0.04183	0.02008	0.01004	0.00335	0.00669	0.65027	0.00669	0.00669
42	0.02503	0.01845	0.01993	0.01547	0.02089	0.01995	0.01265	0.55861	0.03075	0.04178	0.01852	0.05542	0.01436	0.00917	0.00713	0.00211	0.00739	0.00711	0.03953	0.07574
43	0.01486	0.11707	0.02198	0.13014	0.02357	0.05084	0.11220	0.03685	0.04051	0.02012	0.05453	0.16001	0.02298	0.11477	0.01248	0.00305	0.04160	0.01000	0.00465	0.00779
44	0.60648	0.03848	0.01373	0.01158	0.01587	0.11583	0.00941	0.04425	0.01428	0.02988	0.01050	0.01235	0.00835	0.00715	0.00570	0.00221	0.03718	0.00423	0.00439	0.00815
45	0.02150	0.01508	0.01662	0.01301	0.01797	0.01528	0.01052	0.33772	0.02463	0.06941	0.01916	0.05260	0.01508	0.00856	0.00652	0.00187	0.00628	0.00676	0.14857	0.19287
46	0.01800	0.18718	0.37722	0.01885	0.05308	0.08730	0.02026	0.02524	0.07893	0.04787	0.01441	0.01590	0.01089	0.00715	0.00646	0.00211	0.00960	0.00537	0.00380	0.01038
47	0.01799	0.01727	0.02950	0.04462	0.69919	0.01727	0.02231	0.02231	0.01655	0.02375	0.01367	0.01799	0.01151	0.00648	0.00720	0.00216	0.00864	0.00648	0.00360	0.01151
48	0.01217	0.00785	0.01032	0.00947	0.01151	0.00718	0.00718	0.01555	0.02060	0.08621	0.63901	0.05180	0.06431	0.01436	0.00847	0.00228	0.00366	0.01265	0.00809	0.00732

[dist]
# distance from previous block
# <min> <max>
0	5

[block]
# block no. 9 follows, 28 sequences, length 33
# corresponding to MSA columns:
# 346-378
name=unknown_J
#
# <colnr> <probs for GDERKNQSTAVLIFYWHMCP>
#	G	D	E	R	K	N	Q	S	T	A	V	L	I	F	Y	W	H	M	C	P
0	0.00886	0.00633	0.00843	0.01012	0.01054	0.00590	0.00675	0.01012	0.01392	0.01856	0.04006	0.73979	0.04808	0.02277	0.00928	0.00295	0.00422	0.02066	0.00675	0.00590
1	0.01039	0.00775	0.01151	0.01151	0.01274	0.00899	0.00887	0.01287	0.01163	0.01674	0.01963	0.02945	0.01856	0.08695	0.68383	0.01146	0.01889	0.00792	0.00392	0.00639
2	0.00940	0.00672	0.00906	0.01075	0.01141	0.00638	0.00770	0.01107	0.01446	0.01917	0.03976	0.61393	0.04688	0.02226	0.00942	0.00303	0.00469	0.14113	0.00674	0.00606
3	0.14443	0.01262	0.01596	0.01244	0.01790	0.01151	0.01027	0.03337	0.01957	0.60584	0.02596	0.02285	0.01651	0.00867	0.00690	0.00225	0.00610	0.00682	0.00834	0.01171
4	0.00908	0.00654	0.00865	0.01025	0.01088	0.00612	0.00709	0.01054	0.01428	0.01887	0.04159	0.65311	0.07951	0.02234	0.00931	0.00296	0.00439	0.07177	0.00674	0.00598
5	0.01458	0.03760	0.70688	0.02072	0.03146	0.01688	0.02686	0.02302	0.01535	0.02302	0.01304	0.01535	0.00921	0.00691	0.00691	0.00230	0.01074	0.00537	0.00307	0.01074
6	0.01799	0.01727	0.02950	0.04462	0.69919	0.01727	0.02231	0.02231	0.01655	0.02375	0.01367	0.01799	0.01151	0.00648	0.00720	0.00216	0.00864	0.00648	0.00360	0.01151
7	0.01373	0.01292	0.02180	0.72707	0.05006	0.01615	0.02019	0.01857	0.01453	0.01857	0.01292	0.01938	0.00969	0.00727	0.00727	0.00242	0.00969	0.00646	0.00323	0.00807
8	0.01038	0.00779	0.01168	0.01168	0.01298	0.00909	0.00909	0.01298	0.01168	0.01687	0.01947	0.02856	0.01817	0.05452	0.71573	0.01168	0.01947	0.00779	0.00389	0.00649
9	0.02715	0.03464	0.02060	0.01873	0.02247	0.71536	0.01404	0.02903	0.02060	0.01779	0.01124	0.01311	0.00936	0.00749	0.00655	0.00187	0.01311	0.00468	0.00375	0.00843
10	0.01057	0.00705	0.00793	0.00793	0.00793	0.00705	0.00440	0.01057	0.01057	0.01409	0.02290	0.04757	0.02643	0.74454	0.03700	0.00705	0.00705	0.01057	0.00440	0.00440
11	0.02595	0.01916	0.02060	0.01622	0.02169	0.02126	0.01326	0.52874	0.16050	0.06592	0.02021	0.01959	0.01447	0.00896	0.00730	0.00224	0.00750	0.00690	0.00736	0.01220
12	0.00905	0.00649	0.00854	0.01002	0.01059	0.00607	0.00679	0.01044	0.01423	0.01893	0.06458	0.64626	0.07002	0.04694	0.01020	0.00306	0.00435	0.04078	0.00671	0.00592
13	0.02126	0.50085	0.05208	0.01439	0.02008	0.11409	0.01341	0.11468	0.01809	0.02143	0.01134	0.01297	0.00977	0.00706	0.00624	0.00178	0.04257	0.00452	0.00378	0.00962
14	0.01943	0.74891	0.03809	0.01244	0.01866	0.02876	0.01244	0.02177	0.01477	0.01710	0.01011	0.01166	0.00933	0.00622	0.00466	0.00155	0.00777	0.00389	0.00311	0.00933
15	0.00928	0.00682	0.00907	0.01044	0.01082	0.00675	0.00707	0.01050	0.01361	0.01827	0.03770	0.66889	0.04509	0.05989	0.01142	0.00318	0.03936	0.01945	0.00645	0.00592
16	0.02149	0.56007	0.03355	0.01399	0.01967	0.17478	0.01285	0.05614	0.01699	0.01869	0.01072	0.01226	0.00949	0.00662	0.00520	0.00165	0.00892	0.00419	0.00345	0.00929
17	0.01020	0.00743	0.00959	0.00905	0.01081	0.00682	0.00679	0.01355	0.02037	0.02865	0.66297	0.05511	0.10129	0.01505	0.00857	0.00230	0.00344	0.01326	0.00794	0.00682
18	0.01021	0.00743	0.00960	0.00906	0.01081	0.00682	0.00679	0.01356	0.02038	0.02870	0.66569	0.05505	0.09854	0.01503	0.00857	0.00229	0.00344	0.01325	0.00794	0.00682
19	0.03261	0.01237	0.01687	0.01293	0.01856	0.01068	0.01068	0.03543	0.02081	0.70423	0.02868	0.02474	0.01799	0.00900	0.00731	0.00225	0.00619	0.00731	0.00900	0.01237
20	0.02715	0.03464	0.02060	0.01873	0.02247	0.71536	0.01404	0.02903	0.02060	0.01779	0.01124	0.01311	0.00936	0.00749	0.00655	0.00187	0.01311	0.00468	0.00375	0.00843
21	0.75734	0.01400	0.01123	0.04492	0.01583	0.01630	0.00848	0.02123	0.01248	0.03192	0.01026	0.01218	0.00796	0.00677	0.00463	0.00226	0.00582	0.00406	0.00444	0.00788
