[name]
unknown

[dist]
# distance from previous block
# <min> <max>
0	27

[block]
# block no. 0 follows, 30 sequences, length 60
# corresponding to MSA columns:
# 27-86
name=unknown_A
#
# <colnr> <probs for GDERKNQSTAVLIFYWHMCP>
#	G	D	E	R	K	N	Q	S	T	A	V	L	I	F	Y	W	H	M	C	P
0	0.01107	0.00796	0.01100	0.01245	0.01409	0.00789	0.01081	0.01424	0.01623	0.02114	0.06952	0.07705	0.06568	0.01898	0.00952	0.00313	0.00617	0.61016	0.00649	0.00641
1	0.01318	0.01240	0.02093	0.73798	0.04806	0.01550	0.01938	0.01783	0.01395	0.01783	0.01240	0.01860	0.00930	0.00698	0.00698	0.00233	0.00930	0.00620	0.00310	0.00775
2	0.01445	0.01336	0.04284	0.01072	0.01709	0.00958	0.00897	0.01775	0.01448	0.02271	0.01241	0.01448	0.01028	0.00523	0.00523	0.00108	0.00538	0.00418	0.00409	0.76570
3	0.01759	0.02262	0.14762	0.02745	0.09812	0.08685	0.42534	0.02316	0.01657	0.04523	0.01389	0.01756	0.01042	0.00626	0.00761	0.00224	0.01108	0.00713	0.00361	0.00967
4	0.00825	0.00707	0.00707	0.00707	0.00943	0.00589	0.00530	0.01001	0.01591	0.01885	0.07069	0.06716	0.70839	0.01767	0.00825	0.00236	0.00353	0.01473	0.00648	0.00589
5	0.00988	0.00713	0.00933	0.00878	0.01043	0.00658	0.00658	0.01317	0.01975	0.02798	0.70754	0.05213	0.06584	0.01427	0.00823	0.00219	0.00329	0.01262	0.00768	0.00658
6	0.00856	0.00616	0.00812	0.00958	0.01011	0.00572	0.00644	0.00990	0.01378	0.01837	0.07382	0.69074	0.07019	0.02133	0.00885	0.00278	0.00399	0.01929	0.00654	0.00572
7	0.01015	0.00677	0.00761	0.00761	0.00761	0.00677	0.00423	0.01015	0.01015	0.01353	0.02199	0.04567	0.02537	0.75476	0.03552	0.00677	0.00677	0.01015	0.00423	0.00423
8	0.80405	0.01350	0.01026	0.00918	0.01350	0.01565	0.00756	0.02051	0.01188	0.03131	0.00972	0.01134	0.00756	0.00648	0.00432	0.00216	0.00540	0.00378	0.00432	0.00756
9	0.01866	0.75896	0.03657	0.01194	0.01791	0.02761	0.01194	0.02090	0.01418	0.01642	0.00970	0.01119	0.00896	0.00597	0.00448	0.00149	0.00746	0.00373	0.00299	0.00896
10	0.02653	0.01955	0.02094	0.01606	0.02164	0.02164	0.01326	0.68796	0.03281	0.04398	0.01675	0.01675	0.01187	0.00838	0.00698	0.00209	0.00768	0.00628	0.00698	0.01187
11	0.00825	0.00707	0.00707	0.00707	0.00943	0.00589	0.00530	0.01001	0.01591	0.01885	0.07069	0.06716	0.70839	0.01767	0.00825	0.00236	0.00353	0.01473	0.00648	0.00589
12	0.01736	0.01499	0.01578	0.01420	0.01815	0.01736	0.01105	0.03708	0.69862	0.02919	0.02840	0.02604	0.02130	0.00947	0.00710	0.00237	0.00552	0.00789	0.00710	0.01105
13	0.01737	0.06061	0.41531	0.02082	0.02940	0.01620	0.18803	0.02386	0.01591	0.12391	0.01500	0.01692	0.01052	0.00671	0.00699	0.00221	0.00991	0.00614	0.00393	0.01026
14	0.01613	0.01892	0.06059	0.02846	0.03539	0.01720	0.64296	0.02192	0.01631	0.02219	0.01489	0.04337	0.01173	0.00644	0.00821	0.00236	0.01146	0.00853	0.00361	0.00931
15	0.02653	0.01955	0.02094	0.01606	0.02164	0.02164	0.01326	0.68796	0.03281	0.04398	0.01675	0.01675	0.01187	0.00838	0.00698	0.00209	0.00768	0.00628	0.00698	0.01187
16	0.00996	0.00682	0.00767	0.00767	0.00793	0.00674	0.00447	0.01021	0.01073	0.01412	0.02656	0.04718	0.09069	0.66274	0.05384	0.00648	0.00682	0.01051	0.00443	0.00445
17	0.10015	0.01305	0.02021	0.58876	0.08286	0.01582	0.01797	0.04458	0.01458	0.02062	0.01232	0.01766	0.00932	0.00693	0.00668	0.00228	0.00875	0.00594	0.00341	0.00809
18	0.01884	0.01748	0.11200	0.01442	0.01923	0.01556	0.01276	0.35462	0.02335	0.03189	0.02125	0.19556	0.01995	0.01317	0.03955	0.00262	0.00747	0.00934	0.00596	0.06498
19	0.64480	0.01636	0.01213	0.01073	0.01503	0.11260	0.00866	0.04624	0.01398	0.05192	0.01069	0.01210	0.00822	0.00671	0.00477	0.00211	0.00648	0.00407	0.00446	0.00793
20	0.80405	0.01350	0.01026	0.00918	0.01350	0.01565	0.00756	0.02051	0.01188	0.03131	0.00972	0.01134	0.00756	0.00648	0.00432	0.00216	0.00540	0.00378	0.00432	0.00756
21	0.01212	0.00606	0.00909	0.00909	0.00909	0.00606	0.00606	0.00909	0.00909	0.01212	0.01212	0.02121	0.01212	0.02424	0.02727	0.79697	0.00606	0.00606	0.00303	0.00303
22	0.80405	0.01350	0.01026	0.00918	0.01350	0.01565	0.00756	0.02051	0.01188	0.03131	0.00972	0.01134	0.00756	0.00648	0.00432	0.00216	0.00540	0.00378	0.00432	0.00756
23	0.02835	0.01287	0.01643	0.01275	0.01783	0.01205	0.01047	0.15519	0.02237	0.52342	0.09077	0.02516	0.02092	0.00913	0.00713	0.00215	0.00601	0.00742	0.00823	0.01137
24	0.02847	0.01500	0.04246	0.01364	0.01931	0.01375	0.01159	0.22378	0.02327	0.46096	0.02310	0.02093	0.01505	0.00832	0.00690	0.00209	0.00656	0.00659	0.00773	0.05051
25	0.00857	0.00613	0.00816	0.00967	0.01014	0.00571	0.00648	0.00989	0.01369	0.01833	0.07269	0.71449	0.04716	0.02147	0.00887	0.00280	0.00401	0.01947	0.00654	0.00571
26	0.03068	0.01202	0.01618	0.01250	0.01783	0.01057	0.01029	0.03415	0.05039	0.68528	0.02757	0.02385	0.01745	0.00867	0.00702	0.00217	0.00592	0.00706	0.00857	0.01184
27	0.01993	0.63427	0.03368	0.01298	0.01854	0.14773	0.01221	0.02209	0.01514	0.01653	0.00989	0.01143	0.00896	0.00618	0.00479	0.00154	0.00834	0.00386	0.00309	0.00881
28	0.02211	0.01470	0.01572	0.01348	0.01781	0.05920	0.01064	0.03409	0.39364	0.25783	0.02916	0.02653	0.05433	0.00947	0.00708	0.00226	0.00601	0.00773	0.00736	0.01087
29	0.00998	0.00745	0.01107	0.01107	0.01227	0.00865	0.00855	0.01237	0.01117	0.01609	0.01882	0.02813	0.01776	0.07984	0.70002	0.01104	0.01822	0.00758	0.00376	0.00615
30	0.02414	0.01741	0.01890	0.01482	0.01980	0.01907	0.01212	0.54179	0.06850	0.06439	0.08416	0.02121	0.01796	0.00900	0.00704	0.00211	0.00693	0.00701	0.03248	0.01114
31	0.01318	0.01240	0.02093	0.73798	0.04806	0.01550	0.01938	0.01783	0.01395	0.01783	0.01240	0.01860	0.00930	0.00698	0.00698	0.00233	0.00930	0.00620	0.00310	0.00775
32	0.01688	0.01618	0.02761	0.10956	0.64757	0.01648	0.02122	0.02107	0.01570	0.02232	0.01306	0.01740	0.01089	0.00629	0.00692	0.00210	0.00839	0.00622	0.00342	0.01074
33	0.03021	0.01163	0.01584	0.01223	0.01744	0.01007	0.01007	0.03294	0.01996	0.68085	0.06232	0.02520	0.01976	0.00892	0.00708	0.00216	0.00580	0.00730	0.00859	0.01161
34	0.01866	0.75896	0.03657	0.01194	0.01791	0.02761	0.01194	0.02090	0.01418	0.01642	0.00970	0.01119	0.00896	0.00597	0.00448	0.00149	0.00746	0.00373	0.00299	0.00896
35	0.00919	0.00711	0.00838	0.00806	0.01001	0.00629	0.00605	0.01184	0.01814	0.02415	0.43989	0.05844	0.33589	0.01570	0.00824	0.00226	0.00339	0.01351	0.00718	0.00629
36	0.00962	0.00719	0.00980	0.01135	0.05524	0.00675	0.00736	0.01175	0.01582	0.02173	0.28168	0.40323	0.06943	0.04400	0.00946	0.00268	0.00413	0.01583	0.00664	0.00630
37	0.01456	0.01372	0.01200	0.01143	0.01348	0.18860	0.00846	0.01705	0.01851	0.05095	0.37270	0.17799	0.04565	0.01374	0.00782	0.00222	0.00590	0.01176	0.00645	0.00700
38	0.01318	0.01240	0.02093	0.73798	0.04806	0.01550	0.01938	0.01783	0.01395	0.01783	0.01240	0.01860	0.00930	0.00698	0.00698	0.00233	0.00930	0.00620	0.00310	0.00775
39	0.80405	0.01350	0.01026	0.00918	0.01350	0.01565	0.00756	0.02051	0.01188	0.03131	0.00972	0.01134	0.00756	0.00648	0.00432	0.00216	0.00540	0.00378	0.00432	0.00756
40	0.00998	0.00745	0.01109	0.01109	0.01229	0.00865	0.00856	0.01238	0.01118	0.01611	0.01881	0.02806	0.01772	0.07708	0.70274	0.01106	0.01827	0.00757	0.00376	0.00616
41	0.80405	0.01350	0.01026	0.00918	0.01350	0.01565	0.00756	0.02051	0.01188	0.03131	0.00972	0.01134	0.00756	0.00648	0.00432	0.00216	0.00540	0.00378	0.00432	0.00756
42	0.80405	0.01350	0.01026	0.00918	0.01350	0.01565	0.00756	0.02051	0.01188	0.03131	0.00972	0.01134	0.00756	0.00648	0.00432	0.00216	0.00540	0.00378	0.00432	0.00756
43	0.00997	0.00748	0.01121	0.01121	0.01246	0.00872	0.00872	0.01246	0.01121	0.01620	0.01869	0.02741	0.01745	0.05234	0.72710	0.01121	0.01869	0.00748	0.00374	0.00623
44	0.02564	0.03237	0.01958	0.01779	0.02141	0.69212	0.01336	0.02831	0.05290	0.01767	0.01165	0.01324	0.00959	0.00730	0.00633	0.00183	0.01224	0.00466	0.00377	0.00823
45	0.01806	0.01534	0.01617	0.01434	0.01841	0.01769	0.01122	0.08696	0.64760	0.03032	0.02751	0.02532	0.02058	0.00938	0.00709	0.00235	0.00569	0.00777	0.00709	0.01111
46	0.01372	0.01295	0.02190	0.64669	0.13516	0.01565	0.01965	0.01830	0.01421	0.01848	0.01250	0.01843	0.00953	0.00688	0.00697	0.00229	0.00917	0.00620	0.00315	0.00819
47	0.01194	0.00606	0.00904	0.00912	0.00914	0.00604	0.00608	0.00912	0.00930	0.01240	0.01341	0.05679	0.01378	0.02413	0.02638	0.75821	0.00596	0.00673	0.00320	0.00316
48	0.07812	0.01197	0.01583	0.01222	0.01755	0.01058	0.01009	0.03319	0.01948	0.67458	0.02645	0.02300	0.01669	0.00851	0.00685	0.00216	0.00591	0.00682	0.00838	0.01161
49	0.00877	0.00626	0.00840	0.01002	0.01054	0.00589	0.00694	0.01017	0.01362	0.01811	0.03832	0.68575	0.04558	0.02161	0.00898	0.00287	0.00428	0.08169	0.00647	0.00574
50	0.01015	0.00677	0.00761	0.00761	0.00761	0.00677	0.00423	0.01015	0.01015	0.01353	0.02199	0.04567	0.02537	0.75476	0.03552	0.00677	0.00677	0.01015	0.00423	0.00423
51	0.00850	0.00607	0.00810	0.00972	0.01012	0.00567	0.00648	0.00972	0.01336	0.01781	0.03846	0.75020	0.04615	0.02186	0.00891	0.00283	0.00405	0.01984	0.00648	0.00567
52	0.00859	0.00614	0.00820	0.00982	0.01027	0.00575	0.00664	0.00988	0.01345	0.01792	0.03841	0.72752	0.04595	0.02178	0.00893	0.00285	0.00413	0.04161	0.00648	0.00569
53	0.01599	0.01654	0.02389	0.02077	0.05465	0.05233	0.09137	0.01815	0.01200	0.01773	0.00999	0.01565	0.00941	0.01098	0.01971	0.00287	0.59054	0.00628	0.00315	0.00802
54	0.01501	0.01488	0.02121	0.01800	0.01852	0.02017	0.03517	0.01678	0.01104	0.01717	0.00990	0.01594	0.00965	0.01370	0.05613	0.00335	0.65551	0.00616	0.00314	0.03855
55	0.00839	0.00651	0.00765	0.00856	0.00982	0.00577	0.00596	0.00985	0.01448	0.01827	0.05260	0.45066	0.33658	0.02003	0.00862	0.00262	0.00382	0.01760	0.00648	0.00577
56	0.01015	0.00677	0.00761	0.00761	0.00761	0.00677	0.00423	0.01015	0.01015	0.01353	0.02199	0.04567	0.02537	0.75476	0.03552	0.00677	0.00677	0.01015	0.00423	0.00423
57	0.01447	0.01240	0.01447	0.01034	0.01654	0.00930	0.00827	0.01757	0.01447	0.02274	0.01240	0.01447	0.01034	0.00517	0.00517	0.00103	0.00517	0.00413	0.00413	0.79742
58	0.00854	0.00611	0.00814	0.00969	0.01013	0.00570	0.00648	0.00982	0.01356	0.01813	0.05924	0.72852	0.04677	0.02163	0.00889	0.00281	0.00403	0.01961	0.00652	0.00570
59	0.24616	0.30351	0.11092	0.01240	0.01786	0.08408	0.01203	0.02151	0.01429	0.04684	0.01221	0.03421	0.01031	0.00696	0.00510	0.00187	0.00735	0.00470	0.03915	0.00854

[dist]
# distance from previous block
# <min> <max>
0	56

[block]
# block no. 1 follows, 30 sequences, length 72
# corresponding to MSA columns:
# 143-214
name=unknown_B
#
# <colnr> <probs for GDERKNQSTAVLIFYWHMCP>
#	G	D	E	R	K	N	Q	S	T	A	V	L	I	F	Y	W	H	M	C	P
0	0.02576	0.01713	0.01851	0.01461	0.01957	0.04755	0.01188	0.45264	0.02758	0.18056	0.02053	0.07225	0.01558	0.00936	0.00704	0.00213	0.00712	0.00736	0.03174	0.01109
1	0.04587	0.01509	0.01701	0.01437	0.04047	0.01566	0.01112	0.21231	0.23105	0.12284	0.02131	0.04305	0.01613	0.00845	0.00666	0.00201	0.00615	0.00682	0.00650	0.15713
2	0.01849	0.04681	0.02205	0.02548	0.28621	0.04793	0.01537	0.08281	0.32446	0.02689	0.02005	0.02073	0.01556	0.00789	0.00688	0.00217	0.00714	0.00680	0.00537	0.01091
3	0.01563	0.01278	0.01520	0.01113	0.01686	0.01051	0.00897	0.03830	0.01501	0.05363	0.01299	0.01500	0.01061	0.00588	0.00648	0.00125	0.05405	0.00446	0.00435	0.68692
4	0.01384	0.01173	0.01379	0.01027	0.01586	0.00892	0.00808	0.01674	0.01435	0.02222	0.01517	0.09258	0.01414	0.00694	0.00556	0.00122	0.00505	0.00580	0.00438	0.71336
5	0.01398	0.02969	0.01123	0.00955	0.01210	0.00815	0.00739	0.03917	0.01902	0.14285	0.40321	0.09872	0.14970	0.01395	0.00793	0.00224	0.00410	0.01205	0.00742	0.00756
6	0.03036	0.01167	0.01589	0.01225	0.01749	0.01009	0.01009	0.03309	0.01996	0.68564	0.05759	0.02501	0.01942	0.00889	0.00707	0.00216	0.00582	0.00727	0.00859	0.01164
7	0.01815	0.01132	0.01352	0.01176	0.01523	0.01160	0.00921	0.02752	0.27713	0.20313	0.27748	0.03503	0.03663	0.01102	0.00749	0.00225	0.00481	0.00940	0.00770	0.00962
8	0.01736	0.01499	0.01578	0.01420	0.01815	0.01736	0.01105	0.03708	0.69862	0.02919	0.02840	0.02604	0.02130	0.00947	0.00710	0.00237	0.00552	0.00789	0.00710	0.01105
9	0.00845	0.00708	0.00735	0.00728	0.00955	0.00598	0.00546	0.01041	0.01639	0.02000	0.15060	0.06527	0.62777	0.01725	0.00825	0.00234	0.00350	0.01446	0.00663	0.00598
10	0.01015	0.00677	0.00761	0.00761	0.00761	0.00677	0.00423	0.01015	0.01015	0.01353	0.02199	0.04567	0.02537	0.75476	0.03552	0.00677	0.00677	0.01015	0.00423	0.00423
11	0.01010	0.00675	0.00762	0.00767	0.00768	0.00673	0.00429	0.01014	0.01024	0.01365	0.02246	0.06576	0.02596	0.73386	0.03476	0.00665	0.00669	0.01042	0.00429	0.00427
12	0.80405	0.01350	0.01026	0.00918	0.01350	0.01565	0.00756	0.02051	0.01188	0.03131	0.00972	0.01134	0.00756	0.00648	0.00432	0.00216	0.00540	0.00378	0.00432	0.00756
13	0.03131	0.01188	0.01619	0.01242	0.01781	0.01026	0.01026	0.03401	0.01997	0.71606	0.02753	0.02375	0.01727	0.00864	0.00702	0.00216	0.00594	0.00702	0.00864	0.01188
14	0.02607	0.03326	0.01978	0.01798	0.02157	0.72674	0.01348	0.02787	0.01978	0.01708	0.01079	0.01258	0.00899	0.00719	0.00629	0.00180	0.01258	0.00449	0.00360	0.00809
15	0.01866	0.75896	0.03657	0.01194	0.01791	0.02761	0.01194	0.02090	0.01418	0.01642	0.00970	0.01119	0.00896	0.00597	0.00448	0.00149	0.00746	0.00373	0.00299	0.00896
16	0.03131	0.01188	0.01619	0.01242	0.01781	0.01026	0.01026	0.03401	0.01997	0.71606	0.02753	0.02375	0.01727	0.00864	0.00702	0.00216	0.00594	0.00702	0.00864	0.01188
17	0.03131	0.01188	0.01619	0.01242	0.01781	0.01026	0.01026	0.03401	0.01997	0.71606	0.02753	0.02375	0.01727	0.00864	0.00702	0.00216	0.00594	0.00702	0.00864	0.01188
18	0.00847	0.00618	0.00799	0.00943	0.01005	0.00569	0.00635	0.00975	0.01363	0.01793	0.04193	0.67660	0.11752	0.02141	0.00884	0.00278	0.00399	0.01929	0.00648	0.00569
19	0.01382	0.01017	0.01479	0.01734	0.15162	0.00973	0.03134	0.05400	0.01567	0.08145	0.03003	0.38859	0.05829	0.04659	0.00916	0.00264	0.00565	0.01362	0.00581	0.03969
20	0.71442	0.01606	0.09062	0.01039	0.01539	0.01572	0.00962	0.02069	0.01220	0.03026	0.01003	0.01172	0.00770	0.00649	0.00458	0.00216	0.00596	0.00393	0.00416	0.00787
21	0.07095	0.01248	0.02015	0.68475	0.04554	0.01551	0.01852	0.01803	0.01380	0.01881	0.01221	0.01807	0.00917	0.00694	0.00678	0.00231	0.00902	0.00602	0.00319	0.00774
22	0.01828	0.01636	0.01624	0.01452	0.01850	0.06409	0.01129	0.06113	0.62883	0.02896	0.02680	0.02480	0.02014	0.00928	0.00704	0.00232	0.00607	0.00761	0.00687	0.01088
23	0.08332	0.01910	0.02016	0.01555	0.02105	0.02120	0.01285	0.63920	0.03128	0.04305	0.01624	0.01636	0.01155	0.00824	0.00679	0.00210	0.00751	0.00610	0.00679	0.01155
24	0.01520	0.18455	0.52676	0.01992	0.07740	0.01860	0.02259	0.02180	0.01470	0.02097	0.01198	0.01418	0.00903	0.00646	0.00620	0.00205	0.00957	0.00494	0.00299	0.01009
25	0.01348	0.01271	0.02147	0.68721	0.09650	0.01558	0.01953	0.01809	0.01409	0.01819	0.01246	0.01851	0.00943	0.00692	0.00697	0.00231	0.00923	0.00620	0.00313	0.00799
26	0.01647	0.01882	0.04118	0.02941	0.03647	0.01765	0.68588	0.02235	0.01647	0.02235	0.01412	0.01882	0.01059	0.00588	0.00824	0.00235	0.01176	0.00824	0.00353	0.00941
27	0.01519	0.01516	0.02136	0.04559	0.01945	0.02115	0.01542	0.01683	0.01081	0.01683	0.00928	0.01539	0.00917	0.01202	0.02230	0.00303	0.71423	0.00611	0.00306	0.00764
28	0.00988	0.00713	0.00933	0.00878	0.01043	0.00658	0.00658	0.01317	0.01975	0.02798	0.70754	0.05213	0.06584	0.01427	0.00823	0.00219	0.00329	0.01262	0.00768	0.00658
29	0.01447	0.01240	0.01447	0.01034	0.01654	0.00930	0.00827	0.01757	0.01447	0.02274	0.01240	0.01447	0.01034	0.00517	0.00517	0.00103	0.00517	0.00413	0.00413	0.79742
30	0.00939	0.00716	0.00875	0.00892	0.01048	0.00668	0.00650	0.01235	0.04409	0.02242	0.30496	0.24655	0.22045	0.01859	0.03773	0.00279	0.00428	0.01475	0.00686	0.00632
31	0.01429	0.05548	0.64867	0.02032	0.05094	0.01676	0.02482	0.02183	0.01459	0.02174	0.01232	0.01473	0.00893	0.00683	0.00724	0.00222	0.03995	0.00519	0.00297	0.01019
32	0.01400	0.03610	0.71860	0.01989	0.03020	0.01621	0.02578	0.02210	0.01473	0.02210	0.01252	0.01473	0.00884	0.00663	0.00663	0.00221	0.01031	0.00516	0.00295	0.01031
33	0.00998	0.00742	0.01092	0.01092	0.01206	0.00856	0.00835	0.01227	0.01113	0.01598	0.01896	0.02891	0.01810	0.11008	0.67025	0.01085	0.01771	0.00770	0.00378	0.00607
34	0.05055	0.01629	0.02700	0.06018	0.64341	0.01653	0.02048	0.02172	0.03490	0.02320	0.01339	0.01730	0.01114	0.00634	0.00681	0.00209	0.00812	0.00616	0.00358	0.01081
35	0.01446	0.16733	0.53224	0.01762	0.02633	0.01756	0.02168	0.02095	0.01442	0.02061	0.01333	0.04458	0.01076	0.00915	0.03817	0.00250	0.00990	0.00559	0.00313	0.00969
36	0.02607	0.03326	0.01978	0.01798	0.02157	0.72674	0.01348	0.02787	0.01978	0.01708	0.01079	0.01258	0.00899	0.00719	0.00629	0.00180	0.01258	0.00449	0.00360	0.00809
37	0.00859	0.00625	0.00810	0.00939	0.01008	0.00576	0.00637	0.01003	0.01412	0.01874	0.09584	0.62836	0.11095	0.02085	0.00879	0.00274	0.00394	0.01876	0.00658	0.00576
38	0.01417	0.01363	0.02371	0.55889	0.17139	0.01585	0.06583	0.01881	0.01449	0.01907	0.01266	0.01837	0.00972	0.00676	0.00705	0.00228	0.00928	0.00635	0.00320	0.00848
39	0.01678	0.01620	0.02490	0.11822	0.50373	0.04499	0.01909	0.02241	0.08719	0.02249	0.01699	0.02027	0.04144	0.00717	0.00697	0.00213	0.00809	0.00668	0.00393	0.01033
40	0.00941	0.00737	0.00851	0.00905	0.01096	0.00668	0.00721	0.01151	0.01549	0.01909	0.05538	0.06926	0.42829	0.07881	0.01096	0.00301	0.00477	0.23203	0.00628	0.00593
41	0.00965	0.00712	0.00901	0.00854	0.01028	0.00649	0.00640	0.01272	0.01921	0.02669	0.61744	0.05425	0.15676	0.01475	0.00823	0.00222	0.00333	0.01292	0.00751	0.00649
42	0.01488	0.01576	0.02712	0.18095	0.03129	0.06476	0.29478	0.01888	0.01493	0.01954	0.01718	0.14561	0.01623	0.00974	0.00965	0.00247	0.09493	0.00930	0.00390	0.00809
43	0.01527	0.01527	0.02137	0.01832	0.01832	0.02137	0.01527	0.01679	0.01069	0.01679	0.00916	0.01527	0.00916	0.01221	0.02290	0.00305	0.74198	0.00611	0.00305	0.00763
44	0.00875	0.00634	0.00809	0.00932	0.00997	0.00590	0.00631	0.01005	0.01364	0.01798	0.06253	0.57045	0.11505	0.08635	0.01121	0.00312	0.00429	0.03873	0.00632	0.00562
45	0.01727	0.01658	0.02832	0.04283	0.71123	0.01658	0.02142	0.02142	0.01589	0.02280	0.01313	0.01727	0.01105	0.00622	0.00691	0.00207	0.00829	0.00622	0.00345	0.01105
46	0.04065	0.07881	0.32100	0.08185	0.27039	0.01732	0.02166	0.04850	0.01569	0.02278	0.01261	0.01564	0.00975	0.00653	0.00654	0.00211	0.00905	0.00551	0.00335	0.01026
47	0.01269	0.00696	0.00783	0.06028	0.01132	0.00722	0.00618	0.01593	0.01438	0.02464	0.02249	0.05628	0.01844	0.01058	0.03713	0.00215	0.00441	0.00709	0.66744	0.00655
48	0.02653	0.01955	0.02094	0.01606	0.02164	0.02164	0.01326	0.68796	0.03281	0.04398	0.01675	0.01675	0.01187	0.00838	0.00698	0.00209	0.00768	0.00628	0.00698	0.01187
49	0.01539	0.01365	0.01599	0.01167	0.01773	0.03400	0.03671	0.03877	0.03667	0.02337	0.01305	0.01502	0.01069	0.00549	0.00545	0.00119	0.00577	0.00450	0.00427	0.69061
50	0.02003	0.01693	0.01725	0.01547	0.04170	0.06936	0.01178	0.17539	0.43186	0.05275	0.02586	0.02443	0.04706	0.00928	0.00706	0.00225	0.00653	0.00750	0.00672	0.01082
51	0.01135	0.00856	0.01092	0.01155	0.01353	0.00860	0.00963	0.01635	0.09679	0.02299	0.16938	0.06606	0.12042	0.01697	0.00891	0.00282	0.00538	0.38610	0.00675	0.00694
52	0.00924	0.00707	0.01033	0.01185	0.03985	0.00664	0.03520	0.01083	0.01381	0.01855	0.05920	0.66624	0.04392	0.02030	0.00877	0.00276	0.00452	0.01856	0.00627	0.00607
53	0.00898	0.00707	0.00811	0.00791	0.00989	0.00619	0.00591	0.01141	0.01754	0.02288	0.35294	0.08243	0.40129	0.01629	0.00826	0.00230	0.00344	0.01395	0.00701	0.00619
54	0.00975	0.00704	0.00922	0.00886	0.01040	0.00650	0.00657	0.01286	0.01918	0.02708	0.64796	0.11429	0.06409	0.01494	0.00829	0.00225	0.00336	0.01326	0.00757	0.00650
55	0.00850	0.00607	0.00810	0.00972	0.01012	0.00567	0.00648	0.00972	0.01336	0.01781	0.03846	0.75020	0.04615	0.02186	0.00891	0.00283	0.00405	0.01984	0.00648	0.00567
56	0.00840	0.00708	0.00728	0.00723	0.00952	0.00595	0.00542	0.01030	0.01626	0.01968	0.12883	0.06579	0.64973	0.01736	0.00825	0.00234	0.00351	0.01454	0.00659	0.00595
57	0.01736	0.01499	0.01578	0.01420	0.01815	0.01736	0.01105	0.03708	0.69862	0.02919	0.02840	0.02604	0.02130	0.00947	0.00710	0.00237	0.00552	0.00789	0.00710	0.01105
58	0.01447	0.01240	0.01447	0.01034	0.01654	0.00930	0.00827	0.01757	0.01447	0.02274	0.01240	0.01447	0.01034	0.00517	0.00517	0.00103	0.00517	0.00413	0.00413	0.79742
59	0.01447	0.01240	0.01447	0.01034	0.01654	0.00930	0.00827	0.01757	0.01447	0.02274	0.01240	0.01447	0.01034	0.00517	0.00517	0.00103	0.00517	0.00413	0.00413	0.79742
60	0.01447	0.01240	0.01447	0.01034	0.01654	0.00930	0.00827	0.01757	0.01447	0.02274	0.01240	0.01447	0.01034	0.00517	0.00517	0.00103	0.00517	0.00413	0.00413	0.79742
61	0.00930	0.00707	0.00855	0.00827	0.01009	0.00632	0.00617	0.01201	0.01825	0.02463	0.47502	0.08584	0.27171	0.01568	0.00826	0.00227	0.00340	0.01360	0.00725	0.00632
62	0.01906	0.66810	0.03401	0.01214	0.01782	0.05506	0.01177	0.04859	0.01520	0.01798	0.01057	0.01208	0.00944	0.00621	0.00467	0.00154	0.00751	0.00398	0.03535	0.00894
63	0.01401	0.03366	0.64046	0.02014	0.02986	0.01592	0.07323	0.02176	0.01506	0.02236	0.04072	0.01654	0.01127	0.00688	0.00681	0.00222	0.01014	0.00568	0.00318	0.01010
64	0.02082	0.10330	0.31779	0.01812	0.05286	0.01579	0.06690	0.04678	0.01712	0.24740	0.01736	0.01775	0.01190	0.00719	0.00666	0.00212	0.00853	0.00591	0.00499	0.01069
65	0.80405	0.01350	0.01026	0.00918	0.01350	0.01565	0.00756	0.02051	0.01188	0.03131	0.00972	0.01134	0.00756	0.00648	0.00432	0.00216	0.00540	0.00378	0.00432	0.00756
66	0.01318	0.01240	0.02093	0.73798	0.04806	0.01550	0.01938	0.01783	0.01395	0.01783	0.01240	0.01860	0.00930	0.00698	0.00698	0.00233	0.00930	0.00620	0.00310	0.00775
67	0.01410	0.01365	0.01791	0.12130	0.06368	0.10863	0.10731	0.01678	0.01459	0.01814	0.02166	0.11240	0.02251	0.19121	0.01461	0.00352	0.00839	0.11825	0.00444	0.00694
68	0.01860	0.05340	0.43904	0.01929	0.04969	0.01663	0.05607	0.11863	0.01815	0.12215	0.01523	0.01646	0.01062	0.00708	0.00675	0.00216	0.00924	0.00573	0.00437	0.01068
69	0.01033	0.00797	0.01229	0.01167	0.01305	0.00892	0.04361	0.01266	0.01134	0.01615	0.01891	0.02948	0.01818	0.14673	0.59408	0.01014	0.01668	0.00788	0.00379	0.00612
70	0.03131	0.01188	0.01619	0.01242	0.01781	0.01026	0.01026	0.03401	0.01997	0.71606	0.02753	0.02375	0.01727	0.00864	0.00702	0.00216	0.00594	0.00702	0.00864	0.01188
71	0.03723	0.01707	0.12263	0.41901	0.20506	0.01595	0.04570	0.01956	0.01457	0.02020	0.01258	0.01753	0.00966	0.00669	0.00688	0.00224	0.00918	0.00606	0.00322	0.00898

[dist]
# distance from previous block
# <min> <max>
0	7

[block]
# block no. 2 follows, 30 sequences, length 82
# corresponding to MSA columns:
# 222-303
name=unknown_C
#
# <colnr> <probs for GDERKNQSTAVLIFYWHMCP>
#	G	D	E	R	K	N	Q	S	T	A	V	L	I	F	Y	W	H	M	C	P
0	0.02565	0.01932	0.04141	0.01583	0.02136	0.02054	0.01330	0.62266	0.03116	0.06380	0.01775	0.04323	0.01318	0.00882	0.00704	0.00213	0.00757	0.00676	0.00689	0.01160
1	0.01111	0.00923	0.01336	0.01364	0.05194	0.00892	0.07267	0.03586	0.05788	0.02085	0.06073	0.36859	0.15806	0.01706	0.00848	0.00262	0.00531	0.07060	0.00612	0.00699
2	0.00997	0.00748	0.01121	0.01121	0.01246	0.00872	0.00872	0.01246	0.01121	0.01620	0.01869	0.02741	0.01745	0.05234	0.72710	0.01121	0.01869	0.00748	0.00374	0.00623
3	0.80405	0.01350	0.01026	0.00918	0.01350	0.01565	0.00756	0.02051	0.01188	0.03131	0.00972	0.01134	0.00756	0.00648	0.00432	0.00216	0.00540	0.00378	0.00432	0.00756
4	0.01554	0.25259	0.48387	0.01849	0.05579	0.01965	0.02143	0.02171	0.01462	0.02042	0.01170	0.01378	0.00897	0.00641	0.00599	0.00199	0.00937	0.00477	0.00298	0.00994
5	0.01850	0.07057	0.02780	0.03747	0.57379	0.10902	0.01973	0.02221	0.01627	0.02161	0.01258	0.01624	0.01064	0.00633	0.00666	0.00200	0.00879	0.00582	0.00344	0.01052
6	0.03131	0.01188	0.01619	0.01242	0.01781	0.01026	0.01026	0.03401	0.01997	0.71606	0.02753	0.02375	0.01727	0.00864	0.00702	0.00216	0.00594	0.00702	0.00864	0.01188
7	0.01307	0.03428	0.01482	0.15813	0.02194	0.01161	0.01295	0.04331	0.08467	0.02184	0.02953	0.05686	0.03001	0.01499	0.00858	0.00285	0.00699	0.42038	0.00574	0.00744
8	0.01578	0.02517	0.33134	0.02919	0.30011	0.01656	0.07094	0.02320	0.07716	0.02304	0.01432	0.01706	0.01097	0.00667	0.00690	0.00218	0.00918	0.00605	0.00357	0.01061
9	0.00959	0.01149	0.13277	0.01129	0.01364	0.00762	0.00982	0.01225	0.01436	0.01963	0.10246	0.52055	0.07132	0.01824	0.00841	0.00264	0.00505	0.01631	0.00598	0.00658
10	0.01543	0.01268	0.01478	0.01063	0.01678	0.00983	0.00853	0.04503	0.01536	0.04324	0.01301	0.01483	0.01059	0.00540	0.00529	0.00111	0.00529	0.00430	0.00438	0.74353
11	0.01417	0.06368	0.69258	0.01959	0.02973	0.01664	0.02525	0.02205	0.01471	0.02188	0.01242	0.01460	0.00884	0.00660	0.00655	0.00218	0.01020	0.00510	0.00295	0.01026
12	0.01318	0.01240	0.02093	0.73798	0.04806	0.01550	0.01938	0.01783	0.01395	0.01783	0.01240	0.01860	0.00930	0.00698	0.00698	0.00233	0.00930	0.00620	0.00310	0.00775
13	0.01665	0.01432	0.01515	0.01377	0.01755	0.01642	0.01074	0.03484	0.63827	0.02835	0.03100	0.03006	0.05936	0.01025	0.00725	0.00240	0.00545	0.03054	0.00704	0.01061
14	0.02607	0.03326	0.01978	0.01798	0.02157	0.72674	0.01348	0.02787	0.01978	0.01708	0.01079	0.01258	0.00899	0.00719	0.00629	0.00180	0.01258	0.00449	0.00360	0.00809
15	0.01409	0.03548	0.69429	0.02023	0.03043	0.01626	0.04947	0.02211	0.01480	0.02211	0.01258	0.01488	0.00890	0.00660	0.00669	0.00222	0.01037	0.00527	0.00297	0.01028
16	0.01361	0.00930	0.01159	0.01090	0.01335	0.00933	0.00862	0.02012	0.15479	0.09148	0.39298	0.04882	0.04798	0.01364	0.00813	0.00240	0.00452	0.12304	0.00744	0.00794
17	0.02227	0.01389	0.01593	0.01357	0.01803	0.01486	0.01077	0.03600	0.45980	0.27090	0.02810	0.02523	0.01988	0.00918	0.00707	0.00229	0.00567	0.00758	0.00764	0.01134
18	0.69977	0.01306	0.01103	0.06540	0.01600	0.01515	0.00842	0.01991	0.01247	0.03009	0.04793	0.01412	0.01087	0.00694	0.00474	0.00217	0.00558	0.00445	0.00441	0.00752
19	0.01235	0.04183	0.14778	0.01359	0.01791	0.01169	0.07888	0.01870	0.11927	0.02312	0.18547	0.09431	0.16059	0.03308	0.00845	0.00242	0.00616	0.01064	0.00569	0.00806
20	0.00997	0.00748	0.01121	0.01121	0.01246	0.00872	0.00872	0.01246	0.01121	0.01620	0.01869	0.02741	0.01745	0.05234	0.72710	0.01121	0.01869	0.00748	0.00374	0.00623
21	0.03035	0.01166	0.01589	0.01225	0.01748	0.01009	0.01009	0.03307	0.01996	0.68517	0.05806	0.02503	0.01945	0.00889	0.00707	0.00216	0.00582	0.00727	0.00859	0.01164
22	0.01807	0.02130	0.07593	0.16985	0.25336	0.17620	0.14208	0.02238	0.01641	0.02040	0.01260	0.01659	0.01000	0.00655	0.00701	0.00212	0.01024	0.00612	0.00339	0.00938
23	0.10262	0.01728	0.05723	0.02402	0.08320	0.01677	0.34493	0.02293	0.01555	0.12006	0.01470	0.01793	0.01097	0.00727	0.00952	0.00237	0.11191	0.00701	0.00424	0.00948
24	0.01301	0.00650	0.00650	0.00650	0.00813	0.00650	0.00488	0.01626	0.01463	0.02602	0.02276	0.02602	0.01789	0.00813	0.00488	0.00163	0.00325	0.00650	0.79350	0.00650
25	0.00943	0.00698	0.00879	0.00863	0.01022	0.00635	0.00636	0.01219	0.01825	0.02511	0.51294	0.15039	0.16680	0.01586	0.00833	0.00231	0.00344	0.01395	0.00732	0.00635
26	0.01758	0.03056	0.53599	0.01890	0.02801	0.01572	0.05096	0.06793	0.01680	0.12965	0.01517	0.01642	0.01040	0.00702	0.00678	0.00220	0.00953	0.00565	0.00411	0.01062
27	0.00902	0.00659	0.00852	0.00964	0.01043	0.00624	0.00661	0.01123	0.03955	0.01975	0.13653	0.59476	0.07476	0.02014	0.00872	0.00270	0.00397	0.01815	0.00668	0.00601
28	0.03110	0.01221	0.01640	0.01257	0.01798	0.01075	0.01039	0.06212	0.02052	0.68717	0.02707	0.02345	0.01704	0.00863	0.00702	0.00216	0.00601	0.00699	0.00857	0.01188
29	0.04010	0.05413	0.22942	0.09892	0.29668	0.04913	0.02030	0.04727	0.01575	0.02229	0.01296	0.01653	0.01032	0.00905	0.04584	0.00260	0.00960	0.00571	0.00344	0.00994
30	0.01438	0.09635	0.66175	0.01923	0.02918	0.01716	0.02463	0.02200	0.01469	0.02163	0.01229	0.01444	0.00885	0.00657	0.00645	0.00215	0.01008	0.00504	0.00295	0.01020
31	0.00901	0.00647	0.00853	0.01000	0.01067	0.00611	0.00709	0.01051	0.01377	0.01816	0.03898	0.57777	0.07533	0.05484	0.01021	0.00305	0.00453	0.12286	0.00637	0.00573
32	0.76721	0.01455	0.04329	0.00968	0.01427	0.01568	0.00841	0.02059	0.01201	0.03088	0.00985	0.01149	0.00762	0.00648	0.00443	0.00216	0.00563	0.00384	0.00425	0.00769
33	0.00887	0.00650	0.00833	0.00913	0.01013	0.00596	0.00637	0.01076	0.01552	0.02090	0.23698	0.46612	0.13036	0.01916	0.00863	0.00259	0.00377	0.01713	0.00683	0.00596
34	0.01580	0.01224	0.01719	0.29331	0.02849	0.01277	0.01315	0.05494	0.01521	0.08016	0.01430	0.01813	0.01111	0.00917	0.03142	0.03861	0.04199	0.00566	0.02963	0.25669
35	0.02107	0.01449	0.01605	0.01304	0.01697	0.01581	0.01046	0.40798	0.02469	0.06395	0.01887	0.02213	0.01483	0.06837	0.10428	0.00357	0.00825	0.00679	0.13874	0.00966
36	0.00885	0.00709	0.00791	0.00771	0.00980	0.00615	0.00578	0.01119	0.01734	0.02226	0.30820	0.06155	0.46877	0.01640	0.00824	0.00230	0.00344	0.01394	0.00693	0.00615
37	0.02412	0.22412	0.02419	0.01639	0.02061	0.54286	0.01308	0.02603	0.01830	0.01690	0.01050	0.01222	0.00898	0.00687	0.00581	0.00172	0.01124	0.00429	0.00343	0.00832
38	0.00847	0.00619	0.00797	0.00940	0.01004	0.00569	0.00634	0.00975	0.01367	0.01794	0.04234	0.66797	0.12588	0.02136	0.00883	0.00278	0.00399	0.01922	0.00648	0.00569
39	0.01212	0.00606	0.00909	0.00909	0.00909	0.00606	0.00606	0.00909	0.00909	0.01212	0.01212	0.02121	0.01212	0.02424	0.02727	0.79697	0.00606	0.00606	0.00303	0.00303
40	0.02642	0.01895	0.02048	0.01578	0.02129	0.02085	0.01301	0.62614	0.05892	0.07998	0.01781	0.01751	0.01254	0.00844	0.00699	0.00211	0.00750	0.00639	0.00708	0.01183
41	0.01678	0.01599	0.02658	0.03955	0.64069	0.01603	0.02006	0.02153	0.04773	0.02288	0.01697	0.02040	0.04951	0.00699	0.00699	0.00210	0.00790	0.00676	0.00379	0.01077
42	0.01105	0.00790	0.01103	0.01263	0.01416	0.00787	0.01091	0.01413	0.01588	0.02067	0.03705	0.12560	0.04058	0.01946	0.00959	0.00319	0.00626	0.61926	0.00643	0.00637
43	0.01647	0.01882	0.04118	0.02941	0.03647	0.01765	0.68588	0.02235	0.01647	0.02235	0.01412	0.01882	0.01059	0.00588	0.00824	0.00235	0.01176	0.00824	0.00353	0.00941
44	0.01422	0.03405	0.64844	0.02087	0.06131	0.01651	0.02501	0.02178	0.01457	0.02184	0.01237	0.01488	0.00896	0.00691	0.00753	0.00225	0.05006	0.00526	0.00298	0.01020
45	0.01771	0.01464	0.01593	0.01482	0.04037	0.01663	0.01116	0.03556	0.62275	0.06068	0.02923	0.02697	0.04296	0.00959	0.00713	0.00235	0.00557	0.00802	0.00703	0.01092
46	0.01766	0.20057	0.37234	0.04526	0.02653	0.11910	0.04951	0.02303	0.01561	0.05173	0.01238	0.01435	0.00937	0.00663	0.00619	0.00199	0.00980	0.00500	0.00334	0.00962
47	0.62735	0.14827	0.01542	0.01008	0.01466	0.05039	0.00862	0.02092	0.01265	0.02798	0.00976	0.01137	0.00787	0.00642	0.00444	0.00202	0.00610	0.00380	0.00405	0.00783
48	0.01212	0.00606	0.00909	0.00909	0.00909	0.00606	0.00606	0.00909	0.00909	0.01212	0.01212	0.02121	0.01212	0.02424	0.02727	0.79697	0.00606	0.00606	0.00303	0.00303
49	0.01647	0.01882	0.04118	0.02941	0.03647	0.01765	0.68588	0.02235	0.01647	0.02235	0.01412	0.01882	0.01059	0.00588	0.00824	0.00235	0.01176	0.00824	0.00353	0.00941
50	0.01748	0.01721	0.02614	0.10104	0.51853	0.06414	0.03623	0.02312	0.08446	0.02259	0.01446	0.01800	0.01177	0.00667	0.00693	0.00211	0.00848	0.00632	0.00380	0.01051
51	0.01682	0.01621	0.02774	0.04074	0.65699	0.01612	0.04185	0.02091	0.01591	0.02260	0.01584	0.01965	0.04356	0.00674	0.00701	0.00209	0.00818	0.00668	0.00360	0.01076
52	0.01010	0.00695	0.00854	0.00854	0.00886	0.00727	0.00539	0.01074	0.01042	0.01422	0.02114	0.04096	0.02333	0.57355	0.21393	0.00791	0.00984	0.00946	0.00410	0.00474
53	0.00850	0.00607	0.00810	0.00972	0.01012	0.00567	0.00648	0.00972	0.01336	0.01781	0.03846	0.75020	0.04615	0.02186	0.00891	0.00283	0.00405	0.01984	0.00648	0.00567
54	0.02353	0.01810	0.02043	0.14611	0.02590	0.03977	0.01408	0.52110	0.02808	0.03722	0.01561	0.01715	0.01133	0.00873	0.00778	0.03413	0.00804	0.00621	0.00603	0.01066
55	0.01866	0.75896	0.03657	0.01194	0.01791	0.02761	0.01194	0.02090	0.01418	0.01642	0.00970	0.01119	0.00896	0.00597	0.00448	0.00149	0.00746	0.00373	0.00299	0.00896
56	0.80405	0.01350	0.01026	0.00918	0.01350	0.01565	0.00756	0.02051	0.01188	0.03131	0.00972	0.01134	0.00756	0.00648	0.00432	0.00216	0.00540	0.00378	0.00432	0.00756
57	0.00850	0.00607	0.00810	0.00972	0.01012	0.00567	0.00648	0.00972	0.01336	0.01781	0.03846	0.75020	0.04615	0.02186	0.00891	0.00283	0.00405	0.01984	0.00648	0.00567
58	0.01527	0.01527	0.02137	0.01832	0.01832	0.02137	0.01527	0.01679	0.01069	0.01679	0.00916	0.01527	0.00916	0.01221	0.02290	0.00305	0.74198	0.00611	0.00305	0.00763
59	0.00858	0.00611	0.00807	0.00962	0.01000	0.00572	0.00637	0.00974	0.01321	0.01761	0.03769	0.71712	0.04518	0.05628	0.01016	0.00302	0.00418	0.01938	0.00637	0.00560
60	0.01736	0.01499	0.01578	0.01420	0.01815	0.01736	0.01105	0.03708	0.69862	0.02919	0.02840	0.02604	0.02130	0.00947	0.00710	0.00237	0.00552	0.00789	0.00710	0.01105
61	0.05355	0.01363	0.04076	0.01141	0.01741	0.01087	0.00956	0.04813	0.04744	0.14952	0.01593	0.01664	0.01197	0.00623	0.00568	0.00143	0.00562	0.00493	0.00516	0.52412
62	0.01468	0.13152	0.60977	0.01909	0.02874	0.01776	0.04184	0.02195	0.01471	0.02135	0.01219	0.01437	0.00890	0.00652	0.00639	0.00212	0.00997	0.00505	0.00297	0.01011
63	0.80405	0.01350	0.01026	0.00918	0.01350	0.01565	0.00756	0.02051	0.01188	0.03131	0.00972	0.01134	0.00756	0.00648	0.00432	0.00216	0.00540	0.00378	0.00432	0.00756
64	0.02607	0.03326	0.01978	0.01798	0.02157	0.72674	0.01348	0.02787	0.01978	0.01708	0.01079	0.01258	0.00899	0.00719	0.00629	0.00180	0.01258	0.00449	0.00360	0.00809
65	0.20415	0.01258	0.01502	0.04444	0.01823	0.01243	0.01013	0.03053	0.08593	0.46070	0.02290	0.02094	0.01512	0.00816	0.00641	0.00219	0.00593	0.00633	0.00726	0.01063
66	0.01040	0.00729	0.00924	0.00866	0.01054	0.00661	0.00653	0.01345	0.01919	0.05131	0.58857	0.05334	0.15952	0.01457	0.00819	0.00222	0.00342	0.01273	0.00754	0.00667
67	0.00975	0.00703	0.00921	0.00887	0.01040	0.00650	0.00657	0.01285	0.01916	0.02704	0.64546	0.11690	0.06402	0.01497	0.00829	0.00225	0.00336	0.01329	0.00757	0.00650
68	0.01265	0.01083	0.01490	0.01352	0.01418	0.01381	0.01063	0.03570	0.01151	0.01684	0.01546	0.02565	0.01545	0.16625	0.29446	0.00684	0.30367	0.00739	0.00366	0.00660
69	0.04584	0.06561	0.17360	0.10597	0.08586	0.01756	0.36083	0.02157	0.01548	0.02182	0.01309	0.01711	0.00991	0.00621	0.00729	0.00224	0.01043	0.00679	0.00336	0.00944
70	0.01409	0.03548	0.69429	0.02023	0.03043	0.01626	0.04947	0.02211	0.01480	0.02211	0.01258	0.01488	0.00890	0.00660	0.00669	0.00222	0.01037	0.00527	0.00297	0.01028
71	0.00972	0.00705	0.00917	0.00881	0.01037	0.00649	0.00654	0.01281	0.01914	0.02693	0.63719	0.10758	0.08206	0.01496	0.00828	0.00225	0.00336	0.01325	0.00755	0.00649
72	0.01271	0.01131	0.06094	0.01038	0.01358	0.00968	0.00875	0.09259	0.07050	0.04505	0.31360	0.04734	0.24916	0.01359	0.00786	0.00225	0.00461	0.01151	0.00688	0.00772
73	0.01528	0.01551	0.05085	0.35405	0.36144	0.01612	0.04683	0.01987	0.01500	0.02052	0.01282	0.01784	0.01017	0.00656	0.00698	0.00220	0.00896	0.00625	0.00328	0.00948
74	0.01173	0.03301	0.01068	0.00910	0.01120	0.00755	0.00699	0.01488	0.01943	0.07915	0.60826	0.04917	0.08476	0.01369	0.00801	0.00217	0.00364	0.01198	0.00755	0.00704
75	0.00992	0.00667	0.00768	0.00791	0.00797	0.00661	0.00455	0.01009	0.01060	0.01414	0.02432	0.14529	0.02831	0.65112	0.03175	0.00621	0.00638	0.01152	0.00455	0.00443
76	0.02079	0.10787	0.02252	0.16277	0.10384	0.25763	0.01495	0.13539	0.03693	0.02272	0.01506	0.01735	0.03762	0.00757	0.00650	0.00199	0.00948	0.00573	0.00419	0.00909
77	0.08338	0.03237	0.60362	0.01891	0.02825	0.01586	0.04947	0.02164	0.01473	0.02313	0.03786	0.01597	0.01089	0.00687	0.00655	0.00221	0.00968	0.00543	0.00326	0.00990
78	0.05993	0.01253	0.01604	0.01260	0.01779	0.01164	0.01033	0.05227	0.10147	0.58772	0.02663	0.02334	0.01722	0.00864	0.00692	0.00218	0.00592	0.00697	0.00824	0.01161
79	0.29770	0.01034	0.01093	0.00996	0.01218	0.01137	0.00746	0.09466	0.01294	0.02282	0.01182	0.01714	0.01045	0.01597	0.01661	0.41669	0.00602	0.00527	0.00397	0.00571
80	0.00877	0.00624	0.00807	0.00933	0.00979	0.00586	0.00616	0.00994	0.01331	0.01776	0.06855	0.60870	0.06100	0.11666	0.01232	0.00330	0.00435	0.01811	0.00624	0.00553
81	0.02476	0.04014	0.01984	0.01489	0.02010	0.01959	0.01230	0.55617	0.02951	0.07228	0.03682	0.01853	0.01392	0.00949	0.02477	0.00226	0.00749	0.00641	0.04062	0.03010

[dist]
# distance from previous block
# <min> <max>
0	2

[block]
# block no. 3 follows, 30 sequences, length 24
# corresponding to MSA columns:
# 306-329
name=unknown_D
#
# <colnr> <probs for GDERKNQSTAVLIFYWHMCP>
#	G	D	E	R	K	N	Q	S	T	A	V	L	I	F	Y	W	H	M	C	P
0	0.01696	0.10872	0.39160	0.02385	0.17879	0.12000	0.02156	0.02265	0.01566	0.02092	0.01210	0.01461	0.00936	0.00655	0.00641	0.00204	0.00989	0.00514	0.00316	0.01001
1	0.01076	0.00769	0.01069	0.01230	0.01369	0.00762	0.01041	0.01362	0.01559	0.02034	0.03721	0.19702	0.04122	0.01973	0.00951	0.00315	0.00601	0.55072	0.00643	0.00629
2	0.01529	0.01316	0.01623	0.01166	0.01787	0.01047	0.04349	0.05785	0.01567	0.02399	0.01275	0.01483	0.01044	0.00540	0.00543	0.00116	0.00566	0.00447	0.00427	0.70989
3	0.01306	0.00947	0.01084	0.01044	0.01175	0.05339	0.00743	0.04057	0.01308	0.06640	0.02211	0.11139	0.02271	0.29745	0.27142	0.00708	0.01102	0.00953	0.00468	0.00618
4	0.01866	0.75896	0.03657	0.01194	0.01791	0.02761	0.01194	0.02090	0.01418	0.01642	0.00970	0.01119	0.00896	0.00597	0.00448	0.00149	0.00746	0.00373	0.00299	0.00896
5	0.01091	0.00699	0.00817	0.00800	0.00842	0.00685	0.00481	0.01143	0.01175	0.04317	0.10271	0.06645	0.03039	0.61705	0.03042	0.00593	0.00625	0.01060	0.00487	0.00485
6	0.01447	0.01240	0.01447	0.01034	0.01654	0.00930	0.00827	0.01757	0.01447	0.02274	0.01240	0.01447	0.01034	0.00517	0.00517	0.00103	0.00517	0.00413	0.00413	0.79742
7	0.01594	0.01575	0.02277	0.01900	0.01979	0.02112	0.06314	0.05227	0.01226	0.01861	0.00991	0.01560	0.00940	0.01156	0.02102	0.00295	0.65137	0.00627	0.00329	0.00798
8	0.01527	0.01527	0.02137	0.01832	0.01832	0.02137	0.01527	0.01679	0.01069	0.01679	0.00916	0.01527	0.00916	0.01221	0.02290	0.00305	0.74198	0.00611	0.00305	0.00763
9	0.02653	0.01955	0.02094	0.01606	0.02164	0.02164	0.01326	0.68796	0.03281	0.04398	0.01675	0.01675	0.01187	0.00838	0.00698	0.00209	0.00768	0.00628	0.00698	0.01187
10	0.01584	0.07718	0.27320	0.02341	0.14628	0.06918	0.12918	0.02163	0.03960	0.02145	0.03230	0.04687	0.03797	0.00783	0.00739	0.00218	0.02832	0.00690	0.00370	0.00956
11	0.00825	0.00707	0.00707	0.00707	0.00943	0.00589	0.00530	0.01001	0.01591	0.01885	0.07069	0.06716	0.70839	0.01767	0.00825	0.00236	0.00353	0.01473	0.00648	0.00589
12	0.01851	0.72586	0.03589	0.01222	0.01793	0.02733	0.01209	0.02071	0.01402	0.01643	0.00968	0.01138	0.00896	0.00625	0.00530	0.00156	0.04015	0.00384	0.00299	0.00890
13	0.48449	0.04866	0.06619	0.01105	0.01610	0.01560	0.00982	0.09013	0.01482	0.05057	0.01161	0.01327	0.00896	0.00726	0.00584	0.03254	0.00611	0.00437	0.00450	0.09812
14	0.01741	0.04259	0.20482	0.06130	0.29104	0.08126	0.10139	0.05682	0.01663	0.02261	0.01284	0.01621	0.01010	0.00667	0.00731	0.00214	0.02924	0.00597	0.00349	0.01015
15	0.02247	0.11510	0.02303	0.01833	0.04563	0.40321	0.03744	0.02454	0.01690	0.05336	0.01137	0.01396	0.00958	0.00811	0.00976	0.00208	0.16797	0.00507	0.00366	0.00845
16	0.01447	0.01240	0.01447	0.01034	0.01654	0.00930	0.00827	0.01757	0.01447	0.02274	0.01240	0.01447	0.01034	0.00517	0.00517	0.00103	0.00517	0.00413	0.00413	0.79742
17	0.03806	0.03237	0.57551	0.02031	0.06425	0.01689	0.02348	0.10505	0.01697	0.02512	0.01300	0.01502	0.00930	0.00682	0.00662	0.00219	0.00974	0.00531	0.00351	0.01047
18	0.01726	0.01628	0.02722	0.11437	0.61103	0.01669	0.02084	0.05081	0.01644	0.02322	0.01321	0.01739	0.01091	0.00639	0.00692	0.00210	0.00837	0.00622	0.00357	0.01074
19	0.03000	0.01264	0.01651	0.01280	0.01811	0.01156	0.01053	0.08101	0.06778	0.62052	0.02682	0.02341	0.01717	0.00868	0.00702	0.00217	0.00603	0.00703	0.00841	0.01182
20	0.01015	0.00677	0.00761	0.00761	0.00761	0.00677	0.00423	0.01015	0.01015	0.01353	0.02199	0.04567	0.02537	0.75476	0.03552	0.00677	0.00677	0.01015	0.00423	0.00423
21	0.01544	0.02121	0.17263	0.02557	0.03269	0.01649	0.48205	0.02192	0.04011	0.02222	0.01605	0.07059	0.01317	0.00730	0.00792	0.00236	0.01070	0.00844	0.00375	0.00938
22	0.01375	0.03766	0.13776	0.02137	0.02701	0.01415	0.35731	0.01853	0.01525	0.02078	0.02220	0.18270	0.05433	0.01158	0.03024	0.00269	0.00950	0.01051	0.00423	0.00843
23	0.01481	0.01535	0.02755	0.27801	0.09429	0.04709	0.27105	0.01942	0.01564	0.02055	0.05652	0.07546	0.01608	0.00806	0.00764	0.00232	0.00954	0.00831	0.00384	0.00846

[dist]
# distance from previous block
# <min> <max>
2	7

# created by:
# /st0/software/busco_prod/Augustus/scripts/msa2prfl.pl ./align_prep/125170.fa
