[name]
unknown

[dist]
# distance from previous block
# <min> <max>
0	68

[block]
# block no. 0 follows, 28 sequences, length 42
# corresponding to MSA columns:
# 72-113
name=unknown_A
#
# <colnr> <probs for GDERKNQSTAVLIFYWHMCP>
#	G	D	E	R	K	N	Q	S	T	A	V	L	I	F	Y	W	H	M	C	P
0	0.00963	0.00737	0.00882	0.00967	0.01127	0.00674	0.00740	0.01161	0.01558	0.01957	0.05284	0.22837	0.32263	0.06990	0.01110	0.00313	0.00485	0.18685	0.00657	0.00611
1	0.02715	0.03464	0.02060	0.01873	0.02247	0.71536	0.01404	0.02903	0.02060	0.01779	0.01124	0.01311	0.00936	0.00749	0.00655	0.00187	0.01311	0.00468	0.00375	0.00843
2	0.01105	0.00859	0.01074	0.01017	0.01271	0.00725	0.00736	0.01327	0.01532	0.02183	0.13302	0.40359	0.03942	0.01603	0.00793	0.00225	0.00447	0.01431	0.00617	0.25452
3	0.01057	0.00705	0.00793	0.00793	0.00793	0.00705	0.00440	0.01057	0.01057	0.01409	0.02290	0.04757	0.02643	0.74454	0.03700	0.00705	0.00705	0.01057	0.00440	0.00440
4	0.01592	0.01516	0.02577	0.37546	0.38450	0.01673	0.02128	0.02050	0.01557	0.02124	0.01331	0.01866	0.01063	0.00686	0.00723	0.00229	0.00915	0.00647	0.00342	0.00985
5	0.00965	0.00672	0.00845	0.00935	0.00966	0.00658	0.00597	0.01050	0.01242	0.01665	0.03176	0.41285	0.03732	0.31477	0.06907	0.00520	0.00640	0.01572	0.00561	0.00534
6	0.01355	0.00678	0.00678	0.00678	0.00847	0.00678	0.00508	0.01694	0.01524	0.02710	0.02371	0.02710	0.01863	0.00847	0.00508	0.00169	0.00339	0.00678	0.78489	0.00678
7	0.02763	0.02036	0.02182	0.01672	0.02254	0.02254	0.01382	0.67496	0.03418	0.04581	0.01745	0.01745	0.01236	0.00873	0.00727	0.00218	0.00800	0.00654	0.00727	0.01236
8	0.63474	0.01403	0.01219	0.01043	0.01517	0.01561	0.00860	0.05087	0.01470	0.14691	0.01357	0.01423	0.00977	0.00721	0.00509	0.00225	0.00582	0.00462	0.00538	0.00882
9	0.00884	0.00637	0.00839	0.01000	0.01051	0.00591	0.00670	0.01013	0.01403	0.01860	0.04149	0.71130	0.07564	0.02259	0.00925	0.00293	0.00419	0.02044	0.00675	0.00591
10	0.01679	0.01604	0.02733	0.23747	0.51575	0.01695	0.02171	0.02125	0.01598	0.02229	0.01346	0.01838	0.01100	0.00670	0.00722	0.00223	0.00893	0.00647	0.00349	0.01054
11	0.01120	0.00757	0.00987	0.00936	0.01094	0.00716	0.00686	0.01403	0.01846	0.05401	0.51154	0.07618	0.05692	0.10988	0.06085	0.00356	0.00514	0.01249	0.00726	0.00672
12	0.00881	0.00649	0.00826	0.00968	0.01043	0.00594	0.00655	0.01017	0.01435	0.01873	0.04549	0.63156	0.15281	0.02207	0.00917	0.00287	0.00413	0.01980	0.00675	0.00594
13	0.79588	0.01406	0.01068	0.00956	0.01406	0.01631	0.00787	0.02137	0.01237	0.03261	0.01012	0.01181	0.00787	0.00675	0.00450	0.00225	0.00562	0.00394	0.00450	0.00787
14	0.01067	0.00821	0.01224	0.01207	0.01330	0.00978	0.00944	0.01322	0.01165	0.01691	0.01895	0.02789	0.01772	0.05233	0.67946	0.01124	0.05678	0.00771	0.00386	0.00657
15	0.01004	0.00685	0.00818	0.00866	0.00887	0.00669	0.00524	0.01060	0.01211	0.01623	0.06335	0.25737	0.03519	0.48790	0.02712	0.00556	0.00600	0.01376	0.00530	0.00499
16	0.01163	0.00831	0.01160	0.01315	0.01482	0.00828	0.01144	0.01498	0.01695	0.02217	0.07532	0.08044	0.04333	0.01979	0.00996	0.00329	0.00651	0.61454	0.00677	0.00670
17	0.00859	0.00736	0.00736	0.00736	0.00982	0.00614	0.00552	0.01043	0.01657	0.01964	0.07364	0.06996	0.69624	0.01841	0.00859	0.00245	0.00368	0.01534	0.00675	0.00614
18	0.00884	0.00639	0.00837	0.00996	0.01050	0.00592	0.00668	0.01014	0.01407	0.01862	0.04202	0.70069	0.08592	0.02252	0.00924	0.00292	0.00419	0.02035	0.00675	0.00592
19	0.00912	0.00675	0.00859	0.00996	0.01090	0.00622	0.00706	0.01073	0.01473	0.01911	0.04627	0.53989	0.17057	0.02165	0.00923	0.00290	0.00439	0.08914	0.00674	0.00604
20	0.01033	0.00738	0.00948	0.00898	0.01047	0.00688	0.00654	0.01330	0.01926	0.02716	0.60671	0.05341	0.06303	0.11105	0.01232	0.00291	0.00391	0.01281	0.00753	0.00654
21	0.02043	0.00965	0.01250	0.01093	0.01400	0.00875	0.00823	0.02297	0.03703	0.33366	0.08997	0.17495	0.06790	0.13937	0.01299	0.00323	0.00555	0.01149	0.00750	0.00887
22	0.10711	0.01272	0.01623	0.01270	0.01813	0.01165	0.01045	0.03422	0.05728	0.60018	0.02690	0.02360	0.01723	0.00882	0.00704	0.00226	0.00611	0.00703	0.00846	0.01188
23	0.00964	0.00778	0.00829	0.00812	0.01036	0.00688	0.00601	0.03577	0.01723	0.02140	0.14230	0.10393	0.51888	0.05858	0.01017	0.00271	0.00403	0.01479	0.00679	0.00635
24	0.00967	0.00741	0.00886	0.00850	0.01048	0.00660	0.00637	0.01252	0.01912	0.02569	0.46951	0.05999	0.29659	0.01615	0.00858	0.00235	0.00352	0.01394	0.00755	0.00660
25	0.13358	0.01212	0.01489	0.01193	0.01660	0.01144	0.00966	0.06627	0.01997	0.44602	0.12388	0.02782	0.02409	0.03882	0.00829	0.00244	0.00584	0.00779	0.00795	0.01062
26	0.00955	0.00693	0.00900	0.00948	0.01066	0.00639	0.00673	0.01191	0.01735	0.02383	0.36459	0.36325	0.09601	0.01862	0.00889	0.00260	0.00380	0.01665	0.00737	0.00639
27	0.02627	0.01968	0.02105	0.01645	0.02202	0.02191	0.01349	0.58412	0.12724	0.04361	0.01918	0.01883	0.01376	0.00889	0.00729	0.00222	0.00768	0.00678	0.00729	0.01224
28	0.01038	0.00779	0.01168	0.01168	0.01298	0.00909	0.00909	0.01298	0.01168	0.01687	0.01947	0.02856	0.01817	0.05452	0.71573	0.01168	0.01947	0.00779	0.00389	0.00649
29	0.01145	0.08248	0.01419	0.01161	0.01331	0.01088	0.00923	0.01363	0.01184	0.01660	0.01805	0.02641	0.01690	0.04763	0.59663	0.06417	0.01738	0.00729	0.00376	0.00655
30	0.03147	0.01247	0.01676	0.01292	0.01838	0.01098	0.01064	0.05920	0.02131	0.65009	0.05660	0.02572	0.01993	0.00924	0.00736	0.00225	0.00614	0.00753	0.00889	0.01214
31	0.01029	0.00743	0.00972	0.00914	0.01086	0.00686	0.00686	0.01372	0.02058	0.02915	0.69536	0.05430	0.06859	0.01486	0.00857	0.00229	0.00343	0.01315	0.00800	0.00686
32	0.00993	0.00742	0.00923	0.00877	0.01064	0.00671	0.00658	0.01303	0.01974	0.02717	0.56578	0.05756	0.19940	0.01560	0.00858	0.00232	0.00348	0.01360	0.00774	0.00671
33	0.00996	0.00719	0.00911	0.00904	0.01036	0.00667	0.00644	0.01248	0.01790	0.02479	0.45636	0.17172	0.10218	0.10861	0.01228	0.00301	0.00404	0.01425	0.00725	0.00634
34	0.01239	0.00997	0.01082	0.01083	0.01262	0.04791	0.00786	0.09269	0.01835	0.02390	0.15946	0.39011	0.13889	0.01814	0.00865	0.00261	0.00496	0.01592	0.00687	0.00704
35	0.01694	0.01452	0.01539	0.01393	0.01777	0.01654	0.01080	0.03511	0.59741	0.02963	0.07826	0.03173	0.06849	0.01075	0.00755	0.00245	0.00546	0.00901	0.00740	0.01084
36	0.01237	0.00643	0.00930	0.00939	0.00963	0.00647	0.00638	0.01032	0.01033	0.01441	0.01549	0.06375	0.01545	0.02522	0.06137	0.63631	0.00664	0.00725	0.06969	0.00379
37	0.49224	0.01232	0.01180	0.01027	0.01421	0.01332	0.00820	0.02228	0.01367	0.17382	0.01457	0.01642	0.01090	0.01052	0.00935	0.14191	0.00587	0.00509	0.00523	0.00800
38	0.01507	0.01292	0.01507	0.01077	0.01723	0.00969	0.00861	0.01830	0.01507	0.02369	0.01292	0.01507	0.01077	0.00538	0.00538	0.00108	0.00538	0.00431	0.00431	0.78898
39	0.01341	0.01417	0.06027	0.11041	0.11841	0.01410	0.09884	0.01676	0.01482	0.02015	0.02843	0.16006	0.13909	0.01283	0.01107	0.00263	0.14097	0.01085	0.00459	0.00817
40	0.00886	0.00633	0.00843	0.01012	0.01054	0.00590	0.00675	0.01012	0.01392	0.01856	0.04006	0.73979	0.04808	0.02277	0.00928	0.00295	0.00422	0.02066	0.00675	0.00590
41	0.01022	0.00777	0.00962	0.06085	0.01329	0.00759	0.00733	0.03915	0.01494	0.01926	0.04265	0.38020	0.20008	0.13678	0.01336	0.00342	0.00510	0.01610	0.00614	0.00615

[dist]
# distance from previous block
# <min> <max>
3	9

[block]
# block no. 1 follows, 28 sequences, length 41
# corresponding to MSA columns:
# 123-163
name=unknown_B
#
# <colnr> <probs for GDERKNQSTAVLIFYWHMCP>
#	G	D	E	R	K	N	Q	S	T	A	V	L	I	F	Y	W	H	M	C	P
0	0.02655	0.01895	0.02051	0.01587	0.02122	0.02078	0.01294	0.59322	0.03172	0.07469	0.01841	0.02012	0.01372	0.06556	0.00957	0.00256	0.00784	0.00689	0.00713	0.01175
1	0.01475	0.00803	0.00974	0.00904	0.01034	0.00764	0.00595	0.01578	0.01370	0.14662	0.07891	0.08096	0.02906	0.47447	0.02616	0.00529	0.00628	0.01055	0.04042	0.00630
2	0.01183	0.00865	0.01050	0.01103	0.01229	0.00876	0.00770	0.09111	0.05934	0.02219	0.03528	0.55056	0.04037	0.08009	0.01122	0.00317	0.00500	0.01735	0.00666	0.00691
3	0.06522	0.01531	0.01836	0.01414	0.01978	0.01518	0.01168	0.26383	0.02521	0.43817	0.02382	0.02155	0.01552	0.00880	0.00717	0.00222	0.00681	0.00688	0.00818	0.01216
4	0.01329	0.00772	0.00906	0.00873	0.00981	0.00741	0.00571	0.01423	0.01301	0.09883	0.02865	0.07524	0.07368	0.48432	0.02654	0.00539	0.00628	0.03911	0.06716	0.00583
5	0.01418	0.00982	0.01142	0.01103	0.01287	0.01011	0.00781	0.09026	0.11182	0.06458	0.03212	0.30799	0.05708	0.20603	0.01585	0.00380	0.00570	0.01366	0.00643	0.00745
6	0.01025	0.00822	0.00891	0.00862	0.01107	0.00740	0.00659	0.05397	0.01828	0.02295	0.17014	0.08708	0.49745	0.01742	0.00859	0.00247	0.00407	0.04285	0.00699	0.00667
7	0.00912	0.00707	0.00814	0.00850	0.01009	0.00627	0.00604	0.01099	0.01623	0.02081	0.18073	0.24830	0.35556	0.06568	0.01060	0.00285	0.00400	0.01606	0.00684	0.00610
8	0.01055	0.00807	0.00908	0.00918	0.01080	0.00769	0.00644	0.04367	0.05046	0.02072	0.09073	0.24430	0.28253	0.15577	0.01403	0.00344	0.00476	0.01497	0.00645	0.00637
9	0.01096	0.00848	0.01020	0.01058	0.01219	0.00852	0.00760	0.01654	0.14706	0.02339	0.19073	0.38720	0.10236	0.01807	0.00869	0.00266	0.00429	0.01606	0.00716	0.00724
10	0.01057	0.00705	0.00793	0.00793	0.00793	0.00705	0.00440	0.01057	0.01057	0.01409	0.02290	0.04757	0.02643	0.74454	0.03700	0.00705	0.00705	0.01057	0.00440	0.00440
11	0.01590	0.01590	0.02226	0.01908	0.01908	0.02226	0.01590	0.01749	0.01113	0.01749	0.00954	0.01590	0.00954	0.01272	0.02385	0.00318	0.73123	0.00636	0.00318	0.00795
12	0.01045	0.00806	0.00880	0.00861	0.01040	0.00756	0.00607	0.03962	0.04132	0.02068	0.12077	0.11791	0.35024	0.19915	0.01565	0.00362	0.00480	0.01375	0.00634	0.00622
13	0.00886	0.00633	0.00843	0.01012	0.01054	0.00590	0.00675	0.01012	0.01392	0.01856	0.04006	0.73979	0.04808	0.02277	0.00928	0.00295	0.00422	0.02066	0.00675	0.00590
14	0.00886	0.00633	0.00843	0.01012	0.01054	0.00590	0.00675	0.01012	0.01392	0.01856	0.04006	0.73979	0.04808	0.02277	0.00928	0.00295	0.00422	0.02066	0.00675	0.00590
15	0.00968	0.00738	0.00879	0.00862	0.01047	0.00662	0.00641	0.01227	0.01821	0.02422	0.38461	0.08564	0.29505	0.05441	0.01013	0.00266	0.00386	0.03729	0.00726	0.00643
16	0.01014	0.00724	0.00990	0.01158	0.01257	0.00701	0.00897	0.01233	0.01518	0.01999	0.03936	0.44535	0.04528	0.02157	0.00962	0.00313	0.00533	0.30249	0.00672	0.00626
17	0.00886	0.00633	0.00843	0.01012	0.01054	0.00590	0.00675	0.01012	0.01392	0.01856	0.04006	0.73979	0.04808	0.02277	0.00928	0.00295	0.00422	0.02066	0.00675	0.00590
18	0.01272	0.00984	0.01183	0.01209	0.01409	0.01035	0.00920	0.04331	0.19643	0.02463	0.11790	0.31663	0.04125	0.01732	0.00875	0.00278	0.00512	0.13078	0.00709	0.00791
19	0.01263	0.00631	0.00947	0.00947	0.00947	0.00631	0.00631	0.00947	0.00947	0.01263	0.01263	0.02210	0.01263	0.02525	0.02841	0.78851	0.00631	0.00631	0.00316	0.00316
20	0.02608	0.01886	0.02016	0.01563	0.02099	0.02080	0.01285	0.60241	0.03209	0.04375	0.01814	0.01852	0.01305	0.00870	0.00703	0.00213	0.00749	0.00657	0.09301	0.01175
21	0.01038	0.00779	0.01168	0.01168	0.01298	0.00909	0.00909	0.01298	0.01168	0.01687	0.01947	0.02856	0.01817	0.05452	0.71573	0.01168	0.01947	0.00779	0.00389	0.00649
22	0.00996	0.00708	0.00807	0.00831	0.00901	0.00674	0.00528	0.01077	0.01291	0.01675	0.06665	0.14012	0.17426	0.44407	0.02536	0.00523	0.00580	0.03305	0.00543	0.00514
23	0.01477	0.01224	0.01758	0.10643	0.15654	0.01309	0.01490	0.04523	0.11856	0.02398	0.02830	0.05091	0.02781	0.01384	0.00863	0.00282	0.00735	0.32246	0.00578	0.00876
24	0.01210	0.00854	0.01076	0.00993	0.01207	0.00826	0.00753	0.01738	0.09369	0.05819	0.59368	0.05005	0.06132	0.01406	0.00839	0.00230	0.00380	0.01235	0.00798	0.00761
25	0.01029	0.00743	0.00972	0.00914	0.01086	0.00686	0.00686	0.01372	0.02058	0.02915	0.69536	0.05430	0.06859	0.01486	0.00857	0.00229	0.00343	0.01315	0.00800	0.00686
26	0.01129	0.00792	0.00893	0.00879	0.00983	0.00778	0.00576	0.05662	0.01449	0.01934	0.07716	0.14846	0.13771	0.39492	0.02320	0.00485	0.00577	0.01252	0.03896	0.00571
27	0.01873	0.01970	0.02662	0.11038	0.14062	0.14609	0.18751	0.02640	0.16567	0.02288	0.01689	0.01989	0.01319	0.00827	0.00845	0.03771	0.00979	0.00707	0.00443	0.00970
28	0.01943	0.74891	0.03809	0.01244	0.01866	0.02876	0.01244	0.02177	0.01477	0.01710	0.01011	0.01166	0.00933	0.00622	0.00466	0.00155	0.00777	0.00389	0.00311	0.00933
29	0.01507	0.01292	0.01507	0.01077	0.01723	0.00969	0.00861	0.01830	0.01507	0.02369	0.01292	0.01507	0.01077	0.00538	0.00538	0.00108	0.00538	0.00431	0.00431	0.78898
30	0.79588	0.01406	0.01068	0.00956	0.01406	0.01631	0.00787	0.02137	0.01237	0.03261	0.01012	0.01181	0.00787	0.00675	0.00450	0.00225	0.00562	0.00394	0.00450	0.00787
31	0.02736	0.01944	0.02100	0.01616	0.02181	0.02134	0.01333	0.61729	0.03278	0.07920	0.01827	0.01819	0.01289	0.00873	0.00719	0.00217	0.00773	0.00659	0.03638	0.01215
32	0.01029	0.00743	0.00972	0.00914	0.01086	0.00686	0.00686	0.01372	0.02058	0.02915	0.69536	0.05430	0.06859	0.01486	0.00857	0.00229	0.00343	0.01315	0.00800	0.00686
33	0.01507	0.01292	0.01507	0.01077	0.01723	0.00969	0.00861	0.01830	0.01507	0.02369	0.01292	0.01507	0.01077	0.00538	0.00538	0.00108	0.00538	0.00431	0.00431	0.78898
34	0.03896	0.03015	0.47316	0.01961	0.02802	0.03553	0.07135	0.04720	0.01626	0.05873	0.01608	0.07499	0.01306	0.00855	0.00782	0.00238	0.03706	0.00698	0.00394	0.01017
35	0.02481	0.03078	0.02050	0.01850	0.02159	0.58379	0.01413	0.02667	0.01883	0.01771	0.01131	0.01413	0.00974	0.01012	0.03697	0.00245	0.12097	0.00506	0.00367	0.00828
36	0.01224	0.00645	0.00918	0.00918	0.00918	0.00645	0.00595	0.00968	0.00968	0.01290	0.01457	0.02691	0.01524	0.16126	0.03003	0.64075	0.00645	0.00712	0.00339	0.00339
37	0.01535	0.01424	0.02332	0.47570	0.22542	0.01634	0.01985	0.05049	0.01611	0.02133	0.01588	0.02102	0.03900	0.00759	0.00730	0.00234	0.00907	0.00684	0.00367	0.00914
38	0.01450	0.01202	0.01652	0.14763	0.02282	0.01184	0.03355	0.04661	0.01582	0.04326	0.05445	0.17105	0.02162	0.01074	0.00840	0.00208	0.06228	0.00911	0.00498	0.29072
39	0.01250	0.01625	0.16768	0.01402	0.01777	0.03753	0.03884	0.01670	0.01761	0.02467	0.33307	0.11806	0.04265	0.01342	0.00948	0.00247	0.06384	0.03957	0.00599	0.00787
40	0.01907	0.01556	0.02025	0.07403	0.02314	0.03942	0.08988	0.22953	0.06242	0.05064	0.02291	0.13722	0.02123	0.01175	0.00858	0.00247	0.03634	0.07962	0.00601	0.04994

[dist]
# distance from previous block
# <min> <max>
15	45

[block]
# block no. 2 follows, 28 sequences, length 78
# corresponding to MSA columns:
# 209-286
name=unknown_C
#
# <colnr> <probs for GDERKNQSTAVLIFYWHMCP>
#	G	D	E	R	K	N	Q	S	T	A	V	L	I	F	Y	W	H	M	C	P
0	0.05212	0.04266	0.04800	0.06034	0.02377	0.01941	0.03742	0.39104	0.06821	0.12998	0.01855	0.01870	0.01310	0.00831	0.00707	0.00218	0.00779	0.00652	0.00664	0.03817
1	0.06839	0.01422	0.04033	0.14221	0.04973	0.01342	0.01287	0.08921	0.01957	0.11829	0.13754	0.11783	0.02791	0.01188	0.00813	0.00258	0.00704	0.00965	0.00658	0.10261
2	0.70515	0.01386	0.01142	0.00996	0.01459	0.01564	0.00821	0.02304	0.01337	0.11245	0.01233	0.01335	0.00908	0.00702	0.00483	0.00225	0.00569	0.00434	0.00503	0.00841
3	0.01040	0.00774	0.01142	0.01142	0.01263	0.00895	0.00876	0.01281	0.01161	0.01668	0.01971	0.02987	0.01874	0.10222	0.66881	0.01136	0.01861	0.00798	0.00393	0.00635
4	0.01355	0.00678	0.00678	0.00678	0.00847	0.00678	0.00508	0.01694	0.01524	0.02710	0.02371	0.02710	0.01863	0.00847	0.00508	0.00169	0.00339	0.00678	0.78489	0.00678
5	0.02178	0.04306	0.01954	0.07067	0.02230	0.04179	0.01273	0.34933	0.15421	0.03511	0.04541	0.02356	0.05915	0.00931	0.00719	0.00217	0.00726	0.00735	0.00652	0.06156
6	0.01554	0.01526	0.02640	0.30756	0.21487	0.01743	0.10907	0.01981	0.01477	0.02036	0.01310	0.01887	0.01069	0.00973	0.03955	0.00286	0.12477	0.00679	0.00341	0.00914
7	0.01355	0.00678	0.00678	0.00678	0.00847	0.00678	0.00508	0.01694	0.01524	0.02710	0.02371	0.02710	0.01863	0.00847	0.00508	0.00169	0.00339	0.00678	0.78489	0.00678
8	0.01615	0.01748	0.03580	0.16904	0.07944	0.01750	0.45400	0.02157	0.01627	0.02199	0.01512	0.04800	0.01222	0.00726	0.00878	0.00247	0.03545	0.00843	0.00369	0.00935
9	0.02683	0.03309	0.02102	0.01960	0.04853	0.64545	0.01435	0.06889	0.02129	0.01976	0.01172	0.01357	0.00963	0.00753	0.00662	0.00190	0.01262	0.00487	0.00396	0.00879
10	0.56791	0.01278	0.01138	0.00995	0.01417	0.01405	0.00810	0.02208	0.01481	0.12371	0.12065	0.02027	0.01882	0.00833	0.00552	0.00226	0.00535	0.00585	0.00566	0.00833
11	0.01773	0.01700	0.02903	0.08701	0.65887	0.01720	0.02218	0.02208	0.01643	0.02343	0.01363	0.01808	0.01140	0.00653	0.00720	0.00218	0.00870	0.00648	0.00358	0.01130
12	0.01507	0.01292	0.01507	0.01077	0.01723	0.00969	0.00861	0.01830	0.01507	0.02369	0.01292	0.01507	0.01077	0.00538	0.00538	0.00108	0.00538	0.00431	0.00431	0.78898
13	0.01507	0.01292	0.01507	0.01077	0.01723	0.00969	0.00861	0.01830	0.01507	0.02369	0.01292	0.01507	0.01077	0.00538	0.00538	0.00108	0.00538	0.00431	0.00431	0.78898
14	0.01373	0.01292	0.02180	0.72707	0.05006	0.01615	0.02019	0.01857	0.01453	0.01857	0.01292	0.01938	0.00969	0.00727	0.00727	0.00242	0.00969	0.00646	0.00323	0.00807
15	0.01355	0.00678	0.00678	0.00678	0.00847	0.00678	0.00508	0.01694	0.01524	0.02710	0.02371	0.02710	0.01863	0.00847	0.00508	0.00169	0.00339	0.00678	0.78489	0.00678
16	0.01590	0.01590	0.02226	0.01908	0.01908	0.02226	0.01590	0.01749	0.01113	0.01749	0.00954	0.01590	0.00954	0.01272	0.02385	0.00318	0.73123	0.00636	0.00318	0.00795
17	0.01590	0.01590	0.02226	0.01908	0.01908	0.02226	0.01590	0.01749	0.01113	0.01749	0.00954	0.01590	0.00954	0.01272	0.02385	0.00318	0.73123	0.00636	0.00318	0.00795
18	0.01355	0.00678	0.00678	0.00678	0.00847	0.00678	0.00508	0.01694	0.01524	0.02710	0.02371	0.02710	0.01863	0.00847	0.00508	0.00169	0.00339	0.00678	0.78489	0.00678
19	0.02763	0.02036	0.02182	0.01672	0.02254	0.02254	0.01382	0.67496	0.03418	0.04581	0.01745	0.01745	0.01236	0.00873	0.00727	0.00218	0.00800	0.00654	0.00727	0.01236
20	0.00991	0.00742	0.00920	0.00875	0.01063	0.00670	0.00656	0.01299	0.01969	0.02705	0.55826	0.05775	0.20699	0.01564	0.00858	0.00232	0.00349	0.01363	0.00773	0.00670
21	0.01355	0.00678	0.00678	0.00678	0.00847	0.00678	0.00508	0.01694	0.01524	0.02710	0.02371	0.02710	0.01863	0.00847	0.00508	0.00169	0.00339	0.00678	0.78489	0.00678
22	0.01709	0.02022	0.06810	0.03077	0.06201	0.01828	0.62391	0.02324	0.01706	0.02329	0.01460	0.01938	0.01098	0.00617	0.00846	0.00243	0.01206	0.00838	0.00365	0.00990
23	0.01373	0.01292	0.02180	0.72707	0.05006	0.01615	0.02019	0.01857	0.01453	0.01857	0.01292	0.01938	0.00969	0.00727	0.00727	0.00242	0.00969	0.00646	0.00323	0.00807
24	0.01355	0.00678	0.00678	0.00678	0.00847	0.00678	0.00508	0.01694	0.01524	0.02710	0.02371	0.02710	0.01863	0.00847	0.00508	0.00169	0.00339	0.00678	0.78489	0.00678
25	0.01029	0.00743	0.00972	0.00914	0.01086	0.00686	0.00686	0.01372	0.02058	0.02915	0.69536	0.05430	0.06859	0.01486	0.00857	0.00229	0.00343	0.01315	0.00800	0.00686
26	0.00886	0.00633	0.00843	0.01012	0.01054	0.00590	0.00675	0.01012	0.01392	0.01856	0.04006	0.73979	0.04808	0.02277	0.00928	0.00295	0.00422	0.02066	0.00675	0.00590
27	0.01799	0.01727	0.02950	0.04462	0.69919	0.01727	0.02231	0.02231	0.01655	0.02375	0.01367	0.01799	0.01151	0.00648	0.00720	0.00216	0.00864	0.00648	0.00360	0.01151
28	0.01171	0.00837	0.01171	0.01339	0.01506	0.00837	0.01171	0.01506	0.01673	0.02175	0.03849	0.08199	0.04183	0.02008	0.01004	0.00335	0.00669	0.65027	0.00669	0.00669
29	0.01943	0.74891	0.03809	0.01244	0.01866	0.02876	0.01244	0.02177	0.01477	0.01710	0.01011	0.01166	0.00933	0.00622	0.00466	0.00155	0.00777	0.00389	0.00311	0.00933
30	0.01590	0.01590	0.02226	0.01908	0.01908	0.02226	0.01590	0.01749	0.01113	0.01749	0.00954	0.01590	0.00954	0.01272	0.02385	0.00318	0.73123	0.00636	0.00318	0.00795
31	0.01590	0.01590	0.02226	0.01908	0.01908	0.02226	0.01590	0.01749	0.01113	0.01749	0.00954	0.01590	0.00954	0.01272	0.02385	0.00318	0.73123	0.00636	0.00318	0.00795
32	0.01355	0.00678	0.00678	0.00678	0.00847	0.00678	0.00508	0.01694	0.01524	0.02710	0.02371	0.02710	0.01863	0.00847	0.00508	0.00169	0.00339	0.00678	0.78489	0.00678
33	0.00954	0.00740	0.00868	0.00836	0.01040	0.00654	0.00627	0.01227	0.01881	0.02495	0.42114	0.06120	0.34542	0.01643	0.00858	0.00236	0.00354	0.01411	0.00745	0.00654
34	0.01263	0.00631	0.00947	0.00947	0.00947	0.00631	0.00631	0.00947	0.00947	0.01263	0.01263	0.02210	0.01263	0.02525	0.02841	0.78851	0.00631	0.00631	0.00316	0.00316
35	0.01002	0.00742	0.00935	0.00886	0.01070	0.00674	0.00665	0.01320	0.01994	0.02765	0.59737	0.05677	0.16751	0.01542	0.00858	0.00231	0.00347	0.01349	0.00780	0.00674
36	0.01029	0.00743	0.00972	0.00914	0.01086	0.00686	0.00686	0.01372	0.02058	0.02915	0.69536	0.05430	0.06859	0.01486	0.00857	0.00229	0.00343	0.01315	0.00800	0.00686
37	0.02715	0.03464	0.02060	0.01873	0.02247	0.71536	0.01404	0.02903	0.02060	0.01779	0.01124	0.01311	0.00936	0.00749	0.00655	0.00187	0.01311	0.00468	0.00375	0.00843
38	0.01355	0.00678	0.00678	0.00678	0.00847	0.00678	0.00508	0.01694	0.01524	0.02710	0.02371	0.02710	0.01863	0.00847	0.00508	0.00169	0.00339	0.00678	0.78489	0.00678
39	0.01029	0.00743	0.00972	0.00914	0.01086	0.00686	0.00686	0.01372	0.02058	0.02915	0.69536	0.05430	0.06859	0.01486	0.00857	0.00229	0.00343	0.01315	0.00800	0.00686
40	0.79588	0.01406	0.01068	0.00956	0.01406	0.01631	0.00787	0.02137	0.01237	0.03261	0.01012	0.01181	0.00787	0.00675	0.00450	0.00225	0.00562	0.00394	0.00450	0.00787
41	0.03227	0.01292	0.01721	0.01319	0.01883	0.01150	0.01090	0.07932	0.02172	0.65903	0.02791	0.02424	0.01761	0.00898	0.00731	0.00224	0.00631	0.00726	0.00888	0.01237
42	0.01396	0.01235	0.01965	0.57590	0.04213	0.01525	0.01770	0.01909	0.04049	0.02010	0.01484	0.02054	0.01134	0.00775	0.00768	0.00236	0.03874	0.00657	0.10553	0.00803
43	0.02715	0.03464	0.02060	0.01873	0.02247	0.71536	0.01404	0.02903	0.02060	0.01779	0.01124	0.01311	0.00936	0.00749	0.00655	0.00187	0.01311	0.00468	0.00375	0.00843
44	0.01038	0.00779	0.01168	0.01168	0.01298	0.00909	0.00909	0.01298	0.01168	0.01687	0.01947	0.02856	0.01817	0.05452	0.71573	0.01168	0.01947	0.00779	0.00389	0.00649
45	0.01799	0.01727	0.02950	0.04462	0.69919	0.01727	0.02231	0.02231	0.01655	0.02375	0.01367	0.01799	0.01151	0.00648	0.00720	0.00216	0.00864	0.00648	0.00360	0.01151
46	0.01181	0.00811	0.00939	0.00901	0.00959	0.00843	0.00564	0.05981	0.01244	0.01675	0.02210	0.04315	0.02443	0.61042	0.11339	0.00723	0.00856	0.00995	0.00456	0.00523
47	0.01057	0.00705	0.00793	0.00793	0.00793	0.00705	0.00440	0.01057	0.01057	0.01409	0.02290	0.04757	0.02643	0.74454	0.03700	0.00705	0.00705	0.01057	0.00440	0.00440
48	0.00886	0.00633	0.00843	0.01012	0.01054	0.00590	0.00675	0.01012	0.01392	0.01856	0.04006	0.73979	0.04808	0.02277	0.00928	0.00295	0.00422	0.02066	0.00675	0.00590
49	0.00886	0.00633	0.00843	0.01012	0.01054	0.00590	0.00675	0.01012	0.01392	0.01856	0.04006	0.73979	0.04808	0.02277	0.00928	0.00295	0.00422	0.02066	0.00675	0.00590
50	0.01057	0.00705	0.00793	0.00793	0.00793	0.00705	0.00440	0.01057	0.01057	0.01409	0.02290	0.04757	0.02643	0.74454	0.03700	0.00705	0.00705	0.01057	0.00440	0.00440
51	0.00922	0.00661	0.00876	0.00987	0.01062	0.00615	0.00678	0.01104	0.01562	0.02127	0.20778	0.56435	0.05333	0.02075	0.00910	0.00278	0.00402	0.01874	0.00707	0.00615
52	0.00952	0.00682	0.00880	0.00992	0.01069	0.00643	0.00693	0.01112	0.01469	0.01956	0.11111	0.46522	0.08717	0.11212	0.01273	0.00341	0.00472	0.08652	0.00658	0.00592
53	0.01038	0.00779	0.01168	0.01168	0.01298	0.00909	0.00909	0.01298	0.01168	0.01687	0.01947	0.02856	0.01817	0.05452	0.71573	0.01168	0.01947	0.00779	0.00389	0.00649
54	0.01808	0.01561	0.01644	0.01479	0.01890	0.01808	0.01151	0.03863	0.68606	0.03041	0.02959	0.02712	0.02219	0.00986	0.00740	0.00247	0.00575	0.00822	0.00740	0.01151
55	0.01050	0.00702	0.00795	0.00802	0.00804	0.00700	0.00450	0.01055	0.01071	0.01428	0.02362	0.07660	0.02734	0.71426	0.03584	0.00688	0.00693	0.01099	0.00450	0.00447
56	0.00892	0.00635	0.00841	0.01003	0.01044	0.00595	0.00665	0.01014	0.01378	0.01838	0.03938	0.71225	0.04722	0.05149	0.01038	0.00312	0.00433	0.02026	0.00665	0.00584
57	0.01442	0.03196	0.55607	0.01885	0.02794	0.01592	0.02311	0.02349	0.08735	0.02352	0.02009	0.02310	0.06019	0.00856	0.00720	0.00237	0.00955	0.03204	0.00394	0.01034
58	0.01844	0.01579	0.01664	0.01487	0.01904	0.01825	0.01159	0.06242	0.66169	0.03098	0.02913	0.02676	0.02182	0.00982	0.00739	0.00245	0.00584	0.00816	0.00739	0.01154
59	0.01648	0.01317	0.01472	0.01382	0.01719	0.01469	0.01088	0.03118	0.46484	0.05385	0.07307	0.08777	0.02988	0.01268	0.00802	0.00262	0.00567	0.11205	0.00734	0.01009
60	0.00995	0.00711	0.00969	0.01137	0.01227	0.00685	0.00865	0.01201	0.01500	0.01978	0.03946	0.48786	0.04569	0.02174	0.00957	0.00310	0.00517	0.26180	0.00673	0.00621
61	0.01967	0.67183	0.03585	0.01277	0.01866	0.07719	0.01236	0.02201	0.01539	0.01757	0.03413	0.01325	0.01140	0.00661	0.00494	0.00160	0.00800	0.00427	0.00333	0.00918
62	0.01617	0.01299	0.01391	0.01269	0.01605	0.01460	0.00980	0.03142	0.47961	0.02971	0.13363	0.03140	0.02896	0.01044	0.00723	0.00232	0.00503	0.00878	0.12520	0.01006
63	0.00912	0.00672	0.00831	0.00926	0.01018	0.00616	0.00629	0.01060	0.01480	0.01943	0.11287	0.46854	0.17616	0.09189	0.01179	0.00319	0.00431	0.01784	0.00665	0.00590
64	0.01563	0.00862	0.01136	0.01000	0.01269	0.00776	0.00774	0.01886	0.02049	0.19229	0.51154	0.04770	0.07891	0.01357	0.00827	0.00228	0.00411	0.01181	0.00820	0.00817
65	0.00886	0.00633	0.00843	0.01012	0.01054	0.00590	0.00675	0.01012	0.01392	0.01856	0.04006	0.73979	0.04808	0.02277	0.00928	0.00295	0.00422	0.02066	0.00675	0.00590
66	0.00895	0.00649	0.00846	0.00985	0.01052	0.00600	0.00667	0.01043	0.01464	0.01948	0.09498	0.63713	0.09590	0.02183	0.00917	0.00286	0.00412	0.01968	0.00685	0.00600
67	0.01507	0.01292	0.01507	0.01077	0.01723	0.00969	0.00861	0.01830	0.01507	0.02369	0.01292	0.01507	0.01077	0.00538	0.00538	0.00108	0.00538	0.00431	0.00431	0.78898
68	0.05645	0.02132	0.02124	0.06080	0.02392	0.10249	0.01401	0.53375	0.03053	0.04035	0.01616	0.01685	0.01167	0.00842	0.00708	0.00216	0.00861	0.00622	0.00650	0.01146
69	0.01045	0.00707	0.00789	0.00789	0.00805	0.00699	0.00447	0.01056	0.01094	0.01444	0.02605	0.04896	0.06803	0.69943	0.03523	0.00676	0.00684	0.01087	0.00455	0.00451
70	0.00880	0.00737	0.00767	0.00778	0.01010	0.00625	0.00588	0.01074	0.01664	0.02005	0.09491	0.09371	0.62176	0.01850	0.00868	0.00250	0.00382	0.04187	0.00680	0.00618
71	0.01921	0.04953	0.10950	0.13465	0.26339	0.18751	0.01915	0.02501	0.08119	0.02182	0.01428	0.01733	0.01137	0.00721	0.00694	0.00215	0.00984	0.00597	0.00386	0.01007
72	0.01046	0.00700	0.00796	0.00806	0.00809	0.00698	0.00455	0.01054	0.01078	0.01437	0.02397	0.09057	0.02777	0.69970	0.03528	0.00679	0.00687	0.01120	0.00455	0.00450
73	0.01057	0.00705	0.00793	0.00793	0.00793	0.00705	0.00440	0.01057	0.01057	0.01409	0.02290	0.04757	0.02643	0.74454	0.03700	0.00705	0.00705	0.01057	0.00440	0.00440
74	0.28887	0.08235	0.02138	0.14306	0.05353	0.01926	0.06400	0.19526	0.01933	0.03113	0.01308	0.01551	0.00992	0.00726	0.00617	0.00221	0.00781	0.00554	0.00478	0.00954
75	0.13425	0.05549	0.27537	0.02362	0.05434	0.01792	0.29035	0.02280	0.01566	0.02436	0.01319	0.01651	0.00984	0.00652	0.00715	0.00232	0.01040	0.00646	0.00356	0.00989
76	0.03149	0.01453	0.01732	0.01359	0.01901	0.06781	0.01109	0.05607	0.04494	0.60353	0.02694	0.02365	0.01727	0.00890	0.00725	0.00222	0.00678	0.00711	0.00846	0.01202
77	0.01684	0.01712	0.05070	0.03604	0.51661	0.04262	0.01935	0.02143	0.03926	0.02314	0.02238	0.02660	0.09790	0.00858	0.00744	0.00224	0.00811	0.02890	0.00421	0.01054

[dist]
# distance from previous block
# <min> <max>
3	5

[block]
# block no. 3 follows, 28 sequences, length 41
# corresponding to MSA columns:
# 292-332
name=unknown_D
#
# <colnr> <probs for GDERKNQSTAVLIFYWHMCP>
#	G	D	E	R	K	N	Q	S	T	A	V	L	I	F	Y	W	H	M	C	P
0	0.02578	0.01915	0.02060	0.01617	0.02153	0.02118	0.01321	0.58860	0.07852	0.04302	0.01972	0.06357	0.01530	0.00969	0.00741	0.00225	0.00760	0.00755	0.00725	0.01190
1	0.01587	0.01289	0.01516	0.01087	0.01729	0.00974	0.00871	0.01908	0.01533	0.05471	0.01364	0.01551	0.01110	0.00555	0.00547	0.00113	0.00542	0.00444	0.00452	0.75357
2	0.55539	0.03834	0.01394	0.01108	0.01598	0.01664	0.00921	0.10675	0.01652	0.13728	0.01391	0.01451	0.01005	0.00733	0.00529	0.00222	0.00608	0.00479	0.00550	0.00918
3	0.12783	0.06111	0.02305	0.02436	0.20551	0.33026	0.04319	0.02474	0.01749	0.02159	0.01225	0.01524	0.01026	0.00935	0.04206	0.00250	0.01088	0.00535	0.00378	0.00920
4	0.00995	0.00726	0.00884	0.00966	0.01063	0.00688	0.00656	0.04065	0.01500	0.01967	0.06117	0.48706	0.14602	0.11964	0.01284	0.00338	0.00467	0.01759	0.00649	0.00606
5	0.03150	0.01346	0.01746	0.01346	0.01906	0.01239	0.01110	0.11408	0.04527	0.60025	0.02733	0.02393	0.01745	0.00899	0.00731	0.00225	0.00639	0.00725	0.00873	0.01234
6	0.01432	0.00985	0.01163	0.01031	0.01309	0.00951	0.00797	0.12341	0.02157	0.07857	0.35778	0.08422	0.19993	0.01464	0.00831	0.00234	0.00448	0.01252	0.00760	0.00795
7	0.01042	0.00855	0.00935	0.00928	0.01157	0.00815	0.00689	0.01544	0.12603	0.02254	0.14725	0.17125	0.39209	0.01724	0.00851	0.00252	0.00407	0.01475	0.00703	0.00708
8	0.01051	0.00713	0.00831	0.00819	0.00856	0.00701	0.00493	0.01125	0.01273	0.01734	0.16808	0.04902	0.03553	0.58701	0.03086	0.00602	0.00627	0.01113	0.00518	0.00493
9	0.00906	0.00648	0.00864	0.01016	0.01072	0.00606	0.00693	0.01056	0.01451	0.01946	0.08924	0.66572	0.04940	0.02209	0.00925	0.00292	0.00424	0.04170	0.00684	0.00600
10	0.02889	0.01230	0.01617	0.01281	0.01790	0.01120	0.01043	0.03383	0.09841	0.56441	0.08921	0.02770	0.02307	0.00963	0.00743	0.00228	0.00589	0.00794	0.00872	0.01177
11	0.01290	0.00886	0.00982	0.00913	0.00992	0.00916	0.00569	0.10117	0.01379	0.01842	0.02216	0.04346	0.02451	0.64420	0.03294	0.00638	0.00718	0.01002	0.00480	0.00549
12	0.01006	0.00742	0.00940	0.00890	0.01072	0.00676	0.00668	0.01327	0.02003	0.02785	0.61058	0.05643	0.15417	0.01534	0.00858	0.00231	0.00346	0.01345	0.00783	0.00676
13	0.00884	0.00641	0.00835	0.00991	0.01049	0.00592	0.00665	0.01015	0.01412	0.01864	0.04263	0.68862	0.09760	0.02244	0.00923	0.00291	0.00418	0.02026	0.00675	0.00592
14	0.02715	0.03464	0.02060	0.01873	0.02247	0.71536	0.01404	0.02903	0.02060	0.01779	0.01124	0.01311	0.00936	0.00749	0.00655	0.00187	0.01311	0.00468	0.00375	0.00843
15	0.00913	0.00648	0.00856	0.01012	0.01057	0.00612	0.00682	0.01040	0.01380	0.01837	0.03865	0.65299	0.04608	0.07870	0.01147	0.00329	0.00456	0.05150	0.00656	0.00583
16	0.03261	0.01237	0.01687	0.01293	0.01856	0.01068	0.01068	0.03543	0.02081	0.70423	0.02868	0.02474	0.01799	0.00900	0.00731	0.00225	0.00619	0.00731	0.00900	0.01237
17	0.01057	0.00705	0.00793	0.00793	0.00793	0.00705	0.00440	0.01057	0.01057	0.01409	0.02290	0.04757	0.02643	0.74454	0.03700	0.00705	0.00705	0.01057	0.00440	0.00440
18	0.02767	0.01358	0.01694	0.01327	0.01830	0.01306	0.01085	0.19407	0.02416	0.42588	0.13577	0.02777	0.02491	0.00990	0.00751	0.00224	0.00619	0.00808	0.00840	0.01146
19	0.00886	0.00633	0.00843	0.01012	0.01054	0.00590	0.00675	0.01012	0.01392	0.01856	0.04006	0.73979	0.04808	0.02277	0.00928	0.00295	0.00422	0.02066	0.00675	0.00590
20	0.02763	0.02036	0.02182	0.01672	0.02254	0.02254	0.01382	0.67496	0.03418	0.04581	0.01745	0.01745	0.01236	0.00873	0.00727	0.00218	0.00800	0.00654	0.00727	0.01236
21	0.00886	0.00633	0.00843	0.01012	0.01054	0.00590	0.00675	0.01012	0.01392	0.01856	0.04006	0.73979	0.04808	0.02277	0.00928	0.00295	0.00422	0.02066	0.00675	0.00590
22	0.00886	0.00633	0.00843	0.01012	0.01054	0.00590	0.00675	0.01012	0.01392	0.01856	0.04006	0.73979	0.04808	0.02277	0.00928	0.00295	0.00422	0.02066	0.00675	0.00590
23	0.01355	0.00678	0.00678	0.00678	0.00847	0.00678	0.00508	0.01694	0.01524	0.02710	0.02371	0.02710	0.01863	0.00847	0.00508	0.00169	0.00339	0.00678	0.78489	0.00678
24	0.01057	0.00705	0.00793	0.00793	0.00793	0.00705	0.00440	0.01057	0.01057	0.01409	0.02290	0.04757	0.02643	0.74454	0.03700	0.00705	0.00705	0.01057	0.00440	0.00440
25	0.00975	0.00733	0.00902	0.00877	0.01057	0.00660	0.00651	0.01261	0.01905	0.02593	0.48766	0.11039	0.22641	0.01636	0.00863	0.00238	0.00355	0.01427	0.00759	0.00660
26	0.00991	0.00739	0.00894	0.00855	0.01048	0.00665	0.00641	0.01289	0.01923	0.02634	0.49265	0.05785	0.24753	0.01566	0.00846	0.00231	0.00350	0.01355	0.03508	0.00665
27	0.01156	0.00832	0.01149	0.01308	0.01480	0.00825	0.01140	0.01483	0.01673	0.02165	0.04026	0.08139	0.07481	0.02000	0.00997	0.00330	0.00654	0.61828	0.00670	0.00667
28	0.01590	0.01590	0.02226	0.01908	0.01908	0.02226	0.01590	0.01749	0.01113	0.01749	0.00954	0.01590	0.00954	0.01272	0.02385	0.00318	0.73123	0.00636	0.00318	0.00795
29	0.05532	0.01040	0.01310	0.01124	0.01499	0.00945	0.00882	0.05012	0.01889	0.35445	0.08363	0.18023	0.13134	0.01359	0.00788	0.00243	0.00525	0.01153	0.00785	0.00950
30	0.02644	0.01944	0.02079	0.01613	0.02165	0.02152	0.01326	0.60947	0.06646	0.04409	0.01838	0.01843	0.01318	0.00877	0.00717	0.00217	0.00765	0.00664	0.04633	0.01204
31	0.00886	0.00633	0.00843	0.01012	0.01054	0.00590	0.00675	0.01012	0.01392	0.01856	0.04006	0.73979	0.04808	0.02277	0.00928	0.00295	0.00422	0.02066	0.00675	0.00590
32	0.00911	0.00652	0.00866	0.00995	0.01060	0.00607	0.00677	0.01076	0.01510	0.02044	0.15630	0.61821	0.05171	0.02137	0.00915	0.00283	0.00408	0.01933	0.00697	0.00607
33	0.02332	0.01638	0.01815	0.01471	0.01909	0.01774	0.01172	0.47176	0.02792	0.07137	0.02169	0.13711	0.01909	0.04375	0.00997	0.04261	0.00716	0.00905	0.00694	0.01050
34	0.02690	0.02000	0.02140	0.01658	0.02226	0.02220	0.01364	0.62632	0.08400	0.04463	0.01838	0.01819	0.01311	0.00881	0.00728	0.00220	0.00783	0.00667	0.00728	0.01230
35	0.02715	0.03464	0.02060	0.01873	0.02247	0.71536	0.01404	0.02903	0.02060	0.01779	0.01124	0.01311	0.00936	0.00749	0.00655	0.00187	0.01311	0.00468	0.00375	0.00843
36	0.01808	0.01561	0.01644	0.01479	0.01890	0.01808	0.01151	0.03863	0.68606	0.03041	0.02959	0.02712	0.02219	0.00986	0.00740	0.00247	0.00575	0.00822	0.00740	0.01151
37	0.01808	0.01561	0.01644	0.01479	0.01890	0.01808	0.01151	0.03863	0.68606	0.03041	0.02959	0.02712	0.02219	0.00986	0.00740	0.00247	0.00575	0.00822	0.00740	0.01151
38	0.02682	0.01996	0.02136	0.01656	0.02223	0.02216	0.01362	0.62057	0.08989	0.04450	0.01849	0.01828	0.01320	0.00882	0.00728	0.00221	0.00781	0.00669	0.00728	0.01229
39	0.00979	0.00741	0.00903	0.00863	0.01056	0.00665	0.00647	0.01276	0.01941	0.02638	0.51461	0.05885	0.25106	0.01589	0.00858	0.00234	0.00350	0.01378	0.00764	0.00665
40	0.01458	0.03760	0.70688	0.02072	0.03146	0.01688	0.02686	0.02302	0.01535	0.02302	0.01304	0.01535	0.00921	0.00691	0.00691	0.00230	0.01074	0.00537	0.00307	0.01074

[dist]
# distance from previous block
# <min> <max>
0	5

[block]
# block no. 4 follows, 28 sequences, length 22
# corresponding to MSA columns:
# 338-359
name=unknown_E
#
# <colnr> <probs for GDERKNQSTAVLIFYWHMCP>
#	G	D	E	R	K	N	Q	S	T	A	V	L	I	F	Y	W	H	M	C	P
0	0.01077	0.00809	0.01115	0.08419	0.01532	0.00796	0.00868	0.01434	0.01960	0.02738	0.56511	0.05317	0.06005	0.01454	0.00857	0.00240	0.00438	0.06994	0.00739	0.00697
1	0.01396	0.08874	0.01948	0.01529	0.01648	0.01742	0.01269	0.01605	0.01174	0.01719	0.01376	0.02076	0.01314	0.02955	0.31170	0.00657	0.35782	0.00670	0.00347	0.00748
2	0.01493	0.03549	0.63643	0.02320	0.10091	0.01692	0.02638	0.02295	0.01547	0.02310	0.01311	0.01562	0.00945	0.00686	0.00694	0.00229	0.01052	0.00549	0.00312	0.01082
3	0.01799	0.01727	0.02950	0.04462	0.69919	0.01727	0.02231	0.02231	0.01655	0.02375	0.01367	0.01799	0.01151	0.00648	0.00720	0.00216	0.00864	0.00648	0.00360	0.01151
4	0.01900	0.02168	0.09751	0.10559	0.43394	0.12163	0.02096	0.05149	0.01760	0.02323	0.01333	0.01710	0.01081	0.00685	0.00708	0.00216	0.00960	0.00609	0.00369	0.01066
5	0.27626	0.01509	0.02127	0.20627	0.30589	0.01666	0.01696	0.02105	0.01465	0.02539	0.01230	0.01628	0.00984	0.00677	0.00631	0.00226	0.00790	0.00563	0.00380	0.00943
6	0.24113	0.04966	0.11907	0.01351	0.01916	0.01593	0.01255	0.08584	0.11837	0.18086	0.06014	0.02062	0.01665	0.00839	0.00643	0.00226	0.00671	0.00634	0.00613	0.01026
7	0.01479	0.00985	0.01214	0.01070	0.01358	0.00942	0.00838	0.08558	0.04315	0.09706	0.43172	0.04707	0.08837	0.01349	0.00819	0.00228	0.00454	0.04524	0.00768	0.04677
8	0.01554	0.01474	0.02627	0.46361	0.11245	0.01687	0.13722	0.02029	0.01521	0.04211	0.01362	0.01923	0.01038	0.00738	0.00853	0.00244	0.05483	0.00686	0.00353	0.00888
9	0.01263	0.00631	0.00947	0.00947	0.00947	0.00631	0.00631	0.00947	0.00947	0.01263	0.01263	0.02210	0.01263	0.02525	0.02841	0.78851	0.00631	0.00631	0.00316	0.00316
10	0.01716	0.01627	0.02760	0.11363	0.58941	0.01660	0.02143	0.02147	0.01635	0.02309	0.01513	0.02209	0.01320	0.00740	0.00738	0.00226	0.00863	0.04628	0.00375	0.01086
11	0.01038	0.00779	0.01168	0.01168	0.01298	0.00909	0.00909	0.01298	0.01168	0.01687	0.01947	0.02856	0.01817	0.05452	0.71573	0.01168	0.01947	0.00779	0.00389	0.00649
12	0.01943	0.74891	0.03809	0.01244	0.01866	0.02876	0.01244	0.02177	0.01477	0.01710	0.01011	0.01166	0.00933	0.00622	0.00466	0.00155	0.00777	0.00389	0.00311	0.00933
13	0.00911	0.00651	0.00873	0.01042	0.01095	0.00613	0.00720	0.01057	0.01417	0.01884	0.03992	0.68046	0.04751	0.02253	0.00935	0.00299	0.00444	0.07745	0.00674	0.00598
14	0.79588	0.01406	0.01068	0.00956	0.01406	0.01631	0.00787	0.02137	0.01237	0.03261	0.01012	0.01181	0.00787	0.00675	0.00450	0.00225	0.00562	0.00394	0.00450	0.00787
15	0.01393	0.01089	0.01789	0.28362	0.15776	0.01208	0.01459	0.01536	0.01289	0.01721	0.01394	0.04654	0.01261	0.01484	0.01574	0.31514	0.00794	0.00692	0.00340	0.00670
16	0.01741	0.01668	0.02845	0.13793	0.61044	0.01712	0.02202	0.02180	0.01628	0.02304	0.01357	0.01818	0.01126	0.00658	0.00721	0.00219	0.00878	0.00647	0.00355	0.01104
17	0.01670	0.01632	0.02870	0.23083	0.40301	0.01714	0.11014	0.02203	0.04154	0.02250	0.01421	0.01894	0.01135	0.00678	0.00741	0.00228	0.00931	0.00683	0.00365	0.01033
18	0.02715	0.03464	0.02060	0.01873	0.02247	0.71536	0.01404	0.02903	0.02060	0.01779	0.01124	0.01311	0.00936	0.00749	0.00655	0.00187	0.01311	0.00468	0.00375	0.00843
19	0.01047	0.00706	0.00790	0.00790	0.00803	0.00700	0.00446	0.01056	0.01089	0.01439	0.02560	0.04876	0.06200	0.70598	0.03549	0.00680	0.00687	0.01082	0.00453	0.00450
20	0.01458	0.03760	0.70688	0.02072	0.03146	0.01688	0.02686	0.02302	0.01535	0.02302	0.01304	0.01535	0.00921	0.00691	0.00691	0.00230	0.01074	0.00537	0.00307	0.01074
21	0.01701	0.02062	0.08012	0.03008	0.03762	0.01830	0.63658	0.02327	0.01706	0.02327	0.01461	0.01937	0.01093	0.00617	0.00848	0.00244	0.01217	0.00840	0.00364	0.00986

[dist]
# distance from previous block
# <min> <max>
0	45

[block]
# block no. 5 follows, 28 sequences, length 21
# corresponding to MSA columns:
# 405-425
name=unknown_F
#
# <colnr> <probs for GDERKNQSTAVLIFYWHMCP>
#	G	D	E	R	K	N	Q	S	T	A	V	L	I	F	Y	W	H	M	C	P
0	0.01029	0.00743	0.00972	0.00914	0.01086	0.00686	0.00686	0.01372	0.02058	0.02915	0.69536	0.05430	0.06859	0.01486	0.00857	0.00229	0.00343	0.01315	0.00800	0.00686
1	0.01057	0.00705	0.00793	0.00793	0.00793	0.00705	0.00440	0.01057	0.01057	0.01409	0.02290	0.04757	0.02643	0.74454	0.03700	0.00705	0.00705	0.01057	0.00440	0.00440
2	0.79588	0.01406	0.01068	0.00956	0.01406	0.01631	0.00787	0.02137	0.01237	0.03261	0.01012	0.01181	0.00787	0.00675	0.00450	0.00225	0.00562	0.00394	0.00450	0.00787
3	0.02043	0.01492	0.01912	0.04575	0.15557	0.01601	0.01382	0.03303	0.37191	0.15784	0.02602	0.02691	0.01965	0.00936	0.00745	0.00240	0.00659	0.03510	0.00677	0.01135
4	0.01976	0.02291	0.08723	0.03495	0.44824	0.17476	0.02024	0.02482	0.05542	0.02272	0.01397	0.01717	0.01143	0.00694	0.00704	0.00212	0.00967	0.00607	0.00380	0.01075
5	0.01799	0.01727	0.02950	0.04462	0.69919	0.01727	0.02231	0.02231	0.01655	0.02375	0.01367	0.01799	0.01151	0.00648	0.00720	0.00216	0.00864	0.00648	0.00360	0.01151
6	0.02817	0.01214	0.01595	0.01274	0.01760	0.01104	0.01031	0.07448	0.04362	0.53091	0.07375	0.09016	0.02384	0.01063	0.00757	0.00232	0.00593	0.00887	0.00856	0.01139
7	0.00944	0.00665	0.00863	0.00999	0.01044	0.00634	0.00674	0.01065	0.01352	0.01798	0.03662	0.54782	0.04335	0.16146	0.01468	0.00378	0.00498	0.07493	0.00629	0.00569
8	0.01263	0.00631	0.00947	0.00947	0.00947	0.00631	0.00631	0.00947	0.00947	0.01263	0.01263	0.02210	0.01263	0.02525	0.02841	0.78851	0.00631	0.00631	0.00316	0.00316
9	0.01017	0.00723	0.00880	0.00921	0.00999	0.00675	0.00588	0.01105	0.01254	0.01705	0.03007	0.36971	0.03519	0.33963	0.02116	0.00459	0.00557	0.01475	0.00550	0.07516
10	0.01001	0.00683	0.00816	0.00868	0.00888	0.00667	0.00525	0.01056	0.01205	0.01614	0.05599	0.26869	0.03507	0.48431	0.02699	0.00555	0.00600	0.01390	0.00530	0.00498
11	0.01507	0.01292	0.01507	0.01077	0.01723	0.00969	0.00861	0.01830	0.01507	0.02369	0.01292	0.01507	0.01077	0.00538	0.00538	0.00108	0.00538	0.00431	0.00431	0.78898
