[name]
unknown

[dist]
# distance from previous block
# <min> <max>
37	81

[block]
# block no. 0 follows, 30 sequences, length 35
# corresponding to MSA columns:
# 93-127
name=unknown_A
#
# <colnr> <probs for GDERKNQSTAVLIFYWHMCP>
#	G	D	E	R	K	N	Q	S	T	A	V	L	I	F	Y	W	H	M	C	P
0	0.03327	0.03525	0.01121	0.05311	0.01368	0.00898	0.00783	0.06751	0.01767	0.02397	0.26936	0.22420	0.17694	0.01543	0.00798	0.00236	0.00446	0.01340	0.00654	0.00683
1	0.02034	0.04088	0.10878	0.01251	0.01726	0.01152	0.01139	0.05885	0.06426	0.29260	0.24779	0.03121	0.03179	0.01016	0.00728	0.00216	0.00577	0.00851	0.00717	0.00977
2	0.11449	0.09114	0.39571	0.01641	0.02380	0.01550	0.06100	0.02019	0.01534	0.02385	0.13805	0.02103	0.01914	0.00789	0.00654	0.00215	0.00825	0.00640	0.00402	0.00911
3	0.04348	0.30009	0.44386	0.01660	0.02511	0.02036	0.02007	0.02160	0.01443	0.02034	0.01139	0.01332	0.00884	0.00638	0.00576	0.00195	0.00910	0.00459	0.00301	0.00972
4	0.01875	0.70630	0.06108	0.01245	0.01849	0.05227	0.01251	0.02119	0.01440	0.01665	0.00984	0.01137	0.00895	0.00604	0.00462	0.00153	0.00775	0.00381	0.00301	0.00897
5	0.01035	0.00719	0.00922	0.00882	0.01056	0.00656	0.00657	0.01326	0.01873	0.05098	0.55085	0.12115	0.12914	0.01516	0.00825	0.00227	0.00349	0.01334	0.00747	0.00661
6	0.00869	0.00615	0.00804	0.00947	0.00983	0.00579	0.00622	0.00977	0.01299	0.01732	0.03656	0.66875	0.04375	0.10659	0.01198	0.00329	0.00436	0.01872	0.00622	0.00550
7	0.01512	0.01681	0.05662	0.18314	0.08440	0.01654	0.37823	0.02009	0.01521	0.02071	0.01483	0.06508	0.01245	0.00764	0.00887	0.00240	0.06131	0.00813	0.00356	0.00884
8	0.04001	0.17797	0.06032	0.01249	0.01671	0.01486	0.01134	0.04621	0.10864	0.11141	0.02973	0.04005	0.10680	0.01190	0.00721	0.00234	0.00636	0.18113	0.00580	0.00871
9	0.01015	0.00677	0.00761	0.00761	0.00761	0.00677	0.00423	0.01015	0.01015	0.01353	0.02199	0.04567	0.02537	0.75476	0.03552	0.00677	0.00677	0.01015	0.00423	0.00423
10	0.00913	0.00653	0.00800	0.00892	0.00952	0.00617	0.00592	0.01016	0.01288	0.01683	0.03756	0.40889	0.12535	0.24325	0.01693	0.00399	0.00494	0.05394	0.00579	0.00531
11	0.01625	0.01671	0.05940	0.18446	0.51821	0.01638	0.04554	0.02074	0.01546	0.02173	0.01299	0.01748	0.01057	0.00638	0.00696	0.00214	0.00872	0.00624	0.00336	0.01028
12	0.01628	0.39058	0.38414	0.01599	0.02417	0.02180	0.01899	0.02151	0.01446	0.01931	0.01114	0.01300	0.00890	0.00631	0.00557	0.00186	0.00892	0.00446	0.00297	0.00965
13	0.01318	0.01240	0.02093	0.73798	0.04806	0.01550	0.01938	0.01783	0.01395	0.01783	0.01240	0.01860	0.00930	0.00698	0.00698	0.00233	0.00930	0.00620	0.00310	0.00775
14	0.01612	0.02843	0.44500	0.02426	0.11969	0.01613	0.15504	0.02289	0.01559	0.07059	0.01396	0.01650	0.01006	0.00657	0.00701	0.00222	0.01003	0.00604	0.00353	0.01034
15	0.00940	0.00954	0.08530	0.01096	0.01262	0.00704	0.00891	0.01166	0.01420	0.01929	0.08784	0.56927	0.04324	0.01944	0.00866	0.00274	0.00483	0.06258	0.00619	0.00630
16	0.02508	0.02963	0.02093	0.02068	0.10304	0.55746	0.01439	0.10706	0.02090	0.02101	0.01179	0.01364	0.00958	0.00722	0.00645	0.00187	0.01148	0.00491	0.00399	0.00890
17	0.76786	0.01378	0.01075	0.00950	0.01387	0.01593	0.00782	0.05158	0.01285	0.03190	0.01004	0.01159	0.00776	0.00657	0.00444	0.00216	0.00550	0.00390	0.00444	0.00776
18	0.01866	0.75896	0.03657	0.01194	0.01791	0.02761	0.01194	0.02090	0.01418	0.01642	0.00970	0.01119	0.00896	0.00597	0.00448	0.00149	0.00746	0.00373	0.00299	0.00896
19	0.00986	0.00677	0.00784	0.00792	0.00829	0.00659	0.00479	0.01048	0.01197	0.01604	0.11295	0.11159	0.06976	0.55416	0.02816	0.00559	0.00590	0.01159	0.00499	0.00475
20	0.00858	0.00708	0.00754	0.00742	0.00963	0.00603	0.00557	0.01067	0.01670	0.02074	0.20252	0.06405	0.57539	0.01697	0.00824	0.00232	0.00348	0.01429	0.00673	0.00603
21	0.02589	0.01807	0.01973	0.01540	0.02075	0.01977	0.01263	0.52819	0.11764	0.11955	0.01951	0.01876	0.01371	0.00855	0.00700	0.00214	0.00720	0.00658	0.00719	0.01176
22	0.01611	0.01561	0.02723	0.22893	0.48579	0.01637	0.06716	0.02052	0.01541	0.02143	0.01300	0.01774	0.01055	0.00640	0.00702	0.00216	0.00880	0.00635	0.00336	0.01005
23	0.01503	0.00933	0.01131	0.01017	0.01305	0.00900	0.00788	0.02037	0.12721	0.16546	0.24738	0.06796	0.19468	0.01568	0.05093	0.00282	0.00520	0.01114	0.00723	0.00817
24	0.02461	0.01827	0.01951	0.01532	0.02048	0.02029	0.01254	0.56649	0.12088	0.04108	0.01862	0.01847	0.01344	0.00851	0.00689	0.00211	0.00716	0.00651	0.04734	0.01148
25	0.01866	0.75896	0.03657	0.01194	0.01791	0.02761	0.01194	0.02090	0.01418	0.01642	0.00970	0.01119	0.00896	0.00597	0.00448	0.00149	0.00746	0.00373	0.00299	0.00896
26	0.01285	0.01179	0.05140	0.22438	0.06910	0.01166	0.01400	0.06238	0.01653	0.02184	0.07166	0.10696	0.07452	0.01326	0.00810	0.00259	0.00705	0.20711	0.00522	0.00759
27	0.00884	0.00647	0.00774	0.00860	0.00936	0.00598	0.00566	0.00989	0.01318	0.01703	0.04201	0.42230	0.19523	0.19669	0.01514	0.00367	0.00458	0.01632	0.00594	0.00537
28	0.01200	0.00610	0.00900	0.00900	0.00900	0.00610	0.00595	0.00915	0.00915	0.01221	0.01271	0.02268	0.01292	0.06804	0.02777	0.74959	0.00610	0.00631	0.00310	0.00310
29	0.01196	0.01131	0.02119	0.08043	0.02303	0.01097	0.24984	0.01524	0.01461	0.01952	0.02702	0.36576	0.02938	0.03251	0.00919	0.00274	0.00747	0.05553	0.00507	0.00720
30	0.01416	0.01305	0.02154	0.55757	0.15239	0.01543	0.01901	0.04032	0.01502	0.01968	0.01416	0.02199	0.01155	0.00765	0.00713	0.00233	0.00891	0.04628	0.00349	0.00834
31	0.08691	0.11013	0.28074	0.01832	0.06746	0.20890	0.01757	0.02451	0.01638	0.08884	0.01301	0.01451	0.00975	0.00687	0.00616	0.00200	0.00963	0.00495	0.00383	0.00953
32	0.01360	0.00849	0.01043	0.00933	0.01156	0.00797	0.00697	0.05824	0.01866	0.11621	0.38837	0.04702	0.13048	0.12748	0.01219	0.00291	0.00449	0.01136	0.00708	0.00717
33	0.01327	0.01096	0.03867	0.07972	0.10686	0.01047	0.01125	0.01846	0.10776	0.06793	0.14355	0.23069	0.07720	0.01379	0.00790	0.00244	0.00555	0.03941	0.00609	0.00805
34	0.15782	0.07369	0.11408	0.02461	0.23918	0.16135	0.06307	0.02255	0.01569	0.02257	0.01177	0.01452	0.00952	0.00644	0.00615	0.00199	0.00899	0.00519	0.00357	0.03725

[dist]
# distance from previous block
# <min> <max>
2	30

[block]
# block no. 1 follows, 30 sequences, length 19
# corresponding to MSA columns:
# 159-177
name=unknown_B
#
# <colnr> <probs for GDERKNQSTAVLIFYWHMCP>
#	G	D	E	R	K	N	Q	S	T	A	V	L	I	F	Y	W	H	M	C	P
0	0.01751	0.50335	0.18959	0.01471	0.02146	0.05349	0.04660	0.02126	0.01484	0.01842	0.03504	0.01385	0.01100	0.00646	0.00535	0.00173	0.00838	0.00461	0.00319	0.00916
1	0.02181	0.33996	0.05971	0.01499	0.02009	0.27484	0.01320	0.11214	0.01858	0.02059	0.01149	0.01319	0.00966	0.00846	0.03204	0.00207	0.00986	0.00455	0.00376	0.00900
2	0.01688	0.32115	0.36294	0.01596	0.02385	0.02057	0.01847	0.02328	0.06609	0.05142	0.01326	0.01458	0.01020	0.00667	0.00583	0.00193	0.00862	0.00488	0.00353	0.00990
3	0.52532	0.05351	0.06372	0.01177	0.01682	0.04522	0.01042	0.15360	0.01666	0.03190	0.01135	0.01269	0.00863	0.00687	0.00509	0.00210	0.00658	0.00440	0.00466	0.00870
4	0.80405	0.01350	0.01026	0.00918	0.01350	0.01565	0.00756	0.02051	0.01188	0.03131	0.00972	0.01134	0.00756	0.00648	0.00432	0.00216	0.00540	0.00378	0.00432	0.00756
5	0.01015	0.00677	0.00761	0.00761	0.00761	0.00677	0.00423	0.01015	0.01015	0.01353	0.02199	0.04567	0.02537	0.75476	0.03552	0.00677	0.00677	0.01015	0.00423	0.00423
6	0.00850	0.00607	0.00810	0.00972	0.01012	0.00567	0.00648	0.00972	0.01336	0.01781	0.03846	0.75020	0.04615	0.02186	0.00891	0.00283	0.00405	0.01984	0.00648	0.00567
7	0.01727	0.01658	0.02832	0.04283	0.71123	0.01658	0.02142	0.02142	0.01589	0.02280	0.01313	0.01727	0.01105	0.00622	0.00691	0.00207	0.00829	0.00622	0.00345	0.01105
8	0.00850	0.00607	0.00810	0.00972	0.01012	0.00567	0.00648	0.00972	0.01336	0.01781	0.03846	0.75020	0.04615	0.02186	0.00891	0.00283	0.00405	0.01984	0.00648	0.00567
9	0.01966	0.01657	0.02196	0.02595	0.29504	0.01777	0.01563	0.22632	0.19167	0.03056	0.01928	0.05515	0.01558	0.00845	0.00708	0.00219	0.00721	0.00732	0.00558	0.01103
10	0.01733	0.01407	0.01890	0.20914	0.11840	0.01484	0.01408	0.14618	0.08997	0.05716	0.04795	0.02208	0.04715	0.00797	0.00678	0.00202	0.00707	0.00675	0.00508	0.14709
11	0.01736	0.01499	0.01578	0.01420	0.01815	0.01736	0.01105	0.03708	0.69862	0.02919	0.02840	0.02604	0.02130	0.00947	0.00710	0.00237	0.00552	0.00789	0.00710	0.01105
12	0.01814	0.01981	0.03155	0.02692	0.12804	0.12224	0.35567	0.05397	0.03919	0.02224	0.01444	0.04159	0.01187	0.00744	0.00897	0.00230	0.07495	0.00748	0.00386	0.00934
13	0.01400	0.03610	0.71860	0.01989	0.03020	0.01621	0.02578	0.02210	0.01473	0.02210	0.01252	0.01473	0.00884	0.00663	0.00663	0.00221	0.01031	0.00516	0.00295	0.01031
14	0.01212	0.00606	0.00909	0.00909	0.00909	0.00606	0.00606	0.00909	0.00909	0.01212	0.01212	0.02121	0.01212	0.02424	0.02727	0.79697	0.00606	0.00606	0.00303	0.00303
15	0.00867	0.00660	0.00798	0.00866	0.00995	0.00591	0.00611	0.01045	0.01539	0.02003	0.17261	0.39434	0.26994	0.01907	0.00856	0.00256	0.00374	0.01681	0.00670	0.00591
16	0.10101	0.01126	0.01261	0.01178	0.01444	0.01193	0.00898	0.19452	0.05612	0.05035	0.05064	0.36075	0.03092	0.01513	0.00774	0.00251	0.00538	0.03933	0.00652	0.00809
17	0.71813	0.01269	0.01013	0.00917	0.01302	0.01461	0.00739	0.01927	0.01157	0.02923	0.00998	0.01241	0.00805	0.00841	0.00681	0.08839	0.00547	0.00403	0.00418	0.00707
18	0.05125	0.47911	0.23554	0.01419	0.02134	0.02293	0.01576	0.02185	0.01452	0.05158	0.01137	0.01283	0.00925	0.00631	0.00522	0.00176	0.00814	0.00431	0.00330	0.00943

[dist]
# distance from previous block
# <min> <max>
0	1

[block]
# block no. 2 follows, 30 sequences, length 31
# corresponding to MSA columns:
# 179-209
name=unknown_C
#
# <colnr> <probs for GDERKNQSTAVLIFYWHMCP>
#	G	D	E	R	K	N	Q	S	T	A	V	L	I	F	Y	W	H	M	C	P
0	0.02367	0.15319	0.04078	0.03361	0.02060	0.33920	0.01273	0.04963	0.08714	0.13212	0.01680	0.01716	0.02853	0.00771	0.00627	0.00191	0.00938	0.00548	0.00481	0.00927
1	0.02365	0.01799	0.01929	0.01547	0.02050	0.02009	0.01262	0.49682	0.20570	0.03939	0.02044	0.02116	0.01523	0.00901	0.00710	0.00220	0.00708	0.02781	0.00699	0.01148
2	0.02870	0.01168	0.01569	0.01204	0.01732	0.00998	0.00989	0.03146	0.01947	0.61849	0.06085	0.02436	0.01913	0.00861	0.00691	0.00206	0.00573	0.00704	0.00818	0.08239
3	0.01447	0.01240	0.01447	0.01034	0.01654	0.00930	0.00827	0.01757	0.01447	0.02274	0.01240	0.01447	0.01034	0.00517	0.00517	0.00103	0.00517	0.00413	0.00413	0.79742
4	0.01041	0.00956	0.04580	0.02942	0.01347	0.00825	0.00865	0.01478	0.07842	0.02224	0.19335	0.08192	0.30728	0.01578	0.00830	0.00249	0.00471	0.13178	0.00652	0.00687
5	0.02607	0.03326	0.01978	0.01798	0.02157	0.72674	0.01348	0.02787	0.01978	0.01708	0.01079	0.01258	0.00899	0.00719	0.00629	0.00180	0.01258	0.00449	0.00360	0.00809
6	0.01682	0.01612	0.02751	0.11944	0.63814	0.01646	0.02119	0.02102	0.01568	0.02225	0.01305	0.01742	0.01086	0.00630	0.00692	0.00210	0.00840	0.00622	0.00342	0.01069
7	0.01727	0.01658	0.02832	0.04283	0.71123	0.01658	0.02142	0.02142	0.01589	0.02280	0.01313	0.01727	0.01105	0.00622	0.00691	0.00207	0.00829	0.00622	0.00345	0.01105
8	0.02003	0.01045	0.01463	0.12857	0.02046	0.00987	0.01071	0.02312	0.01776	0.32157	0.14802	0.08295	0.02796	0.01085	0.00741	0.00223	0.00584	0.05812	0.00689	0.07254
9	0.01399	0.01109	0.01252	0.04207	0.01576	0.01181	0.00924	0.05997	0.27671	0.04763	0.06660	0.13925	0.20117	0.01380	0.00781	0.00244	0.00507	0.04784	0.00672	0.00849
10	0.02592	0.01280	0.01470	0.01211	0.01634	0.07956	0.00957	0.02817	0.01849	0.49574	0.02917	0.10434	0.05851	0.05068	0.00876	0.00246	0.00630	0.00875	0.00755	0.01009
11	0.01690	0.01881	0.10706	0.04022	0.63355	0.01654	0.02191	0.02149	0.01576	0.02272	0.01306	0.01698	0.01080	0.00626	0.00688	0.00209	0.00852	0.00610	0.00340	0.01097
12	0.01954	0.01849	0.22323	0.01550	0.05845	0.01193	0.01470	0.05443	0.01802	0.26375	0.07410	0.03094	0.11780	0.01004	0.00727	0.00224	0.00694	0.03659	0.00611	0.00991
13	0.01247	0.00854	0.01114	0.01076	0.01280	0.00804	0.03596	0.06192	0.01612	0.08405	0.04132	0.34986	0.19178	0.05866	0.00995	0.00284	0.00503	0.06542	0.00646	0.00687
14	0.01603	0.01699	0.03418	0.22031	0.07837	0.01717	0.44110	0.04749	0.01641	0.02202	0.01370	0.01859	0.01032	0.00630	0.00777	0.00232	0.01074	0.00749	0.00355	0.00916
15	0.01955	0.64110	0.03415	0.01377	0.04217	0.11623	0.01246	0.02180	0.01495	0.01672	0.00996	0.01158	0.00903	0.00613	0.00479	0.00155	0.00814	0.00391	0.00308	0.00892
16	0.01989	0.64087	0.03397	0.01274	0.01851	0.07665	0.01217	0.08150	0.01625	0.01895	0.01041	0.01179	0.00922	0.00627	0.00483	0.00157	0.00785	0.00402	0.00339	0.00916
17	0.06817	0.01617	0.02070	0.30386	0.07006	0.01856	0.01580	0.34392	0.02310	0.03164	0.01439	0.01719	0.01054	0.00758	0.00681	0.00219	0.00822	0.00609	0.00508	0.00992
18	0.01692	0.05392	0.58500	0.01845	0.02784	0.01559	0.02287	0.02398	0.01556	0.13367	0.01485	0.01608	0.01020	0.00693	0.00663	0.00218	0.00952	0.00541	0.00386	0.01052
19	0.01344	0.01267	0.02141	0.69300	0.09098	0.01557	0.01951	0.01806	0.01408	0.01815	0.01245	0.01852	0.00942	0.00693	0.00697	0.00231	0.00924	0.00620	0.00312	0.00797
20	0.01317	0.01212	0.01972	0.59634	0.06898	0.01471	0.01783	0.01833	0.05100	0.01874	0.01593	0.07277	0.01363	0.00853	0.00720	0.00238	0.00859	0.02848	0.00368	0.00787
21	0.01669	0.01591	0.02673	0.14167	0.58654	0.01646	0.02069	0.02156	0.04443	0.02235	0.01367	0.01783	0.01123	0.00646	0.00693	0.00212	0.00832	0.00629	0.00356	0.01058
22	0.01521	0.01446	0.02434	0.31364	0.41535	0.01561	0.01980	0.01943	0.01513	0.02065	0.01578	0.02034	0.04593	0.00710	0.00700	0.00219	0.00844	0.00665	0.00347	0.00950
23	0.00864	0.00613	0.00806	0.00954	0.00991	0.00576	0.00628	0.00975	0.01308	0.01745	0.03705	0.68975	0.04437	0.08475	0.01119	0.00317	0.00428	0.01901	0.00628	0.00554
24	0.02607	0.03326	0.01978	0.01798	0.02157	0.72674	0.01348	0.02787	0.01978	0.01708	0.01079	0.01258	0.00899	0.00719	0.00629	0.00180	0.01258	0.00449	0.00360	0.00809
25	0.00998	0.00728	0.00960	0.01148	0.05926	0.00707	0.00709	0.01114	0.01265	0.01686	0.03128	0.35264	0.05472	0.29613	0.01882	0.00428	0.00557	0.07315	0.00541	0.00558
26	0.00850	0.00607	0.00810	0.00972	0.01012	0.00567	0.00648	0.00972	0.01336	0.01781	0.03846	0.75020	0.04615	0.02186	0.00891	0.00283	0.00405	0.01984	0.00648	0.00567
27	0.01553	0.01789	0.09679	0.14786	0.30339	0.01605	0.21021	0.02050	0.01563	0.02156	0.01659	0.02059	0.05111	0.00695	0.00735	0.00222	0.00937	0.00718	0.00355	0.00967
28	0.00997	0.00748	0.01121	0.01121	0.01246	0.00872	0.00872	0.01246	0.01121	0.01620	0.01869	0.02741	0.01745	0.05234	0.72710	0.01121	0.01869	0.00748	0.00374	0.00623
29	0.01417	0.03487	0.67056	0.02056	0.03065	0.01631	0.07259	0.02212	0.01486	0.02212	0.01264	0.01502	0.00896	0.00658	0.00674	0.00222	0.01042	0.00537	0.00299	0.01025
30	0.03054	0.01311	0.01696	0.01300	0.01843	0.01209	0.01074	0.13931	0.02204	0.60784	0.02580	0.02262	0.01640	0.00860	0.00701	0.00215	0.00622	0.00690	0.00837	0.01187

[dist]
# distance from previous block
# <min> <max>
0	6

[block]
# block no. 3 follows, 30 sequences, length 95
# corresponding to MSA columns:
# 216-310
name=unknown_D
#
# <colnr> <probs for GDERKNQSTAVLIFYWHMCP>
#	G	D	E	R	K	N	Q	S	T	A	V	L	I	F	Y	W	H	M	C	P
0	0.00847	0.00621	0.00796	0.00935	0.01003	0.00570	0.00632	0.00976	0.01371	0.01796	0.04289	0.65632	0.13718	0.02129	0.00882	0.00277	0.00398	0.01914	0.00648	0.00570
1	0.01721	0.01675	0.02930	0.04182	0.66022	0.01666	0.07164	0.02149	0.01593	0.02276	0.01320	0.01739	0.01102	0.00619	0.00701	0.00209	0.00855	0.00637	0.00346	0.01093
2	0.01381	0.01328	0.02135	0.67397	0.08770	0.03693	0.01933	0.01835	0.01425	0.01811	0.01240	0.01834	0.00940	0.00694	0.00695	0.00229	0.00934	0.00615	0.00314	0.00796
3	0.01400	0.03610	0.71860	0.01989	0.03020	0.01621	0.02578	0.02210	0.01473	0.02210	0.01252	0.01473	0.00884	0.00663	0.00663	0.00221	0.01031	0.00516	0.00295	0.01031
4	0.00862	0.00619	0.00821	0.00978	0.01030	0.00578	0.00666	0.00994	0.01356	0.01798	0.03931	0.70004	0.06483	0.02162	0.00892	0.00284	0.00414	0.04908	0.00648	0.00571
5	0.01013	0.00731	0.00976	0.01116	0.01227	0.00717	0.00874	0.01273	0.03202	0.01939	0.03755	0.35087	0.06076	0.05864	0.01059	0.00320	0.00536	0.32991	0.00635	0.00610
6	0.00919	0.00654	0.00872	0.00962	0.01013	0.00661	0.00652	0.01044	0.01218	0.01653	0.03039	0.43344	0.03510	0.18411	0.18106	0.00561	0.00802	0.01492	0.00537	0.00549
7	0.00866	0.00618	0.00827	0.00989	0.01036	0.00580	0.00674	0.00998	0.01351	0.01799	0.03838	0.71260	0.04582	0.02172	0.00895	0.00286	0.00418	0.05593	0.00647	0.00571
8	0.02336	0.01797	0.01916	0.01542	0.02043	0.02016	0.01250	0.46335	0.26257	0.03888	0.02077	0.01996	0.01512	0.00875	0.00702	0.00219	0.00693	0.00684	0.00702	0.01158
9	0.00943	0.00712	0.00871	0.00831	0.01015	0.00639	0.00623	0.01231	0.01870	0.02548	0.53317	0.05624	0.24178	0.01520	0.00824	0.00224	0.00336	0.01320	0.00735	0.00639
10	0.55638	0.01257	0.01130	0.00980	0.01391	0.01384	0.00798	0.04668	0.01489	0.11990	0.11593	0.01921	0.01764	0.00799	0.00535	0.00216	0.00524	0.00561	0.00548	0.00814
11	0.00834	0.00707	0.00720	0.00716	0.00948	0.00593	0.00537	0.01019	0.01612	0.01936	0.10636	0.06632	0.67241	0.01748	0.00825	0.00235	0.00352	0.01461	0.00655	0.00593
12	0.80405	0.01350	0.01026	0.00918	0.01350	0.01565	0.00756	0.02051	0.01188	0.03131	0.00972	0.01134	0.00756	0.00648	0.00432	0.00216	0.00540	0.00378	0.00432	0.00756
13	0.01793	0.01392	0.01512	0.01357	0.01732	0.01568	0.01049	0.03436	0.57347	0.09277	0.02871	0.06878	0.02250	0.03298	0.00807	0.00251	0.00551	0.00858	0.00712	0.01060
14	0.14608	0.01212	0.01531	0.01193	0.01717	0.01106	0.00986	0.03200	0.01877	0.61436	0.02488	0.02191	0.01583	0.00832	0.00662	0.00216	0.00586	0.00654	0.00800	0.01123
15	0.01297	0.00648	0.00662	0.00662	0.00817	0.00648	0.00493	0.01595	0.01439	0.02541	0.02230	0.02581	0.01763	0.00883	0.00586	0.03640	0.00337	0.00648	0.75894	0.00635
16	0.02441	0.01849	0.01975	0.01563	0.02083	0.02065	0.01275	0.53740	0.18683	0.04056	0.01945	0.01890	0.01405	0.00863	0.00701	0.00216	0.00718	0.00665	0.00701	0.01168
17	0.80405	0.01350	0.01026	0.00918	0.01350	0.01565	0.00756	0.02051	0.01188	0.03131	0.00972	0.01134	0.00756	0.00648	0.00432	0.00216	0.00540	0.00378	0.00432	0.00756
18	0.00997	0.00748	0.01121	0.01121	0.01246	0.00872	0.00872	0.01246	0.01121	0.01620	0.01869	0.02741	0.01745	0.05234	0.72710	0.01121	0.01869	0.00748	0.00374	0.00623
19	0.01301	0.00650	0.00650	0.00650	0.00813	0.00650	0.00488	0.01626	0.01463	0.02602	0.02276	0.02602	0.01789	0.00813	0.00488	0.00163	0.00325	0.00650	0.79350	0.00650
20	0.00872	0.00620	0.00821	0.00974	0.01018	0.00584	0.00657	0.00996	0.01330	0.01771	0.03747	0.68012	0.04472	0.06279	0.01043	0.00307	0.00431	0.04869	0.00635	0.00562
21	0.00897	0.00693	0.00806	0.00810	0.00978	0.00615	0.00587	0.01110	0.01658	0.02166	0.29053	0.16204	0.34240	0.05836	0.00987	0.00262	0.00371	0.01448	0.00678	0.00601
22	0.02166	0.01078	0.01366	0.01137	0.01530	0.01014	0.00906	0.02726	0.13101	0.36967	0.21945	0.03465	0.07336	0.01089	0.00744	0.00222	0.00499	0.00919	0.00799	0.00990
23	0.00875	0.00618	0.00802	0.00940	0.00975	0.00583	0.00614	0.00978	0.01288	0.01718	0.03601	0.64534	0.04306	0.13094	0.01287	0.00342	0.00445	0.01840	0.00614	0.00545
24	0.02653	0.01955	0.02094	0.01606	0.02164	0.02164	0.01326	0.68796	0.03281	0.04398	0.01675	0.01675	0.01187	0.00838	0.00698	0.00209	0.00768	0.00628	0.00698	0.01187
25	0.01171	0.00776	0.00950	0.00872	0.01078	0.00694	0.00637	0.01404	0.01689	0.08261	0.35062	0.07470	0.16641	0.13915	0.01257	0.00294	0.00429	0.01184	0.00670	0.05545
26	0.01638	0.01946	0.06615	0.02906	0.03624	0.01759	0.66155	0.02234	0.01641	0.02234	0.01406	0.01867	0.01052	0.00591	0.00818	0.00235	0.01171	0.00812	0.00351	0.00944
27	0.06173	0.01194	0.01596	0.01229	0.01764	0.01047	0.01015	0.03348	0.01965	0.68911	0.02683	0.02326	0.01689	0.00855	0.00691	0.00216	0.00592	0.00689	0.00847	0.01171
28	0.03131	0.01188	0.01619	0.01242	0.01781	0.01026	0.01026	0.03401	0.01997	0.71606	0.02753	0.02375	0.01727	0.00864	0.00702	0.00216	0.00594	0.00702	0.00864	0.01188
29	0.00906	0.00689	0.00823	0.00831	0.00990	0.00617	0.00602	0.01127	0.01676	0.02222	0.32716	0.19177	0.28356	0.04929	0.00956	0.00257	0.00367	0.01464	0.00688	0.00606
30	0.02653	0.01955	0.02094	0.01606	0.02164	0.02164	0.01326	0.68796	0.03281	0.04398	0.01675	0.01675	0.01187	0.00838	0.00698	0.00209	0.00768	0.00628	0.00698	0.01187
31	0.00997	0.00748	0.01121	0.01121	0.01246	0.00872	0.00872	0.01246	0.01121	0.01620	0.01869	0.02741	0.01745	0.05234	0.72710	0.01121	0.01869	0.00748	0.00374	0.00623
32	0.07838	0.01145	0.01505	0.01180	0.01672	0.01019	0.00968	0.03083	0.01943	0.59567	0.10205	0.02611	0.02206	0.00913	0.00698	0.00216	0.00561	0.00743	0.00825	0.01101
33	0.01426	0.01118	0.01250	0.01127	0.01429	0.01185	0.00871	0.06091	0.29846	0.04775	0.27928	0.04079	0.13546	0.01230	0.00766	0.00228	0.00456	0.01047	0.00726	0.00876
34	0.80405	0.01350	0.01026	0.00918	0.01350	0.01565	0.00756	0.02051	0.01188	0.03131	0.00972	0.01134	0.00756	0.00648	0.00432	0.00216	0.00540	0.00378	0.00432	0.00756
35	0.01085	0.00735	0.00964	0.00895	0.01076	0.00675	0.00675	0.01412	0.01976	0.05936	0.67653	0.05083	0.06363	0.01401	0.00818	0.00219	0.00341	0.01236	0.00773	0.00683
36	0.05472	0.00743	0.00916	0.00977	0.01104	0.00718	0.00690	0.03885	0.01545	0.04344	0.15129	0.51233	0.06907	0.01859	0.00837	0.00262	0.00418	0.01657	0.00665	0.00638
37	0.01068	0.00720	0.00810	0.00798	0.00819	0.00726	0.00462	0.03433	0.01106	0.01475	0.02232	0.06688	0.02554	0.70497	0.03366	0.00647	0.00671	0.01032	0.00440	0.00455
38	0.02653	0.01955	0.02094	0.01606	0.02164	0.02164	0.01326	0.68796	0.03281	0.04398	0.01675	0.01675	0.01187	0.00838	0.00698	0.00209	0.00768	0.00628	0.00698	0.01187
39	0.01283	0.00656	0.00678	0.00678	0.00839	0.00663	0.00510	0.01604	0.01443	0.02544	0.02252	0.02610	0.01786	0.01073	0.04742	0.00219	0.00416	0.00656	0.74698	0.00649
40	0.00867	0.00620	0.00824	0.00961	0.01016	0.00578	0.00649	0.01013	0.01412	0.01902	0.11808	0.66713	0.04850	0.02096	0.00883	0.00276	0.00396	0.01898	0.00662	0.00578
41	0.00997	0.00748	0.01121	0.01121	0.01246	0.00872	0.00872	0.01246	0.01121	0.01620	0.01869	0.02741	0.01745	0.05234	0.72710	0.01121	0.01869	0.00748	0.00374	0.00623
42	0.00873	0.00623	0.00829	0.00968	0.01011	0.00597	0.00648	0.00995	0.01297	0.01739	0.03582	0.64628	0.04254	0.07661	0.06394	0.00374	0.00533	0.01823	0.00611	0.00561
43	0.01653	0.01865	0.04021	0.03043	0.08748	0.01757	0.63566	0.02228	0.01643	0.02239	0.01404	0.01871	0.01062	0.00591	0.00813	0.00233	0.01150	0.00808	0.00352	0.00954
44	0.00850	0.00607	0.00810	0.00972	0.01012	0.00567	0.00648	0.00972	0.01336	0.01781	0.03846	0.75020	0.04615	0.02186	0.00891	0.00283	0.00405	0.01984	0.00648	0.00567
45	0.00850	0.00607	0.00810	0.00972	0.01012	0.00567	0.00648	0.00972	0.01336	0.01781	0.03846	0.75020	0.04615	0.02186	0.00891	0.00283	0.00405	0.01984	0.00648	0.00567
46	0.01100	0.00712	0.00947	0.00947	0.01079	0.00789	0.00723	0.01364	0.01232	0.01938	0.02020	0.02774	0.01794	0.06819	0.45425	0.00780	0.01298	0.00727	0.26906	0.00623
47	0.13302	0.01694	0.03273	0.13129	0.08136	0.01696	0.44146	0.02135	0.01538	0.02305	0.01314	0.01757	0.00998	0.00615	0.00738	0.00230	0.01022	0.00714	0.00358	0.00901
48	0.01397	0.01343	0.01963	0.04011	0.01852	0.01800	0.03812	0.01598	0.01113	0.01689	0.01174	0.01843	0.01121	0.02149	0.19161	0.00497	0.51766	0.00652	0.00324	0.00736
49	0.02671	0.01119	0.01496	0.01180	0.01644	0.00993	0.00961	0.05471	0.02042	0.54844	0.16738	0.02934	0.02709	0.00979	0.00727	0.00216	0.00546	0.00815	0.00838	0.01078
50	0.01866	0.75896	0.03657	0.01194	0.01791	0.02761	0.01194	0.02090	0.01418	0.01642	0.00970	0.01119	0.00896	0.00597	0.00448	0.00149	0.00746	0.00373	0.00299	0.00896
51	0.16004	0.02638	0.01907	0.05020	0.08800	0.45621	0.01346	0.06958	0.01864	0.02194	0.01130	0.01336	0.00915	0.00704	0.00608	0.00193	0.01045	0.00473	0.00391	0.00852
52	0.00856	0.00642	0.00795	0.00896	0.00997	0.00581	0.00619	0.01011	0.01458	0.01900	0.10733	0.51413	0.21540	0.02011	0.00868	0.00266	0.00385	0.01789	0.00659	0.00581
53	0.02653	0.01955	0.02094	0.01606	0.02164	0.02164	0.01326	0.68796	0.03281	0.04398	0.01675	0.01675	0.01187	0.00838	0.00698	0.00209	0.00768	0.00628	0.00698	0.01187
54	0.01559	0.01600	0.04395	0.37704	0.21929	0.03765	0.12969	0.03904	0.01561	0.02072	0.01296	0.01796	0.01003	0.00663	0.00714	0.00224	0.00952	0.00647	0.00339	0.00909
55	0.01465	0.13795	0.62250	0.01877	0.02847	0.01781	0.02383	0.02193	0.01465	0.02130	0.01213	0.01423	0.00886	0.00654	0.00633	0.00211	0.00991	0.00496	0.00295	0.01012
56	0.02015	0.03946	0.03837	0.01373	0.01767	0.05624	0.01168	0.09770	0.14368	0.19568	0.04692	0.03973	0.02480	0.01195	0.00773	0.00247	0.00672	0.20902	0.00679	0.00952
57	0.00946	0.00712	0.00875	0.00834	0.01017	0.00641	0.00625	0.01236	0.01876	0.02563	0.54352	0.05600	0.23133	0.01514	0.00823	0.00224	0.00335	0.01316	0.00737	0.00641
58	0.01503	0.01239	0.01453	0.01041	0.01658	0.00933	0.00834	0.01812	0.01465	0.04593	0.01291	0.01478	0.01057	0.00528	0.00523	0.00107	0.00519	0.00423	0.00428	0.77114
59	0.03971	0.15695	0.13875	0.02243	0.06413	0.06228	0.30379	0.02185	0.01564	0.02122	0.01252	0.01572	0.00984	0.00606	0.00672	0.00200	0.00984	0.00610	0.00342	0.08102
60	0.00832	0.00707	0.00717	0.00715	0.00947	0.00592	0.00536	0.01016	0.01608	0.01927	0.09974	0.06647	0.67909	0.01752	0.00825	0.00235	0.00352	0.01463	0.00653	0.00592
61	0.01015	0.00677	0.00761	0.00761	0.00761	0.00677	0.00423	0.01015	0.01015	0.01353	0.02199	0.04567	0.02537	0.75476	0.03552	0.00677	0.00677	0.01015	0.00423	0.00423
62	0.01333	0.01137	0.01704	0.19931	0.16238	0.01233	0.01415	0.04155	0.07655	0.02128	0.02494	0.21722	0.02545	0.01298	0.00791	0.00255	0.00687	0.11959	0.00509	0.00810
63	0.01630	0.01856	0.08851	0.06678	0.35358	0.01663	0.27189	0.02137	0.01586	0.02222	0.01405	0.03602	0.01149	0.00655	0.00744	0.00222	0.00971	0.00723	0.00350	0.01009
64	0.01658	0.01605	0.02788	0.15163	0.56893	0.01647	0.05831	0.02090	0.01562	0.02199	0.01307	0.01757	0.01075	0.00632	0.00699	0.00213	0.00864	0.00633	0.00340	0.01044
65	0.01711	0.01641	0.02803	0.07067	0.68467	0.01654	0.02133	0.02127	0.01581	0.02260	0.01310	0.01732	0.01098	0.00625	0.00691	0.00208	0.00833	0.00622	0.00344	0.01092
66	0.01840	0.01371	0.01507	0.01287	0.01668	0.01459	0.01010	0.27946	0.16146	0.05856	0.03088	0.17108	0.11334	0.01240	0.00749	0.00230	0.00581	0.01037	0.00680	0.03864
67	0.01727	0.01658	0.02832	0.04283	0.71123	0.01658	0.02142	0.02142	0.01589	0.02280	0.01313	0.01727	0.01105	0.00622	0.00691	0.00207	0.00829	0.00622	0.00345	0.01105
68	0.01691	0.01721	0.05811	0.07831	0.64665	0.01651	0.02150	0.02126	0.01574	0.02251	0.01306	0.01723	0.01086	0.00628	0.00690	0.00209	0.00843	0.00617	0.00341	0.01085
69	0.00825	0.00707	0.00707	0.00707	0.00943	0.00589	0.00530	0.01001	0.01591	0.01885	0.07069	0.06716	0.70839	0.01767	0.00825	0.00236	0.00353	0.01473	0.00648	0.00589
70	0.80405	0.01350	0.01026	0.00918	0.01350	0.01565	0.00756	0.02051	0.01188	0.03131	0.00972	0.01134	0.00756	0.00648	0.00432	0.00216	0.00540	0.00378	0.00432	0.00756
71	0.00825	0.00707	0.00707	0.00707	0.00943	0.00589	0.00530	0.01001	0.01591	0.01885	0.07069	0.06716	0.70839	0.01767	0.00825	0.00236	0.00353	0.01473	0.00648	0.00589
72	0.01318	0.01240	0.02093	0.73798	0.04806	0.01550	0.01938	0.01783	0.01395	0.01783	0.01240	0.01860	0.00930	0.00698	0.00698	0.00233	0.00930	0.00620	0.00310	0.00775
73	0.02583	0.01907	0.02041	0.01571	0.02117	0.02104	0.01296	0.66204	0.03216	0.04302	0.01882	0.01868	0.03850	0.00873	0.00703	0.00210	0.00752	0.00661	0.00696	0.01164
74	0.01471	0.07074	0.55372	0.02129	0.03075	0.01708	0.15084	0.02208	0.01504	0.02185	0.01268	0.01533	0.00918	0.00645	0.00682	0.00220	0.01044	0.00567	0.00306	0.01007
75	0.01866	0.75896	0.03657	0.01194	0.01791	0.02761	0.01194	0.02090	0.01418	0.01642	0.00970	0.01119	0.00896	0.00597	0.00448	0.00149	0.00746	0.00373	0.00299	0.00896
76	0.00861	0.00624	0.00813	0.00944	0.01010	0.00577	0.00640	0.01004	0.01411	0.01879	0.10015	0.63871	0.09596	0.02088	0.00880	0.00274	0.00394	0.01883	0.00658	0.00577
77	0.01664	0.02480	0.31569	0.09113	0.11243	0.01659	0.19503	0.06391	0.01665	0.05964	0.01405	0.01706	0.01023	0.00663	0.00716	0.00223	0.00997	0.00635	0.00372	0.01011
78	0.01824	0.60279	0.07000	0.01258	0.01831	0.05006	0.01244	0.04603	0.01521	0.01826	0.03850	0.01400	0.01171	0.00850	0.03649	0.00202	0.00813	0.00445	0.00338	0.00889
79	0.01580	0.01091	0.01217	0.01066	0.01272	0.01151	0.00756	0.20048	0.05350	0.05171	0.04659	0.07969	0.02382	0.40695	0.02235	0.00465	0.00663	0.00952	0.00558	0.00718
80	0.00936	0.00663	0.00796	0.00841	0.00905	0.00628	0.00543	0.01044	0.01327	0.01767	0.13462	0.27908	0.11432	0.32328	0.01974	0.00431	0.00500	0.01419	0.00573	0.00523
81	0.01399	0.03460	0.67463	0.02035	0.05281	0.01594	0.02508	0.02182	0.01492	0.02229	0.03261	0.01590	0.01056	0.00684	0.00669	0.00220	0.01004	0.00541	0.00310	0.01023
82	0.01490	0.01416	0.02403	0.44618	0.32644	0.01596	0.02023	0.01934	0.01477	0.01992	0.01271	0.01804	0.01004	0.00666	0.00695	0.00222	0.00888	0.00621	0.00325	0.00914
83	0.02076	0.01614	0.01734	0.01441	0.01875	0.01804	0.01147	0.34449	0.29618	0.03523	0.05867	0.05211	0.02025	0.03361	0.00809	0.00239	0.00642	0.00791	0.00696	0.01077
84	0.00905	0.00707	0.00799	0.00778	0.00965	0.00624	0.00570	0.01125	0.01688	0.02191	0.31275	0.05942	0.39877	0.08219	0.01068	0.00269	0.00373	0.01350	0.00674	0.00601
85	0.01666	0.01596	0.02723	0.14608	0.61273	0.01642	0.02111	0.02088	0.01560	0.02206	0.01302	0.01747	0.01079	0.00633	0.00692	0.00211	0.00844	0.00622	0.00340	0.01056
86	0.80405	0.01350	0.01026	0.00918	0.01350	0.01565	0.00756	0.02051	0.01188	0.03131	0.00972	0.01134	0.00756	0.00648	0.00432	0.00216	0.00540	0.00378	0.00432	0.00756
87	0.02350	0.01699	0.01811	0.01420	0.01905	0.01859	0.01163	0.55398	0.02929	0.03990	0.02134	0.02151	0.06191	0.00900	0.00680	0.00205	0.00682	0.00691	0.10767	0.01076
88	0.47182	0.01593	0.01465	0.01205	0.01686	0.01807	0.00992	0.28367	0.04308	0.03622	0.01311	0.01396	0.00971	0.00732	0.00546	0.00214	0.00630	0.00490	0.00546	0.00937
89	0.00921	0.00726	0.00847	0.00914	0.01106	0.00653	0.00727	0.01136	0.01569	0.01937	0.05685	0.14192	0.43171	0.01861	0.00875	0.00267	0.00449	0.21713	0.00646	0.00603
90	0.02976	0.01231	0.01626	0.01255	0.01777	0.01108	0.01033	0.09123	0.02111	0.62002	0.06226	0.02462	0.01934	0.00891	0.00708	0.00216	0.00595	0.00725	0.00844	0.01160
91	0.00850	0.00607	0.00810	0.00972	0.01012	0.00567	0.00648	0.00972	0.01336	0.01781	0.03846	0.75020	0.04615	0.02186	0.00891	0.00283	0.00405	0.01984	0.00648	0.00567
92	0.02679	0.01912	0.02068	0.01585	0.02143	0.02100	0.01310	0.65134	0.03209	0.08162	0.01736	0.01715	0.01217	0.00839	0.00698	0.00210	0.00758	0.00632	0.00707	0.01187
93	0.02653	0.01955	0.02094	0.01606	0.02164	0.02164	0.01326	0.68796	0.03281	0.04398	0.01675	0.01675	0.01187	0.00838	0.00698	0.00209	0.00768	0.00628	0.00698	0.01187
94	0.01447	0.01240	0.01447	0.01034	0.01654	0.00930	0.00827	0.01757	0.01447	0.02274	0.01240	0.01447	0.01034	0.00517	0.00517	0.00103	0.00517	0.00413	0.00413	0.79742

[dist]
# distance from previous block
# <min> <max>
0	6

[block]
# block no. 4 follows, 30 sequences, length 12
# corresponding to MSA columns:
# 317-328
name=unknown_E
#
# <colnr> <probs for GDERKNQSTAVLIFYWHMCP>
#	G	D	E	R	K	N	Q	S	T	A	V	L	I	F	Y	W	H	M	C	P
0	0.02644	0.01190	0.01540	0.01247	0.01718	0.01112	0.01016	0.03215	0.13737	0.51612	0.07899	0.02860	0.02258	0.00965	0.00723	0.00224	0.00569	0.03541	0.00821	0.01111
1	0.00848	0.00708	0.00739	0.00731	0.00957	0.00599	0.00548	0.01046	0.01644	0.02013	0.15990	0.06505	0.61839	0.01720	0.00825	0.00233	0.00350	0.01443	0.00665	0.00599
2	0.00997	0.00748	0.01121	0.01121	0.01246	0.00872	0.00872	0.01246	0.01121	0.01620	0.01869	0.02741	0.01745	0.05234	0.72710	0.01121	0.01869	0.00748	0.00374	0.00623
3	0.69933	0.01328	0.01106	0.00962	0.01408	0.01492	0.00792	0.02234	0.01297	0.12411	0.01213	0.01302	0.00887	0.00677	0.00468	0.00216	0.00547	0.00422	0.00490	0.00814
4	0.00850	0.00607	0.00810	0.00972	0.01012	0.00567	0.00648	0.00972	0.01336	0.01781	0.03846	0.75020	0.04615	0.02186	0.00891	0.00283	0.00405	0.01984	0.00648	0.00567
5	0.01212	0.00606	0.00909	0.00909	0.00909	0.00606	0.00606	0.00909	0.00909	0.01212	0.01212	0.02121	0.01212	0.02424	0.02727	0.79697	0.00606	0.00606	0.00303	0.00303
6	0.07910	0.01418	0.16065	0.01115	0.01530	0.00949	0.01076	0.01652	0.01654	0.08709	0.22060	0.09682	0.20909	0.01294	0.00751	0.00228	0.00533	0.01088	0.00607	0.00770
7	0.00875	0.00629	0.00819	0.00937	0.01002	0.00585	0.00633	0.01022	0.01420	0.01904	0.12971	0.59151	0.07924	0.05387	0.00999	0.00290	0.00405	0.01818	0.00654	0.00574
8	0.02250	0.01620	0.01746	0.01393	0.01827	0.01774	0.01116	0.51501	0.02765	0.03766	0.01926	0.06919	0.01600	0.07975	0.00960	0.00254	0.00693	0.00757	0.08137	0.01022
9	0.01555	0.01627	0.02768	0.05581	0.02552	0.01991	0.22973	0.01862	0.01269	0.01862	0.01090	0.01656	0.00962	0.00994	0.01746	0.00280	0.47411	0.00679	0.00321	0.00821
10	0.01602	0.01662	0.02988	0.07673	0.18907	0.01855	0.25093	0.01989	0.01415	0.02021	0.01204	0.01720	0.01011	0.00824	0.01296	0.00253	0.26560	0.00688	0.00332	0.00906
11	0.01143	0.00936	0.01089	0.01059	0.01140	0.05646	0.00756	0.01278	0.01131	0.01518	0.01897	0.03330	0.01969	0.33925	0.34939	0.00825	0.05640	0.00831	0.00389	0.00560

[dist]
# distance from previous block
# <min> <max>
5	8

[block]
# block no. 5 follows, 30 sequences, length 13
# corresponding to MSA columns:
# 337-349
name=unknown_F
#
# <colnr> <probs for GDERKNQSTAVLIFYWHMCP>
#	G	D	E	R	K	N	Q	S	T	A	V	L	I	F	Y	W	H	M	C	P
0	0.01647	0.01882	0.04118	0.02941	0.03647	0.01765	0.68588	0.02235	0.01647	0.02235	0.01412	0.01882	0.01059	0.00588	0.00824	0.00235	0.01176	0.00824	0.00353	0.00941
1	0.00900	0.00650	0.00773	0.00848	0.00915	0.00608	0.00550	0.00992	0.01281	0.01661	0.03954	0.37861	0.17348	0.26357	0.01758	0.00404	0.00484	0.01560	0.00573	0.00524
2	0.01315	0.01215	0.02081	0.01640	0.02017	0.01181	0.23205	0.01969	0.11747	0.02630	0.37921	0.03731	0.04107	0.01079	0.00807	0.00227	0.00642	0.01048	0.00622	0.00817
3	0.01610	0.01450	0.02341	0.01677	0.02321	0.01212	0.23264	0.02010	0.01545	0.06239	0.01384	0.01644	0.01082	0.00560	0.00629	0.00153	0.00740	0.00566	0.00419	0.49156
4	0.02496	0.00995	0.01384	0.01132	0.01493	0.00887	0.00887	0.02576	0.01637	0.48309	0.02243	0.02291	0.01557	0.01380	0.01372	0.26520	0.00598	0.00670	0.00678	0.00895
5	0.01034	0.00738	0.01020	0.01181	0.01302	0.00725	0.00967	0.01289	0.01517	0.01987	0.03745	0.30095	0.04214	0.02013	0.00940	0.00309	0.00564	0.45099	0.00644	0.00617
6	0.00967	0.00691	0.00872	0.00861	0.00979	0.00646	0.00606	0.01196	0.01681	0.02334	0.45234	0.15037	0.08230	0.15973	0.01364	0.00318	0.00409	0.01325	0.00679	0.00597
7	0.54225	0.01118	0.00901	0.00829	0.01172	0.01263	0.00667	0.01911	0.01279	0.02956	0.01403	0.01619	0.01098	0.00702	0.00450	0.00198	0.00469	0.00468	0.26550	0.00721
8	0.00953	0.00685	0.00923	0.01070	0.01165	0.00656	0.00814	0.01156	0.01469	0.01937	0.06730	0.45669	0.06922	0.02047	0.00911	0.00292	0.00484	0.24868	0.00651	0.00598
9	0.00993	0.00694	0.00885	0.00900	0.00945	0.00731	0.00593	0.01087	0.01080	0.01482	0.02245	0.10604	0.02471	0.45320	0.26189	0.00787	0.01046	0.01018	0.00428	0.00503
10	0.01805	0.01099	0.01329	0.01154	0.01495	0.01113	0.00904	0.02663	0.24448	0.21139	0.30192	0.03594	0.03818	0.01118	0.00753	0.00224	0.00473	0.00956	0.00774	0.00947
11	0.01239	0.01049	0.01688	0.02168	0.24372	0.01132	0.01292	0.01542	0.01276	0.01838	0.01685	0.02406	0.01533	0.03707	0.48875	0.00819	0.01525	0.00706	0.00364	0.00783
12	0.01437	0.01310	0.02163	0.03187	0.47919	0.01297	0.01647	0.01754	0.01505	0.02115	0.02151	0.25984	0.02267	0.01140	0.00757	0.00232	0.00689	0.01073	0.00445	0.00927

[dist]
# distance from previous block
# <min> <max>
0	5

[block]
# block no. 6 follows, 30 sequences, length 16
# corresponding to MSA columns:
# 355-370
name=unknown_G
#
# <colnr> <probs for GDERKNQSTAVLIFYWHMCP>
#	G	D	E	R	K	N	Q	S	T	A	V	L	I	F	Y	W	H	M	C	P
0	0.01647	0.01882	0.04118	0.02941	0.03647	0.01765	0.68588	0.02235	0.01647	0.02235	0.01412	0.01882	0.01059	0.00588	0.00824	0.00235	0.01176	0.00824	0.00353	0.00941
1	0.00938	0.00675	0.00888	0.00912	0.01032	0.00625	0.00655	0.01193	0.01745	0.02432	0.46666	0.30345	0.05875	0.01700	0.00847	0.00242	0.00356	0.01522	0.00725	0.00625
2	0.01287	0.00913	0.01239	0.01164	0.01336	0.01031	0.00901	0.11666	0.01423	0.01987	0.01737	0.02480	0.01576	0.04117	0.50697	0.13161	0.01503	0.00707	0.00413	0.00661
3	0.01224	0.01066	0.01680	0.51153	0.03552	0.01279	0.01468	0.01545	0.01277	0.01650	0.01537	0.02700	0.01428	0.23883	0.01583	0.00370	0.00852	0.00743	0.00345	0.00666
4	0.01823	0.52878	0.03401	0.02152	0.23287	0.02419	0.01488	0.02106	0.01471	0.01840	0.01076	0.01308	0.00961	0.00605	0.00523	0.00167	0.00772	0.00450	0.00313	0.00961
5	0.02202	0.02496	0.01566	0.01442	0.01741	0.50343	0.01082	0.02427	0.01818	0.01985	0.01450	0.01675	0.01175	0.00748	0.00585	0.00174	0.00969	0.00512	0.24850	0.00760
6	0.01558	0.06347	0.39102	0.01932	0.05312	0.01725	0.06770	0.02668	0.22691	0.02406	0.01744	0.01845	0.01292	0.00741	0.00679	0.00223	0.00871	0.00620	0.00430	0.01044
7	0.09570	0.42462	0.24458	0.01443	0.02146	0.05763	0.01587	0.02158	0.01440	0.01969	0.01063	0.01237	0.00878	0.00629	0.00522	0.00180	0.00840	0.00422	0.00314	0.00919
8	0.01125	0.00884	0.01048	0.01111	0.01261	0.00929	0.00789	0.01820	0.22583	0.02134	0.03534	0.52567	0.03845	0.01802	0.00835	0.00269	0.00451	0.01613	0.00667	0.00734
9	0.06412	0.01712	0.06124	0.07671	0.06279	0.01674	0.29623	0.02598	0.22728	0.02453	0.01885	0.04517	0.01477	0.00771	0.00743	0.00234	0.00875	0.00785	0.00472	0.00968
10	0.01197	0.00965	0.01415	0.01903	0.22636	0.00955	0.01009	0.01354	0.01268	0.01741	0.02311	0.20226	0.02581	0.35062	0.02040	0.00439	0.00660	0.01120	0.00452	0.00668
11	0.00879	0.00696	0.00790	0.00793	0.00982	0.00608	0.00585	0.01096	0.01679	0.02156	0.26491	0.14791	0.42554	0.01714	0.00832	0.00237	0.00352	0.01471	0.00685	0.00608
12	0.01015	0.00677	0.00761	0.00761	0.00761	0.00677	0.00423	0.01015	0.01015	0.01353	0.02199	0.04567	0.02537	0.75476	0.03552	0.00677	0.00677	0.01015	0.00423	0.00423
13	0.01868	0.01673	0.01635	0.01247	0.01815	0.12247	0.00992	0.12362	0.01831	0.04754	0.01332	0.01483	0.01059	0.00609	0.00568	0.00135	0.00673	0.00462	0.00464	0.52791
14	0.08974	0.12935	0.34369	0.01663	0.02433	0.01943	0.01834	0.22824	0.02000	0.02892	0.01319	0.01456	0.00968	0.00707	0.00623	0.00207	0.00866	0.00518	0.00433	0.01036
15	0.02453	0.15242	0.02356	0.01742	0.05543	0.29252	0.01353	0.28652	0.02375	0.02785	0.01307	0.01422	0.01022	0.00740	0.00628	0.00188	0.00955	0.00515	0.00482	0.00988

[dist]
# distance from previous block
# <min> <max>
0	43

# created by:
# /st0/software/busco_prod/Augustus/scripts/msa2prfl.pl ./align_prep/125595.fa
