[name]
unknown

[dist]
# distance from previous block
# <min> <max>
0	4

[block]
# block no. 0 follows, 31 sequences, length 7
# corresponding to MSA columns:
# 4-10
name=unknown_A
#
# <colnr> <probs for GDERKNQSTAVLIFYWHMCP>
#	G	D	E	R	K	N	Q	S	T	A	V	L	I	F	Y	W	H	M	C	P
0	0.01050	0.00771	0.01030	0.01160	0.01330	0.00750	0.00999	0.01340	0.01572	0.02012	0.04207	0.07517	0.15869	0.01862	0.00921	0.00300	0.00580	0.55477	0.00631	0.00621
1	0.01847	0.01111	0.01736	0.01388	0.01777	0.01033	0.12924	0.02301	0.07030	0.26361	0.24814	0.09050	0.03379	0.01088	0.00763	0.00223	0.00581	0.00995	0.00699	0.00898
2	0.02273	0.01622	0.01783	0.01437	0.01888	0.01767	0.01157	0.50302	0.06559	0.07565	0.02131	0.14432	0.01822	0.01056	0.00718	0.00220	0.00670	0.00857	0.00686	0.01055
3	0.00857	0.00613	0.00815	0.00937	0.00997	0.00571	0.00637	0.01011	0.01418	0.01918	0.15387	0.63405	0.04857	0.02015	0.00862	0.00267	0.00384	0.01823	0.00655	0.00571
4	0.01691	0.01745	0.03259	0.02609	0.09482	0.01758	0.43281	0.06447	0.13849	0.02413	0.01613	0.01926	0.01228	0.00689	0.00842	0.00230	0.04781	0.00761	0.00425	0.00972
5	0.02184	0.02100	0.02047	0.02026	0.12506	0.29878	0.06773	0.02542	0.05878	0.14342	0.01761	0.08618	0.01484	0.00874	0.00749	0.00209	0.03934	0.00707	0.00482	0.00906
6	0.01882	0.01401	0.01573	0.01330	0.01679	0.01554	0.01046	0.34026	0.14366	0.03078	0.02038	0.08083	0.01750	0.05900	0.11069	0.06104	0.00820	0.00787	0.00595	0.00919

[dist]
# distance from previous block
# <min> <max>
17	39

[block]
# block no. 1 follows, 31 sequences, length 8
# corresponding to MSA columns:
# 60-67
name=unknown_B
#
# <colnr> <probs for GDERKNQSTAVLIFYWHMCP>
#	G	D	E	R	K	N	Q	S	T	A	V	L	I	F	Y	W	H	M	C	P
0	0.04171	0.00924	0.01159	0.01119	0.01232	0.01049	0.00847	0.01400	0.06153	0.02012	0.14282	0.27458	0.12327	0.04338	0.01237	0.00275	0.17520	0.01277	0.00565	0.00656
1	0.01308	0.00780	0.00993	0.00893	0.01131	0.00696	0.00686	0.01593	0.01872	0.14754	0.47666	0.04889	0.17349	0.01362	0.00786	0.00217	0.00373	0.01178	0.00748	0.00724
2	0.01637	0.01457	0.02262	0.41299	0.23611	0.01656	0.01853	0.13714	0.01747	0.02338	0.01311	0.01754	0.01006	0.00687	0.00682	0.00217	0.00855	0.00610	0.00381	0.00924
3	0.19435	0.06049	0.01690	0.01225	0.01739	0.01469	0.01024	0.17465	0.02030	0.38174	0.01987	0.01842	0.01324	0.00780	0.00615	0.00206	0.00618	0.00585	0.00686	0.01056
4	0.01746	0.15904	0.46998	0.01695	0.02542	0.01739	0.02019	0.06150	0.01604	0.11399	0.01397	0.01511	0.00994	0.00674	0.00620	0.00203	0.00891	0.00511	0.00386	0.01017
5	0.01628	0.02166	0.15282	0.04725	0.06839	0.08358	0.30792	0.02101	0.01482	0.02011	0.01211	0.01635	0.00962	0.00740	0.01060	0.00236	0.16898	0.00658	0.00325	0.00893
6	0.01622	0.01376	0.11655	0.01184	0.01564	0.01108	0.01074	0.09787	0.04912	0.12907	0.17766	0.08451	0.04604	0.01070	0.00756	0.00214	0.03706	0.00883	0.14509	0.00850
7	0.01917	0.01417	0.01600	0.01306	0.01747	0.01471	0.01038	0.21543	0.20405	0.08753	0.02076	0.07850	0.01685	0.00950	0.00774	0.02783	0.02784	0.00723	0.00611	0.18564

[dist]
# distance from previous block
# <min> <max>
1	12

[block]
# block no. 2 follows, 31 sequences, length 11
# corresponding to MSA columns:
# 80-90
name=unknown_C
#
# <colnr> <probs for GDERKNQSTAVLIFYWHMCP>
#	G	D	E	R	K	N	Q	S	T	A	V	L	I	F	Y	W	H	M	C	P
0	0.02067	0.04616	0.02004	0.01562	0.01944	0.08576	0.04365	0.27232	0.04769	0.06972	0.01666	0.08040	0.01417	0.00964	0.00987	0.00221	0.15288	0.00707	0.00534	0.06067
1	0.01594	0.01137	0.01280	0.04062	0.01513	0.01225	0.00888	0.22073	0.09625	0.02845	0.06933	0.16898	0.02490	0.06827	0.00900	0.00249	0.00540	0.00969	0.17135	0.00818
2	0.01589	0.01862	0.09377	0.02471	0.03107	0.01632	0.49626	0.06620	0.04518	0.02316	0.01672	0.08807	0.01405	0.00762	0.00787	0.00232	0.01017	0.00875	0.00406	0.00918
3	0.01721	0.62583	0.06860	0.01180	0.01762	0.02394	0.01183	0.01983	0.01431	0.01754	0.05600	0.01400	0.01252	0.00637	0.00479	0.00152	0.00704	0.00433	0.00330	0.06162
4	0.11909	0.01401	0.02004	0.28204	0.22537	0.01557	0.01602	0.11472	0.01675	0.02433	0.01753	0.02076	0.07020	0.00766	0.00659	0.00216	0.00763	0.00650	0.00412	0.00891
5	0.01415	0.01032	0.01277	0.01070	0.01404	0.00977	0.04820	0.09854	0.04342	0.02560	0.06703	0.14223	0.02240	0.00983	0.00624	0.00181	0.00488	0.00848	0.25358	0.19601
6	0.51378	0.01379	0.01677	0.12119	0.02209	0.01528	0.11732	0.02088	0.01318	0.07297	0.01175	0.01413	0.00876	0.00647	0.00540	0.00217	0.00688	0.00496	0.00421	0.00800
7	0.01292	0.01216	0.02052	0.74312	0.04712	0.01520	0.01900	0.01748	0.01368	0.01748	0.01216	0.01824	0.00912	0.00684	0.00684	0.00228	0.00912	0.00608	0.00304	0.00760
8	0.01292	0.01216	0.02052	0.74312	0.04712	0.01520	0.01900	0.01748	0.01368	0.01748	0.01216	0.01824	0.00912	0.00684	0.00684	0.00228	0.00912	0.00608	0.00304	0.00760
9	0.01476	0.01587	0.03199	0.08552	0.03122	0.01578	0.46290	0.01937	0.01496	0.02049	0.01601	0.10568	0.01428	0.00830	0.00933	0.00238	0.08134	0.00891	0.00375	0.03718
10	0.00930	0.00668	0.00858	0.00917	0.01018	0.00629	0.00660	0.01126	0.01517	0.02052	0.25246	0.30718	0.09210	0.11621	0.01202	0.00310	0.00434	0.09665	0.00643	0.00576

[dist]
# distance from previous block
# <min> <max>
5	6

[block]
# block no. 3 follows, 31 sequences, length 10
# corresponding to MSA columns:
# 97-106
name=unknown_D
#
# <colnr> <probs for GDERKNQSTAVLIFYWHMCP>
#	G	D	E	R	K	N	Q	S	T	A	V	L	I	F	Y	W	H	M	C	P
0	0.01439	0.00955	0.01088	0.00966	0.01248	0.00928	0.00738	0.07204	0.10549	0.12320	0.17756	0.04560	0.27057	0.08876	0.01037	0.00267	0.00465	0.01098	0.00678	0.00770
1	0.07530	0.01042	0.01295	0.01057	0.01466	0.00947	0.00852	0.04963	0.01876	0.40994	0.14407	0.03443	0.15025	0.01081	0.00711	0.00216	0.00500	0.00890	0.00759	0.00945
2	0.01605	0.01335	0.01516	0.01126	0.01704	0.01153	0.00903	0.10926	0.08645	0.02571	0.01432	0.01563	0.01142	0.00591	0.00549	0.00128	0.00543	0.00471	0.00472	0.61625
3	0.12381	0.00715	0.00884	0.00924	0.01015	0.00734	0.00659	0.01142	0.01123	0.01741	0.02093	0.22292	0.02267	0.01950	0.01624	0.37030	0.00520	0.05991	0.04442	0.00473
4	0.01051	0.00716	0.00864	0.00854	0.01041	0.00638	0.00634	0.01266	0.01637	0.07438	0.25014	0.18289	0.29356	0.04352	0.00913	0.00252	0.00389	0.03981	0.00678	0.00635
5	0.01616	0.01172	0.01334	0.01165	0.01421	0.01252	0.00877	0.29061	0.02063	0.02785	0.08609	0.17615	0.02663	0.17986	0.06871	0.00390	0.00704	0.01034	0.00597	0.00786
6	0.00998	0.00660	0.00867	0.00979	0.01079	0.00611	0.00698	0.01153	0.01401	0.06131	0.03978	0.57338	0.10405	0.01998	0.00864	0.00274	0.00429	0.08888	0.00648	0.00603
7	0.01559	0.01061	0.01228	0.01091	0.01354	0.01095	0.00821	0.13316	0.13258	0.09661	0.18707	0.12530	0.06493	0.13279	0.01195	0.00297	0.00523	0.01058	0.00667	0.00807
8	0.02165	0.17287	0.02247	0.01543	0.01975	0.28816	0.03356	0.16626	0.07499	0.02323	0.01385	0.01561	0.01124	0.01155	0.07764	0.00274	0.01032	0.00530	0.00439	0.00898
9	0.01534	0.07599	0.03297	0.10988	0.05406	0.01644	0.43308	0.02023	0.01552	0.02081	0.01544	0.02351	0.01304	0.00721	0.00758	0.00225	0.00995	0.07430	0.00368	0.04873

[dist]
# distance from previous block
# <min> <max>
0	1

[block]
# block no. 4 follows, 31 sequences, length 9
# corresponding to MSA columns:
# 108-116
name=unknown_E
#
# <colnr> <probs for GDERKNQSTAVLIFYWHMCP>
#	G	D	E	R	K	N	Q	S	T	A	V	L	I	F	Y	W	H	M	C	P
0	0.02052	0.01596	0.01757	0.01327	0.01891	0.01588	0.01082	0.37156	0.06247	0.03352	0.01527	0.01599	0.01152	0.00695	0.00610	0.00163	0.00637	0.00536	0.00567	0.34467
1	0.01628	0.01379	0.03647	0.01298	0.03811	0.05651	0.01008	0.09547	0.20648	0.07874	0.08286	0.07129	0.16719	0.01150	0.00726	0.00219	0.00571	0.03046	0.00632	0.05031
2	0.02633	0.01753	0.01939	0.01498	0.02033	0.01894	0.01234	0.53500	0.06976	0.16555	0.01902	0.01821	0.01315	0.00832	0.00686	0.00208	0.00709	0.00638	0.00715	0.01159
3	0.00995	0.00663	0.00746	0.00746	0.00746	0.00663	0.00415	0.00995	0.00995	0.01327	0.02156	0.04477	0.02487	0.75957	0.03482	0.00663	0.00663	0.00995	0.00415	0.00415
4	0.03070	0.01164	0.01588	0.01217	0.01746	0.01006	0.01006	0.03334	0.01958	0.72163	0.02699	0.02329	0.01694	0.00847	0.00688	0.00212	0.00582	0.00688	0.00847	0.01164
5	0.03070	0.01164	0.01588	0.01217	0.01746	0.01006	0.01006	0.03334	0.01958	0.72163	0.02699	0.02329	0.01694	0.00847	0.00688	0.00212	0.00582	0.00688	0.00847	0.01164
6	0.07485	0.03368	0.66916	0.01869	0.02835	0.01585	0.02390	0.02155	0.01423	0.02236	0.01207	0.01419	0.00857	0.00649	0.00633	0.00216	0.00974	0.00495	0.00299	0.00990
7	0.02330	0.02225	0.01936	0.01726	0.05600	0.24628	0.01297	0.29393	0.18411	0.03028	0.01705	0.01727	0.01285	0.00798	0.00665	0.00202	0.00860	0.00597	0.00564	0.01023
8	0.01810	0.01586	0.02676	0.03946	0.65757	0.01573	0.02007	0.02204	0.01592	0.08165	0.01407	0.01747	0.01135	0.00630	0.00678	0.00204	0.00793	0.00616	0.00382	0.01091

[dist]
# distance from previous block
# <min> <max>
0	11

[block]
# block no. 5 follows, 31 sequences, length 152
# corresponding to MSA columns:
# 128-279
name=unknown_F
#
# <colnr> <probs for GDERKNQSTAVLIFYWHMCP>
#	G	D	E	R	K	N	Q	S	T	A	V	L	I	F	Y	W	H	M	C	P
0	0.01693	0.01626	0.02777	0.04199	0.71689	0.01626	0.02100	0.02100	0.01558	0.02235	0.01287	0.01693	0.01084	0.00610	0.00677	0.00203	0.00813	0.00610	0.00339	0.01084
1	0.77719	0.04241	0.01106	0.00910	0.01340	0.01580	0.00758	0.02013	0.01173	0.03013	0.00953	0.01111	0.00746	0.00633	0.00424	0.00209	0.00537	0.00370	0.00418	0.00746
2	0.00995	0.00663	0.00746	0.00746	0.00746	0.00663	0.00415	0.00995	0.00995	0.01327	0.02156	0.04477	0.02487	0.75957	0.03482	0.00663	0.00663	0.00995	0.00415	0.00415
3	0.00933	0.00741	0.01158	0.01169	0.01283	0.00696	0.08160	0.01106	0.01343	0.01793	0.03455	0.62960	0.04061	0.04192	0.00947	0.00286	0.00496	0.04031	0.00597	0.00594
4	0.05129	0.01292	0.01488	0.01170	0.01659	0.01200	0.00932	0.17038	0.04250	0.13394	0.01932	0.11812	0.01659	0.00874	0.00628	0.00175	0.00560	0.00718	0.00577	0.33513
5	0.00973	0.00702	0.00921	0.00874	0.01035	0.00650	0.00660	0.01295	0.01925	0.02721	0.69157	0.05194	0.06375	0.01414	0.00811	0.00218	0.00333	0.03349	0.00749	0.00645
6	0.01745	0.01429	0.01576	0.01453	0.03989	0.01605	0.01100	0.15557	0.44549	0.02983	0.05248	0.09257	0.02327	0.01056	0.00721	0.00232	0.00571	0.02906	0.00677	0.01019
7	0.01829	0.76368	0.03585	0.01171	0.01756	0.02707	0.01171	0.02049	0.01390	0.01610	0.00951	0.01097	0.00878	0.00585	0.00439	0.00146	0.00732	0.00366	0.00293	0.00878
8	0.01853	0.01952	0.02543	0.08628	0.51811	0.17196	0.01916	0.02212	0.01627	0.02079	0.01232	0.01603	0.01027	0.00636	0.00665	0.00199	0.00911	0.00573	0.00339	0.00998
9	0.01725	0.01630	0.02710	0.04013	0.66909	0.01645	0.02038	0.04495	0.03939	0.02329	0.01350	0.01720	0.01120	0.00628	0.00678	0.00204	0.00802	0.00615	0.00363	0.01086
10	0.01829	0.76368	0.03585	0.01171	0.01756	0.02707	0.01171	0.02049	0.01390	0.01610	0.00951	0.01097	0.00878	0.00585	0.00439	0.00146	0.00732	0.00366	0.00293	0.00878
11	0.66144	0.01308	0.01152	0.01052	0.03582	0.01455	0.00825	0.02221	0.01301	0.13872	0.01237	0.01320	0.00901	0.00667	0.00473	0.00211	0.00546	0.00428	0.00487	0.00818
12	0.00977	0.00733	0.01100	0.01100	0.01222	0.00855	0.00855	0.01222	0.01100	0.01588	0.01833	0.02688	0.01710	0.05131	0.73245	0.01100	0.01833	0.00733	0.00367	0.00611
13	0.02409	0.02065	0.09248	0.01582	0.02148	0.05967	0.01387	0.47603	0.09807	0.08206	0.01753	0.01737	0.01247	0.00810	0.00678	0.00208	0.00774	0.00616	0.00636	0.01119
14	0.00995	0.00663	0.00746	0.00746	0.00746	0.00663	0.00415	0.00995	0.00995	0.01327	0.02156	0.04477	0.02487	0.75957	0.03482	0.00663	0.00663	0.00995	0.00415	0.00415
15	0.00915	0.03116	0.00931	0.00917	0.01032	0.00669	0.00657	0.01115	0.01532	0.02078	0.26560	0.41947	0.09433	0.01930	0.03625	0.00281	0.00435	0.01575	0.00653	0.00600
16	0.00977	0.00733	0.01100	0.01100	0.01222	0.00855	0.00855	0.01222	0.01100	0.01588	0.01833	0.02688	0.01710	0.05131	0.73245	0.01100	0.01833	0.00733	0.00367	0.00611
17	0.01419	0.01216	0.01419	0.01013	0.01621	0.00912	0.00811	0.01723	0.01419	0.02229	0.01216	0.01419	0.01013	0.00507	0.00507	0.00101	0.00507	0.00405	0.00405	0.80139
18	0.00995	0.00663	0.00746	0.00746	0.00746	0.00663	0.00415	0.00995	0.00995	0.01327	0.02156	0.04477	0.02487	0.75957	0.03482	0.00663	0.00663	0.00995	0.00415	0.00415
19	0.80789	0.01323	0.01006	0.00900	0.01323	0.01535	0.00741	0.02011	0.01164	0.03070	0.00953	0.01111	0.00741	0.00635	0.00423	0.00212	0.00529	0.00370	0.00423	0.00741
20	0.01188	0.00594	0.00891	0.00891	0.00891	0.00594	0.00594	0.00891	0.00891	0.01188	0.01188	0.02080	0.01188	0.02377	0.02674	0.80095	0.00594	0.00594	0.00297	0.00297
21	0.01615	0.01845	0.04037	0.02884	0.03576	0.01730	0.69204	0.02191	0.01615	0.02191	0.01384	0.01845	0.01038	0.00577	0.00807	0.00231	0.01153	0.00807	0.00346	0.00923
22	0.01372	0.03539	0.72412	0.01950	0.02961	0.01589	0.02528	0.02167	0.01444	0.02167	0.01228	0.01444	0.00867	0.00650	0.00650	0.00217	0.01011	0.00506	0.00289	0.01011
23	0.00962	0.00699	0.00905	0.00854	0.01018	0.00643	0.00640	0.01278	0.01921	0.02707	0.68679	0.05171	0.09127	0.01412	0.00807	0.00216	0.00324	0.01246	0.00748	0.00643
24	0.01133	0.00789	0.00992	0.00910	0.01105	0.00751	0.00687	0.04076	0.04249	0.05404	0.58919	0.04805	0.07869	0.04212	0.00897	0.00233	0.00371	0.01174	0.00735	0.00689
25	0.00848	0.00695	0.00748	0.00735	0.00948	0.00594	0.00551	0.01059	0.01653	0.02071	0.22940	0.06218	0.55263	0.01650	0.00808	0.00227	0.00341	0.01393	0.00665	0.00594
26	0.01495	0.10121	0.59036	0.01908	0.02841	0.01680	0.06510	0.02202	0.01470	0.04782	0.01268	0.01471	0.00910	0.00647	0.00642	0.00211	0.00978	0.00518	0.00314	0.00999
27	0.80789	0.01323	0.01006	0.00900	0.01323	0.01535	0.00741	0.02011	0.01164	0.03070	0.00953	0.01111	0.00741	0.00635	0.00423	0.00212	0.00529	0.00370	0.00423	0.00741
28	0.01583	0.02066	0.12926	0.02762	0.03496	0.01712	0.60536	0.02188	0.01593	0.02188	0.01364	0.01793	0.01016	0.00586	0.00787	0.00229	0.01135	0.00768	0.00339	0.00934
29	0.01829	0.76368	0.03585	0.01171	0.01756	0.02707	0.01171	0.02049	0.01390	0.01610	0.00951	0.01097	0.00878	0.00585	0.00439	0.00146	0.00732	0.00366	0.00293	0.00878
30	0.01693	0.01626	0.02777	0.04199	0.71689	0.01626	0.02100	0.02100	0.01558	0.02235	0.01287	0.01693	0.01084	0.00610	0.00677	0.00203	0.00813	0.00610	0.00339	0.01084
31	0.00968	0.00699	0.00914	0.00861	0.01022	0.00646	0.00646	0.01291	0.01937	0.02743	0.71328	0.05110	0.06455	0.01399	0.00807	0.00215	0.00323	0.01237	0.00753	0.00646
32	0.00992	0.00676	0.00813	0.00813	0.00836	0.00699	0.00497	0.01038	0.01015	0.01376	0.02095	0.04141	0.02341	0.62650	0.16590	0.00745	0.00883	0.00946	0.00406	0.00451
33	0.01693	0.01626	0.02777	0.04199	0.71689	0.01626	0.02100	0.02100	0.01558	0.02235	0.01287	0.01693	0.01084	0.00610	0.00677	0.00203	0.00813	0.00610	0.00339	0.01084
34	0.01829	0.76368	0.03585	0.01171	0.01756	0.02707	0.01171	0.02049	0.01390	0.01610	0.00951	0.01097	0.00878	0.00585	0.00439	0.00146	0.00732	0.00366	0.00293	0.00878
35	0.00962	0.00699	0.00906	0.00854	0.01018	0.00643	0.00641	0.01279	0.01922	0.02709	0.68855	0.05167	0.08949	0.01411	0.00807	0.00216	0.00324	0.01245	0.00749	0.00643
36	0.00809	0.00693	0.00693	0.00693	0.00924	0.00578	0.00520	0.00982	0.01559	0.01848	0.06931	0.06584	0.71411	0.01733	0.00809	0.00231	0.00347	0.01444	0.00635	0.00578
37	0.01372	0.03539	0.72412	0.01950	0.02961	0.01589	0.02528	0.02167	0.01444	0.02167	0.01228	0.01444	0.00867	0.00650	0.00650	0.00217	0.01011	0.00506	0.00289	0.01011
38	0.01419	0.01216	0.01419	0.01013	0.01621	0.00912	0.00811	0.01723	0.01419	0.02229	0.01216	0.01419	0.01013	0.00507	0.00507	0.00101	0.00507	0.00405	0.00405	0.80139
39	0.00834	0.00595	0.00794	0.00953	0.00992	0.00556	0.00635	0.00953	0.01310	0.01746	0.03771	0.75510	0.04525	0.02143	0.00873	0.00278	0.00397	0.01945	0.00635	0.00556
40	0.01372	0.03539	0.72412	0.01950	0.02961	0.01589	0.02528	0.02167	0.01444	0.02167	0.01228	0.01444	0.00867	0.00650	0.00650	0.00217	0.01011	0.00506	0.00289	0.01011
41	0.02523	0.02250	0.01985	0.01612	0.02095	0.21433	0.01290	0.46491	0.07750	0.03489	0.01566	0.01597	0.01154	0.00797	0.00667	0.00199	0.00868	0.00580	0.00595	0.01057
42	0.01258	0.00763	0.01007	0.00910	0.01122	0.00695	0.00695	0.01572	0.01940	0.12304	0.61876	0.04727	0.05799	0.01323	0.00791	0.00215	0.00358	0.01162	0.00766	0.00717
43	0.02601	0.01916	0.02053	0.01574	0.02122	0.02122	0.01300	0.69408	0.03217	0.04312	0.01643	0.01643	0.01163	0.00821	0.00684	0.00205	0.00753	0.00616	0.00684	0.01163
44	0.00968	0.00699	0.00914	0.00861	0.01022	0.00646	0.00646	0.01291	0.01937	0.02743	0.71328	0.05110	0.06455	0.01399	0.00807	0.00215	0.00323	0.01237	0.00753	0.00646
45	0.02400	0.02933	0.01867	0.01695	0.02054	0.60137	0.01278	0.02897	0.14465	0.01891	0.01373	0.01475	0.01102	0.00746	0.00631	0.00186	0.01107	0.00501	0.00415	0.00846
46	0.00961	0.00698	0.00920	0.00999	0.01113	0.00672	0.00744	0.01251	0.04214	0.02163	0.25160	0.37471	0.04933	0.01812	0.00859	0.00263	0.00423	0.14051	0.00674	0.00619
47	0.00868	0.00689	0.00740	0.00731	0.00909	0.00604	0.00522	0.01036	0.01523	0.01907	0.16902	0.05965	0.48348	0.14766	0.01280	0.00305	0.00398	0.01330	0.00616	0.00560
48	0.01479	0.01238	0.01524	0.01091	0.01700	0.00946	0.03422	0.01792	0.01443	0.04470	0.01270	0.01464	0.01036	0.00520	0.00524	0.00110	0.00534	0.00430	0.00417	0.74590
49	0.01784	0.01510	0.01593	0.01409	0.01810	0.01740	0.01103	0.09648	0.64306	0.02994	0.02680	0.02469	0.02004	0.00918	0.00695	0.00230	0.00561	0.00759	0.00695	0.01090
50	0.17519	0.01712	0.01649	0.01342	0.01789	0.08205	0.01085	0.36404	0.04345	0.06191	0.11250	0.02038	0.01840	0.00859	0.00645	0.00206	0.00681	0.00646	0.00620	0.00973
51	0.01693	0.01626	0.02777	0.04199	0.71689	0.01626	0.02100	0.02100	0.01558	0.02235	0.01287	0.01693	0.01084	0.00610	0.00677	0.00203	0.00813	0.00610	0.00339	0.01084
52	0.01517	0.02321	0.24716	0.02540	0.03309	0.01651	0.46820	0.02146	0.01554	0.02170	0.01410	0.04002	0.01094	0.00647	0.00762	0.00228	0.01087	0.00751	0.00338	0.00938
53	0.01889	0.59629	0.03165	0.01259	0.01796	0.09890	0.01176	0.02314	0.09896	0.01770	0.01186	0.01290	0.01026	0.00640	0.00489	0.00160	0.00760	0.00423	0.00348	0.00894
54	0.00815	0.00693	0.00702	0.00700	0.00928	0.00580	0.00525	0.00994	0.01574	0.01883	0.09416	0.06527	0.68905	0.01720	0.00809	0.00230	0.00346	0.01436	0.00640	0.00580
55	0.01445	0.01365	0.02242	0.46029	0.24517	0.01586	0.01896	0.01960	0.05451	0.01955	0.01316	0.01814	0.01032	0.00697	0.00747	0.00224	0.03896	0.00618	0.00337	0.00876
56	0.01664	0.50056	0.28451	0.01452	0.02191	0.02303	0.01661	0.02091	0.01410	0.01811	0.01051	0.01223	0.00874	0.00609	0.00515	0.00172	0.00833	0.00416	0.00291	0.00926
57	0.00962	0.00653	0.00752	0.00779	0.00793	0.00643	0.00455	0.00987	0.01065	0.01413	0.02573	0.16384	0.04959	0.61355	0.02965	0.00586	0.00609	0.01167	0.00458	0.00443
58	0.80789	0.01323	0.01006	0.00900	0.01323	0.01535	0.00741	0.02011	0.01164	0.03070	0.00953	0.01111	0.00741	0.00635	0.00423	0.00212	0.00529	0.00370	0.00423	0.00741
59	0.02069	0.01605	0.01767	0.01332	0.01898	0.01597	0.01086	0.38425	0.05076	0.03381	0.01508	0.01584	0.01136	0.00693	0.00610	0.00163	0.00641	0.00534	0.00568	0.34328
60	0.01419	0.01216	0.01419	0.01013	0.01621	0.00912	0.00811	0.01723	0.01419	0.02229	0.01216	0.01419	0.01013	0.00507	0.00507	0.00101	0.00507	0.00405	0.00405	0.80139
61	0.01594	0.02043	0.13206	0.02962	0.14166	0.01694	0.49554	0.02174	0.01582	0.02195	0.01347	0.01767	0.01022	0.00592	0.00765	0.00224	0.01081	0.00735	0.00337	0.00960
62	0.01539	0.07809	0.30459	0.02450	0.05836	0.01741	0.35917	0.02168	0.01531	0.02142	0.01289	0.01631	0.00962	0.00607	0.00715	0.00218	0.01055	0.00651	0.00320	0.00960
63	0.00938	0.00698	0.00873	0.00829	0.01004	0.00633	0.00622	0.01233	0.01866	0.02575	0.59244	0.05387	0.18644	0.01461	0.00807	0.00218	0.00327	0.01276	0.00731	0.00633
64	0.03050	0.01195	0.01607	0.01232	0.01762	0.01051	0.01018	0.06052	0.02010	0.69372	0.02656	0.02300	0.01672	0.00846	0.00688	0.00211	0.00589	0.00685	0.00840	0.01164
65	0.01496	0.03366	0.67248	0.01897	0.02872	0.01546	0.02417	0.02252	0.01482	0.07270	0.01335	0.01509	0.00927	0.00664	0.00653	0.00216	0.00980	0.00519	0.00330	0.01022
66	0.01739	0.01333	0.01453	0.01292	0.01668	0.01481	0.01008	0.03270	0.53926	0.10189	0.07975	0.02963	0.06661	0.01003	0.00710	0.00229	0.00518	0.00839	0.00713	0.01029
67	0.00834	0.00595	0.00794	0.00953	0.00992	0.00556	0.00635	0.00953	0.01310	0.01746	0.03771	0.75510	0.04525	0.02143	0.00873	0.00278	0.00397	0.01945	0.00635	0.00556
68	0.00814	0.00693	0.00701	0.00699	0.00927	0.00580	0.00524	0.00992	0.01572	0.01879	0.09144	0.06533	0.69178	0.01721	0.00809	0.00230	0.00346	0.01437	0.00639	0.00580
69	0.01678	0.01618	0.02788	0.06427	0.67642	0.01625	0.03949	0.02091	0.01553	0.02218	0.01287	0.01702	0.01077	0.00611	0.00681	0.00205	0.00825	0.00615	0.00338	0.01069
70	0.01666	0.01598	0.02728	0.08899	0.67199	0.01618	0.02086	0.02076	0.01545	0.02202	0.01282	0.01702	0.01072	0.00615	0.00678	0.00205	0.00819	0.00609	0.00336	0.01062
71	0.00975	0.00690	0.00872	0.00832	0.00953	0.00650	0.00588	0.01217	0.01701	0.02390	0.54053	0.04952	0.05464	0.20018	0.01475	0.00327	0.00408	0.01177	0.00669	0.00588
72	0.00834	0.00595	0.00794	0.00953	0.00992	0.00556	0.00635	0.00953	0.01310	0.01746	0.03771	0.75510	0.04525	0.02143	0.00873	0.00278	0.00397	0.01945	0.00635	0.00556
73	0.03043	0.01207	0.01614	0.01237	0.01768	0.01069	0.01022	0.07067	0.02029	0.68329	0.02639	0.02290	0.01664	0.00845	0.00688	0.00211	0.00592	0.00684	0.00838	0.01164
74	0.01673	0.01366	0.01555	0.01134	0.01729	0.01172	0.00916	0.16267	0.01805	0.02677	0.01308	0.01467	0.01046	0.00574	0.00545	0.00124	0.00560	0.00451	0.00465	0.63169
75	0.01684	0.01301	0.01511	0.01098	0.01693	0.01071	0.00886	0.10362	0.01683	0.07433	0.01375	0.01511	0.01080	0.00570	0.00542	0.00122	0.00543	0.00452	0.00472	0.64611
76	0.02408	0.02307	0.01913	0.01605	0.02052	0.27340	0.01265	0.32771	0.15956	0.03089	0.01658	0.01676	0.01245	0.00801	0.00663	0.00200	0.00883	0.00584	0.00569	0.01016
77	0.01615	0.01845	0.04037	0.02884	0.03576	0.01730	0.69204	0.02191	0.01615	0.02191	0.01384	0.01845	0.01038	0.00577	0.00807	0.00231	0.01153	0.00807	0.00346	0.00923
78	0.01693	0.01626	0.02777	0.04199	0.71689	0.01626	0.02100	0.02100	0.01558	0.02235	0.01287	0.01693	0.01084	0.00610	0.00677	0.00203	0.00813	0.00610	0.00339	0.01084
79	0.01702	0.01470	0.01547	0.01392	0.01779	0.01702	0.01083	0.03635	0.70453	0.02862	0.02785	0.02553	0.02088	0.00928	0.00696	0.00232	0.00541	0.00773	0.00696	0.01083
80	0.01722	0.01658	0.02597	0.03771	0.60743	0.03909	0.01948	0.02312	0.10178	0.02296	0.01467	0.01786	0.01203	0.00652	0.00678	0.00206	0.00792	0.00625	0.00384	0.01074
81	0.00834	0.00614	0.00781	0.00908	0.00982	0.00562	0.00617	0.00968	0.01369	0.01794	0.06366	0.62202	0.15391	0.02054	0.00861	0.00268	0.00386	0.01842	0.00639	0.00562
82	0.00820	0.00690	0.00711	0.00713	0.00933	0.00581	0.00532	0.01000	0.01574	0.01901	0.10881	0.08891	0.64986	0.01726	0.00811	0.00232	0.00347	0.01448	0.00643	0.00581
83	0.04153	0.14348	0.40299	0.01995	0.07741	0.01749	0.09087	0.02262	0.03887	0.06342	0.01339	0.01531	0.00991	0.00650	0.00632	0.00206	0.00910	0.00539	0.00351	0.00989
84	0.03055	0.01188	0.01602	0.01229	0.01758	0.01041	0.01015	0.05425	0.01998	0.70015	0.02666	0.02307	0.01677	0.00846	0.00688	0.00211	0.00588	0.00686	0.00842	0.01164
85	0.04368	0.01689	0.04818	0.01864	0.12876	0.01728	0.01347	0.33659	0.12416	0.08039	0.08439	0.02137	0.01802	0.00848	0.00688	0.00211	0.00683	0.00691	0.00626	0.01072
86	0.01386	0.03439	0.68396	0.02005	0.02997	0.01597	0.06444	0.02168	0.01454	0.02168	0.01237	0.01468	0.00877	0.00646	0.00659	0.00217	0.01019	0.00523	0.00292	0.01006
87	0.01528	0.01574	0.02342	0.08567	0.02307	0.04297	0.10427	0.01763	0.01180	0.01728	0.00996	0.01564	0.00917	0.01053	0.01861	0.00280	0.55914	0.00622	0.00308	0.00774
88	0.01692	0.58930	0.15588	0.01285	0.01922	0.02383	0.01375	0.02015	0.01422	0.01751	0.03398	0.01443	0.03070	0.00655	0.00499	0.00163	0.00757	0.00449	0.00316	0.00886
89	0.01009	0.00713	0.00900	0.00845	0.01029	0.00646	0.00637	0.01306	0.01876	0.04804	0.58732	0.05260	0.16810	0.01435	0.00803	0.00218	0.00335	0.01253	0.00737	0.00651
90	0.01768	0.60642	0.16226	0.01333	0.01989	0.04715	0.01426	0.02092	0.01417	0.01714	0.01005	0.01166	0.00876	0.00601	0.00483	0.00160	0.00799	0.00394	0.00294	0.00900
91	0.80789	0.01323	0.01006	0.00900	0.01323	0.01535	0.00741	0.02011	0.01164	0.03070	0.00953	0.01111	0.00741	0.00635	0.00423	0.00212	0.00529	0.00370	0.00423	0.00741
92	0.01693	0.01626	0.02777	0.04199	0.71689	0.01626	0.02100	0.02100	0.01558	0.02235	0.01287	0.01693	0.01084	0.00610	0.00677	0.00203	0.00813	0.00610	0.00339	0.01084
93	0.02153	0.01339	0.01570	0.01445	0.05783	0.03554	0.01071	0.03145	0.31764	0.28543	0.05037	0.04866	0.04703	0.00956	0.00703	0.00222	0.00575	0.00798	0.00718	0.01054
94	0.00977	0.00733	0.01100	0.01100	0.01222	0.00855	0.00855	0.01222	0.01100	0.01588	0.01833	0.02688	0.01710	0.05131	0.73245	0.01100	0.01833	0.00733	0.00367	0.00611
95	0.00977	0.00733	0.01100	0.01100	0.01222	0.00855	0.00855	0.01222	0.01100	0.01588	0.01833	0.02688	0.01710	0.05131	0.73245	0.01100	0.01833	0.00733	0.00367	0.00611
96	0.01698	0.01523	0.02120	0.06865	0.02372	0.01672	0.15797	0.03181	0.48537	0.04882	0.02369	0.02342	0.01766	0.00833	0.00719	0.00231	0.00701	0.00766	0.00598	0.01028
97	0.00982	0.00665	0.00743	0.00743	0.00758	0.00657	0.00422	0.00994	0.01034	0.01362	0.02482	0.04621	0.07201	0.70880	0.03299	0.00634	0.00642	0.01026	0.00430	0.00426
98	0.01372	0.03539	0.72412	0.01950	0.02961	0.01589	0.02528	0.02167	0.01444	0.02167	0.01228	0.01444	0.00867	0.00650	0.00650	0.00217	0.01011	0.00506	0.00289	0.01011
99	0.00995	0.00663	0.00746	0.00746	0.00746	0.00663	0.00415	0.00995	0.00995	0.01327	0.02156	0.04477	0.02487	0.75957	0.03482	0.00663	0.00663	0.00995	0.00415	0.00415
100	0.01177	0.00948	0.01081	0.01013	0.01260	0.00976	0.00779	0.01986	0.23779	0.02578	0.34095	0.04683	0.17730	0.01333	0.00777	0.00228	0.00409	0.03689	0.00707	0.00772
101	0.02709	0.01102	0.01483	0.01168	0.01636	0.00970	0.00953	0.03030	0.03896	0.59566	0.13212	0.02761	0.02434	0.00934	0.00706	0.00213	0.00541	0.00775	0.00828	0.01083
102	0.01621	0.01770	0.03668	0.05932	0.19455	0.01698	0.51018	0.02153	0.01592	0.02185	0.01355	0.01809	0.01044	0.00588	0.00772	0.00224	0.01065	0.00754	0.00343	0.00954
103	0.03070	0.01164	0.01588	0.01217	0.01746	0.01006	0.01006	0.03334	0.01958	0.72163	0.02699	0.02329	0.01694	0.00847	0.00688	0.00212	0.00582	0.00688	0.00847	0.01164
104	0.01450	0.01214	0.01523	0.12507	0.02110	0.01010	0.00987	0.01776	0.01427	0.04309	0.01262	0.01510	0.01018	0.00545	0.00540	0.00125	0.00573	0.00446	0.00403	0.65265
105	0.02525	0.03196	0.01925	0.01749	0.02103	0.70628	0.01313	0.02764	0.04412	0.01717	0.01120	0.01281	0.00925	0.00713	0.00620	0.00178	0.01209	0.00453	0.00365	0.00804
106	0.00981	0.00717	0.01020	0.01020	0.01114	0.00812	0.00756	0.01170	0.01076	0.01529	0.01906	0.03092	0.01886	0.21151	0.57466	0.01001	0.01568	0.00792	0.00377	0.00566
107	0.01701	0.01458	0.01535	0.01375	0.01762	0.01678	0.01071	0.05579	0.66148	0.02874	0.02883	0.02655	0.04304	0.00951	0.00699	0.00231	0.00542	0.00790	0.00694	0.01069
108	0.01292	0.01216	0.02052	0.74312	0.04712	0.01520	0.01900	0.01748	0.01368	0.01748	0.01216	0.01824	0.00912	0.00684	0.00684	0.00228	0.00912	0.00608	0.00304	0.00760
109	0.01497	0.01497	0.02095	0.01796	0.01796	0.02095	0.01497	0.01646	0.01048	0.01646	0.00898	0.01497	0.00898	0.01197	0.02245	0.00299	0.74704	0.00599	0.00299	0.00748
110	0.07461	0.01173	0.01555	0.01199	0.01723	0.01035	0.00991	0.03259	0.01913	0.68259	0.02600	0.02260	0.01640	0.00835	0.00673	0.00212	0.00579	0.00670	0.00823	0.01140
111	0.00834	0.00595	0.00794	0.00953	0.00992	0.00556	0.00635	0.00953	0.01310	0.01746	0.03771	0.75510	0.04525	0.02143	0.00873	0.00278	0.00397	0.01945	0.00635	0.00556
112	0.17199	0.01712	0.01750	0.01409	0.01900	0.01924	0.01150	0.43041	0.16755	0.03777	0.01749	0.01731	0.01275	0.00808	0.00637	0.00212	0.00667	0.00602	0.00637	0.01067
113	0.01908	0.01180	0.01394	0.01203	0.01572	0.01224	0.00946	0.02937	0.32692	0.22959	0.20634	0.03154	0.03112	0.01027	0.00723	0.00222	0.00496	0.00870	0.00755	0.00992
114	0.00884	0.00693	0.00800	0.00780	0.00972	0.00609	0.00582	0.01126	0.01728	0.02264	0.36952	0.08117	0.38869	0.01590	0.00810	0.00225	0.00337	0.01363	0.00690	0.00609
115	0.01903	0.01263	0.01361	0.01148	0.01506	0.01366	0.00914	0.23563	0.17228	0.08074	0.04606	0.02338	0.01800	0.00858	0.00617	0.00195	0.00523	0.00685	0.29112	0.00939
116	0.00867	0.00695	0.00774	0.00755	0.00960	0.00603	0.00566	0.01095	0.01698	0.02177	0.30578	0.06043	0.47559	0.01610	0.00808	0.00225	0.00338	0.01368	0.00679	0.00603
117	0.57077	0.01359	0.01076	0.00963	0.01322	0.06916	0.00752	0.01995	0.01250	0.07264	0.01265	0.01729	0.01089	0.12459	0.00935	0.00280	0.00608	0.00495	0.00445	0.00722
118	0.02556	0.03261	0.01939	0.01763	0.02115	0.73210	0.01322	0.02732	0.01939	0.01674	0.01058	0.01234	0.00881	0.00705	0.00617	0.00176	0.01234	0.00441	0.00353	0.00793
119	0.80789	0.01323	0.01006	0.00900	0.01323	0.01535	0.00741	0.02011	0.01164	0.03070	0.00953	0.01111	0.00741	0.00635	0.00423	0.00212	0.00529	0.00370	0.00423	0.00741
120	0.01691	0.01647	0.02700	0.09084	0.64817	0.03815	0.02062	0.02094	0.01556	0.02183	0.01275	0.01688	0.01065	0.00618	0.00676	0.00204	0.00833	0.00604	0.00337	0.01052
121	0.00988	0.00660	0.00748	0.00755	0.00756	0.00659	0.00424	0.00993	0.01008	0.01344	0.02222	0.07399	0.02571	0.72920	0.03375	0.00647	0.00652	0.01034	0.00424	0.00420
122	0.00978	0.00731	0.01088	0.01088	0.01206	0.00849	0.00840	0.01214	0.01096	0.01579	0.01843	0.02748	0.01737	0.07519	0.70893	0.01085	0.01793	0.00742	0.00368	0.00604
123	0.01702	0.01470	0.01547	0.01392	0.01779	0.01702	0.01083	0.03635	0.70453	0.02862	0.02785	0.02553	0.02088	0.00928	0.00696	0.00232	0.00541	0.00773	0.00696	0.01083
124	0.00848	0.00607	0.00807	0.00943	0.00996	0.00565	0.00636	0.00989	0.01378	0.01854	0.11070	0.67904	0.04733	0.02063	0.00866	0.00271	0.00389	0.01868	0.00648	0.00565
125	0.01702	0.01470	0.01547	0.01392	0.01779	0.01702	0.01083	0.03635	0.70453	0.02862	0.02785	0.02553	0.02088	0.00928	0.00696	0.00232	0.00541	0.00773	0.00696	0.01083
126	0.01702	0.01470	0.01547	0.01392	0.01779	0.01702	0.01083	0.03635	0.70453	0.02862	0.02785	0.02553	0.02088	0.00928	0.00696	0.00232	0.00541	0.00773	0.00696	0.01083
127	0.80789	0.01323	0.01006	0.00900	0.01323	0.01535	0.00741	0.02011	0.01164	0.03070	0.00953	0.01111	0.00741	0.00635	0.00423	0.00212	0.00529	0.00370	0.00423	0.00741
128	0.03053	0.01191	0.01604	0.01230	0.01760	0.01046	0.01016	0.05719	0.02004	0.69713	0.02661	0.02304	0.01674	0.00846	0.00688	0.00211	0.00588	0.00685	0.00841	0.01164
129	0.02556	0.03261	0.01939	0.01763	0.02115	0.73210	0.01322	0.02732	0.01939	0.01674	0.01058	0.01234	0.00881	0.00705	0.00617	0.00176	0.01234	0.00441	0.00353	0.00793
130	0.01372	0.03539	0.72412	0.01950	0.02961	0.01589	0.02528	0.02167	0.01444	0.02167	0.01228	0.01444	0.00867	0.00650	0.00650	0.00217	0.01011	0.00506	0.00289	0.01011
131	0.01292	0.01216	0.02052	0.74312	0.04712	0.01520	0.01900	0.01748	0.01368	0.01748	0.01216	0.01824	0.00912	0.00684	0.00684	0.00228	0.00912	0.00608	0.00304	0.00760
132	0.01292	0.01216	0.02052	0.74312	0.04712	0.01520	0.01900	0.01748	0.01368	0.01748	0.01216	0.01824	0.00912	0.00684	0.00684	0.00228	0.00912	0.00608	0.00304	0.00760
133	0.01188	0.00594	0.00891	0.00891	0.00891	0.00594	0.00594	0.00891	0.00891	0.01188	0.01188	0.02080	0.01188	0.02377	0.02674	0.80095	0.00594	0.00594	0.00297	0.00297
134	0.31492	0.16798	0.32087	0.01402	0.02108	0.01785	0.01589	0.02085	0.01328	0.02400	0.01070	0.01251	0.00821	0.00632	0.00523	0.00201	0.00775	0.00427	0.00340	0.00883
135	0.01693	0.01626	0.02777	0.04199	0.71689	0.01626	0.02100	0.02100	0.01558	0.02235	0.01287	0.01693	0.01084	0.00610	0.00677	0.00203	0.00813	0.00610	0.00339	0.01084
136	0.01102	0.00787	0.01102	0.01260	0.01417	0.00787	0.01102	0.01417	0.01575	0.02047	0.03622	0.07717	0.03937	0.01890	0.00945	0.00315	0.00630	0.67084	0.00630	0.00630
137	0.01693	0.01626	0.02777	0.04199	0.71689	0.01626	0.02100	0.02100	0.01558	0.02235	0.01287	0.01693	0.01084	0.00610	0.00677	0.00203	0.00813	0.00610	0.00339	0.01084
138	0.01788	0.69897	0.09701	0.01240	0.01863	0.02608	0.01291	0.02059	0.01395	0.01659	0.00976	0.01128	0.00877	0.00591	0.00458	0.00153	0.00756	0.00378	0.00292	0.00890
139	0.01440	0.01362	0.02279	0.48431	0.27092	0.01561	0.01941	0.01927	0.03662	0.01947	0.01290	0.01804	0.01008	0.00667	0.00682	0.00220	0.00867	0.00614	0.00328	0.00879
140	0.00834	0.00595	0.00794	0.00953	0.00992	0.00556	0.00635	0.00953	0.01310	0.01746	0.03771	0.75510	0.04525	0.02143	0.00873	0.00278	0.00397	0.01945	0.00635	0.00556
141	0.01576	0.01726	0.04303	0.04286	0.04743	0.09536	0.14538	0.01846	0.01301	0.01784	0.01200	0.03791	0.01115	0.03547	0.04382	0.00307	0.38226	0.00676	0.00331	0.00785
142	0.01689	0.01549	0.04268	0.01414	0.01824	0.01697	0.01138	0.03579	0.67803	0.02835	0.02725	0.02510	0.02042	0.00918	0.00694	0.00231	0.00559	0.00763	0.00681	0.01080
143	0.00945	0.00698	0.00882	0.00836	0.01008	0.00635	0.00627	0.01245	0.01881	0.02611	0.61797	0.05329	0.16069	0.01448	0.00807	0.00218	0.00326	0.01268	0.00736	0.00635
144	0.00955	0.00727	0.00881	0.00837	0.01026	0.00668	0.00629	0.01300	0.04469	0.02514	0.51873	0.05397	0.23256	0.01468	0.00803	0.00220	0.00337	0.01273	0.00720	0.00645
145	0.01739	0.62063	0.17104	0.01324	0.01993	0.02487	0.01437	0.02072	0.01401	0.01719	0.01005	0.01166	0.00876	0.00598	0.00480	0.00160	0.00787	0.00393	0.00292	0.00904
146	0.02601	0.01916	0.02053	0.01574	0.02122	0.02122	0.01300	0.69408	0.03217	0.04312	0.01643	0.01643	0.01163	0.00821	0.00684	0.00205	0.00753	0.00616	0.00684	0.01163
147	0.00995	0.00663	0.00746	0.00746	0.00746	0.00663	0.00415	0.00995	0.00995	0.01327	0.02156	0.04477	0.02487	0.75957	0.03482	0.00663	0.00663	0.00995	0.00415	0.00415
148	0.01701	0.01700	0.02914	0.08627	0.45778	0.03968	0.16590	0.04035	0.03779	0.02251	0.01353	0.01746	0.01089	0.00627	0.00705	0.00211	0.00897	0.00652	0.00359	0.01019
149	0.00828	0.00683	0.00728	0.00740	0.00942	0.00582	0.00546	0.01012	0.01573	0.01933	0.13509	0.13981	0.57095	0.01742	0.00815	0.00234	0.00349	0.01477	0.00648	0.00582
150	0.01208	0.00870	0.00955	0.00900	0.00996	0.00919	0.00576	0.05771	0.12022	0.01758	0.02221	0.03995	0.02340	0.59407	0.02867	0.00566	0.00650	0.00936	0.00476	0.00567
151	0.02122	0.09127	0.01963	0.01714	0.06940	0.43170	0.01242	0.04555	0.06615	0.02041	0.12215	0.01966	0.01861	0.00815	0.00643	0.00186	0.00953	0.00599	0.00443	0.00830

[dist]
# distance from previous block
# <min> <max>
0	7

# created by:
# /st0/software/busco_prod/Augustus/scripts/msa2prfl.pl ./align_prep/125601.fa
