[name]
unknown

[dist]
# distance from previous block
# <min> <max>
0	4

[block]
# block no. 0 follows, 29 sequences, length 7
# corresponding to MSA columns:
# 4-10
name=unknown_A
#
# <colnr> <probs for GDERKNQSTAVLIFYWHMCP>
#	G	D	E	R	K	N	Q	S	T	A	V	L	I	F	Y	W	H	M	C	P
0	0.01151	0.00974	0.05259	0.01291	0.01489	0.00854	0.01151	0.01470	0.01560	0.02050	0.03444	0.07250	0.03732	0.10451	0.01275	0.00364	0.00683	0.54291	0.00608	0.00653
1	0.01761	0.17213	0.37048	0.01695	0.02510	0.05756	0.01909	0.10788	0.01758	0.02411	0.01266	0.01444	0.00963	0.00672	0.00619	0.00193	0.00912	0.00497	0.00373	0.10211
2	0.01007	0.00739	0.00882	0.00901	0.01012	0.00714	0.00614	0.01279	0.05832	0.02052	0.21106	0.23529	0.12577	0.22621	0.01644	0.00377	0.00475	0.01407	0.00632	0.00599
3	0.00910	0.00664	0.00898	0.04748	0.01221	0.00643	0.00716	0.01057	0.01382	0.01847	0.07283	0.62655	0.04492	0.06588	0.01062	0.00308	0.00454	0.01851	0.00636	0.00586
4	0.04176	0.01822	0.01757	0.12037	0.07339	0.19005	0.01297	0.06684	0.15151	0.02352	0.01838	0.06194	0.01543	0.01141	0.05075	0.00268	0.00890	0.00697	0.05516	0.05218
5	0.01713	0.01443	0.01478	0.01206	0.01656	0.05444	0.00955	0.18894	0.10004	0.02858	0.07415	0.03202	0.18210	0.01041	0.00700	0.00194	0.00589	0.00841	0.00609	0.21546
6	0.02241	0.01636	0.01808	0.01401	0.01939	0.01677	0.01138	0.39678	0.05664	0.07784	0.02058	0.05366	0.04270	0.00888	0.00684	0.00195	0.00667	0.00702	0.00650	0.19553

[dist]
# distance from previous block
# <min> <max>
13	22

[block]
# block no. 1 follows, 29 sequences, length 8
# corresponding to MSA columns:
# 34-41
name=unknown_B
#
# <colnr> <probs for GDERKNQSTAVLIFYWHMCP>
#	G	D	E	R	K	N	Q	S	T	A	V	L	I	F	Y	W	H	M	C	P
0	0.01913	0.01618	0.01884	0.01917	0.12534	0.08648	0.04340	0.09284	0.23417	0.08772	0.06603	0.09609	0.04231	0.01035	0.00745	0.00230	0.00701	0.00891	0.00622	0.01007
1	0.01458	0.01006	0.01362	0.10203	0.05452	0.01084	0.01015	0.07863	0.07911	0.04031	0.05476	0.11172	0.02081	0.01777	0.05678	0.23276	0.00697	0.00861	0.06898	0.00700
2	0.02071	0.02176	0.02211	0.20292	0.15465	0.25192	0.01670	0.11080	0.05369	0.02294	0.01351	0.01667	0.01068	0.00762	0.00764	0.00215	0.04418	0.00585	0.00413	0.00937
3	0.01786	0.01603	0.02186	0.08563	0.31498	0.05376	0.01616	0.13514	0.05524	0.02583	0.01869	0.13144	0.01729	0.00946	0.00727	0.00221	0.00768	0.00842	0.00485	0.05019
4	0.01747	0.01532	0.02578	0.24192	0.46313	0.01612	0.02040	0.02174	0.01595	0.07295	0.01427	0.01851	0.01123	0.00675	0.00708	0.00220	0.00858	0.00640	0.00381	0.01036
5	0.01902	0.06401	0.01721	0.01382	0.01776	0.21375	0.01064	0.05861	0.21841	0.02297	0.02138	0.02403	0.05246	0.08968	0.00980	0.00248	0.00787	0.00680	0.00518	0.12411
6	0.01747	0.01512	0.02113	0.01612	0.02135	0.01466	0.14008	0.17672	0.05410	0.02772	0.01938	0.08852	0.03942	0.00883	0.00774	0.00196	0.04097	0.00776	0.00521	0.27576
7	0.01636	0.01354	0.01595	0.10335	0.01986	0.04678	0.01126	0.15693	0.01752	0.02421	0.01797	0.09123	0.01695	0.11026	0.04993	0.00331	0.11105	0.00794	0.06064	0.10496

[dist]
# distance from previous block
# <min> <max>
9	25

[block]
# block no. 2 follows, 29 sequences, length 10
# corresponding to MSA columns:
# 67-76
name=unknown_C
#
# <colnr> <probs for GDERKNQSTAVLIFYWHMCP>
#	G	D	E	R	K	N	Q	S	T	A	V	L	I	F	Y	W	H	M	C	P
0	0.07516	0.02102	0.01869	0.14340	0.02494	0.23902	0.01365	0.13416	0.14255	0.02541	0.01805	0.01957	0.04172	0.00858	0.00757	0.00220	0.04384	0.00630	0.00495	0.00922
1	0.02235	0.01663	0.01792	0.06582	0.02140	0.06627	0.01208	0.21984	0.19602	0.13907	0.05314	0.02196	0.01751	0.00863	0.00698	0.00211	0.00699	0.00690	0.00663	0.09175
2	0.01913	0.01739	0.02090	0.23080	0.13548	0.09486	0.01593	0.18002	0.11045	0.02750	0.06294	0.02099	0.01593	0.00821	0.00714	0.00221	0.00837	0.00684	0.00508	0.00984
3	0.01497	0.01387	0.01797	0.19249	0.18037	0.06767	0.01392	0.06264	0.03575	0.02149	0.05278	0.03263	0.14915	0.10134	0.01095	0.00282	0.00759	0.00869	0.00466	0.00823
4	0.01121	0.00794	0.00939	0.00950	0.01036	0.00799	0.00626	0.05920	0.04067	0.01950	0.08931	0.28972	0.03591	0.34653	0.02100	0.00456	0.00563	0.01369	0.00575	0.00587
5	0.01471	0.01540	0.04743	0.21445	0.06480	0.01547	0.23237	0.01922	0.01532	0.02128	0.06330	0.04792	0.01565	0.00815	0.00914	0.00230	0.08328	0.00772	0.00390	0.09820
6	0.01213	0.00854	0.01005	0.00939	0.01183	0.00804	0.00713	0.01680	0.09774	0.08029	0.32899	0.08880	0.26299	0.01505	0.00820	0.00234	0.00397	0.01293	0.00739	0.00741
7	0.02260	0.01604	0.01680	0.01379	0.01765	0.06571	0.01075	0.36051	0.02430	0.10984	0.02012	0.07822	0.01735	0.12487	0.01313	0.05699	0.00745	0.00802	0.00632	0.00953
8	0.02945	0.01157	0.01572	0.01225	0.01732	0.01004	0.01004	0.03227	0.02035	0.63243	0.10499	0.02754	0.02329	0.00947	0.00730	0.00221	0.00575	0.00781	0.00870	0.01150
9	0.01790	0.01628	0.02344	0.18093	0.02799	0.06881	0.09654	0.02088	0.01412	0.09723	0.01297	0.01758	0.01049	0.00968	0.01481	0.00266	0.34872	0.00651	0.00388	0.00856

[dist]
# distance from previous block
# <min> <max>
8	13

[block]
# block no. 3 follows, 29 sequences, length 10
# corresponding to MSA columns:
# 92-101
name=unknown_D
#
# <colnr> <probs for GDERKNQSTAVLIFYWHMCP>
#	G	D	E	R	K	N	Q	S	T	A	V	L	I	F	Y	W	H	M	C	P
0	0.02660	0.03394	0.02018	0.01834	0.02201	0.72116	0.01376	0.02843	0.02018	0.01743	0.01101	0.01284	0.00917	0.00734	0.00642	0.00183	0.01284	0.00459	0.00367	0.00825
1	0.02219	0.01691	0.01925	0.01558	0.01976	0.01931	0.01274	0.45317	0.06021	0.03585	0.01728	0.01950	0.01340	0.01758	0.14537	0.00403	0.08454	0.00671	0.00609	0.01053
2	0.00868	0.00620	0.00826	0.00991	0.01033	0.00578	0.00661	0.00991	0.01363	0.01818	0.03925	0.74510	0.04710	0.02231	0.00909	0.00289	0.00413	0.02024	0.00661	0.00578
3	0.01345	0.01266	0.02136	0.73264	0.04904	0.01582	0.01978	0.01819	0.01424	0.01819	0.01266	0.01898	0.00949	0.00712	0.00712	0.00237	0.00949	0.00633	0.00316	0.00791
4	0.01747	0.02204	0.16931	0.03737	0.52559	0.05885	0.02229	0.02239	0.01621	0.02277	0.01312	0.01680	0.01069	0.00649	0.00695	0.00213	0.00915	0.00602	0.00343	0.01094
5	0.01762	0.01692	0.02890	0.04371	0.70533	0.01692	0.02185	0.02185	0.01621	0.02326	0.01339	0.01762	0.01128	0.00634	0.00705	0.00211	0.00846	0.00634	0.00352	0.01128
6	0.00902	0.00693	0.00884	0.00991	0.01067	0.00674	0.00690	0.01039	0.01397	0.01832	0.04376	0.57538	0.16890	0.02094	0.00978	0.00281	0.04596	0.01845	0.00641	0.00594
7	0.01136	0.00926	0.01074	0.04642	0.01406	0.00950	0.00802	0.01789	0.18429	0.02269	0.13855	0.21181	0.22754	0.04365	0.00927	0.00267	0.00462	0.01360	0.00668	0.00740
8	0.15996	0.14851	0.13179	0.06109	0.02597	0.08488	0.18027	0.02163	0.01502	0.02214	0.01285	0.04352	0.01080	0.00740	0.00728	0.00219	0.04604	0.00617	0.00364	0.00885
9	0.01866	0.45624	0.07145	0.04339	0.06384	0.05051	0.04903	0.05439	0.01549	0.01933	0.01096	0.01350	0.00954	0.00706	0.00744	0.00190	0.08984	0.00481	0.00334	0.00929

[dist]
# distance from previous block
# <min> <max>
30	64

[block]
# block no. 4 follows, 29 sequences, length 62
# corresponding to MSA columns:
# 180-241
name=unknown_E
#
# <colnr> <probs for GDERKNQSTAVLIFYWHMCP>
#	G	D	E	R	K	N	Q	S	T	A	V	L	I	F	Y	W	H	M	C	P
0	0.13389	0.07402	0.30686	0.02146	0.15834	0.01676	0.01883	0.04450	0.05542	0.02457	0.01541	0.07142	0.01305	0.00803	0.00654	0.00222	0.00829	0.00652	0.00399	0.00989
1	0.04253	0.01617	0.11885	0.04363	0.04551	0.01383	0.01278	0.16762	0.09879	0.02698	0.02550	0.23531	0.04426	0.03390	0.00838	0.00252	0.00663	0.01072	0.00577	0.04033
2	0.01834	0.01930	0.07242	0.06271	0.50804	0.06568	0.02038	0.05615	0.06321	0.02414	0.01441	0.01775	0.01167	0.00681	0.00701	0.00214	0.00871	0.00627	0.00392	0.01094
3	0.02087	0.20260	0.02314	0.04300	0.03985	0.01988	0.01217	0.26076	0.09410	0.05668	0.01746	0.04634	0.01439	0.04510	0.00786	0.00220	0.00716	0.00650	0.00551	0.07443
4	0.04931	0.01709	0.06030	0.11342	0.50319	0.01647	0.02024	0.04424	0.01663	0.07049	0.01427	0.01784	0.01129	0.00670	0.00695	0.00216	0.00837	0.00625	0.00397	0.01082
5	0.09747	0.01297	0.04634	0.07899	0.04673	0.01223	0.03641	0.10871	0.01882	0.08486	0.17292	0.09947	0.08491	0.01121	0.00734	0.00224	0.00605	0.00956	0.00605	0.05674
6	0.01208	0.00833	0.01119	0.01263	0.05886	0.00799	0.00823	0.04398	0.01485	0.06402	0.03239	0.49708	0.03660	0.07627	0.04613	0.00342	0.00572	0.01579	0.00615	0.03829
7	0.53212	0.05227	0.04426	0.01273	0.01782	0.01665	0.08340	0.06578	0.01474	0.03025	0.03872	0.01469	0.01095	0.00693	0.00533	0.00215	0.00660	0.00496	0.00451	0.03516
8	0.01701	0.22749	0.43107	0.01882	0.05247	0.09582	0.02100	0.02283	0.01548	0.02047	0.01184	0.01393	0.00916	0.00663	0.00615	0.00201	0.00992	0.00484	0.00311	0.00994
9	0.02704	0.02090	0.02129	0.01652	0.02208	0.06965	0.01355	0.63714	0.03257	0.04301	0.01668	0.01681	0.01191	0.00847	0.00708	0.00212	0.00818	0.00629	0.00689	0.01185
10	0.01272	0.01134	0.01130	0.01051	0.01258	0.10610	0.00790	0.01665	0.05136	0.02707	0.57479	0.04637	0.05705	0.01333	0.00807	0.00219	0.00478	0.01151	0.00723	0.00714
11	0.00887	0.00634	0.00849	0.01014	0.01064	0.00595	0.00695	0.01025	0.01383	0.01840	0.03914	0.69868	0.04667	0.02212	0.00914	0.00292	0.00430	0.06474	0.00661	0.00584
12	0.01385	0.00899	0.01132	0.01098	0.01231	0.00926	0.00785	0.14641	0.01598	0.02136	0.02430	0.31609	0.02649	0.02045	0.01596	0.30935	0.00568	0.01197	0.00535	0.00603
13	0.05589	0.10445	0.02177	0.04408	0.02219	0.38509	0.01341	0.19168	0.05238	0.02542	0.01324	0.01456	0.01042	0.00758	0.00638	0.00194	0.01028	0.00515	0.00464	0.00942
14	0.01653	0.02100	0.17533	0.09075	0.46530	0.01683	0.06740	0.02179	0.01585	0.02269	0.01327	0.01728	0.01063	0.00647	0.00709	0.00218	0.00922	0.00625	0.00339	0.01074
15	0.00874	0.00622	0.00824	0.00984	0.01023	0.00582	0.00653	0.00993	0.01351	0.01802	0.03863	0.71960	0.04632	0.04887	0.01008	0.00304	0.00423	0.01988	0.00653	0.00573
16	0.01487	0.11225	0.57436	0.05533	0.03067	0.01783	0.05477	0.02221	0.01502	0.02172	0.01254	0.01503	0.00914	0.00667	0.00662	0.00219	0.01023	0.00530	0.00305	0.01020
17	0.07576	0.19138	0.02395	0.07993	0.02306	0.22599	0.01346	0.23596	0.02208	0.02717	0.01279	0.01435	0.01004	0.00737	0.00615	0.00193	0.00923	0.00510	0.00464	0.00963
18	0.01237	0.00618	0.00928	0.00928	0.00928	0.00618	0.00618	0.00928	0.00928	0.01237	0.01237	0.02165	0.01237	0.02474	0.02783	0.79283	0.00618	0.00618	0.00309	0.00309
19	0.01180	0.00795	0.01017	0.00947	0.01155	0.00741	0.00725	0.01566	0.04562	0.07407	0.56051	0.05232	0.10427	0.01442	0.00833	0.00230	0.00378	0.03818	0.00775	0.00721
20	0.04308	0.32615	0.20476	0.01464	0.02119	0.02090	0.01539	0.06811	0.03944	0.09387	0.01427	0.01549	0.01101	0.00724	0.00652	0.00195	0.04044	0.00510	0.04059	0.00986
21	0.01600	0.01928	0.08718	0.15915	0.03893	0.01750	0.50987	0.02194	0.01620	0.02194	0.01396	0.01886	0.01043	0.00626	0.00805	0.00239	0.01143	0.00779	0.00348	0.00936
22	0.01017	0.00763	0.01144	0.01144	0.01272	0.00890	0.00890	0.01272	0.01144	0.01653	0.01907	0.02797	0.01780	0.05340	0.72153	0.01144	0.01907	0.00763	0.00381	0.00636
23	0.01821	0.01969	0.06191	0.08165	0.52992	0.09844	0.04286	0.02246	0.01651	0.02222	0.01307	0.01708	0.01080	0.00652	0.00701	0.00211	0.00925	0.00615	0.00350	0.01063
24	0.01891	0.01640	0.02641	0.15707	0.45323	0.04394	0.05035	0.02304	0.01655	0.10309	0.01495	0.01852	0.01161	0.00679	0.00711	0.00217	0.00869	0.00646	0.00410	0.01060
25	0.01816	0.62150	0.16215	0.01368	0.02059	0.02602	0.01479	0.02155	0.01457	0.01782	0.01043	0.01209	0.00912	0.00622	0.00497	0.00166	0.00815	0.00408	0.00304	0.00939
26	0.01989	0.01169	0.01365	0.01175	0.01570	0.01160	0.00927	0.04278	0.23068	0.25994	0.06515	0.06523	0.18785	0.01206	0.00761	0.00235	0.00519	0.01007	0.00762	0.00991
27	0.01610	0.11238	0.58117	0.01892	0.02855	0.01774	0.02357	0.04942	0.01595	0.05353	0.01333	0.01514	0.00954	0.00686	0.00656	0.00217	0.00990	0.00524	0.00344	0.01051
28	0.01046	0.03007	0.01061	0.00991	0.01078	0.00855	0.00704	0.01191	0.01118	0.01549	0.02096	0.06348	0.02199	0.33409	0.39253	0.00895	0.01318	0.00912	0.00411	0.00559
29	0.01237	0.00618	0.00928	0.00928	0.00928	0.00618	0.00618	0.00928	0.00928	0.01237	0.01237	0.02165	0.01237	0.02474	0.02783	0.79283	0.00618	0.00618	0.00309	0.00309
30	0.80005	0.01377	0.01047	0.00936	0.01377	0.01597	0.00771	0.02093	0.01212	0.03195	0.00991	0.01157	0.00771	0.00661	0.00441	0.00220	0.00551	0.00386	0.00441	0.00771
31	0.00860	0.00717	0.00750	0.00751	0.00975	0.00607	0.00560	0.01054	0.01652	0.02015	0.13553	0.09716	0.60772	0.01787	0.00844	0.00241	0.00360	0.01504	0.00674	0.00607
32	0.80005	0.01377	0.01047	0.00936	0.01377	0.01597	0.00771	0.02093	0.01212	0.03195	0.00991	0.01157	0.00771	0.00661	0.00441	0.00220	0.00551	0.00386	0.00441	0.00771
33	0.02574	0.01929	0.02062	0.01612	0.02158	0.02146	0.01321	0.59042	0.12681	0.04274	0.01878	0.01844	0.01347	0.00871	0.00714	0.00218	0.00752	0.00664	0.00714	0.01199
34	0.40701	0.02038	0.01560	0.01435	0.04380	0.21811	0.01087	0.10057	0.04425	0.04811	0.01246	0.01376	0.00961	0.00722	0.00559	0.00210	0.00801	0.00471	0.00471	0.00878
35	0.01524	0.01341	0.01691	0.04818	0.01958	0.01172	0.03555	0.03397	0.04080	0.02320	0.01318	0.01571	0.01087	0.00621	0.00705	0.00141	0.06438	0.00484	0.00424	0.61355
36	0.00857	0.00722	0.00743	0.00738	0.00971	0.00608	0.00553	0.01052	0.01660	0.02011	0.13146	0.06708	0.64257	0.01771	0.00841	0.00239	0.00358	0.01483	0.00673	0.00608
37	0.01036	0.00690	0.00777	0.00777	0.00777	0.00690	0.00431	0.01036	0.01036	0.01381	0.02244	0.04660	0.02589	0.74975	0.03624	0.00690	0.00690	0.01036	0.00431	0.00431
38	0.01771	0.01530	0.01610	0.01449	0.01852	0.01771	0.01127	0.03784	0.69247	0.02979	0.02898	0.02657	0.02174	0.00966	0.00725	0.00242	0.00564	0.00805	0.00725	0.01127
39	0.00984	0.00722	0.00922	0.00882	0.01052	0.00660	0.00658	0.01294	0.01945	0.02711	0.60561	0.08570	0.13330	0.01527	0.00843	0.00229	0.00342	0.01343	0.00765	0.00660
40	0.01092	0.00850	0.00997	0.00996	0.01058	0.03648	0.00679	0.01198	0.01166	0.01557	0.02405	0.12918	0.04448	0.38112	0.21728	0.00712	0.04388	0.01060	0.00446	0.00543
41	0.01611	0.02121	0.14308	0.06218	0.03469	0.01810	0.46897	0.02189	0.01573	0.02189	0.01349	0.01813	0.01029	0.00692	0.00980	0.00246	0.09462	0.00756	0.00343	0.00945
42	0.04902	0.72562	0.03628	0.01208	0.01810	0.02771	0.01201	0.02131	0.01438	0.01734	0.00990	0.01143	0.00908	0.00611	0.00456	0.00155	0.00753	0.00381	0.00310	0.00908
43	0.02264	0.01761	0.01816	0.01497	0.01927	0.06576	0.01190	0.47674	0.02783	0.03663	0.02197	0.19067	0.02026	0.01175	0.00754	0.00230	0.00729	0.00959	0.00677	0.01034
44	0.01555	0.19473	0.23733	0.01671	0.06688	0.06713	0.01584	0.02094	0.06167	0.02122	0.08818	0.10018	0.02088	0.03376	0.00767	0.00228	0.00797	0.00774	0.00433	0.00902
45	0.80005	0.01377	0.01047	0.00936	0.01377	0.01597	0.00771	0.02093	0.01212	0.03195	0.00991	0.01157	0.00771	0.00661	0.00441	0.00220	0.00551	0.00386	0.00441	0.00771
46	0.09839	0.02686	0.02135	0.02391	0.19838	0.44349	0.01518	0.02637	0.04424	0.02081	0.01221	0.01449	0.01006	0.00710	0.00642	0.00197	0.01072	0.00511	0.00384	0.00910
47	0.00992	0.00727	0.00929	0.00879	0.01054	0.00665	0.00659	0.01313	0.01978	0.02765	0.64051	0.05468	0.12882	0.01489	0.00840	0.00226	0.00338	0.01309	0.00772	0.00665
48	0.01592	0.02489	0.31504	0.03250	0.39458	0.01635	0.02312	0.02181	0.01588	0.02318	0.04068	0.01796	0.01257	0.00685	0.00698	0.00218	0.00912	0.00615	0.00348	0.01078
49	0.03896	0.01348	0.02182	0.48303	0.18675	0.01564	0.01869	0.04332	0.01540	0.02095	0.04039	0.01984	0.01231	0.00782	0.00770	0.02643	0.00874	0.00652	0.00361	0.00860
50	0.01008	0.00728	0.00952	0.00896	0.01064	0.00672	0.00672	0.01344	0.02016	0.02855	0.70158	0.05319	0.06719	0.01456	0.00840	0.00224	0.00336	0.01288	0.00784	0.00672
51	0.01479	0.10103	0.11147	0.01203	0.01586	0.01262	0.01083	0.08848	0.03779	0.06673	0.15813	0.16025	0.08233	0.08375	0.01028	0.00273	0.00607	0.01079	0.00592	0.00813
52	0.01002	0.00728	0.00943	0.00889	0.01060	0.00669	0.00667	0.01332	0.02001	0.02821	0.67813	0.05376	0.09085	0.01469	0.00840	0.00225	0.00337	0.01296	0.00779	0.00669
53	0.04470	0.40139	0.02878	0.01486	0.01976	0.29464	0.01282	0.05163	0.01729	0.01864	0.01061	0.01234	0.00924	0.00689	0.00597	0.00174	0.03207	0.00429	0.00350	0.00884
54	0.01428	0.03683	0.71286	0.02030	0.03082	0.01654	0.02631	0.02255	0.01503	0.02255	0.01278	0.01503	0.00902	0.00677	0.00677	0.00226	0.01052	0.00526	0.00301	0.01052
55	0.01954	0.54251	0.11140	0.01460	0.02087	0.12872	0.03595	0.02256	0.01545	0.01771	0.01054	0.01230	0.00918	0.00635	0.00522	0.00168	0.00886	0.00424	0.00315	0.00918
56	0.01428	0.03683	0.71286	0.02030	0.03082	0.01654	0.02631	0.02255	0.01503	0.02255	0.01278	0.01503	0.00902	0.00677	0.00677	0.00226	0.01052	0.00526	0.00301	0.01052
57	0.00867	0.00722	0.00756	0.00748	0.00977	0.00612	0.00561	0.01071	0.01683	0.02065	0.16754	0.06620	0.60615	0.01751	0.00841	0.00238	0.00357	0.01470	0.00680	0.00612
58	0.00878	0.00627	0.00839	0.01004	0.01050	0.00588	0.00680	0.01010	0.01374	0.01830	0.03919	0.71973	0.04686	0.02221	0.00912	0.00291	0.00422	0.04456	0.00661	0.00581
59	0.01763	0.01615	0.02450	0.31464	0.32029	0.03723	0.01954	0.11999	0.01814	0.02433	0.01359	0.01795	0.01063	0.00701	0.00707	0.00221	0.00890	0.00630	0.00393	0.00997
60	0.01345	0.01266	0.02136	0.73264	0.04904	0.01582	0.01978	0.01819	0.01424	0.01819	0.01266	0.01898	0.00949	0.00712	0.00712	0.00237	0.00949	0.00633	0.00316	0.00791
61	0.02246	0.04237	0.02062	0.11594	0.05603	0.06702	0.01393	0.40281	0.05195	0.03451	0.01769	0.06170	0.01413	0.00895	0.00703	0.00217	0.00795	0.00710	0.03515	0.01051

[dist]
# distance from previous block
# <min> <max>
0	11

[block]
# block no. 5 follows, 29 sequences, length 42
# corresponding to MSA columns:
# 253-294
name=unknown_F
#
# <colnr> <probs for GDERKNQSTAVLIFYWHMCP>
#	G	D	E	R	K	N	Q	S	T	A	V	L	I	F	Y	W	H	M	C	P
0	0.12087	0.06364	0.38707	0.01792	0.06273	0.01609	0.01903	0.04684	0.04967	0.05340	0.05622	0.04576	0.01503	0.00804	0.00659	0.00223	0.00838	0.00635	0.00426	0.00987
1	0.00977	0.00752	0.00898	0.00937	0.01058	0.00728	0.00660	0.03221	0.01495	0.01940	0.08268	0.35777	0.24762	0.10403	0.01257	0.00315	0.03724	0.01598	0.00627	0.00603
2	0.19080	0.06774	0.49997	0.01814	0.04692	0.01702	0.02128	0.02210	0.01439	0.02438	0.01201	0.01415	0.00880	0.00668	0.00613	0.00220	0.00919	0.00491	0.00334	0.00985
3	0.10034	0.47636	0.15452	0.01359	0.01980	0.02361	0.01424	0.02097	0.01434	0.01988	0.03665	0.01391	0.01118	0.00695	0.00615	0.00184	0.04867	0.00456	0.00337	0.00907
4	0.01420	0.03930	0.01424	0.01218	0.01431	0.01242	0.00946	0.13511	0.01775	0.02422	0.11129	0.21839	0.06181	0.08686	0.01294	0.00295	0.10719	0.05182	0.00588	0.04766
5	0.01786	0.05309	0.30610	0.01964	0.09740	0.03946	0.01856	0.13354	0.07329	0.04372	0.01778	0.01902	0.04269	0.00767	0.00675	0.00209	0.00851	0.00611	0.00454	0.08219
6	0.09353	0.15408	0.26029	0.02043	0.10847	0.01876	0.07235	0.09596	0.01715	0.04945	0.01411	0.03949	0.01126	0.00730	0.00645	0.00212	0.00872	0.00595	0.00405	0.01010
7	0.04772	0.00803	0.01018	0.00937	0.01153	0.00747	0.00712	0.01577	0.01943	0.09958	0.55490	0.07991	0.07356	0.01403	0.00812	0.00227	0.00378	0.01226	0.00770	0.00727
8	0.02265	0.02607	0.05476	0.09268	0.15033	0.35244	0.05371	0.11966	0.02037	0.02305	0.01275	0.01538	0.01009	0.00721	0.00683	0.00203	0.01085	0.00558	0.00406	0.00951
9	0.02151	0.08414	0.04532	0.01399	0.01850	0.01662	0.01181	0.31582	0.02331	0.12620	0.02149	0.13238	0.01866	0.01609	0.09733	0.00339	0.00851	0.00854	0.00632	0.01006
10	0.01679	0.01607	0.02739	0.18146	0.57410	0.01670	0.02144	0.02112	0.01582	0.02225	0.01325	0.01790	0.01092	0.00650	0.00706	0.00217	0.00867	0.00634	0.00345	0.01061
11	0.00905	0.00741	0.00803	0.00805	0.01018	0.00652	0.00596	0.01171	0.04071	0.02107	0.17291	0.13550	0.50264	0.01760	0.00844	0.00243	0.00369	0.01497	0.00684	0.00629
12	0.01752	0.01227	0.01405	0.01244	0.01535	0.01287	0.00951	0.28437	0.02213	0.06022	0.05650	0.26996	0.05207	0.08943	0.01094	0.00293	0.00604	0.03611	0.00673	0.00856
13	0.01307	0.03364	0.01631	0.07167	0.01821	0.05504	0.04848	0.01636	0.04745	0.01774	0.01879	0.08847	0.01831	0.09430	0.30327	0.00657	0.11269	0.00846	0.00409	0.00708
14	0.03195	0.01212	0.01652	0.01267	0.01818	0.01047	0.01047	0.03470	0.02038	0.71026	0.02809	0.02424	0.01763	0.00881	0.00716	0.00220	0.00606	0.00716	0.00881	0.01212
15	0.01641	0.04405	0.16388	0.08727	0.47425	0.01674	0.02170	0.02138	0.01593	0.02274	0.03941	0.01837	0.01277	0.00679	0.00697	0.00215	0.00872	0.00630	0.00354	0.01064
16	0.05371	0.05108	0.04465	0.04190	0.13770	0.12112	0.01317	0.14954	0.05455	0.02689	0.13706	0.02569	0.02255	0.07853	0.00973	0.00256	0.00774	0.00745	0.00526	0.00913
17	0.00883	0.00637	0.00840	0.00997	0.01056	0.00594	0.00684	0.01022	0.01393	0.01842	0.04084	0.67061	0.08025	0.02193	0.00910	0.00289	0.00425	0.05820	0.00661	0.00584
18	0.03195	0.01212	0.01652	0.01267	0.01818	0.01047	0.01047	0.03470	0.02038	0.71026	0.02809	0.02424	0.01763	0.00881	0.00716	0.00220	0.00606	0.00716	0.00881	0.01212
19	0.01481	0.01731	0.12487	0.46734	0.12246	0.01641	0.04230	0.04164	0.04467	0.02096	0.01367	0.01851	0.01029	0.00709	0.00711	0.00232	0.00938	0.00632	0.00350	0.00904
20	0.01470	0.03255	0.56027	0.05424	0.03280	0.01677	0.14416	0.02240	0.01532	0.02240	0.01307	0.01597	0.00936	0.00664	0.00708	0.00229	0.01074	0.00588	0.00312	0.01024
21	0.01103	0.00800	0.01088	0.01230	0.01397	0.00785	0.01056	0.01409	0.01638	0.02120	0.06072	0.10362	0.10589	0.01946	0.00963	0.00315	0.00609	0.55209	0.00660	0.00648
22	0.01428	0.03683	0.71286	0.02030	0.03082	0.01654	0.02631	0.02255	0.01503	0.02255	0.01278	0.01503	0.00902	0.00677	0.00677	0.00226	0.01052	0.00526	0.00301	0.01052
23	0.05901	0.02324	0.05082	0.07814	0.02361	0.23380	0.01394	0.31014	0.04230	0.03075	0.01773	0.01875	0.04964	0.00845	0.00684	0.00210	0.00923	0.00620	0.00539	0.00993
24	0.80005	0.01377	0.01047	0.00936	0.01377	0.01597	0.00771	0.02093	0.01212	0.03195	0.00991	0.01157	0.00771	0.00661	0.00441	0.00220	0.00551	0.00386	0.00441	0.00771
25	0.07883	0.02379	0.20165	0.06675	0.26601	0.11037	0.01949	0.08184	0.01749	0.02448	0.01375	0.03874	0.01124	0.00735	0.00676	0.00216	0.00921	0.00608	0.00388	0.01012
26	0.02481	0.11686	0.02228	0.01708	0.02124	0.45596	0.01347	0.13327	0.05898	0.02247	0.01280	0.01424	0.01036	0.00773	0.00706	0.00193	0.04096	0.00505	0.00433	0.00914
27	0.00983	0.00709	0.00930	0.00913	0.01058	0.00655	0.00670	0.01281	0.01900	0.02671	0.58414	0.17587	0.06363	0.01593	0.00852	0.00236	0.00350	0.01418	0.00762	0.00655
28	0.00851	0.00684	0.00759	0.00820	0.00988	0.00593	0.00585	0.01011	0.01529	0.01885	0.06018	0.31451	0.46418	0.01959	0.00866	0.00258	0.00380	0.01692	0.00661	0.00593
29	0.01701	0.01350	0.01590	0.01222	0.01719	0.03664	0.00982	0.01977	0.01499	0.10067	0.01504	0.04753	0.01272	0.00753	0.00832	0.00159	0.11178	0.00556	0.00467	0.52755
30	0.01518	0.01519	0.05354	0.36562	0.30519	0.01563	0.01982	0.01954	0.01493	0.02049	0.01294	0.01812	0.01033	0.00725	0.00762	0.02703	0.00879	0.00617	0.00336	0.05328
31	0.02407	0.13284	0.05075	0.01716	0.02135	0.54442	0.01378	0.02679	0.03797	0.01786	0.01179	0.01378	0.00989	0.00920	0.03717	0.00224	0.01208	0.00474	0.00366	0.00848
32	0.02707	0.01995	0.02137	0.01638	0.02208	0.02208	0.01353	0.68159	0.03348	0.04488	0.01710	0.01710	0.01211	0.00855	0.00712	0.00214	0.00784	0.00641	0.00712	0.01211
33	0.02576	0.01897	0.02044	0.01592	0.02125	0.02092	0.01304	0.63384	0.03207	0.04298	0.01867	0.06885	0.01460	0.00953	0.00726	0.00219	0.00757	0.00739	0.00709	0.01166
34	0.00978	0.00708	0.00923	0.00909	0.01056	0.00653	0.00667	0.01272	0.01887	0.02644	0.56550	0.17874	0.07997	0.01605	0.00852	0.00236	0.00351	0.01427	0.00758	0.00653
35	0.02676	0.01182	0.01545	0.01230	0.01701	0.01083	0.00998	0.06048	0.06843	0.50862	0.14948	0.02931	0.02663	0.00990	0.00739	0.00222	0.00562	0.00822	0.00845	0.01108
36	0.01762	0.01692	0.02890	0.04371	0.70533	0.01692	0.02185	0.02185	0.01621	0.02326	0.01339	0.01762	0.01128	0.00634	0.00705	0.00211	0.00846	0.00634	0.00352	0.01128
37	0.01036	0.00690	0.00777	0.00777	0.00777	0.00690	0.00431	0.01036	0.01036	0.01381	0.02244	0.04660	0.02589	0.74975	0.03624	0.00690	0.00690	0.01036	0.00431	0.00431
38	0.01020	0.00748	0.00959	0.00912	0.01084	0.00700	0.00681	0.01394	0.04145	0.02774	0.62431	0.08743	0.08734	0.01491	0.00840	0.00228	0.00348	0.01317	0.00771	0.00679
39	0.04458	0.04365	0.01338	0.01089	0.01374	0.05084	0.00855	0.13560	0.02181	0.03002	0.45042	0.04178	0.08168	0.01257	0.00774	0.00217	0.00498	0.01061	0.00707	0.00789
40	0.02351	0.01892	0.04130	0.01834	0.02396	0.01978	0.12994	0.43205	0.06709	0.06781	0.04710	0.01981	0.01491	0.00852	0.00793	0.00224	0.03206	0.00714	0.00639	0.01121
41	0.53128	0.04852	0.01496	0.04397	0.01770	0.01808	0.00995	0.19021	0.01780	0.03396	0.01188	0.01331	0.00898	0.00711	0.00523	0.00216	0.00638	0.00462	0.00499	0.00891

[dist]
# distance from previous block
# <min> <max>
5	14

[block]
# block no. 6 follows, 29 sequences, length 35
# corresponding to MSA columns:
# 309-343
name=unknown_G
#
# <colnr> <probs for GDERKNQSTAVLIFYWHMCP>
#	G	D	E	R	K	N	Q	S	T	A	V	L	I	F	Y	W	H	M	C	P
0	0.01066	0.00736	0.00953	0.00924	0.01097	0.00675	0.00693	0.01361	0.01892	0.05208	0.52116	0.13933	0.11024	0.01575	0.00849	0.00237	0.00370	0.03857	0.00758	0.00675
1	0.05869	0.05999	0.02391	0.05368	0.16642	0.12062	0.04421	0.31148	0.03969	0.03184	0.01470	0.01643	0.01121	0.00754	0.00680	0.00209	0.00877	0.00600	0.00521	0.01071
2	0.16066	0.01406	0.01594	0.10954	0.02141	0.01534	0.01143	0.15401	0.14991	0.15543	0.04122	0.02503	0.07759	0.00928	0.00681	0.00227	0.00640	0.00733	0.00641	0.00991
3	0.01074	0.00746	0.00877	0.00850	0.01058	0.00657	0.00629	0.01300	0.01732	0.07140	0.27042	0.13419	0.34750	0.04357	0.00942	0.00255	0.00388	0.01416	0.00709	0.00659
4	0.01660	0.01565	0.02647	0.33732	0.03762	0.01693	0.20088	0.11773	0.01775	0.02389	0.01369	0.01824	0.01034	0.00701	0.00783	0.00224	0.03326	0.00671	0.00397	0.08586
5	0.35200	0.04554	0.01586	0.01313	0.01747	0.16674	0.01049	0.12008	0.11811	0.02975	0.03898	0.01636	0.01293	0.00776	0.00580	0.00212	0.00742	0.00532	0.00514	0.00900
6	0.01385	0.00823	0.01014	0.00908	0.01090	0.00757	0.00629	0.01555	0.01525	0.12438	0.23469	0.04297	0.03643	0.35425	0.02091	0.00431	0.00555	0.01022	0.00609	0.06335
7	0.01540	0.01387	0.01310	0.01161	0.01490	0.09530	0.00888	0.09242	0.16258	0.02539	0.13546	0.03989	0.21450	0.05774	0.00928	0.00247	0.00588	0.00998	0.00632	0.06504
8	0.01227	0.00839	0.01055	0.01032	0.01202	0.00797	0.00737	0.04379	0.01538	0.06778	0.10250	0.39341	0.05471	0.10552	0.01214	0.00304	0.02868	0.01460	0.00629	0.08327
9	0.05912	0.01789	0.02459	0.21220	0.10868	0.12066	0.14262	0.02102	0.01547	0.02083	0.01236	0.01669	0.00993	0.00710	0.00844	0.00216	0.07986	0.00605	0.00356	0.11077
10	0.01487	0.01244	0.01490	0.05552	0.01849	0.01037	0.00930	0.06506	0.01596	0.02388	0.01604	0.09935	0.01481	0.00759	0.00596	0.00143	0.00559	0.00635	0.00464	0.59746
11	0.19864	0.15553	0.15366	0.01620	0.02229	0.06930	0.11226	0.02367	0.05690	0.07310	0.01380	0.01570	0.01057	0.00765	0.00701	0.03656	0.00841	0.00544	0.00416	0.00916
12	0.01050	0.00737	0.00899	0.00949	0.01018	0.00725	0.00624	0.05184	0.01418	0.01905	0.08018	0.40480	0.03896	0.27599	0.01844	0.00420	0.00528	0.01538	0.00593	0.00573
13	0.02919	0.00880	0.01098	0.06250	0.01460	0.00899	0.00838	0.08420	0.01684	0.02271	0.12518	0.30866	0.13428	0.05150	0.05566	0.00334	0.00594	0.03518	0.00625	0.00682
14	0.01764	0.01389	0.01774	0.01693	0.13598	0.01209	0.01127	0.09105	0.01725	0.07487	0.01481	0.01759	0.01203	0.03868	0.00727	0.00169	0.00623	0.00530	0.00475	0.48296
15	0.01708	0.01652	0.02651	0.08708	0.57879	0.04317	0.02019	0.02119	0.01655	0.02311	0.06805	0.02036	0.01553	0.00709	0.00714	0.00213	0.00829	0.00680	0.00385	0.01057
16	0.00924	0.00662	0.00859	0.00955	0.01033	0.00620	0.00659	0.01093	0.01495	0.02018	0.18103	0.47734	0.07445	0.08712	0.01144	0.00312	0.00431	0.04546	0.00666	0.00589
17	0.02096	0.01586	0.01752	0.01372	0.01872	0.01621	0.01099	0.39956	0.02524	0.03471	0.01873	0.10226	0.01636	0.04158	0.00813	0.00215	0.00669	0.00761	0.00618	0.21682
18	0.20671	0.01392	0.01881	0.29608	0.12829	0.01577	0.01518	0.05962	0.05222	0.08761	0.03134	0.01860	0.01227	0.00744	0.00650	0.00226	0.00762	0.00606	0.00459	0.00912
19	0.03696	0.00769	0.00922	0.00879	0.01070	0.00707	0.00644	0.01382	0.01731	0.07328	0.35068	0.11447	0.19865	0.09980	0.01144	0.00287	0.00416	0.01303	0.00701	0.00662
20	0.80005	0.01377	0.01047	0.00936	0.01377	0.01597	0.00771	0.02093	0.01212	0.03195	0.00991	0.01157	0.00771	0.00661	0.00441	0.00220	0.00551	0.00386	0.00441	0.00771
21	0.05025	0.01209	0.01642	0.26149	0.08077	0.01357	0.01317	0.06929	0.10429	0.02289	0.05564	0.07635	0.09138	0.08987	0.01046	0.00285	0.00707	0.00900	0.00501	0.00815
22	0.01628	0.00965	0.01228	0.01141	0.01408	0.00944	0.00890	0.06577	0.06498	0.17198	0.17215	0.19455	0.06669	0.01761	0.05705	0.00313	0.00601	0.08251	0.00722	0.00830
23	0.01186	0.00829	0.01036	0.00967	0.01177	0.00788	0.00737	0.04398	0.04406	0.05749	0.50133	0.09160	0.11730	0.01479	0.00833	0.00232	0.00392	0.03284	0.00761	0.00723
24	0.00927	0.00649	0.00824	0.00924	0.00966	0.00618	0.00599	0.01036	0.01334	0.01795	0.09619	0.48972	0.04316	0.22061	0.01645	0.00393	0.00482	0.01685	0.00610	0.00547
25	0.03833	0.00702	0.00750	0.00746	0.00905	0.00727	0.00557	0.01581	0.01407	0.02455	0.02217	0.02750	0.01832	0.06059	0.10582	0.00335	0.00579	0.00691	0.60642	0.00649
26	0.64318	0.01361	0.01134	0.00995	0.01417	0.01550	0.00812	0.07937	0.01493	0.03273	0.08719	0.01667	0.01470	0.00766	0.00509	0.00220	0.00548	0.00508	0.00503	0.00800
27	0.00978	0.00683	0.00843	0.00884	0.00931	0.00678	0.00569	0.01072	0.01231	0.01659	0.07768	0.23658	0.05933	0.38989	0.10472	0.00582	0.00717	0.01310	0.00523	0.00519
28	0.00962	0.00701	0.00817	0.00820	0.00955	0.00643	0.00570	0.01150	0.01575	0.02111	0.25185	0.14107	0.23848	0.18299	0.01465	0.00340	0.00433	0.01358	0.04076	0.00585
29	0.10481	0.00861	0.01048	0.00988	0.01214	0.00824	0.00735	0.01711	0.01690	0.15203	0.27553	0.22971	0.04313	0.06011	0.00962	0.00269	0.00454	0.01261	0.00707	0.00744
30	0.00920	0.00680	0.00830	0.00908	0.01013	0.00627	0.00634	0.01078	0.01471	0.01919	0.11938	0.36052	0.20175	0.12443	0.01279	0.00330	0.00448	0.06033	0.00642	0.00579
31	0.01308	0.00725	0.00997	0.00968	0.01012	0.00738	0.00657	0.05806	0.01132	0.01512	0.01484	0.05665	0.01515	0.08842	0.02623	0.62904	0.00627	0.00722	0.00365	0.00398
32	0.04828	0.01187	0.01466	0.01226	0.01636	0.01156	0.00974	0.08288	0.11803	0.35063	0.13010	0.11102	0.02835	0.01127	0.00749	0.00231	0.00550	0.00949	0.00790	0.01030
33	0.05273	0.00741	0.00918	0.00931	0.01081	0.00699	0.00671	0.01308	0.01681	0.04971	0.33915	0.29708	0.09271	0.04388	0.00941	0.00265	0.00400	0.01484	0.00705	0.00651
34	0.01740	0.01669	0.02850	0.08069	0.67010	0.01686	0.02174	0.02166	0.01611	0.02299	0.01335	0.01770	0.01118	0.00639	0.00705	0.00213	0.00851	0.00634	0.00351	0.01110

[dist]
# distance from previous block
# <min> <max>
7	14

[block]
# block no. 7 follows, 29 sequences, length 16
# corresponding to MSA columns:
# 358-373
name=unknown_H
#
# <colnr> <probs for GDERKNQSTAVLIFYWHMCP>
#	G	D	E	R	K	N	Q	S	T	A	V	L	I	F	Y	W	H	M	C	P
0	0.01985	0.06851	0.01875	0.01474	0.01928	0.01940	0.01183	0.17705	0.50086	0.03216	0.02504	0.02343	0.01875	0.00917	0.00703	0.00229	0.00626	0.00739	0.00692	0.01130
1	0.01825	0.07080	0.38980	0.06678	0.07673	0.01797	0.03977	0.14914	0.01892	0.06466	0.01437	0.01629	0.01034	0.00715	0.00682	0.00219	0.00942	0.00574	0.00419	0.01069
2	0.01085	0.00847	0.01176	0.03710	0.08331	0.00845	0.00934	0.01419	0.06262	0.02059	0.09199	0.44293	0.04081	0.04448	0.00968	0.00289	0.00513	0.08225	0.00625	0.00691
3	0.01428	0.03683	0.71286	0.02030	0.03082	0.01654	0.02631	0.02255	0.01503	0.02255	0.01278	0.01503	0.00902	0.00677	0.00677	0.00226	0.01052	0.00526	0.00301	0.01052
4	0.01762	0.01692	0.02890	0.04371	0.70533	0.01692	0.02185	0.02185	0.01621	0.02326	0.01339	0.01762	0.01128	0.00634	0.00705	0.00211	0.00846	0.00634	0.00352	0.01128
5	0.01463	0.03478	0.64230	0.02271	0.10040	0.01658	0.02585	0.02248	0.01516	0.02262	0.01284	0.01530	0.00925	0.00672	0.00679	0.00224	0.01031	0.00537	0.00306	0.01060
6	0.01147	0.00820	0.01147	0.01311	0.01475	0.00820	0.01147	0.01475	0.01639	0.02131	0.03770	0.08032	0.04098	0.01967	0.00984	0.00328	0.00656	0.65741	0.00656	0.00656
7	0.01127	0.00832	0.01098	0.01229	0.01380	0.00844	0.00999	0.01565	0.08440	0.02123	0.03728	0.27495	0.04086	0.01945	0.00935	0.00307	0.00573	0.39950	0.00664	0.00680
8	0.01324	0.01220	0.02034	0.65841	0.04551	0.01503	0.01892	0.01784	0.01446	0.01851	0.01524	0.02531	0.01274	0.00841	0.00740	0.00247	0.00919	0.07349	0.00351	0.00777
9	0.09354	0.01277	0.02025	0.65900	0.04545	0.01584	0.01855	0.01847	0.01402	0.01959	0.01238	0.01823	0.00931	0.00707	0.00684	0.00236	0.00909	0.00608	0.00329	0.00789
10	0.01762	0.01692	0.02890	0.04371	0.70533	0.01692	0.02185	0.02185	0.01621	0.02326	0.01339	0.01762	0.01128	0.00634	0.00705	0.00211	0.00846	0.00634	0.00352	0.01128
11	0.00992	0.00758	0.00935	0.01009	0.01198	0.00701	0.00823	0.01249	0.01655	0.02103	0.12031	0.11169	0.31367	0.01863	0.00906	0.00279	0.00488	0.29171	0.00671	0.00631
12	0.01709	0.01901	0.09716	0.06245	0.56443	0.04034	0.02133	0.02158	0.01616	0.02267	0.01548	0.01920	0.03748	0.00690	0.00705	0.00214	0.00867	0.00651	0.00358	0.01078
13	0.03035	0.01468	0.01811	0.01389	0.01946	0.01427	0.01147	0.24673	0.02467	0.49218	0.02449	0.02190	0.01582	0.00873	0.00715	0.00218	0.00664	0.00691	0.00826	0.01212
14	0.14899	0.01208	0.01804	0.52175	0.03822	0.01470	0.01608	0.01760	0.01328	0.01987	0.01215	0.01802	0.00953	0.00913	0.00912	0.09647	0.00841	0.00588	0.00337	0.00730
15	0.01699	0.01557	0.02703	0.07756	0.48355	0.01558	0.08620	0.02125	0.01633	0.04697	0.01720	0.02642	0.01529	0.00821	0.00756	0.00232	0.00854	0.09301	0.00410	0.01032

[dist]
# distance from previous block
# <min> <max>
15	22

[block]
# block no. 8 follows, 29 sequences, length 15
# corresponding to MSA columns:
# 399-413
name=unknown_I
#
# <colnr> <probs for GDERKNQSTAVLIFYWHMCP>
#	G	D	E	R	K	N	Q	S	T	A	V	L	I	F	Y	W	H	M	C	P
0	0.01477	0.01254	0.01559	0.01533	0.09990	0.01157	0.01037	0.03864	0.14633	0.02446	0.05168	0.14313	0.02160	0.00965	0.00671	0.00184	0.00552	0.00839	0.00537	0.35660
1	0.01683	0.13663	0.12196	0.01298	0.01947	0.01493	0.01225	0.07736	0.04978	0.04306	0.01486	0.04332	0.01238	0.00687	0.00583	0.00157	0.00664	0.00538	0.00447	0.39343
2	0.06387	0.01524	0.01336	0.01349	0.03237	0.18323	0.01001	0.04376	0.05057	0.02223	0.11001	0.17730	0.06063	0.04743	0.00918	0.00267	0.00710	0.12443	0.00577	0.00735
3	0.04680	0.00866	0.01061	0.01028	0.01262	0.00818	0.00817	0.03941	0.01806	0.02543	0.31311	0.10331	0.11607	0.01530	0.00829	0.00244	0.00464	0.16674	0.00682	0.07505
4	0.05530	0.08117	0.01867	0.01357	0.01820	0.01778	0.01103	0.34988	0.08330	0.03331	0.02181	0.09981	0.04653	0.04031	0.00809	0.00231	0.00667	0.00806	0.00621	0.07798
5	0.01111	0.00847	0.00960	0.00963	0.01108	0.00858	0.00674	0.01570	0.13625	0.01987	0.08357	0.16244	0.15620	0.26955	0.01800	0.00408	0.00536	0.05134	0.00602	0.00642
6	0.01526	0.03059	0.48854	0.02595	0.15198	0.01683	0.12526	0.02247	0.01551	0.02272	0.01314	0.01613	0.00970	0.00657	0.00707	0.00225	0.01038	0.00593	0.00319	0.01052
7	0.01582	0.01495	0.02532	0.28884	0.43557	0.01609	0.02059	0.02019	0.01552	0.02135	0.01435	0.02127	0.01213	0.00729	0.00721	0.00227	0.00873	0.03912	0.00355	0.00984
8	0.01477	0.01266	0.01477	0.01055	0.01687	0.00949	0.00844	0.01793	0.01477	0.02320	0.01266	0.01477	0.01055	0.00527	0.00527	0.00105	0.00527	0.00422	0.00422	0.79328
9	0.01568	0.01407	0.02278	0.18050	0.36201	0.01521	0.01779	0.04828	0.01535	0.02131	0.01534	0.07756	0.01401	0.01108	0.02993	0.06660	0.05205	0.00749	0.00381	0.00915
10	0.00902	0.00656	0.00823	0.00934	0.01011	0.00609	0.00636	0.01036	0.01400	0.01836	0.06917	0.50262	0.14323	0.10996	0.01230	0.00330	0.00446	0.04444	0.00638	0.00571
11	0.01977	0.68448	0.03566	0.01278	0.01864	0.09511	0.01234	0.02201	0.01502	0.01682	0.01001	0.01156	0.00914	0.00621	0.00475	0.00155	0.00812	0.00388	0.00311	0.00905
12	0.01648	0.01729	0.06981	0.19185	0.49821	0.01669	0.04398	0.02113	0.01573	0.02210	0.01323	0.01781	0.01073	0.00653	0.00709	0.00219	0.00893	0.00634	0.00342	0.01044
13	0.01578	0.02454	0.26993	0.02502	0.07843	0.03651	0.29027	0.02226	0.03734	0.02224	0.01517	0.05646	0.01238	0.00771	0.00858	0.00238	0.05407	0.00755	0.00364	0.00974
14	0.10392	0.02656	0.39565	0.02065	0.06081	0.01565	0.13803	0.02126	0.01542	0.02404	0.07383	0.01929	0.01471	0.00874	0.02931	0.00255	0.00975	0.00646	0.00375	0.00961

[dist]
# distance from previous block
# <min> <max>
13	29

[block]
# block no. 9 follows, 29 sequences, length 32
# corresponding to MSA columns:
# 445-476
name=unknown_J
#
# <colnr> <probs for GDERKNQSTAVLIFYWHMCP>
#	G	D	E	R	K	N	Q	S	T	A	V	L	I	F	Y	W	H	M	C	P
0	0.02518	0.07871	0.04359	0.01575	0.02116	0.09618	0.01329	0.46505	0.02849	0.07111	0.05817	0.01869	0.01511	0.00855	0.00691	0.00207	0.00808	0.00641	0.00643	0.01108
1	0.01723	0.01173	0.04790	0.01431	0.06145	0.01042	0.01116	0.07077	0.03897	0.17536	0.18448	0.10477	0.05270	0.01365	0.00820	0.00251	0.00582	0.15273	0.00704	0.00880
2	0.12219	0.46267	0.21493	0.01398	0.02104	0.02342	0.01537	0.02160	0.01431	0.02034	0.01067	0.01241	0.00892	0.00634	0.00514	0.00181	0.00811	0.00420	0.00322	0.00932
3	0.01029	0.00698	0.00826	0.00859	0.00885	0.00692	0.00538	0.01086	0.01161	0.01547	0.04513	0.12235	0.03084	0.57679	0.02986	0.00597	0.00648	0.07970	0.00489	0.00477
4	0.01747	0.45149	0.11874	0.01348	0.01914	0.04483	0.01346	0.06051	0.01559	0.01959	0.03426	0.01622	0.01252	0.01408	0.11791	0.00325	0.00984	0.00507	0.00358	0.00896
5	0.11435	0.28379	0.08032	0.01552	0.05794	0.12631	0.01317	0.02187	0.04642	0.02008	0.01260	0.01593	0.01102	0.03694	0.06989	0.00294	0.05350	0.00510	0.00364	0.00867
6	0.01700	0.02065	0.15721	0.03931	0.57880	0.01685	0.02269	0.02198	0.01599	0.02313	0.01328	0.01714	0.01086	0.00642	0.00700	0.00214	0.00885	0.00614	0.00343	0.01114
7	0.00884	0.00723	0.00780	0.00766	0.00988	0.00619	0.00574	0.01104	0.01723	0.02160	0.23180	0.06464	0.54131	0.01715	0.00841	0.00236	0.00354	0.01448	0.00692	0.00619
8	0.01609	0.01772	0.06636	0.04830	0.06463	0.01693	0.41178	0.02086	0.01555	0.04180	0.01635	0.09026	0.01428	0.00872	0.01041	0.00252	0.11548	0.00890	0.00394	0.00911
9	0.01464	0.03472	0.64044	0.02277	0.10224	0.01658	0.02584	0.02248	0.01516	0.02263	0.01284	0.01531	0.00926	0.00672	0.00680	0.00224	0.01030	0.00538	0.00306	0.01060
10	0.00842	0.00721	0.00721	0.00721	0.00962	0.00601	0.00541	0.01022	0.01623	0.01924	0.07213	0.06853	0.70244	0.01803	0.00842	0.00240	0.00361	0.01503	0.00661	0.00601
11	0.06029	0.01457	0.02443	0.40919	0.28357	0.01633	0.05083	0.01989	0.01495	0.02103	0.01285	0.01808	0.01010	0.00676	0.00700	0.00227	0.00901	0.00629	0.00339	0.00920
12	0.01991	0.06524	0.18289	0.02018	0.12931	0.05976	0.04403	0.03944	0.03456	0.18631	0.06101	0.05865	0.01878	0.00910	0.00719	0.00223	0.00806	0.03781	0.00537	0.01016
13	0.01171	0.00853	0.01160	0.01304	0.01476	0.00865	0.01122	0.01591	0.05724	0.02167	0.03725	0.11015	0.04012	0.01920	0.00964	0.00321	0.00638	0.58633	0.00660	0.00680
14	0.03195	0.01212	0.01652	0.01267	0.01818	0.01047	0.01047	0.03470	0.02038	0.71026	0.02809	0.02424	0.01763	0.00881	0.00716	0.00220	0.00606	0.00716	0.00881	0.01212
15	0.01512	0.01447	0.02213	0.59184	0.11905	0.05050	0.01945	0.04689	0.01555	0.01983	0.01284	0.01846	0.00978	0.00710	0.00708	0.00231	0.00947	0.00625	0.00339	0.00847
16	0.01550	0.06522	0.16253	0.21224	0.05532	0.03969	0.09530	0.01991	0.01398	0.01935	0.01172	0.01654	0.00954	0.00840	0.01176	0.00249	0.22241	0.00612	0.00319	0.00879
17	0.02991	0.01167	0.01587	0.01232	0.01747	0.01012	0.01012	0.03272	0.02036	0.64667	0.09092	0.02694	0.02225	0.00935	0.00728	0.00221	0.00581	0.00769	0.00872	0.01161
18	0.01316	0.01226	0.02056	0.68883	0.04670	0.01521	0.01898	0.01769	0.01420	0.01819	0.01427	0.06300	0.01177	0.00804	0.00724	0.00240	0.00917	0.00717	0.00337	0.00778
19	0.05355	0.03266	0.57846	0.02147	0.07947	0.01633	0.04433	0.02294	0.01526	0.05198	0.01338	0.01557	0.00954	0.00679	0.00674	0.00224	0.00998	0.00545	0.00338	0.01048
20	0.01103	0.01001	0.01407	0.01215	0.01533	0.00934	0.11250	0.01565	0.09104	0.02144	0.08128	0.08440	0.42408	0.01535	0.00840	0.00247	0.00534	0.05265	0.00626	0.00721
21	0.01443	0.03582	0.67433	0.02085	0.03119	0.01662	0.06382	0.02257	0.01514	0.02257	0.01287	0.01527	0.00912	0.00672	0.00686	0.00226	0.01061	0.00544	0.00304	0.01047
22	0.28862	0.01459	0.01860	0.05337	0.17887	0.01527	0.03595	0.08191	0.01700	0.18110	0.01611	0.01803	0.01192	0.03108	0.00717	0.00234	0.00698	0.00588	0.00534	0.00988
23	0.34055	0.01560	0.04604	0.21255	0.06801	0.04514	0.02985	0.04104	0.03763	0.02599	0.01311	0.01757	0.01050	0.00732	0.00600	0.00223	0.00756	0.02785	0.00415	0.04130
24	0.06153	0.16579	0.35229	0.01627	0.02356	0.12819	0.01811	0.02167	0.01571	0.02080	0.01893	0.02025	0.09237	0.00808	0.00636	0.00207	0.00922	0.00598	0.00363	0.00920
