[name]
unknown

[dist]
# distance from previous block
# <min> <max>
16	114

[block]
# block no. 0 follows, 30 sequences, length 6
# corresponding to MSA columns:
# 122-127
name=unknown_A
#
# <colnr> <probs for GDERKNQSTAVLIFYWHMCP>
#	G	D	E	R	K	N	Q	S	T	A	V	L	I	F	Y	W	H	M	C	P
0	0.01618	0.01235	0.01465	0.01055	0.01667	0.00940	0.00847	0.01924	0.01503	0.09333	0.01394	0.01542	0.01104	0.00552	0.00536	0.00115	0.00525	0.00443	0.00459	0.71743
1	0.01663	0.01296	0.01512	0.01095	0.01705	0.01039	0.00882	0.07406	0.01636	0.07237	0.01381	0.01530	0.01094	0.00567	0.00545	0.00120	0.00543	0.00451	0.00468	0.67831
2	0.01933	0.10643	0.14620	0.01499	0.01949	0.27500	0.01353	0.02208	0.01647	0.07644	0.01867	0.09080	0.04159	0.03459	0.00872	0.04457	0.00912	0.02954	0.00431	0.00814
3	0.01535	0.01180	0.01405	0.01046	0.01607	0.00906	0.00828	0.01825	0.01483	0.08045	0.01599	0.08069	0.01410	0.00694	0.00566	0.00129	0.00513	0.00577	0.00472	0.66111
4	0.01638	0.01193	0.01422	0.01080	0.01624	0.00960	0.00855	0.02028	0.05693	0.11594	0.01772	0.08144	0.01510	0.00737	0.00587	0.00143	0.00519	0.00614	0.00513	0.57374
5	0.01594	0.01654	0.01652	0.07945	0.02006	0.21083	0.06668	0.01845	0.01579	0.01881	0.04187	0.10726	0.02189	0.11091	0.01114	0.00280	0.00839	0.10579	0.00455	0.10633

[dist]
# distance from previous block
# <min> <max>
0	3

[block]
# block no. 1 follows, 30 sequences, length 7
# corresponding to MSA columns:
# 131-137
name=unknown_B
#
# <colnr> <probs for GDERKNQSTAVLIFYWHMCP>
#	G	D	E	R	K	N	Q	S	T	A	V	L	I	F	Y	W	H	M	C	P
0	0.02203	0.01630	0.01802	0.04702	0.02000	0.01836	0.01203	0.43774	0.09391	0.03660	0.01826	0.01924	0.01354	0.00862	0.00762	0.00211	0.05228	0.00647	0.13941	0.01043
1	0.19136	0.01729	0.01760	0.05290	0.02048	0.04266	0.01183	0.39548	0.07055	0.06272	0.01620	0.01675	0.01175	0.00793	0.00633	0.00212	0.00708	0.00583	0.03277	0.01036
2	0.06103	0.01419	0.01589	0.01332	0.01767	0.04211	0.01077	0.16396	0.15088	0.26986	0.05826	0.05645	0.02149	0.01024	0.00721	0.00228	0.00629	0.06040	0.00729	0.01042
3	0.01000	0.00670	0.00766	0.00781	0.00784	0.00666	0.00444	0.01011	0.01045	0.01393	0.02352	0.11103	0.02730	0.68676	0.03305	0.00640	0.00651	0.01105	0.00444	0.00436
4	0.01212	0.00606	0.00909	0.00909	0.00909	0.00606	0.00606	0.00909	0.00909	0.01212	0.01212	0.02121	0.01212	0.02424	0.02727	0.79697	0.00606	0.00606	0.00303	0.00303
5	0.02030	0.06024	0.25395	0.04423	0.02490	0.32589	0.01747	0.05407	0.09385	0.02124	0.01360	0.01514	0.01044	0.00725	0.00648	0.00202	0.01050	0.00520	0.00387	0.00934
6	0.14179	0.01732	0.01617	0.01385	0.01806	0.11760	0.01095	0.08923	0.28167	0.07794	0.01928	0.01912	0.01454	0.00825	0.00720	0.00212	0.04632	0.00610	0.00576	0.08673

[dist]
# distance from previous block
# <min> <max>
0	1

[block]
# block no. 2 follows, 30 sequences, length 15
# corresponding to MSA columns:
# 139-153
name=unknown_C
#
# <colnr> <probs for GDERKNQSTAVLIFYWHMCP>
#	G	D	E	R	K	N	Q	S	T	A	V	L	I	F	Y	W	H	M	C	P
0	0.01852	0.01562	0.02045	0.15564	0.21989	0.06512	0.01539	0.08529	0.13661	0.08692	0.01905	0.07535	0.01568	0.00858	0.00703	0.00219	0.00761	0.00745	0.00508	0.03252
1	0.02607	0.03326	0.01978	0.01798	0.02157	0.72674	0.01348	0.02787	0.01978	0.01708	0.01079	0.01258	0.00899	0.00719	0.00629	0.00180	0.01258	0.00449	0.00360	0.00809
2	0.01002	0.00756	0.00931	0.00879	0.01069	0.00706	0.00662	0.01397	0.05666	0.02653	0.56397	0.05319	0.17034	0.01457	0.00817	0.00223	0.00346	0.01271	0.00745	0.00672
3	0.01581	0.01527	0.04252	0.15053	0.02497	0.06446	0.10916	0.08068	0.10713	0.02449	0.11199	0.02595	0.04987	0.00922	0.00835	0.00225	0.06320	0.00782	0.07779	0.00854
4	0.01962	0.53609	0.07281	0.04826	0.02081	0.10779	0.01340	0.07524	0.01635	0.01911	0.01069	0.01237	0.00920	0.00639	0.00514	0.00166	0.00834	0.00423	0.00338	0.00911
5	0.01519	0.01517	0.02672	0.34915	0.03713	0.01766	0.20571	0.05100	0.01486	0.02013	0.01240	0.01786	0.00976	0.00786	0.01076	0.00248	0.16760	0.00676	0.00340	0.00839
6	0.00884	0.00629	0.00830	0.00965	0.01017	0.00592	0.00655	0.01021	0.01369	0.01834	0.08267	0.62036	0.04572	0.07372	0.01080	0.00309	0.00430	0.04931	0.00640	0.00566
7	0.01642	0.01531	0.02481	0.25560	0.42546	0.01653	0.01969	0.05152	0.06389	0.02266	0.01414	0.01828	0.01126	0.00678	0.00695	0.00217	0.00838	0.00633	0.00376	0.01006
8	0.01783	0.14436	0.33921	0.01990	0.02748	0.17592	0.13656	0.02324	0.01607	0.02015	0.01198	0.01442	0.00920	0.00652	0.00650	0.00203	0.01063	0.00533	0.00320	0.00945
9	0.00850	0.00607	0.00810	0.00972	0.01012	0.00567	0.00648	0.00972	0.01336	0.01781	0.03846	0.75020	0.04615	0.02186	0.00891	0.00283	0.00405	0.01984	0.00648	0.00567
10	0.01661	0.01749	0.03340	0.08799	0.03225	0.01860	0.42511	0.06730	0.01606	0.02218	0.01300	0.01784	0.01023	0.00762	0.01143	0.00249	0.18031	0.00743	0.00362	0.00903
11	0.01837	0.50347	0.13003	0.01398	0.02000	0.09695	0.01409	0.02140	0.01465	0.01761	0.01031	0.01223	0.00902	0.00651	0.00606	0.00169	0.05025	0.00417	0.00310	0.04612
12	0.01736	0.01499	0.01578	0.01420	0.01815	0.01736	0.01105	0.03708	0.69862	0.02919	0.02840	0.02604	0.02130	0.00947	0.00710	0.00237	0.00552	0.00789	0.00710	0.01105
13	0.00885	0.00644	0.00827	0.00941	0.01021	0.00597	0.00653	0.01041	0.01435	0.01903	0.11477	0.53186	0.11871	0.05210	0.00995	0.00290	0.00416	0.05378	0.00651	0.00577
14	0.04465	0.06732	0.01926	0.08702	0.04309	0.31454	0.01292	0.05471	0.04939	0.04406	0.01753	0.02043	0.06387	0.04442	0.00959	0.00232	0.08623	0.00620	0.00422	0.00824

[dist]
# distance from previous block
# <min> <max>
5	17

[block]
# block no. 3 follows, 30 sequences, length 13
# corresponding to MSA columns:
# 175-187
name=unknown_D
#
# <colnr> <probs for GDERKNQSTAVLIFYWHMCP>
#	G	D	E	R	K	N	Q	S	T	A	V	L	I	F	Y	W	H	M	C	P
0	0.01586	0.02150	0.18627	0.08199	0.21341	0.01700	0.29520	0.02155	0.01557	0.02192	0.01323	0.01738	0.01019	0.00641	0.00788	0.00227	0.03238	0.00681	0.00333	0.00987
1	0.01663	0.01724	0.06699	0.11795	0.59937	0.01644	0.02144	0.02106	0.01561	0.02221	0.01301	0.01727	0.01073	0.00632	0.00690	0.00211	0.00852	0.00616	0.00339	0.01065
2	0.01400	0.03610	0.71860	0.01989	0.03020	0.01621	0.02578	0.02210	0.01473	0.02210	0.01252	0.01473	0.00884	0.00663	0.00663	0.00221	0.01031	0.00516	0.00295	0.01031
3	0.00867	0.00619	0.00829	0.00991	0.01039	0.00581	0.00677	0.01001	0.01353	0.01800	0.03837	0.70866	0.04578	0.02170	0.00895	0.00286	0.00420	0.05971	0.00647	0.00571
4	0.01458	0.07934	0.59511	0.02053	0.03018	0.01709	0.10360	0.02205	0.01491	0.02177	0.01254	0.01500	0.00906	0.00650	0.00669	0.00218	0.01031	0.00543	0.00302	0.01012
5	0.01455	0.00846	0.01147	0.01179	0.01407	0.00798	0.00987	0.01736	0.01675	0.15527	0.07615	0.13277	0.08785	0.01707	0.00887	0.00285	0.00570	0.38688	0.00693	0.00737
6	0.00872	0.00623	0.00833	0.00985	0.01038	0.00584	0.00675	0.01013	0.01379	0.01843	0.06767	0.68185	0.04668	0.02138	0.00892	0.00283	0.00415	0.05578	0.00653	0.00575
7	0.07103	0.01133	0.01412	0.10551	0.07554	0.03012	0.01179	0.04291	0.07989	0.03969	0.03388	0.04874	0.15429	0.01353	0.00794	0.00259	0.00643	0.23721	0.00569	0.00776
8	0.01576	0.01113	0.01481	0.10167	0.05847	0.01183	0.01189	0.02326	0.19368	0.11595	0.07608	0.10173	0.02914	0.01296	0.00799	0.00258	0.00616	0.18976	0.00642	0.00872
9	0.00884	0.00688	0.00809	0.00864	0.01025	0.00613	0.00640	0.01079	0.01570	0.02000	0.14592	0.26791	0.35985	0.01859	0.00857	0.00256	0.00393	0.07834	0.00664	0.00597
10	0.01704	0.01634	0.02790	0.08232	0.67355	0.01652	0.02130	0.02121	0.01578	0.02252	0.01309	0.01735	0.01095	0.00626	0.00691	0.00209	0.00835	0.00622	0.00343	0.01087
11	0.01775	0.43394	0.21374	0.04076	0.02247	0.10149	0.01593	0.02159	0.01484	0.01804	0.01098	0.01311	0.00923	0.00792	0.03031	0.00208	0.00924	0.00441	0.00307	0.00908
12	0.22186	0.01623	0.04361	0.01813	0.14368	0.04824	0.01270	0.14254	0.01909	0.21994	0.01703	0.01741	0.01205	0.00745	0.00620	0.00210	0.00693	0.00572	0.02885	0.01024

[dist]
# distance from previous block
# <min> <max>
8	22

[block]
# block no. 4 follows, 30 sequences, length 48
# corresponding to MSA columns:
# 210-257
name=unknown_E
#
# <colnr> <probs for GDERKNQSTAVLIFYWHMCP>
#	G	D	E	R	K	N	Q	S	T	A	V	L	I	F	Y	W	H	M	C	P
0	0.03118	0.00689	0.00786	0.00800	0.00845	0.00700	0.00496	0.01129	0.01116	0.01617	0.02325	0.11494	0.02558	0.51520	0.07897	0.00593	0.00689	0.01036	0.10102	0.00489
1	0.01515	0.04280	0.01634	0.06585	0.04684	0.01272	0.04866	0.18805	0.01966	0.02675	0.11563	0.27597	0.03082	0.01339	0.00767	0.00235	0.00598	0.01183	0.04540	0.00816
2	0.01680	0.07713	0.10009	0.15697	0.43302	0.05539	0.02035	0.02117	0.01551	0.02106	0.01254	0.01650	0.01024	0.00643	0.00667	0.00207	0.00884	0.00581	0.00331	0.01008
3	0.01112	0.00795	0.01020	0.00990	0.01093	0.00877	0.00717	0.04135	0.01232	0.01754	0.02235	0.05306	0.04911	0.27576	0.32656	0.00759	0.04164	0.00880	0.07202	0.00586
4	0.00898	0.00655	0.00841	0.00954	0.01042	0.00609	0.00676	0.01063	0.01445	0.01907	0.10666	0.49112	0.12946	0.05384	0.01006	0.00293	0.00429	0.08845	0.00649	0.00580
5	0.01475	0.05386	0.52580	0.05375	0.13910	0.01666	0.05609	0.02179	0.01495	0.02187	0.01260	0.01538	0.00930	0.00652	0.00670	0.00218	0.00993	0.00547	0.00306	0.01024
6	0.01929	0.43786	0.12349	0.01469	0.02044	0.06338	0.03342	0.04097	0.01527	0.07559	0.01187	0.01359	0.00977	0.00708	0.00722	0.00187	0.08662	0.00469	0.00361	0.00928
7	0.04101	0.01812	0.04817	0.34111	0.06142	0.15732	0.01633	0.09206	0.03899	0.02213	0.03441	0.02230	0.01372	0.00828	0.00698	0.00224	0.00917	0.05361	0.00415	0.00847
8	0.18690	0.01563	0.05359	0.23819	0.23196	0.03603	0.01670	0.03899	0.03294	0.02361	0.01393	0.01984	0.01156	0.00744	0.00650	0.00224	0.00799	0.04313	0.00388	0.00895
9	0.00921	0.00725	0.00832	0.00851	0.01049	0.00647	0.00662	0.01148	0.01646	0.02082	0.18884	0.06544	0.42729	0.04805	0.00964	0.00267	0.00416	0.13560	0.00661	0.00606
10	0.05381	0.35498	0.05704	0.01422	0.01978	0.11370	0.01287	0.20967	0.05905	0.02581	0.01300	0.01393	0.01042	0.00705	0.00565	0.00181	0.00810	0.00484	0.00447	0.00978
11	0.00907	0.00649	0.00845	0.00964	0.01033	0.00612	0.00672	0.01058	0.01399	0.01863	0.09550	0.51795	0.07386	0.09452	0.01158	0.00319	0.00449	0.08687	0.00635	0.00569
12	0.11851	0.15083	0.45950	0.01733	0.04165	0.01771	0.02019	0.02232	0.01458	0.05968	0.01251	0.01425	0.00920	0.00660	0.00600	0.00208	0.00892	0.00487	0.00345	0.00983
13	0.02067	0.01768	0.06499	0.01653	0.02151	0.03671	0.09988	0.27667	0.15267	0.08247	0.02120	0.08709	0.01733	0.04139	0.00853	0.00245	0.00760	0.00818	0.00616	0.01029
14	0.01621	0.01836	0.03966	0.02853	0.03519	0.01742	0.64678	0.02183	0.01621	0.02206	0.01465	0.03915	0.01154	0.00652	0.00869	0.00239	0.03347	0.00850	0.00360	0.00925
15	0.01359	0.03203	0.60733	0.01901	0.02822	0.01516	0.05376	0.02099	0.01525	0.02247	0.06965	0.01966	0.03710	0.00757	0.00688	0.00222	0.00959	0.00621	0.00347	0.00983
16	0.01926	0.01393	0.01661	0.01581	0.07622	0.01461	0.01151	0.28538	0.07818	0.07980	0.02568	0.16143	0.04397	0.02687	0.00813	0.00242	0.00641	0.06959	0.00649	0.03770
17	0.00956	0.00743	0.01030	0.14508	0.01692	0.00762	0.00857	0.01146	0.01363	0.01791	0.03617	0.47025	0.11834	0.06068	0.00990	0.00288	0.00510	0.01576	0.02642	0.00602
18	0.02604	0.01832	0.01995	0.01549	0.02084	0.02003	0.01272	0.58474	0.06007	0.10032	0.01879	0.03810	0.01369	0.00882	0.00704	0.00213	0.00734	0.00679	0.00711	0.01166
19	0.00950	0.00683	0.00903	0.00931	0.01055	0.00636	0.00681	0.01210	0.01744	0.02423	0.44961	0.28410	0.05793	0.01705	0.00853	0.00246	0.00371	0.05096	0.00721	0.00627
20	0.04098	0.10063	0.60357	0.01874	0.02817	0.04771	0.02340	0.02219	0.01481	0.02167	0.01210	0.01421	0.00881	0.00659	0.00634	0.00213	0.00999	0.00495	0.00302	0.01000
21	0.07116	0.01159	0.01533	0.01196	0.01700	0.01026	0.00982	0.03164	0.01952	0.62510	0.08009	0.02532	0.02057	0.00896	0.00697	0.00216	0.00570	0.00728	0.00833	0.01123
22	0.03038	0.01167	0.01590	0.01226	0.01749	0.01010	0.01010	0.03310	0.01996	0.68619	0.05705	0.02498	0.01938	0.00888	0.00707	0.00216	0.00582	0.00726	0.00860	0.01165
23	0.02635	0.03163	0.01964	0.01762	0.02139	0.66197	0.01331	0.05530	0.02032	0.05310	0.01187	0.01331	0.00952	0.00731	0.00636	0.00183	0.01205	0.00469	0.00399	0.00843
24	0.14582	0.01559	0.01726	0.01361	0.01873	0.01650	0.01119	0.32839	0.05258	0.25390	0.01965	0.01890	0.01351	0.00970	0.03095	0.00244	0.00706	0.00624	0.00700	0.01099
25	0.00883	0.00630	0.00835	0.00963	0.01022	0.00590	0.00657	0.01034	0.01417	0.01910	0.12513	0.61318	0.04782	0.04557	0.00974	0.00290	0.00412	0.03981	0.00656	0.00576
26	0.01072	0.00786	0.01051	0.01183	0.01357	0.00766	0.01020	0.01368	0.01604	0.02053	0.04288	0.07668	0.15764	0.01900	0.00939	0.00306	0.00592	0.55006	0.00644	0.00633
27	0.05013	0.01745	0.05314	0.01462	0.01982	0.01750	0.01236	0.45029	0.02669	0.11392	0.01975	0.09961	0.01596	0.00962	0.00701	0.00214	0.00701	0.00765	0.00668	0.04867
28	0.01728	0.01633	0.02634	0.03830	0.60153	0.01670	0.01977	0.02390	0.12395	0.02381	0.01554	0.01866	0.01268	0.00673	0.00694	0.00212	0.00785	0.00648	0.00403	0.01105
29	0.00850	0.00607	0.00810	0.00972	0.01012	0.00567	0.00648	0.00972	0.01336	0.01781	0.03846	0.75020	0.04615	0.02186	0.00891	0.00283	0.00405	0.01984	0.00648	0.00567
30	0.07125	0.01454	0.02011	0.55712	0.04088	0.05680	0.01746	0.10074	0.01645	0.02194	0.01266	0.01752	0.00948	0.00713	0.00675	0.00226	0.00902	0.00594	0.00369	0.00826
31	0.02264	0.04302	0.01468	0.01126	0.01525	0.01045	0.00905	0.04202	0.05127	0.40116	0.14167	0.03209	0.06506	0.06564	0.04013	0.00288	0.00606	0.00852	0.00747	0.00969
32	0.01590	0.06272	0.12951	0.02625	0.03337	0.01748	0.52859	0.02166	0.01597	0.02177	0.01477	0.05130	0.01189	0.00672	0.00784	0.00231	0.01097	0.00810	0.00356	0.00933
33	0.00857	0.00617	0.00812	0.00956	0.01011	0.00573	0.00643	0.00991	0.01381	0.01840	0.07577	0.68413	0.07489	0.02128	0.00884	0.00278	0.00399	0.01924	0.00654	0.00573
34	0.01491	0.03334	0.61983	0.02063	0.03041	0.01614	0.09580	0.02257	0.01512	0.04813	0.01326	0.01551	0.00934	0.00663	0.00682	0.00222	0.01030	0.00556	0.00322	0.01028
35	0.01447	0.01240	0.01447	0.01034	0.01654	0.00930	0.00827	0.01757	0.01447	0.02274	0.01240	0.01447	0.01034	0.00517	0.00517	0.00103	0.00517	0.00413	0.00413	0.79742
36	0.01014	0.00680	0.00777	0.00777	0.00782	0.00685	0.00442	0.01025	0.01019	0.01365	0.02185	0.04488	0.02503	0.72462	0.06519	0.00696	0.00728	0.01003	0.00421	0.00431
37	0.01435	0.01329	0.02189	0.61288	0.13307	0.01594	0.01935	0.05048	0.01511	0.01973	0.01271	0.01834	0.00965	0.00695	0.00697	0.00228	0.00909	0.00621	0.00333	0.00838
38	0.01281	0.00851	0.01072	0.00984	0.01181	0.00840	0.00730	0.06139	0.01642	0.07684	0.24217	0.07563	0.07448	0.16349	0.15637	0.00486	0.00766	0.01041	0.00600	0.03490
39	0.00964	0.04454	0.00983	0.00851	0.01045	0.00731	0.00643	0.01215	0.01750	0.02332	0.39231	0.13717	0.26395	0.01583	0.00813	0.00229	0.00367	0.01369	0.00693	0.00638
40	0.01849	0.01179	0.01390	0.01228	0.01588	0.01227	0.00974	0.02873	0.31501	0.19817	0.17055	0.03625	0.05536	0.01128	0.00754	0.00234	0.00516	0.05791	0.00753	0.00980
41	0.01874	0.66516	0.03456	0.01274	0.01812	0.06069	0.01228	0.02091	0.01417	0.01648	0.00971	0.01158	0.00897	0.00652	0.00603	0.00163	0.06593	0.00396	0.00302	0.00881
42	0.01464	0.14739	0.55817	0.01852	0.02768	0.01764	0.04630	0.02155	0.01492	0.02146	0.04113	0.01588	0.01130	0.00682	0.00642	0.00210	0.00963	0.00535	0.00317	0.00991
43	0.07033	0.01624	0.01640	0.04559	0.05836	0.13664	0.01195	0.07803	0.13782	0.16212	0.04305	0.03101	0.03897	0.01026	0.00721	0.00230	0.00733	0.11085	0.00613	0.00941
44	0.02266	0.01553	0.01688	0.01358	0.01817	0.01680	0.01101	0.38316	0.13720	0.10949	0.02398	0.02338	0.05867	0.00914	0.00682	0.00210	0.00631	0.00719	0.10726	0.01067
45	0.01410	0.01209	0.01450	0.04942	0.01791	0.00945	0.00878	0.01719	0.01439	0.02223	0.01370	0.05144	0.01207	0.00610	0.00545	0.00119	0.00533	0.00503	0.00420	0.71542
46	0.01212	0.00606	0.00909	0.00909	0.00909	0.00606	0.00606	0.00909	0.00909	0.01212	0.01212	0.02121	0.01212	0.02424	0.02727	0.79697	0.00606	0.00606	0.00303	0.00303
47	0.01400	0.03610	0.71860	0.01989	0.03020	0.01621	0.02578	0.02210	0.01473	0.02210	0.01252	0.01473	0.00884	0.00663	0.00663	0.00221	0.01031	0.00516	0.00295	0.01031

[dist]
# distance from previous block
# <min> <max>
0	4

[block]
# block no. 5 follows, 30 sequences, length 155
# corresponding to MSA columns:
# 262-416
name=unknown_F
#
# <colnr> <probs for GDERKNQSTAVLIFYWHMCP>
#	G	D	E	R	K	N	Q	S	T	A	V	L	I	F	Y	W	H	M	C	P
0	0.02262	0.01033	0.01365	0.01125	0.01516	0.00936	0.00898	0.02657	0.06391	0.42251	0.25079	0.05745	0.03442	0.01098	0.00748	0.00221	0.00498	0.00934	0.00815	0.00988
1	0.01495	0.00882	0.01180	0.01117	0.03828	0.00828	0.00820	0.01779	0.01851	0.18003	0.39847	0.08968	0.10748	0.01342	0.00858	0.00228	0.03554	0.01151	0.00736	0.00786
2	0.06506	0.01282	0.02084	0.63360	0.10007	0.01560	0.01878	0.01830	0.01398	0.01911	0.01229	0.01802	0.00933	0.00688	0.00680	0.00229	0.00897	0.00604	0.00321	0.00801
3	0.00867	0.00614	0.00805	0.00951	0.00987	0.00578	0.00625	0.00976	0.01304	0.01739	0.03683	0.68038	0.04409	0.09450	0.01154	0.00322	0.00432	0.01888	0.00625	0.00553
4	0.02533	0.01486	0.01746	0.01401	0.01881	0.01559	0.01139	0.22660	0.18755	0.30710	0.04481	0.02283	0.01787	0.00905	0.00759	0.00222	0.03084	0.00715	0.00756	0.01137
5	0.04469	0.12578	0.04274	0.01467	0.01863	0.39766	0.01189	0.07603	0.01868	0.02134	0.01336	0.01526	0.01082	0.00725	0.00579	0.00177	0.00948	0.00491	0.15099	0.00827
6	0.01712	0.01643	0.02806	0.06793	0.68728	0.01654	0.02134	0.02129	0.01582	0.02262	0.01310	0.01732	0.01099	0.00625	0.00691	0.00208	0.00833	0.00622	0.00344	0.01093
7	0.01014	0.00736	0.00921	0.00985	0.01160	0.00679	0.00782	0.01254	0.01618	0.03892	0.14375	0.18486	0.26015	0.01821	0.00879	0.00270	0.00462	0.23354	0.00669	0.00629
8	0.01724	0.01792	0.04818	0.08915	0.18863	0.11055	0.05886	0.06740	0.01592	0.02143	0.01429	0.06558	0.01281	0.00917	0.01083	0.00235	0.18744	0.00698	0.04642	0.00885
9	0.01727	0.01658	0.02832	0.04283	0.71123	0.01658	0.02142	0.02142	0.01589	0.02280	0.01313	0.01727	0.01105	0.00622	0.00691	0.00207	0.00829	0.00622	0.00345	0.01105
10	0.02168	0.01581	0.01803	0.01458	0.01861	0.01783	0.01192	0.43975	0.02527	0.05461	0.01720	0.01947	0.01325	0.01698	0.14389	0.00386	0.07135	0.00653	0.05929	0.01009
11	0.01678	0.01607	0.02726	0.07111	0.65812	0.01616	0.02076	0.02086	0.01581	0.02245	0.01514	0.01910	0.03574	0.00666	0.00696	0.00209	0.00816	0.00652	0.00355	0.01073
12	0.01318	0.01240	0.02093	0.73798	0.04806	0.01550	0.01938	0.01783	0.01395	0.01783	0.01240	0.01860	0.00930	0.00698	0.00698	0.00233	0.00930	0.00620	0.00310	0.00775
13	0.02607	0.03326	0.01978	0.01798	0.02157	0.72674	0.01348	0.02787	0.01978	0.01708	0.01079	0.01258	0.00899	0.00719	0.00629	0.00180	0.01258	0.00449	0.00360	0.00809
14	0.01747	0.01697	0.02813	0.04226	0.69527	0.03301	0.02123	0.02157	0.01598	0.02267	0.01307	0.01716	0.01101	0.00624	0.00689	0.00207	0.00839	0.00618	0.00346	0.01098
15	0.05197	0.00724	0.00998	0.05636	0.01347	0.00718	0.02694	0.01118	0.01341	0.01867	0.03456	0.64292	0.04071	0.01963	0.00852	0.00275	0.00468	0.01777	0.00606	0.00601
16	0.01216	0.00630	0.00955	0.03707	0.01059	0.00642	0.00657	0.00943	0.00928	0.01234	0.01213	0.02111	0.01201	0.02358	0.02649	0.76647	0.00619	0.00607	0.00303	0.00321
17	0.01394	0.01318	0.02231	0.60843	0.17165	0.01570	0.01976	0.01850	0.01431	0.01876	0.01254	0.01836	0.00963	0.00684	0.00696	0.00228	0.00911	0.00620	0.00317	0.00837
18	0.01712	0.01643	0.02805	0.06860	0.68665	0.01654	0.02134	0.02128	0.01582	0.02261	0.01310	0.01732	0.01099	0.00625	0.00691	0.00208	0.00833	0.00622	0.00344	0.01093
19	0.01508	0.01383	0.02374	0.48948	0.22838	0.01572	0.05057	0.01958	0.01481	0.04340	0.01320	0.01843	0.01012	0.00677	0.00702	0.00225	0.00902	0.00633	0.00341	0.00888
20	0.01727	0.01658	0.02832	0.04283	0.71123	0.01658	0.02142	0.02142	0.01589	0.02280	0.01313	0.01727	0.01105	0.00622	0.00691	0.00207	0.00829	0.00622	0.00345	0.01105
21	0.01318	0.01240	0.02093	0.73798	0.04806	0.01550	0.01938	0.01783	0.01395	0.01783	0.01240	0.01860	0.00930	0.00698	0.00698	0.00233	0.00930	0.00620	0.00310	0.00775
22	0.01599	0.01544	0.02679	0.25170	0.47506	0.01631	0.05647	0.02039	0.01534	0.02128	0.01296	0.01776	0.01050	0.00643	0.00700	0.00216	0.00878	0.00632	0.00335	0.00997
23	0.01369	0.01221	0.01956	0.44642	0.03526	0.01506	0.05190	0.01762	0.01364	0.01933	0.01375	0.01934	0.01085	0.00803	0.00945	0.00233	0.13587	0.00635	0.14175	0.00760
24	0.01033	0.00758	0.00900	0.00849	0.01062	0.00688	0.00642	0.01368	0.04441	0.04913	0.42518	0.05560	0.29665	0.01512	0.00815	0.00226	0.00356	0.01301	0.00726	0.00669
25	0.07279	0.01196	0.01588	0.01224	0.01758	0.01055	0.01011	0.03328	0.01954	0.67931	0.02657	0.02309	0.01675	0.00852	0.00687	0.00216	0.00591	0.00684	0.00841	0.01164
26	0.01409	0.03546	0.69349	0.02024	0.03043	0.01626	0.05025	0.02211	0.01480	0.02211	0.01258	0.01488	0.00890	0.00660	0.00669	0.00222	0.01037	0.00527	0.00297	0.01028
27	0.01277	0.01063	0.01491	0.03909	0.10031	0.03634	0.04070	0.03487	0.01625	0.02113	0.03220	0.15131	0.05718	0.01628	0.00882	0.00285	0.00681	0.38455	0.00576	0.00725
28	0.01064	0.00888	0.01306	0.19457	0.02113	0.00928	0.03867	0.03577	0.01493	0.01939	0.05592	0.37513	0.14357	0.01603	0.00819	0.00256	0.00572	0.01437	0.00555	0.00663
29	0.02981	0.01189	0.01594	0.01244	0.01758	0.01053	0.01019	0.04738	0.04073	0.65066	0.02779	0.05455	0.01851	0.00922	0.00710	0.00219	0.00588	0.00757	0.00846	0.01159
30	0.01727	0.01658	0.02832	0.04283	0.71123	0.01658	0.02142	0.02142	0.01589	0.02280	0.01313	0.01727	0.01105	0.00622	0.00691	0.00207	0.00829	0.00622	0.00345	0.01105
31	0.01431	0.03424	0.65294	0.02207	0.09499	0.01624	0.02537	0.02203	0.01484	0.02217	0.01258	0.01497	0.00905	0.00659	0.00666	0.00220	0.01012	0.00526	0.00299	0.01038
32	0.04199	0.01294	0.01901	0.40578	0.03381	0.01498	0.01547	0.01768	0.01344	0.01936	0.01175	0.01674	0.00947	0.00741	0.00919	0.00212	0.13492	0.00558	0.00339	0.20497
33	0.01418	0.06384	0.69242	0.01958	0.02973	0.01664	0.02525	0.02205	0.01471	0.02188	0.01241	0.01460	0.00884	0.00660	0.00655	0.00218	0.01020	0.00510	0.00295	0.01026
34	0.05790	0.01642	0.05067	0.31266	0.06408	0.01671	0.31799	0.03959	0.01561	0.02165	0.01318	0.01809	0.00991	0.00646	0.00739	0.00231	0.01014	0.00696	0.00348	0.00880
35	0.01008	0.00679	0.00786	0.00792	0.00801	0.00686	0.00460	0.01028	0.01032	0.01385	0.02232	0.06792	0.02555	0.68459	0.07971	0.00692	0.00745	0.01030	0.00427	0.00441
36	0.01635	0.41427	0.31098	0.01565	0.02329	0.02191	0.04278	0.02107	0.01455	0.01902	0.01304	0.01477	0.03224	0.00662	0.00561	0.00184	0.00864	0.00484	0.00311	0.00942
37	0.01609	0.01951	0.09732	0.07739	0.12038	0.01738	0.47485	0.02170	0.01586	0.02188	0.01355	0.01812	0.01035	0.00630	0.00839	0.00233	0.03817	0.00750	0.00342	0.00952
38	0.02240	0.00994	0.01294	0.01081	0.01479	0.00863	0.00868	0.02484	0.01841	0.44055	0.07894	0.09008	0.18000	0.01238	0.00760	0.00229	0.00512	0.03420	0.00785	0.00955
39	0.01915	0.71088	0.03545	0.01234	0.01815	0.07393	0.01204	0.02136	0.01455	0.01646	0.00977	0.01129	0.00896	0.00605	0.00460	0.00151	0.00780	0.00378	0.00303	0.00890
40	0.01433	0.01432	0.02710	0.36432	0.08330	0.01539	0.24450	0.01919	0.01519	0.02006	0.01601	0.02589	0.01360	0.00805	0.00772	0.00243	0.00972	0.08683	0.00367	0.00837
41	0.01437	0.06577	0.65235	0.02079	0.06644	0.01671	0.02496	0.02201	0.01477	0.02190	0.01244	0.01472	0.00896	0.00658	0.00655	0.00217	0.01008	0.00515	0.00298	0.01030
42	0.03131	0.01188	0.01619	0.01242	0.01781	0.01026	0.01026	0.03401	0.01997	0.71606	0.02753	0.02375	0.01727	0.00864	0.00702	0.00216	0.00594	0.00702	0.00864	0.01188
43	0.01890	0.73481	0.03601	0.01214	0.01803	0.05088	0.01199	0.02113	0.01437	0.01644	0.00974	0.01124	0.00896	0.00601	0.00454	0.00150	0.00763	0.00376	0.00301	0.00893
44	0.01434	0.09000	0.66774	0.01930	0.02929	0.01706	0.02475	0.02201	0.01469	0.02168	0.01231	0.01447	0.00885	0.00658	0.00647	0.00216	0.01010	0.00505	0.00295	0.01021
45	0.01215	0.00608	0.00900	0.00900	0.00906	0.00608	0.00602	0.00933	0.00928	0.01258	0.01248	0.02137	0.01231	0.02370	0.02653	0.77042	0.00597	0.00608	0.02941	0.00315
46	0.01281	0.01186	0.01966	0.65941	0.04410	0.01456	0.01811	0.01725	0.01431	0.01835	0.04164	0.02366	0.03818	0.00805	0.00716	0.00235	0.00877	0.02865	0.00351	0.00760
47	0.02637	0.04479	0.14749	0.01358	0.01970	0.01182	0.01300	0.03010	0.01876	0.52060	0.06287	0.02321	0.01816	0.00848	0.00692	0.00215	0.00666	0.00686	0.00731	0.01117
48	0.01471	0.01433	0.02257	0.54524	0.19881	0.04877	0.01957	0.01912	0.01467	0.01893	0.01249	0.01802	0.00969	0.00681	0.00693	0.00224	0.00922	0.00613	0.00320	0.00852
49	0.01400	0.03610	0.71860	0.01989	0.03020	0.01621	0.02578	0.02210	0.01473	0.02210	0.01252	0.01473	0.00884	0.00663	0.00663	0.00221	0.01031	0.00516	0.00295	0.01031
50	0.00959	0.00799	0.00959	0.01103	0.06288	0.00717	0.00783	0.01186	0.01594	0.01960	0.05886	0.06602	0.50709	0.01718	0.00846	0.00253	0.00454	0.15922	0.00624	0.00640
51	0.03131	0.01188	0.01619	0.01242	0.01781	0.01026	0.01026	0.03401	0.01997	0.71606	0.02753	0.02375	0.01727	0.00864	0.00702	0.00216	0.00594	0.00702	0.00864	0.01188
52	0.01723	0.01670	0.02902	0.04211	0.67481	0.01664	0.05728	0.02147	0.01592	0.02277	0.01318	0.01735	0.01103	0.00620	0.00698	0.00209	0.00848	0.00633	0.00346	0.01096
53	0.01774	0.61679	0.17070	0.01350	0.02033	0.02537	0.01466	0.02113	0.01429	0.01754	0.01026	0.01189	0.00893	0.00610	0.00490	0.00163	0.00802	0.00401	0.00298	0.00922
54	0.01067	0.00765	0.00882	0.00894	0.01130	0.00675	0.00717	0.01291	0.01636	0.06877	0.08047	0.06647	0.47253	0.01732	0.00851	0.00255	0.00441	0.17527	0.00666	0.00647
55	0.03131	0.01188	0.01619	0.01242	0.01781	0.01026	0.01026	0.03401	0.01997	0.71606	0.02753	0.02375	0.01727	0.00864	0.00702	0.00216	0.00594	0.00702	0.00864	0.01188
56	0.02033	0.02140	0.02673	0.06099	0.33087	0.20257	0.11088	0.09869	0.01882	0.02344	0.01303	0.01626	0.01047	0.00670	0.00694	0.00205	0.00987	0.00606	0.00389	0.01000
57	0.03926	0.01361	0.02156	0.50069	0.03966	0.01592	0.07676	0.11360	0.01677	0.02238	0.01483	0.06690	0.01219	0.00806	0.00714	0.00232	0.00882	0.00723	0.00396	0.00834
58	0.01705	0.01636	0.02793	0.08015	0.67563	0.01652	0.02131	0.02122	0.01579	0.02253	0.01309	0.01734	0.01096	0.00626	0.00691	0.00209	0.00834	0.00622	0.00344	0.01088
59	0.00997	0.00724	0.00947	0.00920	0.01087	0.00673	0.00710	0.01319	0.01914	0.02673	0.59885	0.05600	0.09003	0.01502	0.00840	0.00233	0.00368	0.09203	0.00748	0.00654
60	0.01558	0.21528	0.42121	0.01733	0.04517	0.01817	0.01961	0.02182	0.04095	0.04379	0.01487	0.06949	0.01248	0.00776	0.00629	0.00207	0.00873	0.00609	0.00358	0.00972
61	0.01678	0.08580	0.15770	0.03583	0.52306	0.01749	0.02139	0.02150	0.01552	0.02210	0.01271	0.01626	0.01046	0.00627	0.00664	0.00205	0.00859	0.00580	0.00332	0.01073
62	0.01124	0.00803	0.01124	0.01285	0.01446	0.00803	0.01124	0.01446	0.01606	0.02088	0.03695	0.07871	0.04016	0.01928	0.00964	0.00321	0.00643	0.66426	0.00643	0.00643
63	0.04454	0.01691	0.02748	0.04102	0.66919	0.03515	0.02073	0.02155	0.01585	0.02294	0.01295	0.01694	0.01088	0.00625	0.00680	0.00207	0.00830	0.00609	0.00349	0.01086
64	0.04569	0.02848	0.47898	0.02046	0.08767	0.01516	0.04382	0.02421	0.01577	0.15183	0.01533	0.01665	0.01062	0.00694	0.00670	0.00219	0.00919	0.00565	0.00412	0.01054
65	0.00830	0.00707	0.00714	0.00712	0.00946	0.00591	0.00534	0.01011	0.01602	0.01913	0.09017	0.06670	0.68874	0.01757	0.00825	0.00235	0.00353	0.01466	0.00652	0.00591
66	0.02808	0.01639	0.14710	0.01381	0.02012	0.01137	0.01315	0.03179	0.01900	0.58673	0.02473	0.02207	0.01570	0.00826	0.00695	0.00217	0.00675	0.00667	0.00758	0.01158
67	0.01744	0.01709	0.04824	0.08031	0.61576	0.01678	0.02099	0.05721	0.01666	0.02364	0.01326	0.01724	0.01093	0.00639	0.00691	0.00209	0.00838	0.00619	0.00361	0.01089
68	0.01086	0.00875	0.01274	0.01191	0.01385	0.00833	0.08223	0.06215	0.01626	0.02162	0.11844	0.44024	0.12986	0.01762	0.00852	0.00259	0.00502	0.01600	0.00633	0.00668
69	0.01727	0.01658	0.02832	0.04283	0.71123	0.01658	0.02142	0.02142	0.01589	0.02280	0.01313	0.01727	0.01105	0.00622	0.00691	0.00207	0.00829	0.00622	0.00345	0.01105
70	0.02905	0.01234	0.03504	0.01245	0.01770	0.01040	0.01047	0.03246	0.04058	0.63241	0.07020	0.02537	0.02024	0.00896	0.00709	0.00217	0.00588	0.00735	0.00837	0.01147
71	0.01685	0.01615	0.02757	0.11419	0.64315	0.01647	0.02121	0.02105	0.01569	0.02229	0.01305	0.01741	0.01087	0.00630	0.00692	0.00210	0.00839	0.00622	0.00342	0.01071
72	0.01391	0.03121	0.56997	0.15398	0.03370	0.01611	0.04272	0.02131	0.01464	0.02131	0.01254	0.01557	0.00897	0.00667	0.00674	0.00224	0.01016	0.00544	0.00299	0.00981
73	0.01426	0.07630	0.68066	0.01945	0.02952	0.01684	0.02501	0.02203	0.01470	0.02178	0.01237	0.01454	0.00885	0.00659	0.00651	0.00217	0.01015	0.00508	0.00295	0.01024
74	0.01496	0.01422	0.02414	0.43617	0.33599	0.01597	0.02026	0.01939	0.01479	0.01999	0.01272	0.01803	0.01006	0.00665	0.00695	0.00222	0.00886	0.00621	0.00325	0.00919
75	0.01568	0.01489	0.02506	0.20511	0.50104	0.01556	0.01985	0.01980	0.01544	0.02137	0.01657	0.02161	0.04871	0.00730	0.00706	0.00217	0.00823	0.02107	0.00360	0.00989
76	0.01493	0.01364	0.02301	0.50841	0.24617	0.01568	0.01973	0.01937	0.01471	0.03953	0.01306	0.01835	0.01006	0.00680	0.00696	0.00224	0.00890	0.00623	0.00337	0.00886
77	0.00850	0.00607	0.00810	0.00972	0.01012	0.00567	0.00648	0.00972	0.01336	0.01781	0.03846	0.75020	0.04615	0.02186	0.00891	0.00283	0.00405	0.01984	0.00648	0.00567
78	0.01425	0.05625	0.67439	0.02048	0.05407	0.01655	0.02523	0.02204	0.01476	0.02196	0.01246	0.01472	0.00892	0.00660	0.00658	0.00218	0.01016	0.00515	0.00297	0.01030
79	0.02421	0.01694	0.01887	0.01442	0.01994	0.01763	0.01184	0.46683	0.02721	0.11305	0.01720	0.01748	0.01238	0.00938	0.03242	0.00223	0.00741	0.00601	0.00652	0.15807
80	0.01400	0.03610	0.71860	0.01989	0.03020	0.01621	0.02578	0.02210	0.01473	0.02210	0.01252	0.01473	0.00884	0.00663	0.00663	0.00221	0.01031	0.00516	0.00295	0.01031
81	0.00850	0.00607	0.00810	0.00972	0.01012	0.00567	0.00648	0.00972	0.01336	0.01781	0.03846	0.75020	0.04615	0.02186	0.00891	0.00283	0.00405	0.01984	0.00648	0.00567
82	0.01416	0.06180	0.69435	0.01961	0.02977	0.01661	0.02529	0.02206	0.01471	0.02190	0.01242	0.01461	0.00884	0.00661	0.00655	0.00218	0.01021	0.00511	0.00295	0.01026
83	0.00961	0.00731	0.00988	0.01081	0.01176	0.00714	0.02780	0.01266	0.07407	0.01905	0.03678	0.64442	0.04270	0.02020	0.00875	0.00279	0.00448	0.03708	0.00644	0.00628
84	0.03935	0.00879	0.01147	0.01012	0.01297	0.00795	0.00782	0.01994	0.01858	0.26264	0.33922	0.14151	0.06437	0.01330	0.00780	0.00228	0.00438	0.01154	0.00771	0.00828
85	0.00850	0.00607	0.00810	0.00972	0.01012	0.00567	0.00648	0.00972	0.01336	0.01781	0.03846	0.75020	0.04615	0.02186	0.00891	0.00283	0.00405	0.01984	0.00648	0.00567
86	0.00898	0.00722	0.00809	0.00823	0.01035	0.00633	0.00642	0.01123	0.01660	0.02075	0.17705	0.06626	0.49604	0.01732	0.00845	0.00246	0.00392	0.11152	0.00668	0.00609
87	0.00983	0.00713	0.00926	0.00873	0.01040	0.00656	0.00655	0.01308	0.01964	0.02773	0.68962	0.05255	0.08393	0.01436	0.00823	0.00220	0.00330	0.01268	0.00765	0.00656
88	0.01430	0.08288	0.67446	0.01938	0.02941	0.01694	0.02489	0.02202	0.01470	0.02173	0.01234	0.01450	0.00885	0.00659	0.00649	0.00216	0.01013	0.00506	0.00295	0.01023
89	0.01666	0.02022	0.15697	0.03856	0.58431	0.01651	0.02223	0.02154	0.01567	0.02267	0.01301	0.01680	0.01064	0.00629	0.00686	0.00210	0.00867	0.00602	0.00336	0.01092
90	0.00901	0.00644	0.00868	0.01030	0.01093	0.00611	0.00737	0.01060	0.01386	0.01839	0.03818	0.62506	0.04504	0.02138	0.00904	0.00290	0.00449	0.13994	0.00647	0.00581
91	0.01647	0.01882	0.04118	0.02941	0.03647	0.01765	0.68588	0.02235	0.01647	0.02235	0.01412	0.01882	0.01059	0.00588	0.00824	0.00235	0.01176	0.00824	0.00353	0.00941
92	0.01408	0.03548	0.69436	0.02023	0.03043	0.01626	0.04940	0.02211	0.01480	0.02211	0.01258	0.01488	0.00890	0.00660	0.00669	0.00222	0.01037	0.00527	0.00297	0.01028
93	0.00850	0.00607	0.00810	0.00972	0.01012	0.00567	0.00648	0.00972	0.01336	0.01781	0.03846	0.75020	0.04615	0.02186	0.00891	0.00283	0.00405	0.01984	0.00648	0.00567
94	0.01318	0.01240	0.02093	0.73798	0.04806	0.01550	0.01938	0.01783	0.01395	0.01783	0.01240	0.01860	0.00930	0.00698	0.00698	0.00233	0.00930	0.00620	0.00310	0.00775
95	0.02653	0.01955	0.02094	0.01606	0.02164	0.02164	0.01326	0.68796	0.03281	0.04398	0.01675	0.01675	0.01187	0.00838	0.00698	0.00209	0.00768	0.00628	0.00698	0.01187
96	0.00864	0.00703	0.00772	0.00816	0.01013	0.00611	0.00619	0.01049	0.01553	0.01893	0.06170	0.17453	0.52658	0.01851	0.00851	0.00253	0.00396	0.09235	0.00647	0.00592
97	0.01318	0.01240	0.02093	0.73798	0.04806	0.01550	0.01938	0.01783	0.01395	0.01783	0.01240	0.01860	0.00930	0.00698	0.00698	0.00233	0.00930	0.00620	0.00310	0.00775
98	0.00856	0.00708	0.00751	0.00740	0.00962	0.00603	0.00555	0.01063	0.01665	0.02062	0.19424	0.06424	0.58374	0.01701	0.00824	0.00233	0.00349	0.01432	0.00671	0.00603
99	0.01547	0.02377	0.25099	0.07512	0.03531	0.01705	0.43429	0.02196	0.01576	0.02196	0.01350	0.01753	0.00995	0.00619	0.00765	0.00231	0.01114	0.00714	0.00332	0.00958
100	0.01697	0.01627	0.02777	0.09467	0.66177	0.01650	0.02126	0.02115	0.01575	0.02243	0.01307	0.01737	0.01092	0.00627	0.00691	0.00209	0.00837	0.00622	0.00343	0.01081
101	0.00876	0.00625	0.00839	0.01001	0.01052	0.00589	0.00692	0.01015	0.01361	0.01810	0.03832	0.68819	0.04560	0.02162	0.00897	0.00287	0.00427	0.07935	0.00647	0.00574
102	0.01728	0.01649	0.02765	0.04130	0.67402	0.01662	0.02086	0.02226	0.05254	0.02314	0.01395	0.01774	0.01160	0.00639	0.00692	0.00209	0.00814	0.00631	0.00365	0.01105
103	0.01727	0.01658	0.02832	0.04283	0.71123	0.01658	0.02142	0.02142	0.01589	0.02280	0.01313	0.01727	0.01105	0.00622	0.00691	0.00207	0.00829	0.00622	0.00345	0.01105
104	0.01647	0.01882	0.04118	0.02941	0.03647	0.01765	0.68588	0.02235	0.01647	0.02235	0.01412	0.01882	0.01059	0.00588	0.00824	0.00235	0.01176	0.00824	0.00353	0.00941
105	0.80405	0.01350	0.01026	0.00918	0.01350	0.01565	0.00756	0.02051	0.01188	0.03131	0.00972	0.01134	0.00756	0.00648	0.00432	0.00216	0.00540	0.00378	0.00432	0.00756
106	0.01527	0.01527	0.02137	0.01832	0.01832	0.02137	0.01527	0.01679	0.01069	0.01679	0.00916	0.01527	0.00916	0.01221	0.02290	0.00305	0.74198	0.00611	0.00305	0.00763
107	0.01006	0.00673	0.00764	0.00772	0.00775	0.00671	0.00435	0.01012	0.01032	0.01376	0.02288	0.08369	0.02649	0.71520	0.03408	0.00655	0.00662	0.01067	0.00435	0.00431
108	0.00872	0.00617	0.00803	0.00944	0.00979	0.00581	0.00618	0.00977	0.01293	0.01724	0.03626	0.65616	0.04338	0.11969	0.01246	0.00336	0.00441	0.01854	0.00618	0.00548
109	0.01447	0.01240	0.01447	0.01034	0.01654	0.00930	0.00827	0.01757	0.01447	0.02274	0.01240	0.01447	0.01034	0.00517	0.00517	0.00103	0.00517	0.00413	0.00413	0.79742
110	0.01445	0.06026	0.63390	0.02161	0.08925	0.01665	0.02491	0.02200	0.01481	0.02196	0.01247	0.01483	0.00904	0.00657	0.00658	0.00217	0.01003	0.00520	0.00299	0.01033
111	0.01400	0.03610	0.71860	0.01989	0.03020	0.01621	0.02578	0.02210	0.01473	0.02210	0.01252	0.01473	0.00884	0.00663	0.00663	0.00221	0.01031	0.00516	0.00295	0.01031
112	0.01906	0.71979	0.03566	0.01227	0.01811	0.06535	0.01202	0.02127	0.01448	0.01645	0.00976	0.01127	0.00896	0.00604	0.00458	0.00151	0.00774	0.00377	0.00302	0.00891
113	0.01897	0.72810	0.03585	0.01220	0.01807	0.05733	0.01201	0.02119	0.01442	0.01645	0.00975	0.01125	0.00896	0.00602	0.00455	0.00151	0.00768	0.00376	0.00301	0.00892
114	0.01670	0.01772	0.07995	0.03981	0.63443	0.01617	0.02117	0.02106	0.01580	0.02260	0.01514	0.01886	0.03584	0.00666	0.00694	0.00209	0.00827	0.00644	0.00352	0.01081
115	0.01015	0.00677	0.00761	0.00761	0.00761	0.00677	0.00423	0.01015	0.01015	0.01353	0.02199	0.04567	0.02537	0.75476	0.03552	0.00677	0.00677	0.01015	0.00423	0.00423
116	0.00888	0.00626	0.00807	0.00927	0.00967	0.00592	0.00606	0.00998	0.01311	0.01756	0.07150	0.58122	0.04334	0.15804	0.01383	0.00353	0.00451	0.01764	0.00612	0.00545
117	0.01417	0.06268	0.69352	0.01960	0.02975	0.01663	0.02527	0.02206	0.01471	0.02189	0.01242	0.01460	0.00884	0.00661	0.00655	0.00218	0.01021	0.00510	0.00295	0.01026
118	0.01659	0.01479	0.02313	0.44085	0.17276	0.01694	0.04334	0.14359	0.01794	0.02384	0.01342	0.01801	0.01017	0.00705	0.00701	0.00223	0.00889	0.00630	0.00391	0.00923
119	0.00979	0.00713	0.00921	0.00869	0.01037	0.00655	0.00652	0.01300	0.01955	0.02749	0.67336	0.05293	0.10033	0.01445	0.00823	0.00220	0.00331	0.01273	0.00762	0.00655
120	0.01394	0.01390	0.02564	0.57322	0.04537	0.01600	0.17436	0.01888	0.01454	0.01888	0.01280	0.01866	0.00960	0.00672	0.00727	0.00233	0.00987	0.00667	0.00320	0.00814
121	0.02925	0.01142	0.01553	0.01207	0.01710	0.00990	0.00990	0.03200	0.01995	0.64988	0.09294	0.02648	0.02195	0.00918	0.00713	0.00216	0.00568	0.00756	0.00855	0.01137
122	0.02995	0.01199	0.01644	0.05163	0.01946	0.01073	0.01077	0.03322	0.03829	0.65950	0.02674	0.02354	0.01695	0.00857	0.00702	0.00217	0.00611	0.00700	0.00830	0.01163
123	0.01070	0.00732	0.00959	0.00892	0.01071	0.00673	0.00673	0.01397	0.01976	0.05439	0.68145	0.05104	0.06398	0.01405	0.00818	0.00219	0.00339	0.01241	0.00772	0.00679
124	0.01412	0.03536	0.69251	0.02076	0.05594	0.01622	0.02562	0.02207	0.01478	0.02213	0.01255	0.01483	0.00892	0.00661	0.00664	0.00220	0.01024	0.00520	0.00297	0.01034
125	0.01430	0.03178	0.56554	0.02124	0.03062	0.01611	0.14808	0.02181	0.01525	0.02237	0.03909	0.01691	0.01132	0.00678	0.00699	0.00224	0.01032	0.00601	0.00323	0.01000
126	0.01400	0.03610	0.71860	0.01989	0.03020	0.01621	0.02578	0.02210	0.01473	0.02210	0.01252	0.01473	0.00884	0.00663	0.00663	0.00221	0.01031	0.00516	0.00295	0.01031
127	0.01425	0.07511	0.68179	0.01946	0.02954	0.01682	0.02504	0.02203	0.01470	0.02179	0.01237	0.01454	0.00885	0.00659	0.00651	0.00217	0.01016	0.00508	0.00295	0.01024
128	0.01578	0.01572	0.02116	0.50966	0.03976	0.10023	0.04054	0.04892	0.06214	0.01973	0.01337	0.01815	0.01023	0.00748	0.00781	0.00230	0.04899	0.00618	0.00361	0.00824
129	0.01612	0.02129	0.13804	0.02805	0.03557	0.01744	0.59149	0.02232	0.01622	0.02232	0.01389	0.01824	0.01034	0.00599	0.00801	0.00233	0.01156	0.00780	0.00345	0.00954
130	0.02940	0.01178	0.01582	0.01226	0.01736	0.01038	0.01007	0.05656	0.02043	0.63556	0.08207	0.02578	0.02100	0.00908	0.00711	0.00216	0.00579	0.00744	0.00850	0.01145
131	0.01223	0.01094	0.01806	0.04994	0.14766	0.01051	0.11256	0.01542	0.01550	0.02086	0.07459	0.21340	0.11393	0.01390	0.00820	0.00249	0.00652	0.11187	0.00531	0.03612
132	0.02543	0.01185	0.01511	0.01217	0.01661	0.01106	0.00985	0.12626	0.02084	0.45094	0.07543	0.06842	0.05185	0.03817	0.00840	0.00240	0.00586	0.03102	0.00788	0.01045
133	0.05082	0.01088	0.01455	0.01178	0.01626	0.00960	0.00947	0.02919	0.01872	0.56528	0.05318	0.13355	0.02307	0.01076	0.00726	0.00226	0.00554	0.00905	0.00815	0.01062
134	0.02645	0.01154	0.01498	0.01204	0.01673	0.01051	0.00974	0.03110	0.10068	0.53568	0.05662	0.05471	0.06674	0.01004	0.00722	0.00222	0.00556	0.00832	0.00819	0.01095
135	0.02008	0.45099	0.14835	0.01445	0.02068	0.15481	0.01448	0.02327	0.01570	0.06386	0.01157	0.01289	0.00949	0.00649	0.00535	0.00172	0.00880	0.00433	0.00347	0.00922
136	0.01888	0.01392	0.01544	0.01382	0.01777	0.01548	0.01095	0.03463	0.53804	0.12996	0.02903	0.03035	0.02237	0.01021	0.00731	0.00241	0.00566	0.06575	0.00727	0.01076
137	0.01925	0.51391	0.16097	0.01390	0.02051	0.06170	0.01453	0.04282	0.01553	0.06396	0.01166	0.01292	0.00957	0.00641	0.00522	0.00170	0.00818	0.00433	0.00350	0.00944
138	0.02879	0.01319	0.01626	0.01292	0.01801	0.03806	0.01051	0.03429	0.13315	0.57553	0.02705	0.02372	0.01764	0.00872	0.00700	0.00218	0.00612	0.00707	0.00819	0.01160
139	0.02789	0.01504	0.11417	0.01329	0.01920	0.01092	0.01226	0.03137	0.01923	0.58700	0.05700	0.02381	0.01835	0.00862	0.00702	0.00217	0.00643	0.00702	0.00780	0.01141
140	0.01601	0.01956	0.15580	0.14871	0.47922	0.01634	0.02191	0.02098	0.01537	0.02188	0.01290	0.01701	0.01036	0.00641	0.00687	0.00214	0.00883	0.00602	0.00330	0.01039
141	0.04552	0.54428	0.08348	0.01358	0.01925	0.13162	0.01318	0.02188	0.01486	0.01745	0.01006	0.01182	0.00891	0.00644	0.00556	0.00167	0.03446	0.00404	0.00312	0.00883
142	0.02809	0.01116	0.01516	0.01187	0.01670	0.00970	0.00970	0.03088	0.01994	0.61267	0.12971	0.02802	0.02457	0.00948	0.00720	0.00216	0.00554	0.00786	0.00849	0.01108
143	0.00839	0.00711	0.00726	0.00734	0.00966	0.00599	0.00558	0.01022	0.01591	0.01895	0.06913	0.06769	0.67737	0.01775	0.00831	0.00240	0.00367	0.04488	0.00648	0.00592
144	0.02905	0.01194	0.01584	0.01241	0.01750	0.01073	0.01016	0.03332	0.08161	0.62173	0.05918	0.02528	0.01989	0.00897	0.00708	0.00218	0.00578	0.00736	0.00845	0.01155
145	0.01999	0.05171	0.01784	0.01463	0.01892	0.08255	0.01159	0.12647	0.48794	0.05399	0.02427	0.02275	0.01815	0.00892	0.00689	0.00223	0.00657	0.00713	0.00663	0.01082
