[name]
unknown

[dist]
# distance from previous block
# <min> <max>
29	66

[block]
# block no. 0 follows, 29 sequences, length 6
# corresponding to MSA columns:
# 73-78
name=unknown_A
#
# <colnr> <probs for GDERKNQSTAVLIFYWHMCP>
#	G	D	E	R	K	N	Q	S	T	A	V	L	I	F	Y	W	H	M	C	P
0	0.01715	0.01567	0.01967	0.06496	0.12688	0.06550	0.05950	0.10629	0.06312	0.02489	0.01942	0.04418	0.05667	0.03957	0.00798	0.00208	0.00736	0.00699	0.00477	0.24732
1	0.08244	0.01688	0.06804	0.03471	0.50735	0.01563	0.01908	0.02215	0.01638	0.07381	0.06278	0.01995	0.01525	0.00715	0.00692	0.00215	0.00781	0.00659	0.00425	0.01068
2	0.07420	0.11568	0.02149	0.14412	0.07671	0.05189	0.04878	0.06665	0.01698	0.05281	0.08295	0.02152	0.04115	0.00799	0.00693	0.00198	0.02702	0.00650	0.00458	0.13007
3	0.01497	0.01225	0.01612	0.07277	0.12382	0.01224	0.01126	0.09582	0.05790	0.02304	0.01928	0.09683	0.01853	0.15121	0.06442	0.00357	0.00762	0.00822	0.00479	0.18534
4	0.02023	0.09650	0.01878	0.01497	0.01812	0.35667	0.01158	0.04850	0.05660	0.01880	0.01752	0.02174	0.05004	0.07606	0.11314	0.00374	0.03860	0.00632	0.00416	0.00793
5	0.01375	0.01313	0.02223	0.47113	0.03880	0.01581	0.09460	0.01767	0.01364	0.01808	0.01358	0.02183	0.01157	0.09553	0.01284	0.00301	0.10477	0.00703	0.00334	0.00767

[dist]
# distance from previous block
# <min> <max>
7	12

[block]
# block no. 1 follows, 29 sequences, length 16
# corresponding to MSA columns:
# 92-107
name=unknown_B
#
# <colnr> <probs for GDERKNQSTAVLIFYWHMCP>
#	G	D	E	R	K	N	Q	S	T	A	V	L	I	F	Y	W	H	M	C	P
0	0.02593	0.01864	0.02034	0.01596	0.02131	0.02045	0.01324	0.59991	0.03152	0.06856	0.01927	0.02275	0.01478	0.00950	0.00736	0.00224	0.00766	0.06180	0.00714	0.01164
1	0.08045	0.23290	0.31207	0.01554	0.02298	0.01914	0.01734	0.04157	0.06413	0.08148	0.03953	0.01679	0.01280	0.00728	0.00609	0.00205	0.00824	0.00541	0.00421	0.01000
2	0.02183	0.07645	0.02011	0.01371	0.01956	0.01419	0.05808	0.14861	0.01985	0.20299	0.01818	0.04036	0.01370	0.00745	0.00639	0.00175	0.00660	0.00615	0.00588	0.29816
3	0.01781	0.01767	0.02746	0.11669	0.58531	0.06707	0.02105	0.02193	0.01628	0.02230	0.01314	0.01743	0.01093	0.00650	0.00701	0.00212	0.00888	0.00622	0.00350	0.01070
4	0.01537	0.20041	0.55878	0.01845	0.02796	0.01919	0.02309	0.02227	0.01490	0.02123	0.01212	0.01421	0.00905	0.00661	0.00626	0.00209	0.00986	0.00493	0.00302	0.01021
5	0.02490	0.01915	0.01978	0.01574	0.02071	0.06047	0.01274	0.56577	0.03040	0.04019	0.01932	0.10159	0.01601	0.01008	0.00731	0.00221	0.00769	0.00792	0.00686	0.01115
6	0.01916	0.01366	0.01790	0.01303	0.01923	0.01135	0.06558	0.07222	0.01744	0.15624	0.01609	0.01713	0.01204	0.00626	0.00604	0.00147	0.00618	0.00530	0.00527	0.51839
7	0.02657	0.07681	0.01853	0.01304	0.01805	0.01482	0.01075	0.21695	0.02263	0.36981	0.02488	0.02496	0.04683	0.07116	0.00943	0.00253	0.00666	0.00728	0.00736	0.01093
8	0.02432	0.03015	0.01990	0.01976	0.07842	0.60117	0.01383	0.02631	0.01929	0.01798	0.01361	0.07551	0.01257	0.00853	0.00670	0.00195	0.01173	0.00607	0.00391	0.00830
9	0.02660	0.03394	0.02018	0.01834	0.02201	0.72116	0.01376	0.02843	0.02018	0.01743	0.01101	0.01284	0.00917	0.00734	0.00642	0.00183	0.01284	0.00459	0.00367	0.00825
10	0.01477	0.01266	0.01477	0.01055	0.01687	0.00949	0.00844	0.01793	0.01477	0.02320	0.01266	0.01477	0.01055	0.00527	0.00527	0.00105	0.00527	0.00422	0.00422	0.79328
11	0.80005	0.01377	0.01047	0.00936	0.01377	0.01597	0.00771	0.02093	0.01212	0.03195	0.00991	0.01157	0.00771	0.00661	0.00441	0.00220	0.00551	0.00386	0.00441	0.00771
12	0.00868	0.00620	0.00826	0.00991	0.01033	0.00578	0.00661	0.00991	0.01363	0.01818	0.03925	0.74510	0.04710	0.02231	0.00909	0.00289	0.00413	0.02024	0.00661	0.00578
13	0.01734	0.01679	0.02606	0.02071	0.02339	0.02040	0.17353	0.10931	0.03989	0.02269	0.01261	0.01742	0.01077	0.01153	0.03819	0.00304	0.41660	0.00688	0.00395	0.00889
14	0.02440	0.01425	0.01668	0.01372	0.01846	0.01482	0.01102	0.13168	0.28459	0.30569	0.06560	0.02574	0.02126	0.00944	0.00726	0.00228	0.00600	0.00773	0.00789	0.01148
15	0.01790	0.01478	0.01536	0.01350	0.01732	0.04228	0.01055	0.11700	0.41398	0.04967	0.12558	0.03169	0.07785	0.01073	0.00745	0.00232	0.00573	0.00889	0.00717	0.01025

[dist]
# distance from previous block
# <min> <max>
0	1

[block]
# block no. 2 follows, 29 sequences, length 92
# corresponding to MSA columns:
# 109-139,141-201
name=unknown_C
#
# <colnr> <probs for GDERKNQSTAVLIFYWHMCP>
#	G	D	E	R	K	N	Q	S	T	A	V	L	I	F	Y	W	H	M	C	P
0	0.01382	0.01192	0.01515	0.14057	0.02183	0.01022	0.01021	0.01716	0.01498	0.02228	0.05483	0.04758	0.03801	0.00721	0.00604	0.00148	0.00583	0.00607	0.00441	0.55042
1	0.01904	0.75404	0.03731	0.01218	0.01828	0.02818	0.01218	0.02132	0.01447	0.01675	0.00990	0.01142	0.00914	0.00609	0.00457	0.00152	0.00761	0.00381	0.00305	0.00914
2	0.01537	0.17971	0.54904	0.01964	0.05637	0.01888	0.02329	0.02228	0.01497	0.02142	0.01223	0.01442	0.00914	0.00661	0.00634	0.00210	0.00985	0.00502	0.00304	0.01028
3	0.03061	0.01399	0.06940	0.01325	0.01914	0.01093	0.01167	0.03378	0.01997	0.65805	0.02693	0.02354	0.01697	0.00866	0.00713	0.00221	0.00640	0.00702	0.00837	0.01200
4	0.01771	0.01530	0.01610	0.01449	0.01852	0.01771	0.01127	0.03784	0.69247	0.02979	0.02898	0.02657	0.02174	0.00966	0.00725	0.00242	0.00564	0.00805	0.00725	0.01127
5	0.01826	0.01813	0.02828	0.04190	0.65661	0.06714	0.02128	0.02232	0.01650	0.02285	0.01322	0.01728	0.01113	0.00642	0.00700	0.00209	0.00877	0.00622	0.00354	0.01106
6	0.71154	0.04928	0.01246	0.00997	0.01454	0.01696	0.00831	0.06496	0.01365	0.03209	0.01039	0.01193	0.00807	0.00671	0.00460	0.00217	0.00576	0.00402	0.00452	0.00807
7	0.01017	0.00763	0.01144	0.01144	0.01272	0.00890	0.00890	0.01272	0.01144	0.01653	0.01907	0.02797	0.01780	0.05340	0.72153	0.01144	0.01907	0.00763	0.00381	0.00636
8	0.00939	0.00706	0.00749	0.00749	0.00868	0.00646	0.00486	0.01029	0.01327	0.01650	0.04708	0.05747	0.36130	0.38699	0.02245	0.00467	0.00527	0.01267	0.00545	0.00516
9	0.01087	0.00776	0.01078	0.01242	0.01379	0.00767	0.01042	0.01370	0.01579	0.02063	0.03804	0.22436	0.04231	0.02024	0.00967	0.00319	0.00603	0.51935	0.00657	0.00639
10	0.01681	0.01921	0.04202	0.03001	0.03721	0.01801	0.67947	0.02281	0.01681	0.02281	0.01441	0.01921	0.01080	0.00600	0.00840	0.00240	0.01200	0.00840	0.00360	0.00960
11	0.01681	0.01921	0.04202	0.03001	0.03721	0.01801	0.67947	0.02281	0.01681	0.02281	0.01441	0.01921	0.01080	0.00600	0.00840	0.00240	0.01200	0.00840	0.00360	0.00960
12	0.01771	0.01530	0.01610	0.01449	0.01852	0.01771	0.01127	0.03784	0.69247	0.02979	0.02898	0.02657	0.02174	0.00966	0.00725	0.00242	0.00564	0.00805	0.00725	0.01127
13	0.01147	0.00820	0.01147	0.01311	0.01475	0.00820	0.01147	0.01475	0.01639	0.02131	0.03770	0.08032	0.04098	0.01967	0.00984	0.00328	0.00656	0.65741	0.00656	0.00656
14	0.01015	0.00699	0.00860	0.00876	0.00908	0.00721	0.00552	0.01081	0.01092	0.01483	0.02342	0.11330	0.02632	0.52843	0.17889	0.00746	0.00921	0.01078	0.00444	0.00490
15	0.01345	0.01266	0.02136	0.73264	0.04904	0.01582	0.01978	0.01819	0.01424	0.01819	0.01266	0.01898	0.00949	0.00712	0.00712	0.00237	0.00949	0.00633	0.00316	0.00791
16	0.00856	0.00722	0.00741	0.00736	0.00971	0.00607	0.00552	0.01050	0.01657	0.02004	0.12669	0.06720	0.64738	0.01773	0.00841	0.00239	0.00359	0.01484	0.00672	0.00607
17	0.01762	0.01692	0.02890	0.04371	0.70533	0.01692	0.02185	0.02185	0.01621	0.02326	0.01339	0.01762	0.01128	0.00634	0.00705	0.00211	0.00846	0.00634	0.00352	0.01128
18	0.01904	0.75404	0.03731	0.01218	0.01828	0.02818	0.01218	0.02132	0.01447	0.01675	0.00990	0.01142	0.00914	0.00609	0.00457	0.00152	0.00761	0.00381	0.00305	0.00914
19	0.01477	0.01266	0.01477	0.01055	0.01687	0.00949	0.00844	0.01793	0.01477	0.02320	0.01266	0.01477	0.01055	0.00527	0.00527	0.00105	0.00527	0.00422	0.00422	0.79328
20	0.01751	0.01757	0.05282	0.04189	0.65813	0.01693	0.02165	0.02242	0.03900	0.02346	0.01390	0.01783	0.01155	0.00647	0.00705	0.00213	0.00844	0.00636	0.00363	0.01125
21	0.01609	0.00896	0.01235	0.01056	0.01348	0.00806	0.02934	0.01932	0.01996	0.21073	0.47474	0.04492	0.07651	0.01288	0.00807	0.00224	0.00437	0.01128	0.00792	0.00823
22	0.02707	0.01995	0.02137	0.01638	0.02208	0.02208	0.01353	0.68159	0.03348	0.04488	0.01710	0.01710	0.01211	0.00855	0.00712	0.00214	0.00784	0.00641	0.00712	0.01211
23	0.00868	0.00620	0.00826	0.00991	0.01033	0.00578	0.00661	0.00991	0.01363	0.01818	0.03925	0.74510	0.04710	0.02231	0.00909	0.00289	0.00413	0.02024	0.00661	0.00578
24	0.01828	0.63942	0.14527	0.01348	0.02028	0.02632	0.01444	0.02152	0.01456	0.01768	0.01036	0.01200	0.00912	0.00620	0.00492	0.00164	0.00808	0.00404	0.00304	0.00936
25	0.01036	0.00690	0.00777	0.00777	0.00777	0.00690	0.00431	0.01036	0.01036	0.01381	0.02244	0.04660	0.02589	0.74975	0.03624	0.00690	0.00690	0.01036	0.00431	0.00431
26	0.01017	0.00763	0.01144	0.01144	0.01272	0.00890	0.00890	0.01272	0.01144	0.01653	0.01907	0.02797	0.01780	0.05340	0.72153	0.01144	0.01907	0.00763	0.00381	0.00636
27	0.02707	0.01995	0.02137	0.01638	0.02208	0.02208	0.01353	0.68159	0.03348	0.04488	0.01710	0.01710	0.01211	0.00855	0.00712	0.00214	0.00784	0.00641	0.00712	0.01211
28	0.01425	0.01352	0.02259	0.57840	0.15205	0.01637	0.01985	0.01871	0.01435	0.01894	0.01257	0.01856	0.00977	0.00733	0.00811	0.00238	0.05429	0.00632	0.00322	0.00844
29	0.00987	0.00727	0.00923	0.00874	0.01051	0.00663	0.00655	0.01303	0.01966	0.02738	0.62227	0.05512	0.14722	0.01500	0.00840	0.00226	0.00339	0.01315	0.00768	0.00663
30	0.00893	0.00638	0.00856	0.01021	0.01073	0.00600	0.00706	0.01036	0.01389	0.01846	0.03910	0.68419	0.04654	0.02207	0.00916	0.00293	0.00435	0.07863	0.00661	0.00585
31	0.80005	0.01377	0.01047	0.00936	0.01377	0.01597	0.00771	0.02093	0.01212	0.03195	0.00991	0.01157	0.00771	0.00661	0.00441	0.00220	0.00551	0.00386	0.00441	0.00771
32	0.01147	0.00820	0.01147	0.01311	0.01475	0.00820	0.01147	0.01475	0.01639	0.02131	0.03770	0.08032	0.04098	0.01967	0.00984	0.00328	0.00656	0.65741	0.00656	0.00656
33	0.02647	0.01949	0.02099	0.01626	0.02180	0.02155	0.01346	0.65596	0.03282	0.04397	0.01789	0.01953	0.01322	0.00898	0.00723	0.00218	0.00779	0.03144	0.00710	0.01190
34	0.00868	0.00620	0.00826	0.00991	0.01033	0.00578	0.00661	0.00991	0.01363	0.01818	0.03925	0.74510	0.04710	0.02231	0.00909	0.00289	0.00413	0.02024	0.00661	0.00578
35	0.00868	0.00620	0.00826	0.00991	0.01033	0.00578	0.00661	0.00991	0.01363	0.01818	0.03925	0.74510	0.04710	0.02231	0.00909	0.00289	0.00413	0.02024	0.00661	0.00578
36	0.01762	0.01692	0.02890	0.04371	0.70533	0.01692	0.02185	0.02185	0.01621	0.02326	0.01339	0.01762	0.01128	0.00634	0.00705	0.00211	0.00846	0.00634	0.00352	0.01128
37	0.01345	0.01266	0.02136	0.73264	0.04904	0.01582	0.01978	0.01819	0.01424	0.01819	0.01266	0.01898	0.00949	0.00712	0.00712	0.00237	0.00949	0.00633	0.00316	0.00791
38	0.00884	0.00634	0.00824	0.00961	0.01015	0.00591	0.00641	0.01012	0.01385	0.01843	0.07102	0.63734	0.07570	0.06862	0.01078	0.00310	0.00425	0.01903	0.00652	0.00574
39	0.01904	0.75404	0.03731	0.01218	0.01828	0.02818	0.01218	0.02132	0.01447	0.01675	0.00990	0.01142	0.00914	0.00609	0.00457	0.00152	0.00761	0.00381	0.00305	0.00914
40	0.01033	0.00694	0.00793	0.00788	0.00803	0.00689	0.00454	0.01064	0.01125	0.01516	0.08471	0.04720	0.02967	0.68234	0.03369	0.00648	0.00658	0.01059	0.00464	0.00454
41	0.01643	0.01494	0.05527	0.01192	0.01823	0.01169	0.01016	0.11804	0.01779	0.02662	0.03785	0.01650	0.01271	0.00618	0.00575	0.00133	0.00589	0.00492	0.00472	0.60306
42	0.01540	0.20578	0.55373	0.01838	0.02786	0.01928	0.02298	0.02226	0.01490	0.02118	0.01210	0.01418	0.00905	0.00661	0.00625	0.00208	0.00984	0.00492	0.00302	0.01020
43	0.01156	0.00828	0.01132	0.01274	0.01433	0.00828	0.01082	0.03551	0.01653	0.02160	0.03727	0.17704	0.04096	0.01970	0.00964	0.00318	0.00624	0.54179	0.00658	0.00662
44	0.01762	0.01692	0.02890	0.04371	0.70533	0.01692	0.02185	0.02185	0.01621	0.02326	0.01339	0.01762	0.01128	0.00634	0.00705	0.00211	0.00846	0.00634	0.00352	0.01128
45	0.01036	0.00690	0.00777	0.00777	0.00777	0.00690	0.00431	0.01036	0.01036	0.01381	0.02244	0.04660	0.02589	0.74975	0.03624	0.00690	0.00690	0.01036	0.00431	0.00431
46	0.02568	0.01925	0.02059	0.01610	0.02155	0.02143	0.01320	0.58596	0.13137	0.04264	0.01886	0.01850	0.01354	0.00871	0.00714	0.00218	0.00751	0.00665	0.00714	0.01198
47	0.00868	0.00620	0.00826	0.00991	0.01033	0.00578	0.00661	0.00991	0.01363	0.01818	0.03925	0.74510	0.04710	0.02231	0.00909	0.00289	0.00413	0.02024	0.00661	0.00578
48	0.01017	0.00763	0.01144	0.01144	0.01272	0.00890	0.00890	0.01272	0.01144	0.01653	0.01907	0.02797	0.01780	0.05340	0.72153	0.01144	0.01907	0.00763	0.00381	0.00636
49	0.01036	0.00690	0.00777	0.00777	0.00777	0.00690	0.00431	0.01036	0.01036	0.01381	0.02244	0.04660	0.02589	0.74975	0.03624	0.00690	0.00690	0.01036	0.00431	0.00431
50	0.01013	0.00724	0.00994	0.01158	0.01263	0.00704	0.00914	0.01243	0.01507	0.01981	0.03844	0.39882	0.04391	0.02093	0.00948	0.00309	0.00539	0.35214	0.00658	0.00619
51	0.80005	0.01377	0.01047	0.00936	0.01377	0.01597	0.00771	0.02093	0.01212	0.03195	0.00991	0.01157	0.00771	0.00661	0.00441	0.00220	0.00551	0.00386	0.00441	0.00771
52	0.01017	0.00763	0.01144	0.01144	0.01272	0.00890	0.00890	0.01272	0.01144	0.01653	0.01907	0.02797	0.01780	0.05340	0.72153	0.01144	0.01907	0.00763	0.00381	0.00636
53	0.01414	0.03582	0.68872	0.01991	0.03013	0.01620	0.02564	0.02224	0.01521	0.02276	0.03642	0.01634	0.01102	0.00703	0.00682	0.00225	0.01028	0.00552	0.00317	0.01039
54	0.01930	0.66238	0.07451	0.01308	0.01925	0.07647	0.01310	0.02189	0.01490	0.01713	0.01014	0.01173	0.00913	0.00622	0.00482	0.00159	0.00815	0.00395	0.00309	0.00915
55	0.01794	0.01416	0.01555	0.01339	0.01768	0.01526	0.01050	0.05732	0.46742	0.07568	0.08791	0.02688	0.02373	0.00941	0.00707	0.00219	0.00549	0.00785	0.00699	0.11758
56	0.02687	0.01548	0.01841	0.01515	0.04063	0.01593	0.01195	0.27400	0.12511	0.31887	0.04559	0.02267	0.01761	0.00895	0.00720	0.00221	0.00664	0.00718	0.00776	0.01179
57	0.02356	0.01900	0.04399	0.01907	0.09786	0.02011	0.01431	0.46619	0.12956	0.03854	0.01908	0.04309	0.01455	0.00887	0.00719	0.00221	0.00754	0.00708	0.00658	0.01162
58	0.03113	0.01194	0.01626	0.01253	0.01790	0.01033	0.01033	0.03391	0.02037	0.68478	0.05327	0.02532	0.01948	0.00903	0.00721	0.00220	0.00596	0.00737	0.00878	0.01192
59	0.01477	0.01266	0.01477	0.01055	0.01687	0.00949	0.00844	0.01793	0.01477	0.02320	0.01266	0.01477	0.01055	0.00527	0.00527	0.00105	0.00527	0.00422	0.00422	0.79328
60	0.02328	0.01951	0.09313	0.04769	0.02295	0.01901	0.01431	0.36073	0.19141	0.10256	0.02044	0.01999	0.01457	0.00859	0.00712	0.00223	0.00748	0.00676	0.00671	0.01155
61	0.02110	0.45178	0.09364	0.01488	0.02065	0.23157	0.01399	0.04500	0.01682	0.01840	0.01072	0.01236	0.00923	0.00660	0.00540	0.00170	0.00943	0.00426	0.00336	0.00910
62	0.01720	0.01417	0.03981	0.01215	0.01853	0.01100	0.03291	0.06671	0.01666	0.08496	0.01439	0.01592	0.01124	0.00589	0.00573	0.00132	0.00593	0.00481	0.00477	0.61589
63	0.01449	0.00981	0.01194	0.01078	0.01350	0.00989	0.00831	0.02171	0.18174	0.11002	0.39797	0.04276	0.07604	0.01468	0.04178	0.00272	0.00499	0.01087	0.00757	0.00842
64	0.05331	0.30352	0.42733	0.01675	0.02533	0.02086	0.02015	0.02202	0.01468	0.02083	0.01157	0.01352	0.00900	0.00651	0.00583	0.00198	0.00920	0.00465	0.00309	0.00987
65	0.01372	0.01293	0.02184	0.68824	0.09133	0.01589	0.01991	0.01843	0.01437	0.01852	0.01270	0.01890	0.00961	0.00707	0.00711	0.00236	0.00943	0.00633	0.00319	0.00813
66	0.01740	0.01502	0.01580	0.01425	0.01822	0.01732	0.01107	0.03691	0.66972	0.02943	0.03043	0.02798	0.04463	0.00994	0.00728	0.00241	0.00557	0.00829	0.00722	0.01109
67	0.01643	0.00868	0.01155	0.01004	0.01283	0.00781	0.00781	0.01961	0.02022	0.22658	0.50594	0.04478	0.05279	0.01289	0.00804	0.00223	0.00414	0.01122	0.00812	0.00829
68	0.01237	0.00618	0.00928	0.00928	0.00928	0.00618	0.00618	0.00928	0.00928	0.01237	0.01237	0.02165	0.01237	0.02474	0.02783	0.79283	0.00618	0.00618	0.00309	0.00309
69	0.01771	0.01530	0.01610	0.01449	0.01852	0.01771	0.01127	0.03784	0.69247	0.02979	0.02898	0.02657	0.02174	0.00966	0.00725	0.00242	0.00564	0.00805	0.00725	0.01127
70	0.01036	0.00690	0.00777	0.00777	0.00777	0.00690	0.00431	0.01036	0.01036	0.01381	0.02244	0.04660	0.02589	0.74975	0.03624	0.00690	0.00690	0.01036	0.00431	0.00431
71	0.54178	0.01557	0.01395	0.01159	0.01642	0.01763	0.00956	0.22028	0.01882	0.05841	0.01268	0.01365	0.00937	0.00727	0.00532	0.00218	0.00623	0.00474	0.00537	0.00918
72	0.01606	0.01712	0.03409	0.19791	0.13489	0.01755	0.39091	0.02126	0.01578	0.02146	0.01356	0.01872	0.01048	0.00668	0.00876	0.00239	0.05211	0.00749	0.00346	0.00934
73	0.01766	0.01573	0.02514	0.03479	0.51808	0.01494	0.01830	0.02158	0.01609	0.05582	0.01393	0.01730	0.01142	0.00622	0.00666	0.00188	0.00763	0.00591	0.00393	0.18701
74	0.03178	0.01239	0.01669	0.01280	0.01831	0.01087	0.01057	0.05695	0.02083	0.68738	0.02771	0.02399	0.01744	0.00880	0.00716	0.00220	0.00612	0.00713	0.00876	0.01212
75	0.01720	0.01478	0.01566	0.01423	0.01805	0.01703	0.01101	0.03625	0.65387	0.02913	0.02957	0.06742	0.02318	0.01038	0.00735	0.00244	0.00555	0.00874	0.00721	0.01096
76	0.00855	0.00700	0.00754	0.00788	0.00982	0.00599	0.00573	0.01030	0.01584	0.01942	0.09288	0.21444	0.53232	0.01881	0.00856	0.00250	0.00371	0.01606	0.00667	0.00599
77	0.01428	0.03683	0.71286	0.02030	0.03082	0.01654	0.02631	0.02255	0.01503	0.02255	0.01278	0.01503	0.00902	0.00677	0.00677	0.00226	0.01052	0.00526	0.00301	0.01052
78	0.00868	0.00620	0.00826	0.00991	0.01033	0.00578	0.00661	0.00991	0.01363	0.01818	0.03925	0.74510	0.04710	0.02231	0.00909	0.00289	0.00413	0.02024	0.00661	0.00578
79	0.01771	0.01530	0.01610	0.01449	0.01852	0.01771	0.01127	0.03784	0.69247	0.02979	0.02898	0.02657	0.02174	0.00966	0.00725	0.00242	0.00564	0.00805	0.00725	0.01127
80	0.01558	0.01558	0.02181	0.01869	0.01869	0.02181	0.01558	0.01714	0.01091	0.01714	0.00935	0.01558	0.00935	0.01246	0.02337	0.00312	0.73672	0.00623	0.00312	0.00779
81	0.02660	0.03394	0.02018	0.01834	0.02201	0.72116	0.01376	0.02843	0.02018	0.01743	0.01101	0.01284	0.00917	0.00734	0.00642	0.00183	0.01284	0.00459	0.00367	0.00825
82	0.01237	0.00618	0.00928	0.00928	0.00928	0.00618	0.00618	0.00928	0.00928	0.01237	0.01237	0.02165	0.01237	0.02474	0.02783	0.79283	0.00618	0.00618	0.00309	0.00309
83	0.80005	0.01377	0.01047	0.00936	0.01377	0.01597	0.00771	0.02093	0.01212	0.03195	0.00991	0.01157	0.00771	0.00661	0.00441	0.00220	0.00551	0.00386	0.00441	0.00771
84	0.01806	0.01547	0.01630	0.01456	0.01865	0.01787	0.01136	0.06191	0.66783	0.03035	0.02854	0.02621	0.02138	0.00962	0.00724	0.00240	0.00572	0.00799	0.00724	0.01130
85	0.01428	0.03683	0.71286	0.02030	0.03082	0.01654	0.02631	0.02255	0.01503	0.02255	0.01278	0.01503	0.00902	0.00677	0.00677	0.00226	0.01052	0.00526	0.00301	0.01052
86	0.02668	0.01982	0.02168	0.01752	0.05051	0.02187	0.01388	0.65414	0.03276	0.04398	0.01694	0.01712	0.01208	0.00846	0.00712	0.00214	0.00786	0.00641	0.00697	0.01208
87	0.01933	0.72647	0.03666	0.01242	0.01842	0.05471	0.01224	0.02159	0.01469	0.01678	0.00994	0.01148	0.00914	0.00614	0.00464	0.00153	0.00782	0.00384	0.00307	0.00910
88	0.01487	0.01275	0.01481	0.01069	0.01693	0.00979	0.00854	0.01865	0.03916	0.02344	0.01324	0.01519	0.01095	0.00543	0.00534	0.00110	0.00529	0.00436	0.00433	0.76513
89	0.01834	0.27432	0.34910	0.01721	0.02488	0.16233	0.01909	0.02333	0.01588	0.01959	0.01147	0.01339	0.00909	0.00666	0.00597	0.00193	0.01002	0.00464	0.00315	0.00961
90	0.01036	0.00690	0.00777	0.00777	0.00777	0.00690	0.00431	0.01036	0.01036	0.01381	0.02244	0.04660	0.02589	0.74975	0.03624	0.00690	0.00690	0.01036	0.00431	0.00431
91	0.01749	0.01646	0.02623	0.06302	0.55274	0.01703	0.01979	0.02472	0.14312	0.02431	0.01629	0.01935	0.01318	0.00700	0.00709	0.00218	0.00797	0.00666	0.00421	0.01116

[dist]
# distance from previous block
# <min> <max>
0	1

[block]
# block no. 3 follows, 29 sequences, length 73
# corresponding to MSA columns:
# 203-275
name=unknown_D
#
# <colnr> <probs for GDERKNQSTAVLIFYWHMCP>
#	G	D	E	R	K	N	Q	S	T	A	V	L	I	F	Y	W	H	M	C	P
0	0.01017	0.00763	0.01144	0.01144	0.01272	0.00890	0.00890	0.01272	0.01144	0.01653	0.01907	0.02797	0.01780	0.05340	0.72153	0.01144	0.01907	0.00763	0.00381	0.00636
1	0.01558	0.01558	0.02181	0.01869	0.01869	0.02181	0.01558	0.01714	0.01091	0.01714	0.00935	0.01558	0.00935	0.01246	0.02337	0.00312	0.73672	0.00623	0.00312	0.00779
2	0.02615	0.03299	0.01997	0.01815	0.02184	0.68558	0.01363	0.02891	0.05419	0.01805	0.01192	0.01354	0.00981	0.00746	0.00646	0.00186	0.01248	0.00476	0.00385	0.00841
3	0.80005	0.01377	0.01047	0.00936	0.01377	0.01597	0.00771	0.02093	0.01212	0.03195	0.00991	0.01157	0.00771	0.00661	0.00441	0.00220	0.00551	0.00386	0.00441	0.00771
4	0.02660	0.03394	0.02018	0.01834	0.02201	0.72116	0.01376	0.02843	0.02018	0.01743	0.01101	0.01284	0.00917	0.00734	0.00642	0.00183	0.01284	0.00459	0.00367	0.00825
5	0.02692	0.01948	0.02100	0.01618	0.02181	0.02149	0.01334	0.63442	0.05614	0.06959	0.01793	0.01770	0.01266	0.00860	0.00713	0.00215	0.00769	0.00650	0.00719	0.01208
6	0.01543	0.21034	0.54943	0.01833	0.02778	0.01935	0.02289	0.02225	0.01490	0.02115	0.01208	0.01416	0.00905	0.00660	0.00623	0.00208	0.00982	0.00491	0.00302	0.01019
7	0.01477	0.01266	0.01477	0.01055	0.01687	0.00949	0.00844	0.01793	0.01477	0.02320	0.01266	0.01477	0.01055	0.00527	0.00527	0.00105	0.00527	0.00422	0.00422	0.79328
8	0.01359	0.01280	0.02161	0.70912	0.07145	0.01586	0.01985	0.01832	0.01431	0.01837	0.01268	0.01894	0.00955	0.00709	0.00712	0.00236	0.00946	0.00633	0.00318	0.00803
9	0.80005	0.01377	0.01047	0.00936	0.01377	0.01597	0.00771	0.02093	0.01212	0.03195	0.00991	0.01157	0.00771	0.00661	0.00441	0.00220	0.00551	0.00386	0.00441	0.00771
10	0.01036	0.00690	0.00777	0.00777	0.00777	0.00690	0.00431	0.01036	0.01036	0.01381	0.02244	0.04660	0.02589	0.74975	0.03624	0.00690	0.00690	0.01036	0.00431	0.00431
11	0.80005	0.01377	0.01047	0.00936	0.01377	0.01597	0.00771	0.02093	0.01212	0.03195	0.00991	0.01157	0.00771	0.00661	0.00441	0.00220	0.00551	0.00386	0.00441	0.00771
12	0.01558	0.01558	0.02181	0.01869	0.01869	0.02181	0.01558	0.01714	0.01091	0.01714	0.00935	0.01558	0.00935	0.01246	0.02337	0.00312	0.73672	0.00623	0.00312	0.00779
13	0.00842	0.00721	0.00721	0.00721	0.00962	0.00601	0.00541	0.01022	0.01623	0.01924	0.07213	0.06853	0.70244	0.01803	0.00842	0.00240	0.00361	0.01503	0.00661	0.00601
14	0.80005	0.01377	0.01047	0.00936	0.01377	0.01597	0.00771	0.02093	0.01212	0.03195	0.00991	0.01157	0.00771	0.00661	0.00441	0.00220	0.00551	0.00386	0.00441	0.00771
15	0.00905	0.00724	0.00810	0.00788	0.01001	0.00628	0.00591	0.01146	0.01774	0.02281	0.31387	0.06264	0.45848	0.01670	0.00841	0.00234	0.00351	0.01420	0.00708	0.00628
16	0.01771	0.01530	0.01610	0.01449	0.01852	0.01771	0.01127	0.03784	0.69247	0.02979	0.02898	0.02657	0.02174	0.00966	0.00725	0.00242	0.00564	0.00805	0.00725	0.01127
17	0.01008	0.00728	0.00952	0.00896	0.01064	0.00672	0.00672	0.01344	0.02016	0.02855	0.70158	0.05319	0.06719	0.01456	0.00840	0.00224	0.00336	0.01288	0.00784	0.00672
18	0.01904	0.75404	0.03731	0.01218	0.01828	0.02818	0.01218	0.02132	0.01447	0.01675	0.00990	0.01142	0.00914	0.00609	0.00457	0.00152	0.00761	0.00381	0.00305	0.00914
19	0.01904	0.75404	0.03731	0.01218	0.01828	0.02818	0.01218	0.02132	0.01447	0.01675	0.00990	0.01142	0.00914	0.00609	0.00457	0.00152	0.00761	0.00381	0.00305	0.00914
20	0.01386	0.01125	0.01278	0.01170	0.01454	0.01217	0.00898	0.02553	0.35345	0.02917	0.36815	0.03999	0.04466	0.01213	0.00783	0.00233	0.00449	0.01048	0.00754	0.00898
21	0.01213	0.01067	0.01401	0.03705	0.01534	0.04748	0.01057	0.01455	0.01268	0.01775	0.07021	0.02757	0.03958	0.03735	0.44675	0.00802	0.15965	0.00777	0.00404	0.00681
22	0.01762	0.01692	0.02890	0.04371	0.70533	0.01692	0.02185	0.02185	0.01621	0.02326	0.01339	0.01762	0.01128	0.00634	0.00705	0.00211	0.00846	0.00634	0.00352	0.01128
23	0.03195	0.01212	0.01652	0.01267	0.01818	0.01047	0.01047	0.03470	0.02038	0.71026	0.02809	0.02424	0.01763	0.00881	0.00716	0.00220	0.00606	0.00716	0.00881	0.01212
24	0.01327	0.00664	0.00664	0.00664	0.00830	0.00664	0.00498	0.01659	0.01493	0.02655	0.02323	0.02655	0.01825	0.00830	0.00498	0.00166	0.00332	0.00664	0.78928	0.00664
25	0.01446	0.03579	0.67699	0.02152	0.06619	0.01656	0.02608	0.02251	0.01510	0.02259	0.01281	0.01517	0.00914	0.00674	0.00678	0.00225	0.01042	0.00532	0.00303	0.01056
26	0.01345	0.01266	0.02136	0.73264	0.04904	0.01582	0.01978	0.01819	0.01424	0.01819	0.01266	0.01898	0.00949	0.00712	0.00712	0.00237	0.00949	0.00633	0.00316	0.00791
27	0.01036	0.00690	0.00777	0.00777	0.00777	0.00690	0.00431	0.01036	0.01036	0.01381	0.02244	0.04660	0.02589	0.74975	0.03624	0.00690	0.00690	0.01036	0.00431	0.00431
28	0.01536	0.03318	0.58536	0.02189	0.05233	0.01649	0.10275	0.02302	0.01549	0.04896	0.01358	0.01596	0.00963	0.00674	0.00698	0.00227	0.01046	0.00574	0.00332	0.01050
29	0.01849	0.01983	0.08289	0.28697	0.05417	0.10122	0.10027	0.15359	0.01902	0.02448	0.01337	0.01730	0.01014	0.00761	0.00829	0.00230	0.06036	0.00630	0.00407	0.00932
30	0.00868	0.00620	0.00826	0.00991	0.01033	0.00578	0.00661	0.00991	0.01363	0.01818	0.03925	0.74510	0.04710	0.02231	0.00909	0.00289	0.00413	0.02024	0.00661	0.00578
31	0.77041	0.01454	0.01084	0.00971	0.01409	0.04300	0.00794	0.02122	0.01243	0.03139	0.00996	0.01162	0.00777	0.00664	0.00448	0.00219	0.00579	0.00388	0.00438	0.00773
32	0.01008	0.00728	0.00952	0.00896	0.01064	0.00672	0.00672	0.01344	0.02016	0.02855	0.70158	0.05319	0.06719	0.01456	0.00840	0.00224	0.00336	0.01288	0.00784	0.00672
33	0.01428	0.03683	0.71286	0.02030	0.03082	0.01654	0.02631	0.02255	0.01503	0.02255	0.01278	0.01503	0.00902	0.00677	0.00677	0.00226	0.01052	0.00526	0.00301	0.01052
34	0.01036	0.00690	0.00777	0.00777	0.00777	0.00690	0.00431	0.01036	0.01036	0.01381	0.02244	0.04660	0.02589	0.74975	0.03624	0.00690	0.00690	0.01036	0.00431	0.00431
35	0.01231	0.00777	0.01023	0.00934	0.01141	0.00710	0.00710	0.01561	0.02018	0.09814	0.63283	0.05023	0.06213	0.01397	0.00827	0.00224	0.00363	0.01229	0.00794	0.00727
36	0.01762	0.01692	0.02890	0.04371	0.70533	0.01692	0.02185	0.02185	0.01621	0.02326	0.01339	0.01762	0.01128	0.00634	0.00705	0.00211	0.00846	0.00634	0.00352	0.01128
37	0.01762	0.01692	0.02890	0.04371	0.70533	0.01692	0.02185	0.02185	0.01621	0.02326	0.01339	0.01762	0.01128	0.00634	0.00705	0.00211	0.00846	0.00634	0.00352	0.01128
38	0.01446	0.01233	0.01444	0.01051	0.01654	0.00930	0.00835	0.01752	0.01471	0.02295	0.01400	0.05171	0.01240	0.00614	0.00547	0.00115	0.00522	0.00503	0.00434	0.75345
39	0.01889	0.48704	0.05096	0.01302	0.01802	0.12544	0.01196	0.02115	0.01541	0.04162	0.01522	0.12279	0.01516	0.00884	0.00568	0.00182	0.00789	0.00656	0.00388	0.00865
40	0.08597	0.62186	0.06377	0.01233	0.01844	0.02573	0.01234	0.02202	0.01459	0.05338	0.01095	0.01224	0.00944	0.00630	0.00478	0.00165	0.00749	0.00405	0.00345	0.00923
41	0.80005	0.01377	0.01047	0.00936	0.01377	0.01597	0.00771	0.02093	0.01212	0.03195	0.00991	0.01157	0.00771	0.00661	0.00441	0.00220	0.00551	0.00386	0.00441	0.00771
42	0.01759	0.01701	0.02944	0.04314	0.67775	0.01696	0.04901	0.02189	0.01624	0.02324	0.01344	0.01769	0.01126	0.00633	0.00711	0.00213	0.00861	0.00643	0.00353	0.01121
43	0.01131	0.00814	0.01125	0.01280	0.01448	0.00808	0.01116	0.01452	0.01638	0.02120	0.03951	0.07970	0.07566	0.01958	0.00976	0.00323	0.00640	0.62372	0.00656	0.00653
44	0.01744	0.01673	0.02857	0.07409	0.67639	0.01687	0.02176	0.02169	0.01613	0.02304	0.01336	0.01768	0.01120	0.00638	0.00705	0.00213	0.00850	0.00634	0.00351	0.01113
45	0.64567	0.05554	0.01330	0.01083	0.01522	0.12003	0.00883	0.02205	0.01342	0.02902	0.01007	0.01175	0.00800	0.00669	0.00471	0.00211	0.00669	0.00396	0.00423	0.00787
46	0.00850	0.00718	0.00735	0.00739	0.00969	0.00603	0.00551	0.01035	0.01630	0.01960	0.09849	0.09344	0.64981	0.01804	0.00844	0.00242	0.00362	0.01513	0.00667	0.00603
47	0.03195	0.01212	0.01652	0.01267	0.01818	0.01047	0.01047	0.03470	0.02038	0.71026	0.02809	0.02424	0.01763	0.00881	0.00716	0.00220	0.00606	0.00716	0.00881	0.01212
48	0.01036	0.00690	0.00777	0.00777	0.00777	0.00690	0.00431	0.01036	0.01036	0.01381	0.02244	0.04660	0.02589	0.74975	0.03624	0.00690	0.00690	0.01036	0.00431	0.00431
49	0.00847	0.00722	0.00729	0.00727	0.00965	0.00604	0.00545	0.01033	0.01636	0.01955	0.09355	0.06801	0.68083	0.01792	0.00842	0.00240	0.00360	0.01495	0.00665	0.00604
50	0.01762	0.01692	0.02890	0.04371	0.70533	0.01692	0.02185	0.02185	0.01621	0.02326	0.01339	0.01762	0.01128	0.00634	0.00705	0.00211	0.00846	0.00634	0.00352	0.01128
51	0.01904	0.75404	0.03731	0.01218	0.01828	0.02818	0.01218	0.02132	0.01447	0.01675	0.00990	0.01142	0.00914	0.00609	0.00457	0.00152	0.00761	0.00381	0.00305	0.00914
52	0.01477	0.01266	0.01477	0.01055	0.01687	0.00949	0.00844	0.01793	0.01477	0.02320	0.01266	0.01477	0.01055	0.00527	0.00527	0.00105	0.00527	0.00422	0.00422	0.79328
53	0.01904	0.75404	0.03731	0.01218	0.01828	0.02818	0.01218	0.02132	0.01447	0.01675	0.00990	0.01142	0.00914	0.00609	0.00457	0.00152	0.00761	0.00381	0.00305	0.00914
54	0.76581	0.04622	0.01164	0.00949	0.01397	0.01651	0.00791	0.02095	0.01222	0.03128	0.00991	0.01156	0.00777	0.00659	0.00441	0.00217	0.00560	0.00385	0.00435	0.00777
55	0.01017	0.00763	0.01144	0.01144	0.01272	0.00890	0.00890	0.01272	0.01144	0.01653	0.01907	0.02797	0.01780	0.05340	0.72153	0.01144	0.01907	0.00763	0.00381	0.00636
56	0.01229	0.00624	0.00936	0.00936	0.00941	0.00629	0.00629	0.00941	0.00936	0.01253	0.01262	0.02189	0.01257	0.02582	0.05415	0.76318	0.00667	0.00624	0.00312	0.00322
57	0.00847	0.00722	0.00729	0.00727	0.00965	0.00604	0.00545	0.01033	0.01636	0.01955	0.09367	0.06800	0.68071	0.01791	0.00842	0.00240	0.00360	0.01495	0.00665	0.00604
58	0.01428	0.03683	0.71286	0.02030	0.03082	0.01654	0.02631	0.02255	0.01503	0.02255	0.01278	0.01503	0.00902	0.00677	0.00677	0.00226	0.01052	0.00526	0.00301	0.01052
59	0.00843	0.00717	0.00726	0.00733	0.00965	0.00600	0.00546	0.01021	0.01612	0.01919	0.07076	0.09682	0.67503	0.01821	0.00844	0.00242	0.00363	0.01525	0.00661	0.00600
60	0.01036	0.00690	0.00777	0.00777	0.00777	0.00690	0.00431	0.01036	0.01036	0.01381	0.02244	0.04660	0.02589	0.74975	0.03624	0.00690	0.00690	0.01036	0.00431	0.00431
61	0.01904	0.75404	0.03731	0.01218	0.01828	0.02818	0.01218	0.02132	0.01447	0.01675	0.00990	0.01142	0.00914	0.00609	0.00457	0.00152	0.00761	0.00381	0.00305	0.00914
62	0.01158	0.00935	0.01202	0.04203	0.01503	0.00983	0.03012	0.01823	0.19745	0.02147	0.03456	0.49689	0.03749	0.01772	0.00849	0.00273	0.00502	0.01598	0.00654	0.00748
63	0.01744	0.01675	0.02836	0.06779	0.62329	0.01695	0.04209	0.02258	0.05162	0.02340	0.01422	0.01819	0.01174	0.00654	0.00711	0.00215	0.00846	0.00650	0.00371	0.01110
64	0.05189	0.01616	0.01542	0.04102	0.01876	0.09429	0.01101	0.03184	0.47746	0.02672	0.02996	0.04919	0.08513	0.01034	0.00719	0.00235	0.00634	0.00844	0.00649	0.00999
65	0.00854	0.00725	0.00739	0.00746	0.00983	0.00610	0.00566	0.01041	0.01624	0.01932	0.07071	0.06902	0.67513	0.01810	0.00847	0.00244	0.00373	0.04155	0.00661	0.00603
66	0.58441	0.01527	0.04508	0.01620	0.13912	0.01588	0.01122	0.02189	0.01342	0.06554	0.01162	0.01347	0.00893	0.00668	0.00513	0.00219	0.00629	0.00454	0.00442	0.00871
67	0.01977	0.12293	0.11144	0.02309	0.19660	0.10051	0.01660	0.11814	0.17136	0.02609	0.01659	0.01784	0.01293	0.00753	0.00665	0.00209	0.00838	0.00605	0.00475	0.01065
68	0.01452	0.01054	0.01222	0.01106	0.01398	0.01087	0.00852	0.02361	0.25850	0.08753	0.33478	0.04289	0.11646	0.01270	0.00788	0.00232	0.00443	0.01090	0.00758	0.00873
69	0.05581	0.01371	0.01547	0.01315	0.01751	0.01455	0.01045	0.07635	0.34791	0.22732	0.07112	0.02838	0.05655	0.00994	0.00722	0.00231	0.00566	0.00815	0.00757	0.01087
70	0.29666	0.01469	0.04550	0.03837	0.04525	0.01462	0.06178	0.09461	0.04319	0.13770	0.09839	0.04419	0.01912	0.00870	0.00647	0.00225	0.00651	0.00699	0.00579	0.00925
71	0.15609	0.04526	0.03909	0.05096	0.02090	0.14075	0.01252	0.16780	0.08683	0.12613	0.01640	0.01705	0.01206	0.00805	0.00725	0.00215	0.04615	0.00572	0.00555	0.03329
72	0.02850	0.01292	0.01589	0.01270	0.01758	0.04068	0.01027	0.03303	0.09627	0.54584	0.02671	0.02406	0.01760	0.00935	0.00772	0.02864	0.00616	0.00710	0.04771	0.01128

[dist]
# distance from previous block
# <min> <max>
0	4

# created by:
# /st0/software/busco_prod/Augustus/scripts/msa2prfl.pl ./align_prep/126158.fa
