[name]
unknown

[dist]
# distance from previous block
# <min> <max>
0	73

[block]
# block no. 0 follows, 23 sequences, length 8
# corresponding to MSA columns:
# 73-77,79-81
name=unknown_A
#
# <colnr> <probs for GDERKNQSTAVLIFYWHMCP>
#	G	D	E	R	K	N	Q	S	T	A	V	L	I	F	Y	W	H	M	C	P
0	0.01333	0.00984	0.01307	0.01454	0.01648	0.01006	0.01219	0.01875	0.08518	0.02475	0.04218	0.18125	0.04545	0.02167	0.01076	0.00356	0.00693	0.45451	0.00756	0.00791
1	0.02736	0.01280	0.01637	0.01295	0.01834	0.01112	0.01049	0.05507	0.02239	0.40981	0.10205	0.03739	0.12457	0.01191	0.00830	0.00241	0.00614	0.00984	0.00890	0.09180
2	0.01258	0.00927	0.01056	0.01057	0.01172	0.00946	0.00695	0.01687	0.11319	0.02134	0.08815	0.17373	0.07916	0.37162	0.02560	0.00543	0.00646	0.01408	0.00644	0.00682
3	0.01451	0.00848	0.01164	0.01126	0.01192	0.00888	0.00779	0.05384	0.01300	0.01758	0.01730	0.02953	0.01726	0.13097	0.13285	0.48643	0.00958	0.00801	0.00416	0.00500
4	0.01798	0.01531	0.02344	0.16485	0.02912	0.01789	0.11125	0.08036	0.01807	0.02685	0.01765	0.02290	0.01409	0.00998	0.01232	0.00267	0.18252	0.00766	0.21578	0.00934
5	0.01456	0.01365	0.02265	0.52199	0.04645	0.01605	0.05335	0.01946	0.01685	0.02137	0.02618	0.03357	0.11121	0.01062	0.00857	0.00276	0.00980	0.03779	0.00441	0.00872
6	0.01071	0.00878	0.00956	0.00976	0.01222	0.00794	0.00735	0.01433	0.06123	0.02348	0.11175	0.15448	0.45957	0.02037	0.00970	0.00286	0.00455	0.05637	0.00768	0.00732
7	0.08734	0.02626	0.02397	0.06524	0.13054	0.24748	0.01683	0.21205	0.05831	0.03247	0.01615	0.01811	0.01248	0.00865	0.00759	0.00235	0.01076	0.00644	0.00558	0.01140

[dist]
# distance from previous block
# <min> <max>
5	15

[block]
# block no. 1 follows, 23 sequences, length 12
# corresponding to MSA columns:
# 97-108
name=unknown_B
#
# <colnr> <probs for GDERKNQSTAVLIFYWHMCP>
#	G	D	E	R	K	N	Q	S	T	A	V	L	I	F	Y	W	H	M	C	P
0	0.01605	0.01715	0.09033	0.01560	0.01918	0.04575	0.01338	0.05533	0.16341	0.02560	0.03282	0.15582	0.09572	0.02272	0.12243	0.00457	0.07679	0.01167	0.00619	0.00952
1	0.01682	0.00920	0.01137	0.01109	0.01320	0.00864	0.00790	0.01956	0.04316	0.15848	0.03884	0.29658	0.08226	0.14223	0.01473	0.00372	0.00566	0.01514	0.09322	0.00820
2	0.02651	0.01948	0.02087	0.01666	0.02211	0.02141	0.01352	0.47181	0.08620	0.04494	0.02545	0.06008	0.04736	0.01114	0.00810	0.00247	0.00783	0.00876	0.07280	0.01248
3	0.04383	0.10686	0.02405	0.05222	0.02397	0.27518	0.01506	0.08074	0.09201	0.02462	0.01921	0.02124	0.05103	0.01027	0.01056	0.00248	0.12482	0.00685	0.00499	0.01002
4	0.01814	0.02089	0.07837	0.03081	0.10597	0.02026	0.34677	0.02354	0.01704	0.02409	0.01545	0.02140	0.01259	0.01311	0.07091	0.00374	0.15398	0.00850	0.00396	0.01049
5	0.01621	0.01059	0.01267	0.01199	0.01401	0.01069	0.00854	0.11490	0.01877	0.08019	0.03470	0.26233	0.07265	0.22121	0.06834	0.00508	0.00770	0.01459	0.00686	0.00796
6	0.01931	0.01869	0.03154	0.13094	0.38146	0.01944	0.11294	0.02751	0.12305	0.02687	0.01827	0.02226	0.01447	0.00792	0.00831	0.00256	0.00987	0.00790	0.00468	0.01204
7	0.01694	0.01531	0.02400	0.59872	0.05128	0.01877	0.02138	0.07524	0.05373	0.02410	0.01591	0.02193	0.01186	0.00842	0.00812	0.00268	0.01041	0.00733	0.00426	0.00964
8	0.01944	0.01603	0.01645	0.04565	0.01875	0.09486	0.01160	0.14912	0.02075	0.02865	0.02259	0.10339	0.02081	0.06803	0.06700	0.00376	0.08793	0.00933	0.18687	0.00898
9	0.01325	0.00986	0.01371	0.01338	0.01521	0.01118	0.01035	0.07394	0.01574	0.02215	0.02413	0.10779	0.02346	0.05191	0.54139	0.01091	0.01857	0.01020	0.00507	0.00780
10	0.01645	0.01138	0.01481	0.01606	0.08794	0.01153	0.01036	0.04542	0.07445	0.09286	0.03393	0.11650	0.10320	0.20273	0.12067	0.00563	0.00920	0.01189	0.00633	0.00865
11	0.06442	0.01818	0.03370	0.10248	0.03487	0.01896	0.33745	0.02478	0.07865	0.02552	0.01910	0.06625	0.01608	0.01229	0.04836	0.00341	0.07116	0.00955	0.00469	0.01011

[dist]
# distance from previous block
# <min> <max>
5	20

[block]
# block no. 2 follows, 23 sequences, length 8
# corresponding to MSA columns:
# 129-136
name=unknown_C
#
# <colnr> <probs for GDERKNQSTAVLIFYWHMCP>
#	G	D	E	R	K	N	Q	S	T	A	V	L	I	F	Y	W	H	M	C	P
0	0.01756	0.01363	0.02079	0.02000	0.09252	0.01347	0.10497	0.06764	0.07784	0.08127	0.15016	0.19070	0.03728	0.06045	0.01132	0.00309	0.00730	0.01322	0.00703	0.00975
1	0.09217	0.06677	0.16653	0.02143	0.09674	0.01862	0.05802	0.06649	0.11640	0.08560	0.01890	0.02019	0.01412	0.00813	0.00736	0.00232	0.00874	0.00670	0.00550	0.11925
2	0.02264	0.02511	0.02474	0.02581	0.15468	0.27381	0.06109	0.02852	0.10147	0.02516	0.10306	0.02471	0.02184	0.00990	0.00949	0.00246	0.06200	0.00787	0.00526	0.01039
3	0.01822	0.01519	0.01788	0.01421	0.01942	0.01481	0.01138	0.09748	0.10655	0.02981	0.07416	0.02403	0.02012	0.01290	0.05910	0.00278	0.07081	0.00707	0.00590	0.37819
4	0.01709	0.01330	0.01809	0.02133	0.18528	0.01324	0.01262	0.09306	0.01971	0.02850	0.12377	0.03456	0.02780	0.15018	0.04222	0.00377	0.00769	0.00923	0.10327	0.07527
5	0.01371	0.00879	0.01175	0.01189	0.01294	0.00905	0.00847	0.03638	0.01561	0.05175	0.07002	0.31111	0.03617	0.06948	0.07848	0.15791	0.04298	0.01465	0.03210	0.00675
6	0.02212	0.07687	0.04701	0.07929	0.05201	0.07638	0.01467	0.16738	0.10353	0.07191	0.07397	0.03180	0.06550	0.01113	0.00808	0.00250	0.00829	0.03942	0.03721	0.01095
7	0.02154	0.08469	0.01920	0.01436	0.01861	0.11600	0.01147	0.18350	0.02371	0.06940	0.05651	0.03732	0.17150	0.06111	0.07185	0.00371	0.00941	0.00978	0.00655	0.00979

[dist]
# distance from previous block
# <min> <max>
1	9

[block]
# block no. 3 follows, 23 sequences, length 20
# corresponding to MSA columns:
# 146-165
name=unknown_D
#
# <colnr> <probs for GDERKNQSTAVLIFYWHMCP>
#	G	D	E	R	K	N	Q	S	T	A	V	L	I	F	Y	W	H	M	C	P
0	0.04832	0.04597	0.02321	0.18713	0.18231	0.01663	0.01691	0.02529	0.08744	0.07305	0.07541	0.02464	0.01949	0.00870	0.00765	0.00232	0.00809	0.00754	0.00540	0.13452
1	0.04452	0.01921	0.02419	0.26568	0.11409	0.06013	0.01877	0.23552	0.04358	0.03294	0.01811	0.02391	0.01429	0.00939	0.00813	0.00259	0.00981	0.03831	0.00563	0.01119
2	0.01760	0.01714	0.05879	0.01492	0.02196	0.01376	0.04897	0.02563	0.14364	0.02787	0.01827	0.01984	0.01448	0.00716	0.00678	0.00169	0.00691	0.00604	0.00537	0.52317
3	0.02520	0.01979	0.02158	0.01729	0.02226	0.07353	0.05043	0.34286	0.05089	0.06682	0.02209	0.06657	0.01893	0.12159	0.01344	0.00330	0.00897	0.00894	0.00699	0.03855
4	0.04893	0.15067	0.13877	0.01887	0.07284	0.09132	0.01604	0.08414	0.01908	0.02524	0.02153	0.17320	0.02140	0.01617	0.06346	0.00336	0.01011	0.00983	0.00510	0.00994
5	0.01364	0.01055	0.01385	0.01639	0.11817	0.01036	0.00952	0.04679	0.01708	0.02301	0.12430	0.10453	0.12001	0.31093	0.02271	0.00485	0.00686	0.01288	0.00608	0.00747
6	0.01992	0.01669	0.01447	0.01298	0.01571	0.16122	0.00943	0.06494	0.01829	0.06931	0.02182	0.03245	0.02014	0.24034	0.07374	0.00482	0.00974	0.00835	0.13119	0.05442
7	0.04922	0.08212	0.05128	0.06058	0.02721	0.09234	0.15541	0.11277	0.02062	0.02732	0.05676	0.05093	0.01889	0.01906	0.13484	0.00446	0.01268	0.00849	0.00510	0.00992
8	0.02625	0.02939	0.02853	0.06413	0.03056	0.34219	0.15448	0.12647	0.06943	0.02724	0.01610	0.01858	0.01245	0.00841	0.00807	0.00237	0.01269	0.00693	0.00504	0.01067
9	0.01185	0.00811	0.01061	0.01058	0.01215	0.00751	0.00763	0.01482	0.02042	0.04864	0.44224	0.23691	0.06633	0.05118	0.01121	0.00300	0.00435	0.01663	0.00840	0.00743
10	0.01532	0.01442	0.02434	0.69533	0.05589	0.01803	0.02253	0.02073	0.01622	0.02073	0.01442	0.02163	0.01082	0.00811	0.00811	0.00270	0.01082	0.00721	0.00361	0.00901
11	0.01388	0.00963	0.01124	0.03171	0.01270	0.00987	0.00715	0.07753	0.01686	0.02310	0.12947	0.07690	0.03569	0.44779	0.02889	0.00584	0.00711	0.01197	0.03609	0.00659
12	0.01145	0.00800	0.01022	0.01049	0.01101	0.00838	0.00690	0.01255	0.01273	0.01742	0.02721	0.14311	0.03023	0.41303	0.23333	0.00878	0.01165	0.01250	0.00513	0.00588
13	0.03549	0.01527	0.01974	0.01513	0.02144	0.01410	0.01250	0.13755	0.02567	0.56837	0.02996	0.02628	0.01906	0.00999	0.00815	0.00250	0.00724	0.00802	0.00973	0.01381
14	0.03158	0.01615	0.01962	0.01563	0.02154	0.01609	0.01272	0.13841	0.17687	0.41487	0.03020	0.02692	0.02019	0.01023	0.00818	0.00256	0.00712	0.00826	0.00930	0.01357
15	0.02076	0.01692	0.01889	0.01436	0.02097	0.01582	0.01155	0.17303	0.12574	0.03363	0.01869	0.01967	0.01454	0.00773	0.00689	0.00175	0.00678	0.00613	0.00617	0.45997
16	0.01940	0.01168	0.01447	0.01233	0.01572	0.01135	0.00960	0.12170	0.02493	0.15555	0.40299	0.04722	0.05312	0.05040	0.01071	0.00280	0.00546	0.01208	0.00880	0.00969
17	0.01758	0.01965	0.04138	0.02994	0.03725	0.01828	0.53166	0.02364	0.01904	0.02532	0.02720	0.03110	0.11868	0.00909	0.00958	0.00274	0.01211	0.01081	0.00467	0.01027
18	0.05046	0.01177	0.01467	0.01289	0.01644	0.01187	0.00999	0.02678	0.11436	0.23028	0.08565	0.03735	0.06529	0.10634	0.16324	0.00556	0.00981	0.00983	0.00744	0.00999
19	0.01800	0.01763	0.03071	0.16094	0.28498	0.01737	0.14842	0.02303	0.01792	0.02510	0.01811	0.02274	0.04033	0.00769	0.00811	0.00235	0.00987	0.00775	0.00424	0.13472

[dist]
# distance from previous block
# <min> <max>
1	8

[block]
# block no. 4 follows, 23 sequences, length 23
# corresponding to MSA columns:
# 174-196
name=unknown_E
#
# <colnr> <probs for GDERKNQSTAVLIFYWHMCP>
#	G	D	E	R	K	N	Q	S	T	A	V	L	I	F	Y	W	H	M	C	P
0	0.06425	0.41491	0.13794	0.01782	0.06027	0.02648	0.01686	0.05668	0.01750	0.02372	0.01262	0.01491	0.01072	0.00761	0.00713	0.00206	0.04663	0.00511	0.00391	0.05287
1	0.02279	0.06054	0.07213	0.02096	0.11254	0.01957	0.01575	0.19194	0.16160	0.07329	0.02464	0.02481	0.05187	0.00951	0.00776	0.00234	0.00794	0.00772	0.00662	0.10567
2	0.06792	0.12873	0.06302	0.01750	0.02370	0.09838	0.01514	0.37537	0.02926	0.03867	0.01707	0.01928	0.01328	0.04647	0.00917	0.00259	0.00951	0.00663	0.00637	0.01195
3	0.51369	0.01865	0.09110	0.05301	0.05837	0.01760	0.01330	0.02577	0.01569	0.10705	0.01448	0.01618	0.01062	0.00786	0.00604	0.00252	0.00746	0.00534	0.00528	0.00999
4	0.01606	0.01397	0.01763	0.09854	0.05717	0.01213	0.01183	0.02077	0.05135	0.02549	0.02229	0.06160	0.06398	0.00879	0.00701	0.00177	0.00660	0.00742	0.00516	0.49044
5	0.01568	0.01479	0.02499	0.64654	0.10186	0.01812	0.02271	0.02105	0.01640	0.02117	0.01449	0.02152	0.01097	0.00805	0.00811	0.00268	0.01073	0.00721	0.00364	0.00930
6	0.01008	0.00720	0.00964	0.01152	0.01208	0.00676	0.00787	0.01164	0.01573	0.02093	0.04462	0.67175	0.05324	0.02524	0.01041	0.00332	0.00488	0.05893	0.00753	0.00664
7	0.03031	0.03867	0.02299	0.02090	0.02508	0.68226	0.01568	0.03240	0.02299	0.01986	0.01254	0.01463	0.01045	0.00836	0.00732	0.00209	0.01463	0.00523	0.00418	0.00941
8	0.04351	0.25562	0.32836	0.04511	0.06583	0.02365	0.02241	0.02440	0.01643	0.02323	0.01308	0.01606	0.01047	0.00803	0.00855	0.00238	0.07267	0.00562	0.00355	0.01104
9	0.01890	0.02519	0.17644	0.03792	0.28401	0.01967	0.26619	0.02550	0.01845	0.02613	0.01557	0.02016	0.01209	0.00718	0.00857	0.00257	0.01174	0.00789	0.00392	0.01192
10	0.00959	0.00822	0.00822	0.00822	0.01096	0.00685	0.00617	0.01165	0.01850	0.02192	0.08220	0.07809	0.66092	0.02055	0.00959	0.00274	0.00411	0.01713	0.00754	0.00685
11	0.01975	0.01884	0.02275	0.06809	0.22472	0.07727	0.01684	0.03209	0.29704	0.02841	0.02915	0.02969	0.07924	0.01031	0.00822	0.00258	0.00821	0.00885	0.00621	0.01174
12	0.12365	0.01455	0.01833	0.01423	0.02037	0.01344	0.01176	0.07230	0.02297	0.55860	0.02882	0.02543	0.01838	0.00973	0.00778	0.00251	0.00695	0.00766	0.00933	0.01321
13	0.02170	0.29563	0.10863	0.05468	0.02708	0.02434	0.07325	0.15092	0.02133	0.02825	0.01444	0.01665	0.01152	0.00754	0.00678	0.00205	0.00933	0.00585	0.00468	0.11536
14	0.01181	0.00869	0.01065	0.01056	0.01186	0.00885	0.00735	0.01488	0.05462	0.02163	0.14646	0.10117	0.11388	0.27252	0.16308	0.00673	0.00930	0.01299	0.00623	0.00675
15	0.01096	0.00827	0.01012	0.00966	0.01180	0.00743	0.00724	0.01430	0.02173	0.02961	0.50045	0.06544	0.23788	0.01768	0.00958	0.00260	0.00391	0.01535	0.00855	0.00743
16	0.01532	0.01442	0.02434	0.69533	0.05589	0.01803	0.02253	0.02073	0.01622	0.02073	0.01442	0.02163	0.01082	0.00811	0.00811	0.00270	0.01082	0.00721	0.00361	0.00901
17	0.00997	0.00713	0.00949	0.01124	0.01179	0.00665	0.00754	0.01152	0.01594	0.02136	0.07821	0.67421	0.05491	0.02494	0.01031	0.00325	0.00466	0.02261	0.00761	0.00665
18	0.01148	0.00829	0.01085	0.01021	0.01212	0.00766	0.00766	0.01531	0.02297	0.03254	0.65994	0.06061	0.07656	0.01659	0.00957	0.00255	0.00383	0.01467	0.00893	0.00766
19	0.06534	0.01838	0.05806	0.01607	0.02101	0.01892	0.01334	0.16191	0.34061	0.03617	0.08707	0.07656	0.02746	0.01186	0.00827	0.00268	0.00692	0.00979	0.00775	0.01183
20	0.06650	0.41679	0.28142	0.01722	0.02597	0.02617	0.01972	0.02480	0.01657	0.02270	0.01254	0.01460	0.01026	0.00727	0.00615	0.00210	0.00979	0.00498	0.00355	0.01091
21	0.01775	0.22623	0.50144	0.02061	0.03123	0.02245	0.02560	0.02532	0.01696	0.02390	0.01367	0.01601	0.01032	0.00750	0.00703	0.00234	0.01109	0.00555	0.00344	0.01156
22	0.62219	0.11449	0.05669	0.01188	0.01759	0.02016	0.01079	0.02403	0.01438	0.03336	0.01150	0.01340	0.00910	0.00746	0.00521	0.00241	0.00696	0.00448	0.00471	0.00921

[dist]
# distance from previous block
# <min> <max>
1	2

[block]
# block no. 5 follows, 23 sequences, length 49
# corresponding to MSA columns:
# 199-247
name=unknown_F
#
# <colnr> <probs for GDERKNQSTAVLIFYWHMCP>
#	G	D	E	R	K	N	Q	S	T	A	V	L	I	F	Y	W	H	M	C	P
0	0.04552	0.01817	0.10430	0.14744	0.06939	0.01666	0.01613	0.15205	0.04786	0.03105	0.01976	0.02425	0.01552	0.03755	0.05639	0.00335	0.00930	0.00740	0.16765	0.01024
1	0.01115	0.00873	0.01082	0.01116	0.03942	0.00785	0.00784	0.01437	0.02113	0.02837	0.41986	0.06532	0.28895	0.01765	0.00951	0.00262	0.00418	0.01526	0.00821	0.00758
2	0.01104	0.00818	0.01029	0.00997	0.01190	0.00743	0.00740	0.01437	0.02160	0.02979	0.51266	0.11876	0.17056	0.01799	0.00964	0.00265	0.00395	0.01579	0.00858	0.00743
3	0.02705	0.02048	0.02231	0.01687	0.02356	0.02128	0.01385	0.47025	0.03238	0.04445	0.01811	0.01876	0.01332	0.00873	0.00755	0.00210	0.00814	0.00663	0.00722	0.21695
4	0.01229	0.01057	0.01484	0.25319	0.02764	0.01142	0.01270	0.01644	0.04756	0.02218	0.06866	0.21790	0.22026	0.01678	0.00920	0.00286	0.00674	0.01466	0.00623	0.00787
5	0.01624	0.01526	0.02428	0.28416	0.09711	0.01835	0.05864	0.02117	0.04522	0.02243	0.05017	0.02778	0.01783	0.04628	0.03531	0.00348	0.16949	0.03313	0.00440	0.00927
6	0.01608	0.04057	0.64527	0.02259	0.03416	0.01838	0.02905	0.02527	0.01737	0.02598	0.04139	0.01894	0.01303	0.00808	0.00779	0.00257	0.01165	0.00636	0.00366	0.01181
7	0.03641	0.01381	0.01883	0.01444	0.02071	0.01193	0.01193	0.03954	0.02322	0.66984	0.03201	0.02762	0.02009	0.01004	0.00816	0.00251	0.00690	0.00816	0.01004	0.01381
8	0.01040	0.00744	0.01013	0.04215	0.01366	0.00715	0.00813	0.01169	0.01534	0.02032	0.04266	0.61079	0.07067	0.02465	0.01164	0.05340	0.00512	0.02108	0.00709	0.00651
9	0.01872	0.06025	0.33538	0.19930	0.03920	0.01869	0.09274	0.02583	0.01773	0.09228	0.01643	0.01976	0.01169	0.00793	0.00796	0.00258	0.01118	0.00687	0.00425	0.01121
10	0.01434	0.01324	0.02249	0.49734	0.04501	0.01560	0.05897	0.01894	0.01626	0.02107	0.02142	0.17750	0.02062	0.01195	0.00872	0.00284	0.00962	0.01096	0.00453	0.00859
11	0.03641	0.01381	0.01883	0.01444	0.02071	0.01193	0.01193	0.03954	0.02322	0.66984	0.03201	0.02762	0.02009	0.01004	0.00816	0.00251	0.00690	0.00816	0.01004	0.01381
12	0.01799	0.01714	0.02915	0.33365	0.39673	0.01873	0.02386	0.02307	0.01749	0.02397	0.01489	0.02076	0.01196	0.00762	0.00807	0.00254	0.01016	0.00722	0.00384	0.01116
13	0.02260	0.07480	0.19379	0.02657	0.18683	0.02080	0.02078	0.19332	0.05428	0.06661	0.04802	0.02145	0.01622	0.00879	0.00786	0.00244	0.00941	0.00722	0.00569	0.01252
14	0.01175	0.00816	0.01137	0.01395	0.05462	0.00766	0.00886	0.01346	0.01607	0.05036	0.04223	0.63393	0.04950	0.02354	0.01011	0.00320	0.00513	0.02136	0.00742	0.00732
15	0.07110	0.09095	0.08530	0.03393	0.31757	0.17101	0.06644	0.02663	0.01895	0.02484	0.01404	0.01762	0.01156	0.00749	0.00750	0.00232	0.01096	0.00639	0.00402	0.01136
16	0.01172	0.00844	0.01170	0.01239	0.01346	0.00844	0.03286	0.01390	0.01597	0.02263	0.03881	0.49485	0.04409	0.02136	0.01049	0.00310	0.04137	0.06079	0.12653	0.00710
17	0.02169	0.71972	0.04252	0.01388	0.02083	0.03211	0.01388	0.02430	0.01649	0.01909	0.01128	0.01302	0.01041	0.00694	0.00521	0.00174	0.00868	0.00434	0.00347	0.01041
18	0.00989	0.00706	0.00942	0.01130	0.01177	0.00659	0.00753	0.01130	0.01554	0.02071	0.04472	0.70954	0.05367	0.02542	0.01036	0.00330	0.00471	0.02307	0.00753	0.00659
19	0.01139	0.00829	0.01071	0.01010	0.01206	0.00761	0.00758	0.01512	0.02274	0.03199	0.62981	0.06152	0.10704	0.01680	0.00957	0.00256	0.00384	0.01480	0.00886	0.00761
20	0.01582	0.03950	0.62580	0.02229	0.03347	0.01798	0.02839	0.02468	0.01702	0.02534	0.01670	0.06618	0.01335	0.00896	0.00790	0.00262	0.01148	0.00721	0.00372	0.01161
21	0.01148	0.00829	0.01085	0.01021	0.01212	0.00766	0.00766	0.01531	0.02297	0.03254	0.65994	0.06061	0.07656	0.01659	0.00957	0.00255	0.00383	0.01467	0.00893	0.00766
22	0.02235	0.22244	0.04160	0.02520	0.03271	0.02420	0.33733	0.11790	0.02141	0.05439	0.01604	0.01921	0.01231	0.00744	0.00804	0.00239	0.01125	0.00767	0.00477	0.01134
23	0.04603	0.01563	0.02619	0.43218	0.20179	0.01784	0.04804	0.02183	0.01699	0.02325	0.01662	0.02588	0.01385	0.00883	0.00825	0.00270	0.01023	0.04988	0.00406	0.00993
24	0.02446	0.17595	0.02745	0.02252	0.12385	0.25745	0.01598	0.10864	0.02264	0.02614	0.06147	0.02406	0.01832	0.00956	0.00750	0.00225	0.01056	0.04562	0.00508	0.01051
25	0.03235	0.01556	0.04893	0.01489	0.02102	0.01330	0.01273	0.10350	0.02459	0.50667	0.09280	0.02953	0.02459	0.01056	0.00828	0.00251	0.00706	0.00862	0.00941	0.01311
26	0.02357	0.13085	0.03123	0.03524	0.36491	0.23123	0.02032	0.02719	0.01961	0.02329	0.01380	0.01729	0.01173	0.00755	0.00738	0.00221	0.01108	0.00616	0.00399	0.01139
27	0.01683	0.01442	0.01683	0.01202	0.01923	0.01082	0.00961	0.02043	0.01683	0.02644	0.01442	0.01683	0.01202	0.00601	0.00601	0.00120	0.00601	0.00481	0.00481	0.76444
28	0.01683	0.01442	0.01683	0.01202	0.01923	0.01082	0.00961	0.02043	0.01683	0.02644	0.01442	0.01683	0.01202	0.00601	0.00601	0.00120	0.00601	0.00481	0.00481	0.76444
29	0.01148	0.00829	0.01085	0.01021	0.01212	0.00766	0.00766	0.01531	0.02297	0.03254	0.65994	0.06061	0.07656	0.01659	0.00957	0.00255	0.00383	0.01467	0.00893	0.00766
30	0.01513	0.00756	0.00756	0.00756	0.00945	0.00756	0.00567	0.01891	0.01702	0.03025	0.02647	0.03025	0.02080	0.00945	0.00567	0.00189	0.00378	0.00756	0.75988	0.00756
31	0.01937	0.01856	0.03166	0.14593	0.57363	0.01909	0.02455	0.02428	0.01814	0.02565	0.01514	0.02031	0.01255	0.00736	0.00804	0.00245	0.00981	0.00723	0.00396	0.01228
32	0.00965	0.00799	0.00846	0.00883	0.01112	0.00680	0.00643	0.01158	0.01791	0.02168	0.07481	0.20268	0.54111	0.02151	0.00974	0.00285	0.00423	0.01830	0.00753	0.00680
33	0.01372	0.00922	0.01249	0.01332	0.01531	0.00902	0.01111	0.01706	0.01886	0.05833	0.14254	0.07706	0.07558	0.07157	0.04393	0.00416	0.00738	0.38422	0.00752	0.00761
34	0.02194	0.59766	0.04032	0.01869	0.10061	0.06435	0.01534	0.02479	0.01707	0.02005	0.01184	0.01397	0.01072	0.00705	0.00567	0.00184	0.00911	0.00474	0.00358	0.01066
35	0.01167	0.00839	0.01152	0.01152	0.01244	0.00931	0.00824	0.01351	0.01259	0.01771	0.02313	0.03960	0.02364	0.29888	0.44924	0.01116	0.01669	0.00982	0.00455	0.00640
36	0.02443	0.02474	0.02403	0.02178	0.05636	0.22935	0.01668	0.09879	0.04837	0.05828	0.01465	0.01818	0.01220	0.01113	0.01565	0.00281	0.30076	0.00669	0.00486	0.01027
37	0.01752	0.01687	0.02898	0.17552	0.33620	0.01808	0.08204	0.02197	0.01716	0.02390	0.01842	0.10563	0.01722	0.01026	0.01019	0.00272	0.07286	0.00941	0.00433	0.01072
38	0.01627	0.04197	0.67279	0.02313	0.03512	0.01884	0.02998	0.02570	0.01713	0.02570	0.01456	0.01713	0.01028	0.00771	0.00771	0.00257	0.01199	0.00600	0.00343	0.01199
39	0.01826	0.01703	0.02891	0.07229	0.47847	0.01713	0.04611	0.02288	0.01831	0.02562	0.02101	0.05912	0.01994	0.01048	0.00871	0.00269	0.00930	0.10756	0.00471	0.01146
40	0.01159	0.00869	0.01304	0.01304	0.01449	0.01014	0.01014	0.01449	0.01304	0.01884	0.02173	0.03188	0.02029	0.06086	0.68268	0.01304	0.02173	0.00869	0.00435	0.00724
41	0.01884	0.01869	0.03410	0.08554	0.43754	0.01858	0.16169	0.02391	0.01827	0.02561	0.01756	0.06943	0.01549	0.00849	0.00855	0.00257	0.01028	0.00888	0.00426	0.01173
42	0.01865	0.01942	0.03781	0.17993	0.25615	0.01957	0.29788	0.02451	0.01830	0.02505	0.01560	0.02122	0.01218	0.00724	0.00874	0.00262	0.01170	0.00828	0.00397	0.01118
43	0.02201	0.02010	0.08219	0.13522	0.06706	0.01832	0.29745	0.02766	0.01903	0.16336	0.01896	0.02243	0.01353	0.00820	0.00971	0.00270	0.04716	0.00839	0.00522	0.01131
44	0.01470	0.01423	0.05174	0.02035	0.09952	0.01280	0.10954	0.04121	0.06412	0.02719	0.17067	0.21614	0.09275	0.01550	0.00936	0.00279	0.00710	0.01430	0.00674	0.00926
45	0.01809	0.01571	0.02575	0.09670	0.40476	0.01585	0.01997	0.02261	0.01927	0.05216	0.13193	0.03473	0.02751	0.01057	0.00863	0.00260	0.00840	0.06827	0.00542	0.01109
46	0.17970	0.13350	0.44020	0.01912	0.02889	0.02061	0.02311	0.02510	0.01632	0.02705	0.01339	0.01569	0.00998	0.00756	0.00677	0.00244	0.01029	0.00541	0.00378	0.01108
47	0.02127	0.02103	0.03027	0.08970	0.49849	0.08905	0.02283	0.05152	0.04821	0.02676	0.01590	0.02006	0.01304	0.00769	0.00798	0.00241	0.01007	0.00711	0.00437	0.01226
48	0.02179	0.22507	0.34114	0.01941	0.02872	0.02131	0.05121	0.02797	0.01822	0.14728	0.01708	0.01822	0.01229	0.00790	0.00719	0.00233	0.01017	0.00612	0.00474	0.01185

[dist]
# distance from previous block
# <min> <max>
14	17

[block]
# block no. 6 follows, 23 sequences, length 35
# corresponding to MSA columns:
# 267-301
name=unknown_G
#
# <colnr> <probs for GDERKNQSTAVLIFYWHMCP>
#	G	D	E	R	K	N	Q	S	T	A	V	L	I	F	Y	W	H	M	C	P
0	0.01087	0.00827	0.01000	0.00957	0.01175	0.00740	0.00718	0.01413	0.02153	0.02912	0.47372	0.06625	0.26492	0.01787	0.00958	0.00261	0.00392	0.01546	0.00848	0.00740
1	0.01532	0.01442	0.02434	0.69533	0.05589	0.01803	0.02253	0.02073	0.01622	0.02073	0.01442	0.02163	0.01082	0.00811	0.00811	0.00270	0.01082	0.00721	0.00361	0.00901
2	0.01169	0.00782	0.00888	0.00899	0.00901	0.00780	0.00506	0.01177	0.01201	0.01601	0.02664	0.08974	0.03085	0.67635	0.03957	0.00761	0.00769	0.01243	0.00506	0.00501
3	0.02255	0.01777	0.01923	0.01620	0.02102	0.01982	0.01288	0.25399	0.31896	0.03994	0.13677	0.03161	0.02976	0.01152	0.00843	0.00260	0.00688	0.00945	0.00832	0.01229
4	0.40621	0.01800	0.08657	0.01293	0.01940	0.01565	0.01179	0.02579	0.01633	0.13366	0.01563	0.01671	0.01146	0.00762	0.00603	0.00223	0.00694	0.00526	0.00560	0.17618
5	0.02008	0.01928	0.03294	0.04981	0.66422	0.01928	0.02490	0.02490	0.01848	0.02651	0.01526	0.02008	0.01285	0.00723	0.00803	0.00241	0.00964	0.00723	0.00402	0.01285
6	0.01203	0.01034	0.01056	0.01013	0.01330	0.00993	0.00771	0.01890	0.16404	0.02469	0.07086	0.06706	0.51420	0.01835	0.00928	0.00274	0.00464	0.01529	0.00770	0.00823
7	0.06367	0.06883	0.52028	0.02338	0.07798	0.01907	0.02656	0.02624	0.01734	0.06232	0.01524	0.01750	0.01093	0.00776	0.00748	0.00251	0.01103	0.00603	0.00394	0.01189
8	0.02550	0.01894	0.08840	0.02465	0.11504	0.01539	0.16852	0.03033	0.02021	0.28904	0.02351	0.05218	0.01710	0.00901	0.00839	0.00250	0.00927	0.00857	0.00665	0.06680
9	0.02134	0.02193	0.03256	0.04514	0.54441	0.10460	0.06062	0.02593	0.01910	0.02562	0.01498	0.01949	0.01251	0.00735	0.00803	0.00239	0.01053	0.00711	0.00404	0.01229
10	0.02169	0.71972	0.04252	0.01388	0.02083	0.03211	0.01388	0.02430	0.01649	0.01909	0.01128	0.01302	0.01041	0.00694	0.00521	0.00174	0.00868	0.00434	0.00347	0.01041
11	0.00987	0.00711	0.00936	0.01116	0.01173	0.00660	0.00747	0.01131	0.01567	0.02077	0.04645	0.68044	0.08165	0.02520	0.01032	0.00327	0.00468	0.02279	0.00753	0.00660
12	0.02039	0.02082	0.03574	0.04492	0.49492	0.05261	0.15923	0.02552	0.01885	0.02606	0.01538	0.02021	0.01261	0.00720	0.00834	0.00247	0.01078	0.00765	0.00404	0.01226
13	0.01439	0.01287	0.01237	0.01275	0.01462	0.10591	0.00975	0.01665	0.01789	0.02174	0.08631	0.10209	0.14744	0.17213	0.01681	0.00412	0.00759	0.21096	0.00655	0.00705
14	0.02008	0.01928	0.03294	0.04981	0.66422	0.01928	0.02490	0.02490	0.01848	0.02651	0.01526	0.02008	0.01285	0.00723	0.00803	0.00241	0.00964	0.00723	0.00402	0.01285
15	0.03568	0.01497	0.01955	0.01499	0.02129	0.01366	0.01238	0.11760	0.02517	0.58903	0.03038	0.02656	0.01926	0.01000	0.00815	0.00250	0.00717	0.00805	0.00979	0.01381
16	0.02102	0.59040	0.10370	0.01800	0.07975	0.02965	0.01645	0.02449	0.01673	0.02040	0.01196	0.01405	0.01062	0.00704	0.00571	0.00188	0.00909	0.00476	0.00352	0.01079
17	0.02017	0.01849	0.02585	0.02130	0.02639	0.05546	0.17648	0.11370	0.20527	0.03101	0.02815	0.04114	0.02471	0.01247	0.00927	0.00291	0.00940	0.16018	0.00672	0.01093
18	0.01843	0.00989	0.01271	0.01109	0.01443	0.00876	0.00864	0.02175	0.02225	0.21697	0.37376	0.05407	0.16383	0.01538	0.00916	0.00257	0.00478	0.01321	0.00901	0.00931
19	0.01510	0.01373	0.02169	0.12751	0.30458	0.01388	0.01709	0.01872	0.01750	0.02350	0.03466	0.18329	0.14777	0.01396	0.00886	0.00271	0.00765	0.01264	0.00542	0.00975
20	0.01689	0.01602	0.02717	0.48252	0.25643	0.01844	0.02332	0.02211	0.01697	0.02264	0.01470	0.02112	0.01149	0.00782	0.00809	0.00261	0.01043	0.00722	0.00374	0.01028
21	0.01044	0.00746	0.01005	0.01193	0.01264	0.00707	0.00849	0.01225	0.01608	0.02133	0.04442	0.60242	0.05246	0.02490	0.01050	0.00337	0.00519	0.12473	0.00752	0.00674
22	0.01308	0.00934	0.01308	0.01494	0.01681	0.00934	0.01308	0.01681	0.01868	0.02428	0.04296	0.09153	0.04670	0.02242	0.01121	0.00374	0.00747	0.60960	0.00747	0.00747
23	0.01864	0.15374	0.51964	0.02095	0.03168	0.02057	0.02597	0.02646	0.01746	0.07119	0.01527	0.01720	0.01101	0.00775	0.00732	0.00243	0.01107	0.00587	0.00391	0.01186
24	0.02053	0.01830	0.02553	0.40366	0.13544	0.05106	0.02081	0.17324	0.02225	0.02900	0.01570	0.02055	0.01183	0.00840	0.00806	0.00257	0.01036	0.00714	0.00480	0.01077
25	0.77215	0.01569	0.01193	0.01067	0.01569	0.01820	0.00879	0.02385	0.01381	0.03641	0.01130	0.01318	0.00879	0.00753	0.00502	0.00251	0.00628	0.00439	0.00502	0.00879
26	0.01159	0.00869	0.01304	0.01304	0.01449	0.01014	0.01014	0.01449	0.01304	0.01884	0.02173	0.03188	0.02029	0.06086	0.68268	0.01304	0.02173	0.00869	0.00435	0.00724
27	0.01532	0.01442	0.02434	0.69533	0.05589	0.01803	0.02253	0.02073	0.01622	0.02073	0.01442	0.02163	0.01082	0.00811	0.00811	0.00270	0.01082	0.00721	0.00361	0.00901
28	0.01148	0.00829	0.01085	0.01021	0.01212	0.00766	0.00766	0.01531	0.02297	0.03254	0.65994	0.06061	0.07656	0.01659	0.00957	0.00255	0.00383	0.01467	0.00893	0.00766
29	0.02008	0.01928	0.03294	0.04981	0.66422	0.01928	0.02490	0.02490	0.01848	0.02651	0.01526	0.02008	0.01285	0.00723	0.00803	0.00241	0.00964	0.00723	0.00402	0.01285
30	0.01513	0.00756	0.00756	0.00756	0.00945	0.00756	0.00567	0.01891	0.01702	0.03025	0.02647	0.03025	0.02080	0.00945	0.00567	0.00189	0.00378	0.00756	0.75988	0.00756
31	0.01835	0.01589	0.01909	0.07003	0.09237	0.07380	0.01498	0.02593	0.15144	0.05812	0.07432	0.07324	0.03044	0.01441	0.01074	0.00298	0.06986	0.16755	0.00657	0.00989
32	0.03218	0.01289	0.01736	0.01363	0.01923	0.01117	0.01114	0.03533	0.02293	0.56378	0.10367	0.03405	0.06205	0.01135	0.00839	0.00253	0.00641	0.00937	0.00978	0.01275
33	0.01620	0.01040	0.01382	0.03875	0.01752	0.01036	0.01135	0.02154	0.08220	0.11223	0.17543	0.14690	0.04713	0.01822	0.00993	0.00312	0.00626	0.24174	0.00808	0.00883
34	0.30868	0.01884	0.06417	0.01386	0.02041	0.01757	0.01213	0.16633	0.02068	0.03597	0.01442	0.01608	0.01107	0.00759	0.00625	0.00209	0.00723	0.00532	0.00556	0.24573

[dist]
# distance from previous block
# <min> <max>
0	29

[block]
# block no. 7 follows, 23 sequences, length 19
# corresponding to MSA columns:
# 354-372
name=unknown_H
#
# <colnr> <probs for GDERKNQSTAVLIFYWHMCP>
#	G	D	E	R	K	N	Q	S	T	A	V	L	I	F	Y	W	H	M	C	P
0	0.07761	0.06909	0.09543	0.02235	0.13485	0.08158	0.01638	0.07767	0.11663	0.02789	0.02273	0.14802	0.02128	0.01189	0.00880	0.00263	0.03909	0.00973	0.00564	0.01068
1	0.01789	0.03848	0.56483	0.02478	0.08269	0.01945	0.02827	0.08095	0.01914	0.02806	0.01506	0.01757	0.01080	0.00786	0.00777	0.00255	0.01153	0.00621	0.00390	0.01222
2	0.09088	0.32350	0.02895	0.01635	0.06509	0.09127	0.01310	0.02460	0.04446	0.02424	0.05821	0.01844	0.01594	0.00783	0.00619	0.00189	0.00821	0.00565	0.00456	0.15065
3	0.01710	0.08988	0.35547	0.02488	0.03417	0.01941	0.22375	0.02437	0.01759	0.02478	0.01762	0.08096	0.01488	0.00896	0.00834	0.00262	0.01160	0.00857	0.00402	0.01103
4	0.02101	0.54168	0.08500	0.02122	0.14164	0.02879	0.01707	0.02451	0.01690	0.02094	0.01225	0.01462	0.01086	0.00705	0.00591	0.00192	0.00909	0.00499	0.00357	0.01098
5	0.01001	0.00716	0.00953	0.01121	0.01180	0.00667	0.00754	0.01161	0.01611	0.02162	0.09213	0.65954	0.05543	0.02474	0.01030	0.00324	0.00464	0.02242	0.00764	0.00667
6	0.28870	0.01933	0.12579	0.06438	0.06059	0.01693	0.01488	0.07519	0.06305	0.03108	0.02079	0.14629	0.01936	0.01135	0.00736	0.00269	0.00770	0.00910	0.00556	0.00989
7	0.24449	0.02171	0.18835	0.01550	0.02244	0.01603	0.01553	0.02985	0.07549	0.21025	0.06670	0.02323	0.01867	0.00925	0.00723	0.00255	0.00779	0.00704	0.00658	0.01132
8	0.01113	0.00825	0.01062	0.01178	0.01297	0.00807	0.00844	0.01463	0.06124	0.02332	0.11737	0.47565	0.07919	0.02440	0.03872	0.00360	0.00566	0.07008	0.00761	0.00727
9	0.01009	0.00737	0.00913	0.01044	0.01124	0.00680	0.00695	0.01143	0.01556	0.02027	0.04878	0.51257	0.15705	0.11506	0.01428	0.00380	0.00502	0.02055	0.00719	0.00642
10	0.02787	0.02208	0.02202	0.01758	0.02297	0.08224	0.01404	0.47066	0.07284	0.04303	0.02044	0.02370	0.01605	0.09284	0.01197	0.00306	0.00916	0.00777	0.00739	0.01229
11	0.01585	0.01506	0.02535	0.54944	0.04993	0.01729	0.07288	0.02114	0.01655	0.02193	0.01459	0.02102	0.01110	0.00773	0.00796	0.00251	0.01043	0.00710	0.00381	0.10834
12	0.01086	0.00747	0.00913	0.01005	0.01029	0.00724	0.00620	0.01155	0.01364	0.01818	0.03499	0.37611	0.04139	0.37560	0.02607	0.00562	0.00631	0.01734	0.00620	0.00574
13	0.02246	0.01627	0.01779	0.01513	0.01959	0.01761	0.01183	0.22077	0.23726	0.09313	0.03390	0.08244	0.08804	0.07237	0.01130	0.00310	0.00702	0.01053	0.00796	0.01150
14	0.02762	0.11185	0.02016	0.01323	0.01881	0.04388	0.01105	0.05244	0.02090	0.33345	0.02471	0.02394	0.01727	0.00894	0.00699	0.00211	0.00688	0.00696	0.14782	0.10098
15	0.01056	0.00758	0.01031	0.01184	0.01258	0.00745	0.00840	0.01238	0.01536	0.02062	0.04042	0.51702	0.04709	0.05999	0.10789	0.00493	0.00758	0.08434	0.00696	0.00671
16	0.01012	0.00826	0.00903	0.00949	0.01187	0.00718	0.00729	0.01235	0.01822	0.02214	0.07285	0.14340	0.51252	0.02130	0.00990	0.00294	0.00465	0.10207	0.00753	0.00691
17	0.20346	0.03382	0.46056	0.02153	0.05595	0.01877	0.04679	0.02522	0.01644	0.02839	0.01385	0.01645	0.01009	0.00761	0.00713	0.00255	0.01055	0.00578	0.00387	0.01120
18	0.02169	0.71972	0.04252	0.01388	0.02083	0.03211	0.01388	0.02430	0.01649	0.01909	0.01128	0.01302	0.01041	0.00694	0.00521	0.00174	0.00868	0.00434	0.00347	0.01041

[dist]
# distance from previous block
# <min> <max>
0	1

[block]
# block no. 8 follows, 23 sequences, length 10
# corresponding to MSA columns:
# 374-383
name=unknown_I
#
# <colnr> <probs for GDERKNQSTAVLIFYWHMCP>
#	G	D	E	R	K	N	Q	S	T	A	V	L	I	F	Y	W	H	M	C	P
0	0.03059	0.01351	0.01699	0.01345	0.01863	0.01260	0.01088	0.10975	0.02337	0.44287	0.02910	0.02849	0.01995	0.04979	0.00960	0.00270	0.00667	0.00815	0.14070	0.01221
1	0.01086	0.00800	0.01011	0.01032	0.01173	0.00766	0.00735	0.01319	0.01761	0.02384	0.24640	0.20441	0.15695	0.12136	0.10837	0.00495	0.00714	0.01575	0.00719	0.00685
2	0.01173	0.00913	0.01231	0.10420	0.01797	0.00896	0.00948	0.01551	0.02138	0.02934	0.48536	0.05784	0.15423	0.01601	0.00937	0.00260	0.00483	0.01401	0.00799	0.00772
3	0.01627	0.04197	0.67279	0.02313	0.03512	0.01884	0.02998	0.02570	0.01713	0.02570	0.01456	0.01713	0.01028	0.00771	0.00771	0.00257	0.01199	0.00600	0.00343	0.01199
4	0.02502	0.01779	0.01906	0.01526	0.01987	0.01942	0.01206	0.43199	0.03018	0.04147	0.02161	0.02742	0.01778	0.14509	0.01415	0.00340	0.00802	0.00820	0.11096	0.01124
5	0.62162	0.01878	0.10279	0.01238	0.01805	0.01761	0.01160	0.02329	0.01407	0.03356	0.01192	0.01443	0.00932	0.00882	0.00703	0.04922	0.00711	0.00478	0.00471	0.00891
6	0.01683	0.01442	0.01683	0.01202	0.01923	0.01082	0.00961	0.02043	0.01683	0.02644	0.01442	0.01683	0.01202	0.00601	0.00601	0.00120	0.00601	0.00481	0.00481	0.76444
7	0.01689	0.01977	0.15006	0.21080	0.08807	0.01671	0.01905	0.10137	0.01940	0.02662	0.05963	0.11910	0.02233	0.05338	0.01116	0.00303	0.03766	0.00989	0.00515	0.00991
8	0.01671	0.00999	0.01257	0.01152	0.01461	0.00922	0.00909	0.02108	0.05600	0.15612	0.31751	0.05930	0.17562	0.01642	0.00940	0.00272	0.00504	0.07942	0.00868	0.00898
9	0.01923	0.16983	0.39896	0.05637	0.03041	0.01998	0.02300	0.02604	0.01799	0.09584	0.05559	0.02040	0.01550	0.00838	0.00740	0.00240	0.01020	0.00651	0.00452	0.01145

[dist]
# distance from previous block
# <min> <max>
0	25

[block]
# block no. 9 follows, 23 sequences, length 29
# corresponding to MSA columns:
# 409-437
name=unknown_J
#
# <colnr> <probs for GDERKNQSTAVLIFYWHMCP>
#	G	D	E	R	K	N	Q	S	T	A	V	L	I	F	Y	W	H	M	C	P
0	0.01861	0.01946	0.05719	0.23233	0.39181	0.05617	0.02302	0.02352	0.01802	0.02420	0.01804	0.02287	0.04307	0.00821	0.00808	0.00250	0.01011	0.00753	0.00405	0.01122
1	0.08175	0.01776	0.02776	0.11600	0.45200	0.01864	0.02135	0.02582	0.07770	0.02753	0.01699	0.02108	0.01374	0.00781	0.00772	0.00246	0.00895	0.00719	0.03591	0.01185
2	0.05437	0.11293	0.06753	0.02678	0.03402	0.14216	0.35240	0.06489	0.02038	0.02601	0.01496	0.01873	0.01159	0.00738	0.00825	0.00246	0.01254	0.00761	0.00430	0.01073
3	0.03641	0.01381	0.01883	0.01444	0.02071	0.01193	0.01193	0.03954	0.02322	0.66984	0.03201	0.02762	0.02009	0.01004	0.00816	0.00251	0.00690	0.00816	0.01004	0.01381
4	0.01207	0.00892	0.01264	0.01236	0.01380	0.01008	0.00952	0.01503	0.01508	0.02202	0.14182	0.03744	0.03086	0.07441	0.45836	0.00974	0.04690	0.00981	0.05183	0.00732
5	0.01245	0.00857	0.01084	0.01074	0.01289	0.00781	0.00824	0.01558	0.02064	0.06247	0.35616	0.14177	0.18951	0.01882	0.00979	0.00282	0.00461	0.09025	0.00835	0.00767
6	0.01018	0.00817	0.00909	0.00900	0.01136	0.00708	0.00670	0.01274	0.01968	0.02507	0.25516	0.11008	0.44789	0.01964	0.00963	0.00272	0.00406	0.01673	0.00796	0.00708
7	0.01138	0.00829	0.01070	0.01010	0.01206	0.00761	0.00758	0.01511	0.02273	0.03196	0.62860	0.06156	0.10826	0.01680	0.00957	0.00256	0.00384	0.01481	0.00886	0.00761
8	0.01556	0.01467	0.02477	0.66278	0.08656	0.01809	0.02265	0.02094	0.01634	0.02102	0.01446	0.02156	0.01092	0.00807	0.00811	0.00269	0.01076	0.00721	0.00363	0.00921
9	0.01775	0.01775	0.02485	0.02130	0.02130	0.02485	0.01775	0.01953	0.01243	0.01953	0.01065	0.01775	0.01065	0.01420	0.02663	0.00355	0.69998	0.00710	0.00355	0.00888
10	0.01703	0.00963	0.01196	0.01060	0.01387	0.00845	0.00822	0.02010	0.02157	0.18665	0.31566	0.05817	0.25377	0.01627	0.00923	0.00260	0.00468	0.01387	0.00875	0.00891
11	0.02008	0.01928	0.03294	0.04981	0.66422	0.01928	0.02490	0.02490	0.01848	0.02651	0.01526	0.02008	0.01285	0.00723	0.00803	0.00241	0.00964	0.00723	0.00402	0.01285
12	0.01178	0.00796	0.00933	0.00933	0.00950	0.00813	0.00552	0.01211	0.01194	0.01609	0.02513	0.05066	0.02844	0.63973	0.11495	0.00846	0.00946	0.01144	0.00485	0.00518
13	0.77215	0.01569	0.01193	0.01067	0.01569	0.01820	0.00879	0.02385	0.01381	0.03641	0.01130	0.01318	0.00879	0.00753	0.00502	0.00251	0.00628	0.00439	0.00502	0.00879
14	0.05268	0.01432	0.01776	0.01328	0.01964	0.01186	0.04642	0.02152	0.05207	0.02806	0.09618	0.02316	0.02065	0.00773	0.00674	0.00161	0.00622	0.00654	0.00548	0.54807
15	0.02471	0.01821	0.02014	0.01608	0.02179	0.01902	0.01292	0.32374	0.13482	0.07796	0.02402	0.08796	0.01956	0.01079	0.00796	0.00234	0.00742	0.00873	0.00758	0.15423
16	0.02008	0.01928	0.03294	0.04981	0.66422	0.01928	0.02490	0.02490	0.01848	0.02651	0.01526	0.02008	0.01285	0.00723	0.00803	0.00241	0.00964	0.00723	0.00402	0.01285
17	0.02041	0.02016	0.03176	0.08985	0.58535	0.06012	0.02418	0.02510	0.01861	0.02572	0.01504	0.01985	0.01257	0.00736	0.00799	0.00241	0.01002	0.00710	0.00400	0.01239
18	0.63447	0.01614	0.01342	0.01164	0.01667	0.01845	0.00955	0.10009	0.01740	0.03802	0.05062	0.01677	0.01342	0.00834	0.00568	0.00250	0.00646	0.00537	0.00564	0.00935
19	0.47751	0.01674	0.01675	0.01724	0.10791	0.01839	0.01190	0.11148	0.01829	0.03622	0.01395	0.01610	0.01085	0.00780	0.00598	0.00238	0.00699	0.00539	0.04149	0.05666
20	0.34657	0.01504	0.01785	0.02010	0.15876	0.01564	0.01287	0.02622	0.01769	0.17276	0.06701	0.05919	0.01967	0.00967	0.00700	0.00253	0.00689	0.00763	0.00634	0.01058
21	0.01907	0.01781	0.02918	0.04286	0.54614	0.01777	0.02196	0.04843	0.01913	0.02682	0.02268	0.06426	0.06908	0.00948	0.00830	0.00249	0.00887	0.00896	0.00468	0.01204
22	0.01950	0.01613	0.02569	0.03624	0.43539	0.01595	0.01898	0.02390	0.04001	0.08407	0.02423	0.05832	0.05963	0.09238	0.01216	0.00313	0.00850	0.00924	0.00520	0.01135
23	0.06600	0.01604	0.04407	0.01775	0.05581	0.01520	0.05301	0.16991	0.02289	0.16987	0.02736	0.16371	0.02483	0.05447	0.01050	0.00299	0.00774	0.03657	0.00726	0.03401
24	0.02420	0.10075	0.03065	0.03450	0.35485	0.10512	0.02018	0.17674	0.02367	0.03092	0.01552	0.01846	0.01251	0.00796	0.00765	0.00230	0.00998	0.00667	0.00499	0.01238
25	0.02155	0.13372	0.10348	0.02340	0.17502	0.01774	0.01705	0.06315	0.02086	0.14305	0.13398	0.03117	0.02676	0.01043	0.00801	0.00244	0.00807	0.04251	0.00626	0.01135
26	0.01723	0.01738	0.12135	0.01627	0.05563	0.05287	0.01379	0.02234	0.05039	0.10725	0.20220	0.09164	0.12001	0.01461	0.00899	0.00270	0.00706	0.06151	0.00717	0.00959
27	0.13433	0.11680	0.04758	0.01865	0.04696	0.15669	0.08552	0.02869	0.05097	0.12748	0.03834	0.02094	0.01565	0.01005	0.02684	0.00263	0.00988	0.00677	0.04474	0.01050
28	0.04483	0.14955	0.06023	0.03707	0.07209	0.01663	0.01320	0.05554	0.04332	0.16844	0.03721	0.06382	0.18109	0.01229	0.00792	0.00246	0.00715	0.00998	0.00665	0.01056

[dist]
# distance from previous block
# <min> <max>
37	88

[block]
# block no. 10 follows, 23 sequences, length 7
# corresponding to MSA columns:
# 533-539
name=unknown_K
#
# <colnr> <probs for GDERKNQSTAVLIFYWHMCP>
#	G	D	E	R	K	N	Q	S	T	A	V	L	I	F	Y	W	H	M	C	P
0	0.16819	0.02104	0.01998	0.01779	0.05637	0.12862	0.01343	0.21359	0.06311	0.13052	0.07170	0.02274	0.01898	0.00964	0.00753	0.00243	0.00855	0.00725	0.00702	0.01152
1	0.19221	0.17028	0.15102	0.08809	0.02676	0.06198	0.01713	0.07187	0.06209	0.02803	0.01443	0.01682	0.01133	0.00834	0.00774	0.00243	0.04865	0.00575	0.00456	0.01048
2	0.26440	0.18209	0.12509	0.01791	0.07065	0.06001	0.01569	0.10111	0.01896	0.03058	0.01331	0.01528	0.01054	0.00767	0.00626	0.00225	0.00876	0.00527	0.00468	0.03949
3	0.01954	0.06649	0.09107	0.16539	0.02725	0.06646	0.01501	0.02367	0.01949	0.14005	0.18395	0.03371	0.03081	0.06976	0.01097	0.00293	0.00835	0.00919	0.00625	0.00964
4	0.02435	0.21080	0.07831	0.02673	0.19469	0.23212	0.01868	0.07848	0.02093	0.02447	0.01366	0.01625	0.01135	0.00776	0.00705	0.00215	0.01107	0.00576	0.00423	0.01114
5	0.15172	0.11946	0.05056	0.01374	0.01963	0.04665	0.01194	0.07664	0.04030	0.11625	0.10546	0.02368	0.02159	0.00906	0.00689	0.00212	0.00718	0.00690	0.00622	0.16403
6	0.17271	0.01801	0.01790	0.06667	0.04193	0.09007	0.01249	0.16109	0.02247	0.06009	0.07192	0.07473	0.05547	0.01083	0.00754	0.00239	0.00782	0.00851	0.00631	0.09103

[dist]
# distance from previous block
# <min> <max>
43	125

[block]
# block no. 11 follows, 23 sequences, length 6
# corresponding to MSA columns:
# 722-727
name=unknown_L
#
# <colnr> <probs for GDERKNQSTAVLIFYWHMCP>
#	G	D	E	R	K	N	Q	S	T	A	V	L	I	F	Y	W	H	M	C	P
0	0.02493	0.01754	0.01946	0.01618	0.02131	0.01913	0.01294	0.22585	0.29558	0.13241	0.09899	0.02990	0.02645	0.01110	0.00835	0.00259	0.00699	0.00906	0.00855	0.01270
1	0.09624	0.01744	0.06267	0.01912	0.09779	0.08712	0.01412	0.07005	0.01918	0.02662	0.05161	0.09105	0.02887	0.10279	0.01292	0.00352	0.00855	0.17546	0.00594	0.00894
2	0.07369	0.07306	0.02253	0.39222	0.03937	0.06910	0.01779	0.02332	0.07337	0.02317	0.02155	0.02826	0.05666	0.00989	0.00787	0.00263	0.00957	0.04204	0.00464	0.00925
3	0.01947	0.01725	0.05960	0.06691	0.02157	0.08798	0.01289	0.10613	0.02093	0.08351	0.08211	0.13441	0.02931	0.09446	0.01237	0.00320	0.00817	0.05911	0.00647	0.07416
4	0.05493	0.27749	0.16064	0.01614	0.02342	0.05578	0.01627	0.09394	0.02029	0.07577	0.06451	0.01971	0.01662	0.00842	0.00676	0.00212	0.00887	0.00617	0.00510	0.06704
5	0.01862	0.01551	0.01640	0.01391	0.01893	0.07153	0.01094	0.02477	0.11513	0.07104	0.02537	0.11515	0.02355	0.01156	0.00775	0.00216	0.00690	0.07593	0.00629	0.34857

[dist]
# distance from previous block
# <min> <max>
4	6

[block]
# block no. 12 follows, 23 sequences, length 6
# corresponding to MSA columns:
# 734-739
