[name]
unknown

[dist]
# distance from previous block
# <min> <max>
0	46

[block]
# block no. 0 follows, 28 sequences, length 13
# corresponding to MSA columns:
# 48-60
name=unknown_A
#
# <colnr> <probs for GDERKNQSTAVLIFYWHMCP>
#	G	D	E	R	K	N	Q	S	T	A	V	L	I	F	Y	W	H	M	C	P
0	0.01426	0.01270	0.01318	0.01427	0.01628	0.12492	0.01210	0.01736	0.01737	0.02110	0.03399	0.07064	0.03648	0.01800	0.00947	0.00310	0.00775	0.54384	0.00621	0.00698
1	0.03236	0.01278	0.01712	0.01313	0.01876	0.01129	0.01084	0.06809	0.02149	0.67060	0.02810	0.02437	0.01771	0.00898	0.00731	0.00225	0.00628	0.00727	0.00891	0.01237
2	0.02115	0.01307	0.01524	0.01291	0.01707	0.01350	0.01024	0.09091	0.26493	0.22700	0.15566	0.03329	0.07082	0.01097	0.00765	0.00234	0.00552	0.00916	0.00792	0.01063
3	0.14631	0.01536	0.01549	0.01393	0.01810	0.01779	0.01091	0.03578	0.57500	0.03077	0.02638	0.02460	0.01983	0.00935	0.00692	0.00243	0.00573	0.00751	0.00692	0.01091
4	0.00896	0.00641	0.00853	0.01005	0.01057	0.00597	0.00676	0.01038	0.01440	0.01933	0.08802	0.68963	0.04958	0.02219	0.00923	0.00290	0.00416	0.02011	0.00684	0.00597
5	0.02544	0.01852	0.02093	0.01655	0.02132	0.02100	0.01363	0.45867	0.08971	0.10043	0.01841	0.01878	0.01336	0.00946	0.00978	0.00236	0.11645	0.00674	0.00683	0.01162
6	0.01347	0.00933	0.01073	0.01050	0.01215	0.00962	0.00747	0.12235	0.05012	0.02441	0.04998	0.32953	0.03310	0.15106	0.01333	0.00335	0.00529	0.01354	0.12356	0.00713
7	0.00929	0.00694	0.00865	0.00960	0.01071	0.00624	0.00655	0.01071	0.01426	0.01883	0.04306	0.55005	0.15154	0.05649	0.01029	0.00295	0.00434	0.01827	0.00648	0.05476
8	0.02010	0.01759	0.02677	0.17097	0.29550	0.01881	0.07878	0.22745	0.02176	0.02963	0.01481	0.01825	0.01137	0.00731	0.00736	0.00225	0.00898	0.00669	0.00469	0.01094
9	0.01463	0.01111	0.01268	0.01212	0.01455	0.01167	0.00901	0.17058	0.12005	0.02684	0.03625	0.40156	0.09515	0.01713	0.00846	0.00265	0.00529	0.01499	0.00697	0.00828
10	0.01391	0.01140	0.01346	0.01057	0.01539	0.00925	0.00823	0.04635	0.01678	0.02487	0.13104	0.10435	0.05147	0.00954	0.00655	0.00159	0.00498	0.00812	0.00542	0.50671
11	0.01309	0.01110	0.01325	0.01224	0.01416	0.01248	0.00948	0.06470	0.11060	0.02292	0.08441	0.17242	0.22484	0.03343	0.01239	0.00278	0.15935	0.01252	0.00615	0.00770
12	0.01256	0.00947	0.01192	0.01307	0.05547	0.00942	0.00878	0.12068	0.01797	0.02396	0.06772	0.48296	0.10021	0.01868	0.00872	0.00270	0.00503	0.01662	0.00669	0.00738

[dist]
# distance from previous block
# <min> <max>
28	45

[block]
# block no. 1 follows, 28 sequences, length 16
# corresponding to MSA columns:
# 119-134
name=unknown_B
#
# <colnr> <probs for GDERKNQSTAVLIFYWHMCP>
#	G	D	E	R	K	N	Q	S	T	A	V	L	I	F	Y	W	H	M	C	P
0	0.01951	0.08296	0.10457	0.01635	0.02133	0.13497	0.03509	0.10325	0.10927	0.03968	0.01887	0.02023	0.05372	0.00892	0.00911	0.00217	0.10856	0.00643	0.00482	0.10021
1	0.01801	0.07084	0.20267	0.01932	0.02559	0.15501	0.14076	0.05095	0.04425	0.02232	0.01888	0.04586	0.06168	0.00861	0.00794	0.00221	0.04237	0.00717	0.00415	0.05143
2	0.05268	0.01440	0.01466	0.01304	0.01673	0.07234	0.01016	0.02868	0.28164	0.15694	0.03484	0.08317	0.14003	0.01190	0.00812	0.00242	0.03185	0.00965	0.00696	0.00978
3	0.01178	0.01043	0.01086	0.01064	0.01229	0.06008	0.00778	0.01492	0.06800	0.02050	0.12549	0.20589	0.23550	0.09881	0.01295	0.00308	0.06443	0.01367	0.00618	0.00671
4	0.04977	0.11137	0.07707	0.01917	0.02283	0.02021	0.14483	0.02101	0.06293	0.02147	0.06427	0.01960	0.01510	0.00985	0.01394	0.00260	0.30418	0.00695	0.00399	0.00887
5	0.01658	0.01506	0.01964	0.09077	0.02229	0.05862	0.06066	0.06982	0.06452	0.04373	0.01936	0.16067	0.01878	0.01209	0.01253	0.00259	0.22407	0.00926	0.00486	0.07410
6	0.00896	0.00647	0.00831	0.00973	0.01029	0.00601	0.00647	0.01018	0.01388	0.01831	0.04151	0.63271	0.09938	0.07703	0.01132	0.00322	0.00439	0.01947	0.00657	0.00581
7	0.01817	0.01684	0.02733	0.11450	0.54008	0.01721	0.02071	0.07502	0.01770	0.02499	0.01386	0.01795	0.01135	0.00669	0.00712	0.00214	0.00854	0.00637	0.00389	0.04954
8	0.02480	0.01974	0.02022	0.01554	0.02135	0.07004	0.01267	0.48166	0.02893	0.03884	0.01599	0.01661	0.01179	0.00789	0.00680	0.00191	0.00779	0.00591	0.00635	0.18516
9	0.02707	0.01364	0.01695	0.01351	0.01845	0.01341	0.01100	0.16396	0.08558	0.40928	0.07967	0.02608	0.02132	0.01227	0.05056	0.00283	0.00710	0.00774	0.00810	0.01148
10	0.02285	0.01639	0.01782	0.01417	0.01878	0.01770	0.01138	0.43431	0.06825	0.05763	0.07057	0.02423	0.01898	0.07095	0.00963	0.00254	0.00692	0.00743	0.06761	0.04186
11	0.00881	0.00650	0.00826	0.00966	0.01042	0.00594	0.00654	0.01017	0.01436	0.01874	0.04566	0.62824	0.15602	0.02205	0.00916	0.00287	0.00413	0.01978	0.00675	0.00594
12	0.01884	0.01434	0.01687	0.04742	0.01999	0.01261	0.01037	0.14884	0.01925	0.08081	0.01504	0.01651	0.01159	0.00642	0.00600	0.00145	0.00617	0.00509	0.00520	0.53718
13	0.00894	0.00649	0.00844	0.00982	0.01051	0.00600	0.00666	0.01042	0.01464	0.01945	0.09239	0.63321	0.10257	0.02182	0.00917	0.00286	0.00411	0.01966	0.00684	0.00600
14	0.02084	0.01568	0.01712	0.01453	0.01923	0.01718	0.01150	0.12373	0.46737	0.11021	0.02652	0.02458	0.01947	0.00926	0.00721	0.00229	0.00608	0.00758	0.00732	0.07230
15	0.02537	0.01199	0.01522	0.01250	0.01689	0.01140	0.00991	0.03149	0.15201	0.43783	0.08567	0.05148	0.02473	0.06740	0.00981	0.00269	0.00587	0.00865	0.00817	0.01091

[dist]
# distance from previous block
# <min> <max>
7	11

[block]
# block no. 2 follows, 28 sequences, length 67
# corresponding to MSA columns:
# 146-212
name=unknown_C
#
# <colnr> <probs for GDERKNQSTAVLIFYWHMCP>
#	G	D	E	R	K	N	Q	S	T	A	V	L	I	F	Y	W	H	M	C	P
0	0.03261	0.01237	0.01687	0.01293	0.01856	0.01068	0.01068	0.03543	0.02081	0.70423	0.02868	0.02474	0.01799	0.00900	0.00731	0.00225	0.00619	0.00731	0.00900	0.01237
1	0.01348	0.00801	0.01072	0.01157	0.04194	0.00748	0.00760	0.01508	0.01507	0.12705	0.09383	0.39405	0.03927	0.16295	0.01433	0.00356	0.00522	0.01523	0.00661	0.00696
2	0.03261	0.01237	0.01687	0.01293	0.01856	0.01068	0.01068	0.03543	0.02081	0.70423	0.02868	0.02474	0.01799	0.00900	0.00731	0.00225	0.00619	0.00731	0.00900	0.01237
3	0.01900	0.00932	0.01247	0.01068	0.01387	0.00832	0.00836	0.02209	0.02037	0.29404	0.40417	0.07316	0.04779	0.01291	0.00811	0.00230	0.00455	0.01119	0.00834	0.00898
4	0.66676	0.03943	0.04889	0.01100	0.01582	0.07533	0.00953	0.02211	0.01329	0.03039	0.01037	0.01210	0.00811	0.00680	0.00480	0.00220	0.00658	0.00407	0.00432	0.00811
5	0.79588	0.01406	0.01068	0.00956	0.01406	0.01631	0.00787	0.02137	0.01237	0.03261	0.01012	0.01181	0.00787	0.00675	0.00450	0.00225	0.00562	0.00394	0.00450	0.00787
6	0.01484	0.03597	0.65050	0.02228	0.06671	0.01695	0.04688	0.02299	0.01547	0.02307	0.01313	0.01562	0.00939	0.00686	0.00697	0.00230	0.01068	0.00553	0.00312	0.01075
7	0.01056	0.00707	0.00806	0.00806	0.00811	0.00712	0.00457	0.01066	0.01061	0.01420	0.02278	0.04688	0.02613	0.71942	0.06170	0.00722	0.00750	0.01047	0.00439	0.00448
8	0.79588	0.01406	0.01068	0.00956	0.01406	0.01631	0.00787	0.02137	0.01237	0.03261	0.01012	0.01181	0.00787	0.00675	0.00450	0.00225	0.00562	0.00394	0.00450	0.00787
9	0.00862	0.00726	0.00747	0.00763	0.00989	0.00611	0.00564	0.01040	0.01631	0.01953	0.07040	0.13463	0.63366	0.01883	0.00866	0.00250	0.00373	0.01586	0.00675	0.00611
10	0.00924	0.00649	0.00832	0.00962	0.00995	0.00616	0.00622	0.01022	0.01316	0.01755	0.03618	0.58309	0.04318	0.18617	0.01555	0.00388	0.00486	0.01838	0.00622	0.00556
11	0.01458	0.03760	0.70688	0.02072	0.03146	0.01688	0.02686	0.02302	0.01535	0.02302	0.01304	0.01535	0.00921	0.00691	0.00691	0.00230	0.01074	0.00537	0.00307	0.01074
12	0.79588	0.01406	0.01068	0.00956	0.01406	0.01631	0.00787	0.02137	0.01237	0.03261	0.01012	0.01181	0.00787	0.00675	0.00450	0.00225	0.00562	0.00394	0.00450	0.00787
13	0.01389	0.01309	0.02210	0.70077	0.07508	0.01619	0.02027	0.01872	0.01461	0.01877	0.01295	0.01933	0.00976	0.00724	0.00726	0.00241	0.00965	0.00646	0.00324	0.00821
14	0.02350	0.01831	0.01949	0.01589	0.02097	0.02061	0.01282	0.39946	0.31641	0.03914	0.02271	0.02164	0.01662	0.00922	0.00733	0.00230	0.00703	0.00727	0.00733	0.01199
15	0.01018	0.00699	0.00803	0.00822	0.00855	0.00682	0.00491	0.01064	0.01191	0.01577	0.05876	0.13987	0.08302	0.56194	0.02993	0.00595	0.00626	0.01237	0.00505	0.00484
16	0.03261	0.01237	0.01687	0.01293	0.01856	0.01068	0.01068	0.03543	0.02081	0.70423	0.02868	0.02474	0.01799	0.00900	0.00731	0.00225	0.00619	0.00731	0.00900	0.01237
17	0.00886	0.00633	0.00843	0.01012	0.01054	0.00590	0.00675	0.01012	0.01392	0.01856	0.04006	0.73979	0.04808	0.02277	0.00928	0.00295	0.00422	0.02066	0.00675	0.00590
18	0.00889	0.00731	0.00783	0.00785	0.01004	0.00624	0.00583	0.01096	0.01706	0.02116	0.17565	0.11181	0.54797	0.01810	0.00863	0.00246	0.00368	0.01533	0.00696	0.00624
19	0.01590	0.01590	0.02226	0.01908	0.01908	0.02226	0.01590	0.01749	0.01113	0.01749	0.00954	0.01590	0.00954	0.01272	0.02385	0.00318	0.73123	0.00636	0.00318	0.00795
20	0.01507	0.01292	0.01507	0.01077	0.01723	0.00969	0.00861	0.01830	0.01507	0.02369	0.01292	0.01507	0.01077	0.00538	0.00538	0.00108	0.00538	0.00431	0.00431	0.78898
21	0.01157	0.00843	0.00904	0.00859	0.01137	0.00749	0.00654	0.01498	0.06887	0.08303	0.08400	0.08472	0.54116	0.01693	0.00840	0.00245	0.00408	0.01417	0.00704	0.00713
22	0.01120	0.00763	0.01001	0.00930	0.01117	0.00701	0.00701	0.01460	0.02059	0.05662	0.66823	0.05310	0.06653	0.01462	0.00852	0.00228	0.00354	0.01291	0.00804	0.00708
23	0.01160	0.00829	0.01158	0.01326	0.01488	0.00827	0.01152	0.01486	0.01662	0.02163	0.03855	0.10807	0.04208	0.02019	0.01001	0.00333	0.00660	0.62531	0.00670	0.00666
24	0.68842	0.01446	0.01183	0.01035	0.01495	0.01659	0.00850	0.06316	0.04396	0.05552	0.01205	0.01327	0.00912	0.00708	0.00489	0.00225	0.00579	0.00440	0.00495	0.00846
25	0.54656	0.01404	0.01249	0.01077	0.01513	0.01571	0.00873	0.11336	0.01642	0.08137	0.04419	0.04444	0.01396	0.02837	0.00634	0.00240	0.00589	0.00578	0.00545	0.00861
26	0.00905	0.00641	0.00838	0.00988	0.01025	0.00603	0.00649	0.01017	0.01354	0.01806	0.03816	0.66279	0.04567	0.10307	0.01236	0.00341	0.00453	0.01954	0.00649	0.00574
27	0.01050	0.00702	0.00795	0.00802	0.00804	0.00700	0.00451	0.01055	0.01072	0.01429	0.02366	0.07813	0.02738	0.71268	0.03577	0.00687	0.00692	0.01102	0.00451	0.00447
28	0.01330	0.00790	0.01006	0.00940	0.01104	0.00735	0.00666	0.01545	0.01709	0.11649	0.34818	0.11147	0.04751	0.22664	0.01672	0.00372	0.00493	0.01229	0.00698	0.00681
29	0.01039	0.00776	0.01153	0.01153	0.01277	0.00900	0.00890	0.01288	0.01164	0.01676	0.01961	0.02933	0.01851	0.08260	0.68811	0.01149	0.01896	0.00790	0.00391	0.00641
30	0.01808	0.01561	0.01644	0.01479	0.01890	0.01808	0.01151	0.03863	0.68606	0.03041	0.02959	0.02712	0.02219	0.00986	0.00740	0.00247	0.00575	0.00822	0.00740	0.01151
31	0.00891	0.00637	0.00849	0.01008	0.01056	0.00594	0.00675	0.01026	0.01418	0.01898	0.06608	0.71258	0.04889	0.02246	0.00925	0.00293	0.00419	0.02037	0.00680	0.00594
32	0.01195	0.00700	0.01059	0.03398	0.01194	0.00752	0.00766	0.01089	0.01034	0.01418	0.01482	0.02407	0.01430	0.03400	0.24718	0.51438	0.01063	0.00679	0.00339	0.00438
33	0.03041	0.01286	0.01680	0.01321	0.01861	0.01180	0.01081	0.03591	0.12154	0.60220	0.02881	0.02510	0.01863	0.00913	0.00732	0.00228	0.00612	0.00745	0.00875	0.01224
34	0.79588	0.01406	0.01068	0.00956	0.01406	0.01631	0.00787	0.02137	0.01237	0.03261	0.01012	0.01181	0.00787	0.00675	0.00450	0.00225	0.00562	0.00394	0.00450	0.00787
35	0.01038	0.00779	0.01168	0.01168	0.01298	0.00909	0.00909	0.01298	0.01168	0.01687	0.01947	0.02856	0.01817	0.05452	0.71573	0.01168	0.01947	0.00779	0.00389	0.00649
36	0.00886	0.00633	0.00843	0.01012	0.01054	0.00590	0.00675	0.01012	0.01392	0.01856	0.04006	0.73979	0.04808	0.02277	0.00928	0.00295	0.00422	0.02066	0.00675	0.00590
37	0.79588	0.01406	0.01068	0.00956	0.01406	0.01631	0.00787	0.02137	0.01237	0.03261	0.01012	0.01181	0.00787	0.00675	0.00450	0.00225	0.00562	0.00394	0.00450	0.00787
38	0.01263	0.00631	0.00947	0.00947	0.00947	0.00631	0.00631	0.00947	0.00947	0.01263	0.01263	0.02210	0.01263	0.02525	0.02841	0.78851	0.00631	0.00631	0.00316	0.00316
39	0.01716	0.01961	0.04289	0.03064	0.03799	0.01838	0.67279	0.02328	0.01716	0.02328	0.01471	0.01961	0.01103	0.00613	0.00858	0.00245	0.01225	0.00858	0.00368	0.00980
40	0.01263	0.00631	0.00947	0.00947	0.00947	0.00631	0.00631	0.00947	0.00947	0.01263	0.01263	0.02210	0.01263	0.02525	0.02841	0.78851	0.00631	0.00631	0.00316	0.00316
41	0.01373	0.01292	0.02180	0.72707	0.05006	0.01615	0.02019	0.01857	0.01453	0.01857	0.01292	0.01938	0.00969	0.00727	0.00727	0.00242	0.00969	0.00646	0.00323	0.00807
42	0.01373	0.01292	0.02180	0.72707	0.05006	0.01615	0.02019	0.01857	0.01453	0.01857	0.01292	0.01938	0.00969	0.00727	0.00727	0.00242	0.00969	0.00646	0.00323	0.00807
43	0.01020	0.00743	0.00959	0.00905	0.01080	0.00682	0.00679	0.01355	0.02037	0.02865	0.66273	0.05512	0.10153	0.01505	0.00857	0.00230	0.00344	0.01326	0.00794	0.00682
44	0.01373	0.01292	0.02180	0.72707	0.05006	0.01615	0.02019	0.01857	0.01453	0.01857	0.01292	0.01938	0.00969	0.00727	0.00727	0.00242	0.00969	0.00646	0.00323	0.00807
45	0.01808	0.01561	0.01644	0.01479	0.01890	0.01808	0.01151	0.03863	0.68606	0.03041	0.02959	0.02712	0.02219	0.00986	0.00740	0.00247	0.00575	0.00822	0.00740	0.01151
46	0.00978	0.00832	0.00855	0.00845	0.01099	0.00760	0.00634	0.01390	0.09928	0.02090	0.06610	0.10628	0.57252	0.01762	0.00849	0.00249	0.00397	0.01479	0.00683	0.00679
47	0.01716	0.01961	0.04289	0.03064	0.03799	0.01838	0.67279	0.02328	0.01716	0.02328	0.01471	0.01961	0.01103	0.00613	0.00858	0.00245	0.01225	0.00858	0.00368	0.00980
48	0.02582	0.12416	0.02283	0.01748	0.02183	0.50574	0.01370	0.11260	0.05099	0.02191	0.01271	0.01411	0.01032	0.00759	0.00644	0.00190	0.01143	0.00498	0.00428	0.00919
49	0.01514	0.11994	0.62946	0.01976	0.02998	0.01826	0.02519	0.02288	0.01528	0.02234	0.01270	0.01492	0.00922	0.00683	0.00665	0.00222	0.01040	0.00520	0.00307	0.01058
50	0.00861	0.00730	0.00743	0.00754	0.00986	0.00612	0.00560	0.01041	0.01640	0.01957	0.07155	0.11158	0.65597	0.01868	0.00863	0.00249	0.00372	0.01567	0.00675	0.00612
51	0.06112	0.03111	0.02039	0.01795	0.02211	0.55690	0.01373	0.14770	0.02274	0.02361	0.01233	0.01385	0.00985	0.00769	0.00660	0.00195	0.01184	0.00499	0.00443	0.00913
52	0.01490	0.08429	0.66298	0.02017	0.03062	0.01766	0.02591	0.02294	0.01531	0.02263	0.01285	0.01510	0.00922	0.00686	0.00676	0.00225	0.01055	0.00527	0.00307	0.01065
53	0.00886	0.00633	0.00843	0.01012	0.01054	0.00590	0.00675	0.01012	0.01392	0.01856	0.04006	0.73979	0.04808	0.02277	0.00928	0.00295	0.00422	0.02066	0.00675	0.00590
54	0.01799	0.01727	0.02950	0.04462	0.69919	0.01727	0.02231	0.02231	0.01655	0.02375	0.01367	0.01799	0.01151	0.00648	0.00720	0.00216	0.00864	0.00648	0.00360	0.01151
55	0.01828	0.01796	0.02942	0.04189	0.61590	0.04242	0.05576	0.02318	0.04064	0.02375	0.01421	0.01823	0.01179	0.00662	0.00725	0.00217	0.00888	0.00658	0.00374	0.01131
56	0.01681	0.02203	0.13215	0.02930	0.03711	0.01818	0.58596	0.02325	0.01691	0.02325	0.01448	0.01904	0.01078	0.00623	0.00835	0.00243	0.01205	0.00815	0.00359	0.00993
57	0.01033	0.00931	0.05614	0.00997	0.01216	0.00738	0.00813	0.01376	0.01923	0.02702	0.54220	0.13896	0.08689	0.01547	0.00855	0.00238	0.00403	0.01366	0.00746	0.00697
58	0.01835	0.01697	0.02883	0.06528	0.65547	0.01701	0.02185	0.02263	0.01663	0.04662	0.01416	0.01826	0.01168	0.00659	0.00720	0.00217	0.00859	0.00650	0.00377	0.01143
59	0.01507	0.01292	0.01507	0.01077	0.01723	0.00969	0.00861	0.01830	0.01507	0.02369	0.01292	0.01507	0.01077	0.00538	0.00538	0.00108	0.00538	0.00431	0.00431	0.78898
60	0.01713	0.01213	0.01399	0.01244	0.01586	0.01291	0.00967	0.02892	0.34881	0.12059	0.27732	0.03692	0.03890	0.01161	0.00782	0.00237	0.00495	0.00993	0.00784	0.00989
61	0.01873	0.01297	0.01549	0.01154	0.01750	0.01057	0.00925	0.05100	0.03868	0.15060	0.01765	0.04613	0.01403	0.00704	0.00604	0.00146	0.00561	0.00574	0.00550	0.55448
62	0.01029	0.00743	0.00972	0.00914	0.01086	0.00686	0.00686	0.01372	0.02058	0.02915	0.69536	0.05430	0.06859	0.01486	0.00857	0.00229	0.00343	0.01315	0.00800	0.00686
63	0.02082	0.01652	0.01764	0.01514	0.01969	0.01874	0.01198	0.17842	0.51339	0.06349	0.02688	0.02489	0.01984	0.00957	0.00737	0.00239	0.00627	0.00781	0.00744	0.01173
64	0.01478	0.01258	0.01474	0.01067	0.01683	0.00951	0.00850	0.01802	0.01542	0.02403	0.05533	0.01751	0.01436	0.00597	0.00558	0.00115	0.00526	0.00486	0.00454	0.74037
65	0.01838	0.42893	0.29459	0.01566	0.02359	0.02306	0.01789	0.02310	0.01537	0.06208	0.01239	0.01389	0.00982	0.00666	0.00569	0.00189	0.00882	0.00467	0.00346	0.01006
66	0.74814	0.01445	0.01138	0.01000	0.01458	0.01669	0.00824	0.06198	0.01373	0.03343	0.01058	0.01216	0.00815	0.00687	0.00467	0.00225	0.00577	0.00410	0.00467	0.00815

[dist]
# distance from previous block
# <min> <max>
4	11

[block]
# block no. 3 follows, 28 sequences, length 105
# corresponding to MSA columns:
# 224-328
name=unknown_D
#
# <colnr> <probs for GDERKNQSTAVLIFYWHMCP>
#	G	D	E	R	K	N	Q	S	T	A	V	L	I	F	Y	W	H	M	C	P
0	0.01984	0.01389	0.01803	0.01720	0.12998	0.01213	0.01163	0.06106	0.04639	0.16631	0.01921	0.01995	0.03463	0.00711	0.00638	0.00166	0.00620	0.00593	0.00554	0.39692
1	0.01507	0.01292	0.01507	0.01077	0.01723	0.00969	0.00861	0.01830	0.01507	0.02369	0.01292	0.01507	0.01077	0.00538	0.00538	0.00108	0.00538	0.00431	0.00431	0.78898
2	0.02763	0.02036	0.02182	0.01672	0.02254	0.02254	0.01382	0.67496	0.03418	0.04581	0.01745	0.01745	0.01236	0.00873	0.00727	0.00218	0.00800	0.00654	0.00727	0.01236
3	0.01656	0.01315	0.01533	0.01131	0.01748	0.01059	0.00904	0.02148	0.08222	0.07031	0.01564	0.01692	0.01239	0.00607	0.00571	0.00129	0.00547	0.00490	0.00493	0.65918
4	0.01156	0.00890	0.01052	0.01001	0.01200	0.00892	0.00738	0.01766	0.14803	0.02618	0.38948	0.09962	0.11630	0.08764	0.01123	0.00286	0.00432	0.01269	0.00731	0.00738
5	0.01735	0.08573	0.53427	0.01961	0.02917	0.01741	0.05135	0.04924	0.01665	0.09147	0.01463	0.01628	0.01029	0.00710	0.00687	0.00224	0.01003	0.00564	0.00385	0.01082
6	0.01452	0.00845	0.01082	0.01086	0.01280	0.00792	0.00786	0.03742	0.04395	0.15462	0.06688	0.47596	0.08196	0.01849	0.00868	0.00271	0.00472	0.01643	0.00728	0.00766
7	0.01717	0.01943	0.09920	0.09032	0.45546	0.01737	0.14922	0.02229	0.01640	0.02320	0.01376	0.01814	0.01105	0.00651	0.00744	0.00225	0.00963	0.00677	0.00353	0.01085
8	0.00859	0.00736	0.00736	0.00736	0.00982	0.00614	0.00552	0.01043	0.01657	0.01964	0.07364	0.06996	0.69624	0.01841	0.00859	0.00245	0.00368	0.01534	0.00675	0.00614
9	0.01695	0.01906	0.04093	0.07893	0.06423	0.01819	0.60304	0.02292	0.01695	0.02298	0.01454	0.01953	0.01096	0.00622	0.00844	0.00244	0.01194	0.00835	0.00364	0.00975
10	0.01650	0.01916	0.06620	0.14698	0.06045	0.01791	0.51691	0.02246	0.01663	0.02250	0.01431	0.01934	0.01075	0.00636	0.00825	0.00243	0.01165	0.00803	0.00357	0.00961
11	0.00886	0.00633	0.00843	0.01012	0.01054	0.00590	0.00675	0.01012	0.01392	0.01856	0.04006	0.73979	0.04808	0.02277	0.00928	0.00295	0.00422	0.02066	0.00675	0.00590
12	0.02011	0.01662	0.01758	0.01520	0.01968	0.01903	0.01200	0.17378	0.54760	0.03368	0.02701	0.02507	0.02010	0.00962	0.00737	0.00241	0.00623	0.00786	0.00737	0.01169
13	0.04684	0.03577	0.65459	0.01999	0.03031	0.01664	0.02552	0.02339	0.01542	0.04720	0.01347	0.01553	0.00946	0.00697	0.00682	0.00230	0.01038	0.00538	0.00333	0.01068
14	0.01458	0.03760	0.70688	0.02072	0.03146	0.01688	0.02686	0.02302	0.01535	0.02302	0.01304	0.01535	0.00921	0.00691	0.00691	0.00230	0.01074	0.00537	0.00307	0.01074
15	0.01373	0.01292	0.02180	0.72707	0.05006	0.01615	0.02019	0.01857	0.01453	0.01857	0.01292	0.01938	0.00969	0.00727	0.00727	0.00242	0.00969	0.00646	0.00323	0.00807
16	0.01799	0.01727	0.02950	0.04462	0.69919	0.01727	0.02231	0.02231	0.01655	0.02375	0.01367	0.01799	0.01151	0.00648	0.00720	0.00216	0.00864	0.00648	0.00360	0.01151
17	0.01469	0.03686	0.67962	0.02113	0.03173	0.01694	0.05337	0.02303	0.01542	0.02303	0.01311	0.01552	0.00928	0.00687	0.00697	0.00231	0.01080	0.00550	0.00309	0.01070
18	0.00886	0.00633	0.00843	0.01012	0.01054	0.00590	0.00675	0.01012	0.01392	0.01856	0.04006	0.73979	0.04808	0.02277	0.00928	0.00295	0.00422	0.02066	0.00675	0.00590
19	0.00911	0.00715	0.00824	0.00846	0.01026	0.00628	0.00616	0.01125	0.01707	0.02198	0.23493	0.21409	0.38233	0.01841	0.00874	0.00252	0.00373	0.01592	0.00709	0.00628
20	0.01799	0.01727	0.02950	0.04462	0.69919	0.01727	0.02231	0.02231	0.01655	0.02375	0.01367	0.01799	0.01151	0.00648	0.00720	0.00216	0.00864	0.00648	0.00360	0.01151
21	0.79588	0.01406	0.01068	0.00956	0.01406	0.01631	0.00787	0.02137	0.01237	0.03261	0.01012	0.01181	0.00787	0.00675	0.00450	0.00225	0.00562	0.00394	0.00450	0.00787
22	0.08353	0.02045	0.02185	0.01688	0.02258	0.05034	0.04161	0.57258	0.03129	0.04273	0.01654	0.01695	0.01185	0.00842	0.00709	0.00219	0.00822	0.00636	0.00677	0.01176
23	0.01042	0.00764	0.01094	0.01094	0.01198	0.00868	0.00816	0.01250	0.01146	0.01632	0.02015	0.03232	0.01981	0.19101	0.58148	0.01077	0.01701	0.00834	0.00400	0.00608
24	0.01513	0.01435	0.02433	0.50332	0.26288	0.01652	0.02088	0.01980	0.01520	0.02027	0.01317	0.01892	0.01029	0.00701	0.00724	0.00234	0.00934	0.00647	0.00335	0.00920
25	0.01923	0.71845	0.06673	0.01279	0.01921	0.02825	0.01306	0.02182	0.01479	0.01736	0.01023	0.01182	0.00932	0.00625	0.00476	0.00159	0.00790	0.00395	0.00311	0.00939
26	0.01520	0.01442	0.02446	0.49122	0.27440	0.01654	0.02092	0.01986	0.01523	0.02036	0.01318	0.01890	0.01032	0.00699	0.00724	0.00233	0.00933	0.00647	0.00336	0.00926
27	0.01590	0.01590	0.02226	0.01908	0.01908	0.02226	0.01590	0.01749	0.01113	0.01749	0.00954	0.01590	0.00954	0.01272	0.02385	0.00318	0.73123	0.00636	0.00318	0.00795
28	0.01056	0.00710	0.00821	0.00821	0.00831	0.00720	0.00476	0.01075	0.01066	0.01431	0.02264	0.04613	0.02580	0.69215	0.08853	0.00740	0.00799	0.01036	0.00437	0.00456
29	0.02586	0.15394	0.02352	0.01768	0.02183	0.60068	0.01378	0.02781	0.01963	0.01768	0.01105	0.01287	0.00936	0.00728	0.00624	0.00182	0.01222	0.00455	0.00364	0.00858
30	0.03261	0.01237	0.01687	0.01293	0.01856	0.01068	0.01068	0.03543	0.02081	0.70423	0.02868	0.02474	0.01799	0.00900	0.00731	0.00225	0.00619	0.00731	0.00900	0.01237
31	0.79588	0.01406	0.01068	0.00956	0.01406	0.01631	0.00787	0.02137	0.01237	0.03261	0.01012	0.01181	0.00787	0.00675	0.00450	0.00225	0.00562	0.00394	0.00450	0.00787
32	0.02763	0.02036	0.02182	0.01672	0.02254	0.02254	0.01382	0.67496	0.03418	0.04581	0.01745	0.01745	0.01236	0.00873	0.00727	0.00218	0.00800	0.00654	0.00727	0.01236
33	0.00897	0.00726	0.00796	0.00803	0.01011	0.00626	0.00593	0.01107	0.01710	0.02146	0.19675	0.13961	0.49778	0.01816	0.00866	0.00247	0.00369	0.01547	0.00701	0.00626
34	0.00886	0.00633	0.00843	0.01012	0.01054	0.00590	0.00675	0.01012	0.01392	0.01856	0.04006	0.73979	0.04808	0.02277	0.00928	0.00295	0.00422	0.02066	0.00675	0.00590
35	0.00886	0.00633	0.00843	0.01012	0.01054	0.00590	0.00675	0.01012	0.01392	0.01856	0.04006	0.73979	0.04808	0.02277	0.00928	0.00295	0.00422	0.02066	0.00675	0.00590
36	0.52035	0.01310	0.01240	0.01050	0.01513	0.01402	0.00861	0.02488	0.01538	0.22585	0.06401	0.01854	0.01509	0.00797	0.00560	0.00225	0.00563	0.00556	0.00604	0.00910
37	0.01072	0.00699	0.00804	0.00804	0.00804	0.00699	0.00455	0.01049	0.01049	0.01399	0.02214	0.04567	0.02540	0.69099	0.03636	0.06523	0.00699	0.01025	0.00431	0.00431
38	0.79588	0.01406	0.01068	0.00956	0.01406	0.01631	0.00787	0.02137	0.01237	0.03261	0.01012	0.01181	0.00787	0.00675	0.00450	0.00225	0.00562	0.00394	0.00450	0.00787
39	0.01029	0.00743	0.00972	0.00914	0.01086	0.00686	0.00686	0.01372	0.02058	0.02915	0.69536	0.05430	0.06859	0.01486	0.00857	0.00229	0.00343	0.01315	0.00800	0.00686
40	0.01069	0.00745	0.00883	0.00926	0.00974	0.00744	0.00582	0.03280	0.03264	0.01733	0.02954	0.31301	0.03420	0.42047	0.02446	0.00517	0.00595	0.01426	0.00549	0.00545
41	0.01458	0.03760	0.70688	0.02072	0.03146	0.01688	0.02686	0.02302	0.01535	0.02302	0.01304	0.01535	0.00921	0.00691	0.00691	0.00230	0.01074	0.00537	0.00307	0.01074
42	0.02973	0.01700	0.01974	0.01513	0.02087	0.01756	0.01250	0.40622	0.02856	0.32248	0.02217	0.02052	0.01473	0.00884	0.00729	0.00221	0.00724	0.00687	0.00800	0.01237
43	0.00924	0.00739	0.00826	0.00804	0.01021	0.00641	0.00603	0.01168	0.01809	0.02325	0.30986	0.06401	0.45777	0.01706	0.00858	0.00239	0.00359	0.01451	0.00723	0.00641
44	0.47811	0.01212	0.01077	0.00961	0.01293	0.01342	0.00730	0.04507	0.01333	0.07770	0.01555	0.02349	0.01425	0.22364	0.01436	0.00366	0.00618	0.00624	0.00492	0.00737
45	0.79588	0.01406	0.01068	0.00956	0.01406	0.01631	0.00787	0.02137	0.01237	0.03261	0.01012	0.01181	0.00787	0.00675	0.00450	0.00225	0.00562	0.00394	0.00450	0.00787
46	0.79588	0.01406	0.01068	0.00956	0.01406	0.01631	0.00787	0.02137	0.01237	0.03261	0.01012	0.01181	0.00787	0.00675	0.00450	0.00225	0.00562	0.00394	0.00450	0.00787
47	0.00988	0.00711	0.00935	0.00943	0.01077	0.00658	0.00683	0.01268	0.01866	0.02610	0.50691	0.25143	0.06269	0.01714	0.00878	0.00248	0.00366	0.01531	0.00764	0.00658
48	0.02715	0.03464	0.02060	0.01873	0.02247	0.71536	0.01404	0.02903	0.02060	0.01779	0.01124	0.01311	0.00936	0.00749	0.00655	0.00187	0.01311	0.00468	0.00375	0.00843
49	0.01808	0.01561	0.01644	0.01479	0.01890	0.01808	0.01151	0.03863	0.68606	0.03041	0.02959	0.02712	0.02219	0.00986	0.00740	0.00247	0.00575	0.00822	0.00740	0.01151
50	0.01208	0.00665	0.00989	0.00989	0.01016	0.00693	0.00684	0.01025	0.00998	0.01358	0.01443	0.02433	0.01427	0.05584	0.17467	0.59705	0.00913	0.00677	0.00336	0.00391
51	0.00966	0.00674	0.00832	0.00926	0.00964	0.00648	0.00595	0.01052	0.01277	0.01691	0.03424	0.40574	0.06289	0.31691	0.02059	0.00462	0.00545	0.04219	0.00579	0.00533
52	0.01373	0.01292	0.02180	0.72707	0.05006	0.01615	0.02019	0.01857	0.01453	0.01857	0.01292	0.01938	0.00969	0.00727	0.00727	0.00242	0.00969	0.00646	0.00323	0.00807
53	0.01861	0.01550	0.01645	0.01473	0.01889	0.01781	0.01148	0.03851	0.66184	0.05494	0.02955	0.02703	0.02204	0.00983	0.00739	0.00246	0.00577	0.00819	0.00745	0.01154
54	0.79588	0.01406	0.01068	0.00956	0.01406	0.01631	0.00787	0.02137	0.01237	0.03261	0.01012	0.01181	0.00787	0.00675	0.00450	0.00225	0.00562	0.00394	0.00450	0.00787
55	0.01799	0.01727	0.02950	0.04462	0.69919	0.01727	0.02231	0.02231	0.01655	0.02375	0.01367	0.01799	0.01151	0.00648	0.00720	0.00216	0.00864	0.00648	0.00360	0.01151
56	0.00886	0.00633	0.00843	0.01012	0.01054	0.00590	0.00675	0.01012	0.01392	0.01856	0.04006	0.73979	0.04808	0.02277	0.00928	0.00295	0.00422	0.02066	0.00675	0.00590
57	0.01057	0.00705	0.00793	0.00793	0.00793	0.00705	0.00440	0.01057	0.01057	0.01409	0.02290	0.04757	0.02643	0.74454	0.03700	0.00705	0.00705	0.01057	0.00440	0.00440
58	0.01507	0.01292	0.01507	0.01077	0.01723	0.00969	0.00861	0.01830	0.01507	0.02369	0.01292	0.01507	0.01077	0.00538	0.00538	0.00108	0.00538	0.00431	0.00431	0.78898
59	0.79588	0.01406	0.01068	0.00956	0.01406	0.01631	0.00787	0.02137	0.01237	0.03261	0.01012	0.01181	0.00787	0.00675	0.00450	0.00225	0.00562	0.00394	0.00450	0.00787
60	0.01507	0.01292	0.01507	0.01077	0.01723	0.00969	0.00861	0.01830	0.01507	0.02369	0.01292	0.01507	0.01077	0.00538	0.00538	0.00108	0.00538	0.00431	0.00431	0.78898
61	0.01590	0.01590	0.02226	0.01908	0.01908	0.02226	0.01590	0.01749	0.01113	0.01749	0.00954	0.01590	0.00954	0.01272	0.02385	0.00318	0.73123	0.00636	0.00318	0.00795
62	0.00886	0.00633	0.00843	0.01012	0.01054	0.00590	0.00675	0.01012	0.01392	0.01856	0.04006	0.73979	0.04808	0.02277	0.00928	0.00295	0.00422	0.02066	0.00675	0.00590
63	0.01053	0.00720	0.00872	0.00872	0.00899	0.00748	0.00539	0.01108	0.01080	0.01468	0.02218	0.04358	0.02469	0.59974	0.17943	0.00802	0.00965	0.00999	0.00430	0.00484
64	0.03243	0.01266	0.01705	0.01307	0.01870	0.01111	0.01080	0.05867	0.02129	0.68030	0.02827	0.02448	0.01779	0.00899	0.00731	0.00225	0.00625	0.00728	0.00893	0.01237
65	0.79588	0.01406	0.01068	0.00956	0.01406	0.01631	0.00787	0.02137	0.01237	0.03261	0.01012	0.01181	0.00787	0.00675	0.00450	0.00225	0.00562	0.00394	0.00450	0.00787
66	0.03204	0.01250	0.01685	0.01301	0.01857	0.01098	0.01072	0.03555	0.04709	0.67761	0.02871	0.02484	0.01816	0.00903	0.00731	0.00226	0.00617	0.00735	0.00893	0.01234
67	0.50298	0.01341	0.01306	0.01085	0.01578	0.01415	0.00895	0.02676	0.01561	0.29035	0.01724	0.01677	0.01176	0.00761	0.00558	0.00225	0.00584	0.00523	0.00622	0.00960
68	0.00859	0.00736	0.00736	0.00736	0.00982	0.00614	0.00552	0.01043	0.01657	0.01964	0.07364	0.06996	0.69624	0.01841	0.00859	0.00245	0.00368	0.01534	0.00675	0.00614
69	0.01808	0.01561	0.01644	0.01479	0.01890	0.01808	0.01151	0.03863	0.68606	0.03041	0.02959	0.02712	0.02219	0.00986	0.00740	0.00247	0.00575	0.00822	0.00740	0.01151
70	0.01085	0.00758	0.00976	0.00913	0.01102	0.00692	0.00688	0.01415	0.02028	0.04936	0.62841	0.05455	0.11375	0.01494	0.00854	0.00230	0.00353	0.01313	0.00794	0.00698
71	0.00886	0.00633	0.00843	0.01012	0.01054	0.00590	0.00675	0.01012	0.01392	0.01856	0.04006	0.73979	0.04808	0.02277	0.00928	0.00295	0.00422	0.02066	0.00675	0.00590
72	0.01263	0.00631	0.00947	0.00947	0.00947	0.00631	0.00631	0.00947	0.00947	0.01263	0.01263	0.02210	0.01263	0.02525	0.02841	0.78851	0.00631	0.00631	0.00316	0.00316
73	0.03261	0.01237	0.01687	0.01293	0.01856	0.01068	0.01068	0.03543	0.02081	0.70423	0.02868	0.02474	0.01799	0.00900	0.00731	0.00225	0.00619	0.00731	0.00900	0.01237
74	0.02752	0.01112	0.01511	0.01225	0.01683	0.00970	0.00983	0.03014	0.01975	0.55506	0.07533	0.13485	0.02595	0.01148	0.00769	0.00236	0.00570	0.00972	0.00859	0.01102
75	0.03261	0.01237	0.01687	0.01293	0.01856	0.01068	0.01068	0.03543	0.02081	0.70423	0.02868	0.02474	0.01799	0.00900	0.00731	0.00225	0.00619	0.00731	0.00900	0.01237
76	0.03261	0.01237	0.01687	0.01293	0.01856	0.01068	0.01068	0.03543	0.02081	0.70423	0.02868	0.02474	0.01799	0.00900	0.00731	0.00225	0.00619	0.00731	0.00900	0.01237
77	0.03261	0.01237	0.01687	0.01293	0.01856	0.01068	0.01068	0.03543	0.02081	0.70423	0.02868	0.02474	0.01799	0.00900	0.00731	0.00225	0.00619	0.00731	0.00900	0.01237
78	0.00886	0.00633	0.00843	0.01012	0.01054	0.00590	0.00675	0.01012	0.01392	0.01856	0.04006	0.73979	0.04808	0.02277	0.00928	0.00295	0.00422	0.02066	0.00675	0.00590
79	0.01107	0.00825	0.01039	0.00971	0.01166	0.00798	0.00732	0.01620	0.08700	0.02928	0.62891	0.05159	0.06396	0.01436	0.00846	0.00230	0.00366	0.01265	0.00794	0.00732
80	0.01507	0.01292	0.01507	0.01077	0.01723	0.00969	0.00861	0.01830	0.01507	0.02369	0.01292	0.01507	0.01077	0.00538	0.00538	0.00108	0.00538	0.00431	0.00431	0.78898
81	0.03030	0.01321	0.01716	0.01308	0.01881	0.01173	0.01077	0.09585	0.02151	0.56933	0.02594	0.02303	0.01669	0.00859	0.00711	0.00212	0.00628	0.00692	0.00834	0.09323
82	0.01171	0.00837	0.01171	0.01339	0.01506	0.00837	0.01171	0.01506	0.01673	0.02175	0.03849	0.08199	0.04183	0.02008	0.01004	0.00335	0.00669	0.65027	0.00669	0.00669
83	0.01716	0.01961	0.04289	0.03064	0.03799	0.01838	0.67279	0.02328	0.01716	0.02328	0.01471	0.01961	0.01103	0.00613	0.00858	0.00245	0.01225	0.00858	0.00368	0.00980
84	0.01782	0.01709	0.02919	0.07225	0.67291	0.01723	0.02222	0.02216	0.01647	0.02354	0.01364	0.01805	0.01144	0.00651	0.00720	0.00217	0.00868	0.00648	0.00358	0.01137
85	0.79588	0.01406	0.01068	0.00956	0.01406	0.01631	0.00787	0.02137	0.01237	0.03261	0.01012	0.01181	0.00787	0.00675	0.00450	0.00225	0.00562	0.00394	0.00450	0.00787
86	0.02546	0.02782	0.01973	0.01731	0.02130	0.45072	0.01325	0.20785	0.02373	0.02571	0.01585	0.08685	0.01407	0.00936	0.00703	0.00207	0.01079	0.00680	0.00503	0.00928
87	0.01500	0.05985	0.61799	0.02143	0.03168	0.01743	0.09084	0.02300	0.01551	0.02285	0.01311	0.01565	0.00939	0.00681	0.00700	0.00229	0.01079	0.00564	0.00313	0.01060
88	0.01822	0.08880	0.01860	0.01456	0.01888	0.01915	0.01160	0.03694	0.61906	0.02908	0.02764	0.02558	0.02091	0.00950	0.00712	0.00237	0.00595	0.00779	0.00697	0.01129
89	0.03116	0.01269	0.01683	0.01312	0.01859	0.01142	0.01077	0.03574	0.08720	0.63698	0.02877	0.02498	0.01841	0.00908	0.00732	0.00227	0.00614	0.00740	0.00884	0.01228
90	0.01407	0.01359	0.02391	0.65756	0.04886	0.01637	0.08532	0.01904	0.01480	0.01904	0.01310	0.01940	0.00982	0.00715	0.00740	0.00243	0.00995	0.00667	0.00327	0.00825
91	0.02579	0.02673	0.02016	0.01745	0.02176	0.38801	0.01373	0.26704	0.02525	0.02857	0.01626	0.02159	0.01372	0.00921	0.00717	0.00213	0.01057	0.06981	0.00535	0.00971
92	0.00933	0.00702	0.00973	0.08158	0.01446	0.00694	0.00804	0.01098	0.01408	0.01860	0.03859	0.64319	0.06815	0.02106	0.00905	0.00288	0.00474	0.01905	0.00640	0.00613
93	0.01569	0.01561	0.02222	0.08975	0.02218	0.02165	0.01633	0.01760	0.01147	0.01760	0.00988	0.01625	0.00956	0.01218	0.02220	0.00310	0.65922	0.00637	0.00319	0.00796
94	0.00862	0.00726	0.00747	0.00764	0.00989	0.00611	0.00565	0.01040	0.01630	0.01953	0.07029	0.13681	0.63155	0.01884	0.00866	0.00250	0.00374	0.01587	0.00675	0.00611
95	0.03115	0.01286	0.01813	0.01610	0.08649	0.01134	0.01184	0.03412	0.02038	0.63631	0.02718	0.02407	0.01735	0.00875	0.00730	0.00224	0.00643	0.00723	0.00846	0.01229
96	0.00906	0.00646	0.00854	0.00994	0.01048	0.00604	0.00667	0.01050	0.01446	0.01945	0.10484	0.64621	0.04934	0.04822	0.01022	0.00303	0.00424	0.01955	0.00679	0.00594
97	0.02580	0.03186	0.01922	0.01753	0.02107	0.64463	0.01315	0.02782	0.02006	0.01872	0.01248	0.01451	0.01029	0.00759	0.00641	0.00185	0.01214	0.00489	0.08171	0.00826
98	0.10217	0.01147	0.01437	0.01171	0.01610	0.01072	0.00941	0.02866	0.05807	0.42853	0.17059	0.03077	0.02844	0.03578	0.00834	0.00244	0.00554	0.00840	0.00808	0.01040
99	0.00928	0.00674	0.00875	0.00962	0.01059	0.00622	0.00670	0.01125	0.01616	0.02190	0.24460	0.48083	0.10036	0.02002	0.00901	0.00271	0.00394	0.01797	0.00713	0.00622
100	0.10388	0.03259	0.01961	0.01781	0.02163	0.64558	0.01343	0.02826	0.01978	0.01927	0.01112	0.01298	0.00921	0.00742	0.00635	0.00191	0.01236	0.00461	0.00382	0.00837
101	0.08852	0.00804	0.00959	0.00909	0.01109	0.00771	0.00686	0.01410	0.01921	0.02839	0.55622	0.07755	0.10774	0.01462	0.00820	0.00232	0.00370	0.01268	0.00751	0.00687
102	0.00917	0.00711	0.00841	0.00927	0.01062	0.00650	0.00649	0.01149	0.04167	0.01979	0.07477	0.44371	0.28386	0.02040	0.00893	0.00273	0.00406	0.01797	0.00682	0.00624
103	0.00978	0.00725	0.00923	0.01059	0.01138	0.00712	0.00722	0.01297	0.08100	0.01974	0.03902	0.66866	0.04549	0.02148	0.00909	0.00290	0.00437	0.01942	0.00681	0.00646
104	0.01055	0.00712	0.00830	0.00830	0.00843	0.00725	0.00487	0.01081	0.01068	0.01437	0.02256	0.04567	0.02560	0.67567	0.10474	0.00751	0.00829	0.01029	0.00435	0.00461

[dist]
# distance from previous block
# <min> <max>
0	5

[block]
# block no. 4 follows, 28 sequences, length 16
# corresponding to MSA columns:
# 334-349
name=unknown_E
#
# <colnr> <probs for GDERKNQSTAVLIFYWHMCP>
#	G	D	E	R	K	N	Q	S	T	A	V	L	I	F	Y	W	H	M	C	P
0	0.01805	0.01614	0.02057	0.02421	0.23382	0.01782	0.01492	0.03347	0.47455	0.02830	0.02456	0.02424	0.01882	0.00879	0.00733	0.00237	0.00666	0.00767	0.00620	0.01151
1	0.79588	0.01406	0.01068	0.00956	0.01406	0.01631	0.00787	0.02137	0.01237	0.03261	0.01012	0.01181	0.00787	0.00675	0.00450	0.00225	0.00562	0.00394	0.00450	0.00787
2	0.00890	0.00712	0.00767	0.00797	0.00982	0.00616	0.00570	0.01035	0.01547	0.01885	0.06226	0.18866	0.51302	0.06491	0.01118	0.02982	0.00408	0.01570	0.00648	0.00588
3	0.01774	0.47052	0.07396	0.01244	0.01903	0.02197	0.01216	0.02075	0.01490	0.01956	0.01118	0.01298	0.00977	0.00600	0.00504	0.00145	0.00721	0.00412	0.00349	0.25572
4	0.01461	0.01147	0.01193	0.01032	0.01384	0.01132	0.00814	0.22037	0.02213	0.02791	0.05589	0.05337	0.48020	0.01535	0.00817	0.00237	0.00505	0.01256	0.00691	0.00810
5	0.01074	0.00773	0.01035	0.01049	0.01219	0.00734	0.00839	0.01414	0.01936	0.02681	0.48784	0.06305	0.06014	0.01651	0.00904	0.00262	0.00446	0.21442	0.00759	0.00681
6	0.01234	0.01083	0.01914	0.01564	0.01806	0.01035	0.21614	0.01445	0.01335	0.01793	0.02375	0.19079	0.02587	0.32695	0.02160	0.03169	0.00804	0.01202	0.00465	0.00640
7	0.01601	0.01446	0.02388	0.03475	0.48307	0.01446	0.01896	0.02002	0.01661	0.02312	0.02151	0.03821	0.02109	0.01077	0.00809	0.00253	0.00802	0.20986	0.00458	0.00999
8	0.01246	0.01128	0.02020	0.01593	0.01943	0.01050	0.21724	0.01674	0.01950	0.02730	0.48033	0.04334	0.05040	0.01210	0.00857	0.00234	0.00622	0.01170	0.00664	0.00779
9	0.01049	0.00701	0.00795	0.00804	0.00806	0.00699	0.00452	0.01055	0.01073	0.01431	0.02374	0.08142	0.02749	0.70924	0.03564	0.00685	0.00691	0.01106	0.00452	0.00448
10	0.02043	0.02856	0.44946	0.01885	0.02777	0.01501	0.06011	0.02695	0.01718	0.23824	0.01808	0.01857	0.01209	0.00752	0.00713	0.00229	0.00939	0.00617	0.00498	0.01120
11	0.01057	0.00705	0.00793	0.00793	0.00793	0.00705	0.00440	0.01057	0.01057	0.01409	0.02290	0.04757	0.02643	0.74454	0.03700	0.00705	0.00705	0.01057	0.00440	0.00440
12	0.01575	0.01255	0.01393	0.01324	0.01625	0.01394	0.00997	0.02949	0.44701	0.05371	0.03286	0.25217	0.03020	0.01391	0.00799	0.00261	0.00529	0.01211	0.00726	0.00977
13	0.01967	0.02082	0.03105	0.03269	0.30326	0.12954	0.22534	0.05649	0.06352	0.02417	0.01487	0.01831	0.01178	0.00687	0.00755	0.00223	0.01027	0.00697	0.00408	0.01052
14	0.01135	0.00665	0.00880	0.00880	0.00958	0.00626	0.00606	0.00977	0.01171	0.01484	0.03190	0.03722	0.22859	0.02309	0.02215	0.54018	0.00548	0.00917	0.00429	0.00410
15	0.01599	0.01429	0.01963	0.02146	0.23267	0.01208	0.01294	0.01957	0.01554	0.02371	0.01316	0.01599	0.01100	0.00573	0.00596	0.00142	0.00641	0.00499	0.00408	0.54336

[dist]
# distance from previous block
# <min> <max>
0	11

# created by:
# /st0/software/busco_prod/Augustus/scripts/msa2prfl.pl ./align_prep/126341.fa
