[name]
unknown

[dist]
# distance from previous block
# <min> <max>
0	20

[block]
# block no. 0 follows, 26 sequences, length 53
# corresponding to MSA columns:
# 20-72
name=unknown_A
#
# <colnr> <probs for GDERKNQSTAVLIFYWHMCP>
#	G	D	E	R	K	N	Q	S	T	A	V	L	I	F	Y	W	H	M	C	P
0	0.05914	0.01152	0.01361	0.01436	0.01658	0.05642	0.01229	0.01846	0.01746	0.06295	0.03456	0.06981	0.03632	0.01823	0.01040	0.00325	0.04013	0.49031	0.00662	0.00759
1	0.13862	0.03613	0.01739	0.01332	0.01878	0.04514	0.01092	0.05449	0.05643	0.42524	0.02408	0.02231	0.01617	0.01021	0.02896	0.00256	0.00718	0.00674	0.00766	0.05767
2	0.02062	0.02369	0.06270	0.09428	0.29790	0.22165	0.01908	0.02441	0.01786	0.02208	0.01313	0.01684	0.01086	0.00736	0.00792	0.00214	0.04300	0.00591	0.00379	0.08480
3	0.01011	0.00800	0.00935	0.01087	0.01155	0.03824	0.00735	0.01148	0.01494	0.01937	0.04166	0.67249	0.07061	0.02287	0.00953	0.00301	0.00481	0.02060	0.00690	0.00629
4	0.01973	0.01815	0.02570	0.08904	0.33638	0.04041	0.04116	0.09308	0.20173	0.02841	0.01919	0.02139	0.01496	0.00807	0.00761	0.00237	0.00848	0.00729	0.00523	0.01164
5	0.01899	0.01629	0.01724	0.01526	0.01974	0.01852	0.01191	0.05789	0.61647	0.03182	0.02952	0.02729	0.02218	0.00999	0.00760	0.00248	0.00605	0.00829	0.00753	0.05492
6	0.01988	0.68233	0.09188	0.01367	0.02053	0.02903	0.01418	0.02282	0.01546	0.01834	0.01079	0.01247	0.00972	0.00655	0.00505	0.00168	0.00836	0.00418	0.00324	0.00985
7	0.02834	0.06226	0.02374	0.01720	0.02329	0.02389	0.01433	0.62431	0.03450	0.04609	0.01777	0.01786	0.01272	0.00896	0.00743	0.00224	0.00833	0.00667	0.00734	0.01272
8	0.01522	0.01299	0.01504	0.01123	0.01732	0.01020	0.00888	0.01940	0.05137	0.02461	0.01927	0.05218	0.05136	0.00746	0.00610	0.00137	0.00548	0.00614	0.00493	0.65942
9	0.00995	0.00747	0.00929	0.01028	0.01143	0.00705	0.00715	0.01280	0.05349	0.02168	0.12995	0.50287	0.14593	0.02124	0.00937	0.00288	0.00430	0.01897	0.00725	0.00666
10	0.02546	0.01755	0.01900	0.01507	0.02007	0.01908	0.01226	0.48148	0.03035	0.07553	0.02125	0.06002	0.01641	0.00989	0.00731	0.00224	0.00720	0.00773	0.14058	0.01151
11	0.01456	0.01341	0.02240	0.64170	0.08561	0.01642	0.02039	0.01951	0.01532	0.02014	0.01410	0.02055	0.01069	0.00760	0.00746	0.00247	0.00972	0.00676	0.04263	0.00856
12	0.01506	0.01436	0.02467	0.59891	0.13749	0.01710	0.04550	0.02009	0.01555	0.02030	0.01366	0.02004	0.01042	0.00743	0.00763	0.00249	0.01006	0.00683	0.00344	0.00898
13	0.00896	0.00768	0.00768	0.00768	0.01025	0.00640	0.00576	0.01089	0.01729	0.02049	0.07684	0.07300	0.68304	0.01921	0.00896	0.00256	0.00384	0.01601	0.00704	0.00640
14	0.01271	0.00819	0.01077	0.00988	0.01201	0.00749	0.00749	0.01623	0.02149	0.08636	0.62691	0.05405	0.06710	0.01499	0.00883	0.00238	0.00382	0.01320	0.00844	0.00764
15	0.01407	0.01269	0.01982	0.45068	0.03827	0.01561	0.01725	0.04163	0.01536	0.02031	0.01929	0.17142	0.01878	0.01182	0.01020	0.00274	0.09774	0.00991	0.00431	0.00809
16	0.03058	0.01845	0.02103	0.01613	0.02213	0.01937	0.01332	0.45173	0.03099	0.26351	0.02214	0.02076	0.01487	0.00920	0.00760	0.00230	0.00771	0.00710	0.00819	0.01290
17	0.01103	0.00735	0.00827	0.00827	0.00827	0.00735	0.00460	0.01103	0.01103	0.01471	0.02390	0.04964	0.02758	0.73343	0.03861	0.00735	0.00735	0.01103	0.00460	0.00460
18	0.00935	0.00668	0.00873	0.01032	0.01080	0.00625	0.00684	0.01060	0.01437	0.01909	0.04166	0.66407	0.06747	0.07061	0.01157	0.00335	0.00458	0.02070	0.00688	0.00606
19	0.01919	0.49538	0.03529	0.09553	0.02453	0.04640	0.05068	0.02203	0.01518	0.01846	0.01110	0.01421	0.00991	0.00758	0.00822	0.00202	0.10657	0.00502	0.00332	0.00939
20	0.01103	0.00735	0.00827	0.00827	0.00827	0.00735	0.00460	0.01103	0.01103	0.01471	0.02390	0.04964	0.02758	0.73343	0.03861	0.00735	0.00735	0.01103	0.00460	0.00460
21	0.00923	0.00666	0.00874	0.01041	0.01096	0.00617	0.00697	0.01058	0.01467	0.01942	0.04371	0.69293	0.08449	0.02352	0.00964	0.00305	0.00437	0.02126	0.00704	0.00617
22	0.02473	0.35395	0.02995	0.01631	0.02164	0.31697	0.01386	0.10071	0.02039	0.02166	0.01195	0.01352	0.01012	0.00736	0.00603	0.00184	0.01052	0.00474	0.00404	0.00970
23	0.02831	0.02017	0.02199	0.01699	0.02283	0.02217	0.01400	0.59556	0.03379	0.08325	0.01898	0.01918	0.01351	0.01130	0.03937	0.00273	0.00879	0.00693	0.00753	0.01262
24	0.01074	0.00775	0.01014	0.00954	0.01133	0.00716	0.00716	0.01431	0.02147	0.03042	0.68211	0.05666	0.07157	0.01551	0.00895	0.00239	0.00358	0.01372	0.00835	0.00716
25	0.01543	0.03773	0.64195	0.02245	0.03338	0.01774	0.07870	0.02404	0.01617	0.02404	0.01375	0.01637	0.00976	0.00714	0.00735	0.00241	0.01134	0.00587	0.00325	0.01113
26	0.01464	0.01223	0.01451	0.01086	0.01652	0.00946	0.00859	0.01805	0.01698	0.02596	0.15976	0.02468	0.02443	0.00778	0.00635	0.00140	0.00517	0.00651	0.00534	0.61077
27	0.18426	0.01444	0.01674	0.01338	0.01885	0.01439	0.01096	0.09369	0.09484	0.42251	0.02500	0.02264	0.01657	0.00899	0.00704	0.00237	0.00646	0.00695	0.00808	0.01186
28	0.02120	0.01647	0.04956	0.01413	0.02084	0.01376	0.03590	0.15656	0.02087	0.12674	0.01695	0.01791	0.01262	0.00700	0.00652	0.00166	0.00684	0.00566	0.00577	0.44304
29	0.74418	0.05507	0.01275	0.01014	0.01494	0.01774	0.00848	0.02232	0.01305	0.03313	0.01056	0.01231	0.00830	0.00701	0.00470	0.00231	0.00599	0.00410	0.00461	0.00830
30	0.01313	0.00881	0.01129	0.01022	0.01249	0.00831	0.00780	0.05178	0.02228	0.07074	0.60620	0.05268	0.06515	0.01478	0.00879	0.00238	0.00402	0.01297	0.00837	0.00782
31	0.02122	0.65577	0.03761	0.01375	0.01993	0.10886	0.01318	0.02360	0.01612	0.01793	0.01068	0.01234	0.00974	0.00664	0.00510	0.00166	0.00876	0.00415	0.00332	0.00962
32	0.06374	0.09400	0.13389	0.01366	0.01865	0.01394	0.01276	0.05618	0.04338	0.12352	0.09530	0.18628	0.02795	0.01349	0.02441	0.00263	0.00701	0.01038	0.00616	0.05267
33	0.01521	0.03923	0.69413	0.02162	0.03283	0.01762	0.02802	0.02402	0.01601	0.02402	0.01361	0.01601	0.00961	0.00721	0.00721	0.00240	0.01121	0.00560	0.00320	0.01121
34	0.65301	0.01513	0.01277	0.01097	0.01589	0.01712	0.00904	0.08272	0.01576	0.09094	0.01291	0.01401	0.00954	0.00743	0.00521	0.00234	0.00615	0.00466	0.00536	0.00905
35	0.00921	0.00672	0.00868	0.01026	0.01092	0.00619	0.00691	0.01060	0.01482	0.01948	0.04552	0.65903	0.11722	0.02328	0.00961	0.00303	0.00434	0.02097	0.00704	0.00619
36	0.01587	0.08864	0.57719	0.02208	0.03257	0.01869	0.09373	0.02395	0.01617	0.02360	0.01357	0.01620	0.00982	0.00707	0.00722	0.00236	0.01115	0.00585	0.00327	0.01100
37	0.01063	0.00775	0.00999	0.00943	0.01127	0.00711	0.00707	0.01411	0.02122	0.02982	0.64583	0.05764	0.10822	0.01573	0.00895	0.00240	0.00359	0.01385	0.00827	0.00711
38	0.03197	0.01245	0.01694	0.01315	0.01865	0.01080	0.01080	0.03496	0.02169	0.63294	0.08758	0.02854	0.02344	0.00993	0.00774	0.00235	0.00620	0.00817	0.00930	0.01240
39	0.01660	0.01580	0.02686	0.37361	0.37607	0.01745	0.02220	0.02137	0.01624	0.02214	0.01388	0.01948	0.01108	0.00716	0.00755	0.00239	0.00955	0.00675	0.00357	0.01026
40	0.01646	0.13996	0.47809	0.02222	0.03208	0.01975	0.14085	0.02388	0.01627	0.02315	0.01347	0.01625	0.00997	0.00695	0.00718	0.00231	0.01104	0.00598	0.00332	0.01081
41	0.01414	0.00707	0.00707	0.00707	0.00884	0.00707	0.00530	0.01767	0.01591	0.02828	0.02474	0.02828	0.01944	0.00884	0.00530	0.00177	0.00353	0.00707	0.77554	0.00707
42	0.00923	0.00665	0.00875	0.01043	0.01097	0.00617	0.00698	0.01058	0.01465	0.01941	0.04341	0.69848	0.07913	0.02356	0.00965	0.00306	0.00438	0.02131	0.00704	0.00617
43	0.06896	0.01942	0.09425	0.03890	0.07538	0.04151	0.03843	0.14735	0.23797	0.03161	0.06790	0.06349	0.02148	0.01005	0.00763	0.00245	0.00763	0.00840	0.00629	0.01090
44	0.01563	0.07750	0.62441	0.02166	0.03243	0.01839	0.05922	0.02396	0.01608	0.02369	0.01353	0.01602	0.00971	0.00712	0.00716	0.00237	0.01112	0.00569	0.00324	0.01108
45	0.02267	0.01064	0.01413	0.01173	0.01565	0.00958	0.00933	0.02659	0.04556	0.36065	0.33233	0.04021	0.04341	0.01226	0.00824	0.00237	0.00510	0.01049	0.00885	0.01021
46	0.01103	0.00735	0.00827	0.00827	0.00827	0.00735	0.00460	0.01103	0.01103	0.01471	0.02390	0.04964	0.02758	0.73343	0.03861	0.00735	0.00735	0.01103	0.00460	0.00460
47	0.01861	0.01813	0.02964	0.11592	0.59820	0.03995	0.02277	0.02309	0.01719	0.02401	0.01410	0.01876	0.01174	0.00688	0.00750	0.00227	0.00928	0.00670	0.00372	0.01153
48	0.00973	0.00764	0.00893	0.00919	0.01111	0.00665	0.00662	0.01181	0.01697	0.02204	0.16580	0.29264	0.32329	0.01940	0.00903	0.00263	0.00409	0.01690	0.00713	0.04839
49	0.04454	0.32585	0.06274	0.01633	0.02153	0.27649	0.01435	0.02673	0.06975	0.02001	0.01272	0.01445	0.01078	0.00770	0.00702	0.00197	0.04868	0.00494	0.00389	0.00952
50	0.02229	0.01776	0.02175	0.01702	0.02223	0.01884	0.07272	0.36057	0.06560	0.03635	0.02193	0.08534	0.04107	0.01041	0.00868	0.00231	0.04765	0.00849	0.00653	0.11247
51	0.02286	0.14220	0.02285	0.01466	0.02053	0.02002	0.01229	0.31216	0.06705	0.05432	0.01827	0.05600	0.01484	0.00875	0.00680	0.00197	0.00727	0.00676	0.00617	0.18423
52	0.02574	0.01776	0.01967	0.01541	0.02092	0.01870	0.01255	0.43441	0.04970	0.12073	0.02433	0.06489	0.05364	0.01032	0.00763	0.00226	0.00732	0.00818	0.00748	0.07838

[dist]
# distance from previous block
# <min> <max>
1	7

[block]
# block no. 1 follows, 26 sequences, length 21
# corresponding to MSA columns:
# 80-100
name=unknown_B
#
# <colnr> <probs for GDERKNQSTAVLIFYWHMCP>
#	G	D	E	R	K	N	Q	S	T	A	V	L	I	F	Y	W	H	M	C	P
0	0.01956	0.06846	0.02322	0.10268	0.06112	0.05314	0.10701	0.11024	0.01901	0.09304	0.02020	0.10008	0.01775	0.04159	0.02832	0.02557	0.03410	0.00874	0.05679	0.00938
1	0.04953	0.01315	0.01582	0.04120	0.01845	0.01316	0.04218	0.15963	0.06315	0.05638	0.07250	0.10811	0.17617	0.03889	0.00905	0.00253	0.00624	0.01089	0.00659	0.09639
2	0.02054	0.06750	0.07397	0.06198	0.35840	0.06350	0.06295	0.12143	0.04778	0.02743	0.01516	0.01833	0.01206	0.00736	0.00740	0.00225	0.00947	0.00662	0.00444	0.01147
3	0.01848	0.01455	0.01639	0.01227	0.01810	0.01297	0.00978	0.17306	0.02024	0.02986	0.01601	0.01932	0.01322	0.05368	0.00820	0.00184	0.00625	0.00564	0.05458	0.49556
4	0.11466	0.38337	0.05508	0.01266	0.01790	0.09168	0.01173	0.02123	0.01662	0.02187	0.09115	0.02427	0.09309	0.00915	0.00606	0.00197	0.00755	0.00662	0.00448	0.00885
5	0.02303	0.01699	0.01857	0.01518	0.01975	0.01840	0.01214	0.46735	0.02977	0.03975	0.04749	0.16494	0.06701	0.01291	0.00814	0.00246	0.00711	0.01060	0.00747	0.01094
6	0.00934	0.00668	0.00889	0.01049	0.01102	0.00623	0.00705	0.01081	0.01499	0.02010	0.08463	0.68355	0.05160	0.02321	0.00963	0.00303	0.00435	0.02104	0.00713	0.00623
7	0.01028	0.00766	0.00956	0.00924	0.01109	0.00694	0.00687	0.01338	0.02017	0.02769	0.51825	0.10488	0.19239	0.01680	0.00900	0.00247	0.00369	0.01470	0.00800	0.00694
8	0.02123	0.39309	0.18630	0.01657	0.02360	0.16553	0.01688	0.05906	0.01790	0.02104	0.01191	0.01369	0.00988	0.00707	0.00596	0.00191	0.00999	0.00473	0.00361	0.01005
9	0.00944	0.00755	0.00853	0.00918	0.01112	0.00663	0.00689	0.01141	0.01662	0.02049	0.06358	0.23696	0.44636	0.02056	0.00933	0.00281	0.00437	0.09473	0.00704	0.00642
10	0.01103	0.00735	0.00827	0.00827	0.00827	0.00735	0.00460	0.01103	0.01103	0.01471	0.02390	0.04964	0.02758	0.73343	0.03861	0.00735	0.00735	0.01103	0.00460	0.00460
11	0.07213	0.01881	0.02201	0.12285	0.11253	0.04792	0.01580	0.28280	0.14185	0.03463	0.01823	0.01977	0.01369	0.00875	0.00800	0.00239	0.03364	0.00686	0.00601	0.01134
12	0.02764	0.01971	0.02143	0.01674	0.02242	0.02161	0.01371	0.55441	0.06860	0.08668	0.02083	0.05475	0.01570	0.00992	0.00770	0.00234	0.00790	0.00771	0.00768	0.01251
13	0.04729	0.01125	0.01660	0.05629	0.05218	0.01091	0.08324	0.05640	0.01650	0.02329	0.02954	0.41002	0.03270	0.01618	0.00853	0.00263	0.00638	0.01479	0.00593	0.09935
14	0.01912	0.16465	0.32228	0.01846	0.02625	0.05726	0.04547	0.06573	0.04847	0.06917	0.05115	0.01892	0.01453	0.00818	0.00771	0.00227	0.03902	0.00624	0.00446	0.01068
15	0.08268	0.08738	0.08244	0.01902	0.10843	0.04221	0.01469	0.16807	0.02222	0.19751	0.06376	0.04215	0.01821	0.00910	0.00720	0.00226	0.00776	0.00726	0.00641	0.01125
16	0.02293	0.02341	0.05585	0.01783	0.05188	0.21776	0.01382	0.21395	0.11934	0.03008	0.05077	0.02518	0.05580	0.05635	0.00951	0.00258	0.00921	0.00756	0.00593	0.01027
17	0.01945	0.10127	0.27688	0.06677	0.09510	0.05087	0.06194	0.06018	0.06169	0.08089	0.01601	0.01813	0.01190	0.00783	0.00793	0.00234	0.03916	0.00629	0.00441	0.01095
18	0.04221	0.08237	0.10077	0.06304	0.02599	0.05186	0.10779	0.08489	0.04210	0.09489	0.01669	0.03887	0.01314	0.00828	0.00845	0.00220	0.06353	0.00674	0.00495	0.14121
19	0.01968	0.06571	0.02544	0.06694	0.07568	0.04704	0.13192	0.20246	0.02225	0.02945	0.04953	0.07054	0.07198	0.01011	0.00843	0.00234	0.03388	0.00881	0.00551	0.05229
20	0.04902	0.02264	0.17691	0.07003	0.16042	0.04560	0.10064	0.08856	0.01830	0.02614	0.01561	0.05641	0.01306	0.00825	0.00815	0.00231	0.03891	0.00718	0.00429	0.08755

[dist]
# distance from previous block
# <min> <max>
7	36

[block]
# block no. 2 follows, 26 sequences, length 41
# corresponding to MSA columns:
# 142-182
name=unknown_C
#
# <colnr> <probs for GDERKNQSTAVLIFYWHMCP>
#	G	D	E	R	K	N	Q	S	T	A	V	L	I	F	Y	W	H	M	C	P
0	0.38528	0.01720	0.04663	0.01311	0.01812	0.04494	0.01104	0.11093	0.11220	0.10770	0.01843	0.05310	0.01440	0.00892	0.00630	0.00239	0.00678	0.00648	0.00606	0.00997
1	0.05909	0.17403	0.18236	0.01569	0.02154	0.07214	0.05206	0.02230	0.04843	0.04111	0.17353	0.06028	0.02719	0.01002	0.00721	0.00224	0.00805	0.00822	0.00516	0.00936
2	0.01925	0.45198	0.13447	0.01812	0.07571	0.06933	0.04734	0.02304	0.01652	0.02042	0.05078	0.01637	0.01359	0.00723	0.00600	0.00190	0.00898	0.00536	0.00365	0.00995
3	0.12146	0.06073	0.05256	0.10906	0.02360	0.01579	0.06414	0.09389	0.07830	0.07853	0.01781	0.05347	0.01467	0.01253	0.01178	0.16272	0.00781	0.00726	0.00509	0.00879
4	0.05856	0.11087	0.02062	0.01492	0.01975	0.02043	0.01225	0.19814	0.32678	0.03382	0.04344	0.02555	0.02001	0.00980	0.00723	0.00236	0.00678	0.02868	0.02872	0.01130
5	0.12455	0.01799	0.07219	0.18704	0.21690	0.01805	0.04596	0.05556	0.13720	0.02710	0.01680	0.01981	0.01293	0.00776	0.00722	0.00241	0.00857	0.00673	0.00467	0.01056
6	0.01714	0.02907	0.38829	0.02601	0.15124	0.01724	0.08947	0.02386	0.01647	0.05528	0.01449	0.01745	0.01082	0.00732	0.00820	0.00233	0.04489	0.00622	0.00377	0.07045
7	0.02179	0.05156	0.06409	0.05088	0.02352	0.01657	0.05065	0.15228	0.07323	0.13525	0.01825	0.01923	0.01345	0.00795	0.00780	0.00203	0.04228	0.00631	0.00586	0.23702
8	0.01614	0.03457	0.05344	0.01636	0.01970	0.10257	0.07066	0.03687	0.01662	0.02191	0.07254	0.10368	0.10088	0.01405	0.03551	0.00284	0.17651	0.00960	0.00493	0.09062
9	0.08138	0.03648	0.05485	0.01298	0.01750	0.01448	0.01078	0.11971	0.13120	0.11548	0.04158	0.06055	0.02048	0.10772	0.01128	0.00291	0.00660	0.00812	0.05518	0.09073
10	0.01551	0.01251	0.01586	0.01507	0.04183	0.01349	0.04080	0.04241	0.23943	0.04471	0.11893	0.11267	0.05889	0.09479	0.01274	0.00322	0.04199	0.05929	0.00679	0.00907
11	0.60010	0.01564	0.04581	0.06738	0.01861	0.01675	0.01029	0.05349	0.01426	0.03183	0.01217	0.01580	0.00990	0.05325	0.00734	0.00268	0.00669	0.00497	0.00465	0.00838
12	0.01586	0.01792	0.16303	0.01443	0.01932	0.01373	0.01377	0.05466	0.15845	0.06963	0.17436	0.03929	0.13510	0.01251	0.00900	0.00253	0.04227	0.02786	0.00662	0.00966
13	0.06421	0.01900	0.02079	0.07215	0.02399	0.02115	0.01376	0.51748	0.03078	0.04228	0.01801	0.02018	0.01349	0.04857	0.00906	0.00256	0.00813	0.00692	0.03585	0.01163
14	0.01748	0.01887	0.08302	0.18846	0.46110	0.01780	0.05800	0.02255	0.01675	0.02352	0.01410	0.01896	0.01138	0.00695	0.00758	0.00234	0.00963	0.00678	0.00363	0.01108
15	0.02028	0.73799	0.03975	0.01298	0.01947	0.03001	0.01298	0.02271	0.01541	0.01785	0.01055	0.01217	0.00973	0.00649	0.00487	0.00162	0.00811	0.00406	0.00324	0.00973
16	0.01719	0.03647	0.62301	0.02076	0.03141	0.01694	0.02625	0.02538	0.01661	0.09418	0.01533	0.01704	0.01057	0.00744	0.00725	0.00240	0.01071	0.00582	0.00385	0.01139
17	0.00938	0.00670	0.00896	0.01072	0.01122	0.00628	0.00728	0.01080	0.01466	0.01952	0.04173	0.69831	0.04986	0.02363	0.00972	0.00310	0.00452	0.05035	0.00704	0.00620
18	0.01123	0.00734	0.00820	0.00820	0.00831	0.00734	0.00464	0.01145	0.01134	0.01557	0.02395	0.04828	0.02706	0.68749	0.03650	0.00700	0.00711	0.01078	0.05347	0.00475
19	0.75466	0.01474	0.01140	0.01020	0.01488	0.01709	0.00837	0.02305	0.04068	0.03393	0.01142	0.01299	0.00884	0.00718	0.00482	0.00236	0.00587	0.00430	0.00482	0.00837
20	0.01779	0.02011	0.04084	0.07001	0.03836	0.04808	0.56126	0.02373	0.01761	0.02343	0.01533	0.02062	0.01173	0.00906	0.04365	0.00301	0.01305	0.00861	0.00382	0.00989
21	0.01072	0.00722	0.00836	0.00867	0.00875	0.00715	0.00502	0.01095	0.01164	0.01551	0.02700	0.16724	0.03149	0.61048	0.03360	0.00661	0.00684	0.01286	0.00502	0.00487
22	0.01104	0.00738	0.00831	0.00828	0.00854	0.00730	0.00481	0.01143	0.01202	0.01626	0.06212	0.05023	0.05586	0.64100	0.03467	0.00670	0.00688	0.01124	0.03106	0.00489
23	0.23330	0.11902	0.01938	0.01321	0.01842	0.07194	0.01102	0.09457	0.01949	0.25928	0.01989	0.05697	0.01501	0.00897	0.00649	0.00225	0.00720	0.00663	0.00649	0.01049
24	0.03361	0.01358	0.01802	0.01381	0.01970	0.01214	0.01141	0.08701	0.02283	0.63975	0.02898	0.02521	0.01830	0.00937	0.00762	0.00234	0.00661	0.00756	0.00924	0.01291
25	0.00923	0.00664	0.00876	0.01045	0.01097	0.00617	0.00699	0.01057	0.01463	0.01941	0.04312	0.70386	0.07394	0.02359	0.00965	0.00306	0.00438	0.02135	0.00704	0.00617
26	0.01521	0.03923	0.69413	0.02162	0.03283	0.01762	0.02802	0.02402	0.01601	0.02402	0.01361	0.01601	0.00961	0.00721	0.00721	0.00240	0.01121	0.00560	0.00320	0.01121
27	0.01842	0.01857	0.05667	0.07531	0.59095	0.01800	0.02271	0.02411	0.05506	0.02490	0.01517	0.01928	0.01247	0.00702	0.00751	0.00229	0.00898	0.00682	0.00394	0.01181
28	0.01671	0.01218	0.01229	0.01112	0.01411	0.08517	0.00847	0.03364	0.03438	0.14008	0.23896	0.08649	0.22887	0.03208	0.00918	0.00254	0.00557	0.01245	0.00747	0.00823
29	0.01638	0.01654	0.02329	0.15141	0.02659	0.05039	0.04394	0.01888	0.01312	0.01879	0.01243	0.05093	0.01194	0.01217	0.01945	0.00307	0.49143	0.00738	0.00355	0.00832
30	0.01090	0.00787	0.01087	0.01087	0.01177	0.00877	0.00784	0.01270	0.01180	0.01663	0.02152	0.03647	0.02186	0.28450	0.47973	0.01056	0.01596	0.00910	0.00424	0.00604
31	0.01083	0.00732	0.00828	0.00840	0.00853	0.00724	0.00480	0.01099	0.01151	0.01524	0.02718	0.09495	0.05520	0.65854	0.03553	0.00688	0.00702	0.01192	0.00485	0.00477
32	0.12836	0.01619	0.02213	0.36970	0.18186	0.07139	0.01867	0.02132	0.01594	0.02282	0.01464	0.02202	0.01217	0.00812	0.00726	0.00245	0.00936	0.04261	0.00390	0.00913
33	0.02195	0.01857	0.01925	0.12942	0.02580	0.11051	0.01384	0.10384	0.29917	0.09879	0.02292	0.02288	0.01692	0.00902	0.00743	0.00234	0.00800	0.00724	0.00647	0.05565
34	0.01568	0.01351	0.01435	0.01426	0.01704	0.05689	0.01115	0.02693	0.32095	0.02590	0.03441	0.19442	0.03341	0.01579	0.00879	0.00288	0.00639	0.17086	0.00714	0.00925
35	0.01697	0.01376	0.01625	0.01200	0.01825	0.01129	0.00963	0.02139	0.05751	0.06142	0.01533	0.01712	0.01235	0.00645	0.00669	0.00138	0.03651	0.00502	0.00492	0.65578
36	0.02126	0.60587	0.06374	0.01430	0.02060	0.12887	0.01384	0.02388	0.01633	0.01820	0.01084	0.01255	0.00973	0.00671	0.00525	0.00170	0.00906	0.00424	0.00334	0.00966
37	0.78701	0.01467	0.01115	0.00997	0.01467	0.01702	0.00821	0.02230	0.01291	0.03403	0.01056	0.01232	0.00821	0.00704	0.00469	0.00235	0.00587	0.00411	0.00469	0.00821
38	0.02460	0.20208	0.02622	0.05699	0.06866	0.31223	0.01471	0.10356	0.02109	0.05442	0.03858	0.01675	0.01306	0.00793	0.00665	0.00200	0.01043	0.00561	0.00458	0.00985
39	0.02028	0.73799	0.03975	0.01298	0.01947	0.03001	0.01298	0.02271	0.01541	0.01785	0.01055	0.01217	0.00973	0.00649	0.00487	0.00162	0.00811	0.00406	0.00324	0.00973
40	0.01987	0.68195	0.09224	0.01367	0.02054	0.02902	0.01419	0.02282	0.01546	0.01834	0.01079	0.01248	0.00972	0.00655	0.00505	0.00168	0.00836	0.00418	0.00324	0.00985

[dist]
# distance from previous block
# <min> <max>
0	1

[block]
# block no. 3 follows, 26 sequences, length 38
# corresponding to MSA columns:
# 184-221
name=unknown_D
#
# <colnr> <probs for GDERKNQSTAVLIFYWHMCP>
#	G	D	E	R	K	N	Q	S	T	A	V	L	I	F	Y	W	H	M	C	P
0	0.06711	0.09274	0.01886	0.01310	0.01764	0.01325	0.05502	0.05760	0.02054	0.24813	0.22295	0.03555	0.08325	0.01128	0.00773	0.00231	0.00609	0.00953	0.00745	0.00987
1	0.01844	0.01879	0.03946	0.05628	0.06220	0.01776	0.52774	0.02419	0.01785	0.07050	0.01773	0.06034	0.01414	0.00763	0.00879	0.00256	0.01163	0.00939	0.00438	0.01019
2	0.00932	0.00666	0.00887	0.01051	0.01102	0.00621	0.00705	0.01076	0.01489	0.01994	0.07541	0.69322	0.05129	0.02333	0.00964	0.00304	0.00436	0.02115	0.00711	0.00621
3	0.01850	0.49289	0.26929	0.01601	0.02415	0.02566	0.01826	0.02317	0.01562	0.02001	0.01162	0.01352	0.00969	0.00674	0.00569	0.00190	0.00920	0.00460	0.00323	0.01025
4	0.01758	0.01670	0.02785	0.22539	0.47768	0.01775	0.02205	0.02318	0.05333	0.02371	0.01498	0.01970	0.01212	0.00718	0.00754	0.00234	0.00914	0.00686	0.00387	0.01105
5	0.03180	0.01300	0.01729	0.01346	0.01902	0.01162	0.01104	0.05377	0.05170	0.60339	0.06851	0.02755	0.02195	0.00979	0.00771	0.00236	0.00632	0.00801	0.00920	0.01252
6	0.02028	0.01639	0.01730	0.01507	0.01947	0.01869	0.01186	0.15210	0.49818	0.03437	0.02801	0.02645	0.02095	0.00995	0.00748	0.00245	0.00622	0.00812	0.07492	0.01174
7	0.01718	0.01569	0.02316	0.45130	0.07736	0.04407	0.04367	0.09875	0.01794	0.02374	0.01449	0.01985	0.01111	0.00816	0.00869	0.00247	0.05932	0.00678	0.04711	0.00917
8	0.00981	0.00741	0.00888	0.00968	0.01091	0.00688	0.00668	0.01211	0.03924	0.02073	0.10864	0.40794	0.21670	0.08344	0.01189	0.00323	0.00449	0.01797	0.00697	0.00639
9	0.01103	0.00735	0.00827	0.00827	0.00827	0.00735	0.00460	0.01103	0.01103	0.01471	0.02390	0.04964	0.02758	0.73343	0.03861	0.00735	0.00735	0.01103	0.00460	0.00460
10	0.01748	0.08153	0.04511	0.02034	0.02202	0.05181	0.06972	0.01981	0.01301	0.01889	0.01063	0.01639	0.01005	0.01171	0.02057	0.00302	0.54934	0.00650	0.00338	0.00869
11	0.02042	0.43514	0.11935	0.01537	0.02178	0.11370	0.01500	0.02680	0.12587	0.02106	0.01449	0.01556	0.01196	0.00739	0.00590	0.00193	0.00889	0.00512	0.00407	0.01018
12	0.09938	0.01289	0.01673	0.01300	0.01864	0.01154	0.01072	0.03511	0.02077	0.61427	0.02808	0.02471	0.01787	0.00917	0.00730	0.00233	0.00632	0.00730	0.03156	0.01233
13	0.01003	0.00714	0.00883	0.00950	0.01078	0.00655	0.00671	0.01227	0.01701	0.02336	0.22156	0.37356	0.15915	0.01943	0.00898	0.00269	0.00401	0.01722	0.07469	0.00655
14	0.05815	0.02900	0.10978	0.02200	0.10952	0.34262	0.01678	0.07852	0.06649	0.07397	0.01545	0.01686	0.01182	0.00796	0.00706	0.00217	0.01092	0.00580	0.00479	0.01035
15	0.01599	0.06297	0.64958	0.02106	0.03193	0.01785	0.02696	0.02439	0.01617	0.04505	0.01402	0.01619	0.00990	0.00725	0.00714	0.00237	0.01095	0.00561	0.00340	0.01121
16	0.01198	0.00856	0.01194	0.01369	0.01533	0.00852	0.01180	0.01530	0.01722	0.02243	0.04029	0.13792	0.04418	0.02118	0.01041	0.00346	0.00677	0.58510	0.00699	0.00692
17	0.01553	0.03175	0.47567	0.02409	0.07781	0.01700	0.13480	0.02317	0.01691	0.02468	0.07249	0.02053	0.01553	0.00776	0.00768	0.00242	0.01066	0.00697	0.00380	0.01074
18	0.06288	0.01591	0.02604	0.28835	0.33802	0.01730	0.04435	0.04209	0.01703	0.02430	0.04191	0.02056	0.01359	0.00751	0.00749	0.00238	0.00912	0.00697	0.00399	0.01022
19	0.02885	0.01981	0.02161	0.01663	0.02252	0.02156	0.01372	0.56884	0.03340	0.11716	0.01973	0.01942	0.01378	0.00913	0.00751	0.00227	0.00796	0.00693	0.03649	0.01268
20	0.74095	0.01460	0.01184	0.05201	0.01691	0.01701	0.00898	0.02212	0.01304	0.03316	0.01074	0.01279	0.00833	0.00707	0.00487	0.00236	0.00612	0.00426	0.00462	0.00823
21	0.04087	0.00861	0.00885	0.00823	0.01060	0.00875	0.00634	0.06381	0.01750	0.06463	0.02411	0.02694	0.01859	0.00883	0.00556	0.00185	0.00410	0.00699	0.65704	0.00782
22	0.01916	0.02232	0.15382	0.02776	0.09418	0.01816	0.33993	0.02628	0.06432	0.09314	0.01726	0.02042	0.01271	0.00752	0.00912	0.00252	0.04811	0.00786	0.00454	0.01087
23	0.01930	0.02107	0.17520	0.01883	0.02518	0.01668	0.11073	0.07209	0.22500	0.10278	0.02594	0.03053	0.03774	0.01018	0.00808	0.00258	0.00844	0.07240	0.00620	0.01105
24	0.01073	0.00743	0.00900	0.00918	0.00958	0.00758	0.00577	0.01143	0.01186	0.01594	0.02734	0.11473	0.05676	0.50994	0.15406	0.00759	0.00924	0.01177	0.00485	0.00522
25	0.02331	0.36554	0.02899	0.01517	0.02029	0.27021	0.01302	0.07427	0.01921	0.02133	0.01281	0.01459	0.01084	0.00738	0.00583	0.00181	0.00974	0.00483	0.07144	0.00941
26	0.01466	0.01314	0.02193	0.22245	0.06935	0.01389	0.11821	0.01858	0.01638	0.04378	0.09037	0.13745	0.05406	0.01155	0.00942	0.00253	0.05878	0.01042	0.00500	0.06804
27	0.02075	0.05456	0.02635	0.03332	0.38557	0.19538	0.01893	0.02542	0.05735	0.02309	0.01670	0.02357	0.01476	0.00847	0.00749	0.00227	0.00982	0.06127	0.00429	0.01063
28	0.02586	0.02586	0.02131	0.01950	0.06849	0.30435	0.01428	0.26595	0.06550	0.03071	0.01848	0.02030	0.03846	0.03698	0.00854	0.00237	0.01026	0.00664	0.00566	0.01050
29	0.00924	0.00660	0.00880	0.01056	0.01100	0.00616	0.00704	0.01056	0.01452	0.01936	0.04181	0.72848	0.05017	0.02376	0.00968	0.00308	0.00440	0.02156	0.00704	0.00616
30	0.03403	0.01291	0.01760	0.01350	0.01936	0.01115	0.01115	0.03697	0.02171	0.69137	0.02992	0.02582	0.01878	0.00939	0.00763	0.00235	0.00645	0.00763	0.00939	0.01291
31	0.01585	0.12716	0.61179	0.02053	0.03115	0.01918	0.02613	0.02386	0.01594	0.02324	0.01323	0.01553	0.00962	0.00712	0.00691	0.00230	0.01082	0.00541	0.00321	0.01102
32	0.01904	0.01497	0.01605	0.01406	0.01828	0.01650	0.01104	0.11547	0.41715	0.06880	0.06404	0.03541	0.13257	0.01178	0.00795	0.00251	0.00588	0.00974	0.00771	0.01104
33	0.00975	0.00681	0.00865	0.00991	0.01023	0.00650	0.00635	0.01069	0.01353	0.01804	0.03672	0.53567	0.04375	0.22533	0.01790	0.00429	0.00524	0.01857	0.00635	0.00572
34	0.01877	0.01802	0.03079	0.04656	0.68612	0.01802	0.02328	0.02328	0.01727	0.02478	0.01427	0.01877	0.01201	0.00676	0.00751	0.00225	0.00901	0.00676	0.00375	0.01201
35	0.02265	0.01624	0.01736	0.01429	0.01872	0.01785	0.01145	0.37807	0.12098	0.03901	0.02318	0.07165	0.01848	0.01024	0.00723	0.00226	0.00663	0.00817	0.18460	0.01096
36	0.01628	0.01787	0.03804	0.02797	0.03429	0.01675	0.53679	0.02173	0.01727	0.02337	0.02029	0.15280	0.01873	0.00964	0.00909	0.00266	0.01122	0.01131	0.00444	0.00947
37	0.78701	0.01467	0.01115	0.00997	0.01467	0.01702	0.00821	0.02230	0.01291	0.03403	0.01056	0.01232	0.00821	0.00704	0.00469	0.00235	0.00587	0.00411	0.00469	0.00821

[dist]
# distance from previous block
# <min> <max>
0	10

[block]
# block no. 4 follows, 26 sequences, length 24
# corresponding to MSA columns:
# 232-255
name=unknown_E
#
# <colnr> <probs for GDERKNQSTAVLIFYWHMCP>
#	G	D	E	R	K	N	Q	S	T	A	V	L	I	F	Y	W	H	M	C	P
0	0.02833	0.03615	0.02149	0.01954	0.02345	0.70298	0.01466	0.03029	0.02149	0.01856	0.01172	0.01368	0.00977	0.00782	0.00684	0.00195	0.01368	0.00489	0.00391	0.00879
1	0.04925	0.01683	0.02853	0.21606	0.46708	0.01773	0.05023	0.02228	0.01658	0.02375	0.01396	0.01895	0.01135	0.00697	0.00748	0.00234	0.00933	0.00674	0.00370	0.01086
2	0.03198	0.01280	0.01717	0.01338	0.01894	0.01132	0.01097	0.03588	0.05471	0.62142	0.06597	0.02765	0.02191	0.00977	0.00771	0.00236	0.00627	0.00801	0.00925	0.01255
3	0.01222	0.00873	0.01222	0.01397	0.01572	0.00873	0.01222	0.01572	0.01746	0.02270	0.04016	0.08556	0.04365	0.02095	0.01048	0.00349	0.00698	0.63506	0.00698	0.00698
4	0.01794	0.02035	0.04414	0.03261	0.06825	0.01913	0.63046	0.02425	0.01787	0.02432	0.01530	0.02039	0.01153	0.00641	0.00889	0.00254	0.01262	0.00885	0.00383	0.01031
5	0.02745	0.02021	0.02178	0.01696	0.02264	0.02229	0.01390	0.61486	0.03417	0.04579	0.01988	0.06842	0.01553	0.01014	0.00774	0.00233	0.00807	0.00787	0.00755	0.01242
6	0.02009	0.02100	0.03070	0.03913	0.46877	0.12103	0.10827	0.02523	0.04706	0.02409	0.01477	0.01866	0.01210	0.00702	0.00761	0.00226	0.01009	0.00686	0.00396	0.01129
7	0.01180	0.01006	0.01630	0.06540	0.05094	0.00994	0.09900	0.01521	0.04442	0.02098	0.03428	0.49058	0.03872	0.01870	0.00927	0.00292	0.00635	0.04145	0.00621	0.00745
8	0.01085	0.00809	0.01200	0.01200	0.01328	0.00938	0.00924	0.01342	0.01213	0.01746	0.02049	0.03078	0.01939	0.09043	0.67041	0.01195	0.01967	0.00827	0.00409	0.00666
9	0.02170	0.01617	0.01761	0.01514	0.04063	0.04849	0.01152	0.27343	0.04770	0.07830	0.02287	0.14562	0.02030	0.01102	0.00743	0.00218	0.00690	0.00909	0.06107	0.14284
10	0.04718	0.47417	0.16933	0.01734	0.07550	0.02507	0.01658	0.02377	0.01593	0.05625	0.01250	0.01421	0.01032	0.00683	0.00569	0.00190	0.00864	0.00478	0.00366	0.01033
11	0.03403	0.01291	0.01760	0.01350	0.01936	0.01115	0.01115	0.03697	0.02171	0.69137	0.02992	0.02582	0.01878	0.00939	0.00763	0.00235	0.00645	0.00763	0.00939	0.01291
12	0.00916	0.00769	0.00795	0.00789	0.01036	0.00649	0.00592	0.01126	0.01775	0.02158	0.14297	0.07121	0.61623	0.01881	0.00896	0.00254	0.00381	0.01576	0.00719	0.00649
13	0.01521	0.03923	0.69413	0.02162	0.03283	0.01762	0.02802	0.02402	0.01601	0.02402	0.01361	0.01601	0.00961	0.00721	0.00721	0.00240	0.01121	0.00560	0.00320	0.01121
14	0.00970	0.00734	0.01072	0.01171	0.01253	0.00686	0.04189	0.01130	0.01470	0.01963	0.04039	0.69061	0.04810	0.02283	0.00964	0.00305	0.00485	0.02089	0.00687	0.00638
15	0.01084	0.00813	0.01219	0.01219	0.01354	0.00948	0.00948	0.01354	0.01219	0.01761	0.02032	0.02980	0.01896	0.05689	0.70337	0.01219	0.02032	0.00813	0.00406	0.00677
16	0.02499	0.07843	0.02227	0.01663	0.02200	0.07760	0.01357	0.36450	0.23202	0.03800	0.02103	0.02051	0.01560	0.00916	0.00735	0.00229	0.00803	0.00700	0.00698	0.01203
17	0.01190	0.00726	0.00788	0.00793	0.00888	0.00711	0.00516	0.01356	0.01391	0.02099	0.05562	0.07209	0.08388	0.34877	0.02149	0.00452	0.00538	0.01055	0.28730	0.00582
18	0.03403	0.01291	0.01760	0.01350	0.01936	0.01115	0.01115	0.03697	0.02171	0.69137	0.02992	0.02582	0.01878	0.00939	0.00763	0.00235	0.00645	0.00763	0.00939	0.01291
19	0.00965	0.00801	0.00848	0.00831	0.01079	0.00700	0.00625	0.01259	0.04200	0.02272	0.18587	0.06838	0.54707	0.01821	0.00892	0.00253	0.00387	0.01532	0.00731	0.00675
20	0.03313	0.01436	0.01850	0.01418	0.02009	0.01330	0.01172	0.14535	0.02413	0.57956	0.02789	0.02450	0.01776	0.00934	0.00762	0.00233	0.00678	0.00749	0.00908	0.01291
21	0.00924	0.00660	0.00880	0.01056	0.01100	0.00616	0.00704	0.01056	0.01452	0.01936	0.04181	0.72848	0.05017	0.02376	0.00968	0.00308	0.00440	0.02156	0.00704	0.00616
22	0.01684	0.01145	0.01160	0.04991	0.01478	0.04427	0.00834	0.09758	0.08160	0.02903	0.02322	0.02742	0.01859	0.06011	0.00837	0.00235	0.00548	0.00734	0.47348	0.00823
23	0.05935	0.25033	0.45748	0.01835	0.02776	0.02135	0.02236	0.02353	0.01566	0.02270	0.01251	0.01464	0.00957	0.00698	0.00636	0.00216	0.00997	0.00505	0.00330	0.01060

[dist]
# distance from previous block
# <min> <max>
0	1

[block]
# block no. 5 follows, 26 sequences, length 88
# corresponding to MSA columns:
# 257,259-345
name=unknown_F
#
# <colnr> <probs for GDERKNQSTAVLIFYWHMCP>
#	G	D	E	R	K	N	Q	S	T	A	V	L	I	F	Y	W	H	M	C	P
0	0.02833	0.03615	0.02149	0.01954	0.02345	0.70298	0.01466	0.03029	0.02149	0.01856	0.01172	0.01368	0.00977	0.00782	0.00684	0.00195	0.01368	0.00489	0.00391	0.00879
1	0.03403	0.01291	0.01760	0.01350	0.01936	0.01115	0.01115	0.03697	0.02171	0.69137	0.02992	0.02582	0.01878	0.00939	0.00763	0.00235	0.00645	0.00763	0.00939	0.01291
2	0.01064	0.00775	0.01000	0.00944	0.01127	0.00712	0.00708	0.01413	0.02124	0.02987	0.64907	0.05755	0.10496	0.01571	0.00895	0.00240	0.00359	0.01384	0.00828	0.00712
3	0.01088	0.00797	0.01139	0.01139	0.01247	0.00905	0.00849	0.01303	0.01195	0.01702	0.02104	0.03383	0.02071	0.19428	0.56837	0.01121	0.01768	0.00872	0.00417	0.00633
4	0.01138	0.00888	0.01307	0.01276	0.01394	0.01068	0.00996	0.01389	0.01209	0.01756	0.01949	0.02931	0.01845	0.07779	0.61606	0.01119	0.08457	0.00810	0.00401	0.00683
5	0.01575	0.00862	0.00879	0.00820	0.01044	0.00887	0.00630	0.08798	0.01807	0.03041	0.02403	0.02718	0.01873	0.00887	0.00555	0.00182	0.00406	0.00704	0.69159	0.00771
6	0.02833	0.03615	0.02149	0.01954	0.02345	0.70298	0.01466	0.03029	0.02149	0.01856	0.01172	0.01368	0.00977	0.00782	0.00684	0.00195	0.01368	0.00489	0.00391	0.00879
7	0.01432	0.01348	0.02275	0.71520	0.05224	0.01685	0.02107	0.01938	0.01517	0.01938	0.01348	0.02022	0.01011	0.00758	0.00758	0.00253	0.01011	0.00674	0.00337	0.00843
8	0.03403	0.01291	0.01760	0.01350	0.01936	0.01115	0.01115	0.03697	0.02171	0.69137	0.02992	0.02582	0.01878	0.00939	0.00763	0.00235	0.00645	0.00763	0.00939	0.01291
9	0.03403	0.01291	0.01760	0.01350	0.01936	0.01115	0.01115	0.03697	0.02171	0.69137	0.02992	0.02582	0.01878	0.00939	0.00763	0.00235	0.00645	0.00763	0.00939	0.01291
10	0.08897	0.01304	0.01713	0.01324	0.01902	0.01158	0.01093	0.03590	0.02107	0.64341	0.02851	0.02483	0.01801	0.00922	0.00741	0.00235	0.00641	0.00737	0.00905	0.01257
11	0.01055	0.00786	0.01159	0.01190	0.01310	0.00890	0.00905	0.01302	0.01260	0.01792	0.02410	0.15281	0.02446	0.05106	0.58124	0.01059	0.01751	0.01049	0.00459	0.00666
12	0.01887	0.01629	0.01715	0.01544	0.01972	0.01887	0.01201	0.04031	0.67241	0.03173	0.03087	0.02830	0.02315	0.01029	0.00772	0.00257	0.00600	0.00858	0.00772	0.01201
13	0.01790	0.02046	0.04476	0.03197	0.03964	0.01918	0.65857	0.02430	0.01790	0.02430	0.01535	0.02046	0.01151	0.00639	0.00895	0.00256	0.01279	0.00895	0.00384	0.01023
14	0.00981	0.00823	0.00864	0.00873	0.01129	0.00728	0.00674	0.01289	0.05101	0.02129	0.07072	0.07198	0.58369	0.01893	0.00906	0.00266	0.00427	0.07894	0.00707	0.00675
15	0.07688	0.02352	0.02503	0.05011	0.02510	0.25150	0.11356	0.02358	0.01616	0.02048	0.01157	0.01604	0.01001	0.00969	0.01416	0.00264	0.29131	0.00622	0.00370	0.00876
16	0.01763	0.01895	0.07731	0.09450	0.27999	0.01780	0.19832	0.05188	0.01780	0.02469	0.01695	0.02552	0.01455	0.00853	0.00895	0.00254	0.04128	0.06810	0.00418	0.01053
17	0.01222	0.00926	0.01209	0.01185	0.01323	0.03184	0.00915	0.01486	0.01299	0.01923	0.02036	0.02920	0.01864	0.07395	0.50866	0.00957	0.05290	0.00790	0.12523	0.00687
18	0.02438	0.09871	0.14063	0.01686	0.02327	0.08995	0.01565	0.18823	0.15290	0.14299	0.02043	0.02002	0.01470	0.00865	0.00719	0.00227	0.00859	0.00661	0.00631	0.01167
19	0.01913	0.11798	0.49693	0.01916	0.02886	0.01796	0.02326	0.02614	0.01695	0.14078	0.01612	0.01728	0.01124	0.00750	0.00700	0.00230	0.01000	0.00578	0.00430	0.01133
20	0.03403	0.01291	0.01760	0.01350	0.01936	0.01115	0.01115	0.03697	0.02171	0.69137	0.02992	0.02582	0.01878	0.00939	0.00763	0.00235	0.00645	0.00763	0.00939	0.01291
21	0.00993	0.00817	0.00879	0.00856	0.01102	0.00727	0.00644	0.01332	0.05407	0.02350	0.22018	0.06662	0.49967	0.01783	0.00889	0.00252	0.00390	0.01505	0.00740	0.00689
22	0.01793	0.05425	0.03058	0.29900	0.19654	0.04079	0.17446	0.02284	0.01685	0.05267	0.01467	0.01956	0.01127	0.00713	0.00773	0.00240	0.01034	0.00712	0.00386	0.01001
23	0.02028	0.73799	0.03975	0.01298	0.01947	0.03001	0.01298	0.02271	0.01541	0.01785	0.01055	0.01217	0.00973	0.00649	0.00487	0.00162	0.00811	0.00406	0.00324	0.00973
24	0.01414	0.00707	0.00707	0.00707	0.00884	0.00707	0.00530	0.01767	0.01591	0.02828	0.02474	0.02828	0.01944	0.00884	0.00530	0.00177	0.00353	0.00707	0.77554	0.00707
25	0.01121	0.00926	0.01370	0.01355	0.01453	0.00998	0.04994	0.01316	0.01460	0.02006	0.06350	0.48275	0.04065	0.02206	0.04420	0.00349	0.11880	0.04151	0.00617	0.00686
26	0.01794	0.01705	0.02893	0.09984	0.59468	0.01730	0.02217	0.02244	0.01734	0.02466	0.05270	0.02108	0.01529	0.00733	0.00760	0.00228	0.00879	0.00716	0.00399	0.01144
27	0.02910	0.02082	0.02250	0.01725	0.02331	0.02289	0.01425	0.62872	0.03494	0.08092	0.01881	0.01860	0.01320	0.00912	0.00759	0.00228	0.00825	0.00687	0.00768	0.01290
28	0.00975	0.00820	0.00853	0.00852	0.01101	0.00728	0.00635	0.01305	0.06257	0.02165	0.09917	0.11697	0.56289	0.01875	0.00893	0.00259	0.00402	0.01579	0.00715	0.00681
29	0.01893	0.05860	0.50531	0.02114	0.05428	0.01699	0.04518	0.02623	0.01710	0.14133	0.01645	0.01785	0.01138	0.00752	0.00726	0.00236	0.01023	0.00606	0.00433	0.01145
30	0.00904	0.00769	0.00779	0.00777	0.01029	0.00644	0.00582	0.01104	0.01747	0.02093	0.10341	0.07228	0.65619	0.01905	0.00896	0.00255	0.00383	0.01591	0.00710	0.00644
31	0.02224	0.56683	0.03530	0.01458	0.02044	0.19413	0.01339	0.02456	0.01690	0.01802	0.01083	0.01254	0.00974	0.00681	0.00535	0.00170	0.00947	0.00426	0.00341	0.00950
32	0.01634	0.01346	0.01579	0.01131	0.01802	0.01015	0.00906	0.01970	0.01593	0.04707	0.01403	0.01607	0.01149	0.00574	0.00568	0.00116	0.00565	0.00460	0.00466	0.75408
33	0.02802	0.03432	0.02165	0.01938	0.02335	0.62580	0.01469	0.08236	0.02237	0.02099	0.01221	0.01414	0.01004	0.00809	0.00745	0.00202	0.03471	0.00510	0.00420	0.00912
34	0.01084	0.00813	0.01219	0.01219	0.01354	0.00948	0.00948	0.01354	0.01219	0.01761	0.02032	0.02980	0.01896	0.05689	0.70337	0.01219	0.02032	0.00813	0.00406	0.00677
35	0.06371	0.02094	0.02223	0.01711	0.02311	0.02322	0.01413	0.63145	0.03462	0.04717	0.01786	0.01794	0.01268	0.00901	0.00745	0.00228	0.00823	0.00670	0.00745	0.01268
36	0.01877	0.01802	0.03079	0.04656	0.68612	0.01802	0.02328	0.02328	0.01727	0.02478	0.01427	0.01877	0.01201	0.00676	0.00751	0.00225	0.00901	0.00676	0.00375	0.01201
37	0.03403	0.01291	0.01760	0.01350	0.01936	0.01115	0.01115	0.03697	0.02171	0.69137	0.02992	0.02582	0.01878	0.00939	0.00763	0.00235	0.00645	0.00763	0.00939	0.01291
38	0.01084	0.00813	0.01219	0.01219	0.01354	0.00948	0.00948	0.01354	0.01219	0.01761	0.02032	0.02980	0.01896	0.05689	0.70337	0.01219	0.02032	0.00813	0.00406	0.00677
39	0.02883	0.02125	0.02276	0.01745	0.02352	0.02352	0.01442	0.66082	0.03566	0.04780	0.01821	0.01821	0.01290	0.00911	0.00759	0.00228	0.00835	0.00683	0.00759	0.01290
40	0.01432	0.01348	0.02275	0.71520	0.05224	0.01685	0.02107	0.01938	0.01517	0.01938	0.01348	0.02022	0.01011	0.00758	0.00758	0.00253	0.01011	0.00674	0.00337	0.00843
41	0.00924	0.00660	0.00880	0.01056	0.01100	0.00616	0.00704	0.01056	0.01452	0.01936	0.04181	0.72848	0.05017	0.02376	0.00968	0.00308	0.00440	0.02156	0.00704	0.00616
42	0.78701	0.01467	0.01115	0.00997	0.01467	0.01702	0.00821	0.02230	0.01291	0.03403	0.01056	0.01232	0.00821	0.00704	0.00469	0.00235	0.00587	0.00411	0.00469	0.00821
43	0.01048	0.00754	0.00925	0.01023	0.01081	0.00745	0.00666	0.01287	0.06147	0.01886	0.03560	0.47234	0.04137	0.23715	0.01828	0.00433	0.00541	0.01743	0.00635	0.00611
44	0.03009	0.01204	0.01634	0.01283	0.01801	0.01047	0.01047	0.03314	0.02167	0.57965	0.14017	0.03103	0.02770	0.01042	0.00785	0.00235	0.00597	0.00866	0.00921	0.01194
45	0.01076	0.00800	0.01178	0.01188	0.01310	0.00918	0.00907	0.01324	0.01225	0.01754	0.02170	0.06909	0.02116	0.09408	0.62717	0.01141	0.01870	0.00903	0.00426	0.00661
46	0.01085	0.00807	0.01190	0.01190	0.01316	0.00933	0.00912	0.01336	0.01211	0.01740	0.02058	0.03125	0.01959	0.10625	0.65487	0.01184	0.01937	0.00834	0.00410	0.00661
47	0.03328	0.05250	0.01881	0.01347	0.01937	0.01218	0.01125	0.03619	0.02137	0.65459	0.02887	0.02507	0.01828	0.00923	0.00748	0.00231	0.00654	0.00743	0.00905	0.01274
48	0.01686	0.01872	0.04014	0.02911	0.03592	0.01754	0.57348	0.02272	0.01786	0.02429	0.05572	0.07421	0.01779	0.00819	0.00900	0.00259	0.01164	0.01015	0.00433	0.00976
49	0.78701	0.01467	0.01115	0.00997	0.01467	0.01702	0.00821	0.02230	0.01291	0.03403	0.01056	0.01232	0.00821	0.00704	0.00469	0.00235	0.00587	0.00411	0.00469	0.00821
50	0.02381	0.02665	0.02600	0.03230	0.33932	0.33731	0.01875	0.06330	0.02030	0.02321	0.01331	0.01637	0.01102	0.00739	0.00720	0.00212	0.01115	0.00589	0.00405	0.01057
51	0.01084	0.00813	0.01219	0.01219	0.01354	0.00948	0.00948	0.01354	0.01219	0.01761	0.02032	0.02980	0.01896	0.05689	0.70337	0.01219	0.02032	0.00813	0.00406	0.00677
52	0.05349	0.01497	0.02033	0.37415	0.03632	0.04088	0.01642	0.10776	0.01960	0.17863	0.02064	0.02313	0.04359	0.00872	0.00751	0.00243	0.00870	0.00721	0.00556	0.00996
53	0.01939	0.61535	0.15460	0.01450	0.02181	0.02784	0.01562	0.02294	0.01552	0.01893	0.01108	0.01284	0.00971	0.00662	0.00528	0.00176	0.00866	0.00433	0.00324	0.00999
54	0.03365	0.01352	0.01798	0.01378	0.01967	0.01205	0.01139	0.08248	0.02273	0.64441	0.02907	0.02526	0.01835	0.00937	0.00762	0.00234	0.00659	0.00757	0.00926	0.01291
55	0.00896	0.00768	0.00768	0.00768	0.01025	0.00640	0.00576	0.01089	0.01729	0.02049	0.07684	0.07300	0.68304	0.01921	0.00896	0.00256	0.00384	0.01601	0.00704	0.00640
56	0.01972	0.42573	0.24543	0.01647	0.02423	0.08343	0.01796	0.05058	0.01697	0.02113	0.01194	0.01377	0.00983	0.00694	0.00589	0.00193	0.00958	0.00474	0.00347	0.01026
57	0.01872	0.01816	0.03159	0.04572	0.64885	0.01809	0.05990	0.02334	0.01731	0.02475	0.01433	0.01887	0.01199	0.00674	0.00759	0.00227	0.00923	0.00688	0.00376	0.01191
58	0.78701	0.01467	0.01115	0.00997	0.01467	0.01702	0.00821	0.02230	0.01291	0.03403	0.01056	0.01232	0.00821	0.00704	0.00469	0.00235	0.00587	0.00411	0.00469	0.00821
