[name]
unknown

[dist]
# distance from previous block
# <min> <max>
11	79

[block]
# block no. 0 follows, 29 sequences, length 41
# corresponding to MSA columns:
# 86-126
name=unknown_A
#
# <colnr> <probs for GDERKNQSTAVLIFYWHMCP>
#	G	D	E	R	K	N	Q	S	T	A	V	L	I	F	Y	W	H	M	C	P
0	0.01505	0.01235	0.01525	0.07547	0.01807	0.03331	0.02849	0.13349	0.05465	0.02442	0.10184	0.15123	0.06343	0.08049	0.01312	0.02757	0.10469	0.01039	0.02894	0.00776
1	0.01443	0.01137	0.01128	0.01065	0.01297	0.07402	0.00779	0.07227	0.06285	0.07298	0.05907	0.20311	0.21977	0.12028	0.01207	0.00306	0.00571	0.01274	0.00630	0.00727
2	0.01886	0.01356	0.01489	0.01233	0.01608	0.02991	0.00957	0.26044	0.04432	0.08135	0.10148	0.09419	0.06843	0.10979	0.01122	0.00277	0.00625	0.00931	0.00650	0.08875
3	0.01874	0.01321	0.01584	0.01332	0.01695	0.01378	0.03205	0.19261	0.13594	0.10709	0.06794	0.14575	0.02494	0.08731	0.01085	0.00277	0.02331	0.00981	0.00661	0.06121
4	0.01882	0.01152	0.01380	0.01168	0.01526	0.01153	0.00924	0.11965	0.12726	0.19161	0.30012	0.03781	0.07772	0.01176	0.00774	0.00225	0.00502	0.00995	0.00780	0.00945
5	0.01724	0.12830	0.03075	0.06093	0.02751	0.01754	0.31635	0.07012	0.01724	0.06014	0.03809	0.04630	0.06325	0.03472	0.00919	0.00243	0.03807	0.00832	0.00447	0.00905
6	0.09425	0.01496	0.01713	0.01344	0.01865	0.01523	0.01104	0.27752	0.04331	0.32793	0.02567	0.02381	0.06611	0.00924	0.00701	0.00220	0.00649	0.00721	0.00758	0.01125
7	0.01195	0.04899	0.01136	0.01044	0.01224	0.00911	0.00760	0.01618	0.11356	0.05916	0.05964	0.43422	0.11550	0.04393	0.00933	0.00277	0.00466	0.01564	0.00659	0.00713
8	0.01712	0.01476	0.01583	0.01369	0.01818	0.01605	0.01070	0.03382	0.55563	0.02846	0.02569	0.02418	0.01948	0.00877	0.00685	0.00214	0.00556	0.00728	0.00663	0.16917
9	0.02075	0.01439	0.01630	0.01328	0.01760	0.01474	0.01047	0.32133	0.04755	0.10159	0.02277	0.16694	0.02065	0.05276	0.00890	0.00242	0.00640	0.00925	0.00661	0.12531
10	0.01910	0.01543	0.01796	0.01366	0.01937	0.01481	0.03599	0.24348	0.09342	0.03103	0.01683	0.04083	0.01347	0.00743	0.00635	0.00168	0.00639	0.00605	0.00557	0.39116
11	0.02477	0.05800	0.02372	0.01721	0.02284	0.01908	0.11047	0.38226	0.06357	0.14855	0.01956	0.04434	0.01443	0.00863	0.00725	0.00220	0.00789	0.00726	0.00665	0.01131
12	0.01878	0.71476	0.07431	0.01263	0.01896	0.02754	0.01296	0.02139	0.01450	0.01707	0.01006	0.01162	0.00913	0.00613	0.00469	0.00156	0.00777	0.00389	0.00304	0.00921
13	0.00894	0.00726	0.00794	0.00786	0.01005	0.00626	0.00595	0.01118	0.01721	0.02163	0.22743	0.06513	0.52097	0.01723	0.00846	0.00239	0.00365	0.03732	0.00692	0.00621
14	0.02494	0.01702	0.05964	0.01463	0.01995	0.01641	0.01255	0.37480	0.02628	0.21322	0.02492	0.06501	0.05818	0.01020	0.00738	0.00225	0.00703	0.02724	0.00724	0.01112
15	0.03195	0.01212	0.01652	0.01267	0.01818	0.01047	0.01047	0.03470	0.02038	0.71026	0.02809	0.02424	0.01763	0.00881	0.00716	0.00220	0.00606	0.00716	0.00881	0.01212
16	0.00868	0.00620	0.00826	0.00991	0.01033	0.00578	0.00661	0.00991	0.01363	0.01818	0.03925	0.74510	0.04710	0.02231	0.00909	0.00289	0.00413	0.02024	0.00661	0.00578
17	0.01646	0.01622	0.02893	0.15200	0.46612	0.01650	0.12534	0.02097	0.01599	0.02221	0.01568	0.02004	0.03727	0.00686	0.00733	0.00221	0.00901	0.00700	0.00360	0.01027
18	0.03141	0.01299	0.01706	0.01308	0.01861	0.01175	0.01081	0.10636	0.02183	0.63656	0.02687	0.02345	0.01702	0.00878	0.00716	0.00220	0.00626	0.00708	0.00863	0.01212
19	0.01004	0.00685	0.00778	0.00794	0.00817	0.00672	0.00463	0.01030	0.01113	0.01466	0.02788	0.11969	0.07876	0.62050	0.03138	0.00616	0.00637	0.01172	0.00472	0.00459
20	0.01762	0.01692	0.02890	0.04371	0.70533	0.01692	0.02185	0.02185	0.01621	0.02326	0.01339	0.01762	0.01128	0.00634	0.00705	0.00211	0.00846	0.00634	0.00352	0.01128
21	0.02898	0.04078	0.01872	0.01393	0.01941	0.01518	0.01153	0.23371	0.07197	0.43263	0.02413	0.02175	0.01592	0.00870	0.00706	0.00217	0.00663	0.00688	0.00798	0.01195
22	0.02637	0.01656	0.01868	0.01463	0.01973	0.01758	0.01188	0.40908	0.08420	0.21655	0.02138	0.02187	0.01536	0.06139	0.00921	0.00252	0.00712	0.00703	0.00738	0.01149
23	0.00876	0.00723	0.00769	0.00758	0.00983	0.00616	0.00568	0.01089	0.01705	0.02118	0.20358	0.06533	0.56979	0.01731	0.00841	0.00237	0.00356	0.01458	0.00687	0.00616
24	0.01762	0.01692	0.02890	0.04371	0.70533	0.01692	0.02185	0.02185	0.01621	0.02326	0.01339	0.01762	0.01128	0.00634	0.00705	0.00211	0.00846	0.00634	0.00352	0.01128
25	0.01536	0.01286	0.01572	0.01126	0.01759	0.00980	0.03074	0.01860	0.01500	0.04417	0.01319	0.01520	0.01077	0.00541	0.00543	0.00113	0.00552	0.00445	0.00434	0.74345
26	0.02657	0.02129	0.02052	0.01633	0.02158	0.12762	0.01323	0.49731	0.08010	0.07713	0.01768	0.01756	0.01269	0.00846	0.00703	0.00212	0.00833	0.00630	0.00670	0.01146
27	0.02585	0.01934	0.02069	0.01614	0.02162	0.02152	0.01324	0.59809	0.11895	0.04292	0.01864	0.01832	0.01336	0.00869	0.00714	0.00217	0.00755	0.00662	0.00714	0.01200
28	0.00854	0.00722	0.00739	0.00734	0.00969	0.00606	0.00551	0.01046	0.01653	0.01994	0.11955	0.06737	0.65459	0.01777	0.00841	0.00239	0.00359	0.01487	0.00670	0.00606
29	0.01656	0.01317	0.01588	0.01170	0.01768	0.01078	0.02705	0.06654	0.03574	0.06474	0.01533	0.04196	0.01270	0.00646	0.00579	0.00134	0.00565	0.00534	0.00485	0.62074
30	0.02140	0.01614	0.01868	0.01390	0.01992	0.01553	0.03070	0.32123	0.02366	0.07185	0.01560	0.01649	0.01167	0.00699	0.00631	0.00165	0.00668	0.00551	0.00578	0.37031
31	0.01402	0.00903	0.01199	0.01121	0.01261	0.00985	0.00831	0.10444	0.05184	0.01910	0.01600	0.02323	0.01452	0.03041	0.23563	0.40084	0.01032	0.00676	0.00410	0.00579
32	0.02637	0.01960	0.02097	0.01624	0.02181	0.02175	0.01336	0.63335	0.08286	0.04375	0.01799	0.01781	0.01283	0.00863	0.00713	0.00216	0.00767	0.00653	0.00713	0.01205
33	0.01327	0.00664	0.00664	0.00664	0.00830	0.00664	0.00498	0.01659	0.01493	0.02655	0.02323	0.02655	0.01825	0.00830	0.00498	0.00166	0.00332	0.00664	0.78928	0.00664
34	0.00865	0.00630	0.00815	0.00964	0.01026	0.00581	0.00649	0.00995	0.01390	0.01829	0.04262	0.67575	0.11427	0.02187	0.00902	0.00284	0.00408	0.01971	0.00661	0.00581
35	0.14340	0.01318	0.01637	0.01290	0.01785	0.01295	0.01066	0.07733	0.01939	0.51123	0.02323	0.02122	0.01516	0.00874	0.00797	0.00227	0.06086	0.00655	0.00762	0.01114
36	0.02560	0.01921	0.02054	0.01609	0.02152	0.02140	0.01318	0.58046	0.13701	0.04251	0.01896	0.01858	0.01362	0.00872	0.00714	0.00218	0.00749	0.00667	0.00714	0.01198
37	0.01237	0.00618	0.00928	0.00928	0.00928	0.00618	0.00618	0.00928	0.00928	0.01237	0.01237	0.02165	0.01237	0.02474	0.02783	0.79283	0.00618	0.00618	0.00309	0.00309
38	0.02255	0.41917	0.02935	0.01505	0.02001	0.35043	0.01292	0.02463	0.01712	0.01707	0.01041	0.01208	0.00915	0.00667	0.00543	0.00167	0.01005	0.00417	0.00334	0.00873
39	0.01036	0.00690	0.00777	0.00777	0.00777	0.00690	0.00431	0.01036	0.01036	0.01381	0.02244	0.04660	0.02589	0.74975	0.03624	0.00690	0.00690	0.01036	0.00431	0.00431
40	0.02105	0.01628	0.01749	0.01486	0.01941	0.01836	0.01180	0.20335	0.47885	0.07820	0.02586	0.02398	0.01899	0.00932	0.00721	0.00233	0.00623	0.00757	0.00732	0.01154

[dist]
# distance from previous block
# <min> <max>
0	1

[block]
# block no. 1 follows, 29 sequences, length 19
# corresponding to MSA columns:
# 128-146
name=unknown_B
#
# <colnr> <probs for GDERKNQSTAVLIFYWHMCP>
#	G	D	E	R	K	N	Q	S	T	A	V	L	I	F	Y	W	H	M	C	P
0	0.02280	0.05229	0.01862	0.01431	0.01919	0.01805	0.01165	0.29471	0.24516	0.12910	0.02657	0.02503	0.07109	0.00959	0.00715	0.00223	0.00652	0.00761	0.00716	0.01120
1	0.01875	0.69222	0.03602	0.01273	0.01831	0.02764	0.01247	0.02097	0.01417	0.01679	0.00985	0.01177	0.00916	0.00663	0.00614	0.00166	0.06865	0.00401	0.00305	0.00903
2	0.01477	0.01266	0.01477	0.01055	0.01687	0.00949	0.00844	0.01793	0.01477	0.02320	0.01266	0.01477	0.01055	0.00527	0.00527	0.00105	0.00527	0.00422	0.00422	0.79328
3	0.01327	0.00664	0.00664	0.00664	0.00830	0.00664	0.00498	0.01659	0.01493	0.02655	0.02323	0.02655	0.01825	0.00830	0.00498	0.00166	0.00332	0.00664	0.78928	0.00664
4	0.02696	0.01481	0.01761	0.01397	0.01898	0.01501	0.01135	0.28787	0.06288	0.34206	0.02488	0.09139	0.01854	0.01006	0.00734	0.00226	0.00655	0.00818	0.00784	0.01145
5	0.01199	0.00893	0.01075	0.01030	0.01221	0.00881	0.00750	0.07742	0.06770	0.02514	0.26975	0.26669	0.06477	0.07733	0.01060	0.00279	0.00459	0.01372	0.00684	0.04216
6	0.01477	0.01266	0.01477	0.01055	0.01687	0.00949	0.00844	0.01793	0.01477	0.02320	0.01266	0.01477	0.01055	0.00527	0.00527	0.00105	0.00527	0.00422	0.00422	0.79328
7	0.01415	0.01355	0.02183	0.53100	0.07341	0.01729	0.01888	0.01812	0.01355	0.01819	0.01191	0.01812	0.00954	0.00834	0.01095	0.00254	0.18112	0.00631	0.00317	0.00804
8	0.01303	0.01175	0.01834	0.52059	0.03839	0.01404	0.01627	0.01872	0.07210	0.02098	0.13429	0.02739	0.04716	0.00903	0.00740	0.00235	0.00789	0.00793	0.00444	0.00791
9	0.01764	0.01507	0.01586	0.01417	0.01819	0.01726	0.01105	0.06771	0.62207	0.02993	0.03084	0.02848	0.05974	0.01008	0.00731	0.00240	0.00563	0.00836	0.00720	0.01101
10	0.01646	0.01632	0.04627	0.05314	0.02072	0.02075	0.01563	0.09174	0.01378	0.02047	0.01096	0.01648	0.01005	0.01347	0.05285	0.00333	0.55939	0.00629	0.00360	0.00831
11	0.01036	0.00690	0.00777	0.00777	0.00777	0.00690	0.00431	0.01036	0.01036	0.01381	0.02244	0.04660	0.02589	0.74975	0.03624	0.00690	0.00690	0.01036	0.00431	0.00431
12	0.01395	0.01179	0.01235	0.01137	0.01466	0.01257	0.00876	0.05846	0.34842	0.02569	0.04667	0.07551	0.30389	0.01363	0.00781	0.00242	0.00484	0.01140	0.00695	0.00889
13	0.01327	0.00664	0.00664	0.00664	0.00830	0.00664	0.00498	0.01659	0.01493	0.02655	0.02323	0.02655	0.01825	0.00830	0.00498	0.00166	0.00332	0.00664	0.78928	0.00664
14	0.80005	0.01377	0.01047	0.00936	0.01377	0.01597	0.00771	0.02093	0.01212	0.03195	0.00991	0.01157	0.00771	0.00661	0.00441	0.00220	0.00551	0.00386	0.00441	0.00771
15	0.00915	0.00673	0.00830	0.00892	0.00998	0.00618	0.00615	0.01086	0.01532	0.02036	0.20114	0.37089	0.17701	0.10104	0.01183	0.00309	0.00416	0.01637	0.00665	0.00589
16	0.01885	0.01548	0.01652	0.01450	0.01856	0.01761	0.01134	0.16432	0.50527	0.03186	0.02744	0.08330	0.02188	0.01047	0.00737	0.00240	0.00595	0.00872	0.00717	0.01099
17	0.01327	0.00664	0.00664	0.00664	0.00830	0.00664	0.00498	0.01659	0.01493	0.02655	0.02323	0.02655	0.01825	0.00830	0.00498	0.00166	0.00332	0.00664	0.78928	0.00664
18	0.02429	0.01987	0.01966	0.01593	0.02079	0.10065	0.01285	0.46017	0.12267	0.03723	0.01823	0.01885	0.01360	0.01232	0.06686	0.00292	0.00904	0.00653	0.00647	0.01107

[dist]
# distance from previous block
# <min> <max>
1	3

[block]
# block no. 2 follows, 29 sequences, length 87
# corresponding to MSA columns:
# 150-236
name=unknown_C
#
# <colnr> <probs for GDERKNQSTAVLIFYWHMCP>
#	G	D	E	R	K	N	Q	S	T	A	V	L	I	F	Y	W	H	M	C	P
0	0.02028	0.05148	0.01901	0.04105	0.06146	0.15970	0.01279	0.05769	0.41489	0.05120	0.02256	0.02191	0.01710	0.00868	0.00694	0.00222	0.00757	0.00691	0.00603	0.01052
1	0.01403	0.01346	0.02118	0.66721	0.04636	0.03683	0.01921	0.01906	0.03493	0.01849	0.01300	0.01893	0.00985	0.00737	0.00762	0.00238	0.03245	0.00633	0.00330	0.00802
2	0.00981	0.00727	0.00915	0.00868	0.01047	0.00660	0.00651	0.01292	0.01952	0.02706	0.60035	0.05566	0.16935	0.01512	0.00840	0.00227	0.00340	0.01322	0.00764	0.00660
3	0.01719	0.01566	0.01510	0.01363	0.01735	0.08004	0.01054	0.05362	0.48351	0.02761	0.06252	0.03211	0.11877	0.01081	0.00738	0.00234	0.00598	0.00888	0.00685	0.01008
4	0.01762	0.02187	0.13771	0.02702	0.03453	0.01826	0.50714	0.09878	0.01847	0.02532	0.01448	0.01835	0.01069	0.00641	0.00802	0.00235	0.01131	0.00771	0.00392	0.01003
5	0.00858	0.00658	0.00787	0.00890	0.01006	0.00587	0.00616	0.01003	0.01461	0.01858	0.05162	0.49057	0.29364	0.02070	0.00884	0.00271	0.00393	0.01828	0.00661	0.00587
6	0.01747	0.01505	0.01590	0.01432	0.01827	0.01737	0.01113	0.03708	0.67147	0.02975	0.04999	0.02740	0.02316	0.00981	0.00728	0.00241	0.00556	0.00820	0.00726	0.01113
7	0.00868	0.00620	0.00826	0.00991	0.01033	0.00578	0.00661	0.00991	0.01363	0.01818	0.03925	0.74510	0.04710	0.02231	0.00909	0.00289	0.00413	0.02024	0.00661	0.00578
8	0.01904	0.75404	0.03731	0.01218	0.01828	0.02818	0.01218	0.02132	0.01447	0.01675	0.00990	0.01142	0.00914	0.00609	0.00457	0.00152	0.00761	0.00381	0.00305	0.00914
9	0.01602	0.01340	0.01544	0.01114	0.01741	0.01078	0.00896	0.08583	0.01668	0.02542	0.01311	0.01500	0.01071	0.00561	0.00546	0.00117	0.00554	0.00444	0.00452	0.71336
10	0.02718	0.01153	0.01626	0.01268	0.01758	0.01008	0.03903	0.03013	0.02004	0.55372	0.12955	0.02992	0.04922	0.00988	0.00744	0.00222	0.00583	0.00835	0.00836	0.01098
11	0.75345	0.01392	0.01099	0.00968	0.01416	0.01601	0.00798	0.04221	0.01303	0.05194	0.01067	0.01211	0.00814	0.00673	0.00457	0.00220	0.00560	0.00403	0.00462	0.00798
12	0.01017	0.00763	0.01144	0.01144	0.01272	0.00890	0.00890	0.01272	0.01144	0.01653	0.01907	0.02797	0.01780	0.05340	0.72153	0.01144	0.01907	0.00763	0.00381	0.00636
13	0.02529	0.01743	0.01920	0.01516	0.02034	0.01894	0.01237	0.45248	0.13701	0.13264	0.05836	0.02159	0.01746	0.00910	0.00722	0.00220	0.00699	0.00713	0.00741	0.01168
14	0.80005	0.01377	0.01047	0.00936	0.01377	0.01597	0.00771	0.02093	0.01212	0.03195	0.00991	0.01157	0.00771	0.00661	0.00441	0.00220	0.00551	0.00386	0.00441	0.00771
15	0.01810	0.01538	0.02197	0.11708	0.05594	0.01673	0.12922	0.08793	0.30950	0.06607	0.02303	0.05173	0.01810	0.00914	0.00755	0.00240	0.00759	0.02632	0.00592	0.01030
16	0.00868	0.00620	0.00826	0.00991	0.01033	0.00578	0.00661	0.00991	0.01363	0.01818	0.03925	0.74510	0.04710	0.02231	0.00909	0.00289	0.00413	0.02024	0.00661	0.00578
17	0.02022	0.01706	0.01748	0.01507	0.01948	0.04426	0.01189	0.18791	0.51411	0.03286	0.02555	0.02386	0.01903	0.00932	0.00719	0.00233	0.00641	0.00754	0.00709	0.01136
18	0.01477	0.01266	0.01477	0.01055	0.01687	0.00949	0.00844	0.01793	0.01477	0.02320	0.01266	0.01477	0.01055	0.00527	0.00527	0.00105	0.00527	0.00422	0.00422	0.79328
19	0.01043	0.00710	0.01008	0.01078	0.01175	0.00670	0.03033	0.01195	0.01387	0.05744	0.03593	0.61026	0.04163	0.05048	0.05167	0.00349	0.00549	0.01797	0.00638	0.00625
20	0.00873	0.00723	0.00765	0.00754	0.00981	0.00614	0.00566	0.01083	0.01697	0.02099	0.19094	0.06563	0.58254	0.01738	0.00841	0.00237	0.00356	0.01462	0.00684	0.00614
21	0.02735	0.01950	0.02109	0.01617	0.02186	0.02142	0.01336	0.64480	0.03273	0.08272	0.01772	0.01750	0.01242	0.00856	0.00713	0.00214	0.00773	0.00645	0.00722	0.01211
22	0.12452	0.01720	0.03157	0.07612	0.24566	0.01736	0.31597	0.02178	0.01563	0.02374	0.01320	0.01753	0.01040	0.00647	0.00781	0.00230	0.03247	0.00693	0.00364	0.00971
23	0.00868	0.00620	0.00826	0.00991	0.01033	0.00578	0.00661	0.00991	0.01363	0.01818	0.03925	0.74510	0.04710	0.02231	0.00909	0.00289	0.00413	0.02024	0.00661	0.00578
24	0.01862	0.01575	0.01662	0.01468	0.01886	0.01814	0.01149	0.10067	0.62815	0.03126	0.02782	0.02564	0.02080	0.00955	0.00723	0.00239	0.00585	0.00789	0.00723	0.01135
25	0.01687	0.02175	0.11913	0.02712	0.03405	0.06232	0.51450	0.02261	0.01643	0.02204	0.01397	0.01846	0.01066	0.00792	0.03146	0.00266	0.03736	0.00768	0.00352	0.00946
26	0.00868	0.00620	0.00826	0.00991	0.01033	0.00578	0.00661	0.00991	0.01363	0.01818	0.03925	0.74510	0.04710	0.02231	0.00909	0.00289	0.00413	0.02024	0.00661	0.00578
27	0.01406	0.01141	0.01266	0.01174	0.01461	0.01225	0.00894	0.06569	0.31133	0.02748	0.19276	0.13649	0.12422	0.01357	0.00791	0.00242	0.00477	0.01166	0.00721	0.00882
28	0.01551	0.01375	0.01421	0.01304	0.01625	0.04537	0.01004	0.02897	0.44315	0.02650	0.09392	0.07583	0.12161	0.01201	0.00819	0.00243	0.03286	0.00995	0.00686	0.00955
29	0.00866	0.00625	0.00820	0.00977	0.01029	0.00580	0.00654	0.00993	0.01378	0.01824	0.04106	0.70770	0.08333	0.02207	0.00905	0.00286	0.00410	0.01995	0.00661	0.00580
30	0.01904	0.75404	0.03731	0.01218	0.01828	0.02818	0.01218	0.02132	0.01447	0.01675	0.00990	0.01142	0.00914	0.00609	0.00457	0.00152	0.00761	0.00381	0.00305	0.00914
31	0.00865	0.00628	0.00818	0.00969	0.01027	0.00580	0.00651	0.00994	0.01384	0.01826	0.04192	0.69003	0.10045	0.02196	0.00903	0.00285	0.00409	0.01982	0.00661	0.00580
32	0.10481	0.01787	0.02232	0.01704	0.02271	0.01902	0.10975	0.39314	0.06349	0.13099	0.01814	0.01834	0.01276	0.00808	0.00704	0.00221	0.00784	0.00663	0.00657	0.01125
33	0.01914	0.47435	0.15887	0.01561	0.02223	0.12676	0.05404	0.02267	0.01554	0.01827	0.01085	0.01275	0.00922	0.00639	0.00547	0.00175	0.00917	0.00446	0.00316	0.00929
34	0.02660	0.03394	0.02018	0.01834	0.02201	0.72116	0.01376	0.02843	0.02018	0.01743	0.01101	0.01284	0.00917	0.00734	0.00642	0.00183	0.01284	0.00459	0.00367	0.00825
35	0.02444	0.02544	0.02097	0.02029	0.10454	0.35893	0.01431	0.23535	0.02330	0.02685	0.01384	0.01591	0.01101	0.01103	0.05986	0.00268	0.01117	0.00561	0.00477	0.00971
36	0.01026	0.00686	0.00779	0.00789	0.00791	0.00684	0.00445	0.01033	0.01054	0.01406	0.02339	0.08633	0.02709	0.70838	0.03470	0.00668	0.00675	0.01092	0.00445	0.00440
37	0.01349	0.00993	0.01229	0.01124	0.01269	0.01113	0.00825	0.12780	0.01479	0.02037	0.01952	0.03287	0.01958	0.32375	0.28099	0.00752	0.05421	0.00843	0.00455	0.00661
38	0.80005	0.01377	0.01047	0.00936	0.01377	0.01597	0.00771	0.02093	0.01212	0.03195	0.00991	0.01157	0.00771	0.00661	0.00441	0.00220	0.00551	0.00386	0.00441	0.00771
39	0.01647	0.01274	0.01506	0.03746	0.01772	0.01165	0.00956	0.11897	0.05719	0.05583	0.03607	0.08044	0.01718	0.03453	0.04795	0.00236	0.00656	0.00694	0.00528	0.41006
40	0.00856	0.00722	0.00742	0.00737	0.00971	0.00607	0.00552	0.01050	0.01657	0.02005	0.12728	0.06718	0.64679	0.01773	0.00841	0.00239	0.00359	0.01484	0.00672	0.00607
41	0.01477	0.01266	0.01477	0.01055	0.01687	0.00949	0.00844	0.01793	0.01477	0.02320	0.01266	0.01477	0.01055	0.00527	0.00527	0.00105	0.00527	0.00422	0.00422	0.79328
42	0.02623	0.01835	0.02005	0.01548	0.02095	0.01987	0.01269	0.54983	0.05591	0.10690	0.01860	0.01893	0.01336	0.03032	0.00792	0.00225	0.00746	0.00658	0.00710	0.04122
43	0.02750	0.01925	0.02094	0.01605	0.02173	0.02105	0.01326	0.62406	0.03231	0.10405	0.01807	0.01773	0.01260	0.00857	0.00713	0.00214	0.00768	0.00648	0.00727	0.01211
44	0.00858	0.00680	0.00772	0.00838	0.00994	0.00594	0.00595	0.01020	0.01529	0.01910	0.07920	0.34698	0.41143	0.01968	0.00869	0.00260	0.00381	0.01711	0.00665	0.00594
45	0.02520	0.01861	0.02007	0.01566	0.02083	0.02061	0.01278	0.59719	0.05532	0.04160	0.01789	0.01946	0.01342	0.05117	0.03430	0.00274	0.00811	0.00673	0.00685	0.01144
46	0.02614	0.01922	0.02062	0.01591	0.02129	0.02124	0.01302	0.64448	0.03220	0.04316	0.01739	0.01873	0.01287	0.04953	0.00873	0.00240	0.00778	0.00663	0.00697	0.01168
47	0.00867	0.00623	0.00823	0.00983	0.01031	0.00579	0.00657	0.00992	0.01371	0.01821	0.04023	0.72478	0.06678	0.02218	0.00907	0.00288	0.00412	0.02009	0.00661	0.00579
48	0.01890	0.01430	0.01678	0.06486	0.01986	0.01468	0.01110	0.26487	0.03897	0.05642	0.08147	0.04402	0.03981	0.03482	0.03234	0.00244	0.02915	0.00735	0.00590	0.20196
49	0.02480	0.02847	0.01964	0.01800	0.04074	0.51266	0.01337	0.14013	0.02169	0.02238	0.01407	0.05708	0.01226	0.01000	0.03164	0.00229	0.01155	0.00598	0.00444	0.00880
50	0.00868	0.00620	0.00826	0.00991	0.01033	0.00578	0.00661	0.00991	0.01363	0.01818	0.03925	0.74510	0.04710	0.02231	0.00909	0.00289	0.00413	0.02024	0.00661	0.00578
51	0.01710	0.01838	0.03728	0.03496	0.27866	0.01761	0.44182	0.02246	0.01659	0.02297	0.01404	0.01864	0.01098	0.00613	0.00791	0.00230	0.01072	0.00766	0.00357	0.01021
52	0.01871	0.01776	0.01579	0.01411	0.01787	0.14957	0.01090	0.11012	0.34796	0.02715	0.03146	0.05724	0.12899	0.01092	0.00733	0.00229	0.00689	0.00879	0.00642	0.00974
53	0.00868	0.00620	0.00826	0.00991	0.01033	0.00578	0.00661	0.00991	0.01363	0.01818	0.03925	0.74510	0.04710	0.02231	0.00909	0.00289	0.00413	0.02024	0.00661	0.00578
54	0.01660	0.01427	0.01441	0.01279	0.01637	0.05339	0.00995	0.11496	0.34221	0.02898	0.13279	0.03627	0.15362	0.01166	0.00757	0.00232	0.00562	0.00965	0.00700	0.00957
55	0.00868	0.00620	0.00826	0.00991	0.01033	0.00578	0.00661	0.00991	0.01363	0.01818	0.03925	0.74510	0.04710	0.02231	0.00909	0.00289	0.00413	0.02024	0.00661	0.00578
56	0.05788	0.01324	0.02057	0.62506	0.04442	0.01626	0.01844	0.05786	0.03951	0.02093	0.01335	0.01874	0.00998	0.00727	0.00697	0.00235	0.00904	0.00626	0.00361	0.00827
57	0.02065	0.04328	0.01759	0.01379	0.01772	0.01695	0.01097	0.42199	0.02564	0.03439	0.05070	0.12852	0.02125	0.08829	0.05211	0.00325	0.00765	0.00909	0.00645	0.00971
58	0.02660	0.03394	0.02018	0.01834	0.02201	0.72116	0.01376	0.02843	0.02018	0.01743	0.01101	0.01284	0.00917	0.00734	0.00642	0.00183	0.01284	0.00459	0.00367	0.00825
59	0.02600	0.01911	0.02050	0.01583	0.02117	0.02111	0.01294	0.63863	0.03200	0.04289	0.01744	0.01898	0.01299	0.05599	0.00899	0.00244	0.00778	0.00666	0.00694	0.01161
60	0.01030	0.00688	0.00778	0.00783	0.00784	0.00687	0.00438	0.01034	0.01046	0.01394	0.02295	0.06792	0.02654	0.72755	0.03541	0.00678	0.00682	0.01066	0.00438	0.00436
61	0.02588	0.01920	0.02068	0.01608	0.02152	0.02132	0.01323	0.61847	0.07119	0.04291	0.01787	0.01806	0.01289	0.01032	0.03432	0.00251	0.00813	0.00655	0.00700	0.01184
62	0.77027	0.01401	0.01089	0.00963	0.01409	0.01621	0.00794	0.04638	0.01294	0.03245	0.01019	0.01178	0.00788	0.00668	0.00451	0.00220	0.00560	0.00395	0.00451	0.00788
63	0.02374	0.01682	0.01870	0.01437	0.01973	0.01749	0.01173	0.45079	0.02747	0.08981	0.05481	0.01939	0.01531	0.00892	0.00764	0.03168	0.00693	0.00642	0.00662	0.15160
64	0.00901	0.00680	0.00834	0.00888	0.01022	0.00612	0.00631	0.01103	0.01626	0.02151	0.24211	0.35412	0.23569	0.01885	0.00870	0.00257	0.00376	0.01664	0.00697	0.00612
65	0.01487	0.01275	0.01481	0.01068	0.01693	0.00978	0.00854	0.01862	0.03838	0.02343	0.01323	0.01518	0.01094	0.00543	0.00534	0.00110	0.00529	0.00435	0.00432	0.76603
66	0.01805	0.18209	0.06170	0.01401	0.02017	0.01623	0.07457	0.09853	0.01749	0.06745	0.01638	0.04005	0.03322	0.00715	0.00605	0.00166	0.00700	0.00587	0.00461	0.30774
67	0.02735	0.01950	0.02109	0.01617	0.02186	0.02142	0.01336	0.64480	0.03273	0.08272	0.01772	0.01750	0.01242	0.00856	0.00713	0.00214	0.00773	0.00645	0.00722	0.01211
68	0.00907	0.00707	0.00818	0.00825	0.01002	0.00624	0.00601	0.01126	0.01698	0.02207	0.27871	0.16992	0.36443	0.03811	0.00930	0.00255	0.00370	0.01499	0.00696	0.00617
69	0.06516	0.01504	0.01595	0.01396	0.01812	0.01700	0.01093	0.09179	0.51563	0.08513	0.02651	0.02543	0.01990	0.03714	0.00815	0.00253	0.00590	0.00768	0.00708	0.01094
70	0.02293	0.02004	0.02082	0.09862	0.09202	0.18461	0.03973	0.16930	0.10876	0.11596	0.01785	0.01965	0.01345	0.03481	0.00807	0.00232	0.00888	0.00649	0.00550	0.01016
71	0.00865	0.00629	0.00816	0.00966	0.01026	0.00580	0.00650	0.00994	0.01387	0.01828	0.04231	0.68207	0.10815	0.02191	0.00903	0.00285	0.00408	0.01976	0.00661	0.00580
72	0.01920	0.01937	0.02743	0.03923	0.58662	0.11395	0.02044	0.04665	0.01738	0.02324	0.01320	0.01695	0.01102	0.00656	0.00697	0.00208	0.00904	0.00611	0.00367	0.01089
73	0.02582	0.02003	0.02182	0.01892	0.08541	0.04837	0.01423	0.57064	0.05645	0.04124	0.01697	0.01734	0.01229	0.00834	0.00709	0.00213	0.00800	0.00640	0.00666	0.01185
74	0.00933	0.00644	0.00846	0.00981	0.01051	0.00595	0.00665	0.01071	0.01415	0.03735	0.05957	0.66845	0.08310	0.02149	0.00898	0.00283	0.00413	0.01939	0.00670	0.00600
75	0.01433	0.05470	0.38842	0.04285	0.02957	0.01581	0.19229	0.02072	0.01548	0.02200	0.04095	0.09778	0.01580	0.00854	0.00743	0.00234	0.00980	0.00798	0.00374	0.00949
76	0.02488	0.06156	0.02107	0.01558	0.02091	0.02099	0.01288	0.51068	0.12002	0.06197	0.01871	0.01867	0.01362	0.01019	0.03291	0.00248	0.00788	0.00655	0.00684	0.01161
77	0.00862	0.00640	0.00805	0.00938	0.01019	0.00583	0.00637	0.00998	0.01415	0.01839	0.04578	0.61077	0.17722	0.02146	0.00896	0.00280	0.00403	0.01921	0.00661	0.00583
78	0.01904	0.75404	0.03731	0.01218	0.01828	0.02818	0.01218	0.02132	0.01447	0.01675	0.00990	0.01142	0.00914	0.00609	0.00457	0.00152	0.00761	0.00381	0.00305	0.00914
79	0.00878	0.00669	0.00778	0.00856	0.00973	0.00601	0.00584	0.01009	0.01427	0.01806	0.05042	0.38627	0.30849	0.11043	0.01217	0.00319	0.00426	0.01692	0.00633	0.00569
80	0.02725	0.01966	0.02119	0.01625	0.02194	0.02166	0.01342	0.65816	0.03300	0.06898	0.01749	0.01735	0.01231	0.00856	0.00712	0.00214	0.00777	0.00644	0.00718	0.01211
81	0.01555	0.01571	0.02122	0.17487	0.02531	0.06091	0.01613	0.01786	0.01220	0.01736	0.01054	0.01664	0.00969	0.01257	0.04571	0.00320	0.50734	0.00621	0.00319	0.00779
82	0.02660	0.03394	0.02018	0.01834	0.02201	0.72116	0.01376	0.02843	0.02018	0.01743	0.01101	0.01284	0.00917	0.00734	0.00642	0.00183	0.01284	0.00459	0.00367	0.00825
83	0.02320	0.01658	0.01811	0.01450	0.01892	0.01804	0.01155	0.50339	0.02803	0.06199	0.02058	0.10123	0.01783	0.09946	0.01085	0.00280	0.00725	0.00844	0.00679	0.01047
84	0.00864	0.00635	0.00811	0.00952	0.01022	0.00582	0.00643	0.00996	0.01401	0.01833	0.04405	0.64619	0.14291	0.02168	0.00899	0.00282	0.00405	0.01948	0.00661	0.00582
85	0.02424	0.01838	0.01936	0.01551	0.02048	0.04176	0.01255	0.46742	0.16418	0.06040	0.01989	0.02038	0.01475	0.03303	0.03203	0.00265	0.00784	0.00687	0.00690	0.01139
86	0.80005	0.01377	0.01047	0.00936	0.01377	0.01597	0.00771	0.02093	0.01212	0.03195	0.00991	0.01157	0.00771	0.00661	0.00441	0.00220	0.00551	0.00386	0.00441	0.00771

[dist]
# distance from previous block
# <min> <max>
4	5

[block]
# block no. 3 follows, 29 sequences, length 22
# corresponding to MSA columns:
# 242-263
name=unknown_D
#
# <colnr> <probs for GDERKNQSTAVLIFYWHMCP>
#	G	D	E	R	K	N	Q	S	T	A	V	L	I	F	Y	W	H	M	C	P
0	0.01064	0.00772	0.01040	0.01190	0.01316	0.00767	0.00952	0.01388	0.04639	0.02045	0.03792	0.34382	0.04254	0.02027	0.00942	0.00308	0.00554	0.37261	0.00661	0.00646
1	0.02314	0.02641	0.01816	0.01635	0.01957	0.47669	0.01231	0.04526	0.08498	0.04238	0.04684	0.01974	0.01499	0.07487	0.01016	0.00245	0.04680	0.00605	0.00451	0.00834
2	0.02393	0.01924	0.05214	0.01769	0.05321	0.01991	0.04335	0.52839	0.02906	0.03914	0.01790	0.05208	0.01417	0.04575	0.00870	0.00242	0.00795	0.00728	0.00645	0.01121
3	0.00997	0.00673	0.00907	0.01051	0.01131	0.00633	0.00751	0.01158	0.01431	0.04421	0.03859	0.61503	0.04506	0.02140	0.00913	0.00293	0.00458	0.11893	0.00668	0.00614
4	0.02363	0.01735	0.01884	0.01515	0.02021	0.01901	0.01225	0.40462	0.22090	0.08406	0.02181	0.04371	0.01632	0.00920	0.00715	0.00220	0.00686	0.00729	0.00714	0.04227
5	0.04854	0.02197	0.02104	0.01842	0.06258	0.20785	0.03908	0.31982	0.02482	0.07192	0.01633	0.05246	0.01303	0.00880	0.00771	0.00215	0.04090	0.00664	0.00566	0.01029
6	0.00866	0.00626	0.00820	0.00975	0.01029	0.00580	0.00654	0.00993	0.01379	0.01824	0.04120	0.70490	0.08604	0.02205	0.00905	0.00286	0.00410	0.01993	0.00661	0.00580
7	0.01435	0.01337	0.02085	0.55943	0.06483	0.01650	0.01832	0.02120	0.11566	0.02004	0.01493	0.01987	0.01138	0.00779	0.00810	0.00241	0.05209	0.00658	0.00378	0.00852
8	0.01469	0.01394	0.02403	0.59909	0.04591	0.01648	0.10486	0.05818	0.01571	0.02038	0.01315	0.01890	0.00982	0.00706	0.00729	0.00236	0.00972	0.00660	0.00346	0.00838
9	0.00883	0.00639	0.00817	0.00945	0.01008	0.00593	0.00632	0.01011	0.01390	0.01835	0.06631	0.59853	0.11221	0.07611	0.01103	0.00312	0.00426	0.01870	0.00648	0.00573
10	0.01904	0.75404	0.03731	0.01218	0.01828	0.02818	0.01218	0.02132	0.01447	0.01675	0.00990	0.01142	0.00914	0.00609	0.00457	0.00152	0.00761	0.00381	0.00305	0.00914
11	0.01012	0.00660	0.00881	0.01003	0.01081	0.00610	0.00684	0.01155	0.01433	0.05975	0.06895	0.67058	0.04627	0.02115	0.00894	0.00282	0.00421	0.01913	0.00680	0.00620
12	0.02707	0.01995	0.02137	0.01638	0.02208	0.02208	0.01353	0.68159	0.03348	0.04488	0.01710	0.01710	0.01211	0.00855	0.00712	0.00214	0.00784	0.00641	0.00712	0.01211
13	0.01025	0.00733	0.00993	0.00993	0.01068	0.00808	0.00701	0.01174	0.01100	0.01541	0.02046	0.03564	0.02113	0.34013	0.43936	0.00957	0.01406	0.00875	0.00402	0.00552
14	0.02660	0.03394	0.02018	0.01834	0.02201	0.72116	0.01376	0.02843	0.02018	0.01743	0.01101	0.01284	0.00917	0.00734	0.00642	0.00183	0.01284	0.00459	0.00367	0.00825
15	0.01772	0.01747	0.02888	0.07440	0.61579	0.04322	0.05416	0.02197	0.01630	0.02278	0.01332	0.01759	0.01109	0.00640	0.00710	0.00213	0.00885	0.00638	0.00352	0.01092
16	0.00886	0.00636	0.00812	0.00944	0.00996	0.00594	0.00623	0.00999	0.01344	0.01773	0.03981	0.60540	0.09679	0.11124	0.01237	0.00335	0.00443	0.01861	0.00633	0.00562
17	0.01857	0.01518	0.01614	0.01426	0.01840	0.01726	0.01116	0.08347	0.59026	0.05712	0.02986	0.02752	0.04893	0.00989	0.00728	0.00239	0.00573	0.00818	0.00727	0.01115
18	0.80005	0.01377	0.01047	0.00936	0.01377	0.01597	0.00771	0.02093	0.01212	0.03195	0.00991	0.01157	0.00771	0.00661	0.00441	0.00220	0.00551	0.00386	0.00441	0.00771
19	0.02446	0.01733	0.01899	0.01493	0.01995	0.01881	0.01210	0.47889	0.08917	0.09272	0.01932	0.02086	0.01451	0.06285	0.02967	0.00273	0.00765	0.00685	0.00686	0.04134
20	0.00857	0.00663	0.00782	0.00877	0.01003	0.00588	0.00610	0.01004	0.01474	0.01863	0.05323	0.45747	0.32570	0.02049	0.00880	0.00268	0.00391	0.01803	0.00661	0.00588
21	0.01477	0.01266	0.01477	0.01055	0.01687	0.00949	0.00844	0.01793	0.01477	0.02320	0.01266	0.01477	0.01055	0.00527	0.00527	0.00105	0.00527	0.00422	0.00422	0.79328

[dist]
# distance from previous block
# <min> <max>
0	1

[block]
# block no. 4 follows, 29 sequences, length 74
# corresponding to MSA columns:
# 265-338
name=unknown_E
#
# <colnr> <probs for GDERKNQSTAVLIFYWHMCP>
#	G	D	E	R	K	N	Q	S	T	A	V	L	I	F	Y	W	H	M	C	P
0	0.05077	0.01622	0.02692	0.06524	0.62266	0.01638	0.02047	0.02119	0.01597	0.02329	0.01571	0.01957	0.04037	0.00688	0.00700	0.00214	0.00816	0.00660	0.00368	0.01078
1	0.00868	0.00620	0.00826	0.00991	0.01033	0.00578	0.00661	0.00991	0.01363	0.01818	0.03925	0.74510	0.04710	0.02231	0.00909	0.00289	0.00413	0.02024	0.00661	0.00578
2	0.01477	0.01266	0.01477	0.01055	0.01687	0.00949	0.00844	0.01793	0.01477	0.02320	0.01266	0.01477	0.01055	0.00527	0.00527	0.00105	0.00527	0.00422	0.00422	0.79328
3	0.01485	0.01286	0.01716	0.08327	0.07480	0.01126	0.03470	0.04310	0.01553	0.02312	0.04105	0.01880	0.01366	0.02965	0.04617	0.00214	0.00700	0.00553	0.00428	0.50107
4	0.02598	0.03124	0.02067	0.01905	0.04628	0.59845	0.01408	0.09821	0.02118	0.02058	0.01169	0.01356	0.00957	0.00760	0.00706	0.00192	0.03521	0.00490	0.00402	0.00876
5	0.00882	0.00635	0.00839	0.00990	0.01048	0.00592	0.00676	0.01023	0.01406	0.01867	0.06145	0.66758	0.07570	0.02177	0.00907	0.00287	0.00418	0.04529	0.00665	0.00585
6	0.01091	0.00900	0.00999	0.01026	0.01182	0.03638	0.00746	0.05698	0.01584	0.02017	0.04474	0.38621	0.24670	0.02073	0.04780	0.00312	0.03332	0.01581	0.00624	0.00649
7	0.01533	0.15570	0.53403	0.01988	0.02933	0.01864	0.08746	0.02237	0.01511	0.02160	0.01245	0.01483	0.00921	0.00658	0.00656	0.00215	0.01018	0.00532	0.00307	0.01020
8	0.00866	0.00625	0.00821	0.00977	0.01029	0.00580	0.00654	0.00993	0.01377	0.01823	0.04103	0.70843	0.08262	0.02208	0.00905	0.00287	0.00410	0.01996	0.00661	0.00580
9	0.03195	0.01212	0.01652	0.01267	0.01818	0.01047	0.01047	0.03470	0.02038	0.71026	0.02809	0.02424	0.01763	0.00881	0.00716	0.00220	0.00606	0.00716	0.00881	0.01212
10	0.01218	0.00739	0.00936	0.00980	0.01148	0.00662	0.00707	0.01385	0.01535	0.12148	0.04535	0.45341	0.19824	0.01919	0.00867	0.00269	0.00438	0.03976	0.00694	0.00681
11	0.01735	0.01664	0.02841	0.08827	0.66288	0.01685	0.02172	0.02162	0.01609	0.02294	0.01335	0.01771	0.01116	0.00639	0.00705	0.00213	0.00853	0.00634	0.00350	0.01106
12	0.10560	0.01543	0.01743	0.06253	0.02074	0.07473	0.01171	0.12370	0.02069	0.41842	0.02158	0.02033	0.01430	0.00843	0.00733	0.00220	0.03036	0.00642	0.00712	0.01092
13	0.02660	0.03394	0.02018	0.01834	0.02201	0.72116	0.01376	0.02843	0.02018	0.01743	0.01101	0.01284	0.00917	0.00734	0.00642	0.00183	0.01284	0.00459	0.00367	0.00825
14	0.02346	0.01750	0.01913	0.01535	0.02018	0.01939	0.01252	0.51209	0.09541	0.03945	0.04018	0.04201	0.01696	0.01272	0.05776	0.00288	0.00814	0.02687	0.00689	0.01112
15	0.00874	0.00622	0.00824	0.00983	0.01023	0.00583	0.00652	0.00993	0.01350	0.01800	0.03858	0.71724	0.04625	0.05132	0.01017	0.00305	0.00424	0.01985	0.00652	0.00573
16	0.02632	0.01940	0.02093	0.01617	0.02167	0.02150	0.01333	0.65209	0.03251	0.04363	0.01718	0.01758	0.01236	0.01053	0.03864	0.00255	0.00833	0.00646	0.00698	0.01186
17	0.80005	0.01377	0.01047	0.00936	0.01377	0.01597	0.00771	0.02093	0.01212	0.03195	0.00991	0.01157	0.00771	0.00661	0.00441	0.00220	0.00551	0.00386	0.00441	0.00771
18	0.01815	0.01405	0.01609	0.01276	0.01742	0.01402	0.01019	0.25669	0.04672	0.02978	0.03719	0.02121	0.01532	0.05554	0.13098	0.00364	0.00862	0.00633	0.00543	0.27988
19	0.00868	0.00657	0.00802	0.00904	0.01013	0.00591	0.00625	0.01022	0.01481	0.01912	0.08897	0.49878	0.24666	0.02055	0.00884	0.00271	0.00393	0.01822	0.00668	0.00591
20	0.01909	0.04235	0.02207	0.01693	0.02154	0.01690	0.13696	0.28102	0.09544	0.03085	0.02172	0.15491	0.01960	0.01300	0.04632	0.00281	0.00821	0.00945	0.00596	0.03487
21	0.01776	0.01766	0.02952	0.06595	0.59173	0.04507	0.08343	0.02208	0.01636	0.02281	0.01337	0.01763	0.01109	0.00638	0.00715	0.00214	0.00901	0.00647	0.00352	0.01088
22	0.02046	0.09097	0.07067	0.01650	0.02166	0.03958	0.09148	0.25806	0.13169	0.04959	0.01924	0.06443	0.01579	0.03902	0.00902	0.03056	0.00791	0.00754	0.00570	0.01014
23	0.02606	0.01912	0.02056	0.01603	0.02151	0.02117	0.01315	0.58060	0.11531	0.06422	0.01893	0.01851	0.01349	0.00870	0.00714	0.00217	0.00750	0.00664	0.00719	0.01201
24	0.01036	0.00690	0.00777	0.00777	0.00777	0.00690	0.00431	0.01036	0.01036	0.01381	0.02244	0.04660	0.02589	0.74975	0.03624	0.00690	0.00690	0.01036	0.00431	0.00431
25	0.01727	0.32924	0.07799	0.01423	0.01942	0.02095	0.04123	0.04892	0.21324	0.02232	0.01819	0.04921	0.01536	0.01208	0.06846	0.00282	0.00830	0.00648	0.00466	0.00961
26	0.56732	0.07067	0.17165	0.01204	0.01795	0.01695	0.01224	0.02133	0.01294	0.02876	0.01056	0.01234	0.00811	0.00661	0.00495	0.00217	0.00679	0.00417	0.00399	0.00845
27	0.01559	0.01135	0.01328	0.01251	0.01494	0.01190	0.00950	0.25494	0.02107	0.02814	0.03106	0.42998	0.03389	0.01710	0.00843	0.00265	0.00566	0.06306	0.00679	0.00815
28	0.02030	0.02064	0.01772	0.01667	0.04849	0.21989	0.01233	0.05652	0.42527	0.02616	0.02410	0.02324	0.03905	0.00908	0.00703	0.00223	0.00784	0.00715	0.00603	0.01027
29	0.01627	0.01816	0.03870	0.14282	0.03911	0.01766	0.57355	0.02207	0.01639	0.02207	0.01412	0.01917	0.01059	0.00618	0.00820	0.00240	0.01160	0.00807	0.00353	0.00933
30	0.00868	0.00620	0.00826	0.00991	0.01033	0.00578	0.00661	0.00991	0.01363	0.01818	0.03925	0.74510	0.04710	0.02231	0.00909	0.00289	0.00413	0.02024	0.00661	0.00578
31	0.01430	0.07368	0.62699	0.01923	0.02889	0.01654	0.02436	0.02190	0.01521	0.02237	0.03435	0.01860	0.01206	0.00748	0.00682	0.00226	0.00999	0.03152	0.00330	0.01018
32	0.01089	0.00836	0.01010	0.00948	0.01157	0.00811	0.00716	0.01632	0.11068	0.02749	0.52726	0.05161	0.14504	0.01435	0.00824	0.00229	0.00370	0.01251	0.00760	0.00724
33	0.00975	0.00727	0.00906	0.00861	0.01043	0.00658	0.00646	0.01279	0.01937	0.02669	0.57574	0.05626	0.19419	0.01525	0.00840	0.00227	0.00341	0.01331	0.00759	0.00658
34	0.01428	0.03683	0.71286	0.02030	0.03082	0.01654	0.02631	0.02255	0.01503	0.02255	0.01278	0.01503	0.00902	0.00677	0.00677	0.00226	0.01052	0.00526	0.00301	0.01052
35	0.00867	0.00623	0.00822	0.00982	0.01030	0.00579	0.00657	0.00993	0.01373	0.01822	0.04044	0.72053	0.07090	0.02215	0.00906	0.00287	0.00411	0.02005	0.00661	0.00579
36	0.02789	0.01863	0.02056	0.01576	0.02143	0.02013	0.01302	0.57283	0.03128	0.15674	0.01894	0.01830	0.01304	0.00859	0.00713	0.00215	0.00754	0.00654	0.00741	0.01211
37	0.04551	0.10843	0.56581	0.01910	0.02862	0.01754	0.04682	0.02284	0.01513	0.04858	0.01301	0.01503	0.00937	0.00674	0.00652	0.00218	0.00991	0.00524	0.00331	0.01030
38	0.02660	0.03394	0.02018	0.01834	0.02201	0.72116	0.01376	0.02843	0.02018	0.01743	0.01101	0.01284	0.00917	0.00734	0.00642	0.00183	0.01284	0.00459	0.00367	0.00825
39	0.02450	0.01708	0.01927	0.01608	0.04994	0.01841	0.01242	0.47620	0.04701	0.10719	0.04842	0.04350	0.01720	0.05830	0.00917	0.00249	0.00726	0.00748	0.00697	0.01111
40	0.00958	0.00658	0.00800	0.00876	0.00895	0.00638	0.00538	0.01015	0.01187	0.01583	0.03022	0.37004	0.03571	0.41291	0.02367	0.00505	0.00562	0.01493	0.00538	0.00499
41	0.02052	0.01639	0.01665	0.01432	0.01842	0.06668	0.01120	0.16371	0.38351	0.08485	0.06133	0.02609	0.02128	0.05166	0.00887	0.00255	0.00657	0.00780	0.00696	0.01065
42	0.80005	0.01377	0.01047	0.00936	0.01377	0.01597	0.00771	0.02093	0.01212	0.03195	0.00991	0.01157	0.00771	0.00661	0.00441	0.00220	0.00551	0.00386	0.00441	0.00771
43	0.01721	0.01396	0.01524	0.01361	0.01744	0.01554	0.01066	0.05331	0.51198	0.05374	0.10961	0.03123	0.02717	0.01044	0.00741	0.00236	0.00547	0.03594	0.00722	0.04044
44	0.00881	0.00667	0.00814	0.00896	0.01016	0.00599	0.00627	0.01054	0.01540	0.02006	0.14898	0.43770	0.24684	0.01986	0.00878	0.00265	0.00386	0.01757	0.00680	0.00599
45	0.19727	0.02435	0.29590	0.01987	0.02766	0.01628	0.21416	0.02189	0.01486	0.02486	0.01259	0.01545	0.00937	0.00638	0.00659	0.00219	0.00938	0.00578	0.00360	0.07157
46	0.05838	0.04714	0.01878	0.01373	0.01937	0.01645	0.01134	0.29629	0.06240	0.20853	0.01913	0.01854	0.01346	0.00787	0.00656	0.00194	0.00666	0.00606	0.00672	0.16065
47	0.01237	0.00618	0.00928	0.00928	0.00928	0.00618	0.00618	0.00928	0.00928	0.01237	0.01237	0.02165	0.01237	0.02474	0.02783	0.79283	0.00618	0.00618	0.00309	0.00309
48	0.01015	0.00682	0.00783	0.00803	0.00808	0.00677	0.00460	0.01030	0.01076	0.01434	0.02449	0.13202	0.02848	0.66080	0.03292	0.00641	0.00656	0.01156	0.00460	0.00449
49	0.01017	0.00684	0.00789	0.00804	0.00815	0.00678	0.00465	0.01043	0.01109	0.01486	0.05130	0.12077	0.02978	0.64346	0.03226	0.00629	0.00647	0.01150	0.00470	0.00457
50	0.01402	0.01237	0.01692	0.01501	0.01757	0.07391	0.13366	0.06533	0.01655	0.04564	0.03000	0.46310	0.03322	0.01640	0.00850	0.00262	0.00673	0.01511	0.00590	0.00742
51	0.00874	0.00634	0.00828	0.00980	0.01041	0.00588	0.00667	0.01009	0.01393	0.01836	0.04179	0.67067	0.09848	0.02189	0.00906	0.00287	0.00417	0.04014	0.00661	0.00583
52	0.01486	0.01549	0.08547	0.01286	0.01966	0.01078	0.05688	0.01872	0.01493	0.02311	0.01279	0.01510	0.01041	0.00547	0.00564	0.00127	0.00626	0.00461	0.00406	0.66162
53	0.02806	0.01836	0.02039	0.01563	0.02129	0.01973	0.01291	0.55071	0.03083	0.17950	0.01932	0.01854	0.01323	0.00860	0.00713	0.00215	0.00748	0.00656	0.00747	0.01211
54	0.00869	0.00637	0.00816	0.00952	0.01024	0.00585	0.00645	0.01007	0.01420	0.01867	0.06589	0.63084	0.13597	0.02147	0.00897	0.00280	0.00403	0.01929	0.00665	0.00585
55	0.01681	0.01921	0.04202	0.03001	0.03721	0.01801	0.67947	0.02281	0.01681	0.02281	0.01441	0.01921	0.01080	0.00600	0.00840	0.00240	0.01200	0.00840	0.00360	0.00960
56	0.01681	0.01921	0.04202	0.03001	0.03721	0.01801	0.67947	0.02281	0.01681	0.02281	0.01441	0.01921	0.01080	0.00600	0.00840	0.00240	0.01200	0.00840	0.00360	0.00960
57	0.00986	0.00727	0.00922	0.00873	0.01050	0.00663	0.00655	0.01301	0.01964	0.02733	0.61894	0.05520	0.15058	0.01501	0.00840	0.00226	0.00339	0.01316	0.00768	0.00663
58	0.02222	0.45113	0.03011	0.01478	0.01985	0.31968	0.01285	0.02431	0.01687	0.01704	0.01037	0.01202	0.00915	0.00662	0.00535	0.00165	0.00981	0.00414	0.00331	0.00877
59	0.00909	0.00649	0.00874	0.01039	0.01099	0.00614	0.00733	0.01063	0.01404	0.01864	0.03902	0.64622	0.04619	0.02192	0.00920	0.00295	0.00449	0.11502	0.00660	0.00590
60	0.03039	0.01447	0.04685	0.01361	0.01936	0.01266	0.01165	0.14188	0.02233	0.57033	0.02561	0.02266	0.01634	0.00868	0.00714	0.00219	0.00654	0.00696	0.00829	0.01205
61	0.02508	0.03106	0.02165	0.02263	0.13734	0.60230	0.01512	0.02732	0.01951	0.01841	0.01141	0.01365	0.00953	0.00717	0.00653	0.00188	0.01210	0.00488	0.00364	0.00877
62	0.02660	0.03394	0.02018	0.01834	0.02201	0.72116	0.01376	0.02843	0.02018	0.01743	0.01101	0.01284	0.00917	0.00734	0.00642	0.00183	0.01284	0.00459	0.00367	0.00825
63	0.07253	0.03922	0.02047	0.01684	0.05774	0.02039	0.01308	0.45089	0.14229	0.06617	0.01871	0.01852	0.01357	0.00844	0.00690	0.00217	0.00727	0.00648	0.00673	0.01157
64	0.00967	0.00666	0.00793	0.00853	0.00877	0.00646	0.00519	0.01019	0.01176	0.01560	0.03037	0.30283	0.05792	0.45747	0.02531	0.00527	0.00577	0.01414	0.00524	0.00491
65	0.01771	0.01530	0.01610	0.01449	0.01852	0.01771	0.01127	0.03784	0.69247	0.02979	0.02898	0.02657	0.02174	0.00966	0.00725	0.00242	0.00564	0.00805	0.00725	0.01127
66	0.37140	0.01297	0.01479	0.19430	0.02350	0.01503	0.01168	0.04278	0.01433	0.10044	0.01535	0.07921	0.01293	0.00879	0.00711	0.00236	0.05352	0.00651	0.00477	0.00823
67	0.01077	0.00750	0.00911	0.00863	0.01073	0.00667	0.00650	0.01349	0.01860	0.06559	0.42437	0.08305	0.27727	0.01568	0.00836	0.00232	0.00363	0.01354	0.00744	0.00677
