[name]
unknown

[dist]
# distance from previous block
# <min> <max>
25	48

[block]
# block no. 0 follows, 20 sequences, length 10
# corresponding to MSA columns:
# 71-80
name=unknown_A
#
# <colnr> <probs for GDERKNQSTAVLIFYWHMCP>
#	G	D	E	R	K	N	Q	S	T	A	V	L	I	F	Y	W	H	M	C	P
0	0.08351	0.02295	0.02483	0.02084	0.05672	0.02549	0.01621	0.46420	0.11427	0.05006	0.02198	0.02200	0.01594	0.01034	0.00850	0.00267	0.00908	0.00788	0.00828	0.01426
1	0.01901	0.06900	0.02833	0.51318	0.09601	0.02139	0.02295	0.08061	0.01995	0.02581	0.01585	0.02220	0.01207	0.00873	0.00848	0.00278	0.01116	0.00753	0.00437	0.01061
2	0.01825	0.01732	0.02938	0.45708	0.26156	0.01985	0.02511	0.02385	0.01828	0.02445	0.01582	0.02268	0.01239	0.00839	0.00869	0.00280	0.01119	0.00776	0.00403	0.01113
3	0.02281	0.02048	0.01987	0.01747	0.02117	0.14315	0.01371	0.19849	0.02541	0.03250	0.08148	0.06246	0.02499	0.02914	0.21287	0.00622	0.04135	0.00952	0.00648	0.01045
4	0.02362	0.02510	0.03176	0.11882	0.42465	0.17308	0.02410	0.02817	0.02074	0.02606	0.01560	0.02038	0.01294	0.00817	0.00846	0.00255	0.01180	0.00725	0.00431	0.01245
5	0.03071	0.02572	0.02635	0.02378	0.09284	0.10850	0.01745	0.41619	0.09376	0.04589	0.02090	0.02147	0.01541	0.01012	0.00862	0.00260	0.01022	0.00775	0.00771	0.01401
6	0.02141	0.01941	0.03110	0.04450	0.49079	0.01962	0.02322	0.08797	0.02174	0.03055	0.02104	0.10874	0.01967	0.01062	0.00897	0.00272	0.00959	0.01001	0.00529	0.01305
7	0.02114	0.02027	0.03460	0.10732	0.58872	0.02061	0.02655	0.02638	0.01965	0.02796	0.01633	0.02173	0.01363	0.00785	0.00864	0.00262	0.01047	0.00777	0.00428	0.01346
8	0.02005	0.01499	0.02179	0.02437	0.16696	0.01489	0.04471	0.10888	0.02317	0.08498	0.13968	0.17881	0.03806	0.06365	0.01216	0.00328	0.00777	0.01355	0.00741	0.01084
9	0.01892	0.01565	0.02140	0.18224	0.08956	0.01772	0.01649	0.12862	0.02280	0.03136	0.10721	0.05905	0.09168	0.01314	0.01130	0.00287	0.08640	0.01061	0.06260	0.01037

[dist]
# distance from previous block
# <min> <max>
0	1

[block]
# block no. 1 follows, 20 sequences, length 6
# corresponding to MSA columns:
# 82-87
name=unknown_B
#
# <colnr> <probs for GDERKNQSTAVLIFYWHMCP>
#	G	D	E	R	K	N	Q	S	T	A	V	L	I	F	Y	W	H	M	C	P
0	0.02053	0.01736	0.02648	0.31141	0.04143	0.01972	0.09079	0.16355	0.02318	0.03143	0.01898	0.02470	0.01458	0.01545	0.08167	0.00402	0.01224	0.00830	0.06335	0.01085
1	0.01720	0.02311	0.17736	0.24485	0.04094	0.01900	0.11465	0.02341	0.01774	0.02513	0.01888	0.07189	0.01600	0.01061	0.01099	0.00295	0.08333	0.00912	0.06237	0.01045
2	0.02127	0.46589	0.11703	0.01830	0.02555	0.02949	0.06119	0.02528	0.01742	0.02197	0.01376	0.01714	0.01214	0.01245	0.05662	0.00311	0.06059	0.00587	0.00385	0.01107
3	0.06818	0.48655	0.03707	0.01519	0.02094	0.02935	0.01425	0.02426	0.01787	0.02356	0.08915	0.02097	0.01992	0.00974	0.00898	0.00227	0.09024	0.00641	0.00458	0.01051
4	0.03062	0.02280	0.02465	0.01955	0.02596	0.02525	0.01612	0.51142	0.09504	0.05103	0.02424	0.02790	0.01863	0.01163	0.00899	0.00276	0.00922	0.05128	0.00869	0.01422
5	0.01804	0.06431	0.01758	0.01373	0.01763	0.01464	0.01072	0.15894	0.02458	0.03307	0.14455	0.22331	0.11432	0.01730	0.00941	0.00275	0.00637	0.01480	0.00789	0.08607

[dist]
# distance from previous block
# <min> <max>
12	17

[block]
# block no. 2 follows, 20 sequences, length 10
# corresponding to MSA columns:
# 105-114
name=unknown_C
#
# <colnr> <probs for GDERKNQSTAVLIFYWHMCP>
#	G	D	E	R	K	N	Q	S	T	A	V	L	I	F	Y	W	H	M	C	P
0	0.02801	0.02045	0.02222	0.01780	0.02313	0.02240	0.01427	0.45759	0.03426	0.04585	0.02385	0.03291	0.02037	0.14098	0.01571	0.00382	0.00928	0.04651	0.00803	0.01257
1	0.06132	0.05930	0.02414	0.01794	0.02408	0.05872	0.01478	0.44252	0.03468	0.04758	0.02070	0.02156	0.01523	0.01008	0.00801	0.00248	0.00905	0.00746	0.10713	0.01324
2	0.03112	0.02323	0.02509	0.01910	0.02619	0.02497	0.01574	0.53051	0.03792	0.05139	0.02021	0.02056	0.01458	0.00993	0.00842	0.00244	0.00917	0.00749	0.00825	0.11371
3	0.01796	0.10819	0.50238	0.11133	0.03919	0.02160	0.02937	0.02675	0.01821	0.02617	0.01527	0.01862	0.01114	0.00826	0.00807	0.00269	0.01236	0.00644	0.00371	0.01228
4	0.05549	0.51424	0.11252	0.01553	0.02296	0.02927	0.01601	0.02523	0.01843	0.02380	0.07986	0.02006	0.01879	0.00871	0.00642	0.00211	0.00907	0.00608	0.00444	0.01100
5	0.12175	0.48621	0.03771	0.04813	0.02414	0.06464	0.01489	0.07158	0.01951	0.02581	0.01305	0.01511	0.01127	0.00793	0.00609	0.00211	0.00946	0.00512	0.00439	0.01111
6	0.01597	0.01284	0.01892	0.13973	0.07359	0.01465	0.01499	0.08070	0.01821	0.02514	0.02315	0.08397	0.02153	0.04139	0.36450	0.00898	0.01719	0.01005	0.00521	0.00930
7	0.02159	0.01888	0.02788	0.33309	0.19108	0.02148	0.02240	0.14651	0.07310	0.03171	0.01850	0.02314	0.01406	0.00911	0.00871	0.00277	0.01051	0.00795	0.00540	0.01210
8	0.02486	0.01965	0.02504	0.28002	0.03915	0.02251	0.01898	0.32872	0.03032	0.04035	0.06677	0.02533	0.01883	0.01035	0.00885	0.00274	0.00998	0.00843	0.00686	0.01226
9	0.01911	0.01819	0.03093	0.35358	0.35838	0.02007	0.02554	0.02460	0.01869	0.02549	0.01597	0.02240	0.01276	0.00823	0.00868	0.00274	0.01098	0.00776	0.00410	0.01182

[dist]
# distance from previous block
# <min> <max>
4	9

[block]
# block no. 3 follows, 20 sequences, length 14
# corresponding to MSA columns:
# 150-163
name=unknown_D
#
# <colnr> <probs for GDERKNQSTAVLIFYWHMCP>
#	G	D	E	R	K	N	Q	S	T	A	V	L	I	F	Y	W	H	M	C	P
0	0.02078	0.01846	0.02882	0.42511	0.12141	0.02129	0.05869	0.14441	0.02279	0.03012	0.01687	0.02260	0.01265	0.00889	0.00881	0.00281	0.01125	0.00793	0.00496	0.01137
1	0.01964	0.01874	0.03189	0.28914	0.41866	0.02021	0.02580	0.02506	0.01894	0.02613	0.01606	0.02222	0.01298	0.00813	0.00867	0.00271	0.01084	0.00776	0.00415	0.01225
2	0.02448	0.44908	0.03743	0.01721	0.02329	0.14475	0.01545	0.02972	0.09087	0.02261	0.01511	0.01689	0.01306	0.00884	0.00810	0.00221	0.05956	0.00568	0.00449	0.01119
3	0.01303	0.01228	0.05852	0.08818	0.02061	0.01040	0.01226	0.01735	0.02174	0.02971	0.34429	0.10592	0.12960	0.01801	0.01024	0.00299	0.00617	0.08212	0.00806	0.00852
4	0.02098	0.02010	0.03430	0.12735	0.56999	0.02056	0.02647	0.02624	0.01957	0.02776	0.01630	0.02179	0.01356	0.00789	0.00865	0.00263	0.01051	0.00777	0.00427	0.01332
5	0.31024	0.09446	0.02174	0.18783	0.02969	0.02073	0.01482	0.04550	0.01756	0.03107	0.05168	0.02049	0.01524	0.00920	0.00821	0.00263	0.04918	0.00652	0.00507	0.05813
6	0.05057	0.01823	0.02315	0.11707	0.12143	0.01982	0.01671	0.26036	0.02883	0.04029	0.14610	0.03085	0.02833	0.01122	0.00877	0.00265	0.00848	0.00936	0.04575	0.01202
7	0.02159	0.02073	0.03541	0.05354	0.63903	0.02073	0.02677	0.02677	0.01986	0.02850	0.01641	0.02159	0.01382	0.00777	0.00864	0.00259	0.01036	0.00777	0.00432	0.01382
8	0.02009	0.01919	0.03269	0.23541	0.46891	0.02033	0.02602	0.02545	0.01915	0.02667	0.01614	0.02208	0.01317	0.00805	0.00866	0.00268	0.01073	0.00777	0.00419	0.01260
9	0.01717	0.01617	0.02671	0.42697	0.21308	0.01837	0.02291	0.02240	0.01838	0.02413	0.02410	0.02975	0.08370	0.00999	0.00888	0.00282	0.01046	0.00898	0.00448	0.01055
10	0.02725	0.04433	0.02322	0.06081	0.09493	0.01900	0.01539	0.14440	0.14932	0.20070	0.05890	0.03032	0.02327	0.05542	0.01105	0.00308	0.00829	0.00911	0.00814	0.01308
11	0.01814	0.01740	0.03030	0.39652	0.17596	0.01997	0.08802	0.02329	0.01774	0.02382	0.01563	0.02278	0.01241	0.00978	0.01140	0.03532	0.05897	0.00802	0.00402	0.01052
12	0.15965	0.01948	0.07048	0.36457	0.10197	0.02049	0.02137	0.09108	0.01995	0.03023	0.01559	0.02074	0.01175	0.00868	0.00805	0.00279	0.01044	0.00709	0.00475	0.01087
13	0.02026	0.01817	0.02938	0.35596	0.04605	0.02039	0.12886	0.14765	0.02298	0.03030	0.02002	0.08323	0.01680	0.01053	0.00923	0.00291	0.01117	0.00979	0.00539	0.01093

[dist]
# distance from previous block
# <min> <max>
1	4

[block]
# block no. 4 follows, 20 sequences, length 19
# corresponding to MSA columns:
# 168,172-189
name=unknown_E
#
# <colnr> <probs for GDERKNQSTAVLIFYWHMCP>
#	G	D	E	R	K	N	Q	S	T	A	V	L	I	F	Y	W	H	M	C	P
0	0.08760	0.06833	0.02493	0.04806	0.02584	0.02475	0.01552	0.40847	0.03258	0.04497	0.02309	0.02426	0.05135	0.01316	0.03594	0.00313	0.03958	0.00806	0.00746	0.01293
1	0.06968	0.06090	0.02541	0.35779	0.04178	0.02027	0.03534	0.08065	0.01964	0.06128	0.01749	0.02303	0.01346	0.01315	0.05364	0.00356	0.05124	0.00760	0.03367	0.01042
2	0.05588	0.30342	0.25183	0.02043	0.02971	0.02701	0.06197	0.10442	0.02113	0.02894	0.01491	0.01713	0.01169	0.00817	0.00727	0.00239	0.01086	0.00610	0.00450	0.01223
3	0.02663	0.02001	0.02267	0.08187	0.02700	0.02194	0.01531	0.41639	0.03464	0.04642	0.12346	0.03255	0.06756	0.01227	0.00908	0.00269	0.00857	0.00983	0.00835	0.01276
4	0.02655	0.06787	0.06669	0.06372	0.02735	0.06186	0.01655	0.34975	0.04869	0.04176	0.05486	0.02925	0.08373	0.01153	0.00868	0.00263	0.00944	0.00895	0.00744	0.01269
5	0.11140	0.08569	0.52698	0.02249	0.03407	0.02113	0.02817	0.02727	0.01792	0.02860	0.01497	0.01758	0.01086	0.00821	0.00774	0.00269	0.01187	0.00611	0.00390	0.01234
6	0.18083	0.32505	0.12794	0.01605	0.02329	0.07774	0.01605	0.04646	0.01861	0.02772	0.01423	0.01639	0.01170	0.00814	0.00630	0.00225	0.00949	0.00538	0.05546	0.01091
7	0.03089	0.02289	0.02474	0.01915	0.02582	0.02490	0.01569	0.53689	0.03811	0.05136	0.02207	0.05763	0.01707	0.01113	0.00871	0.00258	0.00913	0.00861	0.00845	0.06418
8	0.01861	0.01590	0.01933	0.05321	0.02310	0.01413	0.01219	0.06124	0.01911	0.02883	0.01766	0.06253	0.01578	0.00899	0.00896	0.00184	0.06449	0.00700	0.00541	0.54169
9	0.01830	0.01657	0.02146	0.27703	0.03559	0.06133	0.01714	0.05413	0.01865	0.02544	0.01895	0.06356	0.01650	0.01531	0.06615	0.00363	0.08062	0.00843	0.06474	0.11647
10	0.10897	0.01191	0.01423	0.04819	0.01812	0.01118	0.00990	0.02089	0.02159	0.08798	0.32025	0.04692	0.09721	0.01392	0.00881	0.00252	0.00558	0.01176	0.00800	0.13208
11	0.01931	0.01840	0.03129	0.32905	0.38132	0.02013	0.02564	0.02477	0.01878	0.02573	0.01601	0.02233	0.01284	0.00819	0.00867	0.00273	0.01093	0.00776	0.00412	0.01198
12	0.02330	0.02015	0.03393	0.04984	0.57897	0.01996	0.02541	0.02830	0.02036	0.08854	0.01816	0.02238	0.01457	0.00807	0.00865	0.00260	0.01008	0.00787	0.00495	0.01392
13	0.01896	0.01754	0.02843	0.44891	0.19647	0.02056	0.02409	0.06301	0.01944	0.02594	0.01591	0.02251	0.01237	0.00891	0.00960	0.00285	0.04143	0.00776	0.00431	0.01103
14	0.08060	0.01971	0.03200	0.04747	0.55132	0.01984	0.02417	0.02584	0.01945	0.02907	0.02032	0.02467	0.05022	0.00865	0.00847	0.00262	0.00972	0.00815	0.00463	0.01308
15	0.30987	0.01808	0.02317	0.17885	0.17794	0.02075	0.01820	0.05984	0.01813	0.03229	0.01444	0.01885	0.01148	0.00881	0.00877	0.00279	0.05541	0.00656	0.00487	0.01089
16	0.03154	0.02166	0.02526	0.02207	0.08503	0.02313	0.01648	0.43156	0.03554	0.13713	0.06264	0.02518	0.02014	0.01074	0.00883	0.00264	0.00900	0.00850	0.00866	0.01430
17	0.02441	0.02284	0.03104	0.12332	0.40733	0.12214	0.02350	0.02903	0.02083	0.08660	0.01758	0.02165	0.01388	0.00838	0.00854	0.00259	0.01110	0.00752	0.00492	0.01280
18	0.02003	0.01892	0.02781	0.45366	0.16367	0.05870	0.02352	0.08111	0.02063	0.02658	0.01608	0.02227	0.01233	0.00873	0.00865	0.00278	0.01144	0.00764	0.00447	0.01099

[dist]
# distance from previous block
# <min> <max>
5	17

[block]
# block no. 5 follows, 20 sequences, length 11
# corresponding to MSA columns:
# 210-220
name=unknown_F
#
# <colnr> <probs for GDERKNQSTAVLIFYWHMCP>
#	G	D	E	R	K	N	Q	S	T	A	V	L	I	F	Y	W	H	M	C	P
0	0.02136	0.08289	0.03566	0.09657	0.53856	0.02190	0.02549	0.02637	0.01948	0.02729	0.01594	0.02101	0.01341	0.00781	0.00836	0.00255	0.01036	0.00748	0.00423	0.01326
1	0.02178	0.02194	0.03138	0.13254	0.44114	0.10052	0.02433	0.02660	0.02016	0.02658	0.01786	0.02610	0.01557	0.00912	0.00877	0.00268	0.01106	0.04493	0.00452	0.01240
2	0.01940	0.01602	0.02069	0.22495	0.03285	0.01668	0.01550	0.15140	0.02385	0.03239	0.08502	0.03320	0.09832	0.01114	0.00854	0.00245	0.00833	0.00928	0.00634	0.18363
3	0.01946	0.01778	0.02802	0.41152	0.20349	0.02049	0.02347	0.06961	0.06856	0.02749	0.01775	0.02340	0.01364	0.00886	0.00871	0.00281	0.01077	0.00793	0.00476	0.01147
4	0.01647	0.01550	0.02616	0.67248	0.06008	0.01938	0.02422	0.02229	0.01744	0.02229	0.01550	0.02326	0.01163	0.00872	0.00872	0.00291	0.01163	0.00775	0.00388	0.00969
5	0.04760	0.29484	0.17661	0.04342	0.02727	0.10336	0.01946	0.02604	0.01789	0.02303	0.01401	0.01763	0.01194	0.01306	0.05790	0.00330	0.08179	0.00597	0.00396	0.01091
6	0.02364	0.05745	0.01869	0.05866	0.02105	0.01333	0.01183	0.02883	0.06189	0.24849	0.27616	0.04243	0.04501	0.01320	0.00909	0.00264	0.00641	0.01122	0.00902	0.04095
7	0.02974	0.02354	0.02468	0.07953	0.02886	0.06860	0.01650	0.46774	0.03601	0.04710	0.02535	0.02586	0.06421	0.01114	0.00879	0.00265	0.00980	0.00854	0.00793	0.01343
8	0.01520	0.03666	0.01390	0.01203	0.01507	0.01076	0.00945	0.02070	0.07830	0.07384	0.35250	0.06432	0.18305	0.01779	0.01002	0.00287	0.00518	0.06027	0.00895	0.00912
9	0.08410	0.10919	0.02768	0.01880	0.02572	0.02745	0.01585	0.49385	0.03617	0.04947	0.01919	0.01957	0.01398	0.00992	0.00809	0.00253	0.00936	0.00722	0.00785	0.01398
10	0.02826	0.02130	0.02363	0.01878	0.02449	0.02344	0.01526	0.45147	0.03437	0.04656	0.02332	0.10497	0.01988	0.01268	0.01031	0.00273	0.05709	0.00980	0.00805	0.06361

[dist]
# distance from previous block
# <min> <max>
4	8

[block]
# block no. 6 follows, 20 sequences, length 8
# corresponding to MSA columns:
# 229-236
name=unknown_G
#
# <colnr> <probs for GDERKNQSTAVLIFYWHMCP>
#	G	D	E	R	K	N	Q	S	T	A	V	L	I	F	Y	W	H	M	C	P
0	0.03058	0.02255	0.02466	0.01932	0.02562	0.02504	0.01587	0.53586	0.03765	0.05065	0.02124	0.02260	0.01570	0.01732	0.08977	0.00404	0.01131	0.00804	0.00822	0.01396
1	0.01626	0.00813	0.00813	0.00813	0.01016	0.00813	0.00610	0.02033	0.01829	0.03252	0.02846	0.03252	0.02236	0.01016	0.00610	0.00203	0.00407	0.00813	0.74187	0.00813
2	0.03068	0.19461	0.03111	0.01877	0.02587	0.02893	0.01616	0.46259	0.03513	0.04628	0.01872	0.01919	0.01392	0.00971	0.00794	0.00243	0.00953	0.00705	0.00747	0.01392
3	0.02652	0.11497	0.02491	0.01764	0.02360	0.02373	0.01449	0.17269	0.33735	0.10676	0.02875	0.02695	0.02119	0.01079	0.00837	0.00270	0.00792	0.00855	0.00834	0.01379
4	0.01859	0.01408	0.01353	0.12341	0.02103	0.10125	0.01070	0.02269	0.01905	0.02921	0.02415	0.02859	0.01897	0.00975	0.00679	0.00221	0.00699	0.00771	0.51264	0.00867
5	0.06071	0.02362	0.11899	0.14951	0.03890	0.05335	0.20667	0.02818	0.01985	0.10402	0.01828	0.02197	0.01332	0.00820	0.00868	0.00263	0.01162	0.00792	0.00515	0.09844
6	0.18618	0.06253	0.09820	0.08158	0.02566	0.05305	0.01559	0.13820	0.02266	0.03500	0.08632	0.02521	0.02093	0.01324	0.04560	0.00325	0.00967	0.00765	0.05869	0.01077
7	0.35336	0.06661	0.21529	0.01739	0.02552	0.02199	0.01815	0.13086	0.02081	0.03730	0.01481	0.01670	0.01101	0.00854	0.00691	0.00266	0.00932	0.00582	0.00536	0.01159

[dist]
# distance from previous block
# <min> <max>
2	32

[block]
# block no. 7 follows, 20 sequences, length 6
# corresponding to MSA columns:
# 269-274
name=unknown_H
#
# <colnr> <probs for GDERKNQSTAVLIFYWHMCP>
#	G	D	E	R	K	N	Q	S	T	A	V	L	I	F	Y	W	H	M	C	P
0	0.02165	0.01938	0.02595	0.33328	0.12484	0.06366	0.02082	0.15627	0.02429	0.03168	0.07556	0.02598	0.01934	0.00987	0.00880	0.00274	0.01056	0.00840	0.00562	0.01131
1	0.01645	0.01577	0.02274	0.12391	0.12308	0.04347	0.05619	0.02013	0.01792	0.02370	0.03452	0.07196	0.15864	0.02031	0.09196	0.00430	0.10103	0.01125	0.00534	0.03731
2	0.01869	0.01777	0.03018	0.40380	0.31140	0.01996	0.02533	0.02423	0.01849	0.02498	0.01590	0.02253	0.01258	0.00831	0.00868	0.00277	0.01108	0.00776	0.00407	0.01148
3	0.33786	0.05937	0.09699	0.01593	0.02277	0.02118	0.01465	0.13338	0.07916	0.11388	0.01910	0.01954	0.01382	0.00919	0.00710	0.00267	0.00825	0.00647	0.00668	0.01200
4	0.01916	0.01725	0.02731	0.51574	0.12745	0.02049	0.02360	0.09523	0.02064	0.02708	0.01629	0.02277	0.01229	0.00882	0.00871	0.00283	0.01122	0.00777	0.00453	0.01083
5	0.02218	0.01743	0.02098	0.02075	0.10323	0.01838	0.01431	0.23725	0.09237	0.03821	0.10534	0.06440	0.08608	0.04269	0.04361	0.00349	0.00857	0.01093	0.00768	0.04212

[dist]
# distance from previous block
# <min> <max>
9	25

[block]
# block no. 8 follows, 20 sequences, length 17
# corresponding to MSA columns:
# 300-305,307-317
name=unknown_I
#
# <colnr> <probs for GDERKNQSTAVLIFYWHMCP>
#	G	D	E	R	K	N	Q	S	T	A	V	L	I	F	Y	W	H	M	C	P
0	0.08933	0.07795	0.17760	0.01909	0.02657	0.04939	0.01851	0.18254	0.13019	0.06769	0.02274	0.06146	0.01797	0.01070	0.00822	0.00271	0.00955	0.00831	0.00672	0.01276
1	0.07284	0.02094	0.09720	0.19844	0.33504	0.01925	0.02395	0.02459	0.01873	0.02726	0.02121	0.02581	0.05952	0.00917	0.00851	0.00272	0.01024	0.00820	0.00450	0.01188
2	0.07371	0.01825	0.02577	0.41738	0.08309	0.02148	0.02132	0.17675	0.02358	0.03242	0.01674	0.02190	0.01244	0.00908	0.00848	0.00280	0.01067	0.00756	0.00528	0.01127
3	0.08367	0.02187	0.02488	0.12850	0.03158	0.02445	0.01713	0.43813	0.03428	0.08003	0.02011	0.02130	0.01426	0.01002	0.00848	0.00268	0.00961	0.00766	0.00778	0.01358
4	0.18957	0.01914	0.08289	0.39585	0.10483	0.01964	0.02178	0.02402	0.01717	0.02734	0.01482	0.02051	0.01128	0.00844	0.00790	0.00281	0.01048	0.00692	0.00426	0.01034
5	0.04910	0.04418	0.02052	0.01677	0.02047	0.01908	0.01364	0.22244	0.02349	0.03306	0.02067	0.02682	0.01764	0.03775	0.33079	0.00831	0.07039	0.00832	0.00599	0.01057
6	0.01881	0.01610	0.02402	0.45471	0.04729	0.01926	0.02082	0.10030	0.06609	0.02755	0.01996	0.02934	0.01620	0.01144	0.01031	0.04191	0.01053	0.04994	0.00519	0.01024
7	0.19977	0.02216	0.06837	0.01708	0.02421	0.02146	0.01495	0.29996	0.02876	0.10568	0.01918	0.01970	0.01374	0.00929	0.00764	0.00249	0.00858	0.00678	0.00734	0.10285
8	0.01839	0.01662	0.02525	0.39001	0.12180	0.01794	0.02057	0.05272	0.01912	0.02633	0.01590	0.02159	0.01240	0.00810	0.00813	0.00243	0.01003	0.00709	0.00451	0.20108
9	0.02796	0.02103	0.02326	0.05931	0.02651	0.02315	0.01543	0.44675	0.06616	0.04784	0.08069	0.03034	0.06800	0.01196	0.00899	0.00269	0.00871	0.00945	0.00846	0.01331
10	0.04664	0.01169	0.01340	0.09078	0.01917	0.01273	0.01021	0.10155	0.02088	0.03375	0.02487	0.02923	0.01949	0.01388	0.05320	0.00310	0.00722	0.00800	0.47095	0.00927
11	0.03316	0.02443	0.02618	0.02007	0.02705	0.02705	0.01658	0.60995	0.04101	0.05497	0.02094	0.02094	0.01483	0.01047	0.00873	0.00262	0.00960	0.00785	0.00873	0.01483
12	0.02109	0.01596	0.01799	0.01509	0.01997	0.01588	0.01173	0.21648	0.06338	0.03627	0.02870	0.21254	0.02782	0.01434	0.00868	0.00253	0.00698	0.01216	0.05322	0.19920
13	0.01673	0.00985	0.01061	0.01002	0.01222	0.01038	0.00766	0.05594	0.01914	0.03149	0.03108	0.03583	0.06530	0.04195	0.03725	0.00301	0.04162	0.00906	0.54244	0.00844
14	0.03044	0.06272	0.02568	0.05086	0.02735	0.18827	0.01630	0.35359	0.05373	0.04117	0.01920	0.02035	0.01436	0.00988	0.00821	0.00248	0.01088	0.00719	0.04455	0.01281
15	0.01935	0.02046	0.06619	0.12542	0.03205	0.05145	0.10693	0.07502	0.01885	0.02582	0.01907	0.09602	0.01783	0.01638	0.05635	0.00390	0.22383	0.00993	0.00491	0.01023
16	0.01917	0.01945	0.04990	0.02128	0.02436	0.05984	0.10016	0.04274	0.01704	0.02471	0.01691	0.02411	0.01498	0.04342	0.10085	0.00468	0.28540	0.00817	0.07553	0.04730

[dist]
# distance from previous block
# <min> <max>
4	9

[block]
# block no. 9 follows, 20 sequences, length 24
# corresponding to MSA columns:
# 337-360
name=unknown_J
#
# <colnr> <probs for GDERKNQSTAVLIFYWHMCP>
#	G	D	E	R	K	N	Q	S	T	A	V	L	I	F	Y	W	H	M	C	P
0	0.02657	0.02202	0.02160	0.01781	0.02321	0.09020	0.01423	0.32719	0.13224	0.04300	0.10511	0.03340	0.07970	0.01248	0.00899	0.00268	0.00867	0.00987	0.00835	0.01267
1	0.22741	0.08065	0.24196	0.02272	0.09430	0.02018	0.05360	0.02751	0.01845	0.07930	0.04555	0.02062	0.01526	0.00871	0.00755	0.00266	0.00986	0.00681	0.00512	0.01176
2	0.01853	0.12194	0.46511	0.02674	0.11302	0.02157	0.02830	0.02683	0.01880	0.02718	0.04265	0.02034	0.01458	0.00854	0.00809	0.00263	0.01173	0.00681	0.00403	0.01259
3	0.08518	0.07483	0.11994	0.22923	0.21838	0.02024	0.02284	0.02456	0.01866	0.02730	0.06388	0.02379	0.01752	0.00894	0.00821	0.00268	0.01023	0.00768	0.00456	0.01137
4	0.01503	0.01109	0.01529	0.05336	0.04535	0.01180	0.01166	0.06338	0.01990	0.02787	0.18108	0.07566	0.03977	0.06271	0.21148	0.04200	0.01187	0.05632	0.03587	0.00853
5	0.02194	0.06887	0.01939	0.06623	0.02189	0.01479	0.01277	0.05956	0.07136	0.17703	0.16466	0.09073	0.03867	0.01869	0.06050	0.00374	0.00839	0.06171	0.00821	0.01086
6	0.32043	0.02660	0.24671	0.01695	0.02477	0.01858	0.01810	0.05942	0.01882	0.06347	0.06462	0.02262	0.01756	0.03708	0.00878	0.00296	0.00906	0.00692	0.00554	0.01101
7	0.07596	0.03983	0.51807	0.02663	0.08115	0.02034	0.06356	0.02742	0.01837	0.02861	0.01555	0.01862	0.01126	0.00818	0.00820	0.00276	0.01233	0.00663	0.00391	0.01262
8	0.07076	0.02966	0.02555	0.02625	0.14054	0.29742	0.01763	0.16799	0.02691	0.06048	0.01972	0.02139	0.03830	0.00968	0.00822	0.00247	0.01193	0.00716	0.00595	0.01199
9	0.02799	0.03390	0.02430	0.02535	0.11601	0.47259	0.01702	0.03081	0.02368	0.02357	0.06487	0.02474	0.05787	0.01032	0.00832	0.00238	0.01333	0.00753	0.00508	0.01034
10	0.06522	0.01847	0.02031	0.01604	0.02179	0.01899	0.01280	0.27155	0.05336	0.03953	0.04797	0.05213	0.02045	0.06423	0.01157	0.00281	0.03062	0.00843	0.00713	0.21662
11	0.01755	0.01614	0.02692	0.39749	0.21709	0.01833	0.02339	0.02291	0.01853	0.02462	0.02045	0.03426	0.01814	0.01080	0.00921	0.00299	0.01072	0.09522	0.00464	0.01060
12	0.01685	0.01592	0.02807	0.56524	0.05570	0.01900	0.08688	0.02228	0.01744	0.02249	0.01572	0.02347	0.01201	0.00981	0.01035	0.04552	0.01173	0.00802	0.00393	0.00958
13	0.01063	0.00759	0.01012	0.01215	0.01265	0.00709	0.00810	0.01215	0.01670	0.02227	0.04808	0.68775	0.05769	0.02733	0.01113	0.00354	0.00506	0.02480	0.00810	0.00709
14	0.01730	0.01635	0.02767	0.57187	0.15419	0.01960	0.02464	0.02302	0.01784	0.02330	0.01565	0.02298	0.01198	0.00857	0.00871	0.00286	0.01142	0.00776	0.00395	0.01036
15	0.03316	0.02443	0.02618	0.02007	0.02705	0.02705	0.01658	0.60995	0.04101	0.05497	0.02094	0.02094	0.01483	0.01047	0.00873	0.00262	0.00960	0.00785	0.00873	0.01483
16	0.01208	0.00891	0.01129	0.01070	0.01287	0.00812	0.00802	0.01595	0.02407	0.03350	0.56370	0.06759	0.15395	0.01838	0.01029	0.00277	0.00415	0.01612	0.00941	0.00812
17	0.01044	0.00884	0.00902	0.00898	0.01186	0.00742	0.00673	0.01278	0.02020	0.02431	0.12421	0.08271	0.59918	0.02181	0.01031	0.00293	0.00440	0.01824	0.00820	0.00742
18	0.02065	0.01633	0.01807	0.01646	0.02082	0.01822	0.01292	0.03934	0.45063	0.06973	0.12785	0.04255	0.03671	0.01366	0.00934	0.00299	0.00660	0.05555	0.00903	0.01256
19	0.01205	0.00890	0.01124	0.01066	0.01285	0.00810	0.00799	0.01588	0.02398	0.03329	0.55382	0.06793	0.16397	0.01846	0.01029	0.00277	0.00416	0.01616	0.00938	0.00810
20	0.02052	0.01696	0.01858	0.01739	0.06527	0.06496	0.01246	0.08241	0.11385	0.06828	0.18768	0.03913	0.08649	0.01249	0.00877	0.00244	0.00712	0.01045	0.00768	0.15708
21	0.10880	0.02982	0.24783	0.09233	0.22294	0.07009	0.02503	0.02782	0.01912	0.05437	0.01608	0.01962	0.01223	0.00831	0.00808	0.00267	0.01124	0.00681	0.00447	0.01233
22	0.02095	0.03256	0.34049	0.08553	0.18144	0.02045	0.05404	0.07103	0.02083	0.06542	0.01740	0.02065	0.01275	0.00847	0.00856	0.00273	0.01170	0.00729	0.00467	0.01305
23	0.08558	0.14439	0.20263	0.01788	0.02573	0.02113	0.01829	0.03236	0.16306	0.09730	0.05697	0.02453	0.01997	0.00970	0.00778	0.00257	0.00890	0.00752	0.00626	0.04744

[dist]
# distance from previous block
# <min> <max>
0	5

[block]
# block no. 10 follows, 20 sequences, length 13
# corresponding to MSA columns:
# 366-369,371-379
name=unknown_K
#
# <colnr> <probs for GDERKNQSTAVLIFYWHMCP>
#	G	D	E	R	K	N	Q	S	T	A	V	L	I	F	Y	W	H	M	C	P
0	0.08604	0.18878	0.08928	0.22847	0.10533	0.04349	0.02005	0.02615	0.05746	0.02553	0.01856	0.02222	0.03676	0.00894	0.00764	0.00256	0.01014	0.00708	0.00452	0.01101
1	0.06761	0.03211	0.35612	0.02225	0.05882	0.01960	0.02345	0.09299	0.08889	0.03100	0.01870	0.02231	0.01439	0.03570	0.01184	0.06925	0.01068	0.00727	0.00505	0.01195
2	0.01776	0.01644	0.02148	0.02000	0.04837	0.08550	0.11096	0.07001	0.02037	0.02598	0.03286	0.28228	0.03573	0.09522	0.01420	0.00379	0.00918	0.07418	0.00664	0.00906
3	0.17237	0.12693	0.01975	0.08661	0.02114	0.04250	0.01182	0.02155	0.01763	0.02786	0.09197	0.03189	0.06168	0.05823	0.04301	0.00349	0.04149	0.00855	0.10252	0.00900
4	0.16675	0.13121	0.05648	0.05316	0.07257	0.08524	0.01543	0.03102	0.08090	0.12518	0.01917	0.02027	0.01445	0.00873	0.00725	0.00240	0.00902	0.00649	0.00596	0.08830
5	0.02421	0.43550	0.06718	0.01703	0.02346	0.18465	0.01572	0.02732	0.01965	0.02180	0.04478	0.01824	0.01533	0.01128	0.03894	0.00265	0.01151	0.00578	0.00426	0.01069
6	0.12001	0.02957	0.33183	0.09326	0.03251	0.01795	0.02324	0.02619	0.04174	0.05315	0.02373	0.03247	0.04403	0.01117	0.00855	0.00294	0.01046	0.08071	0.00518	0.01130
7	0.01772	0.01676	0.02425	0.02052	0.02307	0.01986	0.08223	0.02337	0.09576	0.02485	0.02344	0.16190	0.02353	0.01555	0.01799	0.00329	0.30373	0.01159	0.00559	0.08499
8	0.02054	0.02330	0.10520	0.10591	0.45008	0.02070	0.09332	0.02658	0.01956	0.02776	0.01638	0.02161	0.01324	0.00787	0.00879	0.00268	0.01126	0.00791	0.00422	0.01310
9	0.01815	0.11852	0.58058	0.02375	0.03603	0.02186	0.03029	0.02746	0.01834	0.02683	0.01526	0.01792	0.01107	0.00819	0.00799	0.00266	0.01249	0.00625	0.00369	0.01270
10	0.01694	0.07983	0.49623	0.02175	0.03236	0.01900	0.02684	0.02553	0.01950	0.02849	0.12628	0.02651	0.02382	0.00995	0.00848	0.00270	0.01109	0.00800	0.00475	0.01195
11	0.01509	0.01205	0.01337	0.01271	0.01608	0.01201	0.01006	0.07379	0.12011	0.03051	0.14412	0.06946	0.31290	0.01908	0.01020	0.00305	0.00580	0.10180	0.00848	0.00931
12	0.01892	0.01434	0.01514	0.01417	0.01721	0.08448	0.01085	0.02429	0.08237	0.10979	0.24277	0.12497	0.07201	0.02175	0.07597	0.00402	0.00843	0.04060	0.00829	0.00965

[dist]
# distance from previous block
# <min> <max>
6	9

[block]
# block no. 11 follows, 20 sequences, length 11
# corresponding to MSA columns:
# 391-401
name=unknown_L
#
# <colnr> <probs for GDERKNQSTAVLIFYWHMCP>
#	G	D	E	R	K	N	Q	S	T	A	V	L	I	F	Y	W	H	M	C	P
0	0.02107	0.01308	0.01390	0.01208	0.01556	0.01396	0.00954	0.19626	0.02481	0.03844	0.02588	0.02917	0.02007	0.01380	0.04875	0.00298	0.00696	0.00813	0.47544	0.01011
1	0.16919	0.01612	0.02298	0.38922	0.11046	0.01892	0.01977	0.02416	0.05029	0.02731	0.02067	0.02559	0.05221	0.00951	0.00814	0.00283	0.00976	0.00793	0.00478	0.01017
2	0.03085	0.03243	0.11066	0.02145	0.02849	0.21669	0.01880	0.35687	0.03301	0.04109	0.01797	0.01902	0.01323	0.00973	0.00841	0.00253	0.01190	0.00699	0.00676	0.01314
3	0.02433	0.11770	0.02557	0.01986	0.02305	0.29462	0.01600	0.02667	0.01968	0.02152	0.01818	0.03023	0.01791	0.05619	0.01541	0.00321	0.17069	0.08488	0.00476	0.00953
4	0.07872	0.64708	0.04322	0.01466	0.02197	0.03338	0.01451	0.02608	0.01751	0.02193	0.01213	0.01401	0.01106	0.00751	0.00558	0.00193	0.00913	0.00467	0.00386	0.01106
5	0.03215	0.03031	0.02519	0.02079	0.02672	0.25774	0.01649	0.36023	0.07559	0.04138	0.01923	0.01984	0.01434	0.01002	0.00842	0.00251	0.01165	0.00718	0.00719	0.01303
6	0.02963	0.03659	0.02514	0.02582	0.10954	0.52895	0.01754	0.03228	0.02374	0.02247	0.01876	0.02097	0.05226	0.00968	0.00813	0.00234	0.01426	0.00675	0.00471	0.01044
7	0.02332	0.69869	0.04571	0.01493	0.02239	0.03451	0.01493	0.02612	0.01772	0.02052	0.01213	0.01399	0.01119	0.00746	0.00560	0.00187	0.00933	0.00466	0.00373	0.01119
8	0.27727	0.01327	0.01407	0.01288	0.01683	0.01372	0.00996	0.05363	0.01973	0.15664	0.08843	0.22590	0.03381	0.01551	0.00845	0.00295	0.00626	0.01283	0.00788	0.00998
9	0.33757	0.02458	0.20517	0.01612	0.02328	0.01861	0.01662	0.02815	0.09981	0.03460	0.05526	0.02229	0.01757	0.00939	0.00709	0.00271	0.00828	0.00684	0.05513	0.01092
10	0.18236	0.02097	0.01997	0.01668	0.02202	0.06855	0.01343	0.25590	0.12389	0.04127	0.02698	0.02711	0.07250	0.01130	0.00873	0.00271	0.03190	0.00831	0.03336	0.01206

[dist]
# distance from previous block
# <min> <max>
0	2

[block]
# block no. 12 follows, 20 sequences, length 10
# corresponding to MSA columns:
# 404-413
name=unknown_M
#
# <colnr> <probs for GDERKNQSTAVLIFYWHMCP>
#	G	D	E	R	K	N	Q	S	T	A	V	L	I	F	Y	W	H	M	C	P
0	0.10183	0.03477	0.39156	0.03053	0.16360	0.02045	0.08159	0.02725	0.01852	0.02914	0.01560	0.01908	0.01166	0.00807	0.00822	0.00274	0.01183	0.00689	0.00408	0.01260
1	0.01485	0.00961	0.01231	0.01309	0.01466	0.00925	0.00920	0.06568	0.01944	0.07525	0.04466	0.57774	0.05112	0.02456	0.01074	0.00340	0.00564	0.02206	0.00837	0.00837
2	0.02411	0.28798	0.03286	0.01988	0.07582	0.05684	0.05919	0.02933	0.06928	0.12008	0.04678	0.02699	0.06734	0.00994	0.00767	0.00234	0.00897	0.00798	0.00599	0.04063
3	0.02132	0.01966	0.02519	0.02067	0.02479	0.07875	0.09832	0.14348	0.02201	0.02966	0.02052	0.08438	0.01879	0.02266	0.13879	0.00504	0.13731	0.00957	0.00566	0.07344
4	0.01781	0.01588	0.01799	0.06695	0.02078	0.09018	0.01341	0.02105	0.01758	0.02533	0.08850	0.03019	0.02392	0.02222	0.13192	0.00487	0.19273	0.00876	0.18111	0.00882
5	0.02465	0.01869	0.02061	0.01700	0.02223	0.02004	0.01351	0.32611	0.12222	0.04315	0.09589	0.12463	0.03033	0.01366	0.00910	0.00272	0.00767	0.01132	0.00849	0.06797
6	0.01886	0.01928	0.07243	0.01921	0.02195	0.04473	0.04083	0.02530	0.10100	0.02652	0.02103	0.05901	0.01835	0.01320	0.01694	0.00312	0.29799	0.00889	0.16126	0.01010
7	0.01730	0.06741	0.01944	0.01981	0.13566	0.01326	0.01220	0.02033	0.01954	0.07315	0.19955	0.10287	0.04159	0.15795	0.01656	0.00384	0.00714	0.01235	0.00688	0.05316
8	0.02298	0.01856	0.12174	0.06911	0.02498	0.01388	0.01545	0.06968	0.02295	0.21201	0.13542	0.09242	0.07780	0.01342	0.00914	0.00274	0.00778	0.01134	0.00797	0.05063
9	0.03120	0.02357	0.05741	0.02210	0.07644	0.02367	0.01741	0.43402	0.03497	0.11641	0.02150	0.02168	0.01521	0.00994	0.00857	0.00255	0.00940	0.00772	0.00813	0.05810

[dist]
# distance from previous block
# <min> <max>
4	11

[block]
# block no. 13 follows, 20 sequences, length 8
# corresponding to MSA columns:
# 425-432
name=unknown_N
#
# <colnr> <probs for GDERKNQSTAVLIFYWHMCP>
#	G	D	E	R	K	N	Q	S	T	A	V	L	I	F	Y	W	H	M	C	P
0	0.13291	0.11295	0.13253	0.01825	0.07544	0.01883	0.01573	0.07627	0.04690	0.03016	0.03847	0.03849	0.20465	0.01271	0.00819	0.00267	0.00805	0.01002	0.00606	0.01072
1	0.05099	0.19525	0.21615	0.08437	0.07962	0.10439	0.02150	0.02774	0.01928	0.06468	0.01720	0.05071	0.01426	0.00925	0.00770	0.00251	0.01109	0.00711	0.00461	0.01160
2	0.06256	0.19158	0.27658	0.02266	0.06988	0.02193	0.05495	0.02538	0.01856	0.02640	0.02028	0.03207	0.01838	0.01085	0.00828	0.00277	0.01072	0.11010	0.00467	0.01140
3	0.06301	0.01896	0.01850	0.01555	0.02071	0.13001	0.01228	0.03510	0.09023	0.28964	0.09264	0.03040	0.02596	0.01099	0.00828	0.00253	0.00813	0.00869	0.07852	0.03986
4	0.01554	0.04839	0.07777	0.01262	0.01592	0.01104	0.01061	0.01871	0.01961	0.08242	0.22505	0.13318	0.10433	0.16628	0.01734	0.00408	0.00668	0.01433	0.00752	0.00858
5	0.10116	0.13616	0.01960	0.01241	0.01712	0.01517	0.01031	0.02301	0.02133	0.11211	0.26944	0.04167	0.08273	0.01299	0.00828	0.00243	0.00606	0.01063	0.00765	0.08973
6	0.02161	0.01658	0.01917	0.01545	0.02086	0.01646	0.01231	0.23533	0.02639	0.03703	0.07797	0.08594	0.02525	0.01932	0.10186	0.00394	0.00970	0.00948	0.00707	0.23826
7	0.02962	0.16318	0.02813	0.02052	0.02562	0.46957	0.01615	0.03447	0.09012	0.02288	0.01568	0.01728	0.01294	0.00902	0.00755	0.00225	0.01354	0.00591	0.00484	0.01073

[dist]
# distance from previous block
# <min> <max>
11	44

[block]
# block no. 14 follows, 20 sequences, length 32
# corresponding to MSA columns:
# 477-508
name=unknown_O
#
# <colnr> <probs for GDERKNQSTAVLIFYWHMCP>
#	G	D	E	R	K	N	Q	S	T	A	V	L	I	F	Y	W	H	M	C	P
0	0.02971	0.05928	0.08581	0.02301	0.07323	0.11793	0.01864	0.37257	0.06333	0.04301	0.01935	0.02026	0.01431	0.00978	0.00842	0.00256	0.01071	0.00734	0.00708	0.01367
1	0.13277	0.21663	0.06209	0.02110	0.07325	0.09766	0.05554	0.05601	0.14945	0.02974	0.01855	0.01995	0.01474	0.00885	0.00735	0.00247	0.00979	0.00674	0.00547	0.01185
2	0.06676	0.06947	0.05293	0.01740	0.02301	0.18056	0.01440	0.12180	0.02491	0.20119	0.05431	0.02684	0.02023	0.07447	0.01156	0.00306	0.01016	0.00797	0.00720	0.01178
3	0.08293	0.05816	0.06853	0.01587	0.02124	0.06624	0.01362	0.12702	0.16533	0.03424	0.09024	0.03949	0.15533	0.01328	0.00868	0.00273	0.00784	0.01056	0.00743	0.01125
4	0.18017	0.13326	0.02373	0.01509	0.02171	0.01941	0.01290	0.09667	0.02339	0.35326	0.02468	0.02294	0.01665	0.00965	0.00754	0.00255	0.00784	0.00716	0.00828	0.01313
5	0.14391	0.02809	0.02419	0.02150	0.05923	0.22247	0.01627	0.27335	0.02909	0.03860	0.01645	0.01819	0.01262	0.00976	0.00908	0.00258	0.04944	0.00665	0.00636	0.01216
6	0.01773	0.06715	0.01760	0.01415	0.01768	0.01508	0.01092	0.12843	0.09444	0.03227	0.13375	0.26479	0.07712	0.01791	0.00956	0.00289	0.00633	0.01548	0.00805	0.04865
7	0.13195	0.18894	0.02657	0.01806	0.05221	0.17739	0.01419	0.07156	0.02145	0.07860	0.02052	0.02202	0.05111	0.01175	0.03488	0.00279	0.01056	0.00671	0.00553	0.05322
8	0.32550	0.11165	0.01728	0.01199	0.01598	0.01801	0.00982	0.02124	0.01631	0.02976	0.05423	0.03315	0.11145	0.08615	0.01243	0.00329	0.05668	0.00857	0.04773	0.00880
9	0.10754	0.16171	0.26410	0.01806	0.02587	0.05387	0.01966	0.02439	0.01793	0.02635	0.04809	0.02502	0.05138	0.01744	0.09955	0.00415	0.01218	0.00736	0.00461	0.01074
10	0.02299	0.64515	0.04421	0.01555	0.02243	0.03390	0.01525	0.02572	0.01738	0.02056	0.01207	0.01439	0.01121	0.00808	0.00741	0.00202	0.06197	0.00490	0.00374	0.01106
11	0.01091	0.00788	0.01039	0.01229	0.01307	0.00736	0.00853	0.01269	0.01719	0.02268	0.05039	0.59898	0.09253	0.02672	0.01116	0.00355	0.00528	0.07312	0.00809	0.00719
12	0.01750	0.04512	0.64825	0.02486	0.03775	0.02026	0.03223	0.02762	0.01842	0.02762	0.01565	0.01842	0.01105	0.00829	0.00829	0.00276	0.01289	0.00645	0.00368	0.01289
13	0.02838	0.02165	0.02403	0.02194	0.08241	0.04738	0.01609	0.31976	0.17407	0.08876	0.02636	0.06517	0.02054	0.01154	0.00887	0.00274	0.00883	0.00935	0.00830	0.01384
14	0.01173	0.00939	0.01063	0.01076	0.01334	0.00854	0.00824	0.01561	0.05117	0.02670	0.18830	0.12414	0.38576	0.02132	0.01048	0.00307	0.00493	0.07953	0.00843	0.00792
15	0.01063	0.00759	0.01012	0.01215	0.01265	0.00709	0.00810	0.01215	0.01670	0.02227	0.04808	0.68775	0.05769	0.02733	0.01113	0.00354	0.00506	0.02480	0.00810	0.00709
16	0.01647	0.01550	0.02616	0.67248	0.06008	0.01938	0.02422	0.02229	0.01744	0.02229	0.01550	0.02326	0.01163	0.00872	0.00872	0.00291	0.01163	0.00775	0.00388	0.00969
17	0.02082	0.02289	0.04782	0.04058	0.18056	0.02176	0.47531	0.02767	0.02042	0.02807	0.01737	0.02309	0.01337	0.00745	0.00992	0.00286	0.01372	0.00972	0.00439	0.01223
18	0.01877	0.01791	0.03006	0.37401	0.29966	0.02039	0.02497	0.02408	0.01820	0.02480	0.01563	0.02230	0.01253	0.00873	0.00991	0.00283	0.05200	0.00775	0.00406	0.01140
19	0.03914	0.01484	0.02024	0.01552	0.02227	0.01282	0.01282	0.04251	0.02497	0.64507	0.03441	0.02969	0.02159	0.01080	0.00877	0.00270	0.00742	0.00877	0.01080	0.01484
20	0.01060	0.00769	0.01002	0.01189	0.01258	0.00711	0.00798	0.01218	0.01695	0.02237	0.05125	0.64018	0.10321	0.02692	0.01107	0.00350	0.00501	0.02429	0.00810	0.00711
21	0.01750	0.04512	0.64825	0.02486	0.03775	0.02026	0.03223	0.02762	0.01842	0.02762	0.01565	0.01842	0.01105	0.00829	0.00829	0.00276	0.01289	0.00645	0.00368	0.01289
22	0.03258	0.04157	0.02472	0.02247	0.02697	0.65843	0.01685	0.03483	0.02472	0.02135	0.01348	0.01573	0.01124	0.00899	0.00787	0.00225	0.01573	0.00562	0.00449	0.01011
23	0.01063	0.00759	0.01012	0.01215	0.01265	0.00709	0.00810	0.01215	0.01670	0.02227	0.04808	0.68775	0.05769	0.02733	0.01113	0.00354	0.00506	0.02480	0.00810	0.00709
24	0.01836	0.01815	0.03323	0.31100	0.21008	0.01944	0.15634	0.02403	0.01876	0.02525	0.01866	0.07240	0.01602	0.00954	0.00924	0.00288	0.01150	0.00961	0.00443	0.01109
25	0.01981	0.01889	0.03179	0.17403	0.48164	0.01956	0.02492	0.02492	0.01938	0.02693	0.02103	0.02609	0.05490	0.00892	0.00876	0.00268	0.01022	0.00848	0.00448	0.01256
26	0.01322	0.00945	0.01187	0.10322	0.01666	0.01000	0.00796	0.01404	0.01336	0.01767	0.02579	0.05230	0.02887	0.59667	0.03935	0.00767	0.00890	0.01199	0.00509	0.00591
27	0.01737	0.01670	0.02911	0.55418	0.12532	0.01973	0.06799	0.02322	0.01795	0.02342	0.01577	0.02309	0.01200	0.00851	0.00883	0.00287	0.01171	0.00794	0.00397	0.01032
28	0.54810	0.01817	0.01870	0.02152	0.15894	0.02025	0.01378	0.05839	0.01744	0.03760	0.01360	0.01623	0.01074	0.00816	0.00632	0.00267	0.00773	0.00559	0.00534	0.01074
29	0.16277	0.02673	0.27346	0.01967	0.05577	0.01718	0.01991	0.02646	0.05363	0.06646	0.12047	0.02801	0.02492	0.01397	0.05159	0.00350	0.01015	0.00824	0.00580	0.01131
30	0.01642	0.01449	0.01980	0.04658	0.02222	0.04672	0.09760	0.05355	0.05432	0.02637	0.06242	0.22956	0.06206	0.10126	0.01437	0.00375	0.00838	0.06826	0.00683	0.04503
31	0.02170	0.01975	0.03545	0.02871	0.09044	0.01884	0.30096	0.06180	0.06901	0.07163	0.02401	0.02716	0.04358	0.00894	0.00914	0.00264	0.01083	0.00947	0.06064	0.08530

[dist]
# distance from previous block
# <min> <max>
4	12

[block]
# block no. 15 follows, 20 sequences, length 25
# corresponding to MSA columns:
# 521-545
name=unknown_P
#
# <colnr> <probs for GDERKNQSTAVLIFYWHMCP>
#	G	D	E	R	K	N	Q	S	T	A	V	L	I	F	Y	W	H	M	C	P
0	0.02269	0.05674	0.02136	0.01724	0.02115	0.15648	0.01376	0.14823	0.05086	0.03106	0.10171	0.03803	0.15303	0.01408	0.01194	0.00278	0.11122	0.01039	0.00678	0.01045
1	0.07934	0.29733	0.02979	0.01701	0.05265	0.09870	0.01384	0.06860	0.04749	0.05610	0.05670	0.02626	0.07029	0.01021	0.00720	0.00230	0.00882	0.00753	0.03885	0.01099
2	0.12244	0.06946	0.05386	0.01656	0.02252	0.09536	0.01414	0.23511	0.02740	0.09337	0.02558	0.02600	0.06574	0.01062	0.00782	0.00251	0.00890	0.00787	0.08281	0.01192
3	0.02252	0.35094	0.13245	0.01900	0.02690	0.02520	0.09967	0.02715	0.01945	0.09476	0.04213	0.02472	0.06165	0.00939	0.00754	0.00236	0.00988	0.00759	0.00515	0.01157
4	0.07079	0.01134	0.01515	0.01668	0.08981	0.01091	0.01108	0.01995	0.02262	0.07614	0.39505	0.08479	0.08397	0.01629	0.00974	0.00282	0.00553	0.03946	0.00853	0.00937
5	0.02466	0.02690	0.03355	0.04339	0.41940	0.20344	0.06733	0.02917	0.02131	0.02641	0.01566	0.02006	0.01303	0.00809	0.00854	0.00252	0.01222	0.00734	0.00438	0.01260
6	0.02099	0.02046	0.03704	0.05696	0.08581	0.02018	0.30350	0.02895	0.08876	0.05680	0.01947	0.02351	0.01495	0.00861	0.01074	0.00272	0.06448	0.00888	0.00525	0.12192
7	0.01924	0.01503	0.01739	0.01438	0.01955	0.01383	0.01109	0.16009	0.02314	0.03277	0.02762	0.24091	0.02823	0.01435	0.00856	0.00236	0.00675	0.01232	0.00700	0.32542
8	0.02577	0.01959	0.02186	0.06334	0.02563	0.02089	0.01454	0.38712	0.03251	0.04346	0.03139	0.07593	0.10452	0.01277	0.00890	0.00262	0.00840	0.01025	0.00791	0.08259
9	0.06228	0.01953	0.01984	0.01634	0.02211	0.07062	0.01294	0.14406	0.18239	0.08849	0.06702	0.04732	0.02352	0.01075	0.00820	0.00243	0.00783	0.00859	0.00766	0.17811
10	0.02335	0.11041	0.02122	0.01418	0.01945	0.01652	0.01171	0.13134	0.02538	0.15396	0.18906	0.06141	0.07914	0.01304	0.00866	0.00247	0.00681	0.01074	0.00820	0.09294
11	0.02397	0.02565	0.02923	0.05915	0.35528	0.20529	0.02160	0.02960	0.06339	0.02723	0.06050	0.02378	0.01872	0.00915	0.00855	0.00254	0.01128	0.00786	0.00504	0.01221
12	0.02914	0.01853	0.02225	0.04690	0.05876	0.01963	0.01513	0.18625	0.21013	0.22144	0.03009	0.05610	0.02211	0.01149	0.00888	0.00280	0.00806	0.00946	0.00892	0.01392
13	0.01971	0.17400	0.38158	0.12210	0.03721	0.02357	0.02625	0.07002	0.01981	0.02738	0.01530	0.01844	0.01145	0.00835	0.00783	0.00259	0.01171	0.00638	0.00410	0.01219
14	0.01898	0.01417	0.01633	0.01417	0.01801	0.01415	0.01083	0.19927	0.02607	0.03570	0.16241	0.20719	0.06894	0.04820	0.01113	0.00300	0.00657	0.01430	0.00812	0.10244
15	0.01831	0.01464	0.01562	0.01378	0.01693	0.06087	0.01054	0.14600	0.02734	0.03692	0.40250	0.07761	0.05901	0.04724	0.01138	0.00298	0.00641	0.01354	0.00877	0.00962
16	0.01970	0.02250	0.08221	0.03023	0.08535	0.02023	0.30781	0.02557	0.01882	0.02710	0.01607	0.02121	0.01281	0.00837	0.01176	0.00267	0.10523	0.00834	0.00443	0.16959
17	0.07823	0.05183	0.01847	0.01508	0.01839	0.05984	0.05948	0.01876	0.01820	0.02478	0.08368	0.07891	0.20786	0.02674	0.15008	0.00527	0.05731	0.01235	0.00614	0.00860
18	0.02040	0.02381	0.12676	0.08839	0.41129	0.02112	0.02588	0.02749	0.06155	0.02787	0.01717	0.02179	0.01395	0.00882	0.01025	0.00277	0.06551	0.00770	0.00447	0.01303
19	0.02543	0.01773	0.01975	0.01600	0.02110	0.01857	0.01262	0.30544	0.05500	0.09441	0.03017	0.06291	0.07150	0.11052	0.04109	0.00391	0.00884	0.01020	0.00792	0.06690
20	0.02017	0.01664	0.01796	0.01474	0.02002	0.04947	0.01144	0.15463	0.02395	0.03329	0.07677	0.17351	0.02927	0.01319	0.00844	0.00228	0.00717	0.01114	0.00698	0.30894
