[name]
unknown

[dist]
# distance from previous block
# <min> <max>
0	40

[block]
# block no. 0 follows, 27 sequences, length 11
# corresponding to MSA columns:
# 40-50
name=unknown_A
#
# <colnr> <probs for GDERKNQSTAVLIFYWHMCP>
#	G	D	E	R	K	N	Q	S	T	A	V	L	I	F	Y	W	H	M	C	P
0	0.04403	0.02126	0.20147	0.01677	0.04449	0.01537	0.01600	0.14113	0.06907	0.12893	0.01985	0.02404	0.01543	0.00876	0.00714	0.00219	0.00783	0.05970	0.00574	0.15079
1	0.07310	0.01894	0.15041	0.15947	0.06601	0.01493	0.04849	0.05175	0.04454	0.07629	0.03671	0.01913	0.01331	0.00732	0.00681	0.00207	0.00812	0.00615	0.00463	0.19181
2	0.08152	0.01250	0.01697	0.09372	0.12275	0.01271	0.01246	0.02489	0.09520	0.19451	0.19780	0.03219	0.05070	0.01039	0.00760	0.00234	0.00617	0.00889	0.00681	0.00988
3	0.01905	0.01892	0.02948	0.04366	0.64455	0.06745	0.02218	0.02328	0.01720	0.02381	0.01378	0.01801	0.01160	0.00669	0.00730	0.00218	0.00915	0.00648	0.00369	0.01153
4	0.73404	0.01427	0.01175	0.06238	0.01708	0.01664	0.00897	0.02161	0.01280	0.03225	0.01055	0.01263	0.00818	0.00693	0.00480	0.00231	0.00605	0.00421	0.00450	0.00806
5	0.01870	0.01574	0.01708	0.04562	0.02058	0.01801	0.01217	0.10470	0.52896	0.03147	0.03020	0.03019	0.04713	0.01058	0.00769	0.00252	0.00626	0.03383	0.00730	0.01129
6	0.01051	0.00759	0.00992	0.00934	0.01109	0.00700	0.00700	0.01401	0.02101	0.02977	0.68888	0.05545	0.07005	0.01518	0.00876	0.00233	0.00350	0.01343	0.00817	0.00700
7	0.01760	0.01504	0.01604	0.01448	0.01841	0.01722	0.01124	0.03669	0.60796	0.03092	0.10167	0.03071	0.02780	0.01063	0.00768	0.00250	0.00562	0.00894	0.00762	0.01124
8	0.02129	0.01699	0.02004	0.01484	0.02119	0.01629	0.04689	0.31146	0.02430	0.03435	0.01538	0.01674	0.01174	0.00708	0.00654	0.00168	0.00708	0.00566	0.00573	0.39473
9	0.00911	0.00658	0.00850	0.01000	0.01057	0.00611	0.00667	0.01039	0.01425	0.01880	0.04271	0.64638	0.09851	0.06004	0.01089	0.00319	0.00441	0.02014	0.00677	0.00597
10	0.13829	0.01684	0.01879	0.01460	0.02028	0.01761	0.01206	0.34108	0.02666	0.28745	0.02103	0.01978	0.01412	0.00873	0.00704	0.00226	0.00714	0.00660	0.00768	0.01198

[dist]
# distance from previous block
# <min> <max>
0	2

[block]
# block no. 1 follows, 27 sequences, length 137
# corresponding to MSA columns:
# 53-110,112-190
name=unknown_B
#
# <colnr> <probs for GDERKNQSTAVLIFYWHMCP>
#	G	D	E	R	K	N	Q	S	T	A	V	L	I	F	Y	W	H	M	C	P
0	0.01078	0.00727	0.00844	0.00844	0.00856	0.00739	0.00493	0.01102	0.01090	0.01465	0.02307	0.04682	0.02623	0.67718	0.09866	0.00763	0.00835	0.01054	0.00445	0.00469
1	0.01895	0.01530	0.01730	0.01268	0.01910	0.01353	0.01027	0.19870	0.02080	0.03045	0.01448	0.01607	0.01145	0.00644	0.00603	0.00141	0.00624	0.00503	0.00524	0.57052
2	0.01821	0.01575	0.14549	0.01304	0.01816	0.01072	0.01225	0.02289	0.04168	0.20462	0.22483	0.06627	0.03339	0.03760	0.00875	0.00240	0.00618	0.00934	0.00681	0.10162
3	0.01571	0.13790	0.57788	0.02040	0.03056	0.01903	0.05317	0.02334	0.01567	0.02266	0.01297	0.01533	0.00950	0.00692	0.00680	0.00225	0.01061	0.00541	0.00317	0.01072
4	0.01690	0.20728	0.51069	0.01877	0.02839	0.01988	0.02314	0.02376	0.01578	0.05204	0.01331	0.01519	0.00983	0.00698	0.00652	0.00216	0.01003	0.00521	0.00341	0.01070
5	0.02863	0.01217	0.01601	0.01272	0.01778	0.01094	0.01035	0.03305	0.07680	0.54316	0.09654	0.03066	0.05596	0.01031	0.00766	0.00233	0.00588	0.00852	0.00884	0.01170
6	0.01629	0.01751	0.03502	0.24946	0.04093	0.01841	0.40083	0.02170	0.01610	0.02170	0.01395	0.01960	0.01069	0.00725	0.00978	0.00256	0.07751	0.00786	0.00356	0.00928
7	0.01809	0.01723	0.02932	0.04415	0.66267	0.01723	0.02230	0.02245	0.01691	0.02416	0.01509	0.02128	0.01314	0.00723	0.00748	0.00226	0.00873	0.03491	0.00382	0.01154
8	0.03331	0.01263	0.01723	0.01321	0.01895	0.01091	0.01091	0.03618	0.02125	0.69794	0.02929	0.02527	0.01838	0.00919	0.00747	0.00230	0.00632	0.00747	0.00919	0.01263
9	0.02970	0.01537	0.01862	0.01440	0.01993	0.01524	0.01184	0.27514	0.02643	0.40118	0.07312	0.02464	0.01996	0.00952	0.00754	0.00227	0.00682	0.00760	0.00844	0.01222
10	0.04705	0.01716	0.02704	0.08895	0.34693	0.01771	0.09696	0.14599	0.02031	0.02850	0.04790	0.02233	0.04354	0.00801	0.00757	0.00229	0.00866	0.00749	0.00475	0.01084
11	0.01330	0.01204	0.01996	0.56304	0.04274	0.01486	0.01817	0.01776	0.01435	0.01873	0.01529	0.02356	0.01257	0.01711	0.14259	0.00432	0.01172	0.02644	0.00354	0.00789
12	0.01050	0.00758	0.00995	0.00956	0.01125	0.00702	0.00720	0.01390	0.02055	0.02898	0.63377	0.08708	0.06801	0.01575	0.00885	0.00241	0.00367	0.03897	0.00806	0.00695
13	0.01625	0.02839	0.34723	0.02429	0.03241	0.04556	0.26411	0.02288	0.01619	0.02278	0.01476	0.04719	0.01179	0.00791	0.00909	0.00249	0.06563	0.00741	0.00356	0.01010
14	0.01791	0.37647	0.32043	0.01615	0.02417	0.02238	0.01858	0.02288	0.01541	0.04959	0.01302	0.01574	0.01064	0.03936	0.00733	0.00220	0.00914	0.00508	0.00348	0.01006
15	0.02327	0.01542	0.02094	0.05153	0.14232	0.01591	0.04353	0.08179	0.22899	0.23578	0.02592	0.02509	0.03690	0.00905	0.00756	0.00237	0.00713	0.00780	0.00698	0.01170
16	0.00883	0.00731	0.00774	0.00809	0.01018	0.00622	0.00589	0.01059	0.01637	0.01983	0.06824	0.20615	0.55957	0.01971	0.00892	0.00261	0.00387	0.01677	0.00689	0.00622
17	0.17369	0.01454	0.01646	0.04421	0.01954	0.01525	0.01115	0.18188	0.07505	0.25092	0.05060	0.07538	0.01943	0.00998	0.00711	0.00236	0.00650	0.00792	0.00727	0.01075
18	0.01584	0.15820	0.56159	0.02011	0.03016	0.01938	0.05013	0.02330	0.01565	0.02249	0.01288	0.01520	0.00950	0.00690	0.00673	0.00223	0.01051	0.00536	0.00317	0.01069
19	0.01757	0.01745	0.02618	0.21818	0.40960	0.07482	0.02063	0.02172	0.01625	0.02177	0.01365	0.01873	0.01131	0.00940	0.03988	0.00274	0.03984	0.00651	0.00358	0.01019
20	0.01654	0.04920	0.11594	0.27226	0.04079	0.05124	0.30238	0.02227	0.01642	0.02153	0.01381	0.01877	0.01040	0.00684	0.00782	0.00241	0.01126	0.00721	0.00350	0.00942
21	0.04869	0.02113	0.13942	0.07970	0.20378	0.09406	0.06516	0.04279	0.01787	0.04898	0.08628	0.04961	0.01863	0.00853	0.00738	0.00224	0.00894	0.00749	0.00457	0.04476
22	0.01632	0.03079	0.45900	0.02389	0.06116	0.01695	0.17347	0.02372	0.01646	0.05271	0.01560	0.02027	0.01182	0.00755	0.00762	0.00243	0.01085	0.03501	0.00373	0.01067
23	0.00986	0.00705	0.00954	0.01115	0.01197	0.00672	0.00821	0.01180	0.01526	0.02028	0.06989	0.53560	0.04840	0.02218	0.00964	0.00309	0.00492	0.18119	0.00694	0.00628
24	0.02161	0.32122	0.10479	0.01732	0.02279	0.26342	0.04484	0.02463	0.01700	0.01870	0.01122	0.01360	0.00962	0.00747	0.00762	0.00198	0.07460	0.00486	0.00343	0.00926
25	0.01584	0.01666	0.03040	0.34639	0.04168	0.04495	0.28534	0.02089	0.01604	0.02088	0.01518	0.05636	0.01246	0.00797	0.00867	0.00252	0.03705	0.00816	0.00369	0.00887
26	0.00926	0.00660	0.00873	0.01015	0.01070	0.00617	0.00682	0.01073	0.01479	0.01991	0.10746	0.63889	0.05047	0.04850	0.01043	0.00310	0.00433	0.01993	0.00694	0.00608
27	0.05236	0.01887	0.02994	0.22869	0.12995	0.10457	0.25188	0.02238	0.01676	0.02199	0.01471	0.04674	0.01207	0.00752	0.00776	0.00239	0.01072	0.00761	0.00378	0.00933
28	0.29100	0.12903	0.08707	0.04805	0.02450	0.01919	0.16098	0.02369	0.04673	0.05656	0.01358	0.01603	0.01044	0.00720	0.00698	0.00230	0.03721	0.00580	0.00429	0.00938
29	0.01079	0.00723	0.00825	0.00825	0.00830	0.00728	0.00469	0.01089	0.01084	0.01451	0.02325	0.04780	0.02665	0.71174	0.06468	0.00739	0.00771	0.01068	0.00448	0.00458
30	0.01343	0.00844	0.01030	0.00957	0.01211	0.00757	0.00726	0.01658	0.03709	0.12555	0.31126	0.11867	0.26161	0.01608	0.00860	0.00245	0.00415	0.01384	0.00777	0.00764
31	0.02804	0.20997	0.02394	0.01402	0.01980	0.04970	0.01207	0.12939	0.05039	0.35653	0.02170	0.02013	0.01492	0.00836	0.00671	0.00209	0.00734	0.00633	0.00700	0.01158
32	0.01889	0.60793	0.16619	0.01433	0.02157	0.02704	0.01554	0.02248	0.01520	0.01863	0.01090	0.01263	0.00950	0.00649	0.00520	0.00173	0.00852	0.00426	0.00317	0.00980
33	0.02773	0.03538	0.02104	0.01913	0.02295	0.70930	0.01434	0.02964	0.02104	0.01817	0.01148	0.01339	0.00956	0.00765	0.00669	0.00191	0.01339	0.00478	0.00383	0.00861
34	0.02266	0.14870	0.05157	0.01569	0.02066	0.18787	0.01313	0.03294	0.29166	0.10816	0.02131	0.02062	0.01606	0.00859	0.00682	0.00217	0.00835	0.00650	0.00589	0.01067
35	0.02705	0.05780	0.02130	0.01779	0.02221	0.46645	0.01378	0.13018	0.08163	0.06995	0.01530	0.01610	0.01180	0.00812	0.00686	0.00203	0.01121	0.00555	0.00506	0.00982
36	0.00922	0.00665	0.00877	0.01031	0.01095	0.00619	0.00706	0.01072	0.01474	0.01959	0.06939	0.64762	0.07869	0.02260	0.00945	0.00298	0.00436	0.04765	0.00694	0.00612
37	0.00927	0.00758	0.00820	0.00816	0.01048	0.00652	0.00620	0.01154	0.01775	0.02210	0.19688	0.06879	0.53599	0.01815	0.00884	0.00251	0.00385	0.04360	0.00715	0.00644
38	0.02638	0.06176	0.02257	0.04095	0.07115	0.55420	0.01504	0.08209	0.02148	0.02100	0.01219	0.01424	0.00998	0.00762	0.00674	0.00196	0.01230	0.00509	0.00407	0.00920
39	0.00904	0.00646	0.00861	0.01034	0.01077	0.00603	0.00689	0.01034	0.01421	0.01895	0.04092	0.73426	0.04910	0.02326	0.00948	0.00301	0.00431	0.02110	0.00689	0.00603
40	0.01051	0.00759	0.00992	0.00934	0.01109	0.00700	0.00700	0.01401	0.02101	0.02977	0.68888	0.05545	0.07005	0.01518	0.00876	0.00233	0.00350	0.01343	0.00817	0.00700
41	0.04904	0.01841	0.03554	0.08041	0.16369	0.01828	0.39099	0.04707	0.01757	0.05367	0.01501	0.01937	0.01143	0.00693	0.00874	0.00245	0.03926	0.00778	0.00409	0.01028
42	0.01673	0.01574	0.02662	0.27298	0.45042	0.01686	0.02140	0.02129	0.01616	0.02259	0.01408	0.01919	0.01139	0.00696	0.00729	0.00228	0.00899	0.00662	0.03200	0.01039
43	0.00904	0.00646	0.00861	0.01034	0.01077	0.00603	0.00689	0.01034	0.01421	0.01895	0.04092	0.73426	0.04910	0.02326	0.00948	0.00301	0.00431	0.02110	0.00689	0.00603
44	0.01539	0.01319	0.01539	0.01100	0.01759	0.00990	0.00880	0.01869	0.01539	0.02419	0.01319	0.01539	0.01100	0.00550	0.00550	0.00110	0.00550	0.00440	0.00440	0.78449
45	0.01828	0.52006	0.24864	0.01538	0.02320	0.02553	0.01737	0.02264	0.01527	0.01938	0.01127	0.01310	0.00949	0.00657	0.00549	0.00183	0.00890	0.00445	0.00316	0.00998
46	0.04448	0.02700	0.31725	0.02532	0.06119	0.01851	0.25986	0.02279	0.01574	0.02327	0.01340	0.01733	0.01019	0.00750	0.00984	0.00251	0.10335	0.00682	0.00345	0.01018
47	0.00947	0.00689	0.00898	0.01055	0.01115	0.00659	0.00711	0.01165	0.04431	0.01950	0.04043	0.70229	0.04790	0.02266	0.00939	0.00299	0.00438	0.02053	0.00692	0.00629
48	0.01729	0.01664	0.02270	0.01928	0.01980	0.02276	0.01605	0.07482	0.01343	0.02040	0.01045	0.01638	0.01000	0.01264	0.02288	0.00316	0.66268	0.00651	0.00361	0.00852
49	0.01624	0.01624	0.02274	0.01949	0.01949	0.02274	0.01624	0.01787	0.01137	0.01787	0.00975	0.01624	0.00975	0.01299	0.02436	0.00325	0.72552	0.00650	0.00325	0.00812
50	0.02195	0.46725	0.08378	0.01537	0.02128	0.24208	0.01434	0.02466	0.01700	0.01815	0.01091	0.01266	0.00953	0.00681	0.00554	0.00175	0.00988	0.00434	0.00338	0.00935
51	0.00932	0.00754	0.00827	0.00809	0.01036	0.00650	0.00607	0.01170	0.01820	0.02309	0.26726	0.06644	0.49583	0.01767	0.00877	0.00245	0.00368	0.01497	0.00729	0.00650
52	0.01196	0.00854	0.01196	0.01367	0.01538	0.00854	0.01196	0.01538	0.01709	0.02222	0.03931	0.08374	0.04272	0.02051	0.01025	0.00342	0.00684	0.64283	0.00684	0.00684
53	0.01051	0.00759	0.00992	0.00934	0.01109	0.00700	0.00700	0.01401	0.02101	0.02977	0.68888	0.05545	0.07005	0.01518	0.00876	0.00233	0.00350	0.01343	0.00817	0.00700
54	0.01539	0.01319	0.01539	0.01100	0.01759	0.00990	0.00880	0.01869	0.01539	0.02419	0.01319	0.01539	0.01100	0.00550	0.00550	0.00110	0.00550	0.00440	0.00440	0.78449
55	0.01071	0.00719	0.00824	0.00832	0.00838	0.00721	0.00476	0.01086	0.01098	0.01468	0.02403	0.07760	0.02767	0.68577	0.05856	0.00717	0.00749	0.01115	0.00458	0.00463
56	0.79154	0.01436	0.01091	0.00976	0.01436	0.01665	0.00804	0.02182	0.01263	0.03331	0.01034	0.01206	0.00804	0.00689	0.00459	0.00230	0.00574	0.00402	0.00459	0.00804
57	0.01837	0.01764	0.03013	0.04557	0.69279	0.01764	0.02278	0.02278	0.01690	0.02425	0.01396	0.01837	0.01176	0.00661	0.00735	0.00220	0.00882	0.00661	0.00367	0.01176
58	0.05939	0.01178	0.01562	0.01275	0.01765	0.01048	0.01050	0.03118	0.01997	0.54103	0.03209	0.06358	0.05121	0.01132	0.00779	0.00246	0.00615	0.07524	0.00856	0.01127
59	0.03331	0.01263	0.01723	0.01321	0.01895	0.01091	0.01091	0.03618	0.02125	0.69794	0.02929	0.02527	0.01838	0.00919	0.00747	0.00230	0.00632	0.00747	0.00919	0.01263
60	0.01080	0.00720	0.00810	0.00810	0.00810	0.00720	0.00450	0.01080	0.01080	0.01439	0.02339	0.04858	0.02699	0.73910	0.03779	0.00720	0.00720	0.01080	0.00450	0.00450
61	0.01073	0.00717	0.00811	0.00818	0.00819	0.00716	0.00458	0.01078	0.01092	0.01455	0.02400	0.07253	0.02776	0.71410	0.03680	0.00705	0.00710	0.01116	0.00458	0.00455
62	0.01539	0.01319	0.01539	0.01100	0.01759	0.00990	0.00880	0.01869	0.01539	0.02419	0.01319	0.01539	0.01100	0.00550	0.00550	0.00110	0.00550	0.00440	0.00440	0.78449
63	0.79154	0.01436	0.01091	0.00976	0.01436	0.01665	0.00804	0.02182	0.01263	0.03331	0.01034	0.01206	0.00804	0.00689	0.00459	0.00230	0.00574	0.00402	0.00459	0.00804
64	0.01429	0.01350	0.02264	0.66767	0.07920	0.01675	0.02057	0.01910	0.01482	0.01917	0.01312	0.01961	0.00998	0.00757	0.00797	0.00249	0.03324	0.00659	0.00331	0.00840
65	0.00903	0.00650	0.00857	0.01022	0.01074	0.00604	0.00684	0.01035	0.01433	0.01900	0.04234	0.70665	0.07579	0.02307	0.00945	0.00299	0.00428	0.02088	0.00689	0.00604
66	0.00910	0.00753	0.00797	0.00786	0.01023	0.00641	0.00590	0.01129	0.01769	0.02189	0.19119	0.06842	0.57265	0.01812	0.00877	0.00247	0.00371	0.01524	0.00714	0.00641
67	0.01624	0.01624	0.02274	0.01949	0.01949	0.02274	0.01624	0.01787	0.01137	0.01787	0.00975	0.01624	0.00975	0.01299	0.02436	0.00325	0.72552	0.00650	0.00325	0.00812
68	0.01846	0.01595	0.01679	0.01511	0.01930	0.01846	0.01175	0.03945	0.67938	0.03105	0.03022	0.02770	0.02266	0.01007	0.00755	0.00252	0.00588	0.00839	0.00755	0.01175
69	0.02773	0.03538	0.02104	0.01913	0.02295	0.70930	0.01434	0.02964	0.02104	0.01817	0.01148	0.01339	0.00956	0.00765	0.00669	0.00191	0.01339	0.00478	0.00383	0.00861
70	0.01489	0.03840	0.70064	0.02116	0.03213	0.01724	0.02743	0.02351	0.01567	0.02351	0.01332	0.01567	0.00940	0.00705	0.00705	0.00235	0.01097	0.00549	0.00313	0.01097
71	0.01117	0.00712	0.00794	0.00802	0.00830	0.00710	0.00471	0.01174	0.01166	0.01658	0.02431	0.07649	0.02680	0.59779	0.03164	0.00619	0.00651	0.01068	0.12029	0.00493
72	0.01098	0.00857	0.01183	0.03999	0.07116	0.00858	0.00948	0.01442	0.06886	0.02061	0.03663	0.54601	0.04191	0.02001	0.00912	0.00291	0.00519	0.06009	0.00654	0.00712
73	0.01051	0.00759	0.00992	0.00934	0.01109	0.00700	0.00700	0.01401	0.02101	0.02977	0.68888	0.05545	0.07005	0.01518	0.00876	0.00233	0.00350	0.01343	0.00817	0.00700
74	0.00919	0.00652	0.00857	0.01015	0.01054	0.00613	0.00669	0.01038	0.01393	0.01857	0.03945	0.67674	0.04725	0.08331	0.01185	0.00337	0.00455	0.02024	0.00669	0.00590
75	0.00904	0.00646	0.00861	0.01034	0.01077	0.00603	0.00689	0.01034	0.01421	0.01895	0.04092	0.73426	0.04910	0.02326	0.00948	0.00301	0.00431	0.02110	0.00689	0.00603
76	0.79154	0.01436	0.01091	0.00976	0.01436	0.01665	0.00804	0.02182	0.01263	0.03331	0.01034	0.01206	0.00804	0.00689	0.00459	0.00230	0.00574	0.00402	0.00459	0.00804
77	0.01511	0.06976	0.67121	0.02078	0.03155	0.01778	0.02677	0.02345	0.01565	0.02324	0.01319	0.01551	0.00941	0.00702	0.00695	0.00232	0.01084	0.00542	0.00314	0.01091
78	0.56265	0.01970	0.01403	0.01243	0.01694	0.17916	0.00991	0.06611	0.01606	0.03065	0.01110	0.01275	0.00870	0.00720	0.00527	0.00220	0.00769	0.00437	0.00460	0.00847
79	0.01111	0.00869	0.01289	0.01260	0.01381	0.01048	0.00990	0.01367	0.01188	0.01729	0.01898	0.02801	0.01777	0.05187	0.64863	0.01116	0.08275	0.00782	0.00391	0.00676
80	0.01082	0.00823	0.01217	0.01205	0.01328	0.00969	0.00934	0.01333	0.01186	0.01714	0.01966	0.02947	0.01858	0.08157	0.65773	0.01142	0.04509	0.00801	0.00397	0.00660
81	0.02886	0.01284	0.01658	0.01325	0.01840	0.01196	0.01076	0.03504	0.13962	0.52579	0.08096	0.02806	0.02318	0.00981	0.00758	0.00234	0.00602	0.00810	0.00881	0.01204
82	0.01711	0.35466	0.40386	0.01737	0.02627	0.02268	0.02082	0.02294	0.01541	0.02080	0.01198	0.01398	0.00946	0.00674	0.00603	0.00201	0.00961	0.00481	0.00315	0.01032
83	0.01418	0.01350	0.02322	0.69058	0.05058	0.01659	0.04931	0.01918	0.01496	0.01918	0.01328	0.01980	0.00996	0.00737	0.00748	0.00248	0.01001	0.00669	0.00332	0.00833
84	0.01917	0.01630	0.01719	0.01525	0.01957	0.01880	0.01192	0.08511	0.63257	0.03220	0.02932	0.02698	0.02193	0.00999	0.00754	0.00250	0.00604	0.00827	0.00754	0.01181
85	0.02876	0.01829	0.02043	0.01573	0.02144	0.01950	0.01297	0.49276	0.03088	0.19674	0.02076	0.01999	0.01424	0.00896	0.00734	0.00222	0.00753	0.00688	0.04220	0.01237
86	0.01818	0.01744	0.02978	0.07592	0.66397	0.01759	0.02269	0.02261	0.01681	0.02402	0.01393	0.01844	0.01168	0.00665	0.00735	0.00222	0.00887	0.00661	0.00366	0.01160
87	0.01752	0.02003	0.04380	0.03129	0.03880	0.01877	0.66583	0.02378	0.01752	0.02378	0.01502	0.02003	0.01126	0.00626	0.00876	0.00250	0.01252	0.00876	0.00375	0.01001
88	0.01898	0.01583	0.01680	0.01504	0.01929	0.01820	0.01172	0.03933	0.65640	0.05435	0.03018	0.02761	0.02251	0.01004	0.00755	0.00251	0.00589	0.00836	0.00761	0.01178
89	0.01279	0.00871	0.01079	0.01000	0.01234	0.00825	0.00758	0.01757	0.08160	0.08176	0.46862	0.08294	0.13816	0.01504	0.00857	0.00240	0.00402	0.01310	0.00798	0.00776
90	0.07222	0.20626	0.49163	0.01830	0.02770	0.02012	0.02249	0.02308	0.01531	0.02276	0.01238	0.01451	0.00933	0.00687	0.00632	0.00216	0.00986	0.00502	0.00325	0.01041
91	0.00915	0.00744	0.00785	0.00788	0.00995	0.00642	0.00570	0.01094	0.01649	0.02025	0.12134	0.10183	0.53299	0.09463	0.01187	0.00301	0.00413	0.01524	0.00675	0.00613
92	0.00904	0.00646	0.00861	0.01034	0.01077	0.00603	0.00689	0.01034	0.01421	0.01895	0.04092	0.73426	0.04910	0.02326	0.00948	0.00301	0.00431	0.02110	0.00689	0.00603
93	0.02016	0.04382	0.02939	0.06712	0.44407	0.13502	0.07690	0.05175	0.01829	0.02371	0.01365	0.01751	0.01123	0.00688	0.00729	0.00217	0.00991	0.00641	0.00384	0.01089
94	0.01402	0.01319	0.02227	0.72126	0.05113	0.01649	0.02062	0.01897	0.01484	0.01897	0.01319	0.01979	0.00990	0.00742	0.00742	0.00247	0.00990	0.00660	0.00330	0.00825
95	0.01402	0.01319	0.02227	0.72126	0.05113	0.01649	0.02062	0.01897	0.01484	0.01897	0.01319	0.01979	0.00990	0.00742	0.00742	0.00247	0.00990	0.00660	0.00330	0.00825
96	0.64310	0.15462	0.01630	0.01033	0.01526	0.01910	0.00894	0.02190	0.01311	0.03026	0.01033	0.01203	0.00833	0.00679	0.00463	0.00216	0.00617	0.00401	0.00432	0.00833
97	0.01844	0.01807	0.02949	0.04246	0.60819	0.04609	0.04777	0.02278	0.01711	0.02389	0.01504	0.02117	0.01304	0.00727	0.00751	0.00226	0.00907	0.03520	0.00383	0.01134
98	0.02480	0.08476	0.01901	0.01386	0.01880	0.01574	0.01144	0.09996	0.20739	0.30039	0.07128	0.02850	0.02268	0.01004	0.00744	0.00234	0.00638	0.03596	0.00779	0.01145
99	0.00916	0.00654	0.00875	0.01047	0.01095	0.00613	0.00709	0.01054	0.01433	0.01908	0.04085	0.70840	0.04885	0.02315	0.00951	0.00303	0.00441	0.04582	0.00689	0.00606
100	0.01695	0.20202	0.33167	0.02293	0.05738	0.02060	0.20149	0.02325	0.01610	0.02216	0.01310	0.01609	0.01005	0.00665	0.00699	0.00220	0.01059	0.00608	0.00334	0.01039
101	0.02652	0.01907	0.02075	0.01614	0.02164	0.02088	0.01325	0.55840	0.05640	0.07416	0.07858	0.02187	0.01836	0.00952	0.00755	0.00225	0.00759	0.00738	0.00758	0.01209
102	0.01753	0.01973	0.04214	0.03180	0.08107	0.01884	0.60005	0.02350	0.01726	0.02360	0.01476	0.01978	0.01124	0.00653	0.00923	0.00251	0.03811	0.00854	0.00373	0.01006
103	0.01088	0.00770	0.00950	0.00904	0.01100	0.00694	0.00673	0.01376	0.01941	0.05095	0.46899	0.08471	0.21307	0.04251	0.00980	0.00258	0.00383	0.01395	0.00772	0.00691
104	0.01755	0.38891	0.23718	0.04693	0.02449	0.02413	0.01805	0.02183	0.01470	0.01943	0.01127	0.01404	0.00954	0.00760	0.00850	0.00211	0.11595	0.00492	0.00318	0.00970
105	0.02852	0.02094	0.02190	0.01693	0.02276	0.05338	0.01392	0.59898	0.03341	0.08681	0.01826	0.01809	0.01285	0.00887	0.00740	0.00222	0.00829	0.00665	0.00737	0.01244
106	0.00923	0.00671	0.00870	0.00994	0.01075	0.00619	0.00680	0.01088	0.01541	0.02057	0.13514	0.57944	0.10939	0.02172	0.00931	0.00287	0.00414	0.01954	0.00707	0.00619
107	0.01946	0.02097	0.05621	0.04035	0.54498	0.11088	0.05260	0.02378	0.01744	0.02338	0.01365	0.01767	0.01135	0.00675	0.00732	0.00219	0.00970	0.00643	0.00368	0.01122
108	0.03312	0.01293	0.01741	0.01335	0.01910	0.01135	0.01103	0.05907	0.02174	0.67434	0.02887	0.02500	0.01817	0.00918	0.00746	0.00229	0.00638	0.00744	0.00912	0.01263
109	0.01331	0.01638	0.14426	0.01359	0.01741	0.06368	0.01270	0.01873	0.07099	0.02458	0.22220	0.10957	0.09336	0.01467	0.00853	0.00260	0.00662	0.13236	0.00635	0.00809
110	0.01021	0.00791	0.00956	0.01034	0.01238	0.00726	0.00844	0.01278	0.01703	0.02131	0.08262	0.10582	0.36110	0.01958	0.00943	0.00291	0.00508	0.28278	0.00692	0.00653
111	0.01757	0.11847	0.16090	0.03080	0.21101	0.01959	0.28833	0.02326	0.01669	0.02302	0.01380	0.01770	0.01082	0.00651	0.00754	0.00227	0.01063	0.00694	0.00354	0.01060
112	0.02019	0.71269	0.03812	0.01298	0.01922	0.05902	0.01277	0.02255	0.01534	0.01750	0.01037	0.01197	0.00953	0.00641	0.00485	0.00160	0.00818	0.00400	0.00320	0.00949
113	0.00931	0.00657	0.00854	0.01000	0.01036	0.00621	0.00653	0.01041	0.01369	0.01826	0.03825	0.62981	0.04573	0.13230	0.01379	0.00365	0.00475	0.01953	0.00653	0.00580
114	0.01772	0.01982	0.09159	0.06504	0.46749	0.01781	0.16462	0.02293	0.01686	0.02389	0.01411	0.01855	0.01138	0.00660	0.00764	0.00229	0.00986	0.00699	0.00363	0.01118
115	0.02780	0.01290	0.01650	0.01346	0.01841	0.01234	0.01085	0.03473	0.17095	0.48412	0.02960	0.05785	0.02074	0.01213	0.03943	0.00282	0.00674	0.00831	0.00848	0.01186
116	0.01489	0.03840	0.70064	0.02116	0.03213	0.01724	0.02743	0.02351	0.01567	0.02351	0.01332	0.01567	0.00940	0.00705	0.00705	0.00235	0.01097	0.00549	0.00313	0.01097
117	0.03258	0.01247	0.01700	0.01309	0.01870	0.01079	0.01079	0.03548	0.02124	0.67673	0.05022	0.02623	0.02002	0.00938	0.00751	0.00230	0.00623	0.00765	0.00916	0.01246
118	0.02822	0.02079	0.02228	0.01708	0.02302	0.02302	0.01411	0.66804	0.03490	0.04679	0.01782	0.01782	0.01262	0.00891	0.00743	0.00223	0.00817	0.00668	0.00743	0.01262
119	0.01071	0.00716	0.00812	0.00820	0.00822	0.00714	0.00461	0.01077	0.01096	0.01461	0.02423	0.08139	0.02805	0.70485	0.03643	0.00700	0.00706	0.01129	0.00461	0.00457
120	0.01072	0.00716	0.00812	0.00820	0.00822	0.00714	0.00461	0.01078	0.01095	0.01460	0.02418	0.07938	0.02798	0.70695	0.03651	0.00701	0.00707	0.01126	0.00461	0.00457
121	0.07811	0.46006	0.03037	0.01362	0.01923	0.11218	0.01232	0.02620	0.09321	0.07223	0.01422	0.01496	0.01162	0.00720	0.00553	0.00184	0.00811	0.00486	0.00433	0.00980
122	0.02583	0.01601	0.04882	0.04379	0.04523	0.04444	0.01274	0.09745	0.13866	0.34596	0.05709	0.02656	0.04398	0.00961	0.00752	0.00233	0.00696	0.00785	0.00764	0.01153
123	0.01846	0.01595	0.01679	0.01511	0.01930	0.01846	0.01175	0.03945	0.67938	0.03105	0.03022	0.02770	0.02266	0.01007	0.00755	0.00252	0.00588	0.00839	0.00755	0.01175
124	0.03331	0.01263	0.01723	0.01321	0.01895	0.01091	0.01091	0.03618	0.02125	0.69794	0.02929	0.02527	0.01838	0.00919	0.00747	0.00230	0.00632	0.00747	0.00919	0.01263
125	0.02718	0.05179	0.02160	0.01597	0.02157	0.02108	0.01316	0.51250	0.06068	0.11398	0.01954	0.02018	0.01420	0.04135	0.00867	0.00244	0.00781	0.00691	0.00730	0.01208
126	0.01499	0.03767	0.67453	0.02156	0.03240	0.01730	0.05280	0.02352	0.01575	0.02352	0.01339	0.01585	0.00948	0.00702	0.00712	0.00236	0.01103	0.00562	0.00316	0.01093
127	0.03017	0.01236	0.01652	0.01289	0.01813	0.01096	0.01056	0.06194	0.02184	0.58319	0.11295	0.02878	0.02471	0.00994	0.00763	0.00230	0.00604	0.00819	0.00898	0.01192
128	0.02998	0.01463	0.07920	0.01366	0.01959	0.01121	0.01214	0.03343	0.02072	0.58822	0.07525	0.02656	0.02127	0.00942	0.00752	0.00230	0.00654	0.00771	0.00856	0.01208
129	0.01549	0.12342	0.62085	0.02014	0.03055	0.01870	0.02565	0.02336	0.01560	0.02278	0.01296	0.01522	0.00942	0.00697	0.00678	0.00226	0.01061	0.00530	0.00314	0.01080
130	0.79154	0.01436	0.01091	0.00976	0.01436	0.01665	0.00804	0.02182	0.01263	0.03331	0.01034	0.01206	0.00804	0.00689	0.00459	0.00230	0.00574	0.00402	0.00459	0.00804
131	0.00916	0.00661	0.00868	0.01011	0.01076	0.00613	0.00684	0.01068	0.01495	0.01997	0.10028	0.64208	0.08162	0.02232	0.00938	0.00293	0.00421	0.02016	0.00701	0.00613
132	0.01037	0.00754	0.00976	0.00930	0.01103	0.00693	0.00694	0.01370	0.02054	0.02888	0.63401	0.08582	0.09593	0.01569	0.00879	0.00237	0.00355	0.01386	0.00806	0.00693
133	0.01489	0.03840	0.70064	0.02116	0.03213	0.01724	0.02743	0.02351	0.01567	0.02351	0.01332	0.01567	0.00940	0.00705	0.00705	0.00235	0.01097	0.00549	0.00313	0.01097
134	0.00877	0.00752	0.00752	0.00752	0.01003	0.00627	0.00564	0.01065	0.01692	0.02005	0.07520	0.07144	0.68978	0.01880	0.00877	0.00251	0.00376	0.01567	0.00689	0.00627
135	0.01403	0.01298	0.02171	0.62999	0.07599	0.01585	0.01996	0.01882	0.01513	0.01948	0.01551	0.02532	0.01284	0.00853	0.00767	0.00254	0.00958	0.06217	0.00362	0.00828
136	0.01489	0.03840	0.70064	0.02116	0.03213	0.01724	0.02743	0.02351	0.01567	0.02351	0.01332	0.01567	0.00940	0.00705	0.00705	0.00235	0.01097	0.00549	0.00313	0.01097

[dist]
# distance from previous block
# <min> <max>
0	1

[block]
# block no. 2 follows, 27 sequences, length 12
# corresponding to MSA columns:
# 192-203
name=unknown_C
#
# <colnr> <probs for GDERKNQSTAVLIFYWHMCP>
#	G	D	E	R	K	N	Q	S	T	A	V	L	I	F	Y	W	H	M	C	P
0	0.01033	0.00769	0.01135	0.01165	0.01282	0.00871	0.00886	0.01275	0.01233	0.01753	0.02356	0.15254	0.02390	0.05000	0.58716	0.01037	0.01716	0.01025	0.00449	0.00652
1	0.05006	0.01465	0.11202	0.01249	0.01668	0.01159	0.01131	0.06976	0.08598	0.09330	0.34679	0.04023	0.08036	0.01229	0.00798	0.00235	0.00555	0.01041	0.00719	0.00901
2	0.07469	0.16600	0.52689	0.01874	0.02838	0.01942	0.02326	0.02315	0.01533	0.02314	0.01255	0.01471	0.00932	0.00691	0.00645	0.00221	0.01002	0.00510	0.00325	0.01048
3	0.01634	0.12642	0.54413	0.02145	0.06966	0.05178	0.02466	0.02360	0.01593	0.02253	0.01289	0.01525	0.00957	0.00697	0.00676	0.00222	0.01057	0.00533	0.00321	0.01072
4	0.05852	0.12387	0.18083	0.01642	0.02271	0.13546	0.01582	0.11443	0.10928	0.08909	0.05054	0.01939	0.01546	0.00831	0.00680	0.00217	0.00884	0.00622	0.00531	0.01052
5	0.02455	0.09192	0.06250	0.01597	0.02159	0.02146	0.01377	0.49125	0.02922	0.03903	0.01822	0.05108	0.01474	0.05958	0.00933	0.00255	0.00807	0.00727	0.00652	0.01137
6	0.06909	0.18622	0.02303	0.01410	0.01960	0.02116	0.01200	0.28966	0.11148	0.03346	0.01854	0.01895	0.02963	0.00827	0.00641	0.00200	0.00709	0.00614	0.04171	0.08148
7	0.09622	0.07716	0.31779	0.01938	0.07067	0.01742	0.04151	0.06401	0.05776	0.12226	0.01648	0.01760	0.01183	0.00748	0.00679	0.00225	0.00884	0.00592	0.00476	0.03386
8	0.28727	0.06063	0.09845	0.15451	0.04134	0.01673	0.04413	0.02232	0.07446	0.02615	0.01536	0.06003	0.01287	0.00816	0.00632	0.00230	0.00761	0.00643	0.00442	0.05050
9	0.01967	0.02129	0.20440	0.01673	0.02330	0.01559	0.05474	0.15125	0.08976	0.11251	0.10828	0.02602	0.02177	0.00928	0.00752	0.00227	0.00785	0.02605	0.00610	0.07563
10	0.02203	0.01606	0.01852	0.01586	0.05266	0.01681	0.01210	0.36058	0.02652	0.07672	0.08399	0.07944	0.06762	0.01093	0.00807	0.00224	0.02657	0.00882	0.00692	0.08754
11	0.01696	0.05953	0.26853	0.02105	0.06646	0.01628	0.12641	0.02404	0.07632	0.08004	0.02156	0.06716	0.03760	0.00973	0.00828	0.00248	0.03181	0.05078	0.00477	0.01019

[dist]
# distance from previous block
# <min> <max>
3	36

[block]
# block no. 3 follows, 27 sequences, length 21
# corresponding to MSA columns:
# 245-265
name=unknown_D
#
# <colnr> <probs for GDERKNQSTAVLIFYWHMCP>
#	G	D	E	R	K	N	Q	S	T	A	V	L	I	F	Y	W	H	M	C	P
0	0.01762	0.14726	0.05080	0.01218	0.01658	0.03852	0.01050	0.06065	0.01885	0.11482	0.19520	0.08437	0.05695	0.01294	0.03562	0.00247	0.00667	0.00915	0.00617	0.10269
1	0.06237	0.05352	0.43142	0.02146	0.09735	0.05977	0.02206	0.02450	0.07611	0.02417	0.01748	0.01922	0.04315	0.00784	0.00697	0.00230	0.00968	0.00617	0.00390	0.01054
2	0.01990	0.59243	0.07632	0.01658	0.08109	0.06936	0.01459	0.02281	0.01565	0.01848	0.01090	0.01281	0.00972	0.00650	0.00525	0.00171	0.00853	0.00435	0.00326	0.00976
3	0.06456	0.23751	0.37115	0.01656	0.02471	0.01950	0.01933	0.02278	0.01606	0.05501	0.07422	0.01842	0.01528	0.00768	0.00641	0.00212	0.00887	0.00577	0.00398	0.01009
4	0.01551	0.15401	0.56709	0.01938	0.02922	0.01886	0.02428	0.02284	0.01553	0.02235	0.01378	0.03999	0.01080	0.00750	0.00676	0.00225	0.01024	0.00578	0.00327	0.01056
5	0.01066	0.00773	0.01082	0.01082	0.01176	0.00867	0.00789	0.01254	0.01160	0.01641	0.02090	0.03480	0.02101	0.25414	0.51457	0.01056	0.01620	0.00878	0.00413	0.00601
6	0.02872	0.09796	0.08290	0.01394	0.02012	0.01427	0.01266	0.07806	0.02085	0.48418	0.02670	0.02420	0.04329	0.00904	0.00717	0.00223	0.00696	0.00716	0.00773	0.01187
7	0.01539	0.01400	0.02229	0.62986	0.04734	0.01733	0.01986	0.07771	0.01652	0.02144	0.01348	0.01947	0.01014	0.00778	0.00809	0.00248	0.03790	0.00660	0.00367	0.00864
8	0.00963	0.00757	0.00885	0.00962	0.01152	0.00679	0.00747	0.01178	0.01643	0.02038	0.05949	0.20427	0.40201	0.02010	0.00928	0.00283	0.00464	0.17410	0.00688	0.00636
9	0.01158	0.00787	0.01073	0.01215	0.01344	0.00766	0.00970	0.01403	0.01585	0.04336	0.03862	0.31035	0.04326	0.06261	0.01147	0.00346	0.00594	0.36452	0.00680	0.00661
10	0.02873	0.01803	0.02036	0.01577	0.02142	0.01910	0.01296	0.47320	0.03041	0.21713	0.02184	0.05069	0.01571	0.00960	0.00753	0.00228	0.00751	0.00751	0.00787	0.01234
11	0.01425	0.01341	0.02235	0.59206	0.12962	0.01601	0.01997	0.01894	0.01523	0.01970	0.01710	0.02279	0.05193	0.00802	0.00750	0.00244	0.00938	0.00716	0.00357	0.00857
12	0.01003	0.00726	0.00942	0.01079	0.01179	0.00690	0.00801	0.01189	0.01505	0.01962	0.04275	0.40677	0.11792	0.08688	0.01219	0.00345	0.00525	0.20123	0.00666	0.00615
13	0.02311	0.46023	0.07384	0.01435	0.02048	0.13445	0.01358	0.02589	0.01713	0.13484	0.01395	0.01468	0.01104	0.00709	0.00568	0.00181	0.00872	0.00480	0.00431	0.01000
14	0.01489	0.03840	0.70064	0.02116	0.03213	0.01724	0.02743	0.02351	0.01567	0.02351	0.01332	0.01567	0.00940	0.00705	0.00705	0.00235	0.01097	0.00549	0.00313	0.01097
15	0.00904	0.00646	0.00861	0.01034	0.01077	0.00603	0.00689	0.01034	0.01421	0.01895	0.04092	0.73426	0.04910	0.02326	0.00948	0.00301	0.00431	0.02110	0.00689	0.00603
16	0.01489	0.03840	0.70064	0.02116	0.03213	0.01724	0.02743	0.02351	0.01567	0.02351	0.01332	0.01567	0.00940	0.00705	0.00705	0.00235	0.01097	0.00549	0.00313	0.01097
17	0.01720	0.01613	0.02702	0.04017	0.58394	0.01608	0.02076	0.02138	0.01693	0.02383	0.01965	0.02830	0.04595	0.00876	0.00775	0.00236	0.00836	0.08029	0.00418	0.01094
18	0.01587	0.03569	0.61349	0.02175	0.03220	0.01712	0.08458	0.02405	0.01607	0.05083	0.01412	0.01646	0.00994	0.00707	0.00722	0.00236	0.01092	0.00586	0.00344	0.01095
19	0.01489	0.03840	0.70064	0.02116	0.03213	0.01724	0.02743	0.02351	0.01567	0.02351	0.01332	0.01567	0.00940	0.00705	0.00705	0.00235	0.01097	0.00549	0.00313	0.01097
20	0.01215	0.02185	0.33474	0.04192	0.02258	0.01184	0.01736	0.01715	0.01509	0.02129	0.02682	0.33128	0.02860	0.01489	0.00831	0.00271	0.00780	0.05015	0.00499	0.00848

[dist]
# distance from previous block
# <min> <max>
1	4

[block]
# block no. 4 follows, 27 sequences, length 7
# corresponding to MSA columns:
# 270-276
name=unknown_E
#
# <colnr> <probs for GDERKNQSTAVLIFYWHMCP>
#	G	D	E	R	K	N	Q	S	T	A	V	L	I	F	Y	W	H	M	C	P
0	0.05057	0.07233	0.50741	0.01962	0.02916	0.01770	0.04774	0.06195	0.01721	0.08725	0.01483	0.01649	0.01044	0.00728	0.00695	0.00230	0.01005	0.00572	0.00403	0.01098
1	0.04452	0.16590	0.02269	0.01655	0.05590	0.20406	0.01286	0.14711	0.02074	0.05273	0.01885	0.02197	0.05026	0.01079	0.03471	0.00246	0.02905	0.02940	0.04995	0.00950
2	0.33666	0.06438	0.14957	0.01451	0.02075	0.01633	0.05899	0.02544	0.04033	0.15718	0.04003	0.01798	0.01338	0.00770	0.00618	0.00229	0.00740	0.00580	0.00529	0.00982
3	0.04855	0.24252	0.18960	0.01654	0.02296	0.18499	0.01643	0.06485	0.01827	0.05841	0.01485	0.01932	0.01246	0.00816	0.00647	0.00208	0.00974	0.04982	0.00422	0.00978
4	0.06126	0.16988	0.18781	0.01793	0.04862	0.08532	0.06592	0.10464	0.01905	0.02578	0.08768	0.05895	0.01875	0.00889	0.00693	0.00218	0.00881	0.00719	0.00466	0.00976
5	0.04181	0.06028	0.09962	0.11891	0.02606	0.01784	0.06082	0.20450	0.02120	0.05375	0.06119	0.06207	0.04476	0.01000	0.00878	0.00240	0.06495	0.00805	0.02315	0.00984
6	0.08979	0.17228	0.26031	0.01814	0.06033	0.05714	0.01792	0.08747	0.01761	0.06203	0.01505	0.05401	0.01241	0.00831	0.00723	0.00221	0.03706	0.00618	0.00431	0.01020

[dist]
# distance from previous block
# <min> <max>
65	218

[block]
# block no. 5 follows, 27 sequences, length 22
# corresponding to MSA columns:
# 524-545
name=unknown_F
#
# <colnr> <probs for GDERKNQSTAVLIFYWHMCP>
#	G	D	E	R	K	N	Q	S	T	A	V	L	I	F	Y	W	H	M	C	P
0	0.01995	0.03659	0.04300	0.01820	0.10689	0.01622	0.01314	0.14170	0.21277	0.08877	0.08281	0.04950	0.02203	0.00948	0.00732	0.00220	0.00662	0.00795	0.00653	0.10834
1	0.02188	0.02024	0.04843	0.01868	0.02473	0.07707	0.14140	0.28049	0.06167	0.03276	0.01733	0.04656	0.01370	0.00822	0.00734	0.00210	0.00878	0.00713	0.00566	0.15580
2	0.01927	0.02133	0.17231	0.05042	0.21780	0.03940	0.05596	0.07098	0.06265	0.09878	0.07427	0.02213	0.01751	0.00811	0.00743	0.00226	0.00861	0.00714	0.00508	0.03854
3	0.01708	0.01314	0.01582	0.05248	0.01948	0.01112	0.00991	0.04292	0.06064	0.08298	0.01771	0.06499	0.01492	0.00752	0.00624	0.00154	0.00586	0.00624	0.00523	0.54417
4	0.08696	0.04116	0.15115	0.04946	0.14433	0.01591	0.05548	0.09564	0.01848	0.06670	0.04214	0.02361	0.04347	0.00842	0.00709	0.00220	0.00810	0.03375	0.00490	0.10105
5	0.01480	0.01089	0.01149	0.01037	0.01241	0.03782	0.00715	0.05670	0.09041	0.05901	0.05709	0.04167	0.08179	0.39924	0.02365	0.00486	0.00673	0.00995	0.00562	0.05834
6	0.02226	0.49058	0.09449	0.01408	0.02072	0.02497	0.01398	0.10366	0.01841	0.11430	0.01410	0.01480	0.01110	0.00712	0.00567	0.00183	0.00802	0.00492	0.00451	0.01046
7	0.10832	0.02049	0.07839	0.10377	0.06371	0.05501	0.01551	0.29895	0.12301	0.03482	0.01735	0.01852	0.01280	0.00833	0.00706	0.00230	0.00831	0.00643	0.00587	0.01106
8	0.02079	0.01957	0.04075	0.07803	0.05737	0.13369	0.03143	0.23920	0.07718	0.02967	0.02280	0.09846	0.05519	0.01310	0.04633	0.00286	0.00923	0.00864	0.00578	0.00994
9	0.01793	0.01869	0.06807	0.07180	0.54907	0.01768	0.06496	0.02357	0.05055	0.02429	0.01479	0.01887	0.01207	0.00683	0.00744	0.00226	0.00908	0.00678	0.00383	0.01144
10	0.03331	0.01263	0.01723	0.01321	0.01895	0.01091	0.01091	0.03618	0.02125	0.69794	0.02929	0.02527	0.01838	0.00919	0.00747	0.00230	0.00632	0.00747	0.00919	0.01263
11	0.01080	0.00720	0.00810	0.00810	0.00810	0.00720	0.00450	0.01080	0.01080	0.01439	0.02339	0.04858	0.02699	0.73910	0.03779	0.00720	0.00720	0.01080	0.00450	0.00450
12	0.01829	0.01579	0.01671	0.01487	0.01921	0.01797	0.01158	0.03825	0.64118	0.03066	0.02924	0.02699	0.02199	0.00981	0.00744	0.00244	0.00585	0.00816	0.00737	0.05620
13	0.74874	0.01568	0.04892	0.01039	0.01534	0.01669	0.00911	0.02192	0.01280	0.03277	0.01050	0.01226	0.00811	0.00690	0.00473	0.00230	0.00603	0.00410	0.00451	0.00820
14	0.02706	0.01993	0.02145	0.01667	0.02228	0.02199	0.01367	0.62821	0.03365	0.04510	0.01922	0.06121	0.01483	0.00978	0.00755	0.00228	0.00794	0.00756	0.00739	0.01223
15	0.00877	0.00752	0.00752	0.00752	0.01003	0.00627	0.00564	0.01065	0.01692	0.02005	0.07520	0.07144	0.68978	0.01880	0.00877	0.00251	0.00376	0.01567	0.00689	0.00627
16	0.00992	0.00757	0.00910	0.00872	0.01073	0.00675	0.00654	0.01287	0.01962	0.02646	0.47987	0.06090	0.28112	0.01641	0.00876	0.00239	0.00359	0.01419	0.00774	0.00675
17	0.01489	0.03840	0.70064	0.02116	0.03213	0.01724	0.02743	0.02351	0.01567	0.02351	0.01332	0.01567	0.00940	0.00705	0.00705	0.00235	0.01097	0.00549	0.00313	0.01097
18	0.01547	0.01519	0.02258	0.26192	0.03042	0.02058	0.01775	0.01825	0.01257	0.01825	0.01094	0.01747	0.00980	0.01107	0.01851	0.00298	0.47830	0.00653	0.00327	0.00816
19	0.02572	0.06138	0.01887	0.01445	0.01949	0.11823	0.01162	0.06150	0.18994	0.28968	0.04503	0.02328	0.01852	0.00895	0.00712	0.00217	0.00729	0.00704	0.00718	0.06254
20	0.08308	0.09014	0.12272	0.03616	0.02201	0.01964	0.03283	0.07609	0.01526	0.02335	0.01226	0.01633	0.01045	0.01178	0.05153	0.00298	0.26865	0.00582	0.00389	0.09504
21	0.02437	0.12706	0.02126	0.01608	0.02019	0.45180	0.01258	0.02648	0.01977	0.07662	0.04374	0.02224	0.08941	0.00913	0.00680	0.00198	0.01060	0.00643	0.00469	0.00876

[dist]
# distance from previous block
# <min> <max>
8	17

[block]
# block no. 6 follows, 27 sequences, length 15
# corresponding to MSA columns:
# 563-577
name=unknown_G
#
# <colnr> <probs for GDERKNQSTAVLIFYWHMCP>
#	G	D	E	R	K	N	Q	S	T	A	V	L	I	F	Y	W	H	M	C	P
0	0.07188	0.02046	0.02023	0.01606	0.02139	0.09505	0.01300	0.44838	0.05199	0.10974	0.01855	0.01929	0.01352	0.03626	0.00834	0.00240	0.00828	0.00662	0.00695	0.01159
1	0.01792	0.01830	0.03473	0.12392	0.03591	0.01812	0.41303	0.09223	0.01859	0.02544	0.01469	0.01913	0.01114	0.00686	0.00862	0.00235	0.03559	0.00769	0.00414	0.09158
2	0.02285	0.01601	0.01824	0.01371	0.01975	0.01528	0.01118	0.28555	0.02434	0.12415	0.04231	0.01920	0.01484	0.00774	0.00667	0.00177	0.00662	0.00608	0.00642	0.33730
3	0.02530	0.01911	0.02187	0.01945	0.09453	0.02077	0.01432	0.51374	0.05182	0.04109	0.01826	0.04179	0.01401	0.00961	0.00812	0.02749	0.00790	0.00712	0.00677	0.03693
4	0.01837	0.01764	0.03013	0.04557	0.69279	0.01764	0.02278	0.02278	0.01690	0.02425	0.01396	0.01837	0.01176	0.00661	0.00735	0.00220	0.00882	0.00661	0.00367	0.01176
5	0.01573	0.01349	0.01554	0.01144	0.01778	0.01083	0.00912	0.02094	0.08740	0.02493	0.01504	0.01673	0.01226	0.00599	0.00572	0.00125	0.00554	0.00483	0.00474	0.70068
6	0.01038	0.00749	0.00981	0.00942	0.01106	0.00692	0.00700	0.01370	0.02044	0.02886	0.63412	0.11281	0.06828	0.01586	0.00882	0.00239	0.00357	0.01407	0.00806	0.00692
7	0.02822	0.02079	0.02228	0.01708	0.02302	0.02302	0.01411	0.66804	0.03490	0.04679	0.01782	0.01782	0.01262	0.00891	0.00743	0.00223	0.00817	0.00668	0.00743	0.01262
8	0.01402	0.01319	0.02227	0.72126	0.05113	0.01649	0.02062	0.01897	0.01484	0.01897	0.01319	0.01979	0.00990	0.00742	0.00742	0.00247	0.00990	0.00660	0.00330	0.00825
9	0.01080	0.00720	0.00810	0.00810	0.00810	0.00720	0.00450	0.01080	0.01080	0.01439	0.02339	0.04858	0.02699	0.73910	0.03779	0.00720	0.00720	0.01080	0.00450	0.00450
10	0.01760	0.01673	0.02842	0.11572	0.59191	0.01708	0.02203	0.02202	0.01669	0.02359	0.01511	0.02169	0.01306	0.00737	0.00750	0.00229	0.00884	0.03742	0.00379	0.01115
11	0.01621	0.00936	0.01301	0.01358	0.01609	0.00902	0.01175	0.01952	0.01792	0.15670	0.03731	0.07210	0.03788	0.01825	0.00970	0.00319	0.00673	0.51638	0.00730	0.00799
12	0.01720	0.01917	0.04073	0.10482	0.07845	0.01847	0.56014	0.02321	0.01720	0.02330	0.01476	0.01990	0.01115	0.00640	0.00854	0.00248	0.01202	0.00841	0.00370	0.00993
13	0.01448	0.01366	0.02310	0.65007	0.11873	0.01661	0.02085	0.01937	0.01506	0.01952	0.01328	0.01964	0.01009	0.00734	0.00741	0.00245	0.00978	0.00660	0.00334	0.00862
14	0.01602	0.01496	0.02516	0.29993	0.37449	0.01622	0.02078	0.02052	0.01614	0.02202	0.01642	0.02600	0.01441	0.00843	0.00769	0.00244	0.00902	0.07560	0.00387	0.00988

[dist]
# distance from previous block
# <min> <max>
0	2

# created by:
# /st0/software/busco_prod/Augustus/scripts/msa2prfl.pl ./align_prep/126919.fa
