[name]
unknown

[dist]
# distance from previous block
# <min> <max>
0	8

[block]
# block no. 0 follows, 27 sequences, length 8
# corresponding to MSA columns:
# 13-20
name=unknown_A
#
# <colnr> <probs for GDERKNQSTAVLIFYWHMCP>
#	G	D	E	R	K	N	Q	S	T	A	V	L	I	F	Y	W	H	M	C	P
0	0.01739	0.01076	0.01340	0.01259	0.01554	0.01081	0.00995	0.05265	0.14484	0.16067	0.15423	0.17451	0.03889	0.01527	0.00863	0.00269	0.00553	0.13484	0.00772	0.00907
1	0.04842	0.02082	0.11335	0.01834	0.09207	0.15856	0.01438	0.04558	0.05643	0.15844	0.11958	0.07741	0.02423	0.01019	0.00748	0.00228	0.00816	0.00834	0.00600	0.00993
2	0.01635	0.01528	0.02536	0.13916	0.47220	0.01553	0.01963	0.02037	0.01617	0.02277	0.01733	0.11199	0.01632	0.00885	0.00754	0.00229	0.00821	0.00839	0.00408	0.05218
3	0.00953	0.00678	0.00887	0.00992	0.01061	0.00635	0.00671	0.01121	0.01547	0.02103	0.18736	0.52070	0.05199	0.08257	0.01173	0.00322	0.00437	0.01847	0.00698	0.00612
4	0.01479	0.01339	0.02311	0.39764	0.12488	0.01497	0.10296	0.01944	0.01555	0.02164	0.01655	0.05454	0.01358	0.00810	0.00734	0.00235	0.00884	0.00762	0.12408	0.00863
5	0.01384	0.00692	0.00692	0.00692	0.00865	0.00692	0.00519	0.01730	0.01557	0.02768	0.02422	0.02768	0.01903	0.00865	0.00519	0.00173	0.00346	0.00692	0.78031	0.00692
6	0.01613	0.01769	0.03708	0.02733	0.03329	0.01704	0.52449	0.02134	0.01664	0.02267	0.01872	0.13056	0.01704	0.00930	0.00981	0.00263	0.05421	0.01054	0.00421	0.00928
7	0.01347	0.01233	0.02035	0.61085	0.04492	0.01502	0.01851	0.01820	0.01580	0.02064	0.11798	0.02532	0.01922	0.00862	0.00763	0.00245	0.00890	0.00766	0.00405	0.00805

[dist]
# distance from previous block
# <min> <max>
0	8

[block]
# block no. 1 follows, 27 sequences, length 8
# corresponding to MSA columns:
# 29-36
name=unknown_B
#
# <colnr> <probs for GDERKNQSTAVLIFYWHMCP>
#	G	D	E	R	K	N	Q	S	T	A	V	L	I	F	Y	W	H	M	C	P
0	0.01099	0.00929	0.00977	0.00959	0.01236	0.00890	0.00743	0.01680	0.14834	0.02243	0.06298	0.06390	0.49804	0.01723	0.00867	0.00259	0.00446	0.07181	0.00702	0.00741
1	0.64004	0.01853	0.01292	0.01162	0.01606	0.15404	0.00929	0.02337	0.01430	0.03030	0.01056	0.01232	0.00834	0.00704	0.00501	0.00222	0.00726	0.00417	0.00444	0.00815
2	0.01384	0.00692	0.00692	0.00692	0.00865	0.00692	0.00519	0.01730	0.01557	0.02768	0.02422	0.02768	0.01903	0.00865	0.00519	0.00173	0.00346	0.00692	0.78031	0.00692
3	0.02109	0.20488	0.07526	0.01595	0.02028	0.34856	0.01347	0.02351	0.01780	0.01856	0.01717	0.15618	0.01738	0.01038	0.00680	0.00208	0.01005	0.00787	0.00422	0.00850
4	0.06093	0.01157	0.01471	0.01187	0.01607	0.01067	0.00931	0.05948	0.01943	0.43885	0.08726	0.03170	0.02408	0.15440	0.01347	0.00327	0.00630	0.00848	0.00787	0.01029
5	0.01703	0.01440	0.01564	0.01419	0.01821	0.04679	0.01153	0.07576	0.26174	0.02755	0.02781	0.04118	0.02517	0.01219	0.00793	0.00246	0.00663	0.20383	0.00652	0.16342
6	0.01080	0.00720	0.00810	0.00810	0.00810	0.00720	0.00450	0.01080	0.01080	0.01439	0.02339	0.04858	0.02699	0.73910	0.03779	0.00720	0.00720	0.01080	0.00450	0.00450
7	0.02256	0.01798	0.01909	0.01594	0.02087	0.02038	0.01274	0.30349	0.40866	0.03766	0.02501	0.02355	0.01845	0.00958	0.00750	0.00240	0.00684	0.00768	0.00750	0.01212

[dist]
# distance from previous block
# <min> <max>
0	2

[block]
# block no. 2 follows, 27 sequences, length 14
# corresponding to MSA columns:
# 39-49,53-55
name=unknown_C
#
# <colnr> <probs for GDERKNQSTAVLIFYWHMCP>
#	G	D	E	R	K	N	Q	S	T	A	V	L	I	F	Y	W	H	M	C	P
0	0.02065	0.19663	0.31491	0.01630	0.02450	0.01790	0.01822	0.02591	0.01689	0.18859	0.01654	0.01713	0.01179	0.00728	0.00648	0.00205	0.00862	0.00552	0.00475	0.07935
1	0.02285	0.51797	0.07597	0.01337	0.01987	0.02404	0.01320	0.02575	0.01664	0.18579	0.01519	0.01545	0.01170	0.00710	0.00558	0.00181	0.00773	0.00493	0.00466	0.01039
2	0.02022	0.50023	0.03183	0.01387	0.01947	0.08790	0.01262	0.02715	0.17957	0.02088	0.01533	0.01594	0.01277	0.00739	0.00563	0.00185	0.00792	0.00513	0.00431	0.00999
3	0.21624	0.03019	0.01854	0.01681	0.02083	0.53836	0.01279	0.02771	0.01896	0.02190	0.01119	0.01306	0.00919	0.00746	0.00618	0.00201	0.01150	0.00459	0.00401	0.00847
4	0.01434	0.01181	0.01389	0.01132	0.01604	0.00989	0.00867	0.04315	0.05840	0.02407	0.02210	0.21430	0.02230	0.01082	0.00680	0.00176	0.00530	0.00935	0.00541	0.49028
5	0.01503	0.17273	0.34156	0.01735	0.02483	0.01731	0.07188	0.02093	0.01702	0.02385	0.17958	0.02508	0.02455	0.00885	0.00715	0.00220	0.00864	0.00741	0.00444	0.00962
6	0.52894	0.08731	0.18371	0.01285	0.01917	0.01797	0.01325	0.02228	0.01361	0.02943	0.01107	0.01294	0.00851	0.00688	0.00522	0.00225	0.00723	0.00438	0.00410	0.00890
7	0.02342	0.01752	0.01864	0.01472	0.01981	0.01889	0.01202	0.50580	0.03047	0.04019	0.03198	0.03106	0.17974	0.01135	0.00776	0.00230	0.00708	0.00890	0.00729	0.01106
8	0.01384	0.00692	0.00692	0.00692	0.00865	0.00692	0.00519	0.01730	0.01557	0.02768	0.02422	0.02768	0.01903	0.00865	0.00519	0.00173	0.00346	0.00692	0.78031	0.00692
9	0.20785	0.01607	0.02488	0.12483	0.02897	0.01722	0.23179	0.02541	0.15776	0.02728	0.05257	0.02154	0.01582	0.00788	0.00727	0.00244	0.00855	0.00743	0.00494	0.00947
10	0.01027	0.00740	0.01016	0.01059	0.01136	0.00796	0.00750	0.01193	0.01221	0.01695	0.02594	0.20799	0.02819	0.21715	0.37026	0.00856	0.01289	0.01190	0.00483	0.00595
11	0.01624	0.01624	0.02274	0.01949	0.01949	0.02274	0.01624	0.01787	0.01137	0.01787	0.00975	0.01624	0.00975	0.01299	0.02436	0.00325	0.72552	0.00650	0.00325	0.00812
12	0.02039	0.31408	0.09311	0.01217	0.01774	0.01811	0.01183	0.02381	0.01652	0.15774	0.01798	0.01901	0.01370	0.00753	0.00567	0.00182	0.00672	0.00557	0.19622	0.04027
13	0.02901	0.01952	0.02149	0.01648	0.02239	0.02113	0.01361	0.56935	0.03277	0.14849	0.01961	0.01899	0.01352	0.00895	0.00743	0.00224	0.00788	0.00681	0.00770	0.01263

[dist]
# distance from previous block
# <min> <max>
0	15

[block]
# block no. 3 follows, 27 sequences, length 46
# corresponding to MSA columns:
# 71-116
name=unknown_D
#
# <colnr> <probs for GDERKNQSTAVLIFYWHMCP>
#	G	D	E	R	K	N	Q	S	T	A	V	L	I	F	Y	W	H	M	C	P
0	0.01539	0.01319	0.01539	0.01100	0.01759	0.00990	0.00880	0.01869	0.01539	0.02419	0.01319	0.01539	0.01100	0.00550	0.00550	0.00110	0.00550	0.00440	0.00440	0.78449
1	0.00958	0.00761	0.00879	0.04873	0.01221	0.00702	0.00658	0.01130	0.01551	0.01938	0.09298	0.17490	0.38966	0.14614	0.01395	0.00341	0.00479	0.01507	0.00634	0.00607
2	0.01080	0.00720	0.00810	0.00810	0.00810	0.00720	0.00450	0.01080	0.01080	0.01439	0.02339	0.04858	0.02699	0.73910	0.03779	0.00720	0.00720	0.01080	0.00450	0.00450
3	0.01624	0.01624	0.02274	0.01949	0.01949	0.02274	0.01624	0.01787	0.01137	0.01787	0.00975	0.01624	0.00975	0.01299	0.02436	0.00325	0.72552	0.00650	0.00325	0.00812
4	0.01985	0.74357	0.03890	0.01270	0.01905	0.02937	0.01270	0.02223	0.01508	0.01747	0.01032	0.01191	0.00953	0.00635	0.00476	0.00159	0.00794	0.00397	0.00318	0.00953
5	0.79154	0.01436	0.01091	0.00976	0.01436	0.01665	0.00804	0.02182	0.01263	0.03331	0.01034	0.01206	0.00804	0.00689	0.00459	0.00230	0.00574	0.00402	0.00459	0.00804
6	0.01217	0.00923	0.01176	0.01278	0.01492	0.00931	0.01085	0.01738	0.09445	0.02288	0.04441	0.07508	0.15156	0.01899	0.00968	0.00316	0.00620	0.46093	0.00693	0.00731
7	0.01815	0.01741	0.02972	0.08074	0.65939	0.01758	0.02267	0.02258	0.01680	0.02398	0.01392	0.01845	0.01166	0.00666	0.00735	0.00222	0.00888	0.00661	0.00366	0.01158
8	0.01624	0.03501	0.59362	0.02172	0.03203	0.01702	0.09126	0.02429	0.01619	0.06335	0.01444	0.01668	0.01012	0.00710	0.00725	0.00236	0.01085	0.00594	0.00355	0.01097
9	0.01289	0.00645	0.00967	0.00967	0.00967	0.00645	0.00645	0.00967	0.00967	0.01289	0.01289	0.02257	0.01289	0.02579	0.02901	0.78401	0.00645	0.00645	0.00322	0.00322
10	0.02822	0.02079	0.02228	0.01708	0.02302	0.02302	0.01411	0.66804	0.03490	0.04679	0.01782	0.01782	0.01262	0.00891	0.00743	0.00223	0.00817	0.00668	0.00743	0.01262
11	0.01384	0.00692	0.00692	0.00692	0.00865	0.00692	0.00519	0.01730	0.01557	0.02768	0.02422	0.02768	0.01903	0.00865	0.00519	0.00173	0.00346	0.00692	0.78031	0.00692
12	0.01384	0.00692	0.00692	0.00692	0.00865	0.00692	0.00519	0.01730	0.01557	0.02768	0.02422	0.02768	0.01903	0.00865	0.00519	0.00173	0.00346	0.00692	0.78031	0.00692
13	0.01837	0.01764	0.03013	0.04557	0.69279	0.01764	0.02278	0.02278	0.01690	0.02425	0.01396	0.01837	0.01176	0.00661	0.00735	0.00220	0.00882	0.00661	0.00367	0.01176
14	0.01804	0.01796	0.03262	0.06700	0.53713	0.01783	0.15305	0.02285	0.01695	0.02397	0.01415	0.01876	0.01159	0.00657	0.00764	0.00227	0.00961	0.00705	0.00368	0.01128
15	0.01530	0.01450	0.02457	0.52330	0.23912	0.01683	0.02125	0.02009	0.01545	0.02052	0.01342	0.01938	0.01044	0.00719	0.00740	0.00240	0.00958	0.00660	0.00341	0.00928
16	0.02822	0.02079	0.02228	0.01708	0.02302	0.02302	0.01411	0.66804	0.03490	0.04679	0.01782	0.01782	0.01262	0.00891	0.00743	0.00223	0.00817	0.00668	0.00743	0.01262
17	0.01595	0.01581	0.02218	0.01910	0.01917	0.02204	0.01588	0.01763	0.01140	0.01783	0.01027	0.01691	0.01020	0.01522	0.06004	0.00370	0.68878	0.00657	0.00329	0.00804
18	0.01985	0.74357	0.03890	0.01270	0.01905	0.02937	0.01270	0.02223	0.01508	0.01747	0.01032	0.01191	0.00953	0.00635	0.00476	0.00159	0.00794	0.00397	0.00318	0.00953
19	0.01080	0.00720	0.00810	0.00810	0.00810	0.00720	0.00450	0.01080	0.01080	0.01439	0.02339	0.04858	0.02699	0.73910	0.03779	0.00720	0.00720	0.01080	0.00450	0.00450
20	0.02674	0.02006	0.02145	0.01678	0.02246	0.02233	0.01375	0.57298	0.13237	0.04441	0.01970	0.01932	0.01414	0.00909	0.00745	0.00227	0.00782	0.00694	0.00745	0.01249
21	0.00945	0.00866	0.05632	0.01108	0.01224	0.00680	0.00831	0.01124	0.01431	0.01927	0.03901	0.68472	0.04636	0.02214	0.00931	0.00297	0.00477	0.02003	0.00663	0.00637
22	0.01080	0.00720	0.00810	0.00810	0.00810	0.00720	0.00450	0.01080	0.01080	0.01439	0.02339	0.04858	0.02699	0.73910	0.03779	0.00720	0.00720	0.01080	0.00450	0.00450
23	0.00921	0.00658	0.00880	0.01053	0.01103	0.00617	0.00718	0.01062	0.01438	0.01914	0.04083	0.69732	0.04874	0.02310	0.00952	0.00304	0.00445	0.05641	0.00689	0.00608
24	0.06944	0.07490	0.55555	0.02024	0.03015	0.01778	0.06243	0.02373	0.01571	0.04478	0.01354	0.01576	0.00971	0.00702	0.00687	0.00231	0.01039	0.00555	0.00346	0.01068
25	0.00880	0.00743	0.00761	0.00775	0.01009	0.00625	0.00574	0.01063	0.01670	0.01996	0.07240	0.12574	0.63730	0.01917	0.00883	0.00255	0.00381	0.01611	0.00689	0.00625
26	0.01548	0.01455	0.04825	0.01279	0.04398	0.01054	0.01021	0.01908	0.01546	0.02416	0.01323	0.01552	0.01095	0.00561	0.00564	0.00120	0.00588	0.00453	0.00431	0.71862
27	0.79154	0.01436	0.01091	0.00976	0.01436	0.01665	0.00804	0.02182	0.01263	0.03331	0.01034	0.01206	0.00804	0.00689	0.00459	0.00230	0.00574	0.00402	0.00459	0.00804
28	0.01384	0.00692	0.00692	0.00692	0.00865	0.00692	0.00519	0.01730	0.01557	0.02768	0.02422	0.02768	0.01903	0.00865	0.00519	0.00173	0.00346	0.00692	0.78031	0.00692
29	0.01837	0.01764	0.03013	0.04557	0.69279	0.01764	0.02278	0.02278	0.01690	0.02425	0.01396	0.01837	0.01176	0.00661	0.00735	0.00220	0.00882	0.00661	0.00367	0.01176
30	0.01846	0.01605	0.01757	0.01691	0.05906	0.01842	0.01240	0.03846	0.64028	0.03065	0.02926	0.02715	0.02202	0.00987	0.00754	0.00250	0.00605	0.00829	0.00732	0.01175
31	0.79154	0.01436	0.01091	0.00976	0.01436	0.01665	0.00804	0.02182	0.01263	0.03331	0.01034	0.01206	0.00804	0.00689	0.00459	0.00230	0.00574	0.00402	0.00459	0.00804
32	0.01837	0.01764	0.03013	0.04557	0.69279	0.01764	0.02278	0.02278	0.01690	0.02425	0.01396	0.01837	0.01176	0.00661	0.00735	0.00220	0.00882	0.00661	0.00367	0.01176
33	0.01624	0.01624	0.02274	0.01949	0.01949	0.02274	0.01624	0.01787	0.01137	0.01787	0.00975	0.01624	0.00975	0.01299	0.02436	0.00325	0.72552	0.00650	0.00325	0.00812
34	0.01846	0.01595	0.01679	0.01511	0.01930	0.01846	0.01175	0.03945	0.67938	0.03105	0.03022	0.02770	0.02266	0.01007	0.00755	0.00252	0.00588	0.00839	0.00755	0.01175
35	0.01934	0.01581	0.01682	0.01489	0.01920	0.01800	0.01165	0.07406	0.59291	0.06028	0.03094	0.02846	0.04362	0.01025	0.00758	0.00249	0.00596	0.00849	0.00760	0.01166
36	0.01477	0.06914	0.61362	0.01981	0.02981	0.01699	0.02508	0.02268	0.01608	0.02373	0.06779	0.01871	0.01431	0.00768	0.00708	0.00231	0.01022	0.00606	0.00354	0.01058
37	0.01837	0.01764	0.03013	0.04557	0.69279	0.01764	0.02278	0.02278	0.01690	0.02425	0.01396	0.01837	0.01176	0.00661	0.00735	0.00220	0.00882	0.00661	0.00367	0.01176
38	0.01569	0.01415	0.01937	0.01383	0.02056	0.01114	0.10069	0.01940	0.01569	0.02413	0.01345	0.01604	0.01103	0.00560	0.00595	0.00130	0.00648	0.00501	0.00431	0.67617
39	0.01173	0.00850	0.01078	0.00987	0.01191	0.00811	0.00749	0.05910	0.02197	0.03094	0.64262	0.05286	0.06609	0.01474	0.00866	0.00233	0.00382	0.01296	0.00812	0.00739
40	0.01098	0.00782	0.00930	0.00989	0.01157	0.00724	0.00704	0.01392	0.06137	0.05870	0.05091	0.42518	0.25830	0.02007	0.00900	0.00277	0.00435	0.01765	0.00707	0.00688
41	0.02951	0.01411	0.01841	0.01603	0.06576	0.01347	0.01210	0.08168	0.12826	0.49646	0.02755	0.02464	0.01819	0.00913	0.00747	0.00232	0.00655	0.00750	0.00842	0.01243
42	0.01891	0.01642	0.02582	0.03536	0.48501	0.01592	0.01883	0.02418	0.06332	0.07116	0.01603	0.01900	0.01285	0.00685	0.00706	0.00205	0.00788	0.00642	0.00445	0.14251
43	0.01878	0.01236	0.01534	0.01276	0.04005	0.01073	0.00969	0.04420	0.06470	0.16944	0.17587	0.02788	0.02725	0.00901	0.00695	0.00182	0.00543	0.00759	0.00659	0.33355
44	0.02420	0.01511	0.02042	0.02198	0.19027	0.01522	0.01417	0.09610	0.16430	0.26982	0.06983	0.02536	0.02060	0.00911	0.00754	0.00232	0.00685	0.00778	0.00718	0.01183
45	0.02320	0.01462	0.01884	0.01819	0.13258	0.03443	0.01232	0.02762	0.06061	0.27686	0.02039	0.02032	0.01459	0.00743	0.00672	0.00185	0.00664	0.00619	0.00625	0.29033

[dist]
# distance from previous block
# <min> <max>
7	15

[block]
# block no. 4 follows, 27 sequences, length 30
# corresponding to MSA columns:
# 132-161
name=unknown_E
#
# <colnr> <probs for GDERKNQSTAVLIFYWHMCP>
#	G	D	E	R	K	N	Q	S	T	A	V	L	I	F	Y	W	H	M	C	P
0	0.06654	0.01557	0.01770	0.01414	0.01932	0.01611	0.01150	0.25002	0.12793	0.25116	0.06259	0.02569	0.04673	0.00973	0.00738	0.00228	0.00657	0.00774	0.00780	0.03349
1	0.01784	0.01447	0.01688	0.01406	0.04592	0.01328	0.01068	0.15962	0.06739	0.02904	0.01876	0.08127	0.01662	0.00867	0.00665	0.00174	0.00618	0.02923	0.00555	0.43617
2	0.05698	0.07289	0.01721	0.01350	0.01751	0.04214	0.01115	0.06156	0.11601	0.18909	0.07131	0.07133	0.02621	0.01211	0.00821	0.00248	0.02743	0.12924	0.00689	0.04676
3	0.07612	0.01477	0.01654	0.01366	0.01868	0.01526	0.01091	0.08776	0.29813	0.19600	0.04602	0.02426	0.01954	0.00903	0.00706	0.00221	0.00604	0.00729	0.00730	0.12340
4	0.05911	0.10738	0.02186	0.01691	0.02124	0.42919	0.01331	0.10883	0.02113	0.05825	0.01366	0.01551	0.01100	0.01122	0.05775	0.00268	0.01189	0.00527	0.00454	0.00926
5	0.02441	0.01242	0.01689	0.01352	0.01840	0.01125	0.04465	0.02945	0.09419	0.38603	0.08216	0.09917	0.02503	0.01065	0.00763	0.00227	0.00606	0.00918	0.00785	0.09879
6	0.02610	0.01810	0.01997	0.01572	0.02115	0.01945	0.01280	0.46435	0.08697	0.11979	0.02157	0.06691	0.01652	0.00984	0.00749	0.00226	0.00737	0.00777	0.00747	0.04841
7	0.07413	0.01750	0.01876	0.01508	0.02031	0.01887	0.01226	0.39105	0.12703	0.03836	0.02060	0.05551	0.01660	0.00968	0.00723	0.00222	0.00709	0.03298	0.00683	0.10789
8	0.01772	0.01697	0.02894	0.14769	0.59581	0.01747	0.02246	0.02221	0.01659	0.02345	0.01385	0.01859	0.01148	0.00674	0.00736	0.00225	0.00898	0.00661	0.00362	0.01123
9	0.04253	0.32278	0.35531	0.01818	0.02678	0.02228	0.07305	0.02296	0.01549	0.02140	0.01214	0.01438	0.00956	0.00670	0.00618	0.00205	0.00969	0.00509	0.00325	0.01021
10	0.05258	0.01845	0.01998	0.01587	0.02123	0.02024	0.01293	0.46543	0.12667	0.10152	0.02151	0.05344	0.01618	0.00971	0.00745	0.00232	0.00740	0.00759	0.00748	0.01203
11	0.01384	0.00692	0.00692	0.00692	0.00865	0.00692	0.00519	0.01730	0.01557	0.02768	0.02422	0.02768	0.01903	0.00865	0.00519	0.00173	0.00346	0.00692	0.78031	0.00692
12	0.02542	0.01764	0.01974	0.01491	0.02101	0.01784	0.01224	0.40754	0.02779	0.12770	0.01810	0.01816	0.01295	0.00802	0.00691	0.00193	0.00720	0.00617	0.00684	0.22188
13	0.01402	0.01319	0.02227	0.72126	0.05113	0.01649	0.02062	0.01897	0.01484	0.01897	0.01319	0.01979	0.00990	0.00742	0.00742	0.00247	0.00990	0.00660	0.00330	0.00825
14	0.01384	0.00692	0.00692	0.00692	0.00865	0.00692	0.00519	0.01730	0.01557	0.02768	0.02422	0.02768	0.01903	0.00865	0.00519	0.00173	0.00346	0.00692	0.78031	0.00692
15	0.01467	0.01422	0.02481	0.52247	0.08882	0.01683	0.09543	0.01938	0.01505	0.01981	0.01432	0.04745	0.01170	0.00821	0.00875	0.00253	0.05604	0.00741	0.00351	0.00859
16	0.01752	0.02003	0.04380	0.03129	0.03880	0.01877	0.66583	0.02378	0.01752	0.02378	0.01502	0.02003	0.01126	0.00626	0.00876	0.00250	0.01252	0.00876	0.00375	0.01001
17	0.79154	0.01436	0.01091	0.00976	0.01436	0.01665	0.00804	0.02182	0.01263	0.03331	0.01034	0.01206	0.00804	0.00689	0.00459	0.00230	0.00574	0.00402	0.00459	0.00804
18	0.01080	0.00720	0.00810	0.00810	0.00810	0.00720	0.00450	0.01080	0.01080	0.01439	0.02339	0.04858	0.02699	0.73910	0.03779	0.00720	0.00720	0.01080	0.00450	0.00450
19	0.01080	0.00720	0.00810	0.00810	0.00810	0.00720	0.00450	0.01080	0.01080	0.01439	0.02339	0.04858	0.02699	0.73910	0.03779	0.00720	0.00720	0.01080	0.00450	0.00450
20	0.01384	0.00692	0.00692	0.00692	0.00865	0.00692	0.00519	0.01730	0.01557	0.02768	0.02422	0.02768	0.01903	0.00865	0.00519	0.00173	0.00346	0.00692	0.78031	0.00692
21	0.02822	0.02079	0.02228	0.01708	0.02302	0.02302	0.01411	0.66804	0.03490	0.04679	0.01782	0.01782	0.01262	0.00891	0.00743	0.00223	0.00817	0.00668	0.00743	0.01262
22	0.01960	0.70778	0.07248	0.01313	0.01972	0.02876	0.01345	0.02229	0.01511	0.01777	0.01047	0.01210	0.00952	0.00639	0.00488	0.00163	0.00809	0.00405	0.00317	0.00960
23	0.01624	0.01624	0.02274	0.01949	0.01949	0.02274	0.01624	0.01787	0.01137	0.01787	0.00975	0.01624	0.00975	0.01299	0.02436	0.00325	0.72552	0.00650	0.00325	0.00812
24	0.79154	0.01436	0.01091	0.00976	0.01436	0.01665	0.00804	0.02182	0.01263	0.03331	0.01034	0.01206	0.00804	0.00689	0.00459	0.00230	0.00574	0.00402	0.00459	0.00804
25	0.02757	0.02047	0.02192	0.01695	0.02278	0.02272	0.01395	0.62640	0.07760	0.04574	0.01864	0.01848	0.01329	0.00899	0.00743	0.00225	0.00802	0.00680	0.00743	0.01257
26	0.01779	0.01855	0.03885	0.07645	0.03693	0.01792	0.53697	0.02350	0.01729	0.05725	0.01648	0.02290	0.01284	0.00734	0.00923	0.00256	0.03723	0.03597	0.00411	0.00982
27	0.05739	0.01347	0.01617	0.01372	0.05154	0.01226	0.01034	0.08615	0.06693	0.18366	0.07416	0.02556	0.06307	0.00875	0.00680	0.00189	0.00588	0.00715	0.00645	0.28865
28	0.07977	0.05419	0.02711	0.16484	0.45036	0.05450	0.02025	0.02233	0.01631	0.02333	0.01322	0.01754	0.01089	0.00683	0.00698	0.00222	0.00897	0.00617	0.00366	0.01053
29	0.06896	0.02589	0.33670	0.05040	0.05255	0.01588	0.08624	0.05428	0.01716	0.08845	0.01633	0.02057	0.01244	0.00778	0.00716	0.00229	0.00935	0.03817	0.00440	0.08500

[dist]
# distance from previous block
# <min> <max>
13	26

[block]
# block no. 5 follows, 27 sequences, length 78
# corresponding to MSA columns:
# 190-267
name=unknown_F
#
# <colnr> <probs for GDERKNQSTAVLIFYWHMCP>
#	G	D	E	R	K	N	Q	S	T	A	V	L	I	F	Y	W	H	M	C	P
0	0.05133	0.01285	0.01638	0.01407	0.06168	0.01112	0.01044	0.02619	0.04769	0.28298	0.09138	0.02401	0.02051	0.00826	0.00677	0.00187	0.00584	0.00683	0.00673	0.29307
1	0.01508	0.01259	0.01657	0.01420	0.06710	0.01023	0.04519	0.01838	0.01638	0.04937	0.07021	0.05060	0.09485	0.00860	0.00663	0.00162	0.00577	0.00744	0.00513	0.48405
2	0.01744	0.01375	0.02061	0.04552	0.12098	0.01239	0.09114	0.04636	0.01843	0.09816	0.15750	0.02614	0.02437	0.00839	0.00721	0.00192	0.00678	0.00766	0.00560	0.26965
3	0.01791	0.01816	0.05858	0.09277	0.59136	0.01757	0.02241	0.02316	0.04168	0.02409	0.01449	0.01871	0.01193	0.00682	0.00735	0.00224	0.00888	0.00663	0.00377	0.01147
4	0.01795	0.01660	0.02558	0.08622	0.48342	0.05345	0.01938	0.02207	0.01775	0.04943	0.11486	0.02398	0.02043	0.00810	0.00753	0.00223	0.00826	0.00756	0.00453	0.01066
5	0.01178	0.01011	0.01383	0.05168	0.15060	0.00968	0.01048	0.01539	0.04017	0.02382	0.22361	0.07841	0.30283	0.01467	0.00840	0.00242	0.00511	0.01275	0.00643	0.00785
6	0.00997	0.00787	0.00903	0.00868	0.01089	0.00708	0.00653	0.01335	0.04350	0.02517	0.37091	0.06207	0.36470	0.01672	0.00872	0.00242	0.00371	0.01431	0.00754	0.00683
7	0.22238	0.52132	0.03078	0.01221	0.01799	0.05598	0.01155	0.02245	0.01470	0.02165	0.01038	0.01201	0.00914	0.00655	0.00480	0.00179	0.00760	0.00402	0.00358	0.00910
8	0.00879	0.00747	0.00757	0.00764	0.01006	0.00626	0.00570	0.01064	0.01680	0.02001	0.07369	0.10063	0.66157	0.01900	0.00880	0.00253	0.00378	0.01591	0.00689	0.00626
9	0.02722	0.03453	0.02111	0.01914	0.02280	0.67883	0.01443	0.02912	0.02061	0.01816	0.01140	0.01351	0.00957	0.00789	0.00748	0.00197	0.04499	0.00486	0.00380	0.00858
10	0.01625	0.05818	0.39257	0.02573	0.06045	0.01833	0.27490	0.02354	0.01642	0.02341	0.01389	0.01732	0.01023	0.00670	0.00764	0.00237	0.01137	0.00674	0.00340	0.01057
11	0.01556	0.01334	0.01547	0.01122	0.01769	0.01036	0.00896	0.01982	0.05161	0.02456	0.01412	0.01607	0.01163	0.00575	0.00561	0.00118	0.00552	0.00462	0.00457	0.74234
12	0.01752	0.02003	0.04380	0.03129	0.03880	0.01877	0.66583	0.02378	0.01752	0.02378	0.01502	0.02003	0.01126	0.00626	0.00876	0.00250	0.01252	0.00876	0.00375	0.01001
13	0.01194	0.00991	0.01073	0.01012	0.01291	0.00989	0.00770	0.01961	0.20467	0.02559	0.21646	0.05510	0.34630	0.01543	0.00843	0.00247	0.00429	0.01305	0.00740	0.00800
14	0.01384	0.00692	0.00692	0.00692	0.00865	0.00692	0.00519	0.01730	0.01557	0.02768	0.02422	0.02768	0.01903	0.00865	0.00519	0.00173	0.00346	0.00692	0.78031	0.00692
15	0.04450	0.01856	0.02827	0.08882	0.57579	0.06950	0.02151	0.02300	0.01693	0.02373	0.01360	0.01789	0.01134	0.00676	0.00721	0.00220	0.00913	0.00639	0.00369	0.01116
16	0.02773	0.03538	0.02104	0.01913	0.02295	0.70930	0.01434	0.02964	0.02104	0.01817	0.01148	0.01339	0.00956	0.00765	0.00669	0.00191	0.01339	0.00478	0.00383	0.00861
17	0.01776	0.01734	0.03038	0.04195	0.58487	0.01714	0.09134	0.02223	0.01697	0.02397	0.01742	0.02145	0.04869	0.00724	0.00758	0.00225	0.00894	0.00734	0.00386	0.01127
18	0.73669	0.01482	0.01173	0.01029	0.01498	0.01711	0.00848	0.06826	0.01423	0.03428	0.01087	0.01247	0.00837	0.00704	0.00480	0.00229	0.00592	0.00421	0.00480	0.00837
19	0.01384	0.00692	0.00692	0.00692	0.00865	0.00692	0.00519	0.01730	0.01557	0.02768	0.02422	0.02768	0.01903	0.00865	0.00519	0.00173	0.00346	0.00692	0.78031	0.00692
20	0.79154	0.01436	0.01091	0.00976	0.01436	0.01665	0.00804	0.02182	0.01263	0.03331	0.01034	0.01206	0.00804	0.00689	0.00459	0.00230	0.00574	0.00402	0.00459	0.00804
21	0.01752	0.01806	0.03501	0.03678	0.34734	0.01749	0.31329	0.02270	0.01720	0.02389	0.01628	0.02387	0.01378	0.00746	0.00820	0.00243	0.01035	0.05379	0.00394	0.01061
22	0.01872	0.01592	0.01684	0.01501	0.01922	0.01831	0.01171	0.07284	0.62094	0.03187	0.05284	0.02814	0.02379	0.01019	0.00759	0.00250	0.00592	0.00848	0.00757	0.01163
23	0.01080	0.00720	0.00810	0.00810	0.00810	0.00720	0.00450	0.01080	0.01080	0.01439	0.02339	0.04858	0.02699	0.73910	0.03779	0.00720	0.00720	0.01080	0.00450	0.00450
24	0.01839	0.01737	0.02805	0.04081	0.58759	0.01777	0.02106	0.02539	0.12039	0.02532	0.01650	0.01983	0.01346	0.00715	0.00738	0.00225	0.00836	0.00689	0.00428	0.01176
25	0.01489	0.03840	0.70064	0.02116	0.03213	0.01724	0.02743	0.02351	0.01567	0.02351	0.01332	0.01567	0.00940	0.00705	0.00705	0.00235	0.01097	0.00549	0.00313	0.01097
26	0.01645	0.01553	0.02590	0.16662	0.48346	0.01604	0.02043	0.02071	0.01653	0.02282	0.02012	0.02626	0.06866	0.00846	0.00762	0.00234	0.00851	0.03910	0.00403	0.01041
27	0.01966	0.54806	0.15937	0.01486	0.02183	0.08991	0.01557	0.02315	0.01574	0.01865	0.01098	0.01274	0.00951	0.00660	0.00536	0.00176	0.00900	0.00432	0.00323	0.00971
28	0.02773	0.03538	0.02104	0.01913	0.02295	0.70930	0.01434	0.02964	0.02104	0.01817	0.01148	0.01339	0.00956	0.00765	0.00669	0.00191	0.01339	0.00478	0.00383	0.00861
29	0.01729	0.01725	0.02246	0.01924	0.01978	0.05285	0.01594	0.04463	0.03326	0.01942	0.01077	0.01653	0.01025	0.01251	0.02240	0.00313	0.64380	0.00649	0.00357	0.00843
30	0.01687	0.31946	0.43689	0.01779	0.02692	0.02208	0.02156	0.02300	0.01544	0.02110	0.01213	0.01417	0.00945	0.00677	0.00614	0.00205	0.00976	0.00488	0.00315	0.01040
31	0.01851	0.01480	0.01582	0.01415	0.01828	0.01660	0.01103	0.03612	0.56017	0.07860	0.03498	0.03222	0.09398	0.01094	0.00768	0.00250	0.00568	0.00911	0.00760	0.01123
32	0.03331	0.01263	0.01723	0.01321	0.01895	0.01091	0.01091	0.03618	0.02125	0.69794	0.02929	0.02527	0.01838	0.00919	0.00747	0.00230	0.00632	0.00747	0.00919	0.01263
33	0.01384	0.00692	0.00692	0.00692	0.00865	0.00692	0.00519	0.01730	0.01557	0.02768	0.02422	0.02768	0.01903	0.00865	0.00519	0.00173	0.00346	0.00692	0.78031	0.00692
34	0.02814	0.02331	0.02206	0.01743	0.02301	0.14157	0.01415	0.55776	0.03251	0.04184	0.01673	0.01706	0.01210	0.00869	0.00730	0.00217	0.00907	0.00636	0.00680	0.01193
35	0.01082	0.00824	0.01220	0.01208	0.01331	0.00971	0.00937	0.01334	0.01187	0.01716	0.01963	0.02935	0.01852	0.07752	0.66114	0.01145	0.04571	0.00800	0.00397	0.00661
36	0.01624	0.01624	0.02274	0.01949	0.01949	0.02274	0.01624	0.01787	0.01137	0.01787	0.00975	0.01624	0.00975	0.01299	0.02436	0.00325	0.72552	0.00650	0.00325	0.00812
37	0.01539	0.01319	0.01539	0.01100	0.01759	0.00990	0.00880	0.01869	0.01539	0.02419	0.01319	0.01539	0.01100	0.00550	0.00550	0.00110	0.00550	0.00440	0.00440	0.78449
38	0.79154	0.01436	0.01091	0.00976	0.01436	0.01665	0.00804	0.02182	0.01263	0.03331	0.01034	0.01206	0.00804	0.00689	0.00459	0.00230	0.00574	0.00402	0.00459	0.00804
39	0.01539	0.01319	0.01539	0.01100	0.01759	0.00990	0.00880	0.01869	0.01539	0.02419	0.01319	0.01539	0.01100	0.00550	0.00550	0.00110	0.00550	0.00440	0.00440	0.78449
40	0.03009	0.01273	0.01690	0.01281	0.01871	0.01073	0.01053	0.03304	0.02020	0.57694	0.02640	0.02349	0.01705	0.00853	0.00711	0.00208	0.00617	0.00691	0.00833	0.15124
41	0.01007	0.00757	0.00932	0.00889	0.01083	0.00682	0.00666	0.01317	0.01999	0.02734	0.53557	0.05945	0.22486	0.01608	0.00876	0.00238	0.00357	0.01399	0.00785	0.00682
42	0.01080	0.00720	0.00810	0.00810	0.00810	0.00720	0.00450	0.01080	0.01080	0.01439	0.02339	0.04858	0.02699	0.73910	0.03779	0.00720	0.00720	0.01080	0.00450	0.00450
43	0.01624	0.01624	0.02274	0.01949	0.01949	0.02274	0.01624	0.01787	0.01137	0.01787	0.00975	0.01624	0.00975	0.01299	0.02436	0.00325	0.72552	0.00650	0.00325	0.00812
44	0.01985	0.74357	0.03890	0.01270	0.01905	0.02937	0.01270	0.02223	0.01508	0.01747	0.01032	0.01191	0.00953	0.00635	0.00476	0.00159	0.00794	0.00397	0.00318	0.00953
45	0.01402	0.01319	0.02227	0.72126	0.05113	0.01649	0.02062	0.01897	0.01484	0.01897	0.01319	0.01979	0.00990	0.00742	0.00742	0.00247	0.00990	0.00660	0.00330	0.00825
46	0.01082	0.00774	0.01061	0.01206	0.01335	0.00753	0.00970	0.01354	0.01658	0.02200	0.11449	0.29731	0.04799	0.02081	0.00982	0.00316	0.00561	0.36328	0.00701	0.00659
47	0.01466	0.01385	0.02342	0.62193	0.14545	0.01666	0.02094	0.01953	0.01515	0.01974	0.01331	0.01958	0.01017	0.00730	0.00741	0.00243	0.00974	0.00660	0.00335	0.00876
48	0.79154	0.01436	0.01091	0.00976	0.01436	0.01665	0.00804	0.02182	0.01263	0.03331	0.01034	0.01206	0.00804	0.00689	0.00459	0.00230	0.00574	0.00402	0.00459	0.00804
49	0.01289	0.00645	0.00967	0.00967	0.00967	0.00645	0.00645	0.00967	0.00967	0.01289	0.01289	0.02257	0.01289	0.02579	0.02901	0.78401	0.00645	0.00645	0.00322	0.00322
50	0.01830	0.01785	0.03135	0.04429	0.63444	0.01774	0.08016	0.02287	0.01696	0.02421	0.01406	0.01852	0.01171	0.00658	0.00748	0.00223	0.00915	0.00681	0.00368	0.01160
51	0.01384	0.00692	0.00692	0.00692	0.00865	0.00692	0.00519	0.01730	0.01557	0.02768	0.02422	0.02768	0.01903	0.00865	0.00519	0.00173	0.00346	0.00692	0.78031	0.00692
52	0.01384	0.00692	0.00692	0.00692	0.00865	0.00692	0.00519	0.01730	0.01557	0.02768	0.02422	0.02768	0.01903	0.00865	0.00519	0.00173	0.00346	0.00692	0.78031	0.00692
53	0.02024	0.70823	0.03801	0.01302	0.01925	0.06330	0.01278	0.02260	0.01538	0.01750	0.01038	0.01198	0.00953	0.00642	0.00486	0.00160	0.00821	0.00401	0.00321	0.00948
54	0.00967	0.00756	0.00876	0.00846	0.01058	0.00665	0.00635	0.01239	0.01904	0.02508	0.39254	0.06318	0.36931	0.01693	0.00876	0.00242	0.00363	0.01451	0.00755	0.00665
55	0.01624	0.01624	0.02274	0.01949	0.01949	0.02274	0.01624	0.01787	0.01137	0.01787	0.00975	0.01624	0.00975	0.01299	0.02436	0.00325	0.72552	0.00650	0.00325	0.00812
56	0.01051	0.00759	0.00992	0.00934	0.01109	0.00700	0.00700	0.01401	0.02101	0.02977	0.68888	0.05545	0.07005	0.01518	0.00876	0.00233	0.00350	0.01343	0.00817	0.00700
57	0.01941	0.01961	0.02912	0.04263	0.61847	0.09439	0.02185	0.02354	0.01736	0.02358	0.01369	0.01782	0.01152	0.00673	0.00728	0.00217	0.00933	0.00641	0.00369	0.01141
58	0.01489	0.03840	0.70064	0.02116	0.03213	0.01724	0.02743	0.02351	0.01567	0.02351	0.01332	0.01567	0.00940	0.00705	0.00705	0.00235	0.01097	0.00549	0.00313	0.01097
59	0.01080	0.00720	0.00810	0.00810	0.00810	0.00720	0.00450	0.01080	0.01080	0.01439	0.02339	0.04858	0.02699	0.73910	0.03779	0.00720	0.00720	0.01080	0.00450	0.00450
60	0.01985	0.74357	0.03890	0.01270	0.01905	0.02937	0.01270	0.02223	0.01508	0.01747	0.01032	0.01191	0.00953	0.00635	0.00476	0.00159	0.00794	0.00397	0.00318	0.00953
61	0.01489	0.03840	0.70064	0.02116	0.03213	0.01724	0.02743	0.02351	0.01567	0.02351	0.01332	0.01567	0.00940	0.00705	0.00705	0.00235	0.01097	0.00549	0.00313	0.01097
62	0.01080	0.00720	0.00810	0.00810	0.00810	0.00720	0.00450	0.01080	0.01080	0.01439	0.02339	0.04858	0.02699	0.73910	0.03779	0.00720	0.00720	0.01080	0.00450	0.00450
63	0.01180	0.00847	0.01173	0.01330	0.01503	0.00841	0.01156	0.01516	0.01723	0.02242	0.06467	0.08226	0.06630	0.02025	0.01015	0.00335	0.00660	0.59759	0.00689	0.00682
64	0.11093	0.02398	0.17964	0.01684	0.02324	0.06574	0.01598	0.24263	0.18658	0.03392	0.01854	0.01880	0.01362	0.00844	0.00699	0.00232	0.00833	0.00639	0.00588	0.01122
65	0.00877	0.00752	0.00752	0.00752	0.01003	0.00627	0.00564	0.01065	0.01692	0.02005	0.07520	0.07144	0.68978	0.01880	0.00877	0.00251	0.00376	0.01567	0.00689	0.00627
66	0.01632	0.01316	0.01576	0.03905	0.01899	0.01021	0.00938	0.01966	0.01569	0.06074	0.01407	0.01611	0.01136	0.00577	0.00568	0.00122	0.00572	0.00465	0.00462	0.71185
67	0.01539	0.01319	0.01539	0.01100	0.01759	0.00990	0.00880	0.01869	0.01539	0.02419	0.01319	0.01539	0.01100	0.00550	0.00550	0.00110	0.00550	0.00440	0.00440	0.78449
68	0.01384	0.00692	0.00692	0.00692	0.00865	0.00692	0.00519	0.01730	0.01557	0.02768	0.02422	0.02768	0.01903	0.00865	0.00519	0.00173	0.00346	0.00692	0.78031	0.00692
69	0.02242	0.01628	0.01780	0.01516	0.01989	0.01810	0.01203	0.14756	0.46727	0.13587	0.02793	0.02562	0.02027	0.00974	0.00752	0.00243	0.00634	0.00796	0.00778	0.01204
70	0.01850	0.01753	0.02947	0.07830	0.63770	0.01777	0.02238	0.04482	0.01742	0.02477	0.01406	0.01843	0.01170	0.00673	0.00736	0.00222	0.00885	0.00662	0.00379	0.01161
71	0.79154	0.01436	0.01091	0.00976	0.01436	0.01665	0.00804	0.02182	0.01263	0.03331	0.01034	0.01206	0.00804	0.00689	0.00459	0.00230	0.00574	0.00402	0.00459	0.00804
72	0.01289	0.00645	0.00967	0.00967	0.00967	0.00645	0.00645	0.00967	0.00967	0.01289	0.01289	0.02257	0.01289	0.02579	0.02901	0.78401	0.00645	0.00645	0.00322	0.00322
73	0.01624	0.01624	0.02274	0.01949	0.01949	0.02274	0.01624	0.01787	0.01137	0.01787	0.00975	0.01624	0.00975	0.01299	0.02436	0.00325	0.72552	0.00650	0.00325	0.00812
74	0.02686	0.08491	0.02364	0.01857	0.02330	0.44566	0.04003	0.20030	0.02417	0.02602	0.01323	0.01473	0.01045	0.00783	0.00683	0.00200	0.01154	0.00539	0.00474	0.00981
75	0.03218	0.01445	0.01835	0.01407	0.01986	0.01360	0.01162	0.17657	0.02428	0.55326	0.02674	0.02361	0.01710	0.00913	0.00746	0.00228	0.00673	0.00729	0.00880	0.01263
76	0.02157	0.50476	0.06419	0.01512	0.02140	0.09751	0.03967	0.11767	0.01872	0.02235	0.01186	0.01342	0.01005	0.00689	0.00561	0.00179	0.00885	0.00471	0.00389	0.00997
77	0.01678	0.01293	0.01529	0.01133	0.01739	0.01015	0.00901	0.04158	0.01643	0.07721	0.01660	0.06776	0.01436	0.00718	0.00600	0.00137	0.00557	0.00591	0.00505	0.64211

[dist]
# distance from previous block
# <min> <max>
0	5

# created by:
# /st0/software/busco_prod/Augustus/scripts/msa2prfl.pl ./align_prep/127124.fa
