[name]
unknown

[dist]
# distance from previous block
# <min> <max>
4	47

[block]
# block no. 0 follows, 26 sequences, length 45
# corresponding to MSA columns:
# 47-91
name=unknown_A
#
# <colnr> <probs for GDERKNQSTAVLIFYWHMCP>
#	G	D	E	R	K	N	Q	S	T	A	V	L	I	F	Y	W	H	M	C	P
0	0.01344	0.01193	0.01412	0.15238	0.02230	0.05185	0.01214	0.01896	0.10018	0.02227	0.04312	0.05723	0.22635	0.01563	0.00888	0.00281	0.00692	0.20546	0.00619	0.00784
1	0.01866	0.01834	0.03261	0.04465	0.60181	0.01817	0.10612	0.02341	0.01735	0.02472	0.01441	0.01899	0.01195	0.00671	0.00770	0.00229	0.00950	0.00704	0.00377	0.01178
2	0.01074	0.00775	0.01014	0.00954	0.01133	0.00716	0.00716	0.01431	0.02147	0.03042	0.68211	0.05666	0.07157	0.01551	0.00895	0.00239	0.00358	0.01372	0.00835	0.00716
3	0.03381	0.01327	0.01783	0.01367	0.01954	0.01169	0.01129	0.06413	0.02232	0.66335	0.02941	0.02549	0.01852	0.00938	0.00763	0.00234	0.00654	0.00759	0.00931	0.01291
4	0.01700	0.02598	0.24229	0.02809	0.03639	0.01894	0.42768	0.02386	0.01695	0.02386	0.01450	0.01887	0.01084	0.00705	0.00936	0.00255	0.05397	0.00779	0.00361	0.01042
5	0.03403	0.01291	0.01760	0.01350	0.01936	0.01115	0.01115	0.03697	0.02171	0.69137	0.02992	0.02582	0.01878	0.00939	0.00763	0.00235	0.00645	0.00763	0.00939	0.01291
6	0.01038	0.00774	0.00965	0.00917	0.01112	0.00701	0.00688	0.01363	0.02064	0.02844	0.56144	0.05992	0.19347	0.01624	0.00895	0.00242	0.00363	0.01417	0.00809	0.00701
7	0.01752	0.01823	0.02446	0.02064	0.02140	0.07155	0.05670	0.01949	0.01272	0.01866	0.01042	0.01663	0.01004	0.01245	0.02260	0.00317	0.62481	0.00666	0.00339	0.00845
8	0.01074	0.00775	0.01014	0.00954	0.01133	0.00716	0.00716	0.01431	0.02147	0.03042	0.68211	0.05666	0.07157	0.01551	0.00895	0.00239	0.00358	0.01372	0.00835	0.00716
9	0.00924	0.00660	0.00880	0.01056	0.01100	0.00616	0.00704	0.01056	0.01452	0.01936	0.04181	0.72848	0.05017	0.02376	0.00968	0.00308	0.00440	0.02156	0.00704	0.00616
10	0.02764	0.03503	0.02112	0.01925	0.02305	0.67531	0.01445	0.02962	0.02112	0.01853	0.01207	0.01432	0.01014	0.00977	0.03463	0.00236	0.01394	0.00501	0.00391	0.00871
11	0.01659	0.01659	0.02323	0.01991	0.01991	0.02323	0.01659	0.01825	0.01162	0.01825	0.00996	0.01659	0.00996	0.01328	0.02489	0.00332	0.71955	0.00664	0.00332	0.00830
12	0.02028	0.73799	0.03975	0.01298	0.01947	0.03001	0.01298	0.02271	0.01541	0.01785	0.01055	0.01217	0.00973	0.00649	0.00487	0.00162	0.00811	0.00406	0.00324	0.00973
13	0.02237	0.01632	0.01807	0.01461	0.01999	0.01696	0.01171	0.19917	0.26953	0.11442	0.02561	0.02445	0.04163	0.00926	0.00730	0.00218	0.00652	0.00745	0.00722	0.16522
14	0.01622	0.02708	0.30511	0.04930	0.03574	0.01776	0.34643	0.02327	0.01686	0.02375	0.01602	0.05728	0.01280	0.00771	0.00824	0.00252	0.01160	0.00821	0.00374	0.01035
15	0.02883	0.02125	0.02276	0.01745	0.02352	0.02352	0.01442	0.66082	0.03566	0.04780	0.01821	0.01821	0.01290	0.00911	0.00759	0.00228	0.00835	0.00683	0.00759	0.01290
16	0.04891	0.01063	0.01084	0.00957	0.01244	0.01125	0.00751	0.16543	0.02032	0.03299	0.02267	0.02532	0.01748	0.00883	0.00580	0.00191	0.00473	0.00689	0.56803	0.00845
17	0.02833	0.03615	0.02149	0.01954	0.02345	0.70298	0.01466	0.03029	0.02149	0.01856	0.01172	0.01368	0.00977	0.00782	0.00684	0.00195	0.01368	0.00489	0.00391	0.00879
18	0.01432	0.01348	0.02275	0.71520	0.05224	0.01685	0.02107	0.01938	0.01517	0.01938	0.01348	0.02022	0.01011	0.00758	0.00758	0.00253	0.01011	0.00674	0.00337	0.00843
19	0.01075	0.00774	0.01006	0.00949	0.01120	0.00717	0.00704	0.01417	0.02101	0.02973	0.65330	0.05635	0.06964	0.04693	0.01024	0.00260	0.00374	0.01360	0.00819	0.00704
20	0.03373	0.01340	0.01791	0.01373	0.01961	0.01188	0.01134	0.07374	0.02253	0.65343	0.02923	0.02537	0.01843	0.00937	0.00763	0.00234	0.00657	0.00758	0.00928	0.01291
21	0.03403	0.01291	0.01760	0.01350	0.01936	0.01115	0.01115	0.03697	0.02171	0.69137	0.02992	0.02582	0.01878	0.00939	0.00763	0.00235	0.00645	0.00763	0.00939	0.01291
22	0.02833	0.03615	0.02149	0.01954	0.02345	0.70298	0.01466	0.03029	0.02149	0.01856	0.01172	0.01368	0.00977	0.00782	0.00684	0.00195	0.01368	0.00489	0.00391	0.00879
23	0.01790	0.02046	0.04476	0.03197	0.03964	0.01918	0.65857	0.02430	0.01790	0.02430	0.01535	0.02046	0.01151	0.00639	0.00895	0.00256	0.01279	0.00895	0.00384	0.01023
24	0.01318	0.00659	0.00988	0.00988	0.00988	0.00659	0.00659	0.00988	0.00988	0.01318	0.01318	0.02306	0.01318	0.02635	0.02964	0.77931	0.00659	0.00659	0.00329	0.00329
25	0.00924	0.00660	0.00880	0.01056	0.01100	0.00616	0.00704	0.01056	0.01452	0.01936	0.04181	0.72848	0.05017	0.02376	0.00968	0.00308	0.00440	0.02156	0.00704	0.00616
26	0.01061	0.00775	0.00996	0.00941	0.01125	0.00710	0.00706	0.01407	0.02117	0.02971	0.63886	0.05783	0.11526	0.01577	0.00895	0.00240	0.00360	0.01388	0.00826	0.00710
27	0.01783	0.02025	0.04358	0.03131	0.03857	0.01940	0.62354	0.02397	0.01756	0.02397	0.01505	0.02025	0.01142	0.00677	0.00982	0.00260	0.05135	0.00883	0.00381	0.01012
28	0.01103	0.00735	0.00827	0.00827	0.00827	0.00735	0.00460	0.01103	0.01103	0.01471	0.02390	0.04964	0.02758	0.73343	0.03861	0.00735	0.00735	0.01103	0.00460	0.00460
29	0.01790	0.02046	0.04476	0.03197	0.03964	0.01918	0.65857	0.02430	0.01790	0.02430	0.01535	0.02046	0.01151	0.00639	0.00895	0.00256	0.01279	0.00895	0.00384	0.01023
30	0.01760	0.01992	0.03934	0.02883	0.03547	0.06061	0.54640	0.02316	0.01776	0.02339	0.01803	0.09806	0.01566	0.00840	0.00890	0.00258	0.01192	0.01009	0.00419	0.00969
31	0.02073	0.01722	0.01820	0.01581	0.02043	0.01973	0.01246	0.15603	0.55366	0.03473	0.02851	0.02642	0.02124	0.01007	0.00769	0.00252	0.00644	0.00825	0.00769	0.01217
32	0.05201	0.44221	0.07764	0.01351	0.01988	0.02353	0.01314	0.02165	0.01517	0.02060	0.01140	0.01356	0.01002	0.00681	0.00652	0.00171	0.05472	0.00444	0.00360	0.18788
33	0.03102	0.03722	0.05470	0.01370	0.01957	0.01182	0.01187	0.03422	0.02096	0.59044	0.04987	0.04839	0.02070	0.00984	0.00762	0.00235	0.00661	0.00805	0.00874	0.01231
34	0.03403	0.01291	0.01760	0.01350	0.01936	0.01115	0.01115	0.03697	0.02171	0.69137	0.02992	0.02582	0.01878	0.00939	0.00763	0.00235	0.00645	0.00763	0.00939	0.01291
35	0.01318	0.00659	0.00988	0.00988	0.00988	0.00659	0.00659	0.00988	0.00988	0.01318	0.01318	0.02306	0.01318	0.02635	0.02964	0.77931	0.00659	0.00659	0.00329	0.00329
36	0.01772	0.27620	0.42451	0.01872	0.02800	0.02166	0.04315	0.02406	0.01608	0.04630	0.01322	0.01521	0.01005	0.00701	0.00648	0.00214	0.01003	0.00526	0.00346	0.01074
37	0.01050	0.00774	0.00981	0.00929	0.01119	0.00706	0.00697	0.01386	0.02091	0.02909	0.60137	0.05884	0.15314	0.01600	0.00895	0.00241	0.00361	0.01402	0.00818	0.00706
38	0.03300	0.01457	0.01863	0.01428	0.02019	0.01362	0.01180	0.16134	0.02449	0.56307	0.02759	0.02430	0.01760	0.00933	0.00762	0.00233	0.00683	0.00747	0.00903	0.01291
39	0.01949	0.01660	0.01750	0.01556	0.01996	0.01916	0.01216	0.07920	0.63250	0.03274	0.03008	0.02767	0.02251	0.01022	0.00771	0.00255	0.00615	0.00847	0.00771	0.01206
40	0.02868	0.01880	0.02075	0.01603	0.02176	0.02021	0.01320	0.50732	0.03185	0.15735	0.02070	0.02024	0.01438	0.00913	0.00743	0.00225	0.00768	0.00698	0.06277	0.01248
41	0.00905	0.00736	0.00802	0.00855	0.01047	0.00633	0.00615	0.01079	0.01645	0.02015	0.06628	0.27060	0.49225	0.02058	0.00918	0.00272	0.00401	0.01768	0.00704	0.00633
42	0.00922	0.00668	0.00872	0.01036	0.01095	0.00618	0.00695	0.01058	0.01472	0.01944	0.04431	0.68164	0.09539	0.02344	0.00963	0.00304	0.00436	0.02117	0.00704	0.00618
43	0.01887	0.01629	0.01715	0.01544	0.01972	0.01887	0.01201	0.04031	0.67241	0.03173	0.03087	0.02830	0.02315	0.01029	0.00772	0.00257	0.00600	0.00858	0.00772	0.01201
44	0.02830	0.01973	0.02139	0.01650	0.02229	0.02156	0.01360	0.57347	0.03337	0.09510	0.01950	0.01942	0.01375	0.00911	0.00745	0.00225	0.00790	0.00690	0.05586	0.01253

[dist]
# distance from previous block
# <min> <max>
0	8

[block]
# block no. 1 follows, 26 sequences, length 106
# corresponding to MSA columns:
# 100-205
name=unknown_B
#
# <colnr> <probs for GDERKNQSTAVLIFYWHMCP>
#	G	D	E	R	K	N	Q	S	T	A	V	L	I	F	Y	W	H	M	C	P
0	0.01887	0.01625	0.02156	0.01583	0.02220	0.01490	0.09849	0.15709	0.02007	0.02926	0.01456	0.01695	0.01156	0.00687	0.00750	0.00168	0.04458	0.00571	0.00501	0.47107
1	0.01119	0.00824	0.00966	0.00957	0.01037	0.00843	0.00634	0.03026	0.01351	0.01776	0.03537	0.14389	0.15394	0.40258	0.06476	0.00576	0.04435	0.01292	0.00539	0.00571
2	0.04268	0.00861	0.01083	0.01009	0.01222	0.00799	0.00740	0.01654	0.01858	0.10696	0.37204	0.15139	0.05175	0.10770	0.01244	0.00308	0.00470	0.01315	0.00752	0.03433
3	0.02745	0.01969	0.02123	0.01636	0.02215	0.02144	0.01346	0.57016	0.03303	0.06595	0.01883	0.01904	0.01346	0.00895	0.00735	0.00220	0.00784	0.00677	0.06008	0.04455
4	0.01882	0.46409	0.07647	0.01392	0.01926	0.10747	0.01308	0.02142	0.01603	0.01865	0.01687	0.14931	0.01745	0.01000	0.00619	0.00199	0.00830	0.00761	0.00405	0.00904
5	0.01083	0.00739	0.00886	0.00903	0.00926	0.00753	0.00550	0.01133	0.01153	0.01556	0.02517	0.11349	0.02861	0.57131	0.12669	0.00760	0.00884	0.01167	0.00476	0.00505
6	0.01618	0.17258	0.56925	0.01997	0.03028	0.01998	0.02515	0.02377	0.01590	0.02284	0.01303	0.01528	0.00963	0.00707	0.00676	0.00225	0.01062	0.00531	0.00321	0.01093
7	0.01141	0.00772	0.01016	0.00994	0.01161	0.00711	0.00730	0.01446	0.01994	0.05653	0.51170	0.20455	0.06453	0.01708	0.00905	0.00254	0.00389	0.01520	0.00810	0.00718
8	0.01573	0.03565	0.57021	0.02359	0.03413	0.01791	0.14835	0.02407	0.01637	0.02407	0.01394	0.01686	0.00997	0.00705	0.00754	0.00243	0.01151	0.00624	0.00332	0.01102
9	0.01103	0.00735	0.00827	0.00827	0.00827	0.00735	0.00460	0.01103	0.01103	0.01471	0.02390	0.04964	0.02758	0.73343	0.03861	0.00735	0.00735	0.01103	0.00460	0.00460
10	0.01103	0.00735	0.00827	0.00827	0.00827	0.00735	0.00460	0.01103	0.01103	0.01471	0.02390	0.04964	0.02758	0.73343	0.03861	0.00735	0.00735	0.01103	0.00460	0.00460
11	0.03403	0.01291	0.01760	0.01350	0.01936	0.01115	0.01115	0.03697	0.02171	0.69137	0.02992	0.02582	0.01878	0.00939	0.00763	0.00235	0.00645	0.00763	0.00939	0.01291
12	0.03403	0.01291	0.01760	0.01350	0.01936	0.01115	0.01115	0.03697	0.02171	0.69137	0.02992	0.02582	0.01878	0.00939	0.00763	0.00235	0.00645	0.00763	0.00939	0.01291
13	0.01790	0.02046	0.04476	0.03197	0.03964	0.01918	0.65857	0.02430	0.01790	0.02430	0.01535	0.02046	0.01151	0.00639	0.00895	0.00256	0.01279	0.00895	0.00384	0.01023
14	0.00906	0.00769	0.00782	0.00779	0.01031	0.00645	0.00584	0.01108	0.01752	0.02105	0.11090	0.07208	0.64862	0.01900	0.00896	0.00255	0.00383	0.01588	0.00712	0.00645
15	0.00924	0.00660	0.00880	0.01056	0.01100	0.00616	0.00704	0.01056	0.01452	0.01936	0.04181	0.72848	0.05017	0.02376	0.00968	0.00308	0.00440	0.02156	0.00704	0.00616
16	0.01775	0.01698	0.02894	0.20032	0.54035	0.01775	0.02277	0.02238	0.01679	0.02354	0.01409	0.01911	0.01158	0.00695	0.00753	0.00232	0.00926	0.00675	0.00367	0.01119
17	0.01432	0.01348	0.02275	0.71520	0.05224	0.01685	0.02107	0.01938	0.01517	0.01938	0.01348	0.02022	0.01011	0.00758	0.00758	0.00253	0.01011	0.00674	0.00337	0.00843
18	0.01877	0.01802	0.03079	0.04656	0.68612	0.01802	0.02328	0.02328	0.01727	0.02478	0.01427	0.01877	0.01201	0.00676	0.00751	0.00225	0.00901	0.00676	0.00375	0.01201
19	0.00896	0.00768	0.00768	0.00768	0.01025	0.00640	0.00576	0.01089	0.01729	0.02049	0.07684	0.07300	0.68304	0.01921	0.00896	0.00256	0.00384	0.01601	0.00704	0.00640
20	0.01790	0.02046	0.04476	0.03197	0.03964	0.01918	0.65857	0.02430	0.01790	0.02430	0.01535	0.02046	0.01151	0.00639	0.00895	0.00256	0.01279	0.00895	0.00384	0.01023
21	0.02806	0.03443	0.02189	0.02025	0.04484	0.62895	0.01492	0.07825	0.02244	0.02100	0.01230	0.01419	0.01008	0.00788	0.00692	0.00199	0.01312	0.00509	0.00418	0.00921
22	0.01521	0.03923	0.69413	0.02162	0.03283	0.01762	0.02802	0.02402	0.01601	0.02402	0.01361	0.01601	0.00961	0.00721	0.00721	0.00240	0.01121	0.00560	0.00320	0.01121
23	0.64332	0.01433	0.01238	0.01065	0.01556	0.01590	0.00877	0.02510	0.01459	0.15947	0.01426	0.01490	0.01023	0.00749	0.00525	0.00235	0.00598	0.00478	0.00559	0.00911
24	0.01859	0.01478	0.01711	0.01487	0.01786	0.04573	0.01192	0.22719	0.04519	0.02876	0.01881	0.02374	0.01580	0.02972	0.30326	0.00654	0.09040	0.00735	0.05313	0.00924
25	0.01572	0.01533	0.01438	0.01385	0.01564	0.17861	0.01056	0.01807	0.01511	0.01927	0.02059	0.11363	0.02001	0.03193	0.31398	0.00668	0.07244	0.00881	0.08804	0.00734
26	0.00924	0.00660	0.00880	0.01056	0.01100	0.00616	0.00704	0.01056	0.01452	0.01936	0.04181	0.72848	0.05017	0.02376	0.00968	0.00308	0.00440	0.02156	0.00704	0.00616
27	0.01782	0.02002	0.04227	0.03141	0.06194	0.01951	0.57612	0.02371	0.01730	0.02376	0.01481	0.02004	0.01139	0.00704	0.01036	0.00262	0.07734	0.00866	0.00379	0.01012
28	0.01961	0.01440	0.01638	0.01515	0.01833	0.01446	0.01154	0.24335	0.02411	0.03248	0.03490	0.31089	0.06019	0.01837	0.00984	0.00320	0.00711	0.09870	0.00789	0.03910
29	0.51125	0.01794	0.07707	0.04286	0.01925	0.04390	0.01154	0.02584	0.11405	0.05239	0.01472	0.01592	0.01109	0.00768	0.00569	0.00238	0.00689	0.00518	0.00507	0.00925
30	0.02790	0.01190	0.01587	0.01269	0.01754	0.01064	0.01028	0.03194	0.05562	0.50532	0.17958	0.03302	0.03111	0.01084	0.00793	0.00237	0.00577	0.00907	0.00906	0.01154
31	0.01877	0.01802	0.03079	0.04656	0.68612	0.01802	0.02328	0.02328	0.01727	0.02478	0.01427	0.01877	0.01201	0.00676	0.00751	0.00225	0.00901	0.00676	0.00375	0.01201
32	0.01999	0.69867	0.07658	0.01346	0.02022	0.02932	0.01383	0.02279	0.01545	0.01819	0.01072	0.01238	0.00973	0.00653	0.00500	0.00167	0.00829	0.00414	0.00324	0.00982
33	0.03374	0.01338	0.01789	0.01372	0.01960	0.01184	0.01133	0.07208	0.02250	0.65515	0.02927	0.02539	0.01845	0.00937	0.00763	0.00234	0.00656	0.00758	0.00929	0.01291
34	0.00924	0.00660	0.00880	0.01056	0.01100	0.00616	0.00704	0.01056	0.01452	0.01936	0.04181	0.72848	0.05017	0.02376	0.00968	0.00308	0.00440	0.02156	0.00704	0.00616
35	0.00939	0.00672	0.00894	0.01046	0.01104	0.00626	0.00705	0.01095	0.01524	0.02050	0.10750	0.65955	0.05236	0.02292	0.00961	0.00301	0.00432	0.02076	0.00718	0.00626
36	0.02833	0.03615	0.02149	0.01954	0.02345	0.70298	0.01466	0.03029	0.02149	0.01856	0.01172	0.01368	0.00977	0.00782	0.00684	0.00195	0.01368	0.00489	0.00391	0.00879
37	0.03381	0.01327	0.01783	0.01367	0.01954	0.01168	0.01129	0.06393	0.02231	0.66355	0.02942	0.02549	0.01852	0.00938	0.00763	0.00234	0.00654	0.00759	0.00931	0.01291
38	0.00924	0.00660	0.00880	0.01056	0.01100	0.00616	0.00704	0.01056	0.01452	0.01936	0.04181	0.72848	0.05017	0.02376	0.00968	0.00308	0.00440	0.02156	0.00704	0.00616
39	0.00924	0.00660	0.00880	0.01056	0.01100	0.00616	0.00704	0.01056	0.01452	0.01936	0.04181	0.72848	0.05017	0.02376	0.00968	0.00308	0.00440	0.02156	0.00704	0.00616
40	0.00989	0.00709	0.00942	0.01041	0.01136	0.00662	0.00735	0.01206	0.01696	0.02316	0.25182	0.47448	0.05685	0.02091	0.00948	0.00287	0.00427	0.05102	0.00747	0.00653
41	0.03403	0.01291	0.01760	0.01350	0.01936	0.01115	0.01115	0.03697	0.02171	0.69137	0.02992	0.02582	0.01878	0.00939	0.00763	0.00235	0.00645	0.00763	0.00939	0.01291
42	0.03204	0.01247	0.01696	0.01316	0.01868	0.01081	0.01081	0.03503	0.02169	0.63479	0.08575	0.02846	0.02330	0.00991	0.00774	0.00235	0.00621	0.00815	0.00930	0.01242
43	0.01846	0.01801	0.03165	0.08013	0.59385	0.01807	0.08131	0.02317	0.01722	0.02445	0.01433	0.01900	0.01187	0.00677	0.00765	0.00230	0.00941	0.00696	0.00374	0.01166
44	0.01486	0.01403	0.02372	0.63452	0.12872	0.01699	0.02133	0.01985	0.01542	0.02003	0.01358	0.02005	0.01034	0.00748	0.00757	0.00249	0.00998	0.00674	0.00342	0.00886
45	0.01093	0.00747	0.00904	0.00910	0.00937	0.00772	0.00561	0.01149	0.01137	0.01542	0.02384	0.06950	0.02672	0.57960	0.16446	0.00813	0.00972	0.01084	0.00458	0.00507
46	0.02712	0.01959	0.02093	0.01624	0.02181	0.02160	0.01335	0.58572	0.03336	0.04552	0.01897	0.01939	0.01366	0.00907	0.00732	0.00222	0.00778	0.00686	0.09727	0.01222
47	0.02469	0.01824	0.01987	0.01605	0.02097	0.02001	0.01291	0.51182	0.05662	0.04172	0.02323	0.15474	0.02045	0.01196	0.00799	0.00244	0.00750	0.00972	0.00749	0.01157
48	0.78701	0.01467	0.01115	0.00997	0.01467	0.01702	0.00821	0.02230	0.01291	0.03403	0.01056	0.01232	0.00821	0.00704	0.00469	0.00235	0.00587	0.00411	0.00469	0.00821
49	0.01486	0.01270	0.01540	0.01177	0.01690	0.01084	0.00939	0.01810	0.01642	0.02517	0.14073	0.02362	0.02262	0.00826	0.00816	0.00158	0.07571	0.00647	0.00511	0.55619
50	0.01554	0.01343	0.01598	0.01181	0.01784	0.01087	0.00944	0.01871	0.01539	0.02406	0.01434	0.04368	0.01267	0.00686	0.00712	0.00135	0.05533	0.00531	0.00451	0.69576
51	0.01759	0.01996	0.04347	0.03120	0.03861	0.01871	0.63517	0.02380	0.01778	0.02412	0.01630	0.04589	0.01290	0.00702	0.00898	0.00258	0.01249	0.00940	0.00395	0.01008
52	0.00924	0.00660	0.00880	0.01056	0.01100	0.00616	0.00704	0.01056	0.01452	0.01936	0.04181	0.72848	0.05017	0.02376	0.00968	0.00308	0.00440	0.02156	0.00704	0.00616
53	0.00924	0.00660	0.00880	0.01056	0.01100	0.00616	0.00704	0.01056	0.01452	0.01936	0.04181	0.72848	0.05017	0.02376	0.00968	0.00308	0.00440	0.02156	0.00704	0.00616
54	0.01887	0.01629	0.01715	0.01544	0.01972	0.01887	0.01201	0.04031	0.67241	0.03173	0.03087	0.02830	0.02315	0.01029	0.00772	0.00257	0.00600	0.00858	0.00772	0.01201
55	0.01790	0.02046	0.04476	0.03197	0.03964	0.01918	0.65857	0.02430	0.01790	0.02430	0.01535	0.02046	0.01151	0.00639	0.00895	0.00256	0.01279	0.00895	0.00384	0.01023
56	0.00896	0.00768	0.00768	0.00768	0.01025	0.00640	0.00576	0.01089	0.01729	0.02049	0.07684	0.07300	0.68304	0.01921	0.00896	0.00256	0.00384	0.01601	0.00704	0.00640
57	0.01414	0.00707	0.00707	0.00707	0.00884	0.00707	0.00530	0.01767	0.01591	0.02828	0.02474	0.02828	0.01944	0.00884	0.00530	0.00177	0.00353	0.00707	0.77554	0.00707
58	0.00924	0.00660	0.00880	0.01056	0.01100	0.00616	0.00704	0.01056	0.01452	0.01936	0.04181	0.72848	0.05017	0.02376	0.00968	0.00308	0.00440	0.02156	0.00704	0.00616
59	0.03403	0.01291	0.01760	0.01350	0.01936	0.01115	0.01115	0.03697	0.02171	0.69137	0.02992	0.02582	0.01878	0.00939	0.00763	0.00235	0.00645	0.00763	0.00939	0.01291
60	0.00923	0.00666	0.00874	0.01041	0.01096	0.00617	0.00697	0.01058	0.01467	0.01942	0.04364	0.69414	0.08333	0.02352	0.00964	0.00305	0.00437	0.02127	0.00704	0.00617
61	0.02820	0.02014	0.02169	0.01672	0.02254	0.02213	0.01378	0.60137	0.03403	0.07070	0.01902	0.01906	0.01349	0.00910	0.00746	0.00225	0.00801	0.00687	0.05088	0.01257
62	0.03238	0.01328	0.01755	0.01371	0.01940	0.01199	0.01124	0.03733	0.09242	0.61968	0.03003	0.02609	0.01925	0.00949	0.00764	0.00237	0.00641	0.00773	0.00921	0.01281
63	0.00924	0.00660	0.00880	0.01056	0.01100	0.00616	0.00704	0.01056	0.01452	0.01936	0.04181	0.72848	0.05017	0.02376	0.00968	0.00308	0.00440	0.02156	0.00704	0.00616
64	0.00979	0.00759	0.00900	0.00953	0.01136	0.00680	0.00718	0.01209	0.01745	0.02235	0.17464	0.22139	0.34005	0.01981	0.00933	0.00277	0.00435	0.10067	0.00727	0.00656
65	0.00923	0.00664	0.00876	0.01045	0.01097	0.00617	0.00699	0.01057	0.01463	0.01941	0.04315	0.70326	0.07452	0.02359	0.00965	0.00306	0.00438	0.02135	0.00704	0.00617
66	0.01572	0.01557	0.02486	0.32429	0.03571	0.02010	0.07350	0.01926	0.01370	0.01926	0.01196	0.01851	0.01016	0.01020	0.01598	0.00291	0.34954	0.00688	0.00339	0.00852
67	0.02956	0.01387	0.01761	0.01394	0.01925	0.01317	0.01145	0.14221	0.05111	0.46695	0.08421	0.02983	0.02354	0.01040	0.00786	0.00240	0.00654	0.03517	0.00881	0.01212
68	0.01581	0.14812	0.01707	0.01111	0.01439	0.01253	0.00917	0.01978	0.04522	0.10946	0.42050	0.04451	0.05017	0.01306	0.00802	0.00229	0.00504	0.03778	0.00742	0.00854
69	0.01692	0.03207	0.50676	0.01894	0.02884	0.01563	0.02295	0.02419	0.01645	0.08128	0.01498	0.01680	0.01070	0.00709	0.00694	0.00215	0.00974	0.00557	0.00398	0.15803
70	0.01502	0.01436	0.01944	0.01729	0.01787	0.04052	0.01412	0.01705	0.01213	0.01805	0.01352	0.02097	0.01300	0.02787	0.25404	0.00628	0.46001	0.00709	0.00359	0.00780
71	0.45545	0.01585	0.01555	0.07621	0.02027	0.01836	0.01125	0.17084	0.01882	0.03485	0.04777	0.01698	0.01290	0.00837	0.00699	0.00240	0.04688	0.00563	0.00537	0.00928
72	0.01955	0.01970	0.03072	0.04348	0.59564	0.07671	0.05570	0.02393	0.01767	0.02422	0.01411	0.01842	0.01180	0.00683	0.00753	0.00224	0.00961	0.00671	0.00377	0.01165
73	0.01573	0.01348	0.01573	0.01123	0.01798	0.01011	0.00899	0.01910	0.01573	0.02472	0.01348	0.01573	0.01123	0.00562	0.00562	0.00112	0.00562	0.00449	0.00449	0.77980
74	0.00948	0.00763	0.00797	0.00793	0.00994	0.00664	0.00564	0.01115	0.01639	0.02008	0.10892	0.06740	0.51534	0.15525	0.01462	0.00346	0.00449	0.01490	0.00667	0.00611
75	0.01639	0.20178	0.54191	0.01961	0.02972	0.02050	0.02452	0.02372	0.01587	0.02258	0.01290	0.01512	0.00964	0.00704	0.00666	0.00222	0.01049	0.00524	0.00321	0.01087
76	0.01820	0.01893	0.03671	0.06796	0.36980	0.01849	0.30800	0.02357	0.01747	0.02434	0.01472	0.01959	0.01171	0.00663	0.00816	0.00240	0.01075	0.00774	0.00378	0.01106
77	0.00924	0.00660	0.00880	0.01056	0.01100	0.00616	0.00704	0.01056	0.01452	0.01936	0.04181	0.72848	0.05017	0.02376	0.00968	0.00308	0.00440	0.02156	0.00704	0.00616
78	0.01113	0.00757	0.00885	0.00911	0.00948	0.00752	0.00580	0.01173	0.01225	0.01614	0.02846	0.05599	0.05600	0.59740	0.03318	0.00658	0.00716	0.10556	0.00505	0.00503
79	0.01133	0.00804	0.01126	0.03379	0.01331	0.00907	0.00850	0.01368	0.01245	0.01821	0.02123	0.03312	0.02037	0.17945	0.48208	0.00988	0.01579	0.00853	0.08348	0.00644
80	0.02983	0.01965	0.02178	0.01670	0.02273	0.02116	0.01379	0.54177	0.03300	0.17062	0.02045	0.01966	0.01402	0.00916	0.00760	0.00229	0.00799	0.00698	0.00793	0.01290
81	0.00924	0.00660	0.00880	0.01056	0.01100	0.00616	0.00704	0.01056	0.01452	0.01936	0.04181	0.72848	0.05017	0.02376	0.00968	0.00308	0.00440	0.02156	0.00704	0.00616
82	0.01774	0.02014	0.04374	0.06362	0.04023	0.01907	0.62904	0.02407	0.01778	0.02407	0.01526	0.02045	0.01144	0.00645	0.00889	0.00256	0.01266	0.00885	0.00381	0.01015
83	0.02772	0.03125	0.02145	0.01875	0.02318	0.49662	0.01440	0.17404	0.07445	0.02620	0.01466	0.01582	0.01150	0.00830	0.00708	0.00207	0.01188	0.00561	0.00503	0.00997
84	0.00933	0.00664	0.00877	0.01044	0.01086	0.00622	0.00691	0.01059	0.01434	0.01912	0.04087	0.69304	0.04899	0.06081	0.01119	0.00330	0.00455	0.02101	0.00691	0.00608
85	0.01724	0.02243	0.13086	0.08678	0.03976	0.01878	0.52075	0.02385	0.01742	0.02385	0.01496	0.01984	0.01114	0.00660	0.00860	0.00253	0.01235	0.00832	0.00371	0.01021
86	0.06960	0.02079	0.01905	0.01586	0.02071	0.16299	0.01253	0.22244	0.14626	0.15891	0.02130	0.02190	0.01578	0.04694	0.00892	0.00255	0.00849	0.00696	0.00686	0.01117
87	0.01713	0.01854	0.03559	0.02671	0.03139	0.02013	0.40120	0.02171	0.01580	0.02239	0.04127	0.02059	0.01346	0.00924	0.01467	0.00282	0.26577	0.00832	0.00384	0.00941
88	0.02033	0.47138	0.12258	0.01504	0.02139	0.14344	0.01489	0.02362	0.01697	0.01968	0.05797	0.01605	0.01403	0.00744	0.00581	0.00184	0.00918	0.00508	0.00371	0.00959
89	0.02148	0.43426	0.12341	0.01751	0.05705	0.19220	0.01596	0.02477	0.01708	0.01922	0.01144	0.01340	0.00984	0.00692	0.00580	0.00184	0.00994	0.00461	0.00343	0.00982
90	0.75783	0.01492	0.01160	0.01026	0.01501	0.01727	0.00845	0.04687	0.01378	0.03456	0.01086	0.01255	0.00839	0.00712	0.00481	0.00234	0.00596	0.00421	0.00481	0.00839
91	0.02732	0.03445	0.02086	0.01898	0.02286	0.65433	0.01425	0.02997	0.04455	0.01910	0.01468	0.01627	0.03370	0.00830	0.00694	0.00200	0.01306	0.00540	0.00415	0.00882
92	0.01221	0.00855	0.01010	0.00959	0.01207	0.00778	0.00731	0.01591	0.05350	0.07615	0.30774	0.08838	0.30912	0.01677	0.00887	0.00253	0.00417	0.03397	0.00777	0.00750
93	0.02959	0.01192	0.01618	0.01274	0.01783	0.01039	0.01039	0.03264	0.02166	0.56524	0.15438	0.03170	0.02885	0.01056	0.00788	0.00235	0.00591	0.00879	0.00919	0.01181
94	0.01045	0.00753	0.00988	0.00974	0.01127	0.00697	0.00713	0.01360	0.02014	0.02831	0.55992	0.18486	0.06748	0.01708	0.00909	0.00252	0.00374	0.01521	0.00810	0.00697
95	0.00949	0.00678	0.00909	0.01085	0.01140	0.00638	0.00748	0.01099	0.01477	0.01964	0.04167	0.67457	0.04962	0.02353	0.00975	0.00311	0.00462	0.07300	0.00704	0.00623
96	0.01521	0.03923	0.69413	0.02162	0.03283	0.01762	0.02802	0.02402	0.01601	0.02402	0.01361	0.01601	0.00961	0.00721	0.00721	0.00240	0.01121	0.00560	0.00320	0.01121
97	0.01150	0.00821	0.01139	0.01314	0.01457	0.00811	0.01096	0.01446	0.01675	0.02189	0.04056	0.24181	0.04524	0.02164	0.01028	0.00339	0.00636	0.48596	0.00700	0.00678
98	0.00924	0.00660	0.00880	0.01056	0.01100	0.00616	0.00704	0.01056	0.01452	0.01936	0.04181	0.72848	0.05017	0.02376	0.00968	0.00308	0.00440	0.02156	0.00704	0.00616
99	0.01887	0.01629	0.01715	0.01544	0.01972	0.01887	0.01201	0.04031	0.67241	0.03173	0.03087	0.02830	0.02315	0.01029	0.00772	0.00257	0.00600	0.00858	0.00772	0.01201
100	0.01074	0.00775	0.01014	0.00954	0.01133	0.00716	0.00716	0.01431	0.02147	0.03042	0.68211	0.05666	0.07157	0.01551	0.00895	0.00239	0.00358	0.01372	0.00835	0.00716
101	0.00924	0.00660	0.00880	0.01056	0.01100	0.00616	0.00704	0.01056	0.01452	0.01936	0.04181	0.72848	0.05017	0.02376	0.00968	0.00308	0.00440	0.02156	0.00704	0.00616
102	0.01573	0.01348	0.01573	0.01123	0.01798	0.01011	0.00899	0.01910	0.01573	0.02472	0.01348	0.01573	0.01123	0.00562	0.00562	0.00112	0.00562	0.00449	0.00449	0.77980
103	0.01521	0.03923	0.69413	0.02162	0.03283	0.01762	0.02802	0.02402	0.01601	0.02402	0.01361	0.01601	0.00961	0.00721	0.00721	0.00240	0.01121	0.00560	0.00320	0.01121
104	0.01383	0.03019	0.49750	0.01805	0.02660	0.01457	0.02196	0.02105	0.01736	0.02534	0.17395	0.02855	0.05945	0.00978	0.00771	0.00241	0.00903	0.00806	0.00461	0.01001
105	0.01017	0.00773	0.00936	0.00895	0.01099	0.00692	0.00672	0.01323	0.02015	0.02727	0.49052	0.06183	0.26513	0.01668	0.00895	0.00244	0.00366	0.01444	0.00794	0.00692

[dist]
# distance from previous block
# <min> <max>
5	11

[block]
# block no. 2 follows, 26 sequences, length 10
# corresponding to MSA columns:
# 217-226
name=unknown_C
#
# <colnr> <probs for GDERKNQSTAVLIFYWHMCP>
#	G	D	E	R	K	N	Q	S	T	A	V	L	I	F	Y	W	H	M	C	P
0	0.02297	0.01666	0.01978	0.01563	0.02032	0.01778	0.04575	0.39055	0.02740	0.07057	0.08001	0.02669	0.02061	0.09560	0.06923	0.00367	0.00885	0.00813	0.00683	0.03297
1	0.07790	0.04596	0.01798	0.01365	0.01871	0.01519	0.01115	0.21794	0.02395	0.30174	0.02936	0.09602	0.07440	0.01127	0.00761	0.00239	0.00663	0.00908	0.00784	0.01124
2	0.08076	0.05246	0.02441	0.07394	0.02360	0.02063	0.09816	0.01964	0.01338	0.02129	0.01229	0.01781	0.01083	0.01069	0.01707	0.00286	0.41475	0.00664	0.07026	0.00852
3	0.01530	0.01478	0.02484	0.50680	0.10990	0.01805	0.05572	0.01987	0.01500	0.02002	0.01313	0.01955	0.01035	0.00829	0.01024	0.00262	0.11638	0.00685	0.00343	0.00886
4	0.02203	0.01713	0.01839	0.08713	0.02255	0.05603	0.01271	0.34685	0.05644	0.03626	0.06670	0.02594	0.05518	0.01158	0.03201	0.00261	0.00796	0.00784	0.10420	0.01046
5	0.01743	0.24118	0.10417	0.02145	0.02736	0.02188	0.24317	0.02172	0.01571	0.02096	0.01508	0.07587	0.01375	0.00900	0.01000	0.00241	0.11774	0.00780	0.00378	0.00955
6	0.01068	0.00776	0.01123	0.01159	0.01278	0.00868	0.00876	0.01315	0.01286	0.01852	0.02495	0.17281	0.02538	0.04760	0.52496	0.00978	0.01618	0.01082	0.04484	0.00666
7	0.46638	0.01424	0.01440	0.15513	0.02297	0.01654	0.01133	0.02443	0.09671	0.06009	0.01517	0.01722	0.01142	0.00774	0.00582	0.00239	0.00668	0.00549	0.03696	0.00890
8	0.01718	0.01865	0.03823	0.15051	0.07435	0.01810	0.47035	0.02304	0.01725	0.02349	0.01484	0.02001	0.01127	0.00657	0.00841	0.00244	0.01164	0.00815	0.00379	0.06171
9	0.01521	0.03923	0.69413	0.02162	0.03283	0.01762	0.02802	0.02402	0.01601	0.02402	0.01361	0.01601	0.00961	0.00721	0.00721	0.00240	0.01121	0.00560	0.00320	0.01121

[dist]
# distance from previous block
# <min> <max>
0	1

[block]
# block no. 3 follows, 26 sequences, length 24
# corresponding to MSA columns:
# 228-251
name=unknown_D
#
# <colnr> <probs for GDERKNQSTAVLIFYWHMCP>
#	G	D	E	R	K	N	Q	S	T	A	V	L	I	F	Y	W	H	M	C	P
0	0.00924	0.00660	0.00880	0.01056	0.01100	0.00616	0.00704	0.01056	0.01452	0.01936	0.04181	0.72848	0.05017	0.02376	0.00968	0.00308	0.00440	0.02156	0.00704	0.00616
1	0.00924	0.00660	0.00880	0.01056	0.01100	0.00616	0.00704	0.01056	0.01452	0.01936	0.04181	0.72848	0.05017	0.02376	0.00968	0.00308	0.00440	0.02156	0.00704	0.00616
2	0.02769	0.01954	0.02133	0.01665	0.02227	0.02133	0.01362	0.56777	0.03307	0.09005	0.02083	0.07333	0.01617	0.01025	0.00775	0.00234	0.00791	0.00802	0.00767	0.01238
3	0.01647	0.01643	0.02321	0.05739	0.02166	0.02289	0.01684	0.01831	0.01181	0.01831	0.01015	0.01679	0.00997	0.01297	0.02396	0.00328	0.68131	0.00664	0.00332	0.00830
4	0.01887	0.01629	0.01715	0.01544	0.01972	0.01887	0.01201	0.04031	0.67241	0.03173	0.03087	0.02830	0.02315	0.01029	0.00772	0.00257	0.00600	0.00858	0.00772	0.01201
5	0.02013	0.01615	0.01807	0.01350	0.01987	0.01497	0.01092	0.22615	0.06418	0.03257	0.01611	0.01733	0.01253	0.00703	0.00638	0.00159	0.00652	0.00550	0.00569	0.48481
6	0.01315	0.01001	0.01311	0.03804	0.01697	0.01025	0.01157	0.01923	0.11010	0.02516	0.13799	0.06763	0.04259	0.01746	0.00954	0.00305	0.00636	0.39960	0.00707	0.04112
7	0.01074	0.00775	0.01014	0.00954	0.01133	0.00716	0.00716	0.01431	0.02147	0.03042	0.68211	0.05666	0.07157	0.01551	0.00895	0.00239	0.00358	0.01372	0.00835	0.00716
8	0.00932	0.00680	0.00878	0.01018	0.01095	0.00626	0.00692	0.01088	0.01533	0.02031	0.09351	0.60917	0.11833	0.02267	0.00955	0.00297	0.00428	0.02039	0.00714	0.00626
9	0.01599	0.14579	0.59434	0.02030	0.03079	0.01951	0.02573	0.02382	0.01592	0.02308	0.01314	0.01543	0.00963	0.00710	0.00685	0.00228	0.01074	0.00537	0.00321	0.01098
10	0.01103	0.00735	0.00827	0.00827	0.00827	0.00735	0.00460	0.01103	0.01103	0.01471	0.02390	0.04964	0.02758	0.73343	0.03861	0.00735	0.00735	0.01103	0.00460	0.00460
11	0.00924	0.00660	0.00880	0.01056	0.01100	0.00616	0.00704	0.01056	0.01452	0.01936	0.04181	0.72848	0.05017	0.02376	0.00968	0.00308	0.00440	0.02156	0.00704	0.00616
12	0.01108	0.00880	0.01237	0.01440	0.05603	0.00932	0.00981	0.01287	0.01464	0.01992	0.03589	0.52740	0.04202	0.02107	0.01152	0.00310	0.09427	0.08223	0.00636	0.00689
13	0.05064	0.05031	0.03861	0.13897	0.08645	0.01911	0.45583	0.02329	0.01710	0.02369	0.01456	0.01959	0.01111	0.00664	0.00827	0.00248	0.01159	0.00802	0.00377	0.00997
14	0.01771	0.02182	0.09174	0.03122	0.03915	0.01907	0.61294	0.02428	0.01777	0.02428	0.01522	0.02014	0.01137	0.00645	0.00883	0.00255	0.01267	0.00871	0.00379	0.01030
15	0.02746	0.02031	0.02172	0.01678	0.02261	0.02234	0.01382	0.61595	0.03439	0.04592	0.02226	0.02199	0.05917	0.00980	0.00768	0.00230	0.00804	0.00746	0.00755	0.01245
16	0.01685	0.19564	0.43841	0.02196	0.05878	0.02065	0.09980	0.02372	0.01616	0.02268	0.01315	0.01579	0.00997	0.00693	0.00689	0.00224	0.01060	0.00570	0.00331	0.01079
17	0.04774	0.02227	0.14315	0.03243	0.36813	0.08934	0.02051	0.02353	0.03886	0.02450	0.03965	0.02492	0.03486	0.00864	0.00756	0.00235	0.00922	0.04731	0.00429	0.01074
18	0.12025	0.01795	0.02365	0.13621	0.07698	0.06047	0.11305	0.18672	0.04930	0.03024	0.01696	0.02210	0.01358	0.01195	0.05784	0.00313	0.01008	0.03430	0.00516	0.01008
19	0.01201	0.00834	0.00950	0.00916	0.00985	0.00851	0.00574	0.05303	0.01317	0.01751	0.02705	0.04758	0.07331	0.57643	0.09218	0.00710	0.00829	0.01087	0.00492	0.00545
20	0.06222	0.37790	0.16140	0.01577	0.02274	0.06721	0.04164	0.04452	0.01728	0.08108	0.03537	0.01621	0.01263	0.00737	0.00607	0.00198	0.00886	0.00533	0.00423	0.01019
21	0.39214	0.06306	0.01702	0.01274	0.01784	0.01951	0.01062	0.26158	0.02185	0.03770	0.01455	0.01578	0.01096	0.00792	0.00584	0.00223	0.00676	0.00536	0.06655	0.00998
22	0.30554	0.01417	0.01396	0.01179	0.01629	0.01502	0.00942	0.14010	0.06122	0.03338	0.09401	0.07015	0.02116	0.00962	0.00643	0.00219	0.00584	0.00739	0.03563	0.12669
23	0.01267	0.01037	0.01142	0.01077	0.01328	0.05248	0.02873	0.01580	0.04340	0.05906	0.19263	0.17524	0.31120	0.01718	0.00883	0.00256	0.00503	0.01480	0.00717	0.00737

[dist]
# distance from previous block
# <min> <max>
0	2

[block]
# block no. 4 follows, 26 sequences, length 17
# corresponding to MSA columns:
# 254-270
name=unknown_E
#
# <colnr> <probs for GDERKNQSTAVLIFYWHMCP>
#	G	D	E	R	K	N	Q	S	T	A	V	L	I	F	Y	W	H	M	C	P
0	0.01588	0.01696	0.03533	0.06758	0.03389	0.01650	0.46241	0.02122	0.01648	0.02247	0.01763	0.06128	0.01496	0.01694	0.13985	0.00440	0.01359	0.00936	0.00403	0.00925
1	0.01222	0.01028	0.01487	0.01322	0.01600	0.00932	0.07395	0.01455	0.01489	0.02100	0.02950	0.40801	0.03327	0.04919	0.01054	0.00272	0.03722	0.01468	0.00577	0.20880
2	0.01837	0.02003	0.02921	0.02333	0.02600	0.10302	0.20087	0.02142	0.01460	0.02003	0.01172	0.01736	0.01038	0.01065	0.01816	0.00294	0.43235	0.00709	0.00354	0.00891
3	0.10648	0.19330	0.37081	0.01792	0.02618	0.04553	0.02050	0.05860	0.01657	0.02459	0.01256	0.01478	0.00968	0.00746	0.00730	0.00224	0.04627	0.00517	0.00366	0.01039
4	0.01895	0.01762	0.02289	0.46989	0.08944	0.11133	0.01921	0.08254	0.01845	0.05692	0.01459	0.01932	0.01091	0.00779	0.00748	0.00240	0.01017	0.00654	0.00418	0.00939
5	0.02640	0.03090	0.02195	0.01933	0.02286	0.49953	0.01495	0.10964	0.02164	0.02229	0.01226	0.01476	0.01021	0.00891	0.01001	0.00223	0.13318	0.00543	0.00428	0.00924
6	0.01471	0.01387	0.02344	0.65791	0.10655	0.01695	0.02125	0.01971	0.01535	0.01984	0.01355	0.02010	0.01027	0.00751	0.00758	0.00250	0.01002	0.00674	0.00340	0.00873
7	0.01877	0.01802	0.03079	0.04656	0.68612	0.01802	0.02328	0.02328	0.01727	0.02478	0.01427	0.01877	0.01201	0.00676	0.00751	0.00225	0.00901	0.00676	0.00375	0.01201
8	0.00917	0.00764	0.00800	0.00802	0.01040	0.00647	0.00597	0.01124	0.01762	0.02152	0.14086	0.10100	0.58801	0.01902	0.00900	0.00257	0.00384	0.01601	0.00719	0.00647
9	0.00924	0.00660	0.00880	0.01056	0.01100	0.00616	0.00704	0.01056	0.01452	0.01936	0.04181	0.72848	0.05017	0.02376	0.00968	0.00308	0.00440	0.02156	0.00704	0.00616
10	0.01432	0.01348	0.02275	0.71520	0.05224	0.01685	0.02107	0.01938	0.01517	0.01938	0.01348	0.02022	0.01011	0.00758	0.00758	0.00253	0.01011	0.00674	0.00337	0.00843
11	0.01414	0.00707	0.00707	0.00707	0.00884	0.00707	0.00530	0.01767	0.01591	0.02828	0.02474	0.02828	0.01944	0.00884	0.00530	0.00177	0.00353	0.00707	0.77554	0.00707
12	0.00924	0.00660	0.00880	0.01056	0.01100	0.00616	0.00704	0.01056	0.01452	0.01936	0.04181	0.72848	0.05017	0.02376	0.00968	0.00308	0.00440	0.02156	0.00704	0.00616
13	0.00924	0.00660	0.00880	0.01056	0.01100	0.00616	0.00704	0.01056	0.01452	0.01936	0.04181	0.72848	0.05017	0.02376	0.00968	0.00308	0.00440	0.02156	0.00704	0.00616
14	0.02883	0.02125	0.02276	0.01745	0.02352	0.02352	0.01442	0.66082	0.03566	0.04780	0.01821	0.01821	0.01290	0.00911	0.00759	0.00228	0.00835	0.00683	0.00759	0.01290
15	0.01318	0.00659	0.00988	0.00988	0.00988	0.00659	0.00659	0.00988	0.00988	0.01318	0.01318	0.02306	0.01318	0.02635	0.02964	0.77931	0.00659	0.00659	0.00329	0.00329
16	0.01055	0.00775	0.00988	0.00935	0.01122	0.00708	0.00701	0.01395	0.02103	0.02937	0.61800	0.05839	0.13634	0.01590	0.00895	0.00240	0.00361	0.01396	0.00821	0.00708

[dist]
# distance from previous block
# <min> <max>
0	15

[block]
# block no. 5 follows, 26 sequences, length 28
# corresponding to MSA columns:
# 286-313
name=unknown_F
#
# <colnr> <probs for GDERKNQSTAVLIFYWHMCP>
#	G	D	E	R	K	N	Q	S	T	A	V	L	I	F	Y	W	H	M	C	P
0	0.01475	0.01414	0.02458	0.64153	0.07686	0.01706	0.06481	0.01987	0.01544	0.01993	0.01364	0.02018	0.01028	0.00747	0.00767	0.00252	0.01025	0.00689	0.00342	0.00869
1	0.03240	0.01255	0.01708	0.01322	0.01880	0.01087	0.01087	0.03538	0.02169	0.64518	0.07550	0.02797	0.02247	0.00982	0.00772	0.00235	0.00625	0.00805	0.00932	0.01251
2	0.78701	0.01467	0.01115	0.00997	0.01467	0.01702	0.00821	0.02230	0.01291	0.03403	0.01056	0.01232	0.00821	0.00704	0.00469	0.00235	0.00587	0.00411	0.00469	0.00821
3	0.01414	0.00707	0.00707	0.00707	0.00884	0.00707	0.00530	0.01767	0.01591	0.02828	0.02474	0.02828	0.01944	0.00884	0.00530	0.00177	0.00353	0.00707	0.77554	0.00707
4	0.01091	0.00730	0.00831	0.00843	0.00846	0.00727	0.00476	0.01100	0.01127	0.01503	0.02513	0.09612	0.02912	0.68483	0.03663	0.00706	0.00715	0.01175	0.00476	0.00470
5	0.02871	0.02064	0.02229	0.01718	0.02317	0.02273	0.01416	0.60617	0.05941	0.07900	0.01928	0.01897	0.01358	0.00916	0.00759	0.00229	0.00816	0.00694	0.00768	0.01287
6	0.01521	0.03923	0.69413	0.02162	0.03283	0.01762	0.02802	0.02402	0.01601	0.02402	0.01361	0.01601	0.00961	0.00721	0.00721	0.00240	0.01121	0.00560	0.00320	0.01121
7	0.00954	0.00819	0.00824	0.00814	0.01080	0.00713	0.00613	0.01261	0.05563	0.02115	0.07415	0.07038	0.64442	0.01869	0.00889	0.00256	0.00397	0.01557	0.00708	0.00673
8	0.01840	0.01440	0.01661	0.01241	0.01856	0.01233	0.00993	0.13636	0.01952	0.05531	0.01698	0.06626	0.01455	0.00767	0.00634	0.00152	0.00606	0.00624	0.00543	0.55512
9	0.01837	0.01814	0.06765	0.02078	0.02786	0.01518	0.26964	0.04840	0.01769	0.07089	0.01544	0.01845	0.01179	0.00666	0.00786	0.00197	0.03123	0.00671	0.00458	0.32071
10	0.58112	0.01638	0.01293	0.01138	0.01592	0.08283	0.00918	0.04583	0.01574	0.07777	0.05907	0.01667	0.01367	0.00794	0.00550	0.00231	0.00659	0.00519	0.00529	0.00868
11	0.02632	0.01740	0.01941	0.01552	0.02067	0.01865	0.01257	0.41684	0.07855	0.15031	0.02387	0.09614	0.01886	0.01079	0.00774	0.00238	0.00726	0.00867	0.03613	0.01190
12	0.00960	0.00684	0.00899	0.01026	0.01090	0.00640	0.00692	0.01122	0.01548	0.02094	0.14769	0.57656	0.05242	0.06391	0.01125	0.00321	0.00444	0.01964	0.00712	0.00624
13	0.01905	0.01288	0.01563	0.01165	0.01778	0.01005	0.00930	0.02218	0.01688	0.16166	0.01884	0.06748	0.01550	0.00766	0.00631	0.00151	0.00570	0.00633	0.00568	0.56792
14	0.16636	0.01603	0.01765	0.01425	0.01964	0.01692	0.01162	0.19337	0.15525	0.27522	0.02363	0.02194	0.01625	0.00907	0.00710	0.00237	0.00674	0.00698	0.00774	0.01187
15	0.01659	0.01659	0.02323	0.01991	0.01991	0.02323	0.01659	0.01825	0.01162	0.01825	0.00996	0.01659	0.00996	0.01328	0.02489	0.00332	0.71955	0.00664	0.00332	0.00830
16	0.01573	0.01348	0.01573	0.01123	0.01798	0.01011	0.00899	0.01910	0.01573	0.02472	0.01348	0.01573	0.01123	0.00562	0.00562	0.00112	0.00562	0.00449	0.00449	0.77980
17	0.00924	0.00660	0.00880	0.01056	0.01100	0.00616	0.00704	0.01056	0.01452	0.01936	0.04181	0.72848	0.05017	0.02376	0.00968	0.00308	0.00440	0.02156	0.00704	0.00616
18	0.00933	0.00664	0.00878	0.01045	0.01087	0.00622	0.00693	0.01058	0.01436	0.01915	0.04097	0.69673	0.04911	0.05696	0.01103	0.00328	0.00454	0.02107	0.00693	0.00609
19	0.02847	0.03212	0.02184	0.01898	0.02347	0.51932	0.01459	0.20072	0.02532	0.02647	0.01348	0.01490	0.01062	0.00816	0.00704	0.00204	0.01224	0.00541	0.00490	0.00990
20	0.01099	0.00751	0.00908	0.00908	0.00936	0.00779	0.00561	0.01155	0.01127	0.01531	0.02316	0.04553	0.02579	0.59331	0.17629	0.00836	0.01004	0.01043	0.00449	0.00505
21	0.01074	0.00775	0.01014	0.00954	0.01133	0.00716	0.00716	0.01431	0.02147	0.03042	0.68211	0.05666	0.07157	0.01551	0.00895	0.00239	0.00358	0.01372	0.00835	0.00716
22	0.01090	0.00734	0.00850	0.00863	0.00872	0.00738	0.00501	0.01112	0.01133	0.01518	0.02497	0.09609	0.02873	0.65040	0.06945	0.00729	0.00779	0.01162	0.00474	0.00481
23	0.02770	0.03375	0.02224	0.02127	0.06976	0.60339	0.01524	0.07780	0.02228	0.02122	0.01240	0.01438	0.01017	0.00784	0.00694	0.00200	0.01295	0.00516	0.00418	0.00933
24	0.02970	0.01985	0.02190	0.01679	0.02283	0.02146	0.01387	0.55664	0.03333	0.15527	0.02017	0.01948	0.01388	0.00915	0.00759	0.00229	0.00803	0.00696	0.00789	0.01290
25	0.00935	0.00668	0.00889	0.01049	0.01102	0.00623	0.00705	0.01082	0.01501	0.02013	0.08643	0.68166	0.05166	0.02319	0.00963	0.00303	0.00434	0.02102	0.00713	0.00623
26	0.01790	0.02046	0.04476	0.03197	0.03964	0.01918	0.65857	0.02430	0.01790	0.02430	0.01535	0.02046	0.01151	0.00639	0.00895	0.00256	0.01279	0.00895	0.00384	0.01023
27	0.14137	0.08585	0.01343	0.00998	0.01275	0.01121	0.00795	0.01653	0.01940	0.02970	0.49921	0.04457	0.05447	0.01314	0.00781	0.00230	0.00444	0.01109	0.00720	0.00761

[dist]
# distance from previous block
# <min> <max>
0	1

[block]
# block no. 6 follows, 26 sequences, length 35
# corresponding to MSA columns:
# 315-349
name=unknown_G
#
# <colnr> <probs for GDERKNQSTAVLIFYWHMCP>
#	G	D	E	R	K	N	Q	S	T	A	V	L	I	F	Y	W	H	M	C	P
0	0.02643	0.01904	0.02070	0.01647	0.02193	0.02096	0.01339	0.47056	0.15184	0.08944	0.02251	0.05401	0.01697	0.01003	0.00771	0.00237	0.00759	0.00790	0.00771	0.01242
1	0.02662	0.02015	0.02152	0.01700	0.02268	0.02249	0.01388	0.52311	0.17698	0.04424	0.02102	0.02045	0.01518	0.00937	0.00762	0.00234	0.00783	0.00722	0.00762	0.01270
2	0.01103	0.00735	0.00827	0.00827	0.00827	0.00735	0.00460	0.01103	0.01103	0.01471	0.02390	0.04964	0.02758	0.73343	0.03861	0.00735	0.00735	0.01103	0.00460	0.00460
3	0.02028	0.73799	0.03975	0.01298	0.01947	0.03001	0.01298	0.02271	0.01541	0.01785	0.01055	0.01217	0.00973	0.00649	0.00487	0.00162	0.00811	0.00406	0.00324	0.00973
