[name]
unknown

[dist]
# distance from previous block
# <min> <max>
33	71

[block]
# block no. 0 follows, 29 sequences, length 32
# corresponding to MSA columns:
# 103-134
name=unknown_A
#
# <colnr> <probs for GDERKNQSTAVLIFYWHMCP>
#	G	D	E	R	K	N	Q	S	T	A	V	L	I	F	Y	W	H	M	C	P
0	0.11194	0.05722	0.01774	0.01432	0.01835	0.06393	0.01177	0.23195	0.13390	0.05426	0.02169	0.05946	0.01899	0.01082	0.00785	0.00239	0.03842	0.10915	0.00614	0.00970
1	0.04804	0.07695	0.03913	0.01591	0.06156	0.10921	0.01232	0.15387	0.10449	0.12607	0.06653	0.02415	0.01866	0.03081	0.03089	0.00255	0.00789	0.03223	0.00592	0.03283
2	0.10799	0.09355	0.06829	0.01609	0.06573	0.10827	0.03777	0.11656	0.04193	0.04585	0.06115	0.07931	0.07444	0.01030	0.00695	0.00221	0.00753	0.04190	0.00525	0.00894
3	0.04814	0.04253	0.02078	0.05285	0.07183	0.11228	0.06810	0.19176	0.12864	0.05114	0.07514	0.02375	0.04148	0.03044	0.00797	0.00231	0.00795	0.00737	0.00571	0.00985
4	0.07399	0.01778	0.05642	0.07385	0.05136	0.09827	0.01287	0.12805	0.16863	0.08299	0.02211	0.07469	0.04241	0.00941	0.00694	0.00220	0.00735	0.00759	0.00575	0.05736
5	0.04800	0.08561	0.06929	0.02500	0.18962	0.13484	0.12551	0.11670	0.08999	0.02562	0.01485	0.01705	0.01162	0.00712	0.00687	0.00211	0.00933	0.00621	0.00441	0.01026
6	0.01408	0.01344	0.02313	0.62122	0.12591	0.01604	0.04838	0.01882	0.01458	0.01899	0.01282	0.01883	0.00976	0.00698	0.00717	0.00234	0.00948	0.00642	0.00323	0.00838
7	0.01698	0.01626	0.02774	0.15006	0.60402	0.01675	0.02153	0.02129	0.01591	0.02248	0.01328	0.01783	0.01100	0.00646	0.00706	0.00215	0.00862	0.00634	0.00347	0.01076
8	0.01004	0.00722	0.00923	0.01039	0.01120	0.00699	0.00712	0.05966	0.01510	0.02015	0.03761	0.69118	0.04450	0.02129	0.00894	0.00284	0.00441	0.01922	0.00665	0.00625
9	0.01477	0.01266	0.01477	0.01055	0.01687	0.00949	0.00844	0.01793	0.01477	0.02320	0.01266	0.01477	0.01055	0.00527	0.00527	0.00105	0.00527	0.00422	0.00422	0.79328
10	0.00886	0.00723	0.00783	0.00768	0.00989	0.00620	0.00576	0.01108	0.01728	0.02172	0.23991	0.06444	0.53312	0.01711	0.00841	0.00236	0.00354	0.01445	0.00694	0.00620
11	0.00868	0.00620	0.00826	0.00991	0.01033	0.00578	0.00661	0.00991	0.01363	0.01818	0.03925	0.74510	0.04710	0.02231	0.00909	0.00289	0.00413	0.02024	0.00661	0.00578
12	0.00868	0.00620	0.00826	0.00991	0.01033	0.00578	0.00661	0.00991	0.01363	0.01818	0.03925	0.74510	0.04710	0.02231	0.00909	0.00289	0.00413	0.02024	0.00661	0.00578
13	0.01036	0.00690	0.00777	0.00777	0.00777	0.00690	0.00431	0.01036	0.01036	0.01381	0.02244	0.04660	0.02589	0.74975	0.03624	0.00690	0.00690	0.01036	0.00431	0.00431
14	0.01904	0.75404	0.03731	0.01218	0.01828	0.02818	0.01218	0.02132	0.01447	0.01675	0.00990	0.01142	0.00914	0.00609	0.00457	0.00152	0.00761	0.00381	0.00305	0.00914
15	0.00917	0.00724	0.00826	0.00801	0.01008	0.00633	0.00600	0.01168	0.01801	0.02347	0.35788	0.06157	0.41405	0.01646	0.00841	0.00233	0.00349	0.01405	0.00717	0.00633
16	0.01147	0.00820	0.01147	0.01311	0.01475	0.00820	0.01147	0.01475	0.01639	0.02131	0.03770	0.08032	0.04098	0.01967	0.00984	0.00328	0.00656	0.65741	0.00656	0.00656
17	0.01904	0.75404	0.03731	0.01218	0.01828	0.02818	0.01218	0.02132	0.01447	0.01675	0.00990	0.01142	0.00914	0.00609	0.00457	0.00152	0.00761	0.00381	0.00305	0.00914
18	0.01771	0.01530	0.01610	0.01449	0.01852	0.01771	0.01127	0.03784	0.69247	0.02979	0.02898	0.02657	0.02174	0.00966	0.00725	0.00242	0.00564	0.00805	0.00725	0.01127
19	0.00859	0.00709	0.00754	0.00771	0.00979	0.00604	0.00567	0.01044	0.01622	0.01987	0.11965	0.15445	0.56576	0.01830	0.00850	0.00245	0.00365	0.01552	0.00671	0.00604
20	0.01008	0.00728	0.00952	0.00896	0.01064	0.00672	0.00672	0.01344	0.02016	0.02855	0.70158	0.05319	0.06719	0.01456	0.00840	0.00224	0.00336	0.01288	0.00784	0.00672
21	0.01345	0.01266	0.02136	0.73264	0.04904	0.01582	0.01978	0.01819	0.01424	0.01819	0.01266	0.01898	0.00949	0.00712	0.00712	0.00237	0.00949	0.00633	0.00316	0.00791
22	0.01904	0.75404	0.03731	0.01218	0.01828	0.02818	0.01218	0.02132	0.01447	0.01675	0.00990	0.01142	0.00914	0.00609	0.00457	0.00152	0.00761	0.00381	0.00305	0.00914
23	0.01477	0.01266	0.01477	0.01055	0.01687	0.00949	0.00844	0.01793	0.01477	0.02320	0.01266	0.01477	0.01055	0.00527	0.00527	0.00105	0.00527	0.00422	0.00422	0.79328
24	0.01035	0.00694	0.00795	0.00795	0.00801	0.00700	0.00454	0.01047	0.01041	0.01394	0.02227	0.04568	0.02549	0.71552	0.06993	0.00713	0.00750	0.01022	0.00429	0.00442
25	0.01044	0.00802	0.01195	0.01180	0.01301	0.00953	0.00923	0.01293	0.01142	0.01656	0.01860	0.02737	0.01739	0.05140	0.68737	0.01104	0.05419	0.00756	0.00378	0.00643
26	0.01737	0.04526	0.02652	0.02168	0.04975	0.10594	0.14903	0.01998	0.01355	0.01854	0.01074	0.01591	0.00969	0.01007	0.01698	0.00272	0.44819	0.00639	0.00329	0.00840
27	0.01838	0.63744	0.09235	0.01336	0.01935	0.02672	0.01362	0.02110	0.01424	0.01727	0.01010	0.01204	0.00914	0.00664	0.00620	0.00171	0.06403	0.00412	0.00305	0.00915
28	0.00948	0.00726	0.00869	0.00833	0.01027	0.00647	0.00625	0.01229	0.01875	0.02522	0.47637	0.05868	0.29448	0.01580	0.00840	0.00230	0.00345	0.01365	0.00740	0.00647
29	0.01498	0.01285	0.01486	0.01084	0.01700	0.01010	0.00865	0.01940	0.06496	0.02369	0.01387	0.01564	0.01138	0.00560	0.00542	0.00116	0.00530	0.00450	0.00444	0.73536
30	0.02963	0.01431	0.01703	0.01327	0.01858	0.05757	0.01084	0.10920	0.02169	0.53774	0.04798	0.02328	0.01784	0.00875	0.00708	0.00213	0.00658	0.00699	0.00807	0.04145
31	0.01036	0.00690	0.00777	0.00777	0.00777	0.00690	0.00431	0.01036	0.01036	0.01381	0.02244	0.04660	0.02589	0.74975	0.03624	0.00690	0.00690	0.01036	0.00431	0.00431

[dist]
# distance from previous block
# <min> <max>
0	39

[block]
# block no. 1 follows, 29 sequences, length 84
# corresponding to MSA columns:
# 174-257
name=unknown_B
#
# <colnr> <probs for GDERKNQSTAVLIFYWHMCP>
#	G	D	E	R	K	N	Q	S	T	A	V	L	I	F	Y	W	H	M	C	P
0	0.01030	0.00691	0.00775	0.00775	0.00782	0.00688	0.00435	0.01035	0.01054	0.01397	0.02398	0.04728	0.04684	0.72709	0.03538	0.00676	0.00680	0.01050	0.00439	0.00437
1	0.51292	0.01336	0.01444	0.27338	0.02665	0.01592	0.01212	0.01993	0.01289	0.02693	0.01092	0.01427	0.00836	0.00680	0.00540	0.00227	0.00696	0.00476	0.00395	0.00778
2	0.01147	0.00820	0.01147	0.01311	0.01475	0.00820	0.01147	0.01475	0.01639	0.02131	0.03770	0.08032	0.04098	0.01967	0.00984	0.00328	0.00656	0.65741	0.00656	0.00656
3	0.02210	0.01700	0.01870	0.01403	0.01998	0.01700	0.01148	0.41349	0.02592	0.03612	0.01530	0.01615	0.01148	0.00723	0.00638	0.00170	0.00680	0.00553	0.00595	0.32768
4	0.01075	0.00755	0.01004	0.01127	0.01230	0.00749	0.00891	0.01288	0.01445	0.01894	0.03416	0.17896	0.03821	0.20149	0.01628	0.00412	0.00625	0.39406	0.00601	0.00588
5	0.01697	0.02339	0.22941	0.03590	0.48204	0.04282	0.02286	0.02230	0.01601	0.02284	0.01313	0.01669	0.01054	0.00650	0.00694	0.00215	0.00923	0.00596	0.00338	0.01095
6	0.01446	0.03561	0.66651	0.02097	0.03126	0.01664	0.07144	0.02257	0.01516	0.02257	0.01289	0.01532	0.00914	0.00671	0.00688	0.00227	0.01063	0.00548	0.00305	0.01046
7	0.00868	0.00620	0.00826	0.00991	0.01033	0.00578	0.00661	0.00991	0.01363	0.01818	0.03925	0.74510	0.04710	0.02231	0.00909	0.00289	0.00413	0.02024	0.00661	0.00578
8	0.00869	0.00678	0.00792	0.00879	0.01020	0.00601	0.00627	0.01029	0.01500	0.01883	0.05478	0.39214	0.35787	0.02015	0.00880	0.00268	0.00400	0.04826	0.00661	0.00593
9	0.01626	0.14667	0.55066	0.01865	0.02799	0.04794	0.02295	0.02310	0.01538	0.04941	0.01288	0.01476	0.00939	0.00677	0.00643	0.00212	0.00999	0.00509	0.00328	0.01028
10	0.01478	0.00874	0.00906	0.00842	0.01069	0.00904	0.00646	0.10333	0.04605	0.02828	0.02606	0.06162	0.05572	0.00957	0.00573	0.00185	0.00406	0.00776	0.57530	0.00747
11	0.01762	0.01692	0.02890	0.04371	0.70533	0.01692	0.02185	0.02185	0.01621	0.02326	0.01339	0.01762	0.01128	0.00634	0.00705	0.00211	0.00846	0.00634	0.00352	0.01128
12	0.01630	0.08332	0.02316	0.01809	0.01878	0.04822	0.01520	0.01793	0.01157	0.01711	0.00946	0.01510	0.00932	0.01170	0.02103	0.00292	0.64377	0.00595	0.00313	0.00793
13	0.01477	0.01266	0.01477	0.01055	0.01687	0.00949	0.00844	0.01793	0.01477	0.02320	0.01266	0.01477	0.01055	0.00527	0.00527	0.00105	0.00527	0.00422	0.00422	0.79328
14	0.01776	0.01485	0.01564	0.01436	0.01812	0.04028	0.01135	0.03428	0.55110	0.05591	0.02950	0.03323	0.02373	0.01089	0.00756	0.00250	0.00602	0.09525	0.00709	0.01057
15	0.02870	0.01270	0.01639	0.01285	0.01796	0.01179	0.01051	0.09754	0.06594	0.54231	0.08326	0.02610	0.02148	0.00932	0.00727	0.00221	0.00598	0.00762	0.00846	0.01161
16	0.01237	0.00618	0.00928	0.00928	0.00928	0.00618	0.00618	0.00928	0.00928	0.01237	0.01237	0.02165	0.01237	0.02474	0.02783	0.79283	0.00618	0.00618	0.00309	0.00309
17	0.00932	0.00779	0.00793	0.00775	0.01024	0.00677	0.00584	0.04234	0.01696	0.02042	0.06829	0.09092	0.64534	0.01774	0.00838	0.00241	0.00383	0.01481	0.00664	0.00629
18	0.01450	0.03533	0.65566	0.02112	0.03136	0.01666	0.08200	0.02257	0.01518	0.02257	0.01292	0.01539	0.00917	0.00670	0.00690	0.00227	0.01065	0.00553	0.00306	0.01045
19	0.01036	0.00690	0.00777	0.00777	0.00777	0.00690	0.00431	0.01036	0.01036	0.01381	0.02244	0.04660	0.02589	0.74975	0.03624	0.00690	0.00690	0.01036	0.00431	0.00431
20	0.01428	0.03683	0.71286	0.02030	0.03082	0.01654	0.02631	0.02255	0.01503	0.02255	0.01278	0.01503	0.00902	0.00677	0.00677	0.00226	0.01052	0.00526	0.00301	0.01052
21	0.01828	0.01827	0.02746	0.04020	0.61543	0.08485	0.02071	0.02225	0.01660	0.02263	0.01400	0.01931	0.01209	0.00690	0.00708	0.00213	0.00882	0.02852	0.00364	0.01082
22	0.80005	0.01377	0.01047	0.00936	0.01377	0.01597	0.00771	0.02093	0.01212	0.03195	0.00991	0.01157	0.00771	0.00661	0.00441	0.00220	0.00551	0.00386	0.00441	0.00771
23	0.00907	0.00650	0.00855	0.00984	0.01051	0.00609	0.00680	0.01062	0.01443	0.01931	0.10869	0.57868	0.06829	0.05280	0.01022	0.00301	0.00431	0.05978	0.00664	0.00587
24	0.00842	0.00721	0.00721	0.00721	0.00962	0.00601	0.00541	0.01022	0.01623	0.01924	0.07213	0.06853	0.70244	0.01803	0.00842	0.00240	0.00361	0.01503	0.00661	0.00601
25	0.02082	0.50578	0.03121	0.01373	0.01922	0.12975	0.01246	0.08795	0.08131	0.02081	0.01257	0.01362	0.01062	0.00685	0.00535	0.00171	0.00823	0.00458	0.00393	0.00950
26	0.01428	0.03683	0.71286	0.02030	0.03082	0.01654	0.02631	0.02255	0.01503	0.02255	0.01278	0.01503	0.00902	0.00677	0.00677	0.00226	0.01052	0.00526	0.00301	0.01052
27	0.04037	0.12884	0.19347	0.01522	0.04850	0.01407	0.01475	0.01945	0.03706	0.05478	0.08638	0.04087	0.07265	0.01196	0.00753	0.00244	0.00722	0.19069	0.00517	0.00858
28	0.01438	0.03615	0.68694	0.02067	0.03107	0.01659	0.05155	0.02256	0.01510	0.02256	0.01284	0.01519	0.00909	0.00674	0.00683	0.00226	0.01058	0.00538	0.00303	0.01049
29	0.00898	0.00623	0.00816	0.00970	0.01019	0.00584	0.00650	0.01035	0.01372	0.01873	0.03819	0.69777	0.04520	0.02139	0.00882	0.00281	0.00408	0.01935	0.05817	0.00584
30	0.06020	0.01598	0.09661	0.01379	0.01950	0.01320	0.01234	0.10297	0.08187	0.43994	0.02421	0.02293	0.01630	0.03716	0.00812	0.00240	0.00674	0.00692	0.00745	0.01137
31	0.06468	0.01371	0.02189	0.51602	0.12889	0.01620	0.04033	0.02058	0.06929	0.02082	0.01395	0.01896	0.01064	0.00716	0.00699	0.00233	0.00887	0.00638	0.00363	0.00866
32	0.01723	0.01739	0.02479	0.11501	0.47994	0.09691	0.01898	0.02099	0.01645	0.02160	0.01913	0.02251	0.08259	0.00776	0.00713	0.00214	0.00858	0.00704	0.00382	0.01000
33	0.01036	0.00690	0.00777	0.00777	0.00777	0.00690	0.00431	0.01036	0.01036	0.01381	0.02244	0.04660	0.02589	0.74975	0.03624	0.00690	0.00690	0.01036	0.00431	0.00431
34	0.01036	0.00690	0.00777	0.00777	0.00777	0.00690	0.00431	0.01036	0.01036	0.01381	0.02244	0.04660	0.02589	0.74975	0.03624	0.00690	0.00690	0.01036	0.00431	0.00431
35	0.01621	0.01532	0.02484	0.06609	0.53960	0.01545	0.01887	0.02115	0.05952	0.02292	0.02229	0.02512	0.10512	0.00817	0.00725	0.00218	0.00767	0.00762	0.00416	0.01043
36	0.01904	0.75404	0.03731	0.01218	0.01828	0.02818	0.01218	0.02132	0.01447	0.01675	0.00990	0.01142	0.00914	0.00609	0.00457	0.00152	0.00761	0.00381	0.00305	0.00914
37	0.67169	0.01665	0.09978	0.03731	0.01722	0.01604	0.01051	0.02104	0.01257	0.03025	0.01038	0.01228	0.00794	0.00665	0.00480	0.00222	0.00629	0.00412	0.00418	0.00807
38	0.01358	0.01279	0.02159	0.71135	0.06932	0.01585	0.01984	0.01831	0.01430	0.01835	0.01268	0.01894	0.00955	0.00710	0.00712	0.00237	0.00946	0.00633	0.00318	0.00801
39	0.01716	0.20435	0.04552	0.01285	0.01874	0.01674	0.03166	0.09919	0.01691	0.02368	0.01494	0.01668	0.03996	0.00684	0.00647	0.00154	0.04150	0.00510	0.00426	0.37587
40	0.00999	0.00687	0.00782	0.00798	0.00829	0.00670	0.00473	0.01038	0.01152	0.01519	0.04826	0.12407	0.09044	0.58414	0.03000	0.00593	0.00621	0.01192	0.00487	0.00470
41	0.01904	0.75404	0.03731	0.01218	0.01828	0.02818	0.01218	0.02132	0.01447	0.01675	0.00990	0.01142	0.00914	0.00609	0.00457	0.00152	0.00761	0.00381	0.00305	0.00914
42	0.00901	0.00641	0.00853	0.01011	0.01061	0.00606	0.00695	0.01038	0.01373	0.01826	0.03831	0.65127	0.04553	0.05653	0.01044	0.00312	0.00448	0.07799	0.00650	0.00578
43	0.05208	0.03433	0.62619	0.02054	0.03051	0.01663	0.07708	0.02249	0.01503	0.02302	0.01277	0.01520	0.00910	0.00670	0.00678	0.00226	0.01040	0.00544	0.00312	0.01032
44	0.80005	0.01377	0.01047	0.00936	0.01377	0.01597	0.00771	0.02093	0.01212	0.03195	0.00991	0.01157	0.00771	0.00661	0.00441	0.00220	0.00551	0.00386	0.00441	0.00771
45	0.00868	0.00620	0.00826	0.00991	0.01033	0.00578	0.00661	0.00991	0.01363	0.01818	0.03925	0.74510	0.04710	0.02231	0.00909	0.00289	0.00413	0.02024	0.00661	0.00578
46	0.01762	0.01692	0.02890	0.04371	0.70533	0.01692	0.02185	0.02185	0.01621	0.02326	0.01339	0.01762	0.01128	0.00634	0.00705	0.00211	0.00846	0.00634	0.00352	0.01128
47	0.02280	0.12698	0.09485	0.01660	0.02165	0.33653	0.01428	0.13771	0.09100	0.02387	0.01604	0.01694	0.03475	0.00792	0.00648	0.00197	0.00997	0.00558	0.00457	0.00950
48	0.01327	0.00664	0.00664	0.00664	0.00830	0.00664	0.00498	0.01659	0.01493	0.02655	0.02323	0.02655	0.01825	0.00830	0.00498	0.00166	0.00332	0.00664	0.78928	0.00664
49	0.01126	0.00809	0.01118	0.01259	0.01426	0.00801	0.01090	0.01450	0.01668	0.02181	0.09124	0.07779	0.06515	0.01921	0.00967	0.00317	0.00621	0.58508	0.00666	0.00655
50	0.01455	0.01372	0.02314	0.53221	0.12329	0.01592	0.06873	0.04742	0.01560	0.02035	0.01589	0.02110	0.04275	0.00752	0.00727	0.00234	0.00921	0.00690	0.00358	0.00853
51	0.01941	0.01750	0.04298	0.31392	0.13390	0.04430	0.03836	0.25009	0.02154	0.02846	0.01431	0.01779	0.01068	0.00747	0.00711	0.00223	0.00900	0.00633	0.00462	0.01000
52	0.72209	0.01362	0.01124	0.03474	0.01529	0.01561	0.00831	0.02174	0.01274	0.07615	0.01121	0.01266	0.00843	0.00677	0.00468	0.00221	0.00568	0.00416	0.00465	0.00801
53	0.01018	0.00760	0.01129	0.01129	0.01251	0.00882	0.00871	0.01262	0.01140	0.01642	0.01921	0.02873	0.01813	0.08173	0.69365	0.01126	0.01858	0.00774	0.00383	0.00627
54	0.02707	0.01995	0.02137	0.01638	0.02208	0.02208	0.01353	0.68159	0.03348	0.04488	0.01710	0.01710	0.01211	0.00855	0.00712	0.00214	0.00784	0.00641	0.00712	0.01211
55	0.01049	0.03356	0.01217	0.01130	0.01267	0.00948	0.00880	0.01290	0.01150	0.01641	0.01891	0.02828	0.01788	0.08475	0.66413	0.01088	0.01810	0.00763	0.00381	0.00636
56	0.00877	0.00678	0.00804	0.00885	0.01024	0.00604	0.00632	0.01047	0.01526	0.01940	0.09417	0.38736	0.32504	0.01991	0.00879	0.00266	0.00397	0.04526	0.00668	0.00597
57	0.01650	0.37192	0.39723	0.01651	0.02496	0.02197	0.01971	0.02198	0.01477	0.01984	0.01143	0.01335	0.00908	0.00645	0.00574	0.00191	0.00916	0.00458	0.00303	0.00988
58	0.80005	0.01377	0.01047	0.00936	0.01377	0.01597	0.00771	0.02093	0.01212	0.03195	0.00991	0.01157	0.00771	0.00661	0.00441	0.00220	0.00551	0.00386	0.00441	0.00771
59	0.00995	0.00745	0.00935	0.00939	0.01124	0.00685	0.00738	0.01291	0.01839	0.02472	0.40598	0.06268	0.22027	0.01649	0.00870	0.00250	0.00409	0.14787	0.00727	0.00651
60	0.01472	0.03294	0.57322	0.02155	0.03135	0.01651	0.13531	0.02242	0.01532	0.02262	0.01305	0.01572	0.00938	0.00658	0.00698	0.00223	0.01057	0.00575	0.00315	0.04062
61	0.19663	0.09014	0.38817	0.01805	0.02624	0.01740	0.10349	0.02198	0.01453	0.02428	0.01207	0.01445	0.00900	0.00653	0.00620	0.00217	0.00916	0.00518	0.00344	0.03090
62	0.00868	0.00620	0.00826	0.00991	0.01033	0.00578	0.00661	0.00991	0.01363	0.01818	0.03925	0.74510	0.04710	0.02231	0.00909	0.00289	0.00413	0.02024	0.00661	0.00578
63	0.00868	0.00620	0.00826	0.00991	0.01033	0.00578	0.00661	0.00991	0.01363	0.01818	0.03925	0.74510	0.04710	0.02231	0.00909	0.00289	0.00413	0.02024	0.00661	0.00578
64	0.04900	0.01601	0.02141	0.06240	0.04129	0.10619	0.14979	0.03917	0.01572	0.02122	0.04987	0.08913	0.07475	0.01245	0.03830	0.00280	0.15531	0.00875	0.03847	0.00798
65	0.06083	0.13691	0.07311	0.01438	0.02002	0.01882	0.01280	0.23836	0.12977	0.17271	0.03914	0.01978	0.01545	0.00833	0.00662	0.00211	0.00704	0.00638	0.00641	0.01101
66	0.00868	0.00620	0.00826	0.00991	0.01033	0.00578	0.00661	0.00991	0.01363	0.01818	0.03925	0.74510	0.04710	0.02231	0.00909	0.00289	0.00413	0.02024	0.00661	0.00578
67	0.01878	0.01612	0.02710	0.09019	0.58830	0.01618	0.02055	0.02289	0.01649	0.09263	0.01483	0.01839	0.01179	0.00665	0.00707	0.00214	0.00829	0.00643	0.00404	0.01112
68	0.01820	0.09100	0.17433	0.02460	0.14157	0.01711	0.20564	0.02310	0.01609	0.11417	0.01619	0.05252	0.01292	0.00777	0.00822	0.00228	0.05276	0.00723	0.00423	0.01008
69	0.02465	0.12734	0.05538	0.01752	0.02182	0.52853	0.01420	0.06666	0.01966	0.01925	0.01126	0.01312	0.00935	0.00741	0.00685	0.00188	0.03802	0.00469	0.00375	0.00870
70	0.26889	0.07404	0.01850	0.01588	0.03959	0.43335	0.01200	0.02542	0.01716	0.02212	0.01066	0.01249	0.00877	0.00700	0.00569	0.00194	0.01007	0.00436	0.00386	0.00823
71	0.01015	0.00745	0.01071	0.01077	0.01179	0.00845	0.00804	0.01222	0.01134	0.01613	0.02037	0.05715	0.02023	0.16965	0.58015	0.01037	0.01648	0.00855	0.00400	0.00599
72	0.01428	0.03683	0.71286	0.02030	0.03082	0.01654	0.02631	0.02255	0.01503	0.02255	0.01278	0.01503	0.00902	0.00677	0.00677	0.00226	0.01052	0.00526	0.00301	0.01052
73	0.01017	0.00778	0.00966	0.01060	0.01256	0.00726	0.00889	0.01282	0.01632	0.02043	0.05239	0.07529	0.32317	0.01897	0.00923	0.00291	0.00530	0.38336	0.00658	0.00632
74	0.01558	0.01558	0.02181	0.01869	0.01869	0.02181	0.01558	0.01714	0.01091	0.01714	0.00935	0.01558	0.00935	0.01246	0.02337	0.00312	0.73672	0.00623	0.00312	0.00779
75	0.03134	0.01225	0.01651	0.01275	0.01819	0.01078	0.01050	0.03484	0.04922	0.68107	0.02813	0.02434	0.01780	0.00885	0.00716	0.00221	0.00604	0.00720	0.00875	0.01208
76	0.01288	0.00788	0.00907	0.00853	0.00924	0.00782	0.00521	0.03974	0.01215	0.07445	0.02270	0.04349	0.02462	0.65642	0.03258	0.00631	0.00687	0.00992	0.00481	0.00530
77	0.01771	0.01530	0.01610	0.01449	0.01852	0.01771	0.01127	0.03784	0.69247	0.02979	0.02898	0.02657	0.02174	0.00966	0.00725	0.00242	0.00564	0.00805	0.00725	0.01127
78	0.02660	0.03394	0.02018	0.01834	0.02201	0.72116	0.01376	0.02843	0.02018	0.01743	0.01101	0.01284	0.00917	0.00734	0.00642	0.00183	0.01284	0.00459	0.00367	0.00825
79	0.01017	0.00763	0.01144	0.01144	0.01272	0.00890	0.00890	0.01272	0.01144	0.01653	0.01907	0.02797	0.01780	0.05340	0.72153	0.01144	0.01907	0.00763	0.00381	0.00636
80	0.01477	0.01266	0.01477	0.01055	0.01687	0.00949	0.00844	0.01793	0.01477	0.02320	0.01266	0.01477	0.01055	0.00527	0.00527	0.00105	0.00527	0.00422	0.00422	0.79328
81	0.00929	0.00838	0.00789	0.00778	0.01021	0.03711	0.00584	0.01116	0.01659	0.01960	0.09960	0.06538	0.64193	0.01740	0.00833	0.00237	0.00400	0.01447	0.00654	0.00614
82	0.01237	0.00618	0.00928	0.00928	0.00928	0.00618	0.00618	0.00928	0.00928	0.01237	0.01237	0.02165	0.01237	0.02474	0.02783	0.79283	0.00618	0.00618	0.00309	0.00309
83	0.01042	0.00792	0.01163	0.01149	0.01262	0.00932	0.00886	0.01274	0.01134	0.01636	0.01889	0.02878	0.01802	0.10203	0.64160	0.01075	0.04937	0.00777	0.00382	0.00627

[dist]
# distance from previous block
# <min> <max>
0	35

[block]
# block no. 2 follows, 29 sequences, length 86
# corresponding to MSA columns:
# 293-378
name=unknown_C
#
# <colnr> <probs for GDERKNQSTAVLIFYWHMCP>
#	G	D	E	R	K	N	Q	S	T	A	V	L	I	F	Y	W	H	M	C	P
0	0.01727	0.02399	0.20317	0.05235	0.22802	0.08380	0.20927	0.02353	0.04703	0.02253	0.01398	0.01742	0.01079	0.00662	0.00732	0.00223	0.01031	0.00657	0.00359	0.01022
1	0.01024	0.00763	0.00985	0.01105	0.01272	0.00725	0.00912	0.01282	0.01594	0.02029	0.04718	0.17597	0.21960	0.01962	0.00934	0.00299	0.00540	0.39010	0.00658	0.00630
2	0.00842	0.00721	0.00721	0.00721	0.00962	0.00601	0.00541	0.01022	0.01623	0.01924	0.07213	0.06853	0.70244	0.01803	0.00842	0.00240	0.00361	0.01503	0.00661	0.00601
3	0.01428	0.03683	0.71286	0.02030	0.03082	0.01654	0.02631	0.02255	0.01503	0.02255	0.01278	0.01503	0.00902	0.00677	0.00677	0.00226	0.01052	0.00526	0.00301	0.01052
4	0.01833	0.59029	0.17001	0.01397	0.02087	0.04734	0.01502	0.02178	0.01476	0.01792	0.01050	0.01218	0.00912	0.00626	0.00506	0.00168	0.00835	0.00412	0.00306	0.00938
5	0.01742	0.01813	0.07066	0.04228	0.66415	0.01690	0.02213	0.02190	0.01614	0.02322	0.01336	0.01747	0.01114	0.00637	0.00703	0.00212	0.00859	0.00628	0.00349	0.01123
6	0.00868	0.00620	0.00826	0.00991	0.01033	0.00578	0.00661	0.00991	0.01363	0.01818	0.03925	0.74510	0.04710	0.02231	0.00909	0.00289	0.00413	0.02024	0.00661	0.00578
7	0.01883	0.02023	0.05164	0.03871	0.56112	0.12267	0.03875	0.02289	0.01678	0.02235	0.01304	0.01686	0.01087	0.00650	0.00698	0.00209	0.00929	0.00610	0.00353	0.01075
8	0.00870	0.00660	0.00803	0.00898	0.01013	0.00593	0.00624	0.01029	0.01497	0.01934	0.10233	0.47575	0.25630	0.02034	0.00882	0.00269	0.00390	0.01801	0.00671	0.00593
9	0.02707	0.01995	0.02137	0.01638	0.02208	0.02208	0.01353	0.68159	0.03348	0.04488	0.01710	0.01710	0.01211	0.00855	0.00712	0.00214	0.00784	0.00641	0.00712	0.01211
10	0.02246	0.01897	0.02044	0.07651	0.17018	0.16619	0.01467	0.05570	0.19093	0.16087	0.01988	0.02028	0.01466	0.00804	0.00700	0.00217	0.00825	0.00657	0.00567	0.01057
11	0.01018	0.00760	0.01131	0.01131	0.01254	0.00883	0.00874	0.01263	0.01140	0.01643	0.01919	0.02864	0.01809	0.07831	0.69702	0.01128	0.01864	0.00773	0.00383	0.00628
12	0.00879	0.00636	0.00834	0.00988	0.01048	0.00591	0.00675	0.01015	0.01393	0.01839	0.04136	0.67007	0.09024	0.02191	0.00908	0.00288	0.00421	0.04885	0.00661	0.00583
13	0.02707	0.01995	0.02137	0.01638	0.02208	0.02208	0.01353	0.68159	0.03348	0.04488	0.01710	0.01710	0.01211	0.00855	0.00712	0.00214	0.00784	0.00641	0.00712	0.01211
14	0.01237	0.00618	0.00928	0.00928	0.00928	0.00618	0.00618	0.00928	0.00928	0.01237	0.01237	0.02165	0.01237	0.02474	0.02783	0.79283	0.00618	0.00618	0.00309	0.00309
15	0.01743	0.01497	0.01589	0.01443	0.01835	0.01728	0.01128	0.03679	0.66185	0.02940	0.02938	0.02900	0.02261	0.01011	0.00736	0.00245	0.00568	0.03746	0.00721	0.01106
16	0.01036	0.00690	0.00777	0.00777	0.00777	0.00690	0.00431	0.01036	0.01036	0.01381	0.02244	0.04660	0.02589	0.74975	0.03624	0.00690	0.00690	0.01036	0.00431	0.00431
17	0.01327	0.00664	0.00664	0.00664	0.00830	0.00664	0.00498	0.01659	0.01493	0.02655	0.02323	0.02655	0.01825	0.00830	0.00498	0.00166	0.00332	0.00664	0.78928	0.00664
18	0.02707	0.01995	0.02137	0.01638	0.02208	0.02208	0.01353	0.68159	0.03348	0.04488	0.01710	0.01710	0.01211	0.00855	0.00712	0.00214	0.00784	0.00641	0.00712	0.01211
19	0.01376	0.00728	0.00751	0.00729	0.00911	0.00743	0.00553	0.04654	0.01562	0.02695	0.02277	0.02618	0.01795	0.01025	0.03596	0.00210	0.00420	0.00667	0.72001	0.00687
20	0.01378	0.01252	0.01238	0.01228	0.03598	0.07847	0.00911	0.04781	0.17229	0.02355	0.09590	0.08032	0.29141	0.01439	0.00801	0.00242	0.00556	0.06938	0.00649	0.00795
21	0.01693	0.01344	0.01402	0.01265	0.01516	0.08582	0.00975	0.08939	0.09444	0.08614	0.02741	0.03643	0.09587	0.16251	0.09344	0.00432	0.06508	0.06366	0.00560	0.00795
22	0.80005	0.01377	0.01047	0.00936	0.01377	0.01597	0.00771	0.02093	0.01212	0.03195	0.00991	0.01157	0.00771	0.00661	0.00441	0.00220	0.00551	0.00386	0.00441	0.00771
23	0.01762	0.01692	0.02890	0.04371	0.70533	0.01692	0.02185	0.02185	0.01621	0.02326	0.01339	0.01762	0.01128	0.00634	0.00705	0.00211	0.00846	0.00634	0.00352	0.01128
24	0.01360	0.01295	0.02227	0.70151	0.04852	0.01592	0.04900	0.01840	0.01435	0.01840	0.01273	0.01899	0.00955	0.00707	0.00718	0.00237	0.00960	0.00642	0.00318	0.00799
25	0.01762	0.01692	0.02890	0.04371	0.70533	0.01692	0.02185	0.02185	0.01621	0.02326	0.01339	0.01762	0.01128	0.00634	0.00705	0.00211	0.00846	0.00634	0.00352	0.01128
26	0.01477	0.01266	0.01477	0.01055	0.01687	0.00949	0.00844	0.01793	0.01477	0.02320	0.01266	0.01477	0.01055	0.00527	0.00527	0.00105	0.00527	0.00422	0.00422	0.79328
27	0.01887	0.72838	0.06148	0.01247	0.01872	0.02776	0.01269	0.02137	0.01449	0.01696	0.01000	0.01155	0.00913	0.00612	0.00465	0.00155	0.00772	0.00386	0.00304	0.00919
28	0.01411	0.01202	0.01442	0.04186	0.01742	0.01049	0.00917	0.01886	0.08665	0.02309	0.04678	0.10693	0.01851	0.00854	0.00679	0.00160	0.03061	0.00711	0.00490	0.52014
29	0.05171	0.35988	0.29078	0.01506	0.02236	0.02087	0.01697	0.02164	0.01471	0.05110	0.01329	0.04295	0.01120	0.00870	0.02941	0.00225	0.00880	0.00529	0.00352	0.00951
30	0.01030	0.00688	0.00778	0.00783	0.00785	0.00687	0.00439	0.01034	0.01046	0.01394	0.02296	0.06843	0.02655	0.72702	0.03539	0.00678	0.00682	0.01066	0.00439	0.00436
31	0.01019	0.00758	0.01118	0.01118	0.01235	0.00876	0.00857	0.01254	0.01136	0.01633	0.01932	0.02933	0.01839	0.10412	0.67162	0.01111	0.01819	0.00783	0.00385	0.00621
32	0.01139	0.00895	0.01148	0.07663	0.03694	0.03081	0.00913	0.05467	0.01519	0.01993	0.03265	0.53116	0.03757	0.01907	0.00939	0.03293	0.00544	0.04410	0.00601	0.00656
33	0.01602	0.12290	0.58483	0.01881	0.02846	0.01756	0.02355	0.02319	0.01531	0.06672	0.01343	0.01519	0.00960	0.00682	0.00652	0.00216	0.00988	0.00521	0.00339	0.01046
34	0.01156	0.00763	0.00984	0.00908	0.01111	0.00693	0.00688	0.01473	0.01983	0.07837	0.59622	0.05239	0.11936	0.01444	0.00831	0.00225	0.00358	0.01264	0.00780	0.00706
35	0.00968	0.00806	0.03683	0.00968	0.01129	0.00675	0.00740	0.01243	0.01750	0.02428	0.41558	0.29656	0.08291	0.01712	0.00858	0.00248	0.00393	0.01526	0.00716	0.00651
36	0.11531	0.01687	0.08826	0.33697	0.18452	0.01672	0.04694	0.07084	0.01606	0.02371	0.01290	0.01723	0.00987	0.00691	0.00678	0.00227	0.00884	0.00601	0.00371	0.00927
37	0.01531	0.01551	0.02223	0.01874	0.01987	0.05092	0.08800	0.01747	0.01215	0.01775	0.01231	0.04620	0.01199	0.01670	0.10218	0.00395	0.51046	0.00712	0.00341	0.00776
38	0.00868	0.00620	0.00826	0.00991	0.01033	0.00578	0.00661	0.00991	0.01363	0.01818	0.03925	0.74510	0.04710	0.02231	0.00909	0.00289	0.00413	0.02024	0.00661	0.00578
39	0.16103	0.14050	0.04918	0.02566	0.27481	0.14105	0.04533	0.04407	0.01642	0.02341	0.01192	0.01465	0.00985	0.00659	0.00611	0.00200	0.00876	0.00523	0.00373	0.00969
40	0.01031	0.00759	0.00968	0.00910	0.01091	0.00712	0.00684	0.01427	0.04658	0.02821	0.64824	0.05279	0.09238	0.01451	0.00835	0.00225	0.00346	0.01278	0.00776	0.00687
41	0.01794	0.41094	0.29422	0.01588	0.02343	0.08975	0.01774	0.02247	0.01523	0.01904	0.01111	0.01294	0.00910	0.00647	0.00559	0.00183	0.00923	0.00444	0.00309	0.00958
42	0.05020	0.01273	0.01484	0.01087	0.01687	0.01022	0.00874	0.04239	0.01604	0.09643	0.03504	0.01686	0.01293	0.00609	0.00559	0.00130	0.00540	0.00485	0.00492	0.62770
43	0.05697	0.01532	0.06906	0.01322	0.01803	0.01424	0.01146	0.17303	0.09388	0.21886	0.04387	0.02220	0.01685	0.00869	0.00727	0.00212	0.03507	0.00674	0.12934	0.04377
44	0.02426	0.09308	0.04241	0.01654	0.02108	0.27183	0.01364	0.28564	0.02383	0.02881	0.01380	0.01530	0.01076	0.00812	0.00777	0.00203	0.06518	0.00548	0.04062	0.00983
45	0.01327	0.00664	0.00664	0.00664	0.00830	0.00664	0.00498	0.01659	0.01493	0.02655	0.02323	0.02655	0.01825	0.00830	0.00498	0.00166	0.00332	0.00664	0.78928	0.00664
46	0.00879	0.00723	0.00773	0.00761	0.00985	0.00617	0.00571	0.01094	0.01712	0.02134	0.21399	0.06507	0.55928	0.01725	0.00841	0.00237	0.00355	0.01454	0.00689	0.00617
47	0.01036	0.00690	0.00777	0.00777	0.00777	0.00690	0.00431	0.01036	0.01036	0.01381	0.02244	0.04660	0.02589	0.74975	0.03624	0.00690	0.00690	0.01036	0.00431	0.00431
48	0.00893	0.00723	0.00792	0.00775	0.00993	0.00623	0.00581	0.01121	0.01744	0.02210	0.26539	0.06382	0.50740	0.01697	0.00841	0.00235	0.00353	0.01437	0.00699	0.00623
49	0.01904	0.75404	0.03731	0.01218	0.01828	0.02818	0.01218	0.02132	0.01447	0.01675	0.00990	0.01142	0.00914	0.00609	0.00457	0.00152	0.00761	0.00381	0.00305	0.00914
50	0.01934	0.72552	0.03663	0.01243	0.01842	0.05562	0.01225	0.02160	0.01469	0.01678	0.00994	0.01148	0.00914	0.00614	0.00464	0.00154	0.00782	0.00384	0.00307	0.00910
51	0.01399	0.01294	0.02136	0.70428	0.04798	0.01607	0.01953	0.04446	0.01500	0.01925	0.01283	0.01891	0.00960	0.00718	0.00712	0.00236	0.00943	0.00633	0.00332	0.00808
52	0.01347	0.01095	0.01607	0.01520	0.06492	0.00974	0.08243	0.01667	0.01600	0.05202	0.03307	0.09308	0.14249	0.01318	0.00797	0.00234	0.00627	0.20069	0.00557	0.19788
53	0.10058	0.01516	0.02242	0.21692	0.25439	0.01665	0.04510	0.04392	0.14312	0.04799	0.01641	0.01930	0.01261	0.00734	0.00689	0.00227	0.00794	0.00651	0.00451	0.00998
54	0.02660	0.03394	0.02018	0.01834	0.02201	0.72116	0.01376	0.02843	0.02018	0.01743	0.01101	0.01284	0.00917	0.00734	0.00642	0.00183	0.01284	0.00459	0.00367	0.00825
55	0.01091	0.00746	0.00979	0.00910	0.01093	0.00686	0.00686	0.01425	0.02016	0.05459	0.67585	0.05208	0.06529	0.01434	0.00835	0.00224	0.00346	0.01266	0.00788	0.00692
56	0.01557	0.08668	0.53351	0.02325	0.13402	0.04137	0.02415	0.02255	0.01535	0.02206	0.01260	0.01509	0.00938	0.00667	0.00664	0.00216	0.01007	0.00530	0.00311	0.01046
57	0.06350	0.01176	0.01518	0.01189	0.01688	0.01061	0.00976	0.05258	0.01976	0.57378	0.02633	0.02373	0.01709	0.00864	0.00677	0.00213	0.00575	0.00693	0.10571	0.01124
58	0.03195	0.01212	0.01652	0.01267	0.01818	0.01047	0.01047	0.03470	0.02038	0.71026	0.02809	0.02424	0.01763	0.00881	0.00716	0.00220	0.00606	0.00716	0.00881	0.01212
59	0.01507	0.01160	0.03889	0.01549	0.11685	0.01056	0.01054	0.02070	0.12005	0.11984	0.18818	0.07188	0.20585	0.01274	0.00783	0.00231	0.00519	0.01097	0.00670	0.00875
60	0.06675	0.09137	0.53189	0.02045	0.07725	0.01772	0.02306	0.05149	0.01570	0.02373	0.01259	0.01479	0.00925	0.00675	0.00647	0.00218	0.00969	0.00518	0.00332	0.01035
61	0.01321	0.00800	0.00992	0.00915	0.01160	0.00707	0.00696	0.01582	0.01845	0.14195	0.33926	0.11189	0.24883	0.01528	0.00825	0.00234	0.00396	0.01317	0.00753	0.00735
62	0.80005	0.01377	0.01047	0.00936	0.01377	0.01597	0.00771	0.02093	0.01212	0.03195	0.00991	0.01157	0.00771	0.00661	0.00441	0.00220	0.00551	0.00386	0.00441	0.00771
63	0.00923	0.00721	0.00830	0.00892	0.01063	0.00648	0.00675	0.01109	0.01533	0.01903	0.05541	0.18909	0.39923	0.07771	0.01105	0.00303	0.00456	0.14459	0.00642	0.00594
64	0.08777	0.01244	0.01446	0.10476	0.10622	0.06860	0.01104	0.01798	0.06115	0.02420	0.23628	0.06426	0.13978	0.01176	0.00748	0.00227	0.00597	0.01000	0.00576	0.00782
65	0.80005	0.01377	0.01047	0.00936	0.01377	0.01597	0.00771	0.02093	0.01212	0.03195	0.00991	0.01157	0.00771	0.00661	0.00441	0.00220	0.00551	0.00386	0.00441	0.00771
66	0.00871	0.00633	0.00822	0.00964	0.01028	0.00584	0.00651	0.01009	0.01414	0.01872	0.07069	0.65573	0.10565	0.02160	0.00900	0.00282	0.00405	0.01947	0.00666	0.00584
67	0.01563	0.01541	0.02628	0.02064	0.02334	0.01815	0.23889	0.01897	0.01354	0.02053	0.01323	0.01853	0.01123	0.00962	0.01542	0.00265	0.37634	0.00703	0.12634	0.00822
68	0.01036	0.00690	0.00777	0.00777	0.00777	0.00690	0.00431	0.01036	0.01036	0.01381	0.02244	0.04660	0.02589	0.74975	0.03624	0.00690	0.00690	0.01036	0.00431	0.00431
69	0.01767	0.01908	0.10740	0.03844	0.55695	0.01673	0.04351	0.02299	0.04206	0.04544	0.01442	0.01793	0.01161	0.00659	0.00707	0.00215	0.00863	0.00638	0.00378	0.01116
70	0.06030	0.08825	0.02113	0.01739	0.02136	0.60644	0.01336	0.05537	0.01995	0.01919	0.01113	0.01286	0.00923	0.00726	0.00622	0.00184	0.01190	0.00457	0.00380	0.00846
71	0.02609	0.01169	0.01526	0.01214	0.01685	0.01060	0.00984	0.05114	0.06686	0.48987	0.15511	0.02935	0.02690	0.00984	0.00734	0.00218	0.00555	0.00819	0.00831	0.03688
72	0.01941	0.52392	0.05534	0.01583	0.07170	0.12271	0.01354	0.02199	0.01550	0.01795	0.03387	0.01377	0.01128	0.00680	0.00583	0.00171	0.03185	0.00455	0.00333	0.00910
73	0.01352	0.00946	0.01146	0.01133	0.01318	0.00956	0.00825	0.14124	0.04016	0.05105	0.09357	0.49243	0.04023	0.01804	0.00852	0.00265	0.00490	0.01603	0.00692	0.00750
74	0.00868	0.00620	0.00826	0.00991	0.01033	0.00578	0.00661	0.00991	0.01363	0.01818	0.03925	0.74510	0.04710	0.02231	0.00909	0.00289	0.00413	0.02024	0.00661	0.00578
75	0.01550	0.01252	0.02038	0.43175	0.06323	0.01435	0.05677	0.04002	0.01570	0.08559	0.03924	0.09010	0.01622	0.00914	0.00792	0.00239	0.03351	0.00809	0.02919	0.00839
76	0.01666	0.04441	0.15940	0.03223	0.28083	0.01782	0.26806	0.02212	0.01594	0.02250	0.01338	0.01746	0.01054	0.00655	0.00812	0.00227	0.04116	0.00683	0.00343	0.01030
77	0.01903	0.67717	0.06562	0.01372	0.04065	0.04912	0.01315	0.02162	0.01473	0.01723	0.01017	0.01182	0.00920	0.00617	0.00480	0.00158	0.00793	0.00397	0.00308	0.00924
78	0.00875	0.00623	0.00824	0.00982	0.01022	0.00583	0.00651	0.00993	0.01349	0.01799	0.03852	0.71500	0.04618	0.05366	0.01026	0.00306	0.00425	0.01982	0.00651	0.00572
79	0.02492	0.01828	0.04218	0.01525	0.02048	0.01915	0.01273	0.51463	0.05194	0.09245	0.01936	0.04297	0.01471	0.04255	0.00843	0.00238	0.00741	0.00712	0.03176	0.01130
80	0.01288	0.03243	0.04701	0.14959	0.02293	0.01270	0.07582	0.06293	0.01541	0.02065	0.02676	0.33385	0.05544	0.01463	0.00968	0.00263	0.07926	0.01279	0.00511	0.00751
81	0.00958	0.00692	0.00916	0.01054	0.01150	0.00657	0.00787	0.01151	0.01483	0.01952	0.07089	0.45133	0.09469	0.04074	0.00996	0.00305	0.00484	0.20388	0.00659	0.00603
82	0.80005	0.01377	0.01047	0.00936	0.01377	0.01597	0.00771	0.02093	0.01212	0.03195	0.00991	0.01157	0.00771	0.00661	0.00441	0.00220	0.00551	0.00386	0.00441	0.00771
83	0.00894	0.00720	0.00796	0.00784	0.00995	0.00622	0.00585	0.01120	0.01736	0.02207	0.26467	0.08525	0.48632	0.01710	0.00843	0.00237	0.00355	0.01453	0.00699	0.00622
84	0.05176	0.39758	0.05829	0.01543	0.04667	0.21987	0.01325	0.05107	0.01714	0.01978	0.04221	0.01437	0.01193	0.00699	0.00556	0.00175	0.00897	0.00471	0.00368	0.00899
85	0.00893	0.00717	0.00778	0.00772	0.00970	0.00623	0.00564	0.01090	0.01649	0.02071	0.19924	0.08605	0.49153	0.07755	0.01072	0.00276	0.00384	0.01437	0.00668	0.00601

[dist]
# distance from previous block
# <min> <max>
0	20

# created by:
# /st0/software/busco_prod/Augustus/scripts/msa2prfl.pl ./align_prep/127497.fa
