[name]
unknown

[dist]
# distance from previous block
# <min> <max>
0	2

[block]
# block no. 0 follows, 27 sequences, length 13
# corresponding to MSA columns:
# 2-14
name=unknown_A
#
# <colnr> <probs for GDERKNQSTAVLIFYWHMCP>
#	G	D	E	R	K	N	Q	S	T	A	V	L	I	F	Y	W	H	M	C	P
0	0.35625	0.01120	0.01184	0.01199	0.04761	0.01224	0.00859	0.03866	0.01362	0.02563	0.07411	0.02384	0.01744	0.01468	0.01359	0.26079	0.00607	0.04058	0.00463	0.00663
1	0.13931	0.01641	0.01863	0.01545	0.04556	0.01716	0.01215	0.31297	0.02588	0.24778	0.05881	0.02151	0.01704	0.00898	0.00710	0.00226	0.00699	0.00693	0.00747	0.01160
2	0.53449	0.01397	0.01467	0.24499	0.02651	0.01660	0.01220	0.02088	0.01336	0.02857	0.01128	0.01462	0.00865	0.00707	0.00553	0.00236	0.00712	0.00487	0.00417	0.00811
3	0.02275	0.25487	0.02441	0.01499	0.05706	0.01874	0.01203	0.02961	0.16482	0.22897	0.07912	0.02359	0.02047	0.00881	0.00670	0.00211	0.00666	0.00698	0.00643	0.01088
4	0.01760	0.01313	0.01562	0.01127	0.01776	0.01002	0.00906	0.02084	0.01611	0.10701	0.01517	0.01661	0.01190	0.00595	0.00574	0.00125	0.00560	0.00478	0.00499	0.68961
5	0.01792	0.50210	0.03340	0.24696	0.02966	0.02512	0.01532	0.02115	0.01500	0.01796	0.01127	0.01451	0.00965	0.00671	0.00564	0.00188	0.00859	0.00484	0.00322	0.00910
6	0.01080	0.00720	0.00810	0.00810	0.00810	0.00720	0.00450	0.01080	0.01080	0.01439	0.02339	0.04858	0.02699	0.73910	0.03779	0.00720	0.00720	0.01080	0.00450	0.00450
7	0.01022	0.00695	0.00827	0.00884	0.00898	0.00681	0.00529	0.01064	0.01193	0.01590	0.02918	0.27527	0.03430	0.50244	0.02843	0.00581	0.00624	0.01420	0.00529	0.00500
8	0.01009	0.00746	0.01083	0.01140	0.01243	0.00821	0.00849	0.01229	0.01269	0.01780	0.02684	0.26227	0.02866	0.04496	0.47819	0.00898	0.01473	0.01230	0.00494	0.00643
9	0.01585	0.01614	0.03060	0.38883	0.14612	0.01742	0.23426	0.02115	0.01605	0.02137	0.01392	0.01965	0.01064	0.00691	0.00785	0.00244	0.01060	0.00732	0.00351	0.00937
10	0.01460	0.03007	0.47637	0.25262	0.03841	0.01699	0.02518	0.02201	0.01540	0.02201	0.01328	0.01704	0.00957	0.00718	0.00718	0.00239	0.01062	0.00585	0.00319	0.01007
11	0.03163	0.01533	0.01890	0.01449	0.02030	0.01491	0.01197	0.24508	0.02576	0.48266	0.02550	0.02281	0.01648	0.00910	0.00745	0.00227	0.00693	0.00721	0.00861	0.01263
12	0.02106	0.02028	0.03669	0.02659	0.03358	0.02018	0.45037	0.23678	0.02327	0.03139	0.01595	0.01930	0.01171	0.00714	0.00832	0.00241	0.01108	0.00807	0.00497	0.01088

[dist]
# distance from previous block
# <min> <max>
0	12

[block]
# block no. 1 follows, 27 sequences, length 11
# corresponding to MSA columns:
# 27-37
name=unknown_B
#
# <colnr> <probs for GDERKNQSTAVLIFYWHMCP>
#	G	D	E	R	K	N	Q	S	T	A	V	L	I	F	Y	W	H	M	C	P
0	0.01815	0.01988	0.02190	0.50967	0.04264	0.22527	0.01873	0.02218	0.01671	0.01873	0.01268	0.01786	0.00980	0.00749	0.00720	0.00230	0.01095	0.00605	0.00346	0.00836
1	0.00904	0.00646	0.00861	0.01034	0.01077	0.00603	0.00689	0.01034	0.01421	0.01895	0.04092	0.73426	0.04910	0.02326	0.00948	0.00301	0.00431	0.02110	0.00689	0.00603
2	0.55618	0.01232	0.01061	0.00964	0.01337	0.01375	0.00773	0.01947	0.01516	0.03224	0.21481	0.02514	0.02673	0.00939	0.00585	0.00231	0.00507	0.00685	0.00567	0.00773
3	0.01006	0.00778	0.01040	0.01040	0.01201	0.00826	0.00793	0.01234	0.01337	0.01793	0.03674	0.04295	0.22128	0.08128	0.46237	0.00884	0.01434	0.01043	0.00488	0.00640
4	0.01274	0.00766	0.00941	0.00882	0.01078	0.00719	0.00667	0.01619	0.01939	0.06504	0.45315	0.04546	0.05190	0.01289	0.00761	0.00215	0.00364	0.01114	0.24091	0.00728
5	0.02883	0.01363	0.01709	0.01378	0.01906	0.01319	0.01116	0.03716	0.21957	0.49697	0.02957	0.02600	0.01967	0.00945	0.00749	0.00236	0.00618	0.00775	0.00870	0.01237
6	0.01252	0.01117	0.01815	0.50703	0.03897	0.01334	0.01648	0.01637	0.01465	0.01896	0.02155	0.23509	0.02171	0.01219	0.00804	0.00264	0.00821	0.01097	0.00438	0.00758
7	0.02822	0.02079	0.02228	0.01708	0.02302	0.02302	0.01411	0.66804	0.03490	0.04679	0.01782	0.01782	0.01262	0.00891	0.00743	0.00223	0.00817	0.00668	0.00743	0.01262
8	0.03331	0.01263	0.01723	0.01321	0.01895	0.01091	0.01091	0.03618	0.02125	0.69794	0.02929	0.02527	0.01838	0.00919	0.00747	0.00230	0.00632	0.00747	0.00919	0.01263
9	0.01080	0.00720	0.00810	0.00810	0.00810	0.00720	0.00450	0.01080	0.01080	0.01439	0.02339	0.04858	0.02699	0.73910	0.03779	0.00720	0.00720	0.01080	0.00450	0.00450
10	0.01840	0.01713	0.02611	0.03639	0.48984	0.01789	0.01946	0.02781	0.21654	0.02630	0.01886	0.02118	0.01504	0.00766	0.00741	0.00230	0.00793	0.00715	0.00484	0.01176

[dist]
# distance from previous block
# <min> <max>
0	30

[block]
# block no. 2 follows, 27 sequences, length 56
# corresponding to MSA columns:
# 68-123
name=unknown_C
#
# <colnr> <probs for GDERKNQSTAVLIFYWHMCP>
#	G	D	E	R	K	N	Q	S	T	A	V	L	I	F	Y	W	H	M	C	P
0	0.00904	0.00646	0.00861	0.01034	0.01077	0.00603	0.00689	0.01034	0.01421	0.01895	0.04092	0.73426	0.04910	0.02326	0.00948	0.00301	0.00431	0.02110	0.00689	0.00603
1	0.00915	0.00664	0.00864	0.01004	0.01074	0.00613	0.00681	0.01067	0.01499	0.01994	0.09792	0.62678	0.09967	0.02224	0.00936	0.00292	0.00420	0.02005	0.00700	0.00613
2	0.01752	0.02003	0.04380	0.03129	0.03880	0.01877	0.66583	0.02378	0.01752	0.02378	0.01502	0.02003	0.01126	0.00626	0.00876	0.00250	0.01252	0.00876	0.00375	0.01001
3	0.00956	0.00772	0.00866	0.00916	0.01137	0.00681	0.00724	0.01179	0.01683	0.02053	0.06478	0.10667	0.50087	0.01943	0.00917	0.00275	0.00454	0.16885	0.00688	0.00639
4	0.01752	0.02003	0.04380	0.03129	0.03880	0.01877	0.66583	0.02378	0.01752	0.02378	0.01502	0.02003	0.01126	0.00626	0.00876	0.00250	0.01252	0.00876	0.00375	0.01001
5	0.01936	0.02085	0.06161	0.04110	0.57768	0.10332	0.02196	0.02367	0.01736	0.02346	0.01362	0.01762	0.01137	0.00676	0.00725	0.00218	0.00949	0.00633	0.00367	0.01133
6	0.01760	0.01981	0.04256	0.03259	0.09842	0.01867	0.60721	0.02369	0.01747	0.02382	0.01492	0.01987	0.01131	0.00629	0.00863	0.00248	0.01218	0.00857	0.00375	0.01017
7	0.01208	0.01008	0.01456	0.01372	0.01463	0.01269	0.01087	0.01434	0.01173	0.01726	0.01741	0.02672	0.01666	0.07727	0.49884	0.00944	0.20325	0.00771	0.00381	0.00692
8	0.01928	0.01949	0.02883	0.06605	0.59463	0.09593	0.02175	0.02343	0.01730	0.02338	0.01366	0.01786	0.01145	0.00676	0.00728	0.00218	0.00937	0.00641	0.00368	0.01128
9	0.00900	0.00663	0.00844	0.00989	0.01065	0.00607	0.00669	0.01039	0.01464	0.01912	0.04631	0.62993	0.14994	0.02256	0.00936	0.00293	0.00422	0.02025	0.00689	0.00607
10	0.00877	0.00752	0.00752	0.00752	0.01003	0.00627	0.00564	0.01065	0.01692	0.02005	0.07520	0.07144	0.68978	0.01880	0.00877	0.00251	0.00376	0.01567	0.00689	0.00627
11	0.01947	0.01891	0.02326	0.02924	0.32217	0.09633	0.01700	0.03085	0.30732	0.02654	0.02079	0.02189	0.01628	0.00824	0.00736	0.00231	0.00805	0.00719	0.00539	0.01140
12	0.01661	0.01353	0.01658	0.09182	0.02171	0.01131	0.01048	0.05056	0.01651	0.05334	0.01410	0.01643	0.01126	0.00604	0.00589	0.00136	0.00616	0.00489	0.00462	0.62678
13	0.79154	0.01436	0.01091	0.00976	0.01436	0.01665	0.00804	0.02182	0.01263	0.03331	0.01034	0.01206	0.00804	0.00689	0.00459	0.00230	0.00574	0.00402	0.00459	0.00804
14	0.02781	0.01892	0.02066	0.01595	0.02158	0.02055	0.01314	0.55195	0.03203	0.11922	0.01956	0.01934	0.01371	0.00893	0.00728	0.00220	0.00764	0.00679	0.06052	0.01224
15	0.02731	0.01993	0.02146	0.01671	0.02245	0.02204	0.01372	0.57268	0.10737	0.06992	0.01967	0.01923	0.01398	0.00905	0.00744	0.00226	0.00784	0.00691	0.00751	0.01253
16	0.01036	0.00758	0.00972	0.00919	0.01100	0.00694	0.00689	0.01373	0.02068	0.02897	0.63813	0.05678	0.12129	0.01548	0.00876	0.00235	0.00352	0.01361	0.00807	0.00694
17	0.00910	0.00650	0.00866	0.01030	0.01078	0.00607	0.00690	0.01047	0.01447	0.01935	0.06494	0.70909	0.04988	0.02296	0.00945	0.00299	0.00428	0.02082	0.00694	0.00607
18	0.01985	0.74357	0.03890	0.01270	0.01905	0.02937	0.01270	0.02223	0.01508	0.01747	0.01032	0.01191	0.00953	0.00635	0.00476	0.00159	0.00794	0.00397	0.00318	0.00953
19	0.00904	0.00646	0.00861	0.01034	0.01077	0.00603	0.00689	0.01034	0.01421	0.01895	0.04092	0.73426	0.04910	0.02326	0.00948	0.00301	0.00431	0.02110	0.00689	0.00603
20	0.79154	0.01436	0.01091	0.00976	0.01436	0.01665	0.00804	0.02182	0.01263	0.03331	0.01034	0.01206	0.00804	0.00689	0.00459	0.00230	0.00574	0.00402	0.00459	0.00804
21	0.01384	0.00692	0.00692	0.00692	0.00865	0.00692	0.00519	0.01730	0.01557	0.02768	0.02422	0.02768	0.01903	0.00865	0.00519	0.00173	0.00346	0.00692	0.78031	0.00692
22	0.03331	0.01263	0.01723	0.01321	0.01895	0.01091	0.01091	0.03618	0.02125	0.69794	0.02929	0.02527	0.01838	0.00919	0.00747	0.00230	0.00632	0.00747	0.00919	0.01263
23	0.01539	0.01319	0.01539	0.01100	0.01759	0.00990	0.00880	0.01869	0.01539	0.02419	0.01319	0.01539	0.01100	0.00550	0.00550	0.00110	0.00550	0.00440	0.00440	0.78449
24	0.79154	0.01436	0.01091	0.00976	0.01436	0.01665	0.00804	0.02182	0.01263	0.03331	0.01034	0.01206	0.00804	0.00689	0.00459	0.00230	0.00574	0.00402	0.00459	0.00804
25	0.11875	0.01351	0.01694	0.01314	0.01877	0.01258	0.01085	0.08760	0.02142	0.56800	0.02618	0.02315	0.01672	0.00890	0.00714	0.00229	0.00641	0.00701	0.00852	0.01211
26	0.01289	0.00645	0.00967	0.00967	0.00967	0.00645	0.00645	0.00967	0.00967	0.01289	0.01289	0.02257	0.01289	0.02579	0.02901	0.78401	0.00645	0.00645	0.00322	0.00322
27	0.00904	0.00646	0.00861	0.01034	0.01077	0.00603	0.00689	0.01034	0.01421	0.01895	0.04092	0.73426	0.04910	0.02326	0.00948	0.00301	0.00431	0.02110	0.00689	0.00603
28	0.01752	0.02003	0.04380	0.03129	0.03880	0.01877	0.66583	0.02378	0.01752	0.02378	0.01502	0.02003	0.01126	0.00626	0.00876	0.00250	0.01252	0.00876	0.00375	0.01001
29	0.01051	0.00759	0.00992	0.00934	0.01109	0.00700	0.00700	0.01401	0.02101	0.02977	0.68888	0.05545	0.07005	0.01518	0.00876	0.00233	0.00350	0.01343	0.00817	0.00700
30	0.03331	0.01263	0.01723	0.01321	0.01895	0.01091	0.01091	0.03618	0.02125	0.69794	0.02929	0.02527	0.01838	0.00919	0.00747	0.00230	0.00632	0.00747	0.00919	0.01263
31	0.01384	0.00692	0.00692	0.00692	0.00865	0.00692	0.00519	0.01730	0.01557	0.02768	0.02422	0.02768	0.01903	0.00865	0.00519	0.00173	0.00346	0.00692	0.78031	0.00692
32	0.01752	0.02003	0.04380	0.03129	0.03880	0.01877	0.66583	0.02378	0.01752	0.02378	0.01502	0.02003	0.01126	0.00626	0.00876	0.00250	0.01252	0.00876	0.00375	0.01001
33	0.02816	0.02266	0.02212	0.01734	0.02301	0.11078	0.01414	0.58640	0.03313	0.04313	0.01701	0.01726	0.01223	0.00875	0.00733	0.00219	0.00884	0.00644	0.00697	0.01211
34	0.00904	0.00646	0.00861	0.01034	0.01077	0.00603	0.00689	0.01034	0.01421	0.01895	0.04092	0.73426	0.04910	0.02326	0.00948	0.00301	0.00431	0.02110	0.00689	0.00603
35	0.79154	0.01436	0.01091	0.00976	0.01436	0.01665	0.00804	0.02182	0.01263	0.03331	0.01034	0.01206	0.00804	0.00689	0.00459	0.00230	0.00574	0.00402	0.00459	0.00804
36	0.01592	0.01351	0.01568	0.01125	0.01782	0.01044	0.00902	0.04544	0.01620	0.02512	0.01339	0.01549	0.01106	0.00564	0.00558	0.00115	0.00561	0.00449	0.00452	0.75269
37	0.01059	0.00771	0.00949	0.01010	0.01123	0.00728	0.00687	0.04293	0.01516	0.02028	0.05993	0.48583	0.08940	0.13399	0.01357	0.00348	0.00494	0.01732	0.00646	0.04343
38	0.05263	0.04183	0.05050	0.11129	0.41579	0.08483	0.02027	0.02249	0.01623	0.02260	0.01292	0.01726	0.01082	0.00747	0.00880	0.00230	0.08172	0.00619	0.00361	0.01044
39	0.11393	0.02904	0.02056	0.01879	0.05156	0.45079	0.01395	0.16756	0.02292	0.02639	0.01284	0.01442	0.01015	0.00779	0.00664	0.00204	0.01118	0.00519	0.00469	0.00956
40	0.79154	0.01436	0.01091	0.00976	0.01436	0.01665	0.00804	0.02182	0.01263	0.03331	0.01034	0.01206	0.00804	0.00689	0.00459	0.00230	0.00574	0.00402	0.00459	0.00804
41	0.79154	0.01436	0.01091	0.00976	0.01436	0.01665	0.00804	0.02182	0.01263	0.03331	0.01034	0.01206	0.00804	0.00689	0.00459	0.00230	0.00574	0.00402	0.00459	0.00804
42	0.02353	0.05255	0.01876	0.01442	0.01900	0.07964	0.01164	0.31814	0.02643	0.12518	0.11717	0.07343	0.06528	0.01113	0.00764	0.00226	0.00720	0.00892	0.00717	0.01050
43	0.01051	0.00759	0.00992	0.00934	0.01109	0.00700	0.00700	0.01401	0.02101	0.02977	0.68888	0.05545	0.07005	0.01518	0.00876	0.00233	0.00350	0.01343	0.00817	0.00700
44	0.01013	0.00740	0.00951	0.00935	0.01095	0.00679	0.00687	0.01314	0.01957	0.02721	0.53295	0.16617	0.11870	0.01678	0.00887	0.00246	0.00365	0.01485	0.00786	0.00679
45	0.79154	0.01436	0.01091	0.00976	0.01436	0.01665	0.00804	0.02182	0.01263	0.03331	0.01034	0.01206	0.00804	0.00689	0.00459	0.00230	0.00574	0.00402	0.00459	0.00804
46	0.00946	0.00768	0.00847	0.00867	0.01097	0.00670	0.00676	0.01176	0.01741	0.02148	0.13922	0.07151	0.52078	0.01865	0.00900	0.00263	0.00420	0.11119	0.00703	0.00644
47	0.01985	0.74357	0.03890	0.01270	0.01905	0.02937	0.01270	0.02223	0.01508	0.01747	0.01032	0.01191	0.00953	0.00635	0.00476	0.00159	0.00794	0.00397	0.00318	0.00953
48	0.01087	0.00877	0.01067	0.01084	0.01234	0.00904	0.00795	0.01489	0.09095	0.02211	0.14217	0.33805	0.19498	0.01866	0.01024	0.00276	0.06478	0.01602	0.00685	0.00705
49	0.01837	0.01764	0.03013	0.04557	0.69279	0.01764	0.02278	0.02278	0.01690	0.02425	0.01396	0.01837	0.01176	0.00661	0.00735	0.00220	0.00882	0.00661	0.00367	0.01176
50	0.01837	0.01764	0.03013	0.04557	0.69279	0.01764	0.02278	0.02278	0.01690	0.02425	0.01396	0.01837	0.01176	0.00661	0.00735	0.00220	0.00882	0.00661	0.00367	0.01176
51	0.01051	0.00759	0.00992	0.00934	0.01109	0.00700	0.00700	0.01401	0.02101	0.02977	0.68888	0.05545	0.07005	0.01518	0.00876	0.00233	0.00350	0.01343	0.00817	0.00700
52	0.01837	0.01764	0.03013	0.04557	0.69279	0.01764	0.02278	0.02278	0.01690	0.02425	0.01396	0.01837	0.01176	0.00661	0.00735	0.00220	0.00882	0.00661	0.00367	0.01176
53	0.01051	0.00759	0.00992	0.00934	0.01109	0.00700	0.00700	0.01401	0.02101	0.02977	0.68888	0.05545	0.07005	0.01518	0.00876	0.00233	0.00350	0.01343	0.00817	0.00700
54	0.01539	0.01319	0.01539	0.01100	0.01759	0.00990	0.00880	0.01869	0.01539	0.02419	0.01319	0.01539	0.01100	0.00550	0.00550	0.00110	0.00550	0.00440	0.00440	0.78449
55	0.02247	0.01732	0.01896	0.01461	0.02029	0.03862	0.01187	0.28711	0.07519	0.07740	0.01724	0.01796	0.01294	0.00791	0.00751	0.00188	0.04140	0.00595	0.00612	0.29725

[dist]
# distance from previous block
# <min> <max>
0	1

[block]
# block no. 3 follows, 27 sequences, length 27
# corresponding to MSA columns:
# 125-151
name=unknown_D
#
# <colnr> <probs for GDERKNQSTAVLIFYWHMCP>
#	G	D	E	R	K	N	Q	S	T	A	V	L	I	F	Y	W	H	M	C	P
0	0.01520	0.01490	0.02246	0.05023	0.02124	0.01941	0.07843	0.01735	0.01231	0.01833	0.01381	0.06838	0.01401	0.05840	0.05164	0.00374	0.50056	0.00804	0.00366	0.00789
1	0.01384	0.00692	0.00692	0.00692	0.00865	0.00692	0.00519	0.01730	0.01557	0.02768	0.02422	0.02768	0.01903	0.00865	0.00519	0.00173	0.00346	0.00692	0.78031	0.00692
2	0.01985	0.74357	0.03890	0.01270	0.01905	0.02937	0.01270	0.02223	0.01508	0.01747	0.01032	0.01191	0.00953	0.00635	0.00476	0.00159	0.00794	0.00397	0.00318	0.00953
3	0.06585	0.01699	0.01936	0.01507	0.02064	0.01772	0.01238	0.38657	0.02813	0.27279	0.02250	0.05203	0.01604	0.00955	0.00740	0.00229	0.00723	0.00747	0.00788	0.01211
4	0.01402	0.01319	0.02227	0.72126	0.05113	0.01649	0.02062	0.01897	0.01484	0.01897	0.01319	0.01979	0.00990	0.00742	0.00742	0.00247	0.00990	0.00660	0.00330	0.00825
5	0.01051	0.00759	0.00992	0.00934	0.01109	0.00700	0.00700	0.01401	0.02101	0.02977	0.68888	0.05545	0.07005	0.01518	0.00876	0.00233	0.00350	0.01343	0.00817	0.00700
6	0.01818	0.01964	0.04034	0.03315	0.15442	0.01877	0.52026	0.05439	0.01824	0.02496	0.01497	0.01963	0.01142	0.00645	0.00845	0.00244	0.01165	0.00828	0.00392	0.01045
7	0.01846	0.01595	0.01679	0.01511	0.01930	0.01846	0.01175	0.03945	0.67938	0.03105	0.03022	0.02770	0.02266	0.01007	0.00755	0.00252	0.00588	0.00839	0.00755	0.01175
8	0.00983	0.00755	0.00890	0.00857	0.01056	0.00672	0.00637	0.01256	0.01900	0.02533	0.42032	0.06153	0.31418	0.04402	0.00986	0.00259	0.00374	0.01422	0.00753	0.00662
9	0.02067	0.01260	0.01348	0.01123	0.01484	0.01332	0.00898	0.26620	0.02332	0.08187	0.02214	0.02376	0.01655	0.00879	0.00620	0.00196	0.00545	0.00687	0.43228	0.00949
10	0.03331	0.01263	0.01723	0.01321	0.01895	0.01091	0.01091	0.03618	0.02125	0.69794	0.02929	0.02527	0.01838	0.00919	0.00747	0.00230	0.00632	0.00747	0.00919	0.01263
11	0.02032	0.70089	0.03782	0.01309	0.01929	0.07035	0.01280	0.02268	0.01544	0.01751	0.01039	0.01200	0.00953	0.00643	0.00488	0.00161	0.00827	0.00402	0.00321	0.00947
12	0.01148	0.00780	0.01024	0.00951	0.01143	0.00717	0.00717	0.01496	0.02102	0.05838	0.66063	0.05416	0.06783	0.01492	0.00870	0.00233	0.00362	0.01317	0.00822	0.00725
13	0.01157	0.00869	0.01151	0.03600	0.01532	0.00878	0.01050	0.01575	0.06730	0.02183	0.04108	0.23225	0.09486	0.01979	0.00964	0.00315	0.00600	0.37216	0.00679	0.00702
14	0.02485	0.02966	0.02197	0.02301	0.13528	0.49565	0.01540	0.02987	0.11290	0.02101	0.01453	0.01624	0.01177	0.00782	0.00693	0.00205	0.01156	0.00560	0.00432	0.00958
15	0.00940	0.00661	0.00851	0.00988	0.01022	0.00627	0.00640	0.01043	0.01351	0.01802	0.03732	0.59359	0.04456	0.17012	0.01528	0.00387	0.00490	0.01899	0.00640	0.00572
16	0.01652	0.01401	0.01631	0.01199	0.01815	0.01178	0.00964	0.06933	0.03860	0.02587	0.01395	0.01603	0.01145	0.00625	0.00658	0.00133	0.03870	0.00480	0.00468	0.66402
17	0.01715	0.01613	0.02612	0.25830	0.37941	0.01789	0.02076	0.04405	0.04828	0.02316	0.01431	0.01909	0.01156	0.00761	0.00870	0.00239	0.06418	0.00669	0.00384	0.01038
18	0.01952	0.21521	0.03090	0.04405	0.05704	0.09247	0.14513	0.04151	0.03707	0.03926	0.01297	0.01638	0.01084	0.00825	0.01067	0.00229	0.17154	0.00612	0.00387	0.03490
19	0.01788	0.02001	0.06730	0.08484	0.18043	0.04874	0.35021	0.04389	0.04217	0.02410	0.01584	0.04090	0.01271	0.00726	0.00811	0.00241	0.01084	0.00808	0.00403	0.01027
20	0.00940	0.00724	0.00859	0.00889	0.01057	0.00643	0.00643	0.01162	0.01744	0.02279	0.25823	0.25520	0.31260	0.01893	0.00897	0.00260	0.00383	0.01651	0.00729	0.00643
21	0.01453	0.01348	0.02256	0.50849	0.17567	0.01574	0.01987	0.01910	0.01536	0.02023	0.01627	0.05757	0.01415	0.00882	0.00768	0.00250	0.00923	0.04624	0.00376	0.00876
22	0.02470	0.04792	0.23935	0.01791	0.05020	0.04921	0.01739	0.11748	0.05109	0.27960	0.02054	0.01999	0.01392	0.00823	0.00720	0.00227	0.00854	0.00649	0.00625	0.01173
23	0.00913	0.00650	0.00859	0.01023	0.01064	0.00609	0.00677	0.01036	0.01405	0.01873	0.04007	0.70095	0.04803	0.05803	0.01085	0.00322	0.00445	0.02060	0.00677	0.00596
24	0.02822	0.02079	0.02228	0.01708	0.02302	0.02302	0.01411	0.66804	0.03490	0.04679	0.01782	0.01782	0.01262	0.00891	0.00743	0.00223	0.00817	0.00668	0.00743	0.01262
25	0.01530	0.01307	0.01518	0.01121	0.01740	0.01024	0.00889	0.01958	0.05536	0.02438	0.01542	0.04736	0.01335	0.00654	0.00579	0.00127	0.00547	0.00536	0.00470	0.70411
26	0.01731	0.01840	0.03694	0.06679	0.25387	0.01780	0.39863	0.02271	0.01707	0.02353	0.01560	0.04728	0.01284	0.00709	0.00826	0.00242	0.01086	0.00843	0.00383	0.01035

[dist]
# distance from previous block
# <min> <max>
0	19

[block]
# block no. 4 follows, 27 sequences, length 44
# corresponding to MSA columns:
# 171-214
name=unknown_E
#
# <colnr> <probs for GDERKNQSTAVLIFYWHMCP>
#	G	D	E	R	K	N	Q	S	T	A	V	L	I	F	Y	W	H	M	C	P
0	0.01735	0.01753	0.05122	0.07643	0.51210	0.04523	0.02069	0.02157	0.01677	0.02320	0.01735	0.06639	0.01609	0.00878	0.00766	0.00235	0.00873	0.05578	0.00408	0.01068
1	0.79154	0.01436	0.01091	0.00976	0.01436	0.01665	0.00804	0.02182	0.01263	0.03331	0.01034	0.01206	0.00804	0.00689	0.00459	0.00230	0.00574	0.00402	0.00459	0.00804
2	0.01079	0.00723	0.00825	0.00825	0.00830	0.00728	0.00468	0.01089	0.01084	0.01450	0.02325	0.04782	0.02666	0.71248	0.06396	0.00738	0.00769	0.01069	0.00448	0.00458
3	0.02808	0.05118	0.02277	0.01673	0.02268	0.02278	0.01392	0.61403	0.03349	0.07290	0.01799	0.01788	0.01273	0.00881	0.00731	0.00220	0.00808	0.00660	0.00732	0.01249
4	0.01174	0.00786	0.01032	0.00955	0.01152	0.00722	0.00722	0.01521	0.02103	0.06604	0.65308	0.05381	0.06724	0.01485	0.00869	0.00233	0.00366	0.01310	0.00823	0.00731
5	0.00929	0.00754	0.00824	0.00807	0.01035	0.00649	0.00605	0.01166	0.01815	0.02297	0.25936	0.06665	0.50380	0.01771	0.00877	0.00246	0.00368	0.01499	0.00728	0.00649
6	0.00904	0.00646	0.00861	0.01034	0.01077	0.00603	0.00689	0.01034	0.01421	0.01895	0.04092	0.73426	0.04910	0.02326	0.00948	0.00301	0.00431	0.02110	0.00689	0.00603
7	0.02822	0.02079	0.02228	0.01708	0.02302	0.02302	0.01411	0.66804	0.03490	0.04679	0.01782	0.01782	0.01262	0.00891	0.00743	0.00223	0.00817	0.00668	0.00743	0.01262
8	0.01985	0.74357	0.03890	0.01270	0.01905	0.02937	0.01270	0.02223	0.01508	0.01747	0.01032	0.01191	0.00953	0.00635	0.00476	0.00159	0.00794	0.00397	0.00318	0.00953
9	0.01196	0.00854	0.01196	0.01367	0.01538	0.00854	0.01196	0.01538	0.01709	0.02222	0.03931	0.08374	0.04272	0.02051	0.01025	0.00342	0.00684	0.64283	0.00684	0.00684
10	0.01384	0.00692	0.00692	0.00692	0.00865	0.00692	0.00519	0.01730	0.01557	0.02768	0.02422	0.02768	0.01903	0.00865	0.00519	0.00173	0.00346	0.00692	0.78031	0.00692
11	0.01548	0.01352	0.01618	0.01190	0.01780	0.01127	0.00959	0.01860	0.01496	0.02351	0.01283	0.01548	0.01086	0.00630	0.00752	0.00133	0.08250	0.00462	0.00428	0.70146
12	0.01669	0.01242	0.01419	0.01271	0.01584	0.01269	0.00965	0.25614	0.02220	0.02983	0.03235	0.36414	0.07543	0.01616	0.00834	0.00253	0.00581	0.01400	0.00689	0.07197
13	0.01037	0.00758	0.00973	0.00920	0.01101	0.00695	0.00690	0.01375	0.02069	0.02901	0.64059	0.05671	0.11881	0.01546	0.00876	0.00235	0.00352	0.01360	0.00807	0.00695
14	0.02777	0.02057	0.02202	0.01699	0.02285	0.02281	0.01400	0.63881	0.06487	0.04605	0.01840	0.01828	0.01309	0.00897	0.00743	0.00224	0.00806	0.00676	0.00743	0.01258
15	0.79154	0.01436	0.01091	0.00976	0.01436	0.01665	0.00804	0.02182	0.01263	0.03331	0.01034	0.01206	0.00804	0.00689	0.00459	0.00230	0.00574	0.00402	0.00459	0.00804
16	0.00877	0.00752	0.00752	0.00752	0.01003	0.00627	0.00564	0.01065	0.01692	0.02005	0.07520	0.07144	0.68978	0.01880	0.00877	0.00251	0.00376	0.01567	0.00689	0.00627
17	0.01976	0.01626	0.01800	0.04620	0.04174	0.01856	0.01268	0.10141	0.54358	0.05433	0.02771	0.02600	0.02063	0.00971	0.00753	0.00247	0.00638	0.00806	0.00730	0.01172
18	0.01970	0.01626	0.01716	0.01488	0.01930	0.01839	0.01173	0.16957	0.48747	0.03344	0.03141	0.02931	0.07694	0.01057	0.00763	0.00246	0.00618	0.00865	0.00747	0.01147
19	0.01634	0.01546	0.02571	0.36030	0.35501	0.01715	0.02116	0.02192	0.05263	0.02215	0.01450	0.01955	0.01149	0.00718	0.00739	0.00235	0.00916	0.00671	0.00371	0.01011
20	0.01985	0.74357	0.03890	0.01270	0.01905	0.02937	0.01270	0.02223	0.01508	0.01747	0.01032	0.01191	0.00953	0.00635	0.00476	0.00159	0.00794	0.00397	0.00318	0.00953
21	0.03331	0.01263	0.01723	0.01321	0.01895	0.01091	0.01091	0.03618	0.02125	0.69794	0.02929	0.02527	0.01838	0.00919	0.00747	0.00230	0.00632	0.00747	0.00919	0.01263
22	0.03205	0.01235	0.01682	0.01299	0.01852	0.01070	0.01070	0.03495	0.02123	0.66100	0.06575	0.02694	0.02123	0.00952	0.00754	0.00230	0.00616	0.00779	0.00913	0.01232
23	0.00904	0.00646	0.00861	0.01034	0.01077	0.00603	0.00689	0.01034	0.01421	0.01895	0.04092	0.73426	0.04910	0.02326	0.00948	0.00301	0.00431	0.02110	0.00689	0.00603
24	0.02822	0.02079	0.02228	0.01708	0.02302	0.02302	0.01411	0.66804	0.03490	0.04679	0.01782	0.01782	0.01262	0.00891	0.00743	0.00223	0.00817	0.00668	0.00743	0.01262
25	0.02049	0.01007	0.01305	0.01146	0.01456	0.00936	0.00881	0.02384	0.05473	0.30285	0.14459	0.09146	0.03360	0.15670	0.01408	0.00343	0.00588	0.06438	0.00763	0.00902
26	0.01489	0.03840	0.70064	0.02116	0.03213	0.01724	0.02743	0.02351	0.01567	0.02351	0.01332	0.01567	0.00940	0.00705	0.00705	0.00235	0.01097	0.00549	0.00313	0.01097
27	0.00904	0.00646	0.00861	0.01034	0.01077	0.00603	0.00689	0.01034	0.01421	0.01895	0.04092	0.73426	0.04910	0.02326	0.00948	0.00301	0.00431	0.02110	0.00689	0.00603
28	0.75039	0.01426	0.01125	0.00995	0.01461	0.01634	0.00820	0.02260	0.01310	0.06938	0.01137	0.01278	0.00860	0.00702	0.00475	0.00230	0.00577	0.00421	0.00484	0.00829
29	0.01204	0.00872	0.01236	0.04100	0.01676	0.00885	0.01230	0.01552	0.01700	0.02209	0.03830	0.08127	0.04146	0.02000	0.01014	0.00338	0.00695	0.61825	0.00670	0.00689
30	0.01502	0.01515	0.02843	0.52386	0.04760	0.01715	0.20522	0.02034	0.01561	0.02034	0.01372	0.01986	0.01029	0.00709	0.00781	0.00248	0.01065	0.00722	0.00343	0.00875
31	0.03331	0.01263	0.01723	0.01321	0.01895	0.01091	0.01091	0.03618	0.02125	0.69794	0.02929	0.02527	0.01838	0.00919	0.00747	0.00230	0.00632	0.00747	0.00919	0.01263
32	0.00920	0.00658	0.00875	0.01023	0.01080	0.00613	0.00690	0.01073	0.01494	0.02011	0.11062	0.66124	0.05135	0.02239	0.00940	0.00294	0.00422	0.02028	0.00703	0.00613
33	0.02028	0.58266	0.07260	0.01429	0.02025	0.10673	0.01390	0.02291	0.01560	0.01790	0.01059	0.01253	0.00954	0.00691	0.00620	0.00176	0.04840	0.00429	0.00325	0.00942
34	0.00911	0.00657	0.00864	0.01016	0.01075	0.00609	0.00684	0.01055	0.01471	0.01960	0.07835	0.66692	0.07900	0.02261	0.00940	0.00295	0.00424	0.02044	0.00696	0.00609
35	0.03331	0.01263	0.01723	0.01321	0.01895	0.01091	0.01091	0.03618	0.02125	0.69794	0.02929	0.02527	0.01838	0.00919	0.00747	0.00230	0.00632	0.00747	0.00919	0.01263
36	0.01016	0.00737	0.00957	0.00944	0.01098	0.00679	0.00692	0.01317	0.01956	0.02731	0.54015	0.18314	0.09393	0.01685	0.00889	0.00247	0.00366	0.01496	0.00788	0.00679
37	0.74856	0.01429	0.01154	0.04909	0.01639	0.01664	0.00873	0.02166	0.01276	0.03251	0.01049	0.01249	0.00814	0.00692	0.00475	0.00231	0.00597	0.00416	0.00452	0.00805
38	0.36092	0.01826	0.04699	0.10383	0.06939	0.06979	0.10216	0.07804	0.01662	0.02900	0.01250	0.01536	0.00961	0.00704	0.00622	0.00227	0.00836	0.00551	0.00438	0.03375
39	0.06834	0.01320	0.01700	0.03887	0.04664	0.01250	0.01129	0.08512	0.04781	0.40785	0.10669	0.02672	0.02290	0.00944	0.00735	0.00224	0.00626	0.00775	0.00790	0.05413
40	0.02911	0.01398	0.04445	0.01358	0.01909	0.01208	0.01156	0.08675	0.04679	0.51847	0.05292	0.02909	0.04765	0.01006	0.00763	0.00235	0.00646	0.02756	0.00853	0.01190
41	0.01584	0.01246	0.01407	0.01390	0.04228	0.05155	0.01001	0.13513	0.01913	0.06120	0.03646	0.33145	0.13804	0.01678	0.00976	0.00267	0.06035	0.01420	0.00653	0.00818
42	0.09542	0.01261	0.01580	0.01305	0.01732	0.01225	0.03625	0.12858	0.02086	0.26648	0.09423	0.15662	0.05217	0.01223	0.00773	0.00240	0.00605	0.01037	0.00750	0.03206
43	0.01726	0.03856	0.07460	0.01921	0.05337	0.04059	0.10975	0.09400	0.01735	0.02451	0.04352	0.02216	0.05047	0.01129	0.03747	0.00273	0.19615	0.00723	0.03467	0.10513

[dist]
# distance from previous block
# <min> <max>
3	15

[block]
# block no. 5 follows, 27 sequences, length 27
# corresponding to MSA columns:
# 230-256
name=unknown_F
#
# <colnr> <probs for GDERKNQSTAVLIFYWHMCP>
#	G	D	E	R	K	N	Q	S	T	A	V	L	I	F	Y	W	H	M	C	P
0	0.12831	0.06614	0.04788	0.01457	0.01990	0.08369	0.01225	0.17994	0.17205	0.08108	0.02066	0.02048	0.03614	0.00857	0.00668	0.00215	0.00739	0.00645	0.00611	0.07955
1	0.02185	0.14100	0.04947	0.01350	0.01860	0.01863	0.01177	0.28018	0.06515	0.06319	0.01905	0.02001	0.01436	0.00830	0.00635	0.00198	0.00677	0.00629	0.19656	0.03698
2	0.17949	0.05294	0.11809	0.01544	0.02124	0.08238	0.01408	0.22624	0.06465	0.08179	0.01652	0.01760	0.01227	0.01113	0.05221	0.00286	0.00903	0.00593	0.00562	0.01050
3	0.02108	0.09127	0.15258	0.01551	0.02202	0.06207	0.01467	0.18382	0.04983	0.09034	0.01795	0.06263	0.01446	0.00853	0.00681	0.00201	0.00799	0.00667	0.00548	0.16428
4	0.02019	0.45434	0.07488	0.01625	0.06386	0.04652	0.01429	0.10171	0.06919	0.02290	0.01364	0.01529	0.01145	0.00917	0.03592	0.00228	0.00874	0.00510	0.00411	0.01016
5	0.07045	0.38182	0.02820	0.09896	0.02244	0.11220	0.01296	0.06934	0.01751	0.02218	0.05465	0.01697	0.01395	0.00753	0.00579	0.00188	0.00827	0.00533	0.04045	0.00910
6	0.04278	0.21436	0.02668	0.06091	0.12054	0.19411	0.03623	0.05436	0.01831	0.04421	0.06059	0.01801	0.01468	0.00781	0.00703	0.00200	0.03119	0.00588	0.00428	0.03607
7	0.74311	0.01477	0.01163	0.01023	0.01491	0.01706	0.00842	0.06282	0.01405	0.03416	0.01081	0.01243	0.00833	0.00702	0.00477	0.00229	0.00590	0.00419	0.00477	0.00833
8	0.01000	0.00738	0.00934	0.00924	0.01088	0.00673	0.00678	0.01288	0.01923	0.02646	0.48590	0.17520	0.15825	0.01711	0.00888	0.00248	0.00368	0.01509	0.00776	0.00673
9	0.00904	0.00646	0.00861	0.01034	0.01077	0.00603	0.00689	0.01034	0.01421	0.01895	0.04092	0.73426	0.04910	0.02326	0.00948	0.00301	0.00431	0.02110	0.00689	0.00603
10	0.01518	0.01475	0.02617	0.31713	0.20357	0.01613	0.12748	0.01961	0.01558	0.02105	0.01700	0.10834	0.01547	0.00924	0.00862	0.00251	0.04035	0.00877	0.00391	0.00914
11	0.01888	0.01367	0.01771	0.05911	0.05147	0.01344	0.01182	0.07306	0.01793	0.13584	0.08133	0.02333	0.03955	0.00902	0.00945	0.00201	0.11480	0.00686	0.00559	0.29514
12	0.72915	0.01426	0.01182	0.06685	0.01731	0.01664	0.00905	0.02159	0.01281	0.03216	0.01057	0.01268	0.00819	0.00693	0.00482	0.00231	0.00608	0.00423	0.00449	0.00806
13	0.79154	0.01436	0.01091	0.00976	0.01436	0.01665	0.00804	0.02182	0.01263	0.03331	0.01034	0.01206	0.00804	0.00689	0.00459	0.00230	0.00574	0.00402	0.00459	0.00804
14	0.01860	0.02018	0.02239	0.01942	0.02020	0.16383	0.01585	0.02029	0.01336	0.01793	0.01010	0.01566	0.00971	0.01190	0.02073	0.00297	0.57917	0.00614	0.00337	0.00822
15	0.00904	0.00646	0.00861	0.01034	0.01077	0.00603	0.00689	0.01034	0.01421	0.01895	0.04092	0.73426	0.04910	0.02326	0.00948	0.00301	0.00431	0.02110	0.00689	0.00603
16	0.01008	0.00752	0.00937	0.00902	0.01086	0.00681	0.00672	0.01315	0.01986	0.02727	0.53287	0.09083	0.19565	0.01630	0.00879	0.00240	0.00359	0.01425	0.00785	0.00681
17	0.00899	0.00748	0.00786	0.00787	0.01019	0.00634	0.00586	0.01104	0.01729	0.02117	0.14723	0.10062	0.58536	0.01858	0.00880	0.00251	0.00375	0.01565	0.00705	0.00634
18	0.01837	0.01764	0.03013	0.04557	0.69279	0.01764	0.02278	0.02278	0.01690	0.02425	0.01396	0.01837	0.01176	0.00661	0.00735	0.00220	0.00882	0.00661	0.00367	0.01176
19	0.00904	0.00646	0.00861	0.01034	0.01077	0.00603	0.00689	0.01034	0.01421	0.01895	0.04092	0.73426	0.04910	0.02326	0.00948	0.00301	0.00431	0.02110	0.00689	0.00603
20	0.00904	0.00646	0.00861	0.01034	0.01077	0.00603	0.00689	0.01034	0.01421	0.01895	0.04092	0.73426	0.04910	0.02326	0.00948	0.00301	0.00431	0.02110	0.00689	0.00603
21	0.01506	0.03721	0.65800	0.02182	0.03256	0.01734	0.06887	0.02353	0.01579	0.02353	0.01343	0.01596	0.00952	0.00700	0.00716	0.00236	0.01107	0.00570	0.00317	0.01091
22	0.02822	0.02079	0.02228	0.01708	0.02302	0.02302	0.01411	0.66804	0.03490	0.04679	0.01782	0.01782	0.01262	0.00891	0.00743	0.00223	0.00817	0.00668	0.00743	0.01262
23	0.01501	0.03753	0.66941	0.02164	0.03245	0.01731	0.05778	0.02352	0.01576	0.02352	0.01340	0.01588	0.00949	0.00702	0.00713	0.00236	0.01104	0.00564	0.00316	0.01093
24	0.01985	0.74357	0.03890	0.01270	0.01905	0.02937	0.01270	0.02223	0.01508	0.01747	0.01032	0.01191	0.00953	0.00635	0.00476	0.00159	0.00794	0.00397	0.00318	0.00953
25	0.02114	0.01240	0.01411	0.01217	0.01597	0.05454	0.00964	0.02643	0.10767	0.28045	0.20935	0.04080	0.11091	0.01241	0.00805	0.00239	0.00569	0.03813	0.00799	0.00977
26	0.01790	0.01897	0.03776	0.03760	0.32808	0.01827	0.38139	0.02334	0.01725	0.02399	0.01455	0.01929	0.01148	0.00642	0.00814	0.00237	0.01088	0.00781	0.00372	0.01079

[dist]
# distance from previous block
# <min> <max>
0	27

[block]
# block no. 6 follows, 27 sequences, length 36
# corresponding to MSA columns:
# 284-319
name=unknown_G
#
# <colnr> <probs for GDERKNQSTAVLIFYWHMCP>
#	G	D	E	R	K	N	Q	S	T	A	V	L	I	F	Y	W	H	M	C	P
0	0.04253	0.17735	0.54580	0.01909	0.02893	0.01963	0.02384	0.02320	0.01545	0.02265	0.01262	0.01480	0.00938	0.00691	0.00651	0.00220	0.01019	0.00513	0.00319	0.01058
1	0.01026	0.00715	0.00808	0.00831	0.00875	0.00690	0.00499	0.01071	0.01218	0.01586	0.03355	0.14385	0.12994	0.53458	0.02962	0.00593	0.00629	0.01291	0.00518	0.00497
2	0.09988	0.02008	0.01900	0.05400	0.02206	0.14369	0.01279	0.28220	0.06366	0.13962	0.01859	0.01887	0.01333	0.00850	0.00691	0.00219	0.00829	0.00631	0.04916	0.01085
3	0.01573	0.01621	0.03131	0.39857	0.09648	0.01747	0.27314	0.02115	0.01605	0.02126	0.01397	0.01977	0.01058	0.00690	0.00794	0.00246	0.01084	0.00744	0.00351	0.00921
4	0.00950	0.00785	0.00843	0.00872	0.01092	0.00700	0.00649	0.01240	0.05297	0.02057	0.06507	0.18558	0.51099	0.01918	0.00890	0.00264	0.00411	0.04521	0.00693	0.00655
5	0.01476	0.00800	0.00821	0.00788	0.00989	0.00815	0.00597	0.06853	0.01704	0.02879	0.02448	0.05956	0.01991	0.00935	0.00556	0.00183	0.00387	0.00756	0.68333	0.00733
6	0.01891	0.01781	0.02970	0.04401	0.65614	0.01793	0.02231	0.05809	0.01789	0.02549	0.01418	0.01834	0.01181	0.00674	0.00735	0.00221	0.00878	0.00662	0.00388	0.01181
7	0.01610	0.01361	0.01577	0.01133	0.01789	0.01062	0.00909	0.05449	0.01647	0.02544	0.01345	0.01553	0.01109	0.00569	0.00560	0.00116	0.00565	0.00452	0.00457	0.74194
8	0.00925	0.00677	0.00853	0.00984	0.01062	0.00626	0.00670	0.01062	0.01448	0.01889	0.04488	0.55002	0.14827	0.07916	0.01164	0.00328	0.00455	0.04356	0.00670	0.00598
9	0.01080	0.00720	0.00810	0.00810	0.00810	0.00720	0.00450	0.01080	0.01080	0.01439	0.02339	0.04858	0.02699	0.73910	0.03779	0.00720	0.00720	0.01080	0.00450	0.00450
10	0.01806	0.01761	0.02436	0.33563	0.25710	0.10285	0.01975	0.02288	0.04160	0.04393	0.01431	0.01889	0.01124	0.00753	0.00789	0.00234	0.03400	0.00647	0.00385	0.00973
11	0.01837	0.01764	0.03013	0.04557	0.69279	0.01764	0.02278	0.02278	0.01690	0.02425	0.01396	0.01837	0.01176	0.00661	0.00735	0.00220	0.00882	0.00661	0.00367	0.01176
12	0.03002	0.01461	0.01808	0.01413	0.01964	0.01421	0.01158	0.17685	0.08739	0.46719	0.04798	0.02481	0.01916	0.00940	0.00751	0.00230	0.00660	0.00757	0.00861	0.01237
13	0.02798	0.01965	0.02139	0.01656	0.02236	0.02152	0.01363	0.56087	0.08145	0.10797	0.01984	0.01927	0.01392	0.00902	0.00744	0.00226	0.00782	0.00689	0.00760	0.01256
14	0.01258	0.00645	0.00958	0.00973	0.00976	0.00641	0.00648	0.00973	0.01005	0.01339	0.01520	0.08116	0.01588	0.02558	0.02741	0.71972	0.00627	0.00765	0.00353	0.00345
15	0.00904	0.00646	0.00861	0.01034	0.01077	0.00603	0.00689	0.01034	0.01421	0.01895	0.04092	0.73426	0.04910	0.02326	0.00948	0.00301	0.00431	0.02110	0.00689	0.00603
16	0.01402	0.01319	0.02227	0.72126	0.05113	0.01649	0.02062	0.01897	0.01484	0.01897	0.01319	0.01979	0.00990	0.00742	0.00742	0.00247	0.00990	0.00660	0.00330	0.00825
17	0.01539	0.01319	0.01539	0.01100	0.01759	0.00990	0.00880	0.01869	0.01539	0.02419	0.01319	0.01539	0.01100	0.00550	0.00550	0.00110	0.00550	0.00440	0.00440	0.78449
18	0.01888	0.01861	0.02964	0.04412	0.65625	0.05537	0.02232	0.02316	0.01713	0.02392	0.01383	0.01810	0.01164	0.00667	0.00731	0.00219	0.00907	0.00651	0.00368	0.01159
19	0.03331	0.01263	0.01723	0.01321	0.01895	0.01091	0.01091	0.03618	0.02125	0.69794	0.02929	0.02527	0.01838	0.00919	0.00747	0.00230	0.00632	0.00747	0.00919	0.01263
20	0.01846	0.01595	0.01679	0.01511	0.01930	0.01846	0.01175	0.03945	0.67938	0.03105	0.03022	0.02770	0.02266	0.01007	0.00755	0.00252	0.00588	0.00839	0.00755	0.01175
21	0.01402	0.01319	0.02227	0.72126	0.05113	0.01649	0.02062	0.01897	0.01484	0.01897	0.01319	0.01979	0.00990	0.00742	0.00742	0.00247	0.00990	0.00660	0.00330	0.00825
22	0.02448	0.01858	0.02027	0.01531	0.02144	0.01919	0.01256	0.47869	0.02921	0.04020	0.01647	0.01711	0.01215	0.00792	0.00686	0.00190	0.00739	0.00602	0.00654	0.23769
23	0.02643	0.01989	0.02053	0.01612	0.02149	0.05044	0.01317	0.55329	0.05844	0.04311	0.01867	0.01898	0.01351	0.00888	0.00719	0.00218	0.00785	0.00669	0.08128	0.01187
24	0.02822	0.02079	0.02228	0.01708	0.02302	0.02302	0.01411	0.66804	0.03490	0.04679	0.01782	0.01782	0.01262	0.00891	0.00743	0.00223	0.00817	0.00668	0.00743	0.01262
25	0.01459	0.01378	0.02330	0.63243	0.13549	0.01664	0.02090	0.01947	0.01511	0.01966	0.01330	0.01961	0.01014	0.00732	0.00741	0.00244	0.00975	0.00660	0.00335	0.00871
26	0.01489	0.03840	0.70064	0.02116	0.03213	0.01724	0.02743	0.02351	0.01567	0.02351	0.01332	0.01567	0.00940	0.00705	0.00705	0.00235	0.01097	0.00549	0.00313	0.01097
27	0.00877	0.00752	0.00752	0.00752	0.01003	0.00627	0.00564	0.01065	0.01692	0.02005	0.07520	0.07144	0.68978	0.01880	0.00877	0.00251	0.00376	0.01567	0.00689	0.00627
28	0.01061	0.00795	0.01193	0.01193	0.01326	0.00928	0.00928	0.01326	0.01193	0.01723	0.01988	0.02916	0.01856	0.05568	0.70968	0.01193	0.01988	0.00795	0.00398	0.00663
29	0.00926	0.00657	0.00862	0.01010	0.01055	0.00617	0.00669	0.01053	0.01420	0.01901	0.06664	0.64669	0.04808	0.08456	0.01188	0.00335	0.00452	0.01989	0.00674	0.00594
30	0.00877	0.00752	0.00752	0.00752	0.01003	0.00627	0.00564	0.01065	0.01692	0.02005	0.07520	0.07144	0.68978	0.01880	0.00877	0.00251	0.00376	0.01567	0.00689	0.00627
31	0.01384	0.00692	0.00692	0.00692	0.00865	0.00692	0.00519	0.01730	0.01557	0.02768	0.02422	0.02768	0.01903	0.00865	0.00519	0.00173	0.00346	0.00692	0.78031	0.00692
32	0.01752	0.02003	0.04380	0.03129	0.03880	0.01877	0.66583	0.02378	0.01752	0.02378	0.01502	0.02003	0.01126	0.00626	0.00876	0.00250	0.01252	0.00876	0.00375	0.01001
33	0.61115	0.11265	0.01581	0.01089	0.01586	0.01900	0.00928	0.08711	0.01521	0.03255	0.01109	0.01262	0.00870	0.00702	0.00490	0.00220	0.00628	0.00428	0.00469	0.00870
34	0.00939	0.00661	0.00851	0.00990	0.01024	0.00626	0.00642	0.01043	0.01354	0.01805	0.03747	0.59937	0.04475	0.16408	0.01504	0.00384	0.00488	0.01908	0.00642	0.00573
35	0.01572	0.01576	0.02729	0.20013	0.21767	0.04233	0.18095	0.02005	0.01621	0.02161	0.01896	0.15223	0.01804	0.00986	0.00809	0.00249	0.00935	0.00978	0.00421	0.00927

[dist]
# distance from previous block
# <min> <max>
0	8

# created by:
# /st0/software/busco_prod/Augustus/scripts/msa2prfl.pl ./align_prep/127488.fa
