[name]
unknown

[dist]
# distance from previous block
# <min> <max>
0	49

[block]
# block no. 0 follows, 27 sequences, length 56
# corresponding to MSA columns:
# 56-111
name=unknown_A
#
# <colnr> <probs for GDERKNQSTAVLIFYWHMCP>
#	G	D	E	R	K	N	Q	S	T	A	V	L	I	F	Y	W	H	M	C	P
0	0.04908	0.01487	0.01581	0.05232	0.01896	0.07313	0.01148	0.18764	0.06583	0.05495	0.02506	0.03662	0.05043	0.10314	0.09969	0.00426	0.00932	0.11258	0.00596	0.00886
1	0.06537	0.05794	0.01522	0.01220	0.01588	0.01481	0.00985	0.14201	0.15741	0.02803	0.04180	0.05839	0.26566	0.01355	0.00847	0.00247	0.03494	0.04037	0.00660	0.00901
2	0.01588	0.04967	0.04674	0.01938	0.02394	0.01536	0.25724	0.05972	0.04333	0.02331	0.01909	0.07281	0.01722	0.09578	0.06721	0.00367	0.04887	0.00885	0.07242	0.03951
3	0.04892	0.06583	0.03692	0.01582	0.02081	0.10201	0.03667	0.32618	0.02535	0.10859	0.01892	0.04924	0.01536	0.08371	0.01031	0.00271	0.00847	0.00733	0.00627	0.01057
4	0.02425	0.04733	0.02055	0.01532	0.02037	0.01975	0.01258	0.44169	0.02768	0.05888	0.01718	0.01904	0.01308	0.03225	0.00982	0.03014	0.05316	0.00649	0.04081	0.08964
5	0.00919	0.00684	0.00856	0.00960	0.01065	0.00621	0.00664	0.01091	0.01573	0.02067	0.13707	0.49887	0.18959	0.02119	0.00923	0.00281	0.00408	0.01888	0.00707	0.00621
6	0.01539	0.01319	0.01539	0.01100	0.01759	0.00990	0.00880	0.01869	0.01539	0.02419	0.01319	0.01539	0.01100	0.00550	0.00550	0.00110	0.00550	0.00440	0.00440	0.78449
7	0.01747	0.21876	0.20687	0.01720	0.02321	0.07430	0.05511	0.04551	0.05818	0.02151	0.01555	0.05598	0.01357	0.01309	0.07486	0.00314	0.06556	0.00661	0.00396	0.00955
8	0.01954	0.70011	0.07968	0.01322	0.01986	0.02863	0.01361	0.02231	0.01512	0.01784	0.01051	0.01214	0.00952	0.00639	0.00490	0.00163	0.00813	0.00406	0.00317	0.00962
9	0.00968	0.00807	0.00852	0.00831	0.01080	0.00717	0.00626	0.01305	0.05975	0.02239	0.17591	0.06596	0.54275	0.01763	0.00869	0.00248	0.00385	0.01483	0.00715	0.00674
10	0.02745	0.01131	0.01513	0.01217	0.01690	0.00982	0.00982	0.03019	0.02037	0.53218	0.09326	0.08053	0.08392	0.01153	0.00783	0.00237	0.00570	0.00965	0.00874	0.01112
11	0.00925	0.00659	0.00851	0.00996	0.01042	0.00618	0.00656	0.01040	0.01390	0.01844	0.04007	0.62695	0.07015	0.10950	0.01287	0.00350	0.00464	0.01966	0.00660	0.00585
12	0.01807	0.01746	0.03019	0.08664	0.62724	0.01761	0.04823	0.02259	0.01680	0.02391	0.01396	0.01853	0.01162	0.00665	0.00741	0.00223	0.00903	0.00670	0.00365	0.01147
13	0.00879	0.00744	0.00761	0.00774	0.01008	0.00625	0.00574	0.01063	0.01671	0.01997	0.07254	0.12301	0.63994	0.01915	0.00883	0.00255	0.00380	0.01609	0.00689	0.00625
14	0.07541	0.01230	0.01593	0.01252	0.01771	0.01105	0.01026	0.04986	0.02090	0.55224	0.08690	0.02893	0.05188	0.00999	0.00746	0.00231	0.00598	0.00812	0.00868	0.01159
15	0.02822	0.02079	0.02228	0.01708	0.02302	0.02302	0.01411	0.66804	0.03490	0.04679	0.01782	0.01782	0.01262	0.00891	0.00743	0.00223	0.00817	0.00668	0.00743	0.01262
16	0.01981	0.01442	0.01601	0.01367	0.01713	0.01559	0.01054	0.35600	0.04549	0.03357	0.02508	0.20561	0.02445	0.10525	0.03377	0.00335	0.00720	0.01098	0.03256	0.00952
17	0.00904	0.00646	0.00861	0.01034	0.01077	0.00603	0.00689	0.01034	0.01421	0.01895	0.04092	0.73426	0.04910	0.02326	0.00948	0.00301	0.00431	0.02110	0.00689	0.00603
18	0.01719	0.02349	0.20668	0.02683	0.05808	0.01770	0.38271	0.02334	0.01669	0.05426	0.01594	0.04793	0.01258	0.00771	0.00920	0.00251	0.05491	0.00815	0.00394	0.01016
19	0.01210	0.01033	0.06559	0.01050	0.01320	0.00804	0.00885	0.01598	0.02060	0.06565	0.59891	0.05063	0.06238	0.01420	0.00855	0.00233	0.00425	0.01247	0.00782	0.00763
20	0.06249	0.01405	0.01725	0.12653	0.02289	0.03532	0.03731	0.14955	0.07049	0.07995	0.02283	0.08789	0.05465	0.03423	0.01070	0.08755	0.00731	0.00847	0.00566	0.06489
21	0.01931	0.66740	0.11038	0.01362	0.02047	0.02806	0.01429	0.02237	0.01515	0.01812	0.01064	0.01232	0.00951	0.00643	0.00501	0.00167	0.00827	0.00413	0.00317	0.00968
22	0.00950	0.00689	0.00897	0.00983	0.01083	0.00636	0.00685	0.01155	0.01659	0.02254	0.25359	0.47159	0.09666	0.02035	0.00920	0.00276	0.00401	0.01826	0.00731	0.00636
23	0.01497	0.00801	0.00813	0.00772	0.00978	0.00818	0.00589	0.06841	0.01709	0.02918	0.02372	0.02690	0.01852	0.00867	0.00537	0.00177	0.00383	0.00690	0.71961	0.00737
24	0.02989	0.01641	0.01925	0.01483	0.02049	0.01672	0.01223	0.34784	0.02774	0.34496	0.02338	0.02170	0.01556	0.00903	0.00734	0.00224	0.00710	0.00705	0.04387	0.01237
25	0.00904	0.00646	0.00861	0.01034	0.01077	0.00603	0.00689	0.01034	0.01421	0.01895	0.04092	0.73426	0.04910	0.02326	0.00948	0.00301	0.00431	0.02110	0.00689	0.00603
26	0.59180	0.01501	0.01338	0.03013	0.01697	0.01692	0.00948	0.10960	0.01654	0.10212	0.01334	0.01438	0.00975	0.00741	0.00534	0.00229	0.00624	0.00479	0.00540	0.00912
27	0.02294	0.01570	0.01664	0.01335	0.01775	0.01711	0.01084	0.42918	0.02781	0.03977	0.02017	0.02144	0.01498	0.00882	0.00661	0.00205	0.00644	0.00677	0.29113	0.01053
28	0.01384	0.00692	0.00692	0.00692	0.00865	0.00692	0.00519	0.01730	0.01557	0.02768	0.02422	0.02768	0.01903	0.00865	0.00519	0.00173	0.00346	0.00692	0.78031	0.00692
29	0.02677	0.01939	0.02073	0.01606	0.02157	0.02140	0.01321	0.60240	0.03295	0.04486	0.01847	0.01882	0.01327	0.00889	0.00720	0.00218	0.00769	0.00671	0.08538	0.01205
30	0.01618	0.01570	0.02355	0.56867	0.07298	0.06446	0.05135	0.06009	0.01672	0.02108	0.01348	0.01919	0.01018	0.00744	0.00743	0.00241	0.01011	0.00658	0.00363	0.00877
31	0.01272	0.00880	0.01002	0.00944	0.01033	0.00904	0.00605	0.08739	0.01457	0.01963	0.07561	0.07223	0.02933	0.54822	0.05130	0.00622	0.00729	0.01085	0.00521	0.00576
32	0.01281	0.00653	0.00939	0.00939	0.00950	0.00653	0.00623	0.01023	0.01012	0.01394	0.01433	0.02467	0.01425	0.07351	0.02810	0.68109	0.00631	0.00678	0.05274	0.00355
33	0.01571	0.01485	0.02239	0.50446	0.08305	0.06325	0.04913	0.03895	0.01560	0.01969	0.01332	0.01950	0.01044	0.00927	0.00965	0.08271	0.00979	0.00656	0.00350	0.00819
34	0.01684	0.15385	0.43018	0.02214	0.05502	0.05028	0.12484	0.02358	0.01615	0.02232	0.01302	0.01572	0.00981	0.00682	0.00693	0.00222	0.01073	0.00576	0.00329	0.01050
35	0.00992	0.00707	0.00911	0.01045	0.01107	0.00678	0.00701	0.03617	0.01479	0.01973	0.03881	0.65923	0.04616	0.07168	0.01133	0.00327	0.00466	0.01983	0.00675	0.00618
36	0.01374	0.00687	0.00720	0.00720	0.00875	0.00687	0.00532	0.01653	0.01498	0.02619	0.02308	0.02716	0.01841	0.01037	0.00759	0.08039	0.00376	0.00687	0.70217	0.00655
37	0.61936	0.08850	0.01346	0.00987	0.01410	0.01684	0.00810	0.02055	0.01267	0.02943	0.01189	0.01639	0.01045	0.09388	0.00856	0.00281	0.00614	0.00482	0.00444	0.00777
38	0.02668	0.01964	0.02118	0.01654	0.02204	0.02165	0.01353	0.61508	0.03324	0.04454	0.01968	0.07551	0.01556	0.01007	0.00759	0.00229	0.00786	0.00784	0.00738	0.01209
39	0.01985	0.74357	0.03890	0.01270	0.01905	0.02937	0.01270	0.02223	0.01508	0.01747	0.01032	0.01191	0.00953	0.00635	0.00476	0.00159	0.00794	0.00397	0.00318	0.00953
40	0.01290	0.00823	0.00963	0.00913	0.01093	0.00865	0.00700	0.01581	0.01473	0.02387	0.04512	0.03181	0.07980	0.04236	0.12991	0.00384	0.06166	0.00803	0.42744	0.04916
41	0.00918	0.00716	0.00834	0.00884	0.01048	0.00631	0.00633	0.01114	0.01669	0.02139	0.17198	0.30407	0.35214	0.01974	0.00902	0.00266	0.00391	0.01720	0.00712	0.00631
42	0.01289	0.00645	0.00967	0.00967	0.00967	0.00645	0.00645	0.00967	0.00967	0.01289	0.01289	0.02257	0.01289	0.02579	0.02901	0.78401	0.00645	0.00645	0.00322	0.00322
43	0.01685	0.03221	0.52708	0.02127	0.07104	0.01651	0.02400	0.05416	0.01683	0.07569	0.01524	0.01760	0.01102	0.01060	0.05520	0.00299	0.01096	0.00593	0.00389	0.01093
44	0.07261	0.01638	0.01806	0.05224	0.02089	0.01691	0.01159	0.34016	0.02453	0.03515	0.01643	0.01942	0.01298	0.05933	0.00877	0.00227	0.00712	0.00617	0.03458	0.22442
45	0.00903	0.00653	0.00854	0.01014	0.01072	0.00605	0.00681	0.01036	0.01440	0.01903	0.04326	0.68890	0.09294	0.02295	0.00943	0.00298	0.00427	0.02073	0.00689	0.00605
46	0.01728	0.01027	0.01192	0.01078	0.01347	0.01054	0.00813	0.05154	0.14119	0.13492	0.09120	0.08076	0.02737	0.11052	0.04436	0.00335	0.00592	0.00944	0.20842	0.00861
47	0.01548	0.01454	0.02366	0.39920	0.26460	0.01639	0.01982	0.02115	0.06115	0.02166	0.01844	0.02303	0.05330	0.00803	0.00749	0.00239	0.00888	0.00729	0.00394	0.00956
48	0.01879	0.15473	0.21363	0.04901	0.14985	0.12310	0.14276	0.02397	0.01692	0.02168	0.01295	0.01612	0.01024	0.00680	0.00698	0.00216	0.01066	0.00597	0.00347	0.01023
49	0.01402	0.01319	0.02227	0.72126	0.05113	0.01649	0.02062	0.01897	0.01484	0.01897	0.01319	0.01979	0.00990	0.00742	0.00742	0.00247	0.00990	0.00660	0.00330	0.00825
50	0.01289	0.00645	0.00967	0.00967	0.00967	0.00645	0.00645	0.00967	0.00967	0.01289	0.01289	0.02257	0.01289	0.02579	0.02901	0.78401	0.00645	0.00645	0.00322	0.00322
51	0.01648	0.01384	0.01598	0.01151	0.01805	0.01101	0.00925	0.07385	0.01705	0.02611	0.01359	0.01560	0.01113	0.00579	0.00566	0.00120	0.00572	0.00459	0.00466	0.71892
52	0.01907	0.01221	0.01572	0.01362	0.01691	0.01234	0.04073	0.19223	0.02127	0.14606	0.06487	0.28144	0.03067	0.03954	0.05390	0.00331	0.00712	0.01270	0.00710	0.00919
53	0.00949	0.00727	0.01046	0.01130	0.01225	0.00674	0.04269	0.01109	0.01457	0.01928	0.04169	0.65321	0.08779	0.02205	0.00939	0.00295	0.00472	0.02009	0.00672	0.00626
54	0.04938	0.06670	0.08852	0.01556	0.02025	0.11497	0.01369	0.18560	0.04187	0.08945	0.01961	0.02108	0.04481	0.01142	0.04113	0.00270	0.08706	0.00663	0.06957	0.00997
55	0.06483	0.01442	0.06697	0.01303	0.01604	0.04331	0.01056	0.13433	0.07787	0.02578	0.02763	0.26780	0.02896	0.12487	0.01264	0.00334	0.00674	0.04661	0.00610	0.00817

[dist]
# distance from previous block
# <min> <max>
4	23

[block]
# block no. 1 follows, 27 sequences, length 20
# corresponding to MSA columns:
# 151-170
name=unknown_B
#
# <colnr> <probs for GDERKNQSTAVLIFYWHMCP>
#	G	D	E	R	K	N	Q	S	T	A	V	L	I	F	Y	W	H	M	C	P
0	0.01841	0.08183	0.01920	0.01658	0.06619	0.16723	0.01227	0.06146	0.11523	0.02328	0.05030	0.02919	0.09941	0.01436	0.06845	0.00305	0.05307	0.03335	0.00520	0.06192
1	0.01863	0.06651	0.01824	0.01429	0.03751	0.01658	0.01092	0.24693	0.02101	0.02833	0.02339	0.04703	0.08351	0.17073	0.01583	0.00334	0.08781	0.00843	0.00557	0.07542
2	0.01688	0.02071	0.15224	0.07851	0.40765	0.01691	0.09365	0.02221	0.01664	0.02358	0.01589	0.02325	0.01358	0.00779	0.00768	0.00238	0.00953	0.05628	0.00381	0.01082
3	0.48110	0.05191	0.15085	0.01520	0.06754	0.01756	0.01348	0.02375	0.07078	0.02981	0.01289	0.01457	0.00990	0.00715	0.00554	0.00229	0.00711	0.00487	0.00443	0.00927
4	0.01295	0.00648	0.00950	0.00950	0.00961	0.00648	0.00637	0.01014	0.01003	0.01380	0.01359	0.02288	0.01327	0.02474	0.02756	0.73632	0.00627	0.00648	0.05060	0.00345
5	0.01525	0.01445	0.02449	0.53063	0.23216	0.01682	0.02123	0.02004	0.01543	0.02046	0.01341	0.01939	0.01042	0.00719	0.00740	0.00240	0.00959	0.00660	0.00340	0.00924
6	0.20463	0.03956	0.07122	0.07458	0.06724	0.01358	0.01168	0.06266	0.01691	0.04345	0.08461	0.07960	0.11872	0.01090	0.00689	0.00232	0.00624	0.00881	0.06794	0.00846
7	0.01022	0.00709	0.00834	0.00871	0.00911	0.00691	0.00536	0.01087	0.01248	0.01653	0.05604	0.20444	0.08820	0.47282	0.04657	0.00582	0.00648	0.01354	0.00536	0.00514
8	0.01061	0.00795	0.01193	0.01193	0.01326	0.00928	0.00928	0.01326	0.01193	0.01723	0.01988	0.02916	0.01856	0.05568	0.70968	0.01193	0.01988	0.00795	0.00398	0.00663
9	0.01022	0.01004	0.05860	0.01072	0.03389	0.00777	0.00844	0.01282	0.01672	0.02146	0.14851	0.11035	0.37416	0.07922	0.01126	0.00297	0.00498	0.06460	0.00650	0.00676
10	0.03671	0.07524	0.17353	0.12222	0.17702	0.08659	0.08371	0.04992	0.01747	0.02343	0.03286	0.02187	0.01390	0.00803	0.00733	0.00231	0.00983	0.04407	0.00398	0.00998
11	0.01507	0.01428	0.02508	0.26112	0.16974	0.01515	0.14598	0.01992	0.04520	0.02134	0.02101	0.05518	0.06274	0.01030	0.00938	0.05369	0.00901	0.03274	0.00419	0.00886
12	0.01563	0.01540	0.02153	0.01871	0.01874	0.02131	0.01544	0.01722	0.01161	0.01796	0.01242	0.07776	0.01312	0.01387	0.02309	0.00323	0.66372	0.00775	0.00356	0.00794
13	0.01905	0.01948	0.02009	0.04925	0.17230	0.20137	0.01472	0.02344	0.07451	0.04557	0.07173	0.02932	0.09857	0.01065	0.00957	0.00238	0.09251	0.03130	0.00500	0.00920
14	0.01529	0.06710	0.62554	0.02152	0.03205	0.01787	0.07242	0.02347	0.01578	0.02327	0.01332	0.01582	0.00954	0.00697	0.00708	0.00233	0.01095	0.00566	0.00318	0.01084
15	0.01177	0.00906	0.01284	0.01576	0.08965	0.00881	0.01136	0.01478	0.01681	0.02209	0.07642	0.17617	0.11768	0.01889	0.00955	0.00305	0.00612	0.36542	0.00657	0.00720
16	0.14788	0.01386	0.04694	0.05810	0.06109	0.01244	0.01213	0.02919	0.01870	0.41502	0.06335	0.05038	0.01965	0.00935	0.00714	0.00233	0.00656	0.00759	0.00735	0.01093
17	0.28791	0.05890	0.03840	0.01168	0.01595	0.04204	0.00979	0.09279	0.01811	0.10469	0.09839	0.08535	0.06273	0.01052	0.00658	0.00229	0.00612	0.00813	0.03078	0.00884
18	0.04588	0.01434	0.02392	0.37751	0.22882	0.01592	0.05866	0.01973	0.01575	0.02156	0.01889	0.02535	0.06034	0.00844	0.00758	0.00243	0.00902	0.03282	0.00388	0.00916
19	0.03099	0.01212	0.01649	0.01282	0.01815	0.01051	0.01051	0.03393	0.02122	0.63011	0.09624	0.02833	0.02362	0.00980	0.00760	0.00230	0.00603	0.00807	0.00909	0.01206

[dist]
# distance from previous block
# <min> <max>
0	3

[block]
# block no. 2 follows, 27 sequences, length 8
# corresponding to MSA columns:
# 174-181
name=unknown_C
#
# <colnr> <probs for GDERKNQSTAVLIFYWHMCP>
#	G	D	E	R	K	N	Q	S	T	A	V	L	I	F	Y	W	H	M	C	P
0	0.01170	0.07685	0.01254	0.00983	0.01254	0.01032	0.00766	0.01676	0.11068	0.02421	0.24605	0.10535	0.29687	0.01566	0.00828	0.00241	0.00441	0.01330	0.00703	0.00754
1	0.01894	0.08837	0.13858	0.06537	0.17048	0.01785	0.06168	0.02807	0.18625	0.09570	0.04125	0.02182	0.01638	0.00812	0.00727	0.00230	0.00823	0.00709	0.00524	0.01102
2	0.01253	0.00906	0.01085	0.01019	0.01080	0.00994	0.00678	0.06079	0.01278	0.01745	0.02140	0.04120	0.02344	0.54014	0.11661	0.00707	0.06896	0.00978	0.00455	0.00567
3	0.01045	0.00752	0.00997	0.01013	0.01163	0.00705	0.00768	0.01354	0.01924	0.02677	0.48140	0.18135	0.06245	0.01738	0.00910	0.00261	0.00411	0.10307	0.00775	0.00681
4	0.01724	0.10554	0.40455	0.02227	0.10948	0.06678	0.02218	0.02600	0.11116	0.02368	0.01538	0.01718	0.01162	0.00740	0.00690	0.00225	0.00983	0.00583	0.00389	0.01087
5	0.02042	0.01940	0.07772	0.14017	0.19947	0.06679	0.10054	0.06331	0.03932	0.11591	0.01625	0.01928	0.01220	0.00793	0.00889	0.00239	0.06796	0.00683	0.00466	0.01056
6	0.01694	0.00967	0.01122	0.05193	0.01424	0.01014	0.00808	0.11118	0.01795	0.07194	0.02172	0.02524	0.01693	0.01254	0.04256	0.07453	0.00579	0.00691	0.46266	0.00784
7	0.01688	0.01279	0.01466	0.01299	0.01651	0.01294	0.01014	0.22695	0.05327	0.02968	0.03081	0.26565	0.06772	0.01491	0.00818	0.00247	0.00601	0.07071	0.00673	0.11998

[dist]
# distance from previous block
# <min> <max>
0	1

[block]
# block no. 3 follows, 27 sequences, length 53
# corresponding to MSA columns:
# 183-235
name=unknown_D
#
# <colnr> <probs for GDERKNQSTAVLIFYWHMCP>
#	G	D	E	R	K	N	Q	S	T	A	V	L	I	F	Y	W	H	M	C	P
0	0.02193	0.01590	0.01762	0.01449	0.01835	0.01763	0.01142	0.36430	0.08576	0.05850	0.02170	0.07435	0.01871	0.12443	0.01325	0.00312	0.05126	0.00852	0.04853	0.01023
1	0.10805	0.05726	0.36591	0.01756	0.02499	0.01582	0.06416	0.02212	0.05877	0.02510	0.08134	0.08924	0.01986	0.00948	0.00721	0.00240	0.00863	0.00793	0.00449	0.00968
2	0.02683	0.01988	0.02143	0.01649	0.02231	0.02167	0.01355	0.60669	0.03303	0.04451	0.01820	0.03868	0.01359	0.00911	0.00736	0.00218	0.00788	0.00696	0.00721	0.06242
3	0.00909	0.00687	0.00841	0.00943	0.01058	0.00619	0.00654	0.01075	0.01561	0.02023	0.10818	0.48044	0.23833	0.02124	0.00921	0.00281	0.00408	0.01884	0.00701	0.00619
4	0.01499	0.03770	0.67573	0.02154	0.03238	0.01730	0.05164	0.02352	0.01574	0.02352	0.01339	0.01584	0.00947	0.00702	0.00712	0.00236	0.01103	0.00561	0.00316	0.01093
5	0.06395	0.00867	0.01082	0.00979	0.01227	0.00810	0.00752	0.01723	0.02032	0.11564	0.53341	0.04945	0.08620	0.01403	0.00832	0.00234	0.00402	0.01215	0.00802	0.00776
6	0.55557	0.01694	0.01512	0.04331	0.01885	0.07808	0.04529	0.06246	0.05600	0.03152	0.01248	0.01425	0.00960	0.00726	0.00548	0.00229	0.00711	0.00488	0.00478	0.00871
7	0.01810	0.32695	0.16183	0.01786	0.04336	0.06306	0.03848	0.02171	0.01497	0.01955	0.03046	0.01546	0.01141	0.00838	0.01026	0.00222	0.17768	0.00542	0.00340	0.00944
8	0.01139	0.00911	0.01344	0.01299	0.01413	0.01116	0.01025	0.01390	0.01185	0.01732	0.01847	0.02736	0.01733	0.04971	0.61393	0.01072	0.11848	0.00775	0.00388	0.00684
9	0.01002	0.00795	0.01245	0.01260	0.01381	0.00755	0.07492	0.01191	0.01441	0.01934	0.03693	0.61634	0.04328	0.02355	0.05344	0.00352	0.00613	0.01901	0.00638	0.00648
10	0.01825	0.01655	0.02830	0.10417	0.49590	0.01689	0.06214	0.02260	0.01699	0.06019	0.04831	0.02076	0.01475	0.00746	0.00812	0.00230	0.03404	0.00713	0.00415	0.01100
11	0.03083	0.01292	0.01698	0.01334	0.01879	0.01176	0.01091	0.03600	0.10427	0.59602	0.04696	0.02638	0.02029	0.00946	0.00751	0.00233	0.00619	0.00774	0.00896	0.01237
12	0.00977	0.00761	0.00875	0.00871	0.01073	0.00678	0.00658	0.01219	0.01784	0.02301	0.26772	0.06577	0.38281	0.06817	0.01093	0.00286	0.00420	0.07199	0.00714	0.00644
13	0.08920	0.07979	0.35127	0.10681	0.05236	0.01710	0.07986	0.02149	0.01528	0.02306	0.03798	0.01795	0.01205	0.00840	0.00827	0.05030	0.00963	0.00606	0.00356	0.00956
14	0.13947	0.26378	0.05527	0.01341	0.01829	0.05514	0.01197	0.02625	0.17481	0.04364	0.01769	0.04095	0.01459	0.00849	0.00672	0.00212	0.03813	0.00610	0.05360	0.00960
15	0.00945	0.00684	0.00903	0.01063	0.01139	0.00641	0.00755	0.01110	0.01482	0.01951	0.04308	0.59273	0.09298	0.02254	0.00954	0.00304	0.00464	0.11168	0.00688	0.00616
16	0.04000	0.12926	0.02047	0.05935	0.06621	0.05181	0.01238	0.13033	0.01797	0.02467	0.01951	0.02297	0.06282	0.01482	0.07661	0.05376	0.08865	0.00685	0.09289	0.00867
17	0.08317	0.09148	0.02120	0.01498	0.02045	0.02002	0.01246	0.35926	0.09051	0.15285	0.02056	0.04621	0.01532	0.00921	0.00704	0.00224	0.00728	0.00706	0.00708	0.01164
18	0.01325	0.00915	0.01210	0.03880	0.01600	0.00913	0.01078	0.01752	0.06598	0.06932	0.04124	0.16202	0.11226	0.01865	0.00948	0.00308	0.00614	0.37067	0.00694	0.00748
19	0.04646	0.01709	0.03139	0.15197	0.11804	0.01776	0.30454	0.06918	0.01760	0.02457	0.03257	0.05676	0.01440	0.00826	0.00911	0.00250	0.05557	0.00838	0.00421	0.00964
20	0.01121	0.00719	0.00879	0.00930	0.00987	0.00688	0.00589	0.01197	0.01300	0.05346	0.03282	0.33634	0.05806	0.37454	0.02327	0.00502	0.00582	0.01511	0.00584	0.00564
21	0.63055	0.05465	0.01404	0.01101	0.01586	0.01821	0.00917	0.10484	0.03444	0.03411	0.01185	0.01323	0.00912	0.00721	0.00505	0.00226	0.00617	0.00448	0.00496	0.00881
22	0.01078	0.00728	0.00849	0.00849	0.00863	0.00741	0.00499	0.01105	0.01091	0.01469	0.02303	0.04658	0.02612	0.66870	0.10700	0.00768	0.00850	0.01050	0.00444	0.00472
23	0.01562	0.02390	0.27184	0.10649	0.19168	0.01637	0.12971	0.02181	0.01661	0.02356	0.05890	0.02377	0.01606	0.00811	0.00773	0.00241	0.00988	0.04140	0.00391	0.01021
24	0.01985	0.74357	0.03890	0.01270	0.01905	0.02937	0.01270	0.02223	0.01508	0.01747	0.01032	0.01191	0.00953	0.00635	0.00476	0.00159	0.00794	0.00397	0.00318	0.00953
25	0.01333	0.00822	0.01076	0.00977	0.01205	0.00747	0.00745	0.01669	0.02091	0.11374	0.58507	0.05218	0.08433	0.01454	0.00859	0.00234	0.00387	0.01275	0.00826	0.00769
26	0.01587	0.02027	0.12891	0.04850	0.03338	0.01679	0.43224	0.02181	0.01712	0.02377	0.08983	0.02373	0.01784	0.01011	0.04498	0.00297	0.02956	0.00865	0.00414	0.00953
27	0.01276	0.01006	0.01329	0.11465	0.01967	0.01088	0.01150	0.01884	0.13364	0.02203	0.03400	0.15596	0.05785	0.08451	0.01178	0.00338	0.00666	0.26475	0.00624	0.00756
28	0.01060	0.00716	0.00831	0.00843	0.00862	0.00707	0.00495	0.01104	0.01204	0.01621	0.08476	0.11567	0.03299	0.60479	0.03244	0.00636	0.00659	0.01203	0.00506	0.00487
29	0.00967	0.00678	0.00872	0.01003	0.01045	0.00649	0.00667	0.01080	0.01360	0.01809	0.03660	0.52442	0.04335	0.19463	0.01631	0.00405	0.00518	0.06212	0.00631	0.00572
30	0.01019	0.00694	0.00827	0.00887	0.00901	0.00680	0.00532	0.01064	0.01197	0.01596	0.02940	0.28388	0.03458	0.49346	0.02807	0.00576	0.00621	0.01433	0.00532	0.00502
31	0.01880	0.07223	0.02995	0.07094	0.57885	0.05585	0.02149	0.02295	0.01690	0.02319	0.01353	0.01769	0.01139	0.00669	0.00713	0.00215	0.00905	0.00632	0.00363	0.01127
32	0.01753	0.01532	0.05036	0.01253	0.01892	0.01227	0.01056	0.10086	0.05388	0.04969	0.01608	0.03862	0.01316	0.00691	0.00611	0.00148	0.00611	0.00556	0.00512	0.55891
33	0.02011	0.06328	0.11111	0.03101	0.26084	0.14243	0.17466	0.06392	0.01865	0.02398	0.01374	0.01718	0.01090	0.00689	0.00740	0.00221	0.01069	0.00653	0.00386	0.01062
34	0.01194	0.00951	0.01237	0.01248	0.01351	0.01050	0.00939	0.05746	0.01581	0.02145	0.06395	0.42969	0.08464	0.01953	0.01204	0.00297	0.13664	0.06283	0.00631	0.00698
35	0.07349	0.05297	0.02110	0.01787	0.02198	0.47317	0.01385	0.12974	0.04944	0.02412	0.01307	0.01470	0.01051	0.00813	0.00754	0.00207	0.04713	0.00525	0.00455	0.00934
36	0.01079	0.00958	0.05466	0.01011	0.01245	0.00767	0.00833	0.01462	0.02067	0.02936	0.64512	0.05288	0.06612	0.01465	0.00865	0.00234	0.00399	0.01291	0.00785	0.00726
37	0.00955	0.00737	0.01070	0.01143	0.01244	0.00683	0.04726	0.01118	0.01461	0.01932	0.04173	0.64405	0.09159	0.02190	0.00938	0.00295	0.00477	0.01997	0.00670	0.00629
38	0.00907	0.00666	0.00851	0.00990	0.01068	0.00610	0.00672	0.01053	0.01488	0.01956	0.07274	0.61210	0.14075	0.02229	0.00935	0.00291	0.00420	0.02001	0.00694	0.00610
39	0.02775	0.03490	0.02108	0.01906	0.02295	0.68670	0.01434	0.05067	0.02149	0.01911	0.01168	0.01353	0.00966	0.00769	0.00672	0.00192	0.01322	0.00484	0.00394	0.00874
40	0.00904	0.00646	0.00861	0.01034	0.01077	0.00603	0.00689	0.01034	0.01421	0.01895	0.04092	0.73426	0.04910	0.02326	0.00948	0.00301	0.00431	0.02110	0.00689	0.00603
41	0.01101	0.00763	0.00954	0.00931	0.01120	0.00687	0.00688	0.01375	0.01896	0.05912	0.41045	0.17483	0.19861	0.01706	0.00882	0.00249	0.00384	0.01494	0.00772	0.00696
42	0.73850	0.01424	0.01135	0.01000	0.01468	0.01625	0.00824	0.02283	0.01324	0.07980	0.01166	0.01298	0.00876	0.00705	0.00479	0.00230	0.00578	0.00426	0.00492	0.00836
43	0.00926	0.00662	0.00880	0.01019	0.01081	0.00617	0.00691	0.01087	0.01519	0.02051	0.13429	0.63644	0.05212	0.02209	0.00937	0.00292	0.00419	0.02000	0.00708	0.00617
44	0.01557	0.01554	0.02205	0.01877	0.01929	0.02100	0.03929	0.01739	0.01213	0.01830	0.01625	0.02170	0.07536	0.01330	0.02228	0.00315	0.62952	0.00746	0.00362	0.00801
45	0.01061	0.00795	0.01193	0.01193	0.01326	0.00928	0.00928	0.01326	0.01193	0.01723	0.01988	0.02916	0.01856	0.05568	0.70968	0.01193	0.01988	0.00795	0.00398	0.00663
46	0.01533	0.00836	0.00852	0.00798	0.01014	0.00859	0.00612	0.08495	0.01758	0.02966	0.02355	0.02665	0.01836	0.00868	0.00542	0.00178	0.00395	0.00689	0.69997	0.00751
47	0.00965	0.00774	0.00941	0.05541	0.01366	0.00719	0.00786	0.01178	0.01607	0.01999	0.05660	0.25219	0.37651	0.01954	0.00909	0.00278	0.00475	0.10671	0.00665	0.00641
48	0.01964	0.01800	0.01810	0.01684	0.06229	0.18546	0.05583	0.04474	0.06737	0.10265	0.05092	0.03309	0.14422	0.08203	0.03270	0.00307	0.03974	0.00891	0.00561	0.00879
49	0.01333	0.00849	0.01132	0.03390	0.01262	0.00928	0.00802	0.01397	0.06113	0.01741	0.02192	0.02811	0.08695	0.02004	0.02131	0.44976	0.07520	0.00765	0.09434	0.00525
50	0.00904	0.00646	0.00861	0.01034	0.01077	0.00603	0.00689	0.01034	0.01421	0.01895	0.04092	0.73426	0.04910	0.02326	0.00948	0.00301	0.00431	0.02110	0.00689	0.00603
51	0.38725	0.01873	0.05052	0.04592	0.18042	0.08047	0.09164	0.02297	0.01520	0.02775	0.01208	0.01504	0.00956	0.00684	0.00613	0.00227	0.00834	0.00542	0.00410	0.00934
52	0.01059	0.00800	0.01002	0.00966	0.01178	0.00712	0.00727	0.01348	0.01857	0.02567	0.39346	0.16245	0.14868	0.01636	0.00865	0.00241	0.00406	0.05273	0.00734	0.08169

[dist]
# distance from previous block
# <min> <max>
0	1

[block]
# block no. 4 follows, 27 sequences, length 24
# corresponding to MSA columns:
# 237-260
name=unknown_E
#
# <colnr> <probs for GDERKNQSTAVLIFYWHMCP>
#	G	D	E	R	K	N	Q	S	T	A	V	L	I	F	Y	W	H	M	C	P
0	0.22665	0.01316	0.01539	0.09251	0.02080	0.01330	0.01084	0.02708	0.07266	0.26657	0.02114	0.05924	0.01581	0.00877	0.00657	0.00222	0.00632	0.00690	0.00644	0.10763
1	0.06255	0.13278	0.37939	0.01891	0.02727	0.06071	0.05630	0.07544	0.07335	0.02537	0.01449	0.01622	0.01083	0.00734	0.00673	0.00223	0.00982	0.00566	0.00401	0.01060
2	0.01672	0.07103	0.02427	0.11708	0.04799	0.08510	0.14571	0.02037	0.01538	0.02127	0.01531	0.02028	0.01265	0.01245	0.07048	0.00315	0.13240	0.00682	0.15308	0.00844
3	0.00996	0.00742	0.00926	0.00910	0.01083	0.00672	0.00671	0.01283	0.01927	0.02634	0.47700	0.14939	0.19382	0.01700	0.00886	0.00246	0.00366	0.01491	0.00774	0.00672
4	0.01238	0.00827	0.01093	0.01154	0.01332	0.00793	0.00913	0.01576	0.04082	0.06885	0.18269	0.24305	0.08156	0.01885	0.00936	0.00292	0.00521	0.24291	0.00733	0.00720
5	0.01681	0.14548	0.46383	0.02206	0.07015	0.05747	0.07800	0.02363	0.01611	0.02234	0.01293	0.01549	0.00973	0.00688	0.00684	0.00221	0.01063	0.00555	0.00326	0.01058
6	0.08049	0.01269	0.01556	0.01266	0.01758	0.01213	0.01024	0.03259	0.14095	0.44027	0.06793	0.03000	0.07297	0.01026	0.00745	0.00236	0.00584	0.00835	0.00833	0.01135
7	0.00923	0.00667	0.00879	0.01041	0.01105	0.00622	0.00717	0.01071	0.01457	0.01924	0.04276	0.65097	0.08517	0.02281	0.00949	0.00301	0.00445	0.06429	0.00689	0.00610
8	0.01783	0.02153	0.10449	0.23968	0.05951	0.12275	0.19933	0.05777	0.01777	0.02241	0.01532	0.05904	0.01262	0.00805	0.00776	0.00239	0.01083	0.00763	0.00393	0.00934
9	0.06381	0.01900	0.02187	0.21793	0.04959	0.10409	0.05135	0.23042	0.08771	0.03002	0.01647	0.01970	0.01261	0.03342	0.00831	0.00248	0.00917	0.00670	0.00526	0.01010
10	0.01855	0.01393	0.01602	0.07924	0.07553	0.05007	0.01163	0.18936	0.02053	0.02991	0.01914	0.02257	0.01505	0.01248	0.06606	0.00289	0.03283	0.00676	0.30839	0.00905
11	0.15057	0.02299	0.09071	0.06603	0.32539	0.17659	0.01870	0.02407	0.01691	0.02403	0.01267	0.01597	0.01030	0.00698	0.00671	0.00218	0.00962	0.00564	0.00379	0.01015
12	0.00898	0.00753	0.00781	0.00774	0.01016	0.00636	0.00581	0.01106	0.01742	0.02124	0.14993	0.06950	0.61431	0.01836	0.00877	0.00249	0.00373	0.01539	0.00705	0.00636
13	0.02752	0.01827	0.02075	0.01706	0.05024	0.01955	0.01338	0.48561	0.03038	0.15721	0.02069	0.04535	0.01511	0.00937	0.00743	0.00225	0.00758	0.00735	0.03273	0.01216
14	0.01902	0.21306	0.26337	0.02178	0.08413	0.05009	0.11785	0.02430	0.01647	0.07855	0.01401	0.01632	0.01069	0.00712	0.00734	0.00217	0.03358	0.00586	0.00383	0.01046
15	0.01510	0.01439	0.02536	0.55478	0.04656	0.01677	0.12884	0.04252	0.01603	0.02106	0.01405	0.02004	0.01055	0.00732	0.00757	0.00244	0.01005	0.00698	0.03092	0.00865
16	0.04099	0.01943	0.14493	0.07090	0.09100	0.01573	0.27682	0.02032	0.01593	0.02259	0.01945	0.16412	0.01844	0.01021	0.00879	0.00257	0.03409	0.01014	0.00426	0.00928
17	0.01019	0.00749	0.00955	0.00922	0.01095	0.00684	0.00685	0.01333	0.01999	0.02779	0.56691	0.11449	0.13623	0.01626	0.00882	0.00241	0.00360	0.01432	0.00792	0.00684
18	0.01513	0.00889	0.01056	0.08539	0.01483	0.00947	0.00795	0.08077	0.01641	0.02614	0.02048	0.02499	0.01637	0.01144	0.00968	0.13401	0.00513	0.00678	0.48858	0.00700
19	0.01022	0.00758	0.00952	0.00904	0.01091	0.00688	0.00678	0.01345	0.02033	0.02816	0.58695	0.05811	0.17298	0.01578	0.00876	0.00236	0.00355	0.01380	0.00796	0.00688
20	0.01779	0.01787	0.03292	0.09899	0.47352	0.01783	0.18496	0.02271	0.01689	0.02369	0.01417	0.01891	0.01148	0.00659	0.00771	0.00230	0.00984	0.00715	0.00366	0.01102
21	0.01289	0.00645	0.00967	0.00967	0.00967	0.00645	0.00645	0.00967	0.00967	0.01289	0.01289	0.02257	0.01289	0.02579	0.02901	0.78401	0.00645	0.00645	0.00322	0.00322
22	0.01330	0.00724	0.01025	0.01016	0.01053	0.00732	0.00692	0.04613	0.01158	0.01546	0.01635	0.10320	0.01700	0.02457	0.02560	0.65203	0.00630	0.00813	0.00387	0.00406
23	0.01840	0.01715	0.02627	0.03675	0.49785	0.01788	0.01959	0.02761	0.20866	0.02622	0.01867	0.02107	0.01491	0.00762	0.00741	0.00230	0.00797	0.00713	0.00480	0.01176

[dist]
# distance from previous block
# <min> <max>
5	7

[block]
# block no. 5 follows, 27 sequences, length 22
# corresponding to MSA columns:
# 269-290
name=unknown_F
#
# <colnr> <probs for GDERKNQSTAVLIFYWHMCP>
#	G	D	E	R	K	N	Q	S	T	A	V	L	I	F	Y	W	H	M	C	P
0	0.06836	0.01048	0.01326	0.03840	0.01529	0.04243	0.01006	0.01502	0.01236	0.01834	0.01799	0.02725	0.01697	0.09585	0.49380	0.00936	0.07640	0.00757	0.00397	0.00684
1	0.79154	0.01436	0.01091	0.00976	0.01436	0.01665	0.00804	0.02182	0.01263	0.03331	0.01034	0.01206	0.00804	0.00689	0.00459	0.00230	0.00574	0.00402	0.00459	0.00804
2	0.01090	0.00794	0.00982	0.08585	0.01334	0.00823	0.00669	0.01183	0.01203	0.01574	0.02815	0.04689	0.10260	0.53079	0.07426	0.00644	0.00790	0.01073	0.00462	0.00525
3	0.01402	0.01319	0.02227	0.72126	0.05113	0.01649	0.02062	0.01897	0.01484	0.01897	0.01319	0.01979	0.00990	0.00742	0.00742	0.00247	0.00990	0.00660	0.00330	0.00825
4	0.01129	0.00827	0.01170	0.05824	0.01641	0.00836	0.01112	0.01422	0.01615	0.02111	0.03807	0.25856	0.04237	0.02042	0.00986	0.00325	0.00634	0.43091	0.00662	0.00670
5	0.01563	0.01581	0.02212	0.63862	0.04781	0.09804	0.01988	0.02022	0.01557	0.01887	0.01299	0.01904	0.00986	0.00745	0.00734	0.00241	0.01031	0.00638	0.00336	0.00829
6	0.01985	0.74357	0.03890	0.01270	0.01905	0.02937	0.01270	0.02223	0.01508	0.01747	0.01032	0.01191	0.00953	0.00635	0.00476	0.00159	0.00794	0.00397	0.00318	0.00953
7	0.01489	0.03840	0.70064	0.02116	0.03213	0.01724	0.02743	0.02351	0.01567	0.02351	0.01332	0.01567	0.00940	0.00705	0.00705	0.00235	0.01097	0.00549	0.00313	0.01097
8	0.01782	0.01368	0.01649	0.01416	0.01755	0.01449	0.04709	0.26557	0.07685	0.03053	0.03011	0.23521	0.07430	0.07549	0.03233	0.00323	0.00706	0.01219	0.00669	0.00916
9	0.01442	0.01395	0.01998	0.01715	0.01808	0.01795	0.05020	0.01652	0.01357	0.01981	0.09321	0.06860	0.09640	0.01411	0.01914	0.00301	0.48242	0.00927	0.00444	0.00777
10	0.02342	0.01777	0.01919	0.01545	0.02018	0.01983	0.01249	0.43383	0.14278	0.03887	0.02379	0.02467	0.05866	0.04309	0.00959	0.00255	0.03943	0.00775	0.03538	0.01128
11	0.01428	0.01355	0.02232	0.63866	0.04741	0.01723	0.02010	0.01884	0.01444	0.01884	0.01279	0.01937	0.00988	0.00808	0.00942	0.00257	0.09413	0.00659	0.00329	0.00823
12	0.01600	0.01448	0.04331	0.16744	0.04724	0.01466	0.16113	0.06356	0.09437	0.02418	0.04825	0.02568	0.01718	0.01109	0.01072	0.11237	0.00840	0.03205	0.07931	0.00858
13	0.01117	0.00766	0.00953	0.00909	0.01073	0.00705	0.00654	0.01373	0.01840	0.05168	0.43907	0.08591	0.13780	0.14289	0.01384	0.00324	0.00433	0.01336	0.00735	0.00665
14	0.02613	0.01976	0.02110	0.01666	0.02223	0.02205	0.01361	0.53349	0.17286	0.04342	0.02048	0.01994	0.01477	0.00916	0.00745	0.00229	0.00768	0.00705	0.00745	0.01244
15	0.00904	0.00646	0.00861	0.01034	0.01077	0.00603	0.00689	0.01034	0.01421	0.01895	0.04092	0.73426	0.04910	0.02326	0.00948	0.00301	0.00431	0.02110	0.00689	0.00603
16	0.09333	0.01778	0.16758	0.06886	0.02343	0.01287	0.04962	0.02452	0.01776	0.23127	0.07343	0.03293	0.05986	0.01053	0.00767	0.00248	0.00760	0.08239	0.00619	0.00990
17	0.02050	0.62035	0.07420	0.01394	0.02025	0.10872	0.01373	0.02317	0.01582	0.01789	0.01063	0.01230	0.00952	0.00654	0.00512	0.00167	0.00875	0.00415	0.00325	0.00950
18	0.00950	0.00689	0.00869	0.00956	0.01045	0.00638	0.00651	0.01117	0.01554	0.02078	0.17476	0.44344	0.12636	0.09920	0.01234	0.00327	0.00439	0.01778	0.00689	0.00609
19	0.07069	0.01154	0.01499	0.01235	0.01686	0.01055	0.01003	0.02958	0.04465	0.45823	0.13995	0.06023	0.02917	0.01127	0.00775	0.00240	0.00575	0.04474	0.00847	0.01081
20	0.01679	0.01283	0.01485	0.03580	0.04221	0.01375	0.01084	0.05654	0.31564	0.08246	0.03839	0.11411	0.14663	0.01343	0.00813	0.00258	0.00576	0.05226	0.00717	0.00982
21	0.28700	0.04171	0.15529	0.01539	0.04128	0.07394	0.01423	0.07817	0.01763	0.13639	0.01603	0.01861	0.01209	0.00800	0.00630	0.00226	0.00793	0.03041	0.00522	0.03213

[dist]
# distance from previous block
# <min> <max>
0	3

[block]
# block no. 6 follows, 27 sequences, length 23
# corresponding to MSA columns:
# 294-316
name=unknown_G
#
# <colnr> <probs for GDERKNQSTAVLIFYWHMCP>
#	G	D	E	R	K	N	Q	S	T	A	V	L	I	F	Y	W	H	M	C	P
0	0.05527	0.06224	0.56293	0.02094	0.03086	0.04649	0.07349	0.02365	0.01586	0.02358	0.01311	0.01558	0.00949	0.00698	0.00696	0.00231	0.01081	0.00557	0.00329	0.01060
1	0.01576	0.08419	0.37391	0.01955	0.02721	0.01809	0.08082	0.02354	0.08308	0.02303	0.01598	0.05357	0.01308	0.00861	0.00898	0.00239	0.08615	0.00681	0.00392	0.05133
2	0.01033	0.00752	0.00972	0.00929	0.01101	0.00691	0.00692	0.01363	0.02042	0.02865	0.62004	0.09237	0.10373	0.01581	0.00879	0.00238	0.00356	0.01396	0.00803	0.00691
3	0.00927	0.00684	0.00920	0.04387	0.01264	0.00654	0.00747	0.01076	0.01440	0.01901	0.04153	0.66318	0.08322	0.02226	0.00934	0.00296	0.00454	0.02011	0.00672	0.00615
4	0.45510	0.04054	0.01488	0.11859	0.02077	0.01586	0.01065	0.04932	0.01532	0.11687	0.03982	0.01726	0.01249	0.00837	0.00660	0.03176	0.00657	0.00542	0.00515	0.00869
5	0.01194	0.00791	0.01038	0.00958	0.01158	0.00725	0.00725	0.01540	0.02103	0.07179	0.64740	0.05356	0.06680	0.01480	0.00867	0.00233	0.00368	0.01305	0.00824	0.00736
6	0.00904	0.00646	0.00861	0.01034	0.01077	0.00603	0.00689	0.01034	0.01421	0.01895	0.04092	0.73426	0.04910	0.02326	0.00948	0.00301	0.00431	0.02110	0.00689	0.00603
7	0.01674	0.01673	0.06001	0.16341	0.02950	0.01826	0.13113	0.11334	0.01691	0.02354	0.01444	0.02000	0.01192	0.01690	0.12939	0.00421	0.19331	0.00714	0.00407	0.00904
8	0.01402	0.01319	0.02227	0.72126	0.05113	0.01649	0.02062	0.01897	0.01484	0.01897	0.01319	0.01979	0.00990	0.00742	0.00742	0.00247	0.00990	0.00660	0.00330	0.00825
9	0.79154	0.01436	0.01091	0.00976	0.01436	0.01665	0.00804	0.02182	0.01263	0.03331	0.01034	0.01206	0.00804	0.00689	0.00459	0.00230	0.00574	0.00402	0.00459	0.00804
10	0.02931	0.01249	0.01643	0.01303	0.01819	0.01136	0.01061	0.03428	0.09534	0.55455	0.09680	0.02863	0.02414	0.00990	0.00761	0.00233	0.00598	0.00818	0.00890	0.01196
11	0.00942	0.00755	0.00842	0.00820	0.01042	0.00654	0.00615	0.01191	0.01845	0.02368	0.30404	0.06548	0.45869	0.01745	0.00877	0.00244	0.00366	0.01483	0.00737	0.00654
12	0.01554	0.01521	0.02139	0.01855	0.01871	0.02106	0.01537	0.01729	0.01144	0.01779	0.01101	0.01786	0.01085	0.01833	0.10998	0.00433	0.63736	0.00668	0.00334	0.00793
13	0.01489	0.03840	0.70064	0.02116	0.03213	0.01724	0.02743	0.02351	0.01567	0.02351	0.01332	0.01567	0.00940	0.00705	0.00705	0.00235	0.01097	0.00549	0.00313	0.01097
14	0.01051	0.00759	0.00992	0.00934	0.01109	0.00700	0.00700	0.01401	0.02101	0.02977	0.68888	0.05545	0.07005	0.01518	0.00876	0.00233	0.00350	0.01343	0.00817	0.00700
15	0.00897	0.00674	0.00832	0.00959	0.01057	0.00609	0.00656	0.01042	0.01493	0.01924	0.05002	0.55830	0.21918	0.02207	0.00929	0.00288	0.00416	0.01966	0.00689	0.00609
16	0.01433	0.01380	0.02417	0.66020	0.05004	0.01670	0.07771	0.01939	0.01508	0.01939	0.01336	0.01981	0.01002	0.00732	0.00754	0.00248	0.01013	0.00679	0.00334	0.00840
17	0.01051	0.00759	0.00992	0.00934	0.01109	0.00700	0.00700	0.01401	0.02101	0.02977	0.68888	0.05545	0.07005	0.01518	0.00876	0.00233	0.00350	0.01343	0.00817	0.00700
18	0.01691	0.01926	0.07201	0.05575	0.06258	0.01735	0.51446	0.02288	0.01710	0.02400	0.01576	0.02051	0.01193	0.00660	0.00820	0.00240	0.01126	0.00823	0.08306	0.00975
19	0.00886	0.00747	0.00768	0.00774	0.01011	0.00629	0.00576	0.01078	0.01695	0.02041	0.09922	0.10550	0.63014	0.01888	0.00881	0.00253	0.00378	0.01586	0.00695	0.00629
20	0.02588	0.01882	0.02009	0.01574	0.02106	0.02080	0.01289	0.55028	0.07311	0.04350	0.01937	0.01963	0.01403	0.00895	0.00717	0.00219	0.00746	0.00682	0.10035	0.01188
21	0.01700	0.01194	0.04830	0.01139	0.01498	0.01050	0.00933	0.05595	0.10330	0.16366	0.20763	0.04457	0.17850	0.07669	0.01072	0.00281	0.00540	0.01105	0.00740	0.00888
22	0.14476	0.01195	0.01407	0.01138	0.01597	0.01113	0.00912	0.05154	0.01903	0.31238	0.12999	0.03050	0.06844	0.04024	0.00833	0.00238	0.00564	0.00815	0.00734	0.09767

[dist]
# distance from previous block
# <min> <max>
0	17

# created by:
# /st0/software/busco_prod/Augustus/scripts/msa2prfl.pl ./align_prep/127633.fa
