[name]
unknown

[dist]
# distance from previous block
# <min> <max>
1	66

[block]
# block no. 0 follows, 29 sequences, length 27
# corresponding to MSA columns:
# 68-94
name=unknown_A
#
# <colnr> <probs for GDERKNQSTAVLIFYWHMCP>
#	G	D	E	R	K	N	Q	S	T	A	V	L	I	F	Y	W	H	M	C	P
0	0.01620	0.01853	0.14554	0.12212	0.10174	0.03628	0.08423	0.02290	0.10248	0.06421	0.07333	0.04838	0.01800	0.00851	0.00784	0.00223	0.03708	0.00743	0.00470	0.07826
1	0.01690	0.02093	0.14514	0.02058	0.02691	0.08334	0.26712	0.05043	0.03467	0.04374	0.01957	0.04765	0.05996	0.00979	0.03602	0.00254	0.01001	0.00777	0.00430	0.09264
2	0.01101	0.01075	0.04012	0.00992	0.01273	0.04579	0.00811	0.01456	0.06188	0.02059	0.07932	0.08583	0.41187	0.03494	0.00896	0.00256	0.00507	0.09434	0.00624	0.03541
3	0.01873	0.01895	0.07168	0.14898	0.41391	0.09009	0.01987	0.02332	0.03216	0.07315	0.01444	0.01787	0.01133	0.00686	0.00699	0.00215	0.00898	0.00618	0.00393	0.01042
4	0.02019	0.38426	0.19731	0.01445	0.02152	0.02142	0.01531	0.06805	0.01680	0.12565	0.01397	0.01478	0.01066	0.00680	0.00570	0.00183	0.00800	0.00487	0.00424	0.04420
5	0.01730	0.17174	0.22947	0.02845	0.29635	0.01938	0.06519	0.05067	0.01631	0.02265	0.01274	0.01571	0.01020	0.00649	0.00656	0.00206	0.00910	0.00566	0.00344	0.01055
6	0.01782	0.57108	0.20964	0.01425	0.02148	0.02521	0.01579	0.02164	0.01461	0.01823	0.01063	0.01234	0.00911	0.00626	0.00513	0.00171	0.00836	0.00418	0.00304	0.00949
7	0.00884	0.00632	0.00841	0.00980	0.01036	0.00589	0.00662	0.01032	0.01439	0.01937	0.11568	0.66525	0.04941	0.02141	0.00901	0.00282	0.00404	0.01939	0.00675	0.00589
8	0.01036	0.00690	0.00777	0.00777	0.00777	0.00690	0.00431	0.01036	0.01036	0.01381	0.02244	0.04660	0.02589	0.74975	0.03624	0.00690	0.00690	0.01036	0.00431	0.00431
9	0.01716	0.01764	0.06442	0.08888	0.60337	0.01685	0.02162	0.02213	0.03665	0.02308	0.01379	0.01785	0.01136	0.00652	0.00705	0.00215	0.00855	0.00634	0.00359	0.01101
10	0.03195	0.01212	0.01652	0.01267	0.01818	0.01047	0.01047	0.03470	0.02038	0.71026	0.02809	0.02424	0.01763	0.00881	0.00716	0.00220	0.00606	0.00716	0.00881	0.01212
11	0.03195	0.01212	0.01652	0.01267	0.01818	0.01047	0.01047	0.03470	0.02038	0.71026	0.02809	0.02424	0.01763	0.00881	0.00716	0.00220	0.00606	0.00716	0.00881	0.01212
12	0.01461	0.08609	0.66646	0.01974	0.02996	0.01734	0.02534	0.02247	0.01499	0.02215	0.01258	0.01479	0.00903	0.00672	0.00661	0.00220	0.01032	0.00516	0.00301	0.01043
13	0.06217	0.01926	0.11216	0.01541	0.03830	0.06463	0.01329	0.23408	0.12274	0.08056	0.02215	0.02261	0.06474	0.01005	0.00835	0.05622	0.00742	0.00693	0.02892	0.01001
14	0.80005	0.01377	0.01047	0.00936	0.01377	0.01597	0.00771	0.02093	0.01212	0.03195	0.00991	0.01157	0.00771	0.00661	0.00441	0.00220	0.00551	0.00386	0.00441	0.00771
15	0.01872	0.70565	0.08288	0.01273	0.01912	0.02739	0.01314	0.02140	0.01451	0.01714	0.01009	0.01167	0.00913	0.00614	0.00472	0.00157	0.00781	0.00391	0.00304	0.00923
16	0.02463	0.01675	0.01862	0.01458	0.01967	0.01782	0.01185	0.43596	0.07799	0.13471	0.06651	0.02226	0.01782	0.03629	0.00820	0.00229	0.00694	0.00711	0.00716	0.05281
17	0.02772	0.01891	0.02073	0.01589	0.02156	0.02054	0.01313	0.59568	0.03174	0.13324	0.01856	0.01804	0.01284	0.00858	0.00713	0.00215	0.00760	0.00651	0.00735	0.01211
18	0.01407	0.00946	0.01131	0.01060	0.01300	0.00946	0.00790	0.02043	0.17127	0.10726	0.24498	0.16821	0.10207	0.06494	0.01002	0.00273	0.00461	0.01243	0.00725	0.00801
19	0.01027	0.00687	0.00779	0.00788	0.00790	0.00684	0.00444	0.01033	0.01053	0.01404	0.02333	0.08380	0.02702	0.71100	0.03480	0.00669	0.00676	0.01088	0.00444	0.00439
20	0.01601	0.04995	0.16519	0.06861	0.35225	0.01636	0.07306	0.02162	0.04042	0.02275	0.03271	0.02362	0.01490	0.00790	0.00728	0.00227	0.00879	0.06222	0.00389	0.01021
21	0.02822	0.01809	0.02022	0.01551	0.02116	0.01934	0.01281	0.52867	0.03038	0.20217	0.01970	0.01878	0.01341	0.00861	0.00713	0.00215	0.00742	0.00659	0.00752	0.01211
22	0.00880	0.00625	0.00823	0.00975	0.01014	0.00587	0.00644	0.00995	0.01339	0.01785	0.03799	0.69303	0.04551	0.07655	0.01111	0.00319	0.00434	0.01951	0.00644	0.00567
23	0.02470	0.01787	0.01942	0.01504	0.02051	0.01918	0.01232	0.49668	0.08689	0.07588	0.01845	0.01839	0.01329	0.00830	0.00686	0.00203	0.00711	0.00637	0.03541	0.09531
24	0.01723	0.07398	0.15213	0.07403	0.04391	0.01516	0.13034	0.04648	0.03694	0.07795	0.01469	0.01695	0.01110	0.00645	0.00651	0.00185	0.00818	0.00576	0.00426	0.25610
25	0.01595	0.15343	0.30231	0.02133	0.09708	0.01830	0.10902	0.02138	0.01499	0.02137	0.01232	0.01524	0.00972	0.00669	0.00754	0.00204	0.05699	0.00548	0.00330	0.10551
26	0.01745	0.01976	0.06459	0.02733	0.08248	0.04690	0.44091	0.04185	0.09138	0.02361	0.01548	0.01917	0.01184	0.00700	0.00895	0.00239	0.05729	0.00773	0.00404	0.00985

[dist]
# distance from previous block
# <min> <max>
0	5

[block]
# block no. 1 follows, 29 sequences, length 31
# corresponding to MSA columns:
# 100-130
name=unknown_B
#
# <colnr> <probs for GDERKNQSTAVLIFYWHMCP>
#	G	D	E	R	K	N	Q	S	T	A	V	L	I	F	Y	W	H	M	C	P
0	0.01071	0.00771	0.00971	0.01063	0.01163	0.00758	0.00737	0.08406	0.01582	0.02112	0.03680	0.66475	0.04323	0.02079	0.00887	0.00281	0.00454	0.01872	0.00667	0.00648
1	0.02647	0.01992	0.02167	0.01897	0.09060	0.06553	0.01415	0.52228	0.02986	0.09331	0.01720	0.01744	0.01227	0.00827	0.00707	0.00212	0.00808	0.00635	0.00667	0.01178
2	0.00900	0.00633	0.00817	0.00950	0.00984	0.00600	0.00617	0.01000	0.01300	0.01734	0.03601	0.61070	0.04301	0.16228	0.01431	0.00366	0.00466	0.01834	0.00617	0.00550
3	0.01402	0.01335	0.02255	0.62647	0.04590	0.01613	0.06939	0.01999	0.06417	0.01939	0.01399	0.01956	0.01049	0.00722	0.00723	0.00238	0.00940	0.00661	0.00350	0.00829
4	0.02660	0.03394	0.02018	0.01834	0.02201	0.72116	0.01376	0.02843	0.02018	0.01743	0.01101	0.01284	0.00917	0.00734	0.00642	0.00183	0.01284	0.00459	0.00367	0.00825
5	0.01532	0.19319	0.56558	0.01853	0.02808	0.01907	0.02323	0.02228	0.01491	0.02129	0.01215	0.01425	0.00905	0.00662	0.00629	0.00210	0.00989	0.00494	0.00302	0.01022
6	0.01904	0.75404	0.03731	0.01218	0.01828	0.02818	0.01218	0.02132	0.01447	0.01675	0.00990	0.01142	0.00914	0.00609	0.00457	0.00152	0.00761	0.00381	0.00305	0.00914
7	0.43048	0.11137	0.01698	0.01147	0.01654	0.01594	0.03189	0.02534	0.01517	0.24136	0.01574	0.01576	0.01110	0.00721	0.00542	0.00212	0.00618	0.00503	0.00557	0.00934
8	0.01345	0.01266	0.02136	0.73264	0.04904	0.01582	0.01978	0.01819	0.01424	0.01819	0.01266	0.01898	0.00949	0.00712	0.00712	0.00237	0.00949	0.00633	0.00316	0.00791
9	0.02663	0.01973	0.02112	0.01629	0.02191	0.02188	0.01343	0.65118	0.06461	0.04416	0.01766	0.01754	0.01256	0.00860	0.00713	0.00215	0.00773	0.00649	0.00713	0.01207
10	0.00876	0.00626	0.00833	0.00986	0.01035	0.00584	0.00662	0.01012	0.01401	0.01878	0.07746	0.70518	0.04825	0.02186	0.00905	0.00285	0.00409	0.01982	0.00668	0.00584
11	0.00865	0.00630	0.00816	0.00965	0.01026	0.00581	0.00649	0.00994	0.01388	0.01828	0.04243	0.67963	0.11052	0.02189	0.00902	0.00284	0.00408	0.01974	0.00661	0.00581
12	0.01558	0.01558	0.02181	0.01869	0.01869	0.02181	0.01558	0.01714	0.01091	0.01714	0.00935	0.01558	0.00935	0.01246	0.02337	0.00312	0.73672	0.00623	0.00312	0.00779
13	0.01008	0.00728	0.00952	0.00896	0.01064	0.00672	0.00672	0.01344	0.02016	0.02855	0.70158	0.05319	0.06719	0.01456	0.00840	0.00224	0.00336	0.01288	0.00784	0.00672
14	0.03163	0.01264	0.01685	0.01291	0.01844	0.01123	0.01067	0.07746	0.02125	0.66628	0.02737	0.02376	0.01726	0.00880	0.00716	0.00220	0.00618	0.00711	0.00870	0.01212
15	0.02177	0.01028	0.01354	0.01122	0.01501	0.00936	0.00893	0.02592	0.06421	0.37763	0.31283	0.03663	0.03884	0.01130	0.00769	0.00223	0.00489	0.00964	0.00830	0.00978
16	0.02707	0.01995	0.02137	0.01638	0.02208	0.02208	0.01353	0.68159	0.03348	0.04488	0.01710	0.01710	0.01211	0.00855	0.00712	0.00214	0.00784	0.00641	0.00712	0.01211
17	0.02213	0.01542	0.01671	0.01337	0.01737	0.01671	0.01050	0.44046	0.02590	0.06241	0.01932	0.02518	0.01612	0.18463	0.01386	0.00323	0.00716	0.00740	0.07233	0.00980
18	0.55151	0.01429	0.01298	0.01094	0.01567	0.01585	0.00899	0.10246	0.04116	0.14615	0.01449	0.01488	0.01040	0.00732	0.00529	0.00220	0.00588	0.00486	0.00557	0.00910
19	0.01593	0.01635	0.02264	0.13362	0.02466	0.06101	0.04873	0.01824	0.01226	0.01760	0.01022	0.01614	0.00943	0.01099	0.01905	0.00289	0.54286	0.00626	0.00318	0.00792
20	0.02270	0.01575	0.01766	0.01404	0.01914	0.01629	0.01132	0.31606	0.13737	0.13248	0.02160	0.07475	0.01692	0.00926	0.00698	0.00207	0.00649	0.00747	0.00685	0.14480
21	0.01545	0.05894	0.43304	0.02415	0.05861	0.01752	0.24578	0.02256	0.01565	0.02243	0.01324	0.01640	0.00971	0.00646	0.00724	0.00227	0.01083	0.00630	0.00323	0.01019
22	0.00972	0.00720	0.00906	0.00873	0.01045	0.00654	0.00650	0.01269	0.01911	0.02637	0.55669	0.09814	0.17121	0.01561	0.00844	0.00231	0.00345	0.01369	0.00756	0.00654
23	0.01014	0.00732	0.00960	0.00914	0.01082	0.00678	0.00692	0.01349	0.01999	0.02824	0.67282	0.05437	0.06605	0.01478	0.00846	0.00228	0.00350	0.04080	0.00778	0.00671
24	0.01691	0.04884	0.12822	0.08566	0.53549	0.01724	0.02198	0.02169	0.01584	0.02256	0.01312	0.01709	0.01074	0.00645	0.00691	0.00213	0.00880	0.00609	0.00341	0.01086
25	0.00884	0.00727	0.00781	0.00804	0.01008	0.00636	0.00589	0.01118	0.03629	0.01989	0.10098	0.19339	0.52231	0.01838	0.00851	0.00249	0.00375	0.01567	0.00670	0.00617
26	0.00868	0.00620	0.00826	0.00991	0.01033	0.00578	0.00661	0.00991	0.01363	0.01818	0.03925	0.74510	0.04710	0.02231	0.00909	0.00289	0.00413	0.02024	0.00661	0.00578
27	0.04431	0.01388	0.01596	0.01335	0.01732	0.01446	0.01055	0.32174	0.02422	0.16515	0.05275	0.22445	0.02510	0.01265	0.00766	0.00237	0.00620	0.01063	0.00726	0.00999
28	0.04960	0.07374	0.04553	0.01445	0.02009	0.04455	0.01236	0.26440	0.05119	0.31958	0.02104	0.01964	0.01423	0.00835	0.00683	0.00212	0.00721	0.00641	0.00716	0.01152
29	0.08677	0.01136	0.01365	0.01116	0.01517	0.01090	0.00891	0.09979	0.01986	0.33817	0.13170	0.03014	0.04884	0.05679	0.00881	0.00245	0.00550	0.00813	0.08221	0.00968
30	0.02023	0.62008	0.06799	0.01287	0.01912	0.02595	0.01284	0.06282	0.01609	0.06901	0.01180	0.01288	0.00993	0.00647	0.00502	0.00165	0.00766	0.00428	0.00371	0.00960

[dist]
# distance from previous block
# <min> <max>
1	4

[block]
# block no. 2 follows, 29 sequences, length 33
# corresponding to MSA columns:
# 135-167
name=unknown_C
#
# <colnr> <probs for GDERKNQSTAVLIFYWHMCP>
#	G	D	E	R	K	N	Q	S	T	A	V	L	I	F	Y	W	H	M	C	P
0	0.02344	0.02123	0.06236	0.01926	0.09651	0.10454	0.01464	0.37842	0.12094	0.03513	0.01757	0.01816	0.01303	0.00820	0.00696	0.00213	0.00821	0.00635	0.03177	0.01116
1	0.15744	0.00849	0.00965	0.00921	0.01137	0.00845	0.00708	0.01464	0.01806	0.02806	0.48955	0.07564	0.07742	0.01377	0.00775	0.00232	0.00396	0.04324	0.00704	0.00683
2	0.00887	0.00719	0.00787	0.00779	0.00992	0.00619	0.00581	0.01107	0.01718	0.02168	0.23906	0.09154	0.50639	0.01728	0.00844	0.00238	0.00356	0.01466	0.00694	0.00619
3	0.02660	0.03394	0.02018	0.01834	0.02201	0.72116	0.01376	0.02843	0.02018	0.01743	0.01101	0.01284	0.00917	0.00734	0.00642	0.00183	0.01284	0.00459	0.00367	0.00825
4	0.11470	0.01855	0.01904	0.01492	0.02017	0.04014	0.01225	0.52211	0.02904	0.06916	0.01691	0.01718	0.01211	0.00829	0.00667	0.00211	0.00738	0.00611	0.05196	0.01118
5	0.11857	0.01488	0.02037	0.02341	0.25222	0.03978	0.04112	0.07175	0.01855	0.18475	0.09871	0.02422	0.04372	0.00851	0.00699	0.00217	0.00703	0.00732	0.00574	0.01019
6	0.01904	0.75404	0.03731	0.01218	0.01828	0.02818	0.01218	0.02132	0.01447	0.01675	0.00990	0.01142	0.00914	0.00609	0.00457	0.00152	0.00761	0.00381	0.00305	0.00914
7	0.01513	0.16453	0.59258	0.01885	0.02859	0.01861	0.02379	0.02233	0.01493	0.02152	0.01227	0.01439	0.00904	0.00665	0.00637	0.00212	0.01001	0.00500	0.00301	0.01028
8	0.01471	0.10214	0.65134	0.01956	0.02968	0.01760	0.02502	0.02244	0.01498	0.02202	0.01252	0.01470	0.00903	0.00670	0.00657	0.00219	0.01026	0.00513	0.00301	0.01040
9	0.80005	0.01377	0.01047	0.00936	0.01377	0.01597	0.00771	0.02093	0.01212	0.03195	0.00991	0.01157	0.00771	0.00661	0.00441	0.00220	0.00551	0.00386	0.00441	0.00771
10	0.01237	0.00618	0.00928	0.00928	0.00928	0.00618	0.00618	0.00928	0.00928	0.01237	0.01237	0.02165	0.01237	0.02474	0.02783	0.79283	0.00618	0.00618	0.00309	0.00309
11	0.02658	0.01179	0.01541	0.01223	0.01690	0.01077	0.00994	0.07878	0.04166	0.49730	0.16812	0.02983	0.02770	0.01002	0.00742	0.00221	0.00561	0.00833	0.00844	0.01096
12	0.01477	0.01266	0.01477	0.01055	0.01687	0.00949	0.00844	0.01793	0.01477	0.02320	0.01266	0.01477	0.01055	0.00527	0.00527	0.00105	0.00527	0.00422	0.00422	0.79328
13	0.00863	0.00638	0.00808	0.00944	0.01020	0.00582	0.00640	0.00997	0.01409	0.01836	0.04502	0.62640	0.16207	0.02156	0.00897	0.00281	0.00404	0.01933	0.00661	0.00582
14	0.01558	0.01558	0.02181	0.01869	0.01869	0.02181	0.01558	0.01714	0.01091	0.01714	0.00935	0.01558	0.00935	0.01246	0.02337	0.00312	0.73672	0.00623	0.00312	0.00779
15	0.02707	0.01995	0.02137	0.01638	0.02208	0.02208	0.01353	0.68159	0.03348	0.04488	0.01710	0.01710	0.01211	0.00855	0.00712	0.00214	0.00784	0.00641	0.00712	0.01211
16	0.03195	0.01212	0.01652	0.01267	0.01818	0.01047	0.01047	0.03470	0.02038	0.71026	0.02809	0.02424	0.01763	0.00881	0.00716	0.00220	0.00606	0.00716	0.00881	0.01212
17	0.03115	0.01340	0.01732	0.01328	0.01882	0.01237	0.01097	0.14100	0.02253	0.60093	0.02629	0.02306	0.01672	0.00877	0.00715	0.00219	0.00635	0.00704	0.00854	0.01212
18	0.02707	0.01995	0.02137	0.01638	0.02208	0.02208	0.01353	0.68159	0.03348	0.04488	0.01710	0.01710	0.01211	0.00855	0.00712	0.00214	0.00784	0.00641	0.00712	0.01211
19	0.01320	0.01048	0.01084	0.00957	0.01281	0.01013	0.00749	0.18239	0.02065	0.02581	0.05802	0.05534	0.52541	0.01560	0.00808	0.00234	0.00469	0.01282	0.00674	0.00758
20	0.80005	0.01377	0.01047	0.00936	0.01377	0.01597	0.00771	0.02093	0.01212	0.03195	0.00991	0.01157	0.00771	0.00661	0.00441	0.00220	0.00551	0.00386	0.00441	0.00771
21	0.02463	0.03062	0.02070	0.06057	0.04866	0.59876	0.01455	0.02670	0.01895	0.01766	0.01106	0.01359	0.00928	0.00770	0.00783	0.00198	0.06997	0.00488	0.00359	0.00831
22	0.01615	0.01091	0.04005	0.01165	0.01451	0.00992	0.00921	0.10250	0.05225	0.14791	0.18397	0.30198	0.03922	0.01515	0.00815	0.00248	0.00510	0.01328	0.00724	0.00839
23	0.04812	0.11211	0.52825	0.01997	0.05371	0.01791	0.04912	0.02297	0.04308	0.02265	0.01310	0.01523	0.00966	0.00676	0.00652	0.00218	0.00977	0.00532	0.00329	0.01028
24	0.00895	0.00741	0.00790	0.00817	0.01023	0.00657	0.00597	0.01158	0.05071	0.01956	0.06286	0.21125	0.52683	0.01852	0.00850	0.00251	0.00382	0.01578	0.00664	0.00624
25	0.01039	0.00761	0.00984	0.00966	0.01130	0.00726	0.00729	0.01432	0.05213	0.02684	0.53992	0.13547	0.06059	0.01562	0.00853	0.00240	0.00381	0.06261	0.00757	0.00682
26	0.01560	0.09957	0.56910	0.02096	0.07532	0.01790	0.02406	0.05654	0.01602	0.02323	0.01278	0.01499	0.00935	0.00677	0.00660	0.00217	0.00998	0.00526	0.00326	0.01053
27	0.01204	0.00901	0.01017	0.00997	0.01247	0.00873	0.00764	0.01757	0.14603	0.06343	0.09570	0.15384	0.33525	0.01640	0.00834	0.00253	0.00447	0.07203	0.00694	0.00745
28	0.00868	0.00620	0.00826	0.00991	0.01033	0.00578	0.00661	0.00991	0.01363	0.01818	0.03925	0.74510	0.04710	0.02231	0.00909	0.00289	0.00413	0.02024	0.00661	0.00578
29	0.00868	0.00620	0.00826	0.00991	0.01033	0.00578	0.00661	0.00991	0.01363	0.01818	0.03925	0.74510	0.04710	0.02231	0.00909	0.00289	0.00413	0.02024	0.00661	0.00578
30	0.02477	0.04696	0.02067	0.04456	0.02227	0.13991	0.01328	0.38913	0.13987	0.05983	0.01802	0.01809	0.01322	0.00839	0.00693	0.00212	0.00831	0.00631	0.00632	0.01104
31	0.06131	0.01493	0.02410	0.35336	0.33949	0.01658	0.01975	0.04714	0.01579	0.02235	0.01301	0.01787	0.01030	0.00680	0.00693	0.00224	0.00873	0.00620	0.00356	0.00958
32	0.80005	0.01377	0.01047	0.00936	0.01377	0.01597	0.00771	0.02093	0.01212	0.03195	0.00991	0.01157	0.00771	0.00661	0.00441	0.00220	0.00551	0.00386	0.00441	0.00771

[dist]
# distance from previous block
# <min> <max>
0	59

[block]
# block no. 3 follows, 29 sequences, length 41
# corresponding to MSA columns:
# 227-267
name=unknown_D
#
# <colnr> <probs for GDERKNQSTAVLIFYWHMCP>
#	G	D	E	R	K	N	Q	S	T	A	V	L	I	F	Y	W	H	M	C	P
0	0.03195	0.01212	0.01652	0.01267	0.01818	0.01047	0.01047	0.03470	0.02038	0.71026	0.02809	0.02424	0.01763	0.00881	0.00716	0.00220	0.00606	0.00716	0.00881	0.01212
1	0.01951	0.70896	0.03624	0.01257	0.01851	0.07156	0.01228	0.02177	0.01483	0.01680	0.00997	0.01151	0.00914	0.00617	0.00468	0.00154	0.00794	0.00386	0.00308	0.00908
2	0.01008	0.00728	0.00952	0.00896	0.01064	0.00672	0.00672	0.01344	0.02016	0.02855	0.70158	0.05319	0.06719	0.01456	0.00840	0.00224	0.00336	0.01288	0.00784	0.00672
3	0.02660	0.03394	0.02018	0.01834	0.02201	0.72116	0.01376	0.02843	0.02018	0.01743	0.01101	0.01284	0.00917	0.00734	0.00642	0.00183	0.01284	0.00459	0.00367	0.00825
4	0.01315	0.00785	0.01094	0.01087	0.01265	0.00713	0.03133	0.01501	0.01554	0.14150	0.08113	0.49925	0.08839	0.01854	0.00863	0.00268	0.00467	0.01666	0.00697	0.00712
5	0.01763	0.01685	0.02837	0.04249	0.67665	0.01695	0.02141	0.02252	0.04446	0.02354	0.01404	0.01800	0.01172	0.00648	0.00706	0.00213	0.00834	0.00642	0.00368	0.01128
6	0.02615	0.03300	0.01997	0.01815	0.02184	0.68599	0.01363	0.02890	0.05380	0.01805	0.01191	0.01353	0.00980	0.00745	0.00646	0.00186	0.01248	0.00476	0.00385	0.00841
7	0.08141	0.45826	0.02957	0.01401	0.01917	0.25728	0.01236	0.02365	0.01618	0.01814	0.01027	0.01190	0.00904	0.00655	0.00517	0.00168	0.00919	0.00407	0.00336	0.00874
8	0.80005	0.01377	0.01047	0.00936	0.01377	0.01597	0.00771	0.02093	0.01212	0.03195	0.00991	0.01157	0.00771	0.00661	0.00441	0.00220	0.00551	0.00386	0.00441	0.00771
9	0.80005	0.01377	0.01047	0.00936	0.01377	0.01597	0.00771	0.02093	0.01212	0.03195	0.00991	0.01157	0.00771	0.00661	0.00441	0.00220	0.00551	0.00386	0.00441	0.00771
10	0.01345	0.01266	0.02136	0.73264	0.04904	0.01582	0.01978	0.01819	0.01424	0.01819	0.01266	0.01898	0.00949	0.00712	0.00712	0.00237	0.00949	0.00633	0.00316	0.00791
11	0.01912	0.01529	0.01641	0.01436	0.01854	0.01734	0.01128	0.10844	0.55495	0.06544	0.05797	0.02659	0.02251	0.00972	0.00728	0.00237	0.00580	0.00804	0.00734	0.01120
12	0.06386	0.01219	0.01627	0.01253	0.01799	0.01069	0.01035	0.03413	0.02004	0.68209	0.02734	0.02371	0.01721	0.00872	0.00705	0.00220	0.00604	0.00702	0.00863	0.01194
13	0.00868	0.00620	0.00826	0.00991	0.01033	0.00578	0.00661	0.00991	0.01363	0.01818	0.03925	0.74510	0.04710	0.02231	0.00909	0.00289	0.00413	0.02024	0.00661	0.00578
14	0.01558	0.01558	0.02181	0.01869	0.01869	0.02181	0.01558	0.01714	0.01091	0.01714	0.00935	0.01558	0.00935	0.01246	0.02337	0.00312	0.73672	0.00623	0.00312	0.00779
15	0.01017	0.00763	0.01144	0.01144	0.01272	0.00890	0.00890	0.01272	0.01144	0.01653	0.01907	0.02797	0.01780	0.05340	0.72153	0.01144	0.01907	0.00763	0.00381	0.00636
16	0.03195	0.01212	0.01652	0.01267	0.01818	0.01047	0.01047	0.03470	0.02038	0.71026	0.02809	0.02424	0.01763	0.00881	0.00716	0.00220	0.00606	0.00716	0.00881	0.01212
17	0.03144	0.01294	0.01703	0.01306	0.01859	0.01169	0.01079	0.10263	0.02176	0.64040	0.02694	0.02349	0.01705	0.00879	0.00716	0.00220	0.00625	0.00708	0.00864	0.01212
18	0.02707	0.01995	0.02137	0.01638	0.02208	0.02208	0.01353	0.68159	0.03348	0.04488	0.01710	0.01710	0.01211	0.00855	0.00712	0.00214	0.00784	0.00641	0.00712	0.01211
19	0.01762	0.01692	0.02890	0.04371	0.70533	0.01692	0.02185	0.02185	0.01621	0.02326	0.01339	0.01762	0.01128	0.00634	0.00705	0.00211	0.00846	0.00634	0.00352	0.01128
20	0.80005	0.01377	0.01047	0.00936	0.01377	0.01597	0.00771	0.02093	0.01212	0.03195	0.00991	0.01157	0.00771	0.00661	0.00441	0.00220	0.00551	0.00386	0.00441	0.00771
21	0.01288	0.00878	0.01441	0.24920	0.02340	0.00978	0.03416	0.01270	0.01118	0.01466	0.01253	0.02068	0.01136	0.01826	0.02030	0.50387	0.00748	0.00631	0.00313	0.00491
22	0.01182	0.00783	0.01015	0.01075	0.01212	0.00753	0.00786	0.05685	0.01645	0.06471	0.11628	0.49532	0.04467	0.01933	0.00884	0.00276	0.00467	0.08831	0.00692	0.00680
23	0.01681	0.02178	0.19571	0.03800	0.54083	0.01683	0.02294	0.02202	0.01593	0.02309	0.01324	0.01699	0.01073	0.00645	0.00698	0.00215	0.00896	0.00608	0.00340	0.01109
24	0.00866	0.00718	0.00758	0.00758	0.00979	0.00610	0.00565	0.01066	0.01667	0.02049	0.15875	0.09601	0.58488	0.01773	0.00844	0.00240	0.00360	0.01496	0.00678	0.00610
25	0.03111	0.01193	0.01626	0.01253	0.01789	0.01032	0.01032	0.03389	0.02037	0.68410	0.05394	0.02535	0.01953	0.00903	0.00721	0.00220	0.00596	0.00738	0.00878	0.01191
26	0.01476	0.03241	0.55268	0.04750	0.03276	0.01681	0.15817	0.02245	0.01536	0.02245	0.01310	0.01602	0.00940	0.00662	0.00711	0.00229	0.01079	0.00593	0.00313	0.01024
27	0.01093	0.00924	0.01083	0.01248	0.06080	0.03993	0.00827	0.01413	0.06357	0.02061	0.10302	0.38159	0.17972	0.01791	0.00851	0.00261	0.00484	0.03777	0.00641	0.00684
28	0.00868	0.00620	0.00826	0.00991	0.01033	0.00578	0.00661	0.00991	0.01363	0.01818	0.03925	0.74510	0.04710	0.02231	0.00909	0.00289	0.00413	0.02024	0.00661	0.00578
29	0.00855	0.00699	0.00755	0.00790	0.00982	0.00599	0.00574	0.01029	0.01582	0.01941	0.09229	0.22022	0.52705	0.01884	0.00857	0.00251	0.00371	0.01611	0.00667	0.00599
30	0.02463	0.01775	0.01930	0.01541	0.02049	0.01954	0.01251	0.47159	0.16362	0.08924	0.02139	0.05592	0.01619	0.00948	0.00725	0.00224	0.00708	0.00749	0.00725	0.01163
31	0.01579	0.01598	0.02221	0.07111	0.02164	0.04332	0.03986	0.01781	0.01180	0.01765	0.00995	0.01584	0.00945	0.01141	0.02044	0.00292	0.60739	0.00619	0.00319	0.03603
32	0.67067	0.08300	0.01365	0.01029	0.01480	0.06991	0.00857	0.02153	0.01294	0.02947	0.01000	0.01165	0.00795	0.00662	0.00457	0.00211	0.00625	0.00391	0.00423	0.00788
33	0.03195	0.01212	0.01652	0.01267	0.01818	0.01047	0.01047	0.03470	0.02038	0.71026	0.02809	0.02424	0.01763	0.00881	0.00716	0.00220	0.00606	0.00716	0.00881	0.01212
34	0.01891	0.01935	0.02766	0.04008	0.60765	0.11760	0.02070	0.02279	0.01678	0.02243	0.01305	0.01694	0.01098	0.00649	0.00696	0.00207	0.00909	0.00609	0.00355	0.01085
35	0.00853	0.00704	0.00748	0.00774	0.00978	0.00600	0.00567	0.01030	0.01595	0.01943	0.09177	0.18267	0.56584	0.01862	0.00853	0.00248	0.00369	0.01583	0.00666	0.00600
36	0.02660	0.03394	0.02018	0.01834	0.02201	0.72116	0.01376	0.02843	0.02018	0.01743	0.01101	0.01284	0.00917	0.00734	0.00642	0.00183	0.01284	0.00459	0.00367	0.00825
37	0.01797	0.01041	0.01241	0.01084	0.01417	0.00984	0.00843	0.12623	0.01998	0.20979	0.09706	0.17743	0.22709	0.01455	0.00800	0.00239	0.00503	0.01234	0.00739	0.00866
38	0.01754	0.01666	0.02700	0.03898	0.58969	0.01724	0.02027	0.02361	0.09932	0.02379	0.01513	0.01863	0.01248	0.00703	0.00781	0.00220	0.04099	0.00655	0.00396	0.01112
39	0.01904	0.75404	0.03731	0.01218	0.01828	0.02818	0.01218	0.02132	0.01447	0.01675	0.00990	0.01142	0.00914	0.00609	0.00457	0.00152	0.00761	0.00381	0.00305	0.00914
40	0.01762	0.01692	0.02890	0.04371	0.70533	0.01692	0.02185	0.02185	0.01621	0.02326	0.01339	0.01762	0.01128	0.00634	0.00705	0.00211	0.00846	0.00634	0.00352	0.01128

[dist]
# distance from previous block
# <min> <max>
0	17

[block]
# block no. 4 follows, 29 sequences, length 76
# corresponding to MSA columns:
# 285-312,319-332,341-373,375
name=unknown_E
#
# <colnr> <probs for GDERKNQSTAVLIFYWHMCP>
#	G	D	E	R	K	N	Q	S	T	A	V	L	I	F	Y	W	H	M	C	P
0	0.00995	0.00727	0.00934	0.00883	0.01056	0.00667	0.00662	0.01319	0.01986	0.02785	0.65395	0.05435	0.11525	0.01482	0.00840	0.00225	0.00338	0.01304	0.00775	0.00667
1	0.80005	0.01377	0.01047	0.00936	0.01377	0.01597	0.00771	0.02093	0.01212	0.03195	0.00991	0.01157	0.00771	0.00661	0.00441	0.00220	0.00551	0.00386	0.00441	0.00771
2	0.01649	0.00928	0.00970	0.00865	0.01119	0.00961	0.00675	0.13922	0.01854	0.05512	0.02228	0.02473	0.01710	0.00836	0.00545	0.00177	0.00425	0.00661	0.61705	0.00784
3	0.01771	0.01530	0.01610	0.01449	0.01852	0.01771	0.01127	0.03784	0.69247	0.02979	0.02898	0.02657	0.02174	0.00966	0.00725	0.00242	0.00564	0.00805	0.00725	0.01127
4	0.01578	0.01288	0.01505	0.01081	0.01709	0.00994	0.00868	0.04043	0.01558	0.04811	0.01335	0.01518	0.01085	0.00551	0.00540	0.00113	0.00539	0.00439	0.00448	0.73998
5	0.00868	0.00620	0.00826	0.00991	0.01033	0.00578	0.00661	0.00991	0.01363	0.01818	0.03925	0.74510	0.04710	0.02231	0.00909	0.00289	0.00413	0.02024	0.00661	0.00578
6	0.01558	0.01558	0.02181	0.01869	0.01869	0.02181	0.01558	0.01714	0.01091	0.01714	0.00935	0.01558	0.00935	0.01246	0.02337	0.00312	0.73672	0.00623	0.00312	0.00779
7	0.01345	0.01266	0.02136	0.73264	0.04904	0.01582	0.01978	0.01819	0.01424	0.01819	0.01266	0.01898	0.00949	0.00712	0.00712	0.00237	0.00949	0.00633	0.00316	0.00791
8	0.05900	0.01218	0.01631	0.01255	0.01802	0.01066	0.01037	0.03422	0.02009	0.68638	0.02745	0.02379	0.01728	0.00874	0.00706	0.00220	0.00604	0.00704	0.00866	0.01196
9	0.03195	0.01212	0.01652	0.01267	0.01818	0.01047	0.01047	0.03470	0.02038	0.71026	0.02809	0.02424	0.01763	0.00881	0.00716	0.00220	0.00606	0.00716	0.00881	0.01212
10	0.05668	0.01971	0.02095	0.01611	0.02176	0.02185	0.01331	0.65628	0.03266	0.04438	0.01682	0.01688	0.01194	0.00847	0.00702	0.00214	0.00775	0.00631	0.00702	0.01194
11	0.01690	0.01444	0.01540	0.01390	0.01767	0.01654	0.01078	0.03523	0.62058	0.02966	0.10090	0.02941	0.02660	0.01018	0.00737	0.00240	0.00539	0.00857	0.00731	0.01078
12	0.76990	0.01371	0.01070	0.00949	0.01394	0.01576	0.00782	0.02147	0.01244	0.05857	0.01063	0.01206	0.00810	0.00670	0.00451	0.00220	0.00553	0.00399	0.00458	0.00788
13	0.02259	0.02633	0.02408	0.02968	0.32745	0.40638	0.01738	0.02549	0.01841	0.02004	0.01207	0.01498	0.01011	0.00689	0.00670	0.00196	0.01088	0.00537	0.00360	0.00961
14	0.04729	0.01636	0.01820	0.01464	0.01934	0.01774	0.01186	0.44618	0.05030	0.11589	0.02107	0.09669	0.01709	0.01319	0.05753	0.00289	0.00788	0.00804	0.00695	0.01087
15	0.01731	0.11353	0.40629	0.02019	0.02879	0.01758	0.14761	0.02431	0.04117	0.09464	0.01497	0.01681	0.01076	0.00686	0.00688	0.00220	0.00982	0.00600	0.00390	0.01038
16	0.00916	0.00655	0.00878	0.01021	0.01090	0.00617	0.00721	0.01086	0.01462	0.01960	0.10566	0.59458	0.04837	0.02121	0.00911	0.00287	0.00435	0.09709	0.00673	0.00597
17	0.01327	0.00664	0.00664	0.00664	0.00830	0.00664	0.00498	0.01659	0.01493	0.02655	0.02323	0.02655	0.01825	0.00830	0.00498	0.00166	0.00332	0.00664	0.78928	0.00664
18	0.01428	0.03683	0.71286	0.02030	0.03082	0.01654	0.02631	0.02255	0.01503	0.02255	0.01278	0.01503	0.00902	0.00677	0.00677	0.00226	0.01052	0.00526	0.00301	0.01052
19	0.00941	0.00651	0.00804	0.00897	0.00920	0.00628	0.00560	0.01011	0.01219	0.01625	0.03185	0.43771	0.03776	0.34243	0.02104	0.00466	0.00535	0.01589	0.00560	0.00514
20	0.00875	0.00623	0.00824	0.00982	0.01022	0.00583	0.00651	0.00993	0.01349	0.01799	0.03853	0.71514	0.04619	0.05351	0.01025	0.00306	0.00425	0.01982	0.00651	0.00572
21	0.00847	0.00722	0.00729	0.00727	0.00965	0.00603	0.00545	0.01033	0.01636	0.01954	0.09295	0.06802	0.68144	0.01792	0.00842	0.00240	0.00360	0.01496	0.00665	0.00603
22	0.01428	0.03683	0.71286	0.02030	0.03082	0.01654	0.02631	0.02255	0.01503	0.02255	0.01278	0.01503	0.00902	0.00677	0.00677	0.00226	0.01052	0.00526	0.00301	0.01052
23	0.01428	0.03683	0.71286	0.02030	0.03082	0.01654	0.02631	0.02255	0.01503	0.02255	0.01278	0.01503	0.00902	0.00677	0.00677	0.00226	0.01052	0.00526	0.00301	0.01052
24	0.80005	0.01377	0.01047	0.00936	0.01377	0.01597	0.00771	0.02093	0.01212	0.03195	0.00991	0.01157	0.00771	0.00661	0.00441	0.00220	0.00551	0.00386	0.00441	0.00771
25	0.03195	0.01212	0.01652	0.01267	0.01818	0.01047	0.01047	0.03470	0.02038	0.71026	0.02809	0.02424	0.01763	0.00881	0.00716	0.00220	0.00606	0.00716	0.00881	0.01212
26	0.01494	0.13615	0.61931	0.01917	0.02908	0.01815	0.02435	0.02238	0.01496	0.02175	0.01238	0.01453	0.00904	0.00667	0.00646	0.00215	0.01012	0.00506	0.00301	0.01033
27	0.00946	0.00725	0.00866	0.00831	0.01026	0.00645	0.00623	0.01224	0.01869	0.02508	0.46659	0.05892	0.30435	0.01586	0.00840	0.00230	0.00345	0.01368	0.00738	0.00645
28	0.01904	0.75404	0.03731	0.01218	0.01828	0.02818	0.01218	0.02132	0.01447	0.01675	0.00990	0.01142	0.00914	0.00609	0.00457	0.00152	0.00761	0.00381	0.00305	0.00914
29	0.02553	0.05152	0.12764	0.01361	0.01967	0.01255	0.01278	0.05122	0.04142	0.44573	0.04735	0.02446	0.04639	0.00882	0.00700	0.00215	0.00667	0.00711	0.00721	0.04118
30	0.01271	0.01125	0.04057	0.01115	0.01408	0.01083	0.00896	0.02188	0.25070	0.02779	0.37805	0.04402	0.11361	0.01290	0.00794	0.00232	0.00446	0.01112	0.00731	0.00837
31	0.01904	0.75404	0.03731	0.01218	0.01828	0.02818	0.01218	0.02132	0.01447	0.01675	0.00990	0.01142	0.00914	0.00609	0.00457	0.00152	0.00761	0.00381	0.00305	0.00914
32	0.01600	0.01526	0.02597	0.31167	0.45007	0.01649	0.02105	0.02043	0.01545	0.02129	0.01311	0.01815	0.01058	0.00665	0.00708	0.00222	0.00886	0.00634	0.00338	0.00997
33	0.02643	0.01145	0.01530	0.01278	0.01730	0.01044	0.01055	0.03053	0.07028	0.51290	0.03025	0.06237	0.02312	0.01128	0.00770	0.00243	0.00604	0.11978	0.00822	0.01085
34	0.80005	0.01377	0.01047	0.00936	0.01377	0.01597	0.00771	0.02093	0.01212	0.03195	0.00991	0.01157	0.00771	0.00661	0.00441	0.00220	0.00551	0.00386	0.00441	0.00771
35	0.01641	0.02198	0.14739	0.02849	0.03621	0.01778	0.57687	0.02277	0.01653	0.02277	0.01415	0.01855	0.01052	0.00612	0.00815	0.00238	0.01177	0.00791	0.00351	0.00975
36	0.01771	0.01530	0.01610	0.01449	0.01852	0.01771	0.01127	0.03784	0.69247	0.02979	0.02898	0.02657	0.02174	0.00966	0.00725	0.00242	0.00564	0.00805	0.00725	0.01127
37	0.01757	0.01285	0.01525	0.01105	0.01725	0.01009	0.00890	0.04470	0.01622	0.11804	0.01493	0.01615	0.01157	0.00588	0.00560	0.00125	0.00548	0.00470	0.00495	0.65756
38	0.00867	0.00623	0.00822	0.00982	0.01030	0.00579	0.00657	0.00993	0.01373	0.01822	0.04045	0.72034	0.07108	0.02215	0.00906	0.00287	0.00411	0.02005	0.00661	0.00579
39	0.01136	0.00811	0.01134	0.01298	0.01457	0.00810	0.01127	0.01455	0.01628	0.02118	0.03777	0.10775	0.04123	0.01978	0.00980	0.00326	0.00646	0.63111	0.00656	0.00652
40	0.02261	0.02251	0.01944	0.01681	0.02037	0.26331	0.01324	0.14299	0.20095	0.05201	0.01725	0.01817	0.01340	0.00911	0.00971	0.00228	0.13450	0.00621	0.00533	0.00980
41	0.03111	0.01347	0.01736	0.01331	0.01885	0.01247	0.01099	0.14616	0.02264	0.59562	0.02620	0.02301	0.01668	0.00877	0.00715	0.00219	0.00637	0.00703	0.00852	0.01212
42	0.01008	0.00728	0.00952	0.00896	0.01064	0.00672	0.00672	0.01344	0.02016	0.02855	0.70158	0.05319	0.06719	0.01456	0.00840	0.00224	0.00336	0.01288	0.00784	0.00672
43	0.00872	0.00723	0.00764	0.00754	0.00981	0.00614	0.00565	0.01082	0.01696	0.02097	0.18910	0.06568	0.58440	0.01739	0.00841	0.00237	0.00356	0.01463	0.00684	0.00614
44	0.01314	0.00668	0.00684	0.00684	0.00848	0.00673	0.00515	0.01643	0.01478	0.02612	0.02305	0.02661	0.01823	0.01022	0.03560	0.00208	0.00399	0.00668	0.75572	0.00662
45	0.14234	0.19398	0.07049	0.01534	0.01964	0.01794	0.10820	0.01873	0.01325	0.02047	0.01322	0.01783	0.01155	0.01995	0.20516	0.00472	0.08959	0.00589	0.00356	0.00816
46	0.02469	0.15704	0.02281	0.01703	0.02103	0.57550	0.01331	0.02663	0.01887	0.01728	0.01111	0.01315	0.00948	0.00882	0.03247	0.00214	0.01217	0.00456	0.00357	0.00834
47	0.01708	0.03695	0.02866	0.13241	0.57415	0.01713	0.04713	0.02140	0.01593	0.02240	0.01324	0.01769	0.01097	0.00643	0.00704	0.00214	0.00871	0.00635	0.00347	0.01071
48	0.01463	0.03190	0.54329	0.02183	0.03128	0.01642	0.16120	0.02221	0.01562	0.02286	0.04266	0.01754	0.01189	0.00694	0.00718	0.00228	0.01052	0.00624	0.00334	0.01017
49	0.01017	0.00838	0.03570	0.00932	0.01135	0.00706	0.00740	0.01366	0.01982	0.02799	0.65282	0.05233	0.08826	0.01439	0.00834	0.00225	0.00364	0.01267	0.00761	0.00683
50	0.03145	0.01291	0.01702	0.01305	0.01857	0.01164	0.01078	0.10021	0.02171	0.64288	0.02698	0.02351	0.01707	0.00879	0.00716	0.00220	0.00624	0.00708	0.00864	0.01212
51	0.00911	0.00644	0.00842	0.00984	0.01028	0.00611	0.00663	0.01032	0.01337	0.01779	0.03679	0.60041	0.04370	0.12371	0.01293	0.00348	0.00469	0.06404	0.00629	0.00563
52	0.00868	0.00620	0.00826	0.00991	0.01033	0.00578	0.00661	0.00991	0.01363	0.01818	0.03925	0.74510	0.04710	0.02231	0.00909	0.00289	0.00413	0.02024	0.00661	0.00578
53	0.00868	0.00620	0.00826	0.00991	0.01033	0.00578	0.00661	0.00991	0.01363	0.01818	0.03925	0.74510	0.04710	0.02231	0.00909	0.00289	0.00413	0.02024	0.00661	0.00578
54	0.00858	0.00722	0.00745	0.00739	0.00972	0.00608	0.00554	0.01054	0.01663	0.02018	0.13563	0.06698	0.63836	0.01768	0.00841	0.00239	0.00358	0.01481	0.00674	0.00608
55	0.01345	0.01266	0.02136	0.73264	0.04904	0.01582	0.01978	0.01819	0.01424	0.01819	0.01266	0.01898	0.00949	0.00712	0.00712	0.00237	0.00949	0.00633	0.00316	0.00791
56	0.01558	0.01558	0.02181	0.01869	0.01869	0.02181	0.01558	0.01714	0.01091	0.01714	0.00935	0.01558	0.00935	0.01246	0.02337	0.00312	0.73672	0.00623	0.00312	0.00779
57	0.80005	0.01377	0.01047	0.00936	0.01377	0.01597	0.00771	0.02093	0.01212	0.03195	0.00991	0.01157	0.00771	0.00661	0.00441	0.00220	0.00551	0.00386	0.00441	0.00771
58	0.03195	0.01212	0.01652	0.01267	0.01818	0.01047	0.01047	0.03470	0.02038	0.71026	0.02809	0.02424	0.01763	0.00881	0.00716	0.00220	0.00606	0.00716	0.00881	0.01212
59	0.01951	0.70932	0.03625	0.01257	0.01851	0.07121	0.01228	0.02176	0.01482	0.01679	0.00997	0.01151	0.00914	0.00617	0.00468	0.00154	0.00794	0.00386	0.00308	0.00908
60	0.01013	0.00732	0.00960	0.00913	0.01081	0.00678	0.00691	0.01349	0.02000	0.02826	0.67453	0.05430	0.06612	0.01477	0.00846	0.00228	0.00349	0.03913	0.00779	0.00671
61	0.01904	0.75404	0.03731	0.01218	0.01828	0.02818	0.01218	0.02132	0.01447	0.01675	0.00990	0.01142	0.00914	0.00609	0.00457	0.00152	0.00761	0.00381	0.00305	0.00914
62	0.01204	0.00823	0.01015	0.00938	0.01165	0.00762	0.00722	0.04616	0.01984	0.07184	0.46694	0.05388	0.19074	0.01483	0.00832	0.00231	0.00394	0.04018	0.00756	0.00718
63	0.01444	0.03588	0.68017	0.02141	0.06305	0.01656	0.02610	0.02252	0.01509	0.02258	0.01281	0.01516	0.00913	0.00675	0.00678	0.00225	0.01042	0.00531	0.00303	0.01056
64	0.01904	0.75404	0.03731	0.01218	0.01828	0.02818	0.01218	0.02132	0.01447	0.01675	0.00990	0.01142	0.00914	0.00609	0.00457	0.00152	0.00761	0.00381	0.00305	0.00914
65	0.04649	0.01680	0.02822	0.04244	0.67982	0.01688	0.02133	0.02182	0.01606	0.02358	0.01327	0.01740	0.01115	0.00635	0.00695	0.00212	0.00835	0.00625	0.00356	0.01115
66	0.01428	0.03683	0.71286	0.02030	0.03082	0.01654	0.02631	0.02255	0.01503	0.02255	0.01278	0.01503	0.00902	0.00677	0.00677	0.00226	0.01052	0.00526	0.00301	0.01052
67	0.76250	0.01487	0.04403	0.00989	0.01459	0.01600	0.00860	0.02101	0.01226	0.03150	0.01005	0.01173	0.00777	0.00662	0.00452	0.00221	0.00575	0.00392	0.00434	0.00785
68	0.01018	0.00760	0.01131	0.01131	0.01253	0.00883	0.00873	0.01263	0.01140	0.01643	0.01920	0.02866	0.01810	0.07910	0.69625	0.01128	0.01862	0.00773	0.00383	0.00628
69	0.01771	0.01530	0.01610	0.01449	0.01852	0.01771	0.01127	0.03784	0.69247	0.02979	0.02898	0.02657	0.02174	0.00966	0.00725	0.00242	0.00564	0.00805	0.00725	0.01127
70	0.01008	0.00728	0.00952	0.00896	0.01064	0.00672	0.00672	0.01344	0.02016	0.02855	0.70158	0.05319	0.06719	0.01456	0.00840	0.00224	0.00336	0.01288	0.00784	0.00672
71	0.00874	0.00623	0.00824	0.00983	0.01022	0.00583	0.00652	0.00993	0.01350	0.01800	0.03855	0.71628	0.04622	0.05233	0.01021	0.00306	0.00425	0.01983	0.00652	0.00572
72	0.76335	0.01369	0.01076	0.00952	0.01398	0.01571	0.00784	0.02159	0.01251	0.06436	0.01078	0.01217	0.00819	0.00672	0.00454	0.00220	0.00553	0.00401	0.00462	0.00792
73	0.01313	0.01223	0.02049	0.68479	0.04648	0.01516	0.01890	0.01765	0.01420	0.01819	0.01442	0.06706	0.01198	0.00812	0.00725	0.00241	0.00914	0.00725	0.00339	0.00777
74	0.03101	0.01191	0.01622	0.01251	0.01785	0.01031	0.01031	0.03379	0.02037	0.68102	0.05698	0.02548	0.01975	0.00906	0.00721	0.00220	0.00594	0.00741	0.00877	0.01189
75	0.02427	0.01851	0.01981	0.01570	0.02100	0.02053	0.01278	0.49555	0.19913	0.04030	0.01994	0.01940	0.01448	0.00871	0.00709	0.00217	0.00719	0.00675	0.00705	0.03963

[dist]
# distance from previous block
# <min> <max>
0	1

[block]
# block no. 5 follows, 29 sequences, length 16
# corresponding to MSA columns:
# 377-392
name=unknown_F
#
# <colnr> <probs for GDERKNQSTAVLIFYWHMCP>
#	G	D	E	R	K	N	Q	S	T	A	V	L	I	F	Y	W	H	M	C	P
0	0.02136	0.20279	0.06045	0.01936	0.10802	0.22498	0.01476	0.09476	0.01836	0.04538	0.01466	0.01658	0.03781	0.00801	0.00798	0.00202	0.08373	0.00553	0.00408	0.00939
1	0.05982	0.50194	0.23565	0.01443	0.02174	0.02407	0.01612	0.02166	0.01451	0.01929	0.01075	0.01250	0.00903	0.00632	0.00521	0.00178	0.00836	0.00424	0.00311	0.00947
2	0.00988	0.00660	0.00804	0.00863	0.00878	0.00646	0.00526	0.01013	0.01147	0.01529	0.02785	0.29624	0.03266	0.44237	0.02595	0.05507	0.00586	0.01365	0.00506	0.00477
3	0.01345	0.01266	0.02136	0.73264	0.04904	0.01582	0.01978	0.01819	0.01424	0.01819	0.01266	0.01898	0.00949	0.00712	0.00712	0.00237	0.00949	0.00633	0.00316	0.00791
4	0.01583	0.08170	0.01707	0.01124	0.01715	0.01229	0.00918	0.05939	0.05244	0.02408	0.01459	0.04379	0.01254	0.00645	0.00558	0.00131	0.00562	0.00515	0.00454	0.60004
5	0.01658	0.00921	0.01170	0.01104	0.03311	0.00833	0.00818	0.03836	0.01804	0.22048	0.16065	0.12982	0.20923	0.05202	0.00953	0.00263	0.00490	0.04078	0.00727	0.00814
6	0.00865	0.00629	0.00817	0.00966	0.01026	0.00580	0.00650	0.00994	0.01387	0.01828	0.04229	0.68240	0.10783	0.02191	0.00903	0.00285	0.00408	0.01976	0.00661	0.00580
7	0.00906	0.00729	0.00811	0.00806	0.01022	0.00634	0.00615	0.01138	0.01731	0.02191	0.24201	0.06508	0.48705	0.01719	0.00850	0.00241	0.00373	0.05499	0.00694	0.00624
8	0.01874	0.70923	0.07951	0.01269	0.01906	0.02745	0.01307	0.02140	0.01450	0.01712	0.01008	0.01165	0.00913	0.00613	0.00471	0.00157	0.00780	0.00390	0.00304	0.00922
9	0.03195	0.01212	0.01652	0.01267	0.01818	0.01047	0.01047	0.03470	0.02038	0.71026	0.02809	0.02424	0.01763	0.00881	0.00716	0.00220	0.00606	0.00716	0.00881	0.01212
10	0.03195	0.01212	0.01652	0.01267	0.01818	0.01047	0.01047	0.03470	0.02038	0.71026	0.02809	0.02424	0.01763	0.00881	0.00716	0.00220	0.00606	0.00716	0.00881	0.01212
11	0.01827	0.01713	0.02854	0.07107	0.57881	0.01740	0.05452	0.08288	0.01776	0.02502	0.01376	0.01772	0.01125	0.00657	0.00713	0.00214	0.00863	0.00645	0.00385	0.01112
12	0.02686	0.01236	0.01586	0.01294	0.01775	0.01171	0.01056	0.03333	0.16161	0.49868	0.05425	0.02929	0.02180	0.00988	0.00739	0.00232	0.00590	0.04782	0.00831	0.01139
13	0.01147	0.00820	0.01147	0.01311	0.01475	0.00820	0.01147	0.01475	0.01639	0.02131	0.03770	0.08032	0.04098	0.01967	0.00984	0.00328	0.00656	0.65741	0.00656	0.00656
14	0.00926	0.00673	0.00901	0.03545	0.01193	0.00648	0.00735	0.01083	0.01405	0.01864	0.06463	0.56595	0.06463	0.06653	0.01074	0.00312	0.00467	0.07773	0.00639	0.00588
15	0.01428	0.03683	0.71286	0.02030	0.03082	0.01654	0.02631	0.02255	0.01503	0.02255	0.01278	0.01503	0.00902	0.00677	0.00677	0.00226	0.01052	0.00526	0.00301	0.01052

[dist]
# distance from previous block
# <min> <max>
0	1

# created by:
# /st0/software/busco_prod/Augustus/scripts/msa2prfl.pl ./align_prep/128137.fa
