[name]
unknown

[dist]
# distance from previous block
# <min> <max>
32	101

[block]
# block no. 0 follows, 28 sequences, length 80
# corresponding to MSA columns:
# 138-217
name=unknown_A
#
# <colnr> <probs for GDERKNQSTAVLIFYWHMCP>
#	G	D	E	R	K	N	Q	S	T	A	V	L	I	F	Y	W	H	M	C	P
0	0.02053	0.01603	0.01944	0.09759	0.08179	0.01716	0.01356	0.33671	0.05107	0.03353	0.03730	0.07729	0.01794	0.02938	0.00815	0.00234	0.00739	0.03243	0.00606	0.09431
1	0.05863	0.04718	0.02637	0.06115	0.45347	0.05487	0.01897	0.09843	0.06393	0.02640	0.01471	0.01778	0.01188	0.00705	0.00695	0.00216	0.00846	0.00628	0.00430	0.01105
2	0.01067	0.00830	0.00981	0.00934	0.01148	0.00790	0.00702	0.01553	0.09388	0.02645	0.43614	0.07635	0.22892	0.01548	0.00847	0.00237	0.00378	0.01340	0.00756	0.00716
3	0.01491	0.01413	0.10223	0.01219	0.01583	0.01170	0.01061	0.10584	0.10426	0.05308	0.19439	0.08857	0.09155	0.10393	0.01145	0.00293	0.00591	0.01057	0.03746	0.00845
4	0.03214	0.01313	0.01734	0.01329	0.01893	0.01181	0.01098	0.09621	0.02208	0.64165	0.02761	0.02405	0.01746	0.00897	0.00731	0.00224	0.00636	0.00724	0.00883	0.01237
5	0.01042	0.00764	0.01093	0.01093	0.01197	0.00868	0.00815	0.01250	0.01146	0.01632	0.02016	0.03235	0.01982	0.19218	0.58032	0.01076	0.01699	0.00834	0.00400	0.00607
6	0.01038	0.00779	0.01168	0.01168	0.01298	0.00909	0.00909	0.01298	0.01168	0.01687	0.01947	0.02856	0.01817	0.05452	0.71573	0.01168	0.01947	0.00779	0.00389	0.00649
7	0.75564	0.01439	0.01127	0.00993	0.01450	0.01663	0.00818	0.05561	0.01351	0.03331	0.01051	0.01210	0.00811	0.00685	0.00464	0.00225	0.00575	0.00407	0.00464	0.00811
8	0.00886	0.00633	0.00843	0.01012	0.01054	0.00590	0.00675	0.01012	0.01392	0.01856	0.04006	0.73979	0.04808	0.02277	0.00928	0.00295	0.00422	0.02066	0.00675	0.00590
9	0.01770	0.01697	0.02897	0.09195	0.65417	0.01719	0.02216	0.02205	0.01641	0.02339	0.01362	0.01809	0.01139	0.00653	0.00720	0.00218	0.00871	0.00648	0.00357	0.01128
10	0.01950	0.01701	0.06981	0.01592	0.04594	0.01677	0.01285	0.08334	0.43829	0.09553	0.02720	0.02561	0.04013	0.00937	0.00727	0.00233	0.00638	0.00774	0.00688	0.05216
11	0.01507	0.01292	0.01507	0.01077	0.01723	0.00969	0.00861	0.01830	0.01507	0.02369	0.01292	0.01507	0.01077	0.00538	0.00538	0.00108	0.00538	0.00431	0.00431	0.78898
12	0.01573	0.01331	0.01543	0.01108	0.01751	0.01036	0.00889	0.05271	0.01607	0.02485	0.01316	0.01520	0.01085	0.00556	0.00548	0.00113	0.00552	0.00442	0.00446	0.74829
13	0.01038	0.00779	0.01168	0.01168	0.01298	0.00909	0.00909	0.01298	0.01168	0.01687	0.01947	0.02856	0.01817	0.05452	0.71573	0.01168	0.01947	0.00779	0.00389	0.00649
14	0.01799	0.02298	0.16533	0.03097	0.36603	0.10528	0.01999	0.02267	0.01658	0.02283	0.01311	0.01636	0.01064	0.00652	0.00676	0.00198	0.00912	0.00567	0.00362	0.13555
15	0.00892	0.00635	0.00842	0.01004	0.01044	0.00595	0.00666	0.01014	0.01379	0.01838	0.03940	0.71313	0.04724	0.05058	0.01035	0.00311	0.00433	0.02028	0.00666	0.00585
16	0.01943	0.74891	0.03809	0.01244	0.01866	0.02876	0.01244	0.02177	0.01477	0.01710	0.01011	0.01166	0.00933	0.00622	0.00466	0.00155	0.00777	0.00389	0.00311	0.00933
17	0.03210	0.04129	0.01770	0.01291	0.01856	0.01139	0.01075	0.03489	0.02057	0.67725	0.02795	0.02423	0.01765	0.00889	0.00721	0.00222	0.00625	0.00718	0.00877	0.01225
18	0.00886	0.00633	0.00843	0.01012	0.01054	0.00590	0.00675	0.01012	0.01392	0.01856	0.04006	0.73979	0.04808	0.02277	0.00928	0.00295	0.00422	0.02066	0.00675	0.00590
19	0.01458	0.03760	0.70688	0.02072	0.03146	0.01688	0.02686	0.02302	0.01535	0.02302	0.01304	0.01535	0.00921	0.00691	0.00691	0.00230	0.01074	0.00537	0.00307	0.01074
20	0.01507	0.01292	0.01507	0.01077	0.01723	0.00969	0.00861	0.01830	0.01507	0.02369	0.01292	0.01507	0.01077	0.00538	0.00538	0.00108	0.00538	0.00431	0.00431	0.78898
21	0.01107	0.00880	0.01300	0.01261	0.01374	0.01073	0.00994	0.01354	0.01161	0.01695	0.01823	0.02698	0.01709	0.04930	0.62935	0.01062	0.10833	0.00761	0.00381	0.00667
22	0.01171	0.00837	0.01171	0.01339	0.01506	0.00837	0.01171	0.01506	0.01673	0.02175	0.03849	0.08199	0.04183	0.02008	0.01004	0.00335	0.00669	0.65027	0.00669	0.00669
23	0.02763	0.02036	0.02182	0.01672	0.02254	0.02254	0.01382	0.67496	0.03418	0.04581	0.01745	0.01745	0.01236	0.00873	0.00727	0.00218	0.00800	0.00654	0.00727	0.01236
24	0.01666	0.01714	0.03285	0.20081	0.29027	0.01743	0.27290	0.02180	0.01631	0.02234	0.01389	0.01894	0.01090	0.00653	0.00775	0.00233	0.01028	0.00728	0.00354	0.01004
25	0.01626	0.01555	0.02442	0.43605	0.27245	0.04359	0.02044	0.04598	0.01623	0.02140	0.01329	0.01858	0.01041	0.00706	0.00722	0.00230	0.00939	0.00640	0.00354	0.00945
26	0.01824	0.01362	0.01534	0.01415	0.01786	0.01508	0.01125	0.03305	0.46887	0.10424	0.03144	0.06629	0.02616	0.01205	0.00792	0.00261	0.00590	0.11797	0.00743	0.01055
27	0.00898	0.00658	0.00844	0.00966	0.01049	0.00604	0.00660	0.01057	0.01501	0.01989	0.11836	0.57698	0.13302	0.02132	0.00911	0.00281	0.00406	0.01914	0.00689	0.00604
28	0.01558	0.09278	0.62075	0.01998	0.03002	0.05252	0.02510	0.02322	0.01556	0.02230	0.01273	0.01495	0.00923	0.00688	0.00671	0.00222	0.01063	0.00522	0.00311	0.01052
29	0.01274	0.01017	0.01389	0.01597	0.12887	0.00995	0.01032	0.04927	0.04788	0.02740	0.38881	0.04939	0.12124	0.01379	0.00836	0.00238	0.00497	0.06964	0.00693	0.00803
30	0.01590	0.01590	0.02226	0.01908	0.01908	0.02226	0.01590	0.01749	0.01113	0.01749	0.00954	0.01590	0.00954	0.01272	0.02385	0.00318	0.73123	0.00636	0.00318	0.00795
31	0.01263	0.00631	0.00947	0.00947	0.00947	0.00631	0.00631	0.00947	0.00947	0.01263	0.01263	0.02210	0.01263	0.02525	0.02841	0.78851	0.00631	0.00631	0.00316	0.00316
32	0.79588	0.01406	0.01068	0.00956	0.01406	0.01631	0.00787	0.02137	0.01237	0.03261	0.01012	0.01181	0.00787	0.00675	0.00450	0.00225	0.00562	0.00394	0.00450	0.00787
33	0.12529	0.07496	0.31678	0.02247	0.17295	0.01654	0.01964	0.02261	0.01591	0.06760	0.06650	0.01880	0.01470	0.00749	0.00663	0.00221	0.00851	0.00604	0.00414	0.01022
34	0.01501	0.01462	0.02053	0.01791	0.01806	0.02015	0.01477	0.01668	0.01132	0.01748	0.01203	0.05252	0.01229	0.01739	0.09236	0.00402	0.62452	0.00720	0.00343	0.00771
35	0.01601	0.01623	0.02407	0.02010	0.02074	0.02192	0.07343	0.01800	0.01166	0.01800	0.00999	0.01623	0.00967	0.01215	0.02252	0.00312	0.66827	0.00656	0.00322	0.00811
36	0.01381	0.01304	0.02182	0.69892	0.04883	0.01639	0.02002	0.01853	0.01440	0.01853	0.01279	0.01924	0.00968	0.00748	0.00793	0.00245	0.03837	0.00646	0.00323	0.00807
37	0.45913	0.04909	0.01555	0.01289	0.01737	0.21942	0.01030	0.05692	0.01643	0.06816	0.01191	0.01323	0.00918	0.00717	0.00541	0.00211	0.00803	0.00448	0.00463	0.00858
38	0.01034	0.00760	0.01094	0.01102	0.01207	0.00861	0.00824	0.01246	0.01162	0.01653	0.02103	0.06686	0.02094	0.16015	0.57516	0.01053	0.01678	0.00886	0.00412	0.00614
39	0.01001	0.00731	0.00941	0.00910	0.01075	0.00671	0.00674	0.01310	0.01960	0.02735	0.58145	0.12409	0.11535	0.01593	0.00865	0.00237	0.00353	0.01407	0.00778	0.00671
40	0.01528	0.14013	0.61048	0.01952	0.02962	0.01859	0.02478	0.02284	0.01526	0.02217	0.01262	0.01482	0.00923	0.00681	0.00658	0.00219	0.01031	0.00516	0.00308	0.01054
41	0.39964	0.04668	0.01540	0.01256	0.01710	0.16935	0.01010	0.07670	0.01729	0.11274	0.01659	0.01720	0.04594	0.00794	0.00574	0.00215	0.00751	0.00532	0.00518	0.00888
42	0.00886	0.00633	0.00843	0.01012	0.01054	0.00590	0.00675	0.01012	0.01392	0.01856	0.04006	0.73979	0.04808	0.02277	0.00928	0.00295	0.00422	0.02066	0.00675	0.00590
43	0.02715	0.03464	0.02060	0.01873	0.02247	0.71536	0.01404	0.02903	0.02060	0.01779	0.01124	0.01311	0.00936	0.00749	0.00655	0.00187	0.01311	0.00468	0.00375	0.00843
44	0.01778	0.01705	0.02912	0.07897	0.66652	0.01721	0.02220	0.02212	0.01645	0.02349	0.01364	0.01806	0.01142	0.00652	0.00720	0.00217	0.00869	0.00648	0.00358	0.01134
45	0.01647	0.01908	0.06557	0.02714	0.03300	0.01853	0.49239	0.02169	0.01571	0.02189	0.01395	0.01923	0.01106	0.00988	0.04831	0.00306	0.14212	0.00800	0.00357	0.00934
46	0.00883	0.00641	0.00835	0.00990	0.01049	0.00592	0.00665	0.01015	0.01413	0.01864	0.04276	0.68603	0.10010	0.02242	0.00922	0.00291	0.00417	0.02024	0.00675	0.00592
47	0.18032	0.02756	0.39131	0.01700	0.02520	0.01689	0.01933	0.11602	0.01798	0.10186	0.01475	0.01593	0.01033	0.00736	0.00650	0.00227	0.00880	0.00545	0.00460	0.01055
48	0.01821	0.01818	0.02870	0.10375	0.56811	0.06593	0.04651	0.02248	0.01668	0.02285	0.01347	0.01784	0.01118	0.00661	0.00721	0.00217	0.00918	0.00643	0.00358	0.01092
49	0.02375	0.31391	0.02776	0.01595	0.02085	0.31079	0.01345	0.12520	0.02002	0.02182	0.01168	0.01331	0.00982	0.00738	0.00658	0.00184	0.03778	0.00472	0.00402	0.00937
50	0.01926	0.72408	0.06144	0.01273	0.01910	0.02835	0.01294	0.02181	0.01479	0.01731	0.01021	0.01179	0.00932	0.00624	0.00474	0.00158	0.00788	0.00394	0.00311	0.00938
51	0.00999	0.00851	0.01070	0.10281	0.04651	0.00806	0.00847	0.01259	0.01691	0.02132	0.17111	0.08396	0.44092	0.01597	0.00838	0.00243	0.00466	0.01361	0.00637	0.00675
52	0.00899	0.00638	0.00839	0.00995	0.01033	0.00600	0.00656	0.01016	0.01365	0.01820	0.03869	0.68423	0.04634	0.08070	0.01150	0.00328	0.00444	0.01985	0.00656	0.00578
53	0.01038	0.00779	0.01168	0.01168	0.01298	0.00909	0.00909	0.01298	0.01168	0.01687	0.01947	0.02856	0.01817	0.05452	0.71573	0.01168	0.01947	0.00779	0.00389	0.00649
54	0.79588	0.01406	0.01068	0.00956	0.01406	0.01631	0.00787	0.02137	0.01237	0.03261	0.01012	0.01181	0.00787	0.00675	0.00450	0.00225	0.00562	0.00394	0.00450	0.00787
55	0.01146	0.00804	0.01110	0.01095	0.01222	0.00930	0.00850	0.01412	0.01259	0.01943	0.02063	0.05562	0.01888	0.03937	0.47018	0.00836	0.06354	0.00796	0.19111	0.00663
56	0.01845	0.01580	0.01664	0.01487	0.01904	0.01825	0.01159	0.06314	0.66095	0.03100	0.02912	0.02675	0.02181	0.00982	0.00739	0.00245	0.00584	0.00815	0.00739	0.01154
57	0.01086	0.00776	0.01055	0.01206	0.01336	0.00762	0.00986	0.01344	0.01566	0.02043	0.03896	0.23664	0.06282	0.06748	0.01155	0.00346	0.00603	0.43855	0.00656	0.00634
58	0.01798	0.53514	0.23909	0.01493	0.02250	0.02519	0.01677	0.02214	0.01494	0.01888	0.01099	0.01277	0.00929	0.00643	0.00534	0.00178	0.00867	0.00433	0.00310	0.00975
59	0.01493	0.07267	0.64593	0.02071	0.03108	0.01754	0.05267	0.02297	0.01539	0.02273	0.01297	0.01534	0.00929	0.00684	0.00686	0.00227	0.01066	0.00543	0.00310	0.01063
60	0.00886	0.00633	0.00843	0.01012	0.01054	0.00590	0.00675	0.01012	0.01392	0.01856	0.04006	0.73979	0.04808	0.02277	0.00928	0.00295	0.00422	0.02066	0.00675	0.00590
61	0.00939	0.00735	0.00850	0.00830	0.01033	0.00646	0.00619	0.01195	0.01833	0.02401	0.36102	0.08840	0.37994	0.01693	0.00861	0.00240	0.00359	0.01453	0.00733	0.00646
62	0.01762	0.01689	0.02884	0.10388	0.64282	0.01717	0.02212	0.02198	0.01638	0.02330	0.01361	0.01811	0.01136	0.00655	0.00720	0.00218	0.00873	0.00648	0.00357	0.01122
63	0.01619	0.00865	0.01151	0.01029	0.01292	0.00779	0.00789	0.01921	0.01987	0.21149	0.43892	0.12490	0.05248	0.01417	0.00831	0.00235	0.00427	0.01242	0.00813	0.00825
64	0.01855	0.01585	0.01670	0.01489	0.01908	0.01830	0.01162	0.06970	0.65422	0.03116	0.02899	0.02665	0.02171	0.00981	0.00739	0.00245	0.00586	0.00814	0.00739	0.01155
65	0.01038	0.00779	0.01168	0.01168	0.01298	0.00909	0.00909	0.01298	0.01168	0.01687	0.01947	0.02856	0.01817	0.05452	0.71573	0.01168	0.01947	0.00779	0.00389	0.00649
66	0.02715	0.03464	0.02060	0.01873	0.02247	0.71536	0.01404	0.02903	0.02060	0.01779	0.01124	0.01311	0.00936	0.00749	0.00655	0.00187	0.01311	0.00468	0.00375	0.00843
67	0.02640	0.03049	0.02039	0.01798	0.02201	0.54382	0.01375	0.15500	0.02282	0.02324	0.01287	0.01474	0.01040	0.01010	0.04239	0.00243	0.01243	0.00520	0.00444	0.00910
68	0.79588	0.01406	0.01068	0.00956	0.01406	0.01631	0.00787	0.02137	0.01237	0.03261	0.01012	0.01181	0.00787	0.00675	0.00450	0.00225	0.00562	0.00394	0.00450	0.00787
69	0.02717	0.03404	0.02065	0.01864	0.02247	0.68610	0.01404	0.05630	0.02117	0.01897	0.01150	0.01329	0.00949	0.00754	0.00658	0.00189	0.01289	0.00476	0.00389	0.00859
70	0.01507	0.01292	0.01507	0.01077	0.01723	0.00969	0.00861	0.01830	0.01507	0.02369	0.01292	0.01507	0.01077	0.00538	0.00538	0.00108	0.00538	0.00431	0.00431	0.78898
71	0.00907	0.00642	0.00837	0.00985	0.01021	0.00605	0.00645	0.01018	0.01350	0.01800	0.03791	0.65284	0.04536	0.11344	0.01276	0.00347	0.00457	0.01940	0.00645	0.00572
72	0.01507	0.01292	0.01507	0.01077	0.01723	0.00969	0.00861	0.01830	0.01507	0.02369	0.01292	0.01507	0.01077	0.00538	0.00538	0.00108	0.00538	0.00431	0.00431	0.78898
73	0.01437	0.03613	0.67283	0.02015	0.03045	0.01639	0.02588	0.02257	0.01560	0.02332	0.04637	0.01725	0.01211	0.00729	0.00699	0.00230	0.01039	0.00575	0.00331	0.01055
74	0.01057	0.00705	0.00793	0.00793	0.00793	0.00705	0.00440	0.01057	0.01057	0.01409	0.02290	0.04757	0.02643	0.74454	0.03700	0.00705	0.00705	0.01057	0.00440	0.00440
75	0.02740	0.03195	0.02064	0.01826	0.02235	0.59700	0.01390	0.11811	0.02247	0.04408	0.01266	0.01409	0.01006	0.00771	0.00668	0.00193	0.01218	0.00502	0.00440	0.00910
76	0.02445	0.16684	0.02337	0.01705	0.02104	0.52656	0.01343	0.02648	0.01919	0.01825	0.04681	0.01509	0.01247	0.00781	0.00687	0.00188	0.03507	0.00503	0.00383	0.00850
77	0.03261	0.01237	0.01687	0.01293	0.01856	0.01068	0.01068	0.03543	0.02081	0.70423	0.02868	0.02474	0.01799	0.00900	0.00731	0.00225	0.00619	0.00731	0.00900	0.01237
78	0.03152	0.01213	0.01652	0.01275	0.01818	0.01050	0.01050	0.03436	0.02079	0.67126	0.06124	0.02618	0.02046	0.00928	0.00737	0.00225	0.00605	0.00759	0.00895	0.01210
79	0.01663	0.02330	0.17906	0.02860	0.03665	0.01807	0.54033	0.02323	0.01679	0.02323	0.01437	0.01873	0.01066	0.00629	0.00824	0.00242	0.01194	0.00792	0.00355	0.01000

[dist]
# distance from previous block
# <min> <max>
0	2

[block]
# block no. 1 follows, 28 sequences, length 57
# corresponding to MSA columns:
# 220-276
name=unknown_B
#
# <colnr> <probs for GDERKNQSTAVLIFYWHMCP>
#	G	D	E	R	K	N	Q	S	T	A	V	L	I	F	Y	W	H	M	C	P
0	0.01029	0.00743	0.00972	0.00914	0.01086	0.00686	0.00686	0.01372	0.02058	0.02915	0.69536	0.05430	0.06859	0.01486	0.00857	0.00229	0.00343	0.01315	0.00800	0.00686
1	0.01226	0.00656	0.00984	0.00984	0.01005	0.00677	0.00677	0.01005	0.00984	0.01333	0.01376	0.02316	0.01354	0.03009	0.14213	0.65998	0.00849	0.00656	0.00328	0.00371
2	0.02715	0.03464	0.02060	0.01873	0.02247	0.71536	0.01404	0.02903	0.02060	0.01779	0.01124	0.01311	0.00936	0.00749	0.00655	0.00187	0.01311	0.00468	0.00375	0.00843
3	0.01590	0.01590	0.02226	0.01908	0.01908	0.02226	0.01590	0.01749	0.01113	0.01749	0.00954	0.01590	0.00954	0.01272	0.02385	0.00318	0.73123	0.00636	0.00318	0.00795
4	0.01943	0.74891	0.03809	0.01244	0.01866	0.02876	0.01244	0.02177	0.01477	0.01710	0.01011	0.01166	0.00933	0.00622	0.00466	0.00155	0.00777	0.00389	0.00311	0.00933
5	0.01057	0.00705	0.00793	0.00793	0.00793	0.00705	0.00440	0.01057	0.01057	0.01409	0.02290	0.04757	0.02643	0.74454	0.03700	0.00705	0.00705	0.01057	0.00440	0.00440
6	0.01057	0.00705	0.00793	0.00793	0.00793	0.00705	0.00440	0.01057	0.01057	0.01409	0.02290	0.04757	0.02643	0.74454	0.03700	0.00705	0.00705	0.01057	0.00440	0.00440
7	0.01263	0.00631	0.00947	0.00947	0.00947	0.00631	0.00631	0.00947	0.00947	0.01263	0.01263	0.02210	0.01263	0.02525	0.02841	0.78851	0.00631	0.00631	0.00316	0.00316
8	0.01495	0.09181	0.65591	0.02009	0.03049	0.01779	0.02576	0.02292	0.01530	0.02257	0.01282	0.01507	0.00922	0.00685	0.00674	0.00225	0.01052	0.00526	0.00307	0.01063
9	0.02763	0.02036	0.02182	0.01672	0.02254	0.02254	0.01382	0.67496	0.03418	0.04581	0.01745	0.01745	0.01236	0.00873	0.00727	0.00218	0.00800	0.00654	0.00727	0.01236
10	0.01171	0.00837	0.01171	0.01339	0.01506	0.00837	0.01171	0.01506	0.01673	0.02175	0.03849	0.08199	0.04183	0.02008	0.01004	0.00335	0.00669	0.65027	0.00669	0.00669
11	0.01716	0.01961	0.04289	0.03064	0.03799	0.01838	0.67279	0.02328	0.01716	0.02328	0.01471	0.01961	0.01103	0.00613	0.00858	0.00245	0.01225	0.00858	0.00368	0.00980
12	0.01507	0.01292	0.01507	0.01077	0.01723	0.00969	0.00861	0.01830	0.01507	0.02369	0.01292	0.01507	0.01077	0.00538	0.00538	0.00108	0.00538	0.00431	0.00431	0.78898
13	0.74281	0.01394	0.01111	0.00979	0.01437	0.01592	0.00807	0.02235	0.01296	0.07932	0.01141	0.01271	0.00858	0.00690	0.00469	0.00225	0.00566	0.00417	0.00481	0.00819
14	0.79588	0.01406	0.01068	0.00956	0.01406	0.01631	0.00787	0.02137	0.01237	0.03261	0.01012	0.01181	0.00787	0.00675	0.00450	0.00225	0.00562	0.00394	0.00450	0.00787
15	0.79588	0.01406	0.01068	0.00956	0.01406	0.01631	0.00787	0.02137	0.01237	0.03261	0.01012	0.01181	0.00787	0.00675	0.00450	0.00225	0.00562	0.00394	0.00450	0.00787
16	0.07856	0.54311	0.11099	0.01377	0.02001	0.06567	0.01396	0.02214	0.01485	0.01902	0.01049	0.01233	0.00921	0.00665	0.00573	0.00177	0.03501	0.00420	0.00325	0.00928
17	0.01220	0.00924	0.01269	0.01321	0.01536	0.00919	0.03510	0.04128	0.04048	0.02288	0.06245	0.11081	0.11245	0.01856	0.00953	0.00308	0.00633	0.45137	0.00668	0.00710
18	0.01588	0.01289	0.01516	0.01087	0.01729	0.00974	0.00871	0.01909	0.01534	0.05496	0.01364	0.01552	0.01110	0.00555	0.00547	0.00113	0.00542	0.00444	0.00452	0.75328
19	0.01644	0.01888	0.10451	0.05479	0.37051	0.04684	0.08477	0.02167	0.04317	0.02342	0.06357	0.02510	0.07743	0.00832	0.00750	0.00225	0.00858	0.00778	0.00426	0.01021
20	0.01044	0.00820	0.01207	0.01590	0.12460	0.00793	0.00943	0.01227	0.01425	0.01934	0.03476	0.58794	0.04066	0.02152	0.04114	0.00322	0.00564	0.01773	0.00610	0.00686
21	0.79588	0.01406	0.01068	0.00956	0.01406	0.01631	0.00787	0.02137	0.01237	0.03261	0.01012	0.01181	0.00787	0.00675	0.00450	0.00225	0.00562	0.00394	0.00450	0.00787
22	0.00962	0.00687	0.00897	0.00952	0.01049	0.00641	0.00662	0.01176	0.01664	0.02295	0.33115	0.38265	0.05562	0.07275	0.01102	0.00296	0.00408	0.01656	0.00713	0.00622
23	0.00902	0.00644	0.00862	0.01031	0.01080	0.00605	0.00703	0.01041	0.01408	0.01874	0.03997	0.70198	0.04772	0.02262	0.00932	0.00297	0.00436	0.05685	0.00674	0.00595
24	0.01604	0.02706	0.32484	0.02650	0.05896	0.01784	0.34910	0.02292	0.01614	0.02298	0.01377	0.01759	0.01022	0.00671	0.00838	0.00240	0.03789	0.00705	0.00340	0.01020
25	0.01716	0.01961	0.04289	0.03064	0.03799	0.01838	0.67279	0.02328	0.01716	0.02328	0.01471	0.01961	0.01103	0.00613	0.00858	0.00245	0.01225	0.00858	0.00368	0.00980
26	0.00859	0.00736	0.00736	0.00736	0.00982	0.00614	0.00552	0.01043	0.01657	0.01964	0.07364	0.06996	0.69624	0.01841	0.00859	0.00245	0.00368	0.01534	0.00675	0.00614
27	0.01541	0.15920	0.59255	0.01930	0.02927	0.01891	0.02439	0.02281	0.01525	0.02201	0.01254	0.01472	0.00923	0.00679	0.00652	0.00217	0.01024	0.00512	0.00308	0.01050
28	0.01840	0.01805	0.02911	0.04346	0.66896	0.04846	0.02194	0.02261	0.01673	0.02348	0.01356	0.01777	0.01142	0.00652	0.00717	0.00215	0.00884	0.00640	0.00360	0.01138
29	0.01943	0.74891	0.03809	0.01244	0.01866	0.02876	0.01244	0.02177	0.01477	0.01710	0.01011	0.01166	0.00933	0.00622	0.00466	0.00155	0.00777	0.00389	0.00311	0.00933
30	0.01057	0.00705	0.00793	0.00793	0.00793	0.00705	0.00440	0.01057	0.01057	0.01409	0.02290	0.04757	0.02643	0.74454	0.03700	0.00705	0.00705	0.01057	0.00440	0.00440
31	0.79588	0.01406	0.01068	0.00956	0.01406	0.01631	0.00787	0.02137	0.01237	0.03261	0.01012	0.01181	0.00787	0.00675	0.00450	0.00225	0.00562	0.00394	0.00450	0.00787
32	0.02763	0.02036	0.02182	0.01672	0.02254	0.02254	0.01382	0.67496	0.03418	0.04581	0.01745	0.01745	0.01236	0.00873	0.00727	0.00218	0.00800	0.00654	0.00727	0.01236
33	0.01056	0.00708	0.00809	0.00809	0.00815	0.00714	0.00461	0.01068	0.01062	0.01422	0.02275	0.04673	0.02606	0.71400	0.06703	0.00725	0.00760	0.01045	0.00438	0.00450
34	0.01937	0.04166	0.01709	0.01447	0.01871	0.01735	0.01146	0.03681	0.56896	0.09815	0.02912	0.02837	0.02203	0.01002	0.00739	0.00244	0.00591	0.03198	0.00738	0.01133
35	0.02528	0.10135	0.02197	0.01766	0.02152	0.56213	0.01367	0.05574	0.02006	0.01901	0.01346	0.01523	0.03300	0.00804	0.00727	0.00194	0.04505	0.00513	0.00392	0.00859
36	0.01057	0.00705	0.00793	0.00793	0.00793	0.00705	0.00440	0.01057	0.01057	0.01409	0.02290	0.04757	0.02643	0.74454	0.03700	0.00705	0.00705	0.01057	0.00440	0.00440
37	0.01541	0.01464	0.02485	0.45734	0.30662	0.01659	0.02103	0.02005	0.01533	0.02062	0.01322	0.01883	0.01041	0.00695	0.00724	0.00232	0.00927	0.00647	0.00338	0.00943
38	0.01546	0.14370	0.56798	0.02004	0.02991	0.01876	0.06181	0.02285	0.01536	0.02214	0.01270	0.01504	0.00933	0.00676	0.00666	0.00220	0.01038	0.00533	0.00311	0.01048
39	0.01780	0.01837	0.06786	0.04191	0.63042	0.01728	0.02209	0.02308	0.04640	0.02400	0.01435	0.01825	0.01186	0.00665	0.00719	0.00218	0.00863	0.00649	0.00374	0.01147
40	0.01057	0.00705	0.00793	0.00793	0.00793	0.00705	0.00440	0.01057	0.01057	0.01409	0.02290	0.04757	0.02643	0.74454	0.03700	0.00705	0.00705	0.01057	0.00440	0.00440
41	0.01104	0.00916	0.00988	0.00945	0.01206	0.00891	0.00715	0.01731	0.16501	0.02390	0.18846	0.07926	0.39947	0.01595	0.00835	0.00244	0.00411	0.01350	0.00715	0.00746
42	0.05203	0.03468	0.53133	0.01942	0.02827	0.13195	0.02300	0.02338	0.01602	0.02240	0.01378	0.04620	0.01086	0.00768	0.00684	0.00226	0.01062	0.00585	0.00341	0.01002
43	0.03108	0.01469	0.04451	0.01387	0.01972	0.01291	0.01184	0.14197	0.02283	0.56757	0.02619	0.02316	0.01671	0.00887	0.00729	0.00224	0.00667	0.00711	0.00848	0.01231
44	0.03221	0.01302	0.01727	0.01324	0.01888	0.01164	0.01094	0.08705	0.02188	0.65108	0.02777	0.02415	0.01754	0.00897	0.00731	0.00224	0.00633	0.00725	0.00886	0.01237
45	0.00904	0.00648	0.00849	0.01003	0.01057	0.00606	0.00678	0.01035	0.01399	0.01852	0.04067	0.65310	0.07492	0.05565	0.01055	0.00313	0.00442	0.04472	0.00664	0.00588
46	0.01954	0.01634	0.01726	0.01509	0.01946	0.01876	0.01186	0.13564	0.58668	0.03276	0.02774	0.02565	0.02069	0.00969	0.00738	0.00242	0.00610	0.00796	0.00738	0.01164
47	0.01149	0.00986	0.01573	0.01441	0.01620	0.00993	0.11792	0.03708	0.01504	0.02027	0.03356	0.51398	0.05739	0.01854	0.01027	0.00284	0.06575	0.01681	0.00596	0.00696
48	0.01057	0.00705	0.00793	0.00793	0.00793	0.00705	0.00440	0.01057	0.01057	0.01409	0.02290	0.04757	0.02643	0.74454	0.03700	0.00705	0.00705	0.01057	0.00440	0.00440
49	0.79588	0.01406	0.01068	0.00956	0.01406	0.01631	0.00787	0.02137	0.01237	0.03261	0.01012	0.01181	0.00787	0.00675	0.00450	0.00225	0.00562	0.00394	0.00450	0.00787
50	0.02763	0.02036	0.02182	0.01672	0.02254	0.02254	0.01382	0.67496	0.03418	0.04581	0.01745	0.01745	0.01236	0.00873	0.00727	0.00218	0.00800	0.00654	0.00727	0.01236
51	0.79588	0.01406	0.01068	0.00956	0.01406	0.01631	0.00787	0.02137	0.01237	0.03261	0.01012	0.01181	0.00787	0.00675	0.00450	0.00225	0.00562	0.00394	0.00450	0.00787
52	0.01252	0.00638	0.00957	0.00957	0.00963	0.00644	0.00644	0.00963	0.00957	0.01282	0.01294	0.02239	0.01288	0.02659	0.05974	0.75310	0.00691	0.00638	0.00319	0.00331
53	0.00996	0.00742	0.00926	0.00880	0.01066	0.00672	0.00660	0.01308	0.01980	0.02732	0.57565	0.05731	0.18944	0.01554	0.00858	0.00232	0.00348	0.01357	0.00776	0.00672
54	0.01263	0.00631	0.00947	0.00947	0.00947	0.00631	0.00631	0.00947	0.00947	0.01263	0.01263	0.02210	0.01263	0.02525	0.02841	0.78851	0.00631	0.00631	0.00316	0.00316
55	0.00886	0.00633	0.00843	0.01012	0.01054	0.00590	0.00675	0.01012	0.01392	0.01856	0.04006	0.73979	0.04808	0.02277	0.00928	0.00295	0.00422	0.02066	0.00675	0.00590
56	0.01029	0.00743	0.00972	0.00914	0.01086	0.00686	0.00686	0.01372	0.02058	0.02915	0.69536	0.05430	0.06859	0.01486	0.00857	0.00229	0.00343	0.01315	0.00800	0.00686

[dist]
# distance from previous block
# <min> <max>
0	29

[block]
# block no. 2 follows, 28 sequences, length 42
# corresponding to MSA columns:
# 306-347
name=unknown_C
#
# <colnr> <probs for GDERKNQSTAVLIFYWHMCP>
#	G	D	E	R	K	N	Q	S	T	A	V	L	I	F	Y	W	H	M	C	P
0	0.00891	0.00637	0.00848	0.01008	0.01056	0.00594	0.00675	0.01026	0.01418	0.01897	0.06550	0.71318	0.04887	0.02247	0.00925	0.00293	0.00419	0.02037	0.00680	0.00594
1	0.01820	0.01732	0.02712	0.03932	0.58478	0.04033	0.02029	0.06146	0.01776	0.02459	0.01820	0.02159	0.06148	0.00752	0.00728	0.00217	0.00839	0.00707	0.00406	0.01107
2	0.01404	0.01324	0.02236	0.67724	0.09745	0.01623	0.02034	0.01885	0.01468	0.01895	0.01297	0.01928	0.00982	0.00721	0.00726	0.00240	0.00961	0.00646	0.00326	0.00833
3	0.01647	0.08530	0.46195	0.05203	0.05306	0.08104	0.10483	0.02329	0.01601	0.02198	0.01289	0.01567	0.00955	0.00681	0.00694	0.00223	0.01082	0.00568	0.00323	0.01022
4	0.01472	0.03679	0.67985	0.02167	0.05811	0.01690	0.02668	0.02299	0.01539	0.02305	0.01307	0.01545	0.00930	0.00689	0.00692	0.00230	0.01066	0.00542	0.00309	0.01077
5	0.01619	0.01563	0.02715	0.32367	0.39336	0.01688	0.06041	0.02083	0.01576	0.02160	0.01343	0.01866	0.01074	0.00678	0.00731	0.00228	0.00928	0.00660	0.00345	0.01000
6	0.01462	0.01408	0.02549	0.50032	0.07397	0.01601	0.15529	0.01961	0.01522	0.02039	0.01409	0.01991	0.01068	0.00708	0.00738	0.00237	0.00973	0.00692	0.05833	0.00850
7	0.00886	0.00633	0.00843	0.01012	0.01054	0.00590	0.00675	0.01012	0.01392	0.01856	0.04006	0.73979	0.04808	0.02277	0.00928	0.00295	0.00422	0.02066	0.00675	0.00590
8	0.02674	0.01951	0.20367	0.01722	0.06913	0.01281	0.01585	0.03117	0.01904	0.47359	0.02343	0.02174	0.01518	0.00826	0.00719	0.00226	0.00758	0.00673	0.00703	0.01187
9	0.00933	0.00739	0.00838	0.00814	0.01027	0.00645	0.00610	0.01185	0.01830	0.02376	0.34286	0.06318	0.42445	0.01687	0.00858	0.00238	0.00357	0.01439	0.00729	0.00645
10	0.01147	0.00811	0.01047	0.06136	0.01393	0.00759	0.00774	0.01459	0.01919	0.06655	0.45718	0.05372	0.21109	0.01480	0.00841	0.00233	0.00411	0.01283	0.00741	0.00711
11	0.01784	0.01691	0.02772	0.06763	0.59648	0.01732	0.02099	0.02403	0.09283	0.02431	0.01546	0.01909	0.01266	0.00689	0.00722	0.00220	0.00835	0.00667	0.00402	0.01138
12	0.01808	0.01561	0.01644	0.01479	0.01890	0.01808	0.01151	0.03863	0.68606	0.03041	0.02959	0.02712	0.02219	0.00986	0.00740	0.00247	0.00575	0.00822	0.00740	0.01151
13	0.02706	0.02008	0.02149	0.01661	0.02232	0.02227	0.01368	0.63683	0.07323	0.04489	0.01818	0.01803	0.01295	0.00879	0.00728	0.00220	0.00786	0.00664	0.00728	0.01231
14	0.02715	0.03464	0.02060	0.01873	0.02247	0.71536	0.01404	0.02903	0.02060	0.01779	0.01124	0.01311	0.00936	0.00749	0.00655	0.00187	0.01311	0.00468	0.00375	0.00843
15	0.03226	0.01294	0.01722	0.01320	0.01884	0.01152	0.01091	0.08061	0.02175	0.65770	0.02788	0.02423	0.01760	0.00898	0.00731	0.00224	0.00631	0.00726	0.00887	0.01237
16	0.00974	0.00822	0.00858	0.00844	0.01059	0.02941	0.00628	0.01204	0.01780	0.02248	0.26320	0.09950	0.44357	0.01719	0.00856	0.00241	0.00394	0.01460	0.00704	0.00642
17	0.02321	0.02568	0.01724	0.01561	0.01908	0.44408	0.01183	0.06258	0.09990	0.02279	0.01642	0.01799	0.01303	0.00805	0.00638	0.00192	0.00989	0.00565	0.17002	0.00866
18	0.01507	0.01292	0.01507	0.01077	0.01723	0.00969	0.00861	0.01830	0.01507	0.02369	0.01292	0.01507	0.01077	0.00538	0.00538	0.00108	0.00538	0.00431	0.00431	0.78898
19	0.00874	0.00676	0.00798	0.00896	0.01024	0.00600	0.00623	0.01025	0.01504	0.01901	0.05425	0.45668	0.32203	0.02093	0.00899	0.00274	0.00399	0.01841	0.00675	0.00600
20	0.01021	0.00737	0.00965	0.00920	0.01084	0.00681	0.00685	0.01352	0.02022	0.02858	0.65988	0.09141	0.06748	0.01529	0.00861	0.00232	0.00347	0.01355	0.00793	0.00681
21	0.01263	0.00631	0.00947	0.00947	0.00947	0.00631	0.00631	0.00947	0.00947	0.01263	0.01263	0.02210	0.01263	0.02525	0.02841	0.78851	0.00631	0.00631	0.00316	0.00316
22	0.02169	0.54014	0.03298	0.01428	0.01977	0.22944	0.01291	0.02389	0.01647	0.01730	0.01044	0.01208	0.00934	0.00659	0.00522	0.00165	0.00933	0.00412	0.00330	0.00906
23	0.01892	0.66384	0.08620	0.01334	0.01961	0.02760	0.01365	0.02166	0.01465	0.01755	0.01029	0.01212	0.00933	0.00656	0.00570	0.00168	0.04070	0.00411	0.00311	0.00937
24	0.00859	0.00736	0.00736	0.00736	0.00982	0.00614	0.00552	0.01043	0.01657	0.01964	0.07364	0.06996	0.69624	0.01841	0.00859	0.00245	0.00368	0.01534	0.00675	0.00614
25	0.01507	0.01292	0.01507	0.01077	0.01723	0.00969	0.00861	0.01830	0.01507	0.02369	0.01292	0.01507	0.01077	0.00538	0.00538	0.00108	0.00538	0.00431	0.00431	0.78898
26	0.00870	0.00695	0.00779	0.00847	0.01011	0.00604	0.00601	0.01031	0.01550	0.01920	0.06015	0.33912	0.43579	0.02016	0.00887	0.00265	0.00390	0.01748	0.00675	0.00604
27	0.00885	0.00730	0.00782	0.00816	0.01030	0.00627	0.00613	0.01073	0.01623	0.01965	0.06669	0.15830	0.56383	0.01910	0.00879	0.00258	0.00397	0.06239	0.00675	0.00615
28	0.13896	0.01943	0.01652	0.01385	0.01810	0.16672	0.01102	0.29109	0.02376	0.03363	0.01643	0.01785	0.01246	0.00811	0.00621	0.00202	0.00771	0.00581	0.18075	0.00959
29	0.00891	0.00637	0.00849	0.01008	0.01056	0.00594	0.00675	0.01026	0.01418	0.01897	0.06587	0.71280	0.04888	0.02246	0.00925	0.00293	0.00419	0.02037	0.00680	0.00594
30	0.01943	0.74891	0.03809	0.01244	0.01866	0.02876	0.01244	0.02177	0.01477	0.01710	0.01011	0.01166	0.00933	0.00622	0.00466	0.00155	0.00777	0.00389	0.00311	0.00933
31	0.01024	0.00733	0.00993	0.01103	0.01223	0.00702	0.00854	0.01280	0.01662	0.02241	0.20757	0.33044	0.05112	0.01979	0.00937	0.00292	0.00489	0.24227	0.00705	0.00643
32	0.01263	0.00631	0.00947	0.00947	0.00947	0.00631	0.00631	0.00947	0.00947	0.01263	0.01263	0.02210	0.01263	0.02525	0.02841	0.78851	0.00631	0.00631	0.00316	0.00316
33	0.01458	0.03760	0.70688	0.02072	0.03146	0.01688	0.02686	0.02302	0.01535	0.02302	0.01304	0.01535	0.00921	0.00691	0.00691	0.00230	0.01074	0.00537	0.00307	0.01074
34	0.01590	0.01590	0.02226	0.01908	0.01908	0.02226	0.01590	0.01749	0.01113	0.01749	0.00954	0.01590	0.00954	0.01272	0.02385	0.00318	0.73123	0.00636	0.00318	0.00795
35	0.03150	0.01415	0.01797	0.01378	0.01944	0.01332	0.01138	0.17785	0.02378	0.55759	0.02618	0.02312	0.01674	0.00894	0.00730	0.00223	0.00659	0.00714	0.00861	0.01237
36	0.01038	0.00779	0.01168	0.01168	0.01298	0.00909	0.00909	0.01298	0.01168	0.01687	0.01947	0.02856	0.01817	0.05452	0.71573	0.01168	0.01947	0.00779	0.00389	0.00649
37	0.01038	0.00779	0.01168	0.01168	0.01298	0.00909	0.00909	0.01298	0.01168	0.01687	0.01947	0.02856	0.01817	0.05452	0.71573	0.01168	0.01947	0.00779	0.00389	0.00649
38	0.00921	0.00689	0.00990	0.01100	0.01171	0.00644	0.03511	0.01068	0.01405	0.01876	0.03898	0.70913	0.04650	0.02206	0.00925	0.00293	0.00456	0.02015	0.00662	0.00607
39	0.01943	0.74891	0.03809	0.01244	0.01866	0.02876	0.01244	0.02177	0.01477	0.01710	0.01011	0.01166	0.00933	0.00622	0.00466	0.00155	0.00777	0.00389	0.00311	0.00933
40	0.01038	0.00779	0.01168	0.01168	0.01298	0.00909	0.00909	0.01298	0.01168	0.01687	0.01947	0.02856	0.01817	0.05452	0.71573	0.01168	0.01947	0.00779	0.00389	0.00649
41	0.01735	0.01662	0.02835	0.14710	0.60171	0.01710	0.02199	0.02175	0.01625	0.02297	0.01356	0.01820	0.01124	0.00660	0.00721	0.00220	0.00879	0.00647	0.00354	0.01100

[dist]
# distance from previous block
# <min> <max>
0	27

[block]
# block no. 3 follows, 28 sequences, length 41
# corresponding to MSA columns:
# 375-415
name=unknown_D
#
# <colnr> <probs for GDERKNQSTAVLIFYWHMCP>
#	G	D	E	R	K	N	Q	S	T	A	V	L	I	F	Y	W	H	M	C	P
0	0.02715	0.03464	0.02060	0.01873	0.02247	0.71536	0.01404	0.02903	0.02060	0.01779	0.01124	0.01311	0.00936	0.00749	0.00655	0.00187	0.01311	0.00468	0.00375	0.00843
1	0.01905	0.69209	0.09151	0.01310	0.01968	0.02781	0.01359	0.02187	0.01482	0.01757	0.01034	0.01195	0.00932	0.00627	0.00484	0.00161	0.00801	0.00401	0.00311	0.00944
2	0.01530	0.01452	0.02464	0.47541	0.28944	0.01656	0.02097	0.01995	0.01528	0.02048	0.01320	0.01887	0.01036	0.00698	0.00724	0.00233	0.00930	0.00647	0.00337	0.00934
3	0.23654	0.01390	0.04127	0.01221	0.01757	0.01274	0.01042	0.05853	0.01871	0.43310	0.02483	0.02283	0.04872	0.00877	0.00660	0.00226	0.00616	0.00669	0.00737	0.01078
4	0.01774	0.01862	0.06143	0.14011	0.50945	0.05793	0.02139	0.02273	0.03840	0.02283	0.01391	0.01807	0.01136	0.00678	0.00716	0.00220	0.00906	0.00637	0.00365	0.01079
5	0.01038	0.00779	0.01168	0.01168	0.01298	0.00909	0.00909	0.01298	0.01168	0.01687	0.01947	0.02856	0.01817	0.05452	0.71573	0.01168	0.01947	0.00779	0.00389	0.00649
6	0.01224	0.00793	0.00995	0.00915	0.01143	0.00710	0.00697	0.01526	0.01973	0.09728	0.49076	0.05463	0.19989	0.01502	0.00845	0.00232	0.00377	0.01302	0.00783	0.00727
7	0.02570	0.14038	0.02312	0.01757	0.02178	0.56212	0.01371	0.05268	0.04339	0.01919	0.01194	0.01354	0.00992	0.00743	0.00633	0.00186	0.01186	0.00476	0.00391	0.00882
8	0.01515	0.01098	0.03376	0.01152	0.01458	0.01040	0.00929	0.02275	0.17972	0.11353	0.40140	0.04414	0.04809	0.01292	0.00815	0.00237	0.00470	0.03999	0.00777	0.00877
9	0.01056	0.00708	0.00807	0.00807	0.00812	0.00713	0.00459	0.01066	0.01061	0.01420	0.02277	0.04683	0.02611	0.71784	0.06326	0.00723	0.00753	0.01046	0.00438	0.00449
10	0.01108	0.00791	0.01099	0.01266	0.01406	0.00782	0.01061	0.01397	0.01611	0.02105	0.03884	0.22770	0.04322	0.02068	0.00987	0.00326	0.00614	0.51081	0.00671	0.00652
11	0.02619	0.12373	0.02278	0.01794	0.02200	0.62972	0.01384	0.02812	0.01987	0.01770	0.01109	0.01293	0.00936	0.00733	0.00632	0.00183	0.01244	0.00458	0.00367	0.00854
12	0.01637	0.01668	0.02220	0.01907	0.01922	0.05100	0.01583	0.01797	0.01152	0.01751	0.00961	0.01579	0.00953	0.01251	0.02314	0.00313	0.70146	0.00629	0.00320	0.00797
13	0.00886	0.00633	0.00843	0.01012	0.01054	0.00590	0.00675	0.01012	0.01392	0.01856	0.04006	0.73979	0.04808	0.02277	0.00928	0.00295	0.00422	0.02066	0.00675	0.00590
14	0.01022	0.00743	0.00962	0.00907	0.01082	0.00683	0.00680	0.01358	0.02041	0.02875	0.66937	0.05495	0.09482	0.01501	0.00857	0.00229	0.00344	0.01324	0.00795	0.00683
15	0.02763	0.02036	0.02182	0.01672	0.02254	0.02254	0.01382	0.67496	0.03418	0.04581	0.01745	0.01745	0.01236	0.00873	0.00727	0.00218	0.00800	0.00654	0.00727	0.01236
16	0.01263	0.00631	0.00947	0.00947	0.00947	0.00631	0.00631	0.00947	0.00947	0.01263	0.01263	0.02210	0.01263	0.02525	0.02841	0.78851	0.00631	0.00631	0.00316	0.00316
17	0.02366	0.16509	0.08827	0.01778	0.02234	0.46810	0.01510	0.02621	0.01828	0.01813	0.01106	0.01327	0.00936	0.00762	0.00762	0.00196	0.06915	0.00473	0.00352	0.00877
18	0.02961	0.01236	0.01638	0.01276	0.01793	0.01109	0.01046	0.07922	0.02175	0.57647	0.10689	0.02772	0.02358	0.00967	0.00746	0.00225	0.00599	0.00795	0.00875	0.01172
19	0.02986	0.01176	0.01599	0.01246	0.01761	0.01021	0.01021	0.03274	0.02078	0.62082	0.11105	0.02839	0.02424	0.00972	0.00747	0.00225	0.00584	0.00803	0.00887	0.01169
20	0.01572	0.00990	0.01270	0.01283	0.01532	0.00997	0.01038	0.02165	0.13899	0.13672	0.03558	0.21115	0.03567	0.01697	0.00893	0.00291	0.00588	0.28316	0.00722	0.00834
21	0.22194	0.01472	0.04055	0.01256	0.01760	0.01429	0.01063	0.16415	0.02112	0.27199	0.09227	0.02435	0.04481	0.00926	0.00675	0.00225	0.00621	0.00713	0.00708	0.01035
22	0.01373	0.01292	0.02180	0.72707	0.05006	0.01615	0.02019	0.01857	0.01453	0.01857	0.01292	0.01938	0.00969	0.00727	0.00727	0.00242	0.00969	0.00646	0.00323	0.00807
23	0.01096	0.00794	0.01078	0.01231	0.01384	0.00776	0.01034	0.01383	0.01625	0.02104	0.04192	0.18927	0.10185	0.02037	0.00978	0.00320	0.00601	0.48933	0.00671	0.00651
24	0.02916	0.01223	0.01608	0.01269	0.01785	0.01100	0.01036	0.03362	0.08294	0.57981	0.06064	0.02834	0.05142	0.00977	0.00743	0.00228	0.00591	0.00802	0.00870	0.01176
25	0.01342	0.01214	0.02021	0.63352	0.04484	0.01500	0.01840	0.01756	0.01400	0.01801	0.01356	0.02103	0.01085	0.04070	0.03559	0.04382	0.00976	0.00667	0.00330	0.00761
26	0.03261	0.01237	0.01687	0.01293	0.01856	0.01068	0.01068	0.03543	0.02081	0.70423	0.02868	0.02474	0.01799	0.00900	0.00731	0.00225	0.00619	0.00731	0.00900	0.01237
27	0.01534	0.03231	0.51183	0.02363	0.03338	0.01732	0.21660	0.02310	0.01588	0.02310	0.01353	0.01660	0.00974	0.00668	0.00740	0.00235	0.01119	0.00631	0.00325	0.01047
28	0.03166	0.01209	0.01636	0.01262	0.01805	0.01049	0.01040	0.03450	0.02053	0.67024	0.02843	0.02486	0.01803	0.00897	0.00720	0.00222	0.00604	0.00728	0.04794	0.01209
29	0.01048	0.00701	0.00795	0.00804	0.00806	0.00699	0.00453	0.01055	0.01074	0.01433	0.02380	0.08356	0.02755	0.70702	0.03556	0.00683	0.00690	0.01110	0.00453	0.00448
30	0.01029	0.00743	0.00972	0.00914	0.01086	0.00686	0.00686	0.01372	0.02058	0.02915	0.69536	0.05430	0.06859	0.01486	0.00857	0.00229	0.00343	0.01315	0.00800	0.00686
31	0.02715	0.03464	0.02060	0.01873	0.02247	0.71536	0.01404	0.02903	0.02060	0.01779	0.01124	0.01311	0.00936	0.00749	0.00655	0.00187	0.01311	0.00468	0.00375	0.00843
32	0.00886	0.00633	0.00843	0.01012	0.01054	0.00590	0.00675	0.01012	0.01392	0.01856	0.04006	0.73979	0.04808	0.02277	0.00928	0.00295	0.00422	0.02066	0.00675	0.00590
33	0.79588	0.01406	0.01068	0.00956	0.01406	0.01631	0.00787	0.02137	0.01237	0.03261	0.01012	0.01181	0.00787	0.00675	0.00450	0.00225	0.00562	0.00394	0.00450	0.00787
34	0.01458	0.03760	0.70688	0.02072	0.03146	0.01688	0.02686	0.02302	0.01535	0.02302	0.01304	0.01535	0.00921	0.00691	0.00691	0.00230	0.01074	0.00537	0.00307	0.01074
35	0.01507	0.01292	0.01507	0.01077	0.01723	0.00969	0.00861	0.01830	0.01507	0.02369	0.01292	0.01507	0.01077	0.00538	0.00538	0.00108	0.00538	0.00431	0.00431	0.78898
36	0.02015	0.02128	0.02682	0.03717	0.50918	0.18138	0.01987	0.02463	0.04798	0.02265	0.01382	0.01726	0.01149	0.00687	0.00705	0.00211	0.00956	0.00613	0.00381	0.01079
37	0.00859	0.00736	0.00736	0.00736	0.00982	0.00614	0.00552	0.01043	0.01657	0.01964	0.07364	0.06996	0.69624	0.01841	0.00859	0.00245	0.00368	0.01534	0.00675	0.00614
38	0.01507	0.01292	0.01507	0.01077	0.01723	0.00969	0.00861	0.01830	0.01507	0.02369	0.01292	0.01507	0.01077	0.00538	0.00538	0.00108	0.00538	0.00431	0.00431	0.78898
39	0.00948	0.00740	0.00860	0.00830	0.01036	0.00651	0.00622	0.01215	0.01867	0.02462	0.39929	0.06175	0.36749	0.01655	0.00858	0.00237	0.00355	0.01419	0.00741	0.00651
40	0.03261	0.01237	0.01687	0.01293	0.01856	0.01068	0.01068	0.03543	0.02081	0.70423	0.02868	0.02474	0.01799	0.00900	0.00731	0.00225	0.00619	0.00731	0.00900	0.01237

[dist]
# distance from previous block
# <min> <max>
0	0

# created by:
# /st0/software/busco_prod/Augustus/scripts/msa2prfl.pl ./align_prep/128480.fa
