[name]
unknown

[dist]
# distance from previous block
# <min> <max>
0	25

[block]
# block no. 0 follows, 29 sequences, length 55
# corresponding to MSA columns:
# 25-79
name=unknown_A
#
# <colnr> <probs for GDERKNQSTAVLIFYWHMCP>
#	G	D	E	R	K	N	Q	S	T	A	V	L	I	F	Y	W	H	M	C	P
0	0.00862	0.00720	0.00753	0.00765	0.00989	0.00611	0.00575	0.01051	0.01628	0.01968	0.09818	0.10483	0.61403	0.01816	0.00850	0.00245	0.00373	0.03818	0.00667	0.00605
1	0.02565	0.02173	0.11443	0.01668	0.02301	0.02060	0.01506	0.55165	0.03016	0.08399	0.01721	0.01727	0.01204	0.00832	0.00708	0.00216	0.00809	0.00630	0.00667	0.01190
2	0.01566	0.23035	0.50564	0.01845	0.02766	0.01974	0.04617	0.02223	0.01494	0.02099	0.01206	0.01421	0.00912	0.00656	0.00623	0.00206	0.00979	0.00498	0.00304	0.01012
3	0.01665	0.12593	0.19735	0.01868	0.02277	0.07516	0.04829	0.02021	0.01342	0.01872	0.01064	0.01482	0.00929	0.00945	0.01459	0.00255	0.36394	0.00562	0.00314	0.00878
4	0.00868	0.00706	0.00770	0.00789	0.00987	0.00607	0.00578	0.01060	0.01634	0.02032	0.15174	0.17711	0.50949	0.01826	0.00852	0.00246	0.00366	0.01559	0.00678	0.00607
5	0.01555	0.02359	0.28144	0.15139	0.28750	0.01685	0.04603	0.02130	0.01521	0.02183	0.01289	0.01686	0.01003	0.00690	0.00776	0.00227	0.04314	0.00601	0.00325	0.01020
6	0.42306	0.31786	0.07325	0.01132	0.01687	0.02100	0.01091	0.02121	0.01329	0.02505	0.01012	0.01176	0.00839	0.00641	0.00465	0.00193	0.00674	0.00394	0.00375	0.00850
7	0.03082	0.01393	0.01764	0.01353	0.01908	0.01315	0.01117	0.18410	0.02341	0.55660	0.02555	0.02259	0.01635	0.00875	0.00715	0.00219	0.00647	0.00699	0.00842	0.01212
8	0.01054	0.00878	0.00940	0.00904	0.01157	0.00843	0.00683	0.01621	0.15035	0.02285	0.16862	0.08221	0.43704	0.01595	0.00821	0.00240	0.00398	0.01348	0.00694	0.00716
9	0.00944	0.00694	0.00884	0.00902	0.01041	0.00635	0.00652	0.01196	0.01768	0.02422	0.42038	0.26425	0.14292	0.01735	0.00861	0.00246	0.00362	0.01538	0.00731	0.00635
10	0.01017	0.00763	0.01144	0.01144	0.01272	0.00890	0.00890	0.01272	0.01144	0.01653	0.01907	0.02797	0.01780	0.05340	0.72153	0.01144	0.01907	0.00763	0.00381	0.00636
11	0.00863	0.00636	0.00809	0.00947	0.01021	0.00582	0.00641	0.00996	0.01406	0.01835	0.04464	0.63410	0.15462	0.02161	0.00898	0.00281	0.00405	0.01939	0.00661	0.00582
12	0.01904	0.75404	0.03731	0.01218	0.01828	0.02818	0.01218	0.02132	0.01447	0.01675	0.00990	0.01142	0.00914	0.00609	0.00457	0.00152	0.00761	0.00381	0.00305	0.00914
13	0.08132	0.01333	0.01681	0.01298	0.01844	0.01246	0.01072	0.12507	0.02169	0.57218	0.02536	0.02240	0.01620	0.00863	0.00698	0.00219	0.00627	0.00684	0.00829	0.01183
14	0.80005	0.01377	0.01047	0.00936	0.01377	0.01597	0.00771	0.02093	0.01212	0.03195	0.00991	0.01157	0.00771	0.00661	0.00441	0.00220	0.00551	0.00386	0.00441	0.00771
15	0.01615	0.00966	0.01012	0.00897	0.01154	0.01010	0.00701	0.16515	0.01943	0.03078	0.06704	0.02621	0.02014	0.00877	0.00569	0.00180	0.00433	0.00700	0.56226	0.00787
16	0.01757	0.01496	0.01588	0.01421	0.01815	0.01718	0.01107	0.05999	0.62565	0.03026	0.07113	0.02790	0.02426	0.00993	0.00731	0.00239	0.00557	0.00830	0.00728	0.01101
17	0.01438	0.03616	0.68745	0.02066	0.03106	0.01659	0.05105	0.02256	0.01510	0.02256	0.01284	0.01519	0.00909	0.00674	0.00683	0.00226	0.01058	0.00538	0.00303	0.01049
18	0.02661	0.01950	0.02088	0.01606	0.02162	0.02157	0.01325	0.65938	0.03286	0.04426	0.01730	0.01741	0.01231	0.00854	0.00705	0.00212	0.00768	0.00642	0.03325	0.01193
19	0.01036	0.00690	0.00777	0.00777	0.00777	0.00690	0.00431	0.01036	0.01036	0.01381	0.02244	0.04660	0.02589	0.74975	0.03624	0.00690	0.00690	0.01036	0.00431	0.00431
20	0.01642	0.02210	0.15621	0.02909	0.07225	0.01770	0.53204	0.02271	0.01647	0.02279	0.01407	0.01841	0.01052	0.00615	0.00805	0.00236	0.01156	0.00775	0.00350	0.00985
21	0.00988	0.00694	0.00858	0.00889	0.00938	0.00705	0.00576	0.01075	0.01156	0.01552	0.02802	0.17406	0.07100	0.42454	0.17074	0.00681	0.00869	0.01193	0.00478	0.00512
22	0.01272	0.00767	0.00988	0.01006	0.01193	0.00694	0.00753	0.01483	0.01641	0.12658	0.14242	0.33794	0.16191	0.01803	0.00865	0.00264	0.00448	0.08524	0.00713	0.00702
23	0.80005	0.01377	0.01047	0.00936	0.01377	0.01597	0.00771	0.02093	0.01212	0.03195	0.00991	0.01157	0.00771	0.00661	0.00441	0.00220	0.00551	0.00386	0.00441	0.00771
24	0.07844	0.01194	0.01551	0.01216	0.01729	0.01071	0.00998	0.03217	0.03865	0.59555	0.05573	0.02628	0.04397	0.00926	0.00708	0.00222	0.00581	0.00749	0.00837	0.01138
25	0.01034	0.00698	0.00814	0.00814	0.00827	0.00711	0.00478	0.01060	0.01047	0.01408	0.02209	0.04470	0.02506	0.67884	0.10603	0.00737	0.00814	0.01008	0.00426	0.00452
26	0.01860	0.01493	0.01683	0.01237	0.01850	0.01342	0.01003	0.22489	0.02060	0.02996	0.01404	0.01549	0.01103	0.00629	0.00585	0.00139	0.00607	0.00490	0.00512	0.54968
27	0.00967	0.00722	0.00955	0.01110	0.03859	0.00688	0.00729	0.01207	0.03952	0.02055	0.15751	0.51606	0.07066	0.04604	0.00978	0.00285	0.00430	0.01737	0.00665	0.00633
28	0.00927	0.00645	0.00809	0.00916	0.00942	0.00618	0.00580	0.01007	0.01248	0.01664	0.03332	0.49866	0.03961	0.27897	0.01867	0.00431	0.00511	0.01675	0.00580	0.00527
29	0.00868	0.00620	0.00826	0.00991	0.01033	0.00578	0.00661	0.00991	0.01363	0.01818	0.03925	0.74510	0.04710	0.02231	0.00909	0.00289	0.00413	0.02024	0.00661	0.00578
30	0.01667	0.19812	0.46793	0.01856	0.02735	0.06765	0.04547	0.04183	0.01586	0.02154	0.01219	0.01428	0.00921	0.00668	0.00631	0.00206	0.01000	0.00503	0.00320	0.01007
31	0.01006	0.00797	0.01085	0.01165	0.01206	0.00877	0.00847	0.01146	0.01330	0.01816	0.03384	0.57933	0.04005	0.02041	0.01167	0.00295	0.13464	0.05220	0.00599	0.00618
32	0.80005	0.01377	0.01047	0.00936	0.01377	0.01597	0.00771	0.02093	0.01212	0.03195	0.00991	0.01157	0.00771	0.00661	0.00441	0.00220	0.00551	0.00386	0.00441	0.00771
33	0.02300	0.01014	0.01366	0.01115	0.01509	0.00893	0.00893	0.02600	0.02029	0.43121	0.30378	0.03609	0.03791	0.01116	0.00767	0.00222	0.00495	0.00950	0.00841	0.00991
34	0.01470	0.01460	0.02219	0.43643	0.03766	0.06089	0.08087	0.01861	0.01428	0.01866	0.01391	0.05753	0.01187	0.00880	0.01002	0.00248	0.13403	0.00716	0.02738	0.00792
35	0.02999	0.01273	0.01665	0.01287	0.01816	0.01159	0.01059	0.10919	0.02190	0.58910	0.06945	0.02523	0.02012	0.00915	0.00723	0.00220	0.00610	0.00743	0.00855	0.01178
36	0.00963	0.00726	0.00890	0.00849	0.01037	0.00653	0.00637	0.01258	0.01911	0.02607	0.53379	0.05728	0.23652	0.01548	0.00840	0.00228	0.00343	0.01345	0.00751	0.00653
37	0.01327	0.00664	0.00664	0.00664	0.00830	0.00664	0.00498	0.01659	0.01493	0.02655	0.02323	0.02655	0.01825	0.00830	0.00498	0.00166	0.00332	0.00664	0.78928	0.00664
38	0.02604	0.01895	0.02027	0.01565	0.02105	0.02093	0.01289	0.63181	0.03209	0.04350	0.01755	0.01780	0.01257	0.00853	0.00696	0.00210	0.00750	0.00643	0.06568	0.01170
39	0.00930	0.00667	0.00871	0.01014	0.01073	0.00634	0.00685	0.03289	0.01431	0.01909	0.03849	0.72020	0.04590	0.02184	0.00902	0.00287	0.00426	0.01977	0.00663	0.00600
40	0.01428	0.03683	0.71286	0.02030	0.03082	0.01654	0.02631	0.02255	0.01503	0.02255	0.01278	0.01503	0.00902	0.00677	0.00677	0.00226	0.01052	0.00526	0.00301	0.01052
41	0.02510	0.02984	0.02177	0.02252	0.13906	0.54134	0.01513	0.08262	0.02063	0.02075	0.01193	0.01402	0.00978	0.00727	0.00659	0.00191	0.01167	0.00504	0.00394	0.00910
42	0.01107	0.00796	0.01096	0.01240	0.01398	0.00785	0.01060	0.01416	0.01644	0.02150	0.08326	0.12517	0.06681	0.01946	0.00964	0.00315	0.00607	0.54638	0.00665	0.00649
43	0.02266	0.01549	0.01666	0.01345	0.01790	0.01688	0.01089	0.38700	0.11698	0.08037	0.02093	0.02120	0.01530	0.00865	0.00660	0.00206	0.00629	0.00674	0.20333	0.01062
44	0.02372	0.01611	0.01828	0.01375	0.01963	0.01578	0.01127	0.34363	0.02484	0.15250	0.01748	0.01754	0.01253	0.00748	0.00650	0.00178	0.00666	0.00579	0.00643	0.27830
45	0.00899	0.00663	0.00913	0.05805	0.01291	0.00645	0.00749	0.01047	0.01367	0.01818	0.03748	0.69674	0.04459	0.02130	0.00896	0.00286	0.00449	0.01932	0.00638	0.00593
46	0.01904	0.75404	0.03731	0.01218	0.01828	0.02818	0.01218	0.02132	0.01447	0.01675	0.00990	0.01142	0.00914	0.00609	0.00457	0.00152	0.00761	0.00381	0.00305	0.00914
47	0.02103	0.01299	0.01751	0.01894	0.16041	0.03180	0.01250	0.05865	0.06946	0.25620	0.16111	0.03382	0.02844	0.01055	0.00764	0.00230	0.00631	0.07328	0.00694	0.01012
48	0.01510	0.00839	0.01113	0.00981	0.01237	0.00758	0.00758	0.01832	0.02021	0.18512	0.54690	0.04654	0.05580	0.01324	0.00811	0.00223	0.00398	0.01156	0.00806	0.00796
49	0.06989	0.00934	0.01168	0.01004	0.01328	0.00852	0.00790	0.02075	0.01924	0.25817	0.35392	0.04243	0.12104	0.01249	0.00772	0.00224	0.00444	0.01060	0.00780	0.00853
50	0.09463	0.62776	0.03342	0.01239	0.01813	0.08011	0.01188	0.02183	0.01468	0.01826	0.00999	0.01155	0.00900	0.00624	0.00470	0.00161	0.00781	0.00387	0.00322	0.00893
51	0.01223	0.00623	0.00918	0.00918	0.00918	0.00623	0.00606	0.00935	0.00935	0.01246	0.01304	0.02331	0.01327	0.07303	0.02839	0.74048	0.00623	0.00646	0.00317	0.00317
52	0.02631	0.03224	0.02059	0.01911	0.04670	0.64180	0.01403	0.07858	0.02106	0.01976	0.01156	0.01334	0.00947	0.00740	0.00650	0.00187	0.01230	0.00479	0.00393	0.00866
53	0.08689	0.01630	0.01912	0.01486	0.02020	0.01691	0.04753	0.34703	0.04973	0.15908	0.01964	0.06025	0.01491	0.00881	0.00692	0.00211	0.00700	0.00709	0.00671	0.08891
54	0.02127	0.07018	0.02322	0.02327	0.19088	0.18484	0.03462	0.07387	0.16522	0.06746	0.01693	0.01831	0.01323	0.00799	0.00792	0.00216	0.05724	0.00624	0.00490	0.01025

[dist]
# distance from previous block
# <min> <max>
0	2

[block]
# block no. 1 follows, 29 sequences, length 62
# corresponding to MSA columns:
# 82-143
name=unknown_B
#
# <colnr> <probs for GDERKNQSTAVLIFYWHMCP>
#	G	D	E	R	K	N	Q	S	T	A	V	L	I	F	Y	W	H	M	C	P
0	0.01747	0.05784	0.01620	0.01139	0.01673	0.04358	0.00924	0.13560	0.01832	0.02693	0.01490	0.01679	0.01192	0.00648	0.00556	0.00140	0.00588	0.00499	0.13063	0.44816
1	0.08537	0.03483	0.03970	0.01228	0.01717	0.01101	0.01043	0.02906	0.01880	0.49701	0.07106	0.06971	0.02238	0.01016	0.00718	0.00228	0.00595	0.03718	0.00781	0.01066
2	0.01762	0.01612	0.02280	0.25637	0.25928	0.04101	0.01789	0.09531	0.15295	0.02507	0.01660	0.01963	0.01281	0.00753	0.00710	0.00225	0.00831	0.00663	0.00455	0.01018
3	0.01722	0.01625	0.02722	0.16992	0.55755	0.01692	0.02115	0.04680	0.01652	0.02317	0.01340	0.01785	0.01098	0.00657	0.00707	0.00216	0.00863	0.00634	0.00360	0.01069
4	0.00895	0.00717	0.00802	0.00814	0.01015	0.00624	0.00610	0.01110	0.01683	0.02127	0.20587	0.13566	0.46490	0.01778	0.00855	0.00246	0.00374	0.04402	0.00688	0.00617
5	0.01133	0.00780	0.01008	0.00934	0.01127	0.00731	0.00706	0.01532	0.04627	0.05850	0.64592	0.05089	0.06325	0.01412	0.00830	0.00224	0.00357	0.01244	0.00786	0.00713
6	0.00963	0.00724	0.00877	0.00840	0.01018	0.00653	0.00621	0.01235	0.01847	0.02506	0.48424	0.05712	0.24348	0.05909	0.01005	0.00256	0.00364	0.01333	0.00728	0.00638
7	0.00969	0.00749	0.00890	0.00956	0.01142	0.00686	0.00762	0.01193	0.01592	0.01988	0.07420	0.10814	0.37003	0.06210	0.01061	0.00301	0.00488	0.24514	0.00649	0.00612
8	0.01827	0.01517	0.01612	0.01442	0.01850	0.01743	0.01124	0.03771	0.66618	0.05640	0.02895	0.02648	0.02158	0.00963	0.00724	0.00241	0.00565	0.00802	0.00731	0.01130
9	0.02593	0.01900	0.02031	0.01574	0.02114	0.02102	0.01295	0.61984	0.05526	0.04327	0.01787	0.01798	0.01281	0.00857	0.00700	0.00212	0.00749	0.00648	0.05347	0.01176
10	0.01387	0.01255	0.02055	0.67029	0.04596	0.01551	0.01877	0.03892	0.01488	0.01949	0.01338	0.01934	0.01006	0.00723	0.00700	0.00233	0.00910	0.00635	0.04646	0.00797
11	0.00868	0.00620	0.00826	0.00991	0.01033	0.00578	0.00661	0.00991	0.01363	0.01818	0.03925	0.74510	0.04710	0.02231	0.00909	0.00289	0.00413	0.02024	0.00661	0.00578
12	0.00868	0.00620	0.00826	0.00991	0.01033	0.00578	0.00661	0.00991	0.01363	0.01818	0.03925	0.74510	0.04710	0.02231	0.00909	0.00289	0.00413	0.02024	0.00661	0.00578
13	0.02632	0.02173	0.02067	0.01637	0.02162	0.13370	0.01328	0.55253	0.03072	0.03955	0.01811	0.01827	0.03656	0.00870	0.00706	0.00210	0.00849	0.00643	0.00655	0.01127
14	0.01904	0.75404	0.03731	0.01218	0.01828	0.02818	0.01218	0.02132	0.01447	0.01675	0.00990	0.01142	0.00914	0.00609	0.00457	0.00152	0.00761	0.00381	0.00305	0.00914
15	0.03075	0.01185	0.01614	0.01247	0.01776	0.01026	0.01026	0.03353	0.02037	0.67283	0.06508	0.02583	0.02035	0.00913	0.00723	0.00221	0.00591	0.00747	0.00876	0.01182
16	0.01558	0.01558	0.02181	0.01869	0.01869	0.02181	0.01558	0.01714	0.01091	0.01714	0.00935	0.01558	0.00935	0.01246	0.02337	0.00312	0.73672	0.00623	0.00312	0.00779
17	0.01345	0.01266	0.02136	0.73264	0.04904	0.01582	0.01978	0.01819	0.01424	0.01819	0.01266	0.01898	0.00949	0.00712	0.00712	0.00237	0.00949	0.00633	0.00316	0.00791
18	0.01018	0.00760	0.01129	0.01129	0.01250	0.00881	0.00870	0.01261	0.01140	0.01641	0.01922	0.02877	0.01815	0.08330	0.69211	0.01125	0.01855	0.00775	0.00384	0.00627
19	0.00948	0.00782	0.00848	0.00863	0.01097	0.00703	0.00676	0.01259	0.05355	0.02051	0.08886	0.06752	0.53406	0.01770	0.00858	0.00254	0.00418	0.11765	0.00669	0.00642
20	0.00872	0.00633	0.00823	0.00965	0.01028	0.00584	0.00652	0.01010	0.01414	0.01873	0.07174	0.65914	0.10109	0.02161	0.00900	0.00282	0.00405	0.01949	0.00667	0.00584
21	0.01345	0.01266	0.02136	0.73264	0.04904	0.01582	0.01978	0.01819	0.01424	0.01819	0.01266	0.01898	0.00949	0.00712	0.00712	0.00237	0.00949	0.00633	0.00316	0.00791
22	0.01327	0.00664	0.00664	0.00664	0.00830	0.00664	0.00498	0.01659	0.01493	0.02655	0.02323	0.02655	0.01825	0.00830	0.00498	0.00166	0.00332	0.00664	0.78928	0.00664
23	0.00868	0.00620	0.00826	0.00991	0.01033	0.00578	0.00661	0.00991	0.01363	0.01818	0.03925	0.74510	0.04710	0.02231	0.00909	0.00289	0.00413	0.02024	0.00661	0.00578
24	0.09558	0.01827	0.01912	0.01529	0.02047	0.02048	0.01246	0.46762	0.18866	0.04010	0.01927	0.01885	0.01400	0.00864	0.00690	0.00221	0.00710	0.00657	0.00690	0.01151
25	0.02136	0.01522	0.03481	0.01433	0.01890	0.01599	0.01168	0.08896	0.43829	0.18518	0.02774	0.02726	0.02050	0.00973	0.00731	0.00238	0.00608	0.03552	0.00745	0.01131
26	0.01447	0.01348	0.01839	0.01629	0.01663	0.01789	0.01313	0.04528	0.01243	0.01841	0.01625	0.16006	0.01774	0.05361	0.02053	0.00323	0.52154	0.00920	0.00404	0.00741
27	0.01607	0.02014	0.14950	0.05270	0.06094	0.01585	0.38250	0.02167	0.01598	0.04538	0.01529	0.04068	0.01210	0.00885	0.03984	0.00266	0.01080	0.00762	0.00381	0.07763
28	0.36099	0.01437	0.01379	0.01203	0.01590	0.04091	0.00966	0.08298	0.12018	0.09451	0.05865	0.04736	0.01680	0.01032	0.02830	0.00257	0.04960	0.00651	0.00568	0.00892
29	0.04371	0.00749	0.00919	0.00880	0.01062	0.00697	0.00659	0.01315	0.01895	0.02694	0.55509	0.09036	0.14571	0.01508	0.00827	0.00229	0.00352	0.01316	0.00747	0.00662
30	0.01531	0.01477	0.04903	0.26142	0.03220	0.01571	0.17801	0.05809	0.01556	0.02206	0.01461	0.01965	0.01143	0.00839	0.00985	0.02979	0.10051	0.00683	0.12851	0.00828
31	0.01682	0.01455	0.02135	0.14286	0.02508	0.01736	0.09721	0.13937	0.01699	0.02448	0.01459	0.01923	0.01186	0.01162	0.05126	0.00296	0.23575	0.00669	0.12139	0.00858
32	0.01302	0.00663	0.00673	0.00679	0.00835	0.00661	0.00502	0.01616	0.01475	0.02586	0.02379	0.05345	0.01953	0.03086	0.00606	0.00186	0.00345	0.00725	0.73728	0.00654
33	0.02056	0.01375	0.01564	0.01355	0.01772	0.01483	0.01077	0.08017	0.38656	0.18909	0.03026	0.02967	0.06182	0.01261	0.04660	0.00287	0.00654	0.02884	0.00736	0.01079
34	0.00892	0.00723	0.00791	0.00774	0.00993	0.00623	0.00581	0.01119	0.01742	0.02206	0.26259	0.06389	0.51023	0.01698	0.00841	0.00235	0.00353	0.01438	0.00698	0.00623
35	0.01043	0.00701	0.00831	0.00831	0.00858	0.00721	0.00507	0.01096	0.01070	0.01471	0.02193	0.04289	0.02432	0.61132	0.14462	0.00744	0.00872	0.00978	0.03297	0.00473
36	0.01716	0.01482	0.01557	0.01406	0.01799	0.01702	0.01092	0.03620	0.65240	0.02916	0.03154	0.02905	0.06207	0.01016	0.00731	0.00241	0.00552	0.00846	0.00721	0.01096
37	0.02387	0.01706	0.01824	0.01425	0.01920	0.01856	0.01166	0.52441	0.02909	0.04040	0.01808	0.01881	0.01322	0.00836	0.00663	0.00200	0.00685	0.00636	0.15764	0.04531
38	0.00842	0.00721	0.00721	0.00721	0.00962	0.00601	0.00541	0.01022	0.01623	0.01924	0.07213	0.06853	0.70244	0.01803	0.00842	0.00240	0.00361	0.01503	0.00661	0.00601
39	0.02707	0.01995	0.02137	0.01638	0.02208	0.02208	0.01353	0.68159	0.03348	0.04488	0.01710	0.01710	0.01211	0.00855	0.00712	0.00214	0.00784	0.00641	0.00712	0.01211
40	0.01428	0.03683	0.71286	0.02030	0.03082	0.01654	0.02631	0.02255	0.01503	0.02255	0.01278	0.01503	0.00902	0.00677	0.00677	0.00226	0.01052	0.00526	0.00301	0.01052
41	0.13835	0.01029	0.01079	0.01029	0.01310	0.01078	0.00801	0.01974	0.18163	0.02607	0.19013	0.07541	0.20367	0.01367	0.00762	0.00242	0.00459	0.05898	0.00669	0.00776
42	0.19478	0.01373	0.01601	0.01256	0.01787	0.01350	0.01037	0.13559	0.02072	0.45899	0.02246	0.02039	0.01463	0.00830	0.00657	0.00219	0.00623	0.00634	0.00760	0.01118
43	0.01558	0.01558	0.02181	0.01869	0.01869	0.02181	0.01558	0.01714	0.01091	0.01714	0.00935	0.01558	0.00935	0.01246	0.02337	0.00312	0.73672	0.00623	0.00312	0.00779
44	0.02728	0.01961	0.02116	0.01623	0.02192	0.02159	0.01340	0.65402	0.03292	0.07324	0.01756	0.01740	0.01234	0.00856	0.00712	0.00214	0.00776	0.00644	0.00720	0.01211
45	0.02806	0.01261	0.01619	0.01286	0.01788	0.01182	0.01047	0.06209	0.12350	0.53056	0.07387	0.02626	0.02141	0.00932	0.00726	0.00224	0.00589	0.00766	0.00843	0.01162
46	0.01021	0.00746	0.01039	0.01039	0.01168	0.00829	0.00789	0.01250	0.01203	0.01717	0.02482	0.03356	0.08530	0.11164	0.54337	0.00953	0.01545	0.00854	0.05364	0.00615
47	0.01553	0.01276	0.01489	0.01080	0.01700	0.00990	0.00864	0.01945	0.04549	0.04886	0.01396	0.01565	0.01131	0.00560	0.00543	0.00116	0.00532	0.00450	0.00452	0.72924
48	0.01858	0.61776	0.14057	0.01365	0.02034	0.05141	0.01441	0.02177	0.01476	0.01767	0.01038	0.01203	0.00912	0.00624	0.00497	0.00165	0.00825	0.00406	0.00306	0.00932
49	0.02628	0.01936	0.02081	0.01611	0.02158	0.02139	0.01324	0.65296	0.03263	0.04374	0.01804	0.04813	0.01360	0.00913	0.00721	0.00217	0.00768	0.00700	0.00710	0.01184
50	0.01477	0.01266	0.01477	0.01055	0.01687	0.00949	0.00844	0.01793	0.01477	0.02320	0.01266	0.01477	0.01055	0.00527	0.00527	0.00105	0.00527	0.00422	0.00422	0.79328
51	0.00868	0.00620	0.00826	0.00991	0.01033	0.00578	0.00661	0.00991	0.01363	0.01818	0.03925	0.74510	0.04710	0.02231	0.00909	0.00289	0.00413	0.02024	0.00661	0.00578
52	0.80005	0.01377	0.01047	0.00936	0.01377	0.01597	0.00771	0.02093	0.01212	0.03195	0.00991	0.01157	0.00771	0.00661	0.00441	0.00220	0.00551	0.00386	0.00441	0.00771
53	0.01487	0.01275	0.01481	0.01069	0.01694	0.00980	0.00854	0.01866	0.03978	0.02345	0.01326	0.01520	0.01096	0.00544	0.00535	0.00110	0.00529	0.00436	0.00433	0.76442
54	0.01904	0.75404	0.03731	0.01218	0.01828	0.02818	0.01218	0.02132	0.01447	0.01675	0.00990	0.01142	0.00914	0.00609	0.00457	0.00152	0.00761	0.00381	0.00305	0.00914
55	0.03195	0.01212	0.01652	0.01267	0.01818	0.01047	0.01047	0.03470	0.02038	0.71026	0.02809	0.02424	0.01763	0.00881	0.00716	0.00220	0.00606	0.00716	0.00881	0.01212
56	0.01026	0.00728	0.00967	0.00967	0.01033	0.00794	0.00669	0.01158	0.01092	0.01522	0.02070	0.03697	0.02171	0.38959	0.39069	0.00925	0.01320	0.00895	0.00406	0.00537
57	0.01498	0.01486	0.02156	0.33832	0.03239	0.04144	0.01740	0.01797	0.01269	0.01762	0.01088	0.01702	0.00941	0.00991	0.01555	0.00274	0.38804	0.00622	0.00316	0.00786
58	0.01428	0.03683	0.71286	0.02030	0.03082	0.01654	0.02631	0.02255	0.01503	0.02255	0.01278	0.01503	0.00902	0.00677	0.00677	0.00226	0.01052	0.00526	0.00301	0.01052
59	0.01049	0.00803	0.01219	0.01282	0.04228	0.00924	0.00945	0.01311	0.01165	0.01682	0.01883	0.02753	0.01752	0.05140	0.69104	0.01105	0.01862	0.00757	0.00380	0.00657
60	0.01529	0.03398	0.61459	0.02096	0.03093	0.01643	0.09238	0.02310	0.01544	0.05193	0.01360	0.01585	0.00957	0.00677	0.00695	0.00227	0.01048	0.00566	0.00332	0.01050
61	0.02193	0.01689	0.01803	0.01475	0.01945	0.01870	0.01187	0.40750	0.22145	0.03711	0.02635	0.05546	0.07754	0.01030	0.00736	0.00227	0.00667	0.00824	0.00709	0.01106

[dist]
# distance from previous block
# <min> <max>
46	78

[block]
# block no. 2 follows, 29 sequences, length 65
# corresponding to MSA columns:
# 222-286
name=unknown_C
#
# <colnr> <probs for GDERKNQSTAVLIFYWHMCP>
#	G	D	E	R	K	N	Q	S	T	A	V	L	I	F	Y	W	H	M	C	P
0	0.13357	0.49732	0.06213	0.01417	0.02029	0.02450	0.07949	0.06024	0.01550	0.02149	0.01090	0.01272	0.00927	0.00633	0.00518	0.00178	0.00789	0.00449	0.00354	0.00921
1	0.11721	0.03791	0.07361	0.01511	0.09576	0.01190	0.01126	0.04327	0.01733	0.08873	0.23655	0.11829	0.05984	0.01187	0.00781	0.00230	0.02682	0.01000	0.00604	0.00838
2	0.52528	0.01429	0.05606	0.06383	0.01763	0.01444	0.00999	0.02164	0.01421	0.10705	0.08238	0.01799	0.01507	0.00771	0.00547	0.00222	0.00596	0.00542	0.00507	0.00830
3	0.01672	0.01968	0.11520	0.04856	0.17901	0.01701	0.30346	0.05776	0.03580	0.02379	0.01518	0.04562	0.01235	0.00724	0.00815	0.00229	0.03424	0.00757	0.00392	0.04646
4	0.13225	0.01756	0.04991	0.09374	0.49572	0.04713	0.01942	0.02173	0.01558	0.02384	0.01270	0.01655	0.01044	0.00651	0.00663	0.00214	0.00838	0.00586	0.00361	0.01032
5	0.00896	0.00650	0.00857	0.00994	0.01064	0.00596	0.00670	0.01029	0.01369	0.01841	0.03799	0.71059	0.04537	0.02150	0.00891	0.00281	0.00419	0.01949	0.00650	0.04300
6	0.01228	0.00900	0.01265	0.01453	0.11386	0.00845	0.00945	0.01547	0.01855	0.06275	0.40844	0.08037	0.11875	0.01420	0.00830	0.00236	0.00461	0.07147	0.00696	0.00756
7	0.01098	0.00745	0.00972	0.00912	0.01094	0.00683	0.00685	0.01417	0.01975	0.05950	0.62100	0.08382	0.08323	0.01475	0.00837	0.00227	0.00353	0.01301	0.00779	0.00691
8	0.02500	0.01801	0.01963	0.01537	0.02040	0.01979	0.01252	0.57312	0.03019	0.06306	0.01848	0.04060	0.01432	0.05133	0.04199	0.00285	0.00814	0.00711	0.00686	0.01123
9	0.01008	0.00728	0.00952	0.00896	0.01064	0.00672	0.00672	0.01344	0.02016	0.02855	0.70158	0.05319	0.06719	0.01456	0.00840	0.00224	0.00336	0.01288	0.00784	0.00672
10	0.01480	0.01461	0.02158	0.04928	0.02029	0.01952	0.05656	0.01682	0.01162	0.01756	0.01221	0.05961	0.01222	0.01510	0.06689	0.00357	0.56937	0.00729	0.00340	0.00770
11	0.01558	0.01558	0.02181	0.01869	0.01869	0.02181	0.01558	0.01714	0.01091	0.01714	0.00935	0.01558	0.00935	0.01246	0.02337	0.00312	0.73672	0.00623	0.00312	0.00779
12	0.01036	0.00690	0.00777	0.00777	0.00777	0.00690	0.00431	0.01036	0.01036	0.01381	0.02244	0.04660	0.02589	0.74975	0.03624	0.00690	0.00690	0.01036	0.00431	0.00431
13	0.01477	0.01266	0.01477	0.01055	0.01687	0.00949	0.00844	0.01793	0.01477	0.02320	0.01266	0.01477	0.01055	0.00527	0.00527	0.00105	0.00527	0.00422	0.00422	0.79328
14	0.01104	0.00775	0.01040	0.01178	0.01312	0.00766	0.00956	0.03019	0.01583	0.02115	0.03690	0.29637	0.04104	0.01964	0.00925	0.00303	0.00561	0.39408	0.04913	0.00645
15	0.00862	0.00722	0.00749	0.00743	0.00974	0.00610	0.00557	0.01061	0.01671	0.02037	0.14872	0.06666	0.62515	0.01761	0.00841	0.00238	0.00358	0.01477	0.00676	0.00610
16	0.00897	0.00652	0.00819	0.00939	0.01010	0.00606	0.00636	0.01022	0.01373	0.01792	0.04191	0.53027	0.14027	0.11207	0.01240	0.00334	0.00450	0.04580	0.00632	0.00567
17	0.01393	0.00727	0.00733	0.00710	0.00895	0.00737	0.00538	0.04802	0.01581	0.02741	0.02294	0.02610	0.01796	0.00831	0.00508	0.00168	0.00353	0.00663	0.75232	0.00690
18	0.01477	0.01266	0.01477	0.01055	0.01687	0.00949	0.00844	0.01793	0.01477	0.02320	0.01266	0.01477	0.01055	0.00527	0.00527	0.00105	0.00527	0.00422	0.00422	0.79328
19	0.00970	0.00676	0.00783	0.00826	0.00864	0.00651	0.00503	0.01023	0.01188	0.01556	0.03251	0.22944	0.10949	0.47747	0.02602	0.00535	0.00581	0.01345	0.00517	0.00489
20	0.02570	0.01926	0.02060	0.01611	0.02156	0.02144	0.01320	0.58722	0.13009	0.04266	0.01884	0.01848	0.01352	0.00871	0.00714	0.00218	0.00751	0.00665	0.00714	0.01199
21	0.01467	0.01266	0.01524	0.06217	0.01917	0.00994	0.00925	0.01795	0.01473	0.02284	0.01266	0.01507	0.01047	0.00541	0.00541	0.00115	0.00558	0.00437	0.00414	0.73713
22	0.01466	0.01439	0.02198	0.62428	0.10775	0.06030	0.01959	0.01917	0.01479	0.01861	0.01262	0.01847	0.00964	0.00706	0.00707	0.00232	0.00961	0.00622	0.00323	0.00824
23	0.01454	0.00815	0.01048	0.00940	0.01141	0.00752	0.00685	0.01692	0.01768	0.16176	0.39167	0.04568	0.04661	0.20238	0.01531	0.00343	0.00481	0.01108	0.00713	0.00719
24	0.01036	0.00690	0.00777	0.00777	0.00777	0.00690	0.00431	0.01036	0.01036	0.01381	0.02244	0.04660	0.02589	0.74975	0.03624	0.00690	0.00690	0.01036	0.00431	0.00431
25	0.01003	0.00728	0.00945	0.00890	0.01061	0.00670	0.00668	0.01334	0.02003	0.02826	0.68167	0.05368	0.08728	0.01467	0.00840	0.00224	0.00337	0.01295	0.00780	0.00670
26	0.00874	0.00622	0.00824	0.00983	0.01023	0.00583	0.00652	0.00993	0.01351	0.01801	0.03860	0.71806	0.04627	0.05047	0.01014	0.00305	0.00424	0.01986	0.00652	0.00573
27	0.01477	0.01266	0.01477	0.01055	0.01687	0.00949	0.00844	0.01793	0.01477	0.02320	0.01266	0.01477	0.01055	0.00527	0.00527	0.00105	0.00527	0.00422	0.00422	0.79328
28	0.02707	0.01995	0.02137	0.01638	0.02208	0.02208	0.01353	0.68159	0.03348	0.04488	0.01710	0.01710	0.01211	0.00855	0.00712	0.00214	0.00784	0.00641	0.00712	0.01211
29	0.06422	0.03203	0.54384	0.02194	0.05680	0.01673	0.12072	0.02246	0.01516	0.02321	0.01286	0.01553	0.00929	0.00663	0.00687	0.00227	0.01035	0.00568	0.00320	0.01024
30	0.80005	0.01377	0.01047	0.00936	0.01377	0.01597	0.00771	0.02093	0.01212	0.03195	0.00991	0.01157	0.00771	0.00661	0.00441	0.00220	0.00551	0.00386	0.00441	0.00771
31	0.02477	0.01800	0.01955	0.01548	0.02053	0.01977	0.01259	0.55374	0.06970	0.06227	0.02044	0.09330	0.01647	0.01005	0.00734	0.00223	0.00727	0.00796	0.00713	0.01141
32	0.00967	0.00721	0.00899	0.00866	0.01042	0.00653	0.00645	0.01260	0.01902	0.02613	0.54001	0.09386	0.19282	0.01567	0.00844	0.00231	0.00345	0.01371	0.00753	0.00653
33	0.05214	0.01301	0.01674	0.01300	0.01840	0.01203	0.01070	0.08910	0.06072	0.59522	0.02671	0.02342	0.01713	0.00878	0.00709	0.00221	0.00617	0.00706	0.00846	0.01194
34	0.01444	0.03572	0.67065	0.02091	0.03122	0.01663	0.06740	0.02257	0.01515	0.02257	0.01288	0.01530	0.00913	0.00672	0.00687	0.00226	0.01062	0.00546	0.00304	0.01047
35	0.03151	0.01282	0.01696	0.01300	0.01853	0.01150	0.01074	0.09230	0.02155	0.65102	0.02711	0.02360	0.01714	0.00879	0.00716	0.00220	0.00622	0.00709	0.00866	0.01212
36	0.01562	0.01089	0.01356	0.01183	0.01449	0.01185	0.03412	0.18466	0.01819	0.02667	0.01976	0.02556	0.01669	0.06832	0.26971	0.00570	0.01078	0.00723	0.22648	0.00791
37	0.00868	0.00620	0.00826	0.00991	0.01033	0.00578	0.00661	0.00991	0.01363	0.01818	0.03925	0.74510	0.04710	0.02231	0.00909	0.00289	0.00413	0.02024	0.00661	0.00578
38	0.02601	0.01863	0.02132	0.01632	0.02185	0.02022	0.04904	0.56603	0.03066	0.08447	0.01800	0.01821	0.01275	0.00841	0.00707	0.00213	0.00769	0.00658	0.05297	0.01165
39	0.05693	0.01347	0.01671	0.11896	0.02223	0.01481	0.01219	0.06029	0.24636	0.21126	0.06720	0.02659	0.02061	0.00967	0.00810	0.00238	0.04604	0.02925	0.00672	0.01024
40	0.05823	0.08734	0.41416	0.02340	0.09799	0.01778	0.15783	0.02235	0.01531	0.02272	0.01279	0.01567	0.00955	0.00650	0.00683	0.00221	0.01011	0.00582	0.00326	0.01015
41	0.01647	0.01661	0.02267	0.01913	0.01980	0.04872	0.04631	0.04135	0.01234	0.01839	0.00992	0.01570	0.00951	0.01183	0.02144	0.00300	0.64920	0.00628	0.00330	0.00804
42	0.04894	0.13990	0.53140	0.01913	0.05363	0.01790	0.02255	0.02195	0.01505	0.02234	0.03662	0.01580	0.01113	0.00692	0.00641	0.00214	0.00954	0.00530	0.00326	0.01009
43	0.02059	0.45213	0.02982	0.01439	0.01912	0.23351	0.01269	0.02271	0.01578	0.01697	0.01069	0.01301	0.00963	0.00944	0.04528	0.00226	0.05567	0.00440	0.00328	0.00864
44	0.02742	0.01939	0.02103	0.01612	0.02180	0.02126	0.01332	0.63556	0.03255	0.09222	0.01788	0.01760	0.01250	0.00857	0.00713	0.00214	0.00771	0.00646	0.00724	0.01211
45	0.00871	0.00668	0.00801	0.00895	0.01019	0.00597	0.00629	0.01031	0.01497	0.01912	0.08161	0.44498	0.29168	0.02030	0.00883	0.00269	0.00396	0.03415	0.00667	0.00593
46	0.02675	0.01979	0.02119	0.01632	0.02196	0.02194	0.01346	0.65994	0.05565	0.04437	0.01750	0.01741	0.01243	0.00859	0.00713	0.00215	0.00776	0.00647	0.00713	0.01208
47	0.01581	0.01191	0.01561	0.01216	0.01637	0.01054	0.06679	0.07817	0.01583	0.07429	0.01866	0.06915	0.01763	0.20891	0.01450	0.00306	0.00653	0.00765	0.00495	0.33148
48	0.77151	0.01354	0.01043	0.00935	0.01366	0.01564	0.00768	0.02066	0.01241	0.03183	0.03490	0.01307	0.00986	0.00690	0.00455	0.00220	0.00543	0.00418	0.00453	0.00768
49	0.00868	0.00620	0.00826	0.00991	0.01033	0.00578	0.00661	0.00991	0.01363	0.01818	0.03925	0.74510	0.04710	0.02231	0.00909	0.00289	0.00413	0.02024	0.00661	0.00578
50	0.01477	0.01266	0.01477	0.01055	0.01687	0.00949	0.00844	0.01793	0.01477	0.02320	0.01266	0.01477	0.01055	0.00527	0.00527	0.00105	0.00527	0.00422	0.00422	0.79328
51	0.01694	0.01395	0.01593	0.01158	0.01780	0.01172	0.00934	0.13538	0.01808	0.02704	0.01344	0.01518	0.01082	0.00585	0.00560	0.00125	0.00573	0.00461	0.00473	0.65504
52	0.00863	0.00660	0.00793	0.00891	0.01008	0.00590	0.00618	0.01014	0.01478	0.01890	0.07291	0.47948	0.28292	0.02052	0.00882	0.00270	0.00392	0.01813	0.00665	0.00590
53	0.05440	0.01929	0.02062	0.01596	0.02145	0.02140	0.01316	0.63405	0.03193	0.04341	0.01691	0.01728	0.01215	0.01007	0.03230	0.00247	0.00815	0.00636	0.00691	0.01175
54	0.01781	0.01508	0.01601	0.01426	0.01824	0.01729	0.01112	0.07589	0.60964	0.03064	0.07057	0.02766	0.02400	0.00990	0.00731	0.00239	0.00563	0.00825	0.00728	0.01104
55	0.75411	0.01396	0.01155	0.01138	0.05438	0.01603	0.00854	0.02099	0.01236	0.03144	0.01012	0.01192	0.00792	0.00659	0.00456	0.00220	0.00568	0.00400	0.00435	0.00792
56	0.01359	0.01051	0.01252	0.04457	0.01557	0.01115	0.00927	0.11477	0.14930	0.02570	0.11072	0.33650	0.06228	0.01599	0.00827	0.00258	0.00519	0.03671	0.00679	0.00802
57	0.01502	0.05422	0.01430	0.01118	0.01513	0.01032	0.00888	0.01881	0.06503	0.08395	0.02364	0.13990	0.02324	0.07219	0.00936	0.00238	0.00566	0.10345	0.00551	0.31784
58	0.02477	0.01675	0.01902	0.01477	0.01996	0.01762	0.01208	0.42072	0.02676	0.15062	0.01921	0.05749	0.01460	0.00910	0.00775	0.00210	0.04090	0.00700	0.00682	0.11195
59	0.01792	0.64008	0.07743	0.01263	0.01855	0.02567	0.01277	0.02061	0.01423	0.01710	0.01093	0.01318	0.00993	0.01050	0.07083	0.00248	0.00885	0.00425	0.00311	0.00897
60	0.51455	0.01402	0.01256	0.01098	0.01532	0.01588	0.00888	0.06357	0.14788	0.07553	0.04793	0.01762	0.01417	0.00784	0.00549	0.00224	0.00560	0.00547	0.00557	0.00890
61	0.01732	0.49490	0.28139	0.01511	0.02281	0.02397	0.01729	0.02177	0.01467	0.01885	0.01094	0.01273	0.00910	0.00634	0.00536	0.00179	0.00867	0.00433	0.00303	0.00964
62	0.01868	0.69978	0.08842	0.01280	0.01922	0.02729	0.01325	0.02141	0.01451	0.01719	0.01012	0.01170	0.00913	0.00614	0.00474	0.00158	0.00784	0.00392	0.00304	0.00924
63	0.00958	0.00726	0.00883	0.00844	0.01033	0.00651	0.00633	0.01248	0.01899	0.02578	0.51416	0.05776	0.25633	0.01559	0.00840	0.00229	0.00343	0.01352	0.00747	0.00651
64	0.01533	0.01299	0.01507	0.01081	0.01711	0.01007	0.00867	0.04816	0.01562	0.02419	0.01286	0.01487	0.01062	0.00542	0.00536	0.00110	0.00539	0.00432	0.00435	0.75770

[dist]
# distance from previous block
# <min> <max>
0	1

[block]
# block no. 3 follows, 29 sequences, length 38
# corresponding to MSA columns:
# 288-325
name=unknown_D
#
# <colnr> <probs for GDERKNQSTAVLIFYWHMCP>
#	G	D	E	R	K	N	Q	S	T	A	V	L	I	F	Y	W	H	M	C	P
0	0.75116	0.01367	0.01085	0.00957	0.01405	0.01562	0.00789	0.02181	0.01264	0.07512	0.01107	0.01237	0.00834	0.00675	0.00458	0.00220	0.00554	0.00407	0.00469	0.00799
1	0.03058	0.01181	0.01609	0.01244	0.01770	0.01023	0.01023	0.03337	0.02037	0.66755	0.07029	0.02605	0.02073	0.00917	0.00724	0.00221	0.00589	0.00752	0.00875	0.01178
2	0.01798	0.01358	0.01480	0.01319	0.01702	0.01491	0.01027	0.06279	0.46058	0.10283	0.03427	0.07809	0.10575	0.01137	0.00749	0.00241	0.00544	0.00953	0.00729	0.01040
3	0.00868	0.00620	0.00826	0.00991	0.01033	0.00578	0.00661	0.00991	0.01363	0.01818	0.03925	0.74510	0.04710	0.02231	0.00909	0.00289	0.00413	0.02024	0.00661	0.00578
4	0.01771	0.01530	0.01610	0.01449	0.01852	0.01771	0.01127	0.03784	0.69247	0.02979	0.02898	0.02657	0.02174	0.00966	0.00725	0.00242	0.00564	0.00805	0.00725	0.01127
5	0.03195	0.01212	0.01652	0.01267	0.01818	0.01047	0.01047	0.03470	0.02038	0.71026	0.02809	0.02424	0.01763	0.00881	0.00716	0.00220	0.00606	0.00716	0.00881	0.01212
6	0.01637	0.01738	0.02788	0.02212	0.02444	0.04733	0.21695	0.01929	0.01305	0.01887	0.01095	0.01658	0.00978	0.01031	0.01818	0.00285	0.48922	0.00683	0.00328	0.00836
7	0.01016	0.00682	0.00782	0.00801	0.00806	0.00678	0.00458	0.01031	0.01073	0.01430	0.02435	0.12604	0.02830	0.66702	0.03315	0.00645	0.00659	0.01148	0.00458	0.00448
8	0.00866	0.00627	0.00819	0.00973	0.01028	0.00580	0.00653	0.00994	0.01381	0.01825	0.04155	0.69770	0.09301	0.02201	0.00904	0.00286	0.00409	0.01988	0.00661	0.00580
9	0.01042	0.00800	0.01193	0.01178	0.01299	0.00950	0.00921	0.01292	0.01142	0.01656	0.01862	0.02740	0.01741	0.05149	0.68896	0.01106	0.05255	0.00756	0.00378	0.00642
10	0.01547	0.01566	0.02392	0.01980	0.02080	0.02069	0.10102	0.01765	0.01169	0.01784	0.01047	0.01665	0.00995	0.01362	0.05543	0.00343	0.60815	0.00658	0.00321	0.00795
11	0.00882	0.00626	0.00822	0.00973	0.01011	0.00588	0.00641	0.00995	0.01335	0.01780	0.03779	0.68456	0.04526	0.08536	0.01144	0.00324	0.00437	0.01939	0.00641	0.00566
12	0.03046	0.01245	0.01648	0.01286	0.01821	0.01122	0.01055	0.03503	0.09080	0.63896	0.02819	0.02448	0.01806	0.00890	0.00717	0.00223	0.00601	0.00725	0.00865	0.01203
13	0.02469	0.01181	0.01495	0.01242	0.01671	0.01116	0.00987	0.08493	0.09050	0.42316	0.03136	0.15710	0.05539	0.01177	0.00758	0.00235	0.00570	0.00994	0.00800	0.01059
14	0.01762	0.01692	0.02890	0.04371	0.70533	0.01692	0.02185	0.02185	0.01621	0.02326	0.01339	0.01762	0.01128	0.00634	0.00705	0.00211	0.00846	0.00634	0.00352	0.01128
15	0.01136	0.00811	0.01134	0.01298	0.01457	0.00810	0.01128	0.01456	0.01628	0.02118	0.03776	0.10747	0.04123	0.01978	0.00980	0.00326	0.00646	0.63138	0.00656	0.00653
16	0.01829	0.64076	0.14401	0.01347	0.02026	0.02634	0.01441	0.02152	0.01456	0.01767	0.01035	0.01199	0.00912	0.00620	0.00492	0.00164	0.00807	0.00404	0.00304	0.00936
17	0.00868	0.00620	0.00826	0.00991	0.01033	0.00578	0.00661	0.00991	0.01363	0.01818	0.03925	0.74510	0.04710	0.02231	0.00909	0.00289	0.00413	0.02024	0.00661	0.00578
18	0.01762	0.01692	0.02890	0.04371	0.70533	0.01692	0.02185	0.02185	0.01621	0.02326	0.01339	0.01762	0.01128	0.00634	0.00705	0.00211	0.00846	0.00634	0.00352	0.01128
19	0.01010	0.00720	0.00982	0.01141	0.01241	0.00700	0.00892	0.01230	0.01488	0.01957	0.03794	0.39664	0.04341	0.04472	0.01034	0.00321	0.00541	0.33209	0.00651	0.00611
20	0.01428	0.03683	0.71286	0.02030	0.03082	0.01654	0.02631	0.02255	0.01503	0.02255	0.01278	0.01503	0.00902	0.00677	0.00677	0.00226	0.01052	0.00526	0.00301	0.01052
21	0.00842	0.00721	0.00721	0.00721	0.00962	0.00601	0.00541	0.01022	0.01623	0.01924	0.07213	0.06853	0.70244	0.01803	0.00842	0.00240	0.00361	0.01503	0.00661	0.00601
22	0.01035	0.00693	0.00791	0.00791	0.00796	0.00698	0.00449	0.01045	0.01040	0.01391	0.02230	0.04587	0.02557	0.72251	0.06305	0.00708	0.00738	0.01025	0.00430	0.00439
23	0.02707	0.01995	0.02137	0.01638	0.02208	0.02208	0.01353	0.68159	0.03348	0.04488	0.01710	0.01710	0.01211	0.00855	0.00712	0.00214	0.00784	0.00641	0.00712	0.01211
24	0.00887	0.00632	0.00816	0.00955	0.00999	0.00593	0.00629	0.00998	0.01334	0.01770	0.03855	0.63423	0.07078	0.10940	0.01232	0.00335	0.00444	0.01885	0.00633	0.00562
25	0.80005	0.01377	0.01047	0.00936	0.01377	0.01597	0.00771	0.02093	0.01212	0.03195	0.00991	0.01157	0.00771	0.00661	0.00441	0.00220	0.00551	0.00386	0.00441	0.00771
26	0.08615	0.66039	0.03430	0.01220	0.01805	0.05632	0.01187	0.02159	0.01451	0.01808	0.00995	0.01149	0.00902	0.00619	0.00463	0.00159	0.00765	0.00384	0.00319	0.00898
27	0.00998	0.00753	0.01017	0.01083	0.01199	0.00723	0.02850	0.02993	0.03764	0.02054	0.09598	0.54859	0.07980	0.01997	0.00890	0.00278	0.00457	0.05204	0.00665	0.00639
28	0.02707	0.01995	0.02137	0.01638	0.02208	0.02208	0.01353	0.68159	0.03348	0.04488	0.01710	0.01710	0.01211	0.00855	0.00712	0.00214	0.00784	0.00641	0.00712	0.01211
29	0.01719	0.01647	0.02812	0.11544	0.63700	0.01680	0.02164	0.02147	0.01601	0.02274	0.01332	0.01777	0.01109	0.00643	0.00706	0.00214	0.00857	0.00634	0.00349	0.01093
30	0.02030	0.01884	0.01728	0.01518	0.01934	0.13523	0.01183	0.13281	0.45822	0.02966	0.02562	0.02424	0.04077	0.00938	0.00713	0.00228	0.00710	0.00746	0.00661	0.01072
31	0.00994	0.00727	0.00933	0.00881	0.01055	0.00666	0.00661	0.01317	0.01983	0.02779	0.64980	0.05445	0.11944	0.01484	0.00840	0.00225	0.00338	0.01305	0.00774	0.00666
32	0.80005	0.01377	0.01047	0.00936	0.01377	0.01597	0.00771	0.02093	0.01212	0.03195	0.00991	0.01157	0.00771	0.00661	0.00441	0.00220	0.00551	0.00386	0.00441	0.00771
33	0.01742	0.01671	0.02854	0.07725	0.67338	0.01687	0.02175	0.02168	0.01612	0.02302	0.01336	0.01769	0.01119	0.00638	0.00705	0.00213	0.00851	0.00634	0.00351	0.01112
34	0.00893	0.00696	0.00817	0.00882	0.01041	0.00619	0.00647	0.01083	0.01575	0.01997	0.11988	0.29850	0.35938	0.01929	0.00877	0.00263	0.00402	0.07227	0.00673	0.00605
35	0.00910	0.00658	0.00870	0.01025	0.01098	0.00618	0.00730	0.01070	0.01423	0.01874	0.04106	0.59755	0.08719	0.02162	0.00916	0.00292	0.00448	0.12071	0.00660	0.00592
36	0.01745	0.01500	0.01591	0.01443	0.01836	0.01732	0.01128	0.03688	0.66443	0.02944	0.02934	0.02880	0.02253	0.01008	0.00735	0.00245	0.00567	0.03498	0.00722	0.01108
37	0.01904	0.75404	0.03731	0.01218	0.01828	0.02818	0.01218	0.02132	0.01447	0.01675	0.00990	0.01142	0.00914	0.00609	0.00457	0.00152	0.00761	0.00381	0.00305	0.00914

[dist]
# distance from previous block
# <min> <max>
0	1

[block]
# block no. 4 follows, 29 sequences, length 50
# corresponding to MSA columns:
# 327-376
name=unknown_E
#
# <colnr> <probs for GDERKNQSTAVLIFYWHMCP>
#	G	D	E	R	K	N	Q	S	T	A	V	L	I	F	Y	W	H	M	C	P
0	0.01147	0.00820	0.01147	0.01311	0.01475	0.00820	0.01147	0.01475	0.01639	0.02131	0.03770	0.08032	0.04098	0.01967	0.00984	0.00328	0.00656	0.65741	0.00656	0.00656
1	0.02707	0.01995	0.02137	0.01638	0.02208	0.02208	0.01353	0.68159	0.03348	0.04488	0.01710	0.01710	0.01211	0.00855	0.00712	0.00214	0.00784	0.00641	0.00712	0.01211
2	0.02707	0.01995	0.02137	0.01638	0.02208	0.02208	0.01353	0.68159	0.03348	0.04488	0.01710	0.01710	0.01211	0.00855	0.00712	0.00214	0.00784	0.00641	0.00712	0.01211
3	0.00879	0.00628	0.00836	0.00984	0.01035	0.00586	0.00662	0.01019	0.01415	0.01900	0.09148	0.69054	0.04868	0.02170	0.00903	0.00284	0.00407	0.01966	0.00671	0.00586
4	0.01017	0.00763	0.01144	0.01144	0.01272	0.00890	0.00890	0.01272	0.01144	0.01653	0.01907	0.02797	0.01780	0.05340	0.72153	0.01144	0.01907	0.00763	0.00381	0.00636
5	0.01904	0.75404	0.03731	0.01218	0.01828	0.02818	0.01218	0.02132	0.01447	0.01675	0.00990	0.01142	0.00914	0.00609	0.00457	0.00152	0.00761	0.00381	0.00305	0.00914
6	0.01001	0.00728	0.00942	0.00889	0.01060	0.00669	0.00666	0.01330	0.01999	0.02817	0.67565	0.05382	0.09335	0.01470	0.00840	0.00225	0.00337	0.01297	0.00779	0.00669
7	0.76976	0.01371	0.01070	0.00949	0.01394	0.01576	0.00782	0.02147	0.01244	0.05869	0.01063	0.01207	0.00810	0.00670	0.00452	0.00220	0.00553	0.00399	0.00458	0.00789
8	0.01345	0.01266	0.02136	0.73264	0.04904	0.01582	0.01978	0.01819	0.01424	0.01819	0.01266	0.01898	0.00949	0.00712	0.00712	0.00237	0.00949	0.00633	0.00316	0.00791
9	0.01345	0.01266	0.02136	0.73264	0.04904	0.01582	0.01978	0.01819	0.01424	0.01819	0.01266	0.01898	0.00949	0.00712	0.00712	0.00237	0.00949	0.00633	0.00316	0.00791
10	0.01747	0.01676	0.02862	0.06932	0.68093	0.01688	0.02178	0.02172	0.01614	0.02307	0.01337	0.01767	0.01121	0.00637	0.00705	0.00212	0.00850	0.00634	0.00351	0.01115
11	0.01402	0.01318	0.02189	0.63721	0.11213	0.01600	0.01965	0.01932	0.04083	0.01914	0.01336	0.01915	0.01014	0.00714	0.00712	0.00235	0.00924	0.00640	0.00336	0.00837
12	0.02461	0.01865	0.02001	0.01568	0.02111	0.02051	0.01281	0.52395	0.15189	0.04081	0.01898	0.01867	0.01376	0.00855	0.00703	0.00212	0.00728	0.00657	0.00697	0.06003
13	0.03059	0.01182	0.01609	0.01244	0.01771	0.01023	0.01023	0.03338	0.02037	0.66781	0.07004	0.02604	0.02071	0.00917	0.00724	0.00221	0.00589	0.00752	0.00875	0.01178
14	0.76976	0.01371	0.01070	0.00949	0.01394	0.01576	0.00782	0.02147	0.01244	0.05869	0.01063	0.01207	0.00810	0.00670	0.00452	0.00220	0.00553	0.00399	0.00458	0.00789
15	0.00868	0.00620	0.00826	0.00991	0.01033	0.00578	0.00661	0.00991	0.01363	0.01818	0.03925	0.74510	0.04710	0.02231	0.00909	0.00289	0.00413	0.02024	0.00661	0.00578
16	0.00868	0.00620	0.00826	0.00991	0.01033	0.00578	0.00661	0.00991	0.01363	0.01818	0.03925	0.74510	0.04710	0.02231	0.00909	0.00289	0.00413	0.02024	0.00661	0.00578
