[name]
unknown

[dist]
# distance from previous block
# <min> <max>
0	81

[block]
# block no. 0 follows, 23 sequences, length 36
# corresponding to MSA columns:
# 81-104,107-118
name=unknown_A
#
# <colnr> <probs for GDERKNQSTAVLIFYWHMCP>
#	G	D	E	R	K	N	Q	S	T	A	V	L	I	F	Y	W	H	M	C	P
0	0.01984	0.02167	0.14970	0.14201	0.08574	0.04838	0.04953	0.08956	0.05681	0.07583	0.02339	0.03557	0.02022	0.01137	0.00872	0.00280	0.00982	0.13256	0.00569	0.01080
1	0.05593	0.16526	0.08261	0.02117	0.11575	0.05315	0.06836	0.02596	0.07340	0.08850	0.06106	0.02964	0.10562	0.01018	0.00770	0.00239	0.00847	0.00850	0.00562	0.01073
2	0.14069	0.08971	0.07854	0.01554	0.02171	0.04565	0.01379	0.21925	0.06013	0.06921	0.02277	0.04759	0.05722	0.00994	0.00729	0.00234	0.00800	0.00753	0.00637	0.07672
3	0.02185	0.15531	0.28539	0.05271	0.05022	0.09334	0.02074	0.02825	0.04345	0.11993	0.04220	0.02019	0.01504	0.00847	0.00741	0.00236	0.01026	0.00650	0.00493	0.01144
4	0.07034	0.04849	0.12540	0.05262	0.02495	0.01645	0.03779	0.05779	0.12367	0.11393	0.02101	0.04719	0.01627	0.00885	0.00736	0.00224	0.00792	0.00725	0.00599	0.20449
5	0.02981	0.03692	0.02357	0.02229	0.05801	0.61694	0.01614	0.06070	0.02348	0.02169	0.01301	0.01514	0.01073	0.00837	0.00739	0.00212	0.01411	0.00543	0.00436	0.00979
6	0.01409	0.00705	0.01057	0.01057	0.01057	0.00705	0.00705	0.01057	0.01057	0.01409	0.01409	0.02467	0.01409	0.02819	0.03171	0.76392	0.00705	0.00705	0.00352	0.00352
7	0.02975	0.02214	0.02435	0.06663	0.02734	0.02466	0.01593	0.59347	0.03660	0.04898	0.01912	0.01963	0.01359	0.00963	0.00812	0.00245	0.00906	0.00730	0.00780	0.01346
8	0.01627	0.04197	0.67279	0.02313	0.03512	0.01884	0.02998	0.02570	0.01713	0.02570	0.01456	0.01713	0.01028	0.00771	0.00771	0.00257	0.01199	0.00600	0.00343	0.01199
9	0.02158	0.02047	0.11919	0.17771	0.21832	0.01808	0.02094	0.05242	0.10707	0.13269	0.02036	0.02263	0.01491	0.00858	0.00806	0.00256	0.00932	0.00747	0.00558	0.01207
10	0.01148	0.00829	0.01085	0.01021	0.01212	0.00766	0.00766	0.01531	0.02297	0.03254	0.65994	0.06061	0.07656	0.01659	0.00957	0.00255	0.00383	0.01467	0.00893	0.00766
11	0.01654	0.04036	0.62744	0.02502	0.07971	0.01888	0.02962	0.02564	0.01723	0.02575	0.01461	0.01734	0.01046	0.00768	0.00773	0.00256	0.01183	0.00608	0.00347	0.01205
12	0.02169	0.71972	0.04252	0.01388	0.02083	0.03211	0.01388	0.02430	0.01649	0.01909	0.01128	0.01302	0.01041	0.00694	0.00521	0.00174	0.00868	0.00434	0.00347	0.01041
13	0.00989	0.00706	0.00942	0.01130	0.01177	0.00659	0.00753	0.01130	0.01554	0.02071	0.04472	0.70954	0.05367	0.02542	0.01036	0.00330	0.00471	0.02307	0.00753	0.00659
14	0.01136	0.00829	0.01067	0.01008	0.01205	0.00760	0.00756	0.01507	0.02267	0.03184	0.62182	0.06177	0.11512	0.01685	0.00957	0.00256	0.00385	0.01484	0.00884	0.00760
15	0.02545	0.25395	0.09315	0.01572	0.02240	0.02181	0.01474	0.08996	0.12206	0.20372	0.04420	0.02247	0.01798	0.00912	0.00719	0.00229	0.00802	0.00697	0.00667	0.01212
16	0.09092	0.01521	0.01909	0.01475	0.02097	0.01427	0.01219	0.12297	0.02463	0.53464	0.02868	0.02538	0.01835	0.00981	0.00792	0.00250	0.00714	0.00776	0.00939	0.01343
17	0.77215	0.01569	0.01193	0.01067	0.01569	0.01820	0.00879	0.02385	0.01381	0.03641	0.01130	0.01318	0.00879	0.00753	0.00502	0.00251	0.00628	0.00439	0.00502	0.00879
18	0.02066	0.50725	0.20900	0.01667	0.02483	0.05956	0.01824	0.02506	0.01697	0.02088	0.01221	0.01419	0.01038	0.00721	0.00597	0.00197	0.00984	0.00482	0.00349	0.01078
19	0.01396	0.01141	0.01252	0.01171	0.01466	0.01178	0.00882	0.02362	0.23826	0.02866	0.22492	0.05477	0.22975	0.06533	0.01137	0.00305	0.00510	0.01329	0.00800	0.00902
20	0.02361	0.23924	0.10957	0.01892	0.02553	0.16402	0.06659	0.06557	0.13047	0.05578	0.01762	0.01867	0.01372	0.00835	0.00716	0.00225	0.01029	0.00635	0.00508	0.01122
21	0.22614	0.01970	0.10982	0.01704	0.05513	0.01668	0.01475	0.11175	0.02162	0.29777	0.02159	0.02088	0.01453	0.00887	0.00726	0.00250	0.00786	0.00670	0.00723	0.01218
22	0.03641	0.01381	0.01883	0.01444	0.02071	0.01193	0.01193	0.03954	0.02322	0.66984	0.03201	0.02762	0.02009	0.01004	0.00816	0.00251	0.00690	0.00816	0.01004	0.01381
23	0.00959	0.00822	0.00822	0.00822	0.01096	0.00685	0.00617	0.01165	0.01850	0.02192	0.08220	0.07809	0.66092	0.02055	0.00959	0.00274	0.00411	0.01713	0.00754	0.00685
24	0.03117	0.02222	0.02403	0.01843	0.02491	0.02440	0.01522	0.60280	0.03729	0.08671	0.02020	0.01995	0.01416	0.00976	0.00812	0.00244	0.00881	0.00735	0.00823	0.01380
25	0.01070	0.00756	0.00937	0.01025	0.01083	0.00729	0.00664	0.01183	0.01459	0.01941	0.06443	0.36967	0.08732	0.27206	0.05592	0.00536	0.00663	0.01755	0.00649	0.00609
26	0.00989	0.00706	0.00942	0.01130	0.01177	0.00659	0.00753	0.01130	0.01554	0.02071	0.04472	0.70954	0.05367	0.02542	0.01036	0.00330	0.00471	0.02307	0.00753	0.00659
27	0.01662	0.06680	0.61844	0.02331	0.03493	0.01943	0.05874	0.02566	0.01720	0.02546	0.01453	0.01721	0.01038	0.00764	0.00770	0.00255	0.01195	0.00611	0.00346	0.01188
28	0.02541	0.02417	0.09013	0.02177	0.09254	0.07554	0.01710	0.31855	0.13237	0.03879	0.01985	0.02051	0.01476	0.00910	0.00787	0.00238	0.00916	0.00713	0.00667	0.06621
29	0.01130	0.00844	0.01106	0.01195	0.01305	0.00841	0.00863	0.01451	0.04763	0.02439	0.18982	0.44861	0.05557	0.02196	0.01077	0.00313	0.03186	0.06386	0.00774	0.00730
30	0.01185	0.01093	0.05438	0.01098	0.01384	0.00883	0.00909	0.01662	0.05132	0.03014	0.47832	0.05962	0.18044	0.01649	0.00939	0.00260	0.00454	0.01431	0.00827	0.00803
31	0.02615	0.01970	0.02321	0.01853	0.02427	0.02150	0.06033	0.34671	0.21068	0.08411	0.02535	0.06032	0.01941	0.01075	0.00839	0.00260	0.00820	0.00892	0.00795	0.01292
32	0.02320	0.10456	0.03010	0.07038	0.27704	0.19821	0.04862	0.05691	0.06747	0.02524	0.01561	0.01873	0.01272	0.00793	0.00762	0.00231	0.01085	0.00662	0.00449	0.01139
33	0.01137	0.00814	0.01037	0.01165	0.01250	0.00788	0.00791	0.05262	0.01683	0.02245	0.04203	0.62880	0.04974	0.06136	0.01187	0.00348	0.00516	0.02142	0.00743	0.00698
34	0.01918	0.03393	0.35602	0.02524	0.03470	0.11542	0.19964	0.02641	0.01854	0.02498	0.01479	0.01811	0.01100	0.00744	0.00807	0.00246	0.01246	0.00683	0.00382	0.06096
35	0.05048	0.02036	0.01955	0.01771	0.05151	0.12321	0.01328	0.19856	0.15790	0.03319	0.02687	0.02994	0.07174	0.03647	0.03128	0.00297	0.00894	0.03194	0.00666	0.06744

[dist]
# distance from previous block
# <min> <max>
2	17

[block]
# block no. 1 follows, 23 sequences, length 43
# corresponding to MSA columns:
# 136-178
name=unknown_B
#
# <colnr> <probs for GDERKNQSTAVLIFYWHMCP>
#	G	D	E	R	K	N	Q	S	T	A	V	L	I	F	Y	W	H	M	C	P
0	0.02439	0.14606	0.16325	0.01965	0.02696	0.10509	0.06362	0.16929	0.10099	0.07597	0.01851	0.01936	0.01375	0.00863	0.00756	0.00237	0.01014	0.00673	0.00571	0.01197
1	0.04947	0.07472	0.06745	0.01422	0.01837	0.01603	0.01198	0.16580	0.02132	0.06200	0.07221	0.14872	0.02760	0.13279	0.01448	0.00346	0.03391	0.01084	0.00642	0.04821
2	0.15087	0.17324	0.02673	0.01707	0.02238	0.08828	0.12939	0.02262	0.01783	0.02580	0.08619	0.09850	0.02260	0.01020	0.00734	0.00231	0.00863	0.00869	0.00510	0.07622
3	0.06967	0.01035	0.01423	0.01532	0.06298	0.00967	0.03956	0.01523	0.01598	0.02337	0.03447	0.47705	0.03951	0.01915	0.00914	0.00285	0.00581	0.01731	0.00654	0.11182
4	0.01874	0.07396	0.06627	0.08432	0.08610	0.02000	0.40124	0.02475	0.01833	0.02512	0.01549	0.02033	0.01198	0.00693	0.00855	0.00246	0.01188	0.00816	0.00406	0.09133
5	0.00989	0.00706	0.00942	0.01130	0.01177	0.00659	0.00753	0.01130	0.01554	0.02071	0.04472	0.70954	0.05367	0.02542	0.01036	0.00330	0.00471	0.02307	0.00753	0.00659
6	0.03347	0.01637	0.02021	0.01554	0.02186	0.01574	0.01280	0.19944	0.04988	0.45229	0.02792	0.02506	0.01822	0.00982	0.00806	0.00244	0.00739	0.00782	0.00923	0.04645
7	0.02939	0.01897	0.02129	0.01698	0.02290	0.02037	0.01381	0.32042	0.20036	0.20732	0.02642	0.02453	0.01841	0.01016	0.00817	0.00254	0.00772	0.00804	0.00866	0.01354
8	0.03320	0.01303	0.01773	0.01399	0.01962	0.01132	0.01139	0.03624	0.02263	0.58993	0.06336	0.08076	0.02536	0.01152	0.00839	0.00257	0.00659	0.00960	0.00980	0.01297
9	0.01003	0.00712	0.00937	0.01111	0.01155	0.00669	0.00733	0.01134	0.01525	0.02034	0.04327	0.65981	0.05184	0.07764	0.01270	0.00364	0.00495	0.02221	0.00733	0.00646
10	0.02077	0.04425	0.01796	0.01521	0.01897	0.06713	0.01167	0.14662	0.22497	0.06324	0.03021	0.19251	0.02811	0.06705	0.01104	0.00311	0.00734	0.01184	0.00740	0.01061
11	0.01927	0.32909	0.23206	0.01959	0.02760	0.05986	0.10098	0.02440	0.01732	0.02219	0.01557	0.06830	0.01390	0.00864	0.00706	0.00226	0.01038	0.00701	0.00389	0.01062
12	0.00989	0.00706	0.00942	0.01130	0.01177	0.00659	0.00753	0.01130	0.01554	0.02071	0.04472	0.70954	0.05367	0.02542	0.01036	0.00330	0.00471	0.02307	0.00753	0.00659
13	0.03413	0.01746	0.02109	0.01617	0.02254	0.01735	0.01336	0.28421	0.02934	0.41654	0.02688	0.02429	0.01751	0.00992	0.00814	0.00248	0.00773	0.00781	0.00925	0.01381
14	0.02300	0.19043	0.05696	0.11324	0.23812	0.10732	0.01937	0.05322	0.01953	0.08292	0.01553	0.01842	0.01230	0.00780	0.00727	0.00226	0.01001	0.00631	0.00456	0.01143
15	0.01048	0.00787	0.01058	0.01206	0.01249	0.00797	0.00831	0.01192	0.01530	0.02062	0.04214	0.65713	0.05041	0.02457	0.01159	0.00331	0.05737	0.02186	0.00723	0.00676
16	0.01188	0.00912	0.01360	0.01343	0.01481	0.01084	0.01050	0.01473	0.01301	0.01887	0.02121	0.03121	0.01983	0.05865	0.65172	0.01259	0.05374	0.00862	0.00431	0.00732
17	0.03085	0.02273	0.02435	0.01867	0.02516	0.02516	0.01542	0.63716	0.03815	0.05114	0.01948	0.01948	0.01380	0.00974	0.00812	0.00244	0.00893	0.00731	0.00812	0.01380
18	0.02558	0.01970	0.02103	0.01715	0.02247	0.02207	0.01370	0.37703	0.25513	0.04230	0.02479	0.02589	0.01892	0.06361	0.01068	0.00296	0.00795	0.00832	0.00792	0.01278
19	0.01976	0.02170	0.05554	0.03806	0.34260	0.08063	0.20549	0.02485	0.01906	0.02532	0.02093	0.02487	0.06656	0.00835	0.00855	0.00251	0.01093	0.00853	0.00433	0.01143
20	0.70689	0.01587	0.01304	0.01159	0.01618	0.01878	0.00956	0.02348	0.01369	0.03495	0.01124	0.01358	0.00895	0.00811	0.00689	0.00260	0.06628	0.00463	0.00489	0.00880
21	0.01069	0.00743	0.00934	0.01043	0.01076	0.00722	0.00664	0.01162	0.01401	0.01874	0.03648	0.43161	0.04310	0.29022	0.04911	0.00543	0.00660	0.01819	0.00641	0.00598
22	0.03085	0.02273	0.02435	0.01867	0.02516	0.02516	0.01542	0.63716	0.03815	0.05114	0.01948	0.01948	0.01380	0.00974	0.00812	0.00244	0.00893	0.00731	0.00812	0.01380
23	0.00989	0.00706	0.00942	0.01130	0.01177	0.00659	0.00753	0.01130	0.01554	0.02071	0.04472	0.70954	0.05367	0.02542	0.01036	0.00330	0.00471	0.02307	0.00753	0.00659
24	0.01917	0.01852	0.03227	0.09421	0.54181	0.01867	0.06914	0.02402	0.01822	0.02577	0.01671	0.05370	0.01464	0.00815	0.00827	0.00250	0.00979	0.00817	0.00416	0.01213
25	0.03346	0.01854	0.02176	0.01668	0.02307	0.01894	0.01378	0.35628	0.03114	0.34193	0.02537	0.02331	0.01675	0.00988	0.00814	0.00247	0.00798	0.00771	0.00902	0.01380
26	0.02169	0.71972	0.04252	0.01388	0.02083	0.03211	0.01388	0.02430	0.01649	0.01909	0.01128	0.01302	0.01041	0.00694	0.00521	0.00174	0.00868	0.00434	0.00347	0.01041
27	0.01847	0.14865	0.22683	0.02481	0.03227	0.02291	0.22448	0.02432	0.01674	0.02341	0.01382	0.01811	0.01105	0.00859	0.01168	0.00268	0.14966	0.00711	0.00368	0.01075
28	0.01527	0.01004	0.01221	0.01236	0.01443	0.01002	0.00884	0.02103	0.14065	0.10209	0.04135	0.41117	0.07320	0.07270	0.01198	0.00341	0.00552	0.01737	0.00778	0.00858
29	0.01549	0.01351	0.02374	0.32309	0.03764	0.01465	0.13112	0.01974	0.01676	0.05477	0.02442	0.21112	0.02402	0.04101	0.01033	0.00307	0.00936	0.01221	0.00515	0.00879
30	0.02832	0.02015	0.02191	0.01741	0.02333	0.02209	0.01418	0.42248	0.17278	0.10935	0.02588	0.02468	0.03849	0.01042	0.00820	0.00252	0.00800	0.00814	0.00833	0.01335
31	0.01591	0.01471	0.02463	0.58300	0.12961	0.01770	0.02205	0.02117	0.01654	0.02189	0.01508	0.02184	0.01153	0.00806	0.00799	0.00263	0.01034	0.00723	0.03865	0.00943
32	0.03476	0.01644	0.02046	0.01569	0.02203	0.01583	0.01296	0.21592	0.02763	0.48724	0.02831	0.02522	0.01823	0.00995	0.00815	0.00249	0.00750	0.00791	0.00947	0.01381
33	0.02350	0.01715	0.01846	0.01492	0.01917	0.01856	0.01155	0.40128	0.02872	0.03825	0.02606	0.03405	0.06745	0.22320	0.01824	0.00410	0.00824	0.00940	0.00711	0.01060
34	0.01390	0.00948	0.01320	0.01301	0.01501	0.00902	0.04236	0.01769	0.06532	0.08622	0.10929	0.46168	0.07019	0.02070	0.00983	0.00305	0.00542	0.01872	0.00780	0.00812
35	0.00980	0.00770	0.00886	0.00969	0.01137	0.00676	0.00684	0.01163	0.01732	0.02178	0.08722	0.36438	0.36266	0.02261	0.00994	0.00299	0.00437	0.01973	0.00759	0.00676
36	0.02023	0.02011	0.03314	0.08232	0.55463	0.04998	0.07045	0.02511	0.01861	0.02585	0.01518	0.02005	0.01259	0.00730	0.00812	0.00244	0.01024	0.00731	0.00401	0.01234
37	0.01800	0.05864	0.07195	0.05770	0.03612	0.02030	0.41108	0.02356	0.01761	0.02409	0.01767	0.08011	0.01541	0.00949	0.01142	0.00282	0.09969	0.00986	0.00424	0.01024
38	0.01705	0.01583	0.02861	0.29050	0.03959	0.01755	0.19301	0.02173	0.01688	0.05730	0.01991	0.12191	0.01798	0.01111	0.01107	0.00289	0.09274	0.01023	0.00466	0.00945
39	0.06544	0.01655	0.02485	0.01904	0.02460	0.01661	0.13459	0.10467	0.02255	0.31088	0.07663	0.02645	0.02091	0.01026	0.01043	0.00266	0.08478	0.00857	0.00758	0.01193
40	0.01674	0.06883	0.10006	0.07552	0.02367	0.01626	0.04663	0.06521	0.01766	0.05878	0.02650	0.28010	0.02770	0.01565	0.01172	0.00295	0.11800	0.01301	0.00576	0.00926
41	0.02503	0.16848	0.02845	0.05281	0.02551	0.10903	0.04459	0.26910	0.02595	0.03314	0.04829	0.01964	0.01530	0.00962	0.00968	0.00241	0.08906	0.00688	0.00574	0.01127
42	0.05988	0.01601	0.01766	0.08896	0.02234	0.03947	0.01235	0.23203	0.02440	0.08170	0.03110	0.03371	0.12976	0.06489	0.01118	0.00292	0.03401	0.00923	0.07823	0.01019

[dist]
# distance from previous block
# <min> <max>
24	47

[block]
# block no. 2 follows, 23 sequences, length 7
# corresponding to MSA columns:
# 229-235
name=unknown_C
#
# <colnr> <probs for GDERKNQSTAVLIFYWHMCP>
#	G	D	E	R	K	N	Q	S	T	A	V	L	I	F	Y	W	H	M	C	P
0	0.13686	0.01691	0.02064	0.01621	0.02191	0.01720	0.08665	0.17086	0.09839	0.03477	0.02020	0.05488	0.01637	0.00911	0.00725	0.00224	0.00747	0.00760	0.07176	0.18274
1	0.07949	0.18890	0.02408	0.01469	0.02016	0.07466	0.03998	0.09050	0.08521	0.07152	0.02601	0.02638	0.09260	0.00976	0.00702	0.00219	0.00778	0.00753	0.05554	0.07602
2	0.02067	0.44228	0.06764	0.01802	0.05683	0.06895	0.05681	0.04665	0.01783	0.02167	0.01569	0.07582	0.01493	0.01081	0.03181	0.00249	0.00977	0.00689	0.00415	0.01027
3	0.07888	0.02519	0.08965	0.01993	0.07602	0.21112	0.01563	0.05987	0.12664	0.12900	0.02078	0.02133	0.01538	0.00899	0.00745	0.00238	0.00966	0.00681	0.06404	0.01125
4	0.02316	0.01877	0.06641	0.01836	0.06357	0.01820	0.01445	0.31819	0.05299	0.06415	0.11121	0.08359	0.02630	0.01317	0.01029	0.06110	0.00780	0.00964	0.00731	0.01132
5	0.02583	0.01657	0.02238	0.01702	0.02353	0.01555	0.08742	0.10217	0.12538	0.24602	0.02419	0.02356	0.01705	0.00871	0.00777	0.00222	0.00764	0.00751	0.00742	0.21204
6	0.07333	0.01886	0.02070	0.01890	0.07695	0.13081	0.06420	0.07036	0.02079	0.13975	0.02099	0.02496	0.01636	0.00906	0.00737	0.00223	0.00855	0.03686	0.13305	0.10591

[dist]
# distance from previous block
# <min> <max>
0	3

[block]
# block no. 3 follows, 23 sequences, length 32
# corresponding to MSA columns:
# 239-270
name=unknown_D
#
# <colnr> <probs for GDERKNQSTAVLIFYWHMCP>
#	G	D	E	R	K	N	Q	S	T	A	V	L	I	F	Y	W	H	M	C	P
0	0.02717	0.08332	0.02234	0.01593	0.02158	0.02030	0.01315	0.34294	0.05952	0.14323	0.02382	0.08129	0.01884	0.01081	0.00784	0.00240	0.00769	0.00856	0.04993	0.03934
1	0.05254	0.08363	0.06375	0.01771	0.02458	0.02398	0.01546	0.47610	0.03244	0.04430	0.01779	0.01835	0.01298	0.00899	0.00756	0.00228	0.00876	0.00667	0.00706	0.07506
2	0.05670	0.60505	0.11659	0.01484	0.02229	0.02986	0.01557	0.02444	0.01644	0.02070	0.01167	0.01352	0.01032	0.00706	0.00550	0.00187	0.00896	0.00454	0.00354	0.01053
3	0.02089	0.61972	0.13551	0.01525	0.02293	0.03015	0.01626	0.02450	0.01658	0.02007	0.01176	0.01362	0.01039	0.00706	0.00558	0.00186	0.00917	0.00458	0.00346	0.01065
4	0.02169	0.71972	0.04252	0.01388	0.02083	0.03211	0.01388	0.02430	0.01649	0.01909	0.01128	0.01302	0.01041	0.00694	0.00521	0.00174	0.00868	0.00434	0.00347	0.01041
5	0.01409	0.00705	0.01057	0.01057	0.01057	0.00705	0.00705	0.01057	0.01057	0.01409	0.01409	0.02467	0.01409	0.02819	0.03171	0.76392	0.00705	0.00705	0.00352	0.00352
6	0.01627	0.04197	0.67279	0.02313	0.03512	0.01884	0.02998	0.02570	0.01713	0.02570	0.01456	0.01713	0.01028	0.00771	0.00771	0.00257	0.01199	0.00600	0.00343	0.01199
7	0.03641	0.01381	0.01883	0.01444	0.02071	0.01193	0.01193	0.03954	0.02322	0.66984	0.03201	0.02762	0.02009	0.01004	0.00816	0.00251	0.00690	0.00816	0.01004	0.01381
8	0.01004	0.00809	0.00899	0.00948	0.01166	0.00705	0.00708	0.01220	0.01818	0.02247	0.10406	0.20115	0.45999	0.02143	0.00987	0.00292	0.00448	0.06636	0.00761	0.00690
9	0.03524	0.01355	0.01846	0.01424	0.02031	0.01173	0.01173	0.03841	0.02321	0.64009	0.06132	0.02916	0.02272	0.01035	0.00823	0.00251	0.00676	0.00846	0.00999	0.01352
10	0.02169	0.71972	0.04252	0.01388	0.02083	0.03211	0.01388	0.02430	0.01649	0.01909	0.01128	0.01302	0.01041	0.00694	0.00521	0.00174	0.00868	0.00434	0.00347	0.01041
11	0.01438	0.01279	0.02085	0.53693	0.04559	0.01547	0.01898	0.01907	0.01643	0.02165	0.04473	0.12295	0.02006	0.01101	0.00838	0.00274	0.00933	0.00981	0.04031	0.00854
12	0.02529	0.04894	0.28449	0.01800	0.02665	0.01619	0.01930	0.06094	0.04026	0.28176	0.02216	0.02164	0.01494	0.00866	0.00769	0.00240	0.00903	0.00686	0.00654	0.07826
13	0.01683	0.01442	0.01683	0.01202	0.01923	0.01082	0.00961	0.02043	0.01683	0.02644	0.01442	0.01683	0.01202	0.00601	0.00601	0.00120	0.00601	0.00481	0.00481	0.76444
14	0.02563	0.35384	0.06888	0.01717	0.02367	0.17183	0.01557	0.18347	0.02351	0.02786	0.01385	0.01526	0.01128	0.00801	0.00656	0.00204	0.01023	0.00539	0.00482	0.01115
15	0.01702	0.03746	0.54750	0.02669	0.12608	0.01897	0.02840	0.02644	0.04832	0.02622	0.01557	0.01821	0.01136	0.00780	0.00778	0.00256	0.01138	0.00633	0.00375	0.01216
16	0.00989	0.00706	0.00942	0.01130	0.01177	0.00659	0.00753	0.01130	0.01554	0.02071	0.04472	0.70954	0.05367	0.02542	0.01036	0.00330	0.00471	0.02307	0.00753	0.00659
17	0.00986	0.00715	0.00932	0.01106	0.01171	0.00661	0.00743	0.01133	0.01576	0.02081	0.04760	0.66102	0.10033	0.02505	0.01030	0.00325	0.00466	0.02261	0.00753	0.00661
18	0.02659	0.02021	0.02207	0.01665	0.02336	0.02081	0.01366	0.44994	0.03168	0.04364	0.01795	0.01868	0.01326	0.00861	0.00748	0.00206	0.00804	0.00655	0.00711	0.24168
19	0.01970	0.01488	0.01697	0.01400	0.01887	0.01474	0.01102	0.15093	0.15139	0.06501	0.14842	0.08945	0.03156	0.01174	0.00808	0.00228	0.00620	0.00988	0.00748	0.20740
20	0.01678	0.06159	0.29019	0.04749	0.03361	0.01809	0.22616	0.02383	0.01859	0.02633	0.11023	0.02507	0.02082	0.00865	0.00844	0.00254	0.01093	0.00839	0.00452	0.03776
21	0.13390	0.08736	0.12356	0.04281	0.02372	0.02099	0.01592	0.21537	0.02237	0.03367	0.01639	0.01928	0.01281	0.01337	0.06443	0.00335	0.07401	0.00650	0.05939	0.01082
22	0.01359	0.01253	0.06935	0.01320	0.01575	0.01046	0.01058	0.10508	0.01950	0.02621	0.06695	0.48418	0.07900	0.02091	0.00972	0.00304	0.00589	0.01856	0.00732	0.00818
23	0.01754	0.11848	0.02062	0.01229	0.01947	0.01396	0.01024	0.02100	0.01678	0.02536	0.01396	0.01626	0.01178	0.00615	0.00589	0.00128	0.00640	0.00474	0.00461	0.65319
24	0.09149	0.12984	0.31290	0.04908	0.03021	0.02218	0.05166	0.16577	0.02162	0.03141	0.01500	0.01714	0.01109	0.00802	0.00730	0.00243	0.01031	0.00614	0.00470	0.01170
25	0.01239	0.00988	0.01267	0.01362	0.06924	0.00937	0.00917	0.01724	0.06612	0.02955	0.41973	0.05914	0.20837	0.01633	0.00935	0.00260	0.00459	0.01423	0.00812	0.00828
26	0.02949	0.02201	0.02435	0.07756	0.02784	0.02454	0.01604	0.58351	0.03624	0.04849	0.01904	0.01967	0.01354	0.00960	0.00812	0.00246	0.00909	0.00730	0.00772	0.01338
27	0.13262	0.02506	0.11111	0.03467	0.35815	0.12999	0.02132	0.04700	0.01904	0.02759	0.01428	0.01775	0.01155	0.00761	0.00743	0.00239	0.01026	0.00632	0.00426	0.01160
28	0.01193	0.00977	0.01325	0.01633	0.10849	0.00889	0.00996	0.01418	0.01677	0.02235	0.04641	0.40144	0.18451	0.01992	0.00946	0.00285	0.00541	0.01777	0.00678	0.07353
29	0.02925	0.02153	0.02321	0.01811	0.02414	0.02375	0.01482	0.58939	0.03642	0.04882	0.02141	0.07215	0.01684	0.01094	0.00829	0.00250	0.00861	0.00851	0.00807	0.01325
30	0.01335	0.01207	0.01182	0.01241	0.01383	0.10658	0.00877	0.01554	0.01873	0.02392	0.21330	0.42419	0.05374	0.02042	0.00969	0.00291	0.00592	0.01807	0.00743	0.00731
31	0.01715	0.02678	0.26803	0.02727	0.14254	0.04809	0.12965	0.02411	0.04482	0.02498	0.02044	0.12167	0.01851	0.01231	0.03453	0.00307	0.01106	0.00957	0.00453	0.01090

[dist]
# distance from previous block
# <min> <max>
5	10

[block]
# block no. 4 follows, 23 sequences, length 24
# corresponding to MSA columns:
# 286-301,306-313
name=unknown_E
#
# <colnr> <probs for GDERKNQSTAVLIFYWHMCP>
#	G	D	E	R	K	N	Q	S	T	A	V	L	I	F	Y	W	H	M	C	P
0	0.35536	0.01413	0.01404	0.01209	0.01690	0.01493	0.00975	0.02840	0.09950	0.19338	0.07641	0.02916	0.08411	0.01061	0.00703	0.00257	0.00605	0.00802	0.00725	0.01029
1	0.01640	0.01406	0.01632	0.01180	0.01875	0.01059	0.00941	0.01992	0.01692	0.02618	0.01837	0.02040	0.04984	0.00686	0.00622	0.00129	0.00590	0.00553	0.00497	0.72028
2	0.02063	0.02053	0.03173	0.08067	0.58375	0.07034	0.02407	0.02527	0.01871	0.02570	0.01501	0.01974	0.01256	0.00736	0.00798	0.00240	0.01009	0.00707	0.00401	0.01239
3	0.01532	0.01442	0.02434	0.69533	0.05589	0.01803	0.02253	0.02073	0.01622	0.02073	0.01442	0.02163	0.01082	0.00811	0.00811	0.00270	0.01082	0.00721	0.00361	0.00901
4	0.01532	0.01442	0.02434	0.69533	0.05589	0.01803	0.02253	0.02073	0.01622	0.02073	0.01442	0.02163	0.01082	0.00811	0.00811	0.00270	0.01082	0.00721	0.00361	0.00901
5	0.77215	0.01569	0.01193	0.01067	0.01569	0.01820	0.00879	0.02385	0.01381	0.03641	0.01130	0.01318	0.00879	0.00753	0.00502	0.00251	0.00628	0.00439	0.00502	0.00879
6	0.01532	0.01442	0.02434	0.69533	0.05589	0.01803	0.02253	0.02073	0.01622	0.02073	0.01442	0.02163	0.01082	0.00811	0.00811	0.00270	0.01082	0.00721	0.00361	0.00901
7	0.77215	0.01569	0.01193	0.01067	0.01569	0.01820	0.00879	0.02385	0.01381	0.03641	0.01130	0.01318	0.00879	0.00753	0.00502	0.00251	0.00628	0.00439	0.00502	0.00879
8	0.02113	0.01942	0.01878	0.01692	0.02147	0.08219	0.01311	0.04211	0.59087	0.03262	0.03111	0.02881	0.02343	0.01076	0.00817	0.00269	0.00719	0.00880	0.00787	0.01252
9	0.01180	0.00787	0.00885	0.00885	0.00885	0.00787	0.00492	0.01180	0.01180	0.01573	0.02557	0.05310	0.02950	0.71483	0.04130	0.00787	0.00787	0.01180	0.00492	0.00492
10	0.02725	0.01980	0.02148	0.01742	0.02315	0.02194	0.01408	0.34807	0.27413	0.10492	0.02597	0.02447	0.01867	0.01026	0.00818	0.00257	0.00776	0.00811	0.00836	0.01343
11	0.01159	0.00869	0.01304	0.01304	0.01449	0.01014	0.01014	0.01449	0.01304	0.01884	0.02173	0.03188	0.02029	0.06086	0.68268	0.01304	0.02173	0.00869	0.00435	0.00724
12	0.02163	0.02543	0.08031	0.08579	0.33382	0.16993	0.11504	0.02653	0.01934	0.02444	0.01471	0.01901	0.01188	0.00753	0.00808	0.00242	0.01165	0.00703	0.00399	0.01144
13	0.02066	0.01942	0.03259	0.09788	0.50447	0.01984	0.07182	0.08357	0.02024	0.02837	0.01569	0.02029	0.01274	0.00751	0.00817	0.00246	0.00998	0.00742	0.00438	0.01248
14	0.02072	0.26631	0.06561	0.02316	0.02964	0.05618	0.23948	0.04768	0.04104	0.02365	0.01434	0.01794	0.01177	0.00819	0.00997	0.00244	0.10018	0.00698	0.00408	0.01064
15	0.12284	0.02527	0.25671	0.01988	0.07533	0.01723	0.01898	0.11777	0.02157	0.10996	0.11384	0.02497	0.02194	0.00957	0.00777	0.00252	0.00873	0.00764	0.00602	0.01147
16	0.01075	0.00768	0.01041	0.01229	0.01314	0.00734	0.00903	0.01279	0.01639	0.02168	0.04425	0.54211	0.05178	0.02461	0.01059	0.00341	0.00546	0.18197	0.00752	0.00683
17	0.01159	0.00869	0.01304	0.01304	0.01449	0.01014	0.01014	0.01449	0.01304	0.01884	0.02173	0.03188	0.02029	0.06086	0.68268	0.01304	0.02173	0.00869	0.00435	0.00724
18	0.07192	0.02166	0.02290	0.01772	0.02393	0.02399	0.01461	0.57501	0.03584	0.04938	0.01933	0.01961	0.01383	0.00960	0.00783	0.00242	0.00855	0.00715	0.04149	0.01324
19	0.02119	0.65624	0.10155	0.01475	0.02216	0.03086	0.01539	0.02443	0.01655	0.01971	0.01159	0.01340	0.01040	0.00701	0.00544	0.00181	0.00899	0.00449	0.00347	0.01056
20	0.01842	0.01993	0.08267	0.27552	0.07559	0.01921	0.24358	0.08049	0.01926	0.02585	0.01566	0.02124	0.01185	0.00867	0.00971	0.03829	0.01153	0.00798	0.00421	0.01033
21	0.01636	0.13979	0.03009	0.08566	0.07686	0.01812	0.18539	0.02024	0.01711	0.02274	0.04868	0.21189	0.02582	0.01297	0.00976	0.00273	0.04934	0.01204	0.00505	0.00936
22	0.02211	0.04905	0.01862	0.01434	0.01834	0.01804	0.01111	0.34389	0.02666	0.03535	0.02684	0.06268	0.06998	0.22563	0.01828	0.00411	0.00805	0.00995	0.00686	0.01010
23	0.02262	0.36905	0.09200	0.01559	0.02215	0.05247	0.01492	0.14759	0.06999	0.02831	0.01637	0.01770	0.01316	0.00818	0.00638	0.00206	0.00864	0.00580	0.07590	0.01111

[dist]
# distance from previous block
# <min> <max>
2	8

[block]
# block no. 5 follows, 23 sequences, length 14
# corresponding to MSA columns:
# 323-336
name=unknown_F
#
# <colnr> <probs for GDERKNQSTAVLIFYWHMCP>
#	G	D	E	R	K	N	Q	S	T	A	V	L	I	F	Y	W	H	M	C	P
0	0.06295	0.01656	0.05575	0.01460	0.01918	0.01616	0.01214	0.17457	0.16659	0.07480	0.12907	0.08034	0.08481	0.04372	0.00990	0.00286	0.00674	0.01076	0.00771	0.01078
1	0.01853	0.13904	0.46049	0.02057	0.03040	0.05967	0.02449	0.06368	0.01905	0.02638	0.05304	0.01913	0.01451	0.00829	0.00745	0.00241	0.01097	0.00631	0.00410	0.01146
2	0.02119	0.41009	0.11691	0.01817	0.02508	0.11899	0.08331	0.02506	0.01751	0.02075	0.01321	0.01614	0.01135	0.01127	0.05711	0.00285	0.01145	0.00557	0.00370	0.01029
3	0.06374	0.14567	0.42754	0.02119	0.05087	0.07433	0.02395	0.02658	0.01766	0.05702	0.01458	0.01666	0.01080	0.00773	0.00716	0.00239	0.01101	0.00573	0.00394	0.01146
4	0.05556	0.30191	0.09825	0.01536	0.02145	0.07226	0.01460	0.06609	0.08133	0.04595	0.05633	0.02729	0.05877	0.01009	0.00706	0.00228	0.00849	0.04110	0.00535	0.01046
5	0.01819	0.01454	0.05953	0.01471	0.01874	0.01311	0.04022	0.09515	0.11129	0.10419	0.25161	0.15061	0.04441	0.01469	0.00906	0.00269	0.00628	0.01288	0.00805	0.01006
6	0.02318	0.01737	0.01994	0.08816	0.02406	0.01934	0.01360	0.32476	0.06080	0.03774	0.02032	0.02416	0.01600	0.06255	0.01129	0.00280	0.05140	0.00761	0.11957	0.05535
7	0.08097	0.09841	0.02592	0.11685	0.10899	0.02036	0.06248	0.07129	0.01762	0.02580	0.01879	0.06274	0.03944	0.01077	0.01168	0.00269	0.15830	0.00816	0.04890	0.00985
8	0.12374	0.09044	0.03998	0.01932	0.06241	0.25188	0.01488	0.09045	0.05758	0.05533	0.01890	0.02313	0.03247	0.00984	0.00821	0.00242	0.04151	0.04183	0.00535	0.01033
9	0.02429	0.01850	0.02137	0.01907	0.07563	0.01941	0.01402	0.39109	0.02959	0.04030	0.02305	0.14460	0.02073	0.01189	0.00824	0.00243	0.00784	0.00984	0.00723	0.11087
10	0.01693	0.03769	0.54463	0.02655	0.08325	0.01909	0.10718	0.02568	0.01749	0.02580	0.01485	0.01796	0.01073	0.00756	0.00797	0.00258	0.01203	0.00655	0.00356	0.01192
11	0.26830	0.13295	0.05627	0.02353	0.17175	0.02101	0.06742	0.06168	0.04636	0.03012	0.01701	0.01934	0.03656	0.00811	0.00677	0.00240	0.00842	0.00644	0.00481	0.01074
12	0.07116	0.02071	0.02120	0.06237	0.14476	0.14572	0.01530	0.10698	0.14318	0.03018	0.07312	0.02911	0.08086	0.01054	0.00802	0.00248	0.00878	0.00854	0.00614	0.01085
13	0.02131	0.13840	0.06727	0.12994	0.02806	0.02060	0.01578	0.12869	0.15916	0.06452	0.02095	0.02410	0.01641	0.00925	0.00751	0.00235	0.00835	0.03216	0.00598	0.09923

[dist]
# distance from previous block
# <min> <max>
2	14

[block]
# block no. 6 follows, 23 sequences, length 32
# corresponding to MSA columns:
# 351-382
name=unknown_G
#
# <colnr> <probs for GDERKNQSTAVLIFYWHMCP>
#	G	D	E	R	K	N	Q	S	T	A	V	L	I	F	Y	W	H	M	C	P
0	0.02617	0.01842	0.01935	0.01625	0.02102	0.07142	0.01282	0.27374	0.10231	0.15620	0.02819	0.16686	0.02439	0.01313	0.00855	0.00264	0.00783	0.01083	0.00805	0.01182
1	0.02097	0.06864	0.03059	0.06584	0.38303	0.11144	0.06282	0.05045	0.01951	0.02536	0.01722	0.07487	0.01558	0.00896	0.00804	0.00243	0.01017	0.00820	0.00445	0.01144
2	0.01159	0.00869	0.01304	0.01304	0.01449	0.01014	0.01014	0.01449	0.01304	0.01884	0.02173	0.03188	0.02029	0.06086	0.68268	0.01304	0.02173	0.00869	0.00435	0.00724
3	0.77215	0.01569	0.01193	0.01067	0.01569	0.01820	0.00879	0.02385	0.01381	0.03641	0.01130	0.01318	0.00879	0.00753	0.00502	0.00251	0.00628	0.00439	0.00502	0.00879
4	0.01986	0.01707	0.01811	0.01644	0.02091	0.01969	0.01285	0.04193	0.62111	0.03351	0.03347	0.03304	0.02576	0.01152	0.00839	0.00280	0.00647	0.03624	0.00822	0.01260
5	0.01811	0.01681	0.02609	0.39301	0.04227	0.02084	0.06244	0.09600	0.01812	0.02449	0.01420	0.02038	0.01124	0.00980	0.01300	0.00289	0.18908	0.00736	0.00418	0.00969
6	0.01775	0.01775	0.02485	0.02130	0.02130	0.02485	0.01775	0.01953	0.01243	0.01953	0.01065	0.01775	0.01065	0.01420	0.02663	0.00355	0.69998	0.00710	0.00355	0.00888
7	0.01136	0.00829	0.01068	0.01008	0.01205	0.00760	0.00756	0.01508	0.02268	0.03185	0.62257	0.06174	0.11435	0.01684	0.00957	0.00256	0.00385	0.01483	0.00884	0.00760
8	0.00993	0.00720	0.00938	0.01101	0.01172	0.00666	0.00743	0.01150	0.01608	0.02131	0.07403	0.63248	0.10199	0.02466	0.01026	0.00322	0.00462	0.02224	0.00759	0.00666
9	0.01148	0.00829	0.01085	0.01021	0.01212	0.00766	0.00766	0.01531	0.02297	0.03254	0.65994	0.06061	0.07656	0.01659	0.00957	0.00255	0.00383	0.01467	0.00893	0.00766
10	0.00989	0.00706	0.00942	0.01130	0.01177	0.00659	0.00753	0.01130	0.01554	0.02071	0.04472	0.70954	0.05367	0.02542	0.01036	0.00330	0.00471	0.02307	0.00753	0.00659
11	0.03424	0.07160	0.02100	0.01469	0.02096	0.01457	0.01230	0.06786	0.05056	0.55911	0.02976	0.02615	0.01920	0.00982	0.00792	0.00245	0.00713	0.00785	0.00934	0.01349
12	0.24637	0.50894	0.03336	0.01292	0.01929	0.02794	0.01236	0.02416	0.01569	0.02427	0.01129	0.01307	0.00993	0.00712	0.00515	0.00197	0.00796	0.00436	0.00394	0.00993
13	0.01180	0.00787	0.00885	0.00885	0.00885	0.00787	0.00492	0.01180	0.01180	0.01573	0.02557	0.05310	0.02950	0.71483	0.04130	0.00787	0.00787	0.01180	0.00492	0.00492
14	0.02275	0.01767	0.01971	0.01504	0.02137	0.01711	0.01213	0.30512	0.02659	0.03741	0.01922	0.07418	0.01622	0.00931	0.00734	0.00194	0.00726	0.00744	0.00656	0.35564
15	0.01683	0.01442	0.01683	0.01202	0.01923	0.01082	0.00961	0.02043	0.01683	0.02644	0.01442	0.01683	0.01202	0.00601	0.00601	0.00120	0.00601	0.00481	0.00481	0.76444
16	0.03082	0.02359	0.02428	0.01879	0.02516	0.06081	0.01544	0.60435	0.03733	0.04944	0.01910	0.01922	0.01362	0.00967	0.00807	0.00242	0.00924	0.00719	0.00790	0.01356
17	0.01726	0.01460	0.01574	0.01480	0.01841	0.01638	0.01124	0.03418	0.47124	0.03032	0.03936	0.17041	0.08211	0.01467	0.00879	0.00286	0.00589	0.01261	0.00805	0.01110
18	0.01709	0.01606	0.02632	0.45477	0.22793	0.01856	0.02243	0.02374	0.06819	0.02346	0.01617	0.02189	0.01253	0.00809	0.00810	0.00262	0.01012	0.00738	0.00410	0.01043
19	0.02018	0.01743	0.01835	0.01651	0.02110	0.02018	0.01284	0.04312	0.64956	0.03394	0.03303	0.03027	0.02477	0.01101	0.00826	0.00275	0.00642	0.00917	0.00826	0.01284
20	0.02027	0.01935	0.01692	0.01556	0.01956	0.15552	0.01205	0.03257	0.32461	0.05125	0.03942	0.04067	0.15358	0.01311	0.00852	0.00267	0.00776	0.04877	0.00727	0.01058
21	0.01959	0.47921	0.23762	0.01673	0.02502	0.02707	0.01874	0.02433	0.01655	0.02114	0.01273	0.01508	0.01078	0.00941	0.03400	0.00246	0.01025	0.00504	0.00349	0.01077
22	0.00989	0.00706	0.00942	0.01130	0.01177	0.00659	0.00753	0.01130	0.01554	0.02071	0.04472	0.70954	0.05367	0.02542	0.01036	0.00330	0.00471	0.02307	0.00753	0.00659
23	0.01627	0.04197	0.67279	0.02313	0.03512	0.01884	0.02998	0.02570	0.01713	0.02570	0.01456	0.01713	0.01028	0.00771	0.00771	0.00257	0.01199	0.00600	0.00343	0.01199
24	0.01977	0.01954	0.03054	0.17956	0.49884	0.06190	0.02382	0.02454	0.01831	0.02490	0.01492	0.02005	0.01228	0.00748	0.00800	0.00245	0.01020	0.00710	0.00394	0.01185
25	0.00989	0.00706	0.00942	0.01130	0.01177	0.00659	0.00753	0.01130	0.01554	0.02071	0.04472	0.70954	0.05367	0.02542	0.01036	0.00330	0.00471	0.02307	0.00753	0.00659
26	0.01118	0.00761	0.00903	0.00964	0.00979	0.00745	0.00576	0.01164	0.01301	0.01734	0.03175	0.26497	0.03730	0.49232	0.03131	0.00639	0.00685	0.01544	0.00576	0.00546
27	0.06875	0.03145	0.39780	0.05755	0.13963	0.01838	0.08131	0.02468	0.01759	0.02674	0.04963	0.02035	0.01441	0.00804	0.00787	0.00256	0.01086	0.00695	0.00400	0.01145
28	0.07790	0.46623	0.03619	0.02050	0.13446	0.07254	0.01549	0.02560	0.01739	0.05041	0.01299	0.01503	0.01115	0.00727	0.00597	0.00197	0.00900	0.00508	0.00402	0.01081
29	0.01180	0.00787	0.00885	0.00885	0.00885	0.00787	0.00492	0.01180	0.01180	0.01573	0.02557	0.05310	0.02950	0.71483	0.04130	0.00787	0.00787	0.01180	0.00492	0.00492
30	0.01792	0.01671	0.02724	0.27387	0.34740	0.01823	0.02220	0.02446	0.07287	0.02495	0.01842	0.02643	0.01549	0.00892	0.00830	0.00264	0.00963	0.04873	0.00448	0.01112
31	0.05716	0.57674	0.03804	0.01476	0.02129	0.10441	0.01393	0.05534	0.01816	0.02154	0.01183	0.01352	0.01051	0.00727	0.00558	0.00185	0.00925	0.00459	0.00385	0.01039

[dist]
# distance from previous block
# <min> <max>
0	2

[block]
# block no. 7 follows, 23 sequences, length 20
# corresponding to MSA columns:
# 385-404
name=unknown_H
#
# <colnr> <probs for GDERKNQSTAVLIFYWHMCP>
#	G	D	E	R	K	N	Q	S	T	A	V	L	I	F	Y	W	H	M	C	P
0	0.01155	0.00802	0.00981	0.00961	0.01053	0.00770	0.00633	0.01341	0.01721	0.02383	0.32247	0.09098	0.05272	0.35304	0.02488	0.00515	0.00582	0.01373	0.00693	0.00628
1	0.02167	0.01126	0.01415	0.01201	0.01597	0.01022	0.00947	0.06519	0.02285	0.27000	0.23797	0.07833	0.16730	0.01487	0.00898	0.00260	0.00542	0.01261	0.00895	0.01016
2	0.00972	0.00822	0.00839	0.00835	0.01104	0.00690	0.00626	0.01189	0.01879	0.02262	0.12047	0.07693	0.62221	0.02029	0.00959	0.00273	0.00409	0.01696	0.00763	0.00690
3	0.01532	0.01442	0.02434	0.69533	0.05589	0.01803	0.02253	0.02073	0.01622	0.02073	0.01442	0.02163	0.01082	0.00811	0.00811	0.00270	0.01082	0.00721	0.00361	0.00901
4	0.01409	0.00705	0.01057	0.01057	0.01057	0.00705	0.00705	0.01057	0.01057	0.01409	0.01409	0.02467	0.01409	0.02819	0.03171	0.76392	0.00705	0.00705	0.00352	0.00352
5	0.01136	0.00829	0.01067	0.01007	0.01204	0.00760	0.00756	0.01507	0.02267	0.03183	0.62118	0.06178	0.11576	0.01685	0.00957	0.00256	0.00385	0.01484	0.00884	0.00760
6	0.02972	0.08521	0.02433	0.02042	0.02479	0.63783	0.01556	0.03185	0.02255	0.01981	0.01246	0.01452	0.01045	0.00826	0.00717	0.00207	0.01423	0.00517	0.00413	0.00948
7	0.02169	0.71972	0.04252	0.01388	0.02083	0.03211	0.01388	0.02430	0.01649	0.01909	0.01128	0.01302	0.01041	0.00694	0.00521	0.00174	0.00868	0.00434	0.00347	0.01041
8	0.01957	0.01690	0.01777	0.01604	0.02052	0.01942	0.01246	0.04131	0.61327	0.03325	0.03585	0.03302	0.06135	0.01156	0.00833	0.00275	0.00629	0.00963	0.00822	0.01250
9	0.01529	0.01227	0.01420	0.01341	0.01639	0.01317	0.01035	0.02726	0.29489	0.03167	0.29473	0.09426	0.05002	0.01524	0.00919	0.00279	0.00531	0.06130	0.00842	0.00983
10	0.03641	0.01381	0.01883	0.01444	0.02071	0.01193	0.01193	0.03954	0.02322	0.66984	0.03201	0.02762	0.02009	0.01004	0.00816	0.00251	0.00690	0.00816	0.01004	0.01381
11	0.00989	0.00706	0.00942	0.01130	0.01177	0.00659	0.00753	0.01130	0.01554	0.02071	0.04472	0.70954	0.05367	0.02542	0.01036	0.00330	0.00471	0.02307	0.00753	0.00659
12	0.03641	0.01381	0.01883	0.01444	0.02071	0.01193	0.01193	0.03954	0.02322	0.66984	0.03201	0.02762	0.02009	0.01004	0.00816	0.00251	0.00690	0.00816	0.01004	0.01381
13	0.01148	0.00829	0.01085	0.01021	0.01212	0.00766	0.00766	0.01531	0.02297	0.03254	0.65994	0.06061	0.07656	0.01659	0.00957	0.00255	0.00383	0.01467	0.00893	0.00766
14	0.01180	0.00787	0.00885	0.00885	0.00885	0.00787	0.00492	0.01180	0.01180	0.01573	0.02557	0.05310	0.02950	0.71483	0.04130	0.00787	0.00787	0.01180	0.00492	0.00492
15	0.01831	0.01627	0.02871	0.38304	0.17755	0.01783	0.11622	0.02359	0.01765	0.06617	0.01658	0.02211	0.01251	0.00791	0.00822	0.00260	0.01045	0.00766	0.03625	0.01038
16	0.02018	0.01743	0.01835	0.01651	0.02110	0.02018	0.01284	0.04312	0.64956	0.03394	0.03303	0.03027	0.02477	0.01101	0.00826	0.00275	0.00642	0.00917	0.00826	0.01284
17	0.01683	0.01442	0.01683	0.01202	0.01923	0.01082	0.00961	0.02043	0.01683	0.02644	0.01442	0.01683	0.01202	0.00601	0.00601	0.00120	0.00601	0.00481	0.00481	0.76444
18	0.03090	0.01958	0.02208	0.01712	0.02327	0.02080	0.01407	0.43120	0.06139	0.20600	0.05201	0.02387	0.01870	0.01018	0.00820	0.00247	0.00807	0.00794	0.00865	0.01348
19	0.01456	0.00976	0.01136	0.01097	0.01374	0.00911	0.00819	0.01928	0.09420	0.10715	0.12189	0.21893	0.29210	0.01884	0.00943	0.00283	0.00486	0.01623	0.00809	0.00848

[dist]
# distance from previous block
# <min> <max>
0	11

[block]
# block no. 8 follows, 23 sequences, length 60
# corresponding to MSA columns:
# 416-475
name=unknown_I
#
# <colnr> <probs for GDERKNQSTAVLIFYWHMCP>
#	G	D	E	R	K	N	Q	S	T	A	V	L	I	F	Y	W	H	M	C	P
0	0.03641	0.01381	0.01883	0.01444	0.02071	0.01193	0.01193	0.03954	0.02322	0.66984	0.03201	0.02762	0.02009	0.01004	0.00816	0.00251	0.00690	0.00816	0.01004	0.01381
1	0.01062	0.00814	0.01191	0.06179	0.01610	0.00793	0.03168	0.01252	0.01572	0.02091	0.04148	0.63433	0.04904	0.02348	0.01017	0.00323	0.00548	0.02142	0.00712	0.00693
2	0.01648	0.04057	0.62924	0.02390	0.03563	0.01896	0.07213	0.02572	0.01727	0.02572	0.01469	0.01746	0.01042	0.00765	0.00784	0.00258	0.01211	0.00625	0.00347	0.01192
3	0.03490	0.01348	0.01835	0.01418	0.02019	0.01167	0.01167	0.03808	0.02321	0.63127	0.07001	0.02962	0.02350	0.01044	0.00825	0.00251	0.00672	0.00855	0.00998	0.01344
4	0.01812	0.01326	0.01802	0.10696	0.02305	0.01408	0.07348	0.15818	0.02162	0.03145	0.02569	0.15415	0.02322	0.01209	0.00783	0.00247	0.00707	0.01059	0.26933	0.00932
5	0.02814	0.03314	0.02454	0.02536	0.13193	0.48769	0.01706	0.07867	0.05415	0.02409	0.01454	0.01669	0.01182	0.00841	0.00754	0.00220	0.01295	0.00592	0.00466	0.01049
6	0.02451	0.02104	0.02453	0.02004	0.02330	0.05414	0.01656	0.31282	0.02509	0.03452	0.01492	0.01843	0.01213	0.01183	0.01700	0.00296	0.34208	0.00711	0.00574	0.01123
7	0.01059	0.00817	0.00966	0.00947	0.01162	0.00725	0.00703	0.01351	0.02059	0.02732	0.37787	0.11489	0.31503	0.01886	0.00964	0.00268	0.00401	0.01629	0.00826	0.00725
8	0.01913	0.02124	0.03748	0.18885	0.04173	0.08218	0.36509	0.02465	0.01809	0.02347	0.01496	0.02071	0.01160	0.00807	0.01085	0.00276	0.08673	0.00834	0.00393	0.01012
9	0.01492	0.00841	0.00907	0.00885	0.01069	0.00854	0.00651	0.04773	0.01764	0.02897	0.06424	0.06874	0.02626	0.08078	0.04272	0.00315	0.00535	0.00923	0.53066	0.00756
10	0.02298	0.01807	0.02013	0.01494	0.02183	0.01711	0.01216	0.29105	0.02618	0.03728	0.01664	0.01799	0.01280	0.00765	0.00693	0.00174	0.00729	0.00590	0.00626	0.43506
11	0.01185	0.00793	0.00902	0.00909	0.00917	0.00793	0.00524	0.01200	0.01208	0.01608	0.02626	0.05464	0.03019	0.68706	0.04009	0.00770	0.00785	0.03578	0.00502	0.00502
12	0.02015	0.01795	0.02248	0.02595	0.20346	0.01993	0.01626	0.03795	0.47061	0.03184	0.02799	0.02738	0.02139	0.00994	0.00819	0.00266	0.00733	0.00862	0.00705	0.01285
13	0.01324	0.01007	0.01198	0.01128	0.01382	0.00984	0.00864	0.06190	0.07512	0.03081	0.37993	0.09933	0.17796	0.01723	0.00949	0.00270	0.00471	0.04528	0.00839	0.00831
14	0.01562	0.01483	0.02440	0.61185	0.05160	0.01887	0.02194	0.02058	0.01575	0.02058	0.01396	0.02115	0.01080	0.00887	0.01041	0.00281	0.09617	0.00720	0.00360	0.00900
15	0.01104	0.00908	0.01183	0.01071	0.01340	0.00805	0.04489	0.01420	0.02059	0.02704	0.34358	0.06666	0.35327	0.01790	0.00958	0.00265	0.00456	0.01554	0.00797	0.00747
16	0.00989	0.00706	0.00942	0.01130	0.01177	0.00659	0.00753	0.01130	0.01554	0.02071	0.04472	0.70954	0.05367	0.02542	0.01036	0.00330	0.00471	0.02307	0.00753	0.00659
17	0.04518	0.42319	0.14562	0.01457	0.02133	0.05104	0.01517	0.02390	0.01687	0.02284	0.01460	0.01686	0.01217	0.00760	0.00581	0.00195	0.00855	0.00524	0.13743	0.01009
18	0.01826	0.16194	0.44951	0.02166	0.05858	0.02120	0.02466	0.06928	0.01889	0.02671	0.04600	0.01881	0.01392	0.00813	0.00739	0.00240	0.01066	0.00627	0.00407	0.01166
19	0.02016	0.35859	0.17577	0.01748	0.02396	0.09045	0.01782	0.02418	0.01706	0.02149	0.05043	0.01759	0.01434	0.00888	0.00934	0.00227	0.11024	0.00581	0.00387	0.01028
20	0.02205	0.69176	0.04172	0.01417	0.02100	0.05879	0.01396	0.02463	0.01675	0.01912	0.01133	0.01308	0.01041	0.00700	0.00529	0.00175	0.00892	0.00438	0.00350	0.01037
21	0.02003	0.07195	0.13535	0.01614	0.02244	0.01865	0.01517	0.19454	0.13991	0.03303	0.03331	0.03438	0.14277	0.01174	0.00813	0.00250	0.00782	0.02957	0.00664	0.05591
22	0.01005	0.00726	0.00951	0.01102	0.01177	0.00672	0.00748	0.01176	0.01651	0.02208	0.11461	0.60536	0.08745	0.02419	0.01023	0.00318	0.00458	0.02183	0.00769	0.00672
