[name]
unknown

[dist]
# distance from previous block
# <min> <max>
0	89

[block]
# block no. 0 follows, 30 sequences, length 29
# corresponding to MSA columns:
# 108-136
name=unknown_A
#
# <colnr> <probs for GDERKNQSTAVLIFYWHMCP>
#	G	D	E	R	K	N	Q	S	T	A	V	L	I	F	Y	W	H	M	C	P
0	0.17373	0.10444	0.01672	0.01239	0.01598	0.12270	0.00993	0.14183	0.04028	0.04391	0.04026	0.02647	0.01731	0.13477	0.01116	0.00289	0.00741	0.06466	0.00503	0.00812
1	0.09221	0.16827	0.02023	0.03719	0.01822	0.11012	0.01133	0.11782	0.01773	0.11736	0.01819	0.13929	0.01670	0.01017	0.00790	0.00217	0.07349	0.00767	0.00513	0.00882
2	0.12460	0.15054	0.07968	0.07241	0.02046	0.06840	0.01261	0.13297	0.01827	0.06850	0.09243	0.04083	0.03606	0.00883	0.00711	0.00209	0.04375	0.00660	0.00496	0.00889
3	0.08673	0.16501	0.04944	0.02789	0.01883	0.09593	0.03005	0.09893	0.05107	0.02406	0.07134	0.01862	0.01540	0.03184	0.00791	0.00202	0.05282	0.00573	0.00449	0.14192
4	0.04409	0.01915	0.10243	0.01895	0.02356	0.08402	0.18680	0.11576	0.03447	0.04634	0.01810	0.14058	0.01662	0.01017	0.00952	0.00241	0.10469	0.00873	0.00468	0.00893
5	0.10351	0.15188	0.13861	0.03316	0.04862	0.08956	0.01402	0.12397	0.04078	0.04453	0.07196	0.05697	0.01667	0.00856	0.00677	0.00207	0.02800	0.00650	0.00469	0.00919
6	0.01446	0.09938	0.05902	0.08906	0.05166	0.05860	0.02776	0.07377	0.01544	0.02012	0.06569	0.12640	0.02240	0.17466	0.05119	0.00367	0.02576	0.00905	0.00453	0.00740
7	0.14659	0.01230	0.08932	0.02813	0.01568	0.01014	0.02502	0.01748	0.01680	0.08593	0.29040	0.04032	0.07340	0.01312	0.02806	0.00258	0.00580	0.08513	0.00615	0.00764
8	0.00968	0.00708	0.00913	0.00975	0.01111	0.00665	0.00746	0.01210	0.01634	0.02186	0.25964	0.22706	0.14135	0.05085	0.00997	0.00283	0.00446	0.17980	0.00676	0.00613
9	0.15096	0.53303	0.05533	0.01486	0.08726	0.02408	0.01264	0.02093	0.01398	0.01977	0.01015	0.01195	0.00893	0.00610	0.00477	0.00169	0.00730	0.00404	0.00326	0.00898
10	0.00833	0.00676	0.00739	0.00790	0.00964	0.00582	0.00567	0.00992	0.01511	0.01853	0.06061	0.28079	0.50127	0.01898	0.00845	0.00251	0.00370	0.01633	0.00648	0.00582
11	0.14405	0.00846	0.01091	0.01073	0.01244	0.00982	0.00835	0.01373	0.01128	0.01865	0.01731	0.02542	0.01609	0.07238	0.57770	0.00951	0.01598	0.00696	0.00386	0.00638
12	0.06235	0.01346	0.01682	0.01598	0.13385	0.01140	0.01064	0.04492	0.01528	0.02410	0.01254	0.01485	0.01035	0.00555	0.00548	0.00132	0.00581	0.00455	0.00414	0.58662
13	0.00951	0.00714	0.00917	0.00982	0.01120	0.00628	0.00678	0.01104	0.01355	0.01865	0.03406	0.62598	0.04011	0.01904	0.00828	0.00253	0.00424	0.01719	0.00608	0.13935
14	0.02433	0.02477	0.13853	0.01704	0.02307	0.14558	0.01542	0.45864	0.02745	0.03552	0.01498	0.01567	0.01085	0.00787	0.00680	0.00206	0.00899	0.00578	0.00570	0.01094
15	0.01855	0.01500	0.01598	0.05633	0.01823	0.07782	0.01118	0.25661	0.02080	0.02853	0.01975	0.14189	0.01803	0.01094	0.00901	0.00225	0.10665	0.00843	0.15539	0.00865
16	0.00997	0.00748	0.01121	0.01121	0.01246	0.00872	0.00872	0.01246	0.01121	0.01620	0.01869	0.02741	0.01745	0.05234	0.72710	0.01121	0.01869	0.00748	0.00374	0.00623
17	0.14405	0.00849	0.01105	0.01087	0.01264	0.00989	0.00853	0.01382	0.01133	0.01875	0.01718	0.02470	0.01578	0.04459	0.60506	0.00969	0.01645	0.00685	0.00384	0.00645
18	0.01015	0.00677	0.00761	0.00761	0.00761	0.00677	0.00423	0.01015	0.01015	0.01353	0.02199	0.04567	0.02537	0.75476	0.03552	0.00677	0.00677	0.01015	0.00423	0.00423
19	0.65712	0.01366	0.01153	0.01006	0.01435	0.01563	0.00826	0.08402	0.01410	0.05440	0.01151	0.01322	0.00888	0.00946	0.04763	0.00269	0.00642	0.00434	0.00468	0.00803
20	0.02309	0.01686	0.01814	0.01428	0.01870	0.01852	0.01137	0.54570	0.02805	0.03759	0.01785	0.02282	0.01470	0.16502	0.01297	0.00307	0.00749	0.00709	0.00640	0.01026
21	0.01608	0.01536	0.02617	0.24573	0.51767	0.01627	0.02082	0.02037	0.01532	0.02135	0.01292	0.01766	0.01054	0.00644	0.00693	0.00215	0.00859	0.00621	0.00335	0.01009
22	0.01634	0.30882	0.37174	0.01574	0.02387	0.01973	0.01840	0.02158	0.01466	0.04092	0.01189	0.01363	0.00928	0.00630	0.00568	0.00183	0.00861	0.00457	0.00324	0.08316
23	0.15771	0.01337	0.01547	0.01214	0.01738	0.01294	0.00993	0.10588	0.07447	0.36840	0.02120	0.01971	0.01435	0.00782	0.00630	0.00201	0.00591	0.00605	0.00695	0.12200
24	0.01105	0.00866	0.01205	0.01487	0.12900	0.00798	0.00901	0.01321	0.01508	0.03937	0.10100	0.37728	0.15514	0.01641	0.00812	0.00244	0.00472	0.01468	0.00600	0.05394
25	0.01611	0.01300	0.01700	0.11712	0.02219	0.01249	0.04777	0.06178	0.13165	0.06702	0.05084	0.05868	0.01711	0.00792	0.00649	0.00180	0.00623	0.00683	0.00519	0.33277
26	0.01202	0.00902	0.01161	0.13238	0.01687	0.00958	0.00854	0.08439	0.01535	0.02054	0.12283	0.17123	0.04886	0.28559	0.01802	0.00401	0.00620	0.01136	0.00531	0.00629
27	0.01697	0.01599	0.02564	0.09122	0.54343	0.01663	0.01951	0.02379	0.13102	0.02350	0.01565	0.01885	0.01265	0.00682	0.00695	0.00214	0.00790	0.00650	0.00404	0.01080
28	0.01750	0.43377	0.16073	0.13655	0.02563	0.08430	0.01593	0.02121	0.01473	0.01778	0.01078	0.01323	0.00900	0.00637	0.00546	0.00179	0.00876	0.00448	0.00305	0.00893

[dist]
# distance from previous block
# <min> <max>
5	9

[block]
# block no. 1 follows, 30 sequences, length 52
# corresponding to MSA columns:
# 146-148,184-232
name=unknown_B
#
# <colnr> <probs for GDERKNQSTAVLIFYWHMCP>
#	G	D	E	R	K	N	Q	S	T	A	V	L	I	F	Y	W	H	M	C	P
0	0.01421	0.03390	0.04737	0.01831	0.03717	0.03006	0.23238	0.06387	0.06012	0.02234	0.04376	0.24603	0.07333	0.01246	0.00847	0.00245	0.02862	0.01177	0.00516	0.00819
1	0.01296	0.01168	0.01932	0.64131	0.04304	0.01445	0.01770	0.01738	0.01382	0.01829	0.01352	0.01968	0.01041	0.00996	0.05292	0.00285	0.00949	0.00630	0.05735	0.00757
2	0.01011	0.00755	0.01034	0.01251	0.05622	0.00728	0.00878	0.01214	0.01441	0.01893	0.03778	0.35997	0.09688	0.07757	0.01108	0.00318	0.00530	0.23770	0.00609	0.00618
3	0.01698	0.01663	0.02700	0.03679	0.53820	0.04304	0.07635	0.02199	0.05945	0.02263	0.01572	0.06469	0.01384	0.00743	0.00714	0.00215	0.00830	0.00730	0.00389	0.01046
4	0.02091	0.01486	0.01631	0.01340	0.01746	0.01595	0.01062	0.39887	0.07184	0.07777	0.02650	0.12196	0.08294	0.06612	0.00947	0.00258	0.00649	0.00931	0.00678	0.00987
5	0.02357	0.04683	0.01964	0.06643	0.02228	0.54072	0.01331	0.06750	0.01908	0.01859	0.01190	0.01545	0.01025	0.05527	0.00888	0.00221	0.04110	0.00513	0.00378	0.00806
6	0.00998	0.00743	0.01098	0.01098	0.01215	0.00860	0.00844	0.01231	0.01115	0.01603	0.01890	0.02858	0.01795	0.09729	0.68284	0.01093	0.01793	0.00765	0.00377	0.00610
7	0.02445	0.20736	0.09539	0.01430	0.02009	0.09404	0.03495	0.05200	0.01812	0.32347	0.01905	0.03705	0.01371	0.00784	0.00634	0.00198	0.00771	0.00606	0.00577	0.01031
8	0.02593	0.01190	0.01547	0.03917	0.01816	0.01121	0.01028	0.03155	0.13302	0.50080	0.07544	0.02759	0.04809	0.00945	0.00716	0.00221	0.00572	0.00782	0.00802	0.01099
9	0.01395	0.01267	0.01823	0.15675	0.02236	0.01669	0.01400	0.03418	0.01230	0.01824	0.01283	0.01912	0.01151	0.01881	0.15868	0.00442	0.38390	0.00643	0.05751	0.00741
10	0.80405	0.01350	0.01026	0.00918	0.01350	0.01565	0.00756	0.02051	0.01188	0.03131	0.00972	0.01134	0.00756	0.00648	0.00432	0.00216	0.00540	0.00378	0.00432	0.00756
11	0.00968	0.00711	0.00906	0.01020	0.01132	0.00677	0.00752	0.03587	0.01499	0.01955	0.04194	0.49120	0.13790	0.02025	0.00889	0.00281	0.00459	0.14779	0.00649	0.00608
12	0.01318	0.01240	0.02093	0.73798	0.04806	0.01550	0.01938	0.01783	0.01395	0.01783	0.01240	0.01860	0.00930	0.00698	0.00698	0.00233	0.00930	0.00620	0.00310	0.00775
13	0.01698	0.01535	0.01515	0.01371	0.01748	0.06141	0.01062	0.03373	0.58573	0.02736	0.03159	0.02937	0.09058	0.01016	0.00717	0.00233	0.00577	0.00837	0.00681	0.01033
14	0.01451	0.00806	0.00834	0.00776	0.00984	0.00835	0.00597	0.09509	0.01667	0.02785	0.02194	0.02497	0.01717	0.00943	0.02582	0.00196	0.00421	0.00651	0.67844	0.00713
15	0.00988	0.00713	0.00933	0.00878	0.01043	0.00658	0.00658	0.01317	0.01975	0.02798	0.70754	0.05213	0.06584	0.01427	0.00823	0.00219	0.00329	0.01262	0.00768	0.00658
16	0.01548	0.02979	0.50299	0.02103	0.03002	0.01578	0.16490	0.02258	0.01562	0.06661	0.03961	0.01757	0.01187	0.00688	0.00706	0.00224	0.01008	0.00621	0.00361	0.01008
17	0.03131	0.01188	0.01619	0.01242	0.01781	0.01026	0.01026	0.03401	0.01997	0.71606	0.02753	0.02375	0.01727	0.00864	0.00702	0.00216	0.00594	0.00702	0.00864	0.01188
18	0.00988	0.00713	0.00933	0.00878	0.01043	0.00658	0.00658	0.01317	0.01975	0.02798	0.70754	0.05213	0.06584	0.01427	0.00823	0.00219	0.00329	0.01262	0.00768	0.00658
19	0.00873	0.00686	0.00796	0.00871	0.01032	0.00610	0.00647	0.01050	0.01508	0.01877	0.05553	0.29588	0.40024	0.01928	0.00865	0.00263	0.00409	0.10184	0.00647	0.00589
20	0.00892	0.00638	0.00854	0.00993	0.01058	0.00600	0.00696	0.01054	0.01429	0.01918	0.10808	0.61110	0.04762	0.02081	0.00891	0.00280	0.00420	0.08272	0.00660	0.00584
21	0.00988	0.00713	0.00933	0.00878	0.01043	0.00658	0.00658	0.01317	0.01975	0.02798	0.70754	0.05213	0.06584	0.01427	0.00823	0.00219	0.00329	0.01262	0.00768	0.00658
22	0.01434	0.08937	0.66834	0.01930	0.02930	0.01705	0.02476	0.02201	0.01469	0.02168	0.01232	0.01447	0.00885	0.00658	0.00647	0.00216	0.01010	0.00505	0.00295	0.01021
23	0.00850	0.00607	0.00810	0.00972	0.01012	0.00567	0.00648	0.00972	0.01336	0.01781	0.03846	0.75020	0.04615	0.02186	0.00891	0.00283	0.00405	0.01984	0.00648	0.00567
24	0.01181	0.00808	0.00901	0.00855	0.00914	0.00828	0.00523	0.08065	0.01259	0.01681	0.02189	0.06179	0.02453	0.65721	0.03183	0.00617	0.00679	0.01001	0.00458	0.00506
25	0.01711	0.01641	0.02803	0.07100	0.68436	0.01654	0.02133	0.02127	0.01581	0.02260	0.01310	0.01733	0.01098	0.00625	0.00691	0.00208	0.00833	0.00622	0.00344	0.01092
26	0.01541	0.01525	0.02099	0.01804	0.01831	0.02110	0.01498	0.01819	0.05787	0.01764	0.01048	0.01601	0.00999	0.01203	0.02182	0.00301	0.69148	0.00623	0.00333	0.00787
27	0.01447	0.01240	0.01447	0.01034	0.01654	0.00930	0.00827	0.01757	0.01447	0.02274	0.01240	0.01447	0.01034	0.00517	0.00517	0.00103	0.00517	0.00413	0.00413	0.79742
28	0.01535	0.01551	0.02273	0.01908	0.01957	0.02112	0.06126	0.01718	0.01108	0.01718	0.00950	0.01551	0.00926	0.01178	0.02190	0.00301	0.69191	0.00625	0.00309	0.00776
29	0.00938	0.00652	0.00851	0.00942	0.01035	0.00600	0.00653	0.01112	0.01507	0.03846	0.18390	0.53865	0.09079	0.01962	0.00867	0.00265	0.00390	0.01763	0.00679	0.00604
30	0.00850	0.00607	0.00810	0.00972	0.01012	0.00567	0.00648	0.00972	0.01336	0.01781	0.03846	0.75020	0.04615	0.02186	0.00891	0.00283	0.00405	0.01984	0.00648	0.00567
31	0.00859	0.00614	0.00818	0.00966	0.01014	0.00573	0.00648	0.00994	0.01377	0.01846	0.08112	0.70570	0.04741	0.02138	0.00886	0.00279	0.00400	0.01938	0.00655	0.00573
32	0.00871	0.00616	0.00803	0.00945	0.00980	0.00581	0.00619	0.00977	0.01295	0.01726	0.03635	0.65987	0.04349	0.11583	0.01232	0.00334	0.00440	0.01860	0.00619	0.00548
33	0.01647	0.01882	0.04118	0.02941	0.03647	0.01765	0.68588	0.02235	0.01647	0.02235	0.01412	0.01882	0.01059	0.00588	0.00824	0.00235	0.01176	0.00824	0.00353	0.00941
34	0.01012	0.00755	0.00941	0.00901	0.01078	0.00718	0.00675	0.03782	0.01801	0.02467	0.43135	0.09886	0.17712	0.03631	0.08054	0.00327	0.00517	0.01270	0.00687	0.00650
35	0.01447	0.01404	0.02474	0.50301	0.20143	0.01598	0.08849	0.01913	0.01466	0.01945	0.01275	0.01832	0.00984	0.00669	0.00709	0.00227	0.00932	0.00641	0.00323	0.00869
36	0.02527	0.03193	0.01989	0.01800	0.02133	0.67476	0.01361	0.02705	0.01911	0.01706	0.01067	0.01278	0.00900	0.00756	0.00752	0.00189	0.06634	0.00461	0.00356	0.00806
37	0.02401	0.01749	0.01905	0.04371	0.02094	0.01932	0.01243	0.57038	0.02956	0.04023	0.01794	0.04324	0.01356	0.00876	0.00684	0.00208	0.00717	0.00677	0.08556	0.01095
38	0.01021	0.00829	0.00897	0.00899	0.01113	0.00795	0.00678	0.01458	0.11685	0.01993	0.05305	0.08647	0.41554	0.10844	0.01166	0.00303	0.00460	0.09073	0.00629	0.00651
39	0.01004	0.00695	0.00869	0.00875	0.00913	0.00730	0.00563	0.01081	0.01058	0.01447	0.02160	0.06527	0.02377	0.52169	0.23846	0.00794	0.01018	0.00970	0.00416	0.00487
40	0.01760	0.01724	0.02770	0.03947	0.61216	0.04503	0.04736	0.02271	0.05960	0.02296	0.01405	0.01771	0.01161	0.00645	0.00695	0.00209	0.00843	0.00634	0.00370	0.01087
41	0.00850	0.00607	0.00810	0.00972	0.01012	0.00567	0.00648	0.00972	0.01336	0.01781	0.03846	0.75020	0.04615	0.02186	0.00891	0.00283	0.00405	0.01984	0.00648	0.00567
42	0.01447	0.01240	0.01447	0.01034	0.01654	0.00930	0.00827	0.01757	0.01447	0.02274	0.01240	0.01447	0.01034	0.00517	0.00517	0.00103	0.00517	0.00413	0.00413	0.79742
43	0.80405	0.01350	0.01026	0.00918	0.01350	0.01565	0.00756	0.02051	0.01188	0.03131	0.00972	0.01134	0.00756	0.00648	0.00432	0.00216	0.00540	0.00378	0.00432	0.00756
44	0.80405	0.01350	0.01026	0.00918	0.01350	0.01565	0.00756	0.02051	0.01188	0.03131	0.00972	0.01134	0.00756	0.00648	0.00432	0.00216	0.00540	0.00378	0.00432	0.00756
45	0.01318	0.01240	0.02093	0.73798	0.04806	0.01550	0.01938	0.01783	0.01395	0.01783	0.01240	0.01860	0.00930	0.00698	0.00698	0.00233	0.00930	0.00620	0.00310	0.00775
46	0.00862	0.00624	0.00816	0.00947	0.01011	0.00577	0.00642	0.01008	0.01415	0.01889	0.10708	0.64014	0.08735	0.02086	0.00880	0.00274	0.00394	0.01882	0.00660	0.00577
47	0.01370	0.01268	0.02093	0.70967	0.04703	0.01574	0.01914	0.04411	0.01469	0.01886	0.01257	0.01853	0.00940	0.00703	0.00698	0.00232	0.00924	0.00620	0.00325	0.00791
48	0.01491	0.01362	0.04283	0.01093	0.01728	0.01005	0.00916	0.04320	0.01518	0.02352	0.01257	0.01457	0.01033	0.00535	0.00530	0.00112	0.00547	0.00426	0.00420	0.73616
49	0.67502	0.09015	0.01359	0.01002	0.01434	0.03801	0.00843	0.02065	0.01230	0.02889	0.00973	0.01149	0.00779	0.00664	0.00501	0.00211	0.03012	0.00387	0.00412	0.00772
50	0.01400	0.03610	0.71860	0.01989	0.03020	0.01621	0.02578	0.02210	0.01473	0.02210	0.01252	0.01473	0.00884	0.00663	0.00663	0.00221	0.01031	0.00516	0.00295	0.01031
51	0.02584	0.01903	0.02045	0.01581	0.02120	0.02103	0.01301	0.66216	0.03207	0.04298	0.01758	0.04465	0.01317	0.00889	0.00705	0.00212	0.00754	0.00680	0.00696	0.01163

[dist]
# distance from previous block
# <min> <max>
0	30

[block]
# block no. 2 follows, 30 sequences, length 17
# corresponding to MSA columns:
# 263-279
name=unknown_C
#
# <colnr> <probs for GDERKNQSTAVLIFYWHMCP>
#	G	D	E	R	K	N	Q	S	T	A	V	L	I	F	Y	W	H	M	C	P
0	0.01707	0.51214	0.26944	0.01465	0.02211	0.02372	0.01667	0.02131	0.01437	0.01836	0.01066	0.01240	0.00892	0.00620	0.00521	0.00174	0.00844	0.00422	0.00297	0.00942
1	0.00919	0.00783	0.00846	0.04223	0.01189	0.00713	0.00644	0.01236	0.05958	0.02020	0.11668	0.06103	0.57970	0.01637	0.00811	0.00234	0.00391	0.01372	0.00646	0.00636
2	0.05241	0.37162	0.29963	0.01569	0.02310	0.04264	0.04128	0.02134	0.01445	0.01953	0.01128	0.01341	0.00918	0.00775	0.02840	0.00215	0.00914	0.00459	0.00309	0.00932
3	0.63036	0.01196	0.00943	0.00859	0.01232	0.01365	0.00697	0.01958	0.01248	0.03015	0.01258	0.01456	0.00983	0.00684	0.00444	0.00204	0.00493	0.00438	0.17760	0.00733
4	0.00857	0.00613	0.00816	0.00967	0.01014	0.00571	0.00648	0.00989	0.01368	0.01832	0.07175	0.71547	0.04713	0.02148	0.00887	0.00280	0.00401	0.01948	0.00654	0.00571
5	0.01657	0.01605	0.02563	0.21184	0.49222	0.04079	0.02016	0.02148	0.04704	0.02167	0.01357	0.01784	0.01102	0.00659	0.00691	0.00214	0.00856	0.00623	0.00354	0.01014
6	0.01318	0.01240	0.02093	0.73798	0.04806	0.01550	0.01938	0.01783	0.01395	0.01783	0.01240	0.01860	0.00930	0.00698	0.00698	0.00233	0.00930	0.00620	0.00310	0.00775
7	0.01727	0.01658	0.02832	0.04283	0.71123	0.01658	0.02142	0.02142	0.01589	0.02280	0.01313	0.01727	0.01105	0.00622	0.00691	0.00207	0.00829	0.00622	0.00345	0.01105
8	0.00850	0.00607	0.00810	0.00972	0.01012	0.00567	0.00648	0.00972	0.01336	0.01781	0.03846	0.75020	0.04615	0.02186	0.00891	0.00283	0.00405	0.01984	0.00648	0.00567
9	0.10791	0.01643	0.01769	0.01420	0.01912	0.01792	0.01155	0.38456	0.13670	0.13683	0.02045	0.05175	0.01528	0.00900	0.00681	0.00219	0.00667	0.00700	0.00693	0.01099
10	0.02009	0.01808	0.02168	0.30401	0.11511	0.10651	0.01668	0.26131	0.02172	0.02777	0.01386	0.01703	0.01040	0.00742	0.00688	0.00215	0.00900	0.00602	0.00461	0.00968
11	0.01781	0.01761	0.02780	0.04130	0.66878	0.06029	0.02093	0.02181	0.01613	0.02245	0.01298	0.01698	0.01093	0.00628	0.00687	0.00206	0.00855	0.00611	0.00346	0.01087
12	0.00850	0.00607	0.00810	0.00972	0.01012	0.00567	0.00648	0.00972	0.01336	0.01781	0.03846	0.75020	0.04615	0.02186	0.00891	0.00283	0.00405	0.01984	0.00648	0.00567
13	0.02448	0.01757	0.01876	0.01461	0.01960	0.01935	0.01199	0.58632	0.03006	0.04126	0.01766	0.01816	0.01278	0.00834	0.00666	0.00202	0.00701	0.00632	0.12599	0.01106
14	0.01704	0.00975	0.01184	0.01076	0.01354	0.04046	0.00845	0.01976	0.01850	0.23420	0.28399	0.11908	0.08290	0.01381	0.00800	0.00236	0.00497	0.08506	0.00744	0.00810
15	0.05878	0.12348	0.02159	0.06037	0.02192	0.34808	0.01316	0.13774	0.05226	0.05063	0.01314	0.01460	0.01034	0.00755	0.00685	0.00195	0.03895	0.00509	0.00443	0.00907
16	0.09566	0.05947	0.51155	0.01817	0.02705	0.01643	0.05172	0.04864	0.01539	0.04809	0.01289	0.01482	0.00926	0.00664	0.00636	0.00214	0.00933	0.00517	0.00352	0.03770

[dist]
# distance from previous block
# <min> <max>
1	5

[block]
# block no. 3 follows, 30 sequences, length 73
# corresponding to MSA columns:
# 285-357
name=unknown_D
#
# <colnr> <probs for GDERKNQSTAVLIFYWHMCP>
#	G	D	E	R	K	N	Q	S	T	A	V	L	I	F	Y	W	H	M	C	P
0	0.01879	0.11599	0.01851	0.03212	0.01819	0.05635	0.01049	0.14399	0.12657	0.07880	0.04300	0.02384	0.09063	0.00860	0.00639	0.00184	0.00636	0.00677	0.00561	0.18716
1	0.13084	0.17587	0.20712	0.05286	0.02399	0.04203	0.07218	0.07863	0.01641	0.07787	0.01313	0.01484	0.00985	0.00667	0.00598	0.00198	0.00832	0.00514	0.00408	0.05221
2	0.01214	0.00647	0.00938	0.00939	0.00962	0.00653	0.00637	0.02805	0.01019	0.01362	0.01478	0.08661	0.01530	0.02431	0.04290	0.68371	0.00625	0.00734	0.00347	0.00359
3	0.01482	0.03503	0.64305	0.02028	0.03003	0.05715	0.05953	0.02244	0.01511	0.02182	0.01251	0.01482	0.00894	0.00662	0.00669	0.00219	0.01052	0.00528	0.00301	0.01014
4	0.00983	0.00713	0.00927	0.00873	0.01040	0.00657	0.00655	0.01308	0.01965	0.02774	0.69030	0.05253	0.08324	0.01436	0.00823	0.00220	0.00330	0.01268	0.00765	0.00657
5	0.74320	0.03748	0.01152	0.00968	0.01401	0.04944	0.00797	0.02087	0.01232	0.03018	0.00977	0.01139	0.00767	0.00650	0.00442	0.00212	0.00580	0.00381	0.00424	0.00763
6	0.01438	0.09624	0.66185	0.01923	0.02918	0.01716	0.02463	0.02200	0.01469	0.02163	0.01229	0.01444	0.00885	0.00657	0.00645	0.00215	0.01008	0.00504	0.00295	0.01020
7	0.01292	0.00651	0.00654	0.00654	0.00811	0.00651	0.00486	0.01607	0.01450	0.02564	0.02274	0.02661	0.01811	0.03085	0.00581	0.00178	0.00336	0.00661	0.76948	0.00643
8	0.00846	0.00625	0.00792	0.00925	0.01000	0.00571	0.00627	0.00977	0.01381	0.01800	0.04414	0.62983	0.16286	0.02112	0.00879	0.00275	0.00396	0.01894	0.00648	0.00571
9	0.76056	0.05478	0.01171	0.00933	0.01374	0.01632	0.00780	0.02053	0.01200	0.03048	0.00972	0.01133	0.00763	0.00645	0.00433	0.00212	0.00551	0.00378	0.00424	0.00763
10	0.01163	0.00887	0.01228	0.05097	0.04496	0.00904	0.01124	0.01584	0.05560	0.02195	0.10951	0.06643	0.07656	0.01689	0.00901	0.00291	0.00610	0.45699	0.00631	0.00694
11	0.01212	0.00606	0.00909	0.00909	0.00909	0.00606	0.00606	0.00909	0.00909	0.01212	0.01212	0.02121	0.01212	0.02424	0.02727	0.79697	0.00606	0.00606	0.00303	0.00303
12	0.01212	0.00606	0.00909	0.00909	0.00909	0.00606	0.00606	0.00909	0.00909	0.01212	0.01212	0.02121	0.01212	0.02424	0.02727	0.79697	0.00606	0.00606	0.00303	0.00303
13	0.01367	0.01290	0.02182	0.65448	0.12772	0.01563	0.01962	0.01826	0.01419	0.01843	0.01249	0.01844	0.00951	0.00689	0.00697	0.00230	0.00918	0.00620	0.00314	0.00815
14	0.01501	0.01284	0.01530	0.01142	0.01670	0.01113	0.00920	0.05582	0.01540	0.02361	0.04831	0.01664	0.01318	0.00656	0.00729	0.00137	0.08235	0.00490	0.00437	0.62860
15	0.08030	0.57687	0.03166	0.01277	0.01820	0.14691	0.01187	0.02206	0.01496	0.01768	0.00989	0.01144	0.00885	0.00622	0.00478	0.00160	0.00818	0.00387	0.00319	0.00870
16	0.01015	0.00677	0.00761	0.00761	0.00761	0.00677	0.00423	0.01015	0.01015	0.01353	0.02199	0.04567	0.02537	0.75476	0.03552	0.00677	0.00677	0.01015	0.00423	0.00423
17	0.01461	0.11519	0.62259	0.01971	0.04940	0.01747	0.02413	0.02195	0.01471	0.02149	0.01223	0.01442	0.00892	0.00654	0.00640	0.00213	0.00994	0.00503	0.00297	0.01019
18	0.01870	0.01509	0.01612	0.01421	0.01834	0.01722	0.01114	0.07677	0.61977	0.06863	0.02764	0.02534	0.02050	0.00935	0.00709	0.00234	0.00568	0.00774	0.00718	0.01114
19	0.00986	0.00726	0.00914	0.00992	0.01109	0.00680	0.00689	0.04783	0.01483	0.01989	0.05712	0.60871	0.08091	0.01972	0.00853	0.00265	0.00426	0.01770	0.00641	0.05047
20	0.01014	0.00766	0.00971	0.01030	0.01199	0.00704	0.00779	0.01263	0.03175	0.01976	0.06045	0.36387	0.11349	0.03817	0.00925	0.00275	0.00479	0.17688	0.00620	0.09539
21	0.01078	0.00788	0.01098	0.01081	0.01186	0.00918	0.00828	0.01305	0.01168	0.01751	0.01973	0.06500	0.01889	0.09457	0.47595	0.00840	0.07641	0.00807	0.11476	0.00621
22	0.01415	0.01222	0.01499	0.09000	0.01980	0.00987	0.00943	0.01737	0.01438	0.02206	0.01317	0.03658	0.01128	0.00586	0.00548	0.00123	0.00559	0.00482	0.00409	0.68764
23	0.01099	0.08949	0.01257	0.00986	0.01116	0.00999	0.00731	0.01253	0.01139	0.01556	0.03923	0.03328	0.02094	0.31207	0.36499	0.00820	0.01249	0.00823	0.00396	0.00578
24	0.00905	0.00653	0.00858	0.01006	0.01066	0.00626	0.00696	0.01097	0.03435	0.01830	0.03755	0.65055	0.04428	0.04257	0.00969	0.00297	0.00437	0.07403	0.00643	0.00585
25	0.01504	0.01274	0.01477	0.01060	0.01678	0.00988	0.00850	0.04908	0.01533	0.02374	0.01261	0.01458	0.01041	0.00532	0.00525	0.00108	0.00529	0.00424	0.00427	0.76050
26	0.01698	0.01393	0.01580	0.01164	0.01762	0.01211	0.00938	0.15030	0.05023	0.02722	0.01401	0.01546	0.01115	0.00600	0.00562	0.00130	0.00568	0.00473	0.00483	0.60600
27	0.02451	0.09195	0.02150	0.01849	0.05841	0.54932	0.01363	0.06540	0.05743	0.01955	0.01214	0.01371	0.00995	0.00723	0.00626	0.00184	0.01125	0.00481	0.00393	0.00870
28	0.05618	0.00803	0.00937	0.00883	0.01100	0.00762	0.00669	0.01469	0.05589	0.04616	0.43964	0.06951	0.21172	0.01440	0.00793	0.00226	0.00369	0.01238	0.00717	0.00685
29	0.01760	0.01758	0.02679	0.11517	0.58014	0.07827	0.02051	0.02159	0.01602	0.02177	0.01285	0.01701	0.01069	0.00638	0.00686	0.00208	0.00877	0.00607	0.00343	0.01044
30	0.05529	0.01777	0.02216	0.15987	0.13684	0.11334	0.05143	0.11269	0.03490	0.02292	0.01257	0.01654	0.01025	0.00871	0.01090	0.02546	0.16955	0.00600	0.00393	0.00890
31	0.01526	0.01238	0.01455	0.01043	0.01660	0.00935	0.00836	0.01834	0.01473	0.05532	0.01311	0.01491	0.01066	0.00533	0.00525	0.00109	0.00520	0.00427	0.00435	0.76050
32	0.01727	0.01658	0.02832	0.04283	0.71123	0.01658	0.02142	0.02142	0.01589	0.02280	0.01313	0.01727	0.01105	0.00622	0.00691	0.00207	0.00829	0.00622	0.00345	0.01105
33	0.01400	0.03610	0.71860	0.01989	0.03020	0.01621	0.02578	0.02210	0.01473	0.02210	0.01252	0.01473	0.00884	0.00663	0.00663	0.00221	0.01031	0.00516	0.00295	0.01031
34	0.01302	0.00683	0.00730	0.04701	0.01034	0.00700	0.00568	0.01635	0.01460	0.02556	0.02219	0.02561	0.01741	0.00807	0.00499	0.00166	0.00359	0.00649	0.74973	0.00657
35	0.01750	0.01391	0.01538	0.05100	0.01892	0.01569	0.01095	0.04886	0.52874	0.07879	0.03008	0.05804	0.06071	0.01024	0.00723	0.00236	0.00562	0.00859	0.00694	0.01043
36	0.01727	0.01658	0.02832	0.04283	0.71123	0.01658	0.02142	0.02142	0.01589	0.02280	0.01313	0.01727	0.01105	0.00622	0.00691	0.00207	0.00829	0.00622	0.00345	0.01105
37	0.00863	0.00628	0.00815	0.00939	0.01010	0.00579	0.00639	0.01013	0.01429	0.01904	0.11604	0.61385	0.10486	0.02066	0.00877	0.00272	0.00392	0.01859	0.00661	0.00579
38	0.01013	0.00683	0.00793	0.00793	0.00804	0.00694	0.00463	0.01035	0.01024	0.01377	0.02170	0.04405	0.02467	0.69264	0.09668	0.00716	0.00782	0.00991	0.00418	0.00441
39	0.00847	0.00618	0.00798	0.00942	0.01004	0.00569	0.00635	0.00975	0.01364	0.01793	0.04206	0.67395	0.12009	0.02139	0.00883	0.00278	0.00399	0.01927	0.00648	0.00569
40	0.04324	0.00740	0.00937	0.00880	0.01055	0.00697	0.00663	0.01348	0.01942	0.02812	0.67823	0.05041	0.06340	0.01394	0.00807	0.00219	0.00338	0.01225	0.00754	0.00663
41	0.01524	0.01450	0.02465	0.38825	0.38170	0.01605	0.02040	0.01963	0.01493	0.02033	0.01277	0.01793	0.01018	0.00659	0.00694	0.00220	0.00879	0.00621	0.00328	0.00941
42	0.00850	0.00607	0.00810	0.00972	0.01012	0.00567	0.00648	0.00972	0.01336	0.01781	0.03846	0.75020	0.04615	0.02186	0.00891	0.00283	0.00405	0.01984	0.00648	0.00567
43	0.01518	0.01238	0.01454	0.01042	0.01659	0.00934	0.00835	0.01826	0.01470	0.05186	0.01304	0.01486	0.01063	0.00531	0.00525	0.00108	0.00520	0.00426	0.00432	0.76442
44	0.01471	0.06147	0.30800	0.01462	0.02091	0.01330	0.01584	0.05810	0.03523	0.06136	0.18264	0.05727	0.02615	0.00963	0.00702	0.00213	0.00717	0.02803	0.00508	0.07134
45	0.02405	0.01878	0.02014	0.05323	0.02197	0.05660	0.01332	0.52158	0.02815	0.03778	0.01585	0.01700	0.01166	0.00858	0.00829	0.00215	0.07506	0.00618	0.04882	0.01078
46	0.01470	0.01438	0.02648	0.37488	0.10990	0.01561	0.21743	0.02002	0.03562	0.02068	0.01428	0.01933	0.01090	0.00674	0.00719	0.00225	0.00935	0.00689	0.06479	0.00860
47	0.01658	0.05893	0.02946	0.14989	0.46930	0.01720	0.11547	0.02095	0.01557	0.02158	0.01296	0.01736	0.01059	0.00628	0.00697	0.00212	0.00890	0.00636	0.00338	0.01017
48	0.01015	0.00677	0.00761	0.00761	0.00761	0.00677	0.00423	0.01015	0.01015	0.01353	0.02199	0.04567	0.02537	0.75476	0.03552	0.00677	0.00677	0.01015	0.00423	0.00423
49	0.00987	0.00809	0.00875	0.00841	0.01073	0.00755	0.00632	0.01425	0.10400	0.02225	0.21925	0.05761	0.44388	0.03722	0.00889	0.00245	0.00382	0.01321	0.00679	0.00667
50	0.01104	0.00739	0.00970	0.00898	0.01083	0.00678	0.00678	0.01430	0.01976	0.06523	0.67074	0.05059	0.06321	0.01396	0.00816	0.00219	0.00344	0.01232	0.00773	0.00687
51	0.01447	0.01240	0.01447	0.01034	0.01654	0.00930	0.00827	0.01757	0.01447	0.02274	0.01240	0.01447	0.01034	0.00517	0.00517	0.00103	0.00517	0.00413	0.00413	0.79742
52	0.01708	0.01638	0.02798	0.07558	0.67998	0.01653	0.02132	0.02125	0.01580	0.02256	0.01309	0.01733	0.01097	0.00625	0.00691	0.00208	0.00834	0.00622	0.00344	0.01090
53	0.02474	0.03061	0.02014	0.01961	0.07447	0.61924	0.01391	0.02805	0.06997	0.01842	0.01228	0.01395	0.01006	0.00729	0.00640	0.00186	0.01173	0.00488	0.00385	0.00854
54	0.00953	0.00694	0.00909	0.01015	0.01061	0.00701	0.00710	0.01078	0.01293	0.01731	0.03347	0.48517	0.03933	0.16685	0.01502	0.00368	0.04311	0.10050	0.00585	0.00558
55	0.01682	0.01612	0.02752	0.11878	0.63878	0.01646	0.02119	0.02102	0.01568	0.02226	0.01305	0.01742	0.01086	0.00630	0.00692	0.00210	0.00840	0.00622	0.00342	0.01069
56	0.00849	0.00613	0.00804	0.00957	0.01008	0.00568	0.00641	0.00973	0.01350	0.01787	0.04027	0.71188	0.08331	0.02163	0.00887	0.00281	0.00402	0.01955	0.00648	0.00568
57	0.00848	0.00617	0.00800	0.00946	0.01005	0.00569	0.00636	0.00975	0.01361	0.01792	0.04163	0.68306	0.11125	0.02145	0.00884	0.00279	0.00400	0.01934	0.00648	0.00569
58	0.03023	0.01230	0.01633	0.01257	0.01786	0.01100	0.01036	0.08308	0.02094	0.64183	0.04951	0.02417	0.01849	0.00881	0.00706	0.00216	0.00598	0.00715	0.00848	0.01170
59	0.00966	0.00712	0.00903	0.00855	0.01029	0.00649	0.00641	0.01275	0.01924	0.02678	0.62328	0.05412	0.15087	0.01472	0.00823	0.00222	0.00332	0.01290	0.00752	0.00649
60	0.01447	0.01240	0.01447	0.01034	0.01654	0.00930	0.00827	0.01757	0.01447	0.02274	0.01240	0.01447	0.01034	0.00517	0.00517	0.00103	0.00517	0.00413	0.00413	0.79742
61	0.00850	0.00607	0.00810	0.00972	0.01012	0.00567	0.00648	0.00972	0.01336	0.01781	0.03846	0.75020	0.04615	0.02186	0.00891	0.00283	0.00405	0.01984	0.00648	0.00567
62	0.01407	0.00770	0.00806	0.02890	0.01037	0.00795	0.00596	0.06881	0.01603	0.02718	0.02199	0.02507	0.01716	0.00812	0.00510	0.00168	0.00378	0.00648	0.70862	0.00696
63	0.01618	0.02087	0.12161	0.02828	0.03573	0.01748	0.60751	0.02232	0.01626	0.02232	0.01393	0.01834	0.01038	0.00597	0.00804	0.00234	0.01159	0.00787	0.00346	0.00952
64	0.00876	0.00678	0.00798	0.00833	0.00990	0.00601	0.00600	0.01077	0.01616	0.02097	0.23077	0.27036	0.33612	0.01804	0.00844	0.00246	0.00363	0.01572	0.00680	0.00601
65	0.01639	0.01715	0.02119	0.03915	0.01954	0.09845	0.01519	0.01804	0.01178	0.01686	0.00943	0.01507	0.00915	0.01151	0.02062	0.00289	0.64086	0.00593	0.00311	0.00769
66	0.01500	0.13421	0.54842	0.02130	0.10307	0.01783	0.02338	0.02186	0.01478	0.02139	0.01220	0.01452	0.00910	0.00649	0.00636	0.00210	0.00970	0.00508	0.00301	0.01021
67	0.02607	0.03326	0.01978	0.01798	0.02157	0.72674	0.01348	0.02787	0.01978	0.01708	0.01079	0.01258	0.00899	0.00719	0.00629	0.00180	0.01258	0.00449	0.00360	0.00809
68	0.01411	0.03505	0.16041	0.09930	0.02441	0.01699	0.09199	0.01760	0.01259	0.01817	0.01331	0.03987	0.01247	0.11082	0.01712	0.00319	0.29431	0.00704	0.00334	0.00790
69	0.01670	0.01985	0.14038	0.03838	0.56353	0.01658	0.05940	0.02158	0.01574	0.02266	0.01308	0.01695	0.01067	0.00627	0.00694	0.00211	0.00881	0.00616	0.00338	0.01084
70	0.01669	0.01446	0.01557	0.04793	0.01910	0.01668	0.01114	0.03477	0.63101	0.02812	0.02984	0.02782	0.05632	0.00978	0.00715	0.00236	0.00560	0.00816	0.00688	0.01062
71	0.01031	0.00791	0.01202	0.01270	0.04538	0.00909	0.00932	0.01288	0.01144	0.01651	0.01843	0.02694	0.01714	0.05016	0.69317	0.01078	0.01820	0.00742	0.00372	0.00646
72	0.76740	0.01443	0.01070	0.00959	0.01388	0.04916	0.00784	0.02086	0.01225	0.03064	0.00977	0.01139	0.00762	0.00651	0.00441	0.00214	0.00574	0.00381	0.00428	0.00758

[dist]
# distance from previous block
# <min> <max>
0	3

[block]
# block no. 4 follows, 30 sequences, length 7
# corresponding to MSA columns:
# 361-367
name=unknown_E
#
# <colnr> <probs for GDERKNQSTAVLIFYWHMCP>
#	G	D	E	R	K	N	Q	S	T	A	V	L	I	F	Y	W	H	M	C	P
0	0.20756	0.01447	0.04257	0.04148	0.01972	0.01269	0.07540	0.04758	0.01481	0.02548	0.01211	0.01440	0.00965	0.00582	0.00546	0.00158	0.00633	0.00466	0.00416	0.43408
1	0.00992	0.00739	0.00760	0.00747	0.00970	0.00671	0.00563	0.01312	0.05369	0.02169	0.10684	0.05473	0.46994	0.01487	0.00745	0.00218	0.00356	0.01239	0.17875	0.00636
2	0.00853	0.00716	0.00746	0.00761	0.00990	0.00609	0.00586	0.01043	0.01592	0.01904	0.06753	0.06824	0.64585	0.01782	0.00838	0.00244	0.00381	0.07552	0.00648	0.00594
3	0.19758	0.01665	0.01763	0.01380	0.01907	0.01800	0.01140	0.40783	0.02560	0.17906	0.01743	0.01700	0.01203	0.00801	0.00641	0.00212	0.00682	0.00589	0.00674	0.01093
4	0.60651	0.01442	0.01655	0.01326	0.01817	0.01571	0.13804	0.02167	0.01324	0.07055	0.01163	0.01352	0.00872	0.00649	0.00523	0.00220	0.00665	0.00483	0.00443	0.00817
5	0.00941	0.00719	0.00906	0.00880	0.01057	0.00684	0.00667	0.01207	0.01673	0.02267	0.36612	0.05122	0.24772	0.02361	0.16548	0.00422	0.00673	0.01213	0.00646	0.00630
6	0.01347	0.01125	0.01335	0.01000	0.01520	0.00871	0.00790	0.01661	0.01563	0.02389	0.16445	0.02271	0.02248	0.00716	0.00584	0.00129	0.00476	0.00599	0.00491	0.62444

[dist]
# distance from previous block
# <min> <max>
0	3

[block]
# block no. 5 follows, 30 sequences, length 8
# corresponding to MSA columns:
# 371-378
name=unknown_F
#
# <colnr> <probs for GDERKNQSTAVLIFYWHMCP>
#	G	D	E	R	K	N	Q	S	T	A	V	L	I	F	Y	W	H	M	C	P
0	0.01616	0.02137	0.15000	0.02945	0.11540	0.01729	0.49962	0.02220	0.01612	0.02236	0.01374	0.01797	0.01036	0.00604	0.00782	0.00230	0.01112	0.00749	0.00343	0.00975
1	0.01333	0.00744	0.01006	0.01061	0.01214	0.00684	0.00777	0.01506	0.01498	0.15635	0.03613	0.53024	0.03976	0.01895	0.00862	0.00274	0.00469	0.09042	0.00690	0.00698
2	0.01040	0.00794	0.00979	0.01077	0.01194	0.00811	0.00764	0.01539	0.14912	0.02023	0.03639	0.57091	0.04091	0.01927	0.00859	0.00276	0.00447	0.05200	0.00660	0.00677
3	0.02579	0.01949	0.02243	0.01704	0.02273	0.02135	0.06287	0.63887	0.03160	0.04238	0.01656	0.01691	0.01177	0.00819	0.00707	0.00211	0.00798	0.00643	0.00673	0.01169
4	0.01675	0.01665	0.03021	0.10175	0.51895	0.01670	0.15274	0.02128	0.01583	0.02227	0.01326	0.01770	0.01081	0.00622	0.00718	0.00215	0.00907	0.00662	0.00344	0.01044
5	0.01182	0.15568	0.01358	0.00870	0.00997	0.01102	0.00605	0.01243	0.01102	0.01428	0.01934	0.03765	0.02160	0.56064	0.07459	0.00601	0.00768	0.00870	0.00395	0.00529
6	0.02176	0.02140	0.15749	0.01596	0.02213	0.01888	0.01491	0.41244	0.12026	0.03603	0.01758	0.01789	0.01274	0.00804	0.00677	0.00209	0.00763	0.00620	0.03546	0.04433
7	0.00966	0.00691	0.00783	0.00783	0.00854	0.00674	0.00493	0.01034	0.01168	0.01511	0.03377	0.04923	0.19440	0.50288	0.09631	0.00610	0.00713	0.01103	0.00474	0.00484

[dist]
# distance from previous block
# <min> <max>
0	10

# created by:
# /st0/software/busco_prod/Augustus/scripts/msa2prfl.pl ./align_prep/128416.fa
