[name]
unknown

[dist]
# distance from previous block
# <min> <max>
0	25

[block]
# block no. 0 follows, 29 sequences, length 30
# corresponding to MSA columns:
# 25-54
name=unknown_A
#
# <colnr> <probs for GDERKNQSTAVLIFYWHMCP>
#	G	D	E	R	K	N	Q	S	T	A	V	L	I	F	Y	W	H	M	C	P
0	0.01135	0.00811	0.01130	0.01275	0.01439	0.00807	0.01105	0.01464	0.01673	0.02195	0.09642	0.07792	0.04330	0.01922	0.00971	0.00319	0.00627	0.60039	0.00667	0.00657
1	0.00868	0.00620	0.00826	0.00991	0.01033	0.00578	0.00661	0.00991	0.01363	0.01818	0.03925	0.74510	0.04710	0.02231	0.00909	0.00289	0.00413	0.02024	0.00661	0.00578
2	0.01838	0.01627	0.02068	0.06588	0.24026	0.04829	0.01515	0.06763	0.31482	0.04586	0.05571	0.02338	0.01874	0.00851	0.00719	0.00226	0.00711	0.00737	0.00572	0.01078
3	0.80005	0.01377	0.01047	0.00936	0.01377	0.01597	0.00771	0.02093	0.01212	0.03195	0.00991	0.01157	0.00771	0.00661	0.00441	0.00220	0.00551	0.00386	0.00441	0.00771
4	0.01365	0.01301	0.02222	0.68173	0.04762	0.01610	0.04659	0.01835	0.01424	0.01835	0.01262	0.01889	0.00954	0.00724	0.00768	0.00240	0.03222	0.00641	0.00318	0.00798
5	0.01450	0.07045	0.68119	0.01992	0.03023	0.01708	0.02565	0.02249	0.01501	0.02228	0.01264	0.01486	0.00903	0.00673	0.00666	0.00222	0.01039	0.00519	0.00301	0.01046
6	0.02707	0.01995	0.02137	0.01638	0.02208	0.02208	0.01353	0.68159	0.03348	0.04488	0.01710	0.01710	0.01211	0.00855	0.00712	0.00214	0.00784	0.00641	0.00712	0.01211
7	0.00868	0.00620	0.00826	0.00991	0.01033	0.00578	0.00661	0.00991	0.01363	0.01818	0.03925	0.74510	0.04710	0.02231	0.00909	0.00289	0.00413	0.02024	0.00661	0.00578
8	0.01171	0.01014	0.01147	0.05385	0.05441	0.04206	0.00863	0.05449	0.03425	0.02196	0.11908	0.18863	0.33079	0.01589	0.00819	0.00242	0.00506	0.01362	0.00627	0.00707
9	0.01370	0.01281	0.02105	0.69066	0.04726	0.01593	0.01928	0.01934	0.05388	0.01887	0.01361	0.01943	0.01021	0.00727	0.00713	0.00238	0.00927	0.00643	0.00340	0.00811
10	0.00874	0.00632	0.00827	0.00970	0.01030	0.00585	0.00655	0.01013	0.01415	0.01882	0.07806	0.66693	0.08662	0.02163	0.00901	0.00283	0.00406	0.01953	0.00668	0.00585
11	0.00897	0.00724	0.00799	0.00780	0.00996	0.00625	0.00585	0.01130	0.01755	0.02237	0.28382	0.06337	0.48880	0.01686	0.00841	0.00235	0.00352	0.01430	0.00702	0.00625
12	0.80005	0.01377	0.01047	0.00936	0.01377	0.01597	0.00771	0.02093	0.01212	0.03195	0.00991	0.01157	0.00771	0.00661	0.00441	0.00220	0.00551	0.00386	0.00441	0.00771
13	0.01655	0.01583	0.02697	0.22047	0.53694	0.01664	0.02132	0.02091	0.01571	0.02196	0.01320	0.01797	0.01082	0.00654	0.00707	0.00218	0.00872	0.00634	0.00343	0.01041
14	0.01345	0.01266	0.02136	0.73264	0.04904	0.01582	0.01978	0.01819	0.01424	0.01819	0.01266	0.01898	0.00949	0.00712	0.00712	0.00237	0.00949	0.00633	0.00316	0.00791
15	0.01345	0.01266	0.02136	0.73264	0.04904	0.01582	0.01978	0.01819	0.01424	0.01819	0.01266	0.01898	0.00949	0.00712	0.00712	0.00237	0.00949	0.00633	0.00316	0.00791
16	0.01354	0.01279	0.02138	0.70072	0.04769	0.01609	0.01959	0.01815	0.01409	0.01815	0.01251	0.01883	0.00949	0.00736	0.00785	0.00241	0.04200	0.00632	0.00316	0.00790
17	0.01167	0.00808	0.00948	0.00906	0.00959	0.00864	0.00586	0.04660	0.01200	0.01670	0.02121	0.04036	0.02304	0.55748	0.09861	0.00656	0.04502	0.00943	0.05535	0.00525
18	0.00868	0.00620	0.00826	0.00991	0.01033	0.00578	0.00661	0.00991	0.01363	0.01818	0.03925	0.74510	0.04710	0.02231	0.00909	0.00289	0.00413	0.02024	0.00661	0.00578
19	0.05434	0.01271	0.01634	0.20657	0.02545	0.01154	0.01148	0.01815	0.01449	0.02229	0.01252	0.01575	0.01012	0.00584	0.00573	0.00147	0.00643	0.00477	0.00394	0.54006
20	0.02370	0.02870	0.02004	0.06886	0.02310	0.53624	0.01412	0.04924	0.01890	0.01847	0.01224	0.04199	0.01078	0.00854	0.00858	0.00207	0.09683	0.00557	0.00381	0.00822
21	0.09885	0.01200	0.01859	0.56678	0.04054	0.01463	0.01688	0.01750	0.01393	0.01969	0.01555	0.10538	0.01381	0.00889	0.00706	0.00242	0.00841	0.00773	0.00371	0.00763
22	0.01698	0.01762	0.05939	0.06410	0.02654	0.01943	0.20844	0.10747	0.01615	0.02285	0.01353	0.04929	0.01180	0.00991	0.01447	0.00268	0.31899	0.00747	0.00394	0.00894
23	0.02194	0.01635	0.01820	0.05683	0.02062	0.04597	0.01233	0.37491	0.02508	0.08726	0.02327	0.13019	0.05578	0.01134	0.00872	0.00235	0.06337	0.00894	0.00647	0.01008
24	0.00872	0.00662	0.00805	0.00897	0.01013	0.00594	0.00624	0.01033	0.01505	0.01946	0.11043	0.46781	0.25603	0.02025	0.00881	0.00268	0.00389	0.01792	0.00672	0.00594
25	0.01036	0.00770	0.00952	0.01046	0.01155	0.00760	0.00727	0.04943	0.06572	0.02060	0.03917	0.61111	0.08165	0.02034	0.00880	0.00279	0.00442	0.01825	0.00669	0.00656
26	0.02585	0.01944	0.05091	0.01600	0.02170	0.02027	0.01356	0.51847	0.10862	0.10240	0.01929	0.01876	0.01360	0.00862	0.00713	0.00218	0.00754	0.00662	0.00711	0.01194
27	0.02452	0.13735	0.02140	0.01390	0.01937	0.01857	0.01174	0.30978	0.06837	0.18738	0.02187	0.02102	0.05043	0.00859	0.00668	0.00202	0.00688	0.00659	0.00665	0.05690
28	0.01780	0.01418	0.01629	0.01251	0.01779	0.01339	0.01007	0.15974	0.08679	0.04711	0.06707	0.01961	0.01637	0.00755	0.00704	0.00164	0.04205	0.00589	0.00547	0.43161
29	0.01535	0.01148	0.01262	0.01079	0.01444	0.01115	0.00830	0.11254	0.13033	0.06974	0.03850	0.07055	0.24169	0.08275	0.01014	0.00259	0.00531	0.01018	0.00633	0.13524

[dist]
# distance from previous block
# <min> <max>
6	50

[block]
# block no. 1 follows, 29 sequences, length 6
# corresponding to MSA columns:
# 110-115
name=unknown_B
#
# <colnr> <probs for GDERKNQSTAVLIFYWHMCP>
#	G	D	E	R	K	N	Q	S	T	A	V	L	I	F	Y	W	H	M	C	P
0	0.13308	0.02024	0.08236	0.01612	0.04417	0.17612	0.06500	0.06918	0.07796	0.06550	0.07027	0.02582	0.10605	0.00932	0.00690	0.00218	0.00808	0.00744	0.00524	0.00896
1	0.12679	0.05544	0.01668	0.01308	0.01748	0.10787	0.01055	0.19415	0.08909	0.05189	0.06093	0.02668	0.09829	0.00968	0.00671	0.00209	0.00689	0.02844	0.00588	0.07138
2	0.13383	0.11364	0.01909	0.01437	0.05825	0.01696	0.01105	0.23937	0.02121	0.05273	0.07935	0.09607	0.01976	0.00950	0.00652	0.00205	0.00640	0.00755	0.00574	0.08657
3	0.05986	0.10532	0.10016	0.01614	0.05226	0.01589	0.06569	0.10666	0.06509	0.19706	0.07213	0.02314	0.04382	0.00849	0.00684	0.00211	0.00717	0.00703	0.00594	0.03921
4	0.08754	0.05696	0.18862	0.07058	0.02503	0.11315	0.05061	0.14472	0.01959	0.08727	0.04623	0.01773	0.01315	0.00759	0.00664	0.00210	0.00883	0.00591	0.00481	0.04291
5	0.14381	0.33618	0.15194	0.05955	0.07033	0.06301	0.04435	0.02181	0.01474	0.02108	0.01109	0.01340	0.00913	0.00644	0.00554	0.00191	0.00847	0.00465	0.00336	0.00920

[dist]
# distance from previous block
# <min> <max>
0	2

[block]
# block no. 2 follows, 29 sequences, length 13
# corresponding to MSA columns:
# 118-130
name=unknown_C
#
# <colnr> <probs for GDERKNQSTAVLIFYWHMCP>
#	G	D	E	R	K	N	Q	S	T	A	V	L	I	F	Y	W	H	M	C	P
0	0.03473	0.26677	0.02553	0.10711	0.02324	0.05538	0.05079	0.02591	0.22453	0.02192	0.01810	0.01932	0.03083	0.00796	0.00698	0.00207	0.03984	0.00615	0.00458	0.02827
1	0.18278	0.00987	0.00935	0.00847	0.01124	0.01062	0.00666	0.10320	0.01672	0.03006	0.01960	0.02214	0.01521	0.00797	0.00513	0.00184	0.00437	0.00601	0.52117	0.00757
2	0.01402	0.01223	0.01536	0.14128	0.02214	0.01036	0.01025	0.01737	0.01479	0.02198	0.01736	0.01978	0.06506	0.00662	0.00586	0.00140	0.00591	0.00546	0.00422	0.58856
3	0.01212	0.01189	0.10068	0.01092	0.01390	0.00894	0.00952	0.05775	0.01857	0.04691	0.37005	0.13314	0.09643	0.06511	0.01008	0.00265	0.00502	0.01222	0.00671	0.00739
4	0.01744	0.01122	0.01169	0.01019	0.01320	0.01209	0.00802	0.19254	0.10706	0.03174	0.02237	0.02409	0.01710	0.00854	0.00583	0.00188	0.00479	0.00676	0.48478	0.00866
5	0.32481	0.11352	0.14359	0.01299	0.01904	0.01746	0.01269	0.09486	0.01591	0.05030	0.01216	0.01372	0.00935	0.00684	0.00585	0.00199	0.02569	0.00460	0.00437	0.11026
6	0.02099	0.05516	0.01935	0.05788	0.07525	0.24545	0.01278	0.08806	0.04675	0.06898	0.03975	0.05000	0.01499	0.00836	0.00713	0.00195	0.03312	0.00636	0.03751	0.11018
7	0.01675	0.03854	0.02273	0.07053	0.16700	0.07336	0.10415	0.02370	0.14934	0.02308	0.01920	0.05600	0.03593	0.00802	0.00695	0.00203	0.00780	0.00728	0.00463	0.16300
8	0.01160	0.00920	0.01095	0.01067	0.01277	0.00960	0.00799	0.01863	0.19243	0.02419	0.23348	0.17337	0.12810	0.02018	0.10012	0.00361	0.00615	0.01259	0.00678	0.00759
9	0.01778	0.01523	0.01816	0.19171	0.02629	0.04365	0.01266	0.17221	0.01920	0.02674	0.01362	0.01627	0.01059	0.00658	0.00621	0.00167	0.00723	0.00527	0.00461	0.38434
10	0.45942	0.01553	0.01343	0.01144	0.01593	0.06143	0.00919	0.14509	0.01707	0.03145	0.01395	0.07102	0.01205	0.00813	0.00551	0.00210	0.00629	0.00572	0.00503	0.09023
11	0.03811	0.33193	0.18338	0.01577	0.02189	0.11112	0.06902	0.02130	0.01513	0.01890	0.01337	0.05167	0.01225	0.05868	0.00803	0.00226	0.00902	0.00587	0.00346	0.00884
12	0.02065	0.49067	0.07802	0.01426	0.02012	0.10199	0.01363	0.12228	0.01790	0.02150	0.01129	0.01282	0.00959	0.00686	0.00594	0.00175	0.03298	0.00447	0.00373	0.00954

[dist]
# distance from previous block
# <min> <max>
9	20

[block]
# block no. 3 follows, 29 sequences, length 20
# corresponding to MSA columns:
# 151-170
name=unknown_D
#
# <colnr> <probs for GDERKNQSTAVLIFYWHMCP>
#	G	D	E	R	K	N	Q	S	T	A	V	L	I	F	Y	W	H	M	C	P
0	0.51672	0.01383	0.01497	0.14320	0.10094	0.01569	0.01170	0.02147	0.01353	0.07370	0.01202	0.01445	0.00911	0.00682	0.00538	0.00222	0.00660	0.00481	0.00438	0.00846
1	0.01829	0.01602	0.02028	0.05505	0.20779	0.01778	0.01474	0.08749	0.42095	0.02877	0.02297	0.02297	0.01751	0.00855	0.00718	0.00231	0.00677	0.00737	0.00603	0.01119
2	0.01762	0.01692	0.02890	0.04371	0.70533	0.01692	0.02185	0.02185	0.01621	0.02326	0.01339	0.01762	0.01128	0.00634	0.00705	0.00211	0.00846	0.00634	0.00352	0.01128
3	0.01345	0.01266	0.02136	0.73264	0.04904	0.01582	0.01978	0.01819	0.01424	0.01819	0.01266	0.01898	0.00949	0.00712	0.00712	0.00237	0.00949	0.00633	0.00316	0.00791
4	0.01683	0.01611	0.02747	0.17483	0.58042	0.01671	0.02146	0.02116	0.01584	0.02230	0.01325	0.01788	0.01094	0.00649	0.00706	0.00216	0.00866	0.00634	0.00346	0.01064
5	0.00890	0.00624	0.00836	0.00985	0.01029	0.00584	0.00660	0.01003	0.01371	0.01835	0.06574	0.68325	0.04636	0.02209	0.00991	0.03879	0.00419	0.01930	0.00650	0.00570
6	0.02143	0.01714	0.01819	0.01524	0.01993	0.01945	0.01217	0.29363	0.43062	0.03578	0.02426	0.02280	0.01791	0.00922	0.00720	0.00230	0.00651	0.00740	0.00720	0.01160
7	0.01681	0.01921	0.04202	0.03001	0.03721	0.01801	0.67947	0.02281	0.01681	0.02281	0.01441	0.01921	0.01080	0.00600	0.00840	0.00240	0.01200	0.00840	0.00360	0.00960
8	0.01490	0.01267	0.01824	0.32234	0.03081	0.01464	0.05046	0.05897	0.17008	0.02393	0.05021	0.04921	0.01775	0.01045	0.03371	0.00264	0.00784	0.00771	0.09477	0.00867
9	0.01771	0.01530	0.01610	0.01449	0.01852	0.01771	0.01127	0.03784	0.69247	0.02979	0.02898	0.02657	0.02174	0.00966	0.00725	0.00242	0.00564	0.00805	0.00725	0.01127
10	0.00868	0.00620	0.00826	0.00991	0.01033	0.00578	0.00661	0.00991	0.01363	0.01818	0.03925	0.74510	0.04710	0.02231	0.00909	0.00289	0.00413	0.02024	0.00661	0.00578
11	0.00904	0.00635	0.00815	0.00945	0.00977	0.00603	0.00611	0.01001	0.01292	0.01723	0.03559	0.59317	0.04248	0.18054	0.01500	0.00376	0.00473	0.01809	0.00611	0.00546
12	0.01650	0.05707	0.15060	0.02759	0.03528	0.01825	0.54174	0.02270	0.01641	0.02248	0.01393	0.01816	0.01044	0.00613	0.00795	0.00234	0.01156	0.00767	0.00348	0.00973
13	0.01234	0.00867	0.01060	0.01081	0.01208	0.00877	0.00759	0.12773	0.01648	0.02201	0.03174	0.49825	0.03633	0.08453	0.01263	0.06564	0.00519	0.01583	0.00622	0.00655
14	0.02542	0.02890	0.02163	0.02155	0.11824	0.49010	0.01486	0.15075	0.02213	0.02343	0.01249	0.01432	0.01002	0.00743	0.00664	0.00193	0.01128	0.00518	0.00430	0.00941
15	0.07286	0.00745	0.00798	0.00789	0.00824	0.00762	0.00458	0.01119	0.01049	0.01524	0.02144	0.04383	0.02445	0.69093	0.03372	0.00653	0.00679	0.00984	0.00432	0.00458
16	0.07143	0.01221	0.01311	0.01129	0.01442	0.01323	0.00885	0.25690	0.04604	0.03132	0.02032	0.07591	0.01702	0.01235	0.02946	0.08134	0.00600	0.00743	0.26291	0.00844
17	0.01995	0.01517	0.01841	0.10944	0.07676	0.01603	0.01285	0.24167	0.12177	0.06835	0.02022	0.02124	0.03745	0.00817	0.00675	0.00202	0.00683	0.00665	0.05918	0.13107
18	0.04625	0.03676	0.05639	0.20472	0.05173	0.01669	0.13209	0.15725	0.01943	0.02697	0.10688	0.02226	0.01807	0.00827	0.00786	0.00224	0.03550	0.00730	0.00478	0.03857
19	0.01884	0.04397	0.01961	0.01562	0.05046	0.06220	0.05645	0.18389	0.08672	0.02788	0.01688	0.04876	0.01421	0.04295	0.00790	0.00202	0.00716	0.00649	0.00518	0.28279

[dist]
# distance from previous block
# <min> <max>
32	138

[block]
# block no. 4 follows, 29 sequences, length 23
# corresponding to MSA columns:
# 329-351
name=unknown_E
#
# <colnr> <probs for GDERKNQSTAVLIFYWHMCP>
#	G	D	E	R	K	N	Q	S	T	A	V	L	I	F	Y	W	H	M	C	P
0	0.01741	0.14771	0.13747	0.01721	0.08953	0.01736	0.01437	0.07205	0.20197	0.06278	0.02399	0.08982	0.05895	0.00977	0.00690	0.00221	0.00701	0.00806	0.00540	0.01005
1	0.01450	0.29575	0.02278	0.03428	0.05280	0.01625	0.02638	0.01723	0.01569	0.02066	0.14841	0.14409	0.02841	0.01105	0.00669	0.00201	0.00614	0.04393	0.00489	0.08805
2	0.05864	0.42326	0.13563	0.01292	0.01877	0.02157	0.01323	0.06023	0.01571	0.02149	0.04326	0.01634	0.01303	0.00947	0.04374	0.00229	0.00804	0.00504	0.06834	0.00900
3	0.05112	0.46637	0.14469	0.01407	0.02058	0.07891	0.01437	0.04305	0.01597	0.07568	0.01216	0.01335	0.00985	0.00662	0.00536	0.00177	0.00831	0.00446	0.00374	0.00957
4	0.01431	0.04688	0.01243	0.01077	0.01346	0.13428	0.00828	0.03439	0.01786	0.05828	0.14680	0.12886	0.29135	0.01486	0.00791	0.00231	0.00581	0.03775	0.00625	0.00715
5	0.06556	0.01486	0.01549	0.01305	0.01643	0.04827	0.01010	0.32409	0.04291	0.03066	0.01878	0.05615	0.01674	0.14541	0.08102	0.04816	0.00838	0.00765	0.02750	0.00878
6	0.52037	0.04158	0.07932	0.01681	0.13535	0.01697	0.01235	0.06121	0.01446	0.02986	0.01121	0.01326	0.00876	0.00668	0.00525	0.00217	0.00669	0.00457	0.00425	0.00890
7	0.01413	0.01271	0.10711	0.01274	0.03913	0.00953	0.01099	0.01840	0.04486	0.12079	0.22731	0.06510	0.14886	0.01624	0.05875	0.00303	0.00646	0.06921	0.00650	0.00816
8	0.01793	0.01244	0.01381	0.01339	0.05132	0.06112	0.00956	0.02399	0.16523	0.17833	0.06121	0.15344	0.12319	0.05401	0.00926	0.00260	0.00582	0.01081	0.00675	0.02580
9	0.00867	0.00649	0.00806	0.00922	0.01017	0.00588	0.00632	0.01013	0.01453	0.01886	0.07417	0.55206	0.20767	0.02095	0.00890	0.00275	0.00397	0.01867	0.00666	0.00588
10	0.01625	0.21576	0.29853	0.04618	0.02627	0.01867	0.09412	0.02153	0.01520	0.04445	0.01440	0.01969	0.01194	0.00760	0.00705	0.00212	0.03147	0.05168	0.00362	0.05348
11	0.01821	0.01555	0.01638	0.01459	0.01871	0.01795	0.01139	0.07239	0.65710	0.03060	0.02834	0.02606	0.02122	0.00960	0.00724	0.00240	0.00575	0.00796	0.00724	0.01132
12	0.01292	0.00901	0.01031	0.00954	0.01057	0.00949	0.00629	0.11464	0.01407	0.01894	0.02121	0.03982	0.02280	0.55244	0.11289	0.00670	0.00849	0.00942	0.00469	0.00576
13	0.00842	0.00721	0.00721	0.00721	0.00962	0.00601	0.00541	0.01022	0.01623	0.01924	0.07213	0.06853	0.70244	0.01803	0.00842	0.00240	0.00361	0.01503	0.00661	0.00601
14	0.01008	0.00728	0.00952	0.00896	0.01064	0.00672	0.00672	0.01344	0.02016	0.02855	0.70158	0.05319	0.06719	0.01456	0.00840	0.00224	0.00336	0.01288	0.00784	0.00672
15	0.74545	0.01365	0.01090	0.00960	0.01408	0.01558	0.00791	0.02191	0.01271	0.08017	0.01121	0.01247	0.00842	0.00677	0.00460	0.00220	0.00555	0.00409	0.00472	0.00802
16	0.01339	0.01229	0.02066	0.69116	0.04676	0.01527	0.01900	0.01768	0.01395	0.01786	0.01264	0.01914	0.00966	0.00813	0.00831	0.04769	0.00930	0.00632	0.00316	0.00763
17	0.01537	0.01462	0.02483	0.41527	0.35137	0.01633	0.02073	0.01988	0.01515	0.02053	0.01300	0.01836	0.01032	0.00676	0.00709	0.00225	0.00902	0.00634	0.00333	0.00946
18	0.01085	0.00794	0.00997	0.00965	0.00991	0.00884	0.00642	0.01154	0.01064	0.01472	0.02040	0.03954	0.02251	0.52907	0.17810	0.00747	0.08388	0.00937	0.00409	0.00510
19	0.21175	0.01471	0.01531	0.01247	0.01700	0.01589	0.01015	0.27329	0.05826	0.13240	0.07756	0.02132	0.01771	0.00867	0.00638	0.00214	0.00608	0.00657	0.08234	0.01000
20	0.02061	0.54678	0.05596	0.01333	0.01912	0.10357	0.01268	0.05964	0.01667	0.05615	0.03077	0.01388	0.01138	0.00677	0.00524	0.00167	0.00811	0.00452	0.00379	0.00935
21	0.05726	0.09461	0.22798	0.05798	0.07214	0.08717	0.05142	0.02150	0.01687	0.06461	0.15662	0.02340	0.02189	0.00845	0.00688	0.00214	0.00833	0.00698	0.00458	0.00917
22	0.08456	0.01689	0.07876	0.02265	0.18761	0.03263	0.10492	0.02371	0.11144	0.06686	0.10135	0.02275	0.01937	0.00790	0.00699	0.00212	0.00747	0.00716	0.00502	0.08985

[dist]
# distance from previous block
# <min> <max>
4	6

[block]
# block no. 5 follows, 29 sequences, length 26
# corresponding to MSA columns:
# 358-383
name=unknown_F
#
# <colnr> <probs for GDERKNQSTAVLIFYWHMCP>
#	G	D	E	R	K	N	Q	S	T	A	V	L	I	F	Y	W	H	M	C	P
0	0.71733	0.01620	0.08441	0.01051	0.01557	0.01603	0.00967	0.02110	0.01243	0.03096	0.01022	0.01193	0.00785	0.00663	0.00465	0.00221	0.00604	0.00400	0.00426	0.00801
1	0.08601	0.01595	0.09002	0.01383	0.01922	0.01385	0.01233	0.11363	0.12189	0.33198	0.05341	0.02576	0.01916	0.00931	0.00710	0.00229	0.00656	0.03952	0.00724	0.01096
2	0.02119	0.03734	0.01920	0.09526	0.07659	0.07019	0.01383	0.18495	0.07550	0.13488	0.02221	0.03124	0.01874	0.01049	0.00796	0.00240	0.02641	0.13561	0.00608	0.00992
3	0.00859	0.00716	0.00742	0.00746	0.00966	0.00607	0.00551	0.01042	0.01619	0.01963	0.10991	0.09606	0.61254	0.04023	0.00929	0.00255	0.00371	0.01497	0.00662	0.00600
4	0.02038	0.01517	0.01743	0.05206	0.02005	0.01684	0.01236	0.37267	0.06056	0.03379	0.02197	0.03254	0.01932	0.05228	0.02791	0.00290	0.03146	0.13592	0.04464	0.00976
5	0.00886	0.00628	0.00821	0.00968	0.01004	0.00591	0.00635	0.00996	0.01327	0.01769	0.03737	0.66725	0.04473	0.10339	0.01212	0.00334	0.00444	0.01914	0.00635	0.00562
6	0.01492	0.01149	0.03356	0.01222	0.01470	0.01131	0.00951	0.21850	0.02002	0.02717	0.03068	0.42548	0.03329	0.01671	0.00823	0.00259	0.00555	0.04794	0.04816	0.00797
7	0.01351	0.01266	0.02103	0.69641	0.04743	0.01550	0.01921	0.01818	0.01426	0.01844	0.01266	0.01877	0.00955	0.00703	0.00703	0.00231	0.00928	0.00622	0.00322	0.04731
8	0.01891	0.59098	0.06822	0.01345	0.01895	0.02601	0.01325	0.02142	0.01429	0.04713	0.01076	0.01269	0.00953	0.00706	0.00721	0.00179	0.10152	0.00434	0.00330	0.00916
9	0.01609	0.01344	0.01548	0.01118	0.01744	0.01085	0.00899	0.08947	0.01678	0.02554	0.01313	0.01502	0.01072	0.00563	0.00547	0.00117	0.00555	0.00446	0.00453	0.70907
10	0.01743	0.16189	0.34255	0.01868	0.02619	0.07848	0.07560	0.05820	0.07620	0.02262	0.01373	0.01570	0.01051	0.00726	0.00737	0.00215	0.04617	0.00556	0.00371	0.01001
11	0.02660	0.03394	0.02018	0.01834	0.02201	0.72116	0.01376	0.02843	0.02018	0.01743	0.01101	0.01284	0.00917	0.00734	0.00642	0.00183	0.01284	0.00459	0.00367	0.00825
12	0.01181	0.02675	0.01030	0.00891	0.01128	0.00747	0.00681	0.01460	0.01861	0.08149	0.43006	0.05248	0.22197	0.03468	0.00888	0.00236	0.00390	0.01243	0.00729	0.02792
13	0.01802	0.01767	0.02852	0.04258	0.67506	0.04811	0.02149	0.02214	0.01639	0.02300	0.01329	0.01741	0.01119	0.00639	0.00702	0.00210	0.00865	0.00627	0.00353	0.01115
14	0.01904	0.75404	0.03731	0.01218	0.01828	0.02818	0.01218	0.02132	0.01447	0.01675	0.00990	0.01142	0.00914	0.00609	0.00457	0.00152	0.00761	0.00381	0.00305	0.00914
15	0.01530	0.01320	0.01711	0.10662	0.02214	0.01146	0.04196	0.06481	0.01607	0.02384	0.01420	0.04720	0.01211	0.00652	0.00596	0.00145	0.00628	0.00554	0.00436	0.56388
16	0.02662	0.03324	0.02024	0.01825	0.02202	0.68619	0.01375	0.06111	0.02084	0.01880	0.01131	0.01305	0.00932	0.00740	0.00646	0.00185	0.01259	0.00468	0.00384	0.00845
17	0.03195	0.01212	0.01652	0.01267	0.01818	0.01047	0.01047	0.03470	0.02038	0.71026	0.02809	0.02424	0.01763	0.00881	0.00716	0.00220	0.00606	0.00716	0.00881	0.01212
18	0.00863	0.00722	0.00751	0.00744	0.00975	0.00610	0.00558	0.01063	0.01674	0.02044	0.15322	0.06655	0.62061	0.01759	0.00841	0.00238	0.00357	0.01475	0.00677	0.00610
19	0.01762	0.01692	0.02890	0.04371	0.70533	0.01692	0.02185	0.02185	0.01621	0.02326	0.01339	0.01762	0.01128	0.00634	0.00705	0.00211	0.00846	0.00634	0.00352	0.01128
20	0.01136	0.00756	0.00993	0.00918	0.01108	0.00694	0.00694	0.01468	0.02017	0.06839	0.66222	0.05150	0.06429	0.01422	0.00833	0.00224	0.00352	0.01254	0.00790	0.00703
21	0.00933	0.00702	0.00902	0.00978	0.01058	0.00687	0.00682	0.01093	0.01467	0.01969	0.14882	0.47444	0.12332	0.06252	0.01123	0.00297	0.04238	0.01712	0.00649	0.00598
22	0.02079	0.01599	0.01769	0.01463	0.01884	0.01790	0.01178	0.36983	0.17505	0.03516	0.05787	0.04604	0.04257	0.01458	0.08101	0.00322	0.03190	0.00795	0.00668	0.01051
23	0.13056	0.01585	0.05392	0.01772	0.12486	0.04426	0.01279	0.08201	0.03956	0.29309	0.05518	0.02094	0.01631	0.00806	0.00667	0.00211	0.00683	0.00646	0.00636	0.05647
24	0.01951	0.60547	0.10526	0.01333	0.01984	0.02600	0.01368	0.06858	0.01605	0.04048	0.01126	0.01259	0.00959	0.00642	0.00506	0.00166	0.00788	0.00424	0.00351	0.00958
25	0.02343	0.01754	0.01876	0.01490	0.01996	0.01928	0.01211	0.46438	0.16174	0.03924	0.01973	0.01963	0.01445	0.00858	0.00687	0.00210	0.00689	0.00664	0.07162	0.05212

[dist]
# distance from previous block
# <min> <max>
2	5

[block]
# block no. 6 follows, 29 sequences, length 23
# corresponding to MSA columns:
# 389-411
name=unknown_G
#
# <colnr> <probs for GDERKNQSTAVLIFYWHMCP>
#	G	D	E	R	K	N	Q	S	T	A	V	L	I	F	Y	W	H	M	C	P
0	0.00874	0.00625	0.00832	0.00987	0.01034	0.00583	0.00662	0.01008	0.01395	0.01868	0.07104	0.71189	0.04806	0.02194	0.00906	0.00286	0.00409	0.01989	0.00667	0.00583
1	0.80005	0.01377	0.01047	0.00936	0.01377	0.01597	0.00771	0.02093	0.01212	0.03195	0.00991	0.01157	0.00771	0.00661	0.00441	0.00220	0.00551	0.00386	0.00441	0.00771
2	0.01025	0.00731	0.00984	0.00984	0.01055	0.00803	0.00689	0.01168	0.01097	0.01534	0.02054	0.03612	0.02134	0.35803	0.42174	0.00946	0.01375	0.00882	0.00403	0.00546
3	0.00860	0.00649	0.00796	0.00913	0.01012	0.00585	0.00626	0.01000	0.01439	0.01848	0.04879	0.54875	0.23729	0.02107	0.00889	0.00275	0.00398	0.01873	0.00661	0.00585
4	0.01628	0.01360	0.01557	0.01138	0.01754	0.01128	0.00914	0.09365	0.04699	0.02594	0.01388	0.01555	0.01122	0.00584	0.00557	0.00124	0.00558	0.00464	0.00468	0.67044
5	0.01419	0.01337	0.02256	0.55903	0.19021	0.01572	0.01979	0.01871	0.01465	0.01929	0.01370	0.04287	0.01113	0.00746	0.00717	0.00233	0.00909	0.00680	0.00336	0.00857
6	0.01614	0.19988	0.42276	0.01967	0.06855	0.01942	0.04406	0.04950	0.01584	0.02221	0.03160	0.01567	0.01102	0.00700	0.00683	0.00210	0.02888	0.00539	0.00338	0.01010
7	0.00874	0.00639	0.00822	0.00953	0.01026	0.00587	0.00647	0.01018	0.01437	0.01898	0.08619	0.61906	0.12698	0.02129	0.00896	0.00279	0.00402	0.01914	0.00669	0.00587
8	0.03024	0.01396	0.01756	0.01356	0.01904	0.01332	0.01117	0.17526	0.05395	0.53472	0.02575	0.02279	0.01662	0.00879	0.00716	0.00220	0.00643	0.00704	0.00837	0.01208
9	0.01659	0.02109	0.12185	0.03037	0.11147	0.01771	0.52645	0.02267	0.01653	0.02283	0.01409	0.01852	0.01064	0.00613	0.00805	0.00235	0.01143	0.00779	0.00352	0.00990
10	0.01222	0.00884	0.01186	0.01128	0.01263	0.01038	0.00881	0.04330	0.01306	0.01989	0.01892	0.02661	0.01705	0.06878	0.42312	0.00775	0.09723	0.00732	0.17420	0.00674
11	0.00883	0.00632	0.00840	0.00981	0.01036	0.00589	0.00662	0.01031	0.01436	0.01934	0.11356	0.66748	0.04935	0.02144	0.00901	0.00282	0.00404	0.01942	0.00675	0.00589
12	0.02707	0.01995	0.02137	0.01638	0.02208	0.02208	0.01353	0.68159	0.03348	0.04488	0.01710	0.01710	0.01211	0.00855	0.00712	0.00214	0.00784	0.00641	0.00712	0.01211
13	0.01493	0.01290	0.01557	0.01243	0.05598	0.00991	0.00920	0.01815	0.01485	0.02321	0.01270	0.01493	0.01059	0.00533	0.00537	0.00111	0.00545	0.00434	0.00418	0.74887
14	0.00868	0.00620	0.00826	0.00991	0.01033	0.00578	0.00661	0.00991	0.01363	0.01818	0.03925	0.74510	0.04710	0.02231	0.00909	0.00289	0.00413	0.02024	0.00661	0.00578
15	0.00901	0.00741	0.00805	0.00837	0.01062	0.00644	0.00660	0.01111	0.01626	0.01964	0.06539	0.07084	0.57294	0.01835	0.00869	0.00258	0.00418	0.14079	0.00660	0.00612
16	0.01764	0.48746	0.22557	0.01460	0.02164	0.05460	0.01599	0.02164	0.01513	0.01893	0.04111	0.01433	0.01165	0.00671	0.00544	0.00177	0.00848	0.00465	0.00327	0.00938
17	0.01936	0.07618	0.05795	0.05039	0.37815	0.11918	0.06221	0.06911	0.05618	0.02360	0.01395	0.01697	0.01129	0.00682	0.00687	0.00208	0.00917	0.00609	0.00394	0.01051
18	0.01055	0.00771	0.01060	0.01047	0.01131	0.00876	0.00765	0.01230	0.01120	0.01604	0.01983	0.03311	0.01994	0.26350	0.45943	0.00939	0.04498	0.00837	0.02906	0.00580
19	0.25917	0.11732	0.01976	0.03729	0.04202	0.01667	0.09157	0.05658	0.01483	0.02590	0.01401	0.01753	0.01145	0.02940	0.00781	0.00224	0.06456	0.00564	0.15804	0.00821
20	0.00892	0.00645	0.00849	0.01003	0.01069	0.00603	0.00698	0.01039	0.01407	0.01854	0.04137	0.63609	0.09167	0.02177	0.00911	0.00289	0.00432	0.07970	0.00661	0.00587
21	0.05676	0.01817	0.01848	0.08136	0.11726	0.15017	0.01340	0.14267	0.13962	0.02749	0.06667	0.02428	0.04150	0.00900	0.00697	0.00217	0.00782	0.02359	0.04307	0.00954
22	0.01034	0.00693	0.00789	0.00785	0.00796	0.00689	0.00448	0.01057	0.01103	0.01482	0.06922	0.04705	0.02873	0.69911	0.03432	0.00658	0.00666	0.01053	0.00456	0.00448

[dist]
# distance from previous block
# <min> <max>
0	64

[block]
# block no. 7 follows, 29 sequences, length 20
# corresponding to MSA columns:
# 476-495
name=unknown_H
#
# <colnr> <probs for GDERKNQSTAVLIFYWHMCP>
#	G	D	E	R	K	N	Q	S	T	A	V	L	I	F	Y	W	H	M	C	P
0	0.01475	0.03384	0.60459	0.02292	0.08407	0.01669	0.07932	0.02252	0.01527	0.02263	0.01296	0.01558	0.00934	0.00667	0.00692	0.00226	0.01048	0.00560	0.00310	0.01051
1	0.80005	0.01377	0.01047	0.00936	0.01377	0.01597	0.00771	0.02093	0.01212	0.03195	0.00991	0.01157	0.00771	0.00661	0.00441	0.00220	0.00551	0.00386	0.00441	0.00771
2	0.01648	0.01332	0.01618	0.04166	0.01742	0.01590	0.01142	0.14971	0.12092	0.02620	0.04931	0.08063	0.03958	0.03857	0.03400	0.00292	0.20766	0.00842	0.10107	0.00862
3	0.00923	0.00725	0.00835	0.00807	0.01012	0.00636	0.00605	0.01180	0.01816	0.02381	0.38121	0.06100	0.39052	0.01633	0.00841	0.00232	0.00349	0.01397	0.00721	0.00636
4	0.01571	0.01385	0.01375	0.01268	0.01612	0.05266	0.00983	0.02937	0.44917	0.02633	0.03746	0.03704	0.17002	0.01168	0.00744	0.00238	0.00551	0.03438	0.04506	0.00955
5	0.02525	0.01800	0.01978	0.01556	0.02074	0.01982	0.01275	0.52968	0.08222	0.08765	0.01896	0.01925	0.01373	0.01244	0.06752	0.00295	0.00849	0.00669	0.00697	0.01156
6	0.01215	0.00772	0.00982	0.00918	0.01129	0.00694	0.00692	0.01499	0.01894	0.10320	0.46170	0.11516	0.16436	0.01518	0.00832	0.00232	0.00378	0.01325	0.00764	0.00713
7	0.01497	0.01284	0.01486	0.01082	0.01699	0.01006	0.00863	0.01932	0.06197	0.02366	0.01379	0.01559	0.01133	0.00558	0.00541	0.00115	0.00530	0.00449	0.00443	0.73881
8	0.01703	0.08106	0.08394	0.16551	0.36604	0.05073	0.09183	0.02159	0.01585	0.02138	0.01291	0.01709	0.01043	0.00651	0.00695	0.00214	0.00934	0.00618	0.00339	0.01008
9	0.01935	0.05183	0.02195	0.10045	0.05021	0.16490	0.01524	0.11798	0.01697	0.02167	0.01221	0.03529	0.01083	0.00996	0.01376	0.00251	0.31607	0.00621	0.00394	0.00868
10	0.02409	0.01782	0.01895	0.01466	0.02015	0.05050	0.01192	0.42862	0.02698	0.09415	0.01779	0.04892	0.01365	0.00843	0.00679	0.00194	0.00722	0.00654	0.00648	0.17441
11	0.01397	0.01083	0.01387	0.04415	0.01563	0.01225	0.01003	0.11548	0.01679	0.04319	0.08056	0.31666	0.05853	0.05187	0.01280	0.00290	0.15415	0.01301	0.00588	0.00745
12	0.02149	0.34184	0.17092	0.01446	0.02089	0.02026	0.01487	0.02510	0.01602	0.21567	0.01565	0.01612	0.01155	0.00745	0.00707	0.00198	0.05856	0.00523	0.00469	0.01018
13	0.02083	0.00964	0.01247	0.01040	0.01410	0.00846	0.00828	0.02362	0.01935	0.36584	0.22760	0.04008	0.14714	0.01198	0.00762	0.00222	0.00474	0.01009	0.04626	0.00928
14	0.00994	0.00727	0.00932	0.00881	0.01055	0.00666	0.00661	0.01317	0.01982	0.02777	0.64837	0.05449	0.12088	0.01485	0.00840	0.00225	0.00338	0.01306	0.00773	0.00666
15	0.01533	0.01322	0.01664	0.01210	0.01822	0.01059	0.05218	0.05416	0.01588	0.02416	0.01406	0.04401	0.01209	0.00617	0.00573	0.00127	0.00580	0.00524	0.00443	0.66870
16	0.00865	0.00722	0.00753	0.00746	0.00976	0.00611	0.00559	0.01067	0.01678	0.02053	0.15970	0.06639	0.61407	0.01755	0.00841	0.00238	0.00357	0.01473	0.00678	0.00611
17	0.01719	0.02052	0.09012	0.03249	0.21548	0.04382	0.42707	0.02274	0.01663	0.02271	0.01388	0.01822	0.01073	0.00620	0.00784	0.00229	0.01097	0.00746	0.00354	0.01008
18	0.00898	0.00724	0.00802	0.00800	0.01012	0.00628	0.00604	0.01122	0.01715	0.02168	0.23113	0.08872	0.48908	0.01736	0.00849	0.00242	0.00368	0.04127	0.00692	0.00621
19	0.01232	0.00838	0.01076	0.01045	0.01237	0.00841	0.00814	0.01672	0.08162	0.05783	0.31536	0.04836	0.06160	0.04683	0.09432	0.03418	0.00633	0.11553	0.04339	0.00710

[dist]
# distance from previous block
# <min> <max>
15	18

[block]
# block no. 8 follows, 29 sequences, length 19
# corresponding to MSA columns:
# 515-533
name=unknown_I
#
# <colnr> <probs for GDERKNQSTAVLIFYWHMCP>
#	G	D	E	R	K	N	Q	S	T	A	V	L	I	F	Y	W	H	M	C	P
0	0.01155	0.00758	0.00886	0.00867	0.00942	0.00758	0.00554	0.03640	0.01264	0.04027	0.04482	0.10050	0.06262	0.50104	0.08042	0.00604	0.00721	0.01088	0.03260	0.00538
1	0.01850	0.01935	0.02329	0.07789	0.38117	0.17645	0.01743	0.02321	0.06828	0.02194	0.03999	0.04504	0.04021	0.00812	0.00709	0.00213	0.00882	0.00708	0.00418	0.00983
2	0.01979	0.01415	0.01577	0.03800	0.01764	0.01532	0.01047	0.33076	0.02325	0.03338	0.01887	0.04913	0.01525	0.03210	0.00824	0.00215	0.04599	0.00694	0.22391	0.07891
3	0.00964	0.00687	0.00886	0.01012	0.01075	0.00660	0.00689	0.03625	0.01425	0.01899	0.03698	0.63474	0.04380	0.07984	0.01121	0.00320	0.00459	0.04404	0.00644	0.00594
4	0.01268	0.00726	0.01074	0.12095	0.01528	0.00775	0.00810	0.01180	0.01093	0.01549	0.01411	0.02200	0.01284	0.01943	0.02104	0.54656	0.00625	0.00628	0.12612	0.00439
5	0.01563	0.01841	0.12719	0.14424	0.27755	0.01602	0.10527	0.02235	0.09291	0.02261	0.01719	0.07757	0.01469	0.00816	0.00738	0.00231	0.00872	0.00777	0.00407	0.00996
6	0.02217	0.04367	0.02378	0.07176	0.14910	0.31400	0.06564	0.12502	0.02036	0.02356	0.03969	0.01690	0.01243	0.00765	0.00745	0.00206	0.03512	0.00595	0.00426	0.00942
7	0.01805	0.00910	0.01172	0.01002	0.01330	0.00800	0.00788	0.02087	0.01947	0.28522	0.32330	0.04521	0.17245	0.01306	0.00793	0.00226	0.00443	0.01113	0.00797	0.00863
8	0.01086	0.00945	0.01630	0.01541	0.04323	0.00888	0.14938	0.01339	0.01493	0.02019	0.08659	0.50726	0.03965	0.01761	0.00881	0.00270	0.00590	0.01660	0.00595	0.00688
9	0.01838	0.04014	0.02680	0.02167	0.06615	0.06629	0.22253	0.05794	0.01624	0.07399	0.01544	0.04669	0.01287	0.00906	0.01174	0.00244	0.20819	0.00739	0.06699	0.00905
10	0.01704	0.01094	0.04901	0.01125	0.01460	0.00937	0.00926	0.02211	0.09125	0.21591	0.35382	0.09634	0.04395	0.01266	0.00790	0.00230	0.00479	0.01098	0.00769	0.00882
11	0.01396	0.00819	0.01042	0.00934	0.01189	0.00730	0.00719	0.01690	0.01945	0.15758	0.45253	0.05055	0.17862	0.01412	0.00816	0.00226	0.00392	0.01219	0.00779	0.00762
12	0.01488	0.07609	0.51261	0.10266	0.11172	0.01722	0.02418	0.02190	0.01505	0.02179	0.01266	0.01556	0.00935	0.00671	0.00670	0.00221	0.00998	0.00542	0.00309	0.01023
13	0.01814	0.01308	0.01511	0.01283	0.01536	0.01450	0.00978	0.26204	0.02009	0.06301	0.02248	0.10263	0.04342	0.24156	0.01852	0.00384	0.10023	0.00936	0.00575	0.00828
14	0.08824	0.01707	0.06993	0.01622	0.02209	0.01578	0.09780	0.18064	0.09545	0.29059	0.02134	0.02052	0.01452	0.00816	0.00707	0.00224	0.00746	0.00684	0.00682	0.01123
15	0.01612	0.01661	0.07652	0.11612	0.44501	0.01548	0.01983	0.04221	0.01649	0.02296	0.01834	0.02719	0.03642	0.00861	0.00744	0.00231	0.00832	0.08988	0.00405	0.01009
16	0.07582	0.02175	0.07220	0.06941	0.08062	0.21037	0.05496	0.05804	0.18450	0.02415	0.01820	0.06671	0.01513	0.00869	0.00694	0.00222	0.00888	0.00708	0.00487	0.00946
17	0.01602	0.01442	0.01428	0.07013	0.01699	0.14027	0.01023	0.06740	0.01531	0.02047	0.01713	0.02535	0.01567	0.15609	0.12148	0.00444	0.10384	0.00703	0.15632	0.00711
18	0.01682	0.01319	0.01534	0.01126	0.01736	0.01077	0.00904	0.05709	0.05807	0.07251	0.01498	0.01628	0.01182	0.00597	0.00563	0.00128	0.00549	0.00478	0.00489	0.64744

[dist]
# distance from previous block
# <min> <max>
1	2

[block]
# block no. 9 follows, 29 sequences, length 31
# corresponding to MSA columns:
# 536-566
name=unknown_J
#
# <colnr> <probs for GDERKNQSTAVLIFYWHMCP>
#	G	D	E	R	K	N	Q	S	T	A	V	L	I	F	Y	W	H	M	C	P
0	0.01843	0.01331	0.01495	0.01296	0.01724	0.04085	0.01053	0.06304	0.18877	0.13410	0.02736	0.03594	0.04950	0.01091	0.00736	0.00222	0.00616	0.15005	0.00647	0.18987
1	0.01741	0.01115	0.01301	0.01166	0.01510	0.01130	0.00915	0.02607	0.25298	0.18192	0.12805	0.07618	0.15734	0.01285	0.00783	0.00241	0.00502	0.04373	0.00750	0.00935
2	0.01691	0.01619	0.02762	0.16110	0.59350	0.01673	0.02150	0.02123	0.01588	0.02240	0.01327	0.01786	0.01097	0.00648	0.00706	0.00216	0.00864	0.00634	0.00346	0.01071
3	0.01017	0.00763	0.01144	0.01144	0.01272	0.00890	0.00890	0.01272	0.01144	0.01653	0.01907	0.02797	0.01780	0.05340	0.72153	0.01144	0.01907	0.00763	0.00381	0.00636
4	0.01650	0.01872	0.04075	0.02926	0.03620	0.01755	0.65416	0.02232	0.01669	0.02263	0.01534	0.04651	0.01217	0.00662	0.00843	0.00242	0.01171	0.00885	0.00371	0.00946
5	0.01446	0.01572	0.06750	0.05055	0.05884	0.01589	0.22929	0.01816	0.01420	0.02034	0.01803	0.15870	0.01766	0.01119	0.01232	0.00263	0.21228	0.00962	0.04434	0.00828
6	0.02660	0.03394	0.02018	0.01834	0.02201	0.72116	0.01376	0.02843	0.02018	0.01743	0.01101	0.01284	0.00917	0.00734	0.00642	0.00183	0.01284	0.00459	0.00367	0.00825
7	0.01001	0.00676	0.00787	0.00821	0.00830	0.00667	0.00479	0.01026	0.01104	0.01472	0.02593	0.19180	0.03030	0.59854	0.03060	0.00607	0.00633	0.01241	0.00479	0.00462
8	0.01681	0.01340	0.01230	0.05799	0.01558	0.13634	0.00889	0.08279	0.01769	0.05392	0.05006	0.14274	0.02246	0.03903	0.00769	0.00223	0.00625	0.00889	0.29738	0.00755
9	0.00926	0.00662	0.00870	0.00948	0.01034	0.00617	0.00656	0.01123	0.01589	0.02181	0.28182	0.46244	0.05361	0.04918	0.00994	0.00282	0.00396	0.01713	0.00697	0.00607
10	0.00926	0.00659	0.00875	0.01014	0.01077	0.00625	0.00712	0.01083	0.01421	0.01898	0.08108	0.56080	0.04610	0.07217	0.01104	0.00318	0.00460	0.10576	0.00652	0.00585
11	0.00874	0.00675	0.00801	0.00886	0.01022	0.00602	0.00630	0.01040	0.01515	0.01926	0.08580	0.40264	0.32142	0.02004	0.00880	0.00267	0.00397	0.04232	0.00667	0.00595
12	0.01651	0.01919	0.08014	0.07218	0.17409	0.01788	0.40545	0.02184	0.01591	0.02213	0.01355	0.01828	0.01058	0.00674	0.00923	0.00239	0.07319	0.00747	0.00348	0.00976
13	0.01465	0.09218	0.66072	0.01967	0.02985	0.01744	0.02522	0.02246	0.01499	0.02210	0.01256	0.01475	0.00903	0.00671	0.00660	0.00220	0.01030	0.00515	0.00301	0.01042
14	0.01234	0.00778	0.01024	0.00934	0.01142	0.00711	0.00711	0.01564	0.02018	0.09913	0.63185	0.05019	0.06206	0.01396	0.00827	0.00224	0.00364	0.01229	0.00794	0.00728
15	0.00868	0.00620	0.00826	0.00991	0.01033	0.00578	0.00661	0.00991	0.01363	0.01818	0.03925	0.74510	0.04710	0.02231	0.00909	0.00289	0.00413	0.02024	0.00661	0.00578
16	0.05656	0.01505	0.02199	0.33285	0.18243	0.05123	0.05031	0.02229	0.08820	0.04977	0.01788	0.02138	0.04423	0.00774	0.00707	0.00228	0.00852	0.00685	0.00419	0.00918
17	0.02242	0.01918	0.01838	0.04883	0.02097	0.12363	0.01232	0.38261	0.08823	0.03389	0.02613	0.02588	0.12609	0.00996	0.00724	0.00217	0.00777	0.00770	0.00635	0.01025
18	0.02372	0.02547	0.01804	0.01593	0.01964	0.42260	0.01223	0.15370	0.05615	0.02452	0.01507	0.01687	0.01197	0.01012	0.04216	0.00238	0.01060	0.00553	0.10445	0.00886
19	0.07823	0.01470	0.01685	0.04984	0.01964	0.01483	0.01099	0.24392	0.02173	0.13814	0.02193	0.02219	0.07799	0.00862	0.00722	0.00196	0.03460	0.00661	0.00607	0.20392
20	0.01633	0.06463	0.02274	0.01825	0.01882	0.05527	0.01527	0.01794	0.01158	0.01713	0.00946	0.01518	0.00933	0.01181	0.02134	0.00295	0.65494	0.00600	0.00314	0.00790
21	0.00875	0.00625	0.00833	0.00987	0.01034	0.00583	0.00662	0.01010	0.01397	0.01871	0.07322	0.70961	0.04813	0.02191	0.00905	0.00286	0.00409	0.01987	0.00667	0.00583
22	0.00991	0.00676	0.00785	0.00821	0.00839	0.00663	0.00485	0.01025	0.01130	0.01497	0.02807	0.19785	0.05786	0.56352	0.02927	0.00586	0.00617	0.01267	0.00490	0.00470
23	0.01920	0.01557	0.01719	0.01604	0.05404	0.01762	0.01195	0.08645	0.57059	0.06744	0.02722	0.02525	0.02024	0.00936	0.00722	0.00237	0.00597	0.00779	0.00713	0.01138
24	0.05902	0.23681	0.23421	0.01645	0.05081	0.04922	0.01643	0.02420	0.01595	0.15478	0.03144	0.01658	0.01221	0.00745	0.00697	0.00205	0.04564	0.00539	0.00439	0.00999
25	0.10156	0.55802	0.06927	0.01263	0.01864	0.05506	0.01244	0.02253	0.01489	0.06394	0.01129	0.01253	0.00954	0.00641	0.00492	0.00169	0.00768	0.00414	0.00359	0.00922
26	0.01442	0.03599	0.68400	0.02128	0.05927	0.01655	0.02612	0.02252	0.01508	0.02258	0.01280	0.01514	0.00912	0.00675	0.00678	0.00225	0.01044	0.00531	0.00303	0.01056
27	0.01675	0.01591	0.02680	0.06244	0.61886	0.01595	0.02049	0.02083	0.01616	0.02281	0.01744	0.02299	0.04800	0.00755	0.00724	0.00219	0.00816	0.03493	0.00380	0.01070
28	0.01940	0.05394	0.01775	0.01573	0.06196	0.09223	0.01154	0.08711	0.25582	0.09535	0.02588	0.06018	0.06483	0.05842	0.00985	0.00259	0.04336	0.00822	0.00608	0.00975
29	0.00997	0.00682	0.00822	0.00858	0.00879	0.00685	0.00525	0.01049	0.01117	0.01501	0.02574	0.19566	0.02969	0.52613	0.09586	0.00647	0.00747	0.01223	0.00476	0.00483
30	0.00920	0.00677	0.00874	0.01012	0.01111	0.00631	0.00740	0.01094	0.01462	0.01898	0.04432	0.50006	0.15313	0.02108	0.00913	0.00289	0.00454	0.14811	0.00660	0.00598

[dist]
# distance from previous block
# <min> <max>
0	31

[block]
# block no. 10 follows, 29 sequences, length 25
# corresponding to MSA columns:
# 598-622
name=unknown_K
#
# <colnr> <probs for GDERKNQSTAVLIFYWHMCP>
#	G	D	E	R	K	N	Q	S	T	A	V	L	I	F	Y	W	H	M	C	P
0	0.75912	0.01371	0.01103	0.04700	0.01561	0.01597	0.00834	0.02079	0.01223	0.03123	0.01006	0.01195	0.00780	0.00664	0.00455	0.00221	0.00572	0.00398	0.00434	0.00772
1	0.01477	0.01266	0.01477	0.01055	0.01687	0.00949	0.00844	0.01793	0.01477	0.02320	0.01266	0.01477	0.01055	0.00527	0.00527	0.00105	0.00527	0.00422	0.00422	0.79328
2	0.01237	0.00618	0.00928	0.00928	0.00928	0.00618	0.00618	0.00928	0.00928	0.01237	0.01237	0.02165	0.01237	0.02474	0.02783	0.79283	0.00618	0.00618	0.00309	0.00309
3	0.01036	0.00690	0.00777	0.00777	0.00777	0.00690	0.00431	0.01036	0.01036	0.01381	0.02244	0.04660	0.02589	0.74975	0.03624	0.00690	0.00690	0.01036	0.00431	0.00431
4	0.01363	0.01301	0.02248	0.69456	0.04840	0.01594	0.05553	0.01844	0.01438	0.01844	0.01275	0.01900	0.00956	0.00706	0.00719	0.00237	0.00963	0.00644	0.00319	0.00800
5	0.01079	0.00817	0.01137	0.01216	0.01373	0.00802	0.03305	0.01429	0.05200	0.02101	0.07459	0.30669	0.07455	0.01921	0.00924	0.00297	0.00553	0.30940	0.00658	0.00663
6	0.02658	0.01744	0.01939	0.01500	0.02032	0.01869	0.01234	0.50937	0.02982	0.16144	0.05424	0.02054	0.01612	0.00889	0.00712	0.00214	0.00713	0.00688	0.03489	0.01164
7	0.02519	0.02460	0.01916	0.01630	0.02065	0.33395	0.01273	0.25729	0.09153	0.05360	0.01635	0.01701	0.01235	0.00811	0.00668	0.00200	0.00950	0.00580	0.05727	0.00994
8	0.00912	0.00773	0.00783	0.00772	0.01012	0.00683	0.00574	0.01205	0.06058	0.01967	0.06687	0.06469	0.62467	0.05301	0.00969	0.00262	0.00390	0.01434	0.00654	0.00628
9	0.02589	0.01905	0.02062	0.01614	0.02153	0.02103	0.01338	0.63105	0.03218	0.04309	0.01866	0.02189	0.01430	0.00939	0.00733	0.00222	0.00774	0.05575	0.00708	0.01169
10	0.01017	0.00763	0.01144	0.01144	0.01272	0.00890	0.00890	0.01272	0.01144	0.01653	0.01907	0.02797	0.01780	0.05340	0.72153	0.01144	0.01907	0.00763	0.00381	0.00636
11	0.01999	0.01426	0.01704	0.03542	0.06408	0.04760	0.01080	0.04749	0.01701	0.18258	0.01626	0.01729	0.01216	0.00666	0.00655	0.00157	0.02813	0.00526	0.00525	0.44459
12	0.01428	0.03683	0.71286	0.02030	0.03082	0.01654	0.02631	0.02255	0.01503	0.02255	0.01278	0.01503	0.00902	0.00677	0.00677	0.00226	0.01052	0.00526	0.00301	0.01052
13	0.00920	0.00724	0.00830	0.00804	0.01010	0.00634	0.00603	0.01174	0.01808	0.02363	0.36877	0.06130	0.40307	0.01640	0.00841	0.00233	0.00349	0.01401	0.00719	0.00634
14	0.01612	0.01048	0.01199	0.01107	0.01360	0.01085	0.00845	0.18500	0.03973	0.06318	0.05347	0.27255	0.02919	0.01382	0.00739	0.00233	0.00506	0.03246	0.20508	0.00815
15	0.02024	0.63916	0.03458	0.01317	0.01887	0.13873	0.01244	0.02246	0.01538	0.01686	0.01008	0.01165	0.00914	0.00629	0.00486	0.00157	0.00845	0.00393	0.00315	0.00900
16	0.01900	0.01438	0.01587	0.01312	0.01716	0.04996	0.01050	0.20844	0.06706	0.07077	0.01822	0.02081	0.01443	0.01821	0.16850	0.00404	0.03275	0.00636	0.07588	0.15451
