[name]
unknown

[dist]
# distance from previous block
# <min> <max>
5	9

[block]
# block no. 0 follows, 29 sequences, length 12
# corresponding to MSA columns:
# 9-20
name=unknown_A
#
# <colnr> <probs for GDERKNQSTAVLIFYWHMCP>
#	G	D	E	R	K	N	Q	S	T	A	V	L	I	F	Y	W	H	M	C	P
0	0.00879	0.00633	0.00815	0.00955	0.01008	0.00589	0.00634	0.00997	0.01358	0.01792	0.04042	0.64072	0.09458	0.07789	0.01113	0.00316	0.00430	0.01909	0.00643	0.00569
1	0.02321	0.01760	0.01895	0.01516	0.01954	0.03840	0.01234	0.47482	0.05031	0.03736	0.01754	0.01951	0.01341	0.03453	0.04575	0.00280	0.06568	0.00661	0.07588	0.01061
2	0.01827	0.02124	0.08404	0.02503	0.03148	0.08046	0.42375	0.08594	0.01806	0.02407	0.01380	0.01762	0.01054	0.00682	0.00881	0.00228	0.06033	0.00725	0.00391	0.05631
3	0.02577	0.01342	0.01642	0.01309	0.01786	0.01322	0.01063	0.17479	0.09690	0.37805	0.13479	0.02760	0.02488	0.00978	0.00736	0.00222	0.00597	0.00802	0.00811	0.01115
4	0.13478	0.01244	0.01889	0.57779	0.04128	0.01525	0.01713	0.01812	0.01387	0.02032	0.01382	0.06106	0.01146	0.00794	0.00682	0.00238	0.00856	0.00677	0.00356	0.00775
5	0.01345	0.01266	0.02136	0.73264	0.04904	0.01582	0.01978	0.01819	0.01424	0.01819	0.01266	0.01898	0.00949	0.00712	0.00712	0.00237	0.00949	0.00633	0.00316	0.00791
6	0.01469	0.01488	0.02047	0.06955	0.02111	0.06948	0.08435	0.01709	0.01318	0.01803	0.01886	0.06923	0.07441	0.01676	0.09597	0.00375	0.35861	0.00819	0.00383	0.00758
7	0.07799	0.01095	0.01175	0.01007	0.01332	0.01141	0.00799	0.16485	0.01859	0.04928	0.01957	0.02233	0.01531	0.01300	0.08545	0.00286	0.00650	0.00628	0.37461	0.07789
8	0.01240	0.00963	0.01219	0.06653	0.01517	0.01037	0.00878	0.07560	0.03747	0.02022	0.02674	0.32848	0.02977	0.18902	0.01615	0.00363	0.07068	0.01304	0.00544	0.04868
9	0.01887	0.01393	0.01661	0.01386	0.01755	0.01514	0.01112	0.17271	0.12675	0.10158	0.02251	0.07788	0.04486	0.01452	0.07646	0.00312	0.11659	0.00794	0.00594	0.12207
10	0.01687	0.01809	0.06270	0.11064	0.30457	0.06815	0.09555	0.03774	0.03056	0.02178	0.01513	0.07194	0.01346	0.00851	0.00917	0.00234	0.09186	0.00746	0.00383	0.00965
11	0.01701	0.01267	0.01674	0.04628	0.01921	0.01157	0.05841	0.05609	0.06198	0.11540	0.02218	0.02429	0.07472	0.03820	0.05393	0.00256	0.02169	0.00684	0.00527	0.33497

[dist]
# distance from previous block
# <min> <max>
4	19

[block]
# block no. 1 follows, 29 sequences, length 6
# corresponding to MSA columns:
# 40-45
name=unknown_B
#
# <colnr> <probs for GDERKNQSTAVLIFYWHMCP>
#	G	D	E	R	K	N	Q	S	T	A	V	L	I	F	Y	W	H	M	C	P
0	0.01829	0.01498	0.02031	0.22004	0.10735	0.01756	0.01544	0.21384	0.01967	0.02762	0.01494	0.01872	0.01165	0.00852	0.00958	0.00230	0.13149	0.00638	0.11197	0.00935
1	0.01784	0.01404	0.01700	0.10192	0.02095	0.01618	0.01208	0.23627	0.12698	0.02794	0.02032	0.10329	0.01823	0.06790	0.04363	0.04749	0.08484	0.00853	0.00560	0.00896
2	0.01552	0.01713	0.11062	0.01477	0.01854	0.08725	0.08203	0.12468	0.01762	0.02273	0.02541	0.18087	0.07225	0.16222	0.01357	0.00330	0.00789	0.01064	0.00511	0.00784
3	0.01753	0.01332	0.01559	0.08862	0.01974	0.01398	0.01079	0.27094	0.02157	0.02953	0.02460	0.09083	0.08935	0.03719	0.06451	0.00297	0.00744	0.00851	0.05768	0.11532
4	0.02337	0.09667	0.02482	0.01727	0.02280	0.02089	0.10315	0.46901	0.02763	0.03679	0.01772	0.07440	0.01439	0.00903	0.00718	0.00217	0.00808	0.00750	0.00617	0.01095
5	0.02122	0.06056	0.09735	0.01560	0.02142	0.01828	0.04869	0.37559	0.02450	0.03343	0.01604	0.01947	0.01278	0.08618	0.00984	0.00249	0.00790	0.00636	0.00556	0.11675

[dist]
# distance from previous block
# <min> <max>
4	36

[block]
# block no. 2 follows, 29 sequences, length 16
# corresponding to MSA columns:
# 82-97
name=unknown_C
#
# <colnr> <probs for GDERKNQSTAVLIFYWHMCP>
#	G	D	E	R	K	N	Q	S	T	A	V	L	I	F	Y	W	H	M	C	P
0	0.01871	0.08154	0.13693	0.03756	0.07460	0.12342	0.18295	0.07878	0.05689	0.02356	0.01393	0.01656	0.01083	0.00690	0.00731	0.00206	0.02852	0.00611	0.00401	0.08881
1	0.01835	0.01443	0.01743	0.04541	0.06822	0.01313	0.01101	0.17002	0.01923	0.05821	0.01470	0.01705	0.01168	0.02838	0.00690	0.00166	0.00635	0.00527	0.00499	0.46758
2	0.01290	0.01047	0.01443	0.01394	0.07197	0.01003	0.05635	0.08903	0.01958	0.02671	0.32835	0.07597	0.16435	0.03655	0.00895	0.00240	0.00516	0.01163	0.00658	0.03466
3	0.01556	0.01330	0.01682	0.01454	0.07508	0.01150	0.03295	0.06421	0.06398	0.02524	0.05781	0.05050	0.01660	0.00724	0.00615	0.00151	0.00580	0.00619	0.00488	0.51013
4	0.00907	0.00747	0.00811	0.00790	0.01028	0.00631	0.00589	0.01114	0.01650	0.02077	0.15881	0.11967	0.51095	0.01709	0.00828	0.00234	0.00372	0.01448	0.00665	0.05457
5	0.01616	0.05767	0.20227	0.02543	0.03333	0.01753	0.44212	0.02233	0.01612	0.02249	0.01367	0.01751	0.01028	0.00614	0.00760	0.00223	0.01096	0.00713	0.00348	0.06556
6	0.01518	0.01281	0.01477	0.01104	0.01679	0.01057	0.00878	0.04481	0.08106	0.02504	0.06341	0.01872	0.01571	0.00648	0.00576	0.00131	0.00527	0.00529	0.00488	0.63233
7	0.00988	0.00727	0.00924	0.00875	0.01052	0.00663	0.00656	0.01305	0.01969	0.02744	0.62639	0.05502	0.14307	0.01497	0.00840	0.00226	0.00339	0.01313	0.00769	0.00663
8	0.02707	0.01995	0.02137	0.01638	0.02208	0.02208	0.01353	0.68159	0.03348	0.04488	0.01710	0.01710	0.01211	0.00855	0.00712	0.00214	0.00784	0.00641	0.00712	0.01211
9	0.01017	0.00763	0.01144	0.01144	0.01272	0.00890	0.00890	0.01272	0.01144	0.01653	0.01907	0.02797	0.01780	0.05340	0.72153	0.01144	0.01907	0.00763	0.00381	0.00636
10	0.02393	0.01502	0.01751	0.01532	0.07437	0.06841	0.01125	0.06096	0.06489	0.31101	0.02037	0.01972	0.01429	0.00747	0.00653	0.00183	0.00662	0.00602	0.00639	0.24807
11	0.01689	0.01124	0.01353	0.01102	0.01532	0.00998	0.00875	0.06721	0.05767	0.14328	0.18176	0.05318	0.07955	0.01049	0.00708	0.00192	0.00506	0.03325	0.00656	0.26630
12	0.01736	0.01851	0.08340	0.04184	0.65158	0.01689	0.02221	0.02191	0.01612	0.02321	0.01334	0.01742	0.01110	0.00638	0.00703	0.00213	0.00862	0.00626	0.00348	0.01122
13	0.01616	0.07481	0.01708	0.01153	0.01747	0.06028	0.00933	0.02051	0.06911	0.02281	0.01362	0.01530	0.01123	0.00583	0.00545	0.00125	0.00601	0.00452	0.00433	0.61337
14	0.01786	0.01672	0.02424	0.07272	0.42561	0.04876	0.01764	0.07073	0.01725	0.02431	0.01335	0.01678	0.01097	0.00636	0.00662	0.00187	0.00795	0.00578	0.00394	0.19053
15	0.02019	0.26480	0.10857	0.01352	0.01995	0.01876	0.01294	0.10268	0.06005	0.11973	0.01545	0.01601	0.01176	0.00689	0.00583	0.00173	0.00714	0.00512	0.00486	0.18402

[dist]
# distance from previous block
# <min> <max>
0	41

[block]
# block no. 3 follows, 29 sequences, length 16
# corresponding to MSA columns:
# 139-154
name=unknown_D
#
# <colnr> <probs for GDERKNQSTAVLIFYWHMCP>
#	G	D	E	R	K	N	Q	S	T	A	V	L	I	F	Y	W	H	M	C	P
0	0.04496	0.15992	0.11550	0.01543	0.02141	0.05812	0.03234	0.18422	0.16726	0.05255	0.01718	0.01755	0.01298	0.00767	0.00640	0.00202	0.00775	0.00587	0.00531	0.06556
1	0.09831	0.01401	0.01813	0.28596	0.02960	0.04123	0.03038	0.10167	0.04922	0.10982	0.06505	0.05281	0.01697	0.00864	0.00694	0.00223	0.00759	0.00722	0.00522	0.04899
2	0.12039	0.01549	0.02008	0.23783	0.06460	0.01717	0.03955	0.21021	0.06427	0.06880	0.01562	0.01795	0.01149	0.00752	0.00671	0.00218	0.00782	0.00613	0.00515	0.06106
3	0.07935	0.06786	0.10793	0.08810	0.02166	0.05189	0.01310	0.09667	0.09457	0.07478	0.06054	0.06239	0.07880	0.00993	0.00694	0.00221	0.00709	0.02516	0.00545	0.04559
4	0.01169	0.00624	0.00902	0.00927	0.00933	0.00617	0.00612	0.00944	0.00999	0.01332	0.01700	0.12952	0.01839	0.07423	0.02566	0.62288	0.00593	0.00853	0.00369	0.00357
5	0.01973	0.01630	0.01724	0.01490	0.01929	0.01865	0.01176	0.17674	0.55028	0.03304	0.02642	0.02452	0.01966	0.00942	0.00722	0.00236	0.00611	0.00770	0.00722	0.01145
6	0.01345	0.01266	0.02136	0.73264	0.04904	0.01582	0.01978	0.01819	0.01424	0.01819	0.01266	0.01898	0.00949	0.00712	0.00712	0.00237	0.00949	0.00633	0.00316	0.00791
7	0.01502	0.14838	0.60778	0.01903	0.02887	0.01835	0.02411	0.02236	0.01495	0.02165	0.01233	0.01447	0.00904	0.00666	0.00642	0.00214	0.01007	0.00504	0.00301	0.01031
8	0.01738	0.50477	0.27210	0.01500	0.02264	0.02413	0.01709	0.02175	0.01466	0.01877	0.01090	0.01268	0.00910	0.00633	0.00533	0.00178	0.00863	0.00431	0.00303	0.00962
9	0.01457	0.00824	0.01022	0.00969	0.01218	0.00731	0.00737	0.01667	0.01681	0.18440	0.11637	0.18915	0.25812	0.05639	0.00987	0.00274	0.00466	0.06065	0.00714	0.00744
10	0.01345	0.01266	0.02136	0.73264	0.04904	0.01582	0.01978	0.01819	0.01424	0.01819	0.01266	0.01898	0.00949	0.00712	0.00712	0.00237	0.00949	0.00633	0.00316	0.00791
11	0.01022	0.00745	0.01052	0.01052	0.01147	0.00840	0.00774	0.01212	0.01117	0.01584	0.01992	0.03268	0.01984	0.22920	0.54853	0.01030	0.01600	0.00832	0.00394	0.00584
12	0.01008	0.00744	0.00953	0.00987	0.01135	0.00708	0.00740	0.01345	0.04704	0.02406	0.35291	0.24986	0.10478	0.01744	0.00873	0.00258	0.00411	0.09850	0.00721	0.00658
13	0.01723	0.01652	0.02820	0.10791	0.64417	0.01682	0.02166	0.02151	0.01603	0.02279	0.01333	0.01775	0.01111	0.00642	0.00706	0.00214	0.00856	0.00634	0.00349	0.01097
14	0.01872	0.68522	0.03587	0.01279	0.01831	0.02758	0.01250	0.02093	0.01414	0.01679	0.00985	0.01181	0.00916	0.00669	0.00632	0.00167	0.07556	0.00403	0.00305	0.00901
15	0.05864	0.01272	0.01520	0.01260	0.01673	0.01278	0.01018	0.18445	0.05952	0.26025	0.17523	0.06331	0.02963	0.01116	0.00753	0.00230	0.00578	0.04423	0.00768	0.01008

[dist]
# distance from previous block
# <min> <max>
3	7

[block]
# block no. 4 follows, 29 sequences, length 6
# corresponding to MSA columns:
# 162-167
name=unknown_E
#
# <colnr> <probs for GDERKNQSTAVLIFYWHMCP>
#	G	D	E	R	K	N	Q	S	T	A	V	L	I	F	Y	W	H	M	C	P
0	0.02491	0.01912	0.02145	0.01682	0.02144	0.02203	0.01392	0.55655	0.02923	0.03966	0.01564	0.01681	0.01159	0.00928	0.01018	0.00232	0.14501	0.00638	0.00637	0.01130
1	0.01104	0.00858	0.01207	0.01128	0.01350	0.00901	0.00881	0.01370	0.01207	0.01779	0.01787	0.02549	0.01644	0.04435	0.58674	0.00949	0.01648	0.00699	0.00389	0.15445
2	0.08204	0.01452	0.01808	0.10618	0.02294	0.01404	0.03899	0.16477	0.01941	0.12240	0.01560	0.01705	0.01151	0.00685	0.00623	0.00176	0.00678	0.00552	0.00533	0.32000
3	0.01689	0.01401	0.01848	0.01600	0.04136	0.01468	0.09331	0.06676	0.32238	0.05948	0.12909	0.03177	0.04828	0.01019	0.00758	0.00231	0.00627	0.03740	0.00660	0.05715
4	0.01399	0.01321	0.02233	0.64356	0.13390	0.01596	0.02004	0.01867	0.01449	0.01885	0.01275	0.01881	0.00972	0.00702	0.00711	0.00234	0.00936	0.00633	0.00321	0.00835
5	0.00992	0.00727	0.00930	0.00879	0.01054	0.00665	0.00659	0.01313	0.01978	0.02766	0.64135	0.05466	0.12797	0.01489	0.00840	0.00226	0.00338	0.01308	0.00772	0.00665

[dist]
# distance from previous block
# <min> <max>
0	1

[block]
# block no. 5 follows, 29 sequences, length 10
# corresponding to MSA columns:
# 169-178
name=unknown_F
#
# <colnr> <probs for GDERKNQSTAVLIFYWHMCP>
#	G	D	E	R	K	N	Q	S	T	A	V	L	I	F	Y	W	H	M	C	P
0	0.03195	0.01212	0.01652	0.01267	0.01818	0.01047	0.01047	0.03470	0.02038	0.71026	0.02809	0.02424	0.01763	0.00881	0.00716	0.00220	0.00606	0.00716	0.00881	0.01212
1	0.01477	0.01266	0.01477	0.01055	0.01687	0.00949	0.00844	0.01793	0.01477	0.02320	0.01266	0.01477	0.01055	0.00527	0.00527	0.00105	0.00527	0.00422	0.00422	0.79328
2	0.00868	0.00620	0.00826	0.00991	0.01033	0.00578	0.00661	0.00991	0.01363	0.01818	0.03925	0.74510	0.04710	0.02231	0.00909	0.00289	0.00413	0.02024	0.00661	0.00578
3	0.01477	0.01266	0.01477	0.01055	0.01687	0.00949	0.00844	0.01793	0.01477	0.02320	0.01266	0.01477	0.01055	0.00527	0.00527	0.00105	0.00527	0.00422	0.00422	0.79328
4	0.01501	0.14663	0.60943	0.01905	0.02890	0.01832	0.02415	0.02236	0.01495	0.02166	0.01234	0.01448	0.00904	0.00666	0.00643	0.00214	0.01008	0.00504	0.00301	0.01031
5	0.01927	0.62293	0.03318	0.01215	0.01775	0.02491	0.01173	0.02162	0.01467	0.07387	0.01226	0.01403	0.01065	0.01075	0.07201	0.00251	0.00856	0.00444	0.00359	0.00912
6	0.08070	0.01527	0.02101	0.35259	0.18663	0.06429	0.01728	0.05443	0.04852	0.02234	0.01516	0.06325	0.01280	0.00806	0.00696	0.00229	0.00856	0.00696	0.00400	0.00892
7	0.05165	0.01187	0.07041	0.01382	0.07904	0.00954	0.01047	0.01759	0.01791	0.09297	0.33430	0.06738	0.07245	0.01209	0.00764	0.00220	0.00515	0.04015	0.00648	0.07687
8	0.14172	0.01831	0.15533	0.01577	0.05282	0.01411	0.04448	0.09101	0.03990	0.17002	0.08685	0.02116	0.01762	0.00802	0.00663	0.00210	0.00706	0.00650	0.00566	0.09495
9	0.16645	0.11511	0.16340	0.01466	0.02087	0.01594	0.05923	0.06324	0.01747	0.20618	0.07555	0.02003	0.01637	0.00791	0.00642	0.00214	0.00736	0.00625	0.00550	0.00994

[dist]
# distance from previous block
# <min> <max>
3	23

[block]
# block no. 6 follows, 29 sequences, length 10
# corresponding to MSA columns:
# 202-211
name=unknown_G
#
# <colnr> <probs for GDERKNQSTAVLIFYWHMCP>
#	G	D	E	R	K	N	Q	S	T	A	V	L	I	F	Y	W	H	M	C	P
0	0.01680	0.09130	0.48589	0.08287	0.02986	0.09676	0.02243	0.02328	0.01574	0.05276	0.01304	0.01527	0.00949	0.00690	0.00660	0.00216	0.01025	0.00525	0.00337	0.00999
1	0.08102	0.01262	0.04013	0.42315	0.06996	0.01374	0.01572	0.01854	0.01513	0.06316	0.09416	0.02566	0.04580	0.04259	0.00841	0.00253	0.00787	0.00742	0.00435	0.00803
2	0.01428	0.03683	0.71286	0.02030	0.03082	0.01654	0.02631	0.02255	0.01503	0.02255	0.01278	0.01503	0.00902	0.00677	0.00677	0.00226	0.01052	0.00526	0.00301	0.01052
3	0.04728	0.01479	0.02076	0.30588	0.13796	0.01677	0.01676	0.18378	0.05086	0.02701	0.01735	0.02530	0.01448	0.00887	0.00732	0.00237	0.00826	0.07991	0.00482	0.00947
4	0.08603	0.01356	0.02200	0.44174	0.17275	0.01552	0.05075	0.01899	0.01472	0.02084	0.01565	0.02220	0.03425	0.00774	0.00707	0.00235	0.00873	0.03296	0.00362	0.00853
5	0.01627	0.01631	0.02273	0.43028	0.20690	0.09593	0.01901	0.02164	0.06306	0.02018	0.01380	0.01848	0.01076	0.00713	0.00703	0.00225	0.00934	0.00626	0.00360	0.00902
6	0.01184	0.00844	0.01006	0.09005	0.01527	0.00772	0.00786	0.01414	0.01649	0.09956	0.05896	0.05824	0.51887	0.01579	0.00818	0.00241	0.00467	0.03802	0.00648	0.00696
7	0.01503	0.09883	0.56714	0.02080	0.03051	0.01777	0.10801	0.02247	0.01521	0.02206	0.01273	0.01524	0.00926	0.00661	0.00678	0.00221	0.01045	0.00553	0.00309	0.01028
8	0.02579	0.08520	0.07645	0.01546	0.02102	0.11735	0.04568	0.14971	0.02131	0.30124	0.02062	0.05525	0.01507	0.00868	0.00694	0.00213	0.00806	0.00691	0.00641	0.01072
9	0.05348	0.09827	0.33878	0.01745	0.02483	0.07938	0.07087	0.04328	0.01687	0.07883	0.06487	0.02063	0.04610	0.00797	0.00678	0.00215	0.00906	0.00642	0.00429	0.00969

[dist]
# distance from previous block
# <min> <max>
9	19

[block]
# block no. 7 follows, 29 sequences, length 14
# corresponding to MSA columns:
# 232-245
name=unknown_H
#
# <colnr> <probs for GDERKNQSTAVLIFYWHMCP>
#	G	D	E	R	K	N	Q	S	T	A	V	L	I	F	Y	W	H	M	C	P
0	0.01603	0.07022	0.27520	0.08726	0.14867	0.01768	0.11657	0.02456	0.12877	0.02317	0.01564	0.01815	0.01185	0.00705	0.00703	0.00224	0.00929	0.00638	0.00391	0.01033
1	0.01545	0.01901	0.21950	0.01717	0.07178	0.01305	0.04076	0.10638	0.01946	0.05971	0.22516	0.06399	0.03153	0.01097	0.00772	0.00233	0.00714	0.05395	0.00575	0.00920
2	0.01757	0.01430	0.04450	0.06276	0.20238	0.01398	0.01472	0.13650	0.04617	0.07789	0.13969	0.03566	0.02710	0.01089	0.00780	0.00239	0.00698	0.12314	0.00594	0.00963
3	0.01032	0.00715	0.00906	0.00907	0.01059	0.00652	0.00656	0.01273	0.01746	0.05013	0.38090	0.24316	0.14675	0.04496	0.00960	0.00262	0.00384	0.01487	0.00723	0.00648
4	0.01627	0.01355	0.01557	0.01126	0.01751	0.01103	0.00906	0.09916	0.01706	0.02586	0.01320	0.01505	0.01074	0.00567	0.00550	0.00119	0.00559	0.00449	0.00457	0.69767
5	0.01013	0.00684	0.00799	0.00821	0.00832	0.00684	0.00482	0.01040	0.01084	0.01450	0.02451	0.13815	0.02834	0.62321	0.06253	0.00657	0.00707	0.01154	0.00460	0.00460
6	0.01477	0.01266	0.01477	0.01055	0.01687	0.00949	0.00844	0.01793	0.01477	0.02320	0.01266	0.01477	0.01055	0.00527	0.00527	0.00105	0.00527	0.00422	0.00422	0.79328
7	0.01590	0.01300	0.01590	0.08735	0.06322	0.01449	0.01227	0.08671	0.30347	0.02673	0.02770	0.11479	0.02499	0.01219	0.00778	0.00254	0.00631	0.12001	0.03524	0.00942
8	0.00891	0.00640	0.00839	0.00989	0.01046	0.00600	0.00676	0.01025	0.01379	0.01823	0.03998	0.64070	0.07686	0.05365	0.01029	0.00307	0.00438	0.05970	0.00651	0.00578
9	0.00856	0.00708	0.00750	0.00768	0.00978	0.00603	0.00565	0.01039	0.01614	0.01970	0.10880	0.15699	0.57440	0.01837	0.00850	0.00246	0.00366	0.01558	0.00669	0.00603
10	0.01870	0.06133	0.02713	0.03645	0.52641	0.12168	0.01952	0.02241	0.01671	0.02191	0.01417	0.02000	0.01248	0.00721	0.00697	0.00210	0.00896	0.04172	0.00369	0.01045
11	0.01515	0.01064	0.01421	0.01216	0.04059	0.00897	0.03615	0.01828	0.01736	0.11954	0.23354	0.07722	0.06913	0.01048	0.00711	0.00187	0.00502	0.00916	0.00621	0.28720
12	0.01563	0.08612	0.39673	0.02666	0.22773	0.01731	0.05877	0.02194	0.01561	0.02252	0.03702	0.01708	0.01183	0.00682	0.00682	0.00216	0.00951	0.00590	0.00336	0.01045
13	0.01863	0.01761	0.04925	0.02838	0.32252	0.05464	0.05846	0.17287	0.02024	0.02743	0.04604	0.11491	0.01829	0.00935	0.00743	0.00224	0.00807	0.00846	0.00494	0.01026

[dist]
# distance from previous block
# <min> <max>
1	7

[block]
# block no. 8 follows, 29 sequences, length 16
# corresponding to MSA columns:
# 253-268
name=unknown_I
#
# <colnr> <probs for GDERKNQSTAVLIFYWHMCP>
#	G	D	E	R	K	N	Q	S	T	A	V	L	I	F	Y	W	H	M	C	P
0	0.21688	0.06958	0.35142	0.02102	0.14260	0.04043	0.01952	0.02214	0.01463	0.02457	0.01192	0.01431	0.00909	0.00663	0.00607	0.00216	0.00879	0.00498	0.00348	0.00978
1	0.01804	0.01897	0.06259	0.09864	0.37938	0.07262	0.09575	0.06452	0.05074	0.02410	0.03598	0.01895	0.01311	0.00704	0.00721	0.00218	0.00908	0.00668	0.00403	0.01040
2	0.01634	0.01529	0.02451	0.15052	0.44965	0.01567	0.01880	0.02170	0.06909	0.02276	0.01533	0.04365	0.01299	0.00718	0.00697	0.00210	0.00794	0.00675	0.00394	0.08882
3	0.01687	0.01171	0.01502	0.01318	0.07012	0.00963	0.00946	0.02009	0.01703	0.14100	0.16788	0.02511	0.02435	0.00801	0.00643	0.00160	0.00523	0.00680	0.00575	0.42475
4	0.01018	0.00803	0.00953	0.00877	0.01131	0.00686	0.00658	0.01280	0.01735	0.02366	0.32107	0.12395	0.25523	0.01493	0.00796	0.00216	0.00383	0.01289	0.00673	0.13616
5	0.01009	0.00742	0.00982	0.01017	0.01065	0.00803	0.00703	0.01128	0.01177	0.01620	0.02624	0.27018	0.02965	0.27463	0.21116	0.00656	0.05608	0.01262	0.00486	0.00557
6	0.01866	0.69736	0.09069	0.01282	0.01927	0.02726	0.01330	0.02142	0.01451	0.01721	0.01013	0.01171	0.00913	0.00615	0.00474	0.00158	0.00784	0.00392	0.00304	0.00925
7	0.00877	0.00627	0.00835	0.00985	0.01035	0.00585	0.00662	0.01016	0.01408	0.01889	0.08464	0.69768	0.04847	0.02178	0.00904	0.00285	0.00408	0.01974	0.00669	0.00585
8	0.01743	0.01279	0.01951	0.02190	0.18286	0.01280	0.06656	0.02353	0.11565	0.12933	0.02729	0.04400	0.02508	0.01227	0.00827	0.00264	0.00723	0.25533	0.00605	0.00947
9	0.01613	0.31532	0.45054	0.01715	0.02595	0.02106	0.02082	0.02207	0.01481	0.02030	0.01166	0.01363	0.00907	0.00650	0.00591	0.00197	0.00939	0.00470	0.00302	0.00999
10	0.03195	0.01212	0.01652	0.01267	0.01818	0.01047	0.01047	0.03470	0.02038	0.71026	0.02809	0.02424	0.01763	0.00881	0.00716	0.00220	0.00606	0.00716	0.00881	0.01212
11	0.00854	0.00716	0.00742	0.00748	0.00973	0.00604	0.00556	0.01041	0.01633	0.01977	0.11057	0.10736	0.62313	0.01806	0.00845	0.00242	0.00362	0.01520	0.00669	0.00604
12	0.01408	0.01352	0.02341	0.47516	0.13345	0.01570	0.08346	0.01844	0.01454	0.01929	0.01486	0.07602	0.01283	0.00838	0.00823	0.00242	0.04668	0.00763	0.00353	0.00836
13	0.01298	0.01726	0.15985	0.01931	0.02397	0.01311	0.23664	0.01723	0.01479	0.02052	0.02364	0.30743	0.02481	0.01309	0.00938	0.00262	0.05825	0.01235	0.00465	0.00814
14	0.00964	0.00716	0.00899	0.00875	0.01043	0.00650	0.00648	0.01252	0.01881	0.02587	0.52397	0.12552	0.17715	0.01595	0.00847	0.00233	0.00348	0.01400	0.00750	0.00650
15	0.01762	0.01692	0.02890	0.04371	0.70533	0.01692	0.02185	0.02185	0.01621	0.02326	0.01339	0.01762	0.01128	0.00634	0.00705	0.00211	0.00846	0.00634	0.00352	0.01128

[dist]
# distance from previous block
# <min> <max>
0	3

[block]
# block no. 9 follows, 29 sequences, length 23
# corresponding to MSA columns:
# 272-294
name=unknown_J
#
# <colnr> <probs for GDERKNQSTAVLIFYWHMCP>
#	G	D	E	R	K	N	Q	S	T	A	V	L	I	F	Y	W	H	M	C	P
0	0.08994	0.01265	0.01620	0.01262	0.01798	0.01161	0.01039	0.05484	0.05187	0.60458	0.02638	0.02314	0.01688	0.00868	0.00695	0.00221	0.00605	0.00693	0.00835	0.01174
1	0.02664	0.03078	0.01988	0.01769	0.02164	0.59657	0.01343	0.07771	0.04694	0.06451	0.01325	0.01442	0.01042	0.00761	0.00655	0.00190	0.01176	0.00502	0.00439	0.00891
2	0.07409	0.01238	0.01616	0.01258	0.01795	0.01116	0.01036	0.03410	0.05616	0.63568	0.02712	0.02365	0.01729	0.00874	0.00701	0.00221	0.00601	0.00702	0.00848	0.01183
3	0.01768	0.01729	0.02800	0.09320	0.62962	0.04527	0.02137	0.02185	0.01623	0.02266	0.01324	0.01753	0.01106	0.00644	0.00703	0.00212	0.00871	0.00627	0.00350	0.01091
4	0.07240	0.01296	0.01819	0.09555	0.14451	0.01348	0.01321	0.02605	0.04601	0.29197	0.02031	0.02123	0.01445	0.00836	0.00821	0.00223	0.07449	0.00660	0.09966	0.01013
5	0.02069	0.02269	0.02425	0.05638	0.36952	0.26866	0.01784	0.02566	0.08463	0.02164	0.01406	0.01685	0.01150	0.00706	0.00685	0.00205	0.00978	0.00588	0.00393	0.01008
6	0.01036	0.00690	0.00777	0.00777	0.00777	0.00690	0.00431	0.01036	0.01036	0.01381	0.02244	0.04660	0.02589	0.74975	0.03624	0.00690	0.00690	0.01036	0.00431	0.00431
7	0.01904	0.75404	0.03731	0.01218	0.01828	0.02818	0.01218	0.02132	0.01447	0.01675	0.00990	0.01142	0.00914	0.00609	0.00457	0.00152	0.00761	0.00381	0.00305	0.00914
8	0.01428	0.03683	0.71286	0.02030	0.03082	0.01654	0.02631	0.02255	0.01503	0.02255	0.01278	0.01503	0.00902	0.00677	0.00677	0.00226	0.01052	0.00526	0.00301	0.01052
9	0.01771	0.01530	0.01610	0.01449	0.01852	0.01771	0.01127	0.03784	0.69247	0.02979	0.02898	0.02657	0.02174	0.00966	0.00725	0.00242	0.00564	0.00805	0.00725	0.01127
10	0.00915	0.00677	0.00854	0.00909	0.01032	0.00617	0.00644	0.01126	0.01649	0.02218	0.28854	0.37177	0.16970	0.01871	0.00872	0.00257	0.00376	0.01662	0.00706	0.00617
11	0.01428	0.03683	0.71286	0.02030	0.03082	0.01654	0.02631	0.02255	0.01503	0.02255	0.01278	0.01503	0.00902	0.00677	0.00677	0.00226	0.01052	0.00526	0.00301	0.01052
12	0.03195	0.01212	0.01652	0.01267	0.01818	0.01047	0.01047	0.03470	0.02038	0.71026	0.02809	0.02424	0.01763	0.00881	0.00716	0.00220	0.00606	0.00716	0.00881	0.01212
13	0.01558	0.01558	0.02181	0.01869	0.01869	0.02181	0.01558	0.01714	0.01091	0.01714	0.00935	0.01558	0.00935	0.01246	0.02337	0.00312	0.73672	0.00623	0.00312	0.00779
14	0.01142	0.00759	0.00988	0.00913	0.01108	0.00693	0.00691	0.01468	0.02002	0.07205	0.63354	0.05193	0.08893	0.01432	0.00832	0.00224	0.00354	0.01259	0.00785	0.00704
15	0.01399	0.01340	0.02165	0.49580	0.10165	0.03789	0.06117	0.01848	0.01564	0.02043	0.11227	0.02361	0.01806	0.00806	0.00736	0.00231	0.00879	0.00735	0.00392	0.00817
16	0.00898	0.00642	0.00862	0.01027	0.01081	0.00605	0.00714	0.01045	0.01394	0.01852	0.03908	0.67212	0.04642	0.02202	0.00917	0.00293	0.00440	0.09019	0.00660	0.00587
17	0.53777	0.01402	0.01240	0.01094	0.01534	0.01596	0.00884	0.02637	0.18574	0.08741	0.01626	0.01643	0.01210	0.00757	0.00536	0.00226	0.00559	0.00519	0.00549	0.00898
18	0.01101	0.00903	0.00989	0.00868	0.01193	0.00774	0.00669	0.05093	0.01758	0.02303	0.16097	0.05247	0.42201	0.01441	0.00772	0.00210	0.00414	0.01205	0.00637	0.16126
19	0.01840	0.48435	0.14296	0.01461	0.04537	0.02302	0.01439	0.02244	0.03835	0.05166	0.01226	0.01366	0.01016	0.00639	0.00529	0.00168	0.00777	0.00448	0.00358	0.07918
20	0.01771	0.01322	0.02089	0.07559	0.21948	0.01303	0.07051	0.06188	0.01742	0.12889	0.02320	0.13471	0.02166	0.01111	0.00781	0.00241	0.00737	0.10261	0.00547	0.04504
21	0.12023	0.01559	0.04701	0.36162	0.19243	0.01690	0.01812	0.10250	0.01685	0.02468	0.01302	0.01731	0.00998	0.00704	0.00673	0.00226	0.00856	0.00598	0.00390	0.00929
22	0.01391	0.01312	0.02218	0.65708	0.12102	0.01594	0.02000	0.01859	0.01445	0.01875	0.01274	0.01884	0.00969	0.00703	0.00711	0.00234	0.00938	0.00633	0.00320	0.00828

[dist]
# distance from previous block
# <min> <max>
0	2

[block]
# block no. 10 follows, 29 sequences, length 14
# corresponding to MSA columns:
# 297-310
name=unknown_K
#
# <colnr> <probs for GDERKNQSTAVLIFYWHMCP>
#	G	D	E	R	K	N	Q	S	T	A	V	L	I	F	Y	W	H	M	C	P
0	0.01089	0.00931	0.01180	0.01230	0.01357	0.05777	0.05221	0.01278	0.01470	0.01888	0.03538	0.54941	0.04113	0.01979	0.00896	0.00284	0.00562	0.11013	0.00619	0.00632
1	0.05483	0.01228	0.01776	0.02057	0.21532	0.01171	0.05421	0.02009	0.05107	0.12781	0.03939	0.03887	0.28382	0.01147	0.00757	0.00228	0.00612	0.00997	0.00579	0.00906
2	0.00967	0.00696	0.00915	0.00924	0.01055	0.00645	0.00669	0.01241	0.01826	0.02554	0.50929	0.25407	0.06135	0.01681	0.00860	0.00243	0.00358	0.01502	0.00748	0.00645
3	0.01472	0.01674	0.12589	0.39635	0.03605	0.01594	0.01804	0.08534	0.04313	0.02198	0.01797	0.06669	0.04435	0.00913	0.00833	0.00242	0.05670	0.00752	0.00407	0.00864
4	0.80005	0.01377	0.01047	0.00936	0.01377	0.01597	0.00771	0.02093	0.01212	0.03195	0.00991	0.01157	0.00771	0.00661	0.00441	0.00220	0.00551	0.00386	0.00441	0.00771
5	0.02122	0.01768	0.01697	0.01474	0.01888	0.11171	0.01147	0.12134	0.41123	0.09756	0.02454	0.02424	0.01855	0.04689	0.00859	0.00251	0.00701	0.00739	0.00676	0.01071
6	0.01210	0.00764	0.01029	0.01066	0.01230	0.00716	0.00824	0.01471	0.01717	0.08940	0.26059	0.27549	0.04947	0.01773	0.00886	0.00270	0.00467	0.17668	0.00722	0.00691
7	0.02149	0.01355	0.01542	0.04941	0.01856	0.04006	0.01057	0.10150	0.18927	0.24786	0.08469	0.03215	0.12275	0.01067	0.00743	0.00228	0.00601	0.00877	0.00734	0.01022
8	0.00889	0.00636	0.00846	0.00977	0.01038	0.00593	0.00663	0.01046	0.01463	0.01977	0.14096	0.63885	0.05018	0.02112	0.00898	0.00279	0.00401	0.01911	0.00680	0.00593
9	0.01477	0.01266	0.01477	0.01055	0.01687	0.00949	0.00844	0.01793	0.01477	0.02320	0.01266	0.01477	0.01055	0.00527	0.00527	0.00105	0.00527	0.00422	0.00422	0.79328
10	0.01558	0.01558	0.02181	0.01869	0.01869	0.02181	0.01558	0.01714	0.01091	0.01714	0.00935	0.01558	0.00935	0.01246	0.02337	0.00312	0.73672	0.00623	0.00312	0.00779
11	0.65408	0.01494	0.01252	0.01069	0.01534	0.01713	0.00881	0.14569	0.01615	0.03439	0.01127	0.01261	0.00854	0.00698	0.00492	0.00219	0.00595	0.00434	0.00492	0.00854
12	0.06186	0.04022	0.01424	0.01137	0.01468	0.01287	0.00881	0.16005	0.08417	0.12336	0.15459	0.03468	0.07066	0.16190	0.01318	0.00316	0.00592	0.00902	0.00659	0.00866
13	0.45194	0.01461	0.01645	0.01894	0.19614	0.01554	0.01187	0.04524	0.01471	0.07416	0.01251	0.01445	0.00969	0.00664	0.00545	0.00208	0.00638	0.00485	0.00455	0.07379

[dist]
# distance from previous block
# <min> <max>
0	1

[block]
# block no. 11 follows, 29 sequences, length 36
# corresponding to MSA columns:
# 312-347
name=unknown_L
#
# <colnr> <probs for GDERKNQSTAVLIFYWHMCP>
#	G	D	E	R	K	N	Q	S	T	A	V	L	I	F	Y	W	H	M	C	P
0	0.01762	0.01692	0.02890	0.04371	0.70533	0.01692	0.02185	0.02185	0.01621	0.02326	0.01339	0.01762	0.01128	0.00634	0.00705	0.00211	0.00846	0.00634	0.00352	0.01128
1	0.01777	0.14863	0.05806	0.01145	0.01575	0.01296	0.01007	0.02211	0.06352	0.18625	0.26890	0.03375	0.06740	0.01063	0.00709	0.00207	0.00545	0.00882	0.00665	0.04267
2	0.01105	0.00809	0.01049	0.00996	0.01174	0.00806	0.00754	0.05729	0.01863	0.02606	0.44290	0.10590	0.07498	0.02255	0.14797	0.00410	0.00681	0.01213	0.00685	0.00690
3	0.01608	0.01467	0.02361	0.45410	0.24247	0.01678	0.01976	0.08655	0.01678	0.02241	0.01333	0.01839	0.01029	0.00703	0.00710	0.00227	0.00902	0.00634	0.00367	0.00934
4	0.00945	0.00725	0.00865	0.00830	0.01025	0.00645	0.00623	0.01222	0.01868	0.02504	0.46431	0.05897	0.30664	0.01587	0.00840	0.00230	0.00345	0.01369	0.00738	0.00645
5	0.03195	0.01212	0.01652	0.01267	0.01818	0.01047	0.01047	0.03470	0.02038	0.71026	0.02809	0.02424	0.01763	0.00881	0.00716	0.00220	0.00606	0.00716	0.00881	0.01212
6	0.01019	0.00713	0.00883	0.00849	0.00952	0.00679	0.00578	0.01223	0.01632	0.02279	0.43606	0.05061	0.05104	0.30199	0.01928	0.00406	0.00474	0.01189	0.00646	0.00578
7	0.01024	0.00686	0.00780	0.00791	0.00794	0.00683	0.00447	0.01033	0.01057	0.01410	0.02355	0.09302	0.02730	0.70140	0.03444	0.00664	0.00672	0.01101	0.00447	0.00441
8	0.08300	0.01223	0.01612	0.01245	0.01788	0.01083	0.01028	0.03379	0.01983	0.66518	0.02688	0.02339	0.01697	0.00867	0.00698	0.00220	0.00602	0.00694	0.00852	0.01183
9	0.01428	0.03683	0.71286	0.02030	0.03082	0.01654	0.02631	0.02255	0.01503	0.02255	0.01278	0.01503	0.00902	0.00677	0.00677	0.00226	0.01052	0.00526	0.00301	0.01052
10	0.80005	0.01377	0.01047	0.00936	0.01377	0.01597	0.00771	0.02093	0.01212	0.03195	0.00991	0.01157	0.00771	0.00661	0.00441	0.00220	0.00551	0.00386	0.00441	0.00771
11	0.06368	0.01271	0.01641	0.01280	0.01816	0.01165	0.01052	0.05811	0.06905	0.60757	0.02697	0.02360	0.01730	0.00877	0.00705	0.00222	0.00607	0.00706	0.00845	0.01187
12	0.02331	0.40813	0.09815	0.01319	0.01951	0.02047	0.01298	0.02637	0.01670	0.27271	0.01689	0.01651	0.01225	0.00716	0.00575	0.00185	0.00734	0.00519	0.00517	0.01038
13	0.03195	0.01212	0.01652	0.01267	0.01818	0.01047	0.01047	0.03470	0.02038	0.71026	0.02809	0.02424	0.01763	0.00881	0.00716	0.00220	0.00606	0.00716	0.00881	0.01212
14	0.01750	0.40874	0.33235	0.01576	0.02377	0.02233	0.01830	0.02242	0.01496	0.04840	0.01192	0.01354	0.00944	0.00650	0.00564	0.00187	0.00882	0.00459	0.00327	0.00987
15	0.01518	0.17272	0.58487	0.01876	0.02844	0.01874	0.02363	0.02232	0.01493	0.02145	0.01223	0.01435	0.00904	0.00664	0.00635	0.00212	0.00997	0.00499	0.00301	0.01026
16	0.03195	0.01212	0.01652	0.01267	0.01818	0.01047	0.01047	0.03470	0.02038	0.71026	0.02809	0.02424	0.01763	0.00881	0.00716	0.00220	0.00606	0.00716	0.00881	0.01212
17	0.01468	0.01391	0.02358	0.52996	0.24211	0.01614	0.02039	0.01927	0.01482	0.01968	0.01287	0.01858	0.01002	0.00689	0.00710	0.00230	0.00919	0.00633	0.00327	0.00890
18	0.02828	0.06573	0.12850	0.01385	0.02019	0.01262	0.01310	0.03188	0.01914	0.55460	0.02444	0.02192	0.01569	0.00831	0.00692	0.00217	0.00687	0.00663	0.00750	0.01167
19	0.03195	0.01212	0.01652	0.01267	0.01818	0.01047	0.01047	0.03470	0.02038	0.71026	0.02809	0.02424	0.01763	0.00881	0.00716	0.00220	0.00606	0.00716	0.00881	0.01212
20	0.80005	0.01377	0.01047	0.00936	0.01377	0.01597	0.00771	0.02093	0.01212	0.03195	0.00991	0.01157	0.00771	0.00661	0.00441	0.00220	0.00551	0.00386	0.00441	0.00771
21	0.03195	0.01212	0.01652	0.01267	0.01818	0.01047	0.01047	0.03470	0.02038	0.71026	0.02809	0.02424	0.01763	0.00881	0.00716	0.00220	0.00606	0.00716	0.00881	0.01212
22	0.01904	0.75404	0.03731	0.01218	0.01828	0.02818	0.01218	0.02132	0.01447	0.01675	0.00990	0.01142	0.00914	0.00609	0.00457	0.00152	0.00761	0.00381	0.00305	0.00914
23	0.00916	0.00720	0.00827	0.00810	0.01010	0.00631	0.00604	0.01162	0.01784	0.02328	0.34721	0.09101	0.39509	0.01669	0.00844	0.00235	0.00352	0.01431	0.00715	0.00631
24	0.01008	0.00728	0.00952	0.00896	0.01064	0.00672	0.00672	0.01344	0.02016	0.02855	0.70158	0.05319	0.06719	0.01456	0.00840	0.00224	0.00336	0.01288	0.00784	0.00672
25	0.80005	0.01377	0.01047	0.00936	0.01377	0.01597	0.00771	0.02093	0.01212	0.03195	0.00991	0.01157	0.00771	0.00661	0.00441	0.00220	0.00551	0.00386	0.00441	0.00771
26	0.76196	0.01369	0.01077	0.00953	0.01399	0.01570	0.00785	0.02161	0.01253	0.06558	0.01082	0.01220	0.00820	0.00672	0.00454	0.00220	0.00554	0.00402	0.00463	0.00793
27	0.01204	0.07554	0.07441	0.03800	0.06215	0.01098	0.01088	0.01616	0.06333	0.02171	0.14464	0.31972	0.03692	0.01500	0.00793	0.00245	0.00557	0.04013	0.00583	0.03659
28	0.01535	0.19826	0.56081	0.01847	0.02800	0.01916	0.02313	0.02227	0.01491	0.02125	0.01213	0.01422	0.00905	0.00661	0.00627	0.00209	0.00987	0.00493	0.00302	0.01021
29	0.00868	0.00620	0.00826	0.00991	0.01033	0.00578	0.00661	0.00991	0.01363	0.01818	0.03925	0.74510	0.04710	0.02231	0.00909	0.00289	0.00413	0.02024	0.00661	0.00578
30	0.00880	0.00723	0.00775	0.00762	0.00986	0.00618	0.00571	0.01097	0.01714	0.02140	0.21849	0.06496	0.55474	0.01723	0.00841	0.00237	0.00355	0.01453	0.00690	0.00618
31	0.01483	0.11971	0.63479	0.01936	0.02937	0.01788	0.02468	0.02241	0.01497	0.02188	0.01245	0.01462	0.00903	0.00669	0.00651	0.00217	0.01019	0.00509	0.00301	0.01036
32	0.08474	0.03167	0.42243	0.02124	0.07293	0.15455	0.06958	0.02354	0.01600	0.02242	0.01234	0.01478	0.00922	0.00678	0.00663	0.00217	0.01052	0.00531	0.00333	0.00982
33	0.00842	0.00721	0.00721	0.00721	0.00962	0.00601	0.00541	0.01022	0.01623	0.01924	0.07213	0.06853	0.70244	0.01803	0.00842	0.00240	0.00361	0.01503	0.00661	0.00601
34	0.02298	0.01295	0.01977	0.02366	0.26996	0.01210	0.01405	0.02603	0.01777	0.34738	0.02445	0.13629	0.01997	0.01005	0.00743	0.00228	0.00664	0.00894	0.00652	0.01080
35	0.02443	0.02157	0.02208	0.05164	0.13156	0.15315	0.01505	0.39283	0.06007	0.03436	0.01575	0.01692	0.01179	0.00796	0.00698	0.00210	0.00884	0.00613	0.00573	0.01103

[dist]
# distance from previous block
# <min> <max>
4	8

[block]
# block no. 12 follows, 29 sequences, length 15
# corresponding to MSA columns:
# 357-371
name=unknown_M
#
# <colnr> <probs for GDERKNQSTAVLIFYWHMCP>
#	G	D	E	R	K	N	Q	S	T	A	V	L	I	F	Y	W	H	M	C	P
0	0.02084	0.39593	0.08614	0.01805	0.09233	0.24027	0.01483	0.02368	0.01646	0.01811	0.01084	0.01280	0.00936	0.00656	0.00558	0.00174	0.00956	0.00443	0.00329	0.00920
1	0.01113	0.00734	0.00892	0.00854	0.00965	0.00702	0.00575	0.01271	0.01482	0.05320	0.26621	0.04883	0.09479	0.36504	0.05226	0.00486	0.00587	0.01135	0.00594	0.00577
2	0.01853	0.65097	0.08932	0.01397	0.02048	0.02662	0.05702	0.02151	0.01467	0.01759	0.01042	0.01221	0.00924	0.00614	0.00499	0.00164	0.00813	0.00422	0.00308	0.00927
3	0.01671	0.01598	0.02724	0.19510	0.56112	0.01668	0.02140	0.02105	0.01578	0.02215	0.01323	0.01792	0.01089	0.00651	0.00706	0.00217	0.00869	0.00634	0.00345	0.01054
4	0.01327	0.00664	0.00664	0.00664	0.00830	0.00664	0.00498	0.01659	0.01493	0.02655	0.02323	0.02655	0.01825	0.00830	0.00498	0.00166	0.00332	0.00664	0.78928	0.00664
5	0.00979	0.00692	0.00788	0.00806	0.00863	0.00670	0.00498	0.01038	0.01190	0.01546	0.03377	0.12691	0.15903	0.49709	0.05810	0.00579	0.00650	0.01223	0.00499	0.00490
6	0.02762	0.01657	0.01898	0.01482	0.02024	0.01739	0.01215	0.36967	0.11247	0.27975	0.02252	0.02084	0.01529	0.00878	0.00715	0.00220	0.00692	0.00689	0.00774	0.01201
7	0.01781	0.01500	0.01597	0.01419	0.01815	0.01715	0.01107	0.08515	0.58727	0.03084	0.08283	0.02801	0.02470	0.00997	0.00733	0.00238	0.00562	0.00832	0.00728	0.01096
8	0.01574	0.01502	0.01781	0.04128	0.01946	0.06384	0.03672	0.01961	0.05599	0.02146	0.01527	0.01804	0.03885	0.00792	0.00987	0.00181	0.17103	0.00561	0.00415	0.42048
9	0.15265	0.01925	0.10933	0.02472	0.15891	0.01688	0.21771	0.09200	0.01780	0.10091	0.01501	0.01742	0.01103	0.00683	0.00700	0.00225	0.00896	0.00651	0.00458	0.01025
10	0.01052	0.00747	0.00977	0.01094	0.01202	0.00732	0.00857	0.01258	0.01449	0.01889	0.03660	0.19415	0.07924	0.18745	0.01567	0.00398	0.00601	0.35241	0.00606	0.00587
11	0.01329	0.00841	0.01148	0.01217	0.01413	0.00820	0.01028	0.01623	0.01648	0.09313	0.07995	0.06803	0.06376	0.06431	0.03984	0.00362	0.00671	0.45637	0.00663	0.00698
12	0.01493	0.01358	0.03767	0.04824	0.04897	0.01111	0.03084	0.03812	0.04541	0.02355	0.01625	0.04453	0.01440	0.00735	0.00617	0.00155	0.00612	0.05181	0.00455	0.53487
13	0.01544	0.01521	0.02182	0.51379	0.08505	0.07215	0.01869	0.03872	0.01495	0.01911	0.01226	0.01790	0.00964	0.00785	0.00926	0.00241	0.10796	0.00618	0.00334	0.00827
14	0.00916	0.00673	0.00859	0.00921	0.01035	0.00616	0.00649	0.01125	0.01637	0.02213	0.28689	0.40309	0.13948	0.01891	0.00875	0.00259	0.00378	0.01686	0.00706	0.00616

[dist]
# distance from previous block
# <min> <max>
0	1

[block]
# block no. 13 follows, 29 sequences, length 8
# corresponding to MSA columns:
# 373-380
name=unknown_N
#
# <colnr> <probs for GDERKNQSTAVLIFYWHMCP>
#	G	D	E	R	K	N	Q	S	T	A	V	L	I	F	Y	W	H	M	C	P
0	0.10565	0.01413	0.01710	0.12031	0.14015	0.07698	0.01297	0.02184	0.08804	0.08180	0.05226	0.05321	0.01805	0.05208	0.11144	0.00380	0.00917	0.00744	0.00487	0.00868
1	0.01716	0.01929	0.10101	0.03935	0.54083	0.01703	0.11605	0.02206	0.01618	0.02313	0.01347	0.01758	0.01098	0.00634	0.00721	0.00217	0.00918	0.00653	0.00348	0.01096
2	0.00846	0.00705	0.00738	0.00765	0.00973	0.00597	0.00561	0.01017	0.01581	0.01906	0.06678	0.17868	0.59575	0.01873	0.00853	0.00248	0.00369	0.01588	0.00661	0.00597
3	0.09363	0.01550	0.01803	0.01393	0.01943	0.01574	0.01151	0.30159	0.02512	0.37831	0.02203	0.02023	0.01452	0.00852	0.00692	0.00218	0.00675	0.00658	0.00775	0.01175
4	0.08626	0.01506	0.02529	0.32792	0.30662	0.01647	0.08029	0.02033	0.01507	0.02188	0.01286	0.01779	0.01017	0.00666	0.00697	0.00226	0.00895	0.00630	0.00346	0.00939
5	0.01101	0.00980	0.01071	0.01144	0.05387	0.05864	0.00785	0.01310	0.01518	0.01900	0.09943	0.04866	0.33616	0.09046	0.17803	0.00486	0.00847	0.01141	0.00545	0.00648
6	0.00868	0.00620	0.00826	0.00991	0.01033	0.00578	0.00661	0.00991	0.01363	0.01818	0.03925	0.74510	0.04710	0.02231	0.00909	0.00289	0.00413	0.02024	0.00661	0.00578
7	0.01886	0.02090	0.02248	0.34490	0.17300	0.26071	0.01811	0.02249	0.01670	0.01896	0.01223	0.01658	0.00974	0.00704	0.00686	0.00213	0.01044	0.00573	0.00341	0.00871

[dist]
# distance from previous block
# <min> <max>
0	2

[block]
# block no. 14 follows, 29 sequences, length 24
# corresponding to MSA columns:
# 383-406
name=unknown_O
#
# <colnr> <probs for GDERKNQSTAVLIFYWHMCP>
#	G	D	E	R	K	N	Q	S	T	A	V	L	I	F	Y	W	H	M	C	P
0	0.39963	0.01486	0.01917	0.17449	0.02603	0.01707	0.11232	0.06140	0.01453	0.02719	0.01160	0.01501	0.00897	0.00720	0.00722	0.00234	0.06312	0.00543	0.00408	0.00832
1	0.01004	0.00721	0.00923	0.01039	0.01120	0.00699	0.00712	0.05962	0.01510	0.02015	0.03761	0.69123	0.04451	0.02129	0.00894	0.00284	0.00441	0.01922	0.00665	0.00625
2	0.01212	0.00912	0.01178	0.01286	0.01472	0.00947	0.01069	0.01801	0.13331	0.02230	0.03643	0.17398	0.03859	0.01834	0.00927	0.00307	0.00602	0.44599	0.00668	0.00726
3	0.01477	0.01266	0.01477	0.01055	0.01687	0.00949	0.00844	0.01793	0.01477	0.02320	0.01266	0.01477	0.01055	0.00527	0.00527	0.00105	0.00527	0.00422	0.00422	0.79328
4	0.02276	0.39932	0.02887	0.01522	0.02012	0.36953	0.01296	0.02483	0.01728	0.01709	0.01044	0.01212	0.00915	0.00671	0.00548	0.00168	0.01019	0.00419	0.00335	0.00870
5	0.02183	0.01339	0.01820	0.12486	0.09262	0.01279	0.01271	0.04840	0.08435	0.27485	0.02013	0.02040	0.01420	0.00750	0.00668	0.00195	0.00665	0.00628	0.00606	0.20616
6	0.01799	0.01778	0.02801	0.07429	0.63220	0.06067	0.02125	0.02209	0.01637	0.02266	0.01321	0.01739	0.01106	0.00644	0.00701	0.00211	0.00878	0.00623	0.00352	0.01093
7	0.01463	0.10318	0.02691	0.10477	0.12841	0.01598	0.20125	0.01822	0.01488	0.02000	0.01949	0.20377	0.01971	0.01086	0.00890	0.00243	0.06375	0.01017	0.00421	0.00849
8	0.74123	0.01530	0.01120	0.01005	0.01440	0.06960	0.00817	0.02150	0.01273	0.03084	0.01000	0.01166	0.00782	0.00667	0.00456	0.00218	0.00607	0.00391	0.00435	0.00775
9	0.01975	0.01631	0.01725	0.01490	0.01929	0.01866	0.01176	0.17806	0.54893	0.03307	0.02639	0.02450	0.01964	0.00942	0.00722	0.00235	0.00611	0.00769	0.00722	0.01145
10	0.00995	0.00717	0.00944	0.00931	0.01081	0.00666	0.00695	0.01300	0.01902	0.02668	0.57132	0.15483	0.06292	0.01594	0.00857	0.00239	0.00364	0.04725	0.00759	0.00657
11	0.01686	0.01441	0.01537	0.01388	0.01764	0.01649	0.01077	0.03513	0.61784	0.02965	0.10364	0.02952	0.02678	0.01020	0.00737	0.00240	0.00538	0.00859	0.00731	0.01077
12	0.02212	0.02056	0.02188	0.02381	0.21396	0.16020	0.01523	0.24416	0.10461	0.03040	0.05882	0.01977	0.01587	0.00819	0.00705	0.00211	0.00848	0.00662	0.00547	0.01066
13	0.01944	0.71595	0.03641	0.01251	0.01847	0.06483	0.01227	0.02170	0.01477	0.01679	0.00996	0.01150	0.00914	0.00616	0.00467	0.00154	0.00789	0.00385	0.00308	0.00909
14	0.00928	0.00715	0.00837	0.00823	0.01006	0.00636	0.00605	0.01167	0.01758	0.02318	0.35535	0.11063	0.33434	0.04830	0.00966	0.00256	0.00367	0.01423	0.00707	0.00624
15	0.02484	0.01451	0.01744	0.01489	0.04312	0.01489	0.01158	0.21801	0.14491	0.29042	0.05261	0.06224	0.02069	0.01001	0.00738	0.00228	0.00638	0.02490	0.00764	0.01124
16	0.24244	0.01586	0.05801	0.24195	0.24075	0.01634	0.04573	0.02055	0.01439	0.02417	0.01217	0.01622	0.00956	0.00666	0.00635	0.00224	0.00818	0.00565	0.00365	0.00911
17	0.02805	0.01265	0.01858	0.01425	0.01957	0.01133	0.07830	0.03208	0.05473	0.55471	0.07658	0.02599	0.02081	0.00900	0.00738	0.00224	0.00644	0.00776	0.00813	0.01142
18	0.00961	0.00704	0.00902	0.00899	0.01047	0.00645	0.00657	0.01237	0.01838	0.02542	0.49790	0.20222	0.12596	0.01655	0.00855	0.00240	0.00355	0.01466	0.00745	0.00645
19	0.06572	0.01645	0.02815	0.12093	0.52050	0.01684	0.08466	0.02146	0.01579	0.02317	0.01319	0.01756	0.01080	0.00642	0.00702	0.00218	0.00874	0.00639	0.00354	0.01050
