[name]
unknown

[dist]
# distance from previous block
# <min> <max>
12	62

[block]
# block no. 0 follows, 29 sequences, length 12
# corresponding to MSA columns:
# 74-85
name=unknown_A
#
# <colnr> <probs for GDERKNQSTAVLIFYWHMCP>
#	G	D	E	R	K	N	Q	S	T	A	V	L	I	F	Y	W	H	M	C	P
0	0.08940	0.04042	0.01663	0.10626	0.04261	0.15055	0.01194	0.08244	0.10780	0.04651	0.02214	0.19432	0.02129	0.01155	0.00721	0.00234	0.00754	0.02513	0.00539	0.00853
1	0.01778	0.01575	0.01694	0.16715	0.02411	0.09993	0.01202	0.14169	0.03995	0.02526	0.01584	0.03902	0.01319	0.04571	0.00789	0.00207	0.00749	0.00619	0.06445	0.23757
2	0.04387	0.02517	0.05568	0.01782	0.02175	0.36607	0.08317	0.07252	0.04073	0.02142	0.04237	0.02123	0.01474	0.06091	0.01003	0.00248	0.05522	0.03206	0.00432	0.00844
3	0.01503	0.01094	0.01212	0.01227	0.04821	0.05576	0.00830	0.08360	0.01685	0.09251	0.06657	0.22793	0.11669	0.18346	0.01451	0.00346	0.00603	0.01241	0.00608	0.00727
4	0.01780	0.02027	0.14245	0.05663	0.24244	0.03055	0.16610	0.06614	0.04428	0.05930	0.05034	0.01993	0.01430	0.00739	0.00785	0.00226	0.03030	0.00703	0.00431	0.01035
5	0.08346	0.00893	0.01052	0.00969	0.01202	0.00874	0.00744	0.05856	0.01918	0.06276	0.42615	0.06907	0.10588	0.04617	0.00920	0.00251	0.00433	0.04098	0.00718	0.00724
6	0.01655	0.01082	0.01235	0.01109	0.01390	0.05877	0.00864	0.02011	0.04564	0.16988	0.33397	0.04410	0.04265	0.06101	0.00980	0.00258	0.00537	0.08309	0.00719	0.04248
7	0.01705	0.01956	0.13020	0.26224	0.07929	0.06978	0.14563	0.04775	0.01679	0.06407	0.04887	0.01976	0.01329	0.00749	0.00773	0.00229	0.02811	0.00682	0.00403	0.00924
8	0.40522	0.01391	0.01253	0.01073	0.01491	0.05700	0.00866	0.07201	0.01661	0.16294	0.05689	0.01878	0.01486	0.00790	0.00557	0.00211	0.00585	0.00560	0.09917	0.00874
9	0.01601	0.01031	0.01256	0.01106	0.01396	0.01014	0.00870	0.14484	0.02178	0.11677	0.35121	0.09551	0.09213	0.01378	0.00813	0.00234	0.00483	0.05003	0.00757	0.00832
10	0.01453	0.01432	0.02253	0.44377	0.03874	0.05748	0.10287	0.01882	0.01500	0.01912	0.01621	0.02738	0.01424	0.00920	0.00879	0.00253	0.06101	0.10174	0.00374	0.00794
11	0.04371	0.00971	0.01509	0.01431	0.05654	0.00973	0.10956	0.01383	0.01281	0.01815	0.05274	0.12779	0.02539	0.32802	0.12656	0.00567	0.00902	0.01054	0.00455	0.00629

[dist]
# distance from previous block
# <min> <max>
8	16

[block]
# block no. 1 follows, 29 sequences, length 40
# corresponding to MSA columns:
# 102-141
name=unknown_B
#
# <colnr> <probs for GDERKNQSTAVLIFYWHMCP>
#	G	D	E	R	K	N	Q	S	T	A	V	L	I	F	Y	W	H	M	C	P
0	0.08156	0.46902	0.24642	0.01449	0.02183	0.02353	0.01624	0.02167	0.01445	0.01981	0.01080	0.01256	0.00898	0.00634	0.00524	0.00181	0.00835	0.00427	0.00315	0.00945
1	0.14380	0.19028	0.05282	0.01384	0.06455	0.01609	0.01126	0.05235	0.01683	0.17280	0.08542	0.02122	0.01796	0.01026	0.04107	0.00245	0.00696	0.00621	0.06449	0.00934
2	0.01934	0.34681	0.27120	0.01598	0.02359	0.02074	0.04959	0.02398	0.01573	0.13085	0.01406	0.01514	0.01055	0.00676	0.00595	0.00193	0.00860	0.00508	0.00399	0.01013
3	0.00896	0.00639	0.00842	0.00967	0.01025	0.00598	0.00652	0.01046	0.01444	0.01951	0.13653	0.60963	0.04907	0.05554	0.01027	0.00298	0.00415	0.01868	0.00668	0.00585
4	0.01006	0.00833	0.03616	0.01027	0.01187	0.00722	0.00794	0.01335	0.03980	0.02380	0.34557	0.32016	0.05366	0.01749	0.00868	0.00258	0.00425	0.06513	0.00706	0.00664
5	0.00969	0.00719	0.00869	0.00860	0.01013	0.00659	0.00625	0.01201	0.01706	0.02291	0.36314	0.09538	0.22037	0.13156	0.01289	0.00310	0.00419	0.04731	0.00684	0.00610
6	0.01855	0.02985	0.43669	0.02026	0.02891	0.05487	0.11013	0.09469	0.01810	0.09849	0.01501	0.01668	0.01052	0.00710	0.00705	0.00223	0.01008	0.00597	0.00419	0.01062
7	0.01765	0.01472	0.01747	0.01507	0.01884	0.03450	0.05773	0.06141	0.40511	0.06417	0.11651	0.03072	0.02637	0.01052	0.00836	0.00243	0.04199	0.03947	0.00682	0.01015
8	0.01444	0.00776	0.00789	0.00746	0.00946	0.00795	0.00570	0.07296	0.01650	0.02810	0.02271	0.02575	0.01773	0.00832	0.00516	0.00170	0.00370	0.00662	0.72299	0.00710
9	0.00897	0.00714	0.00804	0.00801	0.01001	0.00622	0.00593	0.01122	0.01725	0.02211	0.26984	0.12352	0.44198	0.01730	0.00847	0.00240	0.00357	0.01480	0.00700	0.00622
10	0.01789	0.01480	0.01581	0.01416	0.01813	0.01692	0.01103	0.03657	0.63513	0.05561	0.06074	0.02774	0.02373	0.00986	0.00730	0.00240	0.00554	0.00824	0.00733	0.01109
11	0.01379	0.01299	0.02115	0.64887	0.04548	0.01634	0.01909	0.01900	0.04448	0.01864	0.01315	0.01908	0.01003	0.00762	0.00830	0.00243	0.06177	0.00640	0.00334	0.00805
12	0.01884	0.01755	0.01642	0.01471	0.01868	0.11015	0.01140	0.06557	0.53713	0.02832	0.02831	0.02651	0.05531	0.00974	0.00719	0.00232	0.00658	0.00788	0.00673	0.01064
13	0.00868	0.00620	0.00826	0.00991	0.01033	0.00578	0.00661	0.00991	0.01363	0.01818	0.03925	0.74510	0.04710	0.02231	0.00909	0.00289	0.00413	0.02024	0.00661	0.00578
14	0.01901	0.01526	0.01702	0.01280	0.01871	0.01432	0.01035	0.23408	0.08374	0.03081	0.01561	0.01661	0.01209	0.00674	0.00605	0.00153	0.00613	0.00528	0.00544	0.46841
15	0.01477	0.01266	0.01477	0.01055	0.01687	0.00949	0.00844	0.01793	0.01477	0.02320	0.01266	0.01477	0.01055	0.00527	0.00527	0.00105	0.00527	0.00422	0.00422	0.79328
16	0.02975	0.01163	0.01582	0.01230	0.01742	0.01009	0.01009	0.03257	0.02036	0.64179	0.09574	0.02714	0.02260	0.00939	0.00729	0.00221	0.00579	0.00773	0.00872	0.01158
17	0.00874	0.00625	0.00832	0.00987	0.01034	0.00583	0.00661	0.01008	0.01393	0.01866	0.06987	0.71312	0.04802	0.02195	0.00906	0.00286	0.00410	0.01990	0.00667	0.00583
18	0.01822	0.01555	0.01639	0.01459	0.01871	0.01795	0.01139	0.07273	0.65675	0.03061	0.02834	0.02605	0.02121	0.00960	0.00724	0.00240	0.00575	0.00796	0.00724	0.01132
19	0.00868	0.00620	0.00826	0.00991	0.01033	0.00578	0.00661	0.00991	0.01363	0.01818	0.03925	0.74510	0.04710	0.02231	0.00909	0.00289	0.00413	0.02024	0.00661	0.00578
20	0.01489	0.06673	0.60241	0.02267	0.10924	0.01710	0.02515	0.02241	0.01515	0.02237	0.01272	0.01517	0.00929	0.00669	0.00670	0.00221	0.01015	0.00532	0.00307	0.01055
21	0.01518	0.01775	0.10839	0.07291	0.02727	0.01681	0.23486	0.05507	0.01543	0.02171	0.03885	0.09210	0.01607	0.01195	0.04382	0.00299	0.18761	0.00854	0.00403	0.00866
22	0.80005	0.01377	0.01047	0.00936	0.01377	0.01597	0.00771	0.02093	0.01212	0.03195	0.00991	0.01157	0.00771	0.00661	0.00441	0.00220	0.00551	0.00386	0.00441	0.00771
23	0.00868	0.00620	0.00826	0.00991	0.01033	0.00578	0.00661	0.00991	0.01363	0.01818	0.03925	0.74510	0.04710	0.02231	0.00909	0.00289	0.00413	0.02024	0.00661	0.00578
24	0.01489	0.10559	0.39268	0.04143	0.02955	0.01711	0.17787	0.02131	0.01558	0.02198	0.05016	0.05056	0.01423	0.00763	0.00712	0.00224	0.00987	0.00696	0.00357	0.00967
25	0.02103	0.01696	0.02376	0.08987	0.25350	0.01793	0.05120	0.27123	0.04852	0.06699	0.01933	0.02108	0.04960	0.00812	0.00724	0.00219	0.00801	0.00705	0.00544	0.01096
26	0.00871	0.00700	0.00765	0.00793	0.00976	0.00607	0.00571	0.01044	0.01576	0.01956	0.11734	0.20106	0.48386	0.05447	0.00991	0.00271	0.00385	0.01565	0.00660	0.00594
27	0.01797	0.05607	0.02657	0.10665	0.47985	0.06358	0.01948	0.04374	0.04909	0.02297	0.01466	0.01964	0.01238	0.00715	0.00699	0.00215	0.00859	0.02811	0.00387	0.01050
28	0.01730	0.28701	0.39700	0.01732	0.02566	0.05747	0.03695	0.02287	0.01534	0.04506	0.01227	0.01409	0.00943	0.00661	0.00603	0.00198	0.00950	0.00487	0.00328	0.00995
29	0.03057	0.01230	0.01643	0.01268	0.01801	0.01091	0.01044	0.06904	0.02109	0.63921	0.06169	0.02532	0.01984	0.00909	0.00722	0.00220	0.00602	0.00741	0.00867	0.01184
30	0.00963	0.00709	0.00902	0.00891	0.01046	0.00647	0.00654	0.01244	0.01855	0.02563	0.51038	0.17367	0.14214	0.01631	0.00852	0.00237	0.00352	0.01441	0.00748	0.00647
31	0.01624	0.19630	0.39511	0.05557	0.02689	0.06338	0.02066	0.02174	0.01468	0.02002	0.01159	0.01435	0.00912	0.00736	0.00829	0.00217	0.09880	0.00506	0.00308	0.00960
32	0.01611	0.06879	0.41897	0.02147	0.09926	0.04872	0.03779	0.02338	0.06275	0.03896	0.01519	0.01938	0.01200	0.00787	0.00777	0.00229	0.04780	0.03762	0.00373	0.01016
33	0.00898	0.00641	0.00826	0.00961	0.01012	0.00603	0.00643	0.01016	0.01345	0.01779	0.03882	0.59510	0.07969	0.11504	0.01255	0.00339	0.00454	0.04168	0.00631	0.00564
34	0.01762	0.01692	0.02890	0.04371	0.70533	0.01692	0.02185	0.02185	0.01621	0.02326	0.01339	0.01762	0.01128	0.00634	0.00705	0.00211	0.00846	0.00634	0.00352	0.01128
35	0.01651	0.01049	0.01275	0.01210	0.01466	0.01066	0.00919	0.11275	0.10776	0.13518	0.03240	0.35505	0.03297	0.03503	0.00902	0.00275	0.00545	0.06979	0.00706	0.00845
36	0.02345	0.07199	0.05731	0.02290	0.13378	0.44935	0.06211	0.05831	0.01937	0.02030	0.01195	0.01429	0.00976	0.00704	0.00660	0.00194	0.01141	0.00521	0.00374	0.00919
37	0.01530	0.01314	0.01587	0.06169	0.01946	0.01111	0.00980	0.04965	0.01545	0.02361	0.01272	0.01521	0.01049	0.00589	0.00633	0.00129	0.03951	0.00456	0.00423	0.66470
38	0.01469	0.01266	0.01513	0.05009	0.01864	0.00984	0.00906	0.01794	0.01474	0.02293	0.01266	0.01500	0.01049	0.00537	0.00537	0.00113	0.00550	0.00433	0.00416	0.75028
39	0.01992	0.01399	0.01752	0.05029	0.09043	0.01430	0.03110	0.24115	0.02146	0.08790	0.01895	0.04043	0.01505	0.04708	0.00809	0.00221	0.00659	0.00689	0.16587	0.10078

[dist]
# distance from previous block
# <min> <max>
0	1

[block]
# block no. 2 follows, 29 sequences, length 9
# corresponding to MSA columns:
# 143-151
name=unknown_C
#
# <colnr> <probs for GDERKNQSTAVLIFYWHMCP>
#	G	D	E	R	K	N	Q	S	T	A	V	L	I	F	Y	W	H	M	C	P
0	0.02296	0.01718	0.02043	0.06052	0.10741	0.01855	0.01387	0.37242	0.12026	0.07760	0.01868	0.01922	0.01366	0.00817	0.00696	0.00212	0.00730	0.00656	0.03192	0.05422
1	0.02452	0.01802	0.01984	0.04135	0.02181	0.05480	0.03469	0.40605	0.09859	0.12137	0.02303	0.02252	0.06199	0.00917	0.00724	0.00220	0.00754	0.00725	0.00687	0.01116
2	0.80005	0.01377	0.01047	0.00936	0.01377	0.01597	0.00771	0.02093	0.01212	0.03195	0.00991	0.01157	0.00771	0.00661	0.00441	0.00220	0.00551	0.00386	0.00441	0.00771
3	0.01038	0.00743	0.00942	0.00996	0.01118	0.00715	0.00759	0.01254	0.01545	0.02053	0.18570	0.10290	0.11169	0.21298	0.01636	0.00390	0.00549	0.23720	0.00625	0.00589
4	0.00991	0.00732	0.00962	0.01004	0.01061	0.00779	0.00696	0.01116	0.01209	0.01647	0.02904	0.28969	0.06035	0.24182	0.19828	0.00622	0.04880	0.01316	0.00504	0.00562
5	0.01345	0.01266	0.02136	0.73264	0.04904	0.01582	0.01978	0.01819	0.01424	0.01819	0.01266	0.01898	0.00949	0.00712	0.00712	0.00237	0.00949	0.00633	0.00316	0.00791
6	0.01033	0.00699	0.00823	0.00823	0.00838	0.00715	0.00489	0.01065	0.01049	0.01415	0.02202	0.04427	0.02488	0.66289	0.12172	0.00747	0.00842	0.01002	0.00425	0.00457
7	0.01711	0.02019	0.08690	0.06039	0.03637	0.01806	0.56275	0.06306	0.01759	0.02394	0.01438	0.01877	0.01070	0.00626	0.00815	0.00237	0.01153	0.00797	0.00376	0.00975
8	0.00973	0.00720	0.00908	0.00874	0.01046	0.00655	0.00650	0.01272	0.01915	0.02646	0.56215	0.09652	0.16722	0.01557	0.00844	0.00230	0.00344	0.01366	0.00757	0.00655

[dist]
# distance from previous block
# <min> <max>
0	1

[block]
# block no. 3 follows, 29 sequences, length 18
# corresponding to MSA columns:
# 153-170
name=unknown_D
#
# <colnr> <probs for GDERKNQSTAVLIFYWHMCP>
#	G	D	E	R	K	N	Q	S	T	A	V	L	I	F	Y	W	H	M	C	P
0	0.05198	0.01148	0.01530	0.01223	0.01711	0.01008	0.01000	0.03057	0.01932	0.56976	0.04867	0.07326	0.02155	0.01017	0.00730	0.00226	0.00583	0.03773	0.00825	0.03716
1	0.01008	0.00728	0.00952	0.00896	0.01064	0.00672	0.00672	0.01344	0.02016	0.02855	0.70158	0.05319	0.06719	0.01456	0.00840	0.00224	0.00336	0.01288	0.00784	0.00672
2	0.01648	0.01367	0.01568	0.01136	0.01760	0.01124	0.00915	0.11024	0.01737	0.02622	0.01327	0.01509	0.01076	0.00573	0.00553	0.00121	0.00563	0.00452	0.00462	0.68463
3	0.01477	0.01266	0.01477	0.01055	0.01687	0.00949	0.00844	0.01793	0.01477	0.02320	0.01266	0.01477	0.01055	0.00527	0.00527	0.00105	0.00527	0.00422	0.00422	0.79328
4	0.16856	0.01787	0.01935	0.10660	0.02399	0.02015	0.01325	0.47441	0.02706	0.03907	0.01520	0.01631	0.01096	0.00801	0.00662	0.00218	0.00762	0.00593	0.00611	0.01076
5	0.02544	0.01359	0.01658	0.01297	0.01817	0.01295	0.01055	0.14658	0.09872	0.36782	0.07399	0.02406	0.01980	0.00880	0.00699	0.00206	0.00602	0.00714	0.00762	0.12014
6	0.01771	0.01759	0.02721	0.13765	0.56342	0.06895	0.02096	0.02183	0.01623	0.02213	0.01311	0.01746	0.01087	0.00653	0.00701	0.00213	0.00893	0.00621	0.00349	0.01059
7	0.03133	0.01311	0.01714	0.01314	0.01867	0.01194	0.01086	0.11687	0.02204	0.62574	0.02670	0.02333	0.01693	0.00878	0.00716	0.00219	0.00628	0.00707	0.00860	0.01212
8	0.00889	0.00633	0.00840	0.00998	0.01044	0.00596	0.00676	0.01018	0.01363	0.01814	0.03842	0.68020	0.04584	0.05451	0.01033	0.00309	0.00438	0.05225	0.00651	0.00576
9	0.02233	0.10208	0.01950	0.01546	0.03487	0.34213	0.01163	0.12183	0.01958	0.04574	0.01542	0.03720	0.01381	0.12017	0.01088	0.00265	0.00964	0.00625	0.04042	0.00841
10	0.01166	0.00622	0.00887	0.00921	0.00942	0.00613	0.00618	0.00995	0.01061	0.01463	0.01879	0.17324	0.02006	0.02301	0.02222	0.56908	0.00554	0.00916	0.06208	0.00392
11	0.01036	0.00690	0.00777	0.00777	0.00777	0.00690	0.00431	0.01036	0.01036	0.01381	0.02244	0.04660	0.02589	0.74975	0.03624	0.00690	0.00690	0.01036	0.00431	0.00431
12	0.01386	0.00749	0.00769	0.00743	0.00922	0.00761	0.00555	0.05874	0.01585	0.02680	0.02332	0.05072	0.01920	0.04653	0.00684	0.00200	0.00382	0.00726	0.67322	0.00684
13	0.02005	0.01354	0.01465	0.03589	0.01668	0.01469	0.00984	0.34999	0.02445	0.03555	0.05084	0.02277	0.01712	0.00867	0.00628	0.00195	0.00579	0.00680	0.33500	0.00943
14	0.01681	0.01921	0.04202	0.03001	0.03721	0.01801	0.67947	0.02281	0.01681	0.02281	0.01441	0.01921	0.01080	0.00600	0.00840	0.00240	0.01200	0.00840	0.00360	0.00960
15	0.01483	0.06791	0.01619	0.01064	0.01671	0.01074	0.00864	0.01785	0.01470	0.02251	0.01355	0.04467	0.01195	0.00604	0.00538	0.00117	0.00540	0.00485	0.00423	0.70204
16	0.01405	0.08046	0.41289	0.01653	0.02397	0.01504	0.01895	0.02137	0.07726	0.02241	0.03870	0.11405	0.01795	0.00951	0.00698	0.00224	0.00830	0.02688	0.00421	0.06826
17	0.02563	0.02011	0.04516	0.01665	0.02252	0.02123	0.03250	0.59728	0.05491	0.04229	0.01715	0.01734	0.01226	0.00835	0.00709	0.00212	0.00789	0.00642	0.00680	0.03629

[dist]
# distance from previous block
# <min> <max>
0	1

[block]
# block no. 4 follows, 29 sequences, length 12
# corresponding to MSA columns:
# 172-183
name=unknown_E
#
# <colnr> <probs for GDERKNQSTAVLIFYWHMCP>
#	G	D	E	R	K	N	Q	S	T	A	V	L	I	F	Y	W	H	M	C	P
0	0.02575	0.01896	0.02043	0.01592	0.02124	0.02091	0.01304	0.63328	0.03205	0.04296	0.01869	0.06946	0.01463	0.00954	0.00726	0.00219	0.00757	0.00741	0.00709	0.01165
1	0.19396	0.05387	0.12882	0.05546	0.05351	0.01655	0.01385	0.14190	0.07487	0.10271	0.05618	0.01897	0.01487	0.00788	0.00635	0.00215	0.00713	0.00604	0.00539	0.03954
2	0.00994	0.00727	0.00933	0.00881	0.01055	0.00666	0.00661	0.01317	0.01983	0.02778	0.64923	0.05447	0.12001	0.01485	0.00840	0.00225	0.00338	0.01306	0.00774	0.00666
3	0.01031	0.00707	0.00863	0.00863	0.00893	0.00737	0.00539	0.01091	0.01061	0.01445	0.02165	0.04223	0.02399	0.58654	0.19686	0.00797	0.00976	0.00972	0.00420	0.00479
4	0.01477	0.01266	0.01477	0.01055	0.01687	0.00949	0.00844	0.01793	0.01477	0.02320	0.01266	0.01477	0.01055	0.00527	0.00527	0.00105	0.00527	0.00422	0.00422	0.79328
5	0.01156	0.01062	0.01928	0.01617	0.01907	0.00992	0.22138	0.01474	0.01584	0.02137	0.13206	0.35618	0.06823	0.01566	0.00876	0.00263	0.00659	0.03694	0.00583	0.00718
6	0.01149	0.00725	0.00837	0.00810	0.00868	0.00705	0.00490	0.01199	0.01195	0.05606	0.07127	0.04701	0.06786	0.61393	0.03103	0.00605	0.00642	0.01061	0.00495	0.00503
7	0.01032	0.00703	0.00840	0.00840	0.00861	0.00724	0.00510	0.01076	0.01054	0.01427	0.02186	0.04341	0.02450	0.63066	0.15345	0.00768	0.00898	0.00989	0.00423	0.00466
8	0.00936	0.00682	0.00892	0.01005	0.01108	0.00638	0.00736	0.01135	0.01541	0.02047	0.14699	0.45010	0.11617	0.02018	0.00904	0.00281	0.00438	0.13025	0.00679	0.00609
9	0.02707	0.01995	0.02137	0.01638	0.02208	0.02208	0.01353	0.68159	0.03348	0.04488	0.01710	0.01710	0.01211	0.00855	0.00712	0.00214	0.00784	0.00641	0.00712	0.01211
10	0.01873	0.02022	0.05810	0.06293	0.47027	0.12854	0.01963	0.02439	0.08471	0.02276	0.01452	0.01770	0.01182	0.00689	0.00696	0.00212	0.00901	0.00619	0.00388	0.01063
11	0.01636	0.12092	0.44786	0.01857	0.02639	0.08322	0.02130	0.02340	0.06048	0.02129	0.01299	0.01522	0.00994	0.00752	0.00822	0.00223	0.08551	0.00531	0.00337	0.00991

[dist]
# distance from previous block
# <min> <max>
3	5

[block]
# block no. 5 follows, 29 sequences, length 26
# corresponding to MSA columns:
# 189-214
name=unknown_F
#
# <colnr> <probs for GDERKNQSTAVLIFYWHMCP>
#	G	D	E	R	K	N	Q	S	T	A	V	L	I	F	Y	W	H	M	C	P
0	0.01497	0.03498	0.01401	0.03032	0.01512	0.06705	0.00949	0.10902	0.01612	0.02219	0.02052	0.04818	0.04394	0.09090	0.25266	0.00566	0.04795	0.00764	0.10847	0.04081
1	0.01693	0.01794	0.08199	0.03985	0.61196	0.01630	0.02134	0.02142	0.01635	0.02351	0.05289	0.01946	0.01431	0.00685	0.00710	0.00213	0.00833	0.00663	0.00373	0.01096
2	0.02577	0.01893	0.02031	0.01571	0.02097	0.02090	0.01282	0.62926	0.03168	0.04245	0.01751	0.01940	0.01318	0.06633	0.00939	0.00251	0.00776	0.00672	0.00690	0.01150
3	0.01014	0.00665	0.00871	0.00974	0.01045	0.00621	0.00655	0.01146	0.01403	0.05345	0.08100	0.58158	0.04449	0.10519	0.01208	0.00328	0.00450	0.01794	0.00654	0.00600
4	0.01331	0.01186	0.06027	0.05397	0.01710	0.01180	0.01110	0.11340	0.01600	0.02243	0.09186	0.02830	0.02141	0.07087	0.39432	0.00746	0.03445	0.00788	0.00466	0.00756
5	0.01061	0.00756	0.00953	0.00989	0.01100	0.00734	0.00701	0.05038	0.01637	0.02230	0.22967	0.34542	0.04722	0.13342	0.01309	0.00331	0.00472	0.05830	0.00664	0.00625
6	0.16933	0.06537	0.02078	0.02053	0.14762	0.28624	0.01382	0.09719	0.07145	0.02516	0.01325	0.01495	0.01059	0.00726	0.00619	0.00202	0.00924	0.00520	0.00440	0.00942
7	0.13937	0.04976	0.18958	0.07813	0.10089	0.01805	0.04078	0.02324	0.11890	0.02371	0.01424	0.01699	0.01120	0.00812	0.00941	0.00239	0.13584	0.00590	0.00400	0.00950
8	0.02041	0.01543	0.01644	0.01369	0.01833	0.04063	0.01087	0.15701	0.31454	0.11254	0.04679	0.02568	0.05801	0.00933	0.00703	0.00214	0.00614	0.00756	0.00688	0.11055
9	0.01441	0.01339	0.02089	0.49909	0.03883	0.01718	0.01792	0.03837	0.01401	0.01908	0.01236	0.01835	0.00988	0.00858	0.01119	0.00253	0.19535	0.00632	0.03430	0.00796
10	0.80005	0.01377	0.01047	0.00936	0.01377	0.01597	0.00771	0.02093	0.01212	0.03195	0.00991	0.01157	0.00771	0.00661	0.00441	0.00220	0.00551	0.00386	0.00441	0.00771
11	0.01009	0.00758	0.00937	0.00887	0.01077	0.00703	0.00667	0.01384	0.04602	0.02697	0.56472	0.05483	0.17670	0.01497	0.00836	0.00228	0.00349	0.01306	0.00760	0.00677
12	0.01062	0.00688	0.00766	0.00766	0.00781	0.00688	0.00437	0.01092	0.01077	0.01496	0.02251	0.04479	0.02520	0.68285	0.03342	0.00643	0.00658	0.01002	0.07515	0.00452
13	0.73074	0.01362	0.01101	0.00966	0.01417	0.01548	0.00796	0.02217	0.01286	0.09316	0.01156	0.01271	0.00861	0.00681	0.00466	0.00220	0.00556	0.00415	0.00480	0.00811
14	0.00854	0.00722	0.00739	0.00735	0.00969	0.00606	0.00551	0.01046	0.01653	0.01994	0.11964	0.06737	0.65450	0.01777	0.00841	0.00239	0.00359	0.01487	0.00670	0.00606
15	0.80005	0.01377	0.01047	0.00936	0.01377	0.01597	0.00771	0.02093	0.01212	0.03195	0.00991	0.01157	0.00771	0.00661	0.00441	0.00220	0.00551	0.00386	0.00441	0.00771
16	0.02726	0.04221	0.03624	0.01338	0.01844	0.07644	0.01114	0.05235	0.08567	0.46300	0.07770	0.02474	0.02040	0.00905	0.00709	0.00217	0.00666	0.00726	0.00769	0.01111
17	0.03166	0.01257	0.01681	0.01288	0.01840	0.01114	0.01064	0.07230	0.02114	0.67159	0.02745	0.02382	0.01731	0.00880	0.00716	0.00220	0.00616	0.00712	0.00872	0.01212
18	0.01017	0.00734	0.00868	0.00841	0.01036	0.00652	0.00621	0.01255	0.01758	0.05016	0.33458	0.11178	0.31922	0.05274	0.00979	0.00259	0.00380	0.01397	0.00711	0.00645
19	0.02067	0.01758	0.01726	0.04289	0.01936	0.14214	0.01176	0.28591	0.02217	0.04704	0.01709	0.02187	0.01426	0.07829	0.20390	0.00500	0.01174	0.00674	0.00527	0.00908
20	0.00999	0.00686	0.00790	0.00810	0.00838	0.00675	0.00483	0.01036	0.01126	0.01486	0.02831	0.13502	0.08104	0.58069	0.05147	0.00619	0.00667	0.01187	0.00477	0.00469
21	0.01503	0.01264	0.01830	0.07358	0.25253	0.01308	0.01389	0.02176	0.15279	0.05110	0.10684	0.12180	0.07735	0.01138	0.00769	0.00236	0.00630	0.02658	0.00567	0.00932
22	0.22389	0.05711	0.01868	0.01438	0.01815	0.05212	0.06099	0.04725	0.06708	0.02474	0.01322	0.01615	0.01093	0.00990	0.03777	0.00256	0.16727	0.00549	0.03521	0.11713
23	0.01908	0.01464	0.01639	0.01285	0.01733	0.01477	0.01010	0.30223	0.02187	0.03047	0.01722	0.05034	0.01531	0.13807	0.01231	0.00269	0.03349	0.00695	0.00554	0.25834
24	0.02254	0.01654	0.01812	0.01437	0.01916	0.01781	0.01157	0.43477	0.08735	0.06054	0.02040	0.02250	0.03545	0.06904	0.05035	0.00299	0.00781	0.00704	0.00653	0.07514
25	0.02393	0.01634	0.01861	0.01534	0.04422	0.01741	0.01191	0.42313	0.02628	0.11583	0.01830	0.02045	0.01383	0.06070	0.01008	0.03050	0.02495	0.00664	0.04439	0.05717

[dist]
# distance from previous block
# <min> <max>
0	7

[block]
# block no. 6 follows, 29 sequences, length 22
# corresponding to MSA columns:
# 222-243
name=unknown_G
#
# <colnr> <probs for GDERKNQSTAVLIFYWHMCP>
#	G	D	E	R	K	N	Q	S	T	A	V	L	I	F	Y	W	H	M	C	P
0	0.11393	0.01607	0.01784	0.07667	0.07446	0.03875	0.01252	0.25742	0.12058	0.07859	0.02442	0.02449	0.09512	0.00930	0.00695	0.00223	0.00696	0.00735	0.00615	0.01020
1	0.02060	0.01845	0.10205	0.06557	0.06649	0.01725	0.03078	0.30413	0.08614	0.06822	0.02001	0.05582	0.01648	0.05223	0.00903	0.00257	0.00782	0.03999	0.00594	0.01044
2	0.01109	0.00861	0.00965	0.03195	0.01189	0.00825	0.00657	0.03930	0.05270	0.01976	0.08002	0.05095	0.28016	0.27085	0.01779	0.00389	0.00540	0.02936	0.00567	0.05615
3	0.11039	0.01678	0.02535	0.17842	0.41371	0.05740	0.05415	0.02143	0.01558	0.02290	0.01274	0.01699	0.01034	0.00657	0.00678	0.00218	0.00876	0.00605	0.00357	0.00990
4	0.01491	0.01348	0.02070	0.59442	0.04340	0.01648	0.01829	0.06580	0.10004	0.02145	0.01499	0.01980	0.01120	0.00753	0.00714	0.00236	0.00890	0.00655	0.00394	0.00861
5	0.01059	0.00736	0.01005	0.01005	0.01121	0.00817	0.00751	0.01283	0.01193	0.01765	0.02190	0.03195	0.04114	0.15316	0.48924	0.00904	0.01442	0.00814	0.11758	0.00607
6	0.01022	0.00760	0.01110	0.01092	0.01227	0.00715	0.06468	0.01233	0.01478	0.02068	0.12254	0.43794	0.06067	0.06760	0.01028	0.00288	0.00479	0.01580	0.09953	0.00625
7	0.02551	0.01757	0.01983	0.05351	0.02225	0.01911	0.01312	0.51393	0.02936	0.12058	0.01994	0.05220	0.01529	0.00954	0.00732	0.00224	0.00750	0.03273	0.00707	0.01139
8	0.01938	0.15966	0.01956	0.01335	0.01720	0.17334	0.01078	0.10952	0.08225	0.06079	0.13236	0.08834	0.06351	0.01064	0.00694	0.00208	0.00732	0.00844	0.00571	0.00883
9	0.01707	0.36894	0.27432	0.01571	0.02262	0.06651	0.01724	0.02144	0.01467	0.01886	0.01159	0.01411	0.00970	0.00992	0.05512	0.00255	0.04244	0.00474	0.00313	0.00933
10	0.02629	0.01948	0.02095	0.01601	0.02175	0.02128	0.01321	0.63938	0.03229	0.04350	0.01681	0.01695	0.01201	0.00834	0.00701	0.00207	0.00767	0.00627	0.00694	0.06180
11	0.01959	0.01338	0.01448	0.01272	0.01658	0.04469	0.00993	0.03029	0.33442	0.19739	0.07720	0.06374	0.11191	0.01129	0.00749	0.00234	0.00559	0.00941	0.00741	0.01014
12	0.01597	0.03591	0.01561	0.04152	0.01753	0.10841	0.01055	0.07131	0.03844	0.02247	0.04245	0.14548	0.02203	0.03071	0.00922	0.00226	0.07013	0.06839	0.02937	0.20224
13	0.01060	0.00796	0.00969	0.00953	0.01150	0.00746	0.00736	0.04789	0.01875	0.02507	0.35127	0.11909	0.22761	0.01652	0.00859	0.00247	0.00416	0.10055	0.00720	0.00671
14	0.01775	0.01280	0.01642	0.01759	0.12906	0.01325	0.01189	0.06221	0.22642	0.12479	0.14752	0.03655	0.06921	0.01125	0.00771	0.00237	0.00585	0.07064	0.00685	0.00988
15	0.02856	0.01287	0.01642	0.01310	0.01826	0.01219	0.01066	0.03545	0.18034	0.54831	0.02830	0.02479	0.01860	0.00901	0.00718	0.00225	0.00596	0.00737	0.00844	0.01192
16	0.01017	0.00763	0.01144	0.01144	0.01272	0.00890	0.00890	0.01272	0.01144	0.01653	0.01907	0.02797	0.01780	0.05340	0.72153	0.01144	0.01907	0.00763	0.00381	0.00636
17	0.80005	0.01377	0.01047	0.00936	0.01377	0.01597	0.00771	0.02093	0.01212	0.03195	0.00991	0.01157	0.00771	0.00661	0.00441	0.00220	0.00551	0.00386	0.00441	0.00771
18	0.01020	0.00689	0.00806	0.00820	0.00833	0.00694	0.00483	0.01048	0.01071	0.01437	0.02367	0.10600	0.02718	0.63917	0.08053	0.00686	0.00749	0.01103	0.00448	0.00458
19	0.01069	0.00792	0.01023	0.01067	0.01244	0.00729	0.00827	0.01304	0.01532	0.02078	0.11405	0.25408	0.06950	0.08135	0.01112	0.00305	0.00523	0.23458	0.00624	0.10415
20	0.08779	0.60205	0.03290	0.01269	0.01834	0.11151	0.01199	0.02215	0.01496	0.01815	0.01004	0.01161	0.00902	0.00629	0.00478	0.00162	0.00807	0.00391	0.00324	0.00891
21	0.01268	0.00932	0.01071	0.01015	0.01229	0.02788	0.00771	0.01542	0.04328	0.09319	0.14883	0.18035	0.30460	0.01623	0.00960	0.00250	0.06793	0.01352	0.00667	0.00714

[dist]
# distance from previous block
# <min> <max>
4	10

[block]
# block no. 7 follows, 29 sequences, length 31
# corresponding to MSA columns:
# 254-284
name=unknown_H
#
# <colnr> <probs for GDERKNQSTAVLIFYWHMCP>
#	G	D	E	R	K	N	Q	S	T	A	V	L	I	F	Y	W	H	M	C	P
0	0.01696	0.01667	0.02192	0.05766	0.02202	0.08669	0.09022	0.09374	0.01547	0.02104	0.01410	0.06386	0.01313	0.01550	0.09125	0.00364	0.33650	0.00739	0.00398	0.00826
1	0.05389	0.07988	0.41876	0.02452	0.14221	0.01760	0.11998	0.02231	0.01531	0.02276	0.01278	0.01566	0.00960	0.00653	0.00679	0.00220	0.00995	0.00573	0.00325	0.01028
2	0.04446	0.13993	0.07204	0.01337	0.01909	0.05622	0.01196	0.05506	0.05170	0.35457	0.04341	0.02055	0.01595	0.00804	0.00650	0.00200	0.00694	0.00622	0.00650	0.06549
3	0.66161	0.10072	0.01344	0.00957	0.01406	0.01683	0.00810	0.02035	0.01264	0.02941	0.01355	0.01488	0.04851	0.00722	0.00466	0.00213	0.00565	0.00450	0.00438	0.00778
4	0.02314	0.01721	0.01907	0.01534	0.01983	0.01914	0.01244	0.52398	0.02856	0.03845	0.01984	0.11586	0.01702	0.01305	0.04746	0.00280	0.04103	0.00834	0.00669	0.01074
5	0.01486	0.01065	0.01205	0.01053	0.01249	0.01115	0.00741	0.18261	0.01664	0.02259	0.02014	0.03519	0.02060	0.44186	0.10072	0.00583	0.00836	0.00869	0.00497	0.05267
6	0.01137	0.00817	0.01167	0.01139	0.01282	0.00935	0.00882	0.04941	0.01261	0.01812	0.01860	0.02685	0.01710	0.04727	0.60612	0.06912	0.01696	0.00742	0.03039	0.00644
7	0.01014	0.00692	0.00816	0.00847	0.00873	0.00688	0.00522	0.01063	0.01134	0.01506	0.02678	0.14025	0.04777	0.56741	0.05411	0.00620	0.00685	0.04953	0.00479	0.00476
8	0.01033	0.00694	0.00779	0.00775	0.00811	0.00682	0.00458	0.01083	0.01161	0.01572	0.06990	0.04765	0.07546	0.61743	0.03108	0.00605	0.00628	0.01068	0.04032	0.00469
9	0.00905	0.00724	0.00809	0.00788	0.01001	0.00628	0.00591	0.01145	0.01773	0.02279	0.31213	0.06268	0.46023	0.01671	0.00841	0.00234	0.00351	0.01421	0.00708	0.00628
10	0.01477	0.01266	0.01477	0.01055	0.01687	0.00949	0.00844	0.01793	0.01477	0.02320	0.01266	0.01477	0.01055	0.00527	0.00527	0.00105	0.00527	0.00422	0.00422	0.79328
11	0.01626	0.01913	0.06447	0.02855	0.03549	0.01728	0.61853	0.02209	0.01657	0.02254	0.01572	0.05925	0.01275	0.00693	0.00838	0.00242	0.01152	0.00895	0.00375	0.00943
12	0.00848	0.00717	0.00734	0.00740	0.00969	0.00602	0.00551	0.01031	0.01623	0.01949	0.09092	0.10105	0.64988	0.01813	0.00845	0.00242	0.00362	0.01521	0.00665	0.00602
13	0.01428	0.03683	0.71286	0.02030	0.03082	0.01654	0.02631	0.02255	0.01503	0.02255	0.01278	0.01503	0.00902	0.00677	0.00677	0.00226	0.01052	0.00526	0.00301	0.01052
14	0.00868	0.00620	0.00826	0.00991	0.01033	0.00578	0.00661	0.00991	0.01363	0.01818	0.03925	0.74510	0.04710	0.02231	0.00909	0.00289	0.00413	0.02024	0.00661	0.00578
15	0.01964	0.33356	0.06861	0.03095	0.01930	0.09226	0.01277	0.05196	0.01687	0.09917	0.07446	0.02041	0.04904	0.00858	0.00757	0.00197	0.07316	0.00608	0.00454	0.00910
16	0.01428	0.03683	0.71286	0.02030	0.03082	0.01654	0.02631	0.02255	0.01503	0.02255	0.01278	0.01503	0.00902	0.00677	0.00677	0.00226	0.01052	0.00526	0.00301	0.01052
17	0.01333	0.03075	0.01426	0.03737	0.01465	0.01295	0.00999	0.05326	0.01359	0.01968	0.02088	0.13519	0.02172	0.15504	0.07293	0.00414	0.21500	0.04504	0.10342	0.00681
18	0.04449	0.18687	0.54462	0.01818	0.02755	0.01896	0.02265	0.02223	0.01481	0.02168	0.01207	0.01415	0.00900	0.00662	0.00622	0.00210	0.00973	0.00490	0.00307	0.01013
19	0.40383	0.19651	0.11477	0.01256	0.01827	0.05827	0.01211	0.07114	0.01513	0.02717	0.01090	0.01249	0.00864	0.00669	0.00508	0.00202	0.00728	0.00427	0.00405	0.00880
20	0.01384	0.00832	0.01009	0.00924	0.01167	0.00753	0.00691	0.01669	0.03942	0.15038	0.25548	0.09130	0.24095	0.09282	0.01113	0.00282	0.00443	0.01246	0.00719	0.00735
21	0.02611	0.01902	0.02034	0.01570	0.02112	0.02100	0.01294	0.63515	0.03218	0.04360	0.01752	0.01776	0.01254	0.00853	0.00697	0.00210	0.00752	0.00643	0.06175	0.01173
22	0.00872	0.00710	0.00762	0.00773	0.00974	0.00611	0.00565	0.01058	0.01619	0.02002	0.14172	0.13821	0.52939	0.04743	0.00960	0.00262	0.00377	0.01514	0.00667	0.00600
23	0.00868	0.00620	0.00826	0.00991	0.01033	0.00578	0.00661	0.00991	0.01363	0.01818	0.03925	0.74510	0.04710	0.02231	0.00909	0.00289	0.00413	0.02024	0.00661	0.00578
24	0.02771	0.01603	0.01883	0.01473	0.01995	0.01677	0.01211	0.31967	0.09334	0.32054	0.02258	0.02097	0.01527	0.00893	0.00780	0.00223	0.03611	0.00688	0.00768	0.01186
25	0.07752	0.01095	0.01404	0.01203	0.01606	0.01029	0.00990	0.02694	0.06060	0.38765	0.13730	0.03819	0.02936	0.01158	0.00765	0.00241	0.00565	0.12414	0.00785	0.00989
26	0.01739	0.01466	0.01579	0.01441	0.01823	0.01677	0.01140	0.06435	0.58175	0.02946	0.02948	0.03256	0.02360	0.01081	0.00755	0.00251	0.00585	0.08553	0.00716	0.01075
27	0.00886	0.00645	0.00835	0.00952	0.01031	0.00594	0.00651	0.01046	0.01484	0.01981	0.14034	0.57885	0.11195	0.02076	0.00892	0.00275	0.00397	0.01866	0.00679	0.00594
28	0.05895	0.01170	0.01560	0.01218	0.01727	0.01030	0.00999	0.03208	0.02004	0.61721	0.09389	0.02661	0.02214	0.00930	0.00718	0.00221	0.00577	0.00760	0.00855	0.01142
29	0.01237	0.00618	0.00928	0.00928	0.00928	0.00618	0.00618	0.00928	0.00928	0.01237	0.01237	0.02165	0.01237	0.02474	0.02783	0.79283	0.00618	0.00618	0.00309	0.00309
30	0.02431	0.19698	0.02472	0.01624	0.02095	0.27154	0.01342	0.25375	0.02290	0.02682	0.01277	0.01416	0.01020	0.00778	0.00728	0.00195	0.05462	0.00514	0.00469	0.00978

[dist]
# distance from previous block
# <min> <max>
0	1

[block]
# block no. 8 follows, 29 sequences, length 11
# corresponding to MSA columns:
# 286-296
name=unknown_I
#
# <colnr> <probs for GDERKNQSTAVLIFYWHMCP>
#	G	D	E	R	K	N	Q	S	T	A	V	L	I	F	Y	W	H	M	C	P
0	0.06191	0.01623	0.01751	0.01388	0.01850	0.01745	0.01105	0.41338	0.06867	0.07612	0.01872	0.02253	0.01499	0.13000	0.01165	0.00287	0.00714	0.00693	0.00644	0.06401
1	0.01874	0.01341	0.01487	0.01265	0.01611	0.01419	0.00990	0.33619	0.02329	0.03213	0.02357	0.17073	0.02251	0.07841	0.00992	0.00266	0.00626	0.04209	0.10085	0.05151
2	0.01376	0.01064	0.01373	0.01257	0.01475	0.01100	0.04340	0.15169	0.01814	0.02443	0.06450	0.34671	0.06600	0.07434	0.01139	0.00295	0.04355	0.04240	0.00620	0.02785
3	0.01545	0.00981	0.01114	0.01005	0.01249	0.01062	0.00790	0.16075	0.01805	0.02786	0.02078	0.02487	0.01679	0.02044	0.19750	0.00439	0.00853	0.00685	0.40798	0.00776
4	0.04296	0.01680	0.01731	0.06231	0.05068	0.08259	0.01216	0.06580	0.41149	0.02760	0.02220	0.02189	0.01690	0.00841	0.00680	0.00215	0.00675	0.00682	0.00599	0.11240
5	0.01032	0.00699	0.00821	0.00818	0.00838	0.00708	0.00487	0.01074	0.01097	0.01483	0.05730	0.04517	0.02726	0.64568	0.09973	0.00709	0.00787	0.01023	0.00445	0.00463
6	0.01564	0.12639	0.45760	0.02243	0.09884	0.01830	0.09109	0.02293	0.04106	0.02216	0.01325	0.01570	0.00994	0.00666	0.00669	0.00217	0.00990	0.00561	0.00329	0.01035
7	0.01588	0.05160	0.34024	0.02718	0.13749	0.01752	0.26225	0.02249	0.01584	0.02256	0.01337	0.01683	0.01002	0.00640	0.00733	0.00226	0.01064	0.00652	0.00330	0.01026
8	0.02768	0.01285	0.01628	0.01299	0.01800	0.01223	0.01056	0.06905	0.14752	0.50491	0.06846	0.02604	0.02110	0.00931	0.00725	0.00224	0.00591	0.00763	0.00837	0.01163
9	0.00903	0.00695	0.00824	0.00864	0.01007	0.00641	0.00614	0.01075	0.01489	0.01916	0.12085	0.24717	0.31807	0.09184	0.08511	0.00388	0.00564	0.01502	0.00624	0.00590
10	0.01718	0.08652	0.05598	0.01875	0.02275	0.01863	0.17340	0.13348	0.01723	0.02402	0.03827	0.02003	0.01374	0.03291	0.08608	0.00348	0.19560	0.00701	0.02603	0.00891

[dist]
# distance from previous block
# <min> <max>
0	3

[block]
# block no. 9 follows, 29 sequences, length 9
# corresponding to MSA columns:
# 300-308
name=unknown_J
#
# <colnr> <probs for GDERKNQSTAVLIFYWHMCP>
#	G	D	E	R	K	N	Q	S	T	A	V	L	I	F	Y	W	H	M	C	P
0	0.01851	0.01422	0.03453	0.01512	0.06458	0.01437	0.01125	0.29196	0.04484	0.05667	0.15551	0.14429	0.05099	0.03916	0.00878	0.00247	0.00619	0.01034	0.00677	0.00945
1	0.02403	0.01645	0.01789	0.01406	0.01900	0.01758	0.01150	0.47536	0.02845	0.10926	0.02643	0.02574	0.11069	0.00990	0.00717	0.00215	0.00675	0.00772	0.05900	0.01089
2	0.01018	0.00785	0.00908	0.00929	0.01067	0.00761	0.00655	0.04960	0.01513	0.01940	0.04634	0.31322	0.28323	0.13475	0.01357	0.00331	0.03262	0.01540	0.00614	0.00608
3	0.01404	0.10373	0.01730	0.01400	0.04044	0.10647	0.04870	0.01630	0.01371	0.01747	0.01933	0.11248	0.01940	0.10760	0.28885	0.00626	0.01245	0.00856	0.02587	0.00704
4	0.01549	0.01853	0.08162	0.02653	0.03299	0.01618	0.54113	0.02097	0.01624	0.02214	0.01781	0.12156	0.01582	0.00836	0.00839	0.00246	0.01079	0.00987	0.00399	0.00912
5	0.01970	0.01032	0.01310	0.01112	0.01468	0.00972	0.00878	0.02512	0.11512	0.29679	0.31278	0.03872	0.06997	0.01176	0.00775	0.00226	0.00476	0.01004	0.00808	0.00946
6	0.06930	0.01651	0.08774	0.07742	0.02131	0.01578	0.01295	0.20744	0.16614	0.03013	0.04697	0.05838	0.10296	0.01085	0.00735	0.00236	0.00676	0.04390	0.00610	0.00964
7	0.02133	0.04711	0.01774	0.05794	0.01933	0.08419	0.01170	0.20778	0.02065	0.12471	0.01795	0.02007	0.01364	0.01248	0.06943	0.00292	0.08594	0.00635	0.14935	0.00940
8	0.01667	0.01655	0.01857	0.01647	0.01769	0.12207	0.01319	0.07400	0.01465	0.01963	0.01546	0.11970	0.01575	0.01690	0.08801	0.00365	0.39101	0.00812	0.00410	0.00780

[dist]
# distance from previous block
# <min> <max>
5	10

[block]
# block no. 10 follows, 29 sequences, length 13
# corresponding to MSA columns:
# 319-331
name=unknown_K
#
# <colnr> <probs for GDERKNQSTAVLIFYWHMCP>
#	G	D	E	R	K	N	Q	S	T	A	V	L	I	F	Y	W	H	M	C	P
0	0.01969	0.02182	0.05653	0.05912	0.31715	0.21861	0.05532	0.02396	0.04073	0.03951	0.01478	0.01953	0.01237	0.00917	0.03470	0.00249	0.01024	0.03059	0.00393	0.00979
1	0.01513	0.01339	0.01524	0.06598	0.01716	0.08540	0.01105	0.05974	0.01433	0.02003	0.01712	0.06440	0.01634	0.11381	0.11214	0.00426	0.21560	0.00767	0.12402	0.00719
2	0.00944	0.00753	0.00859	0.00893	0.01094	0.00681	0.00687	0.01221	0.03935	0.02087	0.13380	0.14933	0.42114	0.01813	0.00868	0.00258	0.00418	0.11751	0.00677	0.00633
3	0.13116	0.04686	0.02128	0.35878	0.11602	0.08574	0.01686	0.02004	0.01436	0.02057	0.01168	0.01641	0.00938	0.00756	0.00846	0.00232	0.09505	0.00568	0.00343	0.00836
4	0.06867	0.01686	0.01873	0.01459	0.01994	0.01795	0.01200	0.42309	0.05889	0.21579	0.02036	0.01945	0.01399	0.00856	0.00691	0.00215	0.00698	0.00655	0.03692	0.01163
5	0.02276	0.01478	0.01672	0.01394	0.01845	0.01587	0.01109	0.16644	0.33027	0.21001	0.05588	0.02586	0.02085	0.03372	0.00820	0.00244	0.00614	0.00777	0.00756	0.01123
6	0.00946	0.03456	0.00960	0.00983	0.01087	0.00714	0.00687	0.01163	0.03962	0.01931	0.08207	0.57728	0.11483	0.02031	0.00874	0.00273	0.00421	0.01817	0.00658	0.00619
7	0.05605	0.01574	0.02109	0.32015	0.07487	0.06951	0.05676	0.06220	0.12093	0.10668	0.01719	0.01979	0.01259	0.00767	0.00704	0.00228	0.00854	0.00658	0.00485	0.00950
8	0.01785	0.01769	0.07693	0.10221	0.55698	0.01641	0.02132	0.02233	0.01620	0.06325	0.01415	0.01795	0.01133	0.00659	0.00704	0.00215	0.00856	0.00631	0.00377	0.01097
9	0.04158	0.00832	0.00989	0.00969	0.01108	0.00824	0.00676	0.05133	0.01518	0.02132	0.15334	0.27583	0.06616	0.20976	0.01597	0.00365	0.02481	0.01339	0.00596	0.04774
10	0.07078	0.05750	0.05800	0.01886	0.06147	0.31897	0.01476	0.13475	0.01941	0.02347	0.01184	0.01433	0.00972	0.00832	0.00959	0.00218	0.14755	0.00526	0.00412	0.00912
11	0.01267	0.00875	0.01181	0.01260	0.06225	0.00827	0.00877	0.01528	0.01706	0.08851	0.25200	0.21040	0.12250	0.01565	0.00887	0.00247	0.03007	0.06877	0.00678	0.03649
12	0.01326	0.01311	0.09358	0.04471	0.08802	0.01048	0.07583	0.01734	0.01792	0.06378	0.33821	0.10093	0.04171	0.01231	0.00808	0.00235	0.00610	0.03796	0.00617	0.00814

[dist]
# distance from previous block
# <min> <max>
7	67

[block]
# block no. 11 follows, 29 sequences, length 101
# corresponding to MSA columns:
# 403-503
name=unknown_L
#
# <colnr> <probs for GDERKNQSTAVLIFYWHMCP>
#	G	D	E	R	K	N	Q	S	T	A	V	L	I	F	Y	W	H	M	C	P
0	0.01114	0.00926	0.01463	0.01457	0.04382	0.00908	0.09789	0.04097	0.01493	0.02012	0.03296	0.56376	0.03807	0.01856	0.00927	0.00277	0.02830	0.01705	0.00599	0.00686
1	0.02211	0.46263	0.03044	0.01459	0.01979	0.27879	0.01281	0.05154	0.01733	0.01817	0.01060	0.01217	0.00927	0.00665	0.00535	0.00166	0.00952	0.00420	0.00344	0.00894
2	0.01710	0.19610	0.02927	0.06161	0.02430	0.07089	0.15525	0.02002	0.01389	0.01830	0.01128	0.01588	0.00996	0.01062	0.04322	0.00280	0.28171	0.00605	0.00327	0.00848
3	0.02183	0.01665	0.12336	0.01410	0.01896	0.03619	0.01284	0.07248	0.06756	0.28960	0.07454	0.02630	0.04111	0.04454	0.05453	0.00307	0.05822	0.00758	0.00647	0.01008
4	0.07465	0.04075	0.01785	0.04569	0.02008	0.11453	0.01188	0.16234	0.22847	0.10170	0.02375	0.02323	0.06252	0.00926	0.00740	0.00223	0.03017	0.00708	0.00622	0.01019
5	0.06762	0.05963	0.39986	0.02388	0.12922	0.01696	0.13083	0.02201	0.01546	0.02329	0.03728	0.01707	0.01163	0.00681	0.00688	0.00222	0.00975	0.00605	0.00345	0.01010
6	0.01284	0.00945	0.01187	0.06653	0.01563	0.00989	0.00928	0.03877	0.11239	0.04279	0.13459	0.10198	0.06437	0.16689	0.01421	0.00354	0.00595	0.16566	0.00622	0.00716
7	0.07388	0.04774	0.01797	0.03608	0.01936	0.06423	0.01140	0.32128	0.07251	0.09026	0.01993	0.02029	0.03550	0.00846	0.00652	0.00204	0.00698	0.00642	0.10342	0.03572
8	0.01513	0.01362	0.01418	0.01374	0.03770	0.12726	0.01022	0.04060	0.01434	0.01977	0.01708	0.02389	0.01534	0.07450	0.26558	0.00578	0.12055	0.00683	0.15676	0.00717
9	0.02109	0.01536	0.01774	0.10887	0.02226	0.01690	0.01221	0.38389	0.05129	0.06275	0.02176	0.07797	0.04099	0.07695	0.00989	0.00266	0.00723	0.00821	0.03204	0.00994
10	0.01171	0.00863	0.03199	0.01048	0.01209	0.00769	0.00777	0.03712	0.04402	0.06400	0.13292	0.44051	0.06825	0.04973	0.01039	0.02878	0.00470	0.01580	0.00664	0.00677
11	0.04341	0.01751	0.03055	0.08177	0.26260	0.04626	0.26837	0.02209	0.03890	0.02265	0.01465	0.03970	0.01209	0.00706	0.00797	0.00226	0.03249	0.00736	0.00379	0.03851
12	0.01876	0.59719	0.08047	0.01558	0.04938	0.04963	0.06371	0.02178	0.01495	0.01788	0.01061	0.01255	0.00935	0.00618	0.00517	0.00167	0.00835	0.00438	0.00313	0.00932
13	0.01508	0.01391	0.10055	0.06694	0.01835	0.01244	0.03146	0.11653	0.01684	0.02545	0.01921	0.05326	0.01619	0.04491	0.08767	0.00333	0.05553	0.00727	0.28704	0.00804
14	0.05421	0.01239	0.01617	0.01244	0.01785	0.01095	0.01023	0.06041	0.02024	0.58330	0.04861	0.02377	0.01820	0.00865	0.00697	0.00211	0.00597	0.00699	0.00821	0.07236
15	0.02660	0.03394	0.02018	0.01834	0.02201	0.72116	0.01376	0.02843	0.02018	0.01743	0.01101	0.01284	0.00917	0.00734	0.00642	0.00183	0.01284	0.00459	0.00367	0.00825
16	0.00842	0.00721	0.00721	0.00721	0.00962	0.00601	0.00541	0.01022	0.01623	0.01924	0.07213	0.06853	0.70244	0.01803	0.00842	0.00240	0.00361	0.01503	0.00661	0.00601
17	0.02660	0.03394	0.02018	0.01834	0.02201	0.72116	0.01376	0.02843	0.02018	0.01743	0.01101	0.01284	0.00917	0.00734	0.00642	0.00183	0.01284	0.00459	0.00367	0.00825
18	0.02503	0.01313	0.03602	0.01256	0.01749	0.01189	0.01046	0.08082	0.12103	0.42261	0.03418	0.03106	0.13051	0.01038	0.00737	0.00226	0.00586	0.00848	0.00791	0.01094
19	0.00957	0.00689	0.00907	0.00930	0.01053	0.00638	0.00668	0.01217	0.01781	0.02482	0.46334	0.30207	0.05996	0.01735	0.00865	0.00247	0.00364	0.01553	0.00740	0.00638
20	0.01237	0.00618	0.00928	0.00928	0.00928	0.00618	0.00618	0.00928	0.00928	0.01237	0.01237	0.02165	0.01237	0.02474	0.02783	0.79283	0.00618	0.00618	0.00309	0.00309
21	0.03195	0.01212	0.01652	0.01267	0.01818	0.01047	0.01047	0.03470	0.02038	0.71026	0.02809	0.02424	0.01763	0.00881	0.00716	0.00220	0.00606	0.00716	0.00881	0.01212
22	0.02587	0.01895	0.02046	0.01589	0.02120	0.02092	0.01302	0.63305	0.03189	0.04274	0.01774	0.04391	0.01340	0.00963	0.00793	0.03032	0.00764	0.00691	0.00696	0.01156
23	0.01227	0.00711	0.00954	0.01034	0.01154	0.00651	0.00721	0.01374	0.01468	0.12508	0.03752	0.63375	0.04254	0.02022	0.00879	0.00279	0.00443	0.01822	0.00695	0.00676
