[name]
unknown

[dist]
# distance from previous block
# <min> <max>
0	6

[block]
# block no. 0 follows, 26 sequences, length 63
# corresponding to MSA columns:
# 6-68
name=unknown_A
#
# <colnr> <probs for GDERKNQSTAVLIFYWHMCP>
#	G	D	E	R	K	N	Q	S	T	A	V	L	I	F	Y	W	H	M	C	P
0	0.01521	0.03923	0.69413	0.02162	0.03283	0.01762	0.02802	0.02402	0.01601	0.02402	0.01361	0.01601	0.00961	0.00721	0.00721	0.00240	0.01121	0.00560	0.00320	0.01121
1	0.07555	0.01493	0.02407	0.49664	0.14352	0.01745	0.04916	0.04945	0.01636	0.02284	0.01367	0.01931	0.01044	0.00743	0.00741	0.00246	0.00966	0.00664	0.00374	0.00924
2	0.02883	0.02125	0.02276	0.01745	0.02352	0.02352	0.01442	0.66082	0.03566	0.04780	0.01821	0.01821	0.01290	0.00911	0.00759	0.00228	0.00835	0.00683	0.00759	0.01290
3	0.02828	0.02157	0.02241	0.01743	0.02332	0.04995	0.01430	0.60296	0.06908	0.04580	0.01863	0.01857	0.01332	0.00912	0.00757	0.00228	0.00843	0.00685	0.00745	0.01269
4	0.01092	0.00744	0.00840	0.00848	0.00876	0.00734	0.00502	0.01122	0.01181	0.01551	0.02878	0.05305	0.07987	0.64590	0.03504	0.00681	0.00706	0.03885	0.00489	0.00484
5	0.01051	0.00774	0.00982	0.00930	0.01119	0.00706	0.00698	0.01387	0.02093	0.02914	0.60444	0.05876	0.15004	0.01598	0.00895	0.00241	0.00361	0.01401	0.00818	0.00706
6	0.01444	0.00923	0.01090	0.00989	0.01285	0.00842	0.00762	0.01864	0.07077	0.13419	0.27719	0.05609	0.30932	0.01562	0.00864	0.00247	0.00434	0.01326	0.00794	0.00817
7	0.67796	0.01517	0.01255	0.01084	0.01572	0.01729	0.00893	0.08108	0.01545	0.07035	0.01229	0.01358	0.00920	0.00735	0.00511	0.00234	0.00612	0.00454	0.00521	0.00889
8	0.00933	0.00681	0.00861	0.00999	0.01070	0.00628	0.00668	0.01064	0.01465	0.01918	0.04533	0.58770	0.13608	0.07548	0.01172	0.00332	0.00454	0.02002	0.00686	0.00608
9	0.00896	0.00768	0.00768	0.00768	0.01025	0.00640	0.00576	0.01089	0.01729	0.02049	0.07684	0.07300	0.68304	0.01921	0.00896	0.00256	0.00384	0.01601	0.00704	0.00640
10	0.01534	0.03838	0.66454	0.02209	0.03314	0.01769	0.05676	0.02403	0.01610	0.02403	0.01369	0.01622	0.00970	0.00717	0.00729	0.00241	0.01128	0.00576	0.00323	0.01117
11	0.02833	0.03615	0.02149	0.01954	0.02345	0.70298	0.01466	0.03029	0.02149	0.01856	0.01172	0.01368	0.00977	0.00782	0.00684	0.00195	0.01368	0.00489	0.00391	0.00879
12	0.01432	0.01348	0.02275	0.71520	0.05224	0.01685	0.02107	0.01938	0.01517	0.01938	0.01348	0.02022	0.01011	0.00758	0.00758	0.00253	0.01011	0.00674	0.00337	0.00843
13	0.03403	0.01291	0.01760	0.01350	0.01936	0.01115	0.01115	0.03697	0.02171	0.69137	0.02992	0.02582	0.01878	0.00939	0.00763	0.00235	0.00645	0.00763	0.00939	0.01291
14	0.01877	0.01802	0.03079	0.04656	0.68612	0.01802	0.02328	0.02328	0.01727	0.02478	0.01427	0.01877	0.01201	0.00676	0.00751	0.00225	0.00901	0.00676	0.00375	0.01201
15	0.01521	0.03923	0.69413	0.02162	0.03283	0.01762	0.02802	0.02402	0.01601	0.02402	0.01361	0.01601	0.00961	0.00721	0.00721	0.00240	0.01121	0.00560	0.00320	0.01121
16	0.01074	0.00775	0.01014	0.00954	0.01133	0.00716	0.00716	0.01431	0.02147	0.03042	0.68211	0.05666	0.07157	0.01551	0.00895	0.00239	0.00358	0.01372	0.00835	0.00716
17	0.78701	0.01467	0.01115	0.00997	0.01467	0.01702	0.00821	0.02230	0.01291	0.03403	0.01056	0.01232	0.00821	0.00704	0.00469	0.00235	0.00587	0.00411	0.00469	0.00821
18	0.01102	0.00793	0.01061	0.01088	0.01254	0.00751	0.00858	0.01437	0.01971	0.02724	0.44318	0.12518	0.06176	0.01779	0.00944	0.00276	0.00461	0.19001	0.00785	0.00702
19	0.03403	0.01291	0.01760	0.01350	0.01936	0.01115	0.01115	0.03697	0.02171	0.69137	0.02992	0.02582	0.01878	0.00939	0.00763	0.00235	0.00645	0.00763	0.00939	0.01291
20	0.03403	0.01291	0.01760	0.01350	0.01936	0.01115	0.01115	0.03697	0.02171	0.69137	0.02992	0.02582	0.01878	0.00939	0.00763	0.00235	0.00645	0.00763	0.00939	0.01291
21	0.01094	0.00732	0.00830	0.00838	0.00841	0.00730	0.00471	0.01101	0.01120	0.01493	0.02477	0.08260	0.02867	0.69897	0.03720	0.00715	0.00721	0.01154	0.00471	0.00467
22	0.02028	0.73799	0.03975	0.01298	0.01947	0.03001	0.01298	0.02271	0.01541	0.01785	0.01055	0.01217	0.00973	0.00649	0.00487	0.00162	0.00811	0.00406	0.00324	0.00973
23	0.00924	0.00660	0.00880	0.01056	0.01100	0.00616	0.00704	0.01056	0.01452	0.01936	0.04181	0.72848	0.05017	0.02376	0.00968	0.00308	0.00440	0.02156	0.00704	0.00616
24	0.01432	0.01348	0.02275	0.71520	0.05224	0.01685	0.02107	0.01938	0.01517	0.01938	0.01348	0.02022	0.01011	0.00758	0.00758	0.00253	0.01011	0.00674	0.00337	0.00843
25	0.02740	0.02018	0.02174	0.01695	0.02261	0.02225	0.01388	0.61329	0.03412	0.04572	0.01994	0.07014	0.01562	0.01018	0.00774	0.00234	0.00806	0.00791	0.00755	0.01241
26	0.03403	0.01291	0.01760	0.01350	0.01936	0.01115	0.01115	0.03697	0.02171	0.69137	0.02992	0.02582	0.01878	0.00939	0.00763	0.00235	0.00645	0.00763	0.00939	0.01291
27	0.02947	0.02023	0.02213	0.01697	0.02302	0.02201	0.01402	0.58479	0.03396	0.12623	0.01964	0.01914	0.01362	0.00914	0.00759	0.00228	0.00812	0.00693	0.00781	0.01290
28	0.00933	0.00664	0.00878	0.01045	0.01087	0.00622	0.00692	0.01058	0.01435	0.01913	0.04092	0.69479	0.04905	0.05898	0.01112	0.00329	0.00455	0.02104	0.00692	0.00608
29	0.01659	0.01659	0.02323	0.01991	0.01991	0.02323	0.01659	0.01825	0.01162	0.01825	0.00996	0.01659	0.00996	0.01328	0.02489	0.00332	0.71955	0.00664	0.00332	0.00830
30	0.00924	0.00660	0.00880	0.01056	0.01100	0.00616	0.00704	0.01056	0.01452	0.01936	0.04181	0.72848	0.05017	0.02376	0.00968	0.00308	0.00440	0.02156	0.00704	0.00616
31	0.02883	0.02125	0.02276	0.01745	0.02352	0.02352	0.01442	0.66082	0.03566	0.04780	0.01821	0.01821	0.01290	0.00911	0.00759	0.00228	0.00835	0.00683	0.00759	0.01290
32	0.01780	0.02118	0.06950	0.03157	0.03938	0.01912	0.63454	0.02429	0.01783	0.02429	0.01528	0.02029	0.01144	0.00642	0.00888	0.00255	0.01273	0.00882	0.00381	0.01027
33	0.01084	0.00813	0.01219	0.01219	0.01354	0.00948	0.00948	0.01354	0.01219	0.01761	0.02032	0.02980	0.01896	0.05689	0.70337	0.01219	0.02032	0.00813	0.00406	0.00677
34	0.00896	0.00768	0.00768	0.00768	0.01025	0.00640	0.00576	0.01089	0.01729	0.02049	0.07684	0.07300	0.68304	0.01921	0.00896	0.00256	0.00384	0.01601	0.00704	0.00640
35	0.01521	0.03923	0.69413	0.02162	0.03283	0.01762	0.02802	0.02402	0.01601	0.02402	0.01361	0.01601	0.00961	0.00721	0.00721	0.00240	0.01121	0.00560	0.00320	0.01121
36	0.01887	0.01629	0.01715	0.01544	0.01972	0.01887	0.01201	0.04031	0.67241	0.03173	0.03087	0.02830	0.02315	0.01029	0.00772	0.00257	0.00600	0.00858	0.00772	0.01201
37	0.02883	0.02125	0.02276	0.01745	0.02352	0.02352	0.01442	0.66082	0.03566	0.04780	0.01821	0.01821	0.01290	0.00911	0.00759	0.00228	0.00835	0.00683	0.00759	0.01290
38	0.02736	0.02036	0.02223	0.05434	0.02459	0.02257	0.01447	0.60379	0.03392	0.04533	0.02002	0.02024	0.03627	0.00938	0.00764	0.00230	0.00828	0.00715	0.00734	0.01243
39	0.02883	0.02125	0.02276	0.01745	0.02352	0.02352	0.01442	0.66082	0.03566	0.04780	0.01821	0.01821	0.01290	0.00911	0.00759	0.00228	0.00835	0.00683	0.00759	0.01290
40	0.01084	0.00813	0.01219	0.01219	0.01354	0.00948	0.00948	0.01354	0.01219	0.01761	0.02032	0.02980	0.01896	0.05689	0.70337	0.01219	0.02032	0.00813	0.00406	0.00677
41	0.01790	0.02046	0.04476	0.03197	0.03964	0.01918	0.65857	0.02430	0.01790	0.02430	0.01535	0.02046	0.01151	0.00639	0.00895	0.00256	0.01279	0.00895	0.00384	0.01023
42	0.02833	0.03615	0.02149	0.01954	0.02345	0.70298	0.01466	0.03029	0.02149	0.01856	0.01172	0.01368	0.00977	0.00782	0.00684	0.00195	0.01368	0.00489	0.00391	0.00879
43	0.01887	0.01629	0.01715	0.01544	0.01972	0.01887	0.01201	0.04031	0.67241	0.03173	0.03087	0.02830	0.02315	0.01029	0.00772	0.00257	0.00600	0.00858	0.00772	0.01201
44	0.01916	0.01875	0.03041	0.04547	0.65942	0.04562	0.02293	0.02356	0.01744	0.02453	0.01417	0.01857	0.01192	0.00680	0.00748	0.00224	0.00920	0.00668	0.00376	0.01188
45	0.01887	0.01629	0.01715	0.01544	0.01972	0.01887	0.01201	0.04031	0.67241	0.03173	0.03087	0.02830	0.02315	0.01029	0.00772	0.00257	0.00600	0.00858	0.00772	0.01201
46	0.00924	0.00660	0.00880	0.01056	0.01100	0.00616	0.00704	0.01056	0.01452	0.01936	0.04181	0.72848	0.05017	0.02376	0.00968	0.00308	0.00440	0.02156	0.00704	0.00616
47	0.00953	0.00681	0.00913	0.01089	0.01146	0.00641	0.00755	0.01106	0.01481	0.01969	0.04165	0.66592	0.04953	0.02349	0.00976	0.00312	0.00465	0.08126	0.00704	0.00624
48	0.01729	0.01849	0.03116	0.14179	0.03297	0.05437	0.25876	0.02131	0.01507	0.02073	0.01267	0.01852	0.01056	0.00946	0.01508	0.00283	0.29889	0.00744	0.00355	0.00907
49	0.01103	0.00735	0.00827	0.00827	0.00827	0.00735	0.00460	0.01103	0.01103	0.01471	0.02390	0.04964	0.02758	0.73343	0.03861	0.00735	0.00735	0.01103	0.00460	0.00460
50	0.01084	0.00813	0.01219	0.01219	0.01354	0.00948	0.00948	0.01354	0.01219	0.01761	0.02032	0.02980	0.01896	0.05689	0.70337	0.01219	0.02032	0.00813	0.00406	0.00677
51	0.01958	0.64090	0.13068	0.01418	0.02132	0.02829	0.01507	0.02289	0.01550	0.01870	0.01097	0.01270	0.00972	0.00659	0.00519	0.00173	0.00854	0.00427	0.00324	0.00994
52	0.01573	0.01348	0.01573	0.01123	0.01798	0.01011	0.00899	0.01910	0.01573	0.02472	0.01348	0.01573	0.01123	0.00562	0.00562	0.00112	0.00562	0.00449	0.00449	0.77980
53	0.01382	0.01016	0.01266	0.01313	0.01547	0.01040	0.01096	0.07776	0.07127	0.02591	0.06836	0.11656	0.09728	0.01830	0.00951	0.00307	0.00628	0.37313	0.03813	0.00784
54	0.01509	0.00920	0.01192	0.01066	0.01325	0.00859	0.00827	0.04909	0.02206	0.12833	0.53236	0.05122	0.06001	0.01448	0.00874	0.00241	0.00435	0.03328	0.00842	0.00828
55	0.00905	0.00769	0.00780	0.00777	0.01030	0.00644	0.00583	0.01104	0.01748	0.02095	0.10484	0.07224	0.65475	0.01904	0.00896	0.00255	0.00383	0.01590	0.00710	0.00644
56	0.00898	0.00764	0.00773	0.00779	0.01027	0.00639	0.00581	0.01087	0.01718	0.02045	0.07552	0.09777	0.65912	0.01938	0.00899	0.00258	0.00386	0.01622	0.00704	0.00639
57	0.01067	0.00770	0.01008	0.00959	0.01132	0.00711	0.00715	0.01414	0.02116	0.02992	0.65313	0.08707	0.07060	0.01588	0.00898	0.00242	0.00362	0.01407	0.00829	0.00711
58	0.02000	0.01605	0.01801	0.01337	0.01980	0.01470	0.01083	0.22319	0.04793	0.03231	0.01567	0.01701	0.01223	0.00691	0.00632	0.00155	0.00650	0.00539	0.00560	0.50663
59	0.01573	0.01348	0.01573	0.01123	0.01798	0.01011	0.00899	0.01910	0.01573	0.02472	0.01348	0.01573	0.01123	0.00562	0.00562	0.00112	0.00562	0.00449	0.00449	0.77980
60	0.02789	0.03444	0.02134	0.01924	0.02327	0.63604	0.01451	0.06140	0.05449	0.02064	0.01299	0.01462	0.01059	0.00800	0.00692	0.00200	0.01304	0.00516	0.00428	0.00915
61	0.01877	0.01802	0.03079	0.04656	0.68612	0.01802	0.02328	0.02328	0.01727	0.02478	0.01427	0.01877	0.01201	0.00676	0.00751	0.00225	0.00901	0.00676	0.00375	0.01201
62	0.01033	0.00741	0.00965	0.01097	0.01180	0.00711	0.00762	0.03998	0.01597	0.02137	0.07484	0.63123	0.04935	0.02254	0.00959	0.00303	0.00465	0.04887	0.00713	0.00655

[dist]
# distance from previous block
# <min> <max>
0	1

[block]
# block no. 1 follows, 26 sequences, length 73
# corresponding to MSA columns:
# 70-142
name=unknown_B
#
# <colnr> <probs for GDERKNQSTAVLIFYWHMCP>
#	G	D	E	R	K	N	Q	S	T	A	V	L	I	F	Y	W	H	M	C	P
0	0.03380	0.01328	0.01783	0.01367	0.01955	0.01170	0.01129	0.06474	0.02233	0.66272	0.02940	0.02548	0.01851	0.00938	0.00763	0.00234	0.00654	0.00759	0.00931	0.01291
1	0.02256	0.01427	0.01713	0.01264	0.01905	0.01206	0.01027	0.10322	0.01989	0.21753	0.01875	0.01891	0.01359	0.00712	0.00643	0.00161	0.00619	0.00567	0.00627	0.46682
2	0.02084	0.59240	0.09290	0.01452	0.02109	0.11184	0.01446	0.02376	0.01621	0.01846	0.01095	0.01268	0.00973	0.00671	0.00531	0.00173	0.00906	0.00429	0.00332	0.00974
3	0.63224	0.01518	0.01260	0.01089	0.01561	0.01738	0.00895	0.11464	0.01638	0.03570	0.01249	0.01410	0.00954	0.00744	0.00515	0.00230	0.00609	0.00467	0.04980	0.00883
4	0.01362	0.00995	0.01316	0.01427	0.01643	0.01025	0.01234	0.05471	0.06121	0.02474	0.03828	0.07792	0.04053	0.01957	0.01013	0.00336	0.00700	0.55781	0.00707	0.00765
5	0.01296	0.00941	0.01169	0.01052	0.01283	0.00917	0.00805	0.09393	0.02322	0.03256	0.60036	0.05192	0.06434	0.01472	0.00878	0.00237	0.00417	0.01287	0.00826	0.00786
6	0.69329	0.01467	0.01191	0.01053	0.01527	0.01680	0.00863	0.02432	0.05641	0.07198	0.01301	0.01415	0.00980	0.00739	0.00506	0.00236	0.00591	0.00460	0.00516	0.00873
7	0.01066	0.00775	0.01003	0.00946	0.01128	0.00712	0.00709	0.01416	0.02128	0.02998	0.65517	0.05739	0.09879	0.01567	0.00895	0.00239	0.00359	0.01382	0.00829	0.00712
8	0.02859	0.02042	0.02210	0.01708	0.02303	0.02245	0.01406	0.58419	0.07166	0.08882	0.01971	0.01929	0.01388	0.00919	0.00760	0.00230	0.00809	0.00698	0.00771	0.01285
9	0.01515	0.03388	0.54611	0.02186	0.03174	0.01686	0.10873	0.02316	0.01676	0.02465	0.07534	0.02034	0.01556	0.00786	0.00760	0.00242	0.01071	0.00679	0.00376	0.01071
10	0.00924	0.00660	0.00880	0.01056	0.01100	0.00616	0.00704	0.01056	0.01452	0.01936	0.04181	0.72848	0.05017	0.02376	0.00968	0.00308	0.00440	0.02156	0.00704	0.00616
11	0.01615	0.00897	0.01178	0.01039	0.01317	0.00806	0.00803	0.01949	0.02133	0.18582	0.49992	0.05015	0.08780	0.01424	0.00864	0.00238	0.00427	0.01239	0.00853	0.00848
12	0.02064	0.70675	0.03893	0.01327	0.01965	0.05997	0.01305	0.02305	0.01568	0.01788	0.01060	0.01223	0.00974	0.00655	0.00495	0.00164	0.00836	0.00409	0.00327	0.00969
13	0.06682	0.01376	0.02232	0.63760	0.07801	0.01692	0.02029	0.01975	0.01511	0.02061	0.01332	0.01962	0.01007	0.00751	0.00738	0.00250	0.00977	0.00656	0.00348	0.00857
14	0.01148	0.00737	0.00839	0.00835	0.00880	0.00740	0.00509	0.01238	0.01250	0.01793	0.06556	0.04588	0.02871	0.54512	0.06235	0.00640	0.00713	0.01046	0.12348	0.00524
15	0.01128	0.00792	0.01120	0.01120	0.01250	0.00899	0.00853	0.01388	0.01258	0.01877	0.02119	0.03122	0.01973	0.10598	0.55747	0.01043	0.01706	0.00823	0.10520	0.00663
16	0.12293	0.01689	0.01895	0.01464	0.02052	0.01730	0.01207	0.31169	0.02635	0.26866	0.02096	0.01993	0.01423	0.00866	0.00708	0.00221	0.00716	0.00658	0.00760	0.07556
17	0.02379	0.01780	0.01929	0.01594	0.02086	0.01975	0.01275	0.35425	0.25820	0.06933	0.02535	0.08589	0.02014	0.01085	0.00782	0.00246	0.00708	0.00881	0.00767	0.01198
18	0.01313	0.01009	0.01202	0.01101	0.01353	0.01023	0.00840	0.04928	0.15264	0.03104	0.49361	0.04992	0.08645	0.01433	0.00864	0.00243	0.00430	0.01247	0.00813	0.00836
19	0.01659	0.01565	0.02613	0.30837	0.38109	0.01706	0.02127	0.02178	0.03998	0.02265	0.01579	0.05139	0.01337	0.00797	0.00764	0.00241	0.00913	0.00748	0.00389	0.01033
20	0.01877	0.01802	0.03079	0.04656	0.68612	0.01802	0.02328	0.02328	0.01727	0.02478	0.01427	0.01877	0.01201	0.00676	0.00751	0.00225	0.00901	0.00676	0.00375	0.01201
21	0.01217	0.00809	0.01051	0.00971	0.01180	0.00738	0.00735	0.01563	0.02129	0.07303	0.61107	0.05542	0.09695	0.01528	0.00886	0.00239	0.00378	0.01343	0.00836	0.00750
22	0.01072	0.00812	0.00993	0.00941	0.01147	0.00752	0.00708	0.01474	0.04966	0.02836	0.52385	0.05888	0.19990	0.01606	0.00890	0.00243	0.00374	0.01398	0.00804	0.00721
23	0.01167	0.00826	0.01119	0.01267	0.01399	0.00820	0.01041	0.01436	0.01611	0.02106	0.03786	0.15920	0.04198	0.13097	0.01471	0.00404	0.00672	0.46346	0.00662	0.00652
24	0.03213	0.01451	0.01794	0.01421	0.01954	0.05844	0.01167	0.03496	0.02110	0.59328	0.02814	0.02659	0.01861	0.00984	0.00844	0.00240	0.03881	0.02849	0.00867	0.01222
25	0.01432	0.01348	0.02275	0.71520	0.05224	0.01685	0.02107	0.01938	0.01517	0.01938	0.01348	0.02022	0.01011	0.00758	0.00758	0.00253	0.01011	0.00674	0.00337	0.00843
26	0.75233	0.01497	0.01168	0.01032	0.01507	0.01731	0.00850	0.05150	0.01395	0.03466	0.01091	0.01259	0.00843	0.00714	0.00483	0.00234	0.00598	0.00423	0.00483	0.00843
27	0.01414	0.00707	0.00707	0.00707	0.00884	0.00707	0.00530	0.01767	0.01591	0.02828	0.02474	0.02828	0.01944	0.00884	0.00530	0.00177	0.00353	0.00707	0.77554	0.00707
28	0.01103	0.00735	0.00827	0.00827	0.00827	0.00735	0.00460	0.01103	0.01103	0.01471	0.02390	0.04964	0.02758	0.73343	0.03861	0.00735	0.00735	0.01103	0.00460	0.00460
29	0.02028	0.73799	0.03975	0.01298	0.01947	0.03001	0.01298	0.02271	0.01541	0.01785	0.01055	0.01217	0.00973	0.00649	0.00487	0.00162	0.00811	0.00406	0.00324	0.00973
30	0.02028	0.73799	0.03975	0.01298	0.01947	0.03001	0.01298	0.02271	0.01541	0.01785	0.01055	0.01217	0.00973	0.00649	0.00487	0.00162	0.00811	0.00406	0.00324	0.00973
31	0.01887	0.01629	0.01715	0.01544	0.01972	0.01887	0.01201	0.04031	0.67241	0.03173	0.03087	0.02830	0.02315	0.01029	0.00772	0.00257	0.00600	0.00858	0.00772	0.01201
32	0.01803	0.01716	0.02861	0.15644	0.53959	0.01788	0.02222	0.02366	0.05680	0.02430	0.01515	0.01960	0.01237	0.00711	0.00753	0.00232	0.00901	0.00687	0.00393	0.01141
33	0.78701	0.01467	0.01115	0.00997	0.01467	0.01702	0.00821	0.02230	0.01291	0.03403	0.01056	0.01232	0.00821	0.00704	0.00469	0.00235	0.00587	0.00411	0.00469	0.00821
34	0.03403	0.01291	0.01760	0.01350	0.01936	0.01115	0.01115	0.03697	0.02171	0.69137	0.02992	0.02582	0.01878	0.00939	0.00763	0.00235	0.00645	0.00763	0.00939	0.01291
35	0.01070	0.00786	0.01009	0.00985	0.01172	0.00725	0.00759	0.01406	0.02047	0.02827	0.53040	0.06215	0.14351	0.01662	0.00913	0.00254	0.00402	0.08870	0.00802	0.00704
36	0.00938	0.00670	0.00896	0.01072	0.01122	0.00628	0.00728	0.01080	0.01466	0.01952	0.04173	0.69833	0.04986	0.02363	0.00972	0.00310	0.00452	0.05034	0.00704	0.00620
37	0.00954	0.00771	0.00849	0.00829	0.01060	0.00665	0.00622	0.01201	0.01866	0.02374	0.27492	0.06765	0.48293	0.01800	0.00896	0.00250	0.00376	0.01526	0.00747	0.00665
38	0.01864	0.01840	0.03294	0.04431	0.58661	0.01820	0.12107	0.02344	0.01737	0.02471	0.01443	0.01903	0.01194	0.00670	0.00773	0.00230	0.00959	0.00710	0.00377	0.01174
39	0.12781	0.03165	0.02028	0.01805	0.02231	0.53605	0.01378	0.10073	0.02198	0.02391	0.01231	0.01401	0.00992	0.00786	0.00664	0.00204	0.01205	0.00500	0.00443	0.00918
40	0.00923	0.00666	0.00874	0.01040	0.01096	0.00617	0.00697	0.01058	0.01467	0.01942	0.04372	0.69265	0.08476	0.02351	0.00964	0.00305	0.00437	0.02126	0.00704	0.00617
41	0.03403	0.01291	0.01760	0.01350	0.01936	0.01115	0.01115	0.03697	0.02171	0.69137	0.02992	0.02582	0.01878	0.00939	0.00763	0.00235	0.00645	0.00763	0.00939	0.01291
42	0.03293	0.01267	0.01725	0.01331	0.01898	0.01096	0.01096	0.03590	0.02170	0.66021	0.06067	0.02727	0.02126	0.00968	0.00769	0.00235	0.00632	0.00791	0.00934	0.01264
43	0.01785	0.02084	0.13173	0.09824	0.50850	0.01789	0.02343	0.02366	0.03989	0.02445	0.01468	0.01881	0.01187	0.00702	0.00748	0.00231	0.00934	0.00664	0.00378	0.01159
44	0.01574	0.08362	0.61521	0.02242	0.06767	0.01845	0.02678	0.02390	0.01604	0.02366	0.01345	0.01591	0.00975	0.00714	0.00707	0.00234	0.01089	0.00557	0.00324	0.01116
45	0.01573	0.01348	0.01573	0.01123	0.01798	0.01011	0.00899	0.01910	0.01573	0.02472	0.01348	0.01573	0.01123	0.00562	0.00562	0.00112	0.00562	0.00449	0.00449	0.77980
46	0.02582	0.01899	0.02061	0.01639	0.02160	0.02085	0.01328	0.56073	0.03241	0.04343	0.02184	0.12754	0.01864	0.01136	0.00791	0.00240	0.00774	0.00910	0.00750	0.01186
47	0.03403	0.01291	0.01760	0.01350	0.01936	0.01115	0.01115	0.03697	0.02171	0.69137	0.02992	0.02582	0.01878	0.00939	0.00763	0.00235	0.00645	0.00763	0.00939	0.01291
48	0.00924	0.00660	0.00880	0.01056	0.01100	0.00616	0.00704	0.01056	0.01452	0.01936	0.04181	0.72848	0.05017	0.02376	0.00968	0.00308	0.00440	0.02156	0.00704	0.00616
49	0.75145	0.01498	0.01169	0.01033	0.01508	0.01732	0.00851	0.05224	0.01398	0.03468	0.01092	0.01260	0.00843	0.00714	0.00483	0.00234	0.00598	0.00423	0.00483	0.00843
50	0.00947	0.00685	0.00905	0.01059	0.01125	0.00630	0.00711	0.01087	0.01456	0.01955	0.04080	0.70314	0.04878	0.02312	0.00954	0.00301	0.00444	0.02096	0.00695	0.03367
51	0.02005	0.70603	0.06968	0.01337	0.02008	0.02945	0.01367	0.02277	0.01544	0.01813	0.01069	0.01234	0.00973	0.00652	0.00497	0.00166	0.00825	0.00413	0.00324	0.00980
52	0.02238	0.01859	0.01910	0.01623	0.02107	0.04506	0.01287	0.23766	0.44601	0.03638	0.02615	0.02456	0.01940	0.00982	0.00764	0.00246	0.00703	0.00789	0.00754	0.01217
53	0.01141	0.00854	0.01253	0.01236	0.01386	0.00993	0.00964	0.03412	0.01294	0.01857	0.02025	0.02943	0.01877	0.05537	0.68125	0.01188	0.01994	0.00809	0.00418	0.00697
54	0.01084	0.00813	0.01219	0.01219	0.01354	0.00948	0.00948	0.01354	0.01219	0.01761	0.02032	0.02980	0.01896	0.05689	0.70337	0.01219	0.02032	0.00813	0.00406	0.00677
55	0.01877	0.01802	0.03079	0.04656	0.68612	0.01802	0.02328	0.02328	0.01727	0.02478	0.01427	0.01877	0.01201	0.00676	0.00751	0.00225	0.00901	0.00676	0.00375	0.01201
56	0.01790	0.02046	0.04476	0.03197	0.03964	0.01918	0.65857	0.02430	0.01790	0.02430	0.01535	0.02046	0.01151	0.00639	0.00895	0.00256	0.01279	0.00895	0.00384	0.01023
57	0.01172	0.00943	0.01389	0.01338	0.01452	0.01160	0.01058	0.01427	0.01210	0.01771	0.01872	0.02777	0.01758	0.05017	0.59894	0.01082	0.12795	0.00790	0.00395	0.00701
58	0.01084	0.00813	0.01219	0.01219	0.01354	0.00948	0.00948	0.01354	0.01219	0.01761	0.02032	0.02980	0.01896	0.05689	0.70337	0.01219	0.02032	0.00813	0.00406	0.00677
59	0.00924	0.00660	0.00880	0.01056	0.01100	0.00616	0.00704	0.01056	0.01452	0.01936	0.04181	0.72848	0.05017	0.02376	0.00968	0.00308	0.00440	0.02156	0.00704	0.00616
60	0.01640	0.00925	0.00949	0.00867	0.01110	0.00960	0.00671	0.11667	0.01895	0.03128	0.02374	0.02673	0.01843	0.00888	0.00565	0.00185	0.00428	0.00703	0.65733	0.00797
61	0.00924	0.00660	0.00880	0.01056	0.01100	0.00616	0.00704	0.01056	0.01452	0.01936	0.04181	0.72848	0.05017	0.02376	0.00968	0.00308	0.00440	0.02156	0.00704	0.00616
62	0.03403	0.01291	0.01760	0.01350	0.01936	0.01115	0.01115	0.03697	0.02171	0.69137	0.02992	0.02582	0.01878	0.00939	0.00763	0.00235	0.00645	0.00763	0.00939	0.01291
63	0.03359	0.01361	0.01804	0.01383	0.01971	0.01220	0.01143	0.08979	0.02289	0.63688	0.02893	0.02517	0.01828	0.00936	0.00762	0.00234	0.00661	0.00756	0.00924	0.01291
64	0.03295	0.01267	0.01726	0.01331	0.01899	0.01096	0.01096	0.03592	0.02170	0.66080	0.06009	0.02724	0.02122	0.00967	0.00769	0.00235	0.00632	0.00791	0.00934	0.01264
65	0.03359	0.01361	0.01804	0.01383	0.01971	0.01220	0.01143	0.08979	0.02289	0.63688	0.02893	0.02517	0.01828	0.00936	0.00762	0.00234	0.00661	0.00756	0.00924	0.01291
66	0.03403	0.01291	0.01760	0.01350	0.01936	0.01115	0.01115	0.03697	0.02171	0.69137	0.02992	0.02582	0.01878	0.00939	0.00763	0.00235	0.00645	0.00763	0.00939	0.01291
67	0.02042	0.01577	0.01701	0.01497	0.01942	0.01770	0.01174	0.06697	0.54573	0.09969	0.03235	0.02968	0.05318	0.01056	0.00776	0.00254	0.00606	0.00875	0.00785	0.01188
68	0.00911	0.00759	0.00798	0.00826	0.01053	0.00646	0.00615	0.01102	0.01695	0.02043	0.07124	0.15416	0.58266	0.01983	0.00911	0.00266	0.00402	0.03842	0.00704	0.00639
69	0.01877	0.01802	0.03079	0.04656	0.68612	0.01802	0.02328	0.02328	0.01727	0.02478	0.01427	0.01877	0.01201	0.00676	0.00751	0.00225	0.00901	0.00676	0.00375	0.01201
70	0.01323	0.00661	0.00973	0.00973	0.00982	0.00661	0.00652	0.01031	0.01021	0.01400	0.01381	0.02334	0.01352	0.02539	0.02831	0.73681	0.00642	0.00661	0.04551	0.00350
71	0.01111	0.00943	0.00966	0.00930	0.01208	0.00901	0.00698	0.01692	0.15121	0.02248	0.06452	0.06256	0.51196	0.05643	0.01033	0.00283	0.00448	0.01421	0.00705	0.00745
72	0.01549	0.07743	0.65836	0.02115	0.03210	0.01829	0.02720	0.02395	0.01598	0.02368	0.01344	0.01580	0.00962	0.00717	0.00708	0.00236	0.01104	0.00552	0.00321	0.01113

[dist]
# distance from previous block
# <min> <max>
0	22

[block]
# block no. 2 follows, 26 sequences, length 29
# corresponding to MSA columns:
# 165-193
name=unknown_C
#
# <colnr> <probs for GDERKNQSTAVLIFYWHMCP>
#	G	D	E	R	K	N	Q	S	T	A	V	L	I	F	Y	W	H	M	C	P
0	0.03377	0.01333	0.01786	0.01370	0.01957	0.01178	0.01131	0.06862	0.02242	0.65871	0.02933	0.02543	0.01848	0.00937	0.00763	0.00234	0.00655	0.00759	0.00930	0.01291
1	0.01521	0.03923	0.69413	0.02162	0.03283	0.01762	0.02802	0.02402	0.01601	0.02402	0.01361	0.01601	0.00961	0.00721	0.00721	0.00240	0.01121	0.00560	0.00320	0.01121
2	0.01877	0.01802	0.03079	0.04656	0.68612	0.01802	0.02328	0.02328	0.01727	0.02478	0.01427	0.01877	0.01201	0.00676	0.00751	0.00225	0.00901	0.00676	0.00375	0.01201
3	0.78701	0.01467	0.01115	0.00997	0.01467	0.01702	0.00821	0.02230	0.01291	0.03403	0.01056	0.01232	0.00821	0.00704	0.00469	0.00235	0.00587	0.00411	0.00469	0.00821
4	0.01045	0.00768	0.00979	0.00940	0.01119	0.00702	0.00700	0.01372	0.02061	0.02869	0.57868	0.09683	0.13790	0.01639	0.00899	0.00244	0.00365	0.01442	0.00813	0.00702
5	0.00925	0.00770	0.00809	0.00799	0.01042	0.00653	0.00599	0.01145	0.01797	0.02211	0.17575	0.07033	0.58311	0.01860	0.00896	0.00253	0.00380	0.01563	0.00726	0.00653
6	0.00999	0.00772	0.00911	0.00877	0.01088	0.00684	0.00657	0.01288	0.01972	0.02626	0.42890	0.06349	0.32737	0.01706	0.00895	0.00246	0.00369	0.01468	0.00780	0.00684
7	0.01792	0.01547	0.01624	0.01469	0.01882	0.01767	0.01141	0.03748	0.60960	0.03065	0.03528	0.03259	0.08642	0.01115	0.00784	0.00257	0.00580	0.00929	0.00765	0.01147
8	0.02836	0.03523	0.02157	0.01941	0.02345	0.66103	0.01464	0.06921	0.02237	0.02037	0.01212	0.01396	0.00996	0.00790	0.00689	0.00197	0.01335	0.00501	0.00414	0.00905
9	0.01647	0.01642	0.02321	0.05962	0.02176	0.02287	0.01685	0.01832	0.01182	0.01832	0.01016	0.01680	0.00997	0.01295	0.02390	0.00327	0.67903	0.00664	0.00332	0.00830
10	0.02883	0.02125	0.02276	0.01745	0.02352	0.02352	0.01442	0.66082	0.03566	0.04780	0.01821	0.01821	0.01290	0.00911	0.00759	0.00228	0.00835	0.00683	0.00759	0.01290
11	0.00924	0.00660	0.00880	0.01056	0.01100	0.00616	0.00704	0.01056	0.01452	0.01936	0.04181	0.72848	0.05017	0.02376	0.00968	0.00308	0.00440	0.02156	0.00704	0.00616
12	0.01508	0.01129	0.01304	0.01245	0.01495	0.01178	0.00924	0.13828	0.12871	0.02807	0.07326	0.37725	0.03711	0.01688	0.00856	0.00267	0.00535	0.01483	0.04624	0.03495
13	0.01060	0.00770	0.00999	0.00951	0.01128	0.00709	0.00710	0.01403	0.02103	0.02958	0.63234	0.08416	0.09515	0.01598	0.00898	0.00242	0.00362	0.01412	0.00825	0.00709
14	0.01972	0.01610	0.01718	0.01533	0.01970	0.01843	0.01196	0.04012	0.63583	0.06881	0.03082	0.02816	0.02291	0.01024	0.00771	0.00256	0.00603	0.00852	0.00781	0.01206
15	0.01103	0.00735	0.00827	0.00827	0.00827	0.00735	0.00460	0.01103	0.01103	0.01471	0.02390	0.04964	0.02758	0.73343	0.03861	0.00735	0.00735	0.01103	0.00460	0.00460
16	0.02833	0.03615	0.02149	0.01954	0.02345	0.70298	0.01466	0.03029	0.02149	0.01856	0.01172	0.01368	0.00977	0.00782	0.00684	0.00195	0.01368	0.00489	0.00391	0.00879
17	0.78701	0.01467	0.01115	0.00997	0.01467	0.01702	0.00821	0.02230	0.01291	0.03403	0.01056	0.01232	0.00821	0.00704	0.00469	0.00235	0.00587	0.00411	0.00469	0.00821
18	0.02883	0.02125	0.02276	0.01745	0.02352	0.02352	0.01442	0.66082	0.03566	0.04780	0.01821	0.01821	0.01290	0.00911	0.00759	0.00228	0.00835	0.00683	0.00759	0.01290
19	0.01216	0.00827	0.00937	0.00903	0.00947	0.00848	0.00543	0.05253	0.01265	0.01694	0.02338	0.04678	0.02627	0.65806	0.06535	0.00724	0.00798	0.01064	0.00476	0.00522
20	0.02155	0.66034	0.03757	0.01319	0.01962	0.02848	0.01291	0.04916	0.01665	0.06458	0.01216	0.01333	0.01047	0.00679	0.00516	0.00170	0.00801	0.00441	0.00383	0.01008
21	0.01659	0.01659	0.02323	0.01991	0.01991	0.02323	0.01659	0.01825	0.01162	0.01825	0.00996	0.01659	0.00996	0.01328	0.02489	0.00332	0.71955	0.00664	0.00332	0.00830
22	0.01213	0.00867	0.01209	0.01369	0.01544	0.00863	0.01190	0.01563	0.01772	0.02319	0.08106	0.08372	0.04543	0.02061	0.01038	0.00342	0.00677	0.59548	0.00707	0.00700
23	0.02838	0.03465	0.02162	0.01933	0.02346	0.63470	0.01463	0.09365	0.02292	0.02150	0.01238	0.01413	0.01008	0.00795	0.00691	0.00199	0.01314	0.00508	0.00428	0.00921
24	0.00896	0.00768	0.00768	0.00768	0.01025	0.00640	0.00576	0.01089	0.01729	0.02049	0.07684	0.07300	0.68304	0.01921	0.00896	0.00256	0.00384	0.01601	0.00704	0.00640
25	0.02028	0.73799	0.03975	0.01298	0.01947	0.03001	0.01298	0.02271	0.01541	0.01785	0.01055	0.01217	0.00973	0.00649	0.00487	0.00162	0.00811	0.00406	0.00324	0.00973
26	0.03274	0.01369	0.01793	0.01389	0.01967	0.01247	0.01142	0.07976	0.06283	0.60672	0.02918	0.02545	0.01865	0.00942	0.00763	0.00236	0.00656	0.00763	0.00916	0.01285
27	0.01887	0.01629	0.01715	0.01544	0.01972	0.01887	0.01201	0.04031	0.67241	0.03173	0.03087	0.02830	0.02315	0.01029	0.00772	0.00257	0.00600	0.00858	0.00772	0.01201
28	0.02883	0.02125	0.02276	0.01745	0.02352	0.02352	0.01442	0.66082	0.03566	0.04780	0.01821	0.01821	0.01290	0.00911	0.00759	0.00228	0.00835	0.00683	0.00759	0.01290

[dist]
# distance from previous block
# <min> <max>
0	6

[block]
# block no. 3 follows, 26 sequences, length 33
# corresponding to MSA columns:
# 200-232
name=unknown_D
#
# <colnr> <probs for GDERKNQSTAVLIFYWHMCP>
#	G	D	E	R	K	N	Q	S	T	A	V	L	I	F	Y	W	H	M	C	P
0	0.01074	0.00775	0.01014	0.00954	0.01133	0.00716	0.00716	0.01431	0.02147	0.03042	0.68211	0.05666	0.07157	0.01551	0.00895	0.00239	0.00358	0.01372	0.00835	0.00716
1	0.01703	0.02283	0.15682	0.05126	0.03491	0.01963	0.39482	0.02287	0.01621	0.02287	0.01389	0.01888	0.01081	0.00795	0.01177	0.00268	0.15338	0.00781	0.00360	0.00996
2	0.02833	0.03615	0.02149	0.01954	0.02345	0.70298	0.01466	0.03029	0.02149	0.01856	0.01172	0.01368	0.00977	0.00782	0.00684	0.00195	0.01368	0.00489	0.00391	0.00879
3	0.00924	0.00660	0.00880	0.01056	0.01100	0.00616	0.00704	0.01056	0.01452	0.01936	0.04181	0.72848	0.05017	0.02376	0.00968	0.00308	0.00440	0.02156	0.00704	0.00616
4	0.01521	0.03923	0.69413	0.02162	0.03283	0.01762	0.02802	0.02402	0.01601	0.02402	0.01361	0.01601	0.00961	0.00721	0.00721	0.00240	0.01121	0.00560	0.00320	0.01121
5	0.00899	0.00758	0.00779	0.00795	0.01032	0.00638	0.00588	0.01086	0.01703	0.02039	0.07358	0.13402	0.62412	0.01963	0.00903	0.00261	0.00389	0.01653	0.00704	0.00638
6	0.00904	0.00769	0.00779	0.00776	0.01029	0.00644	0.00582	0.01103	0.01747	0.02092	0.10308	0.07229	0.65653	0.01905	0.00896	0.00255	0.00383	0.01591	0.00710	0.00644
7	0.01653	0.22113	0.52378	0.01937	0.02935	0.02084	0.02411	0.02368	0.01586	0.02241	0.01281	0.01501	0.00964	0.00702	0.00660	0.00220	0.01040	0.00520	0.00321	0.01083
8	0.01652	0.01399	0.01614	0.01172	0.01833	0.01114	0.00938	0.05254	0.04273	0.02617	0.01441	0.01635	0.01179	0.00598	0.00580	0.00124	0.00577	0.00477	0.00478	0.71045
9	0.01032	0.00720	0.00922	0.01041	0.01094	0.00698	0.00715	0.01159	0.01391	0.01845	0.03583	0.40291	0.04187	0.24898	0.01902	0.00451	0.00578	0.12287	0.00625	0.00580
10	0.01639	0.01640	0.02381	0.02017	0.02062	0.02239	0.04879	0.01834	0.01196	0.01853	0.01071	0.01740	0.01045	0.01495	0.05560	0.00369	0.65126	0.00682	0.00338	0.00832
11	0.02895	0.02360	0.02233	0.01767	0.02334	0.14557	0.01433	0.52224	0.03255	0.06818	0.01751	0.01770	0.01257	0.00888	0.00745	0.00222	0.00923	0.00651	0.00700	0.01216
12	0.02802	0.01923	0.01995	0.01610	0.02151	0.08368	0.01299	0.28852	0.17209	0.22120	0.02368	0.02215	0.01652	0.00933	0.00756	0.00233	0.00780	0.00726	0.00777	0.01231
13	0.00923	0.00666	0.00874	0.01041	0.01096	0.00617	0.00698	0.01058	0.01466	0.01942	0.04361	0.69480	0.08268	0.02353	0.00964	0.00305	0.00437	0.02128	0.00704	0.00617
14	0.01116	0.00659	0.00933	0.01023	0.01046	0.00637	0.00682	0.01023	0.01226	0.01635	0.02785	0.38455	0.03213	0.02502	0.01941	0.38154	0.00547	0.01426	0.00521	0.00476
15	0.78701	0.01467	0.01115	0.00997	0.01467	0.01702	0.00821	0.02230	0.01291	0.03403	0.01056	0.01232	0.00821	0.00704	0.00469	0.00235	0.00587	0.00411	0.00469	0.00821
16	0.01887	0.01629	0.01715	0.01544	0.01972	0.01887	0.01201	0.04031	0.67241	0.03173	0.03087	0.02830	0.02315	0.01029	0.00772	0.00257	0.00600	0.00858	0.00772	0.01201
17	0.02754	0.02362	0.02184	0.01763	0.02305	0.15840	0.01417	0.46059	0.10934	0.04004	0.01844	0.01852	0.01351	0.00899	0.00745	0.00225	0.00913	0.00665	0.00687	0.01197
18	0.02785	0.03460	0.02204	0.02089	0.05849	0.63963	0.01510	0.05510	0.02184	0.02006	0.01212	0.01413	0.01001	0.00781	0.00690	0.00198	0.01322	0.00506	0.00405	0.00913
19	0.01873	0.01815	0.03153	0.04579	0.65194	0.01808	0.05686	0.02333	0.01730	0.02475	0.01432	0.01886	0.01199	0.00674	0.00759	0.00227	0.00921	0.00687	0.00376	0.01192
20	0.01877	0.01802	0.03079	0.04656	0.68612	0.01802	0.02328	0.02328	0.01727	0.02478	0.01427	0.01877	0.01201	0.00676	0.00751	0.00225	0.00901	0.00676	0.00375	0.01201
21	0.01508	0.01441	0.02484	0.59451	0.13599	0.01712	0.05097	0.02013	0.01557	0.02033	0.01367	0.02004	0.01043	0.00742	0.00764	0.00249	0.01009	0.00685	0.00344	0.00899
22	0.02883	0.02125	0.02276	0.01745	0.02352	0.02352	0.01442	0.66082	0.03566	0.04780	0.01821	0.01821	0.01290	0.00911	0.00759	0.00228	0.00835	0.00683	0.00759	0.01290
23	0.00924	0.00660	0.00880	0.01056	0.01100	0.00616	0.00704	0.01056	0.01452	0.01936	0.04181	0.72848	0.05017	0.02376	0.00968	0.00308	0.00440	0.02156	0.00704	0.00616
24	0.01086	0.00732	0.00849	0.00865	0.00875	0.00734	0.00503	0.01110	0.01139	0.01525	0.02532	0.10876	0.02919	0.64070	0.06552	0.00719	0.00767	0.01183	0.00479	0.00483
25	0.01792	0.01928	0.02920	0.02330	0.02580	0.07738	0.19850	0.02095	0.01420	0.01999	0.01163	0.01745	0.01038	0.01088	0.01890	0.00299	0.46169	0.00715	0.00351	0.00889
26	0.01291	0.00951	0.01273	0.01412	0.01613	0.00978	0.01220	0.01825	0.08508	0.02363	0.03920	0.07965	0.04154	0.01985	0.01019	0.00340	0.00688	0.57038	0.00706	0.00750
27	0.00951	0.00671	0.00872	0.01022	0.01060	0.00634	0.00668	0.01063	0.01400	0.01867	0.03915	0.62795	0.04682	0.12886	0.01397	0.00371	0.00484	0.02000	0.00668	0.00593
28	0.01877	0.01802	0.03079	0.04656	0.68612	0.01802	0.02328	0.02328	0.01727	0.02478	0.01427	0.01877	0.01201	0.00676	0.00751	0.00225	0.00901	0.00676	0.00375	0.01201
29	0.01939	0.01655	0.01745	0.01554	0.01992	0.01911	0.01213	0.07293	0.63893	0.03257	0.03021	0.02777	0.02261	0.01023	0.00771	0.00256	0.00613	0.00848	0.00771	0.01205
30	0.01887	0.01629	0.01715	0.01544	0.01972	0.01887	0.01201	0.04031	0.67241	0.03173	0.03087	0.02830	0.02315	0.01029	0.00772	0.00257	0.00600	0.00858	0.00772	0.01201
31	0.01733	0.01655	0.02818	0.26362	0.48034	0.01764	0.02256	0.02201	0.01659	0.02303	0.01401	0.01924	0.01140	0.00703	0.00753	0.00234	0.00937	0.00675	0.00363	0.01085
32	0.01887	0.01629	0.01715	0.01544	0.01972	0.01887	0.01201	0.04031	0.67241	0.03173	0.03087	0.02830	0.02315	0.01029	0.00772	0.00257	0.00600	0.00858	0.00772	0.01201

[dist]
# distance from previous block
# <min> <max>
0	28

[block]
# block no. 4 follows, 26 sequences, length 37
# corresponding to MSA columns:
# 261-297
name=unknown_E
#
# <colnr> <probs for GDERKNQSTAVLIFYWHMCP>
#	G	D	E	R	K	N	Q	S	T	A	V	L	I	F	Y	W	H	M	C	P
0	0.02028	0.73799	0.03975	0.01298	0.01947	0.03001	0.01298	0.02271	0.01541	0.01785	0.01055	0.01217	0.00973	0.00649	0.00487	0.00162	0.00811	0.00406	0.00324	0.00973
1	0.01521	0.03923	0.69413	0.02162	0.03283	0.01762	0.02802	0.02402	0.01601	0.02402	0.01361	0.01601	0.00961	0.00721	0.00721	0.00240	0.01121	0.00560	0.00320	0.01121
2	0.00924	0.00660	0.00880	0.01056	0.01100	0.00616	0.00704	0.01056	0.01452	0.01936	0.04181	0.72848	0.05017	0.02376	0.00968	0.00308	0.00440	0.02156	0.00704	0.00616
3	0.01298	0.00959	0.01279	0.01414	0.01617	0.00989	0.01220	0.01852	0.09220	0.02373	0.03910	0.07903	0.04131	0.01974	0.01016	0.00339	0.00687	0.56357	0.00707	0.00756
4	0.02810	0.02186	0.02229	0.01745	0.02325	0.06706	0.01426	0.57667	0.07933	0.04479	0.01868	0.01862	0.01342	0.00911	0.00755	0.00228	0.00853	0.00683	0.00736	0.01257
5	0.02833	0.03615	0.02149	0.01954	0.02345	0.70298	0.01466	0.03029	0.02149	0.01856	0.01172	0.01368	0.00977	0.00782	0.00684	0.00195	0.01368	0.00489	0.00391	0.00879
6	0.01521	0.03923	0.69413	0.02162	0.03283	0.01762	0.02802	0.02402	0.01601	0.02402	0.01361	0.01601	0.00961	0.00721	0.00721	0.00240	0.01121	0.00560	0.00320	0.01121
7	0.01762	0.02246	0.11381	0.03087	0.03892	0.01902	0.59152	0.02427	0.01770	0.02427	0.01516	0.01999	0.01131	0.00648	0.00877	0.00254	0.01262	0.00860	0.00377	0.01033
8	0.00924	0.00660	0.00880	0.01056	0.01100	0.00616	0.00704	0.01056	0.01452	0.01936	0.04181	0.72848	0.05017	0.02376	0.00968	0.00308	0.00440	0.02156	0.00704	0.00616
9	0.01103	0.00735	0.00827	0.00827	0.00827	0.00735	0.00460	0.01103	0.01103	0.01471	0.02390	0.04964	0.02758	0.73343	0.03861	0.00735	0.00735	0.01103	0.00460	0.00460
10	0.01102	0.00740	0.00851	0.00851	0.00859	0.00748	0.00489	0.01118	0.01110	0.01488	0.02369	0.04845	0.02706	0.69307	0.07826	0.00764	0.00813	0.01086	0.00456	0.00473
11	0.73840	0.01456	0.01156	0.01020	0.01497	0.01664	0.00840	0.02324	0.01348	0.07647	0.01181	0.01319	0.00890	0.00719	0.00488	0.00235	0.00591	0.00433	0.00500	0.00852
12	0.00923	0.00665	0.00875	0.01043	0.01097	0.00617	0.00698	0.01058	0.01465	0.01942	0.04344	0.69788	0.07971	0.02355	0.00965	0.00306	0.00437	0.02130	0.00704	0.00617
13	0.02765	0.01928	0.02084	0.01614	0.02176	0.02107	0.01328	0.55636	0.03278	0.08555	0.01960	0.01971	0.01393	0.00910	0.00736	0.00223	0.00774	0.00690	0.08643	0.01230
14	0.01790	0.02046	0.04476	0.03197	0.03964	0.01918	0.65857	0.02430	0.01790	0.02430	0.01535	0.02046	0.01151	0.00639	0.00895	0.00256	0.01279	0.00895	0.00384	0.01023
15	0.01744	0.00923	0.01214	0.01057	0.01350	0.00829	0.00816	0.02063	0.02098	0.22113	0.44501	0.04807	0.07780	0.04113	0.00969	0.00257	0.00457	0.01194	0.00846	0.00870
16	0.00924	0.00660	0.00880	0.01056	0.01100	0.00616	0.00704	0.01056	0.01452	0.01936	0.04181	0.72848	0.05017	0.02376	0.00968	0.00308	0.00440	0.02156	0.00704	0.00616
17	0.01522	0.01408	0.02340	0.61070	0.04831	0.01700	0.05363	0.05894	0.01655	0.02139	0.01490	0.04577	0.01181	0.00820	0.00773	0.00253	0.00994	0.00740	0.00379	0.00872
18	0.01877	0.01802	0.03079	0.04656	0.68612	0.01802	0.02328	0.02328	0.01727	0.02478	0.01427	0.01877	0.01201	0.00676	0.00751	0.00225	0.00901	0.00676	0.00375	0.01201
19	0.01103	0.00735	0.00827	0.00827	0.00827	0.00735	0.00460	0.01103	0.01103	0.01471	0.02390	0.04964	0.02758	0.73343	0.03861	0.00735	0.00735	0.01103	0.00460	0.00460
20	0.01573	0.01348	0.01573	0.01123	0.01798	0.01011	0.00899	0.01910	0.01573	0.02472	0.01348	0.01573	0.01123	0.00562	0.00562	0.00112	0.00562	0.00449	0.00449	0.77980
21	0.01874	0.01812	0.03135	0.04597	0.65994	0.01807	0.04900	0.02332	0.01730	0.02476	0.01431	0.01884	0.01199	0.00674	0.00757	0.00227	0.00916	0.00685	0.00376	0.01194
22	0.01545	0.07185	0.66358	0.02122	0.03221	0.01819	0.02732	0.02396	0.01599	0.02373	0.01347	0.01583	0.00961	0.00717	0.00710	0.00237	0.01107	0.00553	0.00320	0.01114
23	0.01995	0.01683	0.01776	0.01565	0.02014	0.01937	0.01227	0.10760	0.60336	0.03347	0.02950	0.02721	0.02204	0.01016	0.00770	0.00254	0.00626	0.00839	0.00770	0.01210
24	0.02028	0.73799	0.03975	0.01298	0.01947	0.03001	0.01298	0.02271	0.01541	0.01785	0.01055	0.01217	0.00973	0.00649	0.00487	0.00162	0.00811	0.00406	0.00324	0.00973
25	0.01454	0.01371	0.02315	0.68207	0.08365	0.01691	0.02117	0.01957	0.01527	0.01965	0.01352	0.02015	0.01021	0.00754	0.00758	0.00251	0.01006	0.00674	0.00339	0.00860
26	0.01058	0.00775	0.00993	0.00938	0.01124	0.00709	0.00704	0.01402	0.02111	0.02957	0.63034	0.05806	0.12387	0.01582	0.00895	0.00240	0.00360	0.01391	0.00824	0.00709
27	0.00924	0.00660	0.00880	0.01056	0.01100	0.00616	0.00704	0.01056	0.01452	0.01936	0.04181	0.72848	0.05017	0.02376	0.00968	0.00308	0.00440	0.02156	0.00704	0.00616
28	0.01414	0.00707	0.00707	0.00707	0.00884	0.00707	0.00530	0.01767	0.01591	0.02828	0.02474	0.02828	0.01944	0.00884	0.00530	0.00177	0.00353	0.00707	0.77554	0.00707
29	0.01721	0.01762	0.02314	0.01989	0.02010	0.05893	0.01649	0.01889	0.01214	0.01827	0.01005	0.01644	0.00995	0.01299	0.02394	0.00325	0.68248	0.00655	0.00335	0.00832
30	0.01103	0.00735	0.00827	0.00827	0.00827	0.00735	0.00460	0.01103	0.01103	0.01471	0.02390	0.04964	0.02758	0.73343	0.03861	0.00735	0.00735	0.01103	0.00460	0.00460
31	0.01414	0.00707	0.00707	0.00707	0.00884	0.00707	0.00530	0.01767	0.01591	0.02828	0.02474	0.02828	0.01944	0.00884	0.00530	0.00177	0.00353	0.00707	0.77554	0.00707
32	0.01102	0.00740	0.00851	0.00851	0.00859	0.00748	0.00489	0.01118	0.01110	0.01488	0.02369	0.04845	0.02706	0.69307	0.07826	0.00764	0.00813	0.01086	0.00456	0.00473
33	0.01857	0.01781	0.03041	0.07777	0.65653	0.01797	0.02318	0.02310	0.01717	0.02453	0.01423	0.01884	0.01193	0.00680	0.00751	0.00227	0.00906	0.00676	0.00374	0.01185
34	0.01642	0.01427	0.01860	0.05024	0.02159	0.01190	0.06182	0.06063	0.01711	0.02568	0.01504	0.04420	0.01282	0.00671	0.00627	0.00146	0.00656	0.00578	0.00468	0.59820
35	0.01850	0.01774	0.03029	0.08785	0.64697	0.01795	0.02314	0.02304	0.01714	0.02445	0.01422	0.01886	0.01190	0.00681	0.00751	0.00227	0.00908	0.00676	0.00373	0.01179
36	0.01792	0.01708	0.02903	0.12914	0.58220	0.01748	0.02242	0.02247	0.01716	0.02431	0.03827	0.02032	0.01393	0.00718	0.00757	0.00229	0.00895	0.00701	0.00387	0.01139

[dist]
# distance from previous block
# <min> <max>
0	1

[block]
# block no. 5 follows, 26 sequences, length 6
# corresponding to MSA columns:
# 299-304
name=unknown_F
#
# <colnr> <probs for GDERKNQSTAVLIFYWHMCP>
#	G	D	E	R	K	N	Q	S	T	A	V	L	I	F	Y	W	H	M	C	P
0	0.01767	0.01551	0.01797	0.01896	0.11389	0.01726	0.01287	0.03436	0.50064	0.02940	0.03398	0.03226	0.10022	0.01085	0.00784	0.00253	0.00618	0.00920	0.00707	0.01134
