[name]
unknown

[dist]
# distance from previous block
# <min> <max>
0	63

[block]
# block no. 0 follows, 29 sequences, length 8
# corresponding to MSA columns:
# 86-93
name=unknown_A
#
# <colnr> <probs for GDERKNQSTAVLIFYWHMCP>
#	G	D	E	R	K	N	Q	S	T	A	V	L	I	F	Y	W	H	M	C	P
0	0.11777	0.01209	0.06986	0.01336	0.01636	0.01097	0.01218	0.01876	0.08988	0.02376	0.03097	0.05984	0.03178	0.01576	0.00857	0.00296	0.00664	0.44489	0.00605	0.00756
1	0.02484	0.05378	0.05231	0.01397	0.01902	0.07348	0.01188	0.21388	0.05228	0.26367	0.09562	0.02354	0.02015	0.00903	0.00699	0.00211	0.00700	0.00712	0.03861	0.01072
2	0.01245	0.00623	0.00903	0.00903	0.00918	0.00623	0.00607	0.00996	0.00980	0.01369	0.01338	0.02210	0.01292	0.02320	0.02570	0.71899	0.00592	0.00623	0.07647	0.00342
3	0.01297	0.00689	0.00895	0.00878	0.00950	0.00701	0.00610	0.03540	0.01188	0.01778	0.01637	0.02435	0.01490	0.05668	0.04562	0.47227	0.00592	0.00658	0.22744	0.00460
4	0.01515	0.08613	0.54866	0.02296	0.11001	0.01751	0.05766	0.02239	0.01522	0.02222	0.01272	0.01529	0.00939	0.00663	0.00672	0.00219	0.01014	0.00544	0.00310	0.01047
5	0.70363	0.06603	0.01285	0.01005	0.01453	0.05552	0.00835	0.02137	0.01272	0.03010	0.00997	0.01163	0.00789	0.00661	0.00453	0.00214	0.00606	0.00389	0.00427	0.00784
6	0.04605	0.00946	0.01136	0.01030	0.01291	0.00918	0.00796	0.07194	0.04019	0.11872	0.30631	0.08384	0.12094	0.06391	0.00996	0.00267	0.00477	0.05453	0.00722	0.00777
7	0.04940	0.29341	0.24387	0.01800	0.04973	0.05444	0.06598	0.07658	0.01647	0.02223	0.01188	0.01407	0.00950	0.00686	0.00673	0.00200	0.04051	0.00505	0.00352	0.00977

[dist]
# distance from previous block
# <min> <max>
0	1

[block]
# block no. 1 follows, 29 sequences, length 9
# corresponding to MSA columns:
# 95-103
name=unknown_B
#
# <colnr> <probs for GDERKNQSTAVLIFYWHMCP>
#	G	D	E	R	K	N	Q	S	T	A	V	L	I	F	Y	W	H	M	C	P
0	0.04915	0.09011	0.54808	0.02195	0.10892	0.01748	0.02386	0.02230	0.01500	0.02258	0.01250	0.01490	0.00924	0.00666	0.00652	0.00218	0.00983	0.00521	0.00313	0.01038
1	0.01922	0.01457	0.01655	0.01548	0.06301	0.01578	0.01137	0.09091	0.41827	0.10200	0.02809	0.02656	0.05667	0.00943	0.00709	0.00225	0.00585	0.00782	0.03594	0.05314
2	0.01345	0.01266	0.02136	0.73264	0.04904	0.01582	0.01978	0.01819	0.01424	0.01819	0.01266	0.01898	0.00949	0.00712	0.00712	0.00237	0.00949	0.00633	0.00316	0.00791
3	0.00937	0.00681	0.00883	0.00925	0.01044	0.00627	0.00659	0.01172	0.01710	0.02349	0.37614	0.35093	0.10035	0.01811	0.00870	0.00253	0.00371	0.01618	0.00723	0.00627
4	0.00889	0.00629	0.00820	0.00964	0.01000	0.00593	0.00632	0.00997	0.01322	0.01762	0.03711	0.65654	0.04441	0.11455	0.01253	0.00340	0.00448	0.01899	0.00632	0.00560
5	0.00871	0.00709	0.00771	0.00783	0.00987	0.00609	0.00577	0.01069	0.01652	0.02058	0.16754	0.15189	0.51885	0.01803	0.00850	0.00244	0.00363	0.01535	0.00681	0.00609
6	0.03076	0.01402	0.01770	0.01357	0.01912	0.01328	0.01121	0.19160	0.02356	0.54888	0.02543	0.02250	0.01629	0.00875	0.00715	0.00219	0.00649	0.00698	0.00840	0.01212
7	0.01902	0.01500	0.01854	0.01511	0.06131	0.01385	0.03352	0.18042	0.01963	0.06766	0.01459	0.01623	0.01134	0.00665	0.00678	0.00158	0.03614	0.00527	0.00508	0.45228
8	0.01976	0.49219	0.11776	0.01368	0.02005	0.02408	0.01383	0.11600	0.01778	0.05319	0.04318	0.01514	0.01254	0.00703	0.00550	0.00177	0.00775	0.00492	0.00410	0.00976

[dist]
# distance from previous block
# <min> <max>
0	5

[block]
# block no. 2 follows, 29 sequences, length 17
# corresponding to MSA columns:
# 109-125
name=unknown_C
#
# <colnr> <probs for GDERKNQSTAVLIFYWHMCP>
#	G	D	E	R	K	N	Q	S	T	A	V	L	I	F	Y	W	H	M	C	P
0	0.11054	0.01334	0.03458	0.01495	0.08201	0.01289	0.01104	0.05451	0.13377	0.28400	0.05679	0.02378	0.01870	0.00863	0.00662	0.00216	0.00586	0.00700	0.10846	0.01037
1	0.19299	0.08841	0.05161	0.01447	0.05150	0.13263	0.01145	0.05712	0.15485	0.02604	0.05479	0.02272	0.07038	0.00876	0.00626	0.00212	0.00712	0.00659	0.03122	0.00898
2	0.59736	0.01866	0.12323	0.01180	0.01717	0.06039	0.01116	0.02218	0.01340	0.05482	0.01112	0.01267	0.00838	0.00676	0.00501	0.00219	0.00679	0.00425	0.00430	0.00836
3	0.06101	0.18453	0.02298	0.01653	0.04045	0.37095	0.01293	0.05245	0.05148	0.02001	0.01486	0.01641	0.04438	0.00802	0.00718	0.00194	0.05590	0.00531	0.00400	0.00868
4	0.35970	0.07286	0.04196	0.02013	0.19593	0.01760	0.01336	0.04996	0.04135	0.06131	0.01283	0.01495	0.01012	0.00719	0.00674	0.00219	0.05291	0.00513	0.00439	0.00939
5	0.04953	0.01056	0.01276	0.01099	0.01456	0.00983	0.00864	0.06595	0.05217	0.16169	0.20172	0.12318	0.06783	0.01233	0.00750	0.00218	0.00498	0.04244	0.00695	0.13422
6	0.65126	0.01562	0.06189	0.01073	0.01572	0.01594	0.00953	0.05516	0.01398	0.07922	0.01175	0.01298	0.00872	0.00687	0.00490	0.00220	0.00602	0.00432	0.00475	0.00844
7	0.01575	0.01895	0.11642	0.17036	0.05594	0.05162	0.22876	0.02054	0.01506	0.02103	0.01370	0.01840	0.01074	0.00767	0.00982	0.00238	0.12592	0.00678	0.08137	0.00878
8	0.00960	0.00670	0.00855	0.00966	0.01011	0.00648	0.00654	0.01073	0.01296	0.01720	0.03361	0.42789	0.03941	0.25650	0.01795	0.00424	0.00536	0.10523	0.00586	0.00542
9	0.00863	0.00638	0.00808	0.00943	0.01020	0.00582	0.00640	0.00997	0.01410	0.01837	0.04511	0.62452	0.16390	0.02155	0.00897	0.00280	0.00404	0.01931	0.00661	0.00582
10	0.02301	0.01859	0.05398	0.01646	0.04185	0.01926	0.01337	0.48428	0.09474	0.03841	0.02060	0.10520	0.01707	0.01015	0.00735	0.00226	0.00733	0.00817	0.00676	0.01116
11	0.00876	0.00623	0.00824	0.00981	0.01020	0.00584	0.00649	0.00994	0.01347	0.01796	0.03839	0.70959	0.04602	0.05930	0.01047	0.00310	0.00427	0.01974	0.00649	0.00571
12	0.01393	0.01261	0.02197	0.49915	0.04016	0.01456	0.11817	0.01862	0.01475	0.02035	0.01476	0.02033	0.01121	0.00715	0.00694	0.00225	0.00881	0.00670	0.13961	0.00795
13	0.01558	0.01558	0.02181	0.01869	0.01869	0.02181	0.01558	0.01714	0.01091	0.01714	0.00935	0.01558	0.00935	0.01246	0.02337	0.00312	0.73672	0.00623	0.00312	0.00779
14	0.01477	0.01266	0.01477	0.01055	0.01687	0.00949	0.00844	0.01793	0.01477	0.02320	0.01266	0.01477	0.01055	0.00527	0.00527	0.00105	0.00527	0.00422	0.00422	0.79328
15	0.01762	0.01692	0.02890	0.04371	0.70533	0.01692	0.02185	0.02185	0.01621	0.02326	0.01339	0.01762	0.01128	0.00634	0.00705	0.00211	0.00846	0.00634	0.00352	0.01128
16	0.02555	0.01919	0.02051	0.01608	0.02150	0.02137	0.01317	0.57694	0.14061	0.04242	0.01903	0.01864	0.01367	0.00873	0.00714	0.00218	0.00748	0.00668	0.00714	0.01197

[dist]
# distance from previous block
# <min> <max>
0	1

[block]
# block no. 3 follows, 29 sequences, length 60
# corresponding to MSA columns:
# 127-186
name=unknown_D
#
# <colnr> <probs for GDERKNQSTAVLIFYWHMCP>
#	G	D	E	R	K	N	Q	S	T	A	V	L	I	F	Y	W	H	M	C	P
0	0.67781	0.01736	0.11974	0.01106	0.01642	0.01606	0.01060	0.02118	0.01257	0.03049	0.01036	0.01211	0.00792	0.00663	0.00477	0.00221	0.00629	0.00407	0.00419	0.00815
1	0.02126	0.02561	0.05285	0.02219	0.14481	0.38846	0.05485	0.04767	0.01908	0.02085	0.06009	0.04463	0.04972	0.00861	0.00701	0.00204	0.01035	0.00682	0.00425	0.00883
2	0.14530	0.01371	0.01646	0.04163	0.06026	0.01388	0.01122	0.05287	0.17051	0.31279	0.02254	0.02129	0.01564	0.00819	0.00661	0.00217	0.00616	0.00654	0.00686	0.06536
3	0.01813	0.01470	0.01590	0.01435	0.01830	0.01672	0.01132	0.05582	0.58460	0.06047	0.02930	0.03068	0.02287	0.01043	0.00746	0.00247	0.00580	0.06249	0.00726	0.01094
4	0.01642	0.04804	0.01449	0.01109	0.01427	0.01169	0.07638	0.13761	0.01845	0.02898	0.02054	0.02332	0.01591	0.00799	0.00570	0.00182	0.00525	0.00664	0.52736	0.00806
5	0.01045	0.00747	0.01068	0.01068	0.01186	0.00851	0.00812	0.01281	0.01163	0.01710	0.01975	0.02968	0.01863	0.11805	0.59401	0.01018	0.01655	0.00781	0.06983	0.00618
6	0.00871	0.00627	0.00819	0.00971	0.01022	0.00583	0.00648	0.00994	0.01367	0.01810	0.04041	0.69006	0.07964	0.04375	0.00986	0.00299	0.00419	0.01968	0.00654	0.00575
7	0.01023	0.00679	0.00832	0.00886	0.00946	0.00673	0.00590	0.01155	0.01283	0.01810	0.06713	0.25612	0.03382	0.31039	0.07219	0.00494	0.00630	0.04224	0.10266	0.00544
8	0.01635	0.01377	0.01354	0.01273	0.03562	0.12163	0.00949	0.08419	0.06016	0.06694	0.32255	0.04037	0.09073	0.01222	0.00772	0.00221	0.00590	0.03934	0.03639	0.00815
9	0.02387	0.22673	0.06460	0.01681	0.02152	0.49527	0.01406	0.02619	0.01836	0.01754	0.01081	0.01259	0.00915	0.00697	0.00595	0.00178	0.01131	0.00442	0.00346	0.00862
10	0.54129	0.01896	0.17298	0.08376	0.02119	0.01609	0.01318	0.02103	0.01300	0.02842	0.01085	0.01310	0.00819	0.00670	0.00522	0.00223	0.00706	0.00442	0.00396	0.00838
11	0.05398	0.01087	0.01311	0.01394	0.05421	0.03400	0.01061	0.07952	0.03888	0.04591	0.13611	0.11817	0.03623	0.01508	0.00835	0.00267	0.00602	0.27253	0.04210	0.00773
12	0.00867	0.00623	0.00822	0.00982	0.01030	0.00579	0.00657	0.00993	0.01373	0.01822	0.04043	0.72072	0.07071	0.02215	0.00906	0.00287	0.00411	0.02005	0.00661	0.00579
13	0.01597	0.01846	0.06203	0.02705	0.03333	0.01704	0.55794	0.02131	0.01595	0.02182	0.01550	0.04803	0.01291	0.04975	0.01073	0.00271	0.04792	0.00874	0.00371	0.00910
14	0.01428	0.03683	0.71286	0.02030	0.03082	0.01654	0.02631	0.02255	0.01503	0.02255	0.01278	0.01503	0.00902	0.00677	0.00677	0.00226	0.01052	0.00526	0.00301	0.01052
15	0.00872	0.00636	0.00810	0.00947	0.01012	0.00586	0.00635	0.00997	0.01382	0.01812	0.04274	0.62655	0.13071	0.05430	0.01022	0.00301	0.00419	0.01913	0.00651	0.00575
16	0.01850	0.02109	0.02963	0.02320	0.02692	0.17430	0.28376	0.02192	0.01534	0.01950	0.01176	0.01644	0.00990	0.00872	0.01358	0.00254	0.28410	0.00675	0.00343	0.00863
17	0.01237	0.00618	0.00928	0.00928	0.00928	0.00618	0.00618	0.00928	0.00928	0.01237	0.01237	0.02165	0.01237	0.02474	0.02783	0.79283	0.00618	0.00618	0.00309	0.00309
18	0.01025	0.00686	0.00780	0.00790	0.00792	0.00684	0.00445	0.01033	0.01055	0.01407	0.02345	0.08876	0.02717	0.70584	0.03460	0.00666	0.00674	0.01095	0.00445	0.00440
19	0.01742	0.01671	0.02853	0.07796	0.67270	0.01686	0.02175	0.02167	0.01612	0.02301	0.01336	0.01769	0.01119	0.00638	0.00705	0.00213	0.00851	0.00634	0.00351	0.01111
20	0.01742	0.01973	0.03630	0.02783	0.06718	0.08968	0.51673	0.02310	0.03948	0.02224	0.01592	0.06047	0.01311	0.00722	0.00813	0.00236	0.01125	0.00858	0.00390	0.00939
21	0.02376	0.01716	0.01881	0.01481	0.01992	0.01834	0.01213	0.50251	0.02863	0.06170	0.01949	0.06273	0.01571	0.00953	0.00710	0.00211	0.00709	0.03617	0.03657	0.08574
22	0.01070	0.00836	0.01230	0.01200	0.01310	0.01006	0.00937	0.01305	0.01135	0.01648	0.01827	0.02749	0.01730	0.07594	0.62855	0.01047	0.08743	0.00760	0.00377	0.00642
23	0.57179	0.01431	0.01289	0.01242	0.05648	0.01622	0.00929	0.07882	0.07935	0.03169	0.01570	0.01671	0.04469	0.00763	0.00527	0.00222	0.00580	0.00519	0.00497	0.00856
24	0.02707	0.01995	0.02137	0.01638	0.02208	0.02208	0.01353	0.68159	0.03348	0.04488	0.01710	0.01710	0.01211	0.00855	0.00712	0.00214	0.00784	0.00641	0.00712	0.01211
25	0.01237	0.00618	0.00928	0.00928	0.00928	0.00618	0.00618	0.00928	0.00928	0.01237	0.01237	0.02165	0.01237	0.02474	0.02783	0.79283	0.00618	0.00618	0.00309	0.00309
26	0.01030	0.00688	0.00778	0.00784	0.00785	0.00687	0.00439	0.01034	0.01047	0.01396	0.02301	0.07036	0.02661	0.72501	0.03532	0.00677	0.00681	0.01069	0.00439	0.00436
27	0.00885	0.00632	0.00845	0.01003	0.01054	0.00592	0.00683	0.01024	0.01396	0.01864	0.05982	0.69332	0.04744	0.02195	0.00910	0.00289	0.00422	0.04897	0.00665	0.00585
28	0.80005	0.01377	0.01047	0.00936	0.01377	0.01597	0.00771	0.02093	0.01212	0.03195	0.00991	0.01157	0.00771	0.00661	0.00441	0.00220	0.00551	0.00386	0.00441	0.00771
29	0.01949	0.71057	0.03628	0.01256	0.01850	0.07001	0.01228	0.02175	0.01481	0.01679	0.00997	0.01151	0.00914	0.00617	0.00468	0.00154	0.00793	0.00385	0.00308	0.00908
30	0.01017	0.00763	0.01144	0.01144	0.01272	0.00890	0.00890	0.01272	0.01144	0.01653	0.01907	0.02797	0.01780	0.05340	0.72153	0.01144	0.01907	0.00763	0.00381	0.00636
31	0.00999	0.00762	0.00922	0.00875	0.01073	0.00703	0.00658	0.01369	0.04922	0.02619	0.50827	0.05598	0.22988	0.01524	0.00835	0.00229	0.00353	0.01322	0.00749	0.00674
32	0.01900	0.01273	0.01380	0.01170	0.01499	0.01404	0.00934	0.22896	0.11552	0.05564	0.02148	0.02287	0.01628	0.00882	0.00710	0.00202	0.04734	0.00676	0.36237	0.00926
33	0.01471	0.03401	0.60979	0.02256	0.07022	0.01670	0.08810	0.02253	0.01527	0.02262	0.01297	0.01558	0.00932	0.00667	0.00694	0.00226	0.01055	0.00562	0.00309	0.01048
34	0.01904	0.75404	0.03731	0.01218	0.01828	0.02818	0.01218	0.02132	0.01447	0.01675	0.00990	0.01142	0.00914	0.00609	0.00457	0.00152	0.00761	0.00381	0.00305	0.00914
35	0.80005	0.01377	0.01047	0.00936	0.01377	0.01597	0.00771	0.02093	0.01212	0.03195	0.00991	0.01157	0.00771	0.00661	0.00441	0.00220	0.00551	0.00386	0.00441	0.00771
36	0.08399	0.01444	0.01870	0.34941	0.03235	0.01681	0.01495	0.23732	0.02050	0.02915	0.01514	0.01863	0.01124	0.00769	0.00664	0.00220	0.00788	0.00618	0.09763	0.00913
37	0.00906	0.00680	0.00898	0.01026	0.01077	0.00672	0.00705	0.01035	0.01363	0.01818	0.03951	0.66230	0.08449	0.02148	0.00987	0.00288	0.04623	0.01912	0.00641	0.00591
38	0.01017	0.00763	0.01144	0.01144	0.01272	0.00890	0.00890	0.01272	0.01144	0.01653	0.01907	0.02797	0.01780	0.05340	0.72153	0.01144	0.01907	0.00763	0.00381	0.00636
39	0.01850	0.01258	0.01460	0.01330	0.01684	0.01337	0.01062	0.09156	0.28837	0.14294	0.03230	0.11498	0.05680	0.01297	0.00794	0.00256	0.00583	0.12686	0.00728	0.00981
40	0.03120	0.01332	0.01727	0.01324	0.01878	0.01225	0.01094	0.13398	0.02239	0.60815	0.02640	0.02314	0.01678	0.00877	0.00716	0.00219	0.00633	0.00705	0.00855	0.01212
41	0.01771	0.01530	0.01610	0.01449	0.01852	0.01771	0.01127	0.03784	0.69247	0.02979	0.02898	0.02657	0.02174	0.00966	0.00725	0.00242	0.00564	0.00805	0.00725	0.01127
42	0.01451	0.01249	0.01486	0.04634	0.01825	0.00970	0.00891	0.01771	0.01478	0.02283	0.01447	0.01661	0.03156	0.00575	0.00546	0.00116	0.00543	0.00465	0.00424	0.73026
43	0.00959	0.00721	0.00887	0.00856	0.01036	0.00649	0.00638	0.01245	0.01884	0.02567	0.50885	0.09148	0.22747	0.01583	0.00844	0.00231	0.00346	0.01379	0.00747	0.00649
44	0.01904	0.75404	0.03731	0.01218	0.01828	0.02818	0.01218	0.02132	0.01447	0.01675	0.00990	0.01142	0.00914	0.00609	0.00457	0.00152	0.00761	0.00381	0.00305	0.00914
45	0.01477	0.01266	0.01477	0.01055	0.01687	0.00949	0.00844	0.01793	0.01477	0.02320	0.01266	0.01477	0.01055	0.00527	0.00527	0.00105	0.00527	0.00422	0.00422	0.79328
46	0.01008	0.00728	0.00952	0.00896	0.01064	0.00672	0.00672	0.01344	0.02016	0.02855	0.70158	0.05319	0.06719	0.01456	0.00840	0.00224	0.00336	0.01288	0.00784	0.00672
47	0.01036	0.00690	0.00777	0.00777	0.00777	0.00690	0.00431	0.01036	0.01036	0.01381	0.02244	0.04660	0.02589	0.74975	0.03624	0.00690	0.00690	0.01036	0.00431	0.00431
48	0.00870	0.00722	0.00761	0.00752	0.00980	0.00613	0.00564	0.01078	0.01691	0.02086	0.18152	0.06586	0.59205	0.01743	0.00841	0.00238	0.00356	0.01465	0.00683	0.00613
49	0.00967	0.00696	0.00927	0.01077	0.01170	0.00666	0.00811	0.01159	0.01460	0.01914	0.04001	0.45532	0.08195	0.04750	0.01029	0.00314	0.00502	0.23580	0.00651	0.00601
50	0.00868	0.00620	0.00826	0.00991	0.01033	0.00578	0.00661	0.00991	0.01363	0.01818	0.03925	0.74510	0.04710	0.02231	0.00909	0.00289	0.00413	0.02024	0.00661	0.00578
51	0.01477	0.01266	0.01477	0.01055	0.01687	0.00949	0.00844	0.01793	0.01477	0.02320	0.01266	0.01477	0.01055	0.00527	0.00527	0.00105	0.00527	0.00422	0.00422	0.79328
52	0.00854	0.00718	0.00741	0.00744	0.00972	0.00605	0.00555	0.01043	0.01640	0.01984	0.11434	0.09304	0.63382	0.01796	0.00844	0.00241	0.00361	0.01508	0.00670	0.00605
53	0.01036	0.00690	0.00777	0.00777	0.00777	0.00690	0.00431	0.01036	0.01036	0.01381	0.02244	0.04660	0.02589	0.74975	0.03624	0.00690	0.00690	0.01036	0.00431	0.00431
54	0.01559	0.24682	0.44743	0.01776	0.02637	0.01955	0.05036	0.02174	0.01520	0.02115	0.04675	0.01608	0.01207	0.00692	0.00627	0.00204	0.00937	0.00536	0.00329	0.00988
55	0.01509	0.09765	0.56466	0.02186	0.07992	0.01768	0.06177	0.02241	0.01517	0.02211	0.01266	0.01514	0.00930	0.00663	0.00669	0.00219	0.01020	0.00539	0.00308	0.01040
56	0.03195	0.01212	0.01652	0.01267	0.01818	0.01047	0.01047	0.03470	0.02038	0.71026	0.02809	0.02424	0.01763	0.00881	0.00716	0.00220	0.00606	0.00716	0.00881	0.01212
57	0.01345	0.01266	0.02136	0.73264	0.04904	0.01582	0.01978	0.01819	0.01424	0.01819	0.01266	0.01898	0.00949	0.00712	0.00712	0.00237	0.00949	0.00633	0.00316	0.00791
58	0.01131	0.00808	0.01128	0.01292	0.01449	0.00805	0.01118	0.01446	0.01623	0.02112	0.03780	0.12045	0.04135	0.01983	0.00979	0.00326	0.00641	0.61894	0.00656	0.00651
59	0.01748	0.01677	0.02863	0.06817	0.68203	0.01688	0.02178	0.02172	0.01614	0.02308	0.01337	0.01767	0.01122	0.00637	0.00705	0.00212	0.00850	0.00634	0.00351	0.01116

[dist]
# distance from previous block
# <min> <max>
0	18

[block]
# block no. 4 follows, 29 sequences, length 63
# corresponding to MSA columns:
# 205-267
name=unknown_E
#
# <colnr> <probs for GDERKNQSTAVLIFYWHMCP>
#	G	D	E	R	K	N	Q	S	T	A	V	L	I	F	Y	W	H	M	C	P
0	0.01806	0.01775	0.02848	0.04247	0.67188	0.05139	0.02146	0.02218	0.01641	0.02298	0.01328	0.01739	0.01118	0.00639	0.00702	0.00210	0.00867	0.00626	0.00353	0.01113
1	0.54007	0.01649	0.05735	0.06987	0.06739	0.05682	0.03430	0.02116	0.01362	0.02843	0.03146	0.01437	0.01015	0.00690	0.00532	0.00220	0.00692	0.00478	0.00419	0.00822
2	0.01864	0.51249	0.19719	0.01472	0.02164	0.09279	0.01571	0.02231	0.01516	0.01820	0.01070	0.01242	0.00911	0.00637	0.00527	0.00173	0.00882	0.00423	0.00310	0.00938
3	0.01877	0.64844	0.11211	0.01331	0.01981	0.05145	0.01382	0.02171	0.01473	0.01742	0.01026	0.01188	0.00913	0.00621	0.00488	0.00162	0.00812	0.00400	0.00306	0.00926
4	0.01427	0.01142	0.01425	0.01129	0.01606	0.00928	0.02996	0.04011	0.01539	0.04623	0.02034	0.20582	0.02039	0.00998	0.00650	0.00166	0.00531	0.00871	0.00508	0.50795
5	0.80005	0.01377	0.01047	0.00936	0.01377	0.01597	0.00771	0.02093	0.01212	0.03195	0.00991	0.01157	0.00771	0.00661	0.00441	0.00220	0.00551	0.00386	0.00441	0.00771
6	0.01732	0.01661	0.02835	0.09440	0.65704	0.01684	0.02170	0.02158	0.01607	0.02289	0.01334	0.01772	0.01115	0.00640	0.00705	0.00213	0.00854	0.00634	0.00350	0.01103
7	0.01036	0.00690	0.00777	0.00777	0.00777	0.00690	0.00431	0.01036	0.01036	0.01381	0.02244	0.04660	0.02589	0.74975	0.03624	0.00690	0.00690	0.01036	0.00431	0.00431
8	0.01345	0.01266	0.02136	0.73264	0.04904	0.01582	0.01978	0.01819	0.01424	0.01819	0.01266	0.01898	0.00949	0.00712	0.00712	0.00237	0.00949	0.00633	0.00316	0.00791
9	0.01629	0.01819	0.03874	0.05487	0.03574	0.01708	0.59880	0.02194	0.01650	0.02249	0.01515	0.04498	0.01204	0.00659	0.00823	0.00235	0.01131	0.00855	0.00372	0.04642
10	0.00886	0.00634	0.00842	0.00979	0.01037	0.00590	0.00662	0.01037	0.01447	0.01951	0.12430	0.65625	0.04968	0.02131	0.00900	0.00281	0.00403	0.01930	0.00677	0.00590
11	0.01904	0.75404	0.03731	0.01218	0.01828	0.02818	0.01218	0.02132	0.01447	0.01675	0.00990	0.01142	0.00914	0.00609	0.00457	0.00152	0.00761	0.00381	0.00305	0.00914
12	0.01446	0.06397	0.68729	0.01999	0.03034	0.01698	0.02577	0.02250	0.01501	0.02233	0.01267	0.01490	0.00902	0.00674	0.00668	0.00223	0.01041	0.00521	0.00301	0.01047
13	0.00842	0.00721	0.00721	0.00721	0.00962	0.00601	0.00541	0.01022	0.01623	0.01924	0.07213	0.06853	0.70244	0.01803	0.00842	0.00240	0.00361	0.01503	0.00661	0.00601
14	0.00939	0.00740	0.00860	0.00933	0.01091	0.00688	0.00677	0.01234	0.06264	0.01965	0.05214	0.36681	0.31839	0.01945	0.00873	0.00268	0.00418	0.06073	0.00665	0.00632
15	0.01029	0.00714	0.00898	0.00898	0.00941	0.00757	0.00583	0.01114	0.01072	0.01471	0.02132	0.04043	0.02321	0.51902	0.26331	0.00841	0.01094	0.00945	0.00415	0.00499
16	0.00935	0.00725	0.00850	0.00819	0.01019	0.00641	0.00614	0.01202	0.01843	0.02445	0.42464	0.05994	0.34668	0.01609	0.00841	0.00231	0.00347	0.01382	0.00730	0.00641
17	0.01858	0.22504	0.19068	0.01669	0.02266	0.17254	0.06952	0.02263	0.01689	0.04411	0.10077	0.01915	0.01702	0.00786	0.00687	0.00199	0.02786	0.00604	0.00403	0.00907
18	0.66409	0.08561	0.01384	0.01029	0.01486	0.05185	0.00861	0.04146	0.01339	0.03018	0.01019	0.01178	0.00805	0.00666	0.00460	0.00212	0.00614	0.00396	0.00432	0.00801
19	0.01017	0.00763	0.01144	0.01144	0.01272	0.00890	0.00890	0.01272	0.01144	0.01653	0.01907	0.02797	0.01780	0.05340	0.72153	0.01144	0.01907	0.00763	0.00381	0.00636
20	0.01532	0.01301	0.01505	0.01089	0.01712	0.01023	0.00872	0.04317	0.03788	0.02422	0.01336	0.01524	0.01097	0.00554	0.00541	0.00114	0.00538	0.00443	0.00443	0.73847
21	0.73715	0.01447	0.03454	0.00989	0.01456	0.01573	0.00847	0.02164	0.01261	0.06367	0.01087	0.01228	0.00822	0.00672	0.00462	0.00221	0.00570	0.00406	0.00457	0.00801
22	0.01017	0.00763	0.01144	0.01144	0.01272	0.00890	0.00890	0.01272	0.01144	0.01653	0.01907	0.02797	0.01780	0.05340	0.72153	0.01144	0.01907	0.00763	0.00381	0.00636
23	0.01582	0.01725	0.03576	0.06827	0.03384	0.01698	0.51629	0.02103	0.01606	0.02183	0.01658	0.05089	0.01421	0.00818	0.00959	0.00254	0.06570	0.05633	0.00387	0.00900
24	0.01597	0.01635	0.02480	0.03978	0.04724	0.04490	0.13887	0.01950	0.04557	0.01902	0.01217	0.01767	0.01084	0.01328	0.06430	0.00340	0.44773	0.00676	0.00349	0.00835
25	0.00867	0.00623	0.00822	0.00981	0.01030	0.00579	0.00656	0.00993	0.01373	0.01822	0.04048	0.71976	0.07164	0.02215	0.00906	0.00287	0.00411	0.02005	0.00661	0.00579
26	0.01377	0.03538	0.01269	0.01176	0.01380	0.01072	0.00899	0.16288	0.01846	0.02441	0.03280	0.37429	0.05534	0.06890	0.01049	0.00300	0.00567	0.12284	0.00643	0.00736
27	0.02515	0.01867	0.02132	0.01614	0.02199	0.01981	0.04492	0.53911	0.02974	0.06562	0.01679	0.01716	0.01205	0.00801	0.00694	0.00201	0.00764	0.00625	0.00664	0.11403
28	0.00888	0.00694	0.00805	0.00839	0.01006	0.00611	0.00606	0.01089	0.01642	0.02113	0.21085	0.25705	0.36692	0.01843	0.00860	0.00250	0.00370	0.01600	0.00690	0.00611
29	0.02844	0.01175	0.01568	0.01233	0.01724	0.01044	0.01006	0.06269	0.02076	0.57731	0.10421	0.05176	0.02398	0.00991	0.00736	0.00223	0.00577	0.00822	0.00855	0.01129
30	0.01480	0.09393	0.63100	0.02058	0.05676	0.01749	0.02499	0.02242	0.01504	0.02211	0.01257	0.01485	0.00912	0.00669	0.00660	0.00219	0.01021	0.00519	0.00303	0.01044
31	0.02164	0.05351	0.02419	0.02859	0.31800	0.32624	0.01687	0.05049	0.01876	0.02155	0.04486	0.01694	0.01294	0.00725	0.00674	0.00197	0.01008	0.00578	0.00392	0.00968
32	0.01743	0.01096	0.01145	0.00991	0.01281	0.01171	0.00777	0.21228	0.05293	0.03162	0.02168	0.02450	0.01689	0.03498	0.00684	0.00202	0.00488	0.00677	0.49418	0.00838
33	0.01147	0.00820	0.01147	0.01311	0.01475	0.00820	0.01147	0.01475	0.01639	0.02131	0.03770	0.08032	0.04098	0.01967	0.00984	0.00328	0.00656	0.65741	0.00656	0.00656
34	0.06598	0.02374	0.22561	0.02601	0.03395	0.01747	0.45599	0.02262	0.01602	0.02332	0.01367	0.01757	0.01011	0.00625	0.00770	0.00235	0.01118	0.00724	0.00349	0.00974
35	0.00967	0.00726	0.00896	0.00853	0.01039	0.00655	0.00640	0.01266	0.01920	0.02629	0.54856	0.05692	0.22161	0.01540	0.00840	0.00228	0.00342	0.01340	0.00754	0.00655
36	0.01008	0.00728	0.00952	0.00896	0.01064	0.00672	0.00672	0.01344	0.02016	0.02855	0.70158	0.05319	0.06719	0.01456	0.00840	0.00224	0.00336	0.01288	0.00784	0.00672
37	0.01429	0.00762	0.00772	0.00735	0.00931	0.00777	0.00561	0.06553	0.01630	0.02790	0.02278	0.02585	0.01780	0.00831	0.00514	0.00169	0.00365	0.00662	0.73172	0.00704
38	0.01632	0.27759	0.36989	0.01918	0.02764	0.02074	0.13191	0.02218	0.01514	0.02062	0.01208	0.01451	0.00936	0.00641	0.00630	0.00203	0.00979	0.00530	0.00312	0.00990
39	0.01170	0.00908	0.01019	0.00950	0.01190	0.00897	0.00719	0.04332	0.13253	0.02595	0.31025	0.05048	0.25045	0.03809	0.00889	0.00244	0.00411	0.01208	0.04547	0.00740
40	0.01749	0.01723	0.03050	0.03998	0.55923	0.01714	0.13249	0.02279	0.04898	0.02350	0.01432	0.01832	0.01170	0.00645	0.00729	0.00218	0.00892	0.00677	0.00372	0.01100
41	0.01550	0.12808	0.60207	0.01899	0.02877	0.01782	0.02395	0.02281	0.01515	0.04555	0.01294	0.01489	0.00933	0.00675	0.00650	0.00216	0.01000	0.00514	0.00321	0.01040
42	0.00916	0.00724	0.00824	0.00799	0.01007	0.00633	0.00599	0.01165	0.01798	0.02338	0.35232	0.06170	0.41967	0.01649	0.00841	0.00233	0.00350	0.01407	0.00716	0.00633
43	0.73200	0.04965	0.03959	0.00993	0.01466	0.01657	0.00866	0.02101	0.01234	0.03086	0.01003	0.01170	0.00783	0.00659	0.00451	0.00217	0.00581	0.00391	0.00429	0.00789
44	0.02528	0.01875	0.02072	0.01706	0.04601	0.02061	0.01364	0.59608	0.03128	0.04192	0.01887	0.02297	0.01475	0.00950	0.00737	0.00224	0.00774	0.06670	0.00694	0.01157
45	0.01889	0.01471	0.01625	0.01433	0.01823	0.01625	0.01163	0.25484	0.26551	0.03234	0.02914	0.06475	0.05662	0.01222	0.00786	0.00251	0.00643	0.14034	0.00701	0.01013
46	0.01734	0.01663	0.02840	0.08989	0.66133	0.01685	0.02171	0.02161	0.01608	0.02292	0.01334	0.01771	0.01116	0.00640	0.00705	0.00213	0.00853	0.00634	0.00350	0.01105
47	0.01035	0.00694	0.00794	0.00794	0.00800	0.00700	0.00453	0.01047	0.01041	0.01394	0.02228	0.04572	0.02551	0.71686	0.06862	0.00712	0.00748	0.01023	0.00429	0.00441
48	0.01032	0.00705	0.00852	0.00852	0.00878	0.00731	0.00525	0.01084	0.01058	0.01437	0.02175	0.04278	0.02423	0.60698	0.17675	0.00783	0.00940	0.00980	0.00421	0.00473
49	0.01345	0.01266	0.02136	0.73264	0.04904	0.01582	0.01978	0.01819	0.01424	0.01819	0.01266	0.01898	0.00949	0.00712	0.00712	0.00237	0.00949	0.00633	0.00316	0.00791
50	0.00868	0.00620	0.00826	0.00991	0.01033	0.00578	0.00661	0.00991	0.01363	0.01818	0.03925	0.74510	0.04710	0.02231	0.00909	0.00289	0.00413	0.02024	0.00661	0.00578
51	0.02147	0.52274	0.03181	0.01416	0.01948	0.25077	0.01269	0.02361	0.01630	0.01697	0.01026	0.01188	0.00915	0.00649	0.00516	0.00162	0.00929	0.00406	0.00325	0.00885
52	0.02032	0.63233	0.03442	0.01323	0.01891	0.14530	0.01245	0.02252	0.01543	0.01687	0.01009	0.01166	0.00914	0.00630	0.00488	0.00158	0.00850	0.00394	0.00315	0.00899
53	0.02252	0.02198	0.16645	0.01765	0.05016	0.01901	0.01589	0.41193	0.06614	0.06319	0.01851	0.06129	0.01431	0.00899	0.00717	0.00223	0.00801	0.00712	0.00615	0.01131
54	0.01762	0.01692	0.02890	0.04371	0.70533	0.01692	0.02185	0.02185	0.01621	0.02326	0.01339	0.01762	0.01128	0.00634	0.00705	0.00211	0.00846	0.00634	0.00352	0.01128
55	0.01008	0.00728	0.00952	0.00896	0.01064	0.00672	0.00672	0.01344	0.02016	0.02855	0.70158	0.05319	0.06719	0.01456	0.00840	0.00224	0.00336	0.01288	0.00784	0.00672
56	0.00883	0.00630	0.00817	0.00960	0.01005	0.00590	0.00634	0.00997	0.01341	0.01779	0.03884	0.65148	0.06957	0.09326	0.01172	0.00327	0.00438	0.01908	0.00639	0.00565
57	0.02654	0.01390	0.02007	0.07272	0.16592	0.01355	0.01399	0.07876	0.01966	0.43665	0.02228	0.02157	0.01494	0.00829	0.00777	0.00223	0.03593	0.00683	0.00693	0.01146
58	0.01237	0.00618	0.00928	0.00928	0.00928	0.00618	0.00618	0.00928	0.00928	0.01237	0.01237	0.02165	0.01237	0.02474	0.02783	0.79283	0.00618	0.00618	0.00309	0.00309
59	0.00901	0.00644	0.00865	0.01030	0.01086	0.00607	0.00720	0.01050	0.01397	0.01856	0.03906	0.66491	0.04636	0.02199	0.00918	0.00294	0.00442	0.09711	0.00660	0.00588
60	0.01570	0.01117	0.01254	0.01131	0.01362	0.03298	0.00890	0.14331	0.04036	0.02640	0.02028	0.04445	0.01699	0.02059	0.19006	0.00442	0.06167	0.00719	0.31018	0.00787
61	0.01241	0.00866	0.01143	0.01092	0.01194	0.01003	0.00828	0.01446	0.01247	0.04228	0.02106	0.09472	0.02043	0.13948	0.24653	0.00603	0.13320	0.00874	0.18041	0.00649
62	0.01762	0.01692	0.02890	0.04371	0.70533	0.01692	0.02185	0.02185	0.01621	0.02326	0.01339	0.01762	0.01128	0.00634	0.00705	0.00211	0.00846	0.00634	0.00352	0.01128

[dist]
# distance from previous block
# <min> <max>
0	12

[block]
# block no. 5 follows, 29 sequences, length 35
# corresponding to MSA columns:
# 280-314
name=unknown_F
#
# <colnr> <probs for GDERKNQSTAVLIFYWHMCP>
#	G	D	E	R	K	N	Q	S	T	A	V	L	I	F	Y	W	H	M	C	P
0	0.01101	0.00750	0.00973	0.00905	0.01094	0.00686	0.00683	0.01427	0.01998	0.05962	0.64074	0.05258	0.09489	0.01446	0.00834	0.00225	0.00350	0.01271	0.00783	0.00693
1	0.01439	0.04842	0.01353	0.03301	0.01425	0.05313	0.03312	0.04722	0.01555	0.02302	0.02580	0.02882	0.10967	0.01413	0.07668	0.00293	0.08212	0.00763	0.34933	0.00727
2	0.01614	0.01747	0.05914	0.06096	0.03237	0.01607	0.48890	0.04164	0.01702	0.02395	0.04276	0.02126	0.01390	0.00680	0.00780	0.00229	0.01024	0.00807	0.10408	0.00914
3	0.00868	0.00620	0.00826	0.00991	0.01033	0.00578	0.00661	0.00991	0.01363	0.01818	0.03925	0.74510	0.04710	0.02231	0.00909	0.00289	0.00413	0.02024	0.00661	0.00578
4	0.01762	0.01692	0.02890	0.04371	0.70533	0.01692	0.02185	0.02185	0.01621	0.02326	0.01339	0.01762	0.01128	0.00634	0.00705	0.00211	0.00846	0.00634	0.00352	0.01128
5	0.01713	0.02023	0.09110	0.07470	0.25437	0.05060	0.34058	0.02247	0.01647	0.02241	0.01368	0.01803	0.01066	0.00631	0.00766	0.00227	0.01062	0.00717	0.00350	0.01006
6	0.01918	0.01456	0.01575	0.01378	0.01795	0.01618	0.01083	0.08222	0.50865	0.10672	0.03182	0.02932	0.08069	0.01022	0.00733	0.00237	0.00567	0.00845	0.00736	0.01096
7	0.00888	0.00634	0.00848	0.01003	0.01056	0.00594	0.00685	0.01031	0.01407	0.01881	0.06965	0.68120	0.04773	0.02182	0.00909	0.00288	0.00421	0.05064	0.00666	0.00586
8	0.05362	0.01249	0.01413	0.01136	0.01600	0.01133	0.00888	0.14501	0.01802	0.02680	0.01969	0.17986	0.01918	0.00990	0.00644	0.00175	0.00547	0.00831	0.02912	0.40264
9	0.01987	0.01863	0.10611	0.01696	0.06715	0.05840	0.01380	0.08478	0.32470	0.11886	0.07505	0.02460	0.02078	0.00909	0.00719	0.00227	0.00695	0.00749	0.00648	0.01083
10	0.00868	0.00620	0.00826	0.00991	0.01033	0.00578	0.00661	0.00991	0.01363	0.01818	0.03925	0.74510	0.04710	0.02231	0.00909	0.00289	0.00413	0.02024	0.00661	0.00578
11	0.01904	0.75404	0.03731	0.01218	0.01828	0.02818	0.01218	0.02132	0.01447	0.01675	0.00990	0.01142	0.00914	0.00609	0.00457	0.00152	0.00761	0.00381	0.00305	0.00914
12	0.01793	0.01773	0.02715	0.05393	0.47660	0.07591	0.08164	0.05201	0.01738	0.02356	0.04107	0.05274	0.01487	0.00758	0.00728	0.00217	0.00877	0.00729	0.00401	0.01038
13	0.02598	0.03294	0.02023	0.05172	0.02328	0.68820	0.01404	0.02796	0.01990	0.01746	0.01108	0.01313	0.00919	0.00733	0.00645	0.00186	0.01268	0.00467	0.00365	0.00824
14	0.01044	0.00796	0.01171	0.01157	0.01270	0.00939	0.00894	0.01278	0.01135	0.01640	0.01882	0.02850	0.01789	0.09270	0.64835	0.01079	0.05189	0.00773	0.00381	0.00630
15	0.03195	0.01212	0.01652	0.01267	0.01818	0.01047	0.01047	0.03470	0.02038	0.71026	0.02809	0.02424	0.01763	0.00881	0.00716	0.00220	0.00606	0.00716	0.00881	0.01212
16	0.02993	0.01167	0.01588	0.01233	0.01748	0.01012	0.01012	0.03274	0.02036	0.64752	0.09008	0.02690	0.02219	0.00934	0.00727	0.00221	0.00581	0.00769	0.00872	0.01162
17	0.01556	0.01678	0.03437	0.29010	0.04159	0.01720	0.43527	0.02110	0.01586	0.02110	0.01376	0.01913	0.01032	0.00642	0.00793	0.00239	0.01107	0.00764	0.00344	0.00898
18	0.01998	0.48346	0.12205	0.01441	0.02096	0.02402	0.03847	0.08391	0.04182	0.07222	0.01316	0.01421	0.01055	0.00674	0.00552	0.00179	0.00799	0.00481	0.00402	0.00991
19	0.01506	0.06661	0.56716	0.02297	0.12272	0.01716	0.02460	0.02284	0.03494	0.02259	0.01320	0.01556	0.00971	0.00676	0.00672	0.00221	0.00996	0.00542	0.00320	0.01059
20	0.01744	0.01683	0.02902	0.06973	0.65919	0.01691	0.04238	0.02174	0.01616	0.02305	0.01340	0.01773	0.01120	0.00636	0.00709	0.00213	0.00861	0.00641	0.00351	0.01110
21	0.04846	0.28173	0.17914	0.01859	0.02522	0.09549	0.15191	0.04622	0.01608	0.02092	0.01179	0.01436	0.00952	0.00678	0.00706	0.00202	0.04650	0.00536	0.00342	0.00942
22	0.01579	0.01387	0.01660	0.06587	0.02041	0.01555	0.05063	0.03072	0.48246	0.02667	0.03201	0.06613	0.08964	0.01102	0.00759	0.00246	0.00604	0.02992	0.00662	0.00999
23	0.00868	0.00620	0.00826	0.00991	0.01033	0.00578	0.00661	0.00991	0.01363	0.01818	0.03925	0.74510	0.04710	0.02231	0.00909	0.00289	0.00413	0.02024	0.00661	0.00578
24	0.01958	0.01087	0.01307	0.01114	0.01480	0.01046	0.00872	0.04509	0.14536	0.27177	0.14689	0.03935	0.16323	0.05559	0.00935	0.00257	0.00515	0.01000	0.00760	0.00939
25	0.01910	0.68916	0.07081	0.01284	0.01906	0.05511	0.01296	0.02167	0.01472	0.01707	0.01009	0.01166	0.00913	0.00618	0.00475	0.00157	0.00797	0.00391	0.00307	0.00917
26	0.03158	0.01271	0.01689	0.01295	0.01847	0.01135	0.01070	0.08390	0.02138	0.65966	0.02726	0.02369	0.01721	0.00879	0.00716	0.00220	0.00619	0.00710	0.00868	0.01212
27	0.00991	0.00727	0.00929	0.00878	0.01053	0.00665	0.00659	0.01311	0.01976	0.02761	0.63789	0.05474	0.13146	0.01491	0.00840	0.00226	0.00338	0.01310	0.00771	0.00665
28	0.02544	0.01880	0.02036	0.01604	0.02135	0.02077	0.01328	0.60310	0.05583	0.04238	0.01923	0.02268	0.01485	0.00951	0.00735	0.00224	0.00765	0.06043	0.00708	0.01162
29	0.00842	0.00721	0.00721	0.00721	0.00962	0.00601	0.00541	0.01022	0.01623	0.01924	0.07213	0.06853	0.70244	0.01803	0.00842	0.00240	0.00361	0.01503	0.00661	0.00601
30	0.00908	0.00678	0.00847	0.00922	0.01045	0.00617	0.00659	0.01104	0.01588	0.02098	0.20069	0.39576	0.20304	0.01939	0.00881	0.00265	0.00395	0.04806	0.00689	0.00609
31	0.71370	0.01365	0.01166	0.08876	0.01764	0.01596	0.00904	0.02063	0.01235	0.03044	0.01022	0.01238	0.00791	0.00667	0.00470	0.00222	0.00595	0.00413	0.00427	0.00773
32	0.01428	0.03683	0.71286	0.02030	0.03082	0.01654	0.02631	0.02255	0.01503	0.02255	0.01278	0.01503	0.00902	0.00677	0.00677	0.00226	0.01052	0.00526	0.00301	0.01052
33	0.01017	0.00763	0.01144	0.01144	0.01272	0.00890	0.00890	0.01272	0.01144	0.01653	0.01907	0.02797	0.01780	0.05340	0.72153	0.01144	0.01907	0.00763	0.00381	0.00636
34	0.00908	0.00648	0.00862	0.01005	0.01065	0.00610	0.00697	0.01062	0.01426	0.01910	0.08915	0.61069	0.04739	0.04587	0.01001	0.00301	0.00438	0.07508	0.00662	0.00587

[dist]
# distance from previous block
# <min> <max>
0	1

[block]
# block no. 6 follows, 29 sequences, length 20
# corresponding to MSA columns:
# 316-335
name=unknown_G
#
# <colnr> <probs for GDERKNQSTAVLIFYWHMCP>
#	G	D	E	R	K	N	Q	S	T	A	V	L	I	F	Y	W	H	M	C	P
0	0.01751	0.42999	0.19827	0.01482	0.02140	0.02341	0.01564	0.02402	0.12050	0.02023	0.01356	0.01486	0.01109	0.00710	0.00637	0.00191	0.04093	0.00494	0.00370	0.00975
1	0.01480	0.06779	0.61554	0.02174	0.07306	0.01714	0.04798	0.02246	0.01514	0.02234	0.01274	0.01518	0.00923	0.00668	0.00674	0.00222	0.01031	0.00537	0.00306	0.01048
2	0.01483	0.01290	0.01534	0.01121	0.01702	0.01050	0.00902	0.01786	0.01445	0.02271	0.01239	0.01483	0.01045	0.00586	0.00675	0.00122	0.06513	0.00438	0.00413	0.72901
3	0.01237	0.00618	0.00928	0.00928	0.00928	0.00618	0.00618	0.00928	0.00928	0.01237	0.01237	0.02165	0.01237	0.02474	0.02783	0.79283	0.00618	0.00618	0.00309	0.00309
4	0.00879	0.00628	0.00836	0.00984	0.01035	0.00586	0.00662	0.01019	0.01415	0.01900	0.09157	0.69044	0.04868	0.02170	0.00903	0.00284	0.00407	0.01966	0.00671	0.00586
5	0.01820	0.02088	0.09915	0.03800	0.53398	0.09170	0.05017	0.02267	0.01654	0.02255	0.01312	0.01692	0.01080	0.00648	0.00701	0.00211	0.00929	0.00614	0.00349	0.01081
6	0.00965	0.00776	0.00887	0.01026	0.01094	0.04503	0.00695	0.01094	0.01410	0.01818	0.03912	0.67577	0.07327	0.02130	0.00891	0.00281	0.00459	0.01916	0.00645	0.00593
7	0.00866	0.00625	0.00821	0.00979	0.01029	0.00579	0.00655	0.00993	0.01376	0.01823	0.04082	0.71281	0.07838	0.02210	0.00906	0.00287	0.00411	0.01999	0.00661	0.00579
8	0.01389	0.00832	0.00973	0.06658	0.01335	0.00894	0.00745	0.06838	0.01579	0.02575	0.02125	0.02542	0.01699	0.01528	0.11741	0.00328	0.00663	0.00675	0.54167	0.00713
9	0.02269	0.33106	0.02807	0.01691	0.05934	0.25849	0.01358	0.13014	0.01945	0.02190	0.01161	0.01329	0.00976	0.00710	0.00628	0.00181	0.03047	0.00470	0.00394	0.00940
10	0.01715	0.01682	0.02267	0.09793	0.17426	0.06954	0.01680	0.05552	0.01447	0.02047	0.01161	0.01665	0.01024	0.00983	0.01532	0.00262	0.38263	0.00617	0.03048	0.00881
11	0.00883	0.00626	0.00822	0.00972	0.01010	0.00589	0.00640	0.00995	0.01334	0.01778	0.03772	0.68161	0.04517	0.08844	0.01156	0.00326	0.00438	0.01934	0.00640	0.00565
12	0.14141	0.01724	0.02320	0.13503	0.35190	0.05760	0.01755	0.12644	0.01825	0.02697	0.01319	0.01652	0.01047	0.00691	0.00662	0.00215	0.00830	0.00586	0.00419	0.01018
13	0.00861	0.00645	0.00800	0.00924	0.01015	0.00584	0.00631	0.00999	0.01428	0.01844	0.04744	0.57660	0.21031	0.02124	0.00892	0.00277	0.00400	0.01894	0.00661	0.00584
14	0.02226	0.28096	0.09522	0.01787	0.06078	0.37258	0.01492	0.02503	0.01748	0.01804	0.01094	0.01284	0.00927	0.00680	0.00585	0.00179	0.01056	0.00449	0.00338	0.00896
15	0.00973	0.00713	0.00864	0.00931	0.01033	0.00665	0.00626	0.03006	0.01402	0.01847	0.03929	0.46154	0.13854	0.15959	0.01397	0.00349	0.00473	0.01656	0.00610	0.03557
16	0.01345	0.04439	0.05833	0.01593	0.01996	0.01159	0.18464	0.01768	0.03907	0.04662	0.17537	0.22265	0.03364	0.01253	0.00801	0.00234	0.00673	0.01186	0.00566	0.06955
17	0.01644	0.33257	0.39422	0.01827	0.06410	0.02138	0.02021	0.02200	0.01487	0.02019	0.01162	0.01369	0.00920	0.00646	0.00587	0.00194	0.00920	0.00472	0.00305	0.00999
18	0.02097	0.13033	0.05753	0.01185	0.01683	0.01252	0.01040	0.02384	0.01752	0.28817	0.13063	0.05366	0.02367	0.00980	0.00751	0.03273	0.00593	0.00747	0.00638	0.13227
19	0.05948	0.01428	0.01568	0.01532	0.06506	0.01593	0.01108	0.03199	0.50547	0.02838	0.05826	0.02908	0.07394	0.00997	0.00715	0.00233	0.00556	0.00832	0.00671	0.03602

[dist]
# distance from previous block
# <min> <max>
4	10

[block]
# block no. 7 follows, 29 sequences, length 7
# corresponding to MSA columns:
# 346-352
name=unknown_H
#
# <colnr> <probs for GDERKNQSTAVLIFYWHMCP>
#	G	D	E	R	K	N	Q	S	T	A	V	L	I	F	Y	W	H	M	C	P
0	0.01952	0.08592	0.01814	0.01264	0.01767	0.01504	0.01034	0.21804	0.05751	0.08628	0.08092	0.07889	0.02018	0.00908	0.00661	0.00185	0.00608	0.00736	0.00604	0.24189
1	0.02074	0.01783	0.01787	0.01485	0.01907	0.09930	0.01184	0.26866	0.17668	0.03192	0.08485	0.02250	0.01929	0.01134	0.04233	0.00259	0.04812	0.00706	0.00619	0.07698
2	0.02397	0.01377	0.05423	0.01264	0.01804	0.01136	0.01077	0.10027	0.02004	0.36766	0.07666	0.06192	0.02059	0.00913	0.00695	0.00201	0.00603	0.00753	0.00718	0.16925
3	0.01692	0.11464	0.09801	0.01374	0.01857	0.03966	0.01252	0.11326	0.13325	0.04235	0.02639	0.05294	0.08516	0.01198	0.02546	0.00247	0.00723	0.10282	0.00557	0.07706
4	0.15401	0.12840	0.37717	0.01597	0.02387	0.01766	0.01832	0.02325	0.08021	0.02415	0.01344	0.01502	0.01015	0.00682	0.00598	0.00207	0.00838	0.00501	0.00376	0.06636
5	0.02477	0.02547	0.01931	0.01659	0.02077	0.37064	0.01291	0.24824	0.07250	0.02790	0.01525	0.01657	0.01186	0.01024	0.04213	0.00245	0.01056	0.00568	0.03653	0.00961
6	0.09854	0.09477	0.02105	0.01709	0.05401	0.28804	0.01310	0.17906	0.02093	0.02596	0.01354	0.01706	0.01132	0.00807	0.00713	0.00201	0.04306	0.03424	0.00462	0.04640

[dist]
# distance from previous block
# <min> <max>
14	21

[block]
# block no. 8 follows, 29 sequences, length 27
# corresponding to MSA columns:
# 375-401
name=unknown_I
#
# <colnr> <probs for GDERKNQSTAVLIFYWHMCP>
#	G	D	E	R	K	N	Q	S	T	A	V	L	I	F	Y	W	H	M	C	P
0	0.02032	0.01755	0.01840	0.06307	0.07890	0.12607	0.01273	0.08813	0.19780	0.09738	0.04750	0.02094	0.01650	0.00827	0.00734	0.00205	0.03122	0.00655	0.00567	0.13361
1	0.48352	0.01386	0.01511	0.05477	0.11730	0.01544	0.03208	0.02160	0.06697	0.02916	0.07650	0.01814	0.01505	0.00756	0.00566	0.00223	0.00617	0.00567	0.00473	0.00849
2	0.01569	0.01500	0.02536	0.35435	0.32631	0.01653	0.05603	0.02127	0.05888	0.02135	0.01412	0.01890	0.01111	0.00689	0.00717	0.00227	0.00894	0.00656	0.00360	0.00966
3	0.01628	0.01901	0.07012	0.07294	0.03575	0.01699	0.54241	0.02204	0.01636	0.02254	0.01405	0.01857	0.01061	0.00604	0.00795	0.00226	0.01114	0.00772	0.00360	0.08361
4	0.02485	0.01487	0.01652	0.01364	0.01839	0.05917	0.01089	0.06910	0.25400	0.33966	0.05430	0.02479	0.02002	0.00911	0.00712	0.00221	0.00630	0.00739	0.00764	0.04003
5	0.01762	0.01692	0.02890	0.04371	0.70533	0.01692	0.02185	0.02185	0.01621	0.02326	0.01339	0.01762	0.01128	0.00634	0.00705	0.00211	0.00846	0.00634	0.00352	0.01128
6	0.01720	0.01685	0.03008	0.04015	0.56987	0.01667	0.12226	0.02166	0.01631	0.02310	0.01471	0.02086	0.01262	0.00693	0.00739	0.00221	0.00891	0.03773	0.00368	0.01080
7	0.02052	0.00995	0.01285	0.01060	0.01453	0.00857	0.00842	0.02326	0.01902	0.34977	0.20903	0.06053	0.13801	0.01189	0.00759	0.00218	0.00485	0.01006	0.00779	0.07057
8	0.01762	0.01692	0.02890	0.04371	0.70533	0.01692	0.02185	0.02185	0.01621	0.02326	0.01339	0.01762	0.01128	0.00634	0.00705	0.00211	0.00846	0.00634	0.00352	0.01128
9	0.01079	0.00772	0.00970	0.00929	0.01137	0.00686	0.00696	0.01349	0.01781	0.04864	0.38126	0.17656	0.15193	0.01571	0.00828	0.00232	0.00391	0.03907	0.00712	0.07119
10	0.01428	0.03683	0.71286	0.02030	0.03082	0.01654	0.02631	0.02255	0.01503	0.02255	0.01278	0.01503	0.00902	0.00677	0.00677	0.00226	0.01052	0.00526	0.00301	0.01052
11	0.01770	0.01548	0.01757	0.01785	0.09749	0.01762	0.01249	0.03600	0.61471	0.02904	0.02719	0.02554	0.02053	0.00928	0.00722	0.00238	0.00596	0.00785	0.00682	0.01127
