[name]
unknown

[dist]
# distance from previous block
# <min> <max>
0	19

[block]
# block no. 0 follows, 29 sequences, length 6
# corresponding to MSA columns:
# 19-24
name=unknown_A
#
# <colnr> <probs for GDERKNQSTAVLIFYWHMCP>
#	G	D	E	R	K	N	Q	S	T	A	V	L	I	F	Y	W	H	M	C	P
0	0.09032	0.01220	0.05668	0.06754	0.01980	0.01127	0.08593	0.03936	0.01534	0.06124	0.02462	0.08875	0.02468	0.07339	0.01208	0.06825	0.00737	0.22861	0.00524	0.00733
1	0.34194	0.01447	0.01903	0.21122	0.17299	0.01633	0.04327	0.02147	0.05375	0.02588	0.01271	0.01606	0.00991	0.00684	0.00604	0.00225	0.00750	0.00549	0.00402	0.00882
2	0.01531	0.01356	0.02179	0.18446	0.34871	0.01445	0.01710	0.01996	0.07917	0.02093	0.01666	0.07771	0.01490	0.01053	0.00998	0.10639	0.00777	0.00760	0.00399	0.00902
3	0.01154	0.00641	0.00932	0.00983	0.01010	0.00633	0.00686	0.01001	0.01093	0.01451	0.02048	0.17041	0.02239	0.02369	0.02213	0.54932	0.00582	0.08172	0.00417	0.00401
4	0.08227	0.00790	0.00983	0.00992	0.01100	0.00806	0.00714	0.04141	0.01344	0.01946	0.09350	0.16071	0.02866	0.10922	0.01850	0.28052	0.00567	0.08244	0.00504	0.00530
5	0.01737	0.01293	0.01952	0.07842	0.28427	0.01297	0.01455	0.02256	0.08499	0.13440	0.13910	0.07011	0.05793	0.01001	0.00751	0.00226	0.00652	0.00898	0.00578	0.00981

[dist]
# distance from previous block
# <min> <max>
0	1

[block]
# block no. 1 follows, 29 sequences, length 6
# corresponding to MSA columns:
# 26-31
name=unknown_B
#
# <colnr> <probs for GDERKNQSTAVLIFYWHMCP>
#	G	D	E	R	K	N	Q	S	T	A	V	L	I	F	Y	W	H	M	C	P
0	0.12346	0.00932	0.01026	0.00947	0.01229	0.00902	0.00740	0.05255	0.01796	0.09115	0.22800	0.08848	0.25448	0.01438	0.00776	0.00237	0.00445	0.04294	0.00688	0.00738
1	0.32889	0.01225	0.01319	0.01081	0.01557	0.01215	0.00887	0.02679	0.01673	0.37400	0.02559	0.02390	0.08498	0.00891	0.00622	0.00222	0.00559	0.00669	0.00687	0.00977
2	0.01845	0.00910	0.01221	0.01072	0.01376	0.00816	0.00843	0.02138	0.01941	0.28971	0.34138	0.10810	0.04468	0.01337	0.00807	0.00235	0.00466	0.04933	0.00802	0.00870
3	0.01397	0.00869	0.01073	0.01004	0.01248	0.00818	0.00757	0.01828	0.08746	0.13930	0.28334	0.18312	0.15828	0.01519	0.00821	0.00241	0.00424	0.01322	0.00749	0.00779
4	0.05944	0.00821	0.01002	0.00923	0.01161	0.00758	0.00704	0.01587	0.01866	0.11427	0.42976	0.09251	0.15993	0.01440	0.00805	0.00230	0.00392	0.01242	0.00748	0.00730
5	0.36593	0.01171	0.01220	0.01034	0.01446	0.01202	0.00837	0.02362	0.01668	0.25056	0.17836	0.02545	0.02490	0.00919	0.00624	0.00221	0.00518	0.00705	0.00664	0.00890

[dist]
# distance from previous block
# <min> <max>
12	20

[block]
# block no. 2 follows, 29 sequences, length 165
# corresponding to MSA columns:
# 53-90,94-220
name=unknown_C
#
# <colnr> <probs for GDERKNQSTAVLIFYWHMCP>
#	G	D	E	R	K	N	Q	S	T	A	V	L	I	F	Y	W	H	M	C	P
0	0.02034	0.48570	0.11908	0.01447	0.02079	0.10839	0.01433	0.10469	0.01759	0.02108	0.01129	0.01276	0.00950	0.00663	0.00539	0.00173	0.00863	0.00441	0.00362	0.00958
1	0.01712	0.01643	0.02789	0.12090	0.57346	0.01687	0.04434	0.02223	0.04844	0.02298	0.01409	0.01826	0.01156	0.00658	0.00711	0.00217	0.00857	0.00650	0.00366	0.01083
2	0.01668	0.31382	0.42125	0.01698	0.02558	0.02128	0.02028	0.05068	0.01562	0.02127	0.01185	0.01372	0.00920	0.00658	0.00593	0.00197	0.00928	0.00475	0.00320	0.01006
3	0.07889	0.01360	0.04367	0.01276	0.01770	0.01239	0.01074	0.10104	0.06546	0.41666	0.04603	0.02560	0.03872	0.03899	0.04239	0.00284	0.00687	0.00739	0.00748	0.01078
4	0.05267	0.01101	0.01410	0.01184	0.01575	0.01025	0.00943	0.07844	0.01956	0.39189	0.10863	0.13168	0.02831	0.04105	0.00875	0.00254	0.00565	0.04081	0.00780	0.00984
5	0.00955	0.00701	0.00890	0.00995	0.01109	0.00657	0.00740	0.01144	0.01499	0.01953	0.09099	0.35219	0.16641	0.07901	0.01129	0.00317	0.00479	0.17327	0.00650	0.00596
6	0.01561	0.02338	0.26885	0.15787	0.27885	0.01670	0.09383	0.02154	0.01551	0.02205	0.01315	0.01713	0.01011	0.00659	0.00711	0.00224	0.00975	0.00618	0.00329	0.01023
7	0.01312	0.00812	0.01136	0.01200	0.05247	0.00785	0.00813	0.01508	0.03582	0.09037	0.23191	0.19704	0.03817	0.01980	0.05896	0.16951	0.00580	0.01170	0.00612	0.00667
8	0.01152	0.00769	0.00950	0.00988	0.01089	0.00752	0.00694	0.04115	0.01435	0.04656	0.05934	0.26704	0.06097	0.29006	0.01906	0.00434	0.00573	0.11562	0.00591	0.00594
9	0.09926	0.01530	0.02266	0.24283	0.24071	0.01690	0.03590	0.10017	0.04040	0.07048	0.01463	0.01806	0.01116	0.00735	0.00743	0.00226	0.03396	0.00626	0.00440	0.00987
10	0.04174	0.11074	0.39106	0.02012	0.02804	0.04577	0.14546	0.02170	0.01517	0.02159	0.01397	0.05693	0.01152	0.00768	0.00753	0.00225	0.03918	0.00651	0.00341	0.00963
11	0.01148	0.00669	0.00964	0.01035	0.01083	0.00661	0.00758	0.01075	0.01183	0.01564	0.02351	0.16662	0.02574	0.02304	0.01998	0.45416	0.00591	0.17063	0.00459	0.00444
12	0.02611	0.01957	0.02199	0.05115	0.02383	0.02166	0.03378	0.63004	0.03206	0.04294	0.01680	0.01725	0.01194	0.00840	0.00716	0.00216	0.00804	0.00647	0.00683	0.01183
13	0.01865	0.69617	0.09182	0.01284	0.01929	0.02724	0.01332	0.02142	0.01451	0.01722	0.01013	0.01171	0.00913	0.00615	0.00475	0.00158	0.00785	0.00392	0.00304	0.00925
14	0.03937	0.01346	0.02269	0.51547	0.17077	0.01566	0.04541	0.01874	0.01441	0.01950	0.01277	0.01863	0.00997	0.00776	0.00806	0.04023	0.00911	0.00633	0.00329	0.00838
15	0.00880	0.00628	0.00840	0.01005	0.01052	0.00589	0.00682	0.01012	0.01375	0.01831	0.03918	0.71625	0.04683	0.02219	0.00912	0.00291	0.00424	0.04790	0.00661	0.00582
16	0.80005	0.01377	0.01047	0.00936	0.01377	0.01597	0.00771	0.02093	0.01212	0.03195	0.00991	0.01157	0.00771	0.00661	0.00441	0.00220	0.00551	0.00386	0.00441	0.00771
17	0.01157	0.01093	0.01033	0.01043	0.03246	0.09771	0.00744	0.01374	0.01689	0.02057	0.18475	0.05270	0.38010	0.05335	0.06282	0.00318	0.00619	0.01222	0.00608	0.00654
18	0.01237	0.00618	0.00928	0.00928	0.00928	0.00618	0.00618	0.00928	0.00928	0.01237	0.01237	0.02165	0.01237	0.02474	0.02783	0.79283	0.00618	0.00618	0.00309	0.00309
19	0.03195	0.01212	0.01652	0.01267	0.01818	0.01047	0.01047	0.03470	0.02038	0.71026	0.02809	0.02424	0.01763	0.00881	0.00716	0.00220	0.00606	0.00716	0.00881	0.01212
20	0.00872	0.00731	0.00764	0.00780	0.01013	0.00623	0.00602	0.01067	0.01625	0.01944	0.06869	0.06971	0.63627	0.01820	0.00856	0.00249	0.00390	0.07929	0.00661	0.00607
21	0.01477	0.01266	0.01477	0.01055	0.01687	0.00949	0.00844	0.01793	0.01477	0.02320	0.01266	0.01477	0.01055	0.00527	0.00527	0.00105	0.00527	0.00422	0.00422	0.79328
22	0.01739	0.00964	0.01210	0.01111	0.01398	0.00920	0.00843	0.02233	0.12030	0.23418	0.13561	0.25998	0.08649	0.01476	0.00806	0.00247	0.00480	0.01287	0.00757	0.00872
23	0.01018	0.00760	0.01131	0.01131	0.01253	0.00883	0.00873	0.01263	0.01140	0.01643	0.01920	0.02867	0.01811	0.07954	0.69581	0.01127	0.01862	0.00773	0.00383	0.00628
24	0.00995	0.00727	0.00933	0.00882	0.01056	0.00666	0.00661	0.01318	0.01984	0.02781	0.65118	0.05442	0.11805	0.01484	0.00840	0.00225	0.00338	0.01305	0.00774	0.00666
25	0.33564	0.01428	0.01505	0.01207	0.01718	0.01488	0.00996	0.15356	0.01962	0.31337	0.01877	0.01784	0.01263	0.00789	0.00606	0.00219	0.00618	0.00571	0.00674	0.01037
26	0.00908	0.00695	0.00823	0.00850	0.01005	0.00620	0.00610	0.01115	0.01654	0.02165	0.25746	0.24287	0.30500	0.04556	0.00963	0.00265	0.00379	0.01557	0.00691	0.00611
27	0.01558	0.01558	0.02181	0.01869	0.01869	0.02181	0.01558	0.01714	0.01091	0.01714	0.00935	0.01558	0.00935	0.01246	0.02337	0.00312	0.73672	0.00623	0.00312	0.00779
28	0.01771	0.01530	0.01610	0.01449	0.01852	0.01771	0.01127	0.03784	0.69247	0.02979	0.02898	0.02657	0.02174	0.00966	0.00725	0.00242	0.00564	0.00805	0.00725	0.01127
29	0.00891	0.00675	0.00813	0.00878	0.01007	0.00607	0.00616	0.01068	0.01557	0.02028	0.17100	0.37280	0.26461	0.04429	0.00967	0.00275	0.00391	0.01685	0.00676	0.00598
30	0.02024	0.01655	0.01753	0.01500	0.01948	0.01889	0.01188	0.21208	0.51410	0.03387	0.02576	0.02400	0.01913	0.00936	0.00721	0.00234	0.00623	0.00761	0.00721	0.01150
31	0.00862	0.00640	0.00805	0.00938	0.01019	0.00583	0.00637	0.00998	0.01415	0.01839	0.04577	0.61095	0.17704	0.02146	0.00896	0.00280	0.00403	0.01921	0.00661	0.00583
32	0.03125	0.01324	0.01722	0.01320	0.01874	0.01214	0.01091	0.12775	0.02226	0.61456	0.02651	0.02321	0.01683	0.00878	0.00716	0.00219	0.00631	0.00705	0.00857	0.01212
33	0.00868	0.00620	0.00826	0.00991	0.01033	0.00578	0.00661	0.00991	0.01363	0.01818	0.03925	0.74510	0.04710	0.02231	0.00909	0.00289	0.00413	0.02024	0.00661	0.00578
34	0.01327	0.00664	0.00664	0.00664	0.00830	0.00664	0.00498	0.01659	0.01493	0.02655	0.02323	0.02655	0.01825	0.00830	0.00498	0.00166	0.00332	0.00664	0.78928	0.00664
35	0.00868	0.00620	0.00826	0.00991	0.01033	0.00578	0.00661	0.00991	0.01363	0.01818	0.03925	0.74510	0.04710	0.02231	0.00909	0.00289	0.00413	0.02024	0.00661	0.00578
36	0.01477	0.01266	0.01477	0.01055	0.01687	0.00949	0.00844	0.01793	0.01477	0.02320	0.01266	0.01477	0.01055	0.00527	0.00527	0.00105	0.00527	0.00422	0.00422	0.79328
37	0.01552	0.01214	0.01568	0.01387	0.01613	0.01440	0.01116	0.19245	0.01726	0.02421	0.01706	0.02317	0.01499	0.03516	0.42391	0.00768	0.12540	0.00709	0.00459	0.00812
38	0.03178	0.01239	0.01669	0.01280	0.01831	0.01086	0.01057	0.05676	0.02083	0.68757	0.02772	0.02399	0.01744	0.00880	0.00716	0.00220	0.00612	0.00714	0.00876	0.01212
39	0.00976	0.00727	0.00908	0.00863	0.01044	0.00658	0.00647	0.01282	0.01941	0.02677	0.58136	0.05612	0.18852	0.01522	0.00840	0.00227	0.00341	0.01329	0.00760	0.00658
40	0.01036	0.00690	0.00777	0.00777	0.00777	0.00690	0.00431	0.01036	0.01036	0.01381	0.02244	0.04660	0.02589	0.74975	0.03624	0.00690	0.00690	0.01036	0.00431	0.00431
41	0.01011	0.00680	0.00784	0.00808	0.00814	0.00674	0.00465	0.01029	0.01084	0.01445	0.02491	0.14941	0.02901	0.64268	0.03225	0.00631	0.00650	0.01181	0.00465	0.00453
42	0.01428	0.03683	0.71286	0.02030	0.03082	0.01654	0.02631	0.02255	0.01503	0.02255	0.01278	0.01503	0.00902	0.00677	0.00677	0.00226	0.01052	0.00526	0.00301	0.01052
43	0.02966	0.01263	0.01646	0.01296	0.01823	0.01163	0.01060	0.03521	0.12842	0.60088	0.02824	0.02461	0.01829	0.00895	0.00717	0.00224	0.00599	0.00730	0.00856	0.01198
44	0.53235	0.01330	0.01256	0.01058	0.01532	0.01430	0.00870	0.02583	0.03791	0.24472	0.01627	0.01605	0.01130	0.00741	0.00537	0.00221	0.00569	0.00504	0.00589	0.00922
45	0.06296	0.01218	0.01628	0.01254	0.01800	0.01069	0.01035	0.03415	0.02005	0.68287	0.02736	0.02372	0.01723	0.00872	0.00705	0.00220	0.00604	0.00703	0.00864	0.01194
46	0.02605	0.01854	0.02026	0.01545	0.02120	0.01979	0.01273	0.55829	0.03039	0.09244	0.01742	0.01737	0.01235	0.00820	0.00692	0.00202	0.00741	0.00622	0.00692	0.10001
47	0.00919	0.00675	0.00874	0.01014	0.01110	0.00630	0.00739	0.01092	0.01457	0.01896	0.04393	0.51082	0.14532	0.02114	0.00913	0.00289	0.00453	0.14561	0.00660	0.00597
48	0.00867	0.00623	0.00823	0.00983	0.01030	0.00579	0.00657	0.00992	0.01372	0.01821	0.04032	0.72312	0.06839	0.02217	0.00907	0.00288	0.00411	0.02007	0.00661	0.00579
49	0.01036	0.00690	0.00777	0.00777	0.00777	0.00690	0.00431	0.01036	0.01036	0.01381	0.02244	0.04660	0.02589	0.74975	0.03624	0.00690	0.00690	0.01036	0.00431	0.00431
50	0.80005	0.01377	0.01047	0.00936	0.01377	0.01597	0.00771	0.02093	0.01212	0.03195	0.00991	0.01157	0.00771	0.00661	0.00441	0.00220	0.00551	0.00386	0.00441	0.00771
51	0.01036	0.00690	0.00777	0.00777	0.00777	0.00690	0.00431	0.01036	0.01036	0.01381	0.02244	0.04660	0.02589	0.74975	0.03624	0.00690	0.00690	0.01036	0.00431	0.00431
52	0.01030	0.00714	0.00863	0.00915	0.00964	0.00703	0.00588	0.03438	0.01304	0.01744	0.05351	0.32898	0.03590	0.38027	0.02241	0.00483	0.00568	0.03490	0.00554	0.00534
53	0.01538	0.01264	0.01483	0.01062	0.01692	0.00953	0.00851	0.01853	0.01497	0.04772	0.01321	0.01510	0.01080	0.00540	0.00534	0.00110	0.00530	0.00432	0.00438	0.76540
54	0.03116	0.01338	0.01730	0.01327	0.01881	0.01233	0.01096	0.13869	0.02249	0.60330	0.02632	0.02309	0.01674	0.00877	0.00715	0.00219	0.00634	0.00704	0.00854	0.01212
55	0.00968	0.00697	0.00916	0.00923	0.01055	0.00645	0.00669	0.01244	0.01830	0.02561	0.51357	0.24959	0.06148	0.01676	0.00859	0.00242	0.00358	0.01497	0.00749	0.00645
56	0.00870	0.00632	0.00822	0.00966	0.01028	0.00583	0.00652	0.01006	0.01406	0.01861	0.06405	0.66649	0.10154	0.02170	0.00901	0.00283	0.00406	0.01957	0.00665	0.00583
57	0.01327	0.00664	0.00664	0.00664	0.00830	0.00664	0.00498	0.01659	0.01493	0.02655	0.02323	0.02655	0.01825	0.00830	0.00498	0.00166	0.00332	0.00664	0.78928	0.00664
58	0.01008	0.00728	0.00952	0.00896	0.01064	0.00672	0.00672	0.01344	0.02016	0.02855	0.70158	0.05319	0.06719	0.01456	0.00840	0.00224	0.00336	0.01288	0.00784	0.00672
59	0.01036	0.00690	0.00777	0.00777	0.00777	0.00690	0.00431	0.01036	0.01036	0.01381	0.02244	0.04660	0.02589	0.74975	0.03624	0.00690	0.00690	0.01036	0.00431	0.00431
60	0.02599	0.01792	0.01960	0.01519	0.02041	0.01947	0.01243	0.55429	0.03040	0.10656	0.03904	0.02025	0.01499	0.03655	0.00819	0.00231	0.00736	0.00683	0.03072	0.01149
61	0.03195	0.01212	0.01652	0.01267	0.01818	0.01047	0.01047	0.03470	0.02038	0.71026	0.02809	0.02424	0.01763	0.00881	0.00716	0.00220	0.00606	0.00716	0.00881	0.01212
62	0.01762	0.01692	0.02890	0.04371	0.70533	0.01692	0.02185	0.02185	0.01621	0.02326	0.01339	0.01762	0.01128	0.00634	0.00705	0.00211	0.00846	0.00634	0.00352	0.01128
63	0.00902	0.00704	0.00819	0.00831	0.01010	0.00621	0.00608	0.01124	0.01706	0.02217	0.27777	0.19139	0.36462	0.01767	0.00854	0.00244	0.00362	0.01529	0.00702	0.00621
64	0.00894	0.00637	0.00849	0.01008	0.01057	0.00600	0.00690	0.01029	0.01373	0.01826	0.03856	0.67112	0.04591	0.04692	0.01007	0.00306	0.00441	0.06798	0.00653	0.00579
65	0.46331	0.01305	0.01312	0.01081	0.01570	0.01356	0.00892	0.02697	0.01574	0.32933	0.01788	0.01712	0.01206	0.00758	0.00561	0.00220	0.00575	0.00530	0.00634	0.00964
66	0.03195	0.01212	0.01652	0.01267	0.01818	0.01047	0.01047	0.03470	0.02038	0.71026	0.02809	0.02424	0.01763	0.00881	0.00716	0.00220	0.00606	0.00716	0.00881	0.01212
67	0.02707	0.01995	0.02137	0.01638	0.02208	0.02208	0.01353	0.68159	0.03348	0.04488	0.01710	0.01710	0.01211	0.00855	0.00712	0.00214	0.00784	0.00641	0.00712	0.01211
68	0.00901	0.00634	0.00816	0.00948	0.00981	0.00601	0.00615	0.01000	0.01298	0.01730	0.03588	0.60518	0.04285	0.16803	0.01453	0.00370	0.00469	0.01826	0.00615	0.00549
69	0.02707	0.01995	0.02137	0.01638	0.02208	0.02208	0.01353	0.68159	0.03348	0.04488	0.01710	0.01710	0.01211	0.00855	0.00712	0.00214	0.00784	0.00641	0.00712	0.01211
70	0.01036	0.00690	0.00777	0.00777	0.00777	0.00690	0.00431	0.01036	0.01036	0.01381	0.02244	0.04660	0.02589	0.74975	0.03624	0.00690	0.00690	0.01036	0.00431	0.00431
71	0.04107	0.00946	0.01188	0.01076	0.01214	0.01000	0.00775	0.15617	0.01469	0.02016	0.01380	0.02152	0.01281	0.05540	0.02296	0.55719	0.00656	0.00636	0.00407	0.00527
72	0.00850	0.00717	0.00736	0.00741	0.00969	0.00603	0.00552	0.01034	0.01627	0.01956	0.09611	0.10036	0.64522	0.01810	0.00845	0.00242	0.00362	0.01519	0.00666	0.00603
73	0.80005	0.01377	0.01047	0.00936	0.01377	0.01597	0.00771	0.02093	0.01212	0.03195	0.00991	0.01157	0.00771	0.00661	0.00441	0.00220	0.00551	0.00386	0.00441	0.00771
74	0.01345	0.01266	0.02136	0.73264	0.04904	0.01582	0.01978	0.01819	0.01424	0.01819	0.01266	0.01898	0.00949	0.00712	0.00712	0.00237	0.00949	0.00633	0.00316	0.00791
75	0.00912	0.00643	0.00809	0.00923	0.00961	0.00609	0.00594	0.01005	0.01285	0.01704	0.03604	0.52972	0.06768	0.21817	0.01638	0.00395	0.00486	0.01737	0.00599	0.00540
76	0.00962	0.00718	0.00894	0.00866	0.01040	0.00650	0.00643	0.01249	0.01884	0.02581	0.51918	0.10779	0.20016	0.01587	0.00845	0.00232	0.00347	0.01388	0.00749	0.00650
77	0.01028	0.00687	0.00779	0.00786	0.00788	0.00685	0.00441	0.01034	0.01050	0.01400	0.02317	0.07691	0.02681	0.71818	0.03506	0.00673	0.00678	0.01078	0.00441	0.00438
78	0.01477	0.01387	0.02295	0.46126	0.23313	0.01608	0.01962	0.01974	0.03791	0.02013	0.01432	0.02119	0.01167	0.00765	0.00770	0.00236	0.03086	0.03232	0.00354	0.00893
79	0.02484	0.02002	0.02028	0.06806	0.02314	0.10033	0.01351	0.50726	0.02899	0.03799	0.01639	0.01754	0.01204	0.01008	0.03542	0.00247	0.00881	0.00625	0.03565	0.01093
80	0.02707	0.01995	0.02137	0.01638	0.02208	0.02208	0.01353	0.68159	0.03348	0.04488	0.01710	0.01710	0.01211	0.00855	0.00712	0.00214	0.00784	0.00641	0.00712	0.01211
81	0.08054	0.01966	0.01952	0.01567	0.02082	0.07202	0.01271	0.46643	0.15393	0.03913	0.01835	0.01816	0.01338	0.00853	0.00690	0.00217	0.00763	0.00640	0.00670	0.01136
82	0.02474	0.01841	0.02089	0.08084	0.04677	0.02046	0.01402	0.50878	0.09964	0.06516	0.01823	0.01854	0.01306	0.00847	0.00713	0.00219	0.00771	0.00660	0.00673	0.01162
83	0.03195	0.01212	0.01652	0.01267	0.01818	0.01047	0.01047	0.03470	0.02038	0.71026	0.02809	0.02424	0.01763	0.00881	0.00716	0.00220	0.00606	0.00716	0.00881	0.01212
84	0.01215	0.00933	0.01164	0.01216	0.01435	0.00958	0.01012	0.01852	0.14685	0.02376	0.13506	0.06485	0.11043	0.01684	0.00898	0.00287	0.00561	0.37259	0.00688	0.00743
85	0.15623	0.15637	0.30715	0.01752	0.05647	0.04281	0.04411	0.02358	0.01532	0.09938	0.01349	0.01501	0.00995	0.00681	0.00607	0.00209	0.00867	0.00512	0.00398	0.00988
86	0.01223	0.00618	0.00924	0.00930	0.00932	0.00617	0.00620	0.00930	0.00944	0.01259	0.01338	0.04878	0.01367	0.02465	0.02713	0.76320	0.00611	0.00671	0.00322	0.00319
87	0.02430	0.01043	0.01408	0.01137	0.01554	0.00916	0.00916	0.02727	0.02030	0.47198	0.26351	0.03436	0.03495	0.01082	0.00759	0.00222	0.00512	0.00916	0.00847	0.01023
88	0.01609	0.01722	0.03356	0.08475	0.10741	0.01806	0.39341	0.02071	0.01521	0.02116	0.01399	0.04391	0.01173	0.00804	0.01125	0.00253	0.16028	0.00798	0.00356	0.00915
89	0.18197	0.01798	0.01942	0.31717	0.08183	0.14771	0.01558	0.09605	0.01722	0.02432	0.01233	0.01598	0.00949	0.00716	0.00642	0.00219	0.00902	0.00550	0.00399	0.00866
90	0.02660	0.03394	0.02018	0.01834	0.02201	0.72116	0.01376	0.02843	0.02018	0.01743	0.01101	0.01284	0.00917	0.00734	0.00642	0.00183	0.01284	0.00459	0.00367	0.00825
91	0.01746	0.01719	0.02837	0.11852	0.57485	0.04327	0.05286	0.02174	0.01617	0.02246	0.01327	0.01767	0.01098	0.00645	0.00710	0.00215	0.00891	0.00638	0.00349	0.01071
92	0.01033	0.00793	0.01171	0.01159	0.01285	0.00932	0.00905	0.01281	0.01159	0.01665	0.02050	0.02886	0.04081	0.05057	0.66940	0.01080	0.04713	0.00783	0.00388	0.00640
93	0.01036	0.00690	0.00777	0.00777	0.00777	0.00690	0.00431	0.01036	0.01036	0.01381	0.02244	0.04660	0.02589	0.74975	0.03624	0.00690	0.00690	0.01036	0.00431	0.00431
94	0.01889	0.01907	0.02174	0.02027	0.07429	0.15764	0.01542	0.02079	0.01372	0.05950	0.01113	0.01573	0.00997	0.01075	0.01777	0.00273	0.49262	0.00597	0.00360	0.00842
95	0.00944	0.00713	0.00882	0.00940	0.01095	0.00651	0.00711	0.01175	0.01657	0.02171	0.21943	0.24798	0.24943	0.01857	0.00884	0.00264	0.00419	0.12639	0.00692	0.00623
96	0.00865	0.00628	0.00818	0.00970	0.01027	0.00580	0.00651	0.00994	0.01384	0.01826	0.04190	0.69052	0.09997	0.02196	0.00903	0.00285	0.00409	0.01982	0.00661	0.00580
97	0.02522	0.01866	0.02011	0.01579	0.02100	0.02060	0.01289	0.60174	0.05865	0.04213	0.01935	0.07569	0.01530	0.00969	0.00729	0.00221	0.00745	0.00758	0.00709	0.01157
98	0.01526	0.01486	0.02341	0.47356	0.19490	0.04426	0.03804	0.02032	0.04221	0.01988	0.01335	0.01862	0.01041	0.00721	0.00769	0.00232	0.03499	0.00639	0.00344	0.00887
99	0.80005	0.01377	0.01047	0.00936	0.01377	0.01597	0.00771	0.02093	0.01212	0.03195	0.00991	0.01157	0.00771	0.00661	0.00441	0.00220	0.00551	0.00386	0.00441	0.00771
100	0.01008	0.00728	0.00952	0.00896	0.01064	0.00672	0.00672	0.01344	0.02016	0.02855	0.70158	0.05319	0.06719	0.01456	0.00840	0.00224	0.00336	0.01288	0.00784	0.00672
101	0.01498	0.03586	0.68538	0.01999	0.03032	0.01630	0.02568	0.02303	0.01524	0.04969	0.01338	0.01540	0.00936	0.00685	0.00678	0.00225	0.01035	0.00534	0.00324	0.01059
102	0.01395	0.01328	0.02327	0.60523	0.07090	0.01575	0.08907	0.01876	0.01461	0.01919	0.01327	0.01924	0.01003	0.00702	0.00717	0.00234	0.00949	0.00656	0.03271	0.00817
103	0.01904	0.75404	0.03731	0.01218	0.01828	0.02818	0.01218	0.02132	0.01447	0.01675	0.00990	0.01142	0.00914	0.00609	0.00457	0.00152	0.00761	0.00381	0.00305	0.00914
104	0.80005	0.01377	0.01047	0.00936	0.01377	0.01597	0.00771	0.02093	0.01212	0.03195	0.00991	0.01157	0.00771	0.00661	0.00441	0.00220	0.00551	0.00386	0.00441	0.00771
105	0.01237	0.00618	0.00928	0.00928	0.00928	0.00618	0.00618	0.00928	0.00928	0.01237	0.01237	0.02165	0.01237	0.02474	0.02783	0.79283	0.00618	0.00618	0.00309	0.00309
106	0.01668	0.01596	0.02720	0.19908	0.55732	0.01667	0.02138	0.02103	0.01577	0.02212	0.01323	0.01793	0.01088	0.00652	0.00707	0.00217	0.00869	0.00634	0.00344	0.01052
107	0.01036	0.00690	0.00777	0.00777	0.00777	0.00690	0.00431	0.01036	0.01036	0.01381	0.02244	0.04660	0.02589	0.74975	0.03624	0.00690	0.00690	0.01036	0.00431	0.00431
108	0.01008	0.00728	0.00952	0.00896	0.01064	0.00672	0.00672	0.01344	0.02016	0.02855	0.70158	0.05319	0.06719	0.01456	0.00840	0.00224	0.00336	0.01288	0.00784	0.00672
109	0.00873	0.00624	0.00831	0.00988	0.01034	0.00582	0.00661	0.01005	0.01388	0.01857	0.06411	0.71913	0.04785	0.02202	0.00906	0.00287	0.00410	0.01997	0.00666	0.00582
110	0.00868	0.00620	0.00826	0.00991	0.01033	0.00578	0.00661	0.00991	0.01363	0.01818	0.03925	0.74510	0.04710	0.02231	0.00909	0.00289	0.00413	0.02024	0.00661	0.00578
111	0.03195	0.01212	0.01652	0.01267	0.01818	0.01047	0.01047	0.03470	0.02038	0.71026	0.02809	0.02424	0.01763	0.00881	0.00716	0.00220	0.00606	0.00716	0.00881	0.01212
112	0.01345	0.01266	0.02136	0.73264	0.04904	0.01582	0.01978	0.01819	0.01424	0.01819	0.01266	0.01898	0.00949	0.00712	0.00712	0.00237	0.00949	0.00633	0.00316	0.00791
113	0.01036	0.00690	0.00777	0.00777	0.00777	0.00690	0.00431	0.01036	0.01036	0.01381	0.02244	0.04660	0.02589	0.74975	0.03624	0.00690	0.00690	0.01036	0.00431	0.00431
114	0.02707	0.01995	0.02137	0.01638	0.02208	0.02208	0.01353	0.68159	0.03348	0.04488	0.01710	0.01710	0.01211	0.00855	0.00712	0.00214	0.00784	0.00641	0.00712	0.01211
115	0.01477	0.01266	0.01477	0.01055	0.01687	0.00949	0.00844	0.01793	0.01477	0.02320	0.01266	0.01477	0.01055	0.00527	0.00527	0.00105	0.00527	0.00422	0.00422	0.79328
116	0.00932	0.00739	0.00847	0.00861	0.01071	0.00654	0.00672	0.01175	0.01721	0.02185	0.22007	0.06672	0.43909	0.01745	0.00864	0.00251	0.00403	0.11974	0.00690	0.00627
117	0.01477	0.01266	0.01477	0.01055	0.01687	0.00949	0.00844	0.01793	0.01477	0.02320	0.01266	0.01477	0.01055	0.00527	0.00527	0.00105	0.00527	0.00422	0.00422	0.79328
118	0.02707	0.01995	0.02137	0.01638	0.02208	0.02208	0.01353	0.68159	0.03348	0.04488	0.01710	0.01710	0.01211	0.00855	0.00712	0.00214	0.00784	0.00641	0.00712	0.01211
119	0.01017	0.00763	0.01144	0.01144	0.01272	0.00890	0.00890	0.01272	0.01144	0.01653	0.01907	0.02797	0.01780	0.05340	0.72153	0.01144	0.01907	0.00763	0.00381	0.00636
120	0.00971	0.00726	0.00900	0.00857	0.01041	0.00656	0.00643	0.01272	0.01928	0.02647	0.56055	0.05663	0.20952	0.01534	0.00840	0.00228	0.00341	0.01336	0.00756	0.00656
121	0.00842	0.00721	0.00721	0.00721	0.00962	0.00601	0.00541	0.01022	0.01623	0.01924	0.07213	0.06853	0.70244	0.01803	0.00842	0.00240	0.00361	0.01503	0.00661	0.00601
122	0.02660	0.03394	0.02018	0.01834	0.02201	0.72116	0.01376	0.02843	0.02018	0.01743	0.01101	0.01284	0.00917	0.00734	0.00642	0.00183	0.01284	0.00459	0.00367	0.00825
123	0.01017	0.00763	0.01144	0.01144	0.01272	0.00890	0.00890	0.01272	0.01144	0.01653	0.01907	0.02797	0.01780	0.05340	0.72153	0.01144	0.01907	0.00763	0.00381	0.00636
124	0.06300	0.01270	0.01619	0.01282	0.01804	0.01187	0.01048	0.03461	0.12806	0.57144	0.02745	0.02406	0.01786	0.00885	0.00705	0.00224	0.00597	0.00716	0.00837	0.01179
125	0.00868	0.00620	0.00826	0.00991	0.01033	0.00578	0.00661	0.00991	0.01363	0.01818	0.03925	0.74510	0.04710	0.02231	0.00909	0.00289	0.00413	0.02024	0.00661	0.00578
126	0.03171	0.01249	0.01676	0.01285	0.01836	0.01102	0.01061	0.06573	0.02101	0.67835	0.02756	0.02389	0.01736	0.00880	0.00716	0.00220	0.00614	0.00712	0.00873	0.01212
127	0.03195	0.01212	0.01652	0.01267	0.01818	0.01047	0.01047	0.03470	0.02038	0.71026	0.02809	0.02424	0.01763	0.00881	0.00716	0.00220	0.00606	0.00716	0.00881	0.01212
128	0.01771	0.01530	0.01610	0.01449	0.01852	0.01771	0.01127	0.03784	0.69247	0.02979	0.02898	0.02657	0.02174	0.00966	0.00725	0.00242	0.00564	0.00805	0.00725	0.01127
129	0.01922	0.05687	0.20333	0.04910	0.24592	0.21922	0.06176	0.02385	0.01695	0.02096	0.01245	0.01548	0.00992	0.00673	0.00678	0.00207	0.01047	0.00559	0.00341	0.00992
130	0.00994	0.00727	0.00932	0.00881	0.01055	0.00666	0.00661	0.01316	0.01982	0.02776	0.64778	0.05450	0.12148	0.01485	0.00840	0.00225	0.00338	0.01306	0.00773	0.00666
131	0.26910	0.01405	0.04067	0.44684	0.03653	0.01598	0.04254	0.01941	0.01368	0.02298	0.01184	0.01646	0.00895	0.00690	0.00628	0.00232	0.00833	0.00557	0.00358	0.00800
132	0.01036	0.00690	0.00777	0.00777	0.00777	0.00690	0.00431	0.01036	0.01036	0.01381	0.02244	0.04660	0.02589	0.74975	0.03624	0.00690	0.00690	0.01036	0.00431	0.00431
133	0.00960	0.00685	0.00837	0.00866	0.00953	0.00644	0.00578	0.01113	0.01479	0.01997	0.23378	0.24643	0.11462	0.25168	0.01748	0.00393	0.00473	0.01436	0.00624	0.00562
134	0.01321	0.00818	0.01156	0.03956	0.01401	0.00764	0.02804	0.01581	0.01736	0.12787	0.29797	0.31032	0.04796	0.01608	0.00842	0.00249	0.00457	0.01442	0.00720	0.00732
135	0.01904	0.75404	0.03731	0.01218	0.01828	0.02818	0.01218	0.02132	0.01447	0.01675	0.00990	0.01142	0.00914	0.00609	0.00457	0.00152	0.00761	0.00381	0.00305	0.00914
136	0.01036	0.00690	0.00777	0.00777	0.00777	0.00690	0.00431	0.01036	0.01036	0.01381	0.02244	0.04660	0.02589	0.74975	0.03624	0.00690	0.00690	0.01036	0.00431	0.00431
137	0.00867	0.00624	0.00822	0.00981	0.01030	0.00579	0.00656	0.00993	0.01374	0.01822	0.04057	0.71784	0.07351	0.02214	0.00906	0.00287	0.00411	0.02003	0.00661	0.00579
138	0.00987	0.00654	0.00852	0.00970	0.01025	0.00614	0.00641	0.01098	0.01340	0.04529	0.03624	0.60975	0.04268	0.13260	0.01315	0.00348	0.00463	0.01821	0.00635	0.00581
139	0.01477	0.01266	0.01477	0.01055	0.01687	0.00949	0.00844	0.01793	0.01477	0.02320	0.01266	0.01477	0.01055	0.00527	0.00527	0.00105	0.00527	0.00422	0.00422	0.79328
140	0.01801	0.01544	0.01627	0.01455	0.01863	0.01785	0.01134	0.05807	0.67175	0.03026	0.02861	0.02627	0.02143	0.00963	0.00724	0.00241	0.00570	0.00800	0.00724	0.01130
141	0.01395	0.00858	0.01075	0.00968	0.01226	0.00786	0.00753	0.04322	0.01985	0.13450	0.42379	0.05112	0.17488	0.01426	0.00821	0.00230	0.00414	0.03779	0.00768	0.00765
142	0.00864	0.00718	0.00755	0.00755	0.00978	0.00609	0.00563	0.01062	0.01663	0.02039	0.15140	0.09372	0.59481	0.01776	0.00844	0.00240	0.00360	0.01496	0.00677	0.00609
143	0.80005	0.01377	0.01047	0.00936	0.01377	0.01597	0.00771	0.02093	0.01212	0.03195	0.00991	0.01157	0.00771	0.00661	0.00441	0.00220	0.00551	0.00386	0.00441	0.00771
144	0.01327	0.00664	0.00664	0.00664	0.00830	0.00664	0.00498	0.01659	0.01493	0.02655	0.02323	0.02655	0.01825	0.00830	0.00498	0.00166	0.00332	0.00664	0.78928	0.00664
145	0.00919	0.00663	0.00876	0.00992	0.01077	0.00620	0.00704	0.01105	0.01524	0.02048	0.16544	0.52248	0.07875	0.02041	0.00900	0.00278	0.00419	0.07879	0.00684	0.00604
146	0.01477	0.01266	0.01477	0.01055	0.01687	0.00949	0.00844	0.01793	0.01477	0.02320	0.01266	0.01477	0.01055	0.00527	0.00527	0.00105	0.00527	0.00422	0.00422	0.79328
147	0.01147	0.00820	0.01147	0.01311	0.01475	0.00820	0.01147	0.01475	0.01639	0.02131	0.03770	0.08032	0.04098	0.01967	0.00984	0.00328	0.00656	0.65741	0.00656	0.00656
148	0.00842	0.00721	0.00721	0.00721	0.00962	0.00601	0.00541	0.01022	0.01623	0.01924	0.07213	0.06853	0.70244	0.01803	0.00842	0.00240	0.00361	0.01503	0.00661	0.00601
149	0.00867	0.00624	0.00822	0.00981	0.01030	0.00579	0.00656	0.00993	0.01374	0.01822	0.04056	0.71816	0.07320	0.02214	0.00906	0.00287	0.00411	0.02004	0.00661	0.00579
150	0.01681	0.01921	0.04202	0.03001	0.03721	0.01801	0.67947	0.02281	0.01681	0.02281	0.01441	0.01921	0.01080	0.00600	0.00840	0.00240	0.01200	0.00840	0.00360	0.00960
151	0.02660	0.03394	0.02018	0.01834	0.02201	0.72116	0.01376	0.02843	0.02018	0.01743	0.01101	0.01284	0.00917	0.00734	0.00642	0.00183	0.01284	0.00459	0.00367	0.00825
152	0.01988	0.01481	0.01617	0.01421	0.01846	0.01661	0.01115	0.03736	0.59007	0.13346	0.02885	0.02621	0.02111	0.00953	0.00723	0.00238	0.00570	0.00791	0.00748	0.01140
153	0.02707	0.01995	0.02137	0.01638	0.02208	0.02208	0.01353	0.68159	0.03348	0.04488	0.01710	0.01710	0.01211	0.00855	0.00712	0.00214	0.00784	0.00641	0.00712	0.01211
154	0.00868	0.00719	0.00760	0.00757	0.00980	0.00611	0.00565	0.01070	0.01674	0.02062	0.16696	0.08817	0.58437	0.01764	0.00843	0.00240	0.00359	0.01487	0.00680	0.00611
155	0.80005	0.01377	0.01047	0.00936	0.01377	0.01597	0.00771	0.02093	0.01212	0.03195	0.00991	0.01157	0.00771	0.00661	0.00441	0.00220	0.00551	0.00386	0.00441	0.00771
156	0.02707	0.01995	0.02137	0.01638	0.02208	0.02208	0.01353	0.68159	0.03348	0.04488	0.01710	0.01710	0.01211	0.00855	0.00712	0.00214	0.00784	0.00641	0.00712	0.01211
157	0.00868	0.00620	0.00826	0.00991	0.01033	0.00578	0.00661	0.00991	0.01363	0.01818	0.03925	0.74510	0.04710	0.02231	0.00909	0.00289	0.00413	0.02024	0.00661	0.00578
158	0.03195	0.01212	0.01652	0.01267	0.01818	0.01047	0.01047	0.03470	0.02038	0.71026	0.02809	0.02424	0.01763	0.00881	0.00716	0.00220	0.00606	0.00716	0.00881	0.01212
159	0.72943	0.01433	0.01146	0.01001	0.01453	0.01653	0.00824	0.08129	0.01407	0.03313	0.01057	0.01207	0.00811	0.00679	0.00465	0.00220	0.00572	0.00409	0.00465	0.00811
160	0.02883	0.01152	0.01576	0.01274	0.01766	0.01012	0.01062	0.03166	0.01977	0.60530	0.02956	0.03278	0.02118	0.01047	0.00757	0.00237	0.00613	0.10623	0.00847	0.01127
161	0.03195	0.01212	0.01652	0.01267	0.01818	0.01047	0.01047	0.03470	0.02038	0.71026	0.02809	0.02424	0.01763	0.00881	0.00716	0.00220	0.00606	0.00716	0.00881	0.01212
162	0.01013	0.00731	0.00959	0.00911	0.01078	0.00677	0.00689	0.01348	0.02002	0.02830	0.67788	0.05416	0.06625	0.01474	0.00845	0.00228	0.00347	0.03588	0.00779	0.00671
163	0.05411	0.01366	0.01727	0.01328	0.01879	0.01285	0.01097	0.15771	0.02263	0.56292	0.02545	0.02249	0.01628	0.00870	0.00707	0.00219	0.00638	0.00692	0.00836	0.01198
164	0.02497	0.01890	0.02019	0.01596	0.02128	0.02110	0.01303	0.53756	0.18092	0.04150	0.01976	0.01921	0.01426	0.00880	0.00715	0.00220	0.00734	0.00678	0.00715	0.01192

[dist]
# distance from previous block
# <min> <max>
1	5

[block]
# block no. 3 follows, 29 sequences, length 41
# corresponding to MSA columns:
# 226-266
name=unknown_D
#
# <colnr> <probs for GDERKNQSTAVLIFYWHMCP>
#	G	D	E	R	K	N	Q	S	T	A	V	L	I	F	Y	W	H	M	C	P
0	0.02522	0.01869	0.02189	0.02028	0.12787	0.02029	0.01449	0.49557	0.07657	0.07948	0.01800	0.01827	0.01298	0.00830	0.00712	0.00216	0.00767	0.00656	0.00667	0.01192
1	0.01813	0.05081	0.08026	0.02572	0.13837	0.13779	0.25402	0.02231	0.01620	0.02098	0.01273	0.01662	0.01030	0.00731	0.00909	0.02171	0.07357	0.00641	0.00353	0.07415
2	0.01781	0.01625	0.02680	0.03931	0.61019	0.01628	0.02013	0.02283	0.05629	0.05009	0.01725	0.02046	0.03995	0.00711	0.00712	0.00215	0.00800	0.00683	0.00407	0.01110
3	0.02579	0.01926	0.02066	0.01599	0.02157	0.02120	0.01314	0.60108	0.08718	0.04274	0.01790	0.01778	0.01284	0.00851	0.00706	0.00212	0.00755	0.00646	0.00701	0.04417
4	0.01763	0.01895	0.03265	0.10871	0.16369	0.08697	0.35487	0.04772	0.01755	0.02297	0.04676	0.01979	0.01334	0.00684	0.00775	0.00227	0.01055	0.00753	0.00388	0.00956
5	0.00938	0.00709	0.00852	0.00848	0.01011	0.00638	0.00616	0.01177	0.01747	0.02337	0.37461	0.15310	0.26128	0.05807	0.01007	0.00264	0.00374	0.01443	0.00709	0.00623
6	0.01320	0.00718	0.01041	0.03876	0.01156	0.00742	0.00712	0.04556	0.01077	0.01434	0.01263	0.02129	0.01224	0.02316	0.02589	0.71877	0.00641	0.00620	0.00331	0.00377
7	0.14729	0.01898	0.01967	0.01529	0.02079	0.02113	0.01263	0.57884	0.03016	0.04287	0.01598	0.01624	0.01143	0.00825	0.00670	0.00215	0.00747	0.00601	0.00670	0.01143
8	0.01018	0.00759	0.01123	0.01123	0.01243	0.00878	0.00863	0.01258	0.01138	0.01637	0.01927	0.02907	0.01828	0.09425	0.68134	0.01118	0.01836	0.00779	0.00384	0.00624
9	0.00915	0.00691	0.00819	0.00850	0.00989	0.00624	0.00598	0.01103	0.01594	0.02089	0.22923	0.25002	0.27302	0.09830	0.01164	0.00299	0.00405	0.01538	0.00669	0.00596
10	0.01022	0.00685	0.00781	0.00794	0.00797	0.00681	0.00450	0.01032	0.01062	0.01416	0.02378	0.10259	0.02759	0.69144	0.03407	0.00658	0.00668	0.01115	0.00450	0.00443
11	0.01477	0.01266	0.01477	0.01055	0.01687	0.00949	0.00844	0.01793	0.01477	0.02320	0.01266	0.01477	0.01055	0.00527	0.00527	0.00105	0.00527	0.00422	0.00422	0.79328
12	0.01153	0.00767	0.00976	0.01002	0.01168	0.00715	0.00745	0.03470	0.01701	0.07172	0.20695	0.33817	0.13941	0.01811	0.00870	0.00263	0.00436	0.07912	0.00709	0.00678
13	0.00886	0.00646	0.00835	0.00950	0.01030	0.00595	0.00651	0.01048	0.01489	0.01987	0.14401	0.57164	0.11551	0.02069	0.00892	0.00274	0.00396	0.01859	0.00680	0.00595
14	0.80005	0.01377	0.01047	0.00936	0.01377	0.01597	0.00771	0.02093	0.01212	0.03195	0.00991	0.01157	0.00771	0.00661	0.00441	0.00220	0.00551	0.00386	0.00441	0.00771
15	0.00863	0.00722	0.00751	0.00744	0.00975	0.00610	0.00558	0.01064	0.01674	0.02045	0.15437	0.06652	0.61945	0.01758	0.00841	0.00238	0.00357	0.01475	0.00677	0.00610
16	0.06536	0.00890	0.01048	0.01051	0.01231	0.00895	0.00773	0.10190	0.01777	0.02501	0.17284	0.39688	0.07857	0.01748	0.00835	0.00260	0.00461	0.03597	0.00678	0.00700
17	0.02774	0.01887	0.02070	0.01587	0.02154	0.02048	0.01311	0.59233	0.03167	0.13669	0.01861	0.01808	0.01287	0.00858	0.00713	0.00215	0.00759	0.00651	0.00736	0.01211
18	0.02707	0.01995	0.02137	0.01638	0.02208	0.02208	0.01353	0.68159	0.03348	0.04488	0.01710	0.01710	0.01211	0.00855	0.00712	0.00214	0.00784	0.00641	0.00712	0.01211
19	0.00905	0.00722	0.00800	0.00781	0.00987	0.00628	0.00579	0.01128	0.01726	0.02206	0.27688	0.06252	0.46394	0.04897	0.00963	0.00255	0.00367	0.01412	0.00691	0.00617
20	0.00874	0.00624	0.00832	0.00987	0.01034	0.00582	0.00661	0.01007	0.01392	0.01863	0.06829	0.71477	0.04798	0.02197	0.00906	0.00286	0.00410	0.01992	0.00666	0.00582
21	0.00842	0.00721	0.00721	0.00721	0.00962	0.00601	0.00541	0.01022	0.01623	0.01924	0.07213	0.06853	0.70244	0.01803	0.00842	0.00240	0.00361	0.01503	0.00661	0.00601
22	0.02629	0.01956	0.02093	0.01623	0.02179	0.02172	0.01335	0.62838	0.08795	0.04363	0.01808	0.01788	0.01291	0.00864	0.00713	0.00216	0.00765	0.00655	0.00713	0.01204
23	0.00924	0.00646	0.00861	0.01008	0.01058	0.00614	0.00695	0.01044	0.01352	0.01797	0.03680	0.59501	0.04352	0.07376	0.01186	0.03533	0.00467	0.08712	0.00630	0.00565
24	0.01365	0.01286	0.02172	0.69958	0.08054	0.01587	0.01988	0.01837	0.01433	0.01844	0.01269	0.01892	0.00958	0.00708	0.00712	0.00236	0.00944	0.00633	0.00318	0.00807
25	0.00871	0.00723	0.00763	0.00753	0.00980	0.00614	0.00564	0.01080	0.01693	0.02091	0.18491	0.06578	0.58863	0.01741	0.00841	0.00237	0.00356	0.01464	0.00683	0.00614
26	0.01728	0.01657	0.02829	0.09959	0.65210	0.01683	0.02168	0.02156	0.01605	0.02285	0.01333	0.01773	0.01113	0.00641	0.00706	0.00214	0.00854	0.00634	0.00350	0.01101
27	0.01801	0.01685	0.02756	0.06909	0.60650	0.01721	0.02079	0.06114	0.04843	0.02462	0.01430	0.01806	0.01174	0.00666	0.00707	0.00214	0.00833	0.00643	0.00389	0.01119
28	0.01017	0.00763	0.01144	0.01144	0.01272	0.00890	0.00890	0.01272	0.01144	0.01653	0.01907	0.02797	0.01780	0.05340	0.72153	0.01144	0.01907	0.00763	0.00381	0.00636
29	0.02707	0.01995	0.02137	0.01638	0.02208	0.02208	0.01353	0.68159	0.03348	0.04488	0.01710	0.01710	0.01211	0.00855	0.00712	0.00214	0.00784	0.00641	0.00712	0.01211
30	0.02331	0.01729	0.02041	0.02035	0.14630	0.04240	0.01393	0.24657	0.22238	0.13897	0.02142	0.02095	0.01555	0.00847	0.00713	0.00221	0.00720	0.00694	0.00664	0.01158
31	0.17418	0.31263	0.06616	0.01480	0.02064	0.08234	0.08508	0.04996	0.01622	0.09964	0.01298	0.01429	0.01011	0.00673	0.00563	0.00192	0.00814	0.00495	0.00424	0.00936
32	0.00946	0.00825	0.00861	0.00912	0.03049	0.02607	0.00659	0.01148	0.01645	0.01988	0.09884	0.09291	0.56426	0.01749	0.00843	0.00244	0.00418	0.05227	0.00650	0.00629
33	0.02083	0.01628	0.01808	0.01607	0.04714	0.01809	0.01234	0.32614	0.26778	0.03489	0.02433	0.08636	0.02023	0.01069	0.00749	0.00237	0.00668	0.04636	0.00694	0.01091
34	0.01168	0.01227	0.11926	0.01135	0.01452	0.00872	0.01030	0.01602	0.04157	0.05184	0.38862	0.13088	0.08447	0.01440	0.00823	0.00240	0.00497	0.05417	0.00681	0.00752
35	0.04604	0.08802	0.07870	0.01321	0.01870	0.01430	0.01178	0.06421	0.12656	0.32260	0.06401	0.02403	0.03496	0.00878	0.00680	0.00211	0.00635	0.00703	0.00690	0.05490
36	0.05043	0.08812	0.39211	0.01759	0.02572	0.01777	0.03539	0.15594	0.01924	0.07946	0.04200	0.01733	0.01262	0.00751	0.00669	0.00217	0.00895	0.00584	0.00455	0.01056
37	0.02180	0.05839	0.06857	0.01625	0.04776	0.03872	0.01342	0.38271	0.11905	0.03529	0.05223	0.02363	0.07162	0.00936	0.00712	0.00217	0.00733	0.00735	0.00638	0.01085
38	0.02085	0.13091	0.02257	0.01574	0.05146	0.01829	0.04753	0.30589	0.02390	0.05221	0.10978	0.02120	0.01907	0.00829	0.00670	0.00191	0.00701	0.00671	0.00586	0.12413
39	0.01906	0.01683	0.04458	0.01363	0.01889	0.05274	0.01128	0.21811	0.14513	0.03104	0.08915	0.02155	0.01886	0.00819	0.00663	0.00184	0.00651	0.00654	0.00593	0.26350
40	0.05836	0.08004	0.09910	0.01488	0.02020	0.09044	0.01324	0.26484	0.11589	0.03158	0.05500	0.02075	0.03548	0.00858	0.00666	0.00208	0.00761	0.00653	0.03824	0.03048

[dist]
# distance from previous block
# <min> <max>
3	29

# created by:
# /st0/software/busco_prod/Augustus/scripts/msa2prfl.pl ./align_prep/129428.fa
