[name]
unknown

[dist]
# distance from previous block
# <min> <max>
34	57

[block]
# block no. 0 follows, 28 sequences, length 19
# corresponding to MSA columns:
# 91-109
name=unknown_A
#
# <colnr> <probs for GDERKNQSTAVLIFYWHMCP>
#	G	D	E	R	K	N	Q	S	T	A	V	L	I	F	Y	W	H	M	C	P
0	0.01743	0.02185	0.17915	0.02056	0.07348	0.10224	0.13653	0.04558	0.06610	0.06255	0.06985	0.13016	0.02155	0.01019	0.00774	0.00237	0.00892	0.00920	0.00502	0.00952
1	0.02038	0.02264	0.11880	0.04277	0.02762	0.11212	0.19361	0.15560	0.02022	0.05484	0.03639	0.01846	0.01275	0.00816	0.00947	0.00233	0.09762	0.00684	0.00464	0.03474
2	0.04188	0.04915	0.04925	0.02279	0.05623	0.01575	0.33855	0.02194	0.03967	0.06208	0.03816	0.09388	0.01781	0.00891	0.00829	0.00235	0.02773	0.02740	0.00465	0.07352
3	0.00907	0.00649	0.00863	0.00997	0.01059	0.00605	0.00676	0.01067	0.01493	0.02016	0.13937	0.63592	0.05118	0.02157	0.00917	0.00285	0.00410	0.01953	0.00694	0.00605
4	0.02139	0.01716	0.01833	0.01517	0.02012	0.01904	0.01212	0.27416	0.38640	0.03558	0.02366	0.02250	0.01756	0.00906	0.00718	0.00224	0.00656	0.00726	0.00709	0.07743
5	0.07200	0.01246	0.01655	0.01276	0.01832	0.01097	0.01054	0.03470	0.02037	0.66957	0.02772	0.02407	0.01747	0.00888	0.00716	0.00225	0.00616	0.00714	0.00876	0.01214
6	0.01484	0.01405	0.02381	0.54905	0.21939	0.01644	0.02074	0.01955	0.01506	0.01992	0.01312	0.01902	0.01017	0.00706	0.00725	0.00235	0.00941	0.00646	0.00333	0.00897
7	0.01494	0.09008	0.65753	0.02011	0.03052	0.01776	0.02579	0.02293	0.01530	0.02258	0.01283	0.01507	0.00922	0.00686	0.00674	0.00225	0.01052	0.00526	0.00307	0.01064
8	0.01373	0.01292	0.02180	0.72707	0.05006	0.01615	0.02019	0.01857	0.01453	0.01857	0.01292	0.01938	0.00969	0.00727	0.00727	0.00242	0.00969	0.00646	0.00323	0.00807
9	0.01373	0.01292	0.02180	0.72707	0.05006	0.01615	0.02019	0.01857	0.01453	0.01857	0.01292	0.01938	0.00969	0.00727	0.00727	0.00242	0.00969	0.00646	0.00323	0.00807
10	0.01659	0.01804	0.03726	0.16684	0.11733	0.01782	0.47093	0.02226	0.01658	0.02243	0.01424	0.01938	0.01083	0.00639	0.00816	0.00241	0.01134	0.00792	0.00358	0.00967
11	0.01035	0.01152	0.11500	0.01245	0.01471	0.00811	0.01089	0.01317	0.01476	0.01994	0.03562	0.48485	0.04081	0.01977	0.00909	0.00294	0.00575	0.15729	0.00618	0.00681
12	0.01410	0.01330	0.02248	0.66671	0.10747	0.01625	0.02037	0.01890	0.01471	0.01903	0.01299	0.01926	0.00985	0.00720	0.00726	0.00240	0.00960	0.00646	0.00326	0.00838
13	0.02672	0.03164	0.02086	0.01844	0.02233	0.57946	0.01409	0.12639	0.02223	0.02202	0.01210	0.01389	0.00983	0.00791	0.00743	0.00198	0.04435	0.00504	0.00425	0.00900
14	0.01473	0.03657	0.66888	0.02129	0.03183	0.01697	0.06382	0.02304	0.01545	0.02304	0.01314	0.01559	0.00931	0.00686	0.00700	0.00231	0.01083	0.00555	0.00310	0.01069
15	0.01373	0.01292	0.02180	0.72707	0.05006	0.01615	0.02019	0.01857	0.01453	0.01857	0.01292	0.01938	0.00969	0.00727	0.00727	0.00242	0.00969	0.00646	0.00323	0.00807
16	0.01373	0.01292	0.02180	0.72707	0.05006	0.01615	0.02019	0.01857	0.01453	0.01857	0.01292	0.01938	0.00969	0.00727	0.00727	0.00242	0.00969	0.00646	0.00323	0.00807
17	0.01458	0.03760	0.70688	0.02072	0.03146	0.01688	0.02686	0.02302	0.01535	0.02302	0.01304	0.01535	0.00921	0.00691	0.00691	0.00230	0.01074	0.00537	0.00307	0.01074
18	0.02331	0.01801	0.02149	0.14673	0.02720	0.02001	0.03771	0.48254	0.02867	0.03809	0.02067	0.02176	0.06228	0.00908	0.00741	0.00226	0.00814	0.00725	0.00637	0.01103

[dist]
# distance from previous block
# <min> <max>
0	4

[block]
# block no. 1 follows, 28 sequences, length 17
# corresponding to MSA columns:
# 114-130
name=unknown_B
#
# <colnr> <probs for GDERKNQSTAVLIFYWHMCP>
#	G	D	E	R	K	N	Q	S	T	A	V	L	I	F	Y	W	H	M	C	P
0	0.01583	0.01159	0.01436	0.01315	0.01602	0.01311	0.01034	0.07084	0.23363	0.07585	0.02332	0.02700	0.01905	0.03319	0.37981	0.00727	0.01316	0.00780	0.00567	0.00900
1	0.08217	0.02889	0.02026	0.01747	0.02189	0.45781	0.01354	0.22208	0.02408	0.02725	0.01302	0.01432	0.01016	0.00781	0.00662	0.00199	0.01104	0.00519	0.00486	0.00957
2	0.01263	0.00631	0.00947	0.00947	0.00947	0.00631	0.00631	0.00947	0.00947	0.01263	0.01263	0.02210	0.01263	0.02525	0.02841	0.78851	0.00631	0.00631	0.00316	0.00316
3	0.01529	0.01451	0.02462	0.47730	0.28763	0.01656	0.02096	0.01994	0.01527	0.02047	0.01320	0.01887	0.01036	0.00698	0.00724	0.00233	0.00930	0.00647	0.00336	0.00933
4	0.01502	0.10198	0.64634	0.01997	0.03030	0.01796	0.02555	0.02291	0.01529	0.02248	0.01278	0.01501	0.00922	0.00684	0.00670	0.00223	0.01047	0.00524	0.00307	0.01061
5	0.01572	0.09737	0.48231	0.02359	0.08809	0.01823	0.12874	0.02289	0.01569	0.02259	0.01310	0.01592	0.00971	0.00668	0.00700	0.00225	0.01054	0.00585	0.00322	0.01053
6	0.01029	0.00743	0.00972	0.00914	0.01086	0.00686	0.00686	0.01372	0.02058	0.02915	0.69536	0.05430	0.06859	0.01486	0.00857	0.00229	0.00343	0.01315	0.00800	0.00686
7	0.01458	0.03760	0.70688	0.02072	0.03146	0.01688	0.02686	0.02302	0.01535	0.02302	0.01304	0.01535	0.00921	0.00691	0.00691	0.00230	0.01074	0.00537	0.00307	0.01074
8	0.01529	0.13463	0.47464	0.01822	0.02675	0.01779	0.02179	0.02341	0.07612	0.02270	0.01682	0.02295	0.01386	0.00847	0.00696	0.00232	0.00944	0.07381	0.00385	0.01018
9	0.01624	0.01549	0.02635	0.32453	0.43295	0.01681	0.02144	0.02078	0.01572	0.02163	0.01336	0.01856	0.01077	0.00680	0.00723	0.00227	0.00907	0.00647	0.00345	0.01010
10	0.00886	0.00633	0.00843	0.01012	0.01054	0.00590	0.00675	0.01012	0.01392	0.01856	0.04006	0.73979	0.04808	0.02277	0.00928	0.00295	0.00422	0.02066	0.00675	0.00590
11	0.00905	0.00714	0.00777	0.00823	0.01014	0.00621	0.00605	0.01090	0.01590	0.01987	0.06177	0.22230	0.48334	0.01896	0.00863	0.00257	0.00392	0.04337	0.04776	0.00614
12	0.01651	0.02056	0.16816	0.07310	0.47738	0.01639	0.02204	0.02165	0.01648	0.02371	0.06216	0.02011	0.01501	0.00721	0.00724	0.00221	0.00876	0.00672	0.00378	0.01084
13	0.01799	0.01727	0.02950	0.04462	0.69919	0.01727	0.02231	0.02231	0.01655	0.02375	0.01367	0.01799	0.01151	0.00648	0.00720	0.00216	0.00864	0.00648	0.00360	0.01151
14	0.01529	0.01311	0.01517	0.01106	0.01735	0.01030	0.00882	0.01977	0.06351	0.02417	0.01412	0.01594	0.01159	0.00571	0.00553	0.00118	0.00541	0.00459	0.00453	0.73285
15	0.01801	0.01690	0.02661	0.03801	0.54849	0.01745	0.01992	0.02592	0.16487	0.02522	0.01720	0.02001	0.01388	0.00723	0.00724	0.00223	0.00800	0.00686	0.00444	0.01151
16	0.01792	0.01747	0.03064	0.04343	0.64301	0.01737	0.07758	0.02239	0.01660	0.02371	0.01376	0.01813	0.01147	0.00645	0.00731	0.00218	0.00894	0.00666	0.00360	0.01137

[dist]
# distance from previous block
# <min> <max>
0	1

[block]
# block no. 2 follows, 28 sequences, length 152
# corresponding to MSA columns:
# 132-143,157-164,169-183,196-255,257-313
name=unknown_C
#
# <colnr> <probs for GDERKNQSTAVLIFYWHMCP>
#	G	D	E	R	K	N	Q	S	T	A	V	L	I	F	Y	W	H	M	C	P
0	0.01222	0.01020	0.01366	0.04446	0.07323	0.04190	0.01019	0.01467	0.01264	0.01752	0.01849	0.02869	0.01769	0.14689	0.45372	0.00877	0.01524	0.00771	0.00393	0.04820
1	0.09123	0.01389	0.01890	0.02023	0.17940	0.01360	0.01312	0.03042	0.11544	0.35178	0.05896	0.02394	0.01888	0.00864	0.00712	0.00226	0.00651	0.00726	0.00705	0.01136
2	0.02509	0.01985	0.02070	0.01637	0.02160	0.05682	0.01335	0.48960	0.11795	0.03974	0.01811	0.01831	0.01329	0.00884	0.00798	0.00219	0.04397	0.00654	0.00675	0.05295
3	0.04627	0.00773	0.01151	0.01297	0.07823	0.00782	0.00797	0.01125	0.01030	0.01458	0.01262	0.02125	0.01231	0.02260	0.02529	0.67710	0.00651	0.00623	0.00326	0.00419
4	0.01815	0.01528	0.01765	0.01781	0.08767	0.01715	0.01285	0.09448	0.46841	0.03007	0.02798	0.03247	0.02275	0.01075	0.00771	0.00252	0.00638	0.09205	0.00691	0.01096
5	0.01617	0.12951	0.58267	0.01922	0.02910	0.01811	0.02411	0.02351	0.01556	0.05832	0.01349	0.01536	0.00969	0.00693	0.00663	0.00220	0.01011	0.00528	0.00339	0.01064
6	0.01509	0.06574	0.61074	0.02205	0.06350	0.01748	0.06023	0.02295	0.01548	0.02282	0.01304	0.01554	0.00942	0.00682	0.00691	0.00227	0.01060	0.00553	0.00313	0.01067
7	0.00899	0.00642	0.00859	0.01027	0.01075	0.00602	0.00698	0.01035	0.01405	0.01870	0.03999	0.70923	0.04779	0.02265	0.00931	0.00297	0.00433	0.04992	0.00675	0.00594
8	0.02715	0.03464	0.02060	0.01873	0.02247	0.71536	0.01404	0.02903	0.02060	0.01779	0.01124	0.01311	0.00936	0.00749	0.00655	0.00187	0.01311	0.00468	0.00375	0.00843
9	0.00883	0.00643	0.00833	0.00984	0.01047	0.00593	0.00662	0.01015	0.01419	0.01867	0.04347	0.67193	0.11375	0.02233	0.00921	0.00290	0.00416	0.02013	0.00675	0.00593
10	0.02022	0.67654	0.03632	0.01307	0.01904	0.09833	0.01260	0.02250	0.01536	0.01717	0.01022	0.01181	0.00933	0.00635	0.00486	0.00159	0.00831	0.00397	0.00317	0.00924
11	0.02338	0.02631	0.01886	0.01698	0.02084	0.41450	0.01296	0.06562	0.24046	0.02339	0.01802	0.01871	0.01418	0.01061	0.04111	0.00256	0.01072	0.00610	0.00514	0.00956
12	0.00886	0.00633	0.00843	0.01012	0.01054	0.00590	0.00675	0.01012	0.01392	0.01856	0.04006	0.73979	0.04808	0.02277	0.00928	0.00295	0.00422	0.02066	0.00675	0.00590
13	0.03146	0.01252	0.01684	0.01311	0.01856	0.01107	0.01086	0.06076	0.02117	0.64618	0.02866	0.02704	0.01885	0.00949	0.00743	0.00230	0.00628	0.03649	0.00882	0.01211
14	0.01590	0.13707	0.12289	0.09805	0.24877	0.01780	0.06714	0.02010	0.01527	0.02096	0.01634	0.11427	0.01544	0.00910	0.00807	0.00229	0.04914	0.00797	0.00382	0.00962
15	0.01245	0.01143	0.08114	0.01203	0.01444	0.00911	0.00974	0.08508	0.01653	0.04445	0.03364	0.54172	0.03810	0.01864	0.00863	0.00272	0.00539	0.01663	0.00643	0.03169
16	0.79588	0.01406	0.01068	0.00956	0.01406	0.01631	0.00787	0.02137	0.01237	0.03261	0.01012	0.01181	0.00787	0.00675	0.00450	0.00225	0.00562	0.00394	0.00450	0.00787
17	0.01500	0.01431	0.05274	0.01214	0.01846	0.01065	0.03127	0.01947	0.05216	0.02378	0.01512	0.04839	0.01300	0.00652	0.00585	0.00135	0.00586	0.00545	0.00450	0.64398
18	0.01700	0.01930	0.04191	0.06299	0.03855	0.01828	0.64247	0.02307	0.01704	0.02307	0.01462	0.01960	0.01097	0.00618	0.00852	0.00245	0.01214	0.00848	0.00366	0.00972
19	0.01263	0.00631	0.00947	0.00947	0.00947	0.00631	0.00631	0.00947	0.00947	0.01263	0.01263	0.02210	0.01263	0.02525	0.02841	0.78851	0.00631	0.00631	0.00316	0.00316
20	0.01263	0.00631	0.00947	0.00947	0.00947	0.00631	0.00631	0.00947	0.00947	0.01263	0.01263	0.02210	0.01263	0.02525	0.02841	0.78851	0.00631	0.00631	0.00316	0.00316
21	0.01149	0.00778	0.00961	0.00894	0.01115	0.00695	0.00678	0.01444	0.01950	0.07678	0.47607	0.05637	0.23613	0.01539	0.00848	0.00233	0.00370	0.01331	0.00773	0.00707
22	0.01086	0.00766	0.00954	0.00908	0.01113	0.00691	0.00693	0.01388	0.01944	0.05402	0.48715	0.05819	0.21599	0.01573	0.00860	0.00238	0.00376	0.04420	0.00768	0.00690
23	0.01395	0.01314	0.02220	0.69203	0.08339	0.01621	0.02030	0.01876	0.01464	0.01884	0.01296	0.01931	0.00978	0.00723	0.00726	0.00241	0.00964	0.00646	0.00325	0.00825
24	0.01029	0.00743	0.00972	0.00914	0.01086	0.00686	0.00686	0.01372	0.02058	0.02915	0.69536	0.05430	0.06859	0.01486	0.00857	0.00229	0.00343	0.01315	0.00800	0.00686
25	0.02696	0.01870	0.02048	0.01595	0.02145	0.02036	0.01308	0.54862	0.06218	0.11567	0.02016	0.04818	0.01489	0.00938	0.00736	0.00223	0.00754	0.00728	0.00744	0.01206
26	0.01373	0.01292	0.02180	0.72707	0.05006	0.01615	0.02019	0.01857	0.01453	0.01857	0.01292	0.01938	0.00969	0.00727	0.00727	0.00242	0.00969	0.00646	0.00323	0.00807
27	0.00953	0.00720	0.00881	0.00882	0.01050	0.00647	0.00646	0.01210	0.01817	0.02444	0.39456	0.18886	0.24279	0.01737	0.00871	0.00246	0.00365	0.01520	0.00741	0.00647
28	0.05905	0.01719	0.02186	0.33462	0.16337	0.09774	0.01766	0.06904	0.10401	0.02365	0.01520	0.01886	0.01171	0.00755	0.00704	0.00229	0.00904	0.00636	0.00425	0.00951
29	0.66190	0.01388	0.01172	0.01024	0.01474	0.01574	0.00841	0.04883	0.01396	0.09066	0.01246	0.01394	0.00941	0.00924	0.03790	0.00268	0.00641	0.00451	0.00497	0.00838
30	0.01594	0.05062	0.12129	0.02278	0.02721	0.01947	0.25894	0.02013	0.01423	0.02041	0.01365	0.05766	0.01220	0.00980	0.01433	0.00271	0.29839	0.00774	0.00355	0.00895
31	0.01484	0.08603	0.59970	0.02014	0.02999	0.01744	0.05233	0.02249	0.01522	0.02233	0.01320	0.01587	0.00970	0.00899	0.03902	0.00268	0.01099	0.00551	0.00314	0.01041
32	0.01708	0.01465	0.01538	0.01385	0.01779	0.01661	0.01077	0.05312	0.57768	0.02941	0.03514	0.03258	0.11219	0.01097	0.00755	0.00246	0.00554	0.00912	0.00731	0.01081
33	0.06264	0.01220	0.01627	0.01261	0.01800	0.01073	0.01038	0.03380	0.02045	0.64427	0.06011	0.02564	0.02002	0.00919	0.00726	0.00225	0.00603	0.00745	0.00877	0.01192
34	0.01558	0.05383	0.46783	0.02372	0.03321	0.01774	0.23870	0.02307	0.01592	0.02292	0.01350	0.01663	0.00981	0.00663	0.00739	0.00233	0.01115	0.00638	0.00327	0.01039
35	0.01106	0.00929	0.01402	0.30342	0.02672	0.01027	0.01217	0.01418	0.01545	0.02033	0.13575	0.27925	0.09045	0.01480	0.00828	0.00259	0.00629	0.01320	0.00551	0.00696
36	0.00975	0.00733	0.00918	0.01023	0.01157	0.00688	0.00763	0.01228	0.03525	0.02052	0.09157	0.38542	0.19501	0.02031	0.00917	0.00286	0.00459	0.14725	0.00684	0.00635
37	0.03261	0.01237	0.01687	0.01293	0.01856	0.01068	0.01068	0.03543	0.02081	0.70423	0.02868	0.02474	0.01799	0.00900	0.00731	0.00225	0.00619	0.00731	0.00900	0.01237
38	0.01391	0.01327	0.02292	0.69019	0.04943	0.01627	0.05474	0.01882	0.01467	0.01882	0.01301	0.01939	0.00976	0.00721	0.00734	0.00242	0.00983	0.00657	0.00325	0.00817
39	0.02636	0.01487	0.01762	0.01409	0.01893	0.01510	0.01138	0.31253	0.02569	0.29630	0.04492	0.12508	0.02132	0.01103	0.00761	0.00232	0.00662	0.00906	0.00789	0.01128
40	0.00901	0.00644	0.00861	0.01030	0.01078	0.00604	0.00701	0.01039	0.01407	0.01873	0.03998	0.70462	0.04774	0.02263	0.00932	0.00297	0.00435	0.05433	0.00674	0.00595
41	0.02946	0.01195	0.01580	0.01233	0.01756	0.01042	0.01012	0.04915	0.02063	0.60084	0.03403	0.03023	0.10308	0.01017	0.00747	0.00227	0.00592	0.00830	0.00867	0.01159
42	0.01404	0.01348	0.02091	0.60566	0.07501	0.04383	0.01883	0.01846	0.01494	0.01882	0.01672	0.05074	0.04210	0.00837	0.00738	0.00241	0.00929	0.00737	0.00357	0.00807
43	0.02362	0.02869	0.02340	0.02079	0.05146	0.48740	0.10723	0.02709	0.05465	0.01931	0.01326	0.01667	0.01116	0.04110	0.00907	0.00229	0.04433	0.00584	0.00393	0.00871
44	0.01051	0.00728	0.00912	0.00912	0.00954	0.00770	0.00589	0.01134	0.01092	0.01498	0.02181	0.04152	0.02380	0.52492	0.25302	0.00852	0.01100	0.00969	0.00424	0.00507
45	0.01507	0.01292	0.01507	0.01077	0.01723	0.00969	0.00861	0.01830	0.01507	0.02369	0.01292	0.01507	0.01077	0.00538	0.00538	0.00108	0.00538	0.00431	0.00431	0.78898
46	0.01903	0.37046	0.21223	0.01621	0.02273	0.09710	0.01688	0.05736	0.01621	0.02033	0.01135	0.01354	0.00948	0.00733	0.00755	0.00199	0.08244	0.00476	0.00340	0.00963
47	0.00977	0.00765	0.00903	0.00963	0.01167	0.00692	0.00774	0.01219	0.01678	0.02097	0.10505	0.10518	0.40197	0.01892	0.00911	0.00276	0.00469	0.22677	0.00682	0.00636
48	0.01769	0.44843	0.25320	0.01762	0.05968	0.02386	0.04721	0.02227	0.01516	0.01964	0.01145	0.01354	0.00948	0.00645	0.00570	0.00187	0.00898	0.00471	0.00315	0.00992
49	0.01057	0.00705	0.00793	0.00793	0.00793	0.00705	0.00440	0.01057	0.01057	0.01409	0.02290	0.04757	0.02643	0.74454	0.03700	0.00705	0.00705	0.01057	0.00440	0.00440
50	0.01783	0.01755	0.03070	0.03827	0.48471	0.01759	0.15365	0.02442	0.09511	0.02443	0.01575	0.01939	0.01267	0.00680	0.00750	0.00225	0.00904	0.00711	0.00406	0.01116
51	0.00998	0.00738	0.00936	0.00926	0.01097	0.00676	0.00699	0.01294	0.01901	0.02606	0.48398	0.12347	0.16716	0.01657	0.00875	0.00245	0.00378	0.06091	0.00758	0.00664
52	0.01038	0.00779	0.01168	0.01168	0.01298	0.00909	0.00909	0.01298	0.01168	0.01687	0.01947	0.02856	0.01817	0.05452	0.71573	0.01168	0.01947	0.00779	0.00389	0.00649
53	0.02291	0.01124	0.01403	0.01187	0.01587	0.02818	0.00949	0.02657	0.05662	0.38818	0.11068	0.07433	0.11091	0.01424	0.04202	0.00282	0.00627	0.03590	0.00791	0.00995
54	0.01558	0.01290	0.01513	0.01083	0.01726	0.00972	0.00867	0.01880	0.01524	0.04333	0.01337	0.01535	0.01098	0.00549	0.00544	0.00111	0.00541	0.00439	0.00444	0.76656
55	0.02967	0.01709	0.01979	0.01517	0.02091	0.01768	0.01253	0.41297	0.02870	0.31554	0.02205	0.02044	0.01467	0.00884	0.00729	0.00221	0.00726	0.00686	0.00798	0.01237
56	0.01004	0.00742	0.00937	0.00888	0.01071	0.00675	0.00666	0.01324	0.01999	0.02775	0.60412	0.05660	0.16070	0.01538	0.00858	0.00231	0.00347	0.01347	0.00782	0.00675
57	0.01781	0.01959	0.03412	0.02865	0.12761	0.07815	0.37677	0.02239	0.01623	0.02191	0.01328	0.01796	0.01069	0.00739	0.01067	0.00242	0.13484	0.00735	0.00362	0.04855
58	0.01188	0.01975	0.29443	0.01371	0.01918	0.01089	0.01491	0.01721	0.01806	0.02575	0.35771	0.03986	0.10365	0.01194	0.00789	0.00231	0.00644	0.01018	0.00587	0.00838
59	0.01756	0.01683	0.02872	0.11376	0.63343	0.01716	0.02209	0.02193	0.01635	0.02322	0.01360	0.01813	0.01133	0.00656	0.00720	0.00219	0.00874	0.00647	0.00356	0.01117
60	0.01461	0.01382	0.02340	0.58552	0.18470	0.01638	0.02063	0.01935	0.01495	0.01965	0.01308	0.01909	0.01007	0.00710	0.00725	0.00237	0.00947	0.00646	0.00331	0.00879
61	0.01719	0.01646	0.02806	0.17239	0.57766	0.01706	0.02191	0.02161	0.01617	0.02278	0.01353	0.01825	0.01117	0.00662	0.00721	0.00221	0.00883	0.00647	0.00353	0.01087
62	0.00886	0.00633	0.00843	0.01012	0.01054	0.00590	0.00675	0.01012	0.01392	0.01856	0.04006	0.73979	0.04808	0.02277	0.00928	0.00295	0.00422	0.02066	0.00675	0.00590
63	0.01799	0.01727	0.02950	0.04462	0.69919	0.01727	0.02231	0.02231	0.01655	0.02375	0.01367	0.01799	0.01151	0.00648	0.00720	0.00216	0.00864	0.00648	0.00360	0.01151
64	0.02718	0.03388	0.02066	0.01862	0.02248	0.67831	0.01403	0.06356	0.02133	0.01929	0.01157	0.01334	0.00952	0.00756	0.00659	0.00189	0.01284	0.00478	0.00393	0.00864
65	0.79588	0.01406	0.01068	0.00956	0.01406	0.01631	0.00787	0.02137	0.01237	0.03261	0.01012	0.01181	0.00787	0.00675	0.00450	0.00225	0.00562	0.00394	0.00450	0.00787
66	0.02317	0.01795	0.01910	0.01553	0.02055	0.02005	0.01254	0.40973	0.26854	0.03885	0.02484	0.02375	0.05247	0.00965	0.00739	0.00230	0.00696	0.00762	0.00729	0.01172
67	0.00962	0.00736	0.00965	0.00992	0.01134	0.00750	0.00737	0.01170	0.01384	0.01846	0.07421	0.17031	0.21102	0.06779	0.32779	0.00689	0.01101	0.01258	0.00543	0.00621
68	0.02717	0.02013	0.02156	0.01663	0.02237	0.02233	0.01370	0.64423	0.06565	0.04507	0.01804	0.01792	0.01284	0.00878	0.00728	0.00220	0.00789	0.00663	0.00728	0.01232
69	0.01121	0.04299	0.01121	0.00949	0.01158	0.03689	0.00726	0.01434	0.01984	0.02702	0.56341	0.05244	0.13611	0.01457	0.00831	0.00225	0.00406	0.01262	0.00745	0.00695
70	0.01799	0.01727	0.02950	0.04462	0.69919	0.01727	0.02231	0.02231	0.01655	0.02375	0.01367	0.01799	0.01151	0.00648	0.00720	0.00216	0.00864	0.00648	0.00360	0.01151
71	0.01754	0.01349	0.01578	0.01144	0.01778	0.01084	0.00921	0.07421	0.01712	0.08072	0.01457	0.01605	0.01149	0.00595	0.00570	0.00126	0.00567	0.00474	0.00493	0.66151
72	0.01735	0.01662	0.02835	0.14652	0.60227	0.01710	0.02199	0.02175	0.01625	0.02298	0.01356	0.01820	0.01124	0.00659	0.00721	0.00220	0.00879	0.00647	0.00354	0.01100
73	0.01685	0.01359	0.01768	0.01286	0.01920	0.01096	0.06583	0.02121	0.05125	0.07984	0.01525	0.01689	0.01199	0.00598	0.00592	0.00136	0.00606	0.00513	0.00480	0.61735
74	0.00909	0.00667	0.00854	0.00958	0.01051	0.00612	0.00661	0.01084	0.01553	0.02071	0.16891	0.52262	0.13611	0.02070	0.00905	0.00276	0.00400	0.01855	0.00699	0.00612
75	0.01057	0.00705	0.00793	0.00793	0.00793	0.00705	0.00440	0.01057	0.01057	0.01409	0.02290	0.04757	0.02643	0.74454	0.03700	0.00705	0.00705	0.01057	0.00440	0.00440
76	0.01507	0.01292	0.01507	0.01077	0.01723	0.00969	0.00861	0.01830	0.01507	0.02369	0.01292	0.01507	0.01077	0.00538	0.00538	0.00108	0.00538	0.00431	0.00431	0.78898
77	0.79588	0.01406	0.01068	0.00956	0.01406	0.01631	0.00787	0.02137	0.01237	0.03261	0.01012	0.01181	0.00787	0.00675	0.00450	0.00225	0.00562	0.00394	0.00450	0.00787
78	0.01423	0.00743	0.00750	0.00726	0.00915	0.00754	0.00550	0.04871	0.01616	0.02800	0.02341	0.02663	0.01833	0.00848	0.00519	0.00172	0.00361	0.00676	0.74735	0.00704
79	0.00997	0.00742	0.00928	0.00881	0.01066	0.00672	0.00661	0.01310	0.01983	0.02737	0.57902	0.05723	0.18604	0.01552	0.00858	0.00232	0.00348	0.01356	0.00777	0.00672
80	0.01057	0.00705	0.00793	0.00793	0.00793	0.00705	0.00440	0.01057	0.01057	0.01409	0.02290	0.04757	0.02643	0.74454	0.03700	0.00705	0.00705	0.01057	0.00440	0.00440
81	0.00879	0.00658	0.00818	0.00946	0.01037	0.00596	0.00645	0.01020	0.01456	0.01882	0.04817	0.57815	0.20449	0.02172	0.00911	0.00283	0.00409	0.01938	0.00675	0.00596
82	0.01520	0.01416	0.02164	0.59372	0.08029	0.04485	0.01912	0.05357	0.01572	0.02001	0.01312	0.01906	0.01004	0.00807	0.00813	0.03560	0.00954	0.00639	0.00348	0.00829
83	0.01457	0.00707	0.00731	0.00710	0.00901	0.00698	0.00538	0.01793	0.01554	0.06330	0.02398	0.02697	0.01860	0.00850	0.00520	0.00172	0.00354	0.00680	0.74341	0.00707
84	0.01106	0.00765	0.00971	0.00907	0.01106	0.00693	0.00685	0.01424	0.02002	0.05849	0.57785	0.05515	0.15434	0.01509	0.00852	0.00231	0.00359	0.01319	0.00787	0.00701
85	0.00932	0.00666	0.00897	0.01065	0.01128	0.00631	0.00756	0.01093	0.01438	0.01908	0.03981	0.63271	0.04706	0.02233	0.00940	0.00302	0.00462	0.12316	0.00674	0.00603
86	0.02637	0.10701	0.02237	0.01809	0.02209	0.64579	0.01388	0.02829	0.02001	0.01772	0.01112	0.01296	0.00936	0.00736	0.00636	0.00184	0.01257	0.00460	0.00368	0.00852
87	0.01799	0.01727	0.02950	0.04462	0.69919	0.01727	0.02231	0.02231	0.01655	0.02375	0.01367	0.01799	0.01151	0.00648	0.00720	0.00216	0.00864	0.00648	0.00360	0.01151
88	0.01480	0.06569	0.64798	0.01993	0.03029	0.01704	0.02544	0.02275	0.01531	0.02281	0.01292	0.01518	0.00928	0.00681	0.00674	0.00222	0.01038	0.00526	0.00313	0.04604
89	0.00947	0.00761	0.00901	0.04224	0.01248	0.00704	0.00712	0.01203	0.03531	0.02057	0.11678	0.25980	0.37022	0.01865	0.00875	0.00262	0.00428	0.04290	0.00672	0.00640
90	0.01590	0.01590	0.02226	0.01908	0.01908	0.02226	0.01590	0.01749	0.01113	0.01749	0.00954	0.01590	0.00954	0.01272	0.02385	0.00318	0.73123	0.00636	0.00318	0.00795
91	0.01943	0.74891	0.03809	0.01244	0.01866	0.02876	0.01244	0.02177	0.01477	0.01710	0.01011	0.01166	0.00933	0.00622	0.00466	0.00155	0.00777	0.00389	0.00311	0.00933
92	0.01314	0.00871	0.00991	0.00922	0.01010	0.00895	0.00585	0.08401	0.01353	0.04013	0.02234	0.04267	0.02424	0.60894	0.06362	0.00657	0.00769	0.00990	0.00484	0.00563
93	0.00868	0.00737	0.00748	0.00745	0.00987	0.00617	0.00559	0.01060	0.01677	0.02011	0.10471	0.06917	0.66488	0.01823	0.00859	0.00245	0.00367	0.01523	0.00681	0.00617
94	0.01378	0.01283	0.02108	0.66727	0.04717	0.01590	0.01930	0.01929	0.04807	0.01916	0.01467	0.04409	0.01161	0.00792	0.00734	0.00244	0.00931	0.00703	0.00356	0.00817
95	0.01474	0.06045	0.68539	0.02045	0.03105	0.01726	0.02639	0.02298	0.01533	0.02283	0.01295	0.01523	0.00921	0.00688	0.00683	0.00228	0.01065	0.00532	0.00307	0.01070
96	0.01302	0.00723	0.00845	0.00828	0.00996	0.00722	0.00620	0.01607	0.01569	0.05284	0.13840	0.06813	0.02878	0.04118	0.10021	0.00337	0.00578	0.00884	0.45351	0.00686
97	0.01977	0.60393	0.08478	0.01351	0.01981	0.06325	0.01349	0.02342	0.04768	0.03633	0.01181	0.01310	0.01017	0.00659	0.00513	0.00169	0.00814	0.00434	0.00350	0.00957
98	0.79588	0.01406	0.01068	0.00956	0.01406	0.01631	0.00787	0.02137	0.01237	0.03261	0.01012	0.01181	0.00787	0.00675	0.00450	0.00225	0.00562	0.00394	0.00450	0.00787
99	0.00991	0.00742	0.00920	0.00875	0.01063	0.00670	0.00656	0.01299	0.01969	0.02705	0.55835	0.05775	0.20690	0.01564	0.00858	0.00232	0.00349	0.01363	0.00773	0.00670
100	0.75547	0.01397	0.01101	0.00974	0.01430	0.01601	0.00802	0.02211	0.01282	0.06818	0.01110	0.01249	0.00841	0.00687	0.00465	0.00225	0.00565	0.00411	0.00474	0.00811
101	0.76478	0.01399	0.01094	0.00970	0.01424	0.01608	0.00799	0.02194	0.01271	0.05998	0.01088	0.01234	0.00828	0.00684	0.00461	0.00225	0.00565	0.00407	0.00468	0.00806
102	0.01057	0.00705	0.00793	0.00793	0.00793	0.00705	0.00440	0.01057	0.01057	0.01409	0.02290	0.04757	0.02643	0.74454	0.03700	0.00705	0.00705	0.01057	0.00440	0.00440
103	0.00954	0.00737	0.00870	0.00843	0.01042	0.00653	0.00630	0.01225	0.01873	0.02490	0.41873	0.07881	0.32996	0.01655	0.00860	0.00237	0.00356	0.01426	0.00745	0.00653
104	0.79588	0.01406	0.01068	0.00956	0.01406	0.01631	0.00787	0.02137	0.01237	0.03261	0.01012	0.01181	0.00787	0.00675	0.00450	0.00225	0.00562	0.00394	0.00450	0.00787
105	0.02838	0.01917	0.02108	0.01616	0.02195	0.02077	0.01335	0.57928	0.03218	0.14431	0.01913	0.01854	0.01320	0.00877	0.00728	0.00219	0.00773	0.00666	0.00753	0.01236
106	0.01749	0.01675	0.02849	0.04100	0.60642	0.01677	0.05023	0.02239	0.04378	0.02373	0.01572	0.05549	0.01381	0.00744	0.00737	0.00223	0.00845	0.00737	0.00392	0.01115
107	0.01029	0.00743	0.00972	0.00914	0.01086	0.00686	0.00686	0.01372	0.02058	0.02915	0.69536	0.05430	0.06859	0.01486	0.00857	0.00229	0.00343	0.01315	0.00800	0.00686
108	0.79588	0.01406	0.01068	0.00956	0.01406	0.01631	0.00787	0.02137	0.01237	0.03261	0.01012	0.01181	0.00787	0.00675	0.00450	0.00225	0.00562	0.00394	0.00450	0.00787
109	0.02715	0.03464	0.02060	0.01873	0.02247	0.71536	0.01404	0.02903	0.02060	0.01779	0.01124	0.01311	0.00936	0.00749	0.00655	0.00187	0.01311	0.00468	0.00375	0.00843
110	0.01809	0.01619	0.01671	0.04803	0.02038	0.05450	0.01205	0.03619	0.59133	0.02882	0.02822	0.02834	0.02176	0.01005	0.00746	0.00247	0.00636	0.03509	0.00698	0.01098
111	0.01755	0.01681	0.02848	0.04289	0.66717	0.01675	0.02153	0.02176	0.01655	0.02356	0.01646	0.02041	0.04333	0.00703	0.00726	0.00217	0.00841	0.00689	0.00374	0.01126
112	0.01427	0.01348	0.02279	0.63952	0.13333	0.01629	0.02046	0.01905	0.01479	0.01924	0.01302	0.01920	0.00992	0.00717	0.00726	0.00239	0.00955	0.00646	0.00328	0.00852
113	0.01694	0.01900	0.04080	0.02945	0.03646	0.01793	0.62579	0.02332	0.03471	0.02340	0.01616	0.02260	0.01270	0.00685	0.00861	0.00249	0.01183	0.03734	0.00391	0.00971
114	0.00859	0.00736	0.00736	0.00736	0.00982	0.00614	0.00552	0.01043	0.01657	0.01964	0.07364	0.06996	0.69624	0.01841	0.00859	0.00245	0.00368	0.01534	0.00675	0.00614
115	0.02669	0.03367	0.02039	0.01852	0.02229	0.67956	0.01391	0.02952	0.05476	0.01844	0.01218	0.01383	0.01002	0.00761	0.00660	0.00190	0.01273	0.00486	0.00393	0.00859
116	0.01630	0.01546	0.02620	0.23536	0.47919	0.01635	0.02088	0.02060	0.01584	0.02201	0.01487	0.05698	0.01295	0.00757	0.00733	0.00228	0.00870	0.00723	0.00366	0.01024
117	0.01507	0.01292	0.01507	0.01077	0.01723	0.00969	0.00861	0.01830	0.01507	0.02369	0.01292	0.01507	0.01077	0.00538	0.00538	0.00108	0.00538	0.00431	0.00431	0.78898
118	0.01430	0.01350	0.02283	0.63566	0.13701	0.01630	0.02047	0.01907	0.01480	0.01927	0.01302	0.01919	0.00993	0.00716	0.00726	0.00239	0.00955	0.00646	0.00328	0.00854
119	0.01601	0.01289	0.01517	0.01088	0.01730	0.00974	0.00872	0.01922	0.01538	0.06007	0.01376	0.01559	0.01115	0.00558	0.00549	0.00114	0.00543	0.00447	0.00456	0.74745
120	0.01017	0.00734	0.00961	0.00923	0.01083	0.00678	0.00685	0.01341	0.02001	0.02824	0.63923	0.11301	0.06683	0.01554	0.00863	0.00234	0.00350	0.01379	0.00789	0.00678
121	0.02422	0.27204	0.02698	0.01494	0.02070	0.02417	0.01302	0.42648	0.02666	0.03481	0.01509	0.01646	0.01179	0.03270	0.00737	0.00213	0.00789	0.00576	0.00573	0.01104
122	0.01659	0.17756	0.32770	0.01667	0.04095	0.01757	0.01804	0.07263	0.01801	0.05279	0.14970	0.02297	0.02176	0.00857	0.00682	0.00213	0.00820	0.00681	0.00465	0.00989
123	0.01915	0.36532	0.13792	0.01459	0.02072	0.02173	0.04177	0.11383	0.01777	0.05566	0.03714	0.01912	0.01396	0.08191	0.00909	0.00242	0.00817	0.00585	0.00430	0.00957
124	0.01943	0.74891	0.03809	0.01244	0.01866	0.02876	0.01244	0.02177	0.01477	0.01710	0.01011	0.01166	0.00933	0.00622	0.00466	0.00155	0.00777	0.00389	0.00311	0.00933
125	0.01036	0.00760	0.01002	0.01125	0.01271	0.00725	0.00905	0.01294	0.01629	0.02122	0.10051	0.25128	0.14531	0.02009	0.00949	0.00302	0.00530	0.33307	0.00683	0.00641
126	0.01507	0.09801	0.63043	0.02030	0.03055	0.01794	0.04426	0.02292	0.01535	0.02252	0.01284	0.01515	0.00927	0.00682	0.00676	0.00224	0.01053	0.00534	0.00309	0.01059
127	0.03050	0.01347	0.04631	0.01443	0.04658	0.01109	0.01171	0.03363	0.02039	0.62491	0.04991	0.02507	0.01907	0.00900	0.00733	0.00225	0.00638	0.00739	0.00849	0.01208
128	0.00876	0.00742	0.00760	0.00769	0.01010	0.00626	0.00585	0.01068	0.01658	0.01975	0.07176	0.07060	0.66125	0.01850	0.00867	0.00250	0.00384	0.04929	0.00675	0.00617
129	0.01090	0.00756	0.00910	0.00998	0.04500	0.00755	0.00546	0.01118	0.01103	0.01479	0.02311	0.07425	0.02651	0.67561	0.03427	0.00662	0.00702	0.01076	0.00446	0.00485
130	0.01693	0.01533	0.02627	0.32321	0.37017	0.01653	0.04835	0.02147	0.01596	0.05561	0.01416	0.01897	0.01107	0.00691	0.00729	0.00228	0.00910	0.00660	0.00372	0.01007
131	0.01698	0.02112	0.10471	0.03083	0.09100	0.01815	0.55884	0.02318	0.01694	0.02330	0.01446	0.01907	0.01090	0.00623	0.00831	0.00241	0.01182	0.00810	0.00361	0.01003
132	0.03247	0.01260	0.01701	0.01304	0.01867	0.01102	0.01077	0.05379	0.02119	0.68533	0.02836	0.02453	0.01783	0.00899	0.00731	0.00225	0.00624	0.00729	0.00895	0.01237
133	0.01799	0.01727	0.02950	0.04462	0.69919	0.01727	0.02231	0.02231	0.01655	0.02375	0.01367	0.01799	0.01151	0.00648	0.00720	0.00216	0.00864	0.00648	0.00360	0.01151
134	0.01431	0.03573	0.66376	0.02000	0.03019	0.01626	0.02562	0.02244	0.01567	0.02340	0.05524	0.01776	0.01288	0.00740	0.00701	0.00230	0.01029	0.00585	0.00337	0.01050
135	0.01659	0.03413	0.60409	0.02035	0.03040	0.01630	0.05450	0.02434	0.01600	0.09473	0.01477	0.01653	0.01022	0.00709	0.00702	0.00230	0.01033	0.00572	0.00372	0.01087
136	0.01720	0.01948	0.04218	0.03138	0.07300	0.01832	0.63835	0.02323	0.01712	0.02331	0.01465	0.01952	0.01106	0.00615	0.00851	0.00244	0.01206	0.00847	0.00367	0.00989
137	0.01478	0.03620	0.65534	0.02149	0.03197	0.01700	0.07699	0.02304	0.01549	0.02304	0.01317	0.01568	0.00935	0.00685	0.00704	0.00231	0.01086	0.00562	0.00312	0.01067
138	0.01805	0.01784	0.02915	0.09373	0.58927	0.04896	0.05200	0.02238	0.01661	0.02307	0.01355	0.01795	0.01126	0.00657	0.00724	0.00218	0.00909	0.00649	0.00358	0.01104
139	0.02803	0.01507	0.01767	0.01419	0.01913	0.05107	0.01152	0.11190	0.12696	0.43061	0.04310	0.02396	0.01843	0.00935	0.00811	0.00230	0.04164	0.00733	0.00795	0.01167
140	0.01918	0.71239	0.07243	0.01286	0.01931	0.02815	0.01318	0.02183	0.01480	0.01741	0.01026	0.01185	0.00932	0.00625	0.00478	0.00159	0.00793	0.00396	0.00311	0.00940
141	0.01734	0.01714	0.03202	0.15224	0.08449	0.01736	0.35420	0.11351	0.01876	0.02524	0.01700	0.08448	0.01438	0.00824	0.00812	0.00243	0.01020	0.00885	0.00438	0.00963
142	0.02898	0.01567	0.11425	0.01391	0.02002	0.01134	0.01280	0.03252	0.01972	0.57656	0.02698	0.05590	0.01812	0.00933	0.00734	0.00229	0.00674	0.00764	0.00805	0.01185
143	0.01066	0.00702	0.00799	0.00799	0.00799	0.00702	0.00448	0.01053	0.01053	0.01403	0.02248	0.04652	0.02586	0.71500	0.03665	0.03914	0.00702	0.01040	0.00435	0.00435
144	0.01497	0.05325	0.45698	0.02313	0.09362	0.01653	0.11893	0.02190	0.01588	0.02301	0.04626	0.05289	0.01433	0.00786	0.00730	0.00232	0.01001	0.00700	0.00362	0.01022
145	0.01484	0.03578	0.63960	0.02172	0.03212	0.01703	0.09230	0.02305	0.01553	0.02305	0.01321	0.01578	0.00939	0.00683	0.00708	0.00232	0.01090	0.00570	0.00313	0.01065
146	0.04282	0.06904	0.51874	0.02010	0.06077	0.01701	0.02307	0.04623	0.01651	0.09819	0.01468	0.01627	0.01035	0.00713	0.00678	0.00225	0.00973	0.00555	0.00393	0.01085
147	0.01585	0.05268	0.39851	0.02474	0.03387	0.01791	0.30548	0.02309	0.01611	0.02294	0.01367	0.01707	0.01000	0.00655	0.00756	0.00234	0.01130	0.00671	0.00333	0.01029
148	0.01600	0.01803	0.07836	0.10947	0.14867	0.01639	0.34002	0.03837	0.01688	0.02313	0.03790	0.08899	0.01621	0.00831	0.00811	0.00242	0.01008	0.00900	0.00409	0.00957
149	0.21367	0.01756	0.10916	0.10894	0.10922	0.04640	0.01473	0.04376	0.01641	0.15759	0.01793	0.08284	0.01457	0.00879	0.00668	0.00231	0.00761	0.00706	0.00516	0.00961
150	0.06824	0.02808	0.43786	0.01751	0.02604	0.01526	0.02039	0.05805	0.01760	0.18570	0.04457	0.01903	0.01377	0.00780	0.00694	0.00228	0.00891	0.00611	0.00497	0.01087
151	0.21544	0.01932	0.14593	0.04546	0.06105	0.03598	0.03131	0.11338	0.01872	0.15461	0.04930	0.02085	0.04183	0.00832	0.00664	0.00226	0.00756	0.00646	0.00555	0.01003

[dist]
# distance from previous block
# <min> <max>
9	21

[block]
# block no. 3 follows, 28 sequences, length 11
# corresponding to MSA columns:
# 335-345
name=unknown_D
#
# <colnr> <probs for GDERKNQSTAVLIFYWHMCP>
#	G	D	E	R	K	N	Q	S	T	A	V	L	I	F	Y	W	H	M	C	P
0	0.08401	0.01527	0.01846	0.01845	0.12278	0.01615	0.01268	0.24482	0.09636	0.12244	0.06275	0.11130	0.02153	0.01050	0.00738	0.00233	0.00667	0.00877	0.00671	0.01064
1	0.01344	0.01091	0.05279	0.01276	0.05476	0.00937	0.00952	0.01832	0.08590	0.08572	0.31297	0.13072	0.11437	0.04413	0.00942	0.00259	0.00493	0.01232	0.00704	0.00803
2	0.06070	0.01166	0.01467	0.04384	0.07313	0.01212	0.01075	0.08365	0.11695	0.08745	0.23371	0.11455	0.03727	0.01279	0.00794	0.00244	0.00557	0.05492	0.00694	0.00892
3	0.01896	0.31565	0.12872	0.01432	0.02102	0.01900	0.05660	0.02265	0.01601	0.11530	0.01776	0.01868	0.05226	0.00728	0.00599	0.00179	0.00761	0.00566	0.00439	0.15034
4	0.02151	0.01697	0.02029	0.02053	0.14234	0.01857	0.01398	0.26445	0.26567	0.05834	0.02291	0.06384	0.01808	0.00957	0.00742	0.00233	0.00701	0.00800	0.00669	0.01152
5	0.01783	0.01657	0.02658	0.03838	0.56776	0.01672	0.01988	0.06374	0.04807	0.02512	0.01963	0.02269	0.06902	0.00777	0.00733	0.00220	0.00805	0.00730	0.00427	0.01112
6	0.01766	0.01552	0.02169	0.10273	0.02533	0.01516	0.10558	0.14387	0.01862	0.02672	0.01376	0.01676	0.01088	0.00694	0.00791	0.00181	0.06561	0.00576	0.00456	0.37312
7	0.20931	0.01634	0.02379	0.03351	0.47410	0.01710	0.01786	0.02343	0.07122	0.02648	0.01412	0.01723	0.01151	0.00682	0.00655	0.00221	0.00765	0.00600	0.00414	0.01062
8	0.07954	0.01412	0.02124	0.49046	0.09706	0.01657	0.01809	0.08905	0.01700	0.06803	0.01427	0.01881	0.01052	0.00743	0.00704	0.00235	0.00887	0.00632	0.00417	0.00908
9	0.10070	0.01518	0.02549	0.33637	0.11599	0.01652	0.15440	0.04602	0.01636	0.08248	0.01462	0.01885	0.01081	0.00709	0.00724	0.00236	0.00930	0.00671	0.00415	0.00935
10	0.13661	0.01822	0.01918	0.06038	0.02218	0.04176	0.01272	0.39611	0.04477	0.03715	0.01542	0.01654	0.01143	0.00805	0.00715	0.00210	0.03078	0.00586	0.00600	0.10758

[dist]
# distance from previous block
# <min> <max>
2	17

[block]
# block no. 4 follows, 28 sequences, length 60
# corresponding to MSA columns:
# 363-422
name=unknown_E
#
# <colnr> <probs for GDERKNQSTAVLIFYWHMCP>
#	G	D	E	R	K	N	Q	S	T	A	V	L	I	F	Y	W	H	M	C	P
0	0.04434	0.22749	0.02908	0.02886	0.36050	0.02014	0.01709	0.02326	0.05675	0.05460	0.01431	0.01717	0.01191	0.00870	0.03309	0.00239	0.02998	0.00584	0.00398	0.01051
1	0.01879	0.24592	0.02553	0.01921	0.14296	0.06836	0.01363	0.13392	0.01851	0.02390	0.04683	0.01954	0.01496	0.01740	0.15598	0.00397	0.01061	0.00615	0.00437	0.00948
2	0.01867	0.01885	0.05294	0.03932	0.56824	0.05086	0.02099	0.04823	0.06518	0.02474	0.01481	0.01829	0.01212	0.00687	0.00717	0.00217	0.00870	0.00648	0.00399	0.01137
3	0.01579	0.01291	0.01813	0.02108	0.18611	0.01324	0.03695	0.15333	0.05102	0.02626	0.02734	0.34891	0.02893	0.01456	0.00823	0.00255	0.00648	0.01315	0.00599	0.00906
4	0.01068	0.00727	0.00944	0.01021	0.01144	0.00655	0.00700	0.01214	0.01420	0.05215	0.03613	0.60364	0.04207	0.05509	0.01015	0.00294	0.00456	0.01799	0.00651	0.07983
5	0.01525	0.01035	0.01365	0.01426	0.09338	0.00993	0.00961	0.05028	0.06097	0.11858	0.36550	0.04486	0.13794	0.01299	0.00811	0.00230	0.00480	0.01127	0.00737	0.00859
6	0.01858	0.01279	0.01600	0.01335	0.05884	0.01048	0.00986	0.04287	0.01712	0.15616	0.05041	0.04799	0.01656	0.00741	0.00624	0.00154	0.00568	0.00618	0.00554	0.49640
7	0.79588	0.01406	0.01068	0.00956	0.01406	0.01631	0.00787	0.02137	0.01237	0.03261	0.01012	0.01181	0.00787	0.00675	0.00450	0.00225	0.00562	0.00394	0.00450	0.00787
8	0.02808	0.01965	0.02137	0.01639	0.02219	0.02148	0.01354	0.61775	0.03298	0.10470	0.01846	0.01810	0.01287	0.00875	0.00728	0.00219	0.00784	0.00661	0.00743	0.01236
9	0.01819	0.01565	0.01746	0.01710	0.07116	0.01782	0.01243	0.06005	0.58546	0.03014	0.02825	0.02811	0.02174	0.00994	0.00748	0.00246	0.00609	0.03204	0.00707	0.01136
10	0.01002	0.00742	0.00934	0.00886	0.01069	0.00674	0.00665	0.01319	0.01994	0.02763	0.59627	0.05679	0.16862	0.01543	0.00858	0.00231	0.00347	0.01350	0.00780	0.00674
11	0.01438	0.01601	0.07810	0.54706	0.04455	0.04237	0.07795	0.01934	0.01503	0.01932	0.01433	0.05340	0.01160	0.00789	0.00742	0.00242	0.00987	0.00718	0.00345	0.00835
12	0.01019	0.00743	0.00958	0.00904	0.01080	0.00682	0.00678	0.01353	0.02034	0.02859	0.65898	0.05521	0.10531	0.01507	0.00857	0.00230	0.00344	0.01327	0.00793	0.00682
13	0.01135	0.00744	0.00957	0.00955	0.01123	0.00675	0.00696	0.01382	0.01791	0.07699	0.35221	0.28074	0.13302	0.01745	0.00871	0.00252	0.00393	0.01544	0.00751	0.00688
14	0.02763	0.02036	0.02182	0.01672	0.02254	0.02254	0.01382	0.67496	0.03418	0.04581	0.01745	0.01745	0.01236	0.00873	0.00727	0.00218	0.00800	0.00654	0.00727	0.01236
15	0.79588	0.01406	0.01068	0.00956	0.01406	0.01631	0.00787	0.02137	0.01237	0.03261	0.01012	0.01181	0.00787	0.00675	0.00450	0.00225	0.00562	0.00394	0.00450	0.00787
16	0.02267	0.01666	0.01767	0.01498	0.01966	0.04344	0.01189	0.15683	0.42671	0.14701	0.02648	0.02439	0.01916	0.00942	0.00733	0.00235	0.00652	0.00762	0.00751	0.01170
17	0.01057	0.00705	0.00793	0.00793	0.00793	0.00705	0.00440	0.01057	0.01057	0.01409	0.02290	0.04757	0.02643	0.74454	0.03700	0.00705	0.00705	0.01057	0.00440	0.00440
18	0.03146	0.01362	0.01757	0.01354	0.01914	0.01262	0.01116	0.12781	0.04261	0.58908	0.02708	0.02376	0.01731	0.00898	0.00731	0.00225	0.00643	0.00723	0.00870	0.01234
19	0.32042	0.02838	0.43435	0.01635	0.02465	0.01666	0.01943	0.02237	0.01418	0.02678	0.01190	0.01396	0.00869	0.00684	0.00596	0.00228	0.00874	0.00481	0.00363	0.00962
20	0.01055	0.00715	0.00845	0.00845	0.00863	0.00733	0.00505	0.01090	0.01072	0.01448	0.02243	0.04494	0.02529	0.64925	0.13073	0.00769	0.00876	0.01019	0.00433	0.00469
21	0.01814	0.01812	0.14576	0.01561	0.04767	0.01474	0.01377	0.20821	0.07969	0.07074	0.15904	0.08012	0.07439	0.01129	0.00771	0.00233	0.00676	0.00943	0.00651	0.00996
22	0.79588	0.01406	0.01068	0.00956	0.01406	0.01631	0.00787	0.02137	0.01237	0.03261	0.01012	0.01181	0.00787	0.00675	0.00450	0.00225	0.00562	0.00394	0.00450	0.00787
23	0.02156	0.01810	0.01713	0.01438	0.01881	0.11103	0.01141	0.27903	0.16862	0.06030	0.03195	0.03070	0.16344	0.01093	0.00749	0.00226	0.00719	0.00860	0.00678	0.01029
24	0.00891	0.00635	0.00842	0.01005	0.01045	0.00594	0.00667	0.01014	0.01380	0.01841	0.03948	0.71642	0.04735	0.04714	0.01021	0.00309	0.00431	0.02032	0.00667	0.00585
25	0.01760	0.01777	0.05437	0.08551	0.63448	0.01719	0.02235	0.02211	0.01638	0.02340	0.01360	0.01798	0.01132	0.00654	0.00719	0.00218	0.00878	0.00643	0.00356	0.01127
26	0.01799	0.01727	0.02950	0.04462	0.69919	0.01727	0.02231	0.02231	0.01655	0.02375	0.01367	0.01799	0.01151	0.00648	0.00720	0.00216	0.00864	0.00648	0.00360	0.01151
27	0.00933	0.00674	0.00871	0.00957	0.01046	0.00624	0.00659	0.01118	0.01581	0.02141	0.22725	0.47105	0.09254	0.05489	0.01037	0.00293	0.00410	0.01772	0.00699	0.00612
28	0.02465	0.26805	0.02641	0.01654	0.02122	0.44773	0.01350	0.06619	0.01952	0.01928	0.01125	0.01290	0.00954	0.00715	0.00598	0.00179	0.01105	0.00453	0.00375	0.00896
29	0.01663	0.01505	0.02402	0.49438	0.06835	0.01768	0.07783	0.13034	0.01807	0.02378	0.01377	0.01891	0.01033	0.00756	0.00793	0.00240	0.03329	0.00666	0.00397	0.00909
30	0.01795	0.01771	0.02794	0.13548	0.57135	0.05834	0.02153	0.02220	0.01652	0.02270	0.01343	0.01789	0.01114	0.00664	0.00717	0.00218	0.00904	0.00637	0.00356	0.01087
31	0.02249	0.01847	0.03827	0.01533	0.02003	0.09925	0.01237	0.10412	0.40725	0.14297	0.02549	0.02370	0.01855	0.00923	0.00726	0.00232	0.00708	0.00739	0.00709	0.01136
32	0.46468	0.01463	0.01678	0.04273	0.19417	0.01579	0.01241	0.02342	0.01467	0.12050	0.01364	0.01541	0.01025	0.00700	0.00567	0.00223	0.00662	0.00514	0.00483	0.00943
33	0.01462	0.01291	0.02095	0.03012	0.39557	0.01282	0.01659	0.01807	0.01605	0.02220	0.02498	0.18317	0.02623	0.01306	0.00830	0.00260	0.00726	0.16032	0.00498	0.00922
34	0.02954	0.01169	0.01588	0.01241	0.01750	0.01016	0.01016	0.03243	0.02077	0.61118	0.12057	0.02882	0.02497	0.00981	0.00748	0.00225	0.00581	0.00811	0.00886	0.01161
35	0.01808	0.01561	0.01644	0.01479	0.01890	0.01808	0.01151	0.03863	0.68606	0.03041	0.02959	0.02712	0.02219	0.00986	0.00740	0.00247	0.00575	0.00822	0.00740	0.01151
36	0.01022	0.00743	0.00962	0.00908	0.01082	0.00683	0.00681	0.01359	0.02042	0.02878	0.67106	0.05491	0.09312	0.01500	0.00857	0.00229	0.00344	0.01323	0.00795	0.00683
37	0.65291	0.01426	0.01260	0.01107	0.01496	0.01694	0.00914	0.02137	0.01253	0.05719	0.01078	0.01291	0.00852	0.00770	0.00740	0.00238	0.11036	0.00442	0.00449	0.00806
