[name]
unknown

[dist]
# distance from previous block
# <min> <max>
2	5

[block]
# block no. 0 follows, 23 sequences, length 6
# corresponding to MSA columns:
# 5-10
name=unknown_A
#
# <colnr> <probs for GDERKNQSTAVLIFYWHMCP>
#	G	D	E	R	K	N	Q	S	T	A	V	L	I	F	Y	W	H	M	C	P
0	0.02078	0.29787	0.27984	0.02156	0.08212	0.12381	0.02126	0.02610	0.01788	0.02237	0.01307	0.01544	0.01058	0.00747	0.00672	0.00217	0.01092	0.00535	0.00361	0.01107
1	0.02021	0.20731	0.33872	0.02380	0.10813	0.12207	0.02319	0.02626	0.01802	0.02328	0.01353	0.01610	0.01066	0.00756	0.00707	0.00227	0.01127	0.00562	0.00362	0.01132
2	0.02109	0.02145	0.02994	0.04282	0.51905	0.11833	0.02262	0.02542	0.01917	0.02534	0.01695	0.02466	0.01505	0.00855	0.00817	0.00246	0.01023	0.05248	0.00430	0.01193
3	0.01892	0.01788	0.03029	0.13358	0.53392	0.01836	0.02369	0.02373	0.01819	0.02557	0.01724	0.02568	0.01514	0.00849	0.00828	0.00255	0.00963	0.05270	0.00422	0.01193
4	0.01934	0.01852	0.03160	0.15021	0.56960	0.01908	0.02453	0.02425	0.01813	0.02561	0.01513	0.02032	0.01254	0.00737	0.00805	0.00246	0.00982	0.00723	0.00395	0.01226
5	0.01873	0.01790	0.03050	0.23277	0.49179	0.01892	0.02423	0.02372	0.01784	0.02487	0.01502	0.02052	0.01228	0.00748	0.00806	0.00249	0.00997	0.00722	0.00390	0.01176

[dist]
# distance from previous block
# <min> <max>
0	2

[block]
# block no. 1 follows, 23 sequences, length 17
# corresponding to MSA columns:
# 13-29
name=unknown_B
#
# <colnr> <probs for GDERKNQSTAVLIFYWHMCP>
#	G	D	E	R	K	N	Q	S	T	A	V	L	I	F	Y	W	H	M	C	P
0	0.01985	0.02064	0.02746	0.32277	0.28837	0.13674	0.02224	0.02444	0.01831	0.02284	0.01442	0.01978	0.01155	0.00781	0.00794	0.00248	0.01104	0.00687	0.00387	0.01059
1	0.02944	0.03702	0.02384	0.02337	0.07967	0.62563	0.01647	0.03176	0.02261	0.02043	0.01277	0.01510	0.01066	0.00826	0.00738	0.00212	0.01421	0.00540	0.00417	0.00970
2	0.01973	0.01892	0.03230	0.09785	0.61894	0.01919	0.02473	0.02459	0.01831	0.02608	0.01520	0.02020	0.01270	0.00730	0.00804	0.00243	0.00973	0.00723	0.00399	0.01257
3	0.02008	0.01928	0.03294	0.04981	0.66422	0.01928	0.02490	0.02490	0.01848	0.02651	0.01526	0.02008	0.01285	0.00723	0.00803	0.00241	0.00964	0.00723	0.00402	0.01285
4	0.02096	0.02094	0.03209	0.04734	0.60963	0.07590	0.02411	0.02554	0.01886	0.02594	0.01503	0.01962	0.01265	0.00733	0.00797	0.00238	0.01007	0.00706	0.00403	0.01256
5	0.01983	0.01902	0.03247	0.08450	0.63152	0.01921	0.02478	0.02468	0.01836	0.02620	0.01522	0.02017	0.01274	0.00728	0.00804	0.00243	0.00970	0.00723	0.00399	0.01265
6	0.02918	0.03562	0.02288	0.04870	0.02617	0.58184	0.01580	0.06734	0.05653	0.02244	0.01410	0.01603	0.01141	0.00857	0.00745	0.00217	0.01371	0.00564	0.00460	0.00982
7	0.02000	0.01952	0.03432	0.04836	0.60665	0.01939	0.08136	0.02500	0.01854	0.02646	0.01537	0.02025	0.01280	0.00719	0.00818	0.00244	0.01001	0.00745	0.00402	0.01268
8	0.01866	0.02056	0.04321	0.03354	0.09742	0.01928	0.51986	0.02489	0.01880	0.02578	0.01772	0.05767	0.01452	0.00782	0.00933	0.00267	0.01252	0.00987	0.00430	0.04157
9	0.04910	0.02176	0.02329	0.01882	0.02412	0.13050	0.06912	0.20714	0.12210	0.14130	0.05711	0.02391	0.01902	0.01004	0.00907	0.00253	0.04410	0.00790	0.00717	0.01193
10	0.06764	0.02303	0.06171	0.03170	0.30489	0.14501	0.01927	0.03045	0.08679	0.12289	0.01887	0.02069	0.01437	0.00831	0.00775	0.00241	0.00978	0.00696	0.00543	0.01205
11	0.07781	0.01990	0.05984	0.06377	0.18470	0.07031	0.01712	0.06057	0.14311	0.16691	0.04005	0.02379	0.01781	0.00914	0.00787	0.00251	0.00859	0.00759	0.00649	0.01212
12	0.02159	0.08062	0.02140	0.11422	0.05546	0.01777	0.01398	0.06185	0.22338	0.13686	0.03014	0.02971	0.08183	0.01039	0.00788	0.00246	0.00736	0.00855	0.00691	0.06762
13	0.01978	0.13020	0.30863	0.04971	0.02744	0.01805	0.01999	0.02681	0.05465	0.13215	0.06659	0.02670	0.06568	0.00975	0.00773	0.00246	0.00914	0.00776	0.00549	0.01129
14	0.06395	0.23772	0.14747	0.01720	0.02418	0.17674	0.01657	0.02992	0.01954	0.17030	0.01693	0.01751	0.01253	0.00816	0.00683	0.00219	0.01016	0.00573	0.00521	0.01116
15	0.14933	0.27171	0.02688	0.01473	0.02016	0.08934	0.01280	0.12588	0.02053	0.02871	0.05190	0.02011	0.04163	0.00912	0.00756	0.00218	0.04783	0.00622	0.00512	0.04827
16	0.10324	0.01268	0.01695	0.01358	0.01848	0.01158	0.04562	0.02797	0.02143	0.32059	0.21735	0.03657	0.05427	0.01165	0.00826	0.00247	0.00617	0.00988	0.00848	0.05277

[dist]
# distance from previous block
# <min> <max>
10	103

[block]
# block no. 2 follows, 23 sequences, length 10
# corresponding to MSA columns:
# 160-169
name=unknown_C
#
# <colnr> <probs for GDERKNQSTAVLIFYWHMCP>
#	G	D	E	R	K	N	Q	S	T	A	V	L	I	F	Y	W	H	M	C	P
0	0.04765	0.07053	0.09698	0.05347	0.02681	0.01646	0.16147	0.06533	0.01861	0.08132	0.02172	0.11827	0.01989	0.07983	0.01147	0.00303	0.00923	0.00982	0.00541	0.08271
1	0.02288	0.22207	0.07493	0.01625	0.02264	0.17989	0.01442	0.10257	0.02125	0.02618	0.04755	0.01788	0.01467	0.00799	0.00668	0.00189	0.00953	0.00570	0.00481	0.18023
2	0.12002	0.02055	0.08678	0.15781	0.02914	0.05552	0.01614	0.17512	0.11836	0.03323	0.02231	0.02399	0.04929	0.00959	0.00760	0.00253	0.00869	0.00749	0.04497	0.01087
3	0.01999	0.01750	0.02337	0.04629	0.02279	0.02202	0.01627	0.08837	0.01658	0.05967	0.01345	0.01851	0.01170	0.01214	0.02007	0.00302	0.46540	0.00688	0.00458	0.11139
4	0.01676	0.06721	0.09007	0.05733	0.02940	0.01670	0.25314	0.05477	0.01968	0.02703	0.12490	0.12703	0.02874	0.01153	0.00891	0.00265	0.00950	0.01134	0.03355	0.00977
5	0.01929	0.05446	0.02167	0.01631	0.02120	0.04532	0.07959	0.04847	0.11138	0.08305	0.06329	0.03280	0.12728	0.01135	0.00998	0.00240	0.08067	0.00918	0.00626	0.15604
6	0.02604	0.08168	0.06797	0.01884	0.02377	0.44504	0.01537	0.06817	0.05024	0.02306	0.02156	0.02264	0.08245	0.00975	0.00754	0.00222	0.01215	0.00683	0.00488	0.00981
7	0.49400	0.01530	0.01261	0.01128	0.01571	0.05760	0.00904	0.02319	0.01672	0.08036	0.09971	0.02723	0.08934	0.01030	0.00646	0.00251	0.00632	0.00737	0.00609	0.00885
8	0.02027	0.01333	0.01600	0.01517	0.05254	0.01350	0.01110	0.03038	0.24189	0.17420	0.15728	0.04354	0.14955	0.01337	0.00871	0.00264	0.00580	0.01132	0.00842	0.01100
9	0.02080	0.08990	0.22853	0.05615	0.10735	0.08980	0.01969	0.02608	0.01932	0.11788	0.09264	0.05580	0.02176	0.00986	0.00790	0.00245	0.00960	0.00809	0.00538	0.01103

[dist]
# distance from previous block
# <min> <max>
44	231

[block]
# block no. 3 follows, 23 sequences, length 36
# corresponding to MSA columns:
# 478-513
name=unknown_D
#
# <colnr> <probs for GDERKNQSTAVLIFYWHMCP>
#	G	D	E	R	K	N	Q	S	T	A	V	L	I	F	Y	W	H	M	C	P
0	0.01057	0.00844	0.00996	0.00996	0.01191	0.00782	0.00737	0.01304	0.01905	0.02483	0.24824	0.18735	0.34208	0.01997	0.01046	0.00282	0.03415	0.01705	0.00779	0.00714
1	0.01793	0.01695	0.07946	0.08433	0.11060	0.05957	0.05244	0.02245	0.02073	0.09862	0.27728	0.06105	0.04009	0.01213	0.00877	0.00255	0.00775	0.01077	0.00671	0.00985
2	0.04799	0.02551	0.20306	0.07542	0.03884	0.01911	0.37958	0.02471	0.01803	0.02570	0.01705	0.05553	0.01366	0.00813	0.00885	0.00271	0.01229	0.00898	0.00411	0.01077
3	0.01075	0.00775	0.01070	0.01225	0.01314	0.00770	0.00897	0.01283	0.01565	0.02101	0.04033	0.48057	0.04652	0.03118	0.12984	0.00510	0.00822	0.12366	0.00696	0.00686
4	0.01843	0.02637	0.21235	0.06376	0.18903	0.01966	0.29927	0.02542	0.01832	0.02581	0.01555	0.02016	0.01183	0.00722	0.00864	0.00261	0.01214	0.00795	0.00388	0.01160
5	0.02427	0.06460	0.02586	0.08807	0.13928	0.11559	0.01746	0.21274	0.12309	0.03268	0.01829	0.02029	0.01417	0.00929	0.00913	0.00249	0.05789	0.00709	0.00584	0.01186
6	0.01746	0.10210	0.49956	0.02699	0.14543	0.02018	0.02755	0.02542	0.01731	0.02522	0.01438	0.01727	0.01075	0.00755	0.00753	0.00246	0.01126	0.00606	0.00354	0.01200
7	0.02258	0.02420	0.02406	0.02817	0.22740	0.24342	0.01737	0.02846	0.10504	0.02468	0.01978	0.02243	0.03996	0.00948	0.00948	0.00243	0.07562	0.00722	0.05754	0.01070
8	0.02007	0.36850	0.23078	0.01947	0.05367	0.06515	0.01978	0.02472	0.01673	0.02152	0.01246	0.01517	0.01051	0.00804	0.00848	0.00223	0.08310	0.00531	0.00353	0.01078
9	0.02408	0.02048	0.01940	0.01672	0.02091	0.13475	0.01324	0.31295	0.02801	0.03557	0.05178	0.09366	0.02517	0.07216	0.01144	0.00309	0.00906	0.08995	0.00705	0.01053
10	0.01384	0.00928	0.01367	0.10469	0.04486	0.00985	0.01040	0.03607	0.01408	0.01884	0.02275	0.18786	0.02418	0.06079	0.06760	0.33089	0.00824	0.01123	0.00480	0.00608
11	0.01106	0.00854	0.01182	0.01179	0.01350	0.00788	0.03971	0.01365	0.01842	0.02469	0.23027	0.31919	0.15245	0.04866	0.01126	0.00317	0.00511	0.05401	0.00766	0.00716
12	0.01965	0.02046	0.03966	0.12102	0.06772	0.02098	0.40904	0.08248	0.01989	0.02708	0.01584	0.02116	0.01212	0.00800	0.01078	0.00277	0.07743	0.00871	0.00436	0.01084
13	0.01909	0.02512	0.19956	0.04112	0.46667	0.01921	0.02561	0.02604	0.05050	0.02668	0.01599	0.01983	0.01279	0.00755	0.00796	0.00247	0.01009	0.00701	0.00408	0.01263
14	0.04041	0.03227	0.44793	0.02489	0.11641	0.01720	0.02561	0.02395	0.01748	0.02590	0.01959	0.03061	0.01704	0.01025	0.00829	0.00275	0.01069	0.11325	0.00428	0.01120
15	0.02574	0.04086	0.07993	0.01466	0.02016	0.01388	0.01294	0.11620	0.02410	0.30827	0.18150	0.06822	0.03341	0.01206	0.00846	0.00253	0.00688	0.01006	0.00851	0.01164
16	0.20551	0.06156	0.02192	0.08051	0.02484	0.02273	0.01434	0.29007	0.08492	0.03871	0.01714	0.01867	0.01290	0.00935	0.00863	0.00255	0.06128	0.00658	0.00633	0.01146
17	0.01183	0.00895	0.01097	0.01208	0.01325	0.00908	0.00832	0.01698	0.12784	0.02276	0.04149	0.54923	0.04708	0.06460	0.01186	0.00348	0.00520	0.01992	0.00750	0.00760
18	0.01629	0.06711	0.54377	0.02311	0.07040	0.01839	0.02685	0.02460	0.01774	0.02610	0.07555	0.02125	0.01672	0.00849	0.00780	0.00252	0.01093	0.00682	0.00399	0.01156
19	0.04629	0.02960	0.38674	0.02145	0.05700	0.01629	0.05417	0.02642	0.01871	0.13032	0.06903	0.02759	0.01967	0.00972	0.00818	0.00264	0.01001	0.04935	0.00532	0.01150
20	0.01833	0.01796	0.03165	0.16550	0.41944	0.01835	0.10688	0.02335	0.01815	0.02504	0.01994	0.02467	0.05766	0.00827	0.00837	0.00253	0.01003	0.00824	0.00420	0.01145
21	0.01236	0.01137	0.01072	0.01097	0.01348	0.07521	0.00846	0.01470	0.01888	0.02239	0.08637	0.12892	0.41747	0.01992	0.00970	0.00288	0.00578	0.11595	0.00724	0.00722
22	0.04169	0.02142	0.02808	0.17206	0.03461	0.09976	0.15165	0.23563	0.02565	0.03348	0.06139	0.02262	0.01667	0.00900	0.00836	0.00253	0.01065	0.00797	0.00575	0.01103
23	0.01666	0.02202	0.15545	0.11896	0.03686	0.01770	0.30621	0.02261	0.01764	0.02434	0.04550	0.08643	0.01830	0.01034	0.01050	0.02951	0.03670	0.00986	0.00439	0.00999
24	0.01113	0.00798	0.01037	0.01186	0.01272	0.00769	0.00822	0.04369	0.01686	0.02246	0.04334	0.64221	0.05126	0.02446	0.01029	0.00327	0.00507	0.05256	0.00756	0.00701
25	0.01151	0.01150	0.07423	0.08745	0.01893	0.00929	0.01134	0.01475	0.01771	0.02429	0.19980	0.39815	0.05084	0.01952	0.00965	0.00297	0.00584	0.01751	0.00708	0.00765
26	0.02196	0.44702	0.06521	0.08277	0.05977	0.12850	0.04806	0.02538	0.01773	0.02039	0.01238	0.01508	0.01067	0.00731	0.00628	0.00200	0.01024	0.00524	0.00365	0.01035
27	0.01695	0.10514	0.58521	0.02342	0.06121	0.02012	0.02823	0.02553	0.01713	0.02511	0.01428	0.01687	0.01040	0.00762	0.00749	0.00248	0.01158	0.00589	0.00346	0.01188
28	0.02043	0.01984	0.02329	0.12333	0.20719	0.15472	0.01751	0.02411	0.01960	0.06349	0.13079	0.02850	0.04541	0.01052	0.00999	0.00254	0.07482	0.00850	0.00530	0.01015
29	0.02798	0.13741	0.13912	0.01709	0.02443	0.02039	0.01638	0.18836	0.06485	0.24998	0.02238	0.02145	0.01545	0.00911	0.00759	0.00239	0.00858	0.00700	0.00719	0.01287
30	0.05621	0.02054	0.01939	0.01641	0.02132	0.13473	0.01296	0.16473	0.20234	0.14125	0.10044	0.02769	0.02465	0.01064	0.00807	0.00249	0.00817	0.00837	0.00776	0.01182
31	0.01239	0.00852	0.01068	0.01142	0.01226	0.00842	0.00769	0.06398	0.01631	0.02176	0.03630	0.47013	0.04228	0.14673	0.01768	0.07604	0.00585	0.01822	0.00674	0.00661
32	0.11455	0.09887	0.02174	0.05094	0.02210	0.13679	0.01353	0.13043	0.08480	0.02987	0.07894	0.07024	0.02157	0.01115	0.00944	0.00253	0.07830	0.00821	0.00588	0.01011
33	0.01680	0.01582	0.06599	0.01773	0.02180	0.01434	0.12211	0.14260	0.04789	0.02886	0.05304	0.31427	0.03361	0.05211	0.01105	0.00316	0.00786	0.01483	0.00670	0.00941
34	0.01912	0.02053	0.09115	0.04074	0.46925	0.01855	0.04471	0.02605	0.07726	0.02692	0.01918	0.02672	0.01650	0.00887	0.00834	0.00258	0.00953	0.05712	0.00464	0.01226
35	0.17828	0.02804	0.35255	0.10941	0.03098	0.01720	0.02188	0.02318	0.01622	0.02677	0.01673	0.02476	0.01389	0.00996	0.00840	0.02994	0.00997	0.06751	0.00421	0.01014

[dist]
# distance from previous block
# <min> <max>
0	7

[block]
# block no. 4 follows, 23 sequences, length 19
# corresponding to MSA columns:
# 521-539
name=unknown_E
#
# <colnr> <probs for GDERKNQSTAVLIFYWHMCP>
#	G	D	E	R	K	N	Q	S	T	A	V	L	I	F	Y	W	H	M	C	P
0	0.02472	0.01715	0.11234	0.06704	0.02359	0.01332	0.01450	0.05653	0.05223	0.31227	0.18235	0.03354	0.03182	0.01120	0.00844	0.00255	0.00725	0.00939	0.00815	0.01162
1	0.03006	0.02503	0.02373	0.01890	0.02489	0.13410	0.01530	0.49788	0.07549	0.04482	0.01921	0.01938	0.01396	0.00959	0.00799	0.00240	0.00971	0.00708	0.00747	0.01301
2	0.00989	0.00706	0.00942	0.01130	0.01177	0.00659	0.00753	0.01130	0.01554	0.02071	0.04472	0.70954	0.05367	0.02542	0.01036	0.00330	0.00471	0.02307	0.00753	0.00659
3	0.01651	0.03442	0.47367	0.02566	0.06786	0.01824	0.13890	0.02461	0.01745	0.02541	0.01725	0.07114	0.01411	0.00888	0.00827	0.00265	0.01162	0.00802	0.00390	0.01143
4	0.05208	0.05854	0.43305	0.02837	0.15041	0.01955	0.09442	0.02545	0.01743	0.02613	0.01463	0.01787	0.01091	0.00749	0.00776	0.00253	0.01137	0.00649	0.00368	0.01183
5	0.02057	0.02158	0.06164	0.04670	0.59369	0.06248	0.02453	0.02543	0.01871	0.02604	0.01505	0.01959	0.01258	0.00733	0.00797	0.00240	0.01007	0.00704	0.00400	0.01259
6	0.01055	0.00813	0.00943	0.00933	0.01134	0.00724	0.00679	0.01312	0.01956	0.02567	0.31004	0.12028	0.32544	0.07246	0.01207	0.00310	0.00433	0.01620	0.00790	0.00701
7	0.01878	0.02019	0.06024	0.10527	0.27017	0.05346	0.18111	0.02501	0.05213	0.02493	0.01698	0.02216	0.01373	0.01344	0.08305	0.00371	0.01235	0.00795	0.00424	0.01111
8	0.01715	0.04904	0.11162	0.02535	0.03082	0.01972	0.28875	0.02213	0.01649	0.02319	0.01804	0.09660	0.01659	0.01359	0.04880	0.00347	0.17471	0.00980	0.00426	0.00988
9	0.01139	0.00885	0.01201	0.01250	0.01404	0.00851	0.03541	0.01510	0.06452	0.02356	0.11460	0.46834	0.10408	0.02196	0.01006	0.00312	0.00523	0.05171	0.00759	0.00744
10	0.01691	0.03751	0.53408	0.02559	0.03674	0.01922	0.16422	0.02576	0.01758	0.02576	0.01497	0.01819	0.01073	0.00752	0.00812	0.00261	0.01237	0.00679	0.00358	0.01176
11	0.02075	0.02037	0.02754	0.18588	0.27343	0.09396	0.02110	0.08373	0.01927	0.02558	0.01433	0.01935	0.01181	0.00909	0.01141	0.00265	0.13756	0.00699	0.00426	0.01095
12	0.01841	0.30922	0.42426	0.01948	0.02948	0.02407	0.02363	0.02515	0.01688	0.02309	0.01327	0.01551	0.01033	0.00741	0.00672	0.00224	0.01069	0.00534	0.00344	0.01137
13	0.01675	0.02048	0.14489	0.25883	0.24295	0.01774	0.02253	0.02196	0.01648	0.02292	0.01580	0.02363	0.01344	0.08620	0.01243	0.00319	0.03808	0.00750	0.00385	0.01035
14	0.01931	0.20662	0.31647	0.04255	0.02803	0.05040	0.02085	0.09178	0.01939	0.02618	0.01690	0.06983	0.01441	0.00920	0.00725	0.00236	0.01005	0.00709	0.03031	0.01101
15	0.02746	0.02275	0.02098	0.01718	0.02206	0.15199	0.01345	0.35623	0.05686	0.07184	0.02037	0.02493	0.01653	0.12492	0.01340	0.00327	0.00967	0.00776	0.00692	0.01143
16	0.01431	0.00831	0.01120	0.01112	0.01169	0.00841	0.00753	0.05770	0.01369	0.01828	0.02146	0.15477	0.02314	0.10227	0.02704	0.48188	0.00684	0.01057	0.00477	0.00502
17	0.01405	0.01060	0.01177	0.01102	0.01359	0.03443	0.00826	0.01902	0.08447	0.06593	0.34745	0.08372	0.19794	0.04856	0.01076	0.00287	0.00496	0.01415	0.00819	0.00825
18	0.01727	0.01849	0.14180	0.01801	0.02295	0.04411	0.11369	0.02148	0.01831	0.11188	0.07136	0.30071	0.03374	0.01563	0.00924	0.00286	0.00823	0.01427	0.00649	0.00949

[dist]
# distance from previous block
# <min> <max>
0	1

[block]
# block no. 5 follows, 23 sequences, length 58
# corresponding to MSA columns:
# 541-598
name=unknown_F
#
# <colnr> <probs for GDERKNQSTAVLIFYWHMCP>
#	G	D	E	R	K	N	Q	S	T	A	V	L	I	F	Y	W	H	M	C	P
0	0.02063	0.01896	0.06533	0.03463	0.37581	0.01800	0.02007	0.02971	0.16529	0.08297	0.06738	0.02583	0.02068	0.00905	0.00819	0.00252	0.00838	0.00822	0.00583	0.01250
1	0.01824	0.03746	0.55428	0.02454	0.07232	0.01839	0.05504	0.02677	0.01779	0.07711	0.01608	0.01836	0.01131	0.00783	0.00785	0.00256	0.01152	0.00640	0.00402	0.01214
2	0.02554	0.14590	0.02984	0.02892	0.23616	0.24552	0.01839	0.12618	0.02283	0.02698	0.01435	0.01695	0.01178	0.00797	0.00732	0.00219	0.01104	0.00607	0.00464	0.01143
3	0.02957	0.02209	0.02363	0.01841	0.02468	0.02457	0.01511	0.56611	0.11128	0.04908	0.02110	0.02077	0.01511	0.00989	0.00813	0.00247	0.00863	0.00753	0.00813	0.01368
4	0.02352	0.01757	0.01837	0.01542	0.01966	0.04586	0.01185	0.24657	0.20195	0.08142	0.02542	0.03122	0.02109	0.18441	0.01633	0.00386	0.00805	0.00892	0.00734	0.01115
5	0.01789	0.01807	0.05410	0.25408	0.41198	0.01825	0.02342	0.02294	0.01770	0.02440	0.01825	0.02332	0.04394	0.00819	0.00812	0.00253	0.00984	0.00766	0.00403	0.01129
6	0.01627	0.04197	0.67279	0.02313	0.03512	0.01884	0.02998	0.02570	0.01713	0.02570	0.01456	0.01713	0.01028	0.00771	0.00771	0.00257	0.01199	0.00600	0.00343	0.01199
7	0.01695	0.01225	0.01407	0.01336	0.01687	0.01247	0.01085	0.06861	0.16938	0.08386	0.05069	0.06189	0.23619	0.01712	0.00950	0.00298	0.00619	0.17928	0.00795	0.00955
8	0.01077	0.00890	0.00958	0.00973	0.01227	0.00807	0.00734	0.01460	0.06869	0.02338	0.09851	0.14518	0.47778	0.02027	0.00967	0.00285	0.00455	0.05286	0.00765	0.00737
9	0.03260	0.01800	0.02131	0.01647	0.02265	0.01839	0.01358	0.33395	0.03017	0.33623	0.02538	0.02378	0.01699	0.01206	0.03685	0.00292	0.00854	0.00776	0.00885	0.01352
10	0.02658	0.02241	0.02342	0.07334	0.07470	0.09929	0.01601	0.37702	0.10056	0.03999	0.02238	0.02306	0.04436	0.00991	0.00810	0.00246	0.00929	0.00771	0.00699	0.01241
11	0.01085	0.00817	0.01195	0.01303	0.01411	0.00773	0.04052	0.01290	0.01620	0.02153	0.04300	0.57943	0.05048	0.02401	0.01045	0.00333	0.00559	0.11242	0.00735	0.00695
12	0.02724	0.06212	0.07259	0.01991	0.02504	0.39972	0.01637	0.12290	0.10200	0.02669	0.01616	0.01754	0.01272	0.00900	0.00820	0.00230	0.03750	0.00612	0.00517	0.01071
13	0.19003	0.11726	0.02108	0.10234	0.02405	0.20681	0.01329	0.02598	0.06635	0.02623	0.09353	0.02368	0.03979	0.00952	0.00703	0.00234	0.00921	0.00698	0.00518	0.00932
14	0.02130	0.43995	0.21719	0.01740	0.02540	0.11351	0.01865	0.02575	0.01752	0.02105	0.01237	0.01439	0.01038	0.00734	0.00619	0.00202	0.01039	0.00492	0.00355	0.01073
15	0.01741	0.01824	0.01358	0.01270	0.01596	0.22465	0.00956	0.01966	0.02048	0.04595	0.10515	0.05437	0.38007	0.01591	0.00880	0.00251	0.00758	0.01276	0.00666	0.00800
16	0.06678	0.01561	0.01899	0.04171	0.02228	0.01578	0.01271	0.08417	0.19869	0.38892	0.02965	0.02680	0.02000	0.01009	0.00803	0.00258	0.00704	0.00816	0.00890	0.01310
17	0.07391	0.01618	0.02192	0.29272	0.14488	0.06515	0.01814	0.02220	0.04818	0.02407	0.04544	0.09907	0.02036	0.01110	0.00901	0.00273	0.03798	0.03263	0.00484	0.00950
18	0.00989	0.00706	0.00942	0.01130	0.01177	0.00659	0.00753	0.01130	0.01554	0.02071	0.04472	0.70954	0.05367	0.02542	0.01036	0.00330	0.00471	0.02307	0.00753	0.00659
19	0.01655	0.02040	0.12698	0.35749	0.10073	0.01838	0.16540	0.02268	0.01721	0.02320	0.01620	0.04869	0.01299	0.00838	0.00848	0.00269	0.01131	0.00822	0.00389	0.01014
20	0.08637	0.01252	0.01599	0.01418	0.01862	0.01193	0.01171	0.03033	0.06583	0.35152	0.03430	0.09521	0.02915	0.01437	0.00889	0.00291	0.00680	0.16962	0.00863	0.01110
21	0.01848	0.02081	0.04507	0.03253	0.04017	0.01950	0.58895	0.02492	0.01889	0.02561	0.01848	0.07210	0.01533	0.00820	0.00963	0.00278	0.01302	0.01056	0.00435	0.01063
22	0.01148	0.00829	0.01085	0.01021	0.01212	0.00766	0.00766	0.01531	0.02297	0.03254	0.65994	0.06061	0.07656	0.01659	0.00957	0.00255	0.00383	0.01467	0.00893	0.00766
23	0.01595	0.01254	0.01668	0.01884	0.11296	0.01284	0.01269	0.09130	0.08522	0.03047	0.20971	0.15528	0.04515	0.01635	0.00948	0.00288	0.00639	0.12827	0.00753	0.00946
24	0.01798	0.08745	0.51976	0.02542	0.11190	0.01958	0.02742	0.02607	0.01751	0.05216	0.01514	0.01764	0.01102	0.00769	0.00759	0.00249	0.01124	0.00612	0.00378	0.01206
25	0.01024	0.00723	0.00939	0.01089	0.01135	0.00683	0.00715	0.01154	0.01529	0.02046	0.06749	0.58431	0.05101	0.12817	0.01495	0.00395	0.00514	0.02103	0.00720	0.00638
26	0.01627	0.04197	0.67279	0.02313	0.03512	0.01884	0.02998	0.02570	0.01713	0.02570	0.01456	0.01713	0.01028	0.00771	0.00771	0.00257	0.01199	0.00600	0.00343	0.01199
27	0.08968	0.03528	0.48178	0.02468	0.05487	0.01908	0.13098	0.02554	0.01720	0.02680	0.01459	0.01766	0.01057	0.00753	0.00778	0.00259	0.01165	0.00649	0.00371	0.01153
28	0.02660	0.01872	0.02061	0.01657	0.02165	0.02027	0.01323	0.46000	0.03187	0.08130	0.02448	0.12577	0.02133	0.06554	0.01097	0.00298	0.00809	0.01006	0.00790	0.01205
29	0.01677	0.01626	0.02580	0.55424	0.16183	0.04518	0.02267	0.02194	0.01690	0.02171	0.01449	0.02108	0.01116	0.00797	0.00807	0.00263	0.01076	0.00713	0.00370	0.00971
30	0.02420	0.13513	0.07155	0.01718	0.02295	0.15724	0.01485	0.21151	0.11933	0.03190	0.02562	0.02562	0.08808	0.01030	0.00765	0.00235	0.00935	0.00772	0.00619	0.01130
31	0.08347	0.02899	0.02221	0.02104	0.07084	0.36439	0.01526	0.13269	0.07247	0.02805	0.01830	0.01980	0.03994	0.00942	0.00831	0.00234	0.04010	0.00655	0.00533	0.01049
32	0.01045	0.00787	0.00990	0.01104	0.01222	0.00750	0.00770	0.01307	0.04183	0.02187	0.07781	0.48712	0.16037	0.02623	0.06087	0.00387	0.00591	0.01996	0.00739	0.00699
33	0.01278	0.00962	0.01309	0.01299	0.01472	0.00938	0.03919	0.07720	0.01934	0.02618	0.14850	0.49099	0.05154	0.02135	0.00995	0.00305	0.00543	0.01931	0.00767	0.00773
34	0.01767	0.02537	0.20145	0.02999	0.08534	0.01915	0.34582	0.02427	0.01789	0.02515	0.01776	0.07510	0.01503	0.00902	0.01007	0.00276	0.05371	0.00941	0.00416	0.01089
35	0.01690	0.07773	0.49040	0.02398	0.03451	0.01943	0.13788	0.02518	0.01773	0.02567	0.04465	0.01976	0.01373	0.00792	0.00798	0.00255	0.01172	0.00695	0.00381	0.01150
36	0.02896	0.03614	0.02271	0.04793	0.02604	0.60698	0.01575	0.03271	0.06847	0.02092	0.01411	0.01606	0.01151	0.00854	0.00742	0.00216	0.01388	0.00559	0.00446	0.00964
37	0.01924	0.02336	0.08266	0.08281	0.04213	0.05275	0.52153	0.02589	0.01900	0.02528	0.01596	0.02122	0.01198	0.00706	0.00924	0.00269	0.01341	0.00897	0.00403	0.01079
38	0.01993	0.01880	0.03270	0.10062	0.03404	0.01958	0.29041	0.15945	0.02231	0.03020	0.04267	0.09882	0.01925	0.01058	0.01042	0.00278	0.06106	0.01030	0.00546	0.01061
39	0.00989	0.00706	0.00942	0.01130	0.01177	0.00659	0.00753	0.01130	0.01554	0.02071	0.04472	0.70954	0.05367	0.02542	0.01036	0.00330	0.00471	0.02307	0.00753	0.00659
40	0.01663	0.01445	0.02169	0.08162	0.25751	0.01509	0.01736	0.02379	0.11818	0.02679	0.07899	0.08492	0.03079	0.01361	0.00915	0.00289	0.00791	0.16211	0.00614	0.01038
41	0.08246	0.18148	0.36240	0.02010	0.02951	0.02153	0.06700	0.05170	0.01818	0.07269	0.01518	0.01712	0.01119	0.00772	0.00713	0.00239	0.01043	0.00598	0.00429	0.01152
42	0.02522	0.02872	0.02265	0.02350	0.12495	0.37941	0.01579	0.05588	0.11079	0.02462	0.02132	0.02263	0.06055	0.00941	0.00771	0.00226	0.01132	0.00704	0.00516	0.04105
43	0.01139	0.00887	0.01014	0.00970	0.01215	0.00803	0.00729	0.04220	0.02114	0.02770	0.32118	0.10035	0.35317	0.01863	0.00955	0.00268	0.00425	0.01594	0.00815	0.00750
44	0.02751	0.02142	0.02674	0.02044	0.02673	0.02307	0.10750	0.49844	0.03360	0.04508	0.02093	0.07196	0.01659	0.01049	0.00850	0.00255	0.00932	0.00884	0.00747	0.01283
45	0.14785	0.04745	0.06987	0.01665	0.02251	0.09039	0.01436	0.30247	0.06539	0.03897	0.06600	0.02326	0.04063	0.00994	0.00756	0.00244	0.00862	0.00740	0.00673	0.01151
46	0.01003	0.00716	0.00958	0.01146	0.01199	0.00671	0.00778	0.01154	0.01567	0.02087	0.04464	0.68214	0.05336	0.02529	0.01039	0.00331	0.00483	0.04907	0.00753	0.00663
47	0.01891	0.02241	0.07780	0.06298	0.08801	0.02024	0.53312	0.02567	0.01887	0.02579	0.01615	0.02150	0.01218	0.00697	0.00931	0.00270	0.01318	0.00912	0.00404	0.01105
48	0.07290	0.01231	0.01369	0.01293	0.01581	0.01296	0.00972	0.12834	0.11557	0.03103	0.12592	0.28972	0.09202	0.01749	0.00907	0.00285	0.00566	0.01512	0.00775	0.00914
49	0.01923	0.02170	0.04305	0.03133	0.03864	0.04833	0.53121	0.02611	0.04447	0.02561	0.01925	0.02394	0.03815	0.00794	0.01018	0.00275	0.04347	0.00956	0.00439	0.01070
50	0.01326	0.01191	0.01307	0.04551	0.01608	0.05919	0.00968	0.01688	0.04721	0.02533	0.24818	0.13615	0.22763	0.01736	0.01095	0.00277	0.06935	0.01444	0.00722	0.00782
51	0.01784	0.02308	0.15186	0.03166	0.16597	0.01934	0.25723	0.02371	0.01720	0.02452	0.01574	0.02124	0.01272	0.01377	0.08358	0.00385	0.09382	0.00805	0.00392	0.01089
52	0.02726	0.11248	0.04950	0.01948	0.02400	0.53274	0.01542	0.02964	0.02148	0.02007	0.01491	0.06703	0.01370	0.00947	0.00733	0.00216	0.01312	0.00650	0.00433	0.00941
53	0.01182	0.00950	0.01300	0.04791	0.01553	0.01065	0.00994	0.01349	0.01501	0.02058	0.06161	0.46563	0.04260	0.08015	0.01577	0.00366	0.13161	0.01805	0.00645	0.00703
54	0.01742	0.16468	0.53198	0.02252	0.05792	0.02128	0.02684	0.02541	0.01707	0.02452	0.01399	0.01650	0.01041	0.00755	0.00727	0.00241	0.01129	0.00574	0.00346	0.01174
55	0.05602	0.02378	0.04886	0.10684	0.12370	0.15610	0.01751	0.17071	0.15619	0.03206	0.01912	0.02076	0.01456	0.00898	0.00782	0.00247	0.00991	0.00708	0.00586	0.01168
56	0.02839	0.02643	0.02165	0.01823	0.02323	0.27643	0.01431	0.25386	0.07432	0.08268	0.08127	0.02302	0.01991	0.00999	0.00796	0.00234	0.01030	0.00742	0.00683	0.01143
57	0.02698	0.01738	0.01817	0.01519	0.02000	0.09523	0.01213	0.16180	0.04842	0.25960	0.08746	0.07516	0.07585	0.01266	0.00855	0.00257	0.00767	0.03543	0.00829	0.01145

[dist]
# distance from previous block
# <min> <max>
0	12

[block]
# block no. 6 follows, 23 sequences, length 36
# corresponding to MSA columns:
# 612-647
name=unknown_G
#
# <colnr> <probs for GDERKNQSTAVLIFYWHMCP>
#	G	D	E	R	K	N	Q	S	T	A	V	L	I	F	Y	W	H	M	C	P
0	0.01903	0.07122	0.02605	0.08052	0.13046	0.13172	0.07074	0.02242	0.01812	0.02326	0.10504	0.07562	0.02346	0.01154	0.01208	0.00268	0.15255	0.00907	0.00482	0.00959
1	0.14313	0.01547	0.01833	0.04275	0.06817	0.01630	0.01275	0.03511	0.23466	0.24801	0.02688	0.02676	0.01950	0.04524	0.00936	0.00286	0.00704	0.00799	0.00770	0.01199
2	0.02591	0.09488	0.02169	0.01524	0.02066	0.01828	0.01250	0.26617	0.02636	0.17694	0.02572	0.15136	0.02224	0.01216	0.00805	0.00243	0.00741	0.00995	0.00764	0.07440
3	0.06032	0.03556	0.48762	0.02348	0.07684	0.01941	0.02602	0.10338	0.01991	0.05099	0.01564	0.01777	0.01115	0.00800	0.00765	0.00254	0.01096	0.00623	0.00437	0.01217
4	0.04935	0.12463	0.10746	0.06823	0.07312	0.26320	0.01770	0.02604	0.01842	0.02194	0.01371	0.01734	0.01148	0.01123	0.04305	0.00288	0.08186	0.00591	0.03263	0.00984
5	0.24931	0.03147	0.42191	0.01837	0.02749	0.01785	0.02186	0.02439	0.01652	0.02949	0.05922	0.01899	0.01451	0.00828	0.00701	0.00255	0.00965	0.00612	0.00431	0.01070
6	0.01854	0.32163	0.30410	0.01757	0.02601	0.05463	0.01996	0.02400	0.01746	0.02264	0.04260	0.02143	0.06076	0.00870	0.00685	0.00221	0.00984	0.00642	0.00399	0.01067
7	0.01011	0.00723	0.00961	0.01115	0.01182	0.00674	0.00755	0.01185	0.01656	0.02235	0.12990	0.61969	0.05684	0.02420	0.01025	0.00319	0.00459	0.02191	0.00773	0.00674
8	0.02815	0.03564	0.04791	0.02568	0.12928	0.55076	0.01769	0.03094	0.02205	0.02115	0.01306	0.01561	0.01084	0.00815	0.00745	0.00216	0.01373	0.00558	0.00413	0.01006
9	0.02760	0.01954	0.02185	0.01711	0.02294	0.02109	0.01402	0.46331	0.03207	0.09046	0.02036	0.02161	0.01503	0.01658	0.10137	0.00382	0.01035	0.00738	0.00750	0.06601
10	0.01826	0.02621	0.19711	0.02971	0.03771	0.02071	0.40181	0.02502	0.01773	0.02502	0.01517	0.02016	0.01159	0.00807	0.01148	0.00281	0.10829	0.00836	0.00386	0.01091
11	0.01088	0.00878	0.00982	0.01007	0.01241	0.00804	0.00758	0.01465	0.06319	0.02396	0.13439	0.17540	0.40294	0.02036	0.00975	0.00289	0.00461	0.06516	0.00774	0.00737
12	0.01586	0.08693	0.51293	0.02024	0.03013	0.01793	0.02497	0.02382	0.01808	0.02637	0.12422	0.02423	0.02158	0.00916	0.00784	0.00250	0.01035	0.00735	0.00437	0.01114
13	0.08853	0.11168	0.02160	0.01408	0.02036	0.01518	0.01197	0.03628	0.02160	0.53311	0.02762	0.02453	0.01791	0.00943	0.00752	0.00240	0.00710	0.00735	0.00876	0.01297
14	0.03124	0.01496	0.01868	0.01510	0.02084	0.01456	0.01222	0.04068	0.22284	0.46718	0.03234	0.02846	0.02158	0.01035	0.00819	0.00259	0.00675	0.00848	0.00947	0.01350
15	0.01707	0.01379	0.01797	0.16771	0.02579	0.05007	0.06376	0.06230	0.06278	0.02661	0.02230	0.04856	0.01871	0.06603	0.05963	0.00356	0.00897	0.00849	0.24710	0.00881
16	0.02647	0.01791	0.10825	0.01562	0.02173	0.01440	0.01412	0.03548	0.17761	0.34313	0.10856	0.03096	0.02697	0.01078	0.00830	0.00258	0.00710	0.00893	0.00854	0.01255
17	0.01095	0.00812	0.01041	0.01126	0.01264	0.00725	0.00768	0.01259	0.01551	0.02123	0.03948	0.57780	0.04658	0.06037	0.01144	0.00326	0.00506	0.01992	0.00701	0.11143
18	0.01121	0.00828	0.01047	0.00992	0.01195	0.00754	0.00744	0.01478	0.02232	0.03101	0.57652	0.06314	0.16093	0.01716	0.00957	0.00258	0.00387	0.01503	0.00873	0.00754
19	0.20334	0.23799	0.32237	0.01731	0.02608	0.02265	0.01997	0.02483	0.01612	0.02635	0.01278	0.01493	0.00995	0.00744	0.00630	0.00231	0.00960	0.00511	0.00383	0.01073
20	0.01956	0.02242	0.12153	0.04611	0.57711	0.01922	0.02561	0.02501	0.01829	0.02640	0.01517	0.01967	0.01250	0.00730	0.00799	0.00243	0.00997	0.00706	0.00393	0.01273
21	0.01279	0.00923	0.01148	0.01232	0.01362	0.00916	0.00862	0.09795	0.01867	0.02493	0.04123	0.61400	0.04815	0.02325	0.01005	0.00318	0.00529	0.02089	0.00761	0.00759
22	0.01169	0.00914	0.01084	0.01112	0.01350	0.00862	0.00883	0.01605	0.06411	0.02575	0.19756	0.09519	0.30259	0.01963	0.00994	0.00298	0.00511	0.17183	0.00788	0.00761
23	0.02512	0.07595	0.02155	0.01636	0.02172	0.02036	0.01339	0.17781	0.31519	0.14281	0.02844	0.02923	0.02144	0.01084	0.00812	0.00261	0.00733	0.04094	0.00808	0.01273
24	0.01695	0.07336	0.55449	0.02419	0.03541	0.01975	0.11290	0.02567	0.01738	0.02540	0.01465	0.01758	0.01057	0.00755	0.00784	0.00255	0.01206	0.00641	0.00352	0.01177
25	0.03031	0.03867	0.02299	0.02090	0.02508	0.68226	0.01568	0.03240	0.02299	0.01986	0.01254	0.01463	0.01045	0.00836	0.00732	0.00209	0.01463	0.00523	0.00418	0.00941
26	0.03641	0.01381	0.01883	0.01444	0.02071	0.01193	0.01193	0.03954	0.02322	0.66984	0.03201	0.02762	0.02009	0.01004	0.00816	0.00251	0.00690	0.00816	0.01004	0.01381
27	0.01730	0.17033	0.55343	0.02138	0.03241	0.02136	0.02693	0.02543	0.01701	0.02445	0.01394	0.01635	0.01030	0.00756	0.00724	0.00241	0.01136	0.00568	0.00343	0.01169
28	0.00989	0.00706	0.00942	0.01130	0.01177	0.00659	0.00753	0.01130	0.01554	0.02071	0.04472	0.70954	0.05367	0.02542	0.01036	0.00330	0.00471	0.02307	0.00753	0.00659
29	0.01148	0.00829	0.01085	0.01021	0.01212	0.00766	0.00766	0.01531	0.02297	0.03254	0.65994	0.06061	0.07656	0.01659	0.00957	0.00255	0.00383	0.01467	0.00893	0.00766
30	0.01703	0.13581	0.58553	0.02185	0.03314	0.02068	0.02775	0.02550	0.01704	0.02478	0.01411	0.01656	0.01030	0.00760	0.00736	0.00245	0.01153	0.00577	0.00343	0.01177
31	0.02008	0.01928	0.03294	0.04981	0.66422	0.01928	0.02490	0.02490	0.01848	0.02651	0.01526	0.02008	0.01285	0.00723	0.00803	0.00241	0.00964	0.00723	0.00402	0.01285
32	0.01155	0.00834	0.01094	0.01040	0.01231	0.00772	0.00788	0.01537	0.02279	0.03220	0.63486	0.06187	0.07535	0.01683	0.00964	0.00260	0.00398	0.03885	0.00887	0.00765
33	0.02811	0.03448	0.02356	0.02300	0.07769	0.54642	0.01633	0.03197	0.06898	0.02145	0.01421	0.01640	0.01173	0.00874	0.00836	0.00224	0.04619	0.00578	0.00444	0.00992
34	0.01779	0.03531	0.44616	0.02280	0.05620	0.10416	0.05554	0.02522	0.01880	0.02586	0.09716	0.02274	0.01900	0.00887	0.00800	0.00251	0.01128	0.00724	0.00429	0.01108
35	0.00989	0.00706	0.00942	0.01130	0.01177	0.00659	0.00753	0.01130	0.01554	0.02071	0.04472	0.70954	0.05367	0.02542	0.01036	0.00330	0.00471	0.02307	0.00753	0.00659

[dist]
# distance from previous block
# <min> <max>
0	1

[block]
# block no. 7 follows, 23 sequences, length 11
# corresponding to MSA columns:
# 649-659
name=unknown_H
#
# <colnr> <probs for GDERKNQSTAVLIFYWHMCP>
#	G	D	E	R	K	N	Q	S	T	A	V	L	I	F	Y	W	H	M	C	P
0	0.01555	0.01159	0.01374	0.01292	0.01502	0.04271	0.01011	0.07660	0.01693	0.02503	0.02178	0.02875	0.01886	0.03764	0.37543	0.00810	0.04947	0.00802	0.20360	0.00814
1	0.01322	0.00872	0.01083	0.01063	0.01299	0.00783	0.00812	0.01610	0.02017	0.08783	0.27875	0.15840	0.24092	0.01898	0.00971	0.00282	0.00468	0.07319	0.00828	0.00783
2	0.01695	0.03349	0.44467	0.02882	0.16466	0.01840	0.08337	0.02476	0.01767	0.02568	0.01874	0.02166	0.04818	0.00826	0.00806	0.00256	0.01121	0.00722	0.00385	0.01178
3	0.00999	0.00722	0.00946	0.01105	0.01175	0.00669	0.00747	0.01162	0.01626	0.02168	0.09348	0.62544	0.08892	0.02448	0.01025	0.00321	0.00461	0.02210	0.00764	0.00669
4	0.09332	0.27190	0.23175	0.01821	0.02555	0.13607	0.01902	0.02570	0.01722	0.02298	0.01247	0.01495	0.01024	0.00803	0.00795	0.00227	0.06295	0.00522	0.00373	0.01046
5	0.01756	0.01879	0.03811	0.30859	0.04800	0.01949	0.38066	0.02381	0.01794	0.02381	0.01559	0.02178	0.01169	0.00737	0.00897	0.00272	0.01249	0.00859	0.00390	0.01014
6	0.01929	0.01854	0.03285	0.25877	0.04172	0.01997	0.25973	0.12657	0.02087	0.02788	0.01735	0.05433	0.01396	0.00900	0.00964	0.00274	0.04268	0.00891	0.00475	0.01046
7	0.11683	0.05046	0.02613	0.05181	0.02703	0.05150	0.11883	0.26935	0.02648	0.12173	0.02141	0.02232	0.04106	0.00922	0.00790	0.00248	0.00928	0.00764	0.00669	0.01183
8	0.02028	0.01455	0.01916	0.08552	0.05946	0.01547	0.01371	0.04933	0.12918	0.13669	0.13932	0.03223	0.02831	0.01144	0.01053	0.00257	0.09231	0.02781	0.00693	0.10519
9	0.02765	0.01472	0.02030	0.02025	0.13187	0.01371	0.01370	0.03359	0.09795	0.36843	0.08820	0.02895	0.02419	0.00998	0.00812	0.00242	0.00696	0.00848	0.00826	0.07227
10	0.11298	0.04382	0.01748	0.01459	0.04290	0.01380	0.01135	0.07864	0.02032	0.17106	0.08903	0.03501	0.02560	0.04500	0.03257	0.00300	0.00734	0.08302	0.00694	0.14555

[dist]
# distance from previous block
# <min> <max>
43	137

[block]
# block no. 8 follows, 23 sequences, length 22
# corresponding to MSA columns:
# 808-829
name=unknown_I
#
# <colnr> <probs for GDERKNQSTAVLIFYWHMCP>
#	G	D	E	R	K	N	Q	S	T	A	V	L	I	F	Y	W	H	M	C	P
0	0.01739	0.23766	0.33088	0.06954	0.03038	0.02161	0.05717	0.02360	0.01715	0.02337	0.04407	0.06036	0.01604	0.00893	0.00734	0.00238	0.01021	0.00722	0.00398	0.01072
1	0.02330	0.01914	0.06718	0.01595	0.02160	0.01859	0.01367	0.27558	0.16933	0.09013	0.03653	0.03486	0.15393	0.01220	0.00843	0.00259	0.00740	0.00979	0.00784	0.01197
2	0.29123	0.16042	0.20554	0.01599	0.02359	0.02183	0.01673	0.10806	0.01885	0.05141	0.01395	0.01556	0.01055	0.00784	0.00633	0.00237	0.00873	0.00534	0.00485	0.01084
3	0.01654	0.04039	0.62821	0.02499	0.07895	0.01887	0.02963	0.02564	0.01723	0.02575	0.01461	0.01734	0.01046	0.00768	0.00773	0.00256	0.01183	0.00608	0.00347	0.01205
4	0.01257	0.01081	0.01107	0.01055	0.01381	0.01060	0.00804	0.02049	0.19591	0.02530	0.06838	0.06465	0.48208	0.01787	0.00922	0.00274	0.00476	0.01489	0.00774	0.00853
5	0.01160	0.00837	0.01101	0.01056	0.01247	0.00778	0.00806	0.01542	0.02265	0.03193	0.61420	0.06290	0.07435	0.01702	0.00969	0.00264	0.00410	0.05877	0.00882	0.00764
6	0.01850	0.01979	0.03915	0.02796	0.03589	0.01779	0.45900	0.02443	0.01850	0.02612	0.01586	0.02046	0.01223	0.00661	0.00857	0.00230	0.01152	0.00824	0.00430	0.22278
7	0.00997	0.00813	0.00883	0.00888	0.01125	0.00698	0.00657	0.01230	0.01906	0.02380	0.18728	0.13366	0.49450	0.02026	0.00966	0.00276	0.00411	0.01722	0.00780	0.00698
8	0.02204	0.01751	0.01962	0.01449	0.02144	0.01615	0.01177	0.24979	0.02476	0.03563	0.01630	0.01781	0.01268	0.00740	0.00679	0.00166	0.00710	0.00574	0.00604	0.48528
9	0.01022	0.00731	0.00975	0.01134	0.01205	0.00684	0.00780	0.01203	0.01656	0.02228	0.11740	0.60406	0.05605	0.02424	0.01030	0.00323	0.00473	0.04934	0.00770	0.00676
10	0.02449	0.43053	0.07413	0.01700	0.02325	0.26763	0.01552	0.02733	0.01889	0.01978	0.01194	0.01386	0.01042	0.00751	0.00613	0.00192	0.01105	0.00476	0.00373	0.01014
11	0.02257	0.24386	0.24323	0.01684	0.02534	0.02039	0.01823	0.02769	0.01826	0.16868	0.01745	0.01817	0.01275	0.00777	0.00681	0.00212	0.00903	0.00581	0.00511	0.10989
12	0.02914	0.03445	0.02379	0.02286	0.07759	0.52747	0.01630	0.10094	0.04846	0.02450	0.01434	0.01623	0.01158	0.00853	0.00750	0.00218	0.01326	0.00578	0.00477	0.01032
13	0.22920	0.08747	0.43782	0.01890	0.02854	0.01970	0.02277	0.02507	0.01615	0.02819	0.01339	0.01570	0.00987	0.00760	0.00676	0.00249	0.01013	0.00542	0.00388	0.01097
14	0.01413	0.01851	0.19732	0.01409	0.01924	0.01154	0.01417	0.04578	0.02094	0.05004	0.30817	0.07918	0.14539	0.01463	0.00898	0.00262	0.00654	0.01249	0.00710	0.00917
15	0.01581	0.01585	0.02963	0.20454	0.08855	0.01603	0.24499	0.02102	0.01881	0.02509	0.12147	0.03483	0.10612	0.01047	0.00906	0.00267	0.00985	0.01051	0.00514	0.00956
16	0.02262	0.52221	0.11185	0.01591	0.02322	0.06973	0.01602	0.09325	0.01938	0.02347	0.01265	0.01431	0.01078	0.00743	0.00595	0.00193	0.00945	0.00491	0.00403	0.01091
17	0.01497	0.01025	0.01340	0.01341	0.04452	0.00937	0.00938	0.04555	0.02004	0.08205	0.24560	0.28218	0.04966	0.01715	0.00915	0.00264	0.00518	0.01523	0.00774	0.10253
18	0.01696	0.17437	0.49255	0.02022	0.03037	0.02057	0.02493	0.02456	0.01748	0.02494	0.06707	0.01989	0.01577	0.00829	0.00736	0.00240	0.01066	0.00638	0.00389	0.01132
19	0.01912	0.01341	0.01545	0.01400	0.01710	0.01397	0.01055	0.25100	0.02444	0.06086	0.03524	0.35976	0.06146	0.05021	0.01079	0.00312	0.00653	0.01564	0.00775	0.00959
20	0.01919	0.02547	0.16552	0.02996	0.03808	0.02086	0.42520	0.06290	0.01933	0.02691	0.01574	0.02045	0.01186	0.00783	0.01063	0.00276	0.07347	0.00852	0.00417	0.01114
21	0.02238	0.07623	0.01805	0.01326	0.01755	0.06797	0.01068	0.07041	0.02335	0.20523	0.30528	0.03886	0.04269	0.01235	0.00837	0.00237	0.00645	0.01027	0.00814	0.04010

[dist]
# distance from previous block
# <min> <max>
2	9

[block]
# block no. 9 follows, 23 sequences, length 34
# corresponding to MSA columns:
# 839-872
name=unknown_J
#
# <colnr> <probs for GDERKNQSTAVLIFYWHMCP>
#	G	D	E	R	K	N	Q	S	T	A	V	L	I	F	Y	W	H	M	C	P
0	0.07036	0.08090	0.15605	0.02461	0.13012	0.17247	0.04487	0.11959	0.04526	0.02856	0.01556	0.01812	0.01221	0.01023	0.03450	0.00278	0.01139	0.00637	0.00475	0.01129
1	0.05257	0.03033	0.28088	0.01898	0.02649	0.15753	0.01955	0.03006	0.08638	0.12426	0.07643	0.02332	0.01921	0.00934	0.00781	0.00247	0.01023	0.00721	0.00566	0.01129
2	0.20775	0.07726	0.11890	0.01495	0.02155	0.01719	0.01412	0.06887	0.05192	0.25964	0.05520	0.02269	0.01789	0.00920	0.00716	0.00247	0.00762	0.00695	0.00700	0.01166
3	0.01148	0.00829	0.01085	0.01021	0.01212	0.00766	0.00766	0.01531	0.02297	0.03254	0.65994	0.06061	0.07656	0.01659	0.00957	0.00255	0.00383	0.01467	0.00893	0.00766
4	0.05895	0.01448	0.01663	0.01234	0.01900	0.01174	0.00984	0.05072	0.01791	0.05621	0.01685	0.05325	0.01445	0.00746	0.00638	0.00150	0.00614	0.00600	0.00535	0.61482
5	0.00982	0.00731	0.00915	0.01063	0.01159	0.00665	0.00723	0.01137	0.01618	0.02098	0.05291	0.57152	0.18640	0.02436	0.01019	0.00317	0.00458	0.02177	0.00753	0.00665
6	0.02295	0.01650	0.01826	0.01557	0.02036	0.01800	0.01233	0.14940	0.35157	0.12321	0.10416	0.03336	0.05456	0.01168	0.00842	0.00264	0.00656	0.00965	0.00852	0.01231
7	0.02301	0.61570	0.03954	0.01496	0.02148	0.13141	0.01416	0.02553	0.01748	0.01921	0.01147	0.01326	0.01042	0.00716	0.00553	0.00179	0.00959	0.00447	0.00358	0.01026
8	0.03641	0.01381	0.01883	0.01444	0.02071	0.01193	0.01193	0.03954	0.02322	0.66984	0.03201	0.02762	0.02009	0.01004	0.00816	0.00251	0.00690	0.00816	0.01004	0.01381
9	0.01683	0.01442	0.01683	0.01202	0.01923	0.01082	0.00961	0.02043	0.01683	0.02644	0.01442	0.01683	0.01202	0.00601	0.00601	0.00120	0.00601	0.00481	0.00481	0.76444
10	0.00989	0.00706	0.00942	0.01130	0.01177	0.00659	0.00753	0.01130	0.01554	0.02071	0.04472	0.70954	0.05367	0.02542	0.01036	0.00330	0.00471	0.02307	0.00753	0.00659
11	0.00978	0.00823	0.00848	0.00842	0.01108	0.00693	0.00631	0.01201	0.01894	0.02299	0.14024	0.07633	0.60222	0.02015	0.00959	0.00272	0.00408	0.01688	0.00768	0.00693
12	0.77215	0.01569	0.01193	0.01067	0.01569	0.01820	0.00879	0.02385	0.01381	0.03641	0.01130	0.01318	0.00879	0.00753	0.00502	0.00251	0.00628	0.00439	0.00502	0.00879
13	0.03641	0.01381	0.01883	0.01444	0.02071	0.01193	0.01193	0.03954	0.02322	0.66984	0.03201	0.02762	0.02009	0.01004	0.00816	0.00251	0.00690	0.00816	0.01004	0.01381
14	0.01683	0.01442	0.01683	0.01202	0.01923	0.01082	0.00961	0.02043	0.01683	0.02644	0.01442	0.01683	0.01202	0.00601	0.00601	0.00120	0.00601	0.00481	0.00481	0.76444
