[name]
unknown

[dist]
# distance from previous block
# <min> <max>
0	13

[block]
# block no. 0 follows, 29 sequences, length 51
# corresponding to MSA columns:
# 13-63
name=unknown_A
#
# <colnr> <probs for GDERKNQSTAVLIFYWHMCP>
#	G	D	E	R	K	N	Q	S	T	A	V	L	I	F	Y	W	H	M	C	P
0	0.01319	0.00896	0.01220	0.01326	0.01528	0.00899	0.01153	0.04903	0.01743	0.05383	0.03623	0.07461	0.03847	0.01862	0.00958	0.00317	0.00660	0.59524	0.00669	0.00709
1	0.02853	0.01656	0.05264	0.01528	0.02118	0.01546	0.04584	0.27459	0.02483	0.39529	0.02258	0.02089	0.01482	0.00848	0.00719	0.00219	0.00723	0.00685	0.00765	0.01191
2	0.08829	0.12486	0.02184	0.01553	0.02025	0.22354	0.03555	0.21727	0.06375	0.06055	0.01517	0.01709	0.01198	0.04478	0.00785	0.00224	0.00894	0.00571	0.00515	0.00968
3	0.05654	0.04798	0.11461	0.01461	0.01970	0.05993	0.01314	0.12742	0.11926	0.16874	0.02094	0.07519	0.01661	0.01188	0.04827	0.00275	0.03146	0.00736	0.00595	0.03766
4	0.27664	0.01635	0.09877	0.01291	0.01822	0.01455	0.01173	0.06474	0.06364	0.22805	0.04169	0.01886	0.01430	0.00809	0.00694	0.00221	0.04140	0.00588	0.00593	0.04912
5	0.01687	0.21159	0.42975	0.01876	0.02750	0.01942	0.08468	0.03971	0.01579	0.05433	0.01306	0.01503	0.00971	0.00667	0.00641	0.00208	0.00966	0.00532	0.00345	0.01021
6	0.02051	0.47575	0.03026	0.01311	0.01874	0.02396	0.01210	0.11697	0.04995	0.06811	0.01323	0.01425	0.01085	0.00703	0.00616	0.00174	0.04099	0.00475	0.00430	0.06725
7	0.01143	0.00747	0.00903	0.00931	0.01001	0.00732	0.00601	0.04346	0.01331	0.04884	0.02956	0.34019	0.03384	0.37221	0.02202	0.00476	0.00573	0.01421	0.00563	0.00567
8	0.02749	0.01927	0.02095	0.01607	0.02175	0.02109	0.01327	0.62613	0.03236	0.10192	0.01804	0.01771	0.01258	0.00857	0.00713	0.00214	0.00768	0.00648	0.00727	0.01211
9	0.01685	0.01902	0.04079	0.02928	0.03633	0.01799	0.64777	0.02352	0.04886	0.02314	0.01510	0.01956	0.01132	0.00618	0.00835	0.00240	0.01170	0.00839	0.00377	0.00968
10	0.01018	0.00683	0.00782	0.00799	0.00804	0.00679	0.00456	0.01031	0.01070	0.01427	0.02421	0.12014	0.02812	0.67316	0.03338	0.00648	0.00661	0.01140	0.00456	0.00447
11	0.30014	0.37027	0.04804	0.01225	0.01757	0.11398	0.01126	0.02215	0.01439	0.02249	0.01015	0.01178	0.00863	0.00646	0.00483	0.00183	0.00764	0.00398	0.00361	0.00856
12	0.00842	0.00718	0.00725	0.00730	0.00964	0.00600	0.00545	0.01021	0.01615	0.01920	0.07108	0.09015	0.68150	0.01817	0.00844	0.00242	0.00362	0.01519	0.00661	0.00600
13	0.02723	0.01969	0.02121	0.01626	0.02195	0.02170	0.01343	0.66016	0.03305	0.06692	0.01746	0.01733	0.01229	0.00856	0.00712	0.00214	0.00778	0.00644	0.00718	0.01211
14	0.03958	0.08157	0.13981	0.02826	0.34707	0.01564	0.03434	0.02012	0.01660	0.02397	0.15995	0.02411	0.02254	0.00815	0.00703	0.00212	0.00764	0.00732	0.00435	0.00984
15	0.01452	0.03457	0.63258	0.02090	0.03069	0.01689	0.07170	0.02231	0.01496	0.02231	0.01273	0.01535	0.00916	0.00698	0.00768	0.00231	0.04545	0.00553	0.00305	0.01033
16	0.01428	0.03683	0.71286	0.02030	0.03082	0.01654	0.02631	0.02255	0.01503	0.02255	0.01278	0.01503	0.00902	0.00677	0.00677	0.00226	0.01052	0.00526	0.00301	0.01052
17	0.05441	0.01610	0.02479	0.03517	0.51609	0.01662	0.01856	0.02441	0.14448	0.02476	0.01838	0.02094	0.03890	0.00742	0.00701	0.00219	0.00760	0.00687	0.00439	0.01091
18	0.01904	0.75404	0.03731	0.01218	0.01828	0.02818	0.01218	0.02132	0.01447	0.01675	0.00990	0.01142	0.00914	0.00609	0.00457	0.00152	0.00761	0.00381	0.00305	0.00914
19	0.01746	0.01676	0.02862	0.06994	0.68034	0.01688	0.02177	0.02171	0.01614	0.02307	0.01337	0.01768	0.01121	0.00637	0.00705	0.00212	0.00850	0.00634	0.00351	0.01115
20	0.00868	0.00620	0.00826	0.00991	0.01033	0.00578	0.00661	0.00991	0.01363	0.01818	0.03925	0.74510	0.04710	0.02231	0.00909	0.00289	0.00413	0.02024	0.00661	0.00578
21	0.01008	0.00728	0.00952	0.00896	0.01064	0.00672	0.00672	0.01344	0.02016	0.02855	0.70158	0.05319	0.06719	0.01456	0.00840	0.00224	0.00336	0.01288	0.00784	0.00672
22	0.19734	0.01394	0.01612	0.01265	0.01795	0.01383	0.01044	0.15246	0.02104	0.43922	0.02210	0.02016	0.01445	0.00829	0.00656	0.00219	0.00627	0.00631	0.00754	0.01116
23	0.01428	0.03683	0.71286	0.02030	0.03082	0.01654	0.02631	0.02255	0.01503	0.02255	0.01278	0.01503	0.00902	0.00677	0.00677	0.00226	0.01052	0.00526	0.00301	0.01052
24	0.01109	0.00750	0.00984	0.00913	0.01099	0.00689	0.00689	0.01442	0.02017	0.06007	0.67044	0.05185	0.06490	0.01429	0.00834	0.00224	0.00348	0.01261	0.00788	0.00697
25	0.00856	0.00722	0.00742	0.00737	0.00971	0.00607	0.00553	0.01051	0.01658	0.02007	0.12825	0.06716	0.64581	0.01772	0.00841	0.00239	0.00358	0.01484	0.00672	0.00607
26	0.01345	0.01266	0.02136	0.73264	0.04904	0.01582	0.01978	0.01819	0.01424	0.01819	0.01266	0.01898	0.00949	0.00712	0.00712	0.00237	0.00949	0.00633	0.00316	0.00791
27	0.01021	0.00749	0.01075	0.01075	0.01178	0.00852	0.00803	0.01227	0.01124	0.01601	0.01971	0.03151	0.01934	0.18568	0.59136	0.01058	0.01676	0.00815	0.00391	0.00597
28	0.00946	0.00726	0.00869	0.00856	0.01047	0.00649	0.00648	0.01213	0.01817	0.02413	0.39433	0.08744	0.31079	0.01650	0.00851	0.00239	0.00367	0.05088	0.00724	0.00640
29	0.00866	0.00624	0.00821	0.00979	0.01030	0.00579	0.00655	0.00993	0.01375	0.01823	0.04077	0.71382	0.07740	0.02211	0.00906	0.00287	0.00411	0.02000	0.00661	0.00579
30	0.01036	0.00690	0.00777	0.00777	0.00777	0.00690	0.00431	0.01036	0.01036	0.01381	0.02244	0.04660	0.02589	0.74975	0.03624	0.00690	0.00690	0.01036	0.00431	0.00431
31	0.01762	0.01692	0.02890	0.04371	0.70533	0.01692	0.02185	0.02185	0.01621	0.02326	0.01339	0.01762	0.01128	0.00634	0.00705	0.00211	0.00846	0.00634	0.00352	0.01128
32	0.01921	0.01563	0.01659	0.01434	0.01841	0.01778	0.01119	0.18207	0.48387	0.03185	0.02571	0.02613	0.01990	0.07292	0.00971	0.00274	0.00625	0.00787	0.00697	0.01086
33	0.01515	0.01947	0.15640	0.01877	0.02087	0.02037	0.01746	0.01805	0.01173	0.01817	0.01033	0.01587	0.00956	0.01267	0.04256	0.00322	0.57188	0.00609	0.00312	0.00828
34	0.01664	0.01870	0.03919	0.02843	0.03463	0.01854	0.58676	0.02202	0.01598	0.02202	0.01370	0.01870	0.01060	0.00690	0.01049	0.00250	0.11321	0.00810	0.00353	0.00935
35	0.06155	0.02860	0.01988	0.01727	0.02152	0.47763	0.01332	0.19959	0.05035	0.02578	0.01328	0.01445	0.01038	0.00772	0.00655	0.00195	0.01091	0.00517	0.00475	0.00936
36	0.02638	0.01943	0.02088	0.01614	0.02164	0.02147	0.01327	0.65642	0.03274	0.04388	0.01793	0.04438	0.01342	0.00906	0.00720	0.00217	0.00770	0.00693	0.00710	0.01187
37	0.76768	0.01403	0.01092	0.00966	0.01412	0.01623	0.00796	0.04860	0.01301	0.03249	0.01022	0.01180	0.00790	0.00669	0.00452	0.00220	0.00561	0.00396	0.00452	0.00790
38	0.01365	0.00738	0.00745	0.00731	0.00917	0.00759	0.00552	0.01842	0.07308	0.02683	0.02372	0.02655	0.01855	0.00841	0.00517	0.00172	0.00352	0.00676	0.72217	0.00703
39	0.01582	0.01292	0.01508	0.01084	0.01712	0.01001	0.00870	0.04416	0.01568	0.04703	0.01334	0.01517	0.01084	0.00552	0.00541	0.00113	0.00540	0.00440	0.00448	0.73693
40	0.00849	0.00722	0.00731	0.00729	0.00966	0.00604	0.00546	0.01035	0.01639	0.01963	0.09850	0.06789	0.67584	0.01789	0.00842	0.00240	0.00360	0.01494	0.00666	0.00604
41	0.01729	0.01658	0.02830	0.09892	0.65273	0.01683	0.02169	0.02156	0.01606	0.02286	0.01333	0.01773	0.01114	0.00641	0.00706	0.00214	0.00854	0.00634	0.00350	0.01101
42	0.01345	0.01266	0.02136	0.73264	0.04904	0.01582	0.01978	0.01819	0.01424	0.01819	0.01266	0.01898	0.00949	0.00712	0.00712	0.00237	0.00949	0.00633	0.00316	0.00791
43	0.01530	0.18964	0.56893	0.01857	0.02815	0.01902	0.02330	0.02229	0.01491	0.02132	0.01217	0.01426	0.00905	0.00662	0.00630	0.00210	0.00990	0.00495	0.00302	0.01023
44	0.01585	0.27296	0.49045	0.01762	0.02669	0.02037	0.02166	0.02215	0.01485	0.02064	0.01183	0.01384	0.00906	0.00654	0.00604	0.00201	0.00957	0.00478	0.00302	0.01007
45	0.00868	0.00620	0.00826	0.00991	0.01033	0.00578	0.00661	0.00991	0.01363	0.01818	0.03925	0.74510	0.04710	0.02231	0.00909	0.00289	0.00413	0.02024	0.00661	0.00578
46	0.01843	0.01550	0.01642	0.01449	0.01861	0.01777	0.01134	0.10609	0.59657	0.03136	0.05282	0.02654	0.02240	0.00972	0.00728	0.00238	0.00579	0.00805	0.00725	0.01119
47	0.01653	0.01876	0.04086	0.02933	0.03630	0.01759	0.65648	0.02237	0.01670	0.02265	0.01525	0.04401	0.01204	0.00656	0.00843	0.00242	0.01174	0.00881	0.00370	0.00947
48	0.00865	0.00656	0.00798	0.00901	0.01011	0.00589	0.00623	0.01015	0.01472	0.01893	0.07639	0.50129	0.25710	0.02063	0.00885	0.00271	0.00393	0.01828	0.00666	0.00589
49	0.00933	0.00721	0.00851	0.00826	0.01020	0.00639	0.00617	0.01197	0.01829	0.02430	0.41540	0.08388	0.33185	0.01628	0.00843	0.00233	0.00349	0.01403	0.00728	0.00639
50	0.01771	0.01530	0.01610	0.01449	0.01852	0.01771	0.01127	0.03784	0.69247	0.02979	0.02898	0.02657	0.02174	0.00966	0.00725	0.00242	0.00564	0.00805	0.00725	0.01127

[dist]
# distance from previous block
# <min> <max>
0	1

[block]
# block no. 1 follows, 29 sequences, length 38
# corresponding to MSA columns:
# 65-102
name=unknown_B
#
# <colnr> <probs for GDERKNQSTAVLIFYWHMCP>
#	G	D	E	R	K	N	Q	S	T	A	V	L	I	F	Y	W	H	M	C	P
0	0.01762	0.01692	0.02890	0.04371	0.70533	0.01692	0.02185	0.02185	0.01621	0.02326	0.01339	0.01762	0.01128	0.00634	0.00705	0.00211	0.00846	0.00634	0.00352	0.01128
1	0.05894	0.03252	0.01982	0.01789	0.02167	0.66317	0.01350	0.05477	0.02038	0.01915	0.01121	0.01296	0.00923	0.00736	0.00637	0.00186	0.01233	0.00463	0.00384	0.00839
2	0.01017	0.00763	0.01144	0.01144	0.01272	0.00890	0.00890	0.01272	0.01144	0.01653	0.01907	0.02797	0.01780	0.05340	0.72153	0.01144	0.01907	0.00763	0.00381	0.00636
3	0.01475	0.01381	0.02177	0.51827	0.06876	0.01744	0.01867	0.05152	0.01459	0.01953	0.01222	0.01812	0.00967	0.00828	0.01052	0.00251	0.16166	0.00631	0.00337	0.00824
4	0.01747	0.01999	0.03776	0.02767	0.03371	0.07667	0.54381	0.02259	0.01637	0.02168	0.01351	0.01824	0.01049	0.00690	0.01006	0.00244	0.10001	0.00782	0.00355	0.00927
5	0.01345	0.01266	0.02136	0.73264	0.04904	0.01582	0.01978	0.01819	0.01424	0.01819	0.01266	0.01898	0.00949	0.00712	0.00712	0.00237	0.00949	0.00633	0.00316	0.00791
6	0.05745	0.02354	0.01781	0.01556	0.01954	0.37967	0.01201	0.08146	0.02007	0.18638	0.01753	0.05354	0.01387	0.01167	0.05582	0.00268	0.01050	0.00632	0.00537	0.00922
7	0.00868	0.00620	0.00826	0.00991	0.01033	0.00578	0.00661	0.00991	0.01363	0.01818	0.03925	0.74510	0.04710	0.02231	0.00909	0.00289	0.00413	0.02024	0.00661	0.00578
8	0.01762	0.01257	0.01506	0.01090	0.01709	0.00965	0.00877	0.02072	0.01570	0.13735	0.01522	0.01634	0.01172	0.00586	0.00559	0.00125	0.00540	0.00471	0.00498	0.66351
9	0.02709	0.01337	0.01654	0.01330	0.01830	0.01311	0.01078	0.08360	0.19735	0.45808	0.05099	0.02532	0.02002	0.00922	0.00722	0.00226	0.00599	0.00754	0.00824	0.01171
10	0.01256	0.00917	0.01167	0.01116	0.01200	0.01021	0.00808	0.04213	0.01319	0.04987	0.02629	0.19601	0.05435	0.28876	0.07102	0.00493	0.13316	0.03411	0.00509	0.00624
11	0.00991	0.00727	0.00928	0.00878	0.01053	0.00665	0.00659	0.01311	0.01976	0.02760	0.63725	0.05476	0.13211	0.01491	0.00840	0.00226	0.00338	0.01310	0.00771	0.00665
12	0.00843	0.00714	0.00729	0.00740	0.00967	0.00600	0.00549	0.01020	0.01605	0.01916	0.06988	0.11499	0.65744	0.01833	0.00846	0.00244	0.00364	0.01539	0.00661	0.00600
13	0.02594	0.09690	0.02168	0.01781	0.02169	0.66058	0.01362	0.02781	0.01968	0.01737	0.01091	0.01272	0.00917	0.00723	0.00626	0.00181	0.01238	0.00452	0.00361	0.00833
14	0.01603	0.03263	0.58021	0.02241	0.10762	0.01611	0.02457	0.02341	0.01558	0.07574	0.01403	0.01604	0.00995	0.00687	0.00683	0.00223	0.00994	0.00553	0.00351	0.01073
15	0.03195	0.01212	0.01652	0.01267	0.01818	0.01047	0.01047	0.03470	0.02038	0.71026	0.02809	0.02424	0.01763	0.00881	0.00716	0.00220	0.00606	0.00716	0.00881	0.01212
16	0.01618	0.01529	0.02485	0.11163	0.51202	0.01567	0.01911	0.02129	0.06244	0.02273	0.02078	0.02393	0.08706	0.00793	0.00722	0.00219	0.00785	0.00741	0.00408	0.01034
17	0.05146	0.12432	0.16235	0.04643	0.06283	0.04457	0.03140	0.14234	0.04884	0.15135	0.01790	0.05490	0.01382	0.00828	0.00670	0.00214	0.00804	0.00660	0.00531	0.01041
18	0.01747	0.01785	0.06082	0.04261	0.67386	0.01690	0.02206	0.02189	0.01616	0.02323	0.01337	0.01750	0.01117	0.00636	0.00704	0.00212	0.00856	0.00629	0.00350	0.01124
19	0.00878	0.00628	0.00819	0.00967	0.01013	0.00587	0.00641	0.00996	0.01350	0.01792	0.03930	0.67230	0.06970	0.07211	0.01093	0.00315	0.00430	0.01937	0.00645	0.00569
20	0.02748	0.01928	0.02096	0.01607	0.02175	0.02110	0.01327	0.62663	0.03237	0.10141	0.01803	0.01770	0.01258	0.00857	0.00713	0.00214	0.00768	0.00647	0.00727	0.01211
21	0.02278	0.02033	0.01967	0.04363	0.05370	0.14095	0.01340	0.28855	0.25997	0.03287	0.01986	0.01976	0.01483	0.00857	0.00704	0.00219	0.00802	0.00666	0.00626	0.01096
22	0.01015	0.00744	0.00847	0.00816	0.01041	0.00645	0.00614	0.01248	0.01760	0.05699	0.27205	0.08894	0.43588	0.01662	0.00837	0.00236	0.00367	0.01415	0.00712	0.00654
23	0.01036	0.00690	0.00777	0.00777	0.00777	0.00690	0.00431	0.01036	0.01036	0.01381	0.02244	0.04660	0.02589	0.74975	0.03624	0.00690	0.00690	0.01036	0.00431	0.00431
24	0.80005	0.01377	0.01047	0.00936	0.01377	0.01597	0.00771	0.02093	0.01212	0.03195	0.00991	0.01157	0.00771	0.00661	0.00441	0.00220	0.00551	0.00386	0.00441	0.00771
25	0.01020	0.00750	0.01080	0.01080	0.01185	0.00855	0.00810	0.01230	0.01125	0.01606	0.01966	0.03122	0.01921	0.17469	0.60217	0.01065	0.01695	0.00810	0.00390	0.00600
26	0.01592	0.15578	0.55306	0.01881	0.02813	0.06686	0.02310	0.02275	0.01529	0.02124	0.01218	0.01428	0.00905	0.00669	0.00638	0.00210	0.01020	0.00497	0.00306	0.01014
27	0.01000	0.00715	0.00976	0.01126	0.01230	0.00691	0.00876	0.01228	0.01529	0.02027	0.08408	0.40518	0.04579	0.02062	0.00937	0.00302	0.00514	0.29996	0.00667	0.00619
28	0.01522	0.01440	0.02406	0.44000	0.30037	0.01632	0.02025	0.02036	0.04105	0.02059	0.01357	0.01875	0.01065	0.00692	0.00710	0.00228	0.00895	0.00640	0.00346	0.00934
29	0.01428	0.03683	0.71286	0.02030	0.03082	0.01654	0.02631	0.02255	0.01503	0.02255	0.01278	0.01503	0.00902	0.00677	0.00677	0.00226	0.01052	0.00526	0.00301	0.01052
30	0.00868	0.00620	0.00826	0.00991	0.01033	0.00578	0.00661	0.00991	0.01363	0.01818	0.03925	0.74510	0.04710	0.02231	0.00909	0.00289	0.00413	0.02024	0.00661	0.00578
31	0.01674	0.01843	0.03867	0.02800	0.03450	0.01771	0.59205	0.04745	0.01705	0.02319	0.01555	0.05551	0.01262	0.00719	0.00901	0.00245	0.04173	0.00883	0.00387	0.00943
32	0.01362	0.01284	0.02167	0.70372	0.07659	0.01587	0.01986	0.01835	0.01432	0.01841	0.01269	0.01893	0.00957	0.00709	0.00712	0.00236	0.00945	0.00633	0.00318	0.00805
33	0.02651	0.01679	0.01882	0.01475	0.02001	0.01791	0.01208	0.41294	0.10531	0.20772	0.02151	0.02044	0.01490	0.00873	0.00704	0.00216	0.00691	0.00680	0.04693	0.01174
34	0.01346	0.01274	0.02149	0.65042	0.04577	0.01578	0.03869	0.01796	0.01414	0.01828	0.01358	0.04697	0.01098	0.00792	0.00799	0.00243	0.04330	0.00692	0.00331	0.00787
35	0.01733	0.01372	0.01566	0.01192	0.01750	0.01225	0.00952	0.13746	0.07956	0.04898	0.04282	0.04606	0.01563	0.00737	0.00610	0.00152	0.00567	0.00599	0.00538	0.49957
36	0.02647	0.01937	0.02073	0.01596	0.02148	0.02141	0.01316	0.65261	0.03267	0.04408	0.01736	0.01751	0.01238	0.00854	0.00703	0.00212	0.00764	0.00642	0.04121	0.01187
37	0.02690	0.01885	0.02020	0.01576	0.02123	0.03995	0.01292	0.51703	0.08969	0.13428	0.01949	0.01880	0.01364	0.00865	0.00712	0.00216	0.00754	0.00661	0.00727	0.01193

[dist]
# distance from previous block
# <min> <max>
4	12

[block]
# block no. 2 follows, 29 sequences, length 51
# corresponding to MSA columns:
# 115-159,166-171
name=unknown_C
#
# <colnr> <probs for GDERKNQSTAVLIFYWHMCP>
#	G	D	E	R	K	N	Q	S	T	A	V	L	I	F	Y	W	H	M	C	P
0	0.04621	0.01808	0.01908	0.01502	0.01996	0.03922	0.01225	0.53439	0.03030	0.04105	0.12931	0.02276	0.02096	0.00945	0.00724	0.00215	0.00718	0.00735	0.00707	0.01099
1	0.10291	0.01386	0.01485	0.01246	0.01639	0.04153	0.00988	0.17160	0.11692	0.15721	0.20804	0.02984	0.02947	0.03355	0.00810	0.00236	0.00589	0.00834	0.00714	0.00965
2	0.06429	0.01190	0.01483	0.01194	0.01648	0.03053	0.00966	0.02944	0.04117	0.49109	0.16961	0.02951	0.02754	0.00991	0.00727	0.00221	0.00564	0.00817	0.00819	0.01062
3	0.01843	0.66174	0.12424	0.01323	0.01989	0.02668	0.01400	0.02148	0.01454	0.01750	0.01027	0.01189	0.00912	0.00618	0.00485	0.00162	0.00799	0.00399	0.00304	0.00932
4	0.02661	0.01418	0.01719	0.01366	0.01864	0.01404	0.01118	0.24537	0.04528	0.36244	0.04637	0.06297	0.01991	0.01004	0.00736	0.00224	0.00645	0.03695	0.00784	0.03127
5	0.01727	0.01656	0.02827	0.10174	0.65005	0.01683	0.02168	0.02155	0.01605	0.02284	0.01333	0.01774	0.01113	0.00641	0.00706	0.00214	0.00855	0.00634	0.00349	0.01100
6	0.02659	0.01971	0.02110	0.01629	0.02190	0.02186	0.01342	0.64852	0.06733	0.04410	0.01771	0.01758	0.01260	0.00861	0.00713	0.00215	0.00772	0.00650	0.00713	0.01207
7	0.01018	0.00760	0.01131	0.01131	0.01254	0.00883	0.00873	0.01263	0.01140	0.01643	0.01919	0.02865	0.01809	0.07861	0.69673	0.01128	0.01863	0.00773	0.00383	0.00628
8	0.00971	0.00751	0.00888	0.00850	0.01052	0.00681	0.00638	0.01304	0.04020	0.02518	0.44952	0.05796	0.29843	0.01567	0.00837	0.00231	0.00352	0.01351	0.00737	0.00661
9	0.00866	0.00656	0.00800	0.00904	0.01012	0.00590	0.00625	0.01017	0.01473	0.01897	0.07915	0.50547	0.24999	0.02064	0.00885	0.00271	0.00393	0.01830	0.00667	0.00590
10	0.01086	0.00900	0.01085	0.08854	0.01586	0.00905	0.00864	0.01594	0.11219	0.02235	0.16270	0.08871	0.32949	0.01542	0.00827	0.00248	0.00479	0.07121	0.00653	0.00712
11	0.02707	0.01995	0.02137	0.01638	0.02208	0.02208	0.01353	0.68159	0.03348	0.04488	0.01710	0.01710	0.01211	0.00855	0.00712	0.00214	0.00784	0.00641	0.00712	0.01211
12	0.01679	0.01988	0.07967	0.03169	0.14698	0.01774	0.53229	0.02264	0.01660	0.02287	0.01414	0.01870	0.01078	0.00610	0.00808	0.00235	0.01133	0.00788	0.00355	0.00993
13	0.00868	0.00620	0.00826	0.00991	0.01033	0.00578	0.00661	0.00991	0.01363	0.01818	0.03925	0.74510	0.04710	0.02231	0.00909	0.00289	0.00413	0.02024	0.00661	0.00578
14	0.01499	0.05156	0.01595	0.01063	0.01695	0.01047	0.00863	0.01811	0.01475	0.02286	0.01251	0.01459	0.01047	0.00532	0.00524	0.00108	0.00540	0.00420	0.00416	0.75213
15	0.02455	0.01194	0.01574	0.01355	0.05468	0.01050	0.01021	0.05919	0.01927	0.42551	0.05123	0.06943	0.07328	0.00989	0.00714	0.00209	0.00577	0.00825	0.00746	0.12031
16	0.05917	0.44331	0.23853	0.01496	0.02211	0.07730	0.01633	0.02222	0.01495	0.01935	0.01085	0.01263	0.00903	0.00642	0.00537	0.00180	0.00878	0.00431	0.00315	0.00941
17	0.00983	0.00723	0.00923	0.00897	0.01065	0.00663	0.00674	0.01285	0.01908	0.02641	0.55272	0.10404	0.14243	0.01572	0.00850	0.00235	0.00357	0.03894	0.00755	0.00656
18	0.01020	0.00750	0.01081	0.01081	0.01187	0.00856	0.00811	0.01231	0.01126	0.01606	0.01965	0.03117	0.01919	0.17278	0.60405	0.01067	0.01699	0.00810	0.00390	0.00601
19	0.01628	0.01847	0.12311	0.28252	0.26162	0.01692	0.05017	0.06761	0.05131	0.02318	0.01415	0.01823	0.01089	0.00699	0.00711	0.00226	0.00909	0.00637	0.00377	0.00995
20	0.02005	0.01712	0.04474	0.06412	0.52355	0.04130	0.01973	0.02408	0.01693	0.13584	0.01568	0.01852	0.01212	0.00683	0.00704	0.00213	0.00832	0.00639	0.00437	0.01115
21	0.01148	0.00888	0.01235	0.01178	0.01267	0.01076	0.00908	0.01354	0.01151	0.01718	0.01818	0.02831	0.01749	0.14410	0.42618	0.00834	0.14703	0.00768	0.07713	0.00635
22	0.01008	0.00728	0.00952	0.00896	0.01064	0.00672	0.00672	0.01344	0.02016	0.02855	0.70158	0.05319	0.06719	0.01456	0.00840	0.00224	0.00336	0.01288	0.00784	0.00672
23	0.01348	0.05089	0.47246	0.01764	0.02555	0.01444	0.05680	0.02017	0.01644	0.02394	0.19107	0.02503	0.02418	0.00872	0.00721	0.00224	0.00866	0.00736	0.00429	0.00944
24	0.01869	0.70179	0.08653	0.01277	0.01919	0.02733	0.01321	0.02141	0.01451	0.01718	0.01011	0.01169	0.00913	0.00614	0.00473	0.00158	0.00783	0.00391	0.00304	0.00924
25	0.01514	0.05720	0.30051	0.01569	0.04701	0.01311	0.01616	0.02123	0.05276	0.09613	0.22554	0.03044	0.05938	0.00994	0.00730	0.00222	0.00711	0.00831	0.00548	0.00934
26	0.02311	0.08308	0.02165	0.05411	0.08766	0.34056	0.01409	0.09003	0.14447	0.05001	0.01579	0.01687	0.01231	0.00773	0.00661	0.00201	0.00977	0.00569	0.00477	0.00967
27	0.01887	0.01560	0.01896	0.04779	0.14199	0.01734	0.01357	0.10632	0.42342	0.05627	0.02450	0.04577	0.01893	0.00920	0.00725	0.00233	0.00651	0.00784	0.00645	0.01110
28	0.02763	0.01615	0.01870	0.01455	0.01990	0.01676	0.01194	0.36548	0.07223	0.29689	0.04898	0.02187	0.01702	0.00896	0.00720	0.00218	0.00683	0.00706	0.00780	0.01184
29	0.01582	0.01566	0.01986	0.01666	0.01829	0.05541	0.01371	0.01777	0.01226	0.01847	0.01045	0.01563	0.00986	0.01184	0.03940	0.00284	0.51607	0.00574	0.00341	0.18085
30	0.00954	0.00683	0.00916	0.01021	0.01117	0.00645	0.00748	0.01170	0.01588	0.02153	0.21865	0.44312	0.05149	0.01975	0.00903	0.00278	0.00434	0.12778	0.00693	0.00617
31	0.01923	0.01661	0.01692	0.01488	0.01910	0.04579	0.01165	0.11804	0.58368	0.03119	0.02679	0.02484	0.02004	0.00943	0.00720	0.00236	0.00619	0.00771	0.00709	0.01126
32	0.71605	0.01359	0.01113	0.00973	0.01425	0.01537	0.00801	0.02244	0.01302	0.10613	0.01190	0.01295	0.00880	0.00685	0.00471	0.00220	0.00557	0.00422	0.00489	0.00819
33	0.01000	0.00675	0.00787	0.00822	0.00831	0.00666	0.00480	0.01026	0.01105	0.01474	0.02602	0.19568	0.03041	0.59450	0.03045	0.00605	0.00631	0.01247	0.00480	0.00463
34	0.01928	0.01559	0.01627	0.01445	0.01859	0.03884	0.01127	0.03726	0.61066	0.09115	0.02834	0.02593	0.02097	0.00951	0.00721	0.00238	0.00590	0.00786	0.00728	0.01125
35	0.01036	0.00690	0.00777	0.00777	0.00777	0.00690	0.00431	0.01036	0.01036	0.01381	0.02244	0.04660	0.02589	0.74975	0.03624	0.00690	0.00690	0.01036	0.00431	0.00431
36	0.01382	0.00811	0.01072	0.00959	0.01193	0.00736	0.00736	0.01707	0.02019	0.14516	0.58637	0.04824	0.05871	0.01357	0.00819	0.00223	0.00382	0.01190	0.00801	0.00764
37	0.01043	0.00740	0.00936	0.00880	0.01069	0.00672	0.00662	0.01354	0.01957	0.04598	0.58763	0.05471	0.16203	0.01493	0.00837	0.00226	0.00347	0.01305	0.00768	0.00676
38	0.00984	0.00786	0.00895	0.00927	0.01117	0.00741	0.00684	0.01372	0.08985	0.02117	0.12221	0.25746	0.33898	0.01807	0.00855	0.00257	0.00410	0.04854	0.00681	0.00662
39	0.10629	0.01798	0.01943	0.01503	0.02057	0.01947	0.01242	0.50370	0.02907	0.15763	0.01825	0.01776	0.01261	0.00840	0.00685	0.00216	0.00730	0.00628	0.00714	0.01167
40	0.00855	0.00722	0.00739	0.00735	0.00970	0.00607	0.00551	0.01047	0.01654	0.01997	0.12163	0.06732	0.65249	0.01776	0.00841	0.00239	0.00359	0.01486	0.00671	0.00607
41	0.01000	0.00728	0.00941	0.00887	0.01059	0.00668	0.00665	0.01328	0.01996	0.02810	0.67077	0.05394	0.09827	0.01473	0.00840	0.00225	0.00337	0.01298	0.00778	0.00668
42	0.01542	0.01573	0.02546	0.09879	0.02551	0.01999	0.14799	0.01824	0.01246	0.01836	0.01102	0.01706	0.00992	0.01188	0.04065	0.00316	0.49027	0.00672	0.00324	0.00812
43	0.00865	0.00630	0.00816	0.00964	0.01026	0.00581	0.00649	0.00995	0.01389	0.01828	0.04254	0.67725	0.11282	0.02188	0.00902	0.00284	0.00408	0.01972	0.00661	0.00581
44	0.06905	0.01298	0.01671	0.01288	0.01835	0.01190	0.01064	0.09890	0.02129	0.61034	0.02610	0.02290	0.01659	0.00868	0.00702	0.00220	0.00621	0.00692	0.00843	0.01190
45	0.80005	0.01377	0.01047	0.00936	0.01377	0.01597	0.00771	0.02093	0.01212	0.03195	0.00991	0.01157	0.00771	0.00661	0.00441	0.00220	0.00551	0.00386	0.00441	0.00771
46	0.80005	0.01377	0.01047	0.00936	0.01377	0.01597	0.00771	0.02093	0.01212	0.03195	0.00991	0.01157	0.00771	0.00661	0.00441	0.00220	0.00551	0.00386	0.00441	0.00771
47	0.01762	0.01692	0.02890	0.04371	0.70533	0.01692	0.02185	0.02185	0.01621	0.02326	0.01339	0.01762	0.01128	0.00634	0.00705	0.00211	0.00846	0.00634	0.00352	0.01128
48	0.00892	0.00761	0.00771	0.00762	0.01008	0.00660	0.00573	0.01166	0.04942	0.02002	0.08806	0.06604	0.65094	0.01752	0.00836	0.00240	0.00370	0.01463	0.00668	0.00629
49	0.01930	0.01626	0.01644	0.01305	0.01842	0.09052	0.01033	0.08895	0.17516	0.08081	0.01793	0.01828	0.01371	0.00712	0.00619	0.00165	0.00649	0.00559	0.00551	0.38829
50	0.01428	0.03683	0.71286	0.02030	0.03082	0.01654	0.02631	0.02255	0.01503	0.02255	0.01278	0.01503	0.00902	0.00677	0.00677	0.00226	0.01052	0.00526	0.00301	0.01052

[dist]
# distance from previous block
# <min> <max>
0	17

[block]
# block no. 3 follows, 29 sequences, length 12
# corresponding to MSA columns:
# 199-204,209-214
name=unknown_D
#
# <colnr> <probs for GDERKNQSTAVLIFYWHMCP>
#	G	D	E	R	K	N	Q	S	T	A	V	L	I	F	Y	W	H	M	C	P
0	0.01525	0.18345	0.57476	0.01864	0.02825	0.01892	0.02342	0.02230	0.01492	0.02137	0.01219	0.01430	0.00904	0.00663	0.00632	0.00211	0.00993	0.00496	0.00301	0.01024
1	0.06072	0.05223	0.01987	0.01626	0.02061	0.33311	0.03266	0.19032	0.09570	0.02660	0.01924	0.01980	0.06512	0.00860	0.00673	0.00204	0.00952	0.00628	0.00516	0.00942
2	0.00868	0.00620	0.00826	0.00991	0.01033	0.00578	0.00661	0.00991	0.01363	0.01818	0.03925	0.74510	0.04710	0.02231	0.00909	0.00289	0.00413	0.02024	0.00661	0.00578
3	0.01244	0.00658	0.01002	0.05385	0.01173	0.00678	0.00702	0.00983	0.00958	0.01273	0.01239	0.02148	0.01219	0.02365	0.02655	0.74411	0.00639	0.00619	0.00310	0.00339
4	0.01727	0.01608	0.02246	0.07284	0.02256	0.02032	0.05583	0.12381	0.01539	0.02241	0.01137	0.01625	0.00997	0.01054	0.01738	0.00272	0.47036	0.00626	0.00387	0.06230
5	0.01587	0.01644	0.02659	0.02137	0.02308	0.02091	0.17273	0.01848	0.01230	0.01848	0.01054	0.01644	0.00969	0.01093	0.01983	0.00295	0.56517	0.00675	0.00323	0.00822
6	0.00901	0.00644	0.00865	0.01030	0.01086	0.00607	0.00719	0.01049	0.01396	0.01855	0.03906	0.66555	0.04636	0.02199	0.00918	0.00294	0.00442	0.09650	0.00660	0.00588
7	0.07004	0.01573	0.02237	0.44637	0.20718	0.08043	0.01891	0.02023	0.01512	0.02033	0.01250	0.01757	0.00978	0.00691	0.00685	0.00225	0.00927	0.00600	0.00339	0.00876
8	0.01345	0.01266	0.02136	0.73264	0.04904	0.01582	0.01978	0.01819	0.01424	0.01819	0.01266	0.01898	0.00949	0.00712	0.00712	0.00237	0.00949	0.00633	0.00316	0.00791
9	0.01036	0.00748	0.01015	0.01170	0.01298	0.00727	0.00950	0.01288	0.01547	0.02015	0.04032	0.29859	0.08359	0.02044	0.00950	0.00310	0.00558	0.40809	0.00658	0.00627
10	0.72956	0.01433	0.01146	0.01000	0.01453	0.01653	0.00824	0.08118	0.01407	0.03313	0.01057	0.01207	0.00811	0.00679	0.00465	0.00220	0.00572	0.00409	0.00465	0.00811
11	0.00894	0.00639	0.00855	0.01009	0.01065	0.00600	0.00695	0.01042	0.01414	0.01890	0.07120	0.66567	0.04765	0.02175	0.00911	0.00289	0.00426	0.06392	0.00667	0.00588

[dist]
# distance from previous block
# <min> <max>
0	2

[block]
# block no. 4 follows, 29 sequences, length 38
# corresponding to MSA columns:
# 217-254
name=unknown_E
#
# <colnr> <probs for GDERKNQSTAVLIFYWHMCP>
#	G	D	E	R	K	N	Q	S	T	A	V	L	I	F	Y	W	H	M	C	P
0	0.04225	0.09237	0.02322	0.03881	0.02125	0.02126	0.04761	0.27730	0.02065	0.02893	0.01345	0.01655	0.01091	0.01048	0.02937	0.00264	0.25877	0.00615	0.02839	0.00964
1	0.01539	0.08634	0.60122	0.02001	0.02984	0.01724	0.06239	0.02291	0.01528	0.04640	0.01321	0.01534	0.00943	0.00675	0.00672	0.00221	0.01024	0.00541	0.00325	0.01043
2	0.02288	0.02122	0.01886	0.01683	0.04268	0.20350	0.01277	0.18756	0.30807	0.05924	0.02088	0.02031	0.01563	0.00864	0.00699	0.00218	0.00816	0.00666	0.00622	0.01071
3	0.01902	0.53737	0.16156	0.01441	0.02105	0.10556	0.01500	0.02237	0.01523	0.01791	0.01056	0.01226	0.00912	0.00636	0.00519	0.00170	0.00876	0.00417	0.00311	0.00930
4	0.05822	0.03413	0.63382	0.01925	0.02915	0.01615	0.02437	0.02317	0.01519	0.06325	0.01352	0.01538	0.00945	0.00688	0.00666	0.00225	0.00999	0.00530	0.00342	0.01046
5	0.06201	0.02228	0.02011	0.05811	0.02241	0.23031	0.01388	0.29142	0.02337	0.02950	0.01445	0.01818	0.01172	0.00905	0.00921	0.00225	0.11310	0.03389	0.00513	0.00964
6	0.01740	0.01861	0.02154	0.01864	0.01924	0.13731	0.01528	0.01900	0.01244	0.01718	0.00962	0.01513	0.00932	0.01162	0.02057	0.00290	0.61717	0.00596	0.00321	0.00787
7	0.01502	0.01306	0.01591	0.01153	0.01776	0.01030	0.03482	0.01927	0.05392	0.02357	0.01367	0.01562	0.01120	0.00555	0.00551	0.00119	0.00556	0.00460	0.00437	0.71758
8	0.01251	0.05285	0.03923	0.01005	0.01257	0.03890	0.00813	0.01569	0.01905	0.06078	0.51466	0.04648	0.08230	0.04501	0.00917	0.00239	0.00459	0.01140	0.00704	0.00721
9	0.01013	0.00748	0.00953	0.00995	0.01018	0.00798	0.00663	0.01094	0.01189	0.01617	0.02834	0.34804	0.03317	0.32818	0.05329	0.00498	0.07840	0.01415	0.00518	0.00539
10	0.76738	0.01370	0.01072	0.00950	0.01396	0.01574	0.00783	0.02152	0.01247	0.06080	0.01069	0.01211	0.00813	0.00670	0.00452	0.00220	0.00553	0.00400	0.00459	0.00790
11	0.02624	0.06902	0.02107	0.01797	0.02183	0.66268	0.01367	0.05074	0.02036	0.01835	0.01116	0.01292	0.00927	0.00732	0.00635	0.00183	0.01241	0.00461	0.00376	0.00843
12	0.01313	0.01176	0.01104	0.01052	0.01285	0.10925	0.00786	0.01702	0.07592	0.04383	0.27741	0.12952	0.22309	0.01479	0.00807	0.00232	0.00514	0.01256	0.00675	0.00719
13	0.01762	0.01692	0.02890	0.04371	0.70533	0.01692	0.02185	0.02185	0.01621	0.02326	0.01339	0.01762	0.01128	0.00634	0.00705	0.00211	0.00846	0.00634	0.00352	0.01128
14	0.01480	0.01588	0.03265	0.02448	0.02959	0.01538	0.47480	0.01937	0.01565	0.02132	0.01993	0.19050	0.01928	0.01030	0.00959	0.00257	0.05999	0.01105	0.00428	0.00858
15	0.02735	0.01288	0.01624	0.01301	0.01797	0.01234	0.01056	0.06690	0.16167	0.49129	0.06997	0.02618	0.02132	0.00934	0.00725	0.00225	0.00589	0.00767	0.00834	0.01160
16	0.00885	0.00641	0.00836	0.00960	0.01032	0.00593	0.00654	0.01041	0.01470	0.01966	0.13122	0.60485	0.09489	0.02096	0.00895	0.00277	0.00399	0.01889	0.00678	0.00593
17	0.01428	0.03683	0.71286	0.02030	0.03082	0.01654	0.02631	0.02255	0.01503	0.02255	0.01278	0.01503	0.00902	0.00677	0.00677	0.00226	0.01052	0.00526	0.00301	0.01052
18	0.05486	0.01249	0.01470	0.01293	0.01684	0.01293	0.01021	0.04940	0.27201	0.26112	0.02956	0.13695	0.02439	0.01170	0.00752	0.00245	0.00566	0.04642	0.00752	0.01033
19	0.00875	0.00637	0.00825	0.00959	0.01028	0.00587	0.00650	0.01019	0.01433	0.01899	0.08797	0.63239	0.11156	0.02136	0.00898	0.00280	0.00403	0.01923	0.00669	0.00587
20	0.01008	0.00728	0.00952	0.00896	0.01064	0.00672	0.00672	0.01344	0.02016	0.02855	0.70158	0.05319	0.06719	0.01456	0.00840	0.00224	0.00336	0.01288	0.00784	0.00672
21	0.01639	0.01855	0.04030	0.02899	0.03585	0.01739	0.64527	0.02215	0.01665	0.02257	0.01567	0.05610	0.01265	0.00683	0.00844	0.00243	0.01160	0.00901	0.00375	0.00941
22	0.01681	0.01921	0.04202	0.03001	0.03721	0.01801	0.67947	0.02281	0.01681	0.02281	0.01441	0.01921	0.01080	0.00600	0.00840	0.00240	0.01200	0.00840	0.00360	0.00960
23	0.01345	0.01266	0.02136	0.73264	0.04904	0.01582	0.01978	0.01819	0.01424	0.01819	0.01266	0.01898	0.00949	0.00712	0.00712	0.00237	0.00949	0.00633	0.00316	0.00791
24	0.01019	0.00754	0.01101	0.01101	0.01213	0.00866	0.00835	0.01243	0.01131	0.01621	0.01947	0.03019	0.01877	0.13643	0.63983	0.01090	0.01762	0.00795	0.00387	0.00611
25	0.00868	0.00620	0.00826	0.00991	0.01033	0.00578	0.00661	0.00991	0.01363	0.01818	0.03925	0.74510	0.04710	0.02231	0.00909	0.00289	0.00413	0.02024	0.00661	0.00578
26	0.01646	0.01817	0.03624	0.02677	0.03192	0.01910	0.48952	0.02119	0.01512	0.02119	0.01296	0.01817	0.01039	0.00785	0.01269	0.00261	0.21936	0.00778	0.00346	0.00908
27	0.01762	0.01692	0.02890	0.04371	0.70533	0.01692	0.02185	0.02185	0.01621	0.02326	0.01339	0.01762	0.01128	0.00634	0.00705	0.00211	0.00846	0.00634	0.00352	0.01128
28	0.01651	0.41442	0.30691	0.01522	0.02279	0.02202	0.01749	0.02127	0.01509	0.01989	0.05863	0.01575	0.01308	0.00694	0.00572	0.00187	0.00849	0.00502	0.00336	0.00953
29	0.01744	0.01673	0.02857	0.07406	0.67642	0.01687	0.02176	0.02169	0.01613	0.02304	0.01336	0.01768	0.01120	0.00638	0.00705	0.00213	0.00850	0.00634	0.00351	0.01113
30	0.01243	0.00876	0.01195	0.01048	0.01282	0.00828	0.03630	0.05341	0.02079	0.06292	0.59923	0.04821	0.05913	0.01356	0.00826	0.00224	0.00412	0.01203	0.00766	0.00742
31	0.02496	0.02652	0.02042	0.01850	0.05609	0.39523	0.01376	0.22928	0.04993	0.02674	0.01582	0.01698	0.03513	0.00829	0.00729	0.00202	0.03267	0.00579	0.00496	0.00962
32	0.70820	0.01334	0.01084	0.00957	0.01392	0.01514	0.00785	0.02151	0.01308	0.07844	0.04533	0.01449	0.01133	0.00715	0.00479	0.00221	0.00544	0.00453	0.00488	0.00797
33	0.01477	0.01266	0.01477	0.01055	0.01687	0.00949	0.00844	0.01793	0.01477	0.02320	0.01266	0.01477	0.01055	0.00527	0.00527	0.00105	0.00527	0.00422	0.00422	0.79328
34	0.01445	0.06148	0.68964	0.02002	0.03039	0.01694	0.02582	0.02251	0.01501	0.02235	0.01268	0.01491	0.00902	0.00674	0.00669	0.00223	0.01042	0.00521	0.00301	0.01048
35	0.76680	0.01370	0.01073	0.00951	0.01396	0.01574	0.00783	0.02153	0.01248	0.06131	0.01070	0.01212	0.00814	0.00671	0.00453	0.00220	0.00553	0.00400	0.00460	0.00790
36	0.02506	0.02845	0.01967	0.01738	0.02115	0.49917	0.01329	0.15675	0.04061	0.02324	0.01428	0.05637	0.01229	0.00867	0.00729	0.00201	0.03477	0.00600	0.00460	0.00894
37	0.02031	0.01442	0.01588	0.01376	0.01805	0.01580	0.01085	0.07361	0.48031	0.15802	0.03108	0.02845	0.06721	0.01001	0.00730	0.00236	0.00571	0.00827	0.00749	0.01112

[dist]
# distance from previous block
# <min> <max>
0	1

[block]
# block no. 5 follows, 29 sequences, length 28
# corresponding to MSA columns:
# 256-283
name=unknown_F
#
# <colnr> <probs for GDERKNQSTAVLIFYWHMCP>
#	G	D	E	R	K	N	Q	S	T	A	V	L	I	F	Y	W	H	M	C	P
0	0.01107	0.00773	0.00920	0.00897	0.00973	0.00792	0.00591	0.04372	0.01291	0.01743	0.08149	0.04503	0.05833	0.49448	0.13069	0.00663	0.00827	0.03032	0.00485	0.00534
1	0.01017	0.00763	0.01144	0.01144	0.01272	0.00890	0.00890	0.01272	0.01144	0.01653	0.01907	0.02797	0.01780	0.05340	0.72153	0.01144	0.01907	0.00763	0.00381	0.00636
2	0.01486	0.12404	0.63071	0.01931	0.02929	0.01795	0.02459	0.02240	0.01496	0.02185	0.01243	0.01459	0.00903	0.00668	0.00650	0.00217	0.01017	0.00508	0.00301	0.01036
3	0.00868	0.00620	0.00826	0.00991	0.01033	0.00578	0.00661	0.00991	0.01363	0.01818	0.03925	0.74510	0.04710	0.02231	0.00909	0.00289	0.00413	0.02024	0.00661	0.00578
4	0.03195	0.01212	0.01652	0.01267	0.01818	0.01047	0.01047	0.03470	0.02038	0.71026	0.02809	0.02424	0.01763	0.00881	0.00716	0.00220	0.00606	0.00716	0.00881	0.01212
5	0.01428	0.03683	0.71286	0.02030	0.03082	0.01654	0.02631	0.02255	0.01503	0.02255	0.01278	0.01503	0.00902	0.00677	0.00677	0.00226	0.01052	0.00526	0.00301	0.01052
6	0.01345	0.01266	0.02136	0.73264	0.04904	0.01582	0.01978	0.01819	0.01424	0.01819	0.01266	0.01898	0.00949	0.00712	0.00712	0.00237	0.00949	0.00633	0.00316	0.00791
7	0.09254	0.01303	0.01653	0.01278	0.01822	0.01207	0.01055	0.09836	0.02103	0.58972	0.02555	0.02251	0.01629	0.00861	0.00694	0.00220	0.00619	0.00682	0.00829	0.01177
8	0.00994	0.00724	0.00922	0.01042	0.01124	0.00707	0.00714	0.04267	0.04440	0.01994	0.03776	0.67936	0.04434	0.02111	0.00892	0.00284	0.00437	0.01906	0.00666	0.00632
9	0.01904	0.75404	0.03731	0.01218	0.01828	0.02818	0.01218	0.02132	0.01447	0.01675	0.00990	0.01142	0.00914	0.00609	0.00457	0.00152	0.00761	0.00381	0.00305	0.00914
10	0.34335	0.01652	0.10696	0.03197	0.01892	0.01410	0.01160	0.05403	0.01603	0.21041	0.01585	0.01622	0.01110	0.00716	0.00575	0.00208	0.00651	0.00515	0.00546	0.10084
11	0.01603	0.01597	0.07150	0.05035	0.02318	0.01319	0.12257	0.02304	0.13222	0.04468	0.01624	0.01805	0.01257	0.00646	0.00639	0.00170	0.00707	0.00584	0.00464	0.40831
12	0.00959	0.00723	0.00889	0.00879	0.01056	0.00653	0.00662	0.01234	0.01834	0.02475	0.43771	0.11397	0.23935	0.01642	0.00854	0.00240	0.00367	0.05052	0.00733	0.00644
13	0.02466	0.04451	0.01988	0.01569	0.02047	0.18989	0.01261	0.40682	0.05743	0.03448	0.01893	0.01931	0.04561	0.00868	0.00683	0.00205	0.00850	0.00639	0.04681	0.01047
14	0.05077	0.27477	0.29906	0.01700	0.04432	0.02032	0.03843	0.07465	0.01671	0.05387	0.03929	0.01591	0.01200	0.00703	0.00609	0.00199	0.00862	0.00531	0.00389	0.00998
15	0.12608	0.01582	0.02352	0.23462	0.28277	0.01733	0.04563	0.12477	0.01782	0.02638	0.01332	0.01717	0.01038	0.00694	0.00677	0.00222	0.00840	0.00609	0.00411	0.00987
16	0.00952	0.00731	0.00862	0.00888	0.01065	0.00662	0.00677	0.01177	0.01657	0.02135	0.21289	0.11073	0.33612	0.07594	0.01091	0.00291	0.00435	0.12524	0.00672	0.00613
17	0.01762	0.01692	0.02890	0.04371	0.70533	0.01692	0.02185	0.02185	0.01621	0.02326	0.01339	0.01762	0.01128	0.00634	0.00705	0.00211	0.00846	0.00634	0.00352	0.01128
18	0.01653	0.23238	0.41262	0.01909	0.02778	0.01976	0.10933	0.02265	0.01529	0.04392	0.01271	0.01490	0.00958	0.00654	0.00639	0.00207	0.00977	0.00534	0.00329	0.01007
19	0.01295	0.01083	0.01388	0.01303	0.01462	0.04609	0.01029	0.06719	0.01356	0.01890	0.01738	0.02491	0.01593	0.04277	0.54757	0.00925	0.10258	0.00722	0.00399	0.00708
20	0.00858	0.00714	0.00750	0.00758	0.00976	0.00605	0.00562	0.01047	0.01636	0.01996	0.12413	0.12100	0.59522	0.01807	0.00847	0.00243	0.00363	0.01526	0.00672	0.00605
21	0.02720	0.01890	0.02062	0.01590	0.02151	0.02064	0.01311	0.58412	0.06027	0.11614	0.01879	0.01827	0.01312	0.00862	0.00713	0.00216	0.00755	0.00656	0.00731	0.01207
22	0.01687	0.01939	0.06252	0.03216	0.15800	0.01776	0.53809	0.02263	0.01664	0.02288	0.01417	0.01878	0.01083	0.00609	0.00810	0.00234	0.01131	0.00792	0.00357	0.00994
23	0.05015	0.00817	0.00936	0.00864	0.01133	0.00720	0.04002	0.01170	0.01639	0.02089	0.12077	0.06172	0.57573	0.01652	0.00821	0.00238	0.00411	0.01392	0.00645	0.00634
24	0.01097	0.00777	0.00988	0.00957	0.01126	0.00743	0.00719	0.04783	0.01936	0.02730	0.49421	0.16199	0.05738	0.01541	0.00834	0.00236	0.00386	0.04365	0.04740	0.00684
25	0.01924	0.02073	0.02375	0.02434	0.18282	0.22122	0.12837	0.04681	0.10314	0.02214	0.01903	0.05887	0.04114	0.04626	0.00877	0.00242	0.00948	0.00766	0.00449	0.00929
26	0.01894	0.09586	0.05095	0.05706	0.30590	0.13954	0.01672	0.07477	0.04725	0.02259	0.01533	0.05507	0.01364	0.04633	0.00831	0.00232	0.00878	0.00673	0.00411	0.00979
27	0.01762	0.41447	0.14988	0.01399	0.01970	0.09215	0.01398	0.02138	0.04662	0.01836	0.01420	0.07982	0.01331	0.00892	0.00686	0.04221	0.00817	0.00595	0.00362	0.00878

[dist]
# distance from previous block
# <min> <max>
3	65

# created by:
# /st0/software/busco_prod/Augustus/scripts/msa2prfl.pl ./align_prep/130059.fa
