[name]
unknown

[dist]
# distance from previous block
# <min> <max>
13	105

[block]
# block no. 0 follows, 26 sequences, length 9
# corresponding to MSA columns:
# 111-119
name=unknown_A
#
# <colnr> <probs for GDERKNQSTAVLIFYWHMCP>
#	G	D	E	R	K	N	Q	S	T	A	V	L	I	F	Y	W	H	M	C	P
0	0.21074	0.01433	0.01504	0.04451	0.01783	0.01574	0.01028	0.20339	0.01992	0.03126	0.02080	0.02810	0.05328	0.13643	0.01304	0.00321	0.03837	0.03057	0.03541	0.05774
1	0.01668	0.04484	0.04760	0.05108	0.11729	0.01562	0.03678	0.07800	0.14072	0.02766	0.13350	0.06027	0.05502	0.01063	0.00856	0.00232	0.04263	0.00900	0.00589	0.09589
2	0.04684	0.01364	0.01592	0.01762	0.12708	0.04401	0.01098	0.14028	0.04850	0.02624	0.02332	0.13865	0.02328	0.21015	0.01611	0.00376	0.00722	0.01018	0.06769	0.00854
3	0.02140	0.02339	0.10836	0.09014	0.32167	0.11233	0.02062	0.15934	0.02142	0.02827	0.01461	0.01774	0.01144	0.00753	0.00740	0.00226	0.00987	0.00638	0.00449	0.01136
4	0.01301	0.01066	0.01570	0.01323	0.01538	0.01038	0.11566	0.01618	0.06679	0.01878	0.02370	0.09380	0.02514	0.44555	0.02652	0.00539	0.00780	0.01085	0.00491	0.06059
5	0.02015	0.02125	0.15912	0.02619	0.22663	0.05777	0.01884	0.02587	0.06291	0.13550	0.01809	0.02078	0.01390	0.01362	0.08494	0.00348	0.06834	0.00682	0.00487	0.01093
6	0.01390	0.00912	0.01007	0.00952	0.01073	0.00939	0.00632	0.10110	0.01569	0.02234	0.02504	0.10743	0.02618	0.42328	0.02502	0.00515	0.00645	0.01071	0.15619	0.00637
7	0.01793	0.01479	0.01691	0.01228	0.01891	0.01237	0.00990	0.12700	0.01908	0.02860	0.01428	0.01615	0.01151	0.00620	0.00595	0.00132	0.00608	0.00489	0.00501	0.65086
8	0.02752	0.01290	0.01625	0.01300	0.01761	0.01222	0.01028	0.10593	0.05841	0.43040	0.06036	0.03061	0.02246	0.13145	0.01290	0.00320	0.00666	0.00846	0.00822	0.01117

[dist]
# distance from previous block
# <min> <max>
7	54

[block]
# block no. 1 follows, 26 sequences, length 12
# corresponding to MSA columns:
# 174-185
name=unknown_B
#
# <colnr> <probs for GDERKNQSTAVLIFYWHMCP>
#	G	D	E	R	K	N	Q	S	T	A	V	L	I	F	Y	W	H	M	C	P
0	0.07069	0.01635	0.01840	0.07612	0.02153	0.10049	0.05023	0.12344	0.01860	0.02592	0.01972	0.13812	0.01868	0.01478	0.05966	0.00317	0.10214	0.00899	0.07329	0.03968
1	0.01923	0.15192	0.02449	0.01988	0.12693	0.04370	0.05625	0.04839	0.01800	0.09884	0.12797	0.02654	0.02325	0.05172	0.01107	0.00257	0.09068	0.00784	0.04114	0.00957
2	0.01662	0.05861	0.01526	0.07766	0.01751	0.04457	0.00973	0.08636	0.06116	0.05694	0.10886	0.06076	0.02630	0.17509	0.01701	0.09223	0.00699	0.00915	0.05152	0.00768
3	0.06668	0.01193	0.01286	0.01170	0.01453	0.03767	0.00891	0.11982	0.05959	0.03050	0.27460	0.17461	0.04302	0.01417	0.00809	0.00241	0.00527	0.01213	0.05123	0.04029
4	0.02193	0.01638	0.01761	0.01475	0.01886	0.04849	0.01169	0.36390	0.02708	0.06226	0.08471	0.14951	0.04772	0.01611	0.05981	0.00316	0.00813	0.01039	0.00718	0.01033
5	0.01945	0.01458	0.01758	0.09916	0.04842	0.01610	0.01262	0.26899	0.07227	0.03331	0.06589	0.08839	0.02197	0.01494	0.07026	0.00324	0.00819	0.00889	0.10579	0.00996
6	0.22470	0.01574	0.01911	0.32252	0.08198	0.05620	0.01572	0.08184	0.01707	0.02697	0.01385	0.01796	0.01061	0.00762	0.00661	0.00235	0.00849	0.00596	0.05571	0.00899
7	0.01432	0.01348	0.02275	0.71520	0.05224	0.01685	0.02107	0.01938	0.01517	0.01938	0.01348	0.02022	0.01011	0.00758	0.00758	0.00253	0.01011	0.00674	0.00337	0.00843
8	0.01519	0.01458	0.02530	0.57529	0.14343	0.01717	0.06140	0.02025	0.01564	0.02047	0.01371	0.02003	0.01048	0.00739	0.00766	0.00249	0.01012	0.00688	0.00346	0.00906
9	0.23772	0.01491	0.07082	0.01378	0.04039	0.03993	0.01170	0.02178	0.01698	0.13037	0.05411	0.04149	0.10941	0.01256	0.00760	0.00263	0.00674	0.15209	0.00621	0.00880
10	0.01138	0.00739	0.00977	0.01059	0.01166	0.00690	0.00744	0.01326	0.01618	0.06346	0.15907	0.47071	0.05013	0.07390	0.01161	0.00325	0.00475	0.05460	0.00725	0.00670
11	0.01184	0.00793	0.00968	0.00949	0.01160	0.00704	0.00702	0.01433	0.01860	0.08198	0.28613	0.20524	0.26488	0.01800	0.00900	0.00259	0.00409	0.01565	0.00772	0.00719

[dist]
# distance from previous block
# <min> <max>
19	31

[block]
# block no. 2 follows, 26 sequences, length 63
# corresponding to MSA columns:
# 220-282
name=unknown_C
#
# <colnr> <probs for GDERKNQSTAVLIFYWHMCP>
#	G	D	E	R	K	N	Q	S	T	A	V	L	I	F	Y	W	H	M	C	P
0	0.02174	0.21436	0.12461	0.04060	0.06695	0.04575	0.01599	0.19574	0.06477	0.05842	0.01835	0.01930	0.03874	0.00825	0.00677	0.00211	0.00848	0.00626	0.00523	0.03757
1	0.01475	0.14336	0.37389	0.01656	0.02430	0.01681	0.01923	0.02138	0.04555	0.02299	0.05915	0.03094	0.13407	0.01034	0.00738	0.00236	0.00862	0.03404	0.00450	0.00978
2	0.04712	0.01001	0.01358	0.03915	0.01606	0.01152	0.01031	0.08584	0.01503	0.02182	0.02026	0.05543	0.01873	0.04620	0.54125	0.00993	0.01733	0.00829	0.00458	0.00755
3	0.01261	0.01279	0.07339	0.01270	0.01563	0.03539	0.03312	0.01592	0.04117	0.02122	0.06364	0.31393	0.03430	0.12517	0.01305	0.00329	0.00642	0.04122	0.00582	0.11921
4	0.01190	0.00952	0.01412	0.16322	0.02165	0.00999	0.03630	0.04035	0.01669	0.02235	0.13063	0.36384	0.04060	0.04612	0.01020	0.00299	0.00622	0.03988	0.00625	0.00721
5	0.01064	0.00796	0.01003	0.01101	0.01273	0.00747	0.00881	0.01320	0.01702	0.02183	0.10181	0.17612	0.23488	0.04952	0.01094	0.00322	0.00541	0.28377	0.00702	0.00660
6	0.01793	0.01776	0.03205	0.14760	0.47171	0.01805	0.13706	0.02286	0.01706	0.02386	0.01434	0.01930	0.01163	0.00682	0.00778	0.00235	0.00986	0.00715	0.00371	0.01114
7	0.04667	0.09051	0.50174	0.02059	0.03006	0.11419	0.04647	0.02474	0.01668	0.02318	0.01306	0.01541	0.00965	0.00720	0.00694	0.00228	0.01117	0.00545	0.00338	0.01061
8	0.01621	0.03785	0.65843	0.02119	0.03212	0.01727	0.02713	0.02470	0.01631	0.05924	0.01447	0.01653	0.01009	0.00732	0.00723	0.00240	0.01096	0.00571	0.00353	0.01130
9	0.00966	0.00771	0.00865	0.00842	0.01067	0.00670	0.00631	0.01224	0.01894	0.02440	0.31541	0.06656	0.44202	0.01775	0.00896	0.00249	0.00374	0.01511	0.00756	0.00670
10	0.01571	0.01422	0.02223	0.57398	0.06971	0.01717	0.01961	0.07273	0.04996	0.02256	0.01700	0.02227	0.03472	0.00822	0.00764	0.00250	0.00950	0.00717	0.00408	0.00903
11	0.01859	0.01783	0.03045	0.07451	0.65962	0.01797	0.02319	0.02312	0.01718	0.02455	0.01423	0.01883	0.01194	0.00679	0.00751	0.00226	0.00906	0.00676	0.00374	0.01186
12	0.01074	0.00775	0.01014	0.00954	0.01133	0.00716	0.00716	0.01431	0.02147	0.03042	0.68211	0.05666	0.07157	0.01551	0.00895	0.00239	0.00358	0.01372	0.00835	0.00716
13	0.01016	0.00730	0.00966	0.01022	0.01142	0.00680	0.00737	0.01275	0.01822	0.02518	0.36837	0.35182	0.06074	0.01940	0.00935	0.00275	0.00412	0.04994	0.00771	0.00671
14	0.02521	0.01944	0.02072	0.01672	0.02214	0.02183	0.01354	0.43511	0.26729	0.04196	0.02282	0.02188	0.01663	0.00954	0.00764	0.00238	0.00749	0.00746	0.00764	0.01257
15	0.01858	0.01782	0.03043	0.07604	0.65817	0.01797	0.02318	0.02311	0.01718	0.02454	0.01423	0.01884	0.01193	0.00679	0.00751	0.00226	0.00906	0.00676	0.00374	0.01186
16	0.72631	0.01466	0.01157	0.01025	0.01489	0.01688	0.00842	0.04728	0.01415	0.03443	0.03739	0.01431	0.01090	0.00746	0.00498	0.00235	0.00588	0.00459	0.00495	0.00836
17	0.01917	0.01877	0.03041	0.04545	0.65888	0.04617	0.02292	0.02357	0.01744	0.02452	0.01416	0.01856	0.01192	0.00680	0.00748	0.00224	0.00920	0.00668	0.00376	0.01188
18	0.03403	0.01291	0.01760	0.01350	0.01936	0.01115	0.01115	0.03697	0.02171	0.69137	0.02992	0.02582	0.01878	0.00939	0.00763	0.00235	0.00645	0.00763	0.00939	0.01291
19	0.03322	0.01293	0.01752	0.01340	0.01930	0.01110	0.01105	0.03617	0.02144	0.66183	0.02920	0.02537	0.01844	0.00922	0.00754	0.00229	0.00642	0.00749	0.00917	0.04688
20	0.74898	0.01500	0.01173	0.01035	0.01511	0.01734	0.00853	0.05432	0.01405	0.03472	0.01095	0.01262	0.00845	0.00714	0.00484	0.00234	0.00599	0.00424	0.00484	0.00845
21	0.01074	0.00775	0.01014	0.00954	0.01133	0.00716	0.00716	0.01431	0.02147	0.03042	0.68211	0.05666	0.07157	0.01551	0.00895	0.00239	0.00358	0.01372	0.00835	0.00716
22	0.00924	0.00660	0.00880	0.01056	0.01100	0.00616	0.00704	0.01056	0.01452	0.01936	0.04181	0.72848	0.05017	0.02376	0.00968	0.00308	0.00440	0.02156	0.00704	0.00616
23	0.01432	0.01348	0.02275	0.71520	0.05224	0.01685	0.02107	0.01938	0.01517	0.01938	0.01348	0.02022	0.01011	0.00758	0.00758	0.00253	0.01011	0.00674	0.00337	0.00843
24	0.00933	0.00664	0.00878	0.01045	0.01087	0.00622	0.00692	0.01058	0.01435	0.01913	0.04092	0.69502	0.04905	0.05874	0.01111	0.00329	0.00455	0.02104	0.00692	0.00608
25	0.01313	0.00828	0.01091	0.00995	0.01216	0.00757	0.00757	0.01665	0.02150	0.09845	0.61499	0.05348	0.06614	0.01488	0.00881	0.00238	0.00387	0.01309	0.00846	0.00775
26	0.01103	0.00735	0.00827	0.00827	0.00827	0.00735	0.00460	0.01103	0.01103	0.01471	0.02390	0.04964	0.02758	0.73343	0.03861	0.00735	0.00735	0.01103	0.00460	0.00460
27	0.01659	0.01659	0.02323	0.01991	0.01991	0.02323	0.01659	0.01825	0.01162	0.01825	0.00996	0.01659	0.00996	0.01328	0.02489	0.00332	0.71955	0.00664	0.00332	0.00830
28	0.02028	0.73799	0.03975	0.01298	0.01947	0.03001	0.01298	0.02271	0.01541	0.01785	0.01055	0.01217	0.00973	0.00649	0.00487	0.00162	0.00811	0.00406	0.00324	0.00973
29	0.03403	0.01291	0.01760	0.01350	0.01936	0.01115	0.01115	0.03697	0.02171	0.69137	0.02992	0.02582	0.01878	0.00939	0.00763	0.00235	0.00645	0.00763	0.00939	0.01291
30	0.78701	0.01467	0.01115	0.00997	0.01467	0.01702	0.00821	0.02230	0.01291	0.03403	0.01056	0.01232	0.00821	0.00704	0.00469	0.00235	0.00587	0.00411	0.00469	0.00821
31	0.01887	0.01629	0.01715	0.01544	0.01972	0.01887	0.01201	0.04031	0.67241	0.03173	0.03087	0.02830	0.02315	0.01029	0.00772	0.00257	0.00600	0.00858	0.00772	0.01201
32	0.01102	0.00741	0.00857	0.00857	0.00867	0.00751	0.00496	0.01122	0.01112	0.01493	0.02363	0.04814	0.02693	0.68248	0.08867	0.00772	0.00833	0.01081	0.00456	0.00476
33	0.01631	0.14216	0.51456	0.02161	0.03167	0.01968	0.10439	0.02386	0.01616	0.02313	0.01337	0.01599	0.00986	0.00700	0.00707	0.00230	0.01094	0.00579	0.00329	0.01087
34	0.01090	0.00841	0.01021	0.01093	0.01279	0.00808	0.00846	0.01488	0.07232	0.02265	0.11026	0.24476	0.23389	0.01978	0.00945	0.00293	0.00498	0.18010	0.00721	0.00704
35	0.05245	0.52417	0.05668	0.01427	0.02051	0.10023	0.01355	0.07969	0.01796	0.04327	0.01207	0.01344	0.01024	0.00700	0.00548	0.00179	0.00869	0.00456	0.00395	0.01000
36	0.08104	0.38047	0.31663	0.01642	0.02478	0.02366	0.01901	0.02324	0.01546	0.02181	0.01186	0.01382	0.00956	0.00684	0.00585	0.00201	0.00925	0.00472	0.00335	0.01024
37	0.02456	0.06689	0.02405	0.02413	0.15048	0.43834	0.01617	0.02843	0.06718	0.02066	0.01343	0.01585	0.01119	0.00810	0.00818	0.00213	0.06088	0.00559	0.00408	0.00966
38	0.02421	0.01850	0.01968	0.01581	0.02106	0.02040	0.01283	0.44507	0.17299	0.04093	0.02818	0.02714	0.09736	0.01060	0.00779	0.00238	0.00728	0.00834	0.00755	0.01191
39	0.78701	0.01467	0.01115	0.00997	0.01467	0.01702	0.00821	0.02230	0.01291	0.03403	0.01056	0.01232	0.00821	0.00704	0.00469	0.00235	0.00587	0.00411	0.00469	0.00821
40	0.78701	0.01467	0.01115	0.00997	0.01467	0.01702	0.00821	0.02230	0.01291	0.03403	0.01056	0.01232	0.00821	0.00704	0.00469	0.00235	0.00587	0.00411	0.00469	0.00821
41	0.01163	0.00854	0.01140	0.01283	0.01472	0.00831	0.01105	0.01484	0.01743	0.02230	0.04681	0.08328	0.15957	0.02064	0.01020	0.00332	0.00641	0.52283	0.00700	0.00688
42	0.02833	0.03615	0.02149	0.01954	0.02345	0.70298	0.01466	0.03029	0.02149	0.01856	0.01172	0.01368	0.00977	0.00782	0.00684	0.00195	0.01368	0.00489	0.00391	0.00879
43	0.78701	0.01467	0.01115	0.00997	0.01467	0.01702	0.00821	0.02230	0.01291	0.03403	0.01056	0.01232	0.00821	0.00704	0.00469	0.00235	0.00587	0.00411	0.00469	0.00821
44	0.02883	0.02125	0.02276	0.01745	0.02352	0.02352	0.01442	0.66082	0.03566	0.04780	0.01821	0.01821	0.01290	0.00911	0.00759	0.00228	0.00835	0.00683	0.00759	0.01290
45	0.00923	0.00765	0.00807	0.00805	0.01043	0.00650	0.00601	0.01136	0.01778	0.02186	0.16169	0.09420	0.57333	0.01885	0.00899	0.00255	0.00382	0.01588	0.00723	0.00650
46	0.01390	0.00860	0.01102	0.01027	0.01260	0.00791	0.00774	0.01755	0.04261	0.12025	0.42680	0.14489	0.11433	0.01594	0.00882	0.00250	0.00420	0.01397	0.00818	0.00792
47	0.01080	0.00794	0.01141	0.01148	0.01258	0.00900	0.00858	0.01301	0.01210	0.01720	0.02178	0.06158	0.02165	0.16643	0.56609	0.01103	0.01754	0.00915	0.00427	0.00639
48	0.01521	0.03923	0.69413	0.02162	0.03283	0.01762	0.02802	0.02402	0.01601	0.02402	0.01361	0.01601	0.00961	0.00721	0.00721	0.00240	0.01121	0.00560	0.00320	0.01121
49	0.00924	0.00660	0.00880	0.01056	0.01100	0.00616	0.00704	0.01056	0.01452	0.01936	0.04181	0.72848	0.05017	0.02376	0.00968	0.00308	0.00440	0.02156	0.00704	0.00616
50	0.01788	0.40696	0.34975	0.01707	0.02580	0.02414	0.02011	0.02333	0.01570	0.02077	0.01200	0.01399	0.00967	0.00683	0.00598	0.00199	0.00958	0.00479	0.00322	0.01043
51	0.01432	0.01348	0.02275	0.71520	0.05224	0.01685	0.02107	0.01938	0.01517	0.01938	0.01348	0.02022	0.01011	0.00758	0.00758	0.00253	0.01011	0.00674	0.00337	0.00843
52	0.01573	0.01348	0.01573	0.01123	0.01798	0.01011	0.00899	0.01910	0.01573	0.02472	0.01348	0.01573	0.01123	0.00562	0.00562	0.00112	0.00562	0.00449	0.00449	0.77980
53	0.01521	0.03923	0.69413	0.02162	0.03283	0.01762	0.02802	0.02402	0.01601	0.02402	0.01361	0.01601	0.00961	0.00721	0.00721	0.00240	0.01121	0.00560	0.00320	0.01121
54	0.02833	0.03615	0.02149	0.01954	0.02345	0.70298	0.01466	0.03029	0.02149	0.01856	0.01172	0.01368	0.00977	0.00782	0.00684	0.00195	0.01368	0.00489	0.00391	0.00879
55	0.02392	0.01460	0.02133	0.02504	0.25644	0.01415	0.01510	0.02987	0.10583	0.29225	0.07585	0.02765	0.04448	0.00938	0.00775	0.00235	0.00700	0.00820	0.00699	0.01180
56	0.78701	0.01467	0.01115	0.00997	0.01467	0.01702	0.00821	0.02230	0.01291	0.03403	0.01056	0.01232	0.00821	0.00704	0.00469	0.00235	0.00587	0.00411	0.00469	0.00821
57	0.00924	0.00660	0.00880	0.01056	0.01100	0.00616	0.00704	0.01056	0.01452	0.01936	0.04181	0.72848	0.05017	0.02376	0.00968	0.00308	0.00440	0.02156	0.00704	0.00616
58	0.01925	0.01893	0.03032	0.04520	0.65288	0.05238	0.02285	0.02363	0.01748	0.02447	0.01414	0.01852	0.01190	0.00681	0.00748	0.00224	0.00925	0.00666	0.00376	0.01185
59	0.01923	0.01846	0.02879	0.09469	0.55015	0.04634	0.02184	0.04973	0.05031	0.02537	0.01508	0.01912	0.01236	0.00713	0.00750	0.00228	0.00911	0.00677	0.00408	0.01164
60	0.02550	0.01927	0.02098	0.01587	0.02211	0.02011	0.01304	0.49770	0.03060	0.04193	0.01701	0.01758	0.01248	0.00822	0.00709	0.00198	0.00765	0.00624	0.00680	0.20784
61	0.00980	0.00703	0.00908	0.00997	0.01082	0.00655	0.00681	0.01165	0.01622	0.02203	0.21753	0.45832	0.07792	0.08483	0.01204	0.00325	0.00442	0.01825	0.00718	0.00630
62	0.01877	0.01802	0.03079	0.04656	0.68612	0.01802	0.02328	0.02328	0.01727	0.02478	0.01427	0.01877	0.01201	0.00676	0.00751	0.00225	0.00901	0.00676	0.00375	0.01201

[dist]
# distance from previous block
# <min> <max>
0	7

[block]
# block no. 3 follows, 26 sequences, length 15
# corresponding to MSA columns:
# 290-304
name=unknown_D
#
# <colnr> <probs for GDERKNQSTAVLIFYWHMCP>
#	G	D	E	R	K	N	Q	S	T	A	V	L	I	F	Y	W	H	M	C	P
0	0.00955	0.00771	0.00849	0.00830	0.01060	0.00665	0.00622	0.01201	0.01867	0.02376	0.27603	0.06762	0.48180	0.01799	0.00896	0.00250	0.00376	0.01525	0.00747	0.00665
1	0.00936	0.00685	0.00881	0.01012	0.01095	0.00629	0.00690	0.01098	0.01556	0.02063	0.11151	0.58274	0.12663	0.02238	0.00952	0.00295	0.00425	0.02011	0.00718	0.00629
2	0.01768	0.11925	0.36457	0.01968	0.02793	0.01733	0.10698	0.02380	0.01667	0.09926	0.01863	0.10086	0.01569	0.00920	0.00748	0.00240	0.00968	0.00796	0.00445	0.01049
3	0.01836	0.02051	0.10863	0.04363	0.60945	0.01797	0.02384	0.02337	0.01712	0.02469	0.01419	0.01845	0.01173	0.00681	0.00747	0.00227	0.00927	0.00662	0.00369	0.01192
4	0.03403	0.01291	0.01760	0.01350	0.01936	0.01115	0.01115	0.03697	0.02171	0.69137	0.02992	0.02582	0.01878	0.00939	0.00763	0.00235	0.00645	0.00763	0.00939	0.01291
5	0.01877	0.01802	0.03079	0.04656	0.68612	0.01802	0.02328	0.02328	0.01727	0.02478	0.01427	0.01877	0.01201	0.00676	0.00751	0.00225	0.00901	0.00676	0.00375	0.01201
6	0.09170	0.01906	0.02037	0.02160	0.16140	0.09896	0.01423	0.20502	0.12491	0.03221	0.04664	0.02590	0.08598	0.00973	0.00743	0.00232	0.00789	0.00781	0.00606	0.01078
7	0.04609	0.06474	0.22054	0.02542	0.12077	0.01706	0.20635	0.02221	0.01713	0.02452	0.06320	0.02830	0.01873	0.00905	0.00803	0.00251	0.00995	0.08102	0.00432	0.01006
8	0.01023	0.00773	0.00944	0.00901	0.01102	0.00694	0.00676	0.01333	0.02027	0.02757	0.50860	0.06134	0.24686	0.01657	0.00895	0.00244	0.00365	0.01437	0.00798	0.00694
9	0.01996	0.58792	0.14100	0.01471	0.02179	0.06722	0.01543	0.02336	0.01586	0.01885	0.01109	0.01286	0.00972	0.00668	0.00535	0.00176	0.00892	0.00435	0.00328	0.00991
10	0.02326	0.02099	0.23679	0.01597	0.02273	0.01330	0.01632	0.05430	0.03940	0.31600	0.04663	0.09309	0.02135	0.01072	0.00784	0.00248	0.00780	0.03286	0.00690	0.01127
11	0.01167	0.00983	0.01220	0.06093	0.06471	0.00962	0.00925	0.01667	0.09493	0.02445	0.21003	0.08491	0.33080	0.01572	0.00864	0.00252	0.00487	0.01349	0.00695	0.00779
12	0.01674	0.01817	0.03743	0.13527	0.06726	0.01804	0.46239	0.02231	0.01697	0.02298	0.01663	0.06910	0.01393	0.00807	0.00936	0.00261	0.03982	0.00930	0.00396	0.00967
13	0.01894	0.01538	0.01745	0.01276	0.01933	0.01340	0.01032	0.17626	0.02061	0.03037	0.01464	0.01634	0.01164	0.00647	0.00610	0.00141	0.00629	0.00507	0.00525	0.59199
14	0.01217	0.00807	0.01060	0.00979	0.01183	0.00740	0.00740	0.01571	0.02149	0.07119	0.64188	0.05476	0.06831	0.01513	0.00886	0.00238	0.00376	0.01334	0.00841	0.00751

[dist]
# distance from previous block
# <min> <max>
0	4

[block]
# block no. 4 follows, 26 sequences, length 60
# corresponding to MSA columns:
# 309-368
name=unknown_E
#
# <colnr> <probs for GDERKNQSTAVLIFYWHMCP>
#	G	D	E	R	K	N	Q	S	T	A	V	L	I	F	Y	W	H	M	C	P
0	0.02883	0.02125	0.02276	0.01745	0.02352	0.02352	0.01442	0.66082	0.03566	0.04780	0.01821	0.01821	0.01290	0.00911	0.00759	0.00228	0.00835	0.00683	0.00759	0.01290
1	0.01305	0.00665	0.00989	0.00986	0.00996	0.00662	0.00662	0.01011	0.01048	0.01406	0.04761	0.02479	0.01618	0.02579	0.02858	0.73932	0.00643	0.00695	0.00355	0.00349
2	0.03376	0.01334	0.01787	0.01370	0.01958	0.01179	0.01132	0.06908	0.02243	0.65824	0.02932	0.02543	0.01847	0.00937	0.00763	0.00234	0.00655	0.00759	0.00930	0.01291
3	0.02028	0.73799	0.03975	0.01298	0.01947	0.03001	0.01298	0.02271	0.01541	0.01785	0.01055	0.01217	0.00973	0.00649	0.00487	0.00162	0.00811	0.00406	0.00324	0.00973
4	0.01139	0.00844	0.01106	0.01228	0.01422	0.00811	0.01046	0.01452	0.01763	0.02258	0.08175	0.08115	0.19405	0.02027	0.01005	0.00322	0.00608	0.45886	0.00707	0.00686
5	0.00898	0.00763	0.00774	0.00784	0.01029	0.00639	0.00583	0.01087	0.01714	0.02043	0.07498	0.10777	0.64946	0.01945	0.00900	0.00259	0.00387	0.01630	0.00704	0.00639
6	0.03286	0.01479	0.01877	0.01439	0.02030	0.01395	0.01189	0.17809	0.02487	0.54579	0.02727	0.02410	0.01745	0.00932	0.00762	0.00233	0.00688	0.00745	0.00898	0.01291
7	0.01047	0.00755	0.00990	0.00972	0.01127	0.00698	0.00714	0.01365	0.02024	0.02847	0.56907	0.17527	0.06779	0.01696	0.00908	0.00251	0.00372	0.01510	0.00812	0.00698
8	0.15502	0.01319	0.01657	0.01293	0.01861	0.01209	0.01068	0.03461	0.02030	0.58575	0.02681	0.02365	0.01708	0.00901	0.00716	0.00235	0.00636	0.00706	0.00863	0.01215
9	0.78701	0.01467	0.01115	0.00997	0.01467	0.01702	0.00821	0.02230	0.01291	0.03403	0.01056	0.01232	0.00821	0.00704	0.00469	0.00235	0.00587	0.00411	0.00469	0.00821
10	0.03312	0.01437	0.01851	0.01419	0.02009	0.01332	0.01172	0.14625	0.02415	0.57863	0.02787	0.02448	0.01775	0.00934	0.00762	0.00233	0.00679	0.00749	0.00907	0.01291
11	0.01484	0.03661	0.63709	0.02061	0.03104	0.01674	0.02628	0.02321	0.01647	0.02455	0.06936	0.01940	0.01478	0.00790	0.00735	0.00240	0.01057	0.00628	0.00363	0.01087
12	0.03403	0.01291	0.01760	0.01350	0.01936	0.01115	0.01115	0.03697	0.02171	0.69137	0.02992	0.02582	0.01878	0.00939	0.00763	0.00235	0.00645	0.00763	0.00939	0.01291
13	0.01064	0.00775	0.01001	0.00944	0.01127	0.00712	0.00708	0.01413	0.02125	0.02989	0.65000	0.05753	0.10401	0.01570	0.00895	0.00239	0.00359	0.01384	0.00828	0.00712
14	0.02707	0.02357	0.10946	0.01799	0.02472	0.02276	0.01617	0.57860	0.03313	0.04473	0.01762	0.01793	0.01247	0.00886	0.00754	0.00229	0.00872	0.00667	0.00702	0.01268
15	0.00982	0.00749	0.00904	0.00931	0.01104	0.00672	0.00684	0.01228	0.01821	0.02403	0.29392	0.22255	0.27921	0.01897	0.00919	0.00265	0.00400	0.04054	0.00753	0.00665
16	0.01414	0.00707	0.00707	0.00707	0.00884	0.00707	0.00530	0.01767	0.01591	0.02828	0.02474	0.02828	0.01944	0.00884	0.00530	0.00177	0.00353	0.00707	0.77554	0.00707
17	0.78701	0.01467	0.01115	0.00997	0.01467	0.01702	0.00821	0.02230	0.01291	0.03403	0.01056	0.01232	0.00821	0.00704	0.00469	0.00235	0.00587	0.00411	0.00469	0.00821
18	0.78701	0.01467	0.01115	0.00997	0.01467	0.01702	0.00821	0.02230	0.01291	0.03403	0.01056	0.01232	0.00821	0.00704	0.00469	0.00235	0.00587	0.00411	0.00469	0.00821
19	0.01573	0.01348	0.01573	0.01123	0.01798	0.01011	0.00899	0.01910	0.01573	0.02472	0.01348	0.01573	0.01123	0.00562	0.00562	0.00112	0.00562	0.00449	0.00449	0.77980
20	0.02043	0.01822	0.04981	0.02044	0.12956	0.04777	0.01438	0.12748	0.27978	0.06221	0.02508	0.04854	0.04091	0.00963	0.00754	0.00233	0.00729	0.00804	0.00645	0.07414
21	0.00896	0.00768	0.00768	0.00768	0.01025	0.00640	0.00576	0.01089	0.01729	0.02049	0.07684	0.07300	0.68304	0.01921	0.00896	0.00256	0.00384	0.01601	0.00704	0.00640
22	0.01605	0.01468	0.02097	0.04140	0.02298	0.01192	0.12076	0.02000	0.01608	0.02444	0.01380	0.01671	0.01124	0.00582	0.00626	0.00142	0.00702	0.00534	0.00434	0.61875
23	0.01034	0.00769	0.00962	0.00924	0.01112	0.00697	0.00689	0.01351	0.02039	0.02809	0.54153	0.08953	0.18391	0.01656	0.00898	0.00245	0.00366	0.01449	0.00805	0.00697
24	0.01743	0.01440	0.02270	0.14182	0.02780	0.01453	0.15466	0.10016	0.05027	0.07338	0.13647	0.07558	0.05188	0.01049	0.00816	0.00239	0.00791	0.00975	0.00595	0.07429
25	0.00937	0.00670	0.00895	0.01071	0.01121	0.00627	0.00727	0.01079	0.01465	0.01951	0.04173	0.69998	0.04988	0.02364	0.00972	0.00310	0.00452	0.04876	0.00704	0.00620
26	0.78701	0.01467	0.01115	0.00997	0.01467	0.01702	0.00821	0.02230	0.01291	0.03403	0.01056	0.01232	0.00821	0.00704	0.00469	0.00235	0.00587	0.00411	0.00469	0.00821
27	0.01432	0.01348	0.02275	0.71520	0.05224	0.01685	0.02107	0.01938	0.01517	0.01938	0.01348	0.02022	0.01011	0.00758	0.00758	0.00253	0.01011	0.00674	0.00337	0.00843
28	0.00990	0.00774	0.01099	0.03894	0.01391	0.00729	0.03851	0.01181	0.01544	0.02033	0.07803	0.54447	0.13156	0.02126	0.00943	0.00293	0.00491	0.01923	0.00681	0.00653
29	0.02028	0.73799	0.03975	0.01298	0.01947	0.03001	0.01298	0.02271	0.01541	0.01785	0.01055	0.01217	0.00973	0.00649	0.00487	0.00162	0.00811	0.00406	0.00324	0.00973
30	0.02771	0.01941	0.02124	0.01659	0.02220	0.02114	0.01357	0.55870	0.03286	0.09797	0.02103	0.07488	0.01632	0.01029	0.00776	0.00235	0.00788	0.00806	0.00769	0.01237
31	0.07595	0.01080	0.01412	0.01540	0.06912	0.01070	0.01136	0.02048	0.06519	0.10868	0.05824	0.17564	0.03456	0.01611	0.00880	0.00287	0.00625	0.24609	0.00686	0.04279
32	0.05254	0.02227	0.22943	0.01987	0.04666	0.04483	0.15465	0.02162	0.01849	0.04978	0.22705	0.03005	0.03007	0.00975	0.00802	0.00240	0.00874	0.00891	0.00531	0.00954
33	0.01739	0.01407	0.01723	0.01241	0.01911	0.01112	0.03345	0.04986	0.01705	0.06113	0.01464	0.01655	0.01172	0.00601	0.00594	0.00129	0.00605	0.00493	0.00487	0.67518
34	0.02028	0.73799	0.03975	0.01298	0.01947	0.03001	0.01298	0.02271	0.01541	0.01785	0.01055	0.01217	0.00973	0.00649	0.00487	0.00162	0.00811	0.00406	0.00324	0.00973
35	0.01829	0.01379	0.01626	0.01177	0.01839	0.01086	0.00948	0.05160	0.01731	0.09631	0.01545	0.01691	0.01211	0.00618	0.00592	0.00131	0.00584	0.00494	0.00516	0.66213
36	0.01521	0.03923	0.69413	0.02162	0.03283	0.01762	0.02802	0.02402	0.01601	0.02402	0.01361	0.01601	0.00961	0.00721	0.00721	0.00240	0.01121	0.00560	0.00320	0.01121
37	0.72723	0.07106	0.01338	0.01021	0.01504	0.01803	0.00859	0.02233	0.01310	0.03277	0.01056	0.01231	0.00833	0.00700	0.00471	0.00229	0.00604	0.00410	0.00458	0.00833
38	0.01809	0.01733	0.02956	0.14883	0.58916	0.01784	0.02294	0.02268	0.01695	0.02395	0.01415	0.01899	0.01172	0.00688	0.00752	0.00229	0.00918	0.00676	0.00370	0.01147
39	0.00938	0.00670	0.00896	0.01072	0.01122	0.00628	0.00728	0.01080	0.01466	0.01952	0.04173	0.69881	0.04987	0.02363	0.00972	0.00310	0.00452	0.04988	0.00704	0.00620
40	0.01573	0.01348	0.01573	0.01123	0.01798	0.01011	0.00899	0.01910	0.01573	0.02472	0.01348	0.01573	0.01123	0.00562	0.00562	0.00112	0.00562	0.00449	0.00449	0.77980
41	0.01650	0.03080	0.44937	0.02101	0.03068	0.01626	0.11850	0.02375	0.01649	0.05237	0.01454	0.01704	0.01057	0.00690	0.00721	0.00220	0.01027	0.00600	0.00379	0.14577
42	0.01521	0.03923	0.69413	0.02162	0.03283	0.01762	0.02802	0.02402	0.01601	0.02402	0.01361	0.01601	0.00961	0.00721	0.00721	0.00240	0.01121	0.00560	0.00320	0.01121
43	0.02574	0.01971	0.02102	0.01683	0.02234	0.02208	0.01367	0.46808	0.23345	0.04281	0.02214	0.02134	0.01608	0.00947	0.00763	0.00237	0.00762	0.00737	0.00763	0.01262
44	0.00924	0.00660	0.00880	0.01056	0.01100	0.00616	0.00704	0.01056	0.01452	0.01936	0.04181	0.72848	0.05017	0.02376	0.00968	0.00308	0.00440	0.02156	0.00704	0.00616
45	0.07704	0.50433	0.03320	0.01416	0.02016	0.10918	0.01304	0.11055	0.01873	0.02317	0.01173	0.01318	0.01006	0.00704	0.00546	0.00180	0.00865	0.00454	0.00402	0.00994
46	0.03403	0.01291	0.01760	0.01350	0.01936	0.01115	0.01115	0.03697	0.02171	0.69137	0.02992	0.02582	0.01878	0.00939	0.00763	0.00235	0.00645	0.00763	0.00939	0.01291
47	0.02361	0.01685	0.01849	0.01494	0.01969	0.01810	0.01189	0.38489	0.10321	0.08371	0.02482	0.07914	0.04352	0.07851	0.01065	0.00282	0.00727	0.00886	0.00726	0.04178
48	0.43906	0.01603	0.01567	0.04378	0.01935	0.01775	0.01084	0.18850	0.02024	0.14069	0.01571	0.01632	0.01117	0.00797	0.00603	0.00234	0.00679	0.00548	0.00612	0.01017
49	0.00924	0.00660	0.00880	0.01056	0.01100	0.00616	0.00704	0.01056	0.01452	0.01936	0.04181	0.72848	0.05017	0.02376	0.00968	0.00308	0.00440	0.02156	0.00704	0.00616
50	0.01841	0.01765	0.03013	0.10141	0.63412	0.01793	0.02310	0.02296	0.01710	0.02434	0.01420	0.01889	0.01186	0.00683	0.00752	0.00228	0.00910	0.00676	0.00372	0.01172
51	0.01746	0.02404	0.17754	0.03171	0.12171	0.01871	0.44585	0.02411	0.01743	0.02430	0.01485	0.01932	0.01118	0.00661	0.00840	0.00249	0.01197	0.00797	0.00369	0.01066
52	0.01653	0.00938	0.00962	0.00876	0.01123	0.00975	0.00679	0.12239	0.01912	0.03146	0.02368	0.02664	0.01838	0.00888	0.00567	0.00185	0.00432	0.00703	0.65050	0.00802
53	0.01103	0.00735	0.00827	0.00827	0.00827	0.00735	0.00460	0.01103	0.01103	0.01471	0.02390	0.04964	0.02758	0.73343	0.03861	0.00735	0.00735	0.01103	0.00460	0.00460
54	0.01755	0.02238	0.13959	0.06570	0.20680	0.01853	0.36784	0.02376	0.01732	0.02415	0.01471	0.01933	0.01128	0.00667	0.00825	0.00245	0.01144	0.00777	0.00370	0.01076
55	0.01624	0.01471	0.02296	0.54741	0.09940	0.01765	0.01998	0.07361	0.06962	0.02313	0.01532	0.02059	0.01154	0.00786	0.00759	0.00249	0.00955	0.00690	0.00409	0.00937
56	0.01877	0.01802	0.03079	0.04656	0.68612	0.01802	0.02328	0.02328	0.01727	0.02478	0.01427	0.01877	0.01201	0.00676	0.00751	0.00225	0.00901	0.00676	0.00375	0.01201
57	0.78701	0.01467	0.01115	0.00997	0.01467	0.01702	0.00821	0.02230	0.01291	0.03403	0.01056	0.01232	0.00821	0.00704	0.00469	0.00235	0.00587	0.00411	0.00469	0.00821
58	0.01057	0.00716	0.00841	0.00887	0.00898	0.00704	0.00523	0.01091	0.01194	0.01592	0.02855	0.22589	0.03344	0.54918	0.03110	0.00624	0.00659	0.01377	0.00523	0.00500
59	0.02862	0.02076	0.02236	0.01723	0.02323	0.02290	0.01421	0.61425	0.06051	0.06974	0.01913	0.01888	0.01351	0.00916	0.00759	0.00229	0.00819	0.00693	0.00766	0.01286

[dist]
# distance from previous block
# <min> <max>
0	8

[block]
# block no. 5 follows, 26 sequences, length 38
# corresponding to MSA columns:
# 377-414
name=unknown_F
#
# <colnr> <probs for GDERKNQSTAVLIFYWHMCP>
#	G	D	E	R	K	N	Q	S	T	A	V	L	I	F	Y	W	H	M	C	P
0	0.01967	0.01611	0.01718	0.01533	0.01970	0.01846	0.01196	0.04013	0.63787	0.06675	0.03082	0.02817	0.02292	0.01024	0.00771	0.00256	0.00603	0.00853	0.00781	0.01205
1	0.01790	0.02046	0.04476	0.03197	0.03964	0.01918	0.65857	0.02430	0.01790	0.02430	0.01535	0.02046	0.01151	0.00639	0.00895	0.00256	0.01279	0.00895	0.00384	0.01023
2	0.01539	0.07140	0.60984	0.02113	0.03161	0.01787	0.05138	0.02359	0.01627	0.02398	0.03961	0.01759	0.01211	0.00746	0.00723	0.00237	0.01082	0.00598	0.00343	0.01094
3	0.00924	0.00660	0.00880	0.01056	0.01100	0.00616	0.00704	0.01056	0.01452	0.01936	0.04181	0.72848	0.05017	0.02376	0.00968	0.00308	0.00440	0.02156	0.00704	0.00616
4	0.01074	0.00775	0.01014	0.00954	0.01133	0.00716	0.00716	0.01431	0.02147	0.03042	0.68211	0.05666	0.07157	0.01551	0.00895	0.00239	0.00358	0.01372	0.00835	0.00716
5	0.03297	0.01267	0.01726	0.01331	0.01900	0.01097	0.01097	0.03593	0.02170	0.66119	0.05970	0.02723	0.02119	0.00967	0.00769	0.00235	0.00632	0.00791	0.00934	0.01265
6	0.00924	0.00660	0.00880	0.01056	0.01100	0.00616	0.00704	0.01056	0.01452	0.01936	0.04181	0.72848	0.05017	0.02376	0.00968	0.00308	0.00440	0.02156	0.00704	0.00616
7	0.02883	0.02125	0.02276	0.01745	0.02352	0.02352	0.01442	0.66082	0.03566	0.04780	0.01821	0.01821	0.01290	0.00911	0.00759	0.00228	0.00835	0.00683	0.00759	0.01290
8	0.78701	0.01467	0.01115	0.00997	0.01467	0.01702	0.00821	0.02230	0.01291	0.03403	0.01056	0.01232	0.00821	0.00704	0.00469	0.00235	0.00587	0.00411	0.00469	0.00821
9	0.03403	0.01291	0.01760	0.01350	0.01936	0.01115	0.01115	0.03697	0.02171	0.69137	0.02992	0.02582	0.01878	0.00939	0.00763	0.00235	0.00645	0.00763	0.00939	0.01291
10	0.01659	0.01659	0.02323	0.01991	0.01991	0.02323	0.01659	0.01825	0.01162	0.01825	0.00996	0.01659	0.00996	0.01328	0.02489	0.00332	0.71955	0.00664	0.00332	0.00830
11	0.01887	0.01629	0.01715	0.01544	0.01972	0.01887	0.01201	0.04031	0.67241	0.03173	0.03087	0.02830	0.02315	0.01029	0.00772	0.00257	0.00600	0.00858	0.00772	0.01201
12	0.00924	0.00694	0.00858	0.00977	0.01082	0.00627	0.00672	0.01083	0.01557	0.02019	0.08211	0.52670	0.21435	0.02219	0.00946	0.00291	0.00422	0.01975	0.00711	0.00627
13	0.78701	0.01467	0.01115	0.00997	0.01467	0.01702	0.00821	0.02230	0.01291	0.03403	0.01056	0.01232	0.00821	0.00704	0.00469	0.00235	0.00587	0.00411	0.00469	0.00821
14	0.05595	0.02251	0.02189	0.01732	0.02299	0.10368	0.01409	0.52971	0.06695	0.04298	0.01783	0.01799	0.01290	0.00894	0.00740	0.00226	0.00876	0.00659	0.00705	0.01219
15	0.01877	0.01802	0.03079	0.04656	0.68612	0.01802	0.02328	0.02328	0.01727	0.02478	0.01427	0.01877	0.01201	0.00676	0.00751	0.00225	0.00901	0.00676	0.00375	0.01201
16	0.78701	0.01467	0.01115	0.00997	0.01467	0.01702	0.00821	0.02230	0.01291	0.03403	0.01056	0.01232	0.00821	0.00704	0.00469	0.00235	0.00587	0.00411	0.00469	0.00821
17	0.01103	0.00735	0.00827	0.00827	0.00827	0.00735	0.00460	0.01103	0.01103	0.01471	0.02390	0.04964	0.02758	0.73343	0.03861	0.00735	0.00735	0.01103	0.00460	0.00460
18	0.78701	0.01467	0.01115	0.00997	0.01467	0.01702	0.00821	0.02230	0.01291	0.03403	0.01056	0.01232	0.00821	0.00704	0.00469	0.00235	0.00587	0.00411	0.00469	0.00821
19	0.02678	0.18084	0.02580	0.01746	0.02262	0.33728	0.01422	0.23496	0.02483	0.02798	0.01360	0.01484	0.01079	0.00796	0.00666	0.00199	0.01075	0.00534	0.00497	0.01034
20	0.01573	0.01348	0.01573	0.01123	0.01798	0.01011	0.00899	0.01910	0.01573	0.02472	0.01348	0.01573	0.01123	0.00562	0.00562	0.00112	0.00562	0.00449	0.00449	0.77980
21	0.01667	0.01479	0.01474	0.01348	0.01683	0.06288	0.01024	0.03033	0.40738	0.02824	0.14200	0.03767	0.08919	0.06904	0.01042	0.00288	0.00605	0.01003	0.00725	0.00989
22	0.04232	0.01012	0.01210	0.01075	0.01353	0.00992	0.00831	0.08519	0.04849	0.07659	0.46814	0.04909	0.10725	0.01420	0.00851	0.00239	0.00448	0.01221	0.00808	0.00833
23	0.01103	0.00735	0.00827	0.00827	0.00827	0.00735	0.00460	0.01103	0.01103	0.01471	0.02390	0.04964	0.02758	0.73343	0.03861	0.00735	0.00735	0.01103	0.00460	0.00460
24	0.02028	0.73799	0.03975	0.01298	0.01947	0.03001	0.01298	0.02271	0.01541	0.01785	0.01055	0.01217	0.00973	0.00649	0.00487	0.00162	0.00811	0.00406	0.00324	0.00973
25	0.02833	0.03615	0.02149	0.01954	0.02345	0.70298	0.01466	0.03029	0.02149	0.01856	0.01172	0.01368	0.00977	0.00782	0.00684	0.00195	0.01368	0.00489	0.00391	0.00879
26	0.02894	0.01979	0.06604	0.01648	0.02275	0.01930	0.01426	0.40615	0.06176	0.23241	0.02193	0.02077	0.01489	0.00912	0.00758	0.00232	0.00787	0.00707	0.00782	0.01274
27	0.01084	0.00813	0.01219	0.01219	0.01354	0.00948	0.00948	0.01354	0.01219	0.01761	0.02032	0.02980	0.01896	0.05689	0.70337	0.01219	0.02032	0.00813	0.00406	0.00677
28	0.01092	0.00778	0.01042	0.01042	0.01116	0.00852	0.00727	0.01241	0.01167	0.01630	0.02194	0.03878	0.02286	0.36310	0.40249	0.01000	0.01445	0.00944	0.00430	0.00579
29	0.01877	0.01802	0.03079	0.04656	0.68612	0.01802	0.02328	0.02328	0.01727	0.02478	0.01427	0.01877	0.01201	0.00676	0.00751	0.00225	0.00901	0.00676	0.00375	0.01201
30	0.00933	0.00770	0.00820	0.00807	0.01047	0.00656	0.00605	0.01160	0.01816	0.02257	0.20339	0.06958	0.55519	0.01844	0.00896	0.00252	0.00379	0.01553	0.00732	0.00656
31	0.00924	0.00660	0.00880	0.01056	0.01100	0.00616	0.00704	0.01056	0.01452	0.01936	0.04181	0.72848	0.05017	0.02376	0.00968	0.00308	0.00440	0.02156	0.00704	0.00616
32	0.00986	0.00713	0.00946	0.01109	0.01196	0.00673	0.00807	0.01169	0.01534	0.02016	0.04388	0.54499	0.09261	0.02284	0.00980	0.00313	0.00492	0.15294	0.00703	0.00635
33	0.01617	0.03663	0.61310	0.02217	0.03288	0.01750	0.08045	0.02455	0.01640	0.05005	0.01439	0.01677	0.01013	0.00722	0.00737	0.00241	0.01116	0.00597	0.00350	0.01119
34	0.01853	0.01949	0.07674	0.04483	0.64086	0.01799	0.02361	0.02333	0.01718	0.02473	0.01422	0.01858	0.01185	0.00679	0.00749	0.00226	0.00916	0.00668	0.00372	0.01196
35	0.01761	0.01460	0.01674	0.01213	0.01877	0.01204	0.00977	0.11125	0.01859	0.02803	0.01416	0.01608	0.01147	0.00612	0.00590	0.00129	0.00601	0.00483	0.00494	0.66968
36	0.01378	0.00739	0.01054	0.01023	0.01066	0.00746	0.00701	0.04236	0.01196	0.01608	0.05976	0.02514	0.01721	0.02475	0.02712	0.68709	0.00647	0.00709	0.00386	0.00404
37	0.01703	0.01512	0.01851	0.04703	0.09959	0.06435	0.04705	0.09846	0.15473	0.02652	0.02980	0.21030	0.05079	0.01403	0.00849	0.00267	0.00733	0.07244	0.00630	0.00946

[dist]
# distance from previous block
# <min> <max>
1	9

[block]
# block no. 6 follows, 26 sequences, length 19
# corresponding to MSA columns:
# 424-442
name=unknown_G
#
# <colnr> <probs for GDERKNQSTAVLIFYWHMCP>
#	G	D	E	R	K	N	Q	S	T	A	V	L	I	F	Y	W	H	M	C	P
0	0.02883	0.02125	0.02276	0.01745	0.02352	0.02352	0.01442	0.66082	0.03566	0.04780	0.01821	0.01821	0.01290	0.00911	0.00759	0.00228	0.00835	0.00683	0.00759	0.01290
1	0.01222	0.00873	0.01222	0.01397	0.01572	0.00873	0.01222	0.01572	0.01746	0.02270	0.04016	0.08556	0.04365	0.02095	0.01048	0.00349	0.00698	0.63506	0.00698	0.00698
2	0.01059	0.00841	0.00960	0.00918	0.01152	0.00776	0.00692	0.01487	0.07221	0.02605	0.35677	0.06173	0.34314	0.01675	0.00886	0.00248	0.00389	0.01433	0.00771	0.00721
3	0.78701	0.01467	0.01115	0.00997	0.01467	0.01702	0.00821	0.02230	0.01291	0.03403	0.01056	0.01232	0.00821	0.00704	0.00469	0.00235	0.00587	0.00411	0.00469	0.00821
4	0.00924	0.00660	0.00880	0.01056	0.01100	0.00616	0.00704	0.01056	0.01452	0.01936	0.04181	0.72848	0.05017	0.02376	0.00968	0.00308	0.00440	0.02156	0.00704	0.00616
5	0.01573	0.01348	0.01573	0.01123	0.01798	0.01011	0.00899	0.01910	0.01573	0.02472	0.01348	0.01573	0.01123	0.00562	0.00562	0.00112	0.00562	0.00449	0.00449	0.77980
6	0.02883	0.02125	0.02276	0.01745	0.02352	0.02352	0.01442	0.66082	0.03566	0.04780	0.01821	0.01821	0.01290	0.00911	0.00759	0.00228	0.00835	0.00683	0.00759	0.01290
7	0.02028	0.73799	0.03975	0.01298	0.01947	0.03001	0.01298	0.02271	0.01541	0.01785	0.01055	0.01217	0.00973	0.00649	0.00487	0.00162	0.00811	0.00406	0.00324	0.00973
8	0.01508	0.01452	0.02291	0.48262	0.04143	0.01899	0.01957	0.01900	0.01398	0.01900	0.01230	0.01901	0.01006	0.00949	0.01337	0.00279	0.24742	0.00671	0.00335	0.00838
9	0.08470	0.01303	0.01717	0.01326	0.01905	0.01154	0.01095	0.03598	0.02112	0.64714	0.02862	0.02491	0.01807	0.00923	0.00743	0.00235	0.00641	0.00739	0.00907	0.01259
10	0.00922	0.00669	0.00871	0.01032	0.01094	0.00618	0.00693	0.01059	0.01475	0.01946	0.04474	0.67354	0.10321	0.02338	0.00962	0.00304	0.00435	0.02110	0.00704	0.00618
11	0.01294	0.00864	0.01104	0.00988	0.01246	0.00767	0.00754	0.01634	0.02074	0.08386	0.53348	0.05190	0.10348	0.01445	0.00857	0.00229	0.00400	0.01262	0.00804	0.07004
12	0.01616	0.09012	0.53437	0.02444	0.11187	0.01870	0.05338	0.02384	0.01620	0.02365	0.01353	0.01624	0.00999	0.00706	0.00714	0.00233	0.01077	0.00577	0.00330	0.01115
13	0.02028	0.73799	0.03975	0.01298	0.01947	0.03001	0.01298	0.02271	0.01541	0.01785	0.01055	0.01217	0.00973	0.00649	0.00487	0.00162	0.00811	0.00406	0.00324	0.00973
14	0.02047	0.62906	0.09128	0.01417	0.02085	0.07930	0.01432	0.02338	0.01592	0.01840	0.01088	0.01259	0.00973	0.00665	0.00520	0.00171	0.00878	0.00424	0.00329	0.00978
15	0.01521	0.03923	0.69413	0.02162	0.03283	0.01762	0.02802	0.02402	0.01601	0.02402	0.01361	0.01601	0.00961	0.00721	0.00721	0.00240	0.01121	0.00560	0.00320	0.01121
16	0.01414	0.00707	0.00707	0.00707	0.00884	0.00707	0.00530	0.01767	0.01591	0.02828	0.02474	0.02828	0.01944	0.00884	0.00530	0.00177	0.00353	0.00707	0.77554	0.00707
17	0.00945	0.00683	0.00894	0.01026	0.01101	0.00632	0.00699	0.01113	0.01569	0.02105	0.13802	0.59424	0.08737	0.02230	0.00953	0.00295	0.00425	0.02011	0.00723	0.00632
18	0.11871	0.01364	0.02118	0.61993	0.04717	0.01687	0.01933	0.01977	0.01486	0.02136	0.01309	0.01916	0.00985	0.00751	0.00719	0.00250	0.00954	0.00639	0.00355	0.00840

[dist]
# distance from previous block
# <min> <max>
3	14

[block]
# block no. 7 follows, 26 sequences, length 25
# corresponding to MSA columns:
# 464-488
name=unknown_H
#
# <colnr> <probs for GDERKNQSTAVLIFYWHMCP>
#	G	D	E	R	K	N	Q	S	T	A	V	L	I	F	Y	W	H	M	C	P
0	0.01785	0.04610	0.04522	0.10187	0.31629	0.04754	0.01985	0.02190	0.03240	0.02186	0.01372	0.01968	0.01205	0.00930	0.01268	0.00261	0.22253	0.02263	0.00374	0.01016
1	0.01089	0.00789	0.01101	0.01101	0.01196	0.00884	0.00801	0.01279	0.01184	0.01674	0.02139	0.03575	0.02155	0.26000	0.50379	0.01074	0.01642	0.00900	0.00422	0.00612
2	0.03382	0.01325	0.01781	0.01366	0.01953	0.01165	0.01128	0.06236	0.02228	0.66517	0.02945	0.02551	0.01854	0.00938	0.00763	0.00234	0.00653	0.00760	0.00931	0.01291
3	0.01889	0.22579	0.25216	0.02653	0.22441	0.08422	0.02121	0.02401	0.01673	0.02204	0.01279	0.01556	0.01038	0.00693	0.00662	0.00210	0.00992	0.00546	0.00344	0.01082
4	0.02111	0.35465	0.03059	0.01644	0.02055	0.13207	0.01444	0.07389	0.01685	0.02049	0.01117	0.01422	0.01006	0.00894	0.01140	0.00224	0.22259	0.00518	0.00372	0.00941
5	0.02086	0.02297	0.11679	0.02636	0.03398	0.02030	0.38882	0.21537	0.02301	0.03132	0.01600	0.01925	0.01170	0.00731	0.00833	0.00245	0.01126	0.00791	0.00489	0.01115
6	0.02403	0.41427	0.03153	0.01574	0.02130	0.25653	0.01372	0.10243	0.01992	0.02171	0.01187	0.01341	0.01013	0.00725	0.00586	0.00181	0.01002	0.00467	0.00399	0.00980
7	0.01164	0.00965	0.01302	0.01631	0.12546	0.00916	0.01040	0.01484	0.03880	0.02203	0.06896	0.21458	0.27091	0.01805	0.00911	0.00279	0.00546	0.12469	0.00654	0.00761
8	0.01103	0.00735	0.00827	0.00827	0.00827	0.00735	0.00460	0.01103	0.01103	0.01471	0.02390	0.04964	0.02758	0.73343	0.03861	0.00735	0.00735	0.01103	0.00460	0.00460
9	0.01097	0.00759	0.00945	0.00945	0.00986	0.00799	0.00606	0.01179	0.01138	0.01558	0.02282	0.04368	0.02499	0.53031	0.23819	0.00881	0.01125	0.01016	0.00444	0.00525
10	0.01672	0.06676	0.38485	0.05463	0.04932	0.01866	0.03946	0.02860	0.21310	0.02581	0.01869	0.01992	0.01383	0.00808	0.00731	0.00242	0.00941	0.00660	0.00460	0.01123
11	0.25047	0.52083	0.03116	0.01208	0.01803	0.02611	0.01155	0.02259	0.01466	0.02271	0.01055	0.01221	0.00928	0.00665	0.00482	0.00184	0.00744	0.00407	0.00368	0.00928
12	0.01094	0.00747	0.00883	0.00865	0.00919	0.00729	0.00536	0.01202	0.01416	0.01942	0.22151	0.05175	0.04078	0.51789	0.02970	0.00586	0.00622	0.01184	0.00572	0.00536
13	0.01568	0.01639	0.06443	0.05654	0.32934	0.03234	0.01684	0.02139	0.08503	0.02378	0.03463	0.03579	0.21434	0.01095	0.00793	0.00239	0.00745	0.00960	0.00511	0.01005
14	0.02459	0.03027	0.02908	0.02501	0.07103	0.45353	0.20853	0.02804	0.02014	0.02069	0.01298	0.01604	0.01044	0.00732	0.00752	0.00215	0.01311	0.00623	0.00388	0.00943
15	0.02855	0.01424	0.02127	0.02327	0.21923	0.01306	0.01464	0.03198	0.02037	0.46560	0.05052	0.02490	0.01879	0.00884	0.00764	0.00232	0.00711	0.00760	0.00766	0.01242
16	0.01322	0.01110	0.01777	0.02251	0.21547	0.01205	0.01362	0.01647	0.01372	0.01976	0.01850	0.02649	0.01688	0.04184	0.49446	0.00921	0.01692	0.00772	0.00397	0.00835
