[name]
unknown

[dist]
# distance from previous block
# <min> <max>
0	45

[block]
# block no. 0 follows, 27 sequences, length 6
# corresponding to MSA columns:
# 45-50
name=unknown_A
#
# <colnr> <probs for GDERKNQSTAVLIFYWHMCP>
#	G	D	E	R	K	N	Q	S	T	A	V	L	I	F	Y	W	H	M	C	P
0	0.06163	0.00874	0.01116	0.08208	0.01641	0.00890	0.00966	0.01398	0.01601	0.02171	0.08620	0.14238	0.21647	0.02069	0.06625	0.00357	0.00676	0.19437	0.00621	0.00679
1	0.01722	0.01295	0.01502	0.01306	0.01569	0.01431	0.01002	0.25304	0.02076	0.02797	0.02607	0.11443	0.07599	0.17169	0.11754	0.00488	0.06492	0.01015	0.00588	0.00840
2	0.01007	0.00765	0.00935	0.00989	0.01134	0.00724	0.00704	0.01349	0.06513	0.02289	0.21699	0.37931	0.17330	0.01933	0.00901	0.00270	0.00411	0.01713	0.00728	0.00675
3	0.01584	0.01436	0.02298	0.58950	0.10614	0.01725	0.02016	0.08463	0.01705	0.02224	0.01373	0.01947	0.01034	0.00750	0.00742	0.00242	0.00963	0.00661	0.00375	0.00900
4	0.01402	0.01319	0.02227	0.72126	0.05113	0.01649	0.02062	0.01897	0.01484	0.01897	0.01319	0.01979	0.00990	0.00742	0.00742	0.00247	0.00990	0.00660	0.00330	0.00825
5	0.06876	0.01277	0.01613	0.01286	0.01777	0.01196	0.01044	0.10965	0.02210	0.46033	0.11317	0.06372	0.02540	0.01053	0.00758	0.00233	0.00605	0.00866	0.00848	0.01132

[dist]
# distance from previous block
# <min> <max>
0	7

[block]
# block no. 1 follows, 27 sequences, length 6
# corresponding to MSA columns:
# 58-63
name=unknown_B
#
# <colnr> <probs for GDERKNQSTAVLIFYWHMCP>
#	G	D	E	R	K	N	Q	S	T	A	V	L	I	F	Y	W	H	M	C	P
0	0.01608	0.01465	0.02358	0.54235	0.15525	0.01730	0.02036	0.08087	0.01708	0.02247	0.01376	0.01937	0.01046	0.00743	0.00741	0.00241	0.00955	0.00661	0.00375	0.00924
1	0.02300	0.02543	0.02066	0.09089	0.02510	0.37260	0.04403	0.11202	0.06495	0.02364	0.01924	0.02500	0.04304	0.00958	0.00744	0.00225	0.01077	0.06634	0.00491	0.00911
2	0.01833	0.01377	0.01401	0.01279	0.01592	0.08377	0.00985	0.07960	0.13768	0.12150	0.07154	0.11349	0.11468	0.08434	0.01107	0.00298	0.00657	0.07234	0.00690	0.00886
3	0.01359	0.01020	0.01194	0.01113	0.01372	0.01013	0.00825	0.06554	0.11041	0.04451	0.06849	0.21169	0.12729	0.09488	0.08058	0.00387	0.00672	0.01252	0.00637	0.08819
4	0.15482	0.00902	0.01044	0.03966	0.01383	0.00925	0.00810	0.01485	0.01434	0.04547	0.03293	0.26796	0.11324	0.02048	0.07865	0.04160	0.00658	0.04456	0.04353	0.03069
5	0.01377	0.00816	0.01089	0.05650	0.01413	0.00785	0.00790	0.01548	0.01527	0.12715	0.09643	0.35404	0.03871	0.18059	0.01533	0.00374	0.00556	0.01491	0.00661	0.00698

[dist]
# distance from previous block
# <min> <max>
21	38

[block]
# block no. 2 follows, 27 sequences, length 22
# corresponding to MSA columns:
# 102-123
name=unknown_C
#
# <colnr> <probs for GDERKNQSTAVLIFYWHMCP>
#	G	D	E	R	K	N	Q	S	T	A	V	L	I	F	Y	W	H	M	C	P
0	0.01538	0.01364	0.05626	0.01277	0.01666	0.01199	0.01041	0.14838	0.01872	0.02617	0.02646	0.27297	0.05060	0.03822	0.00942	0.00244	0.03684	0.01156	0.00587	0.21525
1	0.01993	0.01519	0.04311	0.01500	0.03859	0.01380	0.05133	0.13945	0.09689	0.12864	0.02603	0.06012	0.07899	0.00954	0.00717	0.00205	0.00658	0.00805	0.03254	0.20699
2	0.02172	0.01508	0.04946	0.04117	0.02114	0.01378	0.04414	0.11562	0.11487	0.21144	0.02480	0.09614	0.02016	0.01032	0.00753	0.00227	0.00685	0.03882	0.00681	0.13787
3	0.01547	0.06271	0.01430	0.01085	0.01456	0.01145	0.00834	0.03936	0.10576	0.07372	0.04537	0.10059	0.11333	0.12316	0.01178	0.00281	0.00565	0.00963	0.03494	0.19620
4	0.08511	0.16931	0.10253	0.01628	0.02100	0.23440	0.01444	0.04328	0.07872	0.02195	0.01520	0.06597	0.01353	0.00914	0.00818	0.00220	0.07890	0.00635	0.00429	0.00920
5	0.01077	0.00729	0.00856	0.00856	0.00872	0.00745	0.00507	0.01109	0.01093	0.01473	0.02297	0.04625	0.02598	0.65712	0.11839	0.00777	0.00872	0.01045	0.00444	0.00475
6	0.01093	0.00882	0.01248	0.01191	0.01386	0.00824	0.05414	0.01320	0.01564	0.02121	0.11696	0.35845	0.11177	0.05141	0.01076	0.00289	0.02958	0.06250	0.00636	0.07891
7	0.01466	0.01124	0.01754	0.26183	0.09027	0.01204	0.03950	0.01778	0.01534	0.08140	0.07035	0.10964	0.04852	0.16163	0.01413	0.00346	0.00771	0.01006	0.00502	0.00786
8	0.04714	0.21929	0.35921	0.01830	0.02636	0.01956	0.07999	0.02186	0.01524	0.02170	0.01416	0.04535	0.01183	0.01089	0.05631	0.00287	0.01046	0.00614	0.00348	0.00987
9	0.02526	0.01956	0.02036	0.01630	0.02105	0.06722	0.01328	0.44508	0.07528	0.05758	0.01840	0.01915	0.01358	0.00927	0.00877	0.00228	0.07461	0.00670	0.07489	0.01137
10	0.01709	0.01338	0.02159	0.60221	0.04585	0.01597	0.01909	0.04356	0.01639	0.11090	0.01551	0.02046	0.01113	0.00771	0.00743	0.00244	0.00936	0.00672	0.00423	0.00898
11	0.01402	0.01319	0.02227	0.72126	0.05113	0.01649	0.02062	0.01897	0.01484	0.01897	0.01319	0.01979	0.00990	0.00742	0.00742	0.00247	0.00990	0.00660	0.00330	0.00825
12	0.56910	0.01531	0.01356	0.01147	0.01638	0.01724	0.00943	0.12948	0.04162	0.09600	0.01402	0.01478	0.01027	0.00755	0.00543	0.00229	0.00620	0.00493	0.00559	0.00935
13	0.01078	0.00727	0.00845	0.00845	0.00857	0.00739	0.00493	0.01102	0.01090	0.01465	0.02307	0.04681	0.02622	0.67682	0.09902	0.00763	0.00835	0.01054	0.00445	0.00469
14	0.03331	0.01263	0.01723	0.01321	0.01895	0.01091	0.01091	0.03618	0.02125	0.69794	0.02929	0.02527	0.01838	0.00919	0.00747	0.00230	0.00632	0.00747	0.00919	0.01263
15	0.01837	0.01764	0.03013	0.04557	0.69279	0.01764	0.02278	0.02278	0.01690	0.02425	0.01396	0.01837	0.01176	0.00661	0.00735	0.00220	0.00882	0.00661	0.00367	0.01176
16	0.65790	0.01483	0.01340	0.01352	0.07798	0.01674	0.00977	0.04704	0.01425	0.06172	0.01178	0.01344	0.00901	0.00704	0.00508	0.00229	0.00615	0.00451	0.00481	0.00876
17	0.01553	0.01473	0.02499	0.48717	0.27343	0.01689	0.02137	0.02029	0.01556	0.02080	0.01346	0.01930	0.01054	0.00714	0.00740	0.00238	0.00952	0.00660	0.00343	0.00946
18	0.01931	0.01998	0.02741	0.14256	0.48290	0.13470	0.02103	0.02337	0.01730	0.02243	0.01343	0.01774	0.01111	0.00691	0.00725	0.00220	0.00976	0.00630	0.00364	0.01070
19	0.02383	0.01980	0.02735	0.02337	0.10627	0.02104	0.15546	0.39339	0.08894	0.03766	0.01791	0.01928	0.01316	0.00817	0.00772	0.00231	0.00897	0.00728	0.00620	0.01188
20	0.01813	0.01599	0.02445	0.17162	0.25021	0.03672	0.07747	0.07134	0.04296	0.05733	0.01915	0.02255	0.05370	0.00871	0.00839	0.03604	0.00859	0.00726	0.00454	0.06484
21	0.05324	0.38197	0.07257	0.09309	0.05180	0.02299	0.01426	0.06893	0.07839	0.02257	0.01797	0.01941	0.05915	0.00796	0.00604	0.00199	0.00782	0.00591	0.00425	0.00970

[dist]
# distance from previous block
# <min> <max>
0	24

[block]
# block no. 3 follows, 27 sequences, length 150
# corresponding to MSA columns:
# 148-297
name=unknown_D
#
# <colnr> <probs for GDERKNQSTAVLIFYWHMCP>
#	G	D	E	R	K	N	Q	S	T	A	V	L	I	F	Y	W	H	M	C	P
0	0.38830	0.07805	0.01759	0.01297	0.01802	0.06219	0.01077	0.22461	0.02091	0.05682	0.03782	0.01593	0.01226	0.00790	0.00587	0.00219	0.00710	0.00535	0.00559	0.00975
1	0.02078	0.07623	0.05342	0.01509	0.01983	0.07113	0.01270	0.14311	0.27898	0.08257	0.02725	0.05383	0.05343	0.01070	0.00750	0.00239	0.00721	0.04640	0.00670	0.01074
2	0.01397	0.01110	0.04684	0.04741	0.01610	0.00972	0.00964	0.01945	0.09448	0.09217	0.33208	0.04755	0.15578	0.01361	0.00826	0.00237	0.00497	0.02999	0.00730	0.03720
3	0.01747	0.16557	0.28997	0.01789	0.02533	0.01819	0.09345	0.04460	0.05732	0.07146	0.04251	0.02275	0.04909	0.04285	0.00849	0.00246	0.00902	0.00698	0.00449	0.01011
4	0.05211	0.01350	0.10609	0.01201	0.01598	0.01018	0.01077	0.02045	0.05951	0.12711	0.36682	0.07996	0.04513	0.01263	0.00800	0.00234	0.00530	0.01086	0.00723	0.03402
5	0.05947	0.01143	0.01390	0.01177	0.01587	0.01057	0.00931	0.06816	0.04519	0.25089	0.10455	0.13696	0.08576	0.01261	0.00773	0.00232	0.00549	0.03360	0.00743	0.10700
6	0.05324	0.01270	0.04404	0.01111	0.01592	0.01028	0.00913	0.01902	0.06931	0.02647	0.21677	0.02941	0.02994	0.03583	0.00784	0.00192	0.00525	0.00768	0.00573	0.38840
7	0.02236	0.51762	0.03320	0.01475	0.02030	0.24631	0.01323	0.02459	0.01698	0.01769	0.01069	0.01238	0.00954	0.00677	0.00538	0.00169	0.00968	0.00423	0.00338	0.00923
8	0.00936	0.00758	0.00838	0.00854	0.01075	0.00659	0.00653	0.01161	0.01743	0.02171	0.16452	0.10370	0.49892	0.01863	0.00895	0.00259	0.00405	0.07665	0.00708	0.00642
9	0.72397	0.01401	0.01143	0.04542	0.01603	0.01627	0.00861	0.02123	0.01264	0.03184	0.01057	0.01283	0.00831	0.00761	0.00563	0.03101	0.00598	0.00424	0.00448	0.00787
10	0.01715	0.01314	0.01557	0.01121	0.01773	0.01000	0.00900	0.02041	0.01597	0.09024	0.01477	0.01636	0.01172	0.00586	0.00569	0.00122	0.00558	0.00470	0.00487	0.70882
11	0.02148	0.01803	0.01785	0.05092	0.02116	0.10659	0.01245	0.16644	0.28885	0.07941	0.05636	0.02873	0.05500	0.01038	0.00762	0.00238	0.00739	0.03130	0.00692	0.01074
12	0.01048	0.00774	0.00900	0.00858	0.01085	0.00678	0.00647	0.01316	0.01899	0.04948	0.35966	0.06229	0.37615	0.01676	0.00872	0.00242	0.00373	0.01432	0.00757	0.00684
13	0.01837	0.01764	0.03013	0.04557	0.69279	0.01764	0.02278	0.02278	0.01690	0.02425	0.01396	0.01837	0.01176	0.00661	0.00735	0.00220	0.00882	0.00661	0.00367	0.01176
14	0.02854	0.01829	0.13563	0.01504	0.02175	0.01372	0.01412	0.12556	0.02201	0.45454	0.02410	0.02206	0.01564	0.00860	0.00730	0.00224	0.00735	0.00686	0.00766	0.04898
15	0.02472	0.02200	0.01880	0.01627	0.02055	0.24554	0.01270	0.09517	0.23864	0.14393	0.04340	0.02207	0.01768	0.00928	0.00790	0.00227	0.03501	0.00697	0.00646	0.01066
16	0.03216	0.01289	0.01719	0.01335	0.01898	0.01149	0.01098	0.03643	0.07193	0.64658	0.02936	0.02545	0.01871	0.00926	0.00747	0.00231	0.00628	0.00754	0.00906	0.01257
17	0.01947	0.01347	0.01528	0.01375	0.03604	0.04382	0.01046	0.14358	0.10842	0.14065	0.23632	0.07090	0.07024	0.01253	0.00809	0.00239	0.00590	0.03135	0.00762	0.00971
18	0.02628	0.01922	0.02076	0.01638	0.02185	0.02122	0.01336	0.52748	0.12542	0.06944	0.02095	0.04756	0.01571	0.00965	0.00753	0.00230	0.00762	0.00752	0.00749	0.01224
19	0.01660	0.01961	0.07338	0.02834	0.03501	0.01783	0.54122	0.02230	0.01681	0.02303	0.01684	0.08022	0.01430	0.00811	0.00960	0.00258	0.05114	0.00952	0.00396	0.00962
20	0.01196	0.00854	0.01196	0.01367	0.01538	0.00854	0.01196	0.01538	0.01709	0.02222	0.03931	0.08374	0.04272	0.02051	0.01025	0.00342	0.00684	0.64283	0.00684	0.00684
21	0.01637	0.15660	0.55521	0.01964	0.02947	0.05428	0.02430	0.02361	0.01585	0.02223	0.01273	0.01493	0.00943	0.00697	0.00665	0.00220	0.01058	0.00520	0.00318	0.01061
22	0.03331	0.01263	0.01723	0.01321	0.01895	0.01091	0.01091	0.03618	0.02125	0.69794	0.02929	0.02527	0.01838	0.00919	0.00747	0.00230	0.00632	0.00747	0.00919	0.01263
23	0.03305	0.01304	0.01748	0.01340	0.01915	0.01152	0.01107	0.06785	0.02193	0.66530	0.02871	0.02489	0.01809	0.00917	0.00746	0.00229	0.00641	0.00743	0.00910	0.01263
24	0.00941	0.00753	0.00847	0.00868	0.01078	0.00659	0.00659	0.01167	0.01744	0.02193	0.18134	0.13076	0.45765	0.01870	0.00897	0.00261	0.00405	0.07328	0.00712	0.00643
25	0.04917	0.37163	0.02558	0.01193	0.01667	0.01989	0.01068	0.02291	0.08187	0.08614	0.20211	0.02676	0.02834	0.00945	0.00639	0.00198	0.00627	0.00735	0.00560	0.00927
26	0.03293	0.01323	0.01760	0.01349	0.01925	0.01180	0.01115	0.08258	0.02225	0.65012	0.02845	0.02472	0.01795	0.00917	0.00746	0.00229	0.00645	0.00741	0.00906	0.01263
27	0.00912	0.00652	0.00868	0.01029	0.01078	0.00608	0.00690	0.01053	0.01456	0.01951	0.07419	0.69940	0.05018	0.02284	0.00944	0.00298	0.00427	0.02071	0.00696	0.00608
28	0.02716	0.02000	0.02152	0.01671	0.02234	0.02208	0.01371	0.63170	0.03376	0.04525	0.01910	0.05741	0.01464	0.00970	0.00754	0.00227	0.00796	0.00748	0.00740	0.01226
29	0.13030	0.01443	0.01987	0.48616	0.03999	0.05134	0.01716	0.02226	0.01571	0.11275	0.01487	0.01908	0.01076	0.00760	0.00698	0.00240	0.00899	0.00625	0.00431	0.00883
30	0.01553	0.12943	0.61522	0.02007	0.03044	0.01881	0.02553	0.02334	0.01560	0.02273	0.01293	0.01519	0.00942	0.00696	0.00676	0.00225	0.01058	0.00529	0.00314	0.01078
31	0.00904	0.00646	0.00861	0.01034	0.01077	0.00603	0.00689	0.01034	0.01421	0.01895	0.04092	0.73426	0.04910	0.02326	0.00948	0.00301	0.00431	0.02110	0.00689	0.00603
32	0.02456	0.01733	0.01861	0.01548	0.02042	0.04563	0.01247	0.24170	0.28803	0.16287	0.02567	0.02596	0.01895	0.00990	0.00758	0.00240	0.00705	0.03591	0.00764	0.01186
33	0.01837	0.01764	0.03013	0.04557	0.69279	0.01764	0.02278	0.02278	0.01690	0.02425	0.01396	0.01837	0.01176	0.00661	0.00735	0.00220	0.00882	0.00661	0.00367	0.01176
34	0.00904	0.00646	0.00861	0.01034	0.01077	0.00603	0.00689	0.01034	0.01421	0.01895	0.04092	0.73426	0.04910	0.02326	0.00948	0.00301	0.00431	0.02110	0.00689	0.00603
35	0.01402	0.01319	0.02227	0.72126	0.05113	0.01649	0.02062	0.01897	0.01484	0.01897	0.01319	0.01979	0.00990	0.00742	0.00742	0.00247	0.00990	0.00660	0.00330	0.00825
36	0.01846	0.01595	0.01679	0.01511	0.01930	0.01846	0.01175	0.03945	0.67938	0.03105	0.03022	0.02770	0.02266	0.01007	0.00755	0.00252	0.00588	0.00839	0.00755	0.01175
37	0.79154	0.01436	0.01091	0.00976	0.01436	0.01665	0.00804	0.02182	0.01263	0.03331	0.01034	0.01206	0.00804	0.00689	0.00459	0.00230	0.00574	0.00402	0.00459	0.00804
38	0.01402	0.01319	0.02227	0.72126	0.05113	0.01649	0.02062	0.01897	0.01484	0.01897	0.01319	0.01979	0.00990	0.00742	0.00742	0.00247	0.00990	0.00660	0.00330	0.00825
39	0.03331	0.01263	0.01723	0.01321	0.01895	0.01091	0.01091	0.03618	0.02125	0.69794	0.02929	0.02527	0.01838	0.00919	0.00747	0.00230	0.00632	0.00747	0.00919	0.01263
40	0.02871	0.02001	0.02179	0.01671	0.02263	0.02185	0.01380	0.60709	0.03359	0.10960	0.01893	0.01854	0.01318	0.00894	0.00743	0.00223	0.00799	0.00676	0.00760	0.01263
41	0.02485	0.01315	0.01645	0.01251	0.01831	0.01130	0.01016	0.06064	0.04926	0.36096	0.05426	0.02288	0.01807	0.00817	0.00682	0.00187	0.00596	0.00665	0.00725	0.29046
42	0.79154	0.01436	0.01091	0.00976	0.01436	0.01665	0.00804	0.02182	0.01263	0.03331	0.01034	0.01206	0.00804	0.00689	0.00459	0.00230	0.00574	0.00402	0.00459	0.00804
43	0.01184	0.00851	0.01180	0.01344	0.01518	0.00846	0.01173	0.01520	0.01708	0.02214	0.04064	0.08328	0.06683	0.02044	0.01020	0.00338	0.00672	0.61946	0.00684	0.00681
44	0.00904	0.00646	0.00861	0.01034	0.01077	0.00603	0.00689	0.01034	0.01421	0.01895	0.04092	0.73426	0.04910	0.02326	0.00948	0.00301	0.00431	0.02110	0.00689	0.00603
45	0.01985	0.74357	0.03890	0.01270	0.01905	0.02937	0.01270	0.02223	0.01508	0.01747	0.01032	0.01191	0.00953	0.00635	0.00476	0.00159	0.00794	0.00397	0.00318	0.00953
46	0.01624	0.01624	0.02274	0.01949	0.01949	0.02274	0.01624	0.01787	0.01137	0.01787	0.00975	0.01624	0.00975	0.01299	0.02436	0.00325	0.72552	0.00650	0.00325	0.00812
47	0.00877	0.00752	0.00752	0.00752	0.01003	0.00627	0.00564	0.01065	0.01692	0.02005	0.07520	0.07144	0.68978	0.01880	0.00877	0.00251	0.00376	0.01567	0.00689	0.00627
48	0.00910	0.00758	0.00797	0.00800	0.01040	0.00645	0.00609	0.01121	0.01731	0.02107	0.13049	0.07058	0.59940	0.01855	0.00885	0.00254	0.00389	0.04718	0.00701	0.00636
49	0.01051	0.00759	0.00992	0.00934	0.01109	0.00700	0.00700	0.01401	0.02101	0.02977	0.68888	0.05545	0.07005	0.01518	0.00876	0.00233	0.00350	0.01343	0.00817	0.00700
50	0.01491	0.07991	0.62742	0.02013	0.03032	0.01745	0.02556	0.02281	0.01557	0.02292	0.01445	0.04955	0.01130	0.00778	0.00703	0.00234	0.01047	0.00613	0.00332	0.01065
51	0.02090	0.01629	0.01874	0.01592	0.02062	0.01815	0.04497	0.10010	0.51497	0.10074	0.02813	0.02609	0.02066	0.00967	0.00759	0.00247	0.00648	0.00815	0.00752	0.01184
52	0.42547	0.11997	0.04253	0.01261	0.01775	0.05225	0.01098	0.15190	0.01793	0.03190	0.01249	0.01426	0.00983	0.00973	0.04103	0.00265	0.00781	0.00484	0.00484	0.00923
53	0.76074	0.04346	0.01203	0.00988	0.01454	0.01716	0.00823	0.02184	0.01273	0.03268	0.01034	0.01205	0.00810	0.00687	0.00460	0.00227	0.00583	0.00402	0.00454	0.00810
54	0.01036	0.00747	0.00983	0.00969	0.01125	0.00693	0.00722	0.01353	0.01983	0.02782	0.56282	0.15656	0.06567	0.01662	0.00893	0.00249	0.00378	0.04443	0.00792	0.00685
55	0.01837	0.01764	0.03013	0.04557	0.69279	0.01764	0.02278	0.02278	0.01690	0.02425	0.01396	0.01837	0.01176	0.00661	0.00735	0.00220	0.00882	0.00661	0.00367	0.01176
56	0.01248	0.00948	0.01203	0.01304	0.01501	0.00980	0.01071	0.01866	0.13787	0.02314	0.03963	0.19005	0.07091	0.01901	0.00955	0.00314	0.00606	0.38488	0.00698	0.00756
57	0.01668	0.01457	0.01736	0.01261	0.01911	0.04174	0.04733	0.02007	0.01597	0.04677	0.01377	0.01591	0.01120	0.00576	0.00581	0.00126	0.00629	0.00477	0.00450	0.67852
58	0.00904	0.00646	0.00861	0.01034	0.01077	0.00603	0.00689	0.01034	0.01421	0.01895	0.04092	0.73426	0.04910	0.02326	0.00948	0.00301	0.00431	0.02110	0.00689	0.00603
59	0.02601	0.02811	0.01946	0.01702	0.02107	0.45158	0.01307	0.18111	0.02364	0.02629	0.01469	0.01635	0.01155	0.00809	0.00667	0.00196	0.01082	0.00552	0.10764	0.00935
60	0.05202	0.01506	0.02503	0.40183	0.03927	0.01847	0.11402	0.01952	0.01422	0.02007	0.01242	0.01853	0.00997	0.00869	0.01192	0.00267	0.19763	0.00677	0.00341	0.00846
61	0.00993	0.00729	0.00949	0.01076	0.01196	0.00684	0.00812	0.01209	0.01598	0.02093	0.10029	0.39950	0.14359	0.02116	0.00953	0.00299	0.00486	0.19134	0.00698	0.00637
62	0.03331	0.01263	0.01723	0.01321	0.01895	0.01091	0.01091	0.03618	0.02125	0.69794	0.02929	0.02527	0.01838	0.00919	0.00747	0.00230	0.00632	0.00747	0.00919	0.01263
63	0.01358	0.00810	0.01073	0.01012	0.01219	0.00738	0.00756	0.01653	0.01964	0.12652	0.45652	0.19202	0.05804	0.01597	0.00871	0.00247	0.00409	0.01414	0.00806	0.00764
64	0.01102	0.00774	0.00984	0.00922	0.01121	0.00703	0.00695	0.01429	0.02048	0.05029	0.58598	0.05659	0.15053	0.01546	0.00872	0.00236	0.00363	0.01353	0.00804	0.00709
65	0.02815	0.01999	0.02167	0.01671	0.02256	0.02195	0.01377	0.59457	0.06276	0.09281	0.01920	0.01880	0.01349	0.00898	0.00743	0.00225	0.00793	0.00682	0.00756	0.01259
66	0.01043	0.00759	0.00982	0.00926	0.01104	0.00697	0.00694	0.01386	0.02083	0.02933	0.66142	0.05617	0.09778	0.01534	0.00876	0.00234	0.00351	0.01353	0.00811	0.00697
67	0.00950	0.00699	0.00901	0.01044	0.01143	0.00650	0.00755	0.01125	0.01515	0.01969	0.04628	0.51396	0.15342	0.02205	0.00949	0.00300	0.00465	0.12653	0.00688	0.00621
68	0.01985	0.74357	0.03890	0.01270	0.01905	0.02937	0.01270	0.02223	0.01508	0.01747	0.01032	0.01191	0.00953	0.00635	0.00476	0.00159	0.00794	0.00397	0.00318	0.00953
69	0.02072	0.01635	0.01825	0.01352	0.01985	0.01535	0.01100	0.28831	0.02349	0.03357	0.01512	0.01640	0.01167	0.00692	0.00630	0.00157	0.00661	0.00535	0.00566	0.46400
70	0.01837	0.01764	0.03013	0.04557	0.69279	0.01764	0.02278	0.02278	0.01690	0.02425	0.01396	0.01837	0.01176	0.00661	0.00735	0.00220	0.00882	0.00661	0.00367	0.01176
71	0.01846	0.01595	0.01679	0.01511	0.01930	0.01846	0.01175	0.03945	0.67938	0.03105	0.03022	0.02770	0.02266	0.01007	0.00755	0.00252	0.00588	0.00839	0.00755	0.01175
72	0.00904	0.00646	0.00861	0.01034	0.01077	0.00603	0.00689	0.01034	0.01421	0.01895	0.04092	0.73426	0.04910	0.02326	0.00948	0.00301	0.00431	0.02110	0.00689	0.00603
73	0.02822	0.02079	0.02228	0.01708	0.02302	0.02302	0.01411	0.66804	0.03490	0.04679	0.01782	0.01782	0.01262	0.00891	0.00743	0.00223	0.00817	0.00668	0.00743	0.01262
74	0.00992	0.00757	0.00912	0.00873	0.01073	0.00676	0.00655	0.01288	0.01964	0.02650	0.48262	0.06083	0.27835	0.01639	0.00876	0.00239	0.00359	0.01418	0.00774	0.00676
75	0.02528	0.03024	0.01991	0.01806	0.02199	0.52649	0.01366	0.03224	0.19525	0.02158	0.01643	0.01717	0.01303	0.00829	0.00692	0.00207	0.01140	0.00574	0.00481	0.00944
76	0.01539	0.01319	0.01539	0.01100	0.01759	0.00990	0.00880	0.01869	0.01539	0.02419	0.01319	0.01539	0.01100	0.00550	0.00550	0.00110	0.00550	0.00440	0.00440	0.78449
77	0.01062	0.00788	0.01156	0.01156	0.01275	0.00908	0.00881	0.01302	0.01182	0.01696	0.02023	0.03105	0.01938	0.12220	0.64428	0.01147	0.01865	0.00823	0.00403	0.00642
78	0.02025	0.70720	0.03798	0.01303	0.01925	0.06429	0.01279	0.02261	0.01539	0.01750	0.01038	0.01198	0.00953	0.00642	0.00486	0.00160	0.00822	0.00401	0.00321	0.00948
79	0.01518	0.01297	0.01517	0.01097	0.01737	0.00977	0.00873	0.01841	0.01535	0.02402	0.01412	0.03928	0.01226	0.00609	0.00563	0.00116	0.00546	0.00495	0.00448	0.75862
80	0.02422	0.21645	0.11916	0.01737	0.02302	0.37122	0.01555	0.05920	0.01947	0.05242	0.01260	0.01411	0.01010	0.00737	0.00632	0.00192	0.01105	0.00489	0.00400	0.00956
81	0.02259	0.01535	0.01722	0.01480	0.01942	0.01676	0.01179	0.09767	0.43902	0.18725	0.02917	0.02838	0.02149	0.01016	0.00763	0.00247	0.00623	0.03283	0.00789	0.01185
82	0.01017	0.00741	0.00940	0.01023	0.01132	0.00700	0.00714	0.04052	0.01670	0.02243	0.17106	0.51691	0.10054	0.02067	0.00919	0.00281	0.00428	0.01852	0.00717	0.00654
83	0.01872	0.01786	0.03040	0.04385	0.63907	0.01790	0.04950	0.04807	0.01763	0.02511	0.01416	0.01842	0.01177	0.00669	0.00741	0.00222	0.00895	0.00671	0.00382	0.01172
84	0.01872	0.03146	0.42206	0.02342	0.08484	0.08976	0.10461	0.02541	0.01714	0.09118	0.01501	0.01717	0.01076	0.00720	0.00730	0.00231	0.01077	0.00612	0.00394	0.01083
85	0.00903	0.00652	0.00855	0.01018	0.01073	0.00604	0.00682	0.01035	0.01436	0.01901	0.04281	0.69763	0.08450	0.02301	0.00944	0.00299	0.00428	0.02080	0.00689	0.00604
86	0.01507	0.06467	0.67598	0.02084	0.03164	0.01769	0.02688	0.02346	0.01565	0.02328	0.01321	0.01553	0.00941	0.00703	0.00697	0.00232	0.01086	0.00543	0.00314	0.01092
87	0.04321	0.01962	0.02538	0.03348	0.41925	0.10529	0.01857	0.10179	0.08388	0.02721	0.01594	0.01873	0.01279	0.00743	0.00714	0.00219	0.00875	0.00650	0.03167	0.01119
88	0.03331	0.01263	0.01723	0.01321	0.01895	0.01091	0.01091	0.03618	0.02125	0.69794	0.02929	0.02527	0.01838	0.00919	0.00747	0.00230	0.00632	0.00747	0.00919	0.01263
89	0.00877	0.00752	0.00752	0.00752	0.01003	0.00627	0.00564	0.01065	0.01692	0.02005	0.07520	0.07144	0.68978	0.01880	0.00877	0.00251	0.00376	0.01567	0.00689	0.00627
90	0.00996	0.00757	0.00916	0.00876	0.01075	0.00677	0.00657	0.01294	0.01972	0.02669	0.49417	0.06053	0.26668	0.01633	0.00876	0.00239	0.00358	0.01414	0.00777	0.00677
91	0.02645	0.02168	0.08843	0.01760	0.02399	0.02124	0.03743	0.50875	0.06206	0.08895	0.01869	0.01868	0.01315	0.00871	0.00744	0.00227	0.00835	0.00677	0.00701	0.01233
92	0.02743	0.02003	0.02143	0.01652	0.02223	0.02213	0.01362	0.63208	0.03384	0.04573	0.01818	0.01837	0.01298	0.00890	0.00730	0.00220	0.00791	0.00670	0.05014	0.01231
93	0.01615	0.01317	0.01547	0.01109	0.01765	0.00994	0.00889	0.01943	0.01564	0.05254	0.01387	0.01581	0.01131	0.00565	0.00558	0.00115	0.00553	0.00453	0.00460	0.75201
94	0.00904	0.00646	0.00861	0.01034	0.01077	0.00603	0.00689	0.01034	0.01421	0.01895	0.04092	0.73426	0.04910	0.02326	0.00948	0.00301	0.00431	0.02110	0.00689	0.00603
95	0.79154	0.01436	0.01091	0.00976	0.01436	0.01665	0.00804	0.02182	0.01263	0.03331	0.01034	0.01206	0.00804	0.00689	0.00459	0.00230	0.00574	0.00402	0.00459	0.00804
96	0.00912	0.00652	0.00868	0.01029	0.01078	0.00608	0.00690	0.01052	0.01455	0.01949	0.07340	0.70023	0.05015	0.02285	0.00944	0.00298	0.00427	0.02072	0.00696	0.00608
97	0.02803	0.03366	0.02090	0.01875	0.02275	0.64690	0.01416	0.05545	0.02160	0.05338	0.01262	0.01416	0.01013	0.00778	0.00676	0.00194	0.01282	0.00499	0.00424	0.00897
98	0.01539	0.01319	0.01539	0.01100	0.01759	0.00990	0.00880	0.01869	0.01539	0.02419	0.01319	0.01539	0.01100	0.00550	0.00550	0.00110	0.00550	0.00440	0.00440	0.78449
99	0.01743	0.01720	0.03088	0.16873	0.46797	0.01761	0.12628	0.02224	0.01662	0.02320	0.01399	0.01890	0.01133	0.00671	0.00759	0.00230	0.00962	0.00696	0.00362	0.01082
100	0.01646	0.01194	0.01398	0.01213	0.01536	0.01218	0.00941	0.18012	0.08206	0.05465	0.32227	0.12814	0.04403	0.01350	0.00820	0.00235	0.00518	0.01162	0.00761	0.04882
101	0.01985	0.74357	0.03890	0.01270	0.01905	0.02937	0.01270	0.02223	0.01508	0.01747	0.01032	0.01191	0.00953	0.00635	0.00476	0.00159	0.00794	0.00397	0.00318	0.00953
102	0.65164	0.01821	0.01277	0.01148	0.01593	0.14352	0.00919	0.02325	0.01417	0.03053	0.01055	0.01230	0.00832	0.00703	0.00498	0.00223	0.00714	0.00416	0.00445	0.00814
103	0.01689	0.12156	0.27702	0.02524	0.03383	0.01962	0.35279	0.02348	0.01654	0.02285	0.01380	0.01741	0.01037	0.00655	0.00763	0.00233	0.01136	0.00697	0.00346	0.01029
104	0.01402	0.01319	0.02227	0.72126	0.05113	0.01649	0.02062	0.01897	0.01484	0.01897	0.01319	0.01979	0.00990	0.00742	0.00742	0.00247	0.00990	0.00660	0.00330	0.00825
105	0.00904	0.00646	0.00861	0.01034	0.01077	0.00603	0.00689	0.01034	0.01421	0.01895	0.04092	0.73426	0.04910	0.02326	0.00948	0.00301	0.00431	0.02110	0.00689	0.00603
106	0.00897	0.00747	0.00782	0.00785	0.01017	0.00633	0.00584	0.01099	0.01721	0.02100	0.13696	0.10331	0.59327	0.01865	0.00881	0.00251	0.00376	0.01571	0.00703	0.00633
107	0.02877	0.01230	0.01621	0.01289	0.01794	0.01116	0.01048	0.03357	0.08829	0.54137	0.11684	0.02952	0.02566	0.01007	0.00765	0.00232	0.00590	0.00835	0.00889	0.01180
108	0.02266	0.01398	0.01622	0.01270	0.01780	0.03246	0.01023	0.15361	0.02231	0.23467	0.14064	0.02814	0.05104	0.00961	0.00722	0.00199	0.00609	0.00785	0.00721	0.20358
109	0.00885	0.00752	0.00763	0.00760	0.01007	0.00630	0.00570	0.01080	0.01710	0.02049	0.10267	0.07073	0.66205	0.01864	0.00877	0.00250	0.00375	0.01557	0.00695	0.00630
110	0.01539	0.01319	0.01539	0.01100	0.01759	0.00990	0.00880	0.01869	0.01539	0.02419	0.01319	0.01539	0.01100	0.00550	0.00550	0.00110	0.00550	0.00440	0.00440	0.78449
111	0.01775	0.01312	0.01563	0.01129	0.01777	0.01003	0.00907	0.02099	0.01616	0.11271	0.01531	0.01669	0.01197	0.00598	0.00576	0.00126	0.00561	0.00480	0.00503	0.68307
112	0.00919	0.00657	0.00879	0.01051	0.01100	0.00616	0.00715	0.01060	0.01436	0.01912	0.04083	0.70085	0.04877	0.02312	0.00952	0.00304	0.00444	0.05303	0.00689	0.00607
113	0.01846	0.01595	0.01679	0.01511	0.01930	0.01846	0.01175	0.03945	0.67938	0.03105	0.03022	0.02770	0.02266	0.01007	0.00755	0.00252	0.00588	0.00839	0.00755	0.01175
114	0.01837	0.01764	0.03013	0.04557	0.69279	0.01764	0.02278	0.02278	0.01690	0.02425	0.01396	0.01837	0.01176	0.00661	0.00735	0.00220	0.00882	0.00661	0.00367	0.01176
115	0.01489	0.03840	0.70064	0.02116	0.03213	0.01724	0.02743	0.02351	0.01567	0.02351	0.01332	0.01567	0.00940	0.00705	0.00705	0.00235	0.01097	0.00549	0.00313	0.01097
116	0.01624	0.01624	0.02274	0.01949	0.01949	0.02274	0.01624	0.01787	0.01137	0.01787	0.00975	0.01624	0.00975	0.01299	0.02436	0.00325	0.72552	0.00650	0.00325	0.00812
117	0.01057	0.00795	0.01002	0.01053	0.01249	0.00740	0.00859	0.01355	0.01821	0.02382	0.24403	0.07160	0.24506	0.01840	0.00936	0.00282	0.00492	0.26669	0.00725	0.00672
118	0.01752	0.02003	0.04380	0.03129	0.03880	0.01877	0.66583	0.02378	0.01752	0.02378	0.01502	0.02003	0.01126	0.00626	0.00876	0.00250	0.01252	0.00876	0.00375	0.01001
119	0.03331	0.01263	0.01723	0.01321	0.01895	0.01091	0.01091	0.03618	0.02125	0.69794	0.02929	0.02527	0.01838	0.00919	0.00747	0.00230	0.00632	0.00747	0.00919	0.01263
120	0.01114	0.00810	0.01081	0.01153	0.01333	0.00777	0.00958	0.01445	0.01850	0.02477	0.27903	0.07231	0.11219	0.01841	0.00957	0.00294	0.00534	0.35606	0.00733	0.00684
121	0.05796	0.00965	0.00861	0.00833	0.01049	0.05234	0.00631	0.01963	0.05498	0.02759	0.02300	0.02592	0.01804	0.00857	0.00539	0.00182	0.00435	0.00671	0.64292	0.00737
122	0.01837	0.01764	0.03013	0.04557	0.69279	0.01764	0.02278	0.02278	0.01690	0.02425	0.01396	0.01837	0.01176	0.00661	0.00735	0.00220	0.00882	0.00661	0.00367	0.01176
123	0.01002	0.00743	0.00934	0.00915	0.01086	0.00675	0.00675	0.01296	0.01944	0.02670	0.49964	0.14473	0.17511	0.01684	0.00885	0.00245	0.00365	0.01479	0.00779	0.00675
124	0.01051	0.00759	0.00992	0.00934	0.01109	0.00700	0.00700	0.01401	0.02101	0.02977	0.68888	0.05545	0.07005	0.01518	0.00876	0.00233	0.00350	0.01343	0.00817	0.00700
125	0.05666	0.01553	0.01718	0.01427	0.01926	0.05309	0.01142	0.05716	0.28011	0.35091	0.02755	0.02481	0.01898	0.00935	0.00734	0.00236	0.00657	0.00752	0.00801	0.01188
126	0.01837	0.01764	0.03013	0.04557	0.69279	0.01764	0.02278	0.02278	0.01690	0.02425	0.01396	0.01837	0.01176	0.00661	0.00735	0.00220	0.00882	0.00661	0.00367	0.01176
127	0.02716	0.01993	0.02132	0.01650	0.02217	0.02206	0.01358	0.61347	0.05644	0.04528	0.01858	0.01866	0.01330	0.00894	0.00732	0.00221	0.00785	0.00676	0.04617	0.01231
128	0.02152	0.01433	0.01513	0.01235	0.01633	0.01552	0.00996	0.36496	0.02590	0.03789	0.02080	0.02241	0.01561	0.00879	0.00638	0.00200	0.00598	0.00679	0.36739	0.00997
129	0.01489	0.03840	0.70064	0.02116	0.03213	0.01724	0.02743	0.02351	0.01567	0.02351	0.01332	0.01567	0.00940	0.00705	0.00705	0.00235	0.01097	0.00549	0.00313	0.01097
130	0.01927	0.62116	0.06131	0.01274	0.01882	0.02615	0.01268	0.02202	0.01588	0.04337	0.07426	0.01659	0.01547	0.00730	0.00532	0.00171	0.00759	0.00503	0.00386	0.00946
131	0.09220	0.01019	0.01232	0.01073	0.01384	0.00991	0.00840	0.05280	0.04329	0.16318	0.43636	0.04243	0.04930	0.01270	0.00799	0.00232	0.00459	0.01082	0.00797	0.00866
132	0.01715	0.01639	0.02793	0.23504	0.51286	0.01732	0.02218	0.02171	0.01633	0.02277	0.01375	0.01877	0.01124	0.00684	0.00737	0.00228	0.00912	0.00661	0.00357	0.01077
133	0.01670	0.01870	0.04038	0.02925	0.03607	0.01753	0.60169	0.02247	0.01720	0.02331	0.01754	0.08955	0.01495	0.00791	0.00883	0.00255	0.01172	0.00996	0.00406	0.00962
134	0.02749	0.02040	0.02228	0.05324	0.02447	0.02269	0.01444	0.63471	0.03387	0.04536	0.01759	0.01792	0.01248	0.00884	0.00743	0.00224	0.00826	0.00668	0.00721	0.01240
135	0.00900	0.00753	0.00783	0.00775	0.01016	0.00636	0.00581	0.01108	0.01744	0.02130	0.15359	0.06940	0.61062	0.01834	0.00877	0.00248	0.00373	0.01538	0.00706	0.00636
136	0.01402	0.01319	0.02227	0.72126	0.05113	0.01649	0.02062	0.01897	0.01484	0.01897	0.01319	0.01979	0.00990	0.00742	0.00742	0.00247	0.00990	0.00660	0.00330	0.00825
137	0.01402	0.01319	0.02227	0.72126	0.05113	0.01649	0.02062	0.01897	0.01484	0.01897	0.01319	0.01979	0.00990	0.00742	0.00742	0.00247	0.00990	0.00660	0.00330	0.00825
138	0.07486	0.01329	0.01723	0.01328	0.01898	0.01206	0.01097	0.07891	0.02171	0.61636	0.02745	0.02403	0.01741	0.00904	0.00730	0.00229	0.00641	0.00722	0.00881	0.01238
139	0.01402	0.01319	0.02227	0.72126	0.05113	0.01649	0.02062	0.01897	0.01484	0.01897	0.01319	0.01979	0.00990	0.00742	0.00742	0.00247	0.00990	0.00660	0.00330	0.00825
140	0.01752	0.02003	0.04380	0.03129	0.03880	0.01877	0.66583	0.02378	0.01752	0.02378	0.01502	0.02003	0.01126	0.00626	0.00876	0.00250	0.01252	0.00876	0.00375	0.01001
141	0.01837	0.01764	0.03013	0.04557	0.69279	0.01764	0.02278	0.02278	0.01690	0.02425	0.01396	0.01837	0.01176	0.00661	0.00735	0.00220	0.00882	0.00661	0.00367	0.01176
142	0.03331	0.01263	0.01723	0.01321	0.01895	0.01091	0.01091	0.03618	0.02125	0.69794	0.02929	0.02527	0.01838	0.00919	0.00747	0.00230	0.00632	0.00747	0.00919	0.01263
143	0.00995	0.00708	0.00953	0.01116	0.01192	0.00679	0.00819	0.01177	0.01484	0.01963	0.03957	0.51663	0.04618	0.05924	0.01115	0.00334	0.00516	0.19492	0.00675	0.00618
144	0.01960	0.70791	0.07237	0.01313	0.01971	0.02876	0.01345	0.02229	0.01511	0.01777	0.01047	0.01210	0.00952	0.00639	0.00488	0.00163	0.00809	0.00405	0.00317	0.00960
145	0.02219	0.01523	0.01711	0.01480	0.01934	0.01664	0.01183	0.10117	0.42778	0.17471	0.02937	0.02999	0.02209	0.01048	0.00771	0.00250	0.00627	0.05126	0.00784	0.01169
146	0.00927	0.00760	0.00821	0.00824	0.01057	0.00654	0.00630	0.01152	0.01759	0.02175	0.17053	0.06975	0.54621	0.01834	0.00887	0.00254	0.00393	0.05873	0.00709	0.00642
147	0.01822	0.01748	0.02985	0.06992	0.66967	0.01760	0.02271	0.02265	0.01683	0.02406	0.01394	0.01842	0.01169	0.00664	0.00735	0.00221	0.00886	0.00661	0.00366	0.01163
148	0.01837	0.01764	0.03013	0.04557	0.69279	0.01764	0.02278	0.02278	0.01690	0.02425	0.01396	0.01837	0.01176	0.00661	0.00735	0.00220	0.00882	0.00661	0.00367	0.01176
149	0.04876	0.01303	0.01609	0.03926	0.01860	0.01313	0.01090	0.17237	0.02169	0.28806	0.02975	0.18820	0.05684	0.01284	0.00847	0.00250	0.03094	0.01066	0.00757	0.01033

[dist]
# distance from previous block
# <min> <max>
0	23

[block]
# block no. 4 follows, 27 sequences, length 39
# corresponding to MSA columns:
# 321-359
name=unknown_E
#
# <colnr> <probs for GDERKNQSTAVLIFYWHMCP>
#	G	D	E	R	K	N	Q	S	T	A	V	L	I	F	Y	W	H	M	C	P
0	0.14213	0.01766	0.01875	0.03894	0.02098	0.04118	0.01243	0.36101	0.02630	0.13381	0.04446	0.02148	0.04263	0.00934	0.00771	0.00230	0.03409	0.00694	0.00684	0.01102
1	0.01079	0.00730	0.00916	0.00959	0.01045	0.00713	0.00644	0.01203	0.01347	0.04286	0.05681	0.28323	0.10024	0.27271	0.11860	0.00562	0.00751	0.01438	0.00578	0.00589
2	0.01983	0.01582	0.01778	0.01310	0.01947	0.01444	0.01063	0.24333	0.02214	0.03201	0.01480	0.01623	0.01156	0.00668	0.00617	0.00149	0.00642	0.00519	0.00545	0.51746
3	0.01932	0.04872	0.12254	0.03762	0.50351	0.01782	0.02191	0.05003	0.01768	0.06858	0.01489	0.01817	0.01181	0.00693	0.00722	0.00221	0.00889	0.00641	0.00409	0.01165
4	0.01985	0.74357	0.03890	0.01270	0.01905	0.02937	0.01270	0.02223	0.01508	0.01747	0.01032	0.01191	0.00953	0.00635	0.00476	0.00159	0.00794	0.00397	0.00318	0.00953
5	0.04559	0.43792	0.22528	0.01591	0.02333	0.05021	0.04318	0.02267	0.01567	0.02041	0.03210	0.01470	0.01136	0.00689	0.00577	0.00190	0.00898	0.00492	0.00341	0.00979
6	0.02196	0.01011	0.01341	0.01155	0.01528	0.00893	0.00920	0.02470	0.01964	0.36977	0.16328	0.12033	0.10723	0.01380	0.00828	0.00249	0.00531	0.05675	0.00831	0.00969
7	0.01837	0.01764	0.03013	0.04557	0.69279	0.01764	0.02278	0.02278	0.01690	0.02425	0.01396	0.01837	0.01176	0.00661	0.00735	0.00220	0.00882	0.00661	0.00367	0.01176
8	0.01478	0.01397	0.02365	0.60268	0.16374	0.01669	0.02100	0.01964	0.01521	0.01990	0.01333	0.01954	0.01022	0.00728	0.00741	0.00243	0.00971	0.00660	0.00336	0.00886
9	0.00912	0.00649	0.00859	0.01024	0.01065	0.00608	0.00679	0.01036	0.01407	0.01876	0.04017	0.70488	0.04815	0.05393	0.01069	0.00319	0.00443	0.02066	0.00679	0.00596
10	0.01489	0.03840	0.70064	0.02116	0.03213	0.01724	0.02743	0.02351	0.01567	0.02351	0.01332	0.01567	0.00940	0.00705	0.00705	0.00235	0.01097	0.00549	0.00313	0.01097
11	0.01837	0.01764	0.03013	0.04557	0.69279	0.01764	0.02278	0.02278	0.01690	0.02425	0.01396	0.01837	0.01176	0.00661	0.00735	0.00220	0.00882	0.00661	0.00367	0.01176
12	0.01489	0.03840	0.70064	0.02116	0.03213	0.01724	0.02743	0.02351	0.01567	0.02351	0.01332	0.01567	0.00940	0.00705	0.00705	0.00235	0.01097	0.00549	0.00313	0.01097
13	0.00985	0.00756	0.00901	0.00865	0.01069	0.00672	0.00649	0.01274	0.01946	0.02608	0.45599	0.06152	0.30523	0.01655	0.00876	0.00240	0.00360	0.01428	0.00769	0.00672
14	0.01826	0.51740	0.25114	0.01541	0.02325	0.02548	0.01743	0.02264	0.01527	0.01940	0.01128	0.01312	0.00949	0.00658	0.00550	0.00183	0.00891	0.00446	0.00316	0.00999
15	0.01629	0.23811	0.51323	0.01876	0.02843	0.02068	0.02326	0.02315	0.01551	0.02180	0.01247	0.01461	0.00944	0.00685	0.00640	0.00213	0.01011	0.00506	0.00315	0.01056
16	0.00923	0.00660	0.00883	0.01055	0.01107	0.00619	0.00722	0.01066	0.01440	0.01916	0.04081	0.69199	0.04869	0.02308	0.00953	0.00304	0.00447	0.06150	0.00689	0.00608
17	0.01846	0.01595	0.01679	0.01511	0.01930	0.01846	0.01175	0.03945	0.67938	0.03105	0.03022	0.02770	0.02266	0.01007	0.00755	0.00252	0.00588	0.00839	0.00755	0.01175
18	0.01837	0.01764	0.03013	0.04557	0.69279	0.01764	0.02278	0.02278	0.01690	0.02425	0.01396	0.01837	0.01176	0.00661	0.00735	0.00220	0.00882	0.00661	0.00367	0.01176
19	0.01800	0.01725	0.02945	0.10397	0.63734	0.01754	0.02260	0.02245	0.01673	0.02380	0.01390	0.01850	0.01160	0.00668	0.00736	0.00223	0.00891	0.00661	0.00364	0.01146
20	0.01068	0.00730	0.00881	0.00889	0.00915	0.00751	0.00547	0.01121	0.01117	0.01512	0.02362	0.07849	0.02656	0.58198	0.15662	0.00784	0.00933	0.01079	0.00452	0.00495
21	0.01003	0.00790	0.00910	0.00874	0.01094	0.00713	0.00657	0.01350	0.04596	0.02536	0.38006	0.06167	0.35287	0.01663	0.00872	0.00242	0.00372	0.01425	0.00756	0.00686
22	0.01837	0.01764	0.03013	0.04557	0.69279	0.01764	0.02278	0.02278	0.01690	0.02425	0.01396	0.01837	0.01176	0.00661	0.00735	0.00220	0.00882	0.00661	0.00367	0.01176
23	0.02632	0.01940	0.02138	0.01772	0.04994	0.02140	0.01389	0.49859	0.14825	0.07475	0.02043	0.01997	0.01466	0.00904	0.00745	0.00228	0.00770	0.00702	0.00738	0.01243
24	0.03331	0.01263	0.01723	0.01321	0.01895	0.01091	0.01091	0.03618	0.02125	0.69794	0.02929	0.02527	0.01838	0.00919	0.00747	0.00230	0.00632	0.00747	0.00919	0.01263
25	0.01587	0.17743	0.57017	0.01949	0.02955	0.01963	0.02453	0.02326	0.01556	0.02232	0.01273	0.01493	0.00943	0.00691	0.00660	0.00220	0.01037	0.00519	0.00314	0.01069
26	0.01897	0.61935	0.15547	0.01419	0.02136	0.02724	0.01530	0.02245	0.01519	0.01853	0.01085	0.01257	0.00951	0.00647	0.00517	0.00172	0.00847	0.00424	0.00317	0.00978
27	0.01103	0.00817	0.01065	0.01181	0.01348	0.00795	0.00962	0.01444	0.04087	0.02212	0.09242	0.20682	0.14365	0.02002	0.00967	0.00309	0.00559	0.35484	0.00698	0.00678
28	0.01477	0.00782	0.00792	0.00758	0.00958	0.00797	0.00577	0.05958	0.01682	0.02892	0.02380	0.02704	0.01861	0.00867	0.00533	0.00176	0.00377	0.00690	0.73010	0.00729
29	0.01837	0.01764	0.03013	0.04557	0.69279	0.01764	0.02278	0.02278	0.01690	0.02425	0.01396	0.01837	0.01176	0.00661	0.00735	0.00220	0.00882	0.00661	0.00367	0.01176
30	0.03172	0.01518	0.01880	0.01441	0.02022	0.01468	0.01191	0.23302	0.02550	0.49509	0.02572	0.02295	0.01658	0.00910	0.00745	0.00228	0.00689	0.00722	0.00864	0.01263
31	0.01837	0.01764	0.03013	0.04557	0.69279	0.01764	0.02278	0.02278	0.01690	0.02425	0.01396	0.01837	0.01176	0.00661	0.00735	0.00220	0.00882	0.00661	0.00367	0.01176
32	0.01527	0.09260	0.64977	0.02051	0.03113	0.01817	0.02630	0.02341	0.01563	0.02305	0.01309	0.01538	0.00941	0.00700	0.00688	0.00229	0.01074	0.00537	0.00314	0.01086
33	0.01828	0.01786	0.02895	0.11546	0.59933	0.04448	0.02223	0.02265	0.01685	0.02346	0.01379	0.01833	0.01148	0.00674	0.00733	0.00222	0.00911	0.00654	0.00364	0.01127
34	0.01489	0.03840	0.70064	0.02116	0.03213	0.01724	0.02743	0.02351	0.01567	0.02351	0.01332	0.01567	0.00940	0.00705	0.00705	0.00235	0.01097	0.00549	0.00313	0.01097
35	0.00890	0.00753	0.00770	0.00765	0.01011	0.00632	0.00574	0.01090	0.01722	0.02077	0.12024	0.07027	0.64430	0.01854	0.00877	0.00249	0.00374	0.01550	0.00699	0.00632
36	0.02043	0.01660	0.01741	0.03918	0.02056	0.04596	0.01212	0.10393	0.48875	0.07936	0.02920	0.02728	0.04569	0.01003	0.00754	0.00244	0.00651	0.00821	0.00734	0.01145
37	0.07433	0.02187	0.15678	0.02034	0.02730	0.01816	0.18949	0.19202	0.06896	0.10504	0.03972	0.02035	0.01454	0.00802	0.00757	0.00236	0.00919	0.00725	0.00565	0.01105
38	0.42163	0.01619	0.01696	0.01362	0.01884	0.01772	0.05679	0.20638	0.02026	0.09878	0.01678	0.01752	0.03364	0.00804	0.00611	0.00230	0.00690	0.00583	0.00585	0.00986

[dist]
# distance from previous block
# <min> <max>
0	1

# created by:
# /st0/software/busco_prod/Augustus/scripts/msa2prfl.pl ./align_prep/130206.fa
