[name]
unknown

[dist]
# distance from previous block
# <min> <max>
0	6

[block]
# block no. 0 follows, 30 sequences, length 11
# corresponding to MSA columns:
# 6-16
name=unknown_A
#
# <colnr> <probs for GDERKNQSTAVLIFYWHMCP>
#	G	D	E	R	K	N	Q	S	T	A	V	L	I	F	Y	W	H	M	C	P
0	0.08471	0.00950	0.01137	0.01182	0.01397	0.00983	0.00967	0.08556	0.04054	0.02376	0.03467	0.20924	0.08060	0.01707	0.00853	0.00283	0.00572	0.32722	0.00633	0.00706
1	0.21679	0.01945	0.01904	0.06554	0.05615	0.16396	0.05835	0.22384	0.02063	0.02975	0.01386	0.03410	0.01097	0.00763	0.00625	0.00209	0.00832	0.00577	0.02832	0.00921
2	0.00934	0.00747	0.00987	0.00983	0.01160	0.00661	0.03686	0.01125	0.01487	0.01959	0.10551	0.41260	0.22616	0.01810	0.00836	0.00249	0.00427	0.01612	0.00629	0.06280
3	0.00925	0.00688	0.00851	0.00913	0.01030	0.00643	0.00646	0.01157	0.03461	0.02049	0.19528	0.36654	0.17196	0.06863	0.01042	0.00287	0.00411	0.04396	0.00661	0.00601
4	0.04362	0.01398	0.02030	0.47419	0.03771	0.06348	0.04666	0.02074	0.01507	0.11589	0.01517	0.04440	0.01169	0.00791	0.00765	0.00231	0.04012	0.00669	0.00409	0.00834
5	0.02431	0.01889	0.01905	0.04189	0.04334	0.19464	0.03538	0.10056	0.09444	0.24254	0.04874	0.02049	0.01585	0.00859	0.00802	0.00216	0.05845	0.00656	0.00605	0.01005
6	0.02434	0.01168	0.01486	0.01220	0.01649	0.01110	0.00976	0.07390	0.11116	0.42845	0.11031	0.09636	0.02609	0.01067	0.00735	0.00225	0.00550	0.00899	0.00800	0.01053
7	0.01171	0.00933	0.00962	0.00980	0.01177	0.05849	0.00723	0.01433	0.04771	0.06318	0.07602	0.29536	0.29213	0.01736	0.00827	0.00251	0.00474	0.04731	0.00649	0.00665
8	0.09447	0.01417	0.02271	0.32601	0.33663	0.01568	0.01874	0.01954	0.01469	0.02151	0.01350	0.01985	0.01122	0.00712	0.00679	0.00223	0.00834	0.03411	0.00352	0.00914
9	0.02322	0.01724	0.01975	0.01750	0.08284	0.01880	0.01295	0.52463	0.02802	0.03769	0.01781	0.07520	0.01453	0.01039	0.00858	0.05919	0.00733	0.00733	0.00634	0.01067
10	0.05506	0.02180	0.01934	0.06646	0.05837	0.24565	0.01352	0.18664	0.17758	0.02726	0.01638	0.01741	0.01259	0.00814	0.00742	0.00212	0.04337	0.00596	0.00518	0.00977

[dist]
# distance from previous block
# <min> <max>
13	28

[block]
# block no. 1 follows, 30 sequences, length 6
# corresponding to MSA columns:
# 47-52
name=unknown_B
#
# <colnr> <probs for GDERKNQSTAVLIFYWHMCP>
#	G	D	E	R	K	N	Q	S	T	A	V	L	I	F	Y	W	H	M	C	P
0	0.00972	0.00658	0.00774	0.00816	0.00827	0.00648	0.00482	0.01003	0.01099	0.01465	0.02630	0.23022	0.03081	0.56277	0.02855	0.00574	0.00605	0.01269	0.00482	0.00461
1	0.02653	0.01955	0.02094	0.01606	0.02164	0.02164	0.01326	0.68796	0.03281	0.04398	0.01675	0.01675	0.01187	0.00838	0.00698	0.00209	0.00768	0.00628	0.00698	0.01187
2	0.01736	0.01499	0.01578	0.01420	0.01815	0.01736	0.01105	0.03708	0.69862	0.02919	0.02840	0.02604	0.02130	0.00947	0.00710	0.00237	0.00552	0.00789	0.00710	0.01105
3	0.05946	0.02234	0.31154	0.06138	0.02620	0.01382	0.11436	0.02241	0.01600	0.14721	0.06887	0.07087	0.01741	0.00852	0.00711	0.00227	0.00845	0.00750	0.00473	0.00956
4	0.07171	0.01396	0.01550	0.04085	0.01860	0.05606	0.01088	0.07154	0.15853	0.22614	0.02365	0.02883	0.01872	0.00959	0.00695	0.00219	0.00644	0.10148	0.00651	0.11187
5	0.06717	0.09408	0.44338	0.01854	0.06711	0.01655	0.02029	0.05045	0.01568	0.07114	0.01333	0.01504	0.00972	0.00665	0.00625	0.00204	0.00885	0.00511	0.00371	0.06491

[dist]
# distance from previous block
# <min> <max>
13	45

[block]
# block no. 2 follows, 30 sequences, length 23
# corresponding to MSA columns:
# 99-121
name=unknown_C
#
# <colnr> <probs for GDERKNQSTAVLIFYWHMCP>
#	G	D	E	R	K	N	Q	S	T	A	V	L	I	F	Y	W	H	M	C	P
0	0.73480	0.01434	0.03936	0.00977	0.01438	0.01542	0.00843	0.02123	0.01238	0.06382	0.01069	0.01207	0.00808	0.00659	0.00454	0.00216	0.00562	0.00399	0.00447	0.00788
1	0.01165	0.00832	0.01135	0.12306	0.01685	0.00844	0.00881	0.03649	0.01507	0.05343	0.12803	0.33641	0.03659	0.11373	0.01177	0.00307	0.00544	0.03209	0.00587	0.03354
2	0.01088	0.00808	0.01005	0.00981	0.01146	0.00802	0.00736	0.01565	0.10013	0.02501	0.42834	0.09401	0.05159	0.10188	0.01150	0.00291	0.00437	0.08518	0.00699	0.00677
3	0.00998	0.00744	0.01102	0.01102	0.01220	0.00862	0.00848	0.01234	0.01116	0.01606	0.01887	0.02839	0.01787	0.08978	0.69024	0.01098	0.01806	0.00762	0.00376	0.00612
4	0.66425	0.01320	0.01133	0.00976	0.01428	0.01468	0.00805	0.02295	0.01334	0.15519	0.01294	0.01358	0.00932	0.00687	0.00481	0.00216	0.00550	0.00436	0.00510	0.00834
5	0.01581	0.01498	0.02486	0.28979	0.42887	0.01625	0.02001	0.02115	0.05952	0.02143	0.01386	0.01832	0.01109	0.00670	0.00695	0.00218	0.00847	0.00632	0.00356	0.00987
6	0.00889	0.00638	0.00798	0.00898	0.00958	0.00596	0.00593	0.01005	0.01340	0.01774	0.08189	0.49883	0.10949	0.16436	0.01400	0.00351	0.00448	0.01696	0.00612	0.00547
7	0.04584	0.01079	0.01222	0.01101	0.01310	0.01170	0.00817	0.15680	0.06433	0.02418	0.07804	0.11697	0.08485	0.22430	0.06442	0.00421	0.04596	0.01022	0.00563	0.00726
8	0.70104	0.01312	0.01056	0.00939	0.01351	0.01502	0.00768	0.04434	0.01338	0.03146	0.07540	0.01536	0.01318	0.00728	0.00478	0.00216	0.00528	0.00470	0.00473	0.00762
9	0.00977	0.00780	0.00844	0.00827	0.01024	0.00729	0.00603	0.01317	0.07944	0.02023	0.14616	0.05782	0.41136	0.14581	0.01297	0.00314	0.00435	0.03520	0.00631	0.00620
10	0.14080	0.01619	0.01775	0.06221	0.04445	0.01861	0.01239	0.25032	0.26274	0.03283	0.01897	0.01927	0.01421	0.00852	0.00751	0.00227	0.04811	0.00645	0.00602	0.01038
11	0.01632	0.01493	0.02526	0.28886	0.45081	0.01597	0.02030	0.02059	0.01535	0.04570	0.01338	0.01798	0.01065	0.00657	0.00694	0.00217	0.00857	0.00624	0.00351	0.00991
12	0.01727	0.01803	0.02182	0.01851	0.01971	0.12370	0.04953	0.05016	0.01337	0.01839	0.01032	0.01552	0.00960	0.01226	0.04151	0.00305	0.53991	0.00603	0.00336	0.00795
13	0.01862	0.01365	0.01512	0.01340	0.01727	0.01512	0.01045	0.03397	0.52489	0.13212	0.07272	0.05642	0.02458	0.01015	0.00723	0.00234	0.00538	0.00854	0.00734	0.01067
14	0.01035	0.00812	0.01112	0.12223	0.01713	0.00857	0.00933	0.01415	0.08333	0.01923	0.03331	0.50700	0.03746	0.01810	0.00849	0.00274	0.00521	0.07152	0.00602	0.00660
15	0.01684	0.01614	0.02754	0.11633	0.64111	0.01647	0.02120	0.02104	0.01568	0.02227	0.01305	0.01741	0.01087	0.00630	0.00692	0.00210	0.00840	0.00622	0.00342	0.01070
16	0.02123	0.01782	0.01790	0.01512	0.01963	0.06495	0.01200	0.27147	0.41417	0.03374	0.02305	0.02181	0.01710	0.00893	0.00700	0.00223	0.00676	0.00709	0.00683	0.01115
17	0.01866	0.75896	0.03657	0.01194	0.01791	0.02761	0.01194	0.02090	0.01418	0.01642	0.00970	0.01119	0.00896	0.00597	0.00448	0.00149	0.00746	0.00373	0.00299	0.00896
18	0.00876	0.00709	0.00779	0.00761	0.00974	0.00611	0.00571	0.01102	0.01713	0.02175	0.27294	0.06238	0.50433	0.01659	0.00824	0.00231	0.00346	0.01406	0.00686	0.00611
19	0.00975	0.00750	0.00891	0.00931	0.01115	0.00691	0.00721	0.03361	0.01654	0.02117	0.14397	0.19614	0.33054	0.01803	0.00862	0.00260	0.00434	0.15081	0.00665	0.00625
20	0.02534	0.02866	0.01946	0.01699	0.02102	0.51974	0.01304	0.18904	0.02279	0.02376	0.01507	0.01618	0.04263	0.00798	0.00655	0.00190	0.01095	0.00542	0.00456	0.00891
21	0.00919	0.00664	0.00856	0.00974	0.01058	0.00626	0.00698	0.01081	0.01412	0.01859	0.07571	0.45683	0.11170	0.09187	0.01152	0.00320	0.00464	0.13101	0.00631	0.00573
22	0.00865	0.00618	0.00801	0.00941	0.00985	0.00578	0.00621	0.00977	0.01316	0.01745	0.03819	0.65513	0.07096	0.09185	0.01143	0.00319	0.00429	0.01870	0.00626	0.00554

[dist]
# distance from previous block
# <min> <max>
0	2

[block]
# block no. 3 follows, 30 sequences, length 15
# corresponding to MSA columns:
# 124-138
name=unknown_D
#
# <colnr> <probs for GDERKNQSTAVLIFYWHMCP>
#	G	D	E	R	K	N	Q	S	T	A	V	L	I	F	Y	W	H	M	C	P
0	0.16405	0.03033	0.52634	0.01867	0.02757	0.01622	0.07876	0.02182	0.01434	0.02387	0.01213	0.01444	0.00875	0.00654	0.00633	0.00221	0.00950	0.00516	0.00326	0.00971
1	0.57467	0.06280	0.04045	0.01045	0.01519	0.01615	0.00909	0.07438	0.01452	0.07636	0.01419	0.01511	0.03865	0.00723	0.00498	0.00212	0.00586	0.00471	0.00477	0.00832
2	0.01638	0.01024	0.01132	0.07141	0.01490	0.01103	0.00820	0.18303	0.01908	0.02977	0.02039	0.02308	0.01566	0.00809	0.00558	0.00180	0.00487	0.00642	0.53081	0.00794
3	0.02366	0.02822	0.02194	0.07852	0.09510	0.51327	0.05007	0.06981	0.01960	0.01978	0.01173	0.01415	0.00950	0.00708	0.00656	0.00192	0.01151	0.00512	0.00376	0.00869
4	0.00868	0.00621	0.00826	0.00959	0.01016	0.00579	0.00649	0.01017	0.01420	0.01916	0.12686	0.65798	0.04876	0.02086	0.00882	0.00275	0.00395	0.01888	0.00664	0.00579
5	0.02054	0.01770	0.01750	0.01501	0.01937	0.07569	0.01184	0.21279	0.46341	0.03222	0.02382	0.02244	0.01775	0.00899	0.00700	0.00225	0.00668	0.00718	0.00679	0.01103
6	0.01390	0.01034	0.01239	0.01081	0.01416	0.00932	0.00815	0.10658	0.01718	0.04859	0.08354	0.31706	0.03008	0.01329	0.00726	0.00205	0.00492	0.01163	0.00594	0.27279
7	0.01748	0.56138	0.19636	0.01447	0.02150	0.02456	0.04105	0.02123	0.01440	0.01798	0.01053	0.01232	0.00899	0.00612	0.00513	0.00169	0.00829	0.00424	0.00300	0.00929
8	0.01925	0.70047	0.03521	0.01243	0.01821	0.08395	0.01206	0.02146	0.01463	0.01647	0.00979	0.01131	0.00896	0.00607	0.00462	0.00152	0.00788	0.00379	0.00303	0.00889
9	0.00902	0.00676	0.00837	0.00868	0.01008	0.00611	0.00624	0.01125	0.01667	0.02236	0.32856	0.29000	0.21510	0.01764	0.00846	0.00245	0.00360	0.01555	0.00699	0.00611
10	0.01641	0.01570	0.02676	0.18949	0.57132	0.01635	0.02099	0.02066	0.01548	0.02175	0.01297	0.01755	0.01068	0.00638	0.00692	0.00213	0.00850	0.00621	0.00338	0.01036
11	0.00983	0.00695	0.00846	0.00851	0.00943	0.00662	0.00582	0.01146	0.01468	0.01991	0.26891	0.11008	0.10068	0.32097	0.01964	0.00422	0.00502	0.05737	0.00597	0.00547
12	0.01900	0.15315	0.27255	0.04250	0.02460	0.19184	0.01778	0.07989	0.05305	0.02168	0.01262	0.01454	0.00984	0.00729	0.00719	0.00204	0.05219	0.00508	0.00368	0.00947
13	0.00997	0.00748	0.01121	0.01121	0.01246	0.00872	0.00872	0.01246	0.01121	0.01620	0.01869	0.02741	0.01745	0.05234	0.72710	0.01121	0.01869	0.00748	0.00374	0.00623
14	0.08539	0.02231	0.01702	0.01507	0.01902	0.32822	0.01170	0.09379	0.13071	0.06028	0.01772	0.04411	0.01488	0.00881	0.00659	0.00204	0.00885	0.04719	0.00514	0.06118

[dist]
# distance from previous block
# <min> <max>
0	3

[block]
# block no. 4 follows, 30 sequences, length 28
# corresponding to MSA columns:
# 142-169
name=unknown_E
#
# <colnr> <probs for GDERKNQSTAVLIFYWHMCP>
#	G	D	E	R	K	N	Q	S	T	A	V	L	I	F	Y	W	H	M	C	P
0	0.04338	0.02219	0.01754	0.01499	0.01897	0.30183	0.01166	0.24152	0.02232	0.02655	0.01801	0.02147	0.05597	0.03773	0.00870	0.03815	0.00903	0.02934	0.00504	0.05559
1	0.00976	0.00685	0.00884	0.00916	0.00963	0.00716	0.00609	0.01079	0.01113	0.01523	0.02426	0.18129	0.02706	0.38757	0.24694	0.00737	0.00996	0.01125	0.00453	0.00514
2	0.01792	0.03219	0.01444	0.01231	0.01515	0.08817	0.00947	0.06971	0.13740	0.13073	0.06759	0.06090	0.08147	0.14591	0.01340	0.00311	0.05290	0.03288	0.00601	0.00833
3	0.01523	0.01238	0.01455	0.01043	0.01660	0.00935	0.00836	0.01832	0.01472	0.05414	0.01309	0.01489	0.01065	0.00533	0.00525	0.00108	0.00520	0.00426	0.00434	0.76184
4	0.01340	0.00848	0.01069	0.01009	0.01234	0.00809	0.00776	0.01766	0.08083	0.12013	0.33881	0.12012	0.10255	0.04176	0.00917	0.00255	0.00440	0.07641	0.00729	0.00747
5	0.32960	0.01399	0.01482	0.01187	0.01689	0.01456	0.00980	0.15594	0.01933	0.32022	0.01854	0.01758	0.01246	0.00775	0.00597	0.00215	0.00607	0.00562	0.00664	0.01020
6	0.01205	0.00831	0.01112	0.01165	0.01357	0.00820	0.00975	0.01618	0.05543	0.05406	0.24264	0.06517	0.04602	0.01672	0.00895	0.00281	0.00539	0.39805	0.00695	0.00697
7	0.01018	0.00729	0.00989	0.01122	0.01235	0.00720	0.00894	0.01246	0.01451	0.01905	0.03625	0.27006	0.06152	0.08105	0.05287	0.00382	0.00637	0.36286	0.00611	0.00600
8	0.00928	0.00697	0.00864	0.00880	0.01039	0.00633	0.00655	0.01177	0.01725	0.02314	0.36582	0.19435	0.22625	0.01698	0.00846	0.00243	0.00372	0.05959	0.00705	0.00622
9	0.01598	0.01871	0.06472	0.11495	0.03764	0.01733	0.57975	0.02179	0.01610	0.02179	0.01385	0.01864	0.01037	0.00604	0.00802	0.00234	0.01141	0.00787	0.00346	0.00925
10	0.01015	0.00677	0.00761	0.00761	0.00761	0.00677	0.00423	0.01015	0.01015	0.01353	0.02199	0.04567	0.02537	0.75476	0.03552	0.00677	0.00677	0.01015	0.00423	0.00423
11	0.01542	0.01302	0.01543	0.05673	0.01896	0.01075	0.00940	0.07504	0.01601	0.02425	0.01278	0.01493	0.01040	0.00556	0.00544	0.00121	0.00564	0.00445	0.00431	0.68027
12	0.02489	0.01873	0.02002	0.01572	0.02102	0.02088	0.01287	0.57179	0.15164	0.04134	0.01883	0.01841	0.01355	0.00857	0.00700	0.00214	0.00729	0.00657	0.00700	0.01172
13	0.01278	0.01164	0.01937	0.40967	0.03446	0.01297	0.08095	0.01671	0.01414	0.01878	0.01781	0.08460	0.01659	0.03879	0.04342	0.00294	0.00883	0.07406	0.00391	0.07757
14	0.02263	0.06313	0.02230	0.06023	0.04337	0.16843	0.08631	0.21902	0.04797	0.10718	0.03312	0.01919	0.01368	0.03526	0.02504	0.00244	0.00911	0.00643	0.00535	0.00979
15	0.02596	0.06156	0.06018	0.01370	0.01914	0.01359	0.03537	0.14432	0.02140	0.41936	0.09163	0.02388	0.01996	0.00877	0.00699	0.00212	0.00654	0.00718	0.00738	0.01098
16	0.01005	0.00716	0.00960	0.00960	0.01029	0.00785	0.00671	0.01143	0.01074	0.01501	0.02017	0.03557	0.02099	0.36639	0.41789	0.00923	0.01336	0.00867	0.00396	0.00534
17	0.01909	0.51222	0.13399	0.01441	0.02100	0.02465	0.04040	0.12248	0.01718	0.02167	0.01136	0.01285	0.00944	0.00643	0.00532	0.00172	0.00808	0.00450	0.00361	0.00961
18	0.02488	0.04586	0.02101	0.04216	0.05396	0.28866	0.04935	0.08309	0.04542	0.20567	0.01660	0.01729	0.01210	0.00791	0.00771	0.00207	0.05541	0.00586	0.00527	0.00972
19	0.05591	0.01274	0.01629	0.01271	0.01796	0.01185	0.01044	0.07937	0.07944	0.58651	0.02625	0.02304	0.01692	0.00862	0.00693	0.00217	0.00600	0.00693	0.00824	0.01166
20	0.03998	0.00742	0.00883	0.00899	0.01043	0.00696	0.00633	0.01296	0.01414	0.08151	0.07840	0.25802	0.17252	0.20617	0.01525	0.00364	0.00495	0.05134	0.00609	0.00607
21	0.04020	0.01330	0.02245	0.58424	0.14371	0.01575	0.04523	0.01862	0.01427	0.01918	0.01249	0.01818	0.00955	0.00681	0.00693	0.00228	0.00912	0.00620	0.00321	0.00829
22	0.01871	0.01554	0.10149	0.01308	0.01732	0.06869	0.01153	0.02529	0.14449	0.20634	0.20599	0.05884	0.03130	0.01089	0.00744	0.00226	0.00619	0.03847	0.00681	0.00934
23	0.05741	0.00728	0.00782	0.00798	0.00997	0.00656	0.00587	0.01110	0.01577	0.02085	0.16107	0.19309	0.43642	0.01726	0.00813	0.00241	0.00371	0.01471	0.00654	0.00606
24	0.16256	0.01402	0.01525	0.11957	0.02085	0.07538	0.01103	0.06995	0.06126	0.21977	0.13738	0.02434	0.02189	0.00888	0.00667	0.00217	0.00656	0.00706	0.00622	0.00919
25	0.06161	0.01400	0.02301	0.43977	0.28925	0.01591	0.01943	0.01930	0.01454	0.02045	0.01251	0.01768	0.00984	0.00667	0.00679	0.00222	0.00870	0.00606	0.00330	0.00895
26	0.01614	0.01513	0.02503	0.12355	0.53709	0.01561	0.01918	0.02066	0.04512	0.02165	0.01450	0.02034	0.01256	0.07296	0.00947	0.00253	0.00816	0.00664	0.00364	0.01004
27	0.63980	0.05369	0.01333	0.01041	0.01502	0.01723	0.00869	0.12604	0.01531	0.03253	0.01083	0.01219	0.00831	0.00675	0.00475	0.00211	0.00587	0.00417	0.00467	0.00831

[dist]
# distance from previous block
# <min> <max>
0	2

[block]
# block no. 5 follows, 30 sequences, length 8
# corresponding to MSA columns:
# 172-179
name=unknown_F
#
# <colnr> <probs for GDERKNQSTAVLIFYWHMCP>
#	G	D	E	R	K	N	Q	S	T	A	V	L	I	F	Y	W	H	M	C	P
0	0.09847	0.01316	0.02168	0.49982	0.08267	0.01534	0.08876	0.01840	0.01391	0.01984	0.01287	0.01926	0.01025	0.04802	0.00840	0.00254	0.00894	0.00638	0.00336	0.00792
1	0.08457	0.00766	0.00915	0.00990	0.01118	0.00759	0.00707	0.04424	0.01506	0.02161	0.10756	0.51478	0.06922	0.01867	0.00831	0.00266	0.00435	0.04370	0.00643	0.00629
2	0.01049	0.00790	0.01082	0.01056	0.01125	0.00913	0.00770	0.01202	0.01079	0.01531	0.01903	0.03282	0.01953	0.29722	0.42167	0.00894	0.07704	0.00830	0.00385	0.00564
3	0.01485	0.01475	0.02193	0.57578	0.14372	0.07456	0.01919	0.01919	0.01472	0.01850	0.01238	0.01791	0.00953	0.00688	0.00691	0.00224	0.00942	0.00606	0.00319	0.00827
4	0.00917	0.00655	0.00887	0.01048	0.01118	0.00625	0.00764	0.01088	0.01402	0.01856	0.03809	0.58605	0.04469	0.02123	0.00909	0.00293	0.00463	0.17737	0.00647	0.00585
5	0.01655	0.15969	0.40067	0.01866	0.02688	0.01900	0.09159	0.08588	0.07316	0.02376	0.01390	0.01567	0.01036	0.00683	0.00649	0.00210	0.00932	0.00556	0.00374	0.01018
6	0.01435	0.01360	0.02116	0.45609	0.18708	0.04482	0.01846	0.01857	0.01491	0.01930	0.01587	0.02632	0.01391	0.00851	0.00730	0.00237	0.00882	0.09658	0.00366	0.00830
7	0.02125	0.01017	0.01317	0.01114	0.01482	0.00933	0.00879	0.02548	0.08291	0.37665	0.18930	0.11083	0.07171	0.01196	0.00758	0.00227	0.00494	0.01022	0.00792	0.00956

[dist]
# distance from previous block
# <min> <max>
0	1

[block]
# block no. 6 follows, 30 sequences, length 47
# corresponding to MSA columns:
# 181-227
name=unknown_G
#
# <colnr> <probs for GDERKNQSTAVLIFYWHMCP>
#	G	D	E	R	K	N	Q	S	T	A	V	L	I	F	Y	W	H	M	C	P
0	0.05770	0.47885	0.07349	0.06329	0.02080	0.06606	0.01303	0.02314	0.05614	0.07188	0.01262	0.01388	0.01029	0.00660	0.00524	0.00175	0.00775	0.00454	0.00377	0.00919
1	0.01433	0.01319	0.02185	0.54003	0.06396	0.01545	0.06417	0.01926	0.03735	0.03695	0.01333	0.01852	0.01013	0.00711	0.00765	0.00226	0.04165	0.00627	0.00349	0.06305
2	0.02346	0.01981	0.09201	0.05005	0.02497	0.01915	0.09789	0.41412	0.02590	0.10583	0.01660	0.01755	0.01174	0.00802	0.00778	0.00220	0.03943	0.00648	0.00598	0.01105
3	0.01584	0.08722	0.07587	0.02427	0.05134	0.03745	0.42718	0.02061	0.01571	0.02089	0.01815	0.05175	0.06020	0.00786	0.00860	0.00230	0.05382	0.00828	0.00374	0.00893
4	0.01212	0.00606	0.00909	0.00909	0.00909	0.00606	0.00606	0.00909	0.00909	0.01212	0.01212	0.02121	0.01212	0.02424	0.02727	0.79697	0.00606	0.00606	0.00303	0.00303
5	0.01818	0.68543	0.10594	0.01275	0.01916	0.02645	0.01335	0.02102	0.01424	0.01700	0.00999	0.01155	0.00894	0.00604	0.00470	0.00157	0.00775	0.00388	0.00298	0.00909
6	0.01388	0.04375	0.01335	0.01108	0.01454	0.06063	0.00857	0.04970	0.14830	0.02224	0.03435	0.13720	0.19450	0.01454	0.04734	0.00258	0.00615	0.01011	0.00566	0.16155
7	0.00910	0.00706	0.00860	0.00881	0.01026	0.00657	0.00641	0.01119	0.01623	0.02148	0.26916	0.26728	0.27253	0.01764	0.00893	0.00247	0.02811	0.01529	0.00676	0.00611
8	0.01456	0.01180	0.01542	0.05746	0.07385	0.01178	0.03003	0.04263	0.16349	0.04760	0.12057	0.03808	0.08432	0.01114	0.00745	0.00222	0.00585	0.11604	0.00594	0.13978
9	0.01578	0.01398	0.01627	0.08362	0.02038	0.03950	0.01048	0.06516	0.03843	0.02333	0.01296	0.01540	0.01057	0.00627	0.00678	0.00144	0.05571	0.00476	0.00424	0.55496
10	0.01012	0.00765	0.01132	0.01123	0.01239	0.00897	0.00868	0.01247	0.01115	0.01609	0.01859	0.02797	0.01760	0.08507	0.67481	0.01078	0.03763	0.00757	0.00374	0.00617
11	0.02036	0.46482	0.10537	0.01460	0.02033	0.23439	0.01390	0.02310	0.01590	0.01723	0.01033	0.01199	0.00895	0.00640	0.00525	0.00166	0.00929	0.00411	0.00316	0.00884
12	0.80405	0.01350	0.01026	0.00918	0.01350	0.01565	0.00756	0.02051	0.01188	0.03131	0.00972	0.01134	0.00756	0.00648	0.00432	0.00216	0.00540	0.00378	0.00432	0.00756
13	0.01653	0.01582	0.02698	0.16926	0.59062	0.01638	0.02105	0.02076	0.01554	0.02189	0.01299	0.01751	0.01074	0.00636	0.00692	0.00212	0.00847	0.00621	0.00339	0.01045
14	0.01783	0.01291	0.01462	0.01298	0.01663	0.01422	0.01015	0.03157	0.45688	0.12802	0.12041	0.02937	0.02652	0.01313	0.05980	0.00296	0.00624	0.00838	0.00716	0.01020
15	0.00901	0.00696	0.00822	0.00819	0.00997	0.00617	0.00603	0.01139	0.01729	0.02280	0.35153	0.15263	0.33126	0.01671	0.00833	0.00235	0.00350	0.01447	0.00702	0.00617
16	0.01172	0.00692	0.00923	0.00999	0.01110	0.00636	0.00693	0.01317	0.01438	0.11348	0.05903	0.60461	0.04220	0.04342	0.00948	0.00285	0.00437	0.01753	0.00674	0.00650
17	0.00852	0.00633	0.00784	0.00901	0.00985	0.00577	0.00611	0.00980	0.01380	0.01786	0.04517	0.56106	0.19811	0.05362	0.00994	0.00290	0.00405	0.01823	0.00638	0.00566
18	0.01546	0.01838	0.08204	0.02520	0.03076	0.01720	0.46944	0.02042	0.01527	0.02128	0.03260	0.06089	0.01371	0.00815	0.01065	0.00249	0.13506	0.00844	0.00369	0.00888
19	0.72030	0.06603	0.01244	0.00970	0.01411	0.04316	0.00808	0.02082	0.01233	0.02974	0.00976	0.01137	0.00771	0.00647	0.00440	0.00210	0.00581	0.00380	0.00420	0.00767
20	0.00870	0.00687	0.00790	0.00844	0.01012	0.00606	0.00623	0.01056	0.01552	0.01951	0.11376	0.26214	0.40953	0.01871	0.00855	0.00255	0.00389	0.06847	0.00658	0.00593
21	0.01514	0.01251	0.01483	0.01076	0.01666	0.00986	0.00864	0.01816	0.01451	0.04863	0.01283	0.01485	0.01055	0.00560	0.00600	0.00116	0.03692	0.00433	0.00426	0.73379
22	0.01294	0.01244	0.03820	0.57376	0.04051	0.01399	0.01707	0.01727	0.01431	0.01897	0.06590	0.02176	0.01432	0.03619	0.00801	0.00238	0.00843	0.00664	0.00358	0.07335
23	0.02392	0.02833	0.01866	0.01678	0.02045	0.54162	0.01273	0.07563	0.10391	0.02056	0.01585	0.01700	0.03718	0.00919	0.02636	0.00217	0.01119	0.00551	0.00438	0.00859
24	0.02967	0.01151	0.01567	0.01214	0.01725	0.00997	0.00997	0.03241	0.01996	0.66333	0.07965	0.02593	0.02100	0.00907	0.00711	0.00216	0.00574	0.00745	0.00856	0.01147
25	0.01428	0.01222	0.01526	0.01344	0.01614	0.08429	0.09936	0.06450	0.01742	0.06456	0.12587	0.30654	0.10760	0.01488	0.00812	0.00243	0.00620	0.01335	0.00611	0.00741
26	0.01620	0.01147	0.01613	0.01305	0.01688	0.01083	0.08427	0.02053	0.07991	0.14121	0.06355	0.05435	0.06219	0.09728	0.05392	0.00313	0.03858	0.02998	0.00557	0.18097
27	0.01787	0.27269	0.39019	0.01638	0.02447	0.04672	0.01905	0.02321	0.01531	0.09480	0.01314	0.01445	0.00979	0.00665	0.00595	0.00195	0.00899	0.00486	0.00360	0.00995
28	0.01866	0.75896	0.03657	0.01194	0.01791	0.02761	0.01194	0.02090	0.01418	0.01642	0.00970	0.01119	0.00896	0.00597	0.00448	0.00149	0.00746	0.00373	0.00299	0.00896
29	0.00932	0.00711	0.00856	0.00820	0.01009	0.00635	0.00615	0.01210	0.01845	0.02489	0.49178	0.05722	0.28354	0.01542	0.00824	0.00225	0.00337	0.01333	0.00727	0.00635
30	0.01586	0.23200	0.47475	0.01697	0.02556	0.01871	0.02060	0.02195	0.01500	0.05064	0.03861	0.01556	0.01138	0.00682	0.00612	0.00201	0.00908	0.00513	0.00338	0.00987
31	0.01343	0.01286	0.02215	0.67771	0.04663	0.01578	0.05901	0.01807	0.01402	0.01807	0.01242	0.01853	0.00938	0.00704	0.00745	0.00235	0.02781	0.00632	0.00313	0.00785
32	0.01030	0.00736	0.00813	0.00809	0.00874	0.00734	0.00497	0.01202	0.05997	0.01563	0.03052	0.07897	0.12901	0.55804	0.02820	0.00561	0.00607	0.01111	0.00487	0.00503
33	0.00874	0.00633	0.00828	0.00955	0.01027	0.00587	0.00659	0.01029	0.01433	0.01910	0.11274	0.60166	0.09405	0.02065	0.00882	0.00275	0.00402	0.04354	0.00661	0.00581
34	0.02630	0.01819	0.01992	0.01538	0.02077	0.01980	0.01266	0.57815	0.04742	0.11738	0.04021	0.01888	0.01442	0.00862	0.00703	0.00211	0.00729	0.00661	0.00719	0.01168
35	0.75723	0.05793	0.01182	0.00934	0.01376	0.01637	0.00782	0.02054	0.01201	0.03042	0.00972	0.01133	0.00764	0.00645	0.00433	0.00212	0.00552	0.00378	0.00424	0.00764
36	0.01286	0.00697	0.00740	0.00734	0.00902	0.00720	0.00555	0.01673	0.04322	0.02509	0.02256	0.02617	0.01798	0.01295	0.08279	0.00269	0.00501	0.00667	0.67511	0.00667
37	0.01502	0.11052	0.27762	0.01812	0.02432	0.06872	0.12571	0.01976	0.01480	0.02003	0.01649	0.13980	0.01557	0.00939	0.00807	0.00223	0.05993	0.00796	0.00375	0.04219
38	0.01076	0.00863	0.01341	0.01241	0.01382	0.00983	0.05555	0.01309	0.01140	0.01630	0.01825	0.02857	0.01755	0.14202	0.54135	0.00951	0.05971	0.00781	0.00375	0.00626
39	0.01730	0.54230	0.11778	0.01326	0.01900	0.04730	0.01348	0.02026	0.01401	0.01714	0.01101	0.01351	0.00984	0.01116	0.08121	0.00266	0.03252	0.00440	0.00308	0.00877
40	0.14585	0.01461	0.01631	0.01267	0.01803	0.01457	0.01038	0.21944	0.05408	0.24974	0.01881	0.01814	0.01307	0.00761	0.00624	0.00194	0.00620	0.00580	0.00656	0.15996
41	0.13166	0.01802	0.01881	0.01483	0.01999	0.02011	0.01218	0.53000	0.07552	0.04034	0.01666	0.01700	0.01211	0.00959	0.02954	0.00241	0.00757	0.00609	0.00652	0.01104
42	0.02668	0.01916	0.02031	0.01573	0.02118	0.04395	0.01293	0.58669	0.05082	0.10442	0.01789	0.01753	0.01255	0.00839	0.00696	0.00210	0.00762	0.00634	0.00702	0.01172
43	0.00853	0.00692	0.00757	0.00774	0.00969	0.00596	0.00568	0.01044	0.01609	0.02007	0.16167	0.17204	0.50762	0.01782	0.00835	0.00241	0.00358	0.01521	0.00666	0.00596
44	0.01816	0.04112	0.11686	0.06644	0.10821	0.14003	0.33570	0.04785	0.01718	0.02187	0.01313	0.01679	0.01009	0.00639	0.00735	0.00218	0.01094	0.00669	0.00355	0.00947
45	0.00990	0.00730	0.00905	0.00987	0.01110	0.00703	0.00741	0.01231	0.03749	0.01899	0.06982	0.24552	0.16822	0.14725	0.01354	0.00349	0.00513	0.20455	0.00614	0.00590
46	0.01157	0.00813	0.00954	0.00939	0.01030	0.00834	0.00632	0.06710	0.03643	0.01864	0.06584	0.14127	0.03025	0.44597	0.04730	0.00530	0.00658	0.06088	0.00521	0.00565

[dist]
# distance from previous block
# <min> <max>
2	8

[block]
# block no. 7 follows, 30 sequences, length 39
# corresponding to MSA columns:
# 236-274
name=unknown_H
#
# <colnr> <probs for GDERKNQSTAVLIFYWHMCP>
#	G	D	E	R	K	N	Q	S	T	A	V	L	I	F	Y	W	H	M	C	P
0	0.09878	0.01555	0.02005	0.12183	0.07602	0.05153	0.08006	0.10867	0.05120	0.09645	0.01517	0.01711	0.01136	0.00680	0.00636	0.00190	0.00749	0.00574	0.00484	0.20308
1	0.14293	0.13869	0.20702	0.02844	0.02048	0.05119	0.01416	0.05399	0.05774	0.02461	0.09260	0.01866	0.01631	0.00750	0.00597	0.00194	0.00733	0.00566	0.00434	0.10045
2	0.01642	0.01294	0.01503	0.01110	0.01690	0.01067	0.00888	0.09952	0.01690	0.05716	0.01491	0.05125	0.01260	0.00654	0.00566	0.00130	0.00545	0.00530	0.00480	0.62666
3	0.01465	0.01044	0.01278	0.01341	0.08387	0.01025	0.00920	0.02081	0.16417	0.11733	0.11066	0.04542	0.27352	0.04272	0.00885	0.00250	0.00501	0.03942	0.00663	0.00837
4	0.01428	0.01353	0.02293	0.55033	0.22708	0.01579	0.01993	0.01880	0.01448	0.01917	0.01260	0.01824	0.00978	0.00677	0.00696	0.00226	0.00903	0.00621	0.00320	0.00864
5	0.01153	0.00792	0.01051	0.01119	0.01276	0.00782	0.00903	0.01479	0.05173	0.04168	0.15349	0.13611	0.06474	0.04754	0.01128	0.05660	0.00544	0.33295	0.00644	0.00644
6	0.02831	0.01176	0.01559	0.01228	0.01724	0.01059	0.01003	0.03257	0.08038	0.59852	0.08333	0.02628	0.02161	0.00917	0.00712	0.00218	0.00568	0.00755	0.00842	0.01137
7	0.01291	0.01059	0.01209	0.03724	0.01511	0.01156	0.00897	0.02284	0.33067	0.02302	0.03440	0.28276	0.08174	0.05377	0.00937	0.00278	0.00508	0.03039	0.00653	0.00819
8	0.01039	0.00726	0.00941	0.00880	0.01058	0.00665	0.00663	0.01359	0.01959	0.04622	0.66120	0.05202	0.09270	0.01426	0.00820	0.00220	0.00337	0.01256	0.00765	0.00670
9	0.01409	0.01757	0.13343	0.41226	0.05744	0.03216	0.13564	0.01917	0.01459	0.01938	0.01398	0.05572	0.01140	0.00761	0.00760	0.00234	0.02679	0.00706	0.00335	0.00843
10	0.01043	0.00674	0.00750	0.00750	0.00766	0.00674	0.00429	0.01075	0.01059	0.01476	0.02206	0.04373	0.02463	0.68115	0.03250	0.00626	0.00642	0.00979	0.08204	0.00445
11	0.01482	0.01346	0.01596	0.05015	0.01831	0.03779	0.01050	0.01930	0.08359	0.02201	0.05803	0.03689	0.01554	0.00812	0.00919	0.00177	0.14704	0.00595	0.00444	0.42716
12	0.02538	0.01898	0.02030	0.01582	0.02120	0.02110	0.01299	0.60649	0.11615	0.04213	0.01821	0.01792	0.01305	0.00851	0.00700	0.00213	0.00741	0.00648	0.00700	0.01176
13	0.01649	0.01578	0.03011	0.19202	0.03433	0.01569	0.35761	0.02127	0.01560	0.07307	0.01425	0.01840	0.01068	0.00656	0.00817	0.00220	0.04570	0.00703	0.00387	0.11118
14	0.01724	0.01228	0.01344	0.01188	0.01564	0.01296	0.00930	0.04393	0.37280	0.14017	0.04025	0.03737	0.21967	0.01168	0.00742	0.00232	0.00507	0.00969	0.00717	0.00971
15	0.01700	0.01793	0.10716	0.02372	0.06468	0.01493	0.37629	0.04477	0.01672	0.09844	0.01918	0.13067	0.01664	0.00882	0.00791	0.00237	0.00946	0.00936	0.00459	0.00938
16	0.03131	0.01188	0.01619	0.01242	0.01781	0.01026	0.01026	0.03401	0.01997	0.71606	0.02753	0.02375	0.01727	0.00864	0.00702	0.00216	0.00594	0.00702	0.00864	0.01188
17	0.01329	0.00946	0.01315	0.06821	0.04283	0.00974	0.01197	0.01792	0.07207	0.06539	0.03397	0.06381	0.05427	0.01635	0.00892	0.00294	0.00652	0.47553	0.00626	0.00740
18	0.02254	0.04423	0.01968	0.01716	0.02001	0.47687	0.01325	0.06603	0.01825	0.01877	0.01290	0.06862	0.01199	0.00929	0.00966	0.00213	0.15058	0.00605	0.00391	0.00808
19	0.03020	0.01163	0.01584	0.01223	0.01743	0.01007	0.01007	0.03293	0.01996	0.68038	0.06280	0.02522	0.01979	0.00893	0.00708	0.00216	0.00580	0.00731	0.00859	0.01160
20	0.01042	0.00700	0.00864	0.00872	0.00932	0.00726	0.00586	0.01162	0.01156	0.01631	0.05033	0.04208	0.02548	0.45007	0.18885	0.00692	0.00903	0.05074	0.07467	0.00513
21	0.00853	0.00699	0.00756	0.00788	0.00988	0.00602	0.00589	0.01036	0.01568	0.01915	0.08607	0.16560	0.54848	0.01826	0.00843	0.00247	0.00378	0.05652	0.00652	0.00592
22	0.01903	0.01388	0.01627	0.08068	0.03853	0.01526	0.01160	0.08962	0.38105	0.13437	0.05767	0.02769	0.06392	0.00966	0.00718	0.00229	0.00598	0.00805	0.00685	0.01042
23	0.01710	0.01618	0.02627	0.06935	0.58631	0.01664	0.01989	0.02343	0.11022	0.02346	0.01521	0.01854	0.01239	0.00670	0.00694	0.00212	0.00795	0.00645	0.00394	0.01091
24	0.02473	0.03130	0.01882	0.01716	0.02066	0.67271	0.01287	0.02653	0.01949	0.01721	0.01528	0.01668	0.06142	0.00798	0.00644	0.00184	0.01191	0.00526	0.00381	0.00793
25	0.16785	0.01325	0.02038	0.50734	0.09399	0.01572	0.04808	0.01885	0.01382	0.02107	0.01202	0.01709	0.00916	0.00677	0.00651	0.00227	0.00857	0.00582	0.00339	0.00806
26	0.42319	0.01700	0.01522	0.01568	0.10226	0.11652	0.01091	0.04236	0.12014	0.05630	0.01408	0.01516	0.01082	0.00715	0.00553	0.00213	0.00687	0.00501	0.00478	0.00889
27	0.01003	0.00686	0.00800	0.00798	0.00828	0.00690	0.00481	0.01048	0.01092	0.01463	0.05148	0.04523	0.05972	0.62177	0.09927	0.00679	0.00761	0.01022	0.00443	0.00460
28	0.01229	0.00650	0.00677	0.00692	0.00844	0.00640	0.00510	0.01528	0.01470	0.02498	0.04567	0.10170	0.04739	0.01005	0.00551	0.00179	0.00334	0.00833	0.66245	0.00640
29	0.01009	0.00778	0.01136	0.01148	0.01264	0.00745	0.06204	0.04216	0.01431	0.01912	0.03443	0.61202	0.04035	0.06635	0.01045	0.00301	0.00502	0.01765	0.00612	0.00617
30	0.02607	0.03326	0.01978	0.01798	0.02157	0.72674	0.01348	0.02787	0.01978	0.01708	0.01079	0.01258	0.00899	0.00719	0.00629	0.00180	0.01258	0.00449	0.00360	0.00809
31	0.05900	0.05663	0.02181	0.01814	0.02230	0.55394	0.06770	0.08176	0.02004	0.02034	0.01147	0.01333	0.00929	0.00711	0.00635	0.00187	0.01161	0.00489	0.00388	0.00852
32	0.01542	0.01757	0.06414	0.23962	0.07086	0.01690	0.42880	0.02096	0.01562	0.02102	0.01349	0.01851	0.01015	0.00625	0.00773	0.00233	0.01081	0.00740	0.00337	0.00904
33	0.00877	0.00702	0.00785	0.00778	0.00979	0.00609	0.00578	0.01098	0.01694	0.02164	0.26801	0.10866	0.46230	0.01689	0.00829	0.00234	0.00349	0.01441	0.00686	0.00609
34	0.01736	0.01244	0.01418	0.01271	0.01577	0.01327	0.00973	0.23970	0.13972	0.06921	0.05219	0.31584	0.02953	0.01423	0.00782	0.00245	0.00559	0.01229	0.00692	0.00904
35	0.01216	0.00765	0.00995	0.00975	0.01172	0.00701	0.00754	0.01487	0.01778	0.10401	0.34739	0.16012	0.13261	0.01594	0.00841	0.00246	0.00422	0.11219	0.00727	0.00695
36	0.01530	0.01621	0.02827	0.39655	0.04061	0.06163	0.26196	0.02006	0.01507	0.01938	0.01276	0.01813	0.00974	0.00686	0.00822	0.00234	0.04840	0.00683	0.00329	0.00837
37	0.01020	0.06329	0.01103	0.00910	0.01088	0.00795	0.00690	0.01294	0.01795	0.02476	0.49827	0.17984	0.09055	0.01523	0.00808	0.00227	0.00376	0.01341	0.00704	0.00656
38	0.00894	0.00659	0.00853	0.00965	0.01057	0.00595	0.00656	0.01032	0.01355	0.01823	0.03783	0.66707	0.07060	0.02044	0.00860	0.00268	0.00411	0.01845	0.00630	0.06503

[dist]
# distance from previous block
# <min> <max>
0	10

# created by:
# /st0/software/busco_prod/Augustus/scripts/msa2prfl.pl ./align_prep/130739.fa
