[name]
unknown

[dist]
# distance from previous block
# <min> <max>
0	43

[block]
# block no. 0 follows, 29 sequences, length 12
# corresponding to MSA columns:
# 44-55
name=unknown_A
#
# <colnr> <probs for GDERKNQSTAVLIFYWHMCP>
#	G	D	E	R	K	N	Q	S	T	A	V	L	I	F	Y	W	H	M	C	P
0	0.01212	0.00909	0.01181	0.01293	0.01480	0.00942	0.01083	0.01785	0.12479	0.02228	0.03649	0.15572	0.03866	0.01839	0.00932	0.00309	0.00610	0.47241	0.00667	0.00722
1	0.01874	0.01596	0.01783	0.01732	0.08049	0.01813	0.01247	0.10790	0.55865	0.03088	0.02626	0.02471	0.01973	0.00924	0.00721	0.00236	0.00613	0.00772	0.00690	0.01136
2	0.01771	0.01530	0.01610	0.01449	0.01852	0.01771	0.01127	0.03784	0.69247	0.02979	0.02898	0.02657	0.02174	0.00966	0.00725	0.00242	0.00564	0.00805	0.00725	0.01127
3	0.01005	0.00770	0.00875	0.00870	0.01027	0.00733	0.00611	0.01327	0.07199	0.02094	0.20049	0.14245	0.26065	0.18245	0.01469	0.00345	0.00453	0.01355	0.00643	0.00620
4	0.02707	0.01995	0.02137	0.01638	0.02208	0.02208	0.01353	0.68159	0.03348	0.04488	0.01710	0.01710	0.01211	0.00855	0.00712	0.00214	0.00784	0.00641	0.00712	0.01211
5	0.01462	0.05107	0.02669	0.31510	0.03547	0.01728	0.19502	0.01870	0.01427	0.01917	0.01462	0.07917	0.01297	0.00903	0.01051	0.00252	0.14409	0.00792	0.00356	0.00823
6	0.01558	0.01558	0.02181	0.01869	0.01869	0.02181	0.01558	0.01714	0.01091	0.01714	0.00935	0.01558	0.00935	0.01246	0.02337	0.00312	0.73672	0.00623	0.00312	0.00779
7	0.01566	0.10691	0.01756	0.01321	0.01525	0.09809	0.01054	0.04217	0.01497	0.03827	0.10217	0.05696	0.02205	0.10405	0.12903	0.00433	0.16768	0.00792	0.02577	0.00741
8	0.01034	0.00697	0.00810	0.00810	0.00821	0.00708	0.00473	0.01057	0.01045	0.01405	0.02213	0.04493	0.02516	0.68732	0.09768	0.00731	0.00799	0.01011	0.00427	0.00450
9	0.54053	0.01527	0.04732	0.01096	0.01518	0.06419	0.00933	0.02087	0.01343	0.05996	0.03763	0.01604	0.01181	0.01299	0.09583	0.00335	0.00795	0.00494	0.00454	0.00789
10	0.14666	0.41660	0.02784	0.01323	0.01856	0.13258	0.01182	0.09512	0.04140	0.02284	0.01155	0.01283	0.00969	0.00676	0.00521	0.00178	0.00804	0.00437	0.00396	0.00917
11	0.07067	0.25370	0.09755	0.01428	0.02011	0.04819	0.01338	0.23477	0.02104	0.07423	0.01643	0.01738	0.03529	0.00998	0.04145	0.00242	0.00839	0.00564	0.00502	0.01007

[dist]
# distance from previous block
# <min> <max>
2	7

[block]
# block no. 1 follows, 29 sequences, length 12
# corresponding to MSA columns:
# 63-74
name=unknown_B
#
# <colnr> <probs for GDERKNQSTAVLIFYWHMCP>
#	G	D	E	R	K	N	Q	S	T	A	V	L	I	F	Y	W	H	M	C	P
0	0.15751	0.04351	0.06495	0.01364	0.01904	0.04007	0.01186	0.18760	0.07634	0.23294	0.04945	0.02008	0.01575	0.00832	0.00655	0.00214	0.00682	0.00632	0.00658	0.03053
1	0.01052	0.00748	0.00847	0.00845	0.00912	0.00746	0.00528	0.01244	0.05878	0.01696	0.08365	0.10488	0.09400	0.51177	0.02718	0.00547	0.00600	0.01165	0.00520	0.00526
2	0.02499	0.01794	0.01915	0.01492	0.02001	0.01976	0.01225	0.58162	0.03069	0.04212	0.01802	0.01852	0.01303	0.00851	0.00680	0.00207	0.00716	0.00644	0.12471	0.01129
3	0.00884	0.00723	0.00780	0.00766	0.00988	0.00619	0.00574	0.01104	0.01723	0.02160	0.23209	0.06463	0.54101	0.01715	0.00841	0.00236	0.00354	0.01448	0.00692	0.00619
4	0.02342	0.01706	0.01948	0.03727	0.02132	0.01873	0.03801	0.39735	0.17367	0.08347	0.02070	0.02056	0.01496	0.00865	0.00703	0.00218	0.00708	0.00691	0.07091	0.01126
5	0.00902	0.00760	0.00787	0.00774	0.01014	0.00663	0.00582	0.01184	0.04800	0.02072	0.13754	0.06494	0.60285	0.01727	0.00836	0.00239	0.00367	0.01447	0.00677	0.00633
6	0.00851	0.00722	0.00735	0.00731	0.00968	0.00605	0.00549	0.01040	0.01646	0.01977	0.10822	0.06765	0.66603	0.01783	0.00841	0.00240	0.00359	0.01490	0.00668	0.00605
7	0.01428	0.03683	0.71286	0.02030	0.03082	0.01654	0.02631	0.02255	0.01503	0.02255	0.01278	0.01503	0.00902	0.00677	0.00677	0.00226	0.01052	0.00526	0.00301	0.01052
8	0.02664	0.03279	0.02028	0.01818	0.02202	0.66371	0.01374	0.08212	0.02127	0.01968	0.01151	0.01319	0.00941	0.00744	0.00648	0.00186	0.01243	0.00474	0.00395	0.00857
9	0.01063	0.00777	0.01039	0.01179	0.01337	0.00753	0.00989	0.01340	0.01598	0.02056	0.04301	0.17256	0.13953	0.01980	0.00952	0.00309	0.00578	0.47246	0.00657	0.00637
10	0.01654	0.01773	0.08361	0.17547	0.52259	0.01667	0.02182	0.02120	0.01573	0.02222	0.01320	0.01767	0.01075	0.00653	0.00704	0.00218	0.00883	0.00625	0.00341	0.01056
11	0.01453	0.03536	0.66240	0.02202	0.08058	0.01657	0.02598	0.02250	0.01512	0.02260	0.01282	0.01522	0.00919	0.00673	0.00679	0.00224	0.01037	0.00534	0.00304	0.01058

[dist]
# distance from previous block
# <min> <max>
0	2

[block]
# block no. 2 follows, 29 sequences, length 77
# corresponding to MSA columns:
# 77-153
name=unknown_C
#
# <colnr> <probs for GDERKNQSTAVLIFYWHMCP>
#	G	D	E	R	K	N	Q	S	T	A	V	L	I	F	Y	W	H	M	C	P
0	0.01555	0.22734	0.53342	0.01814	0.02749	0.01963	0.02256	0.02222	0.01488	0.02101	0.01201	0.01407	0.00905	0.00659	0.00618	0.00206	0.00975	0.00488	0.00302	0.01016
1	0.01017	0.00763	0.01144	0.01144	0.01272	0.00890	0.00890	0.01272	0.01144	0.01653	0.01907	0.02797	0.01780	0.05340	0.72153	0.01144	0.01907	0.00763	0.00381	0.00636
2	0.80005	0.01377	0.01047	0.00936	0.01377	0.01597	0.00771	0.02093	0.01212	0.03195	0.00991	0.01157	0.00771	0.00661	0.00441	0.00220	0.00551	0.00386	0.00441	0.00771
3	0.00892	0.00637	0.00854	0.01019	0.01071	0.00599	0.00703	0.01034	0.01387	0.01845	0.03911	0.68704	0.04656	0.02208	0.00915	0.00293	0.00434	0.07590	0.00661	0.00585
4	0.01034	0.00697	0.00812	0.00812	0.00824	0.00710	0.00476	0.01058	0.01046	0.01407	0.02211	0.04480	0.02511	0.68270	0.10223	0.00734	0.00808	0.01009	0.00427	0.00451
5	0.00995	0.00723	0.00937	0.00893	0.01058	0.00665	0.00666	0.01315	0.01971	0.02772	0.64723	0.08495	0.09102	0.01504	0.00843	0.00228	0.00340	0.01329	0.00774	0.00665
6	0.01237	0.00618	0.00928	0.00928	0.00928	0.00618	0.00618	0.00928	0.00928	0.01237	0.01237	0.02165	0.01237	0.02474	0.02783	0.79283	0.00618	0.00618	0.00309	0.00309
7	0.01477	0.01266	0.01477	0.01055	0.01687	0.00949	0.00844	0.01793	0.01477	0.02320	0.01266	0.01477	0.01055	0.00527	0.00527	0.00105	0.00527	0.00422	0.00422	0.79328
8	0.01434	0.00766	0.00777	0.00739	0.00936	0.00783	0.00564	0.06789	0.01636	0.02796	0.02276	0.02582	0.01778	0.00832	0.00514	0.00170	0.00367	0.00662	0.72895	0.00706
9	0.02724	0.01967	0.02120	0.01625	0.02194	0.02167	0.01343	0.65867	0.03302	0.06846	0.01749	0.01735	0.01231	0.00856	0.00712	0.00214	0.00777	0.00644	0.00718	0.01211
10	0.00939	0.00725	0.00856	0.00823	0.01021	0.00642	0.00617	0.01210	0.01852	0.02468	0.43987	0.05957	0.33131	0.01600	0.00841	0.00231	0.00346	0.01377	0.00733	0.00642
11	0.00903	0.00724	0.00806	0.00785	0.00999	0.00627	0.00589	0.01140	0.01767	0.02265	0.30302	0.06290	0.46943	0.01676	0.00841	0.00234	0.00352	0.01424	0.00706	0.00627
12	0.00868	0.00620	0.00826	0.00991	0.01033	0.00578	0.00661	0.00991	0.01363	0.01818	0.03925	0.74510	0.04710	0.02231	0.00909	0.00289	0.00413	0.02024	0.00661	0.00578
13	0.03195	0.01212	0.01652	0.01267	0.01818	0.01047	0.01047	0.03470	0.02038	0.71026	0.02809	0.02424	0.01763	0.00881	0.00716	0.00220	0.00606	0.00716	0.00881	0.01212
14	0.01428	0.03683	0.71286	0.02030	0.03082	0.01654	0.02631	0.02255	0.01503	0.02255	0.01278	0.01503	0.00902	0.00677	0.00677	0.00226	0.01052	0.00526	0.00301	0.01052
15	0.01017	0.00763	0.01144	0.01144	0.01272	0.00890	0.00890	0.01272	0.01144	0.01653	0.01907	0.02797	0.01780	0.05340	0.72153	0.01144	0.01907	0.00763	0.00381	0.00636
16	0.00983	0.00727	0.00917	0.00870	0.01048	0.00661	0.00652	0.01295	0.01957	0.02715	0.60697	0.05550	0.16267	0.01508	0.00840	0.00226	0.00340	0.01320	0.00765	0.00661
17	0.01237	0.00618	0.00928	0.00928	0.00928	0.00618	0.00618	0.00928	0.00928	0.01237	0.01237	0.02165	0.01237	0.02474	0.02783	0.79283	0.00618	0.00618	0.00309	0.00309
18	0.01681	0.01921	0.04202	0.03001	0.03721	0.01801	0.67947	0.02281	0.01681	0.02281	0.01441	0.01921	0.01080	0.00600	0.00840	0.00240	0.01200	0.00840	0.00360	0.00960
19	0.01663	0.01869	0.03912	0.02839	0.03456	0.01855	0.58440	0.02200	0.01596	0.02200	0.01368	0.01869	0.01060	0.00693	0.01055	0.00250	0.11578	0.00809	0.00353	0.00934
20	0.01486	0.01410	0.02391	0.49943	0.27120	0.01619	0.02048	0.01943	0.01491	0.01991	0.01291	0.01852	0.01010	0.00686	0.00710	0.00229	0.00914	0.00633	0.00329	0.00905
21	0.02054	0.01725	0.07651	0.01513	0.01949	0.01708	0.01296	0.38083	0.02450	0.05465	0.02103	0.16022	0.01909	0.01464	0.06081	0.00304	0.05686	0.00912	0.00622	0.01003
22	0.01345	0.01266	0.02136	0.73264	0.04904	0.01582	0.01978	0.01819	0.01424	0.01819	0.01266	0.01898	0.00949	0.00712	0.00712	0.00237	0.00949	0.00633	0.00316	0.00791
23	0.01035	0.00693	0.00791	0.00791	0.00795	0.00698	0.00449	0.01044	0.01040	0.01391	0.02231	0.04589	0.02558	0.72338	0.06220	0.00708	0.00736	0.01025	0.00430	0.00439
24	0.02217	0.01553	0.01835	0.10079	0.02283	0.01720	0.01279	0.27702	0.18007	0.13817	0.02256	0.07907	0.01761	0.00991	0.00783	0.00233	0.03021	0.00800	0.00677	0.01077
25	0.68265	0.03804	0.03345	0.01054	0.01507	0.04029	0.00900	0.04004	0.01313	0.03067	0.01023	0.01198	0.00801	0.00684	0.00515	0.00220	0.02632	0.00406	0.00434	0.00799
26	0.02710	0.01494	0.01690	0.01342	0.01839	0.05822	0.01090	0.18926	0.04869	0.39495	0.05805	0.02654	0.07031	0.00965	0.00726	0.00219	0.00660	0.00770	0.00780	0.01113
27	0.04696	0.04954	0.01962	0.06435	0.02222	0.17244	0.01284	0.23163	0.17196	0.07557	0.01812	0.01837	0.01346	0.00815	0.00673	0.00208	0.00824	0.00614	0.00586	0.04573
28	0.01078	0.00746	0.00958	0.00894	0.01084	0.00680	0.00674	0.01397	0.01980	0.05436	0.61723	0.05347	0.12379	0.01465	0.00835	0.00225	0.00349	0.01285	0.00776	0.00686
29	0.00971	0.00704	0.00916	0.00911	0.01053	0.00649	0.00665	0.01254	0.01857	0.02593	0.53257	0.20691	0.08532	0.01640	0.00855	0.00239	0.00354	0.01458	0.00752	0.00649
30	0.01428	0.03683	0.71286	0.02030	0.03082	0.01654	0.02631	0.02255	0.01503	0.02255	0.01278	0.01503	0.00902	0.00677	0.00677	0.00226	0.01052	0.00526	0.00301	0.01052
31	0.00868	0.00620	0.00826	0.00991	0.01033	0.00578	0.00661	0.00991	0.01363	0.01818	0.03925	0.74510	0.04710	0.02231	0.00909	0.00289	0.00413	0.02024	0.00661	0.00578
32	0.80005	0.01377	0.01047	0.00936	0.01377	0.01597	0.00771	0.02093	0.01212	0.03195	0.00991	0.01157	0.00771	0.00661	0.00441	0.00220	0.00551	0.00386	0.00441	0.00771
33	0.03195	0.01212	0.01652	0.01267	0.01818	0.01047	0.01047	0.03470	0.02038	0.71026	0.02809	0.02424	0.01763	0.00881	0.00716	0.00220	0.00606	0.00716	0.00881	0.01212
34	0.80005	0.01377	0.01047	0.00936	0.01377	0.01597	0.00771	0.02093	0.01212	0.03195	0.00991	0.01157	0.00771	0.00661	0.00441	0.00220	0.00551	0.00386	0.00441	0.00771
35	0.01771	0.01530	0.01610	0.01449	0.01852	0.01771	0.01127	0.03784	0.69247	0.02979	0.02898	0.02657	0.02174	0.00966	0.00725	0.00242	0.00564	0.00805	0.00725	0.01127
36	0.02516	0.01811	0.01934	0.01504	0.02018	0.01995	0.01235	0.58976	0.03092	0.04235	0.01794	0.01840	0.01296	0.00851	0.00683	0.00207	0.00721	0.00644	0.11514	0.01135
37	0.00868	0.00620	0.00826	0.00991	0.01033	0.00578	0.00661	0.00991	0.01363	0.01818	0.03925	0.74510	0.04710	0.02231	0.00909	0.00289	0.00413	0.02024	0.00661	0.00578
38	0.01477	0.01266	0.01477	0.01055	0.01687	0.00949	0.00844	0.01793	0.01477	0.02320	0.01266	0.01477	0.01055	0.00527	0.00527	0.00105	0.00527	0.00422	0.00422	0.79328
39	0.80005	0.01377	0.01047	0.00936	0.01377	0.01597	0.00771	0.02093	0.01212	0.03195	0.00991	0.01157	0.00771	0.00661	0.00441	0.00220	0.00551	0.00386	0.00441	0.00771
40	0.00868	0.00620	0.00826	0.00991	0.01033	0.00578	0.00661	0.00991	0.01363	0.01818	0.03925	0.74510	0.04710	0.02231	0.00909	0.00289	0.00413	0.02024	0.00661	0.00578
41	0.01123	0.00783	0.01001	0.00929	0.01125	0.00734	0.00702	0.01526	0.05030	0.05528	0.62126	0.05141	0.08672	0.01424	0.00830	0.00225	0.00358	0.01251	0.00780	0.00711
42	0.03195	0.01212	0.01652	0.01267	0.01818	0.01047	0.01047	0.03470	0.02038	0.71026	0.02809	0.02424	0.01763	0.00881	0.00716	0.00220	0.00606	0.00716	0.00881	0.01212
43	0.03195	0.01212	0.01652	0.01267	0.01818	0.01047	0.01047	0.03470	0.02038	0.71026	0.02809	0.02424	0.01763	0.00881	0.00716	0.00220	0.00606	0.00716	0.00881	0.01212
44	0.01809	0.01652	0.02803	0.07129	0.64678	0.01658	0.02125	0.02228	0.01632	0.05399	0.01402	0.01798	0.01149	0.00649	0.00706	0.00213	0.00839	0.00638	0.00375	0.01118
45	0.01055	0.00718	0.00945	0.00936	0.01085	0.00661	0.00684	0.01332	0.01840	0.05230	0.49664	0.23875	0.05984	0.01642	0.00854	0.00241	0.00367	0.01464	0.00754	0.00668
46	0.80005	0.01377	0.01047	0.00936	0.01377	0.01597	0.00771	0.02093	0.01212	0.03195	0.00991	0.01157	0.00771	0.00661	0.00441	0.00220	0.00551	0.00386	0.00441	0.00771
47	0.02988	0.01394	0.01738	0.01339	0.01879	0.01335	0.01104	0.20380	0.02359	0.50679	0.02500	0.02246	0.01620	0.00872	0.00706	0.00216	0.00641	0.00694	0.04120	0.01189
48	0.02078	0.32587	0.05329	0.03807	0.02082	0.28146	0.01370	0.02305	0.01603	0.01722	0.01083	0.01392	0.00970	0.03052	0.00866	0.00205	0.09746	0.00472	0.00333	0.00851
49	0.01008	0.00728	0.00952	0.00896	0.01064	0.00672	0.00672	0.01344	0.02016	0.02855	0.70158	0.05319	0.06719	0.01456	0.00840	0.00224	0.00336	0.01288	0.00784	0.00672
50	0.01707	0.01474	0.01549	0.01399	0.01790	0.01690	0.01087	0.03593	0.64582	0.02906	0.03196	0.02946	0.06869	0.01024	0.00733	0.00241	0.00550	0.00853	0.00720	0.01091
51	0.00868	0.00620	0.00826	0.00991	0.01033	0.00578	0.00661	0.00991	0.01363	0.01818	0.03925	0.74510	0.04710	0.02231	0.00909	0.00289	0.00413	0.02024	0.00661	0.00578
52	0.01771	0.01530	0.01610	0.01449	0.01852	0.01771	0.01127	0.03784	0.69247	0.02979	0.02898	0.02657	0.02174	0.00966	0.00725	0.00242	0.00564	0.00805	0.00725	0.01127
53	0.01904	0.75404	0.03731	0.01218	0.01828	0.02818	0.01218	0.02132	0.01447	0.01675	0.00990	0.01142	0.00914	0.00609	0.00457	0.00152	0.00761	0.00381	0.00305	0.00914
54	0.01968	0.60537	0.05852	0.01295	0.01878	0.09082	0.01257	0.02220	0.01545	0.04214	0.03769	0.01377	0.01170	0.00666	0.00506	0.00163	0.00799	0.00441	0.00349	0.00912
55	0.02759	0.01702	0.01934	0.01500	0.02039	0.01794	0.01231	0.46234	0.02874	0.23579	0.02134	0.05427	0.01539	0.00929	0.00723	0.00219	0.00714	0.00729	0.00759	0.01181
56	0.05703	0.05057	0.02024	0.01736	0.04749	0.31495	0.01316	0.22870	0.10663	0.02855	0.03728	0.01722	0.01351	0.00811	0.00668	0.00203	0.00944	0.00585	0.00531	0.00989
57	0.01462	0.01359	0.02250	0.59967	0.14760	0.01624	0.01984	0.04504	0.01530	0.02002	0.01294	0.01870	0.00987	0.00706	0.00711	0.00232	0.00927	0.00633	0.00338	0.00859
58	0.01426	0.01052	0.01246	0.01116	0.01418	0.01001	0.00841	0.12809	0.04260	0.04734	0.12564	0.30598	0.05725	0.01446	0.00775	0.00225	0.00497	0.01263	0.00649	0.16354
59	0.01440	0.03598	0.68050	0.02076	0.03113	0.01661	0.05781	0.02256	0.01512	0.02256	0.01286	0.01523	0.00911	0.00673	0.00684	0.00226	0.01059	0.00541	0.00304	0.01048
60	0.01008	0.00728	0.00952	0.00896	0.01064	0.00672	0.00672	0.01344	0.02016	0.02855	0.70158	0.05319	0.06719	0.01456	0.00840	0.00224	0.00336	0.01288	0.00784	0.00672
61	0.00868	0.00620	0.00826	0.00991	0.01033	0.00578	0.00661	0.00991	0.01363	0.01818	0.03925	0.74510	0.04710	0.02231	0.00909	0.00289	0.00413	0.02024	0.00661	0.00578
62	0.01951	0.40030	0.12426	0.01469	0.04322	0.02184	0.01396	0.04869	0.09886	0.09872	0.01742	0.01780	0.03806	0.00748	0.00582	0.00189	0.00749	0.00551	0.00450	0.00999
63	0.02449	0.02977	0.02055	0.01833	0.02137	0.55531	0.01410	0.05478	0.01897	0.01857	0.01095	0.01356	0.00933	0.00838	0.00973	0.00210	0.15268	0.00498	0.00371	0.00833
64	0.01100	0.00804	0.01081	0.01220	0.01396	0.00786	0.01053	0.01405	0.01637	0.02099	0.04304	0.07849	0.14355	0.01942	0.00962	0.00314	0.00610	0.55779	0.00657	0.00647
65	0.05254	0.01364	0.02178	0.55267	0.14219	0.01623	0.01905	0.03909	0.03624	0.02076	0.01328	0.01861	0.01013	0.00710	0.00698	0.00232	0.00898	0.00627	0.00352	0.00863
66	0.04061	0.01420	0.02313	0.48450	0.17524	0.01645	0.04694	0.04427	0.04592	0.02133	0.01368	0.01876	0.01049	0.00707	0.00708	0.00231	0.00903	0.00642	0.00362	0.00895
67	0.01127	0.00951	0.01571	0.01310	0.01576	0.00883	0.13687	0.01499	0.01902	0.02666	0.51886	0.09861	0.05477	0.01348	0.00845	0.00232	0.00509	0.01257	0.00693	0.00721
68	0.01420	0.00785	0.00804	0.00764	0.00965	0.00798	0.00582	0.07620	0.01662	0.02768	0.02495	0.04911	0.04352	0.00910	0.00542	0.00177	0.00376	0.00734	0.66628	0.00708
69	0.01678	0.34317	0.30168	0.05113	0.02545	0.05207	0.04613	0.02169	0.01491	0.01939	0.01177	0.01426	0.00952	0.00833	0.03421	0.00230	0.00972	0.00488	0.00312	0.00950
70	0.00876	0.00631	0.00833	0.00991	0.01045	0.00588	0.00672	0.01009	0.01384	0.01833	0.04063	0.69293	0.07552	0.02203	0.00908	0.00288	0.00419	0.04169	0.00661	0.00582
71	0.02660	0.03394	0.02018	0.01834	0.02201	0.72116	0.01376	0.02843	0.02018	0.01743	0.01101	0.01284	0.00917	0.00734	0.00642	0.00183	0.01284	0.00459	0.00367	0.00825
72	0.02041	0.16942	0.05000	0.02928	0.34763	0.22436	0.01771	0.02369	0.01698	0.02024	0.01198	0.01491	0.01017	0.00660	0.00636	0.00192	0.00963	0.00529	0.00345	0.00995
73	0.00868	0.00643	0.00811	0.00936	0.01020	0.00586	0.00638	0.01010	0.01438	0.01877	0.07016	0.58855	0.17464	0.02119	0.00893	0.00277	0.00400	0.01896	0.00666	0.00586
74	0.02052	0.02457	0.12322	0.02922	0.30702	0.20182	0.04306	0.09772	0.04165	0.02424	0.01365	0.01630	0.01083	0.00701	0.00691	0.00208	0.00987	0.00587	0.00402	0.01041
75	0.01327	0.00664	0.00664	0.00664	0.00830	0.00664	0.00498	0.01659	0.01493	0.02655	0.02323	0.02655	0.01825	0.00830	0.00498	0.00166	0.00332	0.00664	0.78928	0.00664
76	0.02012	0.02669	0.14875	0.08331	0.27124	0.28579	0.01941	0.02421	0.01736	0.02051	0.01231	0.01543	0.00993	0.00686	0.00676	0.00205	0.01059	0.00548	0.00346	0.00973

[dist]
# distance from previous block
# <min> <max>
0	4

[block]
# block no. 3 follows, 29 sequences, length 6
# corresponding to MSA columns:
# 158-163
name=unknown_D
#
# <colnr> <probs for GDERKNQSTAVLIFYWHMCP>
#	G	D	E	R	K	N	Q	S	T	A	V	L	I	F	Y	W	H	M	C	P
0	0.01638	0.01219	0.01371	0.01153	0.01490	0.01257	0.00913	0.27269	0.02463	0.03322	0.32146	0.04193	0.16075	0.01285	0.00791	0.00223	0.00514	0.01075	0.00734	0.00869
1	0.01734	0.01326	0.01603	0.04839	0.01828	0.01477	0.01155	0.27336	0.02223	0.03012	0.10658	0.17768	0.02924	0.01387	0.00980	0.00257	0.08572	0.09403	0.00641	0.00878
2	0.49219	0.01122	0.00920	0.00853	0.01216	0.01210	0.00682	0.01677	0.01372	0.02700	0.03411	0.03372	0.27789	0.01105	0.00597	0.00228	0.00477	0.00820	0.00526	0.00705
3	0.00933	0.00647	0.00807	0.00908	0.00933	0.00622	0.00572	0.01009	0.01236	0.01648	0.03271	0.47346	0.03885	0.30520	0.01965	0.00445	0.00521	0.01640	0.00572	0.00521
4	0.01600	0.01289	0.01470	0.01410	0.01732	0.01434	0.01152	0.07796	0.37929	0.02764	0.03147	0.04675	0.02849	0.01347	0.00824	0.00273	0.00616	0.26045	0.00697	0.00950
5	0.01093	0.00619	0.00888	0.00952	0.00969	0.00603	0.00635	0.00952	0.01097	0.01463	0.02282	0.30299	0.02587	0.02379	0.02054	0.48563	0.00539	0.01165	0.00446	0.00414

[dist]
# distance from previous block
# <min> <max>
0	20

[block]
# block no. 4 follows, 29 sequences, length 15
# corresponding to MSA columns:
# 184-198
name=unknown_E
#
# <colnr> <probs for GDERKNQSTAVLIFYWHMCP>
#	G	D	E	R	K	N	Q	S	T	A	V	L	I	F	Y	W	H	M	C	P
0	0.80005	0.01377	0.01047	0.00936	0.01377	0.01597	0.00771	0.02093	0.01212	0.03195	0.00991	0.01157	0.00771	0.00661	0.00441	0.00220	0.00551	0.00386	0.00441	0.00771
1	0.00987	0.00726	0.00915	0.00896	0.01061	0.00668	0.00672	0.01271	0.01847	0.02534	0.49059	0.08865	0.16130	0.05430	0.00999	0.00261	0.00385	0.05920	0.00732	0.00643
2	0.01188	0.00629	0.00900	0.00909	0.00911	0.00627	0.00593	0.00947	0.00966	0.01289	0.01527	0.06321	0.01619	0.13192	0.02809	0.63514	0.00618	0.00754	0.00346	0.00341
3	0.16368	0.58465	0.03158	0.01194	0.01761	0.05730	0.01143	0.02157	0.01429	0.01959	0.00995	0.01151	0.00888	0.00624	0.00462	0.00166	0.00746	0.00385	0.00333	0.00883
4	0.02098	0.01348	0.07265	0.01310	0.01752	0.01144	0.01154	0.04527	0.07936	0.30291	0.08944	0.03708	0.07769	0.01160	0.00842	0.00241	0.03932	0.10429	0.00714	0.03437
5	0.02205	0.01754	0.02328	0.01746	0.02318	0.01799	0.13599	0.35848	0.04100	0.06030	0.01644	0.01840	0.01236	0.02978	0.00833	0.00216	0.02759	0.00656	0.00581	0.15528
6	0.01154	0.00987	0.01228	0.01427	0.11423	0.00959	0.00908	0.01682	0.12489	0.02283	0.14785	0.10828	0.34168	0.01480	0.00808	0.00238	0.00466	0.01274	0.00644	0.00772
7	0.01277	0.00881	0.00980	0.00912	0.00998	0.00911	0.00577	0.10969	0.01390	0.01857	0.02228	0.06846	0.02464	0.61272	0.03091	0.00605	0.00694	0.01014	0.00482	0.00552
8	0.02351	0.26086	0.02551	0.01462	0.01996	0.10457	0.01258	0.34744	0.02454	0.03132	0.01442	0.01534	0.01118	0.00759	0.00607	0.00187	0.00806	0.00536	0.05485	0.01034
9	0.01030	0.00741	0.00942	0.01048	0.01136	0.00722	0.00722	0.06910	0.01538	0.02053	0.03729	0.68095	0.04401	0.02110	0.00892	0.00283	0.00446	0.01902	0.00666	0.00634
10	0.01531	0.01383	0.01941	0.18449	0.10239	0.06691	0.07537	0.01881	0.01462	0.02108	0.01563	0.02098	0.01288	0.03035	0.03227	0.00264	0.12078	0.00662	0.21768	0.00796
11	0.01731	0.01258	0.01503	0.01086	0.01707	0.00964	0.00874	0.02041	0.01560	0.12490	0.01494	0.01617	0.01159	0.00580	0.00555	0.00122	0.00539	0.00465	0.00490	0.67766
12	0.02107	0.02444	0.02805	0.02617	0.15137	0.30643	0.21887	0.02645	0.08581	0.02138	0.01429	0.01704	0.01132	0.00698	0.00723	0.00212	0.01106	0.00642	0.00398	0.00952
13	0.01034	0.00843	0.00911	0.00905	0.01127	0.00805	0.00681	0.01486	0.11583	0.02082	0.08550	0.08594	0.42114	0.09074	0.01120	0.00295	0.00451	0.07023	0.00653	0.00669
14	0.00868	0.00704	0.00750	0.00772	0.00960	0.00608	0.00554	0.01030	0.01547	0.01893	0.08522	0.16620	0.52328	0.08302	0.01097	0.00287	0.00397	0.01531	0.00645	0.00585

[dist]
# distance from previous block
# <min> <max>
0	10

[block]
# block no. 5 follows, 29 sequences, length 7
# corresponding to MSA columns:
# 209-215
name=unknown_F
#
# <colnr> <probs for GDERKNQSTAVLIFYWHMCP>
#	G	D	E	R	K	N	Q	S	T	A	V	L	I	F	Y	W	H	M	C	P
0	0.00914	0.00663	0.00862	0.00941	0.01039	0.00612	0.00657	0.01114	0.01603	0.02179	0.26726	0.46484	0.09687	0.01939	0.00881	0.00264	0.00383	0.01739	0.00703	0.00612
1	0.53066	0.01156	0.01014	0.00923	0.01270	0.01282	0.00737	0.01838	0.01486	0.03079	0.24578	0.02576	0.02799	0.00932	0.00577	0.00222	0.00478	0.00693	0.00558	0.00737
2	0.29388	0.01268	0.01446	0.01154	0.01667	0.01234	0.00953	0.03001	0.01756	0.47895	0.02189	0.01992	0.01425	0.00806	0.00622	0.00220	0.00587	0.00603	0.00731	0.01062
3	0.02178	0.50371	0.03188	0.01362	0.01957	0.02610	0.01264	0.24648	0.02095	0.02634	0.01235	0.01336	0.01015	0.00693	0.00544	0.00173	0.00769	0.00470	0.00444	0.01015
4	0.00960	0.00691	0.00909	0.00928	0.01053	0.00640	0.00668	0.01224	0.01793	0.02502	0.47572	0.28914	0.06034	0.01720	0.00863	0.00246	0.00362	0.01539	0.00742	0.00640
5	0.00888	0.00628	0.00820	0.00965	0.01002	0.00592	0.00633	0.00997	0.01323	0.01764	0.03719	0.65981	0.04451	0.11114	0.01240	0.00338	0.00447	0.01904	0.00633	0.00560
6	0.01017	0.00763	0.01144	0.01144	0.01272	0.00890	0.00890	0.01272	0.01144	0.01653	0.01907	0.02797	0.01780	0.05340	0.72153	0.01144	0.01907	0.00763	0.00381	0.00636

[dist]
# distance from previous block
# <min> <max>
3	30

[block]
# block no. 6 follows, 29 sequences, length 46
# corresponding to MSA columns:
# 246-291
name=unknown_G
#
# <colnr> <probs for GDERKNQSTAVLIFYWHMCP>
#	G	D	E	R	K	N	Q	S	T	A	V	L	I	F	Y	W	H	M	C	P
0	0.03195	0.01212	0.01652	0.01267	0.01818	0.01047	0.01047	0.03470	0.02038	0.71026	0.02809	0.02424	0.01763	0.00881	0.00716	0.00220	0.00606	0.00716	0.00881	0.01212
1	0.01036	0.00690	0.00777	0.00777	0.00777	0.00690	0.00431	0.01036	0.01036	0.01381	0.02244	0.04660	0.02589	0.74975	0.03624	0.00690	0.00690	0.01036	0.00431	0.00431
2	0.01904	0.75404	0.03731	0.01218	0.01828	0.02818	0.01218	0.02132	0.01447	0.01675	0.00990	0.01142	0.00914	0.00609	0.00457	0.00152	0.00761	0.00381	0.00305	0.00914
3	0.01946	0.71376	0.03636	0.01253	0.01849	0.06694	0.01227	0.02172	0.01479	0.01679	0.00996	0.01150	0.00914	0.00616	0.00467	0.00154	0.00791	0.00385	0.00308	0.00909
4	0.00868	0.00620	0.00826	0.00991	0.01033	0.00578	0.00661	0.00991	0.01363	0.01818	0.03925	0.74510	0.04710	0.02231	0.00909	0.00289	0.00413	0.02024	0.00661	0.00578
5	0.01036	0.00690	0.00777	0.00777	0.00777	0.00690	0.00431	0.01036	0.01036	0.01381	0.02244	0.04660	0.02589	0.74975	0.03624	0.00690	0.00690	0.01036	0.00431	0.00431
6	0.03164	0.01262	0.01683	0.01291	0.01843	0.01121	0.01066	0.07609	0.02122	0.66770	0.02739	0.02378	0.01727	0.00880	0.00716	0.00220	0.00617	0.00711	0.00871	0.01212
7	0.01819	0.01519	0.01612	0.01443	0.01850	0.01747	0.01124	0.03773	0.66994	0.05260	0.02895	0.02649	0.02160	0.00963	0.00724	0.00241	0.00565	0.00802	0.00730	0.01130
8	0.01002	0.00728	0.00944	0.00890	0.01060	0.00669	0.00667	0.01332	0.02002	0.02822	0.67917	0.05374	0.08980	0.01468	0.00840	0.00225	0.00337	0.01295	0.00779	0.00669
9	0.02369	0.01604	0.01847	0.01627	0.05791	0.01731	0.01235	0.22597	0.30816	0.18803	0.02441	0.02275	0.01738	0.00896	0.00718	0.00227	0.00654	0.00727	0.00736	0.01171
10	0.01034	0.00698	0.00815	0.00815	0.00828	0.00711	0.00479	0.01060	0.01047	0.01409	0.02208	0.04465	0.02504	0.67689	0.10795	0.00738	0.00818	0.01007	0.00426	0.00453
11	0.00868	0.00620	0.00826	0.00991	0.01033	0.00578	0.00661	0.00991	0.01363	0.01818	0.03925	0.74510	0.04710	0.02231	0.00909	0.00289	0.00413	0.02024	0.00661	0.00578
12	0.00868	0.00620	0.00826	0.00991	0.01033	0.00578	0.00661	0.00991	0.01363	0.01818	0.03925	0.74510	0.04710	0.02231	0.00909	0.00289	0.00413	0.02024	0.00661	0.00578
13	0.01645	0.01964	0.07758	0.08126	0.06037	0.01773	0.57245	0.02243	0.01650	0.02247	0.01415	0.01890	0.01062	0.00614	0.00817	0.00238	0.01162	0.00801	0.00353	0.00959
14	0.02595	0.02803	0.02085	0.04863	0.04156	0.44530	0.01416	0.23997	0.02414	0.02653	0.01312	0.01461	0.01020	0.00769	0.00670	0.00196	0.01096	0.00530	0.00477	0.00957
15	0.02513	0.01930	0.01894	0.01516	0.02005	0.09971	0.01226	0.45493	0.06853	0.07592	0.01843	0.01867	0.01337	0.00846	0.00680	0.00207	0.00766	0.00637	0.09727	0.01098
16	0.01453	0.01246	0.01480	0.03611	0.01781	0.00960	0.00878	0.01769	0.01471	0.02287	0.01347	0.03736	0.01163	0.00586	0.00546	0.00116	0.00539	0.00479	0.00425	0.74126
17	0.56362	0.12816	0.01623	0.01086	0.01572	0.01877	0.00928	0.12076	0.01570	0.03157	0.01100	0.01238	0.00859	0.00682	0.00484	0.00209	0.00618	0.00423	0.00461	0.00859
18	0.02773	0.01889	0.02072	0.01588	0.02155	0.02051	0.01312	0.59421	0.03171	0.13475	0.01858	0.01806	0.01285	0.00858	0.00713	0.00215	0.00760	0.00651	0.00735	0.01211
19	0.01026	0.00758	0.00962	0.00906	0.01087	0.00710	0.00681	0.01417	0.04568	0.02801	0.63559	0.05315	0.10601	0.01459	0.00836	0.00226	0.00346	0.01283	0.00774	0.00685
20	0.01036	0.00690	0.00777	0.00777	0.00777	0.00690	0.00431	0.01036	0.01036	0.01381	0.02244	0.04660	0.02589	0.74975	0.03624	0.00690	0.00690	0.01036	0.00431	0.00431
21	0.00842	0.00721	0.00721	0.00721	0.00962	0.00601	0.00541	0.01022	0.01623	0.01924	0.07213	0.06853	0.70244	0.01803	0.00842	0.00240	0.00361	0.01503	0.00661	0.00601
22	0.01771	0.01530	0.01610	0.01449	0.01852	0.01771	0.01127	0.03784	0.69247	0.02979	0.02898	0.02657	0.02174	0.00966	0.00725	0.00242	0.00564	0.00805	0.00725	0.01127
23	0.01925	0.01606	0.01697	0.01480	0.01910	0.01843	0.01164	0.14403	0.58377	0.03228	0.02702	0.02500	0.02015	0.00948	0.00723	0.00237	0.00600	0.00778	0.00723	0.01141
24	0.01017	0.00763	0.01144	0.01144	0.01272	0.00890	0.00890	0.01272	0.01144	0.01653	0.01907	0.02797	0.01780	0.05340	0.72153	0.01144	0.01907	0.00763	0.00381	0.00636
25	0.01558	0.01558	0.02181	0.01869	0.01869	0.02181	0.01558	0.01714	0.01091	0.01714	0.00935	0.01558	0.00935	0.01246	0.02337	0.00312	0.73672	0.00623	0.00312	0.00779
26	0.02660	0.03394	0.02018	0.01834	0.02201	0.72116	0.01376	0.02843	0.02018	0.01743	0.01101	0.01284	0.00917	0.00734	0.00642	0.00183	0.01284	0.00459	0.00367	0.00825
27	0.01345	0.01266	0.02136	0.73264	0.04904	0.01582	0.01978	0.01819	0.01424	0.01819	0.01266	0.01898	0.00949	0.00712	0.00712	0.00237	0.00949	0.00633	0.00316	0.00791
28	0.02489	0.01878	0.02137	0.13074	0.02639	0.02108	0.01453	0.57567	0.03041	0.04062	0.01639	0.01740	0.01169	0.00832	0.00712	0.00217	0.00810	0.00640	0.00649	0.01144
29	0.67459	0.01745	0.12261	0.01111	0.01649	0.01606	0.01068	0.02119	0.01258	0.03045	0.01037	0.01212	0.00792	0.00663	0.00478	0.00221	0.00631	0.00408	0.00418	0.00816
30	0.01545	0.01511	0.02069	0.01739	0.01840	0.01984	0.01444	0.01726	0.01152	0.01811	0.00988	0.01545	0.00954	0.01132	0.02048	0.00279	0.61994	0.00591	0.00329	0.13320
31	0.01545	0.01511	0.02069	0.01739	0.01840	0.01984	0.01444	0.01726	0.01152	0.01811	0.00988	0.01545	0.00954	0.01132	0.02048	0.00279	0.61994	0.00591	0.00329	0.13320
32	0.00874	0.00622	0.00824	0.00984	0.01024	0.00582	0.00653	0.00993	0.01352	0.01802	0.03864	0.71998	0.04633	0.04847	0.01007	0.00304	0.00423	0.01989	0.00653	0.00573
33	0.00990	0.00850	0.00863	0.00838	0.01104	0.00788	0.00635	0.01463	0.12420	0.02092	0.06525	0.06183	0.59376	0.01670	0.00823	0.00241	0.00393	0.01391	0.00671	0.00685
34	0.13537	0.03015	0.47573	0.01790	0.02659	0.01750	0.02108	0.14721	0.01809	0.02820	0.01316	0.01490	0.00941	0.00708	0.00648	0.00222	0.00926	0.00527	0.00400	0.01040
35	0.01174	0.12619	0.01248	0.00847	0.00944	0.01030	0.00557	0.01211	0.01101	0.01428	0.02043	0.04098	0.02321	0.63102	0.03119	0.00604	0.00702	0.00931	0.00411	0.00508
36	0.01239	0.00714	0.00958	0.01035	0.01158	0.00653	0.00723	0.01387	0.01471	0.12868	0.03747	0.63001	0.04239	0.02015	0.00878	0.00278	0.00444	0.01815	0.00696	0.00680
37	0.01474	0.00882	0.01228	0.01304	0.01530	0.00856	0.01131	0.01794	0.01703	0.13131	0.03617	0.07137	0.03725	0.01794	0.00941	0.00311	0.00648	0.55359	0.00692	0.00744
38	0.03930	0.01399	0.15258	0.01271	0.04168	0.00953	0.01140	0.01650	0.01870	0.04762	0.49193	0.04181	0.04975	0.01222	0.00784	0.00224	0.00516	0.01060	0.00661	0.00786
39	0.01913	0.01740	0.02770	0.03934	0.59624	0.01774	0.02053	0.12719	0.01897	0.02671	0.01399	0.01754	0.01141	0.00670	0.00706	0.00212	0.00836	0.00636	0.00410	0.01141
40	0.01549	0.00713	0.01043	0.00982	0.01070	0.00687	0.00687	0.01334	0.01105	0.12380	0.01488	0.02206	0.01321	0.02219	0.02453	0.66659	0.00616	0.00634	0.00401	0.00453
41	0.72293	0.01377	0.01207	0.01040	0.01485	0.01569	0.04517	0.02085	0.01250	0.03121	0.01073	0.01263	0.00833	0.00665	0.00465	0.00219	0.00578	0.00423	0.03759	0.00777
42	0.00912	0.00652	0.00878	0.01043	0.01103	0.00617	0.00739	0.01069	0.01407	0.01868	0.03900	0.63896	0.04612	0.02189	0.00921	0.00295	0.00452	0.12197	0.00660	0.00591
43	0.01925	0.02011	0.02697	0.05954	0.55223	0.15428	0.02021	0.02303	0.01693	0.02197	0.01291	0.01673	0.01081	0.00656	0.00693	0.00207	0.00935	0.00600	0.00354	0.01059
44	0.01281	0.00668	0.00682	0.00682	0.00821	0.00668	0.00487	0.01560	0.01420	0.02451	0.02310	0.02975	0.01947	0.12668	0.00997	0.00250	0.00389	0.00723	0.66395	0.00627
45	0.01466	0.01317	0.03317	0.01166	0.01416	0.12200	0.00910	0.01875	0.06545	0.07016	0.37252	0.13719	0.04636	0.01364	0.00800	0.00230	0.00561	0.02763	0.00685	0.00762

[dist]
# distance from previous block
# <min> <max>
0	5

[block]
# block no. 7 follows, 29 sequences, length 19
# corresponding to MSA columns:
# 297-315
name=unknown_H
#
# <colnr> <probs for GDERKNQSTAVLIFYWHMCP>
#	G	D	E	R	K	N	Q	S	T	A	V	L	I	F	Y	W	H	M	C	P
0	0.00983	0.00699	0.00762	0.00762	0.00826	0.00666	0.00461	0.01032	0.01193	0.01527	0.03579	0.05249	0.20768	0.55314	0.02877	0.00569	0.00602	0.01161	0.00493	0.00477
1	0.02820	0.01745	0.01974	0.01521	0.02079	0.01847	0.01254	0.46633	0.05244	0.24280	0.02079	0.01955	0.01409	0.00867	0.00714	0.00217	0.00723	0.00669	0.00763	0.01208
2	0.22231	0.00870	0.00851	0.00835	0.00969	0.00920	0.00547	0.01315	0.01139	0.01932	0.02293	0.09674	0.05616	0.45307	0.02404	0.00508	0.00613	0.00967	0.00464	0.00543
3	0.00970	0.00725	0.00924	0.01044	0.01187	0.00679	0.00819	0.01189	0.01541	0.01969	0.04748	0.30284	0.22079	0.02013	0.00920	0.00291	0.00494	0.26849	0.00659	0.00615
4	0.01477	0.01266	0.01477	0.01055	0.01687	0.00949	0.00844	0.01793	0.01477	0.02320	0.01266	0.01477	0.01055	0.00527	0.00527	0.00105	0.00527	0.00422	0.00422	0.79328
5	0.23336	0.01743	0.01784	0.01430	0.01913	0.01966	0.01174	0.44110	0.02574	0.03884	0.01585	0.04998	0.01245	0.00886	0.00725	0.00224	0.04126	0.00637	0.00618	0.01043
6	0.01612	0.13351	0.02201	0.04317	0.01891	0.04354	0.04531	0.06084	0.01396	0.01948	0.01316	0.01909	0.01204	0.05183	0.10198	0.02035	0.29672	0.00630	0.05378	0.00788
7	0.01707	0.01656	0.02700	0.03699	0.52083	0.01823	0.02017	0.02059	0.01479	0.02162	0.01231	0.01707	0.01076	0.00799	0.01143	0.00238	0.20414	0.00631	0.00341	0.01034
8	0.02285	0.01124	0.01430	0.01228	0.01611	0.01072	0.00960	0.05857	0.11686	0.37690	0.04752	0.21866	0.02712	0.01269	0.00772	0.00242	0.00550	0.01091	0.00789	0.01016
9	0.02066	0.01467	0.01689	0.04722	0.01916	0.01558	0.01123	0.37064	0.02642	0.07715	0.20268	0.07155	0.02920	0.01085	0.00753	0.00219	0.00630	0.00896	0.00711	0.03398
10	0.22485	0.01348	0.04711	0.05687	0.03828	0.02929	0.04336	0.09340	0.01657	0.04726	0.06046	0.25172	0.02499	0.01241	0.00713	0.00243	0.00628	0.01055	0.00553	0.00803
11	0.00983	0.00736	0.00990	0.01118	0.01199	0.00742	0.00840	0.01167	0.01434	0.01901	0.03863	0.48870	0.07549	0.02079	0.01013	0.00299	0.04934	0.19034	0.00638	0.00612
12	0.07156	0.01947	0.01919	0.01561	0.02061	0.07807	0.01259	0.41465	0.20816	0.03778	0.01935	0.01895	0.01419	0.00863	0.00693	0.00219	0.00751	0.00655	0.00671	0.01130
13	0.54530	0.01581	0.01406	0.01168	0.01651	0.01799	0.00963	0.23866	0.01916	0.03621	0.01228	0.01339	0.00916	0.00725	0.00530	0.00218	0.00628	0.00470	0.00530	0.00916
14	0.02398	0.02953	0.02608	0.02142	0.02610	0.50993	0.19263	0.04776	0.01970	0.01975	0.01211	0.01469	0.00970	0.00702	0.00698	0.00200	0.01246	0.00567	0.00376	0.00874
15	0.00888	0.00716	0.00791	0.00787	0.00994	0.00619	0.00585	0.01106	0.01710	0.02167	0.23896	0.11177	0.48587	0.01740	0.00846	0.00239	0.00358	0.01482	0.00694	0.00619
16	0.01705	0.01816	0.03505	0.02584	0.03219	0.01793	0.49993	0.02685	0.19836	0.02468	0.01832	0.02119	0.01374	0.00699	0.00809	0.00240	0.01029	0.00831	0.00458	0.01005
17	0.00861	0.00647	0.00798	0.00919	0.01014	0.00584	0.00629	0.01000	0.01433	0.01846	0.04808	0.56331	0.22319	0.02116	0.00891	0.00276	0.00399	0.01884	0.00661	0.00584
18	0.02763	0.01752	0.01670	0.01382	0.01836	0.20120	0.01095	0.03068	0.03881	0.42763	0.10032	0.02454	0.02112	0.00910	0.00711	0.00211	0.00756	0.00715	0.00728	0.01044

[dist]
# distance from previous block
# <min> <max>
4	41

# created by:
# /st0/software/busco_prod/Augustus/scripts/msa2prfl.pl ./align_prep/130898.fa
