[name]
unknown

[dist]
# distance from previous block
# <min> <max>
0	130

[block]
# block no. 0 follows, 30 sequences, length 31
# corresponding to MSA columns:
# 138-168
name=unknown_A
#
# <colnr> <probs for GDERKNQSTAVLIFYWHMCP>
#	G	D	E	R	K	N	Q	S	T	A	V	L	I	F	Y	W	H	M	C	P
0	0.01605	0.01803	0.10226	0.07219	0.51848	0.03250	0.02008	0.02038	0.01576	0.02195	0.01842	0.02167	0.07671	0.00741	0.00699	0.00212	0.00822	0.00686	0.00367	0.01024
1	0.10383	0.01458	0.07088	0.01726	0.14560	0.05511	0.01196	0.04825	0.03374	0.02487	0.17821	0.08782	0.08745	0.01086	0.00709	0.00216	0.00614	0.02665	0.00536	0.06219
2	0.01290	0.01023	0.01209	0.01285	0.07769	0.04191	0.00867	0.04201	0.05353	0.05817	0.30878	0.11240	0.19367	0.01392	0.00792	0.00227	0.00473	0.01204	0.00670	0.00752
3	0.01581	0.01541	0.02713	0.13549	0.46041	0.01560	0.10996	0.02010	0.01586	0.02205	0.04544	0.02172	0.04910	0.00721	0.00722	0.00217	0.00845	0.00720	0.00375	0.00991
4	0.01628	0.01539	0.02529	0.10418	0.55067	0.01577	0.01939	0.02138	0.06178	0.02271	0.03520	0.02122	0.04529	0.00725	0.00702	0.00213	0.00785	0.00689	0.00392	0.01038
5	0.01790	0.05753	0.01740	0.01603	0.11342	0.01292	0.01112	0.07643	0.06473	0.15064	0.24058	0.02949	0.03031	0.00984	0.00789	0.00207	0.04360	0.00819	0.00630	0.08361
6	0.69168	0.01408	0.01249	0.01270	0.07997	0.01603	0.00915	0.05310	0.01328	0.03112	0.01038	0.01216	0.00810	0.00655	0.00469	0.00215	0.00578	0.00413	0.00437	0.00810
7	0.09148	0.01598	0.02607	0.09048	0.59665	0.01641	0.01995	0.02107	0.01537	0.02324	0.01275	0.01681	0.01059	0.00630	0.00667	0.00210	0.00809	0.00599	0.00351	0.01048
8	0.06387	0.01710	0.06625	0.11495	0.28666	0.08640	0.04089	0.02079	0.04955	0.02296	0.11533	0.02385	0.04545	0.00820	0.00698	0.00214	0.00790	0.00723	0.00435	0.00918
9	0.01448	0.03391	0.65471	0.06335	0.03091	0.01598	0.02492	0.02220	0.01485	0.04303	0.01297	0.01524	0.00913	0.00671	0.00666	0.00222	0.01012	0.00528	0.00313	0.01020
10	0.01492	0.01485	0.02179	0.08667	0.02168	0.02019	0.04372	0.01696	0.01126	0.01710	0.01003	0.01619	0.00955	0.01296	0.04722	0.00326	0.61462	0.00626	0.00310	0.00767
11	0.01527	0.01527	0.02137	0.01832	0.01832	0.02137	0.01527	0.01679	0.01069	0.01679	0.00916	0.01527	0.00916	0.01221	0.02290	0.00305	0.74198	0.00611	0.00305	0.00763
12	0.00866	0.00614	0.00805	0.00952	0.00988	0.00577	0.00626	0.00976	0.01306	0.01741	0.03690	0.68348	0.04419	0.09127	0.01143	0.00321	0.00431	0.01892	0.00626	0.00553
13	0.01212	0.00606	0.00909	0.00909	0.00909	0.00606	0.00606	0.00909	0.00909	0.01212	0.01212	0.02121	0.01212	0.02424	0.02727	0.79697	0.00606	0.00606	0.00303	0.00303
14	0.01773	0.01776	0.02977	0.06508	0.49990	0.05151	0.14547	0.04619	0.01673	0.02302	0.01330	0.01737	0.01083	0.00631	0.00713	0.00212	0.00917	0.00651	0.00359	0.01050
15	0.01752	0.01631	0.02650	0.10335	0.56810	0.01686	0.02014	0.06678	0.05214	0.02410	0.01409	0.01781	0.01148	0.00660	0.00693	0.00211	0.00820	0.00631	0.00385	0.01080
16	0.01475	0.01482	0.02117	0.62783	0.07742	0.09106	0.01885	0.01907	0.01467	0.01799	0.01227	0.01790	0.00935	0.00696	0.00690	0.00226	0.00960	0.00602	0.00317	0.00795
17	0.01837	0.62716	0.12847	0.01330	0.01975	0.05840	0.01389	0.02138	0.01451	0.01722	0.01014	0.01174	0.00894	0.00612	0.00485	0.00160	0.00809	0.00396	0.00301	0.00910
18	0.02518	0.01821	0.01981	0.01525	0.02058	0.01978	0.01251	0.59446	0.03012	0.05915	0.01654	0.01703	0.01193	0.00901	0.00792	0.04312	0.00740	0.00616	0.00665	0.05920
19	0.03024	0.01197	0.01601	0.01234	0.01763	0.01050	0.01017	0.05704	0.02029	0.66439	0.02881	0.02518	0.04388	0.00898	0.00706	0.00216	0.00591	0.00729	0.00849	0.01164
20	0.60200	0.01392	0.01507	0.08070	0.01959	0.01560	0.08586	0.02112	0.01299	0.06236	0.01134	0.01348	0.00854	0.00656	0.00515	0.00220	0.00652	0.00467	0.00432	0.00800
21	0.02653	0.01955	0.02094	0.01606	0.02164	0.02164	0.01326	0.68796	0.03281	0.04398	0.01675	0.01675	0.01187	0.00838	0.00698	0.00209	0.00768	0.00628	0.00698	0.01187
22	0.80405	0.01350	0.01026	0.00918	0.01350	0.01565	0.00756	0.02051	0.01188	0.03131	0.00972	0.01134	0.00756	0.00648	0.00432	0.00216	0.00540	0.00378	0.00432	0.00756
23	0.01564	0.01800	0.05978	0.09464	0.03529	0.01682	0.54139	0.02121	0.01622	0.02211	0.05596	0.02060	0.01373	0.00669	0.00845	0.00235	0.03019	0.00815	0.00371	0.00907
24	0.01723	0.01668	0.02891	0.04222	0.68051	0.01663	0.05166	0.02146	0.01592	0.02278	0.01317	0.01734	0.01103	0.00620	0.00697	0.00209	0.00845	0.00631	0.00346	0.01098
25	0.03131	0.01188	0.01619	0.01242	0.01781	0.01026	0.01026	0.03401	0.01997	0.71606	0.02753	0.02375	0.01727	0.00864	0.00702	0.00216	0.00594	0.00702	0.00864	0.01188
26	0.00931	0.00714	0.00950	0.01058	0.01115	0.00733	0.00756	0.01072	0.01344	0.01799	0.03755	0.59380	0.08254	0.02052	0.01024	0.00285	0.07406	0.06166	0.00615	0.00592
27	0.06481	0.02889	0.01891	0.04472	0.02179	0.55812	0.01312	0.05054	0.09670	0.02013	0.01300	0.01442	0.01042	0.00744	0.00633	0.00191	0.01112	0.00497	0.00413	0.00851
28	0.00850	0.00607	0.00810	0.00972	0.01012	0.00567	0.00648	0.00972	0.01336	0.01781	0.03846	0.75020	0.04615	0.02186	0.00891	0.00283	0.00405	0.01984	0.00648	0.00567
29	0.00980	0.00713	0.00922	0.00870	0.01038	0.00655	0.00652	0.01302	0.01957	0.02754	0.67665	0.05286	0.09701	0.01443	0.00823	0.00220	0.00330	0.01272	0.00762	0.00655
30	0.01317	0.01243	0.02122	0.67996	0.04603	0.01521	0.04447	0.01781	0.01430	0.01843	0.04181	0.02003	0.01174	0.00724	0.00708	0.00232	0.00914	0.00655	0.00331	0.00777

[dist]
# distance from previous block
# <min> <max>
0	5

[block]
# block no. 1 follows, 30 sequences, length 136
# corresponding to MSA columns:
# 174-309
name=unknown_B
#
# <colnr> <probs for GDERKNQSTAVLIFYWHMCP>
#	G	D	E	R	K	N	Q	S	T	A	V	L	I	F	Y	W	H	M	C	P
0	0.01083	0.00913	0.01056	0.01022	0.01282	0.00890	0.02766	0.01657	0.15511	0.02132	0.05346	0.09529	0.40912	0.01612	0.00826	0.00252	0.00466	0.11381	0.00651	0.00712
1	0.00892	0.00690	0.00813	0.00822	0.00994	0.00611	0.00601	0.01116	0.01689	0.02214	0.30746	0.19106	0.33765	0.01717	0.00837	0.00239	0.00354	0.01489	0.00694	0.00611
2	0.02307	0.01635	0.01753	0.01385	0.01844	0.01796	0.01132	0.52120	0.02818	0.03918	0.01810	0.01910	0.01334	0.00987	0.03189	0.00232	0.00712	0.00637	0.17427	0.01053
3	0.43453	0.07271	0.15262	0.05624	0.06261	0.01685	0.07242	0.02091	0.01335	0.02640	0.01100	0.01340	0.00848	0.00643	0.00542	0.00214	0.00744	0.00471	0.00377	0.00857
4	0.00865	0.00609	0.00805	0.00961	0.01006	0.00569	0.00643	0.00992	0.01340	0.01807	0.03796	0.72716	0.04525	0.02143	0.00878	0.00280	0.00402	0.01941	0.03152	0.00569
5	0.01486	0.01264	0.01468	0.01052	0.01670	0.00970	0.00843	0.03937	0.01507	0.02343	0.01254	0.01454	0.01039	0.00527	0.00523	0.00107	0.00525	0.00420	0.00423	0.77187
6	0.02513	0.05793	0.02082	0.01854	0.04561	0.61157	0.01376	0.06392	0.01984	0.01875	0.01111	0.01303	0.00923	0.00736	0.00688	0.00186	0.03785	0.00468	0.00374	0.00842
7	0.01426	0.05668	0.67159	0.02055	0.05635	0.01656	0.02520	0.02204	0.01476	0.02196	0.01246	0.01473	0.00893	0.00659	0.00658	0.00218	0.01015	0.00516	0.00297	0.01030
8	0.01727	0.01658	0.02832	0.04283	0.71123	0.01658	0.02142	0.02142	0.01589	0.02280	0.01313	0.01727	0.01105	0.00622	0.00691	0.00207	0.00829	0.00622	0.00345	0.01105
9	0.01403	0.03548	0.69790	0.01984	0.02985	0.01636	0.02547	0.02194	0.01461	0.02194	0.01242	0.01475	0.00885	0.00680	0.00711	0.00223	0.03204	0.00518	0.00295	0.01023
10	0.02887	0.01345	0.01680	0.01306	0.01827	0.01288	0.01073	0.16963	0.06009	0.51273	0.02516	0.02251	0.01639	0.00861	0.00694	0.00214	0.00618	0.00689	0.03704	0.01163
11	0.00982	0.00713	0.00924	0.00872	0.01039	0.00656	0.00654	0.01305	0.01961	0.02764	0.68377	0.05269	0.08983	0.01439	0.00823	0.00220	0.00330	0.01270	0.00764	0.00656
12	0.00998	0.00745	0.01108	0.01108	0.01228	0.00865	0.00855	0.01237	0.01118	0.01610	0.01881	0.02810	0.01774	0.07856	0.70128	0.01105	0.01825	0.00758	0.00376	0.00616
13	0.67808	0.01340	0.01197	0.10532	0.01818	0.01579	0.00933	0.02006	0.01212	0.02913	0.01005	0.01240	0.00783	0.00670	0.00518	0.00221	0.02638	0.00416	0.00412	0.00759
14	0.02987	0.01389	0.07459	0.01304	0.01884	0.01075	0.01155	0.03302	0.01954	0.65837	0.02628	0.02300	0.01657	0.00847	0.00699	0.00216	0.00630	0.00686	0.00816	0.01175
15	0.00850	0.00607	0.00810	0.00972	0.01012	0.00567	0.00648	0.00972	0.01336	0.01781	0.03846	0.75020	0.04615	0.02186	0.00891	0.00283	0.00405	0.01984	0.00648	0.00567
16	0.01980	0.64729	0.03398	0.01287	0.01847	0.13519	0.01218	0.02197	0.01504	0.01652	0.00987	0.01141	0.00896	0.00616	0.00476	0.00154	0.00825	0.00385	0.00308	0.00882
17	0.01694	0.01854	0.09757	0.04053	0.64291	0.01654	0.02185	0.02148	0.01577	0.02273	0.01307	0.01702	0.01083	0.00626	0.00688	0.00209	0.00849	0.00611	0.00340	0.01098
18	0.01212	0.00606	0.00909	0.00909	0.00909	0.00606	0.00606	0.00909	0.00909	0.01212	0.01212	0.02121	0.01212	0.02424	0.02727	0.79697	0.00606	0.00606	0.00303	0.00303
19	0.01393	0.01110	0.01205	0.01094	0.01408	0.01166	0.00846	0.05258	0.30320	0.04899	0.16735	0.04351	0.24816	0.01290	0.00767	0.00231	0.00458	0.01085	0.00706	0.00864
20	0.03131	0.01188	0.01619	0.01242	0.01781	0.01026	0.01026	0.03401	0.01997	0.71606	0.02753	0.02375	0.01727	0.00864	0.00702	0.00216	0.00594	0.00702	0.00864	0.01188
21	0.01212	0.00606	0.00909	0.00909	0.00909	0.00606	0.00606	0.00909	0.00909	0.01212	0.01212	0.02121	0.01212	0.02424	0.02727	0.79697	0.00606	0.00606	0.00303	0.00303
22	0.01400	0.03610	0.71860	0.01989	0.03020	0.01621	0.02578	0.02210	0.01473	0.02210	0.01252	0.01473	0.00884	0.00663	0.00663	0.00221	0.01031	0.00516	0.00295	0.01031
23	0.01673	0.01318	0.01450	0.01298	0.01649	0.01465	0.01007	0.06458	0.47059	0.06430	0.15728	0.06229	0.03017	0.01083	0.00738	0.00233	0.00517	0.00919	0.00726	0.01005
24	0.01400	0.03610	0.71860	0.01989	0.03020	0.01621	0.02578	0.02210	0.01473	0.02210	0.01252	0.01473	0.00884	0.00663	0.00663	0.00221	0.01031	0.00516	0.00295	0.01031
25	0.01015	0.00677	0.00761	0.00761	0.00761	0.00677	0.00423	0.01015	0.01015	0.01353	0.02199	0.04567	0.02537	0.75476	0.03552	0.00677	0.00677	0.01015	0.00423	0.00423
26	0.01447	0.01240	0.01447	0.01034	0.01654	0.00930	0.00827	0.01757	0.01447	0.02274	0.01240	0.01447	0.01034	0.00517	0.00517	0.00103	0.00517	0.00413	0.00413	0.79742
27	0.00862	0.00634	0.00807	0.00920	0.01005	0.00580	0.00631	0.01015	0.01446	0.01910	0.11769	0.56715	0.15071	0.02037	0.00873	0.00269	0.00389	0.01825	0.00661	0.00580
28	0.00859	0.00707	0.00747	0.00738	0.00953	0.00604	0.00548	0.01055	0.01636	0.02022	0.17655	0.06391	0.57743	0.04142	0.00914	0.00247	0.00360	0.01422	0.00661	0.00595
29	0.03047	0.01169	0.01593	0.01227	0.01753	0.01011	0.01011	0.03320	0.01996	0.68927	0.05400	0.02486	0.01916	0.00886	0.00706	0.00216	0.00583	0.00724	0.00860	0.01167
30	0.02805	0.01143	0.01533	0.01205	0.01692	0.01012	0.00984	0.03157	0.04983	0.60080	0.11158	0.02736	0.02345	0.00937	0.00717	0.00217	0.00559	0.00775	0.00845	0.01119
31	0.03002	0.01159	0.01578	0.01220	0.01737	0.01004	0.01004	0.03276	0.01996	0.67478	0.06832	0.02545	0.02019	0.00897	0.00709	0.00216	0.00578	0.00735	0.00858	0.01156
32	0.01727	0.01658	0.02832	0.04283	0.71123	0.01658	0.02142	0.02142	0.01589	0.02280	0.01313	0.01727	0.01105	0.00622	0.00691	0.00207	0.00829	0.00622	0.00345	0.01105
33	0.05970	0.01194	0.01598	0.01230	0.01766	0.01045	0.01016	0.03351	0.01968	0.69090	0.02688	0.02330	0.01692	0.00856	0.00692	0.00216	0.00592	0.00690	0.00848	0.01172
34	0.00850	0.00607	0.00810	0.00972	0.01012	0.00567	0.00648	0.00972	0.01336	0.01781	0.03846	0.75020	0.04615	0.02186	0.00891	0.00283	0.00405	0.01984	0.00648	0.00567
35	0.01590	0.01660	0.02501	0.42274	0.10452	0.10131	0.14168	0.02106	0.04545	0.01955	0.01330	0.01812	0.01020	0.00684	0.00713	0.00225	0.00989	0.00645	0.00345	0.00856
36	0.00857	0.00741	0.00782	0.00834	0.03433	0.00627	0.00587	0.01042	0.01591	0.01899	0.06865	0.06539	0.68365	0.01727	0.00820	0.00235	0.00370	0.01443	0.00637	0.00607
37	0.00850	0.00607	0.00810	0.00972	0.01012	0.00567	0.00648	0.00972	0.01336	0.01781	0.03846	0.75020	0.04615	0.02186	0.00891	0.00283	0.00405	0.01984	0.00648	0.00567
38	0.01384	0.01308	0.02212	0.62600	0.15489	0.01568	0.01971	0.01841	0.01427	0.01863	0.01252	0.01839	0.00958	0.00685	0.00697	0.00228	0.00914	0.00620	0.00316	0.00828
39	0.01717	0.01766	0.05334	0.06418	0.49382	0.01694	0.16467	0.04516	0.01650	0.02324	0.01342	0.01755	0.01084	0.00626	0.00719	0.00215	0.00912	0.00662	0.00357	0.01058
40	0.01431	0.01422	0.02365	0.55820	0.04330	0.03957	0.11519	0.01950	0.03995	0.01885	0.01308	0.01859	0.00992	0.00711	0.00773	0.00234	0.03654	0.00650	0.00333	0.00812
41	0.14539	0.01945	0.01884	0.16704	0.06074	0.17237	0.01379	0.23953	0.02118	0.02890	0.01347	0.01575	0.01021	0.00741	0.00633	0.00207	0.00859	0.00549	0.03420	0.00926
42	0.01520	0.01652	0.03417	0.02537	0.03078	0.01613	0.51575	0.02004	0.01560	0.02128	0.01761	0.10334	0.01600	0.00893	0.00966	0.00251	0.07437	0.04409	0.00397	0.00868
43	0.01212	0.00606	0.00909	0.00909	0.00909	0.00606	0.00606	0.00909	0.00909	0.01212	0.01212	0.02121	0.01212	0.02424	0.02727	0.79697	0.00606	0.00606	0.00303	0.00303
44	0.01363	0.01224	0.01888	0.06997	0.26907	0.01329	0.01446	0.01715	0.03573	0.02150	0.12483	0.16525	0.02731	0.01208	0.01009	0.00246	0.12003	0.03881	0.00483	0.00840
45	0.01323	0.01261	0.02183	0.66507	0.04595	0.01530	0.06339	0.01785	0.01410	0.01813	0.01344	0.04438	0.01069	0.00743	0.00713	0.00235	0.00928	0.00682	0.00325	0.00779
46	0.00978	0.00713	0.00920	0.00868	0.01037	0.00655	0.00651	0.01299	0.01954	0.02747	0.67170	0.05297	0.10201	0.01446	0.00823	0.00220	0.00331	0.01274	0.00761	0.00655
47	0.00825	0.00707	0.00707	0.00707	0.00943	0.00589	0.00530	0.01001	0.01591	0.01885	0.07069	0.06716	0.70839	0.01767	0.00825	0.00236	0.00353	0.01473	0.00648	0.00589
48	0.01647	0.01882	0.04118	0.02941	0.03647	0.01765	0.68588	0.02235	0.01647	0.02235	0.01412	0.01882	0.01059	0.00588	0.00824	0.00235	0.01176	0.00824	0.00353	0.00941
49	0.00961	0.00693	0.00909	0.00896	0.01037	0.00640	0.00656	0.01249	0.01850	0.02599	0.57624	0.18912	0.06198	0.01576	0.00836	0.00232	0.00344	0.01404	0.00745	0.00640
50	0.07480	0.01197	0.01586	0.01223	0.01757	0.01056	0.01010	0.03325	0.01952	0.67752	0.02653	0.02305	0.01673	0.00852	0.00687	0.00216	0.00591	0.00684	0.00839	0.01163
51	0.01727	0.01658	0.02832	0.04283	0.71123	0.01658	0.02142	0.02142	0.01589	0.02280	0.01313	0.01727	0.01105	0.00622	0.00691	0.00207	0.00829	0.00622	0.00345	0.01105
52	0.01212	0.00606	0.00909	0.00909	0.00909	0.00606	0.00606	0.00909	0.00909	0.01212	0.01212	0.02121	0.01212	0.02424	0.02727	0.79697	0.00606	0.00606	0.00303	0.00303
53	0.01124	0.00803	0.01124	0.01285	0.01446	0.00803	0.01124	0.01446	0.01606	0.02088	0.03695	0.07871	0.04016	0.01928	0.00964	0.00321	0.00643	0.66426	0.00643	0.00643
54	0.00859	0.00611	0.00807	0.00961	0.00999	0.00572	0.00636	0.00974	0.01320	0.01759	0.03762	0.71405	0.04509	0.05947	0.01027	0.00304	0.00419	0.01934	0.00636	0.00559
55	0.13843	0.01868	0.01940	0.01507	0.02047	0.02078	0.01244	0.59190	0.02980	0.04216	0.01574	0.01597	0.01125	0.00810	0.00660	0.00210	0.00735	0.00592	0.00660	0.01125
56	0.01727	0.01658	0.02832	0.04283	0.71123	0.01658	0.02142	0.02142	0.01589	0.02280	0.01313	0.01727	0.01105	0.00622	0.00691	0.00207	0.00829	0.00622	0.00345	0.01105
57	0.80405	0.01350	0.01026	0.00918	0.01350	0.01565	0.00756	0.02051	0.01188	0.03131	0.00972	0.01134	0.00756	0.00648	0.00432	0.00216	0.00540	0.00378	0.00432	0.00756
58	0.01647	0.01882	0.04118	0.02941	0.03647	0.01765	0.68588	0.02235	0.01647	0.02235	0.01412	0.01882	0.01059	0.00588	0.00824	0.00235	0.01176	0.00824	0.00353	0.00941
59	0.80405	0.01350	0.01026	0.00918	0.01350	0.01565	0.00756	0.02051	0.01188	0.03131	0.00972	0.01134	0.00756	0.00648	0.00432	0.00216	0.00540	0.00378	0.00432	0.00756
60	0.02722	0.01211	0.01572	0.01277	0.01760	0.01133	0.01048	0.03295	0.13919	0.53837	0.02845	0.02864	0.01985	0.00965	0.00725	0.00228	0.00590	0.06078	0.00819	0.01129
61	0.01736	0.01499	0.01578	0.01420	0.01815	0.01736	0.01105	0.03708	0.69862	0.02919	0.02840	0.02604	0.02130	0.00947	0.00710	0.00237	0.00552	0.00789	0.00710	0.01105
62	0.01124	0.00803	0.01124	0.01285	0.01446	0.00803	0.01124	0.01446	0.01606	0.02088	0.03695	0.07871	0.04016	0.01928	0.00964	0.00321	0.00643	0.66426	0.00643	0.00643
63	0.54133	0.01338	0.01254	0.01048	0.01518	0.01446	0.00864	0.06190	0.01535	0.22605	0.01516	0.01516	0.01055	0.00720	0.00523	0.00216	0.00568	0.00484	0.00569	0.00902
64	0.01736	0.01499	0.01578	0.01420	0.01815	0.01736	0.01105	0.03708	0.69862	0.02919	0.02840	0.02604	0.02130	0.00947	0.00710	0.00237	0.00552	0.00789	0.00710	0.01105
65	0.00999	0.00738	0.01071	0.01071	0.01178	0.00845	0.00809	0.01213	0.01106	0.01582	0.01916	0.02999	0.01856	0.15153	0.62944	0.01059	0.01701	0.00785	0.00381	0.00595
66	0.01866	0.75896	0.03657	0.01194	0.01791	0.02761	0.01194	0.02090	0.01418	0.01642	0.00970	0.01119	0.00896	0.00597	0.00448	0.00149	0.00746	0.00373	0.00299	0.00896
67	0.01902	0.01484	0.01595	0.01397	0.01812	0.01672	0.01097	0.08884	0.56377	0.08959	0.02874	0.02640	0.04226	0.00957	0.00712	0.00233	0.00567	0.00790	0.00720	0.01102
68	0.00856	0.00612	0.00815	0.00968	0.01013	0.00571	0.00648	0.00987	0.01364	0.01826	0.06793	0.71946	0.04702	0.02153	0.00888	0.00281	0.00402	0.01952	0.00653	0.00571
69	0.00850	0.00607	0.00810	0.00972	0.01012	0.00567	0.00648	0.00972	0.01336	0.01781	0.03846	0.75020	0.04615	0.02186	0.00891	0.00283	0.00405	0.01984	0.00648	0.00567
70	0.00885	0.00654	0.00878	0.01016	0.01054	0.00647	0.00693	0.01008	0.01322	0.01776	0.03696	0.71249	0.04426	0.02137	0.00963	0.00285	0.04192	0.01913	0.00630	0.00577
71	0.03064	0.01282	0.04354	0.01271	0.01830	0.01049	0.01086	0.03354	0.01977	0.68905	0.02695	0.02340	0.01695	0.00856	0.00700	0.00216	0.00611	0.00695	0.00842	0.01182
72	0.01015	0.00677	0.00761	0.00761	0.00761	0.00677	0.00423	0.01015	0.01015	0.01353	0.02199	0.04567	0.02537	0.75476	0.03552	0.00677	0.00677	0.01015	0.00423	0.00423
73	0.01866	0.75896	0.03657	0.01194	0.01791	0.02761	0.01194	0.02090	0.01418	0.01642	0.00970	0.01119	0.00896	0.00597	0.00448	0.00149	0.00746	0.00373	0.00299	0.00896
74	0.01212	0.00937	0.01380	0.01539	0.05916	0.00942	0.04142	0.01636	0.05123	0.02175	0.05780	0.06858	0.03698	0.01719	0.00923	0.00302	0.00662	0.53731	0.00619	0.00709
75	0.01807	0.66787	0.12251	0.01294	0.01946	0.02617	0.01368	0.02105	0.01425	0.01713	0.01006	0.01164	0.00894	0.00605	0.00475	0.00158	0.00782	0.00391	0.00298	0.00913
76	0.11467	0.02306	0.11262	0.02483	0.16639	0.19389	0.18020	0.02280	0.01605	0.02178	0.01215	0.01548	0.00969	0.00707	0.00769	0.02131	0.03184	0.00584	0.00353	0.00910
77	0.04396	0.01245	0.02051	0.70961	0.04672	0.01551	0.01892	0.01793	0.01387	0.01835	0.01230	0.01832	0.00923	0.00696	0.00687	0.00232	0.00915	0.00611	0.00315	0.00774
78	0.01346	0.00790	0.01015	0.00929	0.01161	0.00707	0.00706	0.01623	0.01864	0.15249	0.42691	0.11444	0.14858	0.01444	0.00807	0.00227	0.00389	0.01257	0.00757	0.00737
79	0.01866	0.75896	0.03657	0.01194	0.01791	0.02761	0.01194	0.02090	0.01418	0.01642	0.00970	0.01119	0.00896	0.00597	0.00448	0.00149	0.00746	0.00373	0.00299	0.00896
80	0.01426	0.07678	0.68022	0.01944	0.02951	0.01685	0.02500	0.02203	0.01470	0.02178	0.01236	0.01453	0.00885	0.00659	0.00651	0.00217	0.01015	0.00508	0.00295	0.01024
81	0.03131	0.01188	0.01619	0.01242	0.01781	0.01026	0.01026	0.03401	0.01997	0.71606	0.02753	0.02375	0.01727	0.00864	0.00702	0.00216	0.00594	0.00702	0.00864	0.01188
82	0.04943	0.03421	0.66160	0.01914	0.02901	0.01596	0.02441	0.02247	0.01480	0.04800	0.01295	0.01491	0.00909	0.00670	0.00654	0.00221	0.00994	0.00516	0.00322	0.01025
83	0.02388	0.01799	0.01926	0.01509	0.02032	0.01974	0.01234	0.54190	0.11483	0.03988	0.02108	0.02067	0.05219	0.00891	0.00700	0.00210	0.00708	0.00688	0.00686	0.04201
84	0.00864	0.00613	0.00806	0.00954	0.00992	0.00576	0.00629	0.00975	0.01310	0.01746	0.03712	0.69274	0.04446	0.08164	0.01108	0.00315	0.00427	0.01905	0.00629	0.00555
85	0.01212	0.00606	0.00909	0.00909	0.00909	0.00606	0.00606	0.00909	0.00909	0.01212	0.01212	0.02121	0.01212	0.02424	0.02727	0.79697	0.00606	0.00606	0.00303	0.00303
86	0.02607	0.03326	0.01978	0.01798	0.02157	0.72674	0.01348	0.02787	0.01978	0.01708	0.01079	0.01258	0.00899	0.00719	0.00629	0.00180	0.01258	0.00449	0.00360	0.00809
87	0.01124	0.00803	0.01124	0.01285	0.01446	0.00803	0.01124	0.01446	0.01606	0.02088	0.03695	0.07871	0.04016	0.01928	0.00964	0.00321	0.00643	0.66426	0.00643	0.00643
88	0.00839	0.00707	0.00727	0.00722	0.00951	0.00595	0.00541	0.01029	0.01624	0.01965	0.12625	0.06585	0.65234	0.01738	0.00825	0.00234	0.00351	0.01454	0.00658	0.00595
89	0.00847	0.00620	0.00797	0.00938	0.01003	0.00570	0.00633	0.00975	0.01369	0.01795	0.04259	0.66266	0.13103	0.02133	0.00882	0.00277	0.00398	0.01918	0.00648	0.00570
90	0.01569	0.01605	0.02244	0.01893	0.01945	0.04410	0.05295	0.01747	0.01131	0.01712	0.00949	0.01538	0.00924	0.01169	0.02154	0.00297	0.67717	0.00617	0.00310	0.00775
91	0.01782	0.01430	0.01536	0.01371	0.01763	0.01620	0.01069	0.03535	0.61114	0.07595	0.05332	0.02783	0.03978	0.00978	0.00716	0.00235	0.00542	0.00817	0.00721	0.01082
92	0.01717	0.01615	0.02127	0.01787	0.01917	0.04079	0.03443	0.12751	0.01479	0.02141	0.01114	0.01622	0.01011	0.01351	0.05900	0.00330	0.53784	0.00623	0.00377	0.00832
93	0.01681	0.01643	0.05129	0.01436	0.01818	0.07752	0.01174	0.03159	0.49181	0.02657	0.05214	0.05121	0.02381	0.01063	0.00735	0.00240	0.00635	0.07330	0.00652	0.00997
94	0.01318	0.01240	0.02093	0.73798	0.04806	0.01550	0.01938	0.01783	0.01395	0.01783	0.01240	0.01860	0.00930	0.00698	0.00698	0.00233	0.00930	0.00620	0.00310	0.00775
95	0.02653	0.01955	0.02094	0.01606	0.02164	0.02164	0.01326	0.68796	0.03281	0.04398	0.01675	0.01675	0.01187	0.00838	0.00698	0.00209	0.00768	0.00628	0.00698	0.01187
96	0.00874	0.00703	0.00779	0.00772	0.00976	0.00608	0.00574	0.01092	0.01689	0.02147	0.25533	0.10120	0.48300	0.01691	0.00828	0.00234	0.00349	0.01440	0.00683	0.00608
97	0.02368	0.01786	0.01941	0.01471	0.02044	0.01873	0.01208	0.52972	0.02848	0.03897	0.01573	0.01621	0.01151	0.00762	0.00655	0.00184	0.00709	0.00578	0.00631	0.19728
98	0.01664	0.01593	0.02718	0.15029	0.60872	0.01641	0.02110	0.02086	0.01559	0.02203	0.01301	0.01748	0.01078	0.00633	0.00692	0.00211	0.00845	0.00622	0.00340	0.01054
99	0.01326	0.01254	0.02159	0.65512	0.04548	0.01521	0.05848	0.01791	0.01422	0.01827	0.01389	0.02200	0.01112	0.00760	0.00720	0.00238	0.00929	0.04336	0.00331	0.00778
100	0.00853	0.00616	0.00808	0.00954	0.01009	0.00571	0.00641	0.00984	0.01371	0.01820	0.06156	0.68955	0.08405	0.02138	0.00885	0.00279	0.00400	0.01932	0.00652	0.00571
101	0.01015	0.00677	0.00761	0.00761	0.00761	0.00677	0.00423	0.01015	0.01015	0.01353	0.02199	0.04567	0.02537	0.75476	0.03552	0.00677	0.00677	0.01015	0.00423	0.00423
102	0.02727	0.01836	0.02021	0.01549	0.02105	0.01988	0.01280	0.58687	0.03083	0.14787	0.01842	0.01784	0.01270	0.00842	0.00699	0.00210	0.00741	0.00640	0.00724	0.01187
103	0.01318	0.01240	0.02093	0.73798	0.04806	0.01550	0.01938	0.01783	0.01395	0.01783	0.01240	0.01860	0.00930	0.00698	0.00698	0.00233	0.00930	0.00620	0.00310	0.00775
104	0.01109	0.00798	0.01103	0.01255	0.01420	0.00792	0.01094	0.01423	0.01606	0.02078	0.03868	0.07812	0.07445	0.01919	0.00957	0.00317	0.00628	0.63092	0.00643	0.00640
105	0.00854	0.00728	0.00737	0.00731	0.00969	0.00622	0.00550	0.01084	0.03437	0.01941	0.08907	0.06559	0.67024	0.01735	0.00822	0.00235	0.00358	0.01448	0.00653	0.00605
106	0.02683	0.01795	0.01985	0.01528	0.02067	0.01941	0.01258	0.56634	0.03011	0.14690	0.01828	0.01797	0.01271	0.00890	0.00760	0.02615	0.00736	0.00639	0.00712	0.01160
107	0.00847	0.00618	0.00798	0.00942	0.01004	0.00569	0.00635	0.00975	0.01364	0.01793	0.04204	0.67440	0.11964	0.02140	0.00883	0.00278	0.00399	0.01927	0.00648	0.00569
108	0.00997	0.00745	0.01110	0.01110	0.01231	0.00866	0.00858	0.01239	0.01118	0.01612	0.01879	0.02798	0.01769	0.07408	0.70569	0.01108	0.01832	0.00756	0.00375	0.00617
109	0.02096	0.58239	0.05422	0.01241	0.01841	0.02405	0.01213	0.04490	0.01581	0.13880	0.01311	0.01366	0.01049	0.00653	0.00507	0.00165	0.00730	0.00443	0.00409	0.00960
110	0.01560	0.01583	0.02132	0.01831	0.01842	0.04326	0.01521	0.01714	0.01097	0.01680	0.00921	0.01518	0.00915	0.01206	0.02239	0.00301	0.71936	0.00606	0.00307	0.00765
111	0.01511	0.01504	0.02107	0.01811	0.01815	0.02100	0.01507	0.01666	0.01070	0.01678	0.00944	0.01563	0.00941	0.01341	0.04385	0.00330	0.72047	0.00615	0.00307	0.00759
112	0.04556	0.26764	0.05145	0.01563	0.02000	0.27207	0.01348	0.09633	0.01767	0.02041	0.01089	0.01300	0.00927	0.00758	0.00804	0.00193	0.11189	0.00467	0.00369	0.00879
113	0.03022	0.00782	0.01077	0.01272	0.05048	0.00765	0.00937	0.01313	0.01550	0.02115	0.12913	0.30848	0.04347	0.01846	0.00890	0.00285	0.00522	0.29183	0.00640	0.00646
114	0.01587	0.01468	0.02191	0.03430	0.04798	0.01348	0.15383	0.06459	0.01583	0.02343	0.01279	0.01583	0.01039	0.00629	0.00773	0.00165	0.07651	0.00547	0.00405	0.45340
115	0.01776	0.47046	0.18700	0.01521	0.02183	0.06188	0.04977	0.02210	0.04018	0.01852	0.01130	0.01313	0.00948	0.00649	0.00589	0.00179	0.03022	0.00455	0.00319	0.00927
116	0.04652	0.01797	0.05000	0.03956	0.62772	0.05298	0.02064	0.02174	0.01590	0.02279	0.01286	0.01673	0.01075	0.00629	0.00677	0.00207	0.00847	0.00600	0.00348	0.01075
117	0.00876	0.00706	0.00780	0.00769	0.00976	0.00610	0.00574	0.01098	0.01701	0.02164	0.26659	0.08505	0.48781	0.01676	0.00826	0.00232	0.00348	0.01424	0.00685	0.00610
118	0.00863	0.00708	0.00760	0.00747	0.00966	0.00605	0.00560	0.01075	0.01680	0.02098	0.21916	0.06365	0.55860	0.01688	0.00824	0.00232	0.00348	0.01424	0.00676	0.00605
119	0.01400	0.03610	0.71860	0.01989	0.03020	0.01621	0.02578	0.02210	0.01473	0.02210	0.01252	0.01473	0.00884	0.00663	0.00663	0.00221	0.01031	0.00516	0.00295	0.01031
120	0.00960	0.00712	0.00894	0.00848	0.01025	0.00646	0.00636	0.01263	0.01909	0.02641	0.59783	0.05472	0.17654	0.01485	0.00823	0.00222	0.00333	0.01298	0.00747	0.00646
121	0.01044	0.00715	0.00808	0.00780	0.00822	0.00694	0.00451	0.01066	0.01044	0.01416	0.02133	0.04353	0.02434	0.70340	0.03344	0.00637	0.00666	0.00974	0.00422	0.05857
122	0.02944	0.01164	0.01551	0.01209	0.01716	0.01031	0.00992	0.03293	0.04950	0.63854	0.02724	0.02401	0.01749	0.00864	0.00687	0.00213	0.00574	0.00702	0.06234	0.01147
123	0.01920	0.70830	0.03550	0.01222	0.01817	0.02720	0.01203	0.06660	0.01546	0.01831	0.01018	0.01157	0.00915	0.00614	0.00465	0.00153	0.00748	0.00391	0.00326	0.00915
124	0.01131	0.00790	0.01110	0.01259	0.01409	0.00790	0.01089	0.01409	0.01559	0.02028	0.03525	0.07478	0.03824	0.01962	0.01085	0.05759	0.00640	0.61916	0.00619	0.00619
125	0.01362	0.03404	0.66992	0.01919	0.02883	0.01548	0.02446	0.02125	0.01464	0.02181	0.01430	0.06512	0.01140	0.00767	0.00679	0.00225	0.00988	0.00616	0.00319	0.00999
126	0.01400	0.03610	0.71860	0.01989	0.03020	0.01621	0.02578	0.02210	0.01473	0.02210	0.01252	0.01473	0.00884	0.00663	0.00663	0.00221	0.01031	0.00516	0.00295	0.01031
127	0.00971	0.00794	0.00890	0.01028	0.01091	0.05507	0.00696	0.01096	0.01380	0.01776	0.03657	0.69967	0.04361	0.02086	0.00873	0.00276	0.00463	0.01879	0.00628	0.00583
128	0.41426	0.01455	0.05394	0.05883	0.12433	0.01481	0.01159	0.06783	0.01477	0.02828	0.03253	0.06581	0.01338	0.00797	0.00565	0.00217	0.00625	0.00605	0.04864	0.00836
129	0.01033	0.00793	0.01151	0.01019	0.01221	0.00734	0.05312	0.01380	0.01953	0.02760	0.66004	0.04984	0.06206	0.01369	0.00823	0.00221	0.00387	0.01232	0.00740	0.00678
130	0.01583	0.01481	0.02435	0.30220	0.39110	0.01584	0.01948	0.04121	0.01560	0.02160	0.01292	0.01757	0.01037	0.00650	0.00682	0.00210	0.00844	0.00607	0.00348	0.06371
131	0.01526	0.01383	0.01483	0.01086	0.01688	0.05845	0.00863	0.01828	0.01483	0.02235	0.01229	0.01434	0.01024	0.00531	0.00524	0.00109	0.00568	0.00416	0.00410	0.74334
132	0.01916	0.70924	0.03542	0.01235	0.01816	0.07551	0.01205	0.02137	0.01456	0.01646	0.00978	0.01129	0.00896	0.00605	0.00460	0.00151	0.00781	0.00378	0.00303	0.00890
133	0.01371	0.03343	0.64607	0.01953	0.02905	0.01554	0.04770	0.02126	0.01470	0.02181	0.01436	0.06526	0.01146	0.00765	0.00684	0.00226	0.00994	0.00627	0.00321	0.00996
134	0.01907	0.71834	0.03563	0.01228	0.01812	0.06674	0.01203	0.02129	0.01449	0.01645	0.00976	0.01127	0.00896	0.00604	0.00458	0.00151	0.00775	0.00377	0.00302	0.00891
135	0.01729	0.01452	0.01549	0.01391	0.01764	0.01672	0.01078	0.05607	0.62999	0.02850	0.02691	0.02541	0.02037	0.01044	0.00848	0.05680	0.00563	0.00771	0.00682	0.01052

[dist]
# distance from previous block
# <min> <max>
0	1

[block]
# block no. 2 follows, 30 sequences, length 10
# corresponding to MSA columns:
# 311-320
name=unknown_C
#
# <colnr> <probs for GDERKNQSTAVLIFYWHMCP>
#	G	D	E	R	K	N	Q	S	T	A	V	L	I	F	Y	W	H	M	C	P
0	0.01244	0.00831	0.01006	0.00921	0.01164	0.00774	0.00705	0.01670	0.07739	0.10039	0.41626	0.05055	0.21715	0.01409	0.00801	0.00225	0.00383	0.01213	0.00744	0.00737
1	0.05148	0.01358	0.02242	0.51607	0.22544	0.01580	0.01937	0.01892	0.01438	0.01980	0.01247	0.01790	0.00969	0.00675	0.00683	0.00225	0.00885	0.00609	0.00325	0.00863
2	0.01475	0.15504	0.02486	0.51049	0.12751	0.01795	0.01823	0.01887	0.01425	0.01820	0.01198	0.01702	0.00946	0.00669	0.00649	0.00213	0.00882	0.00573	0.00312	0.00841
3	0.00939	0.00696	0.00878	0.00883	0.01036	0.00635	0.00654	0.01202	0.01772	0.02418	0.44231	0.18870	0.17176	0.01651	0.00842	0.00239	0.00361	0.04168	0.00719	0.00628
4	0.06054	0.01140	0.01497	0.01246	0.01701	0.01049	0.01037	0.02988	0.05912	0.51298	0.02859	0.03380	0.02144	0.01062	0.00740	0.00237	0.00598	0.13202	0.00794	0.01060
5	0.01765	0.01298	0.01976	0.39306	0.05602	0.01544	0.01616	0.04748	0.01537	0.15209	0.01534	0.01919	0.01131	0.00828	0.00967	0.00237	0.13610	0.00636	0.03663	0.00874
6	0.02864	0.01277	0.01850	0.01821	0.14980	0.01146	0.01238	0.03161	0.01920	0.58411	0.02479	0.02252	0.01609	0.00818	0.00700	0.00214	0.00639	0.00687	0.00765	0.01172
7	0.01015	0.00677	0.00761	0.00761	0.00761	0.00677	0.00423	0.01015	0.01015	0.01353	0.02199	0.04567	0.02537	0.75476	0.03552	0.00677	0.00677	0.01015	0.00423	0.00423
8	0.04534	0.01868	0.08874	0.09413	0.09848	0.01679	0.44453	0.02174	0.03407	0.02216	0.01390	0.01832	0.01060	0.00676	0.00828	0.02680	0.01051	0.00737	0.00355	0.00926
9	0.01318	0.01623	0.17051	0.07534	0.16477	0.01192	0.01550	0.01788	0.04306	0.04087	0.02865	0.16976	0.10926	0.01240	0.00771	0.00244	0.00702	0.08013	0.00489	0.00848

[dist]
# distance from previous block
# <min> <max>
0	7

[block]
# block no. 3 follows, 30 sequences, length 13
# corresponding to MSA columns:
# 328-340
name=unknown_D
#
# <colnr> <probs for GDERKNQSTAVLIFYWHMCP>
#	G	D	E	R	K	N	Q	S	T	A	V	L	I	F	Y	W	H	M	C	P
0	0.01050	0.00854	0.01315	0.01586	0.12301	0.00816	0.04457	0.01257	0.01437	0.01958	0.09186	0.50552	0.03963	0.04655	0.00954	0.00278	0.00517	0.01604	0.00586	0.00675
1	0.61742	0.01758	0.01260	0.01120	0.01544	0.15229	0.00897	0.05407	0.01440	0.02919	0.01026	0.01184	0.00804	0.00671	0.00483	0.00209	0.00689	0.00404	0.00431	0.00787
2	0.01496	0.02202	0.21677	0.02478	0.03198	0.01598	0.43838	0.02093	0.01568	0.02180	0.01631	0.09625	0.01394	0.00780	0.00788	0.00237	0.01055	0.00867	0.00369	0.00925
3	0.01362	0.05857	0.50415	0.01998	0.09911	0.01506	0.02150	0.02005	0.01502	0.02143	0.02173	0.02320	0.12041	0.00832	0.00683	0.00219	0.00890	0.00674	0.00356	0.00963
4	0.01591	0.33327	0.43821	0.01662	0.02515	0.02090	0.02009	0.02160	0.01451	0.01976	0.01136	0.01328	0.00889	0.00636	0.00575	0.00192	0.00914	0.00457	0.00296	0.00975
5	0.02020	0.01981	0.02574	0.03446	0.48736	0.13490	0.01881	0.12856	0.01923	0.02522	0.01332	0.01641	0.01084	0.00672	0.00682	0.00203	0.00890	0.00594	0.00404	0.01069
6	0.01494	0.01605	0.06767	0.19429	0.11551	0.01548	0.24532	0.04551	0.01662	0.02283	0.12374	0.02341	0.01902	0.00793	0.00826	0.00230	0.04027	0.00786	0.00416	0.00884
7	0.01696	0.04746	0.04882	0.07991	0.56875	0.01704	0.05283	0.02176	0.03790	0.02241	0.01347	0.01738	0.01111	0.00635	0.00687	0.00209	0.00845	0.00624	0.00352	0.01067
8	0.00901	0.00781	0.04578	0.01050	0.01153	0.00641	0.00788	0.01075	0.01365	0.01828	0.03697	0.65782	0.04371	0.02085	0.00885	0.00283	0.00457	0.07054	0.00629	0.00597
9	0.01109	0.12675	0.01329	0.00901	0.01133	0.00986	0.00714	0.01384	0.01784	0.02419	0.47938	0.04704	0.13162	0.05718	0.00925	0.00237	0.00419	0.01131	0.00659	0.00674
10	0.00949	0.00654	0.00865	0.00984	0.01068	0.00613	0.00690	0.01104	0.01406	0.04087	0.06540	0.58585	0.08808	0.02196	0.03821	0.00312	0.00478	0.05594	0.00648	0.00599
11	0.01528	0.01442	0.02493	0.20095	0.38780	0.01505	0.07454	0.01954	0.01551	0.02128	0.01683	0.02749	0.01523	0.00845	0.00747	0.00234	0.00852	0.11110	0.00385	0.00940
12	0.01386	0.01279	0.02126	0.41747	0.23713	0.01440	0.01794	0.01814	0.01545	0.02091	0.12324	0.02355	0.01882	0.00791	0.00716	0.00223	0.00805	0.00723	0.00393	0.00854

[dist]
# distance from previous block
# <min> <max>
0	6

[block]
# block no. 4 follows, 30 sequences, length 13
# corresponding to MSA columns:
# 347-359
name=unknown_E
#
# <colnr> <probs for GDERKNQSTAVLIFYWHMCP>
#	G	D	E	R	K	N	Q	S	T	A	V	L	I	F	Y	W	H	M	C	P
0	0.01066	0.00702	0.01054	0.01054	0.01139	0.00787	0.00787	0.01139	0.01054	0.01490	0.01660	0.02544	0.01575	0.04338	0.50387	0.26185	0.01466	0.00702	0.00351	0.00521
1	0.00841	0.00702	0.00734	0.00737	0.00956	0.00594	0.00549	0.01029	0.01613	0.01965	0.12852	0.10311	0.61205	0.01758	0.00828	0.00237	0.00354	0.01481	0.00659	0.00594
2	0.01984	0.01338	0.01868	0.01571	0.01756	0.01653	0.01300	0.02184	0.01370	0.23978	0.01600	0.01922	0.01260	0.01520	0.09034	0.00361	0.43273	0.00654	0.00490	0.00884
3	0.01078	0.00654	0.00808	0.00808	0.00808	0.00654	0.00481	0.00981	0.00981	0.01308	0.01884	0.03787	0.02114	0.52174	0.03289	0.25882	0.00654	0.00884	0.00385	0.00385
4	0.01828	0.02044	0.01817	0.02152	0.18922	0.32035	0.01322	0.02047	0.01676	0.01873	0.02020	0.24903	0.02136	0.01163	0.00728	0.00220	0.00880	0.00982	0.00448	0.00805
5	0.48473	0.01305	0.01457	0.30344	0.02745	0.01559	0.01233	0.01943	0.01271	0.02587	0.01080	0.01427	0.00826	0.00668	0.00539	0.00223	0.00697	0.00476	0.00383	0.00764
6	0.01479	0.03059	0.50252	0.02293	0.03220	0.01667	0.23634	0.02218	0.01529	0.02218	0.01303	0.01604	0.00940	0.00639	0.00714	0.00226	0.01078	0.00614	0.00313	0.01003
7	0.01161	0.01070	0.01651	0.50484	0.03574	0.01244	0.01489	0.01534	0.01458	0.01816	0.03100	0.03409	0.23229	0.01039	0.00738	0.00234	0.00746	0.00892	0.00418	0.00716
8	0.01432	0.01034	0.01398	0.01223	0.01387	0.01175	0.00979	0.01692	0.01676	0.11326	0.37440	0.03722	0.06392	0.01300	0.01275	0.00247	0.23927	0.00989	0.00629	0.00758
9	0.01494	0.01420	0.02411	0.43877	0.33350	0.01597	0.02026	0.01937	0.01479	0.01997	0.01271	0.01803	0.01006	0.00665	0.00695	0.00222	0.00887	0.00621	0.00325	0.00917
10	0.01134	0.00881	0.01097	0.00928	0.01237	0.00745	0.00712	0.01457	0.01807	0.02631	0.48581	0.04011	0.04814	0.01136	0.00725	0.00182	0.00389	0.00991	0.00655	0.25884
11	0.01302	0.01146	0.01799	0.33449	0.15151	0.01284	0.01515	0.04083	0.03547	0.02000	0.02148	0.25189	0.02182	0.01172	0.00758	0.00244	0.00727	0.01061	0.00450	0.00792
12	0.01240	0.01125	0.01596	0.36771	0.05427	0.01276	0.01366	0.01846	0.12137	0.02010	0.03351	0.03520	0.23423	0.01075	0.00740	0.00233	0.00684	0.00918	0.00481	0.00779

[dist]
# distance from previous block
# <min> <max>
0	48

# created by:
# /st0/software/busco_prod/Augustus/scripts/msa2prfl.pl ./align_prep/130976.fa
