[name]
unknown

[dist]
# distance from previous block
# <min> <max>
10	57

[block]
# block no. 0 follows, 27 sequences, length 25
# corresponding to MSA columns:
# 72-96
name=unknown_A
#
# <colnr> <probs for GDERKNQSTAVLIFYWHMCP>
#	G	D	E	R	K	N	Q	S	T	A	V	L	I	F	Y	W	H	M	C	P
0	0.05866	0.01315	0.01756	0.05482	0.05369	0.01284	0.01197	0.05813	0.05369	0.44126	0.04291	0.02614	0.04325	0.01139	0.03576	0.00274	0.03538	0.00768	0.00768	0.01132
1	0.01140	0.00831	0.01086	0.04059	0.05110	0.00775	0.00813	0.01380	0.01715	0.05617	0.22304	0.23173	0.21915	0.05424	0.01024	0.00280	0.00467	0.01493	0.00690	0.00703
2	0.09206	0.02166	0.18110	0.02548	0.11596	0.01680	0.26512	0.02289	0.01650	0.04946	0.04129	0.01994	0.01354	0.00737	0.00809	0.00238	0.03522	0.00724	0.04789	0.01000
3	0.05928	0.57349	0.06536	0.01386	0.01998	0.12540	0.01338	0.02333	0.01584	0.01864	0.01062	0.01230	0.00945	0.00660	0.00514	0.00170	0.00875	0.00416	0.00334	0.00939
4	0.16145	0.00936	0.01054	0.01090	0.01244	0.00997	0.00785	0.05020	0.01494	0.02330	0.05112	0.45759	0.03651	0.06054	0.01080	0.00307	0.04096	0.01543	0.00620	0.00683
5	0.06645	0.27817	0.17773	0.05212	0.02365	0.15907	0.01630	0.02304	0.01644	0.02070	0.03819	0.01857	0.01326	0.00805	0.00680	0.00208	0.03158	0.03480	0.00375	0.00925
6	0.00904	0.00646	0.00861	0.01034	0.01077	0.00603	0.00689	0.01034	0.01421	0.01895	0.04092	0.73426	0.04910	0.02326	0.00948	0.00301	0.00431	0.02110	0.00689	0.00603
7	0.00914	0.00653	0.00870	0.01027	0.01079	0.00609	0.00690	0.01057	0.01465	0.01964	0.08218	0.69103	0.05043	0.02274	0.00943	0.00297	0.00426	0.02062	0.00697	0.00609
8	0.01864	0.01930	0.05507	0.04149	0.57690	0.04993	0.05507	0.02383	0.04303	0.02418	0.01451	0.01849	0.01197	0.00680	0.00739	0.00222	0.00919	0.00667	0.00382	0.01149
9	0.00986	0.00742	0.00849	0.00840	0.01039	0.00658	0.00623	0.01245	0.01818	0.02432	0.30576	0.11438	0.34648	0.01695	0.00854	0.00242	0.00368	0.01454	0.06833	0.00658
10	0.00920	0.00665	0.00851	0.00986	0.01050	0.00617	0.00659	0.01051	0.01441	0.01902	0.06219	0.59679	0.10901	0.07900	0.01162	0.00328	0.00446	0.01954	0.00674	0.00596
11	0.01765	0.02064	0.06883	0.05938	0.12195	0.03650	0.51416	0.02361	0.01735	0.02349	0.01465	0.01945	0.01115	0.00642	0.00840	0.00244	0.01190	0.00816	0.00370	0.01017
12	0.02760	0.02049	0.02193	0.01696	0.02279	0.02273	0.01396	0.62801	0.07594	0.04578	0.01861	0.01845	0.01326	0.00899	0.00743	0.00225	0.00802	0.00679	0.00743	0.01257
13	0.01489	0.03840	0.70064	0.02116	0.03213	0.01724	0.02743	0.02351	0.01567	0.02351	0.01332	0.01567	0.00940	0.00705	0.00705	0.00235	0.01097	0.00549	0.00313	0.01097
14	0.00990	0.00818	0.00845	0.00831	0.01083	0.00719	0.00623	0.04774	0.01769	0.02147	0.06890	0.12775	0.59419	0.01864	0.00876	0.00254	0.00406	0.01565	0.00692	0.00660
15	0.02137	0.01927	0.02483	0.20774	0.08008	0.13172	0.11292	0.09271	0.06963	0.10562	0.01679	0.01955	0.01245	0.00807	0.00834	0.00236	0.04470	0.00687	0.00494	0.01007
16	0.01555	0.01509	0.02087	0.01804	0.01804	0.02076	0.01474	0.01696	0.01130	0.01742	0.01148	0.02036	0.01194	0.10555	0.02607	0.00375	0.63395	0.00704	0.00341	0.00766
17	0.01489	0.03840	0.70064	0.02116	0.03213	0.01724	0.02743	0.02351	0.01567	0.02351	0.01332	0.01567	0.00940	0.00705	0.00705	0.00235	0.01097	0.00549	0.00313	0.01097
18	0.00950	0.00734	0.00975	0.01056	0.01154	0.00696	0.02424	0.01100	0.01459	0.01908	0.04503	0.54545	0.16528	0.04770	0.01081	0.00307	0.02637	0.01895	0.00661	0.00619
19	0.02870	0.02002	0.02180	0.01671	0.02264	0.02188	0.01381	0.60825	0.03361	0.10840	0.01891	0.01853	0.01317	0.00894	0.00743	0.00223	0.00799	0.00676	0.00759	0.01263
20	0.02554	0.02024	0.02052	0.01660	0.02104	0.10994	0.01343	0.37477	0.05010	0.09329	0.01776	0.01935	0.01338	0.03147	0.01046	0.00247	0.10522	0.00667	0.03677	0.01099
21	0.02083	0.09729	0.02277	0.01953	0.10301	0.26965	0.04026	0.02470	0.05179	0.02155	0.01443	0.01842	0.01238	0.00742	0.00653	0.00181	0.00941	0.03256	0.00421	0.22144
22	0.01565	0.01398	0.02016	0.30716	0.03236	0.01536	0.03871	0.05032	0.03921	0.02269	0.01419	0.01866	0.01128	0.00776	0.00897	0.00213	0.09940	0.00611	0.04277	0.23313
23	0.01103	0.00750	0.00864	0.00847	0.00904	0.00744	0.00517	0.01165	0.01157	0.01594	0.02485	0.04542	0.05248	0.58252	0.09338	0.00691	0.00793	0.01029	0.04429	0.03547
24	0.01619	0.01829	0.06209	0.02864	0.10072	0.01644	0.45740	0.02152	0.01683	0.02312	0.01862	0.12512	0.01683	0.00882	0.00856	0.00250	0.01065	0.01010	0.00421	0.03337

[dist]
# distance from previous block
# <min> <max>
3	5

[block]
# block no. 1 follows, 27 sequences, length 42
# corresponding to MSA columns:
# 103-116,118-145
name=unknown_B
#
# <colnr> <probs for GDERKNQSTAVLIFYWHMCP>
#	G	D	E	R	K	N	Q	S	T	A	V	L	I	F	Y	W	H	M	C	P
0	0.55728	0.01616	0.04826	0.06220	0.01921	0.01708	0.01083	0.10076	0.01618	0.07488	0.01278	0.01431	0.00944	0.00732	0.00544	0.00230	0.00663	0.00481	0.00506	0.00904
1	0.02566	0.04527	0.02217	0.01766	0.05243	0.04027	0.01389	0.51430	0.05164	0.04089	0.01748	0.01826	0.01292	0.01079	0.04089	0.00261	0.00869	0.00653	0.00669	0.05096
2	0.01223	0.00906	0.01093	0.01092	0.01277	0.00864	0.00782	0.08598	0.01660	0.02237	0.03529	0.42447	0.07639	0.10159	0.01207	0.00319	0.00530	0.04804	0.00641	0.08994
3	0.74392	0.01476	0.01162	0.01022	0.01490	0.01705	0.00842	0.06214	0.01402	0.03415	0.01080	0.01242	0.00833	0.00702	0.00477	0.00229	0.00589	0.00419	0.00477	0.00833
4	0.05470	0.56070	0.09365	0.01412	0.02025	0.06809	0.01410	0.02250	0.01515	0.01878	0.01062	0.01260	0.00946	0.00693	0.00630	0.00181	0.05320	0.00431	0.00328	0.00944
5	0.01080	0.00720	0.00810	0.00810	0.00810	0.00720	0.00450	0.01080	0.01080	0.01439	0.02339	0.04858	0.02699	0.73910	0.03779	0.00720	0.00720	0.01080	0.00450	0.00450
6	0.01290	0.01048	0.01471	0.01733	0.15012	0.01035	0.01071	0.01838	0.09037	0.02842	0.45943	0.06824	0.05245	0.01317	0.00837	0.00235	0.00486	0.01177	0.00715	0.00844
7	0.01025	0.00738	0.00978	0.01011	0.01148	0.00690	0.00753	0.01312	0.01864	0.02585	0.43190	0.25153	0.06103	0.01807	0.00913	0.00265	0.00410	0.08618	0.00766	0.00671
8	0.01813	0.49982	0.26764	0.01563	0.02357	0.02518	0.01779	0.02267	0.01529	0.01956	0.01136	0.01321	0.00948	0.00659	0.00555	0.00185	0.00899	0.00449	0.00316	0.01003
9	0.01408	0.00838	0.01155	0.01087	0.01166	0.00894	0.00781	0.05578	0.01214	0.01695	0.01418	0.02243	0.01339	0.02475	0.07985	0.55691	0.05232	0.00655	0.04344	0.02801
10	0.02039	0.69465	0.03767	0.01315	0.01932	0.07634	0.01282	0.02274	0.01550	0.01751	0.01040	0.01201	0.00953	0.00644	0.00490	0.00161	0.00832	0.00403	0.00322	0.00946
11	0.02781	0.01915	0.02101	0.01630	0.02194	0.02080	0.01338	0.56367	0.03232	0.11817	0.02029	0.05538	0.01514	0.00968	0.00754	0.00228	0.00776	0.00751	0.00760	0.01229
12	0.01698	0.01375	0.01704	0.01272	0.01869	0.01149	0.04264	0.09144	0.01778	0.04985	0.01693	0.08261	0.01497	0.00769	0.00632	0.00152	0.00607	0.00653	0.00510	0.55988
13	0.05345	0.06204	0.17080	0.08384	0.09373	0.04980	0.20949	0.06257	0.01728	0.04250	0.01389	0.01753	0.01064	0.00748	0.00891	0.00240	0.07293	0.00668	0.00392	0.01011
14	0.02734	0.02103	0.02174	0.01700	0.02269	0.05378	0.01391	0.58360	0.09113	0.04410	0.01863	0.01849	0.01337	0.00896	0.00740	0.00224	0.00820	0.00675	0.00727	0.01237
15	0.01672	0.01995	0.09365	0.06195	0.13311	0.01795	0.40721	0.02227	0.01656	0.02295	0.01568	0.05769	0.01306	0.00780	0.00943	0.00252	0.05920	0.00858	0.00380	0.00993
16	0.01985	0.74357	0.03890	0.01270	0.01905	0.02937	0.01270	0.02223	0.01508	0.01747	0.01032	0.01191	0.00953	0.00635	0.00476	0.00159	0.00794	0.00397	0.00318	0.00953
17	0.00997	0.00751	0.00921	0.00890	0.01079	0.00676	0.00663	0.01292	0.01957	0.02660	0.49070	0.09455	0.23556	0.01657	0.00880	0.00242	0.00361	0.01442	0.00776	0.00676
18	0.01087	0.00795	0.01014	0.00961	0.01135	0.00756	0.00712	0.01502	0.05371	0.02872	0.60078	0.07755	0.06484	0.04992	0.01011	0.00260	0.00383	0.01331	0.00792	0.00709
19	0.00925	0.00659	0.00877	0.01044	0.01092	0.00619	0.00707	0.01061	0.01425	0.01897	0.04029	0.67979	0.04808	0.04551	0.01040	0.00317	0.00453	0.05234	0.00681	0.00602
20	0.01432	0.01350	0.02281	0.67428	0.09574	0.01657	0.02077	0.01923	0.01499	0.01933	0.01325	0.01969	0.01003	0.00737	0.00742	0.00246	0.00982	0.00660	0.00332	0.00849
21	0.01540	0.01446	0.02367	0.50606	0.19923	0.01692	0.02042	0.02150	0.06856	0.02118	0.01474	0.02009	0.01136	0.00744	0.00742	0.00241	0.00932	0.00675	0.00373	0.00935
22	0.01796	0.01776	0.02844	0.16342	0.42451	0.05078	0.08228	0.02392	0.07289	0.02353	0.01518	0.01934	0.01219	0.00707	0.00748	0.00229	0.00934	0.00688	0.00395	0.01080
23	0.01358	0.00809	0.00892	0.00873	0.01022	0.00830	0.00631	0.05997	0.01551	0.02432	0.02485	0.06029	0.02317	0.20507	0.05052	0.00388	0.00585	0.04814	0.40766	0.00662
24	0.01751	0.27797	0.39579	0.01764	0.02621	0.05612	0.02064	0.04333	0.01652	0.02211	0.03468	0.01565	0.01156	0.00717	0.00632	0.00206	0.00972	0.00523	0.00348	0.01028
25	0.02779	0.02058	0.02203	0.01699	0.02286	0.02282	0.01400	0.64002	0.06363	0.04609	0.01838	0.01826	0.01307	0.00896	0.00743	0.00224	0.00807	0.00676	0.00743	0.01259
26	0.79154	0.01436	0.01091	0.00976	0.01436	0.01665	0.00804	0.02182	0.01263	0.03331	0.01034	0.01206	0.00804	0.00689	0.00459	0.00230	0.00574	0.00402	0.00459	0.00804
27	0.01489	0.03840	0.70064	0.02116	0.03213	0.01724	0.02743	0.02351	0.01567	0.02351	0.01332	0.01567	0.00940	0.00705	0.00705	0.00235	0.01097	0.00549	0.00313	0.01097
28	0.01516	0.03665	0.64075	0.02260	0.05657	0.01734	0.06171	0.02350	0.01582	0.02355	0.01344	0.01601	0.00959	0.00699	0.00716	0.00235	0.01098	0.00570	0.00319	0.01095
29	0.01024	0.00743	0.00966	0.00941	0.01101	0.00684	0.00694	0.01338	0.01993	0.02794	0.57789	0.14951	0.08913	0.01642	0.00886	0.00243	0.00362	0.01456	0.00795	0.00684
30	0.02800	0.01146	0.01553	0.01231	0.01712	0.01000	0.01000	0.03102	0.02119	0.54231	0.18292	0.03230	0.03041	0.01058	0.00777	0.00231	0.00566	0.00885	0.00895	0.01132
31	0.01016	0.00754	0.00947	0.00907	0.01090	0.00685	0.00677	0.01331	0.02008	0.02775	0.56264	0.08293	0.17285	0.01608	0.00879	0.00239	0.00357	0.01408	0.00791	0.00685
32	0.02773	0.02055	0.02200	0.01698	0.02283	0.02279	0.01399	0.63635	0.06739	0.04599	0.01845	0.01832	0.01313	0.00897	0.00743	0.00224	0.00805	0.00677	0.00743	0.01258
33	0.03331	0.01263	0.01723	0.01321	0.01895	0.01091	0.01091	0.03618	0.02125	0.69794	0.02929	0.02527	0.01838	0.00919	0.00747	0.00230	0.00632	0.00747	0.00919	0.01263
34	0.00922	0.00675	0.00859	0.00992	0.01073	0.00623	0.00680	0.01070	0.01483	0.01944	0.06754	0.56597	0.14397	0.04760	0.01038	0.00308	0.00439	0.04096	0.00685	0.00607
35	0.00921	0.00655	0.00865	0.01017	0.01064	0.00614	0.00677	0.01054	0.01435	0.01922	0.07105	0.66470	0.04891	0.06150	0.01097	0.00321	0.00442	0.02018	0.00682	0.00599
36	0.55048	0.01583	0.01813	0.05248	0.02127	0.01757	0.12143	0.07881	0.01554	0.03209	0.01195	0.01434	0.00909	0.00699	0.00571	0.00234	0.00734	0.00520	0.00463	0.00879
37	0.01681	0.01633	0.08840	0.05806	0.02348	0.01206	0.08675	0.02106	0.01625	0.07793	0.03268	0.01808	0.01296	0.00641	0.00639	0.00160	0.00714	0.00563	0.00461	0.48736
38	0.01405	0.02386	0.32602	0.01964	0.07930	0.01372	0.07614	0.01974	0.01621	0.02336	0.09080	0.07040	0.06157	0.04691	0.00909	0.00253	0.00856	0.00847	0.00442	0.08521
39	0.04811	0.01889	0.04821	0.05897	0.02197	0.10256	0.01280	0.14277	0.21614	0.06585	0.04200	0.02308	0.04031	0.00892	0.00707	0.00216	0.00752	0.00704	0.00614	0.11950
40	0.01273	0.00961	0.01142	0.03500	0.01367	0.00965	0.00784	0.08275	0.01608	0.02172	0.05314	0.04230	0.18112	0.20940	0.16405	0.00553	0.00888	0.01017	0.03171	0.07323
41	0.11821	0.10970	0.21891	0.06858	0.02361	0.08992	0.03621	0.02044	0.01553	0.02221	0.05560	0.05682	0.04551	0.01048	0.00873	0.07122	0.00865	0.00701	0.00409	0.00855

[dist]
# distance from previous block
# <min> <max>
0	4

[block]
# block no. 2 follows, 27 sequences, length 32
# corresponding to MSA columns:
# 150-176,182-186
name=unknown_C
#
# <colnr> <probs for GDERKNQSTAVLIFYWHMCP>
#	G	D	E	R	K	N	Q	S	T	A	V	L	I	F	Y	W	H	M	C	P
0	0.11516	0.13567	0.27460	0.07044	0.06813	0.01829	0.03583	0.03829	0.04441	0.05382	0.03690	0.01810	0.01293	0.00947	0.03593	0.00263	0.00930	0.00591	0.00415	0.01003
1	0.08262	0.37422	0.18765	0.01569	0.02253	0.14051	0.01610	0.04671	0.01674	0.02132	0.01149	0.01326	0.00949	0.00687	0.00571	0.00190	0.00940	0.00456	0.00354	0.00970
2	0.24454	0.07950	0.07077	0.01249	0.01704	0.01602	0.01092	0.09637	0.10873	0.05153	0.06171	0.10793	0.04744	0.01060	0.00665	0.00234	0.00621	0.00833	0.03170	0.00918
3	0.01603	0.01177	0.01607	0.08814	0.12363	0.01207	0.01204	0.07277	0.07262	0.08201	0.19556	0.09566	0.08258	0.01236	0.00798	0.00240	0.00596	0.02853	0.05280	0.00903
4	0.01133	0.00802	0.00951	0.00942	0.01001	0.00845	0.00601	0.01354	0.06507	0.01638	0.02380	0.06280	0.02574	0.53658	0.15586	0.00756	0.00930	0.01038	0.00472	0.00551
5	0.01541	0.01336	0.01669	0.04401	0.07331	0.01070	0.01037	0.01887	0.01569	0.02416	0.03651	0.01720	0.01304	0.00600	0.00584	0.00129	0.00588	0.00498	0.00442	0.66225
6	0.04719	0.01297	0.02105	0.56832	0.08371	0.01564	0.01920	0.01890	0.01513	0.02027	0.01615	0.02681	0.01375	0.00887	0.00763	0.00256	0.00930	0.08046	0.00379	0.00828
7	0.04751	0.19868	0.37332	0.01875	0.05419	0.02009	0.02040	0.02376	0.06902	0.02306	0.03860	0.01722	0.01280	0.00771	0.00741	0.00222	0.04546	0.00570	0.00377	0.01032
8	0.05944	0.00995	0.01283	0.01099	0.01448	0.00902	0.00863	0.02327	0.01996	0.30902	0.29913	0.09677	0.06940	0.01306	0.00806	0.00238	0.00487	0.01117	0.00826	0.00931
9	0.01153	0.05379	0.04650	0.01119	0.01269	0.03486	0.00854	0.01328	0.01444	0.01907	0.08599	0.37045	0.03867	0.17761	0.01564	0.00375	0.02790	0.04184	0.00583	0.00643
10	0.01529	0.00903	0.01250	0.01315	0.01544	0.00868	0.01117	0.01845	0.01772	0.13688	0.06409	0.12519	0.04022	0.01859	0.00966	0.00315	0.00641	0.45933	0.00729	0.00776
11	0.01837	0.01764	0.03013	0.04557	0.69279	0.01764	0.02278	0.02278	0.01690	0.02425	0.01396	0.01837	0.01176	0.00661	0.00735	0.00220	0.00882	0.00661	0.00367	0.01176
12	0.01029	0.00758	0.00962	0.00911	0.01095	0.00691	0.00683	0.01358	0.02049	0.02853	0.61035	0.05750	0.14935	0.01564	0.00876	0.00236	0.00354	0.01371	0.00801	0.00691
13	0.11673	0.00793	0.00754	0.00739	0.00936	0.00823	0.00551	0.01737	0.01479	0.02735	0.02231	0.02729	0.01821	0.06738	0.00774	0.00225	0.00406	0.00685	0.61481	0.00687
14	0.00975	0.00742	0.00897	0.00887	0.01070	0.00664	0.00654	0.01244	0.01881	0.02522	0.40570	0.14592	0.27125	0.01738	0.00885	0.00248	0.00369	0.01513	0.00759	0.00664
15	0.01871	0.01730	0.02775	0.11538	0.52352	0.01801	0.02111	0.07625	0.06150	0.02596	0.01526	0.01909	0.01234	0.00712	0.00738	0.00226	0.00869	0.00673	0.00419	0.01144
16	0.01819	0.01745	0.02980	0.07452	0.66530	0.01759	0.02269	0.02262	0.01682	0.02403	0.01393	0.01843	0.01168	0.00665	0.00735	0.00222	0.00887	0.00661	0.00366	0.01161
17	0.01558	0.01336	0.01548	0.01124	0.01770	0.01041	0.00897	0.01993	0.05503	0.02460	0.01421	0.01613	0.01169	0.00577	0.00562	0.00118	0.00552	0.00464	0.00459	0.73836
18	0.66504	0.01430	0.01187	0.01039	0.01500	0.01624	0.00852	0.04876	0.03109	0.07543	0.03744	0.01512	0.01153	0.00750	0.00512	0.00230	0.00580	0.00480	0.00520	0.00857
19	0.00927	0.00666	0.00874	0.01024	0.01085	0.00622	0.00697	0.01072	0.01462	0.01944	0.06886	0.62904	0.07702	0.04508	0.01033	0.00311	0.00444	0.04544	0.00687	0.00607
20	0.02535	0.07886	0.02263	0.06808	0.02401	0.07299	0.01402	0.45940	0.06856	0.03861	0.01738	0.01812	0.01278	0.00856	0.00708	0.00217	0.00835	0.00643	0.03513	0.01149
21	0.02772	0.02050	0.02201	0.01684	0.02281	0.02251	0.01390	0.64275	0.03414	0.04591	0.01764	0.01773	0.01256	0.00878	0.00735	0.00218	0.00807	0.00659	0.00731	0.04268
22	0.00973	0.00753	0.00896	0.00940	0.01127	0.00677	0.00720	0.01213	0.01741	0.02236	0.19801	0.17744	0.34238	0.01901	0.00913	0.00270	0.00431	0.12060	0.00716	0.00648
23	0.00904	0.00646	0.00861	0.01034	0.01077	0.00603	0.00689	0.01034	0.01421	0.01895	0.04092	0.73426	0.04910	0.02326	0.00948	0.00301	0.00431	0.02110	0.00689	0.00603
24	0.01708	0.02035	0.07976	0.08668	0.06743	0.01856	0.52940	0.02316	0.01699	0.02323	0.01458	0.01957	0.01102	0.00661	0.00893	0.00250	0.03230	0.00823	0.00366	0.00995
25	0.01080	0.00720	0.00810	0.00810	0.00810	0.00720	0.00450	0.01080	0.01080	0.01439	0.02339	0.04858	0.02699	0.73910	0.03779	0.00720	0.00720	0.01080	0.00450	0.00450
26	0.01964	0.70176	0.03797	0.01309	0.01908	0.02899	0.01291	0.02198	0.01487	0.01749	0.01029	0.01216	0.00954	0.00673	0.00589	0.00168	0.04919	0.00411	0.00318	0.00945
27	0.01384	0.00692	0.00692	0.00692	0.00865	0.00692	0.00519	0.01730	0.01557	0.02768	0.02422	0.02768	0.01903	0.00865	0.00519	0.00173	0.00346	0.00692	0.78031	0.00692
28	0.33341	0.01358	0.01688	0.13147	0.10984	0.01495	0.04074	0.04142	0.01634	0.02904	0.16020	0.02418	0.02269	0.00879	0.00660	0.00233	0.00671	0.00713	0.00510	0.00857
29	0.01425	0.00843	0.01103	0.00990	0.01236	0.00762	0.00759	0.01757	0.02085	0.14164	0.54688	0.05119	0.09275	0.01435	0.00854	0.00234	0.00399	0.01254	0.00828	0.00791
30	0.01640	0.01204	0.01435	0.01295	0.01551	0.01335	0.00994	0.15667	0.10893	0.05090	0.02617	0.13525	0.04497	0.10375	0.17660	0.00526	0.04792	0.01016	0.03031	0.00858
31	0.08184	0.07158	0.35747	0.01811	0.02609	0.06747	0.04190	0.08805	0.01837	0.09458	0.03585	0.01791	0.01272	0.00896	0.02567	0.00251	0.00985	0.00597	0.00454	0.01054

[dist]
# distance from previous block
# <min> <max>
1	4

[block]
# block no. 3 follows, 27 sequences, length 15
# corresponding to MSA columns:
# 191-205
name=unknown_D
#
# <colnr> <probs for GDERKNQSTAVLIFYWHMCP>
#	G	D	E	R	K	N	Q	S	T	A	V	L	I	F	Y	W	H	M	C	P
0	0.39265	0.01584	0.05263	0.14142	0.02310	0.01675	0.01227	0.13292	0.01771	0.03203	0.05409	0.01799	0.01350	0.00793	0.00602	0.00230	0.00697	0.00573	0.03923	0.00892
1	0.02200	0.01593	0.01732	0.01395	0.01851	0.01715	0.01130	0.42071	0.02738	0.03767	0.02445	0.04621	0.07497	0.01362	0.06101	0.00290	0.00779	0.00794	0.11499	0.04420
2	0.12681	0.33038	0.16751	0.01582	0.02217	0.04900	0.04702	0.02220	0.01482	0.02155	0.01126	0.01374	0.00946	0.00729	0.00758	0.00206	0.08460	0.00483	0.00347	0.03843
3	0.01049	0.00715	0.00820	0.00835	0.00861	0.00702	0.00492	0.01087	0.01191	0.01582	0.05578	0.12168	0.06752	0.59466	0.03203	0.00630	0.00655	0.01225	0.00503	0.00486
4	0.01942	0.19705	0.17935	0.07525	0.11083	0.17339	0.01867	0.02347	0.01631	0.02000	0.01187	0.01500	0.00984	0.00768	0.00850	0.00217	0.09283	0.00532	0.00339	0.00967
5	0.00890	0.00743	0.00777	0.00789	0.01016	0.00629	0.00584	0.01083	0.01692	0.02054	0.10911	0.13230	0.59255	0.01900	0.00884	0.00254	0.00380	0.01604	0.00697	0.00629
6	0.01592	0.02010	0.15675	0.14965	0.03093	0.03366	0.15969	0.04847	0.01579	0.02225	0.01496	0.03806	0.01234	0.01208	0.06014	0.00321	0.14249	0.00729	0.04711	0.00909
7	0.06711	0.08068	0.02290	0.08824	0.06519	0.31222	0.01509	0.15944	0.02140	0.02535	0.01283	0.01528	0.01029	0.00810	0.00806	0.00215	0.06610	0.00550	0.00446	0.00960
8	0.02858	0.01145	0.01537	0.01222	0.01705	0.01002	0.00992	0.03150	0.02054	0.55282	0.09801	0.05385	0.02490	0.01027	0.00750	0.00228	0.00573	0.00853	0.06807	0.01137
9	0.01530	0.01438	0.01566	0.05693	0.01806	0.12572	0.01165	0.04551	0.01463	0.01924	0.01690	0.02425	0.01535	0.05530	0.37537	0.00750	0.11538	0.00714	0.03825	0.00747
10	0.01085	0.00774	0.01088	0.01088	0.01198	0.00873	0.00811	0.01305	0.01195	0.01736	0.02083	0.03276	0.02019	0.18244	0.53717	0.01038	0.01643	0.00843	0.05360	0.00624
11	0.00915	0.00696	0.00813	0.00898	0.01016	0.00626	0.00612	0.01051	0.01485	0.01884	0.05209	0.39665	0.29410	0.10654	0.01257	0.00332	0.00444	0.01778	0.00661	0.00594
12	0.01544	0.01473	0.02375	0.28683	0.07383	0.01519	0.11413	0.01975	0.01529	0.02166	0.01325	0.01801	0.01057	0.00699	0.00828	0.00206	0.06359	0.00619	0.00375	0.26673
13	0.02564	0.01909	0.02069	0.01600	0.02168	0.02054	0.01308	0.55605	0.03148	0.04260	0.01868	0.06013	0.01461	0.00938	0.00733	0.00215	0.00764	0.00728	0.00705	0.09889
14	0.01850	0.01448	0.01617	0.01337	0.01788	0.01461	0.01043	0.22324	0.13605	0.03104	0.02350	0.16343	0.02172	0.03692	0.00840	0.00230	0.00622	0.00938	0.00639	0.22596

[dist]
# distance from previous block
# <min> <max>
16	20

[block]
# block no. 4 follows, 27 sequences, length 47
# corresponding to MSA columns:
# 229-275
name=unknown_E
#
# <colnr> <probs for GDERKNQSTAVLIFYWHMCP>
#	G	D	E	R	K	N	Q	S	T	A	V	L	I	F	Y	W	H	M	C	P
0	0.07997	0.06076	0.10639	0.10846	0.19914	0.07062	0.09722	0.02279	0.05078	0.02303	0.01547	0.06076	0.01332	0.00837	0.00821	0.00237	0.05132	0.00720	0.00401	0.00981
1	0.00904	0.00646	0.00861	0.01034	0.01077	0.00603	0.00689	0.01034	0.01421	0.01895	0.04092	0.73426	0.04910	0.02326	0.00948	0.00301	0.00431	0.02110	0.00689	0.00603
2	0.04907	0.01893	0.03892	0.08182	0.03700	0.01887	0.53136	0.02280	0.01656	0.02328	0.01421	0.01934	0.01089	0.00698	0.00989	0.00256	0.07599	0.00820	0.00371	0.00963
3	0.02018	0.34998	0.09404	0.01694	0.04833	0.07824	0.03343	0.08534	0.01776	0.04361	0.04927	0.01677	0.01357	0.00814	0.00826	0.00206	0.09452	0.00561	0.00415	0.00979
4	0.02472	0.02197	0.26735	0.01715	0.04934	0.01327	0.01719	0.02979	0.01903	0.38777	0.05979	0.02318	0.01773	0.00864	0.00738	0.00232	0.00796	0.00704	0.00670	0.01168
5	0.00928	0.00656	0.00855	0.01004	0.01041	0.00618	0.00657	0.01040	0.01376	0.01835	0.03859	0.64322	0.04616	0.11830	0.01323	0.00357	0.00469	0.01974	0.00657	0.00583
6	0.01667	0.01668	0.04928	0.17980	0.43401	0.01732	0.02104	0.02097	0.01562	0.02211	0.01378	0.01907	0.01155	0.01049	0.05358	0.00298	0.07449	0.00665	0.00356	0.01035
7	0.07786	0.08718	0.26430	0.04589	0.18537	0.01882	0.14160	0.02279	0.01581	0.02363	0.01314	0.01664	0.01023	0.00698	0.00777	0.00232	0.03953	0.00618	0.00350	0.01043
8	0.01061	0.00795	0.01193	0.01193	0.01326	0.00928	0.00928	0.01326	0.01193	0.01723	0.01988	0.02916	0.01856	0.05568	0.70968	0.01193	0.01988	0.00795	0.00398	0.00663
9	0.00904	0.00646	0.00861	0.01034	0.01077	0.00603	0.00689	0.01034	0.01421	0.01895	0.04092	0.73426	0.04910	0.02326	0.00948	0.00301	0.00431	0.02110	0.00689	0.00603
10	0.01396	0.04516	0.19796	0.01288	0.01793	0.01137	0.01296	0.01913	0.05578	0.08466	0.15489	0.09080	0.22627	0.01344	0.00801	0.00242	0.00622	0.01128	0.00621	0.00867
11	0.02785	0.01508	0.01805	0.01430	0.01956	0.01522	0.01165	0.21715	0.12273	0.35880	0.07793	0.02585	0.02141	0.00971	0.00757	0.00231	0.00656	0.00785	0.00836	0.01206
12	0.01659	0.01582	0.02692	0.32165	0.43062	0.01717	0.02190	0.02122	0.01606	0.02209	0.01365	0.01895	0.01100	0.00694	0.00738	0.00231	0.00926	0.00661	0.00352	0.01032
13	0.79154	0.01436	0.01091	0.00976	0.01436	0.01665	0.00804	0.02182	0.01263	0.03331	0.01034	0.01206	0.00804	0.00689	0.00459	0.00230	0.00574	0.00402	0.00459	0.00804
14	0.00920	0.00754	0.00810	0.00796	0.01029	0.00645	0.00597	0.01147	0.01792	0.02242	0.22434	0.06756	0.53917	0.01792	0.00877	0.00247	0.00370	0.01512	0.00720	0.00645
15	0.37208	0.07749	0.08610	0.05756	0.02141	0.09401	0.01300	0.15004	0.01857	0.03121	0.01241	0.01417	0.00948	0.00738	0.00581	0.00220	0.00800	0.00493	0.00473	0.00943
16	0.01539	0.05710	0.44917	0.05217	0.17449	0.01692	0.02394	0.02225	0.01614	0.02337	0.04147	0.02005	0.03989	0.00773	0.00718	0.00230	0.00977	0.00643	0.00360	0.01064
17	0.15871	0.07082	0.04717	0.01603	0.02150	0.11969	0.01357	0.38000	0.02638	0.03675	0.01473	0.01567	0.01099	0.00825	0.00710	0.00218	0.02801	0.00572	0.00586	0.01087
18	0.00941	0.00661	0.00851	0.00987	0.01022	0.00627	0.00640	0.01043	0.01351	0.01801	0.03730	0.59273	0.04454	0.17101	0.01532	0.00388	0.00490	0.01898	0.00640	0.00571
19	0.02119	0.01480	0.01659	0.01462	0.01899	0.01628	0.01159	0.03731	0.50127	0.17047	0.03057	0.03057	0.02297	0.01052	0.00770	0.00253	0.00603	0.04651	0.00785	0.01164
20	0.02595	0.13476	0.05912	0.01833	0.02288	0.57780	0.01480	0.02828	0.01992	0.01835	0.01141	0.01330	0.00955	0.00744	0.00644	0.00189	0.01250	0.00470	0.00370	0.00886
21	0.01450	0.01004	0.01121	0.01013	0.01151	0.01058	0.00679	0.14685	0.01602	0.02176	0.02206	0.04028	0.02322	0.51983	0.07025	0.00624	0.00801	0.00963	0.03469	0.00639
22	0.00902	0.00654	0.00853	0.01013	0.01071	0.00605	0.00680	0.01036	0.01441	0.01903	0.04344	0.68543	0.09630	0.02293	0.00942	0.00298	0.00427	0.02070	0.00689	0.00605
23	0.00923	0.00668	0.00874	0.01004	0.01077	0.00618	0.00684	0.01087	0.01531	0.02052	0.13315	0.60254	0.08789	0.02188	0.00934	0.00289	0.00416	0.01973	0.00707	0.00618
24	0.01206	0.00977	0.01365	0.01283	0.01402	0.01092	0.04563	0.01423	0.01458	0.02111	0.07146	0.31386	0.08869	0.01667	0.01217	0.00275	0.17540	0.01376	0.12947	0.00697
25	0.01540	0.01456	0.02007	0.01755	0.01808	0.01975	0.01445	0.01844	0.05266	0.01895	0.01315	0.01942	0.01228	0.01937	0.13052	0.00451	0.54262	0.00686	0.03330	0.00806
26	0.00938	0.00670	0.00900	0.01072	0.01130	0.00632	0.00748	0.01092	0.01455	0.01933	0.04073	0.65855	0.04836	0.02294	0.00957	0.00306	0.00460	0.09346	0.00688	0.00612
27	0.01911	0.02016	0.02239	0.01929	0.02035	0.15410	0.01576	0.05652	0.01454	0.01954	0.01053	0.01578	0.00987	0.01174	0.02003	0.00294	0.54911	0.00618	0.00359	0.00847
28	0.01765	0.01693	0.02876	0.15269	0.54165	0.01752	0.04230	0.02287	0.04330	0.02366	0.01453	0.01903	0.01188	0.00687	0.00741	0.00227	0.00899	0.00675	0.00377	0.01114
29	0.01786	0.01711	0.02920	0.12589	0.61652	0.01750	0.02253	0.02233	0.01666	0.02362	0.01387	0.01854	0.01154	0.00671	0.00736	0.00224	0.00895	0.00661	0.00363	0.01134
30	0.01489	0.03840	0.70064	0.02116	0.03213	0.01724	0.02743	0.02351	0.01567	0.02351	0.01332	0.01567	0.00940	0.00705	0.00705	0.00235	0.01097	0.00549	0.00313	0.01097
31	0.01730	0.02094	0.08236	0.03006	0.03738	0.01889	0.59315	0.02345	0.01709	0.02345	0.01464	0.01956	0.01107	0.00666	0.00948	0.00253	0.04988	0.00844	0.00369	0.00997
32	0.31821	0.13336	0.09520	0.01514	0.04653	0.13150	0.01306	0.06043	0.04175	0.04580	0.02982	0.01528	0.01148	0.00744	0.00580	0.00213	0.00813	0.00505	0.00454	0.00933
33	0.01708	0.01931	0.04196	0.03019	0.03733	0.01811	0.63133	0.02308	0.01735	0.02353	0.01637	0.05742	0.01325	0.00715	0.00880	0.00253	0.01209	0.00941	0.00392	0.00980
34	0.01061	0.00795	0.01193	0.01193	0.01326	0.00928	0.00928	0.01326	0.01193	0.01723	0.01988	0.02916	0.01856	0.05568	0.70968	0.01193	0.01988	0.00795	0.00398	0.00663
35	0.01141	0.00909	0.03459	0.01024	0.01247	0.00785	0.00815	0.01543	0.04462	0.04596	0.48851	0.10709	0.11176	0.01573	0.00875	0.00246	0.00419	0.04663	0.00773	0.00734
36	0.06558	0.11326	0.08421	0.01869	0.04198	0.46124	0.01523	0.07638	0.02038	0.02172	0.01201	0.01384	0.00976	0.00748	0.00647	0.00197	0.01162	0.00491	0.00400	0.00929
37	0.01289	0.00645	0.00967	0.00967	0.00967	0.00645	0.00645	0.00967	0.00967	0.01289	0.01289	0.02257	0.01289	0.02579	0.02901	0.78401	0.00645	0.00645	0.00322	0.00322
38	0.00904	0.00646	0.00861	0.01034	0.01077	0.00603	0.00689	0.01034	0.01421	0.01895	0.04092	0.73426	0.04910	0.02326	0.00948	0.00301	0.00431	0.02110	0.00689	0.00603
39	0.01672	0.01822	0.05535	0.11743	0.14281	0.01949	0.24961	0.02113	0.01508	0.02137	0.01289	0.01838	0.01063	0.00861	0.01321	0.00268	0.23608	0.00730	0.00350	0.00952
40	0.01830	0.01805	0.02827	0.09340	0.58236	0.05895	0.02156	0.02252	0.01700	0.02335	0.01572	0.01988	0.03322	0.00713	0.00736	0.00222	0.00901	0.00679	0.00376	0.01113
41	0.10229	0.00742	0.00881	0.01011	0.01109	0.00733	0.00695	0.01203	0.01409	0.02107	0.03649	0.61490	0.04279	0.02062	0.00869	0.00287	0.00444	0.01840	0.04330	0.00631
42	0.05259	0.03150	0.46829	0.02493	0.09076	0.01758	0.16288	0.02342	0.01603	0.02410	0.01360	0.01667	0.00994	0.00684	0.00733	0.00237	0.01087	0.00622	0.00338	0.01070
43	0.10358	0.05476	0.01964	0.01438	0.01998	0.01786	0.01196	0.32686	0.02623	0.26171	0.02327	0.02199	0.04606	0.00914	0.00709	0.00224	0.00709	0.00697	0.00749	0.01171
44	0.01415	0.00961	0.01196	0.01193	0.01400	0.00982	0.00934	0.03501	0.10438	0.07545	0.07589	0.10277	0.06898	0.15456	0.05847	0.00428	0.00704	0.21820	0.00661	0.00756
45	0.01138	0.00891	0.01045	0.01062	0.01218	0.04048	0.00807	0.01417	0.01840	0.02476	0.36989	0.14828	0.07756	0.07392	0.01133	0.00301	0.00503	0.13766	0.00720	0.00670
46	0.02444	0.01596	0.04601	0.04918	0.04259	0.01569	0.01307	0.19681	0.14162	0.24731	0.05996	0.05308	0.02127	0.01020	0.00767	0.00239	0.00695	0.02678	0.00753	0.01145

[dist]
# distance from previous block
# <min> <max>
0	14

# created by:
# /st0/software/busco_prod/Augustus/scripts/msa2prfl.pl ./align_prep/131054.fa
