[name]
unknown

[dist]
# distance from previous block
# <min> <max>
5	44

[block]
# block no. 0 follows, 29 sequences, length 10
# corresponding to MSA columns:
# 46-55
name=unknown_A
#
# <colnr> <probs for GDERKNQSTAVLIFYWHMCP>
#	G	D	E	R	K	N	Q	S	T	A	V	L	I	F	Y	W	H	M	C	P
0	0.01791	0.14084	0.34194	0.02067	0.11804	0.01838	0.01980	0.09456	0.05096	0.06559	0.01638	0.01777	0.03164	0.00740	0.00660	0.00212	0.00878	0.00585	0.00419	0.01058
1	0.07495	0.59364	0.03292	0.01281	0.01852	0.09682	0.01210	0.05436	0.01581	0.01926	0.01036	0.01185	0.00919	0.00637	0.00487	0.00163	0.00800	0.00402	0.00340	0.00909
2	0.67550	0.01370	0.01194	0.04655	0.01606	0.01592	0.00887	0.02145	0.01267	0.07175	0.01113	0.01291	0.00848	0.00705	0.00563	0.00226	0.04130	0.00430	0.00455	0.00799
3	0.02438	0.01755	0.01917	0.01524	0.02011	0.01929	0.01234	0.51793	0.08895	0.06405	0.01960	0.06272	0.01531	0.01051	0.00855	0.05165	0.00725	0.00741	0.00691	0.01109
4	0.01787	0.01676	0.05668	0.14081	0.49583	0.01633	0.02042	0.02304	0.05002	0.07098	0.01507	0.01862	0.01188	0.00682	0.00706	0.00218	0.00839	0.00644	0.00401	0.01081
5	0.01083	0.00853	0.00968	0.00992	0.01159	0.00858	0.00703	0.01618	0.15927	0.02085	0.07478	0.30536	0.19756	0.11191	0.01200	0.00316	0.00465	0.01475	0.00651	0.00687
6	0.01582	0.01504	0.12109	0.12629	0.04121	0.01197	0.09213	0.03519	0.01633	0.13143	0.07698	0.13130	0.06888	0.07212	0.01010	0.00276	0.00748	0.00996	0.00538	0.00854
7	0.00893	0.00651	0.00841	0.00946	0.01032	0.00599	0.00652	0.01065	0.01519	0.02036	0.17554	0.54139	0.11373	0.02034	0.00889	0.00271	0.00393	0.01826	0.00686	0.00599
8	0.01669	0.02131	0.16578	0.09638	0.38219	0.04983	0.09745	0.02184	0.01617	0.02250	0.03357	0.01823	0.01217	0.00675	0.00716	0.00219	0.00943	0.00647	0.00353	0.01036
9	0.05703	0.01686	0.06993	0.01771	0.12947	0.06251	0.01276	0.05987	0.05136	0.06680	0.01514	0.01713	0.01192	0.00833	0.03338	0.00205	0.00741	0.00536	0.02824	0.32675

[dist]
# distance from previous block
# <min> <max>
0	3

[block]
# block no. 1 follows, 29 sequences, length 29
# corresponding to MSA columns:
# 59-87
name=unknown_B
#
# <colnr> <probs for GDERKNQSTAVLIFYWHMCP>
#	G	D	E	R	K	N	Q	S	T	A	V	L	I	F	Y	W	H	M	C	P
0	0.01879	0.03767	0.10690	0.01712	0.02245	0.01699	0.12049	0.26288	0.02228	0.03069	0.11197	0.02378	0.01983	0.05612	0.01006	0.00249	0.04892	0.00754	0.00547	0.05756
1	0.01715	0.01757	0.06604	0.02871	0.34314	0.04034	0.01729	0.02620	0.22331	0.02495	0.05974	0.02208	0.01755	0.00831	0.00820	0.00228	0.05451	0.00713	0.00487	0.01063
2	0.01783	0.03532	0.01685	0.13308	0.04687	0.01449	0.01210	0.06092	0.26479	0.12548	0.07031	0.10316	0.04655	0.01077	0.00743	0.00236	0.00624	0.00920	0.00648	0.00976
3	0.01228	0.06537	0.20619	0.01297	0.01731	0.01208	0.01304	0.01707	0.03713	0.02417	0.32694	0.05452	0.07927	0.03319	0.00945	0.00242	0.05310	0.00985	0.00566	0.00800
4	0.01025	0.00686	0.00780	0.00791	0.00793	0.00683	0.00446	0.01033	0.01057	0.01409	0.02353	0.09188	0.02726	0.70260	0.03448	0.00664	0.00672	0.01100	0.00446	0.00441
5	0.80005	0.01377	0.01047	0.00936	0.01377	0.01597	0.00771	0.02093	0.01212	0.03195	0.00991	0.01157	0.00771	0.00661	0.00441	0.00220	0.00551	0.00386	0.00441	0.00771
6	0.01345	0.01266	0.02136	0.73264	0.04904	0.01582	0.01978	0.01819	0.01424	0.01819	0.01266	0.01898	0.00949	0.00712	0.00712	0.00237	0.00949	0.00633	0.00316	0.00791
7	0.69876	0.01518	0.05714	0.01030	0.01518	0.01566	0.00911	0.02193	0.01284	0.07506	0.01128	0.01261	0.00844	0.00676	0.00474	0.00221	0.00587	0.00416	0.00460	0.00818
8	0.02076	0.01737	0.01568	0.01392	0.01725	0.17531	0.01065	0.21377	0.03876	0.08947	0.02412	0.24018	0.02323	0.01252	0.00745	0.00228	0.00738	0.01034	0.05061	0.00896
9	0.80005	0.01377	0.01047	0.00936	0.01377	0.01597	0.00771	0.02093	0.01212	0.03195	0.00991	0.01157	0.00771	0.00661	0.00441	0.00220	0.00551	0.00386	0.00441	0.00771
10	0.01149	0.00771	0.00874	0.00853	0.00907	0.00787	0.00526	0.05407	0.01238	0.01696	0.02311	0.08809	0.02562	0.58465	0.05548	0.00618	0.00701	0.01042	0.05226	0.00513
11	0.02250	0.07091	0.01907	0.01544	0.01947	0.34461	0.01207	0.08216	0.12804	0.06429	0.02145	0.02168	0.08083	0.00896	0.00718	0.00202	0.03022	0.00647	0.00510	0.03753
12	0.02082	0.01608	0.01739	0.01456	0.01919	0.01773	0.01158	0.23983	0.37872	0.06690	0.02453	0.05214	0.01879	0.00950	0.00715	0.00225	0.00627	0.00774	0.00706	0.06177
13	0.04040	0.17608	0.10529	0.01919	0.10590	0.09712	0.01539	0.15185	0.13110	0.02630	0.01530	0.01661	0.01203	0.00778	0.00733	0.00209	0.04956	0.00572	0.00469	0.01028
14	0.01934	0.72499	0.03662	0.01243	0.01843	0.05613	0.01225	0.02161	0.01470	0.01678	0.00994	0.01148	0.00914	0.00614	0.00464	0.00154	0.00783	0.00384	0.00307	0.00910
15	0.01289	0.01164	0.01841	0.53089	0.03896	0.01390	0.01645	0.01794	0.05811	0.01910	0.01858	0.15231	0.01721	0.01001	0.00743	0.00243	0.00813	0.00892	0.00409	0.03259
16	0.01928	0.01540	0.01649	0.01450	0.01874	0.01753	0.01137	0.08120	0.60359	0.07565	0.02812	0.02577	0.02081	0.00953	0.00723	0.00238	0.00581	0.00788	0.00734	0.01138
17	0.00987	0.00727	0.00923	0.00874	0.01051	0.00663	0.00655	0.01303	0.01966	0.02737	0.62173	0.05514	0.14777	0.01500	0.00840	0.00226	0.00339	0.01315	0.00768	0.00663
18	0.02707	0.01995	0.02137	0.01638	0.02208	0.02208	0.01353	0.68159	0.03348	0.04488	0.01710	0.01710	0.01211	0.00855	0.00712	0.00214	0.00784	0.00641	0.00712	0.01211
19	0.01345	0.01266	0.02136	0.73264	0.04904	0.01582	0.01978	0.01819	0.01424	0.01819	0.01266	0.01898	0.00949	0.00712	0.00712	0.00237	0.00949	0.00633	0.00316	0.00791
20	0.01420	0.01329	0.02142	0.61500	0.04416	0.01682	0.01901	0.04113	0.01447	0.01898	0.01238	0.01848	0.00956	0.00786	0.00923	0.00246	0.10389	0.00632	0.00330	0.00804
21	0.01596	0.01671	0.02812	0.02223	0.02448	0.02062	0.22297	0.01891	0.01275	0.01891	0.01093	0.01671	0.00980	0.01044	0.01869	0.00289	0.51033	0.00691	0.00327	0.00836
22	0.00946	0.00725	0.00867	0.00831	0.01026	0.00646	0.00624	0.01225	0.01871	0.02511	0.46901	0.05886	0.30190	0.01584	0.00840	0.00230	0.00345	0.01367	0.00739	0.00646
23	0.01904	0.01472	0.03643	0.01371	0.01739	0.01518	0.01098	0.36668	0.04877	0.03311	0.02587	0.28974	0.02563	0.01367	0.00778	0.00242	0.00631	0.01161	0.03147	0.00950
24	0.00993	0.00679	0.00782	0.00812	0.00834	0.00665	0.00480	0.01027	0.01130	0.01493	0.02850	0.17390	0.07096	0.57396	0.02965	0.00591	0.00620	0.01242	0.00487	0.00468
25	0.01505	0.05322	0.27200	0.07025	0.09265	0.01633	0.20704	0.02053	0.01509	0.02126	0.03454	0.02001	0.01275	0.05570	0.01042	0.02898	0.03459	0.00689	0.00347	0.00925
26	0.01142	0.00763	0.00952	0.00993	0.01116	0.00733	0.00689	0.03571	0.03973	0.06241	0.11663	0.43897	0.07678	0.11643	0.01234	0.00324	0.00468	0.01606	0.00663	0.00651
27	0.03821	0.03901	0.11105	0.06226	0.20555	0.06328	0.09423	0.02055	0.01527	0.02170	0.05659	0.01862	0.01374	0.00810	0.01011	0.00228	0.14908	0.00646	0.00372	0.06019
28	0.01799	0.06424	0.14254	0.06402	0.05950	0.10635	0.01565	0.06922	0.14934	0.02372	0.01547	0.01737	0.01216	0.00793	0.00846	0.00211	0.09249	0.00581	0.00443	0.12121

[dist]
# distance from previous block
# <min> <max>
1	11

[block]
# block no. 2 follows, 29 sequences, length 19
# corresponding to MSA columns:
# 99-117
name=unknown_C
#
# <colnr> <probs for GDERKNQSTAVLIFYWHMCP>
#	G	D	E	R	K	N	Q	S	T	A	V	L	I	F	Y	W	H	M	C	P
0	0.04894	0.04856	0.40622	0.04558	0.06428	0.06079	0.02085	0.14224	0.01860	0.02642	0.01329	0.01531	0.00975	0.00703	0.00662	0.00213	0.00952	0.00539	0.00394	0.04454
1	0.01730	0.14744	0.01845	0.01175	0.01679	0.01487	0.00974	0.02491	0.20809	0.09294	0.02603	0.02540	0.10339	0.00867	0.00630	0.00182	0.00567	0.00692	0.00564	0.24787
2	0.01459	0.01302	0.02051	0.44190	0.14003	0.01508	0.01770	0.06035	0.04288	0.02135	0.01772	0.07888	0.01579	0.00935	0.00748	0.00243	0.00844	0.05978	0.00416	0.00855
3	0.01190	0.00761	0.00996	0.00934	0.01127	0.00694	0.00701	0.01493	0.01935	0.09041	0.54740	0.12376	0.08273	0.01496	0.00836	0.00231	0.00370	0.01320	0.00776	0.00710
4	0.02188	0.03773	0.01975	0.13758	0.02478	0.07569	0.01357	0.37785	0.04617	0.03329	0.01658	0.01874	0.01252	0.01192	0.06686	0.00290	0.00910	0.00635	0.05661	0.01013
5	0.01027	0.00687	0.00779	0.00787	0.00789	0.00685	0.00443	0.01033	0.01051	0.01402	0.02325	0.08025	0.02691	0.71470	0.03493	0.00671	0.00677	0.01083	0.00443	0.00439
6	0.01481	0.06038	0.51861	0.02150	0.03080	0.01689	0.15940	0.02217	0.01559	0.02262	0.04177	0.01734	0.01182	0.00691	0.00708	0.00226	0.01041	0.00617	0.00333	0.01012
7	0.01008	0.00728	0.00952	0.00896	0.01064	0.00672	0.00672	0.01344	0.02016	0.02855	0.70158	0.05319	0.06719	0.01456	0.00840	0.00224	0.00336	0.01288	0.00784	0.00672
8	0.00983	0.00769	0.00956	0.01072	0.03622	0.00724	0.00742	0.01288	0.05551	0.02103	0.14212	0.34639	0.23045	0.01851	0.00866	0.00263	0.00427	0.05563	0.00671	0.00655
9	0.80005	0.01377	0.01047	0.00936	0.01377	0.01597	0.00771	0.02093	0.01212	0.03195	0.00991	0.01157	0.00771	0.00661	0.00441	0.00220	0.00551	0.00386	0.00441	0.00771
10	0.01501	0.01399	0.02313	0.36627	0.30380	0.01558	0.01932	0.02002	0.04463	0.02086	0.01590	0.04838	0.01370	0.00812	0.00731	0.00234	0.00857	0.04004	0.00378	0.00924
11	0.02660	0.03394	0.02018	0.01834	0.02201	0.72116	0.01376	0.02843	0.02018	0.01743	0.01101	0.01284	0.00917	0.00734	0.00642	0.00183	0.01284	0.00459	0.00367	0.00825
12	0.01477	0.01266	0.01477	0.01055	0.01687	0.00949	0.00844	0.01793	0.01477	0.02320	0.01266	0.01477	0.01055	0.00527	0.00527	0.00105	0.00527	0.00422	0.00422	0.79328
13	0.00926	0.00717	0.00822	0.00828	0.01004	0.00640	0.00608	0.01134	0.01652	0.02129	0.23700	0.11531	0.37043	0.09299	0.01141	0.00291	0.00408	0.04853	0.00671	0.00604
14	0.01220	0.00629	0.00944	0.00944	0.00954	0.00639	0.00639	0.00954	0.00944	0.01268	0.01288	0.02212	0.01278	0.02691	0.08036	0.73365	0.00716	0.00629	0.00315	0.00334
15	0.01007	0.00732	0.00950	0.00908	0.01080	0.00676	0.00689	0.01334	0.01977	0.02771	0.63596	0.05535	0.09799	0.01499	0.00847	0.00230	0.00353	0.04578	0.00771	0.00667
16	0.01365	0.01167	0.01790	0.32993	0.07551	0.01381	0.01491	0.06627	0.01477	0.01986	0.01740	0.05279	0.03491	0.02078	0.18783	0.03908	0.04984	0.00750	0.00390	0.00770
17	0.02156	0.09019	0.02169	0.11649	0.07537	0.09784	0.01400	0.25951	0.05767	0.06364	0.01760	0.01926	0.03266	0.01045	0.04479	0.00256	0.00884	0.00631	0.00533	0.03425
18	0.23179	0.07355	0.01997	0.13123	0.07426	0.11323	0.03082	0.13416	0.01817	0.02726	0.04708	0.01676	0.01247	0.00765	0.00676	0.00215	0.03360	0.00563	0.00451	0.00894

[dist]
# distance from previous block
# <min> <max>
1	6

[block]
# block no. 3 follows, 29 sequences, length 24
# corresponding to MSA columns:
# 124-147
name=unknown_D
#
# <colnr> <probs for GDERKNQSTAVLIFYWHMCP>
#	G	D	E	R	K	N	Q	S	T	A	V	L	I	F	Y	W	H	M	C	P
0	0.03599	0.08891	0.25662	0.02535	0.23802	0.06176	0.01973	0.02495	0.06866	0.09077	0.01531	0.01712	0.01156	0.00703	0.00666	0.00213	0.00883	0.00580	0.00415	0.01065
1	0.00882	0.00707	0.00788	0.00802	0.00995	0.00613	0.00588	0.01087	0.01668	0.02110	0.20406	0.17164	0.46096	0.01795	0.00852	0.00245	0.00364	0.01538	0.00688	0.00613
2	0.01552	0.01614	0.05649	0.34824	0.30559	0.01654	0.09803	0.02036	0.01535	0.02092	0.01316	0.01830	0.01033	0.00667	0.00723	0.00227	0.00942	0.00653	0.00335	0.00955
3	0.01413	0.00970	0.01153	0.01072	0.01324	0.00977	0.00807	0.02115	0.19077	0.10147	0.27976	0.14049	0.09995	0.04524	0.00925	0.00258	0.00452	0.01211	0.00737	0.00819
4	0.01015	0.00696	0.00819	0.00829	0.00856	0.00703	0.00502	0.01059	0.01093	0.01461	0.02519	0.08671	0.05532	0.59618	0.11129	0.00699	0.00798	0.01083	0.00449	0.00471
5	0.01540	0.01531	0.02280	0.53183	0.18111	0.07510	0.01970	0.01980	0.01514	0.01917	0.01267	0.01819	0.00983	0.00698	0.00705	0.00228	0.00956	0.00619	0.00328	0.00863
6	0.01722	0.01662	0.02458	0.27831	0.31328	0.07104	0.04322	0.07441	0.01715	0.02257	0.01439	0.04880	0.01207	0.00754	0.00717	0.00223	0.00905	0.00688	0.00384	0.00964
7	0.04370	0.01419	0.01444	0.01242	0.01521	0.06604	0.00930	0.25087	0.01999	0.02695	0.02008	0.09826	0.01973	0.24415	0.04283	0.00401	0.03003	0.00876	0.02273	0.03631
8	0.01535	0.15984	0.53241	0.01980	0.02924	0.01870	0.08522	0.02236	0.01510	0.02157	0.01243	0.01480	0.00921	0.00658	0.00654	0.00214	0.01016	0.00530	0.00307	0.01020
9	0.05386	0.01640	0.02392	0.19325	0.37553	0.04697	0.01862	0.04595	0.11022	0.02390	0.01525	0.01867	0.01210	0.00711	0.00695	0.00221	0.00833	0.00639	0.00413	0.01024
10	0.75460	0.05685	0.01203	0.00953	0.01403	0.01668	0.00797	0.02095	0.01225	0.03106	0.00991	0.01156	0.00779	0.00658	0.00442	0.00216	0.00563	0.00385	0.00433	0.00779
11	0.01428	0.03040	0.52103	0.05542	0.05658	0.01636	0.05030	0.02123	0.01486	0.02198	0.03835	0.01740	0.01169	0.00905	0.03256	0.00264	0.06678	0.00592	0.00327	0.00989
12	0.00977	0.00722	0.00931	0.01022	0.01163	0.00676	0.00792	0.01216	0.01625	0.02137	0.17418	0.27809	0.17066	0.01918	0.00906	0.00279	0.00464	0.21571	0.00683	0.00625
13	0.10968	0.05140	0.20211	0.01779	0.06859	0.01488	0.07072	0.02684	0.06702	0.23994	0.04814	0.02039	0.01532	0.00782	0.00679	0.00222	0.00774	0.00650	0.00559	0.01051
14	0.03939	0.06084	0.01705	0.01344	0.01762	0.20399	0.01059	0.07309	0.04374	0.19095	0.07353	0.07856	0.06305	0.00996	0.00691	0.00204	0.00752	0.00785	0.00605	0.07383
15	0.75039	0.01389	0.01118	0.00995	0.01408	0.01634	0.00821	0.02069	0.01204	0.03101	0.00988	0.01182	0.00782	0.00698	0.00561	0.00226	0.05179	0.00401	0.00432	0.00772
16	0.01867	0.69882	0.08933	0.01281	0.01924	0.02728	0.01327	0.02142	0.01451	0.01720	0.01012	0.01170	0.00913	0.00614	0.00474	0.00158	0.00784	0.00392	0.00304	0.00924
17	0.01420	0.01020	0.01484	0.17144	0.02164	0.01110	0.03532	0.09201	0.01529	0.02035	0.01958	0.03497	0.01893	0.06252	0.01598	0.24903	0.00735	0.14854	0.03032	0.00640
18	0.01000	0.00681	0.00782	0.00807	0.00825	0.00669	0.00472	0.01028	0.01114	0.01474	0.02742	0.15429	0.06202	0.60313	0.03074	0.00607	0.00632	0.01209	0.00478	0.00462
19	0.01304	0.00671	0.00699	0.00699	0.00862	0.00680	0.00527	0.01630	0.01467	0.02580	0.02292	0.02665	0.01822	0.01164	0.05810	0.00238	0.00449	0.00671	0.73105	0.00662
20	0.01001	0.00736	0.00920	0.00899	0.01051	0.00690	0.00652	0.01320	0.03959	0.02515	0.47886	0.14123	0.12083	0.07690	0.01077	0.00273	0.00385	0.01366	0.00725	0.00648
21	0.11545	0.01888	0.01990	0.01541	0.02095	0.02084	0.01273	0.57609	0.03043	0.07442	0.01679	0.01680	0.01187	0.00834	0.00682	0.00215	0.00749	0.00615	0.00689	0.01161
22	0.38930	0.01425	0.01435	0.01157	0.01666	0.01491	0.00952	0.13513	0.01824	0.22416	0.01646	0.01632	0.01147	0.00744	0.00571	0.00210	0.00603	0.00524	0.00609	0.07506
23	0.07766	0.03695	0.05493	0.10156	0.18672	0.21325	0.11545	0.04724	0.01712	0.02194	0.01234	0.01585	0.00994	0.00713	0.00779	0.00217	0.05308	0.00587	0.00368	0.00931

[dist]
# distance from previous block
# <min> <max>
2	5

[block]
# block no. 4 follows, 29 sequences, length 10
# corresponding to MSA columns:
# 154-163
name=unknown_E
#
# <colnr> <probs for GDERKNQSTAVLIFYWHMCP>
#	G	D	E	R	K	N	Q	S	T	A	V	L	I	F	Y	W	H	M	C	P
0	0.00933	0.00707	0.00844	0.00843	0.01006	0.00636	0.00610	0.01163	0.01722	0.02291	0.34736	0.16006	0.27453	0.06591	0.01036	0.00270	0.00379	0.01452	0.00701	0.00618
1	0.01251	0.00702	0.01083	0.10233	0.01439	0.00742	0.00793	0.01042	0.00991	0.01312	0.01241	0.02130	0.01200	0.02247	0.02517	0.69114	0.00661	0.00620	0.00310	0.00371
2	0.01032	0.00704	0.00844	0.00844	0.00867	0.00727	0.00516	0.01079	0.01055	0.01431	0.02182	0.04318	0.02441	0.62208	0.16189	0.00774	0.00913	0.00986	0.00422	0.00469
3	0.02235	0.01997	0.05133	0.04805	0.06996	0.12158	0.01391	0.24321	0.19308	0.07786	0.05127	0.02105	0.01674	0.00865	0.00709	0.00219	0.00793	0.00685	0.00618	0.01077
4	0.00925	0.00663	0.00844	0.00920	0.00998	0.00619	0.00623	0.01087	0.01491	0.02016	0.20216	0.43169	0.08719	0.12755	0.01289	0.00329	0.00432	0.01666	0.00657	0.00581
5	0.01774	0.01894	0.05565	0.14910	0.33446	0.09630	0.07217	0.02445	0.11618	0.02266	0.01536	0.01865	0.01215	0.00707	0.00712	0.00220	0.00908	0.00651	0.00401	0.01021
6	0.08012	0.01621	0.02062	0.21449	0.22703	0.09708	0.01617	0.08293	0.01709	0.02325	0.01681	0.12431	0.01564	0.00926	0.00709	0.00228	0.00831	0.00799	0.00432	0.00901
7	0.05883	0.01058	0.01291	0.16983	0.02050	0.01129	0.01011	0.09296	0.04781	0.02453	0.12179	0.06931	0.24420	0.03084	0.00825	0.00243	0.00567	0.01059	0.04003	0.00754
8	0.11012	0.17361	0.21196	0.01695	0.02339	0.19778	0.06030	0.02489	0.04742	0.05301	0.01298	0.01458	0.01003	0.00693	0.00612	0.00201	0.00962	0.00506	0.00384	0.00939
9	0.01589	0.02273	0.26439	0.01771	0.08395	0.10207	0.01603	0.05002	0.01662	0.04603	0.10548	0.05526	0.02170	0.13732	0.01219	0.00301	0.00853	0.00787	0.00453	0.00868

[dist]
# distance from previous block
# <min> <max>
4	46

[block]
# block no. 5 follows, 29 sequences, length 49
# corresponding to MSA columns:
# 210-258
name=unknown_F
#
# <colnr> <probs for GDERKNQSTAVLIFYWHMCP>
#	G	D	E	R	K	N	Q	S	T	A	V	L	I	F	Y	W	H	M	C	P
0	0.05172	0.01009	0.05609	0.00995	0.01243	0.00858	0.00824	0.01337	0.01619	0.03843	0.20149	0.15545	0.30809	0.01591	0.00922	0.00246	0.05587	0.01327	0.00635	0.00680
1	0.01961	0.54479	0.05968	0.01313	0.01904	0.05017	0.03163	0.04961	0.01610	0.06737	0.01589	0.01677	0.05585	0.00725	0.00538	0.00172	0.00769	0.00512	0.00390	0.00930
2	0.01036	0.00931	0.05503	0.00890	0.01162	0.00710	0.00741	0.01314	0.01733	0.04733	0.25519	0.08562	0.38288	0.01568	0.00815	0.00233	0.00409	0.01332	0.03846	0.00676
3	0.02322	0.01852	0.05651	0.01519	0.02027	0.01898	0.01279	0.52689	0.02884	0.03867	0.02093	0.06938	0.04314	0.06195	0.00934	0.00254	0.00750	0.00789	0.00665	0.01081
4	0.22364	0.21959	0.08301	0.01443	0.01953	0.06954	0.06626	0.06640	0.03962	0.02397	0.01262	0.01613	0.01074	0.05937	0.00864	0.00239	0.04609	0.00529	0.00401	0.00873
5	0.04076	0.00749	0.00778	0.00771	0.00990	0.00672	0.00572	0.01097	0.01544	0.01953	0.08851	0.06105	0.54766	0.07596	0.06060	0.00337	0.00501	0.01361	0.00620	0.00600
6	0.01831	0.70137	0.03527	0.01202	0.01772	0.02660	0.01179	0.02052	0.01441	0.01685	0.01197	0.06309	0.01181	0.00723	0.00489	0.00162	0.00737	0.00496	0.00330	0.00890
7	0.06981	0.01246	0.01419	0.01044	0.01638	0.00979	0.00831	0.01780	0.01453	0.02361	0.01359	0.04541	0.01189	0.00609	0.00537	0.00121	0.00524	0.00487	0.00433	0.70468
8	0.00992	0.00726	0.00923	0.00874	0.01043	0.00666	0.00650	0.01301	0.01941	0.02710	0.61461	0.05447	0.12874	0.04143	0.00940	0.00242	0.00351	0.01300	0.00759	0.00656
9	0.01842	0.01676	0.02951	0.05817	0.55400	0.01657	0.10507	0.02278	0.01653	0.07145	0.01454	0.01833	0.01162	0.00650	0.00723	0.00216	0.00877	0.00666	0.00390	0.01103
10	0.01428	0.03683	0.71286	0.02030	0.03082	0.01654	0.02631	0.02255	0.01503	0.02255	0.01278	0.01503	0.00902	0.00677	0.00677	0.00226	0.01052	0.00526	0.00301	0.01052
11	0.01029	0.00688	0.00778	0.00785	0.00786	0.00686	0.00440	0.01034	0.01048	0.01397	0.02306	0.07253	0.02668	0.72275	0.03523	0.00675	0.00680	0.01072	0.00440	0.00437
12	0.80005	0.01377	0.01047	0.00936	0.01377	0.01597	0.00771	0.02093	0.01212	0.03195	0.00991	0.01157	0.00771	0.00661	0.00441	0.00220	0.00551	0.00386	0.00441	0.00771
13	0.01036	0.00690	0.00777	0.00777	0.00777	0.00690	0.00431	0.01036	0.01036	0.01381	0.02244	0.04660	0.02589	0.74975	0.03624	0.00690	0.00690	0.01036	0.00431	0.00431
14	0.00883	0.00639	0.00834	0.00962	0.01032	0.00591	0.00654	0.01035	0.01458	0.01948	0.12020	0.61829	0.09260	0.02111	0.00896	0.00278	0.00400	0.01902	0.00676	0.00591
15	0.01002	0.00723	0.00946	0.00900	0.01062	0.00668	0.00671	0.01328	0.01987	0.02810	0.67287	0.08318	0.06632	0.01489	0.00843	0.00227	0.00339	0.01320	0.00779	0.00668
16	0.00991	0.00762	0.00932	0.01012	0.01205	0.00704	0.00830	0.01244	0.01640	0.02062	0.08793	0.10243	0.33884	0.01878	0.00909	0.00282	0.00496	0.30838	0.00665	0.00629
17	0.76936	0.01373	0.01089	0.03758	0.01515	0.01597	0.00818	0.02082	0.01220	0.03141	0.01002	0.01186	0.00778	0.00663	0.00451	0.00221	0.00566	0.00395	0.00436	0.00772
18	0.01595	0.01582	0.02311	0.02326	0.14416	0.02092	0.01673	0.01800	0.01188	0.01826	0.01009	0.01595	0.00970	0.01135	0.02039	0.00293	0.60365	0.00625	0.00319	0.00843
19	0.01428	0.03683	0.71286	0.02030	0.03082	0.01654	0.02631	0.02255	0.01503	0.02255	0.01278	0.01503	0.00902	0.00677	0.00677	0.00226	0.01052	0.00526	0.00301	0.01052
20	0.01036	0.00690	0.00777	0.00777	0.00777	0.00690	0.00431	0.01036	0.01036	0.01381	0.02244	0.04660	0.02589	0.74975	0.03624	0.00690	0.00690	0.01036	0.00431	0.00431
21	0.01879	0.71597	0.07317	0.01261	0.01894	0.02756	0.01293	0.02139	0.01450	0.01706	0.01005	0.01161	0.00913	0.00613	0.00469	0.00156	0.00777	0.00388	0.00304	0.00921
22	0.11126	0.01741	0.02423	0.03848	0.02406	0.09339	0.23327	0.09268	0.01735	0.02559	0.01461	0.01806	0.01143	0.00759	0.00850	0.00220	0.08756	0.00652	0.13428	0.03154
23	0.01017	0.00763	0.01144	0.01144	0.01272	0.00890	0.00890	0.01272	0.01144	0.01653	0.01907	0.02797	0.01780	0.05340	0.72153	0.01144	0.01907	0.00763	0.00381	0.00636
24	0.05700	0.01308	0.01483	0.01084	0.01696	0.01060	0.00869	0.04278	0.04076	0.02470	0.01328	0.01512	0.01087	0.00563	0.00537	0.00121	0.00539	0.00442	0.00445	0.69402
25	0.01856	0.01895	0.02692	0.03705	0.52333	0.11756	0.04746	0.02293	0.03630	0.02249	0.01482	0.02054	0.01281	0.00727	0.00717	0.00216	0.00906	0.04030	0.00381	0.01053
26	0.09996	0.01735	0.06104	0.23208	0.11378	0.01783	0.15850	0.14130	0.01824	0.02629	0.01353	0.01742	0.01025	0.00717	0.00766	0.00231	0.03515	0.00647	0.00414	0.00955
27	0.01283	0.01043	0.01588	0.24719	0.06755	0.01148	0.01459	0.03407	0.01634	0.02144	0.06283	0.05359	0.02963	0.01424	0.00864	0.00283	0.00748	0.35616	0.00536	0.00744
28	0.00873	0.00721	0.00768	0.00778	0.00997	0.00616	0.00585	0.01073	0.01652	0.02026	0.13619	0.10277	0.57394	0.01795	0.00851	0.00245	0.00373	0.04074	0.00674	0.00610
29	0.01494	0.01335	0.02127	0.59047	0.09117	0.01606	0.01875	0.07689	0.01610	0.02125	0.01354	0.01904	0.01022	0.00724	0.00702	0.00230	0.00901	0.00635	0.03655	0.00846
30	0.01918	0.47968	0.18487	0.01497	0.02166	0.13606	0.01558	0.02273	0.01550	0.01815	0.01072	0.01245	0.00912	0.00644	0.00535	0.00174	0.00910	0.00426	0.00314	0.00931
31	0.01223	0.00798	0.00931	0.00881	0.01143	0.00695	0.00688	0.01460	0.01761	0.11566	0.19151	0.06035	0.42352	0.01620	0.00836	0.00242	0.00414	0.06784	0.00716	0.00704
32	0.01894	0.01966	0.05427	0.03867	0.57079	0.09186	0.02073	0.05710	0.01749	0.02375	0.01331	0.01699	0.01101	0.00658	0.00698	0.00209	0.00897	0.00612	0.00371	0.01097
33	0.02348	0.05506	0.02581	0.02324	0.10513	0.48490	0.13630	0.02638	0.01889	0.01907	0.01187	0.01452	0.00972	0.00693	0.00679	0.00196	0.01198	0.00546	0.00362	0.00889
34	0.01237	0.00618	0.00928	0.00928	0.00928	0.00618	0.00618	0.00928	0.00928	0.01237	0.01237	0.02165	0.01237	0.02474	0.02783	0.79283	0.00618	0.00618	0.00309	0.00309
35	0.01896	0.39254	0.24715	0.01590	0.02293	0.15472	0.01693	0.02305	0.01572	0.01871	0.01102	0.01283	0.00911	0.00654	0.00561	0.00181	0.00951	0.00441	0.00315	0.00941
36	0.01237	0.00618	0.00928	0.00928	0.00928	0.00618	0.00618	0.00928	0.00928	0.01237	0.01237	0.02165	0.01237	0.02474	0.02783	0.79283	0.00618	0.00618	0.00309	0.00309
37	0.01036	0.00690	0.00777	0.00777	0.00777	0.00690	0.00431	0.01036	0.01036	0.01381	0.02244	0.04660	0.02589	0.74975	0.03624	0.00690	0.00690	0.01036	0.00431	0.00431
38	0.00861	0.00647	0.00798	0.00918	0.01014	0.00585	0.00629	0.01000	0.01433	0.01846	0.04813	0.56226	0.22421	0.02115	0.00891	0.00276	0.00399	0.01883	0.00661	0.00585
39	0.01523	0.10172	0.62234	0.01948	0.02931	0.04737	0.02450	0.02269	0.01520	0.02181	0.01244	0.01461	0.00904	0.00673	0.00655	0.00217	0.01036	0.00510	0.00304	0.01030
40	0.05738	0.24494	0.47840	0.01735	0.02625	0.01990	0.02120	0.02211	0.01471	0.02136	0.01179	0.01380	0.00899	0.00656	0.00600	0.00204	0.00941	0.00476	0.00309	0.00997
41	0.01838	0.01757	0.10040	0.01524	0.04966	0.01464	0.01293	0.19255	0.01963	0.04803	0.01504	0.04188	0.01223	0.00753	0.00737	0.00176	0.05398	0.00579	0.00495	0.36043
42	0.21220	0.01751	0.09606	0.18421	0.06245	0.01717	0.01500	0.13871	0.11400	0.05348	0.01568	0.01757	0.01158	0.00758	0.00642	0.00226	0.00761	0.00589	0.00495	0.00969
43	0.02031	0.02055	0.08098	0.06915	0.30507	0.13541	0.09948	0.02444	0.01733	0.11686	0.01646	0.01901	0.02796	0.00717	0.00714	0.00215	0.00941	0.00653	0.00430	0.01030
44	0.14993	0.35084	0.23544	0.04404	0.02335	0.02166	0.04490	0.02156	0.01433	0.02140	0.01107	0.01318	0.00895	0.00642	0.00547	0.00193	0.00840	0.00455	0.00329	0.00928
45	0.05810	0.02186	0.04653	0.04507	0.02300	0.12102	0.01397	0.48640	0.05270	0.03797	0.01601	0.01659	0.01163	0.00821	0.00690	0.00212	0.00854	0.00606	0.00621	0.01112
46	0.01918	0.32681	0.22670	0.01637	0.02328	0.05080	0.03606	0.14085	0.01817	0.02371	0.01217	0.01398	0.00970	0.00711	0.00684	0.00197	0.04753	0.00499	0.00381	0.00998
47	0.02016	0.50151	0.11012	0.01366	0.01998	0.04436	0.01368	0.05043	0.06236	0.08458	0.01356	0.01434	0.01090	0.00680	0.00540	0.00177	0.00783	0.00471	0.00405	0.00982
48	0.07860	0.56652	0.15792	0.01344	0.02021	0.02512	0.01440	0.02151	0.01439	0.01898	0.01042	0.01209	0.00901	0.00625	0.00496	0.00171	0.00798	0.00408	0.00314	0.00928

[dist]
# distance from previous block
# <min> <max>
18	26

[block]
# block no. 6 follows, 29 sequences, length 13
# corresponding to MSA columns:
# 287-299
name=unknown_G
#
# <colnr> <probs for GDERKNQSTAVLIFYWHMCP>
#	G	D	E	R	K	N	Q	S	T	A	V	L	I	F	Y	W	H	M	C	P
0	0.01843	0.37344	0.30402	0.01590	0.02354	0.07362	0.01783	0.02309	0.01545	0.05818	0.01215	0.01369	0.00957	0.00661	0.00573	0.00188	0.00907	0.00463	0.00340	0.00979
1	0.01943	0.66698	0.06443	0.01301	0.01910	0.08238	0.01290	0.02194	0.01494	0.01705	0.01011	0.01169	0.00914	0.00622	0.00481	0.00158	0.00815	0.00393	0.00309	0.00913
2	0.01711	0.46377	0.31072	0.01547	0.02335	0.02347	0.01790	0.02182	0.01470	0.01910	0.01106	0.01288	0.00909	0.00636	0.00546	0.00182	0.00879	0.00440	0.00303	0.00970
3	0.01732	0.35040	0.32270	0.01607	0.02364	0.08571	0.01812	0.02216	0.01547	0.01979	0.04071	0.01487	0.01157	0.00685	0.00584	0.00189	0.00915	0.00489	0.00329	0.00955
4	0.01237	0.00618	0.00928	0.00928	0.00928	0.00618	0.00618	0.00928	0.00928	0.01237	0.01237	0.02165	0.01237	0.02474	0.02783	0.79283	0.00618	0.00618	0.00309	0.00309
5	0.01901	0.01568	0.01676	0.01475	0.01892	0.01788	0.01170	0.15391	0.52757	0.03199	0.02738	0.02838	0.02125	0.01012	0.00739	0.00242	0.00610	0.05051	0.00718	0.01111
6	0.51813	0.08286	0.01414	0.01034	0.01477	0.01601	0.00865	0.06678	0.01543	0.08771	0.09168	0.01779	0.01584	0.00780	0.00530	0.00214	0.00566	0.00534	0.00523	0.00840
7	0.01486	0.12467	0.63013	0.01930	0.02928	0.01796	0.02458	0.02240	0.01496	0.02184	0.01243	0.01459	0.00903	0.00668	0.00650	0.00217	0.01017	0.00508	0.00301	0.01035
8	0.02609	0.02076	0.02126	0.06592	0.02393	0.08733	0.01399	0.57452	0.03090	0.04046	0.01622	0.01683	0.01165	0.00834	0.00706	0.00212	0.00842	0.00623	0.00653	0.01146
9	0.01526	0.18372	0.57450	0.01863	0.02825	0.01892	0.02342	0.02230	0.01492	0.02136	0.01219	0.01429	0.00904	0.00663	0.00632	0.00211	0.00993	0.00496	0.00301	0.01024
10	0.08830	0.31807	0.24704	0.01392	0.02060	0.01949	0.01533	0.02122	0.01513	0.04703	0.06700	0.01741	0.01449	0.00728	0.00569	0.00191	0.00767	0.00531	0.05792	0.00920
11	0.01909	0.50934	0.20019	0.01421	0.02133	0.02367	0.01547	0.02288	0.01516	0.08332	0.01231	0.01351	0.00991	0.00651	0.00535	0.00177	0.00818	0.00448	0.00358	0.00976
12	0.05555	0.01673	0.08709	0.03057	0.41296	0.01474	0.01785	0.02278	0.03969	0.10769	0.08220	0.02333	0.04155	0.00799	0.00709	0.00217	0.00747	0.00720	0.00480	0.01053

[dist]
# distance from previous block
# <min> <max>
5	7

[block]
# block no. 7 follows, 29 sequences, length 24
# corresponding to MSA columns:
# 307-330
name=unknown_H
#
# <colnr> <probs for GDERKNQSTAVLIFYWHMCP>
#	G	D	E	R	K	N	Q	S	T	A	V	L	I	F	Y	W	H	M	C	P
0	0.07375	0.01534	0.02436	0.33841	0.24067	0.01704	0.06711	0.09593	0.01708	0.02412	0.01332	0.01783	0.01030	0.00693	0.00700	0.00226	0.00888	0.00631	0.00385	0.00952
1	0.01769	0.01695	0.02665	0.09740	0.55943	0.04641	0.02026	0.04911	0.01713	0.02375	0.04647	0.01922	0.01376	0.00694	0.00710	0.00213	0.00846	0.00659	0.00386	0.01068
2	0.10302	0.01035	0.01189	0.01174	0.03685	0.03496	0.00867	0.05657	0.01870	0.07755	0.33528	0.14125	0.04446	0.01385	0.00788	0.00239	0.00496	0.06512	0.00690	0.00762
3	0.01656	0.01957	0.11249	0.05184	0.17472	0.05903	0.23004	0.04896	0.01758	0.02409	0.10419	0.02204	0.01800	0.00748	0.00747	0.00216	0.00925	0.00748	0.00425	0.06280
4	0.13449	0.01404	0.02016	0.23458	0.24292	0.01554	0.01612	0.04407	0.08077	0.02398	0.01839	0.06623	0.04252	0.00851	0.00688	0.00230	0.00754	0.00738	0.00436	0.00920
5	0.04986	0.01377	0.01561	0.01191	0.01747	0.01239	0.00953	0.15382	0.04251	0.07042	0.01691	0.06925	0.01424	0.00760	0.00608	0.00157	0.00578	0.00613	0.00538	0.46976
6	0.07458	0.01576	0.02255	0.07525	0.39786	0.04524	0.01696	0.02353	0.10127	0.05736	0.06039	0.02250	0.04015	0.00791	0.00700	0.00219	0.00754	0.00705	0.00467	0.01025
7	0.01035	0.00790	0.01197	0.04990	0.01465	0.00927	0.00948	0.01301	0.01159	0.01662	0.01873	0.02749	0.01736	0.05094	0.68344	0.01096	0.01856	0.00756	0.00378	0.00644
8	0.02211	0.01663	0.01880	0.01489	0.01962	0.01790	0.03665	0.48749	0.02859	0.03815	0.07252	0.07719	0.09548	0.01091	0.00754	0.00224	0.00694	0.00888	0.00695	0.01051
9	0.01771	0.01530	0.01610	0.01449	0.01852	0.01771	0.01127	0.03784	0.69247	0.02979	0.02898	0.02657	0.02174	0.00966	0.00725	0.00242	0.00564	0.00805	0.00725	0.01127
10	0.01345	0.01266	0.02136	0.73264	0.04904	0.01582	0.01978	0.01819	0.01424	0.01819	0.01266	0.01898	0.00949	0.00712	0.00712	0.00237	0.00949	0.00633	0.00316	0.00791
11	0.02707	0.01995	0.02137	0.01638	0.02208	0.02208	0.01353	0.68159	0.03348	0.04488	0.01710	0.01710	0.01211	0.00855	0.00712	0.00214	0.00784	0.00641	0.00712	0.01211
12	0.01732	0.01661	0.02835	0.09383	0.65758	0.01684	0.02170	0.02159	0.01607	0.02289	0.01334	0.01772	0.01115	0.00640	0.00705	0.00213	0.00853	0.00634	0.00350	0.01103
13	0.02024	0.33023	0.16162	0.01970	0.14027	0.05059	0.01646	0.04874	0.01664	0.11336	0.01383	0.01519	0.01074	0.00678	0.00595	0.00189	0.00834	0.00511	0.00408	0.01025
14	0.01776	0.04201	0.02307	0.17511	0.19230	0.06884	0.04455	0.08990	0.10197	0.02380	0.01545	0.01895	0.01232	0.00956	0.03422	0.00260	0.08114	0.00648	0.03037	0.00961
15	0.05106	0.11889	0.07638	0.11324	0.20748	0.08488	0.01668	0.14004	0.05123	0.02534	0.01415	0.01742	0.01142	0.03320	0.00758	0.00224	0.00862	0.00589	0.00427	0.00998
16	0.06841	0.02059	0.09327	0.03110	0.38226	0.11087	0.04664	0.04018	0.04808	0.04145	0.03984	0.01831	0.01329	0.00710	0.00689	0.00213	0.00882	0.00628	0.00411	0.01037
17	0.13182	0.10856	0.01960	0.01439	0.04307	0.07957	0.03436	0.08544	0.04183	0.10579	0.03361	0.02101	0.03540	0.00818	0.00685	0.00196	0.03463	0.03219	0.00514	0.15662
18	0.01898	0.05331	0.02613	0.04844	0.19174	0.06256	0.13248	0.13430	0.08572	0.02647	0.03926	0.01906	0.01387	0.00759	0.00794	0.00214	0.04738	0.00671	0.00467	0.07126
19	0.05083	0.02013	0.08828	0.13159	0.32907	0.12270	0.01880	0.02251	0.04853	0.02187	0.01536	0.01873	0.03497	0.00748	0.00757	0.00219	0.03959	0.00625	0.00375	0.00979
20	0.04933	0.27648	0.02479	0.04574	0.06830	0.14602	0.01251	0.02524	0.04178	0.16205	0.06893	0.01889	0.01600	0.00775	0.00611	0.00191	0.00790	0.00579	0.00496	0.00953
21	0.04772	0.01442	0.01861	0.07005	0.11701	0.01539	0.03356	0.15296	0.17471	0.10395	0.12460	0.02596	0.02303	0.00918	0.00720	0.00223	0.00655	0.00782	0.03481	0.01024
22	0.06722	0.01716	0.05844	0.12613	0.23145	0.01713	0.01643	0.18797	0.07412	0.02885	0.01728	0.01951	0.03649	0.00766	0.00684	0.00213	0.00775	0.00644	0.00486	0.06614
23	0.08959	0.04341	0.01837	0.01663	0.09209	0.07158	0.01200	0.25783	0.06779	0.07808	0.07190	0.02489	0.07947	0.00934	0.00688	0.00213	0.00695	0.00737	0.03367	0.01003

[dist]
# distance from previous block
# <min> <max>
12	24

[block]
# block no. 8 follows, 29 sequences, length 21
# corresponding to MSA columns:
# 358-378
name=unknown_I
#
# <colnr> <probs for GDERKNQSTAVLIFYWHMCP>
#	G	D	E	R	K	N	Q	S	T	A	V	L	I	F	Y	W	H	M	C	P
0	0.01711	0.16599	0.45547	0.01762	0.02602	0.06737	0.02075	0.02310	0.01563	0.07286	0.01445	0.04719	0.01139	0.00752	0.00647	0.00211	0.00953	0.00575	0.00366	0.01002
1	0.05363	0.60820	0.07107	0.01293	0.01896	0.06182	0.01279	0.02257	0.04884	0.01843	0.01107	0.01246	0.00970	0.00639	0.00491	0.00165	0.00785	0.00414	0.00335	0.00921
2	0.01602	0.29856	0.46633	0.01734	0.02624	0.02078	0.02115	0.02210	0.01483	0.02043	0.01173	0.01372	0.00906	0.00652	0.00596	0.00199	0.00946	0.00473	0.00302	0.01002
3	0.01769	0.50885	0.19663	0.01419	0.02098	0.05281	0.01531	0.02145	0.01517	0.01886	0.05117	0.01479	0.01251	0.00680	0.00540	0.00175	0.00828	0.00472	0.00334	0.00929
4	0.01861	0.68912	0.09846	0.01292	0.01941	0.02712	0.01346	0.02143	0.01452	0.01728	0.01016	0.01175	0.00913	0.00615	0.00477	0.00159	0.00788	0.00394	0.00304	0.00926
5	0.01515	0.07057	0.61044	0.01900	0.02886	0.01647	0.02391	0.02261	0.01517	0.04569	0.01315	0.01515	0.00942	0.00671	0.00657	0.00214	0.00989	0.00519	0.00328	0.06065
6	0.01745	0.01500	0.01591	0.01443	0.01836	0.01731	0.01128	0.03686	0.66388	0.02943	0.02935	0.02884	0.02255	0.01008	0.00735	0.00245	0.00567	0.03550	0.00722	0.01107
7	0.00868	0.00620	0.00826	0.00991	0.01033	0.00578	0.00661	0.00991	0.01363	0.01818	0.03925	0.74510	0.04710	0.02231	0.00909	0.00289	0.00413	0.02024	0.00661	0.00578
8	0.71547	0.01429	0.01203	0.01151	0.04930	0.01638	0.00877	0.05938	0.01357	0.03226	0.01051	0.01220	0.00815	0.00671	0.00470	0.00219	0.00579	0.00413	0.00452	0.00815
9	0.70969	0.03842	0.01225	0.04657	0.01598	0.01656	0.00866	0.04165	0.01298	0.03115	0.01028	0.01212	0.00799	0.00668	0.00464	0.00219	0.00585	0.00406	0.00438	0.00791
10	0.01036	0.00690	0.00777	0.00777	0.00777	0.00690	0.00431	0.01036	0.01036	0.01381	0.02244	0.04660	0.02589	0.74975	0.03624	0.00690	0.00690	0.01036	0.00431	0.00431
11	0.00843	0.00715	0.00728	0.00739	0.00966	0.00600	0.00549	0.01020	0.01606	0.01917	0.07003	0.11187	0.66046	0.01831	0.00846	0.00244	0.00364	0.01536	0.00661	0.00600
12	0.01008	0.00728	0.00952	0.00896	0.01064	0.00672	0.00672	0.01344	0.02016	0.02855	0.70158	0.05319	0.06719	0.01456	0.00840	0.00224	0.00336	0.01288	0.00784	0.00672
13	0.13371	0.33203	0.06559	0.01358	0.01923	0.10221	0.01248	0.10315	0.03943	0.09858	0.01365	0.01437	0.01061	0.00705	0.00556	0.00187	0.00787	0.00480	0.00456	0.00966
14	0.01831	0.64411	0.14086	0.01343	0.02020	0.02639	0.01435	0.02151	0.01456	0.01764	0.01034	0.01198	0.00912	0.00620	0.00491	0.00164	0.00806	0.00403	0.00304	0.00935
15	0.09160	0.27440	0.26423	0.01616	0.06116	0.01906	0.01647	0.02115	0.01544	0.04309	0.09931	0.01873	0.01670	0.00754	0.00602	0.00199	0.00788	0.00571	0.00397	0.00939
16	0.06788	0.33563	0.28193	0.01543	0.02278	0.04620	0.01708	0.07260	0.01638	0.02245	0.03452	0.01464	0.01116	0.00689	0.00576	0.00192	0.00861	0.00488	0.00361	0.00968
17	0.01866	0.15436	0.23871	0.01417	0.02036	0.01462	0.01486	0.02293	0.01670	0.20464	0.08396	0.10326	0.04308	0.00999	0.00693	0.00218	0.00722	0.00818	0.00552	0.00968
18	0.07339	0.09692	0.47582	0.02032	0.07772	0.05712	0.02210	0.02232	0.01493	0.02221	0.01208	0.01455	0.00913	0.00698	0.00724	0.00220	0.04667	0.00512	0.00319	0.00998
19	0.01598	0.11226	0.24973	0.01667	0.05592	0.01414	0.04945	0.02039	0.01554	0.10810	0.04334	0.17789	0.02104	0.02713	0.00780	0.00235	0.00764	0.00914	0.00483	0.04066
20	0.06485	0.05882	0.58165	0.02031	0.06785	0.01663	0.02373	0.02207	0.01506	0.02318	0.03444	0.01605	0.01092	0.00695	0.00660	0.00222	0.00975	0.00543	0.00328	0.01022

[dist]
# distance from previous block
# <min> <max>
4	11

[block]
# block no. 9 follows, 29 sequences, length 10
# corresponding to MSA columns:
# 390-399
name=unknown_J
#
# <colnr> <probs for GDERKNQSTAVLIFYWHMCP>
#	G	D	E	R	K	N	Q	S	T	A	V	L	I	F	Y	W	H	M	C	P
0	0.10349	0.18082	0.49591	0.01741	0.02634	0.01885	0.02133	0.02212	0.01459	0.02242	0.01187	0.01391	0.00890	0.00661	0.00605	0.00210	0.00937	0.00481	0.00317	0.00992
1	0.10212	0.03139	0.56619	0.01798	0.02696	0.01553	0.02233	0.02149	0.01520	0.02418	0.07885	0.01832	0.01448	0.00750	0.00666	0.00225	0.00927	0.00584	0.00363	0.00984
2	0.01588	0.10446	0.58615	0.01917	0.02883	0.01815	0.02381	0.08114	0.01662	0.02398	0.01289	0.01487	0.00931	0.00686	0.00659	0.00217	0.01000	0.00522	0.00338	0.01053
3	0.01542	0.25803	0.45970	0.01714	0.02567	0.01950	0.02071	0.02140	0.01477	0.02048	0.01350	0.05851	0.01138	0.00751	0.00622	0.00207	0.00923	0.00572	0.00324	0.00980
4	0.01101	0.01329	0.15711	0.01146	0.01406	0.00898	0.01031	0.01357	0.01301	0.01800	0.06552	0.14421	0.02887	0.34063	0.05793	0.00497	0.00765	0.06837	0.00476	0.00629
5	0.01576	0.30026	0.24312	0.01498	0.04351	0.01861	0.01556	0.02047	0.03440	0.04431	0.04911	0.04143	0.11325	0.00896	0.00633	0.00201	0.00762	0.00697	0.00416	0.00918
6	0.01790	0.37509	0.30283	0.01556	0.02331	0.04383	0.01759	0.02261	0.01520	0.05663	0.01217	0.01373	0.00961	0.00651	0.00567	0.00184	0.00875	0.00461	0.00341	0.04315
7	0.01744	0.37255	0.29334	0.01549	0.02300	0.02199	0.01742	0.08017	0.01669	0.02213	0.04976	0.01561	0.01256	0.00704	0.00585	0.00190	0.00852	0.00510	0.00366	0.00980
8	0.01659	0.35088	0.30904	0.01538	0.02270	0.05955	0.01734	0.02117	0.01493	0.01916	0.01493	0.01747	0.04614	0.03875	0.00712	0.00211	0.00885	0.00531	0.00331	0.00928
9	0.05115	0.47566	0.19142	0.01465	0.02143	0.10278	0.01546	0.02239	0.01514	0.01881	0.01069	0.01243	0.00906	0.00641	0.00528	0.00176	0.00879	0.00424	0.00316	0.00930

[dist]
# distance from previous block
# <min> <max>
0	15

# created by:
# /st0/software/busco_prod/Augustus/scripts/msa2prfl.pl ./align_prep/131295.fa
