[name]
unknown

[dist]
# distance from previous block
# <min> <max>
21	147

[block]
# block no. 0 follows, 20 sequences, length 7
# corresponding to MSA columns:
# 230-236
name=unknown_A
#
# <colnr> <probs for GDERKNQSTAVLIFYWHMCP>
#	G	D	E	R	K	N	Q	S	T	A	V	L	I	F	Y	W	H	M	C	P
0	0.03489	0.02166	0.02446	0.01875	0.02567	0.02294	0.01549	0.44593	0.03637	0.22554	0.02484	0.02347	0.01679	0.01057	0.00874	0.00264	0.00897	0.00812	0.00932	0.01484
1	0.01937	0.22877	0.35319	0.02382	0.06713	0.02386	0.07275	0.02652	0.01884	0.02607	0.05045	0.02043	0.01553	0.00849	0.00781	0.00251	0.01136	0.00686	0.00413	0.01209
2	0.02193	0.01754	0.01988	0.01493	0.02196	0.01577	0.01199	0.19124	0.02462	0.03567	0.01933	0.06524	0.01657	0.00906	0.00744	0.00183	0.00727	0.00730	0.00640	0.48403
3	0.01436	0.06764	0.01564	0.01171	0.01619	0.01111	0.00907	0.01706	0.01822	0.02479	0.04464	0.20855	0.20422	0.01641	0.00870	0.00239	0.00575	0.01399	0.00665	0.28293
4	0.02282	0.50273	0.04273	0.02609	0.20063	0.03053	0.01835	0.02631	0.01834	0.02283	0.01336	0.01619	0.01195	0.00755	0.00648	0.00208	0.00963	0.00556	0.00390	0.01195
5	0.01442	0.01130	0.01302	0.01228	0.01514	0.01127	0.00927	0.05133	0.12927	0.03226	0.30640	0.12934	0.19420	0.01841	0.01005	0.00291	0.00507	0.01591	0.00892	0.00923
6	0.24260	0.02564	0.20374	0.10886	0.17101	0.01965	0.02204	0.02694	0.01789	0.06337	0.01574	0.01907	0.01183	0.00830	0.00757	0.00272	0.01000	0.00652	0.00475	0.01176

[dist]
# distance from previous block
# <min> <max>
0	3

[block]
# block no. 1 follows, 20 sequences, length 8
# corresponding to MSA columns:
# 240-247
name=unknown_B
#
# <colnr> <probs for GDERKNQSTAVLIFYWHMCP>
#	G	D	E	R	K	N	Q	S	T	A	V	L	I	F	Y	W	H	M	C	P
0	0.26063	0.02205	0.02197	0.01736	0.02384	0.02469	0.01433	0.42583	0.03277	0.04998	0.01817	0.01881	0.01314	0.00972	0.00768	0.00264	0.00870	0.00687	0.00768	0.01314
1	0.02822	0.03095	0.22220	0.02158	0.03042	0.02491	0.02151	0.42646	0.03389	0.04636	0.01928	0.02015	0.01364	0.00978	0.00859	0.00266	0.01064	0.00741	0.00714	0.01422
2	0.01884	0.01933	0.01653	0.01582	0.01800	0.21447	0.01170	0.02109	0.01713	0.01996	0.02104	0.03281	0.02038	0.16819	0.33579	0.00924	0.01810	0.00881	0.00473	0.00804
3	0.01648	0.06993	0.10258	0.01577	0.04380	0.01260	0.01323	0.02046	0.02059	0.09018	0.22916	0.24547	0.05016	0.01756	0.00968	0.00292	0.00662	0.01542	0.00775	0.00964
4	0.24754	0.01290	0.01442	0.01300	0.01696	0.01377	0.01034	0.01997	0.01506	0.02777	0.01832	0.02483	0.01621	0.03604	0.32773	0.00801	0.01488	0.00709	0.00500	0.15017
5	0.01776	0.04035	0.53218	0.07820	0.04041	0.02039	0.09529	0.02723	0.01858	0.02723	0.01586	0.01937	0.01134	0.00822	0.00854	0.00279	0.01299	0.00698	0.00378	0.01251
6	0.02376	0.01843	0.01947	0.01609	0.02140	0.01982	0.01291	0.31351	0.14612	0.04153	0.04498	0.04302	0.21267	0.01439	0.00925	0.00279	0.00745	0.01157	0.00856	0.01228
7	0.24993	0.01544	0.01583	0.01222	0.01869	0.01391	0.00970	0.02247	0.01669	0.03099	0.01529	0.01959	0.01314	0.05520	0.00879	0.00224	0.00669	0.00556	0.00525	0.46239

[dist]
# distance from previous block
# <min> <max>
0	1

[block]
# block no. 2 follows, 20 sequences, length 13
# corresponding to MSA columns:
# 249-261
name=unknown_C
#
# <colnr> <probs for GDERKNQSTAVLIFYWHMCP>
#	G	D	E	R	K	N	Q	S	T	A	V	L	I	F	Y	W	H	M	C	P
0	0.12355	0.12317	0.04112	0.01326	0.01706	0.05041	0.01099	0.02095	0.02023	0.05586	0.23702	0.17695	0.04603	0.01567	0.00874	0.00274	0.00663	0.01313	0.00729	0.00919
1	0.01239	0.00926	0.01205	0.01292	0.01483	0.00830	0.00945	0.01470	0.01748	0.02389	0.04257	0.48296	0.04931	0.02346	0.01054	0.00326	0.00578	0.11403	0.00762	0.12521
2	0.02711	0.50527	0.03917	0.01563	0.02292	0.03003	0.01477	0.09798	0.02168	0.12833	0.01687	0.01742	0.01335	0.00837	0.00649	0.00209	0.00904	0.00572	0.00550	0.01223
3	0.02802	0.15457	0.02818	0.01841	0.02491	0.02701	0.01548	0.33786	0.19972	0.04306	0.02330	0.02284	0.01743	0.01027	0.00816	0.00257	0.00879	0.00779	0.00779	0.01383
4	0.03040	0.03223	0.02352	0.02020	0.02537	0.37367	0.01567	0.22843	0.02975	0.03304	0.02403	0.02480	0.07919	0.01089	0.00842	0.00245	0.01243	0.00775	0.00632	0.01143
5	0.10769	0.46970	0.03404	0.01335	0.01897	0.02715	0.01221	0.02318	0.01630	0.02195	0.01543	0.02327	0.01539	0.15488	0.01391	0.00338	0.00884	0.00639	0.00426	0.00972
6	0.13029	0.25314	0.02762	0.05562	0.02298	0.10589	0.01353	0.05786	0.05312	0.06575	0.04378	0.02398	0.01789	0.08221	0.01095	0.00299	0.00937	0.00703	0.00549	0.01052
7	0.01343	0.01004	0.01211	0.01173	0.01372	0.00952	0.00814	0.01745	0.06953	0.02598	0.18451	0.23026	0.04905	0.19695	0.01895	0.00432	0.00604	0.01574	0.00745	0.09506
8	0.15794	0.02301	0.17648	0.19669	0.07351	0.01821	0.07029	0.02404	0.01786	0.02843	0.02217	0.02601	0.06522	0.00955	0.00808	0.00276	0.01010	0.00800	0.05109	0.01056
9	0.10501	0.23675	0.02300	0.01256	0.01667	0.01897	0.01060	0.04429	0.01915	0.02816	0.14095	0.09852	0.03273	0.05791	0.03963	0.00333	0.00761	0.01011	0.08477	0.00928
10	0.10297	0.01878	0.02011	0.01592	0.02196	0.01957	0.01295	0.31268	0.02900	0.04150	0.02712	0.02822	0.08796	0.01536	0.06192	0.00335	0.00921	0.00837	0.00727	0.15579
11	0.09673	0.08695	0.14036	0.01461	0.02019	0.01487	0.01417	0.02318	0.02114	0.10097	0.26280	0.07203	0.07069	0.01373	0.00877	0.00270	0.00707	0.01141	0.00740	0.01023
12	0.06985	0.01759	0.01926	0.01556	0.02047	0.01858	0.01218	0.29445	0.02701	0.03817	0.02125	0.02928	0.01858	0.16230	0.08534	0.00490	0.01018	0.00846	0.00682	0.11978

[dist]
# distance from previous block
# <min> <max>
0	1

[block]
# block no. 3 follows, 20 sequences, length 8
# corresponding to MSA columns:
# 263-270
name=unknown_D
#
# <colnr> <probs for GDERKNQSTAVLIFYWHMCP>
#	G	D	E	R	K	N	Q	S	T	A	V	L	I	F	Y	W	H	M	C	P
0	0.05596	0.21263	0.29584	0.10592	0.06277	0.02304	0.02322	0.02528	0.01810	0.02534	0.01985	0.02258	0.05685	0.00909	0.00763	0.00254	0.01071	0.00699	0.00416	0.01148
1	0.02429	0.13286	0.02581	0.13039	0.02913	0.14958	0.01583	0.18688	0.02595	0.03113	0.02968	0.03095	0.12895	0.01156	0.00834	0.00253	0.01016	0.00884	0.00611	0.01101
2	0.14437	0.10500	0.33897	0.01972	0.02906	0.02159	0.02240	0.10477	0.02131	0.03311	0.06699	0.02146	0.01725	0.00926	0.00774	0.00263	0.01029	0.00693	0.00515	0.01200
3	0.02053	0.01700	0.07549	0.04800	0.02027	0.01564	0.01245	0.19646	0.02362	0.03419	0.02406	0.03366	0.02092	0.18911	0.01727	0.00401	0.00811	0.00906	0.22021	0.00993
4	0.02068	0.02567	0.16728	0.02375	0.07272	0.09020	0.13009	0.06516	0.02225	0.05323	0.09433	0.03201	0.07356	0.01081	0.00888	0.00266	0.01041	0.00958	0.07554	0.01119
5	0.10351	0.02492	0.21373	0.07495	0.16996	0.01774	0.05845	0.02442	0.01975	0.03038	0.14887	0.02939	0.02703	0.01018	0.00862	0.00273	0.00972	0.00889	0.00536	0.01139
6	0.02259	0.35253	0.20410	0.02452	0.13634	0.02665	0.02154	0.02783	0.01882	0.06916	0.01545	0.01767	0.01238	0.00798	0.00709	0.00230	0.01033	0.00599	0.00434	0.01238
7	0.23192	0.02903	0.27590	0.01886	0.02719	0.02049	0.02011	0.03267	0.19899	0.03361	0.02060	0.02143	0.01526	0.00930	0.00763	0.00280	0.00932	0.00697	0.00574	0.01217

[dist]
# distance from previous block
# <min> <max>
30	70

[block]
# block no. 4 follows, 20 sequences, length 39
# corresponding to MSA columns:
# 348-357,359-387
name=unknown_E
#
# <colnr> <probs for GDERKNQSTAVLIFYWHMCP>
#	G	D	E	R	K	N	Q	S	T	A	V	L	I	F	Y	W	H	M	C	P
0	0.02460	0.01893	0.01923	0.01649	0.02066	0.07303	0.01293	0.30385	0.02892	0.03846	0.02654	0.11490	0.02464	0.06860	0.01312	0.04307	0.00869	0.05202	0.08038	0.01094
1	0.11377	0.12012	0.10913	0.02147	0.02805	0.04670	0.13363	0.10023	0.02102	0.05017	0.01886	0.02186	0.03346	0.00979	0.01052	0.00272	0.09490	0.00760	0.04468	0.01134
2	0.02954	0.14179	0.02857	0.01848	0.02547	0.02687	0.01564	0.42578	0.07523	0.04572	0.02000	0.02031	0.01487	0.00974	0.00802	0.00241	0.00914	0.00724	0.00760	0.06759
3	0.01938	0.01915	0.08743	0.01981	0.02515	0.01719	0.12695	0.11359	0.04448	0.03182	0.02906	0.07883	0.06646	0.01278	0.01062	0.00282	0.06615	0.04717	0.13744	0.04371
4	0.03159	0.02493	0.02563	0.02020	0.02652	0.07000	0.01652	0.50031	0.08107	0.04964	0.02103	0.02134	0.01528	0.01070	0.00966	0.00268	0.04268	0.00784	0.00820	0.01417
5	0.01191	0.00894	0.01184	0.01254	0.01337	0.00908	0.00884	0.01404	0.01825	0.02513	0.19742	0.42654	0.05858	0.06960	0.01463	0.00369	0.06000	0.02020	0.00795	0.00746
6	0.01832	0.01089	0.01350	0.01267	0.01518	0.01019	0.00897	0.05947	0.01890	0.13300	0.03584	0.30900	0.03805	0.19338	0.01875	0.00441	0.00678	0.01609	0.00765	0.06897
7	0.03232	0.02402	0.02571	0.01990	0.02673	0.02666	0.01638	0.56878	0.08354	0.05362	0.02201	0.02179	0.01570	0.01057	0.00874	0.00264	0.00940	0.00800	0.00874	0.01476
8	0.08074	0.04270	0.59376	0.02371	0.03596	0.02020	0.03027	0.02745	0.01811	0.02861	0.01535	0.01805	0.01091	0.00827	0.00804	0.00276	0.01236	0.00630	0.00383	0.01260
9	0.01809	0.01550	0.01809	0.01292	0.02067	0.01163	0.01034	0.02196	0.01809	0.02842	0.01550	0.01809	0.01292	0.00646	0.00646	0.00129	0.00646	0.00517	0.00517	0.74677
10	0.01981	0.01545	0.01826	0.01313	0.02080	0.01173	0.01054	0.02364	0.01865	0.07882	0.01705	0.01904	0.01363	0.00681	0.00665	0.00141	0.00654	0.00546	0.00563	0.68695
11	0.02382	0.66296	0.04457	0.01534	0.02264	0.06844	0.01503	0.02659	0.01810	0.02057	0.01220	0.01409	0.01120	0.00755	0.00572	0.00189	0.00968	0.00472	0.00377	0.01114
12	0.01088	0.00863	0.00979	0.00998	0.01226	0.00753	0.00730	0.01345	0.02053	0.02623	0.21965	0.18826	0.39074	0.02196	0.01045	0.00300	0.00446	0.01889	0.00848	0.00753
13	0.18117	0.01681	0.02499	0.40651	0.16224	0.01968	0.02144	0.02390	0.01733	0.02722	0.01493	0.02092	0.01157	0.00840	0.00797	0.00280	0.01030	0.00708	0.00430	0.01043
14	0.03088	0.03873	0.02342	0.02136	0.02547	0.60269	0.01586	0.03293	0.02369	0.02097	0.01468	0.01928	0.01299	0.06768	0.01100	0.00278	0.01511	0.00622	0.00456	0.00970
15	0.01515	0.00758	0.01136	0.01136	0.01136	0.00758	0.00758	0.01136	0.01136	0.01515	0.01515	0.02652	0.01515	0.03030	0.03409	0.74621	0.00758	0.00758	0.00379	0.00379
16	0.01298	0.00843	0.00940	0.00940	0.00957	0.00843	0.00535	0.01331	0.01314	0.01819	0.02756	0.05508	0.03095	0.63760	0.04127	0.00793	0.00810	0.01231	0.06549	0.00552
17	0.03157	0.02237	0.02454	0.01868	0.02575	0.02368	0.01539	0.47947	0.03645	0.10188	0.02134	0.02130	0.01515	0.00994	0.00841	0.00244	0.00898	0.00756	0.00841	0.11669
18	0.03232	0.08225	0.02785	0.01963	0.02665	0.02769	0.01644	0.55989	0.03902	0.05202	0.02019	0.02035	0.01452	0.01021	0.00846	0.00255	0.00958	0.00758	0.00830	0.01452
19	0.01246	0.00935	0.01402	0.01402	0.01558	0.01090	0.01090	0.01558	0.01402	0.02025	0.02336	0.03427	0.02181	0.06542	0.65888	0.01402	0.02336	0.00935	0.00467	0.00779
20	0.01678	0.01843	0.13374	0.01484	0.01965	0.04284	0.01382	0.02321	0.06439	0.07702	0.37470	0.05008	0.08553	0.01490	0.00959	0.00275	0.00678	0.01274	0.00820	0.01002
21	0.01246	0.00935	0.01402	0.01402	0.01558	0.01090	0.01090	0.01558	0.01402	0.02025	0.02336	0.03427	0.02181	0.06542	0.65888	0.01402	0.02336	0.00935	0.00467	0.00779
22	0.01917	0.03920	0.50052	0.02595	0.03733	0.02042	0.11204	0.02815	0.01883	0.06045	0.01674	0.01978	0.01194	0.00862	0.00956	0.00283	0.04443	0.00717	0.00417	0.01268
23	0.03316	0.02443	0.02618	0.02007	0.02705	0.02705	0.01658	0.60995	0.04101	0.05497	0.02094	0.02094	0.01483	0.01047	0.00873	0.00262	0.00960	0.00785	0.00873	0.01483
24	0.01958	0.01639	0.01889	0.01363	0.02130	0.01316	0.01095	0.08026	0.02036	0.03106	0.01604	0.01837	0.01311	0.00686	0.00668	0.00142	0.00677	0.00543	0.00552	0.67420
25	0.01996	0.01856	0.07717	0.02659	0.13427	0.01593	0.15703	0.02653	0.05449	0.10276	0.22785	0.03800	0.03811	0.01167	0.00959	0.00277	0.00897	0.01119	0.00707	0.01149
26	0.01227	0.00872	0.01102	0.01176	0.01279	0.00838	0.00800	0.03732	0.01882	0.02557	0.17654	0.41336	0.05717	0.13673	0.01645	0.00415	0.00560	0.02003	0.00799	0.00735
27	0.11779	0.45137	0.03659	0.01561	0.02260	0.03059	0.01450	0.13887	0.05014	0.03023	0.01491	0.01621	0.01239	0.00832	0.00632	0.00217	0.00894	0.00553	0.00514	0.01179
28	0.02251	0.14556	0.05913	0.01755	0.02370	0.02387	0.01505	0.08637	0.39895	0.03415	0.02786	0.02664	0.02124	0.01044	0.00810	0.00263	0.00787	0.00830	0.00744	0.05265
29	0.02396	0.01928	0.01903	0.01592	0.02095	0.06282	0.01268	0.28130	0.11591	0.03974	0.04135	0.04021	0.18476	0.01368	0.00891	0.00268	0.00779	0.01087	0.06636	0.01181
30	0.02320	0.23360	0.09104	0.02406	0.03121	0.02732	0.18680	0.13016	0.02213	0.02945	0.01547	0.01906	0.01245	0.00916	0.01103	0.00266	0.10706	0.00742	0.00483	0.01191
31	0.01810	0.17901	0.30785	0.02349	0.07957	0.02123	0.06562	0.02450	0.01836	0.02525	0.02243	0.11397	0.04226	0.01119	0.00834	0.00268	0.01061	0.00947	0.00459	0.01149
32	0.01253	0.00872	0.01030	0.01084	0.01142	0.00856	0.00680	0.03380	0.01554	0.02059	0.03790	0.29166	0.07047	0.38831	0.02908	0.00615	0.00704	0.01730	0.00659	0.00640
33	0.22091	0.02238	0.15455	0.16953	0.03201	0.01882	0.01832	0.08220	0.04257	0.03203	0.02594	0.02819	0.09769	0.01059	0.00794	0.00280	0.00919	0.00819	0.00551	0.01066
34	0.01758	0.29390	0.02575	0.01312	0.01696	0.01995	0.01092	0.04908	0.01798	0.02278	0.05701	0.16780	0.05258	0.14565	0.04967	0.00423	0.00861	0.01182	0.00569	0.00894
35	0.02251	0.02274	0.13192	0.01758	0.02416	0.01907	0.01623	0.21533	0.07700	0.03692	0.02201	0.05073	0.01794	0.04104	0.01062	0.00274	0.03983	0.00822	0.08217	0.14124
36	0.02008	0.13950	0.11824	0.01625	0.02207	0.01952	0.01518	0.17681	0.02455	0.03259	0.08012	0.13724	0.10464	0.01657	0.03516	0.00317	0.00880	0.01179	0.00680	0.01091
37	0.02276	0.01813	0.02171	0.01792	0.02168	0.02077	0.01446	0.25492	0.02610	0.03636	0.08077	0.05919	0.02396	0.05378	0.06035	0.00396	0.17553	0.00953	0.00681	0.07131
38	0.08836	0.03225	0.35419	0.02543	0.10554	0.01945	0.04637	0.08327	0.02052	0.03097	0.02165	0.07068	0.04314	0.01040	0.00847	0.00279	0.01079	0.00861	0.00497	0.01216

[dist]
# distance from previous block
# <min> <max>
5	11

[block]
# block no. 5 follows, 20 sequences, length 9
# corresponding to MSA columns:
# 399-407
name=unknown_F
#
# <colnr> <probs for GDERKNQSTAVLIFYWHMCP>
#	G	D	E	R	K	N	Q	S	T	A	V	L	I	F	Y	W	H	M	C	P
0	0.01791	0.01812	0.01436	0.01352	0.01586	0.19417	0.00964	0.02006	0.02065	0.02432	0.20398	0.05178	0.13568	0.20116	0.01895	0.00420	0.00868	0.01244	0.00672	0.00782
1	0.18555	0.07972	0.39327	0.02012	0.02985	0.04866	0.02361	0.02664	0.01826	0.02998	0.05617	0.02018	0.01550	0.00886	0.00757	0.00266	0.01080	0.00653	0.00451	0.01156
2	0.01605	0.09501	0.28783	0.01791	0.02508	0.01654	0.01982	0.02247	0.01915	0.02762	0.14522	0.03611	0.03047	0.01896	0.09491	0.00420	0.01123	0.04915	0.05182	0.01045
3	0.02644	0.02170	0.02243	0.07376	0.02660	0.08231	0.01526	0.33980	0.07958	0.04288	0.11798	0.03151	0.05703	0.01200	0.00897	0.00267	0.00904	0.00954	0.00802	0.01248
4	0.20287	0.21121	0.02764	0.02229	0.14304	0.10092	0.01515	0.02512	0.01815	0.02707	0.01851	0.11619	0.01822	0.01083	0.00726	0.00251	0.00905	0.00842	0.00500	0.01054
5	0.05674	0.07212	0.02463	0.07802	0.12376	0.04524	0.01629	0.11583	0.13854	0.13505	0.02412	0.02497	0.01783	0.00978	0.00808	0.00259	0.00859	0.00792	0.07719	0.01270
6	0.12516	0.17012	0.30265	0.01954	0.02851	0.07287	0.02166	0.06799	0.02025	0.02971	0.05361	0.01983	0.01562	0.00890	0.00745	0.00252	0.01073	0.00646	0.00473	0.01168
7	0.18138	0.08067	0.34095	0.02315	0.08186	0.06379	0.02359	0.02845	0.04903	0.02977	0.01557	0.01799	0.01175	0.00837	0.00750	0.00265	0.01096	0.00618	0.00444	0.01196
8	0.21160	0.02344	0.14357	0.02175	0.08766	0.01871	0.06748	0.09163	0.02025	0.03377	0.01706	0.04931	0.01407	0.00887	0.00756	0.00247	0.00917	0.00721	0.00533	0.15911

[dist]
# distance from previous block
# <min> <max>
2	22

[block]
# block no. 6 follows, 20 sequences, length 9
# corresponding to MSA columns:
# 430-438
name=unknown_G
#
# <colnr> <probs for GDERKNQSTAVLIFYWHMCP>
#	G	D	E	R	K	N	Q	S	T	A	V	L	I	F	Y	W	H	M	C	P
0	0.02238	0.06132	0.02158	0.06786	0.06753	0.06794	0.01411	0.16768	0.02405	0.07164	0.02769	0.20871	0.02746	0.06239	0.01153	0.00317	0.00864	0.01245	0.00694	0.04494
1	0.02649	0.02453	0.02627	0.15071	0.14319	0.17430	0.01933	0.17884	0.02587	0.06445	0.01818	0.02171	0.01405	0.01344	0.05743	0.00344	0.01252	0.00744	0.00579	0.01200
2	0.16513	0.05740	0.06205	0.01782	0.02294	0.27826	0.01468	0.07244	0.02279	0.05930	0.07867	0.06967	0.02200	0.01109	0.00791	0.00254	0.01078	0.00816	0.00597	0.01040
3	0.02079	0.17393	0.02197	0.01322	0.01720	0.01902	0.01068	0.16327	0.02274	0.03131	0.07049	0.03436	0.02510	0.18883	0.01697	0.00387	0.00780	0.00905	0.13966	0.00975
4	0.01647	0.01240	0.05897	0.05649	0.01902	0.01055	0.01169	0.02039	0.02000	0.10485	0.20475	0.16541	0.04466	0.02342	0.10252	0.00444	0.00859	0.01362	0.09257	0.00919
5	0.12769	0.02243	0.13798	0.11109	0.24985	0.01888	0.02170	0.02615	0.06229	0.02965	0.04861	0.02725	0.06084	0.00978	0.00831	0.00274	0.00950	0.00833	0.00514	0.01179
6	0.02122	0.07644	0.13567	0.05107	0.02619	0.02193	0.01799	0.12518	0.14454	0.03230	0.02148	0.02411	0.01679	0.01346	0.04332	0.00335	0.11519	0.00782	0.09015	0.01178
7	0.05688	0.03003	0.02215	0.01935	0.02405	0.36976	0.01492	0.05578	0.05561	0.09751	0.06646	0.02263	0.01907	0.01024	0.00918	0.00243	0.04810	0.00714	0.00607	0.06264
8	0.02205	0.09165	0.02158	0.01757	0.06363	0.07956	0.01266	0.19159	0.02444	0.03082	0.03248	0.03872	0.13320	0.14358	0.01679	0.04407	0.00892	0.01017	0.00642	0.01010

[dist]
# distance from previous block
# <min> <max>
4	37

[block]
# block no. 7 follows, 20 sequences, length 9
# corresponding to MSA columns:
# 476-483,491
name=unknown_H
#
# <colnr> <probs for GDERKNQSTAVLIFYWHMCP>
#	G	D	E	R	K	N	Q	S	T	A	V	L	I	F	Y	W	H	M	C	P
0	0.01463	0.01170	0.01297	0.01198	0.01530	0.01165	0.00927	0.08751	0.07914	0.02939	0.13048	0.06253	0.35435	0.02525	0.09983	0.00442	0.00786	0.01478	0.00795	0.00902
1	0.02465	0.05746	0.02133	0.01692	0.02135	0.07342	0.01323	0.31459	0.02929	0.03805	0.02786	0.20710	0.02756	0.07157	0.01211	0.00328	0.00875	0.01256	0.00763	0.01130
2	0.06841	0.12665	0.13973	0.02958	0.08598	0.10782	0.26424	0.02830	0.01995	0.02669	0.01552	0.01953	0.01213	0.00782	0.00852	0.00262	0.01291	0.00767	0.00426	0.01167
3	0.01975	0.07711	0.04137	0.02867	0.03601	0.02102	0.38150	0.02540	0.01914	0.02651	0.01799	0.05769	0.01529	0.00897	0.01088	0.00270	0.06807	0.00958	0.00463	0.12774
4	0.06492	0.08362	0.10293	0.01691	0.05179	0.01837	0.01450	0.10259	0.13139	0.03307	0.03405	0.03443	0.12219	0.01178	0.00799	0.00258	0.00751	0.00937	0.13883	0.01119
5	0.01366	0.01061	0.01424	0.06996	0.02001	0.01001	0.01191	0.01688	0.01837	0.02479	0.04088	0.27153	0.07276	0.02060	0.01038	0.00322	0.00689	0.21647	0.00719	0.13963
6	0.07005	0.03441	0.30381	0.02727	0.09086	0.12923	0.11315	0.02781	0.01940	0.02691	0.01599	0.01991	0.01236	0.01240	0.05615	0.00351	0.01377	0.00711	0.00418	0.01173
7	0.12987	0.11067	0.08478	0.02521	0.17221	0.02068	0.01784	0.05454	0.01936	0.02984	0.10320	0.02613	0.02276	0.01497	0.06450	0.00363	0.07542	0.00803	0.00531	0.01106
8	0.02067	0.02581	0.14769	0.12816	0.38191	0.05435	0.06258	0.02683	0.01957	0.02709	0.01607	0.02103	0.01284	0.00803	0.00864	0.00267	0.01155	0.00757	0.00416	0.01277

[dist]
# distance from previous block
# <min> <max>
0	1

[block]
# block no. 8 follows, 20 sequences, length 12
# corresponding to MSA columns:
# 493-504
name=unknown_I
#
# <colnr> <probs for GDERKNQSTAVLIFYWHMCP>
#	G	D	E	R	K	N	Q	S	T	A	V	L	I	F	Y	W	H	M	C	P
0	0.02253	0.01585	0.02053	0.01770	0.02227	0.01649	0.06097	0.11385	0.19013	0.12622	0.08470	0.13736	0.03513	0.01537	0.00978	0.00306	0.00763	0.07998	0.00862	0.01180
1	0.06193	0.01819	0.07758	0.07434	0.02833	0.01653	0.13293	0.07469	0.02183	0.08745	0.14280	0.12695	0.03338	0.01355	0.01058	0.00296	0.04643	0.01210	0.00684	0.01062
2	0.13662	0.08430	0.02727	0.06801	0.02872	0.18713	0.10063	0.07802	0.11211	0.03013	0.02168	0.02348	0.04610	0.00968	0.00805	0.00260	0.01095	0.00771	0.00569	0.01111
3	0.02339	0.02337	0.07915	0.01914	0.02335	0.10892	0.01627	0.20575	0.02499	0.03322	0.02325	0.14997	0.02210	0.01429	0.01287	0.00296	0.14374	0.01068	0.05155	0.01102
4	0.02136	0.02008	0.07587	0.05902	0.12467	0.06099	0.01634	0.11544	0.07278	0.06604	0.07630	0.06019	0.05742	0.11818	0.01450	0.00362	0.00913	0.01038	0.00660	0.01108
5	0.01963	0.01679	0.01502	0.01403	0.01701	0.13685	0.01057	0.02389	0.06866	0.07903	0.04136	0.10646	0.16664	0.05654	0.05162	0.00375	0.03962	0.01218	0.11117	0.00917
6	0.17420	0.11783	0.02375	0.01612	0.02217	0.07459	0.01347	0.19672	0.02648	0.16078	0.07372	0.02380	0.02021	0.01016	0.00769	0.00252	0.00859	0.00747	0.00749	0.01228
7	0.02898	0.02196	0.02393	0.01809	0.02528	0.02277	0.01485	0.44690	0.03466	0.04761	0.01943	0.02015	0.01430	0.00936	0.00810	0.00225	0.00873	0.00711	0.00774	0.21780
8	0.02074	0.01889	0.02014	0.01979	0.09059	0.07030	0.01375	0.07792	0.22683	0.03187	0.03577	0.03527	0.12954	0.01178	0.00852	0.00249	0.00771	0.00969	0.00709	0.16133
9	0.02152	0.08639	0.08723	0.15923	0.36196	0.08448	0.02471	0.02675	0.01957	0.02583	0.01549	0.02034	0.01267	0.00808	0.00827	0.00256	0.01125	0.00715	0.00414	0.01236
10	0.08115	0.20225	0.12898	0.01996	0.05541	0.08188	0.01790	0.02431	0.01696	0.02372	0.01516	0.02004	0.01330	0.02041	0.13869	0.00484	0.11386	0.00658	0.00416	0.01044
11	0.01521	0.05490	0.04966	0.01795	0.10551	0.01222	0.01231	0.01890	0.02107	0.05306	0.27187	0.11201	0.15150	0.05182	0.01146	0.00307	0.00629	0.01429	0.00760	0.00932

[dist]
# distance from previous block
# <min> <max>
6	9

[block]
# block no. 9 follows, 20 sequences, length 7
# corresponding to MSA columns:
# 514-520
name=unknown_J
#
# <colnr> <probs for GDERKNQSTAVLIFYWHMCP>
#	G	D	E	R	K	N	Q	S	T	A	V	L	I	F	Y	W	H	M	C	P
0	0.09656	0.08690	0.09462	0.06122	0.02686	0.08052	0.01616	0.10953	0.10286	0.06230	0.01903	0.02037	0.01447	0.00880	0.00751	0.00232	0.00925	0.00661	0.00600	0.16810
1	0.01991	0.05353	0.01852	0.01539	0.04104	0.01497	0.01146	0.15579	0.02396	0.06749	0.07909	0.19050	0.10128	0.04624	0.01068	0.00291	0.00691	0.01333	0.00756	0.11946
2	0.21546	0.01346	0.01601	0.01552	0.05043	0.01401	0.03890	0.01956	0.01618	0.02792	0.02711	0.17326	0.05275	0.10381	0.01415	0.00354	0.05191	0.01164	0.04168	0.09268
3	0.01915	0.01815	0.11204	0.09007	0.02458	0.01567	0.01524	0.14100	0.02198	0.03271	0.02247	0.02732	0.01777	0.02097	0.13951	0.00479	0.01130	0.00802	0.24692	0.01033
4	0.02014	0.10060	0.18991	0.02651	0.14472	0.07179	0.02159	0.02757	0.08747	0.02616	0.02372	0.02622	0.07228	0.01092	0.01137	0.00279	0.11144	0.00814	0.00490	0.01174
5	0.07363	0.01445	0.02197	0.16309	0.03038	0.01466	0.10152	0.02151	0.05371	0.02633	0.02722	0.23581	0.02761	0.01425	0.00910	0.00283	0.00843	0.01306	0.00595	0.13449
6	0.08822	0.03212	0.33042	0.07842	0.17209	0.02046	0.10215	0.02690	0.01861	0.02856	0.01574	0.01973	0.01184	0.00807	0.00838	0.00275	0.01189	0.00717	0.00409	0.01240

[dist]
# distance from previous block
# <min> <max>
16	29

[block]
# block no. 10 follows, 20 sequences, length 11
# corresponding to MSA columns:
# 553-563
name=unknown_K
#
# <colnr> <probs for GDERKNQSTAVLIFYWHMCP>
#	G	D	E	R	K	N	Q	S	T	A	V	L	I	F	Y	W	H	M	C	P
0	0.02155	0.02211	0.02958	0.17045	0.30223	0.11357	0.02264	0.02588	0.01903	0.02510	0.01503	0.02050	0.01259	0.00913	0.01124	0.00270	0.10596	0.00727	0.00424	0.05922
1	0.01719	0.01321	0.01560	0.01389	0.01783	0.01227	0.01039	0.12889	0.02175	0.03037	0.03299	0.35693	0.03590	0.01777	0.00925	0.00268	0.00635	0.01560	0.00732	0.23382
2	0.01312	0.01148	0.01349	0.01383	0.04180	0.04371	0.03544	0.01547	0.01908	0.02404	0.12779	0.19222	0.27468	0.11638	0.01513	0.00378	0.00642	0.01706	0.00736	0.00775
3	0.02323	0.02499	0.02926	0.02431	0.02686	0.16658	0.09029	0.06503	0.01865	0.02424	0.01331	0.01901	0.01185	0.01258	0.02042	0.00328	0.40392	0.00753	0.00437	0.01030
4	0.01764	0.01621	0.02394	0.23496	0.20623	0.01771	0.01930	0.02613	0.13450	0.02702	0.03470	0.03715	0.14455	0.01182	0.00906	0.00284	0.00887	0.01037	0.00583	0.01116
5	0.02204	0.02186	0.03042	0.14327	0.11228	0.08973	0.14094	0.09394	0.10407	0.02975	0.02385	0.02713	0.05682	0.01029	0.01036	0.00284	0.05407	0.00906	0.00562	0.01166
6	0.02065	0.48558	0.16658	0.01630	0.02438	0.02851	0.01758	0.02490	0.01811	0.02234	0.02143	0.02277	0.08131	0.00928	0.00668	0.00217	0.00952	0.00658	0.00421	0.01112
7	0.02198	0.01702	0.01877	0.01597	0.02029	0.01863	0.01229	0.20432	0.20938	0.03557	0.02670	0.03343	0.02267	0.16070	0.08919	0.00514	0.00986	0.00947	0.00735	0.06126
8	0.01784	0.01796	0.09645	0.01936	0.07005	0.01463	0.06880	0.02631	0.13572	0.08088	0.11408	0.04902	0.22340	0.01454	0.00953	0.00285	0.00756	0.01263	0.00747	0.01090
9	0.01972	0.02582	0.19471	0.06979	0.06925	0.01916	0.16265	0.11416	0.02244	0.03090	0.02587	0.07189	0.07320	0.01086	0.00917	0.00277	0.01093	0.01003	0.00547	0.05117
10	0.02092	0.02930	0.21334	0.05261	0.07665	0.13715	0.02131	0.05742	0.08620	0.02882	0.06253	0.03610	0.02417	0.01208	0.00908	0.00288	0.01100	0.10124	0.00579	0.01140

[dist]
# distance from previous block
# <min> <max>
8	32

[block]
# block no. 11 follows, 20 sequences, length 8
# corresponding to MSA columns:
# 597-604
name=unknown_L
#
# <colnr> <probs for GDERKNQSTAVLIFYWHMCP>
#	G	D	E	R	K	N	Q	S	T	A	V	L	I	F	Y	W	H	M	C	P
0	0.02303	0.01955	0.07369	0.06457	0.09568	0.01737	0.08085	0.13745	0.02454	0.11556	0.06600	0.03540	0.07256	0.01155	0.00909	0.00269	0.00914	0.04857	0.00694	0.08578
1	0.02810	0.06393	0.05599	0.02056	0.06639	0.08078	0.01609	0.07481	0.23043	0.20366	0.02753	0.02630	0.01983	0.01058	0.00922	0.00273	0.03343	0.00831	0.00790	0.01344
2	0.07802	0.10492	0.06306	0.01984	0.02507	0.01964	0.15369	0.02543	0.01821	0.07355	0.01958	0.02348	0.01536	0.00974	0.01085	0.00265	0.11456	0.00781	0.20406	0.01047
3	0.09553	0.02882	0.29748	0.05430	0.02980	0.01903	0.02173	0.03060	0.18147	0.03051	0.02466	0.06984	0.02060	0.01147	0.00859	0.00295	0.00975	0.04511	0.00584	0.01193
4	0.02467	0.02047	0.02202	0.13146	0.02933	0.06659	0.01567	0.30293	0.07194	0.03905	0.03447	0.03486	0.14367	0.01257	0.00900	0.00273	0.00913	0.01001	0.00746	0.01198
5	0.02519	0.15866	0.02617	0.01870	0.02317	0.29334	0.01516	0.06063	0.05560	0.02434	0.02331	0.02928	0.06197	0.01440	0.04287	0.00313	0.05659	0.05189	0.00533	0.01027
6	0.11542	0.34846	0.03546	0.02383	0.14829	0.15098	0.01704	0.02788	0.01916	0.02461	0.01327	0.01590	0.01152	0.00790	0.00663	0.00219	0.01046	0.00549	0.00421	0.01130
7	0.02048	0.02732	0.20105	0.04579	0.47652	0.02060	0.02825	0.02700	0.01947	0.02826	0.01620	0.02073	0.01307	0.00791	0.00854	0.00264	0.01105	0.00741	0.00415	0.01357

[dist]
# distance from previous block
# <min> <max>
0	8

[block]
# block no. 12 follows, 20 sequences, length 22
# corresponding to MSA columns:
# 613-626,629-636
name=unknown_M
#
# <colnr> <probs for GDERKNQSTAVLIFYWHMCP>
#	G	D	E	R	K	N	Q	S	T	A	V	L	I	F	Y	W	H	M	C	P
0	0.02296	0.03877	0.37330	0.02568	0.07194	0.16742	0.04929	0.03103	0.04652	0.06707	0.01736	0.01955	0.01272	0.00870	0.00835	0.00264	0.01284	0.00679	0.00463	0.01243
1	0.02785	0.15264	0.02623	0.01845	0.02384	0.27475	0.01483	0.07234	0.14192	0.08241	0.02500	0.02493	0.05768	0.01041	0.00795	0.00243	0.01090	0.00757	0.00630	0.01159
2	0.75506	0.01687	0.01282	0.01147	0.01687	0.01957	0.00945	0.02564	0.01484	0.03914	0.01215	0.01417	0.00945	0.00810	0.00540	0.00270	0.00675	0.00472	0.00540	0.00945
3	0.01268	0.00846	0.00951	0.00951	0.00951	0.00846	0.00529	0.01268	0.01268	0.01691	0.02748	0.05708	0.03171	0.69345	0.04440	0.00846	0.00846	0.01268	0.00529	0.00529
4	0.01218	0.00967	0.01262	0.09649	0.01876	0.00935	0.00983	0.01579	0.02183	0.02917	0.35639	0.10372	0.23497	0.01849	0.01014	0.00287	0.00524	0.01607	0.00832	0.00809
5	0.02495	0.01918	0.02074	0.01782	0.02309	0.02151	0.01406	0.18487	0.39970	0.07900	0.03261	0.07238	0.02539	0.01244	0.00898	0.00290	0.00749	0.01027	0.00891	0.01369
6	0.02262	0.01615	0.01841	0.01672	0.02129	0.01765	0.01335	0.03944	0.39823	0.12914	0.07402	0.04452	0.03301	0.01398	0.00945	0.00307	0.00699	0.10017	0.00909	0.01271
7	0.01998	0.01943	0.02785	0.45125	0.16890	0.07738	0.02358	0.06146	0.02006	0.02549	0.01584	0.02211	0.01223	0.00867	0.00863	0.00277	0.01162	0.00757	0.00433	0.01086
8	0.02206	0.02186	0.03419	0.08448	0.56668	0.06383	0.02596	0.02708	0.02006	0.02768	0.01616	0.02128	0.01353	0.00791	0.00859	0.00258	0.01079	0.00763	0.00431	0.01335
9	0.06100	0.02478	0.02419	0.08240	0.11868	0.21718	0.01730	0.07550	0.02315	0.14870	0.02367	0.02519	0.05617	0.01050	0.00968	0.00264	0.05349	0.00788	0.00622	0.01167
10	0.13280	0.01848	0.02333	0.30197	0.11455	0.06247	0.01900	0.09271	0.02089	0.02959	0.02335	0.02732	0.07823	0.01015	0.00831	0.00276	0.00999	0.00829	0.00523	0.01056
11	0.01926	0.01636	0.01439	0.01315	0.01543	0.11736	0.00919	0.09591	0.04631	0.02571	0.02859	0.04329	0.06214	0.33987	0.02555	0.00533	0.00894	0.01059	0.09449	0.00815
12	0.02492	0.02190	0.02548	0.19181	0.09755	0.07808	0.01898	0.21588	0.16783	0.03654	0.02183	0.02387	0.01635	0.00993	0.00868	0.00274	0.01010	0.00810	0.00669	0.01275
13	0.06514	0.02573	0.20864	0.31287	0.04790	0.02020	0.14635	0.02520	0.01821	0.02607	0.01577	0.02134	0.01165	0.00827	0.00871	0.00286	0.01231	0.00771	0.00403	0.01102
14	0.07305	0.01686	0.05961	0.05707	0.02369	0.01520	0.01391	0.07186	0.10215	0.25185	0.10336	0.08714	0.02980	0.01252	0.00882	0.00276	0.00744	0.01044	0.00853	0.04395
15	0.02618	0.02838	0.02659	0.15061	0.03370	0.30330	0.06354	0.03155	0.07513	0.06314	0.01724	0.02064	0.01353	0.01000	0.01107	0.00273	0.09963	0.00724	0.00507	0.01072
16	0.07082	0.36950	0.03460	0.01986	0.07568	0.18782	0.01573	0.02740	0.01916	0.02257	0.01385	0.01691	0.01227	0.01311	0.06495	0.00317	0.01213	0.00560	0.00416	0.01073
17	0.08254	0.03173	0.33231	0.08906	0.13780	0.01991	0.08755	0.02780	0.01891	0.06767	0.01687	0.02028	0.01233	0.00829	0.00838	0.00276	0.01167	0.00719	0.00448	0.01246
18	0.02790	0.11606	0.02650	0.02140	0.07886	0.23480	0.01580	0.19111	0.02683	0.03295	0.01760	0.01967	0.01392	0.00913	0.00760	0.00226	0.01085	0.00660	0.09758	0.04256
19	0.02895	0.02153	0.02334	0.01782	0.02464	0.02264	0.01461	0.45022	0.03480	0.04803	0.02030	0.02110	0.01492	0.00962	0.00809	0.00231	0.00859	0.00731	0.05516	0.16601
20	0.06158	0.01016	0.01255	0.01321	0.01492	0.01031	0.00980	0.05248	0.04217	0.02680	0.09188	0.35163	0.04667	0.02346	0.01335	0.09270	0.00620	0.10472	0.00760	0.00783
21	0.06513	0.01957	0.08060	0.11355	0.24453	0.01724	0.01970	0.02491	0.05114	0.02863	0.04544	0.02668	0.05688	0.00923	0.00815	0.00243	0.00890	0.00804	0.00514	0.16410

[dist]
# distance from previous block
# <min> <max>
6	16

[block]
# block no. 13 follows, 20 sequences, length 6
# corresponding to MSA columns:
# 653-658
name=unknown_N
#
# <colnr> <probs for GDERKNQSTAVLIFYWHMCP>
#	G	D	E	R	K	N	Q	S	T	A	V	L	I	F	Y	W	H	M	C	P
0	0.02109	0.07353	0.02308	0.02416	0.17351	0.13118	0.01516	0.02478	0.02246	0.07651	0.21502	0.04035	0.09819	0.01277	0.00894	0.00256	0.00848	0.01077	0.00683	0.01064
1	0.02617	0.02018	0.02233	0.02213	0.11799	0.09216	0.01509	0.15068	0.05981	0.14104	0.03025	0.06727	0.08098	0.01165	0.00864	0.00252	0.00872	0.00956	0.00737	0.10545
2	0.02109	0.01905	0.06947	0.01886	0.05720	0.01800	0.01504	0.20096	0.13484	0.03614	0.03656	0.13567	0.09836	0.01515	0.00942	0.00292	0.00789	0.05520	0.00774	0.04045
3	0.10514	0.06063	0.02484	0.01852	0.02469	0.12988	0.07384	0.08078	0.02430	0.28719	0.06463	0.02581	0.02062	0.01011	0.00834	0.00259	0.00962	0.00812	0.00784	0.01250
4	0.35825	0.01640	0.05004	0.01232	0.01714	0.01662	0.01058	0.07150	0.06440	0.03735	0.02014	0.02234	0.01548	0.00925	0.00632	0.00250	0.00647	0.00657	0.24636	0.00997
5	0.15458	0.03134	0.27188	0.02274	0.03056	0.06476	0.08152	0.07304	0.01932	0.03035	0.01475	0.01830	0.01136	0.00961	0.01154	0.00291	0.12857	0.00679	0.00455	0.01153

[dist]
# distance from previous block
# <min> <max>
2	10

[block]
# block no. 14 follows, 20 sequences, length 12
# corresponding to MSA columns:
# 669-680
name=unknown_O
#
# <colnr> <probs for GDERKNQSTAVLIFYWHMCP>
#	G	D	E	R	K	N	Q	S	T	A	V	L	I	F	Y	W	H	M	C	P
0	0.02141	0.02078	0.02960	0.16248	0.35592	0.06578	0.02287	0.03058	0.14590	0.02847	0.02002	0.02378	0.01589	0.00889	0.00865	0.00270	0.01026	0.00805	0.00520	0.01276
1	0.01689	0.01862	0.08701	0.56905	0.05561	0.01961	0.02438	0.02427	0.05426	0.02367	0.01673	0.02334	0.01248	0.00887	0.00869	0.00290	0.01147	0.00775	0.00416	0.01025
2	0.01977	0.02168	0.09317	0.22227	0.41938	0.02031	0.02660	0.02561	0.01905	0.02669	0.01608	0.02174	0.01294	0.00809	0.00862	0.00270	0.01096	0.00764	0.00413	0.01258
3	0.09210	0.01215	0.01473	0.01237	0.01687	0.01097	0.00979	0.02549	0.02262	0.22240	0.26393	0.04686	0.11461	0.01410	0.00898	0.00261	0.00566	0.01181	0.00896	0.08299
4	0.01063	0.00759	0.01012	0.01215	0.01265	0.00709	0.00810	0.01215	0.01670	0.02227	0.04808	0.68775	0.05769	0.02733	0.01113	0.00354	0.00506	0.02480	0.00810	0.00709
5	0.17594	0.02023	0.05170	0.01674	0.02265	0.02108	0.01404	0.16584	0.26641	0.07810	0.02909	0.02793	0.05125	0.01105	0.00816	0.00280	0.00769	0.00855	0.00794	0.01282
6	0.01847	0.15394	0.54792	0.02321	0.03519	0.02263	0.02935	0.02737	0.01830	0.02644	0.01507	0.01768	0.01107	0.00815	0.00784	0.00261	0.01230	0.00615	0.00369	0.01261
7	0.02204	0.01683	0.02026	0.02051	0.08062	0.01814	0.01512	0.12542	0.24741	0.07329	0.03682	0.04917	0.06137	0.01487	0.00972	0.00312	0.00786	0.15697	0.00828	0.01221
8	0.02347	0.01910	0.02042	0.01778	0.02278	0.02180	0.01393	0.15252	0.47103	0.03865	0.03136	0.02992	0.02360	0.01278	0.01050	0.05171	0.00747	0.00933	0.00851	0.01335
9	0.03258	0.04157	0.02472	0.02247	0.02697	0.65843	0.01685	0.03483	0.02472	0.02135	0.01348	0.01573	0.01124	0.00899	0.00787	0.00225	0.01573	0.00562	0.00449	0.01011
10	0.01534	0.01310	0.01802	0.01675	0.01864	0.01488	0.04695	0.02152	0.11783	0.02570	0.08841	0.23944	0.03904	0.06247	0.05017	0.00427	0.14110	0.05038	0.00694	0.00906
11	0.02010	0.02494	0.10086	0.06548	0.04036	0.06108	0.39406	0.02646	0.01956	0.02621	0.01830	0.06130	0.01527	0.00954	0.01164	0.00300	0.07608	0.01011	0.00448	0.01118

[dist]
# distance from previous block
# <min> <max>
0	1

[block]
# block no. 15 follows, 20 sequences, length 36
# corresponding to MSA columns:
# 687-722
name=unknown_P
#
# <colnr> <probs for GDERKNQSTAVLIFYWHMCP>
#	G	D	E	R	K	N	Q	S	T	A	V	L	I	F	Y	W	H	M	C	P
0	0.02744	0.02040	0.02253	0.01760	0.02382	0.02170	0.01437	0.41509	0.03299	0.04547	0.02071	0.02261	0.01571	0.01616	0.08352	0.00369	0.01040	0.00760	0.04480	0.13339
1	0.17192	0.17316	0.05814	0.04914	0.02537	0.16894	0.01557	0.14566	0.02386	0.03263	0.04848	0.01929	0.01548	0.00921	0.00725	0.00241	0.01033	0.00638	0.00557	0.01119
2	0.06951	0.09267	0.02049	0.01398	0.01962	0.01451	0.01165	0.03299	0.02323	0.38730	0.14861	0.03693	0.06652	0.01226	0.00860	0.00263	0.00680	0.00997	0.00930	0.01243
3	0.01383	0.01697	0.14401	0.01820	0.05380	0.01172	0.01607	0.01825	0.01834	0.02490	0.03993	0.25300	0.07373	0.02320	0.04777	0.00405	0.00893	0.19754	0.00677	0.00901
4	0.14932	0.03834	0.49880	0.02194	0.03314	0.01970	0.02705	0.02815	0.01817	0.06601	0.01614	0.01833	0.01139	0.00840	0.00780	0.00275	0.01148	0.00628	0.00441	0.01240
5	0.01335	0.01093	0.01206	0.01159	0.01465	0.01064	0.00890	0.02070	0.14340	0.02929	0.21773	0.06941	0.33670	0.01901	0.01011	0.00295	0.00504	0.04599	0.00865	0.00893
6	0.02789	0.01664	0.01930	0.01636	0.02189	0.01739	0.01301	0.04290	0.35384	0.27465	0.03810	0.03437	0.05953	0.01201	0.00892	0.00286	0.00696	0.00992	0.00959	0.01385
7	0.75506	0.01687	0.01282	0.01147	0.01687	0.01957	0.00945	0.02564	0.01484	0.03914	0.01215	0.01417	0.00945	0.00810	0.00540	0.00270	0.00675	0.00472	0.00540	0.00945
8	0.02159	0.02073	0.03541	0.05354	0.63903	0.02073	0.02677	0.02677	0.01986	0.02850	0.01641	0.02159	0.01382	0.00777	0.00864	0.00259	0.01036	0.00777	0.00432	0.01382
9	0.01515	0.00758	0.01136	0.01136	0.01136	0.00758	0.00758	0.01136	0.01136	0.01515	0.01515	0.02652	0.01515	0.03030	0.03409	0.74621	0.00758	0.00758	0.00379	0.00379
10	0.01971	0.01881	0.03248	0.38599	0.08671	0.02129	0.15516	0.08945	0.02074	0.02754	0.01645	0.02275	0.01248	0.00887	0.01005	0.00291	0.04474	0.00833	0.00456	0.01098
11	0.01626	0.00813	0.00813	0.00813	0.01016	0.00813	0.00610	0.02033	0.01829	0.03252	0.02846	0.03252	0.02236	0.01016	0.00610	0.00203	0.00407	0.00813	0.74187	0.00813
12	0.01809	0.01550	0.01809	0.01292	0.02067	0.01163	0.01034	0.02196	0.01809	0.02842	0.01550	0.01809	0.01292	0.00646	0.00646	0.00129	0.00646	0.00517	0.00517	0.74677
13	0.02059	0.02353	0.05147	0.03676	0.04559	0.02206	0.60735	0.02794	0.02059	0.02794	0.01765	0.02353	0.01324	0.00735	0.01029	0.00294	0.01471	0.01029	0.00441	0.01176
14	0.02002	0.01913	0.03258	0.24307	0.46175	0.02031	0.02599	0.02540	0.01912	0.02660	0.01613	0.02210	0.01315	0.00806	0.00866	0.00269	0.01075	0.00777	0.00418	0.01255
15	0.05576	0.02414	0.02388	0.14344	0.06468	0.15941	0.01744	0.18250	0.14788	0.03448	0.02171	0.04832	0.01724	0.01051	0.00852	0.00270	0.01050	0.00829	0.00653	0.01206
16	0.02129	0.02042	0.03486	0.08998	0.60495	0.02065	0.02662	0.02651	0.01972	0.02813	0.01635	0.02169	0.01369	0.00783	0.00864	0.00261	0.01044	0.00777	0.00429	0.01357
17	0.12997	0.01571	0.01816	0.08385	0.02434	0.01367	0.01170	0.02256	0.01753	0.02939	0.01499	0.01805	0.01225	0.00695	0.00654	0.00168	0.00706	0.00538	0.00506	0.55514
18	0.02635	0.20679	0.05792	0.02511	0.12234	0.28466	0.01844	0.05318	0.02154	0.02385	0.01427	0.01742	0.01220	0.01095	0.03393	0.00278	0.04665	0.00608	0.00438	0.01117
19	0.01485	0.01202	0.01547	0.04847	0.04397	0.01275	0.01151	0.07693	0.02092	0.02802	0.13737	0.26205	0.16707	0.01993	0.01229	0.00316	0.08002	0.01685	0.00755	0.00881
20	0.63895	0.01563	0.01264	0.01139	0.01627	0.01780	0.00926	0.02421	0.01638	0.03849	0.10943	0.02214	0.02084	0.00962	0.00616	0.00271	0.00634	0.00645	0.00606	0.00926
21	0.01809	0.01550	0.01809	0.01292	0.02067	0.01163	0.01034	0.02196	0.01809	0.02842	0.01550	0.01809	0.01292	0.00646	0.00646	0.00129	0.00646	0.00517	0.00517	0.74677
22	0.02043	0.01503	0.01798	0.01314	0.02042	0.01158	0.01053	0.02426	0.01936	0.10752	0.05481	0.02237	0.01816	0.00769	0.00698	0.00156	0.00644	0.00626	0.00615	0.60932
23	0.01123	0.00802	0.01082	0.01284	0.01361	0.00761	0.00915	0.01319	0.01730	0.02295	0.04774	0.58343	0.05637	0.02676	0.01130	0.00363	0.00559	0.12313	0.00809	0.00725
24	0.02159	0.02073	0.03541	0.05354	0.63903	0.02073	0.02677	0.02677	0.01986	0.02850	0.01641	0.02159	0.01382	0.00777	0.00864	0.00259	0.01036	0.00777	0.00432	0.01382
25	0.02059	0.02353	0.05147	0.03676	0.04559	0.02206	0.60735	0.02794	0.02059	0.02794	0.01765	0.02353	0.01324	0.00735	0.01029	0.00294	0.01471	0.01029	0.00441	0.01176
26	0.01063	0.00759	0.01012	0.01215	0.01265	0.00709	0.00810	0.01215	0.01670	0.02227	0.04808	0.68775	0.05769	0.02733	0.01113	0.00354	0.00506	0.02480	0.00810	0.00709
27	0.06167	0.01559	0.02535	0.63203	0.05743	0.01939	0.02332	0.02249	0.01728	0.02332	0.01530	0.02270	0.01149	0.00868	0.00852	0.00289	0.01133	0.00757	0.00397	0.00968
28	0.01063	0.00759	0.01012	0.01215	0.01265	0.00709	0.00810	0.01215	0.01670	0.02227	0.04808	0.68775	0.05769	0.02733	0.01113	0.00354	0.00506	0.02480	0.00810	0.00709
29	0.01901	0.21500	0.49163	0.02228	0.03376	0.02396	0.02773	0.02723	0.01824	0.02578	0.01474	0.01727	0.01109	0.00807	0.00759	0.00253	0.01197	0.00598	0.00370	0.01245
30	0.02342	0.01739	0.03111	0.33875	0.04654	0.01836	0.17075	0.02899	0.02020	0.18562	0.02097	0.02500	0.01463	0.00891	0.00914	0.00286	0.01132	0.00867	0.00581	0.01156
31	0.01521	0.00760	0.01120	0.01120	0.01130	0.00760	0.00750	0.01181	0.01171	0.01602	0.01582	0.02682	0.01551	0.02929	0.03269	0.70890	0.00740	0.00760	0.04079	0.00401
32	0.01200	0.01147	0.05615	0.01122	0.01436	0.00879	0.00939	0.01588	0.02256	0.03047	0.39959	0.06838	0.27035	0.01864	0.01015	0.00282	0.00485	0.01603	0.00865	0.00826
33	0.01749	0.01675	0.02555	0.32929	0.04012	0.02206	0.02115	0.02140	0.01577	0.02197	0.01585	0.02672	0.01430	0.01281	0.01804	0.00340	0.31510	0.04860	0.00415	0.00950
34	0.01818	0.01709	0.02811	0.46483	0.20789	0.01990	0.02414	0.02517	0.06135	0.02492	0.01717	0.02349	0.01327	0.00870	0.00871	0.00283	0.01096	0.00791	0.00435	0.01106
35	0.04807	0.01159	0.01550	0.01534	0.05137	0.01147	0.01086	0.02210	0.02115	0.15556	0.26723	0.15933	0.05062	0.05719	0.01318	0.00328	0.05378	0.01427	0.00844	0.00967

[dist]
# distance from previous block
# <min> <max>
0	210

# created by:
# /st0/software/busco_prod/Augustus/scripts/msa2prfl.pl ./align_prep/131361.fa
