[name]
unknown

[dist]
# distance from previous block
# <min> <max>
0	2

[block]
# block no. 0 follows, 29 sequences, length 7
# corresponding to MSA columns:
# 2-8
name=unknown_A
#
# <colnr> <probs for GDERKNQSTAVLIFYWHMCP>
#	G	D	E	R	K	N	Q	S	T	A	V	L	I	F	Y	W	H	M	C	P
0	0.01549	0.00987	0.01309	0.01340	0.01591	0.00989	0.01157	0.08563	0.01862	0.10500	0.03445	0.06721	0.03526	0.01725	0.00924	0.00303	0.00663	0.51380	0.00688	0.00778
1	0.01079	0.00825	0.00996	0.01078	0.01196	0.00849	0.00748	0.01611	0.16324	0.02044	0.03582	0.53811	0.04003	0.06992	0.01056	0.00306	0.00466	0.01687	0.00659	0.00689
2	0.02138	0.07806	0.01755	0.01312	0.01729	0.01497	0.01068	0.05495	0.25341	0.24396	0.13199	0.02778	0.02551	0.00996	0.00799	0.00227	0.04339	0.00800	0.00725	0.01048
3	0.06284	0.01540	0.11206	0.04615	0.01958	0.01239	0.01229	0.09382	0.04932	0.27357	0.15745	0.02962	0.06452	0.01000	0.00727	0.00224	0.00631	0.00822	0.00694	0.01002
4	0.35262	0.10718	0.01796	0.09711	0.02076	0.05577	0.01129	0.11977	0.06567	0.07128	0.01384	0.01516	0.01044	0.00728	0.00563	0.00213	0.00701	0.00506	0.00493	0.00911
5	0.28635	0.13800	0.16089	0.01731	0.07279	0.01809	0.09266	0.05032	0.01535	0.02627	0.05169	0.01625	0.01248	0.00701	0.00593	0.00212	0.00782	0.00549	0.00407	0.00913
6	0.09477	0.08889	0.03777	0.01164	0.01456	0.01345	0.00951	0.08073	0.08402	0.02292	0.04470	0.07976	0.02034	0.10598	0.23314	0.00560	0.01028	0.00811	0.02611	0.00772

[dist]
# distance from previous block
# <min> <max>
7	15

[block]
# block no. 1 follows, 29 sequences, length 26
# corresponding to MSA columns:
# 24-49
name=unknown_B
#
# <colnr> <probs for GDERKNQSTAVLIFYWHMCP>
#	G	D	E	R	K	N	Q	S	T	A	V	L	I	F	Y	W	H	M	C	P
0	0.01644	0.16556	0.49078	0.01770	0.02669	0.01802	0.02143	0.02341	0.03707	0.06662	0.01376	0.01533	0.01008	0.00680	0.00634	0.00207	0.00932	0.00516	0.00358	0.04384
1	0.04369	0.01428	0.06121	0.01343	0.01824	0.01256	0.03658	0.08433	0.13461	0.17680	0.04218	0.14402	0.02171	0.01041	0.00712	0.00215	0.00611	0.00889	0.00642	0.15527
2	0.02299	0.01802	0.01755	0.01466	0.01942	0.12131	0.01160	0.14334	0.28888	0.15661	0.02252	0.02132	0.01637	0.00854	0.00689	0.00211	0.00713	0.00672	0.00669	0.08732
3	0.01570	0.01368	0.01418	0.01327	0.01651	0.03746	0.01009	0.03052	0.49981	0.02654	0.03334	0.15891	0.07453	0.01247	0.00764	0.00248	0.00545	0.01064	0.00697	0.00981
4	0.01477	0.01266	0.01477	0.01055	0.01687	0.00949	0.00844	0.01793	0.01477	0.02320	0.01266	0.01477	0.01055	0.00527	0.00527	0.00105	0.00527	0.00422	0.00422	0.79328
5	0.01345	0.01266	0.02136	0.73264	0.04904	0.01582	0.01978	0.01819	0.01424	0.01819	0.01266	0.01898	0.00949	0.00712	0.00712	0.00237	0.00949	0.00633	0.00316	0.00791
6	0.01008	0.00728	0.00952	0.00896	0.01064	0.00672	0.00672	0.01344	0.02016	0.02855	0.70158	0.05319	0.06719	0.01456	0.00840	0.00224	0.00336	0.01288	0.00784	0.00672
7	0.00868	0.00620	0.00826	0.00991	0.01033	0.00578	0.00661	0.00991	0.01363	0.01818	0.03925	0.74510	0.04710	0.02231	0.00909	0.00289	0.00413	0.02024	0.00661	0.00578
8	0.01656	0.01280	0.01402	0.01273	0.01591	0.01417	0.00965	0.06529	0.41961	0.05911	0.03038	0.09134	0.06738	0.07760	0.01129	0.05085	0.00566	0.00950	0.00671	0.00944
9	0.00893	0.00725	0.00796	0.00812	0.01024	0.00628	0.00618	0.01105	0.01665	0.02068	0.15675	0.10601	0.51841	0.01792	0.00857	0.00248	0.00385	0.06973	0.00678	0.00615
10	0.00862	0.00641	0.00804	0.00935	0.01018	0.00583	0.00636	0.00998	0.01417	0.01840	0.04607	0.60468	0.18311	0.02142	0.00895	0.00279	0.00402	0.01916	0.00661	0.00583
11	0.02837	0.01785	0.02007	0.01539	0.02104	0.01897	0.01271	0.50849	0.02997	0.22293	0.02004	0.01901	0.01359	0.00862	0.00713	0.00215	0.00736	0.00661	0.00758	0.01211
12	0.01789	0.01272	0.01517	0.01294	0.01551	0.01426	0.01001	0.19780	0.06845	0.08432	0.05778	0.02925	0.02031	0.20701	0.10846	0.00472	0.10118	0.00811	0.00566	0.00844
13	0.01157	0.00807	0.01023	0.00969	0.01176	0.00764	0.00748	0.01578	0.06035	0.05989	0.51605	0.05389	0.11383	0.01473	0.00840	0.00235	0.00393	0.06954	0.00763	0.00718
14	0.00914	0.00665	0.00872	0.01020	0.01103	0.00623	0.00734	0.01079	0.01438	0.01883	0.04229	0.56093	0.11207	0.02142	0.00915	0.00291	0.00450	0.13089	0.00660	0.00594
15	0.01459	0.08363	0.66878	0.01977	0.03000	0.01730	0.02539	0.02247	0.01500	0.02217	0.01259	0.01480	0.00903	0.00672	0.00662	0.00221	0.01033	0.00517	0.00301	0.01043
16	0.01643	0.01570	0.02675	0.24046	0.51790	0.01660	0.02126	0.02081	0.01565	0.02182	0.01318	0.01801	0.01077	0.00657	0.00707	0.00219	0.00875	0.00634	0.00342	0.01032
17	0.00937	0.00730	0.01114	0.01163	0.01262	0.00682	0.06392	0.01101	0.01390	0.01857	0.03713	0.68328	0.04400	0.02092	0.00903	0.00285	0.00480	0.01923	0.00635	0.00611
18	0.01000	0.00722	0.00945	0.00901	0.01062	0.00667	0.00671	0.01324	0.01978	0.02796	0.66374	0.09272	0.06604	0.01500	0.00844	0.00228	0.00340	0.01330	0.00777	0.00667
19	0.03016	0.01325	0.01641	0.01290	0.01808	0.05027	0.01052	0.03356	0.04636	0.61613	0.05594	0.02493	0.01943	0.00901	0.00718	0.00219	0.00631	0.00730	0.00842	0.01164
20	0.01345	0.01266	0.02136	0.73264	0.04904	0.01582	0.01978	0.01819	0.01424	0.01819	0.01266	0.01898	0.00949	0.00712	0.00712	0.00237	0.00949	0.00633	0.00316	0.00791
21	0.02660	0.03394	0.02018	0.01834	0.02201	0.72116	0.01376	0.02843	0.02018	0.01743	0.01101	0.01284	0.00917	0.00734	0.00642	0.00183	0.01284	0.00459	0.00367	0.00825
22	0.01736	0.36880	0.35051	0.01640	0.02438	0.07226	0.01887	0.02240	0.01514	0.01950	0.01132	0.01320	0.00909	0.00649	0.00572	0.00189	0.00934	0.00454	0.00307	0.00972
23	0.05226	0.01309	0.02139	0.22257	0.16653	0.01399	0.10008	0.04162	0.03936	0.02115	0.01919	0.08353	0.05274	0.01108	0.01002	0.10290	0.00801	0.00820	0.00412	0.00817
24	0.00864	0.00632	0.00814	0.00959	0.01024	0.00581	0.00647	0.00995	0.01394	0.01830	0.04320	0.66385	0.12580	0.02180	0.00901	0.00283	0.00407	0.01962	0.00661	0.00581
25	0.01496	0.00873	0.01138	0.01068	0.01300	0.00820	0.00821	0.05405	0.01903	0.15558	0.31602	0.21479	0.04750	0.01546	0.00839	0.00248	0.00460	0.07155	0.00757	0.00780

[dist]
# distance from previous block
# <min> <max>
1	20

[block]
# block no. 2 follows, 29 sequences, length 140
# corresponding to MSA columns:
# 70-209
name=unknown_C
#
# <colnr> <probs for GDERKNQSTAVLIFYWHMCP>
#	G	D	E	R	K	N	Q	S	T	A	V	L	I	F	Y	W	H	M	C	P
0	0.33288	0.03880	0.01817	0.01417	0.01873	0.07047	0.11394	0.10099	0.01734	0.02897	0.09209	0.04192	0.04250	0.00852	0.00629	0.00217	0.00709	0.00685	0.00504	0.03305
1	0.06558	0.01647	0.01816	0.03776	0.04015	0.01802	0.01211	0.38449	0.13074	0.03566	0.02087	0.06723	0.03443	0.01005	0.00776	0.02918	0.00689	0.00754	0.00643	0.05051
2	0.06337	0.01316	0.01672	0.10355	0.10879	0.04073	0.01223	0.04230	0.10033	0.19345	0.09798	0.08090	0.02294	0.00977	0.00711	0.00222	0.00644	0.00831	0.03707	0.03263
3	0.18817	0.01533	0.05800	0.20493	0.02523	0.06911	0.01325	0.01985	0.03417	0.04476	0.07638	0.04298	0.03722	0.00919	0.00774	0.00228	0.05739	0.02895	0.00455	0.06053
4	0.01058	0.00980	0.06537	0.01154	0.01344	0.00776	0.04879	0.01261	0.01391	0.03794	0.03553	0.43760	0.09428	0.13311	0.01302	0.00339	0.00562	0.03348	0.00585	0.00638
5	0.71539	0.01323	0.01071	0.03058	0.01456	0.01525	0.00799	0.02027	0.01281	0.03128	0.06389	0.01503	0.01240	0.00724	0.00480	0.00221	0.00546	0.00463	0.00464	0.00764
6	0.01775	0.01765	0.02566	0.03680	0.54762	0.08156	0.01920	0.02249	0.05597	0.02279	0.01866	0.02167	0.06555	0.00754	0.00711	0.00213	0.00832	0.00696	0.00400	0.01059
7	0.05696	0.02291	0.02065	0.03904	0.02258	0.19357	0.01356	0.47416	0.02876	0.03678	0.01518	0.01589	0.01113	0.00813	0.00684	0.00207	0.00903	0.00586	0.00604	0.01086
8	0.00899	0.00633	0.00817	0.00952	0.00985	0.00599	0.00618	0.01000	0.01303	0.01737	0.03613	0.61578	0.04317	0.15699	0.01412	0.00363	0.00464	0.01841	0.00618	0.00551
9	0.02257	0.07641	0.16565	0.02036	0.07676	0.45798	0.01695	0.02594	0.01819	0.01890	0.01145	0.01366	0.00931	0.00721	0.00691	0.00196	0.03245	0.00486	0.00347	0.00900
10	0.05226	0.01153	0.01489	0.01193	0.01657	0.01051	0.00966	0.02990	0.07570	0.47858	0.15597	0.02924	0.02689	0.00980	0.00725	0.00219	0.00546	0.00812	0.00820	0.03535
11	0.01036	0.00690	0.00777	0.00777	0.00777	0.00690	0.00431	0.01036	0.01036	0.01381	0.02244	0.04660	0.02589	0.74975	0.03624	0.00690	0.00690	0.01036	0.00431	0.00431
12	0.01656	0.04257	0.02222	0.01844	0.01894	0.07653	0.01532	0.01816	0.01175	0.01715	0.00950	0.01522	0.00933	0.01184	0.02140	0.00296	0.65508	0.00602	0.00316	0.00787
13	0.80005	0.01377	0.01047	0.00936	0.01377	0.01597	0.00771	0.02093	0.01212	0.03195	0.00991	0.01157	0.00771	0.00661	0.00441	0.00220	0.00551	0.00386	0.00441	0.00771
14	0.01141	0.00757	0.00994	0.00918	0.01110	0.00695	0.00695	0.01473	0.02017	0.06995	0.66068	0.05143	0.06418	0.01421	0.00832	0.00224	0.00352	0.01253	0.00790	0.00705
15	0.01345	0.01266	0.02136	0.73264	0.04904	0.01582	0.01978	0.01819	0.01424	0.01819	0.01266	0.01898	0.00949	0.00712	0.00712	0.00237	0.00949	0.00633	0.00316	0.00791
16	0.02944	0.01220	0.01627	0.01236	0.01799	0.01032	0.01017	0.03226	0.01956	0.61006	0.02584	0.02286	0.01659	0.00830	0.00689	0.00204	0.00594	0.00673	0.00814	0.12604
17	0.01477	0.01266	0.01477	0.01055	0.01687	0.00949	0.00844	0.01793	0.01477	0.02320	0.01266	0.01477	0.01055	0.00527	0.00527	0.00105	0.00527	0.00422	0.00422	0.79328
18	0.10166	0.02400	0.01924	0.01613	0.02080	0.28900	0.01274	0.28941	0.07086	0.06597	0.01544	0.01594	0.01150	0.00798	0.00660	0.00205	0.00929	0.00561	0.00563	0.01014
19	0.00842	0.00721	0.00721	0.00721	0.00962	0.00601	0.00541	0.01022	0.01623	0.01924	0.07213	0.06853	0.70244	0.01803	0.00842	0.00240	0.00361	0.01503	0.00661	0.00601
20	0.02659	0.01971	0.02110	0.01629	0.02190	0.02186	0.01342	0.64877	0.06707	0.04411	0.01770	0.01758	0.01260	0.00860	0.00713	0.00215	0.00772	0.00649	0.00713	0.01207
21	0.00848	0.00722	0.00730	0.00728	0.00966	0.00604	0.00546	0.01035	0.01638	0.01960	0.09692	0.06792	0.67743	0.01790	0.00842	0.00240	0.00360	0.01494	0.00666	0.00604
22	0.01963	0.01214	0.01559	0.01169	0.01732	0.00975	0.03315	0.02261	0.01665	0.23934	0.02225	0.05019	0.05626	0.00787	0.00632	0.00162	0.00562	0.00659	0.00589	0.43952
23	0.01830	0.01821	0.02824	0.04179	0.65365	0.07018	0.02124	0.02235	0.01651	0.02282	0.01321	0.01726	0.01112	0.00642	0.00700	0.00209	0.00879	0.00621	0.00354	0.01105
24	0.01017	0.00763	0.01144	0.01144	0.01272	0.00890	0.00890	0.01272	0.01144	0.01653	0.01907	0.02797	0.01780	0.05340	0.72153	0.01144	0.01907	0.00763	0.00381	0.00636
25	0.00885	0.00632	0.00846	0.01011	0.01060	0.00593	0.00691	0.01021	0.01380	0.01837	0.03915	0.70473	0.04672	0.02215	0.00913	0.00292	0.00428	0.05894	0.00661	0.00583
26	0.01489	0.12928	0.62578	0.01925	0.02920	0.01804	0.02449	0.02239	0.01496	0.02180	0.01241	0.01457	0.00904	0.00668	0.00648	0.00216	0.01015	0.00507	0.00301	0.01034
27	0.01345	0.01266	0.02136	0.73264	0.04904	0.01582	0.01978	0.01819	0.01424	0.01819	0.01266	0.01898	0.00949	0.00712	0.00712	0.00237	0.00949	0.00633	0.00316	0.00791
28	0.00852	0.00682	0.00762	0.00825	0.00989	0.00592	0.00587	0.01010	0.01523	0.01883	0.05949	0.32868	0.45046	0.01968	0.00867	0.00259	0.00381	0.01703	0.00661	0.00592
29	0.01017	0.00763	0.01144	0.01144	0.01272	0.00890	0.00890	0.01272	0.01144	0.01653	0.01907	0.02797	0.01780	0.05340	0.72153	0.01144	0.01907	0.00763	0.00381	0.00636
30	0.01762	0.01692	0.02890	0.04371	0.70533	0.01692	0.02185	0.02185	0.01621	0.02326	0.01339	0.01762	0.01128	0.00634	0.00705	0.00211	0.00846	0.00634	0.00352	0.01128
31	0.01017	0.00763	0.01144	0.01144	0.01272	0.00890	0.00890	0.01272	0.01144	0.01653	0.01907	0.02797	0.01780	0.05340	0.72153	0.01144	0.01907	0.00763	0.00381	0.00636
32	0.01771	0.01530	0.01610	0.01449	0.01852	0.01771	0.01127	0.03784	0.69247	0.02979	0.02898	0.02657	0.02174	0.00966	0.00725	0.00242	0.00564	0.00805	0.00725	0.01127
33	0.05028	0.08931	0.02338	0.02339	0.18159	0.44839	0.01531	0.04972	0.01898	0.02023	0.01166	0.01395	0.00972	0.00702	0.00637	0.00190	0.01094	0.00497	0.00373	0.00916
34	0.01327	0.00664	0.00664	0.00664	0.00830	0.00664	0.00498	0.01659	0.01493	0.02655	0.02323	0.02655	0.01825	0.00830	0.00498	0.00166	0.00332	0.00664	0.78928	0.00664
35	0.02707	0.01995	0.02137	0.01638	0.02208	0.02208	0.01353	0.68159	0.03348	0.04488	0.01710	0.01710	0.01211	0.00855	0.00712	0.00214	0.00784	0.00641	0.00712	0.01211
36	0.01477	0.01266	0.01477	0.01055	0.01687	0.00949	0.00844	0.01793	0.01477	0.02320	0.01266	0.01477	0.01055	0.00527	0.00527	0.00105	0.00527	0.00422	0.00422	0.79328
37	0.02776	0.01884	0.02068	0.01586	0.02153	0.02044	0.01310	0.58993	0.03162	0.13916	0.01865	0.01811	0.01289	0.00859	0.00713	0.00215	0.00758	0.00652	0.00736	0.01211
38	0.01327	0.00664	0.00664	0.00664	0.00830	0.00664	0.00498	0.01659	0.01493	0.02655	0.02323	0.02655	0.01825	0.00830	0.00498	0.00166	0.00332	0.00664	0.78928	0.00664
39	0.01024	0.00685	0.00780	0.00792	0.00795	0.00682	0.00448	0.01032	0.01059	0.01412	0.02363	0.09610	0.02739	0.69820	0.03432	0.00662	0.00671	0.01106	0.00448	0.00442
40	0.01008	0.00728	0.00952	0.00896	0.01064	0.00672	0.00672	0.01344	0.02016	0.02855	0.70158	0.05319	0.06719	0.01456	0.00840	0.00224	0.00336	0.01288	0.00784	0.00672
41	0.01003	0.00724	0.00947	0.00899	0.01063	0.00668	0.00671	0.01331	0.01991	0.02817	0.67705	0.07881	0.06644	0.01484	0.00842	0.00226	0.00339	0.01315	0.00779	0.00668
42	0.74020	0.01364	0.01094	0.00962	0.01411	0.01554	0.00793	0.02200	0.01276	0.08481	0.01133	0.01255	0.00848	0.00678	0.00462	0.00220	0.00555	0.00411	0.00475	0.00805
43	0.01018	0.00760	0.01130	0.01130	0.01252	0.00882	0.00872	0.01262	0.01140	0.01642	0.01921	0.02871	0.01812	0.08107	0.69431	0.01126	0.01859	0.00774	0.00383	0.00628
44	0.01084	0.00745	0.00976	0.00909	0.01090	0.00685	0.00685	0.01417	0.02016	0.05215	0.67827	0.05219	0.06547	0.01436	0.00836	0.00224	0.00345	0.01268	0.00787	0.00691
45	0.01017	0.00763	0.01144	0.01144	0.01272	0.00890	0.00890	0.01272	0.01144	0.01653	0.01907	0.02797	0.01780	0.05340	0.72153	0.01144	0.01907	0.00763	0.00381	0.00636
46	0.00842	0.00721	0.00721	0.00721	0.00962	0.00601	0.00541	0.01022	0.01623	0.01924	0.07213	0.06853	0.70244	0.01803	0.00842	0.00240	0.00361	0.01503	0.00661	0.00601
47	0.01904	0.75404	0.03731	0.01218	0.01828	0.02818	0.01218	0.02132	0.01447	0.01675	0.00990	0.01142	0.00914	0.00609	0.00457	0.00152	0.00761	0.00381	0.00305	0.00914
48	0.01339	0.01252	0.02105	0.71021	0.04797	0.01558	0.01952	0.01809	0.01431	0.01829	0.01344	0.02090	0.01047	0.00751	0.00720	0.00240	0.00940	0.02663	0.00327	0.00787
49	0.00868	0.00620	0.00826	0.00991	0.01033	0.00578	0.00661	0.00991	0.01363	0.01818	0.03925	0.74510	0.04710	0.02231	0.00909	0.00289	0.00413	0.02024	0.00661	0.00578
50	0.13087	0.01049	0.01159	0.01050	0.01357	0.03161	0.00809	0.02059	0.05382	0.19531	0.18161	0.16431	0.11304	0.01330	0.00751	0.00236	0.00493	0.01121	0.00705	0.00825
51	0.01558	0.01558	0.02181	0.01869	0.01869	0.02181	0.01558	0.01714	0.01091	0.01714	0.00935	0.01558	0.00935	0.01246	0.02337	0.00312	0.73672	0.00623	0.00312	0.00779
52	0.01613	0.01540	0.02621	0.28970	0.47099	0.01653	0.02111	0.02055	0.01551	0.02145	0.01313	0.01811	0.01064	0.00662	0.00707	0.00221	0.00883	0.00634	0.00340	0.01008
53	0.01409	0.01339	0.01895	0.01669	0.01704	0.01825	0.01374	0.01592	0.01105	0.01697	0.01203	0.01900	0.01168	0.02376	0.21599	0.00541	0.53872	0.00662	0.00331	0.00739
54	0.01477	0.01266	0.01477	0.01055	0.01687	0.00949	0.00844	0.01793	0.01477	0.02320	0.01266	0.01477	0.01055	0.00527	0.00527	0.00105	0.00527	0.00422	0.00422	0.79328
55	0.18048	0.49973	0.08344	0.01263	0.01834	0.02435	0.01256	0.02108	0.01381	0.02038	0.01009	0.01199	0.00885	0.00664	0.00585	0.00182	0.05168	0.00408	0.00333	0.00887
56	0.02564	0.01887	0.02035	0.01588	0.02117	0.02081	0.01299	0.62925	0.03193	0.04280	0.01882	0.07383	0.01484	0.00962	0.00728	0.00220	0.00755	0.00749	0.00708	0.01162
57	0.00873	0.00622	0.00825	0.00984	0.01024	0.00582	0.00653	0.00993	0.01352	0.01803	0.03868	0.72151	0.04638	0.04688	0.01001	0.00303	0.00422	0.01991	0.00653	0.00573
58	0.00971	0.00700	0.00919	0.00921	0.01056	0.00648	0.00669	0.01252	0.01846	0.02585	0.52913	0.23334	0.06196	0.01658	0.00858	0.00241	0.00356	0.01480	0.00752	0.00648
59	0.00979	0.00756	0.00899	0.00881	0.01070	0.00697	0.00653	0.01331	0.05392	0.02446	0.38949	0.13640	0.26426	0.01629	0.00842	0.00238	0.00365	0.01415	0.00728	0.00663
60	0.02637	0.01957	0.02137	0.05290	0.02346	0.02176	0.01385	0.64777	0.03250	0.04352	0.01687	0.01719	0.01198	0.00848	0.00712	0.00215	0.00792	0.00641	0.00692	0.01190
61	0.00875	0.00634	0.00829	0.00981	0.01042	0.00588	0.00668	0.01010	0.01393	0.01837	0.04176	0.66993	0.09796	0.02189	0.00906	0.00287	0.00417	0.04136	0.00661	0.00583
62	0.02660	0.03394	0.02018	0.01834	0.02201	0.72116	0.01376	0.02843	0.02018	0.01743	0.01101	0.01284	0.00917	0.00734	0.00642	0.00183	0.01284	0.00459	0.00367	0.00825
63	0.01008	0.00728	0.00952	0.00896	0.01064	0.00672	0.00672	0.01344	0.02016	0.02855	0.70158	0.05319	0.06719	0.01456	0.00840	0.00224	0.00336	0.01288	0.00784	0.00672
64	0.01558	0.01558	0.02181	0.01869	0.01869	0.02181	0.01558	0.01714	0.01091	0.01714	0.00935	0.01558	0.00935	0.01246	0.02337	0.00312	0.73672	0.00623	0.00312	0.00779
65	0.01345	0.01266	0.02136	0.73264	0.04904	0.01582	0.01978	0.01819	0.01424	0.01819	0.01266	0.01898	0.00949	0.00712	0.00712	0.00237	0.00949	0.00633	0.00316	0.00791
66	0.00868	0.00620	0.00826	0.00991	0.01033	0.00578	0.00661	0.00991	0.01363	0.01818	0.03925	0.74510	0.04710	0.02231	0.00909	0.00289	0.00413	0.02024	0.00661	0.00578
67	0.00878	0.00628	0.00836	0.00984	0.01035	0.00586	0.00662	0.01019	0.01414	0.01899	0.09086	0.69119	0.04866	0.02170	0.00903	0.00284	0.00407	0.01967	0.00671	0.00586
68	0.00997	0.00719	0.00942	0.00903	0.01061	0.00665	0.00671	0.01316	0.01965	0.02775	0.64996	0.10711	0.06562	0.01516	0.00845	0.00229	0.00342	0.01345	0.00774	0.00665
69	0.01826	0.01517	0.01612	0.01442	0.01850	0.01743	0.01124	0.03772	0.66652	0.05606	0.02895	0.02648	0.02158	0.00963	0.00724	0.00241	0.00565	0.00802	0.00731	0.01130
70	0.02352	0.01576	0.01697	0.01344	0.01800	0.01707	0.01096	0.45696	0.02751	0.08017	0.01947	0.02016	0.01416	0.00849	0.00653	0.00201	0.00647	0.00652	0.22523	0.01058
71	0.00994	0.00727	0.00933	0.00881	0.01055	0.00666	0.00661	0.01317	0.01983	0.02779	0.64976	0.05445	0.11948	0.01484	0.00840	0.00225	0.00338	0.01305	0.00774	0.00666
72	0.01137	0.00812	0.01136	0.01300	0.01459	0.00811	0.01130	0.01458	0.01629	0.02120	0.03776	0.10443	0.04120	0.01977	0.00981	0.00326	0.00647	0.63430	0.00656	0.00653
73	0.00956	0.00720	0.00884	0.00856	0.01035	0.00648	0.00637	0.01239	0.01874	0.02550	0.49789	0.09919	0.23094	0.01593	0.00844	0.00232	0.00347	0.01388	0.00745	0.00648
74	0.03195	0.01212	0.01652	0.01267	0.01818	0.01047	0.01047	0.03470	0.02038	0.71026	0.02809	0.02424	0.01763	0.00881	0.00716	0.00220	0.00606	0.00716	0.00881	0.01212
75	0.02668	0.01780	0.01954	0.01510	0.02046	0.01924	0.01243	0.53841	0.03018	0.13743	0.01913	0.01884	0.01337	0.00857	0.00696	0.00211	0.00723	0.00653	0.06831	0.01168
76	0.01762	0.01692	0.02890	0.04371	0.70533	0.01692	0.02185	0.02185	0.01621	0.02326	0.01339	0.01762	0.01128	0.00634	0.00705	0.00211	0.00846	0.00634	0.00352	0.01128
77	0.01104	0.00818	0.01075	0.01186	0.01371	0.00801	0.01011	0.01457	0.03680	0.02168	0.08716	0.07489	0.15647	0.01875	0.00942	0.00303	0.00581	0.48449	0.00667	0.00661
78	0.00876	0.00626	0.00836	0.01001	0.01046	0.00586	0.00676	0.01006	0.01372	0.01827	0.03920	0.72525	0.04691	0.02223	0.00911	0.00290	0.00420	0.03927	0.00661	0.00581
79	0.01885	0.72635	0.06339	0.01250	0.01876	0.02773	0.01273	0.02137	0.01449	0.01698	0.01001	0.01156	0.00913	0.00612	0.00465	0.00155	0.00773	0.00386	0.00304	0.00919
80	0.01904	0.75404	0.03731	0.01218	0.01828	0.02818	0.01218	0.02132	0.01447	0.01675	0.00990	0.01142	0.00914	0.00609	0.00457	0.00152	0.00761	0.00381	0.00305	0.00914
81	0.01421	0.01590	0.19369	0.01256	0.01710	0.01016	0.01245	0.03789	0.01924	0.10659	0.42409	0.03884	0.04468	0.01169	0.00779	0.00224	0.00567	0.01004	0.00667	0.00849
82	0.01567	0.01586	0.02338	0.01958	0.02014	0.02151	0.06731	0.01758	0.01137	0.01758	0.00974	0.01586	0.00946	0.01196	0.02220	0.00306	0.68025	0.00640	0.00315	0.00793
83	0.01037	0.00792	0.01182	0.01171	0.01293	0.00937	0.00914	0.01288	0.01142	0.01655	0.01872	0.02752	0.01749	0.05192	0.69622	0.01114	0.04509	0.00758	0.00379	0.00641
84	0.02660	0.03394	0.02018	0.01834	0.02201	0.72116	0.01376	0.02843	0.02018	0.01743	0.01101	0.01284	0.00917	0.00734	0.00642	0.00183	0.01284	0.00459	0.00367	0.00825
85	0.02660	0.03394	0.02018	0.01834	0.02201	0.72116	0.01376	0.02843	0.02018	0.01743	0.01101	0.01284	0.00917	0.00734	0.00642	0.00183	0.01284	0.00459	0.00367	0.00825
86	0.02867	0.01671	0.14593	0.01409	0.02053	0.01159	0.01341	0.03244	0.01939	0.58247	0.02525	0.02253	0.01603	0.00843	0.00709	0.00221	0.00689	0.00681	0.00773	0.01182
87	0.01026	0.00693	0.00803	0.00801	0.00826	0.00684	0.00473	0.01077	0.01185	0.01603	0.11844	0.07170	0.03242	0.62128	0.03139	0.00611	0.00631	0.01105	0.00489	0.00470
88	0.01018	0.00760	0.01130	0.01130	0.01252	0.00882	0.00872	0.01262	0.01140	0.01642	0.01921	0.02871	0.01812	0.08082	0.69455	0.01127	0.01859	0.00774	0.00383	0.00628
89	0.03195	0.01212	0.01652	0.01267	0.01818	0.01047	0.01047	0.03470	0.02038	0.71026	0.02809	0.02424	0.01763	0.00881	0.00716	0.00220	0.00606	0.00716	0.00881	0.01212
90	0.01417	0.01339	0.02266	0.61393	0.16213	0.01601	0.02013	0.01882	0.01458	0.01907	0.01278	0.01875	0.00980	0.00699	0.00711	0.00233	0.00931	0.00633	0.00323	0.00849
91	0.01008	0.00728	0.00952	0.00896	0.01064	0.00672	0.00672	0.01344	0.02016	0.02855	0.70158	0.05319	0.06719	0.01456	0.00840	0.00224	0.00336	0.01288	0.00784	0.00672
92	0.80005	0.01377	0.01047	0.00936	0.01377	0.01597	0.00771	0.02093	0.01212	0.03195	0.00991	0.01157	0.00771	0.00661	0.00441	0.00220	0.00551	0.00386	0.00441	0.00771
93	0.80005	0.01377	0.01047	0.00936	0.01377	0.01597	0.00771	0.02093	0.01212	0.03195	0.00991	0.01157	0.00771	0.00661	0.00441	0.00220	0.00551	0.00386	0.00441	0.00771
94	0.00995	0.00727	0.00934	0.00882	0.01056	0.00666	0.00662	0.01319	0.01985	0.02783	0.65253	0.05439	0.11669	0.01483	0.00840	0.00225	0.00338	0.01305	0.00774	0.00666
95	0.02580	0.01931	0.02065	0.01613	0.02160	0.02149	0.01323	0.59408	0.12306	0.04283	0.01871	0.01838	0.01342	0.00870	0.00714	0.00217	0.00754	0.00663	0.00714	0.01200
96	0.02590	0.03260	0.02086	0.02033	0.07554	0.66600	0.01439	0.02792	0.01987	0.01788	0.01119	0.01322	0.00934	0.00726	0.00647	0.00186	0.01250	0.00472	0.00366	0.00849
97	0.08063	0.01229	0.01564	0.01243	0.01746	0.01142	0.01014	0.03284	0.09489	0.54728	0.06787	0.02540	0.02043	0.00911	0.00706	0.00223	0.00581	0.00739	0.00828	0.01140
98	0.01503	0.14906	0.60715	0.01903	0.02886	0.01836	0.02410	0.02236	0.01495	0.02164	0.01233	0.01447	0.00904	0.00666	0.00642	0.00214	0.01007	0.00503	0.00301	0.01031
99	0.00868	0.00620	0.00826	0.00991	0.01033	0.00578	0.00661	0.00991	0.01363	0.01818	0.03925	0.74510	0.04710	0.02231	0.00909	0.00289	0.00413	0.02024	0.00661	0.00578
100	0.02660	0.03394	0.02018	0.01834	0.02201	0.72116	0.01376	0.02843	0.02018	0.01743	0.01101	0.01284	0.00917	0.00734	0.00642	0.00183	0.01284	0.00459	0.00367	0.00825
101	0.01537	0.01462	0.02483	0.41549	0.35116	0.01633	0.02073	0.01988	0.01515	0.02053	0.01300	0.01836	0.01031	0.00676	0.00709	0.00225	0.00902	0.00634	0.00333	0.00946
102	0.00911	0.00651	0.00877	0.01042	0.01102	0.00616	0.00737	0.01067	0.01406	0.01867	0.03900	0.64108	0.04614	0.02190	0.00921	0.00295	0.00451	0.11995	0.00660	0.00590
103	0.01428	0.03683	0.71286	0.02030	0.03082	0.01654	0.02631	0.02255	0.01503	0.02255	0.01278	0.01503	0.00902	0.00677	0.00677	0.00226	0.01052	0.00526	0.00301	0.01052
104	0.00889	0.00651	0.00838	0.00958	0.01042	0.00600	0.00664	0.01050	0.01476	0.01953	0.11461	0.56278	0.13155	0.02085	0.00896	0.00277	0.00406	0.04054	0.00674	0.00594
105	0.01457	0.08039	0.67183	0.01980	0.03006	0.01724	0.02545	0.02248	0.01500	0.02220	0.01260	0.01481	0.00903	0.00672	0.00663	0.00221	0.01035	0.00517	0.00301	0.01044
106	0.00899	0.00636	0.00833	0.00979	0.01020	0.00601	0.00653	0.01016	0.01335	0.01778	0.03719	0.63587	0.04434	0.10846	0.01234	0.00338	0.00456	0.04438	0.00634	0.00564
107	0.00868	0.00620	0.00826	0.00991	0.01033	0.00578	0.00661	0.00991	0.01363	0.01818	0.03925	0.74510	0.04710	0.02231	0.00909	0.00289	0.00413	0.02024	0.00661	0.00578
108	0.01101	0.00742	0.00830	0.00811	0.00833	0.00750	0.00468	0.03678	0.01127	0.01503	0.02223	0.04544	0.02535	0.72057	0.03510	0.00672	0.00694	0.01020	0.00443	0.00462
109	0.00916	0.00672	0.00904	0.01050	0.01100	0.00659	0.00734	0.01057	0.01374	0.01838	0.03797	0.66479	0.04516	0.02172	0.00970	0.00293	0.03260	0.06968	0.00647	0.00592
110	0.00868	0.00620	0.00826	0.00991	0.01033	0.00578	0.00661	0.00991	0.01363	0.01818	0.03925	0.74510	0.04710	0.02231	0.00909	0.00289	0.00413	0.02024	0.00661	0.00578
111	0.01950	0.71031	0.03627	0.01256	0.01850	0.07026	0.01228	0.02175	0.01482	0.01679	0.00997	0.01151	0.00914	0.00617	0.00468	0.00154	0.00793	0.00385	0.00308	0.00908
112	0.01036	0.00690	0.00777	0.00777	0.00777	0.00690	0.00431	0.01036	0.01036	0.01381	0.02244	0.04660	0.02589	0.74975	0.03624	0.00690	0.00690	0.01036	0.00431	0.00431
113	0.40986	0.01805	0.14745	0.19303	0.06631	0.01610	0.01506	0.02061	0.01344	0.02624	0.01134	0.01442	0.00861	0.00675	0.00568	0.00225	0.00762	0.00488	0.00378	0.00850
114	0.01009	0.00728	0.00957	0.00926	0.01087	0.00676	0.00700	0.01334	0.01960	0.02759	0.62750	0.09011	0.06457	0.01526	0.00852	0.00234	0.00359	0.05239	0.00770	0.00666
115	0.01670	0.01480	0.01443	0.01362	0.01668	0.11555	0.01077	0.02663	0.29317	0.05110	0.15785	0.04131	0.03270	0.01241	0.00791	0.00248	0.00646	0.14972	0.00675	0.00896
116	0.01012	0.00731	0.00958	0.00909	0.01077	0.00677	0.00687	0.01348	0.02004	0.02833	0.68074	0.05404	0.06637	0.01472	0.00844	0.00227	0.00346	0.03310	0.00780	0.00671
117	0.02589	0.01944	0.02113	0.01643	0.02169	0.02184	0.01354	0.60842	0.06570	0.04242	0.01723	0.01749	0.01243	0.00884	0.00812	0.00221	0.05199	0.00648	0.00689	0.01180
118	0.02446	0.01728	0.01878	0.01475	0.01949	0.01887	0.01183	0.51720	0.04961	0.07995	0.01897	0.02244	0.01490	0.12458	0.01169	0.00290	0.00751	0.00712	0.00679	0.01086
119	0.07712	0.01299	0.02073	0.59202	0.04325	0.01542	0.04234	0.01856	0.01420	0.01986	0.01250	0.01807	0.00948	0.00689	0.00680	0.00226	0.00894	0.00604	0.00336	0.06916
120	0.01380	0.00812	0.01059	0.00949	0.01189	0.00733	0.00729	0.01695	0.01994	0.14732	0.54263	0.04912	0.09991	0.01378	0.00818	0.00224	0.00385	0.01202	0.00793	0.00762
121	0.01036	0.00690	0.00777	0.00777	0.00777	0.00690	0.00431	0.01036	0.01036	0.01381	0.02244	0.04660	0.02589	0.74975	0.03624	0.00690	0.00690	0.01036	0.00431	0.00431
122	0.01448	0.03546	0.66058	0.02105	0.03132	0.01665	0.07721	0.02257	0.01517	0.02257	0.01291	0.01536	0.00916	0.00671	0.00689	0.00227	0.01064	0.00551	0.00305	0.01045
123	0.02527	0.01984	0.02015	0.01594	0.02119	0.06635	0.01298	0.54138	0.10501	0.04041	0.02019	0.01989	0.04016	0.00897	0.00714	0.00216	0.00775	0.00681	0.00689	0.01153
124	0.01017	0.00763	0.01144	0.01144	0.01272	0.00890	0.00890	0.01272	0.01144	0.01653	0.01907	0.02797	0.01780	0.05340	0.72153	0.01144	0.01907	0.00763	0.00381	0.00636
125	0.01327	0.00664	0.00664	0.00664	0.00830	0.00664	0.00498	0.01659	0.01493	0.02655	0.02323	0.02655	0.01825	0.00830	0.00498	0.00166	0.00332	0.00664	0.78928	0.00664
126	0.01144	0.00918	0.01512	0.01312	0.01486	0.00878	0.14445	0.01307	0.01315	0.01794	0.05129	0.24811	0.02938	0.26377	0.01938	0.06563	0.00679	0.01255	0.03608	0.00594
127	0.01430	0.01381	0.02044	0.01756	0.01832	0.01834	0.05422	0.01637	0.01140	0.01733	0.01209	0.01891	0.01156	0.02234	0.19756	0.00516	0.51273	0.00671	0.00332	0.00754
128	0.00868	0.00620	0.00826	0.00991	0.01033	0.00578	0.00661	0.00991	0.01363	0.01818	0.03925	0.74510	0.04710	0.02231	0.00909	0.00289	0.00413	0.02024	0.00661	0.00578
129	0.01428	0.03683	0.71286	0.02030	0.03082	0.01654	0.02631	0.02255	0.01503	0.02255	0.01278	0.01503	0.00902	0.00677	0.00677	0.00226	0.01052	0.00526	0.00301	0.01052
130	0.01711	0.01651	0.02851	0.12346	0.60414	0.01683	0.04596	0.02146	0.01601	0.02266	0.01335	0.01784	0.01105	0.00642	0.00711	0.00216	0.00871	0.00642	0.00349	0.01082
131	0.01428	0.03683	0.71286	0.02030	0.03082	0.01654	0.02631	0.02255	0.01503	0.02255	0.01278	0.01503	0.00902	0.00677	0.00677	0.00226	0.01052	0.00526	0.00301	0.01052
132	0.01221	0.06650	0.01357	0.01294	0.01500	0.01000	0.01136	0.01594	0.03743	0.02147	0.05793	0.07235	0.03879	0.01813	0.00930	0.00308	0.00650	0.56425	0.00635	0.00691
133	0.01124	0.00849	0.01312	0.06833	0.01661	0.00818	0.07289	0.01348	0.01474	0.05574	0.03659	0.48216	0.08866	0.01833	0.00877	0.00276	0.00554	0.06149	0.00617	0.00673
134	0.01265	0.00963	0.01266	0.06756	0.01603	0.00989	0.02961	0.11008	0.03715	0.02412	0.15212	0.34228	0.06332	0.04540	0.01001	0.02443	0.00538	0.01413	0.00638	0.00719
135	0.02392	0.05055	0.01915	0.01685	0.02020	0.58891	0.01273	0.02551	0.01888	0.01728	0.01576	0.01767	0.06336	0.00917	0.00810	0.04223	0.03256	0.00551	0.00384	0.00783
136	0.63034	0.03861	0.01317	0.01103	0.01547	0.10761	0.00898	0.06203	0.01452	0.03041	0.01049	0.01206	0.00821	0.00681	0.00484	0.00213	0.00666	0.00410	0.00444	0.00809
137	0.06011	0.10756	0.01800	0.03218	0.01785	0.04270	0.01040	0.02653	0.15929	0.19449	0.04751	0.02387	0.04415	0.03722	0.00818	0.00221	0.03117	0.00681	0.00601	0.12377
138	0.26732	0.06413	0.03408	0.03073	0.01609	0.03549	0.00959	0.02393	0.18463	0.05079	0.08223	0.04996	0.03982	0.03027	0.00701	0.00234	0.00578	0.00723	0.04998	0.00859
139	0.04263	0.01532	0.04860	0.01749	0.02149	0.04190	0.18027	0.12179	0.07130	0.02548	0.04524	0.23121	0.02535	0.01264	0.00853	0.00253	0.02837	0.04564	0.00558	0.00864

[dist]
# distance from previous block
# <min> <max>
0	2

[block]
# block no. 3 follows, 29 sequences, length 8
# corresponding to MSA columns:
# 212-219
name=unknown_D
#
# <colnr> <probs for GDERKNQSTAVLIFYWHMCP>
#	G	D	E	R	K	N	Q	S	T	A	V	L	I	F	Y	W	H	M	C	P
0	0.01545	0.01605	0.05993	0.15273	0.32290	0.01585	0.10259	0.02030	0.04174	0.02158	0.01680	0.10464	0.01535	0.00885	0.00846	0.00237	0.05264	0.00826	0.00393	0.00958
1	0.01203	0.16806	0.01657	0.01299	0.09446	0.01219	0.00916	0.01440	0.01615	0.01997	0.09770	0.04960	0.39729	0.01390	0.00749	0.00221	0.00514	0.03774	0.00557	0.00738
2	0.01637	0.15480	0.44946	0.01754	0.02587	0.07244	0.02059	0.06174	0.01654	0.02227	0.01693	0.01845	0.06197	0.00766	0.00651	0.00210	0.00952	0.00578	0.00359	0.00987
3	0.07697	0.01692	0.02444	0.37043	0.16789	0.10017	0.10200	0.02091	0.01549	0.02072	0.01261	0.01745	0.00983	0.00682	0.00698	0.00225	0.00970	0.00620	0.00344	0.00880
4	0.05779	0.01291	0.01616	0.12470	0.02215	0.01200	0.01095	0.05775	0.05289	0.16674	0.04443	0.01952	0.01465	0.00714	0.00624	0.00173	0.00619	0.00581	0.00547	0.35476
5	0.01162	0.00839	0.01082	0.04611	0.01425	0.00767	0.00840	0.01407	0.01576	0.05523	0.11825	0.24152	0.13638	0.03735	0.00911	0.00262	0.00502	0.13609	0.00629	0.11505
6	0.01564	0.01277	0.01921	0.01556	0.01938	0.01269	0.15253	0.11261	0.04634	0.06024	0.12012	0.05920	0.12656	0.04888	0.01014	0.00265	0.03467	0.08695	0.00600	0.03787
7	0.01624	0.05666	0.16824	0.01603	0.02198	0.06286	0.09284	0.08154	0.04303	0.02399	0.05048	0.05131	0.03281	0.04583	0.00835	0.00223	0.00804	0.02976	0.00458	0.18321

[dist]
# distance from previous block
# <min> <max>
3	31

# created by:
# /st0/software/busco_prod/Augustus/scripts/msa2prfl.pl ./align_prep/131302.fa
