[name]
unknown

[dist]
# distance from previous block
# <min> <max>
0	50

[block]
# block no. 0 follows, 29 sequences, length 6
# corresponding to MSA columns:
# 50-55
name=unknown_A
#
# <colnr> <probs for GDERKNQSTAVLIFYWHMCP>
#	G	D	E	R	K	N	Q	S	T	A	V	L	I	F	Y	W	H	M	C	P
0	0.01611	0.01711	0.02634	0.11524	0.02844	0.10244	0.24804	0.02005	0.01602	0.02079	0.07387	0.02815	0.01866	0.00993	0.01095	0.00256	0.14511	0.08777	0.00419	0.00826
1	0.01242	0.00756	0.01004	0.01012	0.01173	0.00700	0.00750	0.01477	0.01698	0.10754	0.27987	0.30399	0.04923	0.05139	0.00994	0.00279	0.00446	0.07854	0.00722	0.00692
2	0.08536	0.00785	0.00917	0.00922	0.01115	0.00750	0.00706	0.01315	0.01726	0.02470	0.33788	0.14545	0.19304	0.01613	0.00827	0.00247	0.00408	0.08679	0.00694	0.00652
3	0.01421	0.01344	0.02274	0.60663	0.16908	0.01602	0.02016	0.01886	0.01460	0.01912	0.01279	0.01874	0.00982	0.00698	0.00711	0.00233	0.00930	0.00633	0.00323	0.00853
4	0.01911	0.01233	0.01492	0.01148	0.01679	0.01035	0.00913	0.07933	0.01759	0.18632	0.02014	0.11204	0.01710	0.00861	0.00638	0.00166	0.00554	0.00719	0.00587	0.43815
5	0.01041	0.00685	0.00886	0.00968	0.01082	0.00624	0.00675	0.01207	0.01519	0.06679	0.12393	0.53509	0.12061	0.01995	0.00880	0.00271	0.00411	0.01786	0.00691	0.00636

[dist]
# distance from previous block
# <min> <max>
1	4

[block]
# block no. 1 follows, 29 sequences, length 6
# corresponding to MSA columns:
# 60-65
name=unknown_B
#
# <colnr> <probs for GDERKNQSTAVLIFYWHMCP>
#	G	D	E	R	K	N	Q	S	T	A	V	L	I	F	Y	W	H	M	C	P
0	0.01335	0.00810	0.01043	0.01023	0.01124	0.00835	0.00721	0.07885	0.05082	0.01899	0.02077	0.18861	0.02131	0.02049	0.01859	0.42867	0.00563	0.00958	0.06344	0.00533
1	0.01698	0.01468	0.01566	0.01179	0.01747	0.05755	0.00940	0.11713	0.01836	0.02650	0.07073	0.01820	0.01542	0.00667	0.00588	0.00137	0.00599	0.00529	0.00492	0.56001
2	0.01591	0.01151	0.01662	0.11983	0.09329	0.01101	0.03281	0.01957	0.04823	0.11338	0.04309	0.14758	0.02141	0.01137	0.00850	0.05049	0.00641	0.03545	0.00529	0.18824
3	0.01330	0.01048	0.01604	0.01412	0.01599	0.01091	0.10826	0.07989	0.01489	0.02012	0.02413	0.26007	0.02620	0.09876	0.01635	0.14275	0.06765	0.04848	0.00504	0.00656
4	0.01452	0.01312	0.02134	0.04500	0.08849	0.01496	0.14042	0.01719	0.01332	0.01979	0.01614	0.06319	0.01519	0.08989	0.01629	0.03578	0.23905	0.00796	0.12072	0.00764
5	0.01539	0.01585	0.02231	0.13423	0.02546	0.08503	0.11784	0.01826	0.01381	0.01862	0.01506	0.10696	0.01463	0.01254	0.04098	0.00295	0.28227	0.00811	0.00376	0.04593

[dist]
# distance from previous block
# <min> <max>
35	58

[block]
# block no. 2 follows, 29 sequences, length 6
# corresponding to MSA columns:
# 137-142
name=unknown_C
#
# <colnr> <probs for GDERKNQSTAVLIFYWHMCP>
#	G	D	E	R	K	N	Q	S	T	A	V	L	I	F	Y	W	H	M	C	P
0	0.01552	0.01235	0.01493	0.09661	0.01962	0.01216	0.01022	0.14996	0.05365	0.02547	0.02123	0.18620	0.02084	0.06510	0.00912	0.00235	0.00616	0.00924	0.00539	0.26387
1	0.01738	0.01412	0.01947	0.20309	0.02764	0.01388	0.06175	0.09596	0.06690	0.07292	0.01556	0.01799	0.01178	0.00675	0.00648	0.00180	0.00725	0.00582	0.00477	0.32871
2	0.02103	0.18712	0.17347	0.08096	0.06152	0.27124	0.01685	0.02479	0.01711	0.06556	0.01257	0.01457	0.00984	0.00697	0.00624	0.00194	0.01022	0.00498	0.00369	0.00933
3	0.02451	0.04204	0.07784	0.01359	0.01871	0.04523	0.01192	0.10351	0.05572	0.35989	0.10287	0.02539	0.02161	0.01183	0.04988	0.00273	0.00746	0.00742	0.00717	0.01067
4	0.01662	0.01346	0.01867	0.01426	0.01952	0.01203	0.11487	0.09823	0.04464	0.07151	0.02323	0.10026	0.07624	0.00915	0.00688	0.00184	0.00644	0.00817	0.00537	0.33862
5	0.01712	0.12097	0.01804	0.01496	0.08263	0.01391	0.01065	0.09057	0.08808	0.10837	0.02790	0.26055	0.05634	0.01295	0.00738	0.00229	0.00588	0.01114	0.00607	0.04420

[dist]
# distance from previous block
# <min> <max>
5	22

[block]
# block no. 3 follows, 29 sequences, length 46
# corresponding to MSA columns:
# 165-210
name=unknown_D
#
# <colnr> <probs for GDERKNQSTAVLIFYWHMCP>
#	G	D	E	R	K	N	Q	S	T	A	V	L	I	F	Y	W	H	M	C	P
0	0.04779	0.15818	0.05232	0.01614	0.02194	0.02153	0.06080	0.39758	0.04563	0.05681	0.01593	0.01684	0.01187	0.00950	0.03354	0.00241	0.00843	0.00605	0.00579	0.01093
1	0.06484	0.35593	0.21984	0.01696	0.05713	0.02201	0.04585	0.07174	0.01635	0.05181	0.01239	0.01406	0.00979	0.00662	0.00576	0.00191	0.00848	0.00488	0.00372	0.00992
2	0.12835	0.16690	0.05349	0.01558	0.05406	0.02065	0.01290	0.33759	0.02334	0.03316	0.01555	0.06038	0.01287	0.00837	0.00629	0.00205	0.00733	0.00629	0.00546	0.02936
3	0.06416	0.31417	0.11916	0.01812	0.13738	0.01944	0.01457	0.02155	0.01543	0.07248	0.03652	0.01797	0.04180	0.00717	0.00582	0.00183	0.00741	0.00549	0.00404	0.07548
4	0.04369	0.07488	0.08883	0.01499	0.02006	0.07480	0.04602	0.16486	0.12998	0.10771	0.09220	0.02489	0.04317	0.03275	0.00795	0.00232	0.00744	0.00742	0.00604	0.00999
5	0.01533	0.01350	0.02073	0.26699	0.23633	0.01488	0.01660	0.08577	0.03651	0.02254	0.01907	0.07062	0.04507	0.04154	0.06126	0.00316	0.00889	0.00795	0.00427	0.00898
6	0.01682	0.01610	0.02746	0.17581	0.57949	0.01671	0.02145	0.02115	0.01583	0.02229	0.01325	0.01788	0.01094	0.00649	0.00706	0.00216	0.00866	0.00634	0.00346	0.01063
7	0.02707	0.01995	0.02137	0.01638	0.02208	0.02208	0.01353	0.68159	0.03348	0.04488	0.01710	0.01710	0.01211	0.00855	0.00712	0.00214	0.00784	0.00641	0.00712	0.01211
8	0.01345	0.01266	0.02136	0.73264	0.04904	0.01582	0.01978	0.01819	0.01424	0.01819	0.01266	0.01898	0.00949	0.00712	0.00712	0.00237	0.00949	0.00633	0.00316	0.00791
9	0.02660	0.03394	0.02018	0.01834	0.02201	0.72116	0.01376	0.02843	0.02018	0.01743	0.01101	0.01284	0.00917	0.00734	0.00642	0.00183	0.01284	0.00459	0.00367	0.00825
10	0.01616	0.02796	0.38563	0.02427	0.03311	0.01693	0.31505	0.02319	0.01605	0.05227	0.01416	0.01728	0.01018	0.00652	0.00751	0.00232	0.01099	0.00674	0.00352	0.01018
11	0.01502	0.01283	0.02101	0.16705	0.34751	0.01325	0.01659	0.01843	0.01531	0.05538	0.02125	0.22260	0.02131	0.01110	0.00764	0.00239	0.00732	0.01029	0.00459	0.00912
12	0.01762	0.01692	0.02890	0.04371	0.70533	0.01692	0.02185	0.02185	0.01621	0.02326	0.01339	0.01762	0.01128	0.00634	0.00705	0.00211	0.00846	0.00634	0.00352	0.01128
13	0.01345	0.01266	0.02136	0.73264	0.04904	0.01582	0.01978	0.01819	0.01424	0.01819	0.01266	0.01898	0.00949	0.00712	0.00712	0.00237	0.00949	0.00633	0.00316	0.00791
14	0.01646	0.18451	0.44747	0.01911	0.02780	0.01900	0.08695	0.02276	0.01523	0.05576	0.01300	0.01516	0.00966	0.00683	0.00700	0.00214	0.03226	0.00539	0.00337	0.01014
15	0.03195	0.01212	0.01652	0.01267	0.01818	0.01047	0.01047	0.03470	0.02038	0.71026	0.02809	0.02424	0.01763	0.00881	0.00716	0.00220	0.00606	0.00716	0.00881	0.01212
16	0.01418	0.01345	0.02248	0.59011	0.14286	0.01633	0.01983	0.01866	0.01433	0.01887	0.01257	0.01858	0.00974	0.00732	0.00807	0.00238	0.05230	0.00632	0.00321	0.00839
17	0.01333	0.01370	0.05567	0.67364	0.04687	0.01554	0.01964	0.01816	0.01434	0.01845	0.01456	0.02037	0.03162	0.00745	0.00714	0.00237	0.00936	0.00655	0.00327	0.00798
18	0.03158	0.01270	0.01689	0.01295	0.01847	0.01134	0.01070	0.08313	0.02136	0.66045	0.02727	0.02370	0.01721	0.00879	0.00716	0.00220	0.00619	0.00710	0.00869	0.01212
19	0.01010	0.00725	0.00939	0.00887	0.01042	0.00673	0.00654	0.01321	0.01942	0.02745	0.65073	0.05270	0.06410	0.06960	0.01048	0.00259	0.00362	0.01269	0.00757	0.00654
20	0.01538	0.01391	0.02374	0.50853	0.20681	0.01594	0.04396	0.01996	0.01508	0.04939	0.01356	0.01889	0.01032	0.00696	0.00715	0.00230	0.00919	0.00644	0.00351	0.00897
21	0.01237	0.00618	0.00928	0.00928	0.00928	0.00618	0.00618	0.00928	0.00928	0.01237	0.01237	0.02165	0.01237	0.02474	0.02783	0.79283	0.00618	0.00618	0.00309	0.00309
22	0.59186	0.01332	0.01211	0.01026	0.01497	0.01448	0.00846	0.02466	0.01436	0.21580	0.01484	0.01500	0.01040	0.00721	0.00515	0.00220	0.00566	0.00475	0.00560	0.00891
23	0.01117	0.00808	0.01105	0.01246	0.01416	0.00796	0.01078	0.01433	0.01654	0.02145	0.06907	0.07820	0.09564	0.01932	0.00966	0.00316	0.00618	0.57767	0.00662	0.00652
24	0.01728	0.47145	0.27325	0.01580	0.02349	0.02367	0.04646	0.02182	0.01477	0.01904	0.01110	0.01302	0.00917	0.00632	0.00550	0.00182	0.00882	0.00452	0.00306	0.00964
25	0.00866	0.00624	0.00822	0.00980	0.01030	0.00579	0.00656	0.00993	0.01375	0.01822	0.04069	0.71535	0.07591	0.02212	0.00906	0.00287	0.00411	0.02001	0.00661	0.00579
26	0.03139	0.01302	0.01708	0.01310	0.01863	0.01180	0.01082	0.10901	0.02189	0.63383	0.02683	0.02342	0.01699	0.00878	0.00716	0.00220	0.00626	0.00707	0.00862	0.01212
27	0.02551	0.07403	0.02269	0.01899	0.10464	0.04821	0.01402	0.42829	0.05198	0.11446	0.01755	0.01773	0.01265	0.00812	0.00690	0.00209	0.00781	0.00628	0.00644	0.01160
28	0.01023	0.00685	0.00780	0.00793	0.00796	0.00682	0.00449	0.01032	0.01060	0.01413	0.02369	0.09889	0.02748	0.69529	0.03421	0.00660	0.00670	0.01110	0.00449	0.00442
29	0.02701	0.02161	0.02123	0.01662	0.02207	0.10535	0.01356	0.60380	0.03190	0.04161	0.01637	0.01659	0.01176	0.00840	0.00704	0.00210	0.00843	0.00619	0.00671	0.01165
30	0.11475	0.06930	0.01664	0.01234	0.01727	0.01523	0.01003	0.07418	0.24162	0.12112	0.02347	0.02268	0.05576	0.00842	0.00634	0.00200	0.00579	0.00661	0.00613	0.17033
31	0.01897	0.13830	0.01977	0.01195	0.01807	0.01475	0.01007	0.12724	0.01823	0.08542	0.01425	0.01541	0.01118	0.00625	0.00562	0.00141	0.00615	0.00476	0.00489	0.46733
32	0.01681	0.01921	0.04202	0.03001	0.03721	0.01801	0.67947	0.02281	0.01681	0.02281	0.01441	0.01921	0.01080	0.00600	0.00840	0.00240	0.01200	0.00840	0.00360	0.00960
33	0.00859	0.00718	0.00748	0.00750	0.00975	0.00607	0.00559	0.01052	0.01650	0.02009	0.13168	0.09617	0.61271	0.01788	0.00844	0.00241	0.00361	0.01504	0.00673	0.00607
34	0.01775	0.01728	0.02839	0.06654	0.66269	0.03768	0.02154	0.02192	0.01626	0.02292	0.01330	0.01753	0.01116	0.00640	0.00703	0.00212	0.00862	0.00629	0.00352	0.01107
35	0.01291	0.01192	0.02002	0.59093	0.04228	0.01437	0.04238	0.01707	0.01404	0.01811	0.01596	0.09340	0.01428	0.05246	0.00909	0.00269	0.00890	0.00804	0.00359	0.00755
36	0.00848	0.00722	0.00731	0.00728	0.00966	0.00604	0.00546	0.01035	0.01639	0.01961	0.09715	0.06792	0.67720	0.01790	0.00842	0.00240	0.00360	0.01494	0.00666	0.00604
37	0.00885	0.00642	0.00841	0.00994	0.01059	0.00597	0.00687	0.01028	0.01403	0.01848	0.04162	0.64672	0.09618	0.02180	0.00909	0.00288	0.00426	0.06515	0.00661	0.00586
38	0.01503	0.01374	0.02224	0.59476	0.12330	0.01645	0.01952	0.07201	0.01602	0.02093	0.01310	0.01867	0.00991	0.00714	0.00711	0.00232	0.00924	0.00634	0.00352	0.00864
39	0.01617	0.00866	0.01155	0.01020	0.01293	0.00783	0.00800	0.01936	0.02002	0.21591	0.48136	0.04664	0.05217	0.01324	0.00813	0.00228	0.00427	0.04504	0.00804	0.00820
40	0.02738	0.01175	0.01543	0.01225	0.01697	0.01067	0.00990	0.04771	0.06663	0.53757	0.10482	0.02853	0.02382	0.04230	0.00859	0.00243	0.00580	0.00800	0.00835	0.01110
41	0.02631	0.02094	0.06221	0.01661	0.02260	0.02175	0.01429	0.64266	0.03239	0.04356	0.01684	0.01697	0.01193	0.00844	0.00710	0.00214	0.00799	0.00634	0.00688	0.01202
42	0.00995	0.00724	0.00908	0.01014	0.01115	0.00701	0.00699	0.01304	0.07339	0.01986	0.03649	0.61453	0.04191	0.01979	0.00855	0.00271	0.00425	0.01782	0.05281	0.03327
43	0.14762	0.23980	0.40007	0.01612	0.02434	0.01980	0.01911	0.02192	0.01438	0.02246	0.01147	0.01341	0.00883	0.00654	0.00574	0.00204	0.00884	0.00461	0.00325	0.00965
44	0.01549	0.02292	0.24059	0.08418	0.10827	0.01658	0.28434	0.02234	0.04528	0.02304	0.05487	0.02006	0.01401	0.00703	0.00760	0.00231	0.01017	0.00729	0.00378	0.00983
45	0.01483	0.22859	0.42512	0.01627	0.02435	0.01822	0.01947	0.02061	0.01530	0.02106	0.05984	0.02091	0.07092	0.00801	0.00640	0.00207	0.00870	0.00616	0.00362	0.00953

[dist]
# distance from previous block
# <min> <max>
0	6

[block]
# block no. 4 follows, 29 sequences, length 8
# corresponding to MSA columns:
# 217-224
name=unknown_E
#
# <colnr> <probs for GDERKNQSTAVLIFYWHMCP>
#	G	D	E	R	K	N	Q	S	T	A	V	L	I	F	Y	W	H	M	C	P
0	0.01075	0.00810	0.01004	0.00941	0.01138	0.00781	0.00710	0.01574	0.08938	0.02804	0.58874	0.05149	0.10621	0.01429	0.00828	0.00227	0.00361	0.01253	0.00769	0.00714
1	0.00992	0.00708	0.00949	0.00984	0.01049	0.00755	0.00682	0.01130	0.01152	0.01593	0.02448	0.18486	0.02677	0.28988	0.33299	0.00807	0.01169	0.01123	0.00458	0.00552
2	0.01724	0.48237	0.29320	0.01526	0.02303	0.02377	0.01753	0.02179	0.01468	0.01895	0.01099	0.01279	0.00909	0.00635	0.00540	0.00180	0.00872	0.00436	0.00303	0.00966
3	0.03195	0.01212	0.01652	0.01267	0.01818	0.01047	0.01047	0.03470	0.02038	0.71026	0.02809	0.02424	0.01763	0.00881	0.00716	0.00220	0.00606	0.00716	0.00881	0.01212
4	0.00910	0.00671	0.00853	0.00920	0.01033	0.00613	0.00647	0.01113	0.01619	0.02179	0.26469	0.41522	0.15009	0.01910	0.00876	0.00260	0.00380	0.01702	0.00702	0.00613
5	0.01093	0.00791	0.01079	0.01229	0.01387	0.00776	0.01047	0.01388	0.01610	0.02081	0.04075	0.14759	0.09714	0.01980	0.00964	0.00317	0.00606	0.53805	0.00657	0.00643
6	0.00878	0.00635	0.00830	0.00966	0.01031	0.00588	0.00654	0.01024	0.01436	0.01914	0.09833	0.64237	0.09067	0.02137	0.00899	0.00280	0.00403	0.01928	0.00672	0.00588
7	0.09851	0.00945	0.01179	0.01015	0.01330	0.00884	0.00798	0.02080	0.01939	0.24024	0.42130	0.03991	0.04568	0.01196	0.00760	0.00222	0.00442	0.01017	0.00779	0.00850

[dist]
# distance from previous block
# <min> <max>
0	7

[block]
# block no. 5 follows, 29 sequences, length 27
# corresponding to MSA columns:
# 232-258
name=unknown_F
#
# <colnr> <probs for GDERKNQSTAVLIFYWHMCP>
#	G	D	E	R	K	N	Q	S	T	A	V	L	I	F	Y	W	H	M	C	P
0	0.01757	0.01707	0.02978	0.04279	0.66039	0.01699	0.06609	0.02192	0.01625	0.02323	0.01346	0.01773	0.01125	0.00632	0.00714	0.00213	0.00870	0.00648	0.00353	0.01117
1	0.05302	0.01331	0.02187	0.60083	0.13870	0.01598	0.01947	0.01884	0.01441	0.01958	0.01262	0.01843	0.00965	0.00699	0.00697	0.00233	0.00915	0.00621	0.00328	0.00837
2	0.00908	0.00642	0.00841	0.00985	0.01029	0.00609	0.00664	0.01029	0.01339	0.01782	0.03699	0.61154	0.04397	0.11558	0.01263	0.00343	0.00465	0.06098	0.00631	0.00565
3	0.80005	0.01377	0.01047	0.00936	0.01377	0.01597	0.00771	0.02093	0.01212	0.03195	0.00991	0.01157	0.00771	0.00661	0.00441	0.00220	0.00551	0.00386	0.00441	0.00771
4	0.01885	0.01613	0.01732	0.10478	0.02243	0.09322	0.01138	0.11927	0.01846	0.06788	0.01409	0.01602	0.01093	0.00645	0.00603	0.00155	0.00711	0.00504	0.00474	0.43831
5	0.01904	0.75404	0.03731	0.01218	0.01828	0.02818	0.01218	0.02132	0.01447	0.01675	0.00990	0.01142	0.00914	0.00609	0.00457	0.00152	0.00761	0.00381	0.00305	0.00914
6	0.01008	0.00728	0.00952	0.00896	0.01064	0.00672	0.00672	0.01344	0.02016	0.02855	0.70158	0.05319	0.06719	0.01456	0.00840	0.00224	0.00336	0.01288	0.00784	0.00672
7	0.01362	0.01283	0.02167	0.70396	0.07636	0.01587	0.01986	0.01835	0.01432	0.01840	0.01269	0.01893	0.00957	0.00709	0.00712	0.00236	0.00945	0.00633	0.00318	0.00805
8	0.01428	0.03683	0.71286	0.02030	0.03082	0.01654	0.02631	0.02255	0.01503	0.02255	0.01278	0.01503	0.00902	0.00677	0.00677	0.00226	0.01052	0.00526	0.00301	0.01052
9	0.80005	0.01377	0.01047	0.00936	0.01377	0.01597	0.00771	0.02093	0.01212	0.03195	0.00991	0.01157	0.00771	0.00661	0.00441	0.00220	0.00551	0.00386	0.00441	0.00771
10	0.01695	0.01623	0.02768	0.15547	0.59887	0.01674	0.02152	0.02126	0.01589	0.02244	0.01327	0.01784	0.01099	0.00647	0.00706	0.00216	0.00863	0.00634	0.00347	0.01073
11	0.01345	0.01266	0.02136	0.73264	0.04904	0.01582	0.01978	0.01819	0.01424	0.01819	0.01266	0.01898	0.00949	0.00712	0.00712	0.00237	0.00949	0.00633	0.00316	0.00791
12	0.01345	0.01266	0.02136	0.73264	0.04904	0.01582	0.01978	0.01819	0.01424	0.01819	0.01266	0.01898	0.00949	0.00712	0.00712	0.00237	0.00949	0.00633	0.00316	0.00791
13	0.01663	0.01868	0.03907	0.02836	0.03452	0.01856	0.58271	0.02198	0.01595	0.02198	0.01367	0.01868	0.01059	0.00694	0.01058	0.00251	0.11764	0.00809	0.00353	0.00934
14	0.01025	0.00695	0.00820	0.00828	0.00844	0.00707	0.00494	0.01059	0.01064	0.01432	0.02290	0.07916	0.02604	0.63664	0.11072	0.00721	0.00811	0.01054	0.00437	0.00461
15	0.02668	0.03162	0.02038	0.01802	0.02202	0.60561	0.01372	0.13640	0.02238	0.02196	0.01201	0.01354	0.00966	0.00754	0.00654	0.00188	0.01201	0.00489	0.00424	0.00889
16	0.01017	0.00763	0.01144	0.01144	0.01272	0.00890	0.00890	0.01272	0.01144	0.01653	0.01907	0.02797	0.01780	0.05340	0.72153	0.01144	0.01907	0.00763	0.00381	0.00636
17	0.00842	0.00721	0.00721	0.00721	0.00962	0.00601	0.00541	0.01022	0.01623	0.01924	0.07213	0.06853	0.70244	0.01803	0.00842	0.00240	0.00361	0.01503	0.00661	0.00601
18	0.73968	0.01364	0.01094	0.00962	0.01412	0.01554	0.00793	0.02201	0.01277	0.08526	0.01134	0.01256	0.00849	0.00678	0.00462	0.00220	0.00555	0.00412	0.00475	0.00806
19	0.01658	0.01586	0.02702	0.21519	0.54197	0.01665	0.02134	0.02094	0.01572	0.02200	0.01321	0.01796	0.01083	0.00654	0.00707	0.00218	0.00872	0.00634	0.00343	0.01044
20	0.00882	0.00630	0.00842	0.01007	0.01055	0.00590	0.00685	0.01016	0.01377	0.01833	0.03917	0.71195	0.04679	0.02218	0.00913	0.00291	0.00425	0.05202	0.00661	0.00582
21	0.00866	0.00625	0.00821	0.00978	0.01029	0.00579	0.00655	0.00993	0.01376	0.01823	0.04083	0.71257	0.07861	0.02210	0.00906	0.00287	0.00411	0.01999	0.00661	0.00579
22	0.01345	0.01266	0.02136	0.73264	0.04904	0.01582	0.01978	0.01819	0.01424	0.01819	0.01266	0.01898	0.00949	0.00712	0.00712	0.00237	0.00949	0.00633	0.00316	0.00791
23	0.07467	0.37580	0.34001	0.01563	0.02360	0.02202	0.01822	0.02185	0.01455	0.02049	0.01120	0.01306	0.00898	0.00643	0.00555	0.00190	0.00877	0.00447	0.00313	0.00966
24	0.01378	0.00811	0.01063	0.00953	0.01190	0.00734	0.00731	0.01697	0.02003	0.14568	0.55975	0.04883	0.08462	0.01371	0.00819	0.00224	0.00383	0.01198	0.00796	0.00762
25	0.01565	0.15360	0.46737	0.02217	0.09525	0.01867	0.08700	0.02230	0.01523	0.02167	0.01251	0.01509	0.00943	0.00654	0.00658	0.00213	0.00998	0.00543	0.00312	0.01028
26	0.01500	0.01286	0.01487	0.01086	0.01700	0.01014	0.00866	0.01949	0.06803	0.02372	0.01394	0.01569	0.01143	0.00562	0.00543	0.00116	0.00530	0.00452	0.00446	0.73182

[dist]
# distance from previous block
# <min> <max>
0	2

[block]
# block no. 6 follows, 29 sequences, length 30
# corresponding to MSA columns:
# 261-290
name=unknown_G
#
# <colnr> <probs for GDERKNQSTAVLIFYWHMCP>
#	G	D	E	R	K	N	Q	S	T	A	V	L	I	F	Y	W	H	M	C	P
0	0.01570	0.20518	0.48830	0.02008	0.06671	0.01937	0.04717	0.02223	0.01503	0.02123	0.01219	0.01448	0.00924	0.00655	0.00632	0.00208	0.00977	0.00510	0.00307	0.01020
1	0.00868	0.00620	0.00826	0.00991	0.01033	0.00578	0.00661	0.00991	0.01363	0.01818	0.03925	0.74510	0.04710	0.02231	0.00909	0.00289	0.00413	0.02024	0.00661	0.00578
2	0.01117	0.00798	0.01113	0.01277	0.01428	0.00794	0.01095	0.01423	0.01610	0.02097	0.03787	0.15166	0.04164	0.01995	0.00976	0.00324	0.00630	0.58903	0.00656	0.00647
3	0.05614	0.63034	0.11889	0.01304	0.01960	0.02616	0.01370	0.02145	0.01442	0.01820	0.01025	0.01187	0.00905	0.00620	0.00483	0.00165	0.00787	0.00399	0.00311	0.00924
4	0.24495	0.01335	0.01490	0.11112	0.02075	0.01459	0.01090	0.06462	0.15601	0.18185	0.04126	0.02334	0.05598	0.00881	0.00649	0.00228	0.00617	0.00686	0.00619	0.00959
5	0.00868	0.00620	0.00826	0.00991	0.01033	0.00578	0.00661	0.00991	0.01363	0.01818	0.03925	0.74510	0.04710	0.02231	0.00909	0.00289	0.00413	0.02024	0.00661	0.00578
6	0.00842	0.00721	0.00721	0.00721	0.00962	0.00601	0.00541	0.01022	0.01623	0.01924	0.07213	0.06853	0.70244	0.01803	0.00842	0.00240	0.00361	0.01503	0.00661	0.00601
7	0.01726	0.01895	0.03337	0.07342	0.15949	0.08226	0.37451	0.02192	0.01624	0.02148	0.01428	0.04445	0.01186	0.00739	0.00915	0.00237	0.07078	0.00779	0.00364	0.00940
8	0.03166	0.01258	0.01681	0.01289	0.01841	0.01115	0.01065	0.07270	0.02115	0.67118	0.02745	0.02382	0.01730	0.00880	0.00716	0.00220	0.00616	0.00712	0.00871	0.01212
9	0.01816	0.01532	0.01630	0.01458	0.01862	0.01759	0.01147	0.08912	0.60503	0.03059	0.02845	0.02848	0.02191	0.01007	0.00736	0.00244	0.00586	0.04035	0.00720	0.01110
10	0.01814	0.01805	0.02794	0.06922	0.62697	0.07069	0.02115	0.02221	0.01644	0.02262	0.01318	0.01731	0.01105	0.00645	0.00700	0.00210	0.00884	0.00621	0.00352	0.01091
11	0.04775	0.49888	0.05495	0.01411	0.01994	0.02296	0.08913	0.02152	0.01559	0.06036	0.08106	0.01740	0.01560	0.00713	0.00562	0.00179	0.00762	0.00550	0.00398	0.00912
12	0.60784	0.01531	0.01318	0.01111	0.01584	0.01749	0.00916	0.18521	0.01743	0.03516	0.01170	0.01294	0.00881	0.00709	0.00508	0.00219	0.00609	0.00449	0.00508	0.00881
13	0.01904	0.75404	0.03731	0.01218	0.01828	0.02818	0.01218	0.02132	0.01447	0.01675	0.00990	0.01142	0.00914	0.00609	0.00457	0.00152	0.00761	0.00381	0.00305	0.00914
14	0.01488	0.01545	0.04800	0.02076	0.02388	0.01662	0.25305	0.01798	0.01387	0.01973	0.04893	0.05458	0.01635	0.01204	0.01580	0.07793	0.27635	0.04208	0.00385	0.00788
15	0.06591	0.01772	0.04704	0.02268	0.18871	0.01811	0.04813	0.25585	0.13895	0.06386	0.04793	0.02047	0.01579	0.00817	0.00708	0.00221	0.00751	0.00691	0.00589	0.01109
16	0.01564	0.01769	0.11713	0.19723	0.25563	0.01614	0.01856	0.02406	0.17102	0.02321	0.02018	0.02266	0.05377	0.00804	0.00715	0.00228	0.00806	0.00710	0.00440	0.01005
17	0.00915	0.00647	0.00817	0.00923	0.00970	0.00612	0.00601	0.01024	0.01335	0.01779	0.07556	0.50783	0.07182	0.19568	0.01551	0.00379	0.00473	0.01722	0.00613	0.00550
18	0.01648	0.01969	0.07530	0.05432	0.03625	0.01807	0.58328	0.02230	0.01628	0.02230	0.01397	0.01877	0.01058	0.00645	0.00913	0.00243	0.05333	0.00804	0.00353	0.00949
19	0.02699	0.03617	0.05275	0.05630	0.02098	0.01374	0.01240	0.08017	0.09112	0.46226	0.02432	0.02242	0.01612	0.00877	0.00780	0.00225	0.03963	0.00692	0.00747	0.01142
20	0.00889	0.00639	0.00830	0.00957	0.01018	0.00595	0.00643	0.01029	0.01419	0.01897	0.10289	0.60662	0.07941	0.06302	0.01055	0.00304	0.00419	0.01872	0.00660	0.00580
21	0.01948	0.01278	0.01439	0.01210	0.01593	0.01325	0.00964	0.23346	0.09001	0.13227	0.07100	0.06505	0.14790	0.01376	0.04483	0.00271	0.00633	0.00937	0.07623	0.00951
22	0.48252	0.05744	0.01434	0.01101	0.01567	0.01619	0.00914	0.09285	0.05177	0.13267	0.04562	0.01668	0.01315	0.00763	0.00544	0.00217	0.00587	0.00524	0.00557	0.00905
23	0.02172	0.04893	0.01823	0.01415	0.01849	0.01716	0.01136	0.42540	0.02623	0.06617	0.02293	0.20781	0.02134	0.01195	0.00747	0.00228	0.00669	0.00988	0.00679	0.03502
24	0.13557	0.11337	0.24656	0.01706	0.07932	0.04788	0.01612	0.02308	0.01627	0.12597	0.09665	0.02012	0.01728	0.00789	0.00640	0.00212	0.00782	0.00613	0.00474	0.00967
25	0.01881	0.05766	0.02016	0.02191	0.21778	0.01512	0.01379	0.11416	0.11787	0.11034	0.02565	0.11093	0.05616	0.01086	0.00747	0.00233	0.00672	0.05625	0.00593	0.01011
26	0.11745	0.24341	0.05732	0.03614	0.02159	0.01923	0.11701	0.11308	0.01752	0.06482	0.01766	0.09730	0.03122	0.00879	0.00643	0.00210	0.00768	0.00733	0.00470	0.00920
27	0.13504	0.11733	0.08870	0.01181	0.01651	0.04647	0.01077	0.09414	0.01816	0.08824	0.09862	0.03253	0.19314	0.01073	0.00676	0.00215	0.00627	0.00839	0.00566	0.00859
28	0.01639	0.04824	0.04521	0.01109	0.01513	0.02840	0.00923	0.08045	0.06863	0.12603	0.09701	0.05888	0.23815	0.03903	0.00844	0.00232	0.00552	0.01003	0.00642	0.08541
29	0.08419	0.23009	0.30618	0.05791	0.02604	0.01974	0.06664	0.06040	0.01600	0.02307	0.03954	0.01590	0.01160	0.00694	0.00618	0.00206	0.00888	0.00540	0.00363	0.00962

[dist]
# distance from previous block
# <min> <max>
8	24

[block]
# block no. 7 follows, 29 sequences, length 32
# corresponding to MSA columns:
# 315-346
name=unknown_H
#
# <colnr> <probs for GDERKNQSTAVLIFYWHMCP>
#	G	D	E	R	K	N	Q	S	T	A	V	L	I	F	Y	W	H	M	C	P
0	0.03854	0.24688	0.40385	0.01680	0.02482	0.06295	0.01961	0.02189	0.01515	0.02078	0.03450	0.01540	0.01122	0.00836	0.02926	0.00231	0.00970	0.00507	0.00328	0.00963
1	0.03510	0.12780	0.41075	0.01897	0.05713	0.01668	0.05990	0.02058	0.01495	0.02159	0.03301	0.06037	0.01441	0.01060	0.04495	0.00272	0.00976	0.02760	0.00360	0.00952
2	0.01540	0.06839	0.58772	0.02052	0.03030	0.01751	0.07973	0.05770	0.01614	0.02349	0.01301	0.01532	0.00934	0.00676	0.00682	0.00223	0.01037	0.00552	0.00328	0.01047
3	0.15039	0.12283	0.25268	0.03636	0.02291	0.01744	0.05127	0.10992	0.01717	0.02606	0.04825	0.02051	0.05229	0.03418	0.00742	0.00231	0.00810	0.00627	0.00432	0.00929
4	0.02345	0.07545	0.10118	0.01697	0.04636	0.02053	0.01470	0.47671	0.02771	0.03747	0.01631	0.03708	0.01241	0.00829	0.00684	0.00206	0.00790	0.00635	0.00604	0.05617
5	0.15623	0.11165	0.20954	0.01756	0.02422	0.08503	0.12239	0.10685	0.01758	0.02614	0.01312	0.01532	0.00998	0.00690	0.00627	0.00210	0.00903	0.00550	0.04508	0.00950
6	0.01695	0.20624	0.29033	0.04882	0.02383	0.01821	0.01723	0.07621	0.03976	0.05081	0.03648	0.01737	0.01260	0.00989	0.03289	0.04990	0.00882	0.00558	0.00398	0.03411
7	0.01343	0.11461	0.01696	0.01262	0.01433	0.03319	0.01030	0.01568	0.01285	0.01836	0.06304	0.02493	0.01825	0.06610	0.28339	0.00603	0.18346	0.00710	0.07831	0.00708
8	0.01379	0.08096	0.03854	0.01086	0.01414	0.04788	0.00905	0.06017	0.06943	0.04379	0.19743	0.04618	0.27769	0.01356	0.00807	0.00227	0.02225	0.02981	0.00635	0.00777
9	0.04369	0.15679	0.06346	0.01436	0.01922	0.18663	0.01253	0.06961	0.01887	0.16536	0.05403	0.02515	0.01776	0.00913	0.00669	0.00206	0.00825	0.07926	0.00541	0.04176
10	0.01138	0.00951	0.01346	0.01318	0.03708	0.00924	0.07249	0.01592	0.09074	0.02183	0.11702	0.20353	0.18583	0.04659	0.00977	0.00281	0.00550	0.12060	0.00633	0.00716
11	0.07486	0.01126	0.01477	0.01173	0.01642	0.01006	0.00956	0.02965	0.01983	0.53384	0.16006	0.02918	0.02681	0.00981	0.00724	0.00221	0.00549	0.00809	0.00835	0.01078
12	0.02116	0.11070	0.01929	0.01425	0.01870	0.11834	0.01147	0.07235	0.34505	0.11804	0.02537	0.02395	0.05221	0.00913	0.00683	0.00217	0.00700	0.00716	0.00637	0.01047
13	0.01370	0.01292	0.02182	0.69027	0.08940	0.01589	0.01990	0.01842	0.01436	0.01851	0.01270	0.01890	0.00960	0.00707	0.00711	0.00236	0.00943	0.00633	0.00319	0.00812
14	0.01237	0.00618	0.00928	0.00928	0.00928	0.00618	0.00618	0.00928	0.00928	0.01237	0.01237	0.02165	0.01237	0.02474	0.02783	0.79283	0.00618	0.00618	0.00309	0.00309
15	0.01078	0.00738	0.00864	0.00856	0.00898	0.00747	0.00528	0.03392	0.01209	0.01631	0.06525	0.09741	0.02900	0.57513	0.07931	0.00646	0.00736	0.01093	0.00477	0.00499
16	0.01856	0.68274	0.10447	0.01299	0.01952	0.02702	0.01359	0.02144	0.01452	0.01733	0.01019	0.01178	0.00913	0.00616	0.00479	0.00160	0.00790	0.00395	0.00304	0.00928
17	0.80005	0.01377	0.01047	0.00936	0.01377	0.01597	0.00771	0.02093	0.01212	0.03195	0.00991	0.01157	0.00771	0.00661	0.00441	0.00220	0.00551	0.00386	0.00441	0.00771
18	0.00885	0.00632	0.00846	0.01011	0.01060	0.00593	0.00691	0.01021	0.01380	0.01837	0.03915	0.70402	0.04672	0.02215	0.00913	0.00292	0.00428	0.05962	0.00661	0.00583
19	0.00878	0.00723	0.00775	0.00786	0.01005	0.00620	0.00595	0.01081	0.01654	0.02031	0.13616	0.09894	0.56607	0.01795	0.00853	0.00246	0.00377	0.05178	0.00674	0.00611
20	0.05488	0.02787	0.04353	0.01902	0.06404	0.41040	0.01437	0.23098	0.02360	0.02705	0.01307	0.01448	0.01016	0.00761	0.00661	0.00197	0.01066	0.00526	0.00474	0.00970
21	0.01728	0.01698	0.03023	0.08127	0.57818	0.01700	0.10994	0.02177	0.01618	0.02291	0.01349	0.01791	0.01111	0.00634	0.00724	0.00217	0.00899	0.00662	0.00351	0.01086
22	0.02044	0.62042	0.03413	0.01333	0.01897	0.15677	0.01248	0.02264	0.01553	0.01688	0.01010	0.01169	0.00914	0.00632	0.00491	0.00158	0.00858	0.00395	0.00316	0.00897
23	0.01040	0.00991	0.04532	0.00957	0.01211	0.02978	0.00782	0.01381	0.04296	0.02302	0.27824	0.08924	0.33303	0.01590	0.00833	0.00240	0.00444	0.05018	0.00678	0.00678
24	0.01772	0.24941	0.17890	0.02184	0.11749	0.06279	0.13665	0.04152	0.04419	0.02143	0.01482	0.01710	0.03205	0.00692	0.00648	0.00202	0.00926	0.00594	0.00364	0.00983
25	0.00908	0.00758	0.00798	0.00808	0.01030	0.00672	0.00598	0.01199	0.05760	0.02007	0.08687	0.15617	0.55068	0.01797	0.00843	0.00246	0.00379	0.01522	0.00669	0.00633
26	0.01956	0.01621	0.01714	0.01487	0.01922	0.01858	0.01172	0.16508	0.56222	0.03277	0.02663	0.02469	0.01983	0.00944	0.00722	0.00236	0.00607	0.00773	0.00722	0.01144
27	0.02400	0.02825	0.02279	0.02564	0.22139	0.47974	0.01611	0.06010	0.01971	0.02054	0.01202	0.01446	0.00994	0.00711	0.00664	0.00193	0.01131	0.00519	0.00380	0.00934
28	0.01428	0.03683	0.71286	0.02030	0.03082	0.01654	0.02631	0.02255	0.01503	0.02255	0.01278	0.01503	0.00902	0.00677	0.00677	0.00226	0.01052	0.00526	0.00301	0.01052
29	0.00951	0.00726	0.00874	0.00837	0.01029	0.00648	0.00627	0.01234	0.01882	0.02539	0.48789	0.05840	0.28285	0.01574	0.00840	0.00230	0.00344	0.01361	0.00742	0.00648
30	0.01018	0.00759	0.01125	0.01125	0.01245	0.00879	0.00866	0.01259	0.01139	0.01638	0.01925	0.02897	0.01823	0.09059	0.68494	0.01120	0.01842	0.00777	0.00384	0.00625
31	0.02769	0.01895	0.02075	0.01591	0.02159	0.02061	0.01314	0.59949	0.03182	0.12932	0.01849	0.01800	0.01281	0.00858	0.00713	0.00215	0.00761	0.00651	0.00734	0.01211

[dist]
# distance from previous block
# <min> <max>
0	1

[block]
# block no. 8 follows, 29 sequences, length 29
# corresponding to MSA columns:
# 348-376
name=unknown_I
#
# <colnr> <probs for GDERKNQSTAVLIFYWHMCP>
#	G	D	E	R	K	N	Q	S	T	A	V	L	I	F	Y	W	H	M	C	P
0	0.02074	0.04639	0.02777	0.12989	0.03048	0.20455	0.22054	0.13816	0.04728	0.02444	0.01401	0.01707	0.01075	0.00729	0.00770	0.00219	0.03054	0.00651	0.00428	0.00943
1	0.11221	0.04162	0.13452	0.01566	0.02165	0.04303	0.01443	0.36030	0.10126	0.03541	0.01833	0.01860	0.03494	0.00836	0.00671	0.00218	0.00779	0.00627	0.00589	0.01083
2	0.00975	0.00725	0.00898	0.00855	0.01031	0.00658	0.00635	0.01266	0.01896	0.02606	0.54571	0.05605	0.19510	0.04500	0.00953	0.00246	0.00355	0.01321	0.00745	0.00648
3	0.01763	0.54188	0.23715	0.01458	0.02199	0.02473	0.01636	0.02169	0.01464	0.01847	0.01075	0.01249	0.00910	0.00629	0.00522	0.00174	0.00848	0.00424	0.00303	0.00955
4	0.01036	0.00690	0.00777	0.00777	0.00777	0.00690	0.00431	0.01036	0.01036	0.01381	0.02244	0.04660	0.02589	0.74975	0.03624	0.00690	0.00690	0.01036	0.00431	0.00431
5	0.01904	0.75404	0.03731	0.01218	0.01828	0.02818	0.01218	0.02132	0.01447	0.01675	0.00990	0.01142	0.00914	0.00609	0.00457	0.00152	0.00761	0.00381	0.00305	0.00914
6	0.01345	0.01266	0.02136	0.73264	0.04904	0.01582	0.01978	0.01819	0.01424	0.01819	0.01266	0.01898	0.00949	0.00712	0.00712	0.00237	0.00949	0.00633	0.00316	0.00791
7	0.01681	0.01921	0.04202	0.03001	0.03721	0.01801	0.67947	0.02281	0.01681	0.02281	0.01441	0.01921	0.01080	0.00600	0.00840	0.00240	0.01200	0.00840	0.00360	0.00960
8	0.01767	0.07462	0.55079	0.01848	0.02786	0.01615	0.02269	0.02461	0.01594	0.14308	0.01530	0.01644	0.01054	0.00709	0.00671	0.00220	0.00957	0.00551	0.00403	0.01072
9	0.01191	0.00861	0.01057	0.01105	0.01239	0.00865	0.00783	0.12796	0.01712	0.02287	0.03535	0.61715	0.04095	0.01989	0.00874	0.00276	0.00478	0.01781	0.00670	0.00690
10	0.01418	0.01341	0.02268	0.61156	0.16439	0.01601	0.02014	0.01884	0.01459	0.01908	0.01279	0.01875	0.00981	0.00698	0.00711	0.00233	0.00931	0.00633	0.00323	0.00850
11	0.07059	0.01427	0.02328	0.09290	0.38967	0.01457	0.05811	0.01958	0.01593	0.02304	0.03873	0.03147	0.04556	0.00945	0.00753	0.00238	0.00789	0.12125	0.00434	0.00946
12	0.01191	0.00861	0.01057	0.01105	0.01239	0.00865	0.00783	0.12796	0.01712	0.02287	0.03535	0.61715	0.04095	0.01989	0.00874	0.00276	0.00478	0.01781	0.00670	0.00690
13	0.01059	0.00716	0.00894	0.00850	0.01020	0.00668	0.00637	0.01389	0.01912	0.02792	0.56318	0.04897	0.07794	0.01356	0.00780	0.00214	0.00336	0.01185	0.14514	0.00668
14	0.01342	0.01160	0.01877	0.60504	0.04188	0.01421	0.01717	0.01791	0.01436	0.01966	0.01451	0.02031	0.01103	0.00733	0.00674	0.00225	0.00841	0.00638	0.14133	0.00769
15	0.01582	0.01679	0.08611	0.15098	0.35146	0.03527	0.01853	0.05618	0.01639	0.02248	0.01789	0.14531	0.01705	0.00947	0.00738	0.00230	0.00816	0.00864	0.00416	0.00963
16	0.00985	0.00707	0.00920	0.00906	0.01042	0.00656	0.00657	0.01265	0.01846	0.02591	0.54729	0.17443	0.06135	0.05693	0.01007	0.00261	0.00369	0.01403	0.00743	0.00642
17	0.01590	0.14524	0.02906	0.01976	0.02331	0.01958	0.22494	0.01915	0.01376	0.01940	0.01339	0.04146	0.01202	0.01179	0.05482	0.00301	0.27070	0.00706	0.04727	0.00839
18	0.01927	0.01323	0.01491	0.01280	0.01611	0.01405	0.00988	0.28098	0.08052	0.09014	0.02607	0.13918	0.04122	0.15739	0.01334	0.00329	0.00656	0.04537	0.00661	0.00908
19	0.04004	0.01048	0.01386	0.01594	0.13427	0.01026	0.01022	0.05354	0.05023	0.06335	0.23197	0.10877	0.16574	0.01363	0.00798	0.00237	0.00513	0.04757	0.00653	0.00814
20	0.01426	0.01502	0.04608	0.11983	0.02881	0.01510	0.30956	0.01813	0.01426	0.01947	0.01711	0.08801	0.01627	0.13915	0.01499	0.00332	0.09973	0.00916	0.00386	0.00790
21	0.03751	0.13686	0.46838	0.01657	0.02441	0.01655	0.01981	0.02018	0.01404	0.02043	0.01397	0.01995	0.01196	0.13724	0.01155	0.00296	0.00931	0.00590	0.00328	0.00914
22	0.03625	0.03895	0.06211	0.18203	0.09270	0.01437	0.11526	0.01784	0.01414	0.01984	0.01705	0.02879	0.01597	0.13889	0.01354	0.00319	0.06034	0.06930	0.02948	0.02996
23	0.06877	0.01853	0.14481	0.14594	0.20955	0.01553	0.09686	0.05649	0.01664	0.02400	0.05587	0.02413	0.05500	0.00822	0.00724	0.00229	0.00855	0.02796	0.00416	0.00946
24	0.04453	0.01766	0.02067	0.14492	0.11015	0.11768	0.03311	0.15332	0.04288	0.19172	0.04069	0.02002	0.01445	0.00803	0.00703	0.00217	0.00833	0.00656	0.00574	0.01032
25	0.09216	0.05852	0.04387	0.01717	0.04095	0.15567	0.12886	0.08403	0.03492	0.11045	0.06387	0.02510	0.09584	0.00897	0.00705	0.00215	0.00840	0.00752	0.00531	0.00920
26	0.01754	0.05189	0.05824	0.13986	0.02333	0.06791	0.01291	0.15314	0.12064	0.04925	0.08251	0.04957	0.12253	0.01047	0.00730	0.00225	0.00715	0.00856	0.00577	0.00918
27	0.01930	0.15223	0.29519	0.01854	0.06084	0.04267	0.01855	0.19491	0.08211	0.02789	0.01487	0.01608	0.01113	0.00737	0.00653	0.00209	0.00884	0.00560	0.00452	0.01073
28	0.04280	0.02775	0.41148	0.02382	0.16559	0.01622	0.04348	0.05959	0.01656	0.06469	0.01400	0.01622	0.01025	0.00679	0.00676	0.00216	0.00929	0.00566	0.00381	0.05310

[dist]
# distance from previous block
# <min> <max>
0	7

[block]
# block no. 9 follows, 29 sequences, length 26
# corresponding to MSA columns:
# 384-409
name=unknown_J
#
# <colnr> <probs for GDERKNQSTAVLIFYWHMCP>
#	G	D	E	R	K	N	Q	S	T	A	V	L	I	F	Y	W	H	M	C	P
0	0.05158	0.02397	0.25490	0.02839	0.24437	0.04106	0.14588	0.02355	0.01625	0.08143	0.01440	0.01720	0.01076	0.00667	0.00709	0.00222	0.00963	0.00628	0.00386	0.01052
1	0.01311	0.01086	0.06295	0.01399	0.08868	0.00874	0.01014	0.01627	0.01757	0.09716	0.27051	0.15190	0.15553	0.01445	0.00816	0.00239	0.00501	0.03809	0.00668	0.00780
2	0.01839	0.26335	0.21047	0.01529	0.02120	0.15984	0.01537	0.02207	0.01596	0.05562	0.01631	0.12447	0.01531	0.00912	0.00636	0.00203	0.00884	0.00702	0.00401	0.00899
3	0.02281	0.01469	0.03843	0.04346	0.17320	0.01416	0.01382	0.09055	0.12876	0.27725	0.08717	0.02479	0.02057	0.00881	0.00725	0.00222	0.00667	0.00752	0.00678	0.01110
4	0.05947	0.12541	0.02218	0.01941	0.17205	0.01482	0.01316	0.02921	0.01820	0.42256	0.02127	0.02028	0.01450	0.00775	0.00663	0.00208	0.00681	0.00633	0.00657	0.01129
5	0.01265	0.01119	0.05772	0.03393	0.01509	0.00996	0.00937	0.01928	0.16923	0.05984	0.14578	0.22624	0.17128	0.01512	0.00811	0.00249	0.00494	0.01313	0.00672	0.00794
6	0.01147	0.00896	0.01133	0.03997	0.01445	0.00842	0.00871	0.01564	0.06160	0.02415	0.26914	0.09653	0.11367	0.01452	0.00816	0.00237	0.00483	0.15350	0.00657	0.12601
7	0.14284	0.01473	0.01673	0.14003	0.05168	0.07422	0.01256	0.07110	0.09207	0.11514	0.04099	0.02105	0.01514	0.01510	0.11549	0.00365	0.03679	0.00652	0.00517	0.00901
8	0.02927	0.01586	0.12197	0.01382	0.02009	0.01139	0.01286	0.03286	0.01957	0.60612	0.02577	0.02284	0.01632	0.00850	0.00710	0.00221	0.00674	0.00687	0.00793	0.01188
9	0.01618	0.02100	0.19736	0.13480	0.31325	0.01680	0.02074	0.02440	0.13880	0.02352	0.01597	0.01880	0.01235	0.00717	0.00702	0.00224	0.00862	0.00638	0.00402	0.01059
10	0.01736	0.01663	0.02569	0.13007	0.49312	0.03851	0.01973	0.02399	0.11848	0.02340	0.01558	0.01901	0.01256	0.00698	0.00707	0.00219	0.00830	0.00655	0.00404	0.01074
11	0.02394	0.01629	0.01850	0.01447	0.01933	0.01733	0.01184	0.41974	0.02749	0.13388	0.12170	0.02336	0.02102	0.00946	0.00790	0.00214	0.03776	0.00735	0.00712	0.05938
12	0.00868	0.00620	0.00826	0.00991	0.01033	0.00578	0.00661	0.00991	0.01363	0.01818	0.03925	0.74510	0.04710	0.02231	0.00909	0.00289	0.00413	0.02024	0.00661	0.00578
13	0.01825	0.01612	0.01555	0.01495	0.05118	0.12075	0.01093	0.04350	0.33124	0.07574	0.03205	0.05410	0.12329	0.03286	0.00826	0.00246	0.00665	0.02610	0.00641	0.00960
14	0.01387	0.01344	0.02354	0.63418	0.04675	0.01626	0.08887	0.01864	0.01439	0.01864	0.01273	0.01889	0.00962	0.00719	0.00782	0.00240	0.03493	0.00654	0.00321	0.00808
15	0.01006	0.00695	0.00768	0.00768	0.00805	0.00677	0.00448	0.01033	0.01124	0.01463	0.02996	0.04992	0.12834	0.63894	0.03203	0.00622	0.00640	0.01106	0.00466	0.00457
16	0.01220	0.00709	0.00951	0.01033	0.01152	0.00649	0.00719	0.01367	0.01465	0.12298	0.03756	0.63594	0.04263	0.02026	0.00880	0.00279	0.00442	0.01826	0.00694	0.00674
17	0.01380	0.01230	0.01996	0.31879	0.13388	0.01415	0.05104	0.01767	0.01455	0.02047	0.04590	0.04993	0.03132	0.01153	0.05193	0.00288	0.07674	0.00755	0.09751	0.00808
18	0.07883	0.06752	0.04876	0.03752	0.04720	0.01779	0.01255	0.22415	0.19706	0.09545	0.05821	0.02323	0.04276	0.00901	0.00688	0.00220	0.00671	0.00715	0.00641	0.01062
19	0.00976	0.00659	0.00843	0.00976	0.01062	0.00627	0.00701	0.01163	0.01434	0.01994	0.03802	0.51227	0.07007	0.01963	0.00854	0.00274	0.00433	0.10890	0.12513	0.00603
20	0.02911	0.01390	0.01732	0.01349	0.01881	0.01342	0.01107	0.17522	0.07349	0.49228	0.04759	0.02379	0.01834	0.00900	0.00720	0.00221	0.00633	0.00725	0.00830	0.01188
21	0.01727	0.01781	0.06504	0.07065	0.64254	0.01685	0.02201	0.02174	0.01607	0.02302	0.01333	0.01754	0.01109	0.00640	0.00704	0.00213	0.00861	0.00629	0.00348	0.01110
22	0.04886	0.01942	0.03223	0.07743	0.03188	0.06561	0.37934	0.16121	0.01981	0.02675	0.01413	0.01781	0.01067	0.00713	0.00868	0.00234	0.05538	0.00727	0.00432	0.00973
23	0.01418	0.00886	0.01139	0.01130	0.01338	0.00862	0.00881	0.05500	0.01705	0.12594	0.07706	0.29442	0.12610	0.01753	0.00921	0.00273	0.03069	0.15337	0.00691	0.00744
24	0.01785	0.01680	0.01887	0.01507	0.01955	0.12045	0.07062	0.06521	0.04437	0.04814	0.01619	0.08479	0.01448	0.00869	0.00865	0.00190	0.09945	0.00683	0.00466	0.31741
25	0.02069	0.15443	0.02037	0.01355	0.01796	0.04583	0.01130	0.22101	0.11867	0.09211	0.06874	0.02734	0.03809	0.04307	0.03322	0.00267	0.00736	0.04757	0.00616	0.00986

[dist]
# distance from previous block
# <min> <max>
0	34

# created by:
# /st0/software/busco_prod/Augustus/scripts/msa2prfl.pl ./align_prep/131319.fa
