[name]
unknown

[dist]
# distance from previous block
# <min> <max>
0	6

[block]
# block no. 0 follows, 28 sequences, length 50
# corresponding to MSA columns:
# 6-55
name=unknown_A
#
# <colnr> <probs for GDERKNQSTAVLIFYWHMCP>
#	G	D	E	R	K	N	Q	S	T	A	V	L	I	F	Y	W	H	M	C	P
0	0.05298	0.01493	0.02057	0.05744	0.02298	0.01452	0.10245	0.11673	0.07471	0.15929	0.01920	0.02208	0.01457	0.00806	0.00740	0.00205	0.02638	0.03552	0.00583	0.22231
1	0.28889	0.01329	0.01484	0.07140	0.01933	0.01398	0.01046	0.05067	0.08477	0.28352	0.06318	0.02174	0.01729	0.00853	0.00643	0.00229	0.00613	0.00652	0.00669	0.01004
2	0.01784	0.01711	0.02923	0.06916	0.67585	0.01723	0.02223	0.02217	0.01648	0.02356	0.01365	0.01804	0.01145	0.00651	0.00720	0.00217	0.00867	0.00648	0.00358	0.01139
3	0.01769	0.01753	0.02717	0.19400	0.50781	0.06609	0.02126	0.02195	0.01639	0.02218	0.01333	0.01796	0.01096	0.00672	0.00717	0.00220	0.00918	0.00635	0.00353	0.01054
4	0.01029	0.00743	0.00972	0.00914	0.01086	0.00686	0.00686	0.01372	0.02058	0.02915	0.69536	0.05430	0.06859	0.01486	0.00857	0.00229	0.00343	0.01315	0.00800	0.00686
5	0.00886	0.00633	0.00843	0.01012	0.01054	0.00590	0.00675	0.01012	0.01392	0.01856	0.04006	0.73979	0.04808	0.02277	0.00928	0.00295	0.00422	0.02066	0.00675	0.00590
6	0.00941	0.00673	0.00906	0.01067	0.01136	0.00638	0.00764	0.01113	0.01465	0.01949	0.06258	0.59888	0.04768	0.02202	0.00939	0.00300	0.00463	0.13245	0.00678	0.00608
7	0.01925	0.01584	0.01683	0.01487	0.01915	0.01814	0.01164	0.08325	0.61752	0.05450	0.02870	0.02636	0.02136	0.00975	0.00738	0.00244	0.00593	0.00807	0.00744	0.01160
8	0.02700	0.01936	0.02100	0.01618	0.02179	0.02123	0.01333	0.61348	0.03290	0.07479	0.05131	0.01959	0.01538	0.00904	0.00734	0.00219	0.00769	0.00690	0.00739	0.01209
9	0.11038	0.08607	0.02083	0.01725	0.02127	0.58756	0.01325	0.02765	0.01926	0.01935	0.01103	0.01286	0.00920	0.00731	0.00619	0.00189	0.01189	0.00454	0.00378	0.00843
10	0.79588	0.01406	0.01068	0.00956	0.01406	0.01631	0.00787	0.02137	0.01237	0.03261	0.01012	0.01181	0.00787	0.00675	0.00450	0.00225	0.00562	0.00394	0.00450	0.00787
11	0.01978	0.71718	0.03731	0.01272	0.01883	0.05927	0.01251	0.02209	0.01503	0.01713	0.01016	0.01172	0.00933	0.00628	0.00475	0.00157	0.00801	0.00392	0.00314	0.00929
12	0.01717	0.23503	0.38219	0.01732	0.02547	0.01901	0.04486	0.02279	0.01561	0.07846	0.01554	0.06761	0.01286	0.00800	0.00654	0.00214	0.00910	0.00634	0.00387	0.01009
13	0.00935	0.00738	0.00845	0.00836	0.01042	0.00647	0.00629	0.01182	0.01799	0.02329	0.30824	0.09413	0.40685	0.01730	0.00866	0.00244	0.00371	0.03522	0.00723	0.00642
14	0.02539	0.01820	0.01942	0.01514	0.02030	0.02003	0.01242	0.57006	0.03116	0.04283	0.01845	0.01899	0.01336	0.00869	0.00692	0.00210	0.00726	0.00658	0.13123	0.01147
15	0.01752	0.01923	0.07755	0.18270	0.10426	0.12681	0.11247	0.04485	0.01741	0.04551	0.04495	0.04617	0.04428	0.00934	0.00823	0.00238	0.03489	0.04804	0.00440	0.00900
16	0.11609	0.03171	0.01950	0.01759	0.02150	0.60776	0.01332	0.05307	0.02017	0.02059	0.01135	0.01313	0.00931	0.00745	0.00634	0.00193	0.01205	0.00467	0.00397	0.00851
17	0.00868	0.00729	0.00753	0.00763	0.00991	0.00615	0.00566	0.01054	0.01654	0.01993	0.09536	0.11643	0.62637	0.01858	0.00864	0.00248	0.00371	0.01563	0.00680	0.00615
18	0.03176	0.01218	0.01660	0.01279	0.01826	0.01054	0.01054	0.03459	0.02080	0.67838	0.05420	0.02587	0.01993	0.00922	0.00736	0.00225	0.00608	0.00753	0.00896	0.01216
19	0.01070	0.00772	0.00988	0.03935	0.01194	0.00808	0.00699	0.03060	0.01265	0.01704	0.02738	0.18599	0.05817	0.34481	0.19000	0.00676	0.00941	0.01193	0.00491	0.00568
20	0.01691	0.01726	0.02442	0.05171	0.02283	0.05569	0.08829	0.04183	0.01322	0.01919	0.01062	0.01638	0.00980	0.01136	0.02000	0.00297	0.55923	0.00653	0.00341	0.00834
21	0.00886	0.00633	0.00843	0.01012	0.01054	0.00590	0.00675	0.01012	0.01392	0.01856	0.04006	0.73979	0.04808	0.02277	0.00928	0.00295	0.00422	0.02066	0.00675	0.00590
22	0.03261	0.01237	0.01687	0.01293	0.01856	0.01068	0.01068	0.03543	0.02081	0.70423	0.02868	0.02474	0.01799	0.00900	0.00731	0.00225	0.00619	0.00731	0.00900	0.01237
23	0.01746	0.01760	0.03260	0.08879	0.47373	0.01749	0.19908	0.02231	0.01657	0.02326	0.01390	0.01853	0.01125	0.00644	0.00758	0.00226	0.00969	0.00705	0.00359	0.01081
24	0.01489	0.01496	0.02663	0.44426	0.04183	0.01774	0.16637	0.01944	0.01452	0.01944	0.01272	0.01881	0.00997	0.00798	0.01051	0.00256	0.13868	0.00692	0.00332	0.00844
25	0.79588	0.01406	0.01068	0.00956	0.01406	0.01631	0.00787	0.02137	0.01237	0.03261	0.01012	0.01181	0.00787	0.00675	0.00450	0.00225	0.00562	0.00394	0.00450	0.00787
26	0.01355	0.00678	0.00678	0.00678	0.00847	0.00678	0.00508	0.01694	0.01524	0.02710	0.02371	0.02710	0.01863	0.00847	0.00508	0.00169	0.00339	0.00678	0.78489	0.00678
27	0.01466	0.01421	0.02554	0.52778	0.11019	0.01632	0.12400	0.01941	0.01500	0.01965	0.01327	0.01936	0.01017	0.00755	0.00811	0.02621	0.00989	0.00679	0.00333	0.00854
28	0.00886	0.00633	0.00843	0.01012	0.01054	0.00590	0.00675	0.01012	0.01392	0.01856	0.04006	0.73979	0.04808	0.02277	0.00928	0.00295	0.00422	0.02066	0.00675	0.00590
29	0.01029	0.00743	0.00972	0.00914	0.01086	0.00686	0.00686	0.01372	0.02058	0.02915	0.69536	0.05430	0.06859	0.01486	0.00857	0.00229	0.00343	0.01315	0.00800	0.00686
30	0.00922	0.00658	0.00885	0.01053	0.01111	0.00622	0.00738	0.01075	0.01427	0.01896	0.03986	0.65667	0.04729	0.02243	0.00937	0.00300	0.00453	0.10022	0.00674	0.00600
31	0.01074	0.00777	0.01050	0.01179	0.01327	0.00753	0.00969	0.01357	0.01660	0.02182	0.11883	0.21251	0.09227	0.01990	0.00961	0.00308	0.00559	0.40156	0.00686	0.00651
32	0.79588	0.01406	0.01068	0.00956	0.01406	0.01631	0.00787	0.02137	0.01237	0.03261	0.01012	0.01181	0.00787	0.00675	0.00450	0.00225	0.00562	0.00394	0.00450	0.00787
33	0.02478	0.19288	0.02514	0.01916	0.06972	0.51245	0.01427	0.02693	0.01901	0.01806	0.01116	0.01313	0.00951	0.00713	0.00618	0.00182	0.01160	0.00463	0.00359	0.00885
34	0.01547	0.03636	0.67291	0.02034	0.03083	0.01658	0.02606	0.02363	0.01562	0.05655	0.01381	0.01581	0.00964	0.00701	0.00693	0.00230	0.01052	0.00547	0.00336	0.01082
35	0.07622	0.04494	0.01933	0.07979	0.08108	0.06172	0.01300	0.25922	0.05552	0.08619	0.01810	0.03804	0.01395	0.00904	0.00745	0.02751	0.00748	0.00666	0.08460	0.01015
36	0.04847	0.01410	0.02094	0.04454	0.02180	0.01442	0.17535	0.17972	0.02104	0.05439	0.09940	0.02514	0.02037	0.00861	0.00705	0.00214	0.00717	0.00783	0.21832	0.00920
37	0.00886	0.00633	0.00843	0.01012	0.01054	0.00590	0.00675	0.01012	0.01392	0.01856	0.04006	0.73979	0.04808	0.02277	0.00928	0.00295	0.00422	0.02066	0.00675	0.00590
38	0.01652	0.01557	0.02658	0.32687	0.27078	0.01694	0.09812	0.06669	0.01703	0.02299	0.01478	0.02139	0.01201	0.00749	0.00751	0.00236	0.00939	0.03344	0.00384	0.00972
39	0.06292	0.01873	0.02117	0.07362	0.06780	0.02071	0.01423	0.52117	0.02968	0.04050	0.01882	0.01954	0.04025	0.00877	0.00718	0.00221	0.00788	0.00677	0.00656	0.01149
40	0.01090	0.00804	0.00939	0.00905	0.01137	0.00730	0.00696	0.01435	0.04862	0.05239	0.30949	0.06089	0.34709	0.01637	0.00858	0.00244	0.00399	0.05846	0.00736	0.00696
41	0.05225	0.01295	0.01762	0.06488	0.04137	0.01248	0.03456	0.10547	0.02136	0.38854	0.14327	0.02791	0.02494	0.00963	0.00747	0.00226	0.00643	0.00810	0.00769	0.01081
42	0.01646	0.23097	0.36967	0.01969	0.07332	0.02025	0.04341	0.02302	0.04819	0.02170	0.01331	0.01559	0.01038	0.00707	0.00698	0.00211	0.03695	0.00537	0.02537	0.01019
43	0.01722	0.01725	0.04676	0.11352	0.34657	0.08913	0.01823	0.04355	0.01678	0.02213	0.01698	0.02681	0.01545	0.01170	0.04063	0.04145	0.00940	0.09286	0.00409	0.00950
44	0.00872	0.00740	0.00754	0.00760	0.01003	0.00623	0.00577	0.01062	0.01658	0.01972	0.07223	0.07044	0.67012	0.01848	0.00865	0.00249	0.00380	0.04069	0.00675	0.00616
45	0.01832	0.01433	0.01995	0.17383	0.18545	0.04541	0.01595	0.02479	0.12249	0.12087	0.02314	0.03355	0.01983	0.01036	0.00781	0.00251	0.00786	0.13824	0.00553	0.00978
46	0.32631	0.19611	0.07064	0.01415	0.01926	0.05358	0.07797	0.02131	0.01464	0.02532	0.06595	0.01653	0.01370	0.00761	0.00668	0.00214	0.04997	0.00541	0.00414	0.00857
47	0.02675	0.05595	0.02262	0.04121	0.02331	0.02263	0.01397	0.62000	0.03254	0.04345	0.01693	0.01723	0.01212	0.00855	0.00714	0.00216	0.00805	0.00641	0.00693	0.01206
48	0.00927	0.00696	0.00863	0.00959	0.01070	0.00645	0.00666	0.01153	0.03599	0.02051	0.13115	0.49547	0.17940	0.02048	0.00899	0.00275	0.00406	0.01825	0.00693	0.00625
49	0.03795	0.08686	0.20578	0.02901	0.30877	0.06201	0.03699	0.06566	0.01712	0.02381	0.01369	0.01774	0.01127	0.04311	0.00830	0.00238	0.00929	0.00604	0.00374	0.01050

[dist]
# distance from previous block
# <min> <max>
0	7

[block]
# block no. 1 follows, 28 sequences, length 44
# corresponding to MSA columns:
# 64-107
name=unknown_B
#
# <colnr> <probs for GDERKNQSTAVLIFYWHMCP>
#	G	D	E	R	K	N	Q	S	T	A	V	L	I	F	Y	W	H	M	C	P
0	0.04057	0.04490	0.07368	0.04380	0.05142	0.01349	0.01234	0.12553	0.02082	0.27801	0.12940	0.02882	0.04608	0.04778	0.00887	0.00248	0.00668	0.00810	0.00694	0.01030
1	0.08330	0.00933	0.01155	0.01021	0.01268	0.00894	0.02255	0.01776	0.03583	0.12216	0.29733	0.06898	0.04054	0.17923	0.01438	0.00335	0.00522	0.01060	0.00670	0.03937
2	0.01951	0.01401	0.01680	0.01398	0.05332	0.01264	0.01053	0.09544	0.10785	0.13242	0.04606	0.02019	0.01599	0.00735	0.00638	0.00167	0.00593	0.00601	0.00588	0.40804
3	0.01102	0.00766	0.00954	0.00893	0.01101	0.00689	0.00675	0.01406	0.01967	0.06085	0.51997	0.05639	0.20934	0.01538	0.00851	0.00232	0.00363	0.01335	0.00777	0.00697
4	0.01552	0.13117	0.53003	0.02041	0.02980	0.01884	0.08138	0.02265	0.01526	0.02202	0.01265	0.01525	0.00940	0.00698	0.00744	0.00225	0.03998	0.00549	0.00313	0.01035
5	0.01002	0.00728	0.00944	0.00920	0.01077	0.00670	0.00678	0.01308	0.01949	0.02727	0.57788	0.14846	0.09420	0.01610	0.00867	0.00238	0.00355	0.01427	0.00777	0.00670
6	0.00997	0.00742	0.00928	0.00881	0.01067	0.00672	0.00661	0.01311	0.01983	0.02738	0.57965	0.05721	0.18540	0.01552	0.00858	0.00232	0.00348	0.01355	0.00777	0.00672
7	0.55261	0.03518	0.07391	0.01120	0.01656	0.01551	0.01014	0.02360	0.01414	0.13664	0.01342	0.01429	0.00975	0.00704	0.00520	0.00218	0.00621	0.00461	0.00504	0.04276
8	0.01107	0.00711	0.00942	0.01032	0.01148	0.00657	0.00735	0.01287	0.01554	0.07396	0.11704	0.52977	0.07673	0.02039	0.00906	0.00282	0.00442	0.06042	0.00707	0.00659
9	0.02040	0.65990	0.03591	0.01322	0.01913	0.11433	0.01264	0.02267	0.01550	0.01719	0.01025	0.01184	0.00933	0.00638	0.00490	0.00159	0.00844	0.00399	0.00319	0.00922
10	0.01171	0.00837	0.01171	0.01339	0.01506	0.00837	0.01171	0.01506	0.01673	0.02175	0.03849	0.08199	0.04183	0.02008	0.01004	0.00335	0.00669	0.65027	0.00669	0.00669
11	0.01505	0.03465	0.61439	0.01992	0.02978	0.01704	0.02480	0.02511	0.10519	0.02401	0.01526	0.01692	0.01095	0.00730	0.00697	0.00232	0.01007	0.00575	0.00365	0.01084
12	0.02053	0.18925	0.31323	0.01762	0.02555	0.04812	0.04716	0.11394	0.01883	0.11749	0.01512	0.01619	0.01095	0.00728	0.00657	0.00210	0.00925	0.00558	0.00452	0.01074
13	0.01723	0.37530	0.30149	0.01804	0.02618	0.02275	0.10333	0.02245	0.01530	0.02023	0.01185	0.01413	0.00950	0.00648	0.00605	0.00196	0.00952	0.00508	0.00317	0.00995
14	0.02015	0.01785	0.02202	0.37686	0.06534	0.08603	0.01742	0.25316	0.02219	0.02840	0.01440	0.01803	0.01069	0.00777	0.00720	0.00227	0.00937	0.00632	0.00473	0.00978
15	0.04479	0.03594	0.65227	0.02070	0.03106	0.01692	0.05316	0.02297	0.01531	0.02340	0.01300	0.01539	0.00923	0.00687	0.00688	0.00231	0.01061	0.00545	0.00315	0.01059
16	0.20370	0.07922	0.07904	0.01475	0.02043	0.01862	0.04212	0.23624	0.07397	0.10057	0.05070	0.01889	0.01488	0.00821	0.00651	0.00220	0.00727	0.00624	0.00597	0.01046
17	0.02439	0.01090	0.01439	0.01171	0.01598	0.00977	0.00941	0.02827	0.05507	0.44477	0.22953	0.03520	0.05583	0.01111	0.00773	0.00228	0.00526	0.00937	0.00854	0.01047
18	0.01056	0.00707	0.00806	0.00806	0.00811	0.00712	0.00457	0.01066	0.01061	0.01419	0.02278	0.04690	0.02613	0.72009	0.06105	0.00721	0.00749	0.01047	0.00439	0.00448
19	0.01681	0.36417	0.12054	0.04763	0.02216	0.02292	0.04613	0.02008	0.01407	0.01841	0.01350	0.01676	0.03497	0.01061	0.04489	0.00262	0.16588	0.00557	0.00332	0.00893
20	0.01699	0.11381	0.37156	0.01689	0.02407	0.01645	0.01906	0.02249	0.01605	0.11309	0.08033	0.05743	0.01805	0.00919	0.00846	0.00231	0.07223	0.00707	0.00453	0.00993
21	0.03217	0.01307	0.01730	0.01327	0.01891	0.01173	0.01096	0.09178	0.02198	0.64621	0.02769	0.02410	0.01750	0.00897	0.00731	0.00224	0.00635	0.00724	0.00884	0.01237
22	0.01029	0.00743	0.00972	0.00914	0.01086	0.00686	0.00686	0.01372	0.02058	0.02915	0.69536	0.05430	0.06859	0.01486	0.00857	0.00229	0.00343	0.01315	0.00800	0.00686
23	0.05239	0.47193	0.09043	0.01680	0.02333	0.07786	0.13448	0.02268	0.01560	0.01943	0.01127	0.01353	0.00957	0.00638	0.00570	0.00183	0.00915	0.00493	0.00332	0.00940
24	0.01756	0.01714	0.03019	0.09965	0.58013	0.01729	0.08648	0.02210	0.01644	0.02327	0.01371	0.01827	0.01132	0.00651	0.00734	0.00221	0.00908	0.00668	0.00358	0.01106
25	0.05405	0.01257	0.01667	0.01292	0.01844	0.01118	0.01064	0.03516	0.05067	0.65429	0.02818	0.02447	0.01789	0.00897	0.00723	0.00226	0.00615	0.00725	0.00879	0.01220
26	0.01457	0.00844	0.01065	0.04071	0.01255	0.00889	0.00747	0.07506	0.04260	0.02101	0.01710	0.02324	0.01466	0.01731	0.01772	0.41477	0.00573	0.00656	0.23532	0.00565
27	0.01742	0.04511	0.08551	0.04331	0.23214	0.03636	0.09031	0.05131	0.16643	0.02508	0.01996	0.02693	0.01692	0.00909	0.00803	0.00241	0.02749	0.08093	0.00488	0.01039
28	0.00998	0.00743	0.00862	0.04371	0.01188	0.00683	0.00658	0.01219	0.01647	0.02185	0.17019	0.11977	0.37270	0.01665	0.00898	0.03595	0.00406	0.01352	0.10633	0.00630
29	0.01108	0.00785	0.00966	0.01034	0.01120	0.00778	0.00703	0.07133	0.01510	0.02013	0.03394	0.48861	0.03954	0.18923	0.01557	0.00385	0.00531	0.04001	0.00625	0.00618
30	0.79588	0.01406	0.01068	0.00956	0.01406	0.01631	0.00787	0.02137	0.01237	0.03261	0.01012	0.01181	0.00787	0.00675	0.00450	0.00225	0.00562	0.00394	0.00450	0.00787
31	0.08215	0.02013	0.02291	0.05747	0.26928	0.15523	0.01666	0.12033	0.04563	0.02578	0.01396	0.01715	0.01138	0.00973	0.03768	0.00262	0.07142	0.00605	0.00436	0.01008
32	0.00922	0.00654	0.00837	0.00959	0.01007	0.00616	0.00629	0.01037	0.01371	0.01828	0.06778	0.56313	0.06664	0.15095	0.01417	0.00364	0.00467	0.01835	0.00639	0.00569
33	0.01943	0.74891	0.03809	0.01244	0.01866	0.02876	0.01244	0.02177	0.01477	0.01710	0.01011	0.01166	0.00933	0.00622	0.00466	0.00155	0.00777	0.00389	0.00311	0.00933
34	0.03222	0.01301	0.01726	0.01324	0.01887	0.01163	0.01093	0.08647	0.02187	0.65168	0.02778	0.02416	0.01754	0.00898	0.00731	0.00224	0.00633	0.00725	0.00886	0.01237
35	0.01014	0.00687	0.00805	0.00848	0.00858	0.00676	0.00499	0.01046	0.01141	0.01521	0.02719	0.22028	0.03183	0.56446	0.03008	0.00603	0.00634	0.01309	0.00499	0.00478
36	0.01003	0.00723	0.00949	0.00932	0.01080	0.00669	0.00684	0.01308	0.01939	0.02726	0.57853	0.17651	0.06493	0.01627	0.00870	0.00240	0.00357	0.01449	0.00778	0.00669
37	0.02215	0.02488	0.02146	0.01870	0.02096	0.33840	0.01486	0.08535	0.01764	0.02033	0.01107	0.01478	0.00973	0.00996	0.01439	0.00249	0.33485	0.00561	0.00383	0.00859
38	0.01619	0.00881	0.00919	0.00835	0.01075	0.00904	0.00647	0.10551	0.01799	0.05665	0.02308	0.02572	0.01777	0.00852	0.00546	0.00178	0.00411	0.00677	0.65010	0.00774
39	0.01054	0.00774	0.01144	0.01144	0.01276	0.00897	0.00889	0.01318	0.01186	0.01738	0.01968	0.02848	0.01820	0.05223	0.68043	0.01119	0.01867	0.00774	0.04269	0.00650
40	0.02503	0.01752	0.01887	0.01528	0.02031	0.03763	0.01230	0.33062	0.23305	0.15313	0.02314	0.02244	0.01670	0.02987	0.00814	0.00241	0.00710	0.00726	0.00743	0.01177
41	0.01104	0.00880	0.01192	0.01185	0.01321	0.03624	0.00915	0.01353	0.01200	0.01683	0.01925	0.02848	0.01806	0.07160	0.66983	0.01118	0.01889	0.00774	0.00390	0.00651
42	0.01517	0.03350	0.55551	0.02298	0.03295	0.01722	0.17411	0.02308	0.01576	0.02308	0.01342	0.01632	0.00962	0.00673	0.00729	0.00234	0.01109	0.00610	0.00321	0.01053
43	0.79588	0.01406	0.01068	0.00956	0.01406	0.01631	0.00787	0.02137	0.01237	0.03261	0.01012	0.01181	0.00787	0.00675	0.00450	0.00225	0.00562	0.00394	0.00450	0.00787

[dist]
# distance from previous block
# <min> <max>
0	30

[block]
# block no. 2 follows, 28 sequences, length 38
# corresponding to MSA columns:
# 138-175
name=unknown_C
#
# <colnr> <probs for GDERKNQSTAVLIFYWHMCP>
#	G	D	E	R	K	N	Q	S	T	A	V	L	I	F	Y	W	H	M	C	P
0	0.01771	0.01799	0.05931	0.04206	0.63938	0.01692	0.02191	0.02217	0.01643	0.02371	0.01361	0.01774	0.01138	0.00645	0.00710	0.00212	0.00859	0.00633	0.00361	0.04546
1	0.01119	0.00818	0.01098	0.01231	0.01410	0.00797	0.01058	0.01432	0.01688	0.02177	0.07316	0.07897	0.13981	0.01960	0.00976	0.00317	0.00610	0.52778	0.00676	0.00662
2	0.01716	0.01961	0.04289	0.03064	0.03799	0.01838	0.67279	0.02328	0.01716	0.02328	0.01471	0.01961	0.01103	0.00613	0.00858	0.00245	0.01225	0.00858	0.00368	0.00980
3	0.04134	0.55165	0.20218	0.01439	0.02168	0.02546	0.01586	0.02206	0.01484	0.01902	0.01083	0.01257	0.00926	0.00640	0.00521	0.00176	0.00844	0.00425	0.00314	0.00963
4	0.01443	0.01219	0.01504	0.01218	0.01592	0.01192	0.00978	0.01687	0.01461	0.05085	0.02646	0.05953	0.15312	0.01080	0.01084	0.00201	0.18337	0.00794	0.00485	0.36730
5	0.00884	0.00639	0.00837	0.00996	0.01050	0.00592	0.00668	0.01014	0.01407	0.01862	0.04199	0.70146	0.08517	0.02252	0.00924	0.00292	0.00419	0.02036	0.00675	0.00592
6	0.01677	0.05331	0.17484	0.05609	0.03438	0.04350	0.42924	0.02287	0.01661	0.02275	0.01440	0.01852	0.01083	0.00650	0.00778	0.00232	0.01126	0.00741	0.04090	0.00971
7	0.00927	0.00664	0.00880	0.00984	0.01063	0.00618	0.00678	0.01116	0.01583	0.02161	0.22870	0.54246	0.05398	0.02050	0.00908	0.00276	0.00399	0.01850	0.00711	0.00618
8	0.11065	0.01488	0.01640	0.01349	0.03408	0.01518	0.01064	0.27764	0.02356	0.13403	0.05501	0.02538	0.08945	0.00939	0.00683	0.00207	0.00628	0.00734	0.03912	0.10856
9	0.05204	0.08682	0.54456	0.02078	0.03048	0.01791	0.10289	0.02288	0.01538	0.02307	0.01289	0.01542	0.00937	0.00675	0.00683	0.00226	0.01047	0.00558	0.00321	0.01039
10	0.01975	0.46882	0.17062	0.01485	0.02170	0.02473	0.01557	0.09530	0.01716	0.04806	0.01222	0.01371	0.00998	0.00698	0.00619	0.00186	0.03398	0.00470	0.00380	0.01002
11	0.01473	0.03669	0.67655	0.02179	0.06135	0.01690	0.02665	0.02299	0.01540	0.02305	0.01307	0.01547	0.00931	0.00689	0.00692	0.00230	0.01065	0.00542	0.00309	0.01078
12	0.01056	0.00709	0.00813	0.00813	0.00820	0.00716	0.00466	0.01070	0.01063	0.01425	0.02272	0.04653	0.02598	0.70701	0.07391	0.00730	0.00772	0.01042	0.00438	0.00452
13	0.01805	0.01769	0.02843	0.07691	0.60852	0.04566	0.02158	0.02218	0.01637	0.02296	0.01335	0.01777	0.01125	0.00684	0.00792	0.00221	0.04129	0.00640	0.00357	0.01106
14	0.01730	0.01656	0.02825	0.15544	0.59378	0.01709	0.02196	0.02170	0.01622	0.02291	0.01355	0.01822	0.01122	0.00661	0.00721	0.00220	0.00881	0.00647	0.00354	0.01096
15	0.00968	0.00826	0.00843	0.00831	0.01088	0.00748	0.00625	0.01362	0.09234	0.02082	0.06738	0.09037	0.59541	0.01761	0.00848	0.00247	0.00394	0.01473	0.00682	0.00674
16	0.01227	0.00937	0.01131	0.01061	0.01293	0.00942	0.00821	0.04443	0.13017	0.02872	0.45817	0.05178	0.10206	0.01448	0.00845	0.00241	0.00429	0.06547	0.00767	0.00778
17	0.01797	0.01691	0.02794	0.11496	0.56239	0.01766	0.02133	0.05718	0.01705	0.02411	0.01361	0.01802	0.01128	0.00696	0.00796	0.00223	0.04119	0.00647	0.00374	0.01103
18	0.00886	0.00758	0.00801	0.03536	0.01142	0.00655	0.00614	0.01087	0.01664	0.01996	0.09529	0.06739	0.64536	0.01784	0.00854	0.00245	0.00391	0.01491	0.00666	0.00624
19	0.02715	0.03464	0.02060	0.01873	0.02247	0.71536	0.01404	0.02903	0.02060	0.01779	0.01124	0.01311	0.00936	0.00749	0.00655	0.00187	0.01311	0.00468	0.00375	0.00843
20	0.00998	0.00684	0.00828	0.00885	0.00906	0.00675	0.00543	0.01053	0.01177	0.01575	0.02861	0.28321	0.03344	0.46541	0.05949	0.00587	0.00667	0.01389	0.00518	0.00502
21	0.01284	0.00973	0.01246	0.01337	0.01549	0.01019	0.01127	0.01963	0.15410	0.02367	0.06151	0.09884	0.03909	0.01791	0.00941	0.00311	0.00627	0.46658	0.00689	0.00765
22	0.03156	0.01406	0.01792	0.01374	0.01940	0.01320	0.01135	0.17086	0.02364	0.56479	0.02630	0.02320	0.01680	0.00894	0.00730	0.00223	0.00657	0.00715	0.00863	0.01237
23	0.14272	0.01347	0.01549	0.01197	0.01754	0.01242	0.00974	0.07853	0.05049	0.26803	0.03858	0.01987	0.01519	0.00762	0.00627	0.00186	0.00588	0.00593	0.00649	0.27191
24	0.01263	0.00631	0.00947	0.00947	0.00947	0.00631	0.00631	0.00947	0.00947	0.01263	0.01263	0.02210	0.01263	0.02525	0.02841	0.78851	0.00631	0.00631	0.00316	0.00316
25	0.01051	0.00729	0.00915	0.00915	0.00957	0.00771	0.00592	0.01135	0.01093	0.01500	0.02179	0.04140	0.02375	0.52056	0.25731	0.00855	0.01108	0.00967	0.00424	0.00508
26	0.00883	0.00642	0.00834	0.00987	0.01048	0.00593	0.00664	0.01015	0.01416	0.01865	0.04311	0.67906	0.10685	0.02238	0.00922	0.00291	0.00417	0.02018	0.00675	0.00593
27	0.00940	0.00670	0.00891	0.01031	0.01098	0.00633	0.00723	0.01105	0.01471	0.01970	0.09977	0.56677	0.04823	0.05572	0.01061	0.00313	0.00457	0.09313	0.00675	0.00601
28	0.01876	0.01872	0.02876	0.04245	0.64264	0.07561	0.02162	0.02287	0.01689	0.02325	0.01347	0.01758	0.01133	0.00656	0.00714	0.00213	0.00901	0.00633	0.00361	0.01126
29	0.02879	0.01203	0.01553	0.01225	0.01721	0.01098	0.01001	0.06332	0.05007	0.53842	0.02741	0.02486	0.01801	0.00894	0.00697	0.00217	0.00582	0.00723	0.12851	0.01147
30	0.01003	0.00742	0.00935	0.00887	0.01070	0.00675	0.00665	0.01321	0.01996	0.02768	0.59947	0.05671	0.16539	0.01541	0.00858	0.00231	0.00347	0.01348	0.00781	0.00675
31	0.54899	0.01355	0.01241	0.01051	0.01520	0.01474	0.00864	0.04723	0.01531	0.19658	0.01549	0.01583	0.01097	0.00744	0.00531	0.00222	0.00574	0.00497	0.03980	0.00908
32	0.01742	0.01646	0.02450	0.27026	0.26072	0.05216	0.05421	0.07755	0.07487	0.02432	0.04524	0.02065	0.01427	0.00763	0.00735	0.00228	0.00889	0.00694	0.00431	0.00995
33	0.01564	0.01345	0.02174	0.56983	0.09681	0.01599	0.01919	0.05522	0.01616	0.05341	0.01507	0.02210	0.01175	0.00792	0.00738	0.00242	0.00922	0.03407	0.00390	0.00873
34	0.01147	0.00820	0.01144	0.01311	0.01468	0.00816	0.01130	0.01465	0.01650	0.02149	0.03862	0.13717	0.04236	0.02031	0.00998	0.00331	0.00649	0.59745	0.00670	0.00663
35	0.01492	0.01414	0.02396	0.53617	0.23164	0.01646	0.02078	0.01962	0.01510	0.02002	0.01313	0.01899	0.01020	0.00705	0.00725	0.00235	0.00940	0.00646	0.00333	0.00904
36	0.01869	0.59529	0.11629	0.01592	0.05797	0.02631	0.04217	0.02201	0.01503	0.01842	0.01084	0.01277	0.00950	0.00631	0.00523	0.00171	0.00836	0.00440	0.00315	0.00963
37	0.07236	0.04363	0.02373	0.01859	0.02201	0.12720	0.15770	0.07645	0.01630	0.02203	0.01551	0.02125	0.03224	0.07339	0.07378	0.00363	0.18067	0.00708	0.00409	0.00839

[dist]
# distance from previous block
# <min> <max>
0	1

[block]
# block no. 3 follows, 28 sequences, length 37
# corresponding to MSA columns:
# 177-213
name=unknown_D
#
# <colnr> <probs for GDERKNQSTAVLIFYWHMCP>
#	G	D	E	R	K	N	Q	S	T	A	V	L	I	F	Y	W	H	M	C	P
0	0.02541	0.01802	0.01988	0.03721	0.02183	0.01972	0.01298	0.48282	0.10470	0.10213	0.02221	0.04294	0.03702	0.00957	0.00739	0.00226	0.00738	0.00751	0.00729	0.01174
1	0.79588	0.01406	0.01068	0.00956	0.01406	0.01631	0.00787	0.02137	0.01237	0.03261	0.01012	0.01181	0.00787	0.00675	0.00450	0.00225	0.00562	0.00394	0.00450	0.00787
2	0.79588	0.01406	0.01068	0.00956	0.01406	0.01631	0.00787	0.02137	0.01237	0.03261	0.01012	0.01181	0.00787	0.00675	0.00450	0.00225	0.00562	0.00394	0.00450	0.00787
3	0.02763	0.02036	0.02182	0.01672	0.02254	0.02254	0.01382	0.67496	0.03418	0.04581	0.01745	0.01745	0.01236	0.00873	0.00727	0.00218	0.00800	0.00654	0.00727	0.01236
4	0.00875	0.00737	0.00759	0.00753	0.00992	0.00621	0.00565	0.01075	0.01695	0.02054	0.13298	0.06846	0.63633	0.01807	0.00859	0.00244	0.00366	0.01513	0.00687	0.00621
5	0.00995	0.00742	0.00924	0.00879	0.01065	0.00671	0.00659	0.01306	0.01977	0.02723	0.57016	0.05745	0.19499	0.01558	0.00858	0.00232	0.00348	0.01359	0.00775	0.00671
6	0.01030	0.00693	0.00801	0.00827	0.00834	0.00687	0.00477	0.01050	0.01109	0.01479	0.02558	0.15555	0.02980	0.63195	0.03267	0.00641	0.00661	0.01215	0.00477	0.00464
7	0.00991	0.00709	0.00960	0.01104	0.01200	0.00678	0.00832	0.01206	0.01551	0.02069	0.10951	0.45981	0.04830	0.02108	0.00944	0.00301	0.00491	0.21782	0.00686	0.00625
8	0.02171	0.01533	0.01693	0.01457	0.01911	0.01694	0.01152	0.08645	0.50358	0.16612	0.02848	0.02591	0.02060	0.00960	0.00737	0.00240	0.00601	0.00791	0.00771	0.01174
9	0.02407	0.01859	0.01981	0.01600	0.02118	0.02088	0.01295	0.43760	0.27733	0.04007	0.02198	0.02106	0.01603	0.00915	0.00732	0.00229	0.00716	0.00717	0.00732	0.01204
10	0.00870	0.00725	0.00749	0.00765	0.00980	0.00615	0.00559	0.01041	0.01605	0.01929	0.06820	0.13291	0.60495	0.05072	0.00990	0.00270	0.00388	0.01564	0.00665	0.00604
11	0.01366	0.00828	0.00974	0.00922	0.01196	0.00716	0.00708	0.01578	0.01730	0.15682	0.09392	0.14958	0.40877	0.01699	0.00849	0.00251	0.00438	0.04369	0.00727	0.00742
12	0.64249	0.01532	0.01291	0.01099	0.01575	0.01755	0.00906	0.15186	0.01672	0.03525	0.01159	0.01294	0.00877	0.00714	0.00505	0.00224	0.00610	0.00446	0.00505	0.00877
13	0.20991	0.01350	0.01588	0.01250	0.01788	0.01308	0.01032	0.09101	0.02007	0.48722	0.02332	0.02106	0.01512	0.00845	0.00665	0.00224	0.00622	0.00645	0.00779	0.01132
14	0.01458	0.03760	0.70688	0.02072	0.03146	0.01688	0.02686	0.02302	0.01535	0.02302	0.01304	0.01535	0.00921	0.00691	0.00691	0.00230	0.01074	0.00537	0.00307	0.01074
15	0.01373	0.01292	0.02180	0.72707	0.05006	0.01615	0.02019	0.01857	0.01453	0.01857	0.01292	0.01938	0.00969	0.00727	0.00727	0.00242	0.00969	0.00646	0.00323	0.00807
16	0.69594	0.01342	0.01086	0.00967	0.01398	0.01526	0.00791	0.02131	0.01343	0.06098	0.06967	0.01600	0.01351	0.00754	0.00497	0.00225	0.00546	0.00487	0.00499	0.00798
17	0.00878	0.00662	0.00813	0.00933	0.01034	0.00597	0.00640	0.01021	0.01468	0.01887	0.04969	0.54779	0.23387	0.02152	0.00908	0.00281	0.00406	0.01914	0.00675	0.00597
18	0.01038	0.00779	0.01168	0.01168	0.01298	0.00909	0.00909	0.01298	0.01168	0.01687	0.01947	0.02856	0.01817	0.05452	0.71573	0.01168	0.01947	0.00779	0.00389	0.00649
19	0.01594	0.01532	0.02448	0.01766	0.02429	0.01308	0.23160	0.02113	0.05391	0.02393	0.01447	0.01728	0.01150	0.00589	0.00657	0.00162	0.00771	0.00596	0.00427	0.48339
20	0.79588	0.01406	0.01068	0.00956	0.01406	0.01631	0.00787	0.02137	0.01237	0.03261	0.01012	0.01181	0.00787	0.00675	0.00450	0.00225	0.00562	0.00394	0.00450	0.00787
21	0.07122	0.01290	0.01683	0.01297	0.01855	0.01163	0.01071	0.07002	0.02111	0.63366	0.02711	0.02368	0.01717	0.00887	0.00716	0.00225	0.00626	0.00710	0.00867	0.01214
22	0.02871	0.15915	0.02070	0.01262	0.01814	0.01408	0.01082	0.03146	0.01959	0.52866	0.06287	0.02381	0.01914	0.00878	0.00685	0.00211	0.00635	0.00696	0.00776	0.01145
23	0.03138	0.01210	0.01647	0.01272	0.01813	0.01047	0.01047	0.03423	0.02079	0.66695	0.06549	0.02637	0.02079	0.00932	0.00738	0.00225	0.00603	0.00763	0.00894	0.01207
24	0.01039	0.00775	0.01151	0.01151	0.01275	0.00899	0.00887	0.01287	0.01163	0.01675	0.01963	0.02944	0.01855	0.08644	0.68433	0.01147	0.01890	0.00792	0.00392	0.00639
25	0.54579	0.01396	0.01287	0.01089	0.01570	0.01526	0.00895	0.05065	0.04609	0.19581	0.01579	0.01586	0.01115	0.00751	0.00542	0.00226	0.00586	0.00505	0.00583	0.00930
26	0.02695	0.01831	0.02016	0.01580	0.02132	0.01990	0.01294	0.47037	0.13432	0.15118	0.02119	0.02016	0.01483	0.00895	0.00730	0.00224	0.00735	0.00693	0.00757	0.01223
27	0.01738	0.00937	0.01033	0.00928	0.01205	0.00950	0.00722	0.05117	0.10335	0.12836	0.06301	0.02787	0.02155	0.00910	0.00600	0.00193	0.00431	0.00739	0.49235	0.00846
28	0.02043	0.01270	0.01503	0.01311	0.01654	0.01299	0.01013	0.26110	0.02276	0.16209	0.02948	0.33329	0.02900	0.01489	0.00815	0.00253	0.00600	0.01284	0.00738	0.00955
29	0.08084	0.01248	0.01648	0.01272	0.01827	0.01104	0.01051	0.03454	0.02027	0.66179	0.02750	0.02392	0.01735	0.00885	0.00713	0.00225	0.00615	0.00710	0.00871	0.01209
30	0.49456	0.01367	0.01330	0.01102	0.01597	0.01451	0.00909	0.04946	0.01617	0.27439	0.01705	0.01665	0.01167	0.00763	0.00561	0.00225	0.00591	0.00524	0.00621	0.00965
31	0.00932	0.00725	0.00848	0.00848	0.01035	0.00640	0.00624	0.01173	0.01784	0.02338	0.32340	0.15689	0.34905	0.01757	0.00868	0.00246	0.00365	0.01518	0.00726	0.00640
32	0.01715	0.01880	0.03365	0.02616	0.05099	0.05085	0.37354	0.02131	0.01500	0.02086	0.01256	0.01786	0.01041	0.00870	0.01424	0.00269	0.28515	0.00750	0.00349	0.00909
33	0.01716	0.01961	0.04289	0.03064	0.03799	0.01838	0.67279	0.02328	0.01716	0.02328	0.01471	0.01961	0.01103	0.00613	0.00858	0.00245	0.01225	0.00858	0.00368	0.00980
34	0.00886	0.00633	0.00843	0.01012	0.01054	0.00590	0.00675	0.01012	0.01392	0.01856	0.04006	0.73979	0.04808	0.02277	0.00928	0.00295	0.00422	0.02066	0.00675	0.00590
35	0.01423	0.00830	0.01098	0.00981	0.01222	0.00753	0.00753	0.01755	0.02062	0.14847	0.57753	0.04907	0.05965	0.01382	0.00835	0.00228	0.00392	0.01211	0.00818	0.00783
36	0.01373	0.01292	0.02180	0.72707	0.05006	0.01615	0.02019	0.01857	0.01453	0.01857	0.01292	0.01938	0.00969	0.00727	0.00727	0.00242	0.00969	0.00646	0.00323	0.00807

[dist]
# distance from previous block
# <min> <max>
0	2

[block]
# block no. 4 follows, 28 sequences, length 31
# corresponding to MSA columns:
# 255-285
name=unknown_E
#
# <colnr> <probs for GDERKNQSTAVLIFYWHMCP>
#	G	D	E	R	K	N	Q	S	T	A	V	L	I	F	Y	W	H	M	C	P
0	0.01982	0.01233	0.01489	0.01326	0.01663	0.01305	0.01029	0.04801	0.25503	0.21640	0.05065	0.20128	0.02775	0.01307	0.00882	0.00255	0.04764	0.01101	0.00746	0.01005
1	0.02790	0.01904	0.02089	0.01611	0.02183	0.02070	0.01328	0.55794	0.06141	0.13637	0.01955	0.01889	0.01358	0.00881	0.00728	0.00220	0.00765	0.00673	0.00752	0.01232
2	0.03261	0.01237	0.01687	0.01293	0.01856	0.01068	0.01068	0.03543	0.02081	0.70423	0.02868	0.02474	0.01799	0.00900	0.00731	0.00225	0.00619	0.00731	0.00900	0.01237
3	0.01000	0.00732	0.00964	0.01109	0.01231	0.00696	0.00863	0.01221	0.01546	0.02003	0.04413	0.37305	0.13652	0.02104	0.00950	0.00305	0.00517	0.28090	0.00673	0.00626
4	0.01755	0.15416	0.48156	0.01867	0.02784	0.01981	0.02228	0.13039	0.01836	0.02579	0.01328	0.01508	0.00975	0.00709	0.00659	0.00216	0.00979	0.00532	0.00377	0.01077
5	0.00922	0.00716	0.00845	0.00907	0.01073	0.00639	0.00672	0.01124	0.01628	0.02073	0.13824	0.27387	0.34928	0.01947	0.00895	0.00268	0.00413	0.08424	0.00690	0.00622
6	0.79588	0.01406	0.01068	0.00956	0.01406	0.01631	0.00787	0.02137	0.01237	0.03261	0.01012	0.01181	0.00787	0.00675	0.00450	0.00225	0.00562	0.00394	0.00450	0.00787
7	0.01767	0.01695	0.02893	0.09538	0.65091	0.01719	0.02215	0.02203	0.01640	0.02336	0.01362	0.01809	0.01138	0.00654	0.00720	0.00218	0.00871	0.00648	0.00357	0.01126
8	0.01284	0.01136	0.01623	0.01482	0.01550	0.01485	0.01193	0.01489	0.01140	0.01704	0.01520	0.02366	0.01466	0.06192	0.38364	0.00774	0.33440	0.00726	0.00360	0.00706
9	0.01755	0.01850	0.03654	0.03727	0.35168	0.01786	0.36419	0.02282	0.01687	0.02350	0.01422	0.01884	0.01126	0.00629	0.00792	0.00231	0.01054	0.00758	0.00364	0.01062
10	0.00867	0.00737	0.00748	0.00745	0.00987	0.00617	0.00559	0.01059	0.01676	0.02010	0.10377	0.06920	0.66583	0.01824	0.00859	0.00245	0.00367	0.01523	0.00681	0.00617
11	0.01373	0.01292	0.02180	0.72707	0.05006	0.01615	0.02019	0.01857	0.01453	0.01857	0.01292	0.01938	0.00969	0.00727	0.00727	0.00242	0.00969	0.00646	0.00323	0.00807
12	0.01029	0.00743	0.00972	0.00914	0.01086	0.00686	0.00686	0.01372	0.02058	0.02915	0.69536	0.05430	0.06859	0.01486	0.00857	0.00229	0.00343	0.01315	0.00800	0.00686
13	0.02715	0.03464	0.02060	0.01873	0.02247	0.71536	0.01404	0.02903	0.02060	0.01779	0.01124	0.01311	0.00936	0.00749	0.00655	0.00187	0.01311	0.00468	0.00375	0.00843
14	0.20512	0.01244	0.01480	0.01239	0.01711	0.01210	0.01034	0.05603	0.01876	0.40858	0.02554	0.03089	0.01935	0.01030	0.00711	0.00243	0.00622	0.11260	0.00751	0.01040
15	0.00868	0.00737	0.00748	0.00745	0.00987	0.00617	0.00559	0.01060	0.01677	0.02011	0.10461	0.06918	0.66498	0.01823	0.00859	0.00245	0.00367	0.01523	0.00681	0.00617
16	0.02960	0.01435	0.01784	0.01396	0.01932	0.01390	0.01150	0.22066	0.02433	0.46406	0.02614	0.04959	0.01823	0.00979	0.00746	0.00229	0.00666	0.03004	0.00833	0.01194
17	0.01373	0.01292	0.02180	0.72707	0.05006	0.01615	0.02019	0.01857	0.01453	0.01857	0.01292	0.01938	0.00969	0.00727	0.00727	0.00242	0.00969	0.00646	0.00323	0.00807
18	0.79588	0.01406	0.01068	0.00956	0.01406	0.01631	0.00787	0.02137	0.01237	0.03261	0.01012	0.01181	0.00787	0.00675	0.00450	0.00225	0.00562	0.00394	0.00450	0.00787
19	0.00886	0.00633	0.00843	0.01012	0.01054	0.00590	0.00675	0.01012	0.01392	0.01856	0.04006	0.73979	0.04808	0.02277	0.00928	0.00295	0.00422	0.02066	0.00675	0.00590
20	0.01590	0.01590	0.02226	0.01908	0.01908	0.02226	0.01590	0.01749	0.01113	0.01749	0.00954	0.01590	0.00954	0.01272	0.02385	0.00318	0.73123	0.00636	0.00318	0.00795
21	0.00881	0.00651	0.00824	0.00963	0.01041	0.00595	0.00653	0.01018	0.01439	0.01875	0.04606	0.62013	0.16387	0.02199	0.00916	0.00286	0.00412	0.01971	0.00675	0.00595
22	0.07170	0.19296	0.29539	0.02067	0.02872	0.04968	0.19790	0.02295	0.01572	0.02219	0.01255	0.01533	0.00965	0.00655	0.00667	0.00215	0.01022	0.00578	0.00337	0.00986
23	0.01987	0.70859	0.03710	0.01279	0.01887	0.06752	0.01253	0.02218	0.01510	0.01714	0.01017	0.01174	0.00933	0.00629	0.00477	0.00157	0.00807	0.00393	0.00315	0.00928
24	0.05890	0.03502	0.62584	0.02156	0.07161	0.01687	0.02551	0.02288	0.01525	0.02361	0.01292	0.01531	0.00927	0.00687	0.00679	0.00229	0.01032	0.00536	0.00318	0.01063
25	0.01047	0.00746	0.01004	0.01004	0.01076	0.00819	0.00703	0.01192	0.01119	0.01565	0.02098	0.03690	0.02179	0.35727	0.41793	0.00965	0.01402	0.00901	0.00412	0.00558
26	0.01455	0.01240	0.01441	0.01074	0.01659	0.00963	0.00848	0.01824	0.03986	0.02346	0.01758	0.06231	0.04030	0.00713	0.00582	0.00130	0.00526	0.00589	0.00467	0.68138
27	0.01404	0.01044	0.04648	0.01500	0.09111	0.00891	0.01062	0.01700	0.01723	0.11422	0.19100	0.25894	0.06402	0.01595	0.00857	0.00261	0.00540	0.09368	0.00681	0.00797
28	0.02649	0.01831	0.02009	0.01564	0.02090	0.01995	0.01275	0.53898	0.05086	0.10556	0.01889	0.01982	0.01376	0.03795	0.00937	0.03746	0.00764	0.00681	0.00715	0.01162
29	0.01029	0.00743	0.00972	0.00914	0.01086	0.00686	0.00686	0.01372	0.02058	0.02915	0.69536	0.05430	0.06859	0.01486	0.00857	0.00229	0.00343	0.01315	0.00800	0.00686
30	0.74775	0.01551	0.05357	0.01025	0.01513	0.01634	0.00904	0.02147	0.01255	0.03202	0.01030	0.01203	0.00795	0.00676	0.00465	0.00225	0.00594	0.00402	0.00441	0.00805

[dist]
# distance from previous block
# <min> <max>
0	1

[block]
# block no. 5 follows, 28 sequences, length 61
# corresponding to MSA columns:
# 287-347
name=unknown_F
#
# <colnr> <probs for GDERKNQSTAVLIFYWHMCP>
#	G	D	E	R	K	N	Q	S	T	A	V	L	I	F	Y	W	H	M	C	P
0	0.01512	0.01410	0.02351	0.17777	0.38347	0.01460	0.03807	0.01908	0.01595	0.02176	0.02243	0.08573	0.07341	0.00990	0.00774	0.00239	0.00806	0.05315	0.00426	0.00951
1	0.01620	0.27539	0.48330	0.01795	0.02718	0.02085	0.02204	0.02260	0.01515	0.02104	0.01206	0.01411	0.00925	0.00668	0.00616	0.00205	0.00975	0.00488	0.00308	0.01027
2	0.01372	0.01290	0.02156	0.66141	0.08106	0.01577	0.01966	0.01841	0.01472	0.01888	0.01559	0.02151	0.03958	0.00771	0.00732	0.00241	0.00938	0.00685	0.00340	0.00816
3	0.03261	0.01237	0.01687	0.01293	0.01856	0.01068	0.01068	0.03543	0.02081	0.70423	0.02868	0.02474	0.01799	0.00900	0.00731	0.00225	0.00619	0.00731	0.00900	0.01237
4	0.01534	0.02950	0.44407	0.02580	0.14711	0.01663	0.12831	0.02242	0.01614	0.02353	0.05171	0.01867	0.01323	0.00715	0.00732	0.00230	0.01021	0.00651	0.00354	0.01051
5	0.01843	0.01691	0.02870	0.06891	0.64706	0.01696	0.02175	0.02270	0.01665	0.05135	0.01426	0.01832	0.01171	0.00661	0.00720	0.00217	0.00858	0.00651	0.00380	0.01142
6	0.00929	0.00664	0.00893	0.01062	0.01123	0.00628	0.00750	0.01087	0.01434	0.01904	0.03983	0.64010	0.04713	0.02237	0.00939	0.00301	0.00459	0.11609	0.00674	0.00602
7	0.01195	0.00924	0.01112	0.01033	0.01261	0.00932	0.00784	0.01912	0.16812	0.02907	0.52429	0.04885	0.08182	0.01388	0.00831	0.00233	0.00395	0.01213	0.00782	0.00786
8	0.01892	0.01858	0.05761	0.06110	0.57847	0.04402	0.02142	0.04131	0.01726	0.05106	0.01423	0.01798	0.01156	0.00672	0.00717	0.00217	0.00882	0.00639	0.00389	0.01132
9	0.01719	0.35377	0.35230	0.04761	0.02621	0.04908	0.01964	0.02250	0.01526	0.01999	0.01166	0.01379	0.00929	0.00664	0.00591	0.00196	0.00946	0.00473	0.00312	0.00991
10	0.03149	0.01212	0.01651	0.01274	0.01817	0.01049	0.01049	0.03433	0.02079	0.67018	0.06230	0.02623	0.02055	0.00929	0.00737	0.00225	0.00605	0.00760	0.00895	0.01209
11	0.03081	0.01352	0.01669	0.01317	0.01841	0.05632	0.01078	0.03360	0.02068	0.61445	0.05460	0.02668	0.02009	0.00943	0.00738	0.00226	0.00654	0.02431	0.00855	0.01174
12	0.01516	0.01306	0.01552	0.01183	0.03857	0.00993	0.00904	0.01843	0.01512	0.02369	0.01294	0.01516	0.01079	0.00542	0.00544	0.00111	0.00549	0.00437	0.00428	0.76464
13	0.00897	0.00640	0.00856	0.01025	0.01072	0.00600	0.00694	0.01031	0.01403	0.01868	0.04000	0.71444	0.04784	0.02267	0.00931	0.00297	0.00431	0.04494	0.00675	0.00593
14	0.17680	0.02634	0.17079	0.01980	0.05029	0.22632	0.09641	0.02381	0.01607	0.02278	0.01171	0.01465	0.00934	0.00765	0.00859	0.00228	0.09821	0.00543	0.00367	0.00905
15	0.01442	0.01427	0.02606	0.58636	0.04763	0.01660	0.15204	0.01952	0.01506	0.01952	0.01328	0.01943	0.00996	0.00704	0.00753	0.00243	0.01021	0.00689	0.00332	0.00842
16	0.01263	0.00631	0.00947	0.00947	0.00947	0.00631	0.00631	0.00947	0.00947	0.01263	0.01263	0.02210	0.01263	0.02525	0.02841	0.78851	0.00631	0.00631	0.00316	0.00316
17	0.00886	0.00633	0.00843	0.01012	0.01054	0.00590	0.00675	0.01012	0.01392	0.01856	0.04006	0.73979	0.04808	0.02277	0.00928	0.00295	0.00422	0.02066	0.00675	0.00590
18	0.02067	0.63462	0.03529	0.01344	0.01927	0.13863	0.01269	0.02293	0.01570	0.01721	0.01029	0.01189	0.00933	0.00642	0.00497	0.00161	0.00863	0.00401	0.00321	0.00918
19	0.01458	0.00993	0.01239	0.01026	0.01394	0.00852	0.00798	0.01842	0.04001	0.10606	0.38952	0.03809	0.04368	0.01114	0.00742	0.00192	0.00442	0.00963	0.00698	0.24511
20	0.01769	0.12465	0.08820	0.07234	0.51097	0.01884	0.02116	0.02210	0.01609	0.02246	0.01307	0.01692	0.01091	0.00652	0.00681	0.00210	0.00874	0.00601	0.00346	0.01096
21	0.02191	0.07593	0.02444	0.05717	0.24993	0.29473	0.01666	0.05114	0.09671	0.02230	0.01442	0.01671	0.01170	0.00737	0.00679	0.00205	0.01003	0.00579	0.00419	0.01002
22	0.01929	0.71810	0.03743	0.01272	0.01867	0.02849	0.01258	0.02159	0.01462	0.01712	0.01008	0.01184	0.00934	0.00649	0.00547	0.00162	0.03818	0.00399	0.00311	0.00927
23	0.00896	0.00646	0.00850	0.00992	0.01054	0.00599	0.00670	0.01044	0.01459	0.01949	0.09631	0.65344	0.07789	0.02192	0.00919	0.00287	0.00413	0.01981	0.00685	0.00599
24	0.02751	0.01179	0.01596	0.01285	0.01756	0.01096	0.01048	0.05051	0.04044	0.52392	0.02650	0.02537	0.01799	0.01821	0.15045	0.00416	0.00891	0.00741	0.00786	0.01115
25	0.02763	0.02036	0.02182	0.01672	0.02254	0.02254	0.01382	0.67496	0.03418	0.04581	0.01745	0.01745	0.01236	0.00873	0.00727	0.00218	0.00800	0.00654	0.00727	0.01236
26	0.01846	0.01581	0.01665	0.01487	0.01905	0.01826	0.01160	0.06421	0.65985	0.03103	0.02910	0.02673	0.02179	0.00982	0.00739	0.00245	0.00584	0.00815	0.00739	0.01154
27	0.01029	0.00743	0.00972	0.00914	0.01086	0.00686	0.00686	0.01372	0.02058	0.02915	0.69536	0.05430	0.06859	0.01486	0.00857	0.00229	0.00343	0.01315	0.00800	0.00686
28	0.00860	0.00731	0.00742	0.00750	0.00985	0.00612	0.00558	0.01042	0.01643	0.01958	0.07194	0.10382	0.66348	0.01863	0.00863	0.00248	0.00371	0.01561	0.00675	0.00612
29	0.01038	0.00779	0.01168	0.01168	0.01298	0.00909	0.00909	0.01298	0.01168	0.01687	0.01947	0.02856	0.01817	0.05452	0.71573	0.01168	0.01947	0.00779	0.00389	0.00649
30	0.00894	0.00636	0.00841	0.01001	0.01041	0.00596	0.00663	0.01014	0.01375	0.01833	0.03920	0.70480	0.04698	0.05926	0.01068	0.00316	0.00436	0.02015	0.00663	0.00583
31	0.00876	0.00737	0.00760	0.00754	0.00992	0.00621	0.00566	0.01077	0.01698	0.02060	0.13681	0.06836	0.63247	0.01805	0.00859	0.00244	0.00366	0.01512	0.00688	0.00621
32	0.05252	0.02016	0.02145	0.01649	0.02227	0.02234	0.01362	0.65378	0.03347	0.04538	0.01721	0.01727	0.01222	0.00866	0.00718	0.00218	0.00792	0.00646	0.00718	0.01222
33	0.01943	0.74891	0.03809	0.01244	0.01866	0.02876	0.01244	0.02177	0.01477	0.01710	0.01011	0.01166	0.00933	0.00622	0.00466	0.00155	0.00777	0.00389	0.00311	0.00933
34	0.56570	0.23191	0.01881	0.01041	0.01542	0.02000	0.00923	0.02149	0.01308	0.02802	0.01012	0.01176	0.00830	0.00659	0.00455	0.00204	0.00626	0.00392	0.00409	0.00830
35	0.02783	0.02004	0.02162	0.01657	0.02238	0.02207	0.01369	0.64948	0.03364	0.07204	0.01790	0.01774	0.01259	0.00874	0.00727	0.00218	0.00793	0.00657	0.00734	0.01236
