[name]
unknown

[dist]
# distance from previous block
# <min> <max>
7	38

[block]
# block no. 0 follows, 27 sequences, length 101
# corresponding to MSA columns:
# 40-140
name=unknown_A
#
# <colnr> <probs for GDERKNQSTAVLIFYWHMCP>
#	G	D	E	R	K	N	Q	S	T	A	V	L	I	F	Y	W	H	M	C	P
0	0.06525	0.01055	0.01343	0.01124	0.01493	0.00980	0.00893	0.05087	0.02121	0.29836	0.35742	0.03928	0.04337	0.01204	0.00794	0.00231	0.00495	0.01021	0.00834	0.00956
1	0.02781	0.01478	0.01763	0.01413	0.01935	0.01494	0.01147	0.16253	0.18009	0.37642	0.02697	0.02447	0.01828	0.00932	0.00737	0.00231	0.00644	0.00750	0.04607	0.01214
2	0.58814	0.01498	0.01327	0.01120	0.01613	0.01673	0.00923	0.10968	0.01675	0.12442	0.01388	0.01460	0.01004	0.00747	0.00536	0.00229	0.00614	0.00484	0.00559	0.00927
3	0.01423	0.01361	0.02357	0.67959	0.05039	0.01663	0.05958	0.01926	0.01501	0.01926	0.01330	0.01981	0.00998	0.00735	0.00750	0.00248	0.01005	0.00673	0.00333	0.00835
4	0.00916	0.00758	0.00810	0.00840	0.01069	0.00652	0.00645	0.01118	0.01678	0.02024	0.06899	0.11247	0.57638	0.01927	0.00899	0.00264	0.00415	0.08880	0.00689	0.00632
5	0.01684	0.01529	0.02596	0.36888	0.28330	0.01708	0.05145	0.02138	0.01586	0.05421	0.01417	0.01936	0.01105	0.00745	0.00834	0.00241	0.04666	0.00674	0.00374	0.00983
6	0.02438	0.02518	0.02036	0.06434	0.02357	0.32378	0.01403	0.20486	0.10062	0.02831	0.05636	0.01936	0.01561	0.00893	0.00787	0.00219	0.03842	0.00644	0.00546	0.00994
7	0.02991	0.01275	0.01728	0.01372	0.01857	0.01202	0.01123	0.03312	0.03988	0.57564	0.02806	0.06269	0.01933	0.01034	0.00920	0.00243	0.07543	0.00814	0.00844	0.01182
8	0.02915	0.01473	0.01797	0.01427	0.01970	0.01461	0.01163	0.14171	0.17039	0.44111	0.02759	0.02458	0.01838	0.00934	0.00748	0.00233	0.00653	0.00754	0.00853	0.01244
9	0.02326	0.01663	0.01844	0.01519	0.01992	0.01796	0.01222	0.37157	0.14260	0.09014	0.02472	0.11785	0.02089	0.01141	0.00778	0.00240	0.00696	0.03566	0.00739	0.03701
10	0.02034	0.01568	0.01594	0.01406	0.01809	0.07779	0.01095	0.03339	0.39275	0.14174	0.11765	0.03156	0.05584	0.01076	0.00767	0.00240	0.00622	0.00889	0.00754	0.01075
11	0.00944	0.00674	0.00868	0.01002	0.01059	0.00634	0.00674	0.01075	0.01425	0.01891	0.06188	0.56168	0.07759	0.11637	0.01316	0.00353	0.00474	0.04608	0.00662	0.00591
12	0.01744	0.01236	0.01632	0.01383	0.01690	0.03551	0.06324	0.11152	0.01863	0.10042	0.10892	0.02922	0.02358	0.04752	0.21329	0.00523	0.04160	0.00830	0.10761	0.00857
13	0.04723	0.04870	0.04924	0.01693	0.02267	0.04656	0.04761	0.41221	0.06546	0.09651	0.01858	0.01915	0.01347	0.01127	0.04761	0.00279	0.00901	0.00673	0.00664	0.01163
14	0.01930	0.66590	0.11178	0.01363	0.02049	0.02804	0.01432	0.02237	0.01515	0.01813	0.01065	0.01232	0.00951	0.00643	0.00502	0.00167	0.00827	0.00414	0.00317	0.00969
15	0.02586	0.02962	0.01983	0.01751	0.02146	0.50512	0.01329	0.14634	0.02285	0.02340	0.01690	0.01935	0.04975	0.04655	0.00856	0.00228	0.01155	0.00607	0.00470	0.00901
16	0.01943	0.04203	0.03974	0.02845	0.03544	0.08687	0.53216	0.07528	0.01917	0.02487	0.01476	0.01897	0.01116	0.00661	0.00834	0.00240	0.01213	0.00807	0.00404	0.01007
17	0.02390	0.01755	0.01922	0.01530	0.02070	0.01875	0.01237	0.36223	0.18733	0.08648	0.02184	0.04441	0.01649	0.00925	0.00728	0.00218	0.00700	0.00734	0.00717	0.11324
18	0.01033	0.00785	0.00966	0.01070	0.01185	0.00774	0.00744	0.01436	0.10291	0.02106	0.06687	0.56074	0.09865	0.02084	0.00914	0.00288	0.00444	0.01868	0.00703	0.00684
19	0.00935	0.00762	0.00887	0.04682	0.01254	0.00687	0.00689	0.01151	0.01683	0.02113	0.15077	0.20152	0.43580	0.01859	0.00884	0.00258	0.00417	0.01597	0.00688	0.00643
20	0.09601	0.01452	0.01757	0.06943	0.02151	0.01489	0.01194	0.15479	0.10235	0.34525	0.02477	0.05651	0.01766	0.00957	0.00730	0.00236	0.00675	0.00770	0.00766	0.01145
21	0.01757	0.41897	0.34351	0.01660	0.02507	0.02379	0.01948	0.02282	0.01536	0.02025	0.01170	0.01364	0.00947	0.00667	0.00582	0.00194	0.00933	0.00467	0.00316	0.01019
22	0.00929	0.00791	0.00805	0.00804	0.01054	0.00689	0.00601	0.01214	0.05125	0.02058	0.07139	0.09779	0.62744	0.01854	0.00874	0.00253	0.00389	0.01552	0.00693	0.00654
23	0.01355	0.01257	0.02099	0.65481	0.04736	0.01552	0.01933	0.01816	0.01479	0.01897	0.01579	0.08657	0.01356	0.00890	0.00761	0.00252	0.00937	0.00795	0.00363	0.00804
24	0.01765	0.01679	0.02805	0.15766	0.54638	0.01749	0.02179	0.02309	0.05426	0.02375	0.01476	0.01914	0.01207	0.00695	0.00737	0.00227	0.00883	0.00671	0.00383	0.01117
25	0.02861	0.01437	0.01754	0.01390	0.01925	0.01408	0.01133	0.15162	0.12834	0.43321	0.02994	0.02691	0.05621	0.00983	0.00755	0.00233	0.00644	0.00794	0.00847	0.01213
26	0.01046	0.00763	0.00971	0.01013	0.01139	0.00733	0.00730	0.01366	0.04937	0.02373	0.29854	0.29661	0.07311	0.08459	0.01172	0.00312	0.00450	0.06327	0.00721	0.00663
27	0.12362	0.01766	0.01564	0.04179	0.01883	0.15596	0.01109	0.05962	0.17611	0.07812	0.02900	0.07995	0.11549	0.01126	0.00785	0.00239	0.03155	0.00877	0.00606	0.00924
28	0.01300	0.00917	0.01206	0.01301	0.01496	0.00929	0.01076	0.01811	0.09503	0.04993	0.07508	0.18311	0.04203	0.01899	0.00961	0.00314	0.00609	0.40203	0.00710	0.00752
29	0.01168	0.00837	0.01150	0.01307	0.01469	0.00830	0.01121	0.01481	0.01670	0.02168	0.04006	0.10753	0.06685	0.05080	0.01133	0.00353	0.00663	0.56784	0.00674	0.00668
30	0.01816	0.01733	0.02952	0.04449	0.66995	0.01733	0.02242	0.02253	0.01691	0.02418	0.01482	0.02058	0.01280	0.00708	0.00745	0.00225	0.00875	0.02807	0.00378	0.01159
31	0.06281	0.29661	0.29010	0.01843	0.06067	0.11350	0.01889	0.02371	0.01606	0.02116	0.01183	0.01392	0.00952	0.00684	0.00603	0.00200	0.00976	0.00481	0.00335	0.01000
32	0.00935	0.00794	0.00812	0.00800	0.01054	0.00691	0.00602	0.01226	0.04949	0.02118	0.11007	0.06834	0.61981	0.01816	0.00871	0.00250	0.00385	0.01518	0.00700	0.00658
33	0.10959	0.01281	0.01659	0.01286	0.01849	0.01149	0.01062	0.03473	0.02038	0.63107	0.02738	0.02394	0.01734	0.00896	0.00718	0.00230	0.00626	0.00712	0.00873	0.01217
34	0.01041	0.00758	0.00979	0.00924	0.01103	0.00696	0.00693	0.01383	0.02079	0.02925	0.65580	0.05632	0.10345	0.01537	0.00876	0.00234	0.00352	0.01355	0.00810	0.00696
35	0.01907	0.31099	0.13049	0.01912	0.02586	0.02234	0.18674	0.06002	0.01704	0.04912	0.01382	0.01643	0.01097	0.00712	0.00736	0.00209	0.04372	0.00601	0.04172	0.00997
36	0.00951	0.00675	0.00895	0.01053	0.01107	0.00641	0.00727	0.01094	0.01426	0.01895	0.03933	0.60611	0.04661	0.08042	0.01184	0.00340	0.00482	0.09015	0.00669	0.00600
37	0.01489	0.03840	0.70064	0.02116	0.03213	0.01724	0.02743	0.02351	0.01567	0.02351	0.01332	0.01567	0.00940	0.00705	0.00705	0.00235	0.01097	0.00549	0.00313	0.01097
38	0.01758	0.01776	0.08539	0.29519	0.32816	0.01718	0.02141	0.05675	0.01717	0.05177	0.01447	0.01893	0.01117	0.00719	0.00736	0.00232	0.00927	0.00655	0.00392	0.01045
39	0.01830	0.53785	0.11331	0.01496	0.02123	0.02560	0.05176	0.02152	0.01505	0.01864	0.01276	0.05666	0.01201	0.00779	0.00656	0.00190	0.04564	0.00559	0.00343	0.00944
40	0.02365	0.03167	0.10744	0.01946	0.02337	0.47488	0.01641	0.02635	0.01829	0.01878	0.01134	0.01429	0.00958	0.00872	0.01052	0.00225	0.16534	0.00524	0.00361	0.00880
41	0.01583	0.02088	0.15097	0.15598	0.07303	0.05003	0.27580	0.02130	0.01639	0.02195	0.01753	0.11229	0.01557	0.00893	0.00812	0.00249	0.01050	0.00907	0.00397	0.00936
42	0.02177	0.01787	0.01875	0.01634	0.04048	0.04876	0.01251	0.27100	0.31378	0.03483	0.02370	0.04783	0.01863	0.03861	0.00865	0.00252	0.00713	0.00792	0.00696	0.04197
43	0.01878	0.23132	0.22750	0.02147	0.05672	0.02083	0.17629	0.02399	0.01627	0.08068	0.01412	0.01664	0.01080	0.00714	0.00776	0.00221	0.04713	0.00612	0.00386	0.01036
44	0.01511	0.01491	0.06324	0.09005	0.28421	0.01386	0.05311	0.01952	0.01676	0.02288	0.02427	0.04512	0.02407	0.01237	0.00860	0.00275	0.00843	0.26652	0.00490	0.00930
45	0.01051	0.00759	0.00992	0.00934	0.01109	0.00700	0.00700	0.01401	0.02101	0.02977	0.68888	0.05545	0.07005	0.01518	0.00876	0.00233	0.00350	0.01343	0.00817	0.00700
46	0.01948	0.01973	0.02906	0.04245	0.61387	0.09913	0.02179	0.02359	0.01739	0.02354	0.01367	0.01779	0.01150	0.00674	0.00727	0.00217	0.00936	0.00640	0.00369	0.01139
47	0.01637	0.22237	0.48306	0.01961	0.02914	0.02053	0.06613	0.02319	0.01564	0.02194	0.01265	0.01497	0.00956	0.00682	0.00657	0.00216	0.01028	0.00531	0.00319	0.01053
48	0.00921	0.00658	0.00880	0.01053	0.01103	0.00617	0.00718	0.01062	0.01438	0.01914	0.04082	0.69724	0.04874	0.02310	0.00952	0.00304	0.00445	0.05649	0.00689	0.00608
49	0.01505	0.03729	0.66097	0.02177	0.03253	0.01733	0.06598	0.02353	0.01578	0.02353	0.01342	0.01594	0.00952	0.00700	0.00716	0.00236	0.01106	0.00568	0.00317	0.01091
50	0.02509	0.20504	0.04738	0.01742	0.05009	0.35092	0.01390	0.02766	0.01924	0.12398	0.04262	0.01692	0.01355	0.00782	0.00646	0.00194	0.01025	0.00546	0.00465	0.00960
51	0.19575	0.01604	0.05598	0.01366	0.01944	0.01491	0.01183	0.14352	0.04419	0.37715	0.02227	0.02062	0.01475	0.00855	0.00681	0.00230	0.00677	0.00650	0.00748	0.01151
52	0.01170	0.00807	0.01041	0.00990	0.01175	0.00761	0.00744	0.01556	0.04500	0.05466	0.54453	0.09313	0.06201	0.04591	0.00999	0.00263	0.00405	0.04050	0.00790	0.00724
53	0.01684	0.00922	0.01171	0.01049	0.01353	0.00828	0.00822	0.02013	0.03599	0.21717	0.28234	0.08437	0.18612	0.01483	0.00848	0.00246	0.00465	0.04861	0.00803	0.00851
54	0.01562	0.03348	0.52878	0.02457	0.06912	0.01758	0.15909	0.02353	0.01612	0.02361	0.01371	0.01672	0.00992	0.00687	0.00742	0.00237	0.01117	0.00622	0.00329	0.01082
55	0.00904	0.00646	0.00861	0.01034	0.01077	0.00603	0.00689	0.01034	0.01421	0.01895	0.04092	0.73426	0.04910	0.02326	0.00948	0.00301	0.00431	0.02110	0.00689	0.00603
56	0.01091	0.00724	0.00963	0.01028	0.01148	0.00670	0.00733	0.01310	0.01696	0.05799	0.25668	0.44600	0.05426	0.01972	0.00916	0.00277	0.00424	0.04141	0.00744	0.00673
57	0.14621	0.10237	0.21745	0.01992	0.09511	0.07768	0.04316	0.08949	0.01833	0.10251	0.01475	0.01624	0.01087	0.00735	0.00656	0.00219	0.00903	0.00562	0.00463	0.01054
58	0.02232	0.01241	0.01510	0.01321	0.01712	0.01248	0.01027	0.06438	0.21173	0.28976	0.03200	0.21242	0.02741	0.01314	0.00802	0.00255	0.00576	0.01129	0.00801	0.01064
59	0.01700	0.01318	0.01628	0.01428	0.01683	0.01533	0.01132	0.21521	0.04703	0.02684	0.01970	0.06194	0.01793	0.07959	0.29217	0.00663	0.10648	0.00827	0.00528	0.00870
60	0.12546	0.15632	0.40260	0.01910	0.06230	0.01973	0.02091	0.06998	0.01661	0.02556	0.01274	0.01481	0.00960	0.00702	0.00635	0.00219	0.00939	0.00516	0.00369	0.01047
61	0.01843	0.35667	0.17359	0.01683	0.05636	0.12073	0.01585	0.02204	0.01605	0.01941	0.01532	0.10783	0.01480	0.00891	0.00628	0.00202	0.00894	0.00679	0.00377	0.00936
62	0.01656	0.01040	0.00979	0.00898	0.01139	0.04905	0.00691	0.10546	0.01848	0.02970	0.02263	0.02554	0.01763	0.00863	0.00558	0.00181	0.00466	0.00677	0.63225	0.00778
63	0.06115	0.01462	0.01497	0.01377	0.01719	0.09320	0.01104	0.08167	0.12846	0.12871	0.11476	0.08754	0.03138	0.01332	0.00817	0.00259	0.00681	0.15429	0.00707	0.00927
64	0.01833	0.01979	0.02492	0.02077	0.02247	0.13263	0.09763	0.02124	0.03623	0.01910	0.01138	0.01665	0.01034	0.01119	0.01899	0.00291	0.49675	0.00657	0.00355	0.00856
65	0.01130	0.00897	0.01243	0.10529	0.01672	0.01024	0.00946	0.01291	0.01266	0.01727	0.02569	0.26421	0.02884	0.23409	0.10282	0.00526	0.09795	0.01276	0.00491	0.00621
66	0.02816	0.01983	0.02155	0.01664	0.02247	0.02172	0.01371	0.57999	0.06722	0.10303	0.01947	0.01899	0.01365	0.00900	0.00744	0.00225	0.00789	0.00684	0.00759	0.01258
67	0.02659	0.02312	0.10694	0.01713	0.02334	0.09516	0.01521	0.38457	0.07040	0.13427	0.01902	0.01878	0.01336	0.00865	0.00731	0.00224	0.00868	0.00655	0.00675	0.01192
68	0.03134	0.01246	0.01677	0.01305	0.01849	0.01097	0.01071	0.03497	0.04733	0.63114	0.06916	0.02719	0.02167	0.00958	0.00755	0.00231	0.00613	0.00786	0.00906	0.01226
69	0.01049	0.00788	0.00852	0.00835	0.01094	0.00672	0.00642	0.01264	0.01748	0.05948	0.11584	0.06838	0.56663	0.01809	0.00879	0.00254	0.00407	0.05291	0.00712	0.00672
70	0.01720	0.06462	0.16116	0.02904	0.08427	0.01915	0.44294	0.02337	0.01679	0.02321	0.01419	0.01852	0.01081	0.00666	0.00864	0.00243	0.03554	0.00766	0.00359	0.01023
71	0.02664	0.01907	0.02076	0.01617	0.02169	0.02089	0.01327	0.54757	0.07012	0.08168	0.06885	0.02160	0.01778	0.00946	0.00753	0.00226	0.00759	0.00733	0.00759	0.01216
72	0.01017	0.00752	0.00916	0.00878	0.01047	0.00687	0.00638	0.01286	0.01879	0.02564	0.46829	0.05803	0.19919	0.11074	0.01256	0.00301	0.00404	0.01357	0.00741	0.00652
73	0.56873	0.01424	0.01341	0.01253	0.05075	0.01562	0.00953	0.02545	0.04091	0.16606	0.01511	0.01565	0.01088	0.00746	0.00543	0.00230	0.00602	0.00502	0.00558	0.00930
74	0.02495	0.20143	0.07476	0.01777	0.02271	0.49965	0.01491	0.02746	0.01925	0.01839	0.01134	0.01321	0.00954	0.00730	0.00627	0.00187	0.01194	0.00464	0.00362	0.00899
75	0.11119	0.01892	0.12102	0.15029	0.05298	0.05743	0.01544	0.06289	0.11360	0.12691	0.02338	0.02419	0.07251	0.00902	0.00713	0.00236	0.00798	0.00720	0.00553	0.01004
76	0.01088	0.00857	0.01174	0.01185	0.01319	0.02866	0.00908	0.01336	0.01256	0.01751	0.02335	0.09788	0.04161	0.05008	0.60115	0.01050	0.01771	0.00936	0.00434	0.00662
77	0.01651	0.02449	0.22801	0.09197	0.07751	0.01806	0.38662	0.02321	0.01671	0.02329	0.01431	0.01867	0.01064	0.00661	0.00807	0.00244	0.01161	0.00750	0.00353	0.01023
78	0.01580	0.01343	0.01561	0.01119	0.01776	0.01031	0.00896	0.03914	0.01601	0.02490	0.01334	0.01547	0.01105	0.00561	0.00556	0.00114	0.00558	0.00447	0.00449	0.76018
79	0.57550	0.01412	0.01332	0.03117	0.07332	0.01590	0.00985	0.02274	0.05229	0.05473	0.06456	0.01748	0.01436	0.00778	0.00549	0.00231	0.00597	0.00540	0.00509	0.00865
80	0.04525	0.02415	0.29438	0.01619	0.02406	0.01500	0.01725	0.06045	0.09895	0.10855	0.01746	0.01824	0.01267	0.00738	0.00670	0.00203	0.00802	0.00582	0.00503	0.21244
81	0.01581	0.03198	0.47111	0.02470	0.03446	0.01778	0.25051	0.02360	0.01632	0.02360	0.01392	0.01719	0.01005	0.00678	0.00765	0.00240	0.01151	0.00663	0.00335	0.01064
82	0.00998	0.00737	0.00943	0.01025	0.01143	0.00661	0.00696	0.01143	0.01411	0.01928	0.03611	0.59250	0.04264	0.07399	0.01107	0.00308	0.00467	0.01823	0.00640	0.10448
83	0.01880	0.01611	0.01698	0.01518	0.01943	0.01862	0.01183	0.06116	0.65712	0.03160	0.02979	0.02736	0.02231	0.01003	0.00755	0.00251	0.00595	0.00833	0.00755	0.01178
84	0.02209	0.49895	0.03279	0.03916	0.02137	0.23957	0.01348	0.02441	0.01692	0.01774	0.01078	0.01264	0.00955	0.00679	0.00545	0.00172	0.00969	0.00431	0.00338	0.00920
85	0.01080	0.00720	0.00810	0.00810	0.00810	0.00720	0.00450	0.01080	0.01080	0.01439	0.02339	0.04858	0.02699	0.73910	0.03779	0.00720	0.00720	0.01080	0.00450	0.00450
86	0.04992	0.04827	0.05757	0.03655	0.47364	0.05251	0.03681	0.07059	0.01784	0.02531	0.01360	0.01739	0.01125	0.00721	0.00810	0.00224	0.04981	0.00632	0.00393	0.01115
87	0.01891	0.01791	0.03022	0.04336	0.62839	0.01799	0.04778	0.05988	0.01796	0.02553	0.01423	0.01841	0.01179	0.00673	0.00741	0.00222	0.00893	0.00670	0.00389	0.01174
88	0.01031	0.00794	0.01141	0.01474	0.09714	0.00756	0.00891	0.01212	0.01494	0.02024	0.07438	0.60499	0.04556	0.02069	0.00917	0.00287	0.00483	0.01883	0.00656	0.00681
89	0.00986	0.00686	0.00832	0.00914	0.00947	0.00659	0.00570	0.01057	0.01273	0.01685	0.03429	0.37707	0.06988	0.36218	0.02285	0.00497	0.00565	0.01596	0.00576	0.00532
90	0.01752	0.39377	0.27618	0.01793	0.05124	0.02312	0.05339	0.02248	0.01572	0.02072	0.03753	0.01561	0.01196	0.00694	0.00606	0.00196	0.00915	0.00524	0.00340	0.01007
91	0.02008	0.37804	0.20342	0.01751	0.06153	0.07790	0.01709	0.04597	0.03902	0.05756	0.01332	0.01480	0.01065	0.00701	0.00598	0.00193	0.00905	0.00500	0.00386	0.01030
92	0.01485	0.03717	0.66754	0.05532	0.03306	0.01720	0.02710	0.02329	0.01563	0.02329	0.01332	0.01587	0.00943	0.00707	0.00707	0.00236	0.01092	0.00554	0.00314	0.01084
93	0.01187	0.03569	0.01036	0.00936	0.01114	0.00803	0.00687	0.01364	0.01575	0.06078	0.13439	0.10800	0.22845	0.22443	0.01708	0.00392	0.00540	0.08205	0.00638	0.00642
94	0.02371	0.02039	0.18493	0.01583	0.02225	0.01531	0.01530	0.14904	0.10930	0.26105	0.04680	0.06324	0.01921	0.00974	0.00753	0.00237	0.00753	0.00794	0.00699	0.01154
95	0.01788	0.01948	0.07843	0.11393	0.47129	0.05692	0.05857	0.02258	0.01687	0.02316	0.01475	0.02073	0.01245	0.00733	0.00749	0.00229	0.00949	0.03177	0.00373	0.01084
96	0.01467	0.01053	0.01427	0.01283	0.01521	0.01041	0.06178	0.12160	0.01868	0.06355	0.10430	0.33213	0.05783	0.11139	0.01257	0.00326	0.00600	0.01458	0.00668	0.00773
97	0.01930	0.01954	0.06361	0.06626	0.54601	0.04544	0.02181	0.08229	0.01858	0.02585	0.01416	0.01804	0.01156	0.00692	0.00732	0.00221	0.00909	0.00649	0.00398	0.01154
98	0.07521	0.01396	0.01758	0.05404	0.02080	0.01341	0.01156	0.13942	0.02236	0.44469	0.05292	0.02369	0.01814	0.00897	0.00724	0.00223	0.00664	0.00717	0.00798	0.05199
99	0.12770	0.02016	0.01986	0.17643	0.05398	0.16595	0.01469	0.16390	0.09200	0.07109	0.01630	0.01809	0.01214	0.00808	0.00690	0.00226	0.00901	0.00612	0.00531	0.01002
100	0.02323	0.01808	0.02184	0.05705	0.02407	0.01956	0.06159	0.43132	0.06730	0.03796	0.01885	0.04935	0.01474	0.01188	0.04989	0.00282	0.00880	0.00745	0.00648	0.06774

[dist]
# distance from previous block
# <min> <max>
0	1

[block]
# block no. 1 follows, 27 sequences, length 8
# corresponding to MSA columns:
# 142-149
name=unknown_B
#
# <colnr> <probs for GDERKNQSTAVLIFYWHMCP>
#	G	D	E	R	K	N	Q	S	T	A	V	L	I	F	Y	W	H	M	C	P
0	0.02637	0.01954	0.02106	0.01639	0.02193	0.02157	0.01345	0.58552	0.06786	0.04467	0.06912	0.02118	0.01749	0.00945	0.00753	0.00225	0.00770	0.00728	0.00749	0.01215
1	0.02167	0.17277	0.02164	0.01420	0.01820	0.14529	0.01181	0.07450	0.01991	0.14294	0.16858	0.02746	0.02606	0.01032	0.00862	0.00220	0.07130	0.02723	0.00594	0.00937
2	0.01651	0.01285	0.01626	0.09503	0.02099	0.01211	0.02805	0.06945	0.08019	0.06551	0.04966	0.07118	0.01944	0.08523	0.01007	0.00241	0.00650	0.00770	0.00542	0.32543
3	0.01814	0.02082	0.10791	0.02719	0.03485	0.01728	0.49585	0.02415	0.01739	0.06998	0.01566	0.01952	0.01153	0.00647	0.00820	0.00235	0.01130	0.00794	0.00412	0.07933
4	0.02372	0.02703	0.02131	0.05346	0.11829	0.41444	0.01508	0.06867	0.09790	0.02306	0.05434	0.01881	0.01517	0.00830	0.00709	0.00209	0.01079	0.00617	0.00470	0.00956
5	0.10845	0.19725	0.05099	0.01834	0.02207	0.06331	0.10402	0.02110	0.01399	0.02059	0.01090	0.01502	0.00968	0.00921	0.01347	0.00252	0.30100	0.00576	0.00349	0.00884
6	0.01854	0.01451	0.01971	0.04755	0.02171	0.01366	0.06789	0.06932	0.01724	0.10337	0.01608	0.01993	0.01295	0.00784	0.00882	0.00187	0.09860	0.02889	0.00502	0.40651
7	0.00954	0.00682	0.00893	0.01037	0.01117	0.00637	0.00732	0.01093	0.01464	0.01917	0.04332	0.54802	0.12020	0.02255	0.01042	0.04050	0.00464	0.09236	0.00671	0.00602

[dist]
# distance from previous block
# <min> <max>
0	1

[block]
# block no. 2 follows, 27 sequences, length 72
# corresponding to MSA columns:
# 151-222
name=unknown_C
#
# <colnr> <probs for GDERKNQSTAVLIFYWHMCP>
#	G	D	E	R	K	N	Q	S	T	A	V	L	I	F	Y	W	H	M	C	P
0	0.01431	0.01360	0.02233	0.62891	0.04697	0.01732	0.02004	0.01882	0.01439	0.01882	0.01274	0.01932	0.00988	0.00816	0.00965	0.00258	0.10406	0.00658	0.00329	0.00823
1	0.01764	0.01970	0.04195	0.03323	0.12768	0.01862	0.57844	0.02364	0.01744	0.02384	0.01488	0.01980	0.01133	0.00631	0.00857	0.00246	0.01201	0.00847	0.00374	0.01025
2	0.01080	0.00720	0.00810	0.00810	0.00810	0.00720	0.00450	0.01080	0.01080	0.01439	0.02339	0.04858	0.02699	0.73910	0.03779	0.00720	0.00720	0.01080	0.00450	0.00450
3	0.01518	0.01451	0.02466	0.52924	0.14249	0.01695	0.06742	0.02111	0.05540	0.02082	0.01447	0.02008	0.01104	0.00738	0.00752	0.00244	0.00969	0.00687	0.00364	0.00910
4	0.01623	0.03521	0.60103	0.02158	0.03193	0.01700	0.08320	0.02430	0.01617	0.06419	0.01444	0.01664	0.01011	0.00711	0.00723	0.00236	0.01083	0.00590	0.00355	0.01099
5	0.03331	0.01263	0.01723	0.01321	0.01895	0.01091	0.01091	0.03618	0.02125	0.69794	0.02929	0.02527	0.01838	0.00919	0.00747	0.00230	0.00632	0.00747	0.00919	0.01263
6	0.01009	0.00757	0.00935	0.00890	0.01084	0.00683	0.00668	0.01320	0.02003	0.02744	0.54172	0.05929	0.21866	0.01605	0.00876	0.00238	0.00356	0.01396	0.00787	0.00683
7	0.01289	0.00645	0.00967	0.00967	0.00967	0.00645	0.00645	0.00967	0.00967	0.01289	0.01289	0.02257	0.01289	0.02579	0.02901	0.78401	0.00645	0.00645	0.00322	0.00322
8	0.02538	0.06096	0.02234	0.01984	0.04559	0.55559	0.01485	0.02736	0.01922	0.01831	0.01126	0.01392	0.00966	0.00835	0.00926	0.00211	0.11856	0.00507	0.00371	0.00868
9	0.01051	0.00759	0.00992	0.00934	0.01109	0.00700	0.00700	0.01401	0.02101	0.02977	0.68888	0.05545	0.07005	0.01518	0.00876	0.00233	0.00350	0.01343	0.00817	0.00700
10	0.01693	0.01740	0.02264	0.01947	0.01970	0.06413	0.01613	0.01858	0.01195	0.01788	0.00985	0.01607	0.00973	0.01267	0.02330	0.00317	0.68259	0.00639	0.00328	0.00815
11	0.01670	0.01701	0.02267	0.01948	0.01963	0.05040	0.01617	0.01834	0.01176	0.01788	0.00981	0.01613	0.00974	0.01278	0.02365	0.00319	0.69683	0.00643	0.00327	0.00814
12	0.02820	0.01678	0.08410	0.04956	0.04999	0.01439	0.01397	0.12760	0.06925	0.42936	0.02473	0.02288	0.01630	0.00882	0.00742	0.00231	0.00728	0.00715	0.00773	0.01217
13	0.79154	0.01436	0.01091	0.00976	0.01436	0.01665	0.00804	0.02182	0.01263	0.03331	0.01034	0.01206	0.00804	0.00689	0.00459	0.00230	0.00574	0.00402	0.00459	0.00804
14	0.01678	0.02523	0.22980	0.02842	0.03691	0.01834	0.48506	0.02370	0.01700	0.02370	0.01454	0.01879	0.01074	0.00648	0.00828	0.00246	0.01208	0.00783	0.00358	0.01028
15	0.01512	0.01291	0.01510	0.01097	0.01730	0.00973	0.00872	0.01834	0.01534	0.02397	0.01438	0.04606	0.01262	0.00626	0.00567	0.00118	0.00545	0.00511	0.00450	0.75127
16	0.01186	0.00847	0.01185	0.01356	0.01522	0.00846	0.01179	0.01521	0.01699	0.02211	0.03936	0.10589	0.04294	0.02060	0.01023	0.00340	0.00675	0.62165	0.00684	0.00681
17	0.01607	0.01317	0.01546	0.01108	0.01764	0.00993	0.00888	0.01936	0.01562	0.04977	0.01381	0.01577	0.01128	0.00564	0.00557	0.00115	0.00553	0.00451	0.00458	0.75518
18	0.79154	0.01436	0.01091	0.00976	0.01436	0.01665	0.00804	0.02182	0.01263	0.03331	0.01034	0.01206	0.00804	0.00689	0.00459	0.00230	0.00574	0.00402	0.00459	0.00804
19	0.01598	0.19356	0.55504	0.01930	0.02925	0.01991	0.02419	0.02323	0.01554	0.02218	0.01266	0.01484	0.00943	0.00690	0.00655	0.00218	0.01030	0.00515	0.00314	0.01065
20	0.01571	0.15535	0.59089	0.01976	0.02996	0.01925	0.02499	0.02330	0.01558	0.02251	0.01282	0.01505	0.00942	0.00694	0.00667	0.00222	0.01047	0.00523	0.00314	0.01073
21	0.01702	0.04707	0.16960	0.02812	0.03587	0.01903	0.48766	0.02337	0.01677	0.02322	0.01427	0.01872	0.01077	0.00676	0.00910	0.00248	0.04865	0.00785	0.00359	0.01009
22	0.01512	0.07182	0.66928	0.02076	0.03151	0.01782	0.02673	0.02345	0.01565	0.02322	0.01318	0.01549	0.00941	0.00702	0.00694	0.00231	0.01083	0.00541	0.00314	0.01090
23	0.01985	0.74357	0.03890	0.01270	0.01905	0.02937	0.01270	0.02223	0.01508	0.01747	0.01032	0.01191	0.00953	0.00635	0.00476	0.00159	0.00794	0.00397	0.00318	0.00953
24	0.00900	0.00753	0.00783	0.00776	0.01016	0.00636	0.00582	0.01109	0.01745	0.02131	0.15436	0.06938	0.60985	0.01833	0.00877	0.00248	0.00373	0.01538	0.00706	0.00636
25	0.01019	0.00758	0.00949	0.00901	0.01090	0.00687	0.00676	0.01340	0.02028	0.02802	0.57820	0.05834	0.18182	0.01583	0.00876	0.00237	0.00355	0.01383	0.00794	0.00687
26	0.01187	0.00849	0.01184	0.01341	0.01512	0.00845	0.01166	0.01530	0.01733	0.02267	0.07846	0.08203	0.04437	0.02019	0.01016	0.00335	0.00663	0.60488	0.00692	0.00685
27	0.01846	0.01595	0.01679	0.01511	0.01930	0.01846	0.01175	0.03945	0.67938	0.03105	0.03022	0.02770	0.02266	0.01007	0.00755	0.00252	0.00588	0.00839	0.00755	0.01175
28	0.02822	0.02079	0.02228	0.01708	0.02302	0.02302	0.01411	0.66804	0.03490	0.04679	0.01782	0.01782	0.01262	0.00891	0.00743	0.00223	0.00817	0.00668	0.00743	0.01262
29	0.01886	0.01678	0.01697	0.01528	0.01946	0.04807	0.01186	0.03903	0.65117	0.03050	0.02941	0.02708	0.02210	0.00997	0.00752	0.00249	0.00620	0.00824	0.00739	0.01162
30	0.01736	0.04424	0.10206	0.02981	0.03759	0.01897	0.58868	0.02371	0.01728	0.02356	0.01472	0.01938	0.01104	0.00633	0.00848	0.00246	0.01224	0.00832	0.00368	0.01008
31	0.05724	0.01448	0.01438	0.01199	0.01581	0.04264	0.00959	0.30029	0.02412	0.03547	0.02289	0.02433	0.04976	0.00916	0.00638	0.00202	0.00603	0.00704	0.33692	0.00948
32	0.06415	0.02837	0.01913	0.01667	0.02111	0.47613	0.01273	0.07626	0.02058	0.02224	0.01476	0.01634	0.03736	0.00780	0.00653	0.00185	0.01089	0.00527	0.00436	0.13747
33	0.00902	0.00688	0.00820	0.00922	0.01039	0.00616	0.00634	0.01047	0.01506	0.01917	0.05267	0.46532	0.28115	0.05081	0.01037	0.00300	0.00423	0.01871	0.00679	0.00605
34	0.01086	0.00819	0.01123	0.01382	0.07205	0.00793	0.00867	0.04519	0.01551	0.02085	0.03733	0.63384	0.04391	0.02104	0.00918	0.00290	0.00491	0.01908	0.00663	0.00688
35	0.02773	0.03538	0.02104	0.01913	0.02295	0.70930	0.01434	0.02964	0.02104	0.01817	0.01148	0.01339	0.00956	0.00765	0.00669	0.00191	0.01339	0.00478	0.00383	0.00861
36	0.01065	0.00801	0.00990	0.00988	0.01172	0.00757	0.00752	0.01442	0.05258	0.02558	0.37831	0.12068	0.17670	0.04217	0.00996	0.00274	0.00429	0.09292	0.00749	0.00692
37	0.01874	0.01720	0.01876	0.01986	0.12955	0.08145	0.01332	0.05944	0.39951	0.02925	0.10739	0.02787	0.02513	0.00986	0.00758	0.00237	0.00686	0.00832	0.00664	0.01090
38	0.01384	0.00692	0.00692	0.00692	0.00865	0.00692	0.00519	0.01730	0.01557	0.02768	0.02422	0.02768	0.01903	0.00865	0.00519	0.00173	0.00346	0.00692	0.78031	0.00692
39	0.01539	0.01319	0.01539	0.01100	0.01759	0.00990	0.00880	0.01869	0.01539	0.02419	0.01319	0.01539	0.01100	0.00550	0.00550	0.00110	0.00550	0.00440	0.00440	0.78449
40	0.00914	0.00660	0.00866	0.01012	0.01075	0.00611	0.00684	0.01063	0.01486	0.01981	0.09089	0.64974	0.08353	0.02243	0.00939	0.00294	0.00422	0.02025	0.00699	0.00611
41	0.02585	0.01961	0.02094	0.01660	0.02212	0.02191	0.01354	0.51511	0.19170	0.04296	0.02084	0.02023	0.01507	0.00919	0.00746	0.00230	0.00761	0.00710	0.00746	0.01241
42	0.79154	0.01436	0.01091	0.00976	0.01436	0.01665	0.00804	0.02182	0.01263	0.03331	0.01034	0.01206	0.00804	0.00689	0.00459	0.00230	0.00574	0.00402	0.00459	0.00804
43	0.01837	0.01764	0.03013	0.04557	0.69279	0.01764	0.02278	0.02278	0.01690	0.02425	0.01396	0.01837	0.01176	0.00661	0.00735	0.00220	0.00882	0.00661	0.00367	0.01176
44	0.01609	0.01372	0.01608	0.01169	0.01796	0.01115	0.00941	0.05197	0.01621	0.02506	0.01328	0.01556	0.01102	0.00601	0.00645	0.00125	0.03826	0.00461	0.00450	0.70971
45	0.00978	0.00748	0.00897	0.00876	0.01069	0.00667	0.00651	0.01254	0.01904	0.02549	0.42105	0.11169	0.29026	0.01708	0.00882	0.00245	0.00365	0.01480	0.00762	0.00667
46	0.01654	0.01412	0.01502	0.01365	0.01740	0.01589	0.01056	0.03354	0.53594	0.02966	0.10299	0.03556	0.10391	0.01160	0.00782	0.00250	0.00539	0.00974	0.00754	0.01064
47	0.01548	0.06595	0.59959	0.02159	0.06211	0.01785	0.02564	0.02438	0.05572	0.02374	0.01424	0.01637	0.01032	0.00718	0.00700	0.00232	0.01043	0.00565	0.00343	0.01099
48	0.00904	0.00646	0.00861	0.01034	0.01077	0.00603	0.00689	0.01034	0.01421	0.01895	0.04092	0.73426	0.04910	0.02326	0.00948	0.00301	0.00431	0.02110	0.00689	0.00603
49	0.02323	0.01508	0.06892	0.01446	0.01950	0.01323	0.03981	0.09365	0.12639	0.29732	0.14233	0.06283	0.02798	0.01073	0.00782	0.00238	0.00646	0.00913	0.00777	0.01096
50	0.01762	0.27634	0.38624	0.01824	0.02677	0.02138	0.04731	0.02344	0.01563	0.05318	0.01297	0.01504	0.00996	0.00714	0.00710	0.00213	0.04040	0.00524	0.00347	0.01040
51	0.01539	0.01319	0.01539	0.01100	0.01759	0.00990	0.00880	0.01869	0.01539	0.02419	0.01319	0.01539	0.01100	0.00550	0.00550	0.00110	0.00550	0.00440	0.00440	0.78449
52	0.01051	0.00759	0.00992	0.00934	0.01109	0.00700	0.00700	0.01401	0.02101	0.02977	0.68888	0.05545	0.07005	0.01518	0.00876	0.00233	0.00350	0.01343	0.00817	0.00700
53	0.01402	0.01319	0.02227	0.72126	0.05113	0.01649	0.02062	0.01897	0.01484	0.01897	0.01319	0.01979	0.00990	0.00742	0.00742	0.00247	0.00990	0.00660	0.00330	0.00825
54	0.02820	0.02141	0.02223	0.01717	0.02302	0.05211	0.01412	0.64098	0.03432	0.04557	0.01755	0.01764	0.01250	0.00886	0.00740	0.00221	0.00839	0.00660	0.00727	0.01245
55	0.01217	0.00834	0.01135	0.01223	0.01408	0.00807	0.01026	0.01543	0.01805	0.04944	0.19512	0.10266	0.07495	0.01886	0.00970	0.00306	0.00579	0.41617	0.00725	0.00704
56	0.01810	0.44787	0.21621	0.01545	0.02269	0.02340	0.03895	0.02234	0.01575	0.04155	0.04197	0.03889	0.01371	0.00755	0.00594	0.00193	0.00856	0.00562	0.00371	0.00981
57	0.01384	0.00692	0.00692	0.00692	0.00865	0.00692	0.00519	0.01730	0.01557	0.02768	0.02422	0.02768	0.01903	0.00865	0.00519	0.00173	0.00346	0.00692	0.78031	0.00692
58	0.01756	0.01681	0.02866	0.17185	0.57287	0.01742	0.02238	0.02207	0.01652	0.02327	0.01382	0.01864	0.01141	0.00677	0.00736	0.00226	0.00902	0.00661	0.00360	0.01110
59	0.01624	0.01624	0.02274	0.01949	0.01949	0.02274	0.01624	0.01787	0.01137	0.01787	0.00975	0.01624	0.00975	0.01299	0.02436	0.00325	0.72552	0.00650	0.00325	0.00812
60	0.00922	0.00754	0.00815	0.00799	0.01030	0.00646	0.00600	0.01153	0.01799	0.02258	0.23476	0.06729	0.52864	0.01786	0.00877	0.00246	0.00369	0.01508	0.00723	0.00646
61	0.01061	0.00795	0.01193	0.01193	0.01326	0.00928	0.00928	0.01326	0.01193	0.01723	0.01988	0.02916	0.01856	0.05568	0.70968	0.01193	0.01988	0.00795	0.00398	0.00663
62	0.06306	0.22864	0.47918	0.01817	0.02750	0.02050	0.02226	0.02306	0.01533	0.02246	0.01233	0.01443	0.00936	0.00685	0.00628	0.00214	0.00983	0.00499	0.00323	0.01040
63	0.01854	0.01807	0.02957	0.06714	0.64946	0.04034	0.02243	0.02288	0.01697	0.02388	0.01386	0.01826	0.01162	0.00668	0.00733	0.00220	0.00901	0.00655	0.00367	0.01154
64	0.05627	0.02242	0.08403	0.02912	0.30983	0.16121	0.01827	0.06929	0.01939	0.13595	0.01602	0.01792	0.01208	0.00746	0.00709	0.00218	0.00938	0.00617	0.00486	0.01107
65	0.02512	0.01194	0.01532	0.01231	0.01676	0.01101	0.00984	0.08185	0.04394	0.40201	0.18204	0.03290	0.03044	0.05448	0.00953	0.00257	0.00582	0.00893	0.00832	0.03488
66	0.00890	0.00753	0.00770	0.00765	0.01010	0.00632	0.00574	0.01090	0.01722	0.02076	0.11988	0.07028	0.64466	0.01854	0.00877	0.00249	0.00374	0.01550	0.00699	0.00632
67	0.01205	0.00959	0.01276	0.01372	0.01540	0.03798	0.03853	0.01493	0.01647	0.02119	0.03754	0.26087	0.04177	0.02013	0.00982	0.00320	0.00665	0.41400	0.00659	0.00682
68	0.01685	0.04938	0.05835	0.02314	0.02761	0.01871	0.30596	0.02090	0.01531	0.04990	0.01807	0.06669	0.04411	0.01021	0.01344	0.00272	0.23664	0.00875	0.00412	0.00912
69	0.01130	0.00887	0.01285	0.01246	0.01350	0.01069	0.00965	0.01357	0.01175	0.01703	0.01901	0.02950	0.01832	0.11681	0.56260	0.01043	0.10305	0.00806	0.00394	0.00660
70	0.00928	0.00748	0.00835	0.00890	0.01093	0.00655	0.00677	0.01128	0.01647	0.02017	0.06402	0.18957	0.48414	0.01983	0.00911	0.00273	0.00430	0.10692	0.00688	0.00631
71	0.01885	0.01614	0.02451	0.19614	0.35432	0.04247	0.01897	0.06505	0.01849	0.07984	0.07690	0.02244	0.01716	0.00799	0.00748	0.00228	0.00851	0.00724	0.00470	0.01050

[dist]
# distance from previous block
# <min> <max>
3	6

[block]
# block no. 3 follows, 27 sequences, length 11
# corresponding to MSA columns:
# 229-239
name=unknown_D
#
# <colnr> <probs for GDERKNQSTAVLIFYWHMCP>
#	G	D	E	R	K	N	Q	S	T	A	V	L	I	F	Y	W	H	M	C	P
0	0.23321	0.01468	0.01605	0.01296	0.01824	0.01510	0.01058	0.11539	0.11606	0.30401	0.02204	0.02061	0.01511	0.00848	0.00661	0.00226	0.00630	0.00642	0.00725	0.04862
1	0.01854	0.01983	0.03216	0.14448	0.30237	0.10106	0.22647	0.02332	0.01727	0.02254	0.01388	0.01852	0.01104	0.00675	0.00773	0.00231	0.01072	0.00708	0.00366	0.01027
2	0.01384	0.00692	0.00692	0.00692	0.00865	0.00692	0.00519	0.01730	0.01557	0.02768	0.02422	0.02768	0.01903	0.00865	0.00519	0.00173	0.00346	0.00692	0.78031	0.00692
3	0.01660	0.01316	0.01552	0.01114	0.01768	0.00996	0.00894	0.01987	0.01579	0.06948	0.01428	0.01606	0.01149	0.00575	0.00563	0.00118	0.00555	0.00460	0.00472	0.73260
4	0.01018	0.00935	0.04808	0.00956	0.01211	0.00739	0.00792	0.01336	0.01896	0.02536	0.38502	0.06076	0.29745	0.01637	0.00875	0.00246	0.00420	0.04843	0.00734	0.00694
5	0.06579	0.01438	0.01760	0.01376	0.01935	0.01384	0.01127	0.13482	0.09211	0.46289	0.02595	0.02328	0.01710	0.00896	0.00724	0.00225	0.00650	0.00714	0.00830	0.04746
6	0.62705	0.01398	0.01228	0.01051	0.01535	0.01541	0.00866	0.02494	0.01450	0.17749	0.01445	0.01492	0.01028	0.00739	0.00522	0.00230	0.00587	0.00477	0.00559	0.00904
7	0.01384	0.00692	0.00692	0.00692	0.00865	0.00692	0.00519	0.01730	0.01557	0.02768	0.02422	0.02768	0.01903	0.00865	0.00519	0.00173	0.00346	0.00692	0.78031	0.00692
8	0.01513	0.01319	0.01671	0.14740	0.02403	0.01116	0.01107	0.01875	0.01529	0.02319	0.01319	0.01624	0.01078	0.00587	0.00587	0.00136	0.00634	0.00482	0.00419	0.63541
9	0.16633	0.01646	0.02548	0.12162	0.48374	0.01731	0.01969	0.02213	0.01583	0.02534	0.01317	0.01734	0.01082	0.00677	0.00683	0.00226	0.00836	0.00611	0.00381	0.01061
10	0.01215	0.01026	0.01421	0.01799	0.16664	0.00983	0.01111	0.01587	0.04677	0.02311	0.13751	0.12168	0.25506	0.01583	0.00869	0.00261	0.00550	0.11090	0.00636	0.00793

[dist]
# distance from previous block
# <min> <max>
0	2

[block]
# block no. 4 follows, 27 sequences, length 19
# corresponding to MSA columns:
# 242-260
name=unknown_E
#
# <colnr> <probs for GDERKNQSTAVLIFYWHMCP>
#	G	D	E	R	K	N	Q	S	T	A	V	L	I	F	Y	W	H	M	C	P
0	0.05834	0.01735	0.04913	0.01386	0.01925	0.12697	0.01158	0.03008	0.01990	0.39381	0.07673	0.02363	0.01943	0.00880	0.00708	0.00210	0.00736	0.00692	0.00719	0.10048
1	0.02068	0.21888	0.13777	0.02060	0.07596	0.13505	0.10599	0.11997	0.01968	0.02443	0.01590	0.01787	0.04040	0.00762	0.00677	0.00207	0.00987	0.00613	0.00419	0.01016
2	0.01762	0.01552	0.02612	0.31415	0.39082	0.01673	0.02112	0.02215	0.01637	0.06699	0.01468	0.01940	0.01145	0.00711	0.00739	0.00232	0.00908	0.00666	0.00389	0.01041
3	0.01025	0.00739	0.00970	0.00951	0.01103	0.00684	0.00699	0.01337	0.01984	0.02790	0.57679	0.17288	0.06642	0.01657	0.00888	0.00245	0.00364	0.01475	0.00795	0.00684
4	0.01088	0.00802	0.00987	0.00951	0.01131	0.00752	0.00700	0.04335	0.01964	0.02691	0.44569	0.14933	0.15565	0.04959	0.01012	0.00267	0.00404	0.01439	0.00760	0.00691
5	0.01412	0.00872	0.01215	0.01049	0.01296	0.00853	0.09741	0.01786	0.01577	0.02671	0.02375	0.06126	0.01942	0.00903	0.00590	0.00190	0.00476	0.00787	0.63409	0.00731
6	0.01985	0.74357	0.03890	0.01270	0.01905	0.02937	0.01270	0.02223	0.01508	0.01747	0.01032	0.01191	0.00953	0.00635	0.00476	0.00159	0.00794	0.00397	0.00318	0.00953
7	0.01951	0.01372	0.01627	0.01187	0.01827	0.01114	0.00959	0.07464	0.01799	0.14155	0.01633	0.01728	0.01239	0.00641	0.00599	0.00140	0.00586	0.00511	0.00547	0.58921
8	0.01126	0.00798	0.01003	0.01080	0.01178	0.00788	0.00769	0.05524	0.01563	0.02085	0.06547	0.39579	0.04172	0.17922	0.01567	0.00392	0.00558	0.12074	0.00645	0.00631
9	0.00904	0.00646	0.00861	0.01034	0.01077	0.00603	0.00689	0.01034	0.01421	0.01895	0.04092	0.73426	0.04910	0.02326	0.00948	0.00301	0.00431	0.02110	0.00689	0.00603
10	0.01188	0.01114	0.04772	0.08198	0.10453	0.01040	0.01183	0.01518	0.03947	0.02084	0.05573	0.41540	0.05716	0.01696	0.00932	0.00272	0.03760	0.01508	0.00580	0.02926
11	0.01070	0.00776	0.00898	0.00865	0.01070	0.00701	0.00636	0.01285	0.01697	0.05147	0.21719	0.05912	0.36614	0.11251	0.06747	0.00379	0.00551	0.01351	0.00678	0.00654
12	0.01529	0.09591	0.64667	0.02047	0.03106	0.01823	0.02623	0.02341	0.01563	0.02302	0.01308	0.01537	0.00941	0.00700	0.00687	0.00229	0.01072	0.00536	0.00314	0.01085
13	0.00877	0.00752	0.00752	0.00752	0.01003	0.00627	0.00564	0.01065	0.01692	0.02005	0.07520	0.07144	0.68978	0.01880	0.00877	0.00251	0.00376	0.01567	0.00689	0.00627
14	0.01783	0.45724	0.30760	0.01614	0.02436	0.02445	0.01868	0.02275	0.01532	0.01992	0.01154	0.01344	0.00948	0.00664	0.00569	0.00190	0.00917	0.00459	0.00316	0.01011
15	0.01489	0.03840	0.70064	0.02116	0.03213	0.01724	0.02743	0.02351	0.01567	0.02351	0.01332	0.01567	0.00940	0.00705	0.00705	0.00235	0.01097	0.00549	0.00313	0.01097
16	0.01221	0.00933	0.01376	0.01385	0.01585	0.00916	0.05996	0.04434	0.01757	0.02336	0.10265	0.24543	0.04341	0.01908	0.00965	0.00308	0.00632	0.33707	0.00678	0.00715
17	0.01414	0.01295	0.02156	0.63096	0.07825	0.01582	0.01970	0.01894	0.01506	0.01973	0.01469	0.02242	0.01160	0.00792	0.00742	0.00246	0.00944	0.02990	0.03873	0.00830
18	0.02313	0.01713	0.02202	0.08004	0.18115	0.01843	0.01557	0.25682	0.13816	0.11223	0.02026	0.02105	0.01484	0.00847	0.00735	0.00228	0.00768	0.00706	0.03461	0.01171

[dist]
# distance from previous block
# <min> <max>
4	8

[block]
# block no. 5 follows, 27 sequences, length 10
# corresponding to MSA columns:
# 270-279
name=unknown_F
#
# <colnr> <probs for GDERKNQSTAVLIFYWHMCP>
#	G	D	E	R	K	N	Q	S	T	A	V	L	I	F	Y	W	H	M	C	P
0	0.05545	0.29508	0.21924	0.01626	0.02315	0.12246	0.01675	0.02629	0.11785	0.02211	0.01439	0.01562	0.01144	0.00733	0.00611	0.00203	0.00917	0.00520	0.00400	0.01007
1	0.01616	0.01357	0.08885	0.05790	0.01828	0.03962	0.01153	0.01998	0.01930	0.15021	0.29756	0.04564	0.10323	0.01321	0.00830	0.00244	0.00604	0.07256	0.00705	0.00855
2	0.00932	0.00754	0.00827	0.00809	0.01036	0.00650	0.00607	0.01171	0.01821	0.02310	0.26773	0.06643	0.49535	0.01766	0.00877	0.00245	0.00368	0.01496	0.00729	0.00650
3	0.01476	0.03512	0.61143	0.02101	0.03113	0.01664	0.06717	0.02288	0.01616	0.02395	0.05930	0.01865	0.01364	0.00755	0.00728	0.00236	0.01056	0.00624	0.00352	0.01064
4	0.01985	0.74357	0.03890	0.01270	0.01905	0.02937	0.01270	0.02223	0.01508	0.01747	0.01032	0.01191	0.00953	0.00635	0.00476	0.00159	0.00794	0.00397	0.00318	0.00953
5	0.01095	0.00727	0.00845	0.00845	0.00870	0.00741	0.00507	0.01144	0.01119	0.01546	0.02305	0.04525	0.02561	0.62227	0.11019	0.00741	0.00839	0.01026	0.04831	0.00487
6	0.01846	0.01595	0.01679	0.01511	0.01930	0.01846	0.01175	0.03945	0.67938	0.03105	0.03022	0.02770	0.02266	0.01007	0.00755	0.00252	0.00588	0.00839	0.00755	0.01175
7	0.05466	0.07252	0.25366	0.01761	0.02431	0.04691	0.07036	0.02536	0.07822	0.11886	0.04098	0.02958	0.01891	0.00984	0.00755	0.00246	0.00877	0.10405	0.00526	0.01010
8	0.01166	0.07490	0.04893	0.01142	0.01332	0.00914	0.00901	0.01374	0.01515	0.05029	0.06296	0.53039	0.04251	0.01973	0.00885	0.00282	0.00520	0.05647	0.00651	0.00700
9	0.04795	0.37173	0.10693	0.01424	0.02016	0.08938	0.01373	0.07573	0.01814	0.06845	0.06897	0.04309	0.01665	0.00830	0.00611	0.00195	0.00816	0.00606	0.00458	0.00969

[dist]
# distance from previous block
# <min> <max>
0	26

# created by:
# /st0/software/busco_prod/Augustus/scripts/msa2prfl.pl ./align_prep/131597.fa
