[name]
unknown

[dist]
# distance from previous block
# <min> <max>
40	76

[block]
# block no. 0 follows, 29 sequences, length 11
# corresponding to MSA columns:
# 91-101
name=unknown_A
#
# <colnr> <probs for GDERKNQSTAVLIFYWHMCP>
#	G	D	E	R	K	N	Q	S	T	A	V	L	I	F	Y	W	H	M	C	P
0	0.02024	0.04507	0.02021	0.05075	0.05772	0.09230	0.06121	0.22974	0.08220	0.06063	0.08170	0.02783	0.07542	0.01018	0.00785	0.02031	0.00768	0.03333	0.00595	0.00969
1	0.05833	0.08152	0.08337	0.01522	0.02063	0.10995	0.01331	0.28042	0.08963	0.07789	0.06338	0.01943	0.01602	0.00838	0.00671	0.00207	0.00789	0.00632	0.00593	0.03359
2	0.08516	0.01238	0.01376	0.01157	0.01560	0.01229	0.00910	0.13938	0.10155	0.09234	0.12107	0.10689	0.08929	0.01118	0.00709	0.00211	0.00533	0.00928	0.00654	0.14809
3	0.01793	0.01466	0.03540	0.01331	0.01722	0.01518	0.01087	0.24140	0.08971	0.02911	0.02185	0.02524	0.06513	0.07445	0.07596	0.00334	0.07239	0.00730	0.04747	0.12207
4	0.01562	0.01136	0.01439	0.01436	0.06776	0.01222	0.01013	0.10365	0.07364	0.07559	0.12944	0.17326	0.06206	0.05103	0.01101	0.00267	0.09052	0.01094	0.06204	0.00832
5	0.02061	0.07812	0.01952	0.04068	0.06952	0.09767	0.01211	0.27719	0.02253	0.02988	0.01773	0.08427	0.01540	0.02943	0.00744	0.00211	0.00747	0.00717	0.08013	0.08103
6	0.01759	0.08405	0.02252	0.19851	0.16130	0.09459	0.03249	0.05852	0.11650	0.02322	0.04169	0.01983	0.01439	0.00757	0.00672	0.00208	0.00820	0.00639	0.04019	0.04366
7	0.05623	0.32411	0.08554	0.01348	0.01886	0.12943	0.01248	0.05698	0.01702	0.05100	0.07007	0.04853	0.01614	0.00796	0.00586	0.00181	0.00785	0.00584	0.00431	0.06647
8	0.02074	0.01553	0.01686	0.01339	0.01784	0.01640	0.01054	0.37319	0.08588	0.03374	0.01868	0.02341	0.01551	0.14669	0.01222	0.00287	0.00692	0.00696	0.03047	0.13215
9	0.01727	0.01643	0.01595	0.01225	0.01798	0.12143	0.00965	0.04594	0.06203	0.02356	0.01367	0.01535	0.01115	0.00601	0.00565	0.00131	0.00657	0.00462	0.00445	0.58873
10	0.00928	0.00683	0.00815	0.00895	0.00990	0.00635	0.00616	0.01055	0.01375	0.01764	0.04356	0.33042	0.21405	0.20371	0.01580	0.00381	0.00491	0.07460	0.00603	0.00555

[dist]
# distance from previous block
# <min> <max>
0	1

[block]
# block no. 1 follows, 29 sequences, length 57
# corresponding to MSA columns:
# 103-159
name=unknown_B
#
# <colnr> <probs for GDERKNQSTAVLIFYWHMCP>
#	G	D	E	R	K	N	Q	S	T	A	V	L	I	F	Y	W	H	M	C	P
0	0.19692	0.01567	0.01650	0.05833	0.01982	0.01678	0.01097	0.30672	0.03975	0.03388	0.01734	0.01927	0.04090	0.03942	0.00750	0.00221	0.00671	0.00604	0.00564	0.13965
1	0.62382	0.01594	0.04427	0.01114	0.01606	0.01711	0.00961	0.14121	0.01614	0.03387	0.01135	0.01273	0.00857	0.00697	0.00501	0.00219	0.00616	0.00438	0.00484	0.00864
2	0.00937	0.00673	0.00900	0.01042	0.01126	0.00637	0.00760	0.01122	0.01482	0.01970	0.09350	0.52988	0.06722	0.02100	0.00917	0.00291	0.00456	0.15255	0.00670	0.00603
3	0.01466	0.07030	0.64950	0.02097	0.06077	0.01711	0.02543	0.02246	0.01506	0.02230	0.01267	0.01498	0.00913	0.00671	0.00667	0.00221	0.01029	0.00524	0.00303	0.01049
4	0.01976	0.48297	0.03419	0.01579	0.02164	0.08931	0.13334	0.02275	0.01575	0.05407	0.01233	0.01428	0.01027	0.00643	0.00559	0.00175	0.00864	0.00501	0.03695	0.00919
5	0.01287	0.05152	0.11320	0.01196	0.01558	0.00996	0.03952	0.01686	0.01872	0.07275	0.46289	0.07151	0.04914	0.01256	0.00791	0.00224	0.00520	0.01104	0.00673	0.00784
6	0.01003	0.00708	0.00936	0.01060	0.01143	0.00688	0.00790	0.01186	0.01429	0.01894	0.06560	0.35088	0.04194	0.15545	0.01434	0.00374	0.00546	0.24218	0.00622	0.00583
7	0.01155	0.00830	0.01107	0.01143	0.04488	0.00794	0.00816	0.01562	0.05382	0.04927	0.50896	0.10481	0.05695	0.01472	0.00840	0.00237	0.00412	0.06294	0.00744	0.00726
8	0.43026	0.05154	0.16419	0.01335	0.01942	0.01795	0.01315	0.16533	0.01750	0.03211	0.01209	0.01351	0.00901	0.00704	0.00551	0.00217	0.00718	0.00471	0.00464	0.00933
9	0.01019	0.00754	0.01100	0.01100	0.01212	0.00866	0.00835	0.01243	0.01131	0.01620	0.01948	0.03023	0.01878	0.13769	0.63859	0.01089	0.01760	0.00796	0.00388	0.00611
10	0.00898	0.00696	0.00820	0.00861	0.01023	0.00618	0.00627	0.01103	0.01640	0.02119	0.20974	0.26433	0.33879	0.01852	0.00865	0.00254	0.00380	0.03655	0.00690	0.00613
11	0.00998	0.00675	0.00788	0.00824	0.00833	0.00666	0.00482	0.01026	0.01108	0.01477	0.02616	0.20124	0.03058	0.58870	0.03023	0.00602	0.00629	0.01254	0.00482	0.00464
12	0.80005	0.01377	0.01047	0.00936	0.01377	0.01597	0.00771	0.02093	0.01212	0.03195	0.00991	0.01157	0.00771	0.00661	0.00441	0.00220	0.00551	0.00386	0.00441	0.00771
13	0.01586	0.01632	0.05767	0.30203	0.39504	0.01654	0.05278	0.02055	0.01544	0.02130	0.01314	0.01810	0.01048	0.00664	0.00713	0.00223	0.00911	0.00639	0.00337	0.00989
14	0.01732	0.01744	0.05279	0.07305	0.65270	0.01686	0.02192	0.02172	0.01609	0.02302	0.01334	0.01759	0.01112	0.00639	0.00704	0.00213	0.00858	0.00631	0.00349	0.01110
15	0.01653	0.01580	0.02693	0.22408	0.53350	0.01663	0.02131	0.02090	0.01570	0.02194	0.01320	0.01798	0.01081	0.00655	0.00707	0.00218	0.00873	0.00634	0.00343	0.01040
16	0.03088	0.01234	0.01651	0.01272	0.01810	0.01092	0.01048	0.06724	0.02105	0.65042	0.05277	0.02495	0.01920	0.00901	0.00721	0.00220	0.00605	0.00734	0.00869	0.01192
17	0.01771	0.01530	0.01610	0.01449	0.01852	0.01771	0.01127	0.03784	0.69247	0.02979	0.02898	0.02657	0.02174	0.00966	0.00725	0.00242	0.00564	0.00805	0.00725	0.01127
18	0.01505	0.13914	0.56196	0.04476	0.02992	0.01826	0.05182	0.02223	0.01500	0.02157	0.01243	0.01483	0.00913	0.00665	0.00653	0.00216	0.01013	0.00522	0.00304	0.01019
19	0.00997	0.00727	0.00936	0.00884	0.01057	0.00667	0.00663	0.01322	0.01989	0.02792	0.65876	0.05423	0.11040	0.01479	0.00840	0.00225	0.00338	0.01302	0.00776	0.00667
20	0.03174	0.01245	0.01673	0.01283	0.01834	0.01096	0.01060	0.06220	0.02094	0.68198	0.02762	0.02393	0.01739	0.00880	0.00716	0.00220	0.00613	0.00713	0.00874	0.01212
21	0.01558	0.01558	0.02181	0.01869	0.01869	0.02181	0.01558	0.01714	0.01091	0.01714	0.00935	0.01558	0.00935	0.01246	0.02337	0.00312	0.73672	0.00623	0.00312	0.00779
22	0.01427	0.00991	0.01252	0.03870	0.01512	0.01028	0.00932	0.14216	0.01855	0.06023	0.11086	0.28628	0.03528	0.04442	0.08906	0.00374	0.00706	0.07816	0.00645	0.00762
23	0.01008	0.00728	0.00952	0.00896	0.01064	0.00672	0.00672	0.01344	0.02016	0.02855	0.70158	0.05319	0.06719	0.01456	0.00840	0.00224	0.00336	0.01288	0.00784	0.00672
24	0.01237	0.00618	0.00928	0.00928	0.00928	0.00618	0.00618	0.00928	0.00928	0.01237	0.01237	0.02165	0.01237	0.02474	0.02783	0.79283	0.00618	0.00618	0.00309	0.00309
25	0.01636	0.02121	0.19322	0.11316	0.44363	0.01673	0.02231	0.02222	0.04106	0.02277	0.01375	0.01748	0.01093	0.00666	0.00700	0.00219	0.00897	0.00614	0.00350	0.01072
26	0.01650	0.01680	0.02586	0.05378	0.04354	0.05524	0.18273	0.04721	0.01439	0.02033	0.01318	0.05194	0.01198	0.01032	0.01556	0.00271	0.37340	0.00739	0.02870	0.00843
27	0.00993	0.00727	0.00931	0.00880	0.01054	0.00665	0.00660	0.01314	0.01980	0.02770	0.64381	0.05460	0.12549	0.01488	0.00840	0.00225	0.00338	0.01307	0.00773	0.00665
28	0.00964	0.00717	0.00898	0.00872	0.01042	0.00650	0.00647	0.01252	0.01883	0.02588	0.52453	0.11947	0.18273	0.01591	0.00846	0.00233	0.00348	0.01395	0.00750	0.00650
29	0.01623	0.01761	0.03584	0.15207	0.10356	0.01777	0.45769	0.02155	0.01592	0.02169	0.01367	0.01878	0.01053	0.00665	0.00902	0.00241	0.05846	0.00770	0.00349	0.00936
30	0.01717	0.01960	0.12093	0.04056	0.61457	0.01687	0.02245	0.02195	0.01605	0.02317	0.01331	0.01728	0.01098	0.00640	0.00701	0.00213	0.00874	0.00620	0.00346	0.01118
31	0.80005	0.01377	0.01047	0.00936	0.01377	0.01597	0.00771	0.02093	0.01212	0.03195	0.00991	0.01157	0.00771	0.00661	0.00441	0.00220	0.00551	0.00386	0.00441	0.00771
32	0.01904	0.75404	0.03731	0.01218	0.01828	0.02818	0.01218	0.02132	0.01447	0.01675	0.00990	0.01142	0.00914	0.00609	0.00457	0.00152	0.00761	0.00381	0.00305	0.00914
33	0.01943	0.01266	0.01499	0.05002	0.01855	0.01341	0.01081	0.03047	0.33702	0.20181	0.05331	0.03539	0.08982	0.01119	0.00760	0.00243	0.00576	0.06774	0.00733	0.01023
34	0.01008	0.00728	0.00952	0.00896	0.01064	0.00672	0.00672	0.01344	0.02016	0.02855	0.70158	0.05319	0.06719	0.01456	0.00840	0.00224	0.00336	0.01288	0.00784	0.00672
35	0.00922	0.00725	0.00833	0.00806	0.01011	0.00636	0.00605	0.01178	0.01814	0.02376	0.37802	0.06107	0.39373	0.01634	0.00841	0.00232	0.00349	0.01398	0.00721	0.00636
36	0.01904	0.75404	0.03731	0.01218	0.01828	0.02818	0.01218	0.02132	0.01447	0.01675	0.00990	0.01142	0.00914	0.00609	0.00457	0.00152	0.00761	0.00381	0.00305	0.00914
37	0.03130	0.01226	0.01651	0.01275	0.01819	0.01080	0.01050	0.03484	0.05093	0.67933	0.02813	0.02434	0.01781	0.00885	0.00716	0.00221	0.00604	0.00720	0.00874	0.01208
38	0.01771	0.01530	0.01610	0.01449	0.01852	0.01771	0.01127	0.03784	0.69247	0.02979	0.02898	0.02657	0.02174	0.00966	0.00725	0.00242	0.00564	0.00805	0.00725	0.01127
39	0.01327	0.00664	0.00664	0.00664	0.00830	0.00664	0.00498	0.01659	0.01493	0.02655	0.02323	0.02655	0.01825	0.00830	0.00498	0.00166	0.00332	0.00664	0.78928	0.00664
40	0.80005	0.01377	0.01047	0.00936	0.01377	0.01597	0.00771	0.02093	0.01212	0.03195	0.00991	0.01157	0.00771	0.00661	0.00441	0.00220	0.00551	0.00386	0.00441	0.00771
41	0.02660	0.03394	0.02018	0.01834	0.02201	0.72116	0.01376	0.02843	0.02018	0.01743	0.01101	0.01284	0.00917	0.00734	0.00642	0.00183	0.01284	0.00459	0.00367	0.00825
42	0.80005	0.01377	0.01047	0.00936	0.01377	0.01597	0.00771	0.02093	0.01212	0.03195	0.00991	0.01157	0.00771	0.00661	0.00441	0.00220	0.00551	0.00386	0.00441	0.00771
43	0.01433	0.01407	0.01446	0.01360	0.01502	0.15293	0.01046	0.01631	0.01299	0.01653	0.01626	0.02487	0.01556	0.10812	0.39899	0.00775	0.13020	0.00708	0.00373	0.00676
44	0.01904	0.75404	0.03731	0.01218	0.01828	0.02818	0.01218	0.02132	0.01447	0.01675	0.00990	0.01142	0.00914	0.00609	0.00457	0.00152	0.00761	0.00381	0.00305	0.00914
45	0.01771	0.01530	0.01610	0.01449	0.01852	0.01771	0.01127	0.03784	0.69247	0.02979	0.02898	0.02657	0.02174	0.00966	0.00725	0.00242	0.00564	0.00805	0.00725	0.01127
46	0.00873	0.00624	0.00831	0.00988	0.01034	0.00582	0.00661	0.01004	0.01387	0.01855	0.06295	0.72034	0.04781	0.02203	0.00906	0.00287	0.00410	0.01998	0.00665	0.00582
47	0.03129	0.01199	0.01636	0.01268	0.01807	0.01039	0.01050	0.03406	0.02025	0.68806	0.02840	0.02604	0.01838	0.00916	0.00725	0.00224	0.00608	0.02812	0.00874	0.01194
48	0.01046	0.00747	0.01031	0.01196	0.01315	0.00732	0.00971	0.01300	0.01539	0.02018	0.03826	0.32112	0.04320	0.02063	0.00956	0.00314	0.00568	0.42661	0.00658	0.00628
49	0.00968	0.00695	0.00900	0.01014	0.01092	0.00665	0.00695	0.04240	0.01515	0.02035	0.09537	0.65048	0.04715	0.02098	0.00893	0.00280	0.00424	0.01894	0.00674	0.00617
50	0.01879	0.01949	0.02663	0.10703	0.52082	0.14043	0.02023	0.02265	0.01672	0.02174	0.01290	0.01692	0.01073	0.00660	0.00695	0.00209	0.00933	0.00603	0.00351	0.01042
51	0.01043	0.00745	0.01028	0.01192	0.01310	0.00730	0.00966	0.01295	0.01536	0.02014	0.03828	0.32841	0.04326	0.02065	0.00956	0.00313	0.00565	0.41962	0.00658	0.00627
52	0.00999	0.00728	0.00940	0.00887	0.01059	0.00668	0.00665	0.01327	0.01995	0.02807	0.66914	0.05398	0.09992	0.01474	0.00840	0.00225	0.00337	0.01299	0.00778	0.00668
53	0.02750	0.03314	0.01621	0.01249	0.01745	0.01127	0.01033	0.05013	0.06067	0.53397	0.03126	0.03071	0.07092	0.01017	0.00736	0.00228	0.00597	0.04883	0.00819	0.01117
54	0.05339	0.67550	0.03510	0.01246	0.01821	0.05031	0.01214	0.02141	0.01445	0.01745	0.00992	0.01160	0.00908	0.00635	0.00519	0.00161	0.02977	0.00391	0.00313	0.00901
55	0.04584	0.29557	0.27607	0.01954	0.11317	0.06348	0.01839	0.02286	0.01543	0.05179	0.01229	0.01421	0.00971	0.00659	0.00591	0.00194	0.00894	0.00487	0.00344	0.00995
56	0.02447	0.01701	0.01883	0.01507	0.01998	0.01853	0.01222	0.45569	0.10947	0.11480	0.02154	0.07540	0.01679	0.01135	0.03251	0.00256	0.00748	0.00780	0.00717	0.01132

[dist]
# distance from previous block
# <min> <max>
0	3

[block]
# block no. 2 follows, 29 sequences, length 146
# corresponding to MSA columns:
# 163-308
name=unknown_C
#
# <colnr> <probs for GDERKNQSTAVLIFYWHMCP>
#	G	D	E	R	K	N	Q	S	T	A	V	L	I	F	Y	W	H	M	C	P
0	0.11856	0.06114	0.05618	0.26470	0.14514	0.06179	0.01641	0.04212	0.04041	0.04435	0.05078	0.01888	0.01342	0.00761	0.00710	0.00222	0.02993	0.00614	0.00411	0.00900
1	0.77212	0.01371	0.01069	0.00948	0.01393	0.01577	0.00781	0.02143	0.01242	0.05661	0.01058	0.01203	0.00807	0.00669	0.00451	0.00220	0.00553	0.00398	0.00457	0.00787
2	0.01442	0.01158	0.01679	0.34152	0.02981	0.01395	0.01405	0.08112	0.01555	0.02222	0.01601	0.02146	0.01283	0.01479	0.11346	0.00360	0.07087	0.00659	0.17157	0.00781
3	0.00992	0.00727	0.00929	0.00879	0.01054	0.00665	0.00659	0.01312	0.01977	0.02764	0.63995	0.05469	0.12938	0.01490	0.00840	0.00226	0.00338	0.01309	0.00772	0.00665
4	0.01017	0.00763	0.01144	0.01144	0.01272	0.00890	0.00890	0.01272	0.01144	0.01653	0.01907	0.02797	0.01780	0.05340	0.72153	0.01144	0.01907	0.00763	0.00381	0.00636
5	0.44345	0.01300	0.01328	0.01090	0.01582	0.01342	0.00899	0.02732	0.01595	0.34686	0.01835	0.01745	0.01231	0.00763	0.00569	0.00220	0.00576	0.00539	0.00645	0.00976
6	0.01053	0.00760	0.01034	0.01188	0.01324	0.00741	0.00979	0.01317	0.01564	0.02034	0.04031	0.25746	0.08477	0.02027	0.00955	0.00312	0.00572	0.44597	0.00657	0.00632
7	0.01904	0.75404	0.03731	0.01218	0.01828	0.02818	0.01218	0.02132	0.01447	0.01675	0.00990	0.01142	0.00914	0.00609	0.00457	0.00152	0.00761	0.00381	0.00305	0.00914
8	0.00887	0.00714	0.00791	0.00791	0.00995	0.00618	0.00586	0.01103	0.01702	0.02157	0.23342	0.12514	0.47798	0.01751	0.00847	0.00241	0.00359	0.01493	0.00693	0.00618
9	0.01681	0.01921	0.04202	0.03001	0.03721	0.01801	0.67947	0.02281	0.01681	0.02281	0.01441	0.01921	0.01080	0.00600	0.00840	0.00240	0.01200	0.00840	0.00360	0.00960
10	0.01735	0.05233	0.23719	0.05538	0.33538	0.01695	0.02097	0.06226	0.03701	0.05142	0.01616	0.01873	0.03287	0.00719	0.00692	0.00217	0.00873	0.00627	0.00397	0.01075
11	0.01683	0.44782	0.06908	0.01183	0.01701	0.02057	0.01138	0.02047	0.05240	0.05354	0.08160	0.04769	0.10570	0.00926	0.00595	0.00187	0.00661	0.00706	0.00455	0.00876
12	0.03195	0.01212	0.01652	0.01267	0.01818	0.01047	0.01047	0.03470	0.02038	0.71026	0.02809	0.02424	0.01763	0.00881	0.00716	0.00220	0.00606	0.00716	0.00881	0.01212
13	0.00858	0.00655	0.00789	0.00897	0.01008	0.00586	0.00619	0.01002	0.01454	0.01855	0.05079	0.50759	0.27715	0.02081	0.00885	0.00272	0.00395	0.01841	0.00661	0.00586
14	0.01592	0.09537	0.33189	0.05718	0.17041	0.03892	0.11211	0.02191	0.01582	0.02210	0.04309	0.01759	0.01233	0.00689	0.00692	0.00217	0.00973	0.00614	0.00344	0.01007
15	0.02515	0.02564	0.02157	0.02078	0.11196	0.33732	0.01462	0.26760	0.05758	0.02887	0.01444	0.01571	0.01114	0.00776	0.00680	0.00201	0.01007	0.00566	0.00509	0.01022
16	0.01771	0.01530	0.01610	0.01449	0.01852	0.01771	0.01127	0.03784	0.69247	0.02979	0.02898	0.02657	0.02174	0.00966	0.00725	0.00242	0.00564	0.00805	0.00725	0.01127
17	0.02565	0.01963	0.02078	0.04526	0.02277	0.05182	0.01368	0.58974	0.03119	0.04131	0.01777	0.02043	0.01345	0.00904	0.00724	0.00220	0.00805	0.04176	0.00678	0.01147
18	0.02433	0.01768	0.01907	0.01507	0.01998	0.01942	0.01226	0.57006	0.03026	0.04102	0.01965	0.08746	0.01589	0.00985	0.00716	0.00218	0.00716	0.00775	0.06263	0.01112
19	0.00882	0.00626	0.00822	0.00973	0.01011	0.00588	0.00642	0.00995	0.01335	0.01781	0.03782	0.68580	0.04530	0.08407	0.01139	0.00323	0.00437	0.01940	0.00642	0.00566
20	0.00868	0.00620	0.00826	0.00991	0.01033	0.00578	0.00661	0.00991	0.01363	0.01818	0.03925	0.74510	0.04710	0.02231	0.00909	0.00289	0.00413	0.02024	0.00661	0.00578
21	0.08473	0.47290	0.19360	0.01428	0.02111	0.07127	0.01525	0.02206	0.01479	0.01946	0.01066	0.01238	0.00899	0.00638	0.00520	0.00177	0.00848	0.00421	0.00319	0.00928
22	0.01562	0.02425	0.29562	0.09873	0.09538	0.01625	0.24288	0.02187	0.01575	0.04374	0.01519	0.05437	0.01208	0.00736	0.00751	0.00233	0.01026	0.00734	0.00364	0.00982
23	0.02261	0.01732	0.01773	0.01452	0.01881	0.06177	0.01142	0.36200	0.16886	0.06944	0.02068	0.02396	0.01648	0.12787	0.01179	0.00295	0.00744	0.00732	0.00657	0.01044
24	0.01327	0.00787	0.01034	0.01011	0.01197	0.00729	0.00742	0.01619	0.03857	0.13398	0.30460	0.32736	0.04968	0.01661	0.00844	0.00250	0.00418	0.01478	0.00748	0.00735
25	0.16307	0.08748	0.02000	0.01499	0.01960	0.15010	0.01223	0.26463	0.10766	0.03150	0.01511	0.01592	0.01158	0.00811	0.00717	0.00213	0.04772	0.00558	0.00542	0.01000
26	0.01903	0.04495	0.01937	0.01476	0.04093	0.01485	0.05171	0.18964	0.08365	0.05904	0.01728	0.05161	0.01402	0.00759	0.00641	0.00173	0.00655	0.00633	0.00545	0.34513
27	0.02068	0.14105	0.06413	0.02465	0.21906	0.21955	0.04613	0.05614	0.01775	0.04259	0.01469	0.01708	0.03488	0.00750	0.00737	0.00202	0.04537	0.00580	0.00390	0.00966
28	0.01450	0.03532	0.65530	0.02113	0.03137	0.01666	0.08235	0.02257	0.01519	0.02257	0.01292	0.01539	0.00917	0.00670	0.00691	0.00227	0.01065	0.00553	0.00306	0.01044
29	0.01629	0.01557	0.02680	0.21047	0.48691	0.01630	0.04716	0.02068	0.01576	0.02192	0.01435	0.02084	0.01216	0.00712	0.00725	0.00224	0.00877	0.03568	0.00358	0.01018
30	0.03968	0.08304	0.52029	0.02185	0.06443	0.01755	0.11078	0.02241	0.01520	0.02251	0.01273	0.01535	0.00934	0.00659	0.00677	0.00221	0.01025	0.00559	0.00316	0.01026
31	0.01037	0.00737	0.00965	0.04767	0.01302	0.00733	0.00778	0.04516	0.01492	0.02035	0.03541	0.57833	0.04079	0.01959	0.00861	0.00275	0.00467	0.05244	0.06746	0.00632
32	0.01000	0.00728	0.00940	0.00887	0.01059	0.00668	0.00665	0.01328	0.01996	0.02809	0.67042	0.05395	0.09863	0.01473	0.00840	0.00225	0.00337	0.01298	0.00778	0.00668
33	0.01663	0.02192	0.20064	0.05508	0.48298	0.01685	0.05871	0.02198	0.01590	0.02293	0.01328	0.01710	0.01064	0.00645	0.00705	0.00217	0.00920	0.00619	0.00339	0.01091
34	0.00866	0.00625	0.00821	0.00978	0.01029	0.00580	0.00655	0.00993	0.01376	0.01823	0.04091	0.71082	0.08031	0.02209	0.00905	0.00287	0.00410	0.01998	0.00661	0.00580
35	0.01019	0.00692	0.00819	0.00834	0.00851	0.00701	0.00499	0.01056	0.01076	0.01448	0.02358	0.10678	0.02694	0.61293	0.10482	0.00702	0.00792	0.01095	0.00447	0.00466
36	0.02156	0.01922	0.01854	0.01515	0.01954	0.19569	0.04516	0.15694	0.04541	0.09811	0.12601	0.02258	0.02071	0.00881	0.00759	0.00198	0.03709	0.00688	0.00576	0.12727
37	0.01115	0.00920	0.01151	0.01335	0.07938	0.00885	0.00948	0.01537	0.08037	0.02125	0.05072	0.08170	0.34669	0.01674	0.00863	0.00266	0.00520	0.21421	0.00636	0.00718
38	0.01434	0.00767	0.00778	0.00739	0.00936	0.00783	0.00564	0.06815	0.01637	0.02797	0.02275	0.02581	0.01778	0.00832	0.00514	0.00170	0.00367	0.00662	0.72864	0.00706
39	0.01558	0.01558	0.02181	0.01869	0.01869	0.02181	0.01558	0.01714	0.01091	0.01714	0.00935	0.01558	0.00935	0.01246	0.02337	0.00312	0.73672	0.00623	0.00312	0.00779
40	0.02661	0.01972	0.02111	0.01629	0.02191	0.02187	0.01342	0.64995	0.06587	0.04413	0.01768	0.01756	0.01258	0.00860	0.00713	0.00215	0.00773	0.00649	0.00713	0.01207
41	0.01595	0.01794	0.09566	0.23457	0.34469	0.01684	0.11038	0.02089	0.01548	0.02153	0.01316	0.01792	0.01044	0.00672	0.00764	0.00227	0.02811	0.00651	0.00337	0.00993
42	0.01100	0.00790	0.01090	0.01249	0.01399	0.00780	0.01062	0.01396	0.01603	0.02083	0.03915	0.16589	0.06582	0.01995	0.00969	0.00320	0.00614	0.55163	0.00657	0.00644
43	0.05651	0.14439	0.50794	0.05177	0.02829	0.01800	0.02214	0.02262	0.01500	0.05284	0.01287	0.01490	0.00938	0.00676	0.00634	0.00214	0.00956	0.00510	0.00335	0.01011
44	0.01627	0.17877	0.46869	0.02011	0.05778	0.06167	0.05807	0.02264	0.01538	0.02112	0.01221	0.01452	0.00925	0.00660	0.00641	0.00208	0.01007	0.00515	0.00311	0.01009
45	0.00920	0.00719	0.00833	0.00816	0.01013	0.00633	0.00608	0.01170	0.01792	0.02351	0.36239	0.09467	0.37566	0.01663	0.00844	0.00235	0.00352	0.01429	0.00718	0.00633
46	0.01010	0.04064	0.01037	0.00914	0.01085	0.00746	0.00684	0.01292	0.01844	0.02547	0.50485	0.17504	0.10980	0.01582	0.00835	0.00234	0.00371	0.01394	0.00731	0.00661
47	0.01597	0.01323	0.01610	0.01158	0.01788	0.01044	0.03232	0.05123	0.01593	0.04518	0.01341	0.01532	0.01085	0.00557	0.00553	0.00119	0.00566	0.00456	0.00448	0.70356
48	0.01684	0.05732	0.23043	0.15957	0.17659	0.12951	0.01982	0.02174	0.01587	0.02065	0.01353	0.04499	0.01122	0.00735	0.00676	0.00212	0.00962	0.00607	0.00346	0.04654
49	0.06111	0.24675	0.02514	0.01715	0.06761	0.31451	0.01315	0.10390	0.01900	0.02153	0.01198	0.01455	0.01026	0.03667	0.00708	0.00202	0.00975	0.00489	0.00395	0.00902
50	0.02137	0.04941	0.01672	0.04924	0.01872	0.01416	0.01079	0.10272	0.20914	0.23802	0.13546	0.02963	0.05298	0.01010	0.00730	0.00224	0.00586	0.00836	0.00737	0.01041
51	0.02365	0.01516	0.01763	0.05101	0.02052	0.01565	0.01160	0.24917	0.14414	0.20561	0.02149	0.02084	0.01518	0.00830	0.00681	0.00205	0.00653	0.00661	0.04393	0.11411
52	0.00997	0.00724	0.00939	0.00893	0.01059	0.00666	0.00667	0.01320	0.01979	0.02786	0.65595	0.07830	0.08879	0.01495	0.00842	0.00227	0.00340	0.01321	0.00775	0.00666
53	0.01345	0.01266	0.02136	0.73264	0.04904	0.01582	0.01978	0.01819	0.01424	0.01819	0.01266	0.01898	0.00949	0.00712	0.00712	0.00237	0.00949	0.00633	0.00316	0.00791
54	0.00912	0.00652	0.00875	0.01028	0.01092	0.00615	0.00725	0.01073	0.01435	0.01915	0.07510	0.62112	0.04740	0.02154	0.00915	0.00291	0.00440	0.10258	0.00667	0.00593
55	0.01008	0.00728	0.00952	0.00896	0.01064	0.00672	0.00672	0.01344	0.02016	0.02855	0.70158	0.05319	0.06719	0.01456	0.00840	0.00224	0.00336	0.01288	0.00784	0.00672
56	0.03175	0.01243	0.01672	0.01282	0.01833	0.01093	0.01059	0.06055	0.02090	0.68368	0.02765	0.02395	0.01741	0.00880	0.00716	0.00220	0.00613	0.00713	0.00875	0.01212
57	0.01036	0.00690	0.00777	0.00777	0.00777	0.00690	0.00431	0.01036	0.01036	0.01381	0.02244	0.04660	0.02589	0.74975	0.03624	0.00690	0.00690	0.01036	0.00431	0.00431
58	0.02660	0.03394	0.02018	0.01834	0.02201	0.72116	0.01376	0.02843	0.02018	0.01743	0.01101	0.01284	0.00917	0.00734	0.00642	0.00183	0.01284	0.00459	0.00367	0.00825
59	0.00868	0.00620	0.00826	0.00991	0.01033	0.00578	0.00661	0.00991	0.01363	0.01818	0.03925	0.74510	0.04710	0.02231	0.00909	0.00289	0.00413	0.02024	0.00661	0.00578
60	0.80005	0.01377	0.01047	0.00936	0.01377	0.01597	0.00771	0.02093	0.01212	0.03195	0.00991	0.01157	0.00771	0.00661	0.00441	0.00220	0.00551	0.00386	0.00441	0.00771
61	0.01018	0.00760	0.01128	0.01128	0.01250	0.00881	0.00870	0.01261	0.01140	0.01641	0.01922	0.02879	0.01816	0.08403	0.69139	0.01124	0.01854	0.00775	0.00384	0.00627
62	0.00868	0.00620	0.00826	0.00991	0.01033	0.00578	0.00661	0.00991	0.01363	0.01818	0.03925	0.74510	0.04710	0.02231	0.00909	0.00289	0.00413	0.02024	0.00661	0.00578
63	0.01477	0.01266	0.01477	0.01055	0.01687	0.00949	0.00844	0.01793	0.01477	0.02320	0.01266	0.01477	0.01055	0.00527	0.00527	0.00105	0.00527	0.00422	0.00422	0.79328
64	0.80005	0.01377	0.01047	0.00936	0.01377	0.01597	0.00771	0.02093	0.01212	0.03195	0.00991	0.01157	0.00771	0.00661	0.00441	0.00220	0.00551	0.00386	0.00441	0.00771
65	0.80005	0.01377	0.01047	0.00936	0.01377	0.01597	0.00771	0.02093	0.01212	0.03195	0.00991	0.01157	0.00771	0.00661	0.00441	0.00220	0.00551	0.00386	0.00441	0.00771
66	0.04513	0.63673	0.03423	0.01289	0.01862	0.11777	0.01224	0.02223	0.01513	0.01733	0.01004	0.01161	0.00910	0.00627	0.00480	0.00159	0.00823	0.00391	0.00317	0.00898
67	0.01746	0.01675	0.02860	0.07124	0.67911	0.01687	0.02177	0.02171	0.01613	0.02306	0.01336	0.01768	0.01121	0.00638	0.00705	0.00213	0.00850	0.00634	0.00351	0.01114
68	0.06906	0.01868	0.11127	0.05756	0.16621	0.01695	0.01601	0.15940	0.14939	0.13500	0.01906	0.01961	0.01382	0.00791	0.00692	0.00223	0.00757	0.00652	0.00574	0.01109
69	0.00888	0.00722	0.00792	0.00817	0.01026	0.00626	0.00621	0.01092	0.01639	0.02021	0.12475	0.12736	0.52310	0.01824	0.00861	0.00251	0.00391	0.07623	0.00672	0.00611
70	0.01055	0.00921	0.01034	0.01135	0.06955	0.00864	0.00765	0.01523	0.11480	0.02111	0.06089	0.05812	0.54498	0.01583	0.00813	0.00238	0.00431	0.01328	0.00644	0.00722
71	0.01771	0.01530	0.01610	0.01449	0.01852	0.01771	0.01127	0.03784	0.69247	0.02979	0.02898	0.02657	0.02174	0.00966	0.00725	0.00242	0.00564	0.00805	0.00725	0.01127
72	0.01634	0.01582	0.08710	0.13868	0.17772	0.01449	0.04860	0.07613	0.08333	0.06404	0.13706	0.04638	0.04461	0.00935	0.00746	0.00227	0.00739	0.00833	0.00530	0.00959
73	0.02505	0.01875	0.02029	0.01543	0.02123	0.02002	0.01270	0.57293	0.03042	0.04133	0.01637	0.01671	0.01185	0.00801	0.00682	0.00196	0.00742	0.00605	0.00665	0.14001
74	0.05447	0.18745	0.41355	0.01875	0.06732	0.03691	0.02041	0.02337	0.01544	0.08092	0.01333	0.01498	0.00987	0.00678	0.00622	0.00207	0.00921	0.00509	0.00363	0.01022
75	0.01818	0.01558	0.01674	0.01543	0.03858	0.01791	0.01169	0.07000	0.63949	0.03036	0.02793	0.02583	0.02095	0.00951	0.00723	0.00239	0.00583	0.00792	0.00713	0.01131
76	0.01771	0.01530	0.01610	0.01449	0.01852	0.01771	0.01127	0.03784	0.69247	0.02979	0.02898	0.02657	0.02174	0.00966	0.00725	0.00242	0.00564	0.00805	0.00725	0.01127
77	0.01074	0.00871	0.02833	0.04397	0.03521	0.00809	0.00875	0.05244	0.01623	0.02189	0.14340	0.46718	0.06750	0.01840	0.00865	0.00267	0.00484	0.03976	0.00650	0.00674
78	0.01126	0.00851	0.01161	0.01401	0.07892	0.00837	0.00912	0.06372	0.01571	0.02106	0.03487	0.54991	0.04029	0.01942	0.00882	0.00280	0.00509	0.08328	0.00635	0.00689
79	0.10482	0.01227	0.01595	0.01236	0.01776	0.01099	0.01020	0.03340	0.01960	0.64591	0.02637	0.02303	0.01669	0.00860	0.00690	0.00220	0.00601	0.00685	0.00840	0.01170
80	0.00882	0.00634	0.00840	0.00999	0.01054	0.00592	0.00683	0.01019	0.01388	0.01839	0.04036	0.68432	0.07059	0.02201	0.00910	0.00290	0.00424	0.05474	0.00661	0.00583
81	0.01473	0.05545	0.55035	0.02300	0.11741	0.01658	0.04768	0.02192	0.01518	0.02229	0.01388	0.04458	0.01090	0.00728	0.00688	0.00224	0.00996	0.00607	0.00324	0.01036
82	0.02946	0.01225	0.01622	0.01259	0.01775	0.01099	0.01034	0.08201	0.02136	0.59355	0.09240	0.02649	0.02200	0.00935	0.00728	0.00220	0.00593	0.00766	0.00859	0.01160
83	0.03168	0.01255	0.01679	0.01288	0.01839	0.01111	0.01064	0.07062	0.02111	0.67332	0.02748	0.02384	0.01732	0.00880	0.00716	0.00220	0.00616	0.00712	0.00872	0.01212
84	0.05212	0.02064	0.16477	0.03482	0.47654	0.01687	0.02116	0.02339	0.07662	0.02410	0.01452	0.01763	0.01160	0.00674	0.00689	0.00217	0.00849	0.00617	0.00379	0.01097
85	0.01557	0.08725	0.05380	0.52090	0.08291	0.01772	0.01886	0.08156	0.01623	0.02107	0.01286	0.01781	0.00979	0.00709	0.00685	0.00225	0.00913	0.00604	0.00354	0.00875
86	0.00933	0.00759	0.00834	0.00835	0.01055	0.00678	0.00634	0.01229	0.04657	0.02149	0.18212	0.09887	0.48202	0.01734	0.00848	0.00245	0.00386	0.05396	0.00686	0.00639
87	0.00907	0.00654	0.00861	0.00977	0.01057	0.00609	0.00682	0.01083	0.01511	0.02033	0.16517	0.55171	0.08002	0.02053	0.00897	0.00277	0.00408	0.05016	0.00684	0.00601
88	0.01660	0.01033	0.04356	0.01215	0.03325	0.00861	0.00985	0.01955	0.01779	0.21890	0.14937	0.11825	0.14790	0.01476	0.00831	0.00254	0.00538	0.14741	0.00719	0.00831
89	0.01635	0.01292	0.01511	0.01104	0.01710	0.01028	0.00884	0.06313	0.01629	0.06191	0.01458	0.03714	0.01212	0.00619	0.00561	0.00124	0.00545	0.00500	0.00473	0.67495
90	0.80005	0.01377	0.01047	0.00936	0.01377	0.01597	0.00771	0.02093	0.01212	0.03195	0.00991	0.01157	0.00771	0.00661	0.00441	0.00220	0.00551	0.00386	0.00441	0.00771
91	0.80005	0.01377	0.01047	0.00936	0.01377	0.01597	0.00771	0.02093	0.01212	0.03195	0.00991	0.01157	0.00771	0.00661	0.00441	0.00220	0.00551	0.00386	0.00441	0.00771
92	0.00875	0.00626	0.00833	0.00986	0.01034	0.00583	0.00662	0.01011	0.01399	0.01874	0.07530	0.70744	0.04819	0.02189	0.00905	0.00286	0.00409	0.01984	0.00668	0.00583
93	0.00842	0.00721	0.00721	0.00721	0.00962	0.00601	0.00541	0.01022	0.01623	0.01924	0.07213	0.06853	0.70244	0.01803	0.00842	0.00240	0.00361	0.01503	0.00661	0.00601
94	0.02707	0.01995	0.02137	0.01638	0.02208	0.02208	0.01353	0.68159	0.03348	0.04488	0.01710	0.01710	0.01211	0.00855	0.00712	0.00214	0.00784	0.00641	0.00712	0.01211
95	0.00938	0.00720	0.00869	0.00947	0.01089	0.00669	0.00688	0.01203	0.04582	0.02033	0.11483	0.37977	0.24795	0.01943	0.00880	0.00269	0.00417	0.07196	0.00676	0.00626
96	0.00977	0.00712	0.00920	0.00899	0.01053	0.00654	0.00662	0.01273	0.01898	0.02649	0.56784	0.15378	0.10299	0.01589	0.00850	0.00234	0.00349	0.01407	0.00759	0.00654
97	0.01371	0.00874	0.01106	0.00997	0.01242	0.00833	0.00765	0.01867	0.08930	0.11841	0.52731	0.04702	0.07226	0.01338	0.00812	0.00226	0.00396	0.01168	0.00787	0.00788
98	0.01017	0.00763	0.01144	0.01144	0.01272	0.00890	0.00890	0.01272	0.01144	0.01653	0.01907	0.02797	0.01780	0.05340	0.72153	0.01144	0.01907	0.00763	0.00381	0.00636
99	0.00978	0.00727	0.00911	0.00865	0.01046	0.00659	0.00648	0.01286	0.01945	0.02689	0.58891	0.05594	0.18090	0.01518	0.00840	0.00227	0.00340	0.01326	0.00762	0.00659
100	0.80005	0.01377	0.01047	0.00936	0.01377	0.01597	0.00771	0.02093	0.01212	0.03195	0.00991	0.01157	0.00771	0.00661	0.00441	0.00220	0.00551	0.00386	0.00441	0.00771
101	0.01558	0.01558	0.02181	0.01869	0.01869	0.02181	0.01558	0.01714	0.01091	0.01714	0.00935	0.01558	0.00935	0.01246	0.02337	0.00312	0.73672	0.00623	0.00312	0.00779
102	0.01537	0.01301	0.01509	0.01083	0.01713	0.01011	0.00869	0.05055	0.01569	0.02427	0.01287	0.01488	0.01062	0.00543	0.00536	0.00111	0.00540	0.00433	0.00436	0.75488
103	0.76529	0.01468	0.01090	0.00977	0.01414	0.04766	0.00798	0.02127	0.01248	0.03130	0.00996	0.01162	0.00778	0.00664	0.00450	0.00219	0.00584	0.00389	0.00437	0.00774
104	0.80005	0.01377	0.01047	0.00936	0.01377	0.01597	0.00771	0.02093	0.01212	0.03195	0.00991	0.01157	0.00771	0.00661	0.00441	0.00220	0.00551	0.00386	0.00441	0.00771
105	0.01362	0.01173	0.01912	0.56907	0.04073	0.01425	0.01721	0.03770	0.01426	0.01839	0.01412	0.02264	0.01169	0.01033	0.01018	0.11364	0.00881	0.04175	0.00346	0.00729
106	0.01456	0.06152	0.65936	0.02043	0.03065	0.01701	0.05454	0.02252	0.01509	0.02236	0.01275	0.01509	0.00910	0.00671	0.00676	0.00224	0.01049	0.00535	0.00303	0.01043
107	0.01428	0.03683	0.71286	0.02030	0.03082	0.01654	0.02631	0.02255	0.01503	0.02255	0.01278	0.01503	0.00902	0.00677	0.00677	0.00226	0.01052	0.00526	0.00301	0.01052
108	0.00949	0.00656	0.00849	0.00941	0.00978	0.00646	0.00615	0.01031	0.01224	0.01646	0.03098	0.43166	0.03623	0.24048	0.09282	0.03972	0.00661	0.01538	0.00548	0.00529
109	0.01472	0.05766	0.62599	0.02166	0.06411	0.01699	0.05649	0.02249	0.01516	0.02241	0.01279	0.01524	0.00922	0.00669	0.00679	0.00223	0.01040	0.00542	0.00306	0.01047
110	0.01726	0.01301	0.01687	0.01889	0.16054	0.01353	0.01224	0.02696	0.27487	0.11317	0.11763	0.03489	0.09261	0.01086	0.00760	0.00235	0.00584	0.04424	0.00664	0.01002
111	0.00960	0.00726	0.00885	0.00845	0.01034	0.00651	0.00634	0.01251	0.01902	0.02585	0.51920	0.05763	0.25124	0.01556	0.00840	0.00229	0.00343	0.01350	0.00748	0.00651
112	0.01470	0.02950	0.46735	0.12738	0.03487	0.01675	0.16514	0.02196	0.01530	0.02196	0.01311	0.01651	0.00947	0.00665	0.00717	0.00230	0.01069	0.00609	0.00316	0.00994
113	0.04666	0.07152	0.05438	0.01397	0.01932	0.01529	0.01213	0.14684	0.06417	0.39248	0.02244	0.02103	0.01518	0.00976	0.02579	0.00243	0.04152	0.00662	0.00717	0.01129
114	0.01036	0.00690	0.00777	0.00777	0.00777	0.00690	0.00431	0.01036	0.01036	0.01381	0.02244	0.04660	0.02589	0.74975	0.03624	0.00690	0.00690	0.01036	0.00431	0.00431
115	0.12949	0.01186	0.01495	0.01179	0.01683	0.01078	0.00968	0.03070	0.01909	0.55579	0.05972	0.02615	0.05258	0.00925	0.00692	0.00221	0.00574	0.00739	0.00809	0.01099
116	0.02649	0.01878	0.02064	0.03834	0.02238	0.02064	0.01333	0.56732	0.07171	0.09920	0.01860	0.01833	0.01308	0.00859	0.00713	0.00217	0.00760	0.00657	0.00715	0.01193
117	0.41616	0.01722	0.10263	0.13279	0.09842	0.01653	0.01401	0.05927	0.03840	0.02825	0.01218	0.01472	0.00930	0.00690	0.00569	0.00223	0.00724	0.00500	0.00419	0.00886
118	0.00868	0.00620	0.00826	0.00991	0.01033	0.00578	0.00661	0.00991	0.01363	0.01818	0.03925	0.74510	0.04710	0.02231	0.00909	0.00289	0.00413	0.02024	0.00661	0.00578
119	0.01928	0.01447	0.01621	0.01226	0.01784	0.01352	0.00991	0.22600	0.04792	0.05830	0.01627	0.01741	0.01246	0.00688	0.00598	0.00155	0.00594	0.00539	0.07634	0.41607
120	0.01030	0.00762	0.00958	0.00904	0.01082	0.00717	0.00675	0.01419	0.04976	0.02743	0.60184	0.05294	0.11193	0.03824	0.00924	0.00241	0.00359	0.01274	0.00761	0.00679
121	0.01742	0.28154	0.36139	0.01663	0.02462	0.02098	0.01907	0.10731	0.01709	0.02320	0.01259	0.01457	0.00981	0.00863	0.03461	0.00235	0.00951	0.00500	0.00359	0.01008
122	0.06420	0.18853	0.08027	0.05566	0.11624	0.18175	0.01524	0.11753	0.05567	0.04172	0.01353	0.01524	0.01069	0.00716	0.00620	0.00197	0.00903	0.00527	0.00429	0.00981
123	0.01237	0.00618	0.00928	0.00928	0.00928	0.00618	0.00618	0.00928	0.00928	0.01237	0.01237	0.02165	0.01237	0.02474	0.02783	0.79283	0.00618	0.00618	0.00309	0.00309
124	0.01247	0.01162	0.01094	0.01066	0.02985	0.10398	0.00777	0.04131	0.01890	0.02355	0.29107	0.05199	0.33008	0.01463	0.00805	0.00225	0.00506	0.01226	0.00661	0.00695
125	0.01327	0.00664	0.00664	0.00664	0.00830	0.00664	0.00498	0.01659	0.01493	0.02655	0.02323	0.02655	0.01825	0.00830	0.00498	0.00166	0.00332	0.00664	0.78928	0.00664
126	0.01431	0.00783	0.00814	0.00771	0.00970	0.00808	0.00591	0.07371	0.01636	0.02763	0.02249	0.02580	0.01770	0.01055	0.04063	0.00218	0.00449	0.00667	0.68299	0.00709
127	0.01697	0.02011	0.14058	0.03860	0.56004	0.01710	0.02227	0.02173	0.01575	0.02284	0.01309	0.01710	0.01081	0.00672	0.00783	0.00219	0.04570	0.00616	0.00342	0.01098
128	0.00941	0.00660	0.00816	0.00898	0.00937	0.00640	0.00573	0.01024	0.01233	0.01638	0.03316	0.39422	0.07034	0.31800	0.05369	0.00489	0.00593	0.01538	0.00555	0.00523
129	0.01661	0.01964	0.06758	0.02874	0.03552	0.01824	0.60158	0.02236	0.01628	0.02236	0.01395	0.01876	0.01062	0.00653	0.00950	0.00245	0.06814	0.00811	0.00354	0.00950
130	0.01273	0.00951	0.01218	0.01302	0.01513	0.00984	0.01103	0.04873	0.10293	0.02325	0.03721	0.10393	0.06658	0.01794	0.00928	0.00306	0.00625	0.48338	0.00668	0.00735
131	0.00965	0.00693	0.00898	0.01015	0.01091	0.00662	0.00695	0.04191	0.01507	0.02023	0.08859	0.65808	0.04697	0.02107	0.00894	0.00281	0.00425	0.01903	0.00673	0.00615
132	0.02623	0.06958	0.02103	0.01804	0.02183	0.68686	0.01368	0.02808	0.01990	0.01739	0.01095	0.01277	0.00917	0.00728	0.00633	0.00182	0.01258	0.00455	0.00364	0.00830
133	0.01401	0.01323	0.02238	0.63957	0.13771	0.01597	0.02006	0.01869	0.01451	0.01888	0.01276	0.01880	0.00973	0.00701	0.00711	0.00234	0.00935	0.00633	0.00321	0.00837
134	0.01596	0.01336	0.01540	0.01111	0.01738	0.01071	0.00893	0.08212	0.01658	0.02530	0.01309	0.01499	0.01070	0.00559	0.00545	0.00116	0.00552	0.00443	0.00450	0.71772
135	0.01036	0.00706	0.00910	0.01005	0.01080	0.00686	0.00695	0.04346	0.01437	0.01942	0.05317	0.52269	0.04012	0.06510	0.01226	0.07690	0.00474	0.04705	0.03369	0.00585
136	0.07803	0.01298	0.01663	0.01283	0.01829	0.01192	0.01060	0.09644	0.02115	0.60479	0.02593	0.02278	0.01649	0.00865	0.00699	0.00220	0.00620	0.00689	0.00838	0.01185
137	0.01477	0.01266	0.01477	0.01055	0.01687	0.00949	0.00844	0.01793	0.01477	0.02320	0.01266	0.01477	0.01055	0.00527	0.00527	0.00105	0.00527	0.00422	0.00422	0.79328
138	0.01061	0.00757	0.00907	0.00875	0.01092	0.00673	0.00673	0.01328	0.01825	0.05868	0.35506	0.06018	0.32597	0.01610	0.00845	0.00239	0.00385	0.06345	0.00728	0.00669
139	0.00956	0.00717	0.00916	0.00987	0.01122	0.00634	0.00682	0.01115	0.01409	0.01922	0.05604	0.59567	0.06907	0.01953	0.00851	0.00260	0.00425	0.01758	0.00631	0.11584
140	0.01010	0.00738	0.00878	0.00850	0.01044	0.00659	0.00635	0.01262	0.01785	0.04346	0.36803	0.07650	0.30303	0.05609	0.00995	0.00261	0.00385	0.03430	0.00714	0.00645
141	0.01013	0.00681	0.00783	0.00806	0.00811	0.00675	0.00463	0.01030	0.01080	0.01440	0.02472	0.14141	0.02877	0.65101	0.03256	0.00636	0.00653	0.01170	0.00463	0.00451
142	0.00933	0.00672	0.00890	0.01040	0.01119	0.00636	0.00755	0.01101	0.01429	0.01879	0.04024	0.53989	0.08169	0.04341	0.01003	0.00307	0.00472	0.15997	0.00653	0.00592
143	0.01132	0.00757	0.00860	0.00835	0.00880	0.00776	0.00508	0.04383	0.01181	0.01619	0.02201	0.04293	0.02430	0.63076	0.07464	0.00666	0.00749	0.00979	0.04715	0.00495
144	0.01714	0.01653	0.02854	0.11884	0.60983	0.01684	0.04472	0.02149	0.01602	0.02269	0.01335	0.01783	0.01107	0.00642	0.00710	0.00215	0.00870	0.00642	0.00349	0.01085
145	0.01401	0.01323	0.02238	0.63963	0.13765	0.01597	0.02006	0.01869	0.01450	0.01888	0.01276	0.01880	0.00973	0.00701	0.00711	0.00234	0.00935	0.00633	0.00321	0.00836

[dist]
# distance from previous block
# <min> <max>
0	20

# created by:
# /st0/software/busco_prod/Augustus/scripts/msa2prfl.pl ./align_prep/131739.fa
