[name]
unknown

[dist]
# distance from previous block
# <min> <max>
0	44

[block]
# block no. 0 follows, 29 sequences, length 12
# corresponding to MSA columns:
# 44-55
name=unknown_A
#
# <colnr> <probs for GDERKNQSTAVLIFYWHMCP>
#	G	D	E	R	K	N	Q	S	T	A	V	L	I	F	Y	W	H	M	C	P
0	0.01147	0.00820	0.01147	0.01311	0.01475	0.00820	0.01147	0.01475	0.01639	0.02131	0.03770	0.08032	0.04098	0.01967	0.00984	0.00328	0.00656	0.65741	0.00656	0.00656
1	0.03195	0.01212	0.01652	0.01267	0.01818	0.01047	0.01047	0.03470	0.02038	0.71026	0.02809	0.02424	0.01763	0.00881	0.00716	0.00220	0.00606	0.00716	0.00881	0.01212
2	0.00868	0.00620	0.00826	0.00991	0.01033	0.00578	0.00661	0.00991	0.01363	0.01818	0.03925	0.74510	0.04710	0.02231	0.00909	0.00289	0.00413	0.02024	0.00661	0.00578
3	0.01345	0.01266	0.02136	0.73264	0.04904	0.01582	0.01978	0.01819	0.01424	0.01819	0.01266	0.01898	0.00949	0.00712	0.00712	0.00237	0.00949	0.00633	0.00316	0.00791
4	0.02166	0.01919	0.01831	0.01419	0.01982	0.13636	0.01137	0.28250	0.02310	0.03080	0.01413	0.01536	0.01093	0.00692	0.00620	0.00162	0.00758	0.00515	0.00527	0.34954
5	0.00852	0.00681	0.00763	0.00828	0.00990	0.00592	0.00589	0.01010	0.01520	0.01882	0.05911	0.33641	0.44297	0.01973	0.00868	0.00260	0.00381	0.01709	0.00661	0.00592
6	0.06038	0.59125	0.15156	0.01342	0.02018	0.02552	0.01436	0.02151	0.01444	0.01857	0.01039	0.01205	0.00904	0.00624	0.00494	0.00169	0.00800	0.00406	0.00311	0.00930
7	0.02660	0.03394	0.02018	0.01834	0.02201	0.72116	0.01376	0.02843	0.02018	0.01743	0.01101	0.01284	0.00917	0.00734	0.00642	0.00183	0.01284	0.00459	0.00367	0.00825
8	0.03080	0.01276	0.01677	0.01299	0.01842	0.01157	0.01069	0.07164	0.06210	0.63098	0.02752	0.02397	0.01756	0.00885	0.00716	0.00221	0.00613	0.00717	0.00862	0.01207
9	0.00868	0.00620	0.00826	0.00991	0.01033	0.00578	0.00661	0.00991	0.01363	0.01818	0.03925	0.74510	0.04710	0.02231	0.00909	0.00289	0.00413	0.02024	0.00661	0.00578
10	0.01559	0.01314	0.01521	0.01094	0.01722	0.01033	0.00878	0.06217	0.01601	0.02465	0.01295	0.01492	0.01065	0.00549	0.00540	0.00113	0.00544	0.00436	0.00441	0.74121
11	0.01183	0.00914	0.01021	0.00983	0.01237	0.00895	0.00749	0.01798	0.16577	0.05032	0.16544	0.11978	0.32589	0.01570	0.00823	0.00245	0.00428	0.03975	0.00705	0.00753

[dist]
# distance from previous block
# <min> <max>
3	5

[block]
# block no. 1 follows, 29 sequences, length 10
# corresponding to MSA columns:
# 62-71
name=unknown_B
#
# <colnr> <probs for GDERKNQSTAVLIFYWHMCP>
#	G	D	E	R	K	N	Q	S	T	A	V	L	I	F	Y	W	H	M	C	P
0	0.01345	0.01266	0.02136	0.73264	0.04904	0.01582	0.01978	0.01819	0.01424	0.01819	0.01266	0.01898	0.00949	0.00712	0.00712	0.00237	0.00949	0.00633	0.00316	0.00791
1	0.01477	0.01266	0.01477	0.01055	0.01687	0.00949	0.00844	0.01793	0.01477	0.02320	0.01266	0.01477	0.01055	0.00527	0.00527	0.00105	0.00527	0.00422	0.00422	0.79328
2	0.01669	0.01593	0.02670	0.04000	0.63469	0.01581	0.02018	0.02067	0.01622	0.02285	0.01936	0.02279	0.08146	0.00753	0.00719	0.00214	0.00797	0.00723	0.00384	0.01074
3	0.01762	0.01692	0.02890	0.04371	0.70533	0.01692	0.02185	0.02185	0.01621	0.02326	0.01339	0.01762	0.01128	0.00634	0.00705	0.00211	0.00846	0.00634	0.00352	0.01128
4	0.01648	0.01580	0.03157	0.02329	0.02913	0.01450	0.44515	0.02114	0.01636	0.07789	0.01947	0.13985	0.01737	0.00887	0.00810	0.00233	0.00953	0.00985	0.00459	0.08875
5	0.02324	0.01227	0.01512	0.01200	0.01696	0.01118	0.00968	0.05304	0.11735	0.36066	0.07169	0.02802	0.07549	0.00939	0.00701	0.00204	0.00555	0.00773	0.00744	0.15416
6	0.01762	0.01692	0.02890	0.04371	0.70533	0.01692	0.02185	0.02185	0.01621	0.02326	0.01339	0.01762	0.01128	0.00634	0.00705	0.00211	0.00846	0.00634	0.00352	0.01128
7	0.00967	0.00707	0.00893	0.00884	0.01028	0.00649	0.00639	0.01227	0.01798	0.02479	0.47372	0.16961	0.13614	0.06334	0.01030	0.00267	0.00374	0.01419	0.00726	0.00633
8	0.02251	0.01331	0.01565	0.01265	0.01716	0.01328	0.01019	0.19547	0.10422	0.25260	0.13559	0.03105	0.08928	0.01048	0.00739	0.00219	0.00577	0.00860	0.00762	0.04499
9	0.01661	0.01251	0.01511	0.01637	0.12878	0.06788	0.01066	0.04388	0.04577	0.12520	0.33086	0.03875	0.09487	0.01166	0.00775	0.00220	0.00564	0.01005	0.00677	0.00869

[dist]
# distance from previous block
# <min> <max>
17	32

[block]
# block no. 2 follows, 29 sequences, length 20
# corresponding to MSA columns:
# 104-123
name=unknown_C
#
# <colnr> <probs for GDERKNQSTAVLIFYWHMCP>
#	G	D	E	R	K	N	Q	S	T	A	V	L	I	F	Y	W	H	M	C	P
0	0.02774	0.07538	0.01891	0.01313	0.01866	0.01421	0.01098	0.16956	0.02224	0.43363	0.04609	0.02190	0.01689	0.00845	0.00683	0.00204	0.00641	0.00669	0.00758	0.07268
1	0.02192	0.01465	0.01648	0.01373	0.01819	0.01569	0.01097	0.19129	0.29512	0.17800	0.09271	0.02804	0.05077	0.01002	0.00736	0.00228	0.00596	0.00821	0.00758	0.01100
2	0.00923	0.00725	0.00835	0.00807	0.01012	0.00636	0.00605	0.01180	0.01816	0.02382	0.38162	0.06099	0.39010	0.01632	0.00841	0.00232	0.00349	0.01397	0.00722	0.00636
3	0.01840	0.65807	0.12770	0.01327	0.01995	0.02662	0.01407	0.02149	0.01454	0.01753	0.01028	0.01191	0.00912	0.00618	0.00486	0.00162	0.00800	0.00400	0.00304	0.00932
4	0.01017	0.00763	0.01144	0.01144	0.01272	0.00890	0.00890	0.01272	0.01144	0.01653	0.01907	0.02797	0.01780	0.05340	0.72153	0.01144	0.01907	0.00763	0.00381	0.00636
5	0.00932	0.00725	0.00847	0.00816	0.01017	0.00640	0.00612	0.01197	0.01837	0.02431	0.41510	0.06017	0.35631	0.01614	0.00841	0.00231	0.00347	0.01386	0.00728	0.00640
6	0.02381	0.01524	0.01759	0.01358	0.01897	0.01499	0.01103	0.31445	0.02428	0.19568	0.02037	0.07541	0.01579	0.00890	0.00684	0.00195	0.00650	0.00714	0.00678	0.20069
7	0.02707	0.01995	0.02137	0.01638	0.02208	0.02208	0.01353	0.68159	0.03348	0.04488	0.01710	0.01710	0.01211	0.00855	0.00712	0.00214	0.00784	0.00641	0.00712	0.01211
8	0.01511	0.14475	0.58152	0.01949	0.02919	0.01836	0.05238	0.02238	0.01502	0.02168	0.01241	0.01467	0.00912	0.00663	0.00650	0.00215	0.01015	0.00518	0.00304	0.01027
9	0.02537	0.15085	0.02296	0.01734	0.02141	0.60865	0.01350	0.02728	0.01925	0.01732	0.01083	0.01261	0.00917	0.00714	0.00612	0.00178	0.01199	0.00446	0.00357	0.00840
10	0.00866	0.00625	0.00821	0.00977	0.01029	0.00580	0.00655	0.00993	0.01377	0.01823	0.04099	0.70931	0.08177	0.02208	0.00905	0.00287	0.00410	0.01997	0.00661	0.00580
11	0.01711	0.02373	0.27005	0.03398	0.43487	0.01648	0.02290	0.02270	0.01599	0.05508	0.01386	0.01702	0.01078	0.00661	0.00695	0.00217	0.00908	0.00600	0.00359	0.01105
12	0.01982	0.01359	0.04678	0.01161	0.01789	0.01010	0.00984	0.02309	0.01644	0.22602	0.01722	0.01757	0.01257	0.00639	0.00590	0.00145	0.00574	0.00513	0.00552	0.52735
13	0.00923	0.00706	0.00797	0.00844	0.00984	0.00640	0.00599	0.01066	0.01439	0.01798	0.05097	0.18807	0.35676	0.19058	0.01521	0.00364	0.00478	0.08036	0.00607	0.00563
14	0.02061	0.11290	0.02392	0.01581	0.02166	0.01780	0.10294	0.22578	0.04309	0.07207	0.01528	0.01667	0.01164	0.00714	0.00707	0.00183	0.03608	0.00580	0.00522	0.23667
15	0.01904	0.75404	0.03731	0.01218	0.01828	0.02818	0.01218	0.02132	0.01447	0.01675	0.00990	0.01142	0.00914	0.00609	0.00457	0.00152	0.00761	0.00381	0.00305	0.00914
16	0.01477	0.01266	0.01477	0.01055	0.01687	0.00949	0.00844	0.01793	0.01477	0.02320	0.01266	0.01477	0.01055	0.00527	0.00527	0.00105	0.00527	0.00422	0.00422	0.79328
17	0.01613	0.31551	0.45037	0.01714	0.02595	0.02106	0.02082	0.02207	0.01481	0.02030	0.01166	0.01363	0.00907	0.00650	0.00591	0.00197	0.00939	0.00470	0.00302	0.00999
18	0.02237	0.01561	0.01735	0.01406	0.01839	0.01681	0.01123	0.41097	0.07446	0.09367	0.09235	0.09130	0.02302	0.05371	0.00915	0.00252	0.00667	0.00877	0.00714	0.01045
19	0.01892	0.01824	0.02663	0.05682	0.35410	0.08022	0.11066	0.12654	0.01934	0.02563	0.01819	0.02242	0.05376	0.00789	0.00737	0.00220	0.00894	0.02744	0.00439	0.01032

[dist]
# distance from previous block
# <min> <max>
0	2

[block]
# block no. 3 follows, 29 sequences, length 75
# corresponding to MSA columns:
# 126-200
name=unknown_D
#
# <colnr> <probs for GDERKNQSTAVLIFYWHMCP>
#	G	D	E	R	K	N	Q	S	T	A	V	L	I	F	Y	W	H	M	C	P
0	0.30327	0.01621	0.01630	0.12896	0.02243	0.05022	0.01182	0.25673	0.02068	0.03328	0.01395	0.01589	0.01041	0.00754	0.00595	0.00215	0.00717	0.00541	0.06238	0.00926
1	0.00875	0.00623	0.00824	0.00982	0.01021	0.00584	0.00650	0.00994	0.01348	0.01797	0.03847	0.71265	0.04611	0.05611	0.01035	0.00308	0.00426	0.01978	0.00650	0.00572
2	0.01004	0.00836	0.00898	0.00896	0.01098	0.03017	0.00668	0.01309	0.04745	0.02229	0.24586	0.15058	0.35645	0.01692	0.00843	0.00243	0.00409	0.03484	0.00690	0.00651
3	0.17037	0.03225	0.57333	0.01812	0.02743	0.01643	0.02261	0.02223	0.01445	0.02442	0.01221	0.01435	0.00876	0.00673	0.00630	0.00224	0.00953	0.00498	0.00328	0.00996
4	0.57749	0.10811	0.12724	0.01148	0.01708	0.01756	0.01126	0.02124	0.01288	0.02857	0.01038	0.01211	0.00810	0.00657	0.00481	0.00213	0.00658	0.00408	0.00401	0.00834
5	0.00868	0.00620	0.00826	0.00991	0.01033	0.00578	0.00661	0.00991	0.01363	0.01818	0.03925	0.74510	0.04710	0.02231	0.00909	0.00289	0.00413	0.02024	0.00661	0.00578
6	0.01970	0.33624	0.28332	0.01554	0.02307	0.05215	0.01721	0.02426	0.01589	0.13099	0.01395	0.01489	0.01047	0.00684	0.00588	0.00192	0.00868	0.00492	0.00399	0.01009
7	0.02707	0.01995	0.02137	0.01638	0.02208	0.02208	0.01353	0.68159	0.03348	0.04488	0.01710	0.01710	0.01211	0.00855	0.00712	0.00214	0.00784	0.00641	0.00712	0.01211
8	0.01762	0.01692	0.02890	0.04371	0.70533	0.01692	0.02185	0.02185	0.01621	0.02326	0.01339	0.01762	0.01128	0.00634	0.00705	0.00211	0.00846	0.00634	0.00352	0.01128
9	0.01996	0.66589	0.03522	0.01294	0.01873	0.11300	0.01238	0.02219	0.01517	0.01684	0.01004	0.01160	0.00914	0.00624	0.00480	0.00156	0.00825	0.00390	0.00312	0.00903
10	0.01237	0.00618	0.00928	0.00928	0.00928	0.00618	0.00618	0.00928	0.00928	0.01237	0.01237	0.02165	0.01237	0.02474	0.02783	0.79283	0.00618	0.00618	0.00309	0.00309
11	0.01142	0.00852	0.00987	0.00977	0.01195	0.00821	0.00731	0.01637	0.12276	0.05347	0.17559	0.21143	0.26872	0.01667	0.00838	0.00251	0.00422	0.03856	0.00704	0.00722
12	0.01690	0.01983	0.12884	0.03700	0.53323	0.04064	0.02128	0.02152	0.01618	0.02274	0.01621	0.02098	0.03786	0.00731	0.00713	0.00217	0.00867	0.02713	0.00367	0.01071
13	0.00965	0.00723	0.00895	0.00860	0.01040	0.00653	0.00642	0.01259	0.01904	0.02608	0.53584	0.08071	0.21053	0.01561	0.00843	0.00230	0.00344	0.01362	0.00752	0.00653
14	0.01327	0.00664	0.00664	0.00664	0.00830	0.00664	0.00498	0.01659	0.01493	0.02655	0.02323	0.02655	0.01825	0.00830	0.00498	0.00166	0.00332	0.00664	0.78928	0.00664
15	0.01494	0.10949	0.48602	0.08513	0.03023	0.01828	0.04756	0.02152	0.01458	0.02102	0.01219	0.01521	0.00917	0.00723	0.00819	0.00227	0.07865	0.00541	0.00306	0.00984
16	0.02560	0.01883	0.02028	0.01578	0.02102	0.02084	0.01289	0.60692	0.06252	0.04205	0.01761	0.01852	0.01294	0.02937	0.00874	0.03347	0.00764	0.00659	0.00689	0.01150
17	0.00868	0.00620	0.00826	0.00991	0.01033	0.00578	0.00661	0.00991	0.01363	0.01818	0.03925	0.74510	0.04710	0.02231	0.00909	0.00289	0.00413	0.02024	0.00661	0.00578
18	0.02660	0.03394	0.02018	0.01834	0.02201	0.72116	0.01376	0.02843	0.02018	0.01743	0.01101	0.01284	0.00917	0.00734	0.00642	0.00183	0.01284	0.00459	0.00367	0.00825
19	0.02317	0.36081	0.02796	0.01555	0.02032	0.40660	0.01304	0.02521	0.01759	0.01712	0.01050	0.01220	0.00916	0.00677	0.00558	0.00169	0.01047	0.00423	0.00339	0.00866
20	0.02331	0.01296	0.01558	0.01300	0.01742	0.01316	0.01037	0.05550	0.28048	0.33168	0.11949	0.02882	0.02575	0.00991	0.00736	0.00229	0.00559	0.00825	0.00802	0.01106
21	0.01345	0.01266	0.02136	0.73264	0.04904	0.01582	0.01978	0.01819	0.01424	0.01819	0.01266	0.01898	0.00949	0.00712	0.00712	0.00237	0.00949	0.00633	0.00316	0.00791
22	0.01345	0.01266	0.02136	0.73264	0.04904	0.01582	0.01978	0.01819	0.01424	0.01819	0.01266	0.01898	0.00949	0.00712	0.00712	0.00237	0.00949	0.00633	0.00316	0.00791
23	0.01027	0.00690	0.00796	0.00815	0.00825	0.00687	0.00478	0.01050	0.01086	0.01445	0.02437	0.10260	0.02816	0.66329	0.03305	0.00644	0.00667	0.03733	0.00458	0.00452
24	0.02978	0.01250	0.01643	0.01282	0.01804	0.01134	0.01050	0.08015	0.04646	0.59777	0.04682	0.04493	0.01962	0.00937	0.00725	0.00223	0.00604	0.00767	0.00854	0.01175
25	0.00884	0.00650	0.00829	0.00938	0.01027	0.00595	0.00645	0.01047	0.01496	0.01984	0.14037	0.54564	0.14576	0.02056	0.00889	0.00273	0.00394	0.01841	0.00679	0.00595
26	0.01123	0.00875	0.01172	0.01115	0.01164	0.01037	0.00811	0.01249	0.01087	0.01545	0.01878	0.03385	0.01980	0.34974	0.29604	0.00795	0.14386	0.00856	0.00391	0.00573
27	0.01601	0.01630	0.02175	0.01868	0.01883	0.04940	0.01551	0.01758	0.01127	0.01715	0.00941	0.01547	0.00934	0.01226	0.02270	0.00307	0.70816	0.00617	0.00314	0.00781
28	0.02660	0.02005	0.02109	0.01622	0.02189	0.04038	0.01335	0.63928	0.03242	0.04333	0.01677	0.01689	0.01197	0.00839	0.00704	0.00209	0.00787	0.00628	0.00692	0.04118
29	0.05335	0.16039	0.02161	0.01378	0.01904	0.04581	0.01158	0.23732	0.09132	0.18465	0.01888	0.01914	0.01390	0.03412	0.00746	0.00217	0.00712	0.00612	0.00626	0.04597
30	0.00868	0.00620	0.00826	0.00991	0.01033	0.00578	0.00661	0.00991	0.01363	0.01818	0.03925	0.74510	0.04710	0.02231	0.00909	0.00289	0.00413	0.02024	0.00661	0.00578
31	0.00897	0.00639	0.00852	0.01011	0.01061	0.00603	0.00694	0.01034	0.01375	0.01829	0.03852	0.66443	0.04583	0.04778	0.01011	0.00307	0.00443	0.07357	0.00652	0.00580
32	0.01020	0.00763	0.03218	0.01003	0.01099	0.00655	0.00710	0.01162	0.01369	0.04898	0.05552	0.56227	0.04192	0.13032	0.01299	0.00342	0.00482	0.01744	0.00628	0.00603
33	0.01477	0.01266	0.01477	0.01055	0.01687	0.00949	0.00844	0.01793	0.01477	0.02320	0.01266	0.01477	0.01055	0.00527	0.00527	0.00105	0.00527	0.00422	0.00422	0.79328
34	0.01061	0.00916	0.00916	0.00885	0.01136	0.03154	0.00668	0.04395	0.05971	0.02122	0.08443	0.10483	0.51504	0.01798	0.03091	0.00269	0.00476	0.01387	0.00653	0.00672
35	0.00943	0.00676	0.00880	0.01018	0.01081	0.00645	0.00689	0.03742	0.01445	0.01927	0.03834	0.71529	0.04566	0.02175	0.00901	0.00286	0.00428	0.01968	0.00663	0.00604
36	0.10966	0.19874	0.47346	0.01712	0.02589	0.01914	0.02083	0.02207	0.01455	0.02235	0.01177	0.01379	0.00889	0.00659	0.00598	0.00208	0.00925	0.00476	0.00318	0.00987
37	0.01847	0.01785	0.02816	0.04130	0.64276	0.05000	0.02110	0.05181	0.01717	0.02396	0.01345	0.01738	0.01122	0.00649	0.00702	0.00210	0.00864	0.00627	0.00369	0.01118
38	0.00961	0.00709	0.00898	0.00886	0.01044	0.00646	0.00651	0.01240	0.01853	0.02551	0.50204	0.16724	0.15732	0.01632	0.00851	0.00237	0.00352	0.01438	0.00746	0.00646
39	0.01012	0.00744	0.00973	0.01069	0.01220	0.00705	0.00856	0.01274	0.01648	0.02167	0.16845	0.21619	0.15375	0.01901	0.00918	0.00286	0.00496	0.29578	0.00682	0.00633
40	0.00983	0.00669	0.00888	0.00975	0.01067	0.00619	0.00677	0.01170	0.01563	0.04416	0.21851	0.53331	0.05156	0.01975	0.00884	0.00269	0.00399	0.01781	0.00702	0.00625
41	0.01001	0.00728	0.00942	0.00889	0.01060	0.00669	0.00667	0.01331	0.02000	0.02818	0.67609	0.05381	0.09291	0.01470	0.00840	0.00225	0.00337	0.01296	0.00779	0.00669
42	0.01000	0.00769	0.01055	0.01071	0.01241	0.00715	0.03510	0.01261	0.01671	0.02219	0.22904	0.24128	0.17186	0.01806	0.00892	0.00269	0.00471	0.16507	0.00682	0.00642
43	0.01218	0.00806	0.01045	0.00969	0.01177	0.00757	0.00743	0.01624	0.05021	0.08108	0.58833	0.05101	0.06009	0.01413	0.00832	0.00229	0.00382	0.04217	0.00783	0.00733
44	0.01762	0.01692	0.02890	0.04371	0.70533	0.01692	0.02185	0.02185	0.01621	0.02326	0.01339	0.01762	0.01128	0.00634	0.00705	0.00211	0.00846	0.00634	0.00352	0.01128
45	0.02887	0.01465	0.01780	0.01391	0.01929	0.01453	0.01140	0.21183	0.10622	0.44517	0.02520	0.02257	0.01662	0.00884	0.00716	0.00221	0.00649	0.00706	0.00816	0.01201
46	0.01125	0.00808	0.01119	0.01277	0.01439	0.00802	0.01106	0.01440	0.01628	0.02111	0.03909	0.10492	0.06670	0.01971	0.00975	0.00323	0.00635	0.60864	0.00656	0.00651
47	0.01743	0.01672	0.02855	0.07584	0.67472	0.01687	0.02176	0.02168	0.01612	0.02303	0.01336	0.01769	0.01120	0.00638	0.00705	0.00213	0.00851	0.00634	0.00351	0.01112
48	0.02660	0.03394	0.02018	0.01834	0.02201	0.72116	0.01376	0.02843	0.02018	0.01743	0.01101	0.01284	0.00917	0.00734	0.00642	0.00183	0.01284	0.00459	0.00367	0.00825
49	0.01477	0.01266	0.01477	0.01055	0.01687	0.00949	0.00844	0.01793	0.01477	0.02320	0.01266	0.01477	0.01055	0.00527	0.00527	0.00105	0.00527	0.00422	0.00422	0.79328
50	0.01345	0.01266	0.02136	0.73264	0.04904	0.01582	0.01978	0.01819	0.01424	0.01819	0.01266	0.01898	0.00949	0.00712	0.00712	0.00237	0.00949	0.00633	0.00316	0.00791
51	0.02707	0.01995	0.02137	0.01638	0.02208	0.02208	0.01353	0.68159	0.03348	0.04488	0.01710	0.01710	0.01211	0.00855	0.00712	0.00214	0.00784	0.00641	0.00712	0.01211
52	0.03195	0.01212	0.01652	0.01267	0.01818	0.01047	0.01047	0.03470	0.02038	0.71026	0.02809	0.02424	0.01763	0.00881	0.00716	0.00220	0.00606	0.00716	0.00881	0.01212
53	0.00868	0.00620	0.00826	0.00991	0.01033	0.00578	0.00661	0.00991	0.01363	0.01818	0.03925	0.74510	0.04710	0.02231	0.00909	0.00289	0.00413	0.02024	0.00661	0.00578
54	0.01352	0.00728	0.00734	0.00712	0.00902	0.00728	0.00539	0.04589	0.01586	0.02681	0.02672	0.02935	0.07062	0.00906	0.00534	0.00174	0.00354	0.00727	0.69403	0.00683
55	0.01762	0.01692	0.02890	0.04371	0.70533	0.01692	0.02185	0.02185	0.01621	0.02326	0.01339	0.01762	0.01128	0.00634	0.00705	0.00211	0.00846	0.00634	0.00352	0.01128
56	0.01771	0.01530	0.01610	0.01449	0.01852	0.01771	0.01127	0.03784	0.69247	0.02979	0.02898	0.02657	0.02174	0.00966	0.00725	0.00242	0.00564	0.00805	0.00725	0.01127
57	0.02772	0.01891	0.02073	0.01589	0.02156	0.02054	0.01313	0.59586	0.03174	0.13306	0.01855	0.01804	0.01284	0.00858	0.00713	0.00215	0.00760	0.00651	0.00735	0.01211
58	0.00867	0.00719	0.00760	0.00757	0.00980	0.00611	0.00565	0.01069	0.01673	0.02060	0.16555	0.09056	0.58340	0.01767	0.00844	0.00240	0.00359	0.01489	0.00680	0.00611
59	0.01147	0.00820	0.01147	0.01311	0.01475	0.00820	0.01147	0.01475	0.01639	0.02131	0.03770	0.08032	0.04098	0.01967	0.00984	0.00328	0.00656	0.65741	0.00656	0.00656
60	0.03015	0.01252	0.01647	0.01290	0.01822	0.01138	0.01057	0.03510	0.10527	0.62432	0.02820	0.02453	0.01815	0.00892	0.00717	0.00223	0.00601	0.00727	0.00862	0.01201
61	0.02670	0.01482	0.01715	0.01339	0.01837	0.01517	0.01098	0.32793	0.02550	0.29517	0.02227	0.02134	0.01520	0.00861	0.00679	0.00209	0.00643	0.00673	0.13415	0.01123
62	0.02783	0.01653	0.01897	0.01470	0.02007	0.01727	0.01204	0.40131	0.05759	0.27925	0.02170	0.02102	0.01495	0.03293	0.00809	0.00233	0.00708	0.00688	0.00764	0.01182
63	0.01904	0.75404	0.03731	0.01218	0.01828	0.02818	0.01218	0.02132	0.01447	0.01675	0.00990	0.01142	0.00914	0.00609	0.00457	0.00152	0.00761	0.00381	0.00305	0.00914
64	0.00862	0.00722	0.00752	0.00763	0.00990	0.00612	0.00576	0.01052	0.01629	0.01965	0.09423	0.09580	0.62376	0.01814	0.00850	0.00245	0.00374	0.04146	0.00666	0.00605
65	0.01036	0.00690	0.00777	0.00777	0.00777	0.00690	0.00431	0.01036	0.01036	0.01381	0.02244	0.04660	0.02589	0.74975	0.03624	0.00690	0.00690	0.01036	0.00431	0.00431
66	0.02144	0.02374	0.02288	0.02787	0.30379	0.31991	0.01647	0.06275	0.04077	0.02195	0.01691	0.01914	0.05579	0.00777	0.00688	0.00202	0.00990	0.00621	0.00412	0.00968
67	0.03018	0.01263	0.01647	0.01279	0.01808	0.01151	0.01051	0.08314	0.05125	0.60134	0.02710	0.02389	0.01742	0.00881	0.00707	0.00219	0.00606	0.00712	0.04058	0.01186
68	0.01102	0.00769	0.00947	0.00929	0.00993	0.00814	0.00613	0.04232	0.01186	0.01619	0.02183	0.06505	0.02371	0.49088	0.22890	0.00783	0.01031	0.00975	0.00439	0.00531
69	0.80005	0.01377	0.01047	0.00936	0.01377	0.01597	0.00771	0.02093	0.01212	0.03195	0.00991	0.01157	0.00771	0.00661	0.00441	0.00220	0.00551	0.00386	0.00441	0.00771
70	0.01758	0.55768	0.19409	0.01396	0.02091	0.02463	0.01527	0.02131	0.01482	0.01856	0.03722	0.01388	0.01135	0.00658	0.00523	0.00172	0.00813	0.00450	0.00322	0.00937
71	0.01687	0.01912	0.12266	0.09131	0.51354	0.01658	0.02150	0.04294	0.01660	0.02367	0.03813	0.01863	0.01287	0.00683	0.00707	0.00216	0.00862	0.00643	0.00370	0.01078
72	0.00868	0.00620	0.00826	0.00991	0.01033	0.00578	0.00661	0.00991	0.01363	0.01818	0.03925	0.74510	0.04710	0.02231	0.00909	0.00289	0.00413	0.02024	0.00661	0.00578
73	0.00934	0.00671	0.00839	0.00951	0.01004	0.00645	0.00624	0.01101	0.03698	0.01769	0.03656	0.54434	0.06692	0.17723	0.01480	0.00371	0.00476	0.01750	0.00614	0.00567
74	0.01701	0.38649	0.30043	0.01624	0.02390	0.02215	0.04746	0.04612	0.01547	0.02039	0.01253	0.03928	0.01062	0.00702	0.00586	0.00192	0.00884	0.00526	0.00333	0.00969

[dist]
# distance from previous block
# <min> <max>
0	3

[block]
# block no. 4 follows, 29 sequences, length 37
# corresponding to MSA columns:
# 204-240
name=unknown_E
#
# <colnr> <probs for GDERKNQSTAVLIFYWHMCP>
#	G	D	E	R	K	N	Q	S	T	A	V	L	I	F	Y	W	H	M	C	P
0	0.02282	0.01629	0.01779	0.01440	0.01890	0.01768	0.01158	0.47846	0.04801	0.06348	0.02327	0.13499	0.03838	0.01103	0.00737	0.00225	0.00676	0.00894	0.04695	0.01063
1	0.04370	0.44055	0.06392	0.01800	0.12773	0.07902	0.01414	0.04540	0.01626	0.04168	0.04178	0.01512	0.01234	0.00682	0.00555	0.00177	0.00801	0.00494	0.00375	0.00952
2	0.03083	0.01319	0.01710	0.01319	0.01867	0.01215	0.01087	0.11382	0.04641	0.60426	0.02678	0.02345	0.01710	0.00881	0.00716	0.00220	0.00626	0.00710	0.00855	0.01209
3	0.01023	0.00704	0.00869	0.00919	0.00966	0.00700	0.00615	0.01124	0.01240	0.01659	0.06211	0.16778	0.03356	0.44497	0.05611	0.00562	0.00674	0.11456	0.00521	0.00513
4	0.01910	0.66933	0.08288	0.01294	0.01932	0.02708	0.01322	0.05335	0.01543	0.01851	0.01045	0.01194	0.00927	0.00626	0.00484	0.00160	0.00783	0.00403	0.00324	0.00938
5	0.06626	0.15995	0.03050	0.02061	0.02582	0.22193	0.24218	0.05617	0.01745	0.02134	0.01208	0.01511	0.00980	0.00705	0.00794	0.00210	0.06509	0.00592	0.00370	0.00901
6	0.00938	0.00671	0.00901	0.01026	0.01110	0.00634	0.00742	0.01132	0.01524	0.02053	0.15708	0.51433	0.04969	0.02050	0.00909	0.00284	0.00439	0.12189	0.00682	0.00608
7	0.00899	0.00649	0.00857	0.01005	0.01074	0.00607	0.00703	0.01054	0.01428	0.01891	0.06355	0.61696	0.08376	0.02154	0.00910	0.00288	0.00432	0.08366	0.00665	0.00591
8	0.00868	0.00620	0.00826	0.00991	0.01033	0.00578	0.00661	0.00991	0.01363	0.01818	0.03925	0.74510	0.04710	0.02231	0.00909	0.00289	0.00413	0.02024	0.00661	0.00578
9	0.01681	0.01921	0.04202	0.03001	0.03721	0.01801	0.67947	0.02281	0.01681	0.02281	0.01441	0.01921	0.01080	0.00600	0.00840	0.00240	0.01200	0.00840	0.00360	0.00960
10	0.00868	0.00620	0.00826	0.00991	0.01033	0.00578	0.00661	0.00991	0.01363	0.01818	0.03925	0.74510	0.04710	0.02231	0.00909	0.00289	0.00413	0.02024	0.00661	0.00578
11	0.00866	0.00625	0.00821	0.00978	0.01029	0.00579	0.00655	0.00993	0.01376	0.01823	0.04083	0.71249	0.07869	0.02210	0.00906	0.00287	0.00411	0.01999	0.00661	0.00579
12	0.00921	0.00658	0.00888	0.01053	0.01118	0.00625	0.00755	0.01085	0.01416	0.01878	0.03895	0.61704	0.04592	0.02180	0.00923	0.00297	0.00460	0.14299	0.00660	0.00593
13	0.01762	0.01692	0.02890	0.04371	0.70533	0.01692	0.02185	0.02185	0.01621	0.02326	0.01339	0.01762	0.01128	0.00634	0.00705	0.00211	0.00846	0.00634	0.00352	0.01128
14	0.03171	0.01250	0.01676	0.01285	0.01837	0.01103	0.01061	0.06599	0.02101	0.67808	0.02756	0.02389	0.01736	0.00880	0.00716	0.00220	0.00615	0.00712	0.00873	0.01212
15	0.02621	0.01931	0.02076	0.01608	0.02154	0.02132	0.01321	0.65037	0.03256	0.04364	0.01813	0.05094	0.01374	0.00919	0.00721	0.00217	0.00766	0.00705	0.00710	0.01182
16	0.01681	0.01921	0.04202	0.03001	0.03721	0.01801	0.67947	0.02281	0.01681	0.02281	0.01441	0.01921	0.01080	0.00600	0.00840	0.00240	0.01200	0.00840	0.00360	0.00960
17	0.01904	0.75404	0.03731	0.01218	0.01828	0.02818	0.01218	0.02132	0.01447	0.01675	0.00990	0.01142	0.00914	0.00609	0.00457	0.00152	0.00761	0.00381	0.00305	0.00914
18	0.01762	0.01692	0.02890	0.04371	0.70533	0.01692	0.02185	0.02185	0.01621	0.02326	0.01339	0.01762	0.01128	0.00634	0.00705	0.00211	0.00846	0.00634	0.00352	0.01128
19	0.01622	0.01548	0.02636	0.27561	0.48442	0.01655	0.02115	0.02062	0.01555	0.02156	0.01315	0.01808	0.01068	0.00661	0.00707	0.00220	0.00881	0.00634	0.00340	0.01015
20	0.01036	0.00690	0.00777	0.00777	0.00777	0.00690	0.00431	0.01036	0.01036	0.01381	0.02244	0.04660	0.02589	0.74975	0.03624	0.00690	0.00690	0.01036	0.00431	0.00431
21	0.01008	0.00728	0.00952	0.00896	0.01064	0.00672	0.00672	0.01344	0.02016	0.02855	0.70158	0.05319	0.06719	0.01456	0.00840	0.00224	0.00336	0.01288	0.00784	0.00672
22	0.01327	0.00664	0.00664	0.00664	0.00830	0.00664	0.00498	0.01659	0.01493	0.02655	0.02323	0.02655	0.01825	0.00830	0.00498	0.00166	0.00332	0.00664	0.78928	0.00664
23	0.01428	0.03683	0.71286	0.02030	0.03082	0.01654	0.02631	0.02255	0.01503	0.02255	0.01278	0.01503	0.00902	0.00677	0.00677	0.00226	0.01052	0.00526	0.00301	0.01052
24	0.01428	0.03683	0.71286	0.02030	0.03082	0.01654	0.02631	0.02255	0.01503	0.02255	0.01278	0.01503	0.00902	0.00677	0.00677	0.00226	0.01052	0.00526	0.00301	0.01052
25	0.03195	0.01212	0.01652	0.01267	0.01818	0.01047	0.01047	0.03470	0.02038	0.71026	0.02809	0.02424	0.01763	0.00881	0.00716	0.00220	0.00606	0.00716	0.00881	0.01212
26	0.01787	0.60854	0.13822	0.01325	0.01980	0.02535	0.01405	0.02112	0.01484	0.01821	0.04452	0.01403	0.01199	0.00661	0.00509	0.00167	0.00785	0.00448	0.00328	0.00923
27	0.01633	0.01559	0.02656	0.25786	0.50133	0.01658	0.02121	0.02072	0.01560	0.02169	0.01316	0.01805	0.01072	0.00659	0.00707	0.00220	0.00878	0.00634	0.00341	0.01023
28	0.02869	0.01329	0.01676	0.01329	0.01851	0.01273	0.01084	0.07824	0.15995	0.52571	0.02755	0.02424	0.01811	0.00897	0.00718	0.00224	0.00609	0.00729	0.00838	0.01194
29	0.00868	0.00620	0.00826	0.00991	0.01033	0.00578	0.00661	0.00991	0.01363	0.01818	0.03925	0.74510	0.04710	0.02231	0.00909	0.00289	0.00413	0.02024	0.00661	0.00578
30	0.08346	0.02244	0.02230	0.02626	0.27400	0.25104	0.01591	0.12559	0.04373	0.02544	0.01520	0.01731	0.03144	0.00750	0.00669	0.00205	0.00934	0.00589	0.00442	0.00996
31	0.02455	0.01423	0.03642	0.01338	0.01834	0.01372	0.01107	0.10301	0.22600	0.35178	0.03051	0.02771	0.07684	0.00977	0.00728	0.00228	0.00604	0.00797	0.00780	0.01129
32	0.01165	0.00844	0.01157	0.01307	0.01477	0.00853	0.01130	0.01560	0.04589	0.02158	0.03737	0.10009	0.04034	0.01932	0.00970	0.00323	0.00644	0.60778	0.00659	0.00674
33	0.01097	0.00748	0.00980	0.00911	0.01095	0.00687	0.00687	0.01431	0.02017	0.05638	0.67409	0.05201	0.06516	0.01432	0.00835	0.00224	0.00347	0.01264	0.00788	0.00694
34	0.10218	0.05143	0.18238	0.02103	0.11758	0.15284	0.07868	0.06195	0.01744	0.05893	0.01487	0.01884	0.01184	0.00755	0.00665	0.00214	0.00929	0.03414	0.04065	0.00957
35	0.02599	0.01867	0.02018	0.01567	0.02099	0.02053	0.01280	0.58438	0.06424	0.07463	0.01849	0.01941	0.01355	0.04638	0.00861	0.00240	0.00759	0.00673	0.00707	0.01167
36	0.01047	0.00768	0.01015	0.01118	0.01281	0.00736	0.00924	0.01331	0.01667	0.02179	0.14852	0.14561	0.15025	0.01889	0.00930	0.00293	0.00532	0.38532	0.00677	0.00641

[dist]
# distance from previous block
# <min> <max>
0	1

[block]
# block no. 5 follows, 29 sequences, length 36
# corresponding to MSA columns:
# 242-277
name=unknown_F
#
# <colnr> <probs for GDERKNQSTAVLIFYWHMCP>
#	G	D	E	R	K	N	Q	S	T	A	V	L	I	F	Y	W	H	M	C	P
0	0.02375	0.01419	0.01646	0.01383	0.01851	0.01496	0.01103	0.05913	0.40000	0.30306	0.02821	0.02530	0.01975	0.00928	0.00721	0.00232	0.00588	0.00764	0.00787	0.01164
1	0.01551	0.01263	0.01577	0.11034	0.02139	0.01042	0.01011	0.01887	0.01500	0.05970	0.01349	0.01586	0.01078	0.00572	0.00563	0.00130	0.00590	0.00467	0.00432	0.64259
2	0.00867	0.00623	0.00822	0.00982	0.01030	0.00579	0.00657	0.00993	0.01373	0.01822	0.04046	0.72013	0.07128	0.02215	0.00906	0.00287	0.00411	0.02005	0.00661	0.00579
3	0.01535	0.01305	0.01536	0.01136	0.01708	0.01085	0.00910	0.05753	0.01563	0.02398	0.01361	0.03930	0.01179	0.00646	0.00658	0.00130	0.04857	0.00500	0.00441	0.67367
4	0.00881	0.00629	0.00842	0.01007	0.01054	0.00590	0.00685	0.01015	0.01377	0.01833	0.03917	0.71254	0.04680	0.02218	0.00913	0.00291	0.00425	0.05146	0.00661	0.00582
5	0.00883	0.00626	0.00822	0.00971	0.01009	0.00589	0.00640	0.00996	0.01333	0.01777	0.03768	0.68003	0.04512	0.09008	0.01162	0.00327	0.00439	0.01932	0.00640	0.00565
6	0.01709	0.01806	0.02796	0.10108	0.02852	0.09036	0.25157	0.03850	0.01515	0.02056	0.01264	0.01760	0.01042	0.00872	0.01308	0.00254	0.26511	0.00687	0.04560	0.00855
7	0.01734	0.01663	0.02839	0.09078	0.66049	0.01684	0.02171	0.02160	0.01608	0.02292	0.01334	0.01772	0.01116	0.00640	0.00705	0.00213	0.00853	0.00634	0.00350	0.01105
8	0.00868	0.00620	0.00826	0.00991	0.01033	0.00578	0.00661	0.00991	0.01363	0.01818	0.03925	0.74510	0.04710	0.02231	0.00909	0.00289	0.00413	0.02024	0.00661	0.00578
9	0.01567	0.01499	0.02499	0.37835	0.17301	0.01750	0.08490	0.05478	0.01541	0.02094	0.01271	0.01812	0.01010	0.00774	0.00970	0.00242	0.11968	0.00653	0.00348	0.00896
10	0.14678	0.01346	0.01498	0.01248	0.01695	0.01403	0.01001	0.09748	0.20509	0.23410	0.11129	0.02556	0.02280	0.00930	0.00684	0.00222	0.00566	0.00745	0.00722	0.03629
11	0.01018	0.00759	0.01124	0.01124	0.01245	0.00879	0.00865	0.01259	0.01138	0.01638	0.01926	0.02898	0.01824	0.09110	0.68444	0.01120	0.01841	0.00778	0.00384	0.00625
12	0.04959	0.00778	0.00983	0.00912	0.01107	0.00731	0.00691	0.01460	0.01977	0.05422	0.64250	0.05007	0.06242	0.01395	0.00816	0.00224	0.00357	0.01222	0.00771	0.00697
13	0.06292	0.01880	0.02140	0.16221	0.15230	0.10510	0.01575	0.23808	0.10104	0.02980	0.01580	0.01786	0.01197	0.00774	0.00689	0.00218	0.00851	0.00621	0.00512	0.01032
14	0.01558	0.01558	0.02181	0.01869	0.01869	0.02181	0.01558	0.01714	0.01091	0.01714	0.00935	0.01558	0.00935	0.01246	0.02337	0.00312	0.73672	0.00623	0.00312	0.00779
15	0.15748	0.01594	0.01745	0.01506	0.05339	0.03544	0.01158	0.25483	0.08079	0.21215	0.05973	0.02087	0.01675	0.00859	0.00673	0.00219	0.00669	0.00664	0.00688	0.01083
16	0.02585	0.03268	0.02029	0.01837	0.02179	0.67338	0.01388	0.02766	0.01955	0.01741	0.01089	0.01303	0.00918	0.00769	0.00758	0.00192	0.06230	0.00470	0.00363	0.00822
17	0.01114	0.00859	0.01086	0.01064	0.01310	0.00742	0.00801	0.01332	0.01439	0.02017	0.03018	0.37085	0.03395	0.04109	0.00897	0.00253	0.00503	0.13507	0.00578	0.24890
18	0.01373	0.01295	0.02187	0.68556	0.09389	0.01590	0.01992	0.01844	0.01437	0.01854	0.01271	0.01889	0.00961	0.00707	0.00711	0.00236	0.00942	0.00633	0.00319	0.00814
19	0.00960	0.00726	0.00885	0.00845	0.01034	0.00651	0.00634	0.01251	0.01902	0.02586	0.51926	0.05763	0.25118	0.01556	0.00840	0.00229	0.00343	0.01350	0.00748	0.00651
20	0.01345	0.01266	0.02136	0.73264	0.04904	0.01582	0.01978	0.01819	0.01424	0.01819	0.01266	0.01898	0.00949	0.00712	0.00712	0.00237	0.00949	0.00633	0.00316	0.00791
21	0.03195	0.01212	0.01652	0.01267	0.01818	0.01047	0.01047	0.03470	0.02038	0.71026	0.02809	0.02424	0.01763	0.00881	0.00716	0.00220	0.00606	0.00716	0.00881	0.01212
22	0.01762	0.01692	0.02890	0.04371	0.70533	0.01692	0.02185	0.02185	0.01621	0.02326	0.01339	0.01762	0.01128	0.00634	0.00705	0.00211	0.00846	0.00634	0.00352	0.01128
23	0.02937	0.01155	0.01570	0.01223	0.01729	0.01002	0.01002	0.03219	0.02035	0.62986	0.10753	0.02765	0.02347	0.00949	0.00731	0.00221	0.00574	0.00784	0.00870	0.01148
24	0.03173	0.01247	0.01674	0.01284	0.01835	0.01099	0.01060	0.06399	0.02097	0.68014	0.02759	0.02391	0.01738	0.00880	0.00716	0.00220	0.00614	0.00713	0.00874	0.01212
25	0.00944	0.00719	0.00868	0.00844	0.01028	0.00643	0.00628	0.01216	0.01847	0.02485	0.45360	0.09913	0.27681	0.01617	0.00844	0.00233	0.00349	0.01403	0.00736	0.00643
26	0.02503	0.01813	0.01941	0.01504	0.02028	0.01984	0.01236	0.58122	0.03067	0.04200	0.01767	0.01813	0.01278	0.00841	0.00681	0.00204	0.00722	0.00637	0.09928	0.03728
27	0.01022	0.00842	0.00902	0.00900	0.01120	0.00805	0.00660	0.01503	0.13153	0.02093	0.08024	0.17033	0.41849	0.05639	0.00982	0.00272	0.00421	0.01435	0.00664	0.00681
28	0.02733	0.01953	0.02111	0.01618	0.02187	0.02146	0.01337	0.64692	0.03278	0.08054	0.01769	0.01748	0.01241	0.00856	0.00713	0.00214	0.00774	0.00645	0.00721	0.01211
29	0.02275	0.07750	0.02211	0.01846	0.04184	0.41965	0.04620	0.02614	0.06399	0.04460	0.01479	0.01676	0.03305	0.00845	0.00897	0.00210	0.11421	0.00568	0.00407	0.00869
30	0.01578	0.00906	0.00932	0.00841	0.01080	0.00945	0.00653	0.13751	0.01831	0.02988	0.02211	0.02483	0.01713	0.00834	0.00537	0.00175	0.00414	0.00660	0.64706	0.00763
31	0.01127	0.00756	0.00979	0.00907	0.01102	0.00690	0.00686	0.01450	0.01994	0.06816	0.62474	0.05239	0.10177	0.01442	0.00833	0.00225	0.00353	0.01267	0.00782	0.00700
32	0.02502	0.01851	0.02007	0.01576	0.02093	0.02049	0.01290	0.59405	0.05281	0.04164	0.01859	0.05095	0.01431	0.01163	0.04589	0.00268	0.00820	0.00716	0.00692	0.01148
33	0.01815	0.01792	0.02839	0.04221	0.66508	0.05841	0.02138	0.02224	0.01645	0.02292	0.01325	0.01734	0.01116	0.00640	0.00701	0.00210	0.00872	0.00624	0.00353	0.01110
34	0.01147	0.00820	0.01147	0.01311	0.01475	0.00820	0.01147	0.01475	0.01639	0.02131	0.03770	0.08032	0.04098	0.01967	0.00984	0.00328	0.00656	0.65741	0.00656	0.00656
35	0.29873	0.17665	0.27852	0.01463	0.02168	0.01853	0.03579	0.02146	0.01406	0.02491	0.03067	0.01423	0.01027	0.00677	0.00555	0.00209	0.00795	0.00476	0.00367	0.00908

[dist]
# distance from previous block
# <min> <max>
0	1

[block]
# block no. 6 follows, 29 sequences, length 46
# corresponding to MSA columns:
# 279-324
name=unknown_G
#
# <colnr> <probs for GDERKNQSTAVLIFYWHMCP>
#	G	D	E	R	K	N	Q	S	T	A	V	L	I	F	Y	W	H	M	C	P
0	0.00994	0.00720	0.00941	0.02754	0.01183	0.00692	0.00728	0.03473	0.01597	0.02155	0.19492	0.46564	0.08044	0.01940	0.00932	0.02455	0.00431	0.03606	0.00673	0.00624
1	0.06948	0.12646	0.41937	0.01944	0.06291	0.14266	0.02079	0.02329	0.01574	0.02156	0.01194	0.01409	0.00910	0.00675	0.00628	0.00207	0.01011	0.00492	0.00325	0.00980
2	0.39091	0.02450	0.33322	0.03346	0.02335	0.01631	0.04210	0.02167	0.01368	0.02695	0.01147	0.01363	0.00847	0.00667	0.00571	0.00224	0.00815	0.00473	0.00370	0.00907
3	0.01128	0.00813	0.01121	0.01274	0.01443	0.00806	0.01109	0.01447	0.01638	0.02118	0.03988	0.07958	0.08278	0.01957	0.00975	0.00322	0.00637	0.61681	0.00656	0.00652
4	0.01627	0.02576	0.31900	0.07857	0.34859	0.04369	0.02330	0.02216	0.01573	0.02240	0.01299	0.01643	0.01012	0.00661	0.00691	0.00218	0.00957	0.00582	0.00329	0.01062
5	0.01530	0.13295	0.51617	0.02058	0.04666	0.01848	0.08187	0.02218	0.01499	0.02159	0.01241	0.01499	0.00927	0.00681	0.00724	0.00220	0.03766	0.00540	0.00308	0.01017
6	0.01026	0.00706	0.00866	0.00869	0.00903	0.00731	0.00548	0.01096	0.01097	0.01496	0.04131	0.06268	0.02584	0.55163	0.18867	0.00768	0.00946	0.01010	0.00437	0.00488
7	0.80005	0.01377	0.01047	0.00936	0.01377	0.01597	0.00771	0.02093	0.01212	0.03195	0.00991	0.01157	0.00771	0.00661	0.00441	0.00220	0.00551	0.00386	0.00441	0.00771
8	0.01052	0.00745	0.00961	0.01056	0.01151	0.00731	0.00778	0.03522	0.01491	0.01984	0.07883	0.35343	0.04142	0.16034	0.01440	0.00370	0.00542	0.19550	0.00625	0.00600
9	0.01506	0.00980	0.04513	0.01020	0.01323	0.00798	0.00840	0.01839	0.01962	0.18085	0.46260	0.04613	0.10762	0.01318	0.00804	0.00225	0.00434	0.01140	0.00772	0.00806
10	0.01976	0.01649	0.07839	0.01558	0.05230	0.01521	0.01259	0.28427	0.06548	0.08134	0.04183	0.17655	0.02181	0.01125	0.00741	0.00225	0.00669	0.00946	0.00638	0.07498
11	0.00880	0.00635	0.00836	0.00992	0.01050	0.00591	0.00678	0.01017	0.01391	0.01839	0.04103	0.67476	0.08382	0.02194	0.00909	0.00288	0.00422	0.05073	0.00661	0.00583
12	0.01282	0.00785	0.00987	0.00925	0.01150	0.00699	0.00697	0.01543	0.01836	0.12882	0.35834	0.14899	0.20631	0.01558	0.00831	0.00236	0.00394	0.01354	0.00753	0.00724
13	0.01656	0.02133	0.13225	0.03040	0.12022	0.01767	0.50745	0.02265	0.01649	0.02283	0.01406	0.01844	0.01062	0.00615	0.00801	0.00235	0.01136	0.00771	0.00351	0.00994
14	0.01119	0.00827	0.01086	0.01169	0.01354	0.00815	0.00982	0.01521	0.05245	0.02311	0.18448	0.07045	0.11251	0.01788	0.00925	0.00292	0.00552	0.41905	0.00688	0.00678
15	0.06556	0.01235	0.01623	0.01261	0.01800	0.01106	0.01038	0.03424	0.05249	0.64709	0.02732	0.02378	0.01738	0.00876	0.00704	0.00221	0.00601	0.00706	0.00854	0.01188
16	0.02680	0.01164	0.01529	0.01209	0.01680	0.01049	0.00984	0.07757	0.02118	0.51327	0.15448	0.03045	0.04694	0.01014	0.00743	0.00221	0.00561	0.00841	0.00844	0.01093
17	0.04193	0.40253	0.11816	0.01586	0.05077	0.16908	0.01446	0.02298	0.03267	0.01869	0.01158	0.01365	0.00992	0.00884	0.04005	0.00223	0.00956	0.00456	0.00337	0.00911
18	0.00980	0.00730	0.01011	0.01095	0.01186	0.00697	0.03204	0.04039	0.01464	0.01954	0.03733	0.68549	0.04418	0.02109	0.00898	0.00284	0.00459	0.01918	0.00652	0.00621
19	0.00900	0.00660	0.00903	0.04887	0.01243	0.00637	0.00733	0.01054	0.01400	0.01870	0.07125	0.67098	0.04608	0.02110	0.00895	0.00283	0.00438	0.01912	0.00649	0.00595
20	0.02579	0.03098	0.02112	0.02056	0.08670	0.58744	0.01450	0.09046	0.02108	0.02061	0.01182	0.01370	0.00965	0.00736	0.00655	0.00189	0.01195	0.00493	0.00399	0.00891
21	0.01904	0.75404	0.03731	0.01218	0.01828	0.02818	0.01218	0.02132	0.01447	0.01675	0.00990	0.01142	0.00914	0.00609	0.00457	0.00152	0.00761	0.00381	0.00305	0.00914
22	0.01449	0.01373	0.02325	0.55988	0.21362	0.01610	0.02030	0.01911	0.01473	0.01946	0.01284	0.01864	0.00994	0.00692	0.00710	0.00231	0.00923	0.00633	0.00325	0.00875
23	0.00868	0.00620	0.00826	0.00991	0.01033	0.00578	0.00661	0.00991	0.01363	0.01818	0.03925	0.74510	0.04710	0.02231	0.00909	0.00289	0.00413	0.02024	0.00661	0.00578
24	0.01477	0.01266	0.01477	0.01055	0.01687	0.00949	0.00844	0.01793	0.01477	0.02320	0.01266	0.01477	0.01055	0.00527	0.00527	0.00105	0.00527	0.00422	0.00422	0.79328
25	0.01428	0.03683	0.71286	0.02030	0.03082	0.01654	0.02631	0.02255	0.01503	0.02255	0.01278	0.01503	0.00902	0.00677	0.00677	0.00226	0.01052	0.00526	0.00301	0.01052
26	0.03195	0.01212	0.01652	0.01267	0.01818	0.01047	0.01047	0.03470	0.02038	0.71026	0.02809	0.02424	0.01763	0.00881	0.00716	0.00220	0.00606	0.00716	0.00881	0.01212
27	0.01345	0.01266	0.02136	0.73264	0.04904	0.01582	0.01978	0.01819	0.01424	0.01819	0.01266	0.01898	0.00949	0.00712	0.00712	0.00237	0.00949	0.00633	0.00316	0.00791
28	0.01493	0.13507	0.62033	0.01918	0.02910	0.01813	0.02437	0.02238	0.01496	0.02176	0.01238	0.01454	0.00904	0.00667	0.00646	0.00215	0.01013	0.00506	0.00301	0.01033
29	0.03195	0.01212	0.01652	0.01267	0.01818	0.01047	0.01047	0.03470	0.02038	0.71026	0.02809	0.02424	0.01763	0.00881	0.00716	0.00220	0.00606	0.00716	0.00881	0.01212
30	0.03195	0.01212	0.01652	0.01267	0.01818	0.01047	0.01047	0.03470	0.02038	0.71026	0.02809	0.02424	0.01763	0.00881	0.00716	0.00220	0.00606	0.00716	0.00881	0.01212
31	0.01367	0.01289	0.02176	0.69546	0.08446	0.01588	0.01989	0.01839	0.01434	0.01847	0.01270	0.01891	0.00959	0.00708	0.00712	0.00236	0.00944	0.00633	0.00318	0.00809
32	0.09847	0.02031	0.02024	0.05457	0.02275	0.08772	0.01335	0.52192	0.02918	0.03962	0.01561	0.01628	0.01128	0.00817	0.00680	0.00213	0.00818	0.00599	0.00633	0.01111
33	0.00968	0.00784	0.00877	0.00902	0.01129	0.00713	0.00716	0.01283	0.05012	0.02085	0.10406	0.06808	0.47722	0.01776	0.00868	0.00259	0.00436	0.15942	0.00671	0.00644
34	0.01412	0.00821	0.01080	0.00975	0.01217	0.00745	0.00757	0.01729	0.01986	0.15413	0.51921	0.04972	0.08502	0.01388	0.00823	0.00229	0.00401	0.04070	0.00791	0.00768
35	0.01562	0.01467	0.01343	0.01245	0.01520	0.13960	0.00947	0.05154	0.19162	0.02552	0.23939	0.08249	0.08866	0.03326	0.00857	0.00243	0.00615	0.03513	0.00658	0.00821
36	0.05326	0.04443	0.01885	0.01440	0.01908	0.01835	0.01173	0.46636	0.02763	0.07212	0.06447	0.08708	0.01902	0.01069	0.00798	0.03230	0.00694	0.00796	0.00680	0.01054
37	0.00986	0.00738	0.00926	0.00944	0.01120	0.00678	0.00736	0.01268	0.01799	0.02409	0.36685	0.10873	0.21731	0.01697	0.00874	0.00254	0.00412	0.14507	0.00719	0.00645
38	0.01098	0.00838	0.01181	0.01145	0.01239	0.00995	0.00874	0.01304	0.01138	0.01667	0.01870	0.02944	0.01814	0.15729	0.49612	0.00927	0.09872	0.00785	0.04347	0.00621
39	0.01667	0.06905	0.41400	0.02552	0.18176	0.08802	0.06156	0.02293	0.01589	0.02190	0.01268	0.01545	0.00966	0.00665	0.00677	0.00215	0.01022	0.00555	0.00323	0.01034
40	0.06389	0.01261	0.01730	0.01683	0.12179	0.01173	0.01164	0.05809	0.01970	0.45304	0.08771	0.02511	0.02063	0.00884	0.00704	0.00217	0.00612	0.00736	0.03734	0.01106
41	0.00969	0.00689	0.00874	0.00913	0.00985	0.00682	0.00615	0.01107	0.01330	0.01806	0.13328	0.24889	0.07358	0.27444	0.13274	0.00551	0.00733	0.01343	0.00556	0.00553
42	0.01684	0.01443	0.01536	0.01405	0.01783	0.01651	0.01100	0.03496	0.61462	0.02871	0.03166	0.03218	0.05614	0.01073	0.00747	0.00247	0.00560	0.05155	0.00717	0.01070
43	0.01490	0.02653	0.40687	0.02432	0.16934	0.01516	0.07635	0.02040	0.01455	0.02117	0.01298	0.01693	0.01015	0.00935	0.01017	0.12274	0.00955	0.00589	0.00318	0.00947
