[name]
unknown

[dist]
# distance from previous block
# <min> <max>
0	1

[block]
# block no. 0 follows, 29 sequences, length 10
# corresponding to MSA columns:
# 1-10
name=unknown_A
#
# <colnr> <probs for GDERKNQSTAVLIFYWHMCP>
#	G	D	E	R	K	N	Q	S	T	A	V	L	I	F	Y	W	H	M	C	P
0	0.01147	0.00820	0.01147	0.01311	0.01475	0.00820	0.01147	0.01475	0.01639	0.02131	0.03770	0.08032	0.04098	0.01967	0.00984	0.00328	0.00656	0.65741	0.00656	0.00656
1	0.07323	0.02462	0.01923	0.05518	0.04518	0.36763	0.01334	0.16810	0.02092	0.02442	0.01331	0.01638	0.01094	0.03397	0.05816	0.00283	0.03369	0.00554	0.00445	0.00888
2	0.02625	0.01873	0.02025	0.01562	0.02111	0.02044	0.01287	0.60360	0.03168	0.08269	0.02100	0.02056	0.05331	0.00913	0.00720	0.00216	0.00748	0.00697	0.00719	0.01175
3	0.01119	0.00837	0.01017	0.01031	0.01213	0.00793	0.00757	0.07805	0.01694	0.02263	0.11156	0.40940	0.13891	0.01822	0.00852	0.00258	0.00457	0.05744	0.00664	0.05686
4	0.01803	0.01326	0.01495	0.01270	0.01562	0.01457	0.00987	0.30595	0.02229	0.03061	0.06712	0.12621	0.05610	0.11781	0.01287	0.00298	0.06690	0.00970	0.07378	0.00866
5	0.01463	0.01053	0.01216	0.01133	0.01331	0.01096	0.00819	0.21111	0.01928	0.02589	0.07142	0.33262	0.03335	0.17438	0.01431	0.00349	0.00579	0.01350	0.00635	0.00742
6	0.02129	0.01574	0.01799	0.01390	0.01920	0.01595	0.01132	0.26042	0.09686	0.09969	0.01735	0.01792	0.01296	0.00783	0.00770	0.00186	0.06107	0.00588	0.00597	0.28910
7	0.02200	0.01603	0.01876	0.01512	0.01963	0.01728	0.04996	0.40334	0.08742	0.06697	0.02237	0.13073	0.01898	0.01061	0.00735	0.00226	0.00689	0.00885	0.06495	0.01051
8	0.02175	0.01632	0.01768	0.01396	0.01860	0.01743	0.01107	0.42301	0.08448	0.03535	0.01850	0.02279	0.01516	0.13810	0.01200	0.00286	0.00715	0.00696	0.00627	0.11055
9	0.01326	0.00982	0.01121	0.01038	0.01239	0.00977	0.00730	0.11980	0.04974	0.02212	0.02832	0.24492	0.06182	0.26524	0.01750	0.00390	0.00584	0.01212	0.00569	0.08887

[dist]
# distance from previous block
# <min> <max>
7	12

[block]
# block no. 1 follows, 29 sequences, length 11
# corresponding to MSA columns:
# 23-33
name=unknown_B
#
# <colnr> <probs for GDERKNQSTAVLIFYWHMCP>
#	G	D	E	R	K	N	Q	S	T	A	V	L	I	F	Y	W	H	M	C	P
0	0.01655	0.01338	0.01677	0.15291	0.02289	0.01478	0.01217	0.18804	0.07302	0.02693	0.06553	0.12475	0.02137	0.05222	0.01026	0.00254	0.06779	0.00886	0.00550	0.10375
1	0.01600	0.01446	0.01735	0.07820	0.03946	0.05539	0.03918	0.05675	0.01612	0.02336	0.01411	0.04423	0.01206	0.00672	0.00637	0.00150	0.02395	0.00552	0.02244	0.50681
2	0.06310	0.01101	0.01378	0.12635	0.03654	0.01256	0.01043	0.10391	0.01605	0.02434	0.02051	0.13408	0.01941	0.08267	0.01132	0.00274	0.08642	0.00879	0.20849	0.00752
3	0.01118	0.00891	0.01144	0.01234	0.05047	0.00917	0.00814	0.01381	0.05988	0.01861	0.03071	0.35138	0.06798	0.17747	0.01577	0.00356	0.07043	0.01385	0.00551	0.05938
4	0.01819	0.01643	0.02612	0.14240	0.03002	0.01699	0.22588	0.18791	0.06659	0.02769	0.01589	0.01920	0.01210	0.01020	0.05554	0.00278	0.00975	0.00696	0.00476	0.10461
5	0.01381	0.01075	0.01324	0.01353	0.06043	0.01063	0.00925	0.11664	0.07570	0.02446	0.05269	0.36876	0.03199	0.04656	0.00911	0.00258	0.00536	0.01327	0.00615	0.11506
6	0.01634	0.01719	0.03100	0.13596	0.18028	0.05953	0.32121	0.02079	0.01596	0.02111	0.01530	0.06744	0.01312	0.00824	0.00869	0.03682	0.01012	0.00811	0.00370	0.00909
7	0.01550	0.01316	0.01849	0.01419	0.01889	0.01223	0.10731	0.05891	0.01600	0.04463	0.01983	0.06958	0.06046	0.00871	0.00836	0.00184	0.08740	0.00726	0.05883	0.35841
8	0.03966	0.01723	0.02555	0.04031	0.10482	0.09026	0.21462	0.02323	0.06052	0.08371	0.01907	0.02183	0.05101	0.00847	0.00960	0.00234	0.11251	0.00739	0.05864	0.00924
9	0.01352	0.01153	0.01507	0.06477	0.07076	0.03759	0.01114	0.01681	0.04108	0.01968	0.01810	0.07181	0.01692	0.06112	0.20373	0.00497	0.13149	0.00766	0.09901	0.08326
10	0.01481	0.01142	0.01370	0.06218	0.06473	0.03869	0.01011	0.10181	0.05220	0.05211	0.03006	0.16094	0.10451	0.10991	0.06904	0.00372	0.00737	0.04703	0.03791	0.00775

[dist]
# distance from previous block
# <min> <max>
36	56

[block]
# block no. 2 follows, 29 sequences, length 14
# corresponding to MSA columns:
# 92-105
name=unknown_C
#
# <colnr> <probs for GDERKNQSTAVLIFYWHMCP>
#	G	D	E	R	K	N	Q	S	T	A	V	L	I	F	Y	W	H	M	C	P
0	0.05433	0.52244	0.22152	0.01428	0.02151	0.02441	0.01585	0.02164	0.01451	0.01906	0.01069	0.01242	0.00904	0.00630	0.00516	0.00176	0.00831	0.00421	0.00310	0.00945
1	0.00971	0.00685	0.00813	0.00839	0.00908	0.00652	0.00539	0.01081	0.01357	0.01812	0.15658	0.20366	0.11850	0.36838	0.02187	0.00463	0.00525	0.01354	0.00574	0.00528
2	0.01339	0.04299	0.01311	0.01146	0.01356	0.03155	0.00927	0.01598	0.01682	0.08026	0.22345	0.08239	0.15373	0.01658	0.03677	0.00289	0.09268	0.12950	0.00636	0.00725
3	0.01497	0.14052	0.61519	0.01912	0.02901	0.01822	0.02427	0.02237	0.01495	0.02171	0.01236	0.01451	0.00904	0.00667	0.00645	0.00215	0.01010	0.00505	0.00301	0.01032
4	0.01762	0.01692	0.02890	0.04371	0.70533	0.01692	0.02185	0.02185	0.01621	0.02326	0.01339	0.01762	0.01128	0.00634	0.00705	0.00211	0.00846	0.00634	0.00352	0.01128
5	0.01904	0.75404	0.03731	0.01218	0.01828	0.02818	0.01218	0.02132	0.01447	0.01675	0.00990	0.01142	0.00914	0.00609	0.00457	0.00152	0.00761	0.00381	0.00305	0.00914
6	0.01225	0.00623	0.00919	0.00919	0.00919	0.00623	0.00608	0.00934	0.00934	0.01245	0.01295	0.02309	0.01315	0.06664	0.02832	0.74741	0.00623	0.00643	0.00316	0.00316
7	0.02707	0.01995	0.02137	0.01638	0.02208	0.02208	0.01353	0.68159	0.03348	0.04488	0.01710	0.01710	0.01211	0.00855	0.00712	0.00214	0.00784	0.00641	0.00712	0.01211
8	0.01018	0.00691	0.00809	0.00812	0.00843	0.00679	0.00488	0.01083	0.01221	0.01655	0.13477	0.10083	0.03426	0.57417	0.02962	0.00584	0.00611	0.01152	0.00507	0.00482
9	0.00868	0.00620	0.00826	0.00991	0.01033	0.00578	0.00661	0.00991	0.01363	0.01818	0.03925	0.74510	0.04710	0.02231	0.00909	0.00289	0.00413	0.02024	0.00661	0.00578
10	0.01706	0.45506	0.31893	0.01557	0.02350	0.02332	0.01807	0.02183	0.01470	0.01917	0.01110	0.01293	0.00909	0.00637	0.00548	0.00183	0.00883	0.00441	0.00303	0.00972
11	0.01905	0.01407	0.01579	0.01348	0.01682	0.03632	0.01078	0.28829	0.05342	0.04937	0.01966	0.02519	0.01641	0.06027	0.20393	0.00496	0.03310	0.02974	0.08022	0.00913
12	0.01757	0.30201	0.08499	0.01307	0.01846	0.01852	0.01237	0.07151	0.06322	0.05729	0.05231	0.04714	0.01871	0.00916	0.00632	0.00196	0.00693	0.08347	0.00485	0.11016
13	0.14910	0.30874	0.22837	0.01470	0.02126	0.04253	0.01571	0.04438	0.01480	0.02203	0.01135	0.01356	0.00930	0.00857	0.03298	0.00233	0.04301	0.00461	0.00346	0.00921

[dist]
# distance from previous block
# <min> <max>
0	10

[block]
# block no. 3 follows, 29 sequences, length 35
# corresponding to MSA columns:
# 116-150
name=unknown_D
#
# <colnr> <probs for GDERKNQSTAVLIFYWHMCP>
#	G	D	E	R	K	N	Q	S	T	A	V	L	I	F	Y	W	H	M	C	P
0	0.01529	0.01595	0.03082	0.18172	0.10009	0.01603	0.34531	0.02011	0.01564	0.02129	0.01674	0.05509	0.03547	0.00768	0.00843	0.00233	0.03950	0.00818	0.00376	0.06056
1	0.01994	0.02005	0.02603	0.05441	0.46270	0.14240	0.01921	0.08876	0.01832	0.02394	0.01312	0.01666	0.01084	0.00707	0.00778	0.00213	0.04618	0.00603	0.00388	0.01056
2	0.01025	0.00850	0.00916	0.00893	0.01142	0.00801	0.00686	0.01514	0.11842	0.02238	0.16029	0.06058	0.46236	0.01634	0.00832	0.00243	0.00405	0.05270	0.00689	0.00694
3	0.07321	0.36764	0.24960	0.05107	0.02375	0.06495	0.01682	0.02238	0.01500	0.04111	0.01159	0.01345	0.00928	0.00656	0.00558	0.00189	0.00877	0.00455	0.00335	0.00946
4	0.01425	0.01714	0.12867	0.43719	0.08166	0.01604	0.09368	0.01912	0.01438	0.01935	0.01275	0.01830	0.00981	0.00798	0.00893	0.04064	0.04204	0.00639	0.00321	0.00846
5	0.00842	0.00721	0.00721	0.00721	0.00962	0.00601	0.00541	0.01022	0.01623	0.01924	0.07213	0.06853	0.70244	0.01803	0.00842	0.00240	0.00361	0.01503	0.00661	0.00601
6	0.00908	0.00758	0.00798	0.00804	0.01035	0.00667	0.00608	0.01184	0.04757	0.02020	0.09663	0.10214	0.57605	0.01778	0.00846	0.00246	0.00385	0.04421	0.00670	0.00630
7	0.02471	0.01862	0.02106	0.01867	0.09410	0.02044	0.01383	0.53288	0.07606	0.04059	0.01783	0.01829	0.01300	0.00838	0.00701	0.00213	0.00752	0.00653	0.04665	0.01168
8	0.03021	0.01255	0.01705	0.01418	0.05125	0.01124	0.01094	0.06602	0.02047	0.61738	0.02661	0.02438	0.01735	0.03617	0.00823	0.00237	0.00630	0.00720	0.00830	0.01179
9	0.80005	0.01377	0.01047	0.00936	0.01377	0.01597	0.00771	0.02093	0.01212	0.03195	0.00991	0.01157	0.00771	0.00661	0.00441	0.00220	0.00551	0.00386	0.00441	0.00771
10	0.04075	0.03067	0.42941	0.02523	0.17569	0.10192	0.05229	0.02307	0.01590	0.02239	0.01268	0.01541	0.00957	0.00670	0.00679	0.00218	0.01027	0.00551	0.00327	0.01029
11	0.00869	0.00713	0.00766	0.00773	0.00984	0.00610	0.00572	0.01068	0.01658	0.02054	0.16417	0.13054	0.54409	0.01791	0.00848	0.00243	0.00362	0.01520	0.00680	0.00610
12	0.09119	0.06939	0.19266	0.01696	0.02316	0.01740	0.09741	0.14347	0.12609	0.02886	0.08621	0.02286	0.01847	0.00854	0.00699	0.00225	0.00795	0.02496	0.00522	0.00997
13	0.01625	0.03351	0.59533	0.02006	0.02982	0.01671	0.05437	0.07214	0.01676	0.05931	0.01395	0.01585	0.00977	0.00697	0.00689	0.00225	0.01016	0.00559	0.00364	0.01068
14	0.09959	0.05647	0.01841	0.01486	0.01936	0.12335	0.01184	0.17992	0.34076	0.03093	0.02074	0.02011	0.01565	0.00858	0.00668	0.00220	0.00729	0.00653	0.00619	0.01055
15	0.02707	0.01995	0.02137	0.01638	0.02208	0.02208	0.01353	0.68159	0.03348	0.04488	0.01710	0.01710	0.01211	0.00855	0.00712	0.00214	0.00784	0.00641	0.00712	0.01211
16	0.01556	0.01508	0.02493	0.36889	0.30901	0.03553	0.05311	0.02002	0.01542	0.02058	0.01414	0.02108	0.01170	0.00733	0.00726	0.00230	0.00916	0.03612	0.00350	0.00929
17	0.00997	0.00727	0.00937	0.00885	0.01057	0.00667	0.00664	0.01323	0.01991	0.02796	0.66141	0.05417	0.10772	0.01478	0.00840	0.00225	0.00338	0.01301	0.00776	0.00667
18	0.00932	0.00666	0.00898	0.01054	0.01126	0.00632	0.00762	0.01107	0.01448	0.01927	0.06707	0.57767	0.04668	0.02143	0.00921	0.00294	0.00460	0.15223	0.00665	0.00598
19	0.00964	0.00726	0.00891	0.00850	0.01037	0.00653	0.00637	0.01258	0.01911	0.02608	0.53444	0.05726	0.23587	0.01548	0.00840	0.00228	0.00343	0.01345	0.00751	0.00653
20	0.02798	0.01849	0.02047	0.01569	0.02136	0.01992	0.01296	0.56121	0.03104	0.16870	0.01914	0.01842	0.01314	0.00860	0.00713	0.00215	0.00751	0.00655	0.00744	0.01211
21	0.01222	0.00939	0.01024	0.00975	0.01242	0.00921	0.00741	0.01854	0.17875	0.05880	0.10407	0.08894	0.36947	0.04532	0.00928	0.00262	0.00446	0.03465	0.00688	0.00759
22	0.59875	0.01481	0.01267	0.01077	0.01534	0.01690	0.00886	0.16422	0.01688	0.03453	0.01204	0.01340	0.00911	0.00710	0.00502	0.00217	0.00592	0.00453	0.03834	0.00862
23	0.02730	0.01957	0.02114	0.01620	0.02189	0.02152	0.01339	0.65027	0.03285	0.07709	0.01763	0.01744	0.01238	0.00856	0.00713	0.00214	0.00775	0.00645	0.00721	0.01211
24	0.01527	0.12259	0.60838	0.01926	0.02902	0.04194	0.02419	0.02260	0.01514	0.02168	0.01237	0.01453	0.00904	0.00670	0.00649	0.00215	0.01025	0.00506	0.00303	0.01028
25	0.24500	0.05866	0.30410	0.01607	0.02310	0.01678	0.04718	0.03763	0.03241	0.09741	0.01382	0.01538	0.01004	0.00728	0.00699	0.00225	0.04671	0.00527	0.00425	0.00968
26	0.01036	0.00690	0.00777	0.00777	0.00777	0.00690	0.00431	0.01036	0.01036	0.01381	0.02244	0.04660	0.02589	0.74975	0.03624	0.00690	0.00690	0.01036	0.00431	0.00431
27	0.01000	0.00728	0.00942	0.00888	0.01059	0.00669	0.00666	0.01329	0.01998	0.02814	0.67359	0.05387	0.09543	0.01471	0.00840	0.00225	0.00337	0.01297	0.00778	0.00669
28	0.01904	0.75404	0.03731	0.01218	0.01828	0.02818	0.01218	0.02132	0.01447	0.01675	0.00990	0.01142	0.00914	0.00609	0.00457	0.00152	0.00761	0.00381	0.00305	0.00914
29	0.01598	0.01491	0.02588	0.34148	0.06797	0.01651	0.19389	0.08585	0.01685	0.02306	0.01443	0.01934	0.01099	0.00728	0.00801	0.00231	0.04303	0.00692	0.07650	0.00881
30	0.00904	0.00648	0.00859	0.00966	0.01041	0.00603	0.00664	0.01084	0.01534	0.02089	0.21229	0.56433	0.05234	0.02028	0.00891	0.00272	0.00393	0.01832	0.00693	0.00603
31	0.01270	0.00787	0.01009	0.00919	0.01135	0.00713	0.00694	0.01566	0.01929	0.11352	0.51788	0.05074	0.12349	0.05101	0.00964	0.00249	0.00391	0.01224	0.00766	0.00721
32	0.14693	0.35804	0.23103	0.01481	0.02184	0.02149	0.04878	0.02153	0.01438	0.02161	0.01142	0.01341	0.00926	0.00645	0.00539	0.00190	0.00820	0.00457	0.02970	0.00925
33	0.02249	0.01736	0.01819	0.01490	0.01941	0.04443	0.01192	0.45741	0.10269	0.03712	0.02376	0.12948	0.04642	0.01108	0.00746	0.00228	0.00705	0.00895	0.00691	0.01067
34	0.02626	0.01985	0.02084	0.01633	0.02154	0.05821	0.01339	0.55047	0.06218	0.07463	0.01749	0.01760	0.01255	0.00875	0.00792	0.00219	0.04492	0.00642	0.00683	0.01165

[dist]
# distance from previous block
# <min> <max>
0	2

[block]
# block no. 4 follows, 29 sequences, length 132
# corresponding to MSA columns:
# 153-284
name=unknown_E
#
# <colnr> <probs for GDERKNQSTAVLIFYWHMCP>
#	G	D	E	R	K	N	Q	S	T	A	V	L	I	F	Y	W	H	M	C	P
0	0.01912	0.01984	0.05064	0.11930	0.15160	0.07771	0.28454	0.14093	0.01960	0.02580	0.01415	0.01786	0.01076	0.00680	0.00756	0.00225	0.01034	0.00700	0.00415	0.01004
1	0.01500	0.01313	0.02143	0.01758	0.02106	0.01326	0.20740	0.14279	0.01839	0.02476	0.02642	0.33223	0.02791	0.01435	0.00910	0.00263	0.03602	0.04263	0.00568	0.00824
2	0.00880	0.00628	0.00840	0.01006	0.01052	0.00589	0.00682	0.01013	0.01375	0.01831	0.03918	0.71597	0.04683	0.02219	0.00912	0.00291	0.00424	0.04816	0.00661	0.00582
3	0.00885	0.00627	0.00821	0.00969	0.01007	0.00590	0.00637	0.00996	0.01330	0.01773	0.03752	0.67352	0.04492	0.09685	0.01187	0.00330	0.00442	0.01923	0.00637	0.00563
4	0.00964	0.00726	0.00891	0.00850	0.01037	0.00653	0.00637	0.01259	0.01912	0.02609	0.53513	0.05725	0.23517	0.01548	0.00840	0.00228	0.00342	0.01345	0.00751	0.00653
5	0.00996	0.00719	0.00941	0.00904	0.01061	0.00664	0.00671	0.01313	0.01959	0.02766	0.64442	0.11290	0.06545	0.01523	0.00846	0.00230	0.00343	0.01351	0.00773	0.00664
6	0.01558	0.01558	0.02181	0.01869	0.01869	0.02181	0.01558	0.01714	0.01091	0.01714	0.00935	0.01558	0.00935	0.01246	0.02337	0.00312	0.73672	0.00623	0.00312	0.00779
7	0.01915	0.68395	0.07187	0.01279	0.01910	0.02730	0.01298	0.05075	0.01534	0.01831	0.01037	0.01186	0.00926	0.00624	0.00480	0.00159	0.00778	0.00400	0.00323	0.00934
8	0.02707	0.01995	0.02137	0.01638	0.02208	0.02208	0.01353	0.68159	0.03348	0.04488	0.01710	0.01710	0.01211	0.00855	0.00712	0.00214	0.00784	0.00641	0.00712	0.01211
9	0.00864	0.00634	0.00812	0.00954	0.01023	0.00582	0.00644	0.00996	0.01400	0.01833	0.04385	0.65050	0.13873	0.02171	0.00899	0.00282	0.00406	0.01951	0.00661	0.00582
10	0.00967	0.00662	0.00797	0.00864	0.00881	0.00645	0.00525	0.01018	0.01169	0.01559	0.02928	0.33111	0.03453	0.45346	0.02518	0.00527	0.00577	0.01438	0.00525	0.00491
11	0.01224	0.00941	0.01118	0.01092	0.01311	0.00959	0.00846	0.05208	0.14198	0.02551	0.25005	0.13732	0.12512	0.04048	0.00939	0.00270	0.00479	0.12108	0.00706	0.00753
12	0.00868	0.00620	0.00826	0.00991	0.01033	0.00578	0.00661	0.00991	0.01363	0.01818	0.03925	0.74510	0.04710	0.02231	0.00909	0.00289	0.00413	0.02024	0.00661	0.00578
13	0.03195	0.01212	0.01652	0.01267	0.01818	0.01047	0.01047	0.03470	0.02038	0.71026	0.02809	0.02424	0.01763	0.00881	0.00716	0.00220	0.00606	0.00716	0.00881	0.01212
14	0.17294	0.00811	0.00775	0.00773	0.00984	0.00852	0.00593	0.01683	0.01431	0.02672	0.02247	0.08762	0.01949	0.00961	0.00541	0.00194	0.00396	0.03278	0.53128	0.00678
15	0.00858	0.00717	0.00747	0.00749	0.00974	0.00607	0.00558	0.01050	0.01648	0.02004	0.12818	0.09678	0.61570	0.01790	0.00844	0.00241	0.00361	0.01506	0.00672	0.00607
16	0.01683	0.01608	0.02703	0.04056	0.64529	0.01598	0.02043	0.02085	0.01622	0.02292	0.01846	0.02202	0.07092	0.00735	0.00717	0.00214	0.00804	0.00709	0.00379	0.01082
17	0.01428	0.03683	0.71286	0.02030	0.03082	0.01654	0.02631	0.02255	0.01503	0.02255	0.01278	0.01503	0.00902	0.00677	0.00677	0.00226	0.01052	0.00526	0.00301	0.01052
18	0.01738	0.01677	0.02895	0.07920	0.64845	0.01690	0.04402	0.02169	0.01613	0.02298	0.01339	0.01775	0.01117	0.00637	0.00710	0.00214	0.00863	0.00641	0.00351	0.01105
19	0.01045	0.00804	0.01198	0.01182	0.01303	0.00957	0.00925	0.01295	0.01142	0.01656	0.01857	0.02733	0.01736	0.05127	0.68509	0.01101	0.05653	0.00756	0.00378	0.00643
20	0.01904	0.75404	0.03731	0.01218	0.01828	0.02818	0.01218	0.02132	0.01447	0.01675	0.00990	0.01142	0.00914	0.00609	0.00457	0.00152	0.00761	0.00381	0.00305	0.00914
21	0.01806	0.01977	0.07467	0.06221	0.54119	0.09385	0.02091	0.02229	0.01650	0.02234	0.01376	0.01876	0.01168	0.00689	0.00704	0.00214	0.00906	0.02465	0.00358	0.01064
22	0.00993	0.00727	0.00932	0.00881	0.01055	0.00666	0.00661	0.01316	0.01982	0.02775	0.64726	0.05451	0.12201	0.01486	0.00840	0.00225	0.00338	0.01306	0.00773	0.00666
23	0.01813	0.01727	0.02785	0.04093	0.63656	0.03557	0.02097	0.05257	0.01713	0.02406	0.01417	0.01918	0.01207	0.00684	0.00711	0.00214	0.00849	0.02407	0.00378	0.01111
24	0.01327	0.00664	0.00664	0.00664	0.00830	0.00664	0.00498	0.01659	0.01493	0.02655	0.02323	0.02655	0.01825	0.00830	0.00498	0.00166	0.00332	0.00664	0.78928	0.00664
25	0.01237	0.00618	0.00928	0.00928	0.00928	0.00618	0.00618	0.00928	0.00928	0.01237	0.01237	0.02165	0.01237	0.02474	0.02783	0.79283	0.00618	0.00618	0.00309	0.00309
26	0.01681	0.01921	0.04202	0.03001	0.03721	0.01801	0.67947	0.02281	0.01681	0.02281	0.01441	0.01921	0.01080	0.00600	0.00840	0.00240	0.01200	0.00840	0.00360	0.00960
27	0.80005	0.01377	0.01047	0.00936	0.01377	0.01597	0.00771	0.02093	0.01212	0.03195	0.00991	0.01157	0.00771	0.00661	0.00441	0.00220	0.00551	0.00386	0.00441	0.00771
28	0.01428	0.03683	0.71286	0.02030	0.03082	0.01654	0.02631	0.02255	0.01503	0.02255	0.01278	0.01503	0.00902	0.00677	0.00677	0.00226	0.01052	0.00526	0.00301	0.01052
29	0.00904	0.00660	0.00855	0.00970	0.01059	0.00611	0.00682	0.01079	0.01507	0.02005	0.14196	0.52649	0.11859	0.02052	0.00896	0.00277	0.00412	0.06048	0.00679	0.00600
30	0.00929	0.00787	0.00811	0.00802	0.01045	0.00704	0.00601	0.01270	0.07461	0.02042	0.08868	0.09447	0.59262	0.01738	0.00834	0.00242	0.00380	0.01458	0.00671	0.00648
31	0.03934	0.04215	0.01344	0.01181	0.01320	0.01155	0.00931	0.01364	0.01184	0.01717	0.02174	0.02992	0.07557	0.10207	0.43576	0.00823	0.12474	0.00799	0.00398	0.00654
32	0.00993	0.00722	0.00934	0.00891	0.01057	0.00664	0.00665	0.01310	0.01965	0.02758	0.63769	0.08623	0.09958	0.01510	0.00843	0.00228	0.00341	0.01333	0.00772	0.00664
33	0.01531	0.01298	0.01506	0.01081	0.01711	0.01005	0.00866	0.04745	0.01560	0.02417	0.01285	0.01487	0.01062	0.00542	0.00536	0.00110	0.00539	0.00432	0.00435	0.75854
34	0.01471	0.09237	0.63034	0.01959	0.02932	0.01768	0.02474	0.02222	0.01481	0.02186	0.01241	0.01477	0.00904	0.00695	0.00730	0.00223	0.04114	0.00519	0.00301	0.01030
35	0.01762	0.01692	0.02890	0.04371	0.70533	0.01692	0.02185	0.02185	0.01621	0.02326	0.01339	0.01762	0.01128	0.00634	0.00705	0.00211	0.00846	0.00634	0.00352	0.01128
36	0.01237	0.00618	0.00928	0.00928	0.00928	0.00618	0.00618	0.00928	0.00928	0.01237	0.01237	0.02165	0.01237	0.02474	0.02783	0.79283	0.00618	0.00618	0.00309	0.00309
37	0.05916	0.01464	0.01712	0.01378	0.01887	0.01504	0.01119	0.16473	0.20982	0.35893	0.02537	0.02292	0.01725	0.00890	0.00706	0.00225	0.00627	0.00712	0.00785	0.01170
38	0.01627	0.04641	0.01648	0.01125	0.01750	0.01167	0.00915	0.08923	0.01676	0.02524	0.01301	0.01487	0.01065	0.00566	0.00544	0.00119	0.00565	0.00444	0.00448	0.67466
39	0.00967	0.00661	0.00797	0.00865	0.00882	0.00644	0.00526	0.01017	0.01170	0.01560	0.02933	0.33300	0.03458	0.45148	0.02511	0.00526	0.00577	0.01441	0.00526	0.00492
40	0.01904	0.75404	0.03731	0.01218	0.01828	0.02818	0.01218	0.02132	0.01447	0.01675	0.00990	0.01142	0.00914	0.00609	0.00457	0.00152	0.00761	0.00381	0.00305	0.00914
41	0.01538	0.00845	0.01122	0.00986	0.01247	0.00763	0.00763	0.01860	0.02021	0.19396	0.53817	0.04616	0.05516	0.01316	0.00810	0.00223	0.00401	0.01149	0.00808	0.00803
42	0.00992	0.00727	0.00930	0.00879	0.01054	0.00665	0.00660	0.01313	0.01979	0.02767	0.64211	0.05464	0.12721	0.01489	0.00840	0.00226	0.00338	0.01308	0.00772	0.00665
43	0.01035	0.00693	0.00790	0.00790	0.00795	0.00698	0.00448	0.01044	0.01040	0.01391	0.02231	0.04591	0.02559	0.72393	0.06166	0.00707	0.00735	0.01025	0.00430	0.00439
44	0.00864	0.00633	0.00813	0.00956	0.01024	0.00581	0.00645	0.00995	0.01397	0.01832	0.04353	0.65701	0.13243	0.02175	0.00900	0.00283	0.00406	0.01956	0.00661	0.00581
45	0.01017	0.00763	0.01144	0.01144	0.01272	0.00890	0.00890	0.01272	0.01144	0.01653	0.01907	0.02797	0.01780	0.05340	0.72153	0.01144	0.01907	0.00763	0.00381	0.00636
46	0.01034	0.00696	0.00806	0.00806	0.00816	0.00706	0.00468	0.01054	0.01044	0.01402	0.02217	0.04513	0.02525	0.69478	0.09034	0.00726	0.00786	0.01014	0.00428	0.00448
47	0.00867	0.00623	0.00822	0.00982	0.01030	0.00579	0.00657	0.00993	0.01373	0.01822	0.04043	0.72080	0.07063	0.02215	0.00906	0.00287	0.00411	0.02006	0.00661	0.00579
48	0.01477	0.01266	0.01477	0.01055	0.01687	0.00949	0.00844	0.01793	0.01477	0.02320	0.01266	0.01477	0.01055	0.00527	0.00527	0.00105	0.00527	0.00422	0.00422	0.79328
49	0.09258	0.01243	0.01599	0.01243	0.01771	0.01130	0.01024	0.06290	0.02032	0.59801	0.05254	0.02402	0.01852	0.00885	0.00699	0.00220	0.00599	0.00708	0.00834	0.01155
50	0.00895	0.00640	0.00856	0.01011	0.01067	0.00601	0.00698	0.01044	0.01414	0.01889	0.06936	0.66373	0.04755	0.02176	0.00911	0.00289	0.00428	0.06764	0.00666	0.00588
51	0.01490	0.01278	0.01483	0.01073	0.01695	0.00988	0.00857	0.01886	0.04634	0.02351	0.01342	0.01532	0.01107	0.00548	0.00537	0.00112	0.00529	0.00440	0.00436	0.75685
52	0.01028	0.00695	0.00791	0.00791	0.00805	0.00696	0.00456	0.01046	0.01060	0.01411	0.02397	0.04651	0.04844	0.69400	0.06578	0.00695	0.00733	0.01039	0.00437	0.00446
53	0.01713	0.09374	0.25842	0.02488	0.21273	0.04938	0.04895	0.02417	0.09493	0.04812	0.01636	0.05119	0.01332	0.00772	0.00687	0.00218	0.00881	0.00663	0.00409	0.01038
54	0.00899	0.00663	0.00888	0.01032	0.01071	0.00652	0.00702	0.01024	0.01351	0.01813	0.03788	0.71181	0.04537	0.02186	0.00974	0.00290	0.03757	0.01960	0.00645	0.00588
55	0.14447	0.48850	0.14532	0.01331	0.01978	0.04951	0.01388	0.02172	0.01439	0.02020	0.01042	0.01210	0.00889	0.00633	0.00498	0.00177	0.00795	0.00409	0.00328	0.00911
56	0.01714	0.10677	0.15856	0.04801	0.03347	0.01854	0.43751	0.02294	0.01629	0.05069	0.01411	0.01777	0.01054	0.00630	0.00758	0.00226	0.01091	0.00720	0.00364	0.00976
57	0.00994	0.00731	0.00862	0.00841	0.01041	0.00644	0.00626	0.01240	0.01783	0.04603	0.34142	0.12470	0.34112	0.01662	0.00843	0.00237	0.00363	0.01433	0.00722	0.00650
58	0.00984	0.00674	0.00816	0.00884	0.00908	0.00659	0.00555	0.01047	0.01186	0.01578	0.02921	0.29179	0.03418	0.45228	0.02519	0.00529	0.00592	0.05302	0.00525	0.00496
59	0.33226	0.05885	0.16618	0.01828	0.11459	0.04192	0.04570	0.02346	0.03877	0.08008	0.01335	0.01506	0.01003	0.00686	0.00585	0.00217	0.00770	0.00514	0.00430	0.00945
60	0.02548	0.01455	0.03900	0.01377	0.01876	0.01396	0.01148	0.15956	0.15148	0.35777	0.05126	0.05128	0.02060	0.00986	0.00735	0.00229	0.00631	0.02611	0.00782	0.01132
61	0.00879	0.00628	0.00836	0.00984	0.01035	0.00586	0.00662	0.01019	0.01414	0.01899	0.09094	0.69110	0.04866	0.02170	0.00903	0.00284	0.00407	0.01967	0.00671	0.00586
62	0.02786	0.01377	0.01830	0.13443	0.02414	0.01368	0.01264	0.16096	0.02196	0.46121	0.02330	0.02193	0.01516	0.00848	0.00715	0.00222	0.00699	0.00687	0.00753	0.01141
63	0.06685	0.01793	0.05597	0.05330	0.31010	0.04743	0.15980	0.05216	0.01703	0.02454	0.04927	0.01889	0.01360	0.00681	0.00706	0.00210	0.00878	0.00667	0.00402	0.07770
64	0.01386	0.01213	0.01960	0.48631	0.13919	0.01415	0.01718	0.01819	0.01472	0.02033	0.01664	0.02180	0.03641	0.00759	0.00681	0.00222	0.00813	0.00670	0.12990	0.00814
65	0.01424	0.00782	0.00801	0.00757	0.00945	0.00800	0.00567	0.07393	0.01619	0.02714	0.02263	0.02730	0.01832	0.06666	0.00762	0.00211	0.00399	0.00691	0.65950	0.00693
66	0.01975	0.01375	0.01564	0.01341	0.01694	0.01458	0.01045	0.36012	0.02463	0.07623	0.05477	0.29284	0.02792	0.01399	0.00792	0.00243	0.00614	0.01193	0.00707	0.00951
67	0.01804	0.01400	0.01699	0.01237	0.01858	0.01185	0.03571	0.12227	0.01817	0.07802	0.01457	0.01601	0.01133	0.00607	0.00582	0.00136	0.00599	0.00494	0.00499	0.58290
68	0.80005	0.01377	0.01047	0.00936	0.01377	0.01597	0.00771	0.02093	0.01212	0.03195	0.00991	0.01157	0.00771	0.00661	0.00441	0.00220	0.00551	0.00386	0.00441	0.00771
69	0.14681	0.01237	0.01562	0.01217	0.01752	0.01129	0.01005	0.03264	0.01915	0.60883	0.02537	0.02234	0.01614	0.00848	0.00675	0.00220	0.00598	0.00667	0.00815	0.01146
70	0.01345	0.01266	0.02136	0.73264	0.04904	0.01582	0.01978	0.01819	0.01424	0.01819	0.01266	0.01898	0.00949	0.00712	0.00712	0.00237	0.00949	0.00633	0.00316	0.00791
71	0.00954	0.00697	0.00897	0.00907	0.01046	0.00640	0.00657	0.01218	0.01801	0.02487	0.46343	0.24506	0.11795	0.01700	0.00859	0.00243	0.00359	0.01510	0.00739	0.00640
72	0.00976	0.00727	0.00908	0.00863	0.01045	0.00659	0.00647	0.01283	0.01942	0.02680	0.58275	0.05609	0.18711	0.01521	0.00840	0.00227	0.00341	0.01328	0.00761	0.00659
73	0.00848	0.00722	0.00730	0.00728	0.00966	0.00604	0.00546	0.01035	0.01638	0.01960	0.09683	0.06793	0.67752	0.01790	0.00842	0.00240	0.00360	0.01494	0.00666	0.00604
74	0.05529	0.01928	0.02049	0.01581	0.02133	0.02135	0.01304	0.63553	0.03209	0.04380	0.01703	0.01720	0.01215	0.00847	0.00695	0.00212	0.00760	0.00632	0.03237	0.01177
75	0.01558	0.01558	0.02181	0.01869	0.01869	0.02181	0.01558	0.01714	0.01091	0.01714	0.00935	0.01558	0.00935	0.01246	0.02337	0.00312	0.73672	0.00623	0.00312	0.00779
76	0.01401	0.01186	0.01396	0.01047	0.01607	0.00903	0.00821	0.01694	0.01463	0.02258	0.01594	0.10494	0.01506	0.00738	0.00574	0.00128	0.00513	0.00620	0.00451	0.69605
77	0.05319	0.04895	0.03748	0.02924	0.11655	0.01775	0.51437	0.02206	0.01630	0.02287	0.01480	0.04525	0.01199	0.00668	0.00792	0.00234	0.01079	0.00818	0.00372	0.00956
78	0.80005	0.01377	0.01047	0.00936	0.01377	0.01597	0.00771	0.02093	0.01212	0.03195	0.00991	0.01157	0.00771	0.00661	0.00441	0.00220	0.00551	0.00386	0.00441	0.00771
79	0.01345	0.01266	0.02136	0.73264	0.04904	0.01582	0.01978	0.01819	0.01424	0.01819	0.01266	0.01898	0.00949	0.00712	0.00712	0.00237	0.00949	0.00633	0.00316	0.00791
80	0.01590	0.02718	0.37318	0.02492	0.07933	0.01657	0.26437	0.02265	0.01591	0.04702	0.01475	0.03885	0.01127	0.00699	0.00747	0.00232	0.01057	0.00700	0.00358	0.01015
81	0.10803	0.00997	0.04304	0.01010	0.01294	0.00872	0.00841	0.01661	0.01829	0.09136	0.40899	0.04738	0.10510	0.01345	0.00785	0.00234	0.00451	0.06837	0.00707	0.00745
82	0.00905	0.00646	0.00851	0.00961	0.01028	0.00603	0.00653	0.01068	0.01487	0.02018	0.17927	0.56614	0.05040	0.05386	0.01018	0.00294	0.00409	0.01823	0.00677	0.00592
83	0.01486	0.03330	0.58907	0.02406	0.12960	0.01665	0.04889	0.02246	0.01527	0.02266	0.01293	0.01556	0.00941	0.00668	0.00686	0.00224	0.01027	0.00553	0.00310	0.01060
84	0.01618	0.02245	0.18255	0.06184	0.09311	0.01750	0.45407	0.02246	0.01626	0.02258	0.01389	0.01818	0.01040	0.00625	0.00788	0.00234	0.01127	0.00746	0.00345	0.00986
85	0.01664	0.01976	0.06904	0.02901	0.03598	0.01814	0.61748	0.02250	0.01642	0.02250	0.01407	0.01884	0.01065	0.00637	0.00912	0.00243	0.04977	0.00816	0.00355	0.00955
86	0.04214	0.01392	0.02434	0.55408	0.06895	0.01639	0.11749	0.01908	0.01451	0.01952	0.01274	0.01859	0.00968	0.00708	0.00774	0.00239	0.03326	0.00655	0.00328	0.00827
87	0.01683	0.01752	0.03417	0.05802	0.34243	0.01703	0.33283	0.02188	0.01658	0.02308	0.03892	0.01971	0.01303	0.00651	0.00774	0.00226	0.00999	0.00756	0.00371	0.01021
88	0.01576	0.02238	0.19292	0.02696	0.05319	0.01690	0.47064	0.02194	0.01619	0.02248	0.01551	0.06221	0.01261	0.00717	0.00803	0.00239	0.01109	0.00834	0.00365	0.00963
89	0.01040	0.00766	0.01068	0.01058	0.01143	0.00871	0.00775	0.01215	0.01110	0.01574	0.01977	0.03313	0.01994	0.25941	0.49544	0.00983	0.03815	0.00840	0.00394	0.00579
90	0.01644	0.01416	0.01786	0.01306	0.01904	0.01226	0.05698	0.09865	0.01698	0.02548	0.01315	0.01541	0.01069	0.00610	0.00666	0.00139	0.04424	0.00489	0.00447	0.60209
91	0.01863	0.69214	0.09561	0.01288	0.01936	0.02717	0.01340	0.02143	0.01452	0.01725	0.01015	0.01173	0.00913	0.00615	0.00476	0.00159	0.00787	0.00393	0.00304	0.00926
92	0.01008	0.00726	0.00926	0.00893	0.01064	0.00669	0.00675	0.01323	0.01927	0.02706	0.57370	0.07460	0.11830	0.01507	0.00836	0.00230	0.00354	0.04171	0.03662	0.00662
93	0.01013	0.00736	0.00896	0.00855	0.01052	0.00657	0.00641	0.01292	0.01873	0.04455	0.46542	0.07904	0.26318	0.01572	0.00839	0.00231	0.00354	0.01362	0.00744	0.00662
94	0.01115	0.00881	0.01027	0.00961	0.01159	0.03174	0.00724	0.01569	0.07284	0.02776	0.59038	0.05058	0.09685	0.01412	0.00824	0.00225	0.00387	0.01234	0.00758	0.00709
95	0.05342	0.01946	0.02083	0.01601	0.02166	0.02146	0.01323	0.63621	0.03229	0.06810	0.01724	0.01716	0.01216	0.00849	0.00703	0.00214	0.00769	0.00635	0.00709	0.01196
96	0.02166	0.39451	0.10935	0.01509	0.02096	0.22251	0.01425	0.05355	0.01731	0.05507	0.01182	0.01317	0.00971	0.00678	0.00560	0.00176	0.00937	0.00449	0.00370	0.00934
97	0.00867	0.00623	0.00823	0.00982	0.01030	0.00579	0.00657	0.00993	0.01372	0.01821	0.04038	0.72174	0.06972	0.02216	0.00907	0.00288	0.00411	0.02006	0.00661	0.00579
98	0.01477	0.01266	0.01477	0.01055	0.01687	0.00949	0.00844	0.01793	0.01477	0.02320	0.01266	0.01477	0.01055	0.00527	0.00527	0.00105	0.00527	0.00422	0.00422	0.79328
99	0.01786	0.57704	0.20403	0.01419	0.02137	0.02530	0.01567	0.02163	0.01461	0.01818	0.01061	0.01231	0.00911	0.00626	0.00511	0.00170	0.00833	0.00417	0.00304	0.00948
100	0.01766	0.06779	0.10020	0.06671	0.52657	0.05461	0.02118	0.02208	0.01610	0.02224	0.01295	0.01675	0.01072	0.00646	0.00683	0.00209	0.00889	0.00597	0.00343	0.01076
101	0.01564	0.01253	0.01504	0.04739	0.04094	0.01370	0.01188	0.10379	0.25651	0.02723	0.05617	0.04726	0.06377	0.01351	0.00825	0.00267	0.00631	0.24166	0.00666	0.00908
102	0.01618	0.01347	0.01463	0.01338	0.01651	0.03730	0.01042	0.05837	0.37747	0.04593	0.08392	0.08982	0.06360	0.01464	0.05349	0.00303	0.03849	0.03314	0.00671	0.00950
103	0.00868	0.00620	0.00826	0.00991	0.01033	0.00578	0.00661	0.00991	0.01363	0.01818	0.03925	0.74510	0.04710	0.02231	0.00909	0.00289	0.00413	0.02024	0.00661	0.00578
104	0.01636	0.02145	0.15424	0.07394	0.06634	0.01743	0.45658	0.04186	0.01679	0.02310	0.01465	0.01993	0.01126	0.00666	0.00797	0.00238	0.01116	0.02452	0.00365	0.00972
105	0.02206	0.05114	0.07840	0.05155	0.24541	0.25708	0.01749	0.14668	0.02054	0.02483	0.01307	0.01553	0.01040	0.00714	0.00674	0.00202	0.01000	0.00558	0.00417	0.01015
106	0.01274	0.00782	0.01015	0.00924	0.01139	0.00714	0.00705	0.01598	0.01985	0.10809	0.57583	0.04902	0.07602	0.01370	0.00810	0.00221	0.00368	0.01199	0.04268	0.00733
107	0.03195	0.01212	0.01652	0.01267	0.01818	0.01047	0.01047	0.03470	0.02038	0.71026	0.02809	0.02424	0.01763	0.00881	0.00716	0.00220	0.00606	0.00716	0.00881	0.01212
108	0.02871	0.01406	0.03875	0.01604	0.08151	0.01249	0.01221	0.11017	0.02141	0.52170	0.04995	0.02357	0.01796	0.00871	0.00718	0.00219	0.00653	0.00715	0.00792	0.01179
109	0.02096	0.26168	0.11877	0.04366	0.08068	0.06413	0.03735	0.05480	0.01679	0.14914	0.01458	0.01607	0.01112	0.00750	0.00768	0.00205	0.07315	0.00547	0.00442	0.01000
110	0.01718	0.01762	0.02114	0.03916	0.01990	0.10716	0.01510	0.04933	0.01322	0.01847	0.01042	0.01594	0.00982	0.01323	0.04971	0.00324	0.56189	0.00610	0.00340	0.00799
111	0.02498	0.01762	0.01905	0.01486	0.01980	0.01926	0.01205	0.55165	0.02969	0.07200	0.01845	0.02063	0.01397	0.07485	0.00960	0.00254	0.00740	0.00681	0.05371	0.01109
112	0.01036	0.00690	0.00777	0.00777	0.00777	0.00690	0.00431	0.01036	0.01036	0.01381	0.02244	0.04660	0.02589	0.74975	0.03624	0.00690	0.00690	0.01036	0.00431	0.00431
113	0.01497	0.18756	0.47902	0.01787	0.02655	0.01820	0.04712	0.02137	0.01529	0.02151	0.05034	0.01836	0.03741	0.00741	0.00650	0.00211	0.00933	0.00583	0.00342	0.00983
114	0.01013	0.00727	0.00979	0.01051	0.01183	0.00692	0.00817	0.01289	0.01723	0.02350	0.31655	0.24861	0.05362	0.01824	0.00903	0.00274	0.00456	0.21489	0.00711	0.00642
115	0.01835	0.01205	0.01463	0.01367	0.05161	0.01238	0.01007	0.05075	0.25325	0.17528	0.23404	0.03531	0.06549	0.01114	0.00762	0.00229	0.00517	0.00950	0.00753	0.00985
116	0.01552	0.08779	0.46344	0.02477	0.14399	0.01770	0.10359	0.02237	0.01540	0.02225	0.01285	0.01569	0.00963	0.00655	0.00684	0.00219	0.01013	0.00571	0.00317	0.01043
117	0.01033	0.00699	0.00820	0.00820	0.00835	0.00714	0.00486	0.01063	0.01048	0.01413	0.02204	0.04440	0.02493	0.66763	0.11706	0.00744	0.00834	0.01003	0.00426	0.00456
118	0.01069	0.00888	0.03487	0.00989	0.01203	0.00781	0.00794	0.01502	0.05982	0.02665	0.51051	0.05359	0.10833	0.03540	0.00918	0.00249	0.00415	0.06846	0.00732	0.00699
119	0.01889	0.73106	0.05895	0.01244	0.01868	0.02780	0.01264	0.02136	0.01449	0.01694	0.00999	0.01154	0.00913	0.00611	0.00464	0.00155	0.00771	0.00385	0.00304	0.00918
120	0.01468	0.09695	0.65623	0.01962	0.02977	0.01751	0.02512	0.02245	0.01499	0.02206	0.01254	0.01473	0.00903	0.00671	0.00658	0.00219	0.01028	0.00514	0.00301	0.01041
121	0.01553	0.01410	0.01982	0.01432	0.02051	0.01183	0.12083	0.03970	0.01554	0.02357	0.01295	0.01561	0.01059	0.00580	0.00661	0.00140	0.03710	0.00507	0.00416	0.60497
122	0.60279	0.10126	0.01486	0.01046	0.01523	0.01763	0.00887	0.07735	0.01463	0.06684	0.01147	0.01268	0.00877	0.00683	0.00480	0.00212	0.00598	0.00424	0.00471	0.00848
123	0.00980	0.00667	0.00793	0.00847	0.00861	0.00653	0.00507	0.01021	0.01143	0.01525	0.02797	0.27646	0.03287	0.51037	0.02731	0.00558	0.00599	0.01361	0.00507	0.00480
124	0.01017	0.00763	0.01144	0.01144	0.01272	0.00890	0.00890	0.01272	0.01144	0.01653	0.01907	0.02797	0.01780	0.05340	0.72153	0.01144	0.01907	0.00763	0.00381	0.00636
125	0.00868	0.00620	0.00826	0.00991	0.01033	0.00578	0.00661	0.00991	0.01363	0.01818	0.03925	0.74510	0.04710	0.02231	0.00909	0.00289	0.00413	0.02024	0.00661	0.00578
126	0.03068	0.01240	0.01649	0.01283	0.01821	0.01111	0.01054	0.03498	0.08039	0.64951	0.02817	0.02444	0.01799	0.00889	0.00717	0.00222	0.00602	0.00724	0.00867	0.01204
127	0.00973	0.00726	0.00903	0.00859	0.01042	0.00657	0.00644	0.01276	0.01933	0.02660	0.56942	0.05641	0.20056	0.01529	0.00840	0.00227	0.00341	0.01333	0.00758	0.00657
128	0.00868	0.00620	0.00826	0.00991	0.01033	0.00578	0.00661	0.00991	0.01363	0.01818	0.03925	0.74510	0.04710	0.02231	0.00909	0.00289	0.00413	0.02024	0.00661	0.00578
129	0.01623	0.01660	0.05935	0.11335	0.41227	0.03792	0.01834	0.04470	0.04755	0.02294	0.02283	0.02549	0.11475	0.00847	0.00724	0.00220	0.00795	0.00761	0.00422	0.01000
130	0.01221	0.00879	0.01051	0.04102	0.04181	0.00900	0.00690	0.07517	0.01386	0.01857	0.02649	0.09321	0.08068	0.47599	0.02560	0.00520	0.00657	0.01061	0.03196	0.00584
131	0.02093	0.02117	0.09938	0.04127	0.08914	0.12954	0.01468	0.28668	0.02358	0.03054	0.05066	0.02389	0.05832	0.03075	0.00796	0.00228	0.00840	0.02333	0.02754	0.00994

[dist]
# distance from previous block
# <min> <max>
0	10

# created by:
# /st0/software/busco_prod/Augustus/scripts/msa2prfl.pl ./align_prep/132312.fa
