[name]
unknown

[dist]
# distance from previous block
# <min> <max>
0	4

[block]
# block no. 0 follows, 31 sequences, length 17
# corresponding to MSA columns:
# 4-20
name=unknown_A
#
# <colnr> <probs for GDERKNQSTAVLIFYWHMCP>
#	G	D	E	R	K	N	Q	S	T	A	V	L	I	F	Y	W	H	M	C	P
0	0.01130	0.01069	0.08410	0.01331	0.01576	0.00870	0.01249	0.01494	0.01562	0.02060	0.03377	0.07074	0.03623	0.01763	0.00915	0.00305	0.00669	0.60261	0.00595	0.00669
1	0.09585	0.15207	0.53852	0.01715	0.02596	0.01766	0.02123	0.02131	0.01407	0.02168	0.01154	0.01354	0.00856	0.00638	0.00592	0.00205	0.00916	0.00469	0.00303	0.00962
2	0.67636	0.01373	0.01151	0.00990	0.01433	0.01560	0.00816	0.09005	0.01427	0.07767	0.01139	0.01246	0.00847	0.00668	0.00468	0.00211	0.00556	0.00417	0.00478	0.00812
3	0.02266	0.01480	0.01665	0.01383	0.01842	0.01599	0.01108	0.17421	0.37506	0.22159	0.02520	0.02299	0.01785	0.00883	0.00691	0.00221	0.00597	0.00717	0.00735	0.01122
4	0.00868	0.00621	0.00773	0.00879	0.00929	0.00583	0.00573	0.00965	0.01263	0.01661	0.03726	0.52175	0.10926	0.18995	0.01464	0.00361	0.00453	0.01676	0.00585	0.00526
5	0.01078	0.00743	0.00868	0.00857	0.00909	0.00761	0.00539	0.05533	0.01193	0.01602	0.02312	0.13666	0.02610	0.55329	0.08624	0.00617	0.00729	0.01076	0.00458	0.00499
6	0.01423	0.01231	0.01454	0.01054	0.01630	0.00974	0.00847	0.01719	0.01399	0.02199	0.01199	0.01423	0.01007	0.00543	0.00598	0.00112	0.04400	0.00415	0.00400	0.75973
7	0.02272	0.02668	0.01839	0.01649	0.01962	0.51109	0.01258	0.09393	0.01928	0.01959	0.01522	0.06434	0.04035	0.00902	0.00807	0.00200	0.08233	0.00615	0.00412	0.00803
8	0.01454	0.01381	0.02345	0.45983	0.31774	0.01563	0.01981	0.01890	0.01445	0.01945	0.01245	0.01771	0.00981	0.00654	0.00681	0.00218	0.00872	0.00609	0.00318	0.00891
9	0.01409	0.01177	0.01366	0.00988	0.01565	0.00893	0.00788	0.01714	0.01420	0.02251	0.01285	0.01496	0.01064	0.00526	0.00505	0.00105	0.00494	0.00421	0.05805	0.74729
10	0.01369	0.00945	0.01139	0.00982	0.01295	0.00869	0.00760	0.03773	0.08815	0.10046	0.34469	0.05718	0.11847	0.01185	0.00732	0.00201	0.00420	0.01018	0.00682	0.13735
11	0.00947	0.00700	0.00975	0.01014	0.01119	0.00734	0.00738	0.01129	0.01183	0.01655	0.02536	0.29302	0.02765	0.09379	0.38062	0.00720	0.01157	0.01180	0.00470	0.04237
12	0.01411	0.01216	0.01456	0.05282	0.01801	0.00947	0.00874	0.01724	0.01416	0.02201	0.01216	0.01442	0.01007	0.00517	0.00517	0.00109	0.00530	0.00417	0.00399	0.75516
13	0.01275	0.01026	0.01016	0.00959	0.01210	0.07023	0.00724	0.01660	0.08734	0.08029	0.17755	0.11891	0.33168	0.01463	0.00776	0.00226	0.00464	0.01234	0.00658	0.00708
14	0.01600	0.01483	0.02494	0.05161	0.02540	0.01331	0.27626	0.06534	0.01629	0.04599	0.01464	0.04676	0.01194	0.00642	0.00665	0.00176	0.00793	0.00658	0.00420	0.34316
15	0.01862	0.01475	0.01842	0.08761	0.08205	0.01598	0.03551	0.19574	0.24406	0.06485	0.02153	0.08624	0.01749	0.00917	0.00698	0.00217	0.00662	0.00783	0.00597	0.05842
16	0.04106	0.05673	0.02168	0.02474	0.29180	0.11982	0.01481	0.02579	0.17071	0.06936	0.01650	0.01789	0.01294	0.00701	0.00638	0.00194	0.00757	0.00589	0.00461	0.08278

[dist]
# distance from previous block
# <min> <max>
2	9

[block]
# block no. 1 follows, 31 sequences, length 10
# corresponding to MSA columns:
# 30-39
name=unknown_B
#
# <colnr> <probs for GDERKNQSTAVLIFYWHMCP>
#	G	D	E	R	K	N	Q	S	T	A	V	L	I	F	Y	W	H	M	C	P
0	0.02102	0.02496	0.06490	0.03644	0.02291	0.35241	0.08855	0.09442	0.07119	0.02131	0.01469	0.01675	0.03272	0.00809	0.00859	0.00210	0.10030	0.00584	0.00410	0.00868
1	0.01659	0.01756	0.02934	0.02450	0.12165	0.07290	0.33993	0.03849	0.01608	0.02185	0.01454	0.01804	0.03034	0.00645	0.00777	0.00199	0.04323	0.00674	0.00373	0.16829
2	0.01555	0.01336	0.01756	0.26145	0.02759	0.01374	0.01292	0.11096	0.05132	0.02358	0.01341	0.01648	0.01049	0.00660	0.00673	0.00174	0.03765	0.00530	0.00419	0.34936
3	0.01032	0.00749	0.00928	0.00973	0.01092	0.00728	0.00685	0.07627	0.01603	0.02152	0.15095	0.49337	0.08627	0.04824	0.00944	0.00273	0.00426	0.01628	0.00651	0.00625
4	0.05597	0.01623	0.02762	0.03960	0.64277	0.01627	0.05909	0.02101	0.01542	0.02274	0.01276	0.01673	0.01064	0.00609	0.00672	0.00205	0.00818	0.00609	0.00343	0.01057
5	0.00967	0.00652	0.00754	0.00782	0.00788	0.00645	0.00452	0.00988	0.01049	0.01398	0.02432	0.16641	0.02836	0.63317	0.03035	0.00597	0.00618	0.01158	0.00452	0.00439
6	0.02407	0.02520	0.02088	0.02059	0.12673	0.37183	0.01424	0.23771	0.04828	0.02638	0.01342	0.01482	0.01046	0.00736	0.00650	0.00192	0.00992	0.00534	0.00468	0.00965
7	0.02012	0.01529	0.01704	0.01289	0.01850	0.01490	0.01048	0.30485	0.07748	0.06219	0.01587	0.01644	0.01193	0.00688	0.00605	0.00161	0.00617	0.00536	0.00566	0.37030
8	0.02245	0.01524	0.01628	0.01369	0.01809	0.05938	0.01089	0.12488	0.34548	0.22955	0.05140	0.02379	0.01941	0.00894	0.00692	0.00218	0.00617	0.00724	0.00719	0.01083
9	0.01726	0.01396	0.01558	0.01471	0.05728	0.01550	0.01065	0.08429	0.47594	0.05229	0.02469	0.02616	0.01952	0.10069	0.01028	0.00276	0.00589	0.00762	0.00635	0.03860

[dist]
# distance from previous block
# <min> <max>
7	22

[block]
# block no. 2 follows, 31 sequences, length 20
# corresponding to MSA columns:
# 63-82
name=unknown_C
#
# <colnr> <probs for GDERKNQSTAVLIFYWHMCP>
#	G	D	E	R	K	N	Q	S	T	A	V	L	I	F	Y	W	H	M	C	P
0	0.01720	0.01437	0.01736	0.01298	0.01859	0.01331	0.04705	0.17059	0.07567	0.02728	0.01441	0.01589	0.01134	0.00638	0.00634	0.00149	0.02960	0.00511	0.00485	0.49019
1	0.01667	0.01390	0.01611	0.01260	0.01754	0.04674	0.04560	0.11492	0.08548	0.05177	0.05383	0.08212	0.01750	0.00807	0.00626	0.00165	0.00598	0.00682	0.00522	0.39121
2	0.02445	0.01824	0.01970	0.01500	0.02056	0.01963	0.01236	0.60507	0.02980	0.04038	0.01586	0.01613	0.01144	0.00780	0.00661	0.00192	0.00720	0.00588	0.00648	0.11549
3	0.01047	0.00727	0.00848	0.00846	0.00905	0.00731	0.00535	0.04752	0.01233	0.01648	0.05199	0.16001	0.05729	0.50100	0.06344	0.00563	0.00660	0.01144	0.00485	0.00505
4	0.01494	0.01303	0.01753	0.05284	0.01963	0.01189	0.05953	0.01801	0.01392	0.04483	0.01230	0.01515	0.01015	0.00639	0.00810	0.00152	0.11925	0.00485	0.00394	0.55221
5	0.00859	0.00629	0.00771	0.00866	0.00942	0.00580	0.00578	0.00978	0.01334	0.01739	0.06692	0.48194	0.17524	0.13482	0.01263	0.00326	0.00425	0.01672	0.00605	0.00542
6	0.01829	0.76368	0.03585	0.01171	0.01756	0.02707	0.01171	0.02049	0.01390	0.01610	0.00951	0.01097	0.00878	0.00585	0.00439	0.00146	0.00732	0.00366	0.00293	0.00878
7	0.02379	0.01795	0.01932	0.01498	0.02032	0.01954	0.01227	0.55045	0.10939	0.03937	0.01735	0.01727	0.01257	0.00803	0.00668	0.00198	0.00704	0.00614	0.00658	0.08896
8	0.00834	0.00595	0.00794	0.00953	0.00992	0.00556	0.00635	0.00953	0.01310	0.01746	0.03771	0.75510	0.04525	0.02143	0.00873	0.00278	0.00397	0.01945	0.00635	0.00556
9	0.00839	0.00608	0.00793	0.00928	0.00989	0.00562	0.00627	0.00973	0.01362	0.01807	0.07612	0.66512	0.09719	0.02072	0.00865	0.00271	0.00389	0.01869	0.00641	0.00562
10	0.01632	0.01815	0.03523	0.02756	0.08559	0.04220	0.49648	0.02106	0.01521	0.02081	0.01279	0.01751	0.01012	0.00693	0.01045	0.00239	0.14140	0.00742	0.00337	0.00900
11	0.01488	0.01495	0.02201	0.07363	0.02118	0.02031	0.05338	0.01685	0.01104	0.01685	0.00950	0.01541	0.00907	0.01124	0.02046	0.00290	0.64962	0.00611	0.00302	0.00759
12	0.00834	0.00595	0.00794	0.00953	0.00992	0.00556	0.00635	0.00953	0.01310	0.01746	0.03771	0.75510	0.04525	0.02143	0.00873	0.00278	0.00397	0.01945	0.00635	0.00556
13	0.01075	0.00868	0.01230	0.01365	0.07296	0.00887	0.02950	0.04239	0.01475	0.02004	0.09400	0.47645	0.07419	0.01739	0.00946	0.00260	0.06413	0.01537	0.00587	0.00664
14	0.01553	0.01550	0.02111	0.01794	0.01854	0.04488	0.03803	0.04034	0.01176	0.01756	0.00988	0.01558	0.00948	0.01322	0.05261	0.00325	0.63789	0.00607	0.00319	0.00764
15	0.00858	0.00622	0.00804	0.00910	0.00984	0.00575	0.00621	0.01011	0.01423	0.01905	0.15002	0.56198	0.10341	0.04171	0.00934	0.00275	0.00389	0.01760	0.00648	0.00568
16	0.02601	0.01916	0.02053	0.01574	0.02122	0.02122	0.01300	0.69408	0.03217	0.04312	0.01643	0.01643	0.01163	0.00821	0.00684	0.00205	0.00753	0.00616	0.00684	0.01163
17	0.02466	0.01771	0.01929	0.01509	0.02016	0.01947	0.01236	0.58742	0.05577	0.07361	0.01832	0.04818	0.01381	0.01014	0.02924	0.00237	0.00755	0.00684	0.00681	0.01118
18	0.01826	0.01399	0.01577	0.01220	0.01740	0.01340	0.00980	0.19744	0.13033	0.06576	0.06753	0.01975	0.01656	0.00739	0.00615	0.00164	0.00567	0.00595	0.00573	0.36927
19	0.01609	0.01454	0.01630	0.01244	0.01785	0.06401	0.04492	0.06893	0.09881	0.02437	0.04837	0.01759	0.01409	0.00641	0.00580	0.00142	0.00607	0.00529	0.00470	0.51201

[dist]
# distance from previous block
# <min> <max>
28	63

[block]
# block no. 3 follows, 31 sequences, length 39
# corresponding to MSA columns:
# 149-187
name=unknown_D
#
# <colnr> <probs for GDERKNQSTAVLIFYWHMCP>
#	G	D	E	R	K	N	Q	S	T	A	V	L	I	F	Y	W	H	M	C	P
0	0.09495	0.29930	0.16096	0.11755	0.02369	0.07886	0.01486	0.02070	0.03222	0.01942	0.01295	0.01513	0.03165	0.00688	0.00599	0.00189	0.02894	0.00487	0.00336	0.02584
1	0.04138	0.56596	0.05490	0.01305	0.01859	0.14432	0.01235	0.04886	0.01551	0.01788	0.01006	0.01154	0.00886	0.00618	0.00485	0.00158	0.00820	0.00393	0.00322	0.00876
2	0.60350	0.01421	0.05711	0.05464	0.01666	0.01454	0.00949	0.02110	0.01300	0.09737	0.03655	0.01438	0.01056	0.00687	0.00494	0.00213	0.00581	0.00456	0.00461	0.00798
3	0.02075	0.01591	0.01879	0.01786	0.11219	0.01703	0.01271	0.41536	0.05327	0.03391	0.01951	0.08466	0.01702	0.03997	0.00821	0.00233	0.00699	0.05010	0.00607	0.04737
4	0.00873	0.00622	0.00790	0.00892	0.00946	0.00584	0.00589	0.00992	0.01322	0.01764	0.09616	0.52527	0.08098	0.15444	0.01337	0.00340	0.00436	0.01682	0.00605	0.00539
5	0.14269	0.25852	0.24050	0.01832	0.11300	0.01910	0.04810	0.02063	0.01424	0.02167	0.03795	0.01473	0.01101	0.00647	0.00564	0.00192	0.00800	0.00495	0.00339	0.00917
6	0.00972	0.00660	0.00779	0.00800	0.00815	0.00664	0.00477	0.01007	0.01044	0.01402	0.02343	0.13673	0.02696	0.60888	0.08431	0.00646	0.00717	0.01100	0.00440	0.00448
7	0.00845	0.00603	0.00807	0.00965	0.01010	0.00565	0.00654	0.00972	0.01321	0.01759	0.03765	0.72712	0.04501	0.02133	0.00876	0.00279	0.00407	0.04633	0.00635	0.00559
8	0.02056	0.01538	0.01666	0.01302	0.01795	0.01602	0.01056	0.37731	0.09887	0.03442	0.01746	0.01809	0.01307	0.00757	0.00618	0.00178	0.00616	0.00587	0.11009	0.19297
9	0.03903	0.13086	0.02076	0.09840	0.26192	0.01447	0.01363	0.01744	0.03908	0.01995	0.02626	0.12978	0.14064	0.01043	0.00684	0.00214	0.00650	0.00907	0.00438	0.00841
10	0.01710	0.01833	0.06162	0.11569	0.51559	0.09222	0.01992	0.02115	0.01572	0.02113	0.01308	0.01791	0.01101	0.00661	0.00677	0.00206	0.00875	0.02191	0.00341	0.01002
11	0.34758	0.01492	0.10426	0.01062	0.01499	0.01358	0.00980	0.10101	0.04181	0.02942	0.01514	0.01693	0.01155	0.00718	0.00511	0.00197	0.00559	0.00511	0.23533	0.00810
12	0.01524	0.01523	0.05644	0.06064	0.50240	0.01439	0.01818	0.01976	0.03793	0.02257	0.08651	0.02545	0.05055	0.00811	0.00708	0.00213	0.00739	0.03605	0.00414	0.00981
13	0.01027	0.00707	0.00872	0.00922	0.01014	0.00691	0.00641	0.04624	0.01464	0.02025	0.13340	0.37313	0.03980	0.16627	0.01349	0.00335	0.00464	0.05150	0.06870	0.00583
14	0.00945	0.00696	0.00908	0.01036	0.01163	0.00660	0.00815	0.01158	0.01471	0.01895	0.04299	0.33401	0.16802	0.01957	0.00892	0.00285	0.00488	0.29905	0.00633	0.00592
15	0.00874	0.00630	0.00780	0.00869	0.00935	0.00587	0.00575	0.00991	0.01326	0.01749	0.08967	0.46452	0.13131	0.17189	0.01395	0.00346	0.00439	0.01630	0.00599	0.00536
16	0.07904	0.19573	0.02201	0.01518	0.01910	0.43391	0.01219	0.04311	0.01717	0.01830	0.01088	0.01306	0.00932	0.00973	0.05273	0.00235	0.03013	0.00446	0.00353	0.00806
17	0.02522	0.02021	0.06573	0.01598	0.02176	0.02087	0.01379	0.65088	0.03103	0.04174	0.01616	0.01630	0.01144	0.00810	0.00682	0.00206	0.00769	0.00609	0.00659	0.01154
18	0.00809	0.00693	0.00693	0.00693	0.00924	0.00578	0.00520	0.00982	0.01559	0.01848	0.06931	0.06584	0.71411	0.01733	0.00809	0.00231	0.00347	0.01444	0.00635	0.00578
19	0.01054	0.00732	0.00987	0.01059	0.04133	0.00679	0.00734	0.01307	0.01695	0.05602	0.38745	0.27193	0.07922	0.01604	0.00822	0.00238	0.00392	0.03751	0.00693	0.00657
20	0.18020	0.05074	0.44620	0.01720	0.02534	0.01578	0.07060	0.02225	0.01438	0.07866	0.01290	0.01465	0.00919	0.00655	0.00611	0.00214	0.00879	0.00510	0.00365	0.00956
21	0.01564	0.01526	0.02816	0.14059	0.03042	0.01586	0.34235	0.09978	0.01657	0.02258	0.01528	0.04530	0.01267	0.03535	0.07127	0.00319	0.05022	0.00775	0.02324	0.00853
22	0.01603	0.01373	0.01514	0.01108	0.01700	0.03569	0.00888	0.10026	0.01656	0.02464	0.01263	0.01440	0.01027	0.00552	0.00532	0.00117	0.00562	0.00432	0.00438	0.67738
23	0.00937	0.00670	0.00861	0.00972	0.01040	0.00645	0.00659	0.04501	0.01415	0.01893	0.05856	0.65997	0.04321	0.05512	0.00984	0.00290	0.00425	0.01808	0.00631	0.00583
24	0.02046	0.12186	0.02124	0.01511	0.01889	0.13492	0.01249	0.22448	0.06471	0.02605	0.01351	0.01545	0.01090	0.00837	0.00969	0.00206	0.17313	0.00545	0.03385	0.06736
25	0.11687	0.07258	0.08681	0.03229	0.02043	0.08681	0.01325	0.33459	0.02249	0.03164	0.01385	0.01527	0.01045	0.00777	0.00726	0.00205	0.06065	0.00541	0.04979	0.00974
26	0.00908	0.00651	0.00852	0.00977	0.01044	0.00620	0.00671	0.03286	0.01417	0.01897	0.07505	0.67170	0.04504	0.02050	0.00865	0.00273	0.00411	0.03673	0.00643	0.00583
27	0.02251	0.05784	0.01913	0.01552	0.01938	0.32457	0.01226	0.18035	0.06998	0.05238	0.01783	0.01865	0.06043	0.00858	0.00782	0.00200	0.07207	0.00595	0.00488	0.02787
28	0.11479	0.09046	0.20879	0.05216	0.02228	0.01658	0.01498	0.18475	0.01911	0.14767	0.01653	0.05417	0.01258	0.00796	0.00631	0.00210	0.00754	0.00614	0.00516	0.00993
29	0.00977	0.00661	0.00774	0.00790	0.00802	0.00664	0.00466	0.01005	0.01034	0.01387	0.02302	0.11699	0.02648	0.63782	0.07694	0.00651	0.00711	0.01076	0.00434	0.00442
30	0.01011	0.00662	0.00740	0.00740	0.00749	0.00662	0.00418	0.01029	0.01020	0.01396	0.02160	0.04368	0.02446	0.71718	0.03313	0.00635	0.00644	0.00975	0.04889	0.00427
31	0.01897	0.61211	0.03203	0.01258	0.01784	0.13462	0.01178	0.02111	0.01460	0.01618	0.01013	0.01201	0.00921	0.00838	0.04226	0.00200	0.00866	0.00396	0.00306	0.00851
32	0.07638	0.01915	0.01964	0.01527	0.02057	0.05403	0.01255	0.59584	0.02980	0.06515	0.01608	0.01613	0.01142	0.00805	0.00665	0.00205	0.00755	0.00594	0.00658	0.01119
33	0.01558	0.00900	0.01144	0.00989	0.01261	0.00849	0.00772	0.07694	0.02035	0.17263	0.48546	0.04139	0.04838	0.01212	0.00760	0.00212	0.00414	0.01048	0.03569	0.00798
34	0.01669	0.01758	0.07268	0.03994	0.64097	0.01628	0.05297	0.02108	0.01553	0.02229	0.01288	0.01685	0.01068	0.00611	0.00682	0.00205	0.00841	0.00612	0.00336	0.01071
35	0.01380	0.01002	0.01165	0.01039	0.01193	0.01084	0.00737	0.16322	0.01525	0.02075	0.01962	0.05372	0.02036	0.42457	0.11894	0.00578	0.04325	0.00870	0.00469	0.02514
36	0.01422	0.07464	0.63275	0.02077	0.08115	0.01654	0.02419	0.02155	0.01450	0.02141	0.01217	0.01444	0.00884	0.00643	0.00640	0.00212	0.00980	0.00506	0.00293	0.01009
37	0.00834	0.00595	0.00794	0.00953	0.00992	0.00556	0.00635	0.00953	0.01310	0.01746	0.03771	0.75510	0.04525	0.02143	0.00873	0.00278	0.00397	0.01945	0.00635	0.00556
38	0.00864	0.00638	0.00844	0.03947	0.01135	0.00606	0.00672	0.01011	0.01364	0.01807	0.08224	0.60139	0.10041	0.04118	0.00931	0.00279	0.00417	0.01775	0.00623	0.00568

[dist]
# distance from previous block
# <min> <max>
0	1

[block]
# block no. 4 follows, 31 sequences, length 34
# corresponding to MSA columns:
# 189-222
name=unknown_E
#
# <colnr> <probs for GDERKNQSTAVLIFYWHMCP>
#	G	D	E	R	K	N	Q	S	T	A	V	L	I	F	Y	W	H	M	C	P
0	0.05959	0.19783	0.28519	0.10377	0.02813	0.01843	0.12453	0.02171	0.03470	0.04684	0.01272	0.01518	0.00961	0.00642	0.00620	0.00204	0.00900	0.00540	0.00341	0.00929
1	0.01285	0.00899	0.01073	0.00978	0.01217	0.00887	0.00744	0.04968	0.12005	0.07792	0.39459	0.07466	0.13336	0.03759	0.00866	0.00236	0.00412	0.01147	0.00717	0.00753
2	0.01829	0.76368	0.03585	0.01171	0.01756	0.02707	0.01171	0.02049	0.01390	0.01610	0.00951	0.01097	0.00878	0.00585	0.00439	0.00146	0.00732	0.00366	0.00293	0.00878
3	0.00877	0.00629	0.00803	0.00920	0.00980	0.00591	0.00625	0.01002	0.01319	0.01742	0.05755	0.53068	0.09477	0.12899	0.01254	0.00331	0.00446	0.06129	0.00606	0.00544
4	0.00993	0.00737	0.00892	0.00905	0.01050	0.00706	0.00674	0.01282	0.04827	0.02094	0.24789	0.09538	0.18103	0.16982	0.01383	0.00333	0.00467	0.13020	0.00628	0.00597
5	0.02503	0.01846	0.01974	0.01530	0.02055	0.02045	0.01259	0.63339	0.06859	0.04168	0.01727	0.01725	0.01236	0.00826	0.00678	0.00205	0.00726	0.00625	0.03533	0.01140
6	0.00856	0.00612	0.00816	0.00954	0.01009	0.00572	0.00651	0.01001	0.01380	0.01855	0.10452	0.66338	0.04697	0.02061	0.00869	0.00273	0.00397	0.03993	0.00647	0.00567
7	0.00853	0.00611	0.00812	0.00939	0.00997	0.00569	0.00637	0.01003	0.01402	0.01894	0.13740	0.65121	0.04810	0.02033	0.00863	0.00269	0.00386	0.01840	0.00652	0.00569
8	0.01693	0.01626	0.02777	0.04199	0.71689	0.01626	0.02100	0.02100	0.01558	0.02235	0.01287	0.01693	0.01084	0.00610	0.00677	0.00203	0.00813	0.00610	0.00339	0.01084
9	0.37230	0.01255	0.01324	0.01084	0.01552	0.01287	0.00890	0.04600	0.04211	0.35263	0.03760	0.01856	0.01402	0.00771	0.00575	0.00212	0.00555	0.00564	0.00647	0.00960
10	0.00834	0.00595	0.00794	0.00953	0.00992	0.00556	0.00635	0.00953	0.01310	0.01746	0.03771	0.75510	0.04525	0.02143	0.00873	0.00278	0.00397	0.01945	0.00635	0.00556
11	0.01789	0.72795	0.03468	0.01167	0.01731	0.02620	0.01156	0.02010	0.01376	0.01609	0.00993	0.01173	0.00917	0.00800	0.03878	0.00191	0.00784	0.00383	0.00296	0.00865
12	0.01043	0.11846	0.01304	0.04012	0.01278	0.00958	0.00776	0.01257	0.01495	0.01991	0.21499	0.33514	0.08441	0.01815	0.05362	0.00289	0.00536	0.01357	0.00585	0.00641
13	0.02229	0.01651	0.01792	0.01443	0.01893	0.01810	0.01163	0.53686	0.05814	0.03770	0.02172	0.13785	0.03534	0.01063	0.00719	0.00219	0.00676	0.00859	0.00676	0.01047
14	0.76265	0.05623	0.01153	0.00915	0.01348	0.01602	0.00766	0.02013	0.01177	0.02986	0.00953	0.01111	0.00749	0.00632	0.00424	0.00208	0.00541	0.00370	0.00416	0.00749
15	0.02240	0.07604	0.02106	0.01964	0.10452	0.46633	0.01384	0.02452	0.01730	0.04444	0.01170	0.01426	0.00984	0.00979	0.04764	0.00241	0.07735	0.00496	0.00362	0.00834
16	0.01298	0.00755	0.01102	0.09193	0.01406	0.00804	0.00790	0.05725	0.01106	0.01467	0.01223	0.02021	0.01156	0.02079	0.02313	0.65593	0.00641	0.00597	0.00325	0.00409
17	0.01513	0.13535	0.54922	0.01950	0.05757	0.01734	0.04770	0.02185	0.01464	0.04317	0.01244	0.01450	0.00910	0.00643	0.00629	0.00207	0.00955	0.00508	0.00311	0.00997
18	0.01464	0.01361	0.02249	0.51730	0.22812	0.01578	0.01925	0.05103	0.01509	0.02004	0.01256	0.01780	0.00971	0.00670	0.00682	0.00220	0.00877	0.00609	0.00332	0.00868
19	0.03070	0.01164	0.01588	0.01217	0.01746	0.01006	0.01006	0.03334	0.01958	0.72163	0.02699	0.02329	0.01694	0.00847	0.00688	0.00212	0.00582	0.00688	0.00847	0.01164
20	0.00959	0.00671	0.00829	0.00860	0.00986	0.00612	0.00603	0.01139	0.01526	0.04414	0.23112	0.31435	0.18763	0.09548	0.01108	0.00289	0.00400	0.01499	0.00652	0.00591
21	0.01066	0.00752	0.00925	0.00985	0.01086	0.00744	0.00682	0.08493	0.01518	0.02060	0.05675	0.55413	0.03920	0.08523	0.01067	0.00297	0.00454	0.01632	0.04094	0.00616
22	0.00838	0.00599	0.00798	0.00950	0.00993	0.00559	0.00635	0.00964	0.01330	0.01779	0.05985	0.73202	0.04588	0.02119	0.00871	0.00276	0.00394	0.01922	0.00639	0.00559
23	0.00984	0.00665	0.00743	0.00743	0.00756	0.00658	0.00421	0.00994	0.01027	0.01356	0.02429	0.04598	0.06437	0.71703	0.03329	0.00638	0.00645	0.01021	0.00427	0.00424
24	0.01402	0.03342	0.64791	0.02110	0.05983	0.01600	0.06996	0.02165	0.01461	0.02171	0.01241	0.01482	0.00888	0.00643	0.00662	0.00217	0.01012	0.00530	0.00295	0.01008
25	0.01188	0.00594	0.00891	0.00891	0.00891	0.00594	0.00594	0.00891	0.00891	0.01188	0.01188	0.02080	0.01188	0.02377	0.02674	0.80095	0.00594	0.00594	0.00297	0.00297
26	0.09406	0.00942	0.01018	0.00972	0.01189	0.03993	0.00728	0.03397	0.04181	0.06920	0.30674	0.20801	0.10331	0.01426	0.00760	0.00229	0.00440	0.01229	0.00666	0.00698
27	0.01252	0.00827	0.01042	0.00963	0.01155	0.00799	0.00722	0.08424	0.01862	0.06398	0.40983	0.13982	0.07648	0.01525	0.00989	0.08466	0.00421	0.01181	0.00683	0.00677
28	0.01207	0.00981	0.04046	0.01120	0.01312	0.00912	0.00869	0.13398	0.01726	0.02331	0.09536	0.46329	0.03825	0.01854	0.03128	0.00285	0.00539	0.05273	0.00632	0.00699
29	0.02411	0.10866	0.02095	0.01632	0.02020	0.50975	0.01278	0.06284	0.01883	0.05921	0.01170	0.01326	0.00949	0.00727	0.00692	0.00181	0.05174	0.00464	0.00392	0.03559
30	0.01319	0.00974	0.01109	0.01046	0.01248	0.00997	0.00763	0.17792	0.03913	0.02407	0.06627	0.31572	0.13007	0.12543	0.01193	0.00306	0.00517	0.01339	0.00622	0.00707
31	0.23881	0.04693	0.01727	0.07870	0.01996	0.16904	0.01186	0.13387	0.01706	0.02535	0.03301	0.01535	0.01102	0.00981	0.03957	0.00253	0.11216	0.00522	0.00427	0.00823
32	0.02101	0.03808	0.01659	0.01279	0.01695	0.01553	0.01034	0.36709	0.05358	0.10859	0.14809	0.02701	0.04238	0.05093	0.00850	0.00231	0.00614	0.00781	0.03650	0.00979
33	0.15808	0.11656	0.31712	0.04878	0.05494	0.04693	0.04951	0.04790	0.01519	0.06739	0.01256	0.01443	0.00930	0.00657	0.00596	0.00205	0.00857	0.00501	0.00372	0.00941

[dist]
# distance from previous block
# <min> <max>
1	2

[block]
# block no. 5 follows, 31 sequences, length 649
# corresponding to MSA columns:
# 225-873
name=unknown_F
#
# <colnr> <probs for GDERKNQSTAVLIFYWHMCP>
#	G	D	E	R	K	N	Q	S	T	A	V	L	I	F	Y	W	H	M	C	P
0	0.03995	0.12549	0.12144	0.01482	0.09264	0.01224	0.01176	0.01593	0.01457	0.03925	0.11881	0.23174	0.02948	0.06633	0.00914	0.00257	0.00612	0.03514	0.00498	0.00758
1	0.01702	0.01718	0.02669	0.14576	0.51386	0.07826	0.06018	0.02106	0.01565	0.02110	0.01262	0.01682	0.01037	0.00627	0.00681	0.00206	0.00885	0.00607	0.00335	0.01000
2	0.00853	0.00621	0.00797	0.00923	0.00993	0.00575	0.00632	0.00989	0.01360	0.01790	0.06574	0.59507	0.12132	0.05009	0.00970	0.00287	0.00408	0.04390	0.00630	0.00559
3	0.01851	0.74129	0.03535	0.01189	0.01767	0.04866	0.01175	0.02070	0.01407	0.01612	0.00954	0.01102	0.00878	0.00589	0.00444	0.00147	0.00747	0.00368	0.00294	0.00875
4	0.02102	0.11447	0.02178	0.04386	0.06536	0.30698	0.01362	0.12597	0.01832	0.02102	0.01189	0.01476	0.01002	0.01099	0.06200	0.00267	0.11762	0.00520	0.00387	0.00858
5	0.01567	0.01789	0.05919	0.05113	0.08336	0.01681	0.51150	0.02089	0.01538	0.02126	0.01344	0.01812	0.01043	0.00770	0.03206	0.00257	0.05834	0.00748	0.00342	0.03337
6	0.01421	0.00900	0.01118	0.01009	0.01266	0.00863	0.00791	0.07295	0.04723	0.12537	0.39176	0.06889	0.11484	0.01349	0.00788	0.00226	0.00433	0.06230	0.00733	0.00769
7	0.00859	0.00695	0.00763	0.00746	0.00955	0.00599	0.00559	0.01079	0.01678	0.02129	0.27165	0.06121	0.51001	0.01628	0.00808	0.00226	0.00339	0.01379	0.00672	0.00599
8	0.01380	0.03481	0.70072	0.01982	0.02982	0.01594	0.04809	0.02167	0.01450	0.02167	0.01233	0.01458	0.00873	0.00647	0.00655	0.00217	0.01016	0.00516	0.00291	0.01008
9	0.00859	0.00624	0.00777	0.00881	0.00948	0.00578	0.00586	0.00977	0.01325	0.01739	0.06692	0.52282	0.14007	0.12876	0.01244	0.00325	0.00426	0.01705	0.00607	0.00542
10	0.01051	0.00760	0.01029	0.01155	0.01309	0.00744	0.00979	0.01335	0.01565	0.02036	0.08023	0.11209	0.09871	0.03876	0.00990	0.00309	0.00575	0.51936	0.00632	0.00616
11	0.01112	0.00733	0.00949	0.00875	0.01069	0.00667	0.00663	0.01420	0.01912	0.07797	0.61840	0.05007	0.10574	0.01381	0.00798	0.00216	0.00344	0.01211	0.00752	0.00679
12	0.01419	0.01345	0.02281	0.52195	0.25840	0.01553	0.01963	0.01859	0.01428	0.01902	0.01238	0.01783	0.00966	0.00661	0.00682	0.00220	0.00881	0.00608	0.00315	0.00862
13	0.00833	0.00691	0.00728	0.00724	0.00940	0.00587	0.00541	0.01026	0.01608	0.01977	0.16268	0.08131	0.60200	0.01694	0.00810	0.00230	0.00344	0.01426	0.00653	0.00587
14	0.00834	0.00595	0.00794	0.00953	0.00992	0.00556	0.00635	0.00953	0.01310	0.01746	0.03771	0.75510	0.04525	0.02143	0.00873	0.00278	0.00397	0.01945	0.00635	0.00556
15	0.78562	0.01340	0.01035	0.00919	0.01346	0.01551	0.00757	0.03931	0.01223	0.03105	0.00972	0.01127	0.00753	0.00640	0.00431	0.00212	0.00536	0.00377	0.00431	0.00753
16	0.01337	0.01262	0.02133	0.66457	0.12215	0.01532	0.01922	0.01787	0.01389	0.01803	0.01224	0.01809	0.00931	0.00676	0.00683	0.00225	0.00901	0.00608	0.00308	0.00796
17	0.01380	0.03488	0.70346	0.01978	0.02980	0.01593	0.04542	0.02167	0.01450	0.02167	0.01232	0.01457	0.00872	0.00648	0.00655	0.00217	0.01015	0.00515	0.00291	0.01008
18	0.02599	0.01980	0.02048	0.01583	0.02121	0.05509	0.01301	0.66231	0.03156	0.04186	0.01615	0.01623	0.01150	0.00816	0.00681	0.00204	0.00776	0.00608	0.00669	0.01146
19	0.01596	0.01796	0.03863	0.07659	0.05923	0.01713	0.62507	0.02159	0.01597	0.02164	0.01370	0.01839	0.01031	0.00585	0.00795	0.00230	0.01126	0.00788	0.00343	0.00917
20	0.01347	0.01276	0.01808	0.01595	0.01630	0.01737	0.01312	0.01524	0.01063	0.01630	0.01168	0.01841	0.01133	0.02333	0.22739	0.00530	0.53670	0.00637	0.00319	0.00709
21	0.04073	0.01547	0.01678	0.01397	0.01815	0.01705	0.01112	0.39308	0.17481	0.05353	0.02284	0.15043	0.01970	0.01077	0.00714	0.00224	0.00633	0.00884	0.00676	0.01027
22	0.00993	0.00790	0.00854	0.00815	0.01027	0.02945	0.00614	0.01236	0.01749	0.04039	0.35261	0.05649	0.38494	0.01529	0.00799	0.00222	0.00370	0.01301	0.00684	0.00630
23	0.02672	0.01215	0.01556	0.01258	0.01738	0.01151	0.01027	0.03312	0.17260	0.53382	0.02761	0.02631	0.01887	0.00914	0.00702	0.00221	0.00575	0.03814	0.00803	0.01121
24	0.02423	0.01580	0.01779	0.01416	0.01884	0.01682	0.01147	0.47000	0.02700	0.16447	0.02155	0.12794	0.01763	0.01023	0.00713	0.00217	0.00668	0.00828	0.00707	0.01073
25	0.01654	0.01660	0.05048	0.09155	0.64591	0.01617	0.02100	0.02077	0.01540	0.02198	0.01280	0.01694	0.01064	0.00616	0.00677	0.00205	0.00826	0.00606	0.00335	0.01058
26	0.00834	0.00595	0.00794	0.00953	0.00992	0.00556	0.00635	0.00953	0.01310	0.01746	0.03771	0.75510	0.04525	0.02143	0.00873	0.00278	0.00397	0.01945	0.00635	0.00556
27	0.00961	0.00649	0.00756	0.00790	0.00798	0.00641	0.00461	0.00986	0.01061	0.01415	0.02496	0.19445	0.02917	0.60402	0.02932	0.00582	0.00607	0.01195	0.00461	0.00444
28	0.01863	0.74321	0.03531	0.01172	0.01756	0.02661	0.01166	0.02084	0.01406	0.03530	0.00999	0.01131	0.00900	0.00592	0.00446	0.00148	0.00728	0.00375	0.00308	0.00886
29	0.01193	0.01015	0.03599	0.04591	0.17157	0.00918	0.01077	0.01492	0.01639	0.05051	0.25578	0.17954	0.13348	0.01339	0.00776	0.00227	0.00507	0.01193	0.00591	0.00754
30	0.00823	0.00695	0.00721	0.00719	0.00942	0.00593	0.00541	0.01006	0.01553	0.01872	0.09289	0.06342	0.65530	0.01878	0.04198	0.00271	0.00415	0.01402	0.00627	0.00582
31	0.05219	0.01279	0.01463	0.01069	0.01648	0.01060	0.00861	0.06566	0.01525	0.02401	0.01225	0.01422	0.01008	0.00554	0.00563	0.00119	0.02545	0.00424	0.00423	0.68624
32	0.00905	0.00664	0.00822	0.00849	0.00963	0.00618	0.00594	0.01092	0.01519	0.02045	0.27553	0.25443	0.16895	0.12742	0.03879	0.00334	0.00454	0.01424	0.00634	0.00572
33	0.05182	0.10567	0.49555	0.02039	0.05374	0.01723	0.11963	0.02148	0.01455	0.02158	0.01211	0.01461	0.00895	0.00631	0.00642	0.00211	0.00973	0.00533	0.00306	0.00975
34	0.03490	0.30246	0.30336	0.02015	0.12014	0.02020	0.06895	0.02112	0.01446	0.01992	0.01138	0.01371	0.00911	0.00614	0.00581	0.00190	0.00879	0.00487	0.00305	0.00958
35	0.01001	0.00750	0.01104	0.01095	0.01210	0.00879	0.00848	0.01235	0.01103	0.01605	0.01827	0.02715	0.01716	0.07508	0.66786	0.01037	0.03868	0.00736	0.02368	0.00608
36	0.02197	0.01574	0.01728	0.01403	0.01838	0.01714	0.01134	0.47118	0.07415	0.06457	0.04603	0.10755	0.01936	0.01035	0.00711	0.00218	0.00653	0.02678	0.03803	0.01032
37	0.00834	0.00595	0.00794	0.00953	0.00992	0.00556	0.00635	0.00953	0.01310	0.01746	0.03771	0.75510	0.04525	0.02143	0.00873	0.00278	0.00397	0.01945	0.00635	0.00556
38	0.01829	0.76368	0.03585	0.01171	0.01756	0.02707	0.01171	0.02049	0.01390	0.01610	0.00951	0.01097	0.00878	0.00585	0.00439	0.00146	0.00732	0.00366	0.00293	0.00878
39	0.00963	0.00699	0.00907	0.00855	0.01019	0.00643	0.00641	0.01281	0.01924	0.02715	0.69265	0.05158	0.08536	0.01409	0.00807	0.00216	0.00324	0.01244	0.00749	0.00643
40	0.01292	0.01216	0.02052	0.74312	0.04712	0.01520	0.01900	0.01748	0.01368	0.01748	0.01216	0.01824	0.00912	0.00684	0.00684	0.00228	0.00912	0.00608	0.00304	0.00760
41	0.03070	0.01164	0.01588	0.01217	0.01746	0.01006	0.01006	0.03334	0.01958	0.72163	0.02699	0.02329	0.01694	0.00847	0.00688	0.00212	0.00582	0.00688	0.00847	0.01164
42	0.01072	0.00705	0.00996	0.00988	0.01075	0.00788	0.00733	0.01185	0.01083	0.01593	0.01745	0.02666	0.01650	0.10081	0.41781	0.17897	0.03127	0.00711	0.09590	0.00533
43	0.01702	0.01470	0.01547	0.01392	0.01779	0.01702	0.01083	0.03635	0.70453	0.02862	0.02785	0.02553	0.02088	0.00928	0.00696	0.00232	0.00541	0.00773	0.00696	0.01083
44	0.01768	0.01503	0.01584	0.01406	0.01804	0.01733	0.01099	0.08478	0.65503	0.02969	0.02700	0.02486	0.02020	0.00920	0.00695	0.00230	0.00557	0.00762	0.00695	0.01089
45	0.00862	0.00695	0.00767	0.00749	0.00957	0.00600	0.00562	0.01085	0.01686	0.02148	0.28466	0.06091	0.49689	0.01621	0.00808	0.00226	0.00339	0.01375	0.00675	0.00600
46	0.00831	0.00606	0.00783	0.00925	0.00985	0.00558	0.00623	0.00956	0.01337	0.01757	0.04111	0.68092	0.11724	0.02099	0.00866	0.00273	0.00391	0.01891	0.00635	0.00558
47	0.01465	0.01450	0.02034	0.01753	0.01761	0.02019	0.01457	0.01620	0.01051	0.01643	0.00955	0.01570	0.00948	0.01438	0.06596	0.00348	0.70239	0.00607	0.00303	0.00740
48	0.02856	0.01272	0.01626	0.01272	0.01785	0.01196	0.01042	0.09489	0.10617	0.57238	0.02612	0.02293	0.01694	0.00855	0.00689	0.00214	0.00593	0.00692	0.00813	0.01154
49	0.01018	0.00792	0.01177	0.01153	0.01266	0.00951	0.00905	0.01255	0.01095	0.01593	0.01760	0.02595	0.01647	0.04826	0.67749	0.01038	0.07474	0.00723	0.00361	0.00621
50	0.02693	0.01768	0.01961	0.01504	0.02048	0.01902	0.01242	0.56391	0.02969	0.17678	0.01851	0.01778	0.01268	0.00826	0.00685	0.00207	0.00719	0.00630	0.00716	0.01164
51	0.01305	0.01203	0.02011	0.68466	0.06820	0.01482	0.01840	0.01753	0.01378	0.01802	0.01266	0.01854	0.00957	0.00687	0.00674	0.00224	0.00881	0.00609	0.04023	0.00765
52	0.01711	0.01427	0.01462	0.01293	0.01672	0.03906	0.01010	0.09920	0.46609	0.05163	0.03344	0.03125	0.14281	0.01050	0.00712	0.00227	0.00553	0.00863	0.00678	0.00994
53	0.80789	0.01323	0.01006	0.00900	0.01323	0.01535	0.00741	0.02011	0.01164	0.03070	0.00953	0.01111	0.00741	0.00635	0.00423	0.00212	0.00529	0.00370	0.00423	0.00741
54	0.01693	0.01626	0.02777	0.04199	0.71689	0.01626	0.02100	0.02100	0.01558	0.02235	0.01287	0.01693	0.01084	0.00610	0.00677	0.00203	0.00813	0.00610	0.00339	0.01084
55	0.00997	0.00756	0.01112	0.01101	0.01211	0.00887	0.00849	0.01222	0.01091	0.01573	0.01820	0.02762	0.01732	0.09611	0.66178	0.01043	0.04340	0.00745	0.00367	0.00603
56	0.01575	0.19014	0.30282	0.04765	0.22612	0.01868	0.03860	0.02089	0.01453	0.02031	0.01175	0.01464	0.00939	0.00643	0.00674	0.00201	0.03546	0.00519	0.00307	0.00983
57	0.01482	0.01420	0.02443	0.40537	0.34662	0.01574	0.04234	0.01920	0.01461	0.01981	0.01253	0.01766	0.00993	0.00647	0.00685	0.00217	0.00876	0.00615	0.00321	0.00910
58	0.03070	0.01164	0.01588	0.01217	0.01746	0.01006	0.01006	0.03334	0.01958	0.72163	0.02699	0.02329	0.01694	0.00847	0.00688	0.00212	0.00582	0.00688	0.00847	0.01164
59	0.00815	0.00693	0.00702	0.00700	0.00928	0.00580	0.00525	0.00994	0.01574	0.01883	0.09468	0.06526	0.68851	0.01719	0.00809	0.00230	0.00346	0.01436	0.00640	0.00580
60	0.05382	0.08530	0.15207	0.01445	0.02009	0.07911	0.01364	0.12986	0.06790	0.22253	0.01820	0.01846	0.01302	0.01127	0.06736	0.00279	0.00861	0.00589	0.00555	0.01008
61	0.00877	0.00649	0.00830	0.00958	0.01056	0.00601	0.00697	0.01042	0.01405	0.01820	0.04349	0.50158	0.17215	0.02019	0.00874	0.00276	0.00429	0.13539	0.00634	0.00573
62	0.00994	0.00666	0.00760	0.00760	0.00765	0.00671	0.00432	0.01004	0.00999	0.01337	0.02143	0.04406	0.02456	0.73126	0.06270	0.00681	0.00710	0.00984	0.00413	0.00422
63	0.04586	0.12359	0.55829	0.01850	0.02750	0.03924	0.05306	0.02164	0.01450	0.02119	0.01185	0.01400	0.00871	0.00640	0.00621	0.00207	0.00971	0.00495	0.00299	0.00973
64	0.01563	0.04472	0.02208	0.21528	0.30527	0.06788	0.01676	0.04597	0.01509	0.01997	0.01364	0.01916	0.01162	0.04073	0.11408	0.00354	0.01008	0.00619	0.00350	0.00879
65	0.01061	0.00763	0.01046	0.01160	0.01317	0.00748	0.00987	0.01367	0.01632	0.02158	0.15976	0.09258	0.06572	0.01804	0.00913	0.00293	0.00558	0.51106	0.00653	0.00629
66	0.01736	0.01735	0.02513	0.05850	0.55301	0.09488	0.01899	0.02164	0.03873	0.02188	0.03524	0.01961	0.01340	0.00696	0.00684	0.00206	0.00833	0.02624	0.00372	0.01014
67	0.07141	0.03093	0.58303	0.03694	0.04961	0.01542	0.02262	0.02227	0.01463	0.07263	0.01316	0.01502	0.00925	0.00663	0.00638	0.00216	0.00937	0.00515	0.00341	0.00999
68	0.01438	0.01191	0.01661	0.07389	0.14797	0.01251	0.03948	0.08674	0.11257	0.02316	0.02653	0.08383	0.07330	0.08869	0.01040	0.00284	0.00664	0.12864	0.03172	0.00823
69	0.77918	0.01345	0.01044	0.00924	0.01352	0.01556	0.00761	0.04486	0.01240	0.03115	0.00978	0.01131	0.00756	0.00642	0.00433	0.00211	0.00537	0.00379	0.00433	0.00756
70	0.00918	0.00685	0.00884	0.00961	0.01084	0.00607	0.00661	0.01064	0.01326	0.01817	0.03400	0.64761	0.04015	0.01906	0.00820	0.00252	0.00413	0.01722	0.00602	0.12102
71	0.05180	0.04900	0.05204	0.01518	0.02039	0.07255	0.01287	0.51988	0.02777	0.03724	0.01627	0.04497	0.01250	0.00840	0.00661	0.00203	0.00767	0.00632	0.02583	0.01066
72	0.01436	0.01189	0.01398	0.01011	0.01595	0.00901	0.00807	0.01740	0.01458	0.03952	0.04745	0.01625	0.01301	0.00559	0.00526	0.00110	0.00499	0.00454	0.00433	0.74262
73	0.01840	0.04115	0.01682	0.01429	0.01830	0.07770	0.01121	0.08070	0.57762	0.02822	0.02500	0.02331	0.01883	0.00891	0.00680	0.00223	0.00621	0.00721	0.00653	0.01057
74	0.00834	0.00595	0.00794	0.00953	0.00992	0.00556	0.00635	0.00953	0.01310	0.01746	0.03771	0.75510	0.04525	0.02143	0.00873	0.00278	0.00397	0.01945	0.00635	0.00556
75	0.00968	0.00699	0.00914	0.00861	0.01022	0.00646	0.00646	0.01291	0.01937	0.02743	0.71328	0.05110	0.06455	0.01399	0.00807	0.00215	0.00323	0.01237	0.00753	0.00646
76	0.01702	0.01470	0.01547	0.01392	0.01779	0.01702	0.01083	0.03635	0.70453	0.02862	0.02785	0.02553	0.02088	0.00928	0.00696	0.00232	0.00541	0.00773	0.00696	0.01083
77	0.00977	0.00733	0.01100	0.01100	0.01222	0.00855	0.00855	0.01222	0.01100	0.01588	0.01833	0.02688	0.01710	0.05131	0.73245	0.01100	0.01833	0.00733	0.00367	0.00611
78	0.02556	0.03261	0.01939	0.01763	0.02115	0.73210	0.01322	0.02732	0.01939	0.01674	0.01058	0.01234	0.00881	0.00705	0.00617	0.00176	0.01234	0.00441	0.00353	0.00793
79	0.00968	0.00699	0.00914	0.00861	0.01022	0.00646	0.00646	0.01291	0.01937	0.02743	0.71328	0.05110	0.06455	0.01399	0.00807	0.00215	0.00323	0.01237	0.00753	0.00646
80	0.01050	0.00771	0.01030	0.01159	0.01330	0.00750	0.00999	0.01340	0.01572	0.02012	0.04211	0.07515	0.15946	0.01862	0.00921	0.00300	0.00580	0.55401	0.00631	0.00621
81	0.00834	0.00595	0.00794	0.00953	0.00992	0.00556	0.00635	0.00953	0.01310	0.01746	0.03771	0.75510	0.04525	0.02143	0.00873	0.00278	0.00397	0.01945	0.00635	0.00556
82	0.07463	0.71013	0.03401	0.01151	0.01725	0.02623	0.01140	0.02046	0.01374	0.01714	0.00951	0.01098	0.00868	0.00589	0.00438	0.00151	0.00717	0.00366	0.00302	0.00868
83	0.00968	0.00699	0.00914	0.00861	0.01022	0.00646	0.00646	0.01291	0.01937	0.02743	0.71328	0.05110	0.06455	0.01399	0.00807	0.00215	0.00323	0.01237	0.00753	0.00646
84	0.00980	0.00723	0.01048	0.01048	0.01153	0.00827	0.00791	0.01189	0.01084	0.01550	0.01879	0.02947	0.01823	0.15407	0.63124	0.01036	0.01663	0.00771	0.00373	0.00582
85	0.80789	0.01323	0.01006	0.00900	0.01323	0.01535	0.00741	0.02011	0.01164	0.03070	0.00953	0.01111	0.00741	0.00635	0.00423	0.00212	0.00529	0.00370	0.00423	0.00741
86	0.01680	0.01612	0.02754	0.06459	0.69531	0.01622	0.02093	0.02088	0.01552	0.02219	0.01285	0.01697	0.01078	0.00612	0.00678	0.00204	0.00816	0.00610	0.00338	0.01073
87	0.01229	0.00966	0.01460	0.01888	0.16424	0.00966	0.01315	0.01563	0.01571	0.02087	0.03124	0.06431	0.03328	0.01616	0.00888	0.00291	0.00669	0.52888	0.00568	0.00727
88	0.80789	0.01323	0.01006	0.00900	0.01323	0.01535	0.00741	0.02011	0.01164	0.03070	0.00953	0.01111	0.00741	0.00635	0.00423	0.00212	0.00529	0.00370	0.00423	0.00741
89	0.04469	0.01220	0.02010	0.71378	0.04577	0.01521	0.01854	0.01759	0.01360	0.01801	0.01205	0.01796	0.00905	0.00682	0.00674	0.00227	0.00897	0.00599	0.00309	0.00759
90	0.02601	0.01916	0.02053	0.01574	0.02122	0.02122	0.01300	0.69408	0.03217	0.04312	0.01643	0.01643	0.01163	0.00821	0.00684	0.00205	0.00753	0.00616	0.00684	0.01163
91	0.01188	0.00594	0.00891	0.00891	0.00891	0.00594	0.00594	0.00891	0.00891	0.01188	0.01188	0.02080	0.01188	0.02377	0.02674	0.80095	0.00594	0.00594	0.00297	0.00297
92	0.04778	0.22967	0.02392	0.07620	0.02209	0.33296	0.01306	0.13829	0.01933	0.02158	0.01138	0.01312	0.00927	0.00688	0.00579	0.00178	0.00963	0.00462	0.00391	0.00875
93	0.01852	0.01907	0.02508	0.11256	0.48234	0.15407	0.01896	0.04873	0.01677	0.02157	0.01249	0.01617	0.01029	0.00644	0.00667	0.00201	0.00902	0.00577	0.00351	0.00996
94	0.00809	0.00693	0.00693	0.00693	0.00924	0.00578	0.00520	0.00982	0.01559	0.01848	0.06931	0.06584	0.71411	0.01733	0.00809	0.00231	0.00347	0.01444	0.00635	0.00578
95	0.00838	0.00599	0.00798	0.00950	0.00993	0.00559	0.00635	0.00964	0.01330	0.01779	0.05948	0.73241	0.04587	0.02119	0.00871	0.00276	0.00395	0.01922	0.00639	0.00559
96	0.29894	0.09396	0.12508	0.01174	0.01613	0.04738	0.02781	0.01822	0.01412	0.02446	0.10807	0.11845	0.02101	0.00946	0.00593	0.00212	0.00621	0.00744	0.03582	0.00763
97	0.00851	0.00617	0.00805	0.00922	0.00992	0.00570	0.00629	0.01004	0.01417	0.01898	0.13778	0.60803	0.09165	0.02009	0.00859	0.00266	0.00383	0.01810	0.00652	0.00570
98	0.00834	0.00595	0.00794	0.00953	0.00992	0.00556	0.00635	0.00953	0.01310	0.01746	0.03771	0.75510	0.04525	0.02143	0.00873	0.00278	0.00397	0.01945	0.00635	0.00556
99	0.01852	0.62945	0.07405	0.01272	0.01855	0.08035	0.01258	0.02182	0.04667	0.01706	0.01061	0.01196	0.00934	0.00614	0.00477	0.00157	0.00778	0.00399	0.00316	0.00889
100	0.01376	0.05700	0.68569	0.01900	0.02877	0.01600	0.02440	0.02142	0.01455	0.02164	0.02920	0.01523	0.01003	0.00666	0.00647	0.00214	0.00986	0.00519	0.00300	0.00998
101	0.01068	0.00776	0.01054	0.01193	0.01359	0.00763	0.01034	0.01366	0.01573	0.02024	0.04013	0.07583	0.11897	0.01871	0.00929	0.00305	0.00597	0.59340	0.00631	0.00624
102	0.01410	0.01328	0.02161	0.52039	0.17700	0.01578	0.01863	0.01954	0.06511	0.01923	0.01333	0.01839	0.01033	0.00708	0.00747	0.00226	0.03841	0.00620	0.00340	0.00848
103	0.07077	0.01971	0.01859	0.01492	0.01973	0.12240	0.01207	0.48197	0.05942	0.03652	0.01746	0.01772	0.03204	0.00824	0.00656	0.00202	0.00771	0.00608	0.03561	0.01045
104	0.01701	0.02013	0.10861	0.13870	0.40105	0.12615	0.01948	0.02123	0.01589	0.02086	0.03806	0.01737	0.01198	0.00669	0.00670	0.00205	0.00898	0.00594	0.00345	0.00966
105	0.71572	0.01330	0.01161	0.06147	0.04851	0.01538	0.00885	0.01997	0.01197	0.02939	0.00987	0.01188	0.00769	0.00637	0.00453	0.00212	0.00569	0.00398	0.00411	0.00758
106	0.00847	0.00604	0.00802	0.00956	0.00998	0.00566	0.00643	0.00969	0.01309	0.01743	0.03716	0.71150	0.04444	0.04396	0.00955	0.00291	0.00413	0.04015	0.00628	0.00554
107	0.01491	0.08490	0.47590	0.02414	0.16379	0.01693	0.08208	0.02147	0.01478	0.02140	0.01232	0.01502	0.00925	0.00631	0.00653	0.00210	0.00964	0.00542	0.00304	0.01008
108	0.00994	0.00666	0.00760	0.00760	0.00765	0.00671	0.00432	0.01004	0.00999	0.01337	0.02143	0.04407	0.02457	0.73183	0.06214	0.00680	0.00709	0.00985	0.00413	0.00422
109	0.01829	0.76368	0.03585	0.01171	0.01756	0.02707	0.01171	0.02049	0.01390	0.01610	0.00951	0.01097	0.00878	0.00585	0.00439	0.00146	0.00732	0.00366	0.00293	0.00878
110	0.01407	0.09074	0.67181	0.01891	0.02869	0.01674	0.02425	0.02158	0.01440	0.02124	0.01207	0.01418	0.00868	0.00645	0.00634	0.00211	0.00990	0.00495	0.00289	0.01001
111	0.00995	0.00663	0.00746	0.00746	0.00746	0.00663	0.00415	0.00995	0.00995	0.01327	0.02156	0.04477	0.02487	0.75957	0.03482	0.00663	0.00663	0.00995	0.00415	0.00415
112	0.01702	0.01470	0.01547	0.01392	0.01779	0.01702	0.01083	0.03635	0.70453	0.02862	0.02785	0.02553	0.02088	0.00928	0.00696	0.00232	0.00541	0.00773	0.00696	0.01083
113	0.01275	0.00638	0.00638	0.00638	0.00797	0.00638	0.00478	0.01594	0.01435	0.02551	0.02232	0.02551	0.01754	0.00797	0.00478	0.00159	0.00319	0.00638	0.79755	0.00638
114	0.02601	0.01916	0.02053	0.01574	0.02122	0.02122	0.01300	0.69408	0.03217	0.04312	0.01643	0.01643	0.01163	0.00821	0.00684	0.00205	0.00753	0.00616	0.00684	0.01163
115	0.01702	0.01470	0.01547	0.01392	0.01779	0.01702	0.01083	0.03635	0.70453	0.02862	0.02785	0.02553	0.02088	0.00928	0.00696	0.00232	0.00541	0.00773	0.00696	0.01083
