[name]
unknown

[dist]
# distance from previous block
# <min> <max>
0	7

[block]
# block no. 0 follows, 27 sequences, length 11
# corresponding to MSA columns:
# 7-17
name=unknown_A
#
# <colnr> <probs for GDERKNQSTAVLIFYWHMCP>
#	G	D	E	R	K	N	Q	S	T	A	V	L	I	F	Y	W	H	M	C	P
0	0.02207	0.06539	0.02208	0.12679	0.02621	0.07658	0.04340	0.24015	0.08907	0.07402	0.01849	0.02175	0.01432	0.01004	0.02857	0.00250	0.00880	0.03217	0.00579	0.07181
1	0.05365	0.04101	0.01509	0.03917	0.01650	0.01259	0.00982	0.16817	0.01920	0.11535	0.05197	0.19027	0.02412	0.01626	0.01273	0.18327	0.00636	0.01020	0.00614	0.00815
2	0.02547	0.13635	0.02323	0.01755	0.02193	0.47726	0.01377	0.07369	0.10176	0.02161	0.01404	0.01523	0.01137	0.00784	0.00657	0.00196	0.01131	0.00524	0.00443	0.00940
3	0.00926	0.00663	0.00881	0.01019	0.01082	0.00617	0.00691	0.01088	0.01522	0.02054	0.13639	0.63424	0.05219	0.02207	0.00937	0.00291	0.00419	0.01997	0.00708	0.00617
4	0.00926	0.00663	0.00881	0.01019	0.01082	0.00617	0.00691	0.01088	0.01522	0.02054	0.13639	0.63424	0.05219	0.02207	0.00937	0.00291	0.00419	0.01997	0.00708	0.00617
5	0.01903	0.50765	0.21582	0.01540	0.02283	0.07041	0.01677	0.02306	0.01563	0.01914	0.01120	0.01302	0.00950	0.00662	0.00551	0.00181	0.00911	0.00443	0.00321	0.00986
6	0.05102	0.02966	0.45591	0.07058	0.03154	0.01629	0.11810	0.02186	0.01560	0.02324	0.01612	0.08669	0.01353	0.00854	0.00745	0.00244	0.01023	0.00751	0.00367	0.01002
7	0.03298	0.01315	0.01755	0.01346	0.01921	0.01168	0.01112	0.07652	0.02212	0.65636	0.02856	0.02479	0.01801	0.00917	0.00746	0.00229	0.00644	0.00742	0.00908	0.01263
8	0.00930	0.00675	0.00882	0.01025	0.01102	0.00627	0.00711	0.01092	0.01507	0.01998	0.08770	0.59417	0.10194	0.02218	0.00942	0.00295	0.00436	0.05864	0.00698	0.00617
9	0.63363	0.01494	0.03605	0.01081	0.01562	0.01600	0.00923	0.04312	0.01419	0.09310	0.01286	0.01439	0.00968	0.00952	0.03904	0.00276	0.00674	0.00466	0.00502	0.00864
10	0.01190	0.01067	0.05343	0.01150	0.01329	0.00961	0.00891	0.07318	0.01589	0.02121	0.03702	0.37930	0.12511	0.13017	0.01438	0.00349	0.05245	0.01550	0.00610	0.00688

[dist]
# distance from previous block
# <min> <max>
1	14

[block]
# block no. 1 follows, 27 sequences, length 30
# corresponding to MSA columns:
# 32-61
name=unknown_B
#
# <colnr> <probs for GDERKNQSTAVLIFYWHMCP>
#	G	D	E	R	K	N	Q	S	T	A	V	L	I	F	Y	W	H	M	C	P
0	0.03733	0.00931	0.01256	0.03698	0.08484	0.00912	0.00949	0.01492	0.05942	0.02085	0.03140	0.46001	0.03534	0.01827	0.00981	0.05251	0.00535	0.01538	0.00597	0.07115
1	0.12567	0.01614	0.01852	0.17377	0.02606	0.09610	0.05706	0.11004	0.03668	0.06950	0.04075	0.05567	0.03816	0.01131	0.03867	0.00274	0.00868	0.00757	0.05793	0.00898
2	0.66172	0.01452	0.01143	0.01022	0.01465	0.04021	0.00824	0.02116	0.01322	0.03123	0.01252	0.05839	0.01091	0.00787	0.00504	0.00225	0.00591	0.00516	0.00470	0.06063
3	0.06596	0.01510	0.02368	0.43414	0.22091	0.01735	0.01987	0.07369	0.01692	0.02361	0.01360	0.01875	0.01051	0.00729	0.00722	0.00237	0.00920	0.00644	0.00382	0.00955
4	0.01059	0.00747	0.00948	0.00923	0.01072	0.00698	0.00675	0.01349	0.01889	0.02665	0.49820	0.09916	0.08145	0.09749	0.01197	0.00294	0.00409	0.03411	0.04370	0.00662
5	0.00992	0.00739	0.00922	0.00913	0.01082	0.00670	0.00671	0.01273	0.01908	0.02604	0.45896	0.16852	0.19299	0.01722	0.00888	0.00248	0.00369	0.01512	0.00770	0.00670
6	0.01183	0.00731	0.00975	0.01046	0.01168	0.00671	0.00733	0.01369	0.01617	0.09151	0.15632	0.53836	0.04967	0.02034	0.00914	0.00282	0.00437	0.01830	0.00736	0.00689
7	0.00935	0.00743	0.00840	0.00839	0.01044	0.00648	0.00620	0.01169	0.01794	0.02303	0.26661	0.13525	0.42629	0.01811	0.00884	0.00250	0.00374	0.01552	0.00730	0.00648
8	0.01489	0.03840	0.70064	0.02116	0.03213	0.01724	0.02743	0.02351	0.01567	0.02351	0.01332	0.01567	0.00940	0.00705	0.00705	0.00235	0.01097	0.00549	0.00313	0.01097
9	0.01985	0.74357	0.03890	0.01270	0.01905	0.02937	0.01270	0.02223	0.01508	0.01747	0.01032	0.01191	0.00953	0.00635	0.00476	0.00159	0.00794	0.00397	0.00318	0.00953
10	0.01541	0.00971	0.01234	0.09018	0.01664	0.01021	0.04855	0.07761	0.01738	0.02820	0.02182	0.02541	0.01693	0.00839	0.00587	0.00191	0.00518	0.00697	0.57352	0.00778
11	0.01051	0.00759	0.00992	0.00934	0.01109	0.00700	0.00700	0.01401	0.02101	0.02977	0.68888	0.05545	0.07005	0.01518	0.00876	0.00233	0.00350	0.01343	0.00817	0.00700
12	0.01545	0.11808	0.62587	0.02020	0.03065	0.01861	0.02576	0.02337	0.01561	0.02283	0.01298	0.01525	0.00942	0.00697	0.00679	0.00226	0.01063	0.00531	0.00314	0.01081
13	0.01846	0.01595	0.01679	0.01511	0.01930	0.01846	0.01175	0.03945	0.67938	0.03105	0.03022	0.02770	0.02266	0.01007	0.00755	0.00252	0.00588	0.00839	0.00755	0.01175
14	0.06354	0.06758	0.02272	0.01660	0.02236	0.06971	0.01375	0.55315	0.03165	0.04234	0.01656	0.01687	0.01200	0.00857	0.00707	0.00217	0.00839	0.00626	0.00678	0.01194
15	0.57377	0.01386	0.01273	0.01075	0.01568	0.01500	0.00886	0.02595	0.01511	0.22419	0.01578	0.01585	0.01101	0.00755	0.00542	0.00230	0.00591	0.00501	0.00591	0.00936
16	0.03063	0.01588	0.01911	0.01476	0.02050	0.01586	0.01216	0.27427	0.06028	0.41840	0.02502	0.02259	0.01643	0.00913	0.00746	0.00228	0.00699	0.00722	0.00844	0.01258
17	0.01080	0.00720	0.00810	0.00810	0.00810	0.00720	0.00450	0.01080	0.01080	0.01439	0.02339	0.04858	0.02699	0.73910	0.03779	0.00720	0.00720	0.01080	0.00450	0.00450
18	0.01027	0.00740	0.00971	0.00950	0.01104	0.00684	0.00699	0.01340	0.01989	0.02799	0.58220	0.16721	0.06660	0.01651	0.00887	0.00245	0.00363	0.01469	0.00796	0.00684
19	0.00910	0.00656	0.00862	0.01016	0.01075	0.00609	0.00684	0.01052	0.01466	0.01951	0.07298	0.67134	0.08005	0.02267	0.00941	0.00296	0.00424	0.02049	0.00695	0.00609
20	0.01657	0.01684	0.02220	0.01915	0.01940	0.05606	0.01585	0.01825	0.01187	0.01785	0.01026	0.01665	0.01011	0.01453	0.05244	0.00355	0.66056	0.00647	0.00331	0.00808
21	0.01660	0.01729	0.02860	0.02277	0.02486	0.02164	0.19693	0.01951	0.01308	0.01951	0.01121	0.01729	0.01017	0.01112	0.02002	0.00304	0.52719	0.00713	0.00339	0.00865
22	0.00936	0.00697	0.00847	0.00939	0.01047	0.00637	0.00649	0.01090	0.01515	0.01962	0.09224	0.41475	0.22067	0.09656	0.01224	0.00328	0.00450	0.03983	0.00673	0.00603
23	0.00962	0.00704	0.00915	0.01051	0.01152	0.00657	0.00764	0.01149	0.01547	0.02031	0.08288	0.49326	0.13132	0.02172	0.00948	0.00298	0.00464	0.13117	0.00696	0.00626
24	0.01837	0.01764	0.03013	0.04557	0.69279	0.01764	0.02278	0.02278	0.01690	0.02425	0.01396	0.01837	0.01176	0.00661	0.00735	0.00220	0.00882	0.00661	0.00367	0.01176
25	0.01402	0.01319	0.02227	0.72126	0.05113	0.01649	0.02062	0.01897	0.01484	0.01897	0.01319	0.01979	0.00990	0.00742	0.00742	0.00247	0.00990	0.00660	0.00330	0.00825
26	0.02269	0.01534	0.01711	0.01379	0.01812	0.01618	0.01096	0.37535	0.02697	0.11272	0.09783	0.05565	0.07764	0.09193	0.01112	0.00285	0.00685	0.00920	0.00732	0.01037
27	0.00935	0.00659	0.00852	0.00995	0.01030	0.00623	0.00648	0.01042	0.01362	0.01816	0.03788	0.61531	0.04526	0.14744	0.01439	0.00374	0.00481	0.01932	0.00648	0.00576
28	0.02623	0.01885	0.02112	0.01657	0.02168	0.02105	0.01365	0.52304	0.03034	0.08640	0.01817	0.01914	0.01329	0.01308	0.06637	0.00311	0.06233	0.00683	0.00695	0.01180
29	0.01829	0.01508	0.01831	0.01380	0.01975	0.01371	0.04881	0.17339	0.05426	0.02952	0.01716	0.06567	0.01458	0.00779	0.00652	0.00165	0.00648	0.00654	0.00541	0.46328

[dist]
# distance from previous block
# <min> <max>
1	5

[block]
# block no. 2 follows, 27 sequences, length 26
# corresponding to MSA columns:
# 67-92
name=unknown_C
#
# <colnr> <probs for GDERKNQSTAVLIFYWHMCP>
#	G	D	E	R	K	N	Q	S	T	A	V	L	I	F	Y	W	H	M	C	P
0	0.02591	0.01947	0.02103	0.01610	0.02206	0.02090	0.01323	0.54535	0.06009	0.04278	0.01768	0.01790	0.01282	0.00846	0.00715	0.00207	0.00768	0.00642	0.00699	0.12591
1	0.02687	0.04644	0.02202	0.01664	0.02215	0.07122	0.01361	0.55319	0.05277	0.04190	0.01773	0.01887	0.01321	0.03859	0.00852	0.00240	0.00842	0.00668	0.00691	0.01187
2	0.02375	0.23768	0.02680	0.01765	0.04870	0.24217	0.01413	0.16407	0.06172	0.02512	0.01362	0.01519	0.01111	0.00802	0.00762	0.00203	0.06062	0.00537	0.00459	0.01003
3	0.01986	0.01119	0.01391	0.01181	0.01540	0.01081	0.00930	0.08898	0.08283	0.23386	0.32063	0.06216	0.06234	0.01262	0.00814	0.00236	0.00508	0.01078	0.00827	0.00967
4	0.01223	0.00833	0.01045	0.01007	0.01204	0.00784	0.00747	0.03687	0.04003	0.06778	0.39181	0.21201	0.12114	0.01670	0.00877	0.00251	0.00412	0.01470	0.00776	0.00738
5	0.00908	0.00746	0.00799	0.00802	0.01025	0.00637	0.00595	0.01119	0.01741	0.02158	0.17401	0.11549	0.54244	0.01852	0.00882	0.00251	0.00376	0.01568	0.00710	0.00637
6	0.01056	0.00710	0.00817	0.00839	0.00845	0.00704	0.00481	0.01074	0.01125	0.01500	0.02571	0.13929	0.02991	0.64440	0.03404	0.00664	0.00681	0.01216	0.00481	0.00470
7	0.00934	0.00698	0.00868	0.00944	0.01067	0.00632	0.00663	0.01130	0.01648	0.02182	0.20548	0.41648	0.20274	0.02027	0.00914	0.00273	0.00399	0.01799	0.00720	0.00632
8	0.03270	0.01360	0.01783	0.01367	0.01944	0.01235	0.01129	0.11134	0.02287	0.62048	0.02792	0.02438	0.01769	0.00916	0.00746	0.00229	0.00654	0.00737	0.00898	0.01263
9	0.01045	0.00705	0.00820	0.00854	0.00862	0.00697	0.00497	0.01071	0.01147	0.01529	0.02685	0.18381	0.03135	0.59792	0.03220	0.00637	0.00663	0.01283	0.00497	0.00480
10	0.03043	0.01725	0.02009	0.01540	0.02125	0.01776	0.01272	0.39371	0.02898	0.32949	0.02280	0.02106	0.01512	0.00903	0.00744	0.00226	0.00736	0.00702	0.00819	0.01263
11	0.01769	0.01938	0.03039	0.13714	0.03226	0.09951	0.26103	0.02163	0.01536	0.02030	0.01248	0.01791	0.01032	0.00894	0.01372	0.00269	0.25966	0.00717	0.00351	0.00891
12	0.01615	0.01379	0.01620	0.01182	0.01800	0.01136	0.00952	0.05432	0.01623	0.02507	0.01325	0.01558	0.01101	0.00612	0.00669	0.00129	0.04720	0.00464	0.00450	0.69726
13	0.01067	0.00714	0.00813	0.00826	0.00829	0.00711	0.00467	0.01076	0.01104	0.01472	0.02464	0.09731	0.02856	0.68823	0.03577	0.00690	0.00699	0.01153	0.00467	0.00461
14	0.02725	0.02007	0.02160	0.01666	0.02237	0.02214	0.01372	0.63210	0.03414	0.04585	0.05469	0.01989	0.01578	0.00926	0.00750	0.00223	0.00791	0.00705	0.00747	0.01232
15	0.01624	0.01624	0.02274	0.01949	0.01949	0.02274	0.01624	0.01787	0.01137	0.01787	0.00975	0.01624	0.00975	0.01299	0.02436	0.00325	0.72552	0.00650	0.00325	0.00812
16	0.01061	0.00795	0.01193	0.01193	0.01326	0.00928	0.00928	0.01326	0.01193	0.01723	0.01988	0.02916	0.01856	0.05568	0.70968	0.01193	0.01988	0.00795	0.00398	0.00663
17	0.01904	0.62813	0.14723	0.01409	0.02119	0.02739	0.01511	0.02244	0.01518	0.01846	0.01081	0.01252	0.00951	0.00647	0.00514	0.00171	0.00844	0.00422	0.00317	0.00976
18	0.01402	0.01319	0.02227	0.72126	0.05113	0.01649	0.02062	0.01897	0.01484	0.01897	0.01319	0.01979	0.00990	0.00742	0.00742	0.00247	0.00990	0.00660	0.00330	0.00825
19	0.00919	0.00754	0.00809	0.00795	0.01028	0.00644	0.00596	0.01145	0.01789	0.02237	0.22116	0.06764	0.54239	0.01794	0.00877	0.00247	0.00370	0.01513	0.00720	0.00644
20	0.00904	0.00646	0.00861	0.01034	0.01077	0.00603	0.00689	0.01034	0.01421	0.01895	0.04092	0.73426	0.04910	0.02326	0.00948	0.00301	0.00431	0.02110	0.00689	0.00603
21	0.01402	0.01319	0.02227	0.72126	0.05113	0.01649	0.02062	0.01897	0.01484	0.01897	0.01319	0.01979	0.00990	0.00742	0.00742	0.00247	0.00990	0.00660	0.00330	0.00825
22	0.01817	0.01743	0.02977	0.07695	0.66299	0.01759	0.02268	0.02261	0.01681	0.02401	0.01393	0.01844	0.01167	0.00665	0.00735	0.00222	0.00887	0.00661	0.00366	0.01160
23	0.00961	0.00692	0.00923	0.01087	0.01165	0.00654	0.00784	0.01135	0.01491	0.01965	0.04215	0.57486	0.07695	0.02251	0.00960	0.00307	0.00478	0.14441	0.00688	0.00620
24	0.79154	0.01436	0.01091	0.00976	0.01436	0.01665	0.00804	0.02182	0.01263	0.03331	0.01034	0.01206	0.00804	0.00689	0.00459	0.00230	0.00574	0.00402	0.00459	0.00804
25	0.01384	0.00692	0.00692	0.00692	0.00865	0.00692	0.00519	0.01730	0.01557	0.02768	0.02422	0.02768	0.01903	0.00865	0.00519	0.00173	0.00346	0.00692	0.78031	0.00692

[dist]
# distance from previous block
# <min> <max>
0	3

[block]
# block no. 3 follows, 27 sequences, length 15
# corresponding to MSA columns:
# 96-110
name=unknown_D
#
# <colnr> <probs for GDERKNQSTAVLIFYWHMCP>
#	G	D	E	R	K	N	Q	S	T	A	V	L	I	F	Y	W	H	M	C	P
0	0.02148	0.01226	0.01497	0.01278	0.01677	0.01228	0.01017	0.05657	0.20383	0.26385	0.22369	0.03668	0.03544	0.01160	0.00797	0.00241	0.00546	0.03299	0.00827	0.01052
1	0.01695	0.01829	0.03495	0.02597	0.03107	0.01929	0.41037	0.02153	0.01543	0.02197	0.01323	0.01847	0.01077	0.00829	0.01336	0.00262	0.23398	0.00770	0.00365	0.07210
2	0.01568	0.01489	0.02526	0.46391	0.29552	0.01693	0.02144	0.02042	0.01563	0.02098	0.01349	0.01925	0.01061	0.00711	0.00739	0.00237	0.00949	0.00660	0.00344	0.00958
3	0.01908	0.46041	0.13890	0.01736	0.08081	0.02497	0.01585	0.04730	0.09157	0.02160	0.01364	0.01508	0.01131	0.00700	0.00576	0.00189	0.00827	0.00504	0.00386	0.01031
4	0.02540	0.03144	0.01977	0.01810	0.02143	0.60187	0.01360	0.02732	0.01990	0.01858	0.01378	0.06046	0.01249	0.00896	0.00771	0.00204	0.04835	0.00600	0.03445	0.00835
5	0.11950	0.05996	0.02320	0.04585	0.18331	0.25158	0.01583	0.10691	0.01941	0.02515	0.01259	0.01537	0.01032	0.00787	0.00817	0.00219	0.07320	0.00554	0.00425	0.00980
6	0.01429	0.01347	0.02276	0.67868	0.09157	0.01657	0.02075	0.01921	0.01497	0.01930	0.01324	0.01970	0.01001	0.00737	0.00742	0.00246	0.00983	0.00660	0.00332	0.00847
7	0.01008	0.00690	0.00831	0.00901	0.00919	0.00672	0.00548	0.01061	0.01219	0.01626	0.03056	0.32890	0.03603	0.44645	0.02621	0.00549	0.00602	0.01501	0.00548	0.00512
8	0.01029	0.00728	0.00894	0.00894	0.00992	0.00689	0.00602	0.01213	0.01614	0.02215	0.32125	0.15387	0.08767	0.27393	0.01918	0.00417	0.00495	0.01375	0.00660	0.00593
9	0.01080	0.00720	0.00810	0.00810	0.00810	0.00720	0.00450	0.01080	0.01080	0.01439	0.02339	0.04858	0.02699	0.73910	0.03779	0.00720	0.00720	0.01080	0.00450	0.00450
10	0.01012	0.00705	0.00830	0.00873	0.00918	0.00679	0.00541	0.01086	0.01292	0.01711	0.07470	0.23635	0.09588	0.43472	0.02567	0.00534	0.00587	0.01419	0.00559	0.00523
11	0.02020	0.63901	0.03593	0.01311	0.01927	0.08314	0.01258	0.02260	0.01559	0.01796	0.01060	0.01225	0.00962	0.00640	0.00497	0.00158	0.00822	0.00406	0.00331	0.05959
12	0.01145	0.00827	0.01131	0.01281	0.01447	0.00812	0.01092	0.01461	0.01703	0.02216	0.07169	0.13429	0.08612	0.02037	0.01003	0.00328	0.00628	0.52316	0.00691	0.00674
13	0.00937	0.00691	0.00952	0.05738	0.01344	0.00672	0.00780	0.01091	0.01425	0.01895	0.03908	0.68698	0.04651	0.02221	0.00934	0.00298	0.00468	0.02014	0.00665	0.00618
14	0.01534	0.01375	0.01517	0.06014	0.04758	0.09181	0.01263	0.02244	0.16261	0.02370	0.06144	0.09832	0.03282	0.01527	0.00883	0.00286	0.00733	0.29325	0.00636	0.00837

[dist]
# distance from previous block
# <min> <max>
6	13

[block]
# block no. 4 follows, 27 sequences, length 21
# corresponding to MSA columns:
# 124-144
name=unknown_E
#
# <colnr> <probs for GDERKNQSTAVLIFYWHMCP>
#	G	D	E	R	K	N	Q	S	T	A	V	L	I	F	Y	W	H	M	C	P
0	0.01770	0.06278	0.29426	0.02173	0.09278	0.05010	0.05683	0.06885	0.01759	0.05054	0.07574	0.02016	0.01596	0.00878	0.00974	0.00240	0.11283	0.00671	0.00428	0.01022
1	0.25577	0.18256	0.07616	0.01363	0.01943	0.02084	0.01249	0.19224	0.06077	0.05786	0.01489	0.01575	0.01130	0.00765	0.00588	0.00212	0.00726	0.00531	0.02790	0.01018
2	0.52267	0.01298	0.01192	0.04804	0.01626	0.01422	0.00873	0.02132	0.01469	0.09190	0.07368	0.02218	0.06916	0.00872	0.00572	0.00228	0.00566	0.00620	0.00542	0.03825
3	0.00951	0.00674	0.00876	0.00988	0.01048	0.00634	0.00660	0.01100	0.01490	0.02016	0.14596	0.53395	0.04973	0.11370	0.01299	0.00344	0.00454	0.01851	0.00680	0.00599
4	0.01916	0.01063	0.01341	0.01151	0.01490	0.01016	0.00904	0.02323	0.07189	0.25730	0.18327	0.07686	0.14977	0.03498	0.00998	0.00257	0.04944	0.01097	0.00765	0.03327
5	0.05877	0.04251	0.05224	0.01950	0.13147	0.01570	0.01410	0.15423	0.04755	0.32697	0.02275	0.04598	0.01623	0.00894	0.00728	0.00228	0.00725	0.00732	0.00710	0.01184
6	0.00933	0.00667	0.00891	0.01041	0.01103	0.00625	0.00716	0.01094	0.01500	0.02013	0.10151	0.63775	0.05074	0.02236	0.00945	0.00297	0.00436	0.05187	0.00701	0.00616
7	0.01068	0.00766	0.01044	0.01044	0.01125	0.00847	0.00742	0.01230	0.01149	0.01613	0.02125	0.03673	0.02184	0.32186	0.44799	0.01009	0.01494	0.00906	0.00418	0.00580
8	0.38749	0.01922	0.16548	0.15264	0.02558	0.01672	0.01517	0.02120	0.01378	0.02714	0.01210	0.01529	0.00927	0.00748	0.00693	0.00238	0.05199	0.00512	0.03634	0.00868
9	0.01740	0.02496	0.24330	0.05688	0.37879	0.04342	0.08220	0.02324	0.01666	0.02358	0.01374	0.01753	0.01083	0.00679	0.00736	0.00228	0.01004	0.00638	0.00350	0.01112
10	0.00891	0.00753	0.00771	0.00767	0.01011	0.00633	0.00575	0.01092	0.01725	0.02084	0.12455	0.07016	0.63994	0.01851	0.00877	0.00249	0.00374	0.01549	0.00700	0.00633
11	0.01531	0.02051	0.16237	0.04575	0.03036	0.01675	0.31525	0.02069	0.01589	0.02238	0.05214	0.06866	0.01684	0.01236	0.05952	0.00325	0.09990	0.00879	0.00402	0.00925
12	0.04477	0.04427	0.09249	0.16548	0.43552	0.04607	0.02162	0.02237	0.01636	0.02303	0.01341	0.01773	0.01089	0.00685	0.00712	0.00224	0.00928	0.00625	0.00357	0.01069
13	0.02126	0.01285	0.01715	0.01412	0.01847	0.01274	0.06272	0.03000	0.22001	0.25917	0.18630	0.03439	0.05548	0.01098	0.00795	0.00240	0.00592	0.00956	0.00793	0.01059
14	0.00974	0.00756	0.00886	0.00853	0.01062	0.00668	0.00640	0.01252	0.01920	0.02545	0.41627	0.06256	0.34535	0.01679	0.00876	0.00241	0.00362	0.01442	0.00760	0.00668
15	0.04461	0.05411	0.22858	0.13749	0.02791	0.09471	0.01780	0.07228	0.07771	0.02487	0.03707	0.02088	0.03451	0.00847	0.00748	0.00228	0.03168	0.00652	0.06141	0.00962
16	0.06576	0.04597	0.01746	0.01747	0.12796	0.01231	0.01179	0.02506	0.05354	0.26809	0.06400	0.11720	0.07916	0.01203	0.00775	0.00244	0.00619	0.04880	0.00698	0.01007
17	0.01286	0.01042	0.01083	0.01155	0.01288	0.08944	0.00815	0.01446	0.01539	0.06063	0.03660	0.51732	0.06977	0.02299	0.06618	0.00355	0.00675	0.01701	0.00643	0.00680
18	0.01776	0.01522	0.02021	0.06763	0.02269	0.01578	0.07209	0.16299	0.04999	0.02750	0.01930	0.02209	0.05617	0.01249	0.06560	0.00287	0.09577	0.00692	0.00506	0.24186
19	0.04692	0.04527	0.17219	0.02069	0.02765	0.01838	0.20213	0.21197	0.02191	0.05777	0.01960	0.06409	0.03907	0.00887	0.00772	0.00238	0.00944	0.00810	0.00524	0.01062
20	0.01838	0.17466	0.14894	0.01495	0.02024	0.12703	0.01416	0.11254	0.02008	0.02546	0.14841	0.08264	0.04184	0.01046	0.00714	0.00216	0.00814	0.00830	0.00524	0.00923

[dist]
# distance from previous block
# <min> <max>
0	4

[block]
# block no. 5 follows, 27 sequences, length 20
# corresponding to MSA columns:
# 149-168
name=unknown_F
#
# <colnr> <probs for GDERKNQSTAVLIFYWHMCP>
#	G	D	E	R	K	N	Q	S	T	A	V	L	I	F	Y	W	H	M	C	P
0	0.11075	0.07255	0.02463	0.08122	0.26748	0.21073	0.01703	0.08682	0.01902	0.02491	0.01292	0.01587	0.01051	0.00720	0.00668	0.00211	0.00969	0.00563	0.00412	0.01011
1	0.01995	0.01962	0.01771	0.03847	0.01916	0.21472	0.01238	0.09901	0.06921	0.02358	0.01659	0.02130	0.01413	0.06099	0.06115	0.00331	0.15668	0.00662	0.11685	0.00856
2	0.00940	0.00755	0.00839	0.00818	0.01041	0.00653	0.00614	0.01187	0.01841	0.02358	0.29789	0.06564	0.46489	0.01749	0.00877	0.00244	0.00367	0.01485	0.00736	0.00653
3	0.01848	0.01554	0.01650	0.01464	0.01877	0.01770	0.01144	0.09290	0.55575	0.03197	0.07255	0.03018	0.04926	0.01061	0.00766	0.00248	0.00585	0.00883	0.00756	0.01133
4	0.00931	0.00748	0.00830	0.00822	0.01039	0.00648	0.00612	0.01164	0.01800	0.02291	0.25778	0.10359	0.46775	0.01796	0.00881	0.00248	0.00371	0.01530	0.00728	0.00648
5	0.01094	0.00817	0.01053	0.01154	0.01348	0.00776	0.00973	0.01394	0.01743	0.02236	0.11306	0.07756	0.22436	0.01951	0.00970	0.00306	0.00566	0.40753	0.00698	0.00670
6	0.00938	0.00755	0.00839	0.00847	0.01066	0.00657	0.00643	0.01168	0.01767	0.02221	0.20123	0.10139	0.48197	0.01837	0.00891	0.00256	0.00395	0.05900	0.00716	0.00645
7	0.01985	0.74357	0.03890	0.01270	0.01905	0.02937	0.01270	0.02223	0.01508	0.01747	0.01032	0.01191	0.00953	0.00635	0.00476	0.00159	0.00794	0.00397	0.00318	0.00953
8	0.01985	0.74357	0.03890	0.01270	0.01905	0.02937	0.01270	0.02223	0.01508	0.01747	0.01032	0.01191	0.00953	0.00635	0.00476	0.00159	0.00794	0.00397	0.00318	0.00953
9	0.00993	0.00764	0.00909	0.00948	0.01136	0.00693	0.00732	0.01233	0.01727	0.02216	0.18967	0.12903	0.33362	0.05411	0.01057	0.00294	0.00458	0.14851	0.00703	0.00643
10	0.02857	0.02023	0.02193	0.01681	0.02274	0.02218	0.01389	0.62427	0.03396	0.09189	0.01862	0.01834	0.01302	0.00893	0.00743	0.00223	0.00804	0.00674	0.00755	0.01263
11	0.00930	0.00660	0.00865	0.01007	0.01055	0.00620	0.00668	0.01061	0.01434	0.01923	0.08044	0.62920	0.04843	0.08747	0.01199	0.00335	0.00452	0.01969	0.00676	0.00595
12	0.01032	0.00754	0.00996	0.01130	0.01261	0.00717	0.00885	0.01273	0.01622	0.02120	0.08957	0.33348	0.12876	0.02099	0.00966	0.00307	0.00523	0.27793	0.00696	0.00646
13	0.01489	0.03840	0.70064	0.02116	0.03213	0.01724	0.02743	0.02351	0.01567	0.02351	0.01332	0.01567	0.00940	0.00705	0.00705	0.00235	0.01097	0.00549	0.00313	0.01097
14	0.01003	0.00757	0.00926	0.00884	0.01080	0.00680	0.00663	0.01308	0.01989	0.02709	0.51975	0.05986	0.24085	0.01618	0.00876	0.00238	0.00357	0.01404	0.00782	0.00680
15	0.03098	0.05303	0.01793	0.01291	0.01841	0.01167	0.01074	0.03387	0.02089	0.61372	0.07392	0.02661	0.02146	0.00944	0.00740	0.00226	0.00621	0.00768	0.00878	0.01207
16	0.03160	0.01302	0.01718	0.01343	0.01899	0.01178	0.01101	0.03656	0.09705	0.62112	0.02939	0.02555	0.01887	0.00929	0.00748	0.00232	0.00627	0.00757	0.00900	0.01253
17	0.02378	0.02778	0.02060	0.02072	0.09395	0.44826	0.01442	0.03005	0.15975	0.02151	0.01620	0.01786	0.01309	0.01078	0.04691	0.00264	0.01167	0.00593	0.00461	0.00950
18	0.71749	0.01569	0.01195	0.01057	0.01519	0.05055	0.00864	0.05354	0.01412	0.03323	0.01076	0.01240	0.00834	0.00703	0.00483	0.00228	0.00623	0.00419	0.00469	0.00829
19	0.08049	0.01917	0.02033	0.01579	0.02136	0.02112	0.01301	0.55882	0.03163	0.06841	0.01813	0.01832	0.01292	0.00876	0.00709	0.00220	0.00763	0.00654	0.05633	0.01194

[dist]
# distance from previous block
# <min> <max>
0	1

[block]
# block no. 6 follows, 27 sequences, length 33
# corresponding to MSA columns:
# 170-202
name=unknown_G
#
# <colnr> <probs for GDERKNQSTAVLIFYWHMCP>
#	G	D	E	R	K	N	Q	S	T	A	V	L	I	F	Y	W	H	M	C	P
0	0.02346	0.01775	0.01910	0.01554	0.02029	0.01970	0.01241	0.43450	0.17718	0.03904	0.02265	0.07353	0.01848	0.05970	0.00966	0.00269	0.00731	0.00838	0.00722	0.01140
1	0.02321	0.37928	0.03041	0.01791	0.06970	0.32766	0.01416	0.02553	0.01784	0.01827	0.01109	0.01303	0.00970	0.00694	0.00580	0.00178	0.01040	0.00452	0.00350	0.00928
2	0.01562	0.18600	0.02298	0.03636	0.01830	0.01986	0.01313	0.03980	0.01373	0.01894	0.01673	0.14223	0.01757	0.01719	0.08483	0.00363	0.31231	0.00861	0.00409	0.00810
3	0.01169	0.00851	0.01074	0.00995	0.01201	0.00812	0.00761	0.05827	0.02167	0.03030	0.59822	0.05448	0.08796	0.01507	0.00872	0.00237	0.00394	0.03498	0.00803	0.00735
4	0.00904	0.00646	0.00861	0.01034	0.01077	0.00603	0.00689	0.01034	0.01421	0.01895	0.04092	0.73426	0.04910	0.02326	0.00948	0.00301	0.00431	0.02110	0.00689	0.00603
5	0.02091	0.59249	0.03521	0.01408	0.01970	0.13723	0.01315	0.02318	0.01584	0.01760	0.01047	0.01237	0.00954	0.00691	0.00610	0.00173	0.04667	0.00423	0.00328	0.00931
6	0.01064	0.00713	0.00814	0.00829	0.00833	0.00710	0.00471	0.01076	0.01109	0.01479	0.02491	0.10790	0.02890	0.67717	0.03534	0.00684	0.00695	0.01169	0.00471	0.00463
7	0.00936	0.00668	0.00897	0.01070	0.01126	0.00630	0.00744	0.01088	0.01452	0.01930	0.04074	0.66427	0.04841	0.02296	0.00956	0.00306	0.00458	0.08800	0.00689	0.00612
8	0.01609	0.01604	0.02271	0.06706	0.02163	0.02232	0.01654	0.01794	0.01160	0.01794	0.00998	0.01648	0.00976	0.01262	0.02321	0.00320	0.67700	0.00650	0.00325	0.00813
9	0.01061	0.00795	0.01193	0.01193	0.01326	0.00928	0.00928	0.01326	0.01193	0.01723	0.01988	0.02916	0.01856	0.05568	0.70968	0.01193	0.01988	0.00795	0.00398	0.00663
10	0.01384	0.00692	0.00692	0.00692	0.00865	0.00692	0.00519	0.01730	0.01557	0.02768	0.02422	0.02768	0.01903	0.00865	0.00519	0.00173	0.00346	0.00692	0.78031	0.00692
11	0.01554	0.01473	0.01866	0.08367	0.02028	0.06764	0.01389	0.01783	0.01311	0.01915	0.01465	0.05251	0.01378	0.01736	0.10414	0.00397	0.39683	0.00729	0.09724	0.00774
12	0.01885	0.01614	0.01700	0.01519	0.01945	0.01865	0.01184	0.06436	0.65384	0.03168	0.02972	0.02731	0.02226	0.01003	0.00755	0.00251	0.00597	0.00833	0.00755	0.01179
13	0.00904	0.00646	0.00861	0.01034	0.01077	0.00603	0.00689	0.01034	0.01421	0.01895	0.04092	0.73426	0.04910	0.02326	0.00948	0.00301	0.00431	0.02110	0.00689	0.00603
14	0.01812	0.01540	0.01743	0.01730	0.07916	0.01727	0.01230	0.08408	0.48808	0.03063	0.05341	0.06664	0.04553	0.01085	0.00771	0.00249	0.00608	0.00920	0.00716	0.01116
15	0.02686	0.01800	0.01997	0.01580	0.02122	0.01945	0.01288	0.43241	0.12841	0.16013	0.02272	0.05089	0.01671	0.00974	0.00754	0.00232	0.00733	0.00769	0.00774	0.01222
16	0.01579	0.07203	0.47206	0.02423	0.09135	0.01791	0.13286	0.02313	0.01622	0.02347	0.03381	0.01763	0.01176	0.00708	0.00729	0.00232	0.01064	0.00629	0.00344	0.01068
17	0.01453	0.00953	0.01152	0.01052	0.01211	0.00994	0.00740	0.09891	0.01570	0.06678	0.07572	0.03944	0.02621	0.39186	0.17157	0.00683	0.00965	0.00964	0.00538	0.00676
18	0.55905	0.11535	0.01696	0.01340	0.05883	0.09025	0.01026	0.02275	0.01411	0.02902	0.01068	0.01258	0.00863	0.00688	0.00501	0.00216	0.00703	0.00426	0.00426	0.00854
19	0.01384	0.00692	0.00692	0.00692	0.00865	0.00692	0.00519	0.01730	0.01557	0.02768	0.02422	0.02768	0.01903	0.00865	0.00519	0.00173	0.00346	0.00692	0.78031	0.00692
20	0.02621	0.01809	0.01994	0.01584	0.02111	0.01964	0.01287	0.47088	0.09767	0.12194	0.02245	0.08055	0.01745	0.01028	0.00762	0.00233	0.00738	0.00818	0.00761	0.01198
21	0.00947	0.00685	0.00853	0.00948	0.01025	0.00637	0.00634	0.01087	0.01474	0.01953	0.11513	0.45662	0.12880	0.14432	0.01415	0.00359	0.00464	0.01779	0.00663	0.00591
22	0.00987	0.00756	0.00904	0.00867	0.01070	0.00673	0.00650	0.01278	0.01951	0.02621	0.46408	0.06131	0.29707	0.01650	0.00876	0.00240	0.00360	0.01425	0.00770	0.00673
23	0.01990	0.01220	0.01443	0.01278	0.01667	0.01231	0.01029	0.06228	0.20840	0.21146	0.08398	0.04408	0.14243	0.01314	0.00821	0.00256	0.00573	0.10130	0.00782	0.01005
24	0.00921	0.00659	0.00876	0.01022	0.01080	0.00614	0.00690	0.01076	0.01499	0.02019	0.11533	0.65630	0.05151	0.02233	0.00939	0.00294	0.00421	0.02022	0.00704	0.00614
25	0.02458	0.15684	0.02301	0.01698	0.02117	0.50942	0.01331	0.02738	0.04778	0.01873	0.01670	0.01795	0.05952	0.00834	0.00654	0.00192	0.01141	0.00558	0.00409	0.00873
26	0.01624	0.01624	0.02274	0.01949	0.01949	0.02274	0.01624	0.01787	0.01137	0.01787	0.00975	0.01624	0.00975	0.01299	0.02436	0.00325	0.72552	0.00650	0.00325	0.00812
27	0.07510	0.05769	0.50596	0.02246	0.10958	0.01726	0.02388	0.02270	0.01537	0.02381	0.01341	0.01630	0.01007	0.00953	0.04389	0.00281	0.01067	0.00559	0.00336	0.01056
28	0.01985	0.74357	0.03890	0.01270	0.01905	0.02937	0.01270	0.02223	0.01508	0.01747	0.01032	0.01191	0.00953	0.00635	0.00476	0.00159	0.00794	0.00397	0.00318	0.00953
29	0.00896	0.00753	0.00778	0.00771	0.01014	0.00635	0.00579	0.01101	0.01736	0.02109	0.14073	0.06974	0.62361	0.01841	0.00877	0.00249	0.00373	0.01543	0.00703	0.00635
30	0.01061	0.00795	0.01193	0.01193	0.01326	0.00928	0.00928	0.01326	0.01193	0.01723	0.01988	0.02916	0.01856	0.05568	0.70968	0.01193	0.01988	0.00795	0.00398	0.00663
31	0.02423	0.01683	0.01870	0.01516	0.01979	0.01815	0.01221	0.45851	0.02872	0.09120	0.02307	0.11112	0.02011	0.06080	0.00989	0.00273	0.00742	0.04313	0.00727	0.01096
32	0.07722	0.08811	0.02127	0.01599	0.02084	0.21632	0.01290	0.29562	0.06812	0.03276	0.04447	0.01820	0.01447	0.00852	0.00678	0.00209	0.00896	0.00613	0.03080	0.01042

[dist]
# distance from previous block
# <min> <max>
4	6

[block]
# block no. 7 follows, 27 sequences, length 36
# corresponding to MSA columns:
# 209-244
name=unknown_H
#
# <colnr> <probs for GDERKNQSTAVLIFYWHMCP>
#	G	D	E	R	K	N	Q	S	T	A	V	L	I	F	Y	W	H	M	C	P
0	0.00991	0.00716	0.00892	0.00954	0.01041	0.00678	0.00637	0.01123	0.01392	0.01868	0.08371	0.37254	0.09804	0.21515	0.06294	0.00456	0.00604	0.01588	0.00607	0.03216
1	0.01069	0.00837	0.00958	0.00971	0.01189	0.00759	0.00727	0.04727	0.01687	0.02149	0.05331	0.25431	0.34217	0.04127	0.00977	0.00280	0.00469	0.08229	0.00670	0.05196
2	0.00915	0.00670	0.00863	0.01013	0.01089	0.00618	0.00697	0.01062	0.01470	0.01925	0.04524	0.61808	0.13106	0.02255	0.00942	0.00297	0.00436	0.05010	0.00689	0.00610
3	0.01793	0.05752	0.14407	0.02796	0.05661	0.06880	0.44124	0.02382	0.01711	0.02282	0.01404	0.01828	0.01072	0.00676	0.00872	0.00241	0.03996	0.00758	0.00361	0.01002
4	0.01177	0.00863	0.01164	0.01287	0.01469	0.00841	0.01072	0.01528	0.03629	0.02194	0.03774	0.21087	0.04146	0.01983	0.00972	0.00316	0.00621	0.45700	0.00672	0.05506
5	0.01420	0.03358	0.59250	0.01931	0.02884	0.01564	0.02423	0.02202	0.01651	0.02449	0.11909	0.02190	0.01890	0.00832	0.00732	0.00235	0.00980	0.00673	0.00392	0.01035
6	0.01137	0.00817	0.01165	0.01150	0.01282	0.00953	0.00896	0.01410	0.01247	0.01890	0.02009	0.02833	0.01823	0.04634	0.56772	0.00993	0.04992	0.00772	0.12549	0.00674
7	0.00930	0.00674	0.00911	0.03719	0.01220	0.00647	0.00733	0.01068	0.01412	0.01879	0.03924	0.68288	0.04683	0.04804	0.01040	0.00314	0.00462	0.02019	0.00667	0.00606
8	0.06494	0.01329	0.01732	0.01334	0.01905	0.01202	0.01102	0.08101	0.02187	0.62306	0.02766	0.02418	0.01753	0.00907	0.00734	0.00229	0.00643	0.00726	0.00887	0.01244
9	0.02068	0.66862	0.03701	0.01338	0.01947	0.10134	0.01288	0.02301	0.01571	0.01754	0.01044	0.01207	0.00953	0.00649	0.00497	0.00162	0.00852	0.00406	0.00324	0.00943
10	0.00946	0.00755	0.00847	0.00824	0.01045	0.00656	0.00618	0.01198	0.01854	0.02390	0.31788	0.06512	0.44471	0.01737	0.00877	0.00244	0.00366	0.01478	0.00740	0.00656
11	0.00999	0.00755	0.00973	0.03796	0.01282	0.00734	0.00761	0.01298	0.05436	0.02145	0.14381	0.49783	0.10829	0.02019	0.00911	0.00281	0.00444	0.01809	0.00699	0.00662
12	0.00936	0.00752	0.00838	0.00839	0.01055	0.00653	0.00631	0.01169	0.01782	0.02258	0.22999	0.10648	0.46727	0.01819	0.00887	0.00253	0.00385	0.04000	0.00722	0.00647
13	0.01792	0.01717	0.02931	0.11660	0.62533	0.01752	0.02256	0.02238	0.01669	0.02370	0.01388	0.01852	0.01156	0.00670	0.00736	0.00223	0.00893	0.00661	0.00364	0.01139
14	0.02989	0.01245	0.01651	0.01301	0.01825	0.01120	0.01062	0.03439	0.07847	0.57753	0.09098	0.02830	0.02358	0.00982	0.00759	0.00232	0.00602	0.00810	0.00895	0.01203
15	0.05723	0.03622	0.63178	0.02102	0.03148	0.01728	0.05686	0.02343	0.01560	0.02406	0.01324	0.01568	0.00942	0.00701	0.00700	0.00236	0.01076	0.00556	0.00324	0.01077
16	0.01539	0.01319	0.01539	0.01100	0.01759	0.00990	0.00880	0.01869	0.01539	0.02419	0.01319	0.01539	0.01100	0.00550	0.00550	0.00110	0.00550	0.00440	0.00440	0.78449
17	0.00904	0.00646	0.00861	0.01034	0.01077	0.00603	0.00689	0.01034	0.01421	0.01895	0.04092	0.73426	0.04910	0.02326	0.00948	0.00301	0.00431	0.02110	0.00689	0.00603
18	0.02990	0.01254	0.01664	0.01290	0.01827	0.01106	0.01057	0.06466	0.02166	0.56687	0.09726	0.02765	0.02320	0.00965	0.00752	0.00225	0.00608	0.00792	0.00879	0.04461
19	0.01999	0.01671	0.01765	0.01542	0.01989	0.01918	0.01212	0.13786	0.57848	0.03352	0.02828	0.02615	0.02109	0.00989	0.00753	0.00247	0.00623	0.00813	0.00753	0.01189
20	0.79154	0.01436	0.01091	0.00976	0.01436	0.01665	0.00804	0.02182	0.01263	0.03331	0.01034	0.01206	0.00804	0.00689	0.00459	0.00230	0.00574	0.00402	0.00459	0.00804
21	0.01041	0.00755	0.00954	0.01067	0.01161	0.00726	0.00734	0.05765	0.01585	0.02101	0.04112	0.64671	0.08130	0.02198	0.00929	0.00293	0.00456	0.01977	0.00693	0.00652
22	0.03331	0.01263	0.01723	0.01321	0.01895	0.01091	0.01091	0.03618	0.02125	0.69794	0.02929	0.02527	0.01838	0.00919	0.00747	0.00230	0.00632	0.00747	0.00919	0.01263
23	0.02303	0.01997	0.02047	0.02090	0.13641	0.15266	0.01416	0.14648	0.20209	0.10088	0.06876	0.02323	0.01935	0.00906	0.00740	0.00226	0.00815	0.00733	0.00635	0.01105
24	0.01985	0.74357	0.03890	0.01270	0.01905	0.02937	0.01270	0.02223	0.01508	0.01747	0.01032	0.01191	0.00953	0.00635	0.00476	0.00159	0.00794	0.00397	0.00318	0.00953
25	0.01041	0.00758	0.00978	0.00923	0.01103	0.00696	0.00693	0.01381	0.02078	0.02920	0.65307	0.05639	0.10620	0.01539	0.00876	0.00234	0.00352	0.01356	0.00810	0.00696
26	0.01624	0.01624	0.02274	0.01949	0.01949	0.02274	0.01624	0.01787	0.01137	0.01787	0.00975	0.01624	0.00975	0.01299	0.02436	0.00325	0.72552	0.00650	0.00325	0.00812
27	0.79154	0.01436	0.01091	0.00976	0.01436	0.01665	0.00804	0.02182	0.01263	0.03331	0.01034	0.01206	0.00804	0.00689	0.00459	0.00230	0.00574	0.00402	0.00459	0.00804
28	0.01752	0.02003	0.04380	0.03129	0.03880	0.01877	0.66583	0.02378	0.01752	0.02378	0.01502	0.02003	0.01126	0.00626	0.00876	0.00250	0.01252	0.00876	0.00375	0.01001
29	0.00904	0.00646	0.00861	0.01034	0.01077	0.00603	0.00689	0.01034	0.01421	0.01895	0.04092	0.73426	0.04910	0.02326	0.00948	0.00301	0.00431	0.02110	0.00689	0.00603
30	0.01692	0.01419	0.01564	0.01477	0.01837	0.01611	0.01180	0.03375	0.52247	0.02896	0.03237	0.04098	0.02741	0.01254	0.00819	0.00273	0.00610	0.15871	0.00738	0.01059
31	0.01051	0.00759	0.00992	0.00934	0.01109	0.00700	0.00700	0.01401	0.02101	0.02977	0.68888	0.05545	0.07005	0.01518	0.00876	0.00233	0.00350	0.01343	0.00817	0.00700
32	0.01140	0.00777	0.00988	0.01071	0.01173	0.00751	0.00737	0.05746	0.01590	0.04418	0.06058	0.58648	0.04465	0.07296	0.01127	0.00321	0.00483	0.01861	0.00688	0.00664
33	0.02651	0.05746	0.02157	0.01867	0.02249	0.60189	0.01425	0.04805	0.05148	0.01957	0.01242	0.01427	0.01027	0.00800	0.00751	0.00200	0.04561	0.00506	0.00406	0.00888
34	0.01899	0.01829	0.02815	0.06415	0.56543	0.05008	0.02118	0.04569	0.06872	0.02506	0.01520	0.01889	0.01246	0.00703	0.00734	0.00223	0.00882	0.00667	0.00409	0.01152
35	0.53271	0.01788	0.09127	0.01432	0.04993	0.01698	0.04179	0.07135	0.01525	0.03189	0.01178	0.01375	0.00903	0.00695	0.00545	0.00224	0.00695	0.00475	0.00456	0.05119

[dist]
# distance from previous block
# <min> <max>
0	11

[block]
# block no. 8 follows, 27 sequences, length 24
# corresponding to MSA columns:
# 256-279
name=unknown_I
#
# <colnr> <probs for GDERKNQSTAVLIFYWHMCP>
#	G	D	E	R	K	N	Q	S	T	A	V	L	I	F	Y	W	H	M	C	P
0	0.07536	0.01434	0.02071	0.36989	0.11303	0.01618	0.01689	0.10467	0.01808	0.07770	0.01561	0.01954	0.01161	0.00762	0.00699	0.00228	0.00838	0.00642	0.05337	0.04134
1	0.10345	0.02792	0.01867	0.01659	0.02059	0.46051	0.01269	0.11492	0.02178	0.02429	0.04500	0.02010	0.06511	0.00892	0.00683	0.00206	0.01073	0.00617	0.00482	0.00886
2	0.01769	0.01694	0.02890	0.15185	0.59186	0.01746	0.02244	0.02218	0.01658	0.02342	0.01384	0.01860	0.01147	0.00674	0.00736	0.00225	0.00899	0.00661	0.00362	0.01121
3	0.01177	0.00907	0.01102	0.01129	0.03484	0.00872	0.00815	0.06445	0.04238	0.02586	0.26561	0.18076	0.22579	0.01702	0.00879	0.00257	0.00454	0.05271	0.00728	0.00737
4	0.01742	0.01591	0.02506	0.09363	0.02624	0.01843	0.16759	0.12595	0.01732	0.02447	0.01502	0.02114	0.01272	0.05188	0.06894	0.00362	0.23000	0.00744	0.04828	0.00895
5	0.02773	0.03538	0.02104	0.01913	0.02295	0.70930	0.01434	0.02964	0.02104	0.01817	0.01148	0.01339	0.00956	0.00765	0.00669	0.00191	0.01339	0.00478	0.00383	0.00861
6	0.01071	0.00716	0.00812	0.00821	0.00823	0.00714	0.00462	0.01077	0.01096	0.01462	0.02425	0.08205	0.02807	0.70416	0.03640	0.00699	0.00706	0.01130	0.00462	0.00457
7	0.01679	0.01787	0.03178	0.02455	0.02778	0.02104	0.29505	0.02040	0.01401	0.02040	0.01201	0.01787	0.01040	0.01010	0.01767	0.00293	0.41949	0.00747	0.00347	0.00893
8	0.01078	0.00725	0.00838	0.00838	0.00847	0.00735	0.00485	0.01098	0.01088	0.01460	0.02313	0.04716	0.02637	0.68906	0.08699	0.00754	0.00813	0.01059	0.00446	0.00465
9	0.01506	0.01394	0.02335	0.39416	0.25769	0.01576	0.01988	0.01956	0.01550	0.02085	0.01594	0.02493	0.01366	0.01150	0.05613	0.00311	0.00999	0.05607	0.00374	0.00919
10	0.00961	0.00746	0.00875	0.00863	0.01059	0.00659	0.00639	0.01220	0.01859	0.02451	0.35981	0.12448	0.34069	0.01751	0.00883	0.00247	0.00369	0.01511	0.00749	0.00659
11	0.01837	0.01764	0.03013	0.04557	0.69279	0.01764	0.02278	0.02278	0.01690	0.02425	0.01396	0.01837	0.01176	0.00661	0.00735	0.00220	0.00882	0.00661	0.00367	0.01176
12	0.01520	0.08278	0.65899	0.02063	0.03131	0.01800	0.02650	0.02343	0.01564	0.02313	0.01313	0.01544	0.00941	0.00701	0.00691	0.00230	0.01078	0.00539	0.00314	0.01088
13	0.02779	0.03358	0.02119	0.01887	0.02296	0.62447	0.01431	0.10856	0.02275	0.02171	0.01226	0.01394	0.00994	0.00781	0.00678	0.00195	0.01274	0.00502	0.00427	0.00910
14	0.35311	0.01658	0.01561	0.03627	0.01863	0.04165	0.01073	0.26279	0.02215	0.03628	0.06114	0.02112	0.05749	0.00899	0.00636	0.00228	0.00678	0.00648	0.00596	0.00960
15	0.01239	0.00880	0.01061	0.00982	0.01224	0.00834	0.00747	0.01743	0.09240	0.06838	0.44532	0.05400	0.19426	0.01503	0.00855	0.00239	0.00399	0.01299	0.00789	0.00771
16	0.01636	0.24696	0.50492	0.01866	0.02826	0.02083	0.02307	0.02313	0.01550	0.02172	0.01243	0.01456	0.00944	0.00685	0.00638	0.00213	0.01007	0.00504	0.00315	0.01054
17	0.01143	0.00761	0.01027	0.01027	0.01155	0.00847	0.00774	0.01399	0.01271	0.01952	0.02134	0.03091	0.01959	0.11827	0.46141	0.00888	0.01442	0.00801	0.19714	0.00647
18	0.01080	0.00720	0.00810	0.00810	0.00810	0.00720	0.00450	0.01080	0.01080	0.01439	0.02339	0.04858	0.02699	0.73910	0.03779	0.00720	0.00720	0.01080	0.00450	0.00450
19	0.01154	0.00864	0.01248	0.01221	0.01378	0.01001	0.00954	0.04812	0.01315	0.01881	0.01977	0.02856	0.01824	0.05319	0.67229	0.01141	0.01926	0.00789	0.00416	0.00695
20	0.01628	0.01372	0.01587	0.01142	0.01797	0.01080	0.00916	0.06355	0.01674	0.02575	0.01351	0.01556	0.01111	0.00573	0.00563	0.00118	0.00568	0.00456	0.00461	0.73117
21	0.79154	0.01436	0.01091	0.00976	0.01436	0.01665	0.00804	0.02182	0.01263	0.03331	0.01034	0.01206	0.00804	0.00689	0.00459	0.00230	0.00574	0.00402	0.00459	0.00804
22	0.05349	0.01718	0.01841	0.04059	0.02081	0.01922	0.01229	0.37411	0.19054	0.03834	0.02128	0.02208	0.01594	0.03088	0.00802	0.00241	0.00704	0.00715	0.08899	0.01122
23	0.01587	0.01495	0.02559	0.42251	0.16184	0.01678	0.10139	0.06178	0.01682	0.02234	0.01555	0.06279	0.01296	0.00819	0.00770	0.00245	0.00958	0.00776	0.00391	0.00926

[dist]
# distance from previous block
# <min> <max>
0	5

# created by:
# /st0/software/busco_prod/Augustus/scripts/msa2prfl.pl ./align_prep/132877.fa
