[name]
unknown

[dist]
# distance from previous block
# <min> <max>
0	28

[block]
# block no. 0 follows, 29 sequences, length 11
# corresponding to MSA columns:
# 28-38
name=unknown_A
#
# <colnr> <probs for GDERKNQSTAVLIFYWHMCP>
#	G	D	E	R	K	N	Q	S	T	A	V	L	I	F	Y	W	H	M	C	P
0	0.01101	0.00876	0.01297	0.01214	0.01432	0.00834	0.07169	0.01475	0.03805	0.02431	0.32330	0.13124	0.10488	0.01602	0.00881	0.00261	0.00517	0.17785	0.00686	0.00693
1	0.04967	0.05302	0.46771	0.05871	0.02774	0.01607	0.03895	0.02277	0.07956	0.02380	0.08028	0.01985	0.01583	0.00776	0.00685	0.00225	0.00903	0.00629	0.00396	0.00988
2	0.01515	0.01437	0.04718	0.32841	0.12141	0.01447	0.03422	0.06747	0.01635	0.02240	0.01585	0.02438	0.01356	0.00809	0.00707	0.00217	0.00822	0.07667	0.00408	0.15849
3	0.08588	0.00836	0.00882	0.00856	0.00937	0.00880	0.00530	0.01400	0.07603	0.01706	0.02188	0.04136	0.02377	0.60826	0.03044	0.00603	0.00665	0.00952	0.00460	0.00530
4	0.00993	0.00683	0.00778	0.00801	0.00830	0.00666	0.00474	0.01028	0.01138	0.01494	0.02956	0.14634	0.09383	0.57779	0.02977	0.00591	0.00620	0.01219	0.00486	0.00468
5	0.01693	0.04232	0.01459	0.01139	0.01532	0.03629	0.00888	0.14977	0.01835	0.05228	0.02047	0.15198	0.01927	0.03538	0.00835	0.03443	0.00581	0.00829	0.10309	0.24681
6	0.14397	0.01251	0.01393	0.01320	0.04353	0.01338	0.00989	0.14772	0.12292	0.06065	0.14383	0.13128	0.05340	0.01226	0.00740	0.00239	0.00555	0.04670	0.00663	0.00888
7	0.20538	0.04340	0.08639	0.10771	0.12103	0.11110	0.03766	0.15882	0.01896	0.02812	0.01280	0.01523	0.00981	0.00711	0.00631	0.00214	0.00863	0.00542	0.00439	0.00960
8	0.03819	0.05974	0.04763	0.11300	0.02701	0.06905	0.15802	0.15675	0.01954	0.09061	0.01733	0.03897	0.02814	0.03401	0.00871	0.00236	0.03415	0.00712	0.00491	0.04476
9	0.07836	0.01431	0.01415	0.01363	0.04499	0.10807	0.00988	0.07620	0.07653	0.06225	0.06257	0.06620	0.04604	0.16518	0.01384	0.00328	0.03107	0.07256	0.00552	0.03536
10	0.01890	0.31934	0.08141	0.01454	0.04011	0.02059	0.01297	0.12327	0.04688	0.06206	0.01613	0.07039	0.01436	0.03546	0.02694	0.00239	0.04649	0.00647	0.00457	0.03670

[dist]
# distance from previous block
# <min> <max>
2	11

[block]
# block no. 1 follows, 29 sequences, length 29
# corresponding to MSA columns:
# 50-78
name=unknown_B
#
# <colnr> <probs for GDERKNQSTAVLIFYWHMCP>
#	G	D	E	R	K	N	Q	S	T	A	V	L	I	F	Y	W	H	M	C	P
0	0.05949	0.05726	0.08864	0.09677	0.02363	0.01765	0.01394	0.26957	0.08493	0.07120	0.04028	0.01940	0.01437	0.01021	0.04101	0.00254	0.00805	0.00633	0.00566	0.06905
1	0.07132	0.29572	0.04287	0.01456	0.01903	0.09383	0.03782	0.05469	0.10215	0.03834	0.01575	0.07304	0.01409	0.00889	0.00791	0.00210	0.08803	0.00642	0.00438	0.00908
2	0.01968	0.02086	0.09185	0.01887	0.10583	0.13111	0.03519	0.16858	0.02000	0.02682	0.01372	0.01588	0.01083	0.00808	0.02763	0.00203	0.00865	0.00537	0.00453	0.26448
3	0.00892	0.00685	0.00813	0.00883	0.01023	0.00614	0.00633	0.01069	0.01543	0.01976	0.12391	0.34012	0.31232	0.04215	0.00962	0.00277	0.00405	0.05108	0.00667	0.00597
4	0.01497	0.01178	0.01464	0.08594	0.04953	0.01271	0.01143	0.09717	0.18690	0.04171	0.03282	0.17660	0.09046	0.01413	0.00814	0.00261	0.00610	0.12732	0.00639	0.00866
5	0.00922	0.00687	0.00955	0.08207	0.01410	0.00683	0.00784	0.01076	0.01357	0.01801	0.03594	0.64575	0.04252	0.04867	0.00993	0.00299	0.00477	0.01847	0.00618	0.00594
6	0.00970	0.00740	0.01014	0.08216	0.01473	0.00712	0.00808	0.01153	0.01407	0.01904	0.06404	0.58382	0.04134	0.01910	0.00856	0.00267	0.00472	0.01725	0.00613	0.06840
7	0.02375	0.01788	0.02005	0.08736	0.02366	0.01993	0.01349	0.52770	0.06520	0.03929	0.01904	0.07544	0.01513	0.00955	0.00729	0.00224	0.00759	0.00759	0.00669	0.01114
8	0.65897	0.01559	0.08075	0.01062	0.01539	0.01547	0.00966	0.02044	0.01236	0.02979	0.01093	0.01321	0.00864	0.01033	0.06143	0.00294	0.00708	0.00430	0.00422	0.00789
9	0.01562	0.01296	0.01501	0.01100	0.01690	0.01053	0.00881	0.08391	0.01706	0.02579	0.06765	0.01804	0.01519	0.00634	0.00571	0.00126	0.00538	0.00512	0.00480	0.65292
10	0.01517	0.01182	0.01373	0.01043	0.01556	0.00961	0.00816	0.05653	0.01606	0.05780	0.04064	0.04206	0.07337	0.06638	0.00839	0.00184	0.00537	0.00656	0.00500	0.53551
11	0.02597	0.01835	0.01916	0.01501	0.02013	0.05413	0.01227	0.50891	0.02940	0.10793	0.01859	0.01867	0.01321	0.00849	0.00685	0.00207	0.00740	0.00642	0.09575	0.01130
12	0.02129	0.01496	0.01665	0.08485	0.02036	0.01651	0.01142	0.40246	0.02562	0.03634	0.01861	0.02031	0.01381	0.00832	0.00644	0.00201	0.00656	0.00647	0.25705	0.00994
13	0.80005	0.01377	0.01047	0.00936	0.01377	0.01597	0.00771	0.02093	0.01212	0.03195	0.00991	0.01157	0.00771	0.00661	0.00441	0.00220	0.00551	0.00386	0.00441	0.00771
14	0.01762	0.01692	0.02890	0.04371	0.70533	0.01692	0.02185	0.02185	0.01621	0.02326	0.01339	0.01762	0.01128	0.00634	0.00705	0.00211	0.00846	0.00634	0.00352	0.01128
15	0.01771	0.01530	0.01610	0.01449	0.01852	0.01771	0.01127	0.03784	0.69247	0.02979	0.02898	0.02657	0.02174	0.00966	0.00725	0.00242	0.00564	0.00805	0.00725	0.01127
16	0.02707	0.01995	0.02137	0.01638	0.02208	0.02208	0.01353	0.68159	0.03348	0.04488	0.01710	0.01710	0.01211	0.00855	0.00712	0.00214	0.00784	0.00641	0.00712	0.01211
17	0.00868	0.00620	0.00826	0.00991	0.01033	0.00578	0.00661	0.00991	0.01363	0.01818	0.03925	0.74510	0.04710	0.02231	0.00909	0.00289	0.00413	0.02024	0.00661	0.00578
18	0.00877	0.00632	0.00832	0.00974	0.01032	0.00586	0.00657	0.01019	0.01422	0.01900	0.09020	0.66794	0.07303	0.02157	0.00901	0.00282	0.00405	0.01950	0.00670	0.00586
19	0.01028	0.00687	0.00779	0.00786	0.00788	0.00686	0.00441	0.01034	0.01050	0.01399	0.02316	0.07659	0.02680	0.71852	0.03508	0.00673	0.00678	0.01078	0.00441	0.00438
20	0.01681	0.01921	0.04202	0.03001	0.03721	0.01801	0.67947	0.02281	0.01681	0.02281	0.01441	0.01921	0.01080	0.00600	0.00840	0.00240	0.01200	0.00840	0.00360	0.00960
21	0.01028	0.00694	0.00808	0.00814	0.00826	0.00703	0.00477	0.01053	0.01056	0.01419	0.02277	0.07027	0.02599	0.66667	0.09121	0.00713	0.00780	0.01049	0.00436	0.00453
22	0.03195	0.01212	0.01652	0.01267	0.01818	0.01047	0.01047	0.03470	0.02038	0.71026	0.02809	0.02424	0.01763	0.00881	0.00716	0.00220	0.00606	0.00716	0.00881	0.01212
23	0.00960	0.00684	0.00820	0.00862	0.00924	0.00665	0.00556	0.01051	0.01244	0.01640	0.05225	0.23390	0.13005	0.36759	0.08599	0.00547	0.00669	0.01348	0.00531	0.00520
24	0.02660	0.03394	0.02018	0.01834	0.02201	0.72116	0.01376	0.02843	0.02018	0.01743	0.01101	0.01284	0.00917	0.00734	0.00642	0.00183	0.01284	0.00459	0.00367	0.00825
25	0.01822	0.01545	0.07015	0.03345	0.01812	0.04073	0.01141	0.25312	0.02260	0.07033	0.11678	0.10635	0.10966	0.01369	0.03821	0.00266	0.00700	0.00975	0.03318	0.00914
26	0.06496	0.01193	0.01576	0.01223	0.01752	0.01047	0.01007	0.03278	0.01979	0.64307	0.02963	0.02604	0.05378	0.00921	0.00710	0.00221	0.00590	0.00743	0.00850	0.01160
27	0.01761	0.01296	0.01561	0.01464	0.05064	0.01400	0.01091	0.18590	0.11914	0.08093	0.10095	0.16476	0.07280	0.01319	0.00912	0.00247	0.06362	0.03481	0.00670	0.00923
28	0.07035	0.07292	0.13643	0.03704	0.02339	0.10956	0.07642	0.05960	0.01802	0.24801	0.01730	0.01794	0.01215	0.00789	0.00793	0.00220	0.06124	0.00606	0.00536	0.01020

[dist]
# distance from previous block
# <min> <max>
0	12

[block]
# block no. 2 follows, 29 sequences, length 26
# corresponding to MSA columns:
# 91-116
name=unknown_C
#
# <colnr> <probs for GDERKNQSTAVLIFYWHMCP>
#	G	D	E	R	K	N	Q	S	T	A	V	L	I	F	Y	W	H	M	C	P
0	0.25499	0.01760	0.05614	0.09179	0.05664	0.08487	0.01291	0.08144	0.03501	0.06615	0.01318	0.01538	0.01015	0.00745	0.00738	0.00212	0.07026	0.00519	0.00452	0.10682
1	0.02199	0.04332	0.03622	0.09139	0.10709	0.25514	0.05013	0.07288	0.04150	0.10230	0.01516	0.01747	0.01170	0.01009	0.04755	0.00259	0.03010	0.00592	0.00455	0.03291
2	0.01110	0.00752	0.00975	0.00905	0.01097	0.00687	0.00684	0.01434	0.01995	0.06291	0.63161	0.05257	0.10048	0.01446	0.00834	0.00225	0.00351	0.01271	0.00782	0.00696
3	0.01022	0.00758	0.00958	0.00920	0.01099	0.00710	0.00694	0.01401	0.04601	0.02705	0.56509	0.08164	0.12424	0.01518	0.00843	0.00233	0.00362	0.03642	0.00760	0.00679
4	0.01019	0.00693	0.00772	0.00772	0.00792	0.00683	0.00441	0.01034	0.01085	0.01427	0.02665	0.04846	0.08332	0.68764	0.03388	0.00652	0.00662	0.01075	0.00451	0.00446
5	0.00877	0.00723	0.00777	0.00809	0.01024	0.00623	0.00617	0.01069	0.01603	0.01937	0.06558	0.12725	0.57461	0.01858	0.00863	0.00254	0.00397	0.08559	0.00661	0.00605
6	0.01418	0.00751	0.00760	0.00727	0.00920	0.00765	0.00554	0.06013	0.01615	0.02775	0.02283	0.02593	0.01785	0.00831	0.00512	0.00169	0.00361	0.00662	0.73807	0.00700
7	0.02456	0.02737	0.02097	0.01924	0.05790	0.43508	0.01430	0.15719	0.04115	0.02354	0.01267	0.01469	0.01026	0.00824	0.00876	0.00209	0.10304	0.00535	0.00438	0.00921
8	0.01345	0.01266	0.02136	0.73264	0.04904	0.01582	0.01978	0.01819	0.01424	0.01819	0.01266	0.01898	0.00949	0.00712	0.00712	0.00237	0.00949	0.00633	0.00316	0.00791
9	0.01589	0.01496	0.02509	0.40762	0.12497	0.01676	0.11789	0.08022	0.01654	0.02221	0.01329	0.01831	0.01021	0.00710	0.00784	0.00228	0.03781	0.00653	0.00369	0.05080
10	0.01552	0.01462	0.02400	0.38972	0.31505	0.01643	0.01990	0.02136	0.07262	0.02125	0.01434	0.01907	0.01126	0.00702	0.00710	0.00227	0.00874	0.00648	0.00366	0.00957
11	0.00874	0.00634	0.00813	0.00951	0.01011	0.00587	0.00636	0.00997	0.01372	0.01804	0.04172	0.63529	0.11411	0.06289	0.01055	0.00307	0.00423	0.01914	0.00648	0.00572
12	0.01582	0.12431	0.51779	0.02015	0.02950	0.01845	0.09653	0.05615	0.01610	0.02299	0.01282	0.01515	0.00939	0.00669	0.00669	0.00217	0.01018	0.00549	0.00329	0.01033
13	0.02376	0.01874	0.01804	0.01502	0.01953	0.12712	0.01189	0.25516	0.21530	0.12850	0.04596	0.02259	0.01769	0.03792	0.00824	0.00237	0.00754	0.00709	0.00677	0.01077
14	0.01841	0.01871	0.02716	0.09898	0.56312	0.10598	0.02065	0.02238	0.01655	0.02209	0.01303	0.01713	0.01086	0.00654	0.00698	0.00210	0.00910	0.00612	0.00351	0.01061
15	0.01509	0.01289	0.01536	0.05260	0.01891	0.01027	0.00926	0.03939	0.01534	0.02361	0.01280	0.01509	0.01054	0.00549	0.00544	0.00117	0.00560	0.00441	0.00425	0.72251
16	0.01477	0.01266	0.01477	0.01055	0.01687	0.00949	0.00844	0.01793	0.01477	0.02320	0.01266	0.01477	0.01055	0.00527	0.00527	0.00105	0.00527	0.00422	0.00422	0.79328
17	0.01018	0.00722	0.00960	0.00969	0.01034	0.00783	0.00670	0.01149	0.01107	0.01538	0.02168	0.07463	0.02304	0.36813	0.37223	0.00893	0.01275	0.00954	0.00419	0.00540
18	0.00868	0.00620	0.00826	0.00991	0.01033	0.00578	0.00661	0.00991	0.01363	0.01818	0.03925	0.74510	0.04710	0.02231	0.00909	0.00289	0.00413	0.02024	0.00661	0.00578
19	0.02655	0.01785	0.01974	0.01524	0.02067	0.01921	0.01255	0.53086	0.02990	0.13921	0.01883	0.01867	0.01322	0.00967	0.02570	0.00235	0.00765	0.00650	0.03369	0.03194
20	0.01679	0.01972	0.06954	0.03109	0.10996	0.01782	0.57940	0.02269	0.01667	0.02285	0.01422	0.01885	0.01078	0.00607	0.00818	0.00236	0.01155	0.00804	0.00357	0.00983
21	0.72127	0.01408	0.01157	0.04099	0.01578	0.01632	0.00857	0.05912	0.01345	0.03210	0.01045	0.01221	0.00804	0.00674	0.00468	0.00221	0.00582	0.00411	0.00451	0.00798
22	0.00893	0.00723	0.00792	0.00775	0.00993	0.00623	0.00581	0.01121	0.01743	0.02210	0.26527	0.06382	0.50752	0.01697	0.00841	0.00235	0.00353	0.01437	0.00699	0.00623
23	0.01904	0.75404	0.03731	0.01218	0.01828	0.02818	0.01218	0.02132	0.01447	0.01675	0.00990	0.01142	0.00914	0.00609	0.00457	0.00152	0.00761	0.00381	0.00305	0.00914
24	0.01650	0.01304	0.01520	0.01111	0.01717	0.01052	0.00892	0.06303	0.03375	0.06369	0.03179	0.01673	0.01278	0.00604	0.00563	0.00126	0.00545	0.00485	0.00484	0.65771
25	0.05258	0.01955	0.02080	0.01607	0.02166	0.02170	0.01325	0.63398	0.05885	0.04385	0.01733	0.01729	0.01234	0.00853	0.00704	0.00215	0.00767	0.00639	0.00704	0.01193

[dist]
# distance from previous block
# <min> <max>
1	3

[block]
# block no. 3 follows, 29 sequences, length 13
# corresponding to MSA columns:
# 120-132
name=unknown_D
#
# <colnr> <probs for GDERKNQSTAVLIFYWHMCP>
#	G	D	E	R	K	N	Q	S	T	A	V	L	I	F	Y	W	H	M	C	P
0	0.08869	0.39471	0.13377	0.01392	0.01993	0.06221	0.01391	0.02209	0.04558	0.02020	0.01147	0.01330	0.00970	0.00683	0.00640	0.00182	0.05534	0.00446	0.00349	0.07217
1	0.01204	0.00906	0.01078	0.01034	0.01259	0.00906	0.00787	0.01851	0.16248	0.04596	0.34046	0.12664	0.14132	0.01496	0.00827	0.00243	0.00422	0.04802	0.00736	0.00764
2	0.01016	0.00693	0.00771	0.00771	0.00795	0.00681	0.00442	0.01034	0.01094	0.01435	0.02740	0.04879	0.09343	0.67671	0.03346	0.00645	0.00657	0.01082	0.00454	0.00448
3	0.04091	0.04030	0.06663	0.13044	0.08243	0.14549	0.21279	0.02190	0.01559	0.02022	0.01217	0.01656	0.00984	0.00770	0.01022	0.00237	0.14572	0.00641	0.00343	0.00888
4	0.01300	0.01205	0.01983	0.60786	0.04279	0.01496	0.01798	0.01715	0.01398	0.01813	0.01563	0.10496	0.01395	0.00921	0.00824	0.00248	0.04860	0.00797	0.00357	0.00765
5	0.00852	0.00722	0.00736	0.00732	0.00968	0.00606	0.00549	0.01042	0.01648	0.01983	0.11193	0.06756	0.66228	0.01781	0.00841	0.00239	0.00359	0.01489	0.00669	0.00606
6	0.01658	0.01806	0.03649	0.07044	0.13089	0.01819	0.46675	0.02171	0.01585	0.02192	0.01354	0.01852	0.01062	0.00691	0.00997	0.00245	0.10033	0.00773	0.00351	0.00952
7	0.01075	0.00796	0.01047	0.01172	0.01354	0.00768	0.01004	0.01368	0.01635	0.02082	0.04584	0.07753	0.19738	0.01928	0.00950	0.00307	0.00586	0.50552	0.00657	0.00643
8	0.01762	0.01692	0.02890	0.04371	0.70533	0.01692	0.02185	0.02185	0.01621	0.02326	0.01339	0.01762	0.01128	0.00634	0.00705	0.00211	0.00846	0.00634	0.00352	0.01128
9	0.01017	0.00763	0.01144	0.01144	0.01272	0.00890	0.00890	0.01272	0.01144	0.01653	0.01907	0.02797	0.01780	0.05340	0.72153	0.01144	0.01907	0.00763	0.00381	0.00636
10	0.01064	0.00739	0.00939	0.00895	0.01078	0.00670	0.00669	0.01360	0.01913	0.05451	0.53675	0.10756	0.15035	0.01539	0.00840	0.00231	0.00356	0.01351	0.00762	0.00677
11	0.01830	0.36739	0.27355	0.01620	0.02327	0.12337	0.01755	0.02261	0.01535	0.01892	0.01106	0.01307	0.00911	0.00676	0.00635	0.00189	0.03814	0.00453	0.00312	0.00945
12	0.04657	0.64106	0.06065	0.01291	0.01862	0.02679	0.01283	0.02102	0.01412	0.01755	0.00996	0.01190	0.00910	0.00665	0.00616	0.00170	0.06622	0.00406	0.00310	0.00903

[dist]
# distance from previous block
# <min> <max>
0	2

[block]
# block no. 4 follows, 29 sequences, length 15
# corresponding to MSA columns:
# 135-149
name=unknown_E
#
# <colnr> <probs for GDERKNQSTAVLIFYWHMCP>
#	G	D	E	R	K	N	Q	S	T	A	V	L	I	F	Y	W	H	M	C	P
0	0.01682	0.49682	0.18693	0.01361	0.02015	0.02282	0.01469	0.02060	0.01532	0.01956	0.09821	0.01753	0.01647	0.00732	0.00555	0.00178	0.00774	0.00529	0.00364	0.00915
1	0.01534	0.14664	0.52231	0.02026	0.02967	0.01854	0.10688	0.02239	0.01517	0.02168	0.01254	0.01500	0.00926	0.00656	0.00663	0.00216	0.01026	0.00543	0.00309	0.01019
2	0.64377	0.07811	0.04879	0.01037	0.01531	0.01669	0.00922	0.02194	0.01300	0.07402	0.01123	0.01255	0.00854	0.00672	0.00472	0.00215	0.00598	0.00414	0.00450	0.00826
3	0.00876	0.00711	0.00781	0.00815	0.01012	0.00616	0.00608	0.01067	0.01607	0.01982	0.10684	0.18056	0.50972	0.01861	0.00861	0.00253	0.00386	0.05577	0.00669	0.00606
4	0.01623	0.01568	0.02429	0.19158	0.43347	0.05397	0.01903	0.02033	0.01649	0.02248	0.10031	0.02217	0.01785	0.00761	0.00720	0.00217	0.00828	0.00707	0.00400	0.00978
5	0.01888	0.11237	0.02892	0.03667	0.53626	0.10286	0.01966	0.02258	0.01647	0.02174	0.01266	0.01626	0.01075	0.00643	0.00666	0.00201	0.00888	0.00581	0.00348	0.01064
6	0.01019	0.00756	0.01111	0.01111	0.01226	0.00872	0.00848	0.01250	0.01134	0.01628	0.01938	0.02967	0.01854	0.11684	0.65910	0.01103	0.01796	0.00788	0.00386	0.00617
7	0.01036	0.00690	0.00777	0.00777	0.00777	0.00690	0.00431	0.01036	0.01036	0.01381	0.02244	0.04660	0.02589	0.74975	0.03624	0.00690	0.00690	0.01036	0.00431	0.00431
8	0.03112	0.01344	0.01734	0.01330	0.01884	0.01243	0.01098	0.14397	0.02259	0.59787	0.02623	0.02303	0.01669	0.00877	0.00715	0.00219	0.00636	0.00703	0.00853	0.01212
9	0.03195	0.01212	0.01652	0.01267	0.01818	0.01047	0.01047	0.03470	0.02038	0.71026	0.02809	0.02424	0.01763	0.00881	0.00716	0.00220	0.00606	0.00716	0.00881	0.01212
10	0.01036	0.00690	0.00777	0.00777	0.00777	0.00690	0.00431	0.01036	0.01036	0.01381	0.02244	0.04660	0.02589	0.74975	0.03624	0.00690	0.00690	0.01036	0.00431	0.00431
11	0.01558	0.01558	0.02181	0.01869	0.01869	0.02181	0.01558	0.01714	0.01091	0.01714	0.00935	0.01558	0.00935	0.01246	0.02337	0.00312	0.73672	0.00623	0.00312	0.00779
12	0.00953	0.00722	0.01045	0.01135	0.01238	0.00680	0.04149	0.01136	0.01433	0.01896	0.03895	0.57611	0.06846	0.02090	0.00915	0.00291	0.00490	0.12219	0.00645	0.00611
13	0.01377	0.01290	0.01843	0.01707	0.04043	0.01717	0.01344	0.01566	0.01140	0.01725	0.01396	0.06443	0.01404	0.02387	0.20957	0.00531	0.47286	0.00748	0.00354	0.00740
14	0.01898	0.38162	0.08669	0.03457	0.02155	0.04264	0.05525	0.13211	0.01778	0.02257	0.01453	0.04409	0.03000	0.00804	0.00719	0.00197	0.06112	0.00587	0.00403	0.00941

[dist]
# distance from previous block
# <min> <max>
0	2

[block]
# block no. 5 follows, 29 sequences, length 19
# corresponding to MSA columns:
# 152-170
name=unknown_F
#
# <colnr> <probs for GDERKNQSTAVLIFYWHMCP>
#	G	D	E	R	K	N	Q	S	T	A	V	L	I	F	Y	W	H	M	C	P
0	0.01707	0.12702	0.04148	0.02035	0.15929	0.01641	0.06067	0.04996	0.14396	0.04200	0.01932	0.06499	0.01688	0.00867	0.00680	0.00205	0.00710	0.04761	0.00492	0.14346
1	0.01339	0.00821	0.00981	0.00927	0.01082	0.00769	0.00624	0.03600	0.01385	0.10551	0.03003	0.19749	0.08123	0.36817	0.02154	0.00456	0.00586	0.01201	0.00566	0.05264
2	0.01477	0.01266	0.01477	0.01055	0.01687	0.00949	0.00844	0.01793	0.01477	0.02320	0.01266	0.01477	0.01055	0.00527	0.00527	0.00105	0.00527	0.00422	0.00422	0.79328
3	0.02025	0.04343	0.01493	0.01167	0.01552	0.03411	0.00937	0.11348	0.05748	0.23770	0.25251	0.03640	0.09995	0.01146	0.00756	0.00220	0.00543	0.00954	0.00755	0.00944
4	0.02898	0.01381	0.01722	0.01350	0.01874	0.01331	0.01104	0.17399	0.07061	0.49113	0.02621	0.05082	0.01787	0.00934	0.00723	0.00223	0.00634	0.00757	0.00825	0.01181
5	0.00991	0.00721	0.00932	0.00892	0.01056	0.00663	0.00664	0.01306	0.01956	0.02744	0.62869	0.09490	0.10007	0.01520	0.00844	0.00229	0.00342	0.01343	0.00770	0.00663
6	0.00906	0.00717	0.00815	0.00805	0.01005	0.00626	0.00598	0.01141	0.01753	0.02267	0.30659	0.10760	0.42020	0.01701	0.00845	0.00237	0.00355	0.01457	0.00707	0.00626
7	0.00882	0.00723	0.00778	0.00764	0.00987	0.00618	0.00573	0.01101	0.01719	0.02151	0.22590	0.06478	0.54726	0.01718	0.00841	0.00236	0.00355	0.01450	0.00691	0.00618
8	0.01882	0.70784	0.03634	0.01259	0.01830	0.02778	0.01240	0.02106	0.01425	0.01678	0.00986	0.01168	0.00915	0.00649	0.00575	0.00162	0.05323	0.00396	0.00305	0.00905
9	0.01904	0.75404	0.03731	0.01218	0.01828	0.02818	0.01218	0.02132	0.01447	0.01675	0.00990	0.01142	0.00914	0.00609	0.00457	0.00152	0.00761	0.00381	0.00305	0.00914
10	0.01036	0.00690	0.00777	0.00777	0.00777	0.00690	0.00431	0.01036	0.01036	0.01381	0.02244	0.04660	0.02589	0.74975	0.03624	0.00690	0.00690	0.01036	0.00431	0.00431
11	0.61384	0.05068	0.01286	0.01000	0.01475	0.01548	0.00833	0.02252	0.01345	0.11705	0.01240	0.01337	0.00922	0.00678	0.00482	0.00210	0.00567	0.00430	0.00489	0.05749
12	0.01783	0.61274	0.08887	0.01343	0.01952	0.02523	0.04157	0.02067	0.01455	0.01757	0.01240	0.06407	0.01189	0.00729	0.00523	0.00172	0.00779	0.00529	0.00332	0.00903
13	0.01016	0.00705	0.00884	0.00898	0.00937	0.00737	0.00580	0.01098	0.01093	0.01493	0.02288	0.09910	0.02537	0.49364	0.22686	0.00785	0.01010	0.01041	0.00436	0.00501
14	0.01036	0.00690	0.00777	0.00777	0.00777	0.00690	0.00431	0.01036	0.01036	0.01381	0.02244	0.04660	0.02589	0.74975	0.03624	0.00690	0.00690	0.01036	0.00431	0.00431
15	0.01896	0.34380	0.08140	0.01506	0.02016	0.07926	0.03229	0.08290	0.11292	0.02191	0.01491	0.04663	0.01289	0.00829	0.00764	0.00203	0.07932	0.00589	0.00423	0.00948
16	0.01757	0.14348	0.28602	0.02253	0.05409	0.11369	0.21913	0.02320	0.01621	0.02105	0.01260	0.01552	0.00968	0.00649	0.00688	0.00212	0.01075	0.00593	0.00330	0.00975
17	0.11524	0.06562	0.01989	0.33439	0.10257	0.01601	0.01517	0.08561	0.01590	0.02288	0.01582	0.09203	0.01432	0.04589	0.00825	0.00252	0.00790	0.00745	0.00416	0.00836
18	0.02004	0.02056	0.01926	0.03876	0.12682	0.23858	0.01363	0.12321	0.08408	0.02436	0.05018	0.05945	0.07836	0.00997	0.00832	0.00221	0.06027	0.00772	0.00505	0.00917

[dist]
# distance from previous block
# <min> <max>
0	9

[block]
# block no. 6 follows, 29 sequences, length 30
# corresponding to MSA columns:
# 180-209
name=unknown_G
#
# <colnr> <probs for GDERKNQSTAVLIFYWHMCP>
#	G	D	E	R	K	N	Q	S	T	A	V	L	I	F	Y	W	H	M	C	P
0	0.01644	0.01460	0.02182	0.44674	0.13735	0.01707	0.01819	0.11184	0.09977	0.02399	0.01536	0.01945	0.01160	0.00751	0.00712	0.00231	0.00865	0.00655	0.00426	0.00939
1	0.01160	0.00990	0.01190	0.01186	0.01334	0.07248	0.00914	0.01408	0.01316	0.01773	0.06783	0.07437	0.02314	0.04338	0.53706	0.00911	0.01603	0.03301	0.00436	0.00653
2	0.13184	0.02085	0.03615	0.01482	0.01912	0.26224	0.02758	0.06285	0.04404	0.10110	0.01791	0.02429	0.01512	0.00896	0.00665	0.00211	0.00864	0.09052	0.02594	0.07927
3	0.08504	0.02949	0.01962	0.08165	0.02381	0.55419	0.01382	0.07301	0.01996	0.02055	0.01150	0.01359	0.00930	0.00735	0.00638	0.00193	0.01162	0.00481	0.00392	0.00845
4	0.01926	0.01520	0.01737	0.01318	0.01898	0.04007	0.03386	0.13439	0.09950	0.08910	0.01674	0.01750	0.01274	0.00677	0.00615	0.00158	0.00635	0.00547	0.00544	0.44035
5	0.01345	0.01266	0.02136	0.73264	0.04904	0.01582	0.01978	0.01819	0.01424	0.01819	0.01266	0.01898	0.00949	0.00712	0.00712	0.00237	0.00949	0.00633	0.00316	0.00791
6	0.67041	0.01349	0.01149	0.00992	0.01451	0.01504	0.00818	0.02326	0.01351	0.14643	0.01298	0.01371	0.00938	0.00698	0.00487	0.00220	0.00560	0.00441	0.00515	0.00846
7	0.01418	0.01341	0.02269	0.61097	0.16494	0.01601	0.02014	0.01884	0.01459	0.01909	0.01279	0.01874	0.00981	0.00698	0.00711	0.00233	0.00931	0.00633	0.00323	0.00851
8	0.01867	0.69878	0.08936	0.01281	0.01924	0.02728	0.01327	0.02142	0.01451	0.01720	0.01012	0.01170	0.00913	0.00614	0.00474	0.00158	0.00784	0.00392	0.00304	0.00924
9	0.00959	0.00684	0.00896	0.01032	0.01109	0.00655	0.00749	0.01121	0.01404	0.01846	0.03829	0.45499	0.07435	0.11443	0.01272	0.00348	0.00507	0.18002	0.00630	0.00580
10	0.03067	0.01240	0.01649	0.01283	0.01821	0.01112	0.01054	0.03498	0.08073	0.64917	0.02817	0.02445	0.01800	0.00889	0.00717	0.00222	0.00602	0.00724	0.00867	0.01204
11	0.01124	0.00812	0.01115	0.01266	0.01436	0.00803	0.01101	0.01440	0.01638	0.02115	0.04035	0.07941	0.09194	0.01954	0.00973	0.00321	0.00633	0.60792	0.00656	0.00651
12	0.01164	0.00755	0.00995	0.00933	0.01119	0.00692	0.00700	0.01476	0.01959	0.08014	0.59022	0.11309	0.06157	0.01481	0.00837	0.00230	0.00364	0.01310	0.00780	0.00705
13	0.04289	0.01344	0.02227	0.58627	0.16203	0.01602	0.01970	0.01893	0.01450	0.01958	0.01268	0.01848	0.00974	0.00697	0.00701	0.00232	0.00917	0.00624	0.00327	0.00849
14	0.01601	0.01345	0.01449	0.01307	0.01661	0.01508	0.01013	0.05276	0.50332	0.02938	0.15534	0.03386	0.07362	0.01107	0.00753	0.00237	0.00516	0.00934	0.00731	0.01012
15	0.00868	0.00620	0.00826	0.00991	0.01033	0.00578	0.00661	0.00991	0.01363	0.01818	0.03925	0.74510	0.04710	0.02231	0.00909	0.00289	0.00413	0.02024	0.00661	0.00578
16	0.03195	0.01212	0.01652	0.01267	0.01818	0.01047	0.01047	0.03470	0.02038	0.71026	0.02809	0.02424	0.01763	0.00881	0.00716	0.00220	0.00606	0.00716	0.00881	0.01212
17	0.00868	0.00620	0.00826	0.00991	0.01033	0.00578	0.00661	0.00991	0.01363	0.01818	0.03925	0.74510	0.04710	0.02231	0.00909	0.00289	0.00413	0.02024	0.00661	0.00578
18	0.01327	0.00664	0.00664	0.00664	0.00830	0.00664	0.00498	0.01659	0.01493	0.02655	0.02323	0.02655	0.01825	0.00830	0.00498	0.00166	0.00332	0.00664	0.78928	0.00664
19	0.01489	0.01363	0.02012	0.13190	0.06799	0.01753	0.03805	0.01761	0.01268	0.01947	0.01289	0.01854	0.01126	0.01137	0.03458	0.00288	0.40595	0.00644	0.13434	0.00787
20	0.02663	0.03309	0.02025	0.01823	0.02202	0.67882	0.01374	0.06800	0.02098	0.01909	0.01138	0.01310	0.00935	0.00741	0.00646	0.00185	0.01254	0.00470	0.00388	0.00849
21	0.03195	0.01212	0.01652	0.01267	0.01818	0.01047	0.01047	0.03470	0.02038	0.71026	0.02809	0.02424	0.01763	0.00881	0.00716	0.00220	0.00606	0.00716	0.00881	0.01212
22	0.00886	0.00728	0.00784	0.00784	0.01009	0.00625	0.00598	0.01100	0.01687	0.02085	0.17058	0.06678	0.56147	0.01758	0.00850	0.00243	0.00374	0.05309	0.00680	0.00616
23	0.01683	0.01461	0.03985	0.01589	0.07814	0.08971	0.01164	0.05429	0.14418	0.08534	0.11523	0.14632	0.04685	0.01300	0.00791	0.00245	0.00654	0.09601	0.00637	0.00884
24	0.01447	0.11586	0.02003	0.01490	0.01603	0.01822	0.01234	0.01623	0.01178	0.01731	0.01392	0.05470	0.01401	0.07299	0.11501	0.00422	0.40746	0.00709	0.04605	0.00736
25	0.03195	0.01212	0.01652	0.01267	0.01818	0.01047	0.01047	0.03470	0.02038	0.71026	0.02809	0.02424	0.01763	0.00881	0.00716	0.00220	0.00606	0.00716	0.00881	0.01212
26	0.02563	0.03217	0.01975	0.04513	0.02256	0.66919	0.01368	0.02763	0.01977	0.01778	0.01150	0.01356	0.00950	0.00736	0.00640	0.00185	0.01238	0.00472	0.03127	0.00818
27	0.01619	0.08871	0.22265	0.10530	0.23732	0.01795	0.16726	0.02182	0.01565	0.02183	0.01305	0.01684	0.01016	0.00645	0.00705	0.00219	0.00985	0.00627	0.00332	0.01014
28	0.01749	0.01654	0.02502	0.05713	0.40189	0.03759	0.06787	0.02583	0.18922	0.02470	0.01783	0.02037	0.01413	0.00732	0.00709	0.00219	0.00793	0.00690	0.04226	0.01072
29	0.46677	0.01409	0.01408	0.06962	0.01867	0.01551	0.01004	0.10760	0.01684	0.18388	0.01511	0.01570	0.01063	0.00739	0.00559	0.00221	0.00625	0.00512	0.00563	0.00927

[dist]
# distance from previous block
# <min> <max>
0	2

[block]
# block no. 7 follows, 29 sequences, length 10
# corresponding to MSA columns:
# 212-221
name=unknown_H
#
# <colnr> <probs for GDERKNQSTAVLIFYWHMCP>
#	G	D	E	R	K	N	Q	S	T	A	V	L	I	F	Y	W	H	M	C	P
0	0.01749	0.01253	0.01554	0.03771	0.01753	0.01188	0.00990	0.07407	0.01637	0.12319	0.03827	0.05746	0.01647	0.07400	0.01096	0.00225	0.09339	0.00676	0.00520	0.35901
1	0.01327	0.00664	0.00664	0.00664	0.00830	0.00664	0.00498	0.01659	0.01493	0.02655	0.02323	0.02655	0.01825	0.00830	0.00498	0.00166	0.00332	0.00664	0.78928	0.00664
2	0.01536	0.02409	0.30075	0.05398	0.23893	0.01595	0.12098	0.02138	0.01578	0.02252	0.01589	0.02362	0.01344	0.00792	0.00744	0.00235	0.00964	0.07624	0.00364	0.01010
3	0.00878	0.00637	0.00829	0.00962	0.01030	0.00588	0.00653	0.01025	0.01442	0.01919	0.10092	0.63086	0.09972	0.02129	0.00897	0.00280	0.00402	0.01918	0.00672	0.00588
4	0.00916	0.00657	0.00869	0.00959	0.01043	0.00611	0.00665	0.01113	0.01588	0.02175	0.26713	0.50704	0.05401	0.01964	0.00885	0.00267	0.00387	0.01771	0.00703	0.00611
5	0.00883	0.00631	0.00840	0.00981	0.01036	0.00588	0.00662	0.01029	0.01433	0.01929	0.11047	0.67069	0.04926	0.02147	0.00901	0.00282	0.00405	0.01945	0.00674	0.00588
6	0.02797	0.01850	0.02047	0.01570	0.02136	0.01993	0.01297	0.56184	0.03105	0.16805	0.01913	0.01842	0.01313	0.00860	0.00713	0.00215	0.00751	0.00655	0.00744	0.01211
7	0.01768	0.54997	0.22953	0.01449	0.02184	0.02486	0.01620	0.02167	0.01463	0.01840	0.01072	0.01245	0.00910	0.00628	0.00519	0.00173	0.00844	0.00422	0.00303	0.00953
8	0.01842	0.01573	0.01714	0.01609	0.05300	0.01801	0.01197	0.08618	0.60848	0.03061	0.02730	0.02540	0.02048	0.00941	0.00723	0.00238	0.00594	0.00784	0.00705	0.01134
9	0.01875	0.01983	0.02143	0.01846	0.01964	0.17240	0.01505	0.06557	0.01446	0.01912	0.01024	0.01509	0.00950	0.01109	0.01859	0.00277	0.53040	0.00589	0.00351	0.00819

[dist]
# distance from previous block
# <min> <max>
1	3

[block]
# block no. 8 follows, 29 sequences, length 20
# corresponding to MSA columns:
# 225-244
name=unknown_I
#
# <colnr> <probs for GDERKNQSTAVLIFYWHMCP>
#	G	D	E	R	K	N	Q	S	T	A	V	L	I	F	Y	W	H	M	C	P
0	0.71366	0.01365	0.01166	0.08880	0.01764	0.01596	0.00904	0.02063	0.01235	0.03044	0.01022	0.01238	0.00791	0.00667	0.00470	0.00222	0.00595	0.00413	0.00427	0.00773
1	0.01877	0.63284	0.12101	0.01347	0.02001	0.05708	0.01402	0.02179	0.01479	0.01751	0.01031	0.01194	0.00912	0.00623	0.00492	0.00163	0.00821	0.00402	0.00307	0.00927
2	0.02488	0.01770	0.01935	0.01541	0.02050	0.01939	0.01270	0.51146	0.08860	0.08218	0.02061	0.02354	0.01572	0.00951	0.00727	0.00224	0.00728	0.05654	0.03371	0.01142
3	0.01571	0.01331	0.01525	0.01126	0.01732	0.01101	0.00900	0.05417	0.08723	0.02501	0.01461	0.01613	0.01181	0.00590	0.00558	0.00125	0.00544	0.00474	0.00469	0.67059
4	0.01377	0.01298	0.02194	0.67980	0.09938	0.01590	0.01993	0.01847	0.01439	0.01858	0.01271	0.01888	0.00963	0.00706	0.00711	0.00235	0.00941	0.00633	0.00319	0.00817
5	0.01193	0.00855	0.01033	0.01066	0.01187	0.00861	0.00740	0.11982	0.01640	0.02190	0.03315	0.52323	0.03825	0.12713	0.01276	0.00336	0.00515	0.01653	0.00636	0.00660
6	0.00975	0.00783	0.01139	0.01176	0.01261	0.00793	0.04642	0.01132	0.01367	0.01839	0.03636	0.61277	0.06600	0.02033	0.01030	0.00287	0.06988	0.01811	0.00612	0.00619
7	0.01075	0.00793	0.01035	0.01008	0.01054	0.00895	0.00699	0.01182	0.01080	0.01510	0.02005	0.03704	0.02147	0.42933	0.28674	0.00824	0.07546	0.00899	0.00403	0.00537
8	0.00852	0.00712	0.00743	0.00756	0.00974	0.00603	0.00559	0.01035	0.01619	0.01961	0.10114	0.13136	0.60844	0.01826	0.00848	0.00244	0.00364	0.01541	0.00667	0.00603
9	0.01017	0.00763	0.01144	0.01144	0.01272	0.00890	0.00890	0.01272	0.01144	0.01653	0.01907	0.02797	0.01780	0.05340	0.72153	0.01144	0.01907	0.00763	0.00381	0.00636
10	0.01718	0.01646	0.02810	0.11732	0.63520	0.01680	0.02163	0.02146	0.01600	0.02272	0.01332	0.01777	0.01109	0.00643	0.00706	0.00214	0.00857	0.00634	0.00349	0.01092
11	0.08313	0.01338	0.02151	0.56772	0.14255	0.01600	0.01902	0.01897	0.01434	0.02015	0.01252	0.01813	0.00960	0.00696	0.00687	0.00232	0.00899	0.00611	0.00333	0.00839
12	0.01237	0.00618	0.00928	0.00928	0.00928	0.00618	0.00618	0.00928	0.00928	0.01237	0.01237	0.02165	0.01237	0.02474	0.02783	0.79283	0.00618	0.00618	0.00309	0.00309
13	0.00908	0.00715	0.00820	0.00813	0.01008	0.00627	0.00602	0.01144	0.01752	0.02275	0.31293	0.12200	0.39896	0.01706	0.00847	0.00238	0.00356	0.01465	0.00709	0.00627
14	0.02216	0.01850	0.02143	0.03612	0.02284	0.07888	0.08531	0.31314	0.04014	0.05914	0.01566	0.01688	0.01166	0.00727	0.00671	0.00186	0.00796	0.00594	0.00561	0.22279
15	0.02334	0.01693	0.01921	0.01714	0.07502	0.01850	0.01279	0.35522	0.20903	0.09656	0.02138	0.02093	0.01553	0.00868	0.00702	0.00219	0.00685	0.00693	0.05527	0.01148
16	0.00987	0.00841	0.00864	0.00837	0.01098	0.00777	0.00634	0.01445	0.11597	0.02127	0.09816	0.06156	0.56957	0.01662	0.00824	0.00240	0.00389	0.01389	0.00677	0.00682
17	0.01021	0.00709	0.00891	0.00899	0.00940	0.00745	0.00582	0.01105	0.01085	0.01486	0.02227	0.07657	0.02452	0.50147	0.24269	0.00808	0.01045	0.01003	0.00428	0.00501
18	0.01772	0.07166	0.01754	0.01406	0.01816	0.01802	0.01116	0.06032	0.57424	0.02930	0.06748	0.02663	0.02313	0.00964	0.00710	0.00233	0.00574	0.00795	0.00695	0.01087
19	0.00926	0.00772	0.00814	0.00795	0.01033	0.00685	0.00599	0.01245	0.05860	0.02141	0.17245	0.06343	0.55652	0.01695	0.00834	0.00238	0.00369	0.01425	0.00685	0.00645

[dist]
# distance from previous block
# <min> <max>
3	6

[block]
# block no. 9 follows, 29 sequences, length 11
# corresponding to MSA columns:
# 251-261
name=unknown_J
#
# <colnr> <probs for GDERKNQSTAVLIFYWHMCP>
#	G	D	E	R	K	N	Q	S	T	A	V	L	I	F	Y	W	H	M	C	P
0	0.01854	0.10667	0.01810	0.01323	0.03590	0.01510	0.02724	0.19822	0.04177	0.07895	0.02095	0.04705	0.03657	0.14381	0.07294	0.00367	0.00783	0.00765	0.07143	0.03439
1	0.80005	0.01377	0.01047	0.00936	0.01377	0.01597	0.00771	0.02093	0.01212	0.03195	0.00991	0.01157	0.00771	0.00661	0.00441	0.00220	0.00551	0.00386	0.00441	0.00771
2	0.02594	0.01889	0.02044	0.01584	0.02110	0.02086	0.01297	0.63004	0.03162	0.04238	0.01673	0.01744	0.01213	0.00979	0.00871	0.06277	0.00771	0.00639	0.00681	0.01142
3	0.01032	0.00703	0.00842	0.00842	0.00864	0.00726	0.00513	0.01077	0.01055	0.01429	0.02184	0.04330	0.02446	0.62644	0.15760	0.00771	0.00906	0.00987	0.00423	0.00468
4	0.00896	0.00654	0.00806	0.00907	0.01010	0.00596	0.00627	0.01062	0.01485	0.01973	0.10446	0.49892	0.19311	0.02000	0.00868	0.00267	0.00391	0.01778	0.04435	0.00596
5	0.00863	0.00638	0.00808	0.00944	0.01020	0.00582	0.00640	0.00997	0.01409	0.01836	0.04507	0.62529	0.16315	0.02155	0.00897	0.00281	0.00404	0.01932	0.00661	0.00582
6	0.01650	0.01551	0.02521	0.28397	0.26985	0.01699	0.08347	0.05358	0.11774	0.02338	0.01574	0.01958	0.01220	0.00719	0.00724	0.00228	0.00872	0.00680	0.00413	0.00994
7	0.04833	0.10247	0.02216	0.08495	0.04510	0.09204	0.01381	0.34088	0.02377	0.03131	0.01459	0.01683	0.01135	0.01174	0.06564	0.00287	0.05090	0.00592	0.00522	0.01009
8	0.05153	0.02010	0.01765	0.08487	0.07836	0.25786	0.01277	0.13272	0.01970	0.02350	0.02296	0.10262	0.09578	0.01206	0.03414	0.00252	0.00920	0.00825	0.00490	0.00850
9	0.18354	0.04236	0.01895	0.03689	0.07558	0.12142	0.01247	0.26479	0.02236	0.07078	0.01676	0.01766	0.03898	0.00794	0.00635	0.00206	0.00781	0.00583	0.00548	0.04198
10	0.02057	0.06166	0.01908	0.01634	0.05029	0.21856	0.01237	0.15234	0.05734	0.04878	0.09131	0.02184	0.01853	0.01556	0.11322	0.00348	0.05783	0.00673	0.00513	0.00902

[dist]
# distance from previous block
# <min> <max>
0	9

[block]
# block no. 10 follows, 29 sequences, length 19
# corresponding to MSA columns:
# 271-289
name=unknown_K
#
# <colnr> <probs for GDERKNQSTAVLIFYWHMCP>
#	G	D	E	R	K	N	Q	S	T	A	V	L	I	F	Y	W	H	M	C	P
0	0.09457	0.01542	0.01940	0.27908	0.11378	0.06161	0.01526	0.14098	0.03748	0.04494	0.03650	0.03771	0.03351	0.03071	0.00781	0.00239	0.00814	0.00694	0.00471	0.00906
1	0.01707	0.01647	0.08790	0.09805	0.06690	0.01569	0.05064	0.07176	0.28651	0.06172	0.02621	0.03037	0.05795	0.00999	0.00754	0.00243	0.00722	0.06959	0.00590	0.01008
2	0.01604	0.01613	0.05274	0.28046	0.40576	0.01657	0.02062	0.02164	0.05924	0.02189	0.01412	0.01857	0.01124	0.00685	0.00708	0.00223	0.00872	0.00641	0.00362	0.01008
3	0.02077	0.01480	0.01656	0.04074	0.01918	0.01599	0.01123	0.26893	0.20636	0.11163	0.02997	0.08789	0.10203	0.01113	0.00748	0.00232	0.00627	0.00915	0.00710	0.01045
4	0.03195	0.01212	0.01652	0.01267	0.01818	0.01047	0.01047	0.03470	0.02038	0.71026	0.02809	0.02424	0.01763	0.00881	0.00716	0.00220	0.00606	0.00716	0.00881	0.01212
5	0.01736	0.01665	0.02843	0.08719	0.66391	0.01685	0.02172	0.02162	0.01609	0.02294	0.01335	0.01771	0.01117	0.00639	0.00705	0.00213	0.00852	0.00634	0.00350	0.01107
6	0.01017	0.00763	0.01144	0.01144	0.01272	0.00890	0.00890	0.01272	0.01144	0.01653	0.01907	0.02797	0.01780	0.05340	0.72153	0.01144	0.01907	0.00763	0.00381	0.00636
7	0.02707	0.01995	0.02137	0.01638	0.02208	0.02208	0.01353	0.68159	0.03348	0.04488	0.01710	0.01710	0.01211	0.00855	0.00712	0.00214	0.00784	0.00641	0.00712	0.01211
8	0.00853	0.00722	0.00737	0.00733	0.00969	0.00606	0.00550	0.01044	0.01650	0.01986	0.11461	0.06749	0.65958	0.01780	0.00841	0.00239	0.00359	0.01488	0.00670	0.00606
9	0.03173	0.01247	0.01674	0.01284	0.01835	0.01099	0.01060	0.06403	0.02097	0.68010	0.02759	0.02391	0.01738	0.00880	0.00716	0.00220	0.00614	0.00713	0.00874	0.01212
10	0.00889	0.00629	0.00820	0.00963	0.00999	0.00593	0.00631	0.00997	0.01321	0.01761	0.03706	0.65410	0.04433	0.11708	0.01263	0.00341	0.00449	0.01895	0.00631	0.00559
11	0.01685	0.01910	0.04139	0.03067	0.06935	0.01795	0.64784	0.02276	0.01678	0.02283	0.01436	0.01913	0.01083	0.00602	0.00834	0.00239	0.01183	0.00830	0.00360	0.00968
12	0.01169	0.00945	0.01329	0.01234	0.01393	0.03506	0.05187	0.01420	0.01229	0.01761	0.01886	0.02824	0.01762	0.11628	0.48699	0.00884	0.04204	0.00772	0.07520	0.00650
13	0.00868	0.00620	0.00826	0.00991	0.01033	0.00578	0.00661	0.00991	0.01363	0.01818	0.03925	0.74510	0.04710	0.02231	0.00909	0.00289	0.00413	0.02024	0.00661	0.00578
14	0.01069	0.00796	0.00955	0.00911	0.01079	0.00772	0.00662	0.03817	0.04209	0.02371	0.34531	0.07498	0.17083	0.14660	0.06134	0.00373	0.00537	0.01232	0.00663	0.00648
15	0.01062	0.00683	0.00897	0.00982	0.01056	0.00656	0.00662	0.01184	0.01327	0.06200	0.03369	0.50784	0.03877	0.15990	0.07381	0.00431	0.00603	0.01649	0.00609	0.00597
16	0.01456	0.07881	0.67332	0.01982	0.03008	0.01722	0.02548	0.02248	0.01500	0.02221	0.01261	0.01482	0.00903	0.00673	0.00664	0.00221	0.01035	0.00518	0.00301	0.01044
17	0.45512	0.04560	0.14299	0.06325	0.04620	0.01649	0.06579	0.02179	0.01372	0.05478	0.01182	0.01402	0.00889	0.00668	0.00554	0.00221	0.00741	0.00486	0.00410	0.00874
18	0.01014	0.00827	0.00877	0.00857	0.01105	0.00753	0.00657	0.05482	0.03698	0.02160	0.08663	0.10368	0.53904	0.01739	0.00842	0.00246	0.00413	0.05065	0.00671	0.00660

[dist]
# distance from previous block
# <min> <max>
0	49

# created by:
# /st0/software/busco_prod/Augustus/scripts/msa2prfl.pl ./align_prep/133219.fa
