[name]
unknown

[dist]
# distance from previous block
# <min> <max>
0	155

[block]
# block no. 0 follows, 29 sequences, length 30
# corresponding to MSA columns:
# 155-184
name=unknown_A
#
# <colnr> <probs for GDERKNQSTAVLIFYWHMCP>
#	G	D	E	R	K	N	Q	S	T	A	V	L	I	F	Y	W	H	M	C	P
0	0.06003	0.06887	0.07428	0.01647	0.02174	0.01702	0.11082	0.18311	0.08566	0.05508	0.01710	0.02090	0.01365	0.01097	0.03951	0.04420	0.03401	0.03410	0.00514	0.08734
1	0.02282	0.05162	0.07590	0.01866	0.09885	0.08002	0.01445	0.30667	0.05707	0.07682	0.01620	0.01700	0.01201	0.00758	0.00668	0.00196	0.00798	0.00588	0.00564	0.11620
2	0.05131	0.01866	0.09049	0.04278	0.02279	0.01816	0.05186	0.24516	0.11422	0.07691	0.01702	0.01822	0.01265	0.00844	0.00895	0.00223	0.10005	0.00634	0.00559	0.08818
3	0.02087	0.07624	0.06599	0.01497	0.02010	0.01767	0.04724	0.25864	0.14857	0.08287	0.01958	0.02250	0.01547	0.10102	0.01053	0.00270	0.00740	0.00697	0.00598	0.05469
4	0.05260	0.01746	0.02242	0.01731	0.02273	0.01848	0.12449	0.35385	0.11992	0.06415	0.01942	0.05709	0.01506	0.00875	0.00725	0.00220	0.00772	0.00751	0.00632	0.05525
5	0.09265	0.01698	0.01870	0.01488	0.01942	0.05428	0.03980	0.32442	0.02280	0.03223	0.01548	0.05228	0.01279	0.00979	0.00938	0.05697	0.06325	0.00648	0.00548	0.13194
6	0.02018	0.12066	0.05456	0.04363	0.02331	0.07346	0.12507	0.09453	0.04111	0.11860	0.05961	0.01961	0.01520	0.00835	0.00907	0.00218	0.10564	0.00662	0.00496	0.05368
7	0.01551	0.16486	0.11022	0.01926	0.02497	0.05390	0.26491	0.01972	0.01594	0.02053	0.05076	0.08063	0.08376	0.03381	0.00833	0.00236	0.00902	0.00875	0.00416	0.00860
8	0.01205	0.01084	0.01644	0.04144	0.01760	0.01183	0.09354	0.01535	0.05204	0.01942	0.02891	0.32526	0.07702	0.01765	0.04892	0.00316	0.14904	0.01308	0.00521	0.04119
9	0.07948	0.02120	0.12891	0.05562	0.06539	0.12498	0.12385	0.05947	0.01697	0.05910	0.01638	0.02429	0.01406	0.00915	0.00906	0.00242	0.08855	0.08766	0.00435	0.00910
10	0.01985	0.11434	0.05512	0.08265	0.16017	0.21172	0.08160	0.05660	0.08157	0.02188	0.01596	0.01824	0.03462	0.00745	0.00676	0.00206	0.00962	0.00616	0.00409	0.00956
11	0.01237	0.00618	0.00928	0.00928	0.00928	0.00618	0.00618	0.00928	0.00928	0.01237	0.01237	0.02165	0.01237	0.02474	0.02783	0.79283	0.00618	0.00618	0.00309	0.00309
12	0.01280	0.00938	0.01165	0.01311	0.09189	0.00872	0.00856	0.01649	0.07536	0.09265	0.05130	0.17085	0.37854	0.01572	0.00814	0.00243	0.00469	0.01349	0.00654	0.00768
13	0.01613	0.02634	0.37899	0.11096	0.08337	0.01642	0.07834	0.02479	0.11002	0.06199	0.01608	0.01822	0.01167	0.00723	0.00706	0.00229	0.00943	0.00625	0.00404	0.01037
14	0.01459	0.01443	0.14436	0.01162	0.01609	0.00998	0.01102	0.01980	0.08123	0.13606	0.16817	0.04422	0.27404	0.01293	0.00778	0.00231	0.00547	0.01081	0.00658	0.00850
15	0.01681	0.01921	0.04202	0.03001	0.03721	0.01801	0.67947	0.02281	0.01681	0.02281	0.01441	0.01921	0.01080	0.00600	0.00840	0.00240	0.01200	0.00840	0.00360	0.00960
16	0.01920	0.59925	0.03338	0.04778	0.01992	0.07497	0.01256	0.04943	0.01552	0.01806	0.01087	0.01295	0.00971	0.00867	0.04038	0.00210	0.00865	0.00428	0.00331	0.00901
17	0.01796	0.01685	0.08586	0.05387	0.05055	0.01591	0.04426	0.24254	0.12861	0.02996	0.02699	0.09731	0.09177	0.02951	0.00832	0.00248	0.00718	0.03429	0.00602	0.00978
18	0.00868	0.00620	0.00826	0.00991	0.01033	0.00578	0.00661	0.00991	0.01363	0.01818	0.03925	0.74510	0.04710	0.02231	0.00909	0.00289	0.00413	0.02024	0.00661	0.00578
19	0.01679	0.01720	0.06094	0.15285	0.56749	0.01672	0.02174	0.02130	0.01584	0.02242	0.01325	0.01772	0.01088	0.00649	0.00705	0.00216	0.00873	0.00629	0.00344	0.01070
20	0.07027	0.04190	0.09978	0.18859	0.32754	0.01666	0.07474	0.02092	0.01529	0.02240	0.01286	0.01702	0.01025	0.00649	0.00680	0.00215	0.00882	0.00604	0.00347	0.04800
21	0.01622	0.01578	0.02771	0.26094	0.43612	0.01667	0.08132	0.02078	0.01564	0.02161	0.01325	0.01820	0.01067	0.00656	0.00720	0.00222	0.00911	0.00653	0.00342	0.01006
22	0.00878	0.00628	0.00836	0.00984	0.01035	0.00586	0.00662	0.01019	0.01414	0.01899	0.09091	0.69113	0.04866	0.02170	0.00903	0.00284	0.00407	0.01967	0.00671	0.00586
23	0.00866	0.00722	0.00755	0.00747	0.00977	0.00611	0.00560	0.01069	0.01680	0.02060	0.16393	0.06629	0.60980	0.01753	0.00841	0.00238	0.00357	0.01471	0.00679	0.00611
24	0.01844	0.01498	0.05549	0.01610	0.07101	0.01491	0.01216	0.03156	0.41053	0.12971	0.02912	0.09955	0.04338	0.01067	0.00742	0.00240	0.00598	0.00909	0.00687	0.01063
25	0.01393	0.02975	0.51609	0.06042	0.05226	0.01563	0.04528	0.02088	0.01484	0.02187	0.04029	0.01818	0.01227	0.01148	0.07283	0.00313	0.03179	0.00601	0.00332	0.00976
26	0.01904	0.75404	0.03731	0.01218	0.01828	0.02818	0.01218	0.02132	0.01447	0.01675	0.00990	0.01142	0.00914	0.00609	0.00457	0.00152	0.00761	0.00381	0.00305	0.00914
27	0.01913	0.59382	0.03275	0.03773	0.01899	0.05172	0.01204	0.06670	0.01583	0.01898	0.01150	0.01412	0.01037	0.03799	0.00626	0.00184	0.00772	0.00448	0.02905	0.00898
28	0.01027	0.00693	0.00803	0.00807	0.00822	0.00694	0.00472	0.01059	0.01102	0.01483	0.05653	0.07377	0.02842	0.65446	0.06347	0.00671	0.00715	0.01075	0.00456	0.00458
29	0.01889	0.05575	0.04689	0.01762	0.10521	0.04122	0.01290	0.10933	0.25271	0.05104	0.01929	0.01960	0.01477	0.00763	0.00654	0.00193	0.00674	0.00622	0.00557	0.20013

[dist]
# distance from previous block
# <min> <max>
2	25

[block]
# block no. 1 follows, 29 sequences, length 32
# corresponding to MSA columns:
# 210-241
name=unknown_B
#
# <colnr> <probs for GDERKNQSTAVLIFYWHMCP>
#	G	D	E	R	K	N	Q	S	T	A	V	L	I	F	Y	W	H	M	C	P
0	0.14656	0.02000	0.18126	0.01689	0.04848	0.01648	0.06498	0.16563	0.01883	0.02947	0.06765	0.01952	0.01519	0.00831	0.00796	0.00224	0.07018	0.00638	0.08456	0.00944
1	0.01565	0.06038	0.37627	0.01920	0.02690	0.01560	0.13884	0.02167	0.01595	0.07645	0.05276	0.02331	0.07915	0.00844	0.00788	0.00229	0.03815	0.00725	0.00416	0.00970
2	0.01382	0.04763	0.09230	0.03738	0.01793	0.01087	0.06009	0.01828	0.05663	0.08798	0.15140	0.15966	0.11996	0.01387	0.00808	0.00247	0.00610	0.08135	0.00616	0.00803
3	0.00868	0.00620	0.00826	0.00991	0.01033	0.00578	0.00661	0.00991	0.01363	0.01818	0.03925	0.74510	0.04710	0.02231	0.00909	0.00289	0.00413	0.02024	0.00661	0.00578
4	0.01700	0.01657	0.02687	0.19959	0.53120	0.04218	0.02109	0.02126	0.01591	0.02190	0.01314	0.01776	0.01080	0.00656	0.00704	0.00216	0.00885	0.00628	0.00345	0.01040
5	0.01030	0.00759	0.01124	0.01124	0.01253	0.00880	0.00873	0.01288	0.01159	0.01696	0.01925	0.02791	0.01782	0.05148	0.69096	0.01103	0.01840	0.00759	0.03733	0.00637
6	0.00996	0.00727	0.00935	0.00883	0.01056	0.00667	0.00662	0.01321	0.01987	0.02789	0.65644	0.05429	0.11274	0.01481	0.00840	0.00225	0.00338	0.01303	0.00775	0.00667
7	0.80005	0.01377	0.01047	0.00936	0.01377	0.01597	0.00771	0.02093	0.01212	0.03195	0.00991	0.01157	0.00771	0.00661	0.00441	0.00220	0.00551	0.00386	0.00441	0.00771
8	0.80005	0.01377	0.01047	0.00936	0.01377	0.01597	0.00771	0.02093	0.01212	0.03195	0.00991	0.01157	0.00771	0.00661	0.00441	0.00220	0.00551	0.00386	0.00441	0.00771
9	0.01126	0.00749	0.00974	0.00904	0.01091	0.00690	0.00683	0.01459	0.01996	0.06124	0.64172	0.05072	0.06282	0.01403	0.00820	0.00221	0.00349	0.01235	0.03954	0.00697
10	0.01904	0.75404	0.03731	0.01218	0.01828	0.02818	0.01218	0.02132	0.01447	0.01675	0.00990	0.01142	0.00914	0.00609	0.00457	0.00152	0.00761	0.00381	0.00305	0.00914
11	0.00948	0.00725	0.00882	0.00933	0.01105	0.00659	0.00719	0.01185	0.01670	0.02164	0.20519	0.19031	0.29875	0.01834	0.00883	0.00264	0.00426	0.14865	0.00689	0.00625
12	0.02707	0.01995	0.02137	0.01638	0.02208	0.02208	0.01353	0.68159	0.03348	0.04488	0.01710	0.01710	0.01211	0.00855	0.00712	0.00214	0.00784	0.00641	0.00712	0.01211
13	0.01054	0.00696	0.00804	0.00802	0.00831	0.00704	0.00482	0.01112	0.01115	0.01552	0.04791	0.04388	0.02624	0.61164	0.08778	0.00671	0.00748	0.00996	0.06214	0.00474
14	0.02434	0.01719	0.01876	0.01483	0.01969	0.01871	0.01206	0.53157	0.02965	0.07252	0.04694	0.07834	0.01775	0.00990	0.00721	0.00218	0.00701	0.00784	0.05246	0.01107
15	0.01762	0.01692	0.02890	0.04371	0.70533	0.01692	0.02185	0.02185	0.01621	0.02326	0.01339	0.01762	0.01128	0.00634	0.00705	0.00211	0.00846	0.00634	0.00352	0.01128
16	0.01616	0.23899	0.37933	0.01786	0.02550	0.04386	0.05164	0.02163	0.01493	0.02044	0.03397	0.01541	0.01106	0.00731	0.00772	0.00211	0.07389	0.00530	0.00324	0.00964
17	0.01911	0.67083	0.08172	0.01293	0.01930	0.02710	0.01319	0.05311	0.01542	0.01849	0.01044	0.01194	0.00927	0.00625	0.00484	0.00160	0.00782	0.00403	0.00324	0.00937
18	0.02018	0.01660	0.02001	0.01487	0.02093	0.04851	0.08055	0.22558	0.02131	0.06215	0.01487	0.01631	0.01133	0.00663	0.00632	0.00162	0.00717	0.00549	0.00525	0.39434
19	0.02664	0.01973	0.02113	0.01630	0.02192	0.02188	0.01343	0.65244	0.06332	0.04419	0.01763	0.01752	0.01255	0.00860	0.00713	0.00215	0.00774	0.00649	0.00713	0.01207
20	0.01017	0.00801	0.01034	0.01166	0.05985	0.00738	0.00821	0.01285	0.01724	0.02267	0.25166	0.12191	0.27749	0.01683	0.00864	0.00254	0.00447	0.13464	0.00676	0.00668
21	0.03195	0.01212	0.01652	0.01267	0.01818	0.01047	0.01047	0.03470	0.02038	0.71026	0.02809	0.02424	0.01763	0.00881	0.00716	0.00220	0.00606	0.00716	0.00881	0.01212
22	0.01327	0.00664	0.00664	0.00664	0.00830	0.00664	0.00498	0.01659	0.01493	0.02655	0.02323	0.02655	0.01825	0.00830	0.00498	0.00166	0.00332	0.00664	0.78928	0.00664
23	0.57589	0.01329	0.01223	0.01033	0.01506	0.01437	0.00852	0.02495	0.01453	0.22991	0.01522	0.01526	0.01061	0.00725	0.00521	0.00220	0.00567	0.00482	0.00569	0.00900
24	0.01774	0.01320	0.01400	0.01247	0.01608	0.01472	0.00973	0.07923	0.43142	0.06203	0.02810	0.02710	0.04182	0.00949	0.00674	0.00221	0.00521	0.00778	0.19084	0.01012
25	0.00865	0.00628	0.00818	0.00970	0.01027	0.00580	0.00652	0.00994	0.01384	0.01826	0.04185	0.69159	0.09893	0.02197	0.00904	0.00285	0.00409	0.01983	0.00661	0.00580
26	0.01008	0.00728	0.00952	0.00896	0.01064	0.00672	0.00672	0.01344	0.02016	0.02855	0.70158	0.05319	0.06719	0.01456	0.00840	0.00224	0.00336	0.01288	0.00784	0.00672
27	0.01008	0.00728	0.00952	0.00896	0.01064	0.00672	0.00672	0.01344	0.02016	0.02855	0.70158	0.05319	0.06719	0.01456	0.00840	0.00224	0.00336	0.01288	0.00784	0.00672
28	0.00881	0.00629	0.00841	0.01007	0.01054	0.00590	0.00684	0.01014	0.01376	0.01832	0.03917	0.71379	0.04681	0.02218	0.00912	0.00291	0.00425	0.05025	0.00661	0.00582
29	0.01811	0.61393	0.16929	0.01377	0.02073	0.02590	0.01494	0.02156	0.01458	0.01789	0.01046	0.01213	0.00911	0.00622	0.00500	0.00167	0.00818	0.00409	0.00304	0.00941
30	0.00917	0.00651	0.00801	0.00900	0.00948	0.00615	0.00579	0.01008	0.01287	0.01693	0.03716	0.46760	0.10177	0.24513	0.01736	0.00408	0.00493	0.01672	0.00591	0.00535
31	0.04857	0.01645	0.02353	0.04804	0.06687	0.06784	0.16861	0.04279	0.04804	0.05495	0.01530	0.04434	0.01296	0.03320	0.01050	0.00233	0.12217	0.00692	0.00433	0.16225

[dist]
# distance from previous block
# <min> <max>
0	1

[block]
# block no. 2 follows, 29 sequences, length 22
# corresponding to MSA columns:
# 243-264
name=unknown_C
#
# <colnr> <probs for GDERKNQSTAVLIFYWHMCP>
#	G	D	E	R	K	N	Q	S	T	A	V	L	I	F	Y	W	H	M	C	P
0	0.02090	0.05644	0.01855	0.01482	0.01939	0.04512	0.01186	0.17595	0.45260	0.06793	0.02466	0.02307	0.01829	0.00910	0.00704	0.00227	0.00651	0.00729	0.00694	0.01127
1	0.05253	0.00830	0.01086	0.01133	0.01243	0.00852	0.02683	0.05034	0.01465	0.02054	0.03402	0.60220	0.03982	0.01966	0.00950	0.00281	0.04552	0.01744	0.00624	0.00648
2	0.01591	0.04211	0.12255	0.20371	0.19406	0.01734	0.25764	0.02137	0.01573	0.02156	0.01339	0.01799	0.01031	0.00646	0.00744	0.00228	0.01023	0.00686	0.00338	0.00969
3	0.01037	0.00763	0.00955	0.00917	0.01093	0.00712	0.00682	0.03900	0.01936	0.02673	0.51255	0.14448	0.13802	0.01575	0.00844	0.00234	0.00367	0.01385	0.00750	0.00672
4	0.01013	0.00848	0.04065	0.00956	0.01150	0.00706	0.00758	0.01349	0.01928	0.02725	0.60497	0.12044	0.06260	0.01498	0.00839	0.00231	0.00375	0.01327	0.00750	0.00679
5	0.01092	0.00873	0.01288	0.01245	0.01354	0.01069	0.00983	0.01333	0.01137	0.01661	0.01772	0.02625	0.01663	0.04772	0.62467	0.01029	0.11864	0.00744	0.00372	0.00656
6	0.01617	0.07007	0.31433	0.02276	0.03005	0.05082	0.24319	0.02204	0.01523	0.02127	0.01257	0.01620	0.00968	0.00733	0.00960	0.00237	0.11708	0.00634	0.00326	0.00963
7	0.01785	0.58101	0.16139	0.01340	0.02008	0.02487	0.01443	0.02130	0.01460	0.01835	0.01114	0.01290	0.00960	0.00633	0.00500	0.00167	0.00793	0.00423	0.04467	0.00926
8	0.01556	0.01148	0.01343	0.01184	0.01375	0.01273	0.00873	0.21053	0.01767	0.02401	0.02063	0.08470	0.02096	0.31888	0.12467	0.00557	0.06321	0.00921	0.00516	0.00730
9	0.02698	0.01654	0.01886	0.01480	0.02009	0.01744	0.01210	0.38845	0.09894	0.25016	0.02254	0.04475	0.01603	0.00921	0.00721	0.00221	0.00692	0.00728	0.00765	0.01181
10	0.00951	0.00697	0.00857	0.00884	0.01022	0.00656	0.00635	0.01162	0.01561	0.02116	0.21883	0.22865	0.20802	0.07123	0.08976	0.00376	0.00561	0.01420	0.04843	0.00610
11	0.01033	0.00714	0.00930	0.00925	0.01075	0.00656	0.00675	0.01304	0.01826	0.04701	0.47680	0.23531	0.08947	0.01658	0.00854	0.00242	0.00366	0.01474	0.00749	0.00661
12	0.01590	0.01509	0.04700	0.35381	0.07005	0.01649	0.01638	0.06050	0.23602	0.02413	0.01825	0.02088	0.01375	0.00786	0.00704	0.00228	0.00789	0.00673	0.00478	0.05519
13	0.00878	0.00636	0.00830	0.00965	0.01031	0.00588	0.00654	0.01023	0.01436	0.01912	0.09719	0.64073	0.09352	0.02136	0.00898	0.00280	0.00403	0.01927	0.00671	0.00588
14	0.01795	0.20322	0.11538	0.06288	0.02619	0.03941	0.15902	0.05777	0.01562	0.04643	0.01237	0.01580	0.01003	0.00797	0.01047	0.00229	0.17829	0.00598	0.00364	0.00927
15	0.01046	0.00820	0.01080	0.09853	0.01548	0.00809	0.00826	0.01427	0.04105	0.02568	0.48389	0.05075	0.16952	0.01408	0.00820	0.00229	0.00424	0.01228	0.00703	0.00689
16	0.01690	0.01259	0.01498	0.01081	0.01704	0.00961	0.00869	0.02001	0.01546	0.10836	0.01457	0.01594	0.01142	0.00571	0.00551	0.00120	0.00537	0.00458	0.00479	0.69646
17	0.01019	0.00754	0.01099	0.01099	0.01210	0.00865	0.00833	0.01242	0.01131	0.01619	0.01949	0.03028	0.01880	0.13971	0.63660	0.01088	0.01756	0.00797	0.00388	0.00610
18	0.00977	0.00717	0.00915	0.00885	0.01050	0.00656	0.00656	0.01276	0.01913	0.02658	0.57137	0.11764	0.13616	0.01565	0.00846	0.00232	0.00346	0.01379	0.00759	0.00656
19	0.01637	0.01178	0.01420	0.01076	0.01624	0.00917	0.00849	0.01924	0.01540	0.11709	0.01808	0.10659	0.01605	0.00787	0.00601	0.00144	0.00524	0.00661	0.00515	0.58822
20	0.66989	0.01481	0.01230	0.01055	0.01517	0.01700	0.00869	0.13217	0.01572	0.03412	0.01112	0.01250	0.00845	0.00694	0.00486	0.00219	0.00590	0.00429	0.00486	0.00845
21	0.01032	0.00695	0.00798	0.00791	0.00812	0.00688	0.00461	0.01074	0.01157	0.01563	0.10661	0.04741	0.03101	0.65863	0.03279	0.00633	0.00646	0.01067	0.00475	0.00461

[dist]
# distance from previous block
# <min> <max>
0	2

[block]
# block no. 3 follows, 29 sequences, length 16
# corresponding to MSA columns:
# 267-282
name=unknown_D
#
# <colnr> <probs for GDERKNQSTAVLIFYWHMCP>
#	G	D	E	R	K	N	Q	S	T	A	V	L	I	F	Y	W	H	M	C	P
0	0.01086	0.00762	0.00870	0.00822	0.00906	0.00719	0.00495	0.01132	0.01107	0.01521	0.02187	0.07169	0.02478	0.62254	0.03108	0.00598	0.00658	0.00997	0.00440	0.10693
1	0.01342	0.01187	0.01944	0.63826	0.04375	0.01463	0.01785	0.01799	0.01433	0.01928	0.01403	0.01997	0.01063	0.00727	0.00684	0.00228	0.00869	0.00637	0.10535	0.00774
2	0.01461	0.03454	0.62566	0.02156	0.03165	0.01673	0.11121	0.02258	0.01526	0.02258	0.01299	0.01558	0.00925	0.00667	0.00698	0.00227	0.01072	0.00567	0.00308	0.01040
3	0.03195	0.01212	0.01652	0.01267	0.01818	0.01047	0.01047	0.03470	0.02038	0.71026	0.02809	0.02424	0.01763	0.00881	0.00716	0.00220	0.00606	0.00716	0.00881	0.01212
4	0.01575	0.01263	0.01487	0.01067	0.01695	0.00955	0.00855	0.01889	0.01509	0.06269	0.01354	0.01531	0.01095	0.00548	0.00538	0.00112	0.00532	0.00439	0.00448	0.74838
5	0.00976	0.00727	0.00908	0.00863	0.01044	0.00658	0.00647	0.01283	0.01941	0.02679	0.58247	0.05609	0.18739	0.01522	0.00840	0.00227	0.00341	0.01328	0.00761	0.00658
6	0.00878	0.00629	0.00818	0.00964	0.01012	0.00587	0.00640	0.00996	0.01353	0.01793	0.03964	0.66573	0.07633	0.07179	0.01091	0.00314	0.00430	0.01932	0.00645	0.00569
7	0.00924	0.00702	0.01030	0.01101	0.01190	0.00656	0.04553	0.01090	0.01427	0.01916	0.08356	0.65533	0.04638	0.02083	0.00900	0.00282	0.00453	0.01905	0.00652	0.00607
8	0.11862	0.07360	0.20052	0.02357	0.10256	0.01848	0.22300	0.05301	0.01582	0.02413	0.01269	0.01605	0.00983	0.00698	0.00826	0.00229	0.07104	0.00621	0.00364	0.00970
9	0.00862	0.00641	0.00804	0.00934	0.01018	0.00583	0.00636	0.00998	0.01418	0.01840	0.04620	0.60196	0.18575	0.02140	0.00895	0.00279	0.00402	0.01914	0.00661	0.00583
10	0.00868	0.00620	0.00826	0.00991	0.01033	0.00578	0.00661	0.00991	0.01363	0.01818	0.03925	0.74510	0.04710	0.02231	0.00909	0.00289	0.00413	0.02024	0.00661	0.00578
11	0.01637	0.16498	0.44011	0.02018	0.02909	0.01868	0.13801	0.02289	0.01547	0.05116	0.01319	0.01550	0.00973	0.00659	0.00667	0.00214	0.01006	0.00563	0.00337	0.01017
12	0.01778	0.01745	0.02800	0.08692	0.63067	0.05020	0.02134	0.02193	0.01627	0.02266	0.01323	0.01748	0.01106	0.00644	0.00702	0.00212	0.00873	0.00626	0.00351	0.01092
13	0.01119	0.00800	0.01110	0.01245	0.01405	0.00791	0.01067	0.01440	0.01678	0.02213	0.12406	0.10224	0.04462	0.01911	0.00962	0.00313	0.00605	0.54924	0.00673	0.00655
14	0.01679	0.01628	0.02840	0.17057	0.53796	0.01679	0.06638	0.02124	0.01589	0.02229	0.01333	0.01798	0.01092	0.00646	0.00715	0.00218	0.00889	0.00648	0.00346	0.01054
15	0.02185	0.14241	0.02494	0.11314	0.16982	0.19820	0.01574	0.13694	0.03737	0.05407	0.01380	0.01599	0.01086	0.00723	0.00651	0.00199	0.00928	0.00557	0.00438	0.00991

[dist]
# distance from previous block
# <min> <max>
0	1

[block]
# block no. 4 follows, 29 sequences, length 21
# corresponding to MSA columns:
# 284-304
name=unknown_E
#
# <colnr> <probs for GDERKNQSTAVLIFYWHMCP>
#	G	D	E	R	K	N	Q	S	T	A	V	L	I	F	Y	W	H	M	C	P
0	0.06406	0.17707	0.04440	0.06711	0.02213	0.19515	0.01327	0.18067	0.09312	0.02646	0.01473	0.01599	0.01150	0.00757	0.00618	0.00197	0.00870	0.00541	0.03485	0.00963
1	0.02692	0.08965	0.02083	0.01672	0.07672	0.11027	0.01262	0.09034	0.04322	0.36829	0.02076	0.01983	0.01430	0.00834	0.00768	0.00213	0.04749	0.00633	0.00659	0.01097
2	0.01961	0.02087	0.02048	0.01945	0.07592	0.23349	0.01444	0.07319	0.03833	0.02070	0.01375	0.05114	0.01278	0.01039	0.01332	0.00246	0.29229	0.02505	0.00407	0.03826
3	0.01521	0.07335	0.01628	0.01098	0.01638	0.01163	0.00892	0.04842	0.01541	0.02330	0.01495	0.06642	0.01343	0.00710	0.00618	0.00138	0.03079	0.00561	0.04642	0.56785
4	0.01111	0.00798	0.00931	0.00904	0.00960	0.00834	0.00583	0.04201	0.01224	0.01634	0.02670	0.09739	0.08128	0.52749	0.06263	0.00602	0.04581	0.01096	0.00472	0.00521
5	0.01043	0.00755	0.01105	0.01105	0.01235	0.00871	0.00858	0.01303	0.01173	0.01735	0.01942	0.02786	0.01784	0.04969	0.66255	0.01064	0.01778	0.00755	0.06847	0.00638
6	0.01477	0.01266	0.01477	0.01055	0.01687	0.00949	0.00844	0.01793	0.01477	0.02320	0.01266	0.01477	0.01055	0.00527	0.00527	0.00105	0.00527	0.00422	0.00422	0.79328
7	0.01681	0.01921	0.04202	0.03001	0.03721	0.01801	0.67947	0.02281	0.01681	0.02281	0.01441	0.01921	0.01080	0.00600	0.00840	0.00240	0.01200	0.00840	0.00360	0.00960
8	0.00906	0.00649	0.00861	0.00965	0.01041	0.00604	0.00664	0.01088	0.01542	0.02102	0.22038	0.55588	0.05259	0.02019	0.00890	0.00271	0.00392	0.01823	0.00695	0.00604
9	0.00873	0.00634	0.00824	0.00964	0.01029	0.00585	0.00652	0.01013	0.01419	0.01882	0.07713	0.65266	0.10211	0.02154	0.00900	0.00282	0.00405	0.01942	0.00668	0.00585
10	0.01134	0.00810	0.01132	0.01296	0.01454	0.00808	0.01124	0.01452	0.01626	0.02116	0.03778	0.11235	0.04127	0.01980	0.00980	0.00326	0.00644	0.62671	0.00656	0.00652
11	0.00999	0.00728	0.00939	0.00886	0.01058	0.00668	0.00665	0.01326	0.01994	0.02805	0.66759	0.05402	0.10148	0.01474	0.00840	0.00225	0.00337	0.01299	0.00777	0.00668
12	0.01904	0.75404	0.03731	0.01218	0.01828	0.02818	0.01218	0.02132	0.01447	0.01675	0.00990	0.01142	0.00914	0.00609	0.00457	0.00152	0.00761	0.00381	0.00305	0.00914
13	0.80005	0.01377	0.01047	0.00936	0.01377	0.01597	0.00771	0.02093	0.01212	0.03195	0.00991	0.01157	0.00771	0.00661	0.00441	0.00220	0.00551	0.00386	0.00441	0.00771
14	0.02660	0.03394	0.02018	0.01834	0.02201	0.72116	0.01376	0.02843	0.02018	0.01743	0.01101	0.01284	0.00917	0.00734	0.00642	0.00183	0.01284	0.00459	0.00367	0.00825
15	0.80005	0.01377	0.01047	0.00936	0.01377	0.01597	0.00771	0.02093	0.01212	0.03195	0.00991	0.01157	0.00771	0.00661	0.00441	0.00220	0.00551	0.00386	0.00441	0.00771
16	0.00901	0.00715	0.00814	0.00864	0.01031	0.00643	0.00619	0.01143	0.04124	0.02006	0.11343	0.31532	0.37917	0.01899	0.00862	0.00257	0.00386	0.01650	0.00674	0.00619
17	0.00868	0.00620	0.00826	0.00991	0.01033	0.00578	0.00661	0.00991	0.01363	0.01818	0.03925	0.74510	0.04710	0.02231	0.00909	0.00289	0.00413	0.02024	0.00661	0.00578
18	0.01558	0.01558	0.02181	0.01869	0.01869	0.02181	0.01558	0.01714	0.01091	0.01714	0.00935	0.01558	0.00935	0.01246	0.02337	0.00312	0.73672	0.00623	0.00312	0.00779
19	0.01477	0.01266	0.01477	0.01055	0.01687	0.00949	0.00844	0.01793	0.01477	0.02320	0.01266	0.01477	0.01055	0.00527	0.00527	0.00105	0.00527	0.00422	0.00422	0.79328
20	0.01373	0.01428	0.05592	0.64805	0.04732	0.01601	0.06752	0.01873	0.01446	0.01873	0.01279	0.01881	0.00956	0.00702	0.00719	0.00237	0.00972	0.00643	0.00319	0.00816

[dist]
# distance from previous block
# <min> <max>
1	16

[block]
# block no. 5 follows, 29 sequences, length 40
# corresponding to MSA columns:
# 321-360
name=unknown_F
#
# <colnr> <probs for GDERKNQSTAVLIFYWHMCP>
#	G	D	E	R	K	N	Q	S	T	A	V	L	I	F	Y	W	H	M	C	P
0	0.01036	0.00690	0.00777	0.00777	0.00777	0.00690	0.00431	0.01036	0.01036	0.01381	0.02244	0.04660	0.02589	0.74975	0.03624	0.00690	0.00690	0.01036	0.00431	0.00431
1	0.80005	0.01377	0.01047	0.00936	0.01377	0.01597	0.00771	0.02093	0.01212	0.03195	0.00991	0.01157	0.00771	0.00661	0.00441	0.00220	0.00551	0.00386	0.00441	0.00771
2	0.00955	0.00684	0.00894	0.01033	0.01102	0.00655	0.00713	0.03677	0.01456	0.01939	0.03829	0.68273	0.04540	0.02163	0.00905	0.00288	0.00440	0.05183	0.00663	0.00607
3	0.03195	0.01212	0.01652	0.01267	0.01818	0.01047	0.01047	0.03470	0.02038	0.71026	0.02809	0.02424	0.01763	0.00881	0.00716	0.00220	0.00606	0.00716	0.00881	0.01212
4	0.01581	0.00908	0.00934	0.00843	0.01083	0.00947	0.00655	0.13871	0.01834	0.02991	0.02210	0.02481	0.01712	0.00834	0.00537	0.00175	0.00415	0.00660	0.64565	0.00764
5	0.01558	0.01558	0.02181	0.01869	0.01869	0.02181	0.01558	0.01714	0.01091	0.01714	0.00935	0.01558	0.00935	0.01246	0.02337	0.00312	0.73672	0.00623	0.00312	0.00779
6	0.00858	0.00657	0.00788	0.00893	0.01007	0.00587	0.00617	0.01003	0.01458	0.01856	0.05123	0.49853	0.28593	0.02075	0.00884	0.00271	0.00394	0.01834	0.00661	0.00587
7	0.80005	0.01377	0.01047	0.00936	0.01377	0.01597	0.00771	0.02093	0.01212	0.03195	0.00991	0.01157	0.00771	0.00661	0.00441	0.00220	0.00551	0.00386	0.00441	0.00771
8	0.00997	0.00727	0.00936	0.00884	0.01057	0.00667	0.00663	0.01322	0.01989	0.02793	0.65941	0.05422	0.10975	0.01479	0.00840	0.00225	0.00338	0.01302	0.00776	0.00667
9	0.00968	0.00900	0.05804	0.01086	0.01230	0.00737	0.00827	0.01274	0.06078	0.01932	0.03781	0.62114	0.06517	0.02020	0.00878	0.00280	0.00466	0.01817	0.00640	0.00650
10	0.03050	0.01351	0.05246	0.01313	0.01884	0.01105	0.01131	0.03419	0.04534	0.64920	0.02733	0.02385	0.01734	0.00874	0.00714	0.00221	0.00627	0.00710	0.00845	0.01200
11	0.02270	0.26971	0.02605	0.01635	0.02036	0.40350	0.01347	0.02465	0.01712	0.01717	0.01043	0.01272	0.00918	0.00757	0.00795	0.00189	0.10274	0.00454	0.00339	0.00849
12	0.00864	0.00634	0.00811	0.00953	0.01023	0.00582	0.00644	0.00996	0.01401	0.01833	0.04399	0.64750	0.14164	0.02169	0.00899	0.00282	0.00406	0.01949	0.00661	0.00582
13	0.01489	0.01277	0.01482	0.01071	0.01694	0.00983	0.00856	0.01876	0.04294	0.02348	0.01334	0.01526	0.01101	0.00546	0.00536	0.00111	0.00529	0.00438	0.00434	0.76077
14	0.01771	0.01530	0.01610	0.01449	0.01852	0.01771	0.01127	0.03784	0.69247	0.02979	0.02898	0.02657	0.02174	0.00966	0.00725	0.00242	0.00564	0.00805	0.00725	0.01127
15	0.00872	0.00723	0.00764	0.00754	0.00981	0.00614	0.00565	0.01082	0.01696	0.02097	0.18893	0.06568	0.58457	0.01739	0.00841	0.00237	0.00356	0.01463	0.00684	0.00614
16	0.80005	0.01377	0.01047	0.00936	0.01377	0.01597	0.00771	0.02093	0.01212	0.03195	0.00991	0.01157	0.00771	0.00661	0.00441	0.00220	0.00551	0.00386	0.00441	0.00771
17	0.00916	0.00724	0.00825	0.00800	0.01008	0.00633	0.00600	0.01167	0.01800	0.02342	0.35507	0.06163	0.41689	0.01647	0.00841	0.00233	0.00350	0.01406	0.00716	0.00633
18	0.80005	0.01377	0.01047	0.00936	0.01377	0.01597	0.00771	0.02093	0.01212	0.03195	0.00991	0.01157	0.00771	0.00661	0.00441	0.00220	0.00551	0.00386	0.00441	0.00771
19	0.01762	0.01692	0.02890	0.04371	0.70533	0.01692	0.02185	0.02185	0.01621	0.02326	0.01339	0.01762	0.01128	0.00634	0.00705	0.00211	0.00846	0.00634	0.00352	0.01128
20	0.02544	0.03049	0.02103	0.02065	0.09165	0.57113	0.01449	0.08015	0.04225	0.02061	0.01231	0.01411	0.01002	0.00741	0.00657	0.00191	0.01177	0.00502	0.00404	0.00897
21	0.00868	0.00620	0.00826	0.00991	0.01033	0.00578	0.00661	0.00991	0.01363	0.01818	0.03925	0.74510	0.04710	0.02231	0.00909	0.00289	0.00413	0.02024	0.00661	0.00578
22	0.01558	0.01558	0.02181	0.01869	0.01869	0.02181	0.01558	0.01714	0.01091	0.01714	0.00935	0.01558	0.00935	0.01246	0.02337	0.00312	0.73672	0.00623	0.00312	0.00779
23	0.01538	0.01481	0.02051	0.01766	0.01781	0.02051	0.01467	0.01709	0.01125	0.01794	0.01053	0.01652	0.01011	0.01211	0.02180	0.00299	0.67404	0.00627	0.07030	0.00769
24	0.00999	0.00728	0.00940	0.00887	0.01059	0.00668	0.00665	0.01328	0.01996	0.02808	0.66983	0.05396	0.09923	0.01473	0.00840	0.00225	0.00337	0.01299	0.00778	0.00668
25	0.01904	0.75404	0.03731	0.01218	0.01828	0.02818	0.01218	0.02132	0.01447	0.01675	0.00990	0.01142	0.00914	0.00609	0.00457	0.00152	0.00761	0.00381	0.00305	0.00914
26	0.80005	0.01377	0.01047	0.00936	0.01377	0.01597	0.00771	0.02093	0.01212	0.03195	0.00991	0.01157	0.00771	0.00661	0.00441	0.00220	0.00551	0.00386	0.00441	0.00771
27	0.00868	0.00620	0.00826	0.00991	0.01033	0.00578	0.00661	0.00991	0.01363	0.01818	0.03925	0.74510	0.04710	0.02231	0.00909	0.00289	0.00413	0.02024	0.00661	0.00578
28	0.01964	0.06990	0.01847	0.01502	0.01922	0.12802	0.01183	0.06656	0.50861	0.02769	0.02428	0.02292	0.01844	0.00900	0.00692	0.00225	0.00700	0.00714	0.00639	0.01069
29	0.01588	0.01872	0.08831	0.04784	0.12121	0.04471	0.31174	0.02045	0.01533	0.02107	0.01564	0.08560	0.01396	0.00992	0.02914	0.00272	0.11652	0.00841	0.00375	0.00910
30	0.02528	0.01904	0.02113	0.01753	0.05665	0.02115	0.01365	0.57702	0.05887	0.04122	0.01731	0.01839	0.01281	0.03164	0.00858	0.00233	0.03246	0.00659	0.00672	0.01164
31	0.30134	0.01756	0.12469	0.15382	0.07505	0.01619	0.01484	0.05034	0.09818	0.02696	0.01515	0.01941	0.01205	0.00781	0.00622	0.00231	0.00744	0.03717	0.00445	0.00902
32	0.01008	0.00728	0.00952	0.00896	0.01064	0.00672	0.00672	0.01344	0.02016	0.02855	0.70158	0.05319	0.06719	0.01456	0.00840	0.00224	0.00336	0.01288	0.00784	0.00672
33	0.01404	0.01294	0.02089	0.55955	0.10279	0.01554	0.01866	0.01993	0.07154	0.01984	0.01587	0.02386	0.01292	0.00815	0.00732	0.00242	0.00887	0.05272	0.00378	0.00840
34	0.01599	0.02316	0.23736	0.09704	0.24860	0.01702	0.21289	0.02200	0.01585	0.02244	0.01343	0.01743	0.01030	0.00644	0.00736	0.00226	0.01020	0.00661	0.00336	0.01025
35	0.01137	0.00798	0.00962	0.01019	0.01150	0.00787	0.00721	0.09232	0.01635	0.02235	0.03707	0.53885	0.08286	0.01892	0.00839	0.00264	0.00446	0.01683	0.08656	0.00666
36	0.00888	0.00628	0.00820	0.00965	0.01001	0.00592	0.00633	0.00997	0.01323	0.01764	0.03718	0.65943	0.04449	0.11153	0.01242	0.00338	0.00447	0.01903	0.00633	0.00560
37	0.07110	0.05558	0.28635	0.04826	0.07693	0.01777	0.26777	0.05006	0.01630	0.02390	0.01329	0.01660	0.00990	0.00650	0.00717	0.00227	0.01032	0.00644	0.00354	0.00995
38	0.02583	0.01313	0.06809	0.01296	0.01787	0.01045	0.01121	0.04904	0.01913	0.49579	0.02879	0.13850	0.02253	0.01128	0.00756	0.00236	0.00618	0.04069	0.00787	0.01074
39	0.05162	0.08162	0.18179	0.02932	0.34201	0.01702	0.04163	0.02399	0.03766	0.10421	0.01508	0.01739	0.01151	0.00682	0.00673	0.00213	0.00848	0.00600	0.00415	0.01082

[dist]
# distance from previous block
# <min> <max>
0	1

[block]
# block no. 6 follows, 29 sequences, length 75
# corresponding to MSA columns:
# 362-392,400-443
name=unknown_G
#
# <colnr> <probs for GDERKNQSTAVLIFYWHMCP>
#	G	D	E	R	K	N	Q	S	T	A	V	L	I	F	Y	W	H	M	C	P
0	0.02426	0.18597	0.02421	0.04130	0.04529	0.50181	0.01389	0.04903	0.01909	0.01846	0.01112	0.01305	0.00935	0.00707	0.00609	0.00181	0.01129	0.00460	0.00363	0.00867
1	0.02107	0.02012	0.10384	0.03633	0.04417	0.06431	0.03937	0.34516	0.05992	0.03268	0.01771	0.04320	0.01415	0.03874	0.06040	0.00303	0.00913	0.00700	0.02936	0.01031
2	0.07515	0.06996	0.01883	0.01397	0.01863	0.09086	0.01143	0.17764	0.07982	0.13340	0.01713	0.01775	0.01279	0.00809	0.00775	0.00200	0.07080	0.00579	0.04106	0.12716
3	0.01611	0.04952	0.29947	0.06893	0.26355	0.01698	0.07708	0.05129	0.01640	0.02325	0.01554	0.01857	0.03729	0.00708	0.00703	0.00220	0.00938	0.00634	0.00357	0.01041
4	0.04530	0.41066	0.05198	0.01705	0.04508	0.13436	0.09665	0.06789	0.01688	0.02043	0.01132	0.01343	0.00958	0.00665	0.00612	0.00183	0.02707	0.00487	0.00355	0.00929
5	0.00993	0.00727	0.00831	0.00824	0.00936	0.00690	0.00548	0.01182	0.03475	0.01923	0.18980	0.09697	0.20180	0.33605	0.02054	0.00436	0.00508	0.01262	0.00591	0.00558
6	0.00907	0.00724	0.00797	0.00817	0.00999	0.00645	0.00587	0.01134	0.03515	0.02003	0.13485	0.18949	0.43615	0.07296	0.01059	0.00281	0.00398	0.01519	0.00660	0.00608
7	0.01739	0.01505	0.01556	0.01337	0.01780	0.05374	0.01044	0.03072	0.42786	0.04899	0.02522	0.02444	0.04054	0.01048	0.03477	0.00242	0.00642	0.00716	0.00624	0.19138
8	0.00868	0.00620	0.00826	0.00991	0.01033	0.00578	0.00661	0.00991	0.01363	0.01818	0.03925	0.74510	0.04710	0.02231	0.00909	0.00289	0.00413	0.02024	0.00661	0.00578
9	0.01237	0.01034	0.01314	0.05606	0.08453	0.01058	0.00986	0.01922	0.16617	0.02527	0.27541	0.04619	0.19575	0.01319	0.00798	0.00235	0.00490	0.03194	0.00667	0.00808
10	0.80005	0.01377	0.01047	0.00936	0.01377	0.01597	0.00771	0.02093	0.01212	0.03195	0.00991	0.01157	0.00771	0.00661	0.00441	0.00220	0.00551	0.00386	0.00441	0.00771
11	0.04382	0.21425	0.02086	0.06118	0.01854	0.15215	0.01113	0.08721	0.01731	0.02267	0.01650	0.01894	0.03535	0.00940	0.02983	0.00218	0.03872	0.00566	0.18600	0.00831
12	0.02707	0.01995	0.02137	0.01638	0.02208	0.02208	0.01353	0.68159	0.03348	0.04488	0.01710	0.01710	0.01211	0.00855	0.00712	0.00214	0.00784	0.00641	0.00712	0.01211
13	0.80005	0.01377	0.01047	0.00936	0.01377	0.01597	0.00771	0.02093	0.01212	0.03195	0.00991	0.01157	0.00771	0.00661	0.00441	0.00220	0.00551	0.00386	0.00441	0.00771
14	0.01447	0.01206	0.01633	0.26188	0.02601	0.04051	0.04504	0.06896	0.01526	0.02099	0.01866	0.02732	0.03576	0.17139	0.01415	0.00325	0.04933	0.00757	0.14381	0.00726
15	0.01429	0.01232	0.01283	0.01181	0.01524	0.01341	0.00911	0.02768	0.44368	0.02591	0.04486	0.04200	0.27217	0.01274	0.00768	0.00241	0.00489	0.01062	0.00701	0.00934
16	0.01171	0.00645	0.00958	0.03324	0.01088	0.00653	0.00680	0.00980	0.01024	0.01367	0.01709	0.14230	0.01825	0.02475	0.04811	0.60812	0.00640	0.00858	0.00371	0.00381
17	0.80005	0.01377	0.01047	0.00936	0.01377	0.01597	0.00771	0.02093	0.01212	0.03195	0.00991	0.01157	0.00771	0.00661	0.00441	0.00220	0.00551	0.00386	0.00441	0.00771
18	0.01894	0.00925	0.01230	0.01041	0.01368	0.00822	0.00820	0.02200	0.02011	0.30634	0.40543	0.04190	0.06856	0.01233	0.00789	0.00223	0.00447	0.01062	0.00819	0.00890
19	0.12515	0.01232	0.01579	0.01227	0.01764	0.01113	0.01013	0.03303	0.01938	0.62796	0.02589	0.02270	0.01642	0.00855	0.00683	0.00220	0.00599	0.00676	0.00828	0.01158
20	0.01081	0.00771	0.01044	0.01180	0.01312	0.00759	0.00971	0.01342	0.01551	0.02029	0.05999	0.17565	0.06046	0.09106	0.01221	0.00351	0.00603	0.45807	0.00639	0.00621
21	0.01367	0.01301	0.02221	0.59874	0.07489	0.01573	0.05568	0.01816	0.01431	0.01864	0.01397	0.05479	0.01150	0.00798	0.00792	0.00242	0.03782	0.00713	0.00337	0.00805
22	0.02511	0.01879	0.02032	0.01546	0.02125	0.02008	0.01272	0.57603	0.03050	0.04143	0.01639	0.01673	0.01186	0.00803	0.00683	0.00196	0.00743	0.00606	0.00666	0.13636
23	0.01901	0.01662	0.03961	0.01587	0.04524	0.01803	0.01236	0.15707	0.49540	0.03175	0.02726	0.02566	0.04479	0.00955	0.00724	0.00235	0.00624	0.00785	0.00692	0.01121
24	0.04079	0.04097	0.17170	0.05590	0.05315	0.01450	0.22654	0.01884	0.01507	0.02148	0.04136	0.15502	0.01896	0.01044	0.00882	0.03108	0.02814	0.00936	0.00416	0.03373
25	0.47702	0.10697	0.01692	0.03894	0.01778	0.04441	0.01021	0.16560	0.01745	0.03186	0.01163	0.01309	0.00897	0.00702	0.00520	0.00210	0.00669	0.00453	0.00476	0.00888
26	0.02601	0.01922	0.02056	0.01596	0.02142	0.02132	0.01312	0.61745	0.07797	0.04329	0.01809	0.01803	0.01295	0.00862	0.00707	0.00214	0.00755	0.00653	0.03081	0.01189
27	0.01096	0.00827	0.01111	0.01109	0.01258	0.00800	0.03756	0.06887	0.01656	0.02222	0.13725	0.46163	0.08071	0.04741	0.00983	0.00285	0.00484	0.03500	0.00661	0.00662
28	0.01747	0.01676	0.02862	0.06969	0.68058	0.01688	0.02177	0.02172	0.01614	0.02307	0.01337	0.01767	0.01121	0.00637	0.00705	0.00212	0.00850	0.00634	0.00351	0.01115
29	0.01477	0.01266	0.01477	0.01055	0.01687	0.00949	0.00844	0.01793	0.01477	0.02320	0.01266	0.01477	0.01055	0.00527	0.00527	0.00105	0.00527	0.00422	0.00422	0.79328
30	0.00873	0.00721	0.00770	0.00785	0.01003	0.00618	0.00593	0.01071	0.01638	0.02001	0.11677	0.10915	0.57575	0.01812	0.00854	0.00247	0.00379	0.05189	0.00670	0.00608
31	0.01031	0.00708	0.00866	0.00866	0.00897	0.00739	0.00543	0.01093	0.01062	0.01447	0.02162	0.04208	0.02393	0.58085	0.20246	0.00800	0.00986	0.00969	0.00419	0.00481
32	0.00916	0.00724	0.00824	0.00799	0.01007	0.00633	0.00600	0.01166	0.01799	0.02341	0.35385	0.06166	0.41813	0.01648	0.00841	0.00233	0.00350	0.01407	0.00716	0.00633
33	0.02707	0.01995	0.02137	0.01638	0.02208	0.02208	0.01353	0.68159	0.03348	0.04488	0.01710	0.01710	0.01211	0.00855	0.00712	0.00214	0.00784	0.00641	0.00712	0.01211
34	0.00926	0.00725	0.00839	0.00810	0.01014	0.00637	0.00608	0.01186	0.01823	0.02398	0.39238	0.06072	0.37924	0.01626	0.00841	0.00232	0.00348	0.01393	0.00724	0.00637
35	0.80005	0.01377	0.01047	0.00936	0.01377	0.01597	0.00771	0.02093	0.01212	0.03195	0.00991	0.01157	0.00771	0.00661	0.00441	0.00220	0.00551	0.00386	0.00441	0.00771
36	0.01558	0.01558	0.02181	0.01869	0.01869	0.02181	0.01558	0.01714	0.01091	0.01714	0.00935	0.01558	0.00935	0.01246	0.02337	0.00312	0.73672	0.00623	0.00312	0.00779
37	0.01333	0.01222	0.02034	0.66958	0.04584	0.01510	0.01884	0.01795	0.01438	0.01863	0.01438	0.02262	0.01151	0.00785	0.00720	0.00240	0.00913	0.04234	0.02855	0.00779
38	0.00924	0.00754	0.00821	0.00799	0.01024	0.00665	0.00600	0.01218	0.04285	0.02229	0.25011	0.06257	0.49551	0.01673	0.00837	0.00236	0.00361	0.01415	0.00699	0.00641
39	0.02723	0.01968	0.02121	0.01626	0.02195	0.02169	0.01343	0.65962	0.03303	0.06747	0.01747	0.01734	0.01230	0.00856	0.00712	0.00214	0.00778	0.00644	0.00718	0.01211
40	0.00868	0.00620	0.00826	0.00991	0.01033	0.00578	0.00661	0.00991	0.01363	0.01818	0.03925	0.74510	0.04710	0.02231	0.00909	0.00289	0.00413	0.02024	0.00661	0.00578
41	0.02017	0.29872	0.09577	0.01663	0.02262	0.01981	0.13485	0.02431	0.03548	0.16384	0.01585	0.01744	0.01208	0.00980	0.04792	0.00256	0.04186	0.00594	0.00452	0.00982
42	0.01910	0.01578	0.01677	0.01457	0.01880	0.01799	0.01147	0.15828	0.53462	0.03258	0.06007	0.02610	0.02217	0.00969	0.00728	0.00235	0.00594	0.00798	0.00725	0.01120
43	0.03195	0.01212	0.01652	0.01267	0.01818	0.01047	0.01047	0.03470	0.02038	0.71026	0.02809	0.02424	0.01763	0.00881	0.00716	0.00220	0.00606	0.00716	0.00881	0.01212
44	0.00952	0.00767	0.00854	0.00825	0.01047	0.00689	0.00621	0.01288	0.05352	0.02325	0.30315	0.06062	0.43091	0.01630	0.00835	0.00234	0.00362	0.01386	0.00710	0.00655
45	0.01680	0.05779	0.24741	0.04753	0.20598	0.01516	0.01875	0.02286	0.05969	0.09630	0.02234	0.02619	0.07566	0.00884	0.00715	0.00227	0.00814	0.04641	0.00459	0.01014
46	0.00921	0.00767	0.00809	0.00791	0.01028	0.00678	0.00595	0.01229	0.05443	0.02137	0.17450	0.06365	0.55892	0.01699	0.00835	0.00238	0.00368	0.01428	0.00685	0.00642
47	0.00996	0.00727	0.00936	0.00884	0.01057	0.00667	0.00663	0.01321	0.01988	0.02790	0.65716	0.05427	0.11202	0.01480	0.00840	0.00225	0.00338	0.01303	0.00775	0.00667
48	0.04564	0.01712	0.02887	0.13127	0.47338	0.03950	0.11690	0.02168	0.01602	0.02265	0.01324	0.01766	0.01077	0.00644	0.00714	0.00219	0.00915	0.00650	0.00352	0.01036
49	0.01172	0.00913	0.01368	0.04313	0.05462	0.00909	0.04174	0.01498	0.01609	0.02099	0.03665	0.12294	0.07957	0.01793	0.00936	0.00305	0.00664	0.47564	0.00613	0.00691
50	0.01809	0.01508	0.01594	0.01415	0.01814	0.01728	0.01106	0.09048	0.58829	0.03088	0.04580	0.02648	0.02199	0.00964	0.00716	0.00235	0.00566	0.00798	0.04254	0.01101
51	0.01327	0.00664	0.00664	0.00664	0.00830	0.00664	0.00498	0.01659	0.01493	0.02655	0.02323	0.02655	0.01825	0.00830	0.00498	0.00166	0.00332	0.00664	0.78928	0.00664
52	0.01747	0.01725	0.02662	0.13784	0.54031	0.06711	0.02063	0.02157	0.01623	0.02206	0.01394	0.01960	0.01189	0.00698	0.00711	0.00217	0.00886	0.02835	0.00359	0.01043
53	0.01024	0.00736	0.01006	0.01006	0.01086	0.00815	0.00718	0.01183	0.01103	0.01551	0.02034	0.03497	0.02084	0.31491	0.46418	0.00974	0.01450	0.00865	0.00400	0.00559
54	0.01345	0.01266	0.02136	0.73264	0.04904	0.01582	0.01978	0.01819	0.01424	0.01819	0.01266	0.01898	0.00949	0.00712	0.00712	0.00237	0.00949	0.00633	0.00316	0.00791
55	0.01010	0.00733	0.00955	0.00914	0.01084	0.00678	0.00695	0.01339	0.01979	0.02778	0.63863	0.05537	0.08968	0.01499	0.00848	0.00231	0.00356	0.05094	0.00772	0.00668
56	0.01477	0.01266	0.01477	0.01055	0.01687	0.00949	0.00844	0.01793	0.01477	0.02320	0.01266	0.01477	0.01055	0.00527	0.00527	0.00105	0.00527	0.00422	0.00422	0.79328
57	0.01428	0.03683	0.71286	0.02030	0.03082	0.01654	0.02631	0.02255	0.01503	0.02255	0.01278	0.01503	0.00902	0.00677	0.00677	0.00226	0.01052	0.00526	0.00301	0.01052
58	0.01491	0.01279	0.01483	0.01074	0.01696	0.00990	0.00858	0.01892	0.04835	0.02353	0.01347	0.01535	0.01110	0.00549	0.00537	0.00112	0.00529	0.00441	0.00437	0.75452
59	0.00858	0.00722	0.00744	0.00738	0.00972	0.00608	0.00554	0.01053	0.01661	0.02015	0.13363	0.06703	0.64038	0.01769	0.00841	0.00239	0.00358	0.01482	0.00673	0.00608
60	0.01345	0.01266	0.02136	0.73264	0.04904	0.01582	0.01978	0.01819	0.01424	0.01819	0.01266	0.01898	0.00949	0.00712	0.00712	0.00237	0.00949	0.00633	0.00316	0.00791
61	0.01681	0.01921	0.04202	0.03001	0.03721	0.01801	0.67947	0.02281	0.01681	0.02281	0.01441	0.01921	0.01080	0.00600	0.00840	0.00240	0.01200	0.00840	0.00360	0.00960
62	0.02994	0.01210	0.01678	0.01410	0.05416	0.01059	0.01086	0.03281	0.02015	0.63490	0.06580	0.02554	0.02012	0.00901	0.00723	0.00220	0.00603	0.00744	0.00848	0.01177
63	0.01777	0.64189	0.07311	0.01232	0.01821	0.02539	0.01241	0.02032	0.01453	0.01726	0.01425	0.05292	0.04041	0.00749	0.00510	0.00167	0.00743	0.00524	0.00338	0.00891
64	0.05448	0.00820	0.00921	0.01040	0.05724	0.00742	0.00711	0.01185	0.01576	0.02025	0.05951	0.12692	0.51576	0.01709	0.00824	0.00247	0.00426	0.05108	0.00627	0.00647
65	0.01410	0.01298	0.02084	0.56775	0.09938	0.01525	0.01829	0.04313	0.01527	0.01996	0.01629	0.02141	0.04940	0.00763	0.00709	0.00227	0.00878	0.00672	0.00360	0.04986
66	0.05809	0.01860	0.01990	0.01536	0.02083	0.02029	0.01264	0.58037	0.03080	0.04223	0.05281	0.01864	0.01475	0.00860	0.00697	0.00208	0.00735	0.00652	0.00688	0.05628
67	0.01470	0.01266	0.02067	0.59187	0.07368	0.01528	0.01840	0.01984	0.04316	0.05838	0.01460	0.02002	0.01099	0.00974	0.04498	0.00283	0.00959	0.00652	0.00371	0.00836
68	0.01907	0.21995	0.23268	0.01685	0.04139	0.01823	0.07077	0.04706	0.04531	0.13190	0.03862	0.01836	0.01367	0.00736	0.00637	0.00203	0.00818	0.00594	0.04615	0.01010
69	0.01397	0.01099	0.01410	0.07036	0.01694	0.04909	0.01063	0.03617	0.01354	0.05799	0.01852	0.05505	0.01690	0.05844	0.36150	0.00702	0.11317	0.00767	0.06073	0.00720
70	0.04355	0.00787	0.00981	0.04815	0.01309	0.00783	0.00758	0.04961	0.01554	0.02131	0.10515	0.48001	0.10388	0.04051	0.00935	0.00280	0.00464	0.01650	0.00642	0.00641
71	0.01476	0.01477	0.02707	0.38447	0.07845	0.01616	0.21099	0.01954	0.01505	0.02017	0.01410	0.02117	0.01135	0.00745	0.00831	0.00237	0.04586	0.03430	0.00351	0.05015
72	0.06353	0.01897	0.04309	0.08836	0.40249	0.11232	0.01833	0.08234	0.01778	0.02426	0.01450	0.05517	0.01256	0.00762	0.00693	0.00215	0.00874	0.00667	0.00405	0.01016
