[name]
unknown

[dist]
# distance from previous block
# <min> <max>
10	53

[block]
# block no. 0 follows, 29 sequences, length 20
# corresponding to MSA columns:
# 63-82
name=unknown_A
#
# <colnr> <probs for GDERKNQSTAVLIFYWHMCP>
#	G	D	E	R	K	N	Q	S	T	A	V	L	I	F	Y	W	H	M	C	P
0	0.01129	0.00835	0.00986	0.01002	0.01128	0.00847	0.00698	0.04041	0.09867	0.02081	0.11134	0.27418	0.07296	0.23072	0.01661	0.00389	0.00527	0.04626	0.00618	0.00644
1	0.05327	0.00834	0.00998	0.01016	0.01185	0.00825	0.00737	0.03524	0.04882	0.06593	0.06525	0.39354	0.15975	0.01831	0.00972	0.04243	0.02341	0.01516	0.00647	0.00677
2	0.06409	0.00852	0.00950	0.00925	0.01144	0.00823	0.00681	0.04078	0.03713	0.08350	0.04232	0.22057	0.24574	0.07881	0.03346	0.00310	0.00507	0.01300	0.07173	0.00694
3	0.01196	0.00815	0.00953	0.00928	0.01149	0.00735	0.00679	0.04616	0.01649	0.08253	0.08232	0.27840	0.30391	0.05028	0.00958	0.00267	0.00441	0.01486	0.00670	0.03714
4	0.01421	0.01020	0.01181	0.01104	0.01301	0.01062	0.00803	0.19041	0.01865	0.02517	0.06458	0.28855	0.05780	0.16746	0.05033	0.00386	0.00637	0.01291	0.02770	0.00729
5	0.01438	0.00905	0.01140	0.01085	0.01300	0.00888	0.00816	0.03331	0.06491	0.11936	0.14134	0.28247	0.03705	0.04357	0.00968	0.00263	0.03335	0.04533	0.06231	0.04895
6	0.01894	0.01269	0.01347	0.01195	0.01509	0.08100	0.00900	0.06698	0.06978	0.19592	0.06875	0.20846	0.04521	0.08593	0.01044	0.00275	0.00615	0.01088	0.00665	0.05997
7	0.07553	0.32958	0.10097	0.01500	0.02070	0.18964	0.04648	0.02352	0.01633	0.06444	0.01502	0.01626	0.04458	0.00727	0.00579	0.00186	0.00895	0.00517	0.00387	0.00903
8	0.03739	0.01678	0.02070	0.06784	0.23724	0.11115	0.04031	0.03977	0.06828	0.02377	0.08801	0.02342	0.05255	0.00810	0.00689	0.00198	0.00767	0.00702	0.00464	0.13648
9	0.02536	0.01241	0.01593	0.04146	0.01853	0.01196	0.01058	0.09280	0.09700	0.42427	0.14289	0.02861	0.02580	0.00981	0.00738	0.00223	0.00585	0.00814	0.00808	0.01092
10	0.01290	0.01002	0.01414	0.01284	0.01469	0.01042	0.06830	0.05563	0.06014	0.04576	0.12730	0.31728	0.03628	0.10449	0.01309	0.00315	0.06659	0.01365	0.00610	0.00721
11	0.13024	0.01269	0.01276	0.01072	0.01430	0.01382	0.00861	0.26918	0.02156	0.03426	0.01901	0.02084	0.01443	0.00815	0.00571	0.00192	0.00534	0.00616	0.38144	0.00886
12	0.00842	0.00721	0.00721	0.00721	0.00962	0.00601	0.00541	0.01022	0.01623	0.01924	0.07213	0.06853	0.70244	0.01803	0.00842	0.00240	0.00361	0.01503	0.00661	0.00601
13	0.01345	0.01266	0.02136	0.73264	0.04904	0.01582	0.01978	0.01819	0.01424	0.01819	0.01266	0.01898	0.00949	0.00712	0.00712	0.00237	0.00949	0.00633	0.00316	0.00791
14	0.00943	0.00699	0.00777	0.00787	0.00899	0.00644	0.00518	0.01056	0.01385	0.01771	0.10823	0.12077	0.29108	0.33097	0.02038	0.00436	0.00504	0.01331	0.00575	0.00533
15	0.01815	0.01415	0.01759	0.01280	0.01902	0.01205	0.05005	0.12336	0.01825	0.07989	0.01465	0.01613	0.01136	0.00610	0.00590	0.00139	0.00614	0.00504	0.00499	0.56295
16	0.02048	0.39810	0.10153	0.01493	0.02048	0.22733	0.01398	0.04578	0.01666	0.01852	0.01133	0.01342	0.00976	0.00948	0.04887	0.00231	0.01015	0.00451	0.00341	0.00896
17	0.01382	0.01322	0.02287	0.52078	0.04192	0.01495	0.11014	0.01850	0.01503	0.01998	0.05801	0.02087	0.01355	0.00728	0.00721	0.00225	0.00906	0.00685	0.00363	0.08007
18	0.01215	0.03959	0.01120	0.00960	0.01249	0.05246	0.00743	0.04875	0.09660	0.02270	0.13680	0.05356	0.44038	0.01504	0.00794	0.00230	0.00474	0.01245	0.00655	0.00727
19	0.02179	0.01662	0.01978	0.01506	0.02062	0.01689	0.05832	0.37293	0.05157	0.06193	0.04967	0.02103	0.04239	0.00831	0.00690	0.00193	0.00700	0.00677	0.00628	0.19422

[dist]
# distance from previous block
# <min> <max>
1	8

[block]
# block no. 1 follows, 29 sequences, length 100
# corresponding to MSA columns:
# 94-193
name=unknown_B
#
# <colnr> <probs for GDERKNQSTAVLIFYWHMCP>
#	G	D	E	R	K	N	Q	S	T	A	V	L	I	F	Y	W	H	M	C	P
0	0.02094	0.18955	0.02299	0.01455	0.03933	0.06855	0.01187	0.26120	0.02190	0.02901	0.01449	0.04107	0.01203	0.00745	0.00605	0.00171	0.00734	0.00559	0.00503	0.21935
1	0.04904	0.31651	0.06008	0.01699	0.02219	0.24152	0.09151	0.04225	0.01677	0.01930	0.01107	0.01337	0.00939	0.00700	0.00697	0.00190	0.05685	0.00488	0.00347	0.00892
2	0.01576	0.01801	0.05974	0.16613	0.03813	0.01703	0.49804	0.02148	0.01639	0.02215	0.04450	0.02053	0.01299	0.00663	0.00810	0.00238	0.01108	0.00809	0.00368	0.00918
3	0.01679	0.01356	0.01692	0.07055	0.02045	0.01247	0.02994	0.11132	0.03693	0.05212	0.04575	0.04325	0.01501	0.00742	0.00683	0.00163	0.03272	0.00605	0.00499	0.45530
4	0.00874	0.00624	0.00832	0.00987	0.01034	0.00583	0.00661	0.01007	0.01392	0.01864	0.06864	0.71440	0.04799	0.02196	0.00906	0.00286	0.00410	0.01992	0.00666	0.00583
5	0.01724	0.01739	0.03220	0.06566	0.49829	0.01718	0.20147	0.02198	0.01630	0.02295	0.01364	0.01811	0.01108	0.00628	0.00742	0.00220	0.00947	0.00691	0.00353	0.01070
6	0.01901	0.01510	0.01624	0.01406	0.01820	0.01694	0.01108	0.15570	0.46433	0.05661	0.08260	0.02845	0.04949	0.01014	0.00736	0.00234	0.00580	0.00837	0.00730	0.01089
7	0.03195	0.01212	0.01652	0.01267	0.01818	0.01047	0.01047	0.03470	0.02038	0.71026	0.02809	0.02424	0.01763	0.00881	0.00716	0.00220	0.00606	0.00716	0.00881	0.01212
8	0.01001	0.00728	0.00943	0.00889	0.01060	0.00669	0.00667	0.01331	0.02000	0.02818	0.67616	0.05381	0.09284	0.01470	0.00840	0.00225	0.00337	0.01296	0.00779	0.00669
9	0.01036	0.00690	0.00777	0.00777	0.00777	0.00690	0.00431	0.01036	0.01036	0.01381	0.02244	0.04660	0.02589	0.74975	0.03624	0.00690	0.00690	0.01036	0.00431	0.00431
10	0.06587	0.01246	0.01642	0.01265	0.01812	0.01111	0.01045	0.05626	0.02046	0.65736	0.02691	0.02343	0.01700	0.00871	0.00704	0.00220	0.00610	0.00699	0.00856	0.01192
11	0.00868	0.00620	0.00826	0.00991	0.01033	0.00578	0.00661	0.00991	0.01363	0.01818	0.03925	0.74510	0.04710	0.02231	0.00909	0.00289	0.00413	0.02024	0.00661	0.00578
12	0.80005	0.01377	0.01047	0.00936	0.01377	0.01597	0.00771	0.02093	0.01212	0.03195	0.00991	0.01157	0.00771	0.00661	0.00441	0.00220	0.00551	0.00386	0.00441	0.00771
13	0.02660	0.01949	0.02087	0.01605	0.02161	0.02156	0.01324	0.65892	0.03285	0.04425	0.01730	0.01742	0.01232	0.00854	0.00705	0.00212	0.00768	0.00642	0.03379	0.01192
14	0.01036	0.00690	0.00777	0.00777	0.00777	0.00690	0.00431	0.01036	0.01036	0.01381	0.02244	0.04660	0.02589	0.74975	0.03624	0.00690	0.00690	0.01036	0.00431	0.00431
15	0.01237	0.00618	0.00928	0.00928	0.00928	0.00618	0.00618	0.00928	0.00928	0.01237	0.01237	0.02165	0.01237	0.02474	0.02783	0.79283	0.00618	0.00618	0.00309	0.00309
16	0.01341	0.01242	0.02092	0.70626	0.04759	0.01547	0.01928	0.01787	0.01406	0.01798	0.01265	0.01908	0.00960	0.00776	0.00787	0.03120	0.00937	0.00632	0.00316	0.00773
17	0.02707	0.01995	0.02137	0.01638	0.02208	0.02208	0.01353	0.68159	0.03348	0.04488	0.01710	0.01710	0.01211	0.00855	0.00712	0.00214	0.00784	0.00641	0.00712	0.01211
18	0.01428	0.03683	0.71286	0.02030	0.03082	0.01654	0.02631	0.02255	0.01503	0.02255	0.01278	0.01503	0.00902	0.00677	0.00677	0.00226	0.01052	0.00526	0.00301	0.01052
19	0.03156	0.01274	0.01691	0.01296	0.01849	0.01138	0.01071	0.08578	0.02141	0.65772	0.02722	0.02367	0.01719	0.00879	0.00716	0.00220	0.00620	0.00710	0.00868	0.01212
20	0.01802	0.00989	0.01268	0.01074	0.01391	0.00928	0.00845	0.08374	0.02150	0.22684	0.44149	0.04137	0.04760	0.01232	0.00792	0.00222	0.00457	0.01061	0.00805	0.00879
21	0.01036	0.00690	0.00777	0.00777	0.00777	0.00690	0.00431	0.01036	0.01036	0.01381	0.02244	0.04660	0.02589	0.74975	0.03624	0.00690	0.00690	0.01036	0.00431	0.00431
22	0.80005	0.01377	0.01047	0.00936	0.01377	0.01597	0.00771	0.02093	0.01212	0.03195	0.00991	0.01157	0.00771	0.00661	0.00441	0.00220	0.00551	0.00386	0.00441	0.00771
23	0.01327	0.00664	0.00664	0.00664	0.00830	0.00664	0.00498	0.01659	0.01493	0.02655	0.02323	0.02655	0.01825	0.00830	0.00498	0.00166	0.00332	0.00664	0.78928	0.00664
24	0.00869	0.00640	0.00814	0.00945	0.01023	0.00586	0.00642	0.01010	0.01430	0.01874	0.06983	0.61070	0.15242	0.02133	0.00895	0.00279	0.00402	0.01913	0.00666	0.00586
25	0.02356	0.18898	0.02329	0.01608	0.02059	0.48625	0.01279	0.02565	0.01830	0.01796	0.01096	0.01276	0.00933	0.00682	0.00588	0.00168	0.01081	0.00437	0.00360	0.10034
26	0.80005	0.01377	0.01047	0.00936	0.01377	0.01597	0.00771	0.02093	0.01212	0.03195	0.00991	0.01157	0.00771	0.00661	0.00441	0.00220	0.00551	0.00386	0.00441	0.00771
27	0.00992	0.00727	0.00930	0.00879	0.01054	0.00665	0.00659	0.01313	0.01978	0.02766	0.64113	0.05466	0.12820	0.01489	0.00840	0.00226	0.00338	0.01308	0.00772	0.00665
28	0.01001	0.00728	0.00943	0.00889	0.01060	0.00669	0.00667	0.01331	0.02001	0.02820	0.67750	0.05378	0.09149	0.01469	0.00840	0.00225	0.00337	0.01296	0.00779	0.00669
29	0.01368	0.01306	0.02224	0.67267	0.04725	0.01617	0.04722	0.01834	0.01420	0.01834	0.01259	0.01885	0.00954	0.00730	0.00787	0.00241	0.04071	0.00641	0.00318	0.00798
30	0.01771	0.01530	0.01610	0.01449	0.01852	0.01771	0.01127	0.03784	0.69247	0.02979	0.02898	0.02657	0.02174	0.00966	0.00725	0.00242	0.00564	0.00805	0.00725	0.01127
31	0.02026	0.01535	0.01664	0.01445	0.01881	0.01726	0.01139	0.09739	0.55173	0.11158	0.02777	0.02541	0.02035	0.00946	0.00722	0.00236	0.00589	0.00779	0.00742	0.01145
32	0.01862	0.00947	0.01247	0.01056	0.01377	0.00860	0.00831	0.04372	0.02069	0.27759	0.43301	0.04142	0.04727	0.01226	0.00790	0.00222	0.00449	0.01058	0.00817	0.00887
33	0.74215	0.01329	0.01040	0.00933	0.01354	0.01530	0.00764	0.02038	0.01271	0.03170	0.06061	0.01462	0.01207	0.00719	0.00470	0.00221	0.00535	0.00452	0.00466	0.00764
34	0.01017	0.00763	0.01144	0.01144	0.01272	0.00890	0.00890	0.01272	0.01144	0.01653	0.01907	0.02797	0.01780	0.05340	0.72153	0.01144	0.01907	0.00763	0.00381	0.00636
35	0.03061	0.01426	0.01785	0.01369	0.01925	0.01365	0.01131	0.21211	0.02397	0.52778	0.02508	0.02228	0.01611	0.00874	0.00715	0.00219	0.00655	0.00696	0.00835	0.01212
36	0.80005	0.01377	0.01047	0.00936	0.01377	0.01597	0.00771	0.02093	0.01212	0.03195	0.00991	0.01157	0.00771	0.00661	0.00441	0.00220	0.00551	0.00386	0.00441	0.00771
37	0.80005	0.01377	0.01047	0.00936	0.01377	0.01597	0.00771	0.02093	0.01212	0.03195	0.00991	0.01157	0.00771	0.00661	0.00441	0.00220	0.00551	0.00386	0.00441	0.00771
38	0.02400	0.01810	0.01945	0.01557	0.02059	0.02012	0.01262	0.51082	0.16001	0.04013	0.02091	0.06862	0.01637	0.00970	0.00728	0.00224	0.00716	0.00767	0.00711	0.01152
39	0.01762	0.01692	0.02890	0.04371	0.70533	0.01692	0.02185	0.02185	0.01621	0.02326	0.01339	0.01762	0.01128	0.00634	0.00705	0.00211	0.00846	0.00634	0.00352	0.01128
40	0.01863	0.01284	0.01478	0.01223	0.01648	0.01278	0.00970	0.11883	0.16155	0.13719	0.05028	0.07737	0.09242	0.01044	0.00755	0.00208	0.02973	0.00852	0.03623	0.17036
41	0.02662	0.03344	0.02022	0.01827	0.02202	0.69640	0.01375	0.05157	0.02065	0.01840	0.01122	0.01299	0.00928	0.00738	0.00645	0.00185	0.01266	0.00465	0.00379	0.00839
42	0.01477	0.01266	0.01477	0.01055	0.01687	0.00949	0.00844	0.01793	0.01477	0.02320	0.01266	0.01477	0.01055	0.00527	0.00527	0.00105	0.00527	0.00422	0.00422	0.79328
43	0.01428	0.03683	0.71286	0.02030	0.03082	0.01654	0.02631	0.02255	0.01503	0.02255	0.01278	0.01503	0.00902	0.00677	0.00677	0.00226	0.01052	0.00526	0.00301	0.01052
44	0.01019	0.00757	0.01116	0.01116	0.01234	0.00875	0.00855	0.01254	0.01136	0.01632	0.01933	0.02940	0.01842	0.10659	0.66919	0.01110	0.01814	0.00784	0.00385	0.00620
45	0.01345	0.01266	0.02136	0.73264	0.04904	0.01582	0.01978	0.01819	0.01424	0.01819	0.01266	0.01898	0.00949	0.00712	0.00712	0.00237	0.00949	0.00633	0.00316	0.00791
46	0.02664	0.02347	0.02131	0.01779	0.04449	0.20280	0.01387	0.49093	0.02947	0.03706	0.01540	0.01601	0.01132	0.00816	0.00694	0.00206	0.00915	0.00594	0.00611	0.01108
47	0.00886	0.00622	0.00828	0.00982	0.01020	0.00584	0.00651	0.00991	0.01337	0.01783	0.03775	0.69590	0.04518	0.04888	0.01069	0.02899	0.00430	0.01942	0.00641	0.00564
48	0.73969	0.01366	0.01112	0.03647	0.01526	0.01575	0.00827	0.02139	0.01253	0.05883	0.01075	0.01236	0.00818	0.00672	0.00462	0.00221	0.00568	0.00408	0.00454	0.00790
49	0.01876	0.73066	0.03650	0.01216	0.01810	0.02757	0.01208	0.02105	0.01437	0.01675	0.01019	0.01194	0.00941	0.00757	0.02703	0.00183	0.00797	0.00393	0.00307	0.00905
50	0.01558	0.01558	0.02181	0.01869	0.01869	0.02181	0.01558	0.01714	0.01091	0.01714	0.00935	0.01558	0.00935	0.01246	0.02337	0.00312	0.73672	0.00623	0.00312	0.00779
51	0.03195	0.01212	0.01652	0.01267	0.01818	0.01047	0.01047	0.03470	0.02038	0.71026	0.02809	0.02424	0.01763	0.00881	0.00716	0.00220	0.00606	0.00716	0.00881	0.01212
52	0.01428	0.03683	0.71286	0.02030	0.03082	0.01654	0.02631	0.02255	0.01503	0.02255	0.01278	0.01503	0.00902	0.00677	0.00677	0.00226	0.01052	0.00526	0.00301	0.01052
53	0.02403	0.01701	0.01812	0.01424	0.01905	0.01868	0.01165	0.53513	0.02939	0.04084	0.01845	0.01918	0.01346	0.00849	0.00665	0.00203	0.00684	0.00646	0.17939	0.01090
54	0.01002	0.00728	0.00943	0.00889	0.01060	0.00669	0.00667	0.01332	0.02001	0.02821	0.67840	0.05375	0.09058	0.01469	0.00840	0.00225	0.00337	0.01296	0.00779	0.00669
55	0.01614	0.01742	0.03585	0.05287	0.11811	0.01688	0.48560	0.02139	0.01632	0.02227	0.01642	0.04534	0.01397	0.00775	0.00883	0.00246	0.03593	0.05324	0.00386	0.00937
56	0.00976	0.00727	0.00908	0.00863	0.01045	0.00659	0.00647	0.01283	0.01942	0.02680	0.58282	0.05608	0.18704	0.01521	0.00840	0.00227	0.00341	0.01328	0.00761	0.00659
57	0.01404	0.03559	0.68331	0.01975	0.02993	0.01610	0.02543	0.02203	0.01508	0.02241	0.01526	0.01727	0.03805	0.00724	0.00683	0.00226	0.01023	0.00567	0.00316	0.01033
58	0.01017	0.00763	0.01144	0.01144	0.01272	0.00890	0.00890	0.01272	0.01144	0.01653	0.01907	0.02797	0.01780	0.05340	0.72153	0.01144	0.01907	0.00763	0.00381	0.00636
59	0.01955	0.70487	0.03614	0.01260	0.01853	0.07549	0.01229	0.02181	0.01486	0.01680	0.00998	0.01152	0.00914	0.00618	0.00470	0.00154	0.00797	0.00386	0.00309	0.00908
60	0.01480	0.01278	0.01506	0.01089	0.01695	0.01001	0.00874	0.01790	0.01460	0.02295	0.01252	0.01480	0.01050	0.00557	0.00603	0.00114	0.03590	0.00430	0.00417	0.76039
61	0.01458	0.01545	0.06805	0.53872	0.08961	0.01638	0.09594	0.03957	0.01531	0.02016	0.01305	0.01861	0.00981	0.00696	0.00724	0.00234	0.00973	0.00650	0.00335	0.00862
62	0.01033	0.00990	0.05676	0.01130	0.01385	0.00795	0.06199	0.01351	0.01755	0.02400	0.35999	0.19584	0.15834	0.01556	0.00844	0.00242	0.00472	0.01392	0.00673	0.00688
63	0.00933	0.00826	0.00803	0.00808	0.01029	0.03663	0.00598	0.01117	0.01638	0.01965	0.10654	0.13553	0.56381	0.01780	0.00840	0.00242	0.00404	0.01499	0.00656	0.00613
64	0.29540	0.02088	0.01691	0.01428	0.01892	0.19034	0.01140	0.24660	0.06938	0.03261	0.01395	0.01480	0.01054	0.00766	0.00601	0.00211	0.00809	0.00519	0.00534	0.00958
65	0.01031	0.00707	0.00861	0.00861	0.00890	0.00736	0.00536	0.01089	0.01060	0.01443	0.02167	0.04235	0.02404	0.59087	0.19260	0.00794	0.00968	0.00973	0.00420	0.00478
66	0.01345	0.01266	0.02136	0.73264	0.04904	0.01582	0.01978	0.01819	0.01424	0.01819	0.01266	0.01898	0.00949	0.00712	0.00712	0.00237	0.00949	0.00633	0.00316	0.00791
67	0.01671	0.05098	0.06594	0.05626	0.06095	0.01826	0.57701	0.02252	0.01652	0.02238	0.01405	0.01865	0.01063	0.00609	0.00808	0.00235	0.01154	0.00793	0.00354	0.00961
68	0.00868	0.00620	0.00826	0.00991	0.01033	0.00578	0.00661	0.00991	0.01363	0.01818	0.03925	0.74510	0.04710	0.02231	0.00909	0.00289	0.00413	0.02024	0.00661	0.00578
69	0.00868	0.00620	0.00826	0.00991	0.01033	0.00578	0.00661	0.00991	0.01363	0.01818	0.03925	0.74510	0.04710	0.02231	0.00909	0.00289	0.00413	0.02024	0.00661	0.00578
70	0.01608	0.30805	0.45739	0.01723	0.02608	0.02094	0.02097	0.02209	0.01482	0.02036	0.01169	0.01367	0.00906	0.00651	0.00593	0.00198	0.00942	0.00471	0.00302	0.01000
71	0.01048	0.00742	0.00932	0.00876	0.01070	0.00671	0.00660	0.01354	0.01944	0.04894	0.56440	0.05506	0.18199	0.01501	0.00836	0.00227	0.00349	0.01309	0.00765	0.00676
72	0.01036	0.00690	0.00777	0.00777	0.00777	0.00690	0.00431	0.01036	0.01036	0.01381	0.02244	0.04660	0.02589	0.74975	0.03624	0.00690	0.00690	0.01036	0.00431	0.00431
73	0.01237	0.00618	0.00928	0.00928	0.00928	0.00618	0.00618	0.00928	0.00928	0.01237	0.01237	0.02165	0.01237	0.02474	0.02783	0.79283	0.00618	0.00618	0.00309	0.00309
74	0.02643	0.04509	0.02123	0.01585	0.02143	0.02121	0.01312	0.56841	0.07968	0.08716	0.01844	0.01806	0.01307	0.00856	0.00704	0.00214	0.00755	0.00649	0.00710	0.01194
75	0.02700	0.02205	0.02119	0.01668	0.02207	0.12731	0.01357	0.58327	0.03148	0.04074	0.01618	0.01646	0.01167	0.00837	0.00702	0.00209	0.00859	0.00614	0.00660	0.01153
76	0.01558	0.01558	0.02181	0.01869	0.01869	0.02181	0.01558	0.01714	0.01091	0.01714	0.00935	0.01558	0.00935	0.01246	0.02337	0.00312	0.73672	0.00623	0.00312	0.00779
77	0.01904	0.75404	0.03731	0.01218	0.01828	0.02818	0.01218	0.02132	0.01447	0.01675	0.00990	0.01142	0.00914	0.00609	0.00457	0.00152	0.00761	0.00381	0.00305	0.00914
78	0.02363	0.01763	0.01923	0.01477	0.02025	0.01869	0.01211	0.50925	0.02849	0.03910	0.01659	0.01747	0.01229	0.00982	0.03662	0.00231	0.00768	0.00607	0.03461	0.15339
79	0.01345	0.01266	0.02136	0.73264	0.04904	0.01582	0.01978	0.01819	0.01424	0.01819	0.01266	0.01898	0.00949	0.00712	0.00712	0.00237	0.00949	0.00633	0.00316	0.00791
80	0.01681	0.01921	0.04202	0.03001	0.03721	0.01801	0.67947	0.02281	0.01681	0.02281	0.01441	0.01921	0.01080	0.00600	0.00840	0.00240	0.01200	0.00840	0.00360	0.00960
81	0.01008	0.00728	0.00952	0.00896	0.01064	0.00672	0.00672	0.01344	0.02016	0.02855	0.70158	0.05319	0.06719	0.01456	0.00840	0.00224	0.00336	0.01288	0.00784	0.00672
82	0.01027	0.00696	0.00822	0.00828	0.00844	0.00710	0.00494	0.01061	0.01060	0.01429	0.02267	0.07047	0.02573	0.64111	0.11545	0.00729	0.00822	0.01040	0.00434	0.00461
83	0.80005	0.01377	0.01047	0.00936	0.01377	0.01597	0.00771	0.02093	0.01212	0.03195	0.00991	0.01157	0.00771	0.00661	0.00441	0.00220	0.00551	0.00386	0.00441	0.00771
84	0.01681	0.01921	0.04202	0.03001	0.03721	0.01801	0.67947	0.02281	0.01681	0.02281	0.01441	0.01921	0.01080	0.00600	0.00840	0.00240	0.01200	0.00840	0.00360	0.00960
85	0.80005	0.01377	0.01047	0.00936	0.01377	0.01597	0.00771	0.02093	0.01212	0.03195	0.00991	0.01157	0.00771	0.00661	0.00441	0.00220	0.00551	0.00386	0.00441	0.00771
86	0.01477	0.01266	0.01477	0.01055	0.01687	0.00949	0.00844	0.01793	0.01477	0.02320	0.01266	0.01477	0.01055	0.00527	0.00527	0.00105	0.00527	0.00422	0.00422	0.79328
87	0.01904	0.75404	0.03731	0.01218	0.01828	0.02818	0.01218	0.02132	0.01447	0.01675	0.00990	0.01142	0.00914	0.00609	0.00457	0.00152	0.00761	0.00381	0.00305	0.00914
88	0.01008	0.00728	0.00952	0.00896	0.01064	0.00672	0.00672	0.01344	0.02016	0.02855	0.70158	0.05319	0.06719	0.01456	0.00840	0.00224	0.00336	0.01288	0.00784	0.00672
89	0.80005	0.01377	0.01047	0.00936	0.01377	0.01597	0.00771	0.02093	0.01212	0.03195	0.00991	0.01157	0.00771	0.00661	0.00441	0.00220	0.00551	0.00386	0.00441	0.00771
90	0.02517	0.06093	0.02139	0.01988	0.07679	0.61240	0.01417	0.02726	0.01945	0.01807	0.01121	0.01323	0.00939	0.00714	0.00636	0.00182	0.01202	0.00468	0.00365	0.03500
91	0.01681	0.01921	0.04202	0.03001	0.03721	0.01801	0.67947	0.02281	0.01681	0.02281	0.01441	0.01921	0.01080	0.00600	0.00840	0.00240	0.01200	0.00840	0.00360	0.00960
92	0.01017	0.00763	0.01144	0.01144	0.01272	0.00890	0.00890	0.01272	0.01144	0.01653	0.01907	0.02797	0.01780	0.05340	0.72153	0.01144	0.01907	0.00763	0.00381	0.00636
93	0.01345	0.01266	0.02136	0.73264	0.04904	0.01582	0.01978	0.01819	0.01424	0.01819	0.01266	0.01898	0.00949	0.00712	0.00712	0.00237	0.00949	0.00633	0.00316	0.00791
94	0.02707	0.01995	0.02137	0.01638	0.02208	0.02208	0.01353	0.68159	0.03348	0.04488	0.01710	0.01710	0.01211	0.00855	0.00712	0.00214	0.00784	0.00641	0.00712	0.01211
95	0.00903	0.00714	0.00714	0.00714	0.00945	0.00609	0.00536	0.01103	0.01607	0.02016	0.06594	0.06321	0.61574	0.01680	0.00798	0.00231	0.00357	0.01396	0.10579	0.00609
96	0.00842	0.00721	0.00721	0.00721	0.00962	0.00601	0.00541	0.01022	0.01623	0.01924	0.07213	0.06853	0.70244	0.01803	0.00842	0.00240	0.00361	0.01503	0.00661	0.00601
97	0.01036	0.00690	0.00777	0.00777	0.00777	0.00690	0.00431	0.01036	0.01036	0.01381	0.02244	0.04660	0.02589	0.74975	0.03624	0.00690	0.00690	0.01036	0.00431	0.00431
98	0.01655	0.01408	0.01510	0.01365	0.01732	0.01604	0.01058	0.03414	0.59052	0.02960	0.13098	0.03060	0.02863	0.01040	0.00742	0.00239	0.00529	0.00878	0.00734	0.01058
99	0.02607	0.03086	0.01993	0.01767	0.02161	0.58824	0.01345	0.12984	0.02213	0.02177	0.01399	0.01535	0.03264	0.00788	0.00660	0.00190	0.01175	0.00522	0.00431	0.00878

[dist]
# distance from previous block
# <min> <max>
0	1

[block]
# block no. 2 follows, 29 sequences, length 107
# corresponding to MSA columns:
# 195-301
name=unknown_C
#
# <colnr> <probs for GDERKNQSTAVLIFYWHMCP>
#	G	D	E	R	K	N	Q	S	T	A	V	L	I	F	Y	W	H	M	C	P
0	0.61897	0.05364	0.01385	0.01078	0.01551	0.01772	0.00900	0.14077	0.01612	0.03350	0.01122	0.01256	0.00858	0.00693	0.00491	0.00216	0.00604	0.00432	0.00483	0.00858
1	0.01808	0.01606	0.01627	0.01465	0.01866	0.04663	0.01137	0.03745	0.66483	0.02928	0.02824	0.02600	0.02122	0.00957	0.00721	0.00239	0.00593	0.00791	0.00710	0.01115
2	0.01486	0.03607	0.68149	0.02012	0.03042	0.01679	0.02573	0.05244	0.01587	0.02356	0.01297	0.01513	0.00916	0.00685	0.00678	0.00225	0.01040	0.00531	0.00319	0.01060
3	0.01442	0.05724	0.69363	0.02006	0.03046	0.01687	0.02591	0.02252	0.01502	0.02239	0.01270	0.01493	0.00902	0.00675	0.00670	0.00223	0.01044	0.00522	0.00301	0.01048
4	0.02423	0.01622	0.01818	0.01463	0.01929	0.01734	0.01178	0.46277	0.02785	0.13254	0.02287	0.15751	0.01958	0.01122	0.00750	0.00229	0.00688	0.00916	0.00726	0.01090
5	0.01345	0.01266	0.02136	0.73264	0.04904	0.01582	0.01978	0.01819	0.01424	0.01819	0.01266	0.01898	0.00949	0.00712	0.00712	0.00237	0.00949	0.00633	0.00316	0.00791
6	0.00900	0.00644	0.00869	0.01028	0.01084	0.00613	0.00716	0.01048	0.01382	0.01842	0.03838	0.65524	0.04547	0.02315	0.03429	0.00323	0.00489	0.08168	0.00651	0.00588
7	0.03195	0.01212	0.01652	0.01267	0.01818	0.01047	0.01047	0.03470	0.02038	0.71026	0.02809	0.02424	0.01763	0.00881	0.00716	0.00220	0.00606	0.00716	0.00881	0.01212
8	0.05362	0.01396	0.01683	0.01339	0.01847	0.01389	0.01091	0.15383	0.13902	0.41486	0.05622	0.02420	0.01923	0.00910	0.00713	0.00223	0.00617	0.00732	0.00803	0.01157
9	0.01200	0.00871	0.01072	0.01030	0.01236	0.00865	0.00788	0.01682	0.10127	0.06070	0.32949	0.14315	0.15065	0.01550	0.00888	0.00247	0.02869	0.05716	0.00722	0.00736
10	0.02664	0.01973	0.02113	0.01630	0.02192	0.02188	0.01343	0.65239	0.06337	0.04419	0.01763	0.01753	0.01255	0.00860	0.00713	0.00215	0.00774	0.00649	0.00713	0.01207
11	0.01762	0.01692	0.02890	0.04371	0.70533	0.01692	0.02185	0.02185	0.01621	0.02326	0.01339	0.01762	0.01128	0.00634	0.00705	0.00211	0.00846	0.00634	0.00352	0.01128
12	0.01428	0.03683	0.71286	0.02030	0.03082	0.01654	0.02631	0.02255	0.01503	0.02255	0.01278	0.01503	0.00902	0.00677	0.00677	0.00226	0.01052	0.00526	0.00301	0.01052
13	0.01490	0.01485	0.02409	0.55471	0.11534	0.05307	0.08375	0.01956	0.01501	0.01913	0.01282	0.01854	0.00979	0.00694	0.00720	0.00232	0.00980	0.00644	0.00327	0.00845
14	0.01428	0.03683	0.71286	0.02030	0.03082	0.01654	0.02631	0.02255	0.01503	0.02255	0.01278	0.01503	0.00902	0.00677	0.00677	0.00226	0.01052	0.00526	0.00301	0.01052
15	0.01681	0.01921	0.04202	0.03001	0.03721	0.01801	0.67947	0.02281	0.01681	0.02281	0.01441	0.01921	0.01080	0.00600	0.00840	0.00240	0.01200	0.00840	0.00360	0.00960
16	0.01833	0.01493	0.01684	0.01474	0.01843	0.04800	0.04577	0.16146	0.29112	0.05539	0.02749	0.18523	0.02474	0.01225	0.00774	0.00246	0.00647	0.03199	0.00676	0.00987
17	0.01675	0.01623	0.02623	0.18929	0.51378	0.04095	0.02054	0.02097	0.01608	0.02218	0.03971	0.01912	0.01298	0.00686	0.00709	0.00217	0.00864	0.00653	0.00362	0.01027
18	0.02589	0.01914	0.02058	0.01602	0.02141	0.02117	0.01313	0.62788	0.05564	0.04311	0.01854	0.05120	0.01407	0.00923	0.00722	0.00218	0.00759	0.00711	0.00710	0.01179
19	0.01543	0.01468	0.02494	0.40513	0.36104	0.01634	0.02076	0.01993	0.01518	0.02060	0.01301	0.01834	0.01034	0.00675	0.00709	0.00225	0.00900	0.00634	0.00334	0.00951
20	0.12034	0.02008	0.01942	0.01539	0.02062	0.08784	0.01256	0.51458	0.02899	0.03975	0.01761	0.01785	0.03598	0.00854	0.00677	0.00213	0.00788	0.00623	0.00644	0.01099
21	0.02707	0.01995	0.02137	0.01638	0.02208	0.02208	0.01353	0.68159	0.03348	0.04488	0.01710	0.01710	0.01211	0.00855	0.00712	0.00214	0.00784	0.00641	0.00712	0.01211
22	0.01053	0.00787	0.00857	0.00811	0.01064	0.00686	0.00617	0.03239	0.01771	0.05795	0.18746	0.06175	0.52535	0.01661	0.00831	0.00235	0.00382	0.01395	0.00698	0.00665
23	0.01003	0.00724	0.00947	0.00899	0.01063	0.00668	0.00671	0.01330	0.01991	0.02816	0.67656	0.07933	0.06643	0.01485	0.00842	0.00226	0.00339	0.01316	0.00779	0.00668
24	0.01793	0.01494	0.01584	0.01420	0.01823	0.01710	0.01106	0.03688	0.64804	0.05346	0.03027	0.02777	0.04245	0.00989	0.00728	0.00241	0.00559	0.00823	0.00728	0.01114
25	0.01771	0.01530	0.01610	0.01449	0.01852	0.01771	0.01127	0.03784	0.69247	0.02979	0.02898	0.02657	0.02174	0.00966	0.00725	0.00242	0.00564	0.00805	0.00725	0.01127
26	0.01681	0.01921	0.04202	0.03001	0.03721	0.01801	0.67947	0.02281	0.01681	0.02281	0.01441	0.01921	0.01080	0.00600	0.00840	0.00240	0.01200	0.00840	0.00360	0.00960
27	0.00847	0.00722	0.00728	0.00727	0.00965	0.00603	0.00545	0.01032	0.01635	0.01952	0.09142	0.06806	0.68298	0.01793	0.00842	0.00240	0.00360	0.01496	0.00665	0.00603
28	0.01577	0.01755	0.03772	0.02745	0.03379	0.01645	0.59379	0.02117	0.01640	0.02222	0.01757	0.11164	0.01543	0.00808	0.00849	0.00246	0.01100	0.00991	0.00398	0.00912
29	0.01636	0.01915	0.07278	0.02655	0.03345	0.01709	0.52957	0.02191	0.01616	0.02255	0.01385	0.01826	0.01061	0.00628	0.00870	0.00227	0.04808	0.00762	0.00362	0.10514
30	0.00866	0.00624	0.00822	0.00980	0.01030	0.00579	0.00656	0.00993	0.01374	0.01822	0.04060	0.71729	0.07404	0.02213	0.00906	0.00287	0.00411	0.02003	0.00661	0.00579
31	0.40627	0.04204	0.22465	0.04258	0.02031	0.01559	0.01396	0.02095	0.03018	0.02768	0.08268	0.01757	0.01469	0.00755	0.00572	0.00221	0.00704	0.00541	0.00431	0.00860
32	0.02223	0.01458	0.01655	0.01476	0.04454	0.04623	0.01123	0.07634	0.28180	0.23956	0.05234	0.05161	0.02152	0.00981	0.00726	0.00226	0.00622	0.02667	0.00726	0.04723
33	0.01036	0.00690	0.00777	0.00777	0.00777	0.00690	0.00431	0.01036	0.01036	0.01381	0.02244	0.04660	0.02589	0.74975	0.03624	0.00690	0.00690	0.01036	0.00431	0.00431
34	0.01071	0.00820	0.01205	0.01181	0.01300	0.00980	0.00926	0.01320	0.01154	0.01696	0.01849	0.02697	0.01717	0.04853	0.64048	0.01043	0.07336	0.00748	0.03408	0.00648
35	0.01498	0.01303	0.01633	0.12155	0.02204	0.01147	0.01069	0.03798	0.01505	0.02278	0.01262	0.01552	0.01037	0.00602	0.00653	0.00139	0.04332	0.00471	0.00409	0.60952
36	0.03195	0.01212	0.01652	0.01267	0.01818	0.01047	0.01047	0.03470	0.02038	0.71026	0.02809	0.02424	0.01763	0.00881	0.00716	0.00220	0.00606	0.00716	0.00881	0.01212
37	0.01428	0.03683	0.71286	0.02030	0.03082	0.01654	0.02631	0.02255	0.01503	0.02255	0.01278	0.01503	0.00902	0.00677	0.00677	0.00226	0.01052	0.00526	0.00301	0.01052
38	0.01577	0.01325	0.01530	0.01102	0.01730	0.01052	0.00885	0.07212	0.01629	0.02497	0.01302	0.01496	0.01067	0.00554	0.00542	0.00114	0.00548	0.00440	0.00446	0.72950
39	0.01538	0.20288	0.55646	0.01842	0.02792	0.01923	0.02304	0.02227	0.01490	0.02121	0.01211	0.01420	0.00905	0.00661	0.00626	0.00209	0.00985	0.00493	0.00302	0.01020
40	0.01558	0.01558	0.02181	0.01869	0.01869	0.02181	0.01558	0.01714	0.01091	0.01714	0.00935	0.01558	0.00935	0.01246	0.02337	0.00312	0.73672	0.00623	0.00312	0.00779
41	0.01681	0.01921	0.04202	0.03001	0.03721	0.01801	0.67947	0.02281	0.01681	0.02281	0.01441	0.01921	0.01080	0.00600	0.00840	0.00240	0.01200	0.00840	0.00360	0.00960
42	0.01762	0.01692	0.02890	0.04371	0.70533	0.01692	0.02185	0.02185	0.01621	0.02326	0.01339	0.01762	0.01128	0.00634	0.00705	0.00211	0.00846	0.00634	0.00352	0.01128
43	0.01036	0.00690	0.00777	0.00777	0.00777	0.00690	0.00431	0.01036	0.01036	0.01381	0.02244	0.04660	0.02589	0.74975	0.03624	0.00690	0.00690	0.01036	0.00431	0.00431
44	0.01428	0.03683	0.71286	0.02030	0.03082	0.01654	0.02631	0.02255	0.01503	0.02255	0.01278	0.01503	0.00902	0.00677	0.00677	0.00226	0.01052	0.00526	0.00301	0.01052
45	0.00868	0.00620	0.00826	0.00991	0.01033	0.00578	0.00661	0.00991	0.01363	0.01818	0.03925	0.74510	0.04710	0.02231	0.00909	0.00289	0.00413	0.02024	0.00661	0.00578
46	0.01762	0.01692	0.02890	0.04371	0.70533	0.01692	0.02185	0.02185	0.01621	0.02326	0.01339	0.01762	0.01128	0.00634	0.00705	0.00211	0.00846	0.00634	0.00352	0.01128
47	0.01446	0.01463	0.02758	0.52111	0.04548	0.01648	0.21838	0.01958	0.01501	0.01958	0.01318	0.01905	0.00989	0.00678	0.00751	0.00238	0.01025	0.00695	0.00330	0.00842
48	0.02188	0.02606	0.02115	0.11868	0.05989	0.43273	0.01541	0.02418	0.01710	0.01777	0.01099	0.01454	0.00936	0.00839	0.01030	0.00221	0.17236	0.00528	0.00347	0.00826
49	0.01509	0.01305	0.01522	0.01131	0.01712	0.01086	0.00904	0.01983	0.08041	0.02356	0.01409	0.01595	0.01158	0.00603	0.00630	0.00128	0.03924	0.00468	0.00446	0.68089
50	0.01000	0.00691	0.00790	0.00815	0.00851	0.00673	0.00496	0.01046	0.01157	0.01515	0.03016	0.12796	0.10064	0.56351	0.02927	0.00584	0.00623	0.03639	0.00490	0.00474
51	0.00876	0.00623	0.00824	0.00980	0.01019	0.00584	0.00649	0.00994	0.01346	0.01795	0.03837	0.70854	0.04599	0.06039	0.01051	0.00310	0.00428	0.01973	0.00649	0.00571
52	0.00870	0.00641	0.00815	0.00942	0.01022	0.00586	0.00642	0.01013	0.01436	0.01883	0.07483	0.60128	0.15684	0.02125	0.00895	0.00278	0.00401	0.01904	0.00667	0.00586
53	0.01671	0.01892	0.04042	0.02912	0.03575	0.01831	0.62714	0.02236	0.01634	0.02236	0.01401	0.01892	0.01069	0.00651	0.00958	0.00246	0.06914	0.00823	0.00356	0.00946
54	0.00874	0.00625	0.00832	0.00987	0.01034	0.00583	0.00661	0.01008	0.01393	0.01865	0.06937	0.71364	0.04801	0.02196	0.00906	0.00286	0.00410	0.01991	0.00667	0.00583
55	0.00964	0.00761	0.00891	0.00957	0.01167	0.00688	0.00783	0.01203	0.01629	0.02006	0.05839	0.07323	0.43848	0.01869	0.00898	0.00275	0.00478	0.27137	0.00659	0.00623
56	0.80005	0.01377	0.01047	0.00936	0.01377	0.01597	0.00771	0.02093	0.01212	0.03195	0.00991	0.01157	0.00771	0.00661	0.00441	0.00220	0.00551	0.00386	0.00441	0.00771
57	0.02660	0.03394	0.02018	0.01834	0.02201	0.72116	0.01376	0.02843	0.02018	0.01743	0.01101	0.01284	0.00917	0.00734	0.00642	0.00183	0.01284	0.00459	0.00367	0.00825
58	0.00910	0.00650	0.00875	0.01040	0.01100	0.00615	0.00735	0.01065	0.01405	0.01866	0.03901	0.64346	0.04616	0.02191	0.00920	0.00295	0.00450	0.11767	0.00660	0.00590
59	0.01702	0.01214	0.01461	0.01074	0.01657	0.00942	0.00861	0.02014	0.01606	0.12886	0.07048	0.01931	0.01619	0.00656	0.00581	0.00133	0.00524	0.00537	0.00521	0.61032
60	0.04595	0.03368	0.61625	0.01968	0.02952	0.01615	0.04638	0.02332	0.01534	0.06933	0.01376	0.01566	0.00961	0.00687	0.00676	0.00225	0.01008	0.00544	0.00347	0.01049
61	0.01488	0.11082	0.61490	0.01985	0.02978	0.01781	0.05169	0.02243	0.01505	0.02196	0.01255	0.01483	0.00911	0.00666	0.00660	0.00218	0.01028	0.00524	0.00304	0.01034
62	0.01428	0.03683	0.71286	0.02030	0.03082	0.01654	0.02631	0.02255	0.01503	0.02255	0.01278	0.01503	0.00902	0.00677	0.00677	0.00226	0.01052	0.00526	0.00301	0.01052
63	0.00868	0.00620	0.00826	0.00991	0.01033	0.00578	0.00661	0.00991	0.01363	0.01818	0.03925	0.74510	0.04710	0.02231	0.00909	0.00289	0.00413	0.02024	0.00661	0.00578
64	0.01464	0.03432	0.61708	0.02168	0.03173	0.01675	0.11956	0.02259	0.01529	0.02259	0.01301	0.01563	0.00927	0.00666	0.00700	0.00228	0.01074	0.00571	0.00309	0.01039
65	0.01526	0.01358	0.02180	0.40938	0.20790	0.01543	0.01834	0.06885	0.01633	0.02182	0.04050	0.02311	0.01409	0.00869	0.00814	0.03483	0.00858	0.04066	0.00391	0.00877
66	0.02707	0.01995	0.02137	0.01638	0.02208	0.02208	0.01353	0.68159	0.03348	0.04488	0.01710	0.01710	0.01211	0.00855	0.00712	0.00214	0.00784	0.00641	0.00712	0.01211
67	0.02443	0.01890	0.01918	0.06982	0.02264	0.11071	0.01301	0.28890	0.18966	0.13729	0.02055	0.02009	0.01473	0.00859	0.00707	0.00219	0.00781	0.00668	0.00666	0.01108
68	0.00868	0.00620	0.00826	0.00991	0.01033	0.00578	0.00661	0.00991	0.01363	0.01818	0.03925	0.74510	0.04710	0.02231	0.00909	0.00289	0.00413	0.02024	0.00661	0.00578
69	0.03096	0.01190	0.01621	0.01250	0.01784	0.01030	0.01030	0.03374	0.02037	0.67934	0.05864	0.02555	0.01987	0.00907	0.00722	0.00220	0.00594	0.00742	0.00877	0.01187
70	0.02608	0.01369	0.01654	0.01354	0.01846	0.01381	0.01091	0.06097	0.28922	0.41285	0.02802	0.02489	0.01905	0.00914	0.00719	0.00229	0.00596	0.00749	0.00812	0.01178
71	0.01809	0.01781	0.02845	0.04238	0.66956	0.05379	0.02143	0.02220	0.01642	0.02296	0.01327	0.01737	0.01117	0.00640	0.00702	0.00210	0.00869	0.00625	0.00353	0.01112
72	0.00882	0.00630	0.00843	0.01008	0.01056	0.00591	0.00686	0.01017	0.01378	0.01834	0.03917	0.71030	0.04678	0.02217	0.00913	0.00291	0.00426	0.05360	0.00661	0.00582
73	0.02660	0.03394	0.02018	0.01834	0.02201	0.72116	0.01376	0.02843	0.02018	0.01743	0.01101	0.01284	0.00917	0.00734	0.00642	0.00183	0.01284	0.00459	0.00367	0.00825
74	0.66381	0.01486	0.01239	0.01060	0.01524	0.01705	0.00874	0.13737	0.01588	0.03423	0.01118	0.01254	0.00849	0.00695	0.00489	0.00219	0.00592	0.00431	0.00489	0.00849
75	0.01019	0.00756	0.01111	0.01111	0.01227	0.00872	0.00849	0.01250	0.01135	0.01629	0.01937	0.02964	0.01853	0.11581	0.66012	0.01104	0.01798	0.00787	0.00386	0.00617
76	0.02982	0.01165	0.01584	0.01231	0.01745	0.01010	0.01010	0.03264	0.02036	0.64405	0.09351	0.02705	0.02244	0.00937	0.00728	0.00221	0.00580	0.00772	0.00872	0.01159
77	0.07040	0.01204	0.01598	0.01237	0.01770	0.01062	0.01020	0.03328	0.01995	0.65254	0.05000	0.02457	0.01880	0.00890	0.00706	0.00220	0.00594	0.00719	0.00856	0.01171
78	0.01447	0.06457	0.68673	0.01998	0.03033	0.01699	0.02576	0.02250	0.01501	0.02233	0.01267	0.01489	0.00902	0.00674	0.00668	0.00223	0.01041	0.00521	0.00301	0.01047
79	0.00868	0.00620	0.00826	0.00991	0.01033	0.00578	0.00661	0.00991	0.01363	0.01818	0.03925	0.74510	0.04710	0.02231	0.00909	0.00289	0.00413	0.02024	0.00661	0.00578
80	0.01327	0.00664	0.00664	0.00664	0.00830	0.00664	0.00498	0.01659	0.01493	0.02655	0.02323	0.02655	0.01825	0.00830	0.00498	0.00166	0.00332	0.00664	0.78928	0.00664
81	0.01514	0.01288	0.01497	0.01073	0.01703	0.00988	0.00859	0.03827	0.01534	0.02387	0.01279	0.01484	0.01059	0.00537	0.00533	0.00109	0.00535	0.00429	0.00431	0.76934
82	0.01735	0.01359	0.01647	0.01237	0.01799	0.01187	0.03462	0.12518	0.04170	0.05736	0.01572	0.04472	0.01302	0.00770	0.00704	0.03818	0.00598	0.00571	0.00502	0.50841
83	0.01555	0.04127	0.02365	0.46391	0.19974	0.06046	0.01941	0.01975	0.01491	0.01924	0.01246	0.01784	0.00987	0.00719	0.00780	0.00229	0.04650	0.00613	0.00327	0.00876
84	0.01024	0.00848	0.00914	0.00885	0.01133	0.00799	0.00676	0.01516	0.11909	0.02266	0.18287	0.05972	0.45676	0.01617	0.00829	0.00241	0.00397	0.03623	0.00694	0.00696
85	0.01669	0.01897	0.04128	0.05514	0.03764	0.01793	0.65588	0.02264	0.01671	0.02264	0.01434	0.01920	0.01076	0.00604	0.00836	0.00240	0.01191	0.00833	0.00359	0.00954
86	0.01834	0.01805	0.02748	0.07945	0.53578	0.06953	0.04575	0.04526	0.04776	0.02354	0.01405	0.01780	0.01150	0.00668	0.00707	0.00213	0.00883	0.00637	0.00381	0.01082
87	0.01588	0.01728	0.03510	0.19944	0.03834	0.01784	0.45678	0.02115	0.01563	0.02115	0.01350	0.01881	0.01035	0.00688	0.00950	0.00246	0.07974	0.00769	0.00345	0.00902
88	0.00843	0.00717	0.00726	0.00734	0.00965	0.00600	0.00547	0.01020	0.01611	0.01919	0.07061	0.09992	0.67204	0.01823	0.00845	0.00243	0.00363	0.01527	0.00661	0.00600
89	0.01917	0.70193	0.05955	0.01270	0.01885	0.05453	0.01272	0.02164	0.01471	0.01698	0.01004	0.01160	0.00914	0.00616	0.00471	0.00156	0.00792	0.00389	0.00307	0.00915
90	0.08487	0.01320	0.01670	0.01290	0.01835	0.01228	0.01065	0.11346	0.02142	0.58100	0.02547	0.02247	0.01626	0.00863	0.00696	0.00220	0.00624	0.00684	0.00830	0.01181
91	0.01682	0.01610	0.02746	0.17564	0.57965	0.01671	0.02146	0.02115	0.01584	0.02229	0.01325	0.01788	0.01094	0.00649	0.00706	0.00216	0.00866	0.00634	0.00346	0.01063
92	0.00868	0.00718	0.00761	0.00760	0.00981	0.00611	0.00566	0.01070	0.01671	0.02061	0.16688	0.09695	0.57550	0.01770	0.00844	0.00240	0.00359	0.01494	0.00680	0.00611
93	0.06463	0.06140	0.04775	0.01954	0.07108	0.57869	0.01445	0.02706	0.01905	0.01876	0.01115	0.01315	0.00924	0.00716	0.00630	0.00188	0.01185	0.00467	0.00364	0.00857
94	0.04690	0.46493	0.25769	0.01537	0.02289	0.02354	0.04050	0.02176	0.01465	0.01944	0.01100	0.01289	0.00911	0.00633	0.00542	0.00182	0.00864	0.00445	0.00310	0.00955
95	0.00842	0.00721	0.00721	0.00721	0.00962	0.00601	0.00541	0.01022	0.01623	0.01924	0.07213	0.06853	0.70244	0.01803	0.00842	0.00240	0.00361	0.01503	0.00661	0.00601
96	0.00925	0.00760	0.00821	0.00811	0.01041	0.00673	0.00617	0.01217	0.04479	0.02153	0.18839	0.06442	0.52376	0.01710	0.00843	0.00241	0.00378	0.04347	0.00687	0.00639
97	0.01519	0.01444	0.02451	0.44489	0.32316	0.01628	0.02064	0.01972	0.01506	0.02031	0.01296	0.01842	0.01024	0.00680	0.00709	0.00227	0.00906	0.00633	0.00331	0.00932
98	0.01718	0.01647	0.02811	0.11622	0.63625	0.01680	0.02163	0.02147	0.01601	0.02273	0.01332	0.01777	0.01109	0.00643	0.00706	0.00214	0.00857	0.00634	0.00349	0.01092
99	0.76061	0.01409	0.01102	0.00972	0.01419	0.01629	0.00801	0.05464	0.01321	0.03261	0.01028	0.01185	0.00794	0.00671	0.00455	0.00220	0.00563	0.00399	0.00455	0.00794
100	0.01237	0.00618	0.00928	0.00928	0.00928	0.00618	0.00618	0.00928	0.00928	0.01237	0.01237	0.02165	0.01237	0.02474	0.02783	0.79283	0.00618	0.00618	0.00309	0.00309
101	0.01477	0.01266	0.01477	0.01055	0.01687	0.00949	0.00844	0.01793	0.01477	0.02320	0.01266	0.01477	0.01055	0.00527	0.00527	0.00105	0.00527	0.00422	0.00422	0.79328
102	0.00905	0.00719	0.00813	0.00801	0.01004	0.00626	0.00596	0.01141	0.01757	0.02268	0.30650	0.09730	0.43078	0.01695	0.00844	0.00237	0.00354	0.01449	0.00707	0.00626
103	0.00868	0.00620	0.00826	0.00991	0.01033	0.00578	0.00661	0.00991	0.01363	0.01818	0.03925	0.74510	0.04710	0.02231	0.00909	0.00289	0.00413	0.02024	0.00661	0.00578
104	0.01442	0.01372	0.02321	0.56412	0.14548	0.01617	0.05030	0.01985	0.04550	0.01969	0.01359	0.01914	0.01038	0.00707	0.00717	0.00234	0.00928	0.00651	0.00342	0.00865
105	0.01724	0.36986	0.33242	0.01686	0.02482	0.05798	0.04880	0.02229	0.01511	0.01960	0.01142	0.01343	0.00916	0.00645	0.00580	0.00190	0.00935	0.00469	0.00309	0.00972
106	0.00990	0.00857	0.03321	0.01083	0.04734	0.00722	0.00778	0.01267	0.01754	0.02366	0.35095	0.17456	0.23693	0.01619	0.00840	0.00239	0.00407	0.01416	0.00689	0.00672

[dist]
# distance from previous block
# <min> <max>
0	0

# created by:
# /st0/software/busco_prod/Augustus/scripts/msa2prfl.pl ./align_prep/133324.fa
