[name]
unknown

[dist]
# distance from previous block
# <min> <max>
0	121

[block]
# block no. 0 follows, 29 sequences, length 12
# corresponding to MSA columns:
# 134-145
name=unknown_A
#
# <colnr> <probs for GDERKNQSTAVLIFYWHMCP>
#	G	D	E	R	K	N	Q	S	T	A	V	L	I	F	Y	W	H	M	C	P
0	0.02159	0.01444	0.01704	0.01539	0.04740	0.01528	0.01205	0.22263	0.18148	0.16027	0.02799	0.03516	0.04756	0.01133	0.00774	0.00245	0.00659	0.13586	0.00719	0.01055
1	0.01450	0.05552	0.02242	0.44418	0.03677	0.01860	0.01789	0.01800	0.01309	0.01775	0.01135	0.01738	0.00942	0.00892	0.01261	0.00258	0.26179	0.00615	0.00314	0.00794
2	0.01494	0.01475	0.01962	0.05369	0.11008	0.09137	0.06394	0.01795	0.01558	0.02118	0.18180	0.02696	0.02508	0.01659	0.11157	0.00370	0.19064	0.00806	0.00453	0.00798
3	0.08780	0.01009	0.01174	0.01103	0.01361	0.01024	0.00848	0.08561	0.07362	0.05980	0.22866	0.22119	0.04038	0.01456	0.00791	0.00244	0.00487	0.06320	0.00688	0.03791
4	0.01011	0.00690	0.00817	0.00825	0.00863	0.00674	0.00505	0.01091	0.01267	0.01722	0.15852	0.12799	0.03648	0.52111	0.02763	0.00552	0.00589	0.01199	0.00527	0.00496
5	0.16481	0.40148	0.07214	0.01322	0.01855	0.07005	0.01248	0.02327	0.08434	0.02139	0.01211	0.01359	0.01018	0.00706	0.00617	0.00190	0.04990	0.00454	0.00378	0.00905
6	0.05786	0.02673	0.42934	0.05434	0.02789	0.01484	0.09072	0.02061	0.01564	0.02332	0.08020	0.02582	0.01794	0.00876	0.00730	0.00238	0.00926	0.07371	0.00398	0.00937
7	0.01278	0.01036	0.01447	0.15639	0.06711	0.01109	0.01253	0.04233	0.06824	0.02160	0.03297	0.09560	0.10559	0.04998	0.00986	0.00296	0.00677	0.26621	0.00566	0.00750
8	0.17183	0.01403	0.01496	0.01124	0.01709	0.01277	0.00910	0.12363	0.01721	0.02836	0.01282	0.01450	0.01023	0.00606	0.00540	0.00145	0.00573	0.00449	0.00472	0.51439
9	0.01485	0.01738	0.09780	0.06439	0.07359	0.01552	0.28908	0.01970	0.01630	0.02301	0.14912	0.02475	0.02153	0.00861	0.00974	0.00236	0.09697	0.00827	0.00432	0.04270
10	0.09586	0.01210	0.01790	0.37931	0.09213	0.01385	0.01506	0.01945	0.04241	0.06756	0.08067	0.05421	0.01848	0.05168	0.00874	0.00260	0.00765	0.00764	0.00452	0.00819
11	0.01302	0.01068	0.03875	0.18452	0.02185	0.01063	0.01133	0.01695	0.05392	0.08017	0.12156	0.19039	0.15353	0.01393	0.00876	0.00249	0.04215	0.01192	0.00586	0.00759

[dist]
# distance from previous block
# <min> <max>
0	18

[block]
# block no. 1 follows, 29 sequences, length 8
# corresponding to MSA columns:
# 164-171
name=unknown_B
#
# <colnr> <probs for GDERKNQSTAVLIFYWHMCP>
#	G	D	E	R	K	N	Q	S	T	A	V	L	I	F	Y	W	H	M	C	P
0	0.60432	0.05711	0.04350	0.01139	0.01549	0.01757	0.00994	0.02045	0.01219	0.02846	0.00995	0.01231	0.00809	0.00747	0.00737	0.00230	0.11582	0.00427	0.00408	0.00792
1	0.01383	0.01036	0.01184	0.05134	0.01436	0.01075	0.00802	0.16474	0.01817	0.02381	0.08372	0.04341	0.19898	0.25676	0.05558	0.00429	0.00681	0.01047	0.00572	0.00703
2	0.37692	0.10513	0.01691	0.01200	0.01586	0.01733	0.01008	0.06484	0.01451	0.11598	0.01286	0.01491	0.01006	0.00916	0.00952	0.05981	0.11602	0.00498	0.00470	0.00843
3	0.02216	0.01664	0.01906	0.01669	0.06452	0.01801	0.01258	0.46894	0.02720	0.03678	0.01982	0.11599	0.01715	0.01365	0.06336	0.00292	0.00816	0.00828	0.00644	0.04165
4	0.01857	0.10948	0.06011	0.07037	0.31118	0.07088	0.11793	0.02257	0.01603	0.05817	0.01334	0.01690	0.01078	0.00701	0.00818	0.00217	0.06637	0.00620	0.00370	0.01008
5	0.63839	0.05615	0.01672	0.01263	0.01755	0.01696	0.10900	0.02124	0.01296	0.02972	0.01059	0.01271	0.00826	0.00649	0.00502	0.00219	0.00660	0.00454	0.00421	0.00808
6	0.01461	0.01342	0.02040	0.20067	0.12033	0.01585	0.03991	0.05178	0.01448	0.02022	0.01695	0.14192	0.01682	0.03398	0.01289	0.00271	0.21269	0.00880	0.00409	0.03749
7	0.00940	0.00641	0.00888	0.01006	0.01054	0.00631	0.00690	0.01025	0.01271	0.01714	0.03257	0.53911	0.03798	0.02731	0.11879	0.11133	0.00666	0.01644	0.00571	0.00550

[dist]
# distance from previous block
# <min> <max>
0	15

[block]
# block no. 2 follows, 29 sequences, length 10
# corresponding to MSA columns:
# 187-196
name=unknown_C
#
# <colnr> <probs for GDERKNQSTAVLIFYWHMCP>
#	G	D	E	R	K	N	Q	S	T	A	V	L	I	F	Y	W	H	M	C	P
0	0.01593	0.11012	0.01636	0.01165	0.01466	0.01436	0.00923	0.20249	0.01847	0.02438	0.02463	0.05149	0.09583	0.17393	0.17997	0.00527	0.00965	0.00854	0.00515	0.00788
1	0.02618	0.01126	0.01495	0.01197	0.01653	0.01012	0.00969	0.03021	0.06459	0.51483	0.17696	0.03079	0.02885	0.01014	0.00744	0.00223	0.00543	0.00848	0.00849	0.01087
2	0.01681	0.03445	0.55513	0.02022	0.02944	0.11004	0.05871	0.02387	0.01604	0.05146	0.01329	0.01536	0.00951	0.00689	0.00682	0.00220	0.01072	0.00542	0.00338	0.01024
3	0.01852	0.01661	0.02355	0.07731	0.39487	0.04105	0.01741	0.16606	0.02004	0.02697	0.02189	0.02420	0.10317	0.00847	0.00723	0.00217	0.00790	0.00745	0.00471	0.01044
4	0.01935	0.01694	0.17051	0.11006	0.02415	0.01220	0.04404	0.04048	0.01829	0.25049	0.16559	0.05131	0.02574	0.00968	0.00745	0.00228	0.00717	0.00832	0.00622	0.00973
5	0.01220	0.00899	0.01047	0.00987	0.01050	0.01009	0.00668	0.01506	0.08891	0.01743	0.02153	0.03805	0.02240	0.48806	0.02788	0.00533	0.10341	0.00915	0.08817	0.00582
6	0.01658	0.09528	0.09485	0.01602	0.01982	0.11873	0.08368	0.06867	0.01708	0.02210	0.13033	0.07144	0.02321	0.07418	0.01203	0.00269	0.11220	0.00826	0.00465	0.00820
7	0.23194	0.01327	0.01700	0.18298	0.03734	0.01485	0.04085	0.08407	0.01607	0.12781	0.01584	0.03251	0.01232	0.02942	0.03240	0.02612	0.04234	0.00629	0.02795	0.00865
8	0.01098	0.00854	0.01137	0.01369	0.08503	0.00854	0.00847	0.01467	0.09152	0.02014	0.07599	0.44770	0.03886	0.11538	0.01223	0.00325	0.00508	0.01558	0.00613	0.00686
9	0.01803	0.02862	0.48149	0.01834	0.02702	0.01463	0.05265	0.02466	0.01663	0.17490	0.06086	0.01974	0.01477	0.00769	0.00704	0.00225	0.00914	0.00632	0.00463	0.01059

[dist]
# distance from previous block
# <min> <max>
0	1

[block]
# block no. 3 follows, 29 sequences, length 100
# corresponding to MSA columns:
# 198-297
name=unknown_D
#
# <colnr> <probs for GDERKNQSTAVLIFYWHMCP>
#	G	D	E	R	K	N	Q	S	T	A	V	L	I	F	Y	W	H	M	C	P
0	0.09006	0.01418	0.02267	0.32339	0.31924	0.01567	0.01859	0.01967	0.01528	0.02236	0.06053	0.02008	0.01408	0.00726	0.00692	0.00224	0.00825	0.00655	0.00376	0.00923
1	0.04679	0.60831	0.03327	0.01283	0.01849	0.09318	0.01212	0.02313	0.06200	0.01825	0.01133	0.01261	0.00997	0.00648	0.00493	0.00164	0.00790	0.00418	0.00344	0.00915
2	0.06626	0.01162	0.03954	0.01099	0.01425	0.01108	0.00895	0.07665	0.13977	0.06217	0.32653	0.04187	0.13696	0.01255	0.00770	0.00228	0.00474	0.01059	0.00712	0.00837
3	0.01292	0.00972	0.01149	0.01160	0.01340	0.01020	0.00869	0.08021	0.14051	0.02279	0.03288	0.28385	0.04806	0.13666	0.01312	0.00345	0.00568	0.14106	0.00639	0.00732
4	0.09953	0.04901	0.01757	0.01308	0.01837	0.06222	0.01079	0.08309	0.03820	0.49858	0.02358	0.02121	0.01543	0.00839	0.00674	0.00215	0.00668	0.00649	0.00762	0.01129
5	0.01240	0.00620	0.00919	0.00919	0.00924	0.00620	0.00614	0.00952	0.00946	0.01283	0.01272	0.02181	0.01256	0.02420	0.02708	0.76692	0.00609	0.00620	0.02883	0.00321
6	0.02660	0.03394	0.02018	0.01834	0.02201	0.72116	0.01376	0.02843	0.02018	0.01743	0.01101	0.01284	0.00917	0.00734	0.00642	0.00183	0.01284	0.00459	0.00367	0.00825
7	0.02650	0.01961	0.02106	0.01611	0.02184	0.02150	0.01330	0.65072	0.03261	0.04387	0.01689	0.01699	0.01204	0.00840	0.00704	0.00209	0.00772	0.00631	0.00699	0.04844
8	0.00933	0.00715	0.00862	0.00907	0.01075	0.00645	0.00685	0.01161	0.01670	0.02167	0.22041	0.21037	0.30792	0.01829	0.00875	0.00259	0.00407	0.10624	0.00692	0.00622
9	0.00881	0.00645	0.00831	0.00975	0.01050	0.00596	0.00674	0.01024	0.01413	0.01850	0.04345	0.61766	0.13222	0.02160	0.00904	0.00285	0.00421	0.05713	0.00661	0.00586
10	0.02269	0.01695	0.01917	0.08367	0.02269	0.01876	0.01297	0.50584	0.02832	0.03786	0.02038	0.13912	0.01772	0.01071	0.00745	0.00229	0.00737	0.00872	0.00666	0.01065
11	0.01191	0.00869	0.01180	0.01321	0.01501	0.00886	0.01146	0.01636	0.06332	0.02190	0.03710	0.07659	0.03964	0.01898	0.00966	0.00322	0.00649	0.61233	0.00660	0.00688
12	0.01189	0.01021	0.01372	0.01304	0.01412	0.03949	0.01028	0.01414	0.01165	0.01661	0.01694	0.02546	0.01603	0.06274	0.53748	0.00931	0.15927	0.00731	0.00369	0.00666
13	0.02626	0.01934	0.02079	0.01610	0.02156	0.02136	0.01323	0.65199	0.03260	0.04370	0.01807	0.04918	0.01365	0.00915	0.00721	0.00217	0.00767	0.00702	0.00710	0.01183
14	0.01822	0.04968	0.02274	0.36942	0.13169	0.09774	0.01761	0.12990	0.05154	0.02371	0.01398	0.01782	0.01072	0.00735	0.00692	0.00220	0.00918	0.00612	0.00412	0.00933
15	0.01445	0.01423	0.02108	0.25132	0.11536	0.05854	0.07639	0.01767	0.01457	0.01894	0.02174	0.05043	0.10920	0.01161	0.02795	0.03183	0.12472	0.00813	0.00389	0.00794
16	0.76206	0.01346	0.01042	0.00934	0.01362	0.01553	0.00766	0.02057	0.01250	0.03178	0.04317	0.01357	0.01057	0.00699	0.00460	0.00221	0.00540	0.00429	0.00457	0.00766
17	0.01237	0.00947	0.01307	0.01313	0.03344	0.00942	0.04969	0.10564	0.01717	0.02305	0.07219	0.45765	0.03887	0.04510	0.00974	0.00288	0.00551	0.06810	0.00639	0.00712
18	0.01064	0.00807	0.01015	0.00976	0.01177	0.00716	0.00693	0.01258	0.01431	0.02025	0.12787	0.33218	0.03674	0.11046	0.06094	0.00346	0.00567	0.01324	0.00575	0.19208
19	0.10087	0.10045	0.35620	0.04245	0.02779	0.01717	0.13511	0.02211	0.01497	0.05284	0.01350	0.01632	0.01011	0.00940	0.04874	0.00274	0.01022	0.00577	0.00358	0.00966
20	0.01866	0.07485	0.07156	0.02580	0.21681	0.12143	0.11330	0.07366	0.07247	0.02346	0.01668	0.05504	0.01455	0.00847	0.00771	0.00223	0.03191	0.03723	0.00434	0.00985
21	0.01078	0.00744	0.00968	0.00903	0.01086	0.00682	0.00680	0.01406	0.02003	0.05191	0.65637	0.05272	0.08748	0.01448	0.00836	0.00224	0.00346	0.01275	0.00783	0.00688
22	0.04674	0.00771	0.00995	0.01095	0.04401	0.00739	0.00742	0.01279	0.01656	0.02350	0.32815	0.26699	0.08055	0.06680	0.01032	0.00280	0.00433	0.03981	0.00674	0.00649
23	0.05268	0.04789	0.11749	0.16463	0.20989	0.05552	0.12408	0.02062	0.01519	0.02127	0.01317	0.01760	0.01050	0.00792	0.00838	0.05799	0.00924	0.00621	0.03063	0.00910
24	0.04824	0.01481	0.01697	0.01481	0.04475	0.01613	0.01138	0.31548	0.07030	0.10557	0.02145	0.09654	0.01766	0.01167	0.03259	0.00256	0.04196	0.00803	0.09898	0.01015
25	0.01053	0.00728	0.00842	0.00837	0.00872	0.00746	0.00507	0.01154	0.03394	0.01481	0.02388	0.04463	0.04635	0.62725	0.10722	0.00709	0.00805	0.01013	0.00443	0.00482
26	0.32202	0.01158	0.01272	0.04544	0.01602	0.01235	0.03059	0.02140	0.06270	0.12055	0.16802	0.06800	0.02607	0.00987	0.00642	0.00226	0.00534	0.00794	0.04250	0.00824
27	0.02285	0.05128	0.01931	0.01466	0.01946	0.01900	0.01194	0.47887	0.06756	0.03786	0.02035	0.10845	0.01712	0.01010	0.00710	0.00216	0.00695	0.00805	0.04126	0.03568
28	0.01011	0.00714	0.00951	0.01088	0.01173	0.00696	0.00824	0.01198	0.01423	0.01875	0.03584	0.35548	0.04107	0.14116	0.01387	0.00371	0.00559	0.28167	0.00621	0.00586
29	0.01232	0.00875	0.01302	0.03742	0.04665	0.00870	0.05394	0.01302	0.01258	0.01778	0.06616	0.11089	0.02270	0.15419	0.01958	0.24614	0.02909	0.00913	0.06604	0.05190
30	0.09930	0.02855	0.11692	0.05239	0.04695	0.41306	0.01516	0.06998	0.01914	0.02221	0.04384	0.01565	0.01199	0.00756	0.00647	0.00201	0.01070	0.00526	0.00405	0.00880
31	0.04013	0.01726	0.01643	0.04377	0.01846	0.13155	0.01124	0.26425	0.02202	0.02985	0.01828	0.02238	0.02758	0.05262	0.00959	0.00238	0.06653	0.02040	0.17632	0.00895
32	0.50687	0.01345	0.01388	0.10573	0.04195	0.01531	0.02891	0.06527	0.01431	0.02896	0.01433	0.09623	0.01290	0.00856	0.00568	0.00230	0.00631	0.00642	0.00463	0.00800
33	0.04388	0.00914	0.01273	0.01135	0.01339	0.00925	0.05431	0.01426	0.01780	0.02538	0.43095	0.08149	0.12715	0.01438	0.00975	0.00242	0.07423	0.03450	0.00670	0.00693
34	0.01500	0.01094	0.01451	0.04409	0.01619	0.01144	0.04834	0.17637	0.01856	0.02512	0.13233	0.14046	0.02827	0.10270	0.04785	0.13781	0.00698	0.01020	0.00561	0.00720
35	0.06462	0.01273	0.01449	0.01047	0.01668	0.00990	0.00839	0.01812	0.01460	0.02376	0.01248	0.01456	0.01037	0.00536	0.00522	0.00113	0.00529	0.00420	0.00423	0.74341
36	0.02562	0.12763	0.02241	0.01754	0.02153	0.63100	0.01355	0.02751	0.01944	0.01734	0.01086	0.01266	0.00917	0.00718	0.00618	0.00179	0.01216	0.00448	0.00359	0.00837
37	0.04958	0.02505	0.29649	0.02631	0.12693	0.01676	0.26684	0.02320	0.01605	0.06368	0.01425	0.01735	0.01046	0.00654	0.00734	0.00228	0.01031	0.00664	0.00370	0.01026
38	0.01034	0.00695	0.00798	0.00798	0.00806	0.00702	0.00458	0.01049	0.01042	0.01397	0.02224	0.04550	0.02541	0.70870	0.07664	0.00717	0.00762	0.01019	0.00429	0.00444
39	0.01941	0.01614	0.01706	0.01483	0.01916	0.01850	0.01168	0.15457	0.57298	0.03252	0.02683	0.02485	0.01999	0.00946	0.00722	0.00236	0.00603	0.00775	0.00722	0.01142
40	0.01007	0.00706	0.00910	0.00932	0.00982	0.00744	0.00620	0.01111	0.01117	0.01533	0.02355	0.13468	0.02597	0.41179	0.26832	0.00792	0.01072	0.01075	0.00445	0.00522
41	0.03053	0.01439	0.01793	0.01375	0.01931	0.01384	0.01136	0.22252	0.02418	0.51707	0.02490	0.02216	0.01602	0.00874	0.00715	0.00218	0.00657	0.00694	0.00832	0.01212
42	0.00933	0.00784	0.00823	0.00828	0.01072	0.00700	0.00640	0.01249	0.06078	0.02014	0.06585	0.06694	0.59145	0.01765	0.00848	0.00249	0.00404	0.07883	0.00665	0.00641
43	0.01106	0.00846	0.01031	0.00988	0.01184	0.00837	0.00738	0.01682	0.12995	0.02689	0.46946	0.13610	0.09610	0.01493	0.00830	0.00236	0.00385	0.01313	0.00751	0.00731
44	0.00881	0.00626	0.00822	0.00974	0.01012	0.00588	0.00642	0.00995	0.01336	0.01782	0.03786	0.68731	0.04534	0.08250	0.01134	0.00322	0.00436	0.01942	0.00642	0.00566
45	0.02707	0.01995	0.02137	0.01638	0.02208	0.02208	0.01353	0.68159	0.03348	0.04488	0.01710	0.01710	0.01211	0.00855	0.00712	0.00214	0.00784	0.00641	0.00712	0.01211
46	0.05245	0.01275	0.01567	0.01268	0.01735	0.01246	0.01025	0.09116	0.13945	0.40714	0.12421	0.02775	0.02468	0.00969	0.00726	0.00224	0.00574	0.00796	0.00809	0.01103
47	0.01367	0.00702	0.00706	0.00692	0.00869	0.00708	0.00522	0.03570	0.01547	0.02707	0.02305	0.02628	0.01807	0.00830	0.00504	0.00167	0.00345	0.00663	0.76681	0.00679
48	0.07602	0.01317	0.01668	0.01294	0.01836	0.01229	0.01066	0.10447	0.04343	0.57560	0.02586	0.02279	0.01658	0.00868	0.00700	0.00220	0.00621	0.00691	0.00832	0.01183
49	0.04914	0.01375	0.02273	0.53119	0.20902	0.01610	0.01976	0.01921	0.01463	0.02005	0.01272	0.01832	0.00985	0.00691	0.00698	0.00230	0.00906	0.00622	0.00331	0.00873
50	0.01152	0.01150	0.10883	0.01197	0.01435	0.00835	0.01015	0.04125	0.01515	0.05337	0.03396	0.53780	0.03848	0.01874	0.00863	0.00276	0.00542	0.05448	0.00623	0.00707
51	0.04131	0.01470	0.09086	0.04028	0.04163	0.01316	0.07299	0.03755	0.13742	0.02567	0.19216	0.03813	0.03154	0.01159	0.00863	0.00246	0.04234	0.11741	0.00584	0.03433
52	0.04870	0.32215	0.07346	0.01530	0.02039	0.30106	0.01362	0.04819	0.01751	0.01925	0.01244	0.01651	0.01108	0.00754	0.00585	0.00185	0.00976	0.04285	0.00370	0.00879
53	0.01112	0.00752	0.00915	0.00870	0.01070	0.00673	0.00645	0.01361	0.01795	0.07472	0.37492	0.10333	0.25211	0.05906	0.01000	0.00261	0.00390	0.01347	0.00725	0.00670
54	0.01594	0.12503	0.45687	0.01936	0.06563	0.04866	0.02131	0.04986	0.03335	0.02317	0.06396	0.01782	0.01393	0.00740	0.00663	0.00213	0.00936	0.00579	0.00371	0.01009
55	0.00998	0.00699	0.00879	0.00919	0.00990	0.00707	0.00627	0.01128	0.01246	0.01699	0.05258	0.19244	0.07658	0.31550	0.16773	0.00617	0.00835	0.04225	0.03404	0.00544
56	0.80005	0.01377	0.01047	0.00936	0.01377	0.01597	0.00771	0.02093	0.01212	0.03195	0.00991	0.01157	0.00771	0.00661	0.00441	0.00220	0.00551	0.00386	0.00441	0.00771
57	0.01523	0.01448	0.02458	0.43813	0.32960	0.01629	0.02066	0.01976	0.01508	0.02036	0.01297	0.01840	0.01026	0.00679	0.00709	0.00226	0.00905	0.00634	0.00332	0.00935
58	0.01692	0.01620	0.03267	0.02417	0.02999	0.01523	0.47144	0.02249	0.04813	0.08802	0.02169	0.11890	0.04043	0.00903	0.00832	0.00245	0.00980	0.01008	0.00477	0.00929
59	0.00978	0.00722	0.00914	0.00875	0.01048	0.00658	0.00653	0.01284	0.01933	0.02681	0.58507	0.08427	0.15599	0.01537	0.00843	0.00229	0.00343	0.01349	0.00761	0.00658
60	0.01558	0.01558	0.02181	0.01869	0.01869	0.02181	0.01558	0.01714	0.01091	0.01714	0.00935	0.01558	0.00935	0.01246	0.02337	0.00312	0.73672	0.00623	0.00312	0.00779
61	0.01539	0.00810	0.00843	0.00780	0.01001	0.00822	0.00601	0.07781	0.01687	0.06001	0.02290	0.02558	0.01766	0.00834	0.00527	0.00173	0.00386	0.00664	0.68197	0.00739
62	0.09052	0.09488	0.01771	0.01290	0.01662	0.08919	0.01060	0.20702	0.02014	0.05603	0.01644	0.01850	0.01284	0.00981	0.03180	0.00233	0.07164	0.00583	0.20619	0.00902
63	0.01056	0.00748	0.00958	0.00943	0.01126	0.00688	0.00729	0.01355	0.01872	0.04439	0.46152	0.09183	0.15801	0.01602	0.00860	0.00244	0.00396	0.10436	0.00744	0.00669
64	0.00942	0.00727	0.00837	0.00830	0.01013	0.00651	0.00618	0.01166	0.01690	0.02192	0.27630	0.06174	0.36249	0.10003	0.01167	0.00292	0.00412	0.06122	0.00676	0.00610
65	0.01748	0.01775	0.05749	0.04273	0.67714	0.01690	0.02204	0.02188	0.01616	0.02323	0.01337	0.01752	0.01118	0.00636	0.00704	0.00212	0.00855	0.00630	0.00350	0.01125
66	0.01339	0.01088	0.01412	0.13160	0.02090	0.01206	0.01204	0.02191	0.22266	0.02373	0.08372	0.10128	0.03245	0.01433	0.00843	0.00275	0.00632	0.25295	0.00631	0.00818
67	0.80005	0.01377	0.01047	0.00936	0.01377	0.01597	0.00771	0.02093	0.01212	0.03195	0.00991	0.01157	0.00771	0.00661	0.00441	0.00220	0.00551	0.00386	0.00441	0.00771
68	0.00960	0.00672	0.00829	0.00892	0.00932	0.00663	0.00570	0.01041	0.01200	0.01600	0.03093	0.31141	0.06625	0.36836	0.09247	0.00561	0.00689	0.01407	0.00525	0.00516
69	0.09719	0.02888	0.47921	0.01883	0.02731	0.01546	0.08437	0.02189	0.01543	0.04537	0.05488	0.02064	0.01424	0.00780	0.00693	0.00231	0.00939	0.03625	0.00384	0.00978
70	0.01564	0.01160	0.01403	0.11311	0.01862	0.01273	0.00992	0.20052	0.03996	0.02533	0.04454	0.10469	0.02237	0.23790	0.05824	0.00424	0.00763	0.00939	0.04187	0.00769
71	0.02231	0.23178	0.02422	0.04616	0.02063	0.13560	0.01266	0.18845	0.04184	0.09077	0.01851	0.01921	0.05800	0.00851	0.00732	0.00201	0.05111	0.00605	0.00510	0.00974
72	0.02658	0.01945	0.02171	0.01664	0.02233	0.02133	0.03641	0.61087	0.05527	0.06985	0.01785	0.01778	0.01262	0.00851	0.00717	0.00216	0.00783	0.00657	0.00707	0.01199
73	0.01021	0.00699	0.00846	0.00858	0.00884	0.00719	0.00530	0.01075	0.01078	0.01460	0.02300	0.09172	0.02590	0.57351	0.15811	0.00744	0.00891	0.01055	0.00438	0.00479
74	0.01386	0.00779	0.00790	0.00768	0.00966	0.00811	0.00582	0.01942	0.10521	0.02698	0.02400	0.02655	0.01872	0.00848	0.00528	0.00176	0.00363	0.00683	0.68508	0.00725
75	0.14731	0.02658	0.37964	0.02034	0.05528	0.01687	0.11696	0.02148	0.01462	0.02387	0.03378	0.01641	0.01101	0.00740	0.00826	0.00234	0.07891	0.00586	0.00351	0.00957
76	0.72126	0.01389	0.01156	0.05979	0.01648	0.01615	0.00873	0.04141	0.01293	0.03140	0.01033	0.01226	0.00797	0.00671	0.00468	0.00221	0.00586	0.00411	0.00441	0.00786
77	0.11744	0.01500	0.01750	0.01357	0.01902	0.01509	0.01121	0.25563	0.02395	0.40442	0.02225	0.02034	0.01460	0.00847	0.00684	0.00218	0.00661	0.00653	0.00773	0.01162
78	0.00865	0.00632	0.00814	0.00960	0.01024	0.00581	0.00647	0.00995	0.01394	0.01830	0.04311	0.66561	0.12410	0.02181	0.00901	0.00283	0.00407	0.01963	0.00661	0.00581
79	0.00920	0.00770	0.00806	0.00789	0.01029	0.00680	0.00594	0.01230	0.05665	0.02117	0.15842	0.06389	0.57267	0.01705	0.00834	0.00238	0.00369	0.01431	0.00682	0.00642
80	0.01847	0.63228	0.03476	0.01326	0.01834	0.02713	0.01274	0.02063	0.01388	0.01682	0.00981	0.01211	0.00917	0.00714	0.00767	0.00179	0.12783	0.00421	0.00306	0.00892
81	0.01093	0.00780	0.01084	0.01249	0.01388	0.00772	0.01052	0.01380	0.01585	0.02070	0.03800	0.21073	0.04218	0.02019	0.00969	0.00320	0.00608	0.53242	0.00657	0.00641
82	0.01017	0.00763	0.01144	0.01144	0.01272	0.00890	0.00890	0.01272	0.01144	0.01653	0.01907	0.02797	0.01780	0.05340	0.72153	0.01144	0.01907	0.00763	0.00381	0.00636
83	0.02893	0.01265	0.01642	0.01277	0.01789	0.01163	0.01048	0.11965	0.02212	0.54699	0.09926	0.02640	0.02223	0.00940	0.00729	0.00220	0.00601	0.00768	0.00848	0.01153
84	0.01828	0.01834	0.02771	0.07441	0.60855	0.08409	0.02098	0.02231	0.01650	0.02246	0.01313	0.01723	0.01099	0.00648	0.00699	0.00210	0.00893	0.00618	0.00352	0.01083
85	0.03607	0.00809	0.00822	0.00778	0.00985	0.00833	0.00594	0.07991	0.01657	0.02810	0.02295	0.05526	0.01858	0.00886	0.00534	0.00177	0.00384	0.00711	0.66029	0.00715
86	0.23612	0.15952	0.02128	0.04769	0.06702	0.20798	0.01262	0.03756	0.01546	0.02233	0.01099	0.01370	0.00930	0.00891	0.03163	0.00238	0.07857	0.00474	0.00375	0.00845
87	0.01695	0.01307	0.01517	0.15301	0.02154	0.07342	0.01155	0.12091	0.01753	0.06452	0.01882	0.05556	0.01567	0.01785	0.14956	0.00398	0.03832	0.00721	0.17721	0.00815
88	0.00914	0.00670	0.00861	0.00944	0.01049	0.00616	0.00668	0.01112	0.01588	0.02134	0.22944	0.44556	0.13035	0.01952	0.00884	0.00266	0.00394	0.04106	0.00695	0.00610
89	0.15169	0.01454	0.01449	0.04415	0.01735	0.06360	0.01023	0.14772	0.12831	0.02906	0.12230	0.05810	0.11365	0.01109	0.00781	0.00231	0.04005	0.00871	0.00609	0.00874
90	0.01868	0.60254	0.03263	0.01234	0.01777	0.02516	0.01171	0.08311	0.01619	0.01959	0.01378	0.09185	0.01355	0.00809	0.00530	0.00173	0.00726	0.00585	0.00382	0.00906
91	0.03126	0.01192	0.01616	0.01245	0.01781	0.01032	0.01026	0.03403	0.02018	0.68504	0.02791	0.02432	0.01765	0.00879	0.00708	0.00218	0.00596	0.00714	0.03761	0.01192
92	0.01381	0.01295	0.02224	0.62839	0.07232	0.01557	0.05982	0.01855	0.01451	0.01907	0.01328	0.01930	0.01005	0.00707	0.00710	0.00233	0.00932	0.00647	0.03977	0.00809
93	0.01398	0.01428	0.05380	0.43057	0.09826	0.01519	0.07129	0.02005	0.07951	0.02040	0.01973	0.05486	0.06066	0.00861	0.00739	0.00238	0.00864	0.00783	0.00401	0.00856
94	0.01085	0.00754	0.00904	0.00883	0.01095	0.00668	0.00671	0.01332	0.01770	0.07059	0.29115	0.12520	0.32401	0.01664	0.00847	0.00243	0.00391	0.05207	0.00720	0.00670
95	0.01036	0.00690	0.00777	0.00777	0.00777	0.00690	0.00431	0.01036	0.01036	0.01381	0.02244	0.04660	0.02589	0.74975	0.03624	0.00690	0.00690	0.01036	0.00431	0.00431
96	0.01875	0.71029	0.07852	0.01268	0.01904	0.02747	0.01305	0.02140	0.01450	0.01711	0.01008	0.01164	0.00913	0.00613	0.00470	0.00157	0.00779	0.00390	0.00304	0.00922
97	0.48838	0.01495	0.04036	0.03577	0.01807	0.01557	0.04924	0.08962	0.01558	0.11093	0.01338	0.01497	0.00986	0.00800	0.00664	0.04343	0.00655	0.00503	0.00500	0.00866
98	0.05179	0.01228	0.01486	0.01207	0.01636	0.01192	0.00979	0.16775	0.02240	0.31106	0.17647	0.03400	0.08886	0.01104	0.00750	0.00224	0.00563	0.02608	0.00781	0.01008
99	0.01052	0.00763	0.00968	0.00929	0.01124	0.00689	0.00698	0.01347	0.01798	0.02560	0.43529	0.15801	0.07521	0.01491	0.00809	0.00226	0.00384	0.04822	0.05326	0.08162

[dist]
# distance from previous block
# <min> <max>
0	4

[block]
# block no. 4 follows, 29 sequences, length 34
# corresponding to MSA columns:
# 302-335
name=unknown_E
#
# <colnr> <probs for GDERKNQSTAVLIFYWHMCP>
#	G	D	E	R	K	N	Q	S	T	A	V	L	I	F	Y	W	H	M	C	P
0	0.01790	0.32615	0.21323	0.01662	0.02309	0.04920	0.06589	0.06835	0.01604	0.02121	0.01204	0.01444	0.00983	0.00720	0.00754	0.00200	0.07968	0.00510	0.03503	0.00949
1	0.01191	0.00968	0.01204	0.03967	0.01517	0.00804	0.00806	0.01425	0.01422	0.02069	0.02489	0.35092	0.02732	0.01319	0.00710	0.00195	0.00492	0.01168	0.00528	0.39901
2	0.02084	0.52858	0.03205	0.01412	0.01927	0.20871	0.01277	0.02297	0.01578	0.01695	0.01016	0.01200	0.00916	0.00674	0.00601	0.00169	0.04603	0.00413	0.00321	0.00884
3	0.01894	0.01654	0.01595	0.01405	0.01817	0.10780	0.01086	0.03193	0.42212	0.07725	0.02527	0.07418	0.02020	0.00965	0.00702	0.00219	0.00646	0.00792	0.00647	0.10705
4	0.01171	0.00764	0.01004	0.00923	0.01120	0.00700	0.00700	0.01502	0.02017	0.07937	0.65138	0.05103	0.06349	0.01413	0.00831	0.00224	0.00356	0.01245	0.00791	0.00712
5	0.02394	0.01681	0.01817	0.01441	0.01914	0.01834	0.01172	0.51770	0.02899	0.06170	0.01990	0.07040	0.01565	0.00950	0.00696	0.00212	0.00687	0.00745	0.11937	0.01088
6	0.01216	0.00622	0.00901	0.00914	0.00929	0.00619	0.00613	0.00984	0.01000	0.01381	0.01514	0.07592	0.01538	0.02339	0.02481	0.67773	0.00583	0.00726	0.05921	0.00354
7	0.01771	0.01530	0.01610	0.01449	0.01852	0.01771	0.01127	0.03784	0.69247	0.02979	0.02898	0.02657	0.02174	0.00966	0.00725	0.00242	0.00564	0.00805	0.00725	0.01127
8	0.02741	0.01307	0.01603	0.01265	0.01755	0.01266	0.01033	0.15973	0.06464	0.43810	0.02528	0.02331	0.01689	0.00874	0.00685	0.00213	0.00599	0.00699	0.12036	0.01128
9	0.01017	0.00736	0.00993	0.01145	0.01267	0.00711	0.00916	0.01256	0.01532	0.01995	0.04085	0.33433	0.09246	0.02056	0.00944	0.00307	0.00541	0.36540	0.00658	0.00622
10	0.00870	0.00714	0.00742	0.00746	0.00950	0.00613	0.00540	0.01036	0.01570	0.01905	0.09366	0.09316	0.57800	0.09323	0.01130	0.00288	0.00396	0.01466	0.00643	0.00586
11	0.02837	0.01646	0.01904	0.01475	0.02026	0.01709	0.01214	0.37517	0.07502	0.31195	0.02237	0.02065	0.01502	0.00873	0.00715	0.00218	0.00696	0.00683	0.00781	0.01205
12	0.60545	0.01335	0.01200	0.01020	0.01489	0.01458	0.00841	0.02442	0.01421	0.20380	0.01452	0.01478	0.01022	0.00717	0.00510	0.00220	0.00565	0.00469	0.00552	0.00883
13	0.01020	0.00752	0.01091	0.01091	0.01200	0.00861	0.00823	0.01237	0.01129	0.01613	0.01956	0.03068	0.01898	0.15461	0.62194	0.01078	0.01730	0.00803	0.00389	0.00606
14	0.01139	0.00763	0.00960	0.00890	0.01100	0.00686	0.00675	0.01441	0.01943	0.07743	0.53233	0.05394	0.18383	0.01479	0.00831	0.00227	0.00361	0.01286	0.00768	0.00699
15	0.01604	0.01697	0.03414	0.12589	0.18101	0.01680	0.39918	0.02123	0.01593	0.02182	0.01430	0.01949	0.01125	0.00976	0.06109	0.00301	0.01143	0.00762	0.00354	0.00950
16	0.05905	0.03898	0.01407	0.01117	0.01486	0.01019	0.00906	0.04510	0.01960	0.31394	0.27419	0.03798	0.03668	0.02720	0.00819	0.00236	0.00521	0.05521	0.00770	0.00924
17	0.73946	0.01471	0.01112	0.00990	0.01431	0.05044	0.00809	0.02171	0.01276	0.05121	0.01050	0.01200	0.00808	0.00671	0.00459	0.00219	0.00588	0.00399	0.00450	0.00787
18	0.01043	0.00747	0.00954	0.01051	0.01141	0.00737	0.00738	0.06030	0.01498	0.01999	0.03549	0.56270	0.04140	0.07951	0.03465	0.00346	0.00530	0.06551	0.00637	0.00621
19	0.01394	0.01174	0.01375	0.01073	0.01587	0.00946	0.00833	0.01803	0.06491	0.02283	0.01844	0.14132	0.01767	0.00853	0.00608	0.00147	0.00510	0.00726	0.00486	0.59968
20	0.01515	0.10561	0.45608	0.05599	0.02960	0.01763	0.09338	0.02306	0.06550	0.02224	0.01482	0.01869	0.01143	0.00734	0.00689	0.00225	0.00981	0.03093	0.00354	0.01005
21	0.01602	0.02929	0.45303	0.02671	0.19689	0.01654	0.08814	0.02286	0.01570	0.04875	0.01367	0.01642	0.01007	0.00666	0.00701	0.00223	0.00999	0.00591	0.00341	0.01068
22	0.03195	0.01212	0.01652	0.01267	0.01818	0.01047	0.01047	0.03470	0.02038	0.71026	0.02809	0.02424	0.01763	0.00881	0.00716	0.00220	0.00606	0.00716	0.00881	0.01212
23	0.00939	0.00679	0.00887	0.00994	0.01089	0.00637	0.00718	0.01132	0.01530	0.02045	0.16147	0.44328	0.09772	0.04769	0.01005	0.00295	0.00442	0.11315	0.00674	0.00603
24	0.01558	0.02177	0.22061	0.05307	0.21079	0.05078	0.01898	0.04151	0.01558	0.02162	0.02003	0.04207	0.09146	0.00946	0.00996	0.00238	0.13373	0.00732	0.00386	0.00944
25	0.00980	0.00721	0.00919	0.00893	0.01060	0.00660	0.00668	0.01280	0.01905	0.02638	0.55305	0.10984	0.14437	0.01574	0.00849	0.00234	0.00354	0.03129	0.00755	0.00655
26	0.01048	0.00689	0.00772	0.00772	0.00779	0.00689	0.00434	0.01063	0.01056	0.01437	0.02247	0.04571	0.02555	0.71680	0.03485	0.00667	0.00674	0.01019	0.03920	0.00442
27	0.01568	0.20947	0.48188	0.01958	0.06544	0.01960	0.02219	0.02199	0.01480	0.02096	0.01197	0.01432	0.00919	0.00681	0.00691	0.00210	0.03891	0.00501	0.00305	0.01012
28	0.04300	0.08801	0.18294	0.08381	0.27427	0.01852	0.06908	0.11191	0.01791	0.02532	0.01335	0.01644	0.01040	0.00676	0.00679	0.00214	0.00901	0.00595	0.00386	0.01053
29	0.01126	0.00811	0.01118	0.01264	0.01431	0.00802	0.01096	0.01448	0.01657	0.02157	0.07190	0.07844	0.07299	0.01934	0.00970	0.00319	0.00626	0.59592	0.00662	0.00654
30	0.01506	0.01590	0.03184	0.19768	0.08922	0.01591	0.38654	0.02005	0.01585	0.02121	0.01819	0.08236	0.03975	0.00813	0.00805	0.00241	0.01014	0.00900	0.00386	0.00887
31	0.05768	0.09054	0.09592	0.11200	0.22674	0.13298	0.01749	0.07319	0.08319	0.02368	0.01414	0.01669	0.01118	0.00712	0.00659	0.00209	0.00897	0.00575	0.00408	0.00998
32	0.01541	0.01484	0.08682	0.10804	0.02137	0.06426	0.03931	0.03557	0.08338	0.08810	0.20993	0.14578	0.03345	0.01199	0.00777	0.00235	0.00666	0.01047	0.00606	0.00842
33	0.62885	0.01268	0.01070	0.02645	0.01411	0.01437	0.00778	0.02033	0.01289	0.06446	0.04427	0.01727	0.01262	0.06253	0.00718	0.00255	0.00558	0.00505	0.02270	0.00762

[dist]
# distance from previous block
# <min> <max>
0	6

[block]
# block no. 5 follows, 29 sequences, length 31
# corresponding to MSA columns:
# 342-372
name=unknown_F
#
# <colnr> <probs for GDERKNQSTAVLIFYWHMCP>
#	G	D	E	R	K	N	Q	S	T	A	V	L	I	F	Y	W	H	M	C	P
0	0.01116	0.01166	0.09888	0.09125	0.01725	0.00898	0.01032	0.01483	0.01706	0.02410	0.34754	0.07481	0.09275	0.06471	0.00975	0.00256	0.00531	0.01085	0.05281	0.03341
1	0.01336	0.01115	0.01325	0.01036	0.01532	0.00864	0.00800	0.01614	0.01473	0.02237	0.04241	0.16507	0.02000	0.00908	0.00616	0.00147	0.00497	0.00779	0.00483	0.60489
2	0.01904	0.75404	0.03731	0.01218	0.01828	0.02818	0.01218	0.02132	0.01447	0.01675	0.00990	0.01142	0.00914	0.00609	0.00457	0.00152	0.00761	0.00381	0.00305	0.00914
3	0.01630	0.01880	0.07444	0.02477	0.03053	0.01794	0.41930	0.02212	0.05258	0.02211	0.01398	0.01829	0.01100	0.00744	0.01089	0.00242	0.15182	0.00743	0.00372	0.07412
4	0.00971	0.00711	0.00911	0.00893	0.01049	0.00651	0.00657	0.01261	0.01882	0.02612	0.54306	0.15545	0.12691	0.01603	0.00850	0.00235	0.00350	0.01416	0.00754	0.00651
5	0.03074	0.01185	0.01614	0.01246	0.01776	0.01026	0.01026	0.03353	0.02037	0.67274	0.06517	0.02583	0.02035	0.00913	0.00723	0.00221	0.00591	0.00748	0.00876	0.01182
6	0.01284	0.00886	0.01003	0.00946	0.01049	0.00919	0.00621	0.11488	0.01454	0.01969	0.02356	0.12559	0.02578	0.49674	0.05158	0.00566	0.00702	0.01072	0.03131	0.00585
7	0.01008	0.00728	0.00952	0.00896	0.01064	0.00672	0.00672	0.01344	0.02016	0.02855	0.70158	0.05319	0.06719	0.01456	0.00840	0.00224	0.00336	0.01288	0.00784	0.00672
8	0.01771	0.01530	0.01610	0.01449	0.01852	0.01771	0.01127	0.03784	0.69247	0.02979	0.02898	0.02657	0.02174	0.00966	0.00725	0.00242	0.00564	0.00805	0.00725	0.01127
9	0.01037	0.00743	0.00909	0.00858	0.01061	0.00664	0.00647	0.01325	0.01902	0.04999	0.49353	0.05665	0.25131	0.01537	0.00836	0.00229	0.00353	0.01330	0.00751	0.00670
10	0.00847	0.00701	0.00742	0.00775	0.00976	0.00597	0.00565	0.01016	0.01572	0.01903	0.06565	0.20202	0.57314	0.01888	0.00855	0.00250	0.00371	0.01606	0.00661	0.00597
11	0.02643	0.03069	0.02029	0.01785	0.02192	0.56537	0.01364	0.15513	0.04233	0.02310	0.01271	0.01406	0.01011	0.00764	0.00658	0.00191	0.01166	0.00504	0.00444	0.00909
12	0.02715	0.01251	0.01588	0.01278	0.01771	0.01184	0.01035	0.03386	0.17361	0.50787	0.05554	0.02722	0.04117	0.00951	0.00727	0.00226	0.00578	0.00782	0.00835	0.01153
13	0.01185	0.00703	0.00852	0.00852	0.00988	0.00750	0.00636	0.01457	0.01321	0.02164	0.02162	0.02898	0.01881	0.09529	0.27228	0.00577	0.00947	0.00736	0.42504	0.00631
14	0.01054	0.00796	0.00974	0.00929	0.01120	0.00759	0.00701	0.01492	0.07457	0.02643	0.50012	0.05412	0.15323	0.04317	0.00944	0.00250	0.00386	0.04000	0.00742	0.00689
15	0.36655	0.01860	0.04343	0.03768	0.01923	0.11038	0.01137	0.17975	0.01940	0.11164	0.01409	0.01492	0.01022	0.00745	0.00583	0.00215	0.00743	0.00508	0.00537	0.00946
16	0.01269	0.04501	0.01328	0.01192	0.01378	0.00942	0.04482	0.07936	0.01618	0.05776	0.03365	0.55868	0.03820	0.01854	0.00853	0.00269	0.00521	0.01672	0.00644	0.00712
17	0.73599	0.01368	0.01135	0.06826	0.01664	0.01596	0.00869	0.02071	0.01229	0.03083	0.01014	0.01217	0.00786	0.00665	0.00463	0.00222	0.00583	0.00406	0.00431	0.00773
18	0.05352	0.01487	0.02233	0.43162	0.20894	0.05351	0.01893	0.01963	0.01489	0.02017	0.01338	0.02001	0.01096	0.00757	0.00768	0.00233	0.03811	0.02937	0.00346	0.00872
19	0.00865	0.00629	0.00817	0.00967	0.01026	0.00580	0.00650	0.00994	0.01387	0.01827	0.04224	0.68350	0.10677	0.02192	0.00903	0.00285	0.00408	0.01977	0.00661	0.00580
20	0.04686	0.48026	0.10657	0.01786	0.11968	0.05664	0.01497	0.02237	0.01520	0.04592	0.01148	0.01329	0.00972	0.00638	0.00535	0.00175	0.00816	0.00450	0.00341	0.00962
21	0.06066	0.41815	0.12254	0.01503	0.05304	0.05492	0.01404	0.02294	0.03541	0.07778	0.01317	0.01482	0.01077	0.00944	0.04814	0.00238	0.00868	0.00481	0.00383	0.00946
22	0.07272	0.01221	0.01620	0.01249	0.01794	0.01076	0.01032	0.03397	0.01994	0.67426	0.02713	0.02356	0.01710	0.00870	0.00701	0.00220	0.00603	0.00699	0.00858	0.01188
23	0.06072	0.01142	0.01692	0.42045	0.03319	0.01348	0.03099	0.03766	0.01492	0.02215	0.01719	0.02191	0.03275	0.00786	0.00683	0.00219	0.02384	0.00658	0.21128	0.00767
24	0.01641	0.08913	0.15854	0.05209	0.09331	0.01695	0.17444	0.05264	0.01621	0.05394	0.03566	0.10390	0.01638	0.00927	0.00892	0.00236	0.07800	0.00824	0.00425	0.00936
25	0.00880	0.00629	0.00841	0.01006	0.01053	0.00589	0.00683	0.01014	0.01376	0.01832	0.03918	0.71483	0.04682	0.02219	0.00912	0.00291	0.00424	0.04926	0.00661	0.00582
26	0.01036	0.00690	0.00777	0.00777	0.00777	0.00690	0.00431	0.01036	0.01036	0.01381	0.02244	0.04660	0.02589	0.74975	0.03624	0.00690	0.00690	0.01036	0.00431	0.00431
27	0.16916	0.04564	0.05835	0.01343	0.01848	0.01646	0.01156	0.21977	0.10500	0.15979	0.07264	0.04283	0.01853	0.00905	0.00667	0.00221	0.00649	0.00702	0.00657	0.01036
28	0.01605	0.02182	0.17595	0.05433	0.12377	0.01707	0.40642	0.02212	0.01625	0.02259	0.01486	0.02072	0.01173	0.00682	0.00790	0.00237	0.01091	0.03490	0.00358	0.00982
29	0.01127	0.00813	0.01119	0.01272	0.01441	0.00805	0.01107	0.01445	0.01638	0.02117	0.04001	0.07953	0.08535	0.01956	0.00974	0.00322	0.00636	0.61432	0.00656	0.00652
30	0.01826	0.05754	0.01775	0.01223	0.01825	0.01220	0.03519	0.04505	0.07365	0.12383	0.01633	0.01719	0.01250	0.00635	0.00586	0.00145	0.00590	0.00518	0.00515	0.51013

[dist]
# distance from previous block
# <min> <max>
5	27

[block]
# block no. 6 follows, 29 sequences, length 196
# corresponding to MSA columns:
# 401-596
name=unknown_G
#
# <colnr> <probs for GDERKNQSTAVLIFYWHMCP>
#	G	D	E	R	K	N	Q	S	T	A	V	L	I	F	Y	W	H	M	C	P
0	0.01008	0.00712	0.00893	0.00901	0.00960	0.00743	0.00597	0.01108	0.01126	0.01526	0.02557	0.07501	0.07081	0.44164	0.25306	0.00786	0.01045	0.01027	0.00442	0.00516
1	0.01035	0.00694	0.00795	0.00795	0.00802	0.00701	0.00455	0.01048	0.01041	0.01395	0.02226	0.04565	0.02547	0.71414	0.07129	0.00714	0.00753	0.01022	0.00429	0.00442
2	0.01348	0.01468	0.07119	0.12185	0.10103	0.01349	0.21569	0.01743	0.01485	0.02026	0.02171	0.24499	0.02224	0.03461	0.00961	0.00268	0.03626	0.01133	0.00443	0.00819
3	0.02121	0.11850	0.06166	0.09233	0.06787	0.34446	0.15112	0.02470	0.01770	0.01911	0.01195	0.01496	0.00965	0.00680	0.00672	0.00200	0.01131	0.00558	0.00349	0.00890
4	0.01126	0.00804	0.01123	0.01287	0.01441	0.00801	0.01110	0.01438	0.01618	0.02107	0.03782	0.13183	0.04145	0.01987	0.00978	0.00325	0.00637	0.60803	0.00656	0.00650
5	0.01384	0.01226	0.01793	0.40374	0.06716	0.01418	0.01524	0.04631	0.10980	0.02162	0.05671	0.02920	0.12074	0.01002	0.00798	0.02463	0.00755	0.00821	0.00466	0.00823
6	0.01761	0.01584	0.02525	0.10158	0.51333	0.03704	0.01940	0.02156	0.01641	0.06362	0.01822	0.02367	0.04633	0.00784	0.00725	0.00221	0.00821	0.04006	0.00412	0.01043
7	0.05290	0.01561	0.01771	0.01419	0.01878	0.05135	0.01150	0.20274	0.07446	0.33175	0.02199	0.02200	0.01550	0.04779	0.00983	0.00250	0.06444	0.00688	0.00715	0.01095
8	0.49582	0.08859	0.01561	0.01122	0.01598	0.01823	0.00944	0.18189	0.01770	0.03333	0.01231	0.01362	0.00944	0.00711	0.00511	0.00209	0.00618	0.00461	0.04284	0.00887
9	0.00965	0.00802	0.02958	0.00896	0.01095	0.00674	0.00696	0.01255	0.01837	0.02502	0.45838	0.12633	0.22027	0.01598	0.00842	0.00235	0.00371	0.01393	0.00727	0.00656
10	0.05367	0.01575	0.02569	0.15244	0.48357	0.01638	0.03606	0.04829	0.01643	0.02352	0.01629	0.02018	0.04619	0.00717	0.00704	0.00218	0.00830	0.00672	0.00382	0.01028
11	0.02242	0.01666	0.01851	0.01388	0.01982	0.01651	0.01136	0.38600	0.02540	0.06916	0.01588	0.01652	0.01176	0.00726	0.00639	0.00171	0.00673	0.00558	0.00605	0.32240
12	0.01952	0.01619	0.01712	0.01486	0.01920	0.01855	0.01171	0.16196	0.56541	0.03270	0.02669	0.02474	0.01988	0.00945	0.00722	0.00236	0.00606	0.00773	0.00722	0.01143
13	0.01345	0.01266	0.02136	0.73264	0.04904	0.01582	0.01978	0.01819	0.01424	0.01819	0.01266	0.01898	0.00949	0.00712	0.00712	0.00237	0.00949	0.00633	0.00316	0.00791
14	0.02707	0.01995	0.02137	0.01638	0.02208	0.02208	0.01353	0.68159	0.03348	0.04488	0.01710	0.01710	0.01211	0.00855	0.00712	0.00214	0.00784	0.00641	0.00712	0.01211
15	0.01817	0.01553	0.01636	0.01458	0.01869	0.01793	0.01138	0.06966	0.65989	0.03053	0.02839	0.02610	0.02126	0.00961	0.00724	0.00240	0.00574	0.00797	0.00724	0.01131
16	0.00868	0.00620	0.00826	0.00991	0.01033	0.00578	0.00661	0.00991	0.01363	0.01818	0.03925	0.74510	0.04710	0.02231	0.00909	0.00289	0.00413	0.02024	0.00661	0.00578
17	0.65042	0.01345	0.01165	0.01001	0.01463	0.01490	0.00825	0.02361	0.01373	0.16409	0.01346	0.01404	0.00964	0.00704	0.00494	0.00220	0.00562	0.00450	0.00527	0.00857
18	0.02707	0.01995	0.02137	0.01638	0.02208	0.02208	0.01353	0.68159	0.03348	0.04488	0.01710	0.01710	0.01211	0.00855	0.00712	0.00214	0.00784	0.00641	0.00712	0.01211
19	0.00988	0.00727	0.00927	0.00894	0.01066	0.00666	0.00673	0.01299	0.01934	0.02684	0.58087	0.07944	0.14050	0.01541	0.00848	0.00232	0.00353	0.03667	0.00761	0.00660
20	0.00878	0.00624	0.00823	0.00978	0.01017	0.00585	0.00647	0.00994	0.01343	0.01791	0.03820	0.70160	0.04577	0.06762	0.01078	0.00314	0.00430	0.01963	0.00647	0.00569
21	0.02606	0.01940	0.02137	0.06950	0.02408	0.02162	0.01400	0.63240	0.03205	0.04290	0.01677	0.01724	0.01192	0.00844	0.00712	0.00215	0.00796	0.00640	0.00683	0.01180
22	0.05679	0.01200	0.01607	0.01242	0.01776	0.01051	0.01024	0.03347	0.02010	0.66299	0.05182	0.02486	0.01909	0.00895	0.00711	0.00220	0.00594	0.00726	0.00863	0.01178
23	0.00913	0.00776	0.00794	0.00780	0.01027	0.00683	0.00588	0.01225	0.06165	0.02047	0.10482	0.06486	0.62105	0.01728	0.00834	0.00240	0.00373	0.01444	0.00672	0.00640
24	0.18258	0.01297	0.01566	0.01227	0.01757	0.01233	0.01013	0.07551	0.01964	0.53218	0.02378	0.02127	0.01531	0.00836	0.00662	0.00220	0.00607	0.00646	0.00783	0.01125
25	0.11267	0.01853	0.01735	0.01419	0.01886	0.11757	0.01140	0.35166	0.02522	0.09355	0.02391	0.04632	0.09845	0.00980	0.00694	0.00216	0.00749	0.00744	0.00639	0.01010
26	0.00968	0.00711	0.00912	0.00972	0.01086	0.00677	0.00686	0.01273	0.05177	0.02276	0.29147	0.42537	0.07179	0.01858	0.00871	0.00261	0.00390	0.01666	0.00711	0.00643
27	0.11710	0.01396	0.03629	0.03629	0.04789	0.01324	0.01162	0.09399	0.06331	0.41642	0.02297	0.02171	0.01545	0.01071	0.04428	0.00270	0.00716	0.00667	0.00721	0.01104
28	0.02751	0.06060	0.01943	0.01541	0.02004	0.30081	0.01231	0.10779	0.02136	0.27942	0.01937	0.02086	0.01425	0.00858	0.00685	0.00206	0.00913	0.03800	0.00611	0.01012
29	0.00867	0.00624	0.00822	0.00981	0.01030	0.00579	0.00656	0.00993	0.01374	0.01822	0.04057	0.71787	0.07347	0.02214	0.00906	0.00287	0.00411	0.02003	0.00661	0.00579
30	0.01956	0.36275	0.10661	0.04908	0.02207	0.07822	0.01495	0.12278	0.01737	0.02191	0.01147	0.01377	0.00963	0.00761	0.00819	0.00199	0.11397	0.00490	0.00373	0.00943
31	0.01137	0.00844	0.01088	0.01062	0.01145	0.00947	0.00773	0.03221	0.01295	0.01854	0.05270	0.16373	0.04380	0.21563	0.18875	0.00584	0.10154	0.01075	0.07750	0.00611
32	0.80005	0.01377	0.01047	0.00936	0.01377	0.01597	0.00771	0.02093	0.01212	0.03195	0.00991	0.01157	0.00771	0.00661	0.00441	0.00220	0.00551	0.00386	0.00441	0.00771
33	0.01168	0.00840	0.01033	0.01086	0.01209	0.00842	0.00770	0.11022	0.01646	0.02196	0.03455	0.54953	0.03992	0.07745	0.01097	0.00311	0.00502	0.04818	0.00650	0.00665
34	0.01224	0.01103	0.01928	0.01607	0.01915	0.01043	0.20999	0.04277	0.01675	0.02254	0.13648	0.30916	0.08161	0.01518	0.00868	0.00260	0.00662	0.04609	0.00591	0.00740
35	0.01003	0.00724	0.00947	0.00899	0.01063	0.00668	0.00671	0.01331	0.01992	0.02818	0.67764	0.07819	0.06646	0.01484	0.00842	0.00226	0.00339	0.01314	0.00779	0.00668
36	0.01558	0.01558	0.02181	0.01869	0.01869	0.02181	0.01558	0.01714	0.01091	0.01714	0.00935	0.01558	0.00935	0.01246	0.02337	0.00312	0.73672	0.00623	0.00312	0.00779
37	0.09793	0.01266	0.01614	0.01245	0.01791	0.01145	0.01027	0.06314	0.02000	0.58655	0.02524	0.02234	0.01616	0.00844	0.00683	0.00214	0.00606	0.00669	0.00813	0.04946
38	0.01278	0.02213	0.32945	0.01774	0.02389	0.01269	0.12365	0.01786	0.01490	0.02099	0.03971	0.20756	0.04511	0.01242	0.00880	0.03969	0.00839	0.02941	0.00438	0.00845
