[name]
unknown

[dist]
# distance from previous block
# <min> <max>
0	38

[block]
# block no. 0 follows, 31 sequences, length 24
# corresponding to MSA columns:
# 43-66
name=unknown_A
#
# <colnr> <probs for GDERKNQSTAVLIFYWHMCP>
#	G	D	E	R	K	N	Q	S	T	A	V	L	I	F	Y	W	H	M	C	P
0	0.01875	0.01446	0.05046	0.01344	0.03327	0.01376	0.01105	0.19825	0.15193	0.11887	0.02941	0.03151	0.13058	0.01030	0.00707	0.00214	0.00603	0.05918	0.00639	0.09316
1	0.11851	0.08264	0.12602	0.02869	0.37444	0.11510	0.01805	0.02181	0.01530	0.02203	0.01177	0.01471	0.00964	0.00630	0.00613	0.00198	0.00856	0.00521	0.00340	0.00973
2	0.01173	0.00600	0.00880	0.00880	0.00880	0.00600	0.00580	0.00899	0.00899	0.01199	0.01263	0.02266	0.01289	0.08083	0.02736	0.73935	0.00600	0.00625	0.00306	0.00306
3	0.01419	0.01216	0.01419	0.01013	0.01621	0.00912	0.00811	0.01723	0.01419	0.02229	0.01216	0.01419	0.01013	0.00507	0.00507	0.00101	0.00507	0.00405	0.00405	0.80139
4	0.01745	0.01280	0.01589	0.01630	0.11057	0.01325	0.01104	0.20874	0.09996	0.08179	0.05044	0.23395	0.04584	0.01226	0.00741	0.00227	0.00584	0.01062	0.00628	0.03729
5	0.00831	0.00689	0.00728	0.00728	0.00941	0.00585	0.00542	0.01021	0.01597	0.01962	0.15326	0.09858	0.59416	0.01709	0.00812	0.00231	0.00346	0.01442	0.00651	0.00585
6	0.01764	0.01759	0.02708	0.04000	0.66001	0.07478	0.02036	0.02151	0.01589	0.02189	0.01268	0.01656	0.01067	0.00617	0.00672	0.00201	0.00847	0.00596	0.00340	0.01060
7	0.01452	0.01138	0.01336	0.01073	0.01525	0.00973	0.00831	0.07681	0.04798	0.04720	0.01996	0.19449	0.01950	0.00962	0.00626	0.00163	0.00506	0.00823	0.00514	0.47485
8	0.01693	0.01626	0.02777	0.04199	0.71689	0.01626	0.02100	0.02100	0.01558	0.02235	0.01287	0.01693	0.01084	0.00610	0.00677	0.00203	0.00813	0.00610	0.00339	0.01084
9	0.01582	0.01434	0.02080	0.01925	0.11381	0.03933	0.13354	0.12101	0.01691	0.02329	0.01831	0.15630	0.01791	0.05917	0.01014	0.00242	0.06472	0.00881	0.00462	0.13951
10	0.02384	0.13723	0.02242	0.01866	0.07459	0.57446	0.01360	0.02584	0.01830	0.01708	0.01060	0.01250	0.00896	0.00680	0.00596	0.00174	0.01128	0.00443	0.00343	0.00828
11	0.00832	0.00600	0.00789	0.00941	0.00989	0.00557	0.00630	0.00954	0.01321	0.01751	0.03913	0.72404	0.07539	0.02125	0.00870	0.00276	0.00395	0.01922	0.00635	0.00557
12	0.01688	0.02118	0.13361	0.06657	0.09289	0.07094	0.34621	0.06221	0.01643	0.02209	0.01292	0.01684	0.00994	0.00674	0.00868	0.00226	0.07400	0.00677	0.00352	0.00931
13	0.00887	0.00682	0.00802	0.00799	0.00967	0.00607	0.00584	0.01109	0.01664	0.02193	0.33559	0.14707	0.32647	0.04592	0.00922	0.00247	0.00356	0.01403	0.00676	0.00597
14	0.02095	0.02077	0.01767	0.04125	0.02042	0.23416	0.01220	0.14198	0.36108	0.02703	0.02017	0.01976	0.01528	0.00834	0.00670	0.00211	0.00799	0.00641	0.00576	0.00997
15	0.01229	0.01087	0.01719	0.44064	0.03302	0.01329	0.01494	0.01591	0.01287	0.01760	0.01459	0.04610	0.01252	0.01724	0.16260	0.00414	0.07145	0.00675	0.04047	0.03550
16	0.00834	0.00595	0.00794	0.00953	0.00992	0.00556	0.00635	0.00953	0.01310	0.01746	0.03771	0.75510	0.04525	0.02143	0.00873	0.00278	0.00397	0.01945	0.00635	0.00556
17	0.01648	0.01594	0.02765	0.11374	0.61343	0.01620	0.05457	0.02068	0.01541	0.02183	0.01284	0.01714	0.01064	0.00616	0.00685	0.00207	0.00840	0.00619	0.00335	0.01042
18	0.10816	0.52938	0.07842	0.01274	0.01839	0.12047	0.01237	0.02145	0.01443	0.01822	0.00985	0.01142	0.00862	0.00612	0.00476	0.00163	0.00796	0.00386	0.00315	0.00860
19	0.01940	0.04105	0.01693	0.01469	0.01765	0.28443	0.01122	0.08039	0.18868	0.02150	0.01819	0.06486	0.01615	0.08780	0.02986	0.00282	0.06414	0.00704	0.00484	0.00837
20	0.01762	0.66646	0.03346	0.01219	0.01734	0.02570	0.01183	0.01977	0.01348	0.01612	0.00988	0.01205	0.00919	0.00848	0.03992	0.00204	0.06895	0.00402	0.00297	0.00855
21	0.00834	0.00595	0.00794	0.00953	0.00992	0.00556	0.00635	0.00953	0.01310	0.01746	0.03771	0.75510	0.04525	0.02143	0.00873	0.00278	0.00397	0.01945	0.00635	0.00556
22	0.00949	0.00671	0.00733	0.00733	0.00790	0.00642	0.00440	0.00992	0.01133	0.01454	0.03324	0.04993	0.19349	0.57799	0.02828	0.00558	0.00586	0.01105	0.00469	0.00454
23	0.01662	0.01435	0.01509	0.01361	0.01741	0.01651	0.01058	0.03516	0.67355	0.02816	0.02971	0.02734	0.05205	0.00964	0.00701	0.00232	0.00533	0.00804	0.00693	0.01060

[dist]
# distance from previous block
# <min> <max>
0	24

[block]
# block no. 1 follows, 31 sequences, length 82
# corresponding to MSA columns:
# 91-172
name=unknown_B
#
# <colnr> <probs for GDERKNQSTAVLIFYWHMCP>
#	G	D	E	R	K	N	Q	S	T	A	V	L	I	F	Y	W	H	M	C	P
0	0.00954	0.00699	0.00895	0.00846	0.01013	0.00640	0.00634	0.01264	0.01903	0.02664	0.65631	0.05241	0.12201	0.01428	0.00807	0.00217	0.00325	0.01256	0.00743	0.00640
1	0.01523	0.02071	0.17843	0.02300	0.03020	0.01559	0.40102	0.02080	0.01523	0.02175	0.01303	0.01669	0.00993	0.00600	0.00766	0.00206	0.03477	0.00662	0.00344	0.15782
2	0.02530	0.06060	0.02010	0.01728	0.02101	0.66160	0.01315	0.06712	0.01994	0.01830	0.01088	0.01253	0.00898	0.00707	0.00614	0.00177	0.01185	0.00448	0.00370	0.00819
3	0.01036	0.00663	0.00749	0.00749	0.00780	0.00670	0.00448	0.01098	0.01067	0.01526	0.02149	0.04088	0.02334	0.60736	0.06853	0.00611	0.00675	0.00927	0.12381	0.00459
4	0.00923	0.00633	0.00767	0.00838	0.00855	0.00615	0.00512	0.00976	0.01135	0.01513	0.02873	0.36023	0.03392	0.43176	0.02324	0.00492	0.00545	0.01417	0.00512	0.00477
5	0.01918	0.01543	0.01643	0.01420	0.01842	0.01756	0.01121	0.15940	0.55476	0.05550	0.02568	0.02374	0.01901	0.00905	0.00694	0.00226	0.00582	0.00741	0.00699	0.01101
6	0.02158	0.01535	0.01676	0.01293	0.01792	0.01585	0.01055	0.41615	0.02501	0.06305	0.01686	0.01764	0.01245	0.00751	0.00614	0.00176	0.00625	0.00577	0.13037	0.18010
7	0.05645	0.16645	0.01943	0.01185	0.01688	0.01418	0.01015	0.07297	0.01893	0.43743	0.08718	0.02245	0.01905	0.00835	0.00637	0.00198	0.00598	0.00657	0.00696	0.01039
8	0.01372	0.03539	0.72412	0.01950	0.02961	0.01589	0.02528	0.02167	0.01444	0.02167	0.01228	0.01444	0.00867	0.00650	0.00650	0.00217	0.01011	0.00506	0.00289	0.01011
9	0.02601	0.01916	0.02053	0.01574	0.02122	0.02122	0.01300	0.69408	0.03217	0.04312	0.01643	0.01643	0.01163	0.00821	0.00684	0.00205	0.00753	0.00616	0.00684	0.01163
10	0.01708	0.01677	0.02762	0.06417	0.64884	0.04167	0.04130	0.02113	0.01567	0.02198	0.01279	0.01686	0.01069	0.00614	0.00679	0.00204	0.00842	0.00610	0.00338	0.01058
11	0.12469	0.01271	0.01563	0.01221	0.01734	0.01208	0.01006	0.09963	0.04238	0.54486	0.02380	0.02117	0.01536	0.00821	0.00656	0.00212	0.00592	0.00645	0.00773	0.01110
12	0.00995	0.00663	0.00746	0.00746	0.00746	0.00663	0.00415	0.00995	0.00995	0.01327	0.02156	0.04477	0.02487	0.75957	0.03482	0.00663	0.00663	0.00995	0.00415	0.00415
13	0.00913	0.00697	0.00837	0.00802	0.00988	0.00622	0.00602	0.01183	0.01805	0.02431	0.48869	0.05624	0.29109	0.01515	0.00807	0.00221	0.00331	0.01309	0.00712	0.00622
14	0.01769	0.01760	0.07599	0.03792	0.60573	0.01628	0.02047	0.05837	0.01655	0.04807	0.01352	0.01695	0.01094	0.00632	0.00676	0.00205	0.00815	0.00605	0.00372	0.01086
15	0.02156	0.01202	0.01364	0.01147	0.01542	0.04835	0.00906	0.02723	0.15315	0.35127	0.08049	0.03335	0.14438	0.03695	0.00814	0.00233	0.00552	0.00874	0.00732	0.00963
16	0.03007	0.01151	0.01568	0.01207	0.01725	0.00995	0.00995	0.03274	0.01957	0.70106	0.04732	0.02411	0.01835	0.00863	0.00692	0.00212	0.00574	0.00704	0.00844	0.01149
17	0.01372	0.03539	0.72412	0.01950	0.02961	0.01589	0.02528	0.02167	0.01444	0.02167	0.01228	0.01444	0.00867	0.00650	0.00650	0.00217	0.01011	0.00506	0.00289	0.01011
18	0.08122	0.01733	0.01880	0.01460	0.01982	0.01881	0.01201	0.53560	0.02844	0.13606	0.01800	0.03747	0.01301	0.00848	0.00672	0.00209	0.00703	0.00646	0.00687	0.01117
19	0.00883	0.00702	0.00792	0.00835	0.01004	0.00634	0.00610	0.01121	0.04210	0.01906	0.09310	0.25085	0.40631	0.04254	0.00918	0.00262	0.00393	0.05220	0.00637	0.00593
20	0.80789	0.01323	0.01006	0.00900	0.01323	0.01535	0.00741	0.02011	0.01164	0.03070	0.00953	0.01111	0.00741	0.00635	0.00423	0.00212	0.00529	0.00370	0.00423	0.00741
21	0.00995	0.00663	0.00746	0.00746	0.00746	0.00663	0.00415	0.00995	0.00995	0.01327	0.02156	0.04477	0.02487	0.75957	0.03482	0.00663	0.00663	0.00995	0.00415	0.00415
22	0.01389	0.01091	0.05747	0.01095	0.01391	0.00964	0.00902	0.02055	0.16255	0.10996	0.37781	0.10600	0.04421	0.01255	0.00765	0.00224	0.00451	0.01093	0.00711	0.00815
23	0.01497	0.01497	0.02095	0.01796	0.01796	0.02095	0.01497	0.01646	0.01048	0.01646	0.00898	0.01497	0.00898	0.01197	0.02245	0.00299	0.74704	0.00599	0.00299	0.00748
24	0.01615	0.01845	0.04037	0.02884	0.03576	0.01730	0.69204	0.02191	0.01615	0.02191	0.01384	0.01845	0.01038	0.00577	0.00807	0.00231	0.01153	0.00807	0.00346	0.00923
25	0.80789	0.01323	0.01006	0.00900	0.01323	0.01535	0.00741	0.02011	0.01164	0.03070	0.00953	0.01111	0.00741	0.00635	0.00423	0.00212	0.00529	0.00370	0.00423	0.00741
26	0.02601	0.01916	0.02053	0.01574	0.02122	0.02122	0.01300	0.69408	0.03217	0.04312	0.01643	0.01643	0.01163	0.00821	0.00684	0.00205	0.00753	0.00616	0.00684	0.01163
27	0.00930	0.00726	0.01058	0.16362	0.01774	0.00758	0.00901	0.01120	0.01322	0.01747	0.03234	0.60032	0.03766	0.01837	0.00833	0.00267	0.00505	0.01664	0.00566	0.00599
28	0.80789	0.01323	0.01006	0.00900	0.01323	0.01535	0.00741	0.02011	0.01164	0.03070	0.00953	0.01111	0.00741	0.00635	0.00423	0.00212	0.00529	0.00370	0.00423	0.00741
29	0.01419	0.01216	0.01419	0.01013	0.01621	0.00912	0.00811	0.01723	0.01419	0.02229	0.01216	0.01419	0.01013	0.00507	0.00507	0.00101	0.00507	0.00405	0.00405	0.80139
30	0.02268	0.01311	0.01542	0.01303	0.01741	0.01366	0.01036	0.03425	0.38717	0.32847	0.02777	0.04636	0.01990	0.00929	0.00698	0.00225	0.00555	0.00771	0.00760	0.01102
31	0.01384	0.01248	0.02072	0.09202	0.38831	0.01322	0.01606	0.01733	0.01366	0.01945	0.01489	0.02085	0.01308	0.02345	0.28428	0.00548	0.01211	0.00657	0.00346	0.00874
32	0.80789	0.01323	0.01006	0.00900	0.01323	0.01535	0.00741	0.02011	0.01164	0.03070	0.00953	0.01111	0.00741	0.00635	0.00423	0.00212	0.00529	0.00370	0.00423	0.00741
33	0.01372	0.03539	0.72412	0.01950	0.02961	0.01589	0.02528	0.02167	0.01444	0.02167	0.01228	0.01444	0.00867	0.00650	0.00650	0.00217	0.01011	0.00506	0.00289	0.01011
34	0.03070	0.01164	0.01588	0.01217	0.01746	0.01006	0.01006	0.03334	0.01958	0.72163	0.02699	0.02329	0.01694	0.00847	0.00688	0.00212	0.00582	0.00688	0.00847	0.01164
35	0.00980	0.00724	0.01054	0.01054	0.01160	0.00830	0.00798	0.01192	0.01086	0.01554	0.01874	0.02919	0.01811	0.14293	0.64221	0.01043	0.01681	0.00767	0.00373	0.00585
36	0.01292	0.01216	0.02052	0.74312	0.04712	0.01520	0.01900	0.01748	0.01368	0.01748	0.01216	0.01824	0.00912	0.00684	0.00684	0.00228	0.00912	0.00608	0.00304	0.00760
37	0.01829	0.76368	0.03585	0.01171	0.01756	0.02707	0.01171	0.02049	0.01390	0.01610	0.00951	0.01097	0.00878	0.00585	0.00439	0.00146	0.00732	0.00366	0.00293	0.00878
38	0.02556	0.03261	0.01939	0.01763	0.02115	0.73210	0.01322	0.02732	0.01939	0.01674	0.01058	0.01234	0.00881	0.00705	0.00617	0.00176	0.01234	0.00441	0.00353	0.00793
39	0.01779	0.65073	0.03360	0.01265	0.01762	0.02615	0.01220	0.01988	0.01338	0.01615	0.00943	0.01158	0.00881	0.00678	0.00711	0.00169	0.11891	0.00401	0.00294	0.00858
40	0.01292	0.01216	0.02052	0.74312	0.04712	0.01520	0.01900	0.01748	0.01368	0.01748	0.01216	0.01824	0.00912	0.00684	0.00684	0.00228	0.00912	0.00608	0.00304	0.00760
41	0.00891	0.00737	0.00787	0.00773	0.00995	0.00656	0.00579	0.01194	0.05712	0.02065	0.18103	0.08239	0.53581	0.01638	0.00804	0.00230	0.00355	0.01383	0.00660	0.00619
42	0.02619	0.01886	0.02035	0.01560	0.02107	0.02077	0.01289	0.66763	0.03166	0.07028	0.01685	0.01670	0.01185	0.00822	0.00685	0.00206	0.00746	0.00619	0.00691	0.01164
43	0.00992	0.00715	0.00948	0.00932	0.01093	0.00671	0.00727	0.01314	0.01872	0.02619	0.59219	0.05577	0.06005	0.01487	0.00832	0.00233	0.00378	0.13014	0.00731	0.00643
44	0.02214	0.06667	0.04409	0.01794	0.04464	0.49459	0.01384	0.02482	0.04157	0.01742	0.01128	0.01380	0.00959	0.00912	0.03124	0.00226	0.11847	0.00489	0.00352	0.00813
45	0.01829	0.76368	0.03585	0.01171	0.01756	0.02707	0.01171	0.02049	0.01390	0.01610	0.00951	0.01097	0.00878	0.00585	0.00439	0.00146	0.00732	0.00366	0.00293	0.00878
46	0.01565	0.01266	0.01472	0.01062	0.01663	0.01005	0.00854	0.06793	0.01571	0.04884	0.01301	0.01468	0.01049	0.00542	0.00526	0.00113	0.00528	0.00431	0.00442	0.71467
47	0.01291	0.14398	0.01461	0.00988	0.01250	0.05761	0.00787	0.01592	0.03867	0.04578	0.35302	0.09390	0.11895	0.03537	0.00808	0.00221	0.00489	0.01066	0.00614	0.00706
48	0.00834	0.00595	0.00794	0.00953	0.00992	0.00556	0.00635	0.00953	0.01310	0.01746	0.03771	0.75510	0.04525	0.02143	0.00873	0.00278	0.00397	0.01945	0.00635	0.00556
49	0.03070	0.01164	0.01588	0.01217	0.01746	0.01006	0.01006	0.03334	0.01958	0.72163	0.02699	0.02329	0.01694	0.00847	0.00688	0.00212	0.00582	0.00688	0.00847	0.01164
50	0.01802	0.50853	0.12201	0.01540	0.04787	0.09292	0.05117	0.02118	0.01462	0.01743	0.01057	0.01262	0.00916	0.00726	0.02433	0.00190	0.00872	0.00435	0.00305	0.00890
51	0.02035	0.01547	0.05424	0.01359	0.01810	0.04288	0.01126	0.05636	0.40454	0.19940	0.02818	0.02594	0.06009	0.00928	0.00695	0.00223	0.00600	0.00759	0.00694	0.01060
52	0.00859	0.00687	0.00774	0.00807	0.00992	0.00602	0.00606	0.01056	0.01569	0.01965	0.14412	0.17538	0.46323	0.01770	0.00831	0.00244	0.00377	0.07353	0.00650	0.00587
53	0.01188	0.00594	0.00891	0.00891	0.00891	0.00594	0.00594	0.00891	0.00891	0.01188	0.01188	0.02080	0.01188	0.02377	0.02674	0.80095	0.00594	0.00594	0.00297	0.00297
54	0.01521	0.07634	0.29007	0.15043	0.08083	0.04046	0.18337	0.02154	0.03814	0.02071	0.01295	0.01632	0.00974	0.00642	0.00682	0.00215	0.00986	0.00601	0.00325	0.00936
55	0.02668	0.01808	0.01986	0.01523	0.02068	0.01961	0.01258	0.59892	0.03035	0.14083	0.01795	0.01741	0.01240	0.00825	0.00685	0.00206	0.00728	0.00626	0.00708	0.01164
56	0.80789	0.01323	0.01006	0.00900	0.01323	0.01535	0.00741	0.02011	0.01164	0.03070	0.00953	0.01111	0.00741	0.00635	0.00423	0.00212	0.00529	0.00370	0.00423	0.00741
57	0.00832	0.00602	0.00788	0.00936	0.00988	0.00557	0.00628	0.00954	0.01325	0.01753	0.03969	0.71190	0.08717	0.02118	0.00869	0.00275	0.00394	0.01914	0.00635	0.00557
58	0.02383	0.13726	0.02199	0.01559	0.02008	0.28551	0.01268	0.29740	0.02328	0.02768	0.01314	0.01433	0.01026	0.00754	0.00669	0.00187	0.03492	0.00513	0.03132	0.00950
59	0.01778	0.04097	0.02477	0.13832	0.44195	0.13048	0.01847	0.04234	0.01630	0.02105	0.01319	0.03931	0.01130	0.00690	0.00668	0.00203	0.00877	0.00617	0.00355	0.00969
60	0.00956	0.00707	0.00911	0.01011	0.01084	0.00704	0.00702	0.04734	0.01413	0.01887	0.03650	0.66071	0.06551	0.02019	0.00916	0.00273	0.03389	0.01801	0.00624	0.00597
61	0.00995	0.00663	0.00746	0.00746	0.00746	0.00663	0.00415	0.00995	0.00995	0.01327	0.02156	0.04477	0.02487	0.75957	0.03482	0.00663	0.00663	0.00995	0.00415	0.00415
62	0.02396	0.01721	0.01908	0.01578	0.04292	0.01886	0.01242	0.47536	0.15149	0.09763	0.01992	0.04084	0.01475	0.00875	0.00692	0.00213	0.00691	0.00690	0.00688	0.01128
63	0.01869	0.72361	0.03495	0.01203	0.01776	0.06572	0.01179	0.02086	0.01420	0.01613	0.00957	0.01105	0.00878	0.00592	0.00449	0.00148	0.00759	0.00370	0.00296	0.00873
64	0.00831	0.00689	0.00699	0.00699	0.00903	0.00588	0.00507	0.00983	0.01491	0.01785	0.06354	0.06330	0.63085	0.10699	0.01132	0.00283	0.00385	0.01390	0.00609	0.00558
65	0.01665	0.01590	0.02677	0.09024	0.64174	0.01621	0.02045	0.02136	0.04302	0.02226	0.01342	0.01737	0.01112	0.00628	0.00679	0.00206	0.00809	0.00616	0.00351	0.01061
66	0.00809	0.00693	0.00693	0.00693	0.00924	0.00578	0.00520	0.00982	0.01559	0.01848	0.06931	0.06584	0.71411	0.01733	0.00809	0.00231	0.00347	0.01444	0.00635	0.00578
67	0.01292	0.01216	0.02052	0.74312	0.04712	0.01520	0.01900	0.01748	0.01368	0.01748	0.01216	0.01824	0.00912	0.00684	0.00684	0.00228	0.00912	0.00608	0.00304	0.00760
68	0.66188	0.01303	0.01198	0.14384	0.01946	0.01532	0.00954	0.01963	0.01202	0.02827	0.01001	0.01242	0.00772	0.00644	0.00471	0.00215	0.00600	0.00414	0.00401	0.00744
69	0.01633	0.01637	0.04972	0.12857	0.61092	0.01611	0.02089	0.02058	0.01530	0.02172	0.01276	0.01701	0.01055	0.00620	0.00677	0.00207	0.00832	0.00606	0.00333	0.01041
70	0.03688	0.00803	0.01013	0.00925	0.01141	0.00754	0.00704	0.03858	0.01907	0.10032	0.53084	0.09204	0.07517	0.01356	0.00783	0.00219	0.00377	0.01184	0.00739	0.00713
71	0.03070	0.01164	0.01588	0.01217	0.01746	0.01006	0.01006	0.03334	0.01958	0.72163	0.02699	0.02329	0.01694	0.00847	0.00688	0.00212	0.00582	0.00688	0.00847	0.01164
72	0.00959	0.00699	0.00902	0.00851	0.01017	0.00642	0.00638	0.01274	0.01915	0.02693	0.67721	0.05193	0.10093	0.01417	0.00807	0.00216	0.00324	0.01249	0.00747	0.00642
73	0.80789	0.01323	0.01006	0.00900	0.01323	0.01535	0.00741	0.02011	0.01164	0.03070	0.00953	0.01111	0.00741	0.00635	0.00423	0.00212	0.00529	0.00370	0.00423	0.00741
74	0.00834	0.00595	0.00794	0.00953	0.00992	0.00556	0.00635	0.00953	0.01310	0.01746	0.03771	0.75510	0.04525	0.02143	0.00873	0.00278	0.00397	0.01945	0.00635	0.00556
75	0.02556	0.03261	0.01939	0.01763	0.02115	0.73210	0.01322	0.02732	0.01939	0.01674	0.01058	0.01234	0.00881	0.00705	0.00617	0.00176	0.01234	0.00441	0.00353	0.00793
76	0.01467	0.01263	0.01534	0.01099	0.01708	0.00983	0.03256	0.04099	0.01488	0.02301	0.01237	0.01442	0.01019	0.00520	0.00524	0.00110	0.00538	0.00427	0.00413	0.74573
77	0.02556	0.03261	0.01939	0.01763	0.02115	0.73210	0.01322	0.02732	0.01939	0.01674	0.01058	0.01234	0.00881	0.00705	0.00617	0.00176	0.01234	0.00441	0.00353	0.00793
78	0.00816	0.00684	0.00709	0.00722	0.00933	0.00578	0.00534	0.00989	0.01549	0.01868	0.08703	0.12762	0.63295	0.01759	0.00814	0.00235	0.00350	0.01483	0.00639	0.00578
79	0.01292	0.01216	0.02052	0.74312	0.04712	0.01520	0.01900	0.01748	0.01368	0.01748	0.01216	0.01824	0.00912	0.00684	0.00684	0.00228	0.00912	0.00608	0.00304	0.00760
80	0.00958	0.00648	0.00757	0.00794	0.00803	0.00638	0.00465	0.00985	0.01068	0.01423	0.02528	0.20854	0.02957	0.58938	0.02881	0.00574	0.00602	0.01214	0.00465	0.00447
81	0.00977	0.00733	0.01100	0.01100	0.01222	0.00855	0.00855	0.01222	0.01100	0.01588	0.01833	0.02688	0.01710	0.05131	0.73245	0.01100	0.01833	0.00733	0.00367	0.00611

[dist]
# distance from previous block
# <min> <max>
0	9

[block]
# block no. 2 follows, 31 sequences, length 19
# corresponding to MSA columns:
# 182-200
name=unknown_C
#
# <colnr> <probs for GDERKNQSTAVLIFYWHMCP>
#	G	D	E	R	K	N	Q	S	T	A	V	L	I	F	Y	W	H	M	C	P
0	0.01292	0.01216	0.02052	0.74312	0.04712	0.01520	0.01900	0.01748	0.01368	0.01748	0.01216	0.01824	0.00912	0.00684	0.00684	0.00228	0.00912	0.00608	0.00304	0.00760
1	0.00977	0.00733	0.01100	0.01100	0.01222	0.00855	0.00855	0.01222	0.01100	0.01588	0.01833	0.02688	0.01710	0.05131	0.73245	0.01100	0.01833	0.00733	0.00367	0.00611
2	0.01887	0.01681	0.02573	0.03526	0.54020	0.01734	0.01888	0.16510	0.04709	0.02703	0.01424	0.01717	0.01141	0.00668	0.00680	0.00205	0.00789	0.00618	0.00427	0.01101
3	0.01956	0.00989	0.01275	0.01056	0.01418	0.00897	0.00839	0.04434	0.04673	0.32228	0.31401	0.03614	0.06572	0.01101	0.00735	0.00210	0.00465	0.00937	0.00768	0.04434
4	0.80789	0.01323	0.01006	0.00900	0.01323	0.01535	0.00741	0.02011	0.01164	0.03070	0.00953	0.01111	0.00741	0.00635	0.00423	0.00212	0.00529	0.00370	0.00423	0.00741
5	0.01615	0.01845	0.04037	0.02884	0.03576	0.01730	0.69204	0.02191	0.01615	0.02191	0.01384	0.01845	0.01038	0.00577	0.00807	0.00231	0.01153	0.00807	0.00346	0.00923
6	0.01330	0.01268	0.02060	0.60944	0.04174	0.01626	0.01826	0.01729	0.01309	0.01729	0.01157	0.01764	0.00909	0.00779	0.00972	0.00241	0.14516	0.00606	0.00303	0.00758
7	0.00995	0.00663	0.00746	0.00746	0.00746	0.00663	0.00415	0.00995	0.00995	0.01327	0.02156	0.04477	0.02487	0.75957	0.03482	0.00663	0.00663	0.00995	0.00415	0.00415
8	0.80789	0.01323	0.01006	0.00900	0.01323	0.01535	0.00741	0.02011	0.01164	0.03070	0.00953	0.01111	0.00741	0.00635	0.00423	0.00212	0.00529	0.00370	0.00423	0.00741
9	0.01318	0.01266	0.02211	0.68596	0.04621	0.01537	0.07286	0.01783	0.01388	0.01783	0.01229	0.01826	0.00922	0.00675	0.00694	0.00228	0.00931	0.00624	0.00307	0.00773
10	0.01497	0.01497	0.02095	0.01796	0.01796	0.02095	0.01497	0.01646	0.01048	0.01646	0.00898	0.01497	0.00898	0.01197	0.02245	0.00299	0.74704	0.00599	0.00299	0.00748
11	0.00822	0.00691	0.00697	0.00697	0.00911	0.00584	0.00512	0.00983	0.01517	0.01809	0.06574	0.06427	0.66261	0.07279	0.01008	0.00263	0.00370	0.01410	0.00619	0.00565
12	0.01829	0.76368	0.03585	0.01171	0.01756	0.02707	0.01171	0.02049	0.01390	0.01610	0.00951	0.01097	0.00878	0.00585	0.00439	0.00146	0.00732	0.00366	0.00293	0.00878
13	0.07306	0.03373	0.67076	0.01871	0.02839	0.01585	0.02394	0.02155	0.01423	0.02234	0.01207	0.01420	0.00857	0.00649	0.00633	0.00216	0.00975	0.00495	0.00299	0.00991
14	0.02601	0.01916	0.02053	0.01574	0.02122	0.02122	0.01300	0.69408	0.03217	0.04312	0.01643	0.01643	0.01163	0.00821	0.00684	0.00205	0.00753	0.00616	0.00684	0.01163
15	0.01432	0.00943	0.01096	0.00980	0.01217	0.05335	0.00751	0.01736	0.01940	0.14660	0.54998	0.04383	0.05278	0.01259	0.00774	0.00212	0.00426	0.01092	0.00744	0.00745
16	0.01920	0.67183	0.03378	0.01245	0.01801	0.11565	0.01190	0.02134	0.01459	0.01618	0.00964	0.01115	0.00878	0.00600	0.00461	0.00150	0.00795	0.00375	0.00300	0.00867
17	0.00838	0.00619	0.00784	0.00902	0.00982	0.00565	0.00616	0.00979	0.01393	0.01827	0.08611	0.59195	0.16134	0.02025	0.00858	0.00266	0.00384	0.01814	0.00643	0.00565
18	0.63994	0.01792	0.16107	0.01122	0.01669	0.01546	0.01119	0.02044	0.01224	0.02879	0.01011	0.01182	0.00768	0.00638	0.00471	0.00213	0.00631	0.00399	0.00395	0.00798

[dist]
# distance from previous block
# <min> <max>
0	1

[block]
# block no. 3 follows, 31 sequences, length 18
# corresponding to MSA columns:
# 202-219
name=unknown_D
#
# <colnr> <probs for GDERKNQSTAVLIFYWHMCP>
#	G	D	E	R	K	N	Q	S	T	A	V	L	I	F	Y	W	H	M	C	P
0	0.09375	0.42912	0.28026	0.01424	0.02146	0.02191	0.01616	0.02087	0.01388	0.01952	0.01051	0.01223	0.00861	0.00613	0.00513	0.00178	0.00812	0.00416	0.00304	0.00912
1	0.80789	0.01323	0.01006	0.00900	0.01323	0.01535	0.00741	0.02011	0.01164	0.03070	0.00953	0.01111	0.00741	0.00635	0.00423	0.00212	0.00529	0.00370	0.00423	0.00741
2	0.01684	0.01637	0.02630	0.06830	0.62586	0.04591	0.02010	0.02079	0.01567	0.02182	0.01388	0.01973	0.01207	0.00679	0.00688	0.00209	0.00826	0.03846	0.00352	0.01036
3	0.01266	0.01136	0.01870	0.64422	0.04196	0.01397	0.01717	0.01693	0.01370	0.01813	0.01435	0.05839	0.01174	0.00771	0.00678	0.00225	0.00836	0.00682	0.06740	0.00739
4	0.01702	0.01470	0.01547	0.01392	0.01779	0.01702	0.01083	0.03635	0.70453	0.02862	0.02785	0.02553	0.02088	0.00928	0.00696	0.00232	0.00541	0.00773	0.00696	0.01083
5	0.01333	0.01253	0.01787	0.06826	0.01817	0.01687	0.01318	0.01520	0.01080	0.01623	0.01207	0.01957	0.01174	0.06020	0.18884	0.00501	0.48339	0.00652	0.00322	0.00699
6	0.00977	0.00733	0.01100	0.01100	0.01222	0.00855	0.00855	0.01222	0.01100	0.01588	0.01833	0.02688	0.01710	0.05131	0.73245	0.01100	0.01833	0.00733	0.00367	0.00611
7	0.01702	0.01470	0.01547	0.01392	0.01779	0.01702	0.01083	0.03635	0.70453	0.02862	0.02785	0.02553	0.02088	0.00928	0.00696	0.00232	0.00541	0.00773	0.00696	0.01083
8	0.00834	0.00595	0.00794	0.00953	0.00992	0.00556	0.00635	0.00953	0.01310	0.01746	0.03771	0.75510	0.04525	0.02143	0.00873	0.00278	0.00397	0.01945	0.00635	0.00556
9	0.00834	0.00595	0.00794	0.00953	0.00992	0.00556	0.00635	0.00953	0.01310	0.01746	0.03771	0.75510	0.04525	0.02143	0.00873	0.00278	0.00397	0.01945	0.00635	0.00556
10	0.00830	0.00694	0.00723	0.00716	0.00937	0.00587	0.00537	0.01024	0.01610	0.01969	0.15614	0.06385	0.62652	0.01688	0.00808	0.00229	0.00343	0.01416	0.00651	0.00587
11	0.00977	0.00733	0.01100	0.01100	0.01222	0.00855	0.00855	0.01222	0.01100	0.01588	0.01833	0.02688	0.01710	0.05131	0.73245	0.01100	0.01833	0.00733	0.00367	0.00611
12	0.00834	0.00595	0.00794	0.00953	0.00992	0.00556	0.00635	0.00953	0.01310	0.01746	0.03771	0.75510	0.04525	0.02143	0.00873	0.00278	0.00397	0.01945	0.00635	0.00556
13	0.02505	0.01851	0.01981	0.01527	0.02058	0.02039	0.01259	0.65760	0.03128	0.04180	0.01924	0.01906	0.04909	0.00870	0.00691	0.00207	0.00731	0.00660	0.00682	0.01132
14	0.80789	0.01323	0.01006	0.00900	0.01323	0.01535	0.00741	0.02011	0.01164	0.03070	0.00953	0.01111	0.00741	0.00635	0.00423	0.00212	0.00529	0.00370	0.00423	0.00741
15	0.50502	0.11898	0.01599	0.01136	0.01580	0.13507	0.00943	0.07919	0.01498	0.02749	0.01029	0.01175	0.00819	0.00656	0.00480	0.00196	0.00692	0.00402	0.00416	0.00804
16	0.04840	0.01591	0.01650	0.01286	0.01782	0.05275	0.01029	0.33621	0.02264	0.03137	0.01733	0.04080	0.03808	0.04731	0.00772	0.00198	0.00661	0.00620	0.00551	0.26372
17	0.16256	0.01828	0.08538	0.02726	0.33221	0.05418	0.05294	0.04525	0.09138	0.02471	0.01379	0.01635	0.01096	0.00680	0.00680	0.00212	0.02942	0.00576	0.00401	0.00983

[dist]
# distance from previous block
# <min> <max>
7	13

[block]
# block no. 4 follows, 31 sequences, length 66
# corresponding to MSA columns:
# 233-298
name=unknown_E
#
# <colnr> <probs for GDERKNQSTAVLIFYWHMCP>
#	G	D	E	R	K	N	Q	S	T	A	V	L	I	F	Y	W	H	M	C	P
0	0.05352	0.01812	0.01915	0.04365	0.04458	0.13511	0.05589	0.26389	0.02155	0.02861	0.03659	0.07762	0.01485	0.00861	0.00719	0.00198	0.03382	0.00686	0.00514	0.12328
1	0.04266	0.09653	0.04788	0.02521	0.22633	0.04353	0.14818	0.16927	0.06029	0.02640	0.01500	0.04093	0.01220	0.00722	0.00676	0.00207	0.00840	0.00662	0.00444	0.01008
2	0.01825	0.49653	0.02909	0.04335	0.01865	0.05007	0.01180	0.10773	0.01673	0.02060	0.06264	0.04067	0.01448	0.00761	0.00600	0.00174	0.03601	0.00538	0.00392	0.00874
3	0.04989	0.04938	0.04660	0.01435	0.01966	0.01868	0.01214	0.47288	0.05375	0.05647	0.01641	0.01787	0.01238	0.04933	0.00803	0.00221	0.00714	0.00603	0.00609	0.08070
4	0.02277	0.01685	0.01797	0.01432	0.01895	0.04208	0.01157	0.50122	0.02766	0.06483	0.06390	0.09826	0.01874	0.00986	0.00704	0.00209	0.00687	0.00788	0.00668	0.04048
5	0.02168	0.01399	0.01601	0.01280	0.01723	0.01428	0.01032	0.31764	0.04709	0.17052	0.07296	0.04483	0.04940	0.05451	0.00865	0.00233	0.00622	0.03110	0.00675	0.08168
6	0.01453	0.16443	0.60217	0.01812	0.02748	0.01787	0.02287	0.02146	0.01435	0.02068	0.01179	0.01383	0.00869	0.00639	0.00613	0.00204	0.00962	0.00481	0.00290	0.00987
7	0.01533	0.01302	0.01604	0.05561	0.01914	0.01156	0.03830	0.09311	0.07058	0.02450	0.01644	0.04525	0.03135	0.00683	0.00587	0.00146	0.00580	0.00573	0.00465	0.51942
8	0.00834	0.00595	0.00794	0.00953	0.00992	0.00556	0.00635	0.00953	0.01310	0.01746	0.03771	0.75510	0.04525	0.02143	0.00873	0.00278	0.00397	0.01945	0.00635	0.00556
9	0.04128	0.00724	0.00909	0.00855	0.01030	0.00678	0.00644	0.01306	0.01890	0.02718	0.65780	0.05015	0.09009	0.01383	0.00792	0.00216	0.00332	0.01212	0.00735	0.00646
10	0.80789	0.01323	0.01006	0.00900	0.01323	0.01535	0.00741	0.02011	0.01164	0.03070	0.00953	0.01111	0.00741	0.00635	0.00423	0.00212	0.00529	0.00370	0.00423	0.00741
11	0.80789	0.01323	0.01006	0.00900	0.01323	0.01535	0.00741	0.02011	0.01164	0.03070	0.00953	0.01111	0.00741	0.00635	0.00423	0.00212	0.00529	0.00370	0.00423	0.00741
12	0.01372	0.03539	0.72412	0.01950	0.02961	0.01589	0.02528	0.02167	0.01444	0.02167	0.01228	0.01444	0.00867	0.00650	0.00650	0.00217	0.01011	0.00506	0.00289	0.01011
13	0.01702	0.01470	0.01547	0.01392	0.01779	0.01702	0.01083	0.03635	0.70453	0.02862	0.02785	0.02553	0.02088	0.00928	0.00696	0.00232	0.00541	0.00773	0.00696	0.01083
14	0.00968	0.00699	0.00914	0.00861	0.01022	0.00646	0.00646	0.01291	0.01937	0.02743	0.71328	0.05110	0.06455	0.01399	0.00807	0.00215	0.00323	0.01237	0.00753	0.00646
15	0.00995	0.00663	0.00746	0.00746	0.00746	0.00663	0.00415	0.00995	0.00995	0.01327	0.02156	0.04477	0.02487	0.75957	0.03482	0.00663	0.00663	0.00995	0.00415	0.00415
16	0.00977	0.00733	0.01100	0.01100	0.01222	0.00855	0.00855	0.01222	0.01100	0.01588	0.01833	0.02688	0.01710	0.05131	0.73245	0.01100	0.01833	0.00733	0.00367	0.00611
17	0.74658	0.04403	0.01144	0.00943	0.01370	0.04301	0.00780	0.02040	0.01203	0.02958	0.00957	0.01115	0.00752	0.00636	0.00431	0.00208	0.00564	0.00373	0.00415	0.00748
18	0.02226	0.01695	0.01852	0.01397	0.01963	0.01739	0.01145	0.47973	0.02647	0.03652	0.01507	0.01572	0.01116	0.00722	0.00628	0.00172	0.00675	0.00549	0.00596	0.26173
19	0.01305	0.01202	0.01984	0.68250	0.04433	0.01491	0.01813	0.01794	0.04306	0.01773	0.01282	0.01865	0.00973	0.00762	0.00764	0.03428	0.00883	0.00615	0.00321	0.00755
20	0.02556	0.03261	0.01939	0.01763	0.02115	0.73210	0.01322	0.02732	0.01939	0.01674	0.01058	0.01234	0.00881	0.00705	0.00617	0.00176	0.01234	0.00441	0.00353	0.00793
21	0.18864	0.01677	0.04616	0.05689	0.09546	0.04190	0.01288	0.23962	0.05740	0.15453	0.01646	0.01694	0.01173	0.00751	0.00626	0.00210	0.00707	0.00574	0.00573	0.01020
22	0.00867	0.00665	0.00795	0.00827	0.00976	0.00592	0.00596	0.01070	0.01601	0.02099	0.26290	0.27657	0.29987	0.01755	0.00828	0.00241	0.00355	0.01535	0.00672	0.00592
23	0.00961	0.00699	0.00904	0.00853	0.01017	0.00642	0.00639	0.01276	0.01918	0.02700	0.68188	0.05182	0.09622	0.01415	0.00807	0.00216	0.00324	0.01247	0.00747	0.00642
24	0.03070	0.01164	0.01588	0.01217	0.01746	0.01006	0.01006	0.03334	0.01958	0.72163	0.02699	0.02329	0.01694	0.00847	0.00688	0.00212	0.00582	0.00688	0.00847	0.01164
25	0.01372	0.03539	0.72412	0.01950	0.02961	0.01589	0.02528	0.02167	0.01444	0.02167	0.01228	0.01444	0.00867	0.00650	0.00650	0.00217	0.01011	0.00506	0.00289	0.01011
26	0.00968	0.00699	0.00914	0.00861	0.01022	0.00646	0.00646	0.01291	0.01937	0.02743	0.71328	0.05110	0.06455	0.01399	0.00807	0.00215	0.00323	0.01237	0.00753	0.00646
27	0.02656	0.01235	0.01586	0.01199	0.01747	0.01072	0.00984	0.08161	0.01934	0.50865	0.02277	0.02067	0.01497	0.00767	0.00646	0.00186	0.00578	0.00618	0.00733	0.19192
28	0.01419	0.01216	0.01419	0.01013	0.01621	0.00912	0.00811	0.01723	0.01419	0.02229	0.01216	0.01419	0.01013	0.00507	0.00507	0.00101	0.00507	0.00405	0.00405	0.80139
29	0.01710	0.01181	0.01339	0.01182	0.01534	0.01244	0.00930	0.05105	0.33637	0.14662	0.14664	0.03599	0.12104	0.01125	0.00735	0.00227	0.00496	0.02858	0.00721	0.00946
30	0.01372	0.03539	0.72412	0.01950	0.02961	0.01589	0.02528	0.02167	0.01444	0.02167	0.01228	0.01444	0.00867	0.00650	0.00650	0.00217	0.01011	0.00506	0.00289	0.01011
31	0.80789	0.01323	0.01006	0.00900	0.01323	0.01535	0.00741	0.02011	0.01164	0.03070	0.00953	0.01111	0.00741	0.00635	0.00423	0.00212	0.00529	0.00370	0.00423	0.00741
32	0.01137	0.00831	0.01125	0.01260	0.01430	0.00846	0.01086	0.01564	0.06569	0.02097	0.03566	0.09508	0.03822	0.01828	0.00925	0.00308	0.00616	0.60186	0.00635	0.00660
33	0.03070	0.01164	0.01588	0.01217	0.01746	0.01006	0.01006	0.03334	0.01958	0.72163	0.02699	0.02329	0.01694	0.00847	0.00688	0.00212	0.00582	0.00688	0.00847	0.01164
34	0.00834	0.00595	0.00794	0.00953	0.00992	0.00556	0.00635	0.00953	0.01310	0.01746	0.03771	0.75510	0.04525	0.02143	0.00873	0.00278	0.00397	0.01945	0.00635	0.00556
35	0.00886	0.00631	0.00806	0.00890	0.00954	0.00592	0.00596	0.01027	0.01387	0.01873	0.16776	0.47295	0.06908	0.14524	0.01301	0.00329	0.00426	0.01628	0.00621	0.00550
36	0.01497	0.01497	0.02095	0.01796	0.01796	0.02095	0.01497	0.01646	0.01048	0.01646	0.00898	0.01497	0.00898	0.01197	0.02245	0.00299	0.74704	0.00599	0.00299	0.00748
37	0.00818	0.00681	0.00715	0.00732	0.00937	0.00578	0.00539	0.00991	0.01545	0.01874	0.09272	0.14889	0.60543	0.01768	0.00816	0.00236	0.00352	0.01496	0.00640	0.00578
38	0.01497	0.01497	0.02095	0.01796	0.01796	0.02095	0.01497	0.01646	0.01048	0.01646	0.00898	0.01497	0.00898	0.01197	0.02245	0.00299	0.74704	0.00599	0.00299	0.00748
39	0.80789	0.01323	0.01006	0.00900	0.01323	0.01535	0.00741	0.02011	0.01164	0.03070	0.00953	0.01111	0.00741	0.00635	0.00423	0.00212	0.00529	0.00370	0.00423	0.00741
40	0.01902	0.65406	0.03411	0.01265	0.01833	0.02521	0.04046	0.02138	0.01432	0.06885	0.01098	0.01233	0.00946	0.00622	0.00527	0.00159	0.02926	0.00415	0.00336	0.00897
41	0.01639	0.01555	0.02639	0.06737	0.64472	0.01566	0.02026	0.02041	0.01552	0.02204	0.01437	0.02093	0.01264	0.00696	0.00695	0.00211	0.00805	0.04969	0.00356	0.01041
42	0.01275	0.00638	0.00638	0.00638	0.00797	0.00638	0.00478	0.01594	0.01435	0.02551	0.02232	0.02551	0.01754	0.00797	0.00478	0.00159	0.00319	0.00638	0.79755	0.00638
43	0.01032	0.00737	0.01022	0.01179	0.01306	0.00727	0.00980	0.01296	0.01505	0.01969	0.03661	0.25478	0.04091	0.01956	0.00926	0.00305	0.00569	0.50019	0.00631	0.00611
44	0.00834	0.00595	0.00794	0.00953	0.00992	0.00556	0.00635	0.00953	0.01310	0.01746	0.03771	0.75510	0.04525	0.02143	0.00873	0.00278	0.00397	0.01945	0.00635	0.00556
45	0.01497	0.01497	0.02095	0.01796	0.01796	0.02095	0.01497	0.01646	0.01048	0.01646	0.00898	0.01497	0.00898	0.01197	0.02245	0.00299	0.74704	0.00599	0.00299	0.00748
46	0.01372	0.03539	0.72412	0.01950	0.02961	0.01589	0.02528	0.02167	0.01444	0.02167	0.01228	0.01444	0.00867	0.00650	0.00650	0.00217	0.01011	0.00506	0.00289	0.01011
47	0.15475	0.01231	0.01520	0.01186	0.01699	0.01152	0.00980	0.06779	0.01901	0.57356	0.02361	0.02096	0.01512	0.00811	0.00645	0.00211	0.00583	0.00633	0.00770	0.01097
48	0.01309	0.01234	0.02083	0.71311	0.07579	0.01525	0.01909	0.01763	0.01376	0.01769	0.01219	0.01818	0.00919	0.00681	0.00684	0.00227	0.00908	0.00608	0.00305	0.00774
49	0.02459	0.03119	0.01870	0.01703	0.02049	0.69191	0.01277	0.02635	0.01918	0.01684	0.01383	0.01530	0.04784	0.00762	0.00627	0.00179	0.01185	0.00496	0.00368	0.00781
50	0.00959	0.00699	0.00902	0.00851	0.01017	0.00642	0.00639	0.01274	0.01916	0.02694	0.67764	0.05192	0.10050	0.01417	0.00807	0.00216	0.00324	0.01249	0.00747	0.00642
51	0.01971	0.01649	0.01676	0.01439	0.01858	0.05707	0.01146	0.24094	0.39708	0.03177	0.02516	0.02587	0.04260	0.00957	0.00704	0.00225	0.00644	0.03962	0.00668	0.01052
52	0.01693	0.01626	0.02777	0.04199	0.71689	0.01626	0.02100	0.02100	0.01558	0.02235	0.01287	0.01693	0.01084	0.00610	0.00677	0.00203	0.00813	0.00610	0.00339	0.01084
53	0.80789	0.01323	0.01006	0.00900	0.01323	0.01535	0.00741	0.02011	0.01164	0.03070	0.00953	0.01111	0.00741	0.00635	0.00423	0.00212	0.00529	0.00370	0.00423	0.00741
54	0.00904	0.00697	0.00825	0.00793	0.00983	0.00618	0.00595	0.01166	0.01784	0.02382	0.45350	0.05705	0.32659	0.01533	0.00808	0.00222	0.00332	0.01321	0.00706	0.00618
55	0.01693	0.01626	0.02777	0.04199	0.71689	0.01626	0.02100	0.02100	0.01558	0.02235	0.01287	0.01693	0.01084	0.00610	0.00677	0.00203	0.00813	0.00610	0.00339	0.01084
56	0.00977	0.00733	0.01100	0.01100	0.01222	0.00855	0.00855	0.01222	0.01100	0.01588	0.01833	0.02688	0.01710	0.05131	0.73245	0.01100	0.01833	0.00733	0.00367	0.00611
57	0.00942	0.00693	0.00882	0.00846	0.01009	0.00633	0.00630	0.01236	0.01858	0.02583	0.60034	0.09179	0.13969	0.01479	0.00811	0.00221	0.00330	0.01301	0.00733	0.00633
58	0.00949	0.00645	0.00764	0.00807	0.00822	0.00633	0.00482	0.00992	0.01110	0.01484	0.04610	0.24193	0.03167	0.53325	0.02681	0.00543	0.00580	0.01265	0.00486	0.00460
59	0.01292	0.01216	0.02052	0.74312	0.04712	0.01520	0.01900	0.01748	0.01368	0.01748	0.01216	0.01824	0.00912	0.00684	0.00684	0.00228	0.00912	0.00608	0.00304	0.00760
60	0.02601	0.01916	0.02053	0.01574	0.02122	0.02122	0.01300	0.69408	0.03217	0.04312	0.01643	0.01643	0.01163	0.00821	0.00684	0.00205	0.00753	0.00616	0.00684	0.01163
61	0.01829	0.76368	0.03585	0.01171	0.01756	0.02707	0.01171	0.02049	0.01390	0.01610	0.00951	0.01097	0.00878	0.00585	0.00439	0.00146	0.00732	0.00366	0.00293	0.00878
62	0.00968	0.00699	0.00914	0.00861	0.01022	0.00646	0.00646	0.01291	0.01937	0.02743	0.71328	0.05110	0.06455	0.01399	0.00807	0.00215	0.00323	0.01237	0.00753	0.00646
63	0.01178	0.00747	0.00973	0.00889	0.01092	0.00679	0.00677	0.01487	0.01920	0.09886	0.61084	0.04894	0.09129	0.01358	0.00795	0.00216	0.00351	0.01190	0.00757	0.00696
64	0.00995	0.00663	0.00746	0.00746	0.00746	0.00663	0.00415	0.00995	0.00995	0.01327	0.02156	0.04477	0.02487	0.75957	0.03482	0.00663	0.00663	0.00995	0.00415	0.00415
65	0.03047	0.01201	0.01610	0.01235	0.01765	0.01060	0.01020	0.06556	0.02020	0.68854	0.02648	0.02295	0.01668	0.00846	0.00688	0.00211	0.00590	0.00684	0.00839	0.01164

[dist]
# distance from previous block
# <min> <max>
0	3

# created by:
# /st0/software/busco_prod/Augustus/scripts/msa2prfl.pl ./align_prep/133630.fa
