[name]
unknown

[dist]
# distance from previous block
# <min> <max>
17	78

[block]
# block no. 0 follows, 28 sequences, length 13
# corresponding to MSA columns:
# 89-101
name=unknown_A
#
# <colnr> <probs for GDERKNQSTAVLIFYWHMCP>
#	G	D	E	R	K	N	Q	S	T	A	V	L	I	F	Y	W	H	M	C	P
0	0.01443	0.01366	0.02178	0.03004	0.41193	0.01314	0.04427	0.01790	0.01658	0.02219	0.03621	0.03755	0.26829	0.01094	0.00778	0.00228	0.00693	0.00989	0.00478	0.00942
1	0.00988	0.00782	0.00894	0.04706	0.01263	0.00692	0.00682	0.01196	0.01637	0.03965	0.09855	0.16397	0.48560	0.01760	0.00849	0.00247	0.00419	0.01498	0.00662	0.02946
2	0.31171	0.29124	0.02376	0.01244	0.01791	0.02254	0.01108	0.18570	0.01875	0.03011	0.01196	0.01317	0.00955	0.00705	0.00526	0.00197	0.00703	0.00457	0.00467	0.00955
3	0.00973	0.00713	0.00774	0.00784	0.00878	0.00664	0.00496	0.01049	0.01301	0.01642	0.04290	0.09493	0.27885	0.43159	0.02478	0.00509	0.00563	0.01293	0.00542	0.00514
4	0.01060	0.00767	0.00985	0.01071	0.01180	0.00756	0.00792	0.01368	0.05446	0.02112	0.14541	0.31563	0.04513	0.13019	0.01347	0.00354	0.00522	0.17307	0.00662	0.00636
5	0.01504	0.40788	0.08577	0.01230	0.01674	0.01915	0.01157	0.01751	0.01450	0.01817	0.02160	0.28506	0.02385	0.01249	0.00659	0.00214	0.00670	0.01031	0.00447	0.00817
6	0.01632	0.01756	0.03336	0.02514	0.02943	0.01922	0.39042	0.02060	0.01508	0.02143	0.04958	0.02009	0.01358	0.00907	0.01431	0.00272	0.28142	0.00799	0.00372	0.00895
7	0.01760	0.00924	0.01093	0.00945	0.01310	0.00784	0.00746	0.01981	0.01816	0.27638	0.05678	0.05300	0.44188	0.01488	0.00811	0.00238	0.00462	0.01233	0.00759	0.00847
8	0.00943	0.00687	0.00965	0.01071	0.01146	0.00710	0.00762	0.01119	0.01308	0.01793	0.03234	0.47306	0.03686	0.03468	0.27422	0.00623	0.00994	0.01584	0.00568	0.00612
9	0.02438	0.47268	0.03013	0.01262	0.01862	0.02198	0.01178	0.02689	0.01703	0.27480	0.01707	0.01657	0.01258	0.00726	0.00566	0.00182	0.00718	0.00517	0.00532	0.01047
10	0.00971	0.00763	0.01006	0.01006	0.01179	0.00798	0.00775	0.01202	0.01351	0.01791	0.03978	0.04408	0.27247	0.04098	0.45053	0.00822	0.01355	0.01062	0.00497	0.00636
11	0.01266	0.28547	0.01889	0.00927	0.01313	0.01462	0.00812	0.01468	0.01589	0.01869	0.04981	0.04809	0.43863	0.01384	0.00712	0.00212	0.00522	0.01105	0.00538	0.00733
12	0.01947	0.03113	0.44995	0.01922	0.02812	0.01900	0.02197	0.26752	0.02241	0.03157	0.01470	0.01614	0.01039	0.00759	0.00704	0.00226	0.00971	0.00581	0.00465	0.01135

[dist]
# distance from previous block
# <min> <max>
1	30

[block]
# block no. 1 follows, 28 sequences, length 23
# corresponding to MSA columns:
# 132-154
name=unknown_B
#
# <colnr> <probs for GDERKNQSTAVLIFYWHMCP>
#	G	D	E	R	K	N	Q	S	T	A	V	L	I	F	Y	W	H	M	C	P
0	0.79588	0.01406	0.01068	0.00956	0.01406	0.01631	0.00787	0.02137	0.01237	0.03261	0.01012	0.01181	0.00787	0.00675	0.00450	0.00225	0.00562	0.00394	0.00450	0.00787
1	0.01507	0.01292	0.01507	0.01077	0.01723	0.00969	0.00861	0.01830	0.01507	0.02369	0.01292	0.01507	0.01077	0.00538	0.00538	0.00108	0.00538	0.00431	0.00431	0.78898
2	0.01799	0.01727	0.02950	0.04462	0.69919	0.01727	0.02231	0.02231	0.01655	0.02375	0.01367	0.01799	0.01151	0.00648	0.00720	0.00216	0.00864	0.00648	0.00360	0.01151
3	0.00886	0.00633	0.00843	0.01012	0.01054	0.00590	0.00675	0.01012	0.01392	0.01856	0.04006	0.73979	0.04808	0.02277	0.00928	0.00295	0.00422	0.02066	0.00675	0.00590
4	0.01373	0.01292	0.02180	0.72707	0.05006	0.01615	0.02019	0.01857	0.01453	0.01857	0.01292	0.01938	0.00969	0.00727	0.00727	0.00242	0.00969	0.00646	0.00323	0.00807
5	0.01799	0.01727	0.02950	0.04462	0.69919	0.01727	0.02231	0.02231	0.01655	0.02375	0.01367	0.01799	0.01151	0.00648	0.00720	0.00216	0.00864	0.00648	0.00360	0.01151
6	0.01263	0.00631	0.00947	0.00947	0.00947	0.00631	0.00631	0.00947	0.00947	0.01263	0.01263	0.02210	0.01263	0.02525	0.02841	0.78851	0.00631	0.00631	0.00316	0.00316
7	0.01038	0.00779	0.01168	0.01168	0.01298	0.00909	0.00909	0.01298	0.01168	0.01687	0.01947	0.02856	0.01817	0.05452	0.71573	0.01168	0.01947	0.00779	0.00389	0.00649
8	0.79588	0.01406	0.01068	0.00956	0.01406	0.01631	0.00787	0.02137	0.01237	0.03261	0.01012	0.01181	0.00787	0.00675	0.00450	0.00225	0.00562	0.00394	0.00450	0.00787
9	0.03261	0.01237	0.01687	0.01293	0.01856	0.01068	0.01068	0.03543	0.02081	0.70423	0.02868	0.02474	0.01799	0.00900	0.00731	0.00225	0.00619	0.00731	0.00900	0.01237
10	0.01507	0.01292	0.01507	0.01077	0.01723	0.00969	0.00861	0.01830	0.01507	0.02369	0.01292	0.01507	0.01077	0.00538	0.00538	0.00108	0.00538	0.00431	0.00431	0.78898
11	0.01764	0.46085	0.27589	0.01691	0.05550	0.02399	0.01804	0.02224	0.01506	0.01953	0.01132	0.01327	0.00939	0.00648	0.00558	0.00185	0.00887	0.00454	0.00312	0.00994
12	0.00881	0.00651	0.00824	0.00962	0.01041	0.00595	0.00653	0.01018	0.01440	0.01875	0.04615	0.61843	0.16551	0.02198	0.00915	0.00286	0.00412	0.01970	0.00675	0.00595
13	0.01026	0.05192	0.04448	0.07122	0.01534	0.00872	0.00911	0.01243	0.01476	0.01959	0.08873	0.51034	0.07816	0.01887	0.00863	0.00271	0.00511	0.01686	0.00616	0.00661
14	0.01777	0.01804	0.11407	0.01348	0.02040	0.01353	0.01233	0.16355	0.01932	0.02846	0.01394	0.01564	0.01090	0.00633	0.00601	0.00149	0.00671	0.00495	0.00479	0.50828
15	0.01779	0.01846	0.06910	0.04322	0.66017	0.01725	0.02257	0.02235	0.01648	0.02371	0.01364	0.01784	0.01138	0.00650	0.00718	0.00217	0.00876	0.00641	0.00357	0.01147
16	0.02005	0.69208	0.03670	0.01294	0.01896	0.08339	0.01257	0.02234	0.01523	0.01716	0.01020	0.01178	0.00933	0.00632	0.00481	0.00158	0.00820	0.00395	0.00316	0.00926
17	0.69946	0.01586	0.06636	0.01060	0.01564	0.01610	0.00951	0.02213	0.01299	0.06200	0.01119	0.01267	0.00843	0.00686	0.00482	0.00225	0.00606	0.00420	0.00459	0.00830
18	0.02407	0.01793	0.01930	0.01540	0.02064	0.01966	0.01251	0.43344	0.19403	0.06773	0.02363	0.02274	0.04958	0.00939	0.00731	0.00223	0.00706	0.00736	0.00725	0.03875
19	0.05158	0.01485	0.04925	0.01287	0.01680	0.05322	0.01055	0.16675	0.08148	0.11518	0.07114	0.16316	0.13656	0.01317	0.00777	0.00240	0.00622	0.01096	0.00683	0.00925
20	0.01875	0.01476	0.05468	0.01344	0.01752	0.01421	0.01124	0.25637	0.08159	0.07962	0.13887	0.13129	0.08727	0.01293	0.00797	0.00241	0.00614	0.03413	0.00714	0.00966
21	0.14055	0.08095	0.39716	0.02000	0.08000	0.01774	0.04466	0.05927	0.01631	0.05989	0.01351	0.01548	0.00987	0.00697	0.00649	0.00222	0.00922	0.00541	0.00389	0.01038
22	0.05547	0.35702	0.33354	0.01633	0.02434	0.06080	0.01872	0.02271	0.01523	0.02053	0.01148	0.01339	0.00921	0.00662	0.00576	0.00194	0.00929	0.00459	0.00319	0.00984

[dist]
# distance from previous block
# <min> <max>
3	13

[block]
# block no. 2 follows, 28 sequences, length 62
# corresponding to MSA columns:
# 168-229
name=unknown_C
#
# <colnr> <probs for GDERKNQSTAVLIFYWHMCP>
#	G	D	E	R	K	N	Q	S	T	A	V	L	I	F	Y	W	H	M	C	P
0	0.01981	0.16840	0.09358	0.01459	0.02012	0.04883	0.01328	0.20175	0.05925	0.04774	0.01608	0.01823	0.01281	0.01534	0.12531	0.00354	0.00990	0.00587	0.00498	0.10062
1	0.01742	0.17707	0.35818	0.01727	0.04823	0.01741	0.01885	0.02288	0.01560	0.08952	0.01437	0.01678	0.01104	0.03421	0.00741	0.00215	0.00875	0.00535	0.00390	0.11361
2	0.05981	0.05193	0.42289	0.04451	0.02521	0.01442	0.01949	0.01973	0.01528	0.02298	0.06977	0.13513	0.02007	0.01001	0.00715	0.00234	0.00848	0.00831	0.00418	0.03830
3	0.06070	0.50873	0.22447	0.01461	0.02200	0.02474	0.01624	0.02210	0.01480	0.01962	0.01093	0.01270	0.00921	0.00644	0.00528	0.00180	0.00849	0.00431	0.00317	0.00965
4	0.17140	0.03039	0.49970	0.01766	0.02641	0.01641	0.02136	0.02315	0.05180	0.02561	0.04227	0.01693	0.01217	0.00737	0.00652	0.00230	0.00913	0.00557	0.00380	0.01004
5	0.01424	0.09491	0.06760	0.01106	0.01456	0.03979	0.00961	0.01813	0.03905	0.08268	0.38165	0.04350	0.12961	0.01278	0.00778	0.00221	0.00521	0.01080	0.00680	0.00801
6	0.01527	0.01481	0.02357	0.53806	0.20179	0.04438	0.02044	0.01987	0.01525	0.01976	0.01303	0.01880	0.01011	0.00709	0.00722	0.00234	0.00958	0.00639	0.00334	0.00890
7	0.01943	0.74891	0.03809	0.01244	0.01866	0.02876	0.01244	0.02177	0.01477	0.01710	0.01011	0.01166	0.00933	0.00622	0.00466	0.00155	0.00777	0.00389	0.00311	0.00933
8	0.02972	0.01225	0.01628	0.01279	0.01799	0.01098	0.01045	0.03401	0.07425	0.59804	0.08014	0.02721	0.02223	0.00952	0.00741	0.00227	0.00594	0.00783	0.00879	0.01188
9	0.01013	0.00742	0.00949	0.00898	0.01076	0.00679	0.00673	0.01341	0.02020	0.02825	0.63651	0.05578	0.12800	0.01520	0.00858	0.00230	0.00345	0.01335	0.00788	0.00679
10	0.00920	0.00647	0.00833	0.00968	0.01002	0.00613	0.00628	0.01021	0.01325	0.01766	0.03662	0.60086	0.04373	0.16764	0.01484	0.00377	0.00479	0.01864	0.00628	0.00560
11	0.01029	0.00743	0.00972	0.00914	0.01086	0.00686	0.00686	0.01372	0.02058	0.02915	0.69536	0.05430	0.06859	0.01486	0.00857	0.00229	0.00343	0.01315	0.00800	0.00686
12	0.01808	0.01561	0.01644	0.01479	0.01890	0.01808	0.01151	0.03863	0.68606	0.03041	0.02959	0.02712	0.02219	0.00986	0.00740	0.00247	0.00575	0.00822	0.00740	0.01151
13	0.01943	0.74891	0.03809	0.01244	0.01866	0.02876	0.01244	0.02177	0.01477	0.01710	0.01011	0.01166	0.00933	0.00622	0.00466	0.00155	0.00777	0.00389	0.00311	0.00933
14	0.79588	0.01406	0.01068	0.00956	0.01406	0.01631	0.00787	0.02137	0.01237	0.03261	0.01012	0.01181	0.00787	0.00675	0.00450	0.00225	0.00562	0.00394	0.00450	0.00787
15	0.01943	0.74891	0.03809	0.01244	0.01866	0.02876	0.01244	0.02177	0.01477	0.01710	0.01011	0.01166	0.00933	0.00622	0.00466	0.00155	0.00777	0.00389	0.00311	0.00933
16	0.04946	0.05425	0.02170	0.01655	0.02191	0.13597	0.01349	0.48604	0.06625	0.03872	0.01656	0.01685	0.01214	0.00842	0.00696	0.00212	0.00863	0.00614	0.00644	0.01140
17	0.01596	0.24018	0.51640	0.01836	0.02781	0.02027	0.02275	0.02266	0.01518	0.02133	0.01221	0.01430	0.00924	0.00671	0.00627	0.00209	0.00990	0.00495	0.00308	0.01034
18	0.00940	0.00742	0.00860	0.00922	0.01114	0.00663	0.00715	0.01155	0.01635	0.02033	0.08602	0.17889	0.42129	0.01933	0.00902	0.00273	0.00443	0.15747	0.00679	0.00625
19	0.79588	0.01406	0.01068	0.00956	0.01406	0.01631	0.00787	0.02137	0.01237	0.03261	0.01012	0.01181	0.00787	0.00675	0.00450	0.00225	0.00562	0.00394	0.00450	0.00787
20	0.01716	0.01961	0.04289	0.03064	0.03799	0.01838	0.67279	0.02328	0.01716	0.02328	0.01471	0.01961	0.01103	0.00613	0.00858	0.00245	0.01225	0.00858	0.00368	0.00980
21	0.01199	0.00869	0.01192	0.01345	0.01523	0.00879	0.01170	0.01610	0.04613	0.02213	0.03810	0.07958	0.04097	0.01963	0.00992	0.00331	0.00665	0.62207	0.00672	0.00690
22	0.00962	0.00740	0.00878	0.00844	0.01045	0.00657	0.00633	0.01242	0.01899	0.02538	0.44891	0.06050	0.31739	0.01627	0.00858	0.00235	0.00353	0.01402	0.00751	0.00657
23	0.00859	0.00736	0.00736	0.00736	0.00982	0.00614	0.00552	0.01043	0.01657	0.01964	0.07364	0.06996	0.69624	0.01841	0.00859	0.00245	0.00368	0.01534	0.00675	0.00614
24	0.00886	0.00633	0.00843	0.01012	0.01054	0.00590	0.00675	0.01012	0.01392	0.01856	0.04006	0.73979	0.04808	0.02277	0.00928	0.00295	0.00422	0.02066	0.00675	0.00590
25	0.02569	0.01996	0.02589	0.01940	0.02552	0.02133	0.14598	0.52386	0.03034	0.06219	0.01726	0.01812	0.01227	0.00821	0.00754	0.00224	0.00880	0.00698	0.00660	0.01185
26	0.00886	0.00633	0.00843	0.01012	0.01054	0.00590	0.00675	0.01012	0.01392	0.01856	0.04006	0.73979	0.04808	0.02277	0.00928	0.00295	0.00422	0.02066	0.00675	0.00590
27	0.00859	0.00736	0.00736	0.00736	0.00982	0.00614	0.00552	0.01043	0.01657	0.01964	0.07364	0.06996	0.69624	0.01841	0.00859	0.00245	0.00368	0.01534	0.00675	0.00614
28	0.00986	0.00741	0.00913	0.00870	0.01060	0.00668	0.00652	0.01290	0.01957	0.02677	0.53996	0.05821	0.22547	0.01575	0.00858	0.00233	0.00349	0.01369	0.00769	0.00668
29	0.01885	0.01890	0.02867	0.04219	0.63575	0.08272	0.02153	0.02294	0.01693	0.02319	0.01344	0.01753	0.01131	0.00657	0.00714	0.00213	0.00905	0.00631	0.00361	0.01122
30	0.17157	0.01403	0.02113	0.44526	0.17390	0.01641	0.01814	0.01989	0.01451	0.02244	0.01251	0.01758	0.00969	0.00700	0.00670	0.00233	0.00866	0.00596	0.00356	0.00873
31	0.02398	0.01471	0.01683	0.01395	0.01874	0.01544	0.01118	0.14176	0.30155	0.26300	0.03040	0.02775	0.06726	0.00999	0.00743	0.00234	0.00613	0.00814	0.00788	0.01156
32	0.01390	0.01309	0.02211	0.69994	0.07586	0.01619	0.02027	0.01872	0.01462	0.01878	0.01295	0.01932	0.00976	0.00724	0.00726	0.00241	0.00965	0.00646	0.00324	0.00821
33	0.00981	0.00741	0.00906	0.00864	0.01057	0.00666	0.00648	0.01279	0.01945	0.02648	0.52072	0.05870	0.24489	0.01586	0.00858	0.00233	0.00350	0.01376	0.00765	0.00666
34	0.01799	0.01727	0.02950	0.04462	0.69919	0.01727	0.02231	0.02231	0.01655	0.02375	0.01367	0.01799	0.01151	0.00648	0.00720	0.00216	0.00864	0.00648	0.00360	0.01151
35	0.03193	0.01252	0.01685	0.01302	0.01857	0.01103	0.01072	0.03558	0.05222	0.67241	0.02872	0.02485	0.01819	0.00904	0.00731	0.00226	0.00616	0.00735	0.00892	0.01233
36	0.00884	0.00637	0.00838	0.00999	0.01051	0.00592	0.00669	0.01014	0.01404	0.01861	0.04164	0.70840	0.07846	0.02257	0.00925	0.00293	0.00419	0.02042	0.00675	0.00592
37	0.01029	0.00743	0.00972	0.00914	0.01086	0.00686	0.00686	0.01372	0.02058	0.02915	0.69536	0.05430	0.06859	0.01486	0.00857	0.00229	0.00343	0.01315	0.00800	0.00686
38	0.01799	0.01727	0.02950	0.04462	0.69919	0.01727	0.02231	0.02231	0.01655	0.02375	0.01367	0.01799	0.01151	0.00648	0.00720	0.00216	0.00864	0.00648	0.00360	0.01151
39	0.01943	0.74891	0.03809	0.01244	0.01866	0.02876	0.01244	0.02177	0.01477	0.01710	0.01011	0.01166	0.00933	0.00622	0.00466	0.00155	0.00777	0.00389	0.00311	0.00933
40	0.01779	0.01707	0.02914	0.07684	0.66854	0.01722	0.02221	0.02213	0.01646	0.02350	0.01364	0.01806	0.01143	0.00651	0.00720	0.00217	0.00869	0.00648	0.00358	0.01135
41	0.01396	0.01316	0.02223	0.68959	0.08571	0.01621	0.02030	0.01878	0.01465	0.01886	0.01296	0.01930	0.00979	0.00722	0.00726	0.00241	0.00963	0.00646	0.00325	0.00826
42	0.02018	0.01330	0.01743	0.01877	0.15308	0.03837	0.01229	0.07139	0.07159	0.20414	0.23199	0.03422	0.03303	0.01077	0.00777	0.00229	0.00620	0.03611	0.00706	0.01003
43	0.03261	0.01237	0.01687	0.01293	0.01856	0.01068	0.01068	0.03543	0.02081	0.70423	0.02868	0.02474	0.01799	0.00900	0.00731	0.00225	0.00619	0.00731	0.00900	0.01237
44	0.01213	0.00984	0.01115	0.01225	0.01362	0.06068	0.00941	0.04447	0.01638	0.02092	0.03628	0.41537	0.04126	0.02000	0.00925	0.00298	0.00595	0.24485	0.00653	0.00668
45	0.01479	0.06837	0.67794	0.02036	0.03091	0.01740	0.02623	0.02297	0.01532	0.02276	0.01292	0.01519	0.00921	0.00688	0.00681	0.00227	0.01061	0.00531	0.00307	0.01068
46	0.03192	0.01349	0.01756	0.01346	0.01911	0.01234	0.01112	0.12480	0.02267	0.61221	0.02711	0.02372	0.01721	0.00896	0.00730	0.00224	0.00644	0.00720	0.00876	0.01237
47	0.01057	0.00705	0.00793	0.00793	0.00793	0.00705	0.00440	0.01057	0.01057	0.01409	0.02290	0.04757	0.02643	0.74454	0.03700	0.00705	0.00705	0.01057	0.00440	0.00440
48	0.79588	0.01406	0.01068	0.00956	0.01406	0.01631	0.00787	0.02137	0.01237	0.03261	0.01012	0.01181	0.00787	0.00675	0.00450	0.00225	0.00562	0.00394	0.00450	0.00787
49	0.02157	0.04683	0.01817	0.01464	0.01921	0.01795	0.01170	0.17854	0.39240	0.11594	0.02650	0.06314	0.02035	0.01006	0.00735	0.00236	0.00631	0.00823	0.00735	0.01140
50	0.01038	0.00779	0.01168	0.01168	0.01298	0.00909	0.00909	0.01298	0.01168	0.01687	0.01947	0.02856	0.01817	0.05452	0.71573	0.01168	0.01947	0.00779	0.00389	0.00649
51	0.01029	0.00743	0.00972	0.00914	0.01086	0.00686	0.00686	0.01372	0.02058	0.02915	0.69536	0.05430	0.06859	0.01486	0.00857	0.00229	0.00343	0.01315	0.00800	0.00686
52	0.01470	0.03676	0.67575	0.02118	0.03177	0.01695	0.05714	0.02303	0.01543	0.02303	0.01312	0.01555	0.00929	0.00687	0.00698	0.00231	0.01081	0.00552	0.00310	0.01070
53	0.02070	0.01713	0.05799	0.01449	0.01964	0.01641	0.01217	0.37766	0.02535	0.03477	0.02086	0.16185	0.01904	0.01080	0.00729	0.00213	0.00690	0.00888	0.00635	0.15957
54	0.01138	0.00907	0.01053	0.01079	0.01299	0.00904	0.00839	0.01735	0.15092	0.02300	0.11205	0.17528	0.24987	0.01744	0.00878	0.00272	0.00481	0.15123	0.00699	0.00737
55	0.02904	0.01574	0.02005	0.01539	0.02108	0.01567	0.05062	0.25318	0.06926	0.39494	0.02409	0.02211	0.01594	0.00879	0.00738	0.00225	0.00713	0.00718	0.00799	0.01216
56	0.74984	0.01367	0.01063	0.00953	0.01387	0.01575	0.00781	0.02092	0.01285	0.03241	0.05029	0.01430	0.01143	0.00722	0.00474	0.00225	0.00549	0.00448	0.00470	0.00781
57	0.01956	0.64909	0.05773	0.01314	0.01927	0.06017	0.01293	0.02314	0.05441	0.01811	0.01140	0.01275	0.01008	0.00651	0.00499	0.00165	0.00800	0.00423	0.00339	0.00946
58	0.02446	0.01285	0.01560	0.01271	0.01750	0.01240	0.01022	0.06959	0.17720	0.37062	0.06088	0.03083	0.09747	0.01034	0.00744	0.00227	0.00576	0.00851	0.00802	0.04533
59	0.02330	0.06238	0.02388	0.13919	0.13220	0.07112	0.01613	0.37914	0.02605	0.03414	0.01523	0.01720	0.01139	0.00790	0.00705	0.00216	0.00874	0.00623	0.00553	0.01105
60	0.02173	0.54149	0.03328	0.01390	0.01976	0.10775	0.01286	0.13391	0.01876	0.02207	0.01149	0.01282	0.00985	0.00679	0.00533	0.00170	0.00843	0.00443	0.00389	0.00974
61	0.01817	0.05118	0.17288	0.14175	0.26704	0.07934	0.02054	0.08906	0.01807	0.02415	0.01443	0.01945	0.01174	0.00755	0.00711	0.00223	0.00948	0.03157	0.00392	0.01033

[dist]
# distance from previous block
# <min> <max>
0	14

[block]
# block no. 3 follows, 28 sequences, length 17
# corresponding to MSA columns:
# 244-260
name=unknown_D
#
# <colnr> <probs for GDERKNQSTAVLIFYWHMCP>
#	G	D	E	R	K	N	Q	S	T	A	V	L	I	F	Y	W	H	M	C	P
0	0.01575	0.01263	0.01756	0.15813	0.06017	0.01335	0.03178	0.13553	0.01820	0.03950	0.05934	0.07132	0.03488	0.01969	0.16804	0.00430	0.01008	0.00810	0.00501	0.11665
1	0.01155	0.00798	0.00958	0.00988	0.01061	0.00805	0.00682	0.04703	0.01359	0.01801	0.02802	0.12917	0.03153	0.46224	0.02627	0.00550	0.00671	0.15661	0.00533	0.00551
2	0.00918	0.00711	0.00939	0.01000	0.01127	0.00645	0.02801	0.01093	0.01527	0.01989	0.10377	0.48740	0.21363	0.02045	0.00902	0.00275	0.00427	0.01828	0.00676	0.00617
3	0.02013	0.02143	0.02531	0.16234	0.36477	0.21174	0.01929	0.04861	0.01799	0.02198	0.01300	0.01687	0.01061	0.00699	0.00703	0.00213	0.01005	0.00598	0.00371	0.01005
4	0.01583	0.01437	0.02303	0.11254	0.43166	0.01487	0.01742	0.02010	0.05101	0.02133	0.01654	0.02535	0.01526	0.17422	0.01398	0.00331	0.00824	0.00750	0.00394	0.00951
5	0.20561	0.01307	0.01566	0.01232	0.01769	0.01243	0.01017	0.05743	0.01942	0.52590	0.02402	0.02152	0.01548	0.00848	0.00667	0.00225	0.00613	0.00651	0.00791	0.01135
6	0.00910	0.00643	0.00836	0.00981	0.01017	0.00607	0.00641	0.01019	0.01344	0.01792	0.03761	0.64060	0.04497	0.12620	0.01325	0.00354	0.00462	0.01922	0.00641	0.00569
7	0.01978	0.01414	0.02217	0.38488	0.16659	0.01556	0.01801	0.06762	0.01768	0.17700	0.01695	0.02020	0.01211	0.00761	0.00726	0.00232	0.00858	0.00666	0.00488	0.01001
8	0.57591	0.01389	0.04810	0.01064	0.01474	0.01470	0.00916	0.01955	0.01237	0.02853	0.01240	0.01580	0.01028	0.01760	0.16601	0.00439	0.00904	0.00489	0.00428	0.00771
9	0.01029	0.00743	0.00972	0.00914	0.01086	0.00686	0.00686	0.01372	0.02058	0.02915	0.69536	0.05430	0.06859	0.01486	0.00857	0.00229	0.00343	0.01315	0.00800	0.00686
10	0.14601	0.01479	0.01943	0.40080	0.03557	0.01747	0.01598	0.18704	0.01923	0.02817	0.01401	0.01792	0.01040	0.00760	0.00673	0.00231	0.00836	0.00608	0.03300	0.00909
11	0.02369	0.01248	0.01541	0.01274	0.01711	0.01228	0.01019	0.06572	0.18594	0.34902	0.17957	0.03164	0.03021	0.01053	0.00762	0.00231	0.00555	0.00882	0.00828	0.01091
12	0.00953	0.00731	0.00818	0.00801	0.00969	0.00655	0.00566	0.01142	0.01637	0.02115	0.24293	0.06032	0.36173	0.18214	0.01503	0.00345	0.00437	0.01362	0.00658	0.00595
13	0.01291	0.01031	0.01064	0.00949	0.01271	0.00986	0.00740	0.16122	0.02056	0.02558	0.06089	0.05804	0.54107	0.01621	0.00829	0.00239	0.00466	0.01335	0.00687	0.00755
14	0.01489	0.00878	0.00919	0.00846	0.01036	0.00910	0.00618	0.10979	0.01690	0.02683	0.02263	0.03036	0.01950	0.17553	0.01264	0.00298	0.00488	0.00760	0.49636	0.00704
15	0.01624	0.01382	0.01564	0.01191	0.01781	0.01209	0.00947	0.04803	0.16806	0.02606	0.01687	0.01790	0.01342	0.00653	0.00591	0.00143	0.00557	0.00528	0.00512	0.58285
16	0.02148	0.02302	0.02134	0.18171	0.10964	0.28845	0.01598	0.08713	0.13470	0.02345	0.01565	0.01794	0.01218	0.00784	0.00700	0.00216	0.01005	0.00608	0.00457	0.00961

[dist]
# distance from previous block
# <min> <max>
0	15

[block]
# block no. 4 follows, 28 sequences, length 21
# corresponding to MSA columns:
# 276-296
name=unknown_E
#
# <colnr> <probs for GDERKNQSTAVLIFYWHMCP>
#	G	D	E	R	K	N	Q	S	T	A	V	L	I	F	Y	W	H	M	C	P
0	0.01458	0.03760	0.70688	0.02072	0.03146	0.01688	0.02686	0.02302	0.01535	0.02302	0.01304	0.01535	0.00921	0.00691	0.00691	0.00230	0.01074	0.00537	0.00307	0.01074
1	0.79588	0.01406	0.01068	0.00956	0.01406	0.01631	0.00787	0.02137	0.01237	0.03261	0.01012	0.01181	0.00787	0.00675	0.00450	0.00225	0.00562	0.00394	0.00450	0.00787
2	0.01155	0.00790	0.00877	0.00845	0.00894	0.00798	0.00505	0.05233	0.01234	0.01635	0.02498	0.04674	0.05752	0.66362	0.03377	0.00652	0.00695	0.01055	0.00470	0.00499
3	0.00877	0.00666	0.00809	0.00924	0.01031	0.00598	0.00635	0.01022	0.01477	0.01890	0.05083	0.52493	0.25598	0.02137	0.00906	0.00279	0.00405	0.01896	0.00675	0.00598
4	0.02562	0.01898	0.02067	0.01602	0.02151	0.02082	0.01318	0.58924	0.03142	0.04239	0.01739	0.01823	0.01275	0.01225	0.06423	0.00289	0.00879	0.00653	0.00685	0.05021
5	0.02483	0.02660	0.02110	0.02046	0.09984	0.38287	0.01441	0.19217	0.06675	0.02650	0.01697	0.01813	0.04071	0.00831	0.00695	0.00205	0.01041	0.00605	0.00499	0.00989
6	0.01148	0.00762	0.00961	0.00918	0.01103	0.00693	0.00676	0.01416	0.01860	0.07365	0.43743	0.13177	0.15485	0.06175	0.01035	0.00268	0.00398	0.01375	0.00752	0.00688
7	0.36315	0.02246	0.24796	0.01966	0.14151	0.01643	0.01692	0.02269	0.01447	0.05654	0.01253	0.01464	0.00940	0.00685	0.00590	0.00225	0.00790	0.00501	0.00405	0.00967
8	0.05689	0.02075	0.02134	0.01654	0.02222	0.05277	0.01360	0.62165	0.03275	0.04408	0.01690	0.01705	0.01206	0.00860	0.00713	0.00217	0.00813	0.00636	0.00701	0.01202
9	0.00993	0.00642	0.00860	0.00969	0.00996	0.00615	0.00634	0.01003	0.01248	0.01663	0.03163	0.48717	0.03725	0.11836	0.01723	0.18024	0.00506	0.01611	0.00563	0.00509
10	0.01663	0.01616	0.02866	0.17681	0.43742	0.01664	0.10913	0.02124	0.01624	0.02253	0.01522	0.02251	0.01299	0.00744	0.00758	0.00233	0.00921	0.04723	0.00373	0.01029
11	0.79588	0.01406	0.01068	0.00956	0.01406	0.01631	0.00787	0.02137	0.01237	0.03261	0.01012	0.01181	0.00787	0.00675	0.00450	0.00225	0.00562	0.00394	0.00450	0.00787
12	0.00995	0.00723	0.00937	0.00923	0.01075	0.00666	0.00677	0.01292	0.01921	0.02682	0.54960	0.17494	0.09648	0.01642	0.00870	0.00241	0.00358	0.01457	0.00772	0.00666
13	0.01764	0.02066	0.08544	0.03436	0.26852	0.04435	0.37316	0.02314	0.01694	0.02322	0.01409	0.01849	0.01100	0.00636	0.00790	0.00232	0.01091	0.00746	0.00361	0.01042
14	0.01590	0.01590	0.02226	0.01908	0.01908	0.02226	0.01590	0.01749	0.01113	0.01749	0.00954	0.01590	0.00954	0.01272	0.02385	0.00318	0.73123	0.00636	0.00318	0.00795
15	0.01420	0.00835	0.01065	0.00954	0.01213	0.00745	0.00734	0.01723	0.01991	0.15502	0.45868	0.05150	0.17078	0.01438	0.00834	0.00231	0.00400	0.01243	0.00797	0.00777
16	0.00923	0.00739	0.00825	0.00803	0.01021	0.00641	0.00602	0.01166	0.01807	0.02320	0.30653	0.06409	0.46113	0.01708	0.00858	0.00239	0.00359	0.01452	0.00722	0.00641
17	0.00896	0.00646	0.00856	0.01004	0.01062	0.00607	0.00679	0.01037	0.01418	0.01892	0.06455	0.66254	0.07249	0.02350	0.03561	0.00323	0.00474	0.01971	0.00669	0.00597
18	0.00886	0.00633	0.00843	0.01012	0.01054	0.00590	0.00675	0.01012	0.01392	0.01856	0.04006	0.73979	0.04808	0.02277	0.00928	0.00295	0.00422	0.02066	0.00675	0.00590
19	0.02763	0.02036	0.02182	0.01672	0.02254	0.02254	0.01382	0.67496	0.03418	0.04581	0.01745	0.01745	0.01236	0.00873	0.00727	0.00218	0.00800	0.00654	0.00727	0.01236
20	0.01716	0.01961	0.04289	0.03064	0.03799	0.01838	0.67279	0.02328	0.01716	0.02328	0.01471	0.01961	0.01103	0.00613	0.00858	0.00245	0.01225	0.00858	0.00368	0.00980

[dist]
# distance from previous block
# <min> <max>
0	28

[block]
# block no. 5 follows, 28 sequences, length 111
# corresponding to MSA columns:
# 325-388,390-397,407-424,426-446
name=unknown_F
#
# <colnr> <probs for GDERKNQSTAVLIFYWHMCP>
#	G	D	E	R	K	N	Q	S	T	A	V	L	I	F	Y	W	H	M	C	P
0	0.00886	0.00633	0.00843	0.01012	0.01054	0.00590	0.00675	0.01012	0.01392	0.01856	0.04006	0.73979	0.04808	0.02277	0.00928	0.00295	0.00422	0.02066	0.00675	0.00590
1	0.02681	0.01972	0.02114	0.01630	0.02184	0.02179	0.01336	0.64281	0.03303	0.04428	0.01772	0.01891	0.01304	0.04432	0.00871	0.00242	0.00795	0.00674	0.00713	0.01198
2	0.01417	0.00941	0.01114	0.01005	0.01245	0.04063	0.00768	0.01737	0.02043	0.12395	0.54138	0.04886	0.08620	0.01384	0.00830	0.00227	0.00429	0.01202	0.00789	0.00768
3	0.01038	0.00779	0.01168	0.01168	0.01298	0.00909	0.00909	0.01298	0.01168	0.01687	0.01947	0.02856	0.01817	0.05452	0.71573	0.01168	0.01947	0.00779	0.00389	0.00649
4	0.04551	0.02006	0.17347	0.34394	0.14417	0.01733	0.02071	0.10570	0.01751	0.02444	0.01355	0.01774	0.01015	0.00723	0.00707	0.00232	0.00938	0.00614	0.00383	0.00976
5	0.49272	0.03661	0.01504	0.01198	0.01693	0.04019	0.00990	0.18136	0.01877	0.09690	0.01365	0.01441	0.00998	0.00744	0.00550	0.00220	0.00655	0.00490	0.00552	0.00943
6	0.02509	0.01781	0.02105	0.01923	0.10907	0.01907	0.01390	0.43957	0.05471	0.11295	0.07571	0.02180	0.01798	0.00902	0.00738	0.00221	0.00741	0.00724	0.00705	0.01176
7	0.29379	0.04726	0.01729	0.01348	0.01838	0.04489	0.01104	0.31090	0.06730	0.03624	0.01770	0.04093	0.03426	0.00873	0.00629	0.00222	0.00694	0.00631	0.00598	0.01006
8	0.79588	0.01406	0.01068	0.00956	0.01406	0.01631	0.00787	0.02137	0.01237	0.03261	0.01012	0.01181	0.00787	0.00675	0.00450	0.00225	0.00562	0.00394	0.00450	0.00787
9	0.00914	0.00736	0.00798	0.00784	0.00995	0.00637	0.00578	0.01124	0.01715	0.02160	0.22209	0.06466	0.49907	0.06518	0.01045	0.00271	0.00384	0.01449	0.00690	0.00620
10	0.01697	0.02103	0.09780	0.03028	0.05973	0.01822	0.59701	0.02323	0.01699	0.02328	0.01453	0.01920	0.01089	0.00620	0.00839	0.00243	0.01201	0.00824	0.00362	0.00994
11	0.03197	0.01341	0.01751	0.01343	0.01907	0.01223	0.01109	0.11868	0.02255	0.61852	0.02722	0.02379	0.01726	0.00896	0.00730	0.00224	0.00642	0.00721	0.00877	0.01237
12	0.00989	0.00736	0.00941	0.01051	0.01194	0.00688	0.00817	0.01218	0.01605	0.02077	0.10098	0.30041	0.20076	0.02017	0.00932	0.00292	0.00487	0.23427	0.00683	0.00631
13	0.01128	0.00807	0.01116	0.01253	0.01410	0.00795	0.01062	0.01446	0.01703	0.02251	0.12954	0.13338	0.04606	0.01958	0.00977	0.00317	0.00603	0.50923	0.00688	0.00665
14	0.02058	0.02208	0.02409	0.05820	0.28913	0.22912	0.04268	0.02787	0.16715	0.02319	0.01649	0.01867	0.01315	0.00756	0.00710	0.00216	0.00953	0.00640	0.00448	0.01037
15	0.14764	0.02194	0.01909	0.01560	0.02065	0.19747	0.01252	0.31930	0.02546	0.12771	0.01627	0.01647	0.01167	0.00814	0.00666	0.00212	0.00869	0.00577	0.00618	0.01066
16	0.02554	0.03095	0.02224	0.02326	0.14310	0.56186	0.01551	0.05493	0.02045	0.02003	0.01193	0.01416	0.00987	0.00736	0.00670	0.00194	0.01210	0.00508	0.00387	0.00914
17	0.03144	0.01341	0.01855	0.01412	0.01984	0.01207	0.04299	0.08977	0.02178	0.61473	0.02704	0.02387	0.01717	0.00883	0.00737	0.00225	0.00663	0.00731	0.00859	0.01225
18	0.03681	0.01450	0.02410	0.41346	0.30572	0.01628	0.02023	0.01988	0.01534	0.02105	0.01506	0.02021	0.03200	0.00729	0.00720	0.00231	0.00897	0.00668	0.00352	0.00937
19	0.01799	0.01727	0.02950	0.04462	0.69919	0.01727	0.02231	0.02231	0.01655	0.02375	0.01367	0.01799	0.01151	0.00648	0.00720	0.00216	0.00864	0.00648	0.00360	0.01151
20	0.00990	0.00769	0.01173	0.01199	0.01318	0.00719	0.06784	0.01154	0.01428	0.01893	0.03809	0.57909	0.07419	0.02102	0.01006	0.03741	0.00514	0.04822	0.00631	0.00619
21	0.03163	0.01327	0.01734	0.01337	0.01896	0.01211	0.01102	0.09887	0.04463	0.61623	0.02760	0.02410	0.01758	0.00900	0.00731	0.00225	0.00635	0.00726	0.00877	0.01234
22	0.01458	0.03760	0.70688	0.02072	0.03146	0.01688	0.02686	0.02302	0.01535	0.02302	0.01304	0.01535	0.00921	0.00691	0.00691	0.00230	0.01074	0.00537	0.00307	0.01074
23	0.08179	0.02103	0.11936	0.02951	0.12203	0.01788	0.45330	0.02296	0.01646	0.02409	0.01399	0.01823	0.01061	0.00632	0.00785	0.00238	0.01104	0.00753	0.00366	0.00998
24	0.01943	0.74891	0.03809	0.01244	0.01866	0.02876	0.01244	0.02177	0.01477	0.01710	0.01011	0.01166	0.00933	0.00622	0.00466	0.00155	0.00777	0.00389	0.00311	0.00933
25	0.01458	0.03760	0.70688	0.02072	0.03146	0.01688	0.02686	0.02302	0.01535	0.02302	0.01304	0.01535	0.00921	0.00691	0.00691	0.00230	0.01074	0.00537	0.00307	0.01074
26	0.02749	0.02195	0.02158	0.01813	0.05573	0.13797	0.01402	0.48094	0.02991	0.09446	0.01715	0.01735	0.01228	0.00843	0.00715	0.00213	0.00874	0.00629	0.00664	0.01166
27	0.01534	0.00908	0.01203	0.01207	0.04194	0.00842	0.00883	0.01872	0.04224	0.16844	0.24859	0.17225	0.11482	0.01543	0.00849	0.00253	0.00483	0.08032	0.00751	0.00812
28	0.01021	0.00700	0.00921	0.00974	0.01091	0.00646	0.00689	0.01243	0.01694	0.04522	0.30901	0.41789	0.07278	0.01897	0.00891	0.00264	0.00394	0.01701	0.00733	0.00651
29	0.01236	0.01010	0.01459	0.07345	0.13246	0.01016	0.01215	0.01638	0.04326	0.02325	0.16987	0.08944	0.12333	0.01521	0.00871	0.00269	0.00605	0.22261	0.00620	0.00773
30	0.08535	0.01457	0.01702	0.01349	0.01871	0.01463	0.01103	0.19885	0.09108	0.36980	0.02742	0.02509	0.06070	0.00946	0.00718	0.00227	0.00641	0.00748	0.00790	0.01153
31	0.02702	0.01988	0.02132	0.01641	0.02202	0.02199	0.01348	0.65119	0.03333	0.04468	0.01765	0.01853	0.01287	0.03505	0.00834	0.00236	0.00796	0.00669	0.00717	0.01208
32	0.65886	0.01773	0.01245	0.01119	0.01556	0.14091	0.00897	0.02273	0.01384	0.02997	0.01032	0.01204	0.00814	0.00688	0.00486	0.00218	0.00696	0.00407	0.00436	0.00797
33	0.00920	0.00734	0.00824	0.00811	0.01022	0.00638	0.00604	0.01157	0.01787	0.02294	0.29099	0.09255	0.44820	0.01734	0.00861	0.00242	0.00362	0.01479	0.00719	0.00638
34	0.01507	0.01292	0.01507	0.01077	0.01723	0.00969	0.00861	0.01830	0.01507	0.02369	0.01292	0.01507	0.01077	0.00538	0.00538	0.00108	0.00538	0.00431	0.00431	0.78898
35	0.01049	0.00775	0.01152	0.01152	0.01283	0.00901	0.00895	0.01311	0.01180	0.01722	0.01961	0.02851	0.01819	0.05296	0.69170	0.01134	0.01893	0.00775	0.03031	0.00650
36	0.01846	0.01580	0.01665	0.01487	0.01905	0.01826	0.01160	0.06390	0.66017	0.03102	0.02910	0.02674	0.02180	0.00982	0.00739	0.00245	0.00584	0.00815	0.00739	0.01154
37	0.00867	0.00729	0.00753	0.00763	0.00991	0.00615	0.00566	0.01053	0.01652	0.01991	0.09415	0.11921	0.62479	0.01860	0.00864	0.00249	0.00371	0.01566	0.00680	0.00615
38	0.00867	0.00737	0.00748	0.00745	0.00987	0.00617	0.00559	0.01059	0.01676	0.02010	0.10372	0.06920	0.66588	0.01824	0.00859	0.00245	0.00367	0.01523	0.00681	0.00617
39	0.01373	0.01292	0.02180	0.72707	0.05006	0.01615	0.02019	0.01857	0.01453	0.01857	0.01292	0.01938	0.00969	0.00727	0.00727	0.00242	0.00969	0.00646	0.00323	0.00807
40	0.02361	0.01369	0.01615	0.01362	0.01820	0.01421	0.01084	0.03555	0.36162	0.31203	0.07554	0.02802	0.02366	0.00985	0.00744	0.00236	0.00577	0.00818	0.00811	0.01154
41	0.79588	0.01406	0.01068	0.00956	0.01406	0.01631	0.00787	0.02137	0.01237	0.03261	0.01012	0.01181	0.00787	0.00675	0.00450	0.00225	0.00562	0.00394	0.00450	0.00787
42	0.01661	0.01340	0.06074	0.01869	0.13802	0.01208	0.01309	0.10090	0.03984	0.09853	0.07306	0.22207	0.03090	0.01423	0.00831	0.00260	0.00651	0.11499	0.00635	0.00909
43	0.00886	0.00633	0.00843	0.01012	0.01054	0.00590	0.00675	0.01012	0.01392	0.01856	0.04006	0.73979	0.04808	0.02277	0.00928	0.00295	0.00422	0.02066	0.00675	0.00590
44	0.01550	0.01953	0.13029	0.02546	0.07957	0.01587	0.37548	0.02190	0.05016	0.02395	0.09256	0.05830	0.03920	0.00854	0.00821	0.00241	0.00986	0.00921	0.00447	0.00954
45	0.02449	0.24173	0.02623	0.01800	0.05410	0.43262	0.01396	0.07145	0.01964	0.01982	0.01146	0.01322	0.00967	0.00716	0.00608	0.00181	0.01098	0.00467	0.00380	0.00911
46	0.02210	0.05256	0.01872	0.01472	0.01952	0.01858	0.01188	0.21814	0.36569	0.10816	0.02685	0.02508	0.04582	0.00961	0.00726	0.00231	0.00646	0.00772	0.00730	0.01152
47	0.01598	0.01350	0.01593	0.04668	0.01927	0.01101	0.00959	0.06944	0.01653	0.02516	0.01327	0.01547	0.01084	0.00574	0.00562	0.00123	0.00580	0.00459	0.00448	0.68987
48	0.79588	0.01406	0.01068	0.00956	0.01406	0.01631	0.00787	0.02137	0.01237	0.03261	0.01012	0.01181	0.00787	0.00675	0.00450	0.00225	0.00562	0.00394	0.00450	0.00787
49	0.76235	0.01398	0.01096	0.00971	0.01426	0.01606	0.00800	0.02199	0.01274	0.06212	0.01094	0.01238	0.00832	0.00685	0.00462	0.00225	0.00565	0.00408	0.00470	0.00807
50	0.02107	0.02442	0.07152	0.02374	0.14676	0.25173	0.08788	0.05037	0.20009	0.02417	0.01737	0.01881	0.01350	0.00780	0.00717	0.00219	0.00988	0.00650	0.00477	0.01026
51	0.01702	0.01941	0.06516	0.05777	0.03612	0.01782	0.55460	0.05467	0.01766	0.02396	0.01596	0.05501	0.01280	0.00716	0.00843	0.00246	0.01148	0.00886	0.00396	0.00970
52	0.79588	0.01406	0.01068	0.00956	0.01406	0.01631	0.00787	0.02137	0.01237	0.03261	0.01012	0.01181	0.00787	0.00675	0.00450	0.00225	0.00562	0.00394	0.00450	0.00787
53	0.01057	0.00705	0.00793	0.00793	0.00793	0.00705	0.00440	0.01057	0.01057	0.01409	0.02290	0.04757	0.02643	0.74454	0.03700	0.00705	0.00705	0.01057	0.00440	0.00440
54	0.02474	0.02476	0.01994	0.01691	0.02131	0.31860	0.03106	0.24255	0.11118	0.02960	0.01679	0.01769	0.01283	0.00825	0.00684	0.00205	0.00965	0.00604	0.06918	0.01003
55	0.01051	0.00706	0.00791	0.00791	0.00799	0.00702	0.00444	0.01057	0.01075	0.01426	0.02444	0.04825	0.04675	0.72251	0.03614	0.00691	0.00695	0.01072	0.00448	0.00446
56	0.04342	0.12873	0.29452	0.02414	0.17277	0.04061	0.04731	0.11934	0.01845	0.02588	0.01334	0.01571	0.01023	0.00697	0.00669	0.00214	0.00943	0.00564	0.00390	0.01075
57	0.01707	0.02847	0.42480	0.02395	0.14002	0.01618	0.06845	0.02456	0.04960	0.08844	0.03857	0.01887	0.01320	0.00739	0.00719	0.00229	0.00957	0.00637	0.00414	0.01087
58	0.75741	0.05047	0.01204	0.00970	0.01429	0.01692	0.00810	0.02139	0.01249	0.03184	0.01012	0.01180	0.00794	0.00672	0.00451	0.00221	0.00573	0.00393	0.00443	0.00794
59	0.05053	0.01019	0.01153	0.04111	0.01435	0.01043	0.00812	0.09602	0.03959	0.14996	0.04924	0.02568	0.01903	0.00876	0.00601	0.00195	0.00486	0.00701	0.43696	0.00866
60	0.03126	0.01355	0.01748	0.01351	0.01908	0.01256	0.01112	0.11703	0.05543	0.58704	0.02729	0.02393	0.01748	0.00901	0.00731	0.00225	0.00639	0.00726	0.00870	0.01233
61	0.05396	0.01669	0.09950	0.01436	0.02051	0.01359	0.01299	0.12216	0.05296	0.47847	0.02470	0.02230	0.01604	0.00868	0.00717	0.00226	0.00694	0.00691	0.00783	0.01199
62	0.02124	0.01979	0.02752	0.05732	0.32234	0.10249	0.10878	0.14091	0.04652	0.05891	0.01549	0.01825	0.01199	0.00723	0.00734	0.00219	0.00938	0.00667	0.00467	0.01097
63	0.79588	0.01406	0.01068	0.00956	0.01406	0.01631	0.00787	0.02137	0.01237	0.03261	0.01012	0.01181	0.00787	0.00675	0.00450	0.00225	0.00562	0.00394	0.00450	0.00787
64	0.02461	0.02025	0.02216	0.04824	0.11684	0.07727	0.01499	0.43313	0.10514	0.03764	0.01765	0.01837	0.01303	0.00839	0.00722	0.00220	0.00831	0.00657	0.00633	0.01166
65	0.00879	0.00659	0.00816	0.00941	0.01036	0.00596	0.00643	0.01020	0.01460	0.01884	0.04876	0.56639	0.21587	0.02164	0.00910	0.00282	0.00408	0.01929	0.00675	0.00596
66	0.05606	0.02013	0.02140	0.01646	0.02223	0.02231	0.01360	0.65077	0.03337	0.04532	0.01718	0.01724	0.01220	0.00865	0.00717	0.00218	0.00791	0.00645	0.00717	0.01220
67	0.01741	0.01645	0.02786	0.04173	0.63604	0.01645	0.02133	0.02164	0.01657	0.02356	0.01596	0.02390	0.01431	0.00773	0.00746	0.00227	0.00846	0.06590	0.00388	0.01107
68	0.01458	0.03760	0.70688	0.02072	0.03146	0.01688	0.02686	0.02302	0.01535	0.02302	0.01304	0.01535	0.00921	0.00691	0.00691	0.00230	0.01074	0.00537	0.00307	0.01074
69	0.01943	0.74891	0.03809	0.01244	0.01866	0.02876	0.01244	0.02177	0.01477	0.01710	0.01011	0.01166	0.00933	0.00622	0.00466	0.00155	0.00777	0.00389	0.00311	0.00933
70	0.06614	0.01244	0.01660	0.01278	0.01836	0.01093	0.01056	0.03481	0.02043	0.67472	0.02786	0.02417	0.01755	0.00890	0.00719	0.00225	0.00616	0.00716	0.00880	0.01217
71	0.03242	0.01269	0.01707	0.01308	0.01871	0.01115	0.01081	0.06082	0.02134	0.67808	0.02823	0.02445	0.01777	0.00899	0.00731	0.00225	0.00626	0.00728	0.00893	0.01237
72	0.01275	0.00941	0.01203	0.13734	0.01734	0.01026	0.00862	0.07363	0.01377	0.01828	0.02110	0.04027	0.02238	0.48066	0.06141	0.00585	0.00821	0.03617	0.00453	0.00599
73	0.00877	0.00732	0.00765	0.00767	0.00996	0.00620	0.00571	0.01074	0.01683	0.02051	0.13270	0.10083	0.60362	0.01827	0.00862	0.00246	0.00368	0.01538	0.00687	0.00620
74	0.01355	0.00678	0.00678	0.00678	0.00847	0.00678	0.00508	0.01694	0.01524	0.02710	0.02371	0.02710	0.01863	0.00847	0.00508	0.00169	0.00339	0.00678	0.78489	0.00678
75	0.01012	0.00742	0.00948	0.00897	0.01076	0.00679	0.00673	0.01339	0.02018	0.02821	0.63379	0.05585	0.13075	0.01521	0.00858	0.00230	0.00345	0.01336	0.00788	0.00679
76	0.01598	0.03463	0.61787	0.02175	0.07374	0.01650	0.02550	0.02379	0.01578	0.06776	0.01411	0.01613	0.00993	0.00702	0.00695	0.00229	0.01031	0.00557	0.00349	0.01090
77	0.03261	0.01237	0.01687	0.01293	0.01856	0.01068	0.01068	0.03543	0.02081	0.70423	0.02868	0.02474	0.01799	0.00900	0.00731	0.00225	0.00619	0.00731	0.00900	0.01237
78	0.00957	0.00698	0.00906	0.01015	0.01100	0.00666	0.00699	0.01216	0.04676	0.02117	0.16686	0.57319	0.05085	0.02063	0.00905	0.00280	0.00414	0.01862	0.00702	0.00635
79	0.01985	0.38422	0.22655	0.01576	0.02319	0.02398	0.01688	0.16596	0.01921	0.02512	0.01257	0.01399	0.00996	0.00697	0.00588	0.00191	0.00868	0.00490	0.00401	0.01040
80	0.01660	0.01125	0.01267	0.01144	0.01427	0.03838	0.00878	0.04092	0.16016	0.12733	0.27264	0.06832	0.03962	0.05969	0.00971	0.00263	0.00522	0.03324	0.05847	0.00866
81	0.01039	0.00792	0.00960	0.00915	0.01115	0.00741	0.00687	0.01453	0.06316	0.02684	0.49657	0.07575	0.20243	0.01554	0.00852	0.00235	0.00366	0.01352	0.00765	0.00698
82	0.01507	0.01292	0.01507	0.01077	0.01723	0.00969	0.00861	0.01830	0.01507	0.02369	0.01292	0.01507	0.01077	0.00538	0.00538	0.00108	0.00538	0.00431	0.00431	0.78898
83	0.01614	0.02072	0.14280	0.02530	0.06320	0.01608	0.39352	0.02193	0.01660	0.02357	0.04110	0.01942	0.01300	0.00648	0.00767	0.00216	0.01027	0.00738	0.00386	0.14880
84	0.08844	0.01587	0.04067	0.08167	0.14975	0.01669	0.01436	0.03141	0.34214	0.10759	0.02278	0.02272	0.01692	0.00853	0.00706	0.00235	0.00683	0.00716	0.00611	0.01096
85	0.64474	0.01491	0.03676	0.09954	0.01996	0.01638	0.03383	0.02115	0.01291	0.03022	0.01073	0.01314	0.00826	0.00680	0.00507	0.00228	0.00654	0.00446	0.00426	0.00806
86	0.00969	0.00668	0.00819	0.00905	0.00927	0.00646	0.00561	0.01034	0.01229	0.01638	0.03171	0.40287	0.03754	0.37408	0.02277	0.00495	0.00559	0.01575	0.00561	0.00517
87	0.01285	0.00929	0.01045	0.00986	0.01264	0.00888	0.00757	0.01844	0.13789	0.08407	0.16386	0.08923	0.35215	0.01571	0.00835	0.00247	0.00437	0.03687	0.00728	0.00779
88	0.01056	0.00706	0.00800	0.00798	0.00805	0.00704	0.00450	0.01070	0.01098	0.01471	0.05037	0.04784	0.02815	0.71473	0.03584	0.00685	0.00690	0.01068	0.00455	0.00450
89	0.01471	0.03671	0.67397	0.02121	0.03178	0.01696	0.05886	0.02303	0.01544	0.02303	0.01313	0.01556	0.00930	0.00687	0.00699	0.00231	0.01082	0.00553	0.00310	0.01070
90	0.01029	0.00743	0.00972	0.00914	0.01086	0.00686	0.00686	0.01372	0.02058	0.02915	0.69536	0.05430	0.06859	0.01486	0.00857	0.00229	0.00343	0.01315	0.00800	0.00686
91	0.01701	0.01034	0.01251	0.01083	0.01408	0.00993	0.00848	0.07527	0.08429	0.17495	0.32584	0.04492	0.15532	0.01321	0.00808	0.00232	0.00467	0.01124	0.00789	0.00883
92	0.02715	0.03464	0.02060	0.01873	0.02247	0.71536	0.01404	0.02903	0.02060	0.01779	0.01124	0.01311	0.00936	0.00749	0.00655	0.00187	0.01311	0.00468	0.00375	0.00843
93	0.79588	0.01406	0.01068	0.00956	0.01406	0.01631	0.00787	0.02137	0.01237	0.03261	0.01012	0.01181	0.00787	0.00675	0.00450	0.00225	0.00562	0.00394	0.00450	0.00787
94	0.14734	0.12905	0.46763	0.01763	0.02639	0.05117	0.02112	0.02286	0.01501	0.02359	0.01207	0.01415	0.00901	0.00681	0.00618	0.00217	0.00959	0.00490	0.00335	0.00996
95	0.01704	0.15809	0.50389	0.01905	0.02812	0.10983	0.02274	0.02359	0.01593	0.02133	0.01231	0.01443	0.00925	0.00687	0.00648	0.00212	0.01055	0.00503	0.00316	0.01020
96	0.01844	0.01604	0.02720	0.03795	0.54611	0.01579	0.05041	0.02263	0.01732	0.08089	0.07972	0.02208	0.01745	0.00747	0.00740	0.00219	0.00811	0.00728	0.00447	0.01106
97	0.01018	0.00743	0.00956	0.00903	0.01079	0.00681	0.00677	0.01351	0.02032	0.02854	0.65521	0.05531	0.10912	0.01509	0.00857	0.00230	0.00345	0.01329	0.00792	0.00681
98	0.02385	0.01759	0.01930	0.01569	0.02049	0.01930	0.01286	0.52217	0.04855	0.04018	0.02223	0.09233	0.01923	0.01132	0.00777	0.00239	0.00744	0.07904	0.00716	0.01111
99	0.02009	0.68801	0.03660	0.01297	0.01898	0.08730	0.01257	0.02239	0.01527	0.01716	0.01020	0.01178	0.00933	0.00633	0.00483	0.00158	0.00823	0.00395	0.00316	0.00925
