[name]
unknown

[dist]
# distance from previous block
# <min> <max>
14	47

[block]
# block no. 0 follows, 30 sequences, length 29
# corresponding to MSA columns:
# 53-81
name=unknown_A
#
# <colnr> <probs for GDERKNQSTAVLIFYWHMCP>
#	G	D	E	R	K	N	Q	S	T	A	V	L	I	F	Y	W	H	M	C	P
0	0.02324	0.01149	0.01457	0.01238	0.01633	0.01101	0.00983	0.10066	0.08225	0.38271	0.02939	0.19438	0.02483	0.01226	0.00758	0.00238	0.00568	0.04121	0.00770	0.01010
1	0.02708	0.04210	0.01646	0.01233	0.01708	0.01207	0.01000	0.08339	0.07481	0.50534	0.02545	0.02517	0.01768	0.08651	0.00990	0.00263	0.00619	0.00723	0.00769	0.01089
2	0.01155	0.00855	0.00920	0.00858	0.01129	0.00779	0.00656	0.06527	0.03959	0.06621	0.09770	0.09439	0.51551	0.01613	0.00807	0.00234	0.00409	0.01351	0.00675	0.00693
3	0.04069	0.28158	0.02639	0.12738	0.02388	0.12994	0.04379	0.02184	0.01499	0.07207	0.01189	0.01461	0.00978	0.00743	0.00828	0.00199	0.11780	0.00506	0.00365	0.03696
4	0.58106	0.01824	0.15580	0.01176	0.01728	0.01590	0.01156	0.02213	0.06583	0.02926	0.01174	0.01317	0.00889	0.00674	0.00501	0.00219	0.00641	0.00438	0.00425	0.00839
5	0.01859	0.01098	0.01293	0.01111	0.01481	0.01078	0.00877	0.04512	0.19358	0.24122	0.14744	0.03914	0.19209	0.01192	0.00753	0.00226	0.00488	0.00998	0.00752	0.00937
6	0.01632	0.01713	0.05064	0.10410	0.02763	0.06972	0.23478	0.02221	0.09762	0.04363	0.01611	0.04473	0.01329	0.01195	0.06620	0.00313	0.14048	0.00749	0.00410	0.00874
7	0.54372	0.01295	0.01226	0.01027	0.01495	0.01384	0.00847	0.02506	0.01460	0.26200	0.01572	0.01552	0.01083	0.00721	0.00523	0.00216	0.00558	0.00487	0.00577	0.00901
8	0.01660	0.28748	0.02171	0.01207	0.01568	0.06455	0.01040	0.01897	0.01385	0.09273	0.01580	0.02001	0.01372	0.02737	0.33253	0.00599	0.01273	0.00584	0.00398	0.00798
9	0.02623	0.01301	0.01604	0.01307	0.01793	0.01284	0.01054	0.03513	0.26718	0.46586	0.02785	0.02458	0.01874	0.00894	0.00705	0.00223	0.00579	0.00734	0.00808	0.01157
10	0.01202	0.00899	0.01170	0.01254	0.01452	0.00929	0.01062	0.01779	0.12189	0.02307	0.12055	0.06722	0.04050	0.01713	0.00907	0.00295	0.00589	0.48041	0.00669	0.00716
11	0.00981	0.00708	0.00927	0.00883	0.01041	0.00654	0.00658	0.01300	0.01944	0.02749	0.67481	0.08628	0.06488	0.01464	0.00826	0.00223	0.00333	0.01297	0.00762	0.00654
12	0.02252	0.01755	0.01868	0.01524	0.02011	0.01977	0.01229	0.40327	0.32403	0.03751	0.02185	0.02081	0.01599	0.00885	0.00703	0.00221	0.00674	0.00699	0.00703	0.01151
13	0.80405	0.01350	0.01026	0.00918	0.01350	0.01565	0.00756	0.02051	0.01188	0.03131	0.00972	0.01134	0.00756	0.00648	0.00432	0.00216	0.00540	0.00378	0.00432	0.00756
14	0.01899	0.01499	0.01612	0.01393	0.01789	0.01695	0.01089	0.17226	0.46039	0.05383	0.02511	0.02556	0.01936	0.06841	0.03087	0.00291	0.00649	0.00768	0.00680	0.01057
15	0.00988	0.00713	0.00933	0.00878	0.01043	0.00658	0.00658	0.01317	0.01975	0.02798	0.70754	0.05213	0.06584	0.01427	0.00823	0.00219	0.00329	0.01262	0.00768	0.00658
16	0.00991	0.00680	0.00754	0.00754	0.00784	0.00665	0.00436	0.01013	0.01088	0.01420	0.02814	0.04838	0.11167	0.66162	0.03207	0.00621	0.00636	0.01073	0.00451	0.00444
17	0.01301	0.00650	0.00650	0.00650	0.00813	0.00650	0.00488	0.01626	0.01463	0.02602	0.02276	0.02602	0.01789	0.00813	0.00488	0.00163	0.00325	0.00650	0.79350	0.00650
18	0.01866	0.75896	0.03657	0.01194	0.01791	0.02761	0.01194	0.02090	0.01418	0.01642	0.00970	0.01119	0.00896	0.00597	0.00448	0.00149	0.00746	0.00373	0.00299	0.00896
19	0.01636	0.01830	0.03909	0.06850	0.08953	0.01745	0.59846	0.02204	0.01629	0.02214	0.01395	0.01869	0.01056	0.00597	0.00806	0.00233	0.01136	0.00797	0.00350	0.00945
20	0.01301	0.00650	0.00650	0.00650	0.00813	0.00650	0.00488	0.01626	0.01463	0.02602	0.02276	0.02602	0.01789	0.00813	0.00488	0.00163	0.00325	0.00650	0.79350	0.00650
21	0.01727	0.01658	0.02832	0.04283	0.71123	0.01658	0.02142	0.02142	0.01589	0.02280	0.01313	0.01727	0.01105	0.00622	0.00691	0.00207	0.00829	0.00622	0.00345	0.01105
22	0.01866	0.75896	0.03657	0.01194	0.01791	0.02761	0.01194	0.02090	0.01418	0.01642	0.00970	0.01119	0.00896	0.00597	0.00448	0.00149	0.00746	0.00373	0.00299	0.00896
23	0.80405	0.01350	0.01026	0.00918	0.01350	0.01565	0.00756	0.02051	0.01188	0.03131	0.00972	0.01134	0.00756	0.00648	0.00432	0.00216	0.00540	0.00378	0.00432	0.00756
24	0.01560	0.02151	0.17444	0.09545	0.03547	0.01733	0.45694	0.02160	0.01560	0.02160	0.01340	0.01781	0.01004	0.00644	0.00849	0.00235	0.04592	0.00732	0.00335	0.00935
25	0.01124	0.00956	0.01448	0.34517	0.02784	0.01065	0.01255	0.01492	0.01629	0.02167	0.26683	0.06372	0.10655	0.01175	0.00774	0.00234	0.00625	0.03812	0.00534	0.00701
26	0.02603	0.01930	0.02067	0.01596	0.02145	0.02141	0.01314	0.65301	0.06856	0.04319	0.01738	0.01725	0.01237	0.00844	0.00699	0.00211	0.00756	0.00637	0.00699	0.01182
27	0.00846	0.00623	0.00793	0.00929	0.01001	0.00570	0.00629	0.00976	0.01377	0.01798	0.04364	0.64045	0.15256	0.02119	0.00880	0.00276	0.00397	0.01902	0.00648	0.00570
28	0.01007	0.00673	0.00763	0.00771	0.00772	0.00672	0.00433	0.01013	0.01029	0.01372	0.02273	0.07739	0.02631	0.72176	0.03432	0.00659	0.00664	0.01058	0.00433	0.00429

[dist]
# distance from previous block
# <min> <max>
0	2

[block]
# block no. 1 follows, 30 sequences, length 53
# corresponding to MSA columns:
# 84-136
name=unknown_B
#
# <colnr> <probs for GDERKNQSTAVLIFYWHMCP>
#	G	D	E	R	K	N	Q	S	T	A	V	L	I	F	Y	W	H	M	C	P
0	0.01866	0.75896	0.03657	0.01194	0.01791	0.02761	0.01194	0.02090	0.01418	0.01642	0.00970	0.01119	0.00896	0.00597	0.00448	0.00149	0.00746	0.00373	0.00299	0.00896
1	0.01000	0.00735	0.01060	0.01060	0.01163	0.00839	0.00795	0.01207	0.01103	0.01574	0.01926	0.03054	0.01880	0.17250	0.60880	0.01045	0.01665	0.00793	0.00382	0.00589
2	0.01447	0.01240	0.01447	0.01034	0.01654	0.00930	0.00827	0.01757	0.01447	0.02274	0.01240	0.01447	0.01034	0.00517	0.00517	0.00103	0.00517	0.00413	0.00413	0.79742
3	0.00874	0.00660	0.00808	0.00874	0.00999	0.00594	0.00616	0.01059	0.01555	0.02042	0.19972	0.39402	0.24228	0.01893	0.00856	0.00255	0.00373	0.01672	0.00675	0.00594
4	0.02279	0.02283	0.01839	0.01587	0.01974	0.31467	0.01240	0.25130	0.06054	0.02679	0.01526	0.01747	0.01221	0.01598	0.13844	0.00365	0.01163	0.00584	0.00497	0.00921
5	0.80405	0.01350	0.01026	0.00918	0.01350	0.01565	0.00756	0.02051	0.01188	0.03131	0.00972	0.01134	0.00756	0.00648	0.00432	0.00216	0.00540	0.00378	0.00432	0.00756
6	0.01135	0.00774	0.00939	0.00933	0.01160	0.00695	0.00747	0.01390	0.01718	0.08212	0.20519	0.06272	0.33878	0.01649	0.00847	0.00251	0.00439	0.17079	0.00693	0.00670
7	0.01831	0.01860	0.02661	0.05808	0.58071	0.10959	0.02000	0.02265	0.03771	0.02211	0.01328	0.01697	0.01105	0.00647	0.00684	0.00205	0.00879	0.00604	0.00358	0.01057
8	0.00983	0.00713	0.00926	0.00873	0.01039	0.00656	0.00654	0.01307	0.01963	0.02769	0.68742	0.05260	0.08615	0.01437	0.00823	0.00220	0.00330	0.01269	0.00764	0.00656
9	0.02162	0.01503	0.01892	0.03920	0.06489	0.01603	0.04747	0.16545	0.27385	0.17650	0.02417	0.02589	0.01815	0.00923	0.00727	0.00230	0.00673	0.04960	0.00681	0.01090
10	0.01015	0.00741	0.00977	0.01038	0.01198	0.00703	0.00839	0.01305	0.01721	0.02308	0.29544	0.12574	0.12643	0.01742	0.00888	0.00270	0.00470	0.28698	0.00691	0.00636
11	0.02344	0.01277	0.01544	0.01279	0.01713	0.01283	0.01022	0.10590	0.20509	0.34172	0.09289	0.07301	0.02430	0.01023	0.00727	0.00225	0.00565	0.00854	0.00780	0.01074
12	0.01301	0.00650	0.00650	0.00650	0.00813	0.00650	0.00488	0.01626	0.01463	0.02602	0.02276	0.02602	0.01789	0.00813	0.00488	0.00163	0.00325	0.00650	0.79350	0.00650
13	0.07016	0.01390	0.03962	0.01199	0.01746	0.01218	0.01001	0.09323	0.09369	0.18118	0.05837	0.02007	0.01627	0.00742	0.00616	0.00172	0.00572	0.00593	0.00594	0.32897
14	0.18962	0.51583	0.02898	0.01202	0.01737	0.10368	0.01116	0.02160	0.01431	0.01972	0.00983	0.01138	0.00866	0.00622	0.00465	0.00167	0.00759	0.00383	0.00334	0.00856
15	0.13265	0.06996	0.10041	0.01620	0.02185	0.13058	0.05123	0.29797	0.06160	0.03168	0.01441	0.01540	0.01075	0.00749	0.00637	0.00206	0.00852	0.00556	0.00518	0.01012
16	0.06704	0.15825	0.04161	0.01792	0.06486	0.46170	0.01365	0.04245	0.03709	0.01927	0.01137	0.01311	0.00944	0.00695	0.00595	0.00182	0.01062	0.00459	0.00368	0.00864
17	0.80405	0.01350	0.01026	0.00918	0.01350	0.01565	0.00756	0.02051	0.01188	0.03131	0.00972	0.01134	0.00756	0.00648	0.00432	0.00216	0.00540	0.00378	0.00432	0.00756
18	0.06686	0.01939	0.07499	0.02761	0.03467	0.01744	0.60749	0.02222	0.01608	0.02291	0.01375	0.01813	0.01030	0.00596	0.00790	0.00233	0.01128	0.00779	0.00355	0.00934
19	0.01155	0.00800	0.00991	0.00988	0.01189	0.00758	0.00771	0.01516	0.05948	0.06732	0.25338	0.11818	0.19187	0.04538	0.00953	0.00269	0.00453	0.15219	0.00693	0.00684
20	0.01574	0.01345	0.01510	0.01468	0.05526	0.01513	0.01075	0.05065	0.48312	0.02665	0.03121	0.03034	0.10251	0.01489	0.08536	0.00330	0.00694	0.00852	0.00645	0.00993
21	0.01371	0.05939	0.05919	0.01303	0.01608	0.01152	0.01162	0.02032	0.14714	0.05057	0.10725	0.05501	0.03452	0.01475	0.00837	0.00272	0.00620	0.35433	0.00634	0.00796
22	0.01906	0.01357	0.01563	0.03050	0.01706	0.01471	0.01038	0.36950	0.02317	0.03104	0.05959	0.07027	0.05635	0.01614	0.05770	0.16551	0.00738	0.00801	0.00585	0.00856
23	0.26784	0.01315	0.01750	0.46372	0.03549	0.01589	0.01524	0.05608	0.01434	0.02362	0.01178	0.01617	0.00889	0.00689	0.00612	0.00226	0.00796	0.00543	0.00371	0.00792
24	0.01400	0.03610	0.71860	0.01989	0.03020	0.01621	0.02578	0.02210	0.01473	0.02210	0.01252	0.01473	0.00884	0.00663	0.00663	0.00221	0.01031	0.00516	0.00295	0.01031
25	0.01471	0.09454	0.58710	0.01927	0.02867	0.01730	0.05213	0.02297	0.05873	0.02209	0.01338	0.01534	0.00973	0.00672	0.00655	0.00217	0.00983	0.00535	0.00324	0.01021
26	0.01717	0.01482	0.01570	0.01395	0.01804	0.01684	0.01087	0.03583	0.65473	0.02878	0.02738	0.02529	0.02060	0.00919	0.00698	0.00228	0.00550	0.00765	0.00691	0.06149
27	0.01775	0.01519	0.01600	0.01428	0.01830	0.01754	0.01114	0.06514	0.66992	0.02983	0.02790	0.02564	0.02090	0.00942	0.00710	0.00236	0.00562	0.00782	0.00710	0.01108
28	0.02581	0.05853	0.02036	0.01777	0.02145	0.70240	0.01343	0.02762	0.01958	0.01706	0.01075	0.01254	0.00899	0.00715	0.00623	0.00179	0.01241	0.00447	0.00357	0.00812
29	0.01145	0.00633	0.00889	0.00906	0.00922	0.00630	0.00606	0.00974	0.01021	0.01362	0.03602	0.06887	0.01947	0.15813	0.02628	0.54165	0.00603	0.04524	0.00376	0.00368
30	0.00942	0.00653	0.00812	0.00898	0.00932	0.00632	0.00582	0.01030	0.01231	0.01642	0.04845	0.38482	0.03730	0.33802	0.02043	0.00454	0.00536	0.05690	0.00553	0.00512
31	0.80405	0.01350	0.01026	0.00918	0.01350	0.01565	0.00756	0.02051	0.01188	0.03131	0.00972	0.01134	0.00756	0.00648	0.00432	0.00216	0.00540	0.00378	0.00432	0.00756
32	0.18429	0.02395	0.01835	0.01635	0.04385	0.32279	0.01241	0.22392	0.04417	0.02862	0.01301	0.01418	0.01003	0.00744	0.00614	0.00199	0.00927	0.00505	0.00487	0.00931
33	0.01000	0.00737	0.01065	0.01065	0.01170	0.00842	0.00802	0.01210	0.01105	0.01578	0.01921	0.03027	0.01869	0.16239	0.61874	0.01052	0.01682	0.00790	0.00382	0.00592
34	0.12382	0.01150	0.01322	0.01131	0.01500	0.01176	0.00896	0.05407	0.16559	0.21706	0.25302	0.03181	0.03291	0.01041	0.00708	0.00221	0.00496	0.00862	0.00734	0.00935
35	0.01100	0.00793	0.01091	0.01231	0.01396	0.00783	0.01066	0.01414	0.01625	0.02114	0.07385	0.07667	0.07958	0.01892	0.00949	0.00311	0.00610	0.59326	0.00649	0.00640
36	0.01524	0.01392	0.02183	0.48580	0.17067	0.01629	0.01854	0.06343	0.08406	0.02160	0.01442	0.01897	0.01100	0.00717	0.00698	0.00227	0.00863	0.00638	0.00382	0.00898
37	0.01010	0.00674	0.00763	0.00768	0.00769	0.00673	0.00430	0.01013	0.01025	0.01367	0.02251	0.06790	0.02603	0.73163	0.03468	0.00664	0.00668	0.01045	0.00430	0.00427
38	0.01805	0.63852	0.10560	0.01386	0.02034	0.02582	0.05666	0.02111	0.01438	0.01737	0.01027	0.01204	0.00905	0.00603	0.00494	0.00162	0.00803	0.00416	0.00302	0.00912
39	0.80405	0.01350	0.01026	0.00918	0.01350	0.01565	0.00756	0.02051	0.01188	0.03131	0.00972	0.01134	0.00756	0.00648	0.00432	0.00216	0.00540	0.00378	0.00432	0.00756
40	0.02198	0.01564	0.01657	0.01415	0.01857	0.05383	0.01119	0.09586	0.43992	0.19304	0.02618	0.02392	0.01882	0.00905	0.00703	0.00226	0.00620	0.00735	0.00727	0.01116
41	0.01447	0.01240	0.01447	0.01034	0.01654	0.00930	0.00827	0.01757	0.01447	0.02274	0.01240	0.01447	0.01034	0.00517	0.00517	0.00103	0.00517	0.00413	0.00413	0.79742
42	0.01918	0.70773	0.03538	0.01237	0.01817	0.07697	0.01205	0.02139	0.01457	0.01646	0.00978	0.01129	0.00896	0.00606	0.00461	0.00151	0.00782	0.00379	0.00303	0.00889
43	0.00866	0.00618	0.00827	0.00989	0.01036	0.00580	0.00674	0.00998	0.01351	0.01799	0.03838	0.71274	0.04582	0.02172	0.00895	0.00286	0.00418	0.05579	0.00647	0.00571
44	0.05011	0.01822	0.01959	0.01519	0.02054	0.01996	0.01250	0.57692	0.05247	0.08531	0.01974	0.01933	0.03994	0.00874	0.00695	0.00212	0.00726	0.00664	0.00699	0.01147
45	0.40636	0.02195	0.01526	0.01345	0.01763	0.29452	0.01056	0.10355	0.01748	0.02726	0.01098	0.01247	0.00863	0.00698	0.00541	0.00201	0.00848	0.00436	0.00436	0.00828
46	0.01301	0.00650	0.00650	0.00650	0.00813	0.00650	0.00488	0.01626	0.01463	0.02602	0.02276	0.02602	0.01789	0.00813	0.00488	0.00163	0.00325	0.00650	0.79350	0.00650
47	0.01232	0.00996	0.01280	0.08305	0.01633	0.03033	0.00957	0.05273	0.05877	0.02109	0.17060	0.03252	0.02763	0.11066	0.28700	0.00621	0.03789	0.00862	0.00497	0.00696
48	0.02965	0.01267	0.01646	0.01282	0.01809	0.01167	0.01053	0.07635	0.08632	0.60654	0.02692	0.02352	0.01732	0.00870	0.00702	0.00218	0.00601	0.00705	0.00838	0.01180
49	0.01632	0.01804	0.03744	0.06996	0.05402	0.01758	0.56620	0.02285	0.05990	0.02238	0.01477	0.01913	0.01117	0.00637	0.00847	0.00236	0.03193	0.00798	0.00372	0.00941
50	0.00973	0.00713	0.00913	0.00863	0.01034	0.00652	0.00647	0.01289	0.01941	0.02716	0.65039	0.05348	0.12351	0.01457	0.00823	0.00221	0.00331	0.01281	0.00757	0.00652
51	0.02326	0.01778	0.01906	0.01539	0.02035	0.01988	0.01253	0.47115	0.22873	0.03877	0.02093	0.02176	0.01569	0.00910	0.00711	0.00222	0.00700	0.03087	0.00700	0.01143
52	0.40008	0.10064	0.01716	0.01199	0.01699	0.03715	0.01008	0.23463	0.01921	0.03282	0.01215	0.01327	0.00929	0.00697	0.00529	0.00199	0.00654	0.00462	0.00499	0.05412

[dist]
# distance from previous block
# <min> <max>
3	10

[block]
# block no. 2 follows, 30 sequences, length 51
# corresponding to MSA columns:
# 147-197
name=unknown_C
#
# <colnr> <probs for GDERKNQSTAVLIFYWHMCP>
#	G	D	E	R	K	N	Q	S	T	A	V	L	I	F	Y	W	H	M	C	P
0	0.49488	0.05826	0.01556	0.01281	0.04222	0.06810	0.01007	0.17618	0.01758	0.03209	0.01155	0.01290	0.00887	0.00693	0.00518	0.00208	0.00666	0.00450	0.00478	0.00881
1	0.01301	0.00650	0.00650	0.00650	0.00813	0.00650	0.00488	0.01626	0.01463	0.02602	0.02276	0.02602	0.01789	0.00813	0.00488	0.00163	0.00325	0.00650	0.79350	0.00650
2	0.46483	0.01611	0.01468	0.06813	0.01895	0.05818	0.01043	0.19862	0.01833	0.05604	0.01246	0.01383	0.00925	0.00714	0.00544	0.00213	0.00674	0.00478	0.00504	0.00890
3	0.02111	0.01294	0.06960	0.01188	0.01651	0.01069	0.01029	0.02688	0.13059	0.34770	0.08163	0.03488	0.17279	0.01098	0.00735	0.00224	0.00551	0.00909	0.00739	0.00994
4	0.25498	0.01278	0.01420	0.01152	0.01622	0.01288	0.00940	0.08294	0.05895	0.34354	0.07951	0.02189	0.01823	0.00844	0.00629	0.00215	0.00566	0.00648	0.00696	0.02699
5	0.21172	0.01410	0.01586	0.01244	0.01766	0.01420	0.01026	0.18592	0.02092	0.36875	0.02020	0.01881	0.01344	0.00794	0.00630	0.00210	0.00620	0.00597	0.00706	0.04014
6	0.76202	0.01382	0.01083	0.00955	0.01394	0.01598	0.00787	0.05659	0.01301	0.03199	0.01010	0.01163	0.00779	0.00658	0.00446	0.00216	0.00552	0.00391	0.00446	0.00779
7	0.01538	0.01327	0.01644	0.01189	0.01804	0.01074	0.04788	0.05818	0.03451	0.02416	0.01320	0.01518	0.01074	0.00552	0.00551	0.00121	0.00571	0.00460	0.00435	0.68351
8	0.15622	0.01279	0.01535	0.01188	0.01722	0.01187	0.00978	0.07860	0.01888	0.46255	0.02182	0.01997	0.01436	0.00781	0.00633	0.00201	0.00588	0.00605	0.00721	0.11341
9	0.01643	0.01784	0.03671	0.08275	0.19678	0.01724	0.48164	0.02181	0.01616	0.02214	0.01376	0.01844	0.01061	0.00604	0.00783	0.00228	0.01077	0.00761	0.00348	0.00968
10	0.02188	0.01903	0.02233	0.02442	0.24510	0.09038	0.01543	0.31321	0.06400	0.03167	0.01547	0.01718	0.01192	0.00850	0.02401	0.00223	0.00838	0.00609	0.00527	0.05350
11	0.01024	0.00796	0.00989	0.00967	0.01189	0.00675	0.00691	0.01214	0.01422	0.01988	0.07441	0.46148	0.07670	0.01649	0.00778	0.00226	0.00428	0.01471	0.00590	0.22643
12	0.01559	0.01505	0.02303	0.40394	0.28046	0.05352	0.01911	0.04134	0.01564	0.02045	0.01469	0.01940	0.03371	0.00713	0.00696	0.00220	0.00887	0.00641	0.00349	0.00902
13	0.00850	0.00607	0.00810	0.00972	0.01012	0.00567	0.00648	0.00972	0.01336	0.01781	0.03846	0.75020	0.04615	0.02186	0.00891	0.00283	0.00405	0.01984	0.00648	0.00567
14	0.01090	0.00809	0.01053	0.01142	0.01307	0.00807	0.00928	0.01513	0.07619	0.02206	0.14428	0.19087	0.08241	0.01800	0.00898	0.00286	0.00525	0.34922	0.00670	0.00669
15	0.01015	0.00677	0.00761	0.00761	0.00761	0.00677	0.00423	0.01015	0.01015	0.01353	0.02199	0.04567	0.02537	0.75476	0.03552	0.00677	0.00677	0.01015	0.00423	0.00423
16	0.01809	0.01601	0.02306	0.41468	0.03776	0.04190	0.08870	0.22548	0.02024	0.02636	0.01387	0.01785	0.01022	0.00730	0.00709	0.00224	0.00918	0.00639	0.00436	0.00921
17	0.01073	0.00760	0.01013	0.01134	0.01255	0.00753	0.00924	0.01307	0.01462	0.01905	0.03496	0.11892	0.05837	0.17450	0.01500	0.00391	0.00624	0.46038	0.00597	0.00589
18	0.01003	0.00672	0.00765	0.00776	0.00779	0.00669	0.00439	0.01012	0.01038	0.01383	0.02315	0.09555	0.02684	0.70287	0.03363	0.00649	0.00657	0.01083	0.00439	0.00433
19	0.20629	0.49721	0.05080	0.01204	0.01756	0.08304	0.01147	0.02143	0.01412	0.02020	0.00989	0.01146	0.00862	0.00621	0.00466	0.00170	0.00749	0.00385	0.00335	0.00859
20	0.01082	0.00805	0.01040	0.01149	0.01320	0.00794	0.00959	0.01438	0.05184	0.02046	0.04178	0.12012	0.15365	0.04886	0.01028	0.00314	0.00573	0.44547	0.00638	0.00644
21	0.01750	0.03207	0.55439	0.01865	0.02772	0.05698	0.02249	0.05925	0.01663	0.10856	0.01450	0.01583	0.01005	0.00700	0.00668	0.00217	0.00977	0.00541	0.00390	0.01046
22	0.01155	0.00879	0.01100	0.01180	0.01377	0.00892	0.00985	0.01668	0.11195	0.02132	0.04052	0.06759	0.14730	0.05738	0.01045	0.00314	0.00584	0.42886	0.00641	0.00687
23	0.01001	0.00732	0.01044	0.01044	0.01141	0.00830	0.00775	0.01196	0.01098	0.01562	0.01940	0.03136	0.01916	0.20408	0.57770	0.01025	0.01612	0.00805	0.00384	0.00580
24	0.12690	0.01492	0.01615	0.01328	0.01807	0.03836	0.01072	0.13461	0.22643	0.29142	0.02325	0.02137	0.01612	0.00852	0.00666	0.00220	0.00623	0.00666	0.00719	0.01094
25	0.01435	0.00837	0.01075	0.00956	0.01211	0.00765	0.00738	0.01797	0.04336	0.16687	0.49118	0.04674	0.10939	0.01325	0.00795	0.00221	0.00393	0.01150	0.00775	0.00776
26	0.05984	0.67477	0.03367	0.01175	0.01735	0.02586	0.01152	0.02037	0.01388	0.01720	0.01024	0.01216	0.00939	0.00875	0.04737	0.00211	0.00802	0.00396	0.00310	0.00872
27	0.02031	0.01449	0.01682	0.01286	0.01813	0.01400	0.01045	0.21612	0.05757	0.12464	0.04499	0.01863	0.01455	0.00756	0.00712	0.00172	0.04507	0.00581	0.00583	0.34333
28	0.00850	0.00607	0.00810	0.00972	0.01012	0.00567	0.00648	0.00972	0.01336	0.01781	0.03846	0.75020	0.04615	0.02186	0.00891	0.00283	0.00405	0.01984	0.00648	0.00567
29	0.00852	0.00646	0.00786	0.00882	0.00992	0.00580	0.00612	0.01005	0.01461	0.01886	0.09597	0.48583	0.25595	0.02001	0.00865	0.00264	0.00383	0.01772	0.00656	0.00580
30	0.02632	0.01702	0.01903	0.01490	0.02020	0.01826	0.01221	0.43373	0.12840	0.20392	0.02108	0.01982	0.01457	0.00860	0.00701	0.00215	0.00694	0.00670	0.00740	0.01175
31	0.01639	0.01938	0.06301	0.02910	0.03627	0.01760	0.66461	0.02234	0.01641	0.02234	0.01407	0.01869	0.01053	0.00591	0.00818	0.00235	0.01172	0.00814	0.00351	0.00944
32	0.01447	0.01240	0.01447	0.01034	0.01654	0.00930	0.00827	0.01757	0.01447	0.02274	0.01240	0.01447	0.01034	0.00517	0.00517	0.00103	0.00517	0.00413	0.00413	0.79742
33	0.02546	0.06498	0.01691	0.01230	0.01691	0.01254	0.01006	0.11919	0.03906	0.43096	0.07652	0.07264	0.02191	0.03790	0.00813	0.00233	0.00598	0.00809	0.00759	0.01055
34	0.01693	0.12154	0.09779	0.05469	0.03321	0.01855	0.48542	0.02234	0.01602	0.04501	0.01376	0.01758	0.01039	0.00610	0.00749	0.00221	0.01075	0.00722	0.00356	0.00944
35	0.01447	0.01240	0.01447	0.01034	0.01654	0.00930	0.00827	0.01757	0.01447	0.02274	0.01240	0.01447	0.01034	0.00517	0.00517	0.00103	0.00517	0.00413	0.00413	0.79742
36	0.01190	0.00871	0.01221	0.06059	0.01691	0.00899	0.01185	0.03774	0.01650	0.02147	0.03464	0.07264	0.03716	0.01810	0.00937	0.00312	0.00666	0.59850	0.00623	0.00670
37	0.02396	0.01844	0.02161	0.01628	0.02207	0.01951	0.06611	0.53667	0.02882	0.03914	0.01591	0.01658	0.01154	0.00771	0.00681	0.00196	0.00764	0.00612	0.00629	0.12682
38	0.01157	0.00881	0.00954	0.00926	0.00994	0.04598	0.00604	0.03718	0.01175	0.01545	0.02048	0.03885	0.02227	0.53421	0.18321	0.00729	0.00970	0.00912	0.00419	0.00516
39	0.01301	0.00650	0.00650	0.00650	0.00813	0.00650	0.00488	0.01626	0.01463	0.02602	0.02276	0.02602	0.01789	0.00813	0.00488	0.00163	0.00325	0.00650	0.79350	0.00650
40	0.01667	0.01354	0.01547	0.01151	0.01724	0.01170	0.00922	0.15935	0.01830	0.02695	0.01487	0.05863	0.01279	0.00684	0.00577	0.00137	0.00563	0.00552	0.00488	0.58374
41	0.06335	0.01534	0.02430	0.24843	0.33396	0.01667	0.05459	0.06860	0.06368	0.02371	0.01407	0.01798	0.01106	0.00683	0.00687	0.00219	0.00838	0.00630	0.00390	0.00981
42	0.02207	0.01678	0.01879	0.06546	0.02161	0.01772	0.01211	0.45863	0.02626	0.03584	0.01582	0.01808	0.01214	0.05090	0.00825	0.00216	0.00721	0.00604	0.00594	0.17819
43	0.02399	0.01633	0.01874	0.01486	0.04230	0.01641	0.01175	0.38474	0.02542	0.15286	0.01738	0.01739	0.01238	0.00754	0.00653	0.00184	0.00677	0.00586	0.00643	0.21049
44	0.02354	0.01903	0.01744	0.01535	0.04142	0.22036	0.01167	0.10115	0.09995	0.20514	0.01896	0.01945	0.01401	0.01261	0.08375	0.00295	0.00939	0.00610	0.00576	0.07196
45	0.01773	0.01355	0.01508	0.01135	0.01697	0.05246	0.00907	0.04552	0.01606	0.12057	0.01497	0.01650	0.01170	0.00863	0.04736	0.00187	0.00659	0.00484	0.00482	0.56434
46	0.01334	0.01082	0.01511	0.01199	0.01601	0.00951	0.08029	0.01791	0.06263	0.04905	0.33356	0.03332	0.03683	0.00983	0.00709	0.00183	0.00506	0.00882	0.00605	0.27094
47	0.01493	0.01216	0.01539	0.01175	0.01681	0.01037	0.04765	0.05802	0.05372	0.04578	0.13922	0.04760	0.02239	0.00793	0.00629	0.00155	0.00537	0.00684	0.00528	0.47097
48	0.07312	0.01211	0.01497	0.03692	0.01757	0.01183	0.01045	0.02164	0.06819	0.14851	0.02024	0.02854	0.01742	0.00956	0.00835	0.00207	0.08459	0.12320	0.00545	0.28528
49	0.01558	0.01285	0.01606	0.01193	0.01756	0.01079	0.04787	0.06251	0.05343	0.04564	0.08128	0.01941	0.01661	0.00663	0.00592	0.00140	0.00557	0.00562	0.00492	0.55839
50	0.03509	0.01443	0.01488	0.03337	0.06550	0.11392	0.00994	0.05754	0.01794	0.03957	0.19927	0.02806	0.06986	0.00908	0.00663	0.00176	0.00615	0.00748	0.00533	0.26419

[dist]
# distance from previous block
# <min> <max>
13	84

[block]
# block no. 3 follows, 30 sequences, length 105
# corresponding to MSA columns:
# 282-386
name=unknown_D
#
# <colnr> <probs for GDERKNQSTAVLIFYWHMCP>
#	G	D	E	R	K	N	Q	S	T	A	V	L	I	F	Y	W	H	M	C	P
0	0.01472	0.01237	0.01437	0.01051	0.01631	0.00970	0.00833	0.04910	0.01518	0.02332	0.01374	0.03926	0.01201	0.02826	0.00628	0.00131	0.00530	0.00492	0.00435	0.71065
1	0.01601	0.01370	0.01697	0.07935	0.04099	0.01283	0.01100	0.10041	0.01635	0.02431	0.01263	0.01529	0.01033	0.00647	0.00740	0.00152	0.08029	0.00485	0.00426	0.52503
2	0.00901	0.00652	0.00860	0.01012	0.01074	0.00624	0.00702	0.01098	0.03530	0.01843	0.03802	0.67105	0.04486	0.02125	0.00891	0.00285	0.00429	0.07340	0.00649	0.00590
3	0.01457	0.01255	0.01484	0.04370	0.01806	0.01003	0.00893	0.01866	0.05230	0.02287	0.01329	0.01530	0.01090	0.00549	0.00536	0.00117	0.00538	0.00444	0.00425	0.71793
4	0.01501	0.01312	0.01673	0.01198	0.01823	0.01033	0.06048	0.03918	0.01520	0.02338	0.01267	0.01488	0.01040	0.00532	0.00546	0.00117	0.00575	0.00452	0.00418	0.71200
5	0.01143	0.00802	0.01057	0.01164	0.01336	0.00786	0.00961	0.01487	0.04826	0.04692	0.04027	0.20252	0.11474	0.01872	0.00912	0.00296	0.00558	0.41033	0.00656	0.00665
6	0.01501	0.01239	0.01453	0.01040	0.01658	0.00933	0.00833	0.01810	0.01465	0.04512	0.01289	0.01477	0.01056	0.00528	0.00523	0.00107	0.00519	0.00423	0.00428	0.77206
7	0.01455	0.01270	0.01518	0.01116	0.01672	0.01055	0.00899	0.01749	0.01408	0.02213	0.01207	0.01455	0.01021	0.00590	0.00700	0.00124	0.08125	0.00434	0.00402	0.71586
8	0.01229	0.00797	0.01011	0.01008	0.01185	0.00763	0.00773	0.01539	0.04732	0.08655	0.22188	0.12908	0.10174	0.13116	0.01272	0.00323	0.00502	0.16484	0.00668	0.00672
9	0.01388	0.01190	0.01377	0.01003	0.01587	0.00898	0.00799	0.01686	0.01461	0.02237	0.01791	0.01945	0.07625	0.00635	0.00546	0.00116	0.00501	0.00513	0.00436	0.72268
10	0.01012	0.00688	0.00819	0.00819	0.00838	0.00708	0.00495	0.01052	0.01032	0.01396	0.02146	0.04275	0.02411	0.64269	0.14585	0.00748	0.00867	0.00972	0.00415	0.00455
11	0.01204	0.00763	0.00981	0.01007	0.01145	0.00726	0.00713	0.05240	0.01609	0.08685	0.15348	0.47892	0.04382	0.05635	0.00987	0.00282	0.00445	0.01606	0.00681	0.00671
12	0.01473	0.09567	0.56946	0.02048	0.02999	0.01738	0.11303	0.02203	0.01492	0.02165	0.01250	0.01498	0.00908	0.00647	0.00666	0.00217	0.01026	0.00545	0.00303	0.01008
13	0.02704	0.05316	0.01682	0.01192	0.01738	0.01094	0.00990	0.02981	0.01868	0.53613	0.04329	0.02224	0.01698	0.00804	0.00659	0.00193	0.00581	0.00649	0.00751	0.14933
14	0.02557	0.01907	0.02041	0.01586	0.02128	0.02119	0.01303	0.62024	0.10208	0.04244	0.01797	0.01772	0.01285	0.00849	0.00699	0.00212	0.00745	0.00645	0.00699	0.01178
15	0.03059	0.01204	0.01617	0.01251	0.01783	0.01062	0.01030	0.03417	0.05504	0.68057	0.02758	0.02387	0.01748	0.00868	0.00702	0.00217	0.00592	0.00706	0.00856	0.01183
16	0.01301	0.00650	0.00650	0.00650	0.00813	0.00650	0.00488	0.01626	0.01463	0.02602	0.02276	0.02602	0.01789	0.00813	0.00488	0.00163	0.00325	0.00650	0.79350	0.00650
17	0.02031	0.01541	0.01827	0.01360	0.01949	0.01460	0.04123	0.27084	0.04133	0.07819	0.01560	0.01649	0.01171	0.00676	0.00617	0.00161	0.00647	0.00543	0.00557	0.39091
18	0.01709	0.01624	0.02081	0.01767	0.01867	0.04777	0.01462	0.11508	0.01429	0.02075	0.01075	0.01591	0.00991	0.01321	0.05071	0.00322	0.57529	0.00613	0.00368	0.00821
19	0.01541	0.02344	0.24446	0.09409	0.03568	0.01701	0.42236	0.02184	0.01570	0.02184	0.01347	0.01756	0.00994	0.00621	0.00763	0.00231	0.01109	0.00711	0.00331	0.00953
20	0.01756	0.01656	0.01774	0.01862	0.11948	0.15677	0.03557	0.14604	0.01905	0.02380	0.02295	0.13371	0.04689	0.01646	0.08960	0.00334	0.00931	0.09299	0.00513	0.00843
21	0.01212	0.00606	0.00909	0.00909	0.00909	0.00606	0.00606	0.00909	0.00909	0.01212	0.01212	0.02121	0.01212	0.02424	0.02727	0.79697	0.00606	0.00606	0.00303	0.00303
22	0.01601	0.01209	0.01409	0.03546	0.01741	0.01323	0.01095	0.02783	0.37553	0.08275	0.03293	0.04389	0.06721	0.01276	0.00792	0.00260	0.00583	0.20534	0.00687	0.00932
23	0.01401	0.01100	0.01481	0.03772	0.11868	0.04268	0.01294	0.03793	0.01673	0.04799	0.03062	0.08402	0.03203	0.01580	0.00880	0.00287	0.00700	0.45094	0.00587	0.00757
24	0.01550	0.01293	0.01493	0.01089	0.01686	0.01042	0.00871	0.08397	0.01626	0.02471	0.01358	0.03569	0.01151	0.00596	0.00545	0.00119	0.00539	0.00480	0.00448	0.69676
25	0.01435	0.06807	0.65005	0.02005	0.02999	0.01681	0.06167	0.02206	0.01480	0.02185	0.01248	0.01480	0.00894	0.00656	0.00662	0.00219	0.01026	0.00526	0.00298	0.01020
26	0.01121	0.00942	0.01245	0.01212	0.01339	0.04681	0.00948	0.01360	0.01162	0.01629	0.01754	0.02570	0.01636	0.04687	0.63488	0.01009	0.07485	0.00722	0.00368	0.00644
27	0.01524	0.01626	0.07817	0.34391	0.36997	0.01608	0.02086	0.01991	0.01496	0.02058	0.01276	0.01766	0.01012	0.00658	0.00692	0.00219	0.00889	0.00613	0.00326	0.00956
28	0.01301	0.00650	0.00650	0.00650	0.00813	0.00650	0.00488	0.01626	0.01463	0.02602	0.02276	0.02602	0.01789	0.00813	0.00488	0.00163	0.00325	0.00650	0.79350	0.00650
29	0.00997	0.00748	0.01121	0.01121	0.01246	0.00872	0.00872	0.01246	0.01121	0.01620	0.01869	0.02741	0.01745	0.05234	0.72710	0.01121	0.01869	0.00748	0.00374	0.00623
30	0.01212	0.00606	0.00909	0.00909	0.00909	0.00606	0.00606	0.00909	0.00909	0.01212	0.01212	0.02121	0.01212	0.02424	0.02727	0.79697	0.00606	0.00606	0.00303	0.00303
31	0.01451	0.01376	0.02333	0.51215	0.26351	0.01585	0.02004	0.01899	0.01458	0.01944	0.01264	0.01817	0.00987	0.00673	0.00695	0.00224	0.00897	0.00621	0.00322	0.00882
32	0.09452	0.00987	0.01251	0.01045	0.01404	0.00909	0.00833	0.02325	0.01911	0.33826	0.33532	0.03549	0.03846	0.01099	0.00731	0.00218	0.00468	0.00926	0.00779	0.00906
33	0.00920	0.00689	0.00853	0.00858	0.01012	0.00622	0.00626	0.01168	0.01747	0.02364	0.41358	0.20605	0.21277	0.01670	0.00838	0.00237	0.00351	0.01467	0.00714	0.00622
34	0.17523	0.02516	0.01765	0.05283	0.02098	0.42084	0.01232	0.07482	0.06612	0.05320	0.01305	0.01438	0.01016	0.00735	0.00608	0.00197	0.00989	0.00492	0.00442	0.00862
35	0.01451	0.01274	0.01634	0.07684	0.04303	0.01036	0.03093	0.01787	0.01453	0.02229	0.01248	0.01507	0.01028	0.00539	0.00548	0.00122	0.00585	0.00452	0.00400	0.67627
36	0.01812	0.65387	0.09734	0.01361	0.02003	0.02605	0.05045	0.02108	0.01436	0.01725	0.01020	0.01193	0.00904	0.00602	0.00488	0.00160	0.00795	0.00411	0.00301	0.00910
37	0.01662	0.01317	0.01461	0.01350	0.01683	0.01469	0.01058	0.09896	0.42112	0.04714	0.02973	0.14225	0.02629	0.01242	0.00767	0.00251	0.00565	0.08955	0.00695	0.00977
38	0.01699	0.01710	0.05400	0.04016	0.64671	0.01616	0.02086	0.02123	0.01577	0.02277	0.01306	0.01702	0.01093	0.00618	0.00680	0.00202	0.00819	0.00606	0.00347	0.05453
39	0.00988	0.00713	0.00933	0.00878	0.01043	0.00658	0.00658	0.01317	0.01975	0.02798	0.70754	0.05213	0.06584	0.01427	0.00823	0.00219	0.00329	0.01262	0.00768	0.00658
40	0.21933	0.01257	0.01476	0.01174	0.01663	0.01224	0.00962	0.07878	0.01844	0.46408	0.02162	0.02006	0.01424	0.00883	0.00732	0.04010	0.00594	0.00612	0.00719	0.01039
41	0.01020	0.00734	0.00941	0.00922	0.01066	0.00695	0.00671	0.03792	0.01833	0.02558	0.49460	0.21399	0.05741	0.04817	0.00953	0.00254	0.00379	0.01396	0.00722	0.00647
42	0.01545	0.00841	0.01087	0.00952	0.01229	0.00748	0.00740	0.01837	0.01926	0.21318	0.43249	0.04658	0.14423	0.01323	0.00790	0.00221	0.00404	0.01140	0.00777	0.00792
43	0.01015	0.00677	0.00761	0.00761	0.00761	0.00677	0.00423	0.01015	0.01015	0.01353	0.02199	0.04567	0.02537	0.75476	0.03552	0.00677	0.00677	0.01015	0.00423	0.00423
44	0.80405	0.01350	0.01026	0.00918	0.01350	0.01565	0.00756	0.02051	0.01188	0.03131	0.00972	0.01134	0.00756	0.00648	0.00432	0.00216	0.00540	0.00378	0.00432	0.00756
45	0.01141	0.00827	0.01046	0.01023	0.01260	0.00710	0.00757	0.01341	0.01431	0.05129	0.03189	0.43005	0.05660	0.01638	0.00787	0.00234	0.00465	0.07901	0.00594	0.21862
46	0.01008	0.00736	0.00890	0.00908	0.01081	0.00667	0.00655	0.01273	0.04185	0.04494	0.19031	0.33122	0.22854	0.01750	0.00830	0.00245	0.00391	0.01538	0.00675	0.03667
47	0.03131	0.01188	0.01619	0.01242	0.01781	0.01026	0.01026	0.03401	0.01997	0.71606	0.02753	0.02375	0.01727	0.00864	0.00702	0.00216	0.00594	0.00702	0.00864	0.01188
48	0.16785	0.01216	0.01515	0.01184	0.01705	0.01121	0.00978	0.03162	0.01854	0.59507	0.02438	0.02156	0.01556	0.00826	0.00654	0.00216	0.00584	0.00645	0.00787	0.01111
49	0.01365	0.01433	0.05538	0.61195	0.04572	0.01582	0.10744	0.01862	0.01432	0.01862	0.01263	0.01846	0.00945	0.00682	0.00713	0.00232	0.00967	0.00642	0.00315	0.00809
50	0.01443	0.01367	0.02304	0.47576	0.27522	0.01557	0.01964	0.01882	0.01468	0.01957	0.01447	0.01966	0.03175	0.00705	0.00699	0.00224	0.00877	0.00647	0.00333	0.00883
51	0.00997	0.00748	0.01121	0.01121	0.01246	0.00872	0.00872	0.01246	0.01121	0.01620	0.01869	0.02741	0.01745	0.05234	0.72710	0.01121	0.01869	0.00748	0.00374	0.00623
52	0.80405	0.01350	0.01026	0.00918	0.01350	0.01565	0.00756	0.02051	0.01188	0.03131	0.00972	0.01134	0.00756	0.00648	0.00432	0.00216	0.00540	0.00378	0.00432	0.00756
53	0.01897	0.01655	0.01639	0.01454	0.01860	0.07128	0.01133	0.07382	0.58822	0.04980	0.02637	0.02441	0.01970	0.00921	0.00703	0.00230	0.00620	0.00751	0.00687	0.01089
54	0.04862	0.73052	0.03556	0.01183	0.01774	0.02716	0.01177	0.02088	0.01409	0.01699	0.00970	0.01120	0.00890	0.00599	0.00447	0.00152	0.00738	0.00373	0.00304	0.00890
55	0.00961	0.00730	0.00908	0.00996	0.01165	0.00677	0.00799	0.01197	0.01579	0.02008	0.09162	0.18440	0.28693	0.01881	0.00892	0.00277	0.00478	0.27896	0.00653	0.00611
56	0.01779	0.01521	0.01603	0.01429	0.01831	0.01756	0.01115	0.06816	0.66683	0.02990	0.02785	0.02559	0.02085	0.00942	0.00709	0.00235	0.00563	0.00781	0.00709	0.01108
57	0.00865	0.00622	0.00821	0.00953	0.01013	0.00578	0.00645	0.01012	0.01417	0.01901	0.11610	0.64925	0.06876	0.02086	0.00881	0.00275	0.00395	0.01885	0.00662	0.00578
58	0.04992	0.00821	0.01240	0.21496	0.02039	0.00915	0.00993	0.01216	0.01096	0.01514	0.01435	0.08274	0.01404	0.01831	0.01887	0.46631	0.00677	0.00718	0.00341	0.00481
59	0.04920	0.02507	0.34486	0.02317	0.09741	0.01615	0.18832	0.02092	0.01506	0.02242	0.04877	0.01825	0.01270	0.00865	0.03195	0.00258	0.05498	0.00650	0.00348	0.00955
60	0.51191	0.01407	0.01323	0.01096	0.01571	0.01537	0.00904	0.12630	0.01691	0.18605	0.01477	0.01494	0.01039	0.00725	0.00533	0.00215	0.00587	0.00489	0.00569	0.00918
61	0.00950	0.00679	0.00924	0.01086	0.01170	0.00653	0.00821	0.01144	0.01434	0.01893	0.03791	0.50599	0.04397	0.02092	0.00917	0.00297	0.00491	0.25420	0.00646	0.00594
62	0.01693	0.12631	0.07247	0.02574	0.12168	0.01850	0.36500	0.05644	0.04658	0.02279	0.01672	0.01980	0.04417	0.00683	0.00731	0.00217	0.00971	0.00733	0.00388	0.00965
63	0.80405	0.01350	0.01026	0.00918	0.01350	0.01565	0.00756	0.02051	0.01188	0.03131	0.00972	0.01134	0.00756	0.00648	0.00432	0.00216	0.00540	0.00378	0.00432	0.00756
64	0.01366	0.01289	0.02179	0.65696	0.12536	0.01563	0.01962	0.01825	0.01418	0.01841	0.01249	0.01845	0.00951	0.00689	0.00697	0.00230	0.00918	0.00620	0.00314	0.00814
65	0.80405	0.01350	0.01026	0.00918	0.01350	0.01565	0.00756	0.02051	0.01188	0.03131	0.00972	0.01134	0.00756	0.00648	0.00432	0.00216	0.00540	0.00378	0.00432	0.00756
66	0.01693	0.49105	0.28935	0.01489	0.02247	0.02338	0.01707	0.02134	0.01438	0.01852	0.01075	0.01251	0.00891	0.00621	0.00528	0.00176	0.00852	0.00426	0.00297	0.00946
67	0.01726	0.01211	0.01458	0.01068	0.01656	0.00936	0.00856	0.02023	0.01541	0.14509	0.01589	0.03917	0.01268	0.00630	0.00561	0.00129	0.00527	0.00514	0.00500	0.63380
68	0.00997	0.00748	0.01121	0.01121	0.01246	0.00872	0.00872	0.01246	0.01121	0.01620	0.01869	0.02741	0.01745	0.05234	0.72710	0.01121	0.01869	0.00748	0.00374	0.00623
69	0.01559	0.01486	0.02528	0.32909	0.43814	0.01614	0.02058	0.01994	0.01509	0.02075	0.01283	0.01782	0.01033	0.00653	0.00694	0.00218	0.00871	0.00621	0.00331	0.00969
70	0.01780	0.01489	0.01579	0.01415	0.01814	0.01713	0.01102	0.03698	0.67730	0.05077	0.02837	0.02596	0.02118	0.00944	0.00710	0.00236	0.00554	0.00786	0.00715	0.01107
71	0.00850	0.00607	0.00810	0.00972	0.01012	0.00567	0.00648	0.00972	0.01336	0.01781	0.03846	0.75020	0.04615	0.02186	0.00891	0.00283	0.00405	0.01984	0.00648	0.00567
72	0.00850	0.00607	0.00810	0.00972	0.01012	0.00567	0.00648	0.00972	0.01336	0.01781	0.03846	0.75020	0.04615	0.02186	0.00891	0.00283	0.00405	0.01984	0.00648	0.00567
73	0.01318	0.01240	0.02093	0.73798	0.04806	0.01550	0.01938	0.01783	0.01395	0.01783	0.01240	0.01860	0.00930	0.00698	0.00698	0.00233	0.00930	0.00620	0.00310	0.00775
74	0.01400	0.03610	0.71860	0.01989	0.03020	0.01621	0.02578	0.02210	0.01473	0.02210	0.01252	0.01473	0.00884	0.00663	0.00663	0.00221	0.01031	0.00516	0.00295	0.01031
75	0.45207	0.01276	0.01296	0.01065	0.01546	0.01320	0.00879	0.02666	0.01556	0.34321	0.01783	0.01699	0.01198	0.00746	0.00555	0.00216	0.00564	0.00525	0.00629	0.00952
76	0.01442	0.01232	0.01304	0.01194	0.01529	0.01355	0.00922	0.02822	0.46855	0.02649	0.09792	0.03861	0.19745	0.01194	0.00749	0.00235	0.00483	0.01001	0.00700	0.00937
77	0.01736	0.01499	0.01578	0.01420	0.01815	0.01736	0.01105	0.03708	0.69862	0.02919	0.02840	0.02604	0.02130	0.00947	0.00710	0.00237	0.00552	0.00789	0.00710	0.01105
78	0.03090	0.01253	0.01660	0.01273	0.01814	0.01123	0.01051	0.09012	0.02107	0.65839	0.02661	0.02315	0.01681	0.00861	0.00701	0.00215	0.00609	0.00695	0.00849	0.01188
79	0.00875	0.00618	0.00802	0.00940	0.00975	0.00583	0.00614	0.00978	0.01288	0.01717	0.03600	0.64475	0.04304	0.13156	0.01289	0.00342	0.00446	0.01839	0.00614	0.00545
80	0.00850	0.00607	0.00810	0.00972	0.01012	0.00567	0.00648	0.00972	0.01336	0.01781	0.03846	0.75020	0.04615	0.02186	0.00891	0.00283	0.00405	0.01984	0.00648	0.00567
81	0.02607	0.03326	0.01978	0.01798	0.02157	0.72674	0.01348	0.02787	0.01978	0.01708	0.01079	0.01258	0.00899	0.00719	0.00629	0.00180	0.01258	0.00449	0.00360	0.00809
82	0.02653	0.01955	0.02094	0.01606	0.02164	0.02164	0.01326	0.68796	0.03281	0.04398	0.01675	0.01675	0.01187	0.00838	0.00698	0.00209	0.00768	0.00628	0.00698	0.01187
83	0.00997	0.00748	0.01121	0.01121	0.01246	0.00872	0.00872	0.01246	0.01121	0.01620	0.01869	0.02741	0.01745	0.05234	0.72710	0.01121	0.01869	0.00748	0.00374	0.00623
84	0.02555	0.03118	0.01996	0.01783	0.02141	0.63128	0.01356	0.08255	0.02040	0.01932	0.01120	0.01307	0.00924	0.00755	0.00721	0.00189	0.04986	0.00473	0.00385	0.00838
85	0.02624	0.01940	0.02078	0.01600	0.02153	0.02150	0.01319	0.66736	0.05388	0.04351	0.01712	0.01705	0.01217	0.00841	0.00698	0.00210	0.00761	0.00633	0.00698	0.01184
86	0.00883	0.00643	0.00812	0.00904	0.00986	0.00594	0.00615	0.01034	0.01443	0.01920	0.14796	0.48966	0.13332	0.08322	0.01101	0.00301	0.00410	0.01719	0.00648	0.00572
87	0.13028	0.01845	0.08235	0.02392	0.02985	0.01717	0.44615	0.02103	0.01498	0.02290	0.01379	0.04492	0.01123	0.00727	0.00906	0.00240	0.08411	0.00759	0.00367	0.00889
88	0.01013	0.00683	0.00794	0.00794	0.00805	0.00694	0.00463	0.01036	0.01024	0.01377	0.02169	0.04402	0.02466	0.69156	0.09774	0.00717	0.00784	0.00991	0.00418	0.00441
89	0.01574	0.01324	0.01533	0.03140	0.01800	0.01118	0.00923	0.08020	0.06504	0.02500	0.01394	0.01562	0.01123	0.00582	0.00552	0.00126	0.00554	0.00466	0.00458	0.64745
90	0.00998	0.00744	0.01104	0.01104	0.01223	0.00863	0.00851	0.01235	0.01116	0.01607	0.01885	0.02829	0.01782	0.08587	0.69408	0.01100	0.01812	0.00760	0.00376	0.00613
91	0.02087	0.02463	0.02051	0.05532	0.02158	0.39415	0.01454	0.02270	0.01566	0.01700	0.01019	0.01402	0.00908	0.00929	0.01329	0.00235	0.31834	0.00526	0.00334	0.00788
92	0.02114	0.01563	0.01740	0.01344	0.01894	0.01565	0.01089	0.28780	0.13948	0.08993	0.01813	0.01813	0.01340	0.00746	0.00637	0.00178	0.00629	0.00587	0.00614	0.28613
93	0.00851	0.00661	0.00775	0.00845	0.00984	0.00585	0.00596	0.01016	0.01507	0.01919	0.11274	0.38355	0.34278	0.01932	0.00855	0.00256	0.00375	0.01692	0.00659	0.00585
94	0.28662	0.05021	0.08264	0.01338	0.01897	0.01767	0.01201	0.27416	0.02135	0.13757	0.01531	0.01556	0.01082	0.00751	0.00595	0.00211	0.00689	0.00534	0.00578	0.01015
95	0.00988	0.00713	0.00933	0.00878	0.01043	0.00658	0.00658	0.01317	0.01975	0.02798	0.70754	0.05213	0.06584	0.01427	0.00823	0.00219	0.00329	0.01262	0.00768	0.00658
96	0.00911	0.00701	0.00833	0.00820	0.01001	0.00623	0.00607	0.01161	0.01765	0.02346	0.39618	0.12325	0.31506	0.01631	0.00830	0.00232	0.00346	0.01412	0.00710	0.00623
97	0.01573	0.01830	0.10453	0.02105	0.02662	0.01661	0.30105	0.02571	0.23530	0.02389	0.02197	0.04660	0.05096	0.00859	0.00853	0.00240	0.04932	0.00837	0.00483	0.00964
98	0.01568	0.01542	0.02197	0.12049	0.02370	0.04120	0.06116	0.05453	0.01308	0.01880	0.01101	0.01673	0.00993	0.01312	0.06130	0.00331	0.48095	0.00631	0.00337	0.00793
99	0.01207	0.00922	0.01135	0.01199	0.01387	0.00966	0.00965	0.01843	0.17117	0.02159	0.03527	0.14094	0.06696	0.09146	0.01152	0.00329	0.00584	0.34222	0.00637	0.00715
100	0.02608	0.03274	0.01982	0.01790	0.02158	0.69990	0.01347	0.05299	0.02027	0.01810	0.01101	0.01274	0.00910	0.00724	0.00632	0.00181	0.01240	0.00456	0.00372	0.00823
101	0.01151	0.00790	0.01031	0.01072	0.01181	0.00815	0.00776	0.06361	0.05178	0.01925	0.02817	0.36487	0.03106	0.02405	0.09697	0.17403	0.00673	0.05984	0.00549	0.00599
102	0.08734	0.01222	0.01591	0.01229	0.01762	0.01099	0.01015	0.05271	0.01977	0.64605	0.02591	0.02264	0.01640	0.00847	0.00682	0.00216	0.00595	0.00676	0.00827	0.01156
103	0.00850	0.00607	0.00810	0.00972	0.01012	0.00567	0.00648	0.00972	0.01336	0.01781	0.03846	0.75020	0.04615	0.02186	0.00891	0.00283	0.00405	0.01984	0.00648	0.00567
104	0.01110	0.00829	0.01077	0.01192	0.01359	0.00836	0.00982	0.01551	0.08587	0.02098	0.03900	0.20463	0.09157	0.01865	0.00912	0.00298	0.00564	0.41898	0.00651	0.00671

[dist]
# distance from previous block
# <min> <max>
1	2

[block]
# block no. 4 follows, 30 sequences, length 18
# corresponding to MSA columns:
# 389-406
name=unknown_E
#
