[name]
unknown

[dist]
# distance from previous block
# <min> <max>
0	78

[block]
# block no. 0 follows, 28 sequences, length 18
# corresponding to MSA columns:
# 82-99
name=unknown_A
#
# <colnr> <probs for GDERKNQSTAVLIFYWHMCP>
#	G	D	E	R	K	N	Q	S	T	A	V	L	I	F	Y	W	H	M	C	P
0	0.04209	0.38827	0.06911	0.01384	0.01982	0.04907	0.01303	0.13872	0.04831	0.02450	0.01418	0.01749	0.01215	0.00754	0.00579	0.00183	0.00776	0.03691	0.00440	0.08520
1	0.02331	0.01739	0.01902	0.01514	0.02002	0.01897	0.01222	0.48510	0.06910	0.03863	0.01953	0.05872	0.01584	0.04696	0.05792	0.00306	0.00826	0.00755	0.00671	0.05653
2	0.01765	0.05153	0.01624	0.01306	0.01664	0.08712	0.01017	0.17055	0.08012	0.02574	0.02252	0.08844	0.05044	0.09351	0.12396	0.00412	0.00920	0.00837	0.00543	0.10517
3	0.02090	0.01877	0.09238	0.01719	0.05927	0.01788	0.01406	0.25937	0.23551	0.06367	0.02275	0.07791	0.01813	0.00976	0.00736	0.00231	0.00713	0.00802	0.00658	0.04107
4	0.01778	0.01812	0.06048	0.03833	0.51659	0.01709	0.09676	0.05873	0.01756	0.02469	0.01719	0.02081	0.04802	0.00722	0.00742	0.00222	0.00885	0.00715	0.00396	0.01104
5	0.06499	0.01087	0.01418	0.01193	0.01575	0.01032	0.04615	0.02455	0.07623	0.26781	0.11848	0.06564	0.09884	0.01148	0.00743	0.00231	0.00541	0.03286	0.10545	0.00932
6	0.01740	0.01968	0.06992	0.02756	0.06122	0.01930	0.43922	0.05888	0.01675	0.02336	0.01366	0.01844	0.01073	0.00770	0.01153	0.00257	0.16091	0.00775	0.00374	0.00968
7	0.02190	0.04282	0.05870	0.01581	0.03842	0.01803	0.01298	0.25512	0.24601	0.10224	0.06964	0.04511	0.02085	0.00972	0.00735	0.00230	0.00681	0.00789	0.00704	0.01128
8	0.03074	0.01273	0.01667	0.01295	0.01833	0.01154	0.01064	0.07206	0.05275	0.60227	0.02783	0.02454	0.01789	0.00900	0.00721	0.00223	0.00614	0.00728	0.04512	0.01207
9	0.00904	0.00740	0.00812	0.00823	0.01042	0.00648	0.00625	0.01114	0.01662	0.02053	0.13020	0.09671	0.53249	0.02014	0.04392	0.00297	0.00464	0.05172	0.00673	0.00625
10	0.01701	0.04895	0.15123	0.09031	0.13268	0.04482	0.36227	0.02285	0.01658	0.02246	0.01382	0.01809	0.01055	0.00647	0.00776	0.00233	0.01112	0.00722	0.00350	0.00999
11	0.02831	0.01835	0.02046	0.01579	0.02148	0.01968	0.01301	0.50225	0.06104	0.19290	0.02053	0.01953	0.01408	0.00884	0.00729	0.00221	0.00749	0.00679	0.00766	0.01232
12	0.00886	0.00633	0.00843	0.01012	0.01054	0.00590	0.00675	0.01012	0.01392	0.01856	0.04006	0.73979	0.04808	0.02277	0.00928	0.00295	0.00422	0.02066	0.00675	0.00590
13	0.02584	0.01786	0.01950	0.01524	0.02061	0.01925	0.01250	0.49691	0.06742	0.12201	0.02499	0.02401	0.08049	0.00977	0.00741	0.00223	0.00723	0.00759	0.00744	0.01171
14	0.02487	0.01946	0.06001	0.01618	0.02180	0.01992	0.01383	0.43507	0.11262	0.09681	0.01909	0.01899	0.01369	0.00880	0.00795	0.00222	0.04174	0.00663	0.00684	0.05349
15	0.00873	0.00734	0.00740	0.00740	0.00969	0.00620	0.00545	0.01044	0.01615	0.01925	0.07011	0.06840	0.64968	0.06889	0.01057	0.00277	0.00392	0.01501	0.00659	0.00602
16	0.00978	0.00740	0.00911	0.00976	0.01108	0.00701	0.00690	0.01298	0.06262	0.02201	0.19622	0.42124	0.15813	0.01933	0.00887	0.00268	0.00405	0.01718	0.00708	0.00655
17	0.01780	0.01485	0.01645	0.01296	0.01852	0.01433	0.01031	0.11353	0.25030	0.02899	0.01931	0.01957	0.01494	0.00739	0.00633	0.00171	0.00586	0.00596	0.00578	0.41510

[dist]
# distance from previous block
# <min> <max>
7	15

[block]
# block no. 1 follows, 28 sequences, length 63
# corresponding to MSA columns:
# 116-178
name=unknown_B
#
# <colnr> <probs for GDERKNQSTAVLIFYWHMCP>
#	G	D	E	R	K	N	Q	S	T	A	V	L	I	F	Y	W	H	M	C	P
0	0.01822	0.01238	0.01482	0.03398	0.01644	0.01345	0.00999	0.17274	0.07795	0.11191	0.02513	0.17874	0.02432	0.17623	0.01577	0.00356	0.06880	0.01066	0.00628	0.00864
1	0.02257	0.03620	0.01684	0.01337	0.01772	0.06779	0.01075	0.28599	0.06896	0.12335	0.02671	0.05112	0.08681	0.01014	0.00703	0.00215	0.00668	0.00800	0.12762	0.01019
2	0.00884	0.00638	0.00838	0.00999	0.01051	0.00592	0.00669	0.01014	0.01404	0.01861	0.04166	0.70802	0.07882	0.02257	0.00925	0.00293	0.00419	0.02041	0.00675	0.00592
3	0.00912	0.00660	0.00871	0.01015	0.01082	0.00606	0.00683	0.01046	0.01397	0.01877	0.03893	0.70949	0.04652	0.02205	0.00912	0.00287	0.00427	0.01998	0.00665	0.03865
4	0.01824	0.10544	0.02243	0.08524	0.02234	0.14454	0.01459	0.02339	0.12270	0.01967	0.01388	0.01756	0.01189	0.01172	0.04216	0.00291	0.30246	0.00614	0.00399	0.00873
5	0.02094	0.61328	0.03495	0.01339	0.01938	0.07901	0.01271	0.09638	0.01740	0.02041	0.01102	0.01242	0.00967	0.00660	0.00510	0.00165	0.00820	0.00425	0.00363	0.00961
6	0.01811	0.03662	0.07370	0.01393	0.01925	0.01496	0.01204	0.14312	0.10304	0.05536	0.01852	0.07998	0.01576	0.00895	0.00797	0.00195	0.06380	0.00699	0.00543	0.30053
7	0.01865	0.15007	0.32901	0.01941	0.05779	0.01857	0.05838	0.02518	0.05856	0.12071	0.01574	0.01725	0.01157	0.00763	0.00793	0.00224	0.06057	0.00589	0.00428	0.01057
8	0.01252	0.01014	0.01148	0.01091	0.01344	0.01053	0.00822	0.02138	0.25135	0.02657	0.27013	0.12999	0.16516	0.01472	0.00825	0.00246	0.00438	0.01273	0.00741	0.00823
9	0.02601	0.01514	0.01787	0.01419	0.01916	0.01565	0.01160	0.31170	0.04505	0.27555	0.02520	0.02460	0.05355	0.01486	0.09184	0.00336	0.00841	0.00751	0.00746	0.01129
10	0.02721	0.01775	0.03527	0.01513	0.02071	0.04612	0.01256	0.30766	0.11257	0.26247	0.02225	0.02083	0.01527	0.00873	0.00718	0.00218	0.00727	0.00682	0.00750	0.04453
11	0.01970	0.01874	0.03687	0.02811	0.07344	0.03859	0.49344	0.02494	0.01753	0.12146	0.01637	0.01992	0.01196	0.00685	0.00882	0.00241	0.03819	0.00807	0.00443	0.01017
12	0.00874	0.00737	0.00757	0.00752	0.00991	0.00620	0.00564	0.01072	0.01692	0.02048	0.12871	0.06857	0.64065	0.01810	0.00859	0.00244	0.00366	0.01515	0.00686	0.00620
13	0.02687	0.01949	0.02102	0.01634	0.02197	0.02151	0.01343	0.57827	0.10152	0.07543	0.01925	0.01881	0.01365	0.00886	0.00729	0.00221	0.00768	0.00676	0.00737	0.01227
14	0.02375	0.05263	0.02210	0.01964	0.11406	0.04644	0.04540	0.27434	0.07871	0.14583	0.02064	0.06503	0.01631	0.03156	0.00822	0.00238	0.00774	0.00770	0.00643	0.01110
15	0.00924	0.00682	0.00914	0.01052	0.01097	0.00673	0.00719	0.01060	0.01400	0.01886	0.06034	0.68211	0.04690	0.02203	0.00996	0.00294	0.03927	0.01972	0.00662	0.00603
16	0.00886	0.00633	0.00843	0.01012	0.01054	0.00590	0.00675	0.01012	0.01392	0.01856	0.04006	0.73979	0.04808	0.02277	0.00928	0.00295	0.00422	0.02066	0.00675	0.00590
17	0.01374	0.01302	0.02224	0.57870	0.06416	0.01569	0.05918	0.01823	0.01458	0.01898	0.01519	0.07908	0.01301	0.00866	0.00811	0.00249	0.03551	0.00777	0.00356	0.00810
18	0.01661	0.04316	0.03360	0.21204	0.07001	0.04376	0.35544	0.02156	0.01586	0.02106	0.01337	0.01858	0.01043	0.00718	0.00953	0.00245	0.08531	0.00739	0.00349	0.00918
19	0.01507	0.01292	0.01507	0.01077	0.01723	0.00969	0.00861	0.01830	0.01507	0.02369	0.01292	0.01507	0.01077	0.00538	0.00538	0.00108	0.00538	0.00431	0.00431	0.78898
20	0.02145	0.47727	0.05408	0.01458	0.02020	0.19744	0.01332	0.05171	0.05453	0.01941	0.01188	0.01325	0.01018	0.00686	0.00547	0.00174	0.00909	0.00449	0.00368	0.00940
21	0.02763	0.02036	0.02182	0.01672	0.02254	0.02254	0.01382	0.67496	0.03418	0.04581	0.01745	0.01745	0.01236	0.00873	0.00727	0.00218	0.00800	0.00654	0.00727	0.01236
22	0.79588	0.01406	0.01068	0.00956	0.01406	0.01631	0.00787	0.02137	0.01237	0.03261	0.01012	0.01181	0.00787	0.00675	0.00450	0.00225	0.00562	0.00394	0.00450	0.00787
23	0.07852	0.01365	0.01714	0.01331	0.01875	0.01295	0.01098	0.14022	0.02220	0.53009	0.02535	0.02285	0.01643	0.01032	0.03065	0.00255	0.00689	0.00699	0.00826	0.01189
24	0.74841	0.01395	0.01107	0.00977	0.01434	0.01596	0.00805	0.02224	0.01290	0.07438	0.01128	0.01261	0.00850	0.00689	0.00467	0.00225	0.00566	0.00415	0.00478	0.00815
25	0.01991	0.70449	0.03700	0.01283	0.01889	0.07146	0.01254	0.02222	0.01513	0.01714	0.01018	0.01175	0.00933	0.00630	0.00478	0.00157	0.00811	0.00394	0.00315	0.00927
26	0.02467	0.26403	0.02622	0.01671	0.02125	0.49486	0.01353	0.02669	0.01873	0.01757	0.01087	0.01264	0.00935	0.00708	0.00595	0.00177	0.01140	0.00443	0.00354	0.00872
27	0.02623	0.03245	0.02180	0.01922	0.02308	0.61935	0.04589	0.05955	0.02070	0.01940	0.01163	0.01375	0.00960	0.00770	0.00741	0.00197	0.04269	0.00503	0.00389	0.00866
28	0.00885	0.00637	0.00839	0.01001	0.01051	0.00591	0.00670	0.01013	0.01403	0.01860	0.04144	0.71234	0.07464	0.02259	0.00925	0.00293	0.00420	0.02045	0.00675	0.00591
29	0.01355	0.00678	0.00678	0.00678	0.00847	0.00678	0.00508	0.01694	0.01524	0.02710	0.02371	0.02710	0.01863	0.00847	0.00508	0.00169	0.00339	0.00678	0.78489	0.00678
30	0.01490	0.01289	0.02150	0.68265	0.04810	0.01581	0.01960	0.01962	0.01492	0.06122	0.01390	0.01971	0.01021	0.00738	0.00727	0.00241	0.00947	0.00651	0.00359	0.00834
31	0.01263	0.00631	0.00947	0.00947	0.00947	0.00631	0.00631	0.00947	0.00947	0.01263	0.01263	0.02210	0.01263	0.02525	0.02841	0.78851	0.00631	0.00631	0.00316	0.00316
32	0.00891	0.00635	0.00842	0.01005	0.01046	0.00594	0.00667	0.01014	0.01380	0.01841	0.03949	0.71649	0.04735	0.04707	0.01021	0.00309	0.00431	0.02032	0.00667	0.00585
33	0.01038	0.00779	0.01168	0.01168	0.01298	0.00909	0.00909	0.01298	0.01168	0.01687	0.01947	0.02856	0.01817	0.05452	0.71573	0.01168	0.01947	0.00779	0.00389	0.00649
34	0.01971	0.72303	0.03746	0.01267	0.01879	0.05365	0.01250	0.02203	0.01498	0.01713	0.01015	0.01171	0.00933	0.00626	0.00473	0.00157	0.00797	0.00392	0.00313	0.00930
35	0.01808	0.01561	0.01644	0.01479	0.01890	0.01808	0.01151	0.03863	0.68606	0.03041	0.02959	0.02712	0.02219	0.00986	0.00740	0.00247	0.00575	0.00822	0.00740	0.01151
36	0.01057	0.00705	0.00793	0.00793	0.00793	0.00705	0.00440	0.01057	0.01057	0.01409	0.02290	0.04757	0.02643	0.74454	0.03700	0.00705	0.00705	0.01057	0.00440	0.00440
37	0.01743	0.01971	0.03836	0.02813	0.03408	0.05266	0.53105	0.02259	0.01631	0.02205	0.01367	0.01867	0.01070	0.00730	0.01104	0.00255	0.13264	0.00802	0.00360	0.00943
38	0.02551	0.01882	0.02026	0.01589	0.02119	0.02088	0.01302	0.56682	0.08267	0.04253	0.01877	0.01912	0.01366	0.01068	0.03621	0.00257	0.00807	0.00674	0.04480	0.01178
39	0.10524	0.01902	0.01882	0.01513	0.02037	0.09000	0.01225	0.33283	0.11532	0.14260	0.01931	0.01880	0.01375	0.00848	0.00687	0.00217	0.00760	0.00635	0.00681	0.03829
40	0.01689	0.22946	0.31054	0.01910	0.08919	0.05823	0.01886	0.04378	0.01685	0.02265	0.09370	0.01917	0.01666	0.00772	0.00650	0.00205	0.00888	0.00599	0.00390	0.00989
41	0.04833	0.01312	0.01500	0.01105	0.01701	0.01075	0.00885	0.06923	0.01688	0.02621	0.06655	0.01819	0.01529	0.00644	0.00574	0.00131	0.00544	0.00516	0.00483	0.63461
42	0.01985	0.36579	0.19688	0.01678	0.02403	0.04430	0.06510	0.14408	0.01887	0.02436	0.01256	0.01426	0.00999	0.00688	0.00604	0.00193	0.00902	0.00511	0.00394	0.01024
43	0.00886	0.00633	0.00843	0.01012	0.01054	0.00590	0.00675	0.01012	0.01392	0.01856	0.04006	0.73979	0.04808	0.02277	0.00928	0.00295	0.00422	0.02066	0.00675	0.00590
44	0.01696	0.01860	0.03727	0.02943	0.09377	0.01911	0.47335	0.02196	0.01581	0.02209	0.01351	0.01867	0.01075	0.00757	0.01172	0.00258	0.16580	0.00791	0.00356	0.00956
45	0.00884	0.00640	0.00836	0.00993	0.01049	0.00592	0.00666	0.01014	0.01410	0.01863	0.04242	0.69270	0.09365	0.02247	0.00923	0.00292	0.00418	0.02029	0.00675	0.00592
46	0.00969	0.00711	0.00908	0.00922	0.01065	0.00650	0.00667	0.01232	0.01823	0.02505	0.43806	0.25058	0.13482	0.01751	0.00878	0.00249	0.00368	0.01553	0.00750	0.00650
47	0.01029	0.00743	0.00972	0.00914	0.01086	0.00686	0.00686	0.01372	0.02058	0.02915	0.69536	0.05430	0.06859	0.01486	0.00857	0.00229	0.00343	0.01315	0.00800	0.00686
48	0.00891	0.00637	0.00849	0.01008	0.01056	0.00594	0.00675	0.01027	0.01419	0.01898	0.06649	0.71215	0.04890	0.02245	0.00925	0.00293	0.00419	0.02036	0.00680	0.00594
49	0.01404	0.01327	0.02220	0.66044	0.08003	0.01649	0.02009	0.01870	0.01447	0.01877	0.01280	0.01915	0.00977	0.00749	0.00805	0.00245	0.04386	0.00646	0.00325	0.00824
50	0.01056	0.00707	0.00806	0.00806	0.00811	0.00712	0.00457	0.01066	0.01061	0.01419	0.02278	0.04690	0.02613	0.72010	0.06103	0.00721	0.00749	0.01047	0.00439	0.00448
51	0.00915	0.00667	0.00861	0.00963	0.01054	0.00614	0.00665	0.01095	0.01565	0.02100	0.18820	0.52110	0.11769	0.02059	0.00905	0.00276	0.00399	0.01847	0.00702	0.00614
52	0.01507	0.01292	0.01507	0.01077	0.01723	0.00969	0.00861	0.01830	0.01507	0.02369	0.01292	0.01507	0.01077	0.00538	0.00538	0.00108	0.00538	0.00431	0.00431	0.78898
53	0.00958	0.00761	0.00911	0.00924	0.01091	0.00715	0.00689	0.01176	0.01680	0.02190	0.22616	0.20833	0.33076	0.01821	0.00953	0.00259	0.03909	0.04108	0.00691	0.00639
54	0.00878	0.00725	0.00771	0.00786	0.01000	0.00618	0.00579	0.01071	0.01664	0.02041	0.12859	0.14754	0.56025	0.01859	0.00867	0.00250	0.00372	0.01576	0.00687	0.00618
55	0.03129	0.01203	0.01640	0.01278	0.01811	0.01042	0.01046	0.03401	0.02042	0.66594	0.02931	0.06467	0.01967	0.00977	0.00742	0.00229	0.00608	0.00806	0.00887	0.01201
56	0.75298	0.01441	0.01131	0.00996	0.01453	0.01666	0.00820	0.05787	0.01359	0.03335	0.01053	0.01212	0.00812	0.00686	0.00465	0.00225	0.00576	0.00408	0.00465	0.00812
57	0.01230	0.00773	0.00987	0.00956	0.01153	0.00696	0.00707	0.01487	0.01831	0.10470	0.35569	0.22436	0.15584	0.01670	0.00860	0.00247	0.00399	0.01468	0.00761	0.00716
58	0.01038	0.00779	0.01168	0.01168	0.01298	0.00909	0.00909	0.01298	0.01168	0.01687	0.01947	0.02856	0.01817	0.05452	0.71573	0.01168	0.01947	0.00779	0.00389	0.00649
59	0.00885	0.00636	0.00839	0.01002	0.01052	0.00591	0.00670	0.01013	0.01402	0.01860	0.04133	0.71464	0.07242	0.02261	0.00925	0.00293	0.00420	0.02046	0.00675	0.00591
60	0.02664	0.01987	0.02126	0.01652	0.02216	0.02208	0.01358	0.60892	0.10183	0.04421	0.01871	0.01846	0.01338	0.00884	0.00728	0.00221	0.00777	0.00672	0.00728	0.01227
61	0.01396	0.01316	0.02223	0.68948	0.08581	0.01621	0.02030	0.01878	0.01465	0.01886	0.01296	0.01930	0.00979	0.00722	0.00726	0.00241	0.00963	0.00646	0.00325	0.00826
62	0.01225	0.00791	0.01007	0.00925	0.01147	0.00713	0.00704	0.01538	0.01998	0.09503	0.53346	0.05375	0.15985	0.01482	0.00845	0.00231	0.00374	0.01290	0.00791	0.00730

[dist]
# distance from previous block
# <min> <max>
0	3

[block]
# block no. 2 follows, 28 sequences, length 47
# corresponding to MSA columns:
# 182-228
name=unknown_C
#
# <colnr> <probs for GDERKNQSTAVLIFYWHMCP>
#	G	D	E	R	K	N	Q	S	T	A	V	L	I	F	Y	W	H	M	C	P
0	0.01085	0.11055	0.01400	0.08742	0.01592	0.01019	0.00898	0.01265	0.01410	0.01836	0.03297	0.56094	0.03855	0.01880	0.00842	0.00270	0.00530	0.01680	0.00586	0.00661
1	0.01527	0.01487	0.02182	0.54378	0.04234	0.05617	0.01891	0.03910	0.01489	0.01918	0.01238	0.01837	0.00973	0.00827	0.01009	0.00252	0.13440	0.00635	0.00337	0.00820
2	0.01699	0.01666	0.02954	0.03872	0.52396	0.01637	0.12525	0.02142	0.01682	0.02367	0.04623	0.02279	0.05331	0.00746	0.00756	0.00223	0.00871	0.00761	0.00398	0.01073
3	0.01719	0.01365	0.01598	0.01166	0.01783	0.01126	0.00940	0.07868	0.01701	0.06276	0.01410	0.01584	0.01127	0.00609	0.00618	0.00130	0.02598	0.00473	0.00480	0.65428
4	0.01106	0.00985	0.01757	0.01556	0.01782	0.00921	0.18325	0.01361	0.01478	0.01981	0.03334	0.54894	0.03826	0.01836	0.00909	0.00282	0.00635	0.01746	0.00593	0.00694
5	0.03261	0.01237	0.01687	0.01293	0.01856	0.01068	0.01068	0.03543	0.02081	0.70423	0.02868	0.02474	0.01799	0.00900	0.00731	0.00225	0.00619	0.00731	0.00900	0.01237
6	0.79588	0.01406	0.01068	0.00956	0.01406	0.01631	0.00787	0.02137	0.01237	0.03261	0.01012	0.01181	0.00787	0.00675	0.00450	0.00225	0.00562	0.00394	0.00450	0.00787
7	0.01057	0.00705	0.00793	0.00793	0.00793	0.00705	0.00440	0.01057	0.01057	0.01409	0.02290	0.04757	0.02643	0.74454	0.03700	0.00705	0.00705	0.01057	0.00440	0.00440
8	0.01458	0.03760	0.70688	0.02072	0.03146	0.01688	0.02686	0.02302	0.01535	0.02302	0.01304	0.01535	0.00921	0.00691	0.00691	0.00230	0.01074	0.00537	0.00307	0.01074
9	0.03234	0.01281	0.01714	0.01314	0.01878	0.01134	0.01086	0.07088	0.02155	0.66773	0.02806	0.02434	0.01768	0.00898	0.00731	0.00225	0.00629	0.00727	0.00890	0.01237
10	0.01007	0.00742	0.00942	0.00892	0.01073	0.00677	0.00669	0.01330	0.02006	0.02793	0.61590	0.05630	0.14880	0.01531	0.00858	0.00231	0.00346	0.01343	0.00784	0.00677
11	0.00886	0.00633	0.00843	0.01012	0.01054	0.00590	0.00675	0.01012	0.01392	0.01856	0.04006	0.73979	0.04808	0.02277	0.00928	0.00295	0.00422	0.02066	0.00675	0.00590
12	0.00886	0.00633	0.00843	0.01012	0.01054	0.00590	0.00675	0.01012	0.01392	0.01856	0.04006	0.73979	0.04808	0.02277	0.00928	0.00295	0.00422	0.02066	0.00675	0.00590
13	0.03235	0.01279	0.01713	0.01313	0.01877	0.01131	0.01085	0.06909	0.02151	0.66957	0.02809	0.02436	0.01770	0.00898	0.00731	0.00225	0.00628	0.00727	0.00891	0.01237
14	0.00890	0.00648	0.00840	0.00981	0.01049	0.00597	0.00664	0.01033	0.01450	0.01919	0.07626	0.64199	0.11032	0.02196	0.00918	0.00287	0.00413	0.01978	0.00681	0.00597
15	0.01038	0.00779	0.01168	0.01168	0.01298	0.00909	0.00909	0.01298	0.01168	0.01687	0.01947	0.02856	0.01817	0.05452	0.71573	0.01168	0.01947	0.00779	0.00389	0.00649
16	0.10364	0.01327	0.01675	0.01297	0.01851	0.01231	0.01071	0.09360	0.02126	0.58008	0.02590	0.02285	0.01652	0.00876	0.00704	0.00224	0.00630	0.00692	0.00842	0.01195
17	0.01545	0.01524	0.02140	0.01848	0.01859	0.02119	0.01535	0.01713	0.01118	0.01744	0.01035	0.01694	0.01025	0.01613	0.08033	0.00387	0.67314	0.00648	0.00324	0.00783
18	0.01458	0.03760	0.70688	0.02072	0.03146	0.01688	0.02686	0.02302	0.01535	0.02302	0.01304	0.01535	0.00921	0.00691	0.00691	0.00230	0.01074	0.00537	0.00307	0.01074
19	0.01808	0.01561	0.01644	0.01479	0.01890	0.01808	0.01151	0.03863	0.68606	0.03041	0.02959	0.02712	0.02219	0.00986	0.00740	0.00247	0.00575	0.00822	0.00740	0.01151
20	0.02275	0.01669	0.01753	0.01493	0.01956	0.05402	0.01182	0.13069	0.42779	0.16143	0.02667	0.02451	0.01927	0.00940	0.00732	0.00235	0.00655	0.00761	0.00749	0.01164
21	0.02630	0.01744	0.01948	0.05264	0.02197	0.03889	0.01275	0.40242	0.05605	0.18742	0.04615	0.02196	0.01646	0.03587	0.00840	0.00239	0.00753	0.00713	0.00727	0.01148
22	0.01373	0.01292	0.02180	0.72707	0.05006	0.01615	0.02019	0.01857	0.01453	0.01857	0.01292	0.01938	0.00969	0.00727	0.00727	0.00242	0.00969	0.00646	0.00323	0.00807
23	0.11520	0.04920	0.01894	0.01578	0.03998	0.27319	0.01216	0.05772	0.01999	0.30073	0.01852	0.01798	0.01291	0.00800	0.00661	0.00208	0.00889	0.00577	0.00609	0.01027
24	0.65395	0.05559	0.01358	0.01071	0.01540	0.04215	0.00890	0.08327	0.01485	0.03249	0.01085	0.01238	0.00843	0.00693	0.00484	0.00219	0.00623	0.00421	0.00466	0.00839
25	0.01703	0.01995	0.07048	0.03069	0.09839	0.01848	0.53656	0.02278	0.01660	0.02291	0.01417	0.01900	0.01089	0.00666	0.00944	0.00247	0.06193	0.00808	0.00361	0.00988
26	0.02560	0.01435	0.01737	0.01305	0.01900	0.01301	0.01069	0.17302	0.02187	0.32771	0.02086	0.01986	0.01430	0.00772	0.00665	0.00184	0.00632	0.00613	0.00703	0.27361
27	0.00943	0.00733	0.00861	0.00866	0.01058	0.00651	0.00650	0.01189	0.01781	0.02323	0.30323	0.13660	0.35349	0.01763	0.00874	0.00249	0.00381	0.04983	0.00722	0.00642
28	0.01960	0.01623	0.01722	0.01497	0.01932	0.01855	0.01179	0.15515	0.54493	0.03321	0.04831	0.02619	0.02184	0.00981	0.00741	0.00241	0.00609	0.00806	0.00739	0.01152
29	0.00999	0.00742	0.00930	0.00883	0.01067	0.00673	0.00662	0.01313	0.01986	0.02745	0.58444	0.05709	0.18056	0.01549	0.00858	0.00232	0.00347	0.01354	0.00778	0.00673
30	0.02502	0.02834	0.02013	0.01779	0.02167	0.46087	0.01367	0.11849	0.13810	0.02381	0.01520	0.01630	0.01202	0.00836	0.00775	0.00209	0.05043	0.00565	0.00483	0.00948
31	0.00919	0.00735	0.00822	0.00809	0.01021	0.00638	0.00604	0.01156	0.01786	0.02290	0.28860	0.09063	0.45263	0.01735	0.00861	0.00242	0.00361	0.01479	0.00719	0.00638
32	0.01507	0.01292	0.01507	0.01077	0.01723	0.00969	0.00861	0.01830	0.01507	0.02369	0.01292	0.01507	0.01077	0.00538	0.00538	0.00108	0.00538	0.00431	0.00431	0.78898
33	0.01943	0.74891	0.03809	0.01244	0.01866	0.02876	0.01244	0.02177	0.01477	0.01710	0.01011	0.01166	0.00933	0.00622	0.00466	0.00155	0.00777	0.00389	0.00311	0.00933
34	0.00884	0.00637	0.00839	0.01000	0.01051	0.00591	0.00669	0.01014	0.01404	0.01861	0.04160	0.70924	0.07764	0.02257	0.00925	0.00293	0.00419	0.02042	0.00675	0.00591
35	0.02605	0.01875	0.02023	0.01588	0.02129	0.02068	0.01300	0.52575	0.12462	0.07946	0.02001	0.01957	0.01429	0.00889	0.00721	0.00221	0.00741	0.00683	0.03582	0.01204
36	0.01575	0.01609	0.02534	0.02066	0.02215	0.02066	0.13786	0.01822	0.01244	0.01862	0.01277	0.01863	0.03125	0.01288	0.04064	0.00327	0.55406	0.00709	0.00340	0.00820
37	0.01931	0.01548	0.01733	0.01293	0.01904	0.01433	0.01046	0.23190	0.05992	0.03123	0.01535	0.01654	0.01194	0.00672	0.00611	0.00151	0.00625	0.00526	0.00544	0.49295
38	0.02763	0.02036	0.02182	0.01672	0.02254	0.02254	0.01382	0.67496	0.03418	0.04581	0.01745	0.01745	0.01236	0.00873	0.00727	0.00218	0.00800	0.00654	0.00727	0.01236
39	0.00902	0.00728	0.00803	0.00806	0.01014	0.00628	0.00596	0.01118	0.01725	0.02179	0.21794	0.13326	0.48232	0.01800	0.00866	0.00246	0.00368	0.01535	0.00705	0.00628
40	0.01038	0.00779	0.01168	0.01168	0.01298	0.00909	0.00909	0.01298	0.01168	0.01687	0.01947	0.02856	0.01817	0.05452	0.71573	0.01168	0.01947	0.00779	0.00389	0.00649
41	0.01590	0.01590	0.02226	0.01908	0.01908	0.02226	0.01590	0.01749	0.01113	0.01749	0.00954	0.01590	0.00954	0.01272	0.02385	0.00318	0.73123	0.00636	0.00318	0.00795
42	0.01466	0.03635	0.66743	0.02062	0.03075	0.01719	0.02623	0.02270	0.01510	0.02270	0.01284	0.01538	0.00923	0.00724	0.00788	0.00235	0.05226	0.00543	0.00308	0.01058
43	0.06353	0.01859	0.05851	0.01552	0.02104	0.01901	0.01318	0.33487	0.21721	0.12899	0.02184	0.02081	0.01554	0.00888	0.00715	0.00228	0.00715	0.00693	0.00716	0.01180
44	0.01962	0.01954	0.02414	0.03164	0.39832	0.13739	0.01767	0.07996	0.08640	0.02494	0.02018	0.02235	0.06934	0.00818	0.00723	0.00217	0.00865	0.00709	0.00458	0.01060
45	0.11868	0.01582	0.04164	0.02111	0.17596	0.01515	0.05017	0.12601	0.04088	0.15164	0.08243	0.02185	0.01800	0.00812	0.00693	0.00213	0.00709	0.00689	0.00586	0.08365
46	0.04646	0.01361	0.01733	0.01582	0.08155	0.01297	0.03658	0.10279	0.09455	0.09193	0.10359	0.07866	0.02295	0.00934	0.00698	0.00197	0.00607	0.00802	0.00603	0.24280

[dist]
# distance from previous block
# <min> <max>
3	11

[block]
# block no. 3 follows, 28 sequences, length 65
# corresponding to MSA columns:
# 240-304
name=unknown_D
#
# <colnr> <probs for GDERKNQSTAVLIFYWHMCP>
#	G	D	E	R	K	N	Q	S	T	A	V	L	I	F	Y	W	H	M	C	P
0	0.05538	0.05343	0.02176	0.01818	0.04420	0.33156	0.03952	0.19008	0.02287	0.07981	0.03819	0.01697	0.01295	0.00820	0.00745	0.00208	0.03651	0.00587	0.00517	0.00982
1	0.02988	0.04452	0.01990	0.01461	0.02034	0.01668	0.01215	0.32033	0.02654	0.38370	0.02295	0.02098	0.01514	0.00877	0.00719	0.00219	0.00706	0.00684	0.00800	0.01225
2	0.01808	0.01561	0.01644	0.01479	0.01890	0.01808	0.01151	0.03863	0.68606	0.03041	0.02959	0.02712	0.02219	0.00986	0.00740	0.00247	0.00575	0.00822	0.00740	0.01151
3	0.09306	0.17263	0.33944	0.01521	0.02264	0.01719	0.01744	0.02279	0.01540	0.08303	0.01511	0.01682	0.01127	0.00717	0.00598	0.00205	0.00815	0.00531	0.11957	0.00973
4	0.00974	0.00739	0.01027	0.01087	0.01201	0.00674	0.03264	0.01129	0.01398	0.01894	0.03619	0.62423	0.04275	0.05309	0.01019	0.00297	0.00475	0.01847	0.00633	0.06716
5	0.02575	0.03365	0.07431	0.01883	0.02305	0.60977	0.01511	0.05074	0.02030	0.01917	0.01153	0.01354	0.00946	0.00769	0.00727	0.00197	0.04047	0.00487	0.00379	0.00873
6	0.00925	0.00701	0.00858	0.00962	0.01073	0.00651	0.00666	0.01155	0.04257	0.01982	0.08002	0.51940	0.19995	0.02083	0.00900	0.00278	0.00412	0.01853	0.00684	0.00624
7	0.03015	0.01182	0.01608	0.01251	0.01771	0.01026	0.01026	0.03303	0.02078	0.62964	0.10233	0.02801	0.02358	0.00964	0.00745	0.00225	0.00588	0.00795	0.00889	0.01176
8	0.01029	0.00743	0.00972	0.00914	0.01086	0.00686	0.00686	0.01372	0.02058	0.02915	0.69536	0.05430	0.06859	0.01486	0.00857	0.00229	0.00343	0.01315	0.00800	0.00686
9	0.00933	0.00758	0.00831	0.00824	0.01042	0.00669	0.00613	0.01213	0.03950	0.02220	0.21890	0.11425	0.47542	0.01760	0.00860	0.00245	0.00373	0.01497	0.00707	0.00647
10	0.02763	0.02036	0.02182	0.01672	0.02254	0.02254	0.01382	0.67496	0.03418	0.04581	0.01745	0.01745	0.01236	0.00873	0.00727	0.00218	0.00800	0.00654	0.00727	0.01236
11	0.01702	0.01407	0.01612	0.01169	0.01805	0.01168	0.00942	0.12014	0.01804	0.02712	0.01362	0.01544	0.01101	0.00590	0.00568	0.00125	0.00579	0.00465	0.00477	0.66854
12	0.09584	0.01691	0.01798	0.01480	0.01966	0.01876	0.01192	0.32468	0.24133	0.08967	0.02270	0.05647	0.01734	0.00963	0.00716	0.00232	0.00672	0.00760	0.00716	0.01134
13	0.00886	0.00633	0.00843	0.01012	0.01054	0.00590	0.00675	0.01012	0.01392	0.01856	0.04006	0.73979	0.04808	0.02277	0.00928	0.00295	0.00422	0.02066	0.00675	0.00590
14	0.01559	0.18628	0.56709	0.01899	0.02878	0.01936	0.02384	0.02276	0.01523	0.02178	0.01243	0.01458	0.00923	0.00676	0.00644	0.00215	0.01012	0.00506	0.00308	0.01045
15	0.01507	0.01292	0.01507	0.01077	0.01723	0.00969	0.00861	0.01830	0.01507	0.02369	0.01292	0.01507	0.01077	0.00538	0.00538	0.00108	0.00538	0.00431	0.00431	0.78898
16	0.01429	0.01365	0.02014	0.01741	0.01816	0.01794	0.05361	0.01631	0.01172	0.01765	0.01381	0.05234	0.01379	0.04641	0.17186	0.00509	0.47711	0.00759	0.00357	0.00754
17	0.79588	0.01406	0.01068	0.00956	0.01406	0.01631	0.00787	0.02137	0.01237	0.03261	0.01012	0.01181	0.00787	0.00675	0.00450	0.00225	0.00562	0.00394	0.00450	0.00787
18	0.01744	0.01499	0.01589	0.01445	0.01839	0.01721	0.01129	0.03654	0.63178	0.02962	0.03165	0.03111	0.04883	0.01063	0.00756	0.00250	0.00571	0.03598	0.00734	0.01109
19	0.01023	0.00749	0.00963	0.00928	0.01106	0.00690	0.00708	0.01349	0.01991	0.02769	0.58712	0.05783	0.12778	0.01559	0.00868	0.00238	0.00369	0.05961	0.00778	0.00678
20	0.01373	0.01292	0.02180	0.72707	0.05006	0.01615	0.02019	0.01857	0.01453	0.01857	0.01292	0.01938	0.00969	0.00727	0.00727	0.00242	0.00969	0.00646	0.00323	0.00807
21	0.02763	0.02036	0.02182	0.01672	0.02254	0.02254	0.01382	0.67496	0.03418	0.04581	0.01745	0.01745	0.01236	0.00873	0.00727	0.00218	0.00800	0.00654	0.00727	0.01236
22	0.01786	0.01488	0.01614	0.01473	0.01860	0.01695	0.01172	0.08485	0.53295	0.03029	0.02999	0.03473	0.02442	0.01133	0.00779	0.00258	0.00607	0.10600	0.00728	0.01084
23	0.01517	0.01440	0.02442	0.49556	0.27027	0.01653	0.02091	0.01984	0.01522	0.02033	0.01318	0.01891	0.01031	0.00700	0.00724	0.00233	0.00933	0.00647	0.00335	0.00924
24	0.01373	0.01292	0.02180	0.72707	0.05006	0.01615	0.02019	0.01857	0.01453	0.01857	0.01292	0.01938	0.00969	0.00727	0.00727	0.00242	0.00969	0.00646	0.00323	0.00807
25	0.08131	0.01250	0.01640	0.01263	0.01821	0.01101	0.01042	0.03385	0.02004	0.63451	0.02687	0.02353	0.01706	0.00871	0.00705	0.00220	0.00612	0.00698	0.00852	0.04207
26	0.01373	0.01292	0.02180	0.72707	0.05006	0.01615	0.02019	0.01857	0.01453	0.01857	0.01292	0.01938	0.00969	0.00727	0.00727	0.00242	0.00969	0.00646	0.00323	0.00807
27	0.00859	0.00736	0.00736	0.00736	0.00982	0.00614	0.00552	0.01043	0.01657	0.01964	0.07364	0.06996	0.69624	0.01841	0.00859	0.00245	0.00368	0.01534	0.00675	0.00614
28	0.01018	0.00743	0.00957	0.00904	0.01080	0.00681	0.00678	0.01352	0.02033	0.02857	0.65752	0.05525	0.10679	0.01508	0.00857	0.00230	0.00344	0.01328	0.00793	0.00681
29	0.72634	0.01423	0.01145	0.01002	0.01463	0.01628	0.00826	0.04901	0.01369	0.06649	0.01134	0.01268	0.00856	0.00694	0.00475	0.00225	0.00575	0.00421	0.00484	0.00828
30	0.01029	0.00743	0.00972	0.00914	0.01086	0.00686	0.00686	0.01372	0.02058	0.02915	0.69536	0.05430	0.06859	0.01486	0.00857	0.00229	0.00343	0.01315	0.00800	0.00686
31	0.07906	0.01247	0.01649	0.01273	0.01828	0.01103	0.01051	0.03457	0.02029	0.66336	0.02755	0.02395	0.01738	0.00886	0.00714	0.00225	0.00615	0.00710	0.00872	0.01210
32	0.00894	0.00636	0.00841	0.01001	0.01041	0.00596	0.00663	0.01014	0.01375	0.01833	0.03921	0.70544	0.04700	0.05859	0.01065	0.00316	0.00436	0.02016	0.00663	0.00583
33	0.01458	0.03760	0.70688	0.02072	0.03146	0.01688	0.02686	0.02302	0.01535	0.02302	0.01304	0.01535	0.00921	0.00691	0.00691	0.00230	0.01074	0.00537	0.00307	0.01074
34	0.00886	0.00633	0.00843	0.01012	0.01054	0.00590	0.00675	0.01012	0.01392	0.01856	0.04006	0.73979	0.04808	0.02277	0.00928	0.00295	0.00422	0.02066	0.00675	0.00590
35	0.01042	0.00766	0.01102	0.01102	0.01209	0.00873	0.00826	0.01255	0.01149	0.01638	0.02008	0.03192	0.01963	0.17670	0.59555	0.01086	0.01727	0.00828	0.00398	0.00612
36	0.01142	0.00936	0.01193	0.01182	0.01316	0.05191	0.00902	0.01377	0.01214	0.01671	0.01924	0.02911	0.01828	0.10582	0.61930	0.01072	0.01811	0.00782	0.00393	0.00644
37	0.02688	0.01852	0.02030	0.01590	0.02143	0.02020	0.01303	0.48858	0.13114	0.13602	0.02087	0.01994	0.01464	0.00894	0.00730	0.00223	0.00740	0.00691	0.00753	0.01223
38	0.01786	0.01805	0.05552	0.04370	0.67355	0.01726	0.02248	0.02234	0.01651	0.02372	0.01365	0.01789	0.01143	0.00649	0.00719	0.00216	0.00872	0.00643	0.00358	0.01148
39	0.00866	0.00733	0.00749	0.00753	0.00988	0.00615	0.00562	0.01054	0.01661	0.01994	0.09508	0.09502	0.64849	0.01845	0.00862	0.00247	0.00369	0.01546	0.00680	0.00615
40	0.10599	0.04668	0.01822	0.01372	0.01839	0.01660	0.03146	0.26989	0.04746	0.03206	0.05704	0.02078	0.01599	0.04369	0.03534	0.04137	0.02597	0.00649	0.00564	0.14721
41	0.01617	0.06359	0.09841	0.10015	0.11815	0.01771	0.34517	0.02149	0.01634	0.02239	0.04808	0.04107	0.01454	0.00753	0.00846	0.00238	0.03697	0.00800	0.00381	0.00957
42	0.01050	0.00798	0.01003	0.01105	0.01303	0.00750	0.00931	0.01327	0.01667	0.02093	0.05211	0.07733	0.29544	0.01943	0.00948	0.00300	0.00553	0.40421	0.00672	0.00648
43	0.01507	0.01292	0.01507	0.01077	0.01723	0.00969	0.00861	0.01830	0.01507	0.02369	0.01292	0.01507	0.01077	0.00538	0.00538	0.00108	0.00538	0.00431	0.00431	0.78898
44	0.01058	0.00947	0.04083	0.11571	0.01733	0.00848	0.00943	0.01402	0.01835	0.02495	0.41217	0.08431	0.17800	0.01447	0.00835	0.00237	0.00476	0.01262	0.00678	0.00702
45	0.19477	0.04852	0.27847	0.04240	0.02586	0.01828	0.07446	0.13267	0.06885	0.02924	0.01442	0.01618	0.01060	0.00732	0.00654	0.00228	0.00874	0.00573	0.00448	0.01020
46	0.02763	0.02036	0.02182	0.01672	0.02254	0.02254	0.01382	0.67496	0.03418	0.04581	0.01745	0.01745	0.01236	0.00873	0.00727	0.00218	0.00800	0.00654	0.00727	0.01236
47	0.01799	0.01727	0.02950	0.04462	0.69919	0.01727	0.02231	0.02231	0.01655	0.02375	0.01367	0.01799	0.01151	0.00648	0.00720	0.00216	0.00864	0.00648	0.00360	0.01151
48	0.00912	0.00724	0.00824	0.00886	0.01050	0.00651	0.00631	0.01147	0.04031	0.01995	0.08208	0.34837	0.37549	0.01978	0.00883	0.00266	0.00397	0.01722	0.00682	0.00627
49	0.01921	0.42660	0.24219	0.01570	0.02303	0.09986	0.01701	0.02340	0.01579	0.04145	0.01174	0.01339	0.00958	0.00666	0.00565	0.00184	0.00923	0.00454	0.00336	0.00977
50	0.01057	0.00705	0.00793	0.00793	0.00793	0.00705	0.00440	0.01057	0.01057	0.01409	0.02290	0.04757	0.02643	0.74454	0.03700	0.00705	0.00705	0.01057	0.00440	0.00440
51	0.01355	0.00678	0.00678	0.00678	0.00847	0.00678	0.00508	0.01694	0.01524	0.02710	0.02371	0.02710	0.01863	0.00847	0.00508	0.00169	0.00339	0.00678	0.78489	0.00678
52	0.01507	0.06785	0.62356	0.02223	0.08350	0.01744	0.02585	0.02291	0.01542	0.02281	0.01296	0.01539	0.00940	0.00684	0.00683	0.00226	0.01044	0.00539	0.00311	0.01074
53	0.01329	0.00871	0.00980	0.00909	0.00994	0.00889	0.00568	0.08444	0.01355	0.04408	0.02253	0.04339	0.02456	0.63553	0.03260	0.00633	0.00712	0.01000	0.00490	0.00558
54	0.01340	0.00679	0.00683	0.00683	0.00844	0.00679	0.00505	0.01662	0.01501	0.02646	0.02367	0.02811	0.01902	0.04478	0.00666	0.00196	0.00357	0.00696	0.74639	0.00666
55	0.01522	0.08497	0.19222	0.12008	0.24895	0.01619	0.03658	0.02024	0.01631	0.02265	0.09603	0.02439	0.05880	0.00836	0.00719	0.00222	0.00841	0.00734	0.00408	0.00976
56	0.01172	0.01068	0.03780	0.01525	0.11476	0.00912	0.04233	0.01477	0.01747	0.04057	0.18135	0.05404	0.36664	0.01474	0.00835	0.00240	0.00523	0.03887	0.00631	0.00761
57	0.01266	0.00633	0.00938	0.00938	0.00944	0.00633	0.00627	0.00971	0.00965	0.01309	0.01298	0.02226	0.01282	0.02472	0.02766	0.76341	0.00622	0.00633	0.02810	0.00327
58	0.03147	0.01420	0.01800	0.01380	0.01947	0.01340	0.01140	0.18213	0.02387	0.55319	0.02610	0.02307	0.01670	0.00893	0.00730	0.00223	0.00660	0.00713	0.00860	0.01237
59	0.66194	0.01497	0.01241	0.01073	0.01539	0.01721	0.00881	0.10988	0.04189	0.03430	0.01187	0.01317	0.00904	0.00714	0.00499	0.00225	0.00595	0.00446	0.00499	0.00862
60	0.18086	0.04975	0.05530	0.02360	0.03004	0.01809	0.42134	0.02230	0.01562	0.02473	0.01317	0.01710	0.01015	0.00655	0.00802	0.00233	0.04248	0.00699	0.00381	0.04776
61	0.01828	0.22936	0.05660	0.01702	0.04191	0.18370	0.08794	0.02122	0.01613	0.01893	0.04465	0.02111	0.04105	0.04234	0.09904	0.00342	0.03852	0.00646	0.00384	0.00846
62	0.47238	0.04038	0.04402	0.03539	0.01746	0.01566	0.03592	0.06996	0.01584	0.06106	0.09097	0.04123	0.01714	0.00841	0.00581	0.00226	0.00622	0.00619	0.00519	0.00849
63	0.09245	0.19403	0.34798	0.01679	0.02447	0.07686	0.01877	0.06910	0.01664	0.02358	0.01360	0.04987	0.01126	0.00770	0.00628	0.00212	0.00925	0.00568	0.00375	0.00983
64	0.01569	0.01660	0.08549	0.04692	0.04705	0.07635	0.03901	0.04717	0.14092	0.02418	0.09721	0.04059	0.02754	0.05685	0.01070	0.00288	0.04337	0.16714	0.00566	0.00867

[dist]
# distance from previous block
# <min> <max>
1	47

[block]
# block no. 4 follows, 28 sequences, length 30
# corresponding to MSA columns:
# 352-381
name=unknown_E
#
# <colnr> <probs for GDERKNQSTAVLIFYWHMCP>
#	G	D	E	R	K	N	Q	S	T	A	V	L	I	F	Y	W	H	M	C	P
0	0.07419	0.08634	0.15221	0.08698	0.09331	0.17071	0.01698	0.14695	0.02014	0.04246	0.03481	0.01679	0.01210	0.00760	0.00667	0.00211	0.00949	0.00572	0.00448	0.00997
1	0.18432	0.02455	0.28674	0.01644	0.04343	0.07120	0.01671	0.07298	0.01685	0.04695	0.04215	0.02120	0.03107	0.04225	0.00795	0.00245	0.00849	0.02418	0.00445	0.03565
2	0.08724	0.18147	0.10482	0.14324	0.15421	0.01898	0.01647	0.08836	0.01742	0.02466	0.06518	0.02003	0.03333	0.00782	0.00652	0.00211	0.00801	0.00629	0.00424	0.00960
3	0.05920	0.11297	0.02237	0.02142	0.19120	0.03516	0.05219	0.07465	0.01873	0.05505	0.16738	0.05078	0.02775	0.01035	0.00742	0.00226	0.00708	0.06927	0.00548	0.00931
4	0.06840	0.02256	0.24984	0.02336	0.17799	0.01587	0.04809	0.08936	0.03653	0.05985	0.04254	0.02527	0.05187	0.00883	0.00730	0.00233	0.00847	0.04648	0.00474	0.01033
5	0.54824	0.01432	0.01532	0.13940	0.11860	0.01642	0.01209	0.02102	0.01335	0.02890	0.01112	0.01401	0.00871	0.00680	0.00537	0.00227	0.00676	0.00474	0.00415	0.00843
6	0.01544	0.01397	0.02200	0.59157	0.08252	0.01689	0.01933	0.08016	0.04643	0.02190	0.01412	0.01947	0.01060	0.00747	0.00727	0.00239	0.00930	0.00655	0.00381	0.00882
7	0.00900	0.00738	0.00793	0.00780	0.01007	0.00631	0.00585	0.01123	0.01754	0.02194	0.22428	0.06616	0.54416	0.01755	0.00859	0.00241	0.00362	0.01481	0.00705	0.00631
8	0.01603	0.01456	0.01505	0.01233	0.01672	0.09134	0.00958	0.05835	0.01633	0.02302	0.01779	0.13163	0.01717	0.01124	0.03781	0.00213	0.04868	0.00745	0.03099	0.42180
9	0.00930	0.00664	0.00894	0.01062	0.01124	0.00628	0.00751	0.01088	0.01435	0.01905	0.03982	0.63878	0.04712	0.02236	0.00940	0.00301	0.00460	0.11735	0.00674	0.00603
10	0.01548	0.01296	0.01500	0.01083	0.01708	0.01005	0.00867	0.04249	0.01579	0.02463	0.01350	0.01562	0.01113	0.00563	0.00544	0.00114	0.00540	0.00448	0.03452	0.73014
11	0.01268	0.00634	0.00930	0.00930	0.00941	0.00634	0.00624	0.00993	0.00983	0.01352	0.01331	0.02240	0.01300	0.02422	0.02697	0.74005	0.00613	0.00634	0.05130	0.00338
12	0.01458	0.03760	0.70688	0.02072	0.03146	0.01688	0.02686	0.02302	0.01535	0.02302	0.01304	0.01535	0.00921	0.00691	0.00691	0.00230	0.01074	0.00537	0.00307	0.01074
13	0.00901	0.00650	0.00857	0.01016	0.01077	0.00606	0.00697	0.01043	0.01423	0.01880	0.04178	0.66500	0.08264	0.02238	0.00929	0.00295	0.00433	0.05742	0.00674	0.00596
14	0.00935	0.00665	0.00884	0.01031	0.01092	0.00629	0.00717	0.01090	0.01442	0.01926	0.07589	0.58957	0.04733	0.06236	0.01087	0.00319	0.00461	0.08944	0.00668	0.00596
15	0.06080	0.01930	0.04109	0.02946	0.03665	0.01827	0.63553	0.02318	0.01689	0.02381	0.01445	0.01917	0.01085	0.00616	0.00835	0.00244	0.01188	0.00832	0.00372	0.00970
16	0.01589	0.01289	0.01516	0.01087	0.01729	0.00974	0.00871	0.01910	0.01534	0.05526	0.01365	0.01552	0.01110	0.00555	0.00547	0.00113	0.00542	0.00445	0.00452	0.75295
17	0.01187	0.00846	0.01013	0.00967	0.01194	0.00800	0.00754	0.04414	0.04022	0.04654	0.34873	0.05669	0.22094	0.01543	0.00842	0.00242	0.00423	0.08638	0.05105	0.00720
18	0.00934	0.00665	0.00887	0.01047	0.01105	0.00631	0.00733	0.01084	0.01415	0.01879	0.03900	0.61308	0.04613	0.05791	0.01075	0.00321	0.00471	0.10885	0.00662	0.00594
19	0.01373	0.01292	0.02180	0.72707	0.05006	0.01615	0.02019	0.01857	0.01453	0.01857	0.01292	0.01938	0.00969	0.00727	0.00727	0.00242	0.00969	0.00646	0.00323	0.00807
20	0.00868	0.00737	0.00749	0.00746	0.00987	0.00618	0.00559	0.01061	0.01678	0.02015	0.10714	0.06911	0.66242	0.01822	0.00859	0.00245	0.00367	0.01522	0.00682	0.00618
21	0.00886	0.00633	0.00843	0.01012	0.01054	0.00590	0.00675	0.01012	0.01392	0.01856	0.04006	0.73979	0.04808	0.02277	0.00928	0.00295	0.00422	0.02066	0.00675	0.00590
22	0.75068	0.01443	0.01134	0.00998	0.01456	0.01667	0.00822	0.05982	0.01365	0.03339	0.01055	0.01214	0.00814	0.00686	0.00466	0.00225	0.00576	0.00409	0.00466	0.00814
23	0.01590	0.01590	0.02226	0.01908	0.01908	0.02226	0.01590	0.01749	0.01113	0.01749	0.00954	0.01590	0.00954	0.01272	0.02385	0.00318	0.73123	0.00636	0.00318	0.00795
24	0.01355	0.00678	0.00678	0.00678	0.00847	0.00678	0.00508	0.01694	0.01524	0.02710	0.02371	0.02710	0.01863	0.00847	0.00508	0.00169	0.00339	0.00678	0.78489	0.00678
25	0.00886	0.00633	0.00843	0.01012	0.01054	0.00590	0.00675	0.01012	0.01392	0.01856	0.04006	0.73979	0.04808	0.02277	0.00928	0.00295	0.00422	0.02066	0.00675	0.00590
26	0.00987	0.00703	0.00951	0.01114	0.01196	0.00677	0.00833	0.01179	0.01475	0.01947	0.03896	0.49686	0.04527	0.04609	0.01046	0.00322	0.00514	0.23061	0.00665	0.00612
27	0.70920	0.01325	0.01025	0.00925	0.01344	0.01525	0.00756	0.02088	0.01269	0.03200	0.01163	0.01350	0.00906	0.00694	0.00456	0.00219	0.00538	0.00425	0.09097	0.00775
28	0.01610	0.01371	0.03898	0.01328	0.01735	0.01314	0.01092	0.07224	0.09742	0.05517	0.05767	0.09671	0.02076	0.01232	0.03970	0.00251	0.10682	0.02828	0.00544	0.28150
29	0.02060	0.08915	0.04812	0.04565	0.21980	0.27267	0.03626	0.02420	0.03591	0.02010	0.01293	0.01636	0.01093	0.01025	0.04973	0.00267	0.06582	0.00573	0.00367	0.00945

[dist]
# distance from previous block
# <min> <max>
1	10

[block]
# block no. 5 follows, 28 sequences, length 42
# corresponding to MSA columns:
# 392-433
name=unknown_F
#
# <colnr> <probs for GDERKNQSTAVLIFYWHMCP>
#	G	D	E	R	K	N	Q	S	T	A	V	L	I	F	Y	W	H	M	C	P
0	0.02203	0.30898	0.09128	0.04145	0.02265	0.27186	0.01490	0.07615	0.01827	0.02025	0.01144	0.01345	0.00959	0.00728	0.00675	0.00189	0.04409	0.00473	0.00367	0.00927
1	0.01564	0.04690	0.14953	0.11380	0.26159	0.01631	0.04477	0.02185	0.07482	0.02326	0.07676	0.05801	0.01857	0.00875	0.00802	0.00233	0.03712	0.00772	0.00431	0.00996
2	0.01589	0.05669	0.40246	0.02559	0.20737	0.01624	0.02268	0.02215	0.01584	0.04684	0.01635	0.05641	0.01382	0.00833	0.00719	0.00232	0.00936	0.04019	0.00380	0.01049
3	0.00894	0.00639	0.00851	0.01007	0.01056	0.00596	0.00675	0.01033	0.01430	0.01917	0.07789	0.70022	0.04926	0.02232	0.00924	0.00291	0.00417	0.02023	0.00682	0.00596
4	0.01414	0.01076	0.01421	0.05052	0.07724	0.01181	0.01013	0.09601	0.04542	0.02198	0.04957	0.05893	0.02158	0.20941	0.17821	0.03377	0.03862	0.00877	0.04153	0.00738
5	0.01654	0.20883	0.46329	0.01934	0.02841	0.05275	0.07034	0.02302	0.01559	0.02136	0.01237	0.01466	0.00938	0.00671	0.00647	0.00211	0.01024	0.00521	0.00316	0.01022
6	0.02657	0.01484	0.01988	0.02062	0.17399	0.03608	0.01358	0.07447	0.08095	0.39527	0.05030	0.02372	0.01824	0.00866	0.00731	0.00223	0.00694	0.00730	0.00730	0.01175
7	0.06541	0.01256	0.01658	0.01285	0.01837	0.01119	0.01059	0.03493	0.04421	0.65084	0.02790	0.02426	0.01770	0.00893	0.00719	0.00226	0.00615	0.00720	0.00874	0.01214
8	0.01851	0.01553	0.01407	0.01223	0.01559	0.12501	0.00953	0.21556	0.02171	0.02813	0.03192	0.03280	0.18930	0.01409	0.04400	0.04067	0.00737	0.00860	0.14702	0.00837
9	0.18887	0.01933	0.17592	0.11062	0.10788	0.01544	0.01642	0.07368	0.01704	0.10455	0.03582	0.02086	0.01387	0.00806	0.00664	0.00229	0.00784	0.03138	0.03372	0.00976
10	0.03185	0.01254	0.01685	0.01303	0.01857	0.01107	0.01073	0.03559	0.05561	0.66898	0.02872	0.02487	0.01821	0.00904	0.00731	0.00226	0.00616	0.00736	0.00891	0.01233
11	0.01321	0.00775	0.00784	0.00758	0.00969	0.00767	0.00575	0.04080	0.04270	0.02635	0.03421	0.03576	0.16103	0.01062	0.00599	0.00190	0.00371	0.00862	0.56177	0.00703
12	0.11222	0.01659	0.02336	0.38852	0.09847	0.08714	0.09808	0.02178	0.04539	0.02179	0.01344	0.01807	0.01032	0.00713	0.00702	0.00233	0.00958	0.00631	0.00371	0.00876
