[name]
unknown

[dist]
# distance from previous block
# <min> <max>
0	31

[block]
# block no. 0 follows, 30 sequences, length 23
# corresponding to MSA columns:
# 31-53
name=unknown_A
#
# <colnr> <probs for GDERKNQSTAVLIFYWHMCP>
#	G	D	E	R	K	N	Q	S	T	A	V	L	I	F	Y	W	H	M	C	P
0	0.01124	0.00803	0.01124	0.01285	0.01446	0.00803	0.01124	0.01446	0.01606	0.02088	0.03695	0.07871	0.04016	0.01928	0.00964	0.00321	0.00643	0.66426	0.00643	0.00643
1	0.01400	0.03610	0.71860	0.01989	0.03020	0.01621	0.02578	0.02210	0.01473	0.02210	0.01252	0.01473	0.00884	0.00663	0.00663	0.00221	0.01031	0.00516	0.00295	0.01031
2	0.80405	0.01350	0.01026	0.00918	0.01350	0.01565	0.00756	0.02051	0.01188	0.03131	0.00972	0.01134	0.00756	0.00648	0.00432	0.00216	0.00540	0.00378	0.00432	0.00756
3	0.01431	0.01028	0.01130	0.00996	0.01314	0.01005	0.00778	0.11933	0.09429	0.08599	0.15430	0.04879	0.36512	0.01403	0.00782	0.00227	0.00456	0.01168	0.00700	0.00800
4	0.00882	0.00709	0.00786	0.00767	0.00978	0.00614	0.00575	0.01113	0.01726	0.02207	0.29500	0.06186	0.48208	0.01647	0.00824	0.00230	0.00345	0.01399	0.00690	0.00614
5	0.01013	0.00748	0.00951	0.00894	0.01072	0.00703	0.00672	0.01408	0.04951	0.02762	0.64857	0.05166	0.09317	0.01421	0.00818	0.00221	0.00340	0.01251	0.00760	0.00675
6	0.01318	0.01240	0.02093	0.73798	0.04806	0.01550	0.01938	0.01783	0.01395	0.01783	0.01240	0.01860	0.00930	0.00698	0.00698	0.00233	0.00930	0.00620	0.00310	0.00775
7	0.01318	0.01240	0.02093	0.73798	0.04806	0.01550	0.01938	0.01783	0.01395	0.01783	0.01240	0.01860	0.00930	0.00698	0.00698	0.00233	0.00930	0.00620	0.00310	0.00775
8	0.00979	0.00713	0.00921	0.00869	0.01037	0.00655	0.00652	0.01300	0.01955	0.02749	0.67313	0.05294	0.10057	0.01445	0.00823	0.00220	0.00331	0.01273	0.00762	0.00655
9	0.00825	0.00707	0.00707	0.00707	0.00943	0.00589	0.00530	0.01001	0.01591	0.01885	0.07069	0.06716	0.70839	0.01767	0.00825	0.00236	0.00353	0.01473	0.00648	0.00589
10	0.01447	0.01240	0.01447	0.01034	0.01654	0.00930	0.00827	0.01757	0.01447	0.02274	0.01240	0.01447	0.01034	0.00517	0.00517	0.00103	0.00517	0.00413	0.00413	0.79742
11	0.02653	0.01955	0.02094	0.01606	0.02164	0.02164	0.01326	0.68796	0.03281	0.04398	0.01675	0.01675	0.01187	0.00838	0.00698	0.00209	0.00768	0.00628	0.00698	0.01187
12	0.01866	0.75896	0.03657	0.01194	0.01791	0.02761	0.01194	0.02090	0.01418	0.01642	0.00970	0.01119	0.00896	0.00597	0.00448	0.00149	0.00746	0.00373	0.00299	0.00896
13	0.02607	0.03326	0.01978	0.01798	0.02157	0.72674	0.01348	0.02787	0.01978	0.01708	0.01079	0.01258	0.00899	0.00719	0.00629	0.00180	0.01258	0.00449	0.00360	0.00809
14	0.02653	0.01955	0.02094	0.01606	0.02164	0.02164	0.01326	0.68796	0.03281	0.04398	0.01675	0.01675	0.01187	0.00838	0.00698	0.00209	0.00768	0.00628	0.00698	0.01187
15	0.01301	0.00650	0.00650	0.00650	0.00813	0.00650	0.00488	0.01626	0.01463	0.02602	0.02276	0.02602	0.01789	0.00813	0.00488	0.00163	0.00325	0.00650	0.79350	0.00650
16	0.00850	0.00607	0.00810	0.00972	0.01012	0.00567	0.00648	0.00972	0.01336	0.01781	0.03846	0.75020	0.04615	0.02186	0.00891	0.00283	0.00405	0.01984	0.00648	0.00567
17	0.01015	0.00677	0.00761	0.00761	0.00761	0.00677	0.00423	0.01015	0.01015	0.01353	0.02199	0.04567	0.02537	0.75476	0.03552	0.00677	0.00677	0.01015	0.00423	0.00423
18	0.02607	0.03326	0.01978	0.01798	0.02157	0.72674	0.01348	0.02787	0.01978	0.01708	0.01079	0.01258	0.00899	0.00719	0.00629	0.00180	0.01258	0.00449	0.00360	0.00809
19	0.03131	0.01188	0.01619	0.01242	0.01781	0.01026	0.01026	0.03401	0.01997	0.71606	0.02753	0.02375	0.01727	0.00864	0.00702	0.00216	0.00594	0.00702	0.00864	0.01188
20	0.00956	0.00712	0.00889	0.00845	0.01023	0.00645	0.00634	0.01256	0.01901	0.02622	0.58452	0.05503	0.18996	0.01492	0.00823	0.00223	0.00334	0.01303	0.00745	0.00645
21	0.80405	0.01350	0.01026	0.00918	0.01350	0.01565	0.00756	0.02051	0.01188	0.03131	0.00972	0.01134	0.00756	0.00648	0.00432	0.00216	0.00540	0.00378	0.00432	0.00756
22	0.00998	0.00744	0.01103	0.01103	0.01222	0.00862	0.00850	0.01234	0.01116	0.01607	0.01886	0.02833	0.01784	0.08765	0.69233	0.01099	0.01809	0.00761	0.00376	0.00613

[dist]
# distance from previous block
# <min> <max>
0	1

[block]
# block no. 1 follows, 30 sequences, length 121
# corresponding to MSA columns:
# 55-175
name=unknown_B
#
# <colnr> <probs for GDERKNQSTAVLIFYWHMCP>
#	G	D	E	R	K	N	Q	S	T	A	V	L	I	F	Y	W	H	M	C	P
0	0.00982	0.00713	0.00925	0.00872	0.01039	0.00656	0.00654	0.01307	0.01963	0.02769	0.68690	0.05261	0.08667	0.01438	0.00823	0.00220	0.00330	0.01269	0.00764	0.00656
1	0.01120	0.00800	0.01118	0.01271	0.01432	0.00798	0.01108	0.01441	0.01619	0.02113	0.06014	0.07780	0.04105	0.01910	0.00959	0.00318	0.00632	0.64172	0.00647	0.00643
2	0.01790	0.64087	0.14799	0.01324	0.01992	0.02575	0.01420	0.02109	0.01427	0.01735	0.01016	0.01177	0.00894	0.00608	0.00483	0.00161	0.00793	0.00396	0.00298	0.00918
3	0.01534	0.01514	0.02245	0.10876	0.13469	0.01989	0.01676	0.01767	0.01193	0.01790	0.01020	0.01599	0.00949	0.01061	0.01838	0.00281	0.53453	0.00614	0.00312	0.00820
4	0.01918	0.66106	0.03402	0.01248	0.01808	0.10023	0.01195	0.02140	0.01493	0.01682	0.03013	0.01253	0.01061	0.00634	0.00478	0.00154	0.00788	0.00407	0.00319	0.00880
5	0.01657	0.01596	0.02752	0.15775	0.57918	0.01644	0.04274	0.02085	0.01559	0.02196	0.01304	0.01754	0.01075	0.00633	0.00696	0.00212	0.00857	0.00628	0.00340	0.01045
6	0.02166	0.02514	0.04334	0.02377	0.16911	0.35339	0.06064	0.06531	0.06186	0.02117	0.01289	0.01542	0.01051	0.00757	0.00821	0.00208	0.07916	0.00561	0.00392	0.00925
7	0.01727	0.01658	0.02832	0.04283	0.71123	0.01658	0.02142	0.02142	0.01589	0.02280	0.01313	0.01727	0.01105	0.00622	0.00691	0.00207	0.00829	0.00622	0.00345	0.01105
8	0.03115	0.01214	0.01636	0.01254	0.01794	0.01065	0.01036	0.05641	0.02041	0.69304	0.02716	0.02351	0.01709	0.00863	0.00702	0.00216	0.00600	0.00699	0.00858	0.01188
9	0.01821	0.01350	0.01567	0.01155	0.01749	0.01152	0.00933	0.11928	0.04252	0.10255	0.01529	0.01625	0.01172	0.00618	0.00571	0.00136	0.00564	0.00491	0.00516	0.56617
10	0.01396	0.05741	0.66447	0.01924	0.02900	0.01622	0.02456	0.02162	0.01455	0.02165	0.01272	0.01521	0.00924	0.00873	0.03994	0.00260	0.01061	0.00522	0.00298	0.01008
11	0.00850	0.00607	0.00810	0.00972	0.01012	0.00567	0.00648	0.00972	0.01336	0.01781	0.03846	0.75020	0.04615	0.02186	0.00891	0.00283	0.00405	0.01984	0.00648	0.00567
12	0.01318	0.01240	0.02093	0.73798	0.04806	0.01550	0.01938	0.01783	0.01395	0.01783	0.01240	0.01860	0.00930	0.00698	0.00698	0.00233	0.00930	0.00620	0.00310	0.00775
13	0.01647	0.01882	0.04118	0.02941	0.03647	0.01765	0.68588	0.02235	0.01647	0.02235	0.01412	0.01882	0.01059	0.00588	0.00824	0.00235	0.01176	0.00824	0.00353	0.00941
14	0.00988	0.00713	0.00933	0.00878	0.01043	0.00658	0.00658	0.01317	0.01975	0.02798	0.70754	0.05213	0.06584	0.01427	0.00823	0.00219	0.00329	0.01262	0.00768	0.00658
15	0.00825	0.00707	0.00707	0.00707	0.00943	0.00589	0.00530	0.01001	0.01591	0.01885	0.07069	0.06716	0.70839	0.01767	0.00825	0.00236	0.00353	0.01473	0.00648	0.00589
16	0.03131	0.01188	0.01619	0.01242	0.01781	0.01026	0.01026	0.03401	0.01997	0.71606	0.02753	0.02375	0.01727	0.00864	0.00702	0.00216	0.00594	0.00702	0.00864	0.01188
17	0.07608	0.01197	0.01585	0.01223	0.01756	0.01057	0.01010	0.03323	0.01950	0.67638	0.02650	0.02303	0.01671	0.00851	0.00686	0.00216	0.00591	0.00683	0.00839	0.01163
18	0.02067	0.01379	0.01549	0.01339	0.01765	0.01493	0.01057	0.03500	0.48542	0.21248	0.03013	0.02733	0.05205	0.00963	0.00713	0.00231	0.00554	0.00797	0.00748	0.01103
19	0.00988	0.00713	0.00933	0.00878	0.01043	0.00658	0.00658	0.01317	0.01975	0.02798	0.70754	0.05213	0.06584	0.01427	0.00823	0.00219	0.00329	0.01262	0.00768	0.00658
20	0.02967	0.01231	0.01716	0.01312	0.01845	0.01094	0.04146	0.06094	0.02015	0.62666	0.02625	0.02331	0.01676	0.00848	0.00698	0.00214	0.00617	0.00702	0.04050	0.01154
21	0.04947	0.01937	0.02063	0.01585	0.02140	0.02146	0.01310	0.66826	0.03219	0.04361	0.01655	0.01659	0.01174	0.00832	0.00690	0.00210	0.00761	0.00621	0.00690	0.01174
22	0.01938	0.68766	0.03492	0.01253	0.01827	0.09630	0.01209	0.02158	0.01473	0.01648	0.00981	0.01133	0.00896	0.00609	0.00466	0.00152	0.00797	0.00381	0.00305	0.00887
23	0.01634	0.01351	0.01713	0.01624	0.12999	0.01162	0.01090	0.04246	0.07345	0.05610	0.01472	0.01641	0.01175	0.00597	0.00576	0.00140	0.00582	0.00499	0.00458	0.54086
24	0.01580	0.02240	0.29294	0.01749	0.04545	0.01516	0.05682	0.02664	0.24501	0.06302	0.10608	0.02404	0.02081	0.00859	0.00711	0.00226	0.00761	0.00733	0.00529	0.01015
25	0.01741	0.01698	0.02778	0.06714	0.66466	0.03981	0.02108	0.02150	0.01595	0.02243	0.01302	0.01717	0.01092	0.00628	0.00689	0.00207	0.00847	0.00616	0.00345	0.01084
26	0.01042	0.00814	0.01207	0.01182	0.01296	0.00979	0.00928	0.01283	0.01117	0.01625	0.01789	0.02639	0.01674	0.04894	0.66751	0.01052	0.07990	0.00736	0.00368	0.00635
27	0.02496	0.02106	0.01948	0.01572	0.02056	0.15562	0.01264	0.47347	0.07819	0.03666	0.01682	0.01719	0.01237	0.00822	0.00673	0.00203	0.00820	0.00607	0.05325	0.01076
28	0.01451	0.13503	0.60120	0.01851	0.02792	0.01754	0.02331	0.02162	0.01454	0.02112	0.01234	0.01466	0.00914	0.00804	0.02994	0.00241	0.01019	0.00504	0.00298	0.00999
29	0.03131	0.01188	0.01619	0.01242	0.01781	0.01026	0.01026	0.03401	0.01997	0.71606	0.02753	0.02375	0.01727	0.00864	0.00702	0.00216	0.00594	0.00702	0.00864	0.01188
30	0.01015	0.00677	0.00761	0.00761	0.00761	0.00677	0.00423	0.01015	0.01015	0.01353	0.02199	0.04567	0.02537	0.75476	0.03552	0.00677	0.00677	0.01015	0.00423	0.00423
31	0.00848	0.00616	0.00801	0.00949	0.01006	0.00569	0.00638	0.00974	0.01358	0.01790	0.04119	0.69240	0.10219	0.02151	0.00885	0.00279	0.00401	0.01941	0.00648	0.00569
32	0.69731	0.01440	0.04361	0.00997	0.01466	0.01519	0.00865	0.02181	0.01274	0.09304	0.01146	0.01262	0.00850	0.00668	0.00467	0.00216	0.00567	0.00414	0.00465	0.00808
33	0.01727	0.01658	0.02832	0.04283	0.71123	0.01658	0.02142	0.02142	0.01589	0.02280	0.01313	0.01727	0.01105	0.00622	0.00691	0.00207	0.00829	0.00622	0.00345	0.01105
34	0.01690	0.01419	0.01747	0.01306	0.01869	0.01287	0.05177	0.14963	0.04752	0.02678	0.01484	0.04106	0.01232	0.00684	0.00653	0.00151	0.03128	0.00558	0.00483	0.50632
35	0.02456	0.03104	0.01870	0.01705	0.02055	0.66574	0.01279	0.02635	0.01945	0.01723	0.01586	0.01720	0.06817	0.00808	0.00646	0.00185	0.01182	0.00536	0.00384	0.00790
36	0.04192	0.02517	0.39436	0.02081	0.13842	0.01420	0.01983	0.02245	0.01587	0.12715	0.04006	0.02194	0.07131	0.00802	0.00684	0.00219	0.00838	0.00660	0.00437	0.01010
37	0.01451	0.03143	0.58926	0.01813	0.02740	0.01482	0.02256	0.02169	0.01522	0.05094	0.05327	0.01724	0.01260	0.00703	0.00661	0.00211	0.00929	0.00558	0.00355	0.07677
38	0.01023	0.00739	0.01082	0.01082	0.01209	0.00853	0.00840	0.01278	0.01150	0.01703	0.01904	0.02730	0.01748	0.04860	0.66599	0.01040	0.01739	0.00739	0.07057	0.00625
39	0.01274	0.00656	0.00674	0.00670	0.00832	0.00651	0.00502	0.01600	0.01507	0.02618	0.08071	0.02823	0.02194	0.00865	0.00516	0.00167	0.00326	0.00702	0.72700	0.00651
40	0.02438	0.13873	0.01970	0.01304	0.01793	0.08117	0.01087	0.13684	0.07159	0.29622	0.04272	0.02407	0.07429	0.00899	0.00667	0.00204	0.00679	0.00698	0.00664	0.01033
41	0.01194	0.00618	0.00927	0.00927	0.00938	0.00629	0.00629	0.00938	0.00927	0.01247	0.01268	0.02174	0.01257	0.02662	0.08649	0.73048	0.00713	0.00618	0.00309	0.00330
42	0.00850	0.00715	0.00742	0.00756	0.00985	0.00607	0.00580	0.01039	0.01592	0.01902	0.06784	0.06814	0.65185	0.01781	0.00837	0.00243	0.00378	0.06969	0.00648	0.00594
43	0.01030	0.00765	0.01033	0.01093	0.01201	0.00743	0.03055	0.06755	0.01511	0.02018	0.03578	0.66284	0.04202	0.02017	0.00872	0.00275	0.00462	0.01829	0.00642	0.00632
44	0.02307	0.32908	0.02675	0.01534	0.02008	0.38097	0.01283	0.08087	0.01859	0.01908	0.01085	0.01237	0.00922	0.00679	0.00561	0.00170	0.01007	0.00433	0.00363	0.00876
45	0.01860	0.01474	0.01634	0.01234	0.01792	0.01393	0.00999	0.27148	0.04235	0.03065	0.01947	0.02015	0.07032	0.00757	0.00617	0.00159	0.00599	0.00596	0.00550	0.40894
46	0.01416	0.10043	0.57465	0.01871	0.02775	0.01668	0.04313	0.02118	0.01444	0.02108	0.01283	0.01560	0.00963	0.01041	0.06745	0.00291	0.01080	0.00531	0.00303	0.00981
47	0.01653	0.01569	0.02661	0.04003	0.65190	0.01566	0.02015	0.02043	0.01568	0.02238	0.01527	0.07929	0.01402	0.00754	0.00708	0.00214	0.00793	0.00737	0.00371	0.01060
48	0.01220	0.00610	0.00887	0.00887	0.00901	0.00610	0.00596	0.00970	0.00956	0.01330	0.01302	0.02162	0.01261	0.02288	0.02538	0.72966	0.00582	0.00610	0.06992	0.00332
49	0.73730	0.01365	0.01120	0.00995	0.01390	0.01614	0.00821	0.02020	0.01178	0.03008	0.00967	0.01167	0.00769	0.00696	0.00589	0.00223	0.06773	0.00398	0.00421	0.00756
50	0.73711	0.01290	0.00994	0.00895	0.01304	0.01488	0.00733	0.02015	0.01211	0.03086	0.01082	0.01258	0.00843	0.00662	0.00437	0.00211	0.00522	0.00401	0.07110	0.00747
51	0.03131	0.01188	0.01619	0.01242	0.01781	0.01026	0.01026	0.03401	0.01997	0.71606	0.02753	0.02375	0.01727	0.00864	0.00702	0.00216	0.00594	0.00702	0.00864	0.01188
52	0.00825	0.00707	0.00707	0.00707	0.00943	0.00589	0.00530	0.01001	0.01591	0.01885	0.07069	0.06716	0.70839	0.01767	0.00825	0.00236	0.00353	0.01473	0.00648	0.00589
53	0.01400	0.03610	0.71860	0.01989	0.03020	0.01621	0.02578	0.02210	0.01473	0.02210	0.01252	0.01473	0.00884	0.00663	0.00663	0.00221	0.01031	0.00516	0.00295	0.01031
54	0.00850	0.00607	0.00810	0.00972	0.01012	0.00567	0.00648	0.00972	0.01336	0.01781	0.03846	0.75020	0.04615	0.02186	0.00891	0.00283	0.00405	0.01984	0.00648	0.00567
55	0.02702	0.01876	0.02045	0.01568	0.02125	0.02047	0.01295	0.62076	0.03149	0.11304	0.01786	0.01747	0.01242	0.00840	0.00698	0.00210	0.00750	0.00636	0.00715	0.01187
56	0.00830	0.00707	0.00714	0.00712	0.00946	0.00591	0.00534	0.01012	0.01603	0.01914	0.09115	0.06667	0.68776	0.01756	0.00825	0.00235	0.00353	0.01466	0.00652	0.00591
57	0.00850	0.00607	0.00810	0.00972	0.01012	0.00567	0.00648	0.00972	0.01336	0.01781	0.03846	0.75020	0.04615	0.02186	0.00891	0.00283	0.00405	0.01984	0.00648	0.00567
58	0.03004	0.01240	0.01633	0.01269	0.01798	0.01122	0.01043	0.05788	0.07365	0.63791	0.02721	0.02368	0.01739	0.00869	0.00702	0.00217	0.00597	0.00706	0.00846	0.01181
59	0.01814	0.67823	0.11273	0.01283	0.01928	0.02634	0.01349	0.02103	0.01424	0.01705	0.01002	0.01159	0.00894	0.00604	0.00472	0.00157	0.00778	0.00389	0.00298	0.00911
60	0.01028	0.00791	0.01170	0.01152	0.01266	0.00940	0.00897	0.01264	0.01115	0.01616	0.01824	0.02725	0.01720	0.07074	0.66589	0.01061	0.06025	0.00748	0.00371	0.00625
61	0.00997	0.00748	0.01121	0.01121	0.01246	0.00872	0.00872	0.01246	0.01121	0.01620	0.01869	0.02741	0.01745	0.05234	0.72710	0.01121	0.01869	0.00748	0.00374	0.00623
62	0.80405	0.01350	0.01026	0.00918	0.01350	0.01565	0.00756	0.02051	0.01188	0.03131	0.00972	0.01134	0.00756	0.00648	0.00432	0.00216	0.00540	0.00378	0.00432	0.00756
63	0.01318	0.01240	0.02093	0.73798	0.04806	0.01550	0.01938	0.01783	0.01395	0.01783	0.01240	0.01860	0.00930	0.00698	0.00698	0.00233	0.00930	0.00620	0.00310	0.00775
64	0.01400	0.03610	0.71860	0.01989	0.03020	0.01621	0.02578	0.02210	0.01473	0.02210	0.01252	0.01473	0.00884	0.00663	0.00663	0.00221	0.01031	0.00516	0.00295	0.01031
65	0.00825	0.00707	0.00707	0.00707	0.00943	0.00589	0.00530	0.01001	0.01591	0.01885	0.07069	0.06716	0.70839	0.01767	0.00825	0.00236	0.00353	0.01473	0.00648	0.00589
66	0.03131	0.01188	0.01619	0.01242	0.01781	0.01026	0.01026	0.03401	0.01997	0.71606	0.02753	0.02375	0.01727	0.00864	0.00702	0.00216	0.00594	0.00702	0.00864	0.01188
67	0.03131	0.01188	0.01619	0.01242	0.01781	0.01026	0.01026	0.03401	0.01997	0.71606	0.02753	0.02375	0.01727	0.00864	0.00702	0.00216	0.00594	0.00702	0.00864	0.01188
68	0.01007	0.00745	0.01107	0.01107	0.01232	0.00865	0.00860	0.01258	0.01132	0.01651	0.01882	0.02737	0.01746	0.05093	0.70415	0.01091	0.01820	0.00745	0.02883	0.00624
69	0.01866	0.75896	0.03657	0.01194	0.01791	0.02761	0.01194	0.02090	0.01418	0.01642	0.00970	0.01119	0.00896	0.00597	0.00448	0.00149	0.00746	0.00373	0.00299	0.00896
70	0.00825	0.00707	0.00707	0.00707	0.00943	0.00589	0.00530	0.01001	0.01591	0.01885	0.07069	0.06716	0.70839	0.01767	0.00825	0.00236	0.00353	0.01473	0.00648	0.00589
71	0.01647	0.01882	0.04118	0.02941	0.03647	0.01765	0.68588	0.02235	0.01647	0.02235	0.01412	0.01882	0.01059	0.00588	0.00824	0.00235	0.01176	0.00824	0.00353	0.00941
72	0.01773	0.01578	0.01595	0.01436	0.01829	0.04795	0.01115	0.03668	0.66935	0.02867	0.02764	0.02546	0.02077	0.00937	0.00707	0.00234	0.00583	0.00774	0.00695	0.01092
73	0.08470	0.01619	0.01659	0.01411	0.01851	0.04633	0.01120	0.19649	0.36405	0.09735	0.02349	0.04379	0.01771	0.00916	0.00686	0.00225	0.00633	0.00730	0.00683	0.01076
74	0.01318	0.01240	0.02093	0.73798	0.04806	0.01550	0.01938	0.01783	0.01395	0.01783	0.01240	0.01860	0.00930	0.00698	0.00698	0.00233	0.00930	0.00620	0.00310	0.00775
75	0.01301	0.00650	0.00650	0.00650	0.00813	0.00650	0.00488	0.01626	0.01463	0.02602	0.02276	0.02602	0.01789	0.00813	0.00488	0.00163	0.00325	0.00650	0.79350	0.00650
76	0.01866	0.75896	0.03657	0.01194	0.01791	0.02761	0.01194	0.02090	0.01418	0.01642	0.00970	0.01119	0.00896	0.00597	0.00448	0.00149	0.00746	0.00373	0.00299	0.00896
77	0.00857	0.00612	0.00815	0.00967	0.01014	0.00571	0.00648	0.00988	0.01366	0.01828	0.06946	0.71787	0.04707	0.02151	0.00888	0.00280	0.00401	0.01950	0.00653	0.00571
78	0.00997	0.00748	0.01121	0.01121	0.01246	0.00872	0.00872	0.01246	0.01121	0.01620	0.01869	0.02741	0.01745	0.05234	0.72710	0.01121	0.01869	0.00748	0.00374	0.00623
79	0.80405	0.01350	0.01026	0.00918	0.01350	0.01565	0.00756	0.02051	0.01188	0.03131	0.00972	0.01134	0.00756	0.00648	0.00432	0.00216	0.00540	0.00378	0.00432	0.00756
80	0.01647	0.01882	0.04118	0.02941	0.03647	0.01765	0.68588	0.02235	0.01647	0.02235	0.01412	0.01882	0.01059	0.00588	0.00824	0.00235	0.01176	0.00824	0.00353	0.00941
81	0.17181	0.12345	0.37384	0.01579	0.02331	0.01779	0.01795	0.02407	0.12542	0.02433	0.01418	0.01543	0.01063	0.00697	0.00596	0.00213	0.00818	0.00514	0.00390	0.00971
82	0.04359	0.01570	0.02506	0.17474	0.46432	0.01650	0.01932	0.08074	0.01708	0.05610	0.01386	0.01759	0.01096	0.00668	0.00685	0.00213	0.00823	0.00618	0.00397	0.01040
83	0.08355	0.02519	0.02133	0.07486	0.21034	0.40781	0.01553	0.02508	0.03650	0.02014	0.01194	0.01456	0.00980	0.00692	0.00638	0.00195	0.01042	0.00512	0.00368	0.00891
84	0.00998	0.00745	0.01107	0.01107	0.01226	0.00864	0.00854	0.01237	0.01117	0.01609	0.01883	0.02816	0.01777	0.08113	0.69876	0.01103	0.01820	0.00759	0.00376	0.00615
85	0.02201	0.07998	0.07516	0.01780	0.02381	0.04399	0.12740	0.39051	0.02511	0.03354	0.01563	0.03854	0.01205	0.00781	0.00689	0.00205	0.00845	0.00655	0.00548	0.05722
86	0.01400	0.03610	0.71860	0.01989	0.03020	0.01621	0.02578	0.02210	0.01473	0.02210	0.01252	0.01473	0.00884	0.00663	0.00663	0.00221	0.01031	0.00516	0.00295	0.01031
87	0.01318	0.01240	0.02093	0.73798	0.04806	0.01550	0.01938	0.01783	0.01395	0.01783	0.01240	0.01860	0.00930	0.00698	0.00698	0.00233	0.00930	0.00620	0.00310	0.00775
88	0.01051	0.00727	0.00953	0.00889	0.01064	0.00669	0.00669	0.01379	0.01976	0.04837	0.68740	0.05129	0.06440	0.01410	0.00819	0.00219	0.00337	0.01245	0.00771	0.00674
89	0.01098	0.00785	0.01095	0.01255	0.01405	0.00781	0.01079	0.01401	0.01581	0.02059	0.03709	0.14253	0.04073	0.01952	0.00957	0.00318	0.00620	0.60302	0.00643	0.00635
90	0.00850	0.00607	0.00810	0.00972	0.01012	0.00567	0.00648	0.00972	0.01336	0.01781	0.03846	0.75020	0.04615	0.02186	0.00891	0.00283	0.00405	0.01984	0.00648	0.00567
91	0.00826	0.00703	0.00711	0.00718	0.00945	0.00588	0.00535	0.01000	0.01580	0.01881	0.06937	0.09515	0.68125	0.01784	0.00827	0.00238	0.00356	0.01494	0.00648	0.00588
92	0.00997	0.00748	0.01121	0.01121	0.01246	0.00872	0.00872	0.01246	0.01121	0.01620	0.01869	0.02741	0.01745	0.05234	0.72710	0.01121	0.01869	0.00748	0.00374	0.00623
93	0.01866	0.75896	0.03657	0.01194	0.01791	0.02761	0.01194	0.02090	0.01418	0.01642	0.00970	0.01119	0.00896	0.00597	0.00448	0.00149	0.00746	0.00373	0.00299	0.00896
94	0.80405	0.01350	0.01026	0.00918	0.01350	0.01565	0.00756	0.02051	0.01188	0.03131	0.00972	0.01134	0.00756	0.00648	0.00432	0.00216	0.00540	0.00378	0.00432	0.00756
95	0.00850	0.00607	0.00810	0.00972	0.01012	0.00567	0.00648	0.00972	0.01336	0.01781	0.03846	0.75020	0.04615	0.02186	0.00891	0.00283	0.00405	0.01984	0.00648	0.00567
96	0.01527	0.01527	0.02137	0.01832	0.01832	0.02137	0.01527	0.01679	0.01069	0.01679	0.00916	0.01527	0.00916	0.01221	0.02290	0.00305	0.74198	0.00611	0.00305	0.00763
97	0.00997	0.00748	0.01121	0.01121	0.01246	0.00872	0.00872	0.01246	0.01121	0.01620	0.01869	0.02741	0.01745	0.05234	0.72710	0.01121	0.01869	0.00748	0.00374	0.00623
98	0.01866	0.75896	0.03657	0.01194	0.01791	0.02761	0.01194	0.02090	0.01418	0.01642	0.00970	0.01119	0.00896	0.00597	0.00448	0.00149	0.00746	0.00373	0.00299	0.00896
99	0.03131	0.01188	0.01619	0.01242	0.01781	0.01026	0.01026	0.03401	0.01997	0.71606	0.02753	0.02375	0.01727	0.00864	0.00702	0.00216	0.00594	0.00702	0.00864	0.01188
100	0.00850	0.00607	0.00810	0.00972	0.01012	0.00567	0.00648	0.00972	0.01336	0.01781	0.03846	0.75020	0.04615	0.02186	0.00891	0.00283	0.00405	0.01984	0.00648	0.00567
101	0.02831	0.01159	0.01550	0.01210	0.01702	0.01027	0.00991	0.05949	0.02050	0.59738	0.11572	0.02715	0.02337	0.00936	0.00717	0.00216	0.00567	0.00772	0.00844	0.01119
102	0.01030	0.00754	0.01004	0.01135	0.01287	0.00728	0.00943	0.01298	0.01571	0.02029	0.06214	0.18549	0.14302	0.01931	0.00927	0.00299	0.00551	0.44178	0.00648	0.00623
103	0.02594	0.01898	0.02032	0.01564	0.02106	0.02099	0.01290	0.65900	0.03203	0.04320	0.01701	0.01715	0.01213	0.00837	0.00689	0.00207	0.00749	0.00629	0.04089	0.01164
104	0.01447	0.01240	0.01447	0.01034	0.01654	0.00930	0.00827	0.01757	0.01447	0.02274	0.01240	0.01447	0.01034	0.00517	0.00517	0.00103	0.00517	0.00413	0.00413	0.79742
105	0.01653	0.00951	0.01132	0.00993	0.01193	0.00940	0.00703	0.10223	0.01610	0.16090	0.08611	0.03911	0.02617	0.41838	0.02282	0.00471	0.00638	0.02855	0.00586	0.00703
106	0.01476	0.15527	0.60616	0.01858	0.02818	0.01809	0.02350	0.02190	0.01464	0.02116	0.01206	0.01415	0.00886	0.00652	0.00628	0.00209	0.00984	0.00492	0.00295	0.01009
107	0.59990	0.08807	0.10725	0.01093	0.01612	0.01668	0.01044	0.02053	0.01246	0.02821	0.01035	0.01225	0.00815	0.00779	0.02580	0.00237	0.00664	0.00407	0.00399	0.00802
108	0.03131	0.01188	0.01619	0.01242	0.01781	0.01026	0.01026	0.03401	0.01997	0.71606	0.02753	0.02375	0.01727	0.00864	0.00702	0.00216	0.00594	0.00702	0.00864	0.01188
109	0.01439	0.01626	0.12910	0.01189	0.01876	0.01043	0.01112	0.01831	0.01451	0.02263	0.01242	0.01451	0.01009	0.00541	0.00541	0.00123	0.00601	0.00430	0.00394	0.66928
110	0.01400	0.03610	0.71860	0.01989	0.03020	0.01621	0.02578	0.02210	0.01473	0.02210	0.01252	0.01473	0.00884	0.00663	0.00663	0.00221	0.01031	0.00516	0.00295	0.01031
111	0.01504	0.19833	0.56553	0.01811	0.02744	0.01877	0.02268	0.02183	0.01461	0.02082	0.01189	0.01394	0.00887	0.00648	0.00615	0.00205	0.00967	0.00484	0.00296	0.01001
112	0.01015	0.00677	0.00761	0.00761	0.00761	0.00677	0.00423	0.01015	0.01015	0.01353	0.02199	0.04567	0.02537	0.75476	0.03552	0.00677	0.00677	0.01015	0.00423	0.00423
113	0.01866	0.75896	0.03657	0.01194	0.01791	0.02761	0.01194	0.02090	0.01418	0.01642	0.00970	0.01119	0.00896	0.00597	0.00448	0.00149	0.00746	0.00373	0.00299	0.00896
114	0.01562	0.01707	0.03630	0.02672	0.03289	0.01608	0.57606	0.02107	0.01640	0.02211	0.01783	0.02857	0.01540	0.00806	0.00846	0.00249	0.01090	0.11503	0.00400	0.00893
115	0.01736	0.01499	0.01578	0.01420	0.01815	0.01736	0.01105	0.03708	0.69862	0.02919	0.02840	0.02604	0.02130	0.00947	0.00710	0.00237	0.00552	0.00789	0.00710	0.01105
116	0.00839	0.00707	0.00727	0.00722	0.00951	0.00595	0.00541	0.01029	0.01624	0.01965	0.12630	0.06585	0.65229	0.01738	0.00825	0.00234	0.00351	0.01454	0.00659	0.00595
117	0.01014	0.00679	0.00774	0.00774	0.00778	0.00683	0.00438	0.01023	0.01018	0.01362	0.02187	0.04504	0.02510	0.73055	0.05935	0.00692	0.00718	0.01006	0.00421	0.00430
118	0.02315	0.01483	0.04088	0.01311	0.01862	0.01359	0.01098	0.17696	0.10722	0.26509	0.04114	0.02074	0.01603	0.00794	0.00659	0.00190	0.00616	0.00636	0.00675	0.20194
119	0.00988	0.00713	0.00933	0.00878	0.01043	0.00658	0.00658	0.01317	0.01975	0.02798	0.70754	0.05213	0.06584	0.01427	0.00823	0.00219	0.00329	0.01262	0.00768	0.00658
120	0.14500	0.01804	0.03151	0.10188	0.05252	0.06361	0.42203	0.02228	0.03346	0.02317	0.01334	0.01731	0.01014	0.00629	0.00727	0.00227	0.01025	0.00698	0.00371	0.00894

[dist]
# distance from previous block
# <min> <max>
6	8

[block]
# block no. 2 follows, 30 sequences, length 57
# corresponding to MSA columns:
# 184-240
name=unknown_C
#
# <colnr> <probs for GDERKNQSTAVLIFYWHMCP>
#	G	D	E	R	K	N	Q	S	T	A	V	L	I	F	Y	W	H	M	C	P
0	0.01499	0.00836	0.01050	0.00928	0.01212	0.00740	0.00722	0.01764	0.01839	0.20489	0.31628	0.04853	0.24643	0.01495	0.02917	0.00250	0.00451	0.01164	0.00745	0.00775
1	0.01400	0.03610	0.71860	0.01989	0.03020	0.01621	0.02578	0.02210	0.01473	0.02210	0.01252	0.01473	0.00884	0.00663	0.00663	0.00221	0.01031	0.00516	0.00295	0.01031
2	0.43459	0.04825	0.09616	0.17444	0.02406	0.01672	0.01299	0.07831	0.01459	0.02770	0.01125	0.01382	0.00853	0.00675	0.00542	0.00217	0.00713	0.00470	0.00406	0.00835
3	0.00965	0.00768	0.01106	0.01149	0.01220	0.00795	0.03767	0.01119	0.01348	0.01833	0.06249	0.60823	0.04138	0.01978	0.01037	0.00281	0.08460	0.01752	0.00603	0.00609
4	0.02723	0.01145	0.01520	0.01205	0.01681	0.01029	0.00980	0.03133	0.07259	0.56649	0.12276	0.02790	0.02438	0.00949	0.00719	0.00218	0.00554	0.00787	0.00838	0.01107
5	0.00911	0.00704	0.01060	0.01121	0.01212	0.00658	0.05797	0.01067	0.01360	0.01816	0.03662	0.69477	0.04346	0.02065	0.00886	0.00280	0.00463	0.01896	0.00625	0.00595
6	0.02485	0.03106	0.02056	0.02007	0.07917	0.63589	0.01423	0.02683	0.01905	0.01754	0.01091	0.01310	0.00917	0.00733	0.00708	0.00188	0.04468	0.00471	0.00356	0.00832
7	0.00894	0.00628	0.00810	0.00938	0.00973	0.00598	0.00616	0.00996	0.01277	0.01701	0.03494	0.57940	0.04157	0.17644	0.01455	0.00368	0.00470	0.03902	0.00600	0.00539
8	0.01044	0.00755	0.00972	0.00902	0.01080	0.00709	0.00681	0.03584	0.02019	0.02852	0.68433	0.05094	0.06403	0.01407	0.00819	0.00219	0.00344	0.01241	0.00766	0.00676
9	0.01706	0.01629	0.02774	0.04180	0.68733	0.01629	0.02107	0.02118	0.01590	0.02273	0.01394	0.01938	0.01205	0.00667	0.00700	0.00211	0.00823	0.02879	0.00356	0.01089
10	0.01725	0.39192	0.32881	0.01567	0.02348	0.02225	0.01800	0.07197	0.01583	0.02095	0.01145	0.01314	0.00913	0.00644	0.00559	0.00185	0.00871	0.00454	0.00327	0.00976
11	0.01647	0.01882	0.04118	0.02941	0.03647	0.01765	0.68588	0.02235	0.01647	0.02235	0.01412	0.01882	0.01059	0.00588	0.00824	0.00235	0.01176	0.00824	0.00353	0.00941
12	0.01627	0.01822	0.03783	0.02754	0.03340	0.01828	0.57251	0.02141	0.01549	0.02141	0.01328	0.01822	0.01035	0.00695	0.01071	0.00247	0.13521	0.00788	0.00345	0.00911
13	0.04865	0.01334	0.02009	0.57181	0.04124	0.01615	0.01750	0.12108	0.01662	0.02225	0.01295	0.01810	0.00972	0.00774	0.00753	0.02838	0.00878	0.00611	0.00375	0.00822
14	0.01721	0.01675	0.02930	0.04182	0.66008	0.01666	0.07178	0.02149	0.01593	0.02276	0.01320	0.01739	0.01102	0.00619	0.00701	0.00209	0.00855	0.00637	0.00346	0.01093
15	0.01335	0.01258	0.02125	0.70826	0.07642	0.01555	0.01947	0.01798	0.01404	0.01804	0.01243	0.01855	0.00938	0.00694	0.00697	0.00231	0.00926	0.00620	0.00312	0.00789
16	0.02179	0.01726	0.02159	0.19494	0.10935	0.01937	0.01562	0.41823	0.05469	0.03448	0.01576	0.01766	0.01155	0.00783	0.00698	0.00216	0.00805	0.00632	0.00562	0.01073
17	0.01001	0.00732	0.01040	0.01040	0.01137	0.00828	0.00771	0.01194	0.01097	0.01560	0.01943	0.03152	0.01923	0.21045	0.57143	0.01021	0.01601	0.00808	0.00385	0.00578
18	0.01736	0.01499	0.01578	0.01420	0.01815	0.01736	0.01105	0.03708	0.69862	0.02919	0.02840	0.02604	0.02130	0.00947	0.00710	0.00237	0.00552	0.00789	0.00710	0.01105
19	0.01866	0.75896	0.03657	0.01194	0.01791	0.02761	0.01194	0.02090	0.01418	0.01642	0.00970	0.01119	0.00896	0.00597	0.00448	0.00149	0.00746	0.00373	0.00299	0.00896
20	0.01736	0.01499	0.01578	0.01420	0.01815	0.01736	0.01105	0.03708	0.69862	0.02919	0.02840	0.02604	0.02130	0.00947	0.00710	0.00237	0.00552	0.00789	0.00710	0.01105
21	0.08901	0.01273	0.01611	0.01253	0.01781	0.01183	0.01032	0.08579	0.04407	0.58603	0.02534	0.02233	0.01624	0.00848	0.00681	0.00216	0.00602	0.00674	0.00812	0.01152
22	0.02472	0.03019	0.02114	0.02176	0.12845	0.59158	0.01470	0.05037	0.01964	0.01892	0.01136	0.01346	0.00941	0.00708	0.00641	0.00185	0.01174	0.00483	0.00369	0.00868
23	0.01015	0.00677	0.00761	0.00761	0.00761	0.00677	0.00423	0.01015	0.01015	0.01353	0.02199	0.04567	0.02537	0.75476	0.03552	0.00677	0.00677	0.01015	0.00423	0.00423
24	0.01736	0.01499	0.01578	0.01420	0.01815	0.01736	0.01105	0.03708	0.69862	0.02919	0.02840	0.02604	0.02130	0.00947	0.00710	0.00237	0.00552	0.00789	0.00710	0.01105
25	0.00850	0.00607	0.00810	0.00972	0.01012	0.00567	0.00648	0.00972	0.01336	0.01781	0.03846	0.75020	0.04615	0.02186	0.00891	0.00283	0.00405	0.01984	0.00648	0.00567
26	0.01318	0.01240	0.02093	0.73798	0.04806	0.01550	0.01938	0.01783	0.01395	0.01783	0.01240	0.01860	0.00930	0.00698	0.00698	0.00233	0.00930	0.00620	0.00310	0.00775
27	0.01301	0.00650	0.00650	0.00650	0.00813	0.00650	0.00488	0.01626	0.01463	0.02602	0.02276	0.02602	0.01789	0.00813	0.00488	0.00163	0.00325	0.00650	0.79350	0.00650
28	0.75951	0.01340	0.01060	0.00936	0.01374	0.01534	0.00771	0.02129	0.01234	0.07078	0.01074	0.01205	0.00812	0.00660	0.00447	0.00216	0.00543	0.00397	0.00457	0.00781
29	0.00988	0.00713	0.00933	0.00878	0.01043	0.00658	0.00658	0.01317	0.01975	0.02798	0.70754	0.05213	0.06584	0.01427	0.00823	0.00219	0.00329	0.01262	0.00768	0.00658
30	0.01301	0.00650	0.00650	0.00650	0.00813	0.00650	0.00488	0.01626	0.01463	0.02602	0.02276	0.02602	0.01789	0.00813	0.00488	0.00163	0.00325	0.00650	0.79350	0.00650
31	0.01647	0.01882	0.04118	0.02941	0.03647	0.01765	0.68588	0.02235	0.01647	0.02235	0.01412	0.01882	0.01059	0.00588	0.00824	0.00235	0.01176	0.00824	0.00353	0.00941
32	0.00832	0.00704	0.00720	0.00724	0.00949	0.00591	0.00540	0.01013	0.01597	0.01919	0.09559	0.09179	0.65759	0.01769	0.00827	0.00237	0.00354	0.01483	0.00653	0.00591
33	0.80405	0.01350	0.01026	0.00918	0.01350	0.01565	0.00756	0.02051	0.01188	0.03131	0.00972	0.01134	0.00756	0.00648	0.00432	0.00216	0.00540	0.00378	0.00432	0.00756
34	0.00977	0.00705	0.00923	0.00885	0.01040	0.00651	0.00658	0.01290	0.01925	0.02719	0.65540	0.10653	0.06431	0.01486	0.00828	0.00224	0.00335	0.01318	0.00759	0.00651
35	0.00958	0.00782	0.00958	0.01046	0.06302	0.00698	0.00703	0.01213	0.01744	0.02279	0.31985	0.05739	0.39975	0.01545	0.00814	0.00227	0.00380	0.01324	0.00673	0.00656
36	0.80405	0.01350	0.01026	0.00918	0.01350	0.01565	0.00756	0.02051	0.01188	0.03131	0.00972	0.01134	0.00756	0.00648	0.00432	0.00216	0.00540	0.00378	0.00432	0.00756
37	0.01647	0.01882	0.04118	0.02941	0.03647	0.01765	0.68588	0.02235	0.01647	0.02235	0.01412	0.01882	0.01059	0.00588	0.00824	0.00235	0.01176	0.00824	0.00353	0.00941
38	0.01755	0.01588	0.02680	0.03975	0.64021	0.01581	0.02033	0.02158	0.01608	0.05353	0.01514	0.02110	0.01301	0.00708	0.00707	0.00214	0.00808	0.04418	0.00386	0.01082
39	0.01400	0.03610	0.71860	0.01989	0.03020	0.01621	0.02578	0.02210	0.01473	0.02210	0.01252	0.01473	0.00884	0.00663	0.00663	0.00221	0.01031	0.00516	0.00295	0.01031
40	0.03131	0.01188	0.01619	0.01242	0.01781	0.01026	0.01026	0.03401	0.01997	0.71606	0.02753	0.02375	0.01727	0.00864	0.00702	0.00216	0.00594	0.00702	0.00864	0.01188
41	0.04365	0.00752	0.00963	0.00935	0.01111	0.00717	0.00726	0.01366	0.01892	0.02716	0.58652	0.05403	0.05987	0.01462	0.00826	0.00233	0.00381	0.10118	0.00737	0.00660
42	0.01508	0.03407	0.65332	0.01981	0.02972	0.01592	0.04905	0.02280	0.01510	0.06211	0.01345	0.01540	0.00939	0.00672	0.00671	0.00221	0.01011	0.00538	0.00330	0.01037
43	0.01527	0.01527	0.02137	0.01832	0.01832	0.02137	0.01527	0.01679	0.01069	0.01679	0.00916	0.01527	0.00916	0.01221	0.02290	0.00305	0.74198	0.00611	0.00305	0.00763
44	0.03131	0.01188	0.01619	0.01242	0.01781	0.01026	0.01026	0.03401	0.01997	0.71606	0.02753	0.02375	0.01727	0.00864	0.00702	0.00216	0.00594	0.00702	0.00864	0.01188
45	0.01627	0.01863	0.06244	0.08214	0.14589	0.01727	0.50668	0.02187	0.01613	0.02209	0.01378	0.01841	0.01051	0.00604	0.00787	0.00230	0.01097	0.00765	0.00347	0.00959
46	0.03025	0.01211	0.01616	0.01255	0.01784	0.01079	0.01032	0.03424	0.07141	0.66400	0.02760	0.02392	0.01758	0.00870	0.00702	0.00217	0.00591	0.00708	0.00852	0.01181
47	0.01736	0.01499	0.01578	0.01420	0.01815	0.01736	0.01105	0.03708	0.69862	0.02919	0.02840	0.02604	0.02130	0.00947	0.00710	0.00237	0.00552	0.00789	0.00710	0.01105
48	0.80405	0.01350	0.01026	0.00918	0.01350	0.01565	0.00756	0.02051	0.01188	0.03131	0.00972	0.01134	0.00756	0.00648	0.00432	0.00216	0.00540	0.00378	0.00432	0.00756
49	0.01527	0.01527	0.02137	0.01832	0.01832	0.02137	0.01527	0.01679	0.01069	0.01679	0.00916	0.01527	0.00916	0.01221	0.02290	0.00305	0.74198	0.00611	0.00305	0.00763
50	0.01111	0.00741	0.00972	0.00899	0.01085	0.00680	0.00680	0.01437	0.01977	0.06765	0.66835	0.05049	0.06304	0.01394	0.00816	0.00219	0.00344	0.01230	0.00774	0.00689
51	0.02607	0.03326	0.01978	0.01798	0.02157	0.72674	0.01348	0.02787	0.01978	0.01708	0.01079	0.01258	0.00899	0.00719	0.00629	0.00180	0.01258	0.00449	0.00360	0.00809
52	0.01015	0.00677	0.00761	0.00761	0.00761	0.00677	0.00423	0.01015	0.01015	0.01353	0.02199	0.04567	0.02537	0.75476	0.03552	0.00677	0.00677	0.01015	0.00423	0.00423
53	0.01647	0.01882	0.04118	0.02941	0.03647	0.01765	0.68588	0.02235	0.01647	0.02235	0.01412	0.01882	0.01059	0.00588	0.00824	0.00235	0.01176	0.00824	0.00353	0.00941
54	0.01400	0.03610	0.71860	0.01989	0.03020	0.01621	0.02578	0.02210	0.01473	0.02210	0.01252	0.01473	0.00884	0.00663	0.00663	0.00221	0.01031	0.00516	0.00295	0.01031
55	0.00998	0.00743	0.01099	0.01099	0.01216	0.00860	0.00845	0.01232	0.01115	0.01604	0.01889	0.02854	0.01793	0.09552	0.68458	0.01094	0.01796	0.00764	0.00377	0.00611
56	0.01493	0.01421	0.02399	0.42985	0.32017	0.01613	0.02009	0.01927	0.01465	0.01984	0.01260	0.01795	0.01002	0.00682	0.00743	0.00224	0.03123	0.00621	0.00324	0.00911

[dist]
# distance from previous block
# <min> <max>
0	1

# created by:
# /st0/software/busco_prod/Augustus/scripts/msa2prfl.pl ./align_prep/133978.fa
