[name]
unknown

[dist]
# distance from previous block
# <min> <max>
17	81

[block]
# block no. 0 follows, 31 sequences, length 22
# corresponding to MSA columns:
# 107-128
name=unknown_A
#
# <colnr> <probs for GDERKNQSTAVLIFYWHMCP>
#	G	D	E	R	K	N	Q	S	T	A	V	L	I	F	Y	W	H	M	C	P
0	0.01552	0.01439	0.01438	0.03522	0.01613	0.12106	0.00981	0.06921	0.12155	0.02197	0.10549	0.06402	0.02273	0.12082	0.05325	0.00324	0.07891	0.00795	0.00504	0.09929
1	0.01807	0.01652	0.01705	0.06393	0.07741	0.14593	0.03018	0.15977	0.08105	0.04136	0.02398	0.13689	0.07999	0.01049	0.00703	0.00212	0.00730	0.00876	0.02587	0.04630
2	0.01321	0.00961	0.01261	0.10916	0.01703	0.01008	0.00913	0.07491	0.01456	0.05984	0.04395	0.19437	0.02416	0.18086	0.08424	0.00407	0.03865	0.01017	0.00499	0.08441
3	0.01378	0.01247	0.01946	0.39551	0.15631	0.01432	0.01611	0.01825	0.04849	0.01909	0.01412	0.02057	0.01181	0.07462	0.01009	0.00256	0.05229	0.00639	0.03361	0.06016
4	0.01452	0.01314	0.08204	0.10349	0.01848	0.04685	0.03896	0.05728	0.01465	0.08181	0.04771	0.05110	0.05264	0.30296	0.01788	0.00391	0.00730	0.00856	0.02976	0.00696
5	0.01681	0.01805	0.10713	0.16292	0.02590	0.06836	0.03924	0.13187	0.10065	0.02440	0.01563	0.03993	0.01262	0.02815	0.00786	0.00212	0.03387	0.00625	0.00448	0.15375
6	0.01579	0.01220	0.01723	0.25435	0.10134	0.01335	0.01362	0.06690	0.12683	0.09255	0.04859	0.12494	0.04279	0.01001	0.00716	0.00226	0.00675	0.00876	0.00528	0.02931
7	0.04311	0.01172	0.01479	0.01490	0.07766	0.01279	0.01047	0.05337	0.16300	0.07973	0.08003	0.19647	0.02607	0.03621	0.01023	0.00252	0.10523	0.01010	0.00580	0.04578
8	0.04157	0.01474	0.02095	0.21665	0.27152	0.04164	0.01629	0.13325	0.01785	0.02442	0.04849	0.08991	0.01620	0.00855	0.00695	0.00217	0.00772	0.00755	0.00440	0.00918
9	0.01381	0.01167	0.01258	0.01143	0.01467	0.01259	0.00882	0.02614	0.41874	0.02613	0.15705	0.03777	0.16811	0.01158	0.00731	0.00224	0.00462	0.00977	0.00683	0.03813
10	0.08498	0.01366	0.04811	0.50163	0.15642	0.01510	0.01802	0.01843	0.01388	0.01996	0.01242	0.01749	0.00955	0.00670	0.00651	0.00219	0.00843	0.00584	0.03249	0.00819
11	0.03008	0.01264	0.01649	0.01264	0.01796	0.01153	0.01044	0.12065	0.02124	0.63197	0.02559	0.02238	0.01623	0.00843	0.00688	0.00211	0.00605	0.00678	0.00825	0.01164
12	0.01961	0.01476	0.01597	0.01371	0.01794	0.01645	0.01085	0.14713	0.48293	0.10558	0.02777	0.02564	0.05173	0.00939	0.00699	0.00225	0.00573	0.00769	0.00708	0.01082
13	0.00915	0.00675	0.00862	0.00923	0.00988	0.00665	0.00632	0.01055	0.01371	0.01852	0.15536	0.42473	0.08901	0.14782	0.01376	0.00332	0.03948	0.01556	0.00602	0.00558
14	0.05767	0.63740	0.11803	0.01251	0.01880	0.02512	0.01313	0.02061	0.01385	0.01751	0.00985	0.01140	0.00870	0.00596	0.00464	0.00158	0.00755	0.00383	0.00299	0.00887
15	0.26231	0.16553	0.37186	0.01476	0.02223	0.01782	0.01715	0.02096	0.01347	0.02343	0.01090	0.01275	0.00830	0.00633	0.00540	0.00202	0.00808	0.00437	0.00332	0.00902
16	0.01497	0.06384	0.02180	0.19640	0.31010	0.05221	0.01613	0.01929	0.04792	0.02065	0.06602	0.02525	0.10030	0.00835	0.00685	0.00209	0.00751	0.00735	0.00409	0.00888
17	0.02030	0.34988	0.18798	0.01473	0.02108	0.14405	0.01493	0.05011	0.01638	0.10379	0.01272	0.01371	0.00986	0.00662	0.00558	0.00178	0.00865	0.00460	0.00385	0.00940
18	0.01700	0.05637	0.03320	0.04907	0.09283	0.08125	0.42683	0.02276	0.06132	0.02152	0.01400	0.01758	0.01083	0.00614	0.00730	0.00211	0.01020	0.00700	0.00369	0.05900
19	0.01726	0.15822	0.04116	0.01436	0.04091	0.15220	0.04302	0.09426	0.10530	0.02203	0.02879	0.04824	0.18670	0.01007	0.00667	0.00202	0.00732	0.00803	0.00496	0.00849
20	0.04767	0.01371	0.03930	0.01327	0.01770	0.01319	0.05487	0.15531	0.12856	0.13775	0.14481	0.04581	0.04853	0.01042	0.02199	0.00226	0.00619	0.00808	0.00643	0.08413
21	0.01741	0.01380	0.01812	0.01429	0.01903	0.01342	0.09556	0.16742	0.12114	0.06749	0.02071	0.13989	0.01829	0.00937	0.00682	0.00195	0.00633	0.00827	0.00565	0.23503

[dist]
# distance from previous block
# <min> <max>
3	17

[block]
# block no. 1 follows, 31 sequences, length 141
# corresponding to MSA columns:
# 146-286
name=unknown_B
#
# <colnr> <probs for GDERKNQSTAVLIFYWHMCP>
#	G	D	E	R	K	N	Q	S	T	A	V	L	I	F	Y	W	H	M	C	P
0	0.01872	0.18729	0.16681	0.05446	0.07430	0.16517	0.08546	0.08862	0.01708	0.02107	0.01211	0.01510	0.00984	0.02821	0.00742	0.00208	0.02824	0.00532	0.00356	0.00913
1	0.01592	0.08503	0.23864	0.02388	0.15839	0.04044	0.17131	0.02217	0.05918	0.02173	0.01344	0.01615	0.01041	0.00625	0.00661	0.00199	0.00909	0.00587	0.00352	0.09001
2	0.01430	0.01559	0.05652	0.02379	0.11525	0.01425	0.34860	0.02014	0.07903	0.02161	0.02423	0.12168	0.09367	0.00952	0.00783	0.00233	0.00858	0.00988	0.00445	0.00875
3	0.01523	0.01123	0.01332	0.01055	0.01524	0.00942	0.00825	0.04234	0.06126	0.09374	0.04378	0.13459	0.03850	0.00900	0.00620	0.00160	0.00498	0.00763	0.00533	0.46779
4	0.02428	0.05392	0.02130	0.02015	0.11067	0.46234	0.01412	0.16899	0.02143	0.02309	0.01208	0.01376	0.00968	0.00713	0.00633	0.00185	0.01059	0.00497	0.00420	0.00913
5	0.01515	0.01712	0.09635	0.21753	0.27948	0.01562	0.16737	0.01987	0.01486	0.02062	0.01279	0.01737	0.01008	0.00673	0.00756	0.02496	0.00916	0.00635	0.00328	0.03778
6	0.01438	0.12911	0.61515	0.01876	0.02823	0.01738	0.04296	0.02152	0.01442	0.02095	0.01197	0.01411	0.00873	0.00639	0.00627	0.00208	0.00979	0.00496	0.00291	0.00991
7	0.00989	0.00729	0.00929	0.00880	0.01050	0.00686	0.00659	0.01369	0.04902	0.02676	0.63262	0.07518	0.08923	0.01418	0.00804	0.00219	0.00336	0.01250	0.00742	0.00659
8	0.01498	0.05450	0.55279	0.04553	0.02782	0.01613	0.02207	0.02388	0.10482	0.05162	0.01484	0.01629	0.01063	0.00694	0.00652	0.00217	0.00919	0.00548	0.00366	0.01013
9	0.01389	0.03336	0.65550	0.04818	0.07177	0.01588	0.02478	0.02147	0.01448	0.02155	0.01231	0.01474	0.00881	0.00649	0.00653	0.00216	0.00995	0.00516	0.00292	0.01006
10	0.09308	0.01912	0.01959	0.01523	0.02053	0.04553	0.01253	0.61297	0.02996	0.04113	0.01563	0.01583	0.01117	0.00801	0.00660	0.00205	0.00750	0.00589	0.00650	0.01114
11	0.00948	0.00699	0.00886	0.00839	0.01009	0.00637	0.00629	0.01251	0.01888	0.02628	0.63000	0.05301	0.14855	0.01442	0.00807	0.00217	0.00326	0.01264	0.00738	0.00637
12	0.01699	0.01822	0.07293	0.18313	0.40626	0.07155	0.05251	0.05691	0.01631	0.02195	0.01274	0.01673	0.01020	0.00645	0.00679	0.00209	0.00893	0.00599	0.00348	0.00985
13	0.00944	0.00693	0.00884	0.00846	0.01010	0.00633	0.00631	0.01239	0.01863	0.02593	0.60718	0.08766	0.13683	0.01473	0.00810	0.00220	0.00329	0.01296	0.00734	0.00633
14	0.00834	0.00595	0.00794	0.00953	0.00992	0.00556	0.00635	0.00953	0.01310	0.01746	0.03771	0.75510	0.04525	0.02143	0.00873	0.00278	0.00397	0.01945	0.00635	0.00556
15	0.01693	0.01626	0.02777	0.04199	0.71689	0.01626	0.02100	0.02100	0.01558	0.02235	0.01287	0.01693	0.01084	0.00610	0.00677	0.00203	0.00813	0.00610	0.00339	0.01084
16	0.02194	0.10187	0.02147	0.04106	0.10618	0.43033	0.01379	0.02707	0.13362	0.01939	0.01370	0.01516	0.01110	0.00718	0.00621	0.00187	0.01005	0.00515	0.00401	0.00885
17	0.03070	0.01164	0.01588	0.01217	0.01746	0.01006	0.01006	0.03334	0.01958	0.72163	0.02699	0.02329	0.01694	0.00847	0.00688	0.00212	0.00582	0.00688	0.00847	0.01164
18	0.03070	0.01164	0.01588	0.01217	0.01746	0.01006	0.01006	0.03334	0.01958	0.72163	0.02699	0.02329	0.01694	0.00847	0.00688	0.00212	0.00582	0.00688	0.00847	0.01164
19	0.01676	0.01608	0.02745	0.07272	0.68753	0.01621	0.02091	0.02084	0.01549	0.02214	0.01284	0.01699	0.01076	0.00613	0.00678	0.00204	0.00817	0.00610	0.00337	0.01069
20	0.01702	0.01470	0.01547	0.01392	0.01779	0.01702	0.01083	0.03635	0.70453	0.02862	0.02785	0.02553	0.02088	0.00928	0.00696	0.00232	0.00541	0.00773	0.00696	0.01083
21	0.01292	0.01216	0.02052	0.74312	0.04712	0.01520	0.01900	0.01748	0.01368	0.01748	0.01216	0.01824	0.00912	0.00684	0.00684	0.00228	0.00912	0.00608	0.00304	0.00760
22	0.01670	0.01602	0.02735	0.08263	0.67807	0.01619	0.02088	0.02079	0.01547	0.02207	0.01283	0.01701	0.01074	0.00614	0.00678	0.00205	0.00819	0.00609	0.00337	0.01065
23	0.00962	0.00699	0.00905	0.00854	0.01018	0.00643	0.00640	0.01278	0.01921	0.02707	0.68685	0.05171	0.09121	0.01412	0.00807	0.00216	0.00324	0.01246	0.00748	0.00643
24	0.02156	0.04948	0.04343	0.01155	0.01729	0.01093	0.00986	0.04446	0.01716	0.31811	0.03968	0.01907	0.01458	0.00696	0.00600	0.00161	0.00571	0.00558	0.00601	0.35098
25	0.02703	0.01248	0.03742	0.01453	0.07072	0.01073	0.01113	0.03065	0.04892	0.56842	0.05055	0.04812	0.01906	0.00890	0.00697	0.00214	0.00595	0.00742	0.00774	0.01111
26	0.03926	0.14963	0.43932	0.01863	0.07652	0.01718	0.02011	0.02314	0.04155	0.09281	0.01389	0.01530	0.01013	0.00667	0.00617	0.00204	0.00875	0.00515	0.00370	0.01005
27	0.01403	0.05815	0.66782	0.02034	0.06268	0.01627	0.02463	0.02160	0.01448	0.02152	0.01222	0.01445	0.00878	0.00646	0.00644	0.00214	0.00992	0.00506	0.00291	0.01010
28	0.00868	0.00695	0.00775	0.00755	0.00960	0.00603	0.00567	0.01097	0.01700	0.02181	0.30856	0.06037	0.47279	0.01609	0.00808	0.00225	0.00338	0.01367	0.00679	0.00603
29	0.00849	0.00606	0.00811	0.00970	0.01016	0.00569	0.00662	0.00979	0.01325	0.01764	0.03762	0.71658	0.04492	0.02129	0.00877	0.00280	0.00410	0.05646	0.00635	0.00560
30	0.02707	0.01686	0.01985	0.01514	0.02061	0.01769	0.03703	0.46914	0.02776	0.24800	0.01953	0.01858	0.01320	0.00820	0.00690	0.00208	0.00716	0.00645	0.00721	0.01155
31	0.03070	0.01164	0.01588	0.01217	0.01746	0.01006	0.01006	0.03334	0.01958	0.72163	0.02699	0.02329	0.01694	0.00847	0.00688	0.00212	0.00582	0.00688	0.00847	0.01164
32	0.00896	0.00622	0.00775	0.00872	0.00897	0.00598	0.00549	0.00969	0.01187	0.01583	0.03142	0.47866	0.03732	0.30869	0.01889	0.00428	0.00501	0.01575	0.00549	0.00501
33	0.02516	0.01752	0.02011	0.01711	0.07353	0.01895	0.01307	0.53369	0.02846	0.12153	0.01750	0.01774	0.01245	0.00997	0.03865	0.00245	0.00784	0.00629	0.00663	0.01133
34	0.01434	0.00848	0.01077	0.00954	0.01205	0.00789	0.00735	0.04078	0.04035	0.15653	0.44880	0.04417	0.11420	0.01331	0.00849	0.03303	0.00406	0.01094	0.00737	0.00754
35	0.00823	0.00684	0.00722	0.00749	0.00952	0.00583	0.00557	0.00995	0.01527	0.01843	0.06388	0.15674	0.60025	0.01793	0.00822	0.00240	0.00364	0.04046	0.00635	0.00577
36	0.01372	0.03539	0.72412	0.01950	0.02961	0.01589	0.02528	0.02167	0.01444	0.02167	0.01228	0.01444	0.00867	0.00650	0.00650	0.00217	0.01011	0.00506	0.00289	0.01011
37	0.01686	0.01642	0.02686	0.10261	0.63578	0.03926	0.02057	0.02089	0.01553	0.02174	0.01273	0.01690	0.01062	0.00619	0.00676	0.00204	0.00835	0.00604	0.00336	0.01046
38	0.03050	0.01196	0.01607	0.01232	0.01762	0.01052	0.01018	0.06108	0.02011	0.69314	0.02655	0.02300	0.01671	0.00846	0.00688	0.00211	0.00589	0.00685	0.00840	0.01164
39	0.01748	0.01730	0.02724	0.04044	0.67262	0.06180	0.02050	0.02140	0.01582	0.02199	0.01272	0.01664	0.01071	0.00616	0.00673	0.00201	0.00840	0.00599	0.00340	0.01065
40	0.00854	0.00653	0.00784	0.00840	0.00974	0.00583	0.00596	0.01036	0.01535	0.01999	0.19557	0.35532	0.28921	0.01835	0.00836	0.00247	0.00363	0.01612	0.00661	0.00583
41	0.01907	0.68571	0.03409	0.01234	0.01794	0.10226	0.01187	0.02121	0.01449	0.01617	0.00962	0.01112	0.00878	0.00598	0.00458	0.00150	0.00785	0.00374	0.00299	0.00869
42	0.01570	0.01298	0.01497	0.01096	0.01678	0.01081	0.00881	0.11271	0.01662	0.02501	0.01298	0.01495	0.01059	0.00713	0.03085	0.00151	0.00588	0.00447	0.00443	0.66185
43	0.02601	0.01916	0.02053	0.01574	0.02122	0.02122	0.01300	0.69408	0.03217	0.04312	0.01643	0.01643	0.01163	0.00821	0.00684	0.00205	0.00753	0.00616	0.00684	0.01163
44	0.36248	0.01528	0.01625	0.08357	0.10039	0.07378	0.03761	0.02324	0.09325	0.07343	0.01384	0.01548	0.01053	0.00682	0.00561	0.00207	0.00683	0.00513	0.00453	0.04990
45	0.00995	0.00663	0.00746	0.00746	0.00746	0.00663	0.00415	0.00995	0.00995	0.01327	0.02156	0.04477	0.02487	0.75957	0.03482	0.00663	0.00663	0.00995	0.00415	0.00415
46	0.00866	0.00603	0.00783	0.00921	0.00962	0.00569	0.00608	0.00981	0.01285	0.01738	0.03560	0.66031	0.04227	0.09011	0.01103	0.00309	0.00419	0.01805	0.03672	0.00546
47	0.04862	0.20891	0.48625	0.01738	0.02592	0.04243	0.03943	0.02151	0.01441	0.02055	0.01148	0.01351	0.00869	0.00634	0.00593	0.00199	0.00935	0.00473	0.00299	0.00958
48	0.01672	0.01444	0.01518	0.01369	0.01750	0.01664	0.01064	0.03547	0.68148	0.02828	0.02923	0.02687	0.04408	0.00955	0.00700	0.00232	0.00535	0.00796	0.00694	0.01066
49	0.00834	0.00595	0.00794	0.00953	0.00992	0.00556	0.00635	0.00953	0.01310	0.01746	0.03771	0.75510	0.04525	0.02143	0.00873	0.00278	0.00397	0.01945	0.00635	0.00556
50	0.80789	0.01323	0.01006	0.00900	0.01323	0.01535	0.00741	0.02011	0.01164	0.03070	0.00953	0.01111	0.00741	0.00635	0.00423	0.00212	0.00529	0.00370	0.00423	0.00741
51	0.80789	0.01323	0.01006	0.00900	0.01323	0.01535	0.00741	0.02011	0.01164	0.03070	0.00953	0.01111	0.00741	0.00635	0.00423	0.00212	0.00529	0.00370	0.00423	0.00741
52	0.02117	0.01789	0.01830	0.01648	0.06687	0.09550	0.01224	0.27210	0.25126	0.05055	0.01991	0.03910	0.01530	0.00844	0.00673	0.00206	0.00707	0.00672	0.00612	0.06619
53	0.01603	0.07455	0.31455	0.06175	0.28262	0.01641	0.02090	0.04357	0.01560	0.04713	0.01471	0.01726	0.03138	0.00678	0.00655	0.00207	0.00870	0.00578	0.00352	0.01014
54	0.02601	0.01916	0.02053	0.01574	0.02122	0.02122	0.01300	0.69408	0.03217	0.04312	0.01643	0.01643	0.01163	0.00821	0.00684	0.00205	0.00753	0.00616	0.00684	0.01163
55	0.01419	0.01216	0.01419	0.01013	0.01621	0.00912	0.00811	0.01723	0.01419	0.02229	0.01216	0.01419	0.01013	0.00507	0.00507	0.00101	0.00507	0.00405	0.00405	0.80139
56	0.80789	0.01323	0.01006	0.00900	0.01323	0.01535	0.00741	0.02011	0.01164	0.03070	0.00953	0.01111	0.00741	0.00635	0.00423	0.00212	0.00529	0.00370	0.00423	0.00741
57	0.01338	0.01291	0.02048	0.71650	0.04617	0.04150	0.01879	0.01784	0.01389	0.01745	0.01210	0.01802	0.00911	0.00685	0.00682	0.00226	0.00924	0.00602	0.00306	0.00761
58	0.01702	0.01470	0.01547	0.01392	0.01779	0.01702	0.01083	0.03635	0.70453	0.02862	0.02785	0.02553	0.02088	0.00928	0.00696	0.00232	0.00541	0.00773	0.00696	0.01083
59	0.01192	0.00596	0.00881	0.00881	0.00887	0.00596	0.00589	0.00920	0.00914	0.01244	0.01231	0.02099	0.01212	0.02312	0.02584	0.76814	0.00583	0.00596	0.03558	0.00311
60	0.01097	0.00784	0.01095	0.01244	0.01401	0.00782	0.01084	0.01412	0.01590	0.02076	0.06401	0.07610	0.04041	0.01870	0.00939	0.00311	0.00617	0.64381	0.00635	0.00631
61	0.00834	0.00595	0.00794	0.00953	0.00992	0.00556	0.00635	0.00953	0.01310	0.01746	0.03771	0.75510	0.04525	0.02143	0.00873	0.00278	0.00397	0.01945	0.00635	0.00556
62	0.00824	0.00694	0.00715	0.00709	0.00934	0.00584	0.00532	0.01012	0.01596	0.01935	0.13180	0.06441	0.65108	0.01700	0.00808	0.00229	0.00344	0.01424	0.00647	0.00584
63	0.00995	0.00663	0.00746	0.00746	0.00746	0.00663	0.00415	0.00995	0.00995	0.01327	0.02156	0.04477	0.02487	0.75957	0.03482	0.00663	0.00663	0.00995	0.00415	0.00415
64	0.01702	0.01470	0.01547	0.01392	0.01779	0.01702	0.01083	0.03635	0.70453	0.02862	0.02785	0.02553	0.02088	0.00928	0.00696	0.00232	0.00541	0.00773	0.00696	0.01083
65	0.03054	0.01189	0.01603	0.01229	0.01759	0.01042	0.01015	0.05466	0.01999	0.69973	0.02665	0.02306	0.01676	0.00846	0.00688	0.00211	0.00588	0.00686	0.00842	0.01164
66	0.01462	0.10170	0.54241	0.02123	0.07607	0.01712	0.09058	0.02153	0.01464	0.02121	0.01221	0.01469	0.00900	0.00634	0.00648	0.00210	0.00985	0.00530	0.00298	0.00995
67	0.01729	0.01694	0.02742	0.04097	0.68768	0.04630	0.02067	0.02126	0.01574	0.02212	0.01277	0.01674	0.01075	0.00614	0.00675	0.00202	0.00830	0.00602	0.00339	0.01071
68	0.18386	0.01717	0.04648	0.06173	0.37250	0.05103	0.12797	0.02113	0.01491	0.02353	0.01216	0.01571	0.00980	0.00619	0.00642	0.00210	0.00840	0.00580	0.00355	0.00954
69	0.00851	0.00607	0.00809	0.00948	0.00993	0.00576	0.00636	0.00976	0.01306	0.01752	0.05637	0.67233	0.04374	0.05351	0.04153	0.00328	0.00469	0.01831	0.00618	0.00555
70	0.08685	0.07421	0.13860	0.02906	0.37068	0.08286	0.03451	0.04394	0.03592	0.02286	0.01260	0.01544	0.01016	0.00641	0.00632	0.00201	0.00851	0.00548	0.00358	0.00999
71	0.30246	0.04612	0.02061	0.10355	0.16574	0.01729	0.07234	0.14910	0.01710	0.02847	0.01221	0.01478	0.00944	0.00664	0.00590	0.00210	0.00737	0.00532	0.00430	0.00916
72	0.80789	0.01323	0.01006	0.00900	0.01323	0.01535	0.00741	0.02011	0.01164	0.03070	0.00953	0.01111	0.00741	0.00635	0.00423	0.00212	0.00529	0.00370	0.00423	0.00741
73	0.01446	0.01333	0.02182	0.57175	0.16573	0.01577	0.01898	0.06044	0.01518	0.01996	0.01255	0.01789	0.00959	0.00679	0.00683	0.00222	0.00884	0.00609	0.00334	0.00843
74	0.00977	0.00733	0.01100	0.01100	0.01222	0.00855	0.00855	0.01222	0.01100	0.01588	0.01833	0.02688	0.01710	0.05131	0.73245	0.01100	0.01833	0.00733	0.00367	0.00611
75	0.00995	0.00663	0.00746	0.00746	0.00746	0.00663	0.00415	0.00995	0.00995	0.01327	0.02156	0.04477	0.02487	0.75957	0.03482	0.00663	0.00663	0.00995	0.00415	0.00415
76	0.01419	0.01216	0.01419	0.01013	0.01621	0.00912	0.00811	0.01723	0.01419	0.02229	0.01216	0.01419	0.01013	0.00507	0.00507	0.00101	0.00507	0.00405	0.00405	0.80139
77	0.00833	0.00641	0.00762	0.00843	0.00967	0.00571	0.00590	0.00987	0.01452	0.01855	0.09644	0.43350	0.31194	0.01929	0.00843	0.00255	0.00372	0.01698	0.00643	0.00571
78	0.01702	0.01470	0.01547	0.01392	0.01779	0.01702	0.01083	0.03635	0.70453	0.02862	0.02785	0.02553	0.02088	0.00928	0.00696	0.00232	0.00541	0.00773	0.00696	0.01083
79	0.03070	0.01164	0.01588	0.01217	0.01746	0.01006	0.01006	0.03334	0.01958	0.72163	0.02699	0.02329	0.01694	0.00847	0.00688	0.00212	0.00582	0.00688	0.00847	0.01164
80	0.00921	0.00697	0.00849	0.00811	0.00993	0.00625	0.00608	0.01199	0.01824	0.02477	0.52162	0.05549	0.25788	0.01498	0.00807	0.00220	0.00330	0.01299	0.00718	0.00625
81	0.01615	0.01845	0.04037	0.02884	0.03576	0.01730	0.69204	0.02191	0.01615	0.02191	0.01384	0.01845	0.01038	0.00577	0.00807	0.00231	0.01153	0.00807	0.00346	0.00923
82	0.01292	0.01216	0.02052	0.74312	0.04712	0.01520	0.01900	0.01748	0.01368	0.01748	0.01216	0.01824	0.00912	0.00684	0.00684	0.00228	0.00912	0.00608	0.00304	0.00760
83	0.00995	0.00663	0.00746	0.00746	0.00746	0.00663	0.00415	0.00995	0.00995	0.01327	0.02156	0.04477	0.02487	0.75957	0.03482	0.00663	0.00663	0.00995	0.00415	0.00415
84	0.01829	0.76368	0.03585	0.01171	0.01756	0.02707	0.01171	0.02049	0.01390	0.01610	0.00951	0.01097	0.00878	0.00585	0.00439	0.00146	0.00732	0.00366	0.00293	0.00878
85	0.03070	0.01164	0.01588	0.01217	0.01746	0.01006	0.01006	0.03334	0.01958	0.72163	0.02699	0.02329	0.01694	0.00847	0.00688	0.00212	0.00582	0.00688	0.00847	0.01164
86	0.02693	0.01272	0.04979	0.01241	0.01752	0.01071	0.01059	0.03145	0.08365	0.56775	0.08044	0.02526	0.02066	0.00888	0.00696	0.00214	0.00579	0.00730	0.00798	0.01108
87	0.46135	0.01252	0.01265	0.01041	0.01512	0.01299	0.00859	0.02601	0.01518	0.33878	0.01731	0.01654	0.01166	0.00729	0.00541	0.00212	0.00553	0.00512	0.00612	0.00930
88	0.01631	0.01555	0.02647	0.11793	0.62210	0.01588	0.02047	0.02040	0.01538	0.02176	0.01350	0.01891	0.01152	0.00657	0.00686	0.00209	0.00818	0.02634	0.00344	0.01034
89	0.01325	0.01243	0.02065	0.68563	0.07540	0.01531	0.01879	0.01833	0.03911	0.01810	0.01277	0.01845	0.00963	0.00690	0.00684	0.00227	0.00894	0.00614	0.00320	0.00786
90	0.00809	0.00693	0.00693	0.00693	0.00924	0.00578	0.00520	0.00982	0.01559	0.01848	0.06931	0.06584	0.71411	0.01733	0.00809	0.00231	0.00347	0.01444	0.00635	0.00578
91	0.01372	0.03539	0.72412	0.01950	0.02961	0.01589	0.02528	0.02167	0.01444	0.02167	0.01228	0.01444	0.00867	0.00650	0.00650	0.00217	0.01011	0.00506	0.00289	0.01011
92	0.02556	0.03261	0.01939	0.01763	0.02115	0.73210	0.01322	0.02732	0.01939	0.01674	0.01058	0.01234	0.00881	0.00705	0.00617	0.00176	0.01234	0.00441	0.00353	0.00793
93	0.80789	0.01323	0.01006	0.00900	0.01323	0.01535	0.00741	0.02011	0.01164	0.03070	0.00953	0.01111	0.00741	0.00635	0.00423	0.00212	0.00529	0.00370	0.00423	0.00741
94	0.00968	0.00699	0.00914	0.00861	0.01022	0.00646	0.00646	0.01291	0.01937	0.02743	0.71328	0.05110	0.06455	0.01399	0.00807	0.00215	0.00323	0.01237	0.00753	0.00646
95	0.00982	0.00715	0.01006	0.01006	0.01096	0.00804	0.00738	0.01162	0.01072	0.01519	0.01918	0.03162	0.01916	0.23898	0.54760	0.00984	0.01523	0.00802	0.00379	0.00559
96	0.00849	0.00602	0.00789	0.00932	0.00968	0.00566	0.00613	0.00957	0.01279	0.01705	0.03612	0.68510	0.04324	0.09418	0.01130	0.00316	0.00423	0.01851	0.00613	0.00542
97	0.80789	0.01323	0.01006	0.00900	0.01323	0.01535	0.00741	0.02011	0.01164	0.03070	0.00953	0.01111	0.00741	0.00635	0.00423	0.00212	0.00529	0.00370	0.00423	0.00741
98	0.04802	0.01276	0.01552	0.01120	0.01722	0.01021	0.04155	0.04192	0.01482	0.02338	0.01228	0.01435	0.01008	0.00527	0.00524	0.00116	0.00548	0.00431	0.00413	0.70108
99	0.00832	0.00645	0.00751	0.00827	0.00955	0.00572	0.00577	0.00978	0.01434	0.01813	0.07403	0.40132	0.34566	0.04086	0.00918	0.00266	0.00380	0.01669	0.00633	0.00564
100	0.80789	0.01323	0.01006	0.00900	0.01323	0.01535	0.00741	0.02011	0.01164	0.03070	0.00953	0.01111	0.00741	0.00635	0.00423	0.00212	0.00529	0.00370	0.00423	0.00741
101	0.01637	0.00990	0.01387	0.01139	0.01407	0.00966	0.09472	0.07317	0.01544	0.13595	0.02089	0.02879	0.01791	0.22211	0.01509	0.03342	0.00613	0.00766	0.24620	0.00727
102	0.00834	0.00595	0.00794	0.00953	0.00992	0.00556	0.00635	0.00953	0.01310	0.01746	0.03771	0.75510	0.04525	0.02143	0.00873	0.00278	0.00397	0.01945	0.00635	0.00556
103	0.01745	0.01491	0.01572	0.01401	0.01796	0.01722	0.01093	0.06838	0.67179	0.02932	0.02729	0.02508	0.02043	0.00923	0.00696	0.00231	0.00552	0.00766	0.00696	0.01087
104	0.00995	0.00663	0.00746	0.00746	0.00746	0.00663	0.00415	0.00995	0.00995	0.01327	0.02156	0.04477	0.02487	0.75957	0.03482	0.00663	0.00663	0.00995	0.00415	0.00415
105	0.01372	0.03539	0.72412	0.01950	0.02961	0.01589	0.02528	0.02167	0.01444	0.02167	0.01228	0.01444	0.00867	0.00650	0.00650	0.00217	0.01011	0.00506	0.00289	0.01011
106	0.80789	0.01323	0.01006	0.00900	0.01323	0.01535	0.00741	0.02011	0.01164	0.03070	0.00953	0.01111	0.00741	0.00635	0.00423	0.00212	0.00529	0.00370	0.00423	0.00741
107	0.01355	0.01269	0.02091	0.58789	0.13137	0.01480	0.01831	0.01791	0.01397	0.01853	0.01225	0.01772	0.00943	0.00659	0.00668	0.00214	0.00864	0.00590	0.00317	0.07754
108	0.00951	0.00645	0.00759	0.00803	0.00814	0.00634	0.00475	0.00983	0.01081	0.01442	0.02598	0.23949	0.03046	0.55723	0.02767	0.00558	0.00590	0.01255	0.00475	0.00453
109	0.02634	0.01950	0.02084	0.01664	0.02180	0.02104	0.01331	0.59541	0.07483	0.04208	0.02027	0.05600	0.01593	0.01036	0.00787	0.00252	0.00791	0.00760	0.00748	0.01228
110	0.01188	0.00594	0.00891	0.00891	0.00891	0.00594	0.00594	0.00891	0.00891	0.01188	0.01188	0.02080	0.01188	0.02377	0.02674	0.80095	0.00594	0.00594	0.00297	0.00297
111	0.01725	0.01686	0.02746	0.04110	0.69136	0.04252	0.02071	0.02123	0.01572	0.02215	0.01278	0.01676	0.01076	0.00613	0.00675	0.00202	0.00828	0.00603	0.00339	0.01073
112	0.02132	0.02463	0.02345	0.02821	0.31754	0.38232	0.03673	0.02477	0.04047	0.01968	0.01222	0.01491	0.01012	0.00668	0.00651	0.00191	0.01029	0.00535	0.00358	0.00930
113	0.01316	0.01240	0.02095	0.70174	0.08665	0.01526	0.01912	0.01769	0.01379	0.01777	0.01220	0.01816	0.00922	0.00680	0.00684	0.00227	0.00906	0.00608	0.00306	0.00779
114	0.00826	0.00697	0.00717	0.00720	0.00946	0.00588	0.00546	0.01011	0.01576	0.01894	0.09637	0.06559	0.66196	0.01724	0.00813	0.00233	0.00355	0.03739	0.00640	0.00582
115	0.00834	0.00595	0.00794	0.00953	0.00992	0.00556	0.00635	0.00953	0.01310	0.01746	0.03771	0.75510	0.04525	0.02143	0.00873	0.00278	0.00397	0.01945	0.00635	0.00556
116	0.03006	0.01267	0.01651	0.01266	0.01798	0.01158	0.01046	0.12354	0.02130	0.62900	0.02555	0.02235	0.01621	0.00843	0.00688	0.00211	0.00605	0.00678	0.00825	0.01164
117	0.00995	0.00663	0.00746	0.00746	0.00746	0.00663	0.00415	0.00995	0.00995	0.01327	0.02156	0.04477	0.02487	0.75957	0.03482	0.00663	0.00663	0.00995	0.00415	0.00415
118	0.00888	0.00699	0.00804	0.00786	0.00985	0.00615	0.00596	0.01131	0.01722	0.02240	0.34470	0.05994	0.40959	0.01595	0.00813	0.00227	0.00347	0.03834	0.00686	0.00609
119	0.00995	0.00663	0.00746	0.00746	0.00746	0.00663	0.00415	0.00995	0.00995	0.01327	0.02156	0.04477	0.02487	0.75957	0.03482	0.00663	0.00663	0.00995	0.00415	0.00415
120	0.01372	0.03539	0.72412	0.01950	0.02961	0.01589	0.02528	0.02167	0.01444	0.02167	0.01228	0.01444	0.00867	0.00650	0.00650	0.00217	0.01011	0.00506	0.00289	0.01011
121	0.01556	0.01515	0.02156	0.29724	0.05977	0.10626	0.14731	0.04101	0.01567	0.02072	0.01525	0.04718	0.01238	0.00744	0.00670	0.00210	0.00866	0.00683	0.14528	0.00793
122	0.00831	0.00666	0.00742	0.00781	0.00953	0.00578	0.00564	0.01003	0.01526	0.01906	0.12248	0.25639	0.46532	0.01815	0.00826	0.00243	0.00358	0.01564	0.00647	0.00578
123	0.01313	0.01240	0.02079	0.69319	0.06948	0.01544	0.01893	0.01757	0.01363	0.01761	0.01207	0.01808	0.00917	0.00699	0.00739	0.00230	0.03499	0.00608	0.00305	0.00771
124	0.00839	0.00694	0.00736	0.00725	0.00943	0.00591	0.00544	0.01041	0.01632	0.02020	0.19323	0.06300	0.58912	0.01668	0.00808	0.00228	0.00342	0.01404	0.00658	0.00591
125	0.01693	0.01626	0.02777	0.04199	0.71689	0.01626	0.02100	0.02100	0.01558	0.02235	0.01287	0.01693	0.01084	0.00610	0.00677	0.00203	0.00813	0.00610	0.00339	0.01084
126	0.00871	0.00682	0.00779	0.00780	0.00956	0.00601	0.00569	0.01078	0.01626	0.02101	0.27037	0.14280	0.39498	0.04928	0.00933	0.00250	0.00359	0.01418	0.00663	0.00590
127	0.80789	0.01323	0.01006	0.00900	0.01323	0.01535	0.00741	0.02011	0.01164	0.03070	0.00953	0.01111	0.00741	0.00635	0.00423	0.00212	0.00529	0.00370	0.00423	0.00741
128	0.01439	0.01209	0.01404	0.01048	0.01601	0.00968	0.00829	0.05019	0.03725	0.02313	0.01491	0.07379	0.01336	0.00666	0.00551	0.00125	0.00511	0.00550	0.00447	0.67392
129	0.00900	0.00623	0.00774	0.00868	0.00891	0.00600	0.00544	0.00970	0.01180	0.01574	0.03107	0.46321	0.03688	0.32475	0.01945	0.00436	0.00506	0.01555	0.00544	0.00498
130	0.02208	0.14746	0.04507	0.02132	0.13373	0.43882	0.05562	0.02470	0.01755	0.01800	0.01102	0.01329	0.00922	0.00661	0.00610	0.00180	0.01073	0.00480	0.00338	0.00868
131	0.01469	0.01214	0.01424	0.01020	0.01625	0.00915	0.00817	0.01771	0.01435	0.04349	0.01261	0.01446	0.01034	0.00517	0.00512	0.00105	0.00509	0.00414	0.00419	0.77745
132	0.00883	0.00619	0.00776	0.00881	0.00913	0.00590	0.00563	0.00967	0.01218	0.01618	0.03354	0.51308	0.05774	0.25259	0.01689	0.00397	0.00479	0.01633	0.00566	0.00512
133	0.01552	0.14570	0.45980	0.02017	0.04756	0.05677	0.11906	0.02181	0.01491	0.02059	0.01200	0.01444	0.00900	0.00631	0.00639	0.00205	0.00995	0.00527	0.00303	0.00968
134	0.00829	0.00691	0.00707	0.00705	0.00917	0.00587	0.00519	0.00998	0.01541	0.01857	0.09752	0.06374	0.63710	0.06604	0.00985	0.00259	0.00366	0.01404	0.00627	0.00570
135	0.14891	0.01952	0.01875	0.03747	0.02075	0.09999	0.01233	0.49181	0.02692	0.03740	0.01455	0.01518	0.01057	0.00775	0.00636	0.00204	0.00777	0.00557	0.00594	0.01043
136	0.00833	0.00622	0.00767	0.00881	0.00967	0.00565	0.00599	0.00961	0.01361	0.01757	0.04500	0.55869	0.21094	0.04632	0.00949	0.00280	0.00394	0.01787	0.00627	0.00556
137	0.58209	0.01409	0.01511	0.01842	0.21411	0.01561	0.01129	0.02036	0.01277	0.02831	0.01048	0.01277	0.00839	0.00628	0.00496	0.00209	0.00610	0.00439	0.00399	0.00839
138	0.24236	0.01636	0.02809	0.02496	0.15868	0.01653	0.33513	0.02193	0.04827	0.02483	0.01311	0.01641	0.01013	0.00617	0.00667	0.00220	0.00880	0.00643	0.00384	0.00909
139	0.01707	0.01781	0.05488	0.03901	0.60229	0.04400	0.08170	0.02135	0.01573	0.02207	0.01285	0.01680	0.01064	0.00612	0.00686	0.00205	0.00867	0.00617	0.00338	0.01055
140	0.04942	0.44936	0.26943	0.01405	0.02114	0.02181	0.01589	0.02041	0.01407	0.01872	0.01308	0.01457	0.03960	0.00660	0.00527	0.00177	0.00802	0.00461	0.00312	0.00905

[dist]
# distance from previous block
# <min> <max>
0	1

[block]
# block no. 2 follows, 31 sequences, length 6
# corresponding to MSA columns:
# 288-293
name=unknown_C
#
# <colnr> <probs for GDERKNQSTAVLIFYWHMCP>
#	G	D	E	R	K	N	Q	S	T	A	V	L	I	F	Y	W	H	M	C	P
0	0.06756	0.31560	0.30579	0.01500	0.02199	0.08417	0.01668	0.02111	0.01478	0.01997	0.05094	0.01478	0.01184	0.00672	0.00559	0.00185	0.00852	0.00478	0.00331	0.00901
1	0.01439	0.01589	0.11507	0.48119	0.03809	0.01554	0.01799	0.08093	0.07248	0.02181	0.04976	0.01984	0.01309	0.00749	0.00687	0.00224	0.00850	0.00641	0.00392	0.00851
2	0.01418	0.10826	0.65525	0.01872	0.02840	0.01701	0.02392	0.02155	0.01439	0.02111	0.01200	0.01410	0.00868	0.00644	0.00629	0.00210	0.00983	0.00492	0.00289	0.00998
3	0.01419	0.01216	0.01419	0.01013	0.01621	0.00912	0.00811	0.01723	0.01419	0.02229	0.01216	0.01419	0.01013	0.00507	0.00507	0.00101	0.00507	0.00405	0.00405	0.80139
4	0.06375	0.10537	0.02124	0.01497	0.02011	0.09109	0.01242	0.46320	0.08298	0.03560	0.01565	0.01588	0.01158	0.00782	0.00637	0.00198	0.00769	0.00571	0.00595	0.01066
5	0.02087	0.02278	0.01724	0.01559	0.01931	0.33993	0.01191	0.03227	0.39514	0.02326	0.02005	0.01957	0.01543	0.00827	0.00660	0.00207	0.00854	0.00623	0.00541	0.00952

[dist]
# distance from previous block
# <min> <max>
0	2

[block]
# block no. 3 follows, 31 sequences, length 33
# corresponding to MSA columns:
# 296-328
name=unknown_D
#
# <colnr> <probs for GDERKNQSTAVLIFYWHMCP>
#	G	D	E	R	K	N	Q	S	T	A	V	L	I	F	Y	W	H	M	C	P
0	0.01675	0.01736	0.06814	0.04069	0.67704	0.01623	0.02124	0.02104	0.01551	0.02231	0.01283	0.01679	0.01071	0.00612	0.00676	0.00204	0.00824	0.00604	0.00336	0.01079
1	0.01894	0.69856	0.03438	0.01223	0.01788	0.08987	0.01184	0.02109	0.01439	0.01615	0.00961	0.01110	0.00878	0.00596	0.00455	0.00149	0.00776	0.00372	0.00298	0.00870
2	0.01419	0.01216	0.01419	0.01013	0.01621	0.00912	0.00811	0.01723	0.01419	0.02229	0.01216	0.01419	0.01013	0.00507	0.00507	0.00101	0.00507	0.00405	0.00405	0.80139
3	0.01006	0.00662	0.00742	0.00742	0.00748	0.00662	0.00417	0.01019	0.01012	0.01375	0.02159	0.04401	0.02458	0.72976	0.03363	0.00643	0.00650	0.00981	0.03561	0.00423
4	0.00995	0.00663	0.00746	0.00746	0.00746	0.00663	0.00415	0.00995	0.00995	0.01327	0.02156	0.04477	0.02487	0.75957	0.03482	0.00663	0.00663	0.00995	0.00415	0.00415
5	0.00822	0.00694	0.00712	0.00707	0.00932	0.00583	0.00531	0.01008	0.01592	0.01924	0.12417	0.06459	0.65877	0.01704	0.00808	0.00230	0.00345	0.01426	0.00645	0.00583
6	0.01188	0.00594	0.00891	0.00891	0.00891	0.00594	0.00594	0.00891	0.00891	0.01188	0.01188	0.02080	0.01188	0.02377	0.02674	0.80095	0.00594	0.00594	0.00297	0.00297
7	0.00994	0.00666	0.00760	0.00760	0.00765	0.00671	0.00432	0.01004	0.00999	0.01337	0.02143	0.04406	0.02456	0.73148	0.06249	0.00681	0.00710	0.00985	0.00413	0.00422
8	0.00977	0.00733	0.01100	0.01100	0.01222	0.00855	0.00855	0.01222	0.01100	0.01588	0.01833	0.02688	0.01710	0.05131	0.73245	0.01100	0.01833	0.00733	0.00367	0.00611
9	0.00868	0.00695	0.00776	0.00756	0.00961	0.00603	0.00567	0.01097	0.01700	0.02183	0.30990	0.06034	0.47144	0.01608	0.00808	0.00225	0.00338	0.01367	0.00679	0.00603
10	0.01829	0.76368	0.03585	0.01171	0.01756	0.02707	0.01171	0.02049	0.01390	0.01610	0.00951	0.01097	0.00878	0.00585	0.00439	0.00146	0.00732	0.00366	0.00293	0.00878
11	0.01445	0.03522	0.68088	0.01938	0.02909	0.05983	0.02454	0.02201	0.01475	0.02136	0.01217	0.01431	0.00868	0.00653	0.00648	0.00214	0.01025	0.00502	0.00293	0.00998
12	0.01372	0.03539	0.72412	0.01950	0.02961	0.01589	0.02528	0.02167	0.01444	0.02167	0.01228	0.01444	0.00867	0.00650	0.00650	0.00217	0.01011	0.00506	0.00289	0.01011
13	0.00811	0.00683	0.00704	0.00721	0.00931	0.00575	0.00532	0.00979	0.01533	0.01837	0.06595	0.13904	0.64308	0.01776	0.00815	0.00236	0.00352	0.01497	0.00635	0.00575
14	0.03070	0.01164	0.01588	0.01217	0.01746	0.01006	0.01006	0.03334	0.01958	0.72163	0.02699	0.02329	0.01694	0.00847	0.00688	0.00212	0.00582	0.00688	0.00847	0.01164
15	0.00968	0.00699	0.00914	0.00861	0.01022	0.00646	0.00646	0.01291	0.01937	0.02743	0.71328	0.05110	0.06455	0.01399	0.00807	0.00215	0.00323	0.01237	0.00753	0.00646
16	0.06818	0.01172	0.01560	0.01202	0.01726	0.01031	0.00993	0.03270	0.01920	0.68831	0.02615	0.02270	0.01648	0.00837	0.00675	0.00212	0.00580	0.00673	0.00826	0.01144
17	0.01292	0.01216	0.02052	0.74312	0.04712	0.01520	0.01900	0.01748	0.01368	0.01748	0.01216	0.01824	0.00912	0.00684	0.00684	0.00228	0.00912	0.00608	0.00304	0.00760
18	0.80789	0.01323	0.01006	0.00900	0.01323	0.01535	0.00741	0.02011	0.01164	0.03070	0.00953	0.01111	0.00741	0.00635	0.00423	0.00212	0.00529	0.00370	0.00423	0.00741
19	0.04535	0.01293	0.02139	0.58948	0.16455	0.01539	0.01889	0.01821	0.01394	0.01887	0.01218	0.01772	0.00936	0.00669	0.00672	0.00223	0.00879	0.00599	0.00315	0.00817
20	0.02563	0.01881	0.02149	0.01635	0.02190	0.02053	0.05225	0.62789	0.03072	0.06984	0.01671	0.01683	0.01178	0.00808	0.00692	0.00207	0.00769	0.00630	0.00671	0.01150
21	0.80789	0.01323	0.01006	0.00900	0.01323	0.01535	0.00741	0.02011	0.01164	0.03070	0.00953	0.01111	0.00741	0.00635	0.00423	0.00212	0.00529	0.00370	0.00423	0.00741
22	0.80789	0.01323	0.01006	0.00900	0.01323	0.01535	0.00741	0.02011	0.01164	0.03070	0.00953	0.01111	0.00741	0.00635	0.00423	0.00212	0.00529	0.00370	0.00423	0.00741
23	0.01702	0.01470	0.01547	0.01392	0.01779	0.01702	0.01083	0.03635	0.70453	0.02862	0.02785	0.02553	0.02088	0.00928	0.00696	0.00232	0.00541	0.00773	0.00696	0.01083
24	0.03070	0.01164	0.01588	0.01217	0.01746	0.01006	0.01006	0.03334	0.01958	0.72163	0.02699	0.02329	0.01694	0.00847	0.00688	0.00212	0.00582	0.00688	0.00847	0.01164
25	0.00994	0.00666	0.00760	0.00760	0.00765	0.00671	0.00432	0.01004	0.00999	0.01337	0.02143	0.04405	0.02456	0.73121	0.06275	0.00681	0.00710	0.00984	0.00413	0.00422
26	0.01188	0.00594	0.00891	0.00891	0.00891	0.00594	0.00594	0.00891	0.00891	0.01188	0.01188	0.02080	0.01188	0.02377	0.02674	0.80095	0.00594	0.00594	0.00297	0.00297
27	0.01192	0.00654	0.00712	0.00698	0.00858	0.00640	0.00523	0.01512	0.01570	0.02603	0.20887	0.03242	0.03023	0.00959	0.00567	0.00174	0.00320	0.00800	0.58425	0.00640
28	0.01312	0.01255	0.02174	0.69930	0.04642	0.01533	0.06029	0.01775	0.01383	0.01775	0.01226	0.01825	0.00920	0.00677	0.00692	0.00228	0.00927	0.00620	0.00307	0.00770
29	0.01275	0.00638	0.00638	0.00638	0.00797	0.00638	0.00478	0.01594	0.01435	0.02551	0.02232	0.02551	0.01754	0.00797	0.00478	0.00159	0.00319	0.00638	0.79755	0.00638
30	0.01445	0.01331	0.02101	0.55892	0.04055	0.01641	0.03960	0.07302	0.04250	0.02004	0.01286	0.01806	0.00982	0.00753	0.00846	0.00234	0.08331	0.00621	0.00351	0.00810
31	0.01326	0.01282	0.02261	0.66786	0.04592	0.01542	0.08991	0.01795	0.01394	0.01795	0.01234	0.01826	0.00925	0.00673	0.00697	0.00228	0.00937	0.00629	0.00308	0.00777
32	0.00934	0.00698	0.00867	0.00824	0.01001	0.00631	0.00618	0.01224	0.01855	0.02550	0.57392	0.05429	0.20512	0.01471	0.00807	0.00219	0.00328	0.01282	0.00728	0.00631

[dist]
# distance from previous block
# <min> <max>
0	6

# created by:
# /st0/software/busco_prod/Augustus/scripts/msa2prfl.pl ./align_prep/133994.fa
