[name]
unknown

[dist]
# distance from previous block
# <min> <max>
0	41

[block]
# block no. 0 follows, 29 sequences, length 7
# corresponding to MSA columns:
# 43-49
name=unknown_A
#
# <colnr> <probs for GDERKNQSTAVLIFYWHMCP>
#	G	D	E	R	K	N	Q	S	T	A	V	L	I	F	Y	W	H	M	C	P
0	0.01147	0.00820	0.01147	0.01311	0.01475	0.00820	0.01147	0.01475	0.01639	0.02131	0.03770	0.08032	0.04098	0.01967	0.00984	0.00328	0.00656	0.65741	0.00656	0.00656
1	0.01630	0.12299	0.48393	0.01822	0.02696	0.01858	0.02159	0.07445	0.10522	0.02447	0.01487	0.01625	0.01094	0.00720	0.00658	0.00217	0.00931	0.00553	0.00388	0.01057
2	0.02707	0.01995	0.02137	0.01638	0.02208	0.02208	0.01353	0.68159	0.03348	0.04488	0.01710	0.01710	0.01211	0.00855	0.00712	0.00214	0.00784	0.00641	0.00712	0.01211
3	0.01069	0.00791	0.01011	0.01078	0.01164	0.00808	0.00757	0.06461	0.01526	0.02059	0.06821	0.57948	0.04222	0.05345	0.01093	0.00299	0.04515	0.01753	0.00641	0.00638
4	0.02350	0.01805	0.02004	0.01538	0.02070	0.01945	0.01266	0.48536	0.02761	0.03793	0.01549	0.01648	0.01154	0.00822	0.00818	0.00200	0.07178	0.00594	0.00617	0.17352
5	0.01171	0.00912	0.01079	0.04843	0.01409	0.00915	0.00821	0.07285	0.06843	0.02273	0.10903	0.18770	0.24312	0.07557	0.01065	0.00291	0.00508	0.07698	0.00645	0.00699
6	0.11133	0.00903	0.00979	0.00933	0.01169	0.00910	0.00707	0.06639	0.01632	0.02327	0.12262	0.11276	0.28445	0.05976	0.11197	0.00392	0.00661	0.01183	0.00600	0.00674

[dist]
# distance from previous block
# <min> <max>
47	94

[block]
# block no. 1 follows, 29 sequences, length 8
# corresponding to MSA columns:
# 158-165
name=unknown_B
#
# <colnr> <probs for GDERKNQSTAVLIFYWHMCP>
#	G	D	E	R	K	N	Q	S	T	A	V	L	I	F	Y	W	H	M	C	P
0	0.04516	0.01482	0.01813	0.01384	0.01939	0.01418	0.07025	0.15605	0.12721	0.02912	0.01688	0.01814	0.01305	0.00694	0.00620	0.00169	0.00635	0.00579	0.05335	0.36347
1	0.01293	0.00923	0.01085	0.01070	0.01210	0.00945	0.00745	0.14924	0.01689	0.02257	0.03028	0.41220	0.03432	0.20901	0.01576	0.00378	0.00562	0.01480	0.00612	0.00671
2	0.01763	0.01526	0.01622	0.01238	0.01815	0.05153	0.00987	0.11855	0.11181	0.02698	0.01548	0.01664	0.01225	0.00648	0.00588	0.00144	0.00611	0.00509	0.00503	0.52722
3	0.05181	0.01333	0.01421	0.01185	0.01552	0.01443	0.00947	0.29614	0.08032	0.03503	0.12736	0.02616	0.02324	0.00943	0.00658	0.00204	0.00550	0.00753	0.24069	0.00937
4	0.01041	0.00745	0.00897	0.00956	0.01042	0.00726	0.00639	0.05792	0.01442	0.01902	0.03620	0.44766	0.09814	0.21309	0.01606	0.00385	0.00508	0.01617	0.00604	0.00587
5	0.03195	0.01212	0.01652	0.01267	0.01818	0.01047	0.01047	0.03470	0.02038	0.71026	0.02809	0.02424	0.01763	0.00881	0.00716	0.00220	0.00606	0.00716	0.00881	0.01212
6	0.02389	0.11434	0.02124	0.01443	0.01958	0.01967	0.01207	0.44507	0.02758	0.09399	0.06359	0.04823	0.04560	0.00953	0.00700	0.00211	0.00706	0.00741	0.00673	0.01089
7	0.01652	0.07968	0.42444	0.01704	0.02494	0.01624	0.01967	0.08070	0.05914	0.06896	0.10583	0.02128	0.01830	0.00821	0.00691	0.00220	0.00855	0.00656	0.00464	0.01021

[dist]
# distance from previous block
# <min> <max>
1	9

[block]
# block no. 2 follows, 29 sequences, length 42
# corresponding to MSA columns:
# 175-216
name=unknown_C
#
# <colnr> <probs for GDERKNQSTAVLIFYWHMCP>
#	G	D	E	R	K	N	Q	S	T	A	V	L	I	F	Y	W	H	M	C	P
0	0.01839	0.09750	0.06456	0.01247	0.01708	0.01431	0.01089	0.15655	0.06555	0.11626	0.22421	0.03118	0.06633	0.01032	0.00714	0.00207	0.00589	0.00848	0.00659	0.06423
1	0.02442	0.04550	0.01981	0.01476	0.02032	0.03996	0.01211	0.39414	0.09489	0.11305	0.01839	0.01815	0.01326	0.00805	0.00673	0.00197	0.00715	0.00616	0.00661	0.13456
2	0.32369	0.19623	0.01930	0.01193	0.01654	0.10619	0.01001	0.04779	0.07168	0.04982	0.01333	0.01560	0.01100	0.04695	0.00688	0.00222	0.00712	0.00486	0.00447	0.03441
3	0.01689	0.01617	0.02758	0.16467	0.59010	0.01673	0.02149	0.02121	0.01587	0.02237	0.01326	0.01786	0.01097	0.00648	0.00706	0.00216	0.00864	0.00634	0.00346	0.01069
4	0.00855	0.00715	0.00744	0.00751	0.00973	0.00604	0.00558	0.01042	0.01633	0.01980	0.11285	0.11197	0.61608	0.01808	0.00846	0.00243	0.00362	0.01522	0.00670	0.00604
5	0.02460	0.22768	0.02495	0.01647	0.02101	0.46043	0.01331	0.09460	0.02002	0.02011	0.01134	0.01290	0.00947	0.00713	0.00599	0.00178	0.01090	0.00457	0.00386	0.00890
6	0.00871	0.00635	0.00821	0.00961	0.01027	0.00585	0.00650	0.01010	0.01418	0.01874	0.07191	0.64754	0.11272	0.02154	0.00899	0.00281	0.00405	0.01940	0.00666	0.00585
7	0.01428	0.03683	0.71286	0.02030	0.03082	0.01654	0.02631	0.02255	0.01503	0.02255	0.01278	0.01503	0.00902	0.00677	0.00677	0.00226	0.01052	0.00526	0.00301	0.01052
8	0.02871	0.01731	0.01974	0.01513	0.02077	0.01816	0.01250	0.46345	0.02906	0.26926	0.02080	0.01950	0.01397	0.00864	0.00714	0.00216	0.00724	0.00666	0.00769	0.01211
9	0.00880	0.00723	0.00774	0.00761	0.00985	0.00617	0.00571	0.01096	0.01713	0.02138	0.21664	0.06501	0.55660	0.01724	0.00841	0.00237	0.00355	0.01453	0.00689	0.00617
10	0.00886	0.00634	0.00843	0.00979	0.01037	0.00591	0.00662	0.01038	0.01449	0.01954	0.12616	0.65431	0.04973	0.02129	0.00900	0.00281	0.00403	0.01928	0.00677	0.00591
11	0.03971	0.00745	0.00932	0.00892	0.01067	0.00696	0.00666	0.01328	0.01916	0.02739	0.59053	0.09881	0.10468	0.01500	0.00829	0.00229	0.00351	0.01317	0.00755	0.00665
12	0.02603	0.01882	0.02033	0.01589	0.02134	0.02077	0.01303	0.55136	0.12640	0.08253	0.01944	0.01887	0.01381	0.00872	0.00714	0.00218	0.00742	0.00669	0.00724	0.01199
13	0.00864	0.00722	0.00753	0.00745	0.00976	0.00611	0.00559	0.01066	0.01677	0.02051	0.15802	0.06644	0.61577	0.01756	0.00841	0.00238	0.00357	0.01473	0.00678	0.00611
14	0.01904	0.75404	0.03731	0.01218	0.01828	0.02818	0.01218	0.02132	0.01447	0.01675	0.00990	0.01142	0.00914	0.00609	0.00457	0.00152	0.00761	0.00381	0.00305	0.00914
15	0.08338	0.40739	0.18327	0.01484	0.02136	0.14529	0.01525	0.02280	0.01540	0.01941	0.01074	0.01249	0.00900	0.00650	0.00537	0.00180	0.00900	0.00427	0.00326	0.00918
16	0.01036	0.00690	0.00777	0.00777	0.00777	0.00690	0.00431	0.01036	0.01036	0.01381	0.02244	0.04660	0.02589	0.74975	0.03624	0.00690	0.00690	0.01036	0.00431	0.00431
17	0.01099	0.00796	0.00825	0.00818	0.00832	0.03469	0.00468	0.01106	0.01074	0.01395	0.02199	0.04528	0.02524	0.72087	0.03508	0.00671	0.00713	0.01013	0.00429	0.00447
18	0.02524	0.03109	0.01956	0.01776	0.02148	0.61366	0.01338	0.02987	0.12292	0.01932	0.01375	0.01494	0.01109	0.00769	0.00655	0.00192	0.01174	0.00512	0.00422	0.00872
19	0.01525	0.01450	0.02462	0.43467	0.33289	0.01630	0.02067	0.01978	0.01509	0.02039	0.01298	0.01840	0.01027	0.00678	0.00709	0.00226	0.00905	0.00634	0.00332	0.00937
20	0.01520	0.01567	0.01412	0.01355	0.01556	0.22672	0.01039	0.01752	0.01412	0.01680	0.01661	0.02335	0.01516	0.03932	0.50284	0.00851	0.01717	0.00670	0.00377	0.00694
21	0.01477	0.01266	0.01477	0.01055	0.01687	0.00949	0.00844	0.01793	0.01477	0.02320	0.01266	0.01477	0.01055	0.00527	0.00527	0.00105	0.00527	0.00422	0.00422	0.79328
22	0.01035	0.00694	0.00796	0.00796	0.00803	0.00701	0.00456	0.01048	0.01041	0.01395	0.02226	0.04560	0.02545	0.71231	0.07309	0.00715	0.00756	0.01021	0.00429	0.00442
23	0.01036	0.00690	0.00777	0.00777	0.00777	0.00690	0.00431	0.01036	0.01036	0.01381	0.02244	0.04660	0.02589	0.74975	0.03624	0.00690	0.00690	0.01036	0.00431	0.00431
24	0.01008	0.00728	0.00952	0.00896	0.01064	0.00672	0.00672	0.01344	0.02016	0.02855	0.70158	0.05319	0.06719	0.01456	0.00840	0.00224	0.00336	0.01288	0.00784	0.00672
25	0.06470	0.01186	0.01570	0.01221	0.01733	0.01049	0.00996	0.03256	0.01938	0.63626	0.02693	0.02508	0.01771	0.05539	0.00887	0.00250	0.00609	0.00722	0.00833	0.01143
26	0.74755	0.01387	0.01084	0.00971	0.01409	0.01609	0.00795	0.02207	0.05778	0.03180	0.01119	0.01257	0.00865	0.00681	0.00460	0.00222	0.00552	0.00414	0.00460	0.00795
27	0.01220	0.00685	0.00760	0.00742	0.00908	0.00666	0.00556	0.01553	0.01669	0.02722	0.25084	0.03549	0.03467	0.01040	0.00613	0.00185	0.00333	0.00873	0.52708	0.00666
28	0.01842	0.01435	0.01553	0.01377	0.01763	0.01616	0.01067	0.05461	0.54919	0.08503	0.05317	0.02834	0.02306	0.05636	0.00910	0.00267	0.00573	0.00825	0.00721	0.01076
29	0.01036	0.00690	0.00777	0.00777	0.00777	0.00690	0.00431	0.01036	0.01036	0.01381	0.02244	0.04660	0.02589	0.74975	0.03624	0.00690	0.00690	0.01036	0.00431	0.00431
30	0.00919	0.00756	0.00814	0.00803	0.01033	0.00666	0.00610	0.01202	0.04227	0.02145	0.18720	0.06452	0.53351	0.01713	0.00842	0.00241	0.00375	0.03809	0.00686	0.00636
31	0.01192	0.00648	0.00972	0.00972	0.00998	0.00674	0.00674	0.00998	0.00972	0.01322	0.01374	0.02294	0.01348	0.03061	0.16987	0.63283	0.00882	0.00648	0.00324	0.00376
32	0.00868	0.00620	0.00826	0.00991	0.01033	0.00578	0.00661	0.00991	0.01363	0.01818	0.03925	0.74510	0.04710	0.02231	0.00909	0.00289	0.00413	0.02024	0.00661	0.00578
33	0.01000	0.00726	0.00933	0.00882	0.01048	0.00669	0.00656	0.01315	0.01958	0.02750	0.64246	0.05377	0.09981	0.04211	0.00944	0.00242	0.00350	0.01290	0.00764	0.00659
34	0.06714	0.00839	0.01045	0.00947	0.01190	0.00783	0.00727	0.01679	0.01919	0.12863	0.49721	0.07172	0.08924	0.01363	0.00797	0.00226	0.00395	0.01180	0.00764	0.00751
35	0.00901	0.00723	0.00832	0.00830	0.01030	0.00655	0.00623	0.01119	0.01618	0.02063	0.18651	0.09613	0.44503	0.02261	0.10985	0.00368	0.00579	0.01383	0.00646	0.00619
36	0.01477	0.01266	0.01477	0.01055	0.01687	0.00949	0.00844	0.01793	0.01477	0.02320	0.01266	0.01477	0.01055	0.00527	0.00527	0.00105	0.00527	0.00422	0.00422	0.79328
37	0.01284	0.00773	0.01000	0.01025	0.01187	0.00716	0.00735	0.03758	0.01627	0.12028	0.12084	0.48733	0.08539	0.01865	0.00861	0.00265	0.00441	0.01663	0.00710	0.00705
38	0.02036	0.01240	0.01461	0.01256	0.01652	0.01281	0.00990	0.03100	0.32161	0.24430	0.16769	0.03257	0.05069	0.01065	0.00749	0.00231	0.00524	0.00897	0.00784	0.01045
39	0.01514	0.04738	0.32962	0.02185	0.09104	0.01582	0.14959	0.06204	0.01685	0.02340	0.02239	0.02588	0.10583	0.00869	0.00741	0.00230	0.00927	0.03175	0.00406	0.00971
40	0.01346	0.04703	0.43503	0.04534	0.02580	0.01451	0.06035	0.01929	0.01393	0.02013	0.01508	0.02209	0.01294	0.14064	0.08097	0.00394	0.01069	0.00657	0.00336	0.00884
41	0.01018	0.00758	0.01121	0.01121	0.01240	0.00877	0.00861	0.01257	0.01138	0.01636	0.01928	0.02915	0.01831	0.09727	0.67836	0.01116	0.01831	0.00780	0.00385	0.00623

[dist]
# distance from previous block
# <min> <max>
0	1

[block]
# block no. 3 follows, 29 sequences, length 56
# corresponding to MSA columns:
# 218-273
name=unknown_D
#
# <colnr> <probs for GDERKNQSTAVLIFYWHMCP>
#	G	D	E	R	K	N	Q	S	T	A	V	L	I	F	Y	W	H	M	C	P
0	0.00974	0.00696	0.00870	0.00971	0.01038	0.00669	0.00647	0.03906	0.01406	0.01865	0.03696	0.56618	0.07162	0.14325	0.01352	0.00351	0.00473	0.01775	0.00625	0.00582
1	0.01653	0.01584	0.02757	0.35463	0.10991	0.01732	0.19984	0.09508	0.04856	0.02351	0.01446	0.01904	0.01090	0.00701	0.00747	0.00233	0.00971	0.00699	0.00395	0.00935
2	0.01762	0.01692	0.02890	0.04371	0.70533	0.01692	0.02185	0.02185	0.01621	0.02326	0.01339	0.01762	0.01128	0.00634	0.00705	0.00211	0.00846	0.00634	0.00352	0.01128
3	0.01093	0.00729	0.00980	0.00980	0.01099	0.00809	0.00734	0.01331	0.01212	0.01852	0.02052	0.03021	0.01902	0.13887	0.45761	0.00850	0.01367	0.00777	0.18949	0.00614
4	0.01801	0.01704	0.02860	0.04260	0.67758	0.01713	0.02152	0.04865	0.01691	0.02414	0.01354	0.01760	0.01131	0.00643	0.00705	0.00212	0.00843	0.00635	0.00367	0.01131
5	0.01124	0.03169	0.01010	0.00867	0.00995	0.00812	0.00565	0.01211	0.01156	0.01601	0.04448	0.03950	0.02391	0.53172	0.09034	0.00613	0.00764	0.00912	0.00434	0.11771
6	0.00881	0.00723	0.00776	0.00762	0.00986	0.00618	0.00572	0.01098	0.01715	0.02143	0.22024	0.06492	0.55297	0.01722	0.00841	0.00237	0.00355	0.01452	0.00690	0.00618
7	0.02560	0.01901	0.02046	0.01584	0.02134	0.02082	0.01300	0.60828	0.05304	0.04252	0.01800	0.04129	0.01350	0.00889	0.00711	0.00212	0.00753	0.00682	0.00698	0.04787
8	0.03028	0.01175	0.01599	0.01239	0.01760	0.01018	0.01018	0.03308	0.02036	0.65830	0.07943	0.02644	0.02140	0.00925	0.00726	0.00221	0.00585	0.00760	0.00874	0.01171
9	0.00912	0.00724	0.00815	0.00837	0.01032	0.00638	0.00633	0.01120	0.01640	0.02058	0.16037	0.11817	0.45199	0.04966	0.00983	0.00271	0.00408	0.08633	0.00670	0.00609
10	0.02123	0.46900	0.05277	0.01451	0.01988	0.24779	0.01310	0.02436	0.04637	0.01773	0.01119	0.01266	0.00970	0.00667	0.00535	0.00169	0.00928	0.00429	0.00343	0.00900
11	0.03195	0.01212	0.01652	0.01267	0.01818	0.01047	0.01047	0.03470	0.02038	0.71026	0.02809	0.02424	0.01763	0.00881	0.00716	0.00220	0.00606	0.00716	0.00881	0.01212
12	0.01035	0.00694	0.00793	0.00793	0.00799	0.00699	0.00452	0.01046	0.01040	0.01393	0.02228	0.04575	0.02552	0.71801	0.06748	0.00711	0.00746	0.01023	0.00429	0.00441
13	0.09996	0.01402	0.02109	0.50610	0.08255	0.04068	0.04410	0.02047	0.01490	0.07063	0.01355	0.01828	0.01005	0.00710	0.00685	0.00231	0.00897	0.00615	0.00377	0.00849
14	0.01730	0.01659	0.02831	0.09757	0.65403	0.01683	0.02169	0.02157	0.01606	0.02287	0.01334	0.01773	0.01114	0.00641	0.00705	0.00214	0.00854	0.00634	0.00350	0.01102
15	0.00866	0.00624	0.00822	0.00979	0.01030	0.00579	0.00656	0.00993	0.01375	0.01823	0.04073	0.71456	0.07668	0.02212	0.00906	0.00287	0.00411	0.02001	0.00661	0.00579
16	0.01463	0.01401	0.02417	0.53004	0.21098	0.01619	0.05036	0.01931	0.01484	0.01966	0.01292	0.01866	0.00999	0.00688	0.00716	0.00231	0.00935	0.00643	0.00327	0.00882
17	0.01951	0.54904	0.10128	0.01384	0.01999	0.09003	0.01380	0.06167	0.01626	0.01923	0.01157	0.01436	0.01028	0.00684	0.00527	0.00172	0.00837	0.02419	0.00345	0.00929
18	0.01839	0.56475	0.12260	0.01449	0.02099	0.05708	0.05411	0.02168	0.01510	0.01821	0.02941	0.01356	0.01080	0.00646	0.00527	0.00170	0.00837	0.00455	0.00323	0.00924
19	0.01670	0.01373	0.01658	0.01342	0.05631	0.01174	0.01008	0.08365	0.01668	0.04609	0.01345	0.01548	0.01090	0.00609	0.00644	0.00135	0.03907	0.00474	0.00455	0.61294
20	0.02399	0.19600	0.02352	0.01531	0.02014	0.24753	0.01262	0.21431	0.06807	0.05635	0.01499	0.01576	0.01163	0.00766	0.00621	0.00190	0.00897	0.00536	0.03981	0.00987
21	0.02473	0.01464	0.01716	0.01358	0.01832	0.01501	0.01105	0.31054	0.05330	0.25348	0.16269	0.02723	0.02566	0.00992	0.00740	0.00219	0.00625	0.00805	0.00782	0.01096
22	0.01648	0.01846	0.03972	0.02964	0.06570	0.01737	0.61438	0.02221	0.01668	0.02267	0.01564	0.04012	0.01260	0.00682	0.00840	0.00242	0.01149	0.02593	0.00376	0.00950
23	0.00868	0.00620	0.00826	0.00991	0.01033	0.00578	0.00661	0.00991	0.01363	0.01818	0.03925	0.74510	0.04710	0.02231	0.00909	0.00289	0.00413	0.02024	0.00661	0.00578
24	0.00868	0.00620	0.00826	0.00991	0.01033	0.00578	0.00661	0.00991	0.01363	0.01818	0.03925	0.74510	0.04710	0.02231	0.00909	0.00289	0.00413	0.02024	0.00661	0.00578
25	0.01904	0.75404	0.03731	0.01218	0.01828	0.02818	0.01218	0.02132	0.01447	0.01675	0.00990	0.01142	0.00914	0.00609	0.00457	0.00152	0.00761	0.00381	0.00305	0.00914
26	0.00867	0.00722	0.00757	0.00748	0.00977	0.00612	0.00561	0.01071	0.01683	0.02066	0.16848	0.06618	0.60521	0.01750	0.00841	0.00238	0.00357	0.01470	0.00680	0.00612
27	0.01345	0.01266	0.02136	0.73264	0.04904	0.01582	0.01978	0.01819	0.01424	0.01819	0.01266	0.01898	0.00949	0.00712	0.00712	0.00237	0.00949	0.00633	0.00316	0.00791
28	0.04269	0.63726	0.09744	0.01308	0.01943	0.05446	0.01340	0.02171	0.01468	0.01777	0.01021	0.01181	0.00909	0.00622	0.00484	0.00162	0.00803	0.00397	0.00311	0.00919
29	0.07421	0.09077	0.22901	0.10045	0.12928	0.14320	0.04570	0.04598	0.01665	0.02239	0.03102	0.01618	0.01112	0.00702	0.00654	0.00210	0.00966	0.00557	0.00363	0.00953
30	0.01762	0.01692	0.02890	0.04371	0.70533	0.01692	0.02185	0.02185	0.01621	0.02326	0.01339	0.01762	0.01128	0.00634	0.00705	0.00211	0.00846	0.00634	0.00352	0.01128
31	0.02370	0.01866	0.01931	0.01558	0.02061	0.04530	0.01260	0.44911	0.22198	0.03864	0.02225	0.02150	0.03932	0.00916	0.00718	0.00222	0.00723	0.00712	0.00702	0.01151
32	0.00940	0.00692	0.00950	0.01139	0.04137	0.00652	0.00750	0.01118	0.01486	0.02012	0.13975	0.58000	0.04835	0.02030	0.00892	0.00277	0.00430	0.04398	0.00666	0.00620
33	0.05829	0.01255	0.01832	0.12605	0.13974	0.01220	0.01328	0.02700	0.01835	0.38096	0.09840	0.02501	0.02046	0.00868	0.00715	0.00222	0.00666	0.00739	0.00675	0.01053
34	0.01734	0.01121	0.01385	0.01218	0.01503	0.01194	0.00945	0.15670	0.06658	0.12533	0.07476	0.06667	0.02313	0.10919	0.24709	0.00584	0.01049	0.00871	0.00599	0.00851
35	0.00892	0.00637	0.00855	0.01020	0.01072	0.00600	0.00704	0.01034	0.01388	0.01845	0.03911	0.68620	0.04655	0.02207	0.00915	0.00293	0.00435	0.07670	0.00661	0.00585
36	0.30345	0.01367	0.01596	0.07090	0.09226	0.01388	0.01123	0.05083	0.01614	0.20531	0.01594	0.01680	0.01142	0.00707	0.00586	0.00203	0.00634	0.00533	0.00544	0.13014
37	0.02707	0.01995	0.02137	0.01638	0.02208	0.02208	0.01353	0.68159	0.03348	0.04488	0.01710	0.01710	0.01211	0.00855	0.00712	0.00214	0.00784	0.00641	0.00712	0.01211
38	0.01477	0.01266	0.01477	0.01055	0.01687	0.00949	0.00844	0.01793	0.01477	0.02320	0.01266	0.01477	0.01055	0.00527	0.00527	0.00105	0.00527	0.00422	0.00422	0.79328
39	0.02521	0.06249	0.02035	0.01728	0.02121	0.56888	0.01323	0.08766	0.04829	0.02049	0.01474	0.01599	0.03818	0.00792	0.00652	0.00190	0.01148	0.00529	0.00422	0.00868
40	0.00868	0.00620	0.00826	0.00991	0.01033	0.00578	0.00661	0.00991	0.01363	0.01818	0.03925	0.74510	0.04710	0.02231	0.00909	0.00289	0.00413	0.02024	0.00661	0.00578
41	0.01703	0.01618	0.02552	0.21865	0.44898	0.04172	0.02018	0.05123	0.01665	0.02265	0.01436	0.02054	0.01209	0.00727	0.00717	0.00222	0.00877	0.03493	0.00374	0.01013
42	0.01068	0.00790	0.00926	0.00949	0.01098	0.00765	0.00711	0.03841	0.01482	0.01890	0.04224	0.06054	0.24914	0.26071	0.04928	0.00450	0.00631	0.18051	0.00574	0.00585
43	0.00907	0.00652	0.00828	0.00928	0.00997	0.00608	0.00622	0.01047	0.01426	0.01904	0.12752	0.50527	0.09811	0.11990	0.01264	0.00331	0.00436	0.01751	0.00646	0.00573
44	0.13514	0.04851	0.07464	0.01987	0.10438	0.37529	0.01478	0.10448	0.01957	0.02390	0.01198	0.01388	0.00956	0.00718	0.00627	0.00198	0.01032	0.00494	0.00410	0.00921
45	0.01762	0.01692	0.02890	0.04371	0.70533	0.01692	0.02185	0.02185	0.01621	0.02326	0.01339	0.01762	0.01128	0.00634	0.00705	0.00211	0.00846	0.00634	0.00352	0.01128
46	0.04436	0.16314	0.10272	0.01676	0.04611	0.10319	0.01467	0.31306	0.02400	0.08383	0.01504	0.01570	0.01112	0.00762	0.00644	0.00200	0.00851	0.00556	0.00540	0.01076
47	0.01644	0.01092	0.01312	0.01129	0.01438	0.01103	0.00884	0.13212	0.09949	0.11275	0.42808	0.04056	0.04673	0.01229	0.00790	0.00224	0.00470	0.01055	0.00777	0.00880
48	0.01010	0.00725	0.00927	0.00890	0.01060	0.00669	0.00671	0.01329	0.01937	0.02731	0.59101	0.07298	0.10754	0.01492	0.00833	0.00228	0.00350	0.03382	0.03950	0.00664
49	0.01628	0.01805	0.03769	0.06043	0.05549	0.01777	0.54674	0.02161	0.01604	0.02195	0.01474	0.04483	0.01193	0.00722	0.00965	0.00247	0.07571	0.00848	0.00364	0.00928
50	0.01001	0.00723	0.00946	0.00900	0.01062	0.00668	0.00671	0.01328	0.01986	0.02808	0.67105	0.08508	0.06626	0.01491	0.00843	0.00227	0.00339	0.01322	0.00778	0.00668
51	0.01437	0.02475	0.35857	0.04848	0.02675	0.01389	0.08397	0.02039	0.01537	0.02281	0.04472	0.01916	0.01322	0.00699	0.00667	0.00195	0.00864	0.02466	0.00375	0.24091
52	0.01033	0.00701	0.00830	0.00830	0.00849	0.00720	0.00498	0.01070	0.01051	0.01420	0.02194	0.04388	0.02471	0.64802	0.13636	0.00757	0.00868	0.00996	0.00424	0.00461
53	0.02047	0.08179	0.02082	0.17364	0.02621	0.07535	0.01387	0.27379	0.12458	0.03035	0.04641	0.02164	0.04280	0.00871	0.00697	0.00217	0.00790	0.00688	0.00564	0.01002
54	0.01652	0.11103	0.47327	0.02051	0.02961	0.01763	0.13525	0.02334	0.01566	0.07184	0.01385	0.01602	0.00996	0.00671	0.00683	0.00220	0.01013	0.00578	0.00353	0.01033
55	0.37054	0.06656	0.18896	0.01532	0.04809	0.11113	0.01437	0.06831	0.01570	0.02733	0.01141	0.01322	0.00877	0.00684	0.00557	0.00212	0.00813	0.00458	0.00403	0.00902

[dist]
# distance from previous block
# <min> <max>
0	2

[block]
# block no. 4 follows, 29 sequences, length 77
# corresponding to MSA columns:
# 276-352
name=unknown_E
#
# <colnr> <probs for GDERKNQSTAVLIFYWHMCP>
#	G	D	E	R	K	N	Q	S	T	A	V	L	I	F	Y	W	H	M	C	P
0	0.02018	0.60224	0.03376	0.03766	0.01998	0.14968	0.01272	0.02247	0.01547	0.01692	0.01019	0.01193	0.00916	0.00635	0.00498	0.00161	0.00860	0.00403	0.00316	0.00894
1	0.01450	0.06962	0.68198	0.01992	0.03025	0.01707	0.02566	0.02249	0.01501	0.02229	0.01265	0.01487	0.00903	0.00673	0.00666	0.00222	0.01039	0.00520	0.00301	0.01046
2	0.01887	0.54074	0.11612	0.01362	0.01991	0.07845	0.01377	0.04296	0.01579	0.01901	0.03392	0.01366	0.01122	0.00661	0.00521	0.00167	0.00816	0.00445	0.00342	0.03243
3	0.56091	0.01659	0.10625	0.01141	0.01683	0.01510	0.01070	0.02354	0.01394	0.14827	0.01345	0.01423	0.00961	0.00701	0.00520	0.00221	0.00628	0.00462	0.00498	0.00885
4	0.01036	0.00690	0.00777	0.00777	0.00777	0.00690	0.00431	0.01036	0.01036	0.01381	0.02244	0.04660	0.02589	0.74975	0.03624	0.00690	0.00690	0.01036	0.00431	0.00431
5	0.01141	0.00735	0.00974	0.00969	0.01127	0.00676	0.00713	0.01405	0.01798	0.07927	0.41659	0.27201	0.05604	0.01673	0.00856	0.00248	0.00392	0.03470	0.00749	0.00685
6	0.01805	0.01776	0.02742	0.04023	0.61866	0.06389	0.02069	0.02257	0.03689	0.02301	0.01441	0.01940	0.01232	0.00690	0.00709	0.00214	0.00861	0.02528	0.00374	0.01094
7	0.01818	0.01815	0.05034	0.16198	0.34959	0.10274	0.01857	0.05949	0.01747	0.04603	0.03615	0.04264	0.01447	0.00794	0.00716	0.00220	0.00881	0.02407	0.00415	0.00989
8	0.01008	0.00728	0.00952	0.00896	0.01064	0.00672	0.00672	0.01344	0.02016	0.02855	0.70158	0.05319	0.06719	0.01456	0.00840	0.00224	0.00336	0.01288	0.00784	0.00672
9	0.01161	0.00927	0.01351	0.01786	0.17588	0.00909	0.01013	0.03337	0.01439	0.01958	0.03001	0.44982	0.03447	0.12194	0.01242	0.00326	0.00567	0.01510	0.00556	0.00708
10	0.19102	0.08082	0.29194	0.01922	0.05221	0.01762	0.13055	0.04908	0.03632	0.04865	0.01341	0.01554	0.00993	0.00676	0.00640	0.00221	0.00895	0.00561	0.00393	0.00980
11	0.04406	0.01960	0.02164	0.14240	0.20255	0.16040	0.01596	0.19726	0.02105	0.02747	0.01441	0.01723	0.01119	0.00742	0.00672	0.00207	0.00888	0.00595	0.06386	0.00987
12	0.01029	0.00691	0.00775	0.00775	0.00783	0.00687	0.00435	0.01035	0.01055	0.01399	0.02411	0.04734	0.04865	0.72513	0.03531	0.00675	0.00679	0.01051	0.00439	0.00437
13	0.20788	0.01770	0.06393	0.04310	0.16789	0.05619	0.01400	0.12418	0.01823	0.10208	0.01442	0.01604	0.01082	0.00698	0.00616	0.00201	0.00741	0.00540	0.00491	0.11067
14	0.01934	0.58661	0.05667	0.01397	0.01984	0.10534	0.04717	0.02199	0.01544	0.01771	0.03280	0.01346	0.01111	0.00653	0.00517	0.00165	0.00839	0.00448	0.00330	0.00903
15	0.01680	0.01219	0.01452	0.01062	0.01652	0.00942	0.00851	0.01992	0.01567	0.11277	0.03638	0.01764	0.01352	0.00614	0.00560	0.00126	0.00524	0.00496	0.03543	0.63689
16	0.05816	0.02051	0.16206	0.01635	0.02272	0.07931	0.07491	0.09352	0.01972	0.31940	0.02198	0.02133	0.04059	0.00824	0.00705	0.00220	0.00820	0.00674	0.00622	0.01077
17	0.02554	0.13640	0.02267	0.01739	0.02148	0.59610	0.01352	0.05167	0.01986	0.01835	0.01107	0.01280	0.00928	0.00720	0.00618	0.00180	0.01191	0.00454	0.00371	0.00852
18	0.01714	0.01480	0.01555	0.01404	0.01797	0.01699	0.01091	0.03613	0.65065	0.02913	0.03165	0.02916	0.06384	0.01018	0.00732	0.00241	0.00551	0.00848	0.00721	0.01095
19	0.01529	0.01114	0.01281	0.01135	0.01444	0.01155	0.00882	0.08474	0.21570	0.07831	0.33013	0.04156	0.10976	0.01251	0.00786	0.00229	0.00466	0.01068	0.00754	0.00886
20	0.00941	0.00691	0.00883	0.00919	0.01051	0.00634	0.00664	0.01181	0.01723	0.02348	0.36773	0.30181	0.14033	0.01790	0.00869	0.00252	0.00375	0.03341	0.00721	0.00629
21	0.01316	0.00665	0.00668	0.00668	0.00828	0.00665	0.00495	0.01635	0.01475	0.02605	0.02320	0.02733	0.01855	0.03710	0.00619	0.00186	0.00346	0.00678	0.75878	0.00655
22	0.00945	0.00722	0.00867	0.00839	0.01027	0.00644	0.00626	0.01219	0.01855	0.02494	0.45879	0.08420	0.28665	0.01605	0.00843	0.00232	0.00347	0.01390	0.00737	0.00644
23	0.00873	0.00639	0.00821	0.00952	0.01026	0.00587	0.00647	0.01017	0.01436	0.01895	0.08427	0.61873	0.12929	0.02130	0.00896	0.00279	0.00402	0.01914	0.00669	0.00587
24	0.08229	0.69409	0.03514	0.01196	0.01791	0.02719	0.01182	0.02129	0.01428	0.01798	0.00990	0.01143	0.00902	0.00613	0.00456	0.00158	0.00744	0.00381	0.00316	0.00902
25	0.02667	0.03194	0.02035	0.01806	0.02202	0.62128	0.01373	0.12176	0.02208	0.02135	0.01188	0.01345	0.00959	0.00751	0.00652	0.00188	0.01213	0.00485	0.00416	0.00881
26	0.01029	0.00688	0.00778	0.00785	0.00786	0.00686	0.00440	0.01034	0.01048	0.01397	0.02307	0.07279	0.02668	0.72248	0.03522	0.00675	0.00680	0.01073	0.00440	0.00437
27	0.01904	0.75404	0.03731	0.01218	0.01828	0.02818	0.01218	0.02132	0.01447	0.01675	0.00990	0.01142	0.00914	0.00609	0.00457	0.00152	0.00761	0.00381	0.00305	0.00914
28	0.68354	0.12420	0.01447	0.00978	0.01444	0.01779	0.00838	0.02099	0.01247	0.02968	0.00991	0.01155	0.00792	0.00653	0.00443	0.00210	0.00582	0.00385	0.00420	0.00792
29	0.02513	0.03177	0.01913	0.01744	0.02101	0.66325	0.01308	0.02696	0.01986	0.01757	0.01596	0.01735	0.06532	0.00820	0.00658	0.00188	0.01209	0.00543	0.00391	0.00807
30	0.02707	0.01995	0.02137	0.01638	0.02208	0.02208	0.01353	0.68159	0.03348	0.04488	0.01710	0.01710	0.01211	0.00855	0.00712	0.00214	0.00784	0.00641	0.00712	0.01211
31	0.01142	0.00858	0.01036	0.01075	0.01276	0.00832	0.00861	0.07360	0.01740	0.02232	0.06776	0.17423	0.24667	0.04212	0.00984	0.00292	0.00527	0.25375	0.00660	0.00671
32	0.01740	0.01669	0.02851	0.07990	0.67086	0.01686	0.02174	0.02166	0.01611	0.02300	0.01336	0.01770	0.01119	0.00639	0.00705	0.00213	0.00851	0.00634	0.00351	0.01110
33	0.01260	0.00784	0.01033	0.00939	0.01151	0.00715	0.00715	0.01589	0.02018	0.10723	0.62385	0.04985	0.06147	0.01389	0.00826	0.00224	0.00367	0.01222	0.00795	0.00734
34	0.03195	0.01212	0.01652	0.01267	0.01818	0.01047	0.01047	0.03470	0.02038	0.71026	0.02809	0.02424	0.01763	0.00881	0.00716	0.00220	0.00606	0.00716	0.00881	0.01212
35	0.01428	0.03683	0.71286	0.02030	0.03082	0.01654	0.02631	0.02255	0.01503	0.02255	0.01278	0.01503	0.00902	0.00677	0.00677	0.00226	0.01052	0.00526	0.00301	0.01052
36	0.00868	0.00620	0.00826	0.00991	0.01033	0.00578	0.00661	0.00991	0.01363	0.01818	0.03925	0.74510	0.04710	0.02231	0.00909	0.00289	0.00413	0.02024	0.00661	0.00578
37	0.00868	0.00620	0.00826	0.00991	0.01033	0.00578	0.00661	0.00991	0.01363	0.01818	0.03925	0.74510	0.04710	0.02231	0.00909	0.00289	0.00413	0.02024	0.00661	0.00578
38	0.01004	0.00717	0.00886	0.00863	0.00968	0.00698	0.00593	0.01187	0.01502	0.02064	0.30391	0.04915	0.10393	0.30202	0.10140	0.00511	0.00656	0.01150	0.00591	0.00569
39	0.01769	0.01966	0.09348	0.03983	0.58569	0.04911	0.04632	0.02226	0.01631	0.02291	0.01326	0.01722	0.01095	0.00642	0.00704	0.00213	0.00899	0.00624	0.00349	0.01101
40	0.02587	0.03255	0.02089	0.02042	0.07791	0.66356	0.01442	0.02790	0.01985	0.01790	0.01120	0.01323	0.00934	0.00726	0.00647	0.00186	0.01248	0.00473	0.00366	0.00850
41	0.80005	0.01377	0.01047	0.00936	0.01377	0.01597	0.00771	0.02093	0.01212	0.03195	0.00991	0.01157	0.00771	0.00661	0.00441	0.00220	0.00551	0.00386	0.00441	0.00771
42	0.01012	0.00680	0.00784	0.00807	0.00813	0.00674	0.00464	0.01029	0.01082	0.01443	0.02484	0.14632	0.02892	0.64590	0.03237	0.00633	0.00651	0.01177	0.00464	0.00452
43	0.01741	0.01682	0.02907	0.07290	0.65199	0.01691	0.04642	0.02173	0.01615	0.02303	0.01340	0.01774	0.01118	0.00637	0.00710	0.00214	0.00864	0.00642	0.00351	0.01107
44	0.01428	0.03683	0.71286	0.02030	0.03082	0.01654	0.02631	0.02255	0.01503	0.02255	0.01278	0.01503	0.00902	0.00677	0.00677	0.00226	0.01052	0.00526	0.00301	0.01052
45	0.03133	0.01226	0.01651	0.01275	0.01819	0.01078	0.01050	0.03484	0.04937	0.68091	0.02813	0.02434	0.01780	0.00885	0.00716	0.00221	0.00604	0.00720	0.00875	0.01208
46	0.01028	0.00755	0.01107	0.01107	0.01228	0.00871	0.00850	0.01269	0.01148	0.01666	0.01941	0.02908	0.01832	0.09512	0.65770	0.01087	0.01785	0.00777	0.02736	0.00624
47	0.02860	0.01143	0.01574	0.01248	0.01734	0.01023	0.01023	0.03132	0.01901	0.60367	0.02671	0.02481	0.01765	0.01566	0.11692	0.00362	0.00806	0.00723	0.00805	0.01123
48	0.00842	0.00721	0.00721	0.00721	0.00962	0.00601	0.00541	0.01022	0.01623	0.01924	0.07213	0.06853	0.70244	0.01803	0.00842	0.00240	0.00361	0.01503	0.00661	0.00601
49	0.01568	0.01467	0.02441	0.42560	0.31345	0.01651	0.02037	0.04594	0.01580	0.02130	0.01313	0.01836	0.01032	0.00686	0.00709	0.00226	0.00901	0.00634	0.00347	0.00944
50	0.73949	0.07117	0.01255	0.00958	0.01412	0.01692	0.00806	0.02096	0.01230	0.03077	0.00991	0.01156	0.00782	0.00657	0.00442	0.00215	0.00567	0.00385	0.00430	0.00782
51	0.80005	0.01377	0.01047	0.00936	0.01377	0.01597	0.00771	0.02093	0.01212	0.03195	0.00991	0.01157	0.00771	0.00661	0.00441	0.00220	0.00551	0.00386	0.00441	0.00771
52	0.01305	0.00801	0.01005	0.00912	0.01156	0.00713	0.00699	0.01595	0.01927	0.13110	0.45005	0.05235	0.20899	0.01449	0.00821	0.00227	0.00383	0.01251	0.00770	0.00738
53	0.07825	0.01337	0.02070	0.54640	0.09610	0.01601	0.01826	0.05961	0.01550	0.02149	0.01374	0.02053	0.01087	0.00759	0.00700	0.00236	0.00887	0.03132	0.00367	0.00837
54	0.80005	0.01377	0.01047	0.00936	0.01377	0.01597	0.00771	0.02093	0.01212	0.03195	0.00991	0.01157	0.00771	0.00661	0.00441	0.00220	0.00551	0.00386	0.00441	0.00771
55	0.01744	0.02107	0.14566	0.03572	0.48148	0.04914	0.04191	0.02360	0.07098	0.02339	0.01447	0.01773	0.01163	0.00672	0.00703	0.00216	0.00890	0.00628	0.00375	0.01096
56	0.02080	0.02263	0.02712	0.03312	0.39266	0.23863	0.08454	0.05417	0.01831	0.02237	0.01291	0.01625	0.01061	0.00672	0.00699	0.00206	0.01016	0.00600	0.00374	0.01020
57	0.80005	0.01377	0.01047	0.00936	0.01377	0.01597	0.00771	0.02093	0.01212	0.03195	0.00991	0.01157	0.00771	0.00661	0.00441	0.00220	0.00551	0.00386	0.00441	0.00771
58	0.01237	0.00618	0.00928	0.00928	0.00928	0.00618	0.00618	0.00928	0.00928	0.01237	0.01237	0.02165	0.01237	0.02474	0.02783	0.79283	0.00618	0.00618	0.00309	0.00309
59	0.01099	0.00952	0.01642	0.05915	0.01881	0.00922	0.14655	0.01369	0.01467	0.01952	0.03230	0.46771	0.03654	0.01768	0.00892	0.00281	0.00639	0.09654	0.00577	0.00680
60	0.02483	0.02212	0.28913	0.01581	0.02329	0.01334	0.01680	0.05784	0.01885	0.41255	0.02163	0.02033	0.01402	0.00800	0.00700	0.00222	0.00788	0.00639	0.00647	0.01149
61	0.00993	0.00824	0.00836	0.00796	0.01063	0.00731	0.00607	0.06459	0.01763	0.02131	0.06768	0.06436	0.64654	0.01727	0.00831	0.00238	0.00395	0.01433	0.00665	0.00651
62	0.01681	0.01921	0.04202	0.03001	0.03721	0.01801	0.67947	0.02281	0.01681	0.02281	0.01441	0.01921	0.01080	0.00600	0.00840	0.00240	0.01200	0.00840	0.00360	0.00960
63	0.04894	0.12848	0.55279	0.01936	0.02884	0.01812	0.06406	0.02234	0.01494	0.02221	0.01238	0.01467	0.00909	0.00662	0.00648	0.00217	0.01002	0.00521	0.00311	0.01016
64	0.01810	0.02066	0.16680	0.01598	0.02146	0.03896	0.01484	0.12356	0.38641	0.02925	0.02328	0.02438	0.01785	0.01054	0.02929	0.00264	0.00767	0.03145	0.00607	0.01081
65	0.00890	0.00634	0.00842	0.00984	0.01027	0.00607	0.00657	0.01012	0.01323	0.01772	0.03665	0.64450	0.04358	0.08281	0.05534	0.00374	0.00528	0.01867	0.00625	0.00570
66	0.00878	0.00624	0.00823	0.00978	0.01017	0.00585	0.00647	0.00994	0.01343	0.01791	0.03821	0.70190	0.04578	0.06730	0.01077	0.00314	0.00430	0.01963	0.00647	0.00569
67	0.01477	0.01266	0.01477	0.01055	0.01687	0.00949	0.00844	0.01793	0.01477	0.02320	0.01266	0.01477	0.01055	0.00527	0.00527	0.00105	0.00527	0.00422	0.00422	0.79328
68	0.01477	0.01266	0.01477	0.01055	0.01687	0.00949	0.00844	0.01793	0.01477	0.02320	0.01266	0.01477	0.01055	0.00527	0.00527	0.00105	0.00527	0.00422	0.00422	0.79328
69	0.02537	0.01852	0.02016	0.01534	0.02113	0.01969	0.01263	0.55401	0.03009	0.06789	0.01685	0.01702	0.01209	0.00806	0.00684	0.00197	0.00737	0.00610	0.00674	0.13213
70	0.01019	0.00735	0.00968	0.00929	0.01097	0.00684	0.00710	0.01354	0.01985	0.02797	0.64781	0.05539	0.06507	0.01497	0.00851	0.00232	0.00362	0.06507	0.00773	0.00671
71	0.01558	0.01558	0.02181	0.01869	0.01869	0.02181	0.01558	0.01714	0.01091	0.01714	0.00935	0.01558	0.00935	0.01246	0.02337	0.00312	0.73672	0.00623	0.00312	0.00779
72	0.00952	0.00754	0.00875	0.00926	0.01136	0.00677	0.00748	0.01190	0.01653	0.02049	0.09978	0.07145	0.44633	0.01836	0.00888	0.00268	0.00456	0.22546	0.00667	0.00623
73	0.01332	0.01168	0.01501	0.06515	0.09475	0.06564	0.01145	0.03874	0.03998	0.01890	0.01863	0.05379	0.01730	0.06693	0.42690	0.00783	0.01472	0.00775	0.00410	0.00744
74	0.01747	0.01328	0.01656	0.06445	0.06664	0.01214	0.01093	0.04849	0.12026	0.10252	0.01836	0.05162	0.01478	0.00746	0.00629	0.00169	0.00598	0.00625	0.00531	0.40954
75	0.01909	0.01584	0.02611	0.13455	0.50891	0.01615	0.01991	0.04420	0.01700	0.10664	0.01520	0.01860	0.01183	0.00682	0.00708	0.00216	0.00829	0.00644	0.00423	0.01094
76	0.01700	0.01683	0.04922	0.03923	0.60438	0.01624	0.02048	0.02203	0.04736	0.02390	0.06127	0.02039	0.01552	0.00707	0.00714	0.00214	0.00805	0.00684	0.00397	0.01094

[dist]
# distance from previous block
# <min> <max>
3	10

[block]
# block no. 5 follows, 29 sequences, length 8
# corresponding to MSA columns:
# 363-370
name=unknown_F
#
# <colnr> <probs for GDERKNQSTAVLIFYWHMCP>
#	G	D	E	R	K	N	Q	S	T	A	V	L	I	F	Y	W	H	M	C	P
0	0.01790	0.02087	0.09238	0.08746	0.14453	0.10778	0.24477	0.06267	0.01751	0.02302	0.01423	0.03846	0.01152	0.00697	0.00732	0.00214	0.01008	0.00694	0.00386	0.07960
1	0.06778	0.02288	0.23413	0.02530	0.10007	0.01634	0.31068	0.02165	0.01566	0.02317	0.01470	0.05366	0.01194	0.00709	0.00741	0.00228	0.01008	0.00737	0.00365	0.04417
2	0.01588	0.01197	0.01848	0.04370	0.01989	0.01160	0.14189	0.04096	0.09593	0.11210	0.09464	0.18657	0.02799	0.07168	0.01018	0.00272	0.00668	0.01097	0.00600	0.07017
3	0.32421	0.10276	0.14967	0.01416	0.02008	0.09947	0.01357	0.15277	0.01808	0.02940	0.01200	0.01345	0.00915	0.00705	0.00564	0.00208	0.00799	0.00471	0.00445	0.00933
4	0.01626	0.01316	0.01443	0.01363	0.04476	0.04226	0.01020	0.19157	0.11326	0.02921	0.15393	0.10346	0.14641	0.01337	0.00795	0.00238	0.00581	0.06237	0.00679	0.00879
5	0.02241	0.02717	0.01747	0.01596	0.01913	0.53992	0.01197	0.02463	0.02017	0.02025	0.18620	0.02308	0.02389	0.00917	0.00692	0.00194	0.01044	0.00669	0.00473	0.00787
6	0.57606	0.06877	0.01461	0.01154	0.01558	0.10751	0.00950	0.02158	0.01321	0.02770	0.01000	0.01208	0.00814	0.00719	0.00637	0.00219	0.07182	0.00416	0.00410	0.00789
7	0.40211	0.01538	0.01325	0.01160	0.01586	0.08958	0.00926	0.02604	0.12672	0.13980	0.04696	0.02007	0.04011	0.00830	0.00585	0.00221	0.00624	0.00595	0.00574	0.00897

[dist]
# distance from previous block
# <min> <max>
2	274

# created by:
# /st0/software/busco_prod/Augustus/scripts/msa2prfl.pl ./align_prep/134207.fa
