[name]
unknown

[dist]
# distance from previous block
# <min> <max>
0	90

[block]
# block no. 0 follows, 28 sequences, length 24
# corresponding to MSA columns:
# 90-113
name=unknown_A
#
# <colnr> <probs for GDERKNQSTAVLIFYWHMCP>
#	G	D	E	R	K	N	Q	S	T	A	V	L	I	F	Y	W	H	M	C	P
0	0.01351	0.12598	0.06193	0.01285	0.01605	0.01172	0.05213	0.01627	0.01577	0.06789	0.06993	0.30739	0.08327	0.01601	0.00823	0.00259	0.00610	0.09878	0.00596	0.00763
1	0.01714	0.35190	0.28612	0.01556	0.02299	0.02163	0.01741	0.05369	0.04207	0.02229	0.07301	0.01770	0.01517	0.00750	0.00609	0.00197	0.00844	0.00556	0.00389	0.00987
2	0.01720	0.42212	0.34534	0.01624	0.02454	0.02330	0.01906	0.02234	0.01503	0.01982	0.01146	0.01335	0.00927	0.00653	0.00569	0.00190	0.00914	0.00457	0.00309	0.00998
3	0.01052	0.00798	0.01177	0.01173	0.01289	0.00933	0.00904	0.01292	0.01173	0.01687	0.02023	0.06312	0.01961	0.07715	0.63150	0.01078	0.04388	0.00846	0.00403	0.00644
4	0.02763	0.02036	0.02182	0.01672	0.02254	0.02254	0.01382	0.67496	0.03418	0.04581	0.01745	0.01745	0.01236	0.00873	0.00727	0.00218	0.00800	0.00654	0.00727	0.01236
5	0.02762	0.01253	0.01636	0.01232	0.01818	0.01040	0.01009	0.03055	0.01917	0.51034	0.02419	0.02199	0.01593	0.00797	0.00676	0.00192	0.00596	0.00645	0.00766	0.23362
6	0.02844	0.01746	0.01985	0.01535	0.02092	0.01840	0.01262	0.45973	0.02945	0.24163	0.02163	0.04578	0.01534	0.00932	0.00736	0.00223	0.00732	0.00728	0.00777	0.01213
7	0.02527	0.01778	0.06437	0.02027	0.13967	0.01693	0.01468	0.27534	0.05520	0.22586	0.02053	0.02139	0.01475	0.04385	0.00869	0.00245	0.00762	0.00695	0.00672	0.01169
8	0.01808	0.01561	0.01644	0.01479	0.01890	0.01808	0.01151	0.03863	0.68606	0.03041	0.02959	0.02712	0.02219	0.00986	0.00740	0.00247	0.00575	0.00822	0.00740	0.01151
9	0.01313	0.01062	0.01212	0.01189	0.01423	0.01141	0.00880	0.02323	0.30940	0.02560	0.14919	0.28463	0.06501	0.01560	0.00831	0.00261	0.00473	0.01372	0.00725	0.00853
10	0.00983	0.00754	0.00817	0.00798	0.01036	0.00643	0.00599	0.01196	0.01731	0.04824	0.17470	0.08935	0.54139	0.01760	0.00856	0.00244	0.00376	0.01485	0.00705	0.00650
11	0.01569	0.01638	0.10426	0.01970	0.15593	0.01359	0.01422	0.04499	0.08940	0.04301	0.07055	0.07812	0.06269	0.00977	0.00815	0.00212	0.05121	0.00816	0.00512	0.18694
12	0.01057	0.00705	0.00793	0.00793	0.00793	0.00705	0.00440	0.01057	0.01057	0.01409	0.02290	0.04757	0.02643	0.74454	0.03700	0.00705	0.00705	0.01057	0.00440	0.00440
13	0.04358	0.55524	0.05659	0.01298	0.01912	0.08368	0.01249	0.02201	0.01524	0.01862	0.01063	0.01231	0.00945	0.00627	0.00498	0.00157	0.00798	0.00406	0.00334	0.09986
14	0.01494	0.01355	0.02318	0.49190	0.06171	0.01562	0.09349	0.01940	0.01482	0.04657	0.01420	0.02054	0.01113	0.03578	0.02880	0.00281	0.03650	0.00682	0.00363	0.04461
15	0.01558	0.01345	0.01660	0.03813	0.01940	0.01074	0.03371	0.04343	0.01586	0.02432	0.01316	0.01549	0.01080	0.00561	0.00564	0.00122	0.00589	0.00463	0.00436	0.70200
16	0.00945	0.00747	0.00908	0.00994	0.03559	0.00667	0.00682	0.01165	0.01692	0.02201	0.22649	0.24256	0.33267	0.01820	0.00872	0.00253	0.00394	0.01586	0.00696	0.00646
17	0.01577	0.01333	0.01545	0.01110	0.01752	0.01040	0.00890	0.05483	0.01614	0.02492	0.01317	0.01521	0.01086	0.00557	0.00549	0.00114	0.00553	0.00443	0.00447	0.74578
18	0.00886	0.00633	0.00843	0.01012	0.01054	0.00590	0.00675	0.01012	0.01392	0.01856	0.04006	0.73979	0.04808	0.02277	0.00928	0.00295	0.00422	0.02066	0.00675	0.00590
19	0.00884	0.00639	0.00837	0.00995	0.01050	0.00592	0.00667	0.01014	0.01409	0.01862	0.04220	0.69723	0.08927	0.02250	0.00923	0.00292	0.00418	0.02033	0.00675	0.00592
20	0.01563	0.01420	0.02283	0.70581	0.05031	0.01704	0.02062	0.01979	0.01568	0.02032	0.01481	0.02188	0.01153	0.00853	0.00805	0.00276	0.01021	0.00704	0.00390	0.00904
21	0.66202	0.01436	0.01344	0.08278	0.01890	0.01657	0.03579	0.04174	0.01347	0.03125	0.01082	0.01306	0.00832	0.00684	0.00503	0.00227	0.00637	0.00446	0.00443	0.00811
22	0.01507	0.01292	0.01507	0.01077	0.01723	0.00969	0.00861	0.01830	0.01507	0.02369	0.01292	0.01507	0.01077	0.00538	0.00538	0.00108	0.00538	0.00431	0.00431	0.78898
23	0.00945	0.00760	0.00848	0.00854	0.01058	0.00682	0.00629	0.01242	0.04812	0.02208	0.20450	0.16927	0.42408	0.01791	0.00864	0.00250	0.00381	0.01536	0.00706	0.00651

[dist]
# distance from previous block
# <min> <max>
1	14

[block]
# block no. 1 follows, 28 sequences, length 48
# corresponding to MSA columns:
# 128-175
name=unknown_B
#
# <colnr> <probs for GDERKNQSTAVLIFYWHMCP>
#	G	D	E	R	K	N	Q	S	T	A	V	L	I	F	Y	W	H	M	C	P
0	0.00886	0.00633	0.00843	0.01012	0.01054	0.00590	0.00675	0.01012	0.01392	0.01856	0.04006	0.73979	0.04808	0.02277	0.00928	0.00295	0.00422	0.02066	0.00675	0.00590
1	0.06712	0.01245	0.01659	0.01278	0.01835	0.01094	0.01056	0.03479	0.02042	0.67387	0.02784	0.02416	0.01754	0.00890	0.00718	0.00225	0.00616	0.00716	0.00879	0.01217
2	0.01057	0.00705	0.00793	0.00793	0.00793	0.00705	0.00440	0.01057	0.01057	0.01409	0.02290	0.04757	0.02643	0.74454	0.03700	0.00705	0.00705	0.01057	0.00440	0.00440
3	0.01545	0.01571	0.05808	0.40020	0.25326	0.01639	0.02019	0.02120	0.05619	0.02138	0.01418	0.01903	0.01106	0.00708	0.00716	0.00228	0.00899	0.00643	0.00364	0.04211
4	0.02265	0.45882	0.03140	0.01443	0.02020	0.12246	0.01302	0.19394	0.02066	0.02472	0.01219	0.01338	0.01013	0.00705	0.00561	0.00176	0.00857	0.00469	0.00429	0.01000
5	0.01513	0.01224	0.01444	0.01166	0.01617	0.01086	0.00906	0.10558	0.01744	0.02541	0.04255	0.19433	0.02199	0.01067	0.00735	0.00180	0.03093	0.00898	0.00539	0.43801
6	0.05233	0.13632	0.02792	0.14540	0.06057	0.01682	0.21946	0.01939	0.01529	0.02078	0.01980	0.02487	0.07991	0.06946	0.00961	0.00257	0.00883	0.00767	0.00395	0.05904
7	0.02859	0.01817	0.02038	0.01570	0.02141	0.01938	0.01294	0.49138	0.05216	0.21282	0.02071	0.01962	0.01412	0.00883	0.00729	0.00221	0.00746	0.00679	0.00771	0.01234
8	0.01250	0.00636	0.00938	0.00938	0.00938	0.00636	0.00620	0.00954	0.00954	0.01272	0.01325	0.02365	0.01347	0.06911	0.02893	0.74086	0.00636	0.00657	0.00323	0.00323
9	0.02862	0.01371	0.01707	0.01340	0.01850	0.01322	0.01087	0.16004	0.06961	0.46522	0.04521	0.02570	0.01913	0.05402	0.00915	0.00254	0.00649	0.00759	0.00823	0.01166
10	0.02811	0.01720	0.01957	0.04904	0.02212	0.04028	0.01281	0.34192	0.07432	0.28475	0.02203	0.02077	0.01491	0.00880	0.00727	0.00223	0.00742	0.00688	0.00761	0.01197
11	0.03092	0.01409	0.01781	0.01376	0.01935	0.01336	0.01133	0.15980	0.05684	0.54248	0.02654	0.02345	0.01711	0.00899	0.00731	0.00225	0.00652	0.00721	0.00858	0.01233
12	0.01053	0.04455	0.01152	0.01061	0.01170	0.00894	0.00778	0.01229	0.01212	0.01671	0.02438	0.19351	0.02619	0.18302	0.38319	0.00826	0.01292	0.01108	0.00461	0.00608
13	0.01847	0.01798	0.07639	0.08483	0.43900	0.01672	0.04931	0.08050	0.01837	0.05786	0.05714	0.02050	0.01513	0.00739	0.00734	0.00222	0.00853	0.00695	0.00440	0.01096
14	0.02507	0.01466	0.01847	0.13231	0.02420	0.01533	0.01283	0.24316	0.04282	0.28140	0.04294	0.04728	0.01775	0.03774	0.00855	0.00247	0.00724	0.00769	0.00714	0.01094
15	0.01522	0.00839	0.00856	0.00796	0.01014	0.00865	0.00612	0.09500	0.01749	0.02932	0.02297	0.02596	0.01789	0.00850	0.00534	0.00175	0.00393	0.00675	0.69264	0.00744
16	0.01532	0.03290	0.54306	0.02495	0.11887	0.01710	0.10010	0.02296	0.01571	0.02314	0.01332	0.01618	0.00972	0.00676	0.00713	0.00230	0.01064	0.00588	0.00321	0.01074
17	0.02492	0.01824	0.02015	0.08087	0.02373	0.04106	0.01353	0.43381	0.10225	0.10089	0.05147	0.02099	0.01631	0.00900	0.00733	0.00224	0.00768	0.00705	0.00700	0.01149
18	0.01639	0.01651	0.02836	0.06017	0.35508	0.04702	0.18129	0.02053	0.01633	0.02223	0.01852	0.14768	0.01778	0.00939	0.00789	0.00237	0.00899	0.00946	0.00417	0.00981
19	0.00898	0.00732	0.00794	0.00792	0.01009	0.00628	0.00589	0.01113	0.01728	0.02165	0.20751	0.10738	0.51950	0.01790	0.00863	0.00245	0.00366	0.01519	0.00702	0.00628
20	0.01359	0.01155	0.01440	0.01638	0.12726	0.01181	0.01051	0.04088	0.19883	0.02540	0.14281	0.11012	0.21985	0.01369	0.00806	0.00242	0.00521	0.01184	0.00661	0.00876
21	0.01761	0.08134	0.24866	0.02191	0.02888	0.01944	0.21725	0.11339	0.01780	0.02486	0.01379	0.01771	0.01079	0.03038	0.01039	0.00253	0.10268	0.00668	0.00390	0.01002
22	0.01716	0.01961	0.04289	0.03064	0.03799	0.01838	0.67279	0.02328	0.01716	0.02328	0.01471	0.01961	0.01103	0.00613	0.00858	0.00245	0.01225	0.00858	0.00368	0.00980
23	0.01355	0.00678	0.00678	0.00678	0.00847	0.00678	0.00508	0.01694	0.01524	0.02710	0.02371	0.02710	0.01863	0.00847	0.00508	0.00169	0.00339	0.00678	0.78489	0.00678
24	0.01468	0.03690	0.68106	0.02110	0.03171	0.01694	0.05197	0.02303	0.01542	0.02303	0.01311	0.01551	0.00928	0.00688	0.00697	0.00231	0.01080	0.00550	0.00309	0.01071
25	0.10753	0.02437	0.27985	0.01715	0.02449	0.01712	0.03678	0.18120	0.02056	0.17056	0.01694	0.01755	0.01170	0.00794	0.00746	0.00229	0.03397	0.00602	0.00548	0.01103
26	0.79588	0.01406	0.01068	0.00956	0.01406	0.01631	0.00787	0.02137	0.01237	0.03261	0.01012	0.01181	0.00787	0.00675	0.00450	0.00225	0.00562	0.00394	0.00450	0.00787
27	0.02961	0.01286	0.01674	0.01301	0.01824	0.01178	0.01068	0.11432	0.02248	0.54895	0.09804	0.02695	0.02265	0.00959	0.00744	0.00224	0.00612	0.00783	0.00867	0.01178
28	0.01389	0.01309	0.02210	0.70053	0.07531	0.01619	0.02027	0.01872	0.01461	0.01877	0.01295	0.01933	0.00976	0.00724	0.00726	0.00241	0.00965	0.00646	0.00324	0.00821
29	0.00874	0.00737	0.00757	0.00752	0.00991	0.00620	0.00564	0.01072	0.01691	0.02046	0.12739	0.06860	0.64198	0.01810	0.00859	0.00244	0.00366	0.01515	0.00686	0.00620
30	0.79588	0.01406	0.01068	0.00956	0.01406	0.01631	0.00787	0.02137	0.01237	0.03261	0.01012	0.01181	0.00787	0.00675	0.00450	0.00225	0.00562	0.00394	0.00450	0.00787
31	0.01340	0.00679	0.00683	0.00683	0.00844	0.00679	0.00505	0.01662	0.01501	0.02645	0.02367	0.02813	0.01902	0.04546	0.00669	0.00196	0.00357	0.00697	0.74567	0.00666
32	0.03060	0.01560	0.01887	0.01447	0.02017	0.01548	0.01195	0.29394	0.02621	0.43808	0.02414	0.02179	0.01572	0.00889	0.00729	0.00222	0.00692	0.00700	0.00830	0.01237
33	0.00926	0.00734	0.00833	0.00818	0.01026	0.00641	0.00610	0.01170	0.01801	0.02330	0.31452	0.09381	0.42256	0.01722	0.00861	0.00241	0.00361	0.01472	0.00724	0.00641
34	0.02811	0.01868	0.01945	0.01547	0.02081	0.08957	0.01255	0.32614	0.10338	0.25638	0.02188	0.02050	0.01502	0.00882	0.00722	0.00220	0.00767	0.00680	0.00749	0.01186
35	0.03261	0.01237	0.01687	0.01293	0.01856	0.01068	0.01068	0.03543	0.02081	0.70423	0.02868	0.02474	0.01799	0.00900	0.00731	0.00225	0.00619	0.00731	0.00900	0.01237
36	0.02787	0.01998	0.02158	0.01654	0.02235	0.02198	0.01367	0.64454	0.03354	0.07712	0.01799	0.01780	0.01263	0.00874	0.00727	0.00218	0.00791	0.00658	0.00735	0.01236
37	0.02209	0.23456	0.02742	0.09646	0.07089	0.22914	0.03696	0.12776	0.01963	0.02273	0.01230	0.01474	0.01008	0.00740	0.00703	0.00198	0.04001	0.00527	0.00403	0.00951
38	0.02024	0.02081	0.02740	0.03824	0.53500	0.15382	0.02029	0.05455	0.01818	0.02363	0.01338	0.01701	0.01113	0.00678	0.00707	0.00210	0.00948	0.00613	0.00380	0.01095
39	0.01355	0.00678	0.00678	0.00678	0.00847	0.00678	0.00508	0.01694	0.01524	0.02710	0.02371	0.02710	0.01863	0.00847	0.00508	0.00169	0.00339	0.00678	0.78489	0.00678
40	0.01908	0.01655	0.02787	0.08330	0.59659	0.01659	0.02110	0.02330	0.01682	0.08644	0.01502	0.01870	0.01200	0.00676	0.00721	0.00218	0.00847	0.00655	0.00408	0.01138
41	0.01558	0.01341	0.01555	0.03578	0.01865	0.01145	0.00954	0.02204	0.13814	0.02475	0.01598	0.01743	0.01283	0.00627	0.00582	0.00138	0.00560	0.00510	0.00484	0.61990
42	0.01638	0.01305	0.01527	0.01116	0.01742	0.01028	0.00893	0.02066	0.05725	0.06753	0.01496	0.01644	0.01194	0.00589	0.00563	0.00124	0.00546	0.00474	0.00480	0.69098
43	0.01263	0.00631	0.00947	0.00947	0.00947	0.00631	0.00631	0.00947	0.00947	0.01263	0.01263	0.02210	0.01263	0.02525	0.02841	0.78851	0.00631	0.00631	0.00316	0.00316
44	0.01263	0.00631	0.00947	0.00947	0.00947	0.00631	0.00631	0.00947	0.00947	0.01263	0.01263	0.02210	0.01263	0.02525	0.02841	0.78851	0.00631	0.00631	0.00316	0.00316
45	0.01668	0.01516	0.02598	0.28562	0.34432	0.01633	0.06233	0.02104	0.01581	0.05372	0.01508	0.04678	0.01249	0.00767	0.00788	0.00234	0.02986	0.00719	0.00384	0.00989
46	0.08406	0.01744	0.01788	0.03638	0.02005	0.08474	0.01176	0.25324	0.06365	0.14600	0.02044	0.02161	0.03938	0.04374	0.00894	0.00237	0.03546	0.00670	0.00631	0.07988
47	0.01130	0.00814	0.00997	0.01051	0.01169	0.00803	0.00738	0.08286	0.01625	0.02161	0.06639	0.47509	0.07648	0.11455	0.01264	0.00336	0.00505	0.04566	0.00655	0.00650

[dist]
# distance from previous block
# <min> <max>
0	7

[block]
# block no. 2 follows, 28 sequences, length 44
# corresponding to MSA columns:
# 183-226
name=unknown_C
#
# <colnr> <probs for GDERKNQSTAVLIFYWHMCP>
#	G	D	E	R	K	N	Q	S	T	A	V	L	I	F	Y	W	H	M	C	P
0	0.08922	0.01617	0.07113	0.01760	0.02321	0.01416	0.19495	0.05835	0.03704	0.11228	0.08382	0.02668	0.05440	0.00889	0.00787	0.00223	0.02862	0.03008	0.00544	0.11787
1	0.04542	0.67370	0.08444	0.01293	0.01941	0.02750	0.01330	0.02184	0.01473	0.01805	0.01031	0.01193	0.00927	0.00629	0.00482	0.00163	0.00791	0.00399	0.00315	0.00938
2	0.01032	0.00733	0.00938	0.01015	0.01101	0.00709	0.00715	0.01174	0.01330	0.01787	0.03183	0.32023	0.03652	0.25429	0.05829	0.00475	0.00651	0.13412	0.00571	0.04239
3	0.06217	0.01547	0.04354	0.17314	0.33790	0.01554	0.01800	0.02323	0.06334	0.09636	0.02026	0.02288	0.06072	0.00802	0.00717	0.00227	0.00793	0.00713	0.00463	0.01029
4	0.01499	0.06832	0.62675	0.02109	0.03138	0.01753	0.07482	0.02298	0.01546	0.02277	0.01304	0.01550	0.00935	0.00682	0.00693	0.00228	0.01072	0.00555	0.00312	0.01061
5	0.01387	0.01307	0.02206	0.70413	0.07188	0.01619	0.02026	0.01870	0.01460	0.01875	0.01295	0.01933	0.00975	0.00724	0.00727	0.00241	0.00965	0.00646	0.00324	0.00819
6	0.01930	0.08004	0.48344	0.01834	0.02747	0.01672	0.02186	0.05986	0.01742	0.16370	0.01629	0.01714	0.01119	0.00738	0.00686	0.00223	0.00946	0.00573	0.00451	0.01107
7	0.05213	0.05307	0.13391	0.19008	0.20076	0.03988	0.05481	0.04349	0.01651	0.05527	0.01719	0.04191	0.03228	0.00820	0.00718	0.00230	0.00892	0.02826	0.00412	0.00972
8	0.01355	0.00678	0.00678	0.00678	0.00847	0.00678	0.00508	0.01694	0.01524	0.02710	0.02371	0.02710	0.01863	0.00847	0.00508	0.00169	0.00339	0.00678	0.78489	0.00678
9	0.01458	0.03760	0.70688	0.02072	0.03146	0.01688	0.02686	0.02302	0.01535	0.02302	0.01304	0.01535	0.00921	0.00691	0.00691	0.00230	0.01074	0.00537	0.00307	0.01074
10	0.01577	0.07313	0.47836	0.01743	0.02582	0.01525	0.02092	0.02243	0.01675	0.08647	0.13600	0.02293	0.02061	0.00848	0.00710	0.00225	0.00884	0.00685	0.00450	0.01011
11	0.01325	0.01222	0.02002	0.63929	0.04512	0.01495	0.01839	0.01778	0.01474	0.01893	0.01881	0.02425	0.07288	0.00832	0.00732	0.00240	0.00895	0.00728	0.02723	0.00786
12	0.01458	0.03760	0.70688	0.02072	0.03146	0.01688	0.02686	0.02302	0.01535	0.02302	0.01304	0.01535	0.00921	0.00691	0.00691	0.00230	0.01074	0.00537	0.00307	0.01074
13	0.01202	0.00872	0.01148	0.01263	0.01422	0.00891	0.01053	0.01617	0.06755	0.02120	0.03532	0.07227	0.03786	0.13463	0.01413	0.00387	0.00668	0.49874	0.00638	0.00670
14	0.05804	0.02982	0.45666	0.06183	0.07585	0.01699	0.06419	0.06943	0.01697	0.06276	0.01421	0.01651	0.01015	0.00708	0.00697	0.00229	0.00992	0.00583	0.00385	0.01064
15	0.20805	0.05783	0.13134	0.04732	0.02048	0.01468	0.01297	0.05656	0.03279	0.24642	0.05426	0.02047	0.01575	0.00817	0.00639	0.00221	0.00687	0.00622	0.04114	0.01008
16	0.01356	0.00699	0.00731	0.03231	0.00994	0.00711	0.00562	0.01700	0.01522	0.02680	0.02333	0.02683	0.01831	0.00843	0.00516	0.00172	0.00361	0.00676	0.75719	0.00682
17	0.00947	0.00667	0.00855	0.00949	0.01004	0.00631	0.00627	0.01083	0.01435	0.01942	0.14892	0.47422	0.04697	0.17560	0.01508	0.00371	0.00469	0.01722	0.00646	0.00575
18	0.04577	0.01899	0.21724	0.01498	0.02108	0.01231	0.04916	0.04249	0.01886	0.23704	0.18209	0.03018	0.05804	0.00998	0.00752	0.00229	0.00710	0.00843	0.00645	0.01002
19	0.02723	0.01529	0.06899	0.01363	0.01900	0.04866	0.01179	0.03224	0.08651	0.48016	0.09464	0.02666	0.02244	0.00944	0.00738	0.00226	0.00657	0.00771	0.00801	0.01139
20	0.03159	0.01401	0.01789	0.01371	0.01938	0.01312	0.01133	0.16701	0.02356	0.56876	0.02637	0.02324	0.01683	0.00894	0.00730	0.00224	0.00656	0.00715	0.00864	0.01237
21	0.01762	0.01710	0.02771	0.12361	0.57625	0.04199	0.02142	0.02188	0.01646	0.02286	0.01428	0.02000	0.01218	0.00704	0.00727	0.00222	0.00886	0.02675	0.00366	0.01084
22	0.25940	0.16156	0.31481	0.01516	0.02246	0.01833	0.01715	0.02171	0.01441	0.02482	0.01338	0.01826	0.01112	0.00766	0.00596	0.00222	0.00830	0.05024	0.00378	0.00929
23	0.01864	0.01850	0.02888	0.04279	0.65135	0.06662	0.02172	0.02278	0.01684	0.02333	0.01350	0.01765	0.01136	0.00655	0.00715	0.00214	0.00895	0.00635	0.00361	0.01130
24	0.01355	0.00678	0.00678	0.00678	0.00847	0.00678	0.00508	0.01694	0.01524	0.02710	0.02371	0.02710	0.01863	0.00847	0.00508	0.00169	0.00339	0.00678	0.78489	0.00678
25	0.10420	0.01242	0.01565	0.08836	0.01943	0.01356	0.01119	0.09468	0.01919	0.17268	0.21379	0.03070	0.05131	0.01104	0.00967	0.00241	0.10559	0.00857	0.00654	0.00902
26	0.41121	0.01917	0.17000	0.01508	0.06676	0.01560	0.01352	0.05310	0.01526	0.06985	0.05155	0.01685	0.01286	0.00807	0.00656	0.02845	0.00704	0.00537	0.00467	0.00905
27	0.01057	0.00705	0.00793	0.00793	0.00793	0.00705	0.00440	0.01057	0.01057	0.01409	0.02290	0.04757	0.02643	0.74454	0.03700	0.00705	0.00705	0.01057	0.00440	0.00440
28	0.03261	0.01237	0.01687	0.01293	0.01856	0.01068	0.01068	0.03543	0.02081	0.70423	0.02868	0.02474	0.01799	0.00900	0.00731	0.00225	0.00619	0.00731	0.00900	0.01237
29	0.01826	0.01875	0.07502	0.15217	0.47480	0.05645	0.02127	0.02274	0.01656	0.05447	0.01407	0.01807	0.01123	0.00681	0.00716	0.00220	0.00910	0.00633	0.00376	0.01076
30	0.01918	0.34591	0.23676	0.01971	0.02733	0.02302	0.14570	0.02342	0.01688	0.02250	0.03793	0.01887	0.01376	0.00816	0.00720	0.00239	0.01003	0.00631	0.00414	0.01080
31	0.01755	0.01682	0.02871	0.11515	0.63211	0.01716	0.02209	0.02192	0.01634	0.02321	0.01360	0.01813	0.01133	0.00656	0.00720	0.00219	0.00874	0.00647	0.00356	0.01116
32	0.01333	0.00675	0.00685	0.00693	0.00857	0.00673	0.00516	0.01662	0.01518	0.02670	0.02447	0.06022	0.02000	0.00913	0.00528	0.00175	0.00343	0.00742	0.74873	0.00673
33	0.04234	0.01136	0.04332	0.01151	0.01413	0.01054	0.00890	0.09994	0.05793	0.11402	0.08092	0.23190	0.03091	0.16574	0.01469	0.02964	0.00598	0.01195	0.00641	0.00787
34	0.18023	0.01457	0.04840	0.09524	0.07080	0.01362	0.01207	0.05232	0.05880	0.04993	0.07221	0.02135	0.01673	0.00778	0.00629	0.00195	0.00646	0.02268	0.00498	0.24358
35	0.02291	0.01240	0.01564	0.01169	0.01753	0.01001	0.00948	0.02596	0.01797	0.33687	0.05283	0.02140	0.01686	0.00750	0.00642	0.00167	0.00566	0.00611	0.00664	0.39445
36	0.01057	0.00705	0.00793	0.00793	0.00793	0.00705	0.00440	0.01057	0.01057	0.01409	0.02290	0.04757	0.02643	0.74454	0.03700	0.00705	0.00705	0.01057	0.00440	0.00440
37	0.01506	0.01456	0.05916	0.29886	0.09796	0.01491	0.04695	0.08517	0.06434	0.02328	0.02097	0.15649	0.01972	0.01094	0.00782	0.00251	0.00816	0.03952	0.00480	0.00885
38	0.05495	0.50814	0.12060	0.01355	0.01959	0.06360	0.01373	0.02128	0.01465	0.01840	0.01111	0.01354	0.00982	0.00959	0.03837	0.04365	0.00881	0.00443	0.00324	0.00894
39	0.03261	0.01237	0.01687	0.01293	0.01856	0.01068	0.01068	0.03543	0.02081	0.70423	0.02868	0.02474	0.01799	0.00900	0.00731	0.00225	0.00619	0.00731	0.00900	0.01237
40	0.01381	0.01276	0.02121	0.68138	0.04773	0.01585	0.01945	0.01880	0.03307	0.01869	0.01337	0.01969	0.01014	0.00799	0.00803	0.03073	0.00946	0.00650	0.00334	0.00799
41	0.00890	0.00738	0.00779	0.00768	0.01001	0.00627	0.00576	0.01102	0.01729	0.02135	0.18546	0.06714	0.58335	0.01777	0.00859	0.00242	0.00364	0.01495	0.00698	0.00627
42	0.05466	0.01365	0.05568	0.05336	0.03935	0.01164	0.01192	0.05225	0.01998	0.47399	0.08974	0.02593	0.02120	0.00917	0.00723	0.00224	0.00639	0.00753	0.03293	0.01114
43	0.09626	0.00927	0.01139	0.01149	0.05293	0.00909	0.00810	0.03672	0.01947	0.05177	0.48005	0.04454	0.07482	0.01289	0.00779	0.00224	0.00422	0.01110	0.04829	0.00757

[dist]
# distance from previous block
# <min> <max>
4	18

[block]
# block no. 3 follows, 28 sequences, length 10
# corresponding to MSA columns:
# 247-256
name=unknown_D
#
# <colnr> <probs for GDERKNQSTAVLIFYWHMCP>
#	G	D	E	R	K	N	Q	S	T	A	V	L	I	F	Y	W	H	M	C	P
0	0.07649	0.00970	0.01315	0.07825	0.08698	0.01006	0.01073	0.04773	0.01556	0.02211	0.03106	0.40887	0.03483	0.01728	0.00850	0.00278	0.00583	0.10687	0.00594	0.00728
1	0.01171	0.00782	0.00961	0.00911	0.01134	0.00697	0.00693	0.01447	0.01886	0.08541	0.38384	0.09256	0.26080	0.01604	0.00855	0.00241	0.00390	0.03501	0.00759	0.00707
2	0.10409	0.03790	0.01278	0.02834	0.01394	0.01249	0.00851	0.13469	0.01723	0.02762	0.01886	0.05269	0.01584	0.01267	0.03545	0.09284	0.04192	0.00687	0.31765	0.00762
3	0.01193	0.00696	0.00957	0.01009	0.01076	0.00671	0.00706	0.01186	0.01289	0.05082	0.05606	0.27547	0.03180	0.09865	0.01903	0.28549	0.00559	0.07870	0.00537	0.00520
4	0.12993	0.01065	0.01318	0.01096	0.01488	0.00995	0.00878	0.02487	0.01954	0.34353	0.29006	0.03465	0.03662	0.01101	0.00742	0.00226	0.00502	0.00915	0.00798	0.00956
5	0.09364	0.02386	0.09151	0.01767	0.04464	0.15023	0.01482	0.36792	0.06755	0.03537	0.01581	0.01654	0.01166	0.00813	0.00686	0.00216	0.00891	0.00594	0.00582	0.01098
6	0.04687	0.01181	0.01311	0.01482	0.07485	0.08223	0.01050	0.03437	0.01740	0.02293	0.13419	0.19791	0.09280	0.01632	0.00861	0.00269	0.00626	0.19878	0.00625	0.00732
7	0.12287	0.01419	0.01970	0.01715	0.07595	0.01328	0.11206	0.07730	0.01690	0.02624	0.01770	0.07947	0.01633	0.00876	0.00679	0.00199	0.00699	0.06359	0.00485	0.29790
8	0.09450	0.07688	0.38033	0.04627	0.09644	0.01736	0.02058	0.07608	0.01711	0.04453	0.05311	0.01786	0.01330	0.00748	0.00669	0.00222	0.00899	0.00588	0.00407	0.01029
9	0.01843	0.08726	0.09794	0.16870	0.12545	0.07977	0.01691	0.14031	0.03326	0.02448	0.01471	0.01916	0.01201	0.04300	0.06702	0.00318	0.02832	0.00628	0.00423	0.00958

[dist]
# distance from previous block
# <min> <max>
11	24

[block]
# block no. 4 follows, 28 sequences, length 12
# corresponding to MSA columns:
# 285-296
name=unknown_E
#
# <colnr> <probs for GDERKNQSTAVLIFYWHMCP>
#	G	D	E	R	K	N	Q	S	T	A	V	L	I	F	Y	W	H	M	C	P
0	0.25760	0.01902	0.13502	0.12406	0.04561	0.05857	0.03496	0.02408	0.08708	0.06989	0.04328	0.01878	0.01370	0.00774	0.00635	0.00227	0.00777	0.00598	0.02903	0.00921
1	0.01484	0.01194	0.01342	0.04276	0.06908	0.08468	0.00962	0.01780	0.01880	0.08509	0.34152	0.04384	0.11441	0.05423	0.00965	0.00252	0.00575	0.02541	0.00662	0.02803
2	0.02013	0.01813	0.01760	0.01633	0.04860	0.10590	0.01219	0.11449	0.45085	0.03024	0.02471	0.02375	0.01867	0.00919	0.00712	0.00229	0.00694	0.00740	0.05452	0.01093
3	0.02098	0.02341	0.01617	0.01491	0.01790	0.41183	0.01129	0.04787	0.01844	0.02020	0.01841	0.02145	0.05147	0.01696	0.13693	0.00370	0.01208	0.00624	0.12192	0.00784
4	0.01318	0.00919	0.01232	0.09833	0.01679	0.01008	0.02634	0.05571	0.01536	0.02324	0.04713	0.06876	0.03720	0.04970	0.18341	0.00466	0.02589	0.00839	0.28716	0.00716
5	0.01536	0.01439	0.02332	0.46461	0.22346	0.01666	0.01983	0.02175	0.08734	0.02125	0.01492	0.01983	0.01153	0.00733	0.00726	0.00236	0.00898	0.00665	0.00378	0.00938
6	0.26611	0.01289	0.01498	0.01190	0.01718	0.01240	0.00982	0.03112	0.01822	0.49877	0.02300	0.02078	0.01490	0.00831	0.00645	0.00225	0.00601	0.00628	0.00762	0.01099
7	0.10994	0.01664	0.01977	0.16343	0.05887	0.01867	0.01423	0.35772	0.02469	0.06294	0.01629	0.01832	0.01195	0.00978	0.03295	0.00257	0.00828	0.00632	0.03616	0.01050
8	0.01711	0.35604	0.29781	0.01785	0.02556	0.02273	0.08299	0.02214	0.01501	0.02003	0.01167	0.01413	0.00946	0.00687	0.00709	0.00203	0.05341	0.00507	0.00315	0.00984
9	0.00902	0.00659	0.00847	0.00973	0.01044	0.00620	0.00659	0.01036	0.01391	0.01832	0.04204	0.56873	0.12754	0.06810	0.05413	0.00367	0.00526	0.01858	0.00643	0.00588
10	0.00908	0.00652	0.00851	0.00980	0.01043	0.00607	0.00660	0.01055	0.01462	0.01957	0.11286	0.60468	0.07751	0.05363	0.01040	0.00304	0.00423	0.01916	0.00678	0.00595
11	0.33490	0.01498	0.05228	0.08667	0.01899	0.07075	0.01065	0.02065	0.01491	0.09323	0.05925	0.11955	0.01946	0.04543	0.00786	0.00257	0.00675	0.00789	0.00519	0.00805

[dist]
# distance from previous block
# <min> <max>
0	27

# created by:
# /st0/software/busco_prod/Augustus/scripts/msa2prfl.pl ./align_prep/134342.fa
