[name]
unknown

[dist]
# distance from previous block
# <min> <max>
0	89

[block]
# block no. 0 follows, 22 sequences, length 8
# corresponding to MSA columns:
# 92-99
name=unknown_A
#
# <colnr> <probs for GDERKNQSTAVLIFYWHMCP>
#	G	D	E	R	K	N	Q	S	T	A	V	L	I	F	Y	W	H	M	C	P
0	0.02099	0.01683	0.02073	0.05563	0.02411	0.01708	0.04624	0.21611	0.09114	0.03466	0.02492	0.11489	0.02259	0.01201	0.00841	0.00246	0.00781	0.05675	0.00685	0.19979
1	0.05923	0.01470	0.01471	0.01249	0.01711	0.06225	0.00971	0.08477	0.02083	0.07854	0.04267	0.11166	0.22909	0.01420	0.00829	0.00236	0.00645	0.01164	0.00690	0.19239
2	0.07142	0.01820	0.01929	0.01623	0.02037	0.09228	0.04873	0.09971	0.11134	0.06554	0.03232	0.03502	0.13379	0.07546	0.01328	0.00314	0.07720	0.00961	0.00646	0.05062
3	0.02303	0.01812	0.01856	0.01537	0.02045	0.07589	0.01210	0.20287	0.09149	0.08503	0.06942	0.10601	0.06474	0.01232	0.00832	0.00240	0.00753	0.01008	0.00744	0.14884
4	0.02115	0.01892	0.02513	0.02172	0.06615	0.05993	0.12612	0.15170	0.10111	0.03189	0.02347	0.11605	0.02076	0.01143	0.00953	0.00260	0.04631	0.01001	0.05691	0.07912
5	0.01757	0.01457	0.01628	0.08599	0.02098	0.08818	0.01182	0.02040	0.01676	0.07072	0.02520	0.06984	0.05775	0.08664	0.16677	0.00546	0.05784	0.00925	0.05257	0.10540
6	0.08071	0.05731	0.05910	0.01850	0.02447	0.04361	0.07574	0.11521	0.05177	0.11223	0.01794	0.01984	0.01361	0.00921	0.01045	0.00243	0.11215	0.00683	0.00586	0.16304
7	0.02722	0.02360	0.07242	0.02202	0.10556	0.11874	0.01656	0.18219	0.06739	0.14827	0.02046	0.02096	0.01488	0.00888	0.00786	0.00231	0.00940	0.00697	0.00668	0.11765

[dist]
# distance from previous block
# <min> <max>
16	66

[block]
# block no. 1 follows, 22 sequences, length 38
# corresponding to MSA columns:
# 177-186,188-215
name=unknown_B
#
# <colnr> <probs for GDERKNQSTAVLIFYWHMCP>
#	G	D	E	R	K	N	Q	S	T	A	V	L	I	F	Y	W	H	M	C	P
0	0.08907	0.01825	0.01902	0.01600	0.02122	0.04652	0.01276	0.16660	0.26131	0.14890	0.06280	0.02962	0.04902	0.01110	0.00821	0.00264	0.00733	0.00884	0.00829	0.01250
1	0.02126	0.01501	0.02045	0.13293	0.09930	0.01479	0.01466	0.08301	0.05235	0.13788	0.13972	0.02973	0.02690	0.01003	0.00814	0.00232	0.00746	0.00858	0.00682	0.16864
2	0.01771	0.01670	0.02761	0.42264	0.26478	0.01904	0.02330	0.02417	0.05677	0.02415	0.01627	0.02215	0.01270	0.00818	0.00829	0.00267	0.01037	0.00752	0.00414	0.01085
3	0.05852	0.01627	0.02335	0.46068	0.04536	0.01885	0.01956	0.12409	0.02035	0.02802	0.01547	0.02075	0.01162	0.00831	0.00789	0.00253	0.00993	0.00696	0.00469	0.09678
4	0.01032	0.00738	0.00981	0.01143	0.01209	0.00688	0.00773	0.01206	0.01681	0.02265	0.11804	0.62625	0.05774	0.02495	0.01051	0.00328	0.00471	0.02259	0.00788	0.00688
5	0.01015	0.00843	0.00887	0.00876	0.01142	0.00715	0.00657	0.01256	0.01971	0.02428	0.18005	0.07693	0.55581	0.02035	0.00981	0.00277	0.00416	0.01711	0.00796	0.00715
6	0.01998	0.01760	0.02210	0.16667	0.10432	0.02026	0.01686	0.05863	0.40995	0.03157	0.02702	0.02743	0.02040	0.01012	0.00839	0.00275	0.00803	0.00865	0.00690	0.01234
7	0.00988	0.00819	0.00865	0.00901	0.01138	0.00696	0.00658	0.01186	0.01836	0.02221	0.07691	0.19760	0.53988	0.02198	0.00997	0.00291	0.00432	0.01868	0.00771	0.00696
8	0.06679	0.02231	0.02376	0.01823	0.02485	0.02437	0.01503	0.55554	0.03628	0.04981	0.01916	0.01943	0.01375	0.00959	0.00800	0.00241	0.00880	0.00715	0.00791	0.06683
9	0.02260	0.01752	0.01936	0.01567	0.02167	0.01788	0.01248	0.13524	0.29774	0.07989	0.02536	0.02457	0.01898	0.00936	0.00769	0.00224	0.00691	0.00758	0.00744	0.24982
10	0.08839	0.02033	0.02249	0.01736	0.02383	0.02166	0.01434	0.42839	0.03316	0.21158	0.02269	0.02165	0.01543	0.00988	0.00808	0.00252	0.00839	0.00749	0.00859	0.01374
11	0.05711	0.47334	0.15624	0.01592	0.02346	0.02765	0.01673	0.02594	0.06123	0.02284	0.01520	0.04413	0.01345	0.00837	0.00625	0.00212	0.00907	0.00592	0.00414	0.01090
12	0.69439	0.01677	0.01346	0.01173	0.01702	0.01934	0.00967	0.08386	0.01659	0.03876	0.01239	0.01413	0.00950	0.00793	0.00545	0.00256	0.00669	0.00479	0.00545	0.00950
13	0.01756	0.01668	0.02830	0.44322	0.28744	0.01895	0.02400	0.02287	0.01750	0.02350	0.01510	0.02154	0.01188	0.00796	0.00827	0.00265	0.01061	0.00739	0.00385	0.01074
14	0.01410	0.00743	0.01115	0.01115	0.01134	0.00762	0.00762	0.01134	0.01115	0.01505	0.01543	0.02620	0.01524	0.03315	0.11481	0.66285	0.00914	0.00743	0.00372	0.00410
15	0.02186	0.02370	0.02694	0.02269	0.02468	0.17484	0.06805	0.05097	0.01698	0.02208	0.01225	0.01787	0.01114	0.01233	0.02040	0.00317	0.44936	0.00705	0.00404	0.00962
16	0.76672	0.01607	0.01221	0.01092	0.01607	0.01864	0.00900	0.02442	0.01414	0.03727	0.01157	0.01350	0.00900	0.00771	0.00514	0.00257	0.00643	0.00450	0.00514	0.00900
17	0.02290	0.11823	0.16439	0.03042	0.23556	0.17725	0.02186	0.05354	0.05220	0.02582	0.01540	0.01818	0.01237	0.00805	0.00762	0.00235	0.01127	0.00637	0.00435	0.01185
18	0.01443	0.00722	0.01082	0.01082	0.01082	0.00722	0.00722	0.01082	0.01082	0.01443	0.01443	0.02525	0.01443	0.02886	0.03247	0.75830	0.00722	0.00722	0.00361	0.00361
19	0.06310	0.02874	0.02187	0.02007	0.04807	0.33491	0.01494	0.13203	0.16511	0.03038	0.01941	0.02024	0.01504	0.00937	0.00769	0.00238	0.01104	0.00676	0.03764	0.01119
20	0.02093	0.01396	0.01460	0.01263	0.01640	0.01519	0.00997	0.19317	0.14129	0.03762	0.02638	0.02791	0.02007	0.01006	0.00700	0.00226	0.00585	0.00798	0.40619	0.01054
21	0.02112	0.51057	0.08709	0.01850	0.02560	0.02960	0.10420	0.02484	0.01699	0.02108	0.01250	0.01532	0.01095	0.00774	0.00789	0.00213	0.06393	0.00556	0.00365	0.01073
22	0.01188	0.00886	0.01313	0.01313	0.01454	0.01026	0.01011	0.01469	0.01329	0.01912	0.02245	0.03375	0.02125	0.09540	0.64268	0.01308	0.02152	0.00906	0.00448	0.00730
23	0.01311	0.08777	0.01419	0.01166	0.01393	0.06255	0.00869	0.01507	0.01791	0.02198	0.08410	0.35687	0.22087	0.02062	0.00951	0.00289	0.00584	0.01783	0.00706	0.00754
24	0.01114	0.00796	0.00996	0.01037	0.01145	0.00746	0.00706	0.01322	0.01807	0.02461	0.26734	0.27698	0.10055	0.17534	0.01736	0.00410	0.00517	0.01743	0.00764	0.00678
25	0.03032	0.02264	0.02422	0.01886	0.02528	0.02517	0.01548	0.56090	0.10874	0.05032	0.02155	0.02122	0.01543	0.01012	0.00833	0.00253	0.00884	0.00770	0.00833	0.01401
26	0.01023	0.00728	0.00961	0.01143	0.01188	0.00682	0.00756	0.01160	0.01569	0.02092	0.04470	0.66671	0.05357	0.06381	0.01236	0.00363	0.00500	0.02298	0.00756	0.00665
27	0.06509	0.04861	0.02990	0.33617	0.18517	0.02029	0.09424	0.02311	0.01703	0.02405	0.01454	0.02055	0.01157	0.00837	0.00970	0.00272	0.06721	0.00735	0.00393	0.01040
28	0.02161	0.64026	0.11103	0.01524	0.02291	0.03140	0.01600	0.02503	0.01695	0.02028	0.01191	0.01378	0.01065	0.00719	0.00561	0.00187	0.00925	0.00463	0.00355	0.01084
29	0.01012	0.00723	0.00964	0.01157	0.01205	0.00675	0.00771	0.01157	0.01591	0.02121	0.04579	0.70262	0.05495	0.02603	0.01060	0.00337	0.00482	0.02362	0.00771	0.00675
30	0.01963	0.11575	0.03935	0.14293	0.03873	0.05495	0.31799	0.02478	0.01789	0.02342	0.01467	0.02013	0.01173	0.00843	0.01140	0.00275	0.11306	0.00806	0.00394	0.01040
31	0.01012	0.00723	0.00964	0.01157	0.01205	0.00675	0.00771	0.01157	0.01591	0.02121	0.04579	0.70262	0.05495	0.02603	0.01060	0.00337	0.00482	0.02362	0.00771	0.00675
32	0.01915	0.11389	0.28798	0.02587	0.03516	0.02066	0.25631	0.02621	0.01848	0.05592	0.01761	0.05318	0.01402	0.00846	0.00847	0.00263	0.01191	0.00831	0.00431	0.01148
33	0.02221	0.71304	0.04353	0.01421	0.02132	0.03287	0.01421	0.02488	0.01688	0.01955	0.01155	0.01333	0.01066	0.00711	0.00533	0.00178	0.00888	0.00444	0.00355	0.01066
34	0.01012	0.00723	0.00964	0.01157	0.01205	0.00675	0.00771	0.01157	0.01591	0.02121	0.04579	0.70262	0.05495	0.02603	0.01060	0.00337	0.00482	0.02362	0.00771	0.00675
35	0.01579	0.00952	0.01161	0.01048	0.01360	0.00834	0.00807	0.01888	0.02182	0.14662	0.31971	0.06257	0.28664	0.01728	0.00954	0.00268	0.00462	0.01473	0.00881	0.00870
36	0.01666	0.04297	0.66500	0.02368	0.03596	0.01929	0.03069	0.02631	0.01754	0.02631	0.01491	0.01754	0.01052	0.00789	0.00789	0.00263	0.01228	0.00614	0.00351	0.01228
37	0.02082	0.56835	0.14849	0.01567	0.02345	0.02948	0.01676	0.02473	0.01728	0.02129	0.03942	0.01612	0.01352	0.00766	0.00596	0.00196	0.00925	0.00518	0.00378	0.01082

[dist]
# distance from previous block
# <min> <max>
2	9

[block]
# block no. 2 follows, 22 sequences, length 11
# corresponding to MSA columns:
# 227-237
name=unknown_C
#
# <colnr> <probs for GDERKNQSTAVLIFYWHMCP>
#	G	D	E	R	K	N	Q	S	T	A	V	L	I	F	Y	W	H	M	C	P
0	0.03042	0.01623	0.01964	0.01556	0.02170	0.01580	0.01262	0.11234	0.17288	0.36748	0.02949	0.02670	0.02002	0.01004	0.00814	0.00248	0.00711	0.00812	0.00902	0.09421
1	0.01809	0.04665	0.12450	0.18238	0.10540	0.01944	0.20593	0.02407	0.01778	0.02483	0.01518	0.02026	0.01181	0.00777	0.00932	0.00254	0.04739	0.00752	0.00401	0.10513
2	0.01146	0.00836	0.01077	0.01042	0.01229	0.00767	0.00772	0.01500	0.02242	0.03132	0.55037	0.12824	0.11653	0.01819	0.00988	0.00270	0.00403	0.01607	0.00890	0.00767
3	0.02421	0.01677	0.01862	0.01526	0.01939	0.01805	0.01176	0.35244	0.02790	0.07609	0.02417	0.07167	0.02187	0.21451	0.04574	0.00460	0.00898	0.00988	0.00729	0.01079
4	0.01072	0.00845	0.00967	0.00936	0.01177	0.00740	0.00702	0.01367	0.02107	0.02750	0.34814	0.07163	0.38572	0.01915	0.00981	0.00272	0.00407	0.01637	0.00838	0.00740
5	0.02532	0.12816	0.05744	0.02331	0.06064	0.28673	0.09370	0.07299	0.06558	0.02493	0.01522	0.01787	0.01236	0.00889	0.00942	0.00242	0.07303	0.00654	0.00465	0.01080
6	0.01012	0.00723	0.00964	0.01157	0.01205	0.00675	0.00771	0.01157	0.01591	0.02121	0.04579	0.70262	0.05495	0.02603	0.01060	0.00337	0.00482	0.02362	0.00771	0.00675
7	0.05846	0.01889	0.02010	0.01611	0.02140	0.02085	0.01312	0.42422	0.05803	0.04496	0.02172	0.02300	0.01616	0.01266	0.04315	0.00298	0.00857	0.00756	0.15584	0.01224
8	0.01072	0.00837	0.00972	0.00956	0.01182	0.00737	0.00710	0.01359	0.02079	0.02727	0.33808	0.11605	0.35070	0.01956	0.00986	0.00276	0.00412	0.01683	0.00836	0.00737
9	0.01894	0.02373	0.11284	0.03063	0.03749	0.02186	0.41577	0.02502	0.01775	0.02502	0.01520	0.02086	0.01197	0.00888	0.01370	0.00298	0.17376	0.00879	0.00399	0.01083
10	0.01943	0.01858	0.03168	0.19888	0.51717	0.01944	0.02493	0.02450	0.01838	0.02577	0.01543	0.02093	0.01268	0.00761	0.00824	0.00254	0.01015	0.00740	0.00401	0.01225

[dist]
# distance from previous block
# <min> <max>
0	26

[block]
# block no. 3 follows, 22 sequences, length 45
# corresponding to MSA columns:
# 264-305,307-309
name=unknown_D
#
# <colnr> <probs for GDERKNQSTAVLIFYWHMCP>
#	G	D	E	R	K	N	Q	S	T	A	V	L	I	F	Y	W	H	M	C	P
0	0.01818	0.01818	0.02545	0.02181	0.02181	0.02545	0.01818	0.01999	0.01272	0.01999	0.01091	0.01818	0.01091	0.01454	0.02726	0.00364	0.69284	0.00727	0.00364	0.00909
1	0.03531	0.01458	0.01922	0.01503	0.02125	0.01321	0.01232	0.04092	0.09671	0.58789	0.03290	0.02860	0.02113	0.01040	0.00837	0.00260	0.00701	0.00848	0.01007	0.01402
2	0.20663	0.02155	0.02190	0.01716	0.02345	0.02407	0.01417	0.48468	0.03313	0.04876	0.01795	0.01841	0.01291	0.00943	0.00756	0.00251	0.00850	0.00677	0.00756	0.01291
3	0.01232	0.00833	0.00985	0.01020	0.01054	0.00833	0.00655	0.01302	0.01336	0.01770	0.02942	0.06153	0.03341	0.58331	0.03667	0.00728	0.00798	0.11918	0.00551	0.00551
4	0.76672	0.01607	0.01221	0.01092	0.01607	0.01864	0.00900	0.02442	0.01414	0.03727	0.01157	0.01350	0.00900	0.00771	0.00514	0.00257	0.00643	0.00450	0.00514	0.00900
5	0.01070	0.00747	0.00947	0.01083	0.01117	0.00713	0.00693	0.01172	0.01478	0.01971	0.04003	0.51227	0.04768	0.22629	0.01991	0.00475	0.00577	0.02023	0.00693	0.00624
6	0.03069	0.02283	0.02443	0.01893	0.02542	0.02535	0.01557	0.58094	0.08809	0.05092	0.02107	0.02084	0.01504	0.01008	0.00832	0.00252	0.00893	0.00764	0.00832	0.01405
7	0.01157	0.00848	0.01084	0.01025	0.01230	0.00776	0.00769	0.01531	0.02307	0.03226	0.59697	0.06378	0.13391	0.01738	0.00980	0.00263	0.00395	0.01527	0.00901	0.00776
8	0.02169	0.67659	0.04175	0.01395	0.02069	0.03159	0.01374	0.02421	0.01663	0.01937	0.01231	0.01545	0.01167	0.04335	0.00724	0.00210	0.00884	0.00484	0.00363	0.01037
9	0.72759	0.01596	0.01259	0.01113	0.01634	0.01829	0.00917	0.02528	0.01466	0.07079	0.01271	0.01429	0.00962	0.00785	0.00531	0.00257	0.00646	0.00471	0.00542	0.00927
10	0.01633	0.01524	0.02472	0.60269	0.07811	0.01870	0.02228	0.02344	0.07234	0.02267	0.01650	0.02287	0.01243	0.00853	0.00832	0.00276	0.01062	0.00756	0.00413	0.00974
11	0.01015	0.00843	0.00887	0.00876	0.01142	0.00715	0.00657	0.01256	0.01971	0.02429	0.18043	0.07691	0.55543	0.02035	0.00981	0.00277	0.00416	0.01711	0.00796	0.00715
12	0.01490	0.01325	0.01326	0.01295	0.01586	0.06506	0.00994	0.02258	0.16985	0.02709	0.14683	0.12647	0.22798	0.01777	0.00957	0.00290	0.00607	0.08097	0.00783	0.00888
13	0.02066	0.01785	0.01878	0.01691	0.02160	0.02066	0.01315	0.04414	0.64121	0.03475	0.03381	0.03099	0.02536	0.01127	0.00845	0.00282	0.00657	0.00939	0.00845	0.01315
14	0.03060	0.02251	0.02413	0.01861	0.02492	0.02487	0.01525	0.59757	0.03770	0.05054	0.02026	0.02167	0.01493	0.04503	0.01002	0.00277	0.00909	0.00771	0.00815	0.01367
15	0.01166	0.00812	0.00894	0.00894	0.00946	0.00786	0.00527	0.01205	0.01335	0.01728	0.03692	0.05910	0.14555	0.58078	0.03627	0.00708	0.00734	0.01309	0.00553	0.00540
16	0.02448	0.01728	0.01922	0.01666	0.02172	0.01903	0.01326	0.10261	0.43102	0.15224	0.03273	0.03271	0.02451	0.01158	0.00858	0.00279	0.00699	0.04071	0.00873	0.01314
17	0.01656	0.01553	0.02506	0.56470	0.05155	0.01888	0.04711	0.02472	0.10589	0.02338	0.01757	0.02342	0.01318	0.00867	0.00839	0.00278	0.01056	0.00777	0.00439	0.00987
18	0.01929	0.01840	0.03073	0.04596	0.58001	0.01823	0.02323	0.02389	0.01892	0.02659	0.02372	0.02758	0.08875	0.00901	0.00841	0.00251	0.00920	0.00860	0.00454	0.01243
19	0.01549	0.00774	0.00774	0.00774	0.00968	0.00774	0.00581	0.01936	0.01742	0.03097	0.02710	0.03097	0.02129	0.00968	0.00581	0.00194	0.00387	0.00774	0.75416	0.00774
20	0.06332	0.02168	0.02296	0.01782	0.02402	0.02397	0.01467	0.55177	0.03618	0.04994	0.02015	0.02055	0.01448	0.00985	0.00796	0.00245	0.00859	0.00737	0.06890	0.01338
21	0.02289	0.02564	0.01799	0.01634	0.02020	0.33827	0.01233	0.07184	0.07311	0.02441	0.03763	0.03835	0.21086	0.04227	0.00982	0.00268	0.01024	0.00988	0.00602	0.00926
22	0.01549	0.00774	0.00774	0.00774	0.00968	0.00774	0.00581	0.01936	0.01742	0.03097	0.02710	0.03097	0.02129	0.00968	0.00581	0.00194	0.00387	0.00774	0.75416	0.00774
23	0.02977	0.02191	0.02368	0.01840	0.02451	0.02424	0.01507	0.57175	0.03663	0.04917	0.02032	0.02203	0.01514	0.04204	0.04317	0.00327	0.00975	0.00774	0.00798	0.01341
24	0.02881	0.02146	0.02311	0.01829	0.02426	0.02374	0.01488	0.52357	0.09356	0.04817	0.02335	0.07656	0.01850	0.01140	0.00851	0.00260	0.00855	0.00897	0.00828	0.01344
25	0.01791	0.01390	0.01655	0.01240	0.01896	0.01068	0.00978	0.02132	0.01756	0.07263	0.01947	0.09295	0.01757	0.00863	0.00680	0.00156	0.00607	0.00722	0.00562	0.62243
26	0.01188	0.00887	0.01317	0.01317	0.01459	0.01029	0.01016	0.01472	0.01330	0.01915	0.02242	0.03355	0.02117	0.08946	0.64851	0.01313	0.02165	0.00903	0.00447	0.00732
27	0.01658	0.01062	0.01026	0.00926	0.01230	0.04184	0.00706	0.02034	0.01769	0.02973	0.02414	0.02767	0.01912	0.00898	0.00595	0.00182	0.00484	0.00711	0.58009	0.14459
28	0.01593	0.01501	0.02534	0.65714	0.08630	0.01852	0.02319	0.02143	0.01672	0.02151	0.01481	0.02207	0.01118	0.00826	0.00830	0.00275	0.01102	0.00738	0.00371	0.00942
29	0.01648	0.03001	0.36194	0.02717	0.12408	0.01733	0.11344	0.02355	0.01775	0.02555	0.02092	0.14344	0.01931	0.01099	0.00872	0.00277	0.01082	0.01005	0.00446	0.01124
30	0.01001	0.00842	0.00868	0.00862	0.01134	0.00709	0.00646	0.01229	0.01939	0.02351	0.14018	0.07818	0.59616	0.02064	0.00982	0.00279	0.00418	0.01729	0.00786	0.00709
31	0.02226	0.50005	0.06968	0.01901	0.07418	0.08945	0.01646	0.02532	0.01732	0.02061	0.01211	0.01471	0.01088	0.00797	0.00784	0.00207	0.07062	0.00510	0.00367	0.01071
32	0.02446	0.01700	0.01890	0.01642	0.02151	0.01873	0.01293	0.04331	0.50000	0.17821	0.03357	0.03037	0.02426	0.01104	0.00843	0.00276	0.00669	0.00915	0.00887	0.01338
33	0.11415	0.02573	0.02509	0.02426	0.11795	0.21778	0.05964	0.17935	0.06657	0.03272	0.01700	0.01927	0.01330	0.01113	0.03777	0.00292	0.01145	0.00683	0.00565	0.01145
34	0.01191	0.00808	0.00901	0.00901	0.00922	0.00797	0.00513	0.01207	0.01260	0.01659	0.03058	0.05631	0.07749	0.65587	0.03982	0.00766	0.00776	0.01249	0.00524	0.00518
35	0.02609	0.02955	0.02258	0.02321	0.10629	0.38723	0.01584	0.03365	0.16492	0.02536	0.01913	0.02062	0.01521	0.00912	0.00768	0.00232	0.01153	0.00673	0.06217	0.01076
36	0.01176	0.00849	0.01110	0.01045	0.01241	0.00784	0.00784	0.01568	0.02352	0.03331	0.65184	0.06206	0.07839	0.01698	0.00980	0.00261	0.00392	0.01502	0.00914	0.00784
37	0.01408	0.00722	0.01073	0.01088	0.01092	0.00718	0.00726	0.01088	0.01124	0.01498	0.01698	0.08040	0.01773	0.02863	0.03069	0.69683	0.00702	0.00855	0.00394	0.00386
38	0.01123	0.00847	0.01038	0.00990	0.01209	0.00761	0.00742	0.01466	0.02227	0.03036	0.49786	0.06691	0.23420	0.01808	0.00980	0.00267	0.00400	0.01570	0.00876	0.00761
39	0.01012	0.00723	0.00964	0.01157	0.01205	0.00675	0.00771	0.01157	0.01591	0.02121	0.04579	0.70262	0.05495	0.02603	0.01060	0.00337	0.00482	0.02362	0.00771	0.00675
40	0.01972	0.01560	0.01816	0.04959	0.02200	0.01388	0.01141	0.11502	0.05325	0.05912	0.02385	0.02499	0.07355	0.00870	0.00716	0.00180	0.00675	0.00701	0.00606	0.46238
41	0.03118	0.07404	0.02521	0.01800	0.02455	0.02406	0.01501	0.46769	0.06436	0.13880	0.02187	0.02121	0.01536	0.00986	0.00810	0.00247	0.00869	0.00747	0.00825	0.01382
42	0.08494	0.02600	0.02231	0.01830	0.02406	0.20448	0.01455	0.30756	0.08443	0.03834	0.01808	0.01880	0.01361	0.00916	0.00765	0.00231	0.01006	0.00659	0.00664	0.08213
43	0.01635	0.01544	0.02611	0.60163	0.13850	0.01863	0.02340	0.02180	0.01692	0.02203	0.01488	0.02193	0.01136	0.00818	0.00829	0.00273	0.01091	0.00739	0.00375	0.00976
44	0.02087	0.36621	0.24297	0.01826	0.02672	0.02481	0.04982	0.02601	0.01774	0.07450	0.01641	0.05202	0.01381	0.00860	0.00691	0.00225	0.00989	0.00658	0.00433	0.01130

[dist]
# distance from previous block
# <min> <max>
1	5

[block]
# block no. 4 follows, 22 sequences, length 8
# corresponding to MSA columns:
# 315-322
name=unknown_E
#
# <colnr> <probs for GDERKNQSTAVLIFYWHMCP>
#	G	D	E	R	K	N	Q	S	T	A	V	L	I	F	Y	W	H	M	C	P
0	0.02018	0.10824	0.02391	0.01686	0.02140	0.04004	0.07764	0.16740	0.04616	0.03064	0.03322	0.06781	0.14188	0.01306	0.01004	0.00264	0.06870	0.03085	0.06910	0.01022
1	0.08301	0.06717	0.09883	0.02248	0.02986	0.01943	0.22395	0.04726	0.06472	0.06143	0.01732	0.02020	0.01322	0.00798	0.00891	0.00242	0.04575	0.00737	0.00504	0.15364
2	0.01186	0.00970	0.01581	0.01540	0.01720	0.00914	0.09904	0.01437	0.01679	0.02239	0.04134	0.53828	0.04798	0.02291	0.01058	0.00334	0.00647	0.08271	0.00719	0.00750
3	0.01815	0.01391	0.01659	0.01243	0.01900	0.01071	0.00981	0.02156	0.01764	0.07970	0.01959	0.09127	0.01755	0.00862	0.00681	0.00157	0.00609	0.00720	0.00567	0.61614
4	0.01597	0.10606	0.47262	0.02033	0.02978	0.01827	0.02450	0.02329	0.01715	0.02461	0.02056	0.15030	0.01918	0.01134	0.00815	0.00269	0.01047	0.00936	0.00433	0.01103
5	0.00988	0.00819	0.00865	0.00903	0.01138	0.00696	0.00658	0.01185	0.01835	0.02220	0.07670	0.20102	0.53660	0.02201	0.00997	0.00292	0.00433	0.01872	0.00771	0.00696
6	0.76672	0.01607	0.01221	0.01092	0.01607	0.01864	0.00900	0.02442	0.01414	0.03727	0.01157	0.01350	0.00900	0.00771	0.00514	0.00257	0.00643	0.00450	0.00514	0.00900
7	0.43061	0.12328	0.01809	0.01224	0.01684	0.01935	0.01015	0.08287	0.01644	0.03160	0.01297	0.01641	0.01083	0.01196	0.01080	0.14938	0.00724	0.00532	0.00492	0.00873

[dist]
# distance from previous block
# <min> <max>
4	6

[block]
# block no. 5 follows, 22 sequences, length 42
# corresponding to MSA columns:
# 329-370
name=unknown_F
#
# <colnr> <probs for GDERKNQSTAVLIFYWHMCP>
#	G	D	E	R	K	N	Q	S	T	A	V	L	I	F	Y	W	H	M	C	P
0	0.00982	0.00842	0.00842	0.00842	0.01122	0.00701	0.00631	0.01192	0.01894	0.02244	0.08416	0.07995	0.65285	0.02104	0.00982	0.00281	0.00421	0.01753	0.00771	0.00701
1	0.01187	0.00890	0.01335	0.01335	0.01483	0.01038	0.01038	0.01483	0.01335	0.01928	0.02225	0.03264	0.02077	0.06231	0.67512	0.01335	0.02225	0.00890	0.00445	0.00742
2	0.01176	0.00849	0.01110	0.01045	0.01241	0.00784	0.00784	0.01568	0.02352	0.03331	0.65184	0.06206	0.07839	0.01698	0.00980	0.00261	0.00392	0.01502	0.00914	0.00784
3	0.01876	0.01790	0.03046	0.28657	0.43473	0.01926	0.02460	0.02392	0.01806	0.02495	0.01531	0.02115	0.01239	0.00774	0.00825	0.00258	0.01031	0.00739	0.00396	0.01171
4	0.01723	0.01477	0.01723	0.01230	0.01969	0.01107	0.00984	0.02092	0.01723	0.02707	0.01477	0.01723	0.01230	0.00615	0.00615	0.00123	0.00615	0.00492	0.00492	0.75883
5	0.76672	0.01607	0.01221	0.01092	0.01607	0.01864	0.00900	0.02442	0.01414	0.03727	0.01157	0.01350	0.00900	0.00771	0.00514	0.00257	0.00643	0.00450	0.00514	0.00900
6	0.01629	0.01529	0.01552	0.01484	0.01644	0.13142	0.01126	0.01861	0.01555	0.02040	0.02202	0.09026	0.02175	0.10146	0.29502	0.00773	0.10210	0.00960	0.06669	0.00777
7	0.01666	0.04297	0.66500	0.02368	0.03596	0.01929	0.03069	0.02631	0.01754	0.02631	0.01491	0.01754	0.01052	0.00789	0.00789	0.00263	0.01228	0.00614	0.00351	0.01228
8	0.03088	0.01275	0.01708	0.01357	0.01896	0.01108	0.01103	0.03413	0.02338	0.50702	0.14375	0.03785	0.07608	0.01222	0.00871	0.00259	0.00632	0.01017	0.00990	0.01253
9	0.02470	0.33049	0.11807	0.01861	0.02499	0.27932	0.01731	0.02806	0.01936	0.02078	0.01247	0.01475	0.01067	0.00812	0.00752	0.00212	0.04327	0.00515	0.00383	0.01041
10	0.01012	0.00723	0.00964	0.01157	0.01205	0.00675	0.00771	0.01157	0.01591	0.02121	0.04579	0.70262	0.05495	0.02603	0.01060	0.00337	0.00482	0.02362	0.00771	0.00675
11	0.07302	0.66548	0.04139	0.01399	0.02096	0.03190	0.01386	0.02484	0.01669	0.02075	0.01155	0.01334	0.01055	0.00715	0.00532	0.00183	0.00872	0.00445	0.00366	0.01055
12	0.03037	0.02284	0.02569	0.01954	0.02630	0.02487	0.04369	0.57299	0.03716	0.05001	0.01956	0.01993	0.01397	0.00966	0.00828	0.00245	0.00923	0.00747	0.00797	0.04800
13	0.01010	0.00731	0.00955	0.01134	0.01199	0.00677	0.00761	0.01159	0.01612	0.02130	0.04855	0.65782	0.09797	0.02567	0.01055	0.00333	0.00478	0.02318	0.00771	0.00677
14	0.01080	0.00845	0.00978	0.00945	0.01182	0.00743	0.00709	0.01383	0.02126	0.02796	0.37228	0.07087	0.36128	0.01898	0.00981	0.00271	0.00406	0.01626	0.00844	0.00743
15	0.01953	0.02172	0.04603	0.06884	0.11657	0.02073	0.52553	0.02622	0.01938	0.02641	0.01657	0.02218	0.01260	0.00711	0.00954	0.00276	0.01337	0.00940	0.00417	0.01134
16	0.02221	0.71304	0.04353	0.01421	0.02132	0.03287	0.01421	0.02488	0.01688	0.01955	0.01155	0.01333	0.01066	0.00711	0.00533	0.00178	0.00888	0.00444	0.00355	0.01066
17	0.02495	0.01759	0.01943	0.01668	0.02189	0.01943	0.01320	0.09535	0.46443	0.16154	0.03237	0.02947	0.02340	0.01096	0.00842	0.00274	0.00690	0.00902	0.00881	0.01343
18	0.00994	0.00832	0.00866	0.00880	0.01135	0.00703	0.00651	0.01208	0.01890	0.02289	0.10989	0.13372	0.57089	0.02127	0.00989	0.00285	0.00425	0.01794	0.00779	0.00703
19	0.01569	0.01477	0.02492	0.68808	0.05722	0.01846	0.02307	0.02123	0.01661	0.02123	0.01477	0.02215	0.01107	0.00831	0.00831	0.00277	0.01107	0.00738	0.00369	0.00923
20	0.01012	0.00723	0.00964	0.01157	0.01205	0.00675	0.00771	0.01157	0.01591	0.02121	0.04579	0.70262	0.05495	0.02603	0.01060	0.00337	0.00482	0.02362	0.00771	0.00675
21	0.02573	0.02008	0.02092	0.01786	0.02306	0.10471	0.04171	0.04106	0.39170	0.17424	0.03003	0.02788	0.02176	0.01049	0.00837	0.00267	0.00814	0.00865	0.00812	0.01282
22	0.02363	0.01875	0.02004	0.01725	0.02241	0.02128	0.01363	0.16064	0.49170	0.06803	0.03099	0.02866	0.02289	0.01096	0.00842	0.00274	0.00711	0.00896	0.00851	0.01339
23	0.02842	0.01939	0.02194	0.01747	0.02312	0.02116	0.01428	0.42022	0.06243	0.12371	0.02266	0.02371	0.01663	0.01898	0.12176	0.00437	0.01098	0.00793	0.00791	0.01294
24	0.01680	0.01036	0.01301	0.01164	0.01471	0.00977	0.00897	0.02237	0.08382	0.13945	0.43620	0.05482	0.11356	0.01564	0.00942	0.00264	0.00474	0.01356	0.00915	0.00936
25	0.02056	0.01974	0.03372	0.05099	0.65622	0.01974	0.02550	0.02550	0.01892	0.02714	0.01563	0.02056	0.01316	0.00740	0.00822	0.00247	0.00987	0.00740	0.00411	0.01316
26	0.02118	0.58913	0.15846	0.01596	0.02403	0.03036	0.01726	0.02514	0.01700	0.02080	0.01217	0.01411	0.01064	0.00725	0.00580	0.00193	0.00951	0.00476	0.00355	0.01096
27	0.01887	0.01568	0.01642	0.01477	0.01904	0.01744	0.01149	0.07592	0.43505	0.03320	0.04282	0.04031	0.15341	0.01310	0.00857	0.00274	0.00610	0.01084	0.05263	0.01163
28	0.01549	0.00774	0.00774	0.00774	0.00968	0.00774	0.00581	0.01936	0.01742	0.03097	0.02710	0.03097	0.02129	0.00968	0.00581	0.00194	0.00387	0.00774	0.75416	0.00774
29	0.03158	0.02327	0.02493	0.01911	0.02576	0.02576	0.01579	0.62852	0.03906	0.05236	0.01995	0.01995	0.01413	0.00997	0.00831	0.00249	0.00914	0.00748	0.00831	0.01413
30	0.01761	0.15696	0.55928	0.02207	0.03347	0.02160	0.02789	0.02607	0.01743	0.02516	0.01434	0.01682	0.01055	0.00776	0.00746	0.00249	0.01170	0.00585	0.00352	0.01200
31	0.02360	0.01612	0.01837	0.01576	0.01998	0.01707	0.01229	0.31710	0.05074	0.09842	0.03147	0.27976	0.03062	0.01613	0.00919	0.00285	0.00721	0.01375	0.00828	0.01130
32	0.01549	0.00774	0.00774	0.00774	0.00968	0.00774	0.00581	0.01936	0.01742	0.03097	0.02710	0.03097	0.02129	0.00968	0.00581	0.00194	0.00387	0.00774	0.75416	0.00774
33	0.01708	0.07448	0.60447	0.02378	0.03561	0.02004	0.05925	0.02625	0.01761	0.02600	0.01484	0.01757	0.01063	0.00781	0.00786	0.00260	0.01220	0.00624	0.00354	0.01215
34	0.02006	0.01940	0.03362	0.11020	0.57076	0.01968	0.05376	0.02515	0.01873	0.02656	0.01560	0.02080	0.01294	0.00747	0.00831	0.00251	0.01018	0.00751	0.00408	0.01270
35	0.03019	0.02258	0.02415	0.01883	0.02523	0.02511	0.01545	0.55390	0.11595	0.05011	0.02172	0.02136	0.01556	0.01014	0.00833	0.00253	0.00881	0.00772	0.00833	0.01400
36	0.01614	0.03722	0.54439	0.02265	0.03327	0.01801	0.05686	0.02478	0.01758	0.02607	0.04829	0.02138	0.01500	0.01307	0.06641	0.00358	0.01281	0.00701	0.00391	0.01157
37	0.11311	0.06494	0.01819	0.01215	0.01896	0.01350	0.00988	0.02134	0.01662	0.02744	0.01453	0.01779	0.01240	0.03137	0.00725	0.00168	0.00645	0.00509	0.00486	0.58245
38	0.02064	0.01820	0.02155	0.02321	0.13896	0.02049	0.01543	0.04070	0.52614	0.03334	0.03045	0.02907	0.02310	0.01056	0.00841	0.00275	0.00718	0.00902	0.00765	0.01315
39	0.01028	0.00764	0.00959	0.01079	0.01193	0.00695	0.00745	0.01220	0.01755	0.02310	0.13606	0.49099	0.17751	0.02380	0.01034	0.00316	0.00457	0.02123	0.00791	0.00695
40	0.01823	0.02074	0.06601	0.06157	0.03585	0.02094	0.36626	0.02352	0.01730	0.02421	0.01716	0.07002	0.01504	0.01045	0.01428	0.00305	0.19101	0.00985	0.00425	0.01028
41	0.01279	0.00962	0.01342	0.01274	0.01499	0.01025	0.00984	0.01575	0.01401	0.02074	0.02163	0.03148	0.02008	0.08346	0.52117	0.01089	0.01849	0.00845	0.03873	0.11146

[dist]
# distance from previous block
# <min> <max>
0	3

[block]
# block no. 6 follows, 22 sequences, length 21
# corresponding to MSA columns:
# 374-382,387-398
name=unknown_G
#
# <colnr> <probs for GDERKNQSTAVLIFYWHMCP>
#	G	D	E	R	K	N	Q	S	T	A	V	L	I	F	Y	W	H	M	C	P
0	0.01077	0.00878	0.00959	0.00957	0.01206	0.00783	0.00710	0.01423	0.05087	0.02503	0.18720	0.14014	0.44677	0.02029	0.00983	0.00283	0.00434	0.01728	0.00803	0.00745
1	0.59812	0.07178	0.01567	0.01206	0.01730	0.02007	0.01002	0.02735	0.10628	0.03549	0.01483	0.01605	0.01153	0.00819	0.00564	0.00254	0.00664	0.00521	0.00550	0.00974
2	0.33293	0.08463	0.15896	0.02104	0.11559	0.01967	0.03957	0.02667	0.01695	0.09272	0.01514	0.01715	0.01134	0.00788	0.00668	0.00251	0.00873	0.00584	0.00497	0.01103
3	0.01955	0.02276	0.09895	0.03170	0.12728	0.02012	0.33299	0.02954	0.13926	0.02825	0.01964	0.02308	0.01493	0.00793	0.00895	0.00266	0.01143	0.00879	0.00498	0.04720
4	0.02705	0.03020	0.02508	0.11350	0.11795	0.37534	0.01812	0.10976	0.05689	0.02640	0.01554	0.01822	0.01233	0.00870	0.00786	0.00235	0.01253	0.00640	0.00493	0.01085
5	0.02422	0.05562	0.02450	0.01954	0.05114	0.01749	0.10270	0.03533	0.24232	0.20838	0.10120	0.03115	0.02698	0.01063	0.00859	0.00265	0.00777	0.00945	0.00796	0.01238
6	0.09531	0.01429	0.01872	0.01447	0.02080	0.01272	0.01195	0.03921	0.02301	0.61227	0.03109	0.02710	0.01964	0.01008	0.00810	0.00257	0.00702	0.00805	0.00987	0.01373
7	0.03158	0.02327	0.02493	0.01911	0.02576	0.02576	0.01579	0.62852	0.03906	0.05236	0.01995	0.01995	0.01413	0.00997	0.00831	0.00249	0.00914	0.00748	0.00831	0.01413
8	0.01155	0.00905	0.01031	0.01011	0.01233	0.00844	0.00738	0.01572	0.06911	0.02640	0.26162	0.12347	0.30313	0.07912	0.01260	0.00325	0.00469	0.01611	0.00802	0.00758
9	0.02142	0.59215	0.07637	0.01566	0.02220	0.03122	0.01562	0.02437	0.01642	0.01998	0.01166	0.01414	0.01068	0.00804	0.00810	0.00205	0.09092	0.00488	0.00356	0.01056
10	0.01924	0.01825	0.03097	0.17374	0.50663	0.01897	0.02441	0.02424	0.01848	0.02587	0.01690	0.02459	0.01451	0.00837	0.00841	0.00260	0.00999	0.03753	0.00421	0.01211
11	0.01569	0.01477	0.02492	0.68808	0.05722	0.01846	0.02307	0.02123	0.01661	0.02123	0.01477	0.02215	0.01107	0.00831	0.00831	0.00277	0.01107	0.00738	0.00369	0.00923
12	0.01443	0.00722	0.01082	0.01082	0.01082	0.00722	0.00722	0.01082	0.01082	0.01443	0.01443	0.02525	0.01443	0.02886	0.03247	0.75830	0.00722	0.00722	0.00361	0.00361
13	0.02926	0.02121	0.02269	0.01765	0.02358	0.02336	0.01442	0.54661	0.03591	0.04879	0.02086	0.02253	0.01551	0.04289	0.00970	0.00271	0.00863	0.00772	0.07282	0.01315
14	0.08278	0.01488	0.02378	0.62758	0.05354	0.01847	0.02181	0.02151	0.01639	0.02266	0.01448	0.02138	0.01089	0.00825	0.00802	0.00275	0.01066	0.00713	0.00382	0.00921
15	0.01012	0.00723	0.00964	0.01157	0.01205	0.00675	0.00771	0.01157	0.01591	0.02121	0.04579	0.70262	0.05495	0.02603	0.01060	0.00337	0.00482	0.02362	0.00771	0.00675
16	0.01012	0.00723	0.00964	0.01157	0.01205	0.00675	0.00771	0.01157	0.01591	0.02121	0.04579	0.70262	0.05495	0.02603	0.01060	0.00337	0.00482	0.02362	0.00771	0.00675
17	0.01891	0.03836	0.54787	0.02384	0.03520	0.01877	0.08210	0.02770	0.01832	0.08747	0.01680	0.01901	0.01168	0.00804	0.00811	0.00264	0.01193	0.00668	0.00422	0.01236
18	0.01012	0.00723	0.00964	0.01157	0.01205	0.00675	0.00771	0.01157	0.01591	0.02121	0.04579	0.70262	0.05495	0.02603	0.01060	0.00337	0.00482	0.02362	0.00771	0.00675
19	0.01860	0.01774	0.03018	0.30683	0.41568	0.01922	0.02452	0.02378	0.01799	0.02477	0.01528	0.02120	0.01232	0.00776	0.00826	0.00259	0.01035	0.00739	0.00394	0.01158
20	0.02265	0.05064	0.03056	0.06755	0.41807	0.16512	0.02209	0.02759	0.04590	0.02517	0.01542	0.01947	0.01287	0.00810	0.00862	0.00244	0.03459	0.00691	0.00428	0.01197

[dist]
# distance from previous block
# <min> <max>
0	8

# created by:
# /st0/software/busco_prod/Augustus/scripts/msa2prfl.pl ./align_prep/134565.fa
