[name]
unknown

[dist]
# distance from previous block
# <min> <max>
27	88

[block]
# block no. 0 follows, 29 sequences, length 18
# corresponding to MSA columns:
# 98-115
name=unknown_A
#
# <colnr> <probs for GDERKNQSTAVLIFYWHMCP>
#	G	D	E	R	K	N	Q	S	T	A	V	L	I	F	Y	W	H	M	C	P
0	0.01934	0.06327	0.01719	0.01422	0.01735	0.25504	0.01100	0.09219	0.10656	0.02270	0.04137	0.06930	0.08436	0.05030	0.00961	0.00241	0.05888	0.00793	0.04864	0.00836
1	0.02086	0.01738	0.01737	0.05117	0.02014	0.11836	0.01166	0.21615	0.10993	0.07800	0.02013	0.09916	0.01723	0.03382	0.00838	0.00226	0.02671	0.00776	0.00590	0.11764
2	0.01621	0.01356	0.01413	0.01255	0.01562	0.07016	0.02350	0.08880	0.21097	0.04678	0.07241	0.12511	0.06907	0.12691	0.01198	0.00300	0.00629	0.01006	0.00619	0.05671
3	0.02353	0.01832	0.01864	0.01491	0.01952	0.06216	0.01190	0.48515	0.07434	0.03719	0.02048	0.02332	0.04283	0.10207	0.01080	0.00275	0.00770	0.00726	0.00655	0.01058
4	0.01531	0.01456	0.02472	0.42536	0.34176	0.01631	0.02070	0.01983	0.01512	0.02045	0.01299	0.01838	0.01029	0.00677	0.00709	0.00226	0.00903	0.00634	0.00332	0.00941
5	0.01345	0.01266	0.02136	0.73264	0.04904	0.01582	0.01978	0.01819	0.01424	0.01819	0.01266	0.01898	0.00949	0.00712	0.00712	0.00237	0.00949	0.00633	0.00316	0.00791
6	0.01846	0.19871	0.06203	0.06540	0.04283	0.06213	0.10886	0.07925	0.01675	0.06919	0.01636	0.10251	0.01484	0.00941	0.00892	0.00225	0.10108	0.00755	0.00438	0.00910
7	0.00995	0.00688	0.00839	0.00854	0.00913	0.00663	0.00549	0.01120	0.01395	0.01910	0.23063	0.18398	0.04246	0.38689	0.02258	0.00472	0.00530	0.01303	0.00582	0.00532
8	0.01058	0.00725	0.00851	0.00862	0.01030	0.00646	0.00611	0.01226	0.01555	0.06749	0.13279	0.24457	0.30946	0.11265	0.01210	0.00308	0.00431	0.01502	0.00662	0.00624
9	0.01111	0.00804	0.00969	0.01018	0.01134	0.00793	0.00704	0.09120	0.01580	0.02089	0.03696	0.50648	0.09350	0.11960	0.01250	0.00331	0.00491	0.01680	0.00636	0.00637
10	0.01811	0.01744	0.04268	0.11382	0.18251	0.06740	0.11309	0.06711	0.13802	0.05622	0.02089	0.02294	0.06099	0.00838	0.00800	0.00229	0.03790	0.00743	0.00483	0.00996
11	0.15747	0.01556	0.01573	0.01350	0.01784	0.01770	0.01076	0.19009	0.36509	0.03362	0.02233	0.02162	0.01668	0.00876	0.00656	0.00226	0.00599	0.00681	0.06112	0.01053
12	0.02269	0.01493	0.01669	0.01378	0.01829	0.01596	0.01097	0.22080	0.26505	0.18866	0.02759	0.02704	0.06007	0.05336	0.00897	0.00255	0.00632	0.00793	0.00736	0.01097
13	0.02318	0.01742	0.01898	0.01634	0.05469	0.04827	0.01247	0.44066	0.05443	0.06933	0.08722	0.08311	0.02100	0.01020	0.00739	0.00221	0.00716	0.00824	0.00690	0.01080
14	0.01201	0.00887	0.01065	0.01064	0.01230	0.00880	0.00757	0.09832	0.04823	0.02287	0.08824	0.44416	0.05763	0.08510	0.01099	0.00299	0.00491	0.01549	0.00648	0.04375
15	0.06237	0.01114	0.01170	0.01027	0.01301	0.01181	0.00783	0.21768	0.01973	0.02943	0.02487	0.09590	0.05997	0.11502	0.01061	0.00274	0.00542	0.00871	0.27387	0.00792
16	0.01127	0.00810	0.00940	0.00941	0.01100	0.00780	0.00662	0.05211	0.04744	0.04198	0.09689	0.28197	0.20872	0.15780	0.01379	0.00339	0.00481	0.01461	0.00640	0.00647
17	0.08016	0.00940	0.01004	0.00908	0.01151	0.00926	0.00670	0.08847	0.01708	0.06584	0.12277	0.04602	0.24881	0.19139	0.01442	0.00338	0.00514	0.01084	0.04275	0.00692

[dist]
# distance from previous block
# <min> <max>
8	20

[block]
# block no. 1 follows, 29 sequences, length 6
# corresponding to MSA columns:
# 138-143
name=unknown_B
#
# <colnr> <probs for GDERKNQSTAVLIFYWHMCP>
#	G	D	E	R	K	N	Q	S	T	A	V	L	I	F	Y	W	H	M	C	P
0	0.02173	0.01883	0.08258	0.01703	0.02298	0.01754	0.09924	0.33826	0.06393	0.07645	0.01862	0.06405	0.01461	0.00862	0.00717	0.00212	0.00783	0.00732	0.00604	0.10506
1	0.01964	0.01505	0.01866	0.01899	0.14298	0.01552	0.01273	0.19105	0.17398	0.08194	0.04676	0.08660	0.01955	0.00944	0.00711	0.00213	0.00647	0.00802	0.00621	0.11720
2	0.02136	0.01745	0.01893	0.01696	0.08906	0.07991	0.01227	0.21880	0.10084	0.07963	0.01692	0.01764	0.01278	0.00731	0.00647	0.00180	0.00714	0.00578	0.00564	0.26330
3	0.02217	0.01691	0.01958	0.01492	0.02068	0.01720	0.04219	0.35631	0.10019	0.06561	0.01749	0.01789	0.01291	0.00761	0.00666	0.00187	0.00695	0.00608	0.00620	0.24058
4	0.01967	0.01907	0.02407	0.08457	0.37654	0.13210	0.01782	0.13187	0.01940	0.02514	0.01554	0.07255	0.01368	0.00816	0.00712	0.00215	0.00882	0.00713	0.00436	0.01025
5	0.02134	0.01737	0.01916	0.04476	0.07338	0.06138	0.01259	0.27035	0.10579	0.05898	0.01689	0.01773	0.01272	0.00747	0.00657	0.00186	0.00720	0.00590	0.00573	0.23285

[dist]
# distance from previous block
# <min> <max>
0	1

[block]
# block no. 2 follows, 29 sequences, length 99
# corresponding to MSA columns:
# 145-243
name=unknown_C
#
# <colnr> <probs for GDERKNQSTAVLIFYWHMCP>
#	G	D	E	R	K	N	Q	S	T	A	V	L	I	F	Y	W	H	M	C	P
0	0.01137	0.00789	0.01111	0.12400	0.01708	0.00788	0.00890	0.01327	0.01408	0.06744	0.03251	0.51915	0.03677	0.05583	0.00991	0.00291	0.00529	0.01608	0.00603	0.03250
1	0.02149	0.01592	0.01752	0.01441	0.01869	0.01720	0.01146	0.46017	0.04847	0.03659	0.02311	0.20805	0.02152	0.01206	0.00757	0.00230	0.00670	0.01000	0.00688	0.03988
2	0.59429	0.03470	0.01320	0.01088	0.01548	0.06639	0.00893	0.06694	0.01503	0.10095	0.01234	0.01332	0.00916	0.00700	0.00502	0.00215	0.00630	0.00442	0.00495	0.00853
3	0.00844	0.00713	0.00730	0.00744	0.00968	0.00599	0.00551	0.01019	0.01602	0.01915	0.06943	0.12425	0.64847	0.01839	0.00847	0.00244	0.00365	0.01546	0.00661	0.00599
4	0.05536	0.01657	0.11878	0.01405	0.02021	0.01281	0.01297	0.08464	0.05032	0.50167	0.02436	0.02197	0.01575	0.00845	0.00701	0.00222	0.00682	0.00675	0.00760	0.01169
5	0.02664	0.03282	0.02027	0.01819	0.02202	0.66539	0.01374	0.08054	0.02124	0.01962	0.01149	0.01318	0.00941	0.00743	0.00648	0.00186	0.01244	0.00473	0.00394	0.00856
6	0.01771	0.01530	0.01610	0.01449	0.01852	0.01771	0.01127	0.03784	0.69247	0.02979	0.02898	0.02657	0.02174	0.00966	0.00725	0.00242	0.00564	0.00805	0.00725	0.01127
7	0.01948	0.01859	0.02722	0.03879	0.58093	0.08865	0.02024	0.05016	0.01749	0.05022	0.01387	0.01737	0.01134	0.00663	0.00699	0.00209	0.00879	0.00620	0.00389	0.01104
8	0.02679	0.01981	0.02121	0.01633	0.02198	0.02195	0.01347	0.66251	0.05301	0.04443	0.01745	0.01738	0.01239	0.00858	0.00713	0.00215	0.00777	0.00646	0.00713	0.01208
9	0.01237	0.00618	0.00928	0.00928	0.00928	0.00618	0.00618	0.00928	0.00928	0.01237	0.01237	0.02165	0.01237	0.02474	0.02783	0.79283	0.00618	0.00618	0.00309	0.00309
10	0.01147	0.00717	0.00822	0.00802	0.00830	0.00709	0.00463	0.01161	0.01087	0.04965	0.02273	0.04545	0.02546	0.71162	0.03475	0.00666	0.00686	0.01019	0.00455	0.00472
11	0.01633	0.01828	0.03909	0.12952	0.03889	0.01770	0.58604	0.02216	0.01644	0.02216	0.01416	0.01918	0.01062	0.00616	0.00822	0.00240	0.01165	0.00811	0.00354	0.00936
12	0.01034	0.00695	0.00801	0.00801	0.00810	0.00704	0.00462	0.01051	0.01043	0.01399	0.02221	0.04534	0.02534	0.70283	0.08242	0.00721	0.00772	0.01017	0.00428	0.00445
13	0.01023	0.00739	0.01024	0.01024	0.01110	0.00825	0.00740	0.01194	0.01109	0.01564	0.02017	0.03405	0.02044	0.28073	0.49782	0.00996	0.01510	0.00852	0.00398	0.00569
14	0.80005	0.01377	0.01047	0.00936	0.01377	0.01597	0.00771	0.02093	0.01212	0.03195	0.00991	0.01157	0.00771	0.00661	0.00441	0.00220	0.00551	0.00386	0.00441	0.00771
15	0.02061	0.62398	0.03429	0.01287	0.01882	0.04941	0.01233	0.09591	0.01698	0.04282	0.01134	0.01253	0.00975	0.00650	0.00500	0.00162	0.00776	0.00423	0.00371	0.00954
16	0.80005	0.01377	0.01047	0.00936	0.01377	0.01597	0.00771	0.02093	0.01212	0.03195	0.00991	0.01157	0.00771	0.00661	0.00441	0.00220	0.00551	0.00386	0.00441	0.00771
17	0.01036	0.00690	0.00777	0.00777	0.00777	0.00690	0.00431	0.01036	0.01036	0.01381	0.02244	0.04660	0.02589	0.74975	0.03624	0.00690	0.00690	0.01036	0.00431	0.00431
18	0.02834	0.01599	0.01862	0.01441	0.01984	0.01645	0.01186	0.35669	0.05534	0.32893	0.02250	0.02085	0.01507	0.00870	0.00708	0.00216	0.00684	0.00681	0.03160	0.01191
19	0.00842	0.00721	0.00721	0.00721	0.00962	0.00601	0.00541	0.01022	0.01623	0.01924	0.07213	0.06853	0.70244	0.01803	0.00842	0.00240	0.00361	0.01503	0.00661	0.00601
20	0.01345	0.01266	0.02136	0.73264	0.04904	0.01582	0.01978	0.01819	0.01424	0.01819	0.01266	0.01898	0.00949	0.00712	0.00712	0.00237	0.00949	0.00633	0.00316	0.00791
21	0.00985	0.00727	0.00920	0.00872	0.01050	0.00662	0.00654	0.01300	0.01962	0.02729	0.61602	0.05527	0.15354	0.01503	0.00840	0.00226	0.00339	0.01317	0.00767	0.00662
22	0.01477	0.01266	0.01477	0.01055	0.01687	0.00949	0.00844	0.01793	0.01477	0.02320	0.01266	0.01477	0.01055	0.00527	0.00527	0.00105	0.00527	0.00422	0.00422	0.79328
23	0.01477	0.01266	0.01477	0.01055	0.01687	0.00949	0.00844	0.01793	0.01477	0.02320	0.01266	0.01477	0.01055	0.00527	0.00527	0.00105	0.00527	0.00422	0.00422	0.79328
24	0.01637	0.15561	0.22975	0.02223	0.02947	0.04365	0.29364	0.02182	0.01564	0.02104	0.01413	0.05364	0.01176	0.00733	0.00770	0.00223	0.03395	0.00709	0.00347	0.00948
25	0.01036	0.00690	0.00777	0.00777	0.00777	0.00690	0.00431	0.01036	0.01036	0.01381	0.02244	0.04660	0.02589	0.74975	0.03624	0.00690	0.00690	0.01036	0.00431	0.00431
26	0.01489	0.02874	0.44179	0.02440	0.11342	0.01622	0.16172	0.02181	0.01575	0.02276	0.03628	0.01928	0.03587	0.00719	0.00725	0.00227	0.01012	0.00663	0.00347	0.01015
27	0.01904	0.75404	0.03731	0.01218	0.01828	0.02818	0.01218	0.02132	0.01447	0.01675	0.00990	0.01142	0.00914	0.00609	0.00457	0.00152	0.00761	0.00381	0.00305	0.00914
28	0.00907	0.00703	0.00808	0.00821	0.00988	0.00624	0.00589	0.01107	0.01642	0.02122	0.23762	0.17874	0.36067	0.07471	0.01069	0.00279	0.00388	0.01496	0.00677	0.00604
29	0.01630	0.01457	0.01450	0.01427	0.01707	0.11398	0.01156	0.06899	0.20893	0.02457	0.03009	0.09541	0.02939	0.01448	0.00838	0.00272	0.00712	0.29282	0.00638	0.00846
30	0.01428	0.03683	0.71286	0.02030	0.03082	0.01654	0.02631	0.02255	0.01503	0.02255	0.01278	0.01503	0.00902	0.00677	0.00677	0.00226	0.01052	0.00526	0.00301	0.01052
31	0.01477	0.01266	0.01477	0.01055	0.01687	0.00949	0.00844	0.01793	0.01477	0.02320	0.01266	0.01477	0.01055	0.00527	0.00527	0.00105	0.00527	0.00422	0.00422	0.79328
32	0.01428	0.03683	0.71286	0.02030	0.03082	0.01654	0.02631	0.02255	0.01503	0.02255	0.01278	0.01503	0.00902	0.00677	0.00677	0.00226	0.01052	0.00526	0.00301	0.01052
33	0.01904	0.75404	0.03731	0.01218	0.01828	0.02818	0.01218	0.02132	0.01447	0.01675	0.00990	0.01142	0.00914	0.00609	0.00457	0.00152	0.00761	0.00381	0.00305	0.00914
34	0.01023	0.00739	0.01022	0.01022	0.01107	0.00824	0.00738	0.01193	0.01108	0.01563	0.02019	0.03415	0.02048	0.28430	0.49431	0.00994	0.01504	0.00853	0.00398	0.00568
35	0.02676	0.02922	0.02058	0.01768	0.02204	0.48549	0.01368	0.24862	0.02466	0.02668	0.01306	0.01428	0.01016	0.00775	0.00666	0.00194	0.01115	0.00520	0.00483	0.00955
36	0.03142	0.01224	0.01651	0.01274	0.01819	0.01074	0.01050	0.03482	0.04551	0.68482	0.02813	0.02432	0.01778	0.00884	0.00716	0.00221	0.00604	0.00719	0.00875	0.01209
37	0.80005	0.01377	0.01047	0.00936	0.01377	0.01597	0.00771	0.02093	0.01212	0.03195	0.00991	0.01157	0.00771	0.00661	0.00441	0.00220	0.00551	0.00386	0.00441	0.00771
38	0.04458	0.00862	0.03703	0.01095	0.01267	0.00744	0.00838	0.01438	0.01473	0.10416	0.03549	0.53185	0.03977	0.01914	0.00864	0.00279	0.00491	0.08091	0.00664	0.00690
39	0.02707	0.01995	0.02137	0.01638	0.02208	0.02208	0.01353	0.68159	0.03348	0.04488	0.01710	0.01710	0.01211	0.00855	0.00712	0.00214	0.00784	0.00641	0.00712	0.01211
40	0.00868	0.00620	0.00826	0.00991	0.01033	0.00578	0.00661	0.00991	0.01363	0.01818	0.03925	0.74510	0.04710	0.02231	0.00909	0.00289	0.00413	0.02024	0.00661	0.00578
41	0.01017	0.00763	0.01144	0.01144	0.01272	0.00890	0.00890	0.01272	0.01144	0.01653	0.01907	0.02797	0.01780	0.05340	0.72153	0.01144	0.01907	0.00763	0.00381	0.00636
42	0.80005	0.01377	0.01047	0.00936	0.01377	0.01597	0.00771	0.02093	0.01212	0.03195	0.00991	0.01157	0.00771	0.00661	0.00441	0.00220	0.00551	0.00386	0.00441	0.00771
43	0.01904	0.75404	0.03731	0.01218	0.01828	0.02818	0.01218	0.02132	0.01447	0.01675	0.00990	0.01142	0.00914	0.00609	0.00457	0.00152	0.00761	0.00381	0.00305	0.00914
44	0.01735	0.01663	0.02840	0.08965	0.66157	0.01685	0.02171	0.02161	0.01608	0.02293	0.01334	0.01771	0.01116	0.00640	0.00705	0.00213	0.00853	0.00634	0.00350	0.01105
45	0.03000	0.01169	0.01590	0.01234	0.01751	0.01013	0.01013	0.03281	0.02036	0.64969	0.08794	0.02681	0.02203	0.00932	0.00727	0.00221	0.00582	0.00767	0.00873	0.01164
46	0.01762	0.01692	0.02890	0.04371	0.70533	0.01692	0.02185	0.02185	0.01621	0.02326	0.01339	0.01762	0.01128	0.00634	0.00705	0.00211	0.00846	0.00634	0.00352	0.01128
47	0.01622	0.01432	0.06151	0.01152	0.01797	0.01035	0.00990	0.02033	0.04079	0.07833	0.01451	0.01599	0.01143	0.00582	0.00560	0.00128	0.00570	0.00467	0.00462	0.64915
48	0.01704	0.01651	0.02874	0.13108	0.58037	0.01684	0.06187	0.02144	0.01600	0.02259	0.01336	0.01789	0.01102	0.00642	0.00714	0.00217	0.00881	0.00647	0.00348	0.01075
49	0.01682	0.01481	0.01800	0.01967	0.15740	0.01612	0.01283	0.03124	0.45820	0.02759	0.05510	0.02679	0.04739	0.00925	0.00718	0.00226	0.00601	0.00794	0.00630	0.05910
50	0.01033	0.00696	0.00804	0.00800	0.00817	0.00698	0.00467	0.01066	0.01105	0.01491	0.06758	0.04625	0.02830	0.67110	0.06354	0.00679	0.00718	0.01041	0.00453	0.00456
51	0.05332	0.01278	0.01645	0.01276	0.01800	0.01177	0.01050	0.10979	0.02167	0.56501	0.07114	0.02493	0.01997	0.00910	0.00715	0.00220	0.00607	0.00735	0.00841	0.01162
52	0.03195	0.01212	0.01652	0.01267	0.01818	0.01047	0.01047	0.03470	0.02038	0.71026	0.02809	0.02424	0.01763	0.00881	0.00716	0.00220	0.00606	0.00716	0.00881	0.01212
53	0.01345	0.01266	0.02136	0.73264	0.04904	0.01582	0.01978	0.01819	0.01424	0.01819	0.01266	0.01898	0.00949	0.00712	0.00712	0.00237	0.00949	0.00633	0.00316	0.00791
54	0.01036	0.00690	0.00777	0.00777	0.00777	0.00690	0.00431	0.01036	0.01036	0.01381	0.02244	0.04660	0.02589	0.74975	0.03624	0.00690	0.00690	0.01036	0.00431	0.00431
55	0.05762	0.01322	0.01861	0.01423	0.01961	0.01217	0.07194	0.09007	0.02091	0.51591	0.07006	0.02458	0.01943	0.00883	0.00725	0.00222	0.00657	0.00746	0.00795	0.01136
56	0.02489	0.01871	0.02005	0.01585	0.02109	0.02081	0.01292	0.55107	0.14373	0.04146	0.01983	0.04273	0.01489	0.00919	0.00721	0.00221	0.00734	0.00714	0.00713	0.01176
57	0.01991	0.01577	0.01751	0.01317	0.01908	0.01513	0.01068	0.28551	0.07057	0.03236	0.01560	0.01654	0.01197	0.00690	0.00616	0.00159	0.00633	0.00537	0.00560	0.42427
58	0.01904	0.75404	0.03731	0.01218	0.01828	0.02818	0.01218	0.02132	0.01447	0.01675	0.00990	0.01142	0.00914	0.00609	0.00457	0.00152	0.00761	0.00381	0.00305	0.00914
59	0.77722	0.01374	0.01078	0.03036	0.01479	0.01597	0.00806	0.02085	0.01218	0.03155	0.00999	0.01178	0.00776	0.00662	0.00449	0.00221	0.00562	0.00393	0.00437	0.00772
60	0.02445	0.01799	0.01964	0.01543	0.02037	0.01993	0.01258	0.57743	0.03000	0.04033	0.01758	0.01975	0.01341	0.05136	0.08297	0.00335	0.00896	0.00674	0.00663	0.01111
61	0.01546	0.03518	0.66642	0.01979	0.02998	0.01613	0.02525	0.02336	0.01539	0.06841	0.01380	0.01565	0.00959	0.00690	0.00679	0.00225	0.01023	0.00539	0.00339	0.01063
62	0.00995	0.00727	0.00933	0.00882	0.01056	0.00666	0.00661	0.01318	0.01984	0.02781	0.65126	0.05442	0.11797	0.01484	0.00840	0.00225	0.00338	0.01305	0.00774	0.00666
63	0.00900	0.00645	0.00855	0.00969	0.01040	0.00600	0.00664	0.01073	0.01515	0.02059	0.19298	0.58450	0.05176	0.02051	0.00893	0.00274	0.00395	0.01853	0.00690	0.00600
64	0.05049	0.02124	0.02091	0.01638	0.02182	0.09576	0.01338	0.59252	0.03143	0.04158	0.01623	0.01648	0.01167	0.00836	0.00697	0.00211	0.00829	0.00614	0.00668	0.01157
65	0.01008	0.00728	0.00952	0.00896	0.01064	0.00672	0.00672	0.01344	0.02016	0.02855	0.70158	0.05319	0.06719	0.01456	0.00840	0.00224	0.00336	0.01288	0.00784	0.00672
66	0.00976	0.00727	0.00907	0.00862	0.01044	0.00658	0.00647	0.01282	0.01940	0.02676	0.58024	0.05615	0.18965	0.01523	0.00840	0.00227	0.00341	0.01329	0.00760	0.00658
67	0.01032	0.00867	0.00914	0.00885	0.01140	0.00823	0.00668	0.01564	0.14118	0.02212	0.12914	0.08796	0.48211	0.01631	0.00823	0.00241	0.00398	0.01374	0.00686	0.00705
68	0.01382	0.01304	0.02204	0.67033	0.10840	0.01592	0.01996	0.01852	0.01442	0.01865	0.01272	0.01886	0.00965	0.00705	0.00711	0.00235	0.00940	0.00633	0.00320	0.00821
69	0.01548	0.01314	0.01538	0.03520	0.01829	0.01070	0.00920	0.05294	0.04454	0.02443	0.01358	0.01553	0.01107	0.00569	0.00551	0.00121	0.00556	0.00457	0.00446	0.69351
70	0.02315	0.01767	0.01880	0.01523	0.02015	0.01979	0.01232	0.42662	0.25850	0.03876	0.02149	0.02083	0.01573	0.00892	0.00705	0.00221	0.00685	0.00698	0.04742	0.01154
71	0.02663	0.03300	0.02026	0.01821	0.02202	0.67455	0.01374	0.07199	0.02107	0.01926	0.01141	0.01312	0.00937	0.00742	0.00647	0.00185	0.01251	0.00471	0.00390	0.00851
72	0.01799	0.01929	0.03964	0.02844	0.03547	0.01848	0.60278	0.09867	0.01873	0.02535	0.01472	0.01896	0.01095	0.00630	0.00826	0.00237	0.01152	0.00817	0.00401	0.00989
73	0.00874	0.00622	0.00824	0.00983	0.01023	0.00583	0.00652	0.00993	0.01351	0.01801	0.03859	0.71788	0.04627	0.05066	0.01015	0.00305	0.00424	0.01986	0.00652	0.00573
74	0.01762	0.01692	0.02890	0.04371	0.70533	0.01692	0.02185	0.02185	0.01621	0.02326	0.01339	0.01762	0.01128	0.00634	0.00705	0.00211	0.00846	0.00634	0.00352	0.01128
75	0.00842	0.00721	0.00721	0.00721	0.00962	0.00601	0.00541	0.01022	0.01623	0.01924	0.07213	0.06853	0.70244	0.01803	0.00842	0.00240	0.00361	0.01503	0.00661	0.00601
76	0.01771	0.01530	0.01610	0.01449	0.01852	0.01771	0.01127	0.03784	0.69247	0.02979	0.02898	0.02657	0.02174	0.00966	0.00725	0.00242	0.00564	0.00805	0.00725	0.01127
77	0.01036	0.00690	0.00777	0.00777	0.00777	0.00690	0.00431	0.01036	0.01036	0.01381	0.02244	0.04660	0.02589	0.74975	0.03624	0.00690	0.00690	0.01036	0.00431	0.00431
78	0.00868	0.00620	0.00826	0.00991	0.01033	0.00578	0.00661	0.00991	0.01363	0.01818	0.03925	0.74510	0.04710	0.02231	0.00909	0.00289	0.00413	0.02024	0.00661	0.00578
79	0.01448	0.03542	0.65923	0.02107	0.03133	0.01665	0.07852	0.02257	0.01518	0.02257	0.01291	0.01537	0.00916	0.00670	0.00690	0.00227	0.01064	0.00551	0.00305	0.01045
80	0.03195	0.01212	0.01652	0.01267	0.01818	0.01047	0.01047	0.03470	0.02038	0.71026	0.02809	0.02424	0.01763	0.00881	0.00716	0.00220	0.00606	0.00716	0.00881	0.01212
81	0.01735	0.01763	0.03289	0.03823	0.46101	0.01731	0.24122	0.02266	0.03721	0.02331	0.01421	0.01843	0.01144	0.00633	0.00751	0.00222	0.00956	0.00708	0.00366	0.01072
82	0.01946	0.66938	0.06146	0.01298	0.01905	0.08313	0.01284	0.02194	0.01495	0.01703	0.01010	0.01167	0.00914	0.00622	0.00480	0.00158	0.00814	0.00392	0.00309	0.00912
83	0.00850	0.00717	0.00736	0.00740	0.00969	0.00603	0.00552	0.01035	0.01630	0.01961	0.09884	0.09567	0.64717	0.01805	0.00844	0.00242	0.00362	0.01515	0.00667	0.00603
84	0.02085	0.01650	0.01760	0.01496	0.01951	0.01869	0.01188	0.21942	0.48283	0.05799	0.02560	0.02381	0.01887	0.00932	0.00721	0.00233	0.00627	0.00756	0.00727	0.01154
85	0.07080	0.65755	0.07991	0.01253	0.01880	0.02660	0.01281	0.02138	0.01435	0.01815	0.01009	0.01167	0.00904	0.00617	0.00470	0.00162	0.00767	0.00391	0.00313	0.00913
86	0.00878	0.00633	0.00814	0.00953	0.01008	0.00589	0.00634	0.00997	0.01359	0.01793	0.04060	0.63752	0.09807	0.07746	0.01111	0.00316	0.00430	0.01907	0.00644	0.00569
87	0.80005	0.01377	0.01047	0.00936	0.01377	0.01597	0.00771	0.02093	0.01212	0.03195	0.00991	0.01157	0.00771	0.00661	0.00441	0.00220	0.00551	0.00386	0.00441	0.00771
88	0.02635	0.01959	0.02097	0.01624	0.02181	0.02175	0.01336	0.63248	0.08375	0.04373	0.01800	0.01782	0.01284	0.00863	0.00713	0.00216	0.00767	0.00654	0.00713	0.01205
89	0.00866	0.00627	0.00819	0.00972	0.01028	0.00580	0.00652	0.00994	0.01382	0.01825	0.04159	0.69689	0.09380	0.02200	0.00904	0.00286	0.00409	0.01987	0.00661	0.00580
90	0.01747	0.01676	0.02862	0.06969	0.68058	0.01688	0.02177	0.02172	0.01614	0.02307	0.01337	0.01767	0.01121	0.00637	0.00705	0.00212	0.00850	0.00634	0.00351	0.01115
91	0.01634	0.08724	0.57685	0.01931	0.02893	0.01689	0.04501	0.02359	0.01554	0.08540	0.01403	0.01575	0.00988	0.00688	0.00669	0.00220	0.00994	0.00543	0.00356	0.01054
92	0.03110	0.01193	0.01625	0.01252	0.01788	0.01032	0.01032	0.03387	0.02037	0.68369	0.05434	0.02536	0.01956	0.00904	0.00721	0.00220	0.00595	0.00738	0.00878	0.01191
93	0.03098	0.01286	0.01740	0.01430	0.04908	0.01154	0.01118	0.07790	0.02108	0.63462	0.02669	0.02346	0.01697	0.00869	0.00715	0.00219	0.00629	0.00707	0.00846	0.01208
94	0.01668	0.01595	0.02719	0.19968	0.55675	0.01667	0.02138	0.02102	0.01577	0.02212	0.01323	0.01793	0.01087	0.00652	0.00707	0.00217	0.00869	0.00634	0.00344	0.01052
95	0.00851	0.00701	0.00749	0.00780	0.00979	0.00598	0.00569	0.01025	0.01581	0.01928	0.08260	0.20426	0.55332	0.01880	0.00855	0.00250	0.00371	0.01602	0.00665	0.00598
96	0.01036	0.00690	0.00777	0.00777	0.00777	0.00690	0.00431	0.01036	0.01036	0.01381	0.02244	0.04660	0.02589	0.74975	0.03624	0.00690	0.00690	0.01036	0.00431	0.00431
97	0.00993	0.00727	0.00931	0.00880	0.01055	0.00666	0.00660	0.01315	0.01981	0.02773	0.64565	0.05455	0.12363	0.01487	0.00840	0.00225	0.00338	0.01307	0.00773	0.00666
98	0.01477	0.01266	0.01477	0.01055	0.01687	0.00949	0.00844	0.01793	0.01477	0.02320	0.01266	0.01477	0.01055	0.00527	0.00527	0.00105	0.00527	0.00422	0.00422	0.79328

[dist]
# distance from previous block
# <min> <max>
0	10

[block]
# block no. 3 follows, 29 sequences, length 44
# corresponding to MSA columns:
# 254-297
name=unknown_D
#
# <colnr> <probs for GDERKNQSTAVLIFYWHMCP>
#	G	D	E	R	K	N	Q	S	T	A	V	L	I	F	Y	W	H	M	C	P
0	0.54522	0.01232	0.01109	0.00971	0.01371	0.01349	0.00783	0.02139	0.01442	0.12690	0.11584	0.02082	0.01862	0.03490	0.00654	0.00238	0.00532	0.00590	0.00554	0.00807
1	0.64966	0.01345	0.01165	0.01001	0.01463	0.01490	0.00825	0.02363	0.01374	0.16476	0.01347	0.01405	0.00965	0.00704	0.00495	0.00220	0.00562	0.00450	0.00527	0.00857
2	0.02816	0.01569	0.01847	0.01431	0.01969	0.01601	0.01177	0.33577	0.05305	0.34342	0.05209	0.02225	0.01736	0.00897	0.00720	0.00218	0.00675	0.00709	0.00792	0.01185
3	0.01859	0.01633	0.01786	0.01766	0.08770	0.03923	0.01256	0.07868	0.56058	0.02976	0.02609	0.02463	0.01967	0.00918	0.00719	0.00235	0.00628	0.00767	0.00676	0.01124
4	0.00867	0.00648	0.00807	0.00923	0.01017	0.00588	0.00633	0.01013	0.01452	0.01886	0.07451	0.55559	0.20372	0.02097	0.00890	0.00275	0.00397	0.01870	0.00666	0.00588
5	0.01018	0.00759	0.01127	0.01127	0.01248	0.00880	0.00868	0.01260	0.01139	0.01640	0.01924	0.02888	0.01819	0.08720	0.68828	0.01122	0.01848	0.00776	0.00384	0.00626
6	0.02721	0.02055	0.02112	0.01637	0.02194	0.06599	0.01344	0.61685	0.03216	0.06713	0.01711	0.01708	0.01212	0.00848	0.00708	0.00212	0.00809	0.00632	0.00697	0.01187
7	0.07143	0.01193	0.01581	0.01228	0.01752	0.01055	0.01011	0.03277	0.01993	0.63590	0.06508	0.02520	0.01989	0.00902	0.00708	0.00221	0.00588	0.00731	0.00852	0.01158
8	0.01345	0.01266	0.02136	0.73264	0.04904	0.01582	0.01978	0.01819	0.01424	0.01819	0.01266	0.01898	0.00949	0.00712	0.00712	0.00237	0.00949	0.00633	0.00316	0.00791
9	0.02086	0.01655	0.01717	0.01465	0.01910	0.04382	0.01160	0.19188	0.43369	0.07828	0.02724	0.02542	0.04807	0.00961	0.00723	0.00231	0.00638	0.00777	0.00716	0.01119
10	0.00853	0.00713	0.00731	0.00742	0.00958	0.00604	0.00544	0.01021	0.01577	0.01890	0.06754	0.11235	0.62613	0.05383	0.00981	0.00266	0.00380	0.01515	0.00650	0.00591
11	0.01762	0.01692	0.02890	0.04371	0.70533	0.01692	0.02185	0.02185	0.01621	0.02326	0.01339	0.01762	0.01128	0.00634	0.00705	0.00211	0.00846	0.00634	0.00352	0.01128
12	0.00873	0.00723	0.00765	0.00755	0.00981	0.00615	0.00566	0.01083	0.01698	0.02102	0.19246	0.06560	0.58100	0.01737	0.00841	0.00237	0.00356	0.01462	0.00685	0.00615
13	0.01747	0.01676	0.02862	0.06973	0.68054	0.01688	0.02177	0.02172	0.01614	0.02307	0.01337	0.01768	0.01121	0.00637	0.00705	0.00212	0.00850	0.00634	0.00351	0.01115
14	0.01428	0.03683	0.71286	0.02030	0.03082	0.01654	0.02631	0.02255	0.01503	0.02255	0.01278	0.01503	0.00902	0.00677	0.00677	0.00226	0.01052	0.00526	0.00301	0.01052
15	0.01679	0.41461	0.35702	0.01602	0.02421	0.02267	0.01887	0.02190	0.01474	0.01950	0.01126	0.01313	0.00908	0.00641	0.00561	0.00187	0.00899	0.00450	0.00303	0.00979
16	0.01481	0.11639	0.63792	0.01940	0.02943	0.01783	0.02474	0.02241	0.01497	0.02191	0.01246	0.01463	0.00903	0.00669	0.00652	0.00217	0.01020	0.00510	0.00301	0.01037
17	0.75803	0.01411	0.01106	0.00975	0.01422	0.01631	0.00803	0.05685	0.01328	0.03265	0.01031	0.01187	0.00795	0.00672	0.00455	0.00220	0.00563	0.00399	0.00455	0.00795
18	0.01012	0.00687	0.00813	0.00835	0.00851	0.00692	0.00499	0.01049	0.01087	0.01460	0.02433	0.13517	0.02795	0.59830	0.08943	0.00676	0.00755	0.01141	0.00457	0.00467
19	0.01461	0.01367	0.02215	0.53977	0.16114	0.01620	0.01929	0.02080	0.08257	0.02024	0.01442	0.01951	0.01103	0.00724	0.00712	0.00233	0.00892	0.00650	0.00364	0.00884
20	0.02022	0.01993	0.01712	0.01526	0.01925	0.19268	0.01180	0.08399	0.44310	0.02739	0.02557	0.02434	0.04909	0.00938	0.00708	0.00225	0.00751	0.00738	0.00632	0.01034
21	0.01017	0.00763	0.01144	0.01144	0.01272	0.00890	0.00890	0.01272	0.01144	0.01653	0.01907	0.02797	0.01780	0.05340	0.72153	0.01144	0.01907	0.00763	0.00381	0.00636
22	0.01017	0.00763	0.01144	0.01144	0.01272	0.00890	0.00890	0.01272	0.01144	0.01653	0.01907	0.02797	0.01780	0.05340	0.72153	0.01144	0.01907	0.00763	0.00381	0.00636
23	0.01024	0.00689	0.00795	0.00806	0.00814	0.00692	0.00466	0.01043	0.01061	0.01421	0.02338	0.09102	0.02692	0.67317	0.06352	0.00684	0.00724	0.01088	0.00444	0.00450
24	0.01017	0.00763	0.01144	0.01144	0.01272	0.00890	0.00890	0.01272	0.01144	0.01653	0.01907	0.02797	0.01780	0.05340	0.72153	0.01144	0.01907	0.00763	0.00381	0.00636
25	0.01428	0.03683	0.71286	0.02030	0.03082	0.01654	0.02631	0.02255	0.01503	0.02255	0.01278	0.01503	0.00902	0.00677	0.00677	0.00226	0.01052	0.00526	0.00301	0.01052
26	0.01036	0.00690	0.00777	0.00777	0.00777	0.00690	0.00431	0.01036	0.01036	0.01381	0.02244	0.04660	0.02589	0.74975	0.03624	0.00690	0.00690	0.01036	0.00431	0.00431
27	0.63823	0.01451	0.03575	0.01034	0.01495	0.01557	0.00882	0.06350	0.01447	0.06821	0.05041	0.01506	0.01192	0.00730	0.00503	0.00220	0.00574	0.00475	0.00496	0.00827
28	0.01568	0.01461	0.02187	0.49718	0.16514	0.06222	0.01876	0.01993	0.01534	0.04902	0.01581	0.02061	0.03887	0.00752	0.00712	0.00228	0.00913	0.00661	0.00365	0.00866
29	0.01893	0.57603	0.12200	0.01444	0.02095	0.08058	0.04176	0.02210	0.01508	0.01779	0.01054	0.01232	0.00919	0.00627	0.00515	0.00168	0.00858	0.00424	0.00311	0.00926
30	0.07656	0.15755	0.47011	0.01775	0.02631	0.01803	0.04540	0.02161	0.01478	0.02222	0.03086	0.01579	0.01089	0.00855	0.03293	0.00247	0.00980	0.00531	0.00331	0.00977
31	0.01629	0.02284	0.18008	0.02801	0.03590	0.01770	0.54504	0.02276	0.01644	0.02276	0.01407	0.01835	0.01044	0.00616	0.00807	0.00237	0.01170	0.00776	0.00348	0.00979
32	0.01505	0.01486	0.02170	0.19445	0.02617	0.02034	0.01661	0.01740	0.01173	0.01740	0.01016	0.01642	0.00938	0.01115	0.01937	0.00293	0.55770	0.00626	0.00313	0.00782
33	0.01125	0.00755	0.00929	0.00880	0.01081	0.00677	0.00655	0.01387	0.01828	0.07760	0.40951	0.10158	0.22801	0.04670	0.00953	0.00252	0.00384	0.01339	0.00736	0.00679
34	0.03195	0.01212	0.01652	0.01267	0.01818	0.01047	0.01047	0.03470	0.02038	0.71026	0.02809	0.02424	0.01763	0.00881	0.00716	0.00220	0.00606	0.00716	0.00881	0.01212
35	0.00906	0.00648	0.00868	0.01016	0.01079	0.00610	0.00711	0.01066	0.01440	0.01927	0.08857	0.62678	0.04798	0.02147	0.00911	0.00288	0.00432	0.08356	0.00670	0.00593
36	0.01032	0.00743	0.00985	0.00967	0.01134	0.00697	0.00753	0.01366	0.01952	0.02732	0.58856	0.05781	0.06273	0.01543	0.00864	0.00242	0.00390	0.12260	0.00762	0.00669
37	0.02910	0.01239	0.01620	0.01279	0.01794	0.01136	0.01044	0.03436	0.11621	0.58784	0.05331	0.02565	0.02006	0.00915	0.00722	0.00223	0.00590	0.00750	0.00855	0.01180
38	0.15714	0.01324	0.01578	0.01256	0.01773	0.01292	0.01029	0.07331	0.09507	0.48016	0.02450	0.02195	0.01610	0.00853	0.00671	0.00222	0.00603	0.00667	0.00780	0.01129
39	0.00991	0.00727	0.00928	0.00878	0.01053	0.00665	0.00658	0.01311	0.01975	0.02760	0.63690	0.05477	0.13246	0.01491	0.00840	0.00226	0.00338	0.01310	0.00771	0.00665
40	0.02595	0.05708	0.02109	0.04301	0.02285	0.53229	0.01387	0.15698	0.02239	0.02286	0.01223	0.01385	0.00976	0.00752	0.00652	0.00190	0.01154	0.00498	0.00431	0.00904
41	0.10202	0.01887	0.02018	0.16324	0.02679	0.07237	0.01425	0.42980	0.02638	0.03603	0.01500	0.01661	0.01091	0.00797	0.00680	0.00217	0.00832	0.00600	0.00578	0.01051
42	0.80005	0.01377	0.01047	0.00936	0.01377	0.01597	0.00771	0.02093	0.01212	0.03195	0.00991	0.01157	0.00771	0.00661	0.00441	0.00220	0.00551	0.00386	0.00441	0.00771
43	0.01717	0.01651	0.02808	0.11089	0.56943	0.01690	0.05298	0.02240	0.05281	0.02308	0.01422	0.01832	0.01164	0.00659	0.00713	0.00217	0.00858	0.00654	0.00369	0.01086

[dist]
# distance from previous block
# <min> <max>
0	31

[block]
# block no. 4 follows, 29 sequences, length 30
# corresponding to MSA columns:
# 329-358
name=unknown_E
#
# <colnr> <probs for GDERKNQSTAVLIFYWHMCP>
#	G	D	E	R	K	N	Q	S	T	A	V	L	I	F	Y	W	H	M	C	P
0	0.02293	0.01078	0.01407	0.01158	0.01562	0.00993	0.00926	0.02771	0.09031	0.40465	0.26009	0.03445	0.03512	0.01088	0.00760	0.00224	0.00509	0.00922	0.00831	0.01017
1	0.00965	0.00722	0.00867	0.00861	0.00988	0.00709	0.00604	0.01120	0.01350	0.01770	0.10496	0.04977	0.24789	0.26703	0.19385	0.00610	0.00849	0.01145	0.00529	0.00561
2	0.00857	0.00722	0.00742	0.00737	0.00971	0.00607	0.00553	0.01051	0.01658	0.02007	0.12867	0.06715	0.64538	0.01772	0.00841	0.00239	0.00358	0.01483	0.00672	0.00607
3	0.03082	0.01229	0.01646	0.01269	0.01805	0.01086	0.01046	0.06431	0.02099	0.65081	0.05534	0.02509	0.01941	0.00904	0.00721	0.00220	0.00603	0.00736	0.00869	0.01190
4	0.76153	0.01369	0.01077	0.00953	0.01399	0.01570	0.00785	0.02162	0.01253	0.06596	0.01083	0.01220	0.00821	0.00672	0.00454	0.00220	0.00554	0.00402	0.00463	0.00793
5	0.03024	0.01204	0.01620	0.01253	0.01778	0.01060	0.01031	0.05514	0.02081	0.63968	0.07516	0.02603	0.02093	0.00921	0.00725	0.00220	0.00593	0.00754	0.00869	0.01174
6	0.02092	0.01458	0.01620	0.01408	0.01844	0.01608	0.01109	0.03713	0.54122	0.18293	0.02878	0.02604	0.02081	0.00947	0.00723	0.00237	0.00573	0.00785	0.00760	0.01146
7	0.03173	0.01247	0.01674	0.01283	0.01835	0.01098	0.01060	0.06338	0.02096	0.68077	0.02760	0.02392	0.01738	0.00880	0.00716	0.00220	0.00614	0.00713	0.00874	0.01212
8	0.01526	0.01295	0.01503	0.01078	0.01708	0.01000	0.00864	0.04464	0.01552	0.02408	0.01283	0.01486	0.01061	0.00541	0.00535	0.00110	0.00538	0.00431	0.00434	0.76184
9	0.01527	0.02481	0.29818	0.02419	0.03209	0.01632	0.36275	0.02180	0.01588	0.02266	0.01539	0.05281	0.01221	0.00719	0.00764	0.00233	0.01064	0.00767	0.04054	0.00964
10	0.02608	0.02018	0.02051	0.01603	0.02126	0.07046	0.01302	0.59714	0.03122	0.04116	0.01697	0.01849	0.01269	0.05091	0.00874	0.00239	0.00813	0.00651	0.00672	0.01139
11	0.01746	0.01675	0.02860	0.07124	0.67910	0.01687	0.02177	0.02171	0.01613	0.02306	0.01336	0.01768	0.01121	0.00638	0.00705	0.00213	0.00850	0.00634	0.00351	0.01114
12	0.01237	0.00618	0.00928	0.00928	0.00928	0.00618	0.00618	0.00928	0.00928	0.01237	0.01237	0.02165	0.01237	0.02474	0.02783	0.79283	0.00618	0.00618	0.00309	0.00309
13	0.01946	0.41580	0.07027	0.01846	0.13418	0.08705	0.01437	0.02310	0.04041	0.05894	0.04717	0.01618	0.01334	0.00700	0.00572	0.00180	0.00803	0.00519	0.00390	0.00962
14	0.01906	0.45320	0.16687	0.01468	0.02129	0.06971	0.01510	0.07097	0.07071	0.02102	0.01259	0.01385	0.01034	0.00677	0.00552	0.00180	0.00839	0.00467	0.00371	0.00974
15	0.01838	0.64018	0.09447	0.01334	0.01939	0.02672	0.01364	0.02113	0.01427	0.01728	0.01011	0.01203	0.00914	0.00660	0.00608	0.00170	0.05923	0.00410	0.00305	0.00916
16	0.66829	0.01764	0.12825	0.01120	0.01663	0.01607	0.01083	0.02120	0.01261	0.03037	0.01040	0.01215	0.00793	0.00664	0.00480	0.00221	0.00635	0.00409	0.00417	0.00818
17	0.00954	0.00692	0.00900	0.00919	0.01049	0.00638	0.00662	0.01213	0.01784	0.02472	0.45531	0.27961	0.09115	0.01725	0.00862	0.00246	0.00362	0.01538	0.00738	0.00638
18	0.01710	0.01638	0.02795	0.13061	0.62255	0.01678	0.02159	0.02139	0.01596	0.02262	0.01330	0.01780	0.01105	0.00644	0.00706	0.00215	0.00859	0.00634	0.00348	0.01085
19	0.00868	0.00620	0.00826	0.00991	0.01033	0.00578	0.00661	0.00991	0.01363	0.01818	0.03925	0.74510	0.04710	0.02231	0.00909	0.00289	0.00413	0.02024	0.00661	0.00578
20	0.01345	0.01266	0.02136	0.73264	0.04904	0.01582	0.01978	0.01819	0.01424	0.01819	0.01266	0.01898	0.00949	0.00712	0.00712	0.00237	0.00949	0.00633	0.00316	0.00791
21	0.02707	0.01995	0.02137	0.01638	0.02208	0.02208	0.01353	0.68159	0.03348	0.04488	0.01710	0.01710	0.01211	0.00855	0.00712	0.00214	0.00784	0.00641	0.00712	0.01211
22	0.03195	0.01212	0.01652	0.01267	0.01818	0.01047	0.01047	0.03470	0.02038	0.71026	0.02809	0.02424	0.01763	0.00881	0.00716	0.00220	0.00606	0.00716	0.00881	0.01212
23	0.03195	0.01212	0.01652	0.01267	0.01818	0.01047	0.01047	0.03470	0.02038	0.71026	0.02809	0.02424	0.01763	0.00881	0.00716	0.00220	0.00606	0.00716	0.00881	0.01212
24	0.00902	0.00719	0.00807	0.00794	0.01001	0.00625	0.00592	0.01135	0.01751	0.02249	0.29372	0.09137	0.45004	0.01698	0.00844	0.00237	0.00354	0.01448	0.00705	0.00625
25	0.02707	0.01995	0.02137	0.01638	0.02208	0.02208	0.01353	0.68159	0.03348	0.04488	0.01710	0.01710	0.01211	0.00855	0.00712	0.00214	0.00784	0.00641	0.00712	0.01211
26	0.00926	0.00656	0.00868	0.01017	0.01072	0.00625	0.00709	0.01067	0.01370	0.01819	0.03730	0.57577	0.04403	0.09632	0.01198	0.00336	0.00477	0.11306	0.00637	0.00575
27	0.01793	0.01541	0.01703	0.01647	0.06796	0.01753	0.01197	0.07108	0.58641	0.02981	0.02856	0.02672	0.04179	0.00962	0.00726	0.00238	0.00590	0.00806	0.00695	0.01115
28	0.01030	0.00723	0.00889	0.00887	0.01063	0.00647	0.00650	0.01268	0.01749	0.05555	0.33292	0.22189	0.23997	0.01713	0.00851	0.00244	0.00374	0.01498	0.00724	0.00655
29	0.00931	0.00712	0.01056	0.01116	0.01211	0.00665	0.05063	0.01101	0.01430	0.01921	0.08428	0.64888	0.04614	0.02070	0.00900	0.00281	0.00459	0.01895	0.00650	0.00610

[dist]
# distance from previous block
# <min> <max>
0	0

# created by:
# /st0/software/busco_prod/Augustus/scripts/msa2prfl.pl ./align_prep/134575.fa
