[name]
unknown

[dist]
# distance from previous block
# <min> <max>
0	223

[block]
# block no. 0 follows, 30 sequences, length 17
# corresponding to MSA columns:
# 223-239
name=unknown_A
#
# <colnr> <probs for GDERKNQSTAVLIFYWHMCP>
#	G	D	E	R	K	N	Q	S	T	A	V	L	I	F	Y	W	H	M	C	P
0	0.01124	0.00803	0.01124	0.01285	0.01446	0.00803	0.01124	0.01446	0.01606	0.02088	0.03695	0.07871	0.04016	0.01928	0.00964	0.00321	0.00643	0.66426	0.00643	0.00643
1	0.02653	0.01955	0.02094	0.01606	0.02164	0.02164	0.01326	0.68796	0.03281	0.04398	0.01675	0.01675	0.01187	0.00838	0.00698	0.00209	0.00768	0.00628	0.00698	0.01187
2	0.01708	0.01638	0.02797	0.07584	0.67974	0.01653	0.02132	0.02125	0.01580	0.02256	0.01309	0.01733	0.01097	0.00625	0.00691	0.00208	0.00834	0.00622	0.00344	0.01090
3	0.02141	0.01606	0.01703	0.04587	0.02008	0.05932	0.01172	0.12523	0.41709	0.15020	0.02488	0.02322	0.01803	0.00893	0.00702	0.00226	0.00648	0.00724	0.00697	0.01098
4	0.00872	0.00640	0.00818	0.00919	0.01008	0.00586	0.00634	0.01038	0.01486	0.01979	0.16387	0.53229	0.13851	0.01993	0.00870	0.00265	0.00384	0.01785	0.00670	0.00586
5	0.00850	0.00607	0.00810	0.00972	0.01012	0.00567	0.00648	0.00972	0.01336	0.01781	0.03846	0.75020	0.04615	0.02186	0.00891	0.00283	0.00405	0.01984	0.00648	0.00567
6	0.02564	0.01795	0.01940	0.01501	0.02024	0.01964	0.01236	0.59036	0.03046	0.08286	0.01792	0.01798	0.01271	0.00837	0.00680	0.00206	0.00719	0.00635	0.07529	0.01140
7	0.01246	0.01118	0.01812	0.55164	0.03859	0.01366	0.01636	0.01633	0.01375	0.01815	0.01718	0.14388	0.01598	0.00979	0.00786	0.00241	0.03809	0.00854	0.03869	0.00734
8	0.00825	0.00707	0.00707	0.00707	0.00943	0.00589	0.00530	0.01001	0.01591	0.01885	0.07069	0.06716	0.70839	0.01767	0.00825	0.00236	0.00353	0.01473	0.00648	0.00589
9	0.01707	0.01774	0.07207	0.03968	0.62680	0.01660	0.02109	0.02238	0.05575	0.02313	0.01398	0.01762	0.01151	0.00643	0.00690	0.00210	0.00826	0.00625	0.00363	0.01101
10	0.01570	0.01319	0.01512	0.01108	0.01708	0.01089	0.00888	0.07696	0.06014	0.02500	0.01381	0.01541	0.01118	0.00572	0.00545	0.00121	0.00541	0.00456	0.00457	0.67862
11	0.01076	0.00896	0.01358	0.19412	0.08062	0.00974	0.01128	0.01306	0.01352	0.01808	0.02806	0.45252	0.03177	0.03898	0.00965	0.00277	0.03629	0.01440	0.00516	0.00669
12	0.01773	0.01606	0.02233	0.10815	0.02424	0.05509	0.08813	0.04650	0.08827	0.08053	0.01415	0.01789	0.01144	0.00986	0.01478	0.00263	0.36270	0.00655	0.00421	0.00876
13	0.02004	0.02234	0.01936	0.12565	0.08357	0.33313	0.01423	0.06224	0.06485	0.02021	0.01747	0.04911	0.05475	0.00899	0.00824	0.00214	0.07438	0.00664	0.00420	0.00845
14	0.01501	0.01193	0.01478	0.05346	0.01807	0.01004	0.02596	0.03384	0.04149	0.05371	0.01656	0.07450	0.01436	0.00719	0.00583	0.00145	0.00547	0.00607	0.05548	0.53480
15	0.01813	0.01829	0.02378	0.02955	0.36910	0.11762	0.04397	0.02440	0.12979	0.02280	0.01515	0.01775	0.01230	0.00699	0.00731	0.00202	0.03526	0.00610	0.00414	0.09555
16	0.01705	0.01276	0.01527	0.06009	0.01882	0.01130	0.00972	0.10485	0.03920	0.09213	0.01866	0.06506	0.03845	0.00768	0.00611	0.00157	0.00572	0.00632	0.00519	0.46405

[dist]
# distance from previous block
# <min> <max>
6	13

[block]
# block no. 1 follows, 30 sequences, length 16
# corresponding to MSA columns:
# 253-268
name=unknown_B
#
# <colnr> <probs for GDERKNQSTAVLIFYWHMCP>
#	G	D	E	R	K	N	Q	S	T	A	V	L	I	F	Y	W	H	M	C	P
0	0.01572	0.04055	0.02076	0.26509	0.06288	0.07962	0.01560	0.01964	0.04902	0.01886	0.01204	0.01659	0.01006	0.00842	0.01148	0.00230	0.23296	0.00576	0.00348	0.10915
1	0.00855	0.00690	0.00776	0.00805	0.00987	0.00611	0.00589	0.01038	0.01535	0.01917	0.11061	0.20251	0.47167	0.02080	0.06117	0.00309	0.00473	0.01507	0.00637	0.00593
2	0.01791	0.01831	0.02521	0.07083	0.51801	0.12794	0.01897	0.02165	0.01669	0.02203	0.06372	0.01916	0.01466	0.00700	0.00691	0.00205	0.00865	0.00641	0.00377	0.01009
3	0.01774	0.06769	0.08127	0.13588	0.27727	0.15565	0.05715	0.02158	0.01590	0.01999	0.01404	0.01760	0.03305	0.00723	0.00761	0.00211	0.04942	0.00603	0.00344	0.00933
4	0.00959	0.00763	0.01158	0.01157	0.01288	0.00713	0.07533	0.01144	0.01403	0.01859	0.05594	0.52430	0.09054	0.06046	0.01030	0.00298	0.00507	0.05849	0.00608	0.00606
5	0.01147	0.00752	0.00964	0.00889	0.01093	0.00681	0.00674	0.01454	0.01934	0.08412	0.57902	0.05147	0.13448	0.01418	0.00813	0.00221	0.00354	0.01239	0.00763	0.00695
6	0.02212	0.04805	0.02257	0.06009	0.10762	0.35332	0.06372	0.11958	0.04260	0.02271	0.02997	0.01700	0.02541	0.00767	0.00713	0.00201	0.02921	0.00585	0.00426	0.00911
7	0.01698	0.43166	0.23995	0.01763	0.05888	0.02265	0.08377	0.02143	0.01466	0.01903	0.01116	0.01332	0.00919	0.00617	0.00562	0.00182	0.00878	0.00473	0.00305	0.00951
8	0.01586	0.01105	0.01249	0.01120	0.01435	0.01155	0.00868	0.04726	0.27998	0.10952	0.19275	0.06011	0.11512	0.01176	0.00739	0.00225	0.00466	0.00996	0.06507	0.00899
9	0.01004	0.00686	0.00747	0.00744	0.00931	0.00622	0.00553	0.01255	0.01625	0.02296	0.19783	0.09171	0.32079	0.01433	0.00729	0.00213	0.00343	0.01212	0.23953	0.00622
10	0.01624	0.07555	0.15479	0.09246	0.02934	0.05323	0.23824	0.05398	0.01551	0.02101	0.01284	0.01709	0.01023	0.01024	0.05529	0.00289	0.12218	0.00649	0.00346	0.00896
11	0.00837	0.00697	0.00731	0.00744	0.00956	0.00591	0.00550	0.01017	0.01587	0.01928	0.10477	0.13651	0.60257	0.01790	0.00831	0.00240	0.00357	0.01513	0.00655	0.00591
12	0.00847	0.00619	0.00798	0.00940	0.01004	0.00569	0.00634	0.00975	0.01366	0.01794	0.04227	0.66957	0.12433	0.02137	0.00883	0.00278	0.00399	0.01923	0.00648	0.00569
13	0.01606	0.01557	0.02606	0.19243	0.38393	0.01704	0.07173	0.02113	0.05792	0.02134	0.01353	0.01801	0.01105	0.00728	0.00894	0.00229	0.09589	0.00646	0.00356	0.00978
14	0.01919	0.05811	0.01764	0.01444	0.01864	0.07014	0.01142	0.08540	0.53928	0.04911	0.02514	0.02344	0.01886	0.00900	0.00688	0.00225	0.00633	0.00726	0.00665	0.01080
15	0.01645	0.12665	0.02847	0.07314	0.02544	0.05664	0.19594	0.01960	0.01369	0.01866	0.01109	0.01569	0.00958	0.00854	0.01319	0.00240	0.30300	0.00615	0.00326	0.05242

[dist]
# distance from previous block
# <min> <max>
0	3

[block]
# block no. 2 follows, 30 sequences, length 8
# corresponding to MSA columns:
# 272-279
name=unknown_C
#
# <colnr> <probs for GDERKNQSTAVLIFYWHMCP>
#	G	D	E	R	K	N	Q	S	T	A	V	L	I	F	Y	W	H	M	C	P
0	0.01874	0.02220	0.05808	0.02634	0.06800	0.16742	0.42669	0.04660	0.01735	0.02173	0.01314	0.01702	0.01019	0.00662	0.00841	0.00224	0.04930	0.00705	0.00362	0.00925
1	0.01305	0.00719	0.01015	0.00978	0.01029	0.00744	0.00681	0.06068	0.01105	0.01484	0.01297	0.02134	0.01250	0.02517	0.07864	0.67747	0.00714	0.00618	0.00338	0.00394
2	0.01689	0.08274	0.36231	0.01990	0.02805	0.01789	0.15295	0.12214	0.04891	0.02535	0.01398	0.01609	0.01029	0.00675	0.00679	0.00212	0.00953	0.00591	0.00391	0.04751
3	0.01736	0.15046	0.19775	0.02264	0.05254	0.10379	0.27216	0.02235	0.01571	0.02035	0.01227	0.01555	0.00964	0.00660	0.00777	0.00214	0.05221	0.00610	0.00328	0.00935
4	0.02106	0.01584	0.01669	0.01390	0.01820	0.04075	0.01107	0.32849	0.19071	0.08119	0.02779	0.09046	0.09102	0.01081	0.00730	0.00225	0.00644	0.00877	0.00691	0.01035
5	0.00870	0.00629	0.00823	0.00943	0.01013	0.00582	0.00643	0.01026	0.01448	0.01944	0.14329	0.60624	0.08446	0.02047	0.00877	0.00271	0.00390	0.01845	0.00666	0.00582
6	0.04927	0.17132	0.37130	0.01986	0.02814	0.01854	0.17715	0.02228	0.01510	0.04611	0.01276	0.01518	0.00952	0.00639	0.00650	0.00210	0.00974	0.00561	0.00335	0.00978
7	0.01763	0.15181	0.05776	0.01330	0.01791	0.05596	0.01145	0.12644	0.27609	0.02620	0.02902	0.02798	0.13996	0.00986	0.00674	0.00213	0.00649	0.00779	0.00580	0.00966

[dist]
# distance from previous block
# <min> <max>
0	5

[block]
# block no. 3 follows, 30 sequences, length 32
# corresponding to MSA columns:
# 285-316
name=unknown_D
#
# <colnr> <probs for GDERKNQSTAVLIFYWHMCP>
#	G	D	E	R	K	N	Q	S	T	A	V	L	I	F	Y	W	H	M	C	P
0	0.01903	0.08700	0.32072	0.01674	0.02405	0.01755	0.03370	0.16513	0.10145	0.09054	0.01691	0.01760	0.01216	0.00751	0.00658	0.00212	0.00829	0.00590	0.03643	0.01058
1	0.05194	0.15372	0.45704	0.04580	0.02722	0.03883	0.03499	0.05644	0.01550	0.02228	0.01204	0.01428	0.00903	0.00675	0.00661	0.00210	0.02733	0.00502	0.00327	0.00979
2	0.01157	0.00908	0.01108	0.00996	0.01271	0.00862	0.03829	0.01681	0.12344	0.05502	0.24686	0.05213	0.34878	0.01444	0.00801	0.00230	0.00426	0.01239	0.00689	0.00733
3	0.01289	0.04889	0.01542	0.14877	0.02037	0.01084	0.04132	0.01597	0.01575	0.05791	0.18755	0.11405	0.09394	0.01308	0.03387	0.00249	0.03467	0.00992	0.03091	0.09138
4	0.01382	0.00906	0.01128	0.00959	0.01275	0.00771	0.00727	0.01647	0.01688	0.11700	0.28872	0.09712	0.07012	0.07168	0.00951	0.00231	0.00450	0.01011	0.00643	0.21769
5	0.02255	0.01668	0.01815	0.01433	0.01907	0.01806	0.01166	0.52772	0.02910	0.03915	0.10208	0.05722	0.05292	0.01006	0.00723	0.00213	0.00673	0.00801	0.00695	0.03020
6	0.01741	0.56518	0.21940	0.01407	0.02121	0.02455	0.01565	0.02122	0.01433	0.01794	0.01046	0.01214	0.00892	0.00615	0.00505	0.00168	0.00823	0.00411	0.00297	0.00932
7	0.00885	0.00709	0.00790	0.00770	0.00979	0.00615	0.00578	0.01118	0.01733	0.02223	0.30598	0.06160	0.47100	0.01641	0.00824	0.00230	0.00345	0.01395	0.00692	0.00615
8	0.02986	0.01329	0.01696	0.01310	0.01846	0.01247	0.01079	0.14191	0.05435	0.57266	0.02580	0.02271	0.01657	0.00863	0.00702	0.00216	0.00621	0.00694	0.00829	0.01183
9	0.01546	0.01439	0.01933	0.03653	0.01842	0.01835	0.01353	0.04745	0.01264	0.01958	0.01093	0.01593	0.01000	0.01049	0.01774	0.00257	0.52295	0.00582	0.04999	0.13791
10	0.01113	0.00905	0.01250	0.01173	0.01223	0.01039	0.03504	0.01224	0.01140	0.01590	0.02245	0.20556	0.02540	0.31528	0.09134	0.00524	0.17172	0.01124	0.00443	0.00574
11	0.00996	0.00719	0.00944	0.00902	0.01066	0.00667	0.00686	0.01324	0.01954	0.02757	0.66803	0.05369	0.06433	0.01456	0.00831	0.00225	0.00348	0.05102	0.00761	0.00658
12	0.00967	0.00669	0.00762	0.00787	0.00821	0.00649	0.00470	0.01007	0.01133	0.01482	0.03030	0.15674	0.10953	0.55449	0.02819	0.00564	0.00596	0.01218	0.00484	0.00465
13	0.01866	0.75896	0.03657	0.01194	0.01791	0.02761	0.01194	0.02090	0.01418	0.01642	0.00970	0.01119	0.00896	0.00597	0.00448	0.00149	0.00746	0.00373	0.00299	0.00896
14	0.01492	0.01460	0.02583	0.41050	0.24797	0.01630	0.10646	0.01948	0.01477	0.01990	0.01274	0.01812	0.01000	0.00677	0.00763	0.00228	0.03303	0.00647	0.00326	0.00897
15	0.00850	0.00697	0.00751	0.00773	0.00975	0.00598	0.00574	0.01035	0.01586	0.01946	0.11265	0.15771	0.55099	0.01803	0.00838	0.00244	0.00368	0.03579	0.00657	0.00593
16	0.01517	0.05037	0.02636	0.19892	0.12168	0.01776	0.15763	0.01886	0.01374	0.01921	0.01211	0.01743	0.01016	0.01006	0.04441	0.00282	0.21444	0.00647	0.00329	0.03910
17	0.01903	0.68010	0.05994	0.01267	0.01862	0.07805	0.01255	0.02145	0.01461	0.01667	0.00988	0.01142	0.00895	0.00608	0.00469	0.00154	0.00794	0.00384	0.00303	0.00894
18	0.01577	0.00993	0.01231	0.01008	0.01383	0.00859	0.00790	0.04512	0.01827	0.14752	0.29696	0.05851	0.03568	0.01033	0.00692	0.00184	0.00451	0.00884	0.04809	0.23901
19	0.09150	0.03110	0.55606	0.01863	0.02698	0.01684	0.02259	0.02123	0.01391	0.02229	0.01180	0.01447	0.00876	0.00736	0.00858	0.00232	0.10764	0.00515	0.00310	0.00969
20	0.01079	0.00754	0.00964	0.01016	0.01142	0.00732	0.00738	0.03901	0.01552	0.05256	0.11330	0.46498	0.12248	0.01890	0.00911	0.00268	0.02935	0.05481	0.00661	0.00644
21	0.68725	0.01365	0.01140	0.00986	0.01435	0.01543	0.00812	0.05667	0.01377	0.09952	0.01184	0.01284	0.00874	0.00679	0.00472	0.00216	0.00557	0.00423	0.00488	0.00821
22	0.00870	0.00635	0.00819	0.00929	0.01010	0.00584	0.00637	0.01032	0.01468	0.01960	0.15205	0.56457	0.11785	0.02018	0.00873	0.00268	0.00387	0.01812	0.00668	0.00584
23	0.01668	0.01732	0.06827	0.10983	0.60589	0.01645	0.02147	0.02110	0.01563	0.02227	0.01302	0.01725	0.01075	0.00632	0.00690	0.00211	0.00851	0.00615	0.00339	0.01069
24	0.00988	0.00665	0.00769	0.00796	0.00802	0.00658	0.00460	0.01008	0.01068	0.01424	0.02470	0.16176	0.02879	0.63399	0.03113	0.00612	0.00632	0.01174	0.00460	0.00447
25	0.01013	0.00683	0.00794	0.00794	0.00805	0.00694	0.00463	0.01036	0.01024	0.01377	0.02169	0.04402	0.02466	0.69158	0.09772	0.00717	0.00784	0.00991	0.00418	0.00441
26	0.08204	0.49106	0.03052	0.01370	0.01856	0.08847	0.04260	0.02080	0.01412	0.01798	0.01031	0.01275	0.00928	0.00862	0.03561	0.00217	0.08526	0.00441	0.00321	0.00854
27	0.01202	0.00610	0.00901	0.00901	0.00901	0.00610	0.00596	0.00915	0.00915	0.01220	0.01264	0.02250	0.01282	0.06268	0.02771	0.75539	0.00610	0.00628	0.00309	0.00309
28	0.01687	0.00876	0.01139	0.01033	0.01294	0.00803	0.00779	0.01995	0.04843	0.25072	0.22199	0.21881	0.06654	0.05290	0.00938	0.00260	0.00465	0.01235	0.00744	0.00815
29	0.02443	0.01804	0.01940	0.01521	0.02017	0.01991	0.01235	0.59295	0.05724	0.04046	0.01841	0.04836	0.01445	0.05495	0.00882	0.00242	0.00739	0.00713	0.00680	0.01111
30	0.01809	0.04927	0.09351	0.09584	0.20073	0.07104	0.08797	0.10211	0.09832	0.02422	0.01466	0.01752	0.01151	0.00756	0.00839	0.00222	0.07659	0.00629	0.00418	0.00996
31	0.03389	0.01684	0.08086	0.37525	0.03790	0.04956	0.17549	0.05452	0.01587	0.02094	0.01563	0.04418	0.03300	0.00761	0.00726	0.00230	0.00958	0.00720	0.00367	0.00845

[dist]
# distance from previous block
# <min> <max>
0	3

[block]
# block no. 4 follows, 30 sequences, length 33
# corresponding to MSA columns:
# 320-352
name=unknown_E
#
# <colnr> <probs for GDERKNQSTAVLIFYWHMCP>
#	G	D	E	R	K	N	Q	S	T	A	V	L	I	F	Y	W	H	M	C	P
0	0.20628	0.01766	0.10716	0.01342	0.01789	0.03401	0.01220	0.22184	0.01917	0.03093	0.01464	0.01668	0.01120	0.00806	0.00770	0.00214	0.09057	0.00552	0.15388	0.00905
1	0.11751	0.01211	0.01116	0.01009	0.01271	0.06659	0.00763	0.12775	0.05659	0.02698	0.02034	0.06768	0.01777	0.10790	0.00970	0.00258	0.00562	0.00733	0.30441	0.00755
2	0.01819	0.01403	0.01573	0.01213	0.01692	0.01358	0.00956	0.27136	0.02064	0.02911	0.01582	0.02075	0.01356	0.12517	0.04127	0.00276	0.00695	0.00603	0.00522	0.34122
3	0.01223	0.00872	0.01064	0.01049	0.01243	0.00824	0.00752	0.09400	0.01606	0.04531	0.03293	0.50054	0.05934	0.04325	0.00907	0.00263	0.00476	0.01538	0.00626	0.10021
4	0.06319	0.31904	0.02562	0.01480	0.01941	0.35270	0.01236	0.02548	0.07357	0.01857	0.01176	0.01308	0.00992	0.00686	0.00553	0.00174	0.00959	0.00444	0.00368	0.00865
5	0.54983	0.01564	0.09766	0.08577	0.01899	0.01492	0.01100	0.02026	0.01321	0.04654	0.06013	0.01571	0.01227	0.00716	0.00522	0.00219	0.00626	0.00491	0.00438	0.00796
6	0.01285	0.00927	0.01075	0.00993	0.01148	0.00971	0.00699	0.12155	0.04378	0.02174	0.11024	0.08329	0.06053	0.34689	0.10603	0.00534	0.00753	0.01023	0.00541	0.00644
7	0.07142	0.01260	0.01628	0.01255	0.01791	0.01149	0.01037	0.08785	0.02062	0.62410	0.02570	0.02252	0.01631	0.00850	0.00687	0.00215	0.00605	0.00679	0.00827	0.01165
8	0.01124	0.00767	0.01025	0.01005	0.01123	0.00879	0.00771	0.01372	0.01212	0.01896	0.01948	0.02746	0.01757	0.08614	0.41597	0.00750	0.06251	0.00728	0.23806	0.00627
9	0.02649	0.02069	0.02085	0.01622	0.02163	0.08026	0.01328	0.63308	0.03173	0.04174	0.01626	0.01641	0.01163	0.00828	0.00692	0.00207	0.00809	0.00613	0.00670	0.01155
10	0.02653	0.01955	0.02094	0.01606	0.02164	0.02164	0.01326	0.68796	0.03281	0.04398	0.01675	0.01675	0.01187	0.00838	0.00698	0.00209	0.00768	0.00628	0.00698	0.01187
11	0.00893	0.00625	0.00797	0.00917	0.00947	0.00595	0.00589	0.00983	0.01253	0.01670	0.03418	0.56714	0.04075	0.21230	0.01582	0.00386	0.00475	0.01732	0.00589	0.00529
12	0.00850	0.00607	0.00810	0.00972	0.01012	0.00567	0.00648	0.00972	0.01336	0.01781	0.03846	0.75020	0.04615	0.02186	0.00891	0.00283	0.00405	0.01984	0.00648	0.00567
13	0.01737	0.01712	0.02708	0.11145	0.60446	0.05759	0.02075	0.02143	0.01592	0.02197	0.01292	0.01713	0.01076	0.00635	0.00688	0.00208	0.00864	0.00612	0.00343	0.01055
14	0.00887	0.00667	0.00909	0.07007	0.01323	0.00650	0.00747	0.01041	0.01359	0.01789	0.03857	0.64110	0.08990	0.02033	0.00870	0.00276	0.00445	0.01834	0.00620	0.00586
15	0.00866	0.00619	0.00828	0.00990	0.01037	0.00580	0.00675	0.00999	0.01352	0.01799	0.03837	0.71132	0.04581	0.02171	0.00895	0.00286	0.00419	0.05715	0.00647	0.00571
16	0.08563	0.01248	0.01608	0.01242	0.01775	0.01137	0.01026	0.07487	0.02022	0.62468	0.02558	0.02243	0.01624	0.00847	0.00682	0.00216	0.00601	0.00674	0.00823	0.01157
17	0.01399	0.01278	0.02123	0.41305	0.24498	0.01437	0.01790	0.01765	0.01428	0.01895	0.01672	0.02185	0.05949	0.00894	0.00873	0.06831	0.00832	0.00680	0.00344	0.00824
18	0.01423	0.01144	0.01248	0.04189	0.01379	0.06165	0.00838	0.09764	0.01438	0.01949	0.01846	0.03162	0.01859	0.35645	0.09858	0.00527	0.08793	0.00806	0.07330	0.00638
19	0.07953	0.01311	0.02114	0.57424	0.14360	0.01568	0.01870	0.01858	0.01407	0.01969	0.01229	0.01780	0.00942	0.00682	0.00675	0.00227	0.00883	0.00600	0.00325	0.00823
20	0.01038	0.00711	0.00911	0.00896	0.01059	0.00647	0.00658	0.01300	0.01786	0.05695	0.44947	0.21123	0.13377	0.01612	0.00833	0.00236	0.00362	0.01424	0.00731	0.00654
21	0.01007	0.00677	0.00777	0.00778	0.00793	0.00671	0.00450	0.01038	0.01106	0.01488	0.07956	0.07094	0.02946	0.66747	0.03232	0.00625	0.00638	0.01069	0.00459	0.00447
22	0.02221	0.07471	0.04417	0.04813	0.02103	0.07360	0.01232	0.30954	0.02337	0.09777	0.01789	0.01839	0.04092	0.00778	0.00643	0.00185	0.00740	0.00592	0.00568	0.16088
23	0.01432	0.03396	0.63753	0.02149	0.05456	0.01634	0.08109	0.02210	0.01492	0.02215	0.01268	0.01517	0.00906	0.00655	0.00677	0.00222	0.01036	0.00545	0.00301	0.01026
24	0.00874	0.00712	0.00775	0.00768	0.00984	0.00613	0.00582	0.01092	0.01683	0.02110	0.22125	0.06398	0.53177	0.01692	0.00829	0.00235	0.00358	0.03708	0.00676	0.00608
25	0.01495	0.18413	0.57893	0.01826	0.02769	0.01854	0.02295	0.02185	0.01462	0.02094	0.01195	0.01401	0.00886	0.00649	0.00619	0.00206	0.00973	0.00486	0.00295	0.01004
26	0.01850	0.08932	0.01733	0.01375	0.01701	0.17937	0.01078	0.15274	0.10170	0.02435	0.04588	0.15879	0.02270	0.04338	0.03291	0.00271	0.00797	0.04685	0.00550	0.00846
27	0.01175	0.00763	0.00991	0.00953	0.01132	0.00714	0.00706	0.01519	0.04610	0.08602	0.46880	0.20652	0.05531	0.01530	0.00823	0.00234	0.00379	0.01357	0.00747	0.00702
28	0.00932	0.00701	0.01018	0.01102	0.01190	0.00663	0.04256	0.01096	0.01369	0.01821	0.03623	0.59935	0.04260	0.05516	0.01021	0.00304	0.00486	0.09497	0.00621	0.00589
29	0.16097	0.02076	0.18771	0.01924	0.10905	0.05635	0.08848	0.09073	0.01698	0.02569	0.03386	0.02190	0.09297	0.00809	0.00660	0.00213	0.00803	0.00670	0.00435	0.03941
30	0.02105	0.02347	0.09485	0.05113	0.04641	0.25451	0.03772	0.19935	0.02127	0.02595	0.01828	0.01984	0.06472	0.00836	0.00711	0.00204	0.02803	0.00629	0.06044	0.00917
31	0.01042	0.00732	0.01001	0.01155	0.01276	0.00719	0.00941	0.01298	0.01512	0.02009	0.03684	0.29718	0.04119	0.01965	0.00920	0.00302	0.00551	0.42460	0.03977	0.00618
32	0.01613	0.01544	0.02316	0.15053	0.41486	0.05108	0.01810	0.02153	0.08234	0.02190	0.01813	0.05361	0.03199	0.00834	0.00717	0.00223	0.00801	0.04158	0.00412	0.00976

[dist]
# distance from previous block
# <min> <max>
0	1

[block]
# block no. 5 follows, 30 sequences, length 73
# corresponding to MSA columns:
# 354-426
name=unknown_F
#
# <colnr> <probs for GDERKNQSTAVLIFYWHMCP>
#	G	D	E	R	K	N	Q	S	T	A	V	L	I	F	Y	W	H	M	C	P
0	0.06187	0.03702	0.01399	0.01352	0.07259	0.08014	0.00962	0.04704	0.06267	0.11292	0.09173	0.05653	0.04965	0.02864	0.00737	0.00222	0.00588	0.05713	0.18120	0.00827
1	0.01536	0.05896	0.48713	0.02362	0.11127	0.04231	0.12001	0.02221	0.01528	0.02182	0.01266	0.01541	0.00937	0.00647	0.00680	0.00217	0.01025	0.00565	0.00312	0.01014
2	0.08593	0.25037	0.23340	0.01684	0.04601	0.19567	0.01652	0.02284	0.01548	0.01978	0.01092	0.01295	0.00889	0.00672	0.00622	0.00191	0.03273	0.00451	0.00326	0.00906
3	0.05623	0.01036	0.03698	0.01548	0.12810	0.00960	0.01011	0.01583	0.06435	0.02354	0.23093	0.22950	0.09060	0.01435	0.00789	0.00240	0.00497	0.03512	0.00613	0.00752
4	0.01355	0.01175	0.01817	0.02521	0.33939	0.01159	0.01371	0.03923	0.01587	0.02190	0.08664	0.20624	0.07123	0.05708	0.00943	0.00261	0.00632	0.03659	0.00505	0.00845
5	0.01328	0.01109	0.01317	0.01009	0.01512	0.00859	0.00788	0.01619	0.01496	0.02281	0.09609	0.09999	0.02074	0.00807	0.00594	0.00137	0.00483	0.00685	0.00481	0.61815
6	0.01818	0.01540	0.01624	0.01437	0.01846	0.01774	0.01124	0.09524	0.63913	0.03051	0.02736	0.02521	0.02046	0.00937	0.00709	0.00234	0.00572	0.00775	0.00709	0.01112
7	0.01196	0.01021	0.01466	0.21292	0.04504	0.01183	0.01189	0.01462	0.01357	0.01894	0.02610	0.21407	0.09676	0.01300	0.01022	0.00247	0.13934	0.01062	0.08655	0.03520
8	0.04839	0.14173	0.56532	0.01802	0.02728	0.01769	0.02247	0.02223	0.01470	0.04365	0.01246	0.01435	0.00907	0.00659	0.00623	0.00210	0.00954	0.00495	0.00319	0.01005
9	0.03131	0.01188	0.01619	0.01242	0.01781	0.01026	0.01026	0.03401	0.01997	0.71606	0.02753	0.02375	0.01727	0.00864	0.00702	0.00216	0.00594	0.00702	0.00864	0.01188
10	0.00908	0.00640	0.00825	0.00930	0.00981	0.00607	0.00621	0.01036	0.01354	0.01822	0.11082	0.50846	0.04406	0.16606	0.01413	0.00355	0.00458	0.03942	0.00617	0.00551
11	0.02433	0.22092	0.02496	0.01526	0.02062	0.13771	0.01294	0.40114	0.02568	0.03219	0.01389	0.01458	0.01062	0.00754	0.00619	0.00188	0.00842	0.00531	0.00536	0.01047
12	0.01741	0.01172	0.01344	0.01177	0.01414	0.05750	0.00909	0.05147	0.04307	0.17005	0.16293	0.06047	0.05163	0.11152	0.03793	0.00319	0.10496	0.00904	0.05068	0.00798
13	0.00935	0.00686	0.00877	0.00883	0.01024	0.00628	0.00642	0.01195	0.01771	0.02440	0.46779	0.23099	0.13138	0.01657	0.00840	0.00237	0.00351	0.01468	0.00724	0.00628
14	0.00835	0.00691	0.00732	0.00757	0.00958	0.00588	0.00555	0.01008	0.01562	0.01902	0.08882	0.18043	0.57433	0.01825	0.00836	0.00243	0.00361	0.01550	0.00652	0.00588
15	0.01431	0.01286	0.02033	0.22545	0.11358	0.01502	0.06946	0.04347	0.01460	0.02082	0.04435	0.06748	0.01573	0.01148	0.04452	0.00282	0.16234	0.00759	0.08573	0.00805
16	0.02458	0.01207	0.01484	0.01214	0.01641	0.03887	0.00983	0.06538	0.04894	0.43699	0.17634	0.03185	0.02858	0.01034	0.00738	0.00221	0.00573	0.03931	0.00796	0.01027
17	0.00998	0.00745	0.01107	0.01107	0.01227	0.00865	0.00855	0.01237	0.01117	0.01610	0.01882	0.02813	0.01775	0.07977	0.70009	0.01104	0.01823	0.00758	0.00376	0.00615
18	0.11504	0.01363	0.01604	0.01263	0.01752	0.01359	0.01035	0.21071	0.02258	0.37292	0.10151	0.02371	0.02032	0.00897	0.00684	0.00215	0.00605	0.00710	0.00758	0.01077
19	0.01634	0.43309	0.30251	0.01502	0.02242	0.02207	0.01719	0.02089	0.01423	0.01863	0.01132	0.01350	0.00939	0.00885	0.04617	0.00232	0.00921	0.00450	0.00301	0.00933
20	0.02088	0.01420	0.01570	0.01277	0.01668	0.01541	0.01028	0.39246	0.02467	0.06687	0.04132	0.02255	0.01631	0.04467	0.08672	0.00320	0.00770	0.00686	0.17114	0.00964
21	0.65677	0.01592	0.01250	0.01193	0.04733	0.08964	0.00904	0.04688	0.01368	0.02992	0.01026	0.01195	0.00803	0.00661	0.00475	0.00212	0.00637	0.00406	0.00431	0.00794
22	0.01142	0.00820	0.01023	0.03097	0.01261	0.00828	0.00771	0.09722	0.01592	0.02141	0.05382	0.48518	0.03817	0.09475	0.01128	0.00310	0.00503	0.05262	0.02561	0.00646
23	0.00958	0.00695	0.00904	0.00888	0.01034	0.00640	0.00652	0.01246	0.01851	0.02590	0.56909	0.17422	0.08454	0.01571	0.00835	0.00231	0.00343	0.01395	0.00743	0.00640
24	0.02033	0.49822	0.05506	0.01389	0.01934	0.10861	0.01298	0.11884	0.01738	0.02073	0.01093	0.01252	0.00939	0.00684	0.00617	0.00173	0.04975	0.00438	0.00364	0.00925
25	0.01647	0.01594	0.02769	0.17002	0.55100	0.01644	0.05863	0.02081	0.01557	0.02186	0.01305	0.01760	0.01070	0.00634	0.00700	0.00213	0.00867	0.00633	0.00339	0.01035
26	0.03116	0.01212	0.01634	0.01253	0.01793	0.01061	0.01035	0.05458	0.02038	0.69492	0.02719	0.02353	0.01710	0.00863	0.00702	0.00216	0.00599	0.00699	0.00858	0.01188
27	0.00899	0.00667	0.00888	0.04344	0.01191	0.00634	0.00701	0.01084	0.01492	0.02003	0.17999	0.51705	0.09948	0.01925	0.00862	0.00264	0.00410	0.01729	0.00657	0.00597
28	0.01462	0.07565	0.52759	0.06040	0.02990	0.01722	0.07211	0.02231	0.04705	0.02166	0.01309	0.01559	0.00960	0.00690	0.00728	0.00222	0.03810	0.00552	0.00320	0.00995
29	0.00988	0.00717	0.00866	0.00925	0.01022	0.00687	0.00628	0.04842	0.01459	0.01924	0.07916	0.43731	0.13340	0.15967	0.01373	0.00344	0.00465	0.01608	0.00615	0.00583
30	0.01002	0.00729	0.01028	0.01028	0.01120	0.00821	0.00755	0.01186	0.01094	0.01551	0.01955	0.03216	0.01951	0.23502	0.54723	0.01006	0.01559	0.00817	0.00387	0.00571
31	0.04155	0.09415	0.03790	0.04218	0.01773	0.08332	0.01190	0.06804	0.05318	0.02024	0.01719	0.02193	0.04546	0.04625	0.18101	0.00457	0.17539	0.00660	0.02356	0.00784
32	0.04141	0.01086	0.01216	0.01111	0.01333	0.03804	0.00825	0.06928	0.10015	0.11095	0.02276	0.03499	0.02126	0.28641	0.13887	0.00543	0.00874	0.05318	0.00542	0.00740
33	0.03897	0.00800	0.01031	0.00952	0.01166	0.00745	0.00730	0.01614	0.01870	0.12286	0.49921	0.07491	0.05335	0.04272	0.00910	0.00245	0.00407	0.04859	0.00745	0.00722
34	0.04006	0.00902	0.01030	0.06308	0.01379	0.04146	0.00773	0.01462	0.03909	0.04402	0.20008	0.20928	0.12069	0.04360	0.00988	0.04746	0.00491	0.01219	0.06226	0.00650
35	0.01589	0.06106	0.34575	0.08102	0.20396	0.07648	0.02139	0.02150	0.01543	0.02131	0.03900	0.01680	0.01166	0.00704	0.00719	0.00214	0.03351	0.00571	0.00333	0.00982
36	0.01367	0.01156	0.01361	0.01470	0.08605	0.03941	0.01010	0.06188	0.15028	0.02415	0.12001	0.18693	0.11014	0.01399	0.00789	0.00241	0.00550	0.08302	0.00626	0.03843
37	0.01207	0.00973	0.01352	0.01257	0.01343	0.01225	0.00999	0.01426	0.01150	0.01769	0.01647	0.02428	0.01530	0.06630	0.37000	0.00707	0.24114	0.00703	0.11879	0.00661
38	0.13271	0.21019	0.04772	0.01493	0.01958	0.28656	0.01266	0.10576	0.04183	0.02281	0.01170	0.01322	0.00956	0.00718	0.00633	0.00189	0.03784	0.00463	0.00404	0.00886
39	0.01712	0.01082	0.01193	0.01043	0.01328	0.01137	0.00815	0.22614	0.02055	0.05791	0.06162	0.11583	0.02224	0.01184	0.03133	0.00231	0.00538	0.00852	0.34496	0.00829
40	0.00997	0.00694	0.00896	0.00888	0.01000	0.00656	0.00634	0.01209	0.01657	0.02307	0.44223	0.12496	0.05223	0.14889	0.01435	0.04810	0.00430	0.04311	0.00661	0.00585
41	0.01447	0.01240	0.01447	0.01034	0.01654	0.00930	0.00827	0.01757	0.01447	0.02274	0.01240	0.01447	0.01034	0.00517	0.00517	0.00103	0.00517	0.00413	0.00413	0.79742
42	0.02113	0.29714	0.02625	0.04350	0.02043	0.10040	0.01301	0.23198	0.02025	0.02563	0.01252	0.01440	0.01021	0.00776	0.00790	0.00195	0.10061	0.00511	0.03031	0.00949
43	0.01051	0.00760	0.00974	0.00923	0.01092	0.00720	0.00689	0.04478	0.01967	0.02762	0.60081	0.12764	0.06111	0.01483	0.00825	0.00226	0.00358	0.01312	0.00752	0.00673
44	0.01143	0.00805	0.00970	0.00914	0.01087	0.00794	0.00665	0.03841	0.04296	0.05038	0.22769	0.04650	0.17627	0.19814	0.12092	0.00466	0.00682	0.01104	0.00601	0.00642
45	0.07229	0.01314	0.01620	0.01284	0.01795	0.01271	0.01049	0.08993	0.13225	0.50663	0.02574	0.02282	0.01692	0.00863	0.00688	0.00219	0.00599	0.00691	0.00800	0.01149
46	0.01411	0.00904	0.00841	0.00801	0.00995	0.05852	0.00606	0.04489	0.01641	0.02638	0.10797	0.02796	0.02304	0.00885	0.00549	0.00173	0.00411	0.00712	0.60510	0.00685
47	0.02607	0.03326	0.01978	0.01798	0.02157	0.72674	0.01348	0.02787	0.01978	0.01708	0.01079	0.01258	0.00899	0.00719	0.00629	0.00180	0.01258	0.00449	0.00360	0.00809
48	0.02632	0.01743	0.01921	0.01487	0.02016	0.01880	0.01224	0.52601	0.04612	0.15345	0.01916	0.01866	0.01333	0.00843	0.00687	0.00209	0.00709	0.00646	0.05175	0.01155
49	0.00866	0.00618	0.00828	0.00989	0.01037	0.00580	0.00675	0.00998	0.01351	0.01799	0.03838	0.71224	0.04582	0.02172	0.00895	0.00286	0.00418	0.05627	0.00647	0.00571
50	0.00850	0.00607	0.00810	0.00972	0.01012	0.00567	0.00648	0.00972	0.01336	0.01781	0.03846	0.75020	0.04615	0.02186	0.00891	0.00283	0.00405	0.01984	0.00648	0.00567
51	0.02327	0.09418	0.02177	0.01793	0.04713	0.40346	0.01376	0.13649	0.02004	0.02186	0.01244	0.01585	0.01060	0.00827	0.00847	0.00203	0.10286	0.02665	0.00413	0.00881
52	0.24918	0.01015	0.01034	0.00990	0.01249	0.02609	0.00768	0.04137	0.01595	0.06551	0.18471	0.17940	0.03310	0.01273	0.00691	0.00233	0.00482	0.05781	0.06232	0.00720
53	0.00854	0.00610	0.00813	0.00969	0.01013	0.00569	0.00648	0.00981	0.01354	0.01810	0.05731	0.73053	0.04671	0.02165	0.00889	0.00282	0.00403	0.01963	0.00651	0.00569
54	0.00980	0.00713	0.00922	0.00870	0.01038	0.00655	0.00652	0.01302	0.01957	0.02755	0.67735	0.05284	0.09631	0.01443	0.00823	0.00220	0.00330	0.01272	0.00762	0.00655
55	0.01718	0.01767	0.05221	0.07868	0.58180	0.05634	0.02061	0.02133	0.01596	0.02209	0.01388	0.01944	0.01192	0.00685	0.00698	0.00212	0.00859	0.03233	0.00354	0.01049
56	0.01902	0.11499	0.01993	0.03511	0.01852	0.15838	0.01210	0.16223	0.01881	0.02393	0.05477	0.09803	0.01746	0.01037	0.00992	0.00222	0.15743	0.00742	0.05089	0.00847
57	0.48222	0.01364	0.01566	0.20764	0.12169	0.01575	0.01267	0.01993	0.01300	0.02652	0.01091	0.01411	0.00852	0.00657	0.00539	0.00219	0.00685	0.00477	0.00387	0.00811
58	0.01614	0.05081	0.02441	0.37327	0.29984	0.07858	0.01930	0.02023	0.01522	0.01961	0.01241	0.01722	0.00993	0.00666	0.00677	0.00214	0.00911	0.00594	0.00327	0.00911
59	0.01016	0.00767	0.00929	0.00923	0.01084	0.00739	0.00675	0.01408	0.07975	0.02338	0.34449	0.17032	0.15443	0.08168	0.01073	0.00279	0.00410	0.03951	0.00688	0.00652
60	0.07461	0.21740	0.34568	0.06111	0.12928	0.01914	0.01982	0.02132	0.01451	0.02118	0.01167	0.01416	0.00913	0.00641	0.00596	0.00201	0.00885	0.00490	0.00314	0.00972
61	0.01417	0.16690	0.01576	0.00995	0.01330	0.01219	0.00829	0.01816	0.07635	0.09382	0.21908	0.04371	0.23180	0.01271	0.00727	0.00214	0.00483	0.03542	0.00634	0.00781
62	0.03131	0.01188	0.01619	0.01242	0.01781	0.01026	0.01026	0.03401	0.01997	0.71606	0.02753	0.02375	0.01727	0.00864	0.00702	0.00216	0.00594	0.00702	0.00864	0.01188
63	0.01266	0.01083	0.01689	0.43963	0.03300	0.01324	0.01472	0.01595	0.01329	0.01824	0.01668	0.10833	0.01536	0.03687	0.01046	0.03425	0.08377	0.00800	0.09078	0.00704
64	0.01555	0.01752	0.08808	0.24879	0.28843	0.01648	0.18193	0.02061	0.01534	0.02112	0.01309	0.01784	0.01022	0.00640	0.00723	0.00223	0.00961	0.00661	0.00332	0.00959
65	0.00932	0.00676	0.00882	0.00928	0.01048	0.00627	0.00673	0.01170	0.01681	0.02306	0.37033	0.32951	0.09297	0.01773	0.00858	0.00251	0.00378	0.05211	0.00707	0.00618
66	0.01011	0.00761	0.01119	0.01111	0.01224	0.00888	0.00854	0.01239	0.01112	0.01601	0.01871	0.02849	0.01784	0.10418	0.65819	0.01068	0.03517	0.00764	0.00376	0.00611
67	0.04873	0.73041	0.03556	0.01183	0.01774	0.02715	0.01177	0.02088	0.01409	0.01699	0.00970	0.01120	0.00890	0.00599	0.00447	0.00152	0.00738	0.00373	0.00304	0.00890
68	0.01437	0.03388	0.64040	0.02249	0.10735	0.01625	0.02529	0.02202	0.01486	0.02218	0.01259	0.01502	0.00909	0.00658	0.00666	0.00219	0.01008	0.00528	0.00300	0.01040
69	0.01083	0.00774	0.01076	0.01226	0.01372	0.00767	0.01042	0.01380	0.01590	0.02083	0.06893	0.16209	0.04213	0.01937	0.00948	0.00312	0.00598	0.55213	0.00649	0.00634
70	0.01124	0.00709	0.00917	0.02963	0.01150	0.00669	0.00687	0.01369	0.01631	0.06774	0.27248	0.31542	0.06097	0.01582	0.00789	0.00236	0.00392	0.01403	0.12061	0.00658
71	0.01615	0.11270	0.36444	0.02200	0.10533	0.01733	0.11461	0.02200	0.01534	0.06078	0.03979	0.01715	0.01203	0.00707	0.00749	0.00217	0.04413	0.00598	0.00360	0.00993
72	0.01446	0.01379	0.02078	0.51620	0.12788	0.04095	0.01801	0.02054	0.09124	0.01975	0.01625	0.02073	0.03507	0.00754	0.00700	0.00228	0.00867	0.00663	0.00373	0.00849

[dist]
# distance from previous block
# <min> <max>
1	10

[block]
# block no. 6 follows, 30 sequences, length 347
# corresponding to MSA columns:
# 437-783
name=unknown_G
#
# <colnr> <probs for GDERKNQSTAVLIFYWHMCP>
#	G	D	E	R	K	N	Q	S	T	A	V	L	I	F	Y	W	H	M	C	P
0	0.01866	0.75896	0.03657	0.01194	0.01791	0.02761	0.01194	0.02090	0.01418	0.01642	0.00970	0.01119	0.00896	0.00597	0.00448	0.00149	0.00746	0.00373	0.00299	0.00896
1	0.02535	0.03211	0.01939	0.01768	0.02117	0.69475	0.01327	0.02718	0.01939	0.01704	0.01114	0.01325	0.00937	0.00920	0.03841	0.00222	0.01286	0.00463	0.00360	0.00801
2	0.01001	0.00730	0.01034	0.01034	0.01128	0.00825	0.00763	0.01190	0.01095	0.01555	0.01950	0.03186	0.01938	0.22360	0.55848	0.01013	0.01578	0.00813	0.00386	0.00574
3	0.02555	0.01906	0.02039	0.01586	0.02127	0.02118	0.01303	0.61833	0.10404	0.04240	0.01800	0.01775	0.01288	0.00849	0.00699	0.00212	0.00745	0.00645	0.00699	0.01178
4	0.01563	0.01323	0.01426	0.01293	0.01639	0.01492	0.01001	0.03163	0.54665	0.02862	0.15940	0.03236	0.05236	0.01065	0.00735	0.00233	0.00503	0.00902	0.00719	0.01002
5	0.01650	0.00987	0.01023	0.00897	0.01162	0.01041	0.00704	0.18974	0.01933	0.03066	0.02121	0.02362	0.01633	0.00819	0.00542	0.00175	0.00440	0.00645	0.59036	0.00789
6	0.00832	0.00707	0.00718	0.00715	0.00947	0.00592	0.00536	0.01016	0.01609	0.01928	0.10058	0.06645	0.67824	0.01751	0.00825	0.00235	0.00352	0.01463	0.00654	0.00592
7	0.01021	0.00747	0.00988	0.01085	0.01242	0.00715	0.00890	0.01297	0.01640	0.02155	0.16899	0.15709	0.14203	0.01842	0.00908	0.00285	0.00511	0.36566	0.00668	0.00628
8	0.00973	0.00702	0.00919	0.00888	0.01039	0.00649	0.00657	0.01279	0.01906	0.02688	0.63503	0.12778	0.06371	0.01509	0.00830	0.00226	0.00337	0.01340	0.00755	0.00649
9	0.01677	0.01644	0.02366	0.24208	0.36087	0.07264	0.01869	0.02312	0.11396	0.02180	0.01493	0.01856	0.01185	0.00699	0.00691	0.00217	0.00853	0.00632	0.00389	0.00984
10	0.74033	0.01317	0.01040	0.00923	0.01351	0.01508	0.00759	0.02099	0.01235	0.06289	0.01100	0.01243	0.00837	0.00664	0.00446	0.00214	0.00535	0.00402	0.03232	0.00772
11	0.00893	0.00638	0.00858	0.01020	0.01079	0.00603	0.00721	0.01045	0.01378	0.01829	0.03823	0.64637	0.04523	0.02146	0.00902	0.00289	0.00442	0.11948	0.00647	0.00579
12	0.01509	0.00852	0.00873	0.00798	0.01022	0.00884	0.00617	0.11994	0.01744	0.02879	0.02184	0.02459	0.01696	0.00817	0.00520	0.00170	0.00394	0.00647	0.67209	0.00733
13	0.01960	0.06991	0.05803	0.03019	0.39058	0.08228	0.01784	0.16410	0.01958	0.02612	0.01456	0.04886	0.01236	0.00747	0.00678	0.00205	0.00840	0.00646	0.00430	0.01054
14	0.01489	0.02771	0.46928	0.05305	0.05921	0.01502	0.04306	0.06259	0.01635	0.04579	0.06149	0.06835	0.01584	0.00833	0.00701	0.00225	0.00902	0.00699	0.00399	0.00978
15	0.80405	0.01350	0.01026	0.00918	0.01350	0.01565	0.00756	0.02051	0.01188	0.03131	0.00972	0.01134	0.00756	0.00648	0.00432	0.00216	0.00540	0.00378	0.00432	0.00756
16	0.01735	0.01786	0.04969	0.07068	0.59809	0.06129	0.02065	0.02146	0.01589	0.02203	0.01307	0.01721	0.01093	0.00749	0.02496	0.00230	0.00893	0.00610	0.00344	0.01057
17	0.01044	0.00730	0.00933	0.00889	0.01072	0.00666	0.00675	0.01346	0.01894	0.05047	0.55522	0.07231	0.14535	0.01492	0.00827	0.00227	0.00357	0.04099	0.00748	0.00665
18	0.03586	0.03538	0.67476	0.01953	0.02945	0.04122	0.02485	0.02226	0.01483	0.02217	0.01239	0.01457	0.00881	0.00665	0.00656	0.00219	0.01026	0.00510	0.00301	0.01016
19	0.01451	0.11105	0.59817	0.01968	0.05637	0.01716	0.02360	0.02169	0.01486	0.02169	0.03164	0.01551	0.01053	0.00676	0.00646	0.00213	0.00973	0.00526	0.00310	0.01010
20	0.76820	0.01342	0.01053	0.00933	0.01370	0.01540	0.00768	0.02114	0.01225	0.06308	0.01054	0.01191	0.00801	0.00658	0.00444	0.00216	0.00542	0.00393	0.00452	0.00776
21	0.01370	0.01367	0.05812	0.53523	0.13616	0.01482	0.01878	0.01775	0.01382	0.01822	0.01248	0.01845	0.00978	0.00845	0.00882	0.07565	0.00892	0.00613	0.00314	0.00791
22	0.01676	0.01635	0.02647	0.18552	0.54816	0.04317	0.02070	0.02092	0.01564	0.02156	0.01289	0.01737	0.01061	0.00641	0.00690	0.00211	0.00866	0.00615	0.00339	0.01026
23	0.00865	0.00618	0.00827	0.00988	0.01035	0.00579	0.00673	0.00997	0.01350	0.01798	0.03838	0.71435	0.04583	0.02172	0.00895	0.00285	0.00418	0.05424	0.00647	0.00571
24	0.00830	0.00707	0.00714	0.00713	0.00946	0.00591	0.00534	0.01012	0.01603	0.01915	0.09162	0.06666	0.68728	0.01756	0.00825	0.00235	0.00353	0.01466	0.00652	0.00591
25	0.01412	0.03043	0.53355	0.02046	0.07063	0.03820	0.05806	0.02094	0.01521	0.02188	0.03978	0.05233	0.03785	0.00795	0.00694	0.00223	0.00956	0.00665	0.00348	0.00974
26	0.04050	0.53053	0.10085	0.01545	0.06835	0.04952	0.01408	0.05087	0.01520	0.01911	0.01056	0.01241	0.00919	0.00643	0.00566	0.00171	0.03280	0.00427	0.00325	0.00925
27	0.01304	0.01210	0.02026	0.68789	0.04574	0.01499	0.01882	0.01760	0.01410	0.01804	0.01410	0.02276	0.01143	0.00783	0.00716	0.00239	0.00910	0.05166	0.00333	0.00766
28	0.01205	0.00609	0.00904	0.00904	0.00904	0.00609	0.00599	0.00913	0.00913	0.01217	0.01249	0.02214	0.01262	0.05183	0.02758	0.76713	0.00609	0.00621	0.00308	0.00308
29	0.80405	0.01350	0.01026	0.00918	0.01350	0.01565	0.00756	0.02051	0.01188	0.03131	0.00972	0.01134	0.00756	0.00648	0.00432	0.00216	0.00540	0.00378	0.00432	0.00756
30	0.01650	0.01951	0.12140	0.10782	0.41347	0.04011	0.09792	0.02121	0.01545	0.02163	0.01280	0.01699	0.01035	0.00666	0.00786	0.00219	0.04838	0.00624	0.00334	0.01014
31	0.58313	0.07347	0.01445	0.03532	0.01640	0.04661	0.00928	0.10711	0.01516	0.03074	0.01076	0.01232	0.00834	0.00673	0.00485	0.00209	0.00628	0.00421	0.00449	0.00825
32	0.01301	0.00650	0.00650	0.00650	0.00813	0.00650	0.00488	0.01626	0.01463	0.02602	0.02276	0.02602	0.01789	0.00813	0.00488	0.00163	0.00325	0.00650	0.79350	0.00650
33	0.00954	0.00714	0.00886	0.00850	0.01031	0.00647	0.00642	0.01247	0.01875	0.02565	0.53962	0.05641	0.21448	0.01521	0.00828	0.00226	0.00344	0.03239	0.00737	0.00642
34	0.01447	0.01240	0.01447	0.01034	0.01654	0.00930	0.00827	0.01757	0.01447	0.02274	0.01240	0.01447	0.01034	0.00517	0.00517	0.00103	0.00517	0.00413	0.00413	0.79742
35	0.02428	0.05536	0.02095	0.01800	0.02149	0.61008	0.03751	0.02624	0.01862	0.01720	0.01101	0.01339	0.00932	0.00882	0.02968	0.00218	0.05945	0.00480	0.00354	0.00808
36	0.00937	0.00714	0.00863	0.00834	0.01022	0.00640	0.00630	0.01215	0.01835	0.02470	0.47311	0.05800	0.28018	0.01557	0.00828	0.00228	0.00347	0.03392	0.00724	0.00635
37	0.00983	0.00713	0.00927	0.00873	0.01040	0.00657	0.00655	0.01309	0.01965	0.02775	0.69103	0.05252	0.08251	0.01435	0.00823	0.00220	0.00330	0.01267	0.00765	0.00657
38	0.01015	0.00677	0.00761	0.00761	0.00761	0.00677	0.00423	0.01015	0.01015	0.01353	0.02199	0.04567	0.02537	0.75476	0.03552	0.00677	0.00677	0.01015	0.00423	0.00423
39	0.00997	0.00748	0.01121	0.01121	0.01246	0.00872	0.00872	0.01246	0.01121	0.01620	0.01869	0.02741	0.01745	0.05234	0.72710	0.01121	0.01869	0.00748	0.00374	0.00623
40	0.02607	0.03326	0.01978	0.01798	0.02157	0.72674	0.01348	0.02787	0.01978	0.01708	0.01079	0.01258	0.00899	0.00719	0.00629	0.00180	0.01258	0.00449	0.00360	0.00809
41	0.01614	0.01379	0.01471	0.01339	0.01701	0.01568	0.01042	0.03321	0.59224	0.02826	0.07746	0.03180	0.06349	0.01057	0.00732	0.00238	0.00529	0.02945	0.00708	0.01030
42	0.00843	0.00636	0.00780	0.00896	0.00992	0.00573	0.00614	0.00980	0.01409	0.01811	0.04767	0.55505	0.23536	0.02067	0.00872	0.00270	0.00390	0.01838	0.00648	0.00573
43	0.00825	0.00707	0.00707	0.00707	0.00943	0.00589	0.00530	0.01001	0.01591	0.01885	0.07069	0.06716	0.70839	0.01767	0.00825	0.00236	0.00353	0.01473	0.00648	0.00589
44	0.11634	0.56429	0.03099	0.01239	0.01789	0.10263	0.01161	0.04269	0.01510	0.01919	0.01005	0.01154	0.00888	0.00624	0.00474	0.00163	0.00778	0.00390	0.00334	0.00878
45	0.80405	0.01350	0.01026	0.00918	0.01350	0.01565	0.00756	0.02051	0.01188	0.03131	0.00972	0.01134	0.00756	0.00648	0.00432	0.00216	0.00540	0.00378	0.00432	0.00756
46	0.01007	0.00744	0.01106	0.01106	0.01232	0.00865	0.00860	0.01259	0.01133	0.01652	0.01883	0.02737	0.01746	0.05088	0.70337	0.01090	0.01818	0.00744	0.02969	0.00624
47	0.01374	0.00741	0.00762	0.00726	0.00915	0.00752	0.00553	0.06091	0.01612	0.02732	0.05892	0.02679	0.02004	0.00847	0.00520	0.00169	0.00355	0.00682	0.69906	0.00687
48	0.01708	0.01636	0.02757	0.07049	0.61549	0.01662	0.04121	0.02234	0.06138	0.02300	0.01414	0.01796	0.01165	0.00646	0.00697	0.00211	0.00826	0.00639	0.00368	0.01086
49	0.01552	0.01482	0.02306	0.11547	0.45989	0.04499	0.01799	0.01918	0.01562	0.02120	0.01981	0.08933	0.05299	0.00919	0.00731	0.00225	0.00784	0.04999	0.00404	0.00949
50	0.77806	0.01346	0.01061	0.03313	0.01463	0.01565	0.00795	0.02042	0.01194	0.03087	0.00980	0.01157	0.00761	0.00649	0.00441	0.00216	0.00553	0.00386	0.00428	0.00756
51	0.01892	0.55767	0.13598	0.01390	0.02021	0.11611	0.01420	0.02197	0.01498	0.01735	0.01026	0.01190	0.00894	0.00623	0.00503	0.00164	0.00855	0.00404	0.00306	0.00905
52	0.01061	0.00766	0.00916	0.00892	0.01094	0.00705	0.00669	0.01403	0.05608	0.05544	0.32220	0.14649	0.26986	0.01598	0.00824	0.00237	0.00380	0.03063	0.00711	0.00673
53	0.04268	0.08914	0.33706	0.12391	0.07422	0.04249	0.08398	0.04981	0.01591	0.02242	0.04510	0.01719	0.01199	0.00697	0.00666	0.00215	0.00940	0.00587	0.00353	0.00951
54	0.10776	0.01881	0.02039	0.16029	0.17153	0.15400	0.01527	0.17711	0.01973	0.02668	0.01392	0.01771	0.01108	0.00748	0.00654	0.00210	0.00865	0.02270	0.02887	0.00938
