[name]
unknown

[dist]
# distance from previous block
# <min> <max>
6	69

[block]
# block no. 0 follows, 27 sequences, length 6
# corresponding to MSA columns:
# 70-75
name=unknown_A
#
# <colnr> <probs for GDERKNQSTAVLIFYWHMCP>
#	G	D	E	R	K	N	Q	S	T	A	V	L	I	F	Y	W	H	M	C	P
0	0.01249	0.00768	0.00928	0.00915	0.01029	0.00730	0.00607	0.01329	0.01342	0.08368	0.03485	0.15572	0.14150	0.35702	0.06306	0.04433	0.00675	0.01254	0.00565	0.00590
1	0.07301	0.08781	0.10855	0.30470	0.10885	0.01749	0.01809	0.02224	0.07260	0.02261	0.01428	0.01803	0.01108	0.00718	0.00672	0.00220	0.00863	0.00595	0.00388	0.08607
2	0.02691	0.01397	0.01768	0.08202	0.02190	0.01402	0.01202	0.14984	0.08694	0.37791	0.05412	0.02505	0.01920	0.00928	0.00738	0.00229	0.00667	0.00755	0.05370	0.01154
3	0.01101	0.00878	0.00957	0.01042	0.01112	0.05359	0.00701	0.01227	0.01440	0.01864	0.08195	0.42080	0.04178	0.21241	0.01683	0.00403	0.00575	0.04758	0.00614	0.00591
4	0.01770	0.01853	0.06785	0.17426	0.24494	0.09600	0.01810	0.08453	0.01795	0.02349	0.01697	0.08800	0.01524	0.01302	0.06826	0.00316	0.01018	0.00785	0.00428	0.00969
5	0.01733	0.01291	0.01625	0.05564	0.05737	0.01135	0.01076	0.07555	0.01770	0.09336	0.02144	0.10577	0.03870	0.00941	0.00683	0.00182	0.00612	0.03144	0.00550	0.40477

[dist]
# distance from previous block
# <min> <max>
8	33

[block]
# block no. 1 follows, 27 sequences, length 99
# corresponding to MSA columns:
# 109-204,208-210
name=unknown_B
#
# <colnr> <probs for GDERKNQSTAVLIFYWHMCP>
#	G	D	E	R	K	N	Q	S	T	A	V	L	I	F	Y	W	H	M	C	P
0	0.15770	0.04352	0.01625	0.03550	0.01790	0.04330	0.01060	0.18228	0.06116	0.02928	0.02241	0.05607	0.06359	0.09442	0.01116	0.00286	0.03732	0.03701	0.00564	0.07202
1	0.12890	0.06357	0.01976	0.04417	0.02107	0.06553	0.03649	0.18025	0.09826	0.15268	0.06931	0.02173	0.01787	0.00874	0.00691	0.00220	0.00736	0.00684	0.00647	0.04190
2	0.36919	0.01443	0.03664	0.01348	0.06239	0.03541	0.01013	0.02259	0.09254	0.05534	0.15817	0.02689	0.05654	0.00966	0.00645	0.00232	0.00584	0.00743	0.00583	0.00872
3	0.30555	0.04058	0.01781	0.06983	0.11773	0.05072	0.01265	0.07475	0.07268	0.02902	0.06614	0.04617	0.01680	0.00887	0.00721	0.00234	0.04018	0.00669	0.00505	0.00921
4	0.04945	0.04927	0.12325	0.14487	0.25225	0.06917	0.01937	0.05126	0.09415	0.05276	0.01595	0.01869	0.01228	0.00749	0.00709	0.00227	0.00903	0.00635	0.00439	0.01066
5	0.11122	0.01451	0.01602	0.01342	0.01796	0.01495	0.01093	0.22791	0.06897	0.05878	0.05236	0.05915	0.02130	0.01125	0.00799	0.02715	0.00653	0.09992	0.00640	0.15329
6	0.18698	0.01179	0.01278	0.06877	0.04749	0.04036	0.00946	0.04242	0.01742	0.02689	0.22481	0.09540	0.11006	0.03552	0.00838	0.00250	0.00565	0.01032	0.00605	0.03696
7	0.01761	0.01855	0.05959	0.19241	0.44412	0.06630	0.02134	0.02213	0.01683	0.02280	0.03847	0.01957	0.01322	0.00721	0.00736	0.00226	0.00929	0.00668	0.00374	0.01053
8	0.01656	0.01500	0.02530	0.41609	0.31333	0.01675	0.02113	0.02121	0.01594	0.04773	0.01414	0.01942	0.01099	0.00716	0.00739	0.00236	0.00931	0.00664	0.00368	0.00986
9	0.03110	0.01330	0.01783	0.01465	0.04629	0.01192	0.01146	0.05759	0.05173	0.58910	0.02764	0.02443	0.01780	0.00896	0.00738	0.00225	0.00643	0.00732	0.00863	0.04417
10	0.01061	0.00795	0.01193	0.01193	0.01326	0.00928	0.00928	0.01326	0.01193	0.01723	0.01988	0.02916	0.01856	0.05568	0.70968	0.01193	0.01988	0.00795	0.00398	0.00663
11	0.07937	0.65280	0.06892	0.01289	0.01933	0.02780	0.01306	0.02226	0.01492	0.01899	0.01047	0.01210	0.00941	0.00643	0.00486	0.00168	0.00792	0.00405	0.00328	0.00948
12	0.42311	0.01352	0.01398	0.01144	0.01659	0.01386	0.00943	0.02880	0.01682	0.35626	0.01955	0.01848	0.01306	0.00801	0.00599	0.00230	0.00602	0.00569	0.00683	0.01027
13	0.00904	0.00646	0.00861	0.01034	0.01077	0.00603	0.00689	0.01034	0.01421	0.01895	0.04092	0.73426	0.04910	0.02326	0.00948	0.00301	0.00431	0.02110	0.00689	0.00603
14	0.00904	0.00646	0.00861	0.01034	0.01077	0.00603	0.00689	0.01034	0.01421	0.01895	0.04092	0.73426	0.04910	0.02326	0.00948	0.00301	0.00431	0.02110	0.00689	0.00603
15	0.00904	0.00646	0.00861	0.01034	0.01077	0.00603	0.00689	0.01034	0.01421	0.01895	0.04092	0.73426	0.04910	0.02326	0.00948	0.00301	0.00431	0.02110	0.00689	0.00603
16	0.01985	0.74357	0.03890	0.01270	0.01905	0.02937	0.01270	0.02223	0.01508	0.01747	0.01032	0.01191	0.00953	0.00635	0.00476	0.00159	0.00794	0.00397	0.00318	0.00953
17	0.03331	0.01263	0.01723	0.01321	0.01895	0.01091	0.01091	0.03618	0.02125	0.69794	0.02929	0.02527	0.01838	0.00919	0.00747	0.00230	0.00632	0.00747	0.00919	0.01263
18	0.62453	0.01398	0.01230	0.01052	0.01537	0.01539	0.00867	0.02498	0.01453	0.17970	0.01451	0.01497	0.01032	0.00740	0.00523	0.00230	0.00587	0.00478	0.00561	0.00905
19	0.67998	0.01743	0.01239	0.01113	0.01561	0.11782	0.00896	0.02296	0.01386	0.03110	0.01050	0.01225	0.00826	0.00700	0.00490	0.00224	0.00686	0.00413	0.00448	0.00812
20	0.01846	0.01595	0.01679	0.01511	0.01930	0.01846	0.01175	0.03945	0.67938	0.03105	0.03022	0.02770	0.02266	0.01007	0.00755	0.00252	0.00588	0.00839	0.00755	0.01175
21	0.00904	0.00646	0.00861	0.01034	0.01077	0.00603	0.00689	0.01034	0.01421	0.01895	0.04092	0.73426	0.04910	0.02326	0.00948	0.00301	0.00431	0.02110	0.00689	0.00603
22	0.00904	0.00646	0.00861	0.01034	0.01077	0.00603	0.00689	0.01034	0.01421	0.01895	0.04092	0.73426	0.04910	0.02326	0.00948	0.00301	0.00431	0.02110	0.00689	0.00603
23	0.01752	0.02003	0.04380	0.03129	0.03880	0.01877	0.66583	0.02378	0.01752	0.02378	0.01502	0.02003	0.01126	0.00626	0.00876	0.00250	0.01252	0.00876	0.00375	0.01001
24	0.00904	0.00646	0.00861	0.01034	0.01077	0.00603	0.00689	0.01034	0.01421	0.01895	0.04092	0.73426	0.04910	0.02326	0.00948	0.00301	0.00431	0.02110	0.00689	0.00603
25	0.02797	0.01507	0.01812	0.01415	0.01969	0.01482	0.01156	0.20458	0.09993	0.36780	0.04935	0.02387	0.01864	0.00914	0.00736	0.00221	0.00660	0.00734	0.00811	0.07371
26	0.01729	0.01971	0.11725	0.06603	0.49234	0.01762	0.02229	0.02199	0.01618	0.02330	0.01451	0.02056	0.01246	0.00784	0.00893	0.00238	0.07215	0.03251	0.00368	0.01099
27	0.01539	0.01319	0.01539	0.01100	0.01759	0.00990	0.00880	0.01869	0.01539	0.02419	0.01319	0.01539	0.01100	0.00550	0.00550	0.00110	0.00550	0.00440	0.00440	0.78449
28	0.01051	0.00759	0.00992	0.00934	0.01109	0.00700	0.00700	0.01401	0.02101	0.02977	0.68888	0.05545	0.07005	0.01518	0.00876	0.00233	0.00350	0.01343	0.00817	0.00700
29	0.01533	0.06019	0.54746	0.02053	0.02925	0.01873	0.02476	0.02239	0.01483	0.02221	0.01253	0.01564	0.00947	0.00816	0.01026	0.00249	0.14660	0.00562	0.00316	0.01038
30	0.01655	0.18708	0.47924	0.01962	0.02883	0.02032	0.05289	0.04353	0.01607	0.02274	0.01275	0.01516	0.00963	0.00717	0.00736	0.00223	0.03957	0.00539	0.00331	0.01055
31	0.01714	0.01468	0.01558	0.01411	0.01799	0.01669	0.01094	0.03538	0.57996	0.03017	0.08582	0.03301	0.07380	0.01110	0.00774	0.00250	0.00554	0.00931	0.00756	0.01098
32	0.01061	0.00795	0.01193	0.01193	0.01326	0.00928	0.00928	0.01326	0.01193	0.01723	0.01988	0.02916	0.01856	0.05568	0.70968	0.01193	0.01988	0.00795	0.00398	0.00663
33	0.03292	0.01325	0.01761	0.01350	0.01926	0.01183	0.01115	0.08423	0.02229	0.64842	0.02842	0.02470	0.01794	0.00917	0.00746	0.00229	0.00646	0.00741	0.00905	0.01263
34	0.04996	0.06529	0.02173	0.01696	0.05214	0.02057	0.01336	0.40879	0.10829	0.11240	0.04205	0.02055	0.01600	0.00896	0.00723	0.00223	0.00747	0.00694	0.00712	0.01195
35	0.00883	0.00732	0.00773	0.00806	0.01017	0.00622	0.00588	0.01059	0.01640	0.01984	0.06863	0.19860	0.56687	0.01966	0.00891	0.00260	0.00387	0.01671	0.00689	0.00622
36	0.75198	0.01427	0.01124	0.00994	0.01460	0.01635	0.00819	0.02257	0.01308	0.06798	0.01133	0.01275	0.00858	0.00701	0.00474	0.00230	0.00577	0.00420	0.00483	0.00828
37	0.02079	0.01636	0.02432	0.14090	0.15655	0.01744	0.09109	0.17120	0.07326	0.10521	0.04592	0.04605	0.01676	0.00890	0.00822	0.00239	0.03032	0.00788	0.00568	0.01077
38	0.01831	0.01783	0.03122	0.04443	0.64075	0.01773	0.07395	0.02286	0.01695	0.02422	0.01405	0.01850	0.01172	0.00659	0.00746	0.00223	0.00911	0.00679	0.00368	0.01162
39	0.01084	0.00830	0.01239	0.01225	0.01352	0.00985	0.00957	0.01345	0.01191	0.01726	0.01946	0.02862	0.01819	0.05387	0.68071	0.01156	0.04972	0.00789	0.00395	0.00669
40	0.79154	0.01436	0.01091	0.00976	0.01436	0.01665	0.00804	0.02182	0.01263	0.03331	0.01034	0.01206	0.00804	0.00689	0.00459	0.00230	0.00574	0.00402	0.00459	0.00804
41	0.00942	0.00675	0.00898	0.01029	0.01101	0.00631	0.00712	0.01119	0.01554	0.02101	0.15632	0.58702	0.05258	0.02171	0.00938	0.00291	0.00427	0.04485	0.00712	0.00624
42	0.02099	0.01867	0.02036	0.04056	0.15292	0.10232	0.01441	0.13692	0.27134	0.05579	0.02530	0.02521	0.06325	0.00941	0.00747	0.00232	0.00773	0.00774	0.00622	0.01107
43	0.02083	0.01251	0.01508	0.01333	0.01718	0.01284	0.01062	0.05510	0.24667	0.22962	0.11929	0.08886	0.03147	0.01256	0.00812	0.00255	0.00577	0.07914	0.00799	0.01045
44	0.02276	0.10804	0.02172	0.01584	0.02086	0.08414	0.01290	0.24830	0.32136	0.03353	0.02191	0.02114	0.01649	0.00901	0.00709	0.00225	0.00758	0.00695	0.00664	0.01149
45	0.02039	0.01524	0.01744	0.01285	0.01920	0.01359	0.01043	0.19865	0.02124	0.08554	0.01578	0.01687	0.01205	0.00674	0.00619	0.00151	0.00630	0.00528	0.00562	0.50911
46	0.03013	0.01233	0.01655	0.01274	0.01828	0.01055	0.01045	0.03308	0.02072	0.59173	0.07418	0.02652	0.02135	0.00928	0.00738	0.00219	0.00605	0.00761	0.00870	0.08017
47	0.01550	0.12260	0.57253	0.02065	0.05164	0.01841	0.02491	0.02303	0.01569	0.02275	0.01393	0.01781	0.01072	0.00745	0.00690	0.00229	0.01038	0.02882	0.00329	0.01067
48	0.00877	0.00752	0.00752	0.00752	0.01003	0.00627	0.00564	0.01065	0.01692	0.02005	0.07520	0.07144	0.68978	0.01880	0.00877	0.00251	0.00376	0.01567	0.00689	0.00627
49	0.01837	0.01764	0.03013	0.04557	0.69279	0.01764	0.02278	0.02278	0.01690	0.02425	0.01396	0.01837	0.01176	0.00661	0.00735	0.00220	0.00882	0.00661	0.00367	0.01176
50	0.01745	0.01994	0.06233	0.06053	0.15608	0.01843	0.50429	0.02340	0.01725	0.02367	0.01470	0.01958	0.01124	0.00639	0.00840	0.00244	0.01170	0.00818	0.00370	0.01029
51	0.79154	0.01436	0.01091	0.00976	0.01436	0.01665	0.00804	0.02182	0.01263	0.03331	0.01034	0.01206	0.00804	0.00689	0.00459	0.00230	0.00574	0.00402	0.00459	0.00804
52	0.01080	0.00720	0.00810	0.00810	0.00810	0.00720	0.00450	0.01080	0.01080	0.01439	0.02339	0.04858	0.02699	0.73910	0.03779	0.00720	0.00720	0.01080	0.00450	0.00450
53	0.01753	0.01678	0.02861	0.17632	0.56863	0.01742	0.02236	0.02204	0.01651	0.02323	0.01382	0.01865	0.01140	0.00677	0.00736	0.00226	0.00903	0.00661	0.00360	0.01108
54	0.01425	0.01343	0.02268	0.68601	0.08461	0.01655	0.02073	0.01917	0.01495	0.01924	0.01323	0.01972	0.00999	0.00738	0.00742	0.00246	0.00984	0.00660	0.00332	0.00843
55	0.03189	0.01232	0.01677	0.01297	0.01846	0.01067	0.01067	0.03480	0.02123	0.65643	0.07026	0.02714	0.02159	0.00956	0.00755	0.00230	0.00614	0.00784	0.00913	0.01228
56	0.01080	0.00720	0.00810	0.00810	0.00810	0.00720	0.00450	0.01080	0.01080	0.01439	0.02339	0.04858	0.02699	0.73910	0.03779	0.00720	0.00720	0.01080	0.00450	0.00450
57	0.03024	0.01656	0.01953	0.01509	0.02084	0.01686	0.01243	0.32761	0.05955	0.36533	0.02405	0.02195	0.01593	0.00910	0.00745	0.00228	0.00715	0.00715	0.00830	0.01259
58	0.06308	0.01298	0.01715	0.01320	0.01891	0.01155	0.01091	0.05717	0.02137	0.64947	0.02815	0.02449	0.01777	0.00909	0.00735	0.00229	0.00636	0.00730	0.00895	0.01245
59	0.01655	0.01415	0.01734	0.01248	0.01907	0.01140	0.04119	0.07201	0.01709	0.02602	0.01366	0.01582	0.01114	0.00581	0.00581	0.00126	0.00606	0.00480	0.00461	0.68374
60	0.01289	0.00645	0.00967	0.00967	0.00967	0.00645	0.00645	0.00967	0.00967	0.01289	0.01289	0.02257	0.01289	0.02579	0.02901	0.78401	0.00645	0.00645	0.00322	0.00322
61	0.01539	0.01319	0.01539	0.01100	0.01759	0.00990	0.00880	0.01869	0.01539	0.02419	0.01319	0.01539	0.01100	0.00550	0.00550	0.00110	0.00550	0.00440	0.00440	0.78449
62	0.01571	0.09028	0.53960	0.02219	0.03222	0.01844	0.13268	0.02346	0.01594	0.02308	0.01337	0.01611	0.00972	0.00687	0.00716	0.00232	0.01099	0.00591	0.00324	0.01070
63	0.01975	0.02025	0.02880	0.04168	0.59439	0.11925	0.02154	0.02379	0.01751	0.02336	0.01360	0.01764	0.01144	0.00677	0.00725	0.00216	0.00949	0.00635	0.00370	0.01130
64	0.00904	0.00646	0.00861	0.01034	0.01077	0.00603	0.00689	0.01034	0.01421	0.01895	0.04092	0.73426	0.04910	0.02326	0.00948	0.00301	0.00431	0.02110	0.00689	0.00603
65	0.01401	0.01299	0.02177	0.69822	0.04976	0.01618	0.02012	0.01891	0.01487	0.01925	0.01355	0.02005	0.01019	0.00746	0.00735	0.00245	0.00969	0.00661	0.02836	0.00820
66	0.01061	0.00795	0.01193	0.01193	0.01326	0.00928	0.00928	0.01326	0.01193	0.01723	0.01988	0.02916	0.01856	0.05568	0.70968	0.01193	0.01988	0.00795	0.00398	0.00663
67	0.01722	0.02225	0.12627	0.03057	0.06378	0.01853	0.55976	0.02371	0.01726	0.02376	0.01476	0.01941	0.01105	0.00637	0.00849	0.00247	0.01217	0.00826	0.00367	0.01020
68	0.67882	0.12087	0.01500	0.01019	0.01504	0.01851	0.00872	0.02188	0.01299	0.03099	0.01033	0.01204	0.00826	0.00681	0.00462	0.00219	0.00606	0.00401	0.00439	0.00826
69	0.01985	0.74357	0.03890	0.01270	0.01905	0.02937	0.01270	0.02223	0.01508	0.01747	0.01032	0.01191	0.00953	0.00635	0.00476	0.00159	0.00794	0.00397	0.00318	0.00953
70	0.75544	0.01427	0.01121	0.00993	0.01458	0.01638	0.00818	0.02251	0.01304	0.06495	0.01124	0.01269	0.00853	0.00700	0.00473	0.00230	0.00577	0.00418	0.00481	0.00826
71	0.01470	0.01389	0.02350	0.61500	0.15204	0.01667	0.02096	0.01957	0.01517	0.01980	0.01332	0.01957	0.01019	0.00730	0.00741	0.00243	0.00973	0.00660	0.00336	0.00880
72	0.01539	0.01319	0.01539	0.01100	0.01759	0.00990	0.00880	0.01869	0.01539	0.02419	0.01319	0.01539	0.01100	0.00550	0.00550	0.00110	0.00550	0.00440	0.00440	0.78449
73	0.01080	0.00720	0.00810	0.00810	0.00810	0.00720	0.00450	0.01080	0.01080	0.01439	0.02339	0.04858	0.02699	0.73910	0.03779	0.00720	0.00720	0.01080	0.00450	0.00450
74	0.01289	0.00645	0.00967	0.00967	0.00967	0.00645	0.00645	0.00967	0.00967	0.01289	0.01289	0.02257	0.01289	0.02579	0.02901	0.78401	0.00645	0.00645	0.00322	0.00322
75	0.01780	0.01705	0.02910	0.13459	0.60826	0.01749	0.02250	0.02228	0.01663	0.02356	0.01386	0.01856	0.01151	0.00672	0.00736	0.00224	0.00896	0.00661	0.00363	0.01130
76	0.00921	0.00653	0.00856	0.01012	0.01051	0.00614	0.00666	0.01038	0.01388	0.01851	0.03923	0.66827	0.04697	0.09215	0.01220	0.00342	0.00459	0.02011	0.00666	0.00588
77	0.01037	0.00758	0.00974	0.00920	0.01101	0.00695	0.00690	0.01375	0.02070	0.02902	0.64148	0.05669	0.11792	0.01546	0.00876	0.00235	0.00352	0.01360	0.00807	0.00695
78	0.01051	0.00759	0.00992	0.00934	0.01109	0.00700	0.00700	0.01401	0.02101	0.02977	0.68888	0.05545	0.07005	0.01518	0.00876	0.00233	0.00350	0.01343	0.00817	0.00700
79	0.02843	0.02046	0.02207	0.01692	0.02286	0.02253	0.01398	0.64216	0.03434	0.07346	0.01829	0.01813	0.01286	0.00892	0.00743	0.00223	0.00809	0.00672	0.00750	0.01263
80	0.01489	0.03840	0.70064	0.02116	0.03213	0.01724	0.02743	0.02351	0.01567	0.02351	0.01332	0.01567	0.00940	0.00705	0.00705	0.00235	0.01097	0.00549	0.00313	0.01097
81	0.03331	0.01263	0.01723	0.01321	0.01895	0.01091	0.01091	0.03618	0.02125	0.69794	0.02929	0.02527	0.01838	0.00919	0.00747	0.00230	0.00632	0.00747	0.00919	0.01263
82	0.01846	0.01595	0.01679	0.01511	0.01930	0.01846	0.01175	0.03945	0.67938	0.03105	0.03022	0.02770	0.02266	0.01007	0.00755	0.00252	0.00588	0.00839	0.00755	0.01175
83	0.79154	0.01436	0.01091	0.00976	0.01436	0.01665	0.00804	0.02182	0.01263	0.03331	0.01034	0.01206	0.00804	0.00689	0.00459	0.00230	0.00574	0.00402	0.00459	0.00804
84	0.01384	0.00692	0.00692	0.00692	0.00865	0.00692	0.00519	0.01730	0.01557	0.02768	0.02422	0.02768	0.01903	0.00865	0.00519	0.00173	0.00346	0.00692	0.78031	0.00692
85	0.11820	0.08535	0.02073	0.01465	0.02027	0.01941	0.01224	0.31596	0.08436	0.20493	0.02022	0.01934	0.01413	0.00861	0.00686	0.00222	0.00719	0.00646	0.00715	0.01172
86	0.02205	0.49529	0.03271	0.04332	0.02155	0.23889	0.01353	0.02439	0.01691	0.01774	0.01079	0.01268	0.00955	0.00680	0.00547	0.00172	0.00970	0.00433	0.00338	0.00919
87	0.04919	0.36433	0.08353	0.01525	0.02045	0.22525	0.01389	0.02338	0.01657	0.01888	0.01332	0.07030	0.01263	0.00841	0.00665	0.00195	0.03752	0.00580	0.00371	0.00899
88	0.02036	0.57535	0.03425	0.01343	0.01943	0.02724	0.01268	0.08009	0.11381	0.02196	0.01387	0.01472	0.01171	0.00711	0.00540	0.00178	0.00766	0.00485	0.00418	0.01012
89	0.01061	0.00792	0.01174	0.01174	0.01301	0.00918	0.00905	0.01314	0.01188	0.01710	0.02006	0.03011	0.01897	0.08892	0.67700	0.01170	0.01927	0.00809	0.00400	0.00652
90	0.01080	0.00720	0.00810	0.00810	0.00810	0.00720	0.00450	0.01080	0.01080	0.01439	0.02339	0.04858	0.02699	0.73910	0.03779	0.00720	0.00720	0.01080	0.00450	0.00450
91	0.01512	0.07098	0.67007	0.02077	0.03153	0.01780	0.02675	0.02345	0.01565	0.02323	0.01318	0.01550	0.00941	0.00702	0.00695	0.00232	0.01083	0.00542	0.00314	0.01090
92	0.01522	0.06022	0.62560	0.02124	0.03150	0.01792	0.05321	0.02327	0.01557	0.02311	0.01316	0.01575	0.00950	0.00722	0.00770	0.00237	0.03792	0.00561	0.00317	0.01078
93	0.01044	0.00753	0.00986	0.00939	0.01108	0.00696	0.00700	0.01383	0.02069	0.02925	0.65803	0.08777	0.06905	0.01556	0.00879	0.00237	0.00354	0.01379	0.00811	0.00696
94	0.01061	0.00795	0.01193	0.01193	0.01326	0.00928	0.00928	0.01326	0.01193	0.01723	0.01988	0.02916	0.01856	0.05568	0.70968	0.01193	0.01988	0.00795	0.00398	0.00663
95	0.01664	0.02672	0.29459	0.02968	0.14120	0.01800	0.31674	0.02352	0.01671	0.02375	0.01420	0.01808	0.01063	0.00662	0.00788	0.00240	0.01133	0.00715	0.00350	0.01066
96	0.01203	0.01008	0.01464	0.01386	0.01479	0.01270	0.01101	0.01433	0.01190	0.01749	0.01828	0.06251	0.01780	0.04261	0.49054	0.00915	0.20710	0.00825	0.00393	0.00699
97	0.01053	0.00784	0.01158	0.01167	0.01288	0.00901	0.00893	0.01299	0.01200	0.01719	0.02115	0.06687	0.02055	0.08652	0.64117	0.01124	0.01847	0.00878	0.00415	0.00650
98	0.06418	0.01246	0.01668	0.01300	0.01846	0.01107	0.01070	0.03438	0.02040	0.63432	0.02800	0.02491	0.01795	0.01152	0.04398	0.00280	0.00700	0.00735	0.00872	0.01213

[dist]
# distance from previous block
# <min> <max>
0	9

[block]
# block no. 2 follows, 27 sequences, length 22
# corresponding to MSA columns:
# 220-241
name=unknown_C
#
# <colnr> <probs for GDERKNQSTAVLIFYWHMCP>
#	G	D	E	R	K	N	Q	S	T	A	V	L	I	F	Y	W	H	M	C	P
0	0.02688	0.07462	0.02252	0.05755	0.09625	0.29861	0.01460	0.09863	0.02139	0.19321	0.01693	0.01765	0.01237	0.00796	0.00694	0.00208	0.00997	0.00590	0.00548	0.01045
1	0.59921	0.01598	0.01378	0.01161	0.01654	0.01826	0.00957	0.18465	0.01825	0.03670	0.01222	0.01351	0.00920	0.00740	0.00531	0.00228	0.00635	0.00469	0.00531	0.00920
2	0.02042	0.27973	0.20855	0.01663	0.02350	0.05169	0.01709	0.18504	0.02018	0.02650	0.01341	0.01535	0.01064	0.00950	0.03477	0.00245	0.04442	0.00537	0.00430	0.01047
3	0.02927	0.01395	0.01741	0.01391	0.01928	0.01353	0.01131	0.07415	0.18788	0.49162	0.02885	0.02544	0.01912	0.00939	0.00749	0.00235	0.00631	0.00765	0.00867	0.01241
4	0.01289	0.00645	0.00967	0.00967	0.00967	0.00645	0.00645	0.00967	0.00967	0.01289	0.01289	0.02257	0.01289	0.02579	0.02901	0.78401	0.00645	0.00645	0.00322	0.00322
5	0.01886	0.01675	0.02323	0.14428	0.02678	0.02093	0.05392	0.18221	0.01842	0.02603	0.01319	0.01788	0.01090	0.01043	0.01552	0.00276	0.35122	0.00671	0.03064	0.00935
6	0.00904	0.00646	0.00861	0.01034	0.01077	0.00603	0.00689	0.01034	0.01421	0.01895	0.04092	0.73426	0.04910	0.02326	0.00948	0.00301	0.00431	0.02110	0.00689	0.00603
7	0.01614	0.01364	0.01579	0.01135	0.01791	0.01066	0.00911	0.05648	0.01653	0.02551	0.01346	0.01554	0.01109	0.00570	0.00561	0.00117	0.00565	0.00453	0.00457	0.73956
8	0.01852	0.24982	0.09252	0.01445	0.05740	0.01745	0.01261	0.04257	0.05096	0.12299	0.03137	0.03078	0.18319	0.01024	0.00681	0.00209	0.00682	0.00807	0.00544	0.03589
9	0.55931	0.19927	0.05152	0.01106	0.01641	0.01989	0.01016	0.02201	0.01340	0.02884	0.01048	0.01220	0.00848	0.00676	0.00476	0.00212	0.00655	0.00408	0.00417	0.00856
10	0.02764	0.01126	0.01493	0.01192	0.01622	0.00998	0.00930	0.02978	0.01861	0.52570	0.02780	0.03114	0.02055	0.19310	0.01511	0.00353	0.00654	0.00830	0.00801	0.01058
11	0.01449	0.01186	0.01496	0.01376	0.01580	0.01414	0.01074	0.06155	0.18138	0.02241	0.02127	0.02803	0.01875	0.09653	0.33354	0.00732	0.11208	0.00804	0.00504	0.00831
12	0.01939	0.10579	0.43800	0.01899	0.02803	0.01973	0.02199	0.18621	0.02065	0.05192	0.01470	0.01616	0.01054	0.00752	0.00693	0.00224	0.00979	0.00570	0.00443	0.01130
13	0.01946	0.01670	0.02363	0.01903	0.02419	0.01791	0.17649	0.03523	0.45775	0.08481	0.02631	0.02556	0.01943	0.00904	0.00785	0.00250	0.00759	0.00841	0.00673	0.01139
14	0.20683	0.00935	0.00962	0.00999	0.01254	0.00941	0.00797	0.01458	0.01550	0.02377	0.04524	0.15250	0.26926	0.01684	0.00818	0.00275	0.00509	0.16745	0.00630	0.00682
15	0.04194	0.01007	0.01125	0.01042	0.01272	0.01041	0.00775	0.12037	0.05405	0.04812	0.10109	0.16185	0.05061	0.08908	0.01134	0.03352	0.00518	0.01087	0.20163	0.00773
16	0.01106	0.00747	0.00969	0.03753	0.01219	0.00731	0.00721	0.01264	0.04207	0.01993	0.12894	0.25253	0.12858	0.04069	0.01464	0.19965	0.00498	0.01346	0.04360	0.00582
17	0.01030	0.00816	0.01205	0.18947	0.02094	0.00867	0.01035	0.01251	0.01437	0.01896	0.03393	0.55424	0.03922	0.01927	0.00896	0.00288	0.00572	0.01745	0.00599	0.00659
18	0.02085	0.01843	0.02815	0.03839	0.52403	0.01900	0.02060	0.18537	0.02144	0.02993	0.01494	0.01823	0.01198	0.00719	0.00737	0.00221	0.00866	0.00663	0.00462	0.01198
19	0.01784	0.36858	0.04585	0.07057	0.02103	0.11067	0.01318	0.02058	0.01495	0.01779	0.01317	0.01730	0.01184	0.01924	0.18346	0.00437	0.03212	0.00540	0.00347	0.00857
20	0.02724	0.02096	0.19016	0.01595	0.02292	0.03441	0.01561	0.11336	0.04893	0.39789	0.02333	0.02166	0.01531	0.00861	0.00734	0.00230	0.00791	0.00683	0.00722	0.01206
21	0.59921	0.01598	0.01378	0.01161	0.01654	0.01826	0.00957	0.18465	0.01825	0.03670	0.01222	0.01351	0.00920	0.00740	0.00531	0.00228	0.00635	0.00469	0.00531	0.00920

[dist]
# distance from previous block
# <min> <max>
0	38

[block]
# block no. 3 follows, 27 sequences, length 79
# corresponding to MSA columns:
# 280-358
name=unknown_D
#
# <colnr> <probs for GDERKNQSTAVLIFYWHMCP>
#	G	D	E	R	K	N	Q	S	T	A	V	L	I	F	Y	W	H	M	C	P
0	0.01043	0.00759	0.00981	0.00925	0.01104	0.00697	0.00694	0.01385	0.02082	0.02931	0.65989	0.05621	0.09932	0.01535	0.00876	0.00234	0.00351	0.01353	0.00811	0.00697
1	0.01814	0.01740	0.02971	0.08166	0.65852	0.01758	0.02267	0.02258	0.01679	0.02397	0.01392	0.01845	0.01166	0.00666	0.00735	0.00222	0.00888	0.00661	0.00365	0.01157
2	0.01024	0.00733	0.00991	0.01117	0.01226	0.00700	0.00848	0.01262	0.01644	0.02208	0.16729	0.39979	0.05123	0.02082	0.00958	0.00301	0.00493	0.21223	0.00712	0.00647
3	0.03331	0.01263	0.01723	0.01321	0.01895	0.01091	0.01091	0.03618	0.02125	0.69794	0.02929	0.02527	0.01838	0.00919	0.00747	0.00230	0.00632	0.00747	0.00919	0.01263
4	0.01051	0.00759	0.00992	0.00934	0.01109	0.00700	0.00700	0.01401	0.02101	0.02977	0.68888	0.05545	0.07005	0.01518	0.00876	0.00233	0.00350	0.01343	0.00817	0.00700
5	0.01051	0.00759	0.00992	0.00934	0.01109	0.00700	0.00700	0.01401	0.02101	0.02977	0.68888	0.05545	0.07005	0.01518	0.00876	0.00233	0.00350	0.01343	0.00817	0.00700
6	0.02822	0.02079	0.02228	0.01708	0.02302	0.02302	0.01411	0.66804	0.03490	0.04679	0.01782	0.01782	0.01262	0.00891	0.00743	0.00223	0.00817	0.00668	0.00743	0.01262
7	0.02773	0.03538	0.02104	0.01913	0.02295	0.70930	0.01434	0.02964	0.02104	0.01817	0.01148	0.01339	0.00956	0.00765	0.00669	0.00191	0.01339	0.00478	0.00383	0.00861
8	0.01080	0.00720	0.00810	0.00810	0.00810	0.00720	0.00450	0.01080	0.01080	0.01439	0.02339	0.04858	0.02699	0.73910	0.03779	0.00720	0.00720	0.01080	0.00450	0.00450
9	0.01985	0.74357	0.03890	0.01270	0.01905	0.02937	0.01270	0.02223	0.01508	0.01747	0.01032	0.01191	0.00953	0.00635	0.00476	0.00159	0.00794	0.00397	0.00318	0.00953
10	0.02021	0.01807	0.01747	0.01536	0.01968	0.08613	0.01200	0.12525	0.48813	0.03140	0.02909	0.02730	0.05640	0.01015	0.00752	0.00242	0.00682	0.00820	0.00713	0.01127
11	0.01402	0.01319	0.02227	0.72126	0.05113	0.01649	0.02062	0.01897	0.01484	0.01897	0.01319	0.01979	0.00990	0.00742	0.00742	0.00247	0.00990	0.00660	0.00330	0.00825
12	0.00904	0.00646	0.00861	0.01034	0.01077	0.00603	0.00689	0.01034	0.01421	0.01895	0.04092	0.73426	0.04910	0.02326	0.00948	0.00301	0.00431	0.02110	0.00689	0.00603
13	0.01402	0.01319	0.02227	0.72126	0.05113	0.01649	0.02062	0.01897	0.01484	0.01897	0.01319	0.01979	0.00990	0.00742	0.00742	0.00247	0.00990	0.00660	0.00330	0.00825
14	0.01801	0.01727	0.02948	0.10152	0.63966	0.01754	0.02260	0.02247	0.01673	0.02382	0.01390	0.01849	0.01160	0.00668	0.00736	0.00223	0.00891	0.00661	0.00364	0.01147
15	0.00912	0.00669	0.00857	0.00988	0.01069	0.00614	0.00673	0.01066	0.01510	0.01994	0.09575	0.59335	0.13602	0.02204	0.00933	0.00289	0.00417	0.01978	0.00699	0.00614
16	0.00904	0.00646	0.00861	0.01034	0.01077	0.00603	0.00689	0.01034	0.01421	0.01895	0.04092	0.73426	0.04910	0.02326	0.00948	0.00301	0.00431	0.02110	0.00689	0.00603
17	0.01794	0.01998	0.10039	0.04182	0.56812	0.01770	0.07893	0.02294	0.01683	0.02414	0.01399	0.01824	0.01147	0.00663	0.00744	0.00225	0.00936	0.00668	0.00363	0.01153
18	0.01887	0.60405	0.16982	0.01438	0.02164	0.02697	0.01562	0.02248	0.01520	0.01866	0.01091	0.01265	0.00950	0.00649	0.00522	0.00174	0.00854	0.00427	0.00317	0.00981
19	0.00904	0.00646	0.00861	0.01034	0.01077	0.00603	0.00689	0.01034	0.01421	0.01895	0.04092	0.73426	0.04910	0.02326	0.00948	0.00301	0.00431	0.02110	0.00689	0.00603
20	0.02776	0.03460	0.02110	0.01902	0.02295	0.67265	0.01433	0.06374	0.02178	0.01970	0.01181	0.01362	0.00973	0.00772	0.00673	0.00193	0.01311	0.00488	0.00402	0.00882
21	0.01046	0.00762	0.00986	0.00939	0.01118	0.00702	0.00710	0.01387	0.02066	0.02898	0.63349	0.05728	0.10297	0.01555	0.00881	0.00238	0.00363	0.03475	0.00806	0.00696
22	0.00913	0.00702	0.00826	0.00902	0.01039	0.00626	0.00630	0.01080	0.01577	0.02016	0.11007	0.37964	0.31097	0.04808	0.01021	0.00291	0.00413	0.01783	0.00691	0.00615
23	0.02068	0.59270	0.03525	0.01408	0.01963	0.12339	0.01319	0.02295	0.01564	0.01759	0.01044	0.01243	0.00955	0.00701	0.00644	0.00175	0.06044	0.00426	0.00327	0.00930
24	0.00967	0.00696	0.00930	0.01096	0.01175	0.00659	0.00795	0.01145	0.01494	0.01971	0.04185	0.56732	0.07177	0.02249	0.00962	0.00308	0.00484	0.15665	0.00688	0.00621
25	0.01072	0.00716	0.00812	0.00820	0.00822	0.00715	0.00460	0.01078	0.01095	0.01460	0.02417	0.07918	0.02798	0.70716	0.03652	0.00701	0.00707	0.01126	0.00460	0.00457
26	0.01967	0.70804	0.03811	0.01303	0.01907	0.02905	0.01288	0.02202	0.01490	0.01749	0.01029	0.01212	0.00954	0.00668	0.00572	0.00167	0.04299	0.00409	0.00318	0.00946
27	0.03331	0.01263	0.01723	0.01321	0.01895	0.01091	0.01091	0.03618	0.02125	0.69794	0.02929	0.02527	0.01838	0.00919	0.00747	0.00230	0.00632	0.00747	0.00919	0.01263
28	0.01034	0.00746	0.00977	0.00946	0.01105	0.00689	0.00699	0.01358	0.02023	0.02852	0.61381	0.13409	0.06762	0.01611	0.00884	0.00241	0.00360	0.01432	0.00802	0.00689
29	0.00887	0.00747	0.00769	0.00774	0.01011	0.00629	0.00577	0.01080	0.01698	0.02046	0.10252	0.10307	0.62921	0.01885	0.00881	0.00252	0.00377	0.01583	0.00695	0.00629
30	0.00924	0.00754	0.00817	0.00801	0.01031	0.00647	0.00601	0.01155	0.01802	0.02266	0.23991	0.06715	0.52345	0.01783	0.00877	0.00246	0.00369	0.01507	0.00724	0.00647
31	0.02822	0.02079	0.02228	0.01708	0.02302	0.02302	0.01411	0.66804	0.03490	0.04679	0.01782	0.01782	0.01262	0.00891	0.00743	0.00223	0.00817	0.00668	0.00743	0.01262
32	0.02883	0.01981	0.02167	0.01662	0.02253	0.02157	0.01373	0.59222	0.03327	0.12492	0.01920	0.01872	0.01332	0.00894	0.00743	0.00224	0.00795	0.00678	0.00764	0.01263
33	0.01489	0.03840	0.70064	0.02116	0.03213	0.01724	0.02743	0.02351	0.01567	0.02351	0.01332	0.01567	0.00940	0.00705	0.00705	0.00235	0.01097	0.00549	0.00313	0.01097
34	0.01051	0.00759	0.00992	0.00934	0.01109	0.00700	0.00700	0.01401	0.02101	0.02977	0.68888	0.05545	0.07005	0.01518	0.00876	0.00233	0.00350	0.01343	0.00817	0.00700
35	0.79154	0.01436	0.01091	0.00976	0.01436	0.01665	0.00804	0.02182	0.01263	0.03331	0.01034	0.01206	0.00804	0.00689	0.00459	0.00230	0.00574	0.00402	0.00459	0.00804
36	0.01280	0.00975	0.01342	0.01267	0.01422	0.01152	0.00994	0.06956	0.01395	0.02017	0.01911	0.02780	0.01763	0.07702	0.52042	0.00958	0.08452	0.00779	0.04090	0.00720
37	0.01489	0.03840	0.70064	0.02116	0.03213	0.01724	0.02743	0.02351	0.01567	0.02351	0.01332	0.01567	0.00940	0.00705	0.00705	0.00235	0.01097	0.00549	0.00313	0.01097
38	0.01837	0.01764	0.03013	0.04557	0.69279	0.01764	0.02278	0.02278	0.01690	0.02425	0.01396	0.01837	0.01176	0.00661	0.00735	0.00220	0.00882	0.00661	0.00367	0.01176
39	0.01539	0.01319	0.01539	0.01100	0.01759	0.00990	0.00880	0.01869	0.01539	0.02419	0.01319	0.01539	0.01100	0.00550	0.00550	0.00110	0.00550	0.00440	0.00440	0.78449
40	0.01985	0.74357	0.03890	0.01270	0.01905	0.02937	0.01270	0.02223	0.01508	0.01747	0.01032	0.01191	0.00953	0.00635	0.00476	0.00159	0.00794	0.00397	0.00318	0.00953
41	0.08801	0.03828	0.08677	0.01327	0.01920	0.01369	0.01188	0.09301	0.06135	0.23345	0.04919	0.02426	0.06013	0.00881	0.00683	0.00206	0.00652	0.00697	0.00653	0.16978
42	0.05973	0.01757	0.02334	0.31126	0.25302	0.11563	0.01914	0.02166	0.01644	0.02159	0.01485	0.02241	0.01263	0.00807	0.00734	0.00236	0.00961	0.05020	0.00381	0.00934
43	0.00877	0.00752	0.00752	0.00752	0.01003	0.00627	0.00564	0.01065	0.01692	0.02005	0.07520	0.07144	0.68978	0.01880	0.00877	0.00251	0.00376	0.01567	0.00689	0.00627
44	0.01080	0.00720	0.00810	0.00810	0.00810	0.00720	0.00450	0.01080	0.01080	0.01439	0.02339	0.04858	0.02699	0.73910	0.03779	0.00720	0.00720	0.01080	0.00450	0.00450
45	0.01740	0.02030	0.12273	0.10497	0.47670	0.01759	0.08665	0.02262	0.01660	0.02360	0.01391	0.01830	0.01121	0.00672	0.00745	0.00228	0.00958	0.00667	0.00357	0.01115
46	0.03114	0.01398	0.01773	0.01375	0.01933	0.01318	0.01131	0.14244	0.05381	0.53581	0.02723	0.02420	0.01762	0.00917	0.00739	0.00228	0.00652	0.00736	0.03335	0.01241
47	0.03331	0.01263	0.01723	0.01321	0.01895	0.01091	0.01091	0.03618	0.02125	0.69794	0.02929	0.02527	0.01838	0.00919	0.00747	0.00230	0.00632	0.00747	0.00919	0.01263
48	0.00904	0.00646	0.00861	0.01034	0.01077	0.00603	0.00689	0.01034	0.01421	0.01895	0.04092	0.73426	0.04910	0.02326	0.00948	0.00301	0.00431	0.02110	0.00689	0.00603
49	0.01903	0.62726	0.14805	0.01410	0.02121	0.02737	0.01513	0.02244	0.01518	0.01846	0.01082	0.01253	0.00951	0.00647	0.00514	0.00171	0.00844	0.00422	0.00317	0.00977
50	0.01740	0.02087	0.07418	0.03082	0.03849	0.01870	0.63631	0.02377	0.01744	0.02377	0.01494	0.01982	0.01118	0.00629	0.00868	0.00250	0.01244	0.00861	0.00373	0.01006
51	0.00967	0.00770	0.00874	0.00896	0.01096	0.00692	0.00666	0.01253	0.04133	0.02227	0.18647	0.18777	0.39647	0.01866	0.00892	0.00261	0.00403	0.04558	0.00717	0.00660
52	0.11874	0.04952	0.09375	0.01691	0.02198	0.23991	0.01464	0.22253	0.02258	0.02971	0.01381	0.01554	0.01067	0.00826	0.00785	0.00218	0.06138	0.00553	0.03454	0.00996
53	0.01197	0.00789	0.01028	0.00959	0.01158	0.00721	0.00722	0.01527	0.02057	0.07556	0.59088	0.08423	0.08878	0.01526	0.00870	0.00237	0.00374	0.01344	0.00814	0.00733
54	0.01673	0.19855	0.48432	0.05628	0.02960	0.01974	0.02300	0.02348	0.01572	0.04907	0.01327	0.01541	0.00982	0.00700	0.00656	0.00218	0.01003	0.00528	0.00340	0.01056
55	0.03054	0.01276	0.01691	0.01304	0.01857	0.01124	0.01071	0.06750	0.02164	0.58188	0.07172	0.02634	0.02111	0.00937	0.00744	0.00223	0.00618	0.00765	0.00876	0.05441
56	0.16644	0.11727	0.04323	0.01370	0.01835	0.13199	0.01168	0.17906	0.02076	0.02942	0.02019	0.02402	0.06054	0.00931	0.00645	0.00215	0.00778	0.04638	0.08201	0.00925
57	0.01722	0.01690	0.02666	0.30058	0.41350	0.05415	0.02151	0.02170	0.01634	0.02192	0.01354	0.01865	0.01093	0.00698	0.00734	0.00229	0.00947	0.00651	0.00354	0.01026
58	0.02886	0.01284	0.01658	0.01325	0.01840	0.01197	0.01076	0.03505	0.13994	0.52581	0.08062	0.02805	0.02316	0.00981	0.00758	0.00234	0.00602	0.00810	0.00881	0.01204
59	0.01027	0.00747	0.00966	0.00934	0.01100	0.00687	0.00692	0.01346	0.02012	0.02817	0.59145	0.12329	0.10182	0.01617	0.00883	0.00241	0.00360	0.01431	0.00798	0.00687
60	0.01624	0.01624	0.02274	0.01949	0.01949	0.02274	0.01624	0.01787	0.01137	0.01787	0.00975	0.01624	0.00975	0.01299	0.02436	0.00325	0.72552	0.00650	0.00325	0.00812
61	0.01003	0.00757	0.00926	0.00884	0.01080	0.00680	0.00663	0.01309	0.01989	0.02711	0.52057	0.05984	0.24001	0.01617	0.00876	0.00238	0.00357	0.01404	0.00782	0.00680
62	0.79154	0.01436	0.01091	0.00976	0.01436	0.01665	0.00804	0.02182	0.01263	0.03331	0.01034	0.01206	0.00804	0.00689	0.00459	0.00230	0.00574	0.00402	0.00459	0.00804
63	0.01985	0.74357	0.03890	0.01270	0.01905	0.02937	0.01270	0.02223	0.01508	0.01747	0.01032	0.01191	0.00953	0.00635	0.00476	0.00159	0.00794	0.00397	0.00318	0.00953
64	0.01985	0.74357	0.03890	0.01270	0.01905	0.02937	0.01270	0.02223	0.01508	0.01747	0.01032	0.01191	0.00953	0.00635	0.00476	0.00159	0.00794	0.00397	0.00318	0.00953
65	0.01494	0.02891	0.42850	0.04557	0.07710	0.01605	0.12676	0.02180	0.01587	0.02301	0.01651	0.09155	0.01408	0.00854	0.00755	0.00239	0.01014	0.00771	0.00372	0.03932
66	0.14541	0.01746	0.04655	0.03689	0.50510	0.01711	0.05129	0.02226	0.01619	0.02555	0.01559	0.01923	0.03529	0.00709	0.00701	0.00225	0.00837	0.00658	0.00393	0.01084
67	0.03331	0.01263	0.01723	0.01321	0.01895	0.01091	0.01091	0.03618	0.02125	0.69794	0.02929	0.02527	0.01838	0.00919	0.00747	0.00230	0.00632	0.00747	0.00919	0.01263
68	0.01985	0.74357	0.03890	0.01270	0.01905	0.02937	0.01270	0.02223	0.01508	0.01747	0.01032	0.01191	0.00953	0.00635	0.00476	0.00159	0.00794	0.00397	0.00318	0.00953
69	0.01816	0.01742	0.02975	0.07857	0.66145	0.01758	0.02268	0.02260	0.01680	0.02399	0.01393	0.01844	0.01167	0.00665	0.00735	0.00222	0.00887	0.00661	0.00366	0.01159
70	0.24464	0.03616	0.07786	0.01259	0.01637	0.01274	0.04122	0.01872	0.04808	0.02687	0.16298	0.13175	0.03117	0.01475	0.04566	0.00302	0.00680	0.05493	0.00573	0.00797
71	0.79154	0.01436	0.01091	0.00976	0.01436	0.01665	0.00804	0.02182	0.01263	0.03331	0.01034	0.01206	0.00804	0.00689	0.00459	0.00230	0.00574	0.00402	0.00459	0.00804
72	0.03312	0.01293	0.01741	0.01335	0.01910	0.01135	0.01103	0.05902	0.02174	0.67439	0.02887	0.02500	0.01817	0.00918	0.00746	0.00229	0.00638	0.00744	0.00912	0.01263
73	0.02704	0.05886	0.02187	0.01953	0.05345	0.54948	0.01439	0.06867	0.04231	0.05770	0.01350	0.01493	0.01075	0.00779	0.00676	0.00197	0.01203	0.00521	0.00442	0.00935
74	0.03051	0.03737	0.01788	0.01345	0.01887	0.03593	0.01106	0.06429	0.05211	0.55471	0.06359	0.02584	0.02054	0.00940	0.00742	0.00227	0.00652	0.00759	0.00860	0.01205
75	0.01352	0.00861	0.01073	0.01009	0.01258	0.00790	0.00783	0.01715	0.04597	0.11533	0.34319	0.08861	0.20275	0.01587	0.00871	0.00250	0.00436	0.06876	0.00781	0.00771
76	0.79154	0.01436	0.01091	0.00976	0.01436	0.01665	0.00804	0.02182	0.01263	0.03331	0.01034	0.01206	0.00804	0.00689	0.00459	0.00230	0.00574	0.00402	0.00459	0.00804
77	0.00890	0.00753	0.00770	0.00765	0.01011	0.00632	0.00574	0.01090	0.01722	0.02077	0.12047	0.07026	0.64407	0.01853	0.00877	0.00249	0.00374	0.01550	0.00699	0.00632
78	0.02198	0.55263	0.07076	0.01373	0.02006	0.07918	0.01340	0.02473	0.01640	0.10844	0.01310	0.01401	0.01070	0.00687	0.00540	0.00175	0.00831	0.00458	0.00402	0.00995

[dist]
# distance from previous block
# <min> <max>
0	1

[block]
# block no. 4 follows, 27 sequences, length 22
# corresponding to MSA columns:
# 360-381
name=unknown_E
#
# <colnr> <probs for GDERKNQSTAVLIFYWHMCP>
#	G	D	E	R	K	N	Q	S	T	A	V	L	I	F	Y	W	H	M	C	P
0	0.01384	0.00692	0.00692	0.00692	0.00865	0.00692	0.00519	0.01730	0.01557	0.02768	0.02422	0.02768	0.01903	0.00865	0.00519	0.00173	0.00346	0.00692	0.78031	0.00692
1	0.01301	0.00714	0.01097	0.08301	0.01394	0.00748	0.00791	0.01063	0.01020	0.01352	0.01293	0.02228	0.01259	0.02390	0.02679	0.70346	0.00680	0.00646	0.00323	0.00374
2	0.00952	0.00722	0.01059	0.01151	0.01234	0.00675	0.04392	0.01109	0.01440	0.01922	0.03946	0.69412	0.04697	0.02230	0.00944	0.00299	0.00477	0.02041	0.00671	0.00625
3	0.01289	0.00645	0.00967	0.00967	0.00967	0.00645	0.00645	0.00967	0.00967	0.01289	0.01289	0.02257	0.01289	0.02579	0.02901	0.78401	0.00645	0.00645	0.00322	0.00322
4	0.79154	0.01436	0.01091	0.00976	0.01436	0.01665	0.00804	0.02182	0.01263	0.03331	0.01034	0.01206	0.00804	0.00689	0.00459	0.00230	0.00574	0.00402	0.00459	0.00804
5	0.01597	0.01480	0.06259	0.08973	0.18048	0.01385	0.01449	0.07361	0.10125	0.05246	0.12853	0.05401	0.14448	0.01134	0.00789	0.00238	0.00673	0.00982	0.00594	0.00962
6	0.01932	0.66825	0.10958	0.01361	0.02045	0.02808	0.01428	0.02237	0.01515	0.01811	0.01064	0.01231	0.00951	0.00643	0.00501	0.00167	0.00826	0.00413	0.00317	0.00968
7	0.01051	0.00759	0.00992	0.00934	0.01109	0.00700	0.00700	0.01401	0.02101	0.02977	0.68888	0.05545	0.07005	0.01518	0.00876	0.00233	0.00350	0.01343	0.00817	0.00700
8	0.01865	0.01826	0.03047	0.03999	0.52029	0.04184	0.10930	0.04786	0.01784	0.02475	0.01543	0.02166	0.01319	0.00738	0.00767	0.00230	0.00936	0.03857	0.00399	0.01120
9	0.02192	0.01677	0.01807	0.01540	0.02012	0.01887	0.01222	0.18176	0.47831	0.09023	0.02733	0.02525	0.02003	0.00973	0.00752	0.00243	0.00643	0.00793	0.00766	0.01202
10	0.01080	0.00720	0.00810	0.00810	0.00810	0.00720	0.00450	0.01080	0.01080	0.01439	0.02339	0.04858	0.02699	0.73910	0.03779	0.00720	0.00720	0.01080	0.00450	0.00450
11	0.05066	0.01835	0.05480	0.04373	0.02336	0.01819	0.04599	0.34595	0.05340	0.21094	0.02073	0.02111	0.01454	0.03348	0.00843	0.00246	0.00791	0.00705	0.00715	0.01179
12	0.01974	0.66229	0.09074	0.01360	0.02023	0.05276	0.01393	0.02260	0.01534	0.01797	0.01060	0.01226	0.00952	0.00645	0.00501	0.00166	0.00837	0.00412	0.00320	0.00961
13	0.00885	0.00747	0.00766	0.00773	0.01010	0.00628	0.00575	0.01076	0.01694	0.02035	0.09583	0.10382	0.63537	0.01889	0.00881	0.00253	0.00378	0.01586	0.00694	0.00628
14	0.04913	0.01973	0.08027	0.09076	0.03722	0.01782	0.51097	0.02265	0.01681	0.02352	0.01570	0.05102	0.01256	0.00719	0.00839	0.00250	0.01154	0.00871	0.00385	0.00966
15	0.02380	0.11920	0.05620	0.02096	0.10304	0.44477	0.01532	0.02742	0.05480	0.01984	0.01512	0.01686	0.03601	0.00788	0.00667	0.00198	0.01128	0.00554	0.00401	0.00930
16	0.01405	0.01328	0.02267	0.54151	0.04363	0.01608	0.07238	0.01851	0.01447	0.01895	0.01412	0.02175	0.01147	0.05004	0.05431	0.00337	0.05081	0.00708	0.00344	0.00808
17	0.00906	0.00755	0.00796	0.00820	0.01053	0.00645	0.00625	0.01104	0.01679	0.02018	0.07026	0.10816	0.59953	0.01919	0.00894	0.00261	0.00405	0.07003	0.00689	0.00630
18	0.00915	0.00651	0.00858	0.01020	0.01060	0.00610	0.00674	0.01037	0.01400	0.01866	0.03981	0.69111	0.04771	0.06831	0.01126	0.00328	0.00449	0.02046	0.00674	0.00593
19	0.01364	0.01172	0.01144	0.01083	0.01344	0.07960	0.00814	0.01881	0.11662	0.05169	0.23217	0.11315	0.25952	0.01536	0.00839	0.00244	0.00513	0.01301	0.00714	0.00776
20	0.02285	0.01791	0.06421	0.05062	0.02231	0.01761	0.01359	0.31589	0.07649	0.11519	0.02277	0.06891	0.04341	0.01010	0.00820	0.00230	0.03915	0.00796	0.00667	0.07388
21	0.01662	0.13084	0.32145	0.01769	0.02570	0.01693	0.07758	0.02313	0.04421	0.05723	0.07186	0.01984	0.01598	0.00757	0.00683	0.00207	0.00878	0.00630	0.00430	0.12509

[dist]
# distance from previous block
# <min> <max>
0	3

# created by:
# /st0/software/busco_prod/Augustus/scripts/msa2prfl.pl ./align_prep/134860.fa
