[name]
unknown

[dist]
# distance from previous block
# <min> <max>
0	0

[block]
# block no. 0 follows, 28 sequences, length 18
# corresponding to MSA columns:
# 0-17
name=unknown_A
#
# <colnr> <probs for GDERKNQSTAVLIFYWHMCP>
#	G	D	E	R	K	N	Q	S	T	A	V	L	I	F	Y	W	H	M	C	P
0	0.01171	0.00837	0.01171	0.01339	0.01506	0.00837	0.01171	0.01506	0.01673	0.02175	0.03849	0.08199	0.04183	0.02008	0.01004	0.00335	0.00669	0.65027	0.00669	0.00669
1	0.01773	0.49973	0.27237	0.01534	0.02314	0.02460	0.01749	0.02221	0.01497	0.01918	0.01114	0.01295	0.00929	0.00646	0.00545	0.00182	0.00881	0.00441	0.00310	0.00982
2	0.02701	0.02005	0.02147	0.01660	0.02231	0.02225	0.01367	0.63365	0.07650	0.04481	0.01824	0.01808	0.01300	0.00880	0.00728	0.00220	0.00785	0.00665	0.00728	0.01231
3	0.00886	0.00633	0.00843	0.01012	0.01054	0.00590	0.00675	0.01012	0.01392	0.01856	0.04006	0.73979	0.04808	0.02277	0.00928	0.00295	0.00422	0.02066	0.00675	0.00590
4	0.00972	0.00677	0.00876	0.00974	0.01050	0.00641	0.00674	0.01149	0.01507	0.02070	0.16501	0.45508	0.04792	0.10199	0.01213	0.00325	0.00450	0.05647	0.04176	0.00601
5	0.02978	0.01174	0.01596	0.01245	0.01758	0.01020	0.01020	0.03267	0.02078	0.61855	0.11329	0.02849	0.02442	0.00974	0.00747	0.00225	0.00584	0.00805	0.00887	0.01167
6	0.02665	0.02839	0.02071	0.01776	0.02223	0.42842	0.01378	0.24944	0.07417	0.02825	0.01470	0.01562	0.01133	0.00809	0.00686	0.00202	0.01083	0.00558	0.00521	0.00999
7	0.01038	0.00779	0.01168	0.01168	0.01298	0.00909	0.00909	0.01298	0.01168	0.01687	0.01947	0.02856	0.01817	0.05452	0.71573	0.01168	0.01947	0.00779	0.00389	0.00649
8	0.03261	0.01237	0.01687	0.01293	0.01856	0.01068	0.01068	0.03543	0.02081	0.70423	0.02868	0.02474	0.01799	0.00900	0.00731	0.00225	0.00619	0.00731	0.00900	0.01237
9	0.02763	0.02036	0.02182	0.01672	0.02254	0.02254	0.01382	0.67496	0.03418	0.04581	0.01745	0.01745	0.01236	0.00873	0.00727	0.00218	0.00800	0.00654	0.00727	0.01236
10	0.02763	0.02036	0.02182	0.01672	0.02254	0.02254	0.01382	0.67496	0.03418	0.04581	0.01745	0.01745	0.01236	0.00873	0.00727	0.00218	0.00800	0.00654	0.00727	0.01236
11	0.05223	0.65349	0.06052	0.01285	0.01914	0.02748	0.01285	0.05644	0.01572	0.01949	0.01060	0.01211	0.00942	0.00640	0.00488	0.00164	0.00780	0.00408	0.00339	0.00948
12	0.01571	0.20335	0.55103	0.01879	0.02848	0.01965	0.02350	0.02273	0.01521	0.02164	0.01236	0.01449	0.00924	0.00675	0.00638	0.00213	0.01005	0.00503	0.00308	0.01041
13	0.01580	0.21706	0.53814	0.01863	0.02823	0.01988	0.02322	0.02270	0.01520	0.02153	0.01230	0.01442	0.00924	0.00673	0.00634	0.00211	0.00999	0.00500	0.00308	0.01039
14	0.01484	0.07586	0.67091	0.02027	0.03077	0.01752	0.02608	0.02295	0.01532	0.02270	0.01289	0.01515	0.00921	0.00687	0.00679	0.00226	0.01058	0.00529	0.00307	0.01067
15	0.01586	0.20753	0.40721	0.01829	0.02696	0.01897	0.07450	0.02201	0.01553	0.02188	0.03855	0.01626	0.01178	0.00686	0.00644	0.00203	0.00944	0.00549	0.00341	0.07099
16	0.01662	0.06964	0.24048	0.02093	0.02778	0.07495	0.21396	0.04873	0.01727	0.02333	0.07117	0.06019	0.01705	0.00845	0.00804	0.00229	0.03393	0.00773	0.00414	0.03330
17	0.01777	0.04695	0.06762	0.06850	0.09130	0.05464	0.28255	0.02382	0.07184	0.05132	0.04052	0.02016	0.01394	0.00768	0.00914	0.00235	0.07618	0.00740	0.00426	0.04208

[dist]
# distance from previous block
# <min> <max>
8	48

[block]
# block no. 1 follows, 28 sequences, length 12
# corresponding to MSA columns:
# 70-81
name=unknown_B
#
# <colnr> <probs for GDERKNQSTAVLIFYWHMCP>
#	G	D	E	R	K	N	Q	S	T	A	V	L	I	F	Y	W	H	M	C	P
0	0.01166	0.00837	0.01027	0.01069	0.01190	0.00832	0.00745	0.09922	0.01682	0.02260	0.08906	0.51438	0.04272	0.09603	0.01186	0.00322	0.00495	0.01710	0.00667	0.00669
1	0.01306	0.00904	0.01010	0.00945	0.01038	0.00934	0.00604	0.11263	0.01447	0.01932	0.02343	0.09810	0.02599	0.57395	0.03022	0.00597	0.00697	0.01076	0.00503	0.00575
2	0.02199	0.01839	0.02090	0.01693	0.02150	0.08261	0.08442	0.37222	0.05683	0.03421	0.02197	0.17204	0.02002	0.01138	0.00778	0.00236	0.00803	0.00969	0.00644	0.01030
3	0.02651	0.01859	0.01976	0.01553	0.02076	0.05136	0.01263	0.46780	0.06295	0.13807	0.05081	0.02147	0.01658	0.03291	0.00827	0.00235	0.00762	0.00709	0.00731	0.01163
4	0.00880	0.00655	0.00820	0.00953	0.01039	0.00595	0.00648	0.01019	0.01449	0.01879	0.04731	0.59521	0.18798	0.02183	0.00913	0.00284	0.00410	0.01952	0.00675	0.00595
5	0.01616	0.01618	0.08759	0.04502	0.02070	0.01196	0.01153	0.08163	0.01690	0.02550	0.01337	0.01553	0.01071	0.00595	0.00581	0.00137	0.00638	0.00473	0.00441	0.59858
6	0.01864	0.01863	0.02747	0.02043	0.02656	0.10495	0.27981	0.02367	0.05038	0.06148	0.01506	0.01784	0.01164	0.00660	0.00758	0.00193	0.03020	0.00652	0.00437	0.26625
7	0.01507	0.01292	0.01507	0.01077	0.01723	0.00969	0.00861	0.01830	0.01507	0.02369	0.01292	0.01507	0.01077	0.00538	0.00538	0.00108	0.00538	0.00431	0.00431	0.78898
8	0.01896	0.01892	0.02722	0.03881	0.55775	0.09067	0.02032	0.02470	0.08623	0.02381	0.01506	0.01842	0.01239	0.00693	0.00715	0.00216	0.00881	0.00647	0.00401	0.01119
9	0.02056	0.02227	0.10350	0.02196	0.05328	0.09013	0.22434	0.20550	0.02174	0.02907	0.01462	0.01712	0.01101	0.00698	0.00729	0.00208	0.00982	0.00653	0.00471	0.12747
10	0.01839	0.01564	0.02103	0.03951	0.07275	0.03896	0.09424	0.13337	0.07842	0.05759	0.01916	0.09887	0.01692	0.03377	0.00970	0.00235	0.07114	0.00814	0.00530	0.16475
11	0.01896	0.08022	0.02337	0.10896	0.06831	0.01854	0.07703	0.24110	0.02104	0.02823	0.01843	0.12504	0.01702	0.03468	0.01015	0.00256	0.08286	0.00869	0.00521	0.00958

[dist]
# distance from previous block
# <min> <max>
1	40

[block]
# block no. 2 follows, 28 sequences, length 7
# corresponding to MSA columns:
# 125-131
name=unknown_C
#
# <colnr> <probs for GDERKNQSTAVLIFYWHMCP>
#	G	D	E	R	K	N	Q	S	T	A	V	L	I	F	Y	W	H	M	C	P
0	0.02573	0.01941	0.02074	0.01634	0.02182	0.02165	0.01335	0.54791	0.16433	0.04274	0.01987	0.01938	0.01432	0.00895	0.00730	0.00224	0.00755	0.00688	0.00730	0.01219
1	0.02517	0.01663	0.01881	0.01483	0.01969	0.01787	0.01208	0.40996	0.05245	0.16330	0.06973	0.02477	0.04351	0.03706	0.00920	0.00244	0.03621	0.00768	0.00736	0.01124
2	0.01126	0.06840	0.01187	0.01095	0.01217	0.06486	0.00780	0.01277	0.01488	0.01895	0.07060	0.58587	0.04295	0.01979	0.00865	0.00272	0.00518	0.01762	0.00628	0.00643
3	0.01507	0.01292	0.01507	0.01077	0.01723	0.00969	0.00861	0.01830	0.01507	0.02369	0.01292	0.01507	0.01077	0.00538	0.00538	0.00108	0.00538	0.00431	0.00431	0.78898
4	0.01636	0.01547	0.02468	0.06228	0.26870	0.01403	0.11074	0.02049	0.01588	0.02339	0.01345	0.01701	0.01102	0.00598	0.00660	0.00174	0.00778	0.00582	0.00390	0.35467
5	0.01667	0.01579	0.01580	0.01182	0.01792	0.10306	0.00933	0.01972	0.01580	0.02291	0.01270	0.01481	0.01058	0.00566	0.00554	0.00118	0.00641	0.00436	0.00423	0.68570
6	0.01836	0.01814	0.02686	0.03799	0.55287	0.07413	0.01981	0.02234	0.01669	0.02325	0.01337	0.01720	0.01124	0.00642	0.00690	0.00199	0.00858	0.00604	0.00370	0.11413

[dist]
# distance from previous block
# <min> <max>
4	55

[block]
# block no. 3 follows, 28 sequences, length 17
# corresponding to MSA columns:
# 187-203
name=unknown_D
#
# <colnr> <probs for GDERKNQSTAVLIFYWHMCP>
#	G	D	E	R	K	N	Q	S	T	A	V	L	I	F	Y	W	H	M	C	P
0	0.05057	0.01562	0.02014	0.02243	0.20243	0.07243	0.06882	0.06019	0.10408	0.02481	0.05146	0.09423	0.12817	0.01078	0.00756	0.00228	0.00725	0.00949	0.00534	0.04189
1	0.01855	0.01361	0.01586	0.01194	0.01779	0.01178	0.00959	0.08842	0.08209	0.10988	0.04844	0.01946	0.01557	0.00703	0.00615	0.00152	0.00569	0.00568	0.00564	0.50531
2	0.01799	0.01727	0.02950	0.04462	0.69919	0.01727	0.02231	0.02231	0.01655	0.02375	0.01367	0.01799	0.01151	0.00648	0.00720	0.00216	0.00864	0.00648	0.00360	0.01151
3	0.01448	0.01369	0.02316	0.60705	0.16422	0.01635	0.02056	0.01923	0.01489	0.01948	0.01305	0.01914	0.01001	0.00713	0.00725	0.00238	0.00950	0.00646	0.00329	0.00868
4	0.00987	0.00737	0.00917	0.00881	0.01063	0.00667	0.00657	0.01288	0.01946	0.02671	0.53746	0.08555	0.20019	0.01593	0.00861	0.00235	0.00351	0.01392	0.00769	0.00667
5	0.01029	0.00743	0.00972	0.00914	0.01086	0.00686	0.00686	0.01372	0.02058	0.02915	0.69536	0.05430	0.06859	0.01486	0.00857	0.00229	0.00343	0.01315	0.00800	0.00686
6	0.01603	0.01788	0.03821	0.02774	0.03427	0.01672	0.58328	0.02153	0.01686	0.02271	0.01989	0.08074	0.05044	0.00813	0.00864	0.00249	0.01115	0.00992	0.00409	0.00929
7	0.01028	0.00709	0.00784	0.00784	0.00821	0.00691	0.00457	0.01055	0.01146	0.01492	0.03046	0.05090	0.12625	0.63633	0.03276	0.00636	0.00655	0.01128	0.00475	0.00466
8	0.01608	0.01649	0.05956	0.32293	0.40062	0.01679	0.02166	0.02081	0.01567	0.02159	0.01333	0.01843	0.01065	0.00682	0.00721	0.00227	0.00917	0.00642	0.00342	0.01007
9	0.01415	0.01194	0.01408	0.01067	0.01623	0.00913	0.00834	0.01708	0.01490	0.02292	0.01697	0.12307	0.01633	0.00797	0.00596	0.00136	0.00521	0.00674	0.00467	0.67228
10	0.01507	0.01292	0.01507	0.01077	0.01723	0.00969	0.00861	0.01830	0.01507	0.02369	0.01292	0.01507	0.01077	0.00538	0.00538	0.00108	0.00538	0.00431	0.00431	0.78898
11	0.00992	0.00781	0.00901	0.00878	0.01087	0.00715	0.00655	0.01353	0.05781	0.02438	0.34214	0.10740	0.33489	0.01665	0.00856	0.00242	0.00373	0.01433	0.00734	0.00676
12	0.01978	0.02110	0.01554	0.01394	0.01754	0.32836	0.01060	0.04582	0.01872	0.04990	0.02880	0.06246	0.16163	0.03729	0.00827	0.00223	0.00871	0.03767	0.00511	0.10653
13	0.01654	0.01331	0.01583	0.01206	0.01762	0.01152	0.02953	0.09843	0.05749	0.05044	0.02221	0.05733	0.07925	0.00830	0.00640	0.00160	0.00574	0.00690	0.00535	0.48415
14	0.01704	0.01623	0.01807	0.12330	0.08939	0.13373	0.04058	0.10097	0.04877	0.02244	0.02312	0.10545	0.06634	0.12173	0.03827	0.00337	0.00883	0.00919	0.00491	0.00826
15	0.01979	0.01650	0.01707	0.01378	0.01865	0.07080	0.01093	0.24906	0.08682	0.03113	0.04980	0.07832	0.01832	0.01105	0.03642	0.00231	0.00735	0.00738	0.00595	0.24859
16	0.02031	0.04790	0.01870	0.01657	0.06111	0.12435	0.01239	0.14846	0.10029	0.07521	0.07401	0.05738	0.02179	0.04255	0.01003	0.00252	0.06629	0.05578	0.00588	0.03849

[dist]
# distance from previous block
# <min> <max>
9	18

[block]
# block no. 4 follows, 28 sequences, length 6
# corresponding to MSA columns:
# 222-227
name=unknown_E
#
# <colnr> <probs for GDERKNQSTAVLIFYWHMCP>
#	G	D	E	R	K	N	Q	S	T	A	V	L	I	F	Y	W	H	M	C	P
0	0.01629	0.08462	0.30262	0.12764	0.15832	0.06158	0.06262	0.02210	0.01593	0.02165	0.01427	0.01986	0.01161	0.00752	0.00708	0.00227	0.00998	0.04060	0.00347	0.00996
1	0.01593	0.02311	0.24693	0.10799	0.32366	0.01663	0.08115	0.02169	0.01600	0.02273	0.01617	0.01976	0.04120	0.00720	0.00730	0.00227	0.00953	0.00670	0.00354	0.01050
2	0.01491	0.06636	0.17769	0.41406	0.10867	0.01736	0.05967	0.02042	0.01509	0.02027	0.01295	0.01786	0.00982	0.00697	0.00709	0.00232	0.00985	0.00618	0.00325	0.00920
3	0.01532	0.01668	0.07785	0.35695	0.22756	0.04384	0.01943	0.01989	0.01558	0.02076	0.01687	0.02130	0.05315	0.00760	0.00715	0.00223	0.00897	0.00672	0.00363	0.05851
4	0.01674	0.01838	0.06226	0.26786	0.25126	0.05854	0.17629	0.02172	0.01620	0.02151	0.01349	0.01843	0.01055	0.00674	0.00750	0.00231	0.01022	0.00681	0.00348	0.00973
5	0.01732	0.01745	0.06442	0.26370	0.13652	0.05751	0.08402	0.04376	0.07048	0.05296	0.01594	0.02098	0.01258	0.00797	0.00824	0.00234	0.04819	0.02689	0.00423	0.04450

[dist]
# distance from previous block
# <min> <max>
1	5

[block]
# block no. 5 follows, 28 sequences, length 20
# corresponding to MSA columns:
# 233-252
name=unknown_F
#
# <colnr> <probs for GDERKNQSTAVLIFYWHMCP>
#	G	D	E	R	K	N	Q	S	T	A	V	L	I	F	Y	W	H	M	C	P
0	0.02137	0.01520	0.06455	0.01376	0.01810	0.01408	0.01157	0.26670	0.02315	0.16875	0.04406	0.17351	0.04393	0.05903	0.00970	0.00271	0.00671	0.02614	0.00702	0.00995
1	0.05604	0.01530	0.01636	0.01324	0.01797	0.03292	0.01065	0.27224	0.09129	0.15127	0.03105	0.03023	0.14816	0.02827	0.00803	0.00233	0.00647	0.00838	0.00704	0.05275
2	0.02059	0.02155	0.09872	0.02315	0.02894	0.09307	0.29599	0.07465	0.01817	0.11209	0.01537	0.01840	0.01144	0.00797	0.01036	0.00244	0.12541	0.00716	0.00451	0.00999
3	0.05165	0.14800	0.02467	0.01666	0.02197	0.09469	0.09803	0.12065	0.22029	0.07779	0.01917	0.01939	0.01447	0.00799	0.00678	0.00213	0.00808	0.00653	0.00565	0.03541
4	0.02172	0.01597	0.01839	0.01464	0.01972	0.01653	0.03241	0.30029	0.13998	0.08615	0.02171	0.08515	0.01756	0.00953	0.00713	0.00210	0.00668	0.00784	0.02450	0.15200
5	0.02696	0.02003	0.02144	0.01659	0.02229	0.02223	0.01365	0.63003	0.08020	0.04472	0.01831	0.01813	0.01306	0.00881	0.00728	0.00220	0.00784	0.00666	0.00728	0.01230
6	0.01294	0.00950	0.01156	0.01016	0.01263	0.00913	0.00770	0.09986	0.02112	0.02968	0.50041	0.04594	0.05342	0.07219	0.01045	0.00256	0.00447	0.01140	0.00733	0.06753
7	0.12005	0.01613	0.02494	0.07897	0.44871	0.01665	0.03462	0.02420	0.06631	0.07739	0.01553	0.01852	0.01221	0.00700	0.00691	0.00222	0.00800	0.00639	0.00439	0.01084
8	0.02638	0.01996	0.02282	0.02035	0.11059	0.02186	0.01492	0.59003	0.03188	0.04294	0.01696	0.01752	0.01225	0.00843	0.00726	0.00218	0.00808	0.00654	0.00679	0.01225
9	0.01041	0.00707	0.00788	0.00788	0.00808	0.00697	0.00449	0.01056	0.01105	0.01454	0.02700	0.04937	0.08046	0.68597	0.03471	0.00668	0.00678	0.01096	0.00459	0.00454
10	0.01040	0.00762	0.00936	0.01021	0.01132	0.00732	0.00707	0.06381	0.01577	0.02072	0.04195	0.56793	0.12871	0.04863	0.01009	0.00298	0.00456	0.01845	0.00670	0.00640
11	0.02579	0.01803	0.01964	0.01530	0.02034	0.01963	0.01236	0.54041	0.03010	0.09119	0.01901	0.02192	0.01462	0.10450	0.01114	0.00282	0.00774	0.00713	0.00703	0.01133
12	0.02581	0.01777	0.01896	0.01508	0.02028	0.04767	0.01226	0.38967	0.11321	0.16694	0.02543	0.02414	0.06974	0.00965	0.00737	0.00224	0.00723	0.00754	0.00743	0.01159
13	0.00926	0.00743	0.00839	0.00895	0.01098	0.00656	0.00694	0.01133	0.01626	0.01993	0.06212	0.15957	0.47875	0.01932	0.00898	0.00270	0.00436	0.14522	0.00674	0.00622
14	0.01507	0.01292	0.01507	0.01077	0.01723	0.00969	0.00861	0.01830	0.01507	0.02369	0.01292	0.01507	0.01077	0.00538	0.00538	0.00108	0.00538	0.00431	0.00431	0.78898
15	0.03112	0.01232	0.01658	0.01287	0.01828	0.01086	0.01057	0.03473	0.04966	0.64903	0.05436	0.02598	0.02012	0.00926	0.00736	0.00226	0.00606	0.00757	0.00889	0.01212
16	0.01507	0.01292	0.01507	0.01077	0.01723	0.00969	0.00861	0.01830	0.01507	0.02369	0.01292	0.01507	0.01077	0.00538	0.00538	0.00108	0.00538	0.00431	0.00431	0.78898
17	0.01666	0.01648	0.02530	0.35943	0.35023	0.06604	0.02074	0.02105	0.01590	0.02093	0.01315	0.01829	0.01052	0.00692	0.00718	0.00226	0.00944	0.00634	0.00344	0.00970
18	0.02390	0.02697	0.02003	0.01832	0.04158	0.44162	0.01376	0.12587	0.02069	0.02217	0.01321	0.01615	0.01105	0.01417	0.10030	0.00331	0.06824	0.00556	0.00426	0.00884
19	0.02727	0.01939	0.02103	0.01629	0.02196	0.02131	0.01340	0.57793	0.08331	0.09414	0.01923	0.01874	0.01354	0.00883	0.00728	0.00221	0.00769	0.00673	0.00741	0.01230

[dist]
# distance from previous block
# <min> <max>
0	1

[block]
# block no. 6 follows, 28 sequences, length 8
# corresponding to MSA columns:
# 254-261
name=unknown_G
#
# <colnr> <probs for GDERKNQSTAVLIFYWHMCP>
#	G	D	E	R	K	N	Q	S	T	A	V	L	I	F	Y	W	H	M	C	P
0	0.05436	0.01643	0.02049	0.01619	0.02151	0.03979	0.08042	0.20860	0.12621	0.26561	0.02351	0.02464	0.01693	0.00919	0.00746	0.00233	0.00749	0.04020	0.00726	0.01138
1	0.01829	0.01536	0.01557	0.01413	0.01765	0.06822	0.01083	0.10334	0.38236	0.05347	0.05179	0.16617	0.02665	0.01224	0.00773	0.00247	0.00620	0.01035	0.00706	0.01014
2	0.16398	0.00790	0.00884	0.00984	0.01104	0.00804	0.00679	0.01237	0.01336	0.02099	0.03287	0.54412	0.03852	0.07415	0.01043	0.00312	0.00471	0.01661	0.00613	0.00618
3	0.70110	0.01484	0.01206	0.01044	0.01510	0.01708	0.00861	0.10200	0.01506	0.03424	0.01103	0.01250	0.00843	0.00699	0.00484	0.00224	0.00592	0.00426	0.00484	0.00843
4	0.15440	0.01040	0.01225	0.01071	0.01408	0.01018	0.00840	0.02250	0.05604	0.22528	0.29627	0.08719	0.03916	0.01204	0.00748	0.00233	0.00480	0.01012	0.00755	0.00883
5	0.01645	0.01231	0.01674	0.01474	0.01725	0.01334	0.05991	0.14951	0.01862	0.07896	0.02879	0.30978	0.04945	0.01570	0.01100	0.00275	0.12139	0.04870	0.00623	0.00840
6	0.15372	0.01584	0.01695	0.01292	0.01875	0.01566	0.01056	0.26384	0.02210	0.08004	0.01521	0.01606	0.01136	0.00710	0.00607	0.00177	0.00645	0.00528	0.00576	0.31455
7	0.08685	0.01952	0.02055	0.01602	0.02161	0.02173	0.01318	0.57707	0.08053	0.04365	0.01777	0.01772	0.01274	0.00866	0.00706	0.00221	0.00765	0.00646	0.00706	0.01195

[dist]
# distance from previous block
# <min> <max>
0	5

[block]
# block no. 7 follows, 28 sequences, length 7
# corresponding to MSA columns:
# 267-273
name=unknown_H
#
# <colnr> <probs for GDERKNQSTAVLIFYWHMCP>
#	G	D	E	R	K	N	Q	S	T	A	V	L	I	F	Y	W	H	M	C	P
0	0.64788	0.01484	0.01233	0.01076	0.01536	0.01710	0.00880	0.08940	0.07510	0.03376	0.01262	0.01376	0.00961	0.00723	0.00504	0.00226	0.00588	0.00459	0.00504	0.00866
1	0.02591	0.01729	0.01930	0.01545	0.02069	0.01868	0.01266	0.39469	0.15771	0.16769	0.02304	0.02404	0.01687	0.00958	0.00745	0.00231	0.00715	0.04000	0.00760	0.01191
2	0.68372	0.01544	0.01186	0.01048	0.01500	0.06707	0.00853	0.02296	0.01359	0.08070	0.01156	0.01285	0.00872	0.00697	0.00485	0.00222	0.00621	0.00424	0.00477	0.00824
3	0.01373	0.01292	0.02180	0.72707	0.05006	0.01615	0.02019	0.01857	0.01453	0.01857	0.01292	0.01938	0.00969	0.00727	0.00727	0.00242	0.00969	0.00646	0.00323	0.00807
4	0.01409	0.01329	0.02246	0.66843	0.10584	0.01625	0.02037	0.01889	0.01471	0.01902	0.01298	0.01926	0.00985	0.00720	0.00726	0.00240	0.00960	0.00646	0.00326	0.00837
5	0.02825	0.01937	0.02120	0.01625	0.02205	0.02106	0.01343	0.59529	0.03251	0.12783	0.01885	0.01836	0.01306	0.00876	0.00728	0.00219	0.00777	0.00664	0.00749	0.01236
6	0.01274	0.01136	0.01067	0.00992	0.01273	0.07032	0.00755	0.08115	0.04566	0.02364	0.13251	0.08270	0.44035	0.01589	0.00826	0.00238	0.00502	0.01319	0.00671	0.00726

[dist]
# distance from previous block
# <min> <max>
0	1

[block]
# block no. 8 follows, 28 sequences, length 7
# corresponding to MSA columns:
# 275-281
name=unknown_I
#
# <colnr> <probs for GDERKNQSTAVLIFYWHMCP>
#	G	D	E	R	K	N	Q	S	T	A	V	L	I	F	Y	W	H	M	C	P
0	0.00894	0.00707	0.00806	0.00846	0.01020	0.00619	0.00610	0.01087	0.01644	0.02086	0.16477	0.26393	0.40414	0.01911	0.00879	0.00257	0.00380	0.01655	0.00695	0.00619
1	0.10823	0.13115	0.47132	0.01916	0.02823	0.01859	0.08174	0.02268	0.01508	0.02337	0.01244	0.01481	0.00923	0.00672	0.00646	0.00221	0.00986	0.00529	0.00330	0.01012
2	0.01970	0.01473	0.01548	0.01378	0.01778	0.05307	0.01090	0.05628	0.38032	0.14005	0.03393	0.03517	0.10204	0.01140	0.00769	0.00246	0.00614	0.06127	0.00732	0.01048
3	0.01692	0.15909	0.43045	0.01979	0.02834	0.04881	0.08111	0.05598	0.01637	0.02266	0.01265	0.01513	0.00958	0.00713	0.00753	0.00220	0.04714	0.00548	0.00338	0.01025
4	0.07875	0.01361	0.01674	0.01635	0.09765	0.01402	0.01147	0.13839	0.12296	0.17172	0.20627	0.03016	0.02998	0.01022	0.00744	0.00227	0.00593	0.00856	0.00720	0.01029
5	0.01674	0.01573	0.09706	0.01234	0.01855	0.01140	0.01110	0.08221	0.01791	0.07680	0.07423	0.02266	0.05839	0.00774	0.00635	0.00160	0.00606	0.00628	0.00525	0.45162
6	0.08317	0.01227	0.01425	0.01163	0.01602	0.01173	0.00917	0.06336	0.11567	0.18808	0.15645	0.02875	0.02650	0.05241	0.00866	0.00231	0.00551	0.00783	0.00680	0.17942

[dist]
# distance from previous block
# <min> <max>
79	141

[block]
# block no. 9 follows, 28 sequences, length 9
# corresponding to MSA columns:
# 447-455
name=unknown_J
#
# <colnr> <probs for GDERKNQSTAVLIFYWHMCP>
#	G	D	E	R	K	N	Q	S	T	A	V	L	I	F	Y	W	H	M	C	P
0	0.07903	0.08736	0.05873	0.01316	0.01833	0.01530	0.01149	0.15230	0.06817	0.24927	0.10316	0.02716	0.06583	0.00975	0.00705	0.00220	0.00640	0.00774	0.00703	0.01053
1	0.06097	0.15211	0.35454	0.01727	0.02467	0.01701	0.06217	0.02086	0.01587	0.02303	0.08266	0.02653	0.01899	0.00907	0.00702	0.00230	0.00882	0.08259	0.00412	0.00940
2	0.02203	0.12568	0.03819	0.05549	0.02089	0.11305	0.01247	0.24840	0.02327	0.08760	0.07328	0.02526	0.07724	0.03580	0.00807	0.00228	0.00791	0.00736	0.00590	0.00983
3	0.14888	0.01376	0.01429	0.01241	0.01627	0.05431	0.01002	0.14515	0.03910	0.15222	0.13947	0.05495	0.07615	0.01178	0.00746	0.00238	0.00619	0.07912	0.00693	0.00918
4	0.14104	0.00945	0.01067	0.01002	0.01258	0.00939	0.00753	0.01824	0.06100	0.11405	0.22620	0.17452	0.10441	0.05733	0.00948	0.00271	0.00469	0.01207	0.00695	0.00765
5	0.01829	0.01463	0.02281	0.38056	0.20314	0.01635	0.01862	0.07038	0.05604	0.10394	0.01627	0.01998	0.01204	0.00753	0.00726	0.00232	0.00866	0.00667	0.00454	0.00995
6	0.01110	0.00911	0.01113	0.09488	0.01585	0.03888	0.00864	0.01388	0.01756	0.02338	0.34017	0.15920	0.12325	0.06128	0.01029	0.00275	0.00512	0.04022	0.00663	0.00668
7	0.07480	0.01611	0.04729	0.09974	0.06438	0.01495	0.01284	0.16897	0.04524	0.02899	0.01444	0.01654	0.01121	0.00677	0.00622	0.00174	0.00695	0.00537	0.00489	0.35253
8	0.66457	0.01602	0.06131	0.01379	0.08272	0.01644	0.01062	0.02158	0.01299	0.03107	0.01068	0.01266	0.00832	0.00673	0.00493	0.00224	0.00628	0.00429	0.00431	0.00843

[dist]
# distance from previous block
# <min> <max>
0	1

[block]
# block no. 10 follows, 28 sequences, length 8
# corresponding to MSA columns:
# 457-464
name=unknown_K
#
# <colnr> <probs for GDERKNQSTAVLIFYWHMCP>
#	G	D	E	R	K	N	Q	S	T	A	V	L	I	F	Y	W	H	M	C	P
0	0.01692	0.01618	0.02758	0.21525	0.53690	0.01699	0.02178	0.02137	0.01605	0.02245	0.01348	0.01834	0.01106	0.00667	0.00721	0.00222	0.00890	0.00647	0.00351	0.01065
1	0.01426	0.01346	0.02277	0.64177	0.13119	0.01629	0.02045	0.01904	0.01479	0.01922	0.01301	0.01921	0.00992	0.00717	0.00726	0.00239	0.00956	0.00646	0.00328	0.00850
2	0.57580	0.01370	0.01348	0.16191	0.02201	0.01587	0.01068	0.02177	0.01343	0.07738	0.01203	0.01433	0.00898	0.00702	0.00529	0.00229	0.00653	0.00471	0.00455	0.00824
3	0.01452	0.01373	0.02324	0.60004	0.17089	0.01636	0.02058	0.01927	0.01491	0.01954	0.01306	0.01912	0.01003	0.00712	0.00725	0.00237	0.00949	0.00646	0.00330	0.00872
4	0.02399	0.02771	0.02188	0.02284	0.14659	0.44614	0.01529	0.08747	0.02037	0.02161	0.01491	0.01709	0.04023	0.00823	0.00792	0.00206	0.05653	0.00576	0.00415	0.00924
5	0.01728	0.33679	0.26029	0.01959	0.02758	0.02232	0.17750	0.02255	0.01554	0.02056	0.01219	0.01481	0.00970	0.00642	0.00636	0.00202	0.00984	0.00552	0.00323	0.00991
6	0.01322	0.00880	0.01086	0.01036	0.01250	0.00853	0.00788	0.01778	0.09135	0.08912	0.30587	0.09047	0.10999	0.10139	0.01190	0.00304	0.00483	0.08740	0.00726	0.00746
7	0.01507	0.01292	0.01507	0.01077	0.01723	0.00969	0.00861	0.01830	0.01507	0.02369	0.01292	0.01507	0.01077	0.00538	0.00538	0.00108	0.00538	0.00431	0.00431	0.78898

[dist]
# distance from previous block
# <min> <max>
0	1

[block]
# block no. 11 follows, 28 sequences, length 32
# corresponding to MSA columns:
# 466-497
name=unknown_L
#
# <colnr> <probs for GDERKNQSTAVLIFYWHMCP>
#	G	D	E	R	K	N	Q	S	T	A	V	L	I	F	Y	W	H	M	C	P
0	0.01635	0.03567	0.56499	0.02134	0.03093	0.10269	0.08142	0.02378	0.01615	0.02240	0.01297	0.01544	0.00939	0.00691	0.00701	0.00226	0.01116	0.00557	0.00321	0.01038
1	0.00893	0.00742	0.00784	0.00785	0.01018	0.00632	0.00596	0.01103	0.01705	0.02085	0.14516	0.06866	0.59267	0.01807	0.00865	0.00248	0.00379	0.04396	0.00689	0.00625
2	0.00961	0.00736	0.00880	0.00853	0.01047	0.00655	0.00636	0.01236	0.01883	0.02522	0.44009	0.08897	0.29750	0.01649	0.00861	0.00238	0.00356	0.01427	0.00749	0.00655
3	0.01458	0.03760	0.70688	0.02072	0.03146	0.01688	0.02686	0.02302	0.01535	0.02302	0.01304	0.01535	0.00921	0.00691	0.00691	0.00230	0.01074	0.00537	0.00307	0.01074
4	0.01029	0.00743	0.00972	0.00914	0.01086	0.00686	0.00686	0.01372	0.02058	0.02915	0.69536	0.05430	0.06859	0.01486	0.00857	0.00229	0.00343	0.01315	0.00800	0.00686
5	0.01997	0.02016	0.02727	0.06276	0.52093	0.13162	0.02032	0.06637	0.01831	0.02405	0.01350	0.01721	0.01115	0.00682	0.00710	0.00212	0.00936	0.00619	0.00385	0.01094
6	0.01674	0.01894	0.04115	0.02960	0.03660	0.01775	0.63906	0.02262	0.01699	0.02304	0.01599	0.05609	0.01291	0.00697	0.00861	0.00248	0.01185	0.00919	0.00383	0.00961
7	0.01943	0.74891	0.03809	0.01244	0.01866	0.02876	0.01244	0.02177	0.01477	0.01710	0.01011	0.01166	0.00933	0.00622	0.00466	0.00155	0.00777	0.00389	0.00311	0.00933
8	0.01501	0.10083	0.64743	0.01998	0.03032	0.01794	0.02558	0.02291	0.01530	0.02249	0.01278	0.01502	0.00922	0.00684	0.00671	0.00224	0.01048	0.00524	0.00307	0.01062
9	0.00886	0.00633	0.00843	0.01012	0.01054	0.00590	0.00675	0.01012	0.01392	0.01856	0.04006	0.73979	0.04808	0.02277	0.00928	0.00295	0.00422	0.02066	0.00675	0.00590
10	0.01191	0.00892	0.01159	0.01273	0.01474	0.00899	0.01088	0.01668	0.08009	0.02230	0.04226	0.07522	0.12585	0.01889	0.00960	0.00315	0.00621	0.50616	0.00677	0.00708
11	0.01799	0.01727	0.02950	0.04462	0.69919	0.01727	0.02231	0.02231	0.01655	0.02375	0.01367	0.01799	0.01151	0.00648	0.00720	0.00216	0.00864	0.00648	0.00360	0.01151
12	0.02654	0.09128	0.02199	0.01823	0.02217	0.66092	0.01392	0.02845	0.02014	0.01774	0.01115	0.01299	0.00936	0.00739	0.00640	0.00185	0.01269	0.00462	0.00369	0.00850
13	0.05202	0.01298	0.02126	0.69194	0.04830	0.01616	0.01958	0.01871	0.01443	0.01926	0.01278	0.01901	0.00960	0.00724	0.00713	0.00241	0.00949	0.00634	0.00329	0.00807
14	0.01507	0.01292	0.01507	0.01077	0.01723	0.00969	0.00861	0.01830	0.01507	0.02369	0.01292	0.01507	0.01077	0.00538	0.00538	0.00108	0.00538	0.00431	0.00431	0.78898
15	0.01457	0.01346	0.02212	0.66509	0.07516	0.01650	0.01997	0.05033	0.01556	0.02009	0.01317	0.01923	0.00989	0.00731	0.00726	0.00240	0.00957	0.00646	0.00344	0.00842
16	0.01546	0.03095	0.52054	0.02006	0.02917	0.01560	0.09228	0.02279	0.01642	0.06417	0.08746	0.02054	0.01630	0.00780	0.00729	0.00231	0.00985	0.00666	0.00402	0.01032
17	0.01943	0.74891	0.03809	0.01244	0.01866	0.02876	0.01244	0.02177	0.01477	0.01710	0.01011	0.01166	0.00933	0.00622	0.00466	0.00155	0.00777	0.00389	0.00311	0.00933
18	0.01731	0.01911	0.03988	0.03180	0.12630	0.01822	0.55499	0.02385	0.04750	0.02367	0.01524	0.01973	0.01160	0.00634	0.00834	0.00241	0.01147	0.00828	0.00384	0.01011
19	0.02023	0.01131	0.01410	0.01173	0.01539	0.01095	0.00932	0.12515	0.04925	0.24079	0.35617	0.03829	0.04226	0.01188	0.00793	0.00227	0.00509	0.01011	0.00817	0.00961
20	0.01731	0.01658	0.02827	0.15362	0.59552	0.01709	0.02197	0.02171	0.01623	0.02292	0.01355	0.01821	0.01122	0.00660	0.00721	0.00220	0.00880	0.00647	0.00354	0.01096
21	0.01475	0.01073	0.01274	0.01230	0.01448	0.01111	0.00924	0.20978	0.02047	0.02740	0.06084	0.44600	0.03778	0.01803	0.00870	0.00272	0.00550	0.06253	0.00695	0.00794
22	0.01808	0.01561	0.01644	0.01479	0.01890	0.01808	0.01151	0.03863	0.68606	0.03041	0.02959	0.02712	0.02219	0.00986	0.00740	0.00247	0.00575	0.00822	0.00740	0.01151
23	0.79588	0.01406	0.01068	0.00956	0.01406	0.01631	0.00787	0.02137	0.01237	0.03261	0.01012	0.01181	0.00787	0.00675	0.00450	0.00225	0.00562	0.00394	0.00450	0.00787
24	0.00861	0.00728	0.00745	0.00760	0.00988	0.00612	0.00563	0.01041	0.01635	0.01955	0.07082	0.12615	0.64187	0.01878	0.00865	0.00250	0.00373	0.01579	0.00675	0.00612
25	0.03261	0.01237	0.01687	0.01293	0.01856	0.01068	0.01068	0.03543	0.02081	0.70423	0.02868	0.02474	0.01799	0.00900	0.00731	0.00225	0.00619	0.00731	0.00900	0.01237
26	0.01057	0.00705	0.00793	0.00793	0.00793	0.00705	0.00440	0.01057	0.01057	0.01409	0.02290	0.04757	0.02643	0.74454	0.03700	0.00705	0.00705	0.01057	0.00440	0.00440
27	0.79588	0.01406	0.01068	0.00956	0.01406	0.01631	0.00787	0.02137	0.01237	0.03261	0.01012	0.01181	0.00787	0.00675	0.00450	0.00225	0.00562	0.00394	0.00450	0.00787
28	0.01507	0.01292	0.01507	0.01077	0.01723	0.00969	0.00861	0.01830	0.01507	0.02369	0.01292	0.01507	0.01077	0.00538	0.00538	0.00108	0.00538	0.00431	0.00431	0.78898
29	0.02733	0.01868	0.02169	0.01666	0.02241	0.02007	0.04599	0.49479	0.07308	0.15354	0.01997	0.01940	0.01387	0.00871	0.00735	0.00222	0.00776	0.00688	0.00739	0.01218
30	0.01038	0.00779	0.01168	0.01168	0.01298	0.00909	0.00909	0.01298	0.01168	0.01687	0.01947	0.02856	0.01817	0.05452	0.71573	0.01168	0.01947	0.00779	0.00389	0.00649
31	0.01663	0.01987	0.07433	0.02915	0.03634	0.01771	0.60852	0.02264	0.01691	0.02304	0.01584	0.05408	0.01272	0.00697	0.00853	0.00247	0.01179	0.00900	0.00379	0.00966

[dist]
# distance from previous block
# <min> <max>
3	30

[block]
# block no. 12 follows, 28 sequences, length 49
# corresponding to MSA columns:
# 530-578
name=unknown_M
#
# <colnr> <probs for GDERKNQSTAVLIFYWHMCP>
#	G	D	E	R	K	N	Q	S	T	A	V	L	I	F	Y	W	H	M	C	P
0	0.05591	0.01643	0.01801	0.01475	0.01968	0.01795	0.01189	0.27374	0.27371	0.15241	0.05078	0.02356	0.01907	0.00936	0.00726	0.00231	0.00657	0.00746	0.00753	0.01164
1	0.01799	0.01727	0.02950	0.04462	0.69919	0.01727	0.02231	0.02231	0.01655	0.02375	0.01367	0.01799	0.01151	0.00648	0.00720	0.00216	0.00864	0.00648	0.00360	0.01151
2	0.79588	0.01406	0.01068	0.00956	0.01406	0.01631	0.00787	0.02137	0.01237	0.03261	0.01012	0.01181	0.00787	0.00675	0.00450	0.00225	0.00562	0.00394	0.00450	0.00787
3	0.01799	0.01727	0.02950	0.04462	0.69919	0.01727	0.02231	0.02231	0.01655	0.02375	0.01367	0.01799	0.01151	0.00648	0.00720	0.00216	0.00864	0.00648	0.00360	0.01151
4	0.01416	0.01187	0.01405	0.01046	0.01601	0.00915	0.00828	0.01743	0.01613	0.02473	0.14346	0.02258	0.02183	0.00720	0.00599	0.00131	0.00501	0.00600	0.00501	0.63937
5	0.02500	0.01905	0.02033	0.01619	0.02154	0.02131	0.01318	0.49982	0.21359	0.04157	0.02079	0.02011	0.01507	0.00904	0.00731	0.00226	0.00738	0.00701	0.00731	0.01213
6	0.01799	0.01727	0.02950	0.04462	0.69919	0.01727	0.02231	0.02231	0.01655	0.02375	0.01367	0.01799	0.01151	0.00648	0.00720	0.00216	0.00864	0.00648	0.00360	0.01151
7	0.00886	0.00633	0.00843	0.01012	0.01054	0.00590	0.00675	0.01012	0.01392	0.01856	0.04006	0.73979	0.04808	0.02277	0.00928	0.00295	0.00422	0.02066	0.00675	0.00590
8	0.01434	0.01378	0.01919	0.01709	0.01719	0.01863	0.01387	0.01586	0.01175	0.01773	0.01632	0.17660	0.01810	0.01495	0.02062	0.00313	0.56985	0.00954	0.00397	0.00750
9	0.01799	0.01727	0.02950	0.04462	0.69919	0.01727	0.02231	0.02231	0.01655	0.02375	0.01367	0.01799	0.01151	0.00648	0.00720	0.00216	0.00864	0.00648	0.00360	0.01151
10	0.01373	0.01292	0.02180	0.72707	0.05006	0.01615	0.02019	0.01857	0.01453	0.01857	0.01292	0.01938	0.00969	0.00727	0.00727	0.00242	0.00969	0.00646	0.00323	0.00807
11	0.01799	0.01727	0.02950	0.04462	0.69919	0.01727	0.02231	0.02231	0.01655	0.02375	0.01367	0.01799	0.01151	0.00648	0.00720	0.00216	0.00864	0.00648	0.00360	0.01151
12	0.01590	0.01590	0.02226	0.01908	0.01908	0.02226	0.01590	0.01749	0.01113	0.01749	0.00954	0.01590	0.00954	0.01272	0.02385	0.00318	0.73123	0.00636	0.00318	0.00795
13	0.01716	0.01961	0.04289	0.03064	0.03799	0.01838	0.67279	0.02328	0.01716	0.02328	0.01471	0.01961	0.01103	0.00613	0.00858	0.00245	0.01225	0.00858	0.00368	0.00980
14	0.00859	0.00736	0.00736	0.00736	0.00982	0.00614	0.00552	0.01043	0.01657	0.01964	0.07364	0.06996	0.69624	0.01841	0.00859	0.00245	0.00368	0.01534	0.00675	0.00614
15	0.50253	0.01537	0.01368	0.01184	0.01645	0.01766	0.00960	0.12457	0.16869	0.03412	0.01566	0.01614	0.01181	0.00776	0.00558	0.00229	0.00601	0.00530	0.00558	0.00938
16	0.02655	0.01782	0.01972	0.01559	0.02100	0.01932	0.01272	0.41676	0.17080	0.16847	0.02219	0.02091	0.01554	0.00902	0.00731	0.00226	0.00717	0.00705	0.00763	0.01218
17	0.00886	0.00633	0.00843	0.01012	0.01054	0.00590	0.00675	0.01012	0.01392	0.01856	0.04006	0.73979	0.04808	0.02277	0.00928	0.00295	0.00422	0.02066	0.00675	0.00590
18	0.01038	0.00751	0.01044	0.01051	0.01138	0.00836	0.00760	0.01215	0.01144	0.01611	0.02130	0.06226	0.02180	0.25823	0.48625	0.00996	0.01518	0.00912	0.00416	0.00585
19	0.01077	0.00738	0.00905	0.00937	0.00983	0.00752	0.00630	0.01168	0.01187	0.01585	0.02552	0.05214	0.02850	0.53286	0.10374	0.00683	0.00830	0.13264	0.00479	0.00506
20	0.01943	0.74891	0.03809	0.01244	0.01866	0.02876	0.01244	0.02177	0.01477	0.01710	0.01011	0.01166	0.00933	0.00622	0.00466	0.00155	0.00777	0.00389	0.00311	0.00933
21	0.01171	0.00837	0.01171	0.01339	0.01506	0.00837	0.01171	0.01506	0.01673	0.02175	0.03849	0.08199	0.04183	0.02008	0.01004	0.00335	0.00669	0.65027	0.00669	0.00669
22	0.01693	0.01618	0.02758	0.21520	0.53694	0.01699	0.02178	0.02137	0.01605	0.02245	0.01348	0.01834	0.01106	0.00667	0.00721	0.00222	0.00890	0.00647	0.00351	0.01065
23	0.01735	0.01893	0.03808	0.02785	0.03374	0.01930	0.51997	0.04905	0.01671	0.02311	0.01383	0.01881	0.01080	0.00750	0.01145	0.00258	0.14961	0.00807	0.00373	0.00956
24	0.01929	0.01974	0.02824	0.04094	0.60296	0.11654	0.02113	0.02326	0.01713	0.02290	0.01333	0.01730	0.01121	0.00662	0.00711	0.00212	0.00927	0.00622	0.00362	0.01108
25	0.01458	0.03760	0.70688	0.02072	0.03146	0.01688	0.02686	0.02302	0.01535	0.02302	0.01304	0.01535	0.00921	0.00691	0.00691	0.00230	0.01074	0.00537	0.00307	0.01074
26	0.01451	0.01085	0.01359	0.01398	0.01650	0.01147	0.01192	0.09474	0.11996	0.02584	0.03471	0.06625	0.03546	0.01723	0.00932	0.00308	0.00670	0.47893	0.00687	0.00807
27	0.01506	0.03471	0.61055	0.02412	0.12641	0.01694	0.02621	0.02292	0.01552	0.02312	0.01313	0.01572	0.00954	0.00685	0.00695	0.00228	0.01044	0.00553	0.00314	0.01085
28	0.00892	0.00635	0.00841	0.01003	0.01044	0.00595	0.00665	0.01014	0.01378	0.01838	0.03938	0.71212	0.04721	0.05163	0.01039	0.00312	0.00433	0.02026	0.00665	0.00584
29	0.02819	0.01472	0.02004	0.01548	0.02106	0.01427	0.07526	0.12739	0.12356	0.44055	0.02584	0.02355	0.01714	0.00881	0.00744	0.00229	0.00697	0.00746	0.00799	0.01199
30	0.01458	0.03760	0.70688	0.02072	0.03146	0.01688	0.02686	0.02302	0.01535	0.02302	0.01304	0.01535	0.00921	0.00691	0.00691	0.00230	0.01074	0.00537	0.00307	0.01074
31	0.01373	0.01292	0.02180	0.72707	0.05006	0.01615	0.02019	0.01857	0.01453	0.01857	0.01292	0.01938	0.00969	0.00727	0.00727	0.00242	0.00969	0.00646	0.00323	0.00807
32	0.01373	0.01292	0.02180	0.72707	0.05006	0.01615	0.02019	0.01857	0.01453	0.01857	0.01292	0.01938	0.00969	0.00727	0.00727	0.00242	0.00969	0.00646	0.00323	0.00807
33	0.03032	0.01605	0.01915	0.01468	0.02039	0.01615	0.01213	0.33029	0.02697	0.40066	0.02350	0.02138	0.01540	0.00887	0.00729	0.00222	0.00702	0.00696	0.00820	0.01237
34	0.01677	0.01602	0.02730	0.24013	0.51322	0.01695	0.02170	0.02124	0.01597	0.02227	0.01346	0.01839	0.01099	0.00670	0.00722	0.00223	0.00894	0.00647	0.00349	0.01053
35	0.79588	0.01406	0.01068	0.00956	0.01406	0.01631	0.00787	0.02137	0.01237	0.03261	0.01012	0.01181	0.00787	0.00675	0.00450	0.00225	0.00562	0.00394	0.00450	0.00787
36	0.01034	0.00719	0.00920	0.01025	0.01087	0.00705	0.00731	0.01173	0.01348	0.01781	0.03313	0.28686	0.03809	0.29429	0.01996	0.00461	0.00601	0.20042	0.00585	0.00557
37	0.00952	0.00740	0.01121	0.01177	0.01275	0.00691	0.06039	0.01118	0.01418	0.01894	0.03802	0.68179	0.04509	0.02143	0.00922	0.00291	0.00486	0.01969	0.00650	0.00622
38	0.01808	0.01561	0.01644	0.01479	0.01890	0.01808	0.01151	0.03863	0.68606	0.03041	0.02959	0.02712	0.02219	0.00986	0.00740	0.00247	0.00575	0.00822	0.00740	0.01151
39	0.01799	0.01727	0.02950	0.04462	0.69919	0.01727	0.02231	0.02231	0.01655	0.02375	0.01367	0.01799	0.01151	0.00648	0.00720	0.00216	0.00864	0.00648	0.00360	0.01151
40	0.03261	0.01237	0.01687	0.01293	0.01856	0.01068	0.01068	0.03543	0.02081	0.70423	0.02868	0.02474	0.01799	0.00900	0.00731	0.00225	0.00619	0.00731	0.00900	0.01237
41	0.01542	0.03173	0.49036	0.02395	0.03359	0.01737	0.23749	0.02311	0.01594	0.02311	0.01359	0.01674	0.00980	0.00665	0.00745	0.00235	0.01124	0.00642	0.00327	0.01044
42	0.01808	0.01561	0.01644	0.01479	0.01890	0.01808	0.01151	0.03863	0.68606	0.03041	0.02959	0.02712	0.02219	0.00986	0.00740	0.00247	0.00575	0.00822	0.00740	0.01151
43	0.01706	0.01933	0.04133	0.02976	0.03656	0.01868	0.62295	0.02284	0.01670	0.02284	0.01431	0.01933	0.01092	0.00663	0.00974	0.00251	0.06681	0.00841	0.00364	0.00966
44	0.20454	0.01275	0.01548	0.01217	0.01754	0.01195	0.01005	0.03226	0.01891	0.55295	0.02450	0.02183	0.01571	0.00849	0.00668	0.00225	0.00606	0.00655	0.00798	0.01136
45	0.01799	0.01727	0.02950	0.04462	0.69919	0.01727	0.02231	0.02231	0.01655	0.02375	0.01367	0.01799	0.01151	0.00648	0.00720	0.00216	0.00864	0.00648	0.00360	0.01151
46	0.01038	0.00779	0.01168	0.01168	0.01298	0.00909	0.00909	0.01298	0.01168	0.01687	0.01947	0.02856	0.01817	0.05452	0.71573	0.01168	0.01947	0.00779	0.00389	0.00649
47	0.79588	0.01406	0.01068	0.00956	0.01406	0.01631	0.00787	0.02137	0.01237	0.03261	0.01012	0.01181	0.00787	0.00675	0.00450	0.00225	0.00562	0.00394	0.00450	0.00787
48	0.01263	0.00631	0.00947	0.00947	0.00947	0.00631	0.00631	0.00947	0.00947	0.01263	0.01263	0.02210	0.01263	0.02525	0.02841	0.78851	0.00631	0.00631	0.00316	0.00316

[dist]
# distance from previous block
# <min> <max>
0	0

# created by:
# /st0/software/busco_prod/Augustus/scripts/msa2prfl.pl ./align_prep/134991.fa
