[name]
unknown

[dist]
# distance from previous block
# <min> <max>
4	36

[block]
# block no. 0 follows, 29 sequences, length 44
# corresponding to MSA columns:
# 44-87
name=unknown_A
#
# <colnr> <probs for GDERKNQSTAVLIFYWHMCP>
#	G	D	E	R	K	N	Q	S	T	A	V	L	I	F	Y	W	H	M	C	P
0	0.01756	0.11485	0.31236	0.01886	0.07621	0.01717	0.04084	0.08567	0.06690	0.07729	0.08752	0.02066	0.01724	0.00798	0.00684	0.00215	0.00836	0.00653	0.00471	0.01031
1	0.04545	0.08486	0.36026	0.05157	0.16440	0.01725	0.02102	0.06393	0.01655	0.06384	0.01372	0.01596	0.01020	0.00682	0.00657	0.00212	0.00905	0.00550	0.00381	0.03711
2	0.09629	0.01902	0.15092	0.07294	0.19607	0.01552	0.01674	0.09890	0.04477	0.11251	0.01865	0.02012	0.04596	0.00772	0.00673	0.00215	0.00772	0.00638	0.00491	0.05600
3	0.06181	0.02872	0.43450	0.02423	0.17733	0.01703	0.02252	0.06771	0.05513	0.02518	0.01397	0.01620	0.01038	0.00695	0.00674	0.00222	0.00931	0.00566	0.00372	0.01068
4	0.04861	0.02536	0.34500	0.04815	0.02566	0.01682	0.01879	0.09255	0.19982	0.05424	0.01895	0.02106	0.01420	0.00827	0.00698	0.00232	0.00837	0.02928	0.00498	0.01058
5	0.01097	0.00784	0.01090	0.01254	0.01396	0.00777	0.01061	0.01389	0.01590	0.02075	0.03798	0.19907	0.04207	0.02014	0.00970	0.00321	0.00612	0.54359	0.00657	0.00642
6	0.01913	0.01625	0.02334	0.03004	0.38623	0.01693	0.01697	0.07741	0.21916	0.06786	0.01917	0.02055	0.01481	0.00761	0.00706	0.00218	0.00733	0.00684	0.00524	0.03589
7	0.01537	0.01264	0.01483	0.01062	0.01692	0.00953	0.00851	0.01852	0.01496	0.04737	0.01320	0.01510	0.01080	0.00540	0.00534	0.00110	0.00530	0.00432	0.00438	0.76581
8	0.01237	0.00618	0.00928	0.00928	0.00928	0.00618	0.00618	0.00928	0.00928	0.01237	0.01237	0.02165	0.01237	0.02474	0.02783	0.79283	0.00618	0.00618	0.00309	0.00309
9	0.01428	0.03683	0.71286	0.02030	0.03082	0.01654	0.02631	0.02255	0.01503	0.02255	0.01278	0.01503	0.00902	0.00677	0.00677	0.00226	0.01052	0.00526	0.00301	0.01052
10	0.01681	0.01921	0.04202	0.03001	0.03721	0.01801	0.67947	0.02281	0.01681	0.02281	0.01441	0.01921	0.01080	0.00600	0.00840	0.00240	0.01200	0.00840	0.00360	0.00960
11	0.01558	0.01558	0.02181	0.01869	0.01869	0.02181	0.01558	0.01714	0.01091	0.01714	0.00935	0.01558	0.00935	0.01246	0.02337	0.00312	0.73672	0.00623	0.00312	0.00779
12	0.02826	0.01804	0.02019	0.01548	0.02113	0.01926	0.01279	0.52421	0.03029	0.20676	0.01977	0.01883	0.01345	0.00861	0.00713	0.00215	0.00740	0.00659	0.00753	0.01211
13	0.05567	0.01427	0.01795	0.07202	0.04282	0.01435	0.01208	0.19830	0.04136	0.39289	0.02274	0.02146	0.01513	0.00846	0.00697	0.00218	0.00673	0.00676	0.03649	0.01136
14	0.00964	0.00726	0.00891	0.00850	0.01037	0.00653	0.00638	0.01259	0.01913	0.02611	0.53673	0.05721	0.23356	0.01547	0.00840	0.00228	0.00342	0.01344	0.00752	0.00653
15	0.00842	0.00721	0.00721	0.00721	0.00962	0.00601	0.00541	0.01022	0.01623	0.01924	0.07213	0.06853	0.70244	0.01803	0.00842	0.00240	0.00361	0.01503	0.00661	0.00601
16	0.02618	0.02124	0.02150	0.04371	0.04749	0.10505	0.01409	0.55591	0.03057	0.03986	0.01608	0.01668	0.01163	0.00827	0.00704	0.00211	0.00852	0.00619	0.00644	0.01147
17	0.00848	0.00697	0.00746	0.00786	0.00979	0.00596	0.00570	0.01015	0.01561	0.01898	0.06431	0.22946	0.54656	0.01905	0.00858	0.00252	0.00373	0.01627	0.00661	0.00596
18	0.01477	0.01266	0.01477	0.01055	0.01687	0.00949	0.00844	0.01793	0.01477	0.02320	0.01266	0.01477	0.01055	0.00527	0.00527	0.00105	0.00527	0.00422	0.00422	0.79328
19	0.01345	0.01266	0.02136	0.73264	0.04904	0.01582	0.01978	0.01819	0.01424	0.01819	0.01266	0.01898	0.00949	0.00712	0.00712	0.00237	0.00949	0.00633	0.00316	0.00791
20	0.01033	0.00700	0.00825	0.00825	0.00841	0.00716	0.00491	0.01066	0.01050	0.01416	0.02200	0.04417	0.02483	0.65891	0.12564	0.00750	0.00849	0.01000	0.00425	0.00458
21	0.01904	0.75404	0.03731	0.01218	0.01828	0.02818	0.01218	0.02132	0.01447	0.01675	0.00990	0.01142	0.00914	0.00609	0.00457	0.00152	0.00761	0.00381	0.00305	0.00914
22	0.01017	0.00763	0.01144	0.01144	0.01272	0.00890	0.00890	0.01272	0.01144	0.01653	0.01907	0.02797	0.01780	0.05340	0.72153	0.01144	0.01907	0.00763	0.00381	0.00636
23	0.02378	0.02847	0.02209	0.02443	0.19251	0.49923	0.01562	0.02740	0.06313	0.01969	0.01278	0.01493	0.01052	0.00724	0.00663	0.00194	0.01128	0.00525	0.00387	0.00921
24	0.03173	0.01247	0.01674	0.01284	0.01835	0.01099	0.01060	0.06380	0.02097	0.68033	0.02760	0.02392	0.01738	0.00880	0.00716	0.00220	0.00614	0.00713	0.00874	0.01212
25	0.01614	0.01351	0.01550	0.01129	0.01747	0.01109	0.00907	0.08720	0.04143	0.02568	0.01371	0.01544	0.01112	0.00577	0.00554	0.00122	0.00555	0.00458	0.00463	0.68407
26	0.02673	0.01901	0.02058	0.01585	0.02132	0.02084	0.01301	0.61905	0.03186	0.08245	0.01793	0.01861	0.01294	0.03605	0.00821	0.00232	0.00770	0.00660	0.00712	0.01182
27	0.02766	0.01900	0.02078	0.01593	0.02161	0.02068	0.01316	0.60331	0.03189	0.12540	0.01843	0.01796	0.01278	0.00858	0.00713	0.00215	0.00762	0.00650	0.00733	0.01211
28	0.00877	0.00624	0.00823	0.00979	0.01018	0.00585	0.00648	0.00994	0.01344	0.01792	0.03827	0.70445	0.04586	0.06465	0.01067	0.00313	0.00429	0.01967	0.00648	0.00570
29	0.00868	0.00620	0.00826	0.00991	0.01033	0.00578	0.00661	0.00991	0.01363	0.01818	0.03925	0.74510	0.04710	0.02231	0.00909	0.00289	0.00413	0.02024	0.00661	0.00578
30	0.01726	0.08840	0.02707	0.14576	0.02840	0.01918	0.17953	0.06438	0.06449	0.04705	0.01436	0.01829	0.01142	0.00855	0.01145	0.00245	0.20303	0.00674	0.03315	0.00904
31	0.01680	0.01778	0.02091	0.21930	0.02747	0.14619	0.01605	0.01925	0.01350	0.01737	0.01102	0.01709	0.00992	0.03505	0.01616	0.00280	0.37617	0.00610	0.00327	0.00779
32	0.02643	0.01933	0.02069	0.01593	0.02144	0.02137	0.01314	0.65075	0.03262	0.04403	0.01738	0.01753	0.01239	0.00854	0.00702	0.00211	0.00763	0.00642	0.04340	0.01186
33	0.01491	0.01459	0.02098	0.01788	0.01827	0.01967	0.04502	0.01657	0.01115	0.01706	0.01124	0.01921	0.01134	0.08340	0.05408	0.00380	0.60331	0.00678	0.00328	0.00748
34	0.02659	0.01930	0.02080	0.01610	0.02167	0.02131	0.01325	0.60988	0.08002	0.07027	0.01838	0.01806	0.01302	0.00864	0.00713	0.00216	0.00761	0.00656	0.00720	0.01205
35	0.69850	0.01355	0.01127	0.00980	0.01435	0.01525	0.00808	0.02275	0.01321	0.12162	0.01232	0.01324	0.00902	0.00690	0.00477	0.00220	0.00558	0.00429	0.00499	0.00829
36	0.01036	0.00690	0.00777	0.00777	0.00777	0.00690	0.00431	0.01036	0.01036	0.01381	0.02244	0.04660	0.02589	0.74975	0.03624	0.00690	0.00690	0.01036	0.00431	0.00431
37	0.00868	0.00620	0.00826	0.00991	0.01033	0.00578	0.00661	0.00991	0.01363	0.01818	0.03925	0.74510	0.04710	0.02231	0.00909	0.00289	0.00413	0.02024	0.00661	0.00578
38	0.00890	0.00719	0.00792	0.00783	0.00994	0.00620	0.00584	0.01112	0.01723	0.02184	0.24998	0.09460	0.49198	0.01724	0.00844	0.00238	0.00356	0.01465	0.00696	0.00620
39	0.01771	0.01530	0.01610	0.01449	0.01852	0.01771	0.01127	0.03784	0.69247	0.02979	0.02898	0.02657	0.02174	0.00966	0.00725	0.00242	0.00564	0.00805	0.00725	0.01127
40	0.01327	0.00664	0.00664	0.00664	0.00830	0.00664	0.00498	0.01659	0.01493	0.02655	0.02323	0.02655	0.01825	0.00830	0.00498	0.00166	0.00332	0.00664	0.78928	0.00664
41	0.01832	0.01611	0.01649	0.01367	0.01859	0.05954	0.01076	0.09943	0.36400	0.02852	0.02138	0.02093	0.01636	0.00800	0.00655	0.00192	0.00620	0.00644	0.00604	0.26073
42	0.00843	0.00717	0.00726	0.00732	0.00965	0.00600	0.00546	0.01021	0.01612	0.01919	0.07080	0.09601	0.67582	0.01821	0.00844	0.00242	0.00363	0.01524	0.00661	0.00600
43	0.01763	0.01685	0.02839	0.04253	0.67775	0.01695	0.02143	0.02250	0.04337	0.02353	0.01402	0.01798	0.01170	0.00648	0.00706	0.00213	0.00835	0.00641	0.00367	0.01128

[dist]
# distance from previous block
# <min> <max>
0	8

[block]
# block no. 1 follows, 29 sequences, length 20
# corresponding to MSA columns:
# 96-115
name=unknown_B
#
# <colnr> <probs for GDERKNQSTAVLIFYWHMCP>
#	G	D	E	R	K	N	Q	S	T	A	V	L	I	F	Y	W	H	M	C	P
0	0.01345	0.01266	0.02136	0.73264	0.04904	0.01582	0.01978	0.01819	0.01424	0.01819	0.01266	0.01898	0.00949	0.00712	0.00712	0.00237	0.00949	0.00633	0.00316	0.00791
1	0.01428	0.03683	0.71286	0.02030	0.03082	0.01654	0.02631	0.02255	0.01503	0.02255	0.01278	0.01503	0.00902	0.00677	0.00677	0.00226	0.01052	0.00526	0.00301	0.01052
2	0.01762	0.01692	0.02890	0.04371	0.70533	0.01692	0.02185	0.02185	0.01621	0.02326	0.01339	0.01762	0.01128	0.00634	0.00705	0.00211	0.00846	0.00634	0.00352	0.01128
3	0.02707	0.01995	0.02137	0.01638	0.02208	0.02208	0.01353	0.68159	0.03348	0.04488	0.01710	0.01710	0.01211	0.00855	0.00712	0.00214	0.00784	0.00641	0.00712	0.01211
4	0.03195	0.01212	0.01652	0.01267	0.01818	0.01047	0.01047	0.03470	0.02038	0.71026	0.02809	0.02424	0.01763	0.00881	0.00716	0.00220	0.00606	0.00716	0.00881	0.01212
5	0.01771	0.01530	0.01610	0.01449	0.01852	0.01771	0.01127	0.03784	0.69247	0.02979	0.02898	0.02657	0.02174	0.00966	0.00725	0.00242	0.00564	0.00805	0.00725	0.01127
6	0.01762	0.01692	0.02890	0.04371	0.70533	0.01692	0.02185	0.02185	0.01621	0.02326	0.01339	0.01762	0.01128	0.00634	0.00705	0.00211	0.00846	0.00634	0.00352	0.01128
7	0.01428	0.03683	0.71286	0.02030	0.03082	0.01654	0.02631	0.02255	0.01503	0.02255	0.01278	0.01503	0.00902	0.00677	0.00677	0.00226	0.01052	0.00526	0.00301	0.01052
8	0.02692	0.01101	0.01491	0.01182	0.01644	0.00960	0.00960	0.02981	0.02033	0.55349	0.18298	0.03090	0.02902	0.01013	0.00745	0.00221	0.00544	0.00848	0.00859	0.01088
9	0.00976	0.00760	0.00912	0.00990	0.01189	0.00696	0.00811	0.01219	0.01620	0.02010	0.05582	0.09986	0.38809	0.01891	0.00906	0.00281	0.00492	0.29589	0.00659	0.00624
10	0.05159	0.01747	0.01877	0.01488	0.01958	0.04514	0.01212	0.40672	0.05076	0.12120	0.01825	0.01932	0.01344	0.03461	0.00901	0.00233	0.05858	0.00648	0.04653	0.03323
11	0.00845	0.00709	0.00734	0.00755	0.00971	0.00598	0.00556	0.01018	0.01590	0.01910	0.06801	0.15335	0.62028	0.01857	0.00850	0.00247	0.00367	0.01568	0.00661	0.00598
12	0.00898	0.00632	0.00817	0.00953	0.00986	0.00599	0.00619	0.00999	0.01304	0.01739	0.03620	0.61867	0.04326	0.15398	0.01400	0.00362	0.00463	0.01845	0.00619	0.00552
13	0.13033	0.04640	0.24608	0.06608	0.02552	0.04068	0.06335	0.06332	0.01612	0.11511	0.01415	0.01633	0.01037	0.00786	0.00881	0.00233	0.10740	0.00574	0.00432	0.00970
14	0.01826	0.01812	0.02829	0.04192	0.65726	0.06646	0.02128	0.02232	0.01649	0.02285	0.01323	0.01729	0.01113	0.00641	0.00701	0.00210	0.00877	0.00622	0.00353	0.01107
15	0.01042	0.00768	0.01059	0.01043	0.01132	0.00861	0.00763	0.01226	0.01188	0.01683	0.08007	0.03512	0.02419	0.24935	0.43513	0.00901	0.04050	0.00883	0.00429	0.00585
16	0.00922	0.00696	0.00804	0.00827	0.00991	0.00621	0.00596	0.01131	0.01636	0.02156	0.22211	0.21639	0.32967	0.04434	0.00941	0.00260	0.00377	0.01507	0.04675	0.00611
17	0.34367	0.06240	0.06402	0.01302	0.01783	0.01463	0.08291	0.02113	0.04060	0.07524	0.09643	0.06744	0.01922	0.00870	0.00614	0.00219	0.00638	0.00700	0.00510	0.04596
18	0.02119	0.01633	0.01712	0.01375	0.01803	0.06550	0.01101	0.31669	0.02327	0.06638	0.01961	0.02224	0.04636	0.05962	0.03471	0.00265	0.05495	0.00674	0.06415	0.11971
19	0.13726	0.03990	0.01326	0.01149	0.01414	0.13569	0.00863	0.05883	0.01515	0.02111	0.02043	0.06074	0.04185	0.22412	0.05729	0.00404	0.00817	0.06112	0.00467	0.06211

[dist]
# distance from previous block
# <min> <max>
1	67

[block]
# block no. 2 follows, 29 sequences, length 50
# corresponding to MSA columns:
# 185-234
name=unknown_C
#
# <colnr> <probs for GDERKNQSTAVLIFYWHMCP>
#	G	D	E	R	K	N	Q	S	T	A	V	L	I	F	Y	W	H	M	C	P
0	0.13887	0.05291	0.17160	0.04310	0.04949	0.01362	0.03953	0.02084	0.05096	0.07885	0.11371	0.05427	0.05264	0.01005	0.00701	0.00229	0.00696	0.05813	0.00521	0.02995
1	0.05004	0.11299	0.43500	0.01900	0.06411	0.05286	0.02071	0.02379	0.04817	0.06687	0.01564	0.01710	0.02895	0.00726	0.00651	0.00215	0.00927	0.00558	0.00381	0.01019
2	0.10618	0.01686	0.04647	0.09092	0.19907	0.04446	0.07250	0.05448	0.10083	0.02498	0.04372	0.01914	0.01399	0.00785	0.00835	0.00224	0.07664	0.00647	0.00441	0.06043
3	0.16327	0.07768	0.04398	0.01395	0.03781	0.10070	0.01123	0.17478	0.08630	0.02913	0.04977	0.05675	0.06507	0.00940	0.00645	0.00213	0.00698	0.00719	0.04829	0.00916
4	0.01922	0.14282	0.02020	0.01322	0.01756	0.01763	0.01089	0.19225	0.09595	0.05963	0.01711	0.02116	0.01442	0.10595	0.03074	0.00284	0.06681	0.00635	0.00524	0.14001
5	0.04788	0.08472	0.01381	0.01048	0.01365	0.05014	0.00820	0.01766	0.04175	0.09013	0.16896	0.17732	0.13858	0.01332	0.00738	0.00218	0.00516	0.01126	0.00623	0.09118
6	0.00909	0.00656	0.00870	0.01026	0.01096	0.00616	0.00729	0.01067	0.01420	0.01871	0.04081	0.60676	0.08194	0.02167	0.00917	0.00292	0.00447	0.11716	0.00660	0.00591
7	0.02563	0.01904	0.02096	0.01719	0.05056	0.02095	0.01350	0.61575	0.03163	0.04246	0.01818	0.05799	0.01404	0.00923	0.00723	0.00218	0.00765	0.00718	0.00694	0.01172
8	0.00868	0.00620	0.00826	0.00991	0.01033	0.00578	0.00661	0.00991	0.01363	0.01818	0.03925	0.74510	0.04710	0.02231	0.00909	0.00289	0.00413	0.02024	0.00661	0.00578
9	0.00999	0.00728	0.00940	0.00887	0.01059	0.00668	0.00665	0.01327	0.01995	0.02807	0.66896	0.05398	0.10010	0.01474	0.00840	0.00225	0.00337	0.01299	0.00777	0.00668
10	0.01762	0.01692	0.02890	0.04371	0.70533	0.01692	0.02185	0.02185	0.01621	0.02326	0.01339	0.01762	0.01128	0.00634	0.00705	0.00211	0.00846	0.00634	0.00352	0.01128
11	0.00875	0.00626	0.00833	0.00986	0.01035	0.00584	0.00662	0.01011	0.01400	0.01876	0.07643	0.70626	0.04822	0.02187	0.00905	0.00286	0.00409	0.01983	0.00668	0.00584
12	0.01738	0.01487	0.01564	0.01402	0.01799	0.01701	0.01092	0.06063	0.61657	0.02958	0.03174	0.02933	0.07215	0.01024	0.00733	0.00240	0.00557	0.00851	0.00719	0.01091
13	0.05404	0.01356	0.02231	0.55880	0.17803	0.01605	0.01958	0.01906	0.01452	0.01990	0.01266	0.01834	0.00976	0.00694	0.00697	0.00231	0.00908	0.00621	0.00330	0.00857
14	0.02702	0.02148	0.02124	0.01660	0.02207	0.09901	0.01356	0.60972	0.03202	0.04186	0.01643	0.01663	0.01179	0.00841	0.00705	0.00210	0.00839	0.00621	0.00674	0.01169
15	0.80005	0.01377	0.01047	0.00936	0.01377	0.01597	0.00771	0.02093	0.01212	0.03195	0.00991	0.01157	0.00771	0.00661	0.00441	0.00220	0.00551	0.00386	0.00441	0.00771
16	0.00868	0.00620	0.00826	0.00991	0.01033	0.00578	0.00661	0.00991	0.01363	0.01818	0.03925	0.74510	0.04710	0.02231	0.00909	0.00289	0.00413	0.02024	0.00661	0.00578
17	0.00889	0.00647	0.00838	0.00952	0.01032	0.00596	0.00652	0.01053	0.01494	0.01999	0.15217	0.57119	0.10753	0.02065	0.00892	0.00274	0.00396	0.01856	0.00681	0.00596
18	0.00868	0.00620	0.00826	0.00991	0.01033	0.00578	0.00661	0.00991	0.01363	0.01818	0.03925	0.74510	0.04710	0.02231	0.00909	0.00289	0.00413	0.02024	0.00661	0.00578
19	0.00981	0.00667	0.00793	0.00846	0.00860	0.00654	0.00506	0.01021	0.01142	0.01522	0.02788	0.27282	0.03276	0.51416	0.02745	0.00560	0.00601	0.01356	0.00506	0.00479
20	0.01650	0.01472	0.01580	0.01572	0.07053	0.04178	0.01123	0.03161	0.49841	0.02737	0.05938	0.03200	0.11286	0.01062	0.00740	0.00236	0.00576	0.00891	0.00676	0.01028
21	0.01030	0.00688	0.00778	0.00783	0.00784	0.00687	0.00438	0.01034	0.01045	0.01394	0.02295	0.06775	0.02653	0.72772	0.03542	0.00678	0.00682	0.01065	0.00438	0.00436
22	0.04942	0.01313	0.01515	0.01136	0.01699	0.01132	0.00912	0.05383	0.05282	0.04549	0.03956	0.01714	0.01338	0.00649	0.00638	0.00140	0.03634	0.00502	0.00477	0.59087
23	0.06541	0.01414	0.01898	0.13556	0.19990	0.04860	0.01427	0.07179	0.01611	0.02272	0.08466	0.02542	0.03397	0.09963	0.01306	0.03338	0.08224	0.00744	0.00437	0.00833
24	0.10776	0.27325	0.21142	0.01565	0.02192	0.10767	0.01605	0.07184	0.01619	0.02227	0.01131	0.01335	0.00919	0.00719	0.00709	0.00201	0.06822	0.00469	0.00358	0.00935
25	0.01981	0.05796	0.01980	0.01915	0.11808	0.24452	0.01321	0.08425	0.11778	0.02324	0.05174	0.02500	0.10396	0.00964	0.00815	0.00215	0.06014	0.00730	0.00498	0.00914
26	0.02417	0.01780	0.02097	0.01609	0.02130	0.01913	0.06645	0.50547	0.02856	0.06266	0.01785	0.02005	0.01346	0.06121	0.00915	0.00245	0.00775	0.00684	0.04715	0.03150
27	0.01616	0.01304	0.01544	0.01213	0.01690	0.01210	0.00965	0.08462	0.07095	0.04916	0.04419	0.08302	0.01723	0.00861	0.00778	0.00171	0.07158	0.00680	0.00517	0.45376
28	0.02040	0.60700	0.05203	0.01272	0.01876	0.06171	0.01238	0.02289	0.01535	0.08252	0.01183	0.01289	0.00998	0.00641	0.00499	0.00161	0.00775	0.00421	0.00365	0.03091
29	0.01568	0.01261	0.01396	0.01238	0.01602	0.01350	0.00960	0.02874	0.41332	0.05364	0.19029	0.03402	0.06722	0.01086	0.00741	0.00225	0.00497	0.00921	0.00715	0.07717
30	0.01248	0.00884	0.01061	0.00986	0.01224	0.00859	0.00748	0.01813	0.12751	0.07420	0.40684	0.08282	0.16394	0.01433	0.00816	0.00232	0.00399	0.01242	0.00754	0.00766
31	0.08083	0.25357	0.05107	0.01528	0.02050	0.19390	0.04636	0.11579	0.01881	0.07911	0.01350	0.01505	0.01070	0.00961	0.04499	0.00241	0.00961	0.00513	0.00441	0.00939
32	0.00964	0.00811	0.00847	0.00822	0.01072	0.00738	0.00621	0.01365	0.09109	0.02152	0.14327	0.06206	0.55098	0.01669	0.00828	0.00239	0.00380	0.01400	0.00683	0.00668
33	0.01001	0.00722	0.00945	0.00901	0.01062	0.00667	0.00671	0.01325	0.01982	0.02802	0.66726	0.08904	0.06615	0.01496	0.00843	0.00227	0.00340	0.01326	0.00777	0.00667
34	0.02676	0.01945	0.02158	0.01772	0.05921	0.02131	0.01386	0.61820	0.03198	0.07185	0.01736	0.01743	0.01230	0.00844	0.00712	0.00214	0.00779	0.00644	0.00700	0.01206
35	0.02020	0.11960	0.02723	0.14133	0.10589	0.28010	0.12286	0.02351	0.01692	0.01898	0.01186	0.01540	0.00973	0.00710	0.00764	0.00208	0.05160	0.00568	0.00344	0.00885
36	0.00867	0.00722	0.00756	0.00748	0.00977	0.00612	0.00561	0.01071	0.01682	0.02065	0.16743	0.06621	0.60626	0.01751	0.00841	0.00238	0.00357	0.01470	0.00680	0.00612
37	0.01096	0.00880	0.00919	0.00942	0.01071	0.04703	0.00680	0.01242	0.01426	0.01777	0.06782	0.05836	0.21739	0.31604	0.01996	0.00439	0.00610	0.15145	0.00555	0.00559
38	0.01663	0.08105	0.03796	0.05435	0.03374	0.01822	0.52871	0.02193	0.01618	0.02208	0.01407	0.01857	0.01084	0.00633	0.00829	0.00228	0.03464	0.00766	0.03387	0.03259
39	0.02552	0.06485	0.02044	0.04135	0.02102	0.01908	0.01243	0.45327	0.02761	0.14758	0.01872	0.01983	0.01364	0.04850	0.00848	0.00236	0.00741	0.00658	0.03016	0.01118
40	0.00922	0.00663	0.00861	0.00980	0.01056	0.00622	0.00685	0.01082	0.01450	0.01931	0.10943	0.51038	0.08731	0.07738	0.01115	0.00314	0.00447	0.08180	0.00656	0.00586
41	0.07670	0.05747	0.60901	0.01955	0.02932	0.01693	0.05014	0.02239	0.01485	0.02312	0.01252	0.01481	0.00899	0.00670	0.00657	0.00223	0.01009	0.00523	0.00314	0.01022
42	0.02733	0.01952	0.02111	0.01618	0.02187	0.02145	0.01337	0.64628	0.03276	0.08120	0.01770	0.01749	0.01241	0.00856	0.00713	0.00214	0.00774	0.00645	0.00722	0.01211
43	0.64036	0.01389	0.01246	0.08421	0.01805	0.01600	0.00939	0.05558	0.01386	0.06549	0.01149	0.01326	0.00862	0.00687	0.00497	0.00222	0.00607	0.00441	0.00464	0.00818
44	0.02332	0.05754	0.05823	0.01520	0.02027	0.13183	0.01287	0.30177	0.08500	0.09956	0.02350	0.02412	0.08014	0.00945	0.00707	0.00215	0.00797	0.02331	0.00624	0.01044
45	0.07575	0.00866	0.01015	0.01053	0.01207	0.00879	0.00754	0.09739	0.01652	0.02367	0.07624	0.52388	0.03976	0.01831	0.00828	0.00266	0.00464	0.01621	0.03212	0.00684
46	0.07765	0.01682	0.02527	0.05571	0.48825	0.01756	0.01878	0.11006	0.07253	0.02714	0.01485	0.01786	0.01191	0.00695	0.00688	0.00216	0.00796	0.00630	0.00435	0.01102
47	0.02425	0.01608	0.01850	0.05469	0.02105	0.01698	0.01208	0.40760	0.02636	0.15555	0.02033	0.07161	0.01599	0.04498	0.00855	0.00238	0.00714	0.00757	0.00684	0.06147
48	0.01368	0.01150	0.01360	0.01043	0.01571	0.00883	0.00811	0.01650	0.01456	0.02230	0.01741	0.14528	0.01708	0.00832	0.00596	0.00138	0.00507	0.00708	0.00465	0.65256
49	0.01146	0.00763	0.01079	0.01085	0.01241	0.00697	0.04089	0.01334	0.01533	0.08672	0.10440	0.50735	0.10615	0.01902	0.00874	0.00269	0.00459	0.01717	0.00679	0.00670

[dist]
# distance from previous block
# <min> <max>
0	11

[block]
# block no. 3 follows, 29 sequences, length 35
# corresponding to MSA columns:
# 246-280
name=unknown_D
#
# <colnr> <probs for GDERKNQSTAVLIFYWHMCP>
#	G	D	E	R	K	N	Q	S	T	A	V	L	I	F	Y	W	H	M	C	P
0	0.01237	0.00618	0.00928	0.00928	0.00928	0.00618	0.00618	0.00928	0.00928	0.01237	0.01237	0.02165	0.01237	0.02474	0.02783	0.79283	0.00618	0.00618	0.00309	0.00309
1	0.01327	0.00664	0.00664	0.00664	0.00830	0.00664	0.00498	0.01659	0.01493	0.02655	0.02323	0.02655	0.01825	0.00830	0.00498	0.00166	0.00332	0.00664	0.78928	0.00664
2	0.01872	0.02080	0.02135	0.01859	0.01964	0.22087	0.01506	0.02035	0.01354	0.01722	0.00982	0.01480	0.00930	0.01100	0.01854	0.00275	0.53068	0.00576	0.00327	0.00792
3	0.01345	0.01266	0.02136	0.73264	0.04904	0.01582	0.01978	0.01819	0.01424	0.01819	0.01266	0.01898	0.00949	0.00712	0.00712	0.00237	0.00949	0.00633	0.00316	0.00791
4	0.00842	0.00721	0.00721	0.00721	0.00962	0.00601	0.00541	0.01022	0.01623	0.01924	0.07213	0.06853	0.70244	0.01803	0.00842	0.00240	0.00361	0.01503	0.00661	0.00601
5	0.00982	0.00668	0.00792	0.00845	0.00858	0.00655	0.00504	0.01022	0.01140	0.01520	0.02778	0.26862	0.03263	0.51853	0.02761	0.00563	0.00602	0.01350	0.00504	0.00478
6	0.01477	0.01266	0.01477	0.01055	0.01687	0.00949	0.00844	0.01793	0.01477	0.02320	0.01266	0.01477	0.01055	0.00527	0.00527	0.00105	0.00527	0.00422	0.00422	0.79328
7	0.00865	0.00722	0.00753	0.00746	0.00976	0.00611	0.00559	0.01067	0.01677	0.02053	0.15945	0.06640	0.61432	0.01755	0.00841	0.00238	0.00357	0.01473	0.00678	0.00611
8	0.01681	0.01921	0.04202	0.03001	0.03721	0.01801	0.67947	0.02281	0.01681	0.02281	0.01441	0.01921	0.01080	0.00600	0.00840	0.00240	0.01200	0.00840	0.00360	0.00960
9	0.14458	0.05041	0.01640	0.01218	0.01732	0.01207	0.01020	0.03079	0.01861	0.53288	0.02501	0.02498	0.01708	0.00898	0.00677	0.00223	0.00609	0.04471	0.00773	0.01098
10	0.01771	0.01530	0.01610	0.01449	0.01852	0.01771	0.01127	0.03784	0.69247	0.02979	0.02898	0.02657	0.02174	0.00966	0.00725	0.00242	0.00564	0.00805	0.00725	0.01127
11	0.01327	0.00664	0.00664	0.00664	0.00830	0.00664	0.00498	0.01659	0.01493	0.02655	0.02323	0.02655	0.01825	0.00830	0.00498	0.00166	0.00332	0.00664	0.78928	0.00664
12	0.10457	0.01379	0.01622	0.15025	0.02258	0.01564	0.01196	0.21132	0.08046	0.05021	0.07640	0.04050	0.01844	0.00917	0.00743	0.00222	0.03951	0.00720	0.11291	0.00918
13	0.00868	0.00620	0.00826	0.00991	0.01033	0.00578	0.00661	0.00991	0.01363	0.01818	0.03925	0.74510	0.04710	0.02231	0.00909	0.00289	0.00413	0.02024	0.00661	0.00578
14	0.02211	0.16733	0.05923	0.01822	0.06072	0.37257	0.01434	0.02703	0.11131	0.01960	0.01342	0.01502	0.01103	0.00764	0.00723	0.00197	0.05301	0.00515	0.00397	0.00911
15	0.01428	0.03683	0.71286	0.02030	0.03082	0.01654	0.02631	0.02255	0.01503	0.02255	0.01278	0.01503	0.00902	0.00677	0.00677	0.00226	0.01052	0.00526	0.00301	0.01052
16	0.01767	0.01723	0.02758	0.07395	0.61660	0.04537	0.02085	0.02178	0.01622	0.02278	0.01323	0.01737	0.01108	0.00638	0.00695	0.00207	0.00855	0.00618	0.00354	0.04463
17	0.03995	0.09559	0.60988	0.02008	0.05269	0.01751	0.02437	0.02237	0.01493	0.02239	0.01247	0.01471	0.00907	0.00669	0.00652	0.00219	0.01005	0.00513	0.00307	0.01034
18	0.00876	0.00626	0.00834	0.00986	0.01035	0.00584	0.00662	0.01013	0.01404	0.01883	0.08061	0.70189	0.04835	0.02182	0.00905	0.00285	0.00408	0.01978	0.00669	0.00584
19	0.01651	0.01604	0.02864	0.20818	0.16990	0.01702	0.23556	0.06245	0.04178	0.02326	0.01470	0.01920	0.01141	0.00715	0.00833	0.00232	0.05102	0.00710	0.04997	0.00945
20	0.05118	0.02258	0.25527	0.02019	0.12885	0.04682	0.01751	0.02679	0.12715	0.15799	0.02180	0.02202	0.05383	0.00825	0.00695	0.00224	0.00803	0.00674	0.00521	0.01059
21	0.01135	0.00899	0.01044	0.00996	0.01220	0.00899	0.00748	0.01801	0.17197	0.02597	0.35840	0.11662	0.18237	0.01488	0.00821	0.00238	0.00400	0.01292	0.00734	0.00752
22	0.01008	0.00728	0.00952	0.00896	0.01064	0.00672	0.00672	0.01344	0.02016	0.02855	0.70158	0.05319	0.06719	0.01456	0.00840	0.00224	0.00336	0.01288	0.00784	0.00672
23	0.02447	0.01884	0.02104	0.01653	0.02191	0.02090	0.04165	0.50498	0.18455	0.04045	0.01972	0.01937	0.01427	0.00869	0.00721	0.00221	0.00751	0.00687	0.00700	0.01181
24	0.01788	0.01687	0.02568	0.07271	0.51355	0.04987	0.01959	0.06305	0.03855	0.02410	0.01612	0.02328	0.01410	0.00786	0.00728	0.00223	0.00842	0.06413	0.00412	0.01059
25	0.00866	0.00625	0.00821	0.00979	0.01029	0.00579	0.00655	0.00993	0.01376	0.01823	0.04081	0.71298	0.07821	0.02211	0.00906	0.00287	0.00411	0.02000	0.00661	0.00579
26	0.01008	0.00728	0.00952	0.00896	0.01064	0.00672	0.00672	0.01344	0.02016	0.02855	0.70158	0.05319	0.06719	0.01456	0.00840	0.00224	0.00336	0.01288	0.00784	0.00672
27	0.04469	0.08436	0.06441	0.01771	0.10014	0.01241	0.10381	0.01706	0.01500	0.06098	0.04555	0.32875	0.02838	0.03311	0.00856	0.00258	0.00671	0.01248	0.00526	0.00804
28	0.01633	0.06008	0.03227	0.18567	0.21419	0.01811	0.27326	0.02104	0.01552	0.02115	0.01312	0.01802	0.01044	0.00681	0.00863	0.00232	0.06311	0.00698	0.00342	0.00952
29	0.01034	0.00695	0.00800	0.00800	0.00808	0.00703	0.00460	0.01050	0.01042	0.01398	0.02223	0.04543	0.02538	0.70627	0.07904	0.00719	0.00766	0.01018	0.00428	0.00444
30	0.01037	0.00750	0.00996	0.01020	0.01182	0.00709	0.00810	0.01354	0.01855	0.02553	0.44660	0.09831	0.07912	0.01662	0.00887	0.00259	0.00437	0.20692	0.00735	0.00660
31	0.02393	0.17837	0.02423	0.01929	0.09540	0.42119	0.01399	0.02712	0.05327	0.06128	0.01302	0.01448	0.01056	0.00718	0.00620	0.00185	0.01049	0.00495	0.00403	0.00916
32	0.02280	0.41576	0.02936	0.01543	0.05045	0.20536	0.01288	0.05066	0.01749	0.10160	0.01281	0.01383	0.01038	0.00685	0.00557	0.00174	0.00883	0.00463	0.00408	0.00948
33	0.04656	0.02019	0.10448	0.17507	0.39192	0.09730	0.02050	0.02192	0.01598	0.02182	0.01277	0.01683	0.01029	0.00667	0.00686	0.00215	0.00930	0.00592	0.00344	0.01004
34	0.09645	0.07803	0.03309	0.06578	0.05611	0.05037	0.38245	0.06382	0.01712	0.04652	0.01377	0.01738	0.01049	0.00665	0.00780	0.00227	0.03147	0.00698	0.00399	0.00947

[dist]
# distance from previous block
# <min> <max>
0	1

[block]
# block no. 4 follows, 29 sequences, length 20
# corresponding to MSA columns:
# 282-301
name=unknown_E
#
# <colnr> <probs for GDERKNQSTAVLIFYWHMCP>
#	G	D	E	R	K	N	Q	S	T	A	V	L	I	F	Y	W	H	M	C	P
0	0.01647	0.05872	0.17405	0.02897	0.34401	0.01697	0.01923	0.02457	0.15347	0.02387	0.01957	0.02144	0.05187	0.00776	0.00698	0.00219	0.00801	0.00682	0.00432	0.01070
1	0.01006	0.00745	0.00920	0.01015	0.01099	0.00743	0.00687	0.01352	0.09661	0.01935	0.05803	0.53834	0.04177	0.11981	0.01255	0.00336	0.00467	0.01715	0.00642	0.00629
2	0.18213	0.01709	0.05480	0.01442	0.01971	0.05224	0.04964	0.20847	0.02184	0.21995	0.07426	0.02070	0.01687	0.00842	0.00671	0.00218	0.00715	0.00659	0.00650	0.01035
3	0.03928	0.04176	0.02299	0.36929	0.12313	0.10374	0.04044	0.04813	0.03829	0.02065	0.01286	0.01746	0.01017	0.00758	0.00838	0.00230	0.07511	0.00608	0.00361	0.00875
4	0.01513	0.01298	0.01493	0.01103	0.01708	0.01050	0.00878	0.02037	0.09783	0.02401	0.01466	0.01621	0.01192	0.00581	0.00552	0.00122	0.00532	0.00469	0.00459	0.69743
5	0.00960	0.00735	0.00884	0.00878	0.01054	0.00672	0.00646	0.01270	0.04056	0.02406	0.37904	0.17179	0.25398	0.01673	0.00848	0.00240	0.00364	0.01459	0.00724	0.00650
6	0.01762	0.01692	0.02890	0.04371	0.70533	0.01692	0.02185	0.02185	0.01621	0.02326	0.01339	0.01762	0.01128	0.00634	0.00705	0.00211	0.00846	0.00634	0.00352	0.01128
7	0.01035	0.00694	0.00796	0.00796	0.00803	0.00701	0.00456	0.01048	0.01041	0.01395	0.02226	0.04561	0.02546	0.71267	0.07274	0.00715	0.00755	0.01021	0.00429	0.00442
8	0.03195	0.01212	0.01652	0.01267	0.01818	0.01047	0.01047	0.03470	0.02038	0.71026	0.02809	0.02424	0.01763	0.00881	0.00716	0.00220	0.00606	0.00716	0.00881	0.01212
9	0.01354	0.00806	0.01054	0.00947	0.01181	0.00729	0.00726	0.01673	0.01999	0.13873	0.56050	0.04926	0.09120	0.01380	0.00820	0.00224	0.00381	0.01206	0.00793	0.00756
10	0.80005	0.01377	0.01047	0.00936	0.01377	0.01597	0.00771	0.02093	0.01212	0.03195	0.00991	0.01157	0.00771	0.00661	0.00441	0.00220	0.00551	0.00386	0.00441	0.00771
11	0.01020	0.00752	0.01091	0.01091	0.01200	0.00861	0.00824	0.01237	0.01129	0.01614	0.01956	0.03068	0.01897	0.15440	0.62214	0.01079	0.01731	0.00802	0.00389	0.00606
12	0.02558	0.03241	0.02244	0.01956	0.02359	0.64820	0.08284	0.02785	0.01983	0.01799	0.01136	0.01350	0.00934	0.00720	0.00663	0.00189	0.01275	0.00498	0.00366	0.00839
13	0.01442	0.01320	0.02104	0.65164	0.04578	0.01626	0.01893	0.05391	0.05653	0.02029	0.01388	0.01935	0.01037	0.00735	0.00713	0.00236	0.00917	0.00644	0.00362	0.00833
14	0.01345	0.01266	0.02136	0.73264	0.04904	0.01582	0.01978	0.01819	0.01424	0.01819	0.01266	0.01898	0.00949	0.00712	0.00712	0.00237	0.00949	0.00633	0.00316	0.00791
15	0.80005	0.01377	0.01047	0.00936	0.01377	0.01597	0.00771	0.02093	0.01212	0.03195	0.00991	0.01157	0.00771	0.00661	0.00441	0.00220	0.00551	0.00386	0.00441	0.00771
16	0.01074	0.00815	0.00907	0.00885	0.01113	0.00755	0.00668	0.01447	0.07908	0.04794	0.15870	0.08769	0.40694	0.06240	0.01011	0.00272	0.00424	0.04998	0.00680	0.00676
17	0.01449	0.03562	0.67121	0.02172	0.07189	0.01656	0.02604	0.02251	0.01511	0.02259	0.01282	0.01519	0.00916	0.00674	0.00678	0.00225	0.01040	0.00533	0.00304	0.01057
18	0.01484	0.07558	0.61664	0.01935	0.02909	0.01729	0.02426	0.02375	0.07142	0.02283	0.01397	0.01579	0.01009	0.00697	0.00668	0.00223	0.00995	0.00541	0.00336	0.01051
19	0.01921	0.01720	0.07499	0.01592	0.04092	0.01725	0.01308	0.11186	0.46495	0.07468	0.02603	0.02626	0.01973	0.00954	0.00729	0.00238	0.00646	0.03425	0.00684	0.01117

[dist]
# distance from previous block
# <min> <max>
4	15

[block]
# block no. 5 follows, 29 sequences, length 80
# corresponding to MSA columns:
# 317-396
name=unknown_F
#
# <colnr> <probs for GDERKNQSTAVLIFYWHMCP>
#	G	D	E	R	K	N	Q	S	T	A	V	L	I	F	Y	W	H	M	C	P
0	0.06437	0.03901	0.07054	0.01289	0.01830	0.01359	0.01126	0.13354	0.07274	0.20366	0.11289	0.02350	0.02093	0.00855	0.00669	0.00197	0.00616	0.00687	0.00648	0.16605
1	0.00882	0.00636	0.00839	0.00996	0.01054	0.00593	0.00682	0.01020	0.01391	0.01840	0.04076	0.67547	0.07854	0.02196	0.00910	0.00289	0.00424	0.05529	0.00661	0.00584
2	0.00868	0.00620	0.00826	0.00991	0.01033	0.00578	0.00661	0.00991	0.01363	0.01818	0.03925	0.74510	0.04710	0.02231	0.00909	0.00289	0.00413	0.02024	0.00661	0.00578
3	0.05721	0.69029	0.03535	0.01229	0.01820	0.05438	0.01203	0.02158	0.01458	0.01752	0.00994	0.01148	0.00907	0.00617	0.00463	0.00157	0.00771	0.00384	0.00314	0.00903
4	0.01345	0.01266	0.02136	0.73264	0.04904	0.01582	0.01978	0.01819	0.01424	0.01819	0.01266	0.01898	0.00949	0.00712	0.00712	0.00237	0.00949	0.00633	0.00316	0.00791
5	0.04554	0.11092	0.02103	0.05280	0.04272	0.36108	0.01301	0.10854	0.04018	0.05259	0.01816	0.01919	0.06814	0.00831	0.00651	0.00196	0.00979	0.00594	0.00460	0.00898
6	0.01762	0.01692	0.02890	0.04371	0.70533	0.01692	0.02185	0.02185	0.01621	0.02326	0.01339	0.01762	0.01128	0.00634	0.00705	0.00211	0.00846	0.00634	0.00352	0.01128
7	0.01327	0.00664	0.00664	0.00664	0.00830	0.00664	0.00498	0.01659	0.01493	0.02655	0.02323	0.02655	0.01825	0.00830	0.00498	0.00166	0.00332	0.00664	0.78928	0.00664
8	0.01036	0.00690	0.00777	0.00777	0.00777	0.00690	0.00431	0.01036	0.01036	0.01381	0.02244	0.04660	0.02589	0.74975	0.03624	0.00690	0.00690	0.01036	0.00431	0.00431
9	0.12065	0.04554	0.29508	0.01663	0.02395	0.01849	0.01754	0.23945	0.07794	0.05509	0.01563	0.01645	0.01123	0.00762	0.00657	0.00220	0.00835	0.00572	0.00509	0.01076
10	0.01148	0.00856	0.01021	0.00958	0.01182	0.00829	0.00725	0.01694	0.11870	0.04667	0.43828	0.07507	0.18062	0.01460	0.00822	0.00232	0.00385	0.01266	0.00750	0.00738
11	0.01008	0.00728	0.00952	0.00896	0.01064	0.00672	0.00672	0.01344	0.02016	0.02855	0.70158	0.05319	0.06719	0.01456	0.00840	0.00224	0.00336	0.01288	0.00784	0.00672
12	0.06588	0.01219	0.01626	0.01252	0.01798	0.01071	0.01034	0.03409	0.02002	0.68030	0.02729	0.02368	0.01719	0.00872	0.00704	0.00220	0.00603	0.00701	0.00862	0.01192
13	0.07215	0.01449	0.01742	0.01359	0.01898	0.01435	0.01118	0.20309	0.07399	0.44767	0.02428	0.02185	0.01595	0.00869	0.00700	0.00220	0.00646	0.00685	0.00801	0.01181
14	0.14492	0.01220	0.01540	0.01206	0.01728	0.01116	0.00993	0.03196	0.01915	0.58743	0.04756	0.02331	0.01779	0.00868	0.00679	0.00220	0.00589	0.00686	0.00813	0.01129
15	0.01000	0.00728	0.00942	0.00888	0.01059	0.00669	0.00666	0.01330	0.01998	0.02814	0.67377	0.05387	0.09525	0.01471	0.00840	0.00225	0.00337	0.01297	0.00778	0.00669
16	0.01890	0.01923	0.02691	0.03838	0.56779	0.11647	0.02008	0.02374	0.05714	0.02283	0.01399	0.01748	0.01161	0.00668	0.00697	0.00209	0.00891	0.00620	0.00377	0.01085
17	0.14988	0.25129	0.22848	0.01526	0.02161	0.04645	0.01604	0.05841	0.01530	0.04324	0.01167	0.01370	0.00930	0.00731	0.00745	0.00209	0.08468	0.00477	0.00369	0.00939
18	0.01399	0.00822	0.01031	0.00924	0.01187	0.00728	0.00712	0.01682	0.01917	0.16159	0.40304	0.05145	0.22356	0.01433	0.00816	0.00228	0.00396	0.01230	0.00771	0.00761
19	0.01076	0.00747	0.00952	0.00890	0.01082	0.00678	0.00671	0.01390	0.01969	0.05495	0.59763	0.05389	0.14265	0.01475	0.00835	0.00226	0.00350	0.01291	0.00773	0.00685
20	0.02106	0.01808	0.06150	0.01670	0.07584	0.01676	0.01313	0.34733	0.02417	0.03391	0.01492	0.01617	0.01129	0.00707	0.00642	0.00175	0.00712	0.00554	0.00553	0.29572
21	0.01904	0.75404	0.03731	0.01218	0.01828	0.02818	0.01218	0.02132	0.01447	0.01675	0.00990	0.01142	0.00914	0.00609	0.00457	0.00152	0.00761	0.00381	0.00305	0.00914
22	0.02643	0.01903	0.02061	0.01588	0.02138	0.02089	0.01309	0.62417	0.03233	0.06981	0.05072	0.01912	0.01499	0.00885	0.00719	0.00214	0.00755	0.00675	0.00722	0.01185
23	0.01279	0.00891	0.01089	0.01008	0.01249	0.00862	0.00782	0.03905	0.08927	0.07405	0.43179	0.05124	0.14201	0.01429	0.00825	0.00235	0.00418	0.05671	0.00756	0.00763
24	0.01008	0.00728	0.00952	0.00896	0.01064	0.00672	0.00672	0.01344	0.02016	0.02855	0.70158	0.05319	0.06719	0.01456	0.00840	0.00224	0.00336	0.01288	0.00784	0.00672
25	0.01904	0.75404	0.03731	0.01218	0.01828	0.02818	0.01218	0.02132	0.01447	0.01675	0.00990	0.01142	0.00914	0.00609	0.00457	0.00152	0.00761	0.00381	0.00305	0.00914
26	0.00868	0.00620	0.00826	0.00991	0.01033	0.00578	0.00661	0.00991	0.01363	0.01818	0.03925	0.74510	0.04710	0.02231	0.00909	0.00289	0.00413	0.02024	0.00661	0.00578
27	0.01745	0.01645	0.02751	0.13986	0.58282	0.01699	0.02120	0.05009	0.01669	0.02349	0.01345	0.01779	0.01106	0.00655	0.00706	0.00215	0.00858	0.00635	0.00363	0.01084
28	0.02454	0.10293	0.02210	0.01555	0.02061	0.07513	0.01294	0.46920	0.05090	0.03686	0.01623	0.01691	0.01210	0.00837	0.00737	0.00207	0.03964	0.00604	0.04956	0.01096
29	0.01477	0.01266	0.01477	0.01055	0.01687	0.00949	0.00844	0.01793	0.01477	0.02320	0.01266	0.01477	0.01055	0.00527	0.00527	0.00105	0.00527	0.00422	0.00422	0.79328
30	0.01411	0.03564	0.68446	0.01984	0.03000	0.01614	0.02552	0.02218	0.01524	0.02279	0.04059	0.01657	0.01137	0.00708	0.00683	0.00225	0.01023	0.00557	0.00320	0.01037
31	0.00865	0.00630	0.00815	0.00963	0.01025	0.00581	0.00648	0.00995	0.01391	0.01829	0.04274	0.67326	0.11668	0.02185	0.00902	0.00284	0.00408	0.01969	0.00661	0.00581
32	0.02242	0.01484	0.01598	0.01287	0.01715	0.01604	0.01043	0.38606	0.06308	0.08410	0.02050	0.02117	0.01501	0.00855	0.00644	0.00200	0.00613	0.00663	0.26031	0.01029
33	0.00975	0.00727	0.00906	0.00861	0.01044	0.00658	0.00646	0.01280	0.01938	0.02672	0.57770	0.05621	0.19221	0.01524	0.00840	0.00227	0.00341	0.01330	0.00760	0.00658
34	0.00868	0.00620	0.00826	0.00991	0.01033	0.00578	0.00661	0.00991	0.01363	0.01818	0.03925	0.74510	0.04710	0.02231	0.00909	0.00289	0.00413	0.02024	0.00661	0.00578
35	0.00978	0.00727	0.00910	0.00864	0.01045	0.00659	0.00648	0.01286	0.01945	0.02688	0.58838	0.05595	0.18143	0.01518	0.00840	0.00227	0.00340	0.01326	0.00762	0.00659
36	0.01428	0.03683	0.71286	0.02030	0.03082	0.01654	0.02631	0.02255	0.01503	0.02255	0.01278	0.01503	0.00902	0.00677	0.00677	0.00226	0.01052	0.00526	0.00301	0.01052
37	0.00898	0.00643	0.00854	0.00970	0.01040	0.00599	0.00663	0.01069	0.01506	0.02045	0.18458	0.59328	0.05150	0.02061	0.00894	0.00275	0.00396	0.01863	0.00688	0.00599
38	0.00868	0.00620	0.00826	0.00991	0.01033	0.00578	0.00661	0.00991	0.01363	0.01818	0.03925	0.74510	0.04710	0.02231	0.00909	0.00289	0.00413	0.02024	0.00661	0.00578
39	0.01477	0.01266	0.01477	0.01055	0.01687	0.00949	0.00844	0.01793	0.01477	0.02320	0.01266	0.01477	0.01055	0.00527	0.00527	0.00105	0.00527	0.00422	0.00422	0.79328
40	0.00871	0.00639	0.00818	0.00949	0.01024	0.00586	0.00645	0.01013	0.01431	0.01883	0.07596	0.61705	0.13960	0.02134	0.00896	0.00279	0.00402	0.01916	0.00667	0.00586
41	0.02732	0.01955	0.02112	0.01620	0.02188	0.02149	0.01338	0.64882	0.03282	0.07859	0.01765	0.01746	0.01239	0.00856	0.00713	0.00214	0.00775	0.00645	0.00721	0.01211
42	0.48382	0.01329	0.01461	0.26452	0.02643	0.01564	0.01210	0.02066	0.01328	0.06147	0.01180	0.01482	0.00884	0.00690	0.00550	0.00226	0.00694	0.00489	0.00419	0.00800
43	0.00948	0.00711	0.00879	0.00869	0.01035	0.00642	0.00640	0.01217	0.01829	0.02486	0.45778	0.15683	0.21369	0.01650	0.00850	0.00237	0.00353	0.01445	0.00737	0.00642
44	0.01525	0.01298	0.01502	0.01089	0.01710	0.01022	0.00871	0.03810	0.04485	0.02412	0.01350	0.01535	0.01108	0.00556	0.00541	0.00115	0.00536	0.00445	0.00444	0.73648
45	0.02367	0.12644	0.02399	0.02062	0.12977	0.29516	0.01451	0.19734	0.02199	0.02575	0.01291	0.01461	0.01034	0.00722	0.00639	0.00188	0.00974	0.00522	0.00449	0.04794
46	0.57769	0.04237	0.09066	0.05368	0.07532	0.01653	0.01176	0.02105	0.01298	0.02890	0.01067	0.01286	0.00830	0.00662	0.00504	0.00219	0.00660	0.00435	0.00406	0.00838
47	0.02465	0.01919	0.04789	0.01591	0.02135	0.02025	0.01336	0.51942	0.12298	0.06025	0.01979	0.04815	0.01491	0.00920	0.00721	0.00221	0.00744	0.00718	0.00700	0.01167
48	0.01351	0.00854	0.01077	0.03032	0.01331	0.00801	0.00779	0.04692	0.01571	0.11559	0.03696	0.34831	0.12882	0.08344	0.03196	0.00320	0.00548	0.03435	0.00642	0.05059
49	0.00966	0.00720	0.00898	0.00867	0.01042	0.00652	0.00645	0.01258	0.01897	0.02605	0.53478	0.09940	0.19258	0.01573	0.00844	0.00231	0.00346	0.01377	0.00752	0.00652
50	0.06076	0.00942	0.01195	0.01032	0.01340	0.00880	0.00809	0.02125	0.04620	0.23526	0.43285	0.04107	0.04710	0.01218	0.00776	0.00223	0.00439	0.01046	0.00792	0.00859
51	0.28524	0.01266	0.01453	0.01158	0.01672	0.01228	0.00956	0.03016	0.01766	0.48658	0.02210	0.02006	0.01436	0.00809	0.00625	0.00220	0.00588	0.00607	0.00736	0.01067
52	0.01001	0.00728	0.00943	0.00889	0.01060	0.00669	0.00667	0.01331	0.02000	0.02819	0.67684	0.05379	0.09216	0.01469	0.00840	0.00225	0.00337	0.01296	0.00779	0.00669
53	0.02674	0.01978	0.02119	0.01632	0.02196	0.02193	0.01346	0.65910	0.05650	0.04435	0.01751	0.01743	0.01245	0.00859	0.00713	0.00215	0.00776	0.00647	0.00713	0.01208
54	0.01001	0.00728	0.00942	0.00889	0.01060	0.00669	0.00667	0.01331	0.02000	0.02818	0.67597	0.05381	0.09303	0.01470	0.00840	0.00225	0.00337	0.01297	0.00779	0.00669
55	0.00872	0.00623	0.00830	0.00988	0.01034	0.00581	0.00661	0.01003	0.01385	0.01852	0.06097	0.72241	0.04775	0.02205	0.00907	0.00287	0.00411	0.02000	0.00665	0.00581
56	0.01585	0.01330	0.01535	0.01106	0.01733	0.01060	0.00888	0.07620	0.01641	0.02511	0.01305	0.01497	0.01068	0.00556	0.00544	0.00115	0.00550	0.00441	0.00447	0.72469
57	0.01671	0.01593	0.02404	0.26116	0.03246	0.05121	0.14223	0.11258	0.01712	0.02283	0.01436	0.04621	0.01194	0.01042	0.04086	0.00278	0.11754	0.00712	0.00404	0.04847
58	0.02241	0.02487	0.04868	0.12821	0.15371	0.35909	0.01625	0.02651	0.05706	0.07580	0.01419	0.01645	0.01102	0.00735	0.00676	0.00205	0.01047	0.00561	0.00416	0.00935
59	0.00891	0.00637	0.00851	0.01002	0.01057	0.00597	0.00686	0.01039	0.01420	0.01901	0.08204	0.66663	0.04809	0.02167	0.00908	0.00287	0.00420	0.05205	0.00669	0.00588
60	0.00993	0.00727	0.00932	0.00881	0.01055	0.00666	0.00661	0.01316	0.01982	0.02775	0.64708	0.05452	0.12219	0.01486	0.00840	0.00225	0.00338	0.01306	0.00773	0.00666
61	0.02376	0.01866	0.01941	0.01579	0.02075	0.04841	0.01284	0.45170	0.20251	0.03856	0.02107	0.02288	0.01608	0.00940	0.00728	0.00226	0.00740	0.04282	0.00698	0.01143
62	0.01829	0.01428	0.01554	0.01382	0.01777	0.01606	0.01078	0.03534	0.57099	0.09070	0.09013	0.02878	0.02551	0.01003	0.00734	0.00238	0.00547	0.00841	0.00744	0.01093
63	0.01762	0.01692	0.02890	0.04371	0.70533	0.01692	0.02185	0.02185	0.01621	0.02326	0.01339	0.01762	0.01128	0.00634	0.00705	0.00211	0.00846	0.00634	0.00352	0.01128
64	0.01477	0.01266	0.01477	0.01055	0.01687	0.00949	0.00844	0.01793	0.01477	0.02320	0.01266	0.01477	0.01055	0.00527	0.00527	0.00105	0.00527	0.00422	0.00422	0.79328
65	0.01458	0.01381	0.02340	0.54658	0.22628	0.01612	0.02034	0.01918	0.01477	0.01956	0.01286	0.01862	0.00997	0.00691	0.00710	0.00230	0.00921	0.00633	0.00326	0.00882
66	0.00868	0.00620	0.00826	0.00991	0.01033	0.00578	0.00661	0.00991	0.01363	0.01818	0.03925	0.74510	0.04710	0.02231	0.00909	0.00289	0.00413	0.02024	0.00661	0.00578
