[name]
unknown

[dist]
# distance from previous block
# <min> <max>
5	28

[block]
# block no. 0 follows, 30 sequences, length 28
# corresponding to MSA columns:
# 30-57
name=unknown_A
#
# <colnr> <probs for GDERKNQSTAVLIFYWHMCP>
#	G	D	E	R	K	N	Q	S	T	A	V	L	I	F	Y	W	H	M	C	P
0	0.07232	0.01359	0.01534	0.06485	0.01829	0.08023	0.03901	0.01979	0.12798	0.02178	0.06177	0.18463	0.05393	0.01204	0.00927	0.00235	0.10305	0.00979	0.00517	0.08482
1	0.01889	0.01553	0.01763	0.04848	0.06015	0.11309	0.02992	0.10655	0.01757	0.12045	0.02138	0.15993	0.03850	0.03183	0.01063	0.00246	0.12741	0.00900	0.00531	0.04528
2	0.01706	0.01656	0.01936	0.02068	0.17227	0.10388	0.04236	0.05056	0.19894	0.02368	0.02366	0.05170	0.08602	0.00926	0.00784	0.00213	0.04699	0.00770	0.00507	0.09428
3	0.01745	0.01686	0.02009	0.02419	0.27926	0.12337	0.01424	0.06905	0.05187	0.02405	0.09504	0.06428	0.01958	0.00837	0.00680	0.00193	0.00741	0.00723	0.00470	0.14423
4	0.01685	0.01310	0.01490	0.01236	0.01649	0.01315	0.00973	0.16843	0.13618	0.05260	0.02514	0.14330	0.07002	0.01075	0.00761	0.00203	0.03849	0.00884	0.00595	0.23409
5	0.01886	0.01396	0.01752	0.01506	0.05968	0.01364	0.04844	0.12313	0.17535	0.12314	0.05435	0.02471	0.06789	0.00854	0.00677	0.00194	0.00608	0.00722	0.00611	0.20761
6	0.02505	0.02016	0.01853	0.01523	0.01991	0.17389	0.01215	0.31698	0.13083	0.13069	0.01907	0.01871	0.01375	0.00831	0.00676	0.00206	0.00797	0.00625	0.04304	0.01066
7	0.00941	0.00677	0.00839	0.00907	0.00985	0.00626	0.00592	0.01043	0.01259	0.01697	0.03274	0.47214	0.05717	0.23242	0.01631	0.00382	0.00490	0.01573	0.00566	0.06346
8	0.01583	0.01332	0.01575	0.04591	0.01869	0.01142	0.00961	0.09525	0.01645	0.02477	0.01280	0.01496	0.01043	0.00586	0.00605	0.00128	0.02980	0.00455	0.00438	0.64290
9	0.01923	0.63794	0.06412	0.01262	0.01846	0.02555	0.01258	0.02172	0.01447	0.06811	0.01111	0.01246	0.00957	0.00649	0.00561	0.00165	0.04161	0.00415	0.00340	0.00917
10	0.01038	0.00753	0.00897	0.00917	0.01034	0.00727	0.00631	0.06025	0.01541	0.02048	0.14182	0.32773	0.13653	0.18794	0.01470	0.00352	0.00475	0.01476	0.00618	0.00597
11	0.00913	0.00674	0.00751	0.00783	0.00877	0.00623	0.00507	0.01001	0.01289	0.01632	0.04302	0.19439	0.27828	0.33975	0.02026	0.00437	0.00505	0.01375	0.00550	0.00512
12	0.00916	0.00635	0.00790	0.00888	0.00912	0.00611	0.00558	0.00989	0.01208	0.01610	0.03188	0.46877	0.03785	0.31462	0.01954	0.00440	0.00513	0.01597	0.00558	0.00509
13	0.02170	0.01441	0.01620	0.01383	0.01826	0.01568	0.01096	0.07514	0.47415	0.21699	0.02747	0.02486	0.01964	0.00918	0.00707	0.00229	0.00576	0.00756	0.00751	0.01132
14	0.03053	0.01205	0.01617	0.01252	0.01783	0.01065	0.01030	0.03418	0.05806	0.67751	0.02758	0.02388	0.01750	0.00868	0.00702	0.00217	0.00591	0.00707	0.00855	0.01183
15	0.00919	0.00653	0.00800	0.00865	0.00928	0.00617	0.00565	0.01034	0.01341	0.01786	0.12411	0.36323	0.10734	0.25762	0.01736	0.00398	0.00478	0.01525	0.00591	0.00534
16	0.02653	0.01955	0.02094	0.01606	0.02164	0.02164	0.01326	0.68796	0.03281	0.04398	0.01675	0.01675	0.01187	0.00838	0.00698	0.00209	0.00768	0.00628	0.00698	0.01187
17	0.00901	0.00649	0.00834	0.00912	0.00995	0.00603	0.00625	0.01074	0.01503	0.02036	0.22648	0.45460	0.08930	0.08124	0.01092	0.00296	0.00403	0.01670	0.00663	0.00582
18	0.01009	0.00644	0.00758	0.00821	0.00870	0.00628	0.00524	0.01123	0.01232	0.01776	0.02861	0.31792	0.03199	0.31502	0.01883	0.00418	0.00498	0.01320	0.16616	0.00526
19	0.01155	0.00852	0.00882	0.00866	0.00964	0.04978	0.00572	0.01270	0.01320	0.03649	0.10213	0.09288	0.09563	0.39939	0.05420	0.00496	0.00648	0.01073	0.06306	0.00545
20	0.00885	0.00630	0.00791	0.00905	0.00951	0.00593	0.00589	0.00983	0.01283	0.01693	0.03711	0.54290	0.08955	0.18566	0.01482	0.00368	0.00462	0.01730	0.00597	0.00536
21	0.01008	0.00679	0.00800	0.00798	0.00847	0.00667	0.00498	0.01030	0.01141	0.01502	0.06197	0.04520	0.12445	0.48487	0.07058	0.09704	0.00675	0.01031	0.00456	0.00457
22	0.02408	0.01826	0.01958	0.01535	0.02068	0.02008	0.01254	0.52591	0.15436	0.03992	0.01863	0.01832	0.01351	0.00838	0.00689	0.00208	0.00712	0.00644	0.00682	0.06105
23	0.02491	0.01791	0.01951	0.01523	0.02021	0.01988	0.01253	0.55770	0.05436	0.06945	0.01775	0.01801	0.01277	0.00858	0.00753	0.00211	0.03924	0.00638	0.06470	0.01126
24	0.02191	0.01707	0.01889	0.01553	0.04619	0.01805	0.01211	0.39871	0.15446	0.03592	0.01791	0.01805	0.01330	0.00783	0.00662	0.00192	0.00677	0.00613	0.00627	0.17635
25	0.01902	0.01774	0.02197	0.07446	0.28391	0.09667	0.01562	0.13871	0.05137	0.02581	0.01402	0.01655	0.01118	0.00669	0.00649	0.00185	0.00794	0.00566	0.00438	0.17996
26	0.01888	0.01619	0.01823	0.05025	0.10085	0.08369	0.01209	0.13891	0.05091	0.06159	0.01489	0.01751	0.01194	0.03650	0.00803	0.00191	0.03828	0.00554	0.00479	0.30900
27	0.01632	0.01531	0.01598	0.04928	0.04910	0.11998	0.01127	0.08553	0.11296	0.02263	0.02062	0.17401	0.01987	0.01412	0.06127	0.00285	0.06810	0.00887	0.00505	0.12687

[dist]
# distance from previous block
# <min> <max>
5	33

[block]
# block no. 1 follows, 30 sequences, length 8
# corresponding to MSA columns:
# 91-98
name=unknown_B
#
# <colnr> <probs for GDERKNQSTAVLIFYWHMCP>
#	G	D	E	R	K	N	Q	S	T	A	V	L	I	F	Y	W	H	M	C	P
0	0.02232	0.05685	0.01905	0.01628	0.01959	0.45198	0.01247	0.05499	0.11596	0.01969	0.01435	0.01724	0.01213	0.05191	0.03604	0.00259	0.05837	0.00556	0.00422	0.00839
1	0.01427	0.01293	0.01488	0.07059	0.01864	0.05159	0.00969	0.01707	0.01434	0.02095	0.01565	0.11490	0.01497	0.00816	0.00704	0.00156	0.05359	0.00659	0.00427	0.52830
2	0.01318	0.01240	0.02093	0.73798	0.04806	0.01550	0.01938	0.01783	0.01395	0.01783	0.01240	0.01860	0.00930	0.00698	0.00698	0.00233	0.00930	0.00620	0.00310	0.00775
3	0.01374	0.01297	0.02194	0.64336	0.13834	0.01565	0.01966	0.01832	0.01422	0.01851	0.01250	0.01842	0.00954	0.00687	0.00697	0.00229	0.00916	0.00620	0.00315	0.00820
4	0.01060	0.00776	0.01008	0.14173	0.01518	0.00830	0.00714	0.01153	0.01104	0.01458	0.02122	0.08325	0.02368	0.57330	0.02867	0.00571	0.00707	0.01001	0.00416	0.00496
5	0.01331	0.01008	0.01173	0.01070	0.01341	0.00973	0.00804	0.15659	0.01878	0.02546	0.11540	0.32010	0.12191	0.01524	0.00782	0.00229	0.00482	0.01326	0.00641	0.11491
6	0.04223	0.01502	0.02341	0.14035	0.43693	0.01571	0.01802	0.02223	0.10637	0.02298	0.01781	0.02086	0.04705	0.00731	0.00687	0.00213	0.00764	0.00672	0.00409	0.03628
7	0.01365	0.00985	0.01048	0.01016	0.01260	0.05132	0.00781	0.01690	0.06442	0.11257	0.07228	0.13875	0.28897	0.05764	0.00970	0.00272	0.00517	0.10130	0.00655	0.00716

[dist]
# distance from previous block
# <min> <max>
6	27

[block]
# block no. 2 follows, 30 sequences, length 115
# corresponding to MSA columns:
# 127-241
name=unknown_C
#
# <colnr> <probs for GDERKNQSTAVLIFYWHMCP>
#	G	D	E	R	K	N	Q	S	T	A	V	L	I	F	Y	W	H	M	C	P
0	0.01878	0.01696	0.01987	0.19101	0.02681	0.10559	0.03915	0.13187	0.05809	0.05763	0.01422	0.01702	0.01100	0.00779	0.00875	0.00207	0.10674	0.00582	0.00451	0.15631
1	0.01015	0.00677	0.00761	0.00761	0.00761	0.00677	0.00423	0.01015	0.01015	0.01353	0.02199	0.04567	0.02537	0.75476	0.03552	0.00677	0.00677	0.01015	0.00423	0.00423
2	0.02580	0.01333	0.01647	0.01257	0.01810	0.01215	0.01028	0.12826	0.06048	0.41125	0.02239	0.02065	0.01506	0.00783	0.00658	0.00190	0.00599	0.00628	0.00724	0.19738
3	0.02260	0.02134	0.01849	0.01580	0.02017	0.20935	0.01240	0.24040	0.30567	0.03061	0.01999	0.01949	0.01501	0.00851	0.00685	0.00213	0.00810	0.00647	0.00612	0.01051
4	0.01502	0.01239	0.01453	0.01040	0.01658	0.00933	0.00833	0.01810	0.01465	0.04522	0.01289	0.01477	0.01056	0.00528	0.00523	0.00107	0.00519	0.00423	0.00428	0.77194
5	0.01642	0.01866	0.04027	0.02890	0.03564	0.01782	0.65511	0.02210	0.01621	0.02210	0.01389	0.01866	0.01052	0.00617	0.00891	0.00239	0.04527	0.00814	0.00351	0.00933
6	0.02709	0.01864	0.02038	0.01562	0.02119	0.02029	0.01291	0.61031	0.03129	0.12378	0.01803	0.01758	0.01251	0.00841	0.00699	0.00210	0.00747	0.00637	0.00718	0.01187
7	0.00850	0.00607	0.00810	0.00972	0.01012	0.00567	0.00648	0.00972	0.01336	0.01781	0.03846	0.75020	0.04615	0.02186	0.00891	0.00283	0.00405	0.01984	0.00648	0.00567
8	0.02618	0.01937	0.02075	0.01599	0.02151	0.02148	0.01318	0.66346	0.05787	0.04342	0.01719	0.01710	0.01222	0.00842	0.00699	0.00210	0.00760	0.00634	0.00699	0.01184
9	0.01775	0.61808	0.16948	0.01349	0.02031	0.02539	0.01464	0.02113	0.01429	0.01753	0.01025	0.01188	0.00893	0.00610	0.00490	0.00163	0.00802	0.00401	0.00298	0.00922
10	0.01212	0.00606	0.00909	0.00909	0.00909	0.00606	0.00606	0.00909	0.00909	0.01212	0.01212	0.02121	0.01212	0.02424	0.02727	0.79697	0.00606	0.00606	0.00303	0.00303
11	0.00850	0.00607	0.00810	0.00972	0.01012	0.00567	0.00648	0.00972	0.01336	0.01781	0.03846	0.75020	0.04615	0.02186	0.00891	0.00283	0.00405	0.01984	0.00648	0.00567
12	0.01639	0.01853	0.11768	0.18503	0.40721	0.01662	0.06020	0.05413	0.01621	0.02269	0.01313	0.01729	0.01041	0.00652	0.00697	0.00216	0.00894	0.00620	0.00349	0.01020
13	0.01608	0.01345	0.01558	0.01139	0.01727	0.01137	0.00919	0.10547	0.01673	0.02530	0.01285	0.01480	0.01049	0.00585	0.00607	0.00125	0.03323	0.00449	0.00447	0.66466
14	0.01318	0.01240	0.02093	0.73798	0.04806	0.01550	0.01938	0.01783	0.01395	0.01783	0.01240	0.01860	0.00930	0.00698	0.00698	0.00233	0.00930	0.00620	0.00310	0.00775
15	0.00873	0.00624	0.00836	0.00998	0.01048	0.00587	0.00688	0.01011	0.01359	0.01807	0.03834	0.69422	0.04565	0.02165	0.00897	0.00287	0.00425	0.07356	0.00647	0.00573
16	0.01482	0.01216	0.01455	0.03799	0.01755	0.00944	0.00870	0.01790	0.01461	0.04776	0.01389	0.04142	0.01184	0.00596	0.00544	0.00119	0.00531	0.00488	0.00434	0.71023
17	0.02622	0.01987	0.05552	0.01601	0.02182	0.02062	0.01369	0.61143	0.03106	0.08731	0.01725	0.01712	0.01207	0.00831	0.00697	0.00210	0.00770	0.00627	0.00689	0.01179
18	0.01808	0.65744	0.09021	0.01295	0.01892	0.02633	0.01324	0.02075	0.01402	0.01689	0.00990	0.01172	0.00896	0.00639	0.00573	0.00164	0.05086	0.00398	0.00299	0.00899
19	0.02606	0.01940	0.02131	0.01739	0.05613	0.02139	0.01367	0.65463	0.03196	0.04292	0.01657	0.01678	0.01183	0.00827	0.00698	0.00209	0.00771	0.00628	0.00680	0.01183
20	0.00987	0.00665	0.00769	0.00797	0.00804	0.00658	0.00461	0.01007	0.01069	0.01426	0.02479	0.16549	0.02890	0.63011	0.03099	0.00610	0.00630	0.01180	0.00461	0.00447
21	0.05843	0.01208	0.01575	0.01220	0.01738	0.01088	0.01005	0.06808	0.02011	0.62004	0.02606	0.02303	0.01666	0.00852	0.00681	0.00213	0.00588	0.00683	0.04764	0.01145
22	0.02535	0.01653	0.01854	0.01465	0.01964	0.01768	0.01192	0.45564	0.07025	0.17694	0.02156	0.08259	0.01654	0.00967	0.00716	0.00219	0.00688	0.00771	0.00728	0.01128
23	0.01212	0.00606	0.00909	0.00909	0.00909	0.00606	0.00606	0.00909	0.00909	0.01212	0.01212	0.02121	0.01212	0.02424	0.02727	0.79697	0.00606	0.00606	0.00303	0.00303
24	0.80405	0.01350	0.01026	0.00918	0.01350	0.01565	0.00756	0.02051	0.01188	0.03131	0.00972	0.01134	0.00756	0.00648	0.00432	0.00216	0.00540	0.00378	0.00432	0.00756
25	0.01057	0.00786	0.00993	0.00928	0.01114	0.00759	0.00700	0.01539	0.08291	0.02810	0.64437	0.04970	0.06170	0.01382	0.00813	0.00221	0.00350	0.01218	0.00763	0.00700
26	0.01656	0.01584	0.02675	0.07160	0.64053	0.01590	0.02038	0.02059	0.01580	0.02235	0.01648	0.02026	0.05196	0.00692	0.00699	0.00210	0.00806	0.00672	0.00362	0.01060
27	0.01531	0.01238	0.01456	0.01044	0.01660	0.00935	0.00837	0.01839	0.01475	0.05741	0.01316	0.01493	0.01068	0.00534	0.00526	0.00109	0.00521	0.00428	0.00436	0.75813
28	0.80405	0.01350	0.01026	0.00918	0.01350	0.01565	0.00756	0.02051	0.01188	0.03131	0.00972	0.01134	0.00756	0.00648	0.00432	0.00216	0.00540	0.00378	0.00432	0.00756
29	0.01736	0.01499	0.01578	0.01420	0.01815	0.01736	0.01105	0.03708	0.69862	0.02919	0.02840	0.02604	0.02130	0.00947	0.00710	0.00237	0.00552	0.00789	0.00710	0.01105
30	0.01727	0.01658	0.02832	0.04283	0.71123	0.01658	0.02142	0.02142	0.01589	0.02280	0.01313	0.01727	0.01105	0.00622	0.00691	0.00207	0.00829	0.00622	0.00345	0.01105
31	0.02607	0.03326	0.01978	0.01798	0.02157	0.72674	0.01348	0.02787	0.01978	0.01708	0.01079	0.01258	0.00899	0.00719	0.00629	0.00180	0.01258	0.00449	0.00360	0.00809
32	0.00966	0.00707	0.00907	0.00870	0.01033	0.00647	0.00647	0.01271	0.01907	0.02665	0.61662	0.09437	0.11674	0.01499	0.00827	0.00225	0.00336	0.01322	0.00751	0.00647
33	0.01681	0.01710	0.02175	0.01847	0.01926	0.08033	0.03319	0.05403	0.01280	0.01843	0.00984	0.01522	0.00933	0.01141	0.02026	0.00288	0.62157	0.00604	0.00332	0.00795
34	0.02607	0.03326	0.01978	0.01798	0.02157	0.72674	0.01348	0.02787	0.01978	0.01708	0.01079	0.01258	0.00899	0.00719	0.00629	0.00180	0.01258	0.00449	0.00360	0.00809
35	0.00850	0.00607	0.00810	0.00972	0.01012	0.00567	0.00648	0.00972	0.01336	0.01781	0.03846	0.75020	0.04615	0.02186	0.00891	0.00283	0.00405	0.01984	0.00648	0.00567
36	0.01212	0.00606	0.00909	0.00909	0.00909	0.00606	0.00606	0.00909	0.00909	0.01212	0.01212	0.02121	0.01212	0.02424	0.02727	0.79697	0.00606	0.00606	0.00303	0.00303
37	0.00849	0.00612	0.00805	0.00960	0.01009	0.00568	0.00643	0.00973	0.01347	0.01786	0.03989	0.71987	0.07556	0.02168	0.00888	0.00281	0.00403	0.01961	0.00648	0.00568
38	0.01400	0.03610	0.71860	0.01989	0.03020	0.01621	0.02578	0.02210	0.01473	0.02210	0.01252	0.01473	0.00884	0.00663	0.00663	0.00221	0.01031	0.00516	0.00295	0.01031
39	0.00850	0.00628	0.00796	0.00923	0.01001	0.00574	0.00628	0.00988	0.01400	0.01831	0.06498	0.60945	0.16208	0.02090	0.00877	0.00273	0.00394	0.01872	0.00652	0.00574
40	0.02635	0.01811	0.01995	0.01541	0.02079	0.01973	0.01271	0.58144	0.03035	0.12139	0.01810	0.01805	0.01275	0.01036	0.03896	0.00251	0.00796	0.00642	0.00703	0.01162
41	0.01537	0.16974	0.45595	0.02026	0.02911	0.01865	0.15309	0.02192	0.01497	0.02107	0.01230	0.01487	0.00921	0.00636	0.00654	0.00210	0.01006	0.00549	0.00307	0.00988
42	0.80405	0.01350	0.01026	0.00918	0.01350	0.01565	0.00756	0.02051	0.01188	0.03131	0.00972	0.01134	0.00756	0.00648	0.00432	0.00216	0.00540	0.00378	0.00432	0.00756
43	0.01400	0.03610	0.71860	0.01989	0.03020	0.01621	0.02578	0.02210	0.01473	0.02210	0.01252	0.01473	0.00884	0.00663	0.00663	0.00221	0.01031	0.00516	0.00295	0.01031
44	0.01803	0.01533	0.01616	0.01434	0.01840	0.01767	0.01121	0.08518	0.64942	0.03028	0.02754	0.02535	0.02060	0.00939	0.00709	0.00235	0.00568	0.00777	0.00709	0.01111
45	0.02187	0.01578	0.01712	0.01384	0.01803	0.01723	0.01105	0.49512	0.02716	0.03693	0.02058	0.12029	0.01795	0.05803	0.00890	0.00246	0.00675	0.00841	0.07242	0.01008
46	0.00848	0.00616	0.00801	0.00950	0.01006	0.00569	0.00638	0.00974	0.01357	0.01790	0.04113	0.69357	0.10106	0.02152	0.00885	0.00279	0.00401	0.01941	0.00648	0.00569
47	0.02713	0.08306	0.01733	0.01200	0.01697	0.01172	0.01001	0.03040	0.04140	0.54595	0.10565	0.02595	0.02231	0.00907	0.00692	0.00211	0.00576	0.00739	0.00793	0.01095
48	0.01866	0.75896	0.03657	0.01194	0.01791	0.02761	0.01194	0.02090	0.01418	0.01642	0.00970	0.01119	0.00896	0.00597	0.00448	0.00149	0.00746	0.00373	0.00299	0.00896
49	0.02561	0.02020	0.05469	0.01618	0.02194	0.02123	0.01380	0.63378	0.05424	0.04242	0.01694	0.01697	0.01204	0.00833	0.00697	0.00211	0.00773	0.00628	0.00679	0.01176
50	0.01610	0.03702	0.01468	0.01252	0.01599	0.05627	0.00974	0.08198	0.37015	0.02709	0.11855	0.03422	0.12976	0.03462	0.00818	0.00240	0.00563	0.00914	0.00665	0.00931
51	0.01447	0.01240	0.01447	0.01034	0.01654	0.00930	0.00827	0.01757	0.01447	0.02274	0.01240	0.01447	0.01034	0.00517	0.00517	0.00103	0.00517	0.00413	0.00413	0.79742
52	0.01447	0.01240	0.01447	0.01034	0.01654	0.00930	0.00827	0.01757	0.01447	0.02274	0.01240	0.01447	0.01034	0.00517	0.00517	0.00103	0.00517	0.00413	0.00413	0.79742
53	0.00927	0.00701	0.00856	0.00839	0.01011	0.00629	0.00621	0.01192	0.01801	0.02435	0.45846	0.12658	0.24732	0.01600	0.00830	0.00231	0.00344	0.01395	0.00722	0.00629
54	0.01318	0.01240	0.02093	0.73798	0.04806	0.01550	0.01938	0.01783	0.01395	0.01783	0.01240	0.01860	0.00930	0.00698	0.00698	0.00233	0.00930	0.00620	0.00310	0.00775
55	0.01725	0.01541	0.01546	0.01397	0.01780	0.05118	0.01083	0.03504	0.62548	0.02799	0.03003	0.02780	0.06109	0.00984	0.00713	0.00234	0.00575	0.00813	0.00689	0.01060
56	0.00966	0.00697	0.00913	0.00893	0.01038	0.00644	0.00657	0.01263	0.01875	0.02638	0.60223	0.16201	0.06274	0.01546	0.00834	0.00230	0.00341	0.01376	0.00749	0.00644
57	0.01865	0.02718	0.24424	0.04683	0.02630	0.20205	0.09099	0.07790	0.01692	0.02146	0.01194	0.01504	0.00940	0.00794	0.00991	0.00228	0.15265	0.00564	0.00354	0.00915
58	0.00988	0.00713	0.00933	0.00878	0.01043	0.00658	0.00658	0.01317	0.01975	0.02798	0.70754	0.05213	0.06584	0.01427	0.00823	0.00219	0.00329	0.01262	0.00768	0.00658
59	0.00998	0.00719	0.00952	0.00939	0.01096	0.00673	0.00722	0.01314	0.01887	0.02641	0.57595	0.09681	0.06115	0.01540	0.00846	0.00237	0.00377	0.10270	0.00744	0.00651
60	0.01560	0.01252	0.01437	0.04646	0.04181	0.01367	0.01024	0.12119	0.28766	0.02863	0.15302	0.07666	0.08798	0.01135	0.00738	0.00227	0.00533	0.00963	0.04502	0.00921
61	0.00972	0.00707	0.00915	0.00876	0.01036	0.00650	0.00652	0.01282	0.01920	0.02697	0.63900	0.09385	0.09417	0.01487	0.00827	0.00224	0.00335	0.01314	0.00756	0.00650
62	0.01351	0.01248	0.02088	0.64647	0.10152	0.01518	0.01888	0.01806	0.01415	0.01862	0.01294	0.01883	0.00984	0.00697	0.00687	0.00227	0.00894	0.00622	0.03940	0.00797
63	0.00926	0.00711	0.00847	0.00813	0.01004	0.00632	0.00610	0.01197	0.01829	0.02450	0.46466	0.05786	0.31090	0.01557	0.00824	0.00226	0.00338	0.01342	0.00722	0.00632
64	0.00966	0.00815	0.00895	0.04073	0.01235	0.00765	0.00689	0.01359	0.08903	0.02045	0.09663	0.09339	0.51064	0.01639	0.00815	0.00240	0.00412	0.03780	0.00646	0.00657
65	0.51434	0.16944	0.01719	0.03707	0.01647	0.01820	0.00943	0.06375	0.01426	0.07042	0.01135	0.01268	0.00878	0.00664	0.00478	0.00202	0.00615	0.00421	0.00443	0.00839
66	0.05711	0.07505	0.12374	0.06529	0.39256	0.08454	0.01908	0.02202	0.01589	0.04192	0.03078	0.01687	0.01173	0.00668	0.00654	0.00205	0.00863	0.00579	0.00365	0.01008
67	0.01894	0.41580	0.06445	0.07574	0.06544	0.15267	0.01442	0.02165	0.01501	0.01737	0.01043	0.01298	0.00913	0.00688	0.00691	0.00183	0.07392	0.00451	0.00314	0.00878
68	0.28454	0.08373	0.01761	0.01419	0.01788	0.36456	0.01115	0.02355	0.01580	0.02164	0.01065	0.01340	0.00911	0.03403	0.00751	0.00215	0.05243	0.00449	0.00378	0.00782
69	0.03514	0.01390	0.02337	0.30966	0.30266	0.01512	0.05898	0.01929	0.03331	0.02072	0.01578	0.09164	0.01405	0.00816	0.00716	0.00228	0.00832	0.00769	0.00375	0.00903
70	0.00910	0.00695	0.00825	0.00823	0.00989	0.00621	0.00599	0.01139	0.01701	0.02256	0.34963	0.15413	0.29704	0.05055	0.00958	0.00255	0.00365	0.01428	0.00692	0.00609
71	0.00850	0.00607	0.00810	0.00972	0.01012	0.00567	0.00648	0.00972	0.01336	0.01781	0.03846	0.75020	0.04615	0.02186	0.00891	0.00283	0.00405	0.01984	0.00648	0.00567
72	0.00937	0.00702	0.00869	0.00848	0.01017	0.00634	0.00628	0.01211	0.01826	0.02491	0.49715	0.12287	0.21114	0.01578	0.00830	0.00229	0.00342	0.01380	0.00729	0.00634
73	0.01400	0.03610	0.71860	0.01989	0.03020	0.01621	0.02578	0.02210	0.01473	0.02210	0.01252	0.01473	0.00884	0.00663	0.00663	0.00221	0.01031	0.00516	0.00295	0.01031
74	0.02665	0.01874	0.02037	0.01568	0.02120	0.02052	0.01293	0.61064	0.05286	0.10170	0.01806	0.01765	0.01264	0.00843	0.00699	0.00211	0.00746	0.00640	0.00713	0.01184
75	0.01495	0.01569	0.04776	0.11139	0.02262	0.02042	0.01620	0.01713	0.01126	0.01713	0.00971	0.01568	0.00917	0.01133	0.02023	0.00293	0.61954	0.00608	0.00306	0.00775
76	0.01647	0.01882	0.04118	0.02941	0.03647	0.01765	0.68588	0.02235	0.01647	0.02235	0.01412	0.01882	0.01059	0.00588	0.00824	0.00235	0.01176	0.00824	0.00353	0.00941
77	0.01423	0.03444	0.65370	0.02080	0.03080	0.01634	0.08902	0.02212	0.01490	0.02212	0.01268	0.01512	0.00901	0.00656	0.00678	0.00222	0.01045	0.00545	0.00300	0.01023
78	0.00863	0.00616	0.00824	0.00986	0.01032	0.00578	0.00670	0.00993	0.01348	0.01795	0.03839	0.71939	0.04588	0.02174	0.00894	0.00285	0.00416	0.04941	0.00648	0.00570
79	0.02653	0.01955	0.02094	0.01606	0.02164	0.02164	0.01326	0.68796	0.03281	0.04398	0.01675	0.01675	0.01187	0.00838	0.00698	0.00209	0.00768	0.00628	0.00698	0.01187
80	0.01988	0.63942	0.03380	0.01293	0.01851	0.14277	0.01219	0.02204	0.01510	0.01653	0.00988	0.01142	0.00896	0.00617	0.00478	0.00154	0.00831	0.00386	0.00309	0.00881
81	0.80405	0.01350	0.01026	0.00918	0.01350	0.01565	0.00756	0.02051	0.01188	0.03131	0.00972	0.01134	0.00756	0.00648	0.00432	0.00216	0.00540	0.00378	0.00432	0.00756
82	0.02432	0.01929	0.04073	0.01546	0.02033	0.09436	0.01282	0.38898	0.09182	0.11558	0.05746	0.01991	0.01597	0.00884	0.00769	0.00215	0.04023	0.00665	0.00656	0.01085
83	0.00946	0.00701	0.00874	0.00850	0.01011	0.00638	0.00625	0.01216	0.01811	0.02484	0.50376	0.11789	0.18143	0.04300	0.00931	0.00245	0.00353	0.01357	0.00722	0.00629
84	0.01318	0.01240	0.02093	0.73798	0.04806	0.01550	0.01938	0.01783	0.01395	0.01783	0.01240	0.01860	0.00930	0.00698	0.00698	0.00233	0.00930	0.00620	0.00310	0.00775
85	0.01802	0.11224	0.16737	0.02113	0.12951	0.15401	0.03541	0.04608	0.04167	0.02056	0.01255	0.01561	0.01037	0.00982	0.04484	0.00257	0.11894	0.00548	0.00356	0.03025
86	0.01318	0.01240	0.02093	0.73798	0.04806	0.01550	0.01938	0.01783	0.01395	0.01783	0.01240	0.01860	0.00930	0.00698	0.00698	0.00233	0.00930	0.00620	0.00310	0.00775
87	0.25466	0.04890	0.01196	0.00981	0.01265	0.07700	0.00751	0.08082	0.01491	0.02516	0.01608	0.02256	0.01429	0.15714	0.01176	0.02471	0.00615	0.00606	0.19085	0.00704
88	0.01318	0.01240	0.02093	0.73798	0.04806	0.01550	0.01938	0.01783	0.01395	0.01783	0.01240	0.01860	0.00930	0.00698	0.00698	0.00233	0.00930	0.00620	0.00310	0.00775
89	0.01447	0.01240	0.01447	0.01034	0.01654	0.00930	0.00827	0.01757	0.01447	0.02274	0.01240	0.01447	0.01034	0.00517	0.00517	0.00103	0.00517	0.00413	0.00413	0.79742
90	0.00850	0.00607	0.00810	0.00972	0.01012	0.00567	0.00648	0.00972	0.01336	0.01781	0.03846	0.75020	0.04615	0.02186	0.00891	0.00283	0.00405	0.01984	0.00648	0.00567
91	0.02669	0.01929	0.02078	0.01593	0.02151	0.02126	0.01316	0.66605	0.03238	0.06650	0.01711	0.01699	0.01205	0.00839	0.00698	0.00210	0.00762	0.00631	0.00704	0.01187
92	0.01400	0.03610	0.71860	0.01989	0.03020	0.01621	0.02578	0.02210	0.01473	0.02210	0.01252	0.01473	0.00884	0.00663	0.00663	0.00221	0.01031	0.00516	0.00295	0.01031
93	0.01727	0.01658	0.02832	0.04283	0.71123	0.01658	0.02142	0.02142	0.01589	0.02280	0.01313	0.01727	0.01105	0.00622	0.00691	0.00207	0.00829	0.00622	0.00345	0.01105
94	0.01102	0.00787	0.01099	0.01260	0.01411	0.00784	0.01086	0.01407	0.01585	0.02063	0.03707	0.13314	0.04065	0.01949	0.00958	0.00318	0.00623	0.61203	0.00643	0.00636
95	0.01727	0.01658	0.02832	0.04283	0.71123	0.01658	0.02142	0.02142	0.01589	0.02280	0.01313	0.01727	0.01105	0.00622	0.00691	0.00207	0.00829	0.00622	0.00345	0.01105
96	0.01546	0.01299	0.01500	0.01081	0.01696	0.01032	0.00868	0.07263	0.01598	0.02448	0.01276	0.01466	0.01046	0.00543	0.00532	0.00112	0.00537	0.00431	0.00437	0.73290
97	0.32341	0.02412	0.10770	0.01455	0.01933	0.28581	0.01273	0.04317	0.01617	0.05501	0.01147	0.01309	0.00888	0.00710	0.00616	0.00206	0.03221	0.00452	0.00409	0.00844
98	0.01400	0.03610	0.71860	0.01989	0.03020	0.01621	0.02578	0.02210	0.01473	0.02210	0.01252	0.01473	0.00884	0.00663	0.00663	0.00221	0.01031	0.00516	0.00295	0.01031
99	0.01927	0.18731	0.04329	0.01421	0.01912	0.02048	0.01212	0.15500	0.39539	0.02881	0.02143	0.02054	0.01631	0.00837	0.00646	0.00211	0.00652	0.00655	0.00600	0.01070
100	0.01250	0.01026	0.01226	0.00971	0.01407	0.00814	0.00754	0.01546	0.01592	0.02367	0.20895	0.07682	0.06201	0.00941	0.00641	0.00154	0.00450	0.00805	0.00539	0.48740
101	0.01479	0.19242	0.54308	0.01767	0.02674	0.01830	0.02199	0.02138	0.01466	0.02074	0.01412	0.01595	0.03540	0.00691	0.00622	0.00206	0.00944	0.00521	0.00309	0.00985
102	0.05855	0.12429	0.23296	0.01535	0.02202	0.01832	0.01574	0.23251	0.04676	0.09251	0.03565	0.01747	0.01297	0.00765	0.00637	0.00205	0.00781	0.00579	0.03485	0.01040
103	0.03131	0.01188	0.01619	0.01242	0.01781	0.01026	0.01026	0.03401	0.01997	0.71606	0.02753	0.02375	0.01727	0.00864	0.00702	0.00216	0.00594	0.00702	0.00864	0.01188
104	0.01442	0.00814	0.01078	0.00955	0.01199	0.00736	0.00736	0.01759	0.01980	0.17383	0.56341	0.04611	0.05555	0.01307	0.00797	0.00219	0.00385	0.01143	0.00788	0.00771
105	0.01356	0.01102	0.01237	0.01222	0.04618	0.06278	0.00842	0.04509	0.03657	0.04549	0.13621	0.03763	0.08611	0.25540	0.10259	0.00477	0.06239	0.00937	0.00514	0.00670
106	0.01318	0.01240	0.02093	0.73798	0.04806	0.01550	0.01938	0.01783	0.01395	0.01783	0.01240	0.01860	0.00930	0.00698	0.00698	0.00233	0.00930	0.00620	0.00310	0.00775
107	0.10254	0.01203	0.01565	0.01212	0.01742	0.01075	0.01001	0.03276	0.01923	0.65294	0.02589	0.02261	0.01638	0.00844	0.00677	0.00216	0.00589	0.00672	0.00824	0.01148
108	0.00938	0.00711	0.00865	0.00826	0.01012	0.00637	0.00620	0.01222	0.01859	0.02522	0.51514	0.05667	0.25997	0.01530	0.00824	0.00224	0.00337	0.01326	0.00732	0.00637
109	0.01586	0.01502	0.02575	0.10165	0.51570	0.01522	0.05830	0.01976	0.01530	0.02149	0.01548	0.04923	0.01412	0.05315	0.00892	0.00247	0.00827	0.03075	0.00369	0.00986
110	0.01400	0.03610	0.71860	0.01989	0.03020	0.01621	0.02578	0.02210	0.01473	0.02210	0.01252	0.01473	0.00884	0.00663	0.00663	0.00221	0.01031	0.00516	0.00295	0.01031
111	0.01400	0.03610	0.71860	0.01989	0.03020	0.01621	0.02578	0.02210	0.01473	0.02210	0.01252	0.01473	0.00884	0.00663	0.00663	0.00221	0.01031	0.00516	0.00295	0.01031
112	0.00850	0.00607	0.00810	0.00972	0.01012	0.00567	0.00648	0.00972	0.01336	0.01781	0.03846	0.75020	0.04615	0.02186	0.00891	0.00283	0.00405	0.01984	0.00648	0.00567
113	0.80405	0.01350	0.01026	0.00918	0.01350	0.01565	0.00756	0.02051	0.01188	0.03131	0.00972	0.01134	0.00756	0.00648	0.00432	0.00216	0.00540	0.00378	0.00432	0.00756
114	0.02653	0.01955	0.02094	0.01606	0.02164	0.02164	0.01326	0.68796	0.03281	0.04398	0.01675	0.01675	0.01187	0.00838	0.00698	0.00209	0.00768	0.00628	0.00698	0.01187

[dist]
# distance from previous block
# <min> <max>
0	21

[block]
# block no. 3 follows, 30 sequences, length 43
# corresponding to MSA columns:
# 263-305
name=unknown_D
#
# <colnr> <probs for GDERKNQSTAVLIFYWHMCP>
#	G	D	E	R	K	N	Q	S	T	A	V	L	I	F	Y	W	H	M	C	P
0	0.25395	0.13946	0.12661	0.01458	0.02063	0.01687	0.10364	0.04057	0.03128	0.08017	0.01535	0.01672	0.03668	0.00696	0.00580	0.00201	0.00736	0.00546	0.00434	0.07157
1	0.01240	0.01152	0.01366	0.15521	0.02025	0.07042	0.03812	0.03784	0.04329	0.02180	0.18421	0.07661	0.26162	0.01301	0.00777	0.00228	0.00598	0.01114	0.00574	0.00713
2	0.00986	0.00736	0.00920	0.00877	0.01055	0.00683	0.00656	0.01344	0.04308	0.02635	0.56814	0.08187	0.15211	0.01488	0.00822	0.00225	0.00344	0.01304	0.00745	0.00661
3	0.01512	0.01531	0.05746	0.37824	0.26482	0.01613	0.01932	0.02168	0.10156	0.02114	0.01468	0.01891	0.01139	0.00702	0.00695	0.00224	0.00853	0.00637	0.00372	0.00940
4	0.00832	0.00703	0.00720	0.00725	0.00949	0.00591	0.00540	0.01013	0.01595	0.01917	0.09490	0.09488	0.65515	0.01771	0.00827	0.00237	0.00355	0.01485	0.00653	0.00591
5	0.01048	0.10224	0.01229	0.00939	0.01123	0.00893	0.00717	0.01291	0.01685	0.02287	0.37702	0.26704	0.08441	0.01577	0.00797	0.00231	0.00407	0.01386	0.00665	0.00656
6	0.01512	0.05506	0.01566	0.01060	0.01657	0.01033	0.00866	0.01816	0.01469	0.04456	0.01372	0.01716	0.01168	0.00589	0.00537	0.00118	0.00537	0.03068	0.00430	0.69522
7	0.52875	0.08383	0.01508	0.01176	0.01603	0.20565	0.00951	0.02250	0.01418	0.02623	0.01000	0.01166	0.00806	0.00662	0.00486	0.00200	0.00749	0.00396	0.00401	0.00782
8	0.02564	0.01911	0.02044	0.01588	0.02130	0.02123	0.01305	0.62515	0.09705	0.04255	0.01788	0.01765	0.01278	0.00848	0.00699	0.00212	0.00747	0.00644	0.00699	0.01179
9	0.00997	0.00748	0.01121	0.01121	0.01246	0.00872	0.00872	0.01246	0.01121	0.01620	0.01869	0.02741	0.01745	0.05234	0.72710	0.01121	0.01869	0.00748	0.00374	0.00623
10	0.01942	0.02272	0.20834	0.04183	0.14474	0.03996	0.03736	0.26450	0.05399	0.03029	0.03433	0.01929	0.03568	0.00789	0.00697	0.00215	0.00846	0.00648	0.00498	0.01063
11	0.01502	0.01635	0.10835	0.15159	0.29236	0.01447	0.03666	0.05218	0.01618	0.02229	0.01890	0.06358	0.01774	0.00974	0.00754	0.00240	0.00822	0.13296	0.00422	0.00924
12	0.01604	0.01533	0.02610	0.25169	0.51198	0.01626	0.02080	0.02034	0.01531	0.02131	0.01291	0.01767	0.01053	0.00645	0.00693	0.00215	0.00859	0.00621	0.00335	0.01006
13	0.00949	0.00696	0.00889	0.00875	0.01027	0.00636	0.00643	0.01228	0.01832	0.02539	0.53329	0.16601	0.12988	0.01584	0.00834	0.00231	0.00344	0.01400	0.00736	0.00636
14	0.01417	0.06379	0.69247	0.01958	0.02973	0.01664	0.02525	0.02205	0.01471	0.02188	0.01241	0.01460	0.00884	0.00660	0.00655	0.00218	0.01020	0.00510	0.00295	0.01026
15	0.01400	0.03610	0.71860	0.01989	0.03020	0.01621	0.02578	0.02210	0.01473	0.02210	0.01252	0.01473	0.00884	0.00663	0.00663	0.00221	0.01031	0.00516	0.00295	0.01031
16	0.03989	0.01282	0.02125	0.65029	0.10741	0.01561	0.01917	0.01825	0.01406	0.01873	0.01238	0.01824	0.00940	0.00689	0.00688	0.00230	0.00908	0.00612	0.00317	0.00805
17	0.01997	0.12805	0.01929	0.01451	0.01777	0.36613	0.01138	0.04977	0.01883	0.02066	0.17337	0.05852	0.02411	0.00964	0.00732	0.00196	0.03896	0.00717	0.00472	0.00788
18	0.02653	0.01955	0.02094	0.01606	0.02164	0.02164	0.01326	0.68796	0.03281	0.04398	0.01675	0.01675	0.01187	0.00838	0.00698	0.00209	0.00768	0.00628	0.00698	0.01187
19	0.11707	0.00917	0.01136	0.01055	0.01333	0.00871	0.00817	0.01965	0.01660	0.23950	0.15275	0.25277	0.03537	0.01421	0.00767	0.00245	0.00485	0.06068	0.00709	0.00807
20	0.02653	0.01955	0.02094	0.01606	0.02164	0.02164	0.01326	0.68796	0.03281	0.04398	0.01675	0.01675	0.01187	0.00838	0.00698	0.00209	0.00768	0.00628	0.00698	0.01187
21	0.00997	0.00748	0.01121	0.01121	0.01246	0.00872	0.00872	0.01246	0.01121	0.01620	0.01869	0.02741	0.01745	0.05234	0.72710	0.01121	0.01869	0.00748	0.00374	0.00623
22	0.01447	0.01240	0.01447	0.01034	0.01654	0.00930	0.00827	0.01757	0.01447	0.02274	0.01240	0.01447	0.01034	0.00517	0.00517	0.00103	0.00517	0.00413	0.00413	0.79742
23	0.80405	0.01350	0.01026	0.00918	0.01350	0.01565	0.00756	0.02051	0.01188	0.03131	0.00972	0.01134	0.00756	0.00648	0.00432	0.00216	0.00540	0.00378	0.00432	0.00756
24	0.00850	0.00607	0.00810	0.00972	0.01012	0.00567	0.00648	0.00972	0.01336	0.01781	0.03846	0.75020	0.04615	0.02186	0.00891	0.00283	0.00405	0.01984	0.00648	0.00567
25	0.01447	0.01240	0.01447	0.01034	0.01654	0.00930	0.00827	0.01757	0.01447	0.02274	0.01240	0.01447	0.01034	0.00517	0.00517	0.00103	0.00517	0.00413	0.00413	0.79742
26	0.10244	0.01169	0.01509	0.01179	0.01684	0.01052	0.00970	0.03146	0.01903	0.60608	0.04831	0.02361	0.01800	0.00860	0.00673	0.00214	0.00571	0.00688	0.03425	0.01112
27	0.01315	0.00895	0.01225	0.27142	0.02293	0.01029	0.01049	0.01685	0.01425	0.02273	0.01853	0.02295	0.01447	0.00786	0.00628	0.00193	0.03169	0.00638	0.47961	0.00700
28	0.00997	0.00748	0.01121	0.01121	0.01246	0.00872	0.00872	0.01246	0.01121	0.01620	0.01869	0.02741	0.01745	0.05234	0.72710	0.01121	0.01869	0.00748	0.00374	0.00623
29	0.01377	0.00920	0.04024	0.00998	0.01265	0.00766	0.00816	0.01711	0.01933	0.14659	0.51711	0.04706	0.07289	0.01325	0.00801	0.00223	0.00417	0.03540	0.00757	0.00763
30	0.00856	0.00612	0.00815	0.00968	0.01013	0.00571	0.00648	0.00986	0.01363	0.01824	0.06649	0.72096	0.04698	0.02154	0.00888	0.00281	0.00402	0.01954	0.00653	0.00571
31	0.01496	0.01482	0.02079	0.01791	0.01798	0.02065	0.01489	0.01655	0.01072	0.01676	0.00971	0.01596	0.00964	0.01452	0.06332	0.00352	0.70047	0.00619	0.00309	0.00755
32	0.02201	0.01689	0.01804	0.01466	0.01937	0.01873	0.01183	0.43430	0.21459	0.03712	0.02465	0.05049	0.06565	0.00985	0.00718	0.00222	0.00665	0.00784	0.00696	0.01098
33	0.00998	0.00717	0.00947	0.00950	0.01096	0.00674	0.00726	0.01294	0.01818	0.02531	0.50761	0.12259	0.05823	0.04309	0.00953	0.00259	0.00401	0.12122	0.00723	0.00638
34	0.01957	0.54690	0.10580	0.01378	0.01990	0.11219	0.01368	0.06340	0.01609	0.01882	0.01057	0.01209	0.00913	0.00634	0.00509	0.00164	0.00841	0.00414	0.00330	0.00917
35	0.02749	0.01104	0.01489	0.01170	0.01648	0.00958	0.00955	0.03022	0.01975	0.59540	0.11629	0.02942	0.05608	0.00978	0.00723	0.00217	0.00549	0.00810	0.00841	0.01092
36	0.01486	0.03041	0.03913	0.04580	0.01591	0.01206	0.00950	0.02305	0.27096	0.06999	0.07699	0.06707	0.06302	0.11215	0.01368	0.10681	0.00584	0.00895	0.00582	0.00801
37	0.00982	0.00709	0.00928	0.00882	0.01041	0.00655	0.00658	0.01303	0.01949	0.02757	0.68013	0.08073	0.06504	0.01458	0.00826	0.00222	0.00332	0.01292	0.00763	0.00655
38	0.01571	0.27889	0.39801	0.04450	0.02637	0.02037	0.04770	0.02128	0.01439	0.01976	0.01146	0.01387	0.00898	0.00667	0.00679	0.00202	0.04577	0.00489	0.00299	0.00959
39	0.80405	0.01350	0.01026	0.00918	0.01350	0.01565	0.00756	0.02051	0.01188	0.03131	0.00972	0.01134	0.00756	0.00648	0.00432	0.00216	0.00540	0.00378	0.00432	0.00756
40	0.00850	0.00607	0.00810	0.00972	0.01012	0.00567	0.00648	0.00972	0.01336	0.01781	0.03846	0.75020	0.04615	0.02186	0.00891	0.00283	0.00405	0.01984	0.00648	0.00567
41	0.01447	0.01240	0.01447	0.01034	0.01654	0.00930	0.00827	0.01757	0.01447	0.02274	0.01240	0.01447	0.01034	0.00517	0.00517	0.00103	0.00517	0.00413	0.00413	0.79742
42	0.01556	0.17126	0.55081	0.01829	0.02741	0.05912	0.02249	0.02220	0.01492	0.02075	0.01190	0.01395	0.00887	0.00654	0.00621	0.00205	0.00991	0.00485	0.00299	0.00993

[dist]
# distance from previous block
# <min> <max>
0	1

[block]
# block no. 4 follows, 30 sequences, length 8
# corresponding to MSA columns:
# 307-314
name=unknown_E
#
# <colnr> <probs for GDERKNQSTAVLIFYWHMCP>
#	G	D	E	R	K	N	Q	S	T	A	V	L	I	F	Y	W	H	M	C	P
0	0.31367	0.12386	0.25784	0.01401	0.02060	0.01680	0.04165	0.02148	0.01386	0.05338	0.01237	0.01418	0.00934	0.00662	0.00543	0.00206	0.00751	0.00472	0.05173	0.00888
1	0.01625	0.36082	0.36888	0.01690	0.02505	0.02144	0.06079	0.02157	0.01459	0.01955	0.01135	0.01339	0.00900	0.00629	0.00576	0.00190	0.00912	0.00471	0.00300	0.00964
2	0.01015	0.00677	0.00761	0.00761	0.00761	0.00677	0.00423	0.01015	0.01015	0.01353	0.02199	0.04567	0.02537	0.75476	0.03552	0.00677	0.00677	0.01015	0.00423	0.00423
3	0.01351	0.00758	0.00788	0.00753	0.00938	0.00775	0.00566	0.04945	0.04667	0.02661	0.07210	0.02834	0.02155	0.04245	0.00671	0.00196	0.00373	0.00716	0.62709	0.00687
4	0.01736	0.01499	0.01578	0.01420	0.01815	0.01736	0.01105	0.03708	0.69862	0.02919	0.02840	0.02604	0.02130	0.00947	0.00710	0.00237	0.00552	0.00789	0.00710	0.01105
5	0.01390	0.05982	0.50828	0.01733	0.02534	0.05261	0.02077	0.02026	0.01489	0.02104	0.04500	0.02050	0.05456	0.01232	0.08085	0.00309	0.01048	0.00619	0.00347	0.00930
6	0.01400	0.03610	0.71860	0.01989	0.03020	0.01621	0.02578	0.02210	0.01473	0.02210	0.01252	0.01473	0.00884	0.00663	0.00663	0.00221	0.01031	0.00516	0.00295	0.01031
7	0.11400	0.01730	0.14360	0.02088	0.18186	0.01404	0.05051	0.04359	0.08075	0.06189	0.15256	0.04824	0.02345	0.00891	0.00696	0.00220	0.00695	0.00774	0.00514	0.00941

[dist]
# distance from previous block
# <min> <max>
6	15

[block]
# block no. 5 follows, 30 sequences, length 19
# corresponding to MSA columns:
# 330-348
name=unknown_F
#
# <colnr> <probs for GDERKNQSTAVLIFYWHMCP>
#	G	D	E	R	K	N	Q	S	T	A	V	L	I	F	Y	W	H	M	C	P
0	0.10767	0.03978	0.03788	0.21003	0.09165	0.07590	0.01442	0.07773	0.01675	0.02324	0.04629	0.05637	0.01940	0.01031	0.00718	0.00238	0.00783	0.14238	0.00465	0.00816
1	0.01649	0.01038	0.04000	0.01054	0.01375	0.00896	0.00851	0.04548	0.05798	0.21155	0.19956	0.12100	0.16272	0.04971	0.00914	0.00252	0.00489	0.01136	0.00716	0.00829
2	0.02742	0.01097	0.01482	0.01180	0.01647	0.00952	0.00956	0.03000	0.01929	0.59534	0.06985	0.08434	0.04742	0.01034	0.00728	0.00222	0.00555	0.00864	0.00833	0.01086
3	0.14009	0.38524	0.12567	0.01395	0.01948	0.11427	0.01370	0.02157	0.01434	0.01964	0.01020	0.01224	0.00874	0.00682	0.00653	0.00187	0.06943	0.00424	0.00327	0.00871
4	0.20530	0.01796	0.09738	0.09567	0.32441	0.04123	0.05215	0.02097	0.01479	0.02400	0.01295	0.01771	0.01070	0.00686	0.00640	0.00218	0.00818	0.02798	0.00368	0.00947
5	0.03131	0.01188	0.01619	0.01242	0.01781	0.01026	0.01026	0.03401	0.01997	0.71606	0.02753	0.02375	0.01727	0.00864	0.00702	0.00216	0.00594	0.00702	0.00864	0.01188
6	0.00980	0.00708	0.00926	0.00883	0.01041	0.00653	0.00658	0.01298	0.01941	0.02743	0.67118	0.09007	0.06477	0.01468	0.00827	0.00223	0.00333	0.01301	0.00762	0.00653
7	0.02401	0.01743	0.01883	0.01490	0.01977	0.01921	0.01204	0.50014	0.13327	0.07216	0.01951	0.02088	0.01469	0.06928	0.00932	0.00252	0.00719	0.00688	0.00686	0.01112
8	0.01063	0.00698	0.00865	0.00823	0.00987	0.00657	0.00618	0.01391	0.01853	0.02751	0.54332	0.04586	0.05434	0.01279	0.00743	0.00206	0.00328	0.01115	0.19613	0.00657
9	0.01657	0.01587	0.02706	0.16179	0.59774	0.01640	0.02107	0.02080	0.01556	0.02195	0.01300	0.01750	0.01075	0.00635	0.00692	0.00212	0.00846	0.00621	0.00339	0.01049
10	0.01599	0.01528	0.02602	0.25972	0.50432	0.01624	0.02078	0.02030	0.01529	0.02125	0.01290	0.01769	0.01051	0.00645	0.00693	0.00215	0.00861	0.00621	0.00334	0.01002
11	0.01527	0.01527	0.02137	0.01832	0.01832	0.02137	0.01527	0.01679	0.01069	0.01679	0.00916	0.01527	0.00916	0.01221	0.02290	0.00305	0.74198	0.00611	0.00305	0.00763
12	0.01023	0.00761	0.01070	0.01057	0.01144	0.00873	0.00783	0.01204	0.01092	0.01553	0.01916	0.03164	0.01916	0.23253	0.51934	0.00973	0.04512	0.00811	0.00384	0.00577
13	0.01212	0.00606	0.00909	0.00909	0.00909	0.00606	0.00606	0.00909	0.00909	0.01212	0.01212	0.02121	0.01212	0.02424	0.02727	0.79697	0.00606	0.00606	0.00303	0.00303
14	0.01714	0.01727	0.05534	0.04015	0.64131	0.01661	0.02096	0.02240	0.05772	0.02316	0.01404	0.01771	0.01159	0.00643	0.00691	0.00210	0.00820	0.00628	0.00366	0.01102
15	0.01212	0.00606	0.00909	0.00909	0.00909	0.00606	0.00606	0.00909	0.00909	0.01212	0.01212	0.02121	0.01212	0.02424	0.02727	0.79697	0.00606	0.00606	0.00303	0.00303
16	0.00984	0.00717	0.00929	0.00887	0.01056	0.00661	0.00673	0.01304	0.01936	0.02712	0.63890	0.05425	0.10230	0.01470	0.00830	0.00225	0.00345	0.04318	0.00755	0.00654
17	0.04858	0.25711	0.02481	0.03951	0.02038	0.02223	0.01239	0.38670	0.02443	0.03226	0.01725	0.01780	0.05151	0.00803	0.00616	0.00193	0.00735	0.00587	0.00543	0.01029
18	0.02190	0.01266	0.01525	0.01196	0.01670	0.01180	0.00957	0.16637	0.01991	0.26679	0.02330	0.04868	0.04989	0.06250	0.04231	0.00265	0.00660	0.00723	0.00649	0.19742

[dist]
# distance from previous block
# <min> <max>
0	41

# created by:
# /st0/software/busco_prod/Augustus/scripts/msa2prfl.pl ./align_prep/135126.fa
