[name]
unknown

[dist]
# distance from previous block
# <min> <max>
31	261

[block]
# block no. 0 follows, 29 sequences, length 12
# corresponding to MSA columns:
# 285-296
name=unknown_A
#
# <colnr> <probs for GDERKNQSTAVLIFYWHMCP>
#	G	D	E	R	K	N	Q	S	T	A	V	L	I	F	Y	W	H	M	C	P
0	0.01903	0.01568	0.01930	0.14353	0.02481	0.03840	0.05736	0.27348	0.09173	0.03002	0.03718	0.06241	0.03928	0.07159	0.00975	0.00262	0.00771	0.00806	0.00570	0.04236
1	0.01860	0.01503	0.02038	0.06742	0.12719	0.01576	0.07313	0.23816	0.05726	0.02915	0.01839	0.05252	0.01579	0.10578	0.01089	0.00275	0.00756	0.00764	0.05921	0.05742
2	0.01773	0.08989	0.02270	0.23072	0.16299	0.01698	0.01572	0.09744	0.04526	0.02417	0.01733	0.06058	0.01538	0.06411	0.00956	0.00271	0.00826	0.00745	0.00475	0.08626
3	0.02109	0.01386	0.01790	0.05424	0.06983	0.01415	0.02763	0.12226	0.11609	0.21349	0.04447	0.02684	0.09116	0.00961	0.00816	0.00220	0.05025	0.00779	0.00650	0.08249
4	0.02043	0.01560	0.01650	0.01355	0.01755	0.04546	0.01077	0.38898	0.02518	0.03371	0.05128	0.05975	0.06799	0.06401	0.07688	0.00333	0.00811	0.00821	0.03873	0.03397
5	0.01283	0.01033	0.01327	0.06525	0.05277	0.01036	0.00941	0.05150	0.06003	0.02085	0.02492	0.27876	0.02677	0.13839	0.01309	0.00308	0.03641	0.01163	0.00528	0.15508
6	0.01645	0.01478	0.02395	0.21496	0.39418	0.01577	0.01885	0.05583	0.01642	0.03924	0.01718	0.07255	0.03278	0.00837	0.00769	0.00228	0.02720	0.00762	0.00406	0.00984
7	0.01369	0.00828	0.00998	0.05438	0.06235	0.00858	0.00758	0.04103	0.01526	0.02516	0.02201	0.05086	0.01837	0.05045	0.03098	0.00241	0.00498	0.00729	0.55927	0.00709
8	0.01619	0.01469	0.01592	0.09740	0.01927	0.11087	0.01138	0.11481	0.01587	0.02045	0.01629	0.02610	0.01558	0.20735	0.15076	0.00524	0.12288	0.00736	0.00423	0.00735
9	0.01297	0.00661	0.00674	0.00685	0.00843	0.00658	0.00508	0.01616	0.01485	0.02600	0.02427	0.07331	0.02013	0.00921	0.00525	0.00174	0.00337	0.00752	0.73834	0.00658
10	0.05066	0.01171	0.01445	0.05488	0.12424	0.02771	0.01068	0.05666	0.06695	0.02365	0.06085	0.13977	0.17792	0.01243	0.00777	0.00226	0.02497	0.01052	0.06276	0.05916
11	0.01716	0.01643	0.05330	0.21656	0.31614	0.01676	0.04071	0.10596	0.04970	0.02484	0.01605	0.02249	0.01329	0.00789	0.00731	0.00229	0.00859	0.05017	0.00425	0.01010

[dist]
# distance from previous block
# <min> <max>
9	28

[block]
# block no. 1 follows, 29 sequences, length 41
# corresponding to MSA columns:
# 326-366
name=unknown_B
#
# <colnr> <probs for GDERKNQSTAVLIFYWHMCP>
#	G	D	E	R	K	N	Q	S	T	A	V	L	I	F	Y	W	H	M	C	P
0	0.00978	0.00796	0.01285	0.01264	0.01398	0.00744	0.09799	0.01167	0.01406	0.01881	0.03587	0.64652	0.04217	0.02009	0.00900	0.00283	0.00520	0.01864	0.00620	0.00630
1	0.04596	0.01886	0.15668	0.05194	0.16764	0.01457	0.01639	0.07044	0.06000	0.22700	0.01860	0.01918	0.01315	0.00745	0.00680	0.00210	0.00760	0.00620	0.00553	0.08391
2	0.04499	0.04831	0.08825	0.06002	0.02366	0.02016	0.01457	0.43628	0.09019	0.07610	0.01767	0.01794	0.01263	0.00826	0.00693	0.00217	0.00782	0.00632	0.00636	0.01139
3	0.01860	0.59384	0.15295	0.01390	0.02063	0.06130	0.01470	0.02189	0.01486	0.01779	0.01045	0.01212	0.00912	0.00627	0.00504	0.00167	0.00838	0.00410	0.00307	0.00933
4	0.01548	0.01294	0.01282	0.01138	0.01483	0.05623	0.00883	0.12918	0.16200	0.04486	0.06572	0.07358	0.31518	0.01350	0.00774	0.00230	0.00544	0.01112	0.00668	0.03019
5	0.01506	0.01362	0.01855	0.01338	0.01955	0.01111	0.09434	0.01852	0.01486	0.02289	0.01274	0.01537	0.01053	0.00568	0.00646	0.00132	0.03776	0.00484	0.00409	0.65935
6	0.05311	0.00725	0.00934	0.00907	0.00986	0.00745	0.00634	0.04020	0.01157	0.01753	0.01457	0.02190	0.01327	0.01991	0.02129	0.56422	0.00566	0.00616	0.15690	0.00441
7	0.01686	0.39236	0.33435	0.01771	0.06646	0.02235	0.01901	0.02190	0.01483	0.01971	0.01138	0.01340	0.00922	0.00640	0.00569	0.00188	0.00895	0.00461	0.00306	0.00988
8	0.06912	0.09379	0.04017	0.12211	0.02376	0.13195	0.01351	0.20547	0.06275	0.02725	0.02021	0.02334	0.07073	0.00918	0.00725	0.00218	0.02820	0.03462	0.00510	0.00931
9	0.55115	0.07972	0.08293	0.01328	0.05874	0.04938	0.01113	0.02193	0.01347	0.04860	0.01099	0.01270	0.00854	0.00666	0.00499	0.00213	0.00671	0.00427	0.00420	0.00848
10	0.05538	0.06169	0.02101	0.01622	0.02122	0.19966	0.01309	0.39648	0.08823	0.03453	0.01597	0.01636	0.01191	0.00814	0.00672	0.00206	0.00881	0.00586	0.00594	0.01073
11	0.00953	0.00722	0.00884	0.00915	0.01064	0.00670	0.00658	0.01251	0.04585	0.02283	0.29591	0.30202	0.20013	0.01789	0.00860	0.00252	0.00379	0.01578	0.00710	0.00642
12	0.01237	0.00618	0.00928	0.00928	0.00928	0.00618	0.00618	0.00928	0.00928	0.01237	0.01237	0.02165	0.01237	0.02474	0.02783	0.79283	0.00618	0.00618	0.00309	0.00309
13	0.02707	0.01995	0.02137	0.01638	0.02208	0.02208	0.01353	0.68159	0.03348	0.04488	0.01710	0.01710	0.01211	0.00855	0.00712	0.00214	0.00784	0.00641	0.00712	0.01211
14	0.02129	0.01893	0.01758	0.01520	0.01951	0.13293	0.01192	0.17177	0.39561	0.05358	0.02505	0.02375	0.04214	0.00932	0.00712	0.00225	0.00722	0.00736	0.00667	0.01079
15	0.01077	0.00760	0.01021	0.01155	0.01267	0.00753	0.00928	0.01308	0.01478	0.01936	0.03514	0.19210	0.03926	0.15598	0.01462	0.00388	0.00619	0.42386	0.00615	0.00600
16	0.11723	0.01212	0.01550	0.01209	0.01736	0.01092	0.00997	0.03224	0.01930	0.60823	0.02771	0.02448	0.04222	0.00891	0.00690	0.00221	0.00591	0.00709	0.00824	0.01139
17	0.00981	0.00700	0.00840	0.00898	0.00959	0.00682	0.00579	0.01151	0.04136	0.01759	0.07567	0.33972	0.08253	0.31934	0.02006	0.00444	0.00525	0.01486	0.00577	0.00549
18	0.01017	0.00763	0.01144	0.01144	0.01272	0.00890	0.00890	0.01272	0.01144	0.01653	0.01907	0.02797	0.01780	0.05340	0.72153	0.01144	0.01907	0.00763	0.00381	0.00636
19	0.00997	0.00730	0.00953	0.01077	0.01208	0.00695	0.00847	0.01224	0.01543	0.02002	0.07180	0.29481	0.14985	0.04300	0.01013	0.00308	0.00516	0.29669	0.00657	0.00615
20	0.01023	0.00685	0.00780	0.00793	0.00796	0.00682	0.00449	0.01032	0.01060	0.01413	0.02369	0.09886	0.02747	0.69532	0.03421	0.00660	0.00670	0.01109	0.00449	0.00442
21	0.02341	0.01978	0.01839	0.01514	0.01973	0.13583	0.01209	0.37704	0.14020	0.03506	0.02094	0.02098	0.04276	0.00891	0.00689	0.00210	0.00772	0.00677	0.07568	0.01059
22	0.00895	0.00645	0.00840	0.00955	0.01026	0.00598	0.00649	0.01051	0.01471	0.01976	0.14728	0.57543	0.08285	0.04548	0.00986	0.00290	0.00407	0.01845	0.00673	0.00590
23	0.01558	0.01558	0.02181	0.01869	0.01869	0.02181	0.01558	0.01714	0.01091	0.01714	0.00935	0.01558	0.00935	0.01246	0.02337	0.00312	0.73672	0.00623	0.00312	0.00779
24	0.00868	0.00722	0.00759	0.00750	0.00978	0.00613	0.00562	0.01074	0.01686	0.02074	0.17376	0.06605	0.59988	0.01747	0.00841	0.00238	0.00357	0.01468	0.00681	0.00613
25	0.01477	0.01266	0.01477	0.01055	0.01687	0.00949	0.00844	0.01793	0.01477	0.02320	0.01266	0.01477	0.01055	0.00527	0.00527	0.00105	0.00527	0.00422	0.00422	0.79328
26	0.00880	0.00625	0.00822	0.00975	0.01013	0.00587	0.00644	0.00995	0.01338	0.01785	0.03797	0.69210	0.04549	0.07751	0.01115	0.00320	0.00434	0.01949	0.00644	0.00567
27	0.18835	0.01866	0.01909	0.01492	0.02035	0.02081	0.01232	0.54375	0.02902	0.04218	0.01560	0.01594	0.01119	0.00814	0.00656	0.00215	0.00735	0.00588	0.00656	0.01119
28	0.01003	0.00692	0.00787	0.00798	0.00831	0.00681	0.00475	0.01040	0.01124	0.01477	0.02876	0.09120	0.10064	0.59916	0.05727	0.00634	0.00683	0.01137	0.00469	0.00467
29	0.75842	0.01339	0.01026	0.00922	0.01348	0.01548	0.00757	0.02070	0.01227	0.03166	0.01062	0.01236	0.00827	0.00670	0.00444	0.00217	0.00539	0.00400	0.04593	0.00765
30	0.75257	0.01415	0.01114	0.00980	0.01428	0.01635	0.00807	0.06151	0.01343	0.03274	0.01036	0.01191	0.00798	0.00673	0.00457	0.00220	0.00565	0.00401	0.00457	0.00798
31	0.00868	0.00620	0.00826	0.00991	0.01033	0.00578	0.00661	0.00991	0.01363	0.01818	0.03925	0.74510	0.04710	0.02231	0.00909	0.00289	0.00413	0.02024	0.00661	0.00578
32	0.02707	0.01995	0.02137	0.01638	0.02208	0.02208	0.01353	0.68159	0.03348	0.04488	0.01710	0.01710	0.01211	0.00855	0.00712	0.00214	0.00784	0.00641	0.00712	0.01211
33	0.01307	0.00801	0.00976	0.00899	0.01151	0.00703	0.00686	0.01561	0.01833	0.13959	0.31234	0.09652	0.29454	0.01536	0.00824	0.00234	0.00396	0.01317	0.00747	0.00731
34	0.01182	0.00800	0.01017	0.00937	0.01131	0.00751	0.00703	0.04218	0.01988	0.06241	0.56273	0.07274	0.07828	0.05327	0.00978	0.00251	0.00390	0.01249	0.00760	0.00704
35	0.02908	0.01463	0.01745	0.01375	0.01904	0.03697	0.01122	0.14908	0.10895	0.48254	0.02570	0.02290	0.01690	0.00883	0.00714	0.00221	0.00654	0.00706	0.00814	0.01188
36	0.04012	0.01571	0.02048	0.06092	0.02200	0.09931	0.12504	0.10579	0.01697	0.04106	0.01824	0.11805	0.01701	0.01952	0.15839	0.00432	0.09562	0.00858	0.00461	0.00827
37	0.00946	0.00742	0.00853	0.00893	0.01054	0.00688	0.00637	0.01247	0.06287	0.02058	0.13744	0.30117	0.31078	0.05103	0.00981	0.00276	0.00405	0.01589	0.00671	0.00632
38	0.01058	0.00838	0.00974	0.01088	0.01183	0.03884	0.00764	0.01357	0.07597	0.01922	0.03613	0.58376	0.04165	0.02040	0.00943	0.02719	0.00487	0.05714	0.00643	0.00636
39	0.12340	0.01744	0.02113	0.01885	0.04785	0.09368	0.03862	0.01923	0.01247	0.01964	0.00995	0.01497	0.00924	0.01064	0.01780	0.00279	0.50506	0.00582	0.00338	0.00804
40	0.01534	0.01641	0.06661	0.14853	0.03252	0.01542	0.35300	0.02166	0.06077	0.02284	0.01757	0.02415	0.01404	0.00763	0.00765	0.00235	0.00958	0.04748	0.10757	0.00889

[dist]
# distance from previous block
# <min> <max>
0	1

[block]
# block no. 2 follows, 29 sequences, length 33
# corresponding to MSA columns:
# 368-400
name=unknown_C
#
# <colnr> <probs for GDERKNQSTAVLIFYWHMCP>
#	G	D	E	R	K	N	Q	S	T	A	V	L	I	F	Y	W	H	M	C	P
0	0.01757	0.01515	0.02011	0.03972	0.02192	0.01392	0.10265	0.14601	0.07201	0.02760	0.01503	0.01690	0.01172	0.00640	0.00628	0.00160	0.00686	0.00559	0.00489	0.44808
1	0.01357	0.07573	0.01388	0.01070	0.01317	0.01082	0.00846	0.05170	0.01820	0.07305	0.32646	0.14114	0.10525	0.01404	0.00908	0.00231	0.06219	0.01177	0.00667	0.03182
2	0.00877	0.00633	0.00833	0.00989	0.01046	0.00589	0.00673	0.01012	0.01388	0.01836	0.04096	0.68264	0.08226	0.02197	0.00908	0.00288	0.00420	0.04480	0.00661	0.00583
3	0.01889	0.56594	0.09495	0.01399	0.01973	0.08120	0.01388	0.02161	0.01464	0.01736	0.01019	0.01224	0.00915	0.00683	0.00662	0.00176	0.07464	0.00422	0.00310	0.00907
4	0.01514	0.01353	0.01477	0.01094	0.01687	0.04813	0.00865	0.01815	0.01501	0.02267	0.01374	0.04678	0.01208	0.00614	0.00550	0.00118	0.00564	0.00494	0.00429	0.71585
5	0.01698	0.07715	0.04165	0.02861	0.03572	0.01881	0.62686	0.02269	0.01662	0.02233	0.01405	0.01859	0.01067	0.00601	0.00810	0.00233	0.01166	0.00804	0.00356	0.00957
6	0.01564	0.01349	0.01412	0.01287	0.01653	0.01510	0.00996	0.03168	0.54172	0.02744	0.03860	0.03592	0.17348	0.01153	0.00751	0.00241	0.00518	0.00961	0.00710	0.01010
7	0.01586	0.02624	0.31911	0.02772	0.11973	0.01726	0.32422	0.02258	0.01599	0.02276	0.01360	0.01727	0.01012	0.00636	0.00755	0.00230	0.01094	0.00684	0.00334	0.01020
8	0.02818	0.01161	0.01556	0.01220	0.01709	0.01028	0.00996	0.05512	0.02083	0.57391	0.13810	0.02872	0.02555	0.00975	0.00736	0.00221	0.00568	0.00807	0.00859	0.01123
9	0.00876	0.00646	0.00820	0.00938	0.01024	0.00590	0.00642	0.01028	0.01465	0.01928	0.10390	0.57130	0.15733	0.02091	0.00892	0.00275	0.00398	0.01872	0.00672	0.00590
10	0.02654	0.01853	0.02025	0.01571	0.02112	0.02019	0.01290	0.58870	0.03127	0.10297	0.01924	0.05574	0.01443	0.00929	0.00723	0.00218	0.00748	0.00720	0.00725	0.01178
11	0.00891	0.00659	0.00874	0.03716	0.01176	0.00624	0.00702	0.01045	0.01423	0.01883	0.07707	0.62369	0.10104	0.02095	0.00892	0.00280	0.00425	0.01888	0.00655	0.00593
12	0.00912	0.00651	0.00856	0.00957	0.01029	0.00608	0.00653	0.01085	0.01516	0.02065	0.20959	0.53322	0.05128	0.05478	0.01020	0.00291	0.00406	0.01787	0.00682	0.00596
13	0.13444	0.00936	0.01063	0.01014	0.01251	0.00950	0.00759	0.01828	0.09359	0.08868	0.25305	0.21094	0.05915	0.03976	0.00867	0.00258	0.00452	0.01219	0.00687	0.00756
14	0.01059	0.00722	0.00849	0.00878	0.01055	0.00636	0.00628	0.01224	0.01548	0.07549	0.07837	0.32077	0.34255	0.05095	0.00979	0.00276	0.00414	0.01608	0.00674	0.00638
15	0.01672	0.06786	0.10169	0.02800	0.03543	0.01853	0.57833	0.02269	0.01650	0.02240	0.01397	0.01834	0.01054	0.00608	0.00801	0.00233	0.01159	0.00783	0.00351	0.00966
16	0.01223	0.00994	0.01126	0.01106	0.01364	0.01024	0.00873	0.02032	0.22978	0.02436	0.14582	0.07633	0.23666	0.01534	0.00835	0.00258	0.00483	0.14368	0.00699	0.00788
17	0.00891	0.00635	0.00838	0.00971	0.01024	0.00594	0.00651	0.01033	0.01421	0.01914	0.11309	0.63403	0.04835	0.05591	0.01030	0.00301	0.00418	0.01894	0.00664	0.00582
18	0.01428	0.03683	0.71286	0.02030	0.03082	0.01654	0.02631	0.02255	0.01503	0.02255	0.01278	0.01503	0.00902	0.00677	0.00677	0.00226	0.01052	0.00526	0.00301	0.01052
19	0.00892	0.00630	0.00819	0.00960	0.00996	0.00595	0.00628	0.00998	0.01316	0.01754	0.03680	0.64345	0.04401	0.12818	0.01304	0.00348	0.00453	0.01880	0.00628	0.00557
20	0.07722	0.01194	0.01169	0.01047	0.01349	0.05326	0.00794	0.09839	0.07978	0.07810	0.06094	0.06198	0.27612	0.11395	0.01144	0.00293	0.00566	0.01065	0.00628	0.00777
21	0.35378	0.01185	0.01220	0.01046	0.01452	0.01223	0.00841	0.04712	0.01663	0.22833	0.10623	0.07422	0.05710	0.00999	0.00634	0.00226	0.00530	0.00774	0.00648	0.00882
22	0.01951	0.01175	0.01398	0.01208	0.01566	0.01205	0.00938	0.02884	0.27674	0.23010	0.19083	0.03389	0.03183	0.06895	0.00979	0.00266	0.00531	0.00914	0.00762	0.00987
23	0.01010	0.00726	0.00941	0.01038	0.01136	0.00699	0.00739	0.04741	0.01585	0.02134	0.13131	0.55543	0.04754	0.02026	0.00894	0.00279	0.00442	0.06869	0.00681	0.00632
24	0.00923	0.00651	0.00822	0.00920	0.00995	0.00608	0.00622	0.01076	0.01441	0.01956	0.12556	0.49612	0.09813	0.09452	0.01152	0.00312	0.00423	0.01722	0.04363	0.00581
25	0.00868	0.00620	0.00826	0.00991	0.01033	0.00578	0.00661	0.00991	0.01363	0.01818	0.03925	0.74510	0.04710	0.02231	0.00909	0.00289	0.00413	0.02024	0.00661	0.00578
26	0.00868	0.00620	0.00826	0.00991	0.01033	0.00578	0.00661	0.00991	0.01363	0.01818	0.03925	0.74510	0.04710	0.02231	0.00909	0.00289	0.00413	0.02024	0.00661	0.00578
27	0.01654	0.01835	0.08914	0.25835	0.27626	0.03850	0.12663	0.05011	0.01645	0.02227	0.01335	0.01791	0.01040	0.00670	0.00725	0.00225	0.00965	0.00652	0.00354	0.00981
28	0.01668	0.01210	0.01348	0.04327	0.01564	0.03684	0.00915	0.18050	0.06244	0.05185	0.02244	0.05690	0.03983	0.19608	0.11264	0.02605	0.00844	0.00841	0.07938	0.00787
29	0.01867	0.01566	0.01667	0.01436	0.01883	0.01749	0.01130	0.12174	0.53823	0.03115	0.02580	0.02415	0.01936	0.00908	0.00704	0.00224	0.00589	0.00746	0.00693	0.08795
30	0.12951	0.01472	0.07109	0.01345	0.01883	0.01270	0.04591	0.05412	0.07880	0.36709	0.02812	0.02625	0.08940	0.00927	0.00696	0.00226	0.00641	0.00753	0.00704	0.01053
31	0.01789	0.01879	0.06418	0.04125	0.63692	0.05112	0.02169	0.02221	0.01634	0.02294	0.01325	0.01726	0.01106	0.00641	0.00700	0.00211	0.00878	0.00620	0.00350	0.01109
32	0.01484	0.01292	0.01540	0.01128	0.01704	0.01059	0.00908	0.01786	0.01442	0.02266	0.01236	0.01484	0.01044	0.00592	0.00689	0.00124	0.07067	0.00440	0.00412	0.72306

[dist]
# distance from previous block
# <min> <max>
11	16

[block]
# block no. 3 follows, 29 sequences, length 35
# corresponding to MSA columns:
# 417-451
name=unknown_D
#
# <colnr> <probs for GDERKNQSTAVLIFYWHMCP>
#	G	D	E	R	K	N	Q	S	T	A	V	L	I	F	Y	W	H	M	C	P
0	0.14633	0.10333	0.41226	0.03571	0.07952	0.01723	0.02021	0.02202	0.01460	0.04294	0.01270	0.01508	0.00954	0.00826	0.03004	0.00247	0.00936	0.00512	0.00348	0.00982
1	0.01372	0.01283	0.02102	0.68628	0.04707	0.01594	0.01923	0.01946	0.05802	0.01894	0.01371	0.01947	0.01028	0.00728	0.00713	0.00238	0.00924	0.00644	0.00343	0.00813
2	0.02611	0.03008	0.02098	0.01959	0.06613	0.53788	0.01424	0.15678	0.02255	0.02322	0.01236	0.01399	0.00989	0.00751	0.00660	0.00191	0.01157	0.00506	0.00434	0.00921
3	0.05623	0.00719	0.00978	0.00962	0.01012	0.00747	0.00660	0.01176	0.05353	0.01457	0.01331	0.02141	0.01272	0.02276	0.02521	0.69813	0.00611	0.00618	0.00343	0.00388
4	0.00967	0.00679	0.00893	0.00964	0.01052	0.00647	0.00682	0.01127	0.01485	0.02011	0.19531	0.35331	0.07741	0.08707	0.04598	0.05449	0.00519	0.06405	0.00634	0.00580
5	0.00924	0.00658	0.00858	0.00943	0.01018	0.00616	0.00643	0.01099	0.01524	0.02082	0.23215	0.47689	0.05102	0.08779	0.01142	0.00307	0.00416	0.01716	0.00676	0.00592
6	0.14803	0.01368	0.01623	0.01281	0.01806	0.01345	0.01052	0.12131	0.07176	0.46371	0.02387	0.02149	0.01566	0.00850	0.00674	0.00221	0.00619	0.00662	0.00779	0.01138
7	0.02744	0.01935	0.02100	0.01610	0.02179	0.02120	0.01330	0.63265	0.03249	0.09522	0.01793	0.01764	0.01253	0.00857	0.00713	0.00214	0.00770	0.00647	0.00725	0.01211
8	0.02680	0.01095	0.01485	0.01184	0.01641	0.00956	0.00959	0.02962	0.02009	0.55102	0.16127	0.05583	0.02846	0.01043	0.00747	0.00224	0.00546	0.00876	0.00854	0.01083
9	0.00899	0.00645	0.00838	0.00963	0.01027	0.00603	0.00654	0.01042	0.01421	0.01897	0.10041	0.58069	0.07973	0.07201	0.01091	0.00310	0.00430	0.03662	0.00656	0.00580
10	0.80005	0.01377	0.01047	0.00936	0.01377	0.01597	0.00771	0.02093	0.01212	0.03195	0.00991	0.01157	0.00771	0.00661	0.00441	0.00220	0.00551	0.00386	0.00441	0.00771
11	0.01013	0.00683	0.00791	0.00810	0.00823	0.00675	0.00473	0.01045	0.01125	0.01508	0.05722	0.13682	0.03060	0.62081	0.03141	0.00616	0.00638	0.01175	0.00478	0.00462
12	0.66235	0.01272	0.01032	0.00930	0.01332	0.01444	0.00755	0.02044	0.01300	0.05440	0.04368	0.03767	0.01266	0.00764	0.00487	0.00219	0.00525	0.00507	0.05544	0.00769
13	0.01298	0.00900	0.01010	0.00934	0.01081	0.00925	0.00642	0.09745	0.05032	0.02274	0.14513	0.06300	0.04807	0.37091	0.02140	0.00447	0.00579	0.01023	0.08619	0.00640
14	0.00866	0.00625	0.00820	0.00976	0.01029	0.00580	0.00654	0.00993	0.01378	0.01824	0.04111	0.70684	0.08416	0.02207	0.00905	0.00286	0.00410	0.01995	0.00661	0.00580
15	0.01087	0.00780	0.00956	0.00929	0.01109	0.00736	0.00682	0.01462	0.06530	0.04748	0.38977	0.16608	0.15724	0.05251	0.00978	0.00262	0.00395	0.01377	0.00726	0.00683
16	0.09517	0.01004	0.01141	0.01080	0.01316	0.01021	0.00806	0.12686	0.01787	0.07782	0.08581	0.30378	0.08406	0.07902	0.01039	0.00291	0.00526	0.03332	0.00654	0.00753
17	0.01094	0.00690	0.00897	0.00987	0.01065	0.00650	0.00671	0.01215	0.01363	0.06983	0.03488	0.51021	0.04019	0.16981	0.01453	0.00368	0.00498	0.05327	0.00630	0.00601
18	0.00974	0.00733	0.00905	0.00880	0.01067	0.00664	0.00673	0.01267	0.01881	0.02550	0.48182	0.05937	0.23630	0.01588	0.00851	0.00236	0.00367	0.06222	0.00741	0.00652
19	0.01053	0.00690	0.00761	0.00761	0.00794	0.00682	0.00446	0.01099	0.01121	0.01548	0.02578	0.04596	0.06953	0.62502	0.03118	0.00607	0.00632	0.01028	0.08564	0.00467
20	0.01065	0.00717	0.00913	0.00986	0.01094	0.00679	0.00681	0.01302	0.04530	0.05791	0.11822	0.50167	0.07921	0.07488	0.01084	0.00303	0.00440	0.01707	0.00673	0.00639
21	0.01986	0.01513	0.01640	0.01436	0.01864	0.01704	0.01128	0.06762	0.58063	0.11246	0.02832	0.02584	0.02079	0.00951	0.00723	0.00238	0.00579	0.00787	0.00743	0.01141
22	0.02707	0.01995	0.02137	0.01638	0.02208	0.02208	0.01353	0.68159	0.03348	0.04488	0.01710	0.01710	0.01211	0.00855	0.00712	0.00214	0.00784	0.00641	0.00712	0.01211
23	0.00916	0.00667	0.00809	0.00888	0.00963	0.00630	0.00588	0.01025	0.01316	0.01713	0.04026	0.38138	0.17215	0.21838	0.05560	0.00434	0.00559	0.01584	0.00584	0.00547
24	0.00919	0.00671	0.00851	0.00916	0.01020	0.00617	0.00637	0.01111	0.01586	0.02140	0.25522	0.40209	0.13181	0.05949	0.01029	0.00284	0.00397	0.01670	0.00688	0.00603
25	0.03113	0.01194	0.01626	0.01253	0.01790	0.01033	0.01033	0.03391	0.02037	0.68489	0.05316	0.02531	0.01947	0.00903	0.00721	0.00220	0.00596	0.00737	0.00878	0.01192
26	0.01863	0.68215	0.06898	0.01290	0.01890	0.02729	0.01303	0.02117	0.01431	0.01705	0.01001	0.01181	0.00914	0.00645	0.00563	0.00164	0.04472	0.00400	0.00305	0.00914
27	0.04492	0.01407	0.02225	0.25521	0.10004	0.01541	0.11704	0.09149	0.06885	0.02414	0.05928	0.02455	0.03223	0.01064	0.03218	0.03830	0.00872	0.02735	0.00455	0.00879
28	0.00905	0.00642	0.00839	0.00956	0.01011	0.00603	0.00639	0.01047	0.01424	0.01922	0.13283	0.57434	0.04782	0.09535	0.01176	0.00321	0.00430	0.01818	0.00655	0.00577
29	0.00966	0.00725	0.00860	0.00857	0.01001	0.00687	0.00616	0.01149	0.01492	0.01954	0.18207	0.05518	0.27047	0.21400	0.10434	0.00472	0.00650	0.04792	0.00591	0.00579
30	0.60874	0.11300	0.05735	0.01047	0.01557	0.01729	0.00948	0.02093	0.01274	0.02892	0.01023	0.01192	0.00812	0.00648	0.00462	0.00206	0.00608	0.00395	0.00413	0.04790
31	0.01822	0.01348	0.01536	0.01228	0.01686	0.01318	0.00966	0.13084	0.15139	0.09273	0.03840	0.02466	0.04240	0.08493	0.01011	0.00236	0.02865	0.00693	0.00589	0.28167
32	0.01743	0.01797	0.06162	0.04192	0.63985	0.01696	0.05540	0.02193	0.01619	0.02321	0.01342	0.01758	0.01115	0.00635	0.00710	0.00214	0.00874	0.00640	0.00350	0.01116
33	0.10225	0.22800	0.10611	0.01293	0.01917	0.01675	0.01242	0.02649	0.01670	0.29773	0.01779	0.01731	0.01251	0.00724	0.00592	0.00191	0.00692	0.00537	0.00560	0.08087
34	0.01064	0.00740	0.00951	0.00897	0.01080	0.00675	0.00673	0.01376	0.01959	0.05087	0.59992	0.07772	0.12058	0.01494	0.00838	0.00228	0.00350	0.01313	0.00772	0.00681

[dist]
# distance from previous block
# <min> <max>
0	1

[block]
# block no. 4 follows, 29 sequences, length 10
# corresponding to MSA columns:
# 453-462
name=unknown_E
#
# <colnr> <probs for GDERKNQSTAVLIFYWHMCP>
#	G	D	E	R	K	N	Q	S	T	A	V	L	I	F	Y	W	H	M	C	P
0	0.10315	0.03220	0.08846	0.01764	0.02206	0.57980	0.01441	0.02709	0.01885	0.01940	0.01107	0.01293	0.00901	0.00721	0.00625	0.00191	0.01187	0.00458	0.00368	0.00843
1	0.01855	0.01469	0.01673	0.01292	0.01811	0.01412	0.01037	0.25444	0.02117	0.03015	0.01697	0.09436	0.01499	0.00859	0.00712	0.00173	0.03737	0.00682	0.00547	0.39533
2	0.01095	0.01703	0.23699	0.01221	0.01699	0.00994	0.01272	0.01548	0.03566	0.02131	0.10759	0.08614	0.30901	0.04423	0.00908	0.00258	0.00615	0.03282	0.00548	0.00763
3	0.00944	0.00706	0.01014	0.01093	0.01190	0.00663	0.03580	0.01133	0.01483	0.01995	0.12106	0.56926	0.04753	0.02041	0.00904	0.00282	0.00458	0.07452	0.00663	0.00613
4	0.01666	0.07635	0.20038	0.07441	0.44838	0.01760	0.02213	0.02178	0.01568	0.02232	0.01294	0.01659	0.01045	0.00647	0.00680	0.00212	0.00897	0.00588	0.00334	0.01074
5	0.01627	0.03208	0.48996	0.02534	0.18106	0.08748	0.02405	0.02299	0.01582	0.02219	0.01274	0.01539	0.00954	0.00673	0.00679	0.00218	0.01029	0.00544	0.00319	0.01046
6	0.00894	0.00734	0.00794	0.00809	0.01034	0.00634	0.00627	0.01106	0.01659	0.02031	0.12292	0.06864	0.56533	0.01793	0.00859	0.00250	0.00395	0.09406	0.00671	0.00614
7	0.00922	0.00672	0.00880	0.01026	0.01115	0.00631	0.00747	0.01094	0.01450	0.01894	0.04272	0.53056	0.12146	0.02127	0.00916	0.00291	0.00457	0.15045	0.00660	0.00597
8	0.01509	0.05183	0.06577	0.01211	0.01523	0.01194	0.01012	0.14823	0.01980	0.06112	0.21910	0.23653	0.03808	0.03414	0.00906	0.00251	0.02247	0.01214	0.00657	0.00817
9	0.09305	0.02078	0.01942	0.05664	0.02215	0.14541	0.01297	0.43364	0.02714	0.03633	0.01545	0.01646	0.01138	0.00807	0.00665	0.00208	0.00838	0.00587	0.04763	0.01050

[dist]
# distance from previous block
# <min> <max>
0	1

[block]
# block no. 5 follows, 29 sequences, length 82
# corresponding to MSA columns:
# 464-545
name=unknown_F
#
# <colnr> <probs for GDERKNQSTAVLIFYWHMCP>
#	G	D	E	R	K	N	Q	S	T	A	V	L	I	F	Y	W	H	M	C	P
0	0.40385	0.01694	0.01605	0.01296	0.01803	0.01910	0.01070	0.35956	0.02307	0.03857	0.01360	0.01440	0.00997	0.00760	0.00580	0.00217	0.00670	0.00517	0.00580	0.00997
1	0.04468	0.25074	0.13302	0.01463	0.02087	0.16893	0.01388	0.07014	0.01714	0.02173	0.01171	0.01343	0.00960	0.00648	0.00564	0.00167	0.00863	0.00448	0.00377	0.17883
2	0.00967	0.00762	0.00857	0.00835	0.01047	0.00682	0.00624	0.03649	0.01789	0.02305	0.26574	0.12157	0.41808	0.01696	0.00842	0.00239	0.00373	0.01449	0.00702	0.00644
3	0.02745	0.01934	0.02099	0.01610	0.02178	0.02118	0.01330	0.63141	0.03246	0.09649	0.01795	0.01765	0.01254	0.00857	0.00713	0.00214	0.00770	0.00647	0.00725	0.01211
4	0.01480	0.01365	0.04126	0.32194	0.18108	0.01428	0.03998	0.02003	0.05942	0.05095	0.05627	0.05121	0.07013	0.00921	0.00745	0.00235	0.00795	0.02470	0.00448	0.00887
5	0.04664	0.01313	0.01470	0.01249	0.01631	0.01391	0.00983	0.15586	0.22331	0.13539	0.16095	0.03286	0.07266	0.04884	0.00891	0.00252	0.00561	0.00897	0.00729	0.00984
6	0.18239	0.01416	0.01620	0.01280	0.01785	0.01434	0.01049	0.19763	0.02155	0.36771	0.02083	0.01974	0.01396	0.00913	0.00767	0.04291	0.00641	0.00626	0.00721	0.01078
7	0.01283	0.00664	0.00675	0.00683	0.00846	0.00657	0.00508	0.01597	0.01492	0.02580	0.02617	0.06537	0.04931	0.00944	0.00534	0.00175	0.00337	0.00770	0.71515	0.00657
8	0.01228	0.00803	0.00967	0.00892	0.01082	0.00747	0.00647	0.03668	0.01761	0.08274	0.34112	0.05094	0.17558	0.18355	0.01465	0.00334	0.00461	0.01200	0.00685	0.00668
9	0.01511	0.00820	0.01063	0.01042	0.01245	0.00754	0.00756	0.01750	0.03952	0.19593	0.07980	0.40729	0.08057	0.06004	0.01003	0.00286	0.00475	0.01509	0.00714	0.00758
10	0.01327	0.00783	0.01038	0.00974	0.01177	0.00713	0.00729	0.01611	0.01889	0.13460	0.46310	0.18616	0.05533	0.01519	0.00834	0.00236	0.00394	0.01344	0.00775	0.00739
11	0.01088	0.00877	0.01182	0.01174	0.01312	0.03968	0.00911	0.01339	0.01182	0.01657	0.01872	0.02732	0.01743	0.05141	0.69063	0.01103	0.01880	0.00750	0.00381	0.00644
12	0.01327	0.00664	0.00664	0.00664	0.00830	0.00664	0.00498	0.01659	0.01493	0.02655	0.02323	0.02655	0.01825	0.00830	0.00498	0.00166	0.00332	0.00664	0.78928	0.00664
13	0.00918	0.00714	0.00818	0.00810	0.00992	0.00631	0.00591	0.01139	0.01709	0.02222	0.29816	0.11211	0.37395	0.06619	0.01033	0.00268	0.00378	0.01431	0.00691	0.00614
14	0.00958	0.00742	0.00875	0.00847	0.01044	0.00670	0.00633	0.01270	0.03645	0.02455	0.41225	0.08715	0.31110	0.01609	0.00840	0.00234	0.00355	0.01389	0.00730	0.00653
15	0.02135	0.01416	0.01593	0.01375	0.01814	0.01533	0.01086	0.03608	0.48465	0.21783	0.03012	0.02727	0.04249	0.00970	0.00726	0.00236	0.00569	0.00803	0.00766	0.01134
16	0.01477	0.01266	0.01477	0.01055	0.01687	0.00949	0.00844	0.01793	0.01477	0.02320	0.01266	0.01477	0.01055	0.00527	0.00527	0.00105	0.00527	0.00422	0.00422	0.79328
17	0.00968	0.00718	0.00878	0.00942	0.01065	0.00664	0.00659	0.02710	0.01495	0.01970	0.09459	0.41937	0.16887	0.09464	0.01156	0.00310	0.00449	0.04456	0.00640	0.03174
18	0.00886	0.00633	0.00847	0.01012	0.01062	0.00594	0.00693	0.01023	0.01381	0.01838	0.03915	0.70193	0.04670	0.02214	0.00914	0.00292	0.00429	0.06163	0.00661	0.00583
19	0.01428	0.03683	0.71286	0.02030	0.03082	0.01654	0.02631	0.02255	0.01503	0.02255	0.01278	0.01503	0.00902	0.00677	0.00677	0.00226	0.01052	0.00526	0.00301	0.01052
20	0.01428	0.03683	0.71286	0.02030	0.03082	0.01654	0.02631	0.02255	0.01503	0.02255	0.01278	0.01503	0.00902	0.00677	0.00677	0.00226	0.01052	0.00526	0.00301	0.01052
21	0.04191	0.01016	0.01107	0.01039	0.01332	0.01034	0.00809	0.02078	0.21930	0.05441	0.15665	0.05022	0.29373	0.01424	0.00796	0.00242	0.00455	0.05537	0.00701	0.00807
22	0.01003	0.00728	0.00945	0.00890	0.01061	0.00670	0.00668	0.01334	0.02003	0.02826	0.68183	0.05367	0.08711	0.01467	0.00840	0.00224	0.00337	0.01295	0.00780	0.00670
23	0.01017	0.00763	0.01144	0.01144	0.01272	0.00890	0.00890	0.01272	0.01144	0.01653	0.01907	0.02797	0.01780	0.05340	0.72153	0.01144	0.01907	0.00763	0.00381	0.00636
24	0.01345	0.01266	0.02136	0.73264	0.04904	0.01582	0.01978	0.01819	0.01424	0.01819	0.01266	0.01898	0.00949	0.00712	0.00712	0.00237	0.00949	0.00633	0.00316	0.00791
25	0.61628	0.01351	0.01301	0.17834	0.02201	0.01594	0.01053	0.02029	0.01261	0.02873	0.01056	0.01330	0.00813	0.00673	0.00504	0.00224	0.00644	0.00443	0.00412	0.00776
26	0.01033	0.00696	0.00803	0.00800	0.00815	0.00698	0.00465	0.01064	0.01097	0.01478	0.06160	0.04617	0.02793	0.67686	0.06449	0.00683	0.00723	0.01038	0.00450	0.00454
27	0.00899	0.00636	0.00831	0.00975	0.01015	0.00601	0.00648	0.01014	0.01330	0.01772	0.03700	0.63060	0.04411	0.11723	0.01266	0.00343	0.00458	0.04126	0.00631	0.00562
28	0.00868	0.00620	0.00826	0.00991	0.01033	0.00578	0.00661	0.00991	0.01363	0.01818	0.03925	0.74510	0.04710	0.02231	0.00909	0.00289	0.00413	0.02024	0.00661	0.00578
29	0.02030	0.01507	0.01683	0.01529	0.04200	0.01676	0.01161	0.06487	0.53777	0.13447	0.02780	0.02549	0.02033	0.00937	0.00722	0.00236	0.00589	0.00778	0.00735	0.01144
30	0.02666	0.01852	0.02052	0.03419	0.02204	0.02025	0.01321	0.57391	0.03086	0.11308	0.01820	0.01826	0.01282	0.01007	0.03144	0.00247	0.00807	0.00653	0.00709	0.01181
31	0.00864	0.00635	0.00811	0.00952	0.01022	0.00582	0.00643	0.00996	0.01401	0.01833	0.04407	0.64586	0.14323	0.02168	0.00899	0.00282	0.00405	0.01948	0.00661	0.00582
32	0.02763	0.01464	0.01751	0.01370	0.01883	0.01467	0.01121	0.27685	0.04472	0.37205	0.04616	0.04243	0.01812	0.00928	0.00716	0.00218	0.00647	0.00743	0.03743	0.01153
33	0.02725	0.01966	0.02119	0.01625	0.02194	0.02165	0.01342	0.65772	0.03300	0.06943	0.01750	0.01736	0.01231	0.00856	0.00712	0.00214	0.00777	0.00644	0.00719	0.01211
34	0.01719	0.01580	0.03986	0.14103	0.07869	0.01744	0.01412	0.05512	0.47783	0.02757	0.02401	0.02386	0.01806	0.00883	0.00719	0.00237	0.00675	0.00747	0.00611	0.01070
35	0.01229	0.00891	0.01202	0.01329	0.01517	0.00908	0.01154	0.03938	0.04508	0.02250	0.03661	0.07584	0.03916	0.01886	0.00963	0.00320	0.00656	0.60733	0.00661	0.00695
36	0.01868	0.02622	0.24384	0.02977	0.31084	0.12886	0.04178	0.07327	0.01780	0.02374	0.01313	0.01605	0.01028	0.00679	0.00691	0.00213	0.00987	0.00579	0.00366	0.01057
37	0.01228	0.00621	0.00910	0.00916	0.00926	0.00619	0.00614	0.00968	0.00973	0.01331	0.01390	0.04804	0.01393	0.02380	0.02598	0.72353	0.00596	0.00672	0.04371	0.00337
38	0.01550	0.01574	0.03139	0.11307	0.09081	0.01522	0.39203	0.01975	0.01529	0.02089	0.01466	0.04583	0.01219	0.00895	0.01026	0.09644	0.00996	0.00787	0.00363	0.06050
39	0.01855	0.02073	0.07102	0.03222	0.30273	0.09496	0.24236	0.05865	0.01767	0.02360	0.01361	0.01735	0.01077	0.00644	0.00736	0.00215	0.01011	0.00671	0.00376	0.03924
40	0.03195	0.01212	0.01652	0.01267	0.01818	0.01047	0.01047	0.03470	0.02038	0.71026	0.02809	0.02424	0.01763	0.00881	0.00716	0.00220	0.00606	0.00716	0.00881	0.01212
41	0.00966	0.00702	0.00910	0.00909	0.01051	0.00646	0.00662	0.01244	0.01843	0.02563	0.51335	0.21513	0.09683	0.01655	0.00856	0.00240	0.00355	0.01471	0.00749	0.00646
42	0.01091	0.00736	0.00914	0.00901	0.01066	0.00672	0.00656	0.01318	0.01704	0.06420	0.32351	0.17231	0.18090	0.09985	0.01166	0.00295	0.00422	0.03636	0.00700	0.00647
43	0.00943	0.00767	0.00842	0.00835	0.01051	0.00693	0.00621	0.01276	0.06222	0.02191	0.20563	0.12842	0.45184	0.01712	0.00840	0.00242	0.00374	0.01459	0.00693	0.00650
44	0.02679	0.01981	0.02121	0.01633	0.02198	0.02195	0.01347	0.66251	0.05301	0.04443	0.01745	0.01738	0.01239	0.00858	0.00713	0.00215	0.00777	0.00646	0.00713	0.01208
45	0.02740	0.01941	0.02104	0.01613	0.02182	0.02129	0.01333	0.63775	0.03259	0.08998	0.01784	0.01758	0.01248	0.00857	0.00713	0.00214	0.00772	0.00646	0.00724	0.01211
46	0.17446	0.01033	0.01197	0.01050	0.01401	0.01000	0.00831	0.02214	0.03560	0.25686	0.17586	0.10712	0.09126	0.01216	0.00727	0.00234	0.00495	0.02896	0.00720	0.00869
47	0.01074	0.00758	0.00882	0.00832	0.01064	0.00661	0.00631	0.01326	0.01816	0.07084	0.33263	0.05905	0.38920	0.01594	0.00832	0.00232	0.00367	0.01358	0.00728	0.00673
48	0.01036	0.00690	0.00777	0.00777	0.00777	0.00690	0.00431	0.01036	0.01036	0.01381	0.02244	0.04660	0.02589	0.74975	0.03624	0.00690	0.00690	0.01036	0.00431	0.00431
49	0.02804	0.01839	0.02041	0.01565	0.02131	0.01977	0.01292	0.55298	0.03088	0.17716	0.01928	0.01852	0.01321	0.00860	0.00713	0.00215	0.00748	0.00656	0.00746	0.01211
50	0.03100	0.01191	0.01622	0.01251	0.01785	0.01030	0.01030	0.03378	0.02037	0.68080	0.05720	0.02549	0.01977	0.00906	0.00721	0.00220	0.00594	0.00741	0.00877	0.01188
51	0.05645	0.01268	0.01597	0.01256	0.01765	0.01184	0.01029	0.09891	0.05579	0.51591	0.05291	0.02686	0.06004	0.00951	0.00718	0.00222	0.00596	0.00769	0.00823	0.01135
52	0.01558	0.01558	0.02181	0.01869	0.01869	0.02181	0.01558	0.01714	0.01091	0.01714	0.00935	0.01558	0.00935	0.01246	0.02337	0.00312	0.73672	0.00623	0.00312	0.00779
53	0.00994	0.00673	0.00789	0.00829	0.00840	0.00663	0.00488	0.01025	0.01116	0.01488	0.02657	0.21846	0.03111	0.57077	0.02956	0.00592	0.00622	0.01279	0.00488	0.00468
54	0.02707	0.01995	0.02137	0.01638	0.02208	0.02208	0.01353	0.68159	0.03348	0.04488	0.01710	0.01710	0.01211	0.00855	0.00712	0.00214	0.00784	0.00641	0.00712	0.01211
55	0.51805	0.01309	0.01190	0.01019	0.01459	0.01424	0.00833	0.06749	0.01562	0.14567	0.04085	0.02077	0.07734	0.00844	0.00556	0.00222	0.00551	0.00593	0.00565	0.00856
56	0.03721	0.13040	0.57595	0.01931	0.02894	0.01812	0.05082	0.02235	0.01495	0.02206	0.01238	0.01463	0.00907	0.00664	0.00648	0.00216	0.01006	0.00516	0.00308	0.01022
57	0.02510	0.17710	0.02359	0.01712	0.02127	0.58339	0.01345	0.02702	0.01904	0.01729	0.01079	0.01256	0.00917	0.00709	0.00605	0.00177	0.01180	0.00443	0.00355	0.00843
58	0.01235	0.00849	0.00947	0.00893	0.00965	0.00873	0.00555	0.09333	0.01336	0.01784	0.02251	0.07339	0.02511	0.62641	0.03146	0.00614	0.00690	0.01030	0.00476	0.00534
59	0.00903	0.00676	0.00838	0.00899	0.01025	0.00611	0.00635	0.01102	0.01618	0.02148	0.24197	0.37920	0.21029	0.01900	0.00872	0.00258	0.00378	0.01682	0.00697	0.00611
60	0.01681	0.01921	0.04202	0.03001	0.03721	0.01801	0.67947	0.02281	0.01681	0.02281	0.01441	0.01921	0.01080	0.00600	0.00840	0.00240	0.01200	0.00840	0.00360	0.00960
61	0.00868	0.00620	0.00826	0.00991	0.01033	0.00578	0.00661	0.00991	0.01363	0.01818	0.03925	0.74510	0.04710	0.02231	0.00909	0.00289	0.00413	0.02024	0.00661	0.00578
62	0.01093	0.00724	0.00812	0.00797	0.00826	0.00727	0.00467	0.02808	0.01153	0.01578	0.04598	0.04503	0.02658	0.66686	0.03291	0.00635	0.00662	0.01015	0.04494	0.00472
63	0.16612	0.00849	0.00833	0.00806	0.01066	0.00812	0.00615	0.01294	0.01605	0.02346	0.17545	0.07837	0.42313	0.01527	0.00764	0.00235	0.00396	0.01259	0.00640	0.00647
64	0.00899	0.00752	0.00786	0.00773	0.01009	0.00654	0.00581	0.01169	0.04174	0.02092	0.15821	0.06484	0.58884	0.01724	0.00837	0.00238	0.00365	0.01447	0.00681	0.00630
65	0.80005	0.01377	0.01047	0.00936	0.01377	0.01597	0.00771	0.02093	0.01212	0.03195	0.00991	0.01157	0.00771	0.00661	0.00441	0.00220	0.00551	0.00386	0.00441	0.00771
66	0.01229	0.05678	0.00927	0.00783	0.00952	0.00790	0.00586	0.01477	0.01469	0.02322	0.06268	0.14851	0.06899	0.03985	0.00792	0.02695	0.00399	0.00967	0.46288	0.00643
67	0.03890	0.00797	0.00945	0.00906	0.01106	0.00759	0.00679	0.01447	0.06375	0.02620	0.46118	0.10019	0.18663	0.01516	0.00823	0.00233	0.00369	0.01316	0.00735	0.00686
68	0.00936	0.05642	0.01017	0.00996	0.01083	0.00730	0.00693	0.01069	0.01380	0.01813	0.03863	0.66801	0.07154	0.02104	0.00876	0.00278	0.00434	0.01893	0.00637	0.00602
69	0.72325	0.01321	0.01050	0.00950	0.01368	0.01512	0.00772	0.02062	0.01247	0.05195	0.01244	0.06118	0.01066	0.00773	0.00481	0.00225	0.00543	0.00506	0.00469	0.00772
70	0.04429	0.00979	0.01165	0.01008	0.01288	0.01003	0.05183	0.09177	0.04533	0.05813	0.02251	0.05051	0.01786	0.00870	0.00576	0.00188	0.00472	0.00721	0.52717	0.00788
71	0.07470	0.01545	0.01612	0.01292	0.01730	0.01693	0.01052	0.43328	0.02636	0.03839	0.01850	0.01962	0.01370	0.00834	0.00628	0.00199	0.00629	0.00631	0.24686	0.01014
72	0.01007	0.00753	0.01123	0.01134	0.01256	0.00869	0.00875	0.01253	0.01159	0.01664	0.02043	0.07609	0.01977	0.05132	0.67373	0.01087	0.01807	0.00848	0.00400	0.00632
73	0.01662	0.01008	0.01045	0.00916	0.01189	0.01058	0.00719	0.18716	0.01975	0.03095	0.02367	0.02585	0.04486	0.00876	0.00567	0.00181	0.00449	0.00692	0.55612	0.00802
74	0.06551	0.00670	0.00929	0.00933	0.00965	0.00682	0.00632	0.01011	0.00976	0.01409	0.01401	0.06950	0.01438	0.02335	0.02498	0.68624	0.00600	0.00697	0.00342	0.00359
75	0.02263	0.01774	0.01887	0.01549	0.02039	0.02001	0.01246	0.37634	0.34596	0.03772	0.02273	0.02159	0.01667	0.00908	0.00718	0.00227	0.00679	0.00719	0.00718	0.01171
76	0.74736	0.01370	0.01075	0.00944	0.01398	0.01554	0.00776	0.02073	0.01230	0.03136	0.01010	0.01178	0.00790	0.00652	0.00446	0.00213	0.00549	0.00388	0.00439	0.06042
77	0.02369	0.11435	0.02277	0.06726	0.07624	0.48087	0.01447	0.04624	0.05382	0.01930	0.01228	0.01429	0.01009	0.00726	0.00636	0.00189	0.01114	0.00498	0.00384	0.00884
78	0.00878	0.00629	0.00819	0.00966	0.01013	0.00587	0.00641	0.00996	0.01352	0.01793	0.03948	0.67013	0.07289	0.07094	0.01088	0.00314	0.00430	0.01936	0.00646	0.00569
79	0.02058	0.01450	0.01890	0.17843	0.08431	0.01565	0.01389	0.23618	0.04751	0.13706	0.05166	0.02577	0.08054	0.01071	0.03028	0.00254	0.00768	0.00769	0.00606	0.01007
80	0.02576	0.01929	0.02063	0.01612	0.02158	0.02147	0.01322	0.59130	0.12590	0.04276	0.01876	0.01842	0.01346	0.00870	0.00714	0.00218	0.00753	0.00664	0.00714	0.01199
81	0.02530	0.01860	0.02000	0.01536	0.02087	0.02019	0.01264	0.59071	0.03093	0.04210	0.01710	0.01746	0.01234	0.00827	0.00685	0.00202	0.00737	0.00625	0.05216	0.07346

[dist]
# distance from previous block
# <min> <max>
0	4

[block]
# block no. 6 follows, 29 sequences, length 10
# corresponding to MSA columns:
# 550-559
name=unknown_G
#
# <colnr> <probs for GDERKNQSTAVLIFYWHMCP>
#	G	D	E	R	K	N	Q	S	T	A	V	L	I	F	Y	W	H	M	C	P
0	0.02707	0.01995	0.02137	0.01638	0.02208	0.02208	0.01353	0.68159	0.03348	0.04488	0.01710	0.01710	0.01211	0.00855	0.00712	0.00214	0.00784	0.00641	0.00712	0.01211
1	0.01068	0.00880	0.01205	0.01244	0.01283	0.01016	0.00931	0.01215	0.01311	0.01812	0.03128	0.50715	0.03675	0.01954	0.01289	0.00298	0.19678	0.06092	0.00569	0.00636
2	0.01022	0.00744	0.01048	0.01048	0.01142	0.00838	0.00770	0.01210	0.01116	0.01581	0.01996	0.03287	0.01993	0.23636	0.54148	0.01025	0.01588	0.00835	0.00395	0.00582
3	0.02426	0.02904	0.01911	0.01733	0.02109	0.53634	0.01310	0.03090	0.19681	0.02067	0.01573	0.01645	0.01247	0.00795	0.00664	0.00199	0.01095	0.00550	0.00461	0.00905
4	0.02493	0.01174	0.01706	0.20152	0.02555	0.01147	0.01255	0.02816	0.01842	0.46288	0.05543	0.05995	0.01922	0.00930	0.00730	0.00228	0.00674	0.00785	0.00718	0.01045
5	0.01046	0.00734	0.00917	0.00999	0.01069	0.00724	0.00689	0.04224	0.01392	0.01849	0.03270	0.39827	0.03793	0.25014	0.01764	0.00417	0.00552	0.10555	0.00590	0.00573
6	0.01516	0.01298	0.01408	0.01208	0.01635	0.01324	0.00942	0.02722	0.37865	0.02643	0.06659	0.03109	0.12214	0.01001	0.00696	0.00205	0.00512	0.00833	0.00639	0.21571
7	0.01028	0.00789	0.00997	0.01008	0.01205	0.00676	0.00709	0.01202	0.01393	0.01950	0.03226	0.55322	0.03749	0.01783	0.00809	0.00241	0.00443	0.01603	0.00598	0.21269
8	0.01164	0.00971	0.01267	0.01222	0.01324	0.01115	0.00952	0.01441	0.04576	0.02030	0.14217	0.17974	0.10822	0.08231	0.01510	0.00318	0.19707	0.09917	0.00571	0.00672
9	0.01041	0.00801	0.00921	0.00919	0.01112	0.00739	0.00667	0.06177	0.01694	0.02200	0.13575	0.29101	0.29905	0.04093	0.00932	0.00263	0.00423	0.01537	0.00666	0.03234

[dist]
# distance from previous block
# <min> <max>
0	99

# created by:
# /st0/software/busco_prod/Augustus/scripts/msa2prfl.pl ./align_prep/135492.fa
