[name]
unknown

[dist]
# distance from previous block
# <min> <max>
6	55

[block]
# block no. 0 follows, 25 sequences, length 11
# corresponding to MSA columns:
# 76-86
name=unknown_A
#
# <colnr> <probs for GDERKNQSTAVLIFYWHMCP>
#	G	D	E	R	K	N	Q	S	T	A	V	L	I	F	Y	W	H	M	C	P
0	0.01735	0.01612	0.02707	0.48239	0.08243	0.01853	0.11475	0.10223	0.01873	0.02460	0.01473	0.02036	0.01102	0.00772	0.00796	0.00254	0.01045	0.00724	0.00409	0.00968
1	0.11739	0.01435	0.01777	0.12154	0.02388	0.01523	0.02893	0.08745	0.09371	0.07779	0.02142	0.12450	0.01897	0.01068	0.00835	0.00238	0.04615	0.00872	0.00584	0.15496
2	0.02577	0.01839	0.02309	0.11073	0.12446	0.01970	0.01607	0.35592	0.02775	0.12184	0.01892	0.02015	0.01357	0.00864	0.00761	0.00231	0.00837	0.00698	0.02771	0.04202
3	0.01530	0.01117	0.01356	0.10170	0.01938	0.04192	0.01008	0.01786	0.01701	0.10654	0.05576	0.29253	0.12159	0.01581	0.00847	0.00253	0.00606	0.01380	0.00652	0.12241
4	0.01939	0.01948	0.12473	0.03467	0.41148	0.01589	0.02078	0.02402	0.01768	0.10925	0.02019	0.11079	0.01785	0.00957	0.00793	0.00245	0.00860	0.00881	0.00493	0.01150
5	0.02358	0.01802	0.02096	0.11931	0.02667	0.01921	0.01421	0.33815	0.09727	0.06159	0.01876	0.01982	0.01378	0.00848	0.00736	0.00216	0.00789	0.00670	0.00654	0.16954
6	0.01650	0.06296	0.03025	0.13775	0.03183	0.01867	0.25022	0.04524	0.01695	0.02265	0.02333	0.05408	0.09876	0.01058	0.01170	0.00270	0.14288	0.00936	0.00441	0.00918
7	0.02388	0.01721	0.02048	0.01863	0.10583	0.03631	0.01321	0.21786	0.02380	0.14291	0.02047	0.02103	0.03725	0.00820	0.00712	0.00195	0.00738	0.00660	0.00638	0.26350
8	0.04871	0.15293	0.05929	0.07536	0.02250	0.01880	0.03019	0.14344	0.01965	0.05055	0.02271	0.12591	0.05450	0.01148	0.00901	0.00242	0.07328	0.00902	0.03397	0.03628
9	0.01450	0.01089	0.01406	0.01606	0.11127	0.01117	0.00946	0.09632	0.01613	0.02187	0.02514	0.15391	0.02741	0.38295	0.05102	0.00552	0.00791	0.01176	0.00536	0.00728
10	0.02392	0.11051	0.02779	0.02376	0.10931	0.34287	0.09789	0.02987	0.11623	0.02248	0.01558	0.01760	0.01255	0.00788	0.00726	0.00217	0.01142	0.00624	0.00447	0.01020

[dist]
# distance from previous block
# <min> <max>
0	1

[block]
# block no. 1 follows, 25 sequences, length 32
# corresponding to MSA columns:
# 88-119
name=unknown_B
#
# <colnr> <probs for GDERKNQSTAVLIFYWHMCP>
#	G	D	E	R	K	N	Q	S	T	A	V	L	I	F	Y	W	H	M	C	P
0	0.01220	0.01022	0.01587	0.08457	0.01951	0.01202	0.04150	0.01524	0.01331	0.01875	0.02242	0.03051	0.05791	0.04413	0.49026	0.00955	0.08189	0.00856	0.00419	0.00738
1	0.02082	0.01815	0.02267	0.01725	0.02301	0.04868	0.10108	0.22814	0.02319	0.03177	0.02123	0.02293	0.07293	0.00899	0.00873	0.00208	0.06086	0.00728	0.00566	0.25456
2	0.04460	0.01551	0.01627	0.01659	0.08519	0.08227	0.01118	0.13663	0.06813	0.02703	0.03040	0.15784	0.10352	0.10527	0.01209	0.00309	0.00727	0.01110	0.00610	0.05992
3	0.01367	0.00795	0.01237	0.13087	0.01758	0.00855	0.00929	0.01178	0.01103	0.01456	0.01352	0.02307	0.01293	0.02362	0.02641	0.64101	0.00736	0.00676	0.00338	0.00427
4	0.01854	0.01765	0.02998	0.04514	0.63473	0.01762	0.02269	0.02293	0.01747	0.02496	0.01646	0.06596	0.01488	0.00806	0.00782	0.00236	0.00890	0.00791	0.00406	0.01188
5	0.01796	0.12953	0.17851	0.02236	0.02820	0.02145	0.18383	0.02274	0.01551	0.04483	0.01366	0.01804	0.01115	0.01092	0.03967	0.00304	0.21799	0.00687	0.00374	0.00998
6	0.01977	0.01952	0.03091	0.04595	0.64028	0.05863	0.02327	0.02422	0.01791	0.02495	0.01443	0.01888	0.01215	0.00697	0.00764	0.00228	0.00949	0.00679	0.00385	0.01209
7	0.00980	0.00692	0.00896	0.01037	0.01080	0.00654	0.00679	0.01101	0.01451	0.01941	0.06219	0.58743	0.04823	0.14059	0.01477	0.00385	0.00497	0.01997	0.00683	0.00607
8	0.01506	0.01421	0.02401	0.64816	0.11085	0.01734	0.02174	0.02018	0.01570	0.02032	0.01385	0.02054	0.01051	0.00767	0.00774	0.00256	0.01023	0.00689	0.00348	0.00895
9	0.01604	0.10542	0.62631	0.02127	0.03227	0.01920	0.02720	0.02443	0.01631	0.02396	0.01362	0.01600	0.00983	0.00730	0.00714	0.00238	0.01116	0.00558	0.00328	0.01132
10	0.02907	0.03373	0.02225	0.01952	0.02399	0.55401	0.01493	0.16274	0.02504	0.02531	0.01339	0.01496	0.01066	0.00827	0.00715	0.00207	0.01283	0.00541	0.00479	0.00988
11	0.01445	0.00723	0.00723	0.00723	0.00903	0.00723	0.00542	0.01807	0.01626	0.02891	0.02529	0.02891	0.01987	0.00903	0.00542	0.00181	0.00361	0.00723	0.77055	0.00723
12	0.01106	0.00790	0.01068	0.01084	0.01187	0.00858	0.00783	0.01300	0.01278	0.01805	0.02644	0.09903	0.05376	0.22116	0.40553	0.00944	0.01440	0.01059	0.04076	0.00630
13	0.01794	0.01741	0.02761	0.28374	0.40293	0.04481	0.02220	0.02329	0.04134	0.02336	0.01483	0.01988	0.01192	0.00739	0.00768	0.00240	0.00969	0.00690	0.00385	0.01083
14	0.01464	0.01378	0.02326	0.70887	0.05340	0.01723	0.02153	0.01981	0.01550	0.01981	0.01378	0.02067	0.01034	0.00775	0.00775	0.00258	0.01034	0.00689	0.00345	0.00861
15	0.01086	0.00792	0.01021	0.00964	0.01151	0.00727	0.00723	0.01441	0.02168	0.03046	0.63813	0.05895	0.11047	0.01609	0.00915	0.00245	0.00367	0.01417	0.00845	0.00727
16	0.01536	0.01452	0.02456	0.60418	0.15246	0.01742	0.02189	0.02044	0.01584	0.02068	0.01391	0.02044	0.01064	0.00762	0.00774	0.00254	0.01016	0.00689	0.00351	0.00919
17	0.01680	0.08074	0.58281	0.02185	0.03258	0.01863	0.06393	0.02501	0.01668	0.05025	0.01448	0.01679	0.01032	0.00736	0.00734	0.00241	0.01117	0.00592	0.00356	0.01137
18	0.05614	0.56797	0.13386	0.01470	0.02185	0.05538	0.01538	0.02371	0.01598	0.01998	0.01129	0.01309	0.00986	0.00682	0.00540	0.00182	0.00888	0.00442	0.00341	0.01006
19	0.01464	0.01378	0.02326	0.70887	0.05340	0.01723	0.02153	0.01981	0.01550	0.01981	0.01378	0.02067	0.01034	0.00775	0.00775	0.00258	0.01034	0.00689	0.00345	0.00861
20	0.05103	0.02194	0.02034	0.04927	0.02354	0.14641	0.01390	0.24369	0.28109	0.03496	0.02201	0.02173	0.01645	0.00940	0.00756	0.00240	0.00859	0.00722	0.00681	0.01166
21	0.01538	0.06221	0.02648	0.60053	0.04999	0.01834	0.07878	0.02050	0.01578	0.02017	0.01376	0.02015	0.01044	0.00757	0.00770	0.00253	0.01045	0.00692	0.00348	0.00887
22	0.00945	0.00675	0.00900	0.01080	0.01125	0.00630	0.00720	0.01080	0.01484	0.01979	0.04274	0.72245	0.05128	0.02429	0.00990	0.00315	0.00450	0.02204	0.00720	0.00630
23	0.00945	0.00675	0.00900	0.01080	0.01125	0.00630	0.00720	0.01080	0.01484	0.01979	0.04274	0.72245	0.05128	0.02429	0.00990	0.00315	0.00450	0.02204	0.00720	0.00630
24	0.01347	0.00673	0.01010	0.01010	0.01010	0.00673	0.00673	0.01010	0.01010	0.01347	0.01347	0.02357	0.01347	0.02694	0.03030	0.77441	0.00673	0.00673	0.00337	0.00337
25	0.02013	0.01873	0.03072	0.04486	0.61899	0.01894	0.02296	0.08159	0.01938	0.02749	0.01495	0.01914	0.01236	0.00713	0.00768	0.00231	0.00915	0.00692	0.00420	0.01236
26	0.01196	0.00844	0.01099	0.01213	0.01329	0.00840	0.00935	0.03520	0.01617	0.02130	0.03701	0.25231	0.04169	0.18073	0.01686	0.00430	0.00654	0.30015	0.00663	0.00656
27	0.01464	0.01378	0.02326	0.70887	0.05340	0.01723	0.02153	0.01981	0.01550	0.01981	0.01378	0.02067	0.01034	0.00775	0.00775	0.00258	0.01034	0.00689	0.00345	0.00861
28	0.01331	0.00989	0.01294	0.01264	0.01434	0.01008	0.03711	0.09438	0.01771	0.02419	0.03567	0.42259	0.05910	0.07357	0.01210	0.00327	0.03145	0.04501	0.06324	0.00743
29	0.02181	0.01711	0.01810	0.01406	0.01983	0.06486	0.01123	0.21027	0.02326	0.08220	0.04891	0.06314	0.01780	0.00889	0.00701	0.00184	0.00708	0.00710	0.00622	0.34927
30	0.05583	0.16393	0.08934	0.01486	0.02062	0.06969	0.01346	0.08452	0.06748	0.13150	0.02132	0.08611	0.01827	0.01007	0.00710	0.00222	0.00786	0.03656	0.00587	0.09339
31	0.02432	0.09464	0.02197	0.01571	0.02083	0.14654	0.05892	0.12496	0.05174	0.13963	0.01968	0.02061	0.01464	0.00832	0.00686	0.00205	0.00836	0.00652	0.13817	0.07551

[dist]
# distance from previous block
# <min> <max>
0	10

[block]
# block no. 2 follows, 25 sequences, length 22
# corresponding to MSA columns:
# 130-151
name=unknown_C
#
# <colnr> <probs for GDERKNQSTAVLIFYWHMCP>
#	G	D	E	R	K	N	Q	S	T	A	V	L	I	F	Y	W	H	M	C	P
0	0.04410	0.12139	0.02638	0.05948	0.02544	0.15911	0.12251	0.05026	0.09885	0.05131	0.02168	0.02333	0.06980	0.00915	0.00839	0.00230	0.04884	0.00739	0.00501	0.04528
1	0.01945	0.08961	0.03416	0.02525	0.05635	0.08222	0.27788	0.04596	0.01718	0.02295	0.01337	0.01799	0.01107	0.00861	0.01256	0.00256	0.19760	0.00723	0.00390	0.05408
2	0.02082	0.10766	0.07228	0.03427	0.32881	0.07642	0.15348	0.02551	0.01815	0.06720	0.01515	0.01861	0.01201	0.00709	0.00759	0.00228	0.01027	0.00688	0.00415	0.01135
3	0.01884	0.35427	0.31441	0.01754	0.02596	0.05819	0.01986	0.02536	0.05909	0.02191	0.01355	0.01528	0.01080	0.00727	0.00629	0.00208	0.00979	0.00517	0.00363	0.01070
4	0.01263	0.00945	0.01084	0.01084	0.01238	0.00965	0.00750	0.06039	0.09419	0.02205	0.03842	0.27041	0.12521	0.23354	0.04312	0.00460	0.00640	0.01484	0.00646	0.00709
5	0.00968	0.00783	0.00866	0.00896	0.01117	0.00681	0.00677	0.01189	0.01781	0.02208	0.13425	0.14975	0.48369	0.01994	0.00938	0.00274	0.00425	0.07035	0.00734	0.00665
6	0.02054	0.06235	0.08801	0.08966	0.36217	0.09750	0.06296	0.07829	0.01941	0.02568	0.01437	0.01815	0.01156	0.00731	0.00753	0.00229	0.01019	0.00658	0.00409	0.01136
7	0.02562	0.01877	0.01999	0.01584	0.02116	0.02064	0.01292	0.48699	0.08948	0.04343	0.02412	0.02407	0.05443	0.01000	0.00758	0.00231	0.00748	0.00773	0.09542	0.01202
8	0.03143	0.01485	0.01856	0.01464	0.02038	0.01433	0.01196	0.11398	0.13612	0.49267	0.02929	0.02588	0.01924	0.00972	0.00781	0.00243	0.00675	0.00787	0.00907	0.01303
9	0.01063	0.00729	0.00881	0.00937	0.00968	0.00709	0.00578	0.01141	0.01342	0.01806	0.08773	0.27961	0.03998	0.42613	0.02676	0.00559	0.00615	0.01518	0.00588	0.00547
10	0.01687	0.02442	0.20696	0.15083	0.04006	0.01897	0.34587	0.02356	0.01699	0.02356	0.01462	0.01950	0.01093	0.00731	0.00923	0.00261	0.04607	0.00774	0.00364	0.01029
11	0.05301	0.54829	0.11220	0.01445	0.02143	0.05276	0.01479	0.02461	0.01638	0.06356	0.01249	0.01388	0.01048	0.00699	0.00551	0.00184	0.00867	0.00460	0.00381	0.01024
12	0.00916	0.00785	0.00785	0.00785	0.01047	0.00655	0.00589	0.01113	0.01767	0.02095	0.07855	0.07462	0.67599	0.01964	0.00916	0.00262	0.00393	0.01636	0.00720	0.00655
13	0.01101	0.00788	0.01014	0.00960	0.01121	0.00734	0.00700	0.01423	0.02068	0.02919	0.59776	0.05707	0.06782	0.10039	0.01275	0.00304	0.00412	0.01370	0.00808	0.00700
14	0.02787	0.02060	0.02209	0.01717	0.02290	0.02280	0.01400	0.58437	0.06535	0.04600	0.01960	0.02108	0.01461	0.05331	0.00970	0.00266	0.00835	0.00733	0.00758	0.01262
15	0.02154	0.69065	0.03932	0.01330	0.01989	0.02957	0.01316	0.02406	0.01613	0.05672	0.01192	0.01324	0.01048	0.00680	0.00514	0.00170	0.00819	0.00436	0.00368	0.01014
16	0.01555	0.04011	0.68733	0.02210	0.03356	0.01801	0.02865	0.02455	0.01637	0.02455	0.01391	0.01637	0.00982	0.00737	0.00737	0.00246	0.01146	0.00573	0.00327	0.01146
17	0.00974	0.00699	0.00879	0.01010	0.01068	0.00654	0.00663	0.01091	0.01449	0.01906	0.04297	0.54108	0.10771	0.14804	0.01505	0.00387	0.00498	0.01959	0.00676	0.00604
18	0.06233	0.01792	0.02997	0.09165	0.31030	0.01948	0.13651	0.02383	0.05895	0.02461	0.01484	0.01950	0.01218	0.00834	0.01094	0.00260	0.13398	0.00726	0.00406	0.01074
19	0.01864	0.01786	0.03047	0.12811	0.60295	0.01828	0.02352	0.02331	0.01739	0.02466	0.01449	0.01937	0.01204	0.00701	0.00769	0.00234	0.00935	0.00691	0.00379	0.01184
20	0.01023	0.00794	0.00874	0.00903	0.01085	0.00717	0.00664	0.01195	0.01608	0.01980	0.05885	0.07060	0.41124	0.19957	0.01710	0.00401	0.00535	0.11212	0.00656	0.00617
21	0.01806	0.02134	0.12028	0.14169	0.39051	0.06218	0.02220	0.02358	0.03709	0.02392	0.01828	0.02207	0.04885	0.00799	0.00769	0.00238	0.00963	0.00720	0.00402	0.01106

[dist]
# distance from previous block
# <min> <max>
0	19

[block]
# block no. 3 follows, 25 sequences, length 8
# corresponding to MSA columns:
# 172-179
name=unknown_D
#
# <colnr> <probs for GDERKNQSTAVLIFYWHMCP>
#	G	D	E	R	K	N	Q	S	T	A	V	L	I	F	Y	W	H	M	C	P
0	0.02120	0.42960	0.05344	0.04034	0.02170	0.07146	0.01374	0.05520	0.05673	0.05649	0.01615	0.01742	0.03344	0.00790	0.00658	0.00193	0.03040	0.00548	0.00440	0.05642
1	0.02126	0.59767	0.08989	0.01474	0.02145	0.10580	0.01469	0.02421	0.01651	0.01883	0.01117	0.01293	0.00994	0.00685	0.00540	0.00176	0.00919	0.00437	0.00339	0.00996
2	0.01300	0.01343	0.09319	0.01281	0.01619	0.01073	0.01124	0.05190	0.09275	0.02601	0.15261	0.19169	0.16876	0.01710	0.00908	0.00279	0.00584	0.09554	0.00706	0.00831
3	0.00959	0.00699	0.00905	0.01040	0.01121	0.00644	0.00709	0.01127	0.01592	0.02119	0.11842	0.58547	0.11258	0.02289	0.00974	0.00302	0.00435	0.02059	0.00735	0.00644
4	0.01347	0.00673	0.01010	0.01010	0.01010	0.00673	0.00673	0.01010	0.01010	0.01347	0.01347	0.02357	0.01347	0.02694	0.03030	0.77441	0.00673	0.00673	0.00337	0.00337
5	0.01643	0.15690	0.57820	0.02061	0.03125	0.02015	0.02605	0.02433	0.01627	0.02349	0.01339	0.01571	0.00984	0.00724	0.00696	0.00232	0.01092	0.00546	0.00328	0.01120
6	0.01271	0.13047	0.01721	0.01260	0.01487	0.01323	0.01030	0.01543	0.01302	0.01804	0.01908	0.02742	0.01779	0.04946	0.58003	0.01064	0.01866	0.00761	0.00401	0.00743
7	0.02010	0.36122	0.19442	0.01934	0.02715	0.06560	0.12477	0.06235	0.01796	0.02276	0.01291	0.01528	0.01042	0.00704	0.00654	0.00207	0.01022	0.00559	0.00372	0.01054

[dist]
# distance from previous block
# <min> <max>
3	6

[block]
# block no. 4 follows, 25 sequences, length 24
# corresponding to MSA columns:
# 186-209
name=unknown_E
#
# <colnr> <probs for GDERKNQSTAVLIFYWHMCP>
#	G	D	E	R	K	N	Q	S	T	A	V	L	I	F	Y	W	H	M	C	P
0	0.01675	0.05749	0.01715	0.01411	0.01687	0.05151	0.01134	0.14310	0.01811	0.02477	0.01896	0.02538	0.01665	0.03804	0.41420	0.00826	0.04938	0.00748	0.04189	0.00856
1	0.01724	0.02456	0.20667	0.02702	0.06854	0.01857	0.31347	0.02343	0.01680	0.02415	0.01434	0.01866	0.01108	0.00747	0.01004	0.00248	0.08961	0.00737	0.00376	0.09472
2	0.50879	0.09260	0.01450	0.01031	0.01482	0.01665	0.00845	0.02104	0.01366	0.02965	0.01327	0.01791	0.01159	0.08730	0.00879	0.00275	0.00628	0.00516	0.04111	0.07537
3	0.01780	0.29748	0.37426	0.01995	0.02920	0.02293	0.09136	0.02408	0.01635	0.02222	0.01293	0.01540	0.01008	0.00700	0.00667	0.00217	0.01045	0.00551	0.00336	0.01078
4	0.05080	0.01039	0.01098	0.00991	0.01263	0.01109	0.00776	0.13634	0.01948	0.03169	0.02291	0.02644	0.01806	0.01441	0.08190	0.00310	0.00652	0.00717	0.51006	0.00836
5	0.01582	0.03820	0.62350	0.02315	0.03425	0.01817	0.09056	0.02458	0.01656	0.02458	0.01409	0.01682	0.01002	0.00728	0.00754	0.00247	0.01162	0.00607	0.00334	0.01136
6	0.01661	0.18221	0.55454	0.02029	0.03075	0.02061	0.02549	0.02428	0.01624	0.02326	0.01327	0.01556	0.00985	0.00722	0.00688	0.00229	0.01081	0.00540	0.00328	0.01115
7	0.00997	0.00802	0.00900	0.00931	0.01162	0.00705	0.00727	0.01239	0.01809	0.02244	0.13712	0.09549	0.47605	0.01968	0.00946	0.00279	0.00449	0.12568	0.00734	0.00673
8	0.00979	0.00699	0.00939	0.01118	0.01178	0.00659	0.00779	0.01138	0.01518	0.02017	0.04255	0.65174	0.05054	0.02397	0.00999	0.00320	0.00479	0.08940	0.00719	0.00639
9	0.00945	0.00675	0.00900	0.01080	0.01125	0.00630	0.00720	0.01080	0.01484	0.01979	0.04274	0.72245	0.05128	0.02429	0.00990	0.00315	0.00450	0.02204	0.00720	0.00630
10	0.01679	0.03703	0.59638	0.02260	0.03346	0.01781	0.08237	0.02526	0.01684	0.05874	0.01493	0.01729	0.01048	0.00741	0.00755	0.00247	0.01135	0.00614	0.00366	0.01146
11	0.01216	0.00868	0.01210	0.01389	0.01553	0.00863	0.01190	0.01548	0.01751	0.02282	0.04124	0.15817	0.04536	0.02174	0.01062	0.00352	0.00685	0.55960	0.00715	0.00705
12	0.01830	0.02092	0.04575	0.03268	0.04052	0.01961	0.65098	0.02484	0.01830	0.02484	0.01569	0.02092	0.01176	0.00654	0.00915	0.00261	0.01307	0.00915	0.00392	0.01046
13	0.01609	0.01562	0.02675	0.46065	0.10463	0.01814	0.11081	0.02272	0.07295	0.02209	0.01553	0.02113	0.01188	0.00800	0.00873	0.00260	0.04083	0.00738	0.00394	0.00953
14	0.01020	0.00807	0.00909	0.00946	0.01162	0.00721	0.00736	0.01244	0.01737	0.02146	0.09617	0.07457	0.44460	0.08197	0.01217	0.00325	0.00496	0.15441	0.00704	0.00656
15	0.01128	0.00752	0.00846	0.00846	0.00846	0.00752	0.00470	0.01128	0.01128	0.01503	0.02443	0.05074	0.02819	0.72751	0.03946	0.00752	0.00752	0.01128	0.00470	0.00470
16	0.01108	0.00831	0.01246	0.01246	0.01385	0.00969	0.00969	0.01385	0.01246	0.01800	0.02077	0.03046	0.01938	0.05815	0.69678	0.01246	0.02077	0.00831	0.00415	0.00692
17	0.01715	0.05807	0.46928	0.02657	0.12587	0.04818	0.09803	0.02471	0.01700	0.02424	0.01402	0.01706	0.01041	0.00721	0.00752	0.00240	0.01132	0.00620	0.00346	0.01130
18	0.02073	0.73217	0.04063	0.01327	0.01990	0.03068	0.01327	0.02322	0.01575	0.01824	0.01078	0.01244	0.00995	0.00663	0.00498	0.00166	0.00829	0.00415	0.00332	0.00995
19	0.00940	0.00693	0.00881	0.01031	0.01112	0.00634	0.00698	0.01085	0.01531	0.01998	0.04866	0.61529	0.15461	0.02352	0.00978	0.00306	0.00440	0.02110	0.00720	0.00634
20	0.04091	0.03336	0.04078	0.32673	0.13067	0.04504	0.01755	0.01924	0.01640	0.02160	0.02471	0.09730	0.07811	0.01144	0.00812	0.00263	0.00874	0.06334	0.00459	0.00875
21	0.02152	0.01559	0.01999	0.03363	0.02175	0.01641	0.06830	0.24592	0.09597	0.09573	0.09258	0.07341	0.02777	0.03952	0.00976	0.00282	0.00758	0.09378	0.00735	0.01061
22	0.01825	0.12552	0.37542	0.02212	0.03057	0.09594	0.11614	0.02462	0.01680	0.02263	0.01322	0.01631	0.01018	0.00776	0.00886	0.00241	0.07316	0.00604	0.00347	0.01058
23	0.01705	0.01901	0.09158	0.01902	0.02556	0.04136	0.17571	0.02441	0.11263	0.02551	0.01960	0.06049	0.01674	0.00860	0.00759	0.00212	0.00857	0.03494	0.00500	0.28451

[dist]
# distance from previous block
# <min> <max>
5	33

[block]
# block no. 5 follows, 25 sequences, length 9
# corresponding to MSA columns:
# 243-251
name=unknown_F
#
# <colnr> <probs for GDERKNQSTAVLIFYWHMCP>
#	G	D	E	R	K	N	Q	S	T	A	V	L	I	F	Y	W	H	M	C	P
0	0.01730	0.01485	0.01333	0.01197	0.01535	0.12762	0.00920	0.07296	0.04515	0.08497	0.16892	0.05028	0.30825	0.01481	0.00850	0.00243	0.00632	0.01212	0.00719	0.00848
1	0.15957	0.07353	0.31555	0.05104	0.10511	0.01732	0.01997	0.02279	0.01627	0.04351	0.03684	0.02224	0.06812	0.00857	0.00699	0.00239	0.00893	0.00671	0.00428	0.01028
2	0.01908	0.01591	0.01631	0.01454	0.01871	0.04324	0.01132	0.07043	0.45164	0.05999	0.06425	0.03566	0.12145	0.01189	0.00809	0.00257	0.00617	0.00983	0.00773	0.01118
3	0.01400	0.00822	0.01112	0.01101	0.01171	0.00858	0.00760	0.01483	0.10881	0.01685	0.01866	0.08342	0.01819	0.02425	0.02521	0.59342	0.00646	0.00833	0.00437	0.00495
4	0.01690	0.08332	0.61015	0.02109	0.03195	0.01847	0.02674	0.02517	0.01664	0.05912	0.01460	0.01665	0.01033	0.00744	0.00724	0.00240	0.01100	0.00574	0.00361	0.01145
5	0.01897	0.47875	0.22020	0.01633	0.02376	0.02655	0.01788	0.02321	0.01560	0.02004	0.01161	0.01392	0.00993	0.00742	0.00735	0.00203	0.06808	0.00481	0.00331	0.01025
6	0.01595	0.07328	0.62268	0.02220	0.03324	0.01871	0.05964	0.02450	0.01644	0.02426	0.01385	0.01641	0.00993	0.00729	0.00734	0.00242	0.01138	0.00583	0.00331	0.01133
7	0.01598	0.13928	0.47784	0.02001	0.02947	0.01881	0.05994	0.02327	0.01701	0.02435	0.08713	0.02067	0.01700	0.00815	0.00731	0.00234	0.01021	0.00661	0.00390	0.01071
8	0.01995	0.62831	0.13769	0.01459	0.02195	0.02878	0.01558	0.02342	0.01585	0.01919	0.01125	0.01303	0.00993	0.00674	0.00533	0.00178	0.00877	0.00438	0.00331	0.01018

[dist]
# distance from previous block
# <min> <max>
0	6

[block]
# block no. 6 follows, 25 sequences, length 17
# corresponding to MSA columns:
# 258-274
name=unknown_G
#
# <colnr> <probs for GDERKNQSTAVLIFYWHMCP>
#	G	D	E	R	K	N	Q	S	T	A	V	L	I	F	Y	W	H	M	C	P
0	0.01746	0.29500	0.44915	0.01885	0.02853	0.02267	0.02298	0.02406	0.01614	0.02223	0.01276	0.01492	0.00987	0.00710	0.00649	0.00216	0.01029	0.00515	0.00329	0.01090
1	0.01102	0.00819	0.01206	0.01214	0.01339	0.00941	0.00927	0.01355	0.01249	0.01789	0.02197	0.06237	0.02135	0.09843	0.62533	0.01174	0.01922	0.00910	0.00432	0.00676
2	0.00945	0.00675	0.00900	0.01080	0.01125	0.00630	0.00720	0.01080	0.01484	0.01979	0.04274	0.72245	0.05128	0.02429	0.00990	0.00315	0.00450	0.02204	0.00720	0.00630
3	0.03289	0.11005	0.02104	0.01372	0.01981	0.01399	0.01165	0.03582	0.02132	0.59475	0.02792	0.02451	0.01795	0.00920	0.00742	0.00230	0.00683	0.00731	0.00875	0.01276
4	0.01877	0.01559	0.02004	0.30862	0.03373	0.06478	0.03315	0.06663	0.06951	0.07213	0.01805	0.02150	0.01355	0.00808	0.00719	0.00223	0.00852	0.00677	0.09849	0.11268
5	0.02890	0.01174	0.01594	0.01304	0.01780	0.01025	0.01041	0.03162	0.02080	0.52880	0.06341	0.15850	0.02777	0.01265	0.00826	0.00254	0.00606	0.01077	0.00910	0.01162
6	0.01073	0.00792	0.01003	0.00950	0.01143	0.00721	0.00712	0.01416	0.02137	0.02973	0.59469	0.06017	0.15437	0.01636	0.00915	0.00246	0.00369	0.01434	0.00836	0.00721
7	0.01632	0.01287	0.01403	0.01272	0.01483	0.05878	0.00938	0.15174	0.01786	0.02367	0.02100	0.03392	0.02051	0.27970	0.27026	0.00783	0.01301	0.00884	0.00511	0.00763
8	0.01670	0.09593	0.45278	0.02365	0.03332	0.01976	0.16848	0.02422	0.01654	0.02378	0.01386	0.01708	0.01029	0.00740	0.00841	0.00247	0.04451	0.00642	0.00343	0.01096
9	0.02067	0.02322	0.02237	0.01969	0.02115	0.25311	0.01579	0.02254	0.01537	0.01872	0.01152	0.01686	0.01074	0.01470	0.06485	0.00353	0.42669	0.00628	0.00365	0.00855
10	0.01208	0.00863	0.01202	0.01381	0.01542	0.00857	0.01178	0.01535	0.01744	0.02274	0.04128	0.17300	0.04552	0.02181	0.01060	0.00351	0.00678	0.54546	0.00715	0.00703
11	0.01691	0.01707	0.03019	0.14006	0.05473	0.04276	0.29080	0.02239	0.04276	0.02352	0.01847	0.07704	0.01581	0.00934	0.01000	0.00261	0.07988	0.00910	0.08721	0.00935
12	0.00945	0.00675	0.00900	0.01080	0.01125	0.00630	0.00720	0.01080	0.01484	0.01979	0.04274	0.72245	0.05128	0.02429	0.00990	0.00315	0.00450	0.02204	0.00720	0.00630
13	0.02659	0.03530	0.11227	0.02181	0.06511	0.52180	0.01734	0.06850	0.02186	0.02198	0.01282	0.01491	0.01030	0.00792	0.00713	0.00210	0.01301	0.00533	0.00412	0.00978
14	0.02258	0.37574	0.14284	0.01618	0.02325	0.06755	0.01612	0.14681	0.04789	0.05327	0.01458	0.01566	0.01151	0.00764	0.00628	0.00201	0.00906	0.00536	0.00466	0.01100
15	0.01795	0.24996	0.26384	0.07110	0.14947	0.02234	0.04402	0.02340	0.01621	0.02213	0.01293	0.01614	0.01044	0.00734	0.00761	0.00224	0.04299	0.00570	0.00343	0.01077
16	0.04895	0.02067	0.11530	0.03137	0.24501	0.01706	0.21653	0.02376	0.01740	0.05019	0.01614	0.04258	0.01313	0.00741	0.00783	0.00232	0.00990	0.00761	0.00425	0.10260

[dist]
# distance from previous block
# <min> <max>
1	3

[block]
# block no. 7 follows, 25 sequences, length 87
# corresponding to MSA columns:
# 278-364
name=unknown_H
#
# <colnr> <probs for GDERKNQSTAVLIFYWHMCP>
#	G	D	E	R	K	N	Q	S	T	A	V	L	I	F	Y	W	H	M	C	P
0	0.01945	0.02662	0.21522	0.03571	0.37017	0.08577	0.06251	0.04744	0.01844	0.02530	0.01435	0.01797	0.01136	0.00721	0.00761	0.00234	0.01053	0.00653	0.00384	0.01164
1	0.01818	0.02658	0.27286	0.05758	0.12643	0.01832	0.23739	0.02604	0.05735	0.05891	0.01655	0.01978	0.01218	0.00734	0.00809	0.00250	0.01107	0.00740	0.00419	0.01125
2	0.01097	0.00886	0.00977	0.00938	0.01184	0.00827	0.00702	0.01565	0.09220	0.02522	0.25988	0.06316	0.38434	0.04664	0.01026	0.00277	0.00424	0.01455	0.00760	0.00736
3	0.01347	0.00673	0.01010	0.01010	0.01010	0.00673	0.00673	0.01010	0.01010	0.01347	0.01347	0.02357	0.01347	0.02694	0.03030	0.77441	0.00673	0.00673	0.00337	0.00337
4	0.01445	0.00723	0.00723	0.00723	0.00903	0.00723	0.00542	0.01807	0.01626	0.02891	0.02529	0.02891	0.01987	0.00903	0.00542	0.00181	0.00361	0.00723	0.77055	0.00723
5	0.01608	0.01378	0.01608	0.01148	0.01837	0.01034	0.00919	0.01952	0.01608	0.02527	0.01378	0.01608	0.01148	0.00574	0.00574	0.00115	0.00574	0.00459	0.00459	0.77491
6	0.00938	0.00786	0.00819	0.00830	0.01078	0.00666	0.00627	0.01146	0.01774	0.02140	0.09915	0.09847	0.60307	0.01973	0.00925	0.00267	0.00407	0.04170	0.00725	0.00659
7	0.01445	0.00723	0.00723	0.00723	0.00903	0.00723	0.00542	0.01807	0.01626	0.02891	0.02529	0.02891	0.01987	0.00903	0.00542	0.00181	0.00361	0.00723	0.77055	0.00723
8	0.01920	0.01831	0.03056	0.04550	0.63582	0.01848	0.02304	0.02494	0.06022	0.02580	0.01570	0.01983	0.01303	0.00715	0.00769	0.00232	0.00901	0.00703	0.00410	0.01228
9	0.01796	0.02138	0.09882	0.08271	0.20220	0.01917	0.36300	0.02393	0.01749	0.02432	0.01488	0.01987	0.01155	0.00709	0.00920	0.00255	0.04129	0.00801	0.00378	0.01080
10	0.78228	0.01499	0.01140	0.01020	0.01499	0.01739	0.00840	0.02279	0.01320	0.03479	0.01080	0.01260	0.00840	0.00720	0.00480	0.00240	0.00600	0.00420	0.00480	0.00840
11	0.01597	0.03492	0.53856	0.02522	0.10608	0.01772	0.07191	0.02407	0.01689	0.02494	0.04201	0.01877	0.01291	0.00761	0.00760	0.00245	0.01099	0.00646	0.00361	0.01131
12	0.00951	0.00679	0.00905	0.01076	0.01126	0.00634	0.00720	0.01095	0.01512	0.02024	0.06753	0.69639	0.05214	0.02396	0.00987	0.00312	0.00447	0.02173	0.00725	0.00634
13	0.01629	0.01637	0.03127	0.07525	0.14402	0.01641	0.29144	0.02109	0.01718	0.02343	0.02189	0.10139	0.02099	0.01133	0.01013	0.00282	0.05343	0.11100	0.00470	0.00957
14	0.01636	0.07976	0.53322	0.02343	0.03394	0.01908	0.13815	0.02452	0.01667	0.02421	0.01403	0.01693	0.01017	0.00717	0.00753	0.00243	0.01155	0.00624	0.00339	0.01119
15	0.02799	0.06026	0.02324	0.02021	0.04282	0.52348	0.01521	0.12483	0.02344	0.02368	0.01296	0.01489	0.01055	0.00831	0.00773	0.00210	0.03867	0.00539	0.00452	0.00974
16	0.01776	0.01749	0.04578	0.05264	0.02082	0.08524	0.01469	0.07408	0.01596	0.02267	0.01498	0.02067	0.01311	0.01920	0.13287	0.00445	0.31921	0.00690	0.09284	0.00865
17	0.01889	0.01904	0.02668	0.17995	0.03184	0.08771	0.12608	0.08683	0.01747	0.02319	0.01412	0.04251	0.01219	0.01040	0.01439	0.00282	0.26488	0.00758	0.00414	0.00932
18	0.01185	0.00994	0.01353	0.01365	0.01395	0.01174	0.01011	0.01325	0.01378	0.01925	0.03192	0.47664	0.03762	0.05002	0.01592	0.00340	0.22372	0.01688	0.00592	0.00691
19	0.00949	0.00793	0.00831	0.00839	0.01091	0.00675	0.00641	0.01167	0.01795	0.02172	0.11275	0.07444	0.59743	0.01952	0.00926	0.00267	0.00412	0.05636	0.00728	0.00663
20	0.01180	0.03464	0.01355	0.01242	0.01388	0.01083	0.00971	0.01440	0.01263	0.01827	0.02032	0.03024	0.01913	0.08706	0.58582	0.01106	0.04763	0.00821	0.03139	0.00699
21	0.01445	0.00723	0.00723	0.00723	0.00903	0.00723	0.00542	0.01807	0.01626	0.02891	0.02529	0.02891	0.01987	0.00903	0.00542	0.00181	0.00361	0.00723	0.77055	0.00723
22	0.02446	0.02170	0.02030	0.01701	0.02213	0.13164	0.01347	0.26388	0.29475	0.03591	0.02267	0.02202	0.01694	0.00941	0.00758	0.00234	0.00829	0.00728	0.00703	0.05121
23	0.04484	0.01065	0.01529	0.05729	0.01858	0.01084	0.06532	0.05391	0.01687	0.02330	0.03427	0.38755	0.05522	0.01846	0.00986	0.00296	0.03253	0.09863	0.00637	0.03726
24	0.01445	0.00723	0.00723	0.00723	0.00903	0.00723	0.00542	0.01807	0.01626	0.02891	0.02529	0.02891	0.01987	0.00903	0.00542	0.00181	0.00361	0.00723	0.77055	0.00723
25	0.10622	0.10344	0.37794	0.02317	0.11912	0.06806	0.02263	0.02434	0.01634	0.02457	0.01304	0.01578	0.01004	0.00750	0.00755	0.00235	0.03799	0.00555	0.00359	0.01077
26	0.00991	0.00714	0.00948	0.01109	0.01188	0.00671	0.00786	0.01169	0.01569	0.02081	0.07251	0.57966	0.07773	0.02333	0.00994	0.00315	0.00479	0.10290	0.00725	0.00647
27	0.06992	0.01975	0.06183	0.11298	0.21485	0.01880	0.33868	0.02382	0.01738	0.02506	0.01476	0.01967	0.01144	0.00686	0.00822	0.00250	0.01116	0.00781	0.00388	0.01064
28	0.00945	0.00675	0.00900	0.01080	0.01125	0.00630	0.00720	0.01080	0.01484	0.01979	0.04274	0.72245	0.05128	0.02429	0.00990	0.00315	0.00450	0.02204	0.00720	0.00630
29	0.02507	0.03114	0.06524	0.01832	0.02257	0.47886	0.01456	0.07454	0.04545	0.02206	0.01832	0.06240	0.04008	0.03755	0.00863	0.00239	0.01189	0.00707	0.00472	0.00916
30	0.05665	0.01650	0.02736	0.29401	0.41006	0.01792	0.02216	0.02225	0.01662	0.02374	0.01409	0.01941	0.01135	0.00724	0.00756	0.00241	0.00947	0.00676	0.00374	0.01070
31	0.39643	0.30833	0.02402	0.01181	0.01748	0.02224	0.01069	0.02445	0.01514	0.09248	0.01275	0.01390	0.01010	0.00720	0.00517	0.00210	0.00700	0.00453	0.00467	0.00951
32	0.02111	0.30900	0.17893	0.01730	0.02395	0.15566	0.01717	0.04655	0.08778	0.02232	0.01419	0.01581	0.01152	0.00788	0.00723	0.00211	0.04165	0.00538	0.00408	0.01039
33	0.01574	0.03880	0.64374	0.02282	0.03403	0.01812	0.07093	0.02457	0.01650	0.02457	0.01403	0.01668	0.00995	0.00731	0.00749	0.00247	0.01157	0.00596	0.00332	0.01139
34	0.01067	0.00780	0.01002	0.00970	0.01146	0.00715	0.00718	0.01396	0.02088	0.02912	0.56224	0.12525	0.12159	0.01701	0.00922	0.00252	0.00376	0.01501	0.00829	0.00715
35	0.02669	0.06266	0.02205	0.01861	0.02303	0.46241	0.01433	0.09489	0.15305	0.02465	0.01655	0.01739	0.01307	0.00857	0.00716	0.00214	0.01160	0.00592	0.00513	0.01011
36	0.00951	0.00680	0.00905	0.01075	0.01126	0.00634	0.00720	0.01096	0.01514	0.02026	0.06903	0.69482	0.05219	0.02394	0.00987	0.00312	0.00446	0.02171	0.00725	0.00634
37	0.02064	0.34727	0.22371	0.01708	0.02443	0.14568	0.01787	0.04944	0.01813	0.02195	0.03984	0.01600	0.01268	0.00758	0.00632	0.00201	0.01006	0.00528	0.00382	0.01023
38	0.01143	0.00854	0.00978	0.00994	0.01162	0.00833	0.00702	0.01573	0.09406	0.02339	0.15265	0.22864	0.19095	0.12497	0.01351	0.00341	0.00481	0.01515	0.05900	0.00706
39	0.00967	0.00699	0.00917	0.01064	0.01139	0.00649	0.00731	0.01133	0.01574	0.02096	0.09983	0.60315	0.09135	0.02317	0.00981	0.00307	0.00448	0.04169	0.00731	0.00643
40	0.01568	0.01543	0.02737	0.50181	0.04738	0.01775	0.14817	0.02162	0.04122	0.02147	0.01475	0.02078	0.01118	0.00772	0.00849	0.00257	0.03111	0.00734	0.00375	0.03442
41	0.05127	0.24655	0.13321	0.01498	0.02051	0.13988	0.01425	0.02410	0.06425	0.02332	0.11197	0.02355	0.02134	0.03929	0.00802	0.00232	0.00866	0.00677	0.03634	0.00941
42	0.01464	0.01378	0.02326	0.70887	0.05340	0.01723	0.02153	0.01981	0.01550	0.01981	0.01378	0.02067	0.01034	0.00775	0.00775	0.00258	0.01034	0.00689	0.00345	0.00861
43	0.00945	0.00675	0.00900	0.01080	0.01125	0.00630	0.00720	0.01080	0.01484	0.01979	0.04274	0.72245	0.05128	0.02429	0.00990	0.00315	0.00450	0.02204	0.00720	0.00630
44	0.15708	0.04131	0.01779	0.01318	0.01901	0.01313	0.01098	0.03476	0.02046	0.55196	0.02657	0.02358	0.01706	0.00909	0.00720	0.00237	0.00656	0.00706	0.00857	0.01228
45	0.06639	0.09582	0.58929	0.02058	0.03121	0.01902	0.02604	0.02433	0.01611	0.02470	0.01345	0.01580	0.00974	0.00729	0.00700	0.00239	0.01084	0.00550	0.00338	0.01113
46	0.02773	0.01163	0.01573	0.01260	0.01736	0.01019	0.01019	0.03092	0.02212	0.49077	0.22168	0.03574	0.03519	0.01145	0.00820	0.00241	0.00573	0.00964	0.00928	0.01145
47	0.01656	0.01638	0.02298	0.01982	0.01991	0.02279	0.01647	0.01833	0.01191	0.01861	0.01090	0.01788	0.01080	0.01660	0.07106	0.00401	0.66626	0.00689	0.00344	0.00838
48	0.09284	0.03740	0.04470	0.01464	0.02020	0.01652	0.01236	0.14824	0.16534	0.27759	0.04611	0.02621	0.04336	0.00992	0.00754	0.00243	0.00686	0.00786	0.00791	0.01199
49	0.01638	0.13083	0.56871	0.02147	0.03211	0.01977	0.05855	0.02439	0.01639	0.02373	0.01359	0.01608	0.00994	0.00723	0.00714	0.00236	0.01112	0.00570	0.00331	0.01121
50	0.01696	0.01696	0.02375	0.02036	0.02036	0.02375	0.01696	0.01866	0.01187	0.01866	0.01018	0.01696	0.01018	0.01357	0.02545	0.00339	0.71332	0.00679	0.00339	0.00848
51	0.00960	0.00681	0.00895	0.01061	0.01102	0.00640	0.00699	0.01084	0.01455	0.01941	0.04125	0.66777	0.04940	0.08153	0.01230	0.00350	0.00474	0.02117	0.00699	0.00617
52	0.01983	0.59798	0.14229	0.01535	0.02279	0.02829	0.03863	0.02349	0.01594	0.01947	0.01145	0.01336	0.01000	0.00675	0.00550	0.00182	0.00896	0.00457	0.00333	0.01021
53	0.01512	0.01452	0.02530	0.62885	0.08064	0.01746	0.06839	0.02036	0.01581	0.02043	0.01396	0.02062	0.01053	0.00762	0.00785	0.00257	0.01049	0.00706	0.00350	0.00892
54	0.78228	0.01499	0.01140	0.01020	0.01499	0.01739	0.00840	0.02279	0.01320	0.03479	0.01080	0.01260	0.00840	0.00720	0.00480	0.00240	0.00600	0.00420	0.00480	0.00840
55	0.01445	0.00723	0.00723	0.00723	0.00903	0.00723	0.00542	0.01807	0.01626	0.02891	0.02529	0.02891	0.01987	0.00903	0.00542	0.00181	0.00361	0.00723	0.77055	0.00723
56	0.01529	0.01437	0.02384	0.61330	0.11477	0.01743	0.02137	0.02111	0.04313	0.02090	0.01461	0.02087	0.01109	0.00778	0.00775	0.00256	0.01005	0.00697	0.00367	0.00914
57	0.01035	0.00742	0.00949	0.01082	0.01154	0.00709	0.00728	0.03613	0.01554	0.02065	0.04164	0.62923	0.06738	0.07134	0.01180	0.00340	0.00484	0.02054	0.00705	0.00647
58	0.01903	0.01801	0.02935	0.06916	0.56955	0.01849	0.02222	0.02589	0.10136	0.02604	0.01675	0.02051	0.01368	0.00741	0.00771	0.00236	0.00886	0.00715	0.00435	0.01214
59	0.01608	0.01378	0.01608	0.01148	0.01837	0.01034	0.00919	0.01952	0.01608	0.02527	0.01378	0.01608	0.01148	0.00574	0.00574	0.00115	0.00574	0.00459	0.00459	0.77491
60	0.01910	0.05340	0.09379	0.06594	0.49446	0.04769	0.06594	0.02407	0.01760	0.02443	0.01429	0.01857	0.01174	0.00699	0.00760	0.00231	0.00989	0.00674	0.00376	0.01170
61	0.01115	0.00754	0.00842	0.00842	0.00858	0.00746	0.00477	0.01127	0.01167	0.01540	0.02776	0.05221	0.06801	0.68400	0.03760	0.00722	0.00730	0.01159	0.00485	0.00481
62	0.01901	0.01277	0.01466	0.08350	0.01874	0.01427	0.01057	0.20286	0.02175	0.03307	0.02114	0.02426	0.01629	0.00929	0.00770	0.00215	0.05396	0.00709	0.41773	0.00919
63	0.01091	0.00806	0.01035	0.01071	0.01253	0.00750	0.00841	0.01402	0.01944	0.02617	0.34426	0.13481	0.16705	0.01879	0.00963	0.00284	0.00470	0.17498	0.00781	0.00704
64	0.01625	0.06248	0.40804	0.06056	0.09782	0.01828	0.12781	0.02349	0.01648	0.02370	0.01459	0.01840	0.01107	0.01062	0.05444	0.00312	0.01193	0.00657	0.00351	0.01085
65	0.02307	0.01913	0.01962	0.01663	0.02161	0.04708	0.01320	0.24539	0.43012	0.03741	0.02647	0.02490	0.01964	0.01002	0.00781	0.00250	0.00724	0.00802	0.00769	0.01245
66	0.01626	0.01526	0.02414	0.27076	0.22302	0.03532	0.06134	0.04644	0.01811	0.02418	0.08913	0.07423	0.04877	0.00999	0.00816	0.00250	0.00885	0.00919	0.00474	0.00962
67	0.01115	0.00766	0.00909	0.00909	0.00943	0.00783	0.00557	0.01169	0.01174	0.01577	0.02612	0.04843	0.05419	0.58783	0.14590	0.00812	0.00954	0.01100	0.00471	0.00514
68	0.20542	0.20449	0.02408	0.01568	0.02069	0.29832	0.01287	0.06973	0.04220	0.02506	0.01255	0.01411	0.01030	0.00764	0.00605	0.00205	0.01001	0.00486	0.00441	0.00949
69	0.00958	0.00695	0.00908	0.01073	0.01143	0.00645	0.00736	0.01109	0.01524	0.02006	0.04564	0.63577	0.10310	0.02376	0.00988	0.00313	0.00459	0.05261	0.00719	0.00636
70	0.02024	0.01798	0.02033	0.02127	0.12853	0.04353	0.01441	0.07561	0.49750	0.03180	0.02728	0.02617	0.02067	0.00976	0.00781	0.00254	0.00707	0.00822	0.00708	0.01221
71	0.03332	0.01287	0.01752	0.01355	0.01929	0.01115	0.01115	0.03636	0.02218	0.64435	0.07020	0.02833	0.02251	0.00998	0.00788	0.00240	0.00642	0.00818	0.00953	0.01283
72	0.00945	0.00675	0.00900	0.01080	0.01125	0.00630	0.00720	0.01080	0.01484	0.01979	0.04274	0.72245	0.05128	0.02429	0.00990	0.00315	0.00450	0.02204	0.00720	0.00630
73	0.01108	0.00831	0.01246	0.01246	0.01385	0.00969	0.00969	0.01385	0.01246	0.01800	0.02077	0.03046	0.01938	0.05815	0.69678	0.01246	0.02077	0.00831	0.00415	0.00692
74	0.01031	0.00804	0.00864	0.00863	0.01117	0.00687	0.00656	0.01248	0.01799	0.04358	0.11274	0.10003	0.55581	0.01935	0.00923	0.00267	0.00419	0.04750	0.00736	0.00684
75	0.01769	0.01787	0.09527	0.01836	0.05119	0.01647	0.08193	0.11129	0.19725	0.02880	0.05191	0.09755	0.02359	0.08804	0.01218	0.00312	0.03521	0.00983	0.03228	0.01017
76	0.01445	0.00723	0.00723	0.00723	0.00903	0.00723	0.00542	0.01807	0.01626	0.02891	0.02529	0.02891	0.01987	0.00903	0.00542	0.00181	0.00361	0.00723	0.77055	0.00723
77	0.01791	0.02992	0.36843	0.02438	0.03340	0.01857	0.21876	0.05130	0.01778	0.05318	0.01513	0.01832	0.01104	0.00761	0.00901	0.00251	0.05458	0.00696	0.00398	0.03723
78	0.32381	0.05545	0.01557	0.01193	0.01659	0.01521	0.00979	0.08495	0.01930	0.19206	0.12939	0.05208	0.02416	0.01008	0.00675	0.00239	0.00607	0.00769	0.00689	0.00985
79	0.01422	0.00727	0.00743	0.00739	0.00920	0.00723	0.00554	0.01784	0.01663	0.02905	0.06801	0.03081	0.02338	0.00948	0.00566	0.00185	0.00362	0.00767	0.72045	0.00723
80	0.02432	0.16394	0.02776	0.02293	0.13822	0.22629	0.04260	0.13767	0.02179	0.05164	0.01485	0.01728	0.01201	0.01107	0.05233	0.00277	0.01118	0.00602	0.00473	0.01059
81	0.01829	0.01569	0.01588	0.01468	0.01854	0.06046	0.01154	0.03315	0.42910	0.05439	0.03799	0.04127	0.11707	0.01290	0.00834	0.00269	0.00648	0.08332	0.00751	0.01067
82	0.01162	0.00816	0.01002	0.01125	0.05282	0.00812	0.00619	0.01205	0.01203	0.01616	0.02553	0.11263	0.02934	0.61317	0.03456	0.00676	0.00734	0.01201	0.00488	0.00535
83	0.01515	0.03791	0.64274	0.02136	0.03209	0.01724	0.02724	0.02365	0.01627	0.02424	0.01581	0.06279	0.01255	0.00848	0.00753	0.00250	0.01100	0.00680	0.00353	0.01112
84	0.01044	0.00783	0.00967	0.00937	0.01129	0.00706	0.00697	0.01353	0.02044	0.02789	0.48895	0.10708	0.21633	0.01733	0.00920	0.00253	0.00378	0.01513	0.00812	0.00706
85	0.01207	0.00883	0.01104	0.01016	0.01233	0.00836	0.00771	0.05638	0.02261	0.03157	0.59136	0.05647	0.11018	0.01568	0.00905	0.00244	0.00400	0.01372	0.00839	0.00765
86	0.01047	0.01002	0.05385	0.01045	0.01312	0.00777	0.00878	0.01341	0.01817	0.02347	0.18785	0.14241	0.34588	0.01883	0.00935	0.00277	0.00490	0.10421	0.00721	0.00709

[dist]
# distance from previous block
# <min> <max>
0	5

# created by:
# /st0/software/busco_prod/Augustus/scripts/msa2prfl.pl ./align_prep/135538.fa
