[name]
unknown

[dist]
# distance from previous block
# <min> <max>
0	1

[block]
# block no. 0 follows, 27 sequences, length 17
# corresponding to MSA columns:
# 1-17
name=unknown_A
#
# <colnr> <probs for GDERKNQSTAVLIFYWHMCP>
#	G	D	E	R	K	N	Q	S	T	A	V	L	I	F	Y	W	H	M	C	P
0	0.01196	0.00854	0.01196	0.01367	0.01538	0.00854	0.01196	0.01538	0.01709	0.02222	0.03931	0.08374	0.04272	0.02051	0.01025	0.00342	0.00684	0.64283	0.00684	0.00684
1	0.02822	0.02079	0.02228	0.01708	0.02302	0.02302	0.01411	0.66804	0.03490	0.04679	0.01782	0.01782	0.01262	0.00891	0.00743	0.00223	0.00817	0.00668	0.00743	0.01262
2	0.00904	0.00646	0.00861	0.01034	0.01077	0.00603	0.00689	0.01034	0.01421	0.01895	0.04092	0.73426	0.04910	0.02326	0.00948	0.00301	0.00431	0.02110	0.00689	0.00603
3	0.02765	0.01777	0.01993	0.01571	0.02126	0.01904	0.01283	0.38494	0.15527	0.21099	0.02315	0.02163	0.01603	0.00921	0.00746	0.00230	0.00725	0.00721	0.00790	0.01246
4	0.00914	0.00650	0.00859	0.01021	0.01062	0.00609	0.00676	0.01036	0.01403	0.01870	0.03995	0.69652	0.04788	0.06266	0.01103	0.00325	0.00447	0.02054	0.00676	0.00595
5	0.00899	0.00701	0.00817	0.00897	0.01044	0.00619	0.00631	0.01068	0.01583	0.02003	0.09075	0.38932	0.34937	0.02075	0.00911	0.00274	0.00401	0.01816	0.00696	0.00619
6	0.01752	0.02003	0.04380	0.03129	0.03880	0.01877	0.66583	0.02378	0.01752	0.02378	0.01502	0.02003	0.01126	0.00626	0.00876	0.00250	0.01252	0.00876	0.00375	0.01001
7	0.67712	0.06731	0.01380	0.01054	0.01536	0.01806	0.00884	0.07173	0.01453	0.03321	0.01091	0.01249	0.00850	0.00701	0.00482	0.00224	0.00609	0.00422	0.00471	0.00850
8	0.01061	0.00795	0.01193	0.01193	0.01326	0.00928	0.00928	0.01326	0.01193	0.01723	0.01988	0.02916	0.01856	0.05568	0.70968	0.01193	0.01988	0.00795	0.00398	0.00663
9	0.02822	0.02079	0.02228	0.01708	0.02302	0.02302	0.01411	0.66804	0.03490	0.04679	0.01782	0.01782	0.01262	0.00891	0.00743	0.00223	0.00817	0.00668	0.00743	0.01262
10	0.02822	0.02079	0.02228	0.01708	0.02302	0.02302	0.01411	0.66804	0.03490	0.04679	0.01782	0.01782	0.01262	0.00891	0.00743	0.00223	0.00817	0.00668	0.00743	0.01262
11	0.06667	0.01381	0.01747	0.01340	0.01917	0.01268	0.01105	0.11609	0.02222	0.53797	0.02585	0.02303	0.01666	0.00880	0.00720	0.00221	0.00648	0.00700	0.00843	0.06381
12	0.07099	0.06950	0.62022	0.01995	0.03024	0.01776	0.02535	0.02333	0.01543	0.02393	0.01297	0.01524	0.00931	0.00701	0.00677	0.00231	0.01045	0.00531	0.00324	0.01069
13	0.05002	0.21181	0.50681	0.01857	0.02812	0.02022	0.02294	0.02312	0.01539	0.02244	0.01245	0.01458	0.00937	0.00687	0.00638	0.00216	0.00999	0.00505	0.00321	0.01049
14	0.01534	0.10258	0.64041	0.02039	0.03094	0.01834	0.02609	0.02339	0.01562	0.02296	0.01305	0.01533	0.00942	0.00699	0.00684	0.00228	0.01070	0.00535	0.00314	0.01084
15	0.01648	0.10955	0.47627	0.02129	0.07686	0.01783	0.04788	0.02340	0.01595	0.04729	0.01367	0.01595	0.01011	0.00687	0.00678	0.00216	0.00994	0.00551	0.00352	0.07267
16	0.05628	0.10140	0.28289	0.01986	0.02774	0.04074	0.15465	0.02568	0.03933	0.13046	0.01833	0.01973	0.03433	0.00766	0.00718	0.00229	0.00966	0.00667	0.00460	0.01053

[dist]
# distance from previous block
# <min> <max>
19	35

[block]
# block no. 1 follows, 27 sequences, length 8
# corresponding to MSA columns:
# 59-66
name=unknown_B
#
# <colnr> <probs for GDERKNQSTAVLIFYWHMCP>
#	G	D	E	R	K	N	Q	S	T	A	V	L	I	F	Y	W	H	M	C	P
0	0.02088	0.01643	0.02098	0.10765	0.07499	0.06288	0.06417	0.19433	0.02156	0.10475	0.02024	0.11218	0.01739	0.01188	0.03847	0.00268	0.00867	0.00849	0.00577	0.08558
1	0.05359	0.01708	0.01572	0.08324	0.02009	0.19914	0.01146	0.02206	0.01761	0.13341	0.06361	0.10124	0.10697	0.01578	0.07024	0.00321	0.04224	0.00929	0.00564	0.00837
2	0.13224	0.01583	0.06506	0.16792	0.13298	0.01534	0.01523	0.09163	0.01743	0.10554	0.01638	0.02078	0.01290	0.06008	0.04748	0.00310	0.00866	0.00648	0.00487	0.06006
3	0.06888	0.16215	0.02294	0.13516	0.06995	0.06366	0.01392	0.14007	0.01846	0.02496	0.01457	0.01850	0.01210	0.01700	0.14739	0.00402	0.01087	0.00597	0.00437	0.04506
4	0.02104	0.01794	0.02470	0.08683	0.31526	0.01934	0.01798	0.22253	0.14063	0.03192	0.01798	0.01999	0.01382	0.00800	0.00742	0.00229	0.00818	0.00695	0.00548	0.01173
5	0.02291	0.01585	0.01807	0.01380	0.01944	0.01552	0.01123	0.30852	0.02547	0.12463	0.09423	0.02234	0.01942	0.00860	0.00699	0.00190	0.00656	0.00685	0.00681	0.25085
6	0.01104	0.00844	0.01083	0.09039	0.01544	0.00843	0.00822	0.04127	0.01687	0.02242	0.20452	0.22924	0.15671	0.12702	0.01316	0.00329	0.00525	0.01435	0.00647	0.00663
7	0.01091	0.00771	0.00926	0.00925	0.00989	0.00795	0.00598	0.01263	0.04105	0.01693	0.06248	0.08211	0.05451	0.47948	0.15227	0.00717	0.00892	0.01107	0.00496	0.00548

[dist]
# distance from previous block
# <min> <max>
3	7

[block]
# block no. 2 follows, 27 sequences, length 12
# corresponding to MSA columns:
# 74-85
name=unknown_C
#
# <colnr> <probs for GDERKNQSTAVLIFYWHMCP>
#	G	D	E	R	K	N	Q	S	T	A	V	L	I	F	Y	W	H	M	C	P
0	0.02245	0.01753	0.01871	0.01412	0.02025	0.05087	0.01146	0.29715	0.02431	0.06963	0.01594	0.01686	0.01201	0.00726	0.00649	0.00169	0.00708	0.00556	0.00592	0.37473
1	0.02817	0.01853	0.02013	0.01550	0.02135	0.05289	0.01270	0.39743	0.02846	0.21672	0.02007	0.01933	0.01383	0.00855	0.00719	0.00211	0.00765	0.00655	0.00739	0.09545
2	0.06174	0.01847	0.02191	0.05762	0.17133	0.06421	0.01531	0.29003	0.02451	0.07282	0.05228	0.02176	0.04069	0.00905	0.00818	0.00229	0.04378	0.00712	0.00592	0.01097
3	0.06514	0.11882	0.02383	0.05233	0.05627	0.06390	0.04921	0.22414	0.02284	0.13521	0.05240	0.01968	0.01529	0.00846	0.00759	0.00217	0.03529	0.00655	0.00592	0.03498
4	0.02784	0.01985	0.02157	0.01650	0.02246	0.02152	0.01361	0.59154	0.03295	0.08761	0.01831	0.01817	0.01291	0.00874	0.00732	0.00217	0.00790	0.00661	0.00737	0.05504
5	0.41975	0.05089	0.01483	0.01168	0.01618	0.01647	0.00955	0.14658	0.01843	0.09529	0.05027	0.08695	0.01705	0.00948	0.00610	0.00232	0.00612	0.00699	0.00590	0.00918
6	0.00904	0.00646	0.00861	0.01034	0.01077	0.00603	0.00689	0.01034	0.01421	0.01895	0.04092	0.73426	0.04910	0.02326	0.00948	0.00301	0.00431	0.02110	0.00689	0.00603
7	0.01539	0.01319	0.01539	0.01100	0.01759	0.00990	0.00880	0.01869	0.01539	0.02419	0.01319	0.01539	0.01100	0.00550	0.00550	0.00110	0.00550	0.00440	0.00440	0.78449
8	0.02822	0.02079	0.02228	0.01708	0.02302	0.02302	0.01411	0.66804	0.03490	0.04679	0.01782	0.01782	0.01262	0.00891	0.00743	0.00223	0.00817	0.00668	0.00743	0.01262
9	0.03331	0.01263	0.01723	0.01321	0.01895	0.01091	0.01091	0.03618	0.02125	0.69794	0.02929	0.02527	0.01838	0.00919	0.00747	0.00230	0.00632	0.00747	0.00919	0.01263
10	0.01403	0.08601	0.01365	0.01093	0.01251	0.07241	0.00769	0.06431	0.01506	0.01895	0.02595	0.25013	0.02935	0.32279	0.02060	0.00448	0.00701	0.01242	0.00527	0.00648
11	0.02032	0.64472	0.03555	0.01254	0.01858	0.02666	0.01223	0.02281	0.01590	0.06990	0.05169	0.01549	0.01376	0.00709	0.00520	0.00169	0.00755	0.00479	0.00393	0.00961

[dist]
# distance from previous block
# <min> <max>
0	4

[block]
# block no. 3 follows, 27 sequences, length 13
# corresponding to MSA columns:
# 90-102
name=unknown_D
#
# <colnr> <probs for GDERKNQSTAVLIFYWHMCP>
#	G	D	E	R	K	N	Q	S	T	A	V	L	I	F	Y	W	H	M	C	P
0	0.00899	0.00753	0.00782	0.00775	0.01016	0.00636	0.00581	0.01108	0.01744	0.02128	0.15277	0.06942	0.61145	0.01834	0.00877	0.00249	0.00373	0.01538	0.00706	0.00636
1	0.02598	0.01845	0.02009	0.01565	0.02115	0.01996	0.01282	0.49930	0.07474	0.08605	0.04355	0.02066	0.01595	0.00905	0.00729	0.00218	0.00738	0.00699	0.04312	0.04964
2	0.79154	0.01436	0.01091	0.00976	0.01436	0.01665	0.00804	0.02182	0.01263	0.03331	0.01034	0.01206	0.00804	0.00689	0.00459	0.00230	0.00574	0.00402	0.00459	0.00804
3	0.01539	0.01319	0.01539	0.01100	0.01759	0.00990	0.00880	0.01869	0.01539	0.02419	0.01319	0.01539	0.01100	0.00550	0.00550	0.00110	0.00550	0.00440	0.00440	0.78449
4	0.01539	0.01319	0.01539	0.01100	0.01759	0.00990	0.00880	0.01869	0.01539	0.02419	0.01319	0.01539	0.01100	0.00550	0.00550	0.00110	0.00550	0.00440	0.00440	0.78449
5	0.01759	0.08520	0.33339	0.05773	0.07705	0.01817	0.20550	0.02416	0.01661	0.07303	0.01479	0.01770	0.01079	0.00692	0.00742	0.00233	0.01063	0.00657	0.00381	0.01063
6	0.01080	0.00720	0.00810	0.00810	0.00810	0.00720	0.00450	0.01080	0.01080	0.01439	0.02339	0.04858	0.02699	0.73910	0.03779	0.00720	0.00720	0.01080	0.00450	0.00450
7	0.00904	0.00646	0.00861	0.01034	0.01077	0.00603	0.00689	0.01034	0.01421	0.01895	0.04092	0.73426	0.04910	0.02326	0.00948	0.00301	0.00431	0.02110	0.00689	0.00603
8	0.02773	0.03538	0.02104	0.01913	0.02295	0.70930	0.01434	0.02964	0.02104	0.01817	0.01148	0.01339	0.00956	0.00765	0.00669	0.00191	0.01339	0.00478	0.00383	0.00861
9	0.02672	0.03261	0.02128	0.01901	0.02264	0.59835	0.01450	0.07352	0.02113	0.02016	0.01176	0.01396	0.00979	0.00823	0.00836	0.00206	0.07797	0.00507	0.00403	0.00884
10	0.02145	0.01456	0.01702	0.10802	0.02200	0.01581	0.01195	0.29159	0.05536	0.09567	0.06934	0.02572	0.04146	0.00951	0.00711	0.00219	0.00667	0.00765	0.16669	0.01021
11	0.01327	0.01116	0.05982	0.01118	0.01414	0.00945	0.00928	0.01927	0.10840	0.07329	0.45579	0.07981	0.07753	0.01404	0.00842	0.00240	0.00458	0.01224	0.00769	0.00822
12	0.05173	0.10532	0.46766	0.02123	0.05376	0.01815	0.09671	0.02284	0.01599	0.02371	0.04595	0.01765	0.01260	0.00726	0.00699	0.00228	0.01015	0.00606	0.00354	0.01041

[dist]
# distance from previous block
# <min> <max>
15	22

[block]
# block no. 4 follows, 27 sequences, length 9
# corresponding to MSA columns:
# 127-135
name=unknown_E
#
# <colnr> <probs for GDERKNQSTAVLIFYWHMCP>
#	G	D	E	R	K	N	Q	S	T	A	V	L	I	F	Y	W	H	M	C	P
0	0.01819	0.01678	0.02067	0.42247	0.03769	0.10035	0.01691	0.14956	0.01920	0.02398	0.01496	0.02157	0.01215	0.08262	0.01044	0.00284	0.00969	0.00683	0.00431	0.00878
1	0.01728	0.01697	0.02674	0.29299	0.41998	0.05490	0.02153	0.02175	0.01637	0.02197	0.01355	0.01862	0.01095	0.00697	0.00734	0.00229	0.00946	0.00651	0.00354	0.01029
2	0.02197	0.25604	0.08771	0.02259	0.15284	0.12802	0.06095	0.10232	0.01931	0.06232	0.01377	0.01574	0.01095	0.00713	0.00650	0.00200	0.00945	0.00559	0.00426	0.01052
3	0.01795	0.02014	0.11094	0.04262	0.61317	0.01759	0.02334	0.02287	0.01676	0.02416	0.01389	0.01805	0.01148	0.00667	0.00731	0.00222	0.00908	0.00648	0.00361	0.01166
4	0.02079	0.02210	0.02687	0.03666	0.47386	0.19614	0.01985	0.02569	0.06334	0.02315	0.01443	0.01773	0.01194	0.00712	0.00719	0.00215	0.00980	0.00626	0.00398	0.01095
5	0.01873	0.45254	0.12950	0.01405	0.02014	0.06267	0.01421	0.02207	0.01623	0.04674	0.07383	0.01943	0.04234	0.00813	0.00648	0.00190	0.03180	0.00576	0.00404	0.00941
6	0.01132	0.00904	0.01354	0.06239	0.12839	0.00898	0.01111	0.01365	0.01509	0.02027	0.03440	0.48214	0.03947	0.01908	0.00909	0.00290	0.00576	0.10003	0.00611	0.00724
7	0.01539	0.01319	0.01539	0.01100	0.01759	0.00990	0.00880	0.01869	0.01539	0.02419	0.01319	0.01539	0.01100	0.00550	0.00550	0.00110	0.00550	0.00440	0.00440	0.78449
8	0.02516	0.01613	0.05188	0.01969	0.13281	0.01519	0.01406	0.10975	0.15839	0.30418	0.05579	0.02468	0.01946	0.00909	0.00750	0.00232	0.00696	0.00761	0.00738	0.01196

[dist]
# distance from previous block
# <min> <max>
2	3

[block]
# block no. 5 follows, 27 sequences, length 24
# corresponding to MSA columns:
# 139-162
name=unknown_F
#
# <colnr> <probs for GDERKNQSTAVLIFYWHMCP>
#	G	D	E	R	K	N	Q	S	T	A	V	L	I	F	Y	W	H	M	C	P
0	0.01043	0.00759	0.00981	0.00925	0.01104	0.00697	0.00694	0.01385	0.02082	0.02932	0.66024	0.05620	0.09897	0.01535	0.00876	0.00234	0.00351	0.01353	0.00811	0.00697
1	0.01074	0.00773	0.01034	0.01066	0.01225	0.00732	0.00837	0.01397	0.01915	0.02643	0.43429	0.14085	0.06006	0.01758	0.00925	0.00271	0.00452	0.18927	0.00765	0.00685
2	0.01527	0.03588	0.61364	0.02313	0.06216	0.01739	0.08273	0.02350	0.01589	0.02357	0.01350	0.01617	0.00967	0.00696	0.00721	0.00236	0.01101	0.00582	0.00321	0.01092
3	0.03142	0.01567	0.01911	0.01465	0.02046	0.01541	0.01210	0.27104	0.02632	0.45590	0.02503	0.02250	0.01624	0.00909	0.00745	0.00227	0.00701	0.00717	0.00853	0.01263
4	0.01837	0.01764	0.03013	0.04557	0.69279	0.01764	0.02278	0.02278	0.01690	0.02425	0.01396	0.01837	0.01176	0.00661	0.00735	0.00220	0.00882	0.00661	0.00367	0.01176
5	0.02730	0.01282	0.01661	0.01247	0.01850	0.01057	0.01020	0.03031	0.01928	0.47196	0.02389	0.02196	0.01590	0.00795	0.00681	0.00190	0.00604	0.00644	0.00758	0.27151
6	0.01810	0.02090	0.04251	0.03059	0.03789	0.05819	0.62865	0.02411	0.01772	0.02346	0.01482	0.01965	0.01117	0.00634	0.00864	0.00247	0.01257	0.00853	0.00376	0.00993
7	0.00904	0.00646	0.00861	0.01034	0.01077	0.00603	0.00689	0.01034	0.01421	0.01895	0.04092	0.73426	0.04910	0.02326	0.00948	0.00301	0.00431	0.02110	0.00689	0.00603
8	0.01074	0.00790	0.01009	0.00949	0.01136	0.00741	0.00713	0.01485	0.04584	0.02945	0.64060	0.05501	0.09177	0.01512	0.00871	0.00235	0.00360	0.01332	0.00810	0.00716
9	0.79154	0.01436	0.01091	0.00976	0.01436	0.01665	0.00804	0.02182	0.01263	0.03331	0.01034	0.01206	0.00804	0.00689	0.00459	0.00230	0.00574	0.00402	0.00459	0.00804
10	0.00886	0.00748	0.00767	0.00771	0.01010	0.00629	0.00575	0.01079	0.01700	0.02044	0.10124	0.09722	0.63649	0.01882	0.00880	0.00252	0.00377	0.01578	0.00695	0.00629
11	0.01624	0.01624	0.02274	0.01949	0.01949	0.02274	0.01624	0.01787	0.01137	0.01787	0.00975	0.01624	0.00975	0.01299	0.02436	0.00325	0.72552	0.00650	0.00325	0.00812
12	0.01518	0.07913	0.66241	0.02067	0.03138	0.01794	0.02658	0.02344	0.01564	0.02316	0.01315	0.01546	0.00941	0.00701	0.00692	0.00231	0.01080	0.00540	0.00314	0.01089
13	0.01402	0.01319	0.02227	0.72126	0.05113	0.01649	0.02062	0.01897	0.01484	0.01897	0.01319	0.01979	0.00990	0.00742	0.00742	0.00247	0.00990	0.00660	0.00330	0.00825
14	0.01051	0.00759	0.00992	0.00934	0.01109	0.00700	0.00700	0.01401	0.02101	0.02977	0.68888	0.05545	0.07005	0.01518	0.00876	0.00233	0.00350	0.01343	0.00817	0.00700
15	0.01525	0.01386	0.02227	0.66003	0.04869	0.01706	0.02005	0.07541	0.01659	0.02139	0.01360	0.01962	0.01013	0.00755	0.00742	0.00245	0.00975	0.00660	0.00366	0.00863
16	0.02816	0.02274	0.02211	0.01735	0.02301	0.11448	0.01414	0.58296	0.03306	0.04297	0.01698	0.01723	0.01222	0.00874	0.00733	0.00219	0.00886	0.00643	0.00695	0.01209
17	0.01985	0.74357	0.03890	0.01270	0.01905	0.02937	0.01270	0.02223	0.01508	0.01747	0.01032	0.01191	0.00953	0.00635	0.00476	0.00159	0.00794	0.00397	0.00318	0.00953
18	0.01238	0.00813	0.00958	0.00916	0.01162	0.00715	0.00698	0.01474	0.01801	0.10324	0.20487	0.09993	0.36823	0.04407	0.00982	0.00270	0.00434	0.05053	0.00737	0.00715
19	0.17304	0.27773	0.25818	0.01510	0.02241	0.04161	0.01659	0.02301	0.01544	0.04863	0.03872	0.01548	0.01189	0.00719	0.00583	0.00206	0.00847	0.00503	0.00389	0.00971
20	0.48574	0.01656	0.01435	0.01210	0.01701	0.07643	0.00985	0.09789	0.01761	0.16830	0.01512	0.01550	0.01078	0.00765	0.00568	0.00226	0.00680	0.00508	0.00578	0.00953
21	0.17874	0.06411	0.01979	0.01651	0.05829	0.22631	0.01242	0.15557	0.02059	0.02844	0.01292	0.01458	0.01026	0.00724	0.00613	0.00191	0.00880	0.00501	0.00477	0.14760
22	0.01463	0.01427	0.02390	0.01956	0.05812	0.01345	0.23018	0.02003	0.07418	0.02343	0.05560	0.08596	0.14615	0.01079	0.00869	0.00230	0.03653	0.01020	0.00519	0.14685
23	0.02030	0.01564	0.01974	0.01447	0.02091	0.01403	0.06743	0.18286	0.02095	0.08693	0.01587	0.01724	0.01205	0.00673	0.00643	0.00161	0.00684	0.00561	0.00551	0.45884

[dist]
# distance from previous block
# <min> <max>
1	15

[block]
# block no. 6 follows, 27 sequences, length 50
# corresponding to MSA columns:
# 178-227
name=unknown_G
#
# <colnr> <probs for GDERKNQSTAVLIFYWHMCP>
#	G	D	E	R	K	N	Q	S	T	A	V	L	I	F	Y	W	H	M	C	P
0	0.01694	0.01702	0.10643	0.01588	0.02076	0.04415	0.09586	0.07366	0.09377	0.07676	0.25614	0.03493	0.03475	0.01092	0.00802	0.00233	0.00711	0.03336	0.00649	0.04470
1	0.07386	0.06628	0.13581	0.06913	0.05289	0.07123	0.25940	0.10324	0.01912	0.05692	0.01472	0.01770	0.01094	0.00708	0.00745	0.00231	0.01049	0.00681	0.00435	0.01027
2	0.56436	0.06282	0.07080	0.06044	0.01922	0.01764	0.01118	0.05447	0.01456	0.05113	0.01172	0.01356	0.00891	0.00708	0.00523	0.00227	0.00674	0.00455	0.00457	0.00876
3	0.37438	0.04018	0.12919	0.01307	0.01876	0.01637	0.01241	0.08715	0.05034	0.10218	0.07591	0.01932	0.01619	0.00825	0.00612	0.00229	0.00679	0.00596	0.00554	0.00960
4	0.01837	0.01764	0.03013	0.04557	0.69279	0.01764	0.02278	0.02278	0.01690	0.02425	0.01396	0.01837	0.01176	0.00661	0.00735	0.00220	0.00882	0.00661	0.00367	0.01176
5	0.01465	0.01325	0.02044	0.52971	0.04205	0.01507	0.01756	0.04269	0.01568	0.02104	0.01429	0.04264	0.01152	0.00762	0.00711	0.00221	0.00877	0.00664	0.00379	0.16326
6	0.01164	0.00791	0.01006	0.00960	0.01167	0.00719	0.00735	0.01475	0.01984	0.06741	0.47966	0.08135	0.16809	0.01607	0.00881	0.00246	0.00397	0.05713	0.00788	0.00717
7	0.02659	0.01378	0.01713	0.01304	0.01886	0.01231	0.01065	0.11233	0.04237	0.38866	0.04492	0.02269	0.01745	0.00838	0.00697	0.00197	0.00623	0.00676	0.00758	0.22132
8	0.01937	0.01640	0.01729	0.01529	0.01965	0.01889	0.01197	0.09757	0.61979	0.03251	0.02907	0.02678	0.02173	0.00996	0.00754	0.00249	0.00609	0.00824	0.00754	0.01183
9	0.03157	0.01225	0.01667	0.01291	0.01835	0.01061	0.01061	0.03449	0.02123	0.64706	0.07951	0.02757	0.02231	0.00964	0.00756	0.00230	0.00610	0.00792	0.00911	0.01221
10	0.05803	0.01679	0.01806	0.01517	0.02004	0.01871	0.01212	0.20796	0.39612	0.11540	0.02585	0.02403	0.01877	0.00951	0.00737	0.00240	0.00654	0.00762	0.00758	0.01192
11	0.02238	0.02691	0.01806	0.01674	0.01984	0.49330	0.01264	0.02449	0.01842	0.01799	0.01619	0.01988	0.03813	0.02104	0.19657	0.00464	0.01477	0.00606	0.00398	0.00798
12	0.01545	0.01341	0.01590	0.01158	0.01772	0.01078	0.00931	0.01864	0.01512	0.02375	0.01296	0.01545	0.01091	0.00601	0.00680	0.00125	0.05517	0.00454	0.00432	0.73092
13	0.23352	0.02759	0.01819	0.01624	0.02045	0.43389	0.01249	0.07819	0.05271	0.02515	0.01260	0.01409	0.01005	0.00767	0.00623	0.00207	0.01054	0.00491	0.00450	0.00893
14	0.03244	0.01244	0.01695	0.01306	0.01865	0.01076	0.01076	0.03534	0.02124	0.67259	0.05431	0.02641	0.02034	0.00942	0.00751	0.00230	0.00621	0.00769	0.00915	0.01242
15	0.01502	0.03748	0.66786	0.02166	0.03246	0.01732	0.05929	0.02352	0.01577	0.02352	0.01341	0.01589	0.00950	0.00701	0.00714	0.00236	0.01105	0.00565	0.00317	0.01092
16	0.01902	0.62553	0.14967	0.01412	0.02124	0.02734	0.01517	0.02244	0.01518	0.01848	0.01082	0.01254	0.00951	0.00647	0.00515	0.00172	0.00845	0.00422	0.00317	0.00977
17	0.03277	0.01350	0.01776	0.01362	0.01938	0.01220	0.01125	0.10331	0.02270	0.62875	0.02807	0.02448	0.01777	0.00916	0.00746	0.00229	0.00651	0.00738	0.00900	0.01263
18	0.03161	0.01228	0.01656	0.01282	0.01834	0.01059	0.01055	0.03442	0.02095	0.65117	0.03246	0.02845	0.06470	0.00985	0.00756	0.00231	0.00614	0.00803	0.00903	0.01219
19	0.01695	0.21340	0.50487	0.01869	0.02828	0.01999	0.02301	0.02375	0.01577	0.05207	0.01328	0.01516	0.00983	0.00697	0.00650	0.00216	0.01001	0.00520	0.00341	0.01068
20	0.00904	0.00646	0.00861	0.01034	0.01077	0.00603	0.00689	0.01034	0.01421	0.01895	0.04092	0.73426	0.04910	0.02326	0.00948	0.00301	0.00431	0.02110	0.00689	0.00603
21	0.00904	0.00646	0.00861	0.01034	0.01077	0.00603	0.00689	0.01034	0.01421	0.01895	0.04092	0.73426	0.04910	0.02326	0.00948	0.00301	0.00431	0.02110	0.00689	0.00603
22	0.01402	0.01319	0.02227	0.72126	0.05113	0.01649	0.02062	0.01897	0.01484	0.01897	0.01319	0.01979	0.00990	0.00742	0.00742	0.00247	0.00990	0.00660	0.00330	0.00825
23	0.01179	0.00842	0.01176	0.01347	0.01510	0.00839	0.01166	0.01508	0.01692	0.02202	0.03940	0.12283	0.04311	0.02067	0.01021	0.00339	0.00668	0.60547	0.00684	0.00679
24	0.01384	0.00692	0.00692	0.00692	0.00865	0.00692	0.00519	0.01730	0.01557	0.02768	0.02422	0.02768	0.01903	0.00865	0.00519	0.00173	0.00346	0.00692	0.78031	0.00692
25	0.00934	0.00668	0.00891	0.01033	0.01098	0.00625	0.00709	0.01100	0.01520	0.02047	0.12495	0.62253	0.05159	0.02211	0.00941	0.00294	0.00429	0.04270	0.00706	0.00619
26	0.01676	0.01795	0.03602	0.19270	0.12802	0.01827	0.40072	0.02226	0.01654	0.02246	0.01421	0.01958	0.01094	0.00688	0.00897	0.00249	0.04398	0.00787	0.00362	0.00975
27	0.01384	0.00692	0.00692	0.00692	0.00865	0.00692	0.00519	0.01730	0.01557	0.02768	0.02422	0.02768	0.01903	0.00865	0.00519	0.00173	0.00346	0.00692	0.78031	0.00692
28	0.79154	0.01436	0.01091	0.00976	0.01436	0.01665	0.00804	0.02182	0.01263	0.03331	0.01034	0.01206	0.00804	0.00689	0.00459	0.00230	0.00574	0.00402	0.00459	0.00804
29	0.00917	0.00754	0.00808	0.00794	0.01027	0.00644	0.00596	0.01143	0.01787	0.02230	0.21700	0.06775	0.54658	0.01796	0.00877	0.00247	0.00370	0.01515	0.00719	0.00644
30	0.01539	0.01319	0.01539	0.01100	0.01759	0.00990	0.00880	0.01869	0.01539	0.02419	0.01319	0.01539	0.01100	0.00550	0.00550	0.00110	0.00550	0.00440	0.00440	0.78449
31	0.01837	0.01764	0.03013	0.04557	0.69279	0.01764	0.02278	0.02278	0.01690	0.02425	0.01396	0.01837	0.01176	0.00661	0.00735	0.00220	0.00882	0.00661	0.00367	0.01176
32	0.01846	0.01595	0.01679	0.01511	0.01930	0.01846	0.01175	0.03945	0.67938	0.03105	0.03022	0.02770	0.02266	0.01007	0.00755	0.00252	0.00588	0.00839	0.00755	0.01175
33	0.01064	0.00780	0.01114	0.01114	0.01219	0.00885	0.00829	0.01275	0.01170	0.01665	0.02061	0.03317	0.02030	0.19682	0.57092	0.01095	0.01726	0.00854	0.00408	0.00619
34	0.02410	0.01874	0.01996	0.01625	0.02145	0.02110	0.01311	0.40230	0.30736	0.04014	0.02306	0.02200	0.01687	0.00940	0.00748	0.00235	0.00720	0.00741	0.00748	0.01226
35	0.02431	0.02341	0.02208	0.01841	0.02189	0.21343	0.01485	0.28574	0.02363	0.02972	0.01351	0.01609	0.01087	0.00985	0.01257	0.00246	0.23591	0.00610	0.00511	0.01009
36	0.06411	0.01509	0.01727	0.01396	0.01921	0.05520	0.01129	0.05985	0.16103	0.46058	0.02712	0.02419	0.01807	0.00917	0.00731	0.00232	0.00669	0.00731	0.00824	0.01200
37	0.01477	0.01418	0.02462	0.59483	0.12769	0.01678	0.06293	0.01974	0.01527	0.01992	0.01341	0.01964	0.01021	0.00725	0.00750	0.00244	0.00994	0.00674	0.00337	0.00879
38	0.79154	0.01436	0.01091	0.00976	0.01436	0.01665	0.00804	0.02182	0.01263	0.03331	0.01034	0.01206	0.00804	0.00689	0.00459	0.00230	0.00574	0.00402	0.00459	0.00804
39	0.01177	0.00848	0.01170	0.01330	0.01506	0.00841	0.01158	0.01510	0.01708	0.02209	0.04146	0.08300	0.08161	0.02041	0.01016	0.00336	0.00665	0.60514	0.00684	0.00680
40	0.01052	0.00757	0.00984	0.00928	0.01095	0.00701	0.00689	0.01386	0.02055	0.02907	0.65848	0.05514	0.06808	0.04824	0.01008	0.00256	0.00367	0.01331	0.00800	0.00689
41	0.01384	0.00692	0.00692	0.00692	0.00865	0.00692	0.00519	0.01730	0.01557	0.02768	0.02422	0.02768	0.01903	0.00865	0.00519	0.00173	0.00346	0.00692	0.78031	0.00692
42	0.01539	0.01319	0.01539	0.01100	0.01759	0.00990	0.00880	0.01869	0.01539	0.02419	0.01319	0.01539	0.01100	0.00550	0.00550	0.00110	0.00550	0.00440	0.00440	0.78449
43	0.01772	0.00986	0.01330	0.01162	0.01487	0.00899	0.03237	0.02144	0.04884	0.22987	0.25051	0.11989	0.13259	0.01441	0.00846	0.00248	0.00506	0.04097	0.00792	0.00882
44	0.01384	0.00692	0.00692	0.00692	0.00865	0.00692	0.00519	0.01730	0.01557	0.02768	0.02422	0.02768	0.01903	0.00865	0.00519	0.00173	0.00346	0.00692	0.78031	0.00692
45	0.65781	0.01548	0.01290	0.01104	0.01587	0.01777	0.00910	0.13504	0.01654	0.03567	0.01165	0.01307	0.00884	0.00725	0.00509	0.00228	0.00617	0.00449	0.00509	0.00884
46	0.01920	0.69279	0.03690	0.01247	0.01850	0.02783	0.01231	0.02166	0.01549	0.01831	0.05714	0.01491	0.01370	0.00696	0.00504	0.00164	0.00763	0.00462	0.00352	0.00935
47	0.01397	0.01293	0.02086	0.55283	0.04261	0.01629	0.01855	0.01817	0.01436	0.01912	0.01502	0.06888	0.01289	0.00931	0.00978	0.00259	0.10603	0.00760	0.03020	0.00803
48	0.01539	0.01319	0.01539	0.01100	0.01759	0.00990	0.00880	0.01869	0.01539	0.02419	0.01319	0.01539	0.01100	0.00550	0.00550	0.00110	0.00550	0.00440	0.00440	0.78449
49	0.01297	0.01130	0.05398	0.01163	0.01528	0.00870	0.02966	0.01620	0.01725	0.05461	0.24085	0.21860	0.04048	0.01361	0.00789	0.00218	0.00512	0.01208	0.00640	0.22120

[dist]
# distance from previous block
# <min> <max>
5	9

[block]
# block no. 7 follows, 27 sequences, length 38
# corresponding to MSA columns:
# 237-274
name=unknown_H
#
# <colnr> <probs for GDERKNQSTAVLIFYWHMCP>
#	G	D	E	R	K	N	Q	S	T	A	V	L	I	F	Y	W	H	M	C	P
0	0.01837	0.01764	0.03013	0.04557	0.69279	0.01764	0.02278	0.02278	0.01690	0.02425	0.01396	0.01837	0.01176	0.00661	0.00735	0.00220	0.00882	0.00661	0.00367	0.01176
1	0.01837	0.01764	0.03013	0.04557	0.69279	0.01764	0.02278	0.02278	0.01690	0.02425	0.01396	0.01837	0.01176	0.00661	0.00735	0.00220	0.00882	0.00661	0.00367	0.01176
2	0.01837	0.01764	0.03013	0.04557	0.69279	0.01764	0.02278	0.02278	0.01690	0.02425	0.01396	0.01837	0.01176	0.00661	0.00735	0.00220	0.00882	0.00661	0.00367	0.01176
3	0.75509	0.01466	0.01145	0.01011	0.01477	0.01696	0.00833	0.05268	0.01370	0.03395	0.01069	0.01233	0.00826	0.00699	0.00473	0.00229	0.00586	0.00415	0.00473	0.00826
4	0.02822	0.02079	0.02228	0.01708	0.02302	0.02302	0.01411	0.66804	0.03490	0.04679	0.01782	0.01782	0.01262	0.00891	0.00743	0.00223	0.00817	0.00668	0.00743	0.01262
5	0.01840	0.01440	0.01570	0.01412	0.01810	0.01607	0.01106	0.03507	0.52174	0.08470	0.07833	0.03373	0.05934	0.01118	0.00779	0.00252	0.00568	0.03335	0.00767	0.01103
6	0.00928	0.00754	0.00822	0.00805	0.01034	0.00648	0.00604	0.01163	0.01812	0.02289	0.25458	0.06677	0.50864	0.01774	0.00877	0.00246	0.00368	0.01501	0.00727	0.00648
7	0.01837	0.01764	0.03013	0.04557	0.69279	0.01764	0.02278	0.02278	0.01690	0.02425	0.01396	0.01837	0.01176	0.00661	0.00735	0.00220	0.00882	0.00661	0.00367	0.01176
8	0.01956	0.70238	0.07756	0.01320	0.01982	0.02867	0.01356	0.02230	0.01512	0.01782	0.01050	0.01213	0.00952	0.00639	0.00490	0.00163	0.00812	0.00406	0.00317	0.00961
9	0.01816	0.01742	0.02974	0.07897	0.66107	0.01758	0.02268	0.02259	0.01680	0.02399	0.01393	0.01844	0.01167	0.00665	0.00735	0.00222	0.00887	0.00661	0.00366	0.01159
10	0.01489	0.03840	0.70064	0.02116	0.03213	0.01724	0.02743	0.02351	0.01567	0.02351	0.01332	0.01567	0.00940	0.00705	0.00705	0.00235	0.01097	0.00549	0.00313	0.01097
11	0.01837	0.01764	0.03013	0.04557	0.69279	0.01764	0.02278	0.02278	0.01690	0.02425	0.01396	0.01837	0.01176	0.00661	0.00735	0.00220	0.00882	0.00661	0.00367	0.01176
12	0.02725	0.02459	0.02128	0.01729	0.02245	0.22761	0.01382	0.44907	0.02999	0.03709	0.01837	0.01878	0.04054	0.00896	0.00726	0.00215	0.00954	0.00650	0.00633	0.01115
13	0.01837	0.01764	0.03013	0.04557	0.69279	0.01764	0.02278	0.02278	0.01690	0.02425	0.01396	0.01837	0.01176	0.00661	0.00735	0.00220	0.00882	0.00661	0.00367	0.01176
14	0.01402	0.01319	0.02227	0.72126	0.05113	0.01649	0.02062	0.01897	0.01484	0.01897	0.01319	0.01979	0.00990	0.00742	0.00742	0.00247	0.00990	0.00660	0.00330	0.00825
15	0.01196	0.00854	0.01196	0.01367	0.01538	0.00854	0.01196	0.01538	0.01709	0.02222	0.03931	0.08374	0.04272	0.02051	0.01025	0.00342	0.00684	0.64283	0.00684	0.00684
16	0.01740	0.01664	0.02837	0.19691	0.54908	0.01738	0.02230	0.02193	0.01644	0.02307	0.01379	0.01869	0.01134	0.00680	0.00737	0.00227	0.00906	0.00661	0.00359	0.01097
17	0.79154	0.01436	0.01091	0.00976	0.01436	0.01665	0.00804	0.02182	0.01263	0.03331	0.01034	0.01206	0.00804	0.00689	0.00459	0.00230	0.00574	0.00402	0.00459	0.00804
18	0.01752	0.02003	0.04380	0.03129	0.03880	0.01877	0.66583	0.02378	0.01752	0.02378	0.01502	0.02003	0.01126	0.00626	0.00876	0.00250	0.01252	0.00876	0.00375	0.01001
19	0.02822	0.02079	0.02228	0.01708	0.02302	0.02302	0.01411	0.66804	0.03490	0.04679	0.01782	0.01782	0.01262	0.00891	0.00743	0.00223	0.00817	0.00668	0.00743	0.01262
20	0.02822	0.02079	0.02228	0.01708	0.02302	0.02302	0.01411	0.66804	0.03490	0.04679	0.01782	0.01782	0.01262	0.00891	0.00743	0.00223	0.00817	0.00668	0.00743	0.01262
21	0.01624	0.01624	0.02274	0.01949	0.01949	0.02274	0.01624	0.01787	0.01137	0.01787	0.00975	0.01624	0.00975	0.01299	0.02436	0.00325	0.72552	0.00650	0.00325	0.00812
22	0.06699	0.01271	0.01695	0.01306	0.01875	0.01117	0.01078	0.03554	0.02087	0.66841	0.02845	0.02468	0.01792	0.00909	0.00734	0.00230	0.00629	0.00731	0.00898	0.01243
23	0.02182	0.01762	0.01868	0.01579	0.02058	0.02003	0.01256	0.25594	0.45742	0.03647	0.02595	0.02430	0.01920	0.00967	0.00751	0.00242	0.00667	0.00780	0.00751	0.01205
24	0.01289	0.00645	0.00967	0.00967	0.00967	0.00645	0.00645	0.00967	0.00967	0.01289	0.01289	0.02257	0.01289	0.02579	0.02901	0.78401	0.00645	0.00645	0.00322	0.00322
25	0.01837	0.01764	0.03013	0.04557	0.69279	0.01764	0.02278	0.02278	0.01690	0.02425	0.01396	0.01837	0.01176	0.00661	0.00735	0.00220	0.00882	0.00661	0.00367	0.01176
26	0.02822	0.02079	0.02228	0.01708	0.02302	0.02302	0.01411	0.66804	0.03490	0.04679	0.01782	0.01782	0.01262	0.00891	0.00743	0.00223	0.00817	0.00668	0.00743	0.01262
27	0.01489	0.03840	0.70064	0.02116	0.03213	0.01724	0.02743	0.02351	0.01567	0.02351	0.01332	0.01567	0.00940	0.00705	0.00705	0.00235	0.01097	0.00549	0.00313	0.01097
28	0.01846	0.01595	0.01679	0.01511	0.01930	0.01846	0.01175	0.03945	0.67938	0.03105	0.03022	0.02770	0.02266	0.01007	0.00755	0.00252	0.00588	0.00839	0.00755	0.01175
29	0.01489	0.03840	0.70064	0.02116	0.03213	0.01724	0.02743	0.02351	0.01567	0.02351	0.01332	0.01567	0.00940	0.00705	0.00705	0.00235	0.01097	0.00549	0.00313	0.01097
30	0.01196	0.00854	0.01196	0.01367	0.01538	0.00854	0.01196	0.01538	0.01709	0.02222	0.03931	0.08374	0.04272	0.02051	0.01025	0.00342	0.00684	0.64283	0.00684	0.00684
31	0.01717	0.01898	0.03796	0.02802	0.03344	0.01987	0.48558	0.02214	0.01581	0.02214	0.01356	0.01898	0.01084	0.00813	0.01309	0.00271	0.21036	0.00813	0.00361	0.00949
32	0.00904	0.00646	0.00861	0.01034	0.01077	0.00603	0.00689	0.01034	0.01421	0.01895	0.04092	0.73426	0.04910	0.02326	0.00948	0.00301	0.00431	0.02110	0.00689	0.00603
33	0.01402	0.01319	0.02227	0.72126	0.05113	0.01649	0.02062	0.01897	0.01484	0.01897	0.01319	0.01979	0.00990	0.00742	0.00742	0.00247	0.00990	0.00660	0.00330	0.00825
34	0.01752	0.02003	0.04380	0.03129	0.03880	0.01877	0.66583	0.02378	0.01752	0.02378	0.01502	0.02003	0.01126	0.00626	0.00876	0.00250	0.01252	0.00876	0.00375	0.01001
35	0.01756	0.01916	0.03836	0.02809	0.03457	0.01902	0.52366	0.02559	0.11195	0.02438	0.01680	0.02084	0.01278	0.00731	0.00975	0.00256	0.06469	0.00854	0.00426	0.01012
36	0.01078	0.00724	0.00832	0.00832	0.00840	0.00732	0.00478	0.01094	0.01086	0.01456	0.02319	0.04745	0.02650	0.69918	0.07703	0.00747	0.00794	0.01063	0.00447	0.00462
37	0.01985	0.74357	0.03890	0.01270	0.01905	0.02937	0.01270	0.02223	0.01508	0.01747	0.01032	0.01191	0.00953	0.00635	0.00476	0.00159	0.00794	0.00397	0.00318	0.00953

[dist]
# distance from previous block
# <min> <max>
0	0

# created by:
# /st0/software/busco_prod/Augustus/scripts/msa2prfl.pl ./align_prep/135671.fa
