[name]
unknown

[dist]
# distance from previous block
# <min> <max>
13	48

[block]
# block no. 0 follows, 26 sequences, length 39
# corresponding to MSA columns:
# 56-94
name=unknown_A
#
# <colnr> <probs for GDERKNQSTAVLIFYWHMCP>
#	G	D	E	R	K	N	Q	S	T	A	V	L	I	F	Y	W	H	M	C	P
0	0.05546	0.20731	0.20136	0.01790	0.06577	0.06738	0.01699	0.05000	0.01784	0.05174	0.06245	0.02807	0.01933	0.00973	0.00710	0.00231	0.00875	0.09597	0.00471	0.00983
1	0.01939	0.07395	0.16759	0.15550	0.03015	0.01817	0.06322	0.17862	0.02074	0.05979	0.01781	0.02475	0.01453	0.03976	0.00964	0.02799	0.00931	0.05394	0.00501	0.01013
2	0.02171	0.07033	0.21185	0.04773	0.02576	0.02011	0.01801	0.26927	0.04306	0.06457	0.01765	0.02096	0.01350	0.00919	0.00866	0.00241	0.06232	0.03265	0.02904	0.01123
3	0.01672	0.10962	0.35135	0.11907	0.08327	0.06265	0.02195	0.02398	0.05932	0.02271	0.01744	0.01987	0.04414	0.00798	0.00712	0.00231	0.00998	0.00634	0.00381	0.01037
4	0.01888	0.04691	0.04823	0.22419	0.06225	0.03899	0.01556	0.04636	0.19587	0.10586	0.02598	0.02867	0.06670	0.00987	0.00768	0.00247	0.00793	0.03154	0.00585	0.01023
5	0.05478	0.23820	0.02838	0.31245	0.12862	0.02145	0.01764	0.04940	0.04117	0.02207	0.01341	0.01737	0.01079	0.00727	0.00660	0.00219	0.00890	0.00586	0.00380	0.00966
6	0.07992	0.38090	0.07852	0.01482	0.02125	0.02555	0.01405	0.20642	0.06408	0.02899	0.01429	0.01524	0.01139	0.00758	0.00599	0.00198	0.00810	0.00526	0.00489	0.01078
7	0.02800	0.02344	0.02212	0.01766	0.02322	0.14004	0.01428	0.50572	0.08110	0.04157	0.01805	0.01819	0.01313	0.00897	0.00747	0.00224	0.00909	0.00663	0.00696	0.01213
8	0.01593	0.01085	0.01056	0.00988	0.01203	0.06141	0.00745	0.08168	0.01734	0.02677	0.02240	0.02828	0.01871	0.07954	0.10853	0.00382	0.00752	0.00738	0.46240	0.00752
9	0.01201	0.00899	0.01288	0.01253	0.01420	0.01040	0.00980	0.05593	0.01373	0.01959	0.02018	0.02904	0.01857	0.05376	0.65782	0.01154	0.01953	0.00804	0.00429	0.00717
10	0.01098	0.00755	0.00926	0.00926	0.00959	0.00789	0.00582	0.01166	0.01132	0.01543	0.02300	0.04466	0.02542	0.56376	0.20532	0.00857	0.01060	0.01030	0.00446	0.00514
11	0.01573	0.01348	0.01573	0.01123	0.01798	0.01011	0.00899	0.01910	0.01573	0.02472	0.01348	0.01573	0.01123	0.00562	0.00562	0.00112	0.00562	0.00449	0.00449	0.77980
12	0.59677	0.11533	0.06645	0.01134	0.01665	0.01858	0.01040	0.02218	0.01346	0.03049	0.01113	0.01319	0.00890	0.00873	0.02940	0.00260	0.00708	0.00435	0.00436	0.00860
13	0.01414	0.00707	0.00707	0.00707	0.00884	0.00707	0.00530	0.01767	0.01591	0.02828	0.02474	0.02828	0.01944	0.00884	0.00530	0.00177	0.00353	0.00707	0.77554	0.00707
14	0.01494	0.01411	0.02386	0.62256	0.14007	0.01701	0.02137	0.01992	0.01546	0.02013	0.01359	0.02002	0.01037	0.00747	0.00757	0.00249	0.00996	0.00674	0.00342	0.00892
15	0.01848	0.01772	0.03026	0.09034	0.64461	0.01795	0.02313	0.02302	0.01713	0.02443	0.01422	0.01887	0.01189	0.00681	0.00751	0.00227	0.00908	0.00676	0.00373	0.01178
16	0.02028	0.73799	0.03975	0.01298	0.01947	0.03001	0.01298	0.02271	0.01541	0.01785	0.01055	0.01217	0.00973	0.00649	0.00487	0.00162	0.00811	0.00406	0.00324	0.00973
17	0.03111	0.01356	0.01752	0.01387	0.01943	0.01264	0.01131	0.03761	0.14711	0.56424	0.03011	0.02630	0.01962	0.00956	0.00765	0.00239	0.00637	0.00781	0.00907	0.01273
18	0.02833	0.03615	0.02149	0.01954	0.02345	0.70298	0.01466	0.03029	0.02149	0.01856	0.01172	0.01368	0.00977	0.00782	0.00684	0.00195	0.01368	0.00489	0.00391	0.00879
19	0.01414	0.00707	0.00707	0.00707	0.00884	0.00707	0.00530	0.01767	0.01591	0.02828	0.02474	0.02828	0.01944	0.00884	0.00530	0.00177	0.00353	0.00707	0.77554	0.00707
20	0.02576	0.09187	0.02381	0.02071	0.08699	0.36392	0.01501	0.15845	0.09396	0.02648	0.01526	0.01655	0.01207	0.00813	0.00698	0.00209	0.01081	0.00579	0.00500	0.01037
21	0.01414	0.00707	0.00707	0.00707	0.00884	0.00707	0.00530	0.01767	0.01591	0.02828	0.02474	0.02828	0.01944	0.00884	0.00530	0.00177	0.00353	0.00707	0.77554	0.00707
22	0.01630	0.11471	0.52367	0.02429	0.12673	0.01907	0.02564	0.02377	0.01613	0.02344	0.01336	0.01598	0.00997	0.00706	0.00699	0.00229	0.01054	0.00560	0.00329	0.01116
23	0.01014	0.00806	0.00932	0.00995	0.01222	0.00724	0.00810	0.01263	0.01735	0.02129	0.06360	0.07753	0.45217	0.01984	0.00951	0.00290	0.00498	0.23953	0.00702	0.00661
24	0.01414	0.00707	0.00707	0.00707	0.00884	0.00707	0.00530	0.01767	0.01591	0.02828	0.02474	0.02828	0.01944	0.00884	0.00530	0.00177	0.00353	0.00707	0.77554	0.00707
25	0.00917	0.00689	0.00851	0.00980	0.01080	0.00622	0.00670	0.01065	0.01525	0.01966	0.05104	0.55569	0.21700	0.02256	0.00949	0.00294	0.00425	0.02010	0.00704	0.00622
26	0.02888	0.24471	0.05250	0.01367	0.01995	0.01742	0.01243	0.03190	0.01947	0.44959	0.02309	0.02107	0.01552	0.00838	0.00673	0.00212	0.00718	0.00641	0.00718	0.01183
27	0.02883	0.02125	0.02276	0.01745	0.02352	0.02352	0.01442	0.66082	0.03566	0.04780	0.01821	0.01821	0.01290	0.00911	0.00759	0.00228	0.00835	0.00683	0.00759	0.01290
28	0.00954	0.00747	0.00816	0.00853	0.01021	0.00663	0.00601	0.01104	0.01561	0.01927	0.05920	0.18172	0.42318	0.15771	0.01486	0.00361	0.00474	0.03990	0.00657	0.00604
29	0.02841	0.03382	0.02169	0.01921	0.02346	0.59664	0.01462	0.12897	0.02371	0.02314	0.01274	0.01439	0.01026	0.00802	0.00696	0.00200	0.01284	0.00519	0.00448	0.00944
30	0.03403	0.01291	0.01760	0.01350	0.01936	0.01115	0.01115	0.03697	0.02171	0.69137	0.02992	0.02582	0.01878	0.00939	0.00763	0.00235	0.00645	0.00763	0.00939	0.01291
31	0.01887	0.01629	0.01715	0.01544	0.01972	0.01887	0.01201	0.04031	0.67241	0.03173	0.03087	0.02830	0.02315	0.01029	0.00772	0.00257	0.00600	0.00858	0.00772	0.01201
32	0.00924	0.00660	0.00880	0.01056	0.01100	0.00616	0.00704	0.01056	0.01452	0.01936	0.04181	0.72848	0.05017	0.02376	0.00968	0.00308	0.00440	0.02156	0.00704	0.00616
33	0.02028	0.73799	0.03975	0.01298	0.01947	0.03001	0.01298	0.02271	0.01541	0.01785	0.01055	0.01217	0.00973	0.00649	0.00487	0.00162	0.00811	0.00406	0.00324	0.00973
34	0.00924	0.00660	0.00880	0.01056	0.01100	0.00616	0.00704	0.01056	0.01452	0.01936	0.04181	0.72848	0.05017	0.02376	0.00968	0.00308	0.00440	0.02156	0.00704	0.00616
35	0.01175	0.00844	0.01165	0.01333	0.01496	0.00834	0.01137	0.01493	0.01711	0.02223	0.04177	0.15947	0.06922	0.02121	0.01033	0.00341	0.00656	0.54004	0.00699	0.00687
36	0.01695	0.01427	0.01636	0.01201	0.01852	0.01176	0.00962	0.06891	0.06563	0.02697	0.01512	0.01684	0.01224	0.00622	0.00592	0.00132	0.00585	0.00497	0.00496	0.66554
37	0.01644	0.01444	0.01414	0.01335	0.01578	0.14272	0.03435	0.01968	0.05915	0.07486	0.05315	0.20405	0.09949	0.11258	0.04117	0.00365	0.00794	0.05924	0.00614	0.00769
38	0.02881	0.02198	0.02270	0.01756	0.02352	0.05718	0.01443	0.62959	0.03496	0.04635	0.01789	0.01799	0.01274	0.00904	0.00755	0.00226	0.00861	0.00673	0.00741	0.01270

[dist]
# distance from previous block
# <min> <max>
8	19

[block]
# block no. 1 follows, 26 sequences, length 13
# corresponding to MSA columns:
# 114-126
name=unknown_B
#
# <colnr> <probs for GDERKNQSTAVLIFYWHMCP>
#	G	D	E	R	K	N	Q	S	T	A	V	L	I	F	Y	W	H	M	C	P
0	0.07907	0.04454	0.02250	0.01924	0.07326	0.10722	0.10202	0.06055	0.11247	0.08015	0.08647	0.02361	0.01979	0.01109	0.04023	0.00273	0.03572	0.00746	0.00559	0.06628
1	0.01443	0.00891	0.01178	0.06649	0.01523	0.00851	0.00834	0.01731	0.01896	0.12499	0.37737	0.04915	0.09610	0.13346	0.01357	0.00323	0.00518	0.01197	0.00739	0.00764
2	0.01711	0.09890	0.26356	0.12788	0.05695	0.04909	0.01927	0.06838	0.01743	0.02403	0.01506	0.05508	0.01252	0.00797	0.00692	0.00213	0.00923	0.00641	0.00403	0.13804
3	0.01780	0.01524	0.02217	0.37672	0.10502	0.01796	0.01809	0.14688	0.04064	0.02636	0.01627	0.04130	0.01298	0.00884	0.00874	0.00248	0.05915	0.00727	0.04642	0.00965
4	0.02296	0.01745	0.01881	0.01586	0.02079	0.01959	0.01263	0.21933	0.43614	0.08938	0.02714	0.02518	0.01984	0.00988	0.00767	0.00247	0.00672	0.00799	0.00781	0.01234
5	0.01573	0.01348	0.01573	0.01123	0.01798	0.01011	0.00899	0.01910	0.01573	0.02472	0.01348	0.01573	0.01123	0.00562	0.00562	0.00112	0.00562	0.00449	0.00449	0.77980
6	0.01084	0.00874	0.00977	0.00934	0.01180	0.00819	0.00705	0.01574	0.09714	0.02571	0.30795	0.06127	0.36523	0.01670	0.00881	0.00249	0.00400	0.01423	0.00763	0.00737
7	0.02584	0.01829	0.02019	0.01579	0.02133	0.01938	0.01284	0.47903	0.03033	0.09173	0.02105	0.09181	0.01702	0.01028	0.00760	0.00224	0.00751	0.00817	0.00735	0.09221
8	0.01080	0.00746	0.00855	0.00855	0.00894	0.00744	0.00514	0.01123	0.01178	0.01556	0.02905	0.05032	0.09445	0.60079	0.09347	0.00728	0.00812	0.01129	0.00480	0.00497
9	0.02129	0.44589	0.05962	0.01452	0.02075	0.08885	0.01353	0.09541	0.07552	0.02322	0.01363	0.01482	0.01137	0.00720	0.00576	0.00180	0.00841	0.00493	0.00427	0.06921
10	0.02303	0.01547	0.01802	0.01339	0.01977	0.01397	0.01090	0.19706	0.02237	0.16725	0.01813	0.01846	0.01323	0.00734	0.00656	0.00169	0.00653	0.00577	0.00633	0.41473
11	0.02624	0.04321	0.02131	0.01632	0.02198	0.07055	0.01330	0.38922	0.13992	0.09191	0.02023	0.01983	0.01466	0.00889	0.00732	0.00220	0.00797	0.00678	0.00711	0.07106
12	0.01431	0.01034	0.01247	0.07211	0.01653	0.03468	0.00916	0.01876	0.07077	0.09199	0.32543	0.11745	0.11838	0.04185	0.00972	0.00267	0.00525	0.01273	0.00739	0.00800

[dist]
# distance from previous block
# <min> <max>
0	1

[block]
# block no. 2 follows, 26 sequences, length 9
# corresponding to MSA columns:
# 128-136
name=unknown_C
#
# <colnr> <probs for GDERKNQSTAVLIFYWHMCP>
#	G	D	E	R	K	N	Q	S	T	A	V	L	I	F	Y	W	H	M	C	P
0	0.01052	0.00765	0.00992	0.01095	0.01207	0.00737	0.00801	0.01338	0.04184	0.02227	0.15957	0.40151	0.07295	0.05972	0.01116	0.00322	0.00492	0.12916	0.00717	0.00664
1	0.02613	0.01906	0.02066	0.01647	0.02186	0.02101	0.01337	0.48691	0.13703	0.07313	0.02241	0.06842	0.01737	0.01031	0.00775	0.00238	0.00761	0.00815	0.00766	0.01230
2	0.01983	0.01677	0.01770	0.01563	0.02009	0.01932	0.01224	0.10061	0.61053	0.03329	0.02964	0.02732	0.02216	0.01018	0.00771	0.00254	0.00623	0.00841	0.00771	0.01209
3	0.01573	0.01348	0.01573	0.01123	0.01798	0.01011	0.00899	0.01910	0.01573	0.02472	0.01348	0.01573	0.01123	0.00562	0.00562	0.00112	0.00562	0.00449	0.00449	0.77980
4	0.04641	0.01597	0.04917	0.13386	0.12277	0.01543	0.05865	0.08653	0.08760	0.12203	0.02620	0.02730	0.09772	0.00934	0.00759	0.00233	0.00777	0.00807	0.00577	0.06947
5	0.02741	0.02067	0.02301	0.01955	0.07403	0.02280	0.01494	0.57122	0.07608	0.04498	0.01874	0.01892	0.01351	0.00900	0.00759	0.00229	0.00824	0.00694	0.00730	0.01277
6	0.08325	0.01780	0.01915	0.04971	0.07196	0.06476	0.01316	0.28917	0.09308	0.03634	0.15661	0.02664	0.02542	0.01006	0.00760	0.00232	0.00741	0.00809	0.00679	0.01068
7	0.02406	0.01929	0.01942	0.01589	0.02089	0.08149	0.01271	0.32740	0.19116	0.06474	0.08935	0.02449	0.02139	0.00980	0.00761	0.00228	0.00756	0.00773	0.00730	0.04544
8	0.01972	0.01610	0.01834	0.16927	0.05108	0.08115	0.01359	0.17147	0.05514	0.05146	0.01861	0.02279	0.01474	0.04431	0.07607	0.00338	0.00941	0.00697	0.11116	0.04524

[dist]
# distance from previous block
# <min> <max>
7	13

[block]
# block no. 3 follows, 26 sequences, length 9
# corresponding to MSA columns:
# 150-158
name=unknown_D
#
# <colnr> <probs for GDERKNQSTAVLIFYWHMCP>
#	G	D	E	R	K	N	Q	S	T	A	V	L	I	F	Y	W	H	M	C	P
0	0.01547	0.01260	0.01825	0.05035	0.14253	0.01287	0.05106	0.12852	0.01918	0.02600	0.05983	0.30203	0.03186	0.06113	0.01061	0.00298	0.00693	0.03297	0.00608	0.00875
1	0.01917	0.10150	0.13021	0.06830	0.38409	0.09263	0.05102	0.02393	0.01726	0.02296	0.01350	0.01724	0.01105	0.00693	0.00717	0.00220	0.00997	0.00619	0.00362	0.01104
2	0.02448	0.01870	0.02215	0.01849	0.05809	0.02003	0.04728	0.47440	0.03026	0.04090	0.05308	0.08415	0.01901	0.01033	0.00783	0.00232	0.00790	0.00851	0.00704	0.04506
3	0.02027	0.04636	0.01722	0.01381	0.01823	0.04002	0.01098	0.09986	0.28376	0.11639	0.13592	0.03183	0.06206	0.01081	0.00767	0.00232	0.00615	0.00891	0.00745	0.05997
4	0.02614	0.07629	0.02179	0.02026	0.15669	0.01504	0.01368	0.07072	0.06015	0.34952	0.08916	0.02592	0.02174	0.00924	0.00750	0.00228	0.00693	0.00775	0.00738	0.01183
5	0.01886	0.01579	0.02498	0.31617	0.28427	0.01734	0.02007	0.06273	0.05976	0.08149	0.01658	0.02055	0.01257	0.00769	0.00757	0.00240	0.00901	0.00695	0.00456	0.01066
6	0.04798	0.01176	0.01381	0.01246	0.01580	0.01154	0.00965	0.12812	0.04961	0.06813	0.07319	0.23640	0.03223	0.04610	0.00954	0.00271	0.00591	0.08321	0.00677	0.13509
7	0.10436	0.15426	0.02472	0.08156	0.17905	0.08834	0.01517	0.10897	0.03857	0.02683	0.05787	0.02186	0.05100	0.00854	0.00682	0.00217	0.00827	0.00675	0.00484	0.01006
8	0.01387	0.01380	0.10421	0.01220	0.01529	0.01094	0.01042	0.11334	0.01902	0.02613	0.19697	0.16131	0.06107	0.18901	0.01582	0.00370	0.00642	0.01235	0.00635	0.00777

[dist]
# distance from previous block
# <min> <max>
12	22

[block]
# block no. 4 follows, 26 sequences, length 18
# corresponding to MSA columns:
# 184-201
name=unknown_E
#
# <colnr> <probs for GDERKNQSTAVLIFYWHMCP>
#	G	D	E	R	K	N	Q	S	T	A	V	L	I	F	Y	W	H	M	C	P
0	0.05625	0.09419	0.01708	0.13112	0.02085	0.01389	0.01120	0.09138	0.01905	0.02645	0.22058	0.12075	0.03611	0.05134	0.03378	0.00303	0.00688	0.03186	0.00608	0.00812
1	0.01217	0.00757	0.00893	0.00887	0.00954	0.00736	0.00555	0.01310	0.01344	0.05253	0.09581	0.13122	0.03398	0.48369	0.02805	0.00566	0.00628	0.01216	0.05841	0.00565
2	0.01381	0.00908	0.01196	0.05262	0.01503	0.00929	0.00903	0.06653	0.03440	0.04255	0.10958	0.21358	0.03443	0.05559	0.01515	0.18036	0.00597	0.08207	0.03226	0.00671
3	0.01610	0.01470	0.02426	0.37099	0.27851	0.01650	0.02012	0.02114	0.05176	0.02150	0.01470	0.02038	0.01179	0.00906	0.00948	0.06975	0.00918	0.00684	0.00374	0.00949
4	0.01024	0.00693	0.00926	0.01042	0.01099	0.00661	0.00715	0.01126	0.01452	0.01949	0.09808	0.46910	0.04519	0.08879	0.01476	0.09710	0.00505	0.06275	0.00648	0.00583
5	0.01210	0.00791	0.00996	0.00972	0.01163	0.00715	0.00712	0.01467	0.01875	0.08276	0.34391	0.20844	0.17305	0.04547	0.01016	0.00276	0.00421	0.01528	0.00776	0.00719
6	0.01139	0.00737	0.00938	0.01005	0.01083	0.00699	0.00672	0.01271	0.01468	0.05542	0.10193	0.39029	0.04357	0.23806	0.01833	0.00429	0.00542	0.03983	0.00656	0.00618
7	0.40564	0.01130	0.01041	0.00954	0.01266	0.01230	0.00733	0.01891	0.01488	0.05395	0.15085	0.02845	0.02515	0.10390	0.01102	0.03106	0.00544	0.00744	0.07236	0.00743
8	0.00970	0.00701	0.00862	0.00956	0.01032	0.00653	0.00633	0.01099	0.01468	0.01933	0.09036	0.43358	0.14045	0.17752	0.01584	0.00389	0.00490	0.01786	0.00660	0.00593
9	0.23000	0.01616	0.01528	0.01310	0.01733	0.06124	0.01063	0.24035	0.02295	0.03523	0.07893	0.02923	0.05412	0.01053	0.00698	0.00236	0.00681	0.06150	0.07780	0.00947
10	0.00995	0.00704	0.00918	0.01039	0.01104	0.00668	0.00714	0.01154	0.01511	0.02031	0.11768	0.48868	0.04885	0.12863	0.01399	0.00367	0.00497	0.07219	0.00683	0.00612
11	0.01005	0.00761	0.00918	0.00902	0.01085	0.00683	0.00662	0.01277	0.01913	0.02570	0.40878	0.12577	0.25815	0.04338	0.01009	0.00269	0.00388	0.01508	0.00768	0.00673
12	0.01049	0.00714	0.00886	0.00954	0.00996	0.00712	0.00613	0.01150	0.01277	0.01756	0.03042	0.30732	0.03484	0.34395	0.10182	0.00596	0.00750	0.01454	0.04701	0.00558
13	0.21789	0.01144	0.01204	0.01075	0.01415	0.01190	0.00859	0.08157	0.01871	0.11442	0.14283	0.03520	0.04636	0.04431	0.00840	0.00258	0.00546	0.06241	0.14249	0.00854
14	0.01775	0.00941	0.01247	0.01161	0.01430	0.00866	0.00892	0.04057	0.01951	0.21946	0.22058	0.25815	0.04544	0.01652	0.00887	0.00267	0.00509	0.06321	0.00811	0.00869
15	0.01598	0.18271	0.43950	0.01806	0.02681	0.01912	0.02156	0.02353	0.05275	0.02387	0.09048	0.02053	0.01748	0.00818	0.00694	0.00224	0.00939	0.00637	0.00405	0.01048
16	0.01089	0.00770	0.00920	0.00963	0.01074	0.00758	0.00659	0.01360	0.05096	0.02086	0.09854	0.27263	0.11377	0.19127	0.06345	0.00444	0.00606	0.01462	0.08109	0.00636
17	0.59968	0.01312	0.01119	0.01006	0.01409	0.01475	0.00808	0.02099	0.01420	0.05932	0.10073	0.01951	0.01741	0.00959	0.00709	0.05564	0.00564	0.00570	0.00528	0.00793

[dist]
# distance from previous block
# <min> <max>
0	1

[block]
# block no. 5 follows, 26 sequences, length 8
# corresponding to MSA columns:
# 203-210
name=unknown_F
#
# <colnr> <probs for GDERKNQSTAVLIFYWHMCP>
#	G	D	E	R	K	N	Q	S	T	A	V	L	I	F	Y	W	H	M	C	P
0	0.01055	0.00734	0.00876	0.00901	0.00950	0.00722	0.00565	0.01141	0.01303	0.01745	0.08755	0.16455	0.07891	0.45553	0.07613	0.00622	0.00721	0.01317	0.00546	0.00536
1	0.06122	0.02113	0.02217	0.08036	0.02572	0.06259	0.01476	0.53731	0.03196	0.04290	0.01706	0.01786	0.01225	0.00880	0.00741	0.00228	0.00871	0.00659	0.00686	0.01204
2	0.01691	0.01160	0.01294	0.04629	0.01490	0.08515	0.00895	0.06283	0.01429	0.04551	0.01507	0.02218	0.01344	0.02110	0.04083	0.49228	0.00785	0.00654	0.05573	0.00561
3	0.13908	0.01170	0.05739	0.01153	0.01463	0.01031	0.00970	0.01865	0.04959	0.07272	0.30570	0.13711	0.04570	0.01454	0.00823	0.00259	0.00521	0.07040	0.00714	0.00807
4	0.06498	0.00802	0.00929	0.00919	0.01101	0.00755	0.00668	0.01326	0.01801	0.02545	0.34612	0.15511	0.20208	0.07638	0.01121	0.00294	0.00423	0.01450	0.00729	0.00670
5	0.04489	0.01932	0.05191	0.02133	0.12344	0.03603	0.04336	0.33520	0.02610	0.08018	0.01913	0.06682	0.01539	0.01092	0.03117	0.00262	0.00871	0.00771	0.00629	0.04948
6	0.53681	0.01627	0.06743	0.12974	0.02279	0.01657	0.01217	0.02310	0.01423	0.08270	0.01282	0.01501	0.00948	0.00733	0.00561	0.00238	0.00705	0.00495	0.00472	0.00886
7	0.04630	0.00882	0.01113	0.01010	0.01238	0.00824	0.00750	0.01790	0.01922	0.14291	0.40870	0.08119	0.05198	0.12479	0.01314	0.00317	0.00479	0.01223	0.00774	0.00776

[dist]
# distance from previous block
# <min> <max>
0	1

[block]
# block no. 6 follows, 26 sequences, length 38
# corresponding to MSA columns:
# 212-249
name=unknown_G
#
# <colnr> <probs for GDERKNQSTAVLIFYWHMCP>
#	G	D	E	R	K	N	Q	S	T	A	V	L	I	F	Y	W	H	M	C	P
0	0.01010	0.00741	0.00978	0.01149	0.03974	0.00699	0.00732	0.01167	0.01511	0.02032	0.12018	0.47665	0.07840	0.13134	0.01393	0.00359	0.00493	0.01804	0.00669	0.00631
1	0.01754	0.01693	0.02959	0.26624	0.37039	0.01797	0.10224	0.04457	0.01730	0.02373	0.01428	0.01945	0.01135	0.00707	0.00772	0.00238	0.00983	0.00703	0.00377	0.01063
2	0.01692	0.01344	0.01622	0.04802	0.01985	0.01053	0.00977	0.02035	0.01611	0.07060	0.01462	0.01666	0.01170	0.00598	0.00586	0.00128	0.00591	0.00483	0.00477	0.68656
3	0.01842	0.04077	0.22788	0.02323	0.14039	0.06414	0.08248	0.02372	0.01830	0.10408	0.12581	0.05524	0.02318	0.00940	0.00779	0.00236	0.00898	0.00830	0.00516	0.01037
4	0.00966	0.00678	0.00868	0.01003	0.01037	0.00644	0.00647	0.01067	0.01371	0.01828	0.03764	0.57049	0.04491	0.18892	0.01641	0.00407	0.00509	0.01911	0.00647	0.00580
5	0.02557	0.01940	0.02116	0.01772	0.04864	0.02155	0.01384	0.46914	0.17600	0.04245	0.02116	0.02092	0.01543	0.00926	0.00751	0.00232	0.00764	0.00723	0.04063	0.01241
6	0.01874	0.02004	0.14891	0.04177	0.05932	0.04381	0.03581	0.10359	0.01934	0.07463	0.06384	0.03943	0.01704	0.00873	0.00775	0.02629	0.00788	0.00678	0.00517	0.25114
7	0.04122	0.27648	0.30562	0.02005	0.07314	0.02230	0.04101	0.02329	0.01563	0.03727	0.01263	0.01519	0.01009	0.00745	0.00789	0.00220	0.06930	0.00535	0.00348	0.01043
8	0.01078	0.00782	0.00895	0.00912	0.01132	0.00682	0.00681	0.01287	0.01735	0.05929	0.11908	0.20438	0.42538	0.01935	0.00912	0.00269	0.00425	0.05050	0.00729	0.00682
9	0.01176	0.00799	0.01039	0.00965	0.01166	0.00731	0.00729	0.01524	0.02131	0.06114	0.62578	0.05590	0.09494	0.01537	0.00888	0.00239	0.00373	0.01353	0.00834	0.00740
10	0.01583	0.01490	0.02452	0.48711	0.22028	0.01731	0.02103	0.02188	0.06124	0.02169	0.01490	0.02039	0.01153	0.00755	0.00757	0.00246	0.00953	0.00687	0.00377	0.00964
11	0.05320	0.07659	0.06976	0.07782	0.05419	0.26702	0.05179	0.11267	0.05290	0.02584	0.07264	0.01992	0.01640	0.00847	0.00718	0.00218	0.01026	0.00653	0.00486	0.00977
12	0.01615	0.00960	0.01181	0.01090	0.01355	0.00897	0.00818	0.07351	0.01966	0.15571	0.18322	0.23408	0.15982	0.04667	0.01001	0.00280	0.00499	0.01438	0.00773	0.00827
13	0.55461	0.01524	0.01341	0.01150	0.01614	0.01733	0.00941	0.14747	0.01799	0.03592	0.06039	0.01727	0.01404	0.00980	0.03010	0.00268	0.00670	0.00547	0.00550	0.00901
14	0.06826	0.03247	0.52705	0.02047	0.06048	0.01625	0.02375	0.02262	0.01656	0.02557	0.09909	0.02110	0.01757	0.00824	0.00727	0.00239	0.00976	0.00660	0.00399	0.01052
15	0.01768	0.06027	0.11185	0.31509	0.22569	0.09877	0.02139	0.02255	0.01663	0.02134	0.01336	0.01806	0.01053	0.00727	0.00728	0.00232	0.01025	0.00624	0.00352	0.00992
16	0.02696	0.01922	0.02071	0.01622	0.02176	0.02115	0.01328	0.52263	0.08951	0.07507	0.02043	0.02031	0.01463	0.00920	0.00741	0.00226	0.00765	0.00704	0.07224	0.01233
17	0.01845	0.01445	0.02259	0.05737	0.02339	0.01499	0.16688	0.19121	0.01950	0.02613	0.01667	0.02447	0.01436	0.04688	0.03352	0.25745	0.00914	0.02960	0.00480	0.00814
18	0.24213	0.01419	0.06120	0.11083	0.02102	0.01385	0.01175	0.04336	0.01685	0.10503	0.14026	0.02932	0.05481	0.06275	0.01004	0.00280	0.03741	0.00802	0.00577	0.00863
19	0.01430	0.08504	0.01365	0.01028	0.01283	0.00999	0.00801	0.01693	0.01854	0.10290	0.32055	0.09046	0.11783	0.10202	0.01208	0.00302	0.00509	0.04165	0.00720	0.00764
20	0.01812	0.03797	0.11938	0.05375	0.14306	0.12401	0.12048	0.05816	0.01858	0.02398	0.04595	0.11110	0.02003	0.01031	0.00799	0.00242	0.00967	0.04294	0.00469	0.02742
21	0.07394	0.54663	0.06110	0.01395	0.02002	0.11570	0.01337	0.02345	0.01596	0.01930	0.01111	0.01305	0.00990	0.00821	0.02578	0.00206	0.00917	0.00435	0.00345	0.00948
22	0.00964	0.00689	0.00894	0.01028	0.01091	0.00647	0.00696	0.01110	0.01489	0.01986	0.08706	0.55866	0.07453	0.09548	0.01259	0.00346	0.00473	0.04457	0.00688	0.00612
23	0.13208	0.10611	0.02236	0.01924	0.08697	0.34615	0.01389	0.09880	0.02058	0.02474	0.01612	0.01771	0.04829	0.00825	0.00659	0.00207	0.01033	0.00572	0.00453	0.00947
24	0.38373	0.05983	0.19801	0.01351	0.01954	0.01649	0.01386	0.04387	0.01542	0.02936	0.08239	0.01879	0.01578	0.00911	0.00735	0.04636	0.00733	0.00576	0.00462	0.00889
25	0.01716	0.01638	0.02788	0.28853	0.45672	0.01760	0.02248	0.02187	0.01651	0.02283	0.01398	0.01930	0.01133	0.00706	0.00754	0.00235	0.00941	0.00675	0.00362	0.01072
26	0.00965	0.00690	0.00889	0.01026	0.01088	0.00649	0.00694	0.01102	0.01462	0.01937	0.06152	0.55282	0.08357	0.11095	0.01324	0.00358	0.00484	0.05162	0.00678	0.00605
27	0.03981	0.01504	0.02136	0.38458	0.09230	0.06459	0.04327	0.02143	0.06215	0.02264	0.08207	0.02893	0.01992	0.00954	0.00787	0.00253	0.00907	0.05951	0.00459	0.00882
28	0.01026	0.00726	0.00864	0.00907	0.00969	0.00702	0.00578	0.01119	0.01335	0.01762	0.06740	0.22896	0.12335	0.38065	0.06190	0.00562	0.00664	0.01442	0.00572	0.00549
29	0.01078	0.00788	0.00974	0.01067	0.01169	0.00766	0.00731	0.04563	0.03906	0.02131	0.06058	0.54328	0.09126	0.08077	0.01183	0.00332	0.00484	0.01883	0.00693	0.00664
30	0.01791	0.02423	0.19556	0.03052	0.16164	0.01916	0.29348	0.05824	0.01776	0.02510	0.01442	0.01861	0.01109	0.00739	0.00951	0.00251	0.07084	0.00741	0.00383	0.01080
31	0.06528	0.13660	0.02696	0.10949	0.24238	0.25286	0.01761	0.02506	0.01792	0.02146	0.01251	0.01581	0.01045	0.00719	0.00672	0.00209	0.01041	0.00554	0.00373	0.00992
32	0.05854	0.06627	0.56118	0.02080	0.03082	0.06712	0.04509	0.02433	0.01627	0.02393	0.01324	0.01562	0.00961	0.00719	0.00700	0.00234	0.01101	0.00551	0.00336	0.01078
33	0.00944	0.00678	0.00876	0.01017	0.01075	0.00632	0.00677	0.01079	0.01470	0.01954	0.07134	0.60544	0.08377	0.08246	0.01203	0.00338	0.00458	0.02002	0.00690	0.00609
34	0.01958	0.02340	0.15949	0.08603	0.22687	0.09019	0.14592	0.02490	0.01781	0.07938	0.01638	0.02144	0.01290	0.00775	0.00780	0.00239	0.01047	0.03230	0.00425	0.01075
35	0.58340	0.05188	0.01348	0.01092	0.01540	0.01689	0.00912	0.06728	0.01560	0.03312	0.05973	0.02104	0.01555	0.00874	0.00562	0.00239	0.00608	0.05005	0.00524	0.00847
36	0.01175	0.00849	0.01010	0.01037	0.01150	0.00847	0.00702	0.05893	0.04761	0.02160	0.08991	0.35135	0.07421	0.23216	0.01794	0.00418	0.00554	0.01580	0.00650	0.00656
37	0.01486	0.00958	0.01203	0.01078	0.01341	0.00928	0.00835	0.01934	0.06945	0.12820	0.40793	0.05054	0.15295	0.01467	0.00941	0.00247	0.03797	0.01244	0.00802	0.00833

[dist]
# distance from previous block
# <min> <max>
1	2

[block]
# block no. 7 follows, 26 sequences, length 11
# corresponding to MSA columns:
# 252-262
name=unknown_H
#
# <colnr> <probs for GDERKNQSTAVLIFYWHMCP>
#	G	D	E	R	K	N	Q	S	T	A	V	L	I	F	Y	W	H	M	C	P
0	0.39244	0.08199	0.07939	0.05882	0.04859	0.01666	0.01233	0.02392	0.01552	0.13052	0.04349	0.03793	0.01427	0.00823	0.00602	0.00232	0.00693	0.00597	0.00524	0.00942
1	0.01737	0.02425	0.22715	0.07176	0.32753	0.01805	0.10970	0.02454	0.05981	0.02465	0.01527	0.01889	0.01186	0.00712	0.00763	0.00237	0.01003	0.00683	0.00384	0.01134
2	0.01226	0.01069	0.01042	0.01006	0.01180	0.08310	0.00717	0.01446	0.01808	0.02323	0.31177	0.09576	0.18082	0.16017	0.01472	0.00342	0.00555	0.01317	0.00676	0.00660
3	0.02391	0.01767	0.01932	0.01548	0.02038	0.01903	0.01238	0.48117	0.02972	0.04005	0.02204	0.13610	0.01961	0.04583	0.00928	0.00258	0.00747	0.00929	0.00715	0.06154
4	0.02762	0.02899	0.02206	0.06351	0.02533	0.39899	0.01498	0.27071	0.02651	0.02980	0.01432	0.01583	0.01099	0.00829	0.00717	0.00211	0.01141	0.00575	0.00528	0.01034
5	0.09965	0.00883	0.00854	0.00807	0.01044	0.00924	0.00622	0.06034	0.01687	0.03019	0.02276	0.02587	0.01778	0.00866	0.00539	0.00186	0.00411	0.00673	0.64088	0.00758
6	0.07480	0.01858	0.02007	0.04334	0.02242	0.02067	0.01327	0.45017	0.11704	0.04200	0.08174	0.02287	0.01938	0.00967	0.00754	0.00234	0.00749	0.00753	0.00732	0.01176
7	0.19659	0.07606	0.01514	0.01163	0.01488	0.06125	0.00906	0.04582	0.01479	0.02380	0.01746	0.06740	0.01699	0.14648	0.09241	0.00421	0.03861	0.00738	0.04138	0.09867
8	0.06710	0.01480	0.01748	0.01473	0.01889	0.01576	0.04631	0.21826	0.14709	0.05045	0.12653	0.11392	0.04580	0.01243	0.00807	0.00250	0.00651	0.03668	0.00721	0.02947
9	0.02288	0.51094	0.03384	0.01510	0.02076	0.24773	0.01352	0.02516	0.01738	0.01808	0.01093	0.01266	0.00975	0.00692	0.00551	0.00173	0.00991	0.00432	0.00346	0.00943
10	0.02677	0.02038	0.02241	0.01757	0.02285	0.02315	0.01448	0.54530	0.07945	0.04340	0.01823	0.01877	0.01333	0.00965	0.00949	0.00241	0.08598	0.00694	0.00713	0.01233

[dist]
# distance from previous block
# <min> <max>
0	1

[block]
# block no. 8 follows, 26 sequences, length 9
# corresponding to MSA columns:
# 264-272
name=unknown_I
#
# <colnr> <probs for GDERKNQSTAVLIFYWHMCP>
#	G	D	E	R	K	N	Q	S	T	A	V	L	I	F	Y	W	H	M	C	P
0	0.01681	0.01371	0.01902	0.08814	0.14205	0.01461	0.03266	0.07931	0.15318	0.05266	0.10213	0.06111	0.07194	0.01543	0.06789	0.00335	0.00816	0.04182	0.00616	0.00984
1	0.01318	0.00659	0.00988	0.00988	0.00988	0.00659	0.00659	0.00988	0.00988	0.01318	0.01318	0.02306	0.01318	0.02635	0.02964	0.77931	0.00659	0.00659	0.00329	0.00329
2	0.01678	0.02670	0.31117	0.10027	0.30643	0.01781	0.06621	0.02328	0.01658	0.02390	0.01398	0.01786	0.01078	0.00700	0.00748	0.00236	0.01029	0.00641	0.00349	0.01121
3	0.00939	0.00764	0.00795	0.00791	0.01005	0.00659	0.00570	0.01117	0.01672	0.02043	0.11524	0.06847	0.54442	0.11950	0.01314	0.00322	0.00432	0.01513	0.00680	0.00621
4	0.02509	0.18506	0.02484	0.01680	0.02171	0.32883	0.01363	0.16316	0.06844	0.02566	0.01725	0.01812	0.04300	0.00851	0.00673	0.00202	0.01031	0.00590	0.00496	0.00999
5	0.01790	0.02046	0.04476	0.03197	0.03964	0.01918	0.65857	0.02430	0.01790	0.02430	0.01535	0.02046	0.01151	0.00639	0.00895	0.00256	0.01279	0.00895	0.00384	0.01023
6	0.12413	0.50818	0.09022	0.01399	0.02038	0.09641	0.01380	0.02355	0.01575	0.02063	0.01093	0.01267	0.00952	0.00676	0.00525	0.00182	0.00865	0.00428	0.00350	0.00956
7	0.64359	0.06004	0.01438	0.01111	0.01609	0.01864	0.00929	0.10335	0.01595	0.03478	0.01153	0.01306	0.00890	0.00727	0.00507	0.00229	0.00632	0.00445	0.00497	0.00890
8	0.01259	0.00946	0.01171	0.01165	0.01389	0.00879	0.00856	0.07596	0.01705	0.02339	0.03422	0.47463	0.03891	0.01880	0.00881	0.00268	0.00523	0.06973	0.00663	0.14731

[dist]
# distance from previous block
# <min> <max>
0	1

[block]
# block no. 9 follows, 26 sequences, length 55
# corresponding to MSA columns:
# 274-328
name=unknown_J
#
# <colnr> <probs for GDERKNQSTAVLIFYWHMCP>
#	G	D	E	R	K	N	Q	S	T	A	V	L	I	F	Y	W	H	M	C	P
0	0.00924	0.00660	0.00880	0.01056	0.01100	0.00616	0.00704	0.01056	0.01452	0.01936	0.04181	0.72848	0.05017	0.02376	0.00968	0.00308	0.00440	0.02156	0.00704	0.00616
1	0.02613	0.03063	0.02055	0.01830	0.02225	0.51143	0.01396	0.10245	0.06423	0.02291	0.01778	0.01901	0.05376	0.00905	0.00777	0.00212	0.03749	0.00612	0.00476	0.00931
2	0.02883	0.02125	0.02276	0.01745	0.02352	0.02352	0.01442	0.66082	0.03566	0.04780	0.01821	0.01821	0.01290	0.00911	0.00759	0.00228	0.00835	0.00683	0.00759	0.01290
3	0.01540	0.01448	0.02382	0.37783	0.21623	0.01708	0.01988	0.01967	0.01501	0.02052	0.01405	0.02047	0.01159	0.01343	0.08617	0.00361	0.09113	0.00689	0.00355	0.00920
4	0.01391	0.00705	0.00715	0.00723	0.00894	0.00703	0.00538	0.01734	0.01584	0.02786	0.02554	0.06094	0.02087	0.00953	0.00551	0.00183	0.00358	0.00775	0.73969	0.00703
5	0.01486	0.01261	0.01548	0.01446	0.04164	0.01325	0.04019	0.02621	0.30696	0.02891	0.23404	0.06618	0.10549	0.01285	0.00828	0.00248	0.00540	0.01122	0.00739	0.03209
6	0.00969	0.00695	0.00918	0.01080	0.01148	0.00655	0.00757	0.01126	0.01487	0.01965	0.04222	0.59413	0.07242	0.05093	0.01089	0.00328	0.00483	0.10016	0.00694	0.00622
7	0.01084	0.00810	0.01204	0.01204	0.01335	0.00940	0.00930	0.01345	0.01215	0.01750	0.02045	0.03054	0.01928	0.08217	0.67853	0.01201	0.01983	0.00824	0.00408	0.00669
8	0.01872	0.01818	0.03167	0.04563	0.64506	0.01810	0.06362	0.02334	0.01731	0.02475	0.01434	0.01888	0.01198	0.00674	0.00760	0.00227	0.00925	0.00690	0.00376	0.01190
9	0.02883	0.02125	0.02276	0.01745	0.02352	0.02352	0.01442	0.66082	0.03566	0.04780	0.01821	0.01821	0.01290	0.00911	0.00759	0.00228	0.00835	0.00683	0.00759	0.01290
10	0.02436	0.01222	0.01506	0.01285	0.01708	0.03086	0.01033	0.04613	0.06403	0.37439	0.08715	0.09780	0.08972	0.01311	0.00828	0.00254	0.00609	0.06911	0.00834	0.01053
11	0.01835	0.01211	0.01391	0.01230	0.01606	0.01215	0.00984	0.10133	0.15264	0.14655	0.11323	0.04849	0.22009	0.01422	0.00846	0.00257	0.00558	0.07471	0.00780	0.00962
12	0.01521	0.03923	0.69413	0.02162	0.03283	0.01762	0.02802	0.02402	0.01601	0.02402	0.01361	0.01601	0.00961	0.00721	0.00721	0.00240	0.01121	0.00560	0.00320	0.01121
13	0.01553	0.03731	0.63552	0.02258	0.06389	0.01768	0.02717	0.02462	0.04182	0.02436	0.01432	0.01663	0.01026	0.00731	0.00724	0.00240	0.01090	0.00578	0.00341	0.01128
14	0.01044	0.00758	0.00984	0.00963	0.01124	0.00698	0.00709	0.01362	0.02027	0.02838	0.56270	0.15851	0.09151	0.01689	0.00906	0.00250	0.00371	0.01499	0.00810	0.00698
15	0.02491	0.01888	0.02126	0.07538	0.04872	0.02106	0.01437	0.45518	0.12262	0.04108	0.01989	0.02047	0.01451	0.00904	0.00746	0.00231	0.00788	0.00708	0.05589	0.01200
16	0.00903	0.00769	0.00778	0.00776	0.01029	0.00643	0.00582	0.01102	0.01745	0.02088	0.10073	0.07235	0.65890	0.01906	0.00896	0.00255	0.00383	0.01592	0.00710	0.00643
17	0.01293	0.00659	0.00981	0.00992	0.00995	0.00656	0.00662	0.00992	0.01018	0.01357	0.01499	0.06786	0.01552	0.02619	0.02838	0.73002	0.00645	0.00754	0.00353	0.00348
18	0.78701	0.01467	0.01115	0.00997	0.01467	0.01702	0.00821	0.02230	0.01291	0.03403	0.01056	0.01232	0.00821	0.00704	0.00469	0.00235	0.00587	0.00411	0.00469	0.00821
19	0.01318	0.00659	0.00988	0.00988	0.00988	0.00659	0.00659	0.00988	0.00988	0.01318	0.01318	0.02306	0.01318	0.02635	0.02964	0.77931	0.00659	0.00659	0.00329	0.00329
20	0.01573	0.01348	0.01573	0.01123	0.01798	0.01011	0.00899	0.01910	0.01573	0.02472	0.01348	0.01573	0.01123	0.00562	0.00562	0.00112	0.00562	0.00449	0.00449	0.77980
21	0.00924	0.00660	0.00880	0.01056	0.01100	0.00616	0.00704	0.01056	0.01452	0.01936	0.04181	0.72848	0.05017	0.02376	0.00968	0.00308	0.00440	0.02156	0.00704	0.00616
22	0.01790	0.02046	0.04476	0.03197	0.03964	0.01918	0.65857	0.02430	0.01790	0.02430	0.01535	0.02046	0.01151	0.00639	0.00895	0.00256	0.01279	0.00895	0.00384	0.01023
23	0.01887	0.01629	0.01715	0.01544	0.01972	0.01887	0.01201	0.04031	0.67241	0.03173	0.03087	0.02830	0.02315	0.01029	0.00772	0.00257	0.00600	0.00858	0.00772	0.01201
24	0.03216	0.01307	0.01742	0.01347	0.01908	0.01163	0.01108	0.07312	0.02254	0.60846	0.07269	0.02741	0.02194	0.00978	0.00771	0.00235	0.00638	0.00799	0.00921	0.01252
25	0.78701	0.01467	0.01115	0.00997	0.01467	0.01702	0.00821	0.02230	0.01291	0.03403	0.01056	0.01232	0.00821	0.00704	0.00469	0.00235	0.00587	0.00411	0.00469	0.00821
26	0.00936	0.00668	0.00893	0.01069	0.01119	0.00626	0.00724	0.01076	0.01464	0.01949	0.04174	0.70338	0.04991	0.02365	0.00971	0.00310	0.00450	0.04551	0.00704	0.00619
27	0.00965	0.00677	0.00868	0.01004	0.01038	0.00643	0.00648	0.01067	0.01372	0.01830	0.03771	0.57315	0.04500	0.18615	0.01630	0.00406	0.00508	0.01915	0.00648	0.00580
28	0.01915	0.01604	0.01876	0.06495	0.04800	0.01870	0.01358	0.05869	0.46773	0.05697	0.02672	0.02733	0.02053	0.01047	0.00946	0.00264	0.07665	0.02544	0.00688	0.01133
29	0.02447	0.01754	0.01794	0.01538	0.02015	0.08587	0.01213	0.06285	0.39889	0.21629	0.02818	0.02573	0.02017	0.00974	0.00760	0.00244	0.00700	0.00787	0.00780	0.01197
30	0.65109	0.01700	0.07611	0.01146	0.01679	0.01695	0.01037	0.02383	0.04429	0.05677	0.01250	0.01390	0.00943	0.00729	0.00518	0.00236	0.00640	0.00458	0.00486	0.00884
31	0.01204	0.00764	0.00900	0.00888	0.00926	0.00763	0.00533	0.01241	0.01176	0.04723	0.02469	0.07530	0.02752	0.62455	0.08025	0.00726	0.00805	0.01111	0.00489	0.00520
32	0.02883	0.02125	0.02276	0.01745	0.02352	0.02352	0.01442	0.66082	0.03566	0.04780	0.01821	0.01821	0.01290	0.00911	0.00759	0.00228	0.00835	0.00683	0.00759	0.01290
33	0.02630	0.01885	0.02161	0.01665	0.02244	0.02009	0.03845	0.46504	0.06496	0.09911	0.06201	0.02179	0.01754	0.00926	0.00761	0.00224	0.00775	0.00736	0.00745	0.06350
34	0.01717	0.01525	0.02344	0.52037	0.09920	0.01827	0.02000	0.12570	0.01861	0.02449	0.01421	0.01965	0.01073	0.00796	0.00817	0.00249	0.03398	0.00675	0.00410	0.00946
35	0.02726	0.02032	0.02179	0.01705	0.02278	0.02255	0.01396	0.57940	0.09926	0.04536	0.02017	0.03981	0.01501	0.00965	0.00766	0.00233	0.00800	0.00743	0.00759	0.01261
36	0.01065	0.00756	0.00895	0.00895	0.00964	0.00762	0.00575	0.01150	0.01229	0.01624	0.03194	0.04958	0.13423	0.48186	0.16488	0.00752	0.00933	0.01128	0.00490	0.00532
37	0.02132	0.01714	0.01748	0.01546	0.01992	0.06137	0.01207	0.03926	0.55140	0.11166	0.02954	0.02707	0.02177	0.01002	0.00765	0.00251	0.00655	0.00823	0.00768	0.01191
38	0.00974	0.00760	0.00883	0.00876	0.01078	0.00670	0.00648	0.01230	0.01878	0.02457	0.32897	0.13220	0.36094	0.01810	0.00903	0.00254	0.00379	0.01560	0.00760	0.00670
39	0.00928	0.00669	0.00879	0.01039	0.01098	0.00621	0.00698	0.01070	0.01488	0.01978	0.06445	0.67533	0.08093	0.02328	0.00962	0.00303	0.00435	0.02104	0.00708	0.00621
40	0.02814	0.02088	0.02276	0.05059	0.02489	0.02321	0.01473	0.63036	0.03469	0.04645	0.01799	0.01831	0.01277	0.00903	0.00759	0.00229	0.00843	0.00682	0.00739	0.01269
41	0.78701	0.01467	0.01115	0.00997	0.01467	0.01702	0.00821	0.02230	0.01291	0.03403	0.01056	0.01232	0.00821	0.00704	0.00469	0.00235	0.00587	0.00411	0.00469	0.00821
42	0.01462	0.01378	0.02329	0.67063	0.09449	0.01693	0.02121	0.01964	0.01531	0.01974	0.01353	0.02013	0.01024	0.00753	0.00758	0.00251	0.01004	0.00674	0.00340	0.00867
43	0.01037	0.00753	0.00977	0.00965	0.01122	0.00693	0.00707	0.01344	0.01995	0.02784	0.53126	0.18503	0.09706	0.01725	0.00909	0.00253	0.00375	0.01532	0.00804	0.00693
44	0.01924	0.01648	0.01736	0.01551	0.01987	0.01904	0.01210	0.06377	0.64833	0.03234	0.03039	0.02792	0.02277	0.01025	0.00771	0.00256	0.00609	0.00851	0.00771	0.01204
45	0.01535	0.03825	0.66003	0.02216	0.03319	0.01770	0.06114	0.02404	0.01611	0.02404	0.01370	0.01625	0.00971	0.00716	0.00730	0.00241	0.01129	0.00578	0.00324	0.01116
46	0.01318	0.00659	0.00988	0.00988	0.00988	0.00659	0.00659	0.00988	0.00988	0.01318	0.01318	0.02306	0.01318	0.02635	0.02964	0.77931	0.00659	0.00659	0.00329	0.00329
47	0.02341	0.01945	0.01945	0.01585	0.02095	0.08783	0.01264	0.33957	0.13930	0.03610	0.02075	0.06689	0.01681	0.01126	0.03021	0.00252	0.00824	0.00765	0.00667	0.11445
48	0.06018	0.24090	0.15496	0.01729	0.02365	0.25954	0.01637	0.10162	0.01993	0.02363	0.01245	0.01415	0.01003	0.00742	0.00631	0.00200	0.01055	0.00497	0.00405	0.00999
49	0.73557	0.01631	0.05667	0.01075	0.01588	0.01706	0.00953	0.02241	0.01312	0.03336	0.01076	0.01257	0.00831	0.00705	0.00486	0.00235	0.00622	0.00421	0.00459	0.00841
50	0.04757	0.02265	0.17347	0.17727	0.28810	0.05030	0.08691	0.02302	0.01665	0.02350	0.01380	0.01815	0.01079	0.00705	0.00746	0.00236	0.01020	0.00653	0.00361	0.01060
51	0.09333	0.01079	0.01157	0.01086	0.01358	0.03504	0.00829	0.01947	0.06169	0.11858	0.12489	0.07616	0.16455	0.13351	0.01327	0.00338	0.00584	0.08051	0.00684	0.00784
52	0.61521	0.01595	0.01271	0.04007	0.01699	0.06240	0.00935	0.05552	0.01505	0.03226	0.01537	0.01690	0.05150	0.00800	0.00538	0.00234	0.00657	0.00517	0.00489	0.00839
53	0.01157	0.00923	0.01229	0.01221	0.01357	0.03805	0.00934	0.01405	0.01249	0.01744	0.02022	0.03058	0.01921	0.10415	0.62609	0.01141	0.01910	0.00820	0.00410	0.00670
54	0.01531	0.01143	0.01320	0.01228	0.01489	0.01181	0.00924	0.18438	0.06683	0.02986	0.15754	0.31273	0.09577	0.01705	0.00880	0.00266	0.00535	0.01486	0.00748	0.00854

[dist]
# distance from previous block
# <min> <max>
0	1

[block]
# block no. 10 follows, 26 sequences, length 36
# corresponding to MSA columns:
# 330-365
name=unknown_K
#
# <colnr> <probs for GDERKNQSTAVLIFYWHMCP>
#	G	D	E	R	K	N	Q	S	T	A	V	L	I	F	Y	W	H	M	C	P
0	0.01098	0.00860	0.00927	0.00905	0.01170	0.00777	0.00689	0.01478	0.07293	0.04598	0.12659	0.08776	0.50143	0.01797	0.00889	0.00259	0.00423	0.03811	0.00731	0.00719
1	0.01428	0.01342	0.02213	0.62226	0.04752	0.01689	0.02002	0.01887	0.01483	0.01928	0.01452	0.05347	0.01200	0.00884	0.00917	0.00262	0.07060	0.00743	0.00354	0.00831
2	0.01858	0.02275	0.19211	0.06524	0.46367	0.01749	0.02367	0.02407	0.01713	0.06166	0.01495	0.01855	0.01173	0.00705	0.00744	0.00231	0.00945	0.00652	0.00392	0.01172
3	0.07012	0.01532	0.04484	0.07564	0.02270	0.01452	0.01285	0.11728	0.09219	0.37709	0.05940	0.02504	0.01950	0.00939	0.00752	0.00238	0.00699	0.00759	0.00788	0.01179
4	0.02784	0.03511	0.02127	0.01933	0.02325	0.66719	0.01452	0.03081	0.05555	0.01925	0.01273	0.01444	0.01047	0.00795	0.00689	0.00199	0.01328	0.00508	0.00411	0.00896
5	0.02473	0.07883	0.02153	0.01612	0.02140	0.06338	0.01313	0.28197	0.27421	0.09000	0.02295	0.02189	0.01683	0.00928	0.00737	0.00232	0.00761	0.00721	0.00720	0.01204
6	0.02883	0.02125	0.02276	0.01745	0.02352	0.02352	0.01442	0.66082	0.03566	0.04780	0.01821	0.01821	0.01290	0.00911	0.00759	0.00228	0.00835	0.00683	0.00759	0.01290
7	0.01318	0.00659	0.00988	0.00988	0.00988	0.00659	0.00659	0.00988	0.00988	0.01318	0.01318	0.02306	0.01318	0.02635	0.02964	0.77931	0.00659	0.00659	0.00329	0.00329
8	0.05862	0.01167	0.03835	0.07499	0.01787	0.01143	0.01036	0.02071	0.15430	0.02830	0.33108	0.04636	0.10991	0.01353	0.00833	0.00251	0.00528	0.04082	0.00716	0.00841
9	0.01650	0.01721	0.03238	0.06479	0.11879	0.01833	0.31072	0.02085	0.01578	0.02209	0.01694	0.10278	0.01569	0.01018	0.01255	0.00276	0.17868	0.00948	0.00406	0.00944
10	0.13576	0.01700	0.04944	0.17517	0.14606	0.01742	0.07367	0.05494	0.13933	0.02731	0.01681	0.01963	0.01293	0.00764	0.00709	0.00232	0.00830	0.00664	0.00478	0.07776
11	0.01940	0.01933	0.02977	0.06676	0.61134	0.07333	0.02251	0.02371	0.01754	0.02410	0.01404	0.01841	0.01177	0.00687	0.00746	0.00224	0.00943	0.00661	0.00375	0.01163
12	0.01297	0.00659	0.00982	0.00992	0.00994	0.00656	0.00661	0.00992	0.01013	0.01350	0.01469	0.06049	0.01514	0.02621	0.02859	0.73813	0.00647	0.00738	0.00349	0.00345
13	0.32299	0.05265	0.01906	0.01434	0.01989	0.02130	0.01194	0.38251	0.02586	0.04103	0.01488	0.01564	0.01093	0.00818	0.00633	0.00227	0.00737	0.00564	0.00626	0.01093
14	0.05493	0.01438	0.01780	0.01412	0.01967	0.01395	0.01152	0.09589	0.14437	0.48630	0.02838	0.02513	0.01870	0.00945	0.00755	0.00238	0.00653	0.00762	0.00876	0.01259
15	0.02883	0.02125	0.02276	0.01745	0.02352	0.02352	0.01442	0.66082	0.03566	0.04780	0.01821	0.01821	0.01290	0.00911	0.00759	0.00228	0.00835	0.00683	0.00759	0.01290
16	0.01858	0.00949	0.01265	0.01087	0.01403	0.00850	0.00850	0.02194	0.02155	0.25288	0.46260	0.04628	0.05380	0.01345	0.00850	0.00237	0.00455	0.01167	0.00870	0.00909
17	0.01036	0.00756	0.00975	0.00972	0.01132	0.00696	0.00718	0.01338	0.01970	0.02730	0.49289	0.18447	0.11667	0.01752	0.00913	0.00256	0.00386	0.03480	0.00796	0.00690
18	0.01790	0.02046	0.04476	0.03197	0.03964	0.01918	0.65857	0.02430	0.01790	0.02430	0.01535	0.02046	0.01151	0.00639	0.00895	0.00256	0.01279	0.00895	0.00384	0.01023
