[name]
unknown

[dist]
# distance from previous block
# <min> <max>
0	39

[block]
# block no. 0 follows, 30 sequences, length 41
# corresponding to MSA columns:
# 45-85
name=unknown_A
#
# <colnr> <probs for GDERKNQSTAVLIFYWHMCP>
#	G	D	E	R	K	N	Q	S	T	A	V	L	I	F	Y	W	H	M	C	P
0	0.14981	0.07456	0.07212	0.01615	0.08565	0.07262	0.01259	0.14461	0.07226	0.02721	0.04127	0.07093	0.04213	0.00966	0.00663	0.00218	0.00708	0.05707	0.00516	0.03032
1	0.08331	0.22279	0.19294	0.05053	0.02160	0.06872	0.01471	0.07961	0.01660	0.02274	0.04629	0.02094	0.05812	0.00807	0.00609	0.00197	0.00789	0.02871	0.00410	0.04427
2	0.13582	0.06508	0.22498	0.01567	0.02200	0.07456	0.04650	0.14834	0.05614	0.02743	0.04578	0.01898	0.04384	0.00783	0.00639	0.00208	0.00810	0.00603	0.00463	0.03982
3	0.05943	0.16941	0.24668	0.04493	0.07725	0.03966	0.01656	0.02329	0.12201	0.02228	0.01621	0.01762	0.03434	0.00718	0.00610	0.00197	0.00793	0.00556	0.00397	0.07761
4	0.01701	0.13345	0.11691	0.01837	0.10213	0.13513	0.04429	0.05103	0.01632	0.02080	0.06833	0.04482	0.04049	0.05351	0.00957	0.00232	0.06626	0.00685	0.00408	0.04833
5	0.04379	0.09208	0.19435	0.04806	0.14339	0.14722	0.08650	0.06610	0.01705	0.02214	0.01528	0.04499	0.03371	0.00759	0.00668	0.00208	0.00944	0.00635	0.00379	0.00941
6	0.11653	0.08357	0.09869	0.02471	0.26576	0.17924	0.01626	0.02279	0.03867	0.02249	0.05742	0.01723	0.01362	0.00713	0.00630	0.00200	0.00865	0.00567	0.00389	0.00939
7	0.01485	0.01332	0.04114	0.01837	0.13569	0.01347	0.01291	0.04734	0.26934	0.02485	0.02999	0.08406	0.06187	0.01264	0.00791	0.00256	0.00630	0.18814	0.00607	0.00919
8	0.01075	0.00733	0.00961	0.00893	0.01073	0.00673	0.00673	0.01402	0.01976	0.05610	0.67976	0.05097	0.06386	0.01404	0.00818	0.00219	0.00340	0.01239	0.00772	0.00680
9	0.01499	0.08235	0.54024	0.05871	0.02929	0.06280	0.04495	0.02184	0.01522	0.02137	0.03718	0.01604	0.01098	0.00689	0.00659	0.00214	0.01001	0.00544	0.00319	0.00977
10	0.00847	0.00708	0.00738	0.00730	0.00956	0.00599	0.00548	0.01044	0.01643	0.02009	0.15731	0.06511	0.62101	0.01721	0.00825	0.00233	0.00350	0.01444	0.00664	0.00599
11	0.01379	0.01136	0.01240	0.01160	0.01428	0.01246	0.00867	0.02552	0.39628	0.02514	0.12480	0.10691	0.09416	0.09790	0.01081	0.00289	0.00503	0.01060	0.00673	0.00865
12	0.00931	0.00696	0.00943	0.01020	0.01090	0.00708	0.00724	0.01106	0.01420	0.01951	0.16096	0.50411	0.04486	0.02283	0.07969	0.00354	0.04943	0.01645	0.00623	0.00601
13	0.01612	0.01561	0.02718	0.22822	0.48971	0.01636	0.06403	0.02052	0.01541	0.02144	0.01300	0.01773	0.01055	0.00640	0.00701	0.00216	0.00879	0.00634	0.00336	0.01006
14	0.01498	0.01272	0.01366	0.01275	0.01613	0.01416	0.01003	0.02947	0.49326	0.02632	0.03707	0.03979	0.14777	0.01213	0.00761	0.00247	0.00527	0.08793	0.00691	0.00956
15	0.00844	0.00708	0.00733	0.00727	0.00954	0.00597	0.00545	0.01038	0.01635	0.01991	0.14449	0.06542	0.63394	0.01728	0.00825	0.00234	0.00351	0.01448	0.00662	0.00597
16	0.80405	0.01350	0.01026	0.00918	0.01350	0.01565	0.00756	0.02051	0.01188	0.03131	0.00972	0.01134	0.00756	0.00648	0.00432	0.00216	0.00540	0.00378	0.00432	0.00756
17	0.01447	0.01240	0.01447	0.01034	0.01654	0.00930	0.00827	0.01757	0.01447	0.02274	0.01240	0.01447	0.01034	0.00517	0.00517	0.00103	0.00517	0.00413	0.00413	0.79742
18	0.02814	0.01599	0.01862	0.01438	0.01980	0.01649	0.01185	0.37145	0.06078	0.33482	0.02202	0.02026	0.01469	0.00854	0.00700	0.00214	0.00681	0.00668	0.00771	0.01183
19	0.01372	0.01240	0.01822	0.43291	0.03485	0.01290	0.01472	0.01772	0.01417	0.01989	0.01240	0.01687	0.00974	0.00622	0.00622	0.00178	0.00757	0.00533	0.00353	0.33882
20	0.01476	0.01262	0.01509	0.05778	0.01874	0.01009	0.00914	0.03832	0.01500	0.02308	0.01254	0.01481	0.01032	0.00538	0.00534	0.00115	0.00551	0.00434	0.00416	0.72183
21	0.02343	0.01697	0.01810	0.01430	0.01903	0.01872	0.01163	0.52364	0.07889	0.03941	0.01863	0.01963	0.01383	0.03070	0.00754	0.00219	0.00686	0.00655	0.11914	0.01081
22	0.01477	0.01341	0.02277	0.60775	0.04459	0.01590	0.08381	0.05567	0.01541	0.04022	0.01325	0.01868	0.00980	0.00700	0.00710	0.00231	0.00935	0.00643	0.00352	0.00826
23	0.00873	0.00638	0.00808	0.00933	0.01008	0.00591	0.00640	0.01005	0.01369	0.01785	0.04233	0.55775	0.14860	0.07098	0.01066	0.00305	0.00428	0.05388	0.00632	0.00565
24	0.01626	0.05725	0.01967	0.18219	0.04727	0.14057	0.03936	0.04307	0.05962	0.01951	0.01722	0.13432	0.01657	0.03213	0.01014	0.00244	0.11379	0.00816	0.00421	0.03626
25	0.01005	0.00738	0.00947	0.00919	0.01077	0.00699	0.00679	0.01387	0.05302	0.02657	0.57637	0.15198	0.06075	0.01513	0.00827	0.00230	0.00351	0.01343	0.00748	0.00668
26	0.01805	0.01300	0.01560	0.01152	0.01721	0.01102	0.00933	0.06932	0.01647	0.13305	0.01492	0.01614	0.01148	0.00634	0.00657	0.00140	0.04608	0.00485	0.00499	0.57264
27	0.02563	0.01883	0.02019	0.01551	0.02097	0.02068	0.01279	0.64131	0.03154	0.04263	0.01685	0.01703	0.01205	0.00827	0.00684	0.00204	0.00743	0.00622	0.03684	0.03635
28	0.01965	0.01583	0.01818	0.03802	0.01991	0.01696	0.01185	0.29379	0.10724	0.03119	0.01650	0.03737	0.01314	0.00842	0.00852	0.00198	0.09809	0.00623	0.00557	0.23157
29	0.00836	0.00704	0.00726	0.00728	0.00952	0.00593	0.00543	0.01021	0.01606	0.01941	0.11091	0.09218	0.64136	0.01761	0.00827	0.00236	0.00354	0.01478	0.00656	0.00593
30	0.01711	0.01663	0.02611	0.13296	0.54538	0.04703	0.02009	0.02228	0.06241	0.02232	0.01397	0.01785	0.01143	0.00658	0.00690	0.00211	0.00842	0.00626	0.00366	0.01048
31	0.00982	0.00713	0.00924	0.00872	0.01039	0.00656	0.00654	0.01305	0.01961	0.02764	0.68382	0.05269	0.08978	0.01439	0.00823	0.00220	0.00330	0.01270	0.00764	0.00656
32	0.01368	0.01212	0.01829	0.30490	0.07298	0.01517	0.01500	0.01686	0.01315	0.01911	0.01514	0.07666	0.01362	0.00987	0.01160	0.00246	0.22880	0.00730	0.12570	0.00757
33	0.01769	0.60886	0.17819	0.01359	0.02046	0.02524	0.01481	0.02115	0.01429	0.01760	0.01029	0.01193	0.00893	0.00611	0.00492	0.00164	0.00805	0.00403	0.00298	0.00924
34	0.00850	0.00607	0.00810	0.00972	0.01012	0.00567	0.00648	0.00972	0.01336	0.01781	0.03846	0.75020	0.04615	0.02186	0.00891	0.00283	0.00405	0.01984	0.00648	0.00567
35	0.01318	0.01240	0.02093	0.73798	0.04806	0.01550	0.01938	0.01783	0.01395	0.01783	0.01240	0.01860	0.00930	0.00698	0.00698	0.00233	0.00930	0.00620	0.00310	0.00775
36	0.01863	0.01802	0.02496	0.12041	0.46845	0.12167	0.01898	0.02236	0.01631	0.05934	0.01366	0.01741	0.01108	0.00802	0.02922	0.00235	0.00925	0.00604	0.00373	0.01011
37	0.01248	0.00727	0.00982	0.01059	0.01195	0.00673	0.00775	0.01422	0.01479	0.12811	0.03653	0.54009	0.04075	0.01941	0.00871	0.00278	0.00469	0.10977	0.00681	0.00675
38	0.00857	0.00704	0.00755	0.00751	0.00965	0.00601	0.00560	0.01061	0.01654	0.02057	0.19195	0.09364	0.55617	0.01720	0.00827	0.00235	0.00351	0.01454	0.00671	0.00601
39	0.08130	0.01231	0.01601	0.01236	0.01770	0.01109	0.01021	0.06100	0.01999	0.64294	0.02591	0.02265	0.01641	0.00849	0.00684	0.00216	0.00598	0.00678	0.00829	0.01159
40	0.31681	0.05530	0.30780	0.01456	0.02158	0.01648	0.01598	0.06353	0.03898	0.07101	0.01310	0.01438	0.00951	0.00688	0.00572	0.00215	0.00771	0.00485	0.00422	0.00943

[dist]
# distance from previous block
# <min> <max>
0	2

[block]
# block no. 1 follows, 30 sequences, length 22
# corresponding to MSA columns:
# 90-99,111,116-126
name=unknown_B
#
# <colnr> <probs for GDERKNQSTAVLIFYWHMCP>
#	G	D	E	R	K	N	Q	S	T	A	V	L	I	F	Y	W	H	M	C	P
0	0.02242	0.04961	0.02231	0.02432	0.22440	0.35381	0.01534	0.07176	0.05471	0.04802	0.01370	0.01587	0.01106	0.00872	0.03216	0.00227	0.01039	0.00548	0.00415	0.00949
1	0.22199	0.08056	0.01849	0.14653	0.07072	0.07959	0.01263	0.10331	0.01678	0.04647	0.06265	0.01812	0.01396	0.00998	0.04359	0.00258	0.03326	0.00577	0.00449	0.00854
2	0.01636	0.01719	0.02253	0.19869	0.07248	0.11207	0.05086	0.01909	0.01333	0.01777	0.01069	0.01606	0.00937	0.00954	0.01497	0.00261	0.37914	0.00603	0.00319	0.00804
3	0.00918	0.00651	0.00863	0.00999	0.01056	0.00628	0.00701	0.01060	0.01329	0.01768	0.03542	0.53161	0.04155	0.11514	0.03876	0.00370	0.00529	0.11707	0.00609	0.00562
4	0.01447	0.01240	0.01447	0.01034	0.01654	0.00930	0.00827	0.01757	0.01447	0.02274	0.01240	0.01447	0.01034	0.00517	0.00517	0.00103	0.00517	0.00413	0.00413	0.79742
5	0.00884	0.00701	0.00795	0.00789	0.00983	0.00612	0.00585	0.01110	0.01705	0.02198	0.29236	0.11757	0.42808	0.01681	0.00830	0.00234	0.00349	0.01440	0.00690	0.00612
6	0.07416	0.08572	0.46775	0.01775	0.02633	0.01679	0.04353	0.06689	0.01631	0.10110	0.01411	0.01549	0.00995	0.00688	0.00642	0.00214	0.00913	0.00533	0.00397	0.01025
7	0.02411	0.05203	0.02092	0.01975	0.08368	0.54485	0.01406	0.05071	0.06211	0.01929	0.01223	0.01406	0.01006	0.00744	0.00698	0.00191	0.03831	0.00496	0.00388	0.00869
8	0.00872	0.00623	0.00832	0.00983	0.01036	0.00584	0.00673	0.01014	0.01383	0.01849	0.07232	0.67951	0.04684	0.02134	0.00891	0.00282	0.00414	0.05333	0.00654	0.00575
9	0.01571	0.01426	0.02281	0.48093	0.21312	0.01646	0.01921	0.09386	0.01656	0.02202	0.01307	0.01806	0.01003	0.00694	0.00696	0.00224	0.00886	0.00621	0.00363	0.00905
10	0.00896	0.00645	0.00856	0.00993	0.01067	0.00606	0.00704	0.01063	0.01436	0.01913	0.09805	0.57745	0.07321	0.02071	0.00891	0.00281	0.00426	0.10038	0.00658	0.00585
11	0.00865	0.00708	0.00762	0.00749	0.00967	0.00606	0.00562	0.01079	0.01685	0.02108	0.22633	0.06348	0.55137	0.01684	0.00824	0.00232	0.00348	0.01421	0.00677	0.00606
12	0.00990	0.00704	0.00893	0.00996	0.01067	0.00685	0.00681	0.04905	0.01419	0.01891	0.03495	0.58027	0.04112	0.11798	0.01236	0.00333	0.00474	0.05084	0.00621	0.00587
13	0.04468	0.01285	0.02172	0.59572	0.04317	0.01549	0.07717	0.01824	0.01403	0.01907	0.01279	0.01855	0.00970	0.00706	0.00735	0.00231	0.02999	0.00630	0.03598	0.00784
14	0.80405	0.01350	0.01026	0.00918	0.01350	0.01565	0.00756	0.02051	0.01188	0.03131	0.00972	0.01134	0.00756	0.00648	0.00432	0.00216	0.00540	0.00378	0.00432	0.00756
15	0.02035	0.02243	0.02221	0.04801	0.29905	0.30658	0.01622	0.02399	0.04446	0.02052	0.01327	0.01628	0.01097	0.00719	0.00727	0.00199	0.04383	0.00559	0.06053	0.00926
16	0.01607	0.00894	0.01157	0.00995	0.01295	0.00805	0.00776	0.01969	0.04270	0.21263	0.43979	0.04230	0.07476	0.01226	0.00771	0.00214	0.00419	0.01061	0.00769	0.04824
17	0.00850	0.00607	0.00810	0.00972	0.01012	0.00567	0.00648	0.00972	0.01336	0.01781	0.03846	0.75020	0.04615	0.02186	0.00891	0.00283	0.00405	0.01984	0.00648	0.00567
18	0.01557	0.09735	0.02648	0.01922	0.02180	0.01956	0.18025	0.01842	0.01282	0.01879	0.01182	0.01696	0.01045	0.01119	0.04285	0.00291	0.39747	0.00645	0.06154	0.00808
19	0.01866	0.75896	0.03657	0.01194	0.01791	0.02761	0.01194	0.02090	0.01418	0.01642	0.00970	0.01119	0.00896	0.00597	0.00448	0.00149	0.00746	0.00373	0.00299	0.00896
20	0.01887	0.02046	0.13201	0.07357	0.05150	0.10098	0.01492	0.19382	0.14964	0.02806	0.02093	0.02472	0.04279	0.00911	0.00702	0.00222	0.00800	0.05391	0.03767	0.00980
21	0.01545	0.05052	0.28094	0.05973	0.34555	0.01628	0.04722	0.02094	0.01534	0.02188	0.01581	0.01885	0.04672	0.00698	0.00684	0.00214	0.00893	0.00626	0.00340	0.01023

[dist]
# distance from previous block
# <min> <max>
0	3

[block]
# block no. 2 follows, 30 sequences, length 26
# corresponding to MSA columns:
# 148-173
name=unknown_C
#
# <colnr> <probs for GDERKNQSTAVLIFYWHMCP>
#	G	D	E	R	K	N	Q	S	T	A	V	L	I	F	Y	W	H	M	C	P
0	0.02114	0.33085	0.02656	0.03274	0.02003	0.28607	0.01287	0.06693	0.01710	0.01854	0.01104	0.01335	0.00960	0.00932	0.04200	0.00225	0.06292	0.00460	0.00352	0.00857
1	0.65703	0.04843	0.08455	0.03943	0.01678	0.01623	0.01009	0.02059	0.01235	0.02917	0.01011	0.01197	0.00782	0.00649	0.00467	0.00214	0.00615	0.00401	0.00407	0.00791
2	0.01879	0.58614	0.08830	0.01393	0.01987	0.09055	0.03653	0.02155	0.01471	0.01714	0.01016	0.01199	0.00901	0.00633	0.00553	0.00166	0.03166	0.00414	0.00306	0.00896
3	0.01820	0.66876	0.05565	0.01277	0.01832	0.02669	0.01266	0.02055	0.01387	0.01662	0.00974	0.01168	0.00897	0.00656	0.00624	0.00166	0.07518	0.00399	0.00299	0.00887
4	0.01223	0.00934	0.04807	0.01140	0.03727	0.00769	0.00883	0.01509	0.01710	0.09489	0.28308	0.21225	0.11761	0.01563	0.00828	0.00246	0.00464	0.08011	0.00684	0.00719
5	0.01443	0.01032	0.01269	0.03368	0.01449	0.03519	0.00911	0.09808	0.01574	0.06546	0.07991	0.02857	0.02105	0.10046	0.33453	0.00665	0.03266	0.00775	0.07195	0.00729
6	0.00926	0.00692	0.00862	0.00871	0.01025	0.00628	0.00640	0.01177	0.01745	0.02361	0.40578	0.20282	0.20503	0.01676	0.00842	0.00239	0.00359	0.03260	0.00712	0.00623
7	0.01623	0.01793	0.06389	0.08331	0.09951	0.01756	0.36129	0.02401	0.13537	0.02276	0.01590	0.01943	0.01221	0.00720	0.00895	0.00238	0.07092	0.00749	0.00405	0.00962
8	0.00863	0.00613	0.00806	0.00955	0.00992	0.00576	0.00630	0.00975	0.01310	0.01747	0.03715	0.69393	0.04449	0.08040	0.01103	0.00315	0.00427	0.01906	0.00630	0.00555
9	0.02248	0.02364	0.02032	0.02159	0.16482	0.35254	0.01421	0.11404	0.01989	0.04919	0.01613	0.01797	0.04338	0.00795	0.00723	0.00198	0.03931	0.00585	0.04831	0.00916
10	0.02091	0.43555	0.02928	0.01465	0.01922	0.27024	0.01279	0.02293	0.01579	0.01668	0.01003	0.01207	0.00899	0.00699	0.00687	0.00175	0.07931	0.00422	0.00320	0.00853
11	0.61070	0.01660	0.08633	0.01259	0.01785	0.01617	0.07719	0.05010	0.01354	0.03003	0.01075	0.01267	0.00818	0.00652	0.00506	0.00218	0.00663	0.00447	0.00422	0.00821
12	0.01866	0.75896	0.03657	0.01194	0.01791	0.02761	0.01194	0.02090	0.01418	0.01642	0.00970	0.01119	0.00896	0.00597	0.00448	0.00149	0.00746	0.00373	0.00299	0.00896
13	0.02531	0.01858	0.01987	0.01542	0.02070	0.02057	0.01268	0.61780	0.06429	0.04223	0.01767	0.01774	0.01267	0.00842	0.00687	0.00208	0.00732	0.00637	0.05192	0.01152
14	0.00888	0.00631	0.00834	0.00967	0.01022	0.00595	0.00660	0.01029	0.01381	0.01851	0.09098	0.60958	0.04601	0.07020	0.01068	0.00307	0.00430	0.05449	0.00642	0.00569
15	0.00901	0.00773	0.00780	0.00767	0.01016	0.00685	0.00578	0.01228	0.07317	0.01972	0.06715	0.06371	0.65076	0.01698	0.00815	0.00236	0.00370	0.01415	0.00653	0.00632
16	0.01293	0.00781	0.01031	0.00930	0.01148	0.00711	0.00711	0.01614	0.01978	0.12592	0.61075	0.04809	0.05893	0.01346	0.00806	0.00219	0.00367	0.01182	0.00782	0.00734
17	0.03131	0.01188	0.01619	0.01242	0.01781	0.01026	0.01026	0.03401	0.01997	0.71606	0.02753	0.02375	0.01727	0.00864	0.00702	0.00216	0.00594	0.00702	0.00864	0.01188
18	0.00982	0.00712	0.00918	0.00867	0.01029	0.00656	0.00645	0.01293	0.01926	0.02710	0.65754	0.05251	0.09039	0.04060	0.00920	0.00236	0.00342	0.01262	0.00751	0.00647
19	0.01559	0.01475	0.02439	0.06317	0.56276	0.01469	0.01856	0.01939	0.01596	0.02224	0.04586	0.02554	0.11051	0.00814	0.00715	0.00213	0.00749	0.00764	0.00401	0.01005
20	0.01447	0.01240	0.01447	0.01034	0.01654	0.00930	0.00827	0.01757	0.01447	0.02274	0.01240	0.01447	0.01034	0.00517	0.00517	0.00103	0.00517	0.00413	0.00413	0.79742
21	0.01788	0.01774	0.02773	0.04110	0.66329	0.06594	0.02086	0.02186	0.01616	0.02240	0.01296	0.01695	0.01091	0.00629	0.00687	0.00205	0.00859	0.00610	0.00346	0.01085
22	0.01714	0.01267	0.01549	0.06616	0.01934	0.01048	0.00961	0.05113	0.01601	0.11413	0.01459	0.01611	0.01124	0.00591	0.00563	0.00133	0.00570	0.00477	0.00478	0.59780
23	0.01447	0.01240	0.01447	0.01034	0.01654	0.00930	0.00827	0.01757	0.01447	0.02274	0.01240	0.01447	0.01034	0.00517	0.00517	0.00103	0.00517	0.00413	0.00413	0.79742
24	0.01995	0.01070	0.01359	0.01077	0.01517	0.00915	0.00861	0.04324	0.01880	0.29909	0.22186	0.03103	0.05460	0.00973	0.00695	0.00190	0.00495	0.00818	0.00712	0.20461
25	0.21732	0.01602	0.05263	0.13658	0.40495	0.01617	0.01777	0.02068	0.01453	0.02420	0.01212	0.01584	0.00980	0.00641	0.00625	0.00214	0.00779	0.00555	0.00360	0.00964

[dist]
# distance from previous block
# <min> <max>
10	31

[block]
# block no. 3 follows, 30 sequences, length 84
# corresponding to MSA columns:
# 207-290
name=unknown_D
#
# <colnr> <probs for GDERKNQSTAVLIFYWHMCP>
#	G	D	E	R	K	N	Q	S	T	A	V	L	I	F	Y	W	H	M	C	P
0	0.01645	0.01574	0.02684	0.18219	0.57828	0.01636	0.02101	0.02070	0.01550	0.02180	0.01298	0.01754	0.01070	0.00637	0.00692	0.00212	0.00849	0.00621	0.00338	0.01039
1	0.01004	0.00678	0.00758	0.00758	0.00772	0.00672	0.00429	0.01014	0.01048	0.01384	0.02478	0.04690	0.06455	0.71248	0.03395	0.00651	0.00658	0.01041	0.00436	0.00432
2	0.01603	0.01867	0.07537	0.10988	0.12961	0.01729	0.46075	0.02153	0.01583	0.02172	0.01354	0.01824	0.01036	0.00629	0.00828	0.00233	0.03392	0.00749	0.00342	0.00945
3	0.00855	0.00609	0.00808	0.00965	0.01004	0.00570	0.00641	0.00973	0.01326	0.01768	0.03794	0.72777	0.04549	0.04519	0.00975	0.00296	0.00414	0.01953	0.00641	0.00562
4	0.01506	0.01280	0.01477	0.01076	0.01681	0.01020	0.00860	0.04236	0.05436	0.02386	0.01347	0.01521	0.01102	0.00553	0.00534	0.00115	0.00528	0.00443	0.00441	0.72458
5	0.01495	0.01888	0.15392	0.04772	0.02561	0.01485	0.18141	0.01949	0.01439	0.02137	0.01233	0.01590	0.00989	0.00682	0.00912	0.00196	0.12605	0.00574	0.00355	0.29605
6	0.02502	0.01820	0.01974	0.01530	0.02066	0.01978	0.01254	0.57974	0.05138	0.06501	0.01809	0.04561	0.01360	0.00876	0.00696	0.00207	0.00727	0.00676	0.00686	0.05666
7	0.02195	0.01649	0.01735	0.01460	0.01916	0.04507	0.01162	0.20782	0.40749	0.12306	0.02453	0.02277	0.01781	0.00898	0.00703	0.00225	0.00642	0.00722	0.00714	0.01126
8	0.02651	0.02002	0.02090	0.01612	0.02164	0.04621	0.01327	0.66496	0.03236	0.04304	0.01655	0.01661	0.01177	0.00834	0.00696	0.00208	0.00785	0.00622	0.00686	0.01174
9	0.04509	0.01275	0.02114	0.51183	0.13758	0.01486	0.03709	0.01851	0.01408	0.04319	0.01296	0.01851	0.01000	0.00812	0.00836	0.05953	0.00873	0.00619	0.00340	0.00807
10	0.03382	0.00627	0.00907	0.00913	0.00927	0.00631	0.00612	0.00944	0.00939	0.01294	0.01340	0.05820	0.01373	0.02363	0.02570	0.73442	0.00594	0.00670	0.00324	0.00329
11	0.01724	0.01666	0.02876	0.04238	0.68858	0.01662	0.04372	0.02145	0.01591	0.02278	0.01316	0.01732	0.01104	0.00621	0.00695	0.00208	0.00841	0.00629	0.00346	0.01100
12	0.01419	0.01322	0.02236	0.53099	0.21658	0.01541	0.01938	0.01840	0.01426	0.01888	0.01258	0.01837	0.00986	0.00746	0.00776	0.03360	0.00891	0.00620	0.00319	0.00841
13	0.01579	0.01485	0.02497	0.26440	0.45556	0.01592	0.01997	0.02032	0.03467	0.02104	0.01330	0.01808	0.01082	0.00713	0.00759	0.02769	0.00846	0.00626	0.00343	0.00973
14	0.00878	0.00633	0.00819	0.00943	0.01008	0.00590	0.00642	0.01018	0.01393	0.01852	0.09186	0.58346	0.09364	0.06493	0.01043	0.00300	0.00419	0.03862	0.00643	0.00569
15	0.00998	0.00711	0.00955	0.00962	0.01030	0.00776	0.00671	0.01136	0.01085	0.01513	0.02093	0.06570	0.02203	0.35025	0.40220	0.00897	0.01299	0.00914	0.00406	0.00535
16	0.01695	0.01324	0.01433	0.01258	0.01533	0.06058	0.00978	0.19483	0.07519	0.04387	0.02104	0.02666	0.04323	0.11413	0.22378	0.00539	0.03737	0.00748	0.05604	0.00821
17	0.00954	0.00678	0.00758	0.00772	0.00835	0.00645	0.00476	0.01016	0.01205	0.01556	0.05325	0.11844	0.18700	0.49347	0.02590	0.00524	0.00566	0.01221	0.00506	0.00482
18	0.00850	0.00607	0.00810	0.00972	0.01012	0.00567	0.00648	0.00972	0.01336	0.01781	0.03846	0.75020	0.04615	0.02186	0.00891	0.00283	0.00405	0.01984	0.00648	0.00567
19	0.01399	0.01352	0.02062	0.36432	0.03230	0.01791	0.01689	0.01701	0.01237	0.01733	0.01191	0.04668	0.01073	0.01008	0.01467	0.00269	0.35944	0.00671	0.00322	0.00761
20	0.02006	0.51512	0.09374	0.01414	0.01992	0.19889	0.01356	0.02272	0.01561	0.01709	0.01022	0.01185	0.00895	0.00633	0.00512	0.00163	0.00898	0.00405	0.00313	0.00886
21	0.01763	0.01766	0.02672	0.11753	0.57405	0.08209	0.02046	0.02161	0.01603	0.02172	0.01283	0.01699	0.01067	0.00639	0.00686	0.00208	0.00880	0.00606	0.00343	0.01041
22	0.00850	0.00607	0.00810	0.00972	0.01012	0.00567	0.00648	0.00972	0.01336	0.01781	0.03846	0.75020	0.04615	0.02186	0.00891	0.00283	0.00405	0.01984	0.00648	0.00567
23	0.01701	0.01632	0.02786	0.08698	0.66911	0.01651	0.02129	0.02119	0.01577	0.02248	0.01308	0.01736	0.01094	0.00627	0.00691	0.00209	0.00835	0.00622	0.00343	0.01084
24	0.00877	0.00627	0.00793	0.00915	0.00963	0.00588	0.00599	0.00981	0.01299	0.01714	0.03800	0.57512	0.09244	0.15010	0.01353	0.00349	0.00449	0.01775	0.00608	0.00543
25	0.01491	0.01266	0.01471	0.01055	0.01672	0.00975	0.00845	0.04211	0.01514	0.02352	0.01256	0.01455	0.01039	0.00529	0.00523	0.00107	0.00526	0.00421	0.00424	0.76866
26	0.01847	0.72956	0.06430	0.01226	0.01841	0.02715	0.01250	0.02094	0.01420	0.01665	0.00982	0.01134	0.00895	0.00600	0.00457	0.00152	0.00758	0.00379	0.00298	0.00901
27	0.00931	0.00735	0.00847	0.00891	0.01092	0.00660	0.00711	0.01154	0.01600	0.01985	0.09971	0.06887	0.44522	0.04370	0.00961	0.00275	0.00449	0.20710	0.00646	0.00604
28	0.00865	0.00641	0.00807	0.00909	0.01003	0.00584	0.00627	0.01025	0.01473	0.01943	0.13777	0.52416	0.17375	0.02001	0.00869	0.00265	0.00385	0.01787	0.00665	0.00584
29	0.00856	0.00612	0.00815	0.00968	0.01013	0.00571	0.00648	0.00986	0.01363	0.01824	0.06671	0.72073	0.04699	0.02154	0.00888	0.00281	0.00402	0.01953	0.00653	0.00571
30	0.01079	0.00780	0.01065	0.01203	0.01362	0.00766	0.01028	0.01378	0.01608	0.02091	0.07377	0.11717	0.09061	0.01906	0.00942	0.00308	0.00591	0.54452	0.00650	0.00635
31	0.12562	0.01045	0.01296	0.01067	0.01466	0.00967	0.00858	0.02493	0.01867	0.38882	0.23222	0.03251	0.05983	0.01043	0.00708	0.00218	0.00497	0.00861	0.00769	0.00946
32	0.00839	0.00683	0.00743	0.00780	0.00965	0.00587	0.00565	0.01010	0.01549	0.01907	0.09543	0.23187	0.51511	0.01851	0.00841	0.00246	0.00365	0.01586	0.00654	0.00587
33	0.01066	0.00722	0.00824	0.00812	0.00838	0.00733	0.00480	0.03392	0.01109	0.01484	0.02222	0.06715	0.02527	0.67682	0.06091	0.00665	0.00718	0.01023	0.00438	0.00462
34	0.02568	0.01913	0.02047	0.01588	0.02132	0.02124	0.01306	0.62781	0.09434	0.04261	0.01783	0.01761	0.01274	0.00848	0.00699	0.00212	0.00748	0.00643	0.00699	0.01179
35	0.00851	0.00627	0.00797	0.00925	0.01002	0.00574	0.00629	0.00989	0.01401	0.01836	0.06825	0.61272	0.15538	0.02090	0.00877	0.00273	0.00394	0.01874	0.00652	0.00574
36	0.07074	0.01901	0.02011	0.01558	0.02103	0.02112	0.01284	0.62220	0.05972	0.04263	0.01684	0.01684	0.01202	0.00831	0.00683	0.00211	0.00746	0.00621	0.00683	0.01159
37	0.00971	0.00742	0.00934	0.00966	0.01137	0.00643	0.00677	0.01139	0.01391	0.01914	0.05437	0.54478	0.07759	0.01809	0.00811	0.00243	0.00422	0.01622	0.00605	0.16301
38	0.01727	0.01658	0.02832	0.04283	0.71123	0.01658	0.02142	0.02142	0.01589	0.02280	0.01313	0.01727	0.01105	0.00622	0.00691	0.00207	0.00829	0.00622	0.00345	0.01105
39	0.05706	0.00950	0.01198	0.01109	0.01411	0.00907	0.00907	0.02084	0.06102	0.21497	0.19618	0.04930	0.10264	0.01371	0.00801	0.00249	0.00515	0.18828	0.00728	0.00826
40	0.01212	0.00606	0.00909	0.00909	0.00909	0.00606	0.00606	0.00909	0.00909	0.01212	0.01212	0.02121	0.01212	0.02424	0.02727	0.79697	0.00606	0.00606	0.00303	0.00303
41	0.02006	0.00937	0.01236	0.01043	0.01390	0.00824	0.00823	0.02277	0.01906	0.36143	0.26808	0.08257	0.10906	0.01235	0.00768	0.00223	0.00465	0.01056	0.00795	0.00903
42	0.01122	0.00735	0.00873	0.00875	0.01066	0.00651	0.00641	0.01301	0.01563	0.09475	0.11269	0.23831	0.32570	0.07133	0.01033	0.00280	0.00425	0.03849	0.00666	0.00645
43	0.00831	0.00707	0.00716	0.00714	0.00947	0.00592	0.00535	0.01014	0.01606	0.01922	0.09652	0.06655	0.68233	0.01753	0.00825	0.00235	0.00352	0.01464	0.00653	0.00592
44	0.01060	0.00849	0.00970	0.00956	0.01181	0.00826	0.00739	0.01595	0.13241	0.02319	0.22502	0.09256	0.30819	0.01580	0.00825	0.00244	0.00419	0.09227	0.00689	0.00700
45	0.01084	0.00833	0.01022	0.01112	0.01248	0.00860	0.00811	0.01648	0.16822	0.02076	0.03600	0.50255	0.03980	0.01874	0.00859	0.00278	0.00468	0.09810	0.00661	0.00698
46	0.01212	0.00606	0.00909	0.00909	0.00909	0.00606	0.00606	0.00909	0.00909	0.01212	0.01212	0.02121	0.01212	0.02424	0.02727	0.79697	0.00606	0.00606	0.00303	0.00303
47	0.01015	0.00677	0.00761	0.00761	0.00761	0.00677	0.00423	0.01015	0.01015	0.01353	0.02199	0.04567	0.02537	0.75476	0.03552	0.00677	0.00677	0.01015	0.00423	0.00423
48	0.03756	0.00730	0.00737	0.00729	0.00958	0.00633	0.00544	0.01063	0.01583	0.01978	0.11259	0.06328	0.61271	0.04270	0.00905	0.00249	0.00370	0.01402	0.00641	0.00594
49	0.00880	0.00626	0.00834	0.00989	0.01038	0.00591	0.00678	0.01013	0.01345	0.01789	0.03767	0.66586	0.04481	0.05145	0.01005	0.00303	0.00436	0.07289	0.00638	0.00567
50	0.03131	0.01188	0.01619	0.01242	0.01781	0.01026	0.01026	0.03401	0.01997	0.71606	0.02753	0.02375	0.01727	0.00864	0.00702	0.00216	0.00594	0.00702	0.00864	0.01188
51	0.01692	0.01395	0.01605	0.01181	0.01763	0.01227	0.00955	0.15193	0.01799	0.02676	0.01314	0.01496	0.01060	0.00610	0.00625	0.00133	0.03555	0.00465	0.00466	0.60790
52	0.00917	0.00707	0.00837	0.00812	0.01001	0.00627	0.00606	0.01177	0.01797	0.02393	0.42599	0.08254	0.32571	0.01591	0.00826	0.00228	0.00342	0.01373	0.00715	0.00627
53	0.03112	0.01218	0.01638	0.01256	0.01796	0.01071	0.01037	0.05979	0.02048	0.68956	0.02711	0.02348	0.01706	0.00863	0.00702	0.00216	0.00601	0.00699	0.00857	0.01188
54	0.01509	0.01517	0.02047	0.16207	0.02405	0.05976	0.01553	0.01733	0.01190	0.01698	0.01058	0.01664	0.00977	0.01372	0.06870	0.00341	0.50197	0.00613	0.00314	0.00758
55	0.01429	0.01321	0.02171	0.62743	0.11698	0.01593	0.01928	0.05246	0.01512	0.01969	0.01270	0.01837	0.00962	0.00697	0.00697	0.00229	0.00911	0.00621	0.00334	0.00831
56	0.01158	0.00638	0.00943	0.00943	0.00968	0.00663	0.00649	0.00983	0.00958	0.01302	0.01400	0.02386	0.01395	0.07177	0.16804	0.59412	0.00863	0.00658	0.00324	0.00374
57	0.01796	0.65107	0.13836	0.01313	0.01975	0.02591	0.01401	0.02108	0.01426	0.01727	0.01012	0.01172	0.00894	0.00607	0.00480	0.00160	0.00789	0.00394	0.00298	0.00916
58	0.00897	0.00648	0.00849	0.00929	0.01020	0.00600	0.00647	0.01093	0.01569	0.02140	0.27277	0.48055	0.07870	0.01905	0.00865	0.00259	0.00377	0.01713	0.00690	0.00600
59	0.64913	0.01317	0.01145	0.00983	0.01436	0.01457	0.00810	0.02322	0.01350	0.16858	0.01329	0.01383	0.00951	0.00691	0.00486	0.00216	0.00551	0.00443	0.00518	0.00842
60	0.01447	0.01240	0.01447	0.01034	0.01654	0.00930	0.00827	0.01757	0.01447	0.02274	0.01240	0.01447	0.01034	0.00517	0.00517	0.00103	0.00517	0.00413	0.00413	0.79742
61	0.00847	0.00620	0.00796	0.00937	0.01003	0.00570	0.00632	0.00976	0.01370	0.01795	0.04271	0.66026	0.13335	0.02131	0.00882	0.00277	0.00398	0.01917	0.00648	0.00570
62	0.01004	0.00719	0.00978	0.00978	0.01053	0.00794	0.00694	0.01154	0.01079	0.01514	0.02000	0.03467	0.02060	0.33158	0.45217	0.00945	0.01395	0.00854	0.00393	0.00543
63	0.00842	0.00685	0.00748	0.00795	0.00978	0.00591	0.00581	0.01010	0.01527	0.01866	0.06136	0.23922	0.51752	0.01878	0.00846	0.00251	0.00377	0.03979	0.00648	0.00585
64	0.00849	0.00613	0.00804	0.00956	0.01008	0.00568	0.00641	0.00973	0.01351	0.01787	0.04031	0.71103	0.08414	0.02162	0.00887	0.00281	0.00402	0.01954	0.00648	0.00568
65	0.55339	0.01297	0.01218	0.01023	0.01490	0.01390	0.00843	0.02489	0.01450	0.25342	0.01549	0.01536	0.01071	0.00718	0.00519	0.00216	0.00557	0.00483	0.00572	0.00896
66	0.01766	0.01514	0.01595	0.01426	0.01826	0.01750	0.01112	0.05852	0.67668	0.02968	0.02802	0.02573	0.02099	0.00943	0.00710	0.00236	0.00559	0.00784	0.00710	0.01107
67	0.77263	0.01343	0.01050	0.00931	0.01367	0.01544	0.00767	0.02106	0.01221	0.05915	0.01044	0.01184	0.00795	0.00657	0.00443	0.00216	0.00542	0.00391	0.00449	0.00773
68	0.01015	0.00677	0.00761	0.00761	0.00761	0.00677	0.00423	0.01015	0.01015	0.01353	0.02199	0.04567	0.02537	0.75476	0.03552	0.00677	0.00677	0.01015	0.00423	0.00423
69	0.22019	0.01201	0.01235	0.01062	0.01421	0.01282	0.00853	0.17619	0.01910	0.10703	0.06638	0.06480	0.01934	0.00938	0.00607	0.00209	0.00528	0.02770	0.19733	0.00858
70	0.00873	0.00710	0.00778	0.00818	0.01001	0.00631	0.00591	0.01111	0.04295	0.01920	0.07584	0.26516	0.47012	0.01848	0.00839	0.00249	0.00376	0.01589	0.00654	0.00605
71	0.00825	0.00707	0.00707	0.00707	0.00943	0.00589	0.00530	0.01001	0.01591	0.01885	0.07069	0.06716	0.70839	0.01767	0.00825	0.00236	0.00353	0.01473	0.00648	0.00589
72	0.00944	0.00650	0.00778	0.00842	0.00866	0.00630	0.00515	0.00997	0.01160	0.01539	0.03008	0.32400	0.05606	0.44167	0.02413	0.00507	0.00559	0.01412	0.00519	0.00485
73	0.00922	0.00666	0.00894	0.00972	0.01041	0.00678	0.00676	0.01070	0.01247	0.01696	0.04790	0.38508	0.05805	0.14390	0.22647	0.00590	0.00878	0.01431	0.00535	0.00564
74	0.02607	0.03326	0.01978	0.01798	0.02157	0.72674	0.01348	0.02787	0.01978	0.01708	0.01079	0.01258	0.00899	0.00719	0.00629	0.00180	0.01258	0.00449	0.00360	0.00809
75	0.00850	0.00607	0.00810	0.00972	0.01012	0.00567	0.00648	0.00972	0.01336	0.01781	0.03846	0.75020	0.04615	0.02186	0.00891	0.00283	0.00405	0.01984	0.00648	0.00567
76	0.80405	0.01350	0.01026	0.00918	0.01350	0.01565	0.00756	0.02051	0.01188	0.03131	0.00972	0.01134	0.00756	0.00648	0.00432	0.00216	0.00540	0.00378	0.00432	0.00756
77	0.01577	0.01574	0.02599	0.12563	0.24609	0.01858	0.10093	0.01910	0.01351	0.01954	0.01148	0.01680	0.00996	0.00880	0.01380	0.00255	0.31709	0.00642	0.00325	0.00896
78	0.01318	0.01240	0.02093	0.73798	0.04806	0.01550	0.01938	0.01783	0.01395	0.01783	0.01240	0.01860	0.00930	0.00698	0.00698	0.00233	0.00930	0.00620	0.00310	0.00775
79	0.01645	0.01808	0.03777	0.06810	0.16137	0.01734	0.52941	0.02195	0.01623	0.02220	0.01385	0.01853	0.01061	0.00600	0.00793	0.00230	0.01100	0.00776	0.00349	0.00963
80	0.01854	0.01457	0.02197	0.01628	0.02192	0.01343	0.17159	0.07719	0.04421	0.13012	0.03608	0.01871	0.01355	0.00699	0.00756	0.00182	0.05122	0.00624	0.00507	0.32297
81	0.80405	0.01350	0.01026	0.00918	0.01350	0.01565	0.00756	0.02051	0.01188	0.03131	0.00972	0.01134	0.00756	0.00648	0.00432	0.00216	0.00540	0.00378	0.00432	0.00756
82	0.01714	0.52333	0.25889	0.01453	0.02192	0.02389	0.01645	0.02129	0.01436	0.01827	0.01062	0.01235	0.00892	0.00619	0.00518	0.00173	0.00839	0.00420	0.00297	0.00940
83	0.00964	0.00713	0.00913	0.00976	0.01110	0.00674	0.00730	0.01249	0.03759	0.02204	0.25493	0.31335	0.12878	0.01813	0.00868	0.00262	0.00419	0.12322	0.00687	0.00628

[dist]
# distance from previous block
# <min> <max>
0	11

[block]
# block no. 4 follows, 30 sequences, length 31
# corresponding to MSA columns:
# 302-332
name=unknown_E
#
# <colnr> <probs for GDERKNQSTAVLIFYWHMCP>
#	G	D	E	R	K	N	Q	S	T	A	V	L	I	F	Y	W	H	M	C	P
0	0.02653	0.01955	0.02094	0.01606	0.02164	0.02164	0.01326	0.68796	0.03281	0.04398	0.01675	0.01675	0.01187	0.00838	0.00698	0.00209	0.00768	0.00628	0.00698	0.01187
1	0.03131	0.01188	0.01619	0.01242	0.01781	0.01026	0.01026	0.03401	0.01997	0.71606	0.02753	0.02375	0.01727	0.00864	0.00702	0.00216	0.00594	0.00702	0.00864	0.01188
2	0.00997	0.00748	0.01121	0.01121	0.01246	0.00872	0.00872	0.01246	0.01121	0.01620	0.01869	0.02741	0.01745	0.05234	0.72710	0.01121	0.01869	0.00748	0.00374	0.00623
3	0.02653	0.01955	0.02094	0.01606	0.02164	0.02164	0.01326	0.68796	0.03281	0.04398	0.01675	0.01675	0.01187	0.00838	0.00698	0.00209	0.00768	0.00628	0.00698	0.01187
4	0.00859	0.00708	0.00754	0.00743	0.00963	0.00604	0.00557	0.01067	0.01671	0.02076	0.20399	0.06401	0.57390	0.01696	0.00824	0.00232	0.00348	0.01429	0.00673	0.00604
5	0.01015	0.00677	0.00761	0.00761	0.00761	0.00677	0.00423	0.01015	0.01015	0.01353	0.02199	0.04567	0.02537	0.75476	0.03552	0.00677	0.00677	0.01015	0.00423	0.00423
6	0.02607	0.03326	0.01978	0.01798	0.02157	0.72674	0.01348	0.02787	0.01978	0.01708	0.01079	0.01258	0.00899	0.00719	0.00629	0.00180	0.01258	0.00449	0.00360	0.00809
7	0.01419	0.06636	0.69004	0.01956	0.02969	0.01668	0.02520	0.02205	0.01471	0.02186	0.01240	0.01458	0.00884	0.00660	0.00654	0.00218	0.01019	0.00510	0.00295	0.01026
8	0.07889	0.66997	0.06438	0.01208	0.01811	0.02619	0.01221	0.02092	0.01403	0.01781	0.00983	0.01136	0.00884	0.00604	0.00456	0.00158	0.00743	0.00380	0.00309	0.00891
9	0.01015	0.00677	0.00761	0.00761	0.00761	0.00677	0.00423	0.01015	0.01015	0.01353	0.02199	0.04567	0.02537	0.75476	0.03552	0.00677	0.00677	0.01015	0.00423	0.00423
10	0.01318	0.01240	0.02093	0.73798	0.04806	0.01550	0.01938	0.01783	0.01395	0.01783	0.01240	0.01860	0.00930	0.00698	0.00698	0.00233	0.00930	0.00620	0.00310	0.00775
11	0.01400	0.03610	0.71860	0.01989	0.03020	0.01621	0.02578	0.02210	0.01473	0.02210	0.01252	0.01473	0.00884	0.00663	0.00663	0.00221	0.01031	0.00516	0.00295	0.01031
12	0.00850	0.00607	0.00810	0.00972	0.01012	0.00567	0.00648	0.00972	0.01336	0.01781	0.03846	0.75020	0.04615	0.02186	0.00891	0.00283	0.00405	0.01984	0.00648	0.00567
13	0.01447	0.01240	0.01447	0.01034	0.01654	0.00930	0.00827	0.01757	0.01447	0.02274	0.01240	0.01447	0.01034	0.00517	0.00517	0.00103	0.00517	0.00413	0.00413	0.79742
14	0.80405	0.01350	0.01026	0.00918	0.01350	0.01565	0.00756	0.02051	0.01188	0.03131	0.00972	0.01134	0.00756	0.00648	0.00432	0.00216	0.00540	0.00378	0.00432	0.00756
15	0.01736	0.01499	0.01578	0.01420	0.01815	0.01736	0.01105	0.03708	0.69862	0.02919	0.02840	0.02604	0.02130	0.00947	0.00710	0.00237	0.00552	0.00789	0.00710	0.01105
16	0.00884	0.00634	0.00854	0.00980	0.01031	0.00622	0.00667	0.01017	0.01280	0.01726	0.03426	0.58945	0.04027	0.07806	0.12131	0.00440	0.00649	0.01725	0.00590	0.00565
17	0.02607	0.03326	0.01978	0.01798	0.02157	0.72674	0.01348	0.02787	0.01978	0.01708	0.01079	0.01258	0.00899	0.00719	0.00629	0.00180	0.01258	0.00449	0.00360	0.00809
18	0.03131	0.01188	0.01619	0.01242	0.01781	0.01026	0.01026	0.03401	0.01997	0.71606	0.02753	0.02375	0.01727	0.00864	0.00702	0.00216	0.00594	0.00702	0.00864	0.01188
19	0.01741	0.56509	0.21948	0.01407	0.02121	0.02455	0.01565	0.02122	0.01433	0.01794	0.01046	0.01214	0.00892	0.00615	0.00505	0.00168	0.00823	0.00411	0.00297	0.00932
20	0.01518	0.01287	0.02058	0.54454	0.04004	0.01608	0.01783	0.01910	0.01391	0.08029	0.01318	0.01847	0.00999	0.00806	0.00982	0.00244	0.13967	0.00626	0.00359	0.00810
21	0.00858	0.00663	0.00770	0.00834	0.00969	0.00590	0.00583	0.01012	0.01476	0.01874	0.09896	0.35445	0.34273	0.06208	0.01011	0.00280	0.00392	0.01648	0.00643	0.00575
22	0.01866	0.75896	0.03657	0.01194	0.01791	0.02761	0.01194	0.02090	0.01418	0.01642	0.00970	0.01119	0.00896	0.00597	0.00448	0.00149	0.00746	0.00373	0.00299	0.00896
23	0.07507	0.01272	0.02083	0.65550	0.04494	0.01559	0.04250	0.01820	0.01388	0.01905	0.01226	0.01804	0.00921	0.00690	0.00681	0.00231	0.00909	0.00609	0.00321	0.00780
24	0.01866	0.75896	0.03657	0.01194	0.01791	0.02761	0.01194	0.02090	0.01418	0.01642	0.00970	0.01119	0.00896	0.00597	0.00448	0.00149	0.00746	0.00373	0.00299	0.00896
25	0.00833	0.00703	0.00721	0.00725	0.00950	0.00591	0.00540	0.01014	0.01598	0.01922	0.09794	0.09249	0.65445	0.01768	0.00827	0.00237	0.00354	0.01483	0.00653	0.00591
26	0.01318	0.01240	0.02093	0.73798	0.04806	0.01550	0.01938	0.01783	0.01395	0.01783	0.01240	0.01860	0.00930	0.00698	0.00698	0.00233	0.00930	0.00620	0.00310	0.00775
27	0.02605	0.01251	0.01569	0.01280	0.01748	0.01210	0.01029	0.06151	0.18165	0.47024	0.02809	0.07897	0.02018	0.00982	0.00718	0.00226	0.00577	0.00816	0.00804	0.01121
28	0.75803	0.01481	0.05152	0.00980	0.01447	0.01569	0.00862	0.02061	0.01204	0.03077	0.00988	0.01153	0.00763	0.00649	0.00445	0.00216	0.00568	0.00386	0.00424	0.00772
29	0.06136	0.01668	0.03361	0.15334	0.03540	0.01675	0.47383	0.02068	0.01541	0.02167	0.01446	0.05051	0.01170	0.00704	0.00833	0.00238	0.03640	0.00805	0.00361	0.00878
30	0.01110	0.00760	0.00967	0.00920	0.01039	0.00717	0.03541	0.01213	0.01275	0.05669	0.03418	0.14275	0.16113	0.41217	0.02292	0.00480	0.00593	0.03324	0.00527	0.00549

[dist]
# distance from previous block
# <min> <max>
0	25

# created by:
# /st0/software/busco_prod/Augustus/scripts/msa2prfl.pl ./align_prep/135977.fa
