[name]
unknown

[dist]
# distance from previous block
# <min> <max>
0	33

[block]
# block no. 0 follows, 29 sequences, length 11
# corresponding to MSA columns:
# 33-43
name=unknown_A
#
# <colnr> <probs for GDERKNQSTAVLIFYWHMCP>
#	G	D	E	R	K	N	Q	S	T	A	V	L	I	F	Y	W	H	M	C	P
0	0.01123	0.00791	0.01065	0.01193	0.01320	0.00791	0.00989	0.01378	0.01505	0.01964	0.03431	0.07284	0.03763	0.18169	0.01570	0.00408	0.00663	0.51381	0.00606	0.00606
1	0.01056	0.05154	0.01091	0.00897	0.01080	0.00797	0.00678	0.01350	0.01882	0.02619	0.57471	0.05086	0.08926	0.07604	0.01051	0.00260	0.00392	0.01223	0.00720	0.00663
2	0.00998	0.00675	0.00788	0.00824	0.00833	0.00665	0.00482	0.01026	0.01108	0.01478	0.02617	0.20161	0.03059	0.58831	0.03022	0.00601	0.00629	0.01255	0.00482	0.00464
3	0.01290	0.00931	0.01113	0.01117	0.01272	0.00950	0.00795	0.15901	0.01776	0.02373	0.03290	0.52400	0.03752	0.08126	0.01097	0.00307	0.00519	0.01633	0.00653	0.00706
4	0.01652	0.01116	0.01219	0.05295	0.01521	0.01189	0.00860	0.20296	0.04866	0.02981	0.02774	0.04723	0.10437	0.03208	0.00728	0.00215	0.00521	0.00813	0.34759	0.00827
5	0.01166	0.00644	0.00875	0.00875	0.00875	0.00644	0.00553	0.00965	0.00965	0.01287	0.01589	0.03037	0.01709	0.27811	0.03077	0.51817	0.00644	0.00764	0.00352	0.00352
6	0.14592	0.02908	0.01772	0.01430	0.01839	0.03591	0.09488	0.12106	0.05855	0.13986	0.05266	0.18208	0.03667	0.01143	0.00730	0.00236	0.00662	0.00988	0.00623	0.00909
7	0.01255	0.01045	0.01561	0.35327	0.06094	0.01145	0.01338	0.01596	0.01495	0.04157	0.03040	0.12298	0.16898	0.01149	0.00746	0.00233	0.00681	0.01000	0.05124	0.03818
8	0.01366	0.01196	0.01527	0.17037	0.02309	0.01045	0.01057	0.01700	0.01484	0.02159	0.02024	0.02256	0.09856	0.00731	0.00608	0.00152	0.00600	0.00607	0.00429	0.51858
9	0.02274	0.01546	0.01735	0.01430	0.01864	0.01658	0.01140	0.38997	0.08887	0.12241	0.02452	0.18045	0.02148	0.01174	0.00758	0.00234	0.00658	0.00973	0.00724	0.01063
10	0.01655	0.10750	0.01832	0.04448	0.01872	0.01343	0.01003	0.04350	0.06513	0.05635	0.01516	0.03891	0.01266	0.00678	0.00612	0.00147	0.02333	0.00531	0.00462	0.49163

[dist]
# distance from previous block
# <min> <max>
0	4

[block]
# block no. 1 follows, 29 sequences, length 8
# corresponding to MSA columns:
# 48-55
name=unknown_B
#
# <colnr> <probs for GDERKNQSTAVLIFYWHMCP>
#	G	D	E	R	K	N	Q	S	T	A	V	L	I	F	Y	W	H	M	C	P
0	0.01605	0.17812	0.31184	0.07827	0.08740	0.01926	0.16840	0.02196	0.01535	0.02113	0.01259	0.01574	0.00967	0.00645	0.00673	0.00213	0.01000	0.00584	0.00320	0.00989
1	0.01595	0.10969	0.19043	0.17401	0.16463	0.01822	0.18417	0.02143	0.01547	0.02115	0.01293	0.01695	0.01001	0.00649	0.00704	0.00220	0.00993	0.00630	0.00329	0.00973
2	0.01546	0.01718	0.06190	0.02796	0.13964	0.01588	0.40670	0.02055	0.01552	0.02157	0.01514	0.02059	0.01226	0.01592	0.15605	0.00422	0.01284	0.00778	0.00361	0.00924
3	0.01418	0.01342	0.02244	0.02925	0.37909	0.01297	0.08470	0.01761	0.01586	0.02156	0.02986	0.14570	0.16038	0.01131	0.00780	0.00233	0.00713	0.01060	0.00467	0.00912
4	0.02116	0.11159	0.02322	0.01930	0.13007	0.04056	0.09167	0.05723	0.01911	0.22619	0.16023	0.02612	0.02437	0.00885	0.00718	0.00211	0.00714	0.00779	0.00611	0.01003
5	0.01477	0.00752	0.00896	0.00862	0.01051	0.00711	0.00633	0.01731	0.01573	0.13432	0.09815	0.17958	0.02984	0.06974	0.00898	0.00247	0.00421	0.01049	0.35818	0.00717
6	0.17569	0.01043	0.01038	0.00967	0.01263	0.01063	0.00743	0.12068	0.01765	0.02580	0.04386	0.18195	0.31762	0.01498	0.00751	0.00242	0.00479	0.01235	0.00624	0.00730
7	0.02054	0.07471	0.08584	0.01715	0.02106	0.25518	0.01460	0.06349	0.17897	0.02228	0.01539	0.01704	0.01236	0.00888	0.01008	0.00227	0.16042	0.00587	0.00450	0.00937

[dist]
# distance from previous block
# <min> <max>
1	6

[block]
# block no. 2 follows, 29 sequences, length 106
# corresponding to MSA columns:
# 62-167
name=unknown_C
#
# <colnr> <probs for GDERKNQSTAVLIFYWHMCP>
#	G	D	E	R	K	N	Q	S	T	A	V	L	I	F	Y	W	H	M	C	P
0	0.02526	0.01804	0.01963	0.01552	0.02072	0.01980	0.01265	0.50888	0.12489	0.09296	0.02067	0.05310	0.01554	0.00937	0.00724	0.00222	0.00721	0.00735	0.00725	0.01169
1	0.63351	0.06895	0.01291	0.00993	0.01423	0.01633	0.00828	0.04632	0.01352	0.03042	0.04595	0.01467	0.01150	0.00925	0.03833	0.00258	0.00628	0.00459	0.00456	0.00788
2	0.15506	0.01492	0.01608	0.01321	0.01796	0.01598	0.01067	0.19502	0.20071	0.17538	0.06692	0.02249	0.01870	0.00885	0.00672	0.00220	0.00609	0.00692	0.00699	0.03912
3	0.01053	0.00728	0.00815	0.00815	0.00848	0.00731	0.00480	0.01162	0.04275	0.01502	0.02595	0.07880	0.05986	0.64578	0.03227	0.00629	0.00655	0.01093	0.00467	0.00479
4	0.02685	0.03291	0.02001	0.01808	0.02183	0.68786	0.01360	0.02873	0.02019	0.04989	0.01181	0.01338	0.00957	0.00741	0.00646	0.00185	0.01252	0.00471	0.00391	0.00844
5	0.01009	0.00761	0.01125	0.01125	0.01257	0.00877	0.00874	0.01260	0.01167	0.01666	0.02156	0.02987	0.04988	0.05175	0.68812	0.01102	0.01835	0.00798	0.00395	0.00634
6	0.01917	0.62159	0.07337	0.01291	0.01906	0.02622	0.01292	0.08012	0.01640	0.02001	0.03481	0.01359	0.01142	0.00664	0.00506	0.00164	0.00765	0.00444	0.00358	0.00940
7	0.02254	0.08956	0.02006	0.01550	0.03952	0.16516	0.01213	0.20529	0.11183	0.09168	0.02024	0.02060	0.04841	0.01059	0.04101	0.00245	0.00858	0.00642	0.00570	0.06273
8	0.01654	0.01686	0.05988	0.12439	0.56092	0.01625	0.02110	0.02088	0.01580	0.02238	0.01449	0.05175	0.01263	0.00721	0.00714	0.00219	0.00848	0.00694	0.00360	0.01058
9	0.01116	0.00797	0.01072	0.01049	0.01165	0.00889	0.00773	0.04363	0.01236	0.01763	0.02006	0.03225	0.01966	0.23053	0.47512	0.00935	0.01462	0.00823	0.04184	0.00611
10	0.01544	0.01490	0.02595	0.39450	0.32432	0.01643	0.06601	0.02005	0.01525	0.02064	0.01309	0.01843	0.01033	0.00672	0.00718	0.00227	0.00923	0.00648	0.00335	0.00944
11	0.80005	0.01377	0.01047	0.00936	0.01377	0.01597	0.00771	0.02093	0.01212	0.03195	0.00991	0.01157	0.00771	0.00661	0.00441	0.00220	0.00551	0.00386	0.00441	0.00771
12	0.02722	0.01124	0.01504	0.01193	0.01656	0.00995	0.00963	0.03044	0.03962	0.55479	0.12792	0.02970	0.02552	0.04604	0.00877	0.00245	0.00569	0.00819	0.00840	0.01091
13	0.01943	0.01615	0.01707	0.01484	0.01917	0.01851	0.01169	0.15608	0.57143	0.03256	0.02680	0.02483	0.01997	0.00946	0.00722	0.00236	0.00604	0.00775	0.00722	0.01142
14	0.02398	0.03795	0.15809	0.01478	0.02090	0.01470	0.01406	0.13671	0.10473	0.31298	0.06889	0.02314	0.01866	0.00878	0.00710	0.00221	0.00706	0.00707	0.00695	0.01124
15	0.01725	0.01687	0.02717	0.16708	0.55774	0.04666	0.02113	0.02147	0.01603	0.02210	0.01316	0.01767	0.01087	0.00653	0.00704	0.00215	0.00883	0.00627	0.00347	0.01054
16	0.02005	0.01540	0.01733	0.01283	0.01889	0.01429	0.01044	0.26981	0.02205	0.05633	0.01490	0.01599	0.01140	0.00664	0.00604	0.00151	0.00627	0.00516	0.00549	0.46918
17	0.01639	0.00888	0.01142	0.01039	0.01305	0.00810	0.00790	0.04654	0.01865	0.21677	0.24309	0.22992	0.10970	0.01511	0.00818	0.00242	0.00454	0.01318	0.00763	0.00814
18	0.02428	0.01678	0.01850	0.01446	0.01966	0.01776	0.01175	0.42749	0.08541	0.12540	0.02218	0.02239	0.04915	0.03733	0.00817	0.00228	0.00695	0.00706	0.00698	0.07602
19	0.01913	0.01578	0.02107	0.01950	0.11095	0.04268	0.10999	0.25984	0.02239	0.03074	0.04914	0.08240	0.04287	0.01077	0.02693	0.00243	0.00780	0.00841	0.10751	0.00965
20	0.00866	0.00626	0.00820	0.00976	0.01029	0.00580	0.00654	0.00993	0.01379	0.01824	0.04119	0.70522	0.08573	0.02206	0.00905	0.00286	0.00410	0.01994	0.00661	0.00580
21	0.01740	0.01754	0.03247	0.03998	0.52361	0.01721	0.20072	0.02211	0.01638	0.02314	0.01367	0.01805	0.01115	0.00625	0.00742	0.00219	0.00942	0.00690	0.00355	0.01082
22	0.01635	0.04936	0.44099	0.02393	0.09448	0.01685	0.16742	0.02325	0.01584	0.06425	0.01404	0.01665	0.01015	0.00666	0.00711	0.00225	0.01030	0.00613	0.00354	0.01045
23	0.01918	0.69724	0.03569	0.01241	0.01826	0.06299	0.01212	0.02147	0.01491	0.01710	0.02850	0.01261	0.01070	0.00638	0.00477	0.00156	0.00777	0.00409	0.00321	0.00903
24	0.01826	0.01822	0.08409	0.10907	0.32460	0.01735	0.06805	0.15390	0.01916	0.02677	0.01502	0.03731	0.01218	0.00755	0.00758	0.00221	0.02867	0.00680	0.03274	0.01047
25	0.18962	0.03120	0.53769	0.01813	0.02719	0.01645	0.04017	0.02220	0.01443	0.02465	0.01218	0.01438	0.00878	0.00671	0.00628	0.00225	0.00945	0.00503	0.00334	0.00987
26	0.00891	0.00641	0.00837	0.00960	0.01025	0.00596	0.00649	0.01041	0.01450	0.01945	0.12789	0.60052	0.07689	0.04617	0.00990	0.00292	0.00410	0.01870	0.00669	0.00587
27	0.02620	0.06972	0.04317	0.01555	0.02112	0.02005	0.01327	0.44874	0.05446	0.16064	0.01863	0.01824	0.01308	0.00856	0.00754	0.00216	0.03393	0.00639	0.00687	0.01166
28	0.01755	0.08257	0.08214	0.06511	0.51987	0.03844	0.04899	0.02195	0.01604	0.02226	0.01299	0.01687	0.01077	0.00640	0.00686	0.00209	0.00886	0.00608	0.00344	0.01074
29	0.02014	0.58259	0.06302	0.01458	0.05217	0.06548	0.01331	0.04779	0.01592	0.05245	0.01142	0.01280	0.00977	0.00643	0.00511	0.00166	0.00801	0.00430	0.00354	0.00951
30	0.80005	0.01377	0.01047	0.00936	0.01377	0.01597	0.00771	0.02093	0.01212	0.03195	0.00991	0.01157	0.00771	0.00661	0.00441	0.00220	0.00551	0.00386	0.00441	0.00771
31	0.01034	0.00695	0.00798	0.00798	0.00806	0.00702	0.00459	0.01049	0.01042	0.01397	0.02224	0.04550	0.02541	0.70870	0.07665	0.00717	0.00762	0.01019	0.00429	0.00444
32	0.01243	0.00881	0.01057	0.01066	0.01194	0.00895	0.00742	0.13113	0.01645	0.02198	0.03120	0.45910	0.03565	0.15492	0.01442	0.03085	0.00538	0.01543	0.00615	0.00656
33	0.00975	0.00728	0.00867	0.00881	0.01041	0.00667	0.00637	0.02991	0.01710	0.02284	0.27094	0.24822	0.24827	0.03889	0.00928	0.00259	0.00387	0.01515	0.02866	0.00632
34	0.02660	0.03394	0.02018	0.01834	0.02201	0.72116	0.01376	0.02843	0.02018	0.01743	0.01101	0.01284	0.00917	0.00734	0.00642	0.00183	0.01284	0.00459	0.00367	0.00825
35	0.01516	0.01599	0.06142	0.01707	0.01810	0.04308	0.01464	0.01738	0.01186	0.01819	0.01171	0.01757	0.01088	0.01560	0.08847	0.00371	0.53695	0.00629	0.06820	0.00774
36	0.03142	0.01296	0.01705	0.01307	0.01860	0.01172	0.01080	0.10465	0.02180	0.63832	0.02690	0.02346	0.01703	0.00878	0.00716	0.00220	0.00625	0.00708	0.00863	0.01212
37	0.01383	0.01305	0.02206	0.66878	0.10988	0.01592	0.01997	0.01853	0.01442	0.01866	0.01272	0.01886	0.00966	0.00705	0.00711	0.00235	0.00940	0.00633	0.00320	0.00822
38	0.01012	0.00760	0.00941	0.00890	0.01080	0.00706	0.00669	0.01393	0.04749	0.02708	0.57045	0.05459	0.16938	0.01492	0.00835	0.00227	0.00349	0.01303	0.00761	0.00679
39	0.00926	0.00694	0.01001	0.01094	0.01172	0.00652	0.03907	0.01077	0.01379	0.01838	0.03734	0.65291	0.04426	0.04931	0.01013	0.00304	0.00473	0.04855	0.00637	0.00595
40	0.00982	0.00718	0.00922	0.00891	0.01053	0.00658	0.00661	0.01286	0.01925	0.02688	0.59175	0.11711	0.11563	0.01553	0.00846	0.00231	0.00345	0.01372	0.00763	0.00658
41	0.80005	0.01377	0.01047	0.00936	0.01377	0.01597	0.00771	0.02093	0.01212	0.03195	0.00991	0.01157	0.00771	0.00661	0.00441	0.00220	0.00551	0.00386	0.00441	0.00771
42	0.02675	0.01978	0.02119	0.01632	0.02196	0.02193	0.01346	0.65940	0.05619	0.04436	0.01751	0.01742	0.01244	0.00859	0.00713	0.00215	0.00776	0.00647	0.00713	0.01208
43	0.80005	0.01377	0.01047	0.00936	0.01377	0.01597	0.00771	0.02093	0.01212	0.03195	0.00991	0.01157	0.00771	0.00661	0.00441	0.00220	0.00551	0.00386	0.00441	0.00771
44	0.01164	0.00973	0.01416	0.12710	0.06464	0.00972	0.04218	0.04140	0.01583	0.02112	0.09742	0.29545	0.12803	0.03788	0.00901	0.00260	0.00579	0.01340	0.00566	0.04723
45	0.01574	0.24517	0.49745	0.01820	0.02735	0.01997	0.04040	0.02220	0.01492	0.02087	0.01199	0.01410	0.00910	0.00655	0.00617	0.00205	0.00972	0.00493	0.00303	0.01009
46	0.01954	0.01578	0.01682	0.01467	0.01897	0.01799	0.01154	0.12307	0.57712	0.06011	0.02737	0.02521	0.02029	0.00948	0.00723	0.00237	0.00594	0.00780	0.00729	0.01142
47	0.01025	0.00730	0.00980	0.00980	0.01050	0.00801	0.00685	0.01166	0.01096	0.01531	0.02058	0.03631	0.02142	0.36491	0.41498	0.00941	0.01363	0.00885	0.00404	0.00544
48	0.01485	0.12295	0.63174	0.01932	0.02931	0.01793	0.02461	0.02240	0.01497	0.02185	0.01243	0.01460	0.00903	0.00668	0.00650	0.00217	0.01017	0.00509	0.00301	0.01036
49	0.01762	0.01692	0.02890	0.04371	0.70533	0.01692	0.02185	0.02185	0.01621	0.02326	0.01339	0.01762	0.01128	0.00634	0.00705	0.00211	0.00846	0.00634	0.00352	0.01128
50	0.80005	0.01377	0.01047	0.00936	0.01377	0.01597	0.00771	0.02093	0.01212	0.03195	0.00991	0.01157	0.00771	0.00661	0.00441	0.00220	0.00551	0.00386	0.00441	0.00771
51	0.01762	0.01692	0.02890	0.04371	0.70533	0.01692	0.02185	0.02185	0.01621	0.02326	0.01339	0.01762	0.01128	0.00634	0.00705	0.00211	0.00846	0.00634	0.00352	0.01128
52	0.02219	0.01717	0.01993	0.06068	0.14119	0.07610	0.01398	0.17833	0.19025	0.13680	0.05395	0.02219	0.01754	0.00859	0.00715	0.00221	0.00741	0.00709	0.00631	0.01093
53	0.03195	0.01212	0.01652	0.01267	0.01818	0.01047	0.01047	0.03470	0.02038	0.71026	0.02809	0.02424	0.01763	0.00881	0.00716	0.00220	0.00606	0.00716	0.00881	0.01212
54	0.00868	0.00620	0.00826	0.00991	0.01033	0.00578	0.00661	0.00991	0.01363	0.01818	0.03925	0.74510	0.04710	0.02231	0.00909	0.00289	0.00413	0.02024	0.00661	0.00578
55	0.01661	0.01972	0.07350	0.05412	0.07422	0.01780	0.58872	0.02259	0.01660	0.02267	0.01421	0.01891	0.01070	0.00610	0.00820	0.00238	0.01165	0.00807	0.00355	0.00968
56	0.02471	0.06844	0.02071	0.01687	0.02120	0.39819	0.01318	0.17872	0.14140	0.02583	0.01550	0.01615	0.01206	0.00795	0.00662	0.00199	0.01013	0.00557	0.00505	0.00972
57	0.01237	0.00618	0.00928	0.00928	0.00928	0.00618	0.00618	0.00928	0.00928	0.01237	0.01237	0.02165	0.01237	0.02474	0.02783	0.79283	0.00618	0.00618	0.00309	0.00309
58	0.01434	0.01357	0.02298	0.58469	0.18998	0.01606	0.02022	0.01898	0.01466	0.01928	0.01281	0.01869	0.00988	0.00695	0.00710	0.00232	0.00927	0.00633	0.00324	0.00863
59	0.01558	0.01558	0.02181	0.01869	0.01869	0.02181	0.01558	0.01714	0.01091	0.01714	0.00935	0.01558	0.00935	0.01246	0.02337	0.00312	0.73672	0.00623	0.00312	0.00779
60	0.01036	0.00690	0.00777	0.00777	0.00777	0.00690	0.00431	0.01036	0.01036	0.01381	0.02244	0.04660	0.02589	0.74975	0.03624	0.00690	0.00690	0.01036	0.00431	0.00431
61	0.69508	0.01419	0.01270	0.01079	0.01543	0.01604	0.04034	0.04704	0.01357	0.06528	0.01130	0.01277	0.00852	0.00676	0.00484	0.00221	0.00594	0.00433	0.00469	0.00819
62	0.00945	0.00673	0.00903	0.01060	0.01129	0.00643	0.00770	0.01113	0.01415	0.01874	0.03804	0.54669	0.04455	0.05735	0.01061	0.00318	0.00487	0.17708	0.00648	0.00590
63	0.02436	0.24808	0.02534	0.01643	0.02090	0.48543	0.01328	0.05350	0.01903	0.01837	0.01093	0.01260	0.00928	0.00702	0.00590	0.00175	0.01107	0.00443	0.00363	0.00868
64	0.01304	0.00682	0.00983	0.00960	0.00986	0.00691	0.00652	0.04014	0.01039	0.01386	0.01259	0.02144	0.01236	0.02399	0.02688	0.75653	0.00626	0.00619	0.00328	0.00351
65	0.03003	0.01286	0.01670	0.01306	0.01840	0.01186	0.01070	0.06477	0.10092	0.59878	0.02769	0.02419	0.01786	0.00890	0.00717	0.00223	0.00609	0.00723	0.00855	0.01202
66	0.01035	0.00693	0.00789	0.00789	0.00793	0.00697	0.00447	0.01044	0.01039	0.01390	0.02232	0.04597	0.02561	0.72614	0.05948	0.00706	0.00732	0.01026	0.00430	0.00438
67	0.01008	0.00728	0.00952	0.00896	0.01064	0.00672	0.00672	0.01344	0.02016	0.02855	0.70158	0.05319	0.06719	0.01456	0.00840	0.00224	0.00336	0.01288	0.00784	0.00672
68	0.01859	0.68665	0.10078	0.01295	0.01945	0.02708	0.01351	0.02144	0.01452	0.01730	0.01017	0.01176	0.00913	0.00616	0.00478	0.00159	0.00789	0.00394	0.00304	0.00927
69	0.05450	0.01390	0.01564	0.01144	0.01757	0.01186	0.00923	0.12629	0.01769	0.02716	0.01325	0.01499	0.01067	0.00587	0.00553	0.00129	0.00570	0.00456	0.00470	0.62817
70	0.01923	0.01717	0.02647	0.03514	0.48449	0.03917	0.05268	0.05311	0.10661	0.07024	0.01656	0.01915	0.01302	0.00705	0.00714	0.00217	0.00822	0.00668	0.00453	0.01119
71	0.01969	0.01459	0.01599	0.01406	0.01825	0.01630	0.01102	0.03670	0.57123	0.13412	0.04701	0.02693	0.02233	0.00966	0.00726	0.00238	0.00564	0.00804	0.00750	0.01128
72	0.01541	0.01283	0.01613	0.06510	0.01993	0.01025	0.02909	0.01876	0.01501	0.04999	0.01332	0.01559	0.01076	0.00557	0.00558	0.00124	0.00582	0.00462	0.00430	0.68073
73	0.00918	0.00724	0.00828	0.00802	0.01009	0.00634	0.00601	0.01170	0.01804	0.02354	0.36254	0.06145	0.40935	0.01643	0.00841	0.00233	0.00349	0.01404	0.00718	0.00634
74	0.01607	0.02147	0.15567	0.08718	0.06840	0.01768	0.45076	0.02209	0.01600	0.02216	0.01371	0.01823	0.01034	0.00652	0.00858	0.00239	0.04217	0.00749	0.00344	0.00963
75	0.02153	0.02062	0.02140	0.05195	0.05674	0.17432	0.07658	0.21527	0.16481	0.02908	0.01995	0.02073	0.04483	0.00839	0.00709	0.00213	0.00869	0.00684	0.00554	0.04353
76	0.80005	0.01377	0.01047	0.00936	0.01377	0.01597	0.00771	0.02093	0.01212	0.03195	0.00991	0.01157	0.00771	0.00661	0.00441	0.00220	0.00551	0.00386	0.00441	0.00771
77	0.01342	0.01168	0.04944	0.01527	0.10546	0.01068	0.01068	0.02015	0.14065	0.05126	0.43061	0.04072	0.04690	0.01199	0.00789	0.00225	0.00491	0.01055	0.00695	0.00852
78	0.01762	0.01692	0.02890	0.04371	0.70533	0.01692	0.02185	0.02185	0.01621	0.02326	0.01339	0.01762	0.01128	0.00634	0.00705	0.00211	0.00846	0.00634	0.00352	0.01128
79	0.01027	0.00687	0.00779	0.00788	0.00790	0.00685	0.00443	0.01033	0.01052	0.01403	0.02329	0.08227	0.02697	0.71260	0.03486	0.00670	0.00676	0.01086	0.00443	0.00439
80	0.01327	0.00664	0.00664	0.00664	0.00830	0.00664	0.00498	0.01659	0.01493	0.02655	0.02323	0.02655	0.01825	0.00830	0.00498	0.00166	0.00332	0.00664	0.78928	0.00664
81	0.01082	0.00747	0.00958	0.00894	0.01085	0.00680	0.00674	0.01400	0.01977	0.05599	0.61001	0.05353	0.12925	0.01467	0.00835	0.00225	0.00350	0.01286	0.00776	0.00687
82	0.01327	0.00664	0.00664	0.00664	0.00830	0.00664	0.00498	0.01659	0.01493	0.02655	0.02323	0.02655	0.01825	0.00830	0.00498	0.00166	0.00332	0.00664	0.78928	0.00664
83	0.01311	0.00821	0.01070	0.00988	0.01204	0.00774	0.00749	0.01700	0.05226	0.11367	0.49911	0.10685	0.05499	0.01579	0.03645	0.00266	0.00450	0.01234	0.00767	0.00753
84	0.01762	0.01692	0.02890	0.04371	0.70533	0.01692	0.02185	0.02185	0.01621	0.02326	0.01339	0.01762	0.01128	0.00634	0.00705	0.00211	0.00846	0.00634	0.00352	0.01128
85	0.01500	0.03351	0.61976	0.01939	0.02899	0.01598	0.02428	0.02341	0.04854	0.04923	0.01531	0.01895	0.01144	0.00758	0.00694	0.00231	0.00993	0.03541	0.00360	0.01044
86	0.00999	0.00692	0.00799	0.00806	0.00856	0.00670	0.00494	0.01072	0.01254	0.01672	0.12129	0.10932	0.09895	0.51638	0.02743	0.00549	0.00586	0.01200	0.00521	0.00493
87	0.00922	0.00645	0.00819	0.00926	0.00962	0.00615	0.00597	0.01022	0.01304	0.01747	0.06832	0.51231	0.04213	0.22755	0.01673	0.00399	0.00488	0.01707	0.00602	0.00542
88	0.01477	0.01266	0.01477	0.01055	0.01687	0.00949	0.00844	0.01793	0.01477	0.02320	0.01266	0.01477	0.01055	0.00527	0.00527	0.00105	0.00527	0.00422	0.00422	0.79328
89	0.01237	0.00618	0.00928	0.00928	0.00928	0.00618	0.00618	0.00928	0.00928	0.01237	0.01237	0.02165	0.01237	0.02474	0.02783	0.79283	0.00618	0.00618	0.00309	0.00309
90	0.00979	0.00722	0.00921	0.00954	0.01084	0.00684	0.00683	0.01302	0.05025	0.02386	0.36300	0.33831	0.08911	0.01769	0.00863	0.00253	0.00380	0.01579	0.00724	0.00652
91	0.01145	0.00854	0.01154	0.04220	0.01546	0.00865	0.01074	0.01556	0.05394	0.02217	0.10897	0.09668	0.08300	0.01805	0.00931	0.00301	0.00601	0.46128	0.00660	0.00683
92	0.01090	0.00779	0.01082	0.01246	0.01385	0.00770	0.01048	0.01377	0.01583	0.02067	0.03802	0.21566	0.04223	0.02021	0.00968	0.00320	0.00606	0.52769	0.00657	0.00640
93	0.01477	0.01266	0.01477	0.01055	0.01687	0.00949	0.00844	0.01793	0.01477	0.02320	0.01266	0.01477	0.01055	0.00527	0.00527	0.00105	0.00527	0.00422	0.00422	0.79328
94	0.00868	0.00620	0.00826	0.00991	0.01033	0.00578	0.00661	0.00991	0.01363	0.01818	0.03925	0.74510	0.04710	0.02231	0.00909	0.00289	0.00413	0.02024	0.00661	0.00578
95	0.01636	0.02236	0.16197	0.02827	0.03607	0.01774	0.56268	0.02276	0.01649	0.02276	0.01411	0.01846	0.01049	0.00614	0.00811	0.00237	0.01174	0.00784	0.00350	0.00977
96	0.00997	0.00731	0.00937	0.00895	0.01070	0.00671	0.00678	0.01317	0.01962	0.02735	0.61320	0.05578	0.12885	0.01510	0.00846	0.00230	0.00351	0.03858	0.00767	0.00664
97	0.01070	0.00743	0.00965	0.00901	0.01084	0.00681	0.00679	0.01398	0.02001	0.04977	0.65536	0.05288	0.09074	0.01451	0.00836	0.00224	0.00345	0.01278	0.00782	0.00686
98	0.01019	0.00757	0.01112	0.01112	0.01228	0.00873	0.00850	0.01251	0.01135	0.01629	0.01937	0.02960	0.01851	0.11423	0.66168	0.01105	0.01801	0.00787	0.00386	0.00618
99	0.01008	0.00728	0.00952	0.00896	0.01064	0.00672	0.00672	0.01344	0.02016	0.02855	0.70158	0.05319	0.06719	0.01456	0.00840	0.00224	0.00336	0.01288	0.00784	0.00672
100	0.02253	0.20654	0.02609	0.02137	0.15003	0.32586	0.01487	0.07518	0.03644	0.02077	0.01208	0.01415	0.01012	0.00714	0.00662	0.00188	0.03009	0.00500	0.00383	0.00940
101	0.01428	0.03683	0.71286	0.02030	0.03082	0.01654	0.02631	0.02255	0.01503	0.02255	0.01278	0.01503	0.00902	0.00677	0.00677	0.00226	0.01052	0.00526	0.00301	0.01052
102	0.02490	0.02405	0.02045	0.01812	0.05499	0.27203	0.01365	0.30901	0.13614	0.03148	0.01668	0.01715	0.01260	0.00819	0.00689	0.00207	0.00930	0.00602	0.00573	0.01055
103	0.01576	0.01502	0.02521	0.28405	0.38423	0.01603	0.04372	0.02062	0.03651	0.02154	0.01530	0.01979	0.03061	0.00701	0.00711	0.00220	0.00862	0.00664	0.00363	0.03639
104	0.02189	0.02380	0.02211	0.06728	0.21751	0.32479	0.01604	0.09295	0.04289	0.02277	0.01445	0.01899	0.01219	0.00782	0.00688	0.00205	0.01009	0.03883	0.00424	0.03244
105	0.02438	0.01455	0.01735	0.01450	0.03793	0.01475	0.01130	0.28551	0.05292	0.25245	0.05503	0.11215	0.02109	0.01047	0.00737	0.00222	0.00641	0.00865	0.00742	0.04353

[dist]
# distance from previous block
# <min> <max>
3	8

[block]
# block no. 3 follows, 29 sequences, length 72
# corresponding to MSA columns:
# 176-247
name=unknown_D
#
# <colnr> <probs for GDERKNQSTAVLIFYWHMCP>
#	G	D	E	R	K	N	Q	S	T	A	V	L	I	F	Y	W	H	M	C	P
0	0.05419	0.01293	0.01644	0.01278	0.01819	0.01188	0.01048	0.06934	0.08098	0.54166	0.02589	0.02297	0.01687	0.00855	0.00694	0.00214	0.00605	0.00689	0.00811	0.06672
1	0.02489	0.01871	0.02068	0.01619	0.02095	0.02127	0.01336	0.56254	0.02964	0.04038	0.01641	0.01738	0.01206	0.00904	0.00910	0.00224	0.10134	0.00640	0.04614	0.01128
2	0.01034	0.00695	0.00798	0.00798	0.00806	0.00702	0.00458	0.01049	0.01042	0.01397	0.02224	0.04551	0.02541	0.70901	0.07634	0.00717	0.00762	0.01020	0.00429	0.00443
3	0.35457	0.01595	0.01606	0.07600	0.02032	0.01800	0.01121	0.29693	0.02161	0.05994	0.01424	0.01548	0.01041	0.00760	0.00590	0.00217	0.00678	0.00535	0.03178	0.00969
4	0.01034	0.00697	0.00812	0.00812	0.00825	0.00710	0.00476	0.01058	0.01046	0.01407	0.02211	0.04479	0.02510	0.68233	0.10259	0.00734	0.00808	0.01009	0.00427	0.00451
5	0.75705	0.01411	0.01107	0.00975	0.01423	0.01631	0.00804	0.05768	0.01331	0.03267	0.01031	0.01187	0.00796	0.00672	0.00456	0.00220	0.00564	0.00400	0.00456	0.00796
6	0.19447	0.01861	0.01901	0.01486	0.02028	0.02076	0.01227	0.53851	0.02885	0.04208	0.01554	0.01590	0.01116	0.00813	0.00653	0.00215	0.00733	0.00586	0.00653	0.01116
7	0.80005	0.01377	0.01047	0.00936	0.01377	0.01597	0.00771	0.02093	0.01212	0.03195	0.00991	0.01157	0.00771	0.00661	0.00441	0.00220	0.00551	0.00386	0.00441	0.00771
8	0.01771	0.01530	0.01610	0.01449	0.01852	0.01771	0.01127	0.03784	0.69247	0.02979	0.02898	0.02657	0.02174	0.00966	0.00725	0.00242	0.00564	0.00805	0.00725	0.01127
9	0.00868	0.00620	0.00826	0.00991	0.01033	0.00578	0.00661	0.00991	0.01363	0.01818	0.03925	0.74510	0.04710	0.02231	0.00909	0.00289	0.00413	0.02024	0.00661	0.00578
10	0.01645	0.01891	0.06253	0.06853	0.08786	0.01818	0.49197	0.02183	0.01588	0.02194	0.01360	0.01851	0.01054	0.00685	0.00986	0.00245	0.09340	0.00776	0.00349	0.00947
11	0.80005	0.01377	0.01047	0.00936	0.01377	0.01597	0.00771	0.02093	0.01212	0.03195	0.00991	0.01157	0.00771	0.00661	0.00441	0.00220	0.00551	0.00386	0.00441	0.00771
12	0.01558	0.01558	0.02181	0.01869	0.01869	0.02181	0.01558	0.01714	0.01091	0.01714	0.00935	0.01558	0.00935	0.01246	0.02337	0.00312	0.73672	0.00623	0.00312	0.00779
13	0.00868	0.00620	0.00826	0.00991	0.01033	0.00578	0.00661	0.00991	0.01363	0.01818	0.03925	0.74510	0.04710	0.02231	0.00909	0.00289	0.00413	0.02024	0.00661	0.00578
14	0.00868	0.00620	0.00826	0.00991	0.01033	0.00578	0.00661	0.00991	0.01363	0.01818	0.03925	0.74510	0.04710	0.02231	0.00909	0.00289	0.00413	0.02024	0.00661	0.00578
15	0.03168	0.01255	0.01679	0.01288	0.01839	0.01111	0.01064	0.07068	0.02111	0.67325	0.02748	0.02384	0.01732	0.00880	0.00716	0.00220	0.00616	0.00712	0.00872	0.01212
16	0.80005	0.01377	0.01047	0.00936	0.01377	0.01597	0.00771	0.02093	0.01212	0.03195	0.00991	0.01157	0.00771	0.00661	0.00441	0.00220	0.00551	0.00386	0.00441	0.00771
17	0.01428	0.03683	0.71286	0.02030	0.03082	0.01654	0.02631	0.02255	0.01503	0.02255	0.01278	0.01503	0.00902	0.00677	0.00677	0.00226	0.01052	0.00526	0.00301	0.01052
18	0.01428	0.03683	0.71286	0.02030	0.03082	0.01654	0.02631	0.02255	0.01503	0.02255	0.01278	0.01503	0.00902	0.00677	0.00677	0.00226	0.01052	0.00526	0.00301	0.01052
19	0.01384	0.01252	0.02050	0.66904	0.04586	0.01547	0.01873	0.03766	0.01485	0.01947	0.01341	0.01937	0.01008	0.00723	0.00699	0.00232	0.00908	0.00635	0.04928	0.00796
20	0.01036	0.00690	0.00777	0.00777	0.00777	0.00690	0.00431	0.01036	0.01036	0.01381	0.02244	0.04660	0.02589	0.74975	0.03624	0.00690	0.00690	0.01036	0.00431	0.00431
21	0.02676	0.01979	0.02120	0.01632	0.02196	0.02194	0.01346	0.66026	0.05531	0.04438	0.01749	0.01741	0.01243	0.00858	0.00713	0.00215	0.00776	0.00647	0.00713	0.01208
22	0.00877	0.00723	0.00771	0.00759	0.00984	0.00616	0.00569	0.01091	0.01707	0.02123	0.20670	0.06525	0.56664	0.01729	0.00841	0.00237	0.00355	0.01457	0.00687	0.00616
23	0.01710	0.03191	0.56893	0.01883	0.02823	0.01571	0.02308	0.02525	0.05546	0.12486	0.01600	0.01707	0.01104	0.00724	0.00685	0.00226	0.00958	0.00571	0.00411	0.01080
24	0.00929	0.00676	0.00888	0.01036	0.01126	0.00636	0.00759	0.01105	0.01454	0.01901	0.04243	0.52046	0.11612	0.02125	0.00919	0.00293	0.00463	0.16531	0.00660	0.00598
25	0.01904	0.75404	0.03731	0.01218	0.01828	0.02818	0.01218	0.02132	0.01447	0.01675	0.00990	0.01142	0.00914	0.00609	0.00457	0.00152	0.00761	0.00381	0.00305	0.00914
26	0.11687	0.06173	0.53199	0.01805	0.02716	0.01699	0.02206	0.05608	0.01578	0.05193	0.01312	0.01491	0.00935	0.00689	0.00640	0.00221	0.00945	0.00515	0.00363	0.01025
27	0.02487	0.08278	0.06040	0.01951	0.06223	0.59295	0.01482	0.02723	0.01927	0.01801	0.01117	0.01315	0.00928	0.00716	0.00635	0.00185	0.01210	0.00467	0.00358	0.00862
28	0.12369	0.15897	0.02309	0.01887	0.09827	0.38940	0.01361	0.05844	0.01833	0.02123	0.01125	0.01318	0.00937	0.00697	0.00593	0.00187	0.01020	0.00464	0.00381	0.00888
29	0.01625	0.06206	0.07575	0.02787	0.07984	0.01753	0.50842	0.02168	0.01629	0.02213	0.01583	0.07256	0.01335	0.00729	0.00805	0.00236	0.01083	0.00870	0.00375	0.00946
30	0.01008	0.00728	0.00952	0.00896	0.01064	0.00672	0.00672	0.01344	0.02016	0.02855	0.70158	0.05319	0.06719	0.01456	0.00840	0.00224	0.00336	0.01288	0.00784	0.00672
31	0.01237	0.00618	0.00928	0.00928	0.00928	0.00618	0.00618	0.00928	0.00928	0.01237	0.01237	0.02165	0.01237	0.02474	0.02783	0.79283	0.00618	0.00618	0.00309	0.00309
32	0.01017	0.00763	0.01144	0.01144	0.01272	0.00890	0.00890	0.01272	0.01144	0.01653	0.01907	0.02797	0.01780	0.05340	0.72153	0.01144	0.01907	0.00763	0.00381	0.00636
33	0.01428	0.03683	0.71286	0.02030	0.03082	0.01654	0.02631	0.02255	0.01503	0.02255	0.01278	0.01503	0.00902	0.00677	0.00677	0.00226	0.01052	0.00526	0.00301	0.01052
34	0.00872	0.00723	0.00764	0.00754	0.00981	0.00614	0.00565	0.01082	0.01696	0.02097	0.18906	0.06568	0.58444	0.01739	0.00841	0.00237	0.00356	0.01463	0.00684	0.00614
35	0.00973	0.00720	0.00921	0.01037	0.01127	0.00705	0.00723	0.01296	0.07634	0.02028	0.09731	0.59301	0.04634	0.02036	0.00889	0.00280	0.00429	0.04219	0.00678	0.00640
36	0.02707	0.01995	0.02137	0.01638	0.02208	0.02208	0.01353	0.68159	0.03348	0.04488	0.01710	0.01710	0.01211	0.00855	0.00712	0.00214	0.00784	0.00641	0.00712	0.01211
37	0.01009	0.00685	0.00779	0.00795	0.00812	0.00675	0.00460	0.01030	0.01098	0.01452	0.02664	0.11803	0.06221	0.63954	0.03210	0.00627	0.00646	0.01159	0.00466	0.00455
38	0.02707	0.01995	0.02137	0.01638	0.02208	0.02208	0.01353	0.68159	0.03348	0.04488	0.01710	0.01710	0.01211	0.00855	0.00712	0.00214	0.00784	0.00641	0.00712	0.01211
39	0.01762	0.01692	0.02890	0.04371	0.70533	0.01692	0.02185	0.02185	0.01621	0.02326	0.01339	0.01762	0.01128	0.00634	0.00705	0.00211	0.00846	0.00634	0.00352	0.01128
40	0.01477	0.01266	0.01477	0.01055	0.01687	0.00949	0.00844	0.01793	0.01477	0.02320	0.01266	0.01477	0.01055	0.00527	0.00527	0.00105	0.00527	0.00422	0.00422	0.79328
41	0.06549	0.07318	0.01796	0.01248	0.01799	0.01217	0.01048	0.03298	0.01952	0.62271	0.02578	0.02261	0.01648	0.00849	0.00682	0.00215	0.00616	0.00674	0.00814	0.01167
42	0.01683	0.04012	0.02212	0.01846	0.01903	0.09443	0.01529	0.01843	0.01197	0.01715	0.00954	0.01517	0.00932	0.01174	0.02104	0.00293	0.63941	0.00599	0.00317	0.00788
43	0.01007	0.00735	0.00836	0.00824	0.00936	0.00676	0.00529	0.01098	0.01271	0.01680	0.05574	0.15212	0.16644	0.40871	0.02313	0.00477	0.00558	0.01234	0.00523	0.07002
44	0.00866	0.00625	0.00821	0.00978	0.01029	0.00579	0.00655	0.00993	0.01376	0.01823	0.04085	0.71207	0.07909	0.02210	0.00906	0.00287	0.00411	0.01999	0.00661	0.00579
45	0.02707	0.01995	0.02137	0.01638	0.02208	0.02208	0.01353	0.68159	0.03348	0.04488	0.01710	0.01710	0.01211	0.00855	0.00712	0.00214	0.00784	0.00641	0.00712	0.01211
46	0.01015	0.00715	0.00876	0.04365	0.01068	0.00711	0.00583	0.01116	0.01279	0.01720	0.13420	0.15051	0.05722	0.46446	0.02544	0.00520	0.00595	0.01218	0.00524	0.00515
47	0.00909	0.00688	0.00805	0.00861	0.00990	0.00623	0.00603	0.01065	0.01490	0.01911	0.11648	0.28867	0.29276	0.12757	0.01282	0.00325	0.00437	0.04245	0.00639	0.00578
48	0.76099	0.01408	0.01102	0.00972	0.01419	0.01628	0.00801	0.05432	0.01320	0.03260	0.01028	0.01185	0.00793	0.00671	0.00454	0.00220	0.00563	0.00398	0.00454	0.00793
49	0.01082	0.00867	0.01179	0.01172	0.01308	0.03715	0.00909	0.01334	0.01179	0.01657	0.01875	0.02737	0.01746	0.05158	0.69317	0.01106	0.01883	0.00751	0.00381	0.00643
50	0.01477	0.01266	0.01477	0.01055	0.01687	0.00949	0.00844	0.01793	0.01477	0.02320	0.01266	0.01477	0.01055	0.00527	0.00527	0.00105	0.00527	0.00422	0.00422	0.79328
51	0.01017	0.00763	0.01144	0.01144	0.01272	0.00890	0.00890	0.01272	0.01144	0.01653	0.01907	0.02797	0.01780	0.05340	0.72153	0.01144	0.01907	0.00763	0.00381	0.00636
52	0.01115	0.00751	0.00986	0.00914	0.01101	0.00690	0.00690	0.01448	0.02017	0.06184	0.66869	0.05178	0.06477	0.01428	0.00834	0.00224	0.00349	0.01260	0.00789	0.00698
53	0.01326	0.01230	0.02188	0.05709	0.15415	0.01205	0.17904	0.01678	0.01530	0.02060	0.02662	0.18332	0.05934	0.05510	0.03054	0.00310	0.00816	0.11851	0.00488	0.00798
54	0.00965	0.00693	0.00882	0.00993	0.01066	0.00663	0.00672	0.04031	0.01458	0.01941	0.05730	0.61944	0.06779	0.07237	0.01086	0.00310	0.00445	0.01853	0.00651	0.00600
55	0.01336	0.01246	0.02091	0.70023	0.04750	0.01548	0.01940	0.01804	0.01434	0.01833	0.01378	0.02175	0.01091	0.00768	0.00724	0.00241	0.00936	0.03566	0.00332	0.00785
56	0.01681	0.01921	0.04202	0.03001	0.03721	0.01801	0.67947	0.02281	0.01681	0.02281	0.01441	0.01921	0.01080	0.00600	0.00840	0.00240	0.01200	0.00840	0.00360	0.00960
57	0.01732	0.01661	0.02835	0.09408	0.65735	0.01684	0.02170	0.02159	0.01607	0.02289	0.01334	0.01772	0.01115	0.00640	0.00705	0.00213	0.00853	0.00634	0.00350	0.01103
58	0.01186	0.03464	0.01516	0.08735	0.01758	0.01272	0.01120	0.01430	0.01183	0.01680	0.01788	0.02598	0.03615	0.06645	0.43132	0.00801	0.16285	0.00742	0.00369	0.00681
59	0.01036	0.00690	0.00777	0.00777	0.00777	0.00690	0.00431	0.01036	0.01036	0.01381	0.02244	0.04660	0.02589	0.74975	0.03624	0.00690	0.00690	0.01036	0.00431	0.00431
60	0.03195	0.01212	0.01652	0.01267	0.01818	0.01047	0.01047	0.03470	0.02038	0.71026	0.02809	0.02424	0.01763	0.00881	0.00716	0.00220	0.00606	0.00716	0.00881	0.01212
61	0.01703	0.01807	0.02259	0.13277	0.05315	0.12550	0.04247	0.01942	0.01328	0.01782	0.01049	0.01593	0.00948	0.01034	0.01699	0.00274	0.45450	0.00609	0.00324	0.00809
62	0.01591	0.06339	0.13536	0.02397	0.02961	0.01872	0.35763	0.02078	0.01488	0.02088	0.01384	0.04998	0.01174	0.00837	0.01147	0.00252	0.18065	0.00769	0.00350	0.00912
63	0.02707	0.01995	0.02137	0.01638	0.02208	0.02208	0.01353	0.68159	0.03348	0.04488	0.01710	0.01710	0.01211	0.00855	0.00712	0.00214	0.00784	0.00641	0.00712	0.01211
64	0.13861	0.01607	0.01700	0.01400	0.01880	0.01772	0.01131	0.26418	0.24675	0.12543	0.04241	0.02147	0.01707	0.00885	0.00681	0.00225	0.00639	0.00687	0.00701	0.01102
65	0.02269	0.14654	0.06472	0.01934	0.09468	0.32693	0.01466	0.13805	0.02042	0.02304	0.01389	0.05683	0.01211	0.00808	0.00648	0.00195	0.01000	0.00592	0.00428	0.00938
66	0.03108	0.01193	0.01625	0.01252	0.01788	0.01032	0.01032	0.03386	0.02037	0.68332	0.05472	0.02538	0.01959	0.00904	0.00721	0.00220	0.00595	0.00739	0.00877	0.01190
67	0.01024	0.00741	0.00966	0.00973	0.01130	0.00697	0.00754	0.01323	0.01835	0.02528	0.46038	0.08824	0.09583	0.05333	0.01014	0.00274	0.00427	0.15162	0.00726	0.00648
68	0.01306	0.01160	0.01908	0.13484	0.17109	0.01183	0.08474	0.03700	0.01576	0.02121	0.04827	0.27619	0.05568	0.01363	0.00820	0.00255	0.00700	0.05514	0.00512	0.00802
69	0.01808	0.01958	0.07234	0.03981	0.58803	0.07159	0.04234	0.02244	0.01646	0.02275	0.01320	0.01714	0.01096	0.00644	0.00703	0.00211	0.00904	0.00620	0.00351	0.01094
70	0.01416	0.01347	0.01886	0.01659	0.01681	0.01831	0.01354	0.01577	0.01107	0.01690	0.01280	0.04820	0.01310	0.06033	0.13374	0.00463	0.55377	0.00724	0.00343	0.00729
71	0.00961	0.00704	0.00891	0.00957	0.01071	0.00658	0.00673	0.03219	0.01631	0.02196	0.22201	0.46137	0.12186	0.01931	0.00877	0.00264	0.00398	0.01724	0.00696	0.00626

[dist]
# distance from previous block
# <min> <max>
0	8

# created by:
# /st0/software/busco_prod/Augustus/scripts/msa2prfl.pl ./align_prep/136146.fa
