[name]
unknown

[dist]
# distance from previous block
# <min> <max>
0	4

[block]
# block no. 0 follows, 23 sequences, length 7
# corresponding to MSA columns:
# 8-14
name=unknown_A
#
# <colnr> <probs for GDERKNQSTAVLIFYWHMCP>
#	G	D	E	R	K	N	Q	S	T	A	V	L	I	F	Y	W	H	M	C	P
0	0.02431	0.19177	0.08166	0.02064	0.06023	0.30239	0.01699	0.05617	0.02019	0.02228	0.01465	0.02017	0.01304	0.00942	0.00900	0.00232	0.07659	0.04380	0.00428	0.01009
1	0.19127	0.01180	0.01440	0.01348	0.01645	0.01212	0.04875	0.06582	0.01814	0.06467	0.06743	0.34269	0.03655	0.01733	0.00877	0.00295	0.00619	0.04575	0.00699	0.00845
2	0.02167	0.08912	0.03354	0.03059	0.20728	0.07639	0.16798	0.09856	0.02049	0.02742	0.01494	0.01882	0.01212	0.00806	0.00967	0.00241	0.07560	0.00715	0.00451	0.07368
3	0.02428	0.01919	0.02067	0.01861	0.06656	0.07196	0.01381	0.31253	0.04906	0.06602	0.02539	0.08136	0.05641	0.01604	0.07176	0.00343	0.00965	0.00910	0.00697	0.05719
4	0.02069	0.01635	0.01833	0.01455	0.02025	0.01585	0.01154	0.22022	0.09374	0.03438	0.02258	0.12115	0.02014	0.01062	0.00758	0.00208	0.00680	0.00878	0.00666	0.32771
5	0.01911	0.01566	0.01776	0.01360	0.01993	0.01400	0.01082	0.12807	0.08927	0.03109	0.01945	0.06760	0.01665	0.00856	0.00692	0.00173	0.00646	0.00700	0.00594	0.50040
6	0.01892	0.01813	0.02815	0.05395	0.02843	0.04813	0.20606	0.04185	0.05612	0.04843	0.01908	0.08523	0.01679	0.01025	0.01146	0.00256	0.12682	0.00899	0.00504	0.16560

[dist]
# distance from previous block
# <min> <max>
0	4

[block]
# block no. 1 follows, 23 sequences, length 28
# corresponding to MSA columns:
# 19-46
name=unknown_B
#
# <colnr> <probs for GDERKNQSTAVLIFYWHMCP>
#	G	D	E	R	K	N	Q	S	T	A	V	L	I	F	Y	W	H	M	C	P
0	0.02103	0.63652	0.11989	0.01502	0.02258	0.03048	0.01586	0.02447	0.01657	0.01990	0.01168	0.01352	0.01040	0.00704	0.00551	0.00184	0.00908	0.00454	0.00347	0.01061
1	0.02559	0.01738	0.02156	0.02073	0.10408	0.01872	0.01475	0.14824	0.22939	0.19125	0.05468	0.02682	0.02142	0.01051	0.00947	0.00263	0.05374	0.00843	0.00784	0.01276
2	0.11735	0.01876	0.02800	0.03910	0.46946	0.01955	0.02087	0.05758	0.09684	0.02993	0.01716	0.02042	0.01385	0.00786	0.00768	0.00247	0.00877	0.00711	0.00487	0.01238
3	0.12856	0.01663	0.01674	0.01431	0.01927	0.07397	0.01136	0.03424	0.20807	0.25240	0.03420	0.03177	0.10149	0.01119	0.00787	0.00257	0.00700	0.00884	0.00798	0.01155
4	0.03367	0.01647	0.06390	0.01599	0.02268	0.01350	0.03661	0.06205	0.04324	0.55766	0.02979	0.02646	0.01904	0.00979	0.00818	0.00253	0.00756	0.00807	0.00924	0.01355
5	0.01176	0.00792	0.00911	0.00902	0.00927	0.00784	0.00527	0.01225	0.01324	0.01789	0.10715	0.05407	0.03555	0.62504	0.03722	0.00718	0.00735	0.01217	0.00543	0.00527
6	0.01752	0.01577	0.02438	0.55167	0.04903	0.01952	0.02122	0.09990	0.01873	0.02454	0.01476	0.02103	0.01119	0.00883	0.00967	0.00274	0.06848	0.00721	0.00418	0.00962
7	0.11680	0.01882	0.03023	0.04477	0.58082	0.01914	0.02283	0.02477	0.01788	0.02778	0.01475	0.01920	0.01233	0.00727	0.00765	0.00242	0.00921	0.00687	0.00415	0.01233
8	0.01528	0.01307	0.01642	0.01263	0.01834	0.01032	0.04009	0.01848	0.01665	0.02485	0.02372	0.11789	0.06198	0.04171	0.00862	0.00197	0.00617	0.00869	0.00533	0.53779
9	0.02998	0.02188	0.02355	0.01830	0.02460	0.02419	0.01504	0.55604	0.09898	0.07168	0.02129	0.02086	0.01513	0.00988	0.00813	0.00247	0.00860	0.00752	0.00820	0.01370
10	0.11341	0.03098	0.02244	0.02291	0.10572	0.44090	0.01573	0.03174	0.09654	0.02431	0.01521	0.01704	0.01229	0.00844	0.00726	0.00226	0.01204	0.00586	0.00475	0.01019
11	0.02088	0.60688	0.11003	0.01530	0.02241	0.03026	0.01585	0.02418	0.01633	0.01983	0.01160	0.01373	0.01041	0.00743	0.00667	0.00193	0.04762	0.00467	0.00347	0.01050
12	0.16029	0.01495	0.01926	0.01829	0.10233	0.01434	0.01298	0.06143	0.02166	0.41283	0.06073	0.02561	0.02005	0.00960	0.00768	0.00250	0.00707	0.00771	0.00825	0.01247
13	0.06777	0.01535	0.01787	0.01451	0.01964	0.01556	0.01169	0.16824	0.11957	0.23988	0.15838	0.03180	0.03018	0.01118	0.00819	0.00248	0.00658	0.00913	0.00861	0.04338
14	0.02913	0.03224	0.02461	0.02407	0.10730	0.43459	0.01680	0.18091	0.02616	0.02845	0.01461	0.01653	0.01159	0.00856	0.00761	0.00222	0.01258	0.00600	0.00513	0.01094
15	0.01532	0.01442	0.02434	0.69533	0.05589	0.01803	0.02253	0.02073	0.01622	0.02073	0.01442	0.02163	0.01082	0.00811	0.00811	0.00270	0.01082	0.00721	0.00361	0.00901
16	0.02276	0.02493	0.03109	0.06576	0.39816	0.21097	0.07811	0.02700	0.01975	0.02431	0.01455	0.01873	0.01203	0.00756	0.00797	0.00236	0.01150	0.00687	0.00406	0.01153
17	0.01159	0.00869	0.01304	0.01304	0.01449	0.01014	0.01014	0.01449	0.01304	0.01884	0.02173	0.03188	0.02029	0.06086	0.68268	0.01304	0.02173	0.00869	0.00435	0.00724
18	0.01532	0.01442	0.02434	0.69533	0.05589	0.01803	0.02253	0.02073	0.01622	0.02073	0.01442	0.02163	0.01082	0.00811	0.00811	0.00270	0.01082	0.00721	0.00361	0.00901
19	0.01574	0.01500	0.02443	0.57854	0.04989	0.01921	0.02171	0.02052	0.01557	0.02052	0.01377	0.02096	0.01079	0.00917	0.01132	0.00285	0.13023	0.00719	0.00360	0.00899
20	0.01565	0.01485	0.02400	0.53757	0.04754	0.01905	0.02112	0.02025	0.01536	0.02042	0.01397	0.02128	0.01115	0.01136	0.03803	0.00327	0.14533	0.00725	0.00362	0.00892
21	0.03082	0.02069	0.02284	0.01774	0.02401	0.02240	0.01458	0.47833	0.09233	0.15687	0.02291	0.02189	0.01591	0.00991	0.00814	0.00248	0.00834	0.00763	0.00846	0.01371
22	0.01562	0.01315	0.01554	0.01189	0.01794	0.01008	0.00925	0.01885	0.01660	0.02545	0.01968	0.13699	0.01924	0.00938	0.00676	0.00157	0.00578	0.00798	0.00528	0.63297
23	0.11668	0.01110	0.01320	0.01157	0.01527	0.01053	0.00906	0.02384	0.04178	0.22054	0.25901	0.08921	0.11722	0.01435	0.00858	0.00261	0.00524	0.01208	0.00848	0.00964
24	0.15634	0.19610	0.05362	0.01650	0.02286	0.08828	0.01453	0.29606	0.02625	0.03661	0.01517	0.01623	0.01163	0.00845	0.00677	0.00225	0.00908	0.00581	0.00586	0.01160
25	0.57438	0.13880	0.01829	0.04262	0.01882	0.05050	0.01060	0.02417	0.01480	0.03195	0.01149	0.01360	0.00924	0.00749	0.00530	0.00237	0.00727	0.00455	0.00465	0.00911
26	0.17731	0.02060	0.02118	0.01674	0.02266	0.02291	0.01374	0.48601	0.03226	0.04679	0.01903	0.05038	0.01466	0.01003	0.00761	0.00249	0.00820	0.00746	0.00747	0.01247
27	0.03019	0.02234	0.02400	0.01836	0.02489	0.02449	0.01515	0.60828	0.03715	0.04998	0.01924	0.01936	0.01372	0.00957	0.00802	0.00238	0.00879	0.00719	0.00796	0.04895

[dist]
# distance from previous block
# <min> <max>
3	4

[block]
# block no. 2 follows, 23 sequences, length 8
# corresponding to MSA columns:
# 51-58
name=unknown_C
#
# <colnr> <probs for GDERKNQSTAVLIFYWHMCP>
#	G	D	E	R	K	N	Q	S	T	A	V	L	I	F	Y	W	H	M	C	P
0	0.51247	0.01985	0.08770	0.01348	0.01949	0.05064	0.01225	0.05703	0.01715	0.12292	0.01500	0.01601	0.01085	0.00805	0.00602	0.00249	0.00755	0.00528	0.00565	0.01012
1	0.02917	0.02384	0.02295	0.01819	0.02408	0.11486	0.01476	0.50617	0.03457	0.04460	0.02325	0.02323	0.06213	0.01036	0.00812	0.00241	0.00936	0.00776	0.00753	0.01267
2	0.01683	0.01442	0.01683	0.01202	0.01923	0.01082	0.00961	0.02043	0.01683	0.02644	0.01442	0.01683	0.01202	0.00601	0.00601	0.00120	0.00601	0.00481	0.00481	0.76444
3	0.01992	0.02189	0.15786	0.14748	0.20509	0.01759	0.08260	0.05812	0.01946	0.09565	0.02147	0.02667	0.04408	0.00919	0.00837	0.00261	0.01003	0.03544	0.00503	0.01145
4	0.01602	0.01529	0.02538	0.35072	0.03955	0.01841	0.10393	0.02045	0.01597	0.02199	0.01920	0.02514	0.05443	0.01026	0.01249	0.00284	0.16892	0.00819	0.06183	0.00900
5	0.18206	0.21549	0.15500	0.02200	0.11812	0.11147	0.04228	0.02572	0.01731	0.02555	0.01288	0.01546	0.01048	0.00745	0.00652	0.00225	0.00995	0.00542	0.00399	0.01062
6	0.01771	0.05093	0.02950	0.32344	0.04066	0.05300	0.13055	0.02207	0.01603	0.02122	0.01349	0.01985	0.01100	0.00954	0.01338	0.00287	0.20427	0.00738	0.00370	0.00941
7	0.06972	0.06924	0.02398	0.01787	0.02381	0.11012	0.01475	0.43221	0.03195	0.06985	0.01913	0.02150	0.01454	0.00981	0.00779	0.00241	0.00937	0.03232	0.00719	0.01246

[dist]
# distance from previous block
# <min> <max>
0	3

[block]
# block no. 3 follows, 23 sequences, length 7
# corresponding to MSA columns:
# 62-68
name=unknown_D
#
# <colnr> <probs for GDERKNQSTAVLIFYWHMCP>
#	G	D	E	R	K	N	Q	S	T	A	V	L	I	F	Y	W	H	M	C	P
0	0.01757	0.01761	0.01836	0.02067	0.13964	0.12579	0.01328	0.02379	0.13040	0.02408	0.04042	0.04173	0.22915	0.04326	0.03550	0.00320	0.04931	0.01073	0.00598	0.00954
1	0.01836	0.01537	0.01792	0.04082	0.02008	0.03686	0.01191	0.14199	0.02062	0.02888	0.07226	0.05160	0.05080	0.05237	0.07551	0.00355	0.09571	0.00844	0.00576	0.23117
2	0.02741	0.01989	0.02353	0.02167	0.11196	0.02131	0.01556	0.43538	0.03255	0.08883	0.09696	0.02509	0.02167	0.01024	0.00828	0.00245	0.00827	0.00824	0.00778	0.01293
3	0.01874	0.01484	0.02446	0.53408	0.11391	0.01731	0.02131	0.02377	0.01743	0.11141	0.01695	0.02230	0.01231	0.00829	0.00811	0.00265	0.01015	0.00734	0.00454	0.01008
4	0.13679	0.20211	0.18299	0.06049	0.11765	0.02064	0.01785	0.02271	0.01584	0.02413	0.01483	0.02114	0.01315	0.10557	0.01138	0.00307	0.00925	0.00638	0.00399	0.01005
5	0.08302	0.58108	0.03771	0.01447	0.02093	0.10934	0.01369	0.02524	0.01706	0.02057	0.01143	0.01322	0.01029	0.00716	0.00545	0.00184	0.00920	0.00445	0.00368	0.01016
6	0.02033	0.08380	0.03917	0.01507	0.01942	0.01780	0.01255	0.16244	0.05090	0.07417	0.02808	0.10687	0.08734	0.04870	0.01227	0.00281	0.10324	0.00989	0.00636	0.09876

[dist]
# distance from previous block
# <min> <max>
14	32

[block]
# block no. 4 follows, 23 sequences, length 8
# corresponding to MSA columns:
# 101-108
name=unknown_E
#
# <colnr> <probs for GDERKNQSTAVLIFYWHMCP>
#	G	D	E	R	K	N	Q	S	T	A	V	L	I	F	Y	W	H	M	C	P
0	0.01653	0.01336	0.01910	0.09909	0.02347	0.01526	0.04996	0.13934	0.01899	0.02613	0.02174	0.09630	0.02019	0.03449	0.31614	0.00746	0.05851	0.00967	0.00527	0.00902
1	0.01644	0.01573	0.02559	0.47503	0.13074	0.01955	0.02190	0.02105	0.01577	0.02127	0.01379	0.02066	0.01106	0.00920	0.01177	0.00283	0.14726	0.00719	0.00365	0.00950
2	0.01835	0.01812	0.02632	0.11661	0.08893	0.07047	0.11494	0.05356	0.01719	0.02343	0.01540	0.02148	0.01312	0.01862	0.13343	0.00456	0.16867	0.00750	0.00421	0.06509
3	0.02692	0.01905	0.02241	0.05836	0.02471	0.02104	0.01479	0.35906	0.02846	0.12457	0.01951	0.02172	0.01457	0.04071	0.01195	0.00276	0.10376	0.00739	0.00708	0.07116
4	0.08121	0.66388	0.04009	0.01363	0.02042	0.03100	0.01348	0.02426	0.01627	0.02046	0.01128	0.01303	0.01028	0.00699	0.00519	0.00180	0.00849	0.00434	0.00359	0.01028
5	0.01532	0.01442	0.02434	0.69533	0.05589	0.01803	0.02253	0.02073	0.01622	0.02073	0.01442	0.02163	0.01082	0.00811	0.00811	0.00270	0.01082	0.00721	0.00361	0.00901
6	0.01572	0.01581	0.03017	0.11434	0.03231	0.01664	0.27976	0.02031	0.01638	0.02250	0.02064	0.12202	0.01940	0.02078	0.14023	0.00487	0.08369	0.01077	0.00452	0.00914
7	0.02872	0.01934	0.02143	0.01687	0.02244	0.02081	0.01364	0.46712	0.03264	0.12953	0.02344	0.07361	0.01867	0.06033	0.01061	0.00289	0.00827	0.00889	0.00811	0.01265

[dist]
# distance from previous block
# <min> <max>
19	32

[block]
# block no. 5 follows, 23 sequences, length 10
# corresponding to MSA columns:
# 142-151
name=unknown_F
#
# <colnr> <probs for GDERKNQSTAVLIFYWHMCP>
#	G	D	E	R	K	N	Q	S	T	A	V	L	I	F	Y	W	H	M	C	P
0	0.02464	0.01884	0.02184	0.07928	0.02543	0.02068	0.01456	0.34477	0.06776	0.05847	0.01915	0.02213	0.01484	0.05213	0.01147	0.00274	0.06935	0.00735	0.00671	0.11786
1	0.01743	0.01612	0.02448	0.44369	0.04334	0.02060	0.02054	0.07704	0.01717	0.02319	0.01383	0.02034	0.01104	0.00997	0.01332	0.00292	0.20436	0.00719	0.00400	0.00941
2	0.07625	0.02129	0.02255	0.01756	0.02383	0.02340	0.01441	0.50626	0.09149	0.04713	0.01990	0.01991	0.01438	0.00949	0.00781	0.00239	0.00835	0.00714	0.00773	0.05872
3	0.34103	0.05445	0.01948	0.01505	0.01971	0.02170	0.01253	0.21947	0.02197	0.03740	0.04454	0.01816	0.01398	0.00969	0.00963	0.00261	0.11604	0.00624	0.00589	0.01044
4	0.01551	0.01405	0.02197	0.44603	0.04150	0.01782	0.01903	0.01975	0.01545	0.02139	0.01653	0.06166	0.01423	0.01055	0.01196	0.00284	0.15669	0.00814	0.07620	0.00870
5	0.01886	0.36570	0.37174	0.01871	0.02829	0.02518	0.02229	0.02503	0.01682	0.02254	0.01299	0.01517	0.01034	0.00734	0.00651	0.00217	0.01041	0.00520	0.00345	0.01124
6	0.02961	0.02200	0.02369	0.01808	0.02464	0.02390	0.01491	0.58277	0.03627	0.04896	0.01904	0.01925	0.01364	0.00941	0.00793	0.00233	0.00867	0.00709	0.00783	0.08000
7	0.01558	0.01410	0.02369	0.57931	0.09912	0.01707	0.02124	0.02009	0.01586	0.02055	0.01446	0.02180	0.01129	0.00996	0.01036	0.07553	0.01036	0.00720	0.00363	0.00879
8	0.41907	0.07236	0.01585	0.09431	0.02029	0.01672	0.01061	0.02202	0.01613	0.05887	0.10293	0.02584	0.05321	0.03328	0.00761	0.00267	0.00667	0.00717	0.00559	0.00879
9	0.30343	0.12797	0.05130	0.01459	0.01976	0.10831	0.01255	0.08982	0.01885	0.06741	0.01687	0.08184	0.01487	0.00987	0.00720	0.00244	0.03065	0.00698	0.00541	0.00989

[dist]
# distance from previous block
# <min> <max>
7	19

[block]
# block no. 6 follows, 23 sequences, length 14
# corresponding to MSA columns:
# 172-185
name=unknown_G
#
# <colnr> <probs for GDERKNQSTAVLIFYWHMCP>
#	G	D	E	R	K	N	Q	S	T	A	V	L	I	F	Y	W	H	M	C	P
0	0.01953	0.01996	0.02614	0.46547	0.04685	0.13402	0.07369	0.07399	0.01946	0.02354	0.01469	0.02026	0.01113	0.00818	0.00810	0.00258	0.01157	0.00708	0.00412	0.00964
1	0.07068	0.33068	0.06206	0.01609	0.02203	0.14039	0.01454	0.12927	0.02082	0.02608	0.01415	0.01657	0.01191	0.01334	0.07651	0.00318	0.01113	0.00554	0.00457	0.01046
2	0.04867	0.01473	0.06822	0.01334	0.01761	0.01279	0.01126	0.08749	0.10504	0.07535	0.16193	0.14496	0.12639	0.01478	0.00868	0.00262	0.00603	0.01255	0.00752	0.06004
3	0.02190	0.56308	0.12041	0.01578	0.02308	0.09792	0.01611	0.02532	0.01724	0.02001	0.01183	0.01371	0.01040	0.00719	0.00574	0.00188	0.00972	0.00464	0.00354	0.01051
4	0.01867	0.01783	0.03037	0.24207	0.48303	0.01891	0.02420	0.02366	0.01781	0.02479	0.01501	0.02054	0.01225	0.00749	0.00806	0.00250	0.00999	0.00722	0.00389	0.01171
5	0.01714	0.08736	0.02181	0.06182	0.02129	0.01924	0.01430	0.09503	0.01656	0.02322	0.01655	0.02345	0.01492	0.03135	0.28610	0.00700	0.22192	0.00749	0.00444	0.00900
6	0.02584	0.01839	0.02089	0.01658	0.02205	0.01978	0.01354	0.40856	0.02987	0.08328	0.02034	0.02243	0.01544	0.02033	0.15185	0.00459	0.01126	0.00743	0.00714	0.08042
7	0.01617	0.01581	0.02688	0.50269	0.04812	0.01954	0.08521	0.02106	0.01583	0.02106	0.01394	0.02095	0.01094	0.00910	0.01167	0.00286	0.13790	0.00744	0.00365	0.00919
8	0.06653	0.67765	0.04069	0.01369	0.02052	0.03128	0.01358	0.02427	0.01633	0.02013	0.01128	0.01303	0.01032	0.00698	0.00520	0.00178	0.00853	0.00434	0.00356	0.01032
9	0.01848	0.01764	0.03003	0.26760	0.45897	0.01886	0.02410	0.02350	0.01772	0.02456	0.01498	0.02061	0.01217	0.00753	0.00806	0.00251	0.01004	0.00722	0.00388	0.01156
10	0.01313	0.01010	0.01446	0.01390	0.01555	0.01196	0.01094	0.05194	0.01450	0.02081	0.02090	0.03025	0.01929	0.05487	0.60116	0.01181	0.06366	0.00851	0.00452	0.00774
11	0.07545	0.47336	0.10787	0.01552	0.02282	0.02844	0.01560	0.13070	0.02013	0.02661	0.01307	0.01461	0.01087	0.00755	0.00598	0.00200	0.00892	0.00504	0.00438	0.01106
12	0.11621	0.20118	0.02561	0.11613	0.02597	0.19335	0.01447	0.08846	0.02076	0.02649	0.08390	0.02061	0.01787	0.00890	0.00694	0.00223	0.00973	0.00644	0.00495	0.00979
13	0.02306	0.01726	0.01807	0.01496	0.01945	0.05615	0.01174	0.29243	0.02644	0.07503	0.02842	0.08180	0.07389	0.11483	0.01316	0.00326	0.00797	0.03925	0.00713	0.07571

[dist]
# distance from previous block
# <min> <max>
0	2

[block]
# block no. 7 follows, 23 sequences, length 9
# corresponding to MSA columns:
# 188-196
name=unknown_H
#
# <colnr> <probs for GDERKNQSTAVLIFYWHMCP>
#	G	D	E	R	K	N	Q	S	T	A	V	L	I	F	Y	W	H	M	C	P
0	0.05131	0.12655	0.02666	0.49693	0.04582	0.02090	0.01992	0.07650	0.01812	0.02388	0.01424	0.01971	0.01093	0.00805	0.00752	0.00252	0.01011	0.00664	0.00405	0.00965
1	0.14226	0.01825	0.01833	0.01496	0.01992	0.04675	0.01209	0.34104	0.02903	0.04136	0.14491	0.03133	0.08270	0.01160	0.00800	0.00248	0.00735	0.00903	0.00757	0.01104
2	0.02095	0.02198	0.02872	0.20856	0.37914	0.15373	0.02242	0.02536	0.01882	0.02368	0.01450	0.01937	0.01185	0.00769	0.00791	0.00242	0.01095	0.00682	0.00395	0.01117
3	0.02357	0.29447	0.10382	0.01796	0.02399	0.09297	0.01685	0.17431	0.02187	0.02781	0.01368	0.01597	0.01127	0.00900	0.00979	0.00232	0.11883	0.00577	0.00469	0.01107
4	0.13916	0.08417	0.06744	0.09923	0.30556	0.08382	0.05961	0.02510	0.01774	0.02611	0.01397	0.01793	0.01137	0.00745	0.00732	0.00239	0.01002	0.00641	0.00407	0.01111
5	0.18270	0.18490	0.31269	0.05164	0.02920	0.02174	0.06361	0.02476	0.01636	0.02634	0.01324	0.01590	0.01015	0.00746	0.00671	0.00239	0.01006	0.00558	0.00384	0.01072
6	0.01700	0.01611	0.02701	0.38030	0.31114	0.01789	0.02255	0.02195	0.01732	0.02325	0.01885	0.02437	0.05076	0.00849	0.00817	0.00258	0.00991	0.00782	0.00402	0.01051
7	0.22470	0.06976	0.34858	0.01754	0.02565	0.01808	0.02004	0.02333	0.01553	0.02718	0.01460	0.01812	0.01145	0.01600	0.11336	0.00416	0.01175	0.00588	0.00401	0.01026
8	0.02491	0.13532	0.18395	0.01805	0.02562	0.02202	0.01782	0.20961	0.12616	0.12556	0.02096	0.02079	0.01507	0.00905	0.00759	0.00242	0.00894	0.00694	0.00654	0.01267

[dist]
# distance from previous block
# <min> <max>
35	111

[block]
# block no. 8 follows, 23 sequences, length 6
# corresponding to MSA columns:
# 312-317
name=unknown_I
#
# <colnr> <probs for GDERKNQSTAVLIFYWHMCP>
#	G	D	E	R	K	N	Q	S	T	A	V	L	I	F	Y	W	H	M	C	P
0	0.08131	0.02272	0.09398	0.08045	0.38226	0.06675	0.05836	0.06926	0.01960	0.02812	0.01500	0.01901	0.01200	0.00760	0.00781	0.00245	0.01022	0.00688	0.00432	0.01190
1	0.01729	0.01653	0.02058	0.07588	0.11530	0.09102	0.01551	0.02183	0.06103	0.02196	0.01787	0.02425	0.01566	0.02726	0.23823	0.00621	0.15908	0.00762	0.03769	0.00921
2	0.02008	0.36276	0.23115	0.01828	0.02556	0.07296	0.01949	0.02461	0.01656	0.02123	0.01228	0.01507	0.01041	0.00833	0.00923	0.00228	0.11031	0.00531	0.00352	0.01060
3	0.02238	0.52047	0.15170	0.01559	0.02335	0.02750	0.01652	0.02625	0.01736	0.09308	0.01418	0.01538	0.01147	0.00743	0.00598	0.00197	0.00907	0.00506	0.00420	0.01107
4	0.05182	0.01288	0.01619	0.13977	0.04327	0.01379	0.01222	0.06514	0.12171	0.02670	0.02626	0.10354	0.05774	0.01386	0.01095	0.10194	0.00695	0.00954	0.08163	0.08408
5	0.01827	0.24579	0.42339	0.02274	0.08775	0.02291	0.02463	0.02520	0.01706	0.02376	0.01363	0.01615	0.01055	0.00743	0.00698	0.00230	0.01077	0.00560	0.00349	0.01159

[dist]
# distance from previous block
# <min> <max>
7	21

[block]
# block no. 9 follows, 23 sequences, length 7
# corresponding to MSA columns:
# 339-345
name=unknown_J
#
# <colnr> <probs for GDERKNQSTAVLIFYWHMCP>
#	G	D	E	R	K	N	Q	S	T	A	V	L	I	F	Y	W	H	M	C	P
0	0.01845	0.06377	0.05492	0.01497	0.01931	0.03431	0.07785	0.02246	0.02013	0.13604	0.20502	0.04304	0.07999	0.01552	0.04527	0.00311	0.00782	0.05674	0.07186	0.00944
1	0.01524	0.01043	0.04814	0.01031	0.01234	0.00874	0.00771	0.01722	0.01549	0.09648	0.05339	0.10190	0.06382	0.33969	0.02340	0.00497	0.00662	0.01162	0.14529	0.00720
2	0.10179	0.04418	0.06622	0.07165	0.10544	0.01621	0.01509	0.09912	0.02149	0.24327	0.07161	0.02653	0.02046	0.05010	0.00969	0.00279	0.00797	0.00790	0.00694	0.01155
3	0.17194	0.01823	0.01858	0.01521	0.02048	0.02015	0.01233	0.32890	0.11930	0.04165	0.06511	0.02825	0.08378	0.01100	0.00777	0.00253	0.00724	0.00845	0.00752	0.01160
4	0.07154	0.13005	0.33189	0.02827	0.18538	0.02093	0.07170	0.02520	0.01729	0.02573	0.01418	0.01735	0.01098	0.00740	0.00738	0.00242	0.01067	0.00622	0.00374	0.01167
5	0.15502	0.26290	0.02912	0.02091	0.11412	0.25060	0.01520	0.02708	0.01854	0.02344	0.01229	0.01462	0.01050	0.00757	0.00630	0.00209	0.01044	0.00507	0.00406	0.01014
6	0.01813	0.01774	0.03255	0.21946	0.14194	0.01842	0.24400	0.06760	0.01893	0.02548	0.01787	0.05600	0.01524	0.05762	0.01105	0.00304	0.01104	0.00915	0.00446	0.01029

[dist]
# distance from previous block
# <min> <max>
0	3

[block]
# block no. 10 follows, 23 sequences, length 17
# corresponding to MSA columns:
# 349-365
name=unknown_K
#
# <colnr> <probs for GDERKNQSTAVLIFYWHMCP>
#	G	D	E	R	K	N	Q	S	T	A	V	L	I	F	Y	W	H	M	C	P
0	0.02179	0.01485	0.01829	0.01452	0.01944	0.01444	0.01161	0.08527	0.04345	0.16118	0.02156	0.07374	0.01814	0.04491	0.01186	0.00249	0.10899	0.00797	0.00638	0.29912
1	0.14193	0.01680	0.01909	0.01521	0.02112	0.01729	0.01245	0.18445	0.11520	0.33284	0.02601	0.02386	0.01754	0.00973	0.00770	0.00253	0.00724	0.00754	0.00857	0.01292
2	0.02008	0.01928	0.03294	0.04981	0.66422	0.01928	0.02490	0.02490	0.01848	0.02651	0.01526	0.02008	0.01285	0.00723	0.00803	0.00241	0.00964	0.00723	0.00402	0.01285
3	0.01894	0.01811	0.03087	0.20456	0.51838	0.01898	0.02433	0.02390	0.01794	0.02512	0.01506	0.02045	0.01236	0.00744	0.00805	0.00248	0.00992	0.00723	0.00392	0.01193
4	0.01907	0.01530	0.01928	0.01533	0.02056	0.01447	0.05848	0.19319	0.02309	0.03241	0.05871	0.18146	0.02580	0.01223	0.00809	0.00223	0.00700	0.01067	0.00655	0.27610
5	0.01940	0.01858	0.03170	0.14226	0.57708	0.01910	0.02456	0.02431	0.01815	0.02568	0.01514	0.02030	0.01256	0.00736	0.00804	0.00245	0.00981	0.00723	0.00396	0.01230
6	0.12320	0.00864	0.00957	0.01027	0.01124	0.00879	0.00672	0.01334	0.01386	0.02114	0.03250	0.35704	0.03785	0.28497	0.02134	0.00492	0.00614	0.01602	0.00617	0.00628
7	0.01799	0.01288	0.01436	0.01245	0.01489	0.01372	0.00895	0.21913	0.02127	0.02853	0.04838	0.04152	0.04873	0.37932	0.07801	0.00609	0.00901	0.01037	0.00617	0.00821
8	0.18845	0.09026	0.02089	0.01519	0.02056	0.10429	0.01249	0.27405	0.02588	0.03649	0.02527	0.02551	0.10753	0.01040	0.00727	0.00238	0.00833	0.00756	0.00640	0.01079
9	0.08571	0.01516	0.01694	0.01472	0.01886	0.01605	0.01177	0.24811	0.05935	0.06619	0.02892	0.13577	0.05149	0.01531	0.01037	0.06096	0.00717	0.08646	0.00726	0.04342
10	0.04810	0.35415	0.27344	0.01781	0.02650	0.02579	0.01988	0.10219	0.01936	0.02622	0.01354	0.01537	0.01073	0.00760	0.00650	0.00216	0.00985	0.00533	0.00410	0.01137
11	0.01869	0.07977	0.07662	0.20332	0.35286	0.02016	0.08534	0.02398	0.01773	0.02434	0.01478	0.01984	0.01191	0.00742	0.00794	0.00247	0.01042	0.00713	0.00384	0.01144
12	0.22968	0.21472	0.02264	0.01283	0.01794	0.02078	0.01087	0.12178	0.01848	0.02927	0.01544	0.02115	0.01388	0.11429	0.03937	0.00340	0.00825	0.00616	0.00503	0.07404
13	0.02340	0.12234	0.02316	0.07362	0.02405	0.04760	0.01369	0.21156	0.14051	0.08205	0.02862	0.02832	0.09598	0.01059	0.00778	0.00239	0.00795	0.00831	0.00685	0.04125
14	0.02282	0.20168	0.11926	0.04607	0.07938	0.14554	0.01711	0.02802	0.06332	0.09844	0.02112	0.02229	0.05620	0.00923	0.00799	0.00232	0.03647	0.00685	0.00503	0.01087
15	0.19686	0.07927	0.02321	0.01751	0.02204	0.13440	0.11659	0.05304	0.01745	0.02576	0.01602	0.02196	0.01396	0.06648	0.15694	0.00506	0.01282	0.00699	0.00458	0.00905
16	0.26650	0.04864	0.07642	0.13004	0.05260	0.06773	0.04577	0.07030	0.06066	0.03069	0.06427	0.02096	0.01640	0.00872	0.00708	0.00251	0.00875	0.00675	0.00518	0.01003

[dist]
# distance from previous block
# <min> <max>
12	40

[block]
# block no. 11 follows, 23 sequences, length 25
# corresponding to MSA columns:
# 410-434
name=unknown_L
#
# <colnr> <probs for GDERKNQSTAVLIFYWHMCP>
#	G	D	E	R	K	N	Q	S	T	A	V	L	I	F	Y	W	H	M	C	P
0	0.08065	0.01666	0.04669	0.02013	0.12610	0.01587	0.01415	0.17435	0.02432	0.16360	0.11480	0.06168	0.08260	0.01172	0.00829	0.00254	0.00725	0.00976	0.00743	0.01141
1	0.15200	0.18716	0.05214	0.01429	0.02074	0.01985	0.01275	0.07892	0.07622	0.19525	0.01976	0.01951	0.01438	0.00836	0.00665	0.00219	0.00747	0.00613	0.00639	0.09984
2	0.14452	0.02879	0.02128	0.01955	0.04965	0.35354	0.01456	0.13230	0.10778	0.02978	0.01635	0.01753	0.01276	0.00877	0.00725	0.00232	0.01108	0.00605	0.00550	0.01064
3	0.02081	0.62436	0.03784	0.01304	0.01930	0.02882	0.01278	0.02358	0.01656	0.02059	0.01331	0.01532	0.01180	0.00728	0.00527	0.00176	0.00802	0.00477	0.10475	0.01003
4	0.01026	0.00778	0.00946	0.01003	0.01162	0.00698	0.00715	0.01257	0.01861	0.02452	0.23479	0.32641	0.24769	0.02136	0.00989	0.00291	0.00427	0.01880	0.00794	0.00698
5	0.02552	0.41933	0.03405	0.01680	0.02270	0.26704	0.01465	0.07448	0.02051	0.02184	0.01237	0.01410	0.01069	0.00767	0.00620	0.00192	0.01085	0.00489	0.00409	0.01031
6	0.03610	0.01429	0.01913	0.01467	0.02096	0.01265	0.01212	0.07208	0.02404	0.63616	0.03133	0.02718	0.01974	0.01003	0.00816	0.00251	0.00701	0.00811	0.00994	0.01381
7	0.03641	0.01381	0.01883	0.01444	0.02071	0.01193	0.01193	0.03954	0.02322	0.66984	0.03201	0.02762	0.02009	0.01004	0.00816	0.00251	0.00690	0.00816	0.01004	0.01381
8	0.02008	0.01928	0.03294	0.04981	0.66422	0.01928	0.02490	0.02490	0.01848	0.02651	0.01526	0.02008	0.01285	0.00723	0.00803	0.00241	0.00964	0.00723	0.00402	0.01285
9	0.01248	0.00937	0.01110	0.01027	0.01268	0.00880	0.00774	0.06212	0.02246	0.03041	0.42867	0.06180	0.22622	0.04702	0.01082	0.00282	0.00447	0.01464	0.00832	0.00780
10	0.03641	0.01381	0.01883	0.01444	0.02071	0.01193	0.01193	0.03954	0.02322	0.66984	0.03201	0.02762	0.02009	0.01004	0.00816	0.00251	0.00690	0.00816	0.01004	0.01381
11	0.03641	0.01381	0.01883	0.01444	0.02071	0.01193	0.01193	0.03954	0.02322	0.66984	0.03201	0.02762	0.02009	0.01004	0.00816	0.00251	0.00690	0.00816	0.01004	0.01381
12	0.01247	0.00909	0.01226	0.01388	0.01580	0.00888	0.01190	0.01587	0.01851	0.02381	0.04830	0.11747	0.12925	0.02230	0.01095	0.00358	0.00690	0.50394	0.00748	0.00735
13	0.01825	0.01796	0.03222	0.27668	0.35097	0.01903	0.11934	0.02359	0.01778	0.02438	0.01514	0.02092	0.01205	0.00748	0.00830	0.00257	0.01069	0.00759	0.00388	0.01119
14	0.03641	0.01381	0.01883	0.01444	0.02071	0.01193	0.01193	0.03954	0.02322	0.66984	0.03201	0.02762	0.02009	0.01004	0.00816	0.00251	0.00690	0.00816	0.01004	0.01381
15	0.03641	0.01381	0.01883	0.01444	0.02071	0.01193	0.01193	0.03954	0.02322	0.66984	0.03201	0.02762	0.02009	0.01004	0.00816	0.00251	0.00690	0.00816	0.01004	0.01381
16	0.01666	0.03928	0.58912	0.02461	0.03610	0.01907	0.11096	0.02574	0.01740	0.02574	0.01481	0.01777	0.01055	0.00759	0.00796	0.00259	0.01222	0.00648	0.00352	0.01185
17	0.01013	0.00724	0.00970	0.01158	0.01216	0.00680	0.00796	0.01172	0.01578	0.02099	0.04459	0.66190	0.05313	0.02519	0.01042	0.00333	0.00492	0.06828	0.00753	0.00666
18	0.01148	0.00829	0.01085	0.01021	0.01212	0.00766	0.00766	0.01531	0.02297	0.03254	0.65994	0.06061	0.07656	0.01659	0.00957	0.00255	0.00383	0.01467	0.00893	0.00766
19	0.03031	0.03867	0.02299	0.02090	0.02508	0.68226	0.01568	0.03240	0.02299	0.01986	0.01254	0.01463	0.01045	0.00836	0.00732	0.00209	0.01463	0.00523	0.00418	0.00941
20	0.01747	0.01709	0.03044	0.38549	0.26265	0.01879	0.10532	0.02287	0.01739	0.02342	0.01498	0.02114	0.01172	0.00764	0.00828	0.00261	0.01080	0.00753	0.00381	0.01059
21	0.03031	0.03867	0.02299	0.02090	0.02508	0.68226	0.01568	0.03240	0.02299	0.01986	0.01254	0.01463	0.01045	0.00836	0.00732	0.00209	0.01463	0.00523	0.00418	0.00941
22	0.00989	0.00706	0.00942	0.01130	0.01177	0.00659	0.00753	0.01130	0.01554	0.02071	0.04472	0.70954	0.05367	0.02542	0.01036	0.00330	0.00471	0.02307	0.00753	0.00659
23	0.01510	0.01014	0.01195	0.01091	0.01389	0.00962	0.00831	0.02073	0.10512	0.10587	0.30224	0.05751	0.23622	0.04337	0.01046	0.00284	0.00479	0.01377	0.00840	0.00875
24	0.67289	0.01663	0.01359	0.01174	0.01696	0.01913	0.00968	0.10597	0.01707	0.03838	0.01239	0.01402	0.00946	0.00783	0.00544	0.00250	0.00663	0.00478	0.00544	0.00946

[dist]
# distance from previous block
# <min> <max>
1	5

[block]
# block no. 12 follows, 23 sequences, length 19
# corresponding to MSA columns:
# 440-458
name=unknown_M
#
# <colnr> <probs for GDERKNQSTAVLIFYWHMCP>
#	G	D	E	R	K	N	Q	S	T	A	V	L	I	F	Y	W	H	M	C	P
0	0.63307	0.01701	0.01426	0.01217	0.01747	0.01951	0.01003	0.13892	0.01838	0.03917	0.01283	0.01436	0.00973	0.00795	0.00560	0.00250	0.00677	0.00494	0.00560	0.00973
1	0.01398	0.01116	0.01099	0.01078	0.01260	0.07547	0.00788	0.01634	0.01586	0.02182	0.03444	0.04253	0.14565	0.15179	0.20186	0.00625	0.01067	0.01026	0.19263	0.00705
2	0.01192	0.00851	0.01175	0.01362	0.01498	0.00834	0.01107	0.01481	0.01754	0.02299	0.04360	0.31560	0.04923	0.02351	0.01090	0.00358	0.00647	0.39694	0.00749	0.00715
3	0.02307	0.01886	0.01997	0.01710	0.02220	0.02153	0.01354	0.20370	0.48428	0.03859	0.02936	0.02736	0.02180	0.01067	0.00822	0.00267	0.00710	0.00867	0.00822	0.01310
4	0.02447	0.01596	0.01821	0.01583	0.02076	0.01723	0.01259	0.04068	0.43555	0.21652	0.03326	0.03278	0.02459	0.01134	0.00839	0.00274	0.00662	0.04093	0.00873	0.01283
5	0.02051	0.57197	0.17992	0.01590	0.02394	0.02922	0.01739	0.02460	0.01663	0.02053	0.01200	0.01391	0.01038	0.00711	0.00575	0.00192	0.00940	0.00470	0.00346	0.01076
6	0.01915	0.02189	0.04788	0.03420	0.04241	0.02052	0.63475	0.02599	0.01915	0.02599	0.01642	0.02189	0.01231	0.00684	0.00958	0.00274	0.01368	0.00958	0.00410	0.01094
7	0.02008	0.01928	0.03294	0.04981	0.66422	0.01928	0.02490	0.02490	0.01848	0.02651	0.01526	0.02008	0.01285	0.00723	0.00803	0.00241	0.00964	0.00723	0.00402	0.01285
8	0.02008	0.01928	0.03294	0.04981	0.66422	0.01928	0.02490	0.02490	0.01848	0.02651	0.01526	0.02008	0.01285	0.00723	0.00803	0.00241	0.00964	0.00723	0.00402	0.01285
9	0.02008	0.01928	0.03294	0.04981	0.66422	0.01928	0.02490	0.02490	0.01848	0.02651	0.01526	0.02008	0.01285	0.00723	0.00803	0.00241	0.00964	0.00723	0.00402	0.01285
10	0.00989	0.00706	0.00942	0.01130	0.01177	0.00659	0.00753	0.01130	0.01554	0.02071	0.04472	0.70954	0.05367	0.02542	0.01036	0.00330	0.00471	0.02307	0.00753	0.00659
11	0.00989	0.00706	0.00942	0.01130	0.01177	0.00659	0.00753	0.01130	0.01554	0.02071	0.04472	0.70954	0.05367	0.02542	0.01036	0.00330	0.00471	0.02307	0.00753	0.00659
12	0.01409	0.00705	0.01057	0.01057	0.01057	0.00705	0.00705	0.01057	0.01057	0.01409	0.01409	0.02467	0.01409	0.02819	0.03171	0.76392	0.00705	0.00705	0.00352	0.00352
13	0.77215	0.01569	0.01193	0.01067	0.01569	0.01820	0.00879	0.02385	0.01381	0.03641	0.01130	0.01318	0.00879	0.00753	0.00502	0.00251	0.00628	0.00439	0.00502	0.00879
14	0.02785	0.02945	0.02589	0.02768	0.18812	0.33710	0.01796	0.19253	0.02590	0.02994	0.01510	0.01732	0.01196	0.00844	0.00771	0.00226	0.01183	0.00629	0.00519	0.01146
15	0.02008	0.01928	0.03294	0.04981	0.66422	0.01928	0.02490	0.02490	0.01848	0.02651	0.01526	0.02008	0.01285	0.00723	0.00803	0.00241	0.00964	0.00723	0.00402	0.01285
16	0.02081	0.01951	0.03235	0.04769	0.62088	0.01968	0.02426	0.06642	0.01981	0.02818	0.01555	0.02004	0.01292	0.00740	0.00804	0.00241	0.00959	0.00723	0.00429	0.01292
17	0.02834	0.02307	0.02238	0.01821	0.02391	0.11046	0.01463	0.37703	0.19073	0.07260	0.02261	0.02197	0.01645	0.00989	0.00805	0.00247	0.00895	0.00755	0.00772	0.01297
18	0.02133	0.01718	0.01838	0.01637	0.02107	0.01960	0.01278	0.04287	0.60540	0.07877	0.03295	0.03009	0.02444	0.01094	0.00825	0.00274	0.00646	0.00910	0.00838	0.01291

[dist]
# distance from previous block
# <min> <max>
14	17

[block]
# block no. 13 follows, 23 sequences, length 13
# corresponding to MSA columns:
# 479-491
name=unknown_N
#
# <colnr> <probs for GDERKNQSTAVLIFYWHMCP>
#	G	D	E	R	K	N	Q	S	T	A	V	L	I	F	Y	W	H	M	C	P
0	0.02115	0.65140	0.10605	0.01482	0.02227	0.03077	0.01551	0.02444	0.01655	0.01976	0.01161	0.01343	0.01040	0.00702	0.00546	0.00182	0.00901	0.00451	0.00347	0.01057
1	0.01592	0.01494	0.02431	0.49719	0.04679	0.01660	0.06239	0.02103	0.01656	0.02237	0.01456	0.02058	0.01119	0.00756	0.00775	0.00237	0.00995	0.00684	0.00391	0.17719
2	0.01716	0.15285	0.56968	0.02162	0.03278	0.02101	0.02735	0.02547	0.01703	0.02462	0.01402	0.01646	0.01030	0.00758	0.00730	0.00243	0.01145	0.00572	0.00343	0.01173
3	0.01532	0.01442	0.02434	0.69533	0.05589	0.01803	0.02253	0.02073	0.01622	0.02073	0.01442	0.02163	0.01082	0.00811	0.00811	0.00270	0.01082	0.00721	0.00361	0.00901
4	0.01915	0.02189	0.04788	0.03420	0.04241	0.02052	0.63475	0.02599	0.01915	0.02599	0.01642	0.02189	0.01231	0.00684	0.00958	0.00274	0.01368	0.00958	0.00410	0.01094
5	0.01627	0.04197	0.67279	0.02313	0.03512	0.01884	0.02998	0.02570	0.01713	0.02570	0.01456	0.01713	0.01028	0.00771	0.00771	0.00257	0.01199	0.00600	0.00343	0.01199
6	0.02008	0.01928	0.03294	0.04981	0.66422	0.01928	0.02490	0.02490	0.01848	0.02651	0.01526	0.02008	0.01285	0.00723	0.00803	0.00241	0.00964	0.00723	0.00402	0.01285
7	0.01180	0.00787	0.00885	0.00885	0.00885	0.00787	0.00492	0.01180	0.01180	0.01573	0.02557	0.05310	0.02950	0.71483	0.04130	0.00787	0.00787	0.01180	0.00492	0.00492
8	0.02976	0.03592	0.02372	0.02239	0.06286	0.57685	0.01620	0.09291	0.02426	0.02340	0.01340	0.01544	0.01093	0.00843	0.00744	0.00214	0.01376	0.00555	0.00457	0.01005
9	0.02008	0.01928	0.03294	0.04981	0.66422	0.01928	0.02490	0.02490	0.01848	0.02651	0.01526	0.02008	0.01285	0.00723	0.00803	0.00241	0.00964	0.00723	0.00402	0.01285
10	0.00989	0.00706	0.00942	0.01130	0.01177	0.00659	0.00753	0.01130	0.01554	0.02071	0.04472	0.70954	0.05367	0.02542	0.01036	0.00330	0.00471	0.02307	0.00753	0.00659
11	0.01308	0.00934	0.01308	0.01494	0.01681	0.00934	0.01308	0.01681	0.01868	0.02428	0.04296	0.09153	0.04670	0.02242	0.01121	0.00374	0.00747	0.60960	0.00747	0.00747
12	0.20759	0.02019	0.02058	0.01625	0.02212	0.02247	0.01337	0.45348	0.03142	0.04651	0.05512	0.02038	0.01628	0.00961	0.00746	0.00246	0.00799	0.00704	0.00742	0.01224

[dist]
# distance from previous block
# <min> <max>
7	30

[block]
# block no. 14 follows, 23 sequences, length 11
# corresponding to MSA columns:
# 528-538
name=unknown_O
#
# <colnr> <probs for GDERKNQSTAVLIFYWHMCP>
#	G	D	E	R	K	N	Q	S	T	A	V	L	I	F	Y	W	H	M	C	P
0	0.01656	0.09978	0.01820	0.01568	0.07940	0.09073	0.01104	0.07401	0.02077	0.02520	0.09513	0.07615	0.31662	0.01511	0.00854	0.00249	0.00686	0.01240	0.00647	0.00885
1	0.01617	0.01302	0.01283	0.01199	0.01461	0.10423	0.00899	0.01915	0.02150	0.09049	0.35187	0.12816	0.14274	0.01636	0.00920	0.00259	0.00582	0.01400	0.00800	0.00827
2	0.39743	0.18660	0.02259	0.01389	0.01883	0.02331	0.01207	0.09408	0.01706	0.03151	0.01215	0.01452	0.01003	0.00860	0.00852	0.00246	0.10666	0.00510	0.00479	0.00977
3	0.01750	0.11731	0.09158	0.01212	0.01635	0.07920	0.01109	0.04040	0.01865	0.02712	0.05931	0.03032	0.07796	0.01017	0.00664	0.00210	0.00669	0.00792	0.35875	0.00880
4	0.01798	0.02709	0.34642	0.01979	0.02778	0.01498	0.08106	0.02446	0.01865	0.11819	0.09600	0.12306	0.02573	0.01151	0.00855	0.00268	0.00945	0.01010	0.00566	0.01088
5	0.16868	0.09182	0.19145	0.26228	0.03652	0.02024	0.02028	0.07338	0.01780	0.02747	0.01394	0.01776	0.01048	0.00791	0.00711	0.00251	0.00985	0.00606	0.00420	0.01027
6	0.05837	0.01742	0.10619	0.30015	0.03697	0.01546	0.04616	0.02522	0.01796	0.17896	0.02211	0.10142	0.01789	0.01044	0.00824	0.00270	0.00922	0.00907	0.00568	0.01035
7	0.08058	0.02446	0.25441	0.08173	0.02999	0.01677	0.10765	0.06312	0.01819	0.04738	0.01820	0.04018	0.01429	0.01329	0.06858	0.00348	0.01106	0.00753	0.08871	0.01040
8	0.05734	0.05183	0.14731	0.03666	0.37121	0.01998	0.06963	0.07563	0.01976	0.05144	0.01581	0.01929	0.01239	0.00759	0.00784	0.00245	0.01001	0.00697	0.00449	0.01237
9	0.12731	0.03985	0.12445	0.05766	0.11491	0.04275	0.23834	0.04919	0.01876	0.02807	0.05025	0.02150	0.01517	0.00927	0.02554	0.00283	0.01111	0.00779	0.00452	0.01072
10	0.19568	0.01532	0.02087	0.17987	0.19266	0.01651	0.01634	0.05107	0.01725	0.02787	0.01849	0.11741	0.01725	0.01014	0.00751	0.00253	0.00808	0.00863	0.00493	0.07159

[dist]
# distance from previous block
# <min> <max>
5	12

[block]
# block no. 15 follows, 23 sequences, length 14
# corresponding to MSA columns:
# 551-558,560-565
name=unknown_P
#
# <colnr> <probs for GDERKNQSTAVLIFYWHMCP>
#	G	D	E	R	K	N	Q	S	T	A	V	L	I	F	Y	W	H	M	C	P
0	0.18592	0.01609	0.02141	0.29153	0.03534	0.01782	0.04419	0.10537	0.01947	0.09102	0.01618	0.01959	0.01184	0.00812	0.00730	0.00246	0.00885	0.00656	0.00527	0.08567
1	0.13045	0.01493	0.01639	0.07456	0.02091	0.01642	0.01169	0.24937	0.02406	0.03602	0.02457	0.17212	0.02275	0.01267	0.00774	0.00257	0.00690	0.01038	0.13553	0.00999
2	0.06744	0.01498	0.02350	0.61051	0.05142	0.01845	0.02120	0.05600	0.01731	0.02352	0.01450	0.02094	0.01085	0.00817	0.00790	0.00268	0.01040	0.00703	0.00396	0.00927
3	0.01643	0.03375	0.46928	0.17329	0.09976	0.01871	0.02786	0.02453	0.01706	0.02468	0.01460	0.01840	0.01064	0.00775	0.00783	0.00258	0.01151	0.00638	0.00352	0.01142
4	0.03023	0.01429	0.01999	0.16415	0.02847	0.01405	0.01434	0.03575	0.08151	0.46657	0.02825	0.02656	0.01850	0.00971	0.00816	0.00258	0.00772	0.00805	0.00846	0.01266
5	0.01796	0.18779	0.45146	0.02286	0.08073	0.02186	0.02519	0.02620	0.04863	0.02472	0.01482	0.01711	0.01123	0.00767	0.00721	0.00238	0.01080	0.00589	0.00372	0.01176
6	0.57953	0.01537	0.01508	0.18493	0.02592	0.01816	0.01229	0.02306	0.01442	0.03242	0.01209	0.01533	0.00930	0.00768	0.00581	0.00256	0.00743	0.00511	0.00466	0.00885
7	0.02068	0.01462	0.01846	0.16393	0.02699	0.01599	0.01382	0.08079	0.21965	0.13650	0.13195	0.03461	0.06379	0.01154	0.00848	0.00264	0.00713	0.00975	0.00759	0.01107
8	0.02561	0.01606	0.01881	0.01477	0.02093	0.01538	0.01190	0.11172	0.18163	0.23299	0.02529	0.02395	0.01800	0.00902	0.00752	0.00216	0.00677	0.00728	0.00775	0.24244
9	0.02141	0.20671	0.02244	0.01337	0.01786	0.11479	0.01117	0.02435	0.02083	0.14244	0.21836	0.03654	0.09434	0.01194	0.00780	0.00227	0.00733	0.00952	0.00682	0.00971
10	0.69171	0.01556	0.01325	0.08344	0.01996	0.01818	0.01025	0.02352	0.01407	0.03474	0.01163	0.01408	0.00900	0.00759	0.00535	0.00253	0.00676	0.00469	0.00487	0.00881
11	0.01354	0.00974	0.01136	0.01084	0.01241	0.00940	0.00720	0.06934	0.01589	0.02168	0.02942	0.24156	0.03324	0.36241	0.02494	0.00523	0.00680	0.01393	0.00597	0.09508
12	0.43069	0.01512	0.01753	0.31957	0.03383	0.01812	0.01499	0.02244	0.01490	0.02933	0.01271	0.01699	0.00970	0.00779	0.00642	0.00260	0.00833	0.00566	0.00438	0.00889
13	0.01508	0.03304	0.49133	0.02202	0.06518	0.01618	0.02477	0.02249	0.01686	0.02465	0.02122	0.16934	0.01995	0.01157	0.00831	0.00272	0.01026	0.00981	0.00436	0.01085

[dist]
# distance from previous block
# <min> <max>
0	129

# created by:
# /st0/software/busco_prod/Augustus/scripts/msa2prfl.pl ./align_prep/136373.fa
