[name]
unknown

[dist]
# distance from previous block
# <min> <max>
9	269

[block]
# block no. 0 follows, 29 sequences, length 128
# corresponding to MSA columns:
# 288-415
name=unknown_A
#
# <colnr> <probs for GDERKNQSTAVLIFYWHMCP>
#	G	D	E	R	K	N	Q	S	T	A	V	L	I	F	Y	W	H	M	C	P
0	0.01612	0.01573	0.07934	0.06748	0.02151	0.03985	0.07651	0.09494	0.03642	0.04778	0.06558	0.02869	0.04763	0.09397	0.01105	0.00263	0.03458	0.04467	0.00498	0.17055
1	0.02090	0.01266	0.01434	0.04290	0.01698	0.04887	0.00964	0.11072	0.05969	0.23761	0.09662	0.05262	0.07073	0.05566	0.00889	0.00242	0.00602	0.00852	0.08254	0.04166
2	0.01934	0.01534	0.01727	0.10216	0.02191	0.04018	0.01165	0.25523	0.07066	0.04944	0.01954	0.05266	0.03694	0.05847	0.00875	0.00228	0.00703	0.00709	0.00564	0.19842
3	0.02083	0.01821	0.06311	0.03993	0.01998	0.12555	0.01216	0.12214	0.15883	0.13971	0.04913	0.06300	0.06861	0.00990	0.00715	0.00217	0.00730	0.00796	0.00625	0.05809
4	0.14854	0.34376	0.05079	0.01443	0.03885	0.14492	0.01253	0.08648	0.01735	0.06668	0.01215	0.01336	0.00980	0.00683	0.00543	0.00183	0.00824	0.00454	0.00415	0.00934
5	0.02131	0.01747	0.06084	0.01463	0.01978	0.01701	0.01241	0.37616	0.02459	0.05574	0.01788	0.07500	0.01498	0.04050	0.00900	0.00225	0.04577	0.00718	0.00599	0.16151
6	0.04702	0.00974	0.01118	0.01069	0.01270	0.01004	0.00777	0.08360	0.07724	0.02347	0.04969	0.31251	0.03065	0.11118	0.01183	0.00300	0.02833	0.01251	0.07811	0.06874
7	0.01057	0.00788	0.01088	0.01155	0.01274	0.00765	0.03468	0.05549	0.01542	0.02052	0.03659	0.58490	0.04256	0.02041	0.00902	0.00287	0.00499	0.09830	0.00652	0.00645
8	0.01621	0.01921	0.07434	0.02745	0.03426	0.01720	0.56528	0.02187	0.01629	0.02243	0.01506	0.04779	0.01210	0.00689	0.00874	0.00238	0.03699	0.00845	0.00370	0.04334
9	0.01237	0.00618	0.00928	0.00928	0.00928	0.00618	0.00618	0.00928	0.00928	0.01237	0.01237	0.02165	0.01237	0.02474	0.02783	0.79283	0.00618	0.00618	0.00309	0.00309
10	0.05581	0.01972	0.02096	0.01612	0.02177	0.02186	0.01332	0.65703	0.03269	0.04440	0.01683	0.01689	0.01195	0.00848	0.00702	0.00214	0.00775	0.00632	0.00702	0.01195
11	0.01634	0.01899	0.06309	0.02954	0.08138	0.01723	0.57556	0.02205	0.01653	0.02259	0.01560	0.05744	0.01270	0.00692	0.00829	0.00240	0.01129	0.00878	0.00373	0.00955
12	0.01237	0.00618	0.00928	0.00928	0.00928	0.00618	0.00618	0.00928	0.00928	0.01237	0.01237	0.02165	0.01237	0.02474	0.02783	0.79283	0.00618	0.00618	0.00309	0.00309
13	0.01681	0.01921	0.04202	0.03001	0.03721	0.01801	0.67947	0.02281	0.01681	0.02281	0.01441	0.01921	0.01080	0.00600	0.00840	0.00240	0.01200	0.00840	0.00360	0.00960
14	0.00868	0.00620	0.00826	0.00991	0.01033	0.00578	0.00661	0.00991	0.01363	0.01818	0.03925	0.74510	0.04710	0.02231	0.00909	0.00289	0.00413	0.02024	0.00661	0.00578
15	0.00867	0.00623	0.00823	0.00983	0.01031	0.00579	0.00657	0.00992	0.01372	0.01821	0.04029	0.72361	0.06791	0.02217	0.00907	0.00288	0.00411	0.02008	0.00661	0.00579
16	0.01904	0.75404	0.03731	0.01218	0.01828	0.02818	0.01218	0.02132	0.01447	0.01675	0.00990	0.01142	0.00914	0.00609	0.00457	0.00152	0.00761	0.00381	0.00305	0.00914
17	0.02707	0.01995	0.02137	0.01638	0.02208	0.02208	0.01353	0.68159	0.03348	0.04488	0.01710	0.01710	0.01211	0.00855	0.00712	0.00214	0.00784	0.00641	0.00712	0.01211
18	0.00875	0.00707	0.00778	0.00792	0.00990	0.00610	0.00582	0.01074	0.01653	0.02072	0.17809	0.16703	0.49252	0.01806	0.00851	0.00245	0.00364	0.01543	0.00683	0.00610
19	0.00868	0.00620	0.00826	0.00991	0.01033	0.00578	0.00661	0.00991	0.01363	0.01818	0.03925	0.74510	0.04710	0.02231	0.00909	0.00289	0.00413	0.02024	0.00661	0.00578
20	0.01477	0.01266	0.01477	0.01055	0.01687	0.00949	0.00844	0.01793	0.01477	0.02320	0.01266	0.01477	0.01055	0.00527	0.00527	0.00105	0.00527	0.00422	0.00422	0.79328
21	0.01771	0.01530	0.01610	0.01449	0.01852	0.01771	0.01127	0.03784	0.69247	0.02979	0.02898	0.02657	0.02174	0.00966	0.00725	0.00242	0.00564	0.00805	0.00725	0.01127
22	0.80005	0.01377	0.01047	0.00936	0.01377	0.01597	0.00771	0.02093	0.01212	0.03195	0.00991	0.01157	0.00771	0.00661	0.00441	0.00220	0.00551	0.00386	0.00441	0.00771
23	0.80005	0.01377	0.01047	0.00936	0.01377	0.01597	0.00771	0.02093	0.01212	0.03195	0.00991	0.01157	0.00771	0.00661	0.00441	0.00220	0.00551	0.00386	0.00441	0.00771
24	0.01036	0.00690	0.00777	0.00777	0.00777	0.00690	0.00431	0.01036	0.01036	0.01381	0.02244	0.04660	0.02589	0.74975	0.03624	0.00690	0.00690	0.01036	0.00431	0.00431
25	0.03195	0.01212	0.01652	0.01267	0.01818	0.01047	0.01047	0.03470	0.02038	0.71026	0.02809	0.02424	0.01763	0.00881	0.00716	0.00220	0.00606	0.00716	0.00881	0.01212
26	0.01558	0.01558	0.02181	0.01869	0.01869	0.02181	0.01558	0.01714	0.01091	0.01714	0.00935	0.01558	0.00935	0.01246	0.02337	0.00312	0.73672	0.00623	0.00312	0.00779
27	0.02707	0.01995	0.02137	0.01638	0.02208	0.02208	0.01353	0.68159	0.03348	0.04488	0.01710	0.01710	0.01211	0.00855	0.00712	0.00214	0.00784	0.00641	0.00712	0.01211
28	0.01040	0.00687	0.00775	0.00780	0.00786	0.00686	0.00441	0.01054	0.01060	0.01435	0.02299	0.06798	0.02631	0.70308	0.03439	0.00661	0.00670	0.01055	0.02951	0.00444
29	0.80005	0.01377	0.01047	0.00936	0.01377	0.01597	0.00771	0.02093	0.01212	0.03195	0.00991	0.01157	0.00771	0.00661	0.00441	0.00220	0.00551	0.00386	0.00441	0.00771
30	0.00876	0.00626	0.00834	0.00986	0.01035	0.00584	0.00662	0.01013	0.01403	0.01881	0.07993	0.70260	0.04833	0.02183	0.00905	0.00285	0.00408	0.01979	0.00669	0.00584
31	0.01428	0.03683	0.71286	0.02030	0.03082	0.01654	0.02631	0.02255	0.01503	0.02255	0.01278	0.01503	0.00902	0.00677	0.00677	0.00226	0.01052	0.00526	0.00301	0.01052
32	0.03195	0.01212	0.01652	0.01267	0.01818	0.01047	0.01047	0.03470	0.02038	0.71026	0.02809	0.02424	0.01763	0.00881	0.00716	0.00220	0.00606	0.00716	0.00881	0.01212
33	0.06358	0.01219	0.01628	0.01253	0.01800	0.01069	0.01035	0.03414	0.02004	0.68233	0.02734	0.02371	0.01722	0.00872	0.00705	0.00220	0.00604	0.00702	0.00863	0.01194
34	0.00930	0.00730	0.00841	0.00853	0.01049	0.00649	0.00652	0.01161	0.01698	0.02171	0.22931	0.09436	0.40486	0.04093	0.00951	0.00263	0.00404	0.09399	0.00685	0.00620
35	0.01681	0.01921	0.04202	0.03001	0.03721	0.01801	0.67947	0.02281	0.01681	0.02281	0.01441	0.01921	0.01080	0.00600	0.00840	0.00240	0.01200	0.00840	0.00360	0.00960
36	0.02681	0.01426	0.01711	0.01378	0.01886	0.01443	0.01117	0.13165	0.23053	0.40074	0.02674	0.02390	0.01808	0.00904	0.00718	0.00226	0.00619	0.00733	0.00808	0.01185
37	0.01416	0.01327	0.02142	0.61763	0.04427	0.01679	0.01903	0.03957	0.01443	0.01892	0.01237	0.01849	0.00956	0.00785	0.00921	0.00246	0.10293	0.00632	0.00329	0.00803
38	0.00892	0.00668	0.00833	0.00942	0.01051	0.00609	0.00669	0.01060	0.01494	0.01941	0.09389	0.47875	0.21041	0.02051	0.00893	0.00275	0.00413	0.06640	0.00669	0.00596
39	0.00972	0.00726	0.00903	0.00859	0.01042	0.00657	0.00644	0.01275	0.01932	0.02657	0.56772	0.05645	0.20228	0.01530	0.00840	0.00227	0.00341	0.01333	0.00758	0.00657
40	0.02461	0.01808	0.01947	0.01531	0.02038	0.01992	0.01250	0.56988	0.05963	0.04165	0.04628	0.05020	0.01648	0.00941	0.00717	0.00216	0.00721	0.00734	0.04098	0.01135
41	0.38265	0.11383	0.04728	0.01228	0.01703	0.05582	0.01072	0.15278	0.01738	0.03038	0.01241	0.01405	0.00969	0.00733	0.00600	0.00208	0.03682	0.00475	0.05787	0.00886
42	0.01724	0.01425	0.01636	0.01214	0.01800	0.01269	0.00981	0.14449	0.04167	0.02729	0.01392	0.01565	0.01118	0.00635	0.00646	0.00139	0.03676	0.00485	0.00483	0.58467
43	0.01673	0.11248	0.47869	0.02010	0.05219	0.11039	0.04303	0.02370	0.03921	0.02153	0.01287	0.01498	0.00963	0.00683	0.00656	0.00213	0.01031	0.00525	0.00328	0.01010
44	0.01872	0.70594	0.08261	0.01273	0.01912	0.02740	0.01313	0.02140	0.01451	0.01714	0.01009	0.01166	0.00913	0.00614	0.00472	0.00157	0.00781	0.00391	0.00304	0.00923
45	0.00875	0.00623	0.00824	0.00982	0.01022	0.00583	0.00651	0.00993	0.01349	0.01799	0.03853	0.71551	0.04620	0.05312	0.01024	0.00306	0.00425	0.01982	0.00651	0.00572
46	0.01572	0.02081	0.17583	0.17968	0.21142	0.01711	0.20153	0.02129	0.01548	0.02165	0.01321	0.01771	0.01021	0.00677	0.00807	0.00232	0.04139	0.00667	0.00334	0.00980
47	0.01736	0.01550	0.01597	0.01496	0.03859	0.04658	0.01124	0.03481	0.59100	0.02825	0.03111	0.02899	0.07393	0.01012	0.00730	0.00238	0.00587	0.00840	0.00693	0.01073
48	0.01164	0.00930	0.01270	0.01157	0.01211	0.01073	0.03601	0.01267	0.01094	0.01535	0.01886	0.03582	0.02046	0.44342	0.15745	0.00678	0.15568	0.00895	0.00395	0.00561
49	0.01048	0.00740	0.00911	0.00871	0.01067	0.00663	0.00652	0.01325	0.01867	0.05464	0.45824	0.10248	0.23525	0.01577	0.00840	0.00233	0.00359	0.01371	0.00747	0.00670
50	0.00942	0.00788	0.00831	0.00833	0.01068	0.00711	0.00630	0.01286	0.07326	0.02055	0.09216	0.10781	0.54750	0.01752	0.00842	0.00247	0.00393	0.04229	0.00672	0.00649
51	0.01569	0.01591	0.02365	0.01972	0.02038	0.02146	0.07595	0.01765	0.01144	0.01765	0.00981	0.01591	0.00948	0.01188	0.02201	0.00305	0.67081	0.00643	0.00316	0.00795
52	0.00968	0.00764	0.00914	0.00915	0.01082	0.00726	0.00675	0.01262	0.04391	0.02252	0.27579	0.21536	0.28123	0.01729	0.00907	0.00249	0.03098	0.01489	0.00693	0.00648
53	0.00868	0.00620	0.00826	0.00991	0.01033	0.00578	0.00661	0.00991	0.01363	0.01818	0.03925	0.74510	0.04710	0.02231	0.00909	0.00289	0.00413	0.02024	0.00661	0.00578
54	0.01535	0.17736	0.54404	0.01921	0.02868	0.01891	0.05816	0.02232	0.01502	0.02142	0.01230	0.01454	0.00914	0.00659	0.00642	0.00212	0.01003	0.00514	0.00305	0.01020
55	0.02660	0.03394	0.02018	0.01834	0.02201	0.72116	0.01376	0.02843	0.02018	0.01743	0.01101	0.01284	0.00917	0.00734	0.00642	0.00183	0.01284	0.00459	0.00367	0.00825
56	0.01831	0.01516	0.01612	0.01441	0.01850	0.01740	0.01124	0.03770	0.66400	0.05861	0.02894	0.02647	0.02156	0.00962	0.00724	0.00241	0.00565	0.00801	0.00731	0.01131
57	0.61747	0.01338	0.01191	0.01015	0.01482	0.01466	0.00837	0.02420	0.01408	0.19318	0.01424	0.01458	0.01007	0.00713	0.00506	0.00220	0.00564	0.00464	0.00545	0.00876
58	0.02707	0.01995	0.02137	0.01638	0.02208	0.02208	0.01353	0.68159	0.03348	0.04488	0.01710	0.01710	0.01211	0.00855	0.00712	0.00214	0.00784	0.00641	0.00712	0.01211
59	0.00868	0.00620	0.00826	0.00991	0.01033	0.00578	0.00661	0.00991	0.01363	0.01818	0.03925	0.74510	0.04710	0.02231	0.00909	0.00289	0.00413	0.02024	0.00661	0.00578
60	0.00888	0.00631	0.00833	0.00987	0.01029	0.00593	0.00661	0.01009	0.01350	0.01798	0.03807	0.67758	0.04548	0.07100	0.01093	0.00317	0.00439	0.03941	0.00645	0.00571
61	0.00868	0.00620	0.00826	0.00991	0.01033	0.00578	0.00661	0.00991	0.01363	0.01818	0.03925	0.74510	0.04710	0.02231	0.00909	0.00289	0.00413	0.02024	0.00661	0.00578
62	0.01477	0.01266	0.01477	0.01055	0.01687	0.00949	0.00844	0.01793	0.01477	0.02320	0.01266	0.01477	0.01055	0.00527	0.00527	0.00105	0.00527	0.00422	0.00422	0.79328
63	0.01036	0.00690	0.00777	0.00777	0.00777	0.00690	0.00431	0.01036	0.01036	0.01381	0.02244	0.04660	0.02589	0.74975	0.03624	0.00690	0.00690	0.01036	0.00431	0.00431
64	0.00998	0.00727	0.00939	0.00886	0.01058	0.00668	0.00665	0.01326	0.01994	0.02803	0.66620	0.05405	0.10289	0.01475	0.00840	0.00225	0.00337	0.01300	0.00777	0.00668
65	0.01057	0.00799	0.01171	0.01154	0.01272	0.00944	0.00897	0.01301	0.01150	0.01683	0.01881	0.02786	0.01763	0.07176	0.63736	0.01051	0.05618	0.00761	0.03162	0.00638
66	0.02495	0.01835	0.01977	0.01570	0.02097	0.02035	0.01280	0.48342	0.20053	0.07632	0.02070	0.01989	0.01485	0.00885	0.00716	0.00221	0.00718	0.00687	0.00724	0.01190
67	0.02539	0.01186	0.01517	0.01261	0.01698	0.01121	0.01002	0.05325	0.12755	0.45606	0.02982	0.15134	0.02329	0.01132	0.00751	0.00236	0.00571	0.00958	0.00811	0.01087
68	0.01806	0.01685	0.01479	0.01363	0.01672	0.16099	0.01029	0.07609	0.29818	0.02547	0.02513	0.13836	0.02228	0.04300	0.00839	0.00247	0.00688	0.00911	0.08425	0.00907
69	0.01453	0.01124	0.01652	0.01956	0.17840	0.01097	0.04084	0.01907	0.07647	0.08216	0.05449	0.13884	0.15144	0.01399	0.00825	0.00255	0.00617	0.13998	0.00602	0.00851
70	0.02547	0.01972	0.02003	0.01584	0.02093	0.07191	0.01287	0.57183	0.03071	0.04063	0.01824	0.06379	0.01431	0.00934	0.00714	0.00215	0.00784	0.00717	0.02883	0.01127
71	0.01481	0.01281	0.01514	0.01098	0.01697	0.01015	0.00882	0.01789	0.01456	0.02288	0.01248	0.01481	0.01048	0.00565	0.00623	0.00116	0.04406	0.00433	0.00416	0.75163
72	0.02215	0.34247	0.02749	0.01599	0.04130	0.29659	0.01306	0.05420	0.08768	0.01978	0.01272	0.01398	0.01065	0.00706	0.00575	0.00178	0.00948	0.00474	0.00391	0.00921
73	0.01098	0.00778	0.00952	0.00977	0.01145	0.00733	0.00713	0.03488	0.04386	0.05184	0.18840	0.34686	0.18477	0.01811	0.00860	0.00259	0.00420	0.03817	0.00701	0.00676
74	0.01522	0.17718	0.48456	0.01888	0.02777	0.01847	0.07692	0.02184	0.01534	0.02173	0.04886	0.01668	0.01228	0.00698	0.00655	0.00212	0.00969	0.00564	0.00332	0.00997
75	0.02015	0.01847	0.01735	0.01527	0.01946	0.11507	0.01191	0.12045	0.51407	0.03005	0.02496	0.02344	0.01875	0.00920	0.00712	0.00230	0.00691	0.00736	0.00674	0.01097
76	0.01211	0.00640	0.00959	0.03278	0.01065	0.00646	0.00666	0.00962	0.00979	0.01302	0.01453	0.07955	0.01506	0.02397	0.02566	0.70387	0.00613	0.00732	0.00338	0.00346
77	0.01442	0.01403	0.02325	0.06870	0.02303	0.01700	0.16208	0.01741	0.01271	0.01866	0.01354	0.02040	0.01217	0.04112	0.14996	0.00453	0.33487	0.00713	0.03719	0.00778
78	0.01863	0.01832	0.02670	0.09199	0.53016	0.09626	0.02020	0.02248	0.01641	0.04128	0.01331	0.01729	0.01100	0.00684	0.00766	0.00215	0.03896	0.00616	0.00365	0.01056
79	0.00899	0.00659	0.00882	0.01020	0.01065	0.00642	0.00695	0.01034	0.01381	0.01859	0.06679	0.68804	0.04656	0.02161	0.00959	0.00287	0.03134	0.01940	0.00653	0.00590
80	0.01965	0.69579	0.03593	0.01268	0.01858	0.08423	0.01231	0.02190	0.01493	0.01681	0.00999	0.01154	0.00914	0.00619	0.00472	0.00155	0.00804	0.00387	0.00310	0.00907
81	0.06114	0.01457	0.02411	0.31112	0.32994	0.01582	0.04274	0.02050	0.01530	0.04986	0.01444	0.04334	0.01185	0.00731	0.00705	0.00226	0.00858	0.00678	0.00376	0.00953
82	0.01009	0.00820	0.00917	0.00948	0.01175	0.00770	0.00746	0.01409	0.08658	0.02073	0.05761	0.11443	0.43719	0.01783	0.00866	0.00264	0.00452	0.15855	0.00667	0.00667
83	0.00868	0.00620	0.00826	0.00991	0.01033	0.00578	0.00661	0.00991	0.01363	0.01818	0.03925	0.74510	0.04710	0.02231	0.00909	0.00289	0.00413	0.02024	0.00661	0.00578
84	0.02022	0.60353	0.03381	0.01348	0.01893	0.14737	0.01258	0.02240	0.01533	0.01688	0.01007	0.01182	0.00915	0.00653	0.00556	0.00163	0.03459	0.00403	0.00316	0.00894
85	0.03195	0.01212	0.01652	0.01267	0.01818	0.01047	0.01047	0.03470	0.02038	0.71026	0.02809	0.02424	0.01763	0.00881	0.00716	0.00220	0.00606	0.00716	0.00881	0.01212
86	0.01648	0.01389	0.01519	0.01422	0.01777	0.01583	0.01131	0.03328	0.55902	0.02811	0.03070	0.03718	0.02553	0.01164	0.00776	0.00259	0.00582	0.13623	0.00711	0.01034
87	0.00868	0.00620	0.00826	0.00991	0.01033	0.00578	0.00661	0.00991	0.01363	0.01818	0.03925	0.74510	0.04710	0.02231	0.00909	0.00289	0.00413	0.02024	0.00661	0.00578
88	0.01804	0.01546	0.01629	0.01456	0.01864	0.01787	0.01135	0.06068	0.66909	0.03032	0.02856	0.02623	0.02139	0.00962	0.00724	0.00241	0.00571	0.00799	0.00724	0.01130
89	0.02660	0.03394	0.02018	0.01834	0.02201	0.72116	0.01376	0.02843	0.02018	0.01743	0.01101	0.01284	0.00917	0.00734	0.00642	0.00183	0.01284	0.00459	0.00367	0.00825
90	0.01471	0.03394	0.60550	0.02233	0.05573	0.01673	0.10686	0.02256	0.01529	0.02261	0.01300	0.01564	0.00932	0.00666	0.00698	0.00227	0.01063	0.00569	0.00310	0.01044
91	0.01001	0.00730	0.00943	0.00898	0.01070	0.00672	0.00679	0.01326	0.01977	0.02769	0.63739	0.05511	0.10922	0.01496	0.00845	0.00228	0.00348	0.03408	0.00771	0.00667
92	0.39503	0.01628	0.01573	0.01270	0.01777	0.01810	0.01048	0.30722	0.02210	0.10072	0.01471	0.01513	0.01053	0.00765	0.00584	0.00217	0.00656	0.00527	0.00599	0.01002
93	0.01562	0.01382	0.02136	0.61851	0.04475	0.01682	0.01878	0.12390	0.01730	0.02244	0.01336	0.01868	0.00991	0.00735	0.00712	0.00234	0.00923	0.00634	0.00379	0.00858
94	0.01762	0.01692	0.02890	0.04371	0.70533	0.01692	0.02185	0.02185	0.01621	0.02326	0.01339	0.01762	0.01128	0.00634	0.00705	0.00211	0.00846	0.00634	0.00352	0.01128
95	0.03148	0.01222	0.01651	0.01273	0.01819	0.01070	0.01049	0.03480	0.04225	0.68813	0.02812	0.02431	0.01776	0.00884	0.00716	0.00221	0.00605	0.00719	0.00876	0.01209
96	0.02707	0.01995	0.02137	0.01638	0.02208	0.02208	0.01353	0.68159	0.03348	0.04488	0.01710	0.01710	0.01211	0.00855	0.00712	0.00214	0.00784	0.00641	0.00712	0.01211
97	0.01002	0.00822	0.00897	0.00868	0.01108	0.00765	0.00661	0.01444	0.09806	0.02284	0.22034	0.06010	0.44584	0.01623	0.00831	0.00239	0.00388	0.03252	0.00699	0.00683
98	0.02895	0.01692	0.01950	0.01495	0.02057	0.01760	0.01235	0.43172	0.02842	0.30189	0.02134	0.01985	0.01424	0.00865	0.00714	0.00216	0.00715	0.00670	0.00778	0.01211
99	0.01681	0.01921	0.04202	0.03001	0.03721	0.01801	0.67947	0.02281	0.01681	0.02281	0.01441	0.01921	0.01080	0.00600	0.00840	0.00240	0.01200	0.00840	0.00360	0.00960
100	0.80005	0.01377	0.01047	0.00936	0.01377	0.01597	0.00771	0.02093	0.01212	0.03195	0.00991	0.01157	0.00771	0.00661	0.00441	0.00220	0.00551	0.00386	0.00441	0.00771
101	0.02707	0.01995	0.02137	0.01638	0.02208	0.02208	0.01353	0.68159	0.03348	0.04488	0.01710	0.01710	0.01211	0.00855	0.00712	0.00214	0.00784	0.00641	0.00712	0.01211
102	0.03177	0.01240	0.01670	0.01280	0.01832	0.01088	0.01057	0.05765	0.02085	0.68666	0.02770	0.02398	0.01743	0.00880	0.00716	0.00220	0.00612	0.00713	0.00875	0.01212
103	0.00868	0.00620	0.00826	0.00991	0.01033	0.00578	0.00661	0.00991	0.01363	0.01818	0.03925	0.74510	0.04710	0.02231	0.00909	0.00289	0.00413	0.02024	0.00661	0.00578
104	0.01056	0.00746	0.01003	0.01142	0.01247	0.00735	0.00905	0.01277	0.01470	0.01929	0.03568	0.25085	0.04019	0.13670	0.01385	0.00375	0.00597	0.38572	0.00621	0.00600
105	0.01345	0.01266	0.02136	0.73264	0.04904	0.01582	0.01978	0.01819	0.01424	0.01819	0.01266	0.01898	0.00949	0.00712	0.00712	0.00237	0.00949	0.00633	0.00316	0.00791
106	0.01011	0.00761	0.00940	0.00889	0.01080	0.00707	0.00668	0.01392	0.04855	0.02696	0.56131	0.05475	0.17741	0.01496	0.00835	0.00228	0.00350	0.01305	0.00760	0.00679
107	0.03175	0.01244	0.01672	0.01282	0.01834	0.01094	0.01059	0.06134	0.02092	0.68286	0.02764	0.02394	0.01740	0.00880	0.00716	0.00220	0.00613	0.00713	0.00874	0.01212
108	0.03131	0.01315	0.01716	0.01316	0.01869	0.01199	0.01087	0.11961	0.02210	0.62293	0.02665	0.02330	0.01690	0.00878	0.00716	0.00219	0.00629	0.00706	0.00859	0.01212
109	0.02832	0.01604	0.01872	0.01456	0.02001	0.01653	0.01196	0.33371	0.09145	0.33718	0.02310	0.02116	0.01548	0.00877	0.00715	0.00219	0.00684	0.00690	0.00788	0.01203
110	0.01098	0.00751	0.00989	0.00932	0.01114	0.00694	0.00711	0.01431	0.01997	0.05401	0.64084	0.05353	0.06392	0.01461	0.00843	0.00229	0.00363	0.04684	0.00781	0.00691
111	0.01034	0.00695	0.00802	0.00802	0.00811	0.00704	0.00463	0.01052	0.01043	0.01400	0.02220	0.04530	0.02532	0.70128	0.08395	0.00722	0.00775	0.01017	0.00428	0.00446
112	0.02082	0.01761	0.02250	0.01789	0.02305	0.01929	0.12976	0.25974	0.34360	0.03382	0.02227	0.02197	0.01645	0.00863	0.00741	0.00232	0.00752	0.00754	0.00656	0.01127
113	0.01446	0.06402	0.68725	0.01999	0.03034	0.01698	0.02577	0.02250	0.01501	0.02233	0.01267	0.01490	0.00902	0.00674	0.00668	0.00223	0.01041	0.00521	0.00301	0.01047
114	0.01106	0.00872	0.00954	0.00926	0.01138	0.03198	0.00689	0.01461	0.06252	0.04499	0.29537	0.14526	0.28974	0.01608	0.00831	0.00238	0.00412	0.01384	0.00708	0.00686
115	0.01477	0.01266	0.01477	0.01055	0.01687	0.00949	0.00844	0.01793	0.01477	0.02320	0.01266	0.01477	0.01055	0.00527	0.00527	0.00105	0.00527	0.00422	0.00422	0.79328
116	0.05524	0.01875	0.01840	0.01508	0.01954	0.10609	0.01215	0.41749	0.04638	0.03510	0.01697	0.01878	0.01303	0.01568	0.12373	0.00361	0.00996	0.00634	0.03743	0.01026
117	0.00882	0.00629	0.00819	0.00964	0.01008	0.00589	0.00637	0.00996	0.01342	0.01782	0.03878	0.66201	0.06561	0.08679	0.01148	0.00323	0.00436	0.01920	0.00641	0.00566
118	0.01762	0.01692	0.02890	0.04371	0.70533	0.01692	0.02185	0.02185	0.01621	0.02326	0.01339	0.01762	0.01128	0.00634	0.00705	0.00211	0.00846	0.00634	0.00352	0.01128
119	0.01892	0.01369	0.01610	0.01512	0.04216	0.01478	0.01189	0.16016	0.25535	0.09514	0.05744	0.04007	0.02629	0.01221	0.00797	0.00256	0.00638	0.18668	0.00707	0.01003
120	0.01087	0.00797	0.01056	0.01184	0.01357	0.00775	0.01012	0.01377	0.01616	0.02068	0.04359	0.07703	0.16320	0.04322	0.01043	0.00323	0.00602	0.51710	0.00649	0.00638
121	0.01345	0.01266	0.02136	0.73264	0.04904	0.01582	0.01978	0.01819	0.01424	0.01819	0.01266	0.01898	0.00949	0.00712	0.00712	0.00237	0.00949	0.00633	0.00316	0.00791
122	0.01857	0.41927	0.24273	0.01585	0.02322	0.05180	0.04543	0.04373	0.01582	0.04755	0.01198	0.01362	0.00961	0.00653	0.00567	0.00185	0.00886	0.00470	0.00345	0.00976
123	0.02122	0.01392	0.03854	0.01385	0.01804	0.06433	0.04624	0.02679	0.11189	0.28207	0.12531	0.03712	0.05173	0.01135	0.00779	0.00239	0.00657	0.10394	0.00720	0.00972
124	0.05718	0.01735	0.01865	0.01462	0.01964	0.01895	0.01193	0.50373	0.05061	0.09159	0.01873	0.01972	0.01373	0.04036	0.00810	0.00232	0.00714	0.00660	0.06791	0.01114
125	0.00884	0.00641	0.00837	0.00974	0.01043	0.00594	0.00668	0.01034	0.01438	0.01908	0.08791	0.62327	0.09932	0.02135	0.00901	0.00282	0.00411	0.03941	0.00669	0.00589
126	0.43349	0.01522	0.01540	0.04486	0.06412	0.01697	0.01089	0.16672	0.05610	0.09371	0.01451	0.01546	0.01065	0.00740	0.00570	0.00220	0.00644	0.00521	0.00544	0.00951
127	0.12715	0.01700	0.01724	0.01421	0.01863	0.04423	0.01135	0.40574	0.07877	0.03632	0.01994	0.11355	0.01725	0.03639	0.00803	0.00242	0.00702	0.00808	0.00647	0.01020

[dist]
# distance from previous block
# <min> <max>
1	3

[block]
# block no. 1 follows, 29 sequences, length 100
# corresponding to MSA columns:
# 419-518
name=unknown_B
#
# <colnr> <probs for GDERKNQSTAVLIFYWHMCP>
#	G	D	E	R	K	N	Q	S	T	A	V	L	I	F	Y	W	H	M	C	P
0	0.03567	0.00741	0.00914	0.00879	0.01058	0.00686	0.00656	0.01300	0.01891	0.02667	0.54656	0.10029	0.15269	0.01530	0.00832	0.00231	0.00352	0.01338	0.00747	0.00659
1	0.02021	0.01510	0.01817	0.16238	0.02460	0.03887	0.01305	0.27287	0.02176	0.07784	0.01659	0.01947	0.01262	0.01302	0.07715	0.03018	0.03625	0.00635	0.05823	0.06530
2	0.01036	0.00690	0.00777	0.00777	0.00777	0.00690	0.00431	0.01036	0.01036	0.01381	0.02244	0.04660	0.02589	0.74975	0.03624	0.00690	0.00690	0.01036	0.00431	0.00431
3	0.01558	0.01558	0.02181	0.01869	0.01869	0.02181	0.01558	0.01714	0.01091	0.01714	0.00935	0.01558	0.00935	0.01246	0.02337	0.00312	0.73672	0.00623	0.00312	0.00779
4	0.01558	0.01558	0.02181	0.01869	0.01869	0.02181	0.01558	0.01714	0.01091	0.01714	0.00935	0.01558	0.00935	0.01246	0.02337	0.00312	0.73672	0.00623	0.00312	0.00779
5	0.03195	0.01212	0.01652	0.01267	0.01818	0.01047	0.01047	0.03470	0.02038	0.71026	0.02809	0.02424	0.01763	0.00881	0.00716	0.00220	0.00606	0.00716	0.00881	0.01212
6	0.01477	0.01266	0.01477	0.01055	0.01687	0.00949	0.00844	0.01793	0.01477	0.02320	0.01266	0.01477	0.01055	0.00527	0.00527	0.00105	0.00527	0.00422	0.00422	0.79328
7	0.00903	0.00723	0.00809	0.00804	0.01014	0.00629	0.00606	0.01134	0.01732	0.02205	0.25729	0.08723	0.46663	0.01720	0.00849	0.00240	0.00366	0.03827	0.00698	0.00623
8	0.01036	0.00690	0.00777	0.00777	0.00777	0.00690	0.00431	0.01036	0.01036	0.01381	0.02244	0.04660	0.02589	0.74975	0.03624	0.00690	0.00690	0.01036	0.00431	0.00431
9	0.80005	0.01377	0.01047	0.00936	0.01377	0.01597	0.00771	0.02093	0.01212	0.03195	0.00991	0.01157	0.00771	0.00661	0.00441	0.00220	0.00551	0.00386	0.00441	0.00771
10	0.00901	0.00653	0.00858	0.01003	0.01077	0.00610	0.00705	0.01059	0.01437	0.01898	0.06596	0.59724	0.09573	0.02142	0.00909	0.00287	0.00433	0.08878	0.00665	0.00592
11	0.01027	0.00803	0.00939	0.00892	0.01106	0.00754	0.00673	0.01473	0.08362	0.02561	0.42966	0.05567	0.27186	0.01523	0.00829	0.00231	0.00366	0.01312	0.00738	0.00692
12	0.01315	0.00665	0.00669	0.00669	0.00827	0.00665	0.00495	0.01632	0.01474	0.02600	0.02319	0.02741	0.01858	0.04007	0.00632	0.00188	0.00347	0.00680	0.75564	0.00654
13	0.80005	0.01377	0.01047	0.00936	0.01377	0.01597	0.00771	0.02093	0.01212	0.03195	0.00991	0.01157	0.00771	0.00661	0.00441	0.00220	0.00551	0.00386	0.00441	0.00771
14	0.01148	0.00749	0.01037	0.01089	0.01211	0.00704	0.02911	0.01355	0.03524	0.08369	0.03643	0.60484	0.04155	0.04755	0.00985	0.00295	0.00472	0.01787	0.00665	0.00662
15	0.00872	0.00627	0.00827	0.00979	0.01031	0.00583	0.00657	0.01005	0.01396	0.01859	0.06423	0.69693	0.07034	0.02188	0.00904	0.00285	0.00409	0.01980	0.00665	0.00583
16	0.80005	0.01377	0.01047	0.00936	0.01377	0.01597	0.00771	0.02093	0.01212	0.03195	0.00991	0.01157	0.00771	0.00661	0.00441	0.00220	0.00551	0.00386	0.00441	0.00771
17	0.00984	0.00691	0.00904	0.01031	0.01096	0.00671	0.00743	0.01136	0.01364	0.01804	0.03493	0.39918	0.04050	0.18972	0.01557	0.00393	0.00545	0.19477	0.00606	0.00566
18	0.02055	0.52535	0.06172	0.01410	0.01973	0.14994	0.01327	0.06329	0.01656	0.01887	0.01065	0.01232	0.00933	0.00671	0.00578	0.00170	0.03329	0.00425	0.00341	0.00918
19	0.05121	0.01597	0.01827	0.03814	0.02046	0.01623	0.01167	0.34816	0.02525	0.17889	0.04345	0.01936	0.01477	0.00808	0.00673	0.00196	0.00678	0.00630	0.00672	0.16161
20	0.18233	0.07031	0.33759	0.03915	0.02474	0.01679	0.03973	0.05050	0.05835	0.07111	0.01507	0.01788	0.01136	0.00749	0.00637	0.00224	0.00846	0.02645	0.00427	0.00982
21	0.01893	0.01489	0.01605	0.01401	0.01813	0.01671	0.01101	0.11564	0.50292	0.07232	0.07060	0.02844	0.04824	0.01008	0.00734	0.00236	0.00572	0.00835	0.00734	0.01095
22	0.02573	0.01865	0.02006	0.01565	0.02101	0.02059	0.01284	0.56780	0.09679	0.06548	0.01890	0.01867	0.01351	0.00866	0.00704	0.00215	0.00737	0.00661	0.04071	0.01179
23	0.01681	0.01921	0.04202	0.03001	0.03721	0.01801	0.67947	0.02281	0.01681	0.02281	0.01441	0.01921	0.01080	0.00600	0.00840	0.00240	0.01200	0.00840	0.00360	0.00960
24	0.01435	0.01358	0.02299	0.58339	0.19122	0.01606	0.02023	0.01899	0.01467	0.01929	0.01282	0.01869	0.00988	0.00695	0.00710	0.00232	0.00927	0.00633	0.00324	0.00864
25	0.03149	0.01222	0.01651	0.01273	0.01819	0.01070	0.01049	0.03480	0.04200	0.68838	0.02812	0.02431	0.01776	0.00884	0.00716	0.00221	0.00605	0.00719	0.00876	0.01209
26	0.01019	0.00757	0.01114	0.01114	0.01230	0.00873	0.00852	0.01252	0.01135	0.01630	0.01935	0.02953	0.01848	0.11175	0.66412	0.01106	0.01805	0.00786	0.00386	0.00619
27	0.01026	0.00742	0.01002	0.01154	0.01281	0.00718	0.00930	0.01271	0.01541	0.02005	0.04087	0.31299	0.09352	0.02047	0.00946	0.00308	0.00548	0.38460	0.00658	0.00624
28	0.01035	0.00693	0.00790	0.00790	0.00794	0.00698	0.00448	0.01044	0.01039	0.01390	0.02231	0.04593	0.02560	0.72467	0.06093	0.00707	0.00734	0.01026	0.00430	0.00439
29	0.00935	0.00769	0.00830	0.00816	0.01048	0.00686	0.00621	0.01250	0.05319	0.02172	0.19291	0.06369	0.51617	0.01696	0.00840	0.00240	0.00378	0.03788	0.00689	0.00645
30	0.01746	0.01501	0.01591	0.01444	0.01836	0.01733	0.01128	0.03691	0.66520	0.02945	0.02933	0.02873	0.02251	0.01006	0.00735	0.00245	0.00567	0.03424	0.00722	0.01108
31	0.01035	0.00746	0.01014	0.01168	0.01295	0.00725	0.00947	0.01285	0.01545	0.02013	0.04030	0.30305	0.08306	0.02046	0.00950	0.00310	0.00556	0.40438	0.00658	0.00626
32	0.01345	0.01266	0.02136	0.73264	0.04904	0.01582	0.01978	0.01819	0.01424	0.01819	0.01266	0.01898	0.00949	0.00712	0.00712	0.00237	0.00949	0.00633	0.00316	0.00791
33	0.01904	0.75404	0.03731	0.01218	0.01828	0.02818	0.01218	0.02132	0.01447	0.01675	0.00990	0.01142	0.00914	0.00609	0.00457	0.00152	0.00761	0.00381	0.00305	0.00914
34	0.01065	0.00742	0.00942	0.00888	0.01078	0.00673	0.00667	0.01370	0.01939	0.05371	0.56298	0.07656	0.15617	0.01508	0.00837	0.00228	0.00353	0.01320	0.00766	0.00680
35	0.00885	0.00716	0.00786	0.00783	0.00992	0.00617	0.00582	0.01101	0.01705	0.02151	0.22844	0.10901	0.49957	0.01744	0.00846	0.00239	0.00358	0.01483	0.00692	0.00617
36	0.02707	0.01995	0.02137	0.01638	0.02208	0.02208	0.01353	0.68159	0.03348	0.04488	0.01710	0.01710	0.01211	0.00855	0.00712	0.00214	0.00784	0.00641	0.00712	0.01211
37	0.03176	0.01241	0.01671	0.01281	0.01832	0.01090	0.01058	0.05910	0.02087	0.68516	0.02768	0.02397	0.01742	0.00880	0.00716	0.00220	0.00613	0.00713	0.00875	0.01212
38	0.03195	0.01212	0.01652	0.01267	0.01818	0.01047	0.01047	0.03470	0.02038	0.71026	0.02809	0.02424	0.01763	0.00881	0.00716	0.00220	0.00606	0.00716	0.00881	0.01212
39	0.01771	0.01530	0.01610	0.01449	0.01852	0.01771	0.01127	0.03784	0.69247	0.02979	0.02898	0.02657	0.02174	0.00966	0.00725	0.00242	0.00564	0.00805	0.00725	0.01127
40	0.01345	0.01266	0.02136	0.73264	0.04904	0.01582	0.01978	0.01819	0.01424	0.01819	0.01266	0.01898	0.00949	0.00712	0.00712	0.00237	0.00949	0.00633	0.00316	0.00791
41	0.00868	0.00620	0.00826	0.00991	0.01033	0.00578	0.00661	0.00991	0.01363	0.01818	0.03925	0.74510	0.04710	0.02231	0.00909	0.00289	0.00413	0.02024	0.00661	0.00578
42	0.02660	0.03394	0.02018	0.01834	0.02201	0.72116	0.01376	0.02843	0.02018	0.01743	0.01101	0.01284	0.00917	0.00734	0.00642	0.00183	0.01284	0.00459	0.00367	0.00825
43	0.00881	0.00638	0.00833	0.00963	0.01032	0.00590	0.00654	0.01032	0.01452	0.01939	0.11453	0.62437	0.09226	0.02117	0.00897	0.00279	0.00401	0.01909	0.00675	0.00590
44	0.00965	0.00726	0.00893	0.00851	0.01038	0.00654	0.00638	0.01261	0.01915	0.02617	0.54030	0.05712	0.22996	0.01545	0.00840	0.00228	0.00342	0.01343	0.00752	0.00654
45	0.80005	0.01377	0.01047	0.00936	0.01377	0.01597	0.00771	0.02093	0.01212	0.03195	0.00991	0.01157	0.00771	0.00661	0.00441	0.00220	0.00551	0.00386	0.00441	0.00771
46	0.01477	0.01266	0.01477	0.01055	0.01687	0.00949	0.00844	0.01793	0.01477	0.02320	0.01266	0.01477	0.01055	0.00527	0.00527	0.00105	0.00527	0.00422	0.00422	0.79328
47	0.00983	0.00746	0.01109	0.01190	0.01302	0.00710	0.04932	0.01183	0.01447	0.01919	0.03735	0.54591	0.04343	0.02069	0.00922	0.00295	0.00518	0.16744	0.00641	0.00620
48	0.76832	0.01348	0.01031	0.00925	0.01355	0.01560	0.00760	0.02076	0.01223	0.03173	0.01045	0.01217	0.00814	0.00668	0.00443	0.00218	0.00542	0.00397	0.03606	0.00767
49	0.07941	0.01222	0.01615	0.01246	0.01791	0.01081	0.01030	0.03385	0.01987	0.66835	0.02697	0.02345	0.01701	0.00868	0.00699	0.00220	0.00603	0.00696	0.00854	0.01185
50	0.03097	0.01369	0.01750	0.01342	0.01896	0.01280	0.01108	0.16493	0.02302	0.57631	0.02588	0.02280	0.01652	0.00876	0.00715	0.00219	0.00642	0.00701	0.00847	0.01212
51	0.01008	0.00750	0.00993	0.01025	0.03620	0.00693	0.00718	0.01311	0.01895	0.02649	0.55442	0.13937	0.10186	0.01544	0.00844	0.00233	0.00366	0.01369	0.00745	0.00673
52	0.00914	0.00653	0.00879	0.01044	0.01106	0.00618	0.00741	0.01071	0.01409	0.01870	0.03899	0.63522	0.04608	0.02187	0.00921	0.00296	0.00453	0.12556	0.00660	0.00591
53	0.01681	0.01921	0.04202	0.03001	0.03721	0.01801	0.67947	0.02281	0.01681	0.02281	0.01441	0.01921	0.01080	0.00600	0.00840	0.00240	0.01200	0.00840	0.00360	0.00960
54	0.01558	0.01558	0.02181	0.01869	0.01869	0.02181	0.01558	0.01714	0.01091	0.01714	0.00935	0.01558	0.00935	0.01246	0.02337	0.00312	0.73672	0.00623	0.00312	0.00779
55	0.01628	0.04496	0.03484	0.21393	0.03837	0.04138	0.43138	0.02149	0.01591	0.02096	0.01346	0.01850	0.01028	0.00661	0.00847	0.00237	0.04087	0.00747	0.00345	0.00902
56	0.00891	0.00699	0.00807	0.00831	0.01005	0.00614	0.00604	0.01099	0.01664	0.02143	0.22922	0.22560	0.37997	0.01814	0.00857	0.00248	0.00367	0.01571	0.00693	0.00614
57	0.05610	0.01180	0.01571	0.01220	0.01740	0.01038	0.01004	0.03286	0.01988	0.63912	0.04867	0.02482	0.01889	0.00890	0.00702	0.00218	0.00585	0.00721	0.03936	0.01158
58	0.01720	0.01070	0.01293	0.01082	0.01440	0.01002	0.00850	0.08262	0.01807	0.16831	0.10206	0.07965	0.14142	0.03801	0.03514	0.00258	0.03691	0.00943	0.05486	0.14635
59	0.01432	0.01085	0.01150	0.01036	0.01315	0.05046	0.00796	0.07916	0.06161	0.08086	0.29697	0.06994	0.23683	0.01407	0.00802	0.00228	0.00478	0.01190	0.00717	0.00779
60	0.03125	0.01255	0.01671	0.01288	0.01835	0.01120	0.01062	0.06129	0.04449	0.65917	0.02767	0.02403	0.01754	0.00883	0.00716	0.00221	0.00612	0.00716	0.00869	0.01209
61	0.01428	0.03683	0.71286	0.02030	0.03082	0.01654	0.02631	0.02255	0.01503	0.02255	0.01278	0.01503	0.00902	0.00677	0.00677	0.00226	0.01052	0.00526	0.00301	0.01052
62	0.04786	0.08022	0.15579	0.01618	0.06252	0.01574	0.01434	0.09860	0.13078	0.17965	0.10518	0.02372	0.02075	0.00878	0.00693	0.00218	0.00699	0.00712	0.00614	0.01053
63	0.00936	0.00715	0.00870	0.00927	0.01091	0.00649	0.00704	0.01161	0.01644	0.02127	0.18786	0.23186	0.29555	0.01864	0.00883	0.00264	0.00420	0.12914	0.00685	0.00620
64	0.01568	0.01150	0.01322	0.01221	0.01466	0.01212	0.00910	0.24709	0.04973	0.02816	0.05438	0.39007	0.03315	0.06160	0.00997	0.00283	0.00564	0.01398	0.00672	0.00818
65	0.04289	0.02600	0.25812	0.05233	0.26787	0.13755	0.02056	0.02318	0.03776	0.02219	0.01509	0.01775	0.03332	0.00719	0.00681	0.00215	0.00961	0.00594	0.00361	0.01009
66	0.01728	0.01669	0.02888	0.09456	0.62901	0.01688	0.04861	0.02162	0.01609	0.02287	0.01338	0.01779	0.01113	0.00639	0.00711	0.00215	0.00868	0.00643	0.00350	0.01096
67	0.01237	0.00618	0.00928	0.00928	0.00928	0.00618	0.00618	0.00928	0.00928	0.01237	0.01237	0.02165	0.01237	0.02474	0.02783	0.79283	0.00618	0.00618	0.00309	0.00309
68	0.01329	0.01047	0.01549	0.06293	0.13802	0.01074	0.01373	0.04474	0.01709	0.02272	0.05434	0.06189	0.03351	0.01590	0.00901	0.00293	0.00701	0.45258	0.00589	0.00771
69	0.02297	0.37956	0.02840	0.01539	0.02022	0.38855	0.01300	0.02502	0.01744	0.01710	0.01048	0.01216	0.00916	0.00674	0.00553	0.00168	0.01033	0.00421	0.00337	0.00868
70	0.01353	0.01277	0.02138	0.70454	0.04785	0.01606	0.01961	0.01815	0.01411	0.01815	0.01253	0.01885	0.00949	0.00733	0.00776	0.00240	0.03812	0.00632	0.00316	0.00791
71	0.07772	0.04420	0.17840	0.01517	0.04610	0.05761	0.01405	0.04757	0.06441	0.08919	0.01509	0.01628	0.01139	0.00668	0.00605	0.00177	0.00736	0.00515	0.00461	0.29118
72	0.01573	0.00849	0.01124	0.00991	0.01248	0.00767	0.00760	0.01874	0.01964	0.20503	0.47980	0.06785	0.05212	0.04047	0.00913	0.00242	0.00422	0.01154	0.00792	0.00800
73	0.04396	0.08078	0.51717	0.01938	0.02859	0.01810	0.05799	0.10824	0.01739	0.02541	0.01314	0.01516	0.00948	0.00691	0.00667	0.00220	0.00988	0.00543	0.00363	0.01049
74	0.01523	0.17970	0.57829	0.01868	0.02832	0.01886	0.02350	0.02231	0.01492	0.02140	0.01221	0.01431	0.00904	0.00663	0.00633	0.00211	0.00994	0.00497	0.00301	0.01025
75	0.03195	0.01212	0.01652	0.01267	0.01818	0.01047	0.01047	0.03470	0.02038	0.71026	0.02809	0.02424	0.01763	0.00881	0.00716	0.00220	0.00606	0.00716	0.00881	0.01212
76	0.01327	0.00664	0.00664	0.00664	0.00830	0.00664	0.00498	0.01659	0.01493	0.02655	0.02323	0.02655	0.01825	0.00830	0.00498	0.00166	0.00332	0.00664	0.78928	0.00664
77	0.01681	0.01921	0.04202	0.03001	0.03721	0.01801	0.67947	0.02281	0.01681	0.02281	0.01441	0.01921	0.01080	0.00600	0.00840	0.00240	0.01200	0.00840	0.00360	0.00960
78	0.01862	0.01533	0.01630	0.01448	0.01863	0.01757	0.01132	0.06033	0.64181	0.05817	0.02853	0.02614	0.02123	0.00959	0.00724	0.00240	0.00573	0.00796	0.00731	0.01133
79	0.02362	0.01530	0.01715	0.01403	0.01850	0.03801	0.01153	0.33793	0.02593	0.17882	0.10461	0.03104	0.02364	0.01067	0.00753	0.00228	0.00677	0.08872	0.03344	0.01046
80	0.01540	0.01264	0.01483	0.01063	0.01692	0.00953	0.00851	0.01855	0.01497	0.04856	0.01323	0.01512	0.01081	0.00540	0.00534	0.00110	0.00530	0.00433	0.00439	0.76445
81	0.00868	0.00620	0.00826	0.00991	0.01033	0.00578	0.00661	0.00991	0.01363	0.01818	0.03925	0.74510	0.04710	0.02231	0.00909	0.00289	0.00413	0.02024	0.00661	0.00578
82	0.00866	0.00626	0.00820	0.00975	0.01028	0.00580	0.00654	0.00993	0.01379	0.01824	0.04128	0.70330	0.08759	0.02204	0.00905	0.00286	0.00410	0.01992	0.00661	0.00580
83	0.01904	0.75404	0.03731	0.01218	0.01828	0.02818	0.01218	0.02132	0.01447	0.01675	0.00990	0.01142	0.00914	0.00609	0.00457	0.00152	0.00761	0.00381	0.00305	0.00914
84	0.01661	0.01315	0.01435	0.01290	0.01650	0.01454	0.01001	0.03146	0.48718	0.07081	0.14346	0.03409	0.08198	0.01107	0.00752	0.00237	0.00513	0.00934	0.00739	0.01016
85	0.00976	0.00719	0.00913	0.00881	0.01048	0.00656	0.00654	0.01276	0.01916	0.02658	0.57089	0.10732	0.14717	0.01559	0.00845	0.00231	0.00345	0.01371	0.00759	0.00656
86	0.01681	0.01921	0.04202	0.03001	0.03721	0.01801	0.67947	0.02281	0.01681	0.02281	0.01441	0.01921	0.01080	0.00600	0.00840	0.00240	0.01200	0.00840	0.00360	0.00960
87	0.80005	0.01377	0.01047	0.00936	0.01377	0.01597	0.00771	0.02093	0.01212	0.03195	0.00991	0.01157	0.00771	0.00661	0.00441	0.00220	0.00551	0.00386	0.00441	0.00771
88	0.01327	0.00664	0.00664	0.00664	0.00830	0.00664	0.00498	0.01659	0.01493	0.02655	0.02323	0.02655	0.01825	0.00830	0.00498	0.00166	0.00332	0.00664	0.78928	0.00664
89	0.01558	0.01558	0.02181	0.01869	0.01869	0.02181	0.01558	0.01714	0.01091	0.01714	0.00935	0.01558	0.00935	0.01246	0.02337	0.00312	0.73672	0.00623	0.00312	0.00779
90	0.60393	0.01437	0.01254	0.01070	0.01535	0.01617	0.00879	0.09871	0.04047	0.10284	0.01330	0.01405	0.00975	0.00717	0.00510	0.00220	0.00584	0.00464	0.00527	0.00880
91	0.01017	0.00763	0.01144	0.01144	0.01272	0.00890	0.00890	0.01272	0.01144	0.01653	0.01907	0.02797	0.01780	0.05340	0.72153	0.01144	0.01907	0.00763	0.00381	0.00636
92	0.00868	0.00620	0.00826	0.00991	0.01033	0.00578	0.00661	0.00991	0.01363	0.01818	0.03925	0.74510	0.04710	0.02231	0.00909	0.00289	0.00413	0.02024	0.00661	0.00578
93	0.01036	0.00690	0.00777	0.00777	0.00777	0.00690	0.00431	0.01036	0.01036	0.01381	0.02244	0.04660	0.02589	0.74975	0.03624	0.00690	0.00690	0.01036	0.00431	0.00431
94	0.02707	0.01995	0.02137	0.01638	0.02208	0.02208	0.01353	0.68159	0.03348	0.04488	0.01710	0.01710	0.01211	0.00855	0.00712	0.00214	0.00784	0.00641	0.00712	0.01211
95	0.01362	0.01283	0.02166	0.70485	0.07551	0.01586	0.01986	0.01834	0.01432	0.01840	0.01269	0.01893	0.00956	0.00709	0.00712	0.00236	0.00945	0.00633	0.00318	0.00805
96	0.00885	0.00632	0.00846	0.01011	0.01060	0.00593	0.00691	0.01021	0.01380	0.01837	0.03915	0.70403	0.04672	0.02215	0.00913	0.00292	0.00428	0.05961	0.00661	0.00583
97	0.01036	0.00690	0.00777	0.00777	0.00777	0.00690	0.00431	0.01036	0.01036	0.01381	0.02244	0.04660	0.02589	0.74975	0.03624	0.00690	0.00690	0.01036	0.00431	0.00431
98	0.01500	0.00830	0.00848	0.00786	0.01002	0.00857	0.00605	0.09977	0.01725	0.02884	0.02246	0.02537	0.01748	0.00833	0.00525	0.00172	0.00388	0.00661	0.69145	0.00732
99	0.02707	0.01995	0.02137	0.01638	0.02208	0.02208	0.01353	0.68159	0.03348	0.04488	0.01710	0.01710	0.01211	0.00855	0.00712	0.00214	0.00784	0.00641	0.00712	0.01211

[dist]
# distance from previous block
# <min> <max>
0	0

# created by:
# /st0/software/busco_prod/Augustus/scripts/msa2prfl.pl ./align_prep/136717.fa
