[name]
unknown

[dist]
# distance from previous block
# <min> <max>
0	51

[block]
# block no. 0 follows, 29 sequences, length 26
# corresponding to MSA columns:
# 51-76
name=unknown_A
#
# <colnr> <probs for GDERKNQSTAVLIFYWHMCP>
#	G	D	E	R	K	N	Q	S	T	A	V	L	I	F	Y	W	H	M	C	P
0	0.05760	0.08731	0.06990	0.01258	0.01634	0.07069	0.01070	0.10110	0.05119	0.02403	0.10708	0.10370	0.02347	0.01281	0.01005	0.12039	0.00668	0.02911	0.00514	0.08012
1	0.08355	0.47517	0.08543	0.01164	0.01697	0.02162	0.01157	0.01987	0.01425	0.01977	0.01422	0.03186	0.02910	0.00771	0.00569	0.02526	0.00690	0.00503	0.10592	0.00847
2	0.03566	0.19442	0.05298	0.04289	0.01454	0.01289	0.00931	0.01376	0.01154	0.01522	0.01464	0.04397	0.03316	0.03696	0.01842	0.42765	0.00677	0.00632	0.00337	0.00553
3	0.01842	0.59403	0.06102	0.01208	0.01767	0.05592	0.01191	0.02108	0.01481	0.01831	0.01181	0.01361	0.01032	0.00646	0.00480	0.00159	0.00741	0.00427	0.10566	0.00883
4	0.01611	0.23054	0.17485	0.10214	0.07322	0.01959	0.19184	0.02100	0.01515	0.02017	0.01340	0.03670	0.01113	0.00861	0.03405	0.00246	0.00998	0.00638	0.00336	0.00935
5	0.01656	0.07579	0.04685	0.05886	0.02001	0.04748	0.01062	0.01988	0.01530	0.06027	0.01321	0.01521	0.01062	0.00583	0.00556	0.00133	0.00639	0.00455	0.00423	0.56144
6	0.01007	0.00689	0.00801	0.00834	0.00862	0.00676	0.00510	0.01052	0.01147	0.01514	0.02836	0.15212	0.06561	0.56491	0.02936	0.00588	0.00630	0.04691	0.00489	0.00474
7	0.01855	0.01571	0.01657	0.01466	0.01883	0.01810	0.01147	0.09532	0.63363	0.03113	0.02792	0.02572	0.02088	0.00956	0.00723	0.00239	0.00583	0.00790	0.00723	0.01135
8	0.01648	0.16102	0.50181	0.01899	0.02808	0.04498	0.05786	0.02309	0.01545	0.05080	0.01295	0.01493	0.00951	0.00671	0.00647	0.00212	0.00999	0.00523	0.00332	0.01021
9	0.01515	0.07988	0.52033	0.02191	0.03141	0.01762	0.16979	0.02253	0.01539	0.02223	0.01295	0.01572	0.00942	0.00655	0.00698	0.00224	0.01066	0.00586	0.00314	0.01023
10	0.01526	0.18194	0.36814	0.01902	0.02698	0.01813	0.13843	0.02128	0.01582	0.02206	0.09208	0.01943	0.01609	0.00739	0.00678	0.00212	0.00935	0.00640	0.00368	0.00963
11	0.00864	0.00635	0.00811	0.00952	0.01022	0.00582	0.00643	0.00996	0.01402	0.01833	0.04411	0.64496	0.14410	0.02168	0.00899	0.00282	0.00405	0.01947	0.00661	0.00582
12	0.01434	0.07899	0.19047	0.11269	0.05159	0.01587	0.21246	0.01930	0.01505	0.02060	0.01814	0.16037	0.01720	0.00975	0.00807	0.00240	0.03074	0.00922	0.00394	0.00882
13	0.05681	0.01635	0.13145	0.01407	0.01992	0.01214	0.03178	0.07170	0.01926	0.42333	0.02676	0.07111	0.05340	0.00966	0.00721	0.00227	0.00681	0.00797	0.00715	0.01086
14	0.00887	0.00728	0.00788	0.00813	0.01030	0.00629	0.00624	0.01090	0.01632	0.01991	0.09968	0.10553	0.55707	0.01827	0.00862	0.00252	0.00396	0.08944	0.00667	0.00610
15	0.01714	0.46728	0.30741	0.01543	0.02329	0.02352	0.01783	0.02181	0.01469	0.01907	0.01105	0.01287	0.00909	0.00636	0.00545	0.00182	0.00878	0.00439	0.00303	0.00969
16	0.02935	0.01189	0.01580	0.01230	0.01739	0.01048	0.01005	0.05695	0.02039	0.61110	0.04957	0.02761	0.05244	0.03060	0.00809	0.00235	0.00595	0.00778	0.00848	0.01144
17	0.02093	0.01082	0.01309	0.01086	0.01494	0.00991	0.00869	0.07572	0.05460	0.32917	0.09302	0.04150	0.26153	0.01250	0.00770	0.00228	0.00511	0.01034	0.00775	0.00953
18	0.01181	0.02091	0.33965	0.01402	0.01925	0.01120	0.01519	0.01615	0.01385	0.01957	0.05262	0.14319	0.06398	0.21002	0.01523	0.00361	0.00782	0.00990	0.00435	0.00767
19	0.02435	0.01999	0.16546	0.01846	0.02538	0.01526	0.15285	0.14039	0.02078	0.31297	0.02023	0.02009	0.01350	0.00777	0.00733	0.00224	0.00851	0.00690	0.00625	0.01127
20	0.02614	0.01761	0.01866	0.01499	0.02002	0.07276	0.01214	0.32002	0.13222	0.22224	0.02161	0.02071	0.01518	0.01071	0.03910	0.00259	0.00790	0.00679	0.00719	0.01142
21	0.01985	0.01083	0.01422	0.01188	0.01548	0.01040	0.00938	0.05591	0.01662	0.27346	0.04443	0.06185	0.01975	0.07784	0.17743	0.00464	0.03977	0.00786	0.00616	0.12224
22	0.01868	0.01816	0.05609	0.05544	0.04033	0.12896	0.07668	0.04659	0.15253	0.08598	0.04923	0.08864	0.01896	0.00955	0.00801	0.00221	0.04445	0.00799	0.00537	0.08617
23	0.02005	0.01581	0.01842	0.05040	0.10074	0.04239	0.01239	0.27809	0.03915	0.05661	0.02050	0.07888	0.04365	0.05041	0.00861	0.00230	0.00711	0.00770	0.00575	0.14105
24	0.01990	0.01693	0.02340	0.12199	0.14468	0.01807	0.07906	0.25342	0.09118	0.03057	0.01609	0.01833	0.01221	0.00758	0.00749	0.00213	0.02822	0.00650	0.00519	0.09705
25	0.01958	0.01577	0.01880	0.12698	0.08136	0.03539	0.01346	0.25471	0.13072	0.04877	0.02248	0.07793	0.05238	0.00965	0.00722	0.00221	0.00720	0.00801	0.00593	0.06147

[dist]
# distance from previous block
# <min> <max>
2	28

[block]
# block no. 1 follows, 29 sequences, length 18
# corresponding to MSA columns:
# 105-122
name=unknown_B
#
# <colnr> <probs for GDERKNQSTAVLIFYWHMCP>
#	G	D	E	R	K	N	Q	S	T	A	V	L	I	F	Y	W	H	M	C	P
0	0.01997	0.12374	0.14084	0.01711	0.02268	0.09164	0.08491	0.15722	0.04566	0.06898	0.01823	0.02051	0.04940	0.04026	0.00938	0.00238	0.06596	0.00661	0.00478	0.00973
1	0.04910	0.16338	0.14856	0.04760	0.02329	0.08004	0.07300	0.11424	0.05465	0.02440	0.01668	0.04291	0.03474	0.00817	0.00711	0.00209	0.03637	0.00639	0.03288	0.03440
2	0.05260	0.14538	0.02277	0.07817	0.04545	0.03829	0.05683	0.16175	0.01868	0.02557	0.04146	0.02041	0.04945	0.01120	0.05403	0.00264	0.06762	0.00642	0.00462	0.09667
3	0.01721	0.03809	0.01841	0.22927	0.02711	0.08653	0.01361	0.10268	0.01754	0.04210	0.01672	0.05332	0.01462	0.00894	0.00770	0.00210	0.04751	0.05728	0.03463	0.16461
4	0.06062	0.01589	0.01751	0.19568	0.02577	0.09537	0.01291	0.10666	0.07638	0.02448	0.01647	0.07936	0.01423	0.00860	0.00727	0.00204	0.03593	0.00685	0.00470	0.19330
5	0.06142	0.01865	0.04659	0.05460	0.28827	0.11409	0.05450	0.06846	0.01751	0.02389	0.01786	0.02044	0.06729	0.00750	0.00677	0.00200	0.00837	0.00648	0.00417	0.11113
6	0.01756	0.01436	0.01492	0.06640	0.01868	0.07373	0.01044	0.10000	0.21332	0.07914	0.09035	0.03341	0.13975	0.04343	0.00862	0.00242	0.00631	0.00890	0.00639	0.05186
7	0.07008	0.01306	0.02054	0.59122	0.07748	0.01583	0.01832	0.04730	0.01501	0.02060	0.01356	0.04201	0.01080	0.00760	0.00699	0.00235	0.00891	0.00661	0.00356	0.00818
8	0.01345	0.01266	0.02136	0.73264	0.04904	0.01582	0.01978	0.01819	0.01424	0.01819	0.01266	0.01898	0.00949	0.00712	0.00712	0.00237	0.00949	0.00633	0.00316	0.00791
9	0.01471	0.01450	0.02692	0.44206	0.09621	0.01602	0.20294	0.01969	0.01515	0.02034	0.01378	0.01935	0.01048	0.00681	0.00735	0.00232	0.00977	0.00692	0.04610	0.00858
10	0.00868	0.00620	0.00826	0.00991	0.01033	0.00578	0.00661	0.00991	0.01363	0.01818	0.03925	0.74510	0.04710	0.02231	0.00909	0.00289	0.00413	0.02024	0.00661	0.00578
11	0.01477	0.01266	0.01477	0.01055	0.01687	0.00949	0.00844	0.01793	0.01477	0.02320	0.01266	0.01477	0.01055	0.00527	0.00527	0.00105	0.00527	0.00422	0.00422	0.79328
12	0.09819	0.07244	0.14783	0.14406	0.02688	0.10277	0.01627	0.15982	0.01912	0.07574	0.01383	0.01601	0.01029	0.00775	0.00765	0.00220	0.05937	0.00557	0.00454	0.00967
13	0.02707	0.01995	0.02137	0.01638	0.02208	0.02208	0.01353	0.68159	0.03348	0.04488	0.01710	0.01710	0.01211	0.00855	0.00712	0.00214	0.00784	0.00641	0.00712	0.01211
14	0.00890	0.00678	0.00805	0.00866	0.00998	0.00608	0.00606	0.01061	0.01544	0.01997	0.15563	0.34927	0.28854	0.05978	0.01024	0.00283	0.00397	0.01662	0.00668	0.00593
15	0.04011	0.00999	0.01155	0.01143	0.03658	0.01035	0.00789	0.08245	0.11288	0.02438	0.17639	0.14271	0.08551	0.19868	0.01502	0.00353	0.00540	0.01160	0.00626	0.00730
16	0.09007	0.01480	0.04037	0.01301	0.01779	0.01451	0.01092	0.24699	0.05004	0.22664	0.12055	0.02616	0.04325	0.00959	0.00702	0.00218	0.00617	0.00764	0.04189	0.01044
17	0.01448	0.01220	0.01603	0.06281	0.01881	0.03570	0.07086	0.11463	0.01697	0.02306	0.02324	0.25615	0.02421	0.07025	0.06090	0.00323	0.00757	0.01099	0.00526	0.15265

[dist]
# distance from previous block
# <min> <max>
4	39

[block]
# block no. 2 follows, 29 sequences, length 57
# corresponding to MSA columns:
# 165-175,177-198,211-234
name=unknown_C
#
# <colnr> <probs for GDERKNQSTAVLIFYWHMCP>
#	G	D	E	R	K	N	Q	S	T	A	V	L	I	F	Y	W	H	M	C	P
0	0.01267	0.00963	0.01354	0.08057	0.05607	0.00996	0.01198	0.06033	0.01764	0.02347	0.12049	0.11142	0.03836	0.01653	0.00900	0.00289	0.00642	0.38546	0.00629	0.00729
1	0.01674	0.01730	0.02426	0.38290	0.13180	0.12044	0.10203	0.04748	0.01658	0.02050	0.01540	0.01990	0.03884	0.00742	0.00722	0.00225	0.00985	0.00670	0.00365	0.00874
2	0.00990	0.00716	0.00990	0.01024	0.01103	0.00777	0.00732	0.01156	0.01164	0.01622	0.02410	0.18256	0.02587	0.21370	0.40824	0.00857	0.01303	0.01092	0.00452	0.00575
3	0.01527	0.01299	0.01533	0.04021	0.01842	0.01032	0.00913	0.04798	0.01559	0.02398	0.01286	0.01504	0.01057	0.00550	0.00543	0.00116	0.00556	0.00440	0.00431	0.72594
4	0.02164	0.01715	0.17843	0.01468	0.03976	0.01132	0.01386	0.02588	0.01829	0.33492	0.12102	0.02869	0.02345	0.00946	0.00726	0.00219	0.00675	0.04622	0.00666	0.07235
5	0.01012	0.00755	0.00971	0.01083	0.01246	0.00714	0.00883	0.01266	0.01602	0.02052	0.07468	0.19245	0.21701	0.01949	0.00927	0.00294	0.00522	0.35017	0.00663	0.00628
6	0.01928	0.01725	0.02227	0.26323	0.20507	0.09394	0.01733	0.10648	0.09469	0.06691	0.01602	0.01891	0.01213	0.00752	0.00704	0.00221	0.00874	0.00640	0.00462	0.00997
7	0.01035	0.00694	0.00795	0.00795	0.00802	0.00701	0.00455	0.01048	0.01041	0.01395	0.02226	0.04565	0.02548	0.71431	0.07112	0.00713	0.00752	0.01022	0.00429	0.00442
8	0.52660	0.01677	0.03441	0.01638	0.11170	0.05873	0.03900	0.07816	0.01526	0.03036	0.01134	0.01336	0.00883	0.00676	0.00535	0.00217	0.00695	0.00469	0.00440	0.00877
9	0.80005	0.01377	0.01047	0.00936	0.01377	0.01597	0.00771	0.02093	0.01212	0.03195	0.00991	0.01157	0.00771	0.00661	0.00441	0.00220	0.00551	0.00386	0.00441	0.00771
10	0.01474	0.01479	0.02637	0.43371	0.04085	0.01723	0.18408	0.02003	0.04271	0.01969	0.01334	0.01891	0.01031	0.00764	0.00956	0.00248	0.10474	0.00691	0.00344	0.00846
11	0.00867	0.00722	0.00756	0.00748	0.00977	0.00612	0.00561	0.01071	0.01683	0.02065	0.16763	0.06620	0.60607	0.01751	0.00841	0.00238	0.00357	0.01470	0.00680	0.00612
12	0.01126	0.00791	0.00958	0.00981	0.01165	0.00746	0.00734	0.01460	0.06429	0.06244	0.14374	0.25115	0.22431	0.05131	0.00989	0.00282	0.00452	0.09228	0.00686	0.00678
13	0.01017	0.00763	0.01144	0.01144	0.01272	0.00890	0.00890	0.01272	0.01144	0.01653	0.01907	0.02797	0.01780	0.05340	0.72153	0.01144	0.01907	0.00763	0.00381	0.00636
14	0.06250	0.01966	0.02087	0.01606	0.02170	0.02180	0.01327	0.65131	0.03250	0.04428	0.01677	0.01684	0.01191	0.00846	0.00700	0.00214	0.00773	0.00629	0.00700	0.01191
15	0.01407	0.01331	0.02271	0.58325	0.14437	0.01576	0.04154	0.01863	0.01449	0.01895	0.01315	0.01971	0.01034	0.03162	0.00812	0.00249	0.00934	0.00653	0.00327	0.00835
16	0.01827	0.01557	0.01642	0.01460	0.01873	0.01797	0.01141	0.07638	0.65301	0.03069	0.02827	0.02600	0.02116	0.00959	0.00724	0.00240	0.00577	0.00795	0.00724	0.01132
17	0.02022	0.01259	0.03721	0.03167	0.01669	0.02765	0.00993	0.07200	0.09308	0.25332	0.10864	0.03447	0.05984	0.12705	0.01198	0.00298	0.00622	0.03429	0.00688	0.03328
18	0.01845	0.13104	0.07686	0.01775	0.10633	0.05351	0.01368	0.16066	0.12863	0.02747	0.07039	0.02593	0.07209	0.00926	0.00688	0.00210	0.00721	0.02708	0.00544	0.03923
19	0.01588	0.10665	0.56415	0.01954	0.02911	0.01820	0.04890	0.07517	0.01652	0.02377	0.01290	0.01500	0.00935	0.00681	0.00664	0.00218	0.01007	0.00533	0.00336	0.01048
20	0.01008	0.00728	0.00952	0.00896	0.01064	0.00672	0.00672	0.01344	0.02016	0.02855	0.70158	0.05319	0.06719	0.01456	0.00840	0.00224	0.00336	0.01288	0.00784	0.00672
21	0.01546	0.24087	0.48767	0.01757	0.02641	0.01952	0.02148	0.02175	0.01471	0.02062	0.01224	0.01459	0.00945	0.00868	0.03849	0.00246	0.01008	0.00495	0.00305	0.00994
22	0.01651	0.01687	0.05312	0.21156	0.46615	0.03967	0.02084	0.02091	0.01582	0.02171	0.01406	0.02016	0.01184	0.00711	0.00714	0.00222	0.00887	0.03177	0.00354	0.01013
23	0.02808	0.01401	0.01836	0.12004	0.02365	0.01394	0.01255	0.18184	0.02250	0.45403	0.02327	0.02181	0.01515	0.00850	0.00715	0.00221	0.00698	0.00686	0.00759	0.01149
24	0.02964	0.01287	0.01666	0.01299	0.01826	0.01189	0.01065	0.09393	0.06776	0.57445	0.05428	0.02490	0.01940	0.00908	0.00721	0.00221	0.00609	0.00738	0.00851	0.01184
25	0.05223	0.03858	0.01583	0.07423	0.09745	0.01156	0.01199	0.02072	0.06099	0.13932	0.11400	0.07176	0.05657	0.01290	0.00796	0.00254	0.00625	0.19025	0.00629	0.00858
26	0.01603	0.08696	0.43196	0.02408	0.11183	0.01761	0.14668	0.02276	0.01561	0.04156	0.01336	0.01610	0.00988	0.00658	0.00694	0.00221	0.01020	0.00592	0.00335	0.01038
27	0.00878	0.00634	0.00821	0.00960	0.01019	0.00588	0.00643	0.01009	0.01394	0.01848	0.06633	0.64137	0.09455	0.05102	0.01011	0.00299	0.00418	0.01918	0.00656	0.00578
28	0.01017	0.00684	0.00912	0.03814	0.01202	0.00651	0.00711	0.01154	0.01383	0.05309	0.03740	0.60378	0.06381	0.07726	0.01100	0.00313	0.00464	0.01810	0.00641	0.00608
29	0.01854	0.04931	0.02988	0.06404	0.45932	0.10794	0.12325	0.02268	0.01667	0.02198	0.01307	0.01706	0.01078	0.00644	0.00708	0.00211	0.00958	0.00634	0.00352	0.01041
30	0.01432	0.01080	0.01330	0.01489	0.11658	0.03347	0.00932	0.03746	0.05700	0.07649	0.13168	0.04358	0.15414	0.21255	0.01554	0.00355	0.00607	0.03588	0.00583	0.00754
31	0.00915	0.00675	0.00857	0.00916	0.01034	0.00616	0.00647	0.01125	0.01641	0.02214	0.28707	0.39047	0.15216	0.01883	0.00874	0.00258	0.00377	0.01676	0.00706	0.00616
32	0.04405	0.15272	0.43049	0.02017	0.06812	0.09658	0.04888	0.02291	0.01555	0.02140	0.01211	0.01440	0.00922	0.00665	0.00637	0.00208	0.01006	0.00509	0.00319	0.00995
33	0.02130	0.01909	0.20497	0.01473	0.02080	0.01339	0.01450	0.06164	0.13788	0.27808	0.02698	0.07540	0.05928	0.00990	0.00728	0.00231	0.00700	0.00816	0.00658	0.01072
34	0.01750	0.01764	0.04965	0.03861	0.57977	0.04404	0.02052	0.02252	0.05076	0.02323	0.01553	0.02156	0.01343	0.00736	0.00719	0.00219	0.00844	0.04531	0.00388	0.01085
35	0.01714	0.01815	0.05340	0.20847	0.42174	0.07306	0.06269	0.02157	0.01604	0.02150	0.01306	0.01758	0.01056	0.00661	0.00709	0.00218	0.00937	0.00629	0.00343	0.01008
36	0.04131	0.10081	0.02441	0.36060	0.18190	0.06478	0.01797	0.08584	0.01693	0.02214	0.01275	0.01700	0.01002	0.00697	0.00668	0.00216	0.00899	0.00586	0.00369	0.00921
37	0.05586	0.07557	0.38616	0.02256	0.13778	0.06544	0.04640	0.02199	0.01565	0.02263	0.05363	0.01736	0.01290	0.00728	0.00716	0.00218	0.03017	0.00583	0.00353	0.00992
38	0.04669	0.01680	0.14847	0.01415	0.01902	0.01317	0.01352	0.14056	0.06468	0.10855	0.03078	0.06134	0.10771	0.01259	0.00786	0.00253	0.00695	0.16914	0.00622	0.00926
39	0.58620	0.05938	0.07625	0.01052	0.01521	0.01560	0.00956	0.02006	0.01323	0.02935	0.06671	0.04477	0.01426	0.00786	0.00514	0.00220	0.00587	0.00536	0.00456	0.00790
40	0.01636	0.01795	0.03328	0.14281	0.03480	0.05350	0.41844	0.02167	0.03433	0.02118	0.01563	0.02023	0.03315	0.00751	0.00982	0.00245	0.09644	0.00782	0.00367	0.00897
41	0.01834	0.01076	0.01258	0.01082	0.01415	0.03286	0.00849	0.05209	0.07389	0.22766	0.28965	0.04045	0.12263	0.01215	0.00768	0.00222	0.00488	0.01027	0.03957	0.00887
42	0.01880	0.01005	0.01221	0.01047	0.01399	0.00930	0.00818	0.02337	0.10194	0.28183	0.14394	0.04295	0.22121	0.05761	0.00949	0.00258	0.00494	0.01058	0.00757	0.00897
43	0.00906	0.00690	0.00833	0.00869	0.01019	0.00617	0.00624	0.01119	0.01668	0.02200	0.27142	0.28650	0.27428	0.01828	0.00863	0.00251	0.00370	0.01603	0.00702	0.00617
44	0.80005	0.01377	0.01047	0.00936	0.01377	0.01597	0.00771	0.02093	0.01212	0.03195	0.00991	0.01157	0.00771	0.00661	0.00441	0.00220	0.00551	0.00386	0.00441	0.00771
45	0.01007	0.00678	0.00785	0.00814	0.00821	0.00671	0.00471	0.01028	0.01092	0.01456	0.02534	0.16712	0.02955	0.62424	0.03156	0.00621	0.00643	0.01206	0.00471	0.00457
46	0.01904	0.75404	0.03731	0.01218	0.01828	0.02818	0.01218	0.02132	0.01447	0.01675	0.00990	0.01142	0.00914	0.00609	0.00457	0.00152	0.00761	0.00381	0.00305	0.00914
47	0.00848	0.00722	0.00730	0.00728	0.00966	0.00604	0.00546	0.01034	0.01638	0.01958	0.09565	0.06796	0.67871	0.01790	0.00842	0.00240	0.00360	0.01495	0.00666	0.00604
48	0.01428	0.03683	0.71286	0.02030	0.03082	0.01654	0.02631	0.02255	0.01503	0.02255	0.01278	0.01503	0.00902	0.00677	0.00677	0.00226	0.01052	0.00526	0.00301	0.01052
49	0.01224	0.00627	0.00941	0.00941	0.00948	0.00635	0.00635	0.00948	0.00941	0.01262	0.01277	0.02202	0.01269	0.02645	0.06936	0.74604	0.00696	0.00627	0.00314	0.00329
50	0.01504	0.01428	0.02423	0.47034	0.29891	0.01624	0.02057	0.01959	0.01499	0.02012	0.01294	0.01847	0.01017	0.00682	0.00709	0.00227	0.00910	0.00633	0.00330	0.00919
51	0.01555	0.01263	0.01485	0.01064	0.01693	0.00954	0.00853	0.01870	0.01502	0.05470	0.01336	0.01520	0.01087	0.00544	0.00536	0.00111	0.00531	0.00435	0.00443	0.75748
52	0.02302	0.01793	0.01909	0.01556	0.02054	0.02019	0.01255	0.40290	0.31877	0.03834	0.02224	0.02120	0.01628	0.00903	0.00718	0.00226	0.00688	0.00712	0.00718	0.01175
53	0.01030	0.00688	0.00778	0.00784	0.00785	0.00687	0.00439	0.01034	0.01046	0.01395	0.02299	0.06979	0.02659	0.72560	0.03534	0.00677	0.00681	0.01068	0.00439	0.00436
54	0.01501	0.01464	0.02571	0.39449	0.15460	0.01622	0.14540	0.02109	0.06957	0.02128	0.04168	0.02076	0.01331	0.00727	0.00741	0.00233	0.00925	0.00713	0.00382	0.00903
55	0.01557	0.01482	0.02519	0.38272	0.38238	0.01638	0.02083	0.02005	0.01524	0.02077	0.01303	0.01829	0.01040	0.00673	0.00708	0.00224	0.00897	0.00634	0.00335	0.00962
56	0.80005	0.01377	0.01047	0.00936	0.01377	0.01597	0.00771	0.02093	0.01212	0.03195	0.00991	0.01157	0.00771	0.00661	0.00441	0.00220	0.00551	0.00386	0.00441	0.00771

[dist]
# distance from previous block
# <min> <max>
0	6

[block]
# block no. 3 follows, 29 sequences, length 78
# corresponding to MSA columns:
# 241-318
name=unknown_D
#
# <colnr> <probs for GDERKNQSTAVLIFYWHMCP>
#	G	D	E	R	K	N	Q	S	T	A	V	L	I	F	Y	W	H	M	C	P
0	0.00990	0.00727	0.00927	0.00877	0.01053	0.00664	0.00658	0.01309	0.01973	0.02754	0.63285	0.05486	0.13655	0.01494	0.00840	0.00226	0.00339	0.01311	0.00770	0.00664
1	0.01563	0.01144	0.01540	0.01368	0.05019	0.00999	0.04714	0.06056	0.01640	0.09864	0.02391	0.26697	0.02402	0.01182	0.00718	0.00201	0.00567	0.01053	0.00567	0.30318
2	0.01566	0.01334	0.01775	0.01271	0.01910	0.01044	0.08034	0.01911	0.01521	0.05030	0.01345	0.01562	0.01085	0.00549	0.00568	0.00124	0.00602	0.00478	0.00433	0.67854
3	0.66735	0.01358	0.01230	0.13138	0.01972	0.01595	0.00975	0.02047	0.01248	0.02963	0.01038	0.01282	0.00801	0.00670	0.00486	0.00223	0.00618	0.00427	0.00420	0.00775
4	0.01745	0.01674	0.02860	0.07180	0.67857	0.01687	0.02177	0.02170	0.01613	0.02306	0.01336	0.01768	0.01121	0.00638	0.00705	0.00213	0.00850	0.00634	0.00351	0.01114
5	0.02567	0.01133	0.01491	0.01201	0.01651	0.01032	0.00970	0.03022	0.08468	0.49186	0.17958	0.03097	0.02916	0.01019	0.00745	0.00223	0.00541	0.00853	0.00844	0.01082
6	0.03195	0.01212	0.01652	0.01267	0.01818	0.01047	0.01047	0.03470	0.02038	0.71026	0.02809	0.02424	0.01763	0.00881	0.00716	0.00220	0.00606	0.00716	0.00881	0.01212
7	0.01075	0.00798	0.01009	0.00944	0.01133	0.00768	0.00712	0.01557	0.07901	0.02866	0.64270	0.05086	0.06321	0.01413	0.00830	0.00225	0.00356	0.01246	0.00779	0.00712
8	0.01093	0.00782	0.01080	0.01211	0.01361	0.00768	0.01018	0.01397	0.01661	0.02200	0.13603	0.15698	0.04560	0.01923	0.00953	0.00308	0.00579	0.48480	0.00675	0.00649
9	0.01681	0.01921	0.04202	0.03001	0.03721	0.01801	0.67947	0.02281	0.01681	0.02281	0.01441	0.01921	0.01080	0.00600	0.00840	0.00240	0.01200	0.00840	0.00360	0.00960
10	0.00844	0.00711	0.00732	0.00748	0.00969	0.00599	0.00553	0.01019	0.01598	0.01913	0.06895	0.13410	0.63893	0.01845	0.00848	0.00245	0.00366	0.01553	0.00661	0.00599
11	0.01327	0.00664	0.00664	0.00664	0.00830	0.00664	0.00498	0.01659	0.01493	0.02655	0.02323	0.02655	0.01825	0.00830	0.00498	0.00166	0.00332	0.00664	0.78928	0.00664
12	0.39721	0.01125	0.01062	0.00963	0.01305	0.01221	0.00762	0.02075	0.05869	0.09076	0.14374	0.06422	0.02395	0.00955	0.00590	0.00220	0.00483	0.00734	0.09856	0.00792
13	0.07068	0.61161	0.09440	0.01297	0.01910	0.02608	0.01327	0.02124	0.01422	0.01829	0.01013	0.01192	0.00904	0.00644	0.00551	0.00170	0.03713	0.00404	0.00314	0.00911
14	0.02272	0.02103	0.01944	0.01904	0.10196	0.22721	0.01348	0.13660	0.17526	0.08882	0.01954	0.02219	0.01541	0.00870	0.00701	0.00213	0.00857	0.04311	0.00569	0.04210
15	0.10185	0.09436	0.02187	0.01608	0.02112	0.21412	0.03702	0.29532	0.04557	0.06478	0.01483	0.01555	0.01111	0.00774	0.00646	0.00202	0.00896	0.00556	0.00546	0.01020
16	0.01600	0.01586	0.05591	0.01528	0.01730	0.08329	0.01287	0.08248	0.01482	0.02105	0.01456	0.01993	0.01280	0.02171	0.20300	0.00491	0.28450	0.00645	0.08937	0.00790
17	0.01327	0.00664	0.00664	0.00664	0.00830	0.00664	0.00498	0.01659	0.01493	0.02655	0.02323	0.02655	0.01825	0.00830	0.00498	0.00166	0.00332	0.00664	0.78928	0.00664
18	0.01390	0.12155	0.01988	0.01481	0.01618	0.01753	0.01235	0.01590	0.01173	0.01691	0.01409	0.04900	0.01384	0.02642	0.26718	0.00582	0.34509	0.00694	0.00349	0.00740
19	0.01008	0.00728	0.00952	0.00896	0.01064	0.00672	0.00672	0.01344	0.02016	0.02855	0.70158	0.05319	0.06719	0.01456	0.00840	0.00224	0.00336	0.01288	0.00784	0.00672
20	0.01059	0.00760	0.01043	0.01202	0.01334	0.00745	0.00991	0.01325	0.01561	0.02036	0.03924	0.26705	0.06391	0.02036	0.00958	0.00314	0.00578	0.45748	0.00657	0.00632
21	0.01566	0.01581	0.02310	0.01942	0.01988	0.02157	0.05793	0.01750	0.01128	0.01750	0.00967	0.01581	0.00944	0.01205	0.02241	0.00307	0.69049	0.00637	0.00315	0.00791
22	0.00862	0.00711	0.00757	0.00768	0.00980	0.00606	0.00568	0.01053	0.01637	0.02011	0.13544	0.13808	0.56612	0.01811	0.00848	0.00244	0.00364	0.01535	0.00674	0.00606
23	0.00890	0.00717	0.00753	0.00747	0.00941	0.00623	0.00535	0.01055	0.01563	0.01923	0.12467	0.06340	0.52858	0.13938	0.01304	0.00314	0.00413	0.01404	0.00635	0.00580
24	0.01527	0.01513	0.02122	0.01828	0.01835	0.02108	0.01520	0.01689	0.01094	0.01710	0.00990	0.01628	0.00983	0.01479	0.06302	0.00359	0.69596	0.00631	0.00316	0.00771
25	0.02707	0.01995	0.02137	0.01638	0.02208	0.02208	0.01353	0.68159	0.03348	0.04488	0.01710	0.01710	0.01211	0.00855	0.00712	0.00214	0.00784	0.00641	0.00712	0.01211
26	0.80005	0.01377	0.01047	0.00936	0.01377	0.01597	0.00771	0.02093	0.01212	0.03195	0.00991	0.01157	0.00771	0.00661	0.00441	0.00220	0.00551	0.00386	0.00441	0.00771
27	0.00861	0.00720	0.00737	0.00734	0.00958	0.00610	0.00543	0.01041	0.01616	0.01950	0.10544	0.06658	0.63303	0.05389	0.00979	0.00262	0.00376	0.01468	0.00657	0.00597
28	0.01489	0.01276	0.01482	0.01071	0.01694	0.00983	0.00855	0.01874	0.04249	0.02347	0.01332	0.01525	0.01100	0.00545	0.00535	0.00111	0.00529	0.00438	0.00434	0.76129
29	0.04011	0.01836	0.11810	0.08446	0.03013	0.01475	0.31224	0.02032	0.01551	0.02245	0.01510	0.06451	0.01265	0.00711	0.00725	0.00209	0.00928	0.00745	0.00385	0.19429
30	0.02408	0.02036	0.02054	0.06018	0.05057	0.11236	0.01385	0.41041	0.15201	0.03602	0.01809	0.01843	0.01332	0.00842	0.00705	0.00216	0.00821	0.00647	0.00631	0.01116
31	0.00868	0.00620	0.00826	0.00991	0.01033	0.00578	0.00661	0.00991	0.01363	0.01818	0.03925	0.74510	0.04710	0.02231	0.00909	0.00289	0.00413	0.02024	0.00661	0.00578
32	0.01828	0.01950	0.03956	0.06124	0.13683	0.01845	0.53879	0.02338	0.01749	0.02402	0.01570	0.02103	0.01230	0.00717	0.00877	0.00264	0.01175	0.00844	0.00412	0.01054
33	0.01739	0.01276	0.01567	0.01347	0.01617	0.01388	0.03142	0.23568	0.02033	0.06573	0.05053	0.21812	0.05289	0.10302	0.01320	0.00306	0.09082	0.01124	0.00617	0.00846
34	0.00866	0.00625	0.00820	0.00976	0.01029	0.00580	0.00654	0.00993	0.01378	0.01824	0.04111	0.70668	0.08432	0.02207	0.00905	0.00286	0.00410	0.01995	0.00661	0.00580
35	0.00864	0.00635	0.00811	0.00952	0.01022	0.00582	0.00643	0.00996	0.01402	0.01833	0.04411	0.64508	0.14398	0.02168	0.00899	0.00282	0.00405	0.01947	0.00661	0.00582
36	0.05300	0.03570	0.67825	0.01976	0.02998	0.01651	0.02539	0.02247	0.01489	0.02301	0.01264	0.01486	0.00896	0.00676	0.00665	0.00225	0.01028	0.00519	0.00308	0.01038
37	0.01929	0.73073	0.03681	0.01232	0.01840	0.02798	0.01223	0.04229	0.01507	0.01765	0.01013	0.01160	0.00923	0.00617	0.00465	0.00154	0.00762	0.00389	0.00318	0.00923
38	0.02183	0.05792	0.01970	0.04294	0.02096	0.01752	0.01186	0.34780	0.06267	0.05904	0.01619	0.01692	0.01209	0.00739	0.00640	0.00179	0.00689	0.00569	0.00589	0.25851
39	0.01904	0.01747	0.06524	0.01664	0.05374	0.01806	0.01327	0.16068	0.45655	0.03157	0.02514	0.02569	0.01926	0.00949	0.00729	0.00237	0.00658	0.03402	0.00672	0.01119
40	0.01148	0.00838	0.00994	0.00964	0.01150	0.00810	0.00709	0.08907	0.01860	0.02525	0.27028	0.24717	0.16699	0.03984	0.00920	0.00257	0.00425	0.01427	0.03951	0.00687
41	0.01017	0.00832	0.00916	0.00952	0.01088	0.04625	0.00676	0.01222	0.01658	0.02173	0.26914	0.32611	0.16691	0.04116	0.00945	0.00265	0.00435	0.01562	0.00679	0.00624
42	0.01762	0.01692	0.02890	0.04371	0.70533	0.01692	0.02185	0.02185	0.01621	0.02326	0.01339	0.01762	0.01128	0.00634	0.00705	0.00211	0.00846	0.00634	0.00352	0.01128
43	0.01130	0.00755	0.00991	0.00917	0.01106	0.00693	0.00693	0.01463	0.02017	0.06674	0.66385	0.05157	0.06441	0.01424	0.00833	0.00224	0.00351	0.01256	0.00789	0.00702
44	0.80005	0.01377	0.01047	0.00936	0.01377	0.01597	0.00771	0.02093	0.01212	0.03195	0.00991	0.01157	0.00771	0.00661	0.00441	0.00220	0.00551	0.00386	0.00441	0.00771
45	0.01254	0.00785	0.00995	0.00915	0.01141	0.00704	0.00695	0.01545	0.01921	0.11450	0.47224	0.07782	0.17905	0.01475	0.00827	0.00229	0.00378	0.01281	0.00769	0.00725
46	0.56319	0.01316	0.01063	0.00949	0.01344	0.04309	0.00767	0.02151	0.01361	0.08282	0.01383	0.01537	0.01049	0.00712	0.00481	0.00209	0.00545	0.00466	0.14971	0.00788
47	0.00848	0.00722	0.00731	0.00729	0.00966	0.00604	0.00546	0.01035	0.01639	0.01962	0.09826	0.06789	0.67608	0.01789	0.00842	0.00240	0.00360	0.01494	0.00666	0.00604
48	0.20956	0.22087	0.02112	0.04120	0.01842	0.01696	0.01068	0.02701	0.01651	0.32649	0.01805	0.01742	0.01256	0.00746	0.00578	0.00202	0.00651	0.00540	0.00592	0.01007
49	0.39886	0.02193	0.01570	0.01370	0.01806	0.26669	0.01081	0.13239	0.01849	0.02894	0.01148	0.01293	0.00895	0.00719	0.00557	0.00206	0.00849	0.00454	0.00459	0.00863
50	0.01904	0.75404	0.03731	0.01218	0.01828	0.02818	0.01218	0.02132	0.01447	0.01675	0.00990	0.01142	0.00914	0.00609	0.00457	0.00152	0.00761	0.00381	0.00305	0.00914
51	0.05128	0.01393	0.01746	0.01342	0.01894	0.01323	0.01108	0.18027	0.02312	0.54211	0.02513	0.02229	0.01612	0.00869	0.00708	0.00219	0.00645	0.00690	0.00831	0.01200
52	0.04277	0.01100	0.01323	0.05237	0.01583	0.04006	0.00955	0.08074	0.01897	0.08123	0.33437	0.03815	0.03944	0.03460	0.09550	0.00352	0.04305	0.03140	0.00644	0.00778
53	0.01762	0.01692	0.02890	0.04371	0.70533	0.01692	0.02185	0.02185	0.01621	0.02326	0.01339	0.01762	0.01128	0.00634	0.00705	0.00211	0.00846	0.00634	0.00352	0.01128
54	0.00974	0.00711	0.00915	0.00896	0.01051	0.00652	0.00660	0.01266	0.01888	0.02627	0.55321	0.15671	0.11513	0.01598	0.00850	0.00235	0.00349	0.01414	0.00756	0.00652
55	0.01175	0.00831	0.01002	0.04550	0.01186	0.00870	0.00660	0.07093	0.01317	0.01764	0.02360	0.14068	0.02623	0.48883	0.08111	0.00603	0.00766	0.01100	0.00480	0.00556
56	0.01727	0.01751	0.02628	0.12939	0.27833	0.08085	0.10802	0.04476	0.01592	0.02140	0.01388	0.05275	0.01221	0.00846	0.01022	0.00238	0.14010	0.00712	0.00371	0.00944
57	0.01885	0.72610	0.06363	0.01250	0.01876	0.02772	0.01273	0.02137	0.01449	0.01698	0.01001	0.01156	0.00913	0.00612	0.00465	0.00155	0.00773	0.00386	0.00304	0.00919
58	0.01221	0.01040	0.01491	0.01381	0.01465	0.01337	0.01110	0.01443	0.01140	0.01715	0.01581	0.02354	0.01483	0.03711	0.44578	0.00810	0.27195	0.00710	0.03549	0.00687
59	0.13954	0.02722	0.01917	0.01899	0.08937	0.47092	0.01332	0.06967	0.01926	0.02235	0.01197	0.01396	0.00972	0.00725	0.00618	0.00193	0.01060	0.00486	0.03503	0.00867
60	0.00984	0.00727	0.00918	0.00871	0.01049	0.00662	0.00653	0.01297	0.01959	0.02721	0.61049	0.05541	0.15911	0.01506	0.00840	0.00226	0.00340	0.01319	0.00766	0.00662
61	0.02707	0.01995	0.02137	0.01638	0.02208	0.02208	0.01353	0.68159	0.03348	0.04488	0.01710	0.01710	0.01211	0.00855	0.00712	0.00214	0.00784	0.00641	0.00712	0.01211
62	0.00989	0.00760	0.00911	0.00882	0.01082	0.00697	0.00672	0.01335	0.04342	0.02511	0.43155	0.05880	0.27401	0.01581	0.00844	0.00236	0.00370	0.04952	0.00734	0.00664
63	0.01877	0.05578	0.05659	0.03771	0.55213	0.08342	0.02047	0.04907	0.01715	0.02324	0.01312	0.01674	0.01092	0.00653	0.00686	0.00207	0.00889	0.00601	0.00364	0.01089
64	0.14681	0.14184	0.02061	0.01313	0.01860	0.01517	0.04785	0.02974	0.05070	0.41323	0.02140	0.01988	0.01444	0.00788	0.00636	0.00211	0.00656	0.00618	0.00676	0.01074
65	0.01009	0.00724	0.00930	0.00957	0.01075	0.00687	0.00678	0.03549	0.01725	0.02380	0.35189	0.35112	0.05418	0.05945	0.01023	0.00278	0.00405	0.01569	0.00708	0.00637
66	0.01533	0.07243	0.53571	0.02003	0.02920	0.01655	0.08813	0.02249	0.01548	0.04990	0.01500	0.01983	0.01161	0.00757	0.00702	0.00229	0.01007	0.04767	0.00353	0.01016
67	0.01858	0.68494	0.10240	0.01297	0.01948	0.02705	0.01354	0.02144	0.01452	0.01731	0.01018	0.01177	0.00913	0.00616	0.00478	0.00159	0.00790	0.00395	0.00304	0.00927
68	0.00865	0.00629	0.00816	0.00966	0.01026	0.00581	0.00650	0.00994	0.01388	0.01828	0.04237	0.68085	0.10934	0.02190	0.00902	0.00285	0.00408	0.01975	0.00661	0.00581
69	0.02634	0.01904	0.02090	0.01688	0.04658	0.02089	0.01340	0.60926	0.03167	0.06572	0.01757	0.01773	0.01251	0.00847	0.00704	0.00212	0.00762	0.00644	0.03795	0.01186
70	0.01435	0.22362	0.15994	0.04109	0.01901	0.01624	0.01326	0.04490	0.01432	0.01938	0.01763	0.04473	0.03637	0.07491	0.19500	0.00479	0.01082	0.00677	0.03479	0.00811
71	0.00961	0.00742	0.01050	0.01128	0.01198	0.00749	0.02830	0.01119	0.01391	0.01879	0.06320	0.61306	0.04374	0.02065	0.01013	0.00288	0.05884	0.04460	0.00631	0.00612
72	0.03195	0.01212	0.01652	0.01267	0.01818	0.01047	0.01047	0.03470	0.02038	0.71026	0.02809	0.02424	0.01763	0.00881	0.00716	0.00220	0.00606	0.00716	0.00881	0.01212
73	0.05572	0.03125	0.02078	0.02083	0.09816	0.61488	0.01443	0.02741	0.01942	0.01865	0.01123	0.01333	0.00935	0.00720	0.00641	0.00188	0.01207	0.00475	0.00368	0.00857
74	0.01661	0.01782	0.03588	0.10760	0.20191	0.01764	0.42428	0.02188	0.01618	0.02223	0.01379	0.01867	0.01073	0.00643	0.00847	0.00235	0.03663	0.00760	0.00352	0.00977
75	0.01762	0.01692	0.02890	0.04371	0.70533	0.01692	0.02185	0.02185	0.01621	0.02326	0.01339	0.01762	0.01128	0.00634	0.00705	0.00211	0.00846	0.00634	0.00352	0.01128
76	0.00869	0.00641	0.00805	0.00934	0.01010	0.00587	0.00631	0.00999	0.01399	0.01821	0.04466	0.59548	0.16650	0.04813	0.00996	0.00295	0.00414	0.01892	0.00653	0.00577
77	0.51008	0.17722	0.01745	0.01072	0.01559	0.04679	0.00925	0.02288	0.01390	0.10454	0.01201	0.01302	0.00920	0.00677	0.00484	0.00204	0.00633	0.00425	0.00457	0.00854

[dist]
# distance from previous block
# <min> <max>
1	2

[block]
# block no. 4 follows, 29 sequences, length 31
# corresponding to MSA columns:
# 321-326,373-397
name=unknown_E
#
# <colnr> <probs for GDERKNQSTAVLIFYWHMCP>
#	G	D	E	R	K	N	Q	S	T	A	V	L	I	F	Y	W	H	M	C	P
0	0.01678	0.07656	0.03445	0.06817	0.01896	0.01283	0.01037	0.09960	0.03540	0.07029	0.01899	0.11524	0.01690	0.00885	0.00628	0.00178	0.00598	0.00732	0.07893	0.29632
1	0.01648	0.01619	0.02858	0.07604	0.44374	0.01684	0.12621	0.02065	0.01534	0.02182	0.01360	0.01859	0.01144	0.01058	0.06488	0.00300	0.07563	0.00677	0.00350	0.01012
2	0.01846	0.01768	0.02715	0.14181	0.38004	0.05455	0.08132	0.10564	0.01807	0.02455	0.01349	0.01755	0.01085	0.00711	0.00810	0.00223	0.05068	0.00645	0.00392	0.01035
3	0.01237	0.00618	0.00928	0.00928	0.00928	0.00618	0.00618	0.00928	0.00928	0.01237	0.01237	0.02165	0.01237	0.02474	0.02783	0.79283	0.00618	0.00618	0.00309	0.00309
4	0.44706	0.01659	0.01545	0.01257	0.01757	0.01876	0.01037	0.32263	0.02187	0.03785	0.01319	0.01409	0.00972	0.00749	0.00565	0.00217	0.00657	0.00502	0.00565	0.00972
5	0.00868	0.00620	0.00826	0.00991	0.01033	0.00578	0.00661	0.00991	0.01363	0.01818	0.03925	0.74510	0.04710	0.02231	0.00909	0.00289	0.00413	0.02024	0.00661	0.00578
6	0.11721	0.01391	0.01720	0.07333	0.02104	0.01385	0.01154	0.16041	0.02153	0.44244	0.02253	0.02093	0.01471	0.00837	0.00684	0.00220	0.00664	0.00656	0.00750	0.01126
7	0.02754	0.01918	0.02090	0.01602	0.02170	0.02095	0.01324	0.61863	0.03220	0.10964	0.01817	0.01779	0.01265	0.00857	0.00713	0.00214	0.00766	0.00648	0.00729	0.01211
8	0.00868	0.00620	0.00826	0.00991	0.01033	0.00578	0.00661	0.00991	0.01363	0.01818	0.03925	0.74510	0.04710	0.02231	0.00909	0.00289	0.00413	0.02024	0.00661	0.00578
9	0.01730	0.01486	0.01574	0.01419	0.01809	0.01712	0.01102	0.03652	0.65608	0.02972	0.06539	0.02801	0.02420	0.00993	0.00731	0.00241	0.00551	0.00831	0.00728	0.01102
10	0.01444	0.03590	0.68096	0.02139	0.06228	0.01655	0.02610	0.02252	0.01509	0.02258	0.01281	0.01515	0.00913	0.00675	0.00678	0.00225	0.01043	0.00531	0.00303	0.01056
11	0.01618	0.01480	0.05796	0.02218	0.21746	0.01429	0.01440	0.02566	0.24929	0.05766	0.07934	0.06353	0.05130	0.01075	0.00763	0.00240	0.00652	0.07273	0.00592	0.01000
12	0.00886	0.00628	0.00821	0.00968	0.01004	0.00591	0.00635	0.00996	0.01327	0.01769	0.03738	0.66741	0.04474	0.10322	0.01211	0.00334	0.00444	0.01914	0.00635	0.00562
13	0.00982	0.00772	0.00897	0.00921	0.01098	0.00728	0.00668	0.01365	0.08474	0.02209	0.20081	0.27560	0.28066	0.01775	0.00851	0.00252	0.00392	0.01549	0.00696	0.00663
14	0.02031	0.01307	0.01290	0.01094	0.01432	0.06745	0.00866	0.20138	0.02106	0.11215	0.02117	0.02261	0.01579	0.00835	0.00594	0.00187	0.00563	0.00648	0.42102	0.00891
15	0.01746	0.01675	0.02861	0.07053	0.67978	0.01688	0.02177	0.02171	0.01614	0.02307	0.01337	0.01768	0.01121	0.00637	0.00705	0.00212	0.00850	0.00634	0.00351	0.01115
16	0.01568	0.02725	0.35167	0.02617	0.06627	0.01728	0.34585	0.02264	0.01596	0.02271	0.01360	0.01720	0.01000	0.00637	0.00758	0.00232	0.01115	0.00685	0.00332	0.01011
17	0.00874	0.00625	0.00832	0.00987	0.01034	0.00583	0.00662	0.01008	0.01394	0.01867	0.07043	0.71252	0.04804	0.02194	0.00906	0.00286	0.00409	0.01990	0.00667	0.00583
18	0.01416	0.01332	0.01761	0.07914	0.09932	0.06635	0.06658	0.01710	0.01512	0.02070	0.02116	0.24658	0.02201	0.01117	0.00720	0.00205	0.00680	0.01009	0.00471	0.25884
19	0.01762	0.01692	0.02890	0.04371	0.70533	0.01692	0.02185	0.02185	0.01621	0.02326	0.01339	0.01762	0.01128	0.00634	0.00705	0.00211	0.00846	0.00634	0.00352	0.01128
20	0.01415	0.01192	0.01393	0.01030	0.01587	0.00913	0.00803	0.01699	0.01437	0.02225	0.01458	0.04905	0.01334	0.06451	0.00787	0.00159	0.00535	0.00540	0.00433	0.69702
21	0.02334	0.05303	0.02137	0.04614	0.09815	0.28536	0.01445	0.22615	0.05527	0.02737	0.01611	0.02080	0.01342	0.00862	0.00696	0.00211	0.00965	0.05683	0.00506	0.00980
22	0.01694	0.01723	0.04650	0.21509	0.41301	0.06771	0.01981	0.02180	0.04092	0.02189	0.01398	0.01823	0.01126	0.00683	0.00694	0.00216	0.00880	0.00625	0.03467	0.00999
23	0.00854	0.00722	0.00739	0.00735	0.00970	0.00607	0.00551	0.01047	0.01654	0.01996	0.12105	0.06734	0.65308	0.01776	0.00841	0.00239	0.00359	0.01486	0.00671	0.00607
24	0.01345	0.01266	0.02136	0.73264	0.04904	0.01582	0.01978	0.01819	0.01424	0.01819	0.01266	0.01898	0.00949	0.00712	0.00712	0.00237	0.00949	0.00633	0.00316	0.00791
25	0.00904	0.00623	0.00813	0.00966	0.01017	0.00585	0.00648	0.01044	0.01374	0.01883	0.03799	0.68865	0.04483	0.02121	0.00877	0.00279	0.00407	0.01917	0.06810	0.00585
26	0.80005	0.01377	0.01047	0.00936	0.01377	0.01597	0.00771	0.02093	0.01212	0.03195	0.00991	0.01157	0.00771	0.00661	0.00441	0.00220	0.00551	0.00386	0.00441	0.00771
27	0.02660	0.03394	0.02018	0.01834	0.02201	0.72116	0.01376	0.02843	0.02018	0.01743	0.01101	0.01284	0.00917	0.00734	0.00642	0.00183	0.01284	0.00459	0.00367	0.00825
28	0.01237	0.00618	0.00928	0.00928	0.00928	0.00618	0.00618	0.00928	0.00928	0.01237	0.01237	0.02165	0.01237	0.02474	0.02783	0.79283	0.00618	0.00618	0.00309	0.00309
29	0.01428	0.03683	0.71286	0.02030	0.03082	0.01654	0.02631	0.02255	0.01503	0.02255	0.01278	0.01503	0.00902	0.00677	0.00677	0.00226	0.01052	0.00526	0.00301	0.01052
30	0.02124	0.01085	0.01431	0.01300	0.04732	0.01020	0.00962	0.04565	0.07743	0.33145	0.20938	0.10014	0.03386	0.03180	0.00847	0.00242	0.00530	0.01003	0.00779	0.00974

[dist]
# distance from previous block
# <min> <max>
0	1

[block]
# block no. 5 follows, 29 sequences, length 34
# corresponding to MSA columns:
# 399-432
name=unknown_F
#
# <colnr> <probs for GDERKNQSTAVLIFYWHMCP>
#	G	D	E	R	K	N	Q	S	T	A	V	L	I	F	Y	W	H	M	C	P
0	0.01218	0.01013	0.03380	0.00990	0.01295	0.00854	0.00773	0.04584	0.01714	0.02450	0.31026	0.03915	0.06364	0.13822	0.03789	0.00307	0.00546	0.00962	0.00595	0.20405
1	0.00868	0.00620	0.00826	0.00991	0.01033	0.00578	0.00661	0.00991	0.01363	0.01818	0.03925	0.74510	0.04710	0.02231	0.00909	0.00289	0.00413	0.02024	0.00661	0.00578
2	0.02707	0.01995	0.02137	0.01638	0.02208	0.02208	0.01353	0.68159	0.03348	0.04488	0.01710	0.01710	0.01211	0.00855	0.00712	0.00214	0.00784	0.00641	0.00712	0.01211
3	0.01742	0.01799	0.05068	0.11591	0.52906	0.06729	0.02073	0.02163	0.01625	0.02217	0.01420	0.02012	0.01217	0.00711	0.00713	0.00218	0.00888	0.03503	0.00361	0.01045
4	0.01701	0.09028	0.46714	0.01991	0.05121	0.01662	0.07620	0.02359	0.01576	0.09938	0.01441	0.01619	0.01029	0.00679	0.00670	0.00214	0.00959	0.00560	0.00379	0.04742
5	0.01686	0.01905	0.04113	0.03094	0.08226	0.01793	0.63514	0.02274	0.01677	0.02284	0.01434	0.01910	0.01084	0.00603	0.00831	0.00238	0.01177	0.00826	0.00360	0.00972
6	0.00901	0.00673	0.00964	0.01074	0.01143	0.00628	0.03407	0.01044	0.01376	0.01837	0.03823	0.71548	0.04561	0.02164	0.00906	0.00287	0.00445	0.01976	0.00649	0.00594
7	0.01586	0.02329	0.22806	0.02427	0.08794	0.05355	0.22545	0.02098	0.01507	0.02110	0.01440	0.06644	0.01245	0.00867	0.01061	0.00247	0.14900	0.00751	0.00354	0.00934
8	0.01017	0.00763	0.01144	0.01144	0.01272	0.00890	0.00890	0.01272	0.01144	0.01653	0.01907	0.02797	0.01780	0.05340	0.72153	0.01144	0.01907	0.00763	0.00381	0.00636
9	0.03195	0.01212	0.01652	0.01267	0.01818	0.01047	0.01047	0.03470	0.02038	0.71026	0.02809	0.02424	0.01763	0.00881	0.00716	0.00220	0.00606	0.00716	0.00881	0.01212
10	0.03195	0.01212	0.01652	0.01267	0.01818	0.01047	0.01047	0.03470	0.02038	0.71026	0.02809	0.02424	0.01763	0.00881	0.00716	0.00220	0.00606	0.00716	0.00881	0.01212
11	0.01731	0.01494	0.01571	0.01417	0.01813	0.01720	0.01101	0.03663	0.66294	0.02933	0.03087	0.02840	0.05146	0.01003	0.00730	0.00241	0.00555	0.00836	0.00722	0.01104
12	0.01904	0.75404	0.03731	0.01218	0.01828	0.02818	0.01218	0.02132	0.01447	0.01675	0.00990	0.01142	0.00914	0.00609	0.00457	0.00152	0.00761	0.00381	0.00305	0.00914
13	0.03195	0.01212	0.01652	0.01267	0.01818	0.01047	0.01047	0.03470	0.02038	0.71026	0.02809	0.02424	0.01763	0.00881	0.00716	0.00220	0.00606	0.00716	0.00881	0.01212
14	0.01032	0.00703	0.00843	0.00843	0.00866	0.00726	0.00514	0.01078	0.01055	0.01430	0.02183	0.04324	0.02443	0.62412	0.15988	0.00772	0.00910	0.00986	0.00422	0.00468
15	0.02249	0.01071	0.01389	0.01139	0.01538	0.00980	0.00912	0.05507	0.05006	0.38416	0.26527	0.03597	0.06285	0.01123	0.00765	0.00223	0.00507	0.00949	0.00824	0.00994
16	0.02707	0.01995	0.02137	0.01638	0.02208	0.02208	0.01353	0.68159	0.03348	0.04488	0.01710	0.01710	0.01211	0.00855	0.00712	0.00214	0.00784	0.00641	0.00712	0.01211
17	0.01237	0.00618	0.00928	0.00928	0.00928	0.00618	0.00618	0.00928	0.00928	0.01237	0.01237	0.02165	0.01237	0.02474	0.02783	0.79283	0.00618	0.00618	0.00309	0.00309
18	0.01355	0.01279	0.01793	0.01578	0.01702	0.04813	0.05762	0.01581	0.01197	0.01714	0.01464	0.02245	0.01387	0.05849	0.33544	0.00689	0.30269	0.00709	0.00353	0.00716
19	0.00879	0.00637	0.00833	0.00985	0.01048	0.00592	0.00675	0.01017	0.01397	0.01841	0.04177	0.66025	0.09850	0.02185	0.00907	0.00287	0.00420	0.05001	0.00661	0.00584
20	0.01086	0.00858	0.01255	0.01216	0.01321	0.01041	0.00950	0.01315	0.01132	0.01647	0.01803	0.02738	0.01716	0.08412	0.59912	0.01017	0.10804	0.00759	0.00375	0.00643
21	0.01604	0.02432	0.24258	0.02720	0.05613	0.01764	0.44263	0.02253	0.01608	0.02258	0.01374	0.01780	0.01024	0.00643	0.00831	0.00237	0.03276	0.00733	0.00341	0.00988
22	0.01547	0.00873	0.01132	0.00997	0.01268	0.00800	0.00772	0.01926	0.04587	0.18931	0.48851	0.04601	0.08202	0.01317	0.00806	0.00225	0.00410	0.01144	0.00799	0.00814
23	0.00865	0.00630	0.00816	0.00965	0.01026	0.00581	0.00649	0.00994	0.01388	0.01828	0.04243	0.67965	0.11049	0.02189	0.00902	0.00284	0.00408	0.01974	0.00661	0.00581
24	0.01820	0.01825	0.02831	0.06595	0.60394	0.07558	0.04164	0.02230	0.01649	0.02258	0.01320	0.01732	0.01102	0.00644	0.00704	0.00211	0.00897	0.00626	0.00353	0.01085
25	0.08629	0.17183	0.04262	0.05281	0.05401	0.02140	0.01347	0.34065	0.07433	0.03315	0.01676	0.01753	0.02908	0.00797	0.00640	0.00206	0.00752	0.00596	0.00556	0.01061
