[name]
unknown

[dist]
# distance from previous block
# <min> <max>
0	19

[block]
# block no. 0 follows, 31 sequences, length 16
# corresponding to MSA columns:
# 19-34
name=unknown_A
#
# <colnr> <probs for GDERKNQSTAVLIFYWHMCP>
#	G	D	E	R	K	N	Q	S	T	A	V	L	I	F	Y	W	H	M	C	P
0	0.10218	0.01525	0.04696	0.01447	0.05629	0.08478	0.01137	0.05578	0.04586	0.31974	0.02466	0.04191	0.07311	0.00942	0.00763	0.00219	0.04952	0.02292	0.00629	0.00970
1	0.08180	0.07813	0.01913	0.04688	0.02035	0.15523	0.04714	0.04665	0.31607	0.08891	0.01982	0.01956	0.01486	0.00795	0.00643	0.00210	0.00747	0.00628	0.00554	0.00971
2	0.10909	0.02018	0.01907	0.04113	0.14898	0.22537	0.01341	0.15595	0.06148	0.07671	0.01575	0.05456	0.01283	0.00801	0.00645	0.00204	0.00841	0.00621	0.00493	0.00945
3	0.23386	0.10184	0.01845	0.01441	0.01848	0.39343	0.01137	0.05886	0.05330	0.02237	0.01138	0.01277	0.00921	0.00691	0.00554	0.00187	0.00932	0.00440	0.00400	0.00822
4	0.45288	0.01818	0.11608	0.01425	0.01959	0.05194	0.10302	0.06810	0.01470	0.02787	0.01243	0.01647	0.01003	0.00712	0.00563	0.00218	0.00738	0.03966	0.00420	0.00830
5	0.03849	0.39279	0.20870	0.01645	0.07872	0.02162	0.01573	0.02296	0.10714	0.02014	0.01297	0.01433	0.01051	0.00652	0.00547	0.00182	0.00779	0.00477	0.00353	0.00953
6	0.00923	0.00709	0.00852	0.00848	0.01036	0.00638	0.00657	0.01185	0.01738	0.02294	0.36616	0.06047	0.31930	0.01598	0.00826	0.00235	0.00374	0.10189	0.00690	0.00616
7	0.00849	0.00606	0.00811	0.00970	0.01016	0.00569	0.00661	0.00979	0.01325	0.01763	0.03762	0.71723	0.04492	0.02129	0.00877	0.00280	0.00410	0.05584	0.00635	0.00560
8	0.01080	0.00771	0.01077	0.01234	0.01382	0.00768	0.01064	0.01379	0.01553	0.02022	0.03635	0.13355	0.03986	0.01911	0.00939	0.00312	0.00611	0.61667	0.00630	0.00624
9	0.00832	0.00601	0.00788	0.00938	0.00988	0.00557	0.00628	0.00954	0.01324	0.01752	0.03954	0.71517	0.08400	0.02120	0.00869	0.00275	0.00394	0.01916	0.00635	0.00557
10	0.01424	0.11827	0.64579	0.01861	0.02824	0.01716	0.02373	0.02153	0.01438	0.02103	0.01196	0.01405	0.00868	0.00643	0.00626	0.00209	0.00979	0.00490	0.00289	0.00996
11	0.13538	0.01186	0.01509	0.01174	0.01689	0.01077	0.00970	0.03156	0.01851	0.62856	0.02464	0.02165	0.01565	0.00818	0.00652	0.00212	0.00575	0.00645	0.00790	0.01107
12	0.01663	0.01217	0.01447	0.01055	0.01644	0.00951	0.00847	0.02016	0.03777	0.12223	0.01479	0.01586	0.01146	0.00569	0.00539	0.00121	0.00519	0.00458	0.00478	0.66264
13	0.01412	0.01529	0.10981	0.01139	0.01802	0.01003	0.01042	0.01782	0.01422	0.02221	0.01218	0.01422	0.00994	0.00526	0.00526	0.00117	0.00575	0.00419	0.00390	0.69481
14	0.01678	0.09482	0.24303	0.01782	0.02438	0.01681	0.13826	0.17718	0.01866	0.02565	0.01668	0.11505	0.01467	0.00866	0.00690	0.00213	0.00846	0.00762	0.00444	0.04201
15	0.06064	0.01593	0.11174	0.01400	0.01923	0.01330	0.04003	0.15114	0.03911	0.23008	0.01940	0.04052	0.01447	0.01472	0.11942	0.00344	0.00875	0.00661	0.00579	0.07167

[dist]
# distance from previous block
# <min> <max>
2	9

[block]
# block no. 1 follows, 31 sequences, length 15
# corresponding to MSA columns:
# 45-59
name=unknown_B
#
# <colnr> <probs for GDERKNQSTAVLIFYWHMCP>
#	G	D	E	R	K	N	Q	S	T	A	V	L	I	F	Y	W	H	M	C	P
0	0.06683	0.12878	0.02087	0.01478	0.01955	0.26375	0.01200	0.22496	0.04680	0.06265	0.01371	0.01448	0.01053	0.00720	0.00600	0.00181	0.00868	0.00501	0.00489	0.06672
1	0.02968	0.01208	0.01606	0.01227	0.01761	0.01063	0.01013	0.06887	0.02003	0.65241	0.02573	0.02249	0.01633	0.00830	0.00680	0.00206	0.00588	0.00671	0.00818	0.04775
2	0.01515	0.07265	0.58677	0.01946	0.02879	0.01629	0.08143	0.02229	0.01485	0.06115	0.01310	0.01510	0.00929	0.00651	0.00654	0.00214	0.00984	0.00534	0.00326	0.01005
3	0.01026	0.00856	0.01066	0.00973	0.01212	0.00812	0.04535	0.01487	0.10710	0.02230	0.24006	0.09080	0.33576	0.04263	0.00897	0.00245	0.00426	0.01272	0.00652	0.00676
4	0.00826	0.00685	0.00723	0.00731	0.00939	0.00582	0.00542	0.01009	0.01574	0.01925	0.12806	0.12337	0.59493	0.01736	0.00814	0.00234	0.00349	0.01467	0.00647	0.00582
5	0.01829	0.76368	0.03585	0.01171	0.01756	0.02707	0.01171	0.02049	0.01390	0.01610	0.00951	0.01097	0.00878	0.00585	0.00439	0.00146	0.00732	0.00366	0.00293	0.00878
6	0.03070	0.01164	0.01588	0.01217	0.01746	0.01006	0.01006	0.03334	0.01958	0.72163	0.02699	0.02329	0.01694	0.00847	0.00688	0.00212	0.00582	0.00688	0.00847	0.01164
7	0.00834	0.00595	0.00794	0.00953	0.00992	0.00556	0.00635	0.00953	0.01310	0.01746	0.03771	0.75510	0.04525	0.02143	0.00873	0.00278	0.00397	0.01945	0.00635	0.00556
8	0.01419	0.01216	0.01419	0.01013	0.01621	0.00912	0.00811	0.01723	0.01419	0.02229	0.01216	0.01419	0.01013	0.00507	0.00507	0.00101	0.00507	0.00405	0.00405	0.80139
9	0.00977	0.00733	0.01100	0.01100	0.01222	0.00855	0.00855	0.01222	0.01100	0.01588	0.01833	0.02688	0.01710	0.05131	0.73245	0.01100	0.01833	0.00733	0.00367	0.00611
10	0.00809	0.00693	0.00693	0.00693	0.00924	0.00578	0.00520	0.00982	0.01559	0.01848	0.06931	0.06584	0.71411	0.01733	0.00809	0.00231	0.00347	0.01444	0.00635	0.00578
11	0.01829	0.76368	0.03585	0.01171	0.01756	0.02707	0.01171	0.02049	0.01390	0.01610	0.00951	0.01097	0.00878	0.00585	0.00439	0.00146	0.00732	0.00366	0.00293	0.00878
12	0.06116	0.62790	0.12372	0.01257	0.01888	0.02497	0.01323	0.02062	0.01385	0.01762	0.00987	0.01143	0.00869	0.00596	0.00465	0.00159	0.00757	0.00384	0.00299	0.00888
13	0.01743	0.62695	0.16507	0.01317	0.01982	0.02497	0.01425	0.02071	0.01400	0.01714	0.01003	0.01163	0.00876	0.00597	0.00479	0.00160	0.00784	0.00392	0.00292	0.00903
14	0.00977	0.00733	0.01100	0.01100	0.01222	0.00855	0.00855	0.01222	0.01100	0.01588	0.01833	0.02688	0.01710	0.05131	0.73245	0.01100	0.01833	0.00733	0.00367	0.00611

[dist]
# distance from previous block
# <min> <max>
0	5

[block]
# block no. 2 follows, 31 sequences, length 33
# corresponding to MSA columns:
# 65-97
name=unknown_C
#
# <colnr> <probs for GDERKNQSTAVLIFYWHMCP>
#	G	D	E	R	K	N	Q	S	T	A	V	L	I	F	Y	W	H	M	C	P
0	0.00943	0.00698	0.00880	0.00834	0.01007	0.00635	0.00626	0.01243	0.01878	0.02603	0.61250	0.05341	0.16621	0.01451	0.00807	0.00218	0.00326	0.01270	0.00735	0.00635
1	0.01693	0.01626	0.02777	0.04199	0.71689	0.01626	0.02100	0.02100	0.01558	0.02235	0.01287	0.01693	0.01084	0.00610	0.00677	0.00203	0.00813	0.00610	0.00339	0.01084
2	0.04441	0.02215	0.28449	0.04633	0.04250	0.05251	0.03823	0.06865	0.01719	0.21276	0.01977	0.07043	0.03305	0.00850	0.00681	0.00217	0.00808	0.00698	0.00512	0.00988
3	0.01440	0.13019	0.61210	0.01878	0.02823	0.01740	0.04487	0.02152	0.01443	0.02094	0.01197	0.01412	0.00874	0.00639	0.00627	0.00208	0.00979	0.00497	0.00291	0.00991
4	0.00968	0.00699	0.00914	0.00861	0.01022	0.00646	0.00646	0.01291	0.01937	0.02743	0.71328	0.05110	0.06455	0.01399	0.00807	0.00215	0.00323	0.01237	0.00753	0.00646
5	0.01829	0.76368	0.03585	0.01171	0.01756	0.02707	0.01171	0.02049	0.01390	0.01610	0.00951	0.01097	0.00878	0.00585	0.00439	0.00146	0.00732	0.00366	0.00293	0.00878
6	0.01267	0.01182	0.01984	0.70334	0.04510	0.01468	0.01831	0.01705	0.01365	0.01748	0.01355	0.05820	0.01108	0.00763	0.00694	0.00231	0.00884	0.00681	0.00322	0.00749
7	0.00890	0.00636	0.00858	0.01017	0.01081	0.00604	0.00733	0.01050	0.01365	0.01809	0.03740	0.61331	0.04402	0.02090	0.00888	0.00286	0.00446	0.15569	0.00634	0.00571
8	0.00937	0.00693	0.00875	0.00841	0.01006	0.00630	0.00626	0.01226	0.01845	0.02554	0.57945	0.09259	0.16044	0.01490	0.00811	0.00221	0.00330	0.01308	0.00729	0.00630
9	0.01390	0.03412	0.67276	0.02020	0.03007	0.01599	0.07536	0.02168	0.01457	0.02168	0.01239	0.01475	0.00880	0.00644	0.00662	0.00218	0.01022	0.00528	0.00293	0.01004
10	0.01456	0.16065	0.52405	0.07285	0.02905	0.01785	0.04833	0.02115	0.01436	0.02038	0.01184	0.01428	0.00879	0.00638	0.00622	0.00206	0.00960	0.00500	0.00293	0.00965
11	0.01372	0.03539	0.72412	0.01950	0.02961	0.01589	0.02528	0.02167	0.01444	0.02167	0.01228	0.01444	0.00867	0.00650	0.00650	0.00217	0.01011	0.00506	0.00289	0.01011
12	0.01077	0.00769	0.01073	0.01231	0.01377	0.00765	0.01058	0.01373	0.01550	0.02019	0.03636	0.14170	0.03993	0.01914	0.00938	0.00311	0.00608	0.60884	0.00630	0.00623
13	0.01292	0.01216	0.02052	0.74312	0.04712	0.01520	0.01900	0.01748	0.01368	0.01748	0.01216	0.01824	0.00912	0.00684	0.00684	0.00228	0.00912	0.00608	0.00304	0.00760
14	0.01269	0.01140	0.01878	0.61130	0.06332	0.01387	0.01708	0.01688	0.01375	0.01822	0.01484	0.07407	0.01250	0.00799	0.00683	0.00226	0.00827	0.00711	0.06136	0.00746
15	0.02601	0.01916	0.02053	0.01574	0.02122	0.02122	0.01300	0.69408	0.03217	0.04312	0.01643	0.01643	0.01163	0.00821	0.00684	0.00205	0.00753	0.00616	0.00684	0.01163
16	0.02395	0.01735	0.01886	0.01474	0.01953	0.01912	0.01201	0.56095	0.04598	0.06689	0.01902	0.02050	0.03586	0.06132	0.00929	0.00242	0.02808	0.00676	0.00660	0.01078
17	0.01677	0.01609	0.02748	0.06990	0.69023	0.01621	0.02092	0.02086	0.01550	0.02216	0.01284	0.01698	0.01077	0.00613	0.00678	0.00204	0.00817	0.00610	0.00337	0.01071
18	0.01679	0.01611	0.02750	0.06766	0.69237	0.01622	0.02092	0.02087	0.01551	0.02217	0.01284	0.01698	0.01077	0.00612	0.00678	0.00204	0.00816	0.00610	0.00337	0.01072
19	0.01419	0.01216	0.01419	0.01013	0.01621	0.00912	0.00811	0.01723	0.01419	0.02229	0.01216	0.01419	0.01013	0.00507	0.00507	0.00101	0.00507	0.00405	0.00405	0.80139
20	0.02754	0.01537	0.01802	0.01396	0.01924	0.01576	0.01149	0.34243	0.07347	0.35587	0.02211	0.02024	0.01473	0.00841	0.00687	0.00210	0.00659	0.00660	0.00760	0.01158
21	0.01829	0.76368	0.03585	0.01171	0.01756	0.02707	0.01171	0.02049	0.01390	0.01610	0.00951	0.01097	0.00878	0.00585	0.00439	0.00146	0.00732	0.00366	0.00293	0.00878
22	0.00994	0.00667	0.00763	0.00763	0.00769	0.00672	0.00436	0.01006	0.01000	0.01339	0.02140	0.04391	0.02450	0.72567	0.06821	0.00684	0.00719	0.00982	0.00412	0.00424
23	0.00834	0.00595	0.00794	0.00953	0.00992	0.00556	0.00635	0.00953	0.01310	0.01746	0.03771	0.75510	0.04525	0.02143	0.00873	0.00278	0.00397	0.01945	0.00635	0.00556
24	0.01741	0.01717	0.02730	0.04063	0.67807	0.05620	0.02056	0.02135	0.01579	0.02204	0.01274	0.01668	0.01072	0.00615	0.00674	0.00202	0.00836	0.00600	0.00339	0.01067
25	0.01862	0.57405	0.08342	0.01421	0.02019	0.10437	0.06394	0.02144	0.01472	0.01700	0.01015	0.01194	0.00890	0.00603	0.00502	0.00161	0.00839	0.00417	0.00303	0.00881
26	0.00854	0.00604	0.00788	0.00927	0.00962	0.00569	0.00608	0.00958	0.01271	0.01694	0.03569	0.66653	0.04271	0.11347	0.01199	0.00326	0.00430	0.01826	0.00608	0.00538
27	0.01419	0.01216	0.01419	0.01013	0.01621	0.00912	0.00811	0.01723	0.01419	0.02229	0.01216	0.01419	0.01013	0.00507	0.00507	0.00101	0.00507	0.00405	0.00405	0.80139
28	0.01468	0.01245	0.01445	0.01037	0.01642	0.00962	0.00831	0.04546	0.01494	0.02316	0.01234	0.01428	0.01020	0.00520	0.00514	0.00106	0.00517	0.00414	0.00417	0.76845
29	0.00867	0.00637	0.00822	0.00928	0.01016	0.00579	0.00635	0.01014	0.01383	0.01853	0.09262	0.61657	0.09555	0.01985	0.00848	0.00262	0.00392	0.01787	0.00635	0.03884
30	0.01624	0.01238	0.01507	0.06403	0.01879	0.01013	0.00929	0.04519	0.01540	0.09415	0.01384	0.01550	0.01081	0.00567	0.00545	0.00126	0.00554	0.00457	0.00454	0.63217
31	0.01919	0.01752	0.02445	0.03213	0.46027	0.05708	0.01775	0.15927	0.07618	0.02677	0.01468	0.01721	0.01170	0.00682	0.00672	0.00202	0.00793	0.00610	0.00441	0.03178
32	0.01170	0.00826	0.00936	0.00868	0.00980	0.00813	0.00555	0.07423	0.01271	0.01729	0.02169	0.10551	0.02414	0.54899	0.02695	0.00531	0.00632	0.00992	0.00459	0.08086

[dist]
# distance from previous block
# <min> <max>
0	1

[block]
# block no. 3 follows, 31 sequences, length 30
# corresponding to MSA columns:
# 99-128
name=unknown_D
#
# <colnr> <probs for GDERKNQSTAVLIFYWHMCP>
#	G	D	E	R	K	N	Q	S	T	A	V	L	I	F	Y	W	H	M	C	P
0	0.04823	0.17374	0.02302	0.04461	0.08333	0.45900	0.01357	0.02506	0.03684	0.01794	0.01108	0.01303	0.00929	0.00676	0.00585	0.00177	0.01043	0.00454	0.00350	0.00841
1	0.01013	0.00710	0.00888	0.00847	0.00879	0.00703	0.03351	0.01044	0.01037	0.01384	0.02202	0.07853	0.02526	0.69126	0.03240	0.00626	0.00671	0.01034	0.00422	0.00443
2	0.01457	0.02935	0.48988	0.02329	0.08122	0.01641	0.18068	0.02150	0.01480	0.02160	0.01258	0.01558	0.00924	0.00648	0.00741	0.00222	0.03440	0.00587	0.00306	0.00987
3	0.02309	0.14968	0.07860	0.01684	0.02115	0.53790	0.01400	0.02541	0.01782	0.01703	0.01049	0.01237	0.00880	0.00698	0.00645	0.00179	0.03565	0.00439	0.00336	0.00823
4	0.01522	0.01489	0.01586	0.01432	0.01552	0.14493	0.01143	0.01727	0.01283	0.01776	0.01373	0.01918	0.01236	0.02058	0.19948	0.00461	0.31112	0.00611	0.12577	0.00704
5	0.01419	0.01216	0.01419	0.01013	0.01621	0.00912	0.00811	0.01723	0.01419	0.02229	0.01216	0.01419	0.01013	0.00507	0.00507	0.00101	0.00507	0.00405	0.00405	0.80139
6	0.01109	0.00805	0.01094	0.01205	0.01373	0.00807	0.01032	0.01498	0.04736	0.02190	0.13912	0.07087	0.04238	0.01772	0.00913	0.00296	0.00579	0.54050	0.00652	0.00653
7	0.00833	0.00619	0.00777	0.00895	0.00979	0.00563	0.00611	0.00970	0.01384	0.01802	0.06752	0.58655	0.18602	0.02032	0.00857	0.00266	0.00384	0.01816	0.00639	0.00563
8	0.27550	0.01248	0.01425	0.01133	0.01630	0.01223	0.00935	0.05896	0.01765	0.47321	0.02101	0.01914	0.01369	0.00779	0.00604	0.00211	0.00573	0.00585	0.00706	0.01031
9	0.01416	0.01343	0.02276	0.52641	0.25414	0.01553	0.01962	0.01857	0.01427	0.01899	0.01238	0.01784	0.00965	0.00661	0.00682	0.00220	0.00881	0.00608	0.00315	0.00860
10	0.01372	0.03539	0.72412	0.01950	0.02961	0.01589	0.02528	0.02167	0.01444	0.02167	0.01228	0.01444	0.00867	0.00650	0.00650	0.00217	0.01011	0.00506	0.00289	0.01011
11	0.00978	0.00730	0.01082	0.01082	0.01198	0.00846	0.00834	0.01211	0.01094	0.01575	0.01848	0.02776	0.01748	0.08609	0.69819	0.01078	0.01775	0.00746	0.00369	0.00601
12	0.01409	0.09476	0.66801	0.01886	0.02863	0.01680	0.02417	0.02157	0.01440	0.02121	0.01205	0.01416	0.00868	0.00645	0.00633	0.00211	0.00988	0.00494	0.00289	0.01000
13	0.01292	0.01216	0.02052	0.74312	0.04712	0.01520	0.01900	0.01748	0.01368	0.01748	0.01216	0.01824	0.00912	0.00684	0.00684	0.00228	0.00912	0.00608	0.00304	0.00760
14	0.00968	0.00699	0.00914	0.00861	0.01022	0.00646	0.00646	0.01291	0.01937	0.02743	0.71328	0.05110	0.06455	0.01399	0.00807	0.00215	0.00323	0.01237	0.00753	0.00646
15	0.01282	0.01192	0.02000	0.70281	0.04530	0.01480	0.01856	0.01730	0.01379	0.01765	0.01349	0.02149	0.01079	0.00751	0.00698	0.00233	0.00896	0.04276	0.00322	0.00753
16	0.03045	0.01203	0.01612	0.01236	0.01766	0.01063	0.01021	0.06756	0.02023	0.68648	0.02644	0.02293	0.01666	0.00845	0.00688	0.00211	0.00591	0.00684	0.00838	0.01164
17	0.64343	0.01388	0.01189	0.01013	0.01461	0.01569	0.00835	0.10921	0.01496	0.08773	0.01183	0.01278	0.00873	0.00676	0.00479	0.00211	0.00563	0.00428	0.00491	0.00830
18	0.07919	0.01482	0.02423	0.24419	0.46478	0.01587	0.01932	0.01990	0.01471	0.02160	0.01239	0.01685	0.01006	0.00633	0.00659	0.00211	0.00819	0.00590	0.00335	0.00962
19	0.01441	0.01249	0.01528	0.01269	0.07240	0.00969	0.00914	0.01753	0.01430	0.02230	0.01222	0.01441	0.01019	0.00515	0.00520	0.00110	0.00531	0.00422	0.00400	0.73799
20	0.01402	0.01194	0.01402	0.01026	0.01611	0.00906	0.00826	0.01707	0.01427	0.02220	0.01341	0.01745	0.01165	0.00578	0.00529	0.00112	0.00513	0.03859	0.00417	0.76021
21	0.03205	0.00838	0.01092	0.00978	0.01182	0.00828	0.00759	0.01592	0.01838	0.11633	0.53132	0.04408	0.07226	0.01303	0.00898	0.00222	0.06327	0.01100	0.00717	0.00721
22	0.01655	0.01327	0.01866	0.15753	0.02452	0.01341	0.08897	0.11052	0.09939	0.07842	0.07136	0.04565	0.04767	0.00838	0.00683	0.00198	0.00679	0.00739	0.00527	0.17744
23	0.00841	0.00643	0.00762	0.00850	0.00965	0.00577	0.00593	0.00981	0.01397	0.01772	0.04898	0.42868	0.30237	0.06050	0.00994	0.00282	0.00399	0.03708	0.00623	0.00559
24	0.01829	0.76368	0.03585	0.01171	0.01756	0.02707	0.01171	0.02049	0.01390	0.01610	0.00951	0.01097	0.00878	0.00585	0.00439	0.00146	0.00732	0.00366	0.00293	0.00878
25	0.01293	0.01012	0.01265	0.13974	0.01831	0.01122	0.00961	0.05507	0.15438	0.02023	0.04662	0.03915	0.02385	0.30796	0.01836	0.00411	0.00671	0.09699	0.00508	0.00690
26	0.08665	0.02077	0.12783	0.01559	0.02162	0.01939	0.01427	0.48975	0.05179	0.06160	0.01601	0.01626	0.01136	0.00785	0.00659	0.00209	0.00761	0.00587	0.00608	0.01103
27	0.01582	0.01371	0.02052	0.58194	0.04138	0.01653	0.01767	0.16741	0.01778	0.02316	0.01311	0.01784	0.00968	0.00714	0.00684	0.00223	0.00877	0.00610	0.00388	0.00849
28	0.01110	0.07000	0.01500	0.17322	0.02029	0.01141	0.01103	0.01394	0.01192	0.01632	0.01706	0.05464	0.01585	0.03648	0.48153	0.00794	0.01478	0.00727	0.00358	0.00663
29	0.23608	0.04929	0.12583	0.01660	0.09892	0.06977	0.03767	0.03844	0.01410	0.03896	0.01447	0.01781	0.02670	0.01667	0.16676	0.00404	0.01014	0.00559	0.00388	0.00828

[dist]
# distance from previous block
# <min> <max>
0	4

[block]
# block no. 4 follows, 31 sequences, length 56
# corresponding to MSA columns:
# 133-188
name=unknown_E
#
# <colnr> <probs for GDERKNQSTAVLIFYWHMCP>
#	G	D	E	R	K	N	Q	S	T	A	V	L	I	F	Y	W	H	M	C	P
0	0.01481	0.01161	0.01379	0.01015	0.01572	0.00890	0.00808	0.01779	0.01485	0.06869	0.05978	0.03870	0.01516	0.00635	0.00549	0.00121	0.00496	0.00523	0.00464	0.67408
1	0.01603	0.01406	0.06158	0.01138	0.01749	0.01050	0.00983	0.06936	0.01596	0.06964	0.01420	0.01691	0.01150	0.00605	0.00555	0.00131	0.00567	0.02501	0.00454	0.61344
2	0.01741	0.00937	0.01231	0.01089	0.01427	0.00822	0.00881	0.02014	0.01714	0.25456	0.14751	0.11417	0.05734	0.01279	0.00760	0.00226	0.00509	0.15024	0.00691	0.12298
3	0.02372	0.02772	0.01907	0.01676	0.02045	0.52376	0.01285	0.09851	0.05543	0.02056	0.01211	0.01376	0.00984	0.00748	0.00728	0.00185	0.05907	0.00485	0.00406	0.06088
4	0.01667	0.01599	0.02729	0.08789	0.67304	0.01619	0.02087	0.02077	0.01545	0.02203	0.01282	0.01702	0.01072	0.00614	0.00678	0.00205	0.00819	0.00609	0.00336	0.01062
5	0.01354	0.01234	0.02025	0.44438	0.13769	0.01408	0.04263	0.03978	0.01507	0.01970	0.01893	0.02903	0.05052	0.00903	0.00732	0.00236	0.00831	0.10317	0.00388	0.00799
6	0.02511	0.07958	0.02054	0.01711	0.02092	0.63898	0.01311	0.07092	0.01987	0.01844	0.01089	0.01252	0.00900	0.00705	0.00610	0.00176	0.01169	0.00447	0.00371	0.00823
7	0.01829	0.76368	0.03585	0.01171	0.01756	0.02707	0.01171	0.02049	0.01390	0.01610	0.00951	0.01097	0.00878	0.00585	0.00439	0.00146	0.00732	0.00366	0.00293	0.00878
8	0.01506	0.13196	0.56275	0.01881	0.02798	0.01730	0.06658	0.02191	0.01465	0.04420	0.01249	0.01453	0.00907	0.00643	0.00633	0.00208	0.00968	0.00512	0.00312	0.00992
9	0.05128	0.01528	0.01606	0.01362	0.01803	0.06207	0.01081	0.08753	0.37940	0.23192	0.02487	0.02274	0.01770	0.00870	0.00678	0.00220	0.00615	0.00699	0.00707	0.01082
10	0.02906	0.01155	0.01553	0.01213	0.01711	0.01017	0.00992	0.05599	0.01962	0.65067	0.02731	0.07094	0.01859	0.00931	0.00700	0.00216	0.00576	0.00768	0.00827	0.01124
11	0.01188	0.00594	0.00891	0.00891	0.00891	0.00594	0.00594	0.00891	0.00891	0.01188	0.01188	0.02080	0.01188	0.02377	0.02674	0.80095	0.00594	0.00594	0.00297	0.00297
12	0.01645	0.01597	0.02624	0.16663	0.57817	0.03564	0.02043	0.02054	0.01534	0.02133	0.01268	0.01704	0.01047	0.00625	0.00677	0.00207	0.00842	0.00605	0.00333	0.01018
13	0.01514	0.01680	0.03584	0.02615	0.03209	0.01591	0.59000	0.02023	0.01563	0.02123	0.01672	0.11085	0.01472	0.00788	0.00850	0.00238	0.02792	0.00945	0.00381	0.00873
14	0.02619	0.01239	0.01586	0.01266	0.01733	0.01200	0.01034	0.12325	0.07698	0.47762	0.02446	0.02298	0.01654	0.01407	0.10116	0.00328	0.00765	0.00691	0.00749	0.01086
15	0.00837	0.00598	0.00797	0.00950	0.00993	0.00558	0.00635	0.00962	0.01327	0.01774	0.05658	0.73544	0.04579	0.02123	0.00871	0.00276	0.00395	0.01925	0.00638	0.00558
16	0.01576	0.01754	0.03612	0.02643	0.03195	0.01770	0.55405	0.02065	0.01505	0.02083	0.01350	0.03449	0.01092	0.00724	0.01069	0.00244	0.14442	0.00795	0.00344	0.00883
17	0.01568	0.01491	0.02501	0.26031	0.47927	0.01596	0.01996	0.02051	0.04257	0.02108	0.01325	0.01769	0.01070	0.00646	0.00680	0.00212	0.00833	0.00616	0.00342	0.00982
18	0.05020	0.01625	0.01663	0.01340	0.01828	0.14893	0.01079	0.06963	0.04956	0.49960	0.02281	0.02057	0.01499	0.00816	0.00667	0.00205	0.00713	0.00632	0.00725	0.01078
19	0.01610	0.01832	0.03962	0.02842	0.03507	0.01744	0.66596	0.02170	0.01593	0.02170	0.01365	0.01832	0.01033	0.00601	0.00863	0.00233	0.03987	0.00799	0.00344	0.00916
20	0.01289	0.01103	0.01775	0.59880	0.03945	0.01347	0.01621	0.01718	0.01381	0.01905	0.01415	0.01966	0.01077	0.00706	0.00644	0.00215	0.00796	0.00614	0.15868	0.00736
21	0.01373	0.01013	0.01199	0.01156	0.01358	0.01065	0.00856	0.19903	0.05411	0.02498	0.03007	0.46630	0.03290	0.01915	0.05594	0.00310	0.00597	0.01439	0.00634	0.00754
22	0.01093	0.00790	0.00979	0.01044	0.01158	0.00786	0.00733	0.11017	0.01590	0.02124	0.03458	0.64650	0.04031	0.01949	0.00845	0.00267	0.00449	0.01750	0.00642	0.00645
23	0.01602	0.01821	0.03959	0.05676	0.03620	0.01722	0.66573	0.02174	0.01605	0.02174	0.01378	0.01845	0.01033	0.00581	0.00803	0.00231	0.01144	0.00800	0.00344	0.00916
24	0.01367	0.01329	0.02069	0.01743	0.01867	0.01701	0.10115	0.01599	0.01136	0.01701	0.01222	0.01875	0.01143	0.02216	0.21897	0.00514	0.44786	0.00663	0.00324	0.00733
25	0.01674	0.02013	0.08162	0.02970	0.14913	0.06426	0.49050	0.02210	0.01615	0.02163	0.01336	0.01753	0.01024	0.00596	0.00763	0.00222	0.01092	0.00730	0.00341	0.00947
26	0.01042	0.00863	0.03678	0.01032	0.01223	0.00770	0.00837	0.01463	0.06485	0.02449	0.40789	0.15265	0.05164	0.01542	0.00830	0.00245	0.00436	0.14522	0.00690	0.00674
27	0.00859	0.00692	0.00760	0.00779	0.00972	0.00603	0.00585	0.01049	0.01562	0.01936	0.13478	0.11881	0.50883	0.04599	0.00927	0.00256	0.00382	0.06576	0.00640	0.00581
28	0.01363	0.01638	0.13905	0.58939	0.04304	0.01558	0.01979	0.04780	0.01462	0.01931	0.01237	0.01752	0.00915	0.00684	0.00678	0.00225	0.00922	0.00591	0.00318	0.00820
29	0.00865	0.00618	0.00830	0.00989	0.01043	0.00583	0.00690	0.01008	0.01341	0.01782	0.03753	0.67494	0.04455	0.02113	0.00882	0.00282	0.00424	0.09647	0.00634	0.00564
30	0.01372	0.03539	0.72412	0.01950	0.02961	0.01589	0.02528	0.02167	0.01444	0.02167	0.01228	0.01444	0.00867	0.00650	0.00650	0.00217	0.01011	0.00506	0.00289	0.01011
31	0.02556	0.03261	0.01939	0.01763	0.02115	0.73210	0.01322	0.02732	0.01939	0.01674	0.01058	0.01234	0.00881	0.00705	0.00617	0.00176	0.01234	0.00441	0.00353	0.00793
32	0.00834	0.00595	0.00794	0.00953	0.00992	0.00556	0.00635	0.00953	0.01310	0.01746	0.03771	0.75510	0.04525	0.02143	0.00873	0.00278	0.00397	0.01945	0.00635	0.00556
33	0.01576	0.36083	0.41656	0.01602	0.02423	0.02089	0.01921	0.02114	0.01420	0.01918	0.01104	0.01289	0.00872	0.00621	0.00556	0.00185	0.00886	0.00443	0.00291	0.00952
34	0.00845	0.00604	0.00807	0.00966	0.01011	0.00566	0.00655	0.00973	0.01321	0.01759	0.03764	0.72589	0.04500	0.02132	0.00876	0.00279	0.00407	0.04752	0.00635	0.00559
35	0.01061	0.00767	0.01049	0.01195	0.01350	0.00755	0.01025	0.01351	0.01555	0.02011	0.03890	0.12307	0.09226	0.01895	0.00929	0.00306	0.00592	0.57484	0.00631	0.00621
36	0.02129	0.10044	0.01953	0.01387	0.01832	0.01845	0.01139	0.46672	0.02616	0.03483	0.04992	0.14833	0.01959	0.01054	0.00696	0.00212	0.00668	0.00851	0.00634	0.01001
37	0.01693	0.01626	0.02777	0.04199	0.71689	0.01626	0.02100	0.02100	0.01558	0.02235	0.01287	0.01693	0.01084	0.00610	0.00677	0.00203	0.00813	0.00610	0.00339	0.01084
38	0.01181	0.01044	0.01561	0.01415	0.01513	0.01315	0.04015	0.01398	0.01116	0.01644	0.01598	0.06621	0.01563	0.03358	0.40553	0.00728	0.27587	0.00762	0.00358	0.00670
39	0.77855	0.01317	0.01028	0.00912	0.01339	0.01515	0.00751	0.02061	0.01194	0.05678	0.01019	0.01157	0.00777	0.00643	0.00433	0.00212	0.00531	0.00382	0.00439	0.00757
40	0.01758	0.01223	0.01465	0.01065	0.01657	0.00958	0.00859	0.03611	0.01563	0.15474	0.01506	0.01596	0.01145	0.00578	0.00545	0.00125	0.00527	0.00464	0.00495	0.63388
41	0.01711	0.50919	0.22563	0.01430	0.02103	0.04545	0.01565	0.02086	0.01408	0.01768	0.01029	0.01214	0.00876	0.00631	0.00575	0.00173	0.03787	0.00416	0.00294	0.00907
42	0.01352	0.00800	0.01034	0.00965	0.01181	0.00741	0.00725	0.01694	0.05167	0.15140	0.38605	0.19476	0.07503	0.01446	0.00794	0.00229	0.00397	0.01273	0.00738	0.00740
43	0.01188	0.00594	0.00891	0.00891	0.00891	0.00594	0.00594	0.00891	0.00891	0.01188	0.01188	0.02080	0.01188	0.02377	0.02674	0.80095	0.00594	0.00594	0.00297	0.00297
44	0.01371	0.01289	0.02067	0.18694	0.38269	0.01326	0.01638	0.01727	0.01516	0.02026	0.02762	0.03014	0.19620	0.00923	0.00713	0.00216	0.00711	0.00830	0.00409	0.00879
45	0.01465	0.01548	0.03098	0.02601	0.11902	0.01516	0.42051	0.01899	0.01506	0.02070	0.01798	0.16077	0.01709	0.00931	0.00910	0.00241	0.06433	0.00986	0.00398	0.00860
46	0.01722	0.01860	0.01797	0.01602	0.01744	0.23414	0.01269	0.03389	0.01375	0.01690	0.01197	0.01779	0.01124	0.05064	0.15363	0.00429	0.33515	0.00594	0.00342	0.00730
47	0.02479	0.03148	0.01884	0.01716	0.02063	0.70031	0.01287	0.02655	0.01922	0.01682	0.01315	0.01468	0.03968	0.00750	0.00625	0.00179	0.01195	0.00485	0.00365	0.00784
48	0.01614	0.01777	0.02952	0.13431	0.05813	0.09774	0.33664	0.02025	0.01500	0.01952	0.01360	0.05534	0.01160	0.00795	0.01008	0.00237	0.13463	0.00752	0.00347	0.00841
49	0.01324	0.01286	0.02305	0.48998	0.03961	0.01460	0.15532	0.01819	0.03350	0.01935	0.06058	0.05893	0.01524	0.00792	0.00728	0.00230	0.00886	0.00764	0.00370	0.00784
50	0.00834	0.00595	0.00794	0.00953	0.00992	0.00556	0.00635	0.00953	0.01310	0.01746	0.03771	0.75510	0.04525	0.02143	0.00873	0.00278	0.00397	0.01945	0.00635	0.00556
51	0.01400	0.03347	0.64683	0.02055	0.03030	0.01605	0.10064	0.02169	0.01464	0.02169	0.01245	0.01490	0.00886	0.00642	0.00668	0.00218	0.01027	0.00540	0.00295	0.01001
52	0.11785	0.01063	0.01327	0.01215	0.05054	0.01026	0.00901	0.06621	0.01883	0.27054	0.27183	0.06541	0.03361	0.01067	0.00706	0.00215	0.00496	0.00897	0.00713	0.00891
53	0.01031	0.00721	0.00879	0.00889	0.00955	0.00735	0.00594	0.03642	0.01229	0.01655	0.05772	0.13923	0.04756	0.43325	0.12574	0.00603	0.00770	0.04945	0.00482	0.00517
54	0.00933	0.00667	0.00857	0.00975	0.01039	0.00642	0.00659	0.04510	0.01394	0.01860	0.03584	0.68337	0.04255	0.05541	0.00986	0.00292	0.00428	0.01831	0.00627	0.00581
55	0.02407	0.01519	0.01726	0.01392	0.01862	0.01612	0.01124	0.33149	0.15945	0.22081	0.02324	0.07986	0.01760	0.00956	0.00703	0.00218	0.00637	0.00774	0.00726	0.01099

[dist]
# distance from previous block
# <min> <max>
0	37

[block]
# block no. 5 follows, 31 sequences, length 76
# corresponding to MSA columns:
# 226-301
name=unknown_F
#
# <colnr> <probs for GDERKNQSTAVLIFYWHMCP>
#	G	D	E	R	K	N	Q	S	T	A	V	L	I	F	Y	W	H	M	C	P
0	0.03962	0.01220	0.02017	0.71846	0.04598	0.01520	0.01861	0.01757	0.01361	0.01792	0.01207	0.01800	0.00906	0.00682	0.00675	0.00227	0.00899	0.00600	0.00308	0.00759
1	0.01064	0.00769	0.01048	0.01179	0.01323	0.00766	0.00983	0.01399	0.03870	0.02072	0.08651	0.19601	0.04168	0.01867	0.00913	0.00298	0.00562	0.48192	0.00642	0.00633
2	0.01649	0.01896	0.03961	0.02843	0.03523	0.04301	0.66762	0.02211	0.01626	0.02173	0.01372	0.01823	0.01032	0.00581	0.00801	0.00229	0.01156	0.00794	0.00346	0.00918
3	0.02100	0.01499	0.02214	0.14616	0.29821	0.01558	0.01640	0.14312	0.04390	0.18420	0.01713	0.01881	0.01244	0.00725	0.00683	0.00211	0.00757	0.00634	0.00522	0.01062
4	0.01077	0.01124	0.06907	0.01507	0.01782	0.00927	0.17162	0.01368	0.01409	0.01903	0.03003	0.48126	0.03384	0.01643	0.00845	0.00264	0.00638	0.05707	0.00540	0.00682
5	0.02894	0.01162	0.01556	0.01212	0.01717	0.01032	0.00994	0.03263	0.06117	0.64911	0.05712	0.02464	0.01926	0.00876	0.00694	0.00213	0.00568	0.00717	0.00834	0.01137
6	0.01605	0.01406	0.02663	0.02022	0.02481	0.01360	0.35322	0.04071	0.01678	0.10261	0.11911	0.11208	0.02380	0.00993	0.00889	0.00238	0.05320	0.02824	0.00512	0.00856
7	0.01413	0.03253	0.60878	0.02107	0.03065	0.01613	0.13775	0.02171	0.01473	0.02171	0.01254	0.01512	0.00896	0.00638	0.00677	0.00219	0.01035	0.00556	0.00299	0.00996
8	0.01341	0.01401	0.02771	0.06530	0.02718	0.01375	0.39353	0.01745	0.01487	0.01998	0.02324	0.19746	0.07081	0.01082	0.00907	0.00246	0.05574	0.01101	0.00431	0.00789
9	0.07349	0.02676	0.01881	0.07109	0.04177	0.49710	0.01318	0.09556	0.04251	0.02092	0.01215	0.01449	0.00989	0.02541	0.00690	0.00200	0.01066	0.00496	0.00401	0.00835
10	0.04928	0.06673	0.49032	0.02207	0.11766	0.01635	0.07942	0.02124	0.01472	0.02204	0.03073	0.01575	0.01052	0.00654	0.00650	0.00212	0.00944	0.00551	0.00319	0.00985
11	0.01546	0.01942	0.16897	0.02985	0.37103	0.04598	0.05567	0.02014	0.01557	0.02158	0.01723	0.02800	0.01582	0.00869	0.00728	0.00228	0.00855	0.13503	0.00386	0.00959
12	0.00809	0.00693	0.00693	0.00693	0.00924	0.00578	0.00520	0.00982	0.01559	0.01848	0.06931	0.06584	0.71411	0.01733	0.00809	0.00231	0.00347	0.01444	0.00635	0.00578
13	0.06230	0.08814	0.62962	0.01828	0.02772	0.01669	0.02318	0.02148	0.01423	0.02180	0.01190	0.01398	0.00860	0.00644	0.00621	0.00211	0.00961	0.00487	0.00297	0.00985
14	0.07687	0.01470	0.01839	0.02096	0.20917	0.01593	0.01320	0.05857	0.35681	0.08082	0.02330	0.02297	0.04135	0.00837	0.00674	0.00220	0.00620	0.00709	0.00587	0.01049
15	0.01080	0.00724	0.00950	0.00880	0.01061	0.00665	0.00665	0.01400	0.01938	0.06445	0.67668	0.04962	0.06201	0.01369	0.00801	0.00215	0.00337	0.01208	0.00758	0.00673
16	0.02556	0.03261	0.01939	0.01763	0.02115	0.73210	0.01322	0.02732	0.01939	0.01674	0.01058	0.01234	0.00881	0.00705	0.00617	0.00176	0.01234	0.00441	0.00353	0.00793
17	0.01258	0.01170	0.01959	0.68863	0.04436	0.01448	0.01806	0.01689	0.01364	0.01748	0.01406	0.07298	0.01180	0.00792	0.00698	0.00232	0.00874	0.00707	0.00329	0.00745
18	0.01372	0.03539	0.72412	0.01950	0.02961	0.01589	0.02528	0.02167	0.01444	0.02167	0.01228	0.01444	0.00867	0.00650	0.00650	0.00217	0.01011	0.00506	0.00289	0.01011
19	0.01292	0.01216	0.02052	0.74312	0.04712	0.01520	0.01900	0.01748	0.01368	0.01748	0.01216	0.01824	0.00912	0.00684	0.00684	0.00228	0.00912	0.00608	0.00304	0.00760
20	0.01693	0.01626	0.02777	0.04199	0.71689	0.01626	0.02100	0.02100	0.01558	0.02235	0.01287	0.01693	0.01084	0.00610	0.00677	0.00203	0.00813	0.00610	0.00339	0.01084
21	0.01089	0.01013	0.05595	0.01401	0.06566	0.01023	0.01060	0.01356	0.01144	0.01657	0.01718	0.02586	0.01614	0.09148	0.54130	0.00898	0.06259	0.00720	0.00359	0.00666
22	0.01504	0.01519	0.02219	0.01865	0.01909	0.02072	0.05801	0.01681	0.01084	0.01681	0.00929	0.01519	0.00907	0.01158	0.02154	0.00295	0.70029	0.00612	0.00302	0.00759
23	0.01615	0.01845	0.04037	0.02884	0.03576	0.01730	0.69204	0.02191	0.01615	0.02191	0.01384	0.01845	0.01038	0.00577	0.00807	0.00231	0.01153	0.00807	0.00346	0.00923
24	0.01615	0.01845	0.04037	0.02884	0.03576	0.01730	0.69204	0.02191	0.01615	0.02191	0.01384	0.01845	0.01038	0.00577	0.00807	0.00231	0.01153	0.00807	0.00346	0.00923
25	0.02223	0.02592	0.01873	0.01831	0.07174	0.46790	0.01310	0.02889	0.20161	0.02043	0.01607	0.01802	0.01304	0.00791	0.00652	0.00197	0.01001	0.02423	0.00451	0.00887
26	0.01866	0.01456	0.01569	0.01382	0.01788	0.01649	0.01083	0.05948	0.61429	0.09621	0.02736	0.02498	0.02017	0.00916	0.00695	0.00229	0.00553	0.00760	0.00710	0.01094
27	0.07972	0.01235	0.01588	0.01226	0.01750	0.01129	0.01012	0.08544	0.02009	0.62334	0.02503	0.02196	0.01590	0.00831	0.00671	0.00211	0.00592	0.00662	0.00807	0.01137
28	0.01144	0.06425	0.01335	0.01125	0.01305	0.01068	0.00895	0.05611	0.01253	0.01756	0.01764	0.02553	0.01635	0.06500	0.61274	0.00960	0.01649	0.00706	0.00383	0.00660
29	0.01372	0.03539	0.72412	0.01950	0.02961	0.01589	0.02528	0.02167	0.01444	0.02167	0.01228	0.01444	0.00867	0.00650	0.00650	0.00217	0.01011	0.00506	0.00289	0.01011
30	0.00834	0.00595	0.00794	0.00953	0.00992	0.00556	0.00635	0.00953	0.01310	0.01746	0.03771	0.75510	0.04525	0.02143	0.00873	0.00278	0.00397	0.01945	0.00635	0.00556
31	0.02458	0.02933	0.01967	0.01744	0.02085	0.58045	0.01336	0.10395	0.02001	0.01979	0.01110	0.01307	0.00916	0.00766	0.00782	0.00192	0.08289	0.00476	0.00386	0.00832
32	0.02780	0.01100	0.01495	0.01168	0.01647	0.00956	0.00956	0.03052	0.01955	0.62593	0.12160	0.02712	0.02350	0.00923	0.00704	0.00212	0.00546	0.00764	0.00834	0.01093
33	0.00834	0.00595	0.00794	0.00953	0.00992	0.00556	0.00635	0.00953	0.01310	0.01746	0.03771	0.75510	0.04525	0.02143	0.00873	0.00278	0.00397	0.01945	0.00635	0.00556
34	0.02534	0.01891	0.02056	0.01588	0.02102	0.02120	0.01312	0.65292	0.03085	0.04150	0.01597	0.01634	0.01147	0.00844	0.00779	0.00211	0.05245	0.00615	0.00661	0.01138
35	0.01940	0.01175	0.01723	0.01465	0.01864	0.01142	0.10084	0.02555	0.13914	0.26203	0.02972	0.04140	0.04726	0.01183	0.00790	0.00251	0.00658	0.21607	0.00678	0.00930
36	0.01583	0.02070	0.13111	0.02760	0.03494	0.01711	0.60355	0.02188	0.01592	0.02188	0.01363	0.01792	0.01015	0.00586	0.00786	0.00229	0.01135	0.00767	0.00338	0.00934
37	0.01188	0.00594	0.00891	0.00891	0.00891	0.00594	0.00594	0.00891	0.00891	0.01188	0.01188	0.02080	0.01188	0.02377	0.02674	0.80095	0.00594	0.00594	0.00297	0.00297
38	0.01556	0.01528	0.02395	0.36481	0.36830	0.05580	0.01964	0.01972	0.01491	0.01979	0.01241	0.01728	0.00993	0.00649	0.00677	0.00213	0.00882	0.00599	0.00323	0.00918
39	0.01421	0.05907	0.60887	0.02046	0.03000	0.01647	0.11328	0.02166	0.01465	0.02150	0.01239	0.01485	0.00890	0.00638	0.00663	0.00216	0.01020	0.00541	0.00297	0.00995
40	0.00834	0.00595	0.00794	0.00953	0.00992	0.00556	0.00635	0.00953	0.01310	0.01746	0.03771	0.75510	0.04525	0.02143	0.00873	0.00278	0.00397	0.01945	0.00635	0.00556
41	0.01440	0.00797	0.00814	0.00754	0.00962	0.00822	0.00580	0.10024	0.01656	0.02770	0.02159	0.02438	0.01680	0.00800	0.00504	0.00165	0.00373	0.00635	0.69926	0.00703
42	0.01158	0.01278	0.11188	0.01470	0.01806	0.00964	0.14446	0.01495	0.01486	0.04384	0.11822	0.36756	0.03410	0.01587	0.03180	0.00277	0.00673	0.01350	0.00545	0.00724
43	0.01693	0.01626	0.02777	0.04199	0.71689	0.01626	0.02100	0.02100	0.01558	0.02235	0.01287	0.01693	0.01084	0.00610	0.00677	0.00203	0.00813	0.00610	0.00339	0.01084
44	0.02557	0.03222	0.01942	0.01757	0.02115	0.71181	0.01321	0.04635	0.01975	0.01750	0.01074	0.01245	0.00889	0.00708	0.00619	0.00177	0.01220	0.00446	0.00362	0.00804
45	0.00881	0.00716	0.00794	0.00833	0.01046	0.00629	0.00663	0.01089	0.01563	0.01897	0.06115	0.06863	0.54784	0.01771	0.00842	0.00252	0.00416	0.17619	0.00634	0.00590
46	0.01485	0.11311	0.60326	0.01873	0.02811	0.01696	0.04573	0.02193	0.01461	0.04394	0.01251	0.01449	0.00901	0.00647	0.00634	0.00209	0.00972	0.00506	0.00309	0.00999
47	0.00809	0.00693	0.00693	0.00693	0.00924	0.00578	0.00520	0.00982	0.01559	0.01848	0.06931	0.06584	0.71411	0.01733	0.00809	0.00231	0.00347	0.01444	0.00635	0.00578
48	0.01646	0.02042	0.10884	0.04604	0.05137	0.05519	0.45519	0.04022	0.01589	0.02151	0.01297	0.01722	0.00998	0.00669	0.00925	0.00232	0.09069	0.00717	0.00343	0.00913
49	0.02551	0.01555	0.06193	0.01372	0.01902	0.01443	0.01181	0.24147	0.09006	0.35157	0.06478	0.02247	0.01803	0.00868	0.00693	0.00212	0.00644	0.00695	0.00739	0.01115
50	0.03070	0.01164	0.01588	0.01217	0.01746	0.01006	0.01006	0.03334	0.01958	0.72163	0.02699	0.02329	0.01694	0.00847	0.00688	0.00212	0.00582	0.00688	0.00847	0.01164
51	0.01275	0.00638	0.00638	0.00638	0.00797	0.00638	0.00478	0.01594	0.01435	0.02551	0.02232	0.02551	0.01754	0.00797	0.00478	0.00159	0.00319	0.00638	0.79755	0.00638
52	0.18502	0.03257	0.01400	0.01103	0.01525	0.01186	0.00894	0.04993	0.07079	0.34589	0.13370	0.02559	0.02285	0.03386	0.00739	0.00227	0.00539	0.00717	0.00697	0.00954
53	0.01772	0.05961	0.12914	0.06571	0.11207	0.14150	0.03811	0.09524	0.08271	0.02342	0.07086	0.02213	0.01664	0.00853	0.00774	0.00216	0.05166	0.04144	0.00447	0.00915
54	0.00859	0.00657	0.00793	0.00870	0.01002	0.00591	0.00628	0.01035	0.01489	0.01915	0.12258	0.37451	0.29320	0.01892	0.00848	0.00257	0.00388	0.06522	0.00648	0.00579
55	0.07388	0.03007	0.55055	0.01872	0.02759	0.01534	0.07705	0.02207	0.01484	0.06701	0.03228	0.01609	0.01077	0.00676	0.00653	0.00217	0.00941	0.00552	0.00352	0.00984
56	0.06889	0.11933	0.01910	0.01494	0.04287	0.22616	0.01156	0.08871	0.17808	0.04628	0.02103	0.02285	0.06586	0.00877	0.00639	0.00202	0.00789	0.03515	0.00509	0.00903
57	0.01486	0.01550	0.04491	0.08924	0.02442	0.05916	0.19395	0.03640	0.01401	0.01947	0.01465	0.06508	0.01314	0.01395	0.09154	0.00340	0.21921	0.00746	0.05180	0.00784
58	0.00861	0.00705	0.00818	0.04720	0.01177	0.00638	0.00662	0.01047	0.01492	0.01833	0.05651	0.22523	0.47202	0.01784	0.00827	0.00248	0.00409	0.06201	0.00617	0.00586
59	0.03759	0.17186	0.44963	0.01758	0.02573	0.09560	0.04252	0.02244	0.01504	0.04524	0.01207	0.01391	0.00902	0.00648	0.00607	0.00199	0.00959	0.00485	0.00322	0.00957
60	0.01525	0.03005	0.51908	0.02004	0.02869	0.01652	0.11240	0.09286	0.01641	0.02373	0.01350	0.03461	0.01018	0.00713	0.00726	0.00221	0.03066	0.00598	0.00348	0.00996
61	0.00860	0.00611	0.00809	0.00951	0.00994	0.00581	0.00640	0.00980	0.01289	0.01720	0.03585	0.65456	0.04266	0.08073	0.03049	0.00332	0.00465	0.04180	0.00610	0.00549
62	0.01546	0.01475	0.02511	0.29899	0.47139	0.01587	0.02026	0.01971	0.01488	0.02057	0.01261	0.01741	0.01021	0.00637	0.00680	0.00212	0.00849	0.00609	0.00326	0.00965
63	0.01696	0.01567	0.02432	0.26242	0.41308	0.04735	0.01924	0.05598	0.01614	0.04450	0.01319	0.01733	0.01044	0.00656	0.00678	0.00210	0.00852	0.00605	0.00363	0.00974
64	0.01372	0.03539	0.72412	0.01950	0.02961	0.01589	0.02528	0.02167	0.01444	0.02167	0.01228	0.01444	0.00867	0.00650	0.00650	0.00217	0.01011	0.00506	0.00289	0.01011
65	0.03070	0.01164	0.01588	0.01217	0.01746	0.01006	0.01006	0.03334	0.01958	0.72163	0.02699	0.02329	0.01694	0.00847	0.00688	0.00212	0.00582	0.00688	0.00847	0.01164
66	0.02567	0.01360	0.05586	0.01420	0.01955	0.01143	0.08479	0.06881	0.01966	0.49310	0.09785	0.02487	0.02058	0.00865	0.00712	0.00214	0.00649	0.00746	0.00743	0.01074
67	0.04853	0.03442	0.69282	0.01904	0.02889	0.01586	0.02449	0.02160	0.01432	0.02206	0.01216	0.01430	0.00861	0.00649	0.00640	0.00216	0.00990	0.00500	0.00295	0.00999
68	0.01405	0.01294	0.02117	0.63706	0.10598	0.01565	0.01883	0.05766	0.01494	0.01943	0.01248	0.01802	0.00942	0.00685	0.00683	0.00224	0.00894	0.00609	0.00330	0.00813
69	0.74817	0.05236	0.01165	0.00930	0.01365	0.01610	0.00777	0.03625	0.01225	0.03023	0.00969	0.01123	0.00758	0.00637	0.00430	0.00208	0.00545	0.00376	0.00423	0.00758
70	0.01188	0.00594	0.00891	0.00891	0.00891	0.00594	0.00594	0.00891	0.00891	0.01188	0.01188	0.02080	0.01188	0.02377	0.02674	0.80095	0.00594	0.00594	0.00297	0.00297
71	0.02431	0.13081	0.02187	0.01758	0.04218	0.61476	0.01326	0.02620	0.01853	0.01683	0.01050	0.01230	0.00887	0.00686	0.00595	0.00173	0.01153	0.00436	0.00344	0.00814
72	0.00853	0.00607	0.00800	0.00933	0.00980	0.00569	0.00622	0.00980	0.01337	0.01795	0.08691	0.65966	0.04545	0.06571	0.01027	0.00297	0.00408	0.01835	0.00630	0.00554
73	0.01465	0.18963	0.53428	0.06179	0.02810	0.01824	0.02200	0.02116	0.01428	0.02022	0.01168	0.01393	0.00872	0.00638	0.00607	0.00202	0.00945	0.00482	0.00291	0.00967
74	0.02158	0.01595	0.13995	0.01313	0.01863	0.01190	0.01229	0.07623	0.08365	0.32639	0.11306	0.02590	0.04462	0.00898	0.00690	0.00208	0.00621	0.00738	0.00676	0.05839
75	0.02069	0.07393	0.02063	0.02086	0.16338	0.39216	0.01370	0.02464	0.08082	0.01961	0.05284	0.01944	0.05272	0.00792	0.00645	0.00190	0.00952	0.00599	0.00414	0.00866

[dist]
# distance from previous block
# <min> <max>
0	1

[block]
# block no. 6 follows, 31 sequences, length 6
# corresponding to MSA columns:
# 303-308
name=unknown_G
#
# <colnr> <probs for GDERKNQSTAVLIFYWHMCP>
#	G	D	E	R	K	N	Q	S	T	A	V	L	I	F	Y	W	H	M	C	P
0	0.01632	0.10543	0.53214	0.01838	0.02731	0.01642	0.05999	0.02294	0.01509	0.10352	0.01382	0.01536	0.00975	0.00662	0.00642	0.00210	0.00940	0.00530	0.00358	0.01011
1	0.02490	0.02882	0.02031	0.01937	0.08045	0.54478	0.01384	0.14526	0.02133	0.02191	0.01181	0.01346	0.00949	0.00718	0.00634	0.00184	0.01112	0.00486	0.00410	0.00884
2	0.49119	0.01285	0.01185	0.01015	0.01416	0.01421	0.00825	0.11896	0.01664	0.08164	0.14025	0.02007	0.01915	0.00817	0.00551	0.00211	0.00528	0.00588	0.00552	0.00816
3	0.01796	0.01690	0.07385	0.01921	0.14010	0.05129	0.06653	0.16928	0.01874	0.05545	0.01726	0.04632	0.03317	0.07158	0.00899	0.00228	0.00750	0.00675	0.00474	0.17208
4	0.01221	0.01004	0.01441	0.01267	0.01553	0.00945	0.08846	0.05833	0.05185	0.02270	0.12681	0.30089	0.03437	0.01418	0.00782	0.00231	0.00544	0.07214	0.00587	0.13452
5	0.01558	0.01158	0.01337	0.01200	0.01456	0.05282	0.00916	0.08283	0.01621	0.10797	0.04749	0.32325	0.02722	0.01379	0.00919	0.00230	0.09267	0.01150	0.00578	0.13074

[dist]
# distance from previous block
# <min> <max>
0	6

# created by:
# /st0/software/busco_prod/Augustus/scripts/msa2prfl.pl ./align_prep/137014.fa
