[name]
unknown

[dist]
# distance from previous block
# <min> <max>
3	85

[block]
# block no. 0 follows, 25 sequences, length 20
# corresponding to MSA columns:
# 85-104
name=unknown_A
#
# <colnr> <probs for GDERKNQSTAVLIFYWHMCP>
#	G	D	E	R	K	N	Q	S	T	A	V	L	I	F	Y	W	H	M	C	P
0	0.02947	0.02172	0.02327	0.01784	0.02404	0.02404	0.01474	0.65329	0.03646	0.04887	0.01862	0.01862	0.01319	0.00931	0.00776	0.00233	0.00853	0.00698	0.00776	0.01319
1	0.02678	0.03302	0.02097	0.01853	0.02302	0.57993	0.01400	0.02902	0.02097	0.02004	0.01229	0.01434	0.01024	0.00761	0.00678	0.00185	0.01258	0.00493	0.00410	0.13899
2	0.01810	0.01756	0.02942	0.14202	0.45092	0.01919	0.04409	0.02236	0.01637	0.02335	0.01375	0.01910	0.01161	0.00815	0.01075	0.00254	0.12903	0.00696	0.00371	0.01102
3	0.01811	0.01732	0.02951	0.20520	0.53000	0.01814	0.02326	0.02285	0.01714	0.02402	0.01439	0.01954	0.01182	0.00711	0.00769	0.00237	0.00948	0.00690	0.00374	0.01141
4	0.00945	0.00675	0.00900	0.01080	0.01125	0.00630	0.00720	0.01080	0.01484	0.01979	0.04274	0.72245	0.05128	0.02429	0.00990	0.00315	0.00450	0.02204	0.00720	0.00630
5	0.01921	0.01812	0.02911	0.04219	0.56729	0.01857	0.02184	0.02675	0.12755	0.02654	0.01747	0.02084	0.01421	0.00752	0.00771	0.00236	0.00869	0.00722	0.00453	0.01228
6	0.01751	0.01955	0.06158	0.02731	0.03400	0.01822	0.45737	0.02626	0.12769	0.02563	0.02091	0.08943	0.01750	0.00895	0.00894	0.00266	0.01101	0.01019	0.00489	0.01040
7	0.02026	0.01868	0.03065	0.12417	0.41755	0.01936	0.09227	0.13026	0.02065	0.02857	0.01529	0.01947	0.01213	0.00738	0.00786	0.00238	0.00967	0.00717	0.00446	0.01177
8	0.01112	0.00870	0.01027	0.01102	0.01262	0.00859	0.00780	0.01618	0.12607	0.02262	0.07309	0.44938	0.17181	0.02069	0.00938	0.00293	0.00463	0.01834	0.00737	0.00740
9	0.01489	0.01378	0.02204	0.59050	0.04746	0.01606	0.01944	0.01976	0.01560	0.02074	0.01378	0.01989	0.01053	0.00741	0.00741	0.00234	0.00956	0.00650	0.00364	0.13868
10	0.02696	0.01841	0.10842	0.01774	0.02436	0.01494	0.09709	0.03508	0.15295	0.37904	0.02668	0.02490	0.01793	0.00910	0.00794	0.00248	0.00798	0.00790	0.00769	0.01242
11	0.04776	0.21098	0.16842	0.02423	0.16413	0.02035	0.07936	0.02646	0.01764	0.14588	0.01638	0.01809	0.01225	0.00740	0.00696	0.00222	0.00921	0.00622	0.00469	0.01136
12	0.01133	0.00939	0.01190	0.04190	0.07141	0.03529	0.00928	0.01315	0.01554	0.02016	0.04084	0.50824	0.10871	0.05155	0.01071	0.00314	0.00559	0.01838	0.00652	0.00697
13	0.02668	0.04867	0.01769	0.01362	0.01843	0.01328	0.01099	0.07452	0.10520	0.38914	0.07418	0.12180	0.02690	0.01196	0.00804	0.00249	0.00627	0.01003	0.00854	0.01158
14	0.02081	0.09888	0.33339	0.02157	0.07245	0.01746	0.08162	0.02692	0.01787	0.17722	0.01885	0.04732	0.01403	0.00838	0.00752	0.00239	0.00973	0.00711	0.00501	0.01146
15	0.02240	0.01786	0.02192	0.01856	0.06333	0.04449	0.07398	0.28503	0.02540	0.05918	0.02251	0.07076	0.04525	0.01000	0.00770	0.00222	0.00798	0.02361	0.03698	0.14085
16	0.01602	0.01360	0.04816	0.03817	0.03961	0.01275	0.06859	0.15122	0.02032	0.04450	0.05177	0.35403	0.05175	0.03944	0.00997	0.00293	0.00689	0.01484	0.00664	0.00881
17	0.02291	0.01860	0.01648	0.01441	0.01829	0.19355	0.01113	0.08581	0.06740	0.16777	0.15391	0.08091	0.09118	0.01237	0.00812	0.00238	0.00775	0.01003	0.00722	0.00978
18	0.02105	0.03872	0.04622	0.01883	0.10612	0.04925	0.01362	0.10973	0.10146	0.13661	0.20611	0.03174	0.03175	0.01101	0.00884	0.00242	0.03968	0.00907	0.00707	0.01070
19	0.15229	0.01895	0.06010	0.01626	0.04886	0.04166	0.01306	0.24160	0.09928	0.08069	0.02212	0.02395	0.04751	0.05848	0.00938	0.00270	0.00768	0.00729	0.00645	0.04169

[dist]
# distance from previous block
# <min> <max>
2	18

[block]
# block no. 1 follows, 25 sequences, length 11
# corresponding to MSA columns:
# 123-133
name=unknown_B
#
# <colnr> <probs for GDERKNQSTAVLIFYWHMCP>
#	G	D	E	R	K	N	Q	S	T	A	V	L	I	F	Y	W	H	M	C	P
0	0.02049	0.02503	0.19039	0.02450	0.11293	0.05210	0.13197	0.17798	0.02200	0.03035	0.01615	0.03745	0.01267	0.00793	0.00767	0.00227	0.00996	0.00707	0.00487	0.10621
1	0.11834	0.02126	0.06873	0.01859	0.04214	0.13859	0.12179	0.07004	0.05619	0.05938	0.02399	0.02518	0.09786	0.00913	0.00741	0.00226	0.00905	0.00763	0.00528	0.09716
2	0.04895	0.01694	0.02068	0.03655	0.05477	0.05802	0.06643	0.11415	0.01961	0.05601	0.01562	0.01824	0.01238	0.01017	0.05095	0.00243	0.00862	0.00590	0.00508	0.37849
3	0.01732	0.02198	0.13353	0.02541	0.11171	0.06511	0.22926	0.02252	0.01766	0.02411	0.04068	0.02456	0.07261	0.00843	0.00864	0.00231	0.03697	0.00805	0.00433	0.12482
4	0.12419	0.01984	0.02266	0.06196	0.02547	0.02204	0.05496	0.43609	0.08716	0.04217	0.01826	0.01904	0.01323	0.00887	0.00748	0.00240	0.00840	0.00691	0.00686	0.01202
5	0.01164	0.00834	0.01051	0.01142	0.01250	0.00819	0.00802	0.06879	0.01699	0.02272	0.06588	0.53804	0.04657	0.07737	0.01204	0.00341	0.00523	0.05835	0.00711	0.00689
6	0.01861	0.01946	0.06362	0.08693	0.52665	0.01848	0.10436	0.02371	0.01754	0.02488	0.01464	0.01937	0.01197	0.00694	0.00786	0.00237	0.00988	0.00714	0.00380	0.01177
7	0.02140	0.02265	0.15598	0.01846	0.02429	0.05050	0.05850	0.19724	0.11959	0.07364	0.03965	0.06857	0.01863	0.03014	0.01015	0.00269	0.06229	0.00840	0.00613	0.01111
8	0.01085	0.00813	0.01022	0.01135	0.01243	0.00807	0.00786	0.01507	0.09953	0.02244	0.09783	0.57339	0.04967	0.02176	0.00957	0.00302	0.00463	0.01961	0.00741	0.00716
9	0.00963	0.00696	0.00911	0.01050	0.01125	0.00644	0.00714	0.01131	0.01592	0.02132	0.12641	0.60135	0.08807	0.02295	0.00976	0.00303	0.00436	0.02070	0.00737	0.00644
10	0.14321	0.32558	0.11288	0.01473	0.02118	0.10579	0.01426	0.02364	0.01610	0.02273	0.01170	0.01378	0.00989	0.00710	0.00628	0.00191	0.03223	0.00461	0.00380	0.10859

[dist]
# distance from previous block
# <min> <max>
0	2

[block]
# block no. 2 follows, 25 sequences, length 28
# corresponding to MSA columns:
# 136-163
name=unknown_C
#
# <colnr> <probs for GDERKNQSTAVLIFYWHMCP>
#	G	D	E	R	K	N	Q	S	T	A	V	L	I	F	Y	W	H	M	C	P
0	0.02737	0.01783	0.02019	0.01565	0.02140	0.01848	0.01279	0.40494	0.02991	0.17255	0.06101	0.04941	0.01931	0.00999	0.00774	0.00227	0.00742	0.00792	0.00785	0.08598
1	0.02372	0.01370	0.04721	0.01318	0.01791	0.01201	0.01105	0.09614	0.06139	0.31227	0.17288	0.06497	0.09462	0.01243	0.00829	0.00247	0.00603	0.01042	0.00844	0.01087
2	0.05630	0.01656	0.01900	0.01798	0.07503	0.01810	0.01307	0.14554	0.34237	0.12435	0.02746	0.06695	0.02122	0.01056	0.00782	0.00254	0.00678	0.00876	0.00759	0.01203
3	0.01734	0.01820	0.03352	0.11606	0.07323	0.01979	0.30291	0.02196	0.01588	0.02245	0.01364	0.01930	0.01113	0.00871	0.01338	0.00272	0.21550	0.00772	0.00375	0.06283
4	0.05269	0.01759	0.02772	0.09881	0.49319	0.01827	0.02108	0.05646	0.06617	0.02686	0.01769	0.02135	0.03231	0.00776	0.00762	0.00237	0.00875	0.00721	0.00444	0.01167
5	0.01725	0.01447	0.01671	0.01204	0.01887	0.01153	0.00967	0.07484	0.01786	0.02733	0.01420	0.01630	0.01163	0.00605	0.00592	0.00125	0.00599	0.00480	0.00487	0.70842
6	0.01616	0.01557	0.02401	0.47181	0.18528	0.04420	0.02060	0.02170	0.04633	0.02162	0.01777	0.02301	0.04285	0.00827	0.00778	0.00250	0.00974	0.00735	0.00394	0.00950
7	0.00945	0.00675	0.00900	0.01080	0.01125	0.00630	0.00720	0.01080	0.01484	0.01979	0.04274	0.72245	0.05128	0.02429	0.00990	0.00315	0.00450	0.02204	0.00720	0.00630
8	0.02947	0.02172	0.02327	0.01784	0.02404	0.02404	0.01474	0.65329	0.03646	0.04887	0.01862	0.01862	0.01319	0.00931	0.00776	0.00233	0.00853	0.00698	0.00776	0.01319
9	0.01919	0.01842	0.03147	0.04759	0.67914	0.01842	0.02380	0.02380	0.01765	0.02533	0.01458	0.01919	0.01228	0.00691	0.00768	0.00230	0.00921	0.00691	0.00384	0.01228
10	0.01464	0.01378	0.02326	0.70887	0.05340	0.01723	0.02153	0.01981	0.01550	0.01981	0.01378	0.02067	0.01034	0.00775	0.00775	0.00258	0.01034	0.00689	0.00345	0.00861
11	0.01795	0.24044	0.46806	0.01914	0.02894	0.02139	0.02337	0.02478	0.01646	0.05319	0.01377	0.01569	0.01029	0.00726	0.00669	0.00222	0.01031	0.00536	0.00358	0.01110
12	0.01822	0.01740	0.02920	0.04376	0.61470	0.01728	0.02207	0.02257	0.01766	0.02491	0.02075	0.02453	0.07625	0.00814	0.00782	0.00233	0.00870	0.00782	0.00416	0.01173
13	0.05323	0.01296	0.02055	0.49072	0.07189	0.01564	0.01826	0.01852	0.01522	0.02078	0.01860	0.14334	0.01752	0.01083	0.00872	0.00269	0.03857	0.00941	0.00419	0.00836
14	0.01411	0.01321	0.02177	0.64131	0.04926	0.01620	0.02003	0.01897	0.01571	0.01992	0.02002	0.02587	0.07449	0.00890	0.00789	0.00259	0.00972	0.00780	0.00381	0.00841
15	0.01827	0.02396	0.16960	0.03262	0.30731	0.08683	0.10304	0.02368	0.01845	0.02517	0.09746	0.02315	0.01912	0.00820	0.00792	0.00236	0.00998	0.00765	0.00434	0.01091
16	0.01734	0.01733	0.08265	0.05275	0.13918	0.04229	0.01478	0.09587	0.14106	0.02747	0.02815	0.14379	0.06715	0.03461	0.00900	0.00268	0.00744	0.01042	0.05599	0.01004
17	0.01742	0.01488	0.08650	0.11838	0.02462	0.01284	0.06361	0.02356	0.09770	0.13980	0.09270	0.16805	0.05096	0.04151	0.00972	0.00284	0.00735	0.01154	0.00652	0.00950
18	0.02321	0.01847	0.02133	0.01696	0.02238	0.08205	0.08028	0.19351	0.11574	0.11618	0.02465	0.07161	0.04661	0.01006	0.00777	0.00227	0.00806	0.00848	0.00671	0.12366
19	0.09025	0.04678	0.01445	0.01251	0.01517	0.05441	0.00929	0.11541	0.08928	0.02650	0.02774	0.25836	0.02892	0.13213	0.01315	0.00342	0.00665	0.01238	0.03490	0.00831
20	0.11504	0.05031	0.13834	0.07328	0.02839	0.04393	0.15295	0.09732	0.04768	0.07092	0.01917	0.09351	0.01614	0.00950	0.00771	0.00251	0.00937	0.00842	0.00520	0.01028
21	0.23620	0.03718	0.02028	0.08944	0.04454	0.01685	0.08645	0.02117	0.01523	0.07642	0.02268	0.02630	0.09798	0.04372	0.01170	0.00286	0.12949	0.00779	0.00491	0.00881
22	0.11771	0.02078	0.14391	0.01813	0.06182	0.06441	0.07043	0.06919	0.03605	0.02685	0.02382	0.10099	0.07967	0.01035	0.00743	0.00231	0.00821	0.00870	0.00510	0.12414
23	0.04958	0.19454	0.17324	0.01703	0.02419	0.06509	0.05426	0.09217	0.04529	0.07427	0.01544	0.01709	0.01186	0.00812	0.00743	0.02743	0.00903	0.00575	0.00472	0.10348
24	0.11520	0.11542	0.11675	0.02261	0.13554	0.09885	0.06748	0.04741	0.06623	0.09567	0.01723	0.03875	0.01360	0.00821	0.00706	0.00230	0.00921	0.00669	0.00497	0.01081
25	0.04630	0.08143	0.27891	0.02011	0.06898	0.09336	0.04045	0.05450	0.01905	0.10003	0.07319	0.02086	0.01684	0.00832	0.00728	0.00226	0.00959	0.00663	0.00491	0.04701
26	0.12607	0.04317	0.20149	0.02067	0.09767	0.04450	0.04983	0.08168	0.04878	0.05574	0.04120	0.05405	0.03648	0.00930	0.00790	0.00242	0.03153	0.00748	0.00504	0.03501
27	0.14518	0.01959	0.07048	0.06219	0.14994	0.11477	0.01545	0.02480	0.08007	0.04828	0.05143	0.02871	0.04308	0.00988	0.00743	0.00242	0.00841	0.06663	0.00524	0.04604

[dist]
# distance from previous block
# <min> <max>
3	91

[block]
# block no. 3 follows, 25 sequences, length 7
# corresponding to MSA columns:
# 255-261
name=unknown_D
#
# <colnr> <probs for GDERKNQSTAVLIFYWHMCP>
#	G	D	E	R	K	N	Q	S	T	A	V	L	I	F	Y	W	H	M	C	P
0	0.22338	0.05926	0.12008	0.02140	0.14173	0.11077	0.01619	0.08835	0.05131	0.02908	0.01496	0.03602	0.01219	0.00806	0.00665	0.00228	0.00881	0.00605	0.00473	0.03872
1	0.16175	0.09279	0.17128	0.01734	0.04137	0.04313	0.07364	0.02316	0.08009	0.02623	0.06782	0.12696	0.02212	0.01069	0.00736	0.00248	0.00813	0.00898	0.00511	0.00955
2	0.06625	0.10762	0.17721	0.02259	0.11140	0.07879	0.10489	0.06046	0.01834	0.04180	0.02092	0.07894	0.05878	0.00954	0.00754	0.00238	0.00952	0.00819	0.00462	0.01023
3	0.08634	0.02002	0.14569	0.02629	0.21777	0.01625	0.06070	0.02554	0.10118	0.06629	0.06856	0.02960	0.02106	0.00974	0.00791	0.00255	0.00843	0.06987	0.00537	0.01083
4	0.08752	0.05842	0.11964	0.03218	0.34935	0.08431	0.02029	0.02508	0.05776	0.02540	0.01641	0.02220	0.01397	0.00822	0.00737	0.00237	0.00934	0.04482	0.00429	0.01106
5	0.14255	0.01687	0.02236	0.07033	0.33386	0.05858	0.01689	0.02326	0.06496	0.02663	0.06548	0.02663	0.08154	0.00919	0.00743	0.00238	0.00793	0.00789	0.00492	0.01033
6	0.01785	0.01668	0.02708	0.12989	0.46897	0.01736	0.02086	0.02419	0.08296	0.02582	0.07524	0.02383	0.01861	0.00819	0.00784	0.00239	0.00856	0.00773	0.00461	0.01134

[dist]
# distance from previous block
# <min> <max>
0	1

[block]
# block no. 4 follows, 25 sequences, length 9
# corresponding to MSA columns:
# 263-271
name=unknown_E
#
# <colnr> <probs for GDERKNQSTAVLIFYWHMCP>
#	G	D	E	R	K	N	Q	S	T	A	V	L	I	F	Y	W	H	M	C	P
0	0.01837	0.01872	0.06129	0.13939	0.52461	0.01828	0.02312	0.02415	0.05045	0.02487	0.01531	0.01976	0.01247	0.00724	0.00768	0.00237	0.00932	0.00694	0.00396	0.01172
1	0.01891	0.02010	0.08222	0.04562	0.62919	0.01839	0.02417	0.02385	0.01756	0.02527	0.01453	0.01897	0.01209	0.00694	0.00765	0.00231	0.00939	0.00682	0.00379	0.01222
2	0.01478	0.01778	0.12415	0.60453	0.05039	0.01735	0.02261	0.02053	0.01564	0.02053	0.01380	0.02002	0.01026	0.00769	0.00769	0.00256	0.01051	0.00671	0.00342	0.00905
3	0.01879	0.02068	0.09656	0.04428	0.58114	0.01845	0.05834	0.02393	0.01756	0.02523	0.01458	0.01901	0.01201	0.00693	0.00773	0.00233	0.00964	0.00691	0.00379	0.01210
4	0.01545	0.01460	0.02471	0.59218	0.16382	0.01744	0.02193	0.02051	0.01588	0.02078	0.01392	0.02041	0.01068	0.00760	0.00774	0.00253	0.01014	0.00689	0.00351	0.00926
5	0.01941	0.36091	0.20441	0.02231	0.14132	0.06050	0.01936	0.02390	0.01643	0.02119	0.01231	0.01492	0.01034	0.00722	0.00698	0.00207	0.03714	0.00520	0.00344	0.01065
6	0.12450	0.13146	0.32626	0.06993	0.05755	0.01874	0.04414	0.02274	0.01646	0.02543	0.07926	0.02003	0.01620	0.00806	0.00694	0.00234	0.00932	0.00638	0.00408	0.01018
7	0.12720	0.03933	0.14288	0.02045	0.12913	0.01674	0.01603	0.09366	0.06759	0.04889	0.11459	0.07570	0.02405	0.01052	0.00830	0.00249	0.03791	0.00855	0.00568	0.01031
8	0.09522	0.05065	0.26389	0.01922	0.09413	0.01576	0.01782	0.02338	0.09214	0.02766	0.16489	0.02929	0.05426	0.01004	0.00757	0.00243	0.00786	0.00828	0.00536	0.01014

[dist]
# distance from previous block
# <min> <max>
19	46

[block]
# block no. 5 follows, 25 sequences, length 7
# corresponding to MSA columns:
# 321-327
name=unknown_F
#
# <colnr> <probs for GDERKNQSTAVLIFYWHMCP>
#	G	D	E	R	K	N	Q	S	T	A	V	L	I	F	Y	W	H	M	C	P
0	0.07963	0.01891	0.03116	0.03904	0.45594	0.01916	0.11726	0.09503	0.01953	0.02865	0.01491	0.01887	0.01200	0.00715	0.00769	0.00236	0.00947	0.00705	0.00437	0.01180
1	0.02032	0.02082	0.12631	0.05882	0.25436	0.05797	0.01878	0.07797	0.05444	0.09985	0.05357	0.04663	0.05689	0.00950	0.00785	0.00240	0.00867	0.00818	0.00546	0.01120
2	0.12837	0.01829	0.12261	0.01650	0.07079	0.03630	0.01372	0.07760	0.01956	0.10038	0.14833	0.07044	0.02651	0.01029	0.00739	0.00227	0.00707	0.00844	0.00610	0.10903
3	0.06604	0.02281	0.16420	0.03346	0.33680	0.04275	0.09286	0.02470	0.01784	0.06637	0.04680	0.02050	0.01473	0.00761	0.00765	0.00238	0.00966	0.00708	0.00438	0.01136
4	0.08069	0.17546	0.02804	0.02435	0.18035	0.20159	0.05368	0.04840	0.06174	0.02394	0.01671	0.01882	0.03849	0.00798	0.00686	0.00214	0.00983	0.00624	0.00439	0.01030
5	0.16165	0.01937	0.16508	0.06230	0.09675	0.01498	0.01578	0.06159	0.01846	0.10514	0.13314	0.02696	0.02346	0.05222	0.00925	0.00272	0.00775	0.00777	0.00566	0.00997
6	0.05822	0.11068	0.37305	0.02483	0.12092	0.02006	0.08946	0.06883	0.01794	0.02624	0.01401	0.01676	0.01055	0.00726	0.00722	0.00235	0.01046	0.00608	0.00382	0.01126

[dist]
# distance from previous block
# <min> <max>
5	29

[block]
# block no. 6 follows, 25 sequences, length 96
# corresponding to MSA columns:
# 357-452
name=unknown_G
#
# <colnr> <probs for GDERKNQSTAVLIFYWHMCP>
#	G	D	E	R	K	N	Q	S	T	A	V	L	I	F	Y	W	H	M	C	P
0	0.01870	0.07617	0.20764	0.04487	0.07227	0.01486	0.01660	0.05577	0.01856	0.13895	0.05032	0.11808	0.08389	0.01143	0.00782	0.00243	0.00788	0.00958	0.00579	0.03840
1	0.01665	0.09216	0.31001	0.02235	0.06490	0.01878	0.12986	0.02517	0.10071	0.02456	0.02203	0.02391	0.07290	0.00887	0.00831	0.00247	0.03357	0.00764	0.00438	0.01075
2	0.01724	0.01758	0.07916	0.01898	0.09298	0.04172	0.04705	0.06070	0.20901	0.02994	0.20336	0.03215	0.03219	0.01055	0.00801	0.00236	0.00703	0.00918	0.00657	0.07424
3	0.02000	0.05499	0.07017	0.01735	0.06299	0.13915	0.01369	0.11874	0.08094	0.04544	0.11951	0.03141	0.10979	0.01111	0.00855	0.00233	0.03915	0.00873	0.00605	0.03990
4	0.02055	0.02337	0.05872	0.05971	0.11880	0.25742	0.06265	0.02482	0.04326	0.04517	0.10041	0.02753	0.07153	0.01190	0.03821	0.00275	0.01061	0.00809	0.00504	0.00947
5	0.14776	0.01693	0.06353	0.01359	0.01835	0.04537	0.01153	0.08053	0.21267	0.08915	0.05359	0.03229	0.13135	0.01111	0.00744	0.00246	0.00653	0.00879	0.03678	0.01024
6	0.01978	0.12112	0.13672	0.01552	0.02132	0.01876	0.01469	0.13543	0.15057	0.07676	0.05225	0.02991	0.11864	0.01088	0.00844	0.00242	0.04128	0.00846	0.00624	0.01079
7	0.05391	0.16701	0.14424	0.06932	0.04499	0.14569	0.01662	0.05222	0.14281	0.02521	0.05291	0.02018	0.01622	0.00849	0.00696	0.00224	0.00933	0.00642	0.00486	0.01037
8	0.02418	0.02023	0.05052	0.17145	0.12973	0.02149	0.01812	0.39700	0.02831	0.03809	0.01678	0.01906	0.01230	0.00853	0.00773	0.00238	0.00914	0.00690	0.00606	0.01200
9	0.01792	0.02812	0.26371	0.02927	0.07263	0.05143	0.37255	0.02498	0.01778	0.02449	0.01484	0.01893	0.01104	0.00691	0.00835	0.00251	0.01235	0.00765	0.00370	0.01083
10	0.01676	0.06499	0.34697	0.01663	0.02425	0.01501	0.01871	0.04695	0.01840	0.08334	0.12951	0.02901	0.06217	0.04140	0.00902	0.00256	0.00851	0.00807	0.00525	0.05250
11	0.05435	0.16823	0.02497	0.06990	0.02424	0.32938	0.01450	0.11187	0.02148	0.02425	0.04931	0.01731	0.01388	0.00850	0.00751	0.00211	0.03825	0.00578	0.00459	0.00959
12	0.33700	0.02444	0.25807	0.01562	0.02299	0.01750	0.01663	0.09114	0.01785	0.08888	0.03430	0.01715	0.01229	0.00795	0.00643	0.00241	0.00823	0.00565	0.00509	0.01040
13	0.01879	0.44032	0.10582	0.01406	0.02005	0.08563	0.01386	0.02212	0.01744	0.02112	0.11536	0.02333	0.05629	0.00895	0.00629	0.00195	0.00823	0.00657	0.00438	0.00945
14	0.01418	0.04727	0.01288	0.01048	0.01324	0.01003	0.00811	0.06994	0.02123	0.07159	0.36079	0.08272	0.18787	0.04327	0.00994	0.00265	0.00475	0.01325	0.00777	0.00803
15	0.02768	0.01627	0.01921	0.01461	0.02084	0.01557	0.01196	0.23452	0.05041	0.28339	0.02243	0.02132	0.01544	0.00856	0.00726	0.00207	0.00699	0.00675	0.00765	0.20706
16	0.02139	0.01921	0.02135	0.06996	0.14589	0.09992	0.01535	0.06803	0.32702	0.06480	0.02335	0.02353	0.01768	0.00905	0.00764	0.00240	0.00809	0.00752	0.00632	0.04151
17	0.01894	0.01817	0.03102	0.08413	0.64457	0.01836	0.02367	0.02358	0.01754	0.02503	0.01454	0.01927	0.01217	0.00696	0.00768	0.00232	0.00927	0.00691	0.00382	0.01208
18	0.01056	0.00774	0.00990	0.00972	0.01142	0.00708	0.00715	0.01369	0.02043	0.02834	0.51796	0.16005	0.13205	0.01752	0.00926	0.00256	0.00381	0.01548	0.00820	0.00708
19	0.01109	0.00827	0.01227	0.01227	0.01358	0.00959	0.00945	0.01372	0.01240	0.01786	0.02095	0.03144	0.01981	0.09053	0.66499	0.01222	0.02013	0.00845	0.00418	0.00682
20	0.01097	0.00793	0.01036	0.00975	0.01158	0.00732	0.00732	0.01463	0.02195	0.03109	0.67505	0.05792	0.07316	0.01585	0.00914	0.00244	0.00366	0.01402	0.00854	0.00732
21	0.78228	0.01499	0.01140	0.01020	0.01499	0.01739	0.00840	0.02279	0.01320	0.03479	0.01080	0.01260	0.00840	0.00720	0.00480	0.00240	0.00600	0.00420	0.00480	0.00840
22	0.78228	0.01499	0.01140	0.01020	0.01499	0.01739	0.00840	0.02279	0.01320	0.03479	0.01080	0.01260	0.00840	0.00720	0.00480	0.00240	0.00600	0.00420	0.00480	0.00840
23	0.00934	0.00791	0.00810	0.00819	0.01077	0.00667	0.00624	0.01139	0.01768	0.02106	0.07658	0.07529	0.64295	0.01973	0.00924	0.00267	0.00410	0.04832	0.00720	0.00658
24	0.01608	0.01378	0.01608	0.01148	0.01837	0.01034	0.00919	0.01952	0.01608	0.02527	0.01378	0.01608	0.01148	0.00574	0.00574	0.00115	0.00574	0.00459	0.00459	0.77491
25	0.01108	0.00831	0.01246	0.01246	0.01385	0.00969	0.00969	0.01385	0.01246	0.01800	0.02077	0.03046	0.01938	0.05815	0.69678	0.01246	0.02077	0.00831	0.00415	0.00692
26	0.01438	0.01289	0.01940	0.06926	0.02198	0.04995	0.10804	0.05036	0.01535	0.02084	0.01888	0.02675	0.01671	0.04122	0.46672	0.00912	0.01780	0.00808	0.00424	0.00803
27	0.02836	0.02023	0.02216	0.01721	0.02304	0.02226	0.01417	0.57102	0.03385	0.08117	0.01943	0.01994	0.01399	0.01304	0.06025	0.00310	0.00936	0.00713	0.00758	0.01271
28	0.02053	0.01782	0.01820	0.01611	0.02064	0.04366	0.01259	0.09481	0.58695	0.03341	0.02972	0.02749	0.02226	0.01032	0.00785	0.00258	0.00663	0.00848	0.00774	0.01224
29	0.01533	0.03856	0.65489	0.02151	0.03251	0.01749	0.02763	0.02408	0.01664	0.02487	0.04560	0.01836	0.01286	0.00777	0.00745	0.00245	0.01109	0.00613	0.00353	0.01126
30	0.02085	0.65094	0.08010	0.01419	0.02098	0.06618	0.01432	0.02372	0.01613	0.01868	0.01104	0.01277	0.00994	0.00675	0.00523	0.00173	0.00880	0.00429	0.00335	0.00999
31	0.01995	0.62760	0.13834	0.01460	0.02196	0.02877	0.01559	0.02342	0.01585	0.01920	0.01125	0.01303	0.00993	0.00674	0.00534	0.00178	0.00877	0.00439	0.00331	0.01018
32	0.00916	0.00785	0.00785	0.00785	0.01047	0.00655	0.00589	0.01113	0.01767	0.02095	0.07855	0.07462	0.67599	0.01964	0.00916	0.00262	0.00393	0.01636	0.00720	0.00655
33	0.01513	0.01398	0.02422	0.54780	0.08220	0.01650	0.07372	0.01987	0.01561	0.02061	0.01448	0.02113	0.01115	0.00866	0.00894	0.04293	0.01002	0.00709	0.03732	0.00863
34	0.02749	0.02122	0.02207	0.01743	0.02305	0.05788	0.01423	0.53863	0.06814	0.04405	0.01914	0.01984	0.01406	0.01303	0.06021	0.00310	0.00962	0.00708	0.00729	0.01244
35	0.01112	0.00813	0.01158	0.01158	0.01266	0.00922	0.00860	0.01328	0.01220	0.01735	0.02157	0.03490	0.02131	0.20483	0.55274	0.01138	0.01786	0.00896	0.00427	0.00644
36	0.01121	0.00749	0.00847	0.00854	0.00855	0.00748	0.00478	0.01126	0.01140	0.01519	0.02505	0.07335	0.02897	0.70384	0.03847	0.00737	0.00742	0.01164	0.00478	0.00475
37	0.01602	0.11672	0.51168	0.12484	0.03497	0.01936	0.02578	0.02368	0.01617	0.02310	0.01353	0.01656	0.00991	0.00734	0.00715	0.00238	0.01092	0.00572	0.00330	0.01085
38	0.35362	0.01834	0.01819	0.01479	0.01976	0.02114	0.01222	0.31712	0.02394	0.03975	0.01439	0.01585	0.01081	0.00882	0.00825	0.00247	0.07810	0.00576	0.00604	0.01064
39	0.01445	0.00723	0.00723	0.00723	0.00903	0.00723	0.00542	0.01807	0.01626	0.02891	0.02529	0.02891	0.01987	0.00903	0.00542	0.00181	0.00361	0.00723	0.77055	0.00723
40	0.78228	0.01499	0.01140	0.01020	0.01499	0.01739	0.00840	0.02279	0.01320	0.03479	0.01080	0.01260	0.00840	0.00720	0.00480	0.00240	0.00600	0.00420	0.00480	0.00840
41	0.01971	0.01545	0.01682	0.01472	0.01896	0.01717	0.01154	0.11070	0.43351	0.06794	0.12889	0.03361	0.05377	0.01147	0.00811	0.00255	0.00600	0.00957	0.00803	0.01147
42	0.00916	0.00785	0.00785	0.00785	0.01047	0.00655	0.00589	0.01113	0.01767	0.02095	0.07855	0.07462	0.67599	0.01964	0.00916	0.00262	0.00393	0.01636	0.00720	0.00655
43	0.01835	0.01579	0.01667	0.01515	0.01928	0.01808	0.01173	0.03837	0.60433	0.03131	0.03456	0.05859	0.06034	0.01156	0.00804	0.00265	0.00595	0.00970	0.00782	0.01173
44	0.01766	0.14086	0.45339	0.02438	0.12850	0.02033	0.02481	0.05898	0.01758	0.02506	0.01380	0.01632	0.01040	0.00729	0.00707	0.00230	0.01048	0.00574	0.00361	0.01145
45	0.01013	0.00785	0.00923	0.00897	0.01109	0.00694	0.00669	0.01297	0.01982	0.02626	0.39228	0.09117	0.33304	0.01782	0.00918	0.00254	0.00381	0.01535	0.00791	0.00694
46	0.02059	0.70593	0.04001	0.01353	0.01992	0.03043	0.01340	0.02305	0.01561	0.01826	0.01076	0.01260	0.00996	0.00689	0.00573	0.00172	0.03416	0.00424	0.00332	0.00990
47	0.01427	0.00729	0.00751	0.00751	0.00930	0.00736	0.00565	0.01784	0.01605	0.02831	0.02505	0.02899	0.01985	0.01171	0.04311	0.00239	0.00455	0.00729	0.72877	0.00721
48	0.01321	0.01015	0.01503	0.01898	0.11579	0.01011	0.01369	0.01673	0.01753	0.02320	0.03722	0.13829	0.04038	0.01950	0.01017	0.00334	0.00720	0.47501	0.00665	0.00784
49	0.01776	0.01596	0.02195	0.10905	0.23755	0.04058	0.01722	0.04963	0.17936	0.02632	0.02382	0.03434	0.02098	0.01344	0.04622	0.00319	0.00899	0.11754	0.00556	0.01055
50	0.01178	0.00846	0.01069	0.11429	0.01525	0.00898	0.00724	0.01257	0.01191	0.01576	0.02282	0.04620	0.02549	0.61876	0.03467	0.00677	0.00794	0.01061	0.00451	0.00529
51	0.01601	0.01378	0.01643	0.04522	0.02007	0.01067	0.00978	0.01954	0.01605	0.02500	0.01378	0.01630	0.01143	0.00584	0.00584	0.00122	0.00596	0.00470	0.00454	0.73784
52	0.01815	0.38739	0.36281	0.01767	0.02670	0.02437	0.02093	0.02388	0.01606	0.02139	0.01234	0.01440	0.00989	0.00700	0.00617	0.00206	0.00987	0.00493	0.00330	0.01070
53	0.05998	0.12646	0.02274	0.01585	0.02123	0.02258	0.01310	0.25200	0.31526	0.03616	0.02288	0.02203	0.01719	0.00935	0.00725	0.00237	0.00729	0.00722	0.00700	0.01205
54	0.75345	0.01495	0.01184	0.03643	0.01644	0.01739	0.00889	0.02268	0.01328	0.03423	0.01091	0.01290	0.00847	0.00722	0.00491	0.00241	0.00616	0.00430	0.00475	0.00841
55	0.02155	0.01763	0.02944	0.04249	0.57952	0.01736	0.02192	0.02591	0.01834	0.12493	0.01700	0.02028	0.01333	0.00731	0.00769	0.00232	0.00882	0.00704	0.00471	0.01242
56	0.01128	0.00752	0.00846	0.00846	0.00846	0.00752	0.00470	0.01128	0.01128	0.01503	0.02443	0.05074	0.02819	0.72751	0.03946	0.00752	0.00752	0.01128	0.00470	0.00470
57	0.01829	0.01716	0.02345	0.52037	0.06937	0.07728	0.02002	0.11664	0.01931	0.02433	0.01439	0.01973	0.01081	0.00798	0.00768	0.00248	0.01034	0.00674	0.00416	0.00947
58	0.78228	0.01499	0.01140	0.01020	0.01499	0.01739	0.00840	0.02279	0.01320	0.03479	0.01080	0.01260	0.00840	0.00720	0.00480	0.00240	0.00600	0.00420	0.00480	0.00840
59	0.00916	0.00785	0.00785	0.00785	0.01047	0.00655	0.00589	0.01113	0.01767	0.02095	0.07855	0.07462	0.67599	0.01964	0.00916	0.00262	0.00393	0.01636	0.00720	0.00655
60	0.03458	0.01353	0.01820	0.01395	0.01996	0.01189	0.01153	0.06182	0.02275	0.65969	0.03012	0.02609	0.01896	0.00959	0.00780	0.00240	0.00667	0.00777	0.00952	0.01320
61	0.01001	0.00789	0.00848	0.00866	0.01057	0.00702	0.00629	0.01167	0.01618	0.01978	0.06190	0.07031	0.45788	0.18697	0.01648	0.00387	0.00511	0.07816	0.00660	0.00617
62	0.00918	0.00781	0.00791	0.00798	0.01051	0.00653	0.00595	0.01111	0.01755	0.02090	0.07697	0.10318	0.64846	0.01984	0.00920	0.00264	0.00395	0.01661	0.00720	0.00653
63	0.04870	0.02128	0.02097	0.01715	0.02253	0.08277	0.01379	0.38368	0.23455	0.04053	0.02190	0.02130	0.01609	0.00951	0.00764	0.00240	0.00818	0.00729	0.00737	0.01237
64	0.01128	0.00752	0.00846	0.00846	0.00846	0.00752	0.00470	0.01128	0.01128	0.01503	0.02443	0.05074	0.02819	0.72751	0.03946	0.00752	0.00752	0.01128	0.00470	0.00470
65	0.01815	0.05961	0.11839	0.13579	0.46851	0.01887	0.02355	0.02330	0.01708	0.02406	0.01417	0.01865	0.01155	0.00707	0.00750	0.00233	0.00962	0.00660	0.00368	0.01153
66	0.01929	0.01666	0.01753	0.01578	0.02016	0.01929	0.01227	0.04120	0.66513	0.03243	0.03156	0.02893	0.02367	0.01052	0.00789	0.00263	0.00614	0.00877	0.00789	0.01227
67	0.01555	0.04011	0.68733	0.02210	0.03356	0.01801	0.02865	0.02455	0.01637	0.02455	0.01391	0.01637	0.00982	0.00737	0.00737	0.00246	0.01146	0.00573	0.00327	0.01146
68	0.09779	0.12489	0.09284	0.01429	0.02086	0.01556	0.01327	0.03281	0.01978	0.45443	0.02402	0.02196	0.01582	0.00869	0.00705	0.00229	0.00732	0.00670	0.00754	0.01209
69	0.14773	0.01347	0.01700	0.01325	0.01907	0.01230	0.01094	0.03552	0.02083	0.58634	0.02760	0.02431	0.01756	0.00923	0.00734	0.00240	0.00651	0.00725	0.00887	0.01247
70	0.03143	0.01371	0.01781	0.01391	0.01948	0.01262	0.01139	0.09925	0.04778	0.53322	0.08977	0.02864	0.02380	0.01019	0.00792	0.00240	0.00650	0.00833	0.00924	0.01261
71	0.01919	0.01842	0.03147	0.04759	0.67914	0.01842	0.02380	0.02380	0.01765	0.02533	0.01458	0.01919	0.01228	0.00691	0.00768	0.00230	0.00921	0.00691	0.00384	0.01228
72	0.01513	0.01637	0.07536	0.58923	0.08402	0.01746	0.05264	0.02062	0.01582	0.02070	0.01393	0.02028	0.01047	0.00762	0.00779	0.00256	0.01049	0.00691	0.00348	0.00911
73	0.03479	0.01320	0.01799	0.01380	0.01979	0.01140	0.01140	0.03779	0.02219	0.68451	0.03059	0.02639	0.01919	0.00960	0.00780	0.00240	0.00660	0.00780	0.00960	0.01320
74	0.00979	0.00699	0.00939	0.01119	0.01179	0.00659	0.00779	0.01139	0.01518	0.02018	0.04255	0.65121	0.05054	0.02397	0.00999	0.00320	0.00479	0.08990	0.00719	0.00639
75	0.03343	0.04893	0.04283	0.01406	0.02029	0.01256	0.01210	0.03661	0.02167	0.62888	0.02904	0.02536	0.01841	0.00937	0.00765	0.00237	0.00685	0.00755	0.00907	0.01298
76	0.01001	0.00691	0.00882	0.01020	0.01062	0.00657	0.00665	0.01121	0.01424	0.01930	0.03853	0.56574	0.04556	0.15567	0.01525	0.00391	0.00503	0.01937	0.04038	0.00604
77	0.02073	0.73217	0.04063	0.01327	0.01990	0.03068	0.01327	0.02322	0.01575	0.01824	0.01078	0.01244	0.00995	0.00663	0.00498	0.00166	0.00829	0.00415	0.00332	0.00995
78	0.60781	0.01472	0.01409	0.16899	0.02372	0.01736	0.01138	0.02211	0.01372	0.03138	0.01147	0.01443	0.00884	0.00732	0.00547	0.00244	0.00698	0.00481	0.00449	0.00845
79	0.03164	0.04535	0.02146	0.01576	0.02188	0.01835	0.01311	0.33900	0.02894	0.34693	0.02395	0.02204	0.01589	0.00934	0.00767	0.00233	0.00761	0.00725	0.00845	0.01306
80	0.02174	0.47513	0.17589	0.01524	0.02281	0.02505	0.01628	0.02571	0.01686	0.12027	0.01444	0.01539	0.01132	0.00724	0.00591	0.00194	0.00872	0.00504	0.00426	0.01076
81	0.01249	0.00892	0.01249	0.01428	0.01606	0.00892	0.01249	0.01606	0.01785	0.02320	0.04105	0.08746	0.04462	0.02142	0.01071	0.00357	0.00714	0.62695	0.00714	0.00714
82	0.70090	0.09163	0.01452	0.01052	0.01552	0.01881	0.00892	0.02284	0.01347	0.03302	0.01079	0.01258	0.00856	0.00714	0.00482	0.00232	0.00624	0.00419	0.00464	0.00856
83	0.60300	0.12546	0.07242	0.01166	0.01729	0.01945	0.01083	0.02300	0.01385	0.03143	0.01105	0.01289	0.00875	0.00713	0.00504	0.00229	0.00680	0.00432	0.00445	0.00889
84	0.01057	0.00802	0.01139	0.11640	0.01782	0.00822	0.00962	0.01259	0.01496	0.01977	0.03713	0.52774	0.04320	0.06377	0.01141	0.00336	0.00576	0.06519	0.00648	0.00662
85	0.01330	0.00984	0.01312	0.01167	0.01298	0.01013	0.05550	0.06616	0.01408	0.01903	0.02275	0.04283	0.02440	0.51506	0.13045	0.00743	0.00996	0.01032	0.00481	0.00617
86	0.00945	0.00675	0.00900	0.01080	0.01125	0.00630	0.00720	0.01080	0.01484	0.01979	0.04274	0.72245	0.05128	0.02429	0.00990	0.00315	0.00450	0.02204	0.00720	0.00630
87	0.01921	0.01802	0.02830	0.04036	0.52937	0.01862	0.02118	0.02775	0.16481	0.02695	0.01844	0.02140	0.01487	0.00773	0.00772	0.00238	0.00851	0.00733	0.00476	0.01228
88	0.00943	0.00787	0.00822	0.00813	0.01064	0.00666	0.00610	0.01164	0.01830	0.02244	0.16639	0.07216	0.58722	0.01908	0.00916	0.00259	0.00389	0.01602	0.00740	0.00666
89	0.01796	0.02036	0.04432	0.03183	0.03938	0.01909	0.62593	0.02429	0.01817	0.02464	0.01674	0.04821	0.01330	0.00723	0.00918	0.00264	0.01274	0.00965	0.00405	0.01030
90	0.01794	0.01585	0.02160	0.01567	0.02242	0.01368	0.10702	0.09140	0.01857	0.02765	0.01450	0.01712	0.01168	0.00650	0.00708	0.00157	0.02845	0.00562	0.00481	0.55089
91	0.01120	0.00820	0.01195	0.01195	0.01323	0.00943	0.00913	0.01376	0.01248	0.01810	0.02123	0.03214	0.02015	0.11367	0.61808	0.01169	0.01908	0.00853	0.02926	0.00674
92	0.01795	0.01684	0.02828	0.04187	0.57828	0.01674	0.02131	0.02241	0.01830	0.02620	0.11438	0.02504	0.02148	0.00826	0.00790	0.00232	0.00837	0.00798	0.00455	0.01153
93	0.05864	0.01674	0.02090	0.05639	0.12176	0.01771	0.01452	0.18388	0.16785	0.19544	0.04889	0.02430	0.01885	0.00937	0.00771	0.00243	0.00742	0.00772	0.00732	0.01217
94	0.02227	0.01604	0.01804	0.01635	0.03976	0.01774	0.01245	0.04002	0.52192	0.15787	0.03086	0.02815	0.02247	0.01023	0.00787	0.00258	0.00632	0.00852	0.00810	0.01245
95	0.01653	0.01514	0.02345	0.45879	0.10113	0.01776	0.04255	0.05830	0.11518	0.02404	0.01899	0.02345	0.03450	0.00852	0.00786	0.00255	0.00939	0.00757	0.00453	0.00975

[dist]
# distance from previous block
# <min> <max>
0	11

[block]
# block no. 7 follows, 25 sequences, length 95
# corresponding to MSA columns:
# 464-558
name=unknown_H
#
# <colnr> <probs for GDERKNQSTAVLIFYWHMCP>
#	G	D	E	R	K	N	Q	S	T	A	V	L	I	F	Y	W	H	M	C	P
0	0.02318	0.01435	0.01690	0.01387	0.01831	0.01473	0.01111	0.21032	0.10931	0.19343	0.24524	0.03511	0.03627	0.01175	0.00825	0.00242	0.00611	0.00979	0.00848	0.01108
1	0.02671	0.01973	0.02144	0.01658	0.02267	0.02113	0.01357	0.47444	0.10192	0.06855	0.01983	0.01970	0.01433	0.00896	0.00749	0.00220	0.00781	0.00688	0.00740	0.11868
2	0.15907	0.36387	0.06586	0.04894	0.02205	0.12502	0.01421	0.02380	0.01590	0.02181	0.01123	0.01371	0.00971	0.00763	0.00728	0.00208	0.06999	0.00473	0.00370	0.00942
3	0.01128	0.00752	0.00846	0.00846	0.00846	0.00752	0.00470	0.01128	0.01128	0.01503	0.02443	0.05074	0.02819	0.72751	0.03946	0.00752	0.00752	0.01128	0.00470	0.00470
4	0.03165	0.01645	0.01979	0.01537	0.02130	0.01646	0.01263	0.25243	0.08071	0.40883	0.02650	0.02389	0.01747	0.00957	0.00779	0.00239	0.00723	0.00759	0.00881	0.01312
5	0.01608	0.01378	0.01608	0.01148	0.01837	0.01034	0.00919	0.01952	0.01608	0.02527	0.01378	0.01608	0.01148	0.00574	0.00574	0.00115	0.00574	0.00459	0.00459	0.77491
6	0.05101	0.02553	0.21513	0.05589	0.18776	0.08711	0.05148	0.05459	0.01887	0.11411	0.01628	0.01850	0.01200	0.00759	0.00739	0.00230	0.00989	0.00637	0.00471	0.05346
7	0.01085	0.00822	0.01026	0.01102	0.01300	0.00763	0.00893	0.01371	0.01825	0.02348	0.16069	0.12693	0.26881	0.02009	0.00985	0.00302	0.00524	0.26573	0.00740	0.00690
8	0.01113	0.00821	0.01048	0.01029	0.01209	0.00776	0.00770	0.01521	0.04957	0.02876	0.50101	0.14652	0.09755	0.01719	0.00927	0.00261	0.00407	0.04504	0.00819	0.00736
9	0.01719	0.12166	0.55339	0.02166	0.05655	0.01926	0.02582	0.02496	0.01661	0.05355	0.01431	0.01646	0.01036	0.00736	0.00711	0.00235	0.01077	0.00568	0.00359	0.01139
10	0.78228	0.01499	0.01140	0.01020	0.01499	0.01739	0.00840	0.02279	0.01320	0.03479	0.01080	0.01260	0.00840	0.00720	0.00480	0.00240	0.00600	0.00420	0.00480	0.00840
11	0.01108	0.00831	0.01246	0.01246	0.01385	0.00969	0.00969	0.01385	0.01246	0.01800	0.02077	0.03046	0.01938	0.05815	0.69678	0.01246	0.02077	0.00831	0.00415	0.00692
12	0.02896	0.03695	0.02197	0.01998	0.02397	0.69638	0.01498	0.03096	0.02197	0.01898	0.01199	0.01398	0.00999	0.00799	0.00699	0.00200	0.01398	0.00499	0.00400	0.00899
13	0.01464	0.01378	0.02326	0.70887	0.05340	0.01723	0.02153	0.01981	0.01550	0.01981	0.01378	0.02067	0.01034	0.00775	0.00775	0.00258	0.01034	0.00689	0.00345	0.00861
14	0.00966	0.00781	0.00858	0.00851	0.01081	0.00674	0.00634	0.01203	0.01865	0.02356	0.23404	0.10520	0.48316	0.01889	0.00920	0.00260	0.00389	0.01605	0.00755	0.00674
15	0.01108	0.00831	0.01246	0.01246	0.01385	0.00969	0.00969	0.01385	0.01246	0.01800	0.02077	0.03046	0.01938	0.05815	0.69678	0.01246	0.02077	0.00831	0.00415	0.00692
16	0.01191	0.00860	0.01047	0.00991	0.01223	0.00795	0.00756	0.01604	0.05368	0.05332	0.44048	0.06063	0.22124	0.01652	0.00909	0.00254	0.00410	0.03798	0.00815	0.00759
17	0.78228	0.01499	0.01140	0.01020	0.01499	0.01739	0.00840	0.02279	0.01320	0.03479	0.01080	0.01260	0.00840	0.00720	0.00480	0.00240	0.00600	0.00420	0.00480	0.00840
18	0.02899	0.03621	0.02204	0.01987	0.02397	0.66338	0.01497	0.06150	0.02268	0.02044	0.01231	0.01421	0.01014	0.00805	0.00703	0.00201	0.01372	0.00509	0.00418	0.00919
19	0.00945	0.00675	0.00900	0.01080	0.01125	0.00630	0.00720	0.01080	0.01484	0.01979	0.04274	0.72245	0.05128	0.02429	0.00990	0.00315	0.00450	0.02204	0.00720	0.00630
20	0.02860	0.01994	0.02256	0.01850	0.05850	0.02122	0.01442	0.49923	0.03225	0.12269	0.01950	0.01940	0.01374	0.00896	0.00761	0.00225	0.00813	0.00690	0.00754	0.06806
21	0.01347	0.00673	0.01010	0.01010	0.01010	0.00673	0.00673	0.01010	0.01010	0.01347	0.01347	0.02357	0.01347	0.02694	0.03030	0.77441	0.00673	0.00673	0.00337	0.00337
22	0.02106	0.64871	0.07104	0.01418	0.02086	0.07745	0.01414	0.02383	0.01623	0.01860	0.01102	0.01274	0.00995	0.00677	0.00524	0.00172	0.00885	0.00428	0.00336	0.00996
23	0.01092	0.00897	0.00976	0.00948	0.01210	0.00835	0.00723	0.01573	0.09685	0.02468	0.20414	0.06587	0.43913	0.01776	0.00906	0.00262	0.00426	0.03809	0.00758	0.00743
24	0.01989	0.01652	0.01755	0.01570	0.02015	0.01898	0.01224	0.04107	0.63998	0.05795	0.03152	0.02883	0.02349	0.01048	0.00789	0.00262	0.00615	0.00873	0.00796	0.01231
25	0.01555	0.04011	0.68733	0.02210	0.03356	0.01801	0.02865	0.02455	0.01637	0.02455	0.01391	0.01637	0.00982	0.00737	0.00737	0.00246	0.01146	0.00573	0.00327	0.01146
26	0.04761	0.43655	0.20706	0.09950	0.02734	0.02522	0.01811	0.02314	0.01579	0.02072	0.01197	0.01447	0.00990	0.00698	0.00593	0.00201	0.00928	0.00489	0.00338	0.01013
27	0.01941	0.55514	0.20606	0.01553	0.02339	0.02744	0.01720	0.02356	0.01591	0.01986	0.01158	0.01344	0.00992	0.00682	0.00559	0.00186	0.00910	0.00455	0.00331	0.01034
28	0.00955	0.00699	0.00898	0.01035	0.01118	0.00642	0.00705	0.01119	0.01584	0.02097	0.10518	0.58310	0.12877	0.02295	0.00974	0.00302	0.00435	0.02062	0.00732	0.00642
29	0.01652	0.01569	0.02664	0.43656	0.31107	0.01772	0.02246	0.02145	0.01639	0.02208	0.01411	0.02006	0.01114	0.00740	0.00772	0.00247	0.00987	0.00690	0.00361	0.01012
30	0.02035	0.01990	0.02928	0.06261	0.53856	0.07605	0.02194	0.05359	0.05445	0.02607	0.01546	0.01931	0.01270	0.00733	0.00764	0.00230	0.00945	0.00685	0.00424	0.01193
31	0.01022	0.00707	0.00877	0.00981	0.01007	0.00681	0.00614	0.01100	0.01334	0.01778	0.03501	0.43882	0.04153	0.32122	0.02238	0.00499	0.00577	0.01750	0.00614	0.00562
32	0.01121	0.00749	0.00848	0.00854	0.00855	0.00747	0.00479	0.01126	0.01140	0.01520	0.02508	0.07441	0.02900	0.70272	0.03842	0.00736	0.00741	0.01166	0.00479	0.00475
33	0.02923	0.02171	0.02272	0.01765	0.02368	0.05007	0.01449	0.57317	0.06356	0.07557	0.01947	0.01925	0.01380	0.00932	0.00773	0.00233	0.00855	0.00702	0.00770	0.01298
34	0.09421	0.47550	0.06697	0.04029	0.02211	0.14936	0.01421	0.02453	0.01666	0.02033	0.01127	0.01324	0.00982	0.00701	0.00555	0.00187	0.00935	0.00449	0.00358	0.00966
35	0.01431	0.00724	0.00728	0.00728	0.00901	0.00724	0.00539	0.01776	0.01604	0.02828	0.02525	0.02989	0.02025	0.04140	0.00695	0.00206	0.00379	0.00741	0.73605	0.00711
36	0.02226	0.04442	0.08635	0.02570	0.20511	0.14456	0.01755	0.18065	0.05262	0.03071	0.09548	0.02274	0.01965	0.00898	0.00765	0.00228	0.00930	0.00732	0.00552	0.01115
37	0.00937	0.00786	0.00813	0.00807	0.01060	0.00663	0.00605	0.01152	0.01815	0.02208	0.14500	0.07276	0.60883	0.01921	0.00916	0.00260	0.00390	0.01610	0.00735	0.00663
38	0.05662	0.02084	0.02095	0.01688	0.02231	0.07656	0.01363	0.43334	0.11617	0.07340	0.02131	0.05584	0.01638	0.01006	0.00771	0.00239	0.00826	0.00776	0.00741	0.01218
39	0.02947	0.02172	0.02327	0.01784	0.02404	0.02404	0.01474	0.65329	0.03646	0.04887	0.01862	0.01862	0.01319	0.00931	0.00776	0.00233	0.00853	0.00698	0.00776	0.01319
40	0.00961	0.00787	0.00850	0.00854	0.01092	0.00676	0.00645	0.01189	0.01827	0.02264	0.17169	0.09465	0.53039	0.01926	0.00925	0.00265	0.00404	0.04251	0.00741	0.00669
41	0.01529	0.01480	0.02323	0.65297	0.05086	0.04335	0.02109	0.02019	0.01559	0.01973	0.01356	0.02026	0.01032	0.00801	0.00849	0.00260	0.04079	0.00681	0.00346	0.00862
42	0.01123	0.00731	0.00873	0.00901	0.00908	0.00724	0.00532	0.01107	0.01171	0.01561	0.02611	0.15434	0.03021	0.53755	0.03375	0.09256	0.00695	0.01248	0.00495	0.00480
43	0.78228	0.01499	0.01140	0.01020	0.01499	0.01739	0.00840	0.02279	0.01320	0.03479	0.01080	0.01260	0.00840	0.00720	0.00480	0.00240	0.00600	0.00420	0.00480	0.00840
44	0.01616	0.01842	0.15255	0.02215	0.12662	0.01425	0.04620	0.02363	0.10740	0.04847	0.02861	0.04918	0.02726	0.01371	0.00900	0.00293	0.00844	0.26925	0.00589	0.00989
45	0.02258	0.57624	0.03645	0.01477	0.02081	0.17999	0.01365	0.02495	0.01715	0.01841	0.01105	0.01278	0.00996	0.00694	0.00543	0.00173	0.00957	0.00434	0.00347	0.00973
46	0.01919	0.01842	0.03147	0.04759	0.67914	0.01842	0.02380	0.02380	0.01765	0.02533	0.01458	0.01919	0.01228	0.00691	0.00768	0.00230	0.00921	0.00691	0.00384	0.01228
47	0.01555	0.04011	0.68733	0.02210	0.03356	0.01801	0.02865	0.02455	0.01637	0.02455	0.01391	0.01637	0.00982	0.00737	0.00737	0.00246	0.01146	0.00573	0.00327	0.01146
48	0.02008	0.01705	0.01798	0.01594	0.02047	0.01966	0.01247	0.08919	0.61585	0.03372	0.03054	0.02812	0.02285	0.01042	0.00788	0.00261	0.00632	0.00863	0.00788	0.01234
49	0.65123	0.01651	0.04051	0.01508	0.08061	0.01760	0.03434	0.02303	0.01393	0.03312	0.01146	0.01368	0.00895	0.00715	0.00533	0.00240	0.00678	0.00470	0.00462	0.00896
50	0.01570	0.03907	0.65268	0.02267	0.03393	0.01809	0.06226	0.02457	0.01647	0.02457	0.01401	0.01662	0.00993	0.00732	0.00746	0.00246	0.01155	0.00591	0.00331	0.01140
51	0.01128	0.00752	0.00846	0.00846	0.00846	0.00752	0.00470	0.01128	0.01128	0.01503	0.02443	0.05074	0.02819	0.72751	0.03946	0.00752	0.00752	0.01128	0.00470	0.00470
52	0.01560	0.01470	0.02480	0.51344	0.21139	0.01711	0.02156	0.02048	0.01603	0.02122	0.01510	0.04720	0.01240	0.00817	0.00781	0.00253	0.00983	0.00748	0.00369	0.00946
53	0.74291	0.01460	0.01118	0.01004	0.01469	0.01687	0.00824	0.02255	0.01335	0.03449	0.01154	0.01343	0.00899	0.00729	0.00483	0.00237	0.00588	0.00435	0.04405	0.00834
54	0.01109	0.00825	0.01216	0.01216	0.01343	0.00953	0.00931	0.01365	0.01237	0.01777	0.02105	0.03201	0.02006	0.10921	0.64664	0.01208	0.01976	0.00853	0.00420	0.00675
