[name]
unknown

[dist]
# distance from previous block
# <min> <max>
0	35

[block]
# block no. 0 follows, 31 sequences, length 64
# corresponding to MSA columns:
# 35-98
name=unknown_A
#
# <colnr> <probs for GDERKNQSTAVLIFYWHMCP>
#	G	D	E	R	K	N	Q	S	T	A	V	L	I	F	Y	W	H	M	C	P
0	0.01567	0.01142	0.01337	0.03016	0.01617	0.01102	0.00941	0.06751	0.16137	0.09889	0.03120	0.05706	0.13541	0.01118	0.00710	0.00210	0.00538	0.10873	0.00609	0.20074
1	0.10555	0.01970	0.05271	0.01489	0.02013	0.08579	0.01258	0.45465	0.04571	0.07311	0.01748	0.01755	0.03308	0.00815	0.00654	0.00206	0.00760	0.00603	0.00615	0.01057
2	0.01598	0.11903	0.02366	0.01749	0.01873	0.05620	0.03999	0.01775	0.01160	0.01663	0.00931	0.01442	0.00900	0.01066	0.01863	0.00270	0.58177	0.00567	0.00303	0.00775
3	0.00834	0.00595	0.00794	0.00953	0.00992	0.00556	0.00635	0.00953	0.01310	0.01746	0.03771	0.75510	0.04525	0.02143	0.00873	0.00278	0.00397	0.01945	0.00635	0.00556
4	0.01372	0.03539	0.72412	0.01950	0.02961	0.01589	0.02528	0.02167	0.01444	0.02167	0.01228	0.01444	0.00867	0.00650	0.00650	0.00217	0.01011	0.00506	0.00289	0.01011
5	0.01467	0.01386	0.02345	0.39762	0.34959	0.01540	0.01960	0.01895	0.01462	0.01980	0.01339	0.01987	0.01104	0.00696	0.00691	0.00220	0.00856	0.03117	0.00332	0.00902
6	0.01102	0.00787	0.01102	0.01260	0.01417	0.00787	0.01102	0.01417	0.01575	0.02047	0.03622	0.07717	0.03937	0.01890	0.00945	0.00315	0.00630	0.67084	0.00630	0.00630
7	0.80789	0.01323	0.01006	0.00900	0.01323	0.01535	0.00741	0.02011	0.01164	0.03070	0.00953	0.01111	0.00741	0.00635	0.00423	0.00212	0.00529	0.00370	0.00423	0.00741
8	0.01323	0.01340	0.05135	0.66369	0.06958	0.01532	0.01909	0.01837	0.03517	0.01818	0.01268	0.01825	0.00953	0.00687	0.00683	0.00227	0.00901	0.00609	0.00317	0.00793
9	0.01372	0.03539	0.72412	0.01950	0.02961	0.01589	0.02528	0.02167	0.01444	0.02167	0.01228	0.01444	0.00867	0.00650	0.00650	0.00217	0.01011	0.00506	0.00289	0.01011
10	0.00834	0.00595	0.00794	0.00953	0.00992	0.00556	0.00635	0.00953	0.01310	0.01746	0.03771	0.75510	0.04525	0.02143	0.00873	0.00278	0.00397	0.01945	0.00635	0.00556
11	0.01726	0.01688	0.02745	0.04106	0.69040	0.04351	0.02070	0.02124	0.01572	0.02214	0.01278	0.01676	0.01076	0.00613	0.00675	0.00202	0.00829	0.00603	0.00339	0.01073
12	0.01275	0.00638	0.00638	0.00638	0.00797	0.00638	0.00478	0.01594	0.01435	0.02551	0.02232	0.02551	0.01754	0.00797	0.00478	0.00159	0.00319	0.00638	0.79755	0.00638
13	0.01419	0.01216	0.01419	0.01013	0.01621	0.00912	0.00811	0.01723	0.01419	0.02229	0.01216	0.01419	0.01013	0.00507	0.00507	0.00101	0.00507	0.00405	0.00405	0.80139
14	0.00809	0.00693	0.00693	0.00693	0.00924	0.00578	0.00520	0.00982	0.01559	0.01848	0.06931	0.06584	0.71411	0.01733	0.00809	0.00231	0.00347	0.01444	0.00635	0.00578
15	0.01275	0.00638	0.00638	0.00638	0.00797	0.00638	0.00478	0.01594	0.01435	0.02551	0.02232	0.02551	0.01754	0.00797	0.00478	0.00159	0.00319	0.00638	0.79755	0.00638
16	0.00870	0.00595	0.00804	0.00946	0.00982	0.00560	0.00631	0.00946	0.01267	0.01689	0.03504	0.67927	0.04180	0.02167	0.01059	0.08521	0.00417	0.01805	0.00600	0.00529
17	0.08788	0.01869	0.01970	0.01521	0.02058	0.02075	0.01256	0.64074	0.03054	0.04213	0.01588	0.01601	0.01130	0.00807	0.00664	0.00206	0.00735	0.00597	0.00664	0.01130
18	0.00834	0.00595	0.00794	0.00953	0.00992	0.00556	0.00635	0.00953	0.01310	0.01746	0.03771	0.75510	0.04525	0.02143	0.00873	0.00278	0.00397	0.01945	0.00635	0.00556
19	0.00878	0.00624	0.00797	0.00902	0.00947	0.00600	0.00592	0.00981	0.01236	0.01645	0.03432	0.51277	0.07129	0.19301	0.05977	0.00415	0.00545	0.01626	0.00568	0.00528
20	0.02313	0.10487	0.02121	0.01761	0.05044	0.50516	0.01324	0.06116	0.01843	0.01863	0.01115	0.01329	0.00936	0.00739	0.00735	0.00185	0.07186	0.00470	0.03090	0.00826
21	0.02530	0.01865	0.02012	0.01553	0.02082	0.02066	0.01281	0.66430	0.03124	0.04193	0.01651	0.01688	0.01187	0.01009	0.03853	0.00244	0.00800	0.00621	0.00671	0.01139
22	0.03070	0.01164	0.01588	0.01217	0.01746	0.01006	0.01006	0.03334	0.01958	0.72163	0.02699	0.02329	0.01694	0.00847	0.00688	0.00212	0.00582	0.00688	0.00847	0.01164
23	0.01051	0.00722	0.00944	0.00894	0.01072	0.00666	0.00684	0.01366	0.01901	0.05287	0.62108	0.05226	0.08384	0.01421	0.00811	0.00222	0.00353	0.05482	0.00745	0.00662
24	0.02601	0.01916	0.02053	0.01574	0.02122	0.02122	0.01300	0.69408	0.03217	0.04312	0.01643	0.01643	0.01163	0.00821	0.00684	0.00205	0.00753	0.00616	0.00684	0.01163
25	0.00834	0.00595	0.00794	0.00953	0.00992	0.00556	0.00635	0.00953	0.01310	0.01746	0.03771	0.75510	0.04525	0.02143	0.00873	0.00278	0.00397	0.01945	0.00635	0.00556
26	0.04414	0.01574	0.01575	0.01398	0.01789	0.05487	0.01090	0.10420	0.54788	0.02918	0.02549	0.05092	0.01974	0.00941	0.00688	0.00227	0.00595	0.00770	0.00665	0.01045
27	0.01275	0.00638	0.00638	0.00638	0.00797	0.00638	0.00478	0.01594	0.01435	0.02551	0.02232	0.02551	0.01754	0.00797	0.00478	0.00159	0.00319	0.00638	0.79755	0.00638
28	0.02556	0.03261	0.01939	0.01763	0.02115	0.73210	0.01322	0.02732	0.01939	0.01674	0.01058	0.01234	0.00881	0.00705	0.00617	0.00176	0.01234	0.00441	0.00353	0.00793
29	0.01497	0.01497	0.02095	0.01796	0.01796	0.02095	0.01497	0.01646	0.01048	0.01646	0.00898	0.01497	0.00898	0.01197	0.02245	0.00299	0.74704	0.00599	0.00299	0.00748
30	0.00958	0.00713	0.00923	0.00890	0.01037	0.00678	0.00663	0.01240	0.01805	0.02522	0.56170	0.13464	0.10889	0.01505	0.00862	0.00227	0.02791	0.01316	0.00715	0.00633
31	0.00995	0.00663	0.00746	0.00746	0.00746	0.00663	0.00415	0.00995	0.00995	0.01327	0.02156	0.04477	0.02487	0.75957	0.03482	0.00663	0.00663	0.00995	0.00415	0.00415
32	0.01275	0.00638	0.00638	0.00638	0.00797	0.00638	0.00478	0.01594	0.01435	0.02551	0.02232	0.02551	0.01754	0.00797	0.00478	0.00159	0.00319	0.00638	0.79755	0.00638
33	0.02486	0.06472	0.02018	0.01737	0.02088	0.67567	0.01321	0.02663	0.01883	0.01671	0.01047	0.01237	0.00882	0.00717	0.00666	0.00179	0.03780	0.00443	0.00348	0.00795
34	0.02063	0.01531	0.07940	0.01349	0.01791	0.01398	0.01157	0.30282	0.02287	0.16471	0.06697	0.19307	0.02361	0.01157	0.00734	0.00225	0.00633	0.00971	0.00673	0.00975
35	0.01275	0.00638	0.00638	0.00638	0.00797	0.00638	0.00478	0.01594	0.01435	0.02551	0.02232	0.02551	0.01754	0.00797	0.00478	0.00159	0.00319	0.00638	0.79755	0.00638
36	0.00809	0.00693	0.00693	0.00693	0.00924	0.00578	0.00520	0.00982	0.01559	0.01848	0.06931	0.06584	0.71411	0.01733	0.00809	0.00231	0.00347	0.01444	0.00635	0.00578
37	0.01202	0.04432	0.04253	0.01516	0.01857	0.01110	0.19053	0.01572	0.01671	0.02279	0.28074	0.08651	0.09377	0.01239	0.00855	0.00235	0.03225	0.08105	0.00563	0.00732
38	0.01666	0.01565	0.02473	0.03548	0.56008	0.01606	0.01853	0.02356	0.14714	0.02342	0.01759	0.02018	0.03592	0.00707	0.00685	0.00210	0.00746	0.00668	0.00417	0.01067
39	0.08431	0.01820	0.01915	0.01502	0.02022	0.02029	0.01233	0.56724	0.10798	0.04051	0.01722	0.01707	0.01238	0.00819	0.00666	0.00209	0.00712	0.00615	0.00666	0.01122
40	0.01102	0.00787	0.01102	0.01260	0.01417	0.00787	0.01102	0.01417	0.01575	0.02047	0.03622	0.07717	0.03937	0.01890	0.00945	0.00315	0.00630	0.67084	0.00630	0.00630
41	0.01693	0.01626	0.02777	0.04199	0.71689	0.01626	0.02100	0.02100	0.01558	0.02235	0.01287	0.01693	0.01084	0.00610	0.00677	0.00203	0.00813	0.00610	0.00339	0.01084
42	0.02359	0.01686	0.01856	0.01475	0.01954	0.01837	0.01215	0.55218	0.02901	0.07005	0.05732	0.04602	0.01801	0.00979	0.00718	0.00217	0.00701	0.05980	0.00690	0.01074
43	0.46401	0.17127	0.01677	0.01030	0.01501	0.01689	0.00891	0.04516	0.01435	0.14016	0.03409	0.01446	0.01114	0.00689	0.00490	0.00198	0.00582	0.00456	0.00484	0.00850
44	0.02482	0.01665	0.01831	0.01424	0.01909	0.01797	0.01158	0.52411	0.02798	0.13114	0.01848	0.02006	0.01367	0.07181	0.00914	0.00243	0.00707	0.00658	0.03403	0.01082
45	0.02335	0.06997	0.05084	0.01585	0.02023	0.37295	0.01282	0.08436	0.16442	0.09455	0.01641	0.01660	0.01242	0.00767	0.00637	0.00194	0.00940	0.00549	0.00497	0.00938
46	0.01275	0.00638	0.00638	0.00638	0.00797	0.00638	0.00478	0.01594	0.01435	0.02551	0.02232	0.02551	0.01754	0.00797	0.00478	0.00159	0.00319	0.00638	0.79755	0.00638
47	0.01419	0.01216	0.01419	0.01013	0.01621	0.00912	0.00811	0.01723	0.01419	0.02229	0.01216	0.01419	0.01013	0.00507	0.00507	0.00101	0.00507	0.00405	0.00405	0.80139
48	0.00968	0.00699	0.00914	0.00861	0.01022	0.00646	0.00646	0.01291	0.01937	0.02743	0.71328	0.05110	0.06455	0.01399	0.00807	0.00215	0.00323	0.01237	0.00753	0.00646
49	0.01275	0.00638	0.00638	0.00638	0.00797	0.00638	0.00478	0.01594	0.01435	0.02551	0.02232	0.02551	0.01754	0.00797	0.00478	0.00159	0.00319	0.00638	0.79755	0.00638
50	0.01675	0.01607	0.02744	0.07338	0.68691	0.01621	0.02091	0.02084	0.01549	0.02213	0.01284	0.01699	0.01076	0.00613	0.00678	0.00204	0.00817	0.00609	0.00337	0.01069
51	0.00950	0.00728	0.00875	0.00839	0.01026	0.00669	0.00629	0.01294	0.04800	0.02460	0.47699	0.07839	0.24669	0.01499	0.00805	0.00223	0.00342	0.01300	0.00713	0.00642
52	0.01419	0.01216	0.01419	0.01013	0.01621	0.00912	0.00811	0.01723	0.01419	0.02229	0.01216	0.01419	0.01013	0.00507	0.00507	0.00101	0.00507	0.00405	0.00405	0.80139
53	0.00993	0.00704	0.00955	0.00955	0.01033	0.00777	0.00680	0.01149	0.01071	0.01520	0.01964	0.03347	0.02000	0.31271	0.45183	0.00909	0.01353	0.00827	0.02770	0.00539
54	0.04542	0.01391	0.02130	0.30708	0.03097	0.01718	0.07659	0.02037	0.08443	0.05341	0.01353	0.01793	0.01072	0.00871	0.01188	0.00250	0.24572	0.00635	0.00378	0.00823
55	0.01296	0.01216	0.02031	0.71900	0.04610	0.01500	0.01864	0.01747	0.01370	0.01764	0.01216	0.01811	0.00915	0.00678	0.00678	0.00224	0.00899	0.00601	0.00307	0.03373
56	0.01292	0.01216	0.02052	0.74312	0.04712	0.01520	0.01900	0.01748	0.01368	0.01748	0.01216	0.01824	0.00912	0.00684	0.00684	0.00228	0.00912	0.00608	0.00304	0.00760
57	0.06508	0.03396	0.67794	0.01882	0.02855	0.01585	0.02412	0.02157	0.01426	0.02225	0.01210	0.01423	0.00859	0.00649	0.00635	0.00216	0.00980	0.00497	0.00298	0.00994
58	0.00919	0.00880	0.05434	0.00852	0.01101	0.00675	0.00708	0.01202	0.01727	0.02284	0.36463	0.05567	0.36689	0.01508	0.00798	0.00223	0.00378	0.01287	0.00668	0.00637
59	0.01297	0.01366	0.06602	0.69633	0.04599	0.01524	0.01941	0.01775	0.01373	0.01775	0.01217	0.01799	0.00909	0.00682	0.00682	0.00227	0.00918	0.00601	0.00303	0.00776
60	0.12340	0.01357	0.01416	0.01069	0.01627	0.05681	0.00856	0.02007	0.01479	0.10150	0.01337	0.01467	0.01044	0.00575	0.00523	0.00133	0.00565	0.00435	0.00454	0.55484
61	0.02895	0.01191	0.01720	0.01311	0.01837	0.01039	0.05402	0.03182	0.01935	0.64995	0.05227	0.02403	0.01832	0.00850	0.00700	0.00213	0.00609	0.00717	0.00811	0.01129
62	0.01434	0.01194	0.01387	0.01059	0.01581	0.00981	0.00832	0.06088	0.04611	0.02331	0.01636	0.10842	0.01515	0.00753	0.00573	0.00136	0.00510	0.00630	0.00465	0.61442
63	0.01606	0.01595	0.02182	0.01834	0.01913	0.04253	0.04767	0.06088	0.01243	0.01846	0.00975	0.01515	0.00922	0.01128	0.02025	0.00286	0.64104	0.00605	0.00328	0.00785

[dist]
# distance from previous block
# <min> <max>
21	62

[block]
# block no. 1 follows, 31 sequences, length 10
# corresponding to MSA columns:
# 166-175
name=unknown_B
#
# <colnr> <probs for GDERKNQSTAVLIFYWHMCP>
#	G	D	E	R	K	N	Q	S	T	A	V	L	I	F	Y	W	H	M	C	P
0	0.05324	0.04858	0.13380	0.02278	0.21857	0.22325	0.01599	0.02172	0.01613	0.02097	0.05163	0.01746	0.01327	0.00826	0.02385	0.00217	0.03013	0.00564	0.06371	0.00886
1	0.11778	0.02032	0.12156	0.02570	0.12029	0.05654	0.36102	0.02158	0.01520	0.02253	0.01256	0.01630	0.00969	0.00633	0.00775	0.00223	0.04343	0.00656	0.00346	0.00917
2	0.12868	0.01494	0.02003	0.33692	0.20925	0.07368	0.01647	0.02011	0.04568	0.02110	0.01480	0.01861	0.03765	0.00712	0.00645	0.00215	0.00819	0.00601	0.00365	0.00850
3	0.01989	0.01501	0.01819	0.10536	0.06375	0.04900	0.03624	0.08069	0.32493	0.15422	0.02298	0.02377	0.01707	0.00864	0.00699	0.00224	0.00683	0.02766	0.00623	0.01031
4	0.04316	0.01730	0.07206	0.10663	0.10808	0.04970	0.01418	0.24793	0.06558	0.02881	0.03194	0.08106	0.01525	0.00859	0.00673	0.00206	0.00739	0.00709	0.00515	0.08129
5	0.01595	0.01566	0.02440	0.20651	0.47831	0.05512	0.01920	0.01988	0.01534	0.02066	0.01574	0.01973	0.04973	0.00696	0.00683	0.00209	0.00834	0.00647	0.00348	0.00962
6	0.29698	0.01233	0.01563	0.25008	0.11039	0.01405	0.01292	0.01867	0.03749	0.02411	0.06847	0.02293	0.04544	0.00818	0.00617	0.00222	0.00669	0.03517	0.00427	0.00782
7	0.07663	0.01739	0.06434	0.09455	0.54357	0.04390	0.01974	0.02093	0.01521	0.02233	0.01244	0.01628	0.01024	0.00624	0.00655	0.00206	0.00827	0.00579	0.00340	0.01016
8	0.19861	0.01603	0.09206	0.16489	0.13618	0.01529	0.01459	0.12365	0.01677	0.05888	0.04478	0.01890	0.01306	0.04937	0.00782	0.00239	0.00738	0.00598	0.00446	0.00891
9	0.01828	0.01338	0.01615	0.01311	0.01694	0.01390	0.04765	0.31279	0.02210	0.06036	0.05369	0.09689	0.07204	0.06990	0.06379	0.00310	0.00729	0.00873	0.02994	0.05996

[dist]
# distance from previous block
# <min> <max>
0	9

[block]
# block no. 2 follows, 31 sequences, length 23
# corresponding to MSA columns:
# 185-207
name=unknown_C
#
# <colnr> <probs for GDERKNQSTAVLIFYWHMCP>
#	G	D	E	R	K	N	Q	S	T	A	V	L	I	F	Y	W	H	M	C	P
0	0.01572	0.14915	0.21572	0.05031	0.31689	0.01745	0.01917	0.02116	0.04746	0.02124	0.03216	0.01801	0.03281	0.00687	0.00637	0.00200	0.00817	0.00588	0.00352	0.00992
1	0.02035	0.05306	0.01757	0.09639	0.02102	0.14068	0.01155	0.15731	0.09434	0.11798	0.03753	0.02328	0.07642	0.02778	0.00733	0.00209	0.00740	0.00679	0.00554	0.07561
2	0.02229	0.01743	0.01851	0.03833	0.02026	0.04696	0.01213	0.46005	0.09009	0.03582	0.01888	0.01930	0.03981	0.00853	0.00732	0.00204	0.03734	0.00643	0.04068	0.05779
3	0.42447	0.08508	0.04243	0.03018	0.01641	0.03232	0.00974	0.07457	0.07239	0.08899	0.01404	0.01494	0.01052	0.00700	0.00514	0.00204	0.00604	0.00479	0.05033	0.00858
4	0.01989	0.01579	0.01848	0.06625	0.04869	0.01661	0.01221	0.34231	0.05791	0.03178	0.01560	0.03786	0.01232	0.00783	0.00731	0.00187	0.04921	0.00603	0.00545	0.22660
5	0.06718	0.10352	0.01577	0.01208	0.01518	0.22005	0.00951	0.05210	0.03504	0.02049	0.08065	0.08669	0.20356	0.01152	0.00738	0.00208	0.03592	0.00892	0.00500	0.00738
6	0.01502	0.01102	0.01327	0.08523	0.01725	0.01143	0.00941	0.15236	0.07847	0.04451	0.14101	0.15228	0.02809	0.03520	0.00788	0.00223	0.00537	0.00959	0.09041	0.08996
7	0.07176	0.01022	0.02973	0.01099	0.01423	0.00936	0.00914	0.02046	0.07460	0.18991	0.16899	0.06614	0.10182	0.01291	0.00761	0.00237	0.00513	0.15420	0.00682	0.03360
8	0.01607	0.01601	0.04766	0.17448	0.53981	0.01607	0.02035	0.02094	0.04210	0.02164	0.01330	0.01744	0.01083	0.00638	0.00678	0.00209	0.00827	0.00612	0.00344	0.01019
9	0.01502	0.01265	0.01463	0.01053	0.01656	0.00997	0.00845	0.06482	0.01545	0.02376	0.01246	0.01434	0.01024	0.00529	0.00519	0.00109	0.00524	0.00420	0.00425	0.74586
10	0.02549	0.01891	0.02024	0.01564	0.02102	0.02098	0.01288	0.65634	0.07075	0.04228	0.01708	0.01695	0.01217	0.00827	0.00685	0.00207	0.00741	0.00625	0.00685	0.01159
11	0.01285	0.00877	0.00965	0.00883	0.00985	0.00913	0.00570	0.12781	0.01399	0.01902	0.02071	0.03891	0.02222	0.59198	0.02848	0.00559	0.00661	0.00911	0.04523	0.00555
12	0.01535	0.01373	0.01913	0.01374	0.01992	0.01138	0.12597	0.06563	0.01579	0.02369	0.01275	0.01508	0.01028	0.00541	0.00571	0.00131	0.00635	0.00489	0.00415	0.60973
13	0.04291	0.01384	0.01579	0.03633	0.03929	0.01510	0.01098	0.06401	0.43302	0.17795	0.02746	0.02547	0.04872	0.00915	0.00690	0.00225	0.00571	0.00755	0.00695	0.01062
14	0.01867	0.01955	0.02608	0.03708	0.57650	0.16070	0.01943	0.02227	0.01635	0.02122	0.01241	0.01601	0.01043	0.00629	0.00665	0.00198	0.00898	0.00575	0.00341	0.01025
15	0.01693	0.01626	0.02777	0.04199	0.71689	0.01626	0.02100	0.02100	0.01558	0.02235	0.01287	0.01693	0.01084	0.00610	0.00677	0.00203	0.00813	0.00610	0.00339	0.01084
16	0.01292	0.01216	0.02052	0.74312	0.04712	0.01520	0.01900	0.01748	0.01368	0.01748	0.01216	0.01824	0.00912	0.00684	0.00684	0.00228	0.00912	0.00608	0.00304	0.00760
17	0.00954	0.00699	0.00894	0.00846	0.01013	0.00639	0.00634	0.01263	0.01902	0.02662	0.65491	0.05244	0.12342	0.01429	0.00807	0.00217	0.00325	0.01256	0.00742	0.00639
18	0.01565	0.01765	0.03829	0.02760	0.03410	0.01655	0.64803	0.02112	0.01595	0.02163	0.01537	0.06574	0.01262	0.00677	0.00812	0.00234	0.01105	0.00880	0.00365	0.00899
19	0.00945	0.00681	0.00894	0.00876	0.01017	0.00630	0.00644	0.01233	0.01829	0.02572	0.59719	0.17208	0.06124	0.01527	0.00818	0.00226	0.00336	0.01359	0.00733	0.00630
20	0.01471	0.01158	0.01369	0.01037	0.01563	0.00916	0.00816	0.04320	0.01501	0.05826	0.01649	0.11340	0.01522	0.00754	0.00572	0.00135	0.00505	0.00633	0.00469	0.62444
21	0.01564	0.01725	0.03608	0.02749	0.07537	0.01645	0.56089	0.02077	0.01564	0.02148	0.01490	0.06035	0.01234	0.00692	0.00852	0.00230	0.04077	0.00839	0.00362	0.03484
22	0.01692	0.05874	0.01717	0.04316	0.01775	0.18388	0.01156	0.09807	0.01582	0.01988	0.01432	0.01915	0.01253	0.02380	0.26979	0.00530	0.12147	0.00601	0.03708	0.00762

[dist]
# distance from previous block
# <min> <max>
0	1

[block]
# block no. 3 follows, 31 sequences, length 12
# corresponding to MSA columns:
# 209-220
name=unknown_D
#
# <colnr> <probs for GDERKNQSTAVLIFYWHMCP>
#	G	D	E	R	K	N	Q	S	T	A	V	L	I	F	Y	W	H	M	C	P
0	0.01500	0.01192	0.01386	0.01183	0.01502	0.01217	0.00914	0.17104	0.05837	0.02490	0.02462	0.20891	0.06735	0.05765	0.01011	0.00239	0.07276	0.00989	0.00551	0.19758
1	0.02320	0.06613	0.02021	0.01472	0.01986	0.01854	0.03221	0.43341	0.08835	0.09989	0.01883	0.05774	0.01449	0.00865	0.00674	0.00203	0.00695	0.00687	0.00646	0.05470
2	0.01398	0.03371	0.65939	0.02091	0.05776	0.01598	0.06074	0.02165	0.01458	0.02171	0.01238	0.01476	0.00885	0.00644	0.00660	0.00217	0.01011	0.00526	0.00294	0.01009
3	0.01913	0.01540	0.01656	0.01434	0.01848	0.01743	0.01149	0.22905	0.44292	0.03217	0.02523	0.02752	0.01983	0.00984	0.00715	0.00232	0.00612	0.06750	0.00687	0.01066
4	0.01494	0.01266	0.01613	0.01258	0.01713	0.01166	0.04952	0.10423	0.01612	0.02365	0.01678	0.13824	0.01609	0.00887	0.00767	0.00170	0.07298	0.00731	0.00467	0.44708
5	0.01580	0.01168	0.01396	0.01326	0.03601	0.01193	0.01026	0.02512	0.28740	0.09488	0.02772	0.10063	0.02498	0.01177	0.00739	0.00232	0.00555	0.16118	0.00635	0.13180
6	0.01546	0.05791	0.02189	0.27057	0.16673	0.01534	0.05290	0.07963	0.01586	0.02200	0.01402	0.04212	0.01161	0.00722	0.00698	0.00201	0.03214	0.00628	0.05404	0.10530
7	0.01893	0.01593	0.01725	0.01357	0.01868	0.10895	0.05493	0.07737	0.11319	0.10785	0.01740	0.04703	0.01383	0.00729	0.00619	0.00167	0.00676	0.00601	0.00519	0.34197
8	0.01833	0.01721	0.14455	0.01919	0.12377	0.01347	0.07676	0.02539	0.14492	0.17970	0.02210	0.05672	0.03956	0.02812	0.00767	0.00226	0.00718	0.00746	0.00542	0.06022
9	0.01563	0.01947	0.13990	0.09976	0.30132	0.09609	0.06295	0.01985	0.01546	0.02060	0.03480	0.11130	0.01590	0.00850	0.00704	0.00217	0.00860	0.00773	0.00378	0.00916
10	0.01595	0.06130	0.01453	0.01168	0.01476	0.03619	0.00913	0.17086	0.03514	0.06334	0.09388	0.24602	0.02928	0.04332	0.00847	0.00239	0.00570	0.04988	0.00608	0.08209
11	0.34731	0.05623	0.18399	0.01427	0.06234	0.01485	0.01311	0.02199	0.03853	0.10600	0.05120	0.03565	0.01359	0.00749	0.00567	0.00212	0.00665	0.00555	0.00460	0.00885

[dist]
# distance from previous block
# <min> <max>
20	30

[block]
# block no. 4 follows, 31 sequences, length 13
# corresponding to MSA columns:
# 251-263
name=unknown_E
#
# <colnr> <probs for GDERKNQSTAVLIFYWHMCP>
#	G	D	E	R	K	N	Q	S	T	A	V	L	I	F	Y	W	H	M	C	P
0	0.04392	0.09163	0.43938	0.01810	0.02589	0.07969	0.07604	0.02184	0.03956	0.02141	0.04333	0.01661	0.01196	0.00841	0.03166	0.00239	0.00983	0.00558	0.00342	0.00936
1	0.09200	0.01453	0.06815	0.04374	0.02118	0.01219	0.14245	0.04007	0.03973	0.02300	0.01667	0.12339	0.01533	0.00814	0.00640	0.00184	0.00679	0.00740	0.00436	0.31264
2	0.08444	0.01300	0.01262	0.01141	0.01412	0.13041	0.03271	0.04681	0.01836	0.04437	0.31927	0.04159	0.12608	0.01227	0.00744	0.00219	0.00578	0.06380	0.00616	0.00716
3	0.00948	0.00700	0.00949	0.01174	0.06914	0.00674	0.00702	0.01061	0.01250	0.01680	0.03145	0.51011	0.03710	0.20978	0.01527	0.00371	0.00501	0.01588	0.00553	0.00564
4	0.02362	0.01784	0.07768	0.01449	0.01977	0.01731	0.01264	0.46103	0.02661	0.12664	0.01891	0.05073	0.01409	0.00867	0.00672	0.00206	0.00698	0.00677	0.07667	0.01077
5	0.01419	0.01216	0.01419	0.01013	0.01621	0.00912	0.00811	0.01723	0.01419	0.02229	0.01216	0.01419	0.01013	0.00507	0.00507	0.00101	0.00507	0.00405	0.00405	0.80139
6	0.00984	0.00659	0.00750	0.00761	0.00763	0.00656	0.00430	0.00992	0.01017	0.01356	0.02269	0.09449	0.02630	0.70790	0.03300	0.00636	0.00645	0.01061	0.00430	0.00424
7	0.00995	0.00663	0.00746	0.00746	0.00746	0.00663	0.00415	0.00995	0.00995	0.01327	0.02156	0.04477	0.02487	0.75957	0.03482	0.00663	0.00663	0.00995	0.00415	0.00415
8	0.01188	0.00594	0.00891	0.00891	0.00891	0.00594	0.00594	0.00891	0.00891	0.01188	0.01188	0.02080	0.01188	0.02377	0.02674	0.80095	0.00594	0.00594	0.00297	0.00297
9	0.00834	0.00595	0.00794	0.00953	0.00992	0.00556	0.00635	0.00953	0.01310	0.01746	0.03771	0.75510	0.04525	0.02143	0.00873	0.00278	0.00397	0.01945	0.00635	0.00556
10	0.01388	0.01308	0.02228	0.64227	0.04477	0.01570	0.07825	0.05289	0.01486	0.01920	0.01253	0.01816	0.00936	0.00682	0.00695	0.00227	0.00925	0.00626	0.00327	0.00795
11	0.05101	0.29791	0.35368	0.01598	0.02346	0.11183	0.01805	0.02190	0.01476	0.01940	0.01094	0.01277	0.00867	0.00633	0.00560	0.00186	0.00918	0.00441	0.00304	0.00923
12	0.01421	0.07497	0.59935	0.05007	0.08551	0.01654	0.02389	0.02137	0.01447	0.02123	0.01216	0.01460	0.00887	0.00644	0.00641	0.00212	0.00975	0.00510	0.00294	0.00999

[dist]
# distance from previous block
# <min> <max>
0	3

[block]
# block no. 5 follows, 31 sequences, length 6
# corresponding to MSA columns:
# 267-272
name=unknown_F
#
# <colnr> <probs for GDERKNQSTAVLIFYWHMCP>
#	G	D	E	R	K	N	Q	S	T	A	V	L	I	F	Y	W	H	M	C	P
0	0.21989	0.06610	0.03672	0.03118	0.01594	0.11293	0.00956	0.02122	0.01637	0.15336	0.16821	0.05248	0.05089	0.00947	0.00629	0.00207	0.00621	0.00737	0.00563	0.00811
1	0.01425	0.08079	0.62957	0.02062	0.07852	0.01663	0.02410	0.02154	0.01449	0.02136	0.01214	0.01440	0.00883	0.00643	0.00638	0.00211	0.00979	0.00504	0.00293	0.01008
2	0.01769	0.02017	0.12171	0.11967	0.33766	0.09460	0.01895	0.09339	0.04115	0.02339	0.01415	0.01857	0.01151	0.00713	0.00678	0.00210	0.00877	0.02877	0.00388	0.00994
3	0.01668	0.01231	0.01371	0.01213	0.01523	0.01311	0.00933	0.26390	0.11707	0.02937	0.02597	0.28087	0.02537	0.01290	0.00725	0.00226	0.00544	0.01103	0.08274	0.04333
4	0.02238	0.01773	0.01812	0.01461	0.01917	0.06745	0.01178	0.45712	0.12728	0.03700	0.11530	0.02233	0.02020	0.00910	0.00699	0.00209	0.00695	0.00714	0.00673	0.01054
5	0.01702	0.02046	0.15716	0.02463	0.03191	0.01594	0.47383	0.02273	0.01608	0.08930	0.01475	0.01799	0.01070	0.00612	0.00753	0.00220	0.01040	0.00722	0.00387	0.05016

[dist]
# distance from previous block
# <min> <max>
9	11

[block]
# block no. 6 follows, 31 sequences, length 19
# corresponding to MSA columns:
# 284-302
name=unknown_G
#
# <colnr> <probs for GDERKNQSTAVLIFYWHMCP>
#	G	D	E	R	K	N	Q	S	T	A	V	L	I	F	Y	W	H	M	C	P
0	0.01616	0.01316	0.01639	0.01236	0.01786	0.01151	0.05379	0.08495	0.08952	0.05551	0.01638	0.05634	0.01363	0.00690	0.00591	0.00148	0.00574	0.00587	0.00491	0.51163
1	0.01521	0.01184	0.01396	0.01064	0.01575	0.00986	0.00854	0.08224	0.01701	0.05507	0.12102	0.02319	0.02014	0.00748	0.00597	0.00143	0.00511	0.03504	0.00514	0.53537
2	0.08492	0.20109	0.03842	0.01493	0.04784	0.28540	0.01186	0.02261	0.01692	0.06212	0.11535	0.01863	0.01752	0.00789	0.00637	0.00185	0.02810	0.00563	0.00429	0.00826
3	0.01272	0.00806	0.01019	0.00911	0.01161	0.00708	0.00689	0.01540	0.01757	0.11845	0.39404	0.10643	0.11903	0.03884	0.00857	0.00225	0.00398	0.01151	0.00694	0.09133
4	0.01419	0.01216	0.01419	0.01013	0.01621	0.00912	0.00811	0.01723	0.01419	0.02229	0.01216	0.01419	0.01013	0.00507	0.00507	0.00101	0.00507	0.00405	0.00405	0.80139
5	0.02237	0.01490	0.01616	0.01296	0.01732	0.01613	0.01052	0.39969	0.09468	0.10394	0.02003	0.02020	0.01451	0.00829	0.00636	0.00198	0.00610	0.00644	0.19713	0.01029
6	0.00995	0.00663	0.00746	0.00746	0.00746	0.00663	0.00415	0.00995	0.00995	0.01327	0.02156	0.04477	0.02487	0.75957	0.03482	0.00663	0.00663	0.00995	0.00415	0.00415
7	0.02601	0.01916	0.02053	0.01574	0.02122	0.02122	0.01300	0.69408	0.03217	0.04312	0.01643	0.01643	0.01163	0.00821	0.00684	0.00205	0.00753	0.00616	0.00684	0.01163
8	0.01829	0.76368	0.03585	0.01171	0.01756	0.02707	0.01171	0.02049	0.01390	0.01610	0.00951	0.01097	0.00878	0.00585	0.00439	0.00146	0.00732	0.00366	0.00293	0.00878
9	0.00861	0.00669	0.00793	0.00878	0.01023	0.00600	0.00650	0.01034	0.01464	0.01837	0.05206	0.33811	0.35282	0.01917	0.00854	0.00262	0.00408	0.11242	0.00634	0.00577
10	0.01628	0.01558	0.02692	0.06803	0.59842	0.01564	0.05762	0.02039	0.01554	0.02198	0.01465	0.02159	0.01288	0.00707	0.00705	0.00214	0.00822	0.05612	0.00360	0.01027
11	0.06098	0.72311	0.03446	0.01156	0.01733	0.02644	0.01147	0.02047	0.01378	0.01689	0.00951	0.01098	0.00871	0.00588	0.00438	0.00150	0.00721	0.00366	0.00300	0.00871
12	0.02417	0.01645	0.01832	0.01458	0.01936	0.01773	0.01194	0.51565	0.02803	0.12155	0.02070	0.08753	0.01681	0.01002	0.00716	0.00219	0.00693	0.04313	0.00697	0.01080
13	0.01728	0.58879	0.07997	0.01234	0.01776	0.06328	0.01215	0.01975	0.01416	0.01667	0.01286	0.09298	0.01278	0.00768	0.00511	0.00167	0.00742	0.00553	0.00333	0.00847
14	0.01758	0.62235	0.07921	0.01300	0.01840	0.02557	0.01301	0.02006	0.01351	0.01651	0.00963	0.01170	0.00880	0.00666	0.00678	0.00170	0.09987	0.00404	0.00293	0.00871
15	0.04525	0.21156	0.50228	0.01673	0.02529	0.01823	0.02054	0.02089	0.01425	0.02054	0.01357	0.01533	0.03425	0.00673	0.00595	0.00200	0.00900	0.00500	0.00308	0.00952
16	0.07576	0.04406	0.01634	0.01405	0.04609	0.04461	0.01087	0.21817	0.03828	0.02880	0.16751	0.02774	0.02468	0.01381	0.07184	0.00297	0.07537	0.04322	0.02724	0.00858
17	0.01630	0.01382	0.01718	0.01327	0.01777	0.01375	0.04415	0.12659	0.06310	0.02492	0.01417	0.01708	0.01169	0.03110	0.00942	0.00186	0.12752	0.00544	0.03651	0.39435
18	0.07241	0.01438	0.01543	0.01260	0.01657	0.01568	0.01013	0.37132	0.05120	0.05737	0.01920	0.07051	0.01558	0.02691	0.00745	0.00214	0.02569	0.00708	0.15710	0.03124

[dist]
# distance from previous block
# <min> <max>
6	15

[block]
# block no. 7 follows, 31 sequences, length 28
# corresponding to MSA columns:
# 318-345
name=unknown_H
#
# <colnr> <probs for GDERKNQSTAVLIFYWHMCP>
#	G	D	E	R	K	N	Q	S	T	A	V	L	I	F	Y	W	H	M	C	P
0	0.16632	0.04263	0.06338	0.03964	0.01629	0.01110	0.00976	0.02155	0.01598	0.24893	0.11798	0.09858	0.05258	0.03101	0.00737	0.00227	0.00557	0.00831	0.00615	0.03461
1	0.01867	0.57278	0.05840	0.01242	0.01785	0.09907	0.01194	0.02114	0.01513	0.04268	0.06410	0.01476	0.01333	0.00672	0.00503	0.00160	0.00759	0.00457	0.00354	0.00867
2	0.01062	0.03560	0.01129	0.01063	0.01209	0.03700	0.03586	0.01223	0.01354	0.01749	0.03276	0.35851	0.08555	0.15441	0.01316	0.00333	0.00557	0.10715	0.00549	0.03774
3	0.00979	0.00664	0.00783	0.00794	0.00813	0.00667	0.00475	0.01020	0.01069	0.01441	0.05186	0.10486	0.02774	0.61357	0.08176	0.00643	0.00710	0.01068	0.00444	0.00451
4	0.01835	0.70826	0.06407	0.01223	0.01819	0.05068	0.01233	0.02077	0.01411	0.01635	0.00966	0.01117	0.00878	0.00592	0.00454	0.00150	0.00760	0.00374	0.00295	0.00881
5	0.02601	0.01916	0.02053	0.01574	0.02122	0.02122	0.01300	0.69408	0.03217	0.04312	0.01643	0.01643	0.01163	0.00821	0.00684	0.00205	0.00753	0.00616	0.00684	0.01163
6	0.01372	0.03539	0.72412	0.01950	0.02961	0.01589	0.02528	0.02167	0.01444	0.02167	0.01228	0.01444	0.00867	0.00650	0.00650	0.00217	0.01011	0.00506	0.00289	0.01011
7	0.01067	0.00772	0.01056	0.01201	0.01359	0.00761	0.01035	0.01362	0.01563	0.02018	0.03900	0.10472	0.09493	0.01888	0.00931	0.00307	0.00597	0.58967	0.00631	0.00623
8	0.00995	0.00663	0.00746	0.00746	0.00746	0.00663	0.00415	0.00995	0.00995	0.01327	0.02156	0.04477	0.02487	0.75957	0.03482	0.00663	0.00663	0.00995	0.00415	0.00415
9	0.01473	0.19534	0.57296	0.01779	0.02696	0.01834	0.02230	0.02141	0.01432	0.02044	0.01167	0.01368	0.00869	0.00636	0.00604	0.00201	0.00950	0.00475	0.00290	0.00982
10	0.01188	0.00594	0.00891	0.00891	0.00891	0.00594	0.00594	0.00891	0.00891	0.01188	0.01188	0.02080	0.01188	0.02377	0.02674	0.80095	0.00594	0.00594	0.00297	0.00297
11	0.01702	0.01470	0.01547	0.01392	0.01779	0.01702	0.01083	0.03635	0.70453	0.02862	0.02785	0.02553	0.02088	0.00928	0.00696	0.00232	0.00541	0.00773	0.00696	0.01083
12	0.01615	0.01845	0.04037	0.02884	0.03576	0.01730	0.69204	0.02191	0.01615	0.02191	0.01384	0.01845	0.01038	0.00577	0.00807	0.00231	0.01153	0.00807	0.00346	0.00923
13	0.04086	0.01247	0.02056	0.61847	0.11416	0.01505	0.01852	0.01782	0.01388	0.01855	0.01301	0.02000	0.01034	0.00718	0.00684	0.00228	0.00878	0.03012	0.00324	0.00788
14	0.02271	0.01285	0.04437	0.01158	0.01741	0.00988	0.00982	0.02575	0.01699	0.38429	0.01984	0.01891	0.01359	0.00689	0.00606	0.00163	0.00567	0.00556	0.00629	0.35989
15	0.01275	0.00638	0.00638	0.00638	0.00797	0.00638	0.00478	0.01594	0.01435	0.02551	0.02232	0.02551	0.01754	0.00797	0.00478	0.00159	0.00319	0.00638	0.79755	0.00638
16	0.02601	0.01916	0.02053	0.01574	0.02122	0.02122	0.01300	0.69408	0.03217	0.04312	0.01643	0.01643	0.01163	0.00821	0.00684	0.00205	0.00753	0.00616	0.00684	0.01163
17	0.01419	0.01216	0.01419	0.01013	0.01621	0.00912	0.00811	0.01723	0.01419	0.02229	0.01216	0.01419	0.01013	0.00507	0.00507	0.00101	0.00507	0.00405	0.00405	0.80139
18	0.01372	0.03539	0.72412	0.01950	0.02961	0.01589	0.02528	0.02167	0.01444	0.02167	0.01228	0.01444	0.00867	0.00650	0.00650	0.00217	0.01011	0.00506	0.00289	0.01011
19	0.00830	0.00609	0.00780	0.00916	0.00983	0.00559	0.00619	0.00957	0.01345	0.01761	0.04218	0.65764	0.13982	0.02085	0.00864	0.00271	0.00390	0.01874	0.00635	0.00559
20	0.01111	0.00673	0.00773	0.00808	0.00911	0.00673	0.00560	0.03371	0.01354	0.02081	0.02666	0.25925	0.02743	0.15174	0.04649	0.00335	0.00493	0.01120	0.33992	0.00586
21	0.02351	0.01710	0.01968	0.01485	0.02049	0.01769	0.03979	0.47527	0.02681	0.09008	0.01625	0.01657	0.01168	0.00748	0.00653	0.00185	0.00705	0.00586	0.00625	0.17521
22	0.02505	0.01869	0.01999	0.01555	0.02085	0.02077	0.01277	0.62388	0.10392	0.04157	0.01764	0.01740	0.01262	0.00833	0.00686	0.00208	0.00730	0.00633	0.00686	0.01155
23	0.01419	0.01216	0.01419	0.01013	0.01621	0.00912	0.00811	0.01723	0.01419	0.02229	0.01216	0.01419	0.01013	0.00507	0.00507	0.00101	0.00507	0.00405	0.00405	0.80139
24	0.01404	0.03537	0.01183	0.01008	0.01230	0.00982	0.00763	0.09950	0.03957	0.08366	0.17057	0.07205	0.09866	0.20235	0.05472	0.00384	0.00616	0.05474	0.00604	0.00706
25	0.01729	0.01686	0.05424	0.03721	0.59449	0.01624	0.01979	0.08130	0.01720	0.02443	0.04500	0.01834	0.01326	0.00666	0.00683	0.00204	0.00793	0.00634	0.00387	0.01068
26	0.01650	0.01104	0.01485	0.04189	0.09193	0.01129	0.01165	0.05414	0.12917	0.14245	0.08419	0.08395	0.02944	0.01298	0.00795	0.00253	0.00605	0.23281	0.00647	0.00871
27	0.01728	0.05224	0.03489	0.03075	0.22654	0.04321	0.41428	0.05403	0.01677	0.02261	0.01338	0.01737	0.01044	0.00603	0.00741	0.00216	0.01021	0.00709	0.00358	0.00973

[dist]
# distance from previous block
# <min> <max>
50	207

[block]
# block no. 8 follows, 31 sequences, length 7
# corresponding to MSA columns:
# 574-580
name=unknown_I
#
# <colnr> <probs for GDERKNQSTAVLIFYWHMCP>
#	G	D	E	R	K	N	Q	S	T	A	V	L	I	F	Y	W	H	M	C	P
0	0.09981	0.06996	0.01757	0.10166	0.06105	0.13256	0.01184	0.07008	0.09353	0.12871	0.02359	0.02496	0.10099	0.00896	0.00653	0.00210	0.00727	0.02466	0.00528	0.00889
1	0.01642	0.01641	0.06809	0.02410	0.13221	0.01514	0.28897	0.08777	0.01693	0.05348	0.01812	0.08095	0.01626	0.04685	0.00965	0.00257	0.03658	0.05603	0.00442	0.00905
2	0.01751	0.14075	0.10186	0.04957	0.15507	0.01659	0.07938	0.08392	0.06646	0.08353	0.01863	0.08674	0.03202	0.00841	0.00667	0.00207	0.00754	0.00735	0.00463	0.03130
3	0.01805	0.04349	0.02478	0.07767	0.30842	0.04586	0.08298	0.10316	0.17647	0.02539	0.01657	0.01870	0.01293	0.00713	0.00685	0.00211	0.00797	0.00652	0.00459	0.01036
4	0.01343	0.00923	0.04091	0.11862	0.01648	0.00841	0.00877	0.01644	0.01494	0.10430	0.03272	0.09615	0.17516	0.01239	0.02858	0.00233	0.00528	0.00932	0.27942	0.00713
5	0.01955	0.01266	0.07717	0.04117	0.01843	0.01051	0.05986	0.02259	0.01708	0.30887	0.17023	0.07806	0.02691	0.01119	0.00926	0.04870	0.04364	0.00872	0.00647	0.00893
6	0.01622	0.10648	0.27510	0.02261	0.14489	0.01738	0.11187	0.08029	0.06266	0.02344	0.01535	0.02030	0.01249	0.00745	0.00679	0.00215	0.00885	0.05188	0.00391	0.00988

[dist]
# distance from previous block
# <min> <max>
95	304

[block]
# block no. 9 follows, 31 sequences, length 12
# corresponding to MSA columns:
# 987-998
name=unknown_J
#
# <colnr> <probs for GDERKNQSTAVLIFYWHMCP>
#	G	D	E	R	K	N	Q	S	T	A	V	L	I	F	Y	W	H	M	C	P
0	0.03346	0.06120	0.01813	0.11704	0.04770	0.09065	0.06607	0.08519	0.01684	0.03941	0.04714	0.20938	0.02394	0.01199	0.00739	0.00231	0.00726	0.07902	0.00505	0.03084
1	0.15137	0.01329	0.03765	0.04791	0.01751	0.01383	0.01028	0.05752	0.28266	0.11748	0.04988	0.11044	0.04128	0.01026	0.00674	0.00229	0.00558	0.00845	0.00629	0.00928
2	0.09729	0.17273	0.02361	0.01903	0.11761	0.27956	0.03903	0.10546	0.01831	0.02231	0.01237	0.01572	0.01049	0.00714	0.00598	0.00188	0.00921	0.02941	0.00396	0.00890
3	0.21721	0.08917	0.12801	0.04410	0.06818	0.13128	0.03894	0.11116	0.01717	0.05119	0.01306	0.01612	0.01035	0.00717	0.00594	0.00204	0.00826	0.02741	0.00424	0.00902
4	0.12151	0.09238	0.01614	0.01180	0.01586	0.08321	0.00962	0.09429	0.04276	0.13715	0.12806	0.06427	0.02310	0.00953	0.00644	0.00199	0.00615	0.04038	0.00581	0.08955
5	0.01587	0.00903	0.01179	0.01034	0.01273	0.00901	0.00811	0.01918	0.03771	0.19744	0.35910	0.06290	0.04054	0.01193	0.00881	0.00219	0.07550	0.00990	0.08999	0.00792
6	0.01168	0.00868	0.01046	0.01083	0.01229	0.00889	0.00773	0.10911	0.08307	0.02218	0.03373	0.57948	0.03812	0.01838	0.00829	0.00263	0.00461	0.01643	0.00648	0.00693
7	0.01410	0.01599	0.09659	0.36359	0.05759	0.01569	0.12720	0.02028	0.08123	0.01998	0.01454	0.03995	0.01157	0.00754	0.00802	0.00228	0.05671	0.00677	0.00362	0.03676
8	0.01664	0.01561	0.02565	0.15894	0.54067	0.01632	0.01984	0.04989	0.04793	0.02270	0.01360	0.01753	0.01104	0.00646	0.00680	0.00209	0.00815	0.00617	0.00364	0.01032
9	0.01339	0.00824	0.00998	0.01105	0.07799	0.00886	0.00743	0.01649	0.01406	0.02425	0.02000	0.02357	0.01599	0.00821	0.00683	0.00178	0.08156	0.00631	0.63708	0.00693
10	0.06678	0.17443	0.30572	0.01680	0.02388	0.05836	0.07742	0.10342	0.01709	0.02389	0.05993	0.01652	0.01295	0.00705	0.00620	0.00200	0.00871	0.00556	0.00387	0.00941
11	0.20284	0.01471	0.01610	0.09017	0.04614	0.04169	0.01147	0.11439	0.18325	0.18281	0.01913	0.01897	0.01367	0.00783	0.00625	0.00216	0.00649	0.00606	0.00598	0.00988

[dist]
# distance from previous block
# <min> <max>
0	3

[block]
# block no. 10 follows, 31 sequences, length 35
# corresponding to MSA columns:
# 1002-1036
name=unknown_K
#
# <colnr> <probs for GDERKNQSTAVLIFYWHMCP>
#	G	D	E	R	K	N	Q	S	T	A	V	L	I	F	Y	W	H	M	C	P
0	0.01880	0.09312	0.04085	0.08615	0.13839	0.19284	0.01415	0.10495	0.06450	0.02261	0.04884	0.01949	0.04096	0.00919	0.02930	0.00224	0.02706	0.00612	0.00433	0.03611
1	0.01788	0.05859	0.10849	0.05339	0.41055	0.09832	0.03530	0.07182	0.01699	0.02259	0.01428	0.01727	0.03072	0.00674	0.00663	0.00201	0.00873	0.00595	0.00366	0.01009
2	0.00950	0.00738	0.00828	0.00812	0.00971	0.00707	0.00576	0.01209	0.05629	0.01845	0.12188	0.05190	0.33855	0.21948	0.09194	0.00437	0.00598	0.01183	0.00565	0.00576
3	0.01675	0.01662	0.03028	0.04975	0.06173	0.01691	0.39330	0.08051	0.12212	0.02457	0.01642	0.01958	0.01248	0.00703	0.00820	0.00226	0.04682	0.00747	0.05778	0.00941
4	0.01275	0.00638	0.00638	0.00638	0.00797	0.00638	0.00478	0.01594	0.01435	0.02551	0.02232	0.02551	0.01754	0.00797	0.00478	0.00159	0.00319	0.00638	0.79755	0.00638
5	0.02894	0.01224	0.01597	0.01239	0.01742	0.01116	0.01014	0.11049	0.02063	0.60175	0.02588	0.04322	0.01731	0.02993	0.00771	0.00225	0.00600	0.00723	0.00809	0.01126
6	0.00995	0.00663	0.00746	0.00746	0.00746	0.00663	0.00415	0.00995	0.00995	0.01327	0.02156	0.04477	0.02487	0.75957	0.03482	0.00663	0.00663	0.00995	0.00415	0.00415
7	0.01275	0.00638	0.00638	0.00638	0.00797	0.00638	0.00478	0.01594	0.01435	0.02551	0.02232	0.02551	0.01754	0.00797	0.00478	0.00159	0.00319	0.00638	0.79755	0.00638
8	0.01281	0.01247	0.02143	0.16108	0.02543	0.01424	0.17208	0.01582	0.01324	0.01825	0.01956	0.24345	0.02046	0.01240	0.01179	0.00263	0.20077	0.01062	0.00414	0.00733
9	0.02552	0.01869	0.02001	0.01540	0.02073	0.02067	0.01270	0.66919	0.03151	0.04247	0.01664	0.01676	0.01185	0.00820	0.00677	0.00204	0.00737	0.00617	0.03586	0.01144
10	0.02419	0.01591	0.01864	0.01609	0.06617	0.01685	0.01231	0.39586	0.07594	0.18144	0.06039	0.02296	0.01752	0.00896	0.00703	0.00213	0.00676	0.03286	0.00698	0.01101
11	0.01492	0.06177	0.63784	0.01906	0.02864	0.01604	0.04345	0.02228	0.01476	0.06058	0.01304	0.01492	0.00918	0.00656	0.00649	0.00214	0.00980	0.00519	0.00322	0.01012
12	0.01479	0.22557	0.45121	0.01622	0.02413	0.03556	0.01938	0.02043	0.01439	0.01988	0.01457	0.05035	0.03046	0.00739	0.00604	0.00199	0.00877	0.00565	0.02396	0.00927
13	0.02385	0.01809	0.01932	0.01531	0.02040	0.02021	0.01248	0.53661	0.19314	0.03965	0.01916	0.01860	0.01385	0.00847	0.00687	0.00212	0.00702	0.00654	0.00687	0.01144
14	0.01422	0.08338	0.63737	0.02028	0.06862	0.01666	0.02411	0.02155	0.01447	0.02133	0.01213	0.01435	0.00880	0.00643	0.00637	0.00211	0.00981	0.00502	0.00292	0.01006
15	0.06307	0.04599	0.01428	0.01075	0.01496	0.00998	0.00879	0.02557	0.01850	0.44128	0.17580	0.03186	0.08907	0.01021	0.00699	0.00211	0.00510	0.00842	0.00760	0.00965
16	0.02540	0.01886	0.02019	0.01562	0.02099	0.02093	0.01286	0.64973	0.07750	0.04214	0.01720	0.01704	0.01226	0.00828	0.00685	0.00207	0.00739	0.00627	0.00685	0.01158
17	0.80789	0.01323	0.01006	0.00900	0.01323	0.01535	0.00741	0.02011	0.01164	0.03070	0.00953	0.01111	0.00741	0.00635	0.00423	0.00212	0.00529	0.00370	0.00423	0.00741
18	0.01313	0.02145	0.33449	0.05298	0.04966	0.01245	0.03391	0.03530	0.01588	0.02320	0.13976	0.02703	0.04098	0.00883	0.00683	0.00209	0.00747	0.04403	0.05780	0.07273
19	0.01080	0.00778	0.01066	0.01208	0.01366	0.00770	0.01045	0.01377	0.01557	0.02014	0.03794	0.07550	0.08253	0.04019	0.01009	0.00320	0.00613	0.60936	0.00624	0.00620
20	0.01267	0.00865	0.01073	0.00977	0.01208	0.00842	0.00754	0.04321	0.09092	0.08117	0.50884	0.04652	0.08354	0.01317	0.00786	0.00220	0.00394	0.03385	0.00742	0.00748
21	0.01645	0.01647	0.05976	0.01738	0.01879	0.02028	0.01495	0.11608	0.01399	0.02093	0.01065	0.01547	0.00961	0.01100	0.01875	0.00277	0.57527	0.00597	0.02724	0.00821
22	0.00977	0.00733	0.01100	0.01100	0.01222	0.00855	0.00855	0.01222	0.01100	0.01588	0.01833	0.02688	0.01710	0.05131	0.73245	0.01100	0.01833	0.00733	0.00367	0.00611
23	0.01105	0.00851	0.01047	0.01061	0.01158	0.02953	0.00769	0.04986	0.01327	0.01823	0.02592	0.32422	0.02855	0.12327	0.20560	0.00536	0.05522	0.01233	0.04262	0.00609
24	0.02122	0.12474	0.08366	0.10231	0.09822	0.41977	0.01555	0.02414	0.01718	0.01776	0.01101	0.01350	0.00905	0.00672	0.00610	0.00185	0.01067	0.00473	0.00332	0.00850
25	0.80789	0.01323	0.01006	0.00900	0.01323	0.01535	0.00741	0.02011	0.01164	0.03070	0.00953	0.01111	0.00741	0.00635	0.00423	0.00212	0.00529	0.00370	0.00423	0.00741
26	0.01623	0.01969	0.14992	0.19909	0.37415	0.05359	0.02058	0.04704	0.01578	0.02161	0.01262	0.01653	0.00997	0.00647	0.00671	0.00210	0.00891	0.00582	0.00336	0.00983
27	0.01465	0.01233	0.01467	0.05298	0.01802	0.01016	0.00900	0.06653	0.01542	0.02327	0.01390	0.05600	0.01215	0.00632	0.00550	0.00126	0.00542	0.00519	0.00433	0.65290
28	0.01010	0.00713	0.00903	0.00847	0.01030	0.00647	0.00638	0.01309	0.01882	0.04759	0.59703	0.05242	0.15892	0.01431	0.00803	0.00217	0.00334	0.01251	0.00739	0.00652
29	0.02118	0.05277	0.02045	0.02032	0.20008	0.01498	0.01321	0.14389	0.08284	0.18356	0.01775	0.01823	0.01304	0.00709	0.00638	0.00186	0.00662	0.00592	0.00558	0.16426
30	0.02252	0.08907	0.10681	0.01255	0.01759	0.01201	0.01149	0.04842	0.01792	0.39095	0.07844	0.11945	0.02237	0.01009	0.00692	0.00215	0.00613	0.00839	0.00679	0.00995
31	0.06495	0.63070	0.03239	0.01220	0.01775	0.08661	0.01163	0.04533	0.01490	0.01797	0.00985	0.01130	0.00881	0.00607	0.00462	0.00155	0.00764	0.00382	0.00319	0.00873
32	0.01205	0.04803	0.01506	0.01246	0.01400	0.01212	0.04715	0.01506	0.04544	0.01862	0.11878	0.02944	0.02306	0.13778	0.24063	0.00572	0.15446	0.00804	0.03543	0.00667
33	0.04989	0.07216	0.17514	0.01660	0.02193	0.38084	0.01515	0.10823	0.01911	0.02170	0.01457	0.01591	0.04492	0.00750	0.00625	0.00191	0.01024	0.00521	0.00394	0.00880
