[name]
unknown

[dist]
# distance from previous block
# <min> <max>
0	47

[block]
# block no. 0 follows, 31 sequences, length 13
# corresponding to MSA columns:
# 47-59
name=unknown_A
#
# <colnr> <probs for GDERKNQSTAVLIFYWHMCP>
#	G	D	E	R	K	N	Q	S	T	A	V	L	I	F	Y	W	H	M	C	P
0	0.02880	0.01175	0.01596	0.03882	0.01851	0.01056	0.01055	0.05754	0.01965	0.63158	0.02654	0.02576	0.01766	0.00896	0.00702	0.00218	0.00603	0.04284	0.00809	0.01121
1	0.01830	0.01116	0.01352	0.01238	0.01558	0.01147	0.00977	0.07255	0.21459	0.20636	0.03036	0.20146	0.02763	0.01326	0.00772	0.00248	0.00547	0.10966	0.00710	0.00919
2	0.02162	0.01150	0.01561	0.10512	0.02006	0.01144	0.01090	0.02594	0.07490	0.36228	0.13263	0.02603	0.02283	0.00922	0.00807	0.00215	0.05954	0.00746	0.00679	0.06591
3	0.02297	0.01188	0.01479	0.01198	0.01654	0.01114	0.00958	0.05344	0.14916	0.38412	0.06578	0.07705	0.02146	0.00944	0.00687	0.00206	0.00543	0.00789	0.00735	0.11106
4	0.06774	0.01241	0.02031	0.56622	0.04033	0.01509	0.05879	0.01741	0.01348	0.01861	0.01340	0.06066	0.01118	0.00787	0.00769	0.00234	0.04873	0.00682	0.00334	0.00756
5	0.04291	0.01216	0.01580	0.01216	0.01716	0.01088	0.04001	0.07251	0.04663	0.32072	0.11313	0.02370	0.02077	0.00816	0.00655	0.00185	0.00563	0.00683	0.00668	0.21576
6	0.00974	0.00786	0.00877	0.00838	0.01061	0.00735	0.00633	0.01409	0.09762	0.02306	0.30842	0.05554	0.38693	0.01512	0.00795	0.00225	0.00360	0.01287	0.00687	0.00662
7	0.01259	0.01159	0.01569	0.14944	0.02014	0.04046	0.01204	0.01464	0.01221	0.01690	0.04826	0.13570	0.01974	0.09824	0.09754	0.00404	0.27129	0.00889	0.00395	0.00666
8	0.01273	0.00729	0.00833	0.05278	0.01133	0.00769	0.00637	0.03799	0.01431	0.02393	0.02098	0.02571	0.01707	0.04386	0.09473	0.00300	0.00568	0.00661	0.59312	0.00650
9	0.01472	0.05066	0.33853	0.12109	0.03173	0.04831	0.20627	0.02083	0.01532	0.02110	0.05579	0.01812	0.01266	0.00681	0.00699	0.00218	0.00995	0.00640	0.00338	0.00915
10	0.00902	0.00691	0.01026	0.01078	0.01162	0.00649	0.05597	0.01046	0.01310	0.01749	0.03483	0.65128	0.04127	0.07262	0.01053	0.00302	0.00471	0.01795	0.00598	0.00572
11	0.11640	0.01322	0.01937	0.19916	0.14640	0.01363	0.06862	0.05738	0.01506	0.02282	0.01525	0.10038	0.01377	0.00796	0.00646	0.00201	0.00718	0.00707	0.00409	0.16374
12	0.04305	0.01509	0.01765	0.10005	0.02200	0.01556	0.01177	0.30939	0.04775	0.09475	0.01604	0.01718	0.01181	0.00854	0.02838	0.00209	0.00710	0.00568	0.00563	0.22049

[dist]
# distance from previous block
# <min> <max>
14	33

[block]
# block no. 1 follows, 31 sequences, length 23
# corresponding to MSA columns:
# 95-117
name=unknown_B
#
# <colnr> <probs for GDERKNQSTAVLIFYWHMCP>
#	G	D	E	R	K	N	Q	S	T	A	V	L	I	F	Y	W	H	M	C	P
0	0.08702	0.07343	0.04577	0.01428	0.01904	0.06242	0.08336	0.10987	0.04085	0.17335	0.01929	0.10272	0.01607	0.01087	0.04124	0.00247	0.00763	0.00742	0.00549	0.07742
1	0.11779	0.13732	0.26635	0.01646	0.06687	0.04277	0.01602	0.04822	0.07964	0.06446	0.01426	0.01620	0.01102	0.03165	0.00684	0.00213	0.00789	0.00523	0.00407	0.04479
2	0.06397	0.05422	0.01988	0.01707	0.03729	0.47532	0.04368	0.04957	0.06659	0.06735	0.01485	0.01592	0.03016	0.00747	0.00629	0.00189	0.01031	0.00529	0.00430	0.00859
3	0.44278	0.01478	0.03588	0.01100	0.01535	0.06222	0.00914	0.04483	0.06842	0.12182	0.04716	0.04214	0.01407	0.00781	0.00546	0.00209	0.00593	0.00558	0.00523	0.03832
4	0.01796	0.01845	0.02601	0.08582	0.56632	0.12440	0.01969	0.02171	0.01603	0.02117	0.01247	0.01633	0.01041	0.00629	0.00669	0.00201	0.00883	0.00584	0.00338	0.01018
5	0.00818	0.00689	0.00709	0.00713	0.00932	0.00580	0.00531	0.00996	0.01568	0.01889	0.10087	0.09579	0.65106	0.01734	0.00811	0.00232	0.00348	0.01456	0.00641	0.00580
6	0.00982	0.00712	0.00942	0.00969	0.01119	0.00671	0.00760	0.01275	0.01757	0.02413	0.43279	0.13274	0.08573	0.01623	0.00851	0.00249	0.00413	0.18808	0.00703	0.00629
7	0.00834	0.00595	0.00794	0.00953	0.00992	0.00556	0.00635	0.00953	0.01310	0.01746	0.03771	0.75510	0.04525	0.02143	0.00873	0.00278	0.00397	0.01945	0.00635	0.00556
8	0.01615	0.01845	0.04037	0.02884	0.03576	0.01730	0.69204	0.02191	0.01615	0.02191	0.01384	0.01845	0.01038	0.00577	0.00807	0.00231	0.01153	0.00807	0.00346	0.00923
9	0.01419	0.01216	0.01419	0.01013	0.01621	0.00912	0.00811	0.01723	0.01419	0.02229	0.01216	0.01419	0.01013	0.00507	0.00507	0.00101	0.00507	0.00405	0.00405	0.80139
10	0.01292	0.01216	0.02052	0.74312	0.04712	0.01520	0.01900	0.01748	0.01368	0.01748	0.01216	0.01824	0.00912	0.00684	0.00684	0.00228	0.00912	0.00608	0.00304	0.00760
11	0.00852	0.00610	0.00811	0.00940	0.00996	0.00568	0.00637	0.01000	0.01397	0.01886	0.13193	0.65691	0.04794	0.02039	0.00864	0.00269	0.00387	0.01846	0.00652	0.00568
12	0.01404	0.00827	0.00846	0.00799	0.01012	0.00873	0.00611	0.05148	0.12180	0.02683	0.02289	0.02508	0.01777	0.00818	0.00522	0.00173	0.00374	0.00658	0.63767	0.00732
13	0.01774	0.01621	0.01580	0.01424	0.01807	0.07756	0.01103	0.03559	0.64652	0.02761	0.02638	0.02441	0.01986	0.00909	0.00689	0.00227	0.00600	0.00745	0.00667	0.01058
14	0.00834	0.00595	0.00794	0.00953	0.00992	0.00556	0.00635	0.00953	0.01310	0.01746	0.03771	0.75510	0.04525	0.02143	0.00873	0.00278	0.00397	0.01945	0.00635	0.00556
15	0.01292	0.01216	0.02052	0.74312	0.04712	0.01520	0.01900	0.01748	0.01368	0.01748	0.01216	0.01824	0.00912	0.00684	0.00684	0.00228	0.00912	0.00608	0.00304	0.00760
16	0.02601	0.01916	0.02053	0.01574	0.02122	0.02122	0.01300	0.69408	0.03217	0.04312	0.01643	0.01643	0.01163	0.00821	0.00684	0.00205	0.00753	0.00616	0.00684	0.01163
17	0.00981	0.00720	0.01032	0.01032	0.01130	0.00818	0.00771	0.01178	0.01079	0.01538	0.01895	0.03032	0.01860	0.18740	0.59841	0.01016	0.01608	0.00783	0.00376	0.00573
18	0.66991	0.01295	0.01109	0.00956	0.01398	0.01441	0.00788	0.02246	0.01305	0.15337	0.01263	0.01327	0.00910	0.00673	0.00470	0.00212	0.00539	0.00427	0.00499	0.00816
19	0.06230	0.01938	0.07410	0.01527	0.02106	0.01934	0.01332	0.54132	0.02833	0.08611	0.01634	0.01640	0.01151	0.00790	0.00663	0.00203	0.00742	0.00593	0.00643	0.03886
20	0.01863	0.59867	0.09863	0.01255	0.01857	0.04418	0.01276	0.02142	0.01467	0.06482	0.03338	0.01345	0.01110	0.00638	0.00493	0.00160	0.00749	0.00431	0.00346	0.00900
21	0.01341	0.03690	0.01763	0.32527	0.05440	0.01235	0.01356	0.01706	0.01412	0.01971	0.01510	0.04529	0.01346	0.00767	0.00638	0.00186	0.00706	0.06600	0.00384	0.30895
22	0.09226	0.00956	0.01120	0.00980	0.01249	0.00941	0.00749	0.08630	0.01836	0.14715	0.31104	0.06527	0.07011	0.10686	0.01079	0.00273	0.00479	0.01000	0.00677	0.00762

[dist]
# distance from previous block
# <min> <max>
7	26

[block]
# block no. 2 follows, 31 sequences, length 112
# corresponding to MSA columns:
# 144-255
name=unknown_C
#
# <colnr> <probs for GDERKNQSTAVLIFYWHMCP>
#	G	D	E	R	K	N	Q	S	T	A	V	L	I	F	Y	W	H	M	C	P
0	0.05100	0.48951	0.16510	0.01362	0.01987	0.08031	0.01414	0.03961	0.01484	0.01863	0.01117	0.03414	0.00987	0.00663	0.00513	0.00171	0.00808	0.00453	0.00323	0.00889
1	0.06064	0.20225	0.35461	0.01500	0.02182	0.01676	0.01696	0.03962	0.01459	0.04020	0.01635	0.14072	0.01521	0.00900	0.00627	0.00210	0.00791	0.00719	0.00384	0.00894
2	0.01454	0.00883	0.01122	0.00996	0.01248	0.00842	0.00767	0.05669	0.05536	0.14726	0.48088	0.08321	0.04994	0.01289	0.00777	0.00218	0.00408	0.01123	0.00756	0.00782
3	0.02428	0.01799	0.01945	0.01523	0.02037	0.01975	0.01254	0.60714	0.05093	0.04042	0.01809	0.03826	0.01398	0.00898	0.00696	0.00210	0.00725	0.03641	0.00673	0.03314
4	0.01578	0.01326	0.01598	0.11102	0.02120	0.01208	0.01042	0.10893	0.06149	0.02483	0.01375	0.01578	0.01090	0.00600	0.00567	0.00141	0.00597	0.00485	0.00448	0.53619
5	0.00995	0.00663	0.00746	0.00746	0.00746	0.00663	0.00415	0.00995	0.00995	0.01327	0.02156	0.04477	0.02487	0.75957	0.03482	0.00663	0.00663	0.00995	0.00415	0.00415
6	0.00986	0.00659	0.00749	0.00758	0.00760	0.00657	0.00427	0.00992	0.01013	0.01351	0.02248	0.08535	0.02604	0.71739	0.03333	0.00641	0.00648	0.01049	0.00427	0.00423
7	0.05370	0.02197	0.33377	0.01501	0.02209	0.01257	0.01646	0.02565	0.01692	0.31382	0.08273	0.02135	0.01719	0.00800	0.00671	0.00214	0.00749	0.00643	0.00569	0.01030
8	0.01790	0.01444	0.01480	0.01328	0.01704	0.05579	0.01039	0.03230	0.50606	0.09871	0.03080	0.03014	0.08241	0.01016	0.00710	0.00230	0.00571	0.03370	0.00684	0.01012
9	0.00834	0.00595	0.00794	0.00953	0.00992	0.00556	0.00635	0.00953	0.01310	0.01746	0.03771	0.75510	0.04525	0.02143	0.00873	0.00278	0.00397	0.01945	0.00635	0.00556
10	0.02404	0.01839	0.01938	0.01532	0.02031	0.04168	0.01251	0.56000	0.10704	0.03911	0.01765	0.01793	0.01291	0.01076	0.04829	0.00259	0.00805	0.00635	0.00657	0.01111
11	0.01579	0.25012	0.43847	0.01834	0.05368	0.04929	0.04361	0.02153	0.01459	0.01984	0.01146	0.01357	0.00885	0.00629	0.00593	0.00194	0.00934	0.00476	0.00297	0.00962
12	0.00977	0.00733	0.01100	0.01100	0.01222	0.00855	0.00855	0.01222	0.01100	0.01588	0.01833	0.02688	0.01710	0.05131	0.73245	0.01100	0.01833	0.00733	0.00367	0.00611
13	0.00817	0.00693	0.00705	0.00702	0.00930	0.00581	0.00527	0.00999	0.01580	0.01898	0.10517	0.06502	0.67794	0.01714	0.00808	0.00230	0.00345	0.01432	0.00642	0.00581
14	0.01410	0.09539	0.66741	0.01886	0.02862	0.01681	0.02416	0.02157	0.01440	0.02121	0.01205	0.01416	0.00868	0.00645	0.00633	0.00211	0.00988	0.00494	0.00289	0.01000
15	0.02551	0.01891	0.02025	0.01564	0.02103	0.02098	0.01288	0.65745	0.06961	0.04231	0.01706	0.01693	0.01215	0.00827	0.00685	0.00207	0.00741	0.00625	0.00685	0.01159
16	0.02482	0.01836	0.01984	0.01542	0.02061	0.02038	0.01269	0.63529	0.05226	0.04114	0.01689	0.01730	0.01223	0.01065	0.04726	0.00256	0.00806	0.00627	0.00667	0.01130
17	0.01711	0.01686	0.02675	0.09359	0.62755	0.05604	0.02041	0.02108	0.01565	0.02167	0.01269	0.01678	0.01059	0.00621	0.00674	0.00204	0.00844	0.00600	0.00337	0.01043
18	0.01649	0.04177	0.02717	0.12566	0.61161	0.01650	0.02043	0.02055	0.01529	0.02154	0.01267	0.01688	0.01056	0.00618	0.00670	0.00204	0.00822	0.00601	0.00333	0.01037
19	0.02601	0.01916	0.02053	0.01574	0.02122	0.02122	0.01300	0.69408	0.03217	0.04312	0.01643	0.01643	0.01163	0.00821	0.00684	0.00205	0.00753	0.00616	0.00684	0.01163
20	0.01564	0.01713	0.03383	0.06557	0.03141	0.01821	0.46517	0.02014	0.01442	0.02014	0.01239	0.01747	0.00992	0.00756	0.01203	0.00250	0.21713	0.00738	0.00331	0.00865
21	0.01813	0.73833	0.05980	0.01198	0.01798	0.02668	0.01218	0.02053	0.01392	0.01629	0.00961	0.01110	0.00878	0.00588	0.00446	0.00149	0.00741	0.00371	0.00293	0.00883
22	0.00995	0.00663	0.00746	0.00746	0.00746	0.00663	0.00415	0.00995	0.00995	0.01327	0.02156	0.04477	0.02487	0.75957	0.03482	0.00663	0.00663	0.00995	0.00415	0.00415
23	0.01372	0.03539	0.72412	0.01950	0.02961	0.01589	0.02528	0.02167	0.01444	0.02167	0.01228	0.01444	0.00867	0.00650	0.00650	0.00217	0.01011	0.00506	0.00289	0.01011
24	0.00937	0.00805	0.00816	0.00794	0.01047	0.00740	0.00601	0.01364	0.11494	0.01994	0.06333	0.06003	0.61414	0.01617	0.00792	0.00231	0.00375	0.01347	0.00644	0.00650
25	0.00817	0.00688	0.00708	0.00714	0.00932	0.00579	0.00531	0.00994	0.01563	0.01883	0.09665	0.10097	0.65015	0.01739	0.00812	0.00233	0.00348	0.01461	0.00641	0.00579
26	0.02549	0.01891	0.02024	0.01564	0.02102	0.02098	0.01288	0.65650	0.07058	0.04229	0.01708	0.01695	0.01216	0.00827	0.00685	0.00207	0.00741	0.00625	0.00685	0.01159
27	0.80789	0.01323	0.01006	0.00900	0.01323	0.01535	0.00741	0.02011	0.01164	0.03070	0.00953	0.01111	0.00741	0.00635	0.00423	0.00212	0.00529	0.00370	0.00423	0.00741
28	0.01292	0.01216	0.02052	0.74312	0.04712	0.01520	0.01900	0.01748	0.01368	0.01748	0.01216	0.01824	0.00912	0.00684	0.00684	0.00228	0.00912	0.00608	0.00304	0.00760
29	0.00834	0.00595	0.00794	0.00953	0.00992	0.00556	0.00635	0.00953	0.01310	0.01746	0.03771	0.75510	0.04525	0.02143	0.00873	0.00278	0.00397	0.01945	0.00635	0.00556
30	0.03070	0.01164	0.01588	0.01217	0.01746	0.01006	0.01006	0.03334	0.01958	0.72163	0.02699	0.02329	0.01694	0.00847	0.00688	0.00212	0.00582	0.00688	0.00847	0.01164
31	0.01102	0.00787	0.01102	0.01260	0.01417	0.00787	0.01102	0.01417	0.01575	0.02047	0.03622	0.07717	0.03937	0.01890	0.00945	0.00315	0.00630	0.67084	0.00630	0.00630
32	0.00876	0.00709	0.00786	0.00804	0.01014	0.00619	0.00627	0.01091	0.01612	0.01999	0.15066	0.06562	0.52200	0.01712	0.00830	0.00242	0.00387	0.11618	0.00650	0.00595
33	0.00951	0.00699	0.00891	0.00843	0.01012	0.00638	0.00632	0.01258	0.01896	0.02647	0.64398	0.05269	0.13446	0.01435	0.00807	0.00217	0.00325	0.01259	0.00740	0.00638
34	0.00995	0.00663	0.00746	0.00746	0.00746	0.00663	0.00415	0.00995	0.00995	0.01327	0.02156	0.04477	0.02487	0.75957	0.03482	0.00663	0.00663	0.00995	0.00415	0.00415
35	0.02999	0.01149	0.01565	0.01205	0.01722	0.00993	0.00993	0.03265	0.01957	0.69829	0.05006	0.02422	0.01854	0.00865	0.00692	0.00212	0.00573	0.00706	0.00844	0.01147
36	0.13051	0.01112	0.01406	0.01124	0.01581	0.01019	0.00916	0.02841	0.01831	0.52537	0.10744	0.04714	0.02225	0.00924	0.00673	0.00214	0.00538	0.00750	0.00773	0.01027
37	0.01702	0.01470	0.01547	0.01392	0.01779	0.01702	0.01083	0.03635	0.70453	0.02862	0.02785	0.02553	0.02088	0.00928	0.00696	0.00232	0.00541	0.00773	0.00696	0.01083
38	0.00948	0.00693	0.00890	0.00852	0.01012	0.00635	0.00635	0.01247	0.01871	0.02615	0.62354	0.09150	0.11605	0.01467	0.00811	0.00220	0.00329	0.01293	0.00737	0.00635
39	0.14969	0.01420	0.01504	0.01276	0.01712	0.01556	0.01020	0.12711	0.33547	0.16197	0.02478	0.02312	0.04565	0.00883	0.00653	0.00221	0.00570	0.00697	0.00676	0.01033
40	0.01301	0.01475	0.13455	0.01362	0.01719	0.03792	0.01281	0.02015	0.15279	0.02324	0.13480	0.04967	0.03320	0.01365	0.00811	0.00261	0.00653	0.29754	0.00593	0.00794
41	0.01372	0.03539	0.72412	0.01950	0.02961	0.01589	0.02528	0.02167	0.01444	0.02167	0.01228	0.01444	0.00867	0.00650	0.00650	0.00217	0.01011	0.00506	0.00289	0.01011
42	0.01184	0.00771	0.00949	0.00913	0.01095	0.00724	0.00680	0.04201	0.01701	0.07858	0.29156	0.15333	0.14334	0.09503	0.01086	0.00279	0.00432	0.05510	0.03632	0.00659
43	0.01094	0.00730	0.00961	0.00898	0.01080	0.00672	0.00685	0.01413	0.01923	0.06681	0.64569	0.05061	0.06078	0.01388	0.00806	0.00219	0.00350	0.03966	0.00753	0.00675
44	0.01702	0.01470	0.01547	0.01392	0.01779	0.01702	0.01083	0.03635	0.70453	0.02862	0.02785	0.02553	0.02088	0.00928	0.00696	0.00232	0.00541	0.00773	0.00696	0.01083
45	0.80789	0.01323	0.01006	0.00900	0.01323	0.01535	0.00741	0.02011	0.01164	0.03070	0.00953	0.01111	0.00741	0.00635	0.00423	0.00212	0.00529	0.00370	0.00423	0.00741
46	0.02529	0.03204	0.01926	0.01751	0.02104	0.70948	0.01314	0.02760	0.04106	0.01712	0.01112	0.01275	0.00919	0.00712	0.00619	0.00178	0.01212	0.00451	0.00363	0.00802
47	0.02601	0.01916	0.02053	0.01574	0.02122	0.02122	0.01300	0.69408	0.03217	0.04312	0.01643	0.01643	0.01163	0.00821	0.00684	0.00205	0.00753	0.00616	0.00684	0.01163
48	0.00936	0.00687	0.00882	0.00917	0.01038	0.00649	0.00655	0.01234	0.04527	0.02292	0.37393	0.35296	0.07498	0.01709	0.00831	0.00243	0.00365	0.01528	0.00696	0.00623
49	0.00995	0.00663	0.00746	0.00746	0.00746	0.00663	0.00415	0.00995	0.00995	0.01327	0.02156	0.04477	0.02487	0.75957	0.03482	0.00663	0.00663	0.00995	0.00415	0.00415
50	0.12051	0.01313	0.02057	0.50335	0.17742	0.01543	0.01785	0.01854	0.01379	0.02024	0.01195	0.01702	0.00924	0.00662	0.00648	0.00221	0.00841	0.00576	0.00327	0.00823
51	0.01693	0.01626	0.02777	0.04199	0.71689	0.01626	0.02100	0.02100	0.01558	0.02235	0.01287	0.01693	0.01084	0.00610	0.00677	0.00203	0.00813	0.00610	0.00339	0.01084
52	0.01156	0.00871	0.01118	0.01200	0.01381	0.00901	0.00987	0.01728	0.13664	0.02214	0.10060	0.16334	0.03942	0.01710	0.00878	0.00285	0.00551	0.39667	0.00654	0.00700
53	0.01785	0.69308	0.10257	0.01246	0.01873	0.02599	0.01302	0.02060	0.01395	0.01664	0.00978	0.01131	0.00877	0.00592	0.00459	0.00153	0.00759	0.00379	0.00292	0.00891
54	0.00955	0.00708	0.00859	0.00871	0.01002	0.00671	0.00620	0.01228	0.04652	0.02122	0.28914	0.20136	0.16033	0.14163	0.01272	0.00311	0.00421	0.03822	0.00644	0.00595
55	0.01545	0.02353	0.25304	0.02599	0.06387	0.01680	0.42952	0.02229	0.03938	0.02209	0.01379	0.01737	0.01023	0.00613	0.00748	0.00225	0.01072	0.00703	0.00340	0.00963
56	0.77813	0.01296	0.01001	0.00899	0.01307	0.01500	0.00735	0.01969	0.01154	0.02999	0.00961	0.01148	0.00758	0.00700	0.00508	0.03198	0.00532	0.00379	0.00419	0.00724
57	0.00812	0.00679	0.00708	0.00730	0.00934	0.00574	0.00536	0.00978	0.01523	0.01833	0.06475	0.16524	0.61766	0.01792	0.00818	0.00238	0.00354	0.01516	0.00635	0.00574
58	0.02533	0.01747	0.13473	0.01432	0.02028	0.01409	0.01327	0.16478	0.10122	0.38753	0.02251	0.02069	0.01495	0.00818	0.00682	0.00214	0.00683	0.00653	0.00704	0.01129
59	0.01372	0.03539	0.72412	0.01950	0.02961	0.01589	0.02528	0.02167	0.01444	0.02167	0.01228	0.01444	0.00867	0.00650	0.00650	0.00217	0.01011	0.00506	0.00289	0.01011
60	0.10123	0.01179	0.01535	0.01188	0.01708	0.01054	0.00982	0.03214	0.01886	0.65892	0.02541	0.02218	0.01607	0.00828	0.00664	0.00212	0.00577	0.00659	0.00808	0.01126
61	0.20684	0.01015	0.01127	0.00987	0.01342	0.00986	0.00779	0.02129	0.03503	0.26554	0.07077	0.12737	0.16053	0.01178	0.00680	0.00225	0.00482	0.00963	0.00666	0.00835
62	0.80789	0.01323	0.01006	0.00900	0.01323	0.01535	0.00741	0.02011	0.01164	0.03070	0.00953	0.01111	0.00741	0.00635	0.00423	0.00212	0.00529	0.00370	0.00423	0.00741
63	0.01447	0.00803	0.01059	0.00942	0.01186	0.00723	0.00725	0.01743	0.01903	0.18845	0.50382	0.07360	0.07513	0.01312	0.00782	0.00217	0.00387	0.01145	0.00766	0.00760
64	0.16414	0.00857	0.00807	0.00753	0.00990	0.00912	0.00586	0.06432	0.01509	0.02772	0.01948	0.02215	0.01521	0.00768	0.00482	0.00173	0.00389	0.00586	0.59195	0.00694
65	0.00858	0.00627	0.00811	0.00931	0.01011	0.00580	0.00649	0.01014	0.01413	0.01869	0.10473	0.57073	0.12488	0.02011	0.00863	0.00269	0.00397	0.05448	0.00646	0.00571
66	0.54327	0.01269	0.01204	0.01008	0.01467	0.01355	0.00831	0.02462	0.01435	0.26595	0.01547	0.01526	0.01065	0.00707	0.00513	0.00212	0.00547	0.00479	0.00568	0.00885
67	0.02903	0.01128	0.01534	0.01189	0.01689	0.00977	0.00977	0.03172	0.01956	0.66671	0.08128	0.02549	0.02070	0.00890	0.00697	0.00212	0.00562	0.00731	0.00839	0.01123
68	0.00973	0.00719	0.00922	0.00928	0.01100	0.00668	0.00734	0.01269	0.01786	0.02424	0.44124	0.05987	0.16896	0.01573	0.00840	0.00242	0.00401	0.17080	0.00704	0.00630
69	0.13405	0.01318	0.01441	0.01228	0.01652	0.01406	0.00977	0.05059	0.33470	0.20056	0.07615	0.02410	0.02057	0.00881	0.00655	0.00217	0.00538	0.00710	0.00686	0.04219
70	0.01418	0.00774	0.00834	0.00784	0.00965	0.00779	0.00577	0.07132	0.01540	0.06445	0.02299	0.07483	0.01987	0.11626	0.00962	0.00246	0.00424	0.00775	0.52278	0.00674
71	0.03070	0.01164	0.01588	0.01217	0.01746	0.01006	0.01006	0.03334	0.01958	0.72163	0.02699	0.02329	0.01694	0.00847	0.00688	0.00212	0.00582	0.00688	0.00847	0.01164
72	0.02897	0.01161	0.01555	0.01211	0.01716	0.01029	0.00994	0.03259	0.05871	0.65079	0.05793	0.02467	0.01930	0.00876	0.00694	0.00213	0.00568	0.00718	0.00834	0.01136
73	0.01247	0.00780	0.00950	0.00912	0.01126	0.00711	0.00680	0.01527	0.04514	0.12688	0.19849	0.19361	0.24102	0.05343	0.00938	0.00258	0.00419	0.03218	0.00685	0.00692
74	0.01172	0.00751	0.00852	0.00810	0.00863	0.00754	0.00487	0.04652	0.01154	0.04670	0.02153	0.04233	0.02383	0.68674	0.03211	0.00619	0.00664	0.00961	0.00448	0.00487
75	0.03070	0.01164	0.01588	0.01217	0.01746	0.01006	0.01006	0.03334	0.01958	0.72163	0.02699	0.02329	0.01694	0.00847	0.00688	0.00212	0.00582	0.00688	0.00847	0.01164
76	0.01154	0.00615	0.00913	0.00913	0.00929	0.00630	0.00622	0.00938	0.00922	0.01245	0.01305	0.02242	0.01301	0.05294	0.11825	0.67118	0.00757	0.00626	0.00310	0.00342
77	0.01220	0.00857	0.00994	0.00967	0.01077	0.00880	0.00657	0.12381	0.01483	0.01978	0.02608	0.24892	0.02927	0.38572	0.02141	0.00459	0.00599	0.04184	0.00534	0.00590
78	0.02431	0.01832	0.01957	0.01540	0.02057	0.02042	0.01259	0.56962	0.15939	0.04037	0.01859	0.01815	0.01338	0.00842	0.00687	0.00210	0.00713	0.00646	0.00687	0.01148
79	0.05363	0.01818	0.01808	0.01435	0.01918	0.07225	0.01168	0.51917	0.02802	0.03710	0.02334	0.02304	0.11256	0.00937	0.00687	0.00207	0.00722	0.00713	0.00642	0.01035
80	0.02879	0.01607	0.01760	0.01379	0.01894	0.09098	0.01125	0.22350	0.02319	0.44983	0.02217	0.02013	0.01453	0.00824	0.00679	0.00206	0.00702	0.00641	0.00747	0.01124
81	0.01292	0.01216	0.02052	0.74312	0.04712	0.01520	0.01900	0.01748	0.01368	0.01748	0.01216	0.01824	0.00912	0.00684	0.00684	0.00228	0.00912	0.00608	0.00304	0.00760
82	0.02239	0.02520	0.01969	0.01994	0.11531	0.41541	0.01370	0.07538	0.18179	0.02217	0.01538	0.01637	0.01214	0.00753	0.00649	0.00195	0.00979	0.00555	0.00455	0.00927
83	0.01460	0.01421	0.02183	0.52555	0.18955	0.05272	0.01882	0.01948	0.04111	0.01893	0.01284	0.01793	0.00993	0.00678	0.00680	0.00220	0.00893	0.00606	0.00329	0.00844
84	0.00968	0.00699	0.00914	0.00861	0.01022	0.00646	0.00646	0.01291	0.01937	0.02743	0.71328	0.05110	0.06455	0.01399	0.00807	0.00215	0.00323	0.01237	0.00753	0.00646
85	0.75866	0.03921	0.01110	0.00923	0.01351	0.01580	0.00765	0.02057	0.03095	0.03013	0.01003	0.01151	0.00783	0.00641	0.00431	0.00210	0.00537	0.00381	0.00426	0.00755
86	0.04420	0.01248	0.02012	0.68532	0.04476	0.01545	0.01831	0.04494	0.01435	0.01903	0.01223	0.01789	0.00916	0.00688	0.00674	0.00226	0.00891	0.00599	0.00324	0.00776
87	0.00828	0.00697	0.00720	0.00723	0.00948	0.00589	0.00548	0.01014	0.01580	0.01902	0.10151	0.06550	0.65516	0.01721	0.00814	0.00233	0.00356	0.03887	0.00641	0.00583
88	0.00987	0.00660	0.00749	0.00757	0.00759	0.00658	0.00426	0.00993	0.01011	0.01348	0.02239	0.08165	0.02593	0.72124	0.03347	0.00643	0.00649	0.01044	0.00426	0.00422
89	0.01932	0.01551	0.01652	0.01424	0.01848	0.01764	0.01125	0.17116	0.54359	0.05489	0.02547	0.02358	0.01885	0.00904	0.00693	0.00226	0.00586	0.00738	0.00699	0.01102
90	0.00935	0.00703	0.00872	0.00892	0.01035	0.00658	0.00644	0.01248	0.05128	0.02277	0.35265	0.28679	0.15762	0.01675	0.00824	0.00239	0.00362	0.01482	0.00692	0.00627
91	0.30174	0.01680	0.01683	0.04149	0.01940	0.01891	0.01126	0.42979	0.02420	0.03774	0.01382	0.01462	0.01004	0.00750	0.00592	0.00208	0.00680	0.00529	0.00577	0.00999
92	0.01256	0.00644	0.00668	0.00668	0.00825	0.00652	0.00503	0.01570	0.01413	0.02488	0.02206	0.02559	0.01751	0.01078	0.05193	0.00220	0.00417	0.00644	0.74611	0.00636
93	0.02556	0.03261	0.01939	0.01763	0.02115	0.73210	0.01322	0.02732	0.01939	0.01674	0.01058	0.01234	0.00881	0.00705	0.00617	0.00176	0.01234	0.00441	0.00353	0.00793
94	0.06236	0.01567	0.01680	0.01404	0.01858	0.01747	0.01124	0.23871	0.38578	0.10881	0.02327	0.02172	0.01689	0.00871	0.00677	0.00220	0.00611	0.00694	0.00695	0.01099
95	0.00982	0.00658	0.00750	0.00763	0.00766	0.00655	0.00432	0.00992	0.01020	0.01360	0.02284	0.10137	0.02650	0.70075	0.03274	0.00633	0.00642	0.01071	0.00432	0.00426
96	0.00809	0.00693	0.00693	0.00693	0.00924	0.00578	0.00520	0.00982	0.01559	0.01848	0.06931	0.06584	0.71411	0.01733	0.00809	0.00231	0.00347	0.01444	0.00635	0.00578
97	0.01829	0.76368	0.03585	0.01171	0.01756	0.02707	0.01171	0.02049	0.01390	0.01610	0.00951	0.01097	0.00878	0.00585	0.00439	0.00146	0.00732	0.00366	0.00293	0.00878
98	0.02480	0.01793	0.01941	0.01517	0.02029	0.01972	0.01242	0.59425	0.06909	0.06943	0.01860	0.05452	0.01408	0.00895	0.00695	0.00211	0.00716	0.00695	0.00689	0.01128
99	0.00856	0.00611	0.00809	0.00935	0.00990	0.00571	0.00631	0.01000	0.01388	0.01873	0.13027	0.64045	0.04740	0.03887	0.00929	0.00279	0.00393	0.01824	0.00646	0.00565
100	0.00832	0.00694	0.00725	0.00717	0.00938	0.00587	0.00538	0.01026	0.01614	0.01977	0.16217	0.06372	0.62044	0.01684	0.00808	0.00229	0.00343	0.01414	0.00652	0.00587
101	0.01829	0.76368	0.03585	0.01171	0.01756	0.02707	0.01171	0.02049	0.01390	0.01610	0.00951	0.01097	0.00878	0.00585	0.00439	0.00146	0.00732	0.00366	0.00293	0.00878
102	0.01645	0.01987	0.07270	0.04473	0.03442	0.05811	0.58544	0.02196	0.01604	0.02136	0.01341	0.01781	0.01014	0.00607	0.00823	0.00229	0.03085	0.00761	0.00341	0.00911
103	0.00819	0.00693	0.00707	0.00704	0.00930	0.00582	0.00528	0.01002	0.01584	0.01906	0.11115	0.06488	0.67190	0.01711	0.00808	0.00230	0.00345	0.01430	0.00643	0.00582
104	0.00944	0.00698	0.00881	0.00835	0.01007	0.00635	0.00627	0.01244	0.01880	0.02608	0.61603	0.05333	0.16265	0.01449	0.00807	0.00218	0.00326	0.01268	0.00735	0.00635
105	0.01829	0.76368	0.03585	0.01171	0.01756	0.02707	0.01171	0.02049	0.01390	0.01610	0.00951	0.01097	0.00878	0.00585	0.00439	0.00146	0.00732	0.00366	0.00293	0.00878
106	0.80789	0.01323	0.01006	0.00900	0.01323	0.01535	0.00741	0.02011	0.01164	0.03070	0.00953	0.01111	0.00741	0.00635	0.00423	0.00212	0.00529	0.00370	0.00423	0.00741
107	0.00832	0.00601	0.00788	0.00938	0.00989	0.00557	0.00629	0.00954	0.01324	0.01752	0.03947	0.71671	0.08250	0.02120	0.00870	0.00275	0.00394	0.01917	0.00635	0.00557
108	0.00995	0.00663	0.00746	0.00746	0.00746	0.00663	0.00415	0.00995	0.00995	0.01327	0.02156	0.04477	0.02487	0.75957	0.03482	0.00663	0.00663	0.00995	0.00415	0.00415
109	0.00998	0.00764	0.01140	0.01128	0.01245	0.00905	0.00881	0.01239	0.01097	0.01591	0.01795	0.02640	0.01678	0.04972	0.70375	0.01067	0.04779	0.00728	0.00364	0.00616
110	0.01552	0.32183	0.45342	0.01643	0.02487	0.02029	0.01994	0.02120	0.01423	0.01948	0.01119	0.01308	0.00871	0.00625	0.00567	0.00189	0.00901	0.00451	0.00290	0.00959
111	0.10091	0.01880	0.04072	0.01421	0.01855	0.13582	0.01153	0.18917	0.28910	0.02944	0.02253	0.02193	0.06022	0.00878	0.00658	0.00214	0.00709	0.00674	0.00590	0.00984

[dist]
# distance from previous block
# <min> <max>
3	11

# created by:
# /st0/software/busco_prod/Augustus/scripts/msa2prfl.pl ./align_prep/137421.fa
