[name]
unknown

[dist]
# distance from previous block
# <min> <max>
0	47

[block]
# block no. 0 follows, 24 sequences, length 6
# corresponding to MSA columns:
# 64-69
name=unknown_A
#
# <colnr> <probs for GDERKNQSTAVLIFYWHMCP>
#	G	D	E	R	K	N	Q	S	T	A	V	L	I	F	Y	W	H	M	C	P
0	0.06291	0.11531	0.09656	0.01598	0.02020	0.01679	0.03692	0.02085	0.01731	0.06263	0.12525	0.03927	0.02882	0.01304	0.01129	0.00275	0.12880	0.13885	0.00564	0.04082
1	0.01726	0.15478	0.44145	0.02210	0.03152	0.02135	0.09428	0.02438	0.01645	0.02350	0.01354	0.01662	0.01032	0.00787	0.00895	0.00247	0.07257	0.00607	0.00344	0.01107
2	0.02118	0.01724	0.02212	0.01635	0.02314	0.07194	0.11094	0.02500	0.01838	0.13466	0.01713	0.01881	0.01298	0.00687	0.00689	0.00170	0.00795	0.00602	0.00539	0.45530
3	0.01377	0.00689	0.01033	0.01033	0.01033	0.00689	0.00689	0.01033	0.01033	0.01377	0.01377	0.02410	0.01377	0.02755	0.03099	0.76928	0.00689	0.00689	0.00344	0.00344
4	0.01656	0.12628	0.60074	0.02148	0.03258	0.02003	0.02734	0.02494	0.01666	0.02431	0.01383	0.01624	0.01006	0.00744	0.00723	0.00241	0.01132	0.00566	0.00335	0.01153
5	0.05995	0.01853	0.11096	0.01638	0.02295	0.01486	0.04505	0.08775	0.07848	0.37873	0.06343	0.02611	0.02055	0.00967	0.00794	0.00249	0.00769	0.00798	0.00805	0.01247

[dist]
# distance from previous block
# <min> <max>
2	5

[block]
# block no. 1 follows, 24 sequences, length 9
# corresponding to MSA columns:
# 75-83
name=unknown_B
#
# <colnr> <probs for GDERKNQSTAVLIFYWHMCP>
#	G	D	E	R	K	N	Q	S	T	A	V	L	I	F	Y	W	H	M	C	P
0	0.01086	0.05299	0.01158	0.01057	0.01209	0.00837	0.00766	0.01311	0.01781	0.02389	0.24129	0.40235	0.11725	0.02052	0.00949	0.00284	0.00452	0.01824	0.00754	0.00703
1	0.11716	0.63589	0.03776	0.01317	0.01972	0.02965	0.01294	0.02369	0.01578	0.02080	0.01103	0.01274	0.00997	0.00686	0.00507	0.00179	0.00818	0.00425	0.00358	0.00997
2	0.01838	0.46510	0.06424	0.01336	0.01874	0.02330	0.01271	0.02118	0.01643	0.04272	0.05935	0.13040	0.02193	0.01342	0.04532	0.00269	0.00839	0.00827	0.00464	0.00942
3	0.02635	0.02378	0.12763	0.01788	0.02465	0.02191	0.01642	0.48426	0.03196	0.04398	0.01894	0.01970	0.01360	0.00917	0.00763	0.00235	0.00871	0.00696	0.08150	0.01260
4	0.09170	0.29220	0.23284	0.01515	0.02198	0.02106	0.01634	0.02176	0.01561	0.02243	0.04466	0.02245	0.01597	0.12229	0.01170	0.00303	0.00892	0.00639	0.00400	0.00952
5	0.01084	0.01253	0.11699	0.01260	0.01501	0.00850	0.01071	0.01356	0.01576	0.02147	0.07485	0.50726	0.06907	0.05798	0.01122	0.00328	0.00584	0.01860	0.00666	0.00727
6	0.04161	0.12896	0.02140	0.01367	0.01900	0.01694	0.01148	0.06479	0.01705	0.02512	0.01704	0.01985	0.04495	0.01105	0.04495	0.00241	0.11081	0.00593	0.00466	0.37834
7	0.02938	0.02183	0.02337	0.01809	0.02430	0.02423	0.01489	0.60091	0.08303	0.04874	0.02001	0.01982	0.01428	0.00961	0.00794	0.00240	0.00855	0.00727	0.00794	0.01342
8	0.01114	0.00832	0.01136	0.12127	0.01747	0.00866	0.00886	0.01269	0.01406	0.01861	0.03266	0.38132	0.03779	0.25613	0.01993	0.00463	0.00660	0.01635	0.00589	0.00627

[dist]
# distance from previous block
# <min> <max>
0	2

[block]
# block no. 2 follows, 24 sequences, length 10
# corresponding to MSA columns:
# 88-97
name=unknown_C
#
# <colnr> <probs for GDERKNQSTAVLIFYWHMCP>
#	G	D	E	R	K	N	Q	S	T	A	V	L	I	F	Y	W	H	M	C	P
0	0.01560	0.01461	0.02454	0.54462	0.16347	0.01726	0.02160	0.02069	0.01663	0.02194	0.05179	0.02306	0.01462	0.00825	0.00800	0.00258	0.00997	0.00747	0.00390	0.00941
1	0.01891	0.01556	0.01777	0.01292	0.01984	0.01310	0.01042	0.13276	0.02020	0.03019	0.01499	0.01691	0.01206	0.00653	0.00624	0.00139	0.00639	0.00514	0.00528	0.63340
2	0.01796	0.00889	0.01024	0.00939	0.01218	0.00825	0.00715	0.02122	0.01752	0.14488	0.02843	0.12051	0.02393	0.01121	0.00662	0.00210	0.00452	0.00935	0.47493	0.06073
3	0.02171	0.14841	0.03228	0.03719	0.44043	0.08335	0.02079	0.07702	0.01973	0.02602	0.01432	0.01784	0.01199	0.00732	0.00729	0.00221	0.00964	0.00638	0.00418	0.01190
4	0.01653	0.01544	0.02161	0.43228	0.04031	0.07285	0.04098	0.02098	0.01631	0.02195	0.01580	0.02175	0.01234	0.00869	0.00915	0.00253	0.07387	0.00702	0.14097	0.00864
5	0.02172	0.01673	0.02459	0.12757	0.18242	0.04517	0.07000	0.09197	0.02020	0.14368	0.02221	0.12367	0.01928	0.01092	0.00918	0.00261	0.04171	0.00962	0.00586	0.01088
6	0.02076	0.01896	0.02105	0.07080	0.05092	0.13760	0.05647	0.08241	0.04973	0.06763	0.04203	0.02655	0.01797	0.13774	0.01575	0.00336	0.09162	0.00788	0.00525	0.07551
7	0.02172	0.01832	0.02480	0.04644	0.07964	0.01965	0.09658	0.24808	0.09871	0.03405	0.02077	0.08528	0.01757	0.01048	0.00966	0.00252	0.06738	0.00882	0.00620	0.08335
8	0.02231	0.01956	0.02161	0.01909	0.05445	0.09807	0.03874	0.20923	0.08969	0.05040	0.02341	0.07117	0.05429	0.01323	0.03569	0.00295	0.11472	0.00871	0.00616	0.04650
9	0.02136	0.01795	0.02143	0.05473	0.03945	0.07218	0.06917	0.15112	0.06597	0.07451	0.02163	0.05541	0.03973	0.01048	0.02548	0.00239	0.00854	0.00775	0.00596	0.23476

[dist]
# distance from previous block
# <min> <max>
4	57

[block]
# block no. 3 follows, 24 sequences, length 6
# corresponding to MSA columns:
# 158-163
name=unknown_D
#
# <colnr> <probs for GDERKNQSTAVLIFYWHMCP>
#	G	D	E	R	K	N	Q	S	T	A	V	L	I	F	Y	W	H	M	C	P
0	0.08812	0.01897	0.02428	0.04600	0.05402	0.09110	0.11300	0.09321	0.01884	0.07210	0.01737	0.06652	0.01521	0.03860	0.01297	0.00284	0.15805	0.00809	0.00511	0.05562
1	0.01946	0.01810	0.02264	0.12375	0.02724	0.08763	0.08867	0.13020	0.01976	0.02615	0.01723	0.05065	0.01549	0.10373	0.01401	0.00308	0.08419	0.00795	0.00493	0.13517
2	0.01742	0.01716	0.07582	0.01646	0.04450	0.05893	0.04230	0.11373	0.06219	0.02783	0.02669	0.25079	0.02672	0.01365	0.00819	0.00247	0.00733	0.01189	0.05964	0.11629
3	0.01782	0.02158	0.19284	0.01738	0.02488	0.01426	0.09023	0.06468	0.01843	0.05730	0.01828	0.06584	0.01514	0.00834	0.00722	0.00203	0.00830	0.00726	0.05587	0.29232
4	0.02126	0.11031	0.11050	0.01575	0.02239	0.01896	0.01446	0.25052	0.02398	0.03309	0.01888	0.09575	0.01654	0.00969	0.00723	0.00209	0.00790	0.00770	0.00584	0.20716
5	0.07645	0.01718	0.02015	0.01872	0.09503	0.01757	0.01336	0.22367	0.11208	0.09253	0.02154	0.06643	0.01728	0.00955	0.00746	0.00224	0.00725	0.00778	0.00675	0.16698

[dist]
# distance from previous block
# <min> <max>
0	1

[block]
# block no. 4 follows, 24 sequences, length 21
# corresponding to MSA columns:
# 165-185
name=unknown_E
#
# <colnr> <probs for GDERKNQSTAVLIFYWHMCP>
#	G	D	E	R	K	N	Q	S	T	A	V	L	I	F	Y	W	H	M	C	P
0	0.06107	0.01888	0.02351	0.05978	0.02600	0.01983	0.08433	0.34570	0.05364	0.03842	0.01925	0.06085	0.01540	0.00939	0.00776	0.00231	0.00844	0.00786	0.00654	0.13106
1	0.01792	0.01768	0.05766	0.15693	0.08597	0.01692	0.11480	0.08542	0.04499	0.02665	0.01731	0.06201	0.01464	0.00880	0.00884	0.00231	0.05073	0.00780	0.00478	0.19786
2	0.01905	0.01790	0.02182	0.33565	0.03669	0.09547	0.01721	0.10088	0.01916	0.02513	0.01464	0.01928	0.01145	0.00837	0.00894	0.00233	0.06879	0.00644	0.03284	0.13797
3	0.01070	0.00800	0.01036	0.04518	0.01389	0.00793	0.00811	0.01346	0.05420	0.02063	0.04130	0.55149	0.07179	0.08802	0.01268	0.00355	0.00526	0.01968	0.00698	0.00679
4	0.00961	0.00804	0.00836	0.00828	0.01086	0.00680	0.00621	0.01184	0.01863	0.02275	0.15558	0.07413	0.59255	0.01959	0.00937	0.00265	0.00398	0.01643	0.00754	0.00680
5	0.01644	0.01409	0.01644	0.01175	0.01879	0.01057	0.00940	0.01997	0.01644	0.02584	0.01409	0.01644	0.01175	0.00587	0.00587	0.00117	0.00587	0.00470	0.00470	0.76979
6	0.77733	0.01534	0.01166	0.01043	0.01534	0.01779	0.00859	0.02331	0.01350	0.03558	0.01104	0.01288	0.00859	0.00736	0.00491	0.00245	0.00613	0.00429	0.00491	0.00859
7	0.01644	0.01409	0.01644	0.01175	0.01879	0.01057	0.00940	0.01997	0.01644	0.02584	0.01409	0.01644	0.01175	0.00587	0.00587	0.00117	0.00587	0.00470	0.00470	0.76979
8	0.03558	0.01350	0.01840	0.01411	0.02024	0.01166	0.01166	0.03865	0.02270	0.67734	0.03128	0.02699	0.01963	0.00981	0.00797	0.00245	0.00675	0.00797	0.00981	0.01350
9	0.67630	0.01556	0.01327	0.06951	0.01912	0.01811	0.01004	0.05331	0.01485	0.03498	0.01169	0.01388	0.00899	0.00751	0.00531	0.00247	0.00664	0.00467	0.00494	0.00884
10	0.02980	0.01504	0.01872	0.01631	0.05592	0.04013	0.01235	0.05809	0.10858	0.44360	0.09001	0.02921	0.02452	0.01032	0.00808	0.00246	0.00692	0.00852	0.00885	0.01257
11	0.01087	0.00791	0.01023	0.01004	0.01173	0.00727	0.00738	0.01413	0.02103	0.02936	0.53436	0.16627	0.10410	0.01782	0.00948	0.00262	0.00390	0.01580	0.00843	0.00727
12	0.01872	0.02139	0.04679	0.03342	0.04144	0.02005	0.64305	0.02540	0.01872	0.02540	0.01604	0.02139	0.01203	0.00668	0.00936	0.00267	0.01337	0.00936	0.00401	0.01070
13	0.02783	0.01367	0.01715	0.01365	0.01872	0.01292	0.01108	0.14645	0.02512	0.38319	0.16656	0.03526	0.06897	0.01173	0.00834	0.00246	0.00632	0.00969	0.00908	0.01181
14	0.03558	0.01350	0.01840	0.01411	0.02024	0.01166	0.01166	0.03865	0.02270	0.67734	0.03128	0.02699	0.01963	0.00981	0.00797	0.00245	0.00675	0.00797	0.00981	0.01350
15	0.01203	0.00879	0.01159	0.01284	0.01470	0.00853	0.01082	0.01518	0.01807	0.02332	0.08569	0.08309	0.15260	0.06358	0.01237	0.00366	0.00655	0.44228	0.00725	0.00706
16	0.01424	0.01373	0.02077	0.16803	0.02770	0.05067	0.11829	0.01764	0.01655	0.02130	0.03162	0.24879	0.09171	0.01561	0.01064	0.00293	0.06609	0.05017	0.00545	0.00809
17	0.01599	0.01596	0.02884	0.49883	0.04888	0.01871	0.15683	0.02128	0.01616	0.02128	0.01421	0.02087	0.01088	0.00816	0.00977	0.00272	0.07025	0.00754	0.00363	0.00921
18	0.01703	0.01619	0.02749	0.41418	0.32667	0.01816	0.02304	0.02206	0.01683	0.02275	0.01446	0.02047	0.01145	0.00755	0.00789	0.00252	0.01006	0.00706	0.00370	0.01046
19	0.05516	0.01702	0.05873	0.12403	0.06483	0.03950	0.01541	0.05817	0.24347	0.02825	0.02875	0.05869	0.04740	0.01228	0.00841	0.00278	0.00789	0.11253	0.00635	0.01035
20	0.01811	0.01914	0.02199	0.10507	0.05142	0.17066	0.08262	0.02231	0.05567	0.02128	0.02119	0.16042	0.02088	0.01734	0.07881	0.00374	0.10548	0.01022	0.00483	0.00881

[dist]
# distance from previous block
# <min> <max>
1	23

[block]
# block no. 5 follows, 24 sequences, length 9
# corresponding to MSA columns:
# 209-217
name=unknown_F
#
# <colnr> <probs for GDERKNQSTAVLIFYWHMCP>
#	G	D	E	R	K	N	Q	S	T	A	V	L	I	F	Y	W	H	M	C	P
0	0.17612	0.13603	0.05515	0.07136	0.04374	0.04215	0.03530	0.09409	0.01766	0.02727	0.01584	0.07613	0.01436	0.01021	0.01000	0.00255	0.12624	0.00729	0.02890	0.00960
1	0.14314	0.24353	0.22899	0.01688	0.02423	0.02298	0.01795	0.07659	0.01767	0.06064	0.01370	0.01566	0.01067	0.00810	0.00798	0.00232	0.06849	0.00542	0.00435	0.01072
2	0.08431	0.09121	0.25598	0.01926	0.02672	0.11249	0.04922	0.07864	0.05237	0.02685	0.01458	0.01683	0.01126	0.00812	0.00829	0.00233	0.05680	0.00590	0.00438	0.07446
3	0.01589	0.01208	0.01460	0.01165	0.01684	0.00953	0.00898	0.01890	0.01690	0.06841	0.05776	0.17948	0.02503	0.01104	0.00717	0.00180	0.00552	0.00952	0.00587	0.50303
4	0.00982	0.00782	0.00881	0.00905	0.01111	0.00681	0.00660	0.01207	0.01841	0.02337	0.19658	0.20223	0.41888	0.02023	0.00952	0.00275	0.00408	0.01741	0.00765	0.00681
5	0.01830	0.01519	0.01744	0.01263	0.01958	0.01247	0.01016	0.10466	0.01927	0.02911	0.01476	0.01679	0.01198	0.00637	0.00615	0.00134	0.00626	0.00503	0.00514	0.66737
6	0.01972	0.01703	0.01793	0.01614	0.02062	0.01972	0.01255	0.04214	0.65752	0.03317	0.03228	0.02959	0.02421	0.01076	0.00807	0.00269	0.00628	0.00897	0.00807	0.01255
7	0.01872	0.02139	0.04679	0.03342	0.04144	0.02005	0.64305	0.02540	0.01872	0.02540	0.01604	0.02139	0.01203	0.00668	0.00936	0.00267	0.01337	0.00936	0.00401	0.01070
8	0.01725	0.21469	0.51832	0.02031	0.03078	0.02170	0.02531	0.02477	0.01658	0.02348	0.01342	0.01572	0.01008	0.00734	0.00691	0.00230	0.01090	0.00545	0.00336	0.01133

[dist]
# distance from previous block
# <min> <max>
0	1

[block]
# block no. 6 follows, 24 sequences, length 9
# corresponding to MSA columns:
# 219-227
name=unknown_G
#
# <colnr> <probs for GDERKNQSTAVLIFYWHMCP>
#	G	D	E	R	K	N	Q	S	T	A	V	L	I	F	Y	W	H	M	C	P
0	0.00965	0.00762	0.00871	0.00933	0.01111	0.00667	0.00666	0.01159	0.01740	0.02194	0.12098	0.31302	0.38427	0.02150	0.00965	0.00286	0.00421	0.01868	0.00749	0.00667
1	0.01445	0.01297	0.02132	0.59078	0.04753	0.01588	0.01954	0.01926	0.01584	0.02086	0.01770	0.08831	0.01522	0.00963	0.00798	0.00265	0.00955	0.00855	0.05347	0.00849
2	0.01648	0.01563	0.02650	0.49068	0.25442	0.01801	0.02277	0.02158	0.01657	0.02209	0.01436	0.02065	0.01122	0.00765	0.00790	0.00255	0.01020	0.00705	0.00365	0.01002
3	0.02844	0.01192	0.01612	0.01290	0.01778	0.01043	0.01043	0.03171	0.02262	0.48824	0.21770	0.03644	0.03580	0.01169	0.00838	0.00247	0.00587	0.00984	0.00950	0.01173
4	0.01806	0.00969	0.01285	0.01165	0.01470	0.00877	0.00923	0.02140	0.02142	0.21013	0.34922	0.08241	0.08999	0.01574	0.00920	0.00267	0.00509	0.09002	0.00871	0.00905
5	0.01621	0.03487	0.50588	0.02410	0.03443	0.01809	0.15688	0.02455	0.01751	0.02559	0.05490	0.02034	0.01446	0.00789	0.00803	0.00254	0.01157	0.00712	0.00382	0.01124
6	0.02059	0.24730	0.18346	0.01660	0.02293	0.19530	0.01646	0.02482	0.01856	0.02266	0.07423	0.02001	0.01710	0.00843	0.00665	0.00207	0.00988	0.00609	0.07709	0.00977
7	0.27607	0.01703	0.01718	0.01356	0.01951	0.01765	0.01107	0.20806	0.05482	0.06627	0.01625	0.01717	0.01220	0.00788	0.00637	0.00209	0.00686	0.00565	0.00613	0.21816
8	0.07621	0.28889	0.02654	0.01422	0.01899	0.04897	0.01234	0.06891	0.06330	0.09876	0.08342	0.02338	0.02002	0.04851	0.01020	0.00254	0.07223	0.00692	0.00553	0.01009

[dist]
# distance from previous block
# <min> <max>
0	3

[block]
# block no. 7 follows, 24 sequences, length 18
# corresponding to MSA columns:
# 231-248
name=unknown_H
#
# <colnr> <probs for GDERKNQSTAVLIFYWHMCP>
#	G	D	E	R	K	N	Q	S	T	A	V	L	I	F	Y	W	H	M	C	P
0	0.01852	0.22792	0.25844	0.01742	0.02453	0.01923	0.05837	0.02264	0.01599	0.07225	0.01598	0.04865	0.01347	0.01164	0.01112	0.13400	0.00936	0.00669	0.00410	0.00969
1	0.01756	0.20360	0.20959	0.01595	0.02139	0.04495	0.01612	0.02121	0.01510	0.04531	0.01641	0.02545	0.01550	0.19820	0.01783	0.00377	0.09179	0.00714	0.00404	0.00910
2	0.02120	0.72609	0.04155	0.01357	0.02035	0.03138	0.01357	0.02374	0.01611	0.01866	0.01102	0.01272	0.01018	0.00678	0.00509	0.00170	0.00848	0.00424	0.00339	0.01018
3	0.04895	0.30362	0.07873	0.02050	0.13192	0.02211	0.01585	0.02255	0.01582	0.05502	0.01490	0.01880	0.01287	0.01766	0.13876	0.00418	0.05756	0.00604	0.00404	0.01012
4	0.02120	0.72609	0.04155	0.01357	0.02035	0.03138	0.01357	0.02374	0.01611	0.01866	0.01102	0.01272	0.01018	0.00678	0.00509	0.00170	0.00848	0.00424	0.00339	0.01018
5	0.01153	0.00769	0.00865	0.00865	0.00865	0.00769	0.00480	0.01153	0.01153	0.01538	0.02499	0.05189	0.02883	0.72131	0.04036	0.00769	0.00769	0.01153	0.00480	0.00480
6	0.02448	0.02032	0.02820	0.02488	0.11208	0.04911	0.15548	0.21267	0.16111	0.09605	0.02153	0.02245	0.01577	0.00880	0.00824	0.00250	0.00938	0.00801	0.00657	0.01236
7	0.04514	0.02035	0.13432	0.13383	0.02906	0.01798	0.04458	0.16361	0.05457	0.10972	0.02012	0.04867	0.01537	0.00969	0.00894	0.00255	0.05513	0.00772	0.06768	0.01097
8	0.02449	0.31129	0.05866	0.01746	0.02267	0.26369	0.01530	0.05338	0.01912	0.04663	0.01268	0.01482	0.01073	0.00836	0.00857	0.00212	0.09075	0.00520	0.00410	0.00999
9	0.01794	0.01411	0.01689	0.01281	0.01872	0.01199	0.01022	0.05589	0.01764	0.06853	0.01779	0.07757	0.01577	0.00850	0.00783	0.00165	0.05257	0.00673	0.00536	0.56147
10	0.01377	0.00689	0.01033	0.01033	0.01033	0.00689	0.00689	0.01033	0.01033	0.01377	0.01377	0.02410	0.01377	0.02755	0.03099	0.76928	0.00689	0.00689	0.00344	0.00344
11	0.01203	0.01021	0.01140	0.04493	0.01479	0.06605	0.00878	0.01426	0.01769	0.02311	0.19814	0.45524	0.05248	0.02040	0.00956	0.00291	0.00551	0.01821	0.00724	0.00706
12	0.01907	0.07437	0.01735	0.09601	0.02024	0.01565	0.01103	0.19928	0.02175	0.03105	0.02226	0.07240	0.01946	0.09708	0.01105	0.00289	0.00695	0.00852	0.24440	0.00919
13	0.03201	0.01336	0.01769	0.01394	0.01956	0.01204	0.01138	0.03693	0.08147	0.56211	0.08616	0.03001	0.02480	0.01045	0.00810	0.00248	0.00645	0.00861	0.00956	0.01289
14	0.01025	0.00736	0.00973	0.01064	0.01163	0.00683	0.00741	0.01252	0.01793	0.02461	0.27936	0.46804	0.06090	0.02158	0.00983	0.00295	0.00428	0.01945	0.00788	0.00683
15	0.01858	0.31496	0.26349	0.06623	0.08548	0.02384	0.07809	0.02420	0.01672	0.02226	0.01314	0.01606	0.01053	0.00714	0.00676	0.00219	0.01028	0.00570	0.00349	0.01088
16	0.01150	0.00783	0.00935	0.00935	0.00960	0.00807	0.00568	0.01198	0.01174	0.01590	0.02434	0.04833	0.02728	0.60765	0.15191	0.00856	0.01002	0.01101	0.00471	0.00520
17	0.05378	0.00826	0.00945	0.00949	0.01156	0.00758	0.00699	0.01337	0.01895	0.02599	0.29539	0.18812	0.28519	0.01878	0.00925	0.00270	0.00414	0.01621	0.00775	0.00706

[dist]
# distance from previous block
# <min> <max>
2	11

[block]
# block no. 8 follows, 24 sequences, length 13
# corresponding to MSA columns:
# 260-272
name=unknown_I
#
# <colnr> <probs for GDERKNQSTAVLIFYWHMCP>
#	G	D	E	R	K	N	Q	S	T	A	V	L	I	F	Y	W	H	M	C	P
0	0.05583	0.01223	0.01485	0.01293	0.01653	0.01246	0.01023	0.02607	0.11291	0.22866	0.11191	0.09353	0.16119	0.01425	0.01022	0.00270	0.07408	0.01151	0.00789	0.01002
1	0.01607	0.01439	0.06319	0.07169	0.02129	0.01219	0.06047	0.08105	0.01930	0.07342	0.04250	0.04473	0.26593	0.08234	0.01152	0.00294	0.00709	0.01112	0.00619	0.09259
2	0.30924	0.01796	0.09718	0.04523	0.02041	0.01645	0.01246	0.06239	0.11442	0.03229	0.01760	0.01927	0.01343	0.00816	0.00622	0.00229	0.00686	0.00596	0.10798	0.08421
3	0.01809	0.01550	0.01643	0.01490	0.01901	0.01755	0.01154	0.03714	0.54851	0.03193	0.08415	0.03631	0.09026	0.01207	0.00829	0.00267	0.00587	0.01012	0.00805	0.01161
4	0.01676	0.01438	0.01659	0.01218	0.01897	0.01147	0.00971	0.02214	0.07917	0.02656	0.01587	0.01773	0.01296	0.00635	0.00609	0.00132	0.00591	0.00512	0.00503	0.69570
5	0.00981	0.00709	0.00928	0.01075	0.01149	0.00657	0.00729	0.01147	0.01612	0.02153	0.11137	0.60904	0.09154	0.02365	0.01000	0.00311	0.00448	0.02134	0.00750	0.00657
6	0.13621	0.02079	0.02123	0.06758	0.02479	0.05831	0.01423	0.44747	0.03052	0.04311	0.01746	0.01853	0.01269	0.00900	0.00734	0.00237	0.00856	0.00662	0.04126	0.01192
7	0.02370	0.02086	0.10929	0.07110	0.02593	0.01917	0.03810	0.34120	0.02701	0.07323	0.04456	0.02372	0.01665	0.06086	0.01195	0.05845	0.00892	0.00767	0.00643	0.01120
8	0.01001	0.00813	0.00892	0.00891	0.01136	0.00703	0.00681	0.01250	0.01902	0.02380	0.20292	0.07360	0.49798	0.01939	0.00948	0.00271	0.00419	0.05870	0.00765	0.00691
9	0.07951	0.02033	0.02785	0.15195	0.42907	0.10912	0.02150	0.02456	0.01792	0.02484	0.01412	0.01863	0.01160	0.00738	0.00754	0.00237	0.01002	0.00658	0.00396	0.01116
10	0.02382	0.02328	0.02652	0.08279	0.29174	0.16819	0.01927	0.16435	0.06951	0.02990	0.01644	0.01916	0.01294	0.00819	0.00774	0.00234	0.01020	0.00679	0.00512	0.01174
11	0.30412	0.01480	0.06134	0.09470	0.02018	0.01468	0.01129	0.06952	0.01678	0.03116	0.03502	0.02102	0.01461	0.00951	0.00747	0.04579	0.00661	0.00622	0.20661	0.00858
12	0.01256	0.01013	0.01041	0.01055	0.01269	0.04643	0.00764	0.01557	0.04567	0.02261	0.04576	0.27071	0.20748	0.05611	0.01040	0.00291	0.00530	0.03671	0.10797	0.06239

[dist]
# distance from previous block
# <min> <max>
1	6

[block]
# block no. 9 follows, 24 sequences, length 12
# corresponding to MSA columns:
# 279-290
name=unknown_J
#
# <colnr> <probs for GDERKNQSTAVLIFYWHMCP>
#	G	D	E	R	K	N	Q	S	T	A	V	L	I	F	Y	W	H	M	C	P
0	0.01116	0.00800	0.01047	0.01042	0.01198	0.00749	0.00774	0.01434	0.02043	0.02854	0.49094	0.15019	0.06649	0.06209	0.01154	0.00301	0.00440	0.06544	0.00818	0.00716
1	0.05761	0.17074	0.05926	0.01462	0.02102	0.06629	0.01297	0.08402	0.02086	0.24579	0.04038	0.02051	0.01591	0.00837	0.00685	0.00206	0.00785	0.00631	0.00645	0.13215
2	0.01766	0.01934	0.04065	0.07425	0.08290	0.01848	0.49902	0.02360	0.01815	0.02461	0.01855	0.08935	0.01594	0.00857	0.00924	0.00270	0.01206	0.01035	0.00430	0.01029
3	0.01102	0.00810	0.01032	0.00977	0.01172	0.00740	0.00732	0.01458	0.02197	0.03068	0.60424	0.06108	0.13895	0.01663	0.00935	0.00251	0.00377	0.01460	0.00858	0.00740
4	0.01107	0.00810	0.01039	0.00981	0.01175	0.00742	0.00736	0.01467	0.02208	0.03094	0.61889	0.06065	0.12413	0.01653	0.00935	0.00251	0.00376	0.01454	0.00862	0.00742
5	0.03558	0.01350	0.01840	0.01411	0.02024	0.01166	0.01166	0.03865	0.02270	0.67734	0.03128	0.02699	0.01963	0.00981	0.00797	0.00245	0.00675	0.00797	0.00981	0.01350
6	0.01008	0.00813	0.00901	0.00898	0.01139	0.00706	0.00686	0.01264	0.01919	0.02421	0.22622	0.07290	0.47540	0.01923	0.00948	0.00270	0.00417	0.05771	0.00770	0.00694
7	0.01025	0.00807	0.00925	0.00896	0.01125	0.00707	0.00672	0.01308	0.02015	0.02635	0.35931	0.06820	0.38658	0.01824	0.00936	0.00259	0.00389	0.01560	0.00801	0.00707
8	0.02035	0.02021	0.03149	0.04663	0.62513	0.06724	0.02369	0.02487	0.01837	0.02544	0.01472	0.01924	0.01239	0.00715	0.00780	0.00233	0.00977	0.00692	0.00394	0.01232
9	0.02695	0.01989	0.02120	0.01680	0.02240	0.02207	0.01370	0.48748	0.13142	0.04527	0.02179	0.02176	0.01585	0.00968	0.00771	0.00237	0.00783	0.00745	0.08564	0.01272
10	0.01597	0.00921	0.00988	0.04631	0.01330	0.00971	0.00742	0.05540	0.05879	0.03044	0.02525	0.02851	0.01966	0.00928	0.00597	0.00197	0.00452	0.00746	0.63280	0.00814
11	0.02074	0.01916	0.01840	0.01658	0.02102	0.08842	0.01284	0.04106	0.59238	0.03176	0.03022	0.02802	0.02277	0.01049	0.00797	0.00262	0.00710	0.00857	0.00766	0.01221

[dist]
# distance from previous block
# <min> <max>
0	1

[block]
# block no. 10 follows, 24 sequences, length 12
# corresponding to MSA columns:
# 292-303
name=unknown_K
#
# <colnr> <probs for GDERKNQSTAVLIFYWHMCP>
#	G	D	E	R	K	N	Q	S	T	A	V	L	I	F	Y	W	H	M	C	P
0	0.01862	0.01582	0.02235	0.01676	0.02262	0.01465	0.10590	0.06068	0.01782	0.06446	0.01640	0.04633	0.01382	0.00832	0.00958	0.00195	0.10307	0.00677	0.00504	0.42906
1	0.02966	0.03667	0.02257	0.02027	0.02452	0.64149	0.01530	0.07596	0.02354	0.02161	0.01275	0.01464	0.01045	0.00827	0.00721	0.00207	0.01390	0.00525	0.00436	0.00950
2	0.72842	0.01521	0.01210	0.01067	0.01566	0.01738	0.00879	0.02432	0.01410	0.07789	0.01238	0.01381	0.00932	0.00752	0.00511	0.00245	0.00617	0.00454	0.00523	0.00891
3	0.00966	0.00690	0.00920	0.01104	0.01150	0.00644	0.00736	0.01104	0.01518	0.02024	0.04371	0.71614	0.05245	0.02484	0.01012	0.00322	0.00460	0.02254	0.00736	0.00644
4	0.77733	0.01534	0.01166	0.01043	0.01534	0.01779	0.00859	0.02331	0.01350	0.03558	0.01104	0.01288	0.00859	0.00736	0.00491	0.00245	0.00613	0.00429	0.00491	0.00859
5	0.29955	0.46444	0.03055	0.01241	0.01851	0.02638	0.01174	0.02358	0.01515	0.02489	0.01103	0.01278	0.00959	0.00700	0.00502	0.00197	0.00762	0.00426	0.00395	0.00959
6	0.01174	0.00796	0.01066	0.01188	0.01319	0.00751	0.00895	0.01410	0.01728	0.04973	0.11626	0.41712	0.07732	0.02224	0.01014	0.00320	0.00529	0.18074	0.00760	0.00709
7	0.01296	0.00949	0.01278	0.01431	0.01633	0.00956	0.01238	0.01753	0.05275	0.02411	0.04367	0.08546	0.08041	0.02120	0.01071	0.00354	0.00706	0.55087	0.00735	0.00755
8	0.01242	0.00830	0.01091	0.01028	0.01227	0.00763	0.00770	0.01594	0.02190	0.06571	0.58513	0.10826	0.07012	0.01653	0.00934	0.00255	0.00397	0.01463	0.00868	0.00773
9	0.01962	0.01579	0.01695	0.01529	0.01957	0.01781	0.01186	0.03860	0.54888	0.07231	0.03559	0.06548	0.06319	0.01193	0.00824	0.00270	0.00609	0.01002	0.00810	0.01197
10	0.00966	0.00690	0.00920	0.01104	0.01150	0.00644	0.00736	0.01104	0.01518	0.02024	0.04371	0.71614	0.05245	0.02484	0.01012	0.00322	0.00460	0.02254	0.00736	0.00644
11	0.01963	0.01884	0.03219	0.04867	0.67185	0.01884	0.02434	0.02434	0.01806	0.02591	0.01492	0.01963	0.01256	0.00707	0.00785	0.00236	0.00942	0.00707	0.00393	0.01256

[dist]
# distance from previous block
# <min> <max>
0	33

[block]
# block no. 11 follows, 24 sequences, length 29
# corresponding to MSA columns:
# 337-365
name=unknown_L
#
# <colnr> <probs for GDERKNQSTAVLIFYWHMCP>
#	G	D	E	R	K	N	Q	S	T	A	V	L	I	F	Y	W	H	M	C	P
0	0.02120	0.72609	0.04155	0.01357	0.02035	0.03138	0.01357	0.02374	0.01611	0.01866	0.01102	0.01272	0.01018	0.00678	0.00509	0.00170	0.00848	0.00424	0.00339	0.01018
1	0.01674	0.01449	0.01696	0.01255	0.01904	0.01198	0.01005	0.02163	0.06554	0.02606	0.01530	0.01750	0.01264	0.00666	0.00707	0.00141	0.04182	0.00514	0.00489	0.67254
2	0.01972	0.01703	0.01793	0.01614	0.02062	0.01972	0.01255	0.04214	0.65752	0.03317	0.03228	0.02959	0.02421	0.01076	0.00807	0.00269	0.00628	0.00897	0.00807	0.01255
3	0.77733	0.01534	0.01166	0.01043	0.01534	0.01779	0.00859	0.02331	0.01350	0.03558	0.01104	0.01288	0.00859	0.00736	0.00491	0.00245	0.00613	0.00429	0.00491	0.00859
4	0.02127	0.01741	0.01857	0.01622	0.02080	0.01979	0.01271	0.17418	0.46989	0.03592	0.03021	0.08005	0.02399	0.01157	0.00820	0.00266	0.00669	0.00960	0.00798	0.01229
5	0.01001	0.00842	0.00874	0.00859	0.01125	0.00733	0.00646	0.01307	0.04518	0.02309	0.14517	0.07243	0.57424	0.01925	0.00932	0.00266	0.00408	0.01614	0.00755	0.00703
6	0.35130	0.41579	0.02850	0.01220	0.01816	0.02545	0.01139	0.02356	0.01497	0.02604	0.01103	0.01279	0.00948	0.00704	0.00501	0.00203	0.00746	0.00426	0.00405	0.00948
7	0.09253	0.01364	0.01788	0.01383	0.01987	0.01213	0.01142	0.03747	0.02199	0.62806	0.02973	0.02591	0.01878	0.00963	0.00774	0.00245	0.00670	0.00769	0.00944	0.01312
8	0.02675	0.02053	0.02189	0.01756	0.02330	0.02301	0.01425	0.44901	0.23921	0.04451	0.02335	0.02247	0.01698	0.00992	0.00798	0.00248	0.00793	0.00773	0.00798	0.01318
9	0.00977	0.00805	0.00859	0.00845	0.01096	0.00687	0.00634	0.01216	0.01902	0.02367	0.20757	0.07261	0.53999	0.01924	0.00937	0.00264	0.00396	0.01622	0.00766	0.00687
10	0.01735	0.01735	0.02429	0.02082	0.02082	0.02429	0.01735	0.01908	0.01214	0.01908	0.01041	0.01735	0.01041	0.01388	0.02602	0.00347	0.70680	0.00694	0.00347	0.00867
11	0.06143	0.01631	0.02332	0.29138	0.03425	0.02128	0.01853	0.06789	0.01563	0.02288	0.01258	0.01873	0.01060	0.01080	0.01620	0.00300	0.33534	0.00684	0.00392	0.00909
12	0.01875	0.01787	0.03004	0.17104	0.52972	0.01864	0.02344	0.02426	0.04256	0.02512	0.01544	0.02030	0.01264	0.00737	0.00787	0.00242	0.00952	0.00714	0.00401	0.01185
13	0.01232	0.00835	0.01095	0.01016	0.01223	0.00767	0.00767	0.01603	0.02246	0.06089	0.63899	0.05778	0.07234	0.01592	0.00929	0.00249	0.00388	0.01405	0.00878	0.00775
14	0.00967	0.00714	0.00896	0.01040	0.01125	0.00653	0.00702	0.01112	0.01560	0.02029	0.04990	0.57334	0.16678	0.04830	0.01104	0.00328	0.00460	0.02107	0.00727	0.00643
15	0.05061	0.02167	0.04387	0.01783	0.02339	0.09356	0.04637	0.31186	0.14359	0.06629	0.08005	0.02429	0.02060	0.00994	0.00796	0.00243	0.00860	0.00792	0.00723	0.01193
16	0.01679	0.13210	0.55468	0.02206	0.03288	0.02026	0.06544	0.02495	0.01678	0.02426	0.01391	0.01649	0.01019	0.00738	0.00732	0.00241	0.01139	0.00586	0.00340	0.01145
17	0.34105	0.01862	0.01853	0.01632	0.05360	0.02094	0.01257	0.28973	0.09164	0.04095	0.01687	0.01760	0.01252	0.00862	0.00668	0.00244	0.00742	0.00614	0.00648	0.01129
18	0.04393	0.09207	0.32592	0.05767	0.05270	0.01926	0.12916	0.02495	0.01715	0.07432	0.01740	0.02013	0.03268	0.00827	0.00873	0.00252	0.05104	0.00694	0.00418	0.01097
19	0.01200	0.00870	0.01071	0.01044	0.01063	0.00954	0.00676	0.01258	0.01188	0.01630	0.02378	0.07040	0.02677	0.54372	0.11925	0.00775	0.07745	0.01111	0.00470	0.00553
20	0.67728	0.01509	0.01257	0.01092	0.01600	0.01696	0.00900	0.02538	0.01474	0.12214	0.01377	0.01478	0.01008	0.00769	0.00532	0.00245	0.00622	0.00479	0.00557	0.00925
21	0.01934	0.01827	0.03062	0.14457	0.55546	0.01888	0.02364	0.04746	0.01846	0.02599	0.01495	0.01983	0.01230	0.00729	0.00787	0.00240	0.00956	0.00707	0.00402	0.01204
22	0.02294	0.55227	0.07055	0.01488	0.02168	0.07016	0.01452	0.07731	0.01866	0.05542	0.01298	0.01429	0.01093	0.00729	0.00573	0.00186	0.00894	0.00481	0.00414	0.01064
23	0.00975	0.00797	0.00866	0.00902	0.01130	0.00688	0.00678	0.01188	0.01790	0.02189	0.09778	0.16091	0.51410	0.02068	0.00959	0.00282	0.00433	0.06360	0.00742	0.00674
24	0.02313	0.01703	0.01943	0.12111	0.02533	0.01910	0.01372	0.33667	0.10399	0.03882	0.02139	0.02298	0.01585	0.00936	0.00742	0.00234	0.00759	0.00740	0.17605	0.01129
25	0.01067	0.00808	0.00983	0.00939	0.01151	0.00725	0.00705	0.01389	0.02114	0.02869	0.49169	0.06435	0.25274	0.01737	0.00936	0.00255	0.00382	0.01506	0.00832	0.00725
26	0.71904	0.01561	0.01323	0.01337	0.06584	0.01787	0.00980	0.02339	0.01385	0.03483	0.01134	0.01340	0.00889	0.00734	0.00513	0.00245	0.00639	0.00451	0.00483	0.00889
27	0.03282	0.01591	0.01965	0.01529	0.02132	0.01550	0.01256	0.18449	0.08434	0.46787	0.02844	0.02532	0.01858	0.00983	0.00797	0.00246	0.00718	0.00786	0.00920	0.01341
28	0.01649	0.00927	0.01229	0.01087	0.01366	0.00838	0.00838	0.02008	0.02250	0.17127	0.53017	0.05227	0.06290	0.01483	0.00906	0.00249	0.00439	0.01297	0.00896	0.00878

[dist]
# distance from previous block
# <min> <max>
0	24

[block]
# block no. 12 follows, 24 sequences, length 7
# corresponding to MSA columns:
# 390-396
name=unknown_M
#
# <colnr> <probs for GDERKNQSTAVLIFYWHMCP>
#	G	D	E	R	K	N	Q	S	T	A	V	L	I	F	Y	W	H	M	C	P
0	0.07441	0.01528	0.01869	0.01465	0.02045	0.01485	0.01201	0.15592	0.06449	0.44812	0.05714	0.02628	0.02063	0.00997	0.00786	0.00246	0.00693	0.00796	0.00901	0.01288
1	0.01090	0.00809	0.01015	0.00963	0.01165	0.00734	0.00722	0.01433	0.02167	0.02996	0.56371	0.06226	0.17993	0.01690	0.00936	0.00253	0.00379	0.01476	0.00849	0.00734
2	0.01213	0.00763	0.00842	0.00842	0.00876	0.00763	0.00494	0.01280	0.01246	0.01797	0.02515	0.04782	0.02728	0.59127	0.03400	0.00662	0.00696	0.01078	0.14370	0.00528
3	0.02775	0.01629	0.01842	0.01462	0.01983	0.01700	0.01191	0.30942	0.06073	0.21812	0.02460	0.02408	0.01723	0.00960	0.00743	0.00230	0.00695	0.00752	0.17408	0.01211
4	0.01776	0.01488	0.01715	0.01237	0.01935	0.01192	0.00994	0.08016	0.01845	0.02816	0.01457	0.01669	0.01191	0.00622	0.00607	0.00129	0.00615	0.00493	0.00501	0.69700
5	0.02790	0.01982	0.02178	0.01738	0.02311	0.02168	0.01435	0.48156	0.09478	0.09311	0.02342	0.02732	0.01803	0.01083	0.00823	0.00254	0.00820	0.06513	0.00803	0.01281
6	0.01886	0.01558	0.02181	0.42603	0.04080	0.01844	0.01814	0.16814	0.06804	0.02905	0.01770	0.02206	0.01318	0.00863	0.00771	0.00251	0.00917	0.00724	0.07686	0.01005

[dist]
# distance from previous block
# <min> <max>
0	2

[block]
# block no. 13 follows, 24 sequences, length 29
# corresponding to MSA columns:
# 399-427
name=unknown_N
#
# <colnr> <probs for GDERKNQSTAVLIFYWHMCP>
#	G	D	E	R	K	N	Q	S	T	A	V	L	I	F	Y	W	H	M	C	P
0	0.02826	0.02027	0.02290	0.01956	0.07100	0.02202	0.01489	0.51441	0.03332	0.08320	0.02079	0.05100	0.01575	0.01003	0.00795	0.00240	0.00831	0.00788	0.03317	0.01290
1	0.02947	0.01616	0.01923	0.01537	0.02097	0.01643	0.01248	0.18872	0.16617	0.34616	0.06160	0.02727	0.02199	0.01028	0.00806	0.00249	0.00698	0.00832	0.00891	0.01297
2	0.01474	0.01208	0.01651	0.10585	0.02085	0.01487	0.01270	0.01989	0.08158	0.02325	0.06728	0.02808	0.02089	0.02461	0.19853	0.00547	0.18185	0.00821	0.13440	0.00835
3	0.01152	0.00841	0.01233	0.01230	0.01376	0.00964	0.00954	0.01445	0.01347	0.01973	0.05516	0.03253	0.02272	0.05439	0.61587	0.01160	0.01934	0.00874	0.04739	0.00712
4	0.00981	0.00701	0.00938	0.01122	0.01174	0.00657	0.00763	0.01131	0.01533	0.02041	0.04362	0.68528	0.05211	0.02470	0.01016	0.00324	0.00473	0.05189	0.00736	0.00648
5	0.02962	0.03779	0.02247	0.02043	0.02451	0.68948	0.01532	0.03166	0.02247	0.01941	0.01226	0.01430	0.01021	0.00817	0.00715	0.00204	0.01430	0.00511	0.00409	0.00919
6	0.00975	0.00805	0.00856	0.00843	0.01094	0.00686	0.00632	0.01212	0.01897	0.02356	0.20113	0.07280	0.54650	0.01929	0.00937	0.00264	0.00396	0.01624	0.00764	0.00686
7	0.02039	0.01736	0.01830	0.01627	0.02087	0.02003	0.01271	0.08054	0.61803	0.03424	0.03143	0.02891	0.02352	0.01068	0.00806	0.00267	0.00643	0.00885	0.00806	0.01261
8	0.01127	0.00897	0.01292	0.10006	0.04374	0.00945	0.01048	0.01343	0.01561	0.02105	0.07205	0.52272	0.04437	0.02087	0.01065	0.00309	0.04692	0.01859	0.00659	0.00717
9	0.12588	0.02222	0.02309	0.05851	0.13398	0.12515	0.01599	0.29451	0.02662	0.07474	0.01670	0.01817	0.01239	0.00855	0.00740	0.00235	0.00935	0.00648	0.00614	0.01177
10	0.02962	0.03779	0.02247	0.02043	0.02451	0.68948	0.01532	0.03166	0.02247	0.01941	0.01226	0.01430	0.01021	0.00817	0.00715	0.00204	0.01430	0.00511	0.00409	0.00919
11	0.01032	0.00788	0.00953	0.00993	0.01175	0.00709	0.00739	0.01287	0.01878	0.02462	0.25374	0.22532	0.27985	0.02016	0.00968	0.00283	0.00435	0.06919	0.00779	0.00693
12	0.01492	0.01158	0.01344	0.01212	0.01510	0.01200	0.00935	0.08624	0.16541	0.03262	0.38335	0.04912	0.11038	0.01601	0.03028	0.00286	0.00540	0.01243	0.00823	0.00916
13	0.01943	0.02000	0.06600	0.04731	0.63859	0.01882	0.02460	0.02438	0.01799	0.02587	0.01488	0.01948	0.01243	0.00709	0.00783	0.00236	0.00954	0.00700	0.00390	0.01252
14	0.01301	0.00850	0.01117	0.01028	0.01246	0.00779	0.00779	0.01671	0.02247	0.07928	0.62086	0.05686	0.07076	0.01574	0.00925	0.00249	0.00396	0.01387	0.00881	0.00792
15	0.01019	0.00790	0.00827	0.00827	0.00993	0.00707	0.00556	0.01144	0.01559	0.01912	0.05927	0.06702	0.42520	0.28689	0.02116	0.00458	0.00541	0.01476	0.00639	0.00598
16	0.02233	0.01656	0.01812	0.01479	0.01933	0.01816	0.01193	0.28198	0.13304	0.03747	0.02180	0.02299	0.01656	0.00961	0.00850	0.00226	0.05832	0.00725	0.19136	0.08765
17	0.02003	0.01971	0.03162	0.04454	0.56828	0.04888	0.05580	0.02585	0.05900	0.02605	0.01596	0.02012	0.01317	0.00733	0.00791	0.00238	0.00965	0.00722	0.00420	0.01231
18	0.06878	0.51418	0.16019	0.01545	0.02291	0.06274	0.01634	0.02440	0.01640	0.02100	0.01170	0.01358	0.01005	0.00704	0.00565	0.00192	0.00925	0.00460	0.00352	0.01032
19	0.02385	0.01837	0.02015	0.05213	0.02321	0.02058	0.01361	0.34057	0.23627	0.04066	0.07128	0.02604	0.02167	0.01032	0.00797	0.00248	0.00742	0.00827	0.04292	0.01221
20	0.39845	0.01779	0.08042	0.05492	0.05111	0.01644	0.01261	0.02401	0.06235	0.03087	0.01396	0.01608	0.01088	0.00732	0.00593	0.00220	0.00705	0.00517	0.00481	0.17763
21	0.01803	0.05547	0.01732	0.01252	0.01789	0.01290	0.01003	0.09312	0.04070	0.06571	0.12898	0.08569	0.02689	0.01013	0.00721	0.00187	0.00595	0.00846	0.00631	0.37481
22	0.01596	0.01170	0.01411	0.01213	0.01631	0.01014	0.00917	0.04802	0.05140	0.07354	0.04950	0.28062	0.03037	0.01402	0.00794	0.00221	0.00554	0.01226	0.00653	0.32855
23	0.01999	0.01524	0.01930	0.01691	0.05649	0.01508	0.04888	0.22970	0.02431	0.05965	0.08226	0.16455	0.06047	0.01279	0.00830	0.00239	0.00698	0.01108	0.00693	0.13870
24	0.07456	0.01905	0.05222	0.05162	0.25164	0.07539	0.07733	0.02549	0.09964	0.02719	0.09129	0.02996	0.02285	0.00986	0.00815	0.00254	0.00892	0.05636	0.00531	0.01065
25	0.02023	0.02209	0.06963	0.06573	0.12105	0.14189	0.13446	0.02419	0.01773	0.05929	0.01740	0.08453	0.01552	0.01018	0.01112	0.00260	0.12545	0.00844	0.00453	0.04393
26	0.02754	0.13110	0.05181	0.01834	0.02383	0.31435	0.01519	0.18784	0.07197	0.06074	0.01630	0.01713	0.01253	0.00856	0.00717	0.00217	0.01097	0.00596	0.00551	0.01099
27	0.01819	0.08982	0.01948	0.03500	0.05198	0.10140	0.01236	0.06922	0.01754	0.02390	0.02032	0.10794	0.01936	0.04449	0.06704	0.00351	0.12765	0.00878	0.15334	0.00867
28	0.02420	0.01610	0.01828	0.01450	0.01978	0.01627	0.01164	0.26932	0.07320	0.13903	0.07051	0.05291	0.02189	0.03228	0.00866	0.00238	0.00689	0.00828	0.05032	0.14358

[dist]
# distance from previous block
# <min> <max>
26	96

[block]
# block no. 14 follows, 24 sequences, length 16
# corresponding to MSA columns:
# 557-572
name=unknown_O
#
# <colnr> <probs for GDERKNQSTAVLIFYWHMCP>
#	G	D	E	R	K	N	Q	S	T	A	V	L	I	F	Y	W	H	M	C	P
0	0.02006	0.04376	0.03107	0.10775	0.12369	0.06879	0.21386	0.05694	0.01862	0.05608	0.01597	0.02124	0.01289	0.04410	0.01095	0.00269	0.05953	0.00759	0.00448	0.07995
1	0.20532	0.08816	0.22564	0.04112	0.02620	0.01806	0.10311	0.03817	0.01730	0.02813	0.08525	0.02374	0.05036	0.00892	0.00722	0.00245	0.00892	0.00732	0.00472	0.00991
2	0.01875	0.01532	0.01969	0.27312	0.03242	0.01776	0.01555	0.14103	0.19435	0.03099	0.07273	0.02681	0.02076	0.00976	0.00787	0.00252	0.00791	0.00819	0.07400	0.01046
3	0.01921	0.01629	0.01662	0.01597	0.05147	0.07687	0.01167	0.03189	0.34222	0.08019	0.09145	0.03882	0.14868	0.01248	0.00832	0.00258	0.00657	0.01036	0.00755	0.01078
4	0.02008	0.04839	0.34765	0.02609	0.09828	0.01907	0.15206	0.08168	0.01965	0.08702	0.01658	0.01903	0.01190	0.00768	0.00795	0.00249	0.01102	0.00697	0.00455	0.01187
5	0.23034	0.10031	0.18383	0.12837	0.08650	0.10102	0.01856	0.02442	0.01644	0.02594	0.01280	0.01590	0.00998	0.00750	0.00659	0.00236	0.00974	0.00546	0.00396	0.00999
6	0.01036	0.00875	0.00905	0.00885	0.01160	0.00780	0.00668	0.01414	0.06910	0.02330	0.13030	0.07105	0.56324	0.01899	0.00927	0.00266	0.00417	0.01590	0.00754	0.00723
7	0.01164	0.00854	0.01133	0.01286	0.01457	0.00823	0.01066	0.01460	0.01766	0.02271	0.04867	0.20242	0.15033	0.02214	0.01054	0.00341	0.00626	0.40906	0.00732	0.00704
8	0.02571	0.24730	0.02908	0.01953	0.05426	0.35433	0.01534	0.07623	0.02073	0.02187	0.01241	0.01466	0.01059	0.00820	0.00793	0.00208	0.06046	0.00522	0.00412	0.00996
9	0.02464	0.17811	0.07195	0.01709	0.02280	0.14871	0.01496	0.26829	0.02519	0.03143	0.01608	0.01884	0.01302	0.03589	0.07582	0.00337	0.01114	0.00631	0.00543	0.01092
10	0.01214	0.01016	0.01621	0.13461	0.05061	0.01035	0.06723	0.01496	0.01621	0.02177	0.09831	0.38152	0.04026	0.07374	0.01189	0.00331	0.00679	0.01626	0.00618	0.00748
11	0.08735	0.01675	0.02057	0.34497	0.07048	0.07742	0.01709	0.02642	0.15630	0.02535	0.01849	0.02213	0.01412	0.00856	0.00744	0.00251	0.00902	0.00707	0.05821	0.00974
12	0.01679	0.01748	0.03335	0.04729	0.05113	0.01674	0.37784	0.02393	0.08742	0.02522	0.02712	0.09001	0.08882	0.01022	0.00902	0.00264	0.01020	0.01092	0.00513	0.04870
13	0.02330	0.06966	0.16528	0.01826	0.02454	0.18913	0.01694	0.12356	0.14708	0.06368	0.06458	0.02227	0.01844	0.00931	0.00761	0.00235	0.00984	0.00708	0.00587	0.01121
14	0.11133	0.01320	0.01483	0.01242	0.01674	0.01348	0.00995	0.11473	0.08668	0.21686	0.11613	0.02962	0.02591	0.01036	0.00729	0.00234	0.00582	0.00830	0.17337	0.01065
15	0.02063	0.02207	0.07269	0.06280	0.09342	0.15982	0.01630	0.09535	0.15216	0.02715	0.02195	0.02926	0.01868	0.01611	0.08724	0.00374	0.01113	0.07346	0.00559	0.01044

[dist]
# distance from previous block
# <min> <max>
11	14

[block]
# block no. 15 follows, 24 sequences, length 6
# corresponding to MSA columns:
# 587-592
name=unknown_P
#
# <colnr> <probs for GDERKNQSTAVLIFYWHMCP>
#	G	D	E	R	K	N	Q	S	T	A	V	L	I	F	Y	W	H	M	C	P
0	0.24471	0.10836	0.13120	0.01698	0.06706	0.07108	0.01475	0.02492	0.04384	0.07747	0.02127	0.04631	0.05625	0.00972	0.00685	0.00243	0.00817	0.03352	0.00518	0.00995
1	0.08404	0.11157	0.07216	0.02068	0.07357	0.24316	0.01640	0.17252	0.02284	0.02866	0.01379	0.01597	0.01104	0.00864	0.00867	0.00230	0.07267	0.00579	0.00485	0.01067
2	0.14197	0.01768	0.08990	0.01565	0.02164	0.01495	0.05766	0.09866	0.04713	0.17874	0.02306	0.11429	0.01913	0.01045	0.00754	0.00240	0.00746	0.00873	0.00659	0.11636
3	0.07700	0.01295	0.01523	0.01306	0.01738	0.01287	0.01026	0.02973	0.19011	0.21669	0.16838	0.08469	0.03392	0.01210	0.00807	0.00248	0.00569	0.01019	0.00816	0.07104
4	0.01874	0.02110	0.14291	0.02059	0.07436	0.04599	0.08796	0.06587	0.01805	0.05553	0.01707	0.06384	0.01463	0.01032	0.01070	0.05710	0.06429	0.00746	0.00474	0.19876
5	0.35996	0.08466	0.07223	0.01461	0.02031	0.04178	0.03324	0.07378	0.01724	0.08587	0.01402	0.01579	0.01072	0.00810	0.00755	0.00236	0.06153	0.00538	0.00511	0.06574

[dist]
# distance from previous block
# <min> <max>
2	11

[block]
# block no. 16 follows, 24 sequences, length 8
# corresponding to MSA columns:
# 604-611
name=unknown_Q
#
# <colnr> <probs for GDERKNQSTAVLIFYWHMCP>
#	G	D	E	R	K	N	Q	S	T	A	V	L	I	F	Y	W	H	M	C	P
0	0.02510	0.12856	0.02531	0.02115	0.08838	0.31846	0.01539	0.06563	0.02040	0.06646	0.01604	0.06469	0.01423	0.00983	0.00930	0.00231	0.08710	0.00691	0.00476	0.00999
1	0.11156	0.02612	0.18253	0.06985	0.19989	0.11263	0.05379	0.06373	0.01916	0.06620	0.01516	0.01798	0.01149	0.00772	0.00742	0.00240	0.01034	0.00635	0.00450	0.01119
2	0.11753	0.04859	0.06135	0.05570	0.04913	0.07365	0.04482	0.12073	0.07128	0.02835	0.02310	0.03051	0.06093	0.08413	0.01215	0.00312	0.05063	0.04917	0.00548	0.00967
3	0.10368	0.01558	0.01681	0.06171	0.05173	0.05281	0.01188	0.17665	0.05253	0.05906	0.16856	0.03493	0.10147	0.01171	0.00792	0.00244	0.00684	0.00951	0.04431	0.00991
4	0.18489	0.01781	0.09095	0.22920	0.03151	0.01723	0.01633	0.02881	0.14707	0.13064	0.01986	0.02151	0.01429	0.00864	0.00726	0.00257	0.00825	0.00686	0.00572	0.01058
5	0.02159	0.02088	0.02109	0.02328	0.17055	0.17915	0.01475	0.14679	0.04836	0.02782	0.05047	0.05211	0.06305	0.08048	0.04200	0.00334	0.00993	0.00868	0.00559	0.01011
6	0.02063	0.02555	0.09272	0.11748	0.15257	0.20040	0.18696	0.02547	0.01887	0.02291	0.01580	0.05430	0.01333	0.00833	0.00816	0.00245	0.01192	0.00783	0.00406	0.01027
