[name]
unknown

[dist]
# distance from previous block
# <min> <max>
0	96

[block]
# block no. 0 follows, 29 sequences, length 7
# corresponding to MSA columns:
# 96-102
name=unknown_A
#
# <colnr> <probs for GDERKNQSTAVLIFYWHMCP>
#	G	D	E	R	K	N	Q	S	T	A	V	L	I	F	Y	W	H	M	C	P
0	0.01135	0.00811	0.01130	0.01274	0.01439	0.00806	0.01105	0.01464	0.01673	0.02196	0.09694	0.07790	0.04332	0.01921	0.00971	0.00319	0.00627	0.59989	0.00667	0.00657
1	0.01080	0.00627	0.00876	0.00932	0.00966	0.00604	0.00626	0.00957	0.01132	0.01489	0.02639	0.26897	0.08152	0.02336	0.01991	0.46122	0.00528	0.01165	0.00457	0.00424
2	0.01635	0.01555	0.02294	0.47573	0.18918	0.06127	0.01932	0.07556	0.01667	0.02151	0.01309	0.01814	0.01008	0.00708	0.00706	0.00226	0.00934	0.00623	0.00361	0.00903
3	0.01555	0.01468	0.02422	0.38391	0.32935	0.01643	0.02005	0.02120	0.06435	0.02122	0.01416	0.01895	0.01115	0.00697	0.00710	0.00226	0.00877	0.00646	0.00362	0.00960
4	0.02233	0.01072	0.01401	0.01200	0.01575	0.00997	0.00959	0.06577	0.04694	0.37026	0.13564	0.14484	0.03174	0.01273	0.00788	0.00241	0.00547	0.06423	0.00796	0.00979
5	0.01129	0.00830	0.01047	0.07048	0.01461	0.00805	0.00830	0.03852	0.01678	0.04729	0.15743	0.16885	0.24547	0.06173	0.01022	0.00283	0.00500	0.10122	0.00648	0.00668
6	0.09956	0.01179	0.01470	0.07254	0.01867	0.01187	0.01037	0.06099	0.08902	0.29273	0.18442	0.03121	0.02864	0.01026	0.00728	0.00228	0.00572	0.03085	0.00733	0.00976

[dist]
# distance from previous block
# <min> <max>
15	28

[block]
# block no. 1 follows, 29 sequences, length 45
# corresponding to MSA columns:
# 136-180
name=unknown_B
#
# <colnr> <probs for GDERKNQSTAVLIFYWHMCP>
#	G	D	E	R	K	N	Q	S	T	A	V	L	I	F	Y	W	H	M	C	P
0	0.11230	0.06563	0.01930	0.01499	0.01969	0.18216	0.01206	0.25237	0.12092	0.07841	0.04203	0.01833	0.01455	0.00830	0.00656	0.00209	0.00812	0.00607	0.00592	0.01022
1	0.05138	0.00960	0.01171	0.01026	0.01340	0.00893	0.00804	0.04498	0.03881	0.17302	0.30996	0.07248	0.12969	0.01304	0.00778	0.00225	0.00455	0.03232	0.00740	0.05043
2	0.02639	0.01812	0.01990	0.01531	0.02075	0.01949	0.01254	0.54644	0.03009	0.12206	0.01847	0.01919	0.01333	0.04195	0.00837	0.00232	0.00747	0.00659	0.00708	0.04416
3	0.02561	0.05616	0.01922	0.01433	0.01940	0.04533	0.01177	0.30983	0.09464	0.23131	0.07957	0.02275	0.01914	0.00907	0.00709	0.00215	0.00690	0.00714	0.00733	0.01125
4	0.03043	0.01207	0.01623	0.01261	0.01790	0.01065	0.01036	0.03401	0.05133	0.65216	0.05457	0.02548	0.01976	0.00908	0.00721	0.00221	0.00593	0.00743	0.00870	0.01187
5	0.01008	0.00728	0.00952	0.00896	0.01064	0.00672	0.00672	0.01344	0.02016	0.02855	0.70158	0.05319	0.06719	0.01456	0.00840	0.00224	0.00336	0.01288	0.00784	0.00672
6	0.02414	0.26840	0.02576	0.01634	0.02080	0.49553	0.01325	0.02612	0.01832	0.01721	0.01065	0.01238	0.00916	0.00693	0.00582	0.00173	0.01114	0.00433	0.00347	0.00854
7	0.02707	0.01995	0.02137	0.01638	0.02208	0.02208	0.01353	0.68159	0.03348	0.04488	0.01710	0.01710	0.01211	0.00855	0.00712	0.00214	0.00784	0.00641	0.00712	0.01211
8	0.01016	0.00764	0.00954	0.01050	0.01222	0.00720	0.00858	0.01258	0.01577	0.01990	0.04885	0.11575	0.27184	0.06694	0.01102	0.00319	0.00539	0.35035	0.00643	0.00617
9	0.00860	0.00650	0.00795	0.00911	0.01012	0.00585	0.00625	0.01001	0.01440	0.01849	0.04901	0.54435	0.24156	0.02104	0.00889	0.00275	0.00398	0.01870	0.00661	0.00585
10	0.00868	0.00620	0.00826	0.00991	0.01033	0.00578	0.00661	0.00991	0.01363	0.01818	0.03925	0.74510	0.04710	0.02231	0.00909	0.00289	0.00413	0.02024	0.00661	0.00578
11	0.01345	0.01266	0.02136	0.73264	0.04904	0.01582	0.01978	0.01819	0.01424	0.01819	0.01266	0.01898	0.00949	0.00712	0.00712	0.00237	0.00949	0.00633	0.00316	0.00791
12	0.02707	0.01995	0.02137	0.01638	0.02208	0.02208	0.01353	0.68159	0.03348	0.04488	0.01710	0.01710	0.01211	0.00855	0.00712	0.00214	0.00784	0.00641	0.00712	0.01211
13	0.00868	0.00620	0.00826	0.00991	0.01033	0.00578	0.00661	0.00991	0.01363	0.01818	0.03925	0.74510	0.04710	0.02231	0.00909	0.00289	0.00413	0.02024	0.00661	0.00578
14	0.01730	0.01659	0.02833	0.09639	0.65515	0.01683	0.02169	0.02157	0.01606	0.02288	0.01334	0.01773	0.01114	0.00640	0.00705	0.00213	0.00854	0.00634	0.00350	0.01102
15	0.01664	0.39281	0.37756	0.01627	0.02459	0.02231	0.01930	0.02194	0.01475	0.01967	0.01135	0.01324	0.00908	0.00643	0.00568	0.00189	0.00908	0.00454	0.00303	0.00984
16	0.01558	0.01558	0.02181	0.01869	0.01869	0.02181	0.01558	0.01714	0.01091	0.01714	0.00935	0.01558	0.00935	0.01246	0.02337	0.00312	0.73672	0.00623	0.00312	0.00779
17	0.01017	0.00763	0.01144	0.01144	0.01272	0.00890	0.00890	0.01272	0.01144	0.01653	0.01907	0.02797	0.01780	0.05340	0.72153	0.01144	0.01907	0.00763	0.00381	0.00636
18	0.00969	0.00846	0.04165	0.01127	0.01259	0.00724	0.02934	0.01230	0.04080	0.01951	0.06428	0.61061	0.04386	0.02018	0.00888	0.00281	0.00478	0.03892	0.00643	0.00640
19	0.01464	0.07470	0.64988	0.02025	0.03040	0.01722	0.05149	0.02249	0.01507	0.02225	0.01269	0.01501	0.00910	0.00670	0.00671	0.00222	0.01043	0.00531	0.00303	0.01041
20	0.00990	0.00727	0.00928	0.00877	0.01053	0.00664	0.00658	0.01310	0.01974	0.02757	0.63523	0.05481	0.13415	0.01492	0.00840	0.00226	0.00339	0.01310	0.00771	0.00664
21	0.02665	0.01828	0.02005	0.01563	0.02110	0.01991	0.01283	0.51277	0.11009	0.13787	0.02008	0.01924	0.01404	0.00872	0.00714	0.00218	0.00732	0.00671	0.00738	0.01201
22	0.01721	0.01650	0.02816	0.11191	0.64036	0.01681	0.02165	0.02149	0.01602	0.02276	0.01332	0.01776	0.01110	0.00642	0.00706	0.00214	0.00856	0.00634	0.00349	0.01095
23	0.01147	0.00820	0.01147	0.01311	0.01475	0.00820	0.01147	0.01475	0.01639	0.02131	0.03770	0.08032	0.04098	0.01967	0.00984	0.00328	0.00656	0.65741	0.00656	0.00656
24	0.02116	0.01968	0.01726	0.01512	0.01938	0.19146	0.01173	0.05802	0.40561	0.07854	0.02294	0.02186	0.01721	0.00869	0.00690	0.00216	0.00752	0.00681	0.00627	0.06169
25	0.01558	0.01221	0.01458	0.01092	0.01676	0.00944	0.00885	0.01873	0.01528	0.06790	0.01597	0.02143	0.01381	0.00683	0.00582	0.00133	0.00544	0.06462	0.00473	0.66975
26	0.01477	0.01266	0.01477	0.01055	0.01687	0.00949	0.00844	0.01793	0.01477	0.02320	0.01266	0.01477	0.01055	0.00527	0.00527	0.00105	0.00527	0.00422	0.00422	0.79328
27	0.01488	0.01275	0.01482	0.01069	0.01694	0.00980	0.00854	0.01867	0.04009	0.02345	0.01327	0.01521	0.01097	0.00544	0.00535	0.00111	0.00529	0.00436	0.00433	0.76406
28	0.01762	0.01692	0.02890	0.04371	0.70533	0.01692	0.02185	0.02185	0.01621	0.02326	0.01339	0.01762	0.01128	0.00634	0.00705	0.00211	0.00846	0.00634	0.00352	0.01128
29	0.00991	0.00727	0.00929	0.00878	0.01054	0.00665	0.00659	0.01312	0.01976	0.02762	0.63873	0.05472	0.13061	0.01490	0.00840	0.00226	0.00338	0.01309	0.00772	0.00665
30	0.05736	0.02259	0.02050	0.01647	0.02162	0.17390	0.01328	0.49179	0.05159	0.03789	0.01588	0.01626	0.01161	0.00824	0.00687	0.00208	0.00876	0.00597	0.00627	0.01107
31	0.01477	0.01266	0.01477	0.01055	0.01687	0.00949	0.00844	0.01793	0.01477	0.02320	0.01266	0.01477	0.01055	0.00527	0.00527	0.00105	0.00527	0.00422	0.00422	0.79328
32	0.01477	0.01266	0.01477	0.01055	0.01687	0.00949	0.00844	0.01793	0.01477	0.02320	0.01266	0.01477	0.01055	0.00527	0.00527	0.00105	0.00527	0.00422	0.00422	0.79328
33	0.02685	0.01918	0.02076	0.01604	0.02163	0.02108	0.01321	0.60333	0.06998	0.08699	0.01848	0.01809	0.01301	0.00863	0.00713	0.00216	0.00760	0.00655	0.00724	0.01206
34	0.01785	0.01460	0.04151	0.01194	0.01826	0.01171	0.01001	0.11903	0.01800	0.07674	0.01446	0.01582	0.01124	0.00608	0.00574	0.00135	0.00591	0.00480	0.00495	0.59000
35	0.01034	0.00697	0.00808	0.00808	0.00819	0.00708	0.00471	0.01056	0.01045	0.01404	0.02215	0.04499	0.02519	0.68975	0.09530	0.00729	0.00795	0.01012	0.00427	0.00449
36	0.01839	0.01892	0.11519	0.01555	0.02070	0.01809	0.01368	0.11589	0.51466	0.03064	0.02521	0.02376	0.01874	0.00911	0.00716	0.00236	0.00660	0.00745	0.00663	0.01127
37	0.00899	0.00724	0.00801	0.00782	0.00997	0.00626	0.00586	0.01134	0.01759	0.02247	0.29088	0.06320	0.48167	0.01683	0.00841	0.00235	0.00352	0.01428	0.00704	0.00626
38	0.00973	0.00720	0.00907	0.00874	0.01046	0.00655	0.00650	0.01271	0.01913	0.02643	0.56058	0.09812	0.16721	0.01559	0.00844	0.00231	0.00345	0.01367	0.00757	0.00655
39	0.01759	0.01694	0.02877	0.04106	0.62455	0.01703	0.05653	0.02295	0.06041	0.02366	0.01447	0.01829	0.01194	0.00654	0.00714	0.00215	0.00847	0.00657	0.00377	0.01119
40	0.80005	0.01377	0.01047	0.00936	0.01377	0.01597	0.00771	0.02093	0.01212	0.03195	0.00991	0.01157	0.00771	0.00661	0.00441	0.00220	0.00551	0.00386	0.00441	0.00771
41	0.03079	0.01397	0.01767	0.01355	0.01910	0.01321	0.01119	0.18771	0.02348	0.55288	0.02549	0.02255	0.01632	0.00875	0.00715	0.00219	0.00648	0.00698	0.00841	0.01212
42	0.00868	0.00620	0.00826	0.00991	0.01033	0.00578	0.00661	0.00991	0.01363	0.01818	0.03925	0.74510	0.04710	0.02231	0.00909	0.00289	0.00413	0.02024	0.00661	0.00578
43	0.01817	0.62296	0.16077	0.01367	0.02057	0.02605	0.01477	0.02155	0.01457	0.01781	0.01043	0.01208	0.00912	0.00622	0.00497	0.00166	0.00815	0.00407	0.00304	0.00939
44	0.36441	0.01640	0.01671	0.01373	0.01816	0.04688	0.04833	0.19492	0.04939	0.05093	0.01628	0.01748	0.04214	0.00831	0.00735	0.00227	0.06600	0.00580	0.00529	0.00920

[dist]
# distance from previous block
# <min> <max>
0	1

[block]
# block no. 2 follows, 29 sequences, length 11
# corresponding to MSA columns:
# 182-192
name=unknown_C
#
# <colnr> <probs for GDERKNQSTAVLIFYWHMCP>
#	G	D	E	R	K	N	Q	S	T	A	V	L	I	F	Y	W	H	M	C	P
0	0.19336	0.05735	0.05292	0.01488	0.01885	0.17485	0.01238	0.05476	0.19423	0.02525	0.01584	0.01717	0.01255	0.00972	0.02928	0.00252	0.09445	0.00569	0.00480	0.00914
1	0.74114	0.01424	0.01130	0.00990	0.01440	0.01644	0.00816	0.07128	0.01375	0.03293	0.01046	0.01199	0.00805	0.00676	0.00461	0.00220	0.00569	0.00405	0.00461	0.00805
2	0.01896	0.01252	0.01519	0.01106	0.01719	0.00973	0.00893	0.02202	0.01614	0.19083	0.01642	0.01708	0.01227	0.00614	0.00573	0.00133	0.00547	0.00494	0.00534	0.60270
3	0.01157	0.00761	0.01000	0.00921	0.01115	0.00698	0.00698	0.01489	0.02017	0.07519	0.65550	0.05121	0.06380	0.01416	0.00831	0.00224	0.00354	0.01249	0.00791	0.00709
4	0.00868	0.00620	0.00826	0.00991	0.01033	0.00578	0.00661	0.00991	0.01363	0.01818	0.03925	0.74510	0.04710	0.02231	0.00909	0.00289	0.00413	0.02024	0.00661	0.00578
5	0.01695	0.01643	0.02583	0.19344	0.39461	0.04059	0.05867	0.02363	0.11410	0.02284	0.01547	0.01916	0.01229	0.00701	0.00715	0.00222	0.00864	0.00665	0.00399	0.01032
6	0.07369	0.01394	0.02266	0.48502	0.23054	0.01614	0.01945	0.01943	0.01463	0.02065	0.01266	0.01805	0.00986	0.00686	0.00690	0.00229	0.00890	0.00615	0.00336	0.00884
7	0.02116	0.01743	0.01753	0.01491	0.01929	0.06485	0.01188	0.26480	0.34960	0.03387	0.02352	0.02414	0.01793	0.00938	0.00710	0.00226	0.00679	0.02962	0.05301	0.01093
8	0.01117	0.00881	0.01190	0.01138	0.01260	0.01016	0.00868	0.01436	0.05315	0.01881	0.11758	0.03449	0.05502	0.13911	0.37058	0.00763	0.09439	0.00895	0.00470	0.00655
9	0.65600	0.01489	0.01286	0.06615	0.05757	0.05148	0.00975	0.02116	0.01292	0.02967	0.01038	0.01255	0.00813	0.00667	0.00487	0.00219	0.00635	0.00422	0.00422	0.00796
10	0.02273	0.24758	0.06035	0.01838	0.07465	0.37724	0.01445	0.04661	0.04106	0.01923	0.01175	0.01350	0.00984	0.00698	0.00598	0.00181	0.01041	0.00470	0.00367	0.00909

[dist]
# distance from previous block
# <min> <max>
0	1

[block]
# block no. 3 follows, 29 sequences, length 12
# corresponding to MSA columns:
# 194-205
name=unknown_D
#
# <colnr> <probs for GDERKNQSTAVLIFYWHMCP>
#	G	D	E	R	K	N	Q	S	T	A	V	L	I	F	Y	W	H	M	C	P
0	0.01428	0.03683	0.71286	0.02030	0.03082	0.01654	0.02631	0.02255	0.01503	0.02255	0.01278	0.01503	0.00902	0.00677	0.00677	0.00226	0.01052	0.00526	0.00301	0.01052
1	0.01457	0.03480	0.63536	0.02142	0.03156	0.01671	0.10177	0.02258	0.01524	0.02258	0.01297	0.01552	0.00923	0.00668	0.00695	0.00227	0.01069	0.00562	0.00308	0.01042
2	0.00874	0.00723	0.00766	0.00755	0.00981	0.00615	0.00566	0.01084	0.01699	0.02103	0.19334	0.06557	0.58012	0.01736	0.00841	0.00237	0.00356	0.01461	0.00685	0.00615
3	0.05708	0.02176	0.02019	0.01627	0.02138	0.14771	0.01311	0.47252	0.09628	0.03789	0.01690	0.01705	0.01237	0.00836	0.00690	0.00211	0.00843	0.00614	0.00640	0.01115
4	0.00872	0.00701	0.00778	0.00804	0.00992	0.00607	0.00586	0.01064	0.01628	0.02042	0.16004	0.20722	0.47023	0.01840	0.00855	0.00248	0.00368	0.01579	0.00680	0.00607
5	0.01870	0.01325	0.01551	0.01311	0.01633	0.01458	0.01028	0.31514	0.02156	0.05648	0.01910	0.02604	0.01658	0.14829	0.25556	0.00611	0.01144	0.00752	0.00559	0.00884
6	0.01008	0.00728	0.00952	0.00896	0.01064	0.00672	0.00672	0.01344	0.02016	0.02855	0.70158	0.05319	0.06719	0.01456	0.00840	0.00224	0.00336	0.01288	0.00784	0.00672
7	0.01219	0.00902	0.01201	0.01327	0.01519	0.00930	0.01145	0.01742	0.09450	0.02229	0.03669	0.07411	0.03876	0.01851	0.00954	0.00318	0.00645	0.58239	0.00664	0.00710
8	0.01345	0.01266	0.02136	0.73264	0.04904	0.01582	0.01978	0.01819	0.01424	0.01819	0.01266	0.01898	0.00949	0.00712	0.00712	0.00237	0.00949	0.00633	0.00316	0.00791
9	0.00899	0.00642	0.00862	0.01027	0.01082	0.00605	0.00715	0.01046	0.01394	0.01853	0.03907	0.67085	0.04641	0.02201	0.00917	0.00294	0.00440	0.09141	0.00660	0.00587
10	0.11546	0.01243	0.01503	0.01220	0.01676	0.01205	0.00986	0.10806	0.04641	0.39954	0.10069	0.07606	0.02358	0.01015	0.00712	0.00226	0.00576	0.00828	0.00777	0.01053
11	0.02515	0.07596	0.02110	0.01730	0.02082	0.48688	0.01352	0.02709	0.01848	0.10214	0.01278	0.01454	0.01023	0.00818	0.00885	0.00205	0.11695	0.00509	0.00418	0.00872

[dist]
# distance from previous block
# <min> <max>
4	14

[block]
# block no. 4 follows, 29 sequences, length 46
# corresponding to MSA columns:
# 220-265
name=unknown_E
#
# <colnr> <probs for GDERKNQSTAVLIFYWHMCP>
#	G	D	E	R	K	N	Q	S	T	A	V	L	I	F	Y	W	H	M	C	P
0	0.04038	0.43782	0.25090	0.01494	0.02229	0.04740	0.01654	0.02269	0.01511	0.05723	0.01186	0.01334	0.00953	0.00652	0.00547	0.00182	0.00858	0.00449	0.00341	0.00967
1	0.17382	0.51883	0.03003	0.01221	0.01785	0.04830	0.01148	0.08034	0.01589	0.02228	0.01058	0.01200	0.00912	0.00645	0.00483	0.00172	0.00739	0.00408	0.00370	0.00909
2	0.43403	0.14850	0.05183	0.01170	0.01693	0.03943	0.01046	0.07872	0.01579	0.11664	0.01303	0.01385	0.00972	0.00699	0.00520	0.00207	0.00662	0.00458	0.00487	0.00906
3	0.00920	0.00768	0.00812	0.00816	0.01054	0.00679	0.00629	0.01206	0.04798	0.02033	0.09533	0.06695	0.58238	0.01763	0.00849	0.00248	0.00396	0.07261	0.00669	0.00634
4	0.02563	0.12654	0.02238	0.01755	0.02153	0.63205	0.01356	0.02752	0.01944	0.01734	0.01086	0.01266	0.00917	0.00718	0.00618	0.00179	0.01217	0.00449	0.00359	0.00837
5	0.01681	0.01921	0.04202	0.03001	0.03721	0.01801	0.67947	0.02281	0.01681	0.02281	0.01441	0.01921	0.01080	0.00600	0.00840	0.00240	0.01200	0.00840	0.00360	0.00960
6	0.00868	0.00620	0.00826	0.00991	0.01033	0.00578	0.00661	0.00991	0.01363	0.01818	0.03925	0.74510	0.04710	0.02231	0.00909	0.00289	0.00413	0.02024	0.00661	0.00578
7	0.01036	0.00690	0.00777	0.00777	0.00777	0.00690	0.00431	0.01036	0.01036	0.01381	0.02244	0.04660	0.02589	0.74975	0.03624	0.00690	0.00690	0.01036	0.00431	0.00431
8	0.00878	0.00650	0.00821	0.00931	0.01023	0.00593	0.00640	0.01036	0.01484	0.01953	0.11915	0.54370	0.16968	0.02066	0.00889	0.00273	0.00395	0.01846	0.00675	0.00593
9	0.01558	0.01558	0.02181	0.01869	0.01869	0.02181	0.01558	0.01714	0.01091	0.01714	0.00935	0.01558	0.00935	0.01246	0.02337	0.00312	0.73672	0.00623	0.00312	0.00779
10	0.01104	0.00751	0.00971	0.00902	0.01094	0.00686	0.00682	0.01427	0.01991	0.06147	0.62656	0.05279	0.10702	0.01451	0.00834	0.00225	0.00351	0.01274	0.00780	0.00694
11	0.02098	0.55422	0.06372	0.01343	0.01965	0.02463	0.03296	0.06708	0.01660	0.10953	0.01302	0.01387	0.01049	0.00664	0.00529	0.00171	0.00769	0.00462	0.00408	0.00980
12	0.00973	0.00730	0.00904	0.00871	0.01057	0.00661	0.00661	0.01270	0.01902	0.02594	0.51712	0.05817	0.22240	0.01564	0.00847	0.00233	0.00356	0.04206	0.00748	0.00654
13	0.02586	0.01825	0.01996	0.01551	0.02073	0.01999	0.01269	0.57625	0.03052	0.08734	0.01818	0.01945	0.01338	0.04517	0.04062	0.00278	0.00818	0.00670	0.00696	0.01149
14	0.01762	0.01692	0.02890	0.04371	0.70533	0.01692	0.02185	0.02185	0.01621	0.02326	0.01339	0.01762	0.01128	0.00634	0.00705	0.00211	0.00846	0.00634	0.00352	0.01128
15	0.01484	0.01288	0.01569	0.01121	0.01757	0.00978	0.03128	0.01810	0.01484	0.02319	0.01272	0.01492	0.01056	0.00530	0.00538	0.00110	0.00550	0.00436	0.00420	0.76660
16	0.49551	0.01988	0.06505	0.01275	0.01766	0.14060	0.01097	0.11763	0.01683	0.03058	0.01135	0.01284	0.00870	0.00703	0.00532	0.00213	0.00750	0.00446	0.00457	0.00865
17	0.01587	0.01938	0.09519	0.02716	0.03397	0.01668	0.54953	0.02167	0.01649	0.02248	0.01694	0.05557	0.01429	0.00771	0.00839	0.00247	0.01116	0.05186	0.00388	0.00931
18	0.01917	0.10432	0.10966	0.02930	0.32381	0.01771	0.09374	0.05532	0.04084	0.09509	0.01526	0.01768	0.01176	0.00678	0.00686	0.00209	0.00855	0.00625	0.00429	0.03155
19	0.01677	0.27043	0.30978	0.02076	0.13652	0.05132	0.01924	0.02169	0.01504	0.02008	0.01232	0.01572	0.01027	0.04305	0.00752	0.00220	0.00914	0.00518	0.00320	0.00978
20	0.02608	0.01891	0.02045	0.01583	0.02127	0.02080	0.01302	0.60580	0.05454	0.06546	0.05153	0.01942	0.01532	0.00889	0.00719	0.00215	0.00748	0.00681	0.00722	0.01182
21	0.00886	0.00633	0.00848	0.01013	0.01062	0.00594	0.00693	0.01024	0.01382	0.01839	0.03914	0.70087	0.04669	0.02213	0.00914	0.00292	0.00429	0.06264	0.00661	0.00584
22	0.01440	0.01430	0.01912	0.01674	0.01740	0.04550	0.03538	0.01609	0.01234	0.01768	0.01958	0.12778	0.07674	0.01399	0.01876	0.00295	0.51077	0.00909	0.00398	0.00741
23	0.01029	0.00688	0.00779	0.00785	0.00787	0.00686	0.00440	0.01034	0.01048	0.01398	0.02310	0.07400	0.02672	0.72121	0.03518	0.00675	0.00679	0.01074	0.00440	0.00437
24	0.00868	0.00620	0.00826	0.00991	0.01033	0.00578	0.00661	0.00991	0.01363	0.01818	0.03925	0.74510	0.04710	0.02231	0.00909	0.00289	0.00413	0.02024	0.00661	0.00578
25	0.01327	0.00664	0.00664	0.00664	0.00830	0.00664	0.00498	0.01659	0.01493	0.02655	0.02323	0.02655	0.01825	0.00830	0.00498	0.00166	0.00332	0.00664	0.78928	0.00664
26	0.75777	0.01368	0.01080	0.00955	0.01401	0.01567	0.00786	0.02169	0.01257	0.06929	0.01092	0.01226	0.00826	0.00673	0.00456	0.00220	0.00554	0.00404	0.00465	0.00795
27	0.00868	0.00620	0.00826	0.00991	0.01033	0.00578	0.00661	0.00991	0.01363	0.01818	0.03925	0.74510	0.04710	0.02231	0.00909	0.00289	0.00413	0.02024	0.00661	0.00578
28	0.01017	0.00763	0.01144	0.01144	0.01272	0.00890	0.00890	0.01272	0.01144	0.01653	0.01907	0.02797	0.01780	0.05340	0.72153	0.01144	0.01907	0.00763	0.00381	0.00636
29	0.01470	0.01577	0.10454	0.01180	0.01867	0.01040	0.01074	0.01852	0.01480	0.02312	0.01267	0.01480	0.01035	0.00547	0.00547	0.00121	0.00595	0.00435	0.00406	0.69262
30	0.01904	0.75404	0.03731	0.01218	0.01828	0.02818	0.01218	0.02132	0.01447	0.01675	0.00990	0.01142	0.00914	0.00609	0.00457	0.00152	0.00761	0.00381	0.00305	0.00914
31	0.03195	0.01212	0.01652	0.01267	0.01818	0.01047	0.01047	0.03470	0.02038	0.71026	0.02809	0.02424	0.01763	0.00881	0.00716	0.00220	0.00606	0.00716	0.00881	0.01212
32	0.00874	0.00625	0.00832	0.00987	0.01034	0.00583	0.00662	0.01008	0.01394	0.01867	0.07091	0.71202	0.04806	0.02194	0.00906	0.00286	0.00409	0.01989	0.00667	0.00583
33	0.80005	0.01377	0.01047	0.00936	0.01377	0.01597	0.00771	0.02093	0.01212	0.03195	0.00991	0.01157	0.00771	0.00661	0.00441	0.00220	0.00551	0.00386	0.00441	0.00771
34	0.00842	0.00721	0.00721	0.00721	0.00962	0.00601	0.00541	0.01022	0.01623	0.01924	0.07213	0.06853	0.70244	0.01803	0.00842	0.00240	0.00361	0.01503	0.00661	0.00601
35	0.01558	0.01558	0.02181	0.01869	0.01869	0.02181	0.01558	0.01714	0.01091	0.01714	0.00935	0.01558	0.00935	0.01246	0.02337	0.00312	0.73672	0.00623	0.00312	0.00779
36	0.02707	0.01995	0.02137	0.01638	0.02208	0.02208	0.01353	0.68159	0.03348	0.04488	0.01710	0.01710	0.01211	0.00855	0.00712	0.00214	0.00784	0.00641	0.00712	0.01211
37	0.00993	0.00727	0.00932	0.00881	0.01055	0.00666	0.00660	0.01316	0.01981	0.02774	0.64679	0.05453	0.12248	0.01486	0.00840	0.00225	0.00338	0.01306	0.00773	0.00666
38	0.02739	0.01942	0.02105	0.01614	0.02182	0.02131	0.01333	0.63855	0.03261	0.08915	0.01783	0.01757	0.01248	0.00857	0.00713	0.00214	0.00772	0.00646	0.00724	0.01211
39	0.01061	0.00758	0.01048	0.01212	0.01338	0.00745	0.00997	0.01326	0.01554	0.02034	0.03818	0.28604	0.04287	0.02049	0.00960	0.00316	0.00581	0.46023	0.00657	0.00632
40	0.01345	0.01266	0.02136	0.73264	0.04904	0.01582	0.01978	0.01819	0.01424	0.01819	0.01266	0.01898	0.00949	0.00712	0.00712	0.00237	0.00949	0.00633	0.00316	0.00791
41	0.01661	0.01343	0.01612	0.05137	0.01926	0.01173	0.00999	0.07149	0.03638	0.05738	0.01406	0.01602	0.01122	0.00629	0.00656	0.00141	0.04174	0.00486	0.00464	0.58944
42	0.01768	0.01720	0.02756	0.04090	0.63694	0.04775	0.02092	0.02175	0.01640	0.02290	0.01463	0.02086	0.01282	0.00712	0.00717	0.00217	0.00855	0.04210	0.00370	0.01088
43	0.04544	0.03715	0.01475	0.01248	0.01566	0.04701	0.00970	0.12593	0.05202	0.18068	0.03000	0.27386	0.06629	0.01395	0.00837	0.00245	0.03692	0.01170	0.00674	0.00890
44	0.01583	0.09626	0.53259	0.02042	0.02986	0.01809	0.09760	0.06633	0.01641	0.02356	0.01300	0.01532	0.00944	0.00674	0.00678	0.00220	0.01026	0.00556	0.00335	0.01040
45	0.02271	0.19602	0.02302	0.01416	0.01956	0.04482	0.01199	0.23818	0.16405	0.10678	0.01852	0.01818	0.01381	0.00791	0.00636	0.00196	0.00709	0.00597	0.00600	0.07291

[dist]
# distance from previous block
# <min> <max>
2	5

[block]
# block no. 5 follows, 29 sequences, length 66
# corresponding to MSA columns:
# 271-336
name=unknown_F
#
# <colnr> <probs for GDERKNQSTAVLIFYWHMCP>
#	G	D	E	R	K	N	Q	S	T	A	V	L	I	F	Y	W	H	M	C	P
0	0.01196	0.03401	0.01170	0.03963	0.01377	0.00937	0.00820	0.10377	0.01771	0.02360	0.14558	0.41925	0.09884	0.01761	0.00841	0.00257	0.00480	0.01556	0.00662	0.00703
1	0.03932	0.15062	0.15521	0.01278	0.01758	0.01382	0.01250	0.04564	0.01704	0.10102	0.14215	0.12988	0.07356	0.01193	0.00724	0.00226	0.00642	0.04679	0.00566	0.00859
2	0.01345	0.21033	0.01735	0.01017	0.01324	0.01308	0.00843	0.04236	0.01802	0.04212	0.33067	0.12007	0.10835	0.01309	0.00736	0.00213	0.00488	0.01106	0.00627	0.00756
3	0.04613	0.01311	0.01579	0.01142	0.01765	0.01044	0.03143	0.03828	0.01551	0.05186	0.01336	0.01524	0.01078	0.00559	0.00548	0.00122	0.00562	0.00453	0.00448	0.68209
4	0.02252	0.01741	0.01864	0.01609	0.04255	0.04747	0.01244	0.32941	0.24953	0.07368	0.02227	0.05026	0.01710	0.01104	0.03393	0.00260	0.00750	0.00753	0.00685	0.01117
5	0.04867	0.01944	0.02793	0.09679	0.19745	0.11869	0.20456	0.07550	0.07506	0.04364	0.01515	0.01819	0.01166	0.00700	0.00728	0.00221	0.00973	0.00675	0.00431	0.00999
6	0.01017	0.00763	0.01144	0.01144	0.01272	0.00890	0.00890	0.01272	0.01144	0.01653	0.01907	0.02797	0.01780	0.05340	0.72153	0.01144	0.01907	0.00763	0.00381	0.00636
7	0.09034	0.02426	0.01784	0.01598	0.01996	0.35093	0.01227	0.06868	0.27744	0.02498	0.01814	0.01822	0.01402	0.00823	0.00660	0.00211	0.00916	0.00595	0.00530	0.00958
8	0.80005	0.01377	0.01047	0.00936	0.01377	0.01597	0.00771	0.02093	0.01212	0.03195	0.00991	0.01157	0.00771	0.00661	0.00441	0.00220	0.00551	0.00386	0.00441	0.00771
9	0.01477	0.01266	0.01477	0.01055	0.01687	0.00949	0.00844	0.01793	0.01477	0.02320	0.01266	0.01477	0.01055	0.00527	0.00527	0.00105	0.00527	0.00422	0.00422	0.79328
10	0.01419	0.04352	0.01457	0.08184	0.01733	0.01220	0.00991	0.13424	0.04696	0.02853	0.36259	0.08758	0.06494	0.01277	0.00844	0.00229	0.03252	0.01083	0.00672	0.00803
11	0.01036	0.00690	0.00777	0.00777	0.00777	0.00690	0.00431	0.01036	0.01036	0.01381	0.02244	0.04660	0.02589	0.74975	0.03624	0.00690	0.00690	0.01036	0.00431	0.00431
12	0.04631	0.02723	0.37808	0.02261	0.03122	0.01644	0.25746	0.02378	0.01609	0.09092	0.01477	0.01730	0.01046	0.00669	0.00730	0.00230	0.01042	0.00652	0.00385	0.01025
13	0.05180	0.49624	0.21808	0.01413	0.02116	0.02360	0.01559	0.02131	0.01475	0.01948	0.03920	0.01413	0.01144	0.00665	0.00531	0.00178	0.00813	0.00458	0.00329	0.00935
14	0.00880	0.00643	0.00814	0.00936	0.01009	0.00592	0.00631	0.01014	0.01411	0.01854	0.07268	0.57657	0.14106	0.06322	0.01052	0.00302	0.00418	0.01859	0.00653	0.00577
15	0.01933	0.72655	0.03666	0.01242	0.01842	0.05462	0.01224	0.02159	0.01469	0.01678	0.00994	0.01148	0.00914	0.00614	0.00464	0.00153	0.00781	0.00384	0.00307	0.00910
16	0.01594	0.15359	0.54730	0.01894	0.02840	0.01824	0.04545	0.02290	0.01524	0.05240	0.01304	0.01499	0.00949	0.00672	0.00648	0.00214	0.00989	0.00521	0.00329	0.01033
17	0.04890	0.01528	0.02451	0.21805	0.41448	0.01629	0.01928	0.02282	0.06748	0.06202	0.01509	0.01880	0.01183	0.00695	0.00698	0.00221	0.00826	0.00642	0.00405	0.01030
18	0.01137	0.00832	0.01115	0.01230	0.01409	0.00827	0.01052	0.01525	0.04468	0.02233	0.11405	0.07426	0.08855	0.01857	0.00947	0.00307	0.00596	0.51433	0.00673	0.00673
19	0.01369	0.01290	0.02179	0.69298	0.08682	0.01588	0.01989	0.01840	0.01435	0.01849	0.01270	0.01891	0.00960	0.00707	0.00712	0.00236	0.00943	0.00633	0.00318	0.00810
20	0.01904	0.75404	0.03731	0.01218	0.01828	0.02818	0.01218	0.02132	0.01447	0.01675	0.00990	0.01142	0.00914	0.00609	0.00457	0.00152	0.00761	0.00381	0.00305	0.00914
21	0.02741	0.01114	0.01513	0.01205	0.01675	0.00974	0.00986	0.03029	0.02019	0.56686	0.14363	0.03137	0.02701	0.01022	0.00748	0.00225	0.00562	0.03347	0.00856	0.01098
22	0.00944	0.00658	0.00797	0.00876	0.00909	0.00632	0.00547	0.01014	0.01225	0.01620	0.03330	0.38042	0.07493	0.36129	0.02171	0.00473	0.00539	0.01533	0.00554	0.00511
23	0.01558	0.01558	0.02181	0.01869	0.01869	0.02181	0.01558	0.01714	0.01091	0.01714	0.00935	0.01558	0.00935	0.01246	0.02337	0.00312	0.73672	0.00623	0.00312	0.00779
24	0.20093	0.01905	0.01830	0.05581	0.02122	0.10270	0.01246	0.32312	0.06631	0.05384	0.01517	0.01617	0.01124	0.00816	0.00725	0.00220	0.04449	0.00573	0.00572	0.01014
25	0.01024	0.00737	0.01014	0.01014	0.01096	0.00819	0.00728	0.01188	0.01106	0.01557	0.02026	0.03457	0.02066	0.29986	0.47899	0.00984	0.01477	0.00859	0.00399	0.00563
26	0.00845	0.00707	0.00736	0.00759	0.00972	0.00598	0.00558	0.01018	0.01587	0.01909	0.06760	0.16173	0.61216	0.01862	0.00851	0.00247	0.00368	0.01575	0.00661	0.00598
27	0.01446	0.09950	0.62098	0.01911	0.02878	0.01709	0.02417	0.02187	0.01492	0.02184	0.01371	0.04741	0.01074	0.00740	0.00667	0.00222	0.00998	0.00580	0.00317	0.01019
28	0.01428	0.03683	0.71286	0.02030	0.03082	0.01654	0.02631	0.02255	0.01503	0.02255	0.01278	0.01503	0.00902	0.00677	0.00677	0.00226	0.01052	0.00526	0.00301	0.01052
29	0.01345	0.01266	0.02136	0.73264	0.04904	0.01582	0.01978	0.01819	0.01424	0.01819	0.01266	0.01898	0.00949	0.00712	0.00712	0.00237	0.00949	0.00633	0.00316	0.00791
30	0.80005	0.01377	0.01047	0.00936	0.01377	0.01597	0.00771	0.02093	0.01212	0.03195	0.00991	0.01157	0.00771	0.00661	0.00441	0.00220	0.00551	0.00386	0.00441	0.00771
31	0.00948	0.00726	0.00870	0.00834	0.01027	0.00647	0.00625	0.01229	0.01875	0.02523	0.47681	0.05867	0.29403	0.01580	0.00840	0.00230	0.00345	0.01365	0.00740	0.00647
32	0.08708	0.03065	0.01923	0.01733	0.02117	0.59377	0.01313	0.05764	0.05884	0.02051	0.01223	0.01372	0.00991	0.00747	0.00634	0.00191	0.01162	0.00481	0.00409	0.00856
33	0.01523	0.17982	0.57818	0.01868	0.02832	0.01886	0.02349	0.02231	0.01492	0.02139	0.01220	0.01431	0.00904	0.00663	0.00633	0.00211	0.00994	0.00497	0.00301	0.01025
34	0.07320	0.03794	0.05146	0.01649	0.04516	0.02010	0.01352	0.50865	0.02866	0.06957	0.01774	0.05349	0.01360	0.00891	0.00697	0.00217	0.00756	0.00686	0.00659	0.01134
35	0.00868	0.00620	0.00826	0.00991	0.01033	0.00578	0.00661	0.00991	0.01363	0.01818	0.03925	0.74510	0.04710	0.02231	0.00909	0.00289	0.00413	0.02024	0.00661	0.00578
36	0.01036	0.00690	0.00777	0.00777	0.00777	0.00690	0.00431	0.01036	0.01036	0.01381	0.02244	0.04660	0.02589	0.74975	0.03624	0.00690	0.00690	0.01036	0.00431	0.00431
37	0.01582	0.01447	0.01652	0.01433	0.08521	0.05681	0.01011	0.01900	0.01526	0.02283	0.01262	0.01492	0.01053	0.00551	0.00552	0.00121	0.00608	0.00445	0.00411	0.66465
38	0.01036	0.00690	0.00777	0.00777	0.00777	0.00690	0.00431	0.01036	0.01036	0.01381	0.02244	0.04660	0.02589	0.74975	0.03624	0.00690	0.00690	0.01036	0.00431	0.00431
39	0.00868	0.00620	0.00826	0.00991	0.01033	0.00578	0.00661	0.00991	0.01363	0.01818	0.03925	0.74510	0.04710	0.02231	0.00909	0.00289	0.00413	0.02024	0.00661	0.00578
40	0.01668	0.01896	0.04122	0.05707	0.03767	0.01792	0.65406	0.02263	0.01671	0.02263	0.01434	0.01920	0.01075	0.00605	0.00835	0.00240	0.01191	0.00832	0.00358	0.00954
41	0.03195	0.01212	0.01652	0.01267	0.01818	0.01047	0.01047	0.03470	0.02038	0.71026	0.02809	0.02424	0.01763	0.00881	0.00716	0.00220	0.00606	0.00716	0.00881	0.01212
42	0.01237	0.00618	0.00928	0.00928	0.00928	0.00618	0.00618	0.00928	0.00928	0.01237	0.01237	0.02165	0.01237	0.02474	0.02783	0.79283	0.00618	0.00618	0.00309	0.00309
43	0.00875	0.00625	0.00833	0.00987	0.01034	0.00583	0.00662	0.01009	0.01396	0.01870	0.07258	0.71028	0.04811	0.02192	0.00905	0.00286	0.00409	0.01987	0.00667	0.00583
44	0.01017	0.00763	0.01144	0.01144	0.01272	0.00890	0.00890	0.01272	0.01144	0.01653	0.01907	0.02797	0.01780	0.05340	0.72153	0.01144	0.01907	0.00763	0.00381	0.00636
45	0.01001	0.00722	0.00946	0.00901	0.01062	0.00667	0.00671	0.01326	0.01983	0.02803	0.66824	0.08802	0.06618	0.01495	0.00843	0.00227	0.00340	0.01325	0.00778	0.00667
46	0.01762	0.01692	0.02890	0.04371	0.70533	0.01692	0.02185	0.02185	0.01621	0.02326	0.01339	0.01762	0.01128	0.00634	0.00705	0.00211	0.00846	0.00634	0.00352	0.01128
47	0.01820	0.62844	0.15561	0.01360	0.02047	0.02614	0.01466	0.02154	0.01457	0.01777	0.01040	0.01205	0.00912	0.00621	0.00495	0.00165	0.00812	0.00406	0.00304	0.00938
48	0.01603	0.01633	0.02174	0.01868	0.01883	0.05029	0.01550	0.01760	0.01128	0.01715	0.00941	0.01547	0.00934	0.01225	0.02268	0.00306	0.70724	0.00616	0.00314	0.00781
49	0.01345	0.01266	0.02136	0.73264	0.04904	0.01582	0.01978	0.01819	0.01424	0.01819	0.01266	0.01898	0.00949	0.00712	0.00712	0.00237	0.00949	0.00633	0.00316	0.00791
50	0.05181	0.03167	0.02041	0.01942	0.06107	0.62638	0.01401	0.05659	0.02027	0.01946	0.01138	0.01326	0.00937	0.00731	0.00642	0.00188	0.01212	0.00474	0.00384	0.00858
51	0.00868	0.00620	0.00826	0.00991	0.01033	0.00578	0.00661	0.00991	0.01363	0.01818	0.03925	0.74510	0.04710	0.02231	0.00909	0.00289	0.00413	0.02024	0.00661	0.00578
52	0.01091	0.00779	0.01082	0.01246	0.01385	0.00771	0.01048	0.01377	0.01583	0.02067	0.03802	0.21555	0.04222	0.02021	0.00968	0.00320	0.00606	0.52779	0.00657	0.00640
53	0.05899	0.01308	0.02079	0.60322	0.04328	0.01657	0.01856	0.01822	0.01371	0.01886	0.01209	0.01814	0.00937	0.00775	0.00896	0.00245	0.09868	0.00617	0.00323	0.00788
54	0.01237	0.00618	0.00928	0.00928	0.00928	0.00618	0.00618	0.00928	0.00928	0.01237	0.01237	0.02165	0.01237	0.02474	0.02783	0.79283	0.00618	0.00618	0.00309	0.00309
55	0.01036	0.00690	0.00777	0.00777	0.00777	0.00690	0.00431	0.01036	0.01036	0.01381	0.02244	0.04660	0.02589	0.74975	0.03624	0.00690	0.00690	0.01036	0.00431	0.00431
56	0.01699	0.01652	0.02891	0.13717	0.56222	0.01685	0.07378	0.02143	0.01599	0.02253	0.01337	0.01794	0.01100	0.00642	0.00717	0.00217	0.00888	0.00651	0.00348	0.01068
57	0.02199	0.01734	0.01967	0.04317	0.02175	0.01937	0.03963	0.36848	0.26346	0.03607	0.02128	0.02208	0.01605	0.04609	0.00868	0.00249	0.00725	0.00727	0.00673	0.01116
58	0.01016	0.00737	0.00964	0.00932	0.01101	0.00684	0.00715	0.01347	0.01966	0.02755	0.61666	0.05634	0.08412	0.01517	0.00854	0.00235	0.00368	0.07661	0.00767	0.00668
59	0.80005	0.01377	0.01047	0.00936	0.01377	0.01597	0.00771	0.02093	0.01212	0.03195	0.00991	0.01157	0.00771	0.00661	0.00441	0.00220	0.00551	0.00386	0.00441	0.00771
60	0.04773	0.01511	0.01740	0.01564	0.04684	0.01665	0.03847	0.19609	0.32131	0.03147	0.04746	0.09680	0.05601	0.01079	0.00742	0.00236	0.00625	0.00912	0.00673	0.01034
61	0.01022	0.00688	0.00825	0.00849	0.00878	0.00698	0.00525	0.01087	0.01117	0.01534	0.02446	0.14385	0.02758	0.52433	0.11765	0.00667	0.00789	0.01127	0.03917	0.00489
62	0.00912	0.00724	0.00819	0.00795	0.01005	0.00631	0.00596	0.01158	0.01789	0.02317	0.33768	0.06206	0.43444	0.01657	0.00841	0.00233	0.00350	0.01412	0.00713	0.00631
63	0.02257	0.09862	0.02185	0.01823	0.05065	0.40984	0.01380	0.05267	0.07502	0.01970	0.01285	0.01521	0.01080	0.00992	0.03655	0.00243	0.11128	0.00530	0.00397	0.00875
64	0.15816	0.13246	0.37908	0.01950	0.10273	0.01788	0.01969	0.02255	0.01480	0.05430	0.01260	0.01460	0.00945	0.00668	0.00607	0.00212	0.00876	0.00501	0.00358	0.00997
65	0.02073	0.04593	0.04569	0.09312	0.17861	0.18626	0.04137	0.13442	0.10706	0.02554	0.01525	0.01734	0.01190	0.00740	0.00683	0.00207	0.00919	0.00603	0.00460	0.04066

[dist]
# distance from previous block
# <min> <max>
0	22

# created by:
# /st0/software/busco_prod/Augustus/scripts/msa2prfl.pl ./align_prep/137590.fa
