[name]
unknown

[dist]
# distance from previous block
# <min> <max>
0	29

[block]
# block no. 0 follows, 30 sequences, length 47
# corresponding to MSA columns:
# 176-222
name=unknown_A
#
# <colnr> <probs for GDERKNQSTAVLIFYWHMCP>
#	G	D	E	R	K	N	Q	S	T	A	V	L	I	F	Y	W	H	M	C	P
0	0.01181	0.00867	0.01166	0.01298	0.01480	0.00889	0.01123	0.01655	0.07909	0.02165	0.03616	0.07385	0.03842	0.01837	0.00940	0.00313	0.00634	0.60365	0.00649	0.00685
1	0.46690	0.01586	0.04366	0.01345	0.06747	0.07998	0.01028	0.02301	0.01481	0.13749	0.05709	0.01659	0.01323	0.00737	0.00547	0.00212	0.00644	0.00516	0.00503	0.00861
2	0.01749	0.04856	0.02430	0.09253	0.44308	0.08928	0.01778	0.04020	0.01625	0.02217	0.01388	0.01781	0.01150	0.00834	0.03350	0.00234	0.00869	0.00601	0.07649	0.00980
3	0.02287	0.01887	0.01959	0.01573	0.02052	0.08450	0.04093	0.41870	0.15590	0.03547	0.02082	0.02153	0.04371	0.03852	0.00819	0.00233	0.00768	0.00702	0.00641	0.01070
4	0.09379	0.01677	0.08607	0.03582	0.07113	0.05000	0.01309	0.18361	0.06895	0.09795	0.03706	0.05890	0.01774	0.01082	0.00851	0.06004	0.00721	0.06757	0.00562	0.00931
5	0.18717	0.04173	0.05943	0.01191	0.01711	0.01265	0.01040	0.02817	0.06787	0.37452	0.03887	0.02066	0.01564	0.00798	0.00620	0.00208	0.00592	0.00615	0.03617	0.04937
6	0.01936	0.61526	0.07737	0.01326	0.01918	0.12135	0.01302	0.02191	0.01497	0.01687	0.01003	0.01161	0.00895	0.00618	0.00486	0.00158	0.00833	0.00392	0.00307	0.00892
7	0.01588	0.32887	0.44236	0.01667	0.02522	0.02083	0.02018	0.02161	0.01451	0.01980	0.01138	0.01330	0.00889	0.00636	0.00576	0.00192	0.00916	0.00458	0.00296	0.00976
8	0.01629	0.01539	0.02581	0.03851	0.61904	0.01532	0.01970	0.02022	0.01590	0.02242	0.01840	0.02464	0.05709	0.00784	0.00718	0.00217	0.00786	0.05197	0.00385	0.01041
9	0.00825	0.00707	0.00707	0.00707	0.00943	0.00589	0.00530	0.01001	0.01591	0.01885	0.07069	0.06716	0.70839	0.01767	0.00825	0.00236	0.00353	0.01473	0.00648	0.00589
10	0.00850	0.00607	0.00810	0.00972	0.01012	0.00567	0.00648	0.00972	0.01336	0.01781	0.03846	0.75020	0.04615	0.02186	0.00891	0.00283	0.00405	0.01984	0.00648	0.00567
11	0.08968	0.01905	0.02007	0.01550	0.02098	0.02115	0.01280	0.63374	0.03111	0.04295	0.01618	0.01631	0.01152	0.00822	0.00676	0.00210	0.00749	0.00608	0.00676	0.01152
12	0.00998	0.00742	0.01095	0.01095	0.01210	0.00858	0.00839	0.01229	0.01114	0.01600	0.01893	0.02875	0.01803	0.10391	0.67633	0.01089	0.01782	0.00767	0.00377	0.00608
13	0.02465	0.06404	0.06952	0.01859	0.04249	0.62612	0.01451	0.02697	0.01907	0.01757	0.01093	0.01281	0.00904	0.00707	0.00626	0.00182	0.01208	0.00456	0.00352	0.00837
14	0.01866	0.75896	0.03657	0.01194	0.01791	0.02761	0.01194	0.02090	0.01418	0.01642	0.00970	0.01119	0.00896	0.00597	0.00448	0.00149	0.00746	0.00373	0.00299	0.00896
15	0.00988	0.00713	0.00933	0.00878	0.01043	0.00658	0.00658	0.01317	0.01975	0.02798	0.70754	0.05213	0.06584	0.01427	0.00823	0.00219	0.00329	0.01262	0.00768	0.00658
16	0.00973	0.00713	0.00912	0.00862	0.01033	0.00652	0.00647	0.01288	0.01940	0.02714	0.64874	0.05351	0.12518	0.01458	0.00823	0.00221	0.00331	0.01281	0.00757	0.00652
17	0.00850	0.00607	0.00810	0.00972	0.01012	0.00567	0.00648	0.00972	0.01336	0.01781	0.03846	0.75020	0.04615	0.02186	0.00891	0.00283	0.00405	0.01984	0.00648	0.00567
18	0.01275	0.01182	0.01975	0.67073	0.04456	0.01460	0.01819	0.01708	0.01390	0.01783	0.01481	0.08616	0.01271	0.00835	0.00715	0.00237	0.00882	0.00746	0.00341	0.00756
19	0.01435	0.01454	0.02744	0.49276	0.07094	0.01620	0.22406	0.01936	0.01480	0.01942	0.01296	0.01862	0.00977	0.00661	0.00736	0.00232	0.01002	0.00683	0.00325	0.00839
20	0.02653	0.01955	0.02094	0.01606	0.02164	0.02164	0.01326	0.68796	0.03281	0.04398	0.01675	0.01675	0.01187	0.00838	0.00698	0.00209	0.00768	0.00628	0.00698	0.01187
21	0.01866	0.75896	0.03657	0.01194	0.01791	0.02761	0.01194	0.02090	0.01418	0.01642	0.00970	0.01119	0.00896	0.00597	0.00448	0.00149	0.00746	0.00373	0.00299	0.00896
22	0.00850	0.00607	0.00810	0.00972	0.01012	0.00567	0.00648	0.00972	0.01336	0.01781	0.03846	0.75020	0.04615	0.02186	0.00891	0.00283	0.00405	0.01984	0.00648	0.00567
23	0.01805	0.48572	0.15135	0.01395	0.02009	0.02355	0.01440	0.02290	0.07751	0.04853	0.01265	0.01397	0.01044	0.00692	0.00637	0.00183	0.05410	0.00465	0.00360	0.00943
24	0.00825	0.00707	0.00707	0.00707	0.00943	0.00589	0.00530	0.01001	0.01591	0.01885	0.07069	0.06716	0.70839	0.01767	0.00825	0.00236	0.00353	0.01473	0.00648	0.00589
25	0.00850	0.00607	0.00810	0.00972	0.01012	0.00567	0.00648	0.00972	0.01336	0.01781	0.03846	0.75020	0.04615	0.02186	0.00891	0.00283	0.00405	0.01984	0.00648	0.00567
26	0.04653	0.02315	0.02142	0.02058	0.12756	0.23825	0.01443	0.36316	0.02560	0.03207	0.01416	0.01540	0.01073	0.00763	0.00668	0.00200	0.00922	0.00565	0.00532	0.01046
27	0.65278	0.01671	0.05603	0.01071	0.01541	0.08112	0.00928	0.02118	0.01288	0.02909	0.01009	0.01178	0.00787	0.00650	0.00468	0.00209	0.00636	0.00395	0.00416	0.03733
28	0.01457	0.01273	0.01561	0.01128	0.01724	0.01008	0.02992	0.01769	0.01437	0.02247	0.01232	0.01464	0.01029	0.00549	0.00602	0.00116	0.03693	0.00435	0.00407	0.73876
29	0.01484	0.01601	0.05795	0.01318	0.01558	0.18579	0.01082	0.01752	0.01409	0.01813	0.01816	0.02346	0.04026	0.02892	0.34130	0.00627	0.06391	0.00666	0.10008	0.00706
30	0.01009	0.00698	0.00872	0.00872	0.00911	0.00737	0.00561	0.01086	0.01048	0.01435	0.02097	0.04004	0.02293	0.53814	0.24880	0.00814	0.01044	0.00932	0.00408	0.00485
31	0.00850	0.00607	0.00810	0.00972	0.01012	0.00567	0.00648	0.00972	0.01336	0.01781	0.03846	0.75020	0.04615	0.02186	0.00891	0.00283	0.00405	0.01984	0.00648	0.00567
32	0.02607	0.03326	0.01978	0.01798	0.02157	0.72674	0.01348	0.02787	0.01978	0.01708	0.01079	0.01258	0.00899	0.00719	0.00629	0.00180	0.01258	0.00449	0.00360	0.00809
33	0.01866	0.75896	0.03657	0.01194	0.01791	0.02761	0.01194	0.02090	0.01418	0.01642	0.00970	0.01119	0.00896	0.00597	0.00448	0.00149	0.00746	0.00373	0.00299	0.00896
34	0.01318	0.01240	0.02093	0.73798	0.04806	0.01550	0.01938	0.01783	0.01395	0.01783	0.01240	0.01860	0.00930	0.00698	0.00698	0.00233	0.00930	0.00620	0.00310	0.00775
35	0.00856	0.00704	0.00752	0.00749	0.00964	0.00601	0.00558	0.01058	0.01651	0.02049	0.18635	0.09112	0.56452	0.01721	0.00827	0.00235	0.00351	0.01454	0.00670	0.00601
36	0.00825	0.00707	0.00707	0.00707	0.00943	0.00589	0.00530	0.01001	0.01591	0.01885	0.07069	0.06716	0.70839	0.01767	0.00825	0.00236	0.00353	0.01473	0.00648	0.00589
37	0.01422	0.07025	0.68638	0.01951	0.02962	0.01675	0.02513	0.02204	0.01471	0.02183	0.01239	0.01457	0.00885	0.00660	0.00653	0.00218	0.01018	0.00509	0.00295	0.01025
38	0.01015	0.00677	0.00761	0.00761	0.00761	0.00677	0.00423	0.01015	0.01015	0.01353	0.02199	0.04567	0.02537	0.75476	0.03552	0.00677	0.00677	0.01015	0.00423	0.00423
39	0.00997	0.00748	0.01121	0.01121	0.01246	0.00872	0.00872	0.01246	0.01121	0.01620	0.01869	0.02741	0.01745	0.05234	0.72710	0.01121	0.01869	0.00748	0.00374	0.00623
40	0.00960	0.00653	0.00777	0.00832	0.00845	0.00640	0.00498	0.01000	0.01123	0.01497	0.02752	0.28209	0.03234	0.50882	0.02659	0.00545	0.00585	0.01340	0.00498	0.00471
41	0.02568	0.01913	0.02047	0.01588	0.02132	0.02124	0.01306	0.62785	0.09429	0.04261	0.01783	0.01761	0.01274	0.00848	0.00699	0.00212	0.00748	0.00643	0.00699	0.01179
42	0.01053	0.00828	0.01201	0.01173	0.01270	0.00993	0.00907	0.01267	0.01119	0.01617	0.01879	0.06380	0.01847	0.09507	0.55920	0.00951	0.10270	0.00813	0.00383	0.00623
43	0.00857	0.00612	0.00816	0.00967	0.01014	0.00571	0.00648	0.00988	0.01366	0.01829	0.07007	0.71722	0.04708	0.02150	0.00887	0.00280	0.00401	0.01950	0.00653	0.00571
44	0.02494	0.01879	0.02049	0.01588	0.02108	0.02093	0.01309	0.59144	0.05668	0.04078	0.01654	0.01693	0.01200	0.00852	0.00791	0.00212	0.05386	0.00624	0.00662	0.04516
45	0.02461	0.01859	0.01986	0.01567	0.02091	0.02074	0.01280	0.55159	0.17231	0.04088	0.01919	0.01870	0.01384	0.00861	0.00701	0.00215	0.00723	0.00662	0.00701	0.01170
46	0.03923	0.01067	0.01367	0.07021	0.01693	0.01127	0.05149	0.11902	0.07441	0.02698	0.12633	0.16861	0.02850	0.01160	0.00704	0.00220	0.00537	0.01011	0.19851	0.00786

[dist]
# distance from previous block
# <min> <max>
0	4

[block]
# block no. 1 follows, 30 sequences, length 20
# corresponding to MSA columns:
# 227-246
name=unknown_B
#
# <colnr> <probs for GDERKNQSTAVLIFYWHMCP>
#	G	D	E	R	K	N	Q	S	T	A	V	L	I	F	Y	W	H	M	C	P
0	0.02514	0.01855	0.01983	0.01545	0.02071	0.02057	0.01268	0.60340	0.08518	0.04193	0.01798	0.01794	0.01291	0.00845	0.00689	0.00209	0.00729	0.00642	0.04505	0.01154
1	0.01590	0.11720	0.22279	0.02023	0.06164	0.04082	0.19054	0.02145	0.03305	0.02147	0.01309	0.01595	0.01025	0.00723	0.02370	0.00212	0.00937	0.00573	0.00351	0.16398
2	0.01804	0.46120	0.10942	0.01446	0.02043	0.06745	0.05205	0.02368	0.11371	0.01960	0.03195	0.01537	0.01236	0.00685	0.00553	0.00179	0.00796	0.00504	0.00377	0.00932
3	0.00850	0.00711	0.00742	0.00743	0.00970	0.00603	0.00563	0.01045	0.01624	0.01970	0.12322	0.06632	0.62920	0.01745	0.00830	0.00237	0.00362	0.03878	0.00658	0.00597
4	0.01166	0.00849	0.01024	0.01051	0.01197	0.00847	0.00755	0.12015	0.01680	0.02227	0.05408	0.48622	0.09205	0.06490	0.01022	0.00292	0.00485	0.04355	0.00645	0.00666
5	0.00860	0.00611	0.00807	0.00960	0.00998	0.00573	0.00635	0.00974	0.01318	0.01757	0.03752	0.70972	0.04496	0.06397	0.01044	0.00306	0.00420	0.01928	0.00635	0.00559
6	0.00985	0.00734	0.00903	0.00887	0.01055	0.00678	0.00654	0.03490	0.01819	0.02473	0.42701	0.18947	0.18834	0.01622	0.00832	0.00235	0.00364	0.01423	0.00718	0.00645
7	0.01581	0.01319	0.01519	0.01097	0.01710	0.01067	0.00882	0.09187	0.01650	0.02509	0.01289	0.01472	0.01051	0.00552	0.00537	0.00115	0.00545	0.00437	0.00445	0.71035
8	0.01447	0.01240	0.01447	0.01034	0.01654	0.00930	0.00827	0.01757	0.01447	0.02274	0.01240	0.01447	0.01034	0.00517	0.00517	0.00103	0.00517	0.00413	0.00413	0.79742
9	0.02653	0.01955	0.02094	0.01606	0.02164	0.02164	0.01326	0.68796	0.03281	0.04398	0.01675	0.01675	0.01187	0.00838	0.00698	0.00209	0.00768	0.00628	0.00698	0.01187
10	0.00838	0.00707	0.00725	0.00720	0.00950	0.00595	0.00540	0.01026	0.01621	0.01958	0.12117	0.06597	0.65746	0.01740	0.00825	0.00234	0.00352	0.01456	0.00658	0.00595
11	0.02918	0.01263	0.01634	0.01282	0.01802	0.01172	0.01049	0.06195	0.11444	0.59272	0.02720	0.02377	0.01760	0.00874	0.00703	0.00219	0.00595	0.00711	0.00835	0.01176
12	0.01015	0.00677	0.00761	0.00761	0.00761	0.00677	0.00423	0.01015	0.01015	0.01353	0.02199	0.04567	0.02537	0.75476	0.03552	0.00677	0.00677	0.01015	0.00423	0.00423
13	0.01217	0.00609	0.00894	0.00894	0.00903	0.00609	0.00599	0.00951	0.00941	0.01293	0.01274	0.02149	0.01246	0.02330	0.02597	0.75053	0.00590	0.00609	0.04919	0.00323
14	0.00843	0.00706	0.00736	0.00755	0.00975	0.00599	0.00570	0.01024	0.01576	0.01890	0.06682	0.11054	0.63016	0.01802	0.00837	0.00243	0.00373	0.05081	0.00648	0.00591
15	0.01836	0.01361	0.01847	0.01863	0.11658	0.01405	0.05485	0.17088	0.10044	0.09655	0.02730	0.05508	0.05487	0.01192	0.00793	0.00249	0.00696	0.19525	0.00625	0.00953
16	0.02327	0.03129	0.12130	0.01947	0.02452	0.50785	0.09289	0.06042	0.01935	0.01979	0.01172	0.01382	0.00930	0.00702	0.00660	0.00194	0.01192	0.00511	0.00367	0.00875
17	0.01268	0.00661	0.00701	0.00701	0.00859	0.00674	0.00529	0.01585	0.01427	0.02497	0.02233	0.02617	0.01784	0.01285	0.08200	0.00265	0.00490	0.00661	0.70916	0.00647
18	0.01515	0.01258	0.01458	0.01083	0.01652	0.01019	0.00860	0.08098	0.01613	0.02438	0.01488	0.07301	0.01332	0.00680	0.00564	0.00128	0.00532	0.00558	0.00459	0.65963
19	0.01733	0.54831	0.02927	0.01128	0.01621	0.02189	0.01064	0.01977	0.01555	0.05723	0.14709	0.04293	0.02162	0.00822	0.00548	0.00171	0.00646	0.00614	0.00432	0.00855

[dist]
# distance from previous block
# <min> <max>
0	1

[block]
# block no. 2 follows, 30 sequences, length 17
# corresponding to MSA columns:
# 248-264
name=unknown_C
#
# <colnr> <probs for GDERKNQSTAVLIFYWHMCP>
#	G	D	E	R	K	N	Q	S	T	A	V	L	I	F	Y	W	H	M	C	P
0	0.06517	0.12709	0.43074	0.01730	0.02561	0.01696	0.04767	0.02407	0.03891	0.12155	0.01474	0.01590	0.01049	0.00689	0.00634	0.00211	0.00890	0.00537	0.00402	0.01017
1	0.11869	0.01714	0.01830	0.01452	0.01949	0.01899	0.01191	0.48254	0.06038	0.07436	0.01721	0.01785	0.01258	0.01205	0.06942	0.00291	0.00817	0.00620	0.00647	0.01082
2	0.00878	0.00625	0.00830	0.00975	0.01026	0.00588	0.00664	0.01015	0.01367	0.01828	0.06937	0.65300	0.04591	0.05167	0.01001	0.00299	0.00425	0.05271	0.00644	0.00569
3	0.05756	0.01689	0.02541	0.10111	0.51629	0.04871	0.01928	0.05952	0.04517	0.02397	0.01363	0.01722	0.01110	0.00660	0.00677	0.00210	0.00828	0.00609	0.00382	0.01049
4	0.05387	0.59880	0.08594	0.01293	0.01885	0.02562	0.01302	0.05349	0.01487	0.01889	0.01024	0.01194	0.00904	0.00646	0.00563	0.00168	0.04236	0.00408	0.00324	0.00908
5	0.01015	0.00677	0.00761	0.00761	0.00761	0.00677	0.00423	0.01015	0.01015	0.01353	0.02199	0.04567	0.02537	0.75476	0.03552	0.00677	0.00677	0.01015	0.00423	0.00423
6	0.00934	0.00695	0.00885	0.00984	0.01115	0.00646	0.00749	0.01147	0.01544	0.02012	0.12839	0.33295	0.19529	0.01930	0.00887	0.00275	0.00447	0.18824	0.00661	0.00603
7	0.01521	0.09762	0.48135	0.02423	0.16409	0.01741	0.06082	0.02187	0.01501	0.02173	0.01247	0.01514	0.00939	0.00645	0.00658	0.00212	0.00973	0.00541	0.00308	0.01028
8	0.01447	0.01240	0.01447	0.01034	0.01654	0.00930	0.00827	0.01757	0.01447	0.02274	0.01240	0.01447	0.01034	0.00517	0.00517	0.00103	0.00517	0.00413	0.00413	0.79742
9	0.00861	0.00612	0.00806	0.00958	0.00995	0.00574	0.00633	0.00975	0.01314	0.01753	0.03736	0.70289	0.04476	0.07108	0.01069	0.00310	0.00423	0.01919	0.00633	0.00557
10	0.01772	0.04253	0.02418	0.10885	0.18227	0.16235	0.06357	0.02062	0.01464	0.01871	0.01141	0.01603	0.00990	0.00966	0.03168	0.00261	0.24537	0.00593	0.00331	0.00865
11	0.00882	0.00614	0.00799	0.00943	0.00986	0.00578	0.00625	0.01005	0.01320	0.01791	0.03663	0.66941	0.04345	0.07044	0.01051	0.00304	0.00419	0.01857	0.04272	0.00561
12	0.05379	0.01444	0.01603	0.08310	0.02022	0.04395	0.01064	0.19576	0.01927	0.02743	0.01675	0.11062	0.01510	0.00851	0.00632	0.00176	0.00643	0.00694	0.00508	0.33786
13	0.04294	0.38430	0.13065	0.12322	0.02486	0.02199	0.03451	0.05866	0.01540	0.05398	0.01189	0.01416	0.00957	0.00678	0.00637	0.00191	0.04120	0.00485	0.00356	0.00919
14	0.01666	0.01559	0.02567	0.16436	0.52369	0.01621	0.01990	0.05744	0.01649	0.02292	0.01568	0.01963	0.04085	0.00697	0.00698	0.00213	0.00823	0.00659	0.00372	0.01028
15	0.01926	0.19983	0.02908	0.02946	0.38314	0.03846	0.05470	0.02346	0.04426	0.09248	0.01438	0.01676	0.01151	0.00655	0.00639	0.00196	0.00804	0.00582	0.00403	0.01045
16	0.00886	0.00779	0.04776	0.01025	0.01125	0.00629	0.00756	0.01054	0.01369	0.01846	0.06353	0.68153	0.04485	0.02071	0.00875	0.00277	0.00437	0.01873	0.00633	0.00596

[dist]
# distance from previous block
# <min> <max>
0	4

[block]
# block no. 3 follows, 30 sequences, length 34
# corresponding to MSA columns:
# 269-302
name=unknown_D
#
# <colnr> <probs for GDERKNQSTAVLIFYWHMCP>
#	G	D	E	R	K	N	Q	S	T	A	V	L	I	F	Y	W	H	M	C	P
0	0.00928	0.00707	0.00853	0.00825	0.01008	0.00632	0.00615	0.01198	0.01822	0.02454	0.46867	0.08508	0.27905	0.01570	0.00826	0.00227	0.00340	0.01361	0.00723	0.00632
1	0.02607	0.03326	0.01978	0.01798	0.02157	0.72674	0.01348	0.02787	0.01978	0.01708	0.01079	0.01258	0.00899	0.00719	0.00629	0.00180	0.01258	0.00449	0.00360	0.00809
2	0.02057	0.57205	0.03224	0.01350	0.01885	0.20767	0.01234	0.02269	0.01562	0.01659	0.00998	0.01155	0.00896	0.00628	0.00494	0.00157	0.00878	0.00393	0.00314	0.00873
3	0.02609	0.03248	0.01984	0.01787	0.02158	0.68687	0.01347	0.06519	0.02051	0.01860	0.01112	0.01282	0.00915	0.00726	0.00633	0.00181	0.01231	0.00460	0.00379	0.00830
4	0.01764	0.39039	0.08049	0.01267	0.01793	0.02089	0.01202	0.14331	0.03846	0.02276	0.02093	0.09207	0.08549	0.00936	0.00602	0.00191	0.00692	0.00717	0.00456	0.00902
5	0.02035	0.59348	0.03274	0.01332	0.01875	0.18703	0.01229	0.02248	0.01546	0.01657	0.00995	0.01151	0.00896	0.00625	0.00489	0.00156	0.00863	0.00391	0.00312	0.00876
6	0.01019	0.00749	0.00971	0.00910	0.01100	0.00679	0.00689	0.01337	0.01894	0.02686	0.60065	0.08294	0.06002	0.01419	0.00811	0.00219	0.00359	0.03928	0.00733	0.06138
7	0.05692	0.06452	0.15011	0.01461	0.02003	0.05840	0.01381	0.24086	0.07649	0.06066	0.01841	0.02204	0.01446	0.00857	0.00654	0.00211	0.00746	0.05152	0.10262	0.00987
8	0.01218	0.01191	0.08251	0.05894	0.09042	0.00984	0.03392	0.01600	0.03469	0.04583	0.15430	0.21498	0.08238	0.01445	0.00816	0.00252	0.00596	0.10761	0.00582	0.00759
9	0.02949	0.01163	0.01574	0.01214	0.01735	0.01001	0.00998	0.03224	0.01976	0.65217	0.06544	0.02502	0.01977	0.00883	0.00702	0.00212	0.00576	0.00723	0.00842	0.03988
10	0.06661	0.06855	0.63959	0.01881	0.02852	0.01671	0.02392	0.02194	0.01452	0.02244	0.01220	0.01434	0.00876	0.00659	0.00638	0.00217	0.00985	0.00500	0.00304	0.01007
11	0.75046	0.01338	0.01067	0.00940	0.01379	0.01528	0.00774	0.02145	0.01244	0.07880	0.01095	0.01220	0.00823	0.00663	0.00451	0.00216	0.00544	0.00400	0.00462	0.00786
12	0.80405	0.01350	0.01026	0.00918	0.01350	0.01565	0.00756	0.02051	0.01188	0.03131	0.00972	0.01134	0.00756	0.00648	0.00432	0.00216	0.00540	0.00378	0.00432	0.00756
13	0.02265	0.01806	0.01826	0.01502	0.01945	0.07673	0.01197	0.45499	0.10305	0.03603	0.02095	0.13201	0.01804	0.01051	0.00724	0.00222	0.00727	0.00843	0.00664	0.01050
14	0.01527	0.01527	0.02137	0.01832	0.01832	0.02137	0.01527	0.01679	0.01069	0.01679	0.00916	0.01527	0.00916	0.01221	0.02290	0.00305	0.74198	0.00611	0.00305	0.00763
15	0.01212	0.00606	0.00909	0.00909	0.00909	0.00606	0.00606	0.00909	0.00909	0.01212	0.01212	0.02121	0.01212	0.02424	0.02727	0.79697	0.00606	0.00606	0.00303	0.00303
16	0.02653	0.01955	0.02094	0.01606	0.02164	0.02164	0.01326	0.68796	0.03281	0.04398	0.01675	0.01675	0.01187	0.00838	0.00698	0.00209	0.00768	0.00628	0.00698	0.01187
17	0.00850	0.00607	0.00810	0.00972	0.01012	0.00567	0.00648	0.00972	0.01336	0.01781	0.03846	0.75020	0.04615	0.02186	0.00891	0.00283	0.00405	0.01984	0.00648	0.00567
18	0.00857	0.00618	0.00813	0.00955	0.01011	0.00573	0.00644	0.00994	0.01385	0.01847	0.08000	0.68004	0.07469	0.02123	0.00884	0.00278	0.00398	0.01919	0.00655	0.00573
19	0.02238	0.00985	0.01328	0.01098	0.01475	0.00868	0.00874	0.02518	0.01944	0.43178	0.26138	0.08386	0.03593	0.01148	0.00756	0.00222	0.00490	0.00983	0.00816	0.00963
20	0.01006	0.00710	0.00933	0.00933	0.00992	0.00770	0.00637	0.01125	0.01066	0.01480	0.02042	0.03698	0.02160	0.42047	0.36465	0.00888	0.01244	0.00888	0.00400	0.00518
21	0.01298	0.12090	0.27444	0.01430	0.01945	0.01423	0.01522	0.01740	0.01304	0.01885	0.01528	0.02089	0.01324	0.05650	0.27117	0.00560	0.03488	0.00613	0.04744	0.00807
22	0.01449	0.01486	0.04603	0.53591	0.16518	0.03798	0.04918	0.01913	0.01462	0.01904	0.01256	0.01806	0.00965	0.00679	0.00699	0.00226	0.00936	0.00621	0.00319	0.00851
23	0.02126	0.14126	0.13594	0.01886	0.08208	0.27929	0.01562	0.10268	0.09629	0.02277	0.01379	0.01513	0.01087	0.00722	0.00629	0.00194	0.00968	0.00523	0.00417	0.00961
24	0.05915	0.01330	0.01666	0.01418	0.04841	0.01298	0.01103	0.12780	0.09280	0.43979	0.02486	0.02420	0.01707	0.00885	0.00693	0.00219	0.00616	0.03021	0.03223	0.01121
25	0.02548	0.03146	0.02042	0.01961	0.06941	0.64437	0.01402	0.05842	0.02012	0.01874	0.01123	0.01311	0.00927	0.00718	0.00637	0.00183	0.01206	0.00470	0.00374	0.00847
26	0.01277	0.00959	0.01235	0.01186	0.03527	0.00955	0.02689	0.06312	0.10256	0.04809	0.35629	0.14876	0.08679	0.01409	0.00807	0.00234	0.00456	0.03230	0.00705	0.00770
27	0.01030	0.00678	0.00772	0.00772	0.00786	0.00684	0.00447	0.01060	0.01045	0.01436	0.02188	0.04371	0.02458	0.68001	0.06581	0.00668	0.00712	0.00982	0.04884	0.00445
28	0.00992	0.00710	0.00917	0.00871	0.01013	0.00668	0.00635	0.01275	0.01819	0.02567	0.59330	0.05040	0.05882	0.11254	0.03739	0.00311	0.00429	0.01211	0.00709	0.00626
29	0.01527	0.01527	0.02137	0.01832	0.01832	0.02137	0.01527	0.01679	0.01069	0.01679	0.00916	0.01527	0.00916	0.01221	0.02290	0.00305	0.74198	0.00611	0.00305	0.00763
30	0.01527	0.01527	0.02137	0.01832	0.01832	0.02137	0.01527	0.01679	0.01069	0.01679	0.00916	0.01527	0.00916	0.01221	0.02290	0.00305	0.74198	0.00611	0.00305	0.00763
31	0.01866	0.75896	0.03657	0.01194	0.01791	0.02761	0.01194	0.02090	0.01418	0.01642	0.00970	0.01119	0.00896	0.00597	0.00448	0.00149	0.00746	0.00373	0.00299	0.00896
32	0.02653	0.01955	0.02094	0.01606	0.02164	0.02164	0.01326	0.68796	0.03281	0.04398	0.01675	0.01675	0.01187	0.00838	0.00698	0.00209	0.00768	0.00628	0.00698	0.01187
33	0.01718	0.01516	0.01332	0.01205	0.01443	0.16432	0.00890	0.16065	0.01819	0.02312	0.02123	0.10335	0.03688	0.18870	0.07766	0.00397	0.00850	0.00858	0.09650	0.00734

[dist]
# distance from previous block
# <min> <max>
1	2

[block]
# block no. 4 follows, 30 sequences, length 20
# corresponding to MSA columns:
# 305-324
name=unknown_E
#
# <colnr> <probs for GDERKNQSTAVLIFYWHMCP>
#	G	D	E	R	K	N	Q	S	T	A	V	L	I	F	Y	W	H	M	C	P
0	0.50437	0.01322	0.01261	0.04197	0.01584	0.03456	0.04743	0.05159	0.01376	0.02861	0.01305	0.01650	0.01058	0.05061	0.00675	0.00236	0.00602	0.00505	0.11756	0.00755
1	0.01101	0.00778	0.01027	0.01116	0.01280	0.00760	0.00906	0.01414	0.03782	0.04297	0.09259	0.20332	0.12121	0.02010	0.04277	0.00327	0.00589	0.33318	0.00651	0.00654
2	0.02609	0.03248	0.01984	0.01787	0.02158	0.68672	0.01347	0.06534	0.02052	0.01861	0.01113	0.01282	0.00915	0.00726	0.00633	0.00181	0.01231	0.00460	0.00379	0.00830
3	0.05753	0.01969	0.14522	0.06294	0.30630	0.05634	0.03960	0.04155	0.04850	0.08931	0.01543	0.01787	0.01174	0.00693	0.00665	0.00210	0.00826	0.00605	0.04777	0.01021
4	0.01389	0.01106	0.03538	0.21419	0.05426	0.01163	0.01247	0.03203	0.01366	0.06090	0.01900	0.02408	0.06160	0.01905	0.14400	0.12252	0.05154	0.00693	0.04109	0.05073
5	0.01633	0.03603	0.01965	0.01685	0.04757	0.06144	0.01318	0.07010	0.01388	0.01989	0.01172	0.01736	0.01092	0.05309	0.05253	0.00312	0.39906	0.00595	0.00367	0.12766
6	0.03058	0.01304	0.01692	0.01297	0.01839	0.01199	0.01071	0.13333	0.02192	0.61399	0.02589	0.02269	0.01645	0.00860	0.00701	0.00215	0.00620	0.00691	0.00839	0.01187
7	0.01548	0.01510	0.04465	0.13721	0.48698	0.01494	0.01938	0.01955	0.01544	0.02158	0.01681	0.06675	0.01563	0.00853	0.00729	0.00227	0.00806	0.07067	0.00386	0.00979
8	0.01571	0.03998	0.03059	0.26300	0.24267	0.01695	0.24772	0.02055	0.01540	0.02083	0.01312	0.01804	0.01026	0.00634	0.00731	0.00223	0.00978	0.00682	0.00335	0.00935
9	0.00878	0.00629	0.00835	0.00953	0.01018	0.00585	0.00650	0.01041	0.01465	0.01987	0.17363	0.60918	0.05013	0.02033	0.00877	0.00270	0.00390	0.01838	0.00672	0.00585
10	0.01018	0.00723	0.00999	0.00999	0.01092	0.00808	0.00730	0.01203	0.01110	0.01598	0.01980	0.03231	0.01962	0.24107	0.50147	0.00951	0.01465	0.00815	0.04493	0.00570
11	0.01859	0.02232	0.13063	0.03424	0.46844	0.13040	0.02045	0.05137	0.01707	0.02269	0.01282	0.01612	0.01042	0.00653	0.00677	0.00205	0.00926	0.00578	0.00355	0.01050
12	0.02590	0.01168	0.01560	0.05381	0.01852	0.01085	0.01036	0.08484	0.02068	0.49163	0.15134	0.02810	0.02533	0.00956	0.00724	0.00217	0.00579	0.00794	0.00800	0.01066
13	0.01090	0.00831	0.01016	0.00958	0.01157	0.00820	0.00721	0.01658	0.12603	0.02716	0.53220	0.08364	0.09333	0.01408	0.00809	0.00226	0.00369	0.01235	0.00746	0.00720
14	0.01498	0.01022	0.01356	0.01416	0.09117	0.01002	0.00954	0.11012	0.01998	0.09829	0.33890	0.17016	0.04351	0.01338	0.00791	0.00228	0.00488	0.01178	0.00698	0.00820
15	0.27729	0.01398	0.01540	0.07409	0.05840	0.01410	0.01051	0.11340	0.01647	0.05911	0.01284	0.01468	0.00990	0.00642	0.00548	0.00177	0.00616	0.00474	0.00467	0.28061
16	0.01094	0.00797	0.01037	0.01004	0.01081	0.00889	0.00709	0.03761	0.01152	0.01604	0.01972	0.03502	0.02057	0.37937	0.34073	0.00839	0.04665	0.00862	0.00406	0.00557
17	0.01342	0.01014	0.01178	0.01173	0.01413	0.03312	0.00949	0.01968	0.15489	0.06348	0.16764	0.08219	0.11210	0.01524	0.00841	0.00263	0.00540	0.25002	0.00685	0.00767
18	0.32999	0.01865	0.07981	0.01335	0.01860	0.07192	0.01173	0.20452	0.05884	0.10835	0.01501	0.01543	0.01082	0.00747	0.00586	0.00213	0.00709	0.00523	0.00550	0.00970
19	0.08512	0.15840	0.01951	0.01311	0.01725	0.12997	0.01075	0.18635	0.07282	0.04397	0.07517	0.07707	0.01896	0.00921	0.00632	0.00200	0.00711	0.00707	0.05080	0.00905

[dist]
# distance from previous block
# <min> <max>
0	6

[block]
# block no. 5 follows, 30 sequences, length 9
# corresponding to MSA columns:
# 331-339
name=unknown_F
#
# <colnr> <probs for GDERKNQSTAVLIFYWHMCP>
#	G	D	E	R	K	N	Q	S	T	A	V	L	I	F	Y	W	H	M	C	P
0	0.03970	0.26345	0.14500	0.05156	0.05732	0.17993	0.01523	0.05473	0.01632	0.02023	0.01178	0.01408	0.00968	0.00697	0.00653	0.00188	0.04440	0.00479	0.04745	0.00895
1	0.09509	0.04146	0.01560	0.01166	0.01658	0.01140	0.00958	0.02893	0.05954	0.45604	0.09424	0.02443	0.02075	0.00868	0.00665	0.00205	0.00559	0.00699	0.00746	0.07730
2	0.01756	0.01570	0.04962	0.18795	0.20687	0.01608	0.04885	0.12417	0.11184	0.05719	0.07778	0.02205	0.01720	0.00799	0.00714	0.00221	0.00775	0.00711	0.00500	0.00995
3	0.01002	0.00729	0.01027	0.01027	0.01120	0.00821	0.00755	0.01186	0.01094	0.01550	0.01955	0.03218	0.01951	0.23562	0.54665	0.01005	0.01558	0.00817	0.00387	0.00571
4	0.01184	0.01119	0.04261	0.07564	0.12968	0.01032	0.08277	0.01505	0.01523	0.02043	0.06859	0.25871	0.08879	0.01471	0.00831	0.00259	0.00651	0.12423	0.00534	0.00746
5	0.01480	0.11467	0.57494	0.02054	0.05920	0.01757	0.06048	0.02195	0.01482	0.02151	0.01232	0.01468	0.00905	0.00650	0.00649	0.00213	0.00999	0.00521	0.00301	0.01014
6	0.01264	0.05929	0.00936	0.00776	0.00955	0.00821	0.00601	0.01556	0.01405	0.02339	0.02256	0.08295	0.01946	0.01492	0.10062	0.00298	0.00565	0.00750	0.57097	0.00657
7	0.01857	0.01736	0.01828	0.01594	0.05251	0.13110	0.05831	0.15289	0.14882	0.02755	0.10638	0.02522	0.06324	0.00895	0.00694	0.00199	0.00722	0.00743	0.00567	0.12563
8	0.07768	0.27548	0.07142	0.05943	0.04933	0.14692	0.01395	0.18400	0.01962	0.02501	0.01209	0.01372	0.00966	0.00692	0.00578	0.00186	0.00860	0.00483	0.00418	0.00951

[dist]
# distance from previous block
# <min> <max>
0	1

[block]
# block no. 6 follows, 30 sequences, length 28
# corresponding to MSA columns:
# 341-368
name=unknown_G
#
# <colnr> <probs for GDERKNQSTAVLIFYWHMCP>
#	G	D	E	R	K	N	Q	S	T	A	V	L	I	F	Y	W	H	M	C	P
0	0.02176	0.01705	0.01822	0.01509	0.01978	0.01921	0.01216	0.36248	0.34328	0.03634	0.02284	0.02306	0.01718	0.00923	0.00712	0.00226	0.00663	0.02798	0.00702	0.01131
1	0.01447	0.01240	0.01447	0.01034	0.01654	0.00930	0.00827	0.01757	0.01447	0.02274	0.01240	0.01447	0.01034	0.00517	0.00517	0.00103	0.00517	0.00413	0.00413	0.79742
2	0.01571	0.01691	0.03447	0.08934	0.12803	0.01659	0.46032	0.02082	0.01599	0.02190	0.04369	0.04440	0.01401	0.00715	0.00853	0.00235	0.03858	0.00828	0.00374	0.00918
3	0.01647	0.01882	0.04118	0.02941	0.03647	0.01765	0.68588	0.02235	0.01647	0.02235	0.01412	0.01882	0.01059	0.00588	0.00824	0.00235	0.01176	0.00824	0.00353	0.00941
4	0.01362	0.06702	0.01730	0.01791	0.17104	0.01130	0.03453	0.01747	0.03718	0.05637	0.38029	0.06354	0.04231	0.01155	0.00763	0.00217	0.00533	0.02906	0.00617	0.00820
5	0.02607	0.03326	0.01978	0.01798	0.02157	0.72674	0.01348	0.02787	0.01978	0.01708	0.01079	0.01258	0.00899	0.00719	0.00629	0.00180	0.01258	0.00449	0.00360	0.00809
6	0.74317	0.01337	0.01043	0.00928	0.01351	0.01543	0.00762	0.04183	0.01268	0.03148	0.01053	0.01218	0.00816	0.00661	0.00443	0.00213	0.00537	0.00398	0.04015	0.00765
7	0.01010	0.00738	0.01073	0.01073	0.01189	0.00847	0.00820	0.01242	0.01126	0.01636	0.01913	0.02889	0.01813	0.10952	0.64094	0.01047	0.01709	0.00766	0.03458	0.00607
8	0.01866	0.75896	0.03657	0.01194	0.01791	0.02761	0.01194	0.02090	0.01418	0.01642	0.00970	0.01119	0.00896	0.00597	0.00448	0.00149	0.00746	0.00373	0.00299	0.00896
9	0.01301	0.00650	0.00650	0.00650	0.00813	0.00650	0.00488	0.01626	0.01463	0.02602	0.02276	0.02602	0.01789	0.00813	0.00488	0.00163	0.00325	0.00650	0.79350	0.00650
10	0.80405	0.01350	0.01026	0.00918	0.01350	0.01565	0.00756	0.02051	0.01188	0.03131	0.00972	0.01134	0.00756	0.00648	0.00432	0.00216	0.00540	0.00378	0.00432	0.00756
11	0.00915	0.00656	0.00873	0.00961	0.01052	0.00614	0.00683	0.01121	0.01571	0.02148	0.26580	0.46791	0.05245	0.01911	0.00873	0.00264	0.00395	0.06057	0.00688	0.00603
12	0.01036	0.00796	0.01158	0.01136	0.01239	0.00942	0.00874	0.01254	0.01107	0.01598	0.01834	0.02836	0.01765	0.11913	0.60877	0.01020	0.06864	0.00764	0.00374	0.00613
13	0.00967	0.00703	0.00911	0.00880	0.01035	0.00646	0.00652	0.01269	0.01896	0.02659	0.61416	0.12134	0.09183	0.01516	0.00830	0.00226	0.00338	0.01342	0.00751	0.00646
14	0.01375	0.01020	0.01175	0.01157	0.01391	0.01079	0.00854	0.02267	0.29399	0.07292	0.03562	0.35834	0.07614	0.01558	0.00799	0.00256	0.00475	0.01370	0.00689	0.00833
15	0.03028	0.01165	0.01586	0.01224	0.01746	0.01008	0.01008	0.03300	0.01996	0.68290	0.06030	0.02512	0.01961	0.00891	0.00708	0.00216	0.00581	0.00729	0.00859	0.01162
16	0.01103	0.00949	0.00973	0.00925	0.01209	0.00939	0.00706	0.01828	0.22439	0.02201	0.05778	0.05460	0.49857	0.01517	0.00790	0.00236	0.00414	0.01264	0.00667	0.00747
17	0.03131	0.01188	0.01619	0.01242	0.01781	0.01026	0.01026	0.03401	0.01997	0.71606	0.02753	0.02375	0.01727	0.00864	0.00702	0.00216	0.00594	0.00702	0.00864	0.01188
18	0.04145	0.01354	0.02271	0.57182	0.10725	0.01598	0.06667	0.04202	0.01490	0.02000	0.01265	0.01818	0.00959	0.00686	0.00697	0.00229	0.00919	0.00627	0.00334	0.00832
19	0.01724	0.01152	0.04680	0.01136	0.01493	0.01034	0.00939	0.04466	0.14068	0.20018	0.33618	0.03802	0.06602	0.01158	0.00761	0.00222	0.00484	0.00989	0.00752	0.00903
20	0.00848	0.00711	0.00740	0.00740	0.00967	0.00602	0.00560	0.01043	0.01624	0.01971	0.12470	0.06623	0.63127	0.01743	0.00829	0.00237	0.00361	0.03548	0.00658	0.00597
21	0.01366	0.00746	0.00791	0.00756	0.00922	0.00784	0.00577	0.04437	0.01503	0.02589	0.02152	0.02496	0.01703	0.00885	0.00654	0.02687	0.03913	0.00646	0.69724	0.00667
22	0.01718	0.05461	0.10985	0.05392	0.09895	0.06897	0.10664	0.12783	0.01802	0.02504	0.01638	0.04203	0.01333	0.01090	0.05943	0.00271	0.00896	0.00669	0.14952	0.00902
23	0.01212	0.00606	0.00909	0.00909	0.00909	0.00606	0.00606	0.00909	0.00909	0.01212	0.01212	0.02121	0.01212	0.02424	0.02727	0.79697	0.00606	0.00606	0.00303	0.00303
24	0.01240	0.01024	0.01302	0.01214	0.01312	0.03600	0.00929	0.03985	0.01213	0.01720	0.01725	0.02793	0.01698	0.19253	0.35310	0.00755	0.16344	0.00759	0.03184	0.00638
25	0.10912	0.07588	0.21165	0.01437	0.02063	0.01558	0.01452	0.13556	0.04241	0.18515	0.09037	0.02082	0.01760	0.00822	0.00654	0.00212	0.00720	0.00639	0.00572	0.01015
26	0.06289	0.02190	0.06236	0.01602	0.02140	0.13312	0.01354	0.44538	0.07081	0.05975	0.01631	0.01654	0.01180	0.00807	0.00673	0.00208	0.00832	0.00593	0.00613	0.01091
27	0.20632	0.05254	0.06634	0.03847	0.06546	0.01752	0.01253	0.24203	0.01996	0.03141	0.03864	0.01722	0.01267	0.00797	0.00724	0.00212	0.06239	0.00571	0.08408	0.00936

[dist]
# distance from previous block
# <min> <max>
1	4

[block]
# block no. 7 follows, 30 sequences, length 10
# corresponding to MSA columns:
# 373-382
name=unknown_H
#
# <colnr> <probs for GDERKNQSTAVLIFYWHMCP>
#	G	D	E	R	K	N	Q	S	T	A	V	L	I	F	Y	W	H	M	C	P
0	0.02024	0.36155	0.07277	0.01756	0.08864	0.24095	0.01424	0.02291	0.01600	0.01785	0.01063	0.01272	0.00922	0.00662	0.00612	0.00173	0.03617	0.00441	0.00326	0.03642
1	0.16070	0.06718	0.07650	0.22544	0.04864	0.01523	0.01441	0.05255	0.03441	0.16856	0.01708	0.02135	0.01301	0.00801	0.00647	0.00223	0.00746	0.04666	0.00496	0.00917
2	0.01801	0.40322	0.19943	0.01612	0.04888	0.09480	0.01593	0.02278	0.05791	0.01895	0.01179	0.01353	0.00980	0.00673	0.00616	0.00184	0.03684	0.00461	0.00332	0.00936
3	0.16854	0.18944	0.17090	0.01515	0.03960	0.07810	0.01439	0.06457	0.09033	0.02416	0.01338	0.01493	0.01056	0.00725	0.00655	0.00203	0.04624	0.00501	0.02964	0.00923
4	0.00898	0.00645	0.00849	0.00995	0.01062	0.00608	0.00702	0.01046	0.01375	0.01813	0.03915	0.58091	0.07894	0.05568	0.01023	0.00305	0.00450	0.11551	0.00636	0.00573
5	0.01212	0.00606	0.00909	0.00909	0.00909	0.00606	0.00606	0.00909	0.00909	0.01212	0.01212	0.02121	0.01212	0.02424	0.02727	0.79697	0.00606	0.00606	0.00303	0.00303
6	0.00999	0.00675	0.00791	0.00805	0.00817	0.00681	0.00474	0.01027	0.01051	0.01410	0.02321	0.10674	0.02665	0.64052	0.08177	0.00673	0.00736	0.01082	0.00439	0.00450
7	0.06530	0.01789	0.01912	0.01509	0.02021	0.01976	0.01233	0.53215	0.09818	0.06701	0.01894	0.04940	0.01430	0.00898	0.00694	0.00216	0.00712	0.00693	0.00690	0.01129
8	0.02130	0.14823	0.01969	0.03362	0.01778	0.06200	0.01094	0.09725	0.06092	0.21563	0.10663	0.02442	0.02076	0.05986	0.00989	0.00242	0.06621	0.00707	0.00598	0.00939
9	0.00952	0.00698	0.00892	0.00872	0.01028	0.00639	0.00643	0.01236	0.01847	0.02563	0.54869	0.14853	0.13177	0.01566	0.00832	0.00230	0.00342	0.01383	0.00739	0.00639

[dist]
# distance from previous block
# <min> <max>
4	5

[block]
# block no. 8 follows, 30 sequences, length 19
# corresponding to MSA columns:
# 388-406
name=unknown_I
#
# <colnr> <probs for GDERKNQSTAVLIFYWHMCP>
#	G	D	E	R	K	N	Q	S	T	A	V	L	I	F	Y	W	H	M	C	P
0	0.01653	0.01362	0.01557	0.01131	0.01741	0.01141	0.00912	0.13195	0.01760	0.02636	0.01315	0.01486	0.01060	0.00572	0.00548	0.00121	0.00560	0.00450	0.00462	0.66338
1	0.06132	0.08136	0.04175	0.01398	0.01904	0.03942	0.01187	0.38259	0.02480	0.09154	0.01934	0.03973	0.04139	0.01037	0.03470	0.00238	0.00755	0.00662	0.03462	0.03562
2	0.02061	0.01198	0.01397	0.01183	0.01535	0.04569	0.00929	0.13434	0.02113	0.26377	0.23038	0.13266	0.03458	0.01207	0.00761	0.00224	0.00550	0.01025	0.00752	0.00923
3	0.00980	0.00713	0.00923	0.00870	0.01038	0.00655	0.00653	0.01303	0.01958	0.02757	0.67900	0.05280	0.09465	0.01442	0.00823	0.00220	0.00330	0.01271	0.00763	0.00655
4	0.10827	0.03889	0.01839	0.01429	0.01933	0.09983	0.01164	0.28834	0.08138	0.22136	0.01906	0.01824	0.01328	0.00814	0.00657	0.00209	0.00735	0.00608	0.00666	0.01083
5	0.10034	0.09830	0.08477	0.04436	0.05432	0.07434	0.03420	0.05628	0.08273	0.11018	0.03228	0.01812	0.01322	0.00826	0.00869	0.00219	0.11668	0.00594	0.04550	0.00927
6	0.01045	0.00747	0.01033	0.01194	0.01320	0.00735	0.00987	0.01309	0.01528	0.02000	0.03739	0.27293	0.04189	0.02002	0.00943	0.00310	0.00574	0.47787	0.00644	0.00621
7	0.01318	0.01240	0.02093	0.73798	0.04806	0.01550	0.01938	0.01783	0.01395	0.01783	0.01240	0.01860	0.00930	0.00698	0.00698	0.00233	0.00930	0.00620	0.00310	0.00775
8	0.09349	0.07111	0.10373	0.11382	0.10952	0.18177	0.01568	0.13783	0.03685	0.02477	0.01382	0.04177	0.01130	0.00763	0.00643	0.00207	0.00900	0.00585	0.00425	0.00933
9	0.01489	0.17433	0.58818	0.01837	0.02785	0.01839	0.02314	0.02187	0.01463	0.02101	0.01198	0.01406	0.00886	0.00650	0.00622	0.00207	0.00977	0.00488	0.00295	0.01005
10	0.00846	0.00714	0.00737	0.00749	0.00979	0.00605	0.00573	0.01034	0.01592	0.01900	0.06825	0.06799	0.66009	0.01779	0.00835	0.00242	0.00374	0.06168	0.00648	0.00593
11	0.00885	0.00663	0.00954	0.01057	0.01127	0.00619	0.03605	0.01027	0.01350	0.01801	0.03740	0.71837	0.04461	0.02117	0.00888	0.00281	0.00438	0.01933	0.00635	0.00583
12	0.30139	0.01737	0.12058	0.06517	0.06466	0.01534	0.05556	0.09666	0.01666	0.12054	0.03400	0.03603	0.01268	0.00760	0.00614	0.00220	0.00721	0.00596	0.00495	0.00930
13	0.00910	0.00772	0.03508	0.01079	0.01189	0.00657	0.03372	0.01087	0.01393	0.01878	0.07836	0.65153	0.04465	0.02021	0.00876	0.00275	0.00453	0.01840	0.00631	0.00604
14	0.00833	0.00707	0.00719	0.00716	0.00948	0.00593	0.00537	0.01018	0.01611	0.01933	0.10412	0.06637	0.67467	0.01749	0.00825	0.00235	0.00352	0.01462	0.00654	0.00593
15	0.01565	0.01565	0.05816	0.38556	0.30501	0.01634	0.02011	0.06129	0.01593	0.02162	0.01296	0.01778	0.01012	0.00675	0.00693	0.00221	0.00885	0.00616	0.00347	0.00943
16	0.25329	0.17494	0.02113	0.07444	0.04356	0.13395	0.01211	0.16596	0.01847	0.02722	0.01174	0.01348	0.00928	0.00693	0.00555	0.00196	0.00790	0.00471	0.00437	0.00900
17	0.00850	0.00607	0.00810	0.00972	0.01012	0.00567	0.00648	0.00972	0.01336	0.01781	0.03846	0.75020	0.04615	0.02186	0.00891	0.00283	0.00405	0.01984	0.00648	0.00567
18	0.01182	0.00926	0.01441	0.08887	0.01952	0.00950	0.06086	0.01538	0.01588	0.02067	0.03276	0.06818	0.03484	0.01704	0.00926	0.00306	0.00711	0.54893	0.00587	0.00678

[dist]
# distance from previous block
# <min> <max>
0	10

# created by:
# /st0/software/busco_prod/Augustus/scripts/msa2prfl.pl ./align_prep/137607.fa
