[name]
unknown

[dist]
# distance from previous block
# <min> <max>
0	25

[block]
# block no. 0 follows, 27 sequences, length 10
# corresponding to MSA columns:
# 26-35
name=unknown_A
#
# <colnr> <probs for GDERKNQSTAVLIFYWHMCP>
#	G	D	E	R	K	N	Q	S	T	A	V	L	I	F	Y	W	H	M	C	P
0	0.02040	0.01313	0.01565	0.01384	0.01795	0.01334	0.01142	0.13168	0.15398	0.16918	0.03263	0.04424	0.07045	0.01307	0.00826	0.00260	0.00646	0.19492	0.00742	0.05939
1	0.01925	0.01291	0.01598	0.01348	0.04929	0.01119	0.01008	0.05654	0.06050	0.16587	0.08282	0.06796	0.02134	0.00882	0.00678	0.00179	0.00573	0.00742	0.00623	0.37605
2	0.01872	0.01223	0.01520	0.06443	0.01910	0.01132	0.01014	0.06053	0.07937	0.16740	0.02417	0.15583	0.02159	0.04523	0.00864	0.00230	0.00605	0.00916	0.00628	0.26229
3	0.11180	0.01198	0.01268	0.01141	0.01493	0.03495	0.00875	0.06279	0.06472	0.07108	0.02919	0.22774	0.07398	0.01319	0.00734	0.00229	0.00553	0.02999	0.04635	0.15932
4	0.01262	0.00951	0.01126	0.01093	0.01293	0.00975	0.00825	0.01673	0.09383	0.04979	0.04231	0.19559	0.21494	0.08422	0.01262	0.00309	0.06899	0.05943	0.04652	0.03670
5	0.01738	0.01457	0.01912	0.21682	0.02769	0.01669	0.01435	0.15424	0.06300	0.02718	0.06408	0.04630	0.01741	0.00969	0.00998	0.00235	0.12313	0.00742	0.03518	0.11342
6	0.01026	0.00794	0.01000	0.01055	0.01154	0.00804	0.00747	0.01273	0.04401	0.02072	0.13007	0.42274	0.13249	0.06870	0.01221	0.00313	0.05724	0.01700	0.00667	0.00649
7	0.01577	0.01207	0.01335	0.01200	0.01512	0.01251	0.00922	0.20911	0.08995	0.02976	0.10251	0.21188	0.20535	0.01572	0.00842	0.00253	0.00540	0.01337	0.00724	0.00873
8	0.02292	0.01624	0.02055	0.04119	0.02244	0.01656	0.07616	0.26613	0.09375	0.14648	0.02685	0.02642	0.09334	0.00958	0.00754	0.00222	0.00732	0.00801	0.00686	0.08944
9	0.01884	0.01491	0.01791	0.01436	0.01893	0.01520	0.05823	0.23838	0.11103	0.03121	0.02504	0.08001	0.06599	0.07829	0.01020	0.00261	0.00683	0.00878	0.03557	0.14766

[dist]
# distance from previous block
# <min> <max>
20	43

[block]
# block no. 1 follows, 27 sequences, length 9
# corresponding to MSA columns:
# 87-95
name=unknown_B
#
# <colnr> <probs for GDERKNQSTAVLIFYWHMCP>
#	G	D	E	R	K	N	Q	S	T	A	V	L	I	F	Y	W	H	M	C	P
0	0.01531	0.01385	0.01783	0.10982	0.09285	0.06718	0.05727	0.06993	0.01770	0.02329	0.11231	0.08688	0.07669	0.12770	0.01260	0.00305	0.00754	0.00983	0.00524	0.07315
1	0.05475	0.01561	0.07060	0.01579	0.07001	0.07127	0.03078	0.01921	0.07290	0.02260	0.08203	0.11690	0.10805	0.08224	0.01170	0.00283	0.05742	0.01009	0.00531	0.07992
2	0.01053	0.00847	0.00972	0.04439	0.01309	0.00828	0.00729	0.01441	0.09384	0.02023	0.05037	0.24145	0.31166	0.11698	0.01272	0.00329	0.00493	0.01518	0.00647	0.00671
3	0.02571	0.01875	0.02081	0.04973	0.02318	0.02081	0.01371	0.49486	0.10863	0.07572	0.01978	0.02008	0.01430	0.01149	0.04498	0.00280	0.00851	0.00699	0.00715	0.01199
4	0.01402	0.01319	0.02227	0.72126	0.05113	0.01649	0.02062	0.01897	0.01484	0.01897	0.01319	0.01979	0.00990	0.00742	0.00742	0.00247	0.00990	0.00660	0.00330	0.00825
5	0.01402	0.01319	0.02227	0.72126	0.05113	0.01649	0.02062	0.01897	0.01484	0.01897	0.01319	0.01979	0.00990	0.00742	0.00742	0.00247	0.00990	0.00660	0.00330	0.00825
6	0.05545	0.50007	0.03237	0.01568	0.06298	0.13503	0.01318	0.02282	0.01583	0.01872	0.01140	0.01375	0.01023	0.00996	0.05330	0.00242	0.00958	0.00455	0.00343	0.00926
7	0.02593	0.01234	0.01558	0.01271	0.01739	0.01157	0.01022	0.06768	0.10295	0.42923	0.08632	0.06960	0.08205	0.01134	0.00780	0.00238	0.00582	0.00945	0.00848	0.01117
8	0.02416	0.01145	0.01478	0.01213	0.01624	0.01061	0.00961	0.07112	0.04743	0.38638	0.20000	0.06287	0.03332	0.05345	0.00963	0.00262	0.00566	0.00974	0.00838	0.01040

[dist]
# distance from previous block
# <min> <max>
13	23

[block]
# block no. 2 follows, 27 sequences, length 42
# corresponding to MSA columns:
# 120-161
name=unknown_C
#
# <colnr> <probs for GDERKNQSTAVLIFYWHMCP>
#	G	D	E	R	K	N	Q	S	T	A	V	L	I	F	Y	W	H	M	C	P
0	0.01004	0.00703	0.00817	0.00865	0.00909	0.00675	0.00532	0.01065	0.01254	0.01640	0.03495	0.24413	0.11812	0.44572	0.02612	0.00542	0.00594	0.01432	0.00548	0.00516
1	0.02695	0.08533	0.04975	0.01649	0.02243	0.06478	0.01409	0.45061	0.06200	0.10643	0.01835	0.01818	0.01311	0.00862	0.00714	0.00218	0.00829	0.00644	0.00684	0.01199
2	0.00966	0.00724	0.00791	0.00815	0.00932	0.00663	0.00533	0.01067	0.01397	0.01752	0.04863	0.15335	0.32196	0.32299	0.02110	0.00455	0.00528	0.01437	0.00588	0.00549
3	0.79154	0.01436	0.01091	0.00976	0.01436	0.01665	0.00804	0.02182	0.01263	0.03331	0.01034	0.01206	0.00804	0.00689	0.00459	0.00230	0.00574	0.00402	0.00459	0.00804
4	0.00877	0.00752	0.00752	0.00752	0.01003	0.00627	0.00564	0.01065	0.01692	0.02005	0.07520	0.07144	0.68978	0.01880	0.00877	0.00251	0.00376	0.01567	0.00689	0.00627
5	0.02822	0.02079	0.02228	0.01708	0.02302	0.02302	0.01411	0.66804	0.03490	0.04679	0.01782	0.01782	0.01262	0.00891	0.00743	0.00223	0.00817	0.00668	0.00743	0.01262
6	0.79154	0.01436	0.01091	0.00976	0.01436	0.01665	0.00804	0.02182	0.01263	0.03331	0.01034	0.01206	0.00804	0.00689	0.00459	0.00230	0.00574	0.00402	0.00459	0.00804
7	0.01539	0.01319	0.01539	0.01100	0.01759	0.00990	0.00880	0.01869	0.01539	0.02419	0.01319	0.01539	0.01100	0.00550	0.00550	0.00110	0.00550	0.00440	0.00440	0.78449
8	0.01837	0.01764	0.03013	0.04557	0.69279	0.01764	0.02278	0.02278	0.01690	0.02425	0.01396	0.01837	0.01176	0.00661	0.00735	0.00220	0.00882	0.00661	0.00367	0.01176
9	0.01841	0.37704	0.32241	0.01691	0.02503	0.08437	0.01919	0.02344	0.01587	0.02013	0.01172	0.01366	0.00948	0.00677	0.00592	0.00195	0.00973	0.00469	0.00322	0.01007
10	0.01289	0.00645	0.00967	0.00967	0.00967	0.00645	0.00645	0.00967	0.00967	0.01289	0.01289	0.02257	0.01289	0.02579	0.02901	0.78401	0.00645	0.00645	0.00322	0.00322
11	0.00904	0.00646	0.00861	0.01034	0.01077	0.00603	0.00689	0.01034	0.01421	0.01895	0.04092	0.73426	0.04910	0.02326	0.00948	0.00301	0.00431	0.02110	0.00689	0.00603
12	0.01678	0.01601	0.02726	0.29251	0.45829	0.01722	0.02199	0.02139	0.01615	0.02232	0.01368	0.01889	0.01108	0.00691	0.00738	0.00230	0.00921	0.00661	0.00354	0.01048
13	0.05469	0.23656	0.47947	0.01820	0.02755	0.02064	0.02231	0.02306	0.01536	0.02229	0.01233	0.01443	0.00937	0.00685	0.00628	0.00213	0.00986	0.00498	0.00322	0.01042
14	0.01752	0.02003	0.04380	0.03129	0.03880	0.01877	0.66583	0.02378	0.01752	0.02378	0.01502	0.02003	0.01126	0.00626	0.00876	0.00250	0.01252	0.00876	0.00375	0.01001
15	0.01837	0.01764	0.03013	0.04557	0.69279	0.01764	0.02278	0.02278	0.01690	0.02425	0.01396	0.01837	0.01176	0.00661	0.00735	0.00220	0.00882	0.00661	0.00367	0.01176
16	0.01737	0.01661	0.02831	0.20195	0.54429	0.01737	0.02228	0.02190	0.01643	0.02303	0.01379	0.01870	0.01133	0.00680	0.00737	0.00227	0.00907	0.00661	0.00359	0.01095
17	0.01837	0.01764	0.03013	0.04557	0.69279	0.01764	0.02278	0.02278	0.01690	0.02425	0.01396	0.01837	0.01176	0.00661	0.00735	0.00220	0.00882	0.00661	0.00367	0.01176
18	0.02825	0.01673	0.01927	0.01521	0.02074	0.01750	0.01243	0.30340	0.15623	0.29227	0.02463	0.02260	0.01679	0.00925	0.00747	0.00231	0.00701	0.00732	0.00812	0.01246
19	0.02686	0.01813	0.02010	0.01566	0.02112	0.01952	0.01287	0.50176	0.03063	0.13880	0.02319	0.02283	0.05606	0.01192	0.04277	0.00274	0.00821	0.00742	0.00748	0.01193
20	0.01731	0.01655	0.02821	0.21082	0.53586	0.01736	0.02225	0.02185	0.01640	0.02296	0.01378	0.01872	0.01130	0.00681	0.00737	0.00227	0.00908	0.00661	0.00358	0.01090
21	0.01075	0.00738	0.00902	0.00902	0.00934	0.00770	0.00565	0.01139	0.01107	0.01508	0.02254	0.04388	0.02495	0.57380	0.20030	0.00834	0.01027	0.01011	0.00437	0.00501
22	0.00911	0.00651	0.00867	0.01029	0.01078	0.00608	0.00690	0.01051	0.01453	0.01945	0.07109	0.70265	0.05008	0.02288	0.00944	0.00298	0.00427	0.02075	0.00695	0.00608
23	0.00914	0.00654	0.00870	0.01027	0.01079	0.00610	0.00690	0.01059	0.01467	0.01968	0.08477	0.68831	0.05052	0.02271	0.00943	0.00297	0.00425	0.02058	0.00698	0.00610
24	0.03265	0.04844	0.01829	0.01318	0.01896	0.01182	0.01100	0.03550	0.02095	0.66460	0.02836	0.02461	0.01794	0.00905	0.00733	0.00226	0.00640	0.00729	0.00889	0.01248
25	0.01539	0.01319	0.01539	0.01100	0.01759	0.00990	0.00880	0.01869	0.01539	0.02419	0.01319	0.01539	0.01100	0.00550	0.00550	0.00110	0.00550	0.00440	0.00440	0.78449
26	0.00917	0.00754	0.00807	0.00793	0.01027	0.00644	0.00595	0.01142	0.01785	0.02227	0.21498	0.06780	0.54863	0.01798	0.00877	0.00247	0.00370	0.01516	0.00718	0.00644
27	0.01945	0.68770	0.09133	0.01337	0.02009	0.02841	0.01387	0.02233	0.01513	0.01794	0.01056	0.01221	0.00952	0.00641	0.00494	0.00165	0.00818	0.00409	0.00317	0.00964
28	0.07137	0.01272	0.01691	0.01304	0.01872	0.01120	0.01077	0.03546	0.02082	0.66457	0.02834	0.02460	0.01786	0.00907	0.00732	0.00230	0.00629	0.00729	0.00896	0.01240
29	0.02781	0.02059	0.02205	0.01700	0.02287	0.02283	0.01401	0.64155	0.06207	0.04612	0.01835	0.01824	0.01305	0.00896	0.00743	0.00224	0.00807	0.00676	0.00743	0.01259
30	0.01424	0.01362	0.02361	0.67816	0.05036	0.01664	0.06092	0.01927	0.01501	0.01927	0.01331	0.01981	0.00998	0.00735	0.00751	0.00248	0.01006	0.00673	0.00333	0.00836
31	0.01920	0.03225	0.32299	0.02353	0.03152	0.20881	0.20844	0.02528	0.01769	0.02211	0.01330	0.01630	0.00999	0.00699	0.00745	0.00227	0.01209	0.00624	0.00350	0.01004
32	0.01939	0.01362	0.01472	0.01218	0.01645	0.01384	0.00977	0.27353	0.05066	0.10210	0.04600	0.04374	0.32615	0.01355	0.00806	0.00238	0.00585	0.01098	0.00737	0.00966
33	0.00904	0.00646	0.00861	0.01034	0.01077	0.00603	0.00689	0.01034	0.01421	0.01895	0.04092	0.73426	0.04910	0.02326	0.00948	0.00301	0.00431	0.02110	0.00689	0.00603
34	0.06518	0.01469	0.02417	0.45720	0.04162	0.03681	0.12950	0.01960	0.01518	0.02066	0.01529	0.07405	0.01302	0.00860	0.00817	0.00252	0.03375	0.00786	0.00375	0.00837
35	0.02562	0.01778	0.02001	0.01589	0.02078	0.01963	0.01294	0.42796	0.08629	0.12547	0.02026	0.02154	0.01503	0.04553	0.04331	0.00302	0.05305	0.00718	0.00711	0.01160
36	0.02969	0.01183	0.01607	0.01259	0.01770	0.01029	0.01029	0.03266	0.02121	0.59191	0.13396	0.03006	0.02658	0.01014	0.00767	0.00230	0.00587	0.00841	0.00903	0.01174
37	0.01185	0.00990	0.01320	0.01286	0.01420	0.04361	0.01006	0.01439	0.01232	0.01733	0.01870	0.02742	0.01745	0.05011	0.62347	0.01079	0.07393	0.00769	0.00391	0.00684
38	0.01035	0.00846	0.01350	0.06738	0.01693	0.00823	0.07980	0.01247	0.01462	0.01948	0.03596	0.60135	0.04195	0.02018	0.00924	0.00292	0.00563	0.01864	0.00627	0.00663
39	0.01457	0.01096	0.01250	0.01185	0.01426	0.01132	0.00879	0.17044	0.07866	0.02719	0.07099	0.34808	0.12623	0.04595	0.00980	0.00284	0.00537	0.01499	0.00705	0.00813
40	0.00910	0.00660	0.00848	0.00995	0.01056	0.00611	0.00665	0.01039	0.01431	0.01883	0.04343	0.63496	0.11122	0.05821	0.01081	0.00317	0.00440	0.02006	0.00677	0.00598
41	0.01696	0.01400	0.01541	0.01441	0.01796	0.01572	0.01142	0.07203	0.45174	0.02928	0.03334	0.08307	0.05061	0.01305	0.00821	0.00270	0.00603	0.12636	0.00735	0.01035

[dist]
# distance from previous block
# <min> <max>
1	6

[block]
# block no. 3 follows, 27 sequences, length 119
# corresponding to MSA columns:
# 168-286
name=unknown_D
#
# <colnr> <probs for GDERKNQSTAVLIFYWHMCP>
#	G	D	E	R	K	N	Q	S	T	A	V	L	I	F	Y	W	H	M	C	P
0	0.01410	0.06138	0.03679	0.01221	0.01470	0.01249	0.00980	0.11900	0.01608	0.02192	0.02238	0.07109	0.04272	0.15737	0.34578	0.00770	0.01326	0.00890	0.00481	0.00752
1	0.15281	0.01724	0.01667	0.01436	0.01904	0.05787	0.01135	0.12122	0.38404	0.03232	0.02263	0.02183	0.01706	0.00886	0.00681	0.00229	0.00657	0.00687	0.00656	0.07359
2	0.02048	0.19318	0.21805	0.01703	0.02392	0.18548	0.01698	0.07722	0.06856	0.02336	0.01382	0.01532	0.01088	0.00727	0.00637	0.00196	0.00975	0.00519	0.00410	0.08109
3	0.01818	0.08775	0.15019	0.03683	0.46747	0.04220	0.04621	0.02313	0.01668	0.02328	0.01347	0.01720	0.01105	0.00669	0.00709	0.00218	0.00941	0.00619	0.00354	0.01125
4	0.01904	0.52989	0.21301	0.01496	0.02251	0.02548	0.01653	0.02309	0.01547	0.04446	0.01182	0.01340	0.00982	0.00664	0.00547	0.00182	0.00868	0.00450	0.00339	0.01002
5	0.00903	0.00653	0.00854	0.01014	0.01072	0.00605	0.00681	0.01036	0.01440	0.01903	0.04327	0.68877	0.09307	0.02295	0.00943	0.00298	0.00427	0.02073	0.00689	0.00605
6	0.01588	0.03561	0.61961	0.02081	0.03125	0.01674	0.05001	0.02396	0.01600	0.05562	0.01414	0.01628	0.00996	0.00707	0.00708	0.00231	0.01062	0.00567	0.00349	0.03790
7	0.01809	0.09057	0.42921	0.02299	0.10175	0.08701	0.04695	0.07502	0.01788	0.02443	0.01339	0.01577	0.01001	0.00713	0.00696	0.00223	0.01057	0.00563	0.00363	0.01080
8	0.01004	0.00734	0.00918	0.00914	0.01059	0.00675	0.00655	0.01257	0.01822	0.02498	0.42289	0.17768	0.14716	0.08940	0.01179	0.00296	0.00405	0.01484	0.00740	0.00648
9	0.01737	0.01973	0.04288	0.06089	0.03933	0.01868	0.63816	0.02357	0.01741	0.02357	0.01494	0.02002	0.01121	0.00631	0.00870	0.00250	0.01240	0.00867	0.00374	0.00994
10	0.04469	0.02162	0.06449	0.18401	0.15664	0.14139	0.09239	0.13171	0.04497	0.02618	0.01457	0.01790	0.01119	0.00749	0.00733	0.00228	0.01011	0.00646	0.00440	0.01018
11	0.00926	0.00661	0.00886	0.01058	0.01110	0.00621	0.00726	0.01071	0.01442	0.01919	0.04080	0.68668	0.04863	0.02306	0.00953	0.00304	0.00449	0.06657	0.00689	0.00609
12	0.00974	0.00675	0.00841	0.00945	0.00970	0.00649	0.00594	0.01052	0.01285	0.01714	0.03394	0.46142	0.04030	0.30809	0.02074	0.00468	0.00546	0.01700	0.00594	0.00542
13	0.01461	0.01366	0.02237	0.37290	0.25519	0.01510	0.01875	0.01892	0.01608	0.02136	0.05358	0.02768	0.10104	0.00899	0.00764	0.00238	0.00845	0.00810	0.00412	0.00909
14	0.02822	0.02079	0.02228	0.01708	0.02302	0.02302	0.01411	0.66804	0.03490	0.04679	0.01782	0.01782	0.01262	0.00891	0.00743	0.00223	0.00817	0.00668	0.00743	0.01262
15	0.03240	0.01408	0.01813	0.01390	0.01967	0.01306	0.01148	0.14854	0.02368	0.58214	0.02725	0.02394	0.01735	0.00914	0.00746	0.00228	0.00665	0.00733	0.00887	0.01263
16	0.07672	0.01313	0.01711	0.01320	0.01889	0.01184	0.01090	0.06641	0.02142	0.62766	0.02763	0.02414	0.01750	0.00904	0.00730	0.00229	0.00637	0.00723	0.00884	0.01237
17	0.01402	0.01319	0.02227	0.72126	0.05113	0.01649	0.02062	0.01897	0.01484	0.01897	0.01319	0.01979	0.00990	0.00742	0.00742	0.00247	0.00990	0.00660	0.00330	0.00825
18	0.01985	0.74357	0.03890	0.01270	0.01905	0.02937	0.01270	0.02223	0.01508	0.01747	0.01032	0.01191	0.00953	0.00635	0.00476	0.00159	0.00794	0.00397	0.00318	0.00953
19	0.01384	0.00692	0.00692	0.00692	0.00865	0.00692	0.00519	0.01730	0.01557	0.02768	0.02422	0.02768	0.01903	0.00865	0.00519	0.00173	0.00346	0.00692	0.78031	0.00692
20	0.01024	0.00758	0.00955	0.00906	0.01092	0.00689	0.00679	0.01348	0.02037	0.02825	0.59291	0.05795	0.16697	0.01574	0.00876	0.00236	0.00354	0.01378	0.00797	0.00689
21	0.01502	0.01191	0.01422	0.01085	0.01629	0.00925	0.00851	0.01812	0.01611	0.05321	0.08658	0.09244	0.02126	0.00845	0.00632	0.00147	0.00521	0.00715	0.00525	0.59238
22	0.01681	0.04560	0.17811	0.02959	0.15112	0.01797	0.34364	0.02334	0.03738	0.02360	0.01603	0.05276	0.01306	0.00742	0.00802	0.00241	0.01079	0.00811	0.00386	0.01038
23	0.01709	0.35120	0.40710	0.01741	0.02633	0.02262	0.02090	0.02294	0.01541	0.02083	0.01199	0.01400	0.00946	0.00674	0.00604	0.00201	0.00963	0.00481	0.00315	0.01033
24	0.01402	0.01319	0.02227	0.72126	0.05113	0.01649	0.02062	0.01897	0.01484	0.01897	0.01319	0.01979	0.00990	0.00742	0.00742	0.00247	0.00990	0.00660	0.00330	0.00825
25	0.02722	0.06163	0.02199	0.01819	0.02268	0.48152	0.01413	0.19363	0.04540	0.02590	0.01366	0.01492	0.01077	0.00800	0.00683	0.00200	0.01157	0.00535	0.00484	0.00978
26	0.02822	0.02079	0.02228	0.01708	0.02302	0.02302	0.01411	0.66804	0.03490	0.04679	0.01782	0.01782	0.01262	0.00891	0.00743	0.00223	0.00817	0.00668	0.00743	0.01262
27	0.01012	0.00712	0.00809	0.00840	0.00893	0.00682	0.00514	0.01069	0.01250	0.01623	0.03576	0.17751	0.14839	0.48117	0.02749	0.00560	0.00606	0.01354	0.00536	0.00509
28	0.01043	0.00759	0.00982	0.00926	0.01104	0.00697	0.00695	0.01386	0.02084	0.02935	0.66235	0.05614	0.09684	0.01533	0.00876	0.00234	0.00351	0.01352	0.00812	0.00697
29	0.02523	0.14592	0.05718	0.01634	0.02242	0.01763	0.09367	0.07905	0.13009	0.30170	0.02269	0.02164	0.01578	0.00835	0.00714	0.00223	0.00766	0.00701	0.00675	0.01153
30	0.01080	0.00720	0.00810	0.00810	0.00810	0.00720	0.00450	0.01080	0.01080	0.01439	0.02339	0.04858	0.02699	0.73910	0.03779	0.00720	0.00720	0.01080	0.00450	0.00450
31	0.01752	0.02003	0.04380	0.03129	0.03880	0.01877	0.66583	0.02378	0.01752	0.02378	0.01502	0.02003	0.01126	0.00626	0.00876	0.00250	0.01252	0.00876	0.00375	0.01001
32	0.03128	0.01589	0.01924	0.01475	0.02057	0.01574	0.01219	0.28807	0.02669	0.43836	0.02472	0.02230	0.01608	0.00908	0.00745	0.00227	0.00706	0.00715	0.00849	0.01263
33	0.02377	0.02672	0.02395	0.02789	0.25614	0.36960	0.01706	0.06878	0.07271	0.02314	0.01423	0.01654	0.01156	0.00756	0.00704	0.00208	0.01087	0.00583	0.00430	0.01021
34	0.02113	0.01727	0.01829	0.01565	0.02032	0.01971	0.01239	0.21098	0.50352	0.03535	0.02683	0.02500	0.01992	0.00976	0.00752	0.00244	0.00650	0.00793	0.00752	0.01199
35	0.79154	0.01436	0.01091	0.00976	0.01436	0.01665	0.00804	0.02182	0.01263	0.03331	0.01034	0.01206	0.00804	0.00689	0.00459	0.00230	0.00574	0.00402	0.00459	0.00804
36	0.01051	0.00759	0.00992	0.00934	0.01109	0.00700	0.00700	0.01401	0.02101	0.02977	0.68888	0.05545	0.07005	0.01518	0.00876	0.00233	0.00350	0.01343	0.00817	0.00700
37	0.01489	0.03840	0.70064	0.02116	0.03213	0.01724	0.02743	0.02351	0.01567	0.02351	0.01332	0.01567	0.00940	0.00705	0.00705	0.00235	0.01097	0.00549	0.00313	0.01097
38	0.01051	0.00759	0.00992	0.00934	0.01109	0.00700	0.00700	0.01401	0.02101	0.02977	0.68888	0.05545	0.07005	0.01518	0.00876	0.00233	0.00350	0.01343	0.00817	0.00700
39	0.01384	0.00692	0.00692	0.00692	0.00865	0.00692	0.00519	0.01730	0.01557	0.02768	0.02422	0.02768	0.01903	0.00865	0.00519	0.00173	0.00346	0.00692	0.78031	0.00692
40	0.01846	0.01595	0.01679	0.01511	0.01930	0.01846	0.01175	0.03945	0.67938	0.03105	0.03022	0.02770	0.02266	0.01007	0.00755	0.00252	0.00588	0.00839	0.00755	0.01175
41	0.01080	0.00720	0.00810	0.00810	0.00810	0.00720	0.00450	0.01080	0.01080	0.01439	0.02339	0.04858	0.02699	0.73910	0.03779	0.00720	0.00720	0.01080	0.00450	0.00450
42	0.01591	0.01524	0.02619	0.42249	0.31260	0.01704	0.04301	0.02069	0.01577	0.02129	0.01357	0.01922	0.01070	0.00705	0.00744	0.00237	0.00954	0.00668	0.00347	0.00974
43	0.00904	0.00646	0.00861	0.01034	0.01077	0.00603	0.00689	0.01034	0.01421	0.01895	0.04092	0.73426	0.04910	0.02326	0.00948	0.00301	0.00431	0.02110	0.00689	0.00603
44	0.00959	0.00748	0.00870	0.00855	0.01057	0.00659	0.00635	0.01217	0.01860	0.02442	0.35340	0.11170	0.36037	0.01746	0.00882	0.00246	0.00368	0.01503	0.00748	0.00659
45	0.01033	0.00745	0.00977	0.00946	0.01105	0.00689	0.00699	0.01357	0.02020	0.02847	0.61121	0.13682	0.06754	0.01615	0.00884	0.00242	0.00360	0.01435	0.00802	0.00689
46	0.01862	0.01814	0.02868	0.06768	0.60130	0.04755	0.02170	0.02390	0.05516	0.02419	0.01476	0.01875	0.01222	0.00689	0.00734	0.00222	0.00889	0.00664	0.00389	0.01149
47	0.02773	0.03538	0.02104	0.01913	0.02295	0.70930	0.01434	0.02964	0.02104	0.01817	0.01148	0.01339	0.00956	0.00765	0.00669	0.00191	0.01339	0.00478	0.00383	0.00861
48	0.03331	0.01263	0.01723	0.01321	0.01895	0.01091	0.01091	0.03618	0.02125	0.69794	0.02929	0.02527	0.01838	0.00919	0.00747	0.00230	0.00632	0.00747	0.00919	0.01263
49	0.03126	0.01592	0.01926	0.01477	0.02059	0.01579	0.01220	0.29069	0.02675	0.43565	0.02467	0.02227	0.01606	0.00908	0.00745	0.00227	0.00706	0.00715	0.00848	0.01263
50	0.02822	0.02079	0.02228	0.01708	0.02302	0.02302	0.01411	0.66804	0.03490	0.04679	0.01782	0.01782	0.01262	0.00891	0.00743	0.00223	0.00817	0.00668	0.00743	0.01262
51	0.00904	0.00646	0.00861	0.01034	0.01077	0.00603	0.00689	0.01034	0.01421	0.01895	0.04092	0.73426	0.04910	0.02326	0.00948	0.00301	0.00431	0.02110	0.00689	0.00603
52	0.00904	0.00646	0.00861	0.01034	0.01077	0.00603	0.00689	0.01034	0.01421	0.01895	0.04092	0.73426	0.04910	0.02326	0.00948	0.00301	0.00431	0.02110	0.00689	0.00603
53	0.18697	0.38304	0.10569	0.01306	0.01949	0.02212	0.01303	0.02404	0.01546	0.11282	0.01330	0.01428	0.01043	0.00690	0.00538	0.00191	0.00752	0.00464	0.00432	0.03562
54	0.02088	0.50462	0.06621	0.01776	0.09204	0.15064	0.01477	0.02369	0.01638	0.01860	0.01106	0.01304	0.00976	0.00665	0.00550	0.00175	0.00916	0.00447	0.00334	0.00967
55	0.06313	0.01873	0.05081	0.04019	0.57317	0.04342	0.02123	0.02383	0.04933	0.02486	0.01444	0.01819	0.01192	0.00685	0.00717	0.00222	0.00874	0.00645	0.00391	0.01140
56	0.02037	0.69651	0.03771	0.01313	0.01931	0.07455	0.01281	0.02272	0.01548	0.01751	0.01040	0.01201	0.00953	0.00644	0.00489	0.00161	0.00830	0.00402	0.00322	0.00947
57	0.01613	0.01363	0.01579	0.01135	0.01791	0.01065	0.00910	0.05609	0.01652	0.02549	0.01346	0.01553	0.01109	0.00569	0.00561	0.00116	0.00565	0.00453	0.00457	0.74004
58	0.01356	0.00855	0.01091	0.01005	0.01239	0.00794	0.00762	0.01755	0.05258	0.11338	0.47672	0.10219	0.10740	0.01505	0.00859	0.00240	0.00406	0.01317	0.00808	0.00783
59	0.01800	0.01724	0.02925	0.04408	0.66621	0.01720	0.02212	0.02231	0.01690	0.02409	0.01635	0.02044	0.03816	0.00709	0.00740	0.00222	0.00862	0.00697	0.00380	0.01155
60	0.00918	0.00656	0.00873	0.01025	0.01080	0.00612	0.00690	0.01067	0.01482	0.01992	0.09888	0.67354	0.05097	0.02253	0.00941	0.00295	0.00424	0.02042	0.00701	0.00612
61	0.01768	0.03208	0.51269	0.02343	0.10918	0.01656	0.04769	0.02501	0.01658	0.10731	0.01544	0.01734	0.01086	0.00724	0.00720	0.00233	0.01019	0.00598	0.00397	0.01124
62	0.03331	0.01263	0.01723	0.01321	0.01895	0.01091	0.01091	0.03618	0.02125	0.69794	0.02929	0.02527	0.01838	0.00919	0.00747	0.00230	0.00632	0.00747	0.00919	0.01263
63	0.01489	0.03840	0.70064	0.02116	0.03213	0.01724	0.02743	0.02351	0.01567	0.02351	0.01332	0.01567	0.00940	0.00705	0.00705	0.00235	0.01097	0.00549	0.00313	0.01097
64	0.05774	0.04596	0.01842	0.01417	0.01935	0.10929	0.01150	0.07701	0.08131	0.42186	0.04948	0.02345	0.01836	0.00906	0.00720	0.00223	0.00731	0.00708	0.00773	0.01149
65	0.01254	0.01069	0.01572	0.06072	0.19426	0.01047	0.01295	0.01563	0.01653	0.02158	0.04143	0.13384	0.21610	0.01592	0.00882	0.00274	0.00638	0.18989	0.00582	0.00796
66	0.00904	0.00646	0.00861	0.01034	0.01077	0.00603	0.00689	0.01034	0.01421	0.01895	0.04092	0.73426	0.04910	0.02326	0.00948	0.00301	0.00431	0.02110	0.00689	0.00603
67	0.02238	0.29192	0.02628	0.01500	0.02002	0.22150	0.01268	0.13229	0.07360	0.02389	0.01953	0.02012	0.07436	0.00861	0.00636	0.00195	0.00900	0.00610	0.00477	0.00965
68	0.02088	0.56612	0.05790	0.01439	0.02019	0.14571	0.01364	0.02336	0.01597	0.01781	0.01060	0.01248	0.00954	0.00688	0.00602	0.00174	0.03983	0.00427	0.00329	0.00936
69	0.00904	0.00646	0.00861	0.01034	0.01077	0.00603	0.00689	0.01034	0.01421	0.01895	0.04092	0.73426	0.04910	0.02326	0.00948	0.00301	0.00431	0.02110	0.00689	0.00603
70	0.01069	0.00961	0.04270	0.00900	0.01201	0.00762	0.00737	0.01399	0.04603	0.04847	0.15548	0.06276	0.51369	0.01696	0.00858	0.00247	0.00427	0.01422	0.00701	0.00709
71	0.01541	0.01394	0.02227	0.65210	0.04837	0.01713	0.01998	0.08272	0.01681	0.02170	0.01365	0.01960	0.01016	0.00757	0.00742	0.00245	0.00973	0.00661	0.00370	0.00868
72	0.02822	0.02079	0.02228	0.01708	0.02302	0.02302	0.01411	0.66804	0.03490	0.04679	0.01782	0.01782	0.01262	0.00891	0.00743	0.00223	0.00817	0.00668	0.00743	0.01262
73	0.01071	0.00716	0.00812	0.00821	0.00823	0.00714	0.00462	0.01077	0.01096	0.01462	0.02425	0.08228	0.02808	0.70392	0.03639	0.00699	0.00706	0.01130	0.00462	0.00457
74	0.16085	0.01633	0.01719	0.01434	0.01930	0.01803	0.01154	0.19338	0.29017	0.14589	0.02342	0.02204	0.01683	0.00907	0.00698	0.00237	0.00650	0.00703	0.00727	0.01146
75	0.02634	0.01958	0.02105	0.01653	0.02202	0.02168	0.01351	0.58001	0.08514	0.04393	0.02014	0.05987	0.01553	0.00983	0.00755	0.00230	0.00776	0.00765	0.00741	0.01218
76	0.00901	0.00658	0.00849	0.01001	0.01068	0.00606	0.00675	0.01037	0.01452	0.01908	0.04484	0.65833	0.12249	0.02275	0.00940	0.00296	0.00424	0.02048	0.00689	0.00606
77	0.02390	0.04809	0.01939	0.01613	0.02041	0.34323	0.01258	0.20635	0.04879	0.02703	0.02527	0.02545	0.13188	0.01004	0.00724	0.00212	0.00975	0.00736	0.00551	0.00947
78	0.38971	0.12670	0.01589	0.01080	0.01498	0.01662	0.00902	0.04238	0.07125	0.03022	0.17946	0.02422	0.02492	0.00918	0.00598	0.00221	0.00562	0.00678	0.00559	0.00847
79	0.01015	0.00726	0.00981	0.01111	0.01215	0.00693	0.00836	0.01245	0.01627	0.02185	0.15822	0.42470	0.05108	0.02100	0.00957	0.00301	0.00488	0.19765	0.00711	0.00644
80	0.02482	0.01242	0.01560	0.01288	0.01741	0.01201	0.01031	0.03240	0.18745	0.39067	0.16655	0.03215	0.03019	0.01066	0.00776	0.00236	0.00562	0.00894	0.00856	0.01124
81	0.05397	0.03030	0.02145	0.05339	0.06257	0.50589	0.01487	0.12690	0.02234	0.02351	0.01264	0.01462	0.01012	0.00775	0.00680	0.00202	0.01188	0.00524	0.00437	0.00937
82	0.19230	0.05619	0.46201	0.01898	0.05546	0.01729	0.02159	0.02360	0.01526	0.05471	0.01325	0.01525	0.00959	0.00706	0.00644	0.00230	0.00938	0.00523	0.00375	0.01036
83	0.01815	0.01304	0.01481	0.04627	0.01804	0.01383	0.01033	0.10016	0.26254	0.11377	0.10759	0.03851	0.16197	0.03634	0.00891	0.00259	0.00574	0.01010	0.00737	0.00992
84	0.08531	0.47386	0.03128	0.01404	0.01968	0.16999	0.01267	0.05599	0.01733	0.04471	0.01161	0.01300	0.00988	0.00690	0.00538	0.00177	0.00886	0.00440	0.00385	0.00948
85	0.01097	0.00811	0.00968	0.00976	0.01209	0.00719	0.00765	0.01348	0.01741	0.04720	0.15504	0.13373	0.33500	0.01803	0.00894	0.00265	0.00460	0.14646	0.00704	0.04496
86	0.04513	0.02333	0.11056	0.05956	0.03288	0.14026	0.37271	0.02348	0.01739	0.02249	0.01587	0.07136	0.01339	0.00794	0.00804	0.00241	0.01152	0.00833	0.00394	0.00942
87	0.01030	0.06354	0.01116	0.01005	0.01128	0.00813	0.00716	0.01211	0.01567	0.02099	0.18256	0.45959	0.07340	0.06537	0.01072	0.00300	0.00457	0.01722	0.00674	0.00643
88	0.02681	0.01346	0.01683	0.01313	0.01864	0.01231	0.01067	0.07550	0.10309	0.41780	0.05818	0.02479	0.01974	0.00892	0.00719	0.00211	0.00610	0.00728	0.00796	0.14951
89	0.02780	0.02059	0.02204	0.01700	0.02286	0.02283	0.01401	0.64101	0.06261	0.04611	0.01836	0.01825	0.01306	0.00896	0.00743	0.00224	0.00807	0.00676	0.00743	0.01259
90	0.02172	0.26783	0.05078	0.04373	0.04516	0.24153	0.07618	0.06701	0.01830	0.02070	0.01233	0.01507	0.01039	0.00940	0.03733	0.00241	0.04161	0.00537	0.00378	0.00937
91	0.01402	0.01319	0.02227	0.72126	0.05113	0.01649	0.02062	0.01897	0.01484	0.01897	0.01319	0.01979	0.00990	0.00742	0.00742	0.00247	0.00990	0.00660	0.00330	0.00825
92	0.01805	0.02084	0.11350	0.05786	0.24561	0.01782	0.33691	0.02380	0.01718	0.05272	0.01504	0.01921	0.01146	0.00663	0.00801	0.00238	0.01080	0.00757	0.00388	0.01073
93	0.01837	0.01914	0.05373	0.12692	0.53997	0.06708	0.02208	0.02283	0.01690	0.02313	0.01367	0.01809	0.01128	0.00681	0.00730	0.00222	0.00936	0.00644	0.00362	0.01107
94	0.00991	0.00753	0.00915	0.00901	0.01091	0.00677	0.00677	0.01273	0.01905	0.02557	0.41832	0.10948	0.26632	0.01714	0.00888	0.00248	0.00379	0.04189	0.00761	0.00669
95	0.03225	0.01277	0.01716	0.01322	0.01882	0.01125	0.01089	0.06082	0.02179	0.64676	0.05344	0.02609	0.02007	0.00940	0.00751	0.00230	0.00629	0.00766	0.00908	0.01242
96	0.02152	0.60811	0.03538	0.01374	0.01967	0.13681	0.01291	0.02385	0.01622	0.03895	0.01110	0.01256	0.00981	0.00665	0.00515	0.00166	0.00875	0.00421	0.00347	0.00948
97	0.05737	0.01325	0.01737	0.01336	0.01908	0.01193	0.01104	0.07908	0.02191	0.63185	0.02789	0.02433	0.01765	0.00910	0.00737	0.00229	0.00643	0.00730	0.00892	0.01249
98	0.00960	0.00689	0.00911	0.00996	0.01089	0.00640	0.00693	0.01174	0.01680	0.02307	0.28785	0.47557	0.05708	0.02018	0.00920	0.00276	0.00400	0.01818	0.00738	0.00640
99	0.01571	0.01258	0.01488	0.01561	0.04021	0.04524	0.01266	0.09448	0.11308	0.02616	0.03337	0.06268	0.03381	0.01662	0.00928	0.00304	0.00723	0.42814	0.00675	0.00845
100	0.01934	0.58934	0.13448	0.01539	0.04644	0.05026	0.01529	0.02269	0.01544	0.01863	0.01093	0.01275	0.00959	0.00651	0.00526	0.00173	0.00860	0.00432	0.00321	0.00979
101	0.02098	0.01607	0.01737	0.01510	0.01963	0.01812	0.01189	0.10063	0.54697	0.10284	0.02890	0.02647	0.02123	0.00987	0.00753	0.00247	0.00615	0.00813	0.00771	0.01193
102	0.00901	0.00743	0.00792	0.00801	0.01023	0.00634	0.00593	0.01104	0.01717	0.02116	0.14810	0.13256	0.55187	0.01878	0.00884	0.00253	0.00378	0.01591	0.00705	0.00634
103	0.02656	0.01951	0.02100	0.01653	0.02213	0.02162	0.01352	0.51948	0.15862	0.07190	0.02071	0.02005	0.01481	0.00915	0.00745	0.00229	0.00765	0.00705	0.00753	0.01246
104	0.02165	0.07348	0.01865	0.01370	0.01799	0.01790	0.01123	0.37448	0.02546	0.03539	0.01897	0.02205	0.01501	0.04452	0.10459	0.00362	0.00881	0.00685	0.15554	0.01013
105	0.00904	0.00646	0.00861	0.01034	0.01077	0.00603	0.00689	0.01034	0.01421	0.01895	0.04092	0.73426	0.04910	0.02326	0.00948	0.00301	0.00431	0.02110	0.00689	0.00603
106	0.02183	0.51558	0.06237	0.01486	0.02070	0.21864	0.01379	0.02435	0.01677	0.01792	0.01077	0.01248	0.00953	0.00674	0.00540	0.00171	0.00959	0.00426	0.00336	0.00933
107	0.01983	0.02039	0.02872	0.04146	0.58880	0.12502	0.02147	0.02385	0.01755	0.02331	0.01358	0.01760	0.01142	0.00678	0.00725	0.00216	0.00953	0.00633	0.00370	0.01127
108	0.01061	0.00712	0.00815	0.00834	0.00838	0.00707	0.00475	0.01075	0.01116	0.01488	0.02527	0.12209	0.02936	0.66236	0.03475	0.00675	0.00689	0.01190	0.00475	0.00466
109	0.01489	0.03840	0.70064	0.02116	0.03213	0.01724	0.02743	0.02351	0.01567	0.02351	0.01332	0.01567	0.00940	0.00705	0.00705	0.00235	0.01097	0.00549	0.00313	0.01097
110	0.01763	0.01946	0.04059	0.03339	0.15438	0.01872	0.52723	0.02338	0.01718	0.02364	0.01463	0.01959	0.01130	0.00657	0.00909	0.00248	0.03847	0.00829	0.00372	0.01025
111	0.73105	0.01487	0.01181	0.01034	0.01504	0.01716	0.00852	0.07303	0.01440	0.03438	0.01093	0.01252	0.00840	0.00705	0.00482	0.00229	0.00593	0.00423	0.00482	0.00840
112	0.00945	0.00755	0.00846	0.00823	0.01044	0.00656	0.00617	0.01196	0.01852	0.02385	0.31494	0.06520	0.44768	0.01739	0.00877	0.00244	0.00366	0.01479	0.00739	0.00656
113	0.01819	0.01739	0.02930	0.07343	0.64042	0.01762	0.02228	0.02323	0.04126	0.02428	0.01453	0.01878	0.01208	0.00678	0.00736	0.00223	0.00876	0.00668	0.00380	0.01161
114	0.06302	0.54060	0.16398	0.01414	0.02111	0.02562	0.01516	0.02215	0.01495	0.01954	0.01123	0.01323	0.00972	0.00819	0.02915	0.00213	0.00880	0.00440	0.00328	0.00962
115	0.01384	0.00692	0.00692	0.00692	0.00865	0.00692	0.00519	0.01730	0.01557	0.02768	0.02422	0.02768	0.01903	0.00865	0.00519	0.00173	0.00346	0.00692	0.78031	0.00692
116	0.00903	0.00652	0.00855	0.01017	0.01072	0.00604	0.00682	0.01036	0.01437	0.01901	0.04289	0.69609	0.08599	0.02300	0.00944	0.00299	0.00428	0.02079	0.00689	0.00604
117	0.01501	0.03753	0.66940	0.02164	0.03245	0.01731	0.05779	0.02352	0.01576	0.02352	0.01340	0.01588	0.00949	0.00702	0.00713	0.00236	0.01104	0.00564	0.00316	0.01093
118	0.01280	0.00896	0.01046	0.00950	0.01216	0.00826	0.00730	0.06639	0.02052	0.07314	0.34734	0.05670	0.30704	0.01570	0.00857	0.00239	0.00417	0.01337	0.00768	0.00755

[dist]
# distance from previous block
# <min> <max>
0	0

# created by:
# /st0/software/busco_prod/Augustus/scripts/msa2prfl.pl ./align_prep/137756.fa
