[name]
unknown

[dist]
# distance from previous block
# <min> <max>
0	9

[block]
# block no. 0 follows, 28 sequences, length 7
# corresponding to MSA columns:
# 9-15
name=unknown_A
#
# <colnr> <probs for GDERKNQSTAVLIFYWHMCP>
#	G	D	E	R	K	N	Q	S	T	A	V	L	I	F	Y	W	H	M	C	P
0	0.01146	0.00828	0.01136	0.01289	0.01463	0.00818	0.01121	0.01468	0.01672	0.02158	0.04136	0.08101	0.09536	0.01994	0.00992	0.00327	0.00645	0.59833	0.00670	0.00665
1	0.01806	0.01814	0.02353	0.07124	0.39229	0.11212	0.01764	0.02436	0.12197	0.02326	0.02192	0.02414	0.08279	0.00841	0.00729	0.00221	0.00835	0.00741	0.00452	0.01034
2	0.01645	0.01387	0.01578	0.01181	0.01787	0.01190	0.00943	0.06994	0.11692	0.02633	0.01575	0.01705	0.01259	0.00630	0.00582	0.00137	0.00563	0.00506	0.00499	0.61512
3	0.01639	0.03033	0.44592	0.06030	0.03318	0.01774	0.18053	0.08462	0.01752	0.02501	0.01386	0.01679	0.00997	0.00691	0.00736	0.00233	0.01079	0.00631	0.00362	0.01053
4	0.02588	0.12797	0.05240	0.01837	0.06136	0.36865	0.01432	0.09854	0.02084	0.12406	0.01459	0.01550	0.01110	0.00759	0.00654	0.00195	0.01041	0.00530	0.00479	0.00985
5	0.01002	0.00780	0.01047	0.01133	0.01166	0.00842	0.00797	0.01125	0.01330	0.01812	0.03444	0.58902	0.04098	0.06550	0.01316	0.00324	0.11321	0.01791	0.00607	0.00612
6	0.04305	0.01149	0.01100	0.01172	0.01309	0.11323	0.00834	0.03751	0.01593	0.02047	0.05716	0.52582	0.03992	0.01897	0.00862	0.00273	0.00581	0.04221	0.00627	0.00666

[dist]
# distance from previous block
# <min> <max>
0	7

[block]
# block no. 1 follows, 28 sequences, length 84
# corresponding to MSA columns:
# 23-106
name=unknown_B
#
# <colnr> <probs for GDERKNQSTAVLIFYWHMCP>
#	G	D	E	R	K	N	Q	S	T	A	V	L	I	F	Y	W	H	M	C	P
0	0.01697	0.01634	0.05016	0.09267	0.02255	0.03846	0.01298	0.06304	0.25867	0.02576	0.02075	0.02186	0.03683	0.00878	0.00871	0.00215	0.08791	0.00673	0.00535	0.20333
1	0.02057	0.01756	0.01765	0.01521	0.01957	0.06425	0.01198	0.19183	0.44616	0.03327	0.06270	0.02536	0.02155	0.00971	0.00738	0.00235	0.00665	0.00785	0.00716	0.01125
2	0.01631	0.02062	0.16156	0.11418	0.03414	0.01605	0.34048	0.02206	0.01627	0.05122	0.01565	0.04929	0.01236	0.00718	0.00774	0.00229	0.01032	0.00771	0.00392	0.09064
3	0.01759	0.01668	0.02789	0.04134	0.62796	0.01688	0.02105	0.02265	0.05049	0.02372	0.01479	0.01902	0.01241	0.00920	0.04488	0.00268	0.00906	0.00664	0.00381	0.01125
4	0.01185	0.00661	0.00738	0.00799	0.00922	0.00646	0.00569	0.01447	0.01476	0.02400	0.02964	0.28549	0.02931	0.01365	0.00660	0.00215	0.00369	0.01181	0.50278	0.00646
5	0.01961	0.01637	0.01730	0.01510	0.01948	0.01879	0.01188	0.14044	0.58176	0.03287	0.02764	0.02557	0.02062	0.00968	0.00738	0.00242	0.00611	0.00795	0.00738	0.01164
6	0.01222	0.00901	0.01066	0.01070	0.01261	0.00908	0.00775	0.01826	0.16648	0.05191	0.15261	0.32246	0.12052	0.04894	0.00978	0.00282	0.00457	0.01495	0.00710	0.00756
7	0.76703	0.01379	0.01054	0.00946	0.01385	0.01596	0.00777	0.02120	0.01248	0.03241	0.01062	0.01237	0.00827	0.00681	0.00452	0.00223	0.00554	0.00404	0.03328	0.00783
8	0.01355	0.00678	0.00678	0.00678	0.00847	0.00678	0.00508	0.01694	0.01524	0.02710	0.02371	0.02710	0.01863	0.00847	0.00508	0.00169	0.00339	0.00678	0.78489	0.00678
9	0.01479	0.01693	0.13297	0.01245	0.01945	0.01080	0.01167	0.01885	0.01508	0.02341	0.01379	0.03773	0.01166	0.00619	0.00576	0.00134	0.00626	0.00500	0.00417	0.63169
10	0.01013	0.03207	0.00969	0.00867	0.01114	0.00804	0.00660	0.01391	0.07507	0.02243	0.19647	0.09278	0.45353	0.01674	0.00839	0.00241	0.00397	0.01415	0.00695	0.00684
11	0.00882	0.00647	0.00829	0.00975	0.01045	0.00594	0.00658	0.01016	0.01427	0.01870	0.04459	0.64947	0.13548	0.02218	0.00919	0.00289	0.00415	0.01995	0.00675	0.00594
12	0.01975	0.71937	0.03737	0.01270	0.01881	0.05716	0.01250	0.02207	0.01501	0.01713	0.01015	0.01172	0.00933	0.00627	0.00474	0.00157	0.00799	0.00392	0.00314	0.00929
13	0.13202	0.01304	0.01934	0.49005	0.03875	0.01571	0.01680	0.02040	0.01480	0.08668	0.03440	0.01962	0.01198	0.00789	0.00784	0.00242	0.04936	0.00636	0.00411	0.00841
14	0.01270	0.00739	0.00816	0.00822	0.00957	0.00748	0.00583	0.04323	0.01486	0.02371	0.02581	0.14927	0.02460	0.14108	0.04772	0.00337	0.00518	0.00979	0.44558	0.00645
15	0.00891	0.00641	0.00846	0.00999	0.01053	0.00595	0.00671	0.01029	0.01429	0.01905	0.06975	0.68864	0.06950	0.02229	0.00923	0.00291	0.00417	0.02017	0.00680	0.00595
16	0.38607	0.04106	0.01650	0.12242	0.02195	0.13290	0.01194	0.04615	0.01506	0.04493	0.01174	0.01457	0.00933	0.00893	0.02736	0.00254	0.06907	0.00495	0.00423	0.00830
17	0.79588	0.01406	0.01068	0.00956	0.01406	0.01631	0.00787	0.02137	0.01237	0.03261	0.01012	0.01181	0.00787	0.00675	0.00450	0.00225	0.00562	0.00394	0.00450	0.00787
18	0.76954	0.01400	0.01090	0.00968	0.01421	0.01611	0.00797	0.02185	0.01266	0.05579	0.01076	0.01225	0.00822	0.00683	0.00460	0.00225	0.00564	0.00405	0.00465	0.00803
19	0.00907	0.00735	0.00786	0.00775	0.00988	0.00634	0.00570	0.01108	0.01690	0.02107	0.19032	0.06528	0.52546	0.07109	0.01068	0.00276	0.00388	0.01457	0.00682	0.00615
20	0.01668	0.01339	0.01560	0.01126	0.01764	0.01060	0.00905	0.06309	0.01660	0.05489	0.01391	0.01565	0.01119	0.00577	0.00559	0.00120	0.00559	0.00459	0.00471	0.70297
21	0.01332	0.00680	0.00680	0.00680	0.00853	0.00674	0.00510	0.01663	0.01531	0.02675	0.02608	0.02913	0.05070	0.00894	0.00525	0.00173	0.00340	0.00718	0.74807	0.00674
22	0.02265	0.20162	0.02616	0.07511	0.10933	0.34837	0.01525	0.05335	0.01841	0.01965	0.01160	0.01417	0.00979	0.00731	0.00698	0.00194	0.04047	0.00501	0.00366	0.00916
23	0.02718	0.02014	0.02156	0.01663	0.02237	0.02233	0.01371	0.64484	0.06503	0.04508	0.01803	0.01791	0.01283	0.00878	0.00728	0.00219	0.00789	0.00662	0.00728	0.01232
24	0.00884	0.00710	0.00790	0.00829	0.01012	0.00615	0.00599	0.01070	0.01630	0.02037	0.13166	0.24609	0.45661	0.01919	0.00877	0.00257	0.00380	0.01652	0.00688	0.00615
25	0.01808	0.01561	0.01644	0.01479	0.01890	0.01808	0.01151	0.03863	0.68606	0.03041	0.02959	0.02712	0.02219	0.00986	0.00740	0.00247	0.00575	0.00822	0.00740	0.01151
26	0.01458	0.03760	0.70688	0.02072	0.03146	0.01688	0.02686	0.02302	0.01535	0.02302	0.01304	0.01535	0.00921	0.00691	0.00691	0.00230	0.01074	0.00537	0.00307	0.01074
27	0.00973	0.00802	0.00857	0.00925	0.01060	0.03644	0.00643	0.01123	0.01522	0.01903	0.07770	0.37733	0.28717	0.07527	0.01099	0.00301	0.00458	0.01691	0.00649	0.00602
28	0.01021	0.00741	0.00954	0.00901	0.01071	0.00683	0.00671	0.01344	0.02003	0.02815	0.64081	0.05487	0.09921	0.03978	0.00954	0.00246	0.00356	0.01317	0.00782	0.00674
29	0.16628	0.01267	0.01579	0.01234	0.01777	0.01167	0.01019	0.03296	0.01933	0.58661	0.02543	0.02248	0.01622	0.00860	0.00682	0.00225	0.00609	0.00672	0.00821	0.01158
30	0.01458	0.03760	0.70688	0.02072	0.03146	0.01688	0.02686	0.02302	0.01535	0.02302	0.01304	0.01535	0.00921	0.00691	0.00691	0.00230	0.01074	0.00537	0.00307	0.01074
31	0.02763	0.02036	0.02182	0.01672	0.02254	0.02254	0.01382	0.67496	0.03418	0.04581	0.01745	0.01745	0.01236	0.00873	0.00727	0.00218	0.00800	0.00654	0.00727	0.01236
32	0.75665	0.01438	0.01125	0.00993	0.01449	0.01663	0.00818	0.05475	0.01348	0.03329	0.01050	0.01210	0.00810	0.00685	0.00464	0.00225	0.00574	0.00407	0.00464	0.00810
33	0.01926	0.01263	0.01324	0.01118	0.01463	0.01365	0.00890	0.26935	0.07365	0.03448	0.02178	0.02343	0.01651	0.00867	0.00609	0.00194	0.00533	0.00680	0.42923	0.00927
34	0.79588	0.01406	0.01068	0.00956	0.01406	0.01631	0.00787	0.02137	0.01237	0.03261	0.01012	0.01181	0.00787	0.00675	0.00450	0.00225	0.00562	0.00394	0.00450	0.00787
35	0.01799	0.01727	0.02950	0.04462	0.69919	0.01727	0.02231	0.02231	0.01655	0.02375	0.01367	0.01799	0.01151	0.00648	0.00720	0.00216	0.00864	0.00648	0.00360	0.01151
36	0.01808	0.01569	0.01700	0.01607	0.04797	0.01805	0.01197	0.03793	0.65745	0.03012	0.02891	0.02673	0.02173	0.00972	0.00739	0.00245	0.00588	0.00814	0.00723	0.01151
37	0.01716	0.01961	0.04289	0.03064	0.03799	0.01838	0.67279	0.02328	0.01716	0.02328	0.01471	0.01961	0.01103	0.00613	0.00858	0.00245	0.01225	0.00858	0.00368	0.00980
38	0.00893	0.00663	0.00814	0.00929	0.01016	0.00605	0.00627	0.01023	0.01427	0.01845	0.04661	0.52503	0.19965	0.08044	0.01137	0.00317	0.00432	0.01858	0.00656	0.00584
39	0.01707	0.01017	0.01053	0.00926	0.01199	0.01071	0.00726	0.18135	0.01997	0.03178	0.02215	0.02469	0.01706	0.00853	0.00563	0.00182	0.00454	0.00672	0.59060	0.00817
40	0.00886	0.00633	0.00843	0.01012	0.01054	0.00590	0.00675	0.01012	0.01392	0.01856	0.04006	0.73979	0.04808	0.02277	0.00928	0.00295	0.00422	0.02066	0.00675	0.00590
41	0.01716	0.01961	0.04289	0.03064	0.03799	0.01838	0.67279	0.02328	0.01716	0.02328	0.01471	0.01961	0.01103	0.00613	0.00858	0.00245	0.01225	0.00858	0.00368	0.00980
42	0.00886	0.00633	0.00843	0.01012	0.01054	0.00590	0.00675	0.01012	0.01392	0.01856	0.04006	0.73979	0.04808	0.02277	0.00928	0.00295	0.00422	0.02066	0.00675	0.00590
43	0.02050	0.01365	0.01571	0.01351	0.01724	0.01438	0.01055	0.25949	0.11536	0.13061	0.06878	0.23307	0.02840	0.01340	0.00796	0.00246	0.00604	0.01141	0.00743	0.01002
44	0.00903	0.00643	0.00848	0.00995	0.01042	0.00602	0.00663	0.01035	0.01412	0.01892	0.07621	0.66422	0.04809	0.06070	0.01071	0.00313	0.00432	0.01970	0.00669	0.00588
45	0.02025	0.01411	0.01608	0.05351	0.01865	0.01567	0.01109	0.27998	0.07986	0.06471	0.02091	0.02498	0.01656	0.04818	0.02978	0.00272	0.04589	0.02769	0.19973	0.00966
46	0.03210	0.01249	0.01685	0.01300	0.01857	0.01095	0.01071	0.03554	0.04435	0.68038	0.02871	0.02483	0.01814	0.00903	0.00731	0.00226	0.00617	0.00734	0.00894	0.01234
47	0.01716	0.01961	0.04289	0.03064	0.03799	0.01838	0.67279	0.02328	0.01716	0.02328	0.01471	0.01961	0.01103	0.00613	0.00858	0.00245	0.01225	0.00858	0.00368	0.00980
48	0.00886	0.00633	0.00843	0.01012	0.01054	0.00590	0.00675	0.01012	0.01392	0.01856	0.04006	0.73979	0.04808	0.02277	0.00928	0.00295	0.00422	0.02066	0.00675	0.00590
49	0.01507	0.01292	0.01507	0.01077	0.01723	0.00969	0.00861	0.01830	0.01507	0.02369	0.01292	0.01507	0.01077	0.00538	0.00538	0.00108	0.00538	0.00431	0.00431	0.78898
50	0.01480	0.01191	0.01325	0.01152	0.01520	0.01181	0.00890	0.11077	0.16918	0.02748	0.11813	0.12534	0.16469	0.01287	0.00764	0.00221	0.00509	0.01090	0.00668	0.15165
51	0.02660	0.01988	0.02162	0.01666	0.02219	0.02211	0.01376	0.61872	0.03233	0.04359	0.01688	0.01729	0.01216	0.00883	0.00809	0.00220	0.04637	0.00646	0.00696	0.03730
52	0.01370	0.01321	0.01621	0.07442	0.01834	0.07469	0.01221	0.01545	0.01342	0.01806	0.02294	0.32344	0.02591	0.01608	0.01478	0.00291	0.30006	0.01230	0.00475	0.00713
53	0.75501	0.01515	0.01121	0.01005	0.01450	0.05348	0.00820	0.02177	0.01281	0.03183	0.01018	0.01188	0.00795	0.00679	0.00461	0.00223	0.00602	0.00398	0.00446	0.00790
54	0.79588	0.01406	0.01068	0.00956	0.01406	0.01631	0.00787	0.02137	0.01237	0.03261	0.01012	0.01181	0.00787	0.00675	0.00450	0.00225	0.00562	0.00394	0.00450	0.00787
55	0.00886	0.00633	0.00843	0.01012	0.01054	0.00590	0.00675	0.01012	0.01392	0.01856	0.04006	0.73979	0.04808	0.02277	0.00928	0.00295	0.00422	0.02066	0.00675	0.00590
56	0.07085	0.07485	0.02177	0.01595	0.02141	0.11921	0.01313	0.44244	0.02842	0.09722	0.01661	0.01674	0.01196	0.00828	0.00683	0.00210	0.00841	0.00601	0.00646	0.01133
57	0.27670	0.01396	0.01553	0.01235	0.01764	0.01404	0.01019	0.11476	0.01985	0.40256	0.02126	0.01964	0.01401	0.00824	0.00640	0.00224	0.00624	0.00613	0.00733	0.01093
58	0.02763	0.02036	0.02182	0.01672	0.02254	0.02254	0.01382	0.67496	0.03418	0.04581	0.01745	0.01745	0.01236	0.00873	0.00727	0.00218	0.00800	0.00654	0.00727	0.01236
59	0.02829	0.01930	0.02116	0.01622	0.02201	0.02097	0.01340	0.59004	0.03240	0.13323	0.01894	0.01842	0.01311	0.00876	0.00728	0.00219	0.00776	0.00665	0.00750	0.01236
60	0.00889	0.00656	0.00833	0.00960	0.01044	0.00600	0.00655	0.01038	0.01474	0.01934	0.08275	0.58874	0.15789	0.02159	0.00912	0.00283	0.00408	0.01935	0.00682	0.00600
61	0.01041	0.00769	0.01120	0.01120	0.01234	0.00883	0.00849	0.01267	0.01154	0.01652	0.01991	0.03098	0.01922	0.14245	0.62924	0.01109	0.01789	0.00814	0.00396	0.00622
62	0.00890	0.00669	0.00808	0.00913	0.01014	0.00606	0.00621	0.01025	0.01448	0.01857	0.04900	0.48835	0.24243	0.07255	0.01103	0.00309	0.00426	0.01834	0.00658	0.00587
63	0.01450	0.01371	0.01908	0.01672	0.01691	0.01861	0.01358	0.01604	0.01114	0.01700	0.01252	0.02143	0.01275	0.10517	0.12283	0.00484	0.54536	0.00706	0.00343	0.00733
64	0.02325	0.01819	0.01935	0.01584	0.02087	0.02050	0.01276	0.38329	0.33298	0.03875	0.02301	0.02188	0.01687	0.00925	0.00733	0.00231	0.00697	0.00731	0.00733	0.01197
65	0.01458	0.03760	0.70688	0.02072	0.03146	0.01688	0.02686	0.02302	0.01535	0.02302	0.01304	0.01535	0.00921	0.00691	0.00691	0.00230	0.01074	0.00537	0.00307	0.01074
66	0.01311	0.00908	0.01020	0.00944	0.01038	0.00947	0.00606	0.10993	0.01416	0.01898	0.02191	0.04206	0.02389	0.59795	0.06865	0.00657	0.00785	0.00982	0.00481	0.00570
67	0.01624	0.01370	0.01593	0.01160	0.01777	0.01129	0.00934	0.07768	0.01666	0.02547	0.01321	0.01532	0.01087	0.00594	0.00620	0.00125	0.03102	0.00458	0.00454	0.69139
68	0.01057	0.00705	0.00793	0.00793	0.00793	0.00705	0.00440	0.01057	0.01057	0.01409	0.02290	0.04757	0.02643	0.74454	0.03700	0.00705	0.00705	0.01057	0.00440	0.00440
69	0.01507	0.01292	0.01507	0.01077	0.01723	0.00969	0.00861	0.01830	0.01507	0.02369	0.01292	0.01507	0.01077	0.00538	0.00538	0.00108	0.00538	0.00431	0.00431	0.78898
70	0.01274	0.01036	0.01012	0.00983	0.01095	0.07159	0.00655	0.05248	0.01460	0.01845	0.06834	0.11430	0.09607	0.42554	0.02442	0.00503	0.00681	0.03077	0.00526	0.00578
71	0.01373	0.01292	0.02180	0.72707	0.05006	0.01615	0.02019	0.01857	0.01453	0.01857	0.01292	0.01938	0.00969	0.00727	0.00727	0.00242	0.00969	0.00646	0.00323	0.00807
72	0.01373	0.01292	0.02180	0.72707	0.05006	0.01615	0.02019	0.01857	0.01453	0.01857	0.01292	0.01938	0.00969	0.00727	0.00727	0.00242	0.00969	0.00646	0.00323	0.00807
73	0.00886	0.00633	0.00843	0.01012	0.01054	0.00590	0.00675	0.01012	0.01392	0.01856	0.04006	0.73979	0.04808	0.02277	0.00928	0.00295	0.00422	0.02066	0.00675	0.00590
74	0.01575	0.05459	0.02548	0.14216	0.04917	0.02037	0.10044	0.01868	0.01319	0.01901	0.03462	0.01814	0.01185	0.01046	0.01695	0.00281	0.42777	0.00677	0.00343	0.00836
75	0.01709	0.01942	0.04184	0.03005	0.03702	0.01858	0.63925	0.02299	0.01685	0.02299	0.01444	0.01942	0.01095	0.00646	0.00936	0.00249	0.04897	0.00847	0.00365	0.00971
76	0.00886	0.00633	0.00843	0.01012	0.01054	0.00590	0.00675	0.01012	0.01392	0.01856	0.04006	0.73979	0.04808	0.02277	0.00928	0.00295	0.00422	0.02066	0.00675	0.00590
77	0.06997	0.01859	0.01990	0.01547	0.02087	0.02041	0.01273	0.55707	0.03112	0.07144	0.05374	0.01967	0.01551	0.00894	0.00712	0.00218	0.00741	0.00679	0.02940	0.01166
78	0.11618	0.01664	0.05588	0.14361	0.02525	0.05616	0.06105	0.11716	0.03869	0.02516	0.01790	0.14010	0.01683	0.01093	0.00995	0.00254	0.12390	0.00861	0.00477	0.00870
79	0.02531	0.01618	0.01858	0.04832	0.02111	0.01721	0.01228	0.37350	0.07061	0.19135	0.02397	0.06278	0.03919	0.00990	0.00737	0.00226	0.00700	0.00793	0.03380	0.01134
80	0.01084	0.00761	0.00938	0.07253	0.01199	0.00798	0.00608	0.01142	0.01099	0.01465	0.02182	0.04397	0.02446	0.63950	0.07272	0.00690	0.00799	0.01005	0.00427	0.00485
81	0.01519	0.01426	0.02131	0.22437	0.02900	0.01598	0.07701	0.04677	0.01503	0.02123	0.01667	0.02094	0.05835	0.00897	0.01134	0.00229	0.19578	0.00675	0.00394	0.19482
82	0.02149	0.01750	0.02167	0.01737	0.02201	0.04406	0.09687	0.25935	0.17376	0.07042	0.02140	0.08133	0.01738	0.01003	0.00887	0.00238	0.06518	0.00827	0.00635	0.03430
83	0.05405	0.01581	0.01789	0.01482	0.01898	0.01710	0.03052	0.42632	0.02660	0.03631	0.02394	0.23692	0.02299	0.01284	0.00780	0.00243	0.00687	0.01079	0.00689	0.01013

[dist]
# distance from previous block
# <min> <max>
0	17

[block]
# block no. 2 follows, 28 sequences, length 29
# corresponding to MSA columns:
# 124-152
name=unknown_C
#
# <colnr> <probs for GDERKNQSTAVLIFYWHMCP>
#	G	D	E	R	K	N	Q	S	T	A	V	L	I	F	Y	W	H	M	C	P
0	0.06145	0.20320	0.04108	0.06687	0.02042	0.04312	0.01283	0.08531	0.04204	0.02233	0.01509	0.06711	0.01382	0.01378	0.08001	0.00313	0.12784	0.00659	0.00424	0.06977
1	0.02372	0.27163	0.07435	0.01678	0.02184	0.43894	0.01441	0.02620	0.01830	0.01793	0.01099	0.01278	0.00934	0.00703	0.00595	0.00180	0.01117	0.00447	0.00349	0.00889
2	0.01507	0.01292	0.01507	0.01077	0.01723	0.00969	0.00861	0.01830	0.01507	0.02369	0.01292	0.01507	0.01077	0.00538	0.00538	0.00108	0.00538	0.00431	0.00431	0.78898
3	0.01266	0.00775	0.00929	0.06190	0.01315	0.00796	0.00747	0.04132	0.01567	0.02442	0.02833	0.23353	0.02769	0.01326	0.00686	0.00224	0.00450	0.05378	0.42139	0.00684
4	0.04696	0.64835	0.10670	0.01320	0.01982	0.02708	0.01377	0.02188	0.01474	0.01828	0.01041	0.01205	0.00926	0.00631	0.00489	0.00166	0.00800	0.00404	0.00316	0.00942
5	0.01602	0.09545	0.02254	0.18174	0.10059	0.09222	0.03364	0.01902	0.01417	0.01833	0.01354	0.01988	0.01207	0.04584	0.14372	0.00430	0.14878	0.00644	0.00349	0.00821
6	0.00943	0.00740	0.00853	0.00825	0.01034	0.00650	0.00619	0.01206	0.01856	0.02436	0.38237	0.06218	0.38456	0.01665	0.00858	0.00237	0.00356	0.01425	0.00737	0.00650
7	0.01094	0.00759	0.00922	0.00927	0.00983	0.00780	0.00598	0.03767	0.01254	0.01699	0.04491	0.15722	0.02936	0.46577	0.13766	0.00677	0.00848	0.01170	0.00493	0.00537
8	0.01192	0.00923	0.01109	0.01043	0.01264	0.00934	0.00787	0.01908	0.17222	0.02845	0.48078	0.08999	0.07977	0.01432	0.00835	0.00237	0.00402	0.01255	0.00774	0.00784
9	0.01559	0.01713	0.05691	0.25319	0.03642	0.01867	0.25320	0.02014	0.01457	0.02014	0.01263	0.01834	0.01011	0.00835	0.01231	0.00264	0.21036	0.00715	0.00337	0.00877
10	0.19763	0.01880	0.01649	0.01329	0.01858	0.15617	0.01059	0.13456	0.01929	0.08151	0.01395	0.01510	0.01067	0.00697	0.00589	0.00178	0.00751	0.00492	0.00511	0.26119
11	0.01024	0.00716	0.00924	0.00917	0.01062	0.00666	0.00670	0.01322	0.01883	0.02684	0.51229	0.19178	0.06072	0.01600	0.00846	0.00238	0.00359	0.01420	0.06526	0.00666
12	0.01623	0.01678	0.02356	0.04118	0.02183	0.06522	0.08971	0.01848	0.01266	0.01822	0.01190	0.04577	0.01155	0.01330	0.04342	0.00327	0.52829	0.00713	0.00344	0.00806
13	0.02535	0.12899	0.02361	0.01595	0.02156	0.04840	0.01337	0.48440	0.10196	0.03882	0.01745	0.01748	0.01287	0.00843	0.00687	0.00211	0.00791	0.00626	0.00654	0.01167
14	0.02926	0.01163	0.01579	0.01236	0.01740	0.01011	0.01011	0.03216	0.02077	0.60271	0.12894	0.02919	0.02560	0.00988	0.00750	0.00225	0.00577	0.00819	0.00885	0.01154
15	0.01822	0.39645	0.03190	0.04412	0.02162	0.05445	0.06283	0.02067	0.01400	0.01777	0.01042	0.01400	0.00954	0.00843	0.01141	0.00220	0.24479	0.00518	0.00321	0.00883
16	0.01600	0.07600	0.19046	0.02166	0.02656	0.02009	0.18347	0.02044	0.01393	0.02021	0.01201	0.01677	0.01008	0.01047	0.03551	0.00293	0.30442	0.00655	0.00330	0.00914
17	0.00912	0.00649	0.00859	0.01017	0.01064	0.00611	0.00689	0.01043	0.01388	0.01847	0.03894	0.66070	0.04642	0.06614	0.01099	0.00322	0.00453	0.05582	0.00660	0.00586
18	0.00967	0.00678	0.00822	0.00892	0.00938	0.00647	0.00566	0.01055	0.01306	0.01734	0.07450	0.35224	0.08524	0.33419	0.02118	0.00465	0.00536	0.01547	0.00581	0.00533
19	0.06270	0.55338	0.07674	0.01379	0.01927	0.02634	0.01361	0.02119	0.01413	0.01842	0.01021	0.01253	0.00927	0.00726	0.00764	0.00188	0.11497	0.00435	0.00320	0.00913
20	0.01082	0.00755	0.00912	0.00887	0.01090	0.00669	0.00659	0.01333	0.01819	0.06491	0.33756	0.15690	0.28791	0.01692	0.00861	0.00244	0.00380	0.01467	0.00743	0.00679
21	0.01025	0.00742	0.00997	0.01152	0.01272	0.00714	0.00911	0.01259	0.01552	0.02022	0.04191	0.36180	0.09568	0.02110	0.00960	0.00311	0.00540	0.33190	0.00672	0.00631
22	0.01782	0.01421	0.01655	0.06267	0.02013	0.01375	0.01080	0.20795	0.05849	0.02932	0.01934	0.12794	0.01753	0.00940	0.00677	0.00186	0.00628	0.00784	0.00564	0.34572
23	0.01649	0.06914	0.09223	0.11431	0.32789	0.01726	0.09816	0.02239	0.06831	0.02268	0.01660	0.07181	0.01441	0.00802	0.00734	0.00228	0.00878	0.00763	0.00401	0.01026
24	0.01038	0.00788	0.00896	0.00932	0.01139	0.00720	0.00699	0.01344	0.05863	0.04349	0.05716	0.24188	0.39813	0.01885	0.00879	0.00266	0.00433	0.07697	0.00686	0.00668
25	0.01646	0.31328	0.44768	0.01751	0.02650	0.02149	0.02127	0.02253	0.01512	0.02073	0.01191	0.01392	0.00925	0.00664	0.00604	0.00201	0.00959	0.00480	0.00308	0.01019
26	0.07465	0.01671	0.01926	0.01518	0.02010	0.01791	0.04896	0.35567	0.10339	0.09999	0.01980	0.02259	0.01533	0.09758	0.01071	0.00279	0.00744	0.00717	0.00661	0.03815
27	0.01110	0.00787	0.00969	0.06205	0.01232	0.00808	0.00656	0.03778	0.01294	0.01727	0.05210	0.19720	0.03105	0.47272	0.02638	0.00542	0.00651	0.01243	0.00509	0.00542
28	0.00920	0.00682	0.00858	0.00933	0.01049	0.00621	0.00655	0.01116	0.01624	0.02165	0.22523	0.42573	0.17659	0.01979	0.00896	0.00268	0.00390	0.01760	0.00709	0.00621

[dist]
# distance from previous block
# <min> <max>
1	8

[block]
# block no. 3 follows, 28 sequences, length 64
# corresponding to MSA columns:
# 161-224
name=unknown_D
#
# <colnr> <probs for GDERKNQSTAVLIFYWHMCP>
#	G	D	E	R	K	N	Q	S	T	A	V	L	I	F	Y	W	H	M	C	P
0	0.01466	0.01337	0.02248	0.31723	0.05981	0.01510	0.12182	0.03807	0.01475	0.02012	0.01527	0.05427	0.01338	0.05254	0.01225	0.05585	0.08153	0.00762	0.03367	0.03623
1	0.01125	0.00830	0.01066	0.05840	0.01392	0.00797	0.00765	0.03600	0.01411	0.01927	0.04785	0.37246	0.03370	0.16792	0.01527	0.04442	0.00554	0.01406	0.00558	0.10567
2	0.01583	0.04919	0.01740	0.01188	0.01825	0.03861	0.03309	0.01907	0.01535	0.02313	0.01278	0.01500	0.01065	0.00553	0.00551	0.00118	0.00605	0.00446	0.00420	0.69282
3	0.00942	0.00723	0.00863	0.00864	0.01042	0.00643	0.00634	0.01190	0.01799	0.02386	0.35587	0.17167	0.30037	0.01748	0.00869	0.00246	0.00365	0.01519	0.00733	0.00643
4	0.01597	0.01520	0.02585	0.36884	0.39081	0.01674	0.02130	0.02053	0.01559	0.02129	0.01332	0.01865	0.01065	0.00685	0.00723	0.00228	0.00914	0.00647	0.00342	0.00988
5	0.00890	0.00645	0.00842	0.00989	0.01051	0.00596	0.00667	0.01031	0.01440	0.01912	0.07267	0.66277	0.09285	0.02211	0.00920	0.00289	0.00414	0.01996	0.00681	0.00596
6	0.00884	0.00733	0.00774	0.00772	0.00999	0.00623	0.00576	0.01089	0.01704	0.02095	0.16062	0.09341	0.58229	0.01807	0.00861	0.00245	0.00367	0.01523	0.00693	0.00623
7	0.01029	0.00743	0.00972	0.00914	0.01086	0.00686	0.00686	0.01372	0.02058	0.02915	0.69536	0.05430	0.06859	0.01486	0.00857	0.00229	0.00343	0.01315	0.00800	0.00686
8	0.00871	0.00720	0.00765	0.00789	0.00998	0.00613	0.00578	0.01053	0.01632	0.01990	0.09696	0.17819	0.56175	0.01895	0.00870	0.00253	0.00376	0.01611	0.00681	0.00613
9	0.01943	0.74891	0.03809	0.01244	0.01866	0.02876	0.01244	0.02177	0.01477	0.01710	0.01011	0.01166	0.00933	0.00622	0.00466	0.00155	0.00777	0.00389	0.00311	0.00933
10	0.02763	0.02036	0.02182	0.01672	0.02254	0.02254	0.01382	0.67496	0.03418	0.04581	0.01745	0.01745	0.01236	0.00873	0.00727	0.00218	0.00800	0.00654	0.00727	0.01236
11	0.00898	0.00738	0.00791	0.00778	0.01006	0.00630	0.00583	0.01119	0.01750	0.02184	0.21788	0.06632	0.55062	0.01759	0.00859	0.00242	0.00362	0.01483	0.00704	0.00630
12	0.03261	0.01237	0.01687	0.01293	0.01856	0.01068	0.01068	0.03543	0.02081	0.70423	0.02868	0.02474	0.01799	0.00900	0.00731	0.00225	0.00619	0.00731	0.00900	0.01237
13	0.03261	0.01237	0.01687	0.01293	0.01856	0.01068	0.01068	0.03543	0.02081	0.70423	0.02868	0.02474	0.01799	0.00900	0.00731	0.00225	0.00619	0.00731	0.00900	0.01237
14	0.00884	0.00638	0.00838	0.00998	0.01051	0.00592	0.00668	0.01014	0.01406	0.01861	0.04181	0.70488	0.08186	0.02255	0.00924	0.00293	0.00419	0.02039	0.00675	0.00592
15	0.01057	0.00705	0.00793	0.00793	0.00793	0.00705	0.00440	0.01057	0.01057	0.01409	0.02290	0.04757	0.02643	0.74454	0.03700	0.00705	0.00705	0.01057	0.00440	0.00440
16	0.01373	0.01292	0.02180	0.72707	0.05006	0.01615	0.02019	0.01857	0.01453	0.01857	0.01292	0.01938	0.00969	0.00727	0.00727	0.00242	0.00969	0.00646	0.00323	0.00807
17	0.07645	0.01779	0.01894	0.01495	0.01977	0.01966	0.01206	0.52236	0.02889	0.03984	0.01772	0.02127	0.01405	0.10261	0.03797	0.00316	0.00816	0.00692	0.00660	0.01084
18	0.01601	0.22304	0.49210	0.01914	0.02849	0.02009	0.06142	0.02271	0.01530	0.02148	0.01237	0.01463	0.00935	0.00668	0.00642	0.00211	0.01005	0.00517	0.00312	0.01032
19	0.01056	0.00709	0.00815	0.00815	0.00823	0.00717	0.00468	0.01071	0.01064	0.01426	0.02270	0.04644	0.02594	0.70358	0.07729	0.00732	0.00778	0.01041	0.00437	0.00453
20	0.08550	0.31626	0.34116	0.01704	0.02524	0.02163	0.05782	0.02239	0.01496	0.02154	0.01172	0.01383	0.00925	0.00657	0.00591	0.00201	0.00921	0.00485	0.00325	0.00987
21	0.02661	0.03351	0.02035	0.01849	0.02226	0.67396	0.01389	0.02960	0.06010	0.01854	0.01233	0.01394	0.01012	0.00763	0.00660	0.00191	0.01267	0.00489	0.00396	0.00861
22	0.02112	0.02128	0.01788	0.01601	0.02009	0.21786	0.01234	0.06534	0.46542	0.02751	0.02377	0.02266	0.01806	0.00913	0.00715	0.00228	0.00796	0.00713	0.00635	0.01066
23	0.09332	0.01334	0.01521	0.01144	0.01737	0.01134	0.00928	0.06936	0.01693	0.09992	0.01573	0.01869	0.01265	0.00675	0.00584	0.00149	0.00574	0.03092	0.00515	0.53951
24	0.02092	0.04329	0.01777	0.12996	0.02263	0.01497	0.01209	0.21282	0.04959	0.16088	0.10346	0.08638	0.02375	0.03097	0.00826	0.00242	0.00676	0.00876	0.03447	0.00987
25	0.01859	0.62571	0.15392	0.01387	0.02087	0.02670	0.01494	0.02198	0.01487	0.01813	0.01061	0.01230	0.00931	0.00634	0.00505	0.00168	0.00829	0.00414	0.00310	0.00957
26	0.00910	0.00650	0.00871	0.01040	0.01093	0.00611	0.00717	0.01054	0.01416	0.01883	0.03993	0.68409	0.04755	0.02255	0.00934	0.00299	0.00443	0.07398	0.00674	0.00597
27	0.01694	0.01620	0.02761	0.21220	0.53980	0.01700	0.02179	0.02139	0.01606	0.02248	0.01349	0.01833	0.01107	0.00667	0.00721	0.00222	0.00889	0.00647	0.00351	0.01067
28	0.01634	0.01507	0.02692	0.40558	0.20838	0.01651	0.12707	0.02115	0.01579	0.05637	0.01422	0.01935	0.01080	0.00697	0.00747	0.00235	0.00966	0.00686	0.00370	0.00944
29	0.01373	0.01292	0.02180	0.72707	0.05006	0.01615	0.02019	0.01857	0.01453	0.01857	0.01292	0.01938	0.00969	0.00727	0.00727	0.00242	0.00969	0.00646	0.00323	0.00807
30	0.02798	0.01980	0.02147	0.01646	0.02226	0.02170	0.01359	0.62973	0.03323	0.09237	0.01825	0.01797	0.01276	0.00875	0.00727	0.00219	0.00787	0.00660	0.00739	0.01236
31	0.15100	0.01861	0.05902	0.01477	0.02006	0.01904	0.01257	0.43337	0.02656	0.06606	0.01751	0.03951	0.01376	0.06498	0.00913	0.00260	0.00752	0.00679	0.00640	0.01074
32	0.00950	0.00666	0.00880	0.01034	0.01095	0.00633	0.00725	0.01106	0.01418	0.01906	0.03838	0.58850	0.04506	0.05952	0.01068	0.00318	0.00468	0.10611	0.03379	0.00596
33	0.01057	0.00705	0.00793	0.00793	0.00793	0.00705	0.00440	0.01057	0.01057	0.01409	0.02290	0.04757	0.02643	0.74454	0.03700	0.00705	0.00705	0.01057	0.00440	0.00440
34	0.01057	0.00705	0.00793	0.00793	0.00793	0.00705	0.00440	0.01057	0.01057	0.01409	0.02290	0.04757	0.02643	0.74454	0.03700	0.00705	0.00705	0.01057	0.00440	0.00440
35	0.07068	0.01763	0.02689	0.11266	0.54427	0.05853	0.02062	0.02225	0.01630	0.02345	0.01321	0.01743	0.01095	0.00664	0.00698	0.00218	0.00881	0.00620	0.00363	0.01072
36	0.00860	0.00733	0.00740	0.00746	0.00984	0.00613	0.00557	0.01042	0.01647	0.01960	0.07244	0.09384	0.67313	0.01857	0.00862	0.00247	0.00370	0.01553	0.00675	0.00613
37	0.02783	0.02005	0.02162	0.01658	0.02239	0.02208	0.01369	0.65020	0.03366	0.07129	0.01789	0.01773	0.01258	0.00874	0.00727	0.00218	0.00793	0.00657	0.00734	0.01236
38	0.52749	0.01593	0.01437	0.01191	0.01686	0.01800	0.00982	0.22369	0.01945	0.06419	0.01314	0.01408	0.00967	0.00745	0.00547	0.00223	0.00638	0.00488	0.00554	0.00944
39	0.10526	0.01517	0.02325	0.06934	0.44174	0.01568	0.01799	0.02164	0.05574	0.02448	0.01966	0.02714	0.04757	0.00876	0.00727	0.00234	0.00773	0.07470	0.00438	0.01015
40	0.00886	0.00633	0.00843	0.01012	0.01054	0.00590	0.00675	0.01012	0.01392	0.01856	0.04006	0.73979	0.04808	0.02277	0.00928	0.00295	0.00422	0.02066	0.00675	0.00590
41	0.01715	0.01642	0.02799	0.17884	0.57153	0.01705	0.02189	0.02157	0.01615	0.02273	0.01352	0.01826	0.01116	0.00663	0.00721	0.00221	0.00884	0.00647	0.00353	0.01084
42	0.06702	0.01886	0.15348	0.09112	0.02665	0.01497	0.12215	0.10119	0.01854	0.19873	0.01885	0.04303	0.01411	0.03771	0.00931	0.03294	0.00857	0.00727	0.00545	0.01006
43	0.01094	0.00942	0.01541	0.01439	0.01596	0.00947	0.11679	0.01312	0.01432	0.01937	0.03319	0.53224	0.03840	0.01906	0.01046	0.00291	0.06892	0.04294	0.00593	0.00675
44	0.03261	0.01237	0.01687	0.01293	0.01856	0.01068	0.01068	0.03543	0.02081	0.70423	0.02868	0.02474	0.01799	0.00900	0.00731	0.00225	0.00619	0.00731	0.00900	0.01237
45	0.01791	0.02075	0.09996	0.22127	0.15235	0.14887	0.05215	0.06560	0.01763	0.02213	0.04174	0.04458	0.01403	0.00876	0.00814	0.03445	0.00970	0.00689	0.00399	0.00911
46	0.04752	0.01541	0.02426	0.41093	0.29657	0.04161	0.02028	0.02049	0.01544	0.02110	0.01304	0.01832	0.01030	0.00695	0.00710	0.00229	0.00924	0.00630	0.00344	0.00940
47	0.01070	0.00742	0.00907	0.04278	0.01058	0.00774	0.00575	0.01126	0.01090	0.01466	0.02199	0.04382	0.02458	0.62196	0.12148	0.00741	0.00875	0.01002	0.00428	0.00484
48	0.54271	0.11600	0.01632	0.01166	0.01631	0.13205	0.00967	0.04307	0.01471	0.02853	0.01053	0.01218	0.00845	0.00686	0.00494	0.00209	0.00720	0.00413	0.00428	0.00830
49	0.00890	0.00642	0.00843	0.00995	0.01052	0.00595	0.00669	0.01027	0.01428	0.01899	0.06525	0.68310	0.07980	0.02228	0.00922	0.00290	0.00416	0.02014	0.00679	0.00595
50	0.03261	0.01237	0.01687	0.01293	0.01856	0.01068	0.01068	0.03543	0.02081	0.70423	0.02868	0.02474	0.01799	0.00900	0.00731	0.00225	0.00619	0.00731	0.00900	0.01237
51	0.01009	0.00742	0.00944	0.00893	0.01074	0.00677	0.00670	0.01333	0.02010	0.02802	0.62148	0.05616	0.14317	0.01528	0.00858	0.00231	0.00346	0.01341	0.00785	0.00677
52	0.01008	0.00727	0.00953	0.00929	0.01081	0.00672	0.00684	0.01320	0.01961	0.02762	0.60054	0.15349	0.06562	0.01601	0.00868	0.00238	0.00354	0.01423	0.00782	0.00672
53	0.00979	0.00725	0.00914	0.00900	0.01064	0.00660	0.00662	0.01264	0.01891	0.02600	0.49482	0.16083	0.16758	0.01664	0.00868	0.00241	0.00359	0.01464	0.00761	0.00660
54	0.01692	0.01446	0.01517	0.01366	0.01756	0.01631	0.01062	0.06007	0.54975	0.02928	0.03630	0.03374	0.13214	0.01121	0.00759	0.00245	0.00551	0.00932	0.00729	0.01066
55	0.02715	0.03464	0.02060	0.01873	0.02247	0.71536	0.01404	0.02903	0.02060	0.01779	0.01124	0.01311	0.00936	0.00749	0.00655	0.00187	0.01311	0.00468	0.00375	0.00843
56	0.01716	0.01961	0.04289	0.03064	0.03799	0.01838	0.67279	0.02328	0.01716	0.02328	0.01471	0.01961	0.01103	0.00613	0.00858	0.00245	0.01225	0.00858	0.00368	0.00980
57	0.01029	0.00743	0.00972	0.00914	0.01086	0.00686	0.00686	0.01372	0.02058	0.02915	0.69536	0.05430	0.06859	0.01486	0.00857	0.00229	0.00343	0.01315	0.00800	0.00686
58	0.01156	0.00876	0.01081	0.01006	0.01217	0.00868	0.00761	0.01777	0.12883	0.02935	0.58706	0.04988	0.06104	0.01405	0.00838	0.00232	0.00381	0.01234	0.00790	0.00761
59	0.01943	0.74891	0.03809	0.01244	0.01866	0.02876	0.01244	0.02177	0.01477	0.01710	0.01011	0.01166	0.00933	0.00622	0.00466	0.00155	0.00777	0.00389	0.00311	0.00933
60	0.01095	0.00766	0.00933	0.00953	0.01037	0.00753	0.00644	0.04314	0.01501	0.02034	0.16466	0.23196	0.04101	0.32433	0.02076	0.00453	0.00559	0.05499	0.00604	0.00583
61	0.01027	0.00766	0.00969	0.00984	0.01172	0.00709	0.00782	0.01331	0.01864	0.02501	0.37940	0.06518	0.20692	0.01705	0.00896	0.00260	0.00434	0.18048	0.00737	0.00665
62	0.41517	0.12694	0.18154	0.01324	0.01932	0.06478	0.01344	0.02204	0.01430	0.02695	0.03741	0.01436	0.01085	0.00707	0.00539	0.00214	0.00757	0.00468	0.00404	0.00877
63	0.02076	0.19515	0.08078	0.01490	0.02130	0.02019	0.03162	0.25245	0.06499	0.03027	0.01497	0.01601	0.01160	0.00720	0.00622	0.00181	0.00754	0.00545	0.00514	0.19164

[dist]
# distance from previous block
# <min> <max>
8	12

[block]
# block no. 4 follows, 28 sequences, length 34
# corresponding to MSA columns:
# 238-271
name=unknown_E
#
# <colnr> <probs for GDERKNQSTAVLIFYWHMCP>
#	G	D	E	R	K	N	Q	S	T	A	V	L	I	F	Y	W	H	M	C	P
0	0.01399	0.01001	0.01194	0.01171	0.01350	0.01031	0.00846	0.18319	0.01884	0.02519	0.03220	0.48837	0.03625	0.05362	0.01089	0.03621	0.00543	0.01590	0.00662	0.00740
1	0.15762	0.04170	0.08698	0.17492	0.04731	0.03841	0.01447	0.05614	0.13961	0.08641	0.07109	0.02168	0.01717	0.00838	0.00675	0.00229	0.00747	0.00669	0.00531	0.00958
2	0.06860	0.01305	0.04589	0.01157	0.01500	0.01310	0.00966	0.21681	0.02004	0.03072	0.01962	0.02351	0.01573	0.03977	0.13415	0.00387	0.00828	0.00675	0.29530	0.00861
3	0.00921	0.00645	0.00858	0.01011	0.01055	0.00608	0.00681	0.01033	0.01369	0.01823	0.03805	0.64852	0.04533	0.06145	0.01151	0.03264	0.00455	0.04567	0.00649	0.00575
4	0.01161	0.04112	0.01293	0.01152	0.01282	0.01062	0.00898	0.01380	0.01193	0.01749	0.01869	0.02805	0.01764	0.10288	0.48518	0.03096	0.07637	0.00760	0.07332	0.00649
5	0.02461	0.01886	0.02012	0.01611	0.02139	0.02113	0.01309	0.47384	0.24021	0.04094	0.02129	0.02051	0.01547	0.00909	0.00731	0.00227	0.00729	0.00707	0.00731	0.01209
6	0.02763	0.02036	0.02182	0.01672	0.02254	0.02254	0.01382	0.67496	0.03418	0.04581	0.01745	0.01745	0.01236	0.00873	0.00727	0.00218	0.00800	0.00654	0.00727	0.01236
7	0.62813	0.01840	0.13397	0.01235	0.01806	0.01649	0.03753	0.02173	0.01308	0.03056	0.01082	0.01274	0.00823	0.00675	0.00508	0.00227	0.00678	0.00437	0.00422	0.00845
8	0.01373	0.01292	0.02180	0.72707	0.05006	0.01615	0.02019	0.01857	0.01453	0.01857	0.01292	0.01938	0.00969	0.00727	0.00727	0.00242	0.00969	0.00646	0.00323	0.00807
9	0.01459	0.01372	0.02281	0.55896	0.16714	0.01597	0.01988	0.01924	0.01494	0.01983	0.01306	0.01887	0.01009	0.00701	0.00714	0.00229	0.00924	0.00633	0.00336	0.05553
10	0.01019	0.00743	0.00958	0.00904	0.01080	0.00682	0.00678	0.01352	0.02034	0.02858	0.65808	0.05524	0.10622	0.01507	0.00857	0.00230	0.00344	0.01328	0.00793	0.00682
11	0.01494	0.00977	0.00954	0.00893	0.01108	0.05002	0.00678	0.07817	0.01814	0.02828	0.13321	0.05936	0.02691	0.01008	0.00612	0.00190	0.00443	0.00825	0.50669	0.00737
12	0.02050	0.01275	0.01563	0.01144	0.01764	0.01000	0.00925	0.02360	0.01685	0.23417	0.01779	0.01806	0.01300	0.00650	0.00598	0.00144	0.00563	0.00524	0.00576	0.54878
13	0.03239	0.01273	0.01709	0.01311	0.01874	0.01122	0.01083	0.06447	0.02141	0.67432	0.02817	0.02441	0.01774	0.00898	0.00731	0.00225	0.00627	0.00728	0.00892	0.01237
14	0.00886	0.00633	0.00843	0.01012	0.01054	0.00590	0.00675	0.01012	0.01392	0.01856	0.04006	0.73979	0.04808	0.02277	0.00928	0.00295	0.00422	0.02066	0.00675	0.00590
15	0.79588	0.01406	0.01068	0.00956	0.01406	0.01631	0.00787	0.02137	0.01237	0.03261	0.01012	0.01181	0.00787	0.00675	0.00450	0.00225	0.00562	0.00394	0.00450	0.00787
16	0.00884	0.00639	0.00837	0.00996	0.01050	0.00592	0.00667	0.01014	0.01408	0.01862	0.04208	0.69963	0.08694	0.02251	0.00924	0.00292	0.00419	0.02035	0.00675	0.00592
17	0.03034	0.01602	0.01913	0.01466	0.02037	0.01609	0.01211	0.32722	0.02691	0.40381	0.02356	0.02142	0.01542	0.00887	0.00729	0.00222	0.00701	0.00696	0.00821	0.01237
18	0.01263	0.00631	0.00947	0.00947	0.00947	0.00631	0.00631	0.00947	0.00947	0.01263	0.01263	0.02210	0.01263	0.02525	0.02841	0.78851	0.00631	0.00631	0.00316	0.00316
19	0.03243	0.01266	0.01705	0.01307	0.01870	0.01111	0.01080	0.05839	0.02129	0.68058	0.02827	0.02448	0.01779	0.00899	0.00731	0.00225	0.00625	0.00728	0.00893	0.01237
20	0.02613	0.03239	0.02080	0.01869	0.02216	0.62600	0.01421	0.05128	0.02021	0.01877	0.01130	0.01352	0.00949	0.00802	0.00819	0.00201	0.07959	0.00490	0.00382	0.00852
21	0.01355	0.00678	0.00678	0.00678	0.00847	0.00678	0.00508	0.01694	0.01524	0.02710	0.02371	0.02710	0.01863	0.00847	0.00508	0.00169	0.00339	0.00678	0.78489	0.00678
22	0.01019	0.00743	0.00958	0.00904	0.01080	0.00682	0.00678	0.01352	0.02034	0.02859	0.65868	0.05522	0.10561	0.01507	0.00857	0.00230	0.00344	0.01328	0.00793	0.00682
23	0.02715	0.03464	0.02060	0.01873	0.02247	0.71536	0.01404	0.02903	0.02060	0.01779	0.01124	0.01311	0.00936	0.00749	0.00655	0.00187	0.01311	0.00468	0.00375	0.00843
24	0.02512	0.01911	0.02040	0.01622	0.02158	0.02137	0.01321	0.50755	0.20567	0.04176	0.02064	0.02000	0.01495	0.00902	0.00730	0.00226	0.00741	0.00698	0.00730	0.01214
25	0.01373	0.01292	0.02180	0.72707	0.05006	0.01615	0.02019	0.01857	0.01453	0.01857	0.01292	0.01938	0.00969	0.00727	0.00727	0.00242	0.00969	0.00646	0.00323	0.00807
26	0.00939	0.00663	0.00854	0.00957	0.01011	0.00626	0.00633	0.01075	0.01431	0.01934	0.13636	0.50802	0.04720	0.15475	0.01429	0.00361	0.00462	0.01766	0.00651	0.00577
27	0.01057	0.00705	0.00793	0.00793	0.00793	0.00705	0.00440	0.01057	0.01057	0.01409	0.02290	0.04757	0.02643	0.74454	0.03700	0.00705	0.00705	0.01057	0.00440	0.00440
28	0.00905	0.00670	0.00852	0.00988	0.01080	0.00616	0.00695	0.01061	0.01467	0.01904	0.04631	0.55516	0.17072	0.02171	0.00921	0.00289	0.00433	0.07452	0.00674	0.00602
29	0.02703	0.01844	0.02033	0.01579	0.02120	0.02005	0.01294	0.53486	0.05883	0.12314	0.01907	0.01899	0.01347	0.00969	0.00841	0.04436	0.00759	0.00670	0.00727	0.01183
30	0.01382	0.01290	0.02166	0.66282	0.07716	0.01583	0.01988	0.01857	0.01473	0.01895	0.01417	0.02230	0.01130	0.00784	0.00740	0.00245	0.00950	0.03714	0.00341	0.00816
31	0.04583	0.18226	0.06270	0.01756	0.02204	0.19879	0.05913	0.12631	0.01867	0.02312	0.01215	0.01492	0.01014	0.00943	0.02721	0.00242	0.14848	0.00548	0.00404	0.00931
32	0.01627	0.20197	0.49889	0.01979	0.05778	0.04255	0.02288	0.02289	0.01544	0.02151	0.01233	0.01453	0.00934	0.00675	0.00639	0.00211	0.01004	0.00505	0.00312	0.01037
33	0.05183	0.18443	0.42443	0.01845	0.02695	0.06115	0.05945	0.02267	0.01573	0.02216	0.04055	0.01614	0.01175	0.00707	0.00647	0.00212	0.00981	0.00546	0.00342	0.00996

[dist]
# distance from previous block
# <min> <max>
1	23

[block]
# block no. 5 follows, 28 sequences, length 32
# corresponding to MSA columns:
# 295-326
name=unknown_F
#
# <colnr> <probs for GDERKNQSTAVLIFYWHMCP>
#	G	D	E	R	K	N	Q	S	T	A	V	L	I	F	Y	W	H	M	C	P
0	0.04021	0.01329	0.01788	0.24098	0.09211	0.01462	0.01391	0.08211	0.12897	0.02473	0.05626	0.05216	0.05088	0.06471	0.00948	0.00263	0.00727	0.00810	0.00510	0.07461
1	0.05824	0.01497	0.02588	0.27723	0.07903	0.01629	0.19961	0.04430	0.05129	0.02345	0.07257	0.04547	0.01703	0.00839	0.00824	0.00243	0.03431	0.00803	0.00433	0.00893
2	0.02109	0.01534	0.01896	0.07820	0.10466	0.01678	0.01357	0.08095	0.37696	0.15453	0.02519	0.02421	0.01834	0.00899	0.00734	0.00236	0.00668	0.00757	0.00687	0.01144
3	0.01448	0.01379	0.02403	0.39093	0.10710	0.01571	0.11379	0.01899	0.01526	0.02024	0.01725	0.02937	0.01537	0.00950	0.00901	0.00260	0.05726	0.11298	0.00390	0.00844
4	0.01373	0.01292	0.02180	0.72707	0.05006	0.01615	0.02019	0.01857	0.01453	0.01857	0.01292	0.01938	0.00969	0.00727	0.00727	0.00242	0.00969	0.00646	0.00323	0.00807
5	0.01455	0.01383	0.04707	0.34913	0.09823	0.01497	0.04316	0.04318	0.05909	0.02025	0.01596	0.02410	0.01376	0.12104	0.03867	0.03095	0.03266	0.00728	0.00390	0.00818
6	0.00921	0.00676	0.00846	0.00967	0.01053	0.00627	0.00671	0.01064	0.01432	0.01859	0.04453	0.49153	0.16659	0.09229	0.01192	0.00329	0.00460	0.07170	0.00651	0.00587
7	0.01741	0.14282	0.05711	0.12405	0.02441	0.02152	0.01582	0.10797	0.01564	0.02168	0.01194	0.01658	0.01037	0.01226	0.05306	0.00308	0.32565	0.00601	0.00377	0.00886
8	0.00980	0.00728	0.00913	0.00893	0.01063	0.00661	0.00660	0.01267	0.01903	0.02610	0.50084	0.14022	0.18235	0.01648	0.00866	0.00240	0.00357	0.01446	0.00762	0.00661
9	0.01193	0.00773	0.01011	0.00949	0.01143	0.00706	0.00712	0.01506	0.01986	0.08327	0.56085	0.11476	0.08294	0.01521	0.00853	0.00235	0.00374	0.01342	0.00793	0.00720
10	0.01057	0.00705	0.00793	0.00793	0.00793	0.00705	0.00440	0.01057	0.01057	0.01409	0.02290	0.04757	0.02643	0.74454	0.03700	0.00705	0.00705	0.01057	0.00440	0.00440
11	0.03169	0.01385	0.01779	0.01364	0.01929	0.01288	0.01126	0.15387	0.02328	0.58228	0.02660	0.02339	0.01695	0.00895	0.00730	0.00224	0.00652	0.00717	0.00868	0.01237
12	0.01507	0.01292	0.01507	0.01077	0.01723	0.00969	0.00861	0.01830	0.01507	0.02369	0.01292	0.01507	0.01077	0.00538	0.00538	0.00108	0.00538	0.00431	0.00431	0.78898
13	0.01515	0.01479	0.02081	0.01807	0.01825	0.02046	0.01497	0.01687	0.01121	0.01741	0.01090	0.01764	0.01073	0.01846	0.11881	0.00435	0.63355	0.00656	0.00328	0.00775
14	0.00884	0.00638	0.00838	0.00997	0.01050	0.00592	0.00668	0.01014	0.01406	0.01862	0.04191	0.70304	0.08364	0.02253	0.00924	0.00292	0.00419	0.02037	0.00675	0.00592
15	0.01689	0.01286	0.01526	0.01099	0.01736	0.00979	0.00883	0.02007	0.01567	0.09398	0.01455	0.01607	0.01151	0.00576	0.00558	0.00120	0.00547	0.00462	0.00479	0.70876
16	0.11232	0.19475	0.10870	0.01580	0.04351	0.01826	0.04786	0.02060	0.01417	0.06389	0.01369	0.01716	0.01144	0.01531	0.12585	0.00369	0.09913	0.00561	0.00391	0.06433
17	0.02603	0.01909	0.02000	0.01579	0.02109	0.04700	0.01288	0.49518	0.11207	0.08548	0.01978	0.01946	0.01416	0.00882	0.00715	0.00218	0.00756	0.00674	0.04772	0.01182
