[name]
unknown

[dist]
# distance from previous block
# <min> <max>
0	27

[block]
# block no. 0 follows, 29 sequences, length 11
# corresponding to MSA columns:
# 32-42
name=unknown_A
#
# <colnr> <probs for GDERKNQSTAVLIFYWHMCP>
#	G	D	E	R	K	N	Q	S	T	A	V	L	I	F	Y	W	H	M	C	P
0	0.02403	0.01421	0.01691	0.03720	0.01953	0.01484	0.01146	0.15018	0.24149	0.28793	0.05558	0.02710	0.02082	0.00968	0.00734	0.00231	0.00626	0.03422	0.00768	0.01124
1	0.01886	0.01433	0.01577	0.01376	0.01787	0.01565	0.01074	0.10177	0.43951	0.09317	0.02761	0.10190	0.02228	0.01052	0.00729	0.00232	0.00572	0.00884	0.00710	0.06499
2	0.01414	0.00960	0.01176	0.01035	0.01319	0.00908	0.00798	0.09503	0.01984	0.08720	0.33938	0.10738	0.11182	0.01563	0.04520	0.00268	0.00522	0.01148	0.00707	0.07596
3	0.01421	0.01136	0.01351	0.01234	0.01406	0.05021	0.00977	0.07857	0.01544	0.02252	0.08251	0.02609	0.02012	0.02684	0.28285	0.00576	0.13752	0.00741	0.16157	0.00734
4	0.00915	0.00780	0.00881	0.00885	0.01063	0.00747	0.00662	0.01082	0.01520	0.01882	0.05950	0.20062	0.50370	0.01837	0.00997	0.00257	0.07344	0.01525	0.00628	0.00613
5	0.09138	0.01238	0.01414	0.04102	0.01712	0.01198	0.00939	0.11411	0.05089	0.07909	0.02164	0.07038	0.05834	0.01234	0.06258	0.00259	0.00671	0.00716	0.05022	0.26653
6	0.12138	0.01368	0.01847	0.18585	0.02600	0.01484	0.07809	0.09311	0.11661	0.07367	0.01945	0.08846	0.01610	0.00897	0.00688	0.00225	0.00716	0.00773	0.04310	0.05819
7	0.01712	0.01933	0.09929	0.17860	0.24651	0.08318	0.09551	0.04860	0.01668	0.02259	0.01379	0.01777	0.01084	0.00677	0.00692	0.00211	0.00924	0.00622	0.05279	0.04613
8	0.02278	0.12655	0.02306	0.01947	0.10835	0.33268	0.01386	0.11232	0.05333	0.02293	0.01303	0.01470	0.01059	0.00710	0.00626	0.00181	0.00974	0.00508	0.00426	0.09212
9	0.01195	0.00970	0.01003	0.00961	0.01071	0.05287	0.00654	0.04443	0.01427	0.01831	0.08996	0.10650	0.14534	0.37564	0.02272	0.00463	0.04434	0.01147	0.00525	0.00575
10	0.01420	0.01144	0.01632	0.08209	0.01976	0.01094	0.07328	0.04530	0.01538	0.06049	0.02454	0.20075	0.06399	0.04316	0.02709	0.00257	0.04681	0.01015	0.00512	0.22662

[dist]
# distance from previous block
# <min> <max>
36	52

[block]
# block no. 1 follows, 29 sequences, length 10
# corresponding to MSA columns:
# 102-111
name=unknown_B
#
# <colnr> <probs for GDERKNQSTAVLIFYWHMCP>
#	G	D	E	R	K	N	Q	S	T	A	V	L	I	F	Y	W	H	M	C	P
0	0.19766	0.03903	0.15037	0.01354	0.01873	0.01491	0.01288	0.06131	0.14660	0.10652	0.05661	0.02640	0.01887	0.04461	0.00807	0.00255	0.00680	0.05946	0.00566	0.00943
1	0.02096	0.24330	0.22346	0.01616	0.02309	0.08945	0.01655	0.17262	0.04260	0.06735	0.01420	0.01516	0.01072	0.00724	0.00620	0.00197	0.00884	0.00523	0.00451	0.01037
2	0.06566	0.05649	0.21772	0.01631	0.02304	0.01904	0.01617	0.32283	0.08222	0.03350	0.01671	0.04008	0.01275	0.00823	0.00675	0.00215	0.00805	0.00632	0.00549	0.04047
3	0.05106	0.02867	0.42625	0.01911	0.05314	0.05530	0.03937	0.02506	0.14490	0.02394	0.01881	0.01997	0.04763	0.00789	0.00688	0.00227	0.00909	0.00634	0.00414	0.01018
4	0.02420	0.01708	0.01932	0.01516	0.02030	0.01834	0.03231	0.44618	0.09467	0.11366	0.04633	0.02454	0.07559	0.00963	0.00733	0.00221	0.00704	0.00768	0.00719	0.01125
5	0.01951	0.01684	0.07768	0.01476	0.04088	0.01528	0.01231	0.28481	0.06214	0.05834	0.09588	0.05632	0.04745	0.00944	0.00703	0.00202	0.00658	0.00770	0.00621	0.15883
6	0.01123	0.12013	0.01337	0.00926	0.01215	0.00994	0.00746	0.01371	0.01681	0.02200	0.24162	0.10627	0.26439	0.01451	0.00768	0.00218	0.00446	0.04127	0.00623	0.07533
7	0.01461	0.03455	0.62615	0.02155	0.03165	0.01673	0.11073	0.02258	0.01526	0.02258	0.01299	0.01557	0.00925	0.00667	0.00698	0.00227	0.01072	0.00567	0.00308	0.01040
8	0.01995	0.00972	0.01264	0.01094	0.01432	0.00880	0.00853	0.02351	0.05617	0.33196	0.20698	0.14846	0.09121	0.01321	0.00789	0.00235	0.00484	0.01138	0.00795	0.00919
9	0.01646	0.01360	0.01752	0.07517	0.02133	0.01160	0.04853	0.07294	0.01659	0.05228	0.01374	0.01596	0.01088	0.00589	0.00584	0.00138	0.00627	0.00494	0.00451	0.58455

[dist]
# distance from previous block
# <min> <max>
1	4

[block]
# block no. 2 follows, 29 sequences, length 16
# corresponding to MSA columns:
# 116-131
name=unknown_C
#
# <colnr> <probs for GDERKNQSTAVLIFYWHMCP>
#	G	D	E	R	K	N	Q	S	T	A	V	L	I	F	Y	W	H	M	C	P
0	0.02707	0.01995	0.02137	0.01638	0.02208	0.02208	0.01353	0.68159	0.03348	0.04488	0.01710	0.01710	0.01211	0.00855	0.00712	0.00214	0.00784	0.00641	0.00712	0.01211
1	0.00877	0.00650	0.00797	0.00907	0.00992	0.00594	0.00611	0.01003	0.01395	0.01803	0.04556	0.51914	0.20182	0.08816	0.01142	0.00314	0.00426	0.01809	0.00640	0.00570
2	0.00842	0.00721	0.00721	0.00721	0.00962	0.00601	0.00541	0.01022	0.01623	0.01924	0.07213	0.06853	0.70244	0.01803	0.00842	0.00240	0.00361	0.01503	0.00661	0.00601
3	0.02707	0.01995	0.02137	0.01638	0.02208	0.02208	0.01353	0.68159	0.03348	0.04488	0.01710	0.01710	0.01211	0.00855	0.00712	0.00214	0.00784	0.00641	0.00712	0.01211
4	0.03021	0.01204	0.01608	0.01250	0.01780	0.01059	0.01027	0.03372	0.05112	0.64714	0.03016	0.02638	0.04933	0.00928	0.00722	0.00222	0.00593	0.00756	0.00864	0.01180
5	0.00868	0.00620	0.00826	0.00991	0.01033	0.00578	0.00661	0.00991	0.01363	0.01818	0.03925	0.74510	0.04710	0.02231	0.00909	0.00289	0.00413	0.02024	0.00661	0.00578
6	0.02660	0.03394	0.02018	0.01834	0.02201	0.72116	0.01376	0.02843	0.02018	0.01743	0.01101	0.01284	0.00917	0.00734	0.00642	0.00183	0.01284	0.00459	0.00367	0.00825
7	0.01209	0.00772	0.01016	0.00930	0.01133	0.00706	0.00706	0.01539	0.02018	0.09122	0.63966	0.05053	0.06263	0.01403	0.00828	0.00224	0.00361	0.01235	0.00793	0.00722
8	0.01428	0.03683	0.71286	0.02030	0.03082	0.01654	0.02631	0.02255	0.01503	0.02255	0.01278	0.01503	0.00902	0.00677	0.00677	0.00226	0.01052	0.00526	0.00301	0.01052
9	0.01518	0.01442	0.02449	0.44699	0.32116	0.01628	0.02064	0.01971	0.01506	0.02030	0.01296	0.01842	0.01023	0.00680	0.00709	0.00227	0.00906	0.00633	0.00331	0.00931
10	0.02990	0.01169	0.01572	0.01219	0.01743	0.01008	0.01003	0.03257	0.02002	0.65018	0.03192	0.02809	0.07717	0.00961	0.00727	0.00222	0.00585	0.00784	0.00862	0.01159
11	0.00864	0.00634	0.00811	0.00953	0.01023	0.00582	0.00644	0.00996	0.01400	0.01833	0.04387	0.64995	0.13927	0.02171	0.00899	0.00282	0.00406	0.01951	0.00661	0.00582
12	0.01231	0.01111	0.01823	0.55986	0.03979	0.01342	0.01663	0.01621	0.01409	0.01819	0.01901	0.19258	0.01848	0.01075	0.00759	0.00250	0.00821	0.00965	0.00399	0.00740
13	0.80005	0.01377	0.01047	0.00936	0.01377	0.01597	0.00771	0.02093	0.01212	0.03195	0.00991	0.01157	0.00771	0.00661	0.00441	0.00220	0.00551	0.00386	0.00441	0.00771
14	0.00848	0.00698	0.00746	0.00784	0.00978	0.00596	0.00569	0.01015	0.01563	0.01899	0.06451	0.22548	0.55042	0.01903	0.00857	0.00252	0.00373	0.01624	0.00661	0.00596
15	0.06310	0.01251	0.01520	0.01128	0.01720	0.01020	0.00916	0.02438	0.01673	0.28127	0.01830	0.01815	0.01305	0.00667	0.00593	0.00155	0.00558	0.00530	0.00595	0.45849

[dist]
# distance from previous block
# <min> <max>
0	1

[block]
# block no. 3 follows, 29 sequences, length 88
# corresponding to MSA columns:
# 133-220
name=unknown_D
#
# <colnr> <probs for GDERKNQSTAVLIFYWHMCP>
#	G	D	E	R	K	N	Q	S	T	A	V	L	I	F	Y	W	H	M	C	P
0	0.00842	0.00721	0.00721	0.00721	0.00962	0.00601	0.00541	0.01022	0.01623	0.01924	0.07213	0.06853	0.70244	0.01803	0.00842	0.00240	0.00361	0.01503	0.00661	0.00601
1	0.01832	0.01560	0.01645	0.01461	0.01875	0.01800	0.01142	0.07991	0.64940	0.03077	0.02821	0.02595	0.02111	0.00959	0.00724	0.00240	0.00578	0.00794	0.00724	0.01133
2	0.07008	0.70565	0.03556	0.01200	0.01798	0.02738	0.01189	0.02130	0.01431	0.01775	0.00990	0.01143	0.00904	0.00613	0.00456	0.00157	0.00748	0.00381	0.00313	0.00904
3	0.01518	0.00864	0.01092	0.00968	0.01232	0.00787	0.00740	0.01853	0.04205	0.18395	0.38806	0.04735	0.14262	0.06161	0.00990	0.00257	0.00433	0.01153	0.00764	0.00786
4	0.01990	0.67186	0.03536	0.01289	0.01870	0.10726	0.01236	0.02213	0.01512	0.01683	0.01003	0.01158	0.00914	0.00623	0.00478	0.00156	0.00821	0.00390	0.00312	0.00904
5	0.01464	0.01419	0.02001	0.01743	0.01765	0.01956	0.01442	0.01637	0.01100	0.01703	0.01104	0.01774	0.01082	0.01959	0.14491	0.00457	0.61178	0.00647	0.00324	0.00754
6	0.01017	0.00763	0.01144	0.01144	0.01272	0.00890	0.00890	0.01272	0.01144	0.01653	0.01907	0.02797	0.01780	0.05340	0.72153	0.01144	0.01907	0.00763	0.00381	0.00636
7	0.67420	0.05803	0.05816	0.01037	0.01531	0.01651	0.00929	0.02159	0.01276	0.05635	0.01079	0.01227	0.00826	0.00667	0.00468	0.00217	0.00598	0.00407	0.00440	0.00815
8	0.01367	0.01255	0.01973	0.59862	0.04267	0.01524	0.01773	0.03844	0.05932	0.01984	0.01925	0.02392	0.07325	0.00832	0.00725	0.00237	0.00866	0.00723	0.00386	0.00808
9	0.00868	0.00620	0.00826	0.00991	0.01033	0.00578	0.00661	0.00991	0.01363	0.01818	0.03925	0.74510	0.04710	0.02231	0.00909	0.00289	0.00413	0.02024	0.00661	0.00578
10	0.77001	0.01465	0.03732	0.00978	0.01442	0.01600	0.00842	0.02099	0.01223	0.03159	0.01002	0.01170	0.00776	0.00662	0.00450	0.00221	0.00570	0.00391	0.00435	0.00782
11	0.00882	0.00652	0.00826	0.00933	0.01025	0.00595	0.00642	0.01045	0.01497	0.01978	0.13594	0.53584	0.16032	0.02052	0.00888	0.00272	0.00394	0.01835	0.00678	0.00595
12	0.01697	0.04391	0.02418	0.15102	0.07571	0.01540	0.14946	0.11558	0.01777	0.02483	0.01388	0.01776	0.01106	0.02744	0.00750	0.00199	0.00816	0.00609	0.00423	0.26705
13	0.01448	0.01341	0.02211	0.63175	0.11324	0.01621	0.01970	0.04840	0.01530	0.01990	0.01293	0.01876	0.00979	0.00711	0.00711	0.00234	0.00931	0.00633	0.00338	0.00843
14	0.41220	0.04412	0.06917	0.02065	0.20417	0.09922	0.01378	0.02219	0.01447	0.02667	0.01120	0.01361	0.00900	0.00662	0.00554	0.00212	0.00761	0.00472	0.00393	0.00900
15	0.01327	0.00664	0.00664	0.00664	0.00830	0.00664	0.00498	0.01659	0.01493	0.02655	0.02323	0.02655	0.01825	0.00830	0.00498	0.00166	0.00332	0.00664	0.78928	0.00664
16	0.02358	0.01793	0.01949	0.01486	0.02063	0.01879	0.01217	0.48649	0.06302	0.03881	0.01663	0.01702	0.01223	0.00781	0.00668	0.00189	0.00710	0.00596	0.00642	0.20250
17	0.01149	0.00905	0.01150	0.01123	0.01273	0.03449	0.00852	0.04738	0.01317	0.01798	0.02320	0.05612	0.06381	0.11950	0.51568	0.00926	0.01546	0.00866	0.00431	0.00647
18	0.01946	0.48241	0.19210	0.01447	0.02141	0.06405	0.01542	0.02315	0.01543	0.07677	0.01217	0.01343	0.00983	0.00655	0.00541	0.00177	0.00846	0.00448	0.00356	0.00966
19	0.01498	0.02505	0.31988	0.02351	0.03132	0.01599	0.30937	0.02155	0.01600	0.02249	0.01705	0.02617	0.01436	0.00827	0.00792	0.00246	0.01060	0.09968	0.00377	0.00956
20	0.00999	0.00728	0.00940	0.00887	0.01059	0.00668	0.00665	0.01327	0.01995	0.02807	0.66900	0.05398	0.10006	0.01474	0.00840	0.00225	0.00337	0.01299	0.00778	0.00668
21	0.06954	0.01402	0.01638	0.13955	0.04622	0.04522	0.01182	0.02454	0.18827	0.07398	0.01956	0.06952	0.01604	0.00837	0.00656	0.00199	0.00655	0.00695	0.00527	0.22965
22	0.04046	0.00869	0.01065	0.00973	0.01215	0.00823	0.00742	0.03932	0.04274	0.10725	0.42902	0.10083	0.12737	0.01423	0.00809	0.00231	0.00407	0.01232	0.00755	0.00758
23	0.14850	0.01237	0.01561	0.01217	0.01751	0.01130	0.01005	0.03261	0.01913	0.60734	0.02533	0.02231	0.01612	0.00848	0.00674	0.00220	0.00598	0.00666	0.00814	0.01145
24	0.01018	0.00760	0.01128	0.01128	0.01249	0.00881	0.00869	0.01261	0.01139	0.01641	0.01922	0.02881	0.01817	0.08473	0.69070	0.01124	0.01853	0.00775	0.00384	0.00627
25	0.01862	0.04418	0.02918	0.07698	0.46445	0.09341	0.10140	0.04507	0.01713	0.02280	0.01323	0.01715	0.01085	0.00652	0.00707	0.00212	0.00938	0.00632	0.00364	0.01051
26	0.02083	0.08862	0.06670	0.04853	0.20866	0.26571	0.01607	0.04732	0.05319	0.04545	0.03913	0.01881	0.03515	0.00772	0.00670	0.00201	0.00951	0.00605	0.00424	0.00959
27	0.01682	0.01608	0.02727	0.12307	0.60438	0.01641	0.02104	0.02102	0.01598	0.02253	0.01535	0.01955	0.03506	0.00684	0.00711	0.00216	0.00841	0.00664	0.00359	0.01070
28	0.01047	0.00738	0.00966	0.03433	0.01206	0.00688	0.00715	0.01322	0.01809	0.04834	0.44229	0.21013	0.12073	0.01621	0.00847	0.00241	0.00387	0.01434	0.00731	0.00666
29	0.01579	0.12909	0.36479	0.07717	0.13288	0.01836	0.08748	0.02266	0.04573	0.02187	0.01335	0.01616	0.01016	0.00669	0.00671	0.00216	0.00966	0.00574	0.00335	0.01019
30	0.04461	0.05986	0.63909	0.02041	0.05314	0.01693	0.02496	0.02242	0.01494	0.02274	0.01259	0.01487	0.00905	0.00672	0.00661	0.00222	0.01016	0.00520	0.00308	0.01039
31	0.00978	0.00670	0.00877	0.00964	0.01063	0.00617	0.00670	0.01159	0.01549	0.04449	0.19113	0.52491	0.08762	0.01984	0.00883	0.00269	0.00399	0.01782	0.00697	0.00623
32	0.01412	0.01400	0.07133	0.04974	0.28114	0.01251	0.01628	0.01849	0.03618	0.02205	0.02481	0.11059	0.02524	0.01270	0.00816	0.00260	0.00738	0.23574	0.00497	0.03198
33	0.05064	0.05571	0.10259	0.01904	0.06706	0.33477	0.01535	0.19890	0.04447	0.02651	0.01348	0.01488	0.01043	0.00753	0.00657	0.00200	0.01028	0.00532	0.00461	0.00985
34	0.01611	0.04581	0.20346	0.05872	0.03561	0.01787	0.47101	0.02249	0.01619	0.02235	0.01379	0.01795	0.01026	0.00624	0.00783	0.00234	0.01140	0.00741	0.00342	0.00974
35	0.72073	0.01593	0.03554	0.01035	0.01492	0.06341	0.00876	0.02149	0.01276	0.03065	0.01009	0.01177	0.00786	0.00666	0.00462	0.00218	0.00618	0.00395	0.00431	0.00785
36	0.00876	0.00626	0.00836	0.01001	0.01046	0.00586	0.00676	0.01006	0.01372	0.01827	0.03920	0.72463	0.04691	0.02223	0.00911	0.00290	0.00421	0.03986	0.00661	0.00581
37	0.01704	0.28904	0.35614	0.01583	0.02362	0.01939	0.01834	0.02231	0.01569	0.07579	0.07120	0.01770	0.01467	0.00735	0.00615	0.00199	0.00852	0.00554	0.00389	0.00983
38	0.01524	0.03457	0.63785	0.02058	0.03067	0.01636	0.06812	0.02311	0.01539	0.05351	0.01357	0.01572	0.00952	0.00681	0.00689	0.00226	0.01042	0.00555	0.00331	0.01054
39	0.01485	0.13946	0.59560	0.01881	0.02844	0.01794	0.02372	0.02212	0.01510	0.02188	0.03176	0.01559	0.01068	0.00689	0.00649	0.00215	0.00990	0.00527	0.00315	0.01022
40	0.01451	0.10610	0.48647	0.01942	0.02803	0.01678	0.09938	0.02120	0.01527	0.02188	0.04027	0.06948	0.01417	0.00802	0.00696	0.00224	0.00966	0.00685	0.00352	0.00979
41	0.01010	0.00768	0.03548	0.01012	0.01127	0.00648	0.00740	0.01196	0.01449	0.04372	0.08609	0.59367	0.04423	0.01975	0.00861	0.00271	0.00433	0.01778	0.05780	0.00631
42	0.02226	0.08364	0.06989	0.07550	0.15337	0.29985	0.01633	0.12782	0.04333	0.02359	0.01318	0.01537	0.01047	0.00727	0.00661	0.00200	0.01016	0.00544	0.00417	0.00973
43	0.01897	0.02077	0.05041	0.08007	0.41250	0.15705	0.06629	0.02402	0.05950	0.02213	0.01390	0.01735	0.01129	0.00679	0.00703	0.00212	0.00954	0.00621	0.00375	0.01031
44	0.01739	0.01884	0.08328	0.08596	0.58424	0.04133	0.02180	0.02190	0.01613	0.02267	0.01321	0.01734	0.01091	0.00646	0.00701	0.00213	0.00885	0.00619	0.00346	0.01089
45	0.00960	0.00691	0.00926	0.01060	0.01157	0.00657	0.00793	0.01166	0.01522	0.02024	0.11316	0.45756	0.07267	0.02055	0.00919	0.00291	0.00470	0.19685	0.00673	0.00611
46	0.04287	0.20635	0.43690	0.01901	0.05265	0.01908	0.05826	0.02187	0.01512	0.02173	0.03608	0.01570	0.01122	0.00681	0.00631	0.00208	0.00940	0.00535	0.00329	0.00994
47	0.01060	0.00845	0.01232	0.03221	0.01438	0.00820	0.05687	0.03521	0.01478	0.02003	0.05645	0.56406	0.03990	0.01878	0.00909	0.00270	0.02561	0.01703	0.00613	0.04719
48	0.00878	0.00636	0.00831	0.00966	0.01031	0.00588	0.00654	0.01025	0.01438	0.01917	0.10032	0.64108	0.08994	0.02135	0.00899	0.00280	0.00403	0.01926	0.00672	0.00588
49	0.01717	0.01645	0.02807	0.11936	0.63327	0.01680	0.02163	0.02145	0.01600	0.02271	0.01331	0.01777	0.01108	0.00643	0.00706	0.00214	0.00857	0.00634	0.00349	0.01091
50	0.01468	0.08119	0.65022	0.02048	0.05005	0.01728	0.02529	0.02245	0.01503	0.02221	0.01262	0.01488	0.00909	0.00671	0.00664	0.00221	0.01028	0.00520	0.00302	0.01046
51	0.02707	0.01995	0.02137	0.01638	0.02208	0.02208	0.01353	0.68159	0.03348	0.04488	0.01710	0.01710	0.01211	0.00855	0.00712	0.00214	0.00784	0.00641	0.00712	0.01211
52	0.01077	0.00851	0.01259	0.01224	0.01338	0.01033	0.00964	0.01320	0.01138	0.01660	0.01800	0.02661	0.01687	0.04889	0.64449	0.01052	0.09826	0.00747	0.00374	0.00652
53	0.02112	0.01612	0.01761	0.03928	0.02013	0.01785	0.01196	0.32182	0.25941	0.05908	0.02773	0.02798	0.08663	0.01022	0.00739	0.00231	0.00659	0.02888	0.00702	0.01087
54	0.00842	0.00721	0.00721	0.00721	0.00962	0.00601	0.00541	0.01022	0.01623	0.01924	0.07213	0.06853	0.70244	0.01803	0.00842	0.00240	0.00361	0.01503	0.00661	0.00601
55	0.00889	0.00635	0.00850	0.01016	0.01066	0.00597	0.00698	0.01028	0.01384	0.01841	0.03913	0.69495	0.04663	0.02211	0.00914	0.00292	0.00431	0.06832	0.00661	0.00584
56	0.02707	0.01995	0.02137	0.01638	0.02208	0.02208	0.01353	0.68159	0.03348	0.04488	0.01710	0.01710	0.01211	0.00855	0.00712	0.00214	0.00784	0.00641	0.00712	0.01211
57	0.02419	0.01852	0.01975	0.01580	0.02099	0.02074	0.01284	0.48381	0.23594	0.04024	0.02075	0.02001	0.01507	0.00889	0.00716	0.00222	0.00716	0.00691	0.00716	0.01185
58	0.04173	0.01580	0.16239	0.01229	0.01761	0.01030	0.01190	0.01880	0.01716	0.08448	0.25776	0.03095	0.03158	0.00963	0.00696	0.00193	0.00584	0.02626	0.00571	0.23094
59	0.01555	0.16897	0.49831	0.02091	0.07223	0.01884	0.06606	0.02229	0.01512	0.02153	0.01238	0.01480	0.00930	0.00656	0.00648	0.00212	0.00994	0.00526	0.00309	0.01025
60	0.01476	0.10832	0.64553	0.01949	0.02957	0.01770	0.02490	0.02243	0.01498	0.02197	0.01249	0.01467	0.00903	0.00670	0.00655	0.00218	0.01023	0.00512	0.00301	0.01039
61	0.01366	0.01288	0.02175	0.69698	0.08301	0.01588	0.01988	0.01838	0.01434	0.01846	0.01269	0.01891	0.00958	0.00708	0.00712	0.00236	0.00944	0.00633	0.00318	0.00808
62	0.01345	0.01266	0.02136	0.73264	0.04904	0.01582	0.01978	0.01819	0.01424	0.01819	0.01266	0.01898	0.00949	0.00712	0.00712	0.00237	0.00949	0.00633	0.00316	0.00791
63	0.00965	0.00702	0.00931	0.01078	0.01184	0.00668	0.00823	0.01169	0.01490	0.01942	0.04216	0.43477	0.11397	0.02091	0.00929	0.00298	0.00495	0.24878	0.00659	0.00609
64	0.01017	0.00763	0.01144	0.01144	0.01272	0.00890	0.00890	0.01272	0.01144	0.01653	0.01907	0.02797	0.01780	0.05340	0.72153	0.01144	0.01907	0.00763	0.00381	0.00636
65	0.01904	0.75404	0.03731	0.01218	0.01828	0.02818	0.01218	0.02132	0.01447	0.01675	0.00990	0.01142	0.00914	0.00609	0.00457	0.00152	0.00761	0.00381	0.00305	0.00914
66	0.01237	0.00618	0.00928	0.00928	0.00928	0.00618	0.00618	0.00928	0.00928	0.01237	0.01237	0.02165	0.01237	0.02474	0.02783	0.79283	0.00618	0.00618	0.00309	0.00309
67	0.02707	0.01995	0.02137	0.01638	0.02208	0.02208	0.01353	0.68159	0.03348	0.04488	0.01710	0.01710	0.01211	0.00855	0.00712	0.00214	0.00784	0.00641	0.00712	0.01211
68	0.00868	0.00620	0.00826	0.00991	0.01033	0.00578	0.00661	0.00991	0.01363	0.01818	0.03925	0.74510	0.04710	0.02231	0.00909	0.00289	0.00413	0.02024	0.00661	0.00578
69	0.06759	0.01188	0.01531	0.01210	0.01690	0.01086	0.00987	0.07259	0.02077	0.51362	0.14306	0.02813	0.02534	0.00968	0.00723	0.00221	0.00568	0.00793	0.00831	0.01095
70	0.01345	0.01266	0.02136	0.73264	0.04904	0.01582	0.01978	0.01819	0.01424	0.01819	0.01266	0.01898	0.00949	0.00712	0.00712	0.00237	0.00949	0.00633	0.00316	0.00791
71	0.02365	0.01975	0.04484	0.01552	0.02057	0.08894	0.01287	0.40884	0.12349	0.06263	0.06624	0.02230	0.03926	0.00924	0.00719	0.00217	0.00762	0.00716	0.00674	0.01099
72	0.18142	0.05737	0.45707	0.01756	0.02602	0.03982	0.04317	0.02299	0.01491	0.05974	0.01286	0.01471	0.00926	0.00681	0.00625	0.00220	0.00925	0.00509	0.00365	0.00985
73	0.02279	0.02366	0.06558	0.02615	0.25115	0.27522	0.03200	0.02727	0.06343	0.12116	0.01568	0.01730	0.01197	0.00731	0.00686	0.00206	0.00974	0.00591	0.00456	0.01020
74	0.01823	0.01339	0.01644	0.03728	0.01918	0.01170	0.02858	0.04623	0.11300	0.12899	0.01753	0.01824	0.01324	0.00663	0.00606	0.00154	0.00587	0.00548	0.00539	0.48700
75	0.06247	0.47756	0.25602	0.01467	0.02211	0.02368	0.01653	0.02170	0.01452	0.01952	0.01084	0.01261	0.00902	0.00634	0.00528	0.00180	0.00844	0.00428	0.00311	0.00951
76	0.01597	0.05626	0.02260	0.32347	0.19710	0.01732	0.01745	0.02479	0.20573	0.02260	0.01728	0.02036	0.01335	0.00759	0.00699	0.00227	0.00805	0.00667	0.00439	0.00974
77	0.01019	0.00755	0.01106	0.01106	0.01220	0.00869	0.00842	0.01247	0.01133	0.01625	0.01942	0.02992	0.01865	0.12618	0.64991	0.01097	0.01780	0.00791	0.00387	0.00614
78	0.01512	0.01012	0.01361	0.01491	0.11145	0.00958	0.00990	0.03973	0.04472	0.13273	0.24254	0.08210	0.17562	0.01355	0.00806	0.00236	0.00504	0.05357	0.00693	0.00836
79	0.01237	0.00618	0.00928	0.00928	0.00928	0.00618	0.00618	0.00928	0.00928	0.01237	0.01237	0.02165	0.01237	0.02474	0.02783	0.79283	0.00618	0.00618	0.00309	0.00309
80	0.01477	0.01266	0.01477	0.01055	0.01687	0.00949	0.00844	0.01793	0.01477	0.02320	0.01266	0.01477	0.01055	0.00527	0.00527	0.00105	0.00527	0.00422	0.00422	0.79328
81	0.01034	0.00698	0.00816	0.00816	0.00830	0.00712	0.00481	0.01061	0.01047	0.01410	0.02207	0.04459	0.02502	0.67470	0.11010	0.00739	0.00821	0.01006	0.00426	0.00453
82	0.01438	0.03615	0.68687	0.02067	0.03107	0.01659	0.05161	0.02256	0.01510	0.02256	0.01284	0.01520	0.00909	0.00674	0.00683	0.00226	0.01058	0.00538	0.00303	0.01049
83	0.01148	0.00890	0.03098	0.00982	0.01206	0.00795	0.00776	0.01621	0.07005	0.05046	0.60948	0.04915	0.06049	0.01378	0.00822	0.00225	0.00383	0.01211	0.00768	0.00734
84	0.01846	0.66702	0.11928	0.01317	0.01980	0.02676	0.01390	0.02147	0.01454	0.01746	0.01025	0.01186	0.00912	0.00617	0.00484	0.00161	0.00797	0.00398	0.00304	0.00931
85	0.01327	0.01233	0.03919	0.01854	0.19355	0.01115	0.01157	0.05979	0.05267	0.02391	0.11715	0.04311	0.30679	0.01243	0.00768	0.00221	0.00556	0.01065	0.00575	0.05272
86	0.01811	0.01385	0.01544	0.01398	0.01770	0.01537	0.01114	0.09972	0.42387	0.07674	0.05339	0.06235	0.02597	0.01167	0.00773	0.00251	0.00590	0.10699	0.00723	0.01033
87	0.01536	0.02038	0.18305	0.10907	0.10459	0.01497	0.19628	0.02076	0.01547	0.02235	0.01324	0.01685	0.01022	0.00615	0.00687	0.00197	0.00914	0.00607	0.00357	0.22365

[dist]
# distance from previous block
# <min> <max>
3	6

[block]
# block no. 4 follows, 29 sequences, length 37
# corresponding to MSA columns:
# 227-263
name=unknown_E
#
# <colnr> <probs for GDERKNQSTAVLIFYWHMCP>
#	G	D	E	R	K	N	Q	S	T	A	V	L	I	F	Y	W	H	M	C	P
0	0.20161	0.04457	0.32578	0.01671	0.02402	0.01732	0.05250	0.06150	0.14126	0.02721	0.01536	0.01659	0.01134	0.00731	0.00634	0.00225	0.00828	0.00564	0.00439	0.01000
1	0.01512	0.14459	0.17521	0.01354	0.01964	0.01538	0.01333	0.02235	0.14653	0.02262	0.02105	0.07322	0.05809	0.00864	0.00635	0.00189	0.00674	0.00697	0.00466	0.22408
2	0.01477	0.01266	0.01477	0.01055	0.01687	0.00949	0.00844	0.01793	0.01477	0.02320	0.01266	0.01477	0.01055	0.00527	0.00527	0.00105	0.00527	0.00422	0.00422	0.79328
3	0.01441	0.01235	0.01435	0.01036	0.01647	0.00930	0.00827	0.01750	0.01485	0.02298	0.01595	0.01774	0.04888	0.00598	0.00545	0.00113	0.00518	0.00482	0.00435	0.74967
4	0.01582	0.01226	0.01674	0.01253	0.01797	0.00992	0.07710	0.01915	0.01614	0.09349	0.09936	0.06130	0.02018	0.00778	0.00638	0.00155	0.00575	0.00688	0.00519	0.49449
5	0.03934	0.01689	0.03482	0.02626	0.05171	0.01590	0.51589	0.02085	0.01623	0.02256	0.01787	0.09617	0.01592	0.00835	0.00828	0.00244	0.01041	0.04111	0.00410	0.03491
6	0.01508	0.15663	0.60002	0.01894	0.02872	0.01848	0.02395	0.02235	0.01494	0.02158	0.01230	0.01443	0.00904	0.00665	0.00640	0.00213	0.01004	0.00502	0.00301	0.01029
7	0.01505	0.01398	0.04524	0.01137	0.01765	0.01064	0.00950	0.02017	0.08423	0.02385	0.01433	0.01599	0.01163	0.00579	0.00554	0.00125	0.00554	0.00466	0.00448	0.67912
8	0.01475	0.10797	0.64585	0.01949	0.02957	0.01769	0.02491	0.02243	0.01498	0.02198	0.01249	0.01468	0.00903	0.00670	0.00655	0.00218	0.01024	0.00512	0.00301	0.01039
9	0.01904	0.75404	0.03731	0.01218	0.01828	0.02818	0.01218	0.02132	0.01447	0.01675	0.00990	0.01142	0.00914	0.00609	0.00457	0.00152	0.00761	0.00381	0.00305	0.00914
10	0.01090	0.01181	0.11367	0.01056	0.01353	0.00830	0.00941	0.01460	0.01809	0.02579	0.49719	0.04538	0.05181	0.09658	0.01121	0.00273	0.00489	0.01115	0.00659	0.03582
11	0.58221	0.01786	0.13931	0.08019	0.02023	0.01606	0.01224	0.02097	0.01285	0.02893	0.01070	0.01290	0.00812	0.00669	0.00509	0.00223	0.00680	0.00435	0.00403	0.00824
12	0.01487	0.01275	0.01481	0.01069	0.01693	0.00978	0.00854	0.01864	0.03882	0.02344	0.01324	0.01518	0.01094	0.00543	0.00534	0.00110	0.00529	0.00435	0.00433	0.76552
13	0.01771	0.01530	0.01610	0.01449	0.01852	0.01771	0.01127	0.03784	0.69247	0.02979	0.02898	0.02657	0.02174	0.00966	0.00725	0.00242	0.00564	0.00805	0.00725	0.01127
14	0.01284	0.01184	0.01876	0.57392	0.04093	0.01424	0.01706	0.01778	0.04407	0.01894	0.02282	0.02838	0.11253	0.00920	0.00739	0.00241	0.00838	0.02683	0.00395	0.00774
15	0.01054	0.00681	0.00881	0.00971	0.01070	0.00626	0.00665	0.01195	0.01442	0.06944	0.06957	0.56045	0.09831	0.06758	0.01061	0.00303	0.00437	0.01788	0.00668	0.00622
16	0.00989	0.00713	0.00935	0.00909	0.01060	0.00659	0.00670	0.01296	0.01928	0.02716	0.61245	0.14630	0.06448	0.01560	0.00849	0.00233	0.00346	0.01387	0.00767	0.00659
17	0.80005	0.01377	0.01047	0.00936	0.01377	0.01597	0.00771	0.02093	0.01212	0.03195	0.00991	0.01157	0.00771	0.00661	0.00441	0.00220	0.00551	0.00386	0.00441	0.00771
18	0.01017	0.00763	0.01144	0.01144	0.01272	0.00890	0.00890	0.01272	0.01144	0.01653	0.01907	0.02797	0.01780	0.05340	0.72153	0.01144	0.01907	0.00763	0.00381	0.00636
19	0.01034	0.00692	0.00785	0.00782	0.00791	0.00689	0.00443	0.01051	0.01084	0.01453	0.05574	0.04692	0.02791	0.71369	0.03488	0.00667	0.00673	0.01048	0.00449	0.00443
20	0.04876	0.00811	0.00886	0.00914	0.01085	0.00791	0.00654	0.01376	0.08366	0.01983	0.04594	0.22687	0.28203	0.14654	0.01324	0.00335	0.00477	0.04738	0.00616	0.00631
21	0.11522	0.00728	0.00850	0.00966	0.01067	0.00720	0.00663	0.01142	0.01340	0.01991	0.03584	0.59631	0.06430	0.04716	0.00945	0.00293	0.00440	0.01748	0.00623	0.00600
22	0.56920	0.01397	0.01255	0.01070	0.01535	0.01552	0.00878	0.06572	0.05879	0.14918	0.01472	0.01506	0.01060	0.00731	0.00523	0.00221	0.00576	0.00485	0.00552	0.00897
23	0.01237	0.00618	0.00928	0.00928	0.00928	0.00618	0.00618	0.00928	0.00928	0.01237	0.01237	0.02165	0.01237	0.02474	0.02783	0.79283	0.00618	0.00618	0.00309	0.00309
24	0.00927	0.00677	0.00819	0.00894	0.00984	0.00630	0.00609	0.01060	0.01403	0.01827	0.08865	0.34979	0.18390	0.19226	0.01534	0.00371	0.00475	0.05157	0.00615	0.00559
25	0.00998	0.00765	0.00920	0.00894	0.01083	0.00713	0.00665	0.01376	0.06053	0.02514	0.42739	0.12553	0.22895	0.01595	0.00840	0.00236	0.00364	0.01388	0.00736	0.00672
26	0.00866	0.00626	0.00819	0.00974	0.01028	0.00580	0.00653	0.00993	0.01380	0.01825	0.04137	0.70143	0.08940	0.02203	0.00905	0.00286	0.00410	0.01991	0.00661	0.00580
27	0.21135	0.01680	0.01774	0.01392	0.01927	0.01814	0.01149	0.38591	0.02560	0.18486	0.01776	0.01732	0.01225	0.00815	0.00649	0.00217	0.00690	0.00597	0.00684	0.01107
28	0.01227	0.00761	0.00932	0.00888	0.01053	0.00698	0.00627	0.01414	0.01610	0.10155	0.25482	0.12924	0.15688	0.21530	0.01591	0.00361	0.00477	0.01273	0.00664	0.00647
29	0.01574	0.00966	0.01186	0.01038	0.01332	0.00922	0.00808	0.06219	0.07486	0.15807	0.39832	0.04508	0.12808	0.01311	0.00799	0.00226	0.00438	0.01125	0.00778	0.00837
30	0.00876	0.00626	0.00834	0.00986	0.01035	0.00584	0.00662	0.01012	0.01401	0.01878	0.07760	0.70504	0.04826	0.02186	0.00905	0.00285	0.00409	0.01982	0.00668	0.00584
31	0.02602	0.01913	0.02052	0.01584	0.02119	0.02113	0.01296	0.63960	0.03203	0.04293	0.01743	0.01894	0.01297	0.05492	0.00895	0.00244	0.00778	0.00666	0.00695	0.01162
32	0.00875	0.00723	0.00767	0.00756	0.00982	0.00615	0.00567	0.01086	0.01701	0.02109	0.19747	0.06547	0.57595	0.01734	0.00841	0.00237	0.00356	0.01460	0.00686	0.00615
33	0.05631	0.01179	0.01561	0.01226	0.01723	0.01058	0.01005	0.04977	0.02014	0.57956	0.09094	0.02646	0.02184	0.01075	0.03075	0.00251	0.00626	0.00758	0.00835	0.01126
34	0.00913	0.00657	0.00794	0.00883	0.00945	0.00615	0.00573	0.01010	0.01309	0.01705	0.03968	0.42583	0.14895	0.23781	0.01705	0.00400	0.00487	0.01644	0.00593	0.00538
35	0.02745	0.03008	0.01965	0.01740	0.02142	0.58754	0.01324	0.05071	0.02064	0.12636	0.01387	0.01476	0.01059	0.00761	0.00656	0.00190	0.01162	0.00505	0.00458	0.00898
36	0.01229	0.01120	0.01882	0.49036	0.03749	0.01312	0.05262	0.01612	0.01421	0.01844	0.02023	0.22331	0.02015	0.01133	0.00774	0.00252	0.00812	0.01036	0.00416	0.00741

[dist]
# distance from previous block
# <min> <max>
0	2

# created by:
# /st0/software/busco_prod/Augustus/scripts/msa2prfl.pl ./align_prep/138217.fa
