[name]
unknown

[dist]
# distance from previous block
# <min> <max>
14	89

[block]
# block no. 0 follows, 27 sequences, length 28
# corresponding to MSA columns:
# 110-137
name=unknown_A
#
# <colnr> <probs for GDERKNQSTAVLIFYWHMCP>
#	G	D	E	R	K	N	Q	S	T	A	V	L	I	F	Y	W	H	M	C	P
0	0.04852	0.01466	0.03700	0.01310	0.01620	0.08457	0.01025	0.11459	0.09336	0.02563	0.05296	0.25646	0.05385	0.01524	0.00929	0.05010	0.00653	0.03363	0.00617	0.05787
1	0.06254	0.05342	0.11787	0.02106	0.09649	0.24072	0.04341	0.15034	0.07126	0.02742	0.03615	0.01767	0.01326	0.00797	0.00699	0.00216	0.01003	0.00609	0.00484	0.01030
2	0.07031	0.08225	0.04184	0.05183	0.22825	0.04519	0.03694	0.17908	0.08281	0.05790	0.01636	0.01818	0.01257	0.00762	0.00694	0.00217	0.00827	0.00633	0.00519	0.03998
3	0.08429	0.02155	0.01930	0.01595	0.02100	0.17881	0.01270	0.26061	0.13673	0.11745	0.01915	0.01888	0.01393	0.00857	0.00700	0.00217	0.00847	0.00634	0.00651	0.04059
4	0.01505	0.01515	0.04741	0.16029	0.19484	0.05910	0.01542	0.02072	0.09265	0.02295	0.08813	0.12370	0.09089	0.01150	0.00789	0.00243	0.00748	0.01013	0.00520	0.00907
5	0.01233	0.00891	0.01075	0.00997	0.01228	0.00861	0.00753	0.01779	0.10803	0.05771	0.45824	0.05257	0.15265	0.03825	0.00948	0.00254	0.00410	0.01274	0.00782	0.00770
6	0.00936	0.00729	0.00838	0.00861	0.01035	0.00644	0.00619	0.01142	0.01704	0.02193	0.21678	0.20948	0.36541	0.05471	0.01036	0.00281	0.00399	0.01605	0.00709	0.00631
7	0.00931	0.00744	0.00903	0.05389	0.01299	0.00685	0.00718	0.01122	0.01588	0.02003	0.08879	0.34244	0.34886	0.01974	0.00898	0.00271	0.00436	0.01723	0.00673	0.00633
8	0.06784	0.01620	0.02338	0.13446	0.16604	0.01749	0.09001	0.13391	0.13548	0.04631	0.01901	0.04489	0.01541	0.04620	0.00904	0.00263	0.00829	0.00773	0.00529	0.01038
9	0.63129	0.01482	0.01343	0.01127	0.01623	0.01645	0.03307	0.06327	0.01481	0.06634	0.01209	0.01357	0.00914	0.00703	0.00512	0.00223	0.00616	0.00456	0.00496	0.05414
10	0.02735	0.03367	0.02152	0.02017	0.05275	0.63516	0.01470	0.06969	0.02173	0.02025	0.01199	0.01389	0.00985	0.00768	0.00677	0.00195	0.01285	0.00498	0.00405	0.00900
11	0.02100	0.04982	0.04222	0.02057	0.09004	0.03676	0.12889	0.18822	0.06314	0.09479	0.02207	0.02636	0.05241	0.07689	0.01111	0.00281	0.03529	0.02159	0.00571	0.01033
12	0.01846	0.01595	0.01679	0.01511	0.01930	0.01846	0.01175	0.03945	0.67938	0.03105	0.03022	0.02770	0.02266	0.01007	0.00755	0.00252	0.00588	0.00839	0.00755	0.01175
13	0.00913	0.00718	0.00816	0.00864	0.01031	0.00631	0.00615	0.01093	0.01627	0.02056	0.13055	0.27971	0.39093	0.04806	0.01013	0.00283	0.00404	0.01696	0.00694	0.00620
14	0.01391	0.01159	0.01729	0.01511	0.01781	0.01174	0.11195	0.11094	0.01766	0.02392	0.03067	0.38661	0.05413	0.01908	0.05228	0.00328	0.04303	0.01466	0.00602	0.03830
15	0.02822	0.02079	0.02228	0.01708	0.02302	0.02302	0.01411	0.66804	0.03490	0.04679	0.01782	0.01782	0.01262	0.00891	0.00743	0.00223	0.00817	0.00668	0.00743	0.01262
16	0.01513	0.02215	0.27713	0.06034	0.02600	0.01357	0.10110	0.02039	0.01573	0.05721	0.05803	0.05657	0.01818	0.10433	0.01135	0.00286	0.00884	0.00782	0.00437	0.11890
17	0.02627	0.03279	0.02305	0.02250	0.09517	0.60389	0.04505	0.02864	0.02044	0.01907	0.01190	0.01422	0.00987	0.00748	0.00686	0.00197	0.01286	0.00516	0.00381	0.00901
18	0.12718	0.01916	0.02389	0.11276	0.16344	0.12318	0.09983	0.10736	0.01927	0.07297	0.01602	0.05316	0.01304	0.00817	0.00719	0.00230	0.00923	0.00704	0.00481	0.00998
19	0.01681	0.01446	0.01524	0.01383	0.01770	0.01633	0.01072	0.03447	0.56215	0.02947	0.06134	0.03485	0.11749	0.01148	0.00777	0.00251	0.00549	0.00960	0.00749	0.01081
20	0.01080	0.00720	0.00810	0.00810	0.00810	0.00720	0.00450	0.01080	0.01080	0.01439	0.02339	0.04858	0.02699	0.73910	0.03779	0.00720	0.00720	0.01080	0.00450	0.00450
21	0.01584	0.02387	0.26723	0.19468	0.08897	0.01699	0.15363	0.05496	0.01703	0.02371	0.03309	0.04713	0.01344	0.00789	0.00767	0.00242	0.01025	0.00740	0.00385	0.00996
22	0.00959	0.00685	0.00923	0.01087	0.01157	0.00649	0.00776	0.01132	0.01492	0.01986	0.06153	0.60124	0.04869	0.02253	0.00959	0.00306	0.00471	0.12708	0.00692	0.00620
23	0.69945	0.01431	0.01137	0.01004	0.01455	0.01647	0.00824	0.06093	0.01416	0.03380	0.01161	0.01333	0.00896	0.00712	0.00480	0.00226	0.00576	0.00435	0.05024	0.00825
24	0.01073	0.00717	0.00812	0.00818	0.00819	0.00715	0.00458	0.01078	0.01092	0.01456	0.02402	0.07337	0.02779	0.71322	0.03676	0.00705	0.00709	0.01117	0.00458	0.00455
25	0.01058	0.00722	0.00833	0.00843	0.00867	0.00721	0.00499	0.01091	0.01138	0.01513	0.02688	0.08877	0.06204	0.61826	0.07556	0.00700	0.00762	0.01148	0.00473	0.00481
26	0.02377	0.02166	0.02141	0.02150	0.13846	0.18401	0.01469	0.25800	0.08010	0.05369	0.01981	0.02109	0.04412	0.01162	0.05009	0.00278	0.00979	0.00688	0.00574	0.01078
27	0.01891	0.01400	0.01556	0.01327	0.01752	0.01458	0.01027	0.09250	0.31825	0.09888	0.02774	0.06933	0.04437	0.07645	0.01011	0.00269	0.00604	0.00871	0.00687	0.13395

[dist]
# distance from previous block
# <min> <max>
2	12

[block]
# block no. 1 follows, 27 sequences, length 9
# corresponding to MSA columns:
# 150-158
name=unknown_B
#
# <colnr> <probs for GDERKNQSTAVLIFYWHMCP>
#	G	D	E	R	K	N	Q	S	T	A	V	L	I	F	Y	W	H	M	C	P
0	0.09238	0.05071	0.02365	0.19168	0.22118	0.20879	0.01749	0.04537	0.01782	0.04483	0.01324	0.01669	0.01052	0.00727	0.00683	0.00218	0.00991	0.00579	0.00400	0.00968
1	0.01388	0.00742	0.01035	0.00996	0.01089	0.00734	0.00697	0.01296	0.01206	0.07815	0.04577	0.03117	0.06049	0.11475	0.11663	0.43557	0.00804	0.00811	0.00445	0.00504
2	0.01061	0.00795	0.01193	0.01193	0.01326	0.00928	0.00928	0.01326	0.01193	0.01723	0.01988	0.02916	0.01856	0.05568	0.70968	0.01193	0.01988	0.00795	0.00398	0.00663
3	0.00922	0.00656	0.00866	0.01015	0.01063	0.00615	0.00676	0.01056	0.01439	0.01928	0.07517	0.65819	0.04898	0.06368	0.01105	0.00322	0.00443	0.02010	0.00682	0.00600
4	0.52575	0.01396	0.01296	0.01096	0.01570	0.01520	0.00899	0.06738	0.01653	0.17689	0.06005	0.01817	0.01469	0.00807	0.00568	0.00229	0.00588	0.00556	0.00601	0.00926
5	0.00877	0.00752	0.00752	0.00752	0.01003	0.00627	0.00564	0.01065	0.01692	0.02005	0.07520	0.07144	0.68978	0.01880	0.00877	0.00251	0.00376	0.01567	0.00689	0.00627
6	0.01434	0.00966	0.01439	0.20872	0.02280	0.01076	0.01151	0.06525	0.01381	0.01815	0.01582	0.02708	0.01480	0.01884	0.01955	0.43188	0.00758	0.06542	0.00391	0.00571
7	0.01108	0.00837	0.01205	0.09765	0.01635	0.00954	0.00923	0.01322	0.01195	0.01659	0.02012	0.03384	0.02002	0.25459	0.42231	0.00935	0.01486	0.00864	0.00405	0.00619
8	0.07628	0.01490	0.01753	0.01410	0.01940	0.01514	0.01146	0.13734	0.19106	0.38151	0.02650	0.02387	0.01790	0.00923	0.00730	0.00234	0.00646	0.00736	0.00820	0.01212

[dist]
# distance from previous block
# <min> <max>
0	1

[block]
# block no. 2 follows, 27 sequences, length 28
# corresponding to MSA columns:
# 160-187
name=unknown_C
#
# <colnr> <probs for GDERKNQSTAVLIFYWHMCP>
#	G	D	E	R	K	N	Q	S	T	A	V	L	I	F	Y	W	H	M	C	P
0	0.01075	0.00851	0.00961	0.00978	0.01192	0.00802	0.00734	0.04183	0.06341	0.02267	0.10844	0.22836	0.35612	0.01869	0.00892	0.00268	0.00445	0.06447	0.00706	0.00697
1	0.01590	0.01373	0.01685	0.01207	0.01869	0.01070	0.03758	0.03964	0.01611	0.02489	0.01342	0.01567	0.01106	0.00564	0.00570	0.00120	0.00589	0.00466	0.00447	0.72612
2	0.01973	0.01694	0.01783	0.01642	0.04856	0.05614	0.01232	0.14758	0.41592	0.03209	0.07572	0.02691	0.02306	0.01221	0.04206	0.00287	0.00734	0.00817	0.00703	0.01112
3	0.01499	0.01323	0.01762	0.10828	0.02300	0.01110	0.04880	0.01857	0.01538	0.02318	0.01481	0.05525	0.01293	0.00677	0.00617	0.00147	0.00644	0.00586	0.00435	0.59181
4	0.01981	0.01913	0.01726	0.01559	0.01961	0.14387	0.01202	0.03655	0.53074	0.02865	0.05547	0.02630	0.02234	0.00985	0.00745	0.00240	0.00714	0.00795	0.00690	0.01097
5	0.01202	0.00965	0.01329	0.05380	0.01610	0.01129	0.01023	0.01664	0.08267	0.01993	0.05336	0.03185	0.07228	0.03863	0.43431	0.00824	0.06995	0.00861	0.02976	0.00737
6	0.01017	0.00758	0.00945	0.00898	0.01088	0.00686	0.00674	0.01335	0.02021	0.02787	0.56882	0.05858	0.19129	0.01589	0.00876	0.00237	0.00355	0.01386	0.00792	0.00686
7	0.01289	0.00645	0.00967	0.00967	0.00967	0.00645	0.00645	0.00967	0.00967	0.01289	0.01289	0.02257	0.01289	0.02579	0.02901	0.78401	0.00645	0.00645	0.00322	0.00322
8	0.01051	0.00759	0.00992	0.00934	0.01109	0.00700	0.00700	0.01401	0.02101	0.02977	0.68888	0.05545	0.07005	0.01518	0.00876	0.00233	0.00350	0.01343	0.00817	0.00700
9	0.03209	0.01228	0.01658	0.01282	0.01831	0.01066	0.01055	0.03500	0.02089	0.65604	0.02897	0.02542	0.01842	0.00915	0.00732	0.00226	0.00614	0.00743	0.05739	0.01228
10	0.02773	0.03538	0.02104	0.01913	0.02295	0.70930	0.01434	0.02964	0.02104	0.01817	0.01148	0.01339	0.00956	0.00765	0.00669	0.00191	0.01339	0.00478	0.00383	0.00861
11	0.01402	0.01319	0.02227	0.72126	0.05113	0.01649	0.02062	0.01897	0.01484	0.01897	0.01319	0.01979	0.00990	0.00742	0.00742	0.00247	0.00990	0.00660	0.00330	0.00825
12	0.01612	0.08439	0.38404	0.01793	0.02508	0.11634	0.01989	0.02157	0.01608	0.02118	0.02028	0.09446	0.06627	0.01006	0.00830	0.00237	0.05450	0.00775	0.00393	0.00946
13	0.01810	0.01760	0.02285	0.27727	0.16914	0.08967	0.01807	0.05947	0.13120	0.02344	0.01600	0.01973	0.01258	0.00840	0.00912	0.00244	0.08399	0.00672	0.00438	0.00983
14	0.01601	0.01356	0.01572	0.01129	0.01785	0.01052	0.00905	0.04964	0.01632	0.02527	0.01342	0.01551	0.01107	0.00566	0.00559	0.00115	0.00563	0.00451	0.00454	0.74769
15	0.01283	0.00955	0.01088	0.01017	0.01275	0.00923	0.00770	0.08313	0.06796	0.04816	0.23204	0.15179	0.28257	0.01644	0.00860	0.00250	0.00446	0.01408	0.00743	0.00771
16	0.06293	0.01653	0.02340	0.07922	0.31290	0.01708	0.01701	0.15821	0.04508	0.09429	0.01771	0.04939	0.01420	0.00819	0.00723	0.00223	0.00787	0.00713	0.00533	0.05407
17	0.02423	0.20927	0.02606	0.01863	0.07041	0.28524	0.01424	0.15220	0.08640	0.02525	0.01443	0.01564	0.01159	0.00773	0.00648	0.00197	0.00992	0.00543	0.00471	0.01016
18	0.01232	0.01062	0.01534	0.06366	0.01864	0.00940	0.07716	0.01527	0.01586	0.02214	0.09020	0.26032	0.09809	0.01375	0.00791	0.00223	0.00580	0.01244	0.00566	0.24317
19	0.02265	0.10787	0.10047	0.01580	0.02141	0.01968	0.01423	0.19835	0.20416	0.12937	0.02121	0.02136	0.01570	0.02742	0.00874	0.00243	0.04446	0.00689	0.00641	0.01138
20	0.10485	0.01543	0.01876	0.01517	0.01986	0.01618	0.06217	0.25813	0.07147	0.15948	0.02374	0.13503	0.02014	0.03453	0.00856	0.00258	0.00709	0.00927	0.00700	0.01056
21	0.03007	0.01783	0.02044	0.01567	0.02154	0.01862	0.01295	0.43842	0.02994	0.28342	0.02199	0.02053	0.01472	0.00901	0.00744	0.00225	0.00750	0.00697	0.00807	0.01263
22	0.02296	0.01795	0.01960	0.01701	0.04584	0.02014	0.01313	0.30242	0.36646	0.05564	0.02439	0.02314	0.01793	0.00943	0.00749	0.00238	0.00696	0.00758	0.00740	0.01214
23	0.00932	0.00662	0.00873	0.01023	0.01072	0.00623	0.00687	0.01068	0.01434	0.01918	0.06762	0.63602	0.04821	0.07497	0.01153	0.00330	0.00456	0.03811	0.00677	0.00598
24	0.03568	0.02983	0.44295	0.02211	0.06235	0.01674	0.11535	0.06261	0.01734	0.02541	0.05176	0.05288	0.01513	0.00824	0.00748	0.00239	0.01006	0.00722	0.00401	0.01045
25	0.00913	0.00702	0.00848	0.00929	0.01065	0.00637	0.00656	0.01088	0.01560	0.02006	0.09989	0.39686	0.29034	0.02275	0.04714	0.00326	0.00489	0.01778	0.00683	0.00622
26	0.05399	0.09134	0.01990	0.01502	0.01981	0.02041	0.01216	0.16266	0.45362	0.03291	0.02484	0.02343	0.01868	0.00932	0.00711	0.00236	0.00654	0.00741	0.00695	0.01154
27	0.16419	0.04519	0.20726	0.06783	0.02544	0.01680	0.06659	0.11569	0.01813	0.09016	0.01554	0.01875	0.01181	0.05310	0.00860	0.00255	0.00856	0.00613	0.00480	0.05288

[dist]
# distance from previous block
# <min> <max>
9	14

[block]
# block no. 3 follows, 27 sequences, length 9
# corresponding to MSA columns:
# 202-210
name=unknown_D
#
# <colnr> <probs for GDERKNQSTAVLIFYWHMCP>
#	G	D	E	R	K	N	Q	S	T	A	V	L	I	F	Y	W	H	M	C	P
0	0.07013	0.15006	0.05218	0.12092	0.02508	0.31339	0.01430	0.02572	0.01799	0.07390	0.01380	0.01599	0.01083	0.00751	0.00632	0.00200	0.01013	0.00525	0.05551	0.00899
1	0.09141	0.06602	0.01840	0.01433	0.01859	0.10186	0.01138	0.21659	0.15455	0.05572	0.07330	0.05135	0.02084	0.06209	0.00929	0.00261	0.00746	0.00779	0.00637	0.01006
2	0.01189	0.00952	0.01087	0.01019	0.01272	0.00948	0.00774	0.01903	0.17362	0.02740	0.36667	0.05336	0.22905	0.01498	0.00848	0.00242	0.00413	0.01287	0.00768	0.00791
3	0.00991	0.00722	0.00933	0.00953	0.01091	0.00664	0.00687	0.01258	0.01852	0.02557	0.43526	0.27504	0.10888	0.01804	0.00899	0.00257	0.00378	0.01606	0.00767	0.00664
4	0.01289	0.00645	0.00967	0.00967	0.00967	0.00645	0.00645	0.00967	0.00967	0.01289	0.01289	0.02257	0.01289	0.02579	0.02901	0.78401	0.00645	0.00645	0.00322	0.00322
5	0.01723	0.02253	0.17692	0.09447	0.03414	0.01833	0.30922	0.05294	0.14667	0.02561	0.01755	0.02047	0.01301	0.00740	0.00797	0.00246	0.01045	0.00768	0.00447	0.01049
6	0.02501	0.01758	0.01928	0.01569	0.02089	0.01933	0.01266	0.31614	0.29550	0.13900	0.02461	0.02298	0.01759	0.00943	0.00748	0.00236	0.00695	0.00750	0.00775	0.01227
7	0.05628	0.17696	0.02375	0.01708	0.07311	0.07323	0.01316	0.10181	0.15725	0.17301	0.01979	0.01959	0.01466	0.00846	0.00743	0.00218	0.03886	0.00634	0.00603	0.01100
8	0.08581	0.07669	0.02193	0.01781	0.02221	0.47041	0.04508	0.02952	0.07207	0.07068	0.01428	0.01552	0.01121	0.00774	0.00663	0.00203	0.01127	0.00535	0.00453	0.00924

[dist]
# distance from previous block
# <min> <max>
2	10

[block]
# block no. 4 follows, 27 sequences, length 17
# corresponding to MSA columns:
# 221-237
name=unknown_E
#
# <colnr> <probs for GDERKNQSTAVLIFYWHMCP>
#	G	D	E	R	K	N	Q	S	T	A	V	L	I	F	Y	W	H	M	C	P
0	0.10102	0.01647	0.04917	0.04065	0.19305	0.05410	0.01411	0.02312	0.08453	0.05513	0.01963	0.02443	0.04123	0.03122	0.00777	0.00223	0.00733	0.04022	0.00489	0.18972
1	0.25144	0.01914	0.08933	0.01376	0.01928	0.09697	0.01222	0.09800	0.01928	0.22668	0.02201	0.02154	0.06245	0.00878	0.00658	0.00227	0.00750	0.00644	0.00618	0.01015
2	0.10209	0.01456	0.01654	0.01637	0.07688	0.01592	0.01161	0.14840	0.24728	0.05731	0.05234	0.16034	0.02502	0.01191	0.00761	0.00249	0.00618	0.01005	0.00683	0.01026
3	0.07075	0.34164	0.03182	0.06540	0.05989	0.06254	0.11627	0.02400	0.06510	0.03922	0.03109	0.01692	0.01263	0.00728	0.00670	0.00204	0.02722	0.00582	0.00405	0.00963
4	0.01200	0.00835	0.01027	0.00977	0.01153	0.00784	0.00696	0.01499	0.04604	0.04952	0.28677	0.13873	0.06277	0.20489	0.01616	0.00365	0.00506	0.03375	0.00670	0.06425
5	0.01694	0.01532	0.02550	0.20713	0.37620	0.01617	0.04507	0.02227	0.05193	0.04653	0.06390	0.02255	0.01650	0.00933	0.03105	0.00264	0.00898	0.00735	0.00431	0.01033
6	0.00954	0.00667	0.00847	0.00971	0.01002	0.00636	0.00622	0.01047	0.01325	0.01767	0.03600	0.54174	0.04289	0.22425	0.01742	0.00419	0.00512	0.01821	0.00622	0.00560
7	0.01451	0.01152	0.01606	0.01449	0.01688	0.01190	0.07994	0.15713	0.01900	0.02556	0.03163	0.46699	0.03521	0.01780	0.00962	0.00280	0.03851	0.01594	0.00651	0.00801
8	0.01698	0.33543	0.42190	0.01760	0.02662	0.02235	0.02123	0.02297	0.01543	0.02096	0.01206	0.01409	0.00946	0.00676	0.00609	0.00203	0.00969	0.00485	0.00315	0.01036
9	0.02327	0.10019	0.02683	0.01927	0.02483	0.14377	0.13680	0.23853	0.15494	0.03107	0.01782	0.01877	0.01348	0.00814	0.00729	0.00221	0.00944	0.00679	0.00566	0.01091
10	0.79154	0.01436	0.01091	0.00976	0.01436	0.01665	0.00804	0.02182	0.01263	0.03331	0.01034	0.01206	0.00804	0.00689	0.00459	0.00230	0.00574	0.00402	0.00459	0.00804
11	0.02688	0.11172	0.02296	0.01843	0.02253	0.63600	0.01417	0.02884	0.02040	0.01809	0.01135	0.01323	0.00956	0.00751	0.00649	0.00188	0.01280	0.00469	0.00376	0.00871
12	0.00917	0.00652	0.00858	0.01017	0.01057	0.00612	0.00671	0.01037	0.01396	0.01861	0.03962	0.68344	0.04746	0.07632	0.01157	0.00332	0.00452	0.02034	0.00671	0.00592
13	0.01000	0.00757	0.00922	0.00880	0.01078	0.00679	0.00660	0.01302	0.01981	0.02691	0.50809	0.06016	0.25262	0.01624	0.00876	0.00239	0.00358	0.01409	0.00780	0.00679
14	0.00903	0.00652	0.00855	0.01017	0.01072	0.00604	0.00682	0.01036	0.01437	0.01901	0.04289	0.69603	0.08605	0.02300	0.00943	0.00299	0.00428	0.02079	0.00689	0.00604
15	0.01063	0.00781	0.01002	0.01065	0.01199	0.00767	0.00784	0.01395	0.06441	0.02208	0.17350	0.32532	0.10715	0.02223	0.05725	0.04498	0.00564	0.08344	0.00681	0.00665
16	0.07575	0.09909	0.02324	0.01769	0.04736	0.11532	0.04236	0.28296	0.16321	0.03364	0.01798	0.01839	0.01358	0.00837	0.00693	0.00219	0.00843	0.00640	0.00601	0.01110

[dist]
# distance from previous block
# <min> <max>
0	2

[block]
# block no. 5 follows, 27 sequences, length 48
# corresponding to MSA columns:
# 240-287
name=unknown_F
#
# <colnr> <probs for GDERKNQSTAVLIFYWHMCP>
#	G	D	E	R	K	N	Q	S	T	A	V	L	I	F	Y	W	H	M	C	P
0	0.04721	0.19892	0.22025	0.09881	0.06059	0.10272	0.01842	0.04690	0.04351	0.05161	0.01370	0.01597	0.01063	0.00746	0.00709	0.00215	0.03467	0.00545	0.00392	0.01003
1	0.66230	0.01714	0.04662	0.03969	0.01739	0.07031	0.01000	0.02240	0.01353	0.03107	0.01069	0.01265	0.00830	0.00698	0.00499	0.00228	0.00676	0.00426	0.00441	0.00824
2	0.04892	0.04356	0.05544	0.01787	0.09999	0.05604	0.01325	0.21619	0.04726	0.03224	0.19906	0.05548	0.03042	0.01108	0.00772	0.00232	0.00706	0.03981	0.00642	0.00985
3	0.01126	0.00891	0.01162	0.01225	0.06168	0.00790	0.00823	0.01405	0.01766	0.02461	0.29758	0.21279	0.13226	0.01547	0.00832	0.00232	0.00443	0.01367	0.00678	0.12821
4	0.01583	0.01020	0.01295	0.05372	0.01602	0.01004	0.00918	0.10254	0.02137	0.11991	0.34779	0.13019	0.09158	0.01433	0.00842	0.00242	0.00500	0.01243	0.00767	0.00841
5	0.01289	0.00645	0.00967	0.00967	0.00967	0.00645	0.00645	0.00967	0.00967	0.01289	0.01289	0.02257	0.01289	0.02579	0.02901	0.78401	0.00645	0.00645	0.00322	0.00322
6	0.01772	0.02146	0.07773	0.07159	0.03832	0.05582	0.55642	0.02379	0.01745	0.02317	0.01462	0.01941	0.01099	0.00645	0.00847	0.00246	0.01232	0.00823	0.00370	0.00988
7	0.02822	0.02079	0.02228	0.01708	0.02302	0.02302	0.01411	0.66804	0.03490	0.04679	0.01782	0.01782	0.01262	0.00891	0.00743	0.00223	0.00817	0.00668	0.00743	0.01262
8	0.01080	0.00720	0.00810	0.00810	0.00810	0.00720	0.00450	0.01080	0.01080	0.01439	0.02339	0.04858	0.02699	0.73910	0.03779	0.00720	0.00720	0.01080	0.00450	0.00450
9	0.02001	0.65340	0.06134	0.01404	0.02047	0.06524	0.03787	0.02273	0.01552	0.01795	0.01067	0.01243	0.00959	0.00644	0.00510	0.00167	0.00851	0.00425	0.00323	0.00955
10	0.01629	0.01731	0.07356	0.01461	0.01685	0.12229	0.01194	0.07083	0.01510	0.01960	0.01687	0.02799	0.01670	0.24198	0.13693	0.00554	0.15627	0.00773	0.00418	0.00745
11	0.01539	0.01319	0.01539	0.01100	0.01759	0.00990	0.00880	0.01869	0.01539	0.02419	0.01319	0.01539	0.01100	0.00550	0.00550	0.00110	0.00550	0.00440	0.00440	0.78449
12	0.02170	0.01580	0.01731	0.01496	0.01955	0.01760	0.01181	0.09072	0.51826	0.14179	0.02904	0.02648	0.02113	0.00983	0.00753	0.00246	0.00614	0.00810	0.00781	0.01197
13	0.01985	0.74357	0.03890	0.01270	0.01905	0.02937	0.01270	0.02223	0.01508	0.01747	0.01032	0.01191	0.00953	0.00635	0.00476	0.00159	0.00794	0.00397	0.00318	0.00953
14	0.01846	0.01595	0.01679	0.01511	0.01930	0.01846	0.01175	0.03945	0.67938	0.03105	0.03022	0.02770	0.02266	0.01007	0.00755	0.00252	0.00588	0.00839	0.00755	0.01175
15	0.01277	0.00649	0.00958	0.00958	0.00958	0.00649	0.00633	0.00974	0.00974	0.01299	0.01353	0.02413	0.01374	0.06871	0.02954	0.73727	0.00649	0.00671	0.00330	0.00330
16	0.00904	0.00646	0.00861	0.01034	0.01077	0.00603	0.00689	0.01034	0.01421	0.01895	0.04092	0.73426	0.04910	0.02326	0.00948	0.00301	0.00431	0.02110	0.00689	0.00603
17	0.01539	0.01319	0.01539	0.01100	0.01759	0.00990	0.00880	0.01869	0.01539	0.02419	0.01319	0.01539	0.01100	0.00550	0.00550	0.00110	0.00550	0.00440	0.00440	0.78449
18	0.79154	0.01436	0.01091	0.00976	0.01436	0.01665	0.00804	0.02182	0.01263	0.03331	0.01034	0.01206	0.00804	0.00689	0.00459	0.00230	0.00574	0.00402	0.00459	0.00804
19	0.01196	0.00854	0.01196	0.01367	0.01538	0.00854	0.01196	0.01538	0.01709	0.02222	0.03931	0.08374	0.04272	0.02051	0.01025	0.00342	0.00684	0.64283	0.00684	0.00684
20	0.02773	0.03538	0.02104	0.01913	0.02295	0.70930	0.01434	0.02964	0.02104	0.01817	0.01148	0.01339	0.00956	0.00765	0.00669	0.00191	0.01339	0.00478	0.00383	0.00861
21	0.00939	0.00687	0.00885	0.01000	0.01096	0.00634	0.00701	0.01120	0.01575	0.02094	0.14603	0.51482	0.13046	0.02132	0.00932	0.00287	0.00424	0.05031	0.00709	0.00625
22	0.01889	0.01616	0.01703	0.01519	0.01947	0.01866	0.01185	0.06684	0.65130	0.03174	0.02968	0.02727	0.02222	0.01002	0.00755	0.00251	0.00598	0.00832	0.00755	0.01179
23	0.14287	0.01345	0.01741	0.13338	0.07428	0.01399	0.01274	0.08068	0.04476	0.25419	0.09039	0.05028	0.02100	0.00948	0.00721	0.00235	0.00679	0.00780	0.00666	0.01026
24	0.13749	0.10265	0.07261	0.04221	0.05593	0.01616	0.08431	0.02084	0.08761	0.02339	0.04851	0.10756	0.02055	0.10000	0.01168	0.00300	0.04336	0.00876	0.00480	0.00856
25	0.05203	0.01826	0.02652	0.16349	0.17566	0.07535	0.13664	0.04851	0.12022	0.02437	0.01596	0.01952	0.01252	0.00797	0.00892	0.00243	0.07018	0.00701	0.00437	0.01005
26	0.04965	0.01447	0.01604	0.01340	0.01713	0.04462	0.01044	0.21138	0.08837	0.16234	0.06333	0.02486	0.01895	0.04877	0.01358	0.17234	0.00699	0.00742	0.00652	0.00940
27	0.00943	0.00683	0.00889	0.01038	0.01114	0.00639	0.00728	0.01098	0.01468	0.01927	0.04327	0.56953	0.10745	0.04944	0.01057	0.00317	0.00466	0.09373	0.00679	0.00609
28	0.01707	0.01452	0.01558	0.01427	0.01797	0.01655	0.01098	0.03508	0.57382	0.02993	0.08035	0.08963	0.02844	0.01157	0.00781	0.00255	0.00556	0.00985	0.00754	0.01091
29	0.02664	0.01927	0.02059	0.01596	0.02144	0.02125	0.01313	0.59637	0.03277	0.04468	0.01853	0.01891	0.01333	0.00888	0.00718	0.00217	0.00765	0.00671	0.09255	0.01200
30	0.01289	0.00645	0.00967	0.00967	0.00967	0.00645	0.00645	0.00967	0.00967	0.01289	0.01289	0.02257	0.01289	0.02579	0.02901	0.78401	0.00645	0.00645	0.00322	0.00322
31	0.01623	0.01561	0.02701	0.37066	0.35140	0.01714	0.05321	0.02099	0.01594	0.02168	0.01364	0.01914	0.01084	0.00699	0.00745	0.00235	0.00952	0.00671	0.00350	0.00998
32	0.02499	0.01919	0.02046	0.01643	0.02179	0.02151	0.01333	0.45998	0.24823	0.04158	0.02193	0.02109	0.01595	0.00930	0.00747	0.00232	0.00741	0.00725	0.00747	0.01234
33	0.01886	0.04319	0.04659	0.01385	0.01804	0.01523	0.01137	0.25640	0.07569	0.05443	0.02740	0.22628	0.05118	0.01479	0.03320	0.00274	0.00698	0.01107	0.00663	0.06610
34	0.01962	0.01818	0.03996	0.03970	0.01875	0.14941	0.01130	0.11980	0.16804	0.05237	0.05417	0.02876	0.02056	0.18126	0.01529	0.03200	0.00823	0.00798	0.00572	0.00890
35	0.02058	0.67786	0.03724	0.01330	0.01942	0.09246	0.01285	0.02292	0.01564	0.01753	0.01043	0.01205	0.00953	0.00647	0.00494	0.00162	0.00844	0.00404	0.00324	0.00944
36	0.01539	0.01319	0.01539	0.01100	0.01759	0.00990	0.00880	0.01869	0.01539	0.02419	0.01319	0.01539	0.01100	0.00550	0.00550	0.00110	0.00550	0.00440	0.00440	0.78449
37	0.02880	0.01986	0.02170	0.01664	0.02256	0.02164	0.01375	0.59592	0.03335	0.12111	0.01913	0.01867	0.01328	0.00894	0.00743	0.00224	0.00796	0.00677	0.00763	0.01263
38	0.01656	0.01547	0.01752	0.01286	0.01928	0.06966	0.04734	0.01992	0.01600	0.02366	0.01315	0.01549	0.01089	0.00572	0.00579	0.00125	0.00657	0.00468	0.00431	0.67388
39	0.79154	0.01436	0.01091	0.00976	0.01436	0.01665	0.00804	0.02182	0.01263	0.03331	0.01034	0.01206	0.00804	0.00689	0.00459	0.00230	0.00574	0.00402	0.00459	0.00804
40	0.01416	0.01219	0.01559	0.15594	0.06188	0.04981	0.01200	0.07124	0.01576	0.02070	0.02400	0.24844	0.02579	0.13970	0.04317	0.00383	0.06147	0.01182	0.00506	0.00744
41	0.01062	0.00790	0.01165	0.01165	0.01288	0.00913	0.00893	0.01308	0.01185	0.01703	0.02014	0.03058	0.01917	0.10559	0.66061	0.01159	0.01896	0.00816	0.00402	0.00647
42	0.02779	0.02058	0.02204	0.01699	0.02286	0.02282	0.01401	0.64054	0.06309	0.04610	0.01837	0.01826	0.01306	0.00896	0.00743	0.00224	0.00807	0.00676	0.00743	0.01259
43	0.00904	0.00646	0.00861	0.01034	0.01077	0.00603	0.00689	0.01034	0.01421	0.01895	0.04092	0.73426	0.04910	0.02326	0.00948	0.00301	0.00431	0.02110	0.00689	0.00603
44	0.01402	0.01319	0.02227	0.72126	0.05113	0.01649	0.02062	0.01897	0.01484	0.01897	0.01319	0.01979	0.00990	0.00742	0.00742	0.00247	0.00990	0.00660	0.00330	0.00825
45	0.00904	0.00646	0.00861	0.01034	0.01077	0.00603	0.00689	0.01034	0.01421	0.01895	0.04092	0.73426	0.04910	0.02326	0.00948	0.00301	0.00431	0.02110	0.00689	0.00603
46	0.02165	0.04596	0.02839	0.11947	0.20733	0.07039	0.12364	0.23601	0.02291	0.03023	0.01500	0.01805	0.01148	0.00749	0.00747	0.00225	0.00965	0.00676	0.00487	0.01099
47	0.01566	0.01370	0.01700	0.01229	0.01882	0.01079	0.04440	0.01998	0.04801	0.02450	0.01413	0.01625	0.01158	0.00576	0.00577	0.00124	0.00590	0.00483	0.00452	0.70487

[dist]
# distance from previous block
# <min> <max>
0	1

[block]
# block no. 6 follows, 27 sequences, length 60
# corresponding to MSA columns:
# 289-299,307-355
name=unknown_G
#
# <colnr> <probs for GDERKNQSTAVLIFYWHMCP>
#	G	D	E	R	K	N	Q	S	T	A	V	L	I	F	Y	W	H	M	C	P
0	0.12112	0.19019	0.05641	0.01443	0.01926	0.10033	0.01250	0.17410	0.04143	0.05169	0.01609	0.05012	0.01398	0.06690	0.00956	0.00254	0.03822	0.00647	0.00506	0.00960
1	0.01065	0.00778	0.01103	0.01103	0.01204	0.00879	0.00816	0.01268	0.01166	0.01657	0.02071	0.03373	0.02054	0.21631	0.55176	0.01082	0.01690	0.00862	0.00410	0.00613
2	0.55828	0.02078	0.01400	0.01262	0.01698	0.22818	0.00996	0.02421	0.01520	0.02868	0.01068	0.01247	0.00850	0.00712	0.00524	0.00218	0.00808	0.00425	0.00436	0.00821
3	0.01586	0.03595	0.62315	0.02158	0.03207	0.01709	0.07422	0.02406	0.01604	0.05179	0.01412	0.01640	0.00992	0.00708	0.00720	0.00236	0.01089	0.00581	0.00343	0.01097
4	0.01016	0.00732	0.00804	0.00800	0.00888	0.00690	0.00501	0.01096	0.01331	0.01710	0.08159	0.05598	0.23167	0.47351	0.02710	0.00546	0.00591	0.01245	0.00546	0.00520
5	0.01547	0.05310	0.37197	0.02072	0.02882	0.01591	0.17074	0.02216	0.01727	0.04677	0.14090	0.02433	0.02152	0.00844	0.00770	0.00235	0.00966	0.00775	0.00443	0.01001
6	0.00904	0.00646	0.00861	0.01034	0.01077	0.00603	0.00689	0.01034	0.01421	0.01895	0.04092	0.73426	0.04910	0.02326	0.00948	0.00301	0.00431	0.02110	0.00689	0.00603
7	0.01066	0.00776	0.00985	0.00969	0.01116	0.00740	0.00699	0.01429	0.05099	0.02647	0.47864	0.17684	0.06002	0.08202	0.01146	0.00291	0.00410	0.01434	0.00758	0.00683
8	0.01259	0.00874	0.01204	0.01151	0.01260	0.00991	0.00854	0.01437	0.01213	0.05982	0.02067	0.03366	0.02033	0.25509	0.40338	0.00914	0.07592	0.00865	0.00440	0.00650
9	0.02609	0.10867	0.02371	0.02072	0.08016	0.57797	0.01490	0.02827	0.02005	0.01862	0.01157	0.01366	0.00975	0.00742	0.00655	0.00190	0.01242	0.00485	0.00374	0.00897
10	0.42913	0.07634	0.07141	0.03816	0.01855	0.09564	0.01129	0.04571	0.01522	0.05174	0.01367	0.04731	0.01168	0.03854	0.00696	0.00244	0.00747	0.00558	0.00459	0.00856
11	0.05238	0.05258	0.01796	0.01480	0.01921	0.06257	0.01171	0.09030	0.47191	0.05046	0.02813	0.02639	0.04944	0.00987	0.00728	0.00239	0.00657	0.00791	0.00699	0.01114
12	0.01450	0.04420	0.01619	0.08336	0.07081	0.06881	0.01158	0.02038	0.11892	0.02352	0.19195	0.03594	0.05382	0.04617	0.14063	0.00432	0.00923	0.03173	0.00568	0.00827
13	0.01677	0.01427	0.04967	0.01279	0.01760	0.01251	0.01084	0.17515	0.02190	0.03102	0.20703	0.03406	0.03108	0.01062	0.00743	0.00201	0.00599	0.07098	0.00637	0.26191
14	0.01061	0.00795	0.01193	0.01193	0.01326	0.00928	0.00928	0.01326	0.01193	0.01723	0.01988	0.02916	0.01856	0.05568	0.70968	0.01193	0.01988	0.00795	0.00398	0.00663
15	0.01289	0.00645	0.00967	0.00967	0.00967	0.00645	0.00645	0.00967	0.00967	0.01289	0.01289	0.02257	0.01289	0.02579	0.02901	0.78401	0.00645	0.00645	0.00322	0.00322
16	0.02558	0.05464	0.02183	0.04419	0.02284	0.02164	0.01358	0.55429	0.03159	0.04195	0.02219	0.02220	0.07035	0.00957	0.00741	0.00223	0.00785	0.00732	0.00701	0.01175
17	0.01940	0.01641	0.01732	0.01530	0.01966	0.01890	0.01198	0.09995	0.61735	0.03257	0.02902	0.02675	0.02170	0.00996	0.00754	0.00249	0.00610	0.00823	0.00754	0.01183
18	0.79154	0.01436	0.01091	0.00976	0.01436	0.01665	0.00804	0.02182	0.01263	0.03331	0.01034	0.01206	0.00804	0.00689	0.00459	0.00230	0.00574	0.00402	0.00459	0.00804
19	0.02526	0.03085	0.02221	0.02360	0.14277	0.54992	0.01574	0.02770	0.02010	0.01946	0.01332	0.01782	0.01163	0.00811	0.00699	0.00204	0.01224	0.03721	0.00395	0.00908
20	0.01289	0.00645	0.00967	0.00967	0.00967	0.00645	0.00645	0.00967	0.00967	0.01289	0.01289	0.02257	0.01289	0.02579	0.02901	0.78401	0.00645	0.00645	0.00322	0.00322
21	0.02154	0.01822	0.01847	0.01584	0.02048	0.05445	0.01251	0.20733	0.47363	0.03462	0.02595	0.02433	0.01931	0.00964	0.00748	0.00241	0.00687	0.00775	0.00733	0.01183
22	0.55946	0.06607	0.08693	0.01210	0.01729	0.07239	0.01110	0.02234	0.01401	0.02948	0.01216	0.01604	0.01010	0.00760	0.00531	0.00228	0.00711	0.03542	0.00439	0.00844
23	0.11433	0.10133	0.16070	0.01914	0.05386	0.26683	0.04900	0.05012	0.07523	0.02370	0.01373	0.01549	0.01077	0.00744	0.00655	0.00212	0.01034	0.00541	0.00415	0.00974
24	0.05740	0.01413	0.01731	0.06435	0.02101	0.01413	0.01167	0.15538	0.08312	0.36616	0.02983	0.02776	0.08407	0.00996	0.00748	0.00234	0.00662	0.00802	0.00786	0.01141
25	0.01080	0.00720	0.00810	0.00810	0.00810	0.00720	0.00450	0.01080	0.01080	0.01439	0.02339	0.04858	0.02699	0.73910	0.03779	0.00720	0.00720	0.01080	0.00450	0.00450
26	0.02010	0.01214	0.01493	0.03826	0.01724	0.01210	0.01009	0.17910	0.02378	0.18689	0.29516	0.06781	0.06572	0.01247	0.00812	0.00234	0.00557	0.01057	0.00794	0.00965
27	0.40389	0.12619	0.04356	0.01365	0.01848	0.24424	0.01147	0.02449	0.01583	0.02575	0.01082	0.01260	0.00880	0.00707	0.00539	0.00207	0.00874	0.00431	0.00409	0.00854
28	0.01038	0.00758	0.00974	0.00920	0.01101	0.00695	0.00690	0.01375	0.02070	0.02903	0.64223	0.05667	0.11715	0.01545	0.00876	0.00235	0.00352	0.01360	0.00807	0.00695
29	0.01539	0.01319	0.01539	0.01100	0.01759	0.00990	0.00880	0.01869	0.01539	0.02419	0.01319	0.01539	0.01100	0.00550	0.00550	0.00110	0.00550	0.00440	0.00440	0.78449
30	0.01501	0.03758	0.67123	0.02161	0.03243	0.01731	0.05601	0.02352	0.01576	0.02352	0.01340	0.01587	0.00949	0.00702	0.00713	0.00236	0.01104	0.00563	0.00316	0.01093
31	0.01196	0.00854	0.01196	0.01367	0.01538	0.00854	0.01196	0.01538	0.01709	0.02222	0.03931	0.08374	0.04272	0.02051	0.01025	0.00342	0.00684	0.64283	0.00684	0.00684
32	0.01881	0.01507	0.01638	0.01481	0.01882	0.01705	0.01165	0.06695	0.53718	0.06421	0.03069	0.05965	0.02456	0.01130	0.00783	0.00258	0.00602	0.05767	0.00755	0.01123
33	0.00970	0.00749	0.00885	0.00866	0.01063	0.00664	0.00644	0.01240	0.01890	0.02509	0.39552	0.10528	0.32326	0.01718	0.00881	0.00245	0.00366	0.01484	0.00757	0.00664
34	0.01517	0.01296	0.01547	0.03685	0.01870	0.01007	0.00938	0.01854	0.01546	0.02390	0.01450	0.01897	0.01254	0.00632	0.00581	0.00127	0.00572	0.03639	0.00448	0.71751
35	0.01061	0.00795	0.01193	0.01193	0.01326	0.00928	0.00928	0.01326	0.01193	0.01723	0.01988	0.02916	0.01856	0.05568	0.70968	0.01193	0.01988	0.00795	0.00398	0.00663
36	0.00881	0.00739	0.00765	0.00786	0.01012	0.00624	0.00579	0.01062	0.01660	0.01992	0.07109	0.15105	0.61284	0.01934	0.00886	0.00257	0.00383	0.01632	0.00689	0.00624
37	0.01061	0.00795	0.01193	0.01193	0.01326	0.00928	0.00928	0.01326	0.01193	0.01723	0.01988	0.02916	0.01856	0.05568	0.70968	0.01193	0.01988	0.00795	0.00398	0.00663
38	0.01980	0.01814	0.02500	0.22771	0.27022	0.09783	0.04595	0.05157	0.07032	0.07722	0.01617	0.01953	0.01238	0.00752	0.00738	0.00229	0.00935	0.00670	0.00449	0.01042
39	0.01080	0.00720	0.00810	0.00810	0.00810	0.00720	0.00450	0.01080	0.01080	0.01439	0.02339	0.04858	0.02699	0.73910	0.03779	0.00720	0.00720	0.01080	0.00450	0.00450
40	0.01773	0.07394	0.02246	0.07438	0.02190	0.11686	0.01519	0.04258	0.01418	0.01892	0.01175	0.01732	0.01082	0.01600	0.09636	0.00382	0.40768	0.00624	0.00356	0.00830
41	0.01080	0.00720	0.00810	0.00810	0.00810	0.00720	0.00450	0.01080	0.01080	0.01439	0.02339	0.04858	0.02699	0.73910	0.03779	0.00720	0.00720	0.01080	0.00450	0.00450
42	0.01722	0.04429	0.05515	0.01477	0.06009	0.04721	0.01143	0.07392	0.08980	0.10486	0.20143	0.08779	0.10414	0.01289	0.00804	0.00240	0.00616	0.04238	0.00687	0.00918
43	0.06407	0.25846	0.02581	0.01521	0.02036	0.22016	0.01287	0.09567	0.01985	0.15353	0.01511	0.01572	0.01152	0.00781	0.00682	0.00198	0.03467	0.00526	0.00505	0.01007
44	0.01791	0.01312	0.01565	0.01131	0.01778	0.01004	0.00909	0.02115	0.01622	0.11894	0.01546	0.01678	0.01203	0.00602	0.00577	0.00127	0.00561	0.00483	0.00507	0.67594
45	0.01083	0.00743	0.00954	0.00954	0.01001	0.00790	0.00629	0.01162	0.01114	0.01533	0.02163	0.04040	0.02330	0.46119	0.27635	0.04680	0.01167	0.00957	0.00425	0.00519
46	0.01903	0.01578	0.01830	0.04726	0.08113	0.01769	0.01299	0.15631	0.38520	0.03154	0.02691	0.11029	0.02239	0.01102	0.00774	0.00249	0.00657	0.00937	0.00692	0.01108
47	0.01605	0.03916	0.06149	0.01292	0.01981	0.01189	0.04314	0.04148	0.01617	0.02468	0.01336	0.01561	0.01092	0.00578	0.00580	0.00130	0.00637	0.00475	0.00435	0.64498
48	0.02239	0.01579	0.01743	0.01685	0.06583	0.08286	0.01258	0.03227	0.27117	0.21342	0.02853	0.03459	0.02286	0.01114	0.00789	0.00253	0.00711	0.11666	0.00725	0.01084
49	0.03331	0.01263	0.01723	0.01321	0.01895	0.01091	0.01091	0.03618	0.02125	0.69794	0.02929	0.02527	0.01838	0.00919	0.00747	0.00230	0.00632	0.00747	0.00919	0.01263
50	0.02764	0.01967	0.02133	0.01658	0.02233	0.02161	0.01362	0.55520	0.09857	0.09641	0.01997	0.01940	0.01409	0.00905	0.00744	0.00226	0.00779	0.00692	0.00758	0.01254
51	0.01080	0.00720	0.00810	0.00810	0.00810	0.00720	0.00450	0.01080	0.01080	0.01439	0.02339	0.04858	0.02699	0.73910	0.03779	0.00720	0.00720	0.01080	0.00450	0.00450
52	0.54826	0.01216	0.01104	0.03912	0.01460	0.01388	0.00813	0.01841	0.01192	0.02718	0.01115	0.01523	0.00943	0.01204	0.01133	0.21431	0.00611	0.00478	0.00417	0.00674
53	0.01067	0.00770	0.01066	0.01066	0.01154	0.00859	0.00769	0.01244	0.01155	0.01629	0.02105	0.03562	0.02136	0.28307	0.48613	0.01036	0.01566	0.00890	0.00415	0.00592
54	0.02107	0.01669	0.01767	0.01477	0.01944	0.01850	0.01180	0.29935	0.30630	0.03598	0.03194	0.03028	0.12122	0.01093	0.00769	0.00239	0.00651	0.00880	0.00740	0.01127
55	0.01521	0.03083	0.52488	0.01843	0.02727	0.01485	0.02247	0.02241	0.01681	0.06841	0.11943	0.04804	0.02075	0.00902	0.00743	0.00237	0.00928	0.00739	0.00444	0.01029
56	0.01440	0.01358	0.04463	0.27281	0.05213	0.01419	0.01455	0.02288	0.17923	0.02502	0.16951	0.03105	0.05115	0.01005	0.00767	0.00236	0.00702	0.00871	0.00562	0.05342
57	0.02473	0.01442	0.01730	0.01366	0.01907	0.01379	0.01117	0.16907	0.08721	0.27918	0.04831	0.02661	0.01942	0.00937	0.00727	0.00212	0.00644	0.04745	0.00744	0.17597
58	0.01192	0.00909	0.01089	0.01123	0.01306	0.00896	0.00813	0.06473	0.08612	0.02288	0.04013	0.47367	0.10805	0.01930	0.00888	0.00277	0.00487	0.04232	0.00688	0.04611
59	0.01955	0.36727	0.25901	0.01695	0.02486	0.02276	0.05918	0.05063	0.01679	0.08012	0.01358	0.01509	0.01049	0.00693	0.00613	0.00199	0.00912	0.00520	0.00390	0.01044

[dist]
# distance from previous block
# <min> <max>
1	7

[block]
# block no. 7 follows, 27 sequences, length 18
# corresponding to MSA columns:
# 363-380
name=unknown_H
#
# <colnr> <probs for GDERKNQSTAVLIFYWHMCP>
#	G	D	E	R	K	N	Q	S	T	A	V	L	I	F	Y	W	H	M	C	P
0	0.06527	0.01329	0.01738	0.10587	0.05677	0.01166	0.03663	0.01874	0.01522	0.02371	0.01510	0.06740	0.01343	0.00719	0.00620	0.00160	0.00645	0.00614	0.00438	0.50758
1	0.01625	0.01300	0.01633	0.10744	0.02215	0.01081	0.01064	0.01975	0.01576	0.06705	0.01511	0.01892	0.01239	0.00650	0.00605	0.00144	0.00619	0.02630	0.00464	0.60328
2	0.01028	0.00777	0.00994	0.01047	0.01210	0.00678	0.00726	0.01197	0.01444	0.01997	0.03551	0.59415	0.04167	0.01980	0.00870	0.00264	0.00454	0.01785	0.00641	0.15775
3	0.02012	0.01755	0.01767	0.01555	0.01994	0.05540	0.01217	0.11397	0.56777	0.03225	0.02775	0.02576	0.02077	0.00981	0.00749	0.00245	0.00654	0.00800	0.00734	0.01169
4	0.08763	0.01240	0.01918	0.51563	0.04066	0.01496	0.01773	0.01854	0.01507	0.02097	0.01801	0.03152	0.01612	0.00992	0.00770	0.00264	0.00890	0.13035	0.00411	0.00795
5	0.01080	0.00720	0.00810	0.00810	0.00810	0.00720	0.00450	0.01080	0.01080	0.01439	0.02339	0.04858	0.02699	0.73910	0.03779	0.00720	0.00720	0.01080	0.00450	0.00450
6	0.01560	0.01525	0.02437	0.15887	0.09260	0.05067	0.16867	0.04115	0.01719	0.02255	0.05702	0.05520	0.06879	0.01131	0.00971	0.00264	0.06614	0.10884	0.00477	0.00866
7	0.01011	0.00751	0.00944	0.00924	0.01102	0.00684	0.00692	0.01312	0.01953	0.02677	0.49617	0.11739	0.18239	0.01673	0.00887	0.00246	0.00374	0.03718	0.00778	0.00678
8	0.06163	0.50044	0.16427	0.01431	0.02099	0.02497	0.01519	0.02189	0.01518	0.02012	0.04252	0.01486	0.01225	0.00721	0.00621	0.00188	0.03823	0.00481	0.00348	0.00955
9	0.01712	0.01183	0.01394	0.01141	0.01515	0.01135	0.00886	0.11817	0.01860	0.08681	0.09390	0.03006	0.05014	0.11454	0.05570	0.00325	0.03487	0.00792	0.07961	0.21677
10	0.02143	0.04045	0.01782	0.01515	0.01869	0.20885	0.01170	0.18733	0.12150	0.02698	0.02085	0.03019	0.01887	0.15208	0.01335	0.00325	0.00895	0.06769	0.00570	0.00915
11	0.79154	0.01436	0.01091	0.00976	0.01436	0.01665	0.00804	0.02182	0.01263	0.03331	0.01034	0.01206	0.00804	0.00689	0.00459	0.00230	0.00574	0.00402	0.00459	0.00804
12	0.01666	0.01939	0.06982	0.09613	0.07177	0.01776	0.50692	0.02255	0.01697	0.02308	0.01608	0.05734	0.01307	0.00732	0.00852	0.00250	0.01157	0.00894	0.00384	0.00977
13	0.00933	0.00689	0.00873	0.00966	0.01072	0.00629	0.00671	0.01121	0.01618	0.02156	0.19182	0.47453	0.15767	0.02072	0.00920	0.00278	0.00404	0.01850	0.00718	0.00629
14	0.01701	0.01656	0.02911	0.24344	0.44134	0.01741	0.08336	0.02175	0.01636	0.02265	0.01384	0.01895	0.01116	0.00682	0.00751	0.00231	0.00949	0.00681	0.00357	0.01056
15	0.01752	0.02003	0.04380	0.03129	0.03880	0.01877	0.66583	0.02378	0.01752	0.02378	0.01502	0.02003	0.01126	0.00626	0.00876	0.00250	0.01252	0.00876	0.00375	0.01001
16	0.01077	0.00770	0.01092	0.01092	0.01186	0.00865	0.00801	0.01250	0.01155	0.01635	0.02035	0.03339	0.02025	0.21457	0.51759	0.04984	0.01623	0.00854	0.00406	0.00596
17	0.02053	0.01697	0.01795	0.01553	0.02009	0.01943	0.01225	0.17246	0.54301	0.03438	0.02759	0.02561	0.02054	0.00983	0.00753	0.00246	0.00636	0.00803	0.00753	0.01194

[dist]
# distance from previous block
# <min> <max>
3	5

[block]
# block no. 8 follows, 27 sequences, length 11
# corresponding to MSA columns:
# 386-396
name=unknown_I
#
# <colnr> <probs for GDERKNQSTAVLIFYWHMCP>
#	G	D	E	R	K	N	Q	S	T	A	V	L	I	F	Y	W	H	M	C	P
0	0.14773	0.08051	0.26464	0.02158	0.02951	0.04556	0.23338	0.02394	0.01615	0.05008	0.01369	0.01650	0.01015	0.00681	0.00703	0.00232	0.01029	0.00626	0.00384	0.01002
1	0.02588	0.02109	0.02001	0.01630	0.02113	0.14778	0.01302	0.39684	0.05525	0.08245	0.01837	0.02018	0.01398	0.04369	0.06680	0.00320	0.00984	0.00674	0.00647	0.01100
2	0.01289	0.00645	0.00967	0.00967	0.00967	0.00645	0.00645	0.00967	0.00967	0.01289	0.01289	0.02257	0.01289	0.02579	0.02901	0.78401	0.00645	0.00645	0.00322	0.00322
3	0.02409	0.08108	0.06443	0.01832	0.02292	0.49179	0.04991	0.04937	0.02021	0.01995	0.01782	0.01931	0.07259	0.00852	0.00691	0.00202	0.01173	0.00606	0.00414	0.00882
4	0.01420	0.01085	0.01454	0.06382	0.01904	0.01182	0.01302	0.07645	0.05341	0.02443	0.03321	0.06612	0.03458	0.01752	0.01053	0.00319	0.05164	0.46737	0.00646	0.00780
5	0.01080	0.00720	0.00810	0.00810	0.00810	0.00720	0.00450	0.01080	0.01080	0.01439	0.02339	0.04858	0.02699	0.73910	0.03779	0.00720	0.00720	0.01080	0.00450	0.00450
6	0.01289	0.00645	0.00967	0.00967	0.00967	0.00645	0.00645	0.00967	0.00967	0.01289	0.01289	0.02257	0.01289	0.02579	0.02901	0.78401	0.00645	0.00645	0.00322	0.00322
7	0.02389	0.01639	0.01815	0.01462	0.01903	0.01762	0.01157	0.43749	0.02771	0.09803	0.02237	0.10620	0.01950	0.11804	0.01213	0.00306	0.00741	0.00903	0.00709	0.01066
8	0.01727	0.01882	0.08345	0.17672	0.11520	0.01721	0.34852	0.02293	0.01707	0.05885	0.03928	0.02101	0.01338	0.00708	0.00812	0.00243	0.01076	0.00791	0.00405	0.00994
9	0.01539	0.01319	0.01539	0.01100	0.01759	0.00990	0.00880	0.01869	0.01539	0.02419	0.01319	0.01539	0.01100	0.00550	0.00550	0.00110	0.00550	0.00440	0.00440	0.78449
10	0.01535	0.10354	0.63951	0.02038	0.03092	0.01836	0.02607	0.02339	0.01562	0.02295	0.01305	0.01533	0.00942	0.00699	0.00684	0.00228	0.01069	0.00535	0.00314	0.01084

[dist]
# distance from previous block
# <min> <max>
0	2

[block]
# block no. 9 follows, 27 sequences, length 18
# corresponding to MSA columns:
# 399-416
name=unknown_J
#
# <colnr> <probs for GDERKNQSTAVLIFYWHMCP>
#	G	D	E	R	K	N	Q	S	T	A	V	L	I	F	Y	W	H	M	C	P
0	0.07592	0.21827	0.06373	0.01608	0.02157	0.26155	0.01393	0.14620	0.02119	0.07689	0.01375	0.01478	0.01069	0.00757	0.00626	0.00196	0.00978	0.00512	0.00475	0.01001
1	0.01373	0.01262	0.01994	0.07433	0.14033	0.01175	0.10715	0.01742	0.01688	0.02311	0.10160	0.07312	0.16152	0.01143	0.00793	0.00225	0.00689	0.04296	0.00527	0.14978
