[name]
unknown

[dist]
# distance from previous block
# <min> <max>
19	101

[block]
# block no. 0 follows, 29 sequences, length 75
# corresponding to MSA columns:
# 109-183
name=unknown_A
#
# <colnr> <probs for GDERKNQSTAVLIFYWHMCP>
#	G	D	E	R	K	N	Q	S	T	A	V	L	I	F	Y	W	H	M	C	P
0	0.04866	0.14553	0.06961	0.04311	0.02197	0.06756	0.07774	0.08430	0.14177	0.02423	0.03933	0.02050	0.04294	0.00867	0.00865	0.00219	0.09715	0.00660	0.00471	0.04478
1	0.01704	0.01803	0.04472	0.05562	0.01894	0.18978	0.01155	0.05242	0.14840	0.02286	0.11652	0.07130	0.05085	0.05817	0.04036	0.00291	0.03836	0.00853	0.00537	0.02825
2	0.01380	0.01189	0.01561	0.11187	0.02011	0.03406	0.05153	0.04601	0.07945	0.02158	0.05435	0.16549	0.02360	0.09933	0.03532	0.00311	0.05130	0.00982	0.03455	0.11721
3	0.01049	0.00751	0.00910	0.00871	0.01081	0.00670	0.00666	0.01326	0.01856	0.05406	0.41164	0.05889	0.29159	0.01583	0.00843	0.00235	0.00373	0.04760	0.00737	0.00669
4	0.01904	0.75404	0.03731	0.01218	0.01828	0.02818	0.01218	0.02132	0.01447	0.01675	0.00990	0.01142	0.00914	0.00609	0.00457	0.00152	0.00761	0.00381	0.00305	0.00914
5	0.03048	0.01223	0.01637	0.01264	0.01795	0.01083	0.01041	0.06527	0.02101	0.63943	0.06526	0.02551	0.02013	0.00912	0.00723	0.00220	0.00600	0.00744	0.00868	0.01182
6	0.01543	0.01381	0.02110	0.57726	0.04287	0.01694	0.01839	0.10046	0.05244	0.02203	0.01393	0.01901	0.01046	0.00765	0.00780	0.00238	0.03916	0.00643	0.00386	0.00860
7	0.01238	0.01016	0.01148	0.08825	0.01640	0.01014	0.00869	0.11886	0.04421	0.02366	0.05415	0.05377	0.46979	0.01508	0.00807	0.00239	0.00509	0.03369	0.00634	0.00740
8	0.00894	0.00723	0.00795	0.00777	0.00994	0.00624	0.00583	0.01124	0.01748	0.02220	0.27204	0.06366	0.50069	0.01693	0.00841	0.00235	0.00353	0.01435	0.00700	0.00624
9	0.01762	0.01692	0.02890	0.04371	0.70533	0.01692	0.02185	0.02185	0.01621	0.02326	0.01339	0.01762	0.01128	0.00634	0.00705	0.00211	0.00846	0.00634	0.00352	0.01128
10	0.01771	0.01530	0.01610	0.01449	0.01852	0.01771	0.01127	0.03784	0.69247	0.02979	0.02898	0.02657	0.02174	0.00966	0.00725	0.00242	0.00564	0.00805	0.00725	0.01127
11	0.80005	0.01377	0.01047	0.00936	0.01377	0.01597	0.00771	0.02093	0.01212	0.03195	0.00991	0.01157	0.00771	0.00661	0.00441	0.00220	0.00551	0.00386	0.00441	0.00771
12	0.01036	0.00690	0.00777	0.00777	0.00777	0.00690	0.00431	0.01036	0.01036	0.01381	0.02244	0.04660	0.02589	0.74975	0.03624	0.00690	0.00690	0.01036	0.00431	0.00431
13	0.02051	0.55670	0.03273	0.01388	0.01912	0.18003	0.01271	0.02266	0.01553	0.01692	0.01011	0.01195	0.00916	0.00670	0.00597	0.00168	0.04745	0.00411	0.00319	0.00887
14	0.01468	0.01253	0.01469	0.03557	0.01766	0.01057	0.00906	0.02018	0.10826	0.02403	0.04966	0.04404	0.01611	0.00699	0.00589	0.00141	0.00533	0.00581	0.00486	0.59267
15	0.02205	0.15449	0.17747	0.01709	0.02272	0.39140	0.01585	0.02543	0.01791	0.04461	0.01426	0.01571	0.03670	0.00747	0.00629	0.00191	0.01082	0.00511	0.00372	0.00897
16	0.01611	0.01390	0.01457	0.01323	0.01698	0.01569	0.01026	0.03307	0.57566	0.02796	0.03644	0.03381	0.13931	0.01111	0.00745	0.00241	0.00528	0.00926	0.00714	0.01036
17	0.01773	0.01160	0.01276	0.01096	0.01401	0.01259	0.00872	0.25582	0.02104	0.03148	0.02032	0.02338	0.01596	0.01595	0.12586	0.00347	0.00759	0.00672	0.37549	0.00856
18	0.01338	0.01256	0.02092	0.67508	0.04632	0.01574	0.01912	0.01786	0.01407	0.01815	0.01344	0.04430	0.01080	0.00789	0.00792	0.00242	0.04211	0.00681	0.00328	0.00783
19	0.02193	0.01625	0.01769	0.01435	0.01856	0.01792	0.01137	0.45490	0.08790	0.03610	0.02029	0.06355	0.01723	0.11945	0.04655	0.00335	0.00784	0.00797	0.00653	0.01026
20	0.02660	0.03394	0.02018	0.01834	0.02201	0.72116	0.01376	0.02843	0.02018	0.01743	0.01101	0.01284	0.00917	0.00734	0.00642	0.00183	0.01284	0.00459	0.00367	0.00825
21	0.01035	0.00693	0.00791	0.00791	0.00796	0.00698	0.00449	0.01045	0.01040	0.01391	0.02230	0.04587	0.02557	0.72238	0.06318	0.00708	0.00738	0.01025	0.00429	0.00439
22	0.01393	0.01514	0.05983	0.07138	0.06711	0.01371	0.31181	0.01891	0.03659	0.02180	0.04986	0.12829	0.09414	0.01097	0.00831	0.00250	0.00872	0.05380	0.00473	0.00847
23	0.00961	0.00691	0.00913	0.00953	0.01072	0.00643	0.00691	0.01214	0.01746	0.02421	0.41451	0.32100	0.05819	0.01779	0.00873	0.00254	0.00381	0.04674	0.00730	0.00635
24	0.04201	0.04882	0.20238	0.03204	0.35812	0.04661	0.10201	0.04265	0.01649	0.02350	0.01315	0.01654	0.01040	0.00652	0.00695	0.00216	0.00945	0.00608	0.00353	0.01060
25	0.02339	0.27545	0.02621	0.01634	0.04438	0.26106	0.01321	0.15055	0.06275	0.04414	0.01351	0.01453	0.01083	0.00730	0.00602	0.00184	0.00929	0.00502	0.00448	0.00970
26	0.00966	0.00713	0.00901	0.00967	0.01011	0.00726	0.00648	0.01064	0.01256	0.01679	0.03378	0.40841	0.08403	0.24446	0.04818	0.00445	0.05085	0.01546	0.00558	0.00550
27	0.00885	0.00656	0.00827	0.00925	0.01024	0.00598	0.00640	0.01054	0.01518	0.02006	0.15274	0.50528	0.17409	0.02025	0.00885	0.00269	0.00391	0.01807	0.00681	0.00598
28	0.04300	0.01770	0.13679	0.30519	0.16550	0.01547	0.08548	0.02053	0.01522	0.05754	0.01536	0.06300	0.01258	0.00781	0.00720	0.00232	0.00906	0.00718	0.00381	0.00924
29	0.03592	0.01582	0.04196	0.39310	0.05773	0.07580	0.03956	0.02140	0.06983	0.03929	0.01443	0.01887	0.01113	0.00795	0.00873	0.00236	0.08971	0.00632	0.04159	0.00850
30	0.62098	0.01659	0.01220	0.01085	0.01510	0.11437	0.00873	0.05423	0.01441	0.03033	0.01098	0.01265	0.00857	0.00688	0.00485	0.00213	0.00655	0.00420	0.03746	0.00796
31	0.01676	0.17041	0.16376	0.05373	0.03139	0.04332	0.35009	0.02212	0.01583	0.02095	0.01316	0.01692	0.01025	0.00781	0.03056	0.00247	0.01100	0.00665	0.00337	0.00946
32	0.00897	0.00661	0.00828	0.00914	0.01013	0.00605	0.00630	0.01064	0.01514	0.02005	0.16547	0.46086	0.16935	0.05582	0.01017	0.00288	0.00403	0.01746	0.00672	0.00592
33	0.04900	0.03835	0.01924	0.01543	0.04036	0.01798	0.01222	0.35813	0.08628	0.14762	0.06655	0.02140	0.01735	0.00963	0.00847	0.02912	0.03817	0.00696	0.00683	0.01091
34	0.04324	0.01963	0.15695	0.08189	0.13723	0.01678	0.09571	0.05725	0.03868	0.14284	0.01585	0.01833	0.01172	0.00806	0.00966	0.00238	0.12253	0.00648	0.00459	0.01019
35	0.03195	0.01212	0.01652	0.01267	0.01818	0.01047	0.01047	0.03470	0.02038	0.71026	0.02809	0.02424	0.01763	0.00881	0.00716	0.00220	0.00606	0.00716	0.00881	0.01212
36	0.01350	0.01274	0.02100	0.64332	0.04500	0.01608	0.01898	0.01784	0.01391	0.01809	0.01315	0.04068	0.01062	0.00808	0.00871	0.00246	0.07799	0.00674	0.00326	0.00783
37	0.01686	0.04820	0.07898	0.05878	0.26510	0.03543	0.31983	0.02196	0.01636	0.02228	0.01553	0.01954	0.03357	0.00665	0.00758	0.00224	0.01016	0.00735	0.00360	0.01001
38	0.00907	0.00650	0.00862	0.00964	0.01042	0.00605	0.00664	0.01091	0.01547	0.02111	0.22626	0.54974	0.05277	0.02012	0.00889	0.00271	0.00391	0.01816	0.00696	0.00605
39	0.01033	0.00698	0.00818	0.00818	0.00832	0.00713	0.00483	0.01062	0.01048	0.01411	0.02206	0.04451	0.02498	0.67160	0.11315	0.00741	0.00827	0.01005	0.00426	0.00454
40	0.01867	0.69911	0.08905	0.01281	0.01924	0.02728	0.01327	0.02142	0.01451	0.01720	0.01012	0.01170	0.00913	0.00614	0.00474	0.00158	0.00784	0.00392	0.00304	0.00924
41	0.01538	0.02816	0.39728	0.05532	0.07877	0.01706	0.26036	0.02241	0.01572	0.02251	0.01340	0.01687	0.00983	0.00648	0.00739	0.00230	0.01087	0.00651	0.00326	0.01013
42	0.01135	0.00815	0.01130	0.01287	0.01454	0.00810	0.01122	0.01456	0.01639	0.02122	0.03915	0.07983	0.06881	0.01960	0.00978	0.00324	0.00643	0.63038	0.00656	0.00653
43	0.01477	0.01266	0.01477	0.01055	0.01687	0.00949	0.00844	0.01793	0.01477	0.02320	0.01266	0.01477	0.01055	0.00527	0.00527	0.00105	0.00527	0.00422	0.00422	0.79328
44	0.01775	0.01739	0.02110	0.05293	0.02109	0.12720	0.06387	0.04145	0.01435	0.04771	0.01277	0.01765	0.01108	0.01383	0.07500	0.00337	0.37930	0.00633	0.04768	0.00814
45	0.01618	0.01555	0.02681	0.27663	0.45951	0.01658	0.04425	0.02065	0.01557	0.02153	0.01318	0.01814	0.01066	0.00659	0.00712	0.00221	0.00893	0.00641	0.00341	0.01008
46	0.02660	0.03394	0.02018	0.01834	0.02201	0.72116	0.01376	0.02843	0.02018	0.01743	0.01101	0.01284	0.00917	0.00734	0.00642	0.00183	0.01284	0.00459	0.00367	0.00825
47	0.01605	0.01373	0.01460	0.01337	0.01702	0.01550	0.01043	0.03264	0.55780	0.02805	0.05398	0.03506	0.10736	0.01131	0.00755	0.00245	0.00537	0.04030	0.00715	0.01027
48	0.01144	0.00786	0.00922	0.00870	0.01043	0.00765	0.00638	0.05203	0.01752	0.02496	0.31631	0.04623	0.13434	0.12884	0.04986	0.00336	0.00503	0.01105	0.14226	0.00653
49	0.02707	0.01995	0.02137	0.01638	0.02208	0.02208	0.01353	0.68159	0.03348	0.04488	0.01710	0.01710	0.01211	0.00855	0.00712	0.00214	0.00784	0.00641	0.00712	0.01211
50	0.01443	0.01185	0.01316	0.01221	0.01506	0.01307	0.00924	0.02721	0.41186	0.02756	0.21329	0.09921	0.03664	0.05140	0.00926	0.00265	0.00495	0.01058	0.00720	0.00917
51	0.02573	0.03254	0.01972	0.01798	0.02152	0.68337	0.01350	0.02760	0.01972	0.01738	0.01143	0.01364	0.00963	0.00978	0.04436	0.00234	0.01317	0.00475	0.00368	0.00815
52	0.01360	0.01067	0.01300	0.01347	0.01591	0.01153	0.01118	0.02288	0.26057	0.02423	0.03462	0.09089	0.03430	0.01617	0.00887	0.00295	0.00611	0.39402	0.00681	0.00823
53	0.01097	0.00784	0.01090	0.01254	0.01396	0.00776	0.01060	0.01389	0.01590	0.02075	0.03798	0.19946	0.04208	0.02014	0.00970	0.00321	0.00612	0.54322	0.00657	0.00642
54	0.00866	0.00717	0.00759	0.00759	0.00979	0.00610	0.00565	0.01065	0.01665	0.02049	0.15846	0.09896	0.58218	0.01775	0.00845	0.00240	0.00360	0.01498	0.00678	0.00610
55	0.02501	0.01862	0.02007	0.01586	0.02107	0.02062	0.01299	0.57564	0.09318	0.04172	0.01968	0.04848	0.01524	0.00952	0.00729	0.00223	0.00745	0.02660	0.00710	0.01162
56	0.70099	0.01390	0.01113	0.00978	0.01415	0.01599	0.00803	0.07237	0.01393	0.03269	0.01113	0.01274	0.00857	0.00684	0.00465	0.00217	0.00558	0.00419	0.04315	0.00800
57	0.01055	0.00818	0.01216	0.01194	0.01313	0.00979	0.00936	0.01302	0.01141	0.01657	0.01840	0.02712	0.01722	0.05058	0.67334	0.01087	0.06862	0.00753	0.00377	0.00646
58	0.00972	0.00711	0.00913	0.00895	0.01050	0.00652	0.00659	0.01262	0.01882	0.02617	0.54644	0.15987	0.11891	0.01604	0.00851	0.00235	0.00350	0.01418	0.00755	0.00652
59	0.01969	0.02084	0.02689	0.03786	0.54769	0.17939	0.01999	0.02337	0.01713	0.02192	0.01284	0.01652	0.01079	0.00657	0.00690	0.00205	0.00947	0.00594	0.00356	0.01058
60	0.02388	0.01765	0.04579	0.01497	0.01998	0.01826	0.01254	0.46307	0.06363	0.09226	0.02051	0.05287	0.01616	0.04013	0.00839	0.00240	0.00724	0.02702	0.04224	0.01099
61	0.62100	0.05000	0.01375	0.11700	0.01937	0.01673	0.00996	0.02043	0.01251	0.02871	0.01030	0.01278	0.00810	0.00684	0.00540	0.00222	0.02867	0.00429	0.00412	0.00781
62	0.02340	0.23668	0.02511	0.01726	0.04882	0.43306	0.01343	0.05494	0.01862	0.01868	0.01140	0.01346	0.00975	0.00893	0.03604	0.00218	0.01121	0.00465	0.00365	0.00873
63	0.00880	0.00633	0.00835	0.00975	0.01034	0.00588	0.00659	0.01026	0.01433	0.01920	0.10376	0.65930	0.06782	0.02144	0.00900	0.00282	0.00404	0.01939	0.00673	0.00588
64	0.04683	0.04703	0.01792	0.01370	0.01804	0.01701	0.01105	0.39499	0.02571	0.09523	0.07823	0.07185	0.02073	0.07334	0.03324	0.00288	0.00726	0.00813	0.00669	0.01012
65	0.01797	0.01793	0.10709	0.16367	0.10819	0.01732	0.01664	0.16549	0.09567	0.04892	0.04758	0.02198	0.04156	0.00897	0.00897	0.00235	0.08770	0.00705	0.00502	0.00993
66	0.03195	0.01212	0.01652	0.01267	0.01818	0.01047	0.01047	0.03470	0.02038	0.71026	0.02809	0.02424	0.01763	0.00881	0.00716	0.00220	0.00606	0.00716	0.00881	0.01212
67	0.01345	0.01266	0.02136	0.73264	0.04904	0.01582	0.01978	0.01819	0.01424	0.01819	0.01266	0.01898	0.00949	0.00712	0.00712	0.00237	0.00949	0.00633	0.00316	0.00791
68	0.01711	0.08541	0.39178	0.02097	0.07424	0.01802	0.07534	0.06440	0.05749	0.06013	0.01457	0.01662	0.01077	0.00737	0.00787	0.00225	0.05537	0.00588	0.00392	0.01045
69	0.00886	0.00633	0.00848	0.01013	0.01062	0.00594	0.00693	0.01024	0.01382	0.01839	0.03914	0.70071	0.04669	0.02213	0.00914	0.00292	0.00429	0.06280	0.00661	0.00584
70	0.01016	0.00682	0.00782	0.00802	0.00806	0.00677	0.00458	0.01030	0.01073	0.01431	0.02438	0.12750	0.02834	0.66550	0.03310	0.00644	0.00658	0.01150	0.00458	0.00448
71	0.01930	0.72874	0.03671	0.01240	0.01841	0.05252	0.01224	0.02157	0.01467	0.01678	0.00994	0.01147	0.00914	0.00614	0.00463	0.00153	0.00780	0.00383	0.00307	0.00911
72	0.21988	0.09173	0.01902	0.01354	0.01871	0.05321	0.01128	0.26396	0.06668	0.15069	0.01694	0.01678	0.01214	0.00787	0.00616	0.00211	0.00703	0.00566	0.00616	0.01047
73	0.01164	0.00850	0.01151	0.01293	0.01471	0.00856	0.01120	0.01567	0.04893	0.02163	0.03876	0.07723	0.06842	0.01912	0.00965	0.00320	0.00639	0.59860	0.00659	0.00676
74	0.08486	0.00972	0.01118	0.00997	0.01268	0.00933	0.00746	0.07532	0.01759	0.05157	0.25060	0.14736	0.06138	0.10066	0.01087	0.00273	0.00488	0.01099	0.00635	0.11450

[dist]
# distance from previous block
# <min> <max>
0	1

[block]
# block no. 1 follows, 29 sequences, length 32
# corresponding to MSA columns:
# 185-216
name=unknown_B
#
# <colnr> <probs for GDERKNQSTAVLIFYWHMCP>
#	G	D	E	R	K	N	Q	S	T	A	V	L	I	F	Y	W	H	M	C	P
0	0.04388	0.30007	0.22175	0.01528	0.02202	0.02139	0.01610	0.13769	0.01826	0.05641	0.04324	0.01605	0.01254	0.00750	0.00673	0.00199	0.03949	0.00534	0.00427	0.00998
1	0.01351	0.01266	0.02105	0.69904	0.04755	0.01553	0.01925	0.01818	0.01426	0.01843	0.01266	0.01879	0.00954	0.00703	0.00703	0.00231	0.00930	0.00623	0.00321	0.04445
2	0.02057	0.02025	0.01748	0.01558	0.01963	0.19264	0.01205	0.08066	0.47935	0.02778	0.02369	0.02250	0.01794	0.00901	0.00703	0.00225	0.00758	0.00708	0.00635	0.01058
3	0.02239	0.04811	0.13802	0.01318	0.01862	0.01175	0.01247	0.02704	0.05020	0.36461	0.18557	0.02908	0.02777	0.00975	0.00728	0.00220	0.00625	0.00809	0.00723	0.01038
4	0.01001	0.00728	0.00942	0.00889	0.01060	0.00669	0.00666	0.01330	0.01999	0.02816	0.67513	0.05383	0.09387	0.01470	0.00840	0.00225	0.00337	0.01297	0.00779	0.00669
5	0.02144	0.01715	0.01820	0.01525	0.01994	0.01945	0.01217	0.29460	0.42963	0.03581	0.02424	0.02279	0.01790	0.00922	0.00720	0.00230	0.00651	0.00740	0.00720	0.01161
6	0.01237	0.00618	0.00928	0.00928	0.00928	0.00618	0.00618	0.00928	0.00928	0.01237	0.01237	0.02165	0.01237	0.02474	0.02783	0.79283	0.00618	0.00618	0.00309	0.00309
7	0.01771	0.01530	0.01610	0.01449	0.01852	0.01771	0.01127	0.03784	0.69247	0.02979	0.02898	0.02657	0.02174	0.00966	0.00725	0.00242	0.00564	0.00805	0.00725	0.01127
8	0.00979	0.00821	0.00869	0.00872	0.01121	0.00754	0.00678	0.01376	0.08949	0.02063	0.06327	0.06542	0.54817	0.01733	0.00846	0.00251	0.00419	0.09250	0.00667	0.00665
9	0.00915	0.00660	0.00877	0.01034	0.01107	0.00622	0.00741	0.01078	0.01425	0.01878	0.04059	0.59514	0.07821	0.02164	0.00919	0.00294	0.00453	0.13187	0.00660	0.00593
10	0.00914	0.00742	0.00822	0.00854	0.01075	0.00650	0.00675	0.01133	0.01646	0.02013	0.09582	0.07025	0.53233	0.01821	0.00871	0.00258	0.00421	0.14983	0.00666	0.00616
11	0.80005	0.01377	0.01047	0.00936	0.01377	0.01597	0.00771	0.02093	0.01212	0.03195	0.00991	0.01157	0.00771	0.00661	0.00441	0.00220	0.00551	0.00386	0.00441	0.00771
12	0.66696	0.01249	0.01023	0.00937	0.01305	0.01431	0.00747	0.01899	0.01179	0.02885	0.01128	0.03878	0.00972	0.00958	0.00770	0.10780	0.00555	0.00474	0.00431	0.00703
13	0.01017	0.00763	0.01144	0.01144	0.01272	0.00890	0.00890	0.01272	0.01144	0.01653	0.01907	0.02797	0.01780	0.05340	0.72153	0.01144	0.01907	0.00763	0.00381	0.00636
14	0.02601	0.01483	0.01737	0.01374	0.01859	0.01515	0.01117	0.33152	0.02570	0.28499	0.05670	0.07762	0.01978	0.00998	0.00726	0.00220	0.00649	0.00807	0.04169	0.01113
15	0.06422	0.01736	0.03435	0.15346	0.14664	0.01732	0.41634	0.02173	0.01598	0.02264	0.01366	0.01844	0.01046	0.00629	0.00771	0.00234	0.01059	0.00743	0.00356	0.00947
16	0.02314	0.02340	0.01978	0.05229	0.08692	0.34454	0.01380	0.09579	0.01939	0.08756	0.01507	0.03792	0.01256	0.04064	0.00952	0.00232	0.07566	0.00617	0.02453	0.00899
17	0.08420	0.12157	0.02219	0.01791	0.05255	0.46008	0.01353	0.07746	0.01928	0.02087	0.01130	0.01324	0.00939	0.00740	0.00686	0.00192	0.04288	0.00473	0.00389	0.00875
18	0.01651	0.01787	0.03309	0.17926	0.11154	0.05032	0.36754	0.02140	0.01575	0.02105	0.01325	0.01832	0.01035	0.00700	0.00941	0.00241	0.08494	0.00734	0.00345	0.00918
19	0.01243	0.00939	0.01091	0.00927	0.01178	0.00843	0.00640	0.03692	0.01314	0.01887	0.04671	0.03392	0.02141	0.40058	0.06102	0.00479	0.00690	0.00807	0.00450	0.27455
20	0.01635	0.10724	0.02328	0.19508	0.18945	0.01756	0.01615	0.09157	0.01717	0.02315	0.07788	0.02450	0.03728	0.00916	0.00895	0.00230	0.09252	0.03697	0.00435	0.00909
21	0.07311	0.06370	0.63351	0.01916	0.02905	0.01696	0.02436	0.02238	0.01479	0.02302	0.01245	0.01463	0.00893	0.00673	0.00650	0.00222	0.01003	0.00510	0.00311	0.01026
22	0.06503	0.01219	0.01626	0.01253	0.01799	0.01070	0.01035	0.03411	0.02002	0.68105	0.02731	0.02369	0.01720	0.00872	0.00704	0.00220	0.00604	0.00702	0.00862	0.01193
23	0.01026	0.00692	0.00774	0.00774	0.00785	0.00686	0.00437	0.01035	0.01063	0.01407	0.02480	0.04764	0.05808	0.71494	0.03492	0.00669	0.00675	0.01058	0.00442	0.00440
24	0.08346	0.02136	0.09676	0.05638	0.38744	0.11897	0.01908	0.08903	0.01799	0.02505	0.01305	0.01616	0.01047	0.00680	0.00672	0.00211	0.00904	0.00578	0.00391	0.01044
25	0.00868	0.00620	0.00826	0.00991	0.01033	0.00578	0.00661	0.00991	0.01363	0.01818	0.03925	0.74510	0.04710	0.02231	0.00909	0.00289	0.00413	0.02024	0.00661	0.00578
26	0.01028	0.00722	0.00936	0.00936	0.00990	0.00777	0.00630	0.01137	0.01083	0.01498	0.02098	0.03855	0.02239	0.44891	0.33230	0.00886	0.01216	0.00918	0.00410	0.00520
27	0.05363	0.01354	0.01664	0.16778	0.02399	0.04688	0.01226	0.05590	0.13423	0.25900	0.11775	0.02621	0.02251	0.00923	0.00719	0.00226	0.00672	0.00765	0.00669	0.00994
28	0.08391	0.18091	0.37087	0.01919	0.02742	0.04974	0.12928	0.02245	0.01518	0.02198	0.01213	0.01458	0.00923	0.00651	0.00636	0.00210	0.00983	0.00533	0.00326	0.00974
29	0.01147	0.00820	0.01147	0.01311	0.01475	0.00820	0.01147	0.01475	0.01639	0.02131	0.03770	0.08032	0.04098	0.01967	0.00984	0.00328	0.00656	0.65741	0.00656	0.00656
30	0.05360	0.00937	0.01215	0.10480	0.01643	0.01068	0.02775	0.01620	0.01368	0.02236	0.02091	0.02663	0.04547	0.06598	0.07394	0.00326	0.09521	0.00717	0.36756	0.00687
31	0.01433	0.01315	0.02099	0.65179	0.04576	0.01622	0.01891	0.04808	0.06235	0.02015	0.01399	0.01943	0.01046	0.00736	0.00713	0.00237	0.00915	0.00645	0.00362	0.00832

[dist]
# distance from previous block
# <min> <max>
1	3

[block]
# block no. 2 follows, 29 sequences, length 20
# corresponding to MSA columns:
# 220-239
name=unknown_C
#
# <colnr> <probs for GDERKNQSTAVLIFYWHMCP>
#	G	D	E	R	K	N	Q	S	T	A	V	L	I	F	Y	W	H	M	C	P
0	0.55425	0.08279	0.01282	0.00965	0.01371	0.01534	0.00811	0.02030	0.01306	0.04724	0.01349	0.01730	0.01117	0.00888	0.02724	0.00242	0.00595	0.03459	0.09395	0.00775
1	0.01506	0.01219	0.01365	0.01302	0.03253	0.01321	0.00977	0.04458	0.37596	0.04489	0.13295	0.08691	0.12676	0.01265	0.00779	0.00243	0.00509	0.03409	0.00712	0.00936
2	0.01506	0.10473	0.16636	0.02139	0.18546	0.01441	0.03766	0.01927	0.01584	0.04700	0.08496	0.12846	0.02271	0.01013	0.00717	0.00219	0.00738	0.03851	0.00461	0.06668
3	0.01519	0.01231	0.01478	0.01110	0.01655	0.01000	0.00883	0.01809	0.01472	0.05609	0.01525	0.07115	0.01362	0.00719	0.00675	0.00138	0.04957	0.00571	0.00456	0.64717
4	0.01904	0.75404	0.03731	0.01218	0.01828	0.02818	0.01218	0.02132	0.01447	0.01675	0.00990	0.01142	0.00914	0.00609	0.00457	0.00152	0.00761	0.00381	0.00305	0.00914
5	0.01438	0.06844	0.06432	0.01544	0.01749	0.01708	0.01340	0.04702	0.01279	0.01873	0.01344	0.01957	0.01240	0.02535	0.26081	0.00571	0.33011	0.00642	0.00357	0.03355
6	0.00975	0.00727	0.00907	0.00862	0.01044	0.00658	0.00646	0.01281	0.01939	0.02673	0.57815	0.05620	0.19175	0.01524	0.00840	0.00227	0.00341	0.01330	0.00760	0.00658
7	0.01828	0.01558	0.01642	0.01461	0.01873	0.01798	0.01141	0.07687	0.65252	0.03070	0.02826	0.02599	0.02115	0.00959	0.00724	0.00240	0.00577	0.00795	0.00724	0.01132
8	0.00990	0.00679	0.00783	0.00815	0.00839	0.00663	0.00484	0.01026	0.01138	0.01502	0.02898	0.18467	0.07430	0.55958	0.02911	0.00582	0.00615	0.01260	0.00491	0.00471
9	0.02598	0.01258	0.01582	0.01275	0.01764	0.01196	0.01030	0.03316	0.18871	0.45826	0.07821	0.02658	0.02207	0.00930	0.00719	0.00221	0.00572	0.00768	0.00815	0.04573
10	0.01771	0.01530	0.01610	0.01449	0.01852	0.01771	0.01127	0.03784	0.69247	0.02979	0.02898	0.02657	0.02174	0.00966	0.00725	0.00242	0.00564	0.00805	0.00725	0.01127
11	0.00868	0.00620	0.00826	0.00991	0.01033	0.00578	0.00661	0.00991	0.01363	0.01818	0.03925	0.74510	0.04710	0.02231	0.00909	0.00289	0.00413	0.02024	0.00661	0.00578
12	0.00880	0.00625	0.00823	0.00976	0.01014	0.00587	0.00644	0.00995	0.01339	0.01786	0.03801	0.69392	0.04554	0.07561	0.01108	0.00319	0.00433	0.01952	0.00644	0.00568
13	0.02528	0.01889	0.02041	0.01554	0.02133	0.02025	0.01279	0.58518	0.03076	0.04173	0.01645	0.01676	0.01188	0.00807	0.00685	0.00198	0.00746	0.00609	0.00670	0.12559
14	0.66261	0.01359	0.01113	0.00975	0.01408	0.01548	0.00800	0.06436	0.01404	0.05820	0.01205	0.01351	0.00915	0.00694	0.00473	0.00216	0.00552	0.00435	0.06226	0.00809
15	0.01260	0.00721	0.00766	0.00746	0.00870	0.00726	0.00513	0.03696	0.01427	0.02296	0.05596	0.03432	0.02302	0.25958	0.01580	0.00348	0.00469	0.00819	0.45871	0.00604
16	0.05337	0.21855	0.02338	0.05004	0.02092	0.23038	0.01267	0.09702	0.14851	0.02317	0.01521	0.01647	0.01223	0.00956	0.03745	0.00236	0.00932	0.00543	0.00457	0.00936
17	0.06582	0.37539	0.32632	0.01571	0.02352	0.04491	0.01805	0.02206	0.01475	0.02022	0.01118	0.01303	0.00900	0.00645	0.00557	0.00189	0.00891	0.00446	0.00313	0.00962
18	0.01918	0.01326	0.01649	0.01621	0.09327	0.01375	0.01126	0.10650	0.17396	0.14405	0.02355	0.05822	0.02009	0.12414	0.01228	0.00299	0.03128	0.04265	0.00619	0.07067
19	0.03508	0.26405	0.14658	0.01296	0.01804	0.01731	0.01282	0.02070	0.10406	0.02208	0.12083	0.08064	0.06870	0.01049	0.00668	0.00213	0.00665	0.03653	0.00497	0.00872

[dist]
# distance from previous block
# <min> <max>
0	3

[block]
# block no. 3 follows, 29 sequences, length 17
# corresponding to MSA columns:
# 243-259
name=unknown_D
#
# <colnr> <probs for GDERKNQSTAVLIFYWHMCP>
#	G	D	E	R	K	N	Q	S	T	A	V	L	I	F	Y	W	H	M	C	P
0	0.01698	0.06987	0.38560	0.01971	0.02786	0.01613	0.14506	0.02393	0.04327	0.10481	0.06441	0.01988	0.01503	0.00749	0.00713	0.00224	0.00940	0.00665	0.00432	0.01022
1	0.00962	0.00710	0.00892	0.00896	0.01046	0.00651	0.00658	0.01220	0.01777	0.02423	0.42236	0.17907	0.16640	0.04826	0.00978	0.00263	0.00382	0.04178	0.00721	0.00633
2	0.11098	0.00958	0.01093	0.04800	0.01411	0.00996	0.00805	0.01748	0.08084	0.07080	0.15201	0.12852	0.17831	0.04562	0.00929	0.00258	0.03189	0.01122	0.05247	0.00737
3	0.01681	0.01921	0.04202	0.03001	0.03721	0.01801	0.67947	0.02281	0.01681	0.02281	0.01441	0.01921	0.01080	0.00600	0.00840	0.00240	0.01200	0.00840	0.00360	0.00960
4	0.00966	0.00720	0.00898	0.00866	0.01041	0.00652	0.00645	0.01258	0.01899	0.02607	0.53600	0.09523	0.19557	0.01570	0.00844	0.00231	0.00345	0.01373	0.00752	0.00652
5	0.01566	0.01581	0.02307	0.01940	0.01985	0.02157	0.05709	0.01749	0.01127	0.01749	0.00966	0.01581	0.00944	0.01206	0.02243	0.00307	0.69140	0.00637	0.00315	0.00790
6	0.10717	0.01519	0.01716	0.01371	0.01880	0.01588	0.01118	0.24075	0.13755	0.28983	0.04367	0.02192	0.01706	0.00882	0.00691	0.00222	0.00642	0.00690	0.00752	0.01135
7	0.01435	0.04427	0.02120	0.01698	0.01834	0.01712	0.10468	0.01636	0.01221	0.01789	0.01544	0.08811	0.01595	0.12622	0.02040	0.00345	0.39391	0.00837	0.03741	0.00733
8	0.01267	0.00800	0.00950	0.00870	0.01132	0.00696	0.00667	0.01520	0.01832	0.12970	0.29699	0.05602	0.36256	0.01533	0.00821	0.00231	0.00390	0.01302	0.00740	0.00722
9	0.00966	0.00765	0.00874	0.00853	0.01060	0.00698	0.00637	0.01314	0.05752	0.02360	0.32456	0.10264	0.36140	0.01639	0.00838	0.00237	0.00366	0.01407	0.00715	0.00660
10	0.01670	0.01597	0.02723	0.19630	0.55997	0.01668	0.02139	0.02104	0.01578	0.02214	0.01323	0.01793	0.01088	0.00652	0.00706	0.00217	0.00869	0.00634	0.00344	0.01053
11	0.00924	0.00650	0.00841	0.00972	0.01015	0.00620	0.00652	0.01038	0.01318	0.01753	0.03569	0.55087	0.04229	0.17068	0.01469	0.00374	0.00489	0.06765	0.00614	0.00554
12	0.80005	0.01377	0.01047	0.00936	0.01377	0.01597	0.00771	0.02093	0.01212	0.03195	0.00991	0.01157	0.00771	0.00661	0.00441	0.00220	0.00551	0.00386	0.00441	0.00771
13	0.01076	0.00820	0.01175	0.01105	0.01198	0.00887	0.04469	0.01223	0.01139	0.01581	0.02129	0.08516	0.02269	0.35796	0.29522	0.00795	0.04347	0.00971	0.00419	0.00565
14	0.10055	0.33624	0.08527	0.01458	0.01998	0.07631	0.01366	0.15684	0.01823	0.02465	0.01164	0.01344	0.00962	0.00746	0.00735	0.00197	0.08383	0.00478	0.00407	0.00951
15	0.02437	0.01760	0.01986	0.06561	0.02270	0.01952	0.01323	0.48792	0.08569	0.08320	0.01867	0.01932	0.01353	0.01193	0.06076	0.00288	0.00849	0.00669	0.00672	0.01131
16	0.02273	0.06254	0.01936	0.05985	0.02136	0.15560	0.01253	0.22211	0.13928	0.10237	0.04536	0.02367	0.04498	0.00922	0.00704	0.00216	0.00797	0.02554	0.00615	0.01017

[dist]
# distance from previous block
# <min> <max>
0	2

[block]
# block no. 4 follows, 29 sequences, length 399
# corresponding to MSA columns:
# 262-660
name=unknown_E
#
# <colnr> <probs for GDERKNQSTAVLIFYWHMCP>
#	G	D	E	R	K	N	Q	S	T	A	V	L	I	F	Y	W	H	M	C	P
0	0.00898	0.00662	0.00898	0.04850	0.01239	0.00637	0.00728	0.01051	0.01401	0.01862	0.06477	0.65670	0.06766	0.02105	0.00893	0.00282	0.00437	0.01904	0.00647	0.00594
1	0.01295	0.01089	0.01303	0.01421	0.08133	0.01124	0.00994	0.02109	0.23121	0.02369	0.08173	0.05057	0.24689	0.03930	0.00910	0.00267	0.00532	0.12008	0.00650	0.00827
2	0.00985	0.00727	0.00921	0.00872	0.01050	0.00662	0.00654	0.01300	0.01963	0.02730	0.61668	0.05526	0.15287	0.01503	0.00840	0.00226	0.00339	0.01317	0.00767	0.00662
3	0.04012	0.00887	0.00833	0.00790	0.00989	0.03792	0.00594	0.05896	0.01597	0.02676	0.02185	0.02606	0.01758	0.05145	0.00698	0.00202	0.00428	0.00666	0.63550	0.00695
4	0.02660	0.03394	0.02018	0.01834	0.02201	0.72116	0.01376	0.02843	0.02018	0.01743	0.01101	0.01284	0.00917	0.00734	0.00642	0.00183	0.01284	0.00459	0.00367	0.00825
5	0.02366	0.01712	0.01875	0.01484	0.01972	0.01868	0.01208	0.48843	0.08746	0.06880	0.13187	0.02419	0.02229	0.00965	0.00735	0.00218	0.00683	0.00765	0.00732	0.01115
6	0.00874	0.00622	0.00824	0.00984	0.01024	0.00582	0.00653	0.00993	0.01352	0.01802	0.03865	0.72029	0.04634	0.04815	0.01005	0.00303	0.00423	0.01989	0.00653	0.00573
7	0.00955	0.00699	0.00897	0.00904	0.01046	0.00641	0.00657	0.01221	0.01808	0.02495	0.46853	0.23565	0.12227	0.01692	0.00858	0.00243	0.00358	0.01501	0.00740	0.00641
8	0.01880	0.63203	0.03592	0.01740	0.13199	0.02631	0.01378	0.02141	0.01476	0.01783	0.01048	0.01245	0.00949	0.00613	0.00498	0.00162	0.00775	0.00423	0.00313	0.00949
9	0.02716	0.01789	0.01975	0.01523	0.02068	0.01927	0.01255	0.53532	0.03025	0.15770	0.01931	0.01882	0.01338	0.00858	0.00701	0.00212	0.00729	0.00655	0.04931	0.01182
10	0.01017	0.00763	0.01144	0.01144	0.01272	0.00890	0.00890	0.01272	0.01144	0.01653	0.01907	0.02797	0.01780	0.05340	0.72153	0.01144	0.01907	0.00763	0.00381	0.00636
11	0.01317	0.00667	0.00680	0.00680	0.00845	0.00671	0.00511	0.01646	0.01481	0.02621	0.02309	0.02660	0.01824	0.00984	0.02945	0.00199	0.00386	0.00667	0.76245	0.00663
12	0.01707	0.02021	0.14211	0.03983	0.59369	0.01686	0.02259	0.02197	0.01602	0.02315	0.01329	0.01719	0.01091	0.00641	0.00700	0.00214	0.00880	0.00617	0.00344	0.01115
13	0.01727	0.01372	0.01467	0.01286	0.01662	0.01505	0.01017	0.17348	0.32563	0.03079	0.07584	0.03533	0.13848	0.01146	0.00747	0.00233	0.00555	0.03444	0.04902	0.00985
14	0.13987	0.03917	0.01837	0.14773	0.02282	0.06066	0.04039	0.05666	0.01466	0.02302	0.01388	0.03809	0.01181	0.00914	0.01080	0.00238	0.20778	0.00626	0.12856	0.00796
15	0.01567	0.01280	0.01590	0.27958	0.02691	0.05461	0.01292	0.08445	0.05369	0.02395	0.01811	0.05212	0.01473	0.00877	0.00753	0.00217	0.05312	0.00702	0.24794	0.00804
16	0.00900	0.00663	0.00915	0.05868	0.01294	0.00646	0.00750	0.01047	0.01367	0.01818	0.03745	0.69611	0.04456	0.02128	0.00896	0.00286	0.00449	0.01930	0.00638	0.00593
17	0.12012	0.53405	0.08749	0.01248	0.01848	0.02402	0.01255	0.02157	0.01433	0.04892	0.01132	0.01302	0.00969	0.00842	0.03655	0.00214	0.00802	0.00425	0.00350	0.00907
18	0.00912	0.00666	0.00846	0.00976	0.01046	0.00630	0.00663	0.01094	0.03383	0.01840	0.04055	0.59846	0.10071	0.07182	0.01088	0.00312	0.00439	0.03715	0.00647	0.00589
19	0.09712	0.01226	0.01601	0.01239	0.01780	0.01093	0.01023	0.03353	0.01968	0.65271	0.02655	0.02316	0.01679	0.00863	0.00693	0.00220	0.00601	0.00688	0.00844	0.01174
20	0.01756	0.01295	0.01381	0.06058	0.01651	0.05180	0.00955	0.21413	0.01999	0.02850	0.04737	0.02602	0.01807	0.11457	0.03644	0.00302	0.03529	0.00724	0.25845	0.00815
21	0.01427	0.01421	0.02613	0.30000	0.07163	0.01552	0.21966	0.01880	0.01560	0.02114	0.10356	0.04882	0.01882	0.00869	0.00912	0.00243	0.07087	0.00830	0.00404	0.00837
22	0.00901	0.00655	0.00850	0.00947	0.01035	0.00604	0.00655	0.01083	0.01548	0.02089	0.20961	0.52013	0.10015	0.02003	0.00886	0.00269	0.00390	0.01799	0.00692	0.00604
23	0.01028	0.00687	0.00779	0.00786	0.00788	0.00686	0.00441	0.01034	0.01050	0.01399	0.02316	0.07654	0.02680	0.71857	0.03508	0.00673	0.00678	0.01078	0.00441	0.00438
24	0.01809	0.02337	0.21373	0.02728	0.28505	0.07863	0.01942	0.09982	0.05503	0.02502	0.01505	0.01871	0.01211	0.04687	0.00844	0.00239	0.00896	0.00621	0.02539	0.01040
25	0.01511	0.09842	0.51603	0.02072	0.04835	0.01825	0.06787	0.02189	0.01472	0.02151	0.01230	0.01512	0.00925	0.00722	0.00837	0.00228	0.08397	0.00547	0.00308	0.01008
26	0.01078	0.00794	0.01050	0.01167	0.01346	0.00767	0.00995	0.01377	0.01662	0.02141	0.09061	0.07612	0.17248	0.01899	0.00946	0.00303	0.00576	0.48666	0.00666	0.00646
27	0.01377	0.01136	0.01357	0.03620	0.01648	0.00944	0.00857	0.05305	0.01584	0.02330	0.04748	0.16218	0.04871	0.00976	0.00644	0.00163	0.00520	0.00835	0.00505	0.50361
28	0.01612	0.11492	0.38238	0.01768	0.02533	0.04899	0.04095	0.02596	0.17832	0.02364	0.04584	0.01905	0.01465	0.00772	0.00673	0.00219	0.00885	0.00616	0.00429	0.01025
29	0.01519	0.01443	0.02435	0.39420	0.34769	0.01600	0.02026	0.01961	0.01521	0.02054	0.01493	0.01997	0.03285	0.00712	0.00713	0.00226	0.00883	0.00662	0.00344	0.00939
30	0.01904	0.75404	0.03731	0.01218	0.01828	0.02818	0.01218	0.02132	0.01447	0.01675	0.00990	0.01142	0.00914	0.00609	0.00457	0.00152	0.00761	0.00381	0.00305	0.00914
31	0.02582	0.01991	0.02002	0.01585	0.02105	0.08072	0.01289	0.51911	0.08759	0.06436	0.01824	0.01820	0.01314	0.00854	0.00698	0.00212	0.00782	0.00643	0.03973	0.01148
32	0.00995	0.00727	0.00934	0.00882	0.01056	0.00666	0.00662	0.01319	0.01985	0.02783	0.65283	0.05438	0.11638	0.01483	0.00840	0.00225	0.00338	0.01304	0.00774	0.00666
33	0.02026	0.01656	0.01754	0.01501	0.01949	0.01890	0.01189	0.21317	0.51299	0.03390	0.02574	0.02399	0.01911	0.00936	0.00721	0.00234	0.00623	0.00760	0.00721	0.01150
34	0.01023	0.00694	0.00803	0.00808	0.00825	0.00699	0.00474	0.01051	0.01071	0.01430	0.02419	0.06684	0.04620	0.65624	0.08363	0.00697	0.00759	0.01060	0.00442	0.00456
35	0.02660	0.03394	0.02018	0.01834	0.02201	0.72116	0.01376	0.02843	0.02018	0.01743	0.01101	0.01284	0.00917	0.00734	0.00642	0.00183	0.01284	0.00459	0.00367	0.00825
36	0.02438	0.01215	0.01524	0.01246	0.01690	0.01173	0.01001	0.05968	0.16006	0.40279	0.16330	0.03023	0.02821	0.01013	0.00743	0.00225	0.00551	0.00846	0.00822	0.01086
37	0.00959	0.00685	0.00932	0.01096	0.01178	0.00657	0.00820	0.01150	0.01454	0.01920	0.03874	0.52716	0.04509	0.02144	0.00933	0.00302	0.00493	0.22913	0.00659	0.00604
38	0.00858	0.00714	0.00752	0.00779	0.00993	0.00608	0.00582	0.01038	0.01594	0.01921	0.06682	0.14706	0.59762	0.01860	0.00856	0.00250	0.00380	0.04404	0.00661	0.00601
39	0.01841	0.01612	0.01646	0.01470	0.01879	0.04129	0.01145	0.06512	0.64186	0.03002	0.02787	0.02570	0.02091	0.00954	0.00721	0.00238	0.00597	0.00787	0.00712	0.01121
40	0.80005	0.01377	0.01047	0.00936	0.01377	0.01597	0.00771	0.02093	0.01212	0.03195	0.00991	0.01157	0.00771	0.00661	0.00441	0.00220	0.00551	0.00386	0.00441	0.00771
41	0.01031	0.00772	0.01115	0.01111	0.01214	0.00892	0.00840	0.01244	0.01134	0.01622	0.01985	0.05164	0.01954	0.14691	0.58537	0.01032	0.03823	0.00834	0.00395	0.00610
42	0.05290	0.01933	0.13257	0.01520	0.02094	0.01702	0.01392	0.27051	0.15005	0.14321	0.02125	0.05035	0.01580	0.00900	0.00700	0.00224	0.00718	0.00714	0.03333	0.01107
43	0.01925	0.02010	0.02698	0.05940	0.55266	0.15398	0.02022	0.02302	0.01693	0.02198	0.01291	0.01673	0.01082	0.00656	0.00693	0.00207	0.00934	0.00600	0.00354	0.01059
44	0.01570	0.31582	0.28189	0.01565	0.02215	0.02053	0.01723	0.02016	0.01392	0.01890	0.01224	0.01551	0.01036	0.01372	0.11028	0.00336	0.07518	0.00511	0.00315	0.00913
45	0.80005	0.01377	0.01047	0.00936	0.01377	0.01597	0.00771	0.02093	0.01212	0.03195	0.00991	0.01157	0.00771	0.00661	0.00441	0.00220	0.00551	0.00386	0.00441	0.00771
46	0.00937	0.00666	0.00866	0.03114	0.01101	0.00648	0.00662	0.01048	0.01292	0.01718	0.03403	0.51375	0.04021	0.21036	0.01610	0.00393	0.00511	0.04458	0.00591	0.00550
47	0.01956	0.11623	0.02025	0.11839	0.02289	0.30673	0.01298	0.05141	0.03941	0.01875	0.01402	0.01856	0.01215	0.04744	0.14737	0.00400	0.01219	0.00577	0.00384	0.00805
48	0.01519	0.03037	0.47910	0.01856	0.02630	0.07419	0.02150	0.02253	0.05782	0.02217	0.04059	0.02100	0.03521	0.00859	0.00844	0.00235	0.07352	0.02911	0.00375	0.00972
49	0.01492	0.14712	0.46074	0.01903	0.04891	0.01739	0.05746	0.02128	0.01519	0.02171	0.03830	0.04743	0.01300	0.00749	0.00661	0.00212	0.00932	0.00611	0.00344	0.04243
50	0.03179	0.01237	0.01668	0.01279	0.01831	0.01085	0.01057	0.05590	0.02081	0.68846	0.02773	0.02400	0.01745	0.00880	0.00716	0.00220	0.00612	0.00714	0.00876	0.01212
51	0.00949	0.00774	0.00832	0.00819	0.01046	0.00691	0.00612	0.02979	0.03867	0.02159	0.16160	0.12246	0.50872	0.01736	0.00840	0.00242	0.00379	0.01470	0.00683	0.00643
52	0.01970	0.06109	0.04457	0.10354	0.28171	0.21060	0.01781	0.04308	0.03944	0.02102	0.01269	0.01614	0.01052	0.00747	0.00835	0.00215	0.08107	0.00574	0.00368	0.00964
53	0.00877	0.00623	0.00824	0.00980	0.01019	0.00584	0.00649	0.00994	0.01346	0.01794	0.03835	0.70768	0.04596	0.06128	0.01054	0.00311	0.00428	0.01971	0.00649	0.00570
54	0.01036	0.00690	0.00777	0.00777	0.00777	0.00690	0.00431	0.01036	0.01036	0.01381	0.02244	0.04660	0.02589	0.74975	0.03624	0.00690	0.00690	0.01036	0.00431	0.00431
55	0.01264	0.00867	0.01126	0.01212	0.04207	0.00848	0.00868	0.04258	0.04277	0.06638	0.13014	0.25432	0.07634	0.10167	0.01187	0.00319	0.00534	0.14786	0.00657	0.00704
56	0.01582	0.04922	0.36435	0.02599	0.13304	0.01742	0.20752	0.02330	0.05198	0.02294	0.01411	0.01710	0.01054	0.00662	0.00723	0.00226	0.01028	0.00641	0.00348	0.01038
57	0.01135	0.00811	0.01133	0.01297	0.01456	0.00809	0.01126	0.01454	0.01627	0.02117	0.03777	0.10972	0.04125	0.01979	0.00980	0.00326	0.00645	0.62922	0.00656	0.00652
58	0.01594	0.01746	0.03612	0.19956	0.03926	0.01765	0.49045	0.02144	0.01592	0.02144	0.01376	0.01899	0.01042	0.00656	0.00875	0.00243	0.04345	0.00781	0.00347	0.00911
59	0.02124	0.02604	0.06370	0.04471	0.08975	0.36885	0.10413	0.04390	0.01790	0.01976	0.01251	0.01595	0.01035	0.01093	0.06220	0.00281	0.06706	0.00577	0.00366	0.00878
60	0.01545	0.01078	0.01302	0.01221	0.01441	0.01129	0.00929	0.18793	0.01951	0.06283	0.07033	0.34545	0.03421	0.06045	0.01071	0.00290	0.03594	0.06876	0.00665	0.00790
61	0.73135	0.07888	0.01283	0.00961	0.01417	0.01705	0.00810	0.02097	0.01232	0.03061	0.00991	0.01155	0.00784	0.00656	0.00442	0.00214	0.00569	0.00385	0.00429	0.00784
62	0.01103	0.00851	0.01099	0.01069	0.01116	0.00969	0.00765	0.01212	0.01149	0.01585	0.02394	0.09347	0.05399	0.37034	0.15741	0.00642	0.12960	0.04564	0.00442	0.00558
63	0.01585	0.01647	0.05471	0.16433	0.37687	0.01598	0.13660	0.02048	0.01592	0.02193	0.01751	0.02310	0.04979	0.00756	0.00747	0.00228	0.00902	0.03053	0.00373	0.00987
64	0.01535	0.01264	0.01483	0.01062	0.01692	0.00953	0.00851	0.01850	0.01496	0.04667	0.01318	0.01509	0.01079	0.00539	0.00534	0.00109	0.00530	0.00432	0.00438	0.76660
65	0.02569	0.01926	0.02059	0.01610	0.02156	0.02144	0.01320	0.58643	0.13090	0.04265	0.01885	0.01850	0.01353	0.00871	0.00714	0.00218	0.00751	0.00665	0.00714	0.01199
66	0.06299	0.47015	0.26248	0.01474	0.02222	0.02356	0.01666	0.02171	0.01452	0.01958	0.01087	0.01264	0.00902	0.00635	0.00530	0.00181	0.00847	0.00430	0.00311	0.00952
67	0.01034	0.00697	0.00809	0.00809	0.00821	0.00708	0.00472	0.01057	0.01045	0.01405	0.02214	0.04494	0.02517	0.68774	0.09727	0.00731	0.00799	0.01011	0.00427	0.00450
68	0.01771	0.01530	0.01610	0.01449	0.01852	0.01771	0.01127	0.03784	0.69247	0.02979	0.02898	0.02657	0.02174	0.00966	0.00725	0.00242	0.00564	0.00805	0.00725	0.01127
69	0.01036	0.00690	0.00777	0.00777	0.00777	0.00690	0.00431	0.01036	0.01036	0.01381	0.02244	0.04660	0.02589	0.74975	0.03624	0.00690	0.00690	0.01036	0.00431	0.00431
70	0.02919	0.01399	0.01828	0.01413	0.01960	0.01337	0.03716	0.14161	0.08662	0.50829	0.02582	0.02308	0.01684	0.00874	0.00721	0.00222	0.00654	0.00717	0.00818	0.01194
71	0.20762	0.01250	0.01514	0.01191	0.01717	0.01173	0.00984	0.03155	0.01849	0.55513	0.02393	0.02134	0.01536	0.00831	0.00653	0.00220	0.00593	0.00640	0.00781	0.01111
72	0.01058	0.00740	0.00951	0.00919	0.01099	0.00678	0.00696	0.01358	0.01902	0.04857	0.52079	0.10605	0.13500	0.01563	0.00849	0.00237	0.00372	0.05106	0.00757	0.00674
73	0.00866	0.00625	0.00820	0.00977	0.01029	0.00580	0.00654	0.00993	0.01378	0.01824	0.04105	0.70796	0.08307	0.02207	0.00905	0.00287	0.00410	0.01996	0.00661	0.00580
74	0.17266	0.01309	0.01526	0.04597	0.12996	0.01417	0.01108	0.11475	0.09551	0.05836	0.01854	0.02038	0.01417	0.00781	0.00595	0.00205	0.00587	0.00618	0.23904	0.00920
75	0.02862	0.01161	0.01566	0.01257	0.01742	0.01027	0.01028	0.04995	0.01995	0.59174	0.02929	0.08906	0.02135	0.01059	0.00748	0.00232	0.00597	0.04618	0.00844	0.01125
76	0.31193	0.01384	0.01331	0.01131	0.01536	0.03728	0.00910	0.14542	0.05615	0.10472	0.12982	0.02290	0.02110	0.00885	0.00613	0.00215	0.00571	0.00665	0.06930	0.00896
77	0.01106	0.00792	0.00940	0.00895	0.01123	0.00720	0.00687	0.01449	0.04725	0.06276	0.35257	0.05791	0.30930	0.01566	0.00837	0.00237	0.00388	0.04857	0.00732	0.00693
78	0.62015	0.01622	0.07116	0.03668	0.01902	0.01625	0.08707	0.02119	0.01296	0.02968	0.01076	0.01297	0.00823	0.00657	0.00515	0.00224	0.00679	0.00458	0.00416	0.00816
79	0.01143	0.00822	0.01012	0.01071	0.01186	0.00820	0.00746	0.10665	0.01628	0.02174	0.03498	0.59551	0.04070	0.06696	0.01055	0.00304	0.00484	0.01762	0.00654	0.00660
80	0.06185	0.36786	0.06789	0.01450	0.01922	0.12560	0.01334	0.02247	0.01498	0.06982	0.01176	0.01397	0.00998	0.00896	0.02885	0.00225	0.12933	0.00477	0.00367	0.00893
81	0.05211	0.64123	0.05470	0.01265	0.01866	0.06392	0.01245	0.02212	0.01487	0.03836	0.01059	0.01200	0.00933	0.00628	0.00480	0.00161	0.00785	0.00399	0.00331	0.00916
82	0.01054	0.00763	0.00888	0.00870	0.01055	0.00705	0.00630	0.01324	0.04419	0.05000	0.20848	0.13593	0.30308	0.11333	0.03734	0.00332	0.00477	0.01363	0.00663	0.00642
83	0.08401	0.01418	0.09407	0.01316	0.04695	0.01132	0.01105	0.04318	0.06542	0.17754	0.15551	0.03314	0.12983	0.01051	0.00714	0.00215	0.00571	0.00868	0.00643	0.08001
84	0.00958	0.00658	0.00799	0.00875	0.00894	0.00639	0.00537	0.01015	0.01186	0.01581	0.03016	0.36754	0.03563	0.41551	0.02377	0.00506	0.00563	0.01490	0.00537	0.00499
85	0.72497	0.01332	0.01052	0.00936	0.01367	0.01524	0.00768	0.02129	0.01262	0.06074	0.01141	0.01291	0.00870	0.00679	0.00456	0.00217	0.00541	0.00415	0.04664	0.00784
86	0.01613	0.01737	0.03575	0.07448	0.14828	0.01672	0.47072	0.02141	0.01636	0.02230	0.01619	0.06061	0.01370	0.00743	0.00818	0.00240	0.01066	0.02801	0.00381	0.00948
87	0.01681	0.01921	0.04202	0.03001	0.03721	0.01801	0.67947	0.02281	0.01681	0.02281	0.01441	0.01921	0.01080	0.00600	0.00840	0.00240	0.01200	0.00840	0.00360	0.00960
88	0.00914	0.00705	0.00821	0.00829	0.00999	0.00627	0.00600	0.01129	0.01684	0.02199	0.28171	0.17400	0.33708	0.05771	0.01005	0.00268	0.00379	0.01489	0.00691	0.00613
89	0.01558	0.01558	0.02181	0.01869	0.01869	0.02181	0.01558	0.01714	0.01091	0.01714	0.00935	0.01558	0.00935	0.01246	0.02337	0.00312	0.73672	0.00623	0.00312	0.00779
90	0.54890	0.01477	0.01326	0.01119	0.01590	0.01661	0.00919	0.13852	0.05398	0.09878	0.01395	0.01456	0.01019	0.00733	0.00530	0.00220	0.00597	0.00485	0.00546	0.00910
91	0.01066	0.00747	0.00908	0.00954	0.01018	0.00746	0.00624	0.05579	0.01357	0.01816	0.03016	0.38526	0.03500	0.31673	0.04774	0.00480	0.00609	0.01481	0.00561	0.00564
92	0.01717	0.00969	0.01241	0.01079	0.01375	0.00915	0.00845	0.08408	0.02100	0.20005	0.40495	0.08690	0.04735	0.01317	0.00805	0.00229	0.00461	0.02969	0.00790	0.00854
