[name]
unknown

[dist]
# distance from previous block
# <min> <max>
0	28

[block]
# block no. 0 follows, 27 sequences, length 85
# corresponding to MSA columns:
# 67-110,113-153
name=unknown_A
#
# <colnr> <probs for GDERKNQSTAVLIFYWHMCP>
#	G	D	E	R	K	N	Q	S	T	A	V	L	I	F	Y	W	H	M	C	P
0	0.02150	0.01698	0.01938	0.01747	0.08496	0.03735	0.01283	0.27304	0.08518	0.05684	0.02081	0.02434	0.03615	0.00896	0.00714	0.00204	0.00719	0.04882	0.00618	0.21283
1	0.01916	0.02187	0.08999	0.02726	0.27537	0.14901	0.01742	0.02615	0.13001	0.02438	0.04329	0.01987	0.01521	0.00765	0.00706	0.00209	0.00879	0.00646	0.00458	0.10437
2	0.01781	0.01533	0.04430	0.01496	0.07003	0.01258	0.01137	0.07302	0.07344	0.06189	0.01590	0.01738	0.01249	0.00649	0.00613	0.00150	0.00625	0.00529	0.00505	0.52878
3	0.01935	0.01960	0.02791	0.07504	0.54137	0.10617	0.02105	0.02429	0.04984	0.02354	0.01440	0.01826	0.01192	0.00696	0.00728	0.00220	0.00931	0.00647	0.00387	0.01118
4	0.04532	0.17804	0.12007	0.02169	0.07558	0.15399	0.16280	0.05784	0.01798	0.02290	0.01289	0.01559	0.01030	0.00678	0.00672	0.00202	0.01025	0.00578	0.00383	0.06964
5	0.01480	0.01399	0.02367	0.60086	0.16547	0.01670	0.02100	0.01965	0.01521	0.01991	0.01333	0.01954	0.01023	0.00728	0.00741	0.00243	0.00970	0.00660	0.00337	0.00887
6	0.01985	0.74357	0.03890	0.01270	0.01905	0.02937	0.01270	0.02223	0.01508	0.01747	0.01032	0.01191	0.00953	0.00635	0.00476	0.00159	0.00794	0.00397	0.00318	0.00953
7	0.01064	0.00713	0.00814	0.00830	0.00833	0.00709	0.00471	0.01075	0.01110	0.01480	0.02495	0.10963	0.02896	0.67537	0.03526	0.00682	0.00694	0.01171	0.00471	0.00463
8	0.00911	0.00649	0.00859	0.01025	0.01066	0.00608	0.00680	0.01035	0.01408	0.01877	0.04023	0.70721	0.04823	0.05150	0.01059	0.00318	0.00442	0.02070	0.00680	0.00597
9	0.02137	0.02463	0.01743	0.01609	0.01937	0.39206	0.01213	0.02708	0.15328	0.02108	0.02575	0.09035	0.09918	0.01115	0.00804	0.00226	0.03641	0.00843	0.00522	0.00870
10	0.01624	0.01624	0.02274	0.01949	0.01949	0.02274	0.01624	0.01787	0.01137	0.01787	0.00975	0.01624	0.00975	0.01299	0.02436	0.00325	0.72552	0.00650	0.00325	0.00812
11	0.01037	0.00686	0.00915	0.01040	0.01120	0.00635	0.00710	0.01193	0.01512	0.05369	0.09331	0.64341	0.04928	0.02190	0.00932	0.00292	0.00434	0.01980	0.00711	0.00644
12	0.01489	0.03840	0.70064	0.02116	0.03213	0.01724	0.02743	0.02351	0.01567	0.02351	0.01332	0.01567	0.00940	0.00705	0.00705	0.00235	0.01097	0.00549	0.00313	0.01097
13	0.02509	0.01255	0.01565	0.01282	0.01744	0.01205	0.01030	0.05833	0.15371	0.39175	0.13942	0.03281	0.06270	0.01084	0.00776	0.00236	0.00571	0.00903	0.00850	0.01120
14	0.01061	0.00795	0.01193	0.01193	0.01326	0.00928	0.00928	0.01326	0.01193	0.01723	0.01988	0.02916	0.01856	0.05568	0.70968	0.01193	0.01988	0.00795	0.00398	0.00663
15	0.00904	0.00646	0.00861	0.01034	0.01077	0.00603	0.00689	0.01034	0.01421	0.01895	0.04092	0.73426	0.04910	0.02326	0.00948	0.00301	0.00431	0.02110	0.00689	0.00603
16	0.03142	0.01461	0.01832	0.01416	0.01987	0.01398	0.01166	0.17605	0.05831	0.51948	0.02680	0.02375	0.01733	0.00917	0.00746	0.00229	0.00670	0.00734	0.00871	0.01259
17	0.01837	0.01764	0.03013	0.04557	0.69279	0.01764	0.02278	0.02278	0.01690	0.02425	0.01396	0.01837	0.01176	0.00661	0.00735	0.00220	0.00882	0.00661	0.00367	0.01176
18	0.01402	0.01319	0.02227	0.72126	0.05113	0.01649	0.02062	0.01897	0.01484	0.01897	0.01319	0.01979	0.00990	0.00742	0.00742	0.00247	0.00990	0.00660	0.00330	0.00825
19	0.01985	0.74357	0.03890	0.01270	0.01905	0.02937	0.01270	0.02223	0.01508	0.01747	0.01032	0.01191	0.00953	0.00635	0.00476	0.00159	0.00794	0.00397	0.00318	0.00953
20	0.79154	0.01436	0.01091	0.00976	0.01436	0.01665	0.00804	0.02182	0.01263	0.03331	0.01034	0.01206	0.00804	0.00689	0.00459	0.00230	0.00574	0.00402	0.00459	0.00804
21	0.01042	0.00758	0.00980	0.00925	0.01104	0.00697	0.00694	0.01384	0.02081	0.02929	0.65828	0.05625	0.10095	0.01536	0.00876	0.00234	0.00352	0.01354	0.00811	0.00697
22	0.01985	0.74357	0.03890	0.01270	0.01905	0.02937	0.01270	0.02223	0.01508	0.01747	0.01032	0.01191	0.00953	0.00635	0.00476	0.00159	0.00794	0.00397	0.00318	0.00953
23	0.01837	0.01764	0.03013	0.04557	0.69279	0.01764	0.02278	0.02278	0.01690	0.02425	0.01396	0.01837	0.01176	0.00661	0.00735	0.00220	0.00882	0.00661	0.00367	0.01176
24	0.01027	0.00681	0.00901	0.01038	0.01116	0.00629	0.00705	0.01166	0.01467	0.05351	0.04155	0.67458	0.07039	0.02238	0.00935	0.00296	0.00439	0.02022	0.00701	0.00637
25	0.00904	0.00646	0.00861	0.01034	0.01077	0.00603	0.00689	0.01034	0.01421	0.01895	0.04092	0.73426	0.04910	0.02326	0.00948	0.00301	0.00431	0.02110	0.00689	0.00603
26	0.01837	0.01764	0.03013	0.04557	0.69279	0.01764	0.02278	0.02278	0.01690	0.02425	0.01396	0.01837	0.01176	0.00661	0.00735	0.00220	0.00882	0.00661	0.00367	0.01176
27	0.00878	0.00749	0.00755	0.00761	0.01005	0.00626	0.00568	0.01064	0.01684	0.02002	0.07413	0.09229	0.66963	0.01894	0.00880	0.00252	0.00378	0.01584	0.00689	0.00626
28	0.02676	0.01938	0.02072	0.01605	0.02156	0.02139	0.01320	0.60193	0.03294	0.04484	0.01847	0.01882	0.01328	0.00888	0.00720	0.00218	0.00769	0.00671	0.08595	0.01205
29	0.01402	0.01319	0.02227	0.72126	0.05113	0.01649	0.02062	0.01897	0.01484	0.01897	0.01319	0.01979	0.00990	0.00742	0.00742	0.00247	0.00990	0.00660	0.00330	0.00825
30	0.01061	0.00795	0.01193	0.01193	0.01326	0.00928	0.00928	0.01326	0.01193	0.01723	0.01988	0.02916	0.01856	0.05568	0.70968	0.01193	0.01988	0.00795	0.00398	0.00663
31	0.03146	0.01305	0.01717	0.01344	0.01899	0.01185	0.01102	0.03659	0.10318	0.61492	0.02940	0.02557	0.01891	0.00930	0.00748	0.00232	0.00626	0.00758	0.00898	0.01252
32	0.02197	0.01715	0.01836	0.01557	0.02034	0.01937	0.01237	0.21669	0.46403	0.06940	0.02667	0.02479	0.01961	0.00970	0.00751	0.00242	0.00655	0.00786	0.00760	0.01204
33	0.01820	0.01746	0.02982	0.07280	0.66693	0.01759	0.02270	0.02263	0.01682	0.02404	0.01393	0.01843	0.01168	0.00665	0.00735	0.00222	0.00886	0.00661	0.00366	0.01162
34	0.00898	0.00740	0.00778	0.00792	0.01007	0.00632	0.00578	0.01079	0.01657	0.02016	0.09946	0.13695	0.56390	0.05209	0.01017	0.00276	0.00396	0.01589	0.00685	0.00620
35	0.00896	0.00749	0.00781	0.00781	0.01016	0.00633	0.00583	0.01099	0.01725	0.02102	0.13739	0.09343	0.60290	0.01859	0.00880	0.00251	0.00375	0.01563	0.00703	0.00633
36	0.00900	0.00664	0.00843	0.00987	0.01065	0.00607	0.00668	0.01039	0.01466	0.01913	0.04657	0.62498	0.15473	0.02252	0.00936	0.00293	0.00422	0.02021	0.00689	0.00607
37	0.03223	0.01436	0.01830	0.01403	0.01981	0.01348	0.01159	0.17007	0.02414	0.55996	0.02686	0.02369	0.01716	0.00913	0.00746	0.00228	0.00671	0.00730	0.00881	0.01263
38	0.02841	0.02050	0.02209	0.01694	0.02287	0.02258	0.01399	0.64490	0.03440	0.07063	0.01824	0.01810	0.01284	0.00892	0.00743	0.00223	0.00810	0.00671	0.00749	0.01263
39	0.02844	0.02168	0.02190	0.01706	0.02280	0.08428	0.01396	0.57730	0.03294	0.07838	0.01785	0.01781	0.01265	0.00881	0.00736	0.00220	0.00854	0.00655	0.00719	0.01226
40	0.01479	0.00932	0.01159	0.01088	0.01315	0.00899	0.00808	0.07187	0.04477	0.11422	0.26125	0.25481	0.07646	0.05240	0.01010	0.00279	0.00480	0.01420	0.00759	0.00794
41	0.00907	0.00695	0.00834	0.00942	0.01068	0.00622	0.00663	0.01067	0.01535	0.01950	0.05374	0.45783	0.28970	0.02147	0.00924	0.00284	0.00421	0.04510	0.00689	0.00615
42	0.01849	0.05209	0.01737	0.01180	0.01825	0.01209	0.00965	0.07347	0.01756	0.09412	0.01506	0.01641	0.01180	0.00620	0.00582	0.00134	0.00593	0.00487	0.00507	0.60262
43	0.01554	0.08096	0.46087	0.01946	0.02760	0.01784	0.04501	0.05369	0.01609	0.02324	0.01583	0.08816	0.01367	0.00929	0.00892	0.00245	0.08026	0.00723	0.00376	0.01014
44	0.02288	0.09150	0.02108	0.01550	0.02063	0.02091	0.01268	0.26906	0.34437	0.06604	0.02359	0.02235	0.01743	0.00923	0.00722	0.00231	0.00695	0.00727	0.00714	0.01189
45	0.03801	0.01182	0.01426	0.05527	0.04189	0.03577	0.01030	0.07432	0.01687	0.02350	0.06701	0.31600	0.05489	0.01509	0.00943	0.00249	0.06715	0.01282	0.00581	0.12732
46	0.01850	0.01663	0.01659	0.01328	0.01867	0.08430	0.01048	0.10650	0.16890	0.02771	0.02193	0.02232	0.06262	0.00815	0.00657	0.00175	0.00660	0.00644	0.00562	0.37645
47	0.00943	0.00723	0.01024	0.01109	0.01207	0.00668	0.03910	0.01103	0.01464	0.01929	0.04294	0.63546	0.10886	0.02200	0.00937	0.00294	0.00466	0.01998	0.00674	0.00625
48	0.02051	0.01821	0.01855	0.01699	0.05267	0.08697	0.01275	0.16972	0.34485	0.03147	0.05093	0.02672	0.05917	0.01027	0.00840	0.00241	0.04363	0.00810	0.00673	0.01094
49	0.06950	0.01455	0.02265	0.18200	0.02885	0.01620	0.13139	0.02144	0.06806	0.05772	0.01781	0.09427	0.01568	0.00999	0.01063	0.00253	0.14038	0.00829	0.00459	0.08346
50	0.01424	0.01357	0.02299	0.66434	0.04918	0.01687	0.04142	0.01907	0.01476	0.01907	0.01308	0.01963	0.00993	0.00766	0.00830	0.00251	0.04510	0.00666	0.00331	0.00830
51	0.00904	0.00646	0.00861	0.01034	0.01077	0.00603	0.00689	0.01034	0.01421	0.01895	0.04092	0.73426	0.04910	0.02326	0.00948	0.00301	0.00431	0.02110	0.00689	0.00603
52	0.01837	0.01764	0.03013	0.04557	0.69279	0.01764	0.02278	0.02278	0.01690	0.02425	0.01396	0.01837	0.01176	0.00661	0.00735	0.00220	0.00882	0.00661	0.00367	0.01176
53	0.02786	0.02061	0.02208	0.01701	0.02288	0.02285	0.01402	0.64472	0.05881	0.04620	0.01828	0.01819	0.01300	0.00895	0.00743	0.00224	0.00808	0.00675	0.00743	0.01259
54	0.01080	0.00720	0.00810	0.00810	0.00810	0.00720	0.00450	0.01080	0.01080	0.01439	0.02339	0.04858	0.02699	0.73910	0.03779	0.00720	0.00720	0.01080	0.00450	0.00450
55	0.01489	0.03840	0.70064	0.02116	0.03213	0.01724	0.02743	0.02351	0.01567	0.02351	0.01332	0.01567	0.00940	0.00705	0.00705	0.00235	0.01097	0.00549	0.00313	0.01097
56	0.02786	0.02061	0.02207	0.01701	0.02288	0.02285	0.01402	0.64459	0.05895	0.04620	0.01829	0.01819	0.01300	0.00895	0.00743	0.00224	0.00808	0.00675	0.00743	0.01259
57	0.02822	0.02079	0.02228	0.01708	0.02302	0.02302	0.01411	0.66804	0.03490	0.04679	0.01782	0.01782	0.01262	0.00891	0.00743	0.00223	0.00817	0.00668	0.00743	0.01262
58	0.01051	0.00759	0.00992	0.00934	0.01109	0.00700	0.00700	0.01401	0.02101	0.02977	0.68888	0.05545	0.07005	0.01518	0.00876	0.00233	0.00350	0.01343	0.00817	0.00700
59	0.79154	0.01436	0.01091	0.00976	0.01436	0.01665	0.00804	0.02182	0.01263	0.03331	0.01034	0.01206	0.00804	0.00689	0.00459	0.00230	0.00574	0.00402	0.00459	0.00804
60	0.00995	0.00716	0.00942	0.00972	0.01097	0.00663	0.00696	0.01261	0.01842	0.02564	0.44158	0.31452	0.06205	0.01826	0.00903	0.00259	0.00381	0.01636	0.00768	0.00663
61	0.02822	0.02079	0.02228	0.01708	0.02302	0.02302	0.01411	0.66804	0.03490	0.04679	0.01782	0.01782	0.01262	0.00891	0.00743	0.00223	0.00817	0.00668	0.00743	0.01262
62	0.01402	0.01319	0.02227	0.72126	0.05113	0.01649	0.02062	0.01897	0.01484	0.01897	0.01319	0.01979	0.00990	0.00742	0.00742	0.00247	0.00990	0.00660	0.00330	0.00825
63	0.01837	0.01764	0.03013	0.04557	0.69279	0.01764	0.02278	0.02278	0.01690	0.02425	0.01396	0.01837	0.01176	0.00661	0.00735	0.00220	0.00882	0.00661	0.00367	0.01176
64	0.03331	0.01263	0.01723	0.01321	0.01895	0.01091	0.01091	0.03618	0.02125	0.69794	0.02929	0.02527	0.01838	0.00919	0.00747	0.00230	0.00632	0.00747	0.00919	0.01263
65	0.01080	0.00720	0.00810	0.00810	0.00810	0.00720	0.00450	0.01080	0.01080	0.01439	0.02339	0.04858	0.02699	0.73910	0.03779	0.00720	0.00720	0.01080	0.00450	0.00450
66	0.01402	0.01319	0.02227	0.72126	0.05113	0.01649	0.02062	0.01897	0.01484	0.01897	0.01319	0.01979	0.00990	0.00742	0.00742	0.00247	0.00990	0.00660	0.00330	0.00825
67	0.00913	0.00650	0.00859	0.01022	0.01063	0.00609	0.00677	0.01036	0.01404	0.01872	0.04003	0.69940	0.04798	0.05965	0.01091	0.00323	0.00445	0.02058	0.00677	0.00595
68	0.79154	0.01436	0.01091	0.00976	0.01436	0.01665	0.00804	0.02182	0.01263	0.03331	0.01034	0.01206	0.00804	0.00689	0.00459	0.00230	0.00574	0.00402	0.00459	0.00804
69	0.01837	0.01764	0.03013	0.04557	0.69279	0.01764	0.02278	0.02278	0.01690	0.02425	0.01396	0.01837	0.01176	0.00661	0.00735	0.00220	0.00882	0.00661	0.00367	0.01176
70	0.01080	0.00720	0.00810	0.00810	0.00810	0.00720	0.00450	0.01080	0.01080	0.01439	0.02339	0.04858	0.02699	0.73910	0.03779	0.00720	0.00720	0.01080	0.00450	0.00450
71	0.01010	0.00757	0.00935	0.00891	0.01084	0.00683	0.00668	0.01322	0.02005	0.02747	0.54361	0.05924	0.21675	0.01603	0.00876	0.00238	0.00356	0.01396	0.00787	0.00683
72	0.01752	0.02003	0.04380	0.03129	0.03880	0.01877	0.66583	0.02378	0.01752	0.02378	0.01502	0.02003	0.01126	0.00626	0.00876	0.00250	0.01252	0.00876	0.00375	0.01001
73	0.02026	0.70694	0.03798	0.01303	0.01926	0.06454	0.01279	0.02261	0.01539	0.01750	0.01038	0.01199	0.00953	0.00642	0.00486	0.00160	0.00822	0.00401	0.00321	0.00948
74	0.00983	0.00737	0.00911	0.00908	0.01078	0.00665	0.00666	0.01255	0.01881	0.02550	0.42532	0.18094	0.21519	0.01750	0.00889	0.00250	0.00371	0.01534	0.00764	0.00665
75	0.02773	0.03538	0.02104	0.01913	0.02295	0.70930	0.01434	0.02964	0.02104	0.01817	0.01148	0.01339	0.00956	0.00765	0.00669	0.00191	0.01339	0.00478	0.00383	0.00861
76	0.03218	0.01375	0.01783	0.01375	0.01946	0.01265	0.01133	0.11382	0.04504	0.59562	0.02791	0.02444	0.01781	0.00918	0.00746	0.00230	0.00653	0.00740	0.00892	0.01260
77	0.00920	0.00657	0.00852	0.01002	0.01049	0.00615	0.00662	0.01039	0.01400	0.01857	0.04061	0.64519	0.07169	0.08946	0.01207	0.00338	0.00455	0.01994	0.00667	0.00590
78	0.01402	0.01319	0.02227	0.72126	0.05113	0.01649	0.02062	0.01897	0.01484	0.01897	0.01319	0.01979	0.00990	0.00742	0.00742	0.00247	0.00990	0.00660	0.00330	0.00825
79	0.02898	0.02642	0.02067	0.01733	0.02218	0.36126	0.01359	0.22649	0.02533	0.16107	0.01693	0.01709	0.01224	0.00834	0.00707	0.00209	0.01039	0.00589	0.00599	0.01063
80	0.02895	0.01880	0.02094	0.01615	0.02197	0.02016	0.01331	0.50321	0.05787	0.18990	0.02085	0.01986	0.01430	0.00902	0.00744	0.00225	0.00767	0.00693	0.00782	0.01259
81	0.01979	0.04409	0.02069	0.16727	0.02604	0.15185	0.01481	0.04403	0.01673	0.08729	0.04712	0.01958	0.01408	0.00957	0.01188	0.00242	0.21238	0.00645	0.03572	0.04825
82	0.01126	0.00830	0.01083	0.07939	0.01444	0.00839	0.00779	0.01247	0.01400	0.01880	0.12438	0.14062	0.11259	0.22143	0.01990	0.10322	0.03119	0.01180	0.00533	0.04390
83	0.02007	0.46556	0.14875	0.05206	0.02363	0.02557	0.01587	0.12840	0.01843	0.02340	0.01222	0.01394	0.01003	0.00695	0.00573	0.00187	0.00860	0.00481	0.00387	0.01022
84	0.02585	0.02066	0.05240	0.01673	0.02274	0.02156	0.01418	0.53443	0.10476	0.04278	0.01875	0.01870	0.01351	0.00878	0.00732	0.00221	0.00790	0.00670	0.00708	0.05297

[dist]
# distance from previous block
# <min> <max>
4	7

[block]
# block no. 1 follows, 27 sequences, length 30
# corresponding to MSA columns:
# 161-190
name=unknown_B
#
# <colnr> <probs for GDERKNQSTAVLIFYWHMCP>
#	G	D	E	R	K	N	Q	S	T	A	V	L	I	F	Y	W	H	M	C	P
0	0.03809	0.00764	0.00895	0.00913	0.01086	0.00699	0.00654	0.01276	0.01659	0.04950	0.19551	0.26140	0.25540	0.07315	0.01098	0.00296	0.00430	0.01568	0.00701	0.00655
1	0.00926	0.00658	0.00871	0.01032	0.01077	0.00620	0.00693	0.01055	0.01410	0.01878	0.03975	0.66662	0.04746	0.06840	0.01129	0.00329	0.00458	0.04367	0.00674	0.00596
2	0.02437	0.01776	0.01938	0.01545	0.02053	0.01919	0.01249	0.48627	0.06153	0.06247	0.02335	0.10913	0.03989	0.01094	0.00765	0.00230	0.00726	0.00878	0.00728	0.04398
3	0.01032	0.00737	0.00858	0.00897	0.01068	0.00651	0.00637	0.01201	0.01600	0.05336	0.09337	0.30873	0.34425	0.06527	0.01080	0.00297	0.00429	0.01681	0.00693	0.00643
4	0.00908	0.00723	0.00805	0.00847	0.01025	0.00630	0.00606	0.01088	0.01633	0.02042	0.11923	0.24850	0.43559	0.04687	0.01006	0.00281	0.00401	0.01675	0.00692	0.00620
5	0.03296	0.01319	0.01757	0.01347	0.01923	0.01173	0.01113	0.07904	0.02217	0.65376	0.02851	0.02476	0.01799	0.00917	0.00746	0.00229	0.00644	0.00741	0.00907	0.01263
6	0.01134	0.00914	0.01232	0.01224	0.01367	0.03943	0.00950	0.01396	0.01232	0.01727	0.01952	0.02848	0.01817	0.05361	0.67941	0.01150	0.01960	0.00782	0.00397	0.00671
7	0.79154	0.01436	0.01091	0.00976	0.01436	0.01665	0.00804	0.02182	0.01263	0.03331	0.01034	0.01206	0.00804	0.00689	0.00459	0.00230	0.00574	0.00402	0.00459	0.00804
8	0.74219	0.01390	0.01073	0.00966	0.01396	0.01606	0.00782	0.02113	0.01252	0.03211	0.01116	0.01437	0.00924	0.05317	0.00669	0.00261	0.00583	0.00445	0.00459	0.00782
9	0.01489	0.03840	0.70064	0.02116	0.03213	0.01724	0.02743	0.02351	0.01567	0.02351	0.01332	0.01567	0.00940	0.00705	0.00705	0.00235	0.01097	0.00549	0.00313	0.01097
10	0.79154	0.01436	0.01091	0.00976	0.01436	0.01665	0.00804	0.02182	0.01263	0.03331	0.01034	0.01206	0.00804	0.00689	0.00459	0.00230	0.00574	0.00402	0.00459	0.00804
11	0.00928	0.00681	0.00859	0.00965	0.01056	0.00625	0.00659	0.01089	0.01537	0.02033	0.13033	0.50698	0.15307	0.05558	0.01062	0.00304	0.00425	0.01874	0.00695	0.00612
12	0.01061	0.00795	0.01193	0.01193	0.01326	0.00928	0.00928	0.01326	0.01193	0.01723	0.01988	0.02916	0.01856	0.05568	0.70968	0.01193	0.01988	0.00795	0.00398	0.00663
13	0.01069	0.00788	0.01144	0.01152	0.01270	0.00898	0.00879	0.01304	0.01203	0.01710	0.02124	0.03420	0.02077	0.14137	0.59109	0.01093	0.01765	0.03803	0.00418	0.00637
14	0.01080	0.00720	0.00810	0.00810	0.00810	0.00720	0.00450	0.01080	0.01080	0.01439	0.02339	0.04858	0.02699	0.73910	0.03779	0.00720	0.00720	0.01080	0.00450	0.00450
15	0.01008	0.00752	0.00936	0.00901	0.01086	0.00680	0.00672	0.01314	0.01984	0.02724	0.53055	0.09229	0.19657	0.01632	0.00880	0.00240	0.00360	0.01427	0.00785	0.00680
16	0.01489	0.03840	0.70064	0.02116	0.03213	0.01724	0.02743	0.02351	0.01567	0.02351	0.01332	0.01567	0.00940	0.00705	0.00705	0.00235	0.01097	0.00549	0.00313	0.01097
17	0.01752	0.02003	0.04380	0.03129	0.03880	0.01877	0.66583	0.02378	0.01752	0.02378	0.01502	0.02003	0.01126	0.00626	0.00876	0.00250	0.01252	0.00876	0.00375	0.01001
18	0.01058	0.00722	0.00826	0.00834	0.00859	0.00719	0.00491	0.01089	0.01141	0.01511	0.02747	0.07800	0.07248	0.62723	0.06701	0.00693	0.00745	0.01142	0.00474	0.00479
19	0.00983	0.00756	0.00898	0.00863	0.01068	0.00672	0.00647	0.01270	0.01942	0.02597	0.44918	0.06170	0.31212	0.01659	0.00876	0.00240	0.00360	0.01430	0.00767	0.00672
20	0.01289	0.00645	0.00967	0.00967	0.00967	0.00645	0.00645	0.00967	0.00967	0.01289	0.01289	0.02257	0.01289	0.02579	0.02901	0.78401	0.00645	0.00645	0.00322	0.00322
21	0.00919	0.00652	0.00857	0.01015	0.01055	0.00613	0.00670	0.01037	0.01393	0.01858	0.03948	0.67821	0.04729	0.08177	0.01179	0.00336	0.00454	0.02026	0.00670	0.00590
22	0.17586	0.01459	0.01608	0.01309	0.01786	0.01527	0.01062	0.19666	0.08200	0.22625	0.13092	0.02588	0.02370	0.00973	0.00711	0.00230	0.00619	0.00764	0.00751	0.01073
23	0.01837	0.01764	0.03013	0.04557	0.69279	0.01764	0.02278	0.02278	0.01690	0.02425	0.01396	0.01837	0.01176	0.00661	0.00735	0.00220	0.00882	0.00661	0.00367	0.01176
24	0.02879	0.01891	0.02099	0.01620	0.02202	0.02035	0.01335	0.50997	0.06283	0.17808	0.02074	0.01980	0.01427	0.00902	0.00744	0.00226	0.00768	0.00692	0.00779	0.01259
25	0.79154	0.01436	0.01091	0.00976	0.01436	0.01665	0.00804	0.02182	0.01263	0.03331	0.01034	0.01206	0.00804	0.00689	0.00459	0.00230	0.00574	0.00402	0.00459	0.00804
26	0.00904	0.00646	0.00861	0.01034	0.01077	0.00603	0.00689	0.01034	0.01421	0.01895	0.04092	0.73426	0.04910	0.02326	0.00948	0.00301	0.00431	0.02110	0.00689	0.00603
27	0.00877	0.00752	0.00752	0.00752	0.01003	0.00627	0.00564	0.01065	0.01692	0.02005	0.07520	0.07144	0.68978	0.01880	0.00877	0.00251	0.00376	0.01567	0.00689	0.00627
28	0.01960	0.69423	0.03780	0.01316	0.01908	0.02892	0.01294	0.02193	0.01483	0.01749	0.01028	0.01220	0.00954	0.00680	0.00609	0.00170	0.05662	0.00414	0.00318	0.00943
29	0.10604	0.01561	0.02065	0.02206	0.20123	0.01539	0.01415	0.12785	0.04403	0.25769	0.01989	0.02001	0.01406	0.00789	0.00694	0.00216	0.00713	0.00650	0.00643	0.08429

[dist]
# distance from previous block
# <min> <max>
0	3

[block]
# block no. 2 follows, 27 sequences, length 89
# corresponding to MSA columns:
# 194-282
name=unknown_C
#
# <colnr> <probs for GDERKNQSTAVLIFYWHMCP>
#	G	D	E	R	K	N	Q	S	T	A	V	L	I	F	Y	W	H	M	C	P
0	0.01863	0.01702	0.02351	0.27412	0.23299	0.05909	0.01835	0.14133	0.01970	0.02602	0.01705	0.02076	0.04240	0.00789	0.00732	0.00224	0.00894	0.00681	0.00444	0.05137
1	0.01882	0.01821	0.05655	0.07586	0.06685	0.16324	0.01278	0.09969	0.01863	0.05839	0.04560	0.07824	0.08299	0.04664	0.01208	0.11521	0.00839	0.00854	0.00507	0.00821
2	0.00922	0.00653	0.00856	0.01012	0.01051	0.00614	0.00666	0.01038	0.01388	0.01851	0.03921	0.66753	0.04695	0.09293	0.01223	0.00342	0.00459	0.02010	0.00666	0.00588
3	0.10471	0.01946	0.03834	0.02770	0.03475	0.01889	0.53797	0.07747	0.01843	0.02677	0.01473	0.01895	0.01102	0.00655	0.00818	0.00246	0.01140	0.00806	0.00416	0.01001
4	0.01752	0.01664	0.02824	0.06753	0.61849	0.01673	0.02152	0.02171	0.01663	0.02366	0.01595	0.07190	0.01448	0.00789	0.00751	0.00228	0.00852	0.00770	0.00390	0.01120
5	0.00888	0.00744	0.00772	0.00784	0.01014	0.00628	0.00581	0.01078	0.01688	0.02041	0.10057	0.12607	0.60776	0.01901	0.00883	0.00254	0.00379	0.01602	0.00695	0.00628
6	0.02822	0.02079	0.02228	0.01708	0.02302	0.02302	0.01411	0.66804	0.03490	0.04679	0.01782	0.01782	0.01262	0.00891	0.00743	0.00223	0.00817	0.00668	0.00743	0.01262
7	0.03331	0.01263	0.01723	0.01321	0.01895	0.01091	0.01091	0.03618	0.02125	0.69794	0.02929	0.02527	0.01838	0.00919	0.00747	0.00230	0.00632	0.00747	0.00919	0.01263
8	0.01267	0.00659	0.00989	0.00989	0.01002	0.00672	0.00672	0.01002	0.00989	0.01332	0.01358	0.02321	0.01345	0.02870	0.09526	0.70887	0.00776	0.00659	0.00330	0.00356
9	0.02763	0.01211	0.01630	0.01280	0.01755	0.01103	0.03581	0.06765	0.02018	0.47718	0.02681	0.02695	0.01858	0.07077	0.00975	0.00263	0.00633	0.00767	0.12125	0.01100
10	0.04583	0.03744	0.67316	0.02071	0.03142	0.01722	0.02666	0.02344	0.01555	0.02390	0.01320	0.01553	0.00935	0.00705	0.00696	0.00235	0.01076	0.00543	0.00319	0.01085
11	0.01034	0.00701	0.00823	0.00868	0.00879	0.00689	0.00512	0.01068	0.01168	0.01558	0.02793	0.22632	0.03272	0.55354	0.03045	0.00611	0.00645	0.01347	0.00512	0.00490
12	0.00948	0.00750	0.00854	0.00838	0.01049	0.00655	0.00625	0.01199	0.01844	0.02391	0.32069	0.09562	0.41068	0.01755	0.00880	0.00246	0.00368	0.01502	0.00741	0.00655
13	0.79154	0.01436	0.01091	0.00976	0.01436	0.01665	0.00804	0.02182	0.01263	0.03331	0.01034	0.01206	0.00804	0.00689	0.00459	0.00230	0.00574	0.00402	0.00459	0.00804
14	0.01061	0.00795	0.01193	0.01193	0.01326	0.00928	0.00928	0.01326	0.01193	0.01723	0.01988	0.02916	0.01856	0.05568	0.70968	0.01193	0.01988	0.00795	0.00398	0.00663
15	0.01011	0.00771	0.00884	0.00877	0.01047	0.00711	0.00629	0.01271	0.03760	0.02217	0.24229	0.09991	0.29652	0.15948	0.01453	0.00344	0.00456	0.03434	0.00682	0.00631
16	0.79154	0.01436	0.01091	0.00976	0.01436	0.01665	0.00804	0.02182	0.01263	0.03331	0.01034	0.01206	0.00804	0.00689	0.00459	0.00230	0.00574	0.00402	0.00459	0.00804
17	0.02822	0.02079	0.02228	0.01708	0.02302	0.02302	0.01411	0.66804	0.03490	0.04679	0.01782	0.01782	0.01262	0.00891	0.00743	0.00223	0.00817	0.00668	0.00743	0.01262
18	0.00988	0.00753	0.00908	0.00877	0.01073	0.00673	0.00655	0.01277	0.01943	0.02619	0.46369	0.08265	0.27570	0.01664	0.00879	0.00241	0.00361	0.01442	0.00771	0.00673
19	0.06395	0.02017	0.02122	0.01643	0.02222	0.04374	0.01353	0.55605	0.03210	0.10861	0.01839	0.01814	0.01287	0.00880	0.00728	0.00223	0.00805	0.00658	0.00735	0.01228
20	0.00914	0.00662	0.00867	0.01027	0.01090	0.00615	0.00701	0.01056	0.01452	0.01916	0.04330	0.66054	0.09452	0.02283	0.00946	0.00300	0.00437	0.04600	0.00689	0.00608
21	0.01837	0.01764	0.03013	0.04557	0.69279	0.01764	0.02278	0.02278	0.01690	0.02425	0.01396	0.01837	0.01176	0.00661	0.00735	0.00220	0.00882	0.00661	0.00367	0.01176
22	0.00984	0.00741	0.00861	0.00851	0.01009	0.00671	0.00601	0.01191	0.01704	0.02247	0.29119	0.10729	0.28183	0.16139	0.01460	0.00341	0.00439	0.01424	0.00689	0.00617
23	0.01474	0.01525	0.06258	0.46150	0.19682	0.01600	0.02045	0.01957	0.01556	0.02063	0.01752	0.02403	0.04755	0.00824	0.00755	0.00244	0.00928	0.02752	0.00368	0.00908
24	0.01863	0.57033	0.20147	0.01478	0.02227	0.02639	0.01632	0.02254	0.01523	0.01895	0.01106	0.01283	0.00950	0.00652	0.00533	0.00178	0.00868	0.00434	0.00317	0.00988
25	0.00904	0.00646	0.00861	0.01034	0.01077	0.00603	0.00689	0.01034	0.01421	0.01895	0.04092	0.73426	0.04910	0.02326	0.00948	0.00301	0.00431	0.02110	0.00689	0.00603
26	0.01721	0.01813	0.05990	0.35744	0.28483	0.07192	0.02107	0.04174	0.01677	0.02197	0.01350	0.01849	0.01062	0.00717	0.00732	0.00232	0.00977	0.00641	0.00360	0.00985
27	0.01514	0.01693	0.09168	0.26597	0.22446	0.01571	0.09758	0.02006	0.01617	0.02179	0.02122	0.02780	0.07864	0.00889	0.00782	0.00245	0.00923	0.04502	0.00400	0.00945
28	0.00891	0.00724	0.00790	0.00834	0.01026	0.00623	0.00602	0.01068	0.01633	0.02009	0.08671	0.24884	0.49687	0.01988	0.00896	0.00264	0.00390	0.01705	0.00694	0.00623
29	0.04680	0.10091	0.02223	0.12185	0.11851	0.19087	0.01468	0.10216	0.01964	0.05239	0.04067	0.06966	0.05020	0.00941	0.00709	0.00219	0.00899	0.00749	0.00486	0.00940
30	0.01580	0.14671	0.57151	0.02082	0.05643	0.01913	0.02496	0.02328	0.01563	0.02260	0.01288	0.01520	0.00952	0.00693	0.00671	0.00223	0.01042	0.00530	0.00316	0.01078
31	0.01865	0.47404	0.22581	0.01727	0.06224	0.05090	0.01754	0.02291	0.01558	0.01961	0.01143	0.01341	0.00962	0.00662	0.00564	0.00185	0.00906	0.00459	0.00322	0.01003
32	0.01455	0.03654	0.66025	0.02053	0.03088	0.01659	0.02623	0.02274	0.01559	0.02324	0.01493	0.05761	0.01172	0.00800	0.00719	0.00239	0.01058	0.00640	0.00335	0.01068
33	0.02314	0.05287	0.04493	0.08119	0.11576	0.01551	0.05362	0.10276	0.07131	0.25129	0.04883	0.04727	0.03924	0.00930	0.00753	0.00232	0.00752	0.00801	0.00656	0.01106
34	0.01385	0.00742	0.00814	0.06389	0.01204	0.00768	0.00642	0.01743	0.01551	0.02698	0.02334	0.02705	0.01830	0.00855	0.00537	0.00179	0.00397	0.00689	0.71835	0.00703
35	0.00942	0.00675	0.00895	0.01008	0.01085	0.00628	0.00692	0.01129	0.01598	0.02176	0.20905	0.55812	0.05454	0.02116	0.00929	0.00284	0.00410	0.01911	0.00722	0.00628
36	0.04969	0.01726	0.10606	0.02161	0.18864	0.05619	0.01502	0.02441	0.01805	0.20251	0.08719	0.09354	0.02273	0.01002	0.00742	0.00230	0.00733	0.00859	0.05119	0.01024
37	0.02775	0.01993	0.02163	0.01677	0.02253	0.02190	0.01388	0.61377	0.03357	0.07322	0.01922	0.02093	0.01414	0.00941	0.00755	0.00228	0.00803	0.03364	0.00748	0.01238
38	0.02353	0.01847	0.01964	0.01613	0.02124	0.02083	0.01298	0.36608	0.34450	0.03923	0.02378	0.02257	0.01745	0.00947	0.00749	0.00237	0.00707	0.00750	0.00749	0.01220
39	0.00919	0.00783	0.00857	0.05084	0.01259	0.00692	0.00666	0.01132	0.01693	0.02047	0.10301	0.08893	0.59496	0.01806	0.00871	0.00251	0.00413	0.01518	0.00674	0.00642
40	0.01526	0.07289	0.57770	0.07696	0.06684	0.01785	0.02587	0.02305	0.01564	0.02287	0.01319	0.01594	0.00957	0.00702	0.00698	0.00231	0.01062	0.00555	0.00318	0.01072
41	0.00923	0.00748	0.00820	0.00814	0.01034	0.00644	0.00606	0.01150	0.01783	0.02250	0.23154	0.10261	0.49595	0.01810	0.00881	0.00249	0.00372	0.01538	0.00722	0.00644
42	0.10444	0.01598	0.01845	0.01440	0.02002	0.01633	0.01186	0.26780	0.06048	0.35780	0.02327	0.02137	0.01548	0.00891	0.00718	0.00228	0.00692	0.00689	0.00800	0.01214
43	0.01180	0.04230	0.01130	0.00977	0.01221	0.00875	0.00760	0.01575	0.06239	0.05045	0.32451	0.09329	0.25215	0.01609	0.00858	0.00247	0.00429	0.05157	0.00739	0.00736
44	0.01749	0.01404	0.01475	0.01312	0.01649	0.04327	0.01012	0.21663	0.14397	0.03079	0.09798	0.19438	0.12721	0.01439	0.00821	0.00250	0.00599	0.01217	0.00717	0.00932
45	0.01402	0.01319	0.02227	0.72126	0.05113	0.01649	0.02062	0.01897	0.01484	0.01897	0.01319	0.01979	0.00990	0.00742	0.00742	0.00247	0.00990	0.00660	0.00330	0.00825
46	0.71063	0.05803	0.04440	0.01046	0.01545	0.01742	0.00921	0.02192	0.01292	0.03193	0.01047	0.01222	0.00819	0.00687	0.00472	0.00226	0.00611	0.00408	0.00444	0.00826
47	0.01358	0.07045	0.05296	0.01099	0.01427	0.10609	0.00911	0.01604	0.01757	0.04129	0.12058	0.12220	0.34681	0.01538	0.00811	0.00237	0.00594	0.01274	0.00617	0.00737
48	0.40684	0.07844	0.01824	0.01620	0.09603	0.09504	0.01166	0.07776	0.01704	0.10197	0.01355	0.01483	0.01026	0.00731	0.00571	0.00218	0.00740	0.00499	0.00501	0.00953
49	0.05421	0.00817	0.00949	0.03178	0.01165	0.00888	0.00704	0.01588	0.01418	0.02375	0.05232	0.03039	0.02107	0.11287	0.13805	0.00444	0.03771	0.00773	0.40367	0.00671
50	0.13055	0.12302	0.20157	0.05004	0.10615	0.03621	0.06176	0.02428	0.03735	0.09571	0.01566	0.03995	0.01233	0.00786	0.00713	0.00227	0.02730	0.00629	0.00440	0.01017
51	0.13186	0.19334	0.42728	0.01731	0.02612	0.01970	0.02070	0.02337	0.01526	0.04480	0.01270	0.01459	0.00951	0.00694	0.00618	0.00217	0.00936	0.00499	0.00355	0.01026
52	0.01529	0.09519	0.64735	0.02048	0.03108	0.01822	0.02624	0.02341	0.01563	0.02302	0.01308	0.01537	0.00941	0.00700	0.00687	0.00229	0.01073	0.00536	0.00314	0.01086
53	0.01660	0.16159	0.33645	0.09488	0.11241	0.01849	0.02142	0.02247	0.01596	0.04713	0.01569	0.02202	0.01301	0.00816	0.00699	0.00229	0.00949	0.06097	0.00378	0.01022
54	0.01438	0.03073	0.49952	0.02153	0.07866	0.01560	0.06107	0.02149	0.01612	0.02330	0.04226	0.04609	0.07915	0.00890	0.00748	0.00239	0.00974	0.00752	0.00386	0.01023
55	0.01657	0.01580	0.02688	0.32526	0.42719	0.01716	0.02189	0.02120	0.01605	0.02207	0.01365	0.01896	0.01099	0.00695	0.00738	0.00232	0.00927	0.00661	0.00352	0.01031
56	0.01114	0.00828	0.01105	0.05577	0.01514	0.00826	0.00945	0.04281	0.01662	0.02188	0.07801	0.38192	0.09168	0.02002	0.00938	0.00298	0.00547	0.19662	0.00675	0.00678
57	0.08922	0.01586	0.02437	0.37606	0.24051	0.03817	0.04382	0.04482	0.01629	0.02310	0.01335	0.01838	0.01043	0.00714	0.00716	0.00235	0.00932	0.00639	0.00372	0.00953
58	0.01685	0.01569	0.02632	0.09655	0.52574	0.01593	0.02051	0.02115	0.01699	0.02391	0.05604	0.02775	0.01837	0.00869	0.00775	0.00237	0.00838	0.07609	0.00425	0.01065
59	0.00921	0.00672	0.00870	0.01010	0.01088	0.00621	0.00695	0.01077	0.01501	0.01982	0.08240	0.59832	0.11965	0.02220	0.00939	0.00294	0.00430	0.04334	0.00696	0.00614
60	0.01495	0.01390	0.02317	0.48533	0.21819	0.01601	0.01999	0.01957	0.01551	0.02074	0.01643	0.02189	0.03950	0.00773	0.00738	0.00238	0.00911	0.00700	0.03219	0.00905
61	0.01511	0.03021	0.51233	0.01857	0.02710	0.01464	0.02236	0.02195	0.01591	0.06902	0.01998	0.12949	0.01781	0.01037	0.00762	0.00250	0.00942	0.04119	0.00432	0.01012
62	0.01837	0.01764	0.03013	0.04557	0.69279	0.01764	0.02278	0.02278	0.01690	0.02425	0.01396	0.01837	0.01176	0.00661	0.00735	0.00220	0.00882	0.00661	0.00367	0.01176
63	0.01757	0.01656	0.02801	0.06765	0.60066	0.01668	0.02161	0.02190	0.01685	0.02385	0.01648	0.02500	0.01480	0.00804	0.00764	0.00234	0.00866	0.07059	0.00398	0.01113
64	0.01156	0.00891	0.01087	0.01178	0.01322	0.00922	0.00852	0.01773	0.17282	0.02213	0.03822	0.50614	0.04222	0.01987	0.00909	0.00293	0.00491	0.07535	0.00704	0.00747
65	0.01140	0.00815	0.01132	0.01303	0.01450	0.00806	0.01099	0.01442	0.01654	0.02159	0.03961	0.20810	0.04394	0.02103	0.01010	0.00334	0.00635	0.52397	0.00685	0.00668
66	0.01837	0.01764	0.03013	0.04557	0.69279	0.01764	0.02278	0.02278	0.01690	0.02425	0.01396	0.01837	0.01176	0.00661	0.00735	0.00220	0.00882	0.00661	0.00367	0.01176
67	0.01509	0.01402	0.02358	0.31787	0.28034	0.01524	0.03968	0.01962	0.01683	0.02307	0.13842	0.02587	0.02175	0.00852	0.00768	0.00235	0.00840	0.00794	0.00435	0.00937
68	0.00911	0.00651	0.00867	0.01029	0.01078	0.00607	0.00690	0.01051	0.01453	0.01945	0.07072	0.70304	0.05006	0.02289	0.00944	0.00298	0.00427	0.02075	0.00695	0.00607
69	0.02822	0.02079	0.02228	0.01708	0.02302	0.02302	0.01411	0.66804	0.03490	0.04679	0.01782	0.01782	0.01262	0.00891	0.00743	0.00223	0.00817	0.00668	0.00743	0.01262
70	0.00951	0.00755	0.00855	0.00830	0.01048	0.00658	0.00622	0.01209	0.01867	0.02420	0.33735	0.06461	0.42505	0.01725	0.00877	0.00243	0.00365	0.01471	0.00744	0.00658
71	0.01071	0.00749	0.00946	0.00941	0.01112	0.00678	0.00688	0.01336	0.01865	0.05064	0.39824	0.22221	0.17225	0.01755	0.00889	0.00253	0.00385	0.01546	0.00767	0.00685
72	0.01752	0.02003	0.04380	0.03129	0.03880	0.01877	0.66583	0.02378	0.01752	0.02378	0.01502	0.02003	0.01126	0.00626	0.00876	0.00250	0.01252	0.00876	0.00375	0.01001
73	0.01985	0.74357	0.03890	0.01270	0.01905	0.02937	0.01270	0.02223	0.01508	0.01747	0.01032	0.01191	0.00953	0.00635	0.00476	0.00159	0.00794	0.00397	0.00318	0.00953
74	0.01141	0.00761	0.00928	0.00978	0.01055	0.00738	0.00639	0.03931	0.01413	0.04345	0.03395	0.39551	0.05865	0.29442	0.02007	0.00453	0.00563	0.01589	0.00609	0.00598
75	0.03331	0.01263	0.01723	0.01321	0.01895	0.01091	0.01091	0.03618	0.02125	0.69794	0.02929	0.02527	0.01838	0.00919	0.00747	0.00230	0.00632	0.00747	0.00919	0.01263
76	0.01985	0.74357	0.03890	0.01270	0.01905	0.02937	0.01270	0.02223	0.01508	0.01747	0.01032	0.01191	0.00953	0.00635	0.00476	0.00159	0.00794	0.00397	0.00318	0.00953
77	0.73151	0.01422	0.01141	0.01004	0.01472	0.01620	0.00827	0.02296	0.01332	0.08593	0.01184	0.01311	0.00886	0.00707	0.00482	0.00230	0.00579	0.00429	0.00496	0.00840
78	0.00919	0.00655	0.00866	0.01019	0.01067	0.00613	0.00680	0.01054	0.01442	0.01931	0.07343	0.67049	0.04924	0.05304	0.01063	0.00316	0.00439	0.02028	0.00686	0.00602
79	0.01196	0.00854	0.01196	0.01367	0.01538	0.00854	0.01196	0.01538	0.01709	0.02222	0.03931	0.08374	0.04272	0.02051	0.01025	0.00342	0.00684	0.64283	0.00684	0.00684
80	0.03116	0.01311	0.01716	0.01348	0.01900	0.01201	0.01103	0.03665	0.11667	0.60125	0.02942	0.02562	0.01900	0.00932	0.00748	0.00233	0.00625	0.00760	0.00895	0.01251
81	0.00933	0.00678	0.00866	0.00976	0.01059	0.00626	0.00664	0.01094	0.01534	0.02044	0.14016	0.52345	0.12192	0.05967	0.01080	0.00308	0.00428	0.01881	0.00695	0.00612
82	0.03179	0.08410	0.01954	0.01332	0.01913	0.01320	0.01122	0.06052	0.02120	0.60523	0.02698	0.02366	0.01728	0.00890	0.00720	0.00223	0.00655	0.00709	0.00853	0.01233
83	0.01985	0.74357	0.03890	0.01270	0.01905	0.02937	0.01270	0.02223	0.01508	0.01747	0.01032	0.01191	0.00953	0.00635	0.00476	0.00159	0.00794	0.00397	0.00318	0.00953
84	0.00893	0.00749	0.00776	0.00777	0.01014	0.00632	0.00580	0.01092	0.01716	0.02081	0.12429	0.09426	0.61563	0.01867	0.00880	0.00251	0.00376	0.01568	0.00700	0.00632
85	0.04612	0.01325	0.02113	0.55969	0.04363	0.01595	0.03792	0.05761	0.01599	0.02138	0.01611	0.08890	0.01384	0.00900	0.00755	0.00251	0.00916	0.00798	0.00396	0.00834
86	0.01985	0.74357	0.03890	0.01270	0.01905	0.02937	0.01270	0.02223	0.01508	0.01747	0.01032	0.01191	0.00953	0.00635	0.00476	0.00159	0.00794	0.00397	0.00318	0.00953
87	0.79154	0.01436	0.01091	0.00976	0.01436	0.01665	0.00804	0.02182	0.01263	0.03331	0.01034	0.01206	0.00804	0.00689	0.00459	0.00230	0.00574	0.00402	0.00459	0.00804
88	0.06046	0.04587	0.02858	0.03998	0.56921	0.08270	0.02084	0.02335	0.01700	0.02392	0.01340	0.01733	0.01127	0.00672	0.00705	0.00216	0.00905	0.00621	0.00372	0.01118

[dist]
# distance from previous block
# <min> <max>
0	1

[block]
# block no. 3 follows, 27 sequences, length 28
# corresponding to MSA columns:
# 284-311
name=unknown_D
#
# <colnr> <probs for GDERKNQSTAVLIFYWHMCP>
#	G	D	E	R	K	N	Q	S	T	A	V	L	I	F	Y	W	H	M	C	P
0	0.79154	0.01436	0.01091	0.00976	0.01436	0.01665	0.00804	0.02182	0.01263	0.03331	0.01034	0.01206	0.00804	0.00689	0.00459	0.00230	0.00574	0.00402	0.00459	0.00804
1	0.01366	0.01159	0.01735	0.21930	0.05868	0.01235	0.03854	0.04362	0.01715	0.02338	0.15903	0.07941	0.05972	0.01249	0.00950	0.02993	0.03666	0.07257	0.00534	0.07973
2	0.00969	0.00680	0.00847	0.00944	0.00986	0.00648	0.00605	0.01068	0.01350	0.01799	0.06778	0.44873	0.06506	0.26218	0.01889	0.00436	0.00522	0.01709	0.00615	0.00557
3	0.02393	0.01770	0.01915	0.01540	0.02009	0.01947	0.01229	0.49484	0.07512	0.03977	0.02155	0.09373	0.01838	0.08081	0.01057	0.00281	0.00753	0.00865	0.00710	0.01112
4	0.33738	0.06052	0.01768	0.01483	0.07093	0.01644	0.01120	0.10765	0.01875	0.25152	0.01778	0.01761	0.01240	0.00784	0.00612	0.00224	0.00662	0.00569	0.00630	0.01051
5	0.01539	0.01319	0.01539	0.01100	0.01759	0.00990	0.00880	0.01869	0.01539	0.02419	0.01319	0.01539	0.01100	0.00550	0.00550	0.00110	0.00550	0.00440	0.00440	0.78449
6	0.01261	0.01074	0.01093	0.01135	0.01280	0.07987	0.00800	0.06306	0.01705	0.02167	0.08591	0.46910	0.09341	0.05444	0.01030	0.00295	0.00558	0.01682	0.00660	0.00682
7	0.01191	0.00831	0.01052	0.01054	0.01192	0.00815	0.00754	0.07785	0.01802	0.02464	0.25267	0.34150	0.04815	0.04269	0.01188	0.08006	0.00473	0.01529	0.00693	0.00669
8	0.00995	0.00742	0.00937	0.01005	0.01157	0.00684	0.00761	0.01240	0.01728	0.02284	0.22860	0.26727	0.20184	0.01945	0.00926	0.00279	0.00444	0.13727	0.00724	0.00651
9	0.02867	0.02008	0.02184	0.01674	0.02267	0.02196	0.01383	0.61266	0.03371	0.10385	0.01883	0.01848	0.01313	0.00894	0.00743	0.00223	0.00801	0.00675	0.00758	0.01263
10	0.02116	0.01487	0.01602	0.01314	0.01710	0.01603	0.01044	0.38655	0.02651	0.03693	0.05763	0.06878	0.04803	0.05983	0.00925	0.00252	0.00646	0.00859	0.17023	0.00993
11	0.03331	0.01263	0.01723	0.01321	0.01895	0.01091	0.01091	0.03618	0.02125	0.69794	0.02929	0.02527	0.01838	0.00919	0.00747	0.00230	0.00632	0.00747	0.00919	0.01263
12	0.79154	0.01436	0.01091	0.00976	0.01436	0.01665	0.00804	0.02182	0.01263	0.03331	0.01034	0.01206	0.00804	0.00689	0.00459	0.00230	0.00574	0.00402	0.00459	0.00804
13	0.00934	0.00667	0.00895	0.01067	0.01123	0.00628	0.00740	0.01085	0.01450	0.01928	0.04075	0.66849	0.04846	0.02298	0.00955	0.00306	0.00456	0.08396	0.00689	0.00611
14	0.00946	0.00667	0.00861	0.00986	0.01031	0.00631	0.00647	0.01068	0.01408	0.01890	0.08358	0.56312	0.04661	0.15125	0.01451	0.00372	0.00477	0.01871	0.00655	0.00582
15	0.02822	0.02079	0.02228	0.01708	0.02302	0.02302	0.01411	0.66804	0.03490	0.04679	0.01782	0.01782	0.01262	0.00891	0.00743	0.00223	0.00817	0.00668	0.00743	0.01262
16	0.03331	0.01263	0.01723	0.01321	0.01895	0.01091	0.01091	0.03618	0.02125	0.69794	0.02929	0.02527	0.01838	0.00919	0.00747	0.00230	0.00632	0.00747	0.00919	0.01263
17	0.00917	0.00683	0.00854	0.00961	0.01065	0.00620	0.00664	0.01087	0.01565	0.02055	0.12956	0.50677	0.18931	0.02129	0.00923	0.00282	0.00409	0.01897	0.00705	0.00620
18	0.00896	0.00753	0.00778	0.00772	0.01014	0.00635	0.00579	0.01102	0.01737	0.02111	0.14205	0.06970	0.62228	0.01841	0.00877	0.00249	0.00373	0.01542	0.00703	0.00635
19	0.02822	0.02079	0.02228	0.01708	0.02302	0.02302	0.01411	0.66804	0.03490	0.04679	0.01782	0.01782	0.01262	0.00891	0.00743	0.00223	0.00817	0.00668	0.00743	0.01262
20	0.01915	0.01579	0.01681	0.01502	0.01929	0.01812	0.01171	0.03930	0.64902	0.06182	0.03017	0.02759	0.02246	0.01003	0.00755	0.00251	0.00590	0.00835	0.00763	0.01179
21	0.01613	0.01609	0.02271	0.05540	0.02111	0.02242	0.01647	0.01792	0.01155	0.01792	0.00992	0.01642	0.00975	0.01271	0.02350	0.00321	0.68890	0.00650	0.00325	0.00813
22	0.01837	0.01764	0.03013	0.04557	0.69279	0.01764	0.02278	0.02278	0.01690	0.02425	0.01396	0.01837	0.01176	0.00661	0.00735	0.00220	0.00882	0.00661	0.00367	0.01176
23	0.02773	0.03538	0.02104	0.01913	0.02295	0.70930	0.01434	0.02964	0.02104	0.01817	0.01148	0.01339	0.00956	0.00765	0.00669	0.00191	0.01339	0.00478	0.00383	0.00861
24	0.01289	0.00645	0.00967	0.00967	0.00967	0.00645	0.00645	0.00967	0.00967	0.01289	0.01289	0.02257	0.01289	0.02579	0.02901	0.78401	0.00645	0.00645	0.00322	0.00322
25	0.00968	0.00742	0.00887	0.00880	0.01066	0.00661	0.00649	0.01231	0.01863	0.02481	0.38033	0.14956	0.29384	0.01755	0.00886	0.00249	0.00370	0.01524	0.00754	0.00661
26	0.02715	0.02070	0.02161	0.01687	0.02244	0.05384	0.01383	0.59963	0.03290	0.04371	0.01765	0.01829	0.01284	0.01164	0.04921	0.00279	0.00911	0.00667	0.00705	0.01208
27	0.01384	0.00692	0.00692	0.00692	0.00865	0.00692	0.00519	0.01730	0.01557	0.02768	0.02422	0.02768	0.01903	0.00865	0.00519	0.00173	0.00346	0.00692	0.78031	0.00692

[dist]
# distance from previous block
# <min> <max>
0	0

# created by:
# /st0/software/busco_prod/Augustus/scripts/msa2prfl.pl ./align_prep/138327.fa
