[name]
unknown

[dist]
# distance from previous block
# <min> <max>
0	0

[block]
# block no. 0 follows, 31 sequences, length 26
# corresponding to MSA columns:
# 0-25
name=unknown_A
#
# <colnr> <probs for GDERKNQSTAVLIFYWHMCP>
#	G	D	E	R	K	N	Q	S	T	A	V	L	I	F	Y	W	H	M	C	P
0	0.01102	0.00787	0.01102	0.01260	0.01417	0.00787	0.01102	0.01417	0.01575	0.02047	0.03622	0.07717	0.03937	0.01890	0.00945	0.00315	0.00630	0.67084	0.00630	0.00630
1	0.01417	0.10635	0.65705	0.01874	0.02844	0.01698	0.02395	0.02155	0.01439	0.02112	0.01201	0.01411	0.00868	0.00644	0.00629	0.00210	0.00984	0.00492	0.00289	0.00998
2	0.01829	0.76368	0.03585	0.01171	0.01756	0.02707	0.01171	0.02049	0.01390	0.01610	0.00951	0.01097	0.00878	0.00585	0.00439	0.00146	0.00732	0.00366	0.00293	0.00878
3	0.00944	0.00698	0.00881	0.00835	0.01007	0.00635	0.00626	0.01244	0.01879	0.02606	0.61452	0.05336	0.16417	0.01450	0.00807	0.00218	0.00326	0.01269	0.00735	0.00635
4	0.00825	0.00629	0.00759	0.00862	0.00969	0.00563	0.00595	0.00963	0.01397	0.01782	0.04870	0.51527	0.27798	0.02000	0.00851	0.00262	0.00379	0.01771	0.00635	0.00563
5	0.01702	0.01470	0.01547	0.01392	0.01779	0.01702	0.01083	0.03635	0.70453	0.02862	0.02785	0.02553	0.02088	0.00928	0.00696	0.00232	0.00541	0.00773	0.00696	0.01083
6	0.01443	0.13327	0.60542	0.01879	0.02821	0.01745	0.04840	0.02152	0.01443	0.02092	0.01196	0.01412	0.00875	0.00638	0.00627	0.00208	0.00979	0.00498	0.00292	0.00990
7	0.01601	0.01275	0.01209	0.01089	0.01391	0.13915	0.02812	0.01797	0.01677	0.15711	0.04459	0.13393	0.34203	0.01388	0.00758	0.00223	0.00585	0.01157	0.00617	0.00740
8	0.01745	0.01206	0.01452	0.01054	0.01646	0.00930	0.00849	0.02041	0.01525	0.16051	0.01509	0.01599	0.01148	0.00574	0.00543	0.00123	0.00522	0.00461	0.00493	0.64530
9	0.06063	0.01219	0.01404	0.01018	0.01611	0.00953	0.00817	0.01827	0.01433	0.06067	0.01281	0.01450	0.01035	0.00532	0.00512	0.00114	0.00512	0.00419	0.00430	0.71304
10	0.01419	0.01216	0.01419	0.01013	0.01621	0.00912	0.00811	0.01723	0.01419	0.02229	0.01216	0.01419	0.01013	0.00507	0.00507	0.00101	0.00507	0.00405	0.00405	0.80139
11	0.02601	0.01916	0.02053	0.01574	0.02122	0.02122	0.01300	0.69408	0.03217	0.04312	0.01643	0.01643	0.01163	0.00821	0.00684	0.00205	0.00753	0.00616	0.00684	0.01163
12	0.01292	0.01216	0.02052	0.74312	0.04712	0.01520	0.01900	0.01748	0.01368	0.01748	0.01216	0.01824	0.00912	0.00684	0.00684	0.00228	0.00912	0.00608	0.00304	0.00760
13	0.00981	0.00657	0.00750	0.00764	0.00767	0.00654	0.00434	0.00991	0.01022	0.01363	0.02295	0.10592	0.02663	0.69603	0.03258	0.00630	0.00640	0.01077	0.00434	0.00427
14	0.00954	0.00646	0.00758	0.00798	0.00808	0.00636	0.00470	0.00984	0.01075	0.01433	0.02564	0.22436	0.03002	0.57295	0.02823	0.00566	0.00596	0.01235	0.00470	0.00450
15	0.01337	0.01952	0.21807	0.02172	0.06675	0.01361	0.28084	0.01837	0.01481	0.02064	0.01994	0.22058	0.01956	0.01031	0.00775	0.00238	0.00886	0.01027	0.00410	0.00855
16	0.01418	0.10792	0.65557	0.01872	0.02841	0.01700	0.02393	0.02155	0.01439	0.02111	0.01200	0.01410	0.00868	0.00644	0.00629	0.00210	0.00983	0.00492	0.00289	0.00998
17	0.01829	0.76368	0.03585	0.01171	0.01756	0.02707	0.01171	0.02049	0.01390	0.01610	0.00951	0.01097	0.00878	0.00585	0.00439	0.00146	0.00732	0.00366	0.00293	0.00878
18	0.00834	0.00595	0.00794	0.00953	0.00992	0.00556	0.00635	0.00953	0.01310	0.01746	0.03771	0.75510	0.04525	0.02143	0.00873	0.00278	0.00397	0.01945	0.00635	0.00556
19	0.02556	0.03261	0.01939	0.01763	0.02115	0.73210	0.01322	0.02732	0.01939	0.01674	0.01058	0.01234	0.00881	0.00705	0.00617	0.00176	0.01234	0.00441	0.00353	0.00793
20	0.02287	0.02866	0.01747	0.01598	0.01932	0.62037	0.01198	0.02463	0.01880	0.01701	0.01961	0.02057	0.11731	0.00863	0.00646	0.00185	0.01097	0.00595	0.00396	0.00760
21	0.00995	0.00663	0.00746	0.00746	0.00746	0.00663	0.00415	0.00995	0.00995	0.01327	0.02156	0.04477	0.02487	0.75957	0.03482	0.00663	0.00663	0.00995	0.00415	0.00415
22	0.01645	0.01143	0.01263	0.01130	0.01459	0.01225	0.00879	0.02772	0.36900	0.11547	0.11477	0.03178	0.08364	0.01023	0.00685	0.00216	0.00469	0.00855	0.12841	0.00929
23	0.01645	0.01310	0.01727	0.01275	0.01851	0.01105	0.07946	0.05728	0.05543	0.08410	0.01556	0.03968	0.01256	0.00637	0.00586	0.00143	0.00592	0.00553	0.00477	0.53692
24	0.01454	0.01241	0.01476	0.05078	0.01810	0.00989	0.00888	0.04166	0.01481	0.02278	0.01231	0.01449	0.01013	0.00528	0.00523	0.00112	0.00538	0.00424	0.00410	0.72909
25	0.02104	0.01557	0.01728	0.01343	0.01850	0.01586	0.01085	0.41422	0.02480	0.05786	0.01799	0.09770	0.01513	0.00884	0.00658	0.00186	0.00642	0.00709	0.00610	0.22290

[dist]
# distance from previous block
# <min> <max>
0	1

[block]
# block no. 1 follows, 31 sequences, length 12
# corresponding to MSA columns:
# 27-38
name=unknown_B
#
# <colnr> <probs for GDERKNQSTAVLIFYWHMCP>
#	G	D	E	R	K	N	Q	S	T	A	V	L	I	F	Y	W	H	M	C	P
0	0.01498	0.01532	0.09477	0.01170	0.01810	0.01098	0.01047	0.06008	0.04594	0.02378	0.01313	0.01486	0.01054	0.00561	0.00542	0.00127	0.00580	0.00446	0.00422	0.62857
1	0.01762	0.01425	0.01612	0.01228	0.01761	0.01348	0.00990	0.21251	0.07257	0.02839	0.01537	0.04130	0.01257	0.00710	0.00644	0.00154	0.03112	0.00554	0.00512	0.45918
2	0.00832	0.00602	0.00787	0.00935	0.00988	0.00557	0.00627	0.00955	0.01327	0.01753	0.03989	0.70759	0.09135	0.02115	0.00869	0.00275	0.00393	0.01910	0.00635	0.00557
3	0.01526	0.01213	0.01430	0.01027	0.01629	0.00918	0.00823	0.01828	0.01454	0.06790	0.01313	0.01478	0.01058	0.00529	0.00518	0.00109	0.00512	0.00424	0.00434	0.74988
4	0.02318	0.01753	0.01880	0.01503	0.01990	0.01951	0.01220	0.51836	0.17478	0.03870	0.01996	0.05640	0.01534	0.00912	0.00697	0.00215	0.00689	0.00718	0.00684	0.01115
5	0.01419	0.01216	0.01419	0.01013	0.01621	0.00912	0.00811	0.01723	0.01419	0.02229	0.01216	0.01419	0.01013	0.00507	0.00507	0.00101	0.00507	0.00405	0.00405	0.80139
6	0.01151	0.00785	0.00874	0.00827	0.00880	0.00805	0.00501	0.07663	0.01211	0.01618	0.02106	0.04201	0.02358	0.68633	0.03209	0.00619	0.00672	0.00958	0.00441	0.00488
7	0.00838	0.00618	0.00772	0.00891	0.00965	0.00566	0.00600	0.00961	0.01340	0.01743	0.04291	0.58219	0.17338	0.06189	0.01007	0.00290	0.00402	0.01795	0.00623	0.00552
8	0.00893	0.00661	0.00824	0.00856	0.00982	0.00603	0.00608	0.01104	0.01610	0.02172	0.33092	0.29519	0.17760	0.04967	0.00947	0.00259	0.00367	0.01508	0.00676	0.00592
9	0.00960	0.00649	0.00756	0.00790	0.00799	0.00640	0.00462	0.00986	0.01062	0.01417	0.02502	0.19708	0.02924	0.60129	0.02923	0.00581	0.00606	0.01199	0.00462	0.00445
10	0.02350	0.01771	0.01951	0.04785	0.02158	0.01899	0.01248	0.55407	0.02842	0.03859	0.01554	0.01615	0.01128	0.00764	0.00656	0.00190	0.00720	0.00582	0.00622	0.13898
11	0.04207	0.06502	0.01926	0.01661	0.05770	0.23667	0.03199	0.08858	0.15060	0.03824	0.01916	0.02045	0.05824	0.01128	0.05338	0.00264	0.06813	0.00637	0.00474	0.00887

[dist]
# distance from previous block
# <min> <max>
2	7

[block]
# block no. 2 follows, 31 sequences, length 22
# corresponding to MSA columns:
# 46-67
name=unknown_C
#
# <colnr> <probs for GDERKNQSTAVLIFYWHMCP>
#	G	D	E	R	K	N	Q	S	T	A	V	L	I	F	Y	W	H	M	C	P
0	0.06446	0.01610	0.06819	0.02747	0.28162	0.01478	0.18523	0.03773	0.04583	0.05071	0.01782	0.12558	0.01613	0.00859	0.00723	0.00224	0.00809	0.00844	0.00431	0.00946
1	0.01320	0.01105	0.01283	0.01000	0.01466	0.00915	0.00774	0.01706	0.06756	0.02120	0.01912	0.04213	0.06071	0.07895	0.05026	0.00234	0.00587	0.00618	0.00448	0.54551
2	0.01114	0.00800	0.00978	0.01027	0.01139	0.00801	0.00714	0.11226	0.01567	0.02092	0.03302	0.57843	0.03832	0.08789	0.01087	0.00303	0.00475	0.01657	0.00622	0.00634
3	0.01377	0.01255	0.01944	0.43609	0.12589	0.04202	0.04566	0.01778	0.01432	0.01944	0.01541	0.06769	0.01299	0.00783	0.00669	0.00216	0.00803	0.00703	0.11740	0.00780
4	0.01466	0.01244	0.01444	0.01036	0.01641	0.00960	0.00830	0.04433	0.01491	0.02313	0.01233	0.01428	0.01019	0.00519	0.00514	0.00105	0.00517	0.00414	0.00417	0.76977
5	0.02563	0.01954	0.02028	0.01575	0.02108	0.05026	0.01293	0.64042	0.05849	0.04145	0.01664	0.01662	0.01189	0.00821	0.00682	0.00205	0.00764	0.00615	0.00671	0.01145
6	0.00832	0.00602	0.00787	0.00935	0.00988	0.00557	0.00627	0.00955	0.01327	0.01753	0.03982	0.70906	0.08992	0.02116	0.00869	0.00275	0.00394	0.01911	0.00635	0.00557
7	0.00834	0.00595	0.00794	0.00953	0.00992	0.00556	0.00635	0.00953	0.01310	0.01746	0.03771	0.75510	0.04525	0.02143	0.00873	0.00278	0.00397	0.01945	0.00635	0.00556
8	0.00827	0.00694	0.00719	0.00713	0.00936	0.00586	0.00535	0.01018	0.01604	0.01953	0.14463	0.06412	0.63814	0.01694	0.00808	0.00229	0.00344	0.01420	0.00649	0.00586
9	0.00859	0.00692	0.00747	0.00735	0.00932	0.00599	0.00540	0.01052	0.01600	0.02008	0.20936	0.06092	0.51579	0.07401	0.01015	0.00261	0.00366	0.01363	0.00645	0.00580
10	0.03070	0.01164	0.01588	0.01217	0.01746	0.01006	0.01006	0.03334	0.01958	0.72163	0.02699	0.02329	0.01694	0.00847	0.00688	0.00212	0.00582	0.00688	0.00847	0.01164
11	0.00877	0.00662	0.00820	0.00918	0.01042	0.00605	0.00676	0.01055	0.01462	0.01879	0.08309	0.39767	0.24913	0.01937	0.00862	0.00266	0.00415	0.12313	0.00641	0.00579
12	0.02601	0.01916	0.02053	0.01574	0.02122	0.02122	0.01300	0.69408	0.03217	0.04312	0.01643	0.01643	0.01163	0.00821	0.00684	0.00205	0.00753	0.00616	0.00684	0.01163
13	0.02323	0.01760	0.01902	0.01467	0.02008	0.01887	0.01201	0.52084	0.09645	0.03836	0.01689	0.01698	0.01232	0.00782	0.00657	0.00191	0.00693	0.00598	0.00641	0.13706
14	0.01624	0.01338	0.01529	0.01111	0.01708	0.01122	0.00896	0.13474	0.01731	0.02591	0.01290	0.01458	0.01039	0.00561	0.00538	0.00119	0.00549	0.00442	0.00454	0.66427
15	0.02634	0.01863	0.02020	0.01549	0.02095	0.02043	0.01280	0.64753	0.03128	0.09092	0.01717	0.01691	0.01201	0.00823	0.00685	0.00206	0.00741	0.00621	0.00696	0.01164
16	0.00876	0.00662	0.00873	0.00990	0.01041	0.00659	0.00684	0.01001	0.01310	0.01747	0.03803	0.65763	0.08986	0.02052	0.00960	0.00276	0.05315	0.01821	0.00613	0.00570
17	0.01686	0.01399	0.01951	0.01596	0.01865	0.04585	0.11301	0.12144	0.01580	0.07784	0.01594	0.02275	0.01403	0.12241	0.15431	0.00467	0.18741	0.00714	0.00441	0.00801
18	0.00894	0.00662	0.00809	0.00839	0.00961	0.00605	0.00589	0.01085	0.01555	0.02080	0.28478	0.27177	0.19863	0.09900	0.01122	0.00287	0.00388	0.01476	0.00653	0.00577
19	0.00970	0.00653	0.00754	0.00778	0.00784	0.00647	0.00448	0.00988	0.01043	0.01391	0.02404	0.15400	0.02801	0.64606	0.03081	0.00604	0.00622	0.01141	0.00448	0.00436
20	0.01596	0.09120	0.02235	0.01731	0.01812	0.06582	0.01453	0.01754	0.01138	0.01644	0.00913	0.01440	0.00895	0.01105	0.01963	0.00276	0.62710	0.00566	0.00302	0.00764
21	0.01676	0.01692	0.02148	0.07763	0.05016	0.09051	0.03819	0.06280	0.03862	0.01918	0.01089	0.01565	0.00970	0.01028	0.01686	0.00267	0.48411	0.00599	0.00348	0.00813

[dist]
# distance from previous block
# <min> <max>
6	10

[block]
# block no. 3 follows, 31 sequences, length 14
# corresponding to MSA columns:
# 78-91
name=unknown_D
#
# <colnr> <probs for GDERKNQSTAVLIFYWHMCP>
#	G	D	E	R	K	N	Q	S	T	A	V	L	I	F	Y	W	H	M	C	P
0	0.01192	0.00793	0.00923	0.00871	0.01113	0.00716	0.00659	0.01517	0.06006	0.11059	0.20668	0.13069	0.35760	0.01537	0.00793	0.00230	0.00389	0.01313	0.00693	0.00697
1	0.62846	0.01286	0.01140	0.00973	0.01421	0.01413	0.00802	0.02317	0.01348	0.19021	0.01356	0.01392	0.00961	0.00684	0.00484	0.00212	0.00541	0.00444	0.00521	0.00839
2	0.02210	0.01722	0.01833	0.01495	0.01973	0.01939	0.01206	0.40815	0.32446	0.03681	0.02139	0.02038	0.01566	0.00868	0.00689	0.00217	0.00661	0.00684	0.00689	0.01128
3	0.00856	0.00612	0.00814	0.00937	0.00997	0.00570	0.00637	0.01008	0.01413	0.01910	0.14876	0.63937	0.04842	0.02021	0.00862	0.00268	0.00385	0.01829	0.00654	0.00570
4	0.00834	0.00685	0.00720	0.00726	0.00925	0.00586	0.00530	0.01004	0.01535	0.01875	0.11178	0.11014	0.57772	0.06372	0.00980	0.00260	0.00368	0.01435	0.00630	0.00571
5	0.00862	0.00621	0.00824	0.00975	0.01036	0.00582	0.00682	0.01005	0.01350	0.01784	0.03890	0.65052	0.07334	0.02098	0.00878	0.00280	0.00421	0.09126	0.00635	0.00565
6	0.01419	0.01216	0.01419	0.01013	0.01621	0.00912	0.00811	0.01723	0.01419	0.02229	0.01216	0.01419	0.01013	0.00507	0.00507	0.00101	0.00507	0.00405	0.00405	0.80139
7	0.01372	0.03539	0.72412	0.01950	0.02961	0.01589	0.02528	0.02167	0.01444	0.02167	0.01228	0.01444	0.00867	0.00650	0.00650	0.00217	0.01011	0.00506	0.00289	0.01011
8	0.00904	0.00724	0.00816	0.00840	0.01020	0.00664	0.00611	0.01214	0.06611	0.02025	0.15100	0.24948	0.38577	0.01738	0.00818	0.00242	0.00371	0.01502	0.00657	0.00619
9	0.01790	0.01399	0.01588	0.01179	0.01757	0.01254	0.00953	0.18454	0.05594	0.05609	0.01465	0.01571	0.01135	0.00620	0.00568	0.00138	0.00572	0.00488	0.00507	0.53357
10	0.00959	0.00665	0.00792	0.00827	0.00867	0.00638	0.00506	0.01013	0.01119	0.01507	0.02656	0.28169	0.03106	0.47887	0.02477	0.00509	0.00567	0.01288	0.00488	0.03960
11	0.02635	0.01861	0.02019	0.01548	0.02094	0.02040	0.01279	0.64549	0.03124	0.09301	0.01720	0.01693	0.01202	0.00823	0.00685	0.00206	0.00740	0.00621	0.00696	0.01164
12	0.62481	0.01292	0.01113	0.01001	0.01366	0.01499	0.00810	0.06117	0.01302	0.02920	0.01298	0.09231	0.01187	0.00844	0.00597	0.00224	0.04946	0.00570	0.00455	0.00748
13	0.02081	0.02397	0.01675	0.01457	0.01857	0.43751	0.01108	0.05869	0.01832	0.01962	0.01740	0.04332	0.07306	0.00806	0.00621	0.00169	0.00933	0.00583	0.00417	0.19104

[dist]
# distance from previous block
# <min> <max>
1	8

[block]
# block no. 4 follows, 31 sequences, length 10
# corresponding to MSA columns:
# 100-109
name=unknown_E
#
# <colnr> <probs for GDERKNQSTAVLIFYWHMCP>
#	G	D	E	R	K	N	Q	S	T	A	V	L	I	F	Y	W	H	M	C	P
0	0.01826	0.01925	0.02475	0.03238	0.43983	0.15939	0.01825	0.02135	0.01532	0.02007	0.01164	0.01563	0.01007	0.00745	0.00977	0.00217	0.15575	0.00574	0.00334	0.00959
1	0.02540	0.01644	0.01840	0.01451	0.01962	0.01765	0.01185	0.40306	0.16078	0.20682	0.02126	0.01989	0.01475	0.00848	0.00688	0.00212	0.00670	0.00664	0.00727	0.01148
2	0.01649	0.00760	0.00895	0.00828	0.01060	0.00716	0.00631	0.01924	0.01544	0.19515	0.02580	0.13576	0.02160	0.01014	0.00590	0.00190	0.00395	0.00849	0.48372	0.00754
3	0.02139	0.17504	0.02540	0.10685	0.02541	0.41495	0.09693	0.02408	0.01719	0.01734	0.01096	0.01354	0.00904	0.00663	0.00613	0.00183	0.01084	0.00491	0.00334	0.00822
4	0.00811	0.00684	0.00702	0.00717	0.00930	0.00576	0.00530	0.00979	0.01536	0.01839	0.06639	0.12937	0.65247	0.01771	0.00815	0.00235	0.00351	0.01490	0.00635	0.00576
5	0.01021	0.00815	0.01176	0.01169	0.01253	0.00970	0.00899	0.01220	0.01143	0.01636	0.02166	0.20381	0.02278	0.03800	0.44700	0.00776	0.12546	0.01010	0.00422	0.00618
6	0.02240	0.01441	0.01653	0.01325	0.01794	0.01472	0.01064	0.29554	0.10484	0.19287	0.02232	0.10948	0.01791	0.00964	0.00688	0.00206	0.00614	0.00789	0.00683	0.10772
7	0.00844	0.00614	0.00784	0.00907	0.00972	0.00567	0.00610	0.00971	0.01346	0.01773	0.06546	0.60999	0.12479	0.05903	0.00999	0.00290	0.00402	0.01810	0.00628	0.00554
8	0.02438	0.12348	0.02194	0.01576	0.02054	0.26767	0.01280	0.34101	0.05809	0.02966	0.01403	0.01472	0.01073	0.00755	0.00629	0.00189	0.00906	0.00529	0.00518	0.00993
9	0.05822	0.20343	0.09146	0.03363	0.02012	0.05110	0.03456	0.15280	0.01813	0.02510	0.04864	0.01578	0.01256	0.00672	0.00570	0.00167	0.00719	0.00509	0.00433	0.20377

[dist]
# distance from previous block
# <min> <max>
1	7

[block]
# block no. 5 follows, 31 sequences, length 65
# corresponding to MSA columns:
# 117-181
name=unknown_F
#
# <colnr> <probs for GDERKNQSTAVLIFYWHMCP>
#	G	D	E	R	K	N	Q	S	T	A	V	L	I	F	Y	W	H	M	C	P
0	0.01135	0.00883	0.00967	0.00905	0.01167	0.00855	0.00691	0.01728	0.16595	0.05250	0.20689	0.05191	0.38471	0.01444	0.00779	0.00227	0.00393	0.01219	0.00685	0.00728
1	0.00882	0.00648	0.00831	0.00959	0.01050	0.00604	0.00694	0.01042	0.01389	0.01805	0.04217	0.50016	0.15348	0.04145	0.00950	0.00288	0.00438	0.13498	0.00628	0.00569
2	0.00830	0.00634	0.00763	0.00858	0.00969	0.00567	0.00595	0.00975	0.01420	0.01818	0.07321	0.48689	0.28157	0.01972	0.00848	0.00259	0.00376	0.01743	0.00639	0.00567
3	0.01619	0.00846	0.01108	0.00959	0.01243	0.00753	0.00748	0.01910	0.01911	0.24609	0.44056	0.04359	0.10577	0.01253	0.00769	0.00215	0.00407	0.01082	0.00773	0.00804
4	0.02422	0.01603	0.01713	0.01368	0.01829	0.05059	0.01109	0.38769	0.06001	0.17649	0.02047	0.05132	0.01518	0.00881	0.00667	0.00205	0.00666	0.00691	0.09616	0.01056
5	0.00946	0.00690	0.00871	0.00840	0.00988	0.00635	0.00614	0.01216	0.01786	0.02480	0.55226	0.09319	0.12761	0.07390	0.01023	0.00256	0.00357	0.01281	0.00707	0.00615
6	0.01549	0.01808	0.07257	0.10033	0.03463	0.01618	0.51762	0.02097	0.01560	0.02148	0.01341	0.01779	0.01013	0.00585	0.00756	0.00217	0.01056	0.00730	0.00345	0.08884
7	0.01173	0.00777	0.00947	0.00923	0.01037	0.00845	0.00672	0.05056	0.01318	0.01997	0.02194	0.11367	0.02153	0.19068	0.18956	0.00525	0.04681	0.00890	0.24816	0.00606
8	0.06047	0.01492	0.01733	0.01318	0.01843	0.01471	0.03090	0.26710	0.02069	0.05431	0.01479	0.03851	0.01182	0.00732	0.00688	0.00169	0.04620	0.00562	0.00524	0.34989
9	0.00942	0.00698	0.00878	0.00833	0.01006	0.00634	0.00625	0.01240	0.01874	0.02595	0.60646	0.05355	0.17230	0.01454	0.00807	0.00218	0.00327	0.01272	0.00734	0.00634
10	0.02159	0.01418	0.01636	0.01266	0.01801	0.01368	0.01025	0.18774	0.14345	0.19995	0.01963	0.01899	0.01409	0.00741	0.00628	0.00177	0.00591	0.00591	0.00633	0.27581
11	0.06017	0.05424	0.01696	0.01215	0.01750	0.01234	0.01010	0.09090	0.03908	0.49017	0.02262	0.02047	0.01492	0.00784	0.00642	0.00195	0.00594	0.00620	0.00728	0.10276
12	0.01531	0.08640	0.52225	0.01720	0.02582	0.01574	0.02085	0.04992	0.01569	0.06026	0.05189	0.01676	0.01243	0.00696	0.00638	0.00204	0.00888	0.00544	0.00369	0.05611
13	0.01292	0.01216	0.02052	0.74312	0.04712	0.01520	0.01900	0.01748	0.01368	0.01748	0.01216	0.01824	0.00912	0.00684	0.00684	0.00228	0.00912	0.00608	0.00304	0.00760
14	0.02424	0.01483	0.01663	0.01317	0.01783	0.01567	0.01074	0.36443	0.08193	0.20708	0.02096	0.02037	0.01468	0.00832	0.00652	0.00202	0.00622	0.00650	0.13715	0.01071
15	0.01572	0.01650	0.01935	0.01689	0.01791	0.13555	0.03553	0.01755	0.01229	0.01662	0.01173	0.03769	0.01135	0.01759	0.13375	0.00406	0.46289	0.00640	0.00330	0.00734
16	0.02303	0.01012	0.01331	0.01123	0.01504	0.00907	0.00882	0.02613	0.05460	0.46529	0.03201	0.19008	0.06825	0.02971	0.00803	0.00239	0.00525	0.01029	0.00768	0.00969
17	0.00945	0.00695	0.00884	0.00843	0.01009	0.00634	0.00630	0.01243	0.01871	0.02603	0.61328	0.07486	0.14357	0.01463	0.00809	0.00219	0.00328	0.01285	0.00735	0.00634
18	0.02969	0.01325	0.01687	0.01293	0.01827	0.01244	0.01068	0.17433	0.02227	0.57684	0.02474	0.02182	0.01580	0.00841	0.00687	0.00210	0.00619	0.00673	0.00812	0.01164
19	0.01703	0.05833	0.02632	0.15617	0.50944	0.07442	0.01952	0.02089	0.01547	0.02073	0.01238	0.01645	0.01027	0.00628	0.00660	0.00202	0.00859	0.00582	0.00331	0.00994
20	0.01145	0.00730	0.00949	0.01002	0.01139	0.00692	0.00727	0.01410	0.04813	0.09046	0.13081	0.45395	0.06219	0.03536	0.00902	0.00271	0.00437	0.07179	0.00670	0.00659
21	0.00834	0.00595	0.00794	0.00953	0.00992	0.00556	0.00635	0.00953	0.01310	0.01746	0.03771	0.75510	0.04525	0.02143	0.00873	0.00278	0.00397	0.01945	0.00635	0.00556
22	0.00816	0.00665	0.00722	0.00767	0.00944	0.00571	0.00553	0.00973	0.01488	0.01819	0.06025	0.26335	0.52244	0.01850	0.00827	0.00244	0.00361	0.01587	0.00635	0.00571
23	0.49411	0.10768	0.01564	0.01079	0.01555	0.01717	0.00916	0.13176	0.01617	0.10867	0.01262	0.01333	0.00934	0.00683	0.00498	0.00202	0.00597	0.00446	0.00497	0.00875
24	0.14619	0.14603	0.29172	0.02011	0.08799	0.03834	0.13569	0.02136	0.01444	0.02221	0.01165	0.01419	0.00898	0.00622	0.00607	0.00204	0.00899	0.00521	0.00328	0.00930
25	0.01563	0.14178	0.05497	0.13170	0.15433	0.01787	0.22511	0.01980	0.01461	0.01997	0.01321	0.03387	0.01100	0.00702	0.00802	0.00214	0.07025	0.00657	0.04330	0.00886
26	0.00817	0.00693	0.00705	0.00702	0.00929	0.00581	0.00526	0.00998	0.01579	0.01895	0.10319	0.06507	0.67993	0.01715	0.00808	0.00230	0.00345	0.01433	0.00642	0.00581
27	0.01049	0.00912	0.01126	0.08742	0.01542	0.03924	0.04542	0.01309	0.01598	0.02065	0.17535	0.11784	0.32578	0.01418	0.00768	0.00224	0.00488	0.01225	0.06529	0.00641
28	0.01502	0.01213	0.01427	0.01024	0.01628	0.00917	0.00820	0.01804	0.01446	0.05752	0.01291	0.01464	0.01048	0.00524	0.00516	0.00107	0.00510	0.00420	0.00428	0.76161
29	0.03212	0.18238	0.48064	0.05025	0.06025	0.01833	0.02129	0.02101	0.01417	0.02040	0.01157	0.01396	0.00880	0.00653	0.00654	0.00204	0.03227	0.00486	0.00296	0.00962
30	0.01613	0.01414	0.02150	0.49971	0.13255	0.01657	0.01805	0.15604	0.01771	0.02337	0.01313	0.01769	0.00987	0.00702	0.00683	0.00220	0.00866	0.00610	0.00386	0.00886
31	0.00964	0.00696	0.00911	0.00863	0.01021	0.00643	0.00645	0.01281	0.01919	0.02715	0.69396	0.07124	0.06400	0.01420	0.00809	0.00217	0.00325	0.01257	0.00750	0.00643
32	0.00828	0.00617	0.00772	0.00896	0.00977	0.00560	0.00610	0.00959	0.01365	0.01769	0.04464	0.60397	0.19191	0.02053	0.00859	0.00268	0.00386	0.01835	0.00635	0.00560
33	0.00818	0.00693	0.00706	0.00703	0.00930	0.00582	0.00527	0.01000	0.01581	0.01900	0.10687	0.06498	0.67623	0.01713	0.00808	0.00230	0.00345	0.01432	0.00642	0.00582
34	0.00848	0.00603	0.00799	0.00950	0.00990	0.00567	0.00635	0.00966	0.01300	0.01733	0.03686	0.70300	0.04408	0.05855	0.01006	0.00298	0.00416	0.03465	0.00624	0.00550
35	0.01823	0.72596	0.03482	0.01182	0.01757	0.02656	0.01166	0.02129	0.04869	0.01673	0.01043	0.01171	0.00939	0.00603	0.00452	0.00151	0.00722	0.00386	0.00313	0.00888
36	0.02601	0.01916	0.02053	0.01574	0.02122	0.02122	0.01300	0.69408	0.03217	0.04312	0.01643	0.01643	0.01163	0.00821	0.00684	0.00205	0.00753	0.00616	0.00684	0.01163
37	0.00839	0.00673	0.00749	0.00775	0.00954	0.00584	0.00564	0.01024	0.01566	0.01968	0.16421	0.20967	0.46980	0.01767	0.00822	0.00238	0.00353	0.01518	0.00654	0.00584
38	0.01639	0.01840	0.09398	0.10748	0.07256	0.01621	0.46627	0.02187	0.01585	0.06231	0.01443	0.01845	0.01067	0.00618	0.00758	0.00225	0.01043	0.00737	0.02204	0.00928
39	0.02147	0.01737	0.01870	0.10498	0.02298	0.06378	0.01255	0.42025	0.02524	0.03352	0.01768	0.01869	0.04879	0.00795	0.00658	0.00191	0.00742	0.00614	0.00568	0.13832
40	0.01564	0.01496	0.02394	0.33560	0.03502	0.04750	0.18017	0.09585	0.01689	0.02204	0.01547	0.02368	0.01289	0.00789	0.00728	0.00225	0.00914	0.07514	0.00399	0.05464
41	0.02509	0.03172	0.01984	0.01894	0.05868	0.69348	0.01364	0.02698	0.01918	0.01705	0.01070	0.01259	0.00892	0.00700	0.00620	0.00178	0.01211	0.00450	0.00352	0.00809
42	0.01046	0.00752	0.00896	0.00865	0.00869	0.00817	0.00540	0.01069	0.01004	0.01368	0.02016	0.04115	0.02299	0.66087	0.05459	0.00639	0.08356	0.00946	0.00401	0.00455
43	0.01292	0.01216	0.02052	0.74312	0.04712	0.01520	0.01900	0.01748	0.01368	0.01748	0.01216	0.01824	0.00912	0.00684	0.00684	0.00228	0.00912	0.00608	0.00304	0.00760
44	0.80789	0.01323	0.01006	0.00900	0.01323	0.01535	0.00741	0.02011	0.01164	0.03070	0.00953	0.01111	0.00741	0.00635	0.00423	0.00212	0.00529	0.00370	0.00423	0.00741
45	0.01534	0.01443	0.02435	0.18740	0.50206	0.01505	0.01932	0.01932	0.01507	0.02098	0.01521	0.05597	0.01371	0.00770	0.00703	0.00218	0.00804	0.04359	0.00362	0.00965
46	0.00866	0.00636	0.00825	0.00944	0.01026	0.00578	0.00640	0.00999	0.01328	0.01780	0.03774	0.67871	0.07539	0.02028	0.00849	0.00265	0.00401	0.01831	0.00622	0.05199
47	0.02517	0.01867	0.02008	0.01534	0.02086	0.02036	0.01266	0.64605	0.03089	0.04164	0.01612	0.01627	0.01153	0.00799	0.00672	0.00198	0.00735	0.00601	0.00665	0.06767
48	0.01676	0.01381	0.01635	0.09503	0.02090	0.01283	0.01055	0.16573	0.05127	0.02659	0.01384	0.01568	0.01086	0.00616	0.00575	0.00145	0.00608	0.00492	0.00469	0.50075
49	0.01829	0.76368	0.03585	0.01171	0.01756	0.02707	0.01171	0.02049	0.01390	0.01610	0.00951	0.01097	0.00878	0.00585	0.00439	0.00146	0.00732	0.00366	0.00293	0.00878
50	0.01415	0.10861	0.62010	0.05343	0.02922	0.01700	0.02359	0.02134	0.01435	0.02090	0.01199	0.01427	0.00870	0.00645	0.00630	0.00210	0.00978	0.00496	0.00290	0.00985
51	0.02345	0.01326	0.01566	0.01310	0.01764	0.01374	0.01047	0.03494	0.38251	0.35443	0.02744	0.02447	0.01903	0.00890	0.00692	0.00222	0.00561	0.00733	0.00767	0.01121
52	0.00971	0.00687	0.00852	0.00850	0.00934	0.00676	0.00579	0.01134	0.01414	0.01962	0.26797	0.14854	0.07084	0.28553	0.05582	0.00433	0.02044	0.01205	0.02842	0.00546
53	0.02838	0.01129	0.01524	0.01189	0.01680	0.00991	0.00974	0.03153	0.03809	0.63851	0.09065	0.02593	0.02146	0.00900	0.00699	0.00213	0.00557	0.00741	0.00834	0.01114
54	0.01233	0.00731	0.00893	0.00863	0.00943	0.00721	0.00561	0.01304	0.01154	0.09604	0.02318	0.06709	0.02470	0.55082	0.08890	0.00618	0.00743	0.04151	0.00479	0.00533
55	0.01693	0.01626	0.02777	0.04199	0.71689	0.01626	0.02100	0.02100	0.01558	0.02235	0.01287	0.01693	0.01084	0.00610	0.00677	0.00203	0.00813	0.00610	0.00339	0.01084
56	0.00834	0.00595	0.00794	0.00953	0.00992	0.00556	0.00635	0.00953	0.01310	0.01746	0.03771	0.75510	0.04525	0.02143	0.00873	0.00278	0.00397	0.01945	0.00635	0.00556
57	0.01401	0.10746	0.62366	0.01824	0.02755	0.01660	0.02309	0.02117	0.01460	0.02136	0.04257	0.01569	0.01111	0.00676	0.00636	0.00210	0.00953	0.00523	0.00310	0.00982
58	0.01954	0.01595	0.01689	0.01443	0.01875	0.01820	0.01144	0.22130	0.51546	0.03270	0.02463	0.02297	0.01828	0.00898	0.00693	0.00225	0.00601	0.00729	0.00693	0.01106
59	0.02140	0.01539	0.01690	0.01387	0.01804	0.01679	0.01102	0.41660	0.12849	0.07503	0.02222	0.12991	0.01908	0.05202	0.00870	0.00246	0.00653	0.00863	0.00673	0.01019
60	0.02679	0.01330	0.01651	0.01285	0.01790	0.01273	0.01059	0.20800	0.02254	0.44250	0.06075	0.02437	0.01852	0.00889	0.00693	0.00208	0.00612	0.02999	0.00768	0.05095
61	0.01433	0.03453	0.69856	0.01924	0.02917	0.01568	0.02473	0.02209	0.01463	0.04692	0.01281	0.01476	0.00896	0.00657	0.00651	0.00216	0.00996	0.00512	0.00309	0.01017
62	0.01351	0.01276	0.02159	0.63998	0.14565	0.01536	0.01929	0.01800	0.01396	0.01820	0.01226	0.01805	0.00937	0.00673	0.00683	0.00224	0.00897	0.00608	0.00309	0.00808
63	0.05201	0.01622	0.02620	0.06041	0.61038	0.01657	0.01971	0.07395	0.01666	0.02420	0.01298	0.01668	0.01070	0.00630	0.00667	0.00205	0.00799	0.00600	0.00369	0.01065
64	0.14299	0.01683	0.11552	0.12417	0.08160	0.04507	0.01414	0.07680	0.01717	0.22174	0.04009	0.04429	0.01440	0.00797	0.00647	0.00214	0.00729	0.00640	0.00535	0.00956

[dist]
# distance from previous block
# <min> <max>
1	11

[block]
# block no. 6 follows, 31 sequences, length 52
# corresponding to MSA columns:
# 193-244
name=unknown_G
#
# <colnr> <probs for GDERKNQSTAVLIFYWHMCP>
#	G	D	E	R	K	N	Q	S	T	A	V	L	I	F	Y	W	H	M	C	P
0	0.01036	0.05639	0.01135	0.05510	0.01332	0.00847	0.00782	0.04485	0.01517	0.02031	0.14687	0.50667	0.04225	0.01762	0.00813	0.00252	0.00455	0.01576	0.00615	0.00634
1	0.01458	0.06935	0.04435	0.02792	0.40328	0.01377	0.01560	0.01804	0.01546	0.02181	0.10633	0.12657	0.02242	0.00924	0.00692	0.00205	0.00670	0.00847	0.00434	0.06283
2	0.28549	0.14298	0.01753	0.01185	0.01615	0.13081	0.00985	0.15865	0.01781	0.02788	0.01280	0.01428	0.01007	0.00697	0.00517	0.00187	0.00693	0.00466	0.10979	0.00845
3	0.01152	0.00691	0.00919	0.00984	0.01110	0.00633	0.00700	0.01318	0.01469	0.11199	0.09537	0.54792	0.06459	0.01884	0.00844	0.00264	0.00423	0.04304	0.00673	0.00648
4	0.05368	0.52439	0.22785	0.01377	0.02074	0.02339	0.01532	0.02080	0.01395	0.01834	0.01029	0.01195	0.00868	0.00606	0.00497	0.00169	0.00801	0.00405	0.00298	0.00909
5	0.00977	0.00733	0.01100	0.01100	0.01222	0.00855	0.00855	0.01222	0.01100	0.01588	0.01833	0.02688	0.01710	0.05131	0.73245	0.01100	0.01833	0.00733	0.00367	0.00611
6	0.00953	0.00659	0.00820	0.00858	0.00889	0.00671	0.00545	0.01024	0.01089	0.01474	0.02490	0.21349	0.02844	0.45658	0.15104	0.00647	0.00804	0.01179	0.00459	0.00483
7	0.01419	0.01216	0.01419	0.01013	0.01621	0.00912	0.00811	0.01723	0.01419	0.02229	0.01216	0.01419	0.01013	0.00507	0.00507	0.00101	0.00507	0.00405	0.00405	0.80139
8	0.02601	0.01916	0.02053	0.01574	0.02122	0.02122	0.01300	0.69408	0.03217	0.04312	0.01643	0.01643	0.01163	0.00821	0.00684	0.00205	0.00753	0.00616	0.00684	0.01163
9	0.71930	0.01305	0.01072	0.00936	0.01371	0.01474	0.00771	0.02162	0.01255	0.10945	0.01152	0.01250	0.00849	0.00659	0.00454	0.00212	0.00535	0.00407	0.00472	0.00789
10	0.02601	0.01916	0.02053	0.01574	0.02122	0.02122	0.01300	0.69408	0.03217	0.04312	0.01643	0.01643	0.01163	0.00821	0.00684	0.00205	0.00753	0.00616	0.00684	0.01163
11	0.00986	0.00710	0.00944	0.00948	0.01100	0.00668	0.00737	0.01292	0.01818	0.02531	0.52781	0.10731	0.05808	0.01552	0.00840	0.00240	0.00390	0.14571	0.00720	0.00636
12	0.00930	0.00698	0.00862	0.00821	0.00999	0.00629	0.00616	0.01217	0.01847	0.02530	0.55998	0.05461	0.21919	0.01478	0.00807	0.00219	0.00328	0.01286	0.00725	0.00629
13	0.01809	0.73152	0.06625	0.01205	0.01809	0.02658	0.01231	0.02054	0.01393	0.01634	0.00963	0.01113	0.00877	0.00588	0.00448	0.00149	0.00744	0.00372	0.00292	0.00884
14	0.80789	0.01323	0.01006	0.00900	0.01323	0.01535	0.00741	0.02011	0.01164	0.03070	0.00953	0.01111	0.00741	0.00635	0.00423	0.00212	0.00529	0.00370	0.00423	0.00741
15	0.00834	0.00595	0.00794	0.00953	0.00992	0.00556	0.00635	0.00953	0.01310	0.01746	0.03771	0.75510	0.04525	0.02143	0.00873	0.00278	0.00397	0.01945	0.00635	0.00556
16	0.30628	0.01361	0.01459	0.01161	0.01659	0.01395	0.00957	0.14904	0.01884	0.32328	0.01824	0.01733	0.01230	0.00753	0.00586	0.00206	0.00592	0.00550	0.00649	0.04140
17	0.03070	0.01164	0.01588	0.01217	0.01746	0.01006	0.01006	0.03334	0.01958	0.72163	0.02699	0.02329	0.01694	0.00847	0.00688	0.00212	0.00582	0.00688	0.00847	0.01164
18	0.02995	0.01283	0.01661	0.01274	0.01806	0.01182	0.01052	0.13795	0.02157	0.61420	0.02532	0.02220	0.01610	0.00843	0.00687	0.00211	0.00609	0.00677	0.00821	0.01164
19	0.00830	0.00609	0.00780	0.00916	0.00983	0.00559	0.00619	0.00957	0.01345	0.01761	0.04219	0.65734	0.14012	0.02085	0.00864	0.00271	0.00390	0.01874	0.00635	0.00559
20	0.00834	0.00595	0.00794	0.00953	0.00992	0.00556	0.00635	0.00953	0.01310	0.01746	0.03771	0.75510	0.04525	0.02143	0.00873	0.00278	0.00397	0.01945	0.00635	0.00556
21	0.19258	0.01586	0.01705	0.01334	0.01850	0.01693	0.01102	0.37129	0.02439	0.22565	0.01785	0.01717	0.01219	0.00789	0.00630	0.00208	0.00659	0.00584	0.00674	0.01074
22	0.01427	0.01268	0.02191	0.58229	0.08704	0.01487	0.07021	0.01854	0.01413	0.05246	0.01305	0.01850	0.00980	0.00735	0.00759	0.02871	0.00897	0.00627	0.00336	0.00798
23	0.01275	0.00638	0.00638	0.00638	0.00797	0.00638	0.00478	0.01594	0.01435	0.02551	0.02232	0.02551	0.01754	0.00797	0.00478	0.00159	0.00319	0.00638	0.79755	0.00638
24	0.01560	0.02226	0.19399	0.02674	0.03437	0.01698	0.54224	0.02186	0.01576	0.02186	0.01349	0.01755	0.01000	0.00593	0.00772	0.00228	0.01121	0.00740	0.00333	0.00943
25	0.00920	0.00680	0.00876	0.00981	0.01104	0.00636	0.00748	0.01127	0.01499	0.01956	0.11331	0.35497	0.17414	0.01914	0.00875	0.00273	0.00446	0.20487	0.00646	0.00591
26	0.01536	0.01589	0.05491	0.18016	0.37526	0.06563	0.01817	0.01924	0.01523	0.02036	0.01663	0.07733	0.01554	0.00871	0.00713	0.00223	0.00824	0.07108	0.00380	0.00909
27	0.05750	0.02680	0.02151	0.02462	0.23139	0.48377	0.01532	0.02509	0.01789	0.01906	0.01122	0.01367	0.00936	0.00673	0.00627	0.00186	0.01075	0.00489	0.00351	0.00879
28	0.00855	0.00714	0.00750	0.00754	0.00974	0.00620	0.00568	0.01091	0.03544	0.01939	0.10918	0.09606	0.59806	0.01711	0.00813	0.00235	0.00362	0.03498	0.00645	0.00597
29	0.01484	0.01412	0.02399	0.40773	0.36751	0.01570	0.01995	0.01916	0.01459	0.01981	0.01250	0.01761	0.00994	0.00648	0.00681	0.00216	0.00865	0.00609	0.00321	0.00915
30	0.60907	0.01282	0.01154	0.00981	0.01431	0.01399	0.00809	0.02350	0.01367	0.20745	0.01399	0.01423	0.00985	0.00689	0.00491	0.00212	0.00543	0.00452	0.00532	0.00849
31	0.04789	0.01377	0.01477	0.01295	0.01678	0.01536	0.01017	0.10002	0.46450	0.07167	0.09967	0.02836	0.05437	0.00986	0.00701	0.00225	0.00534	0.00815	0.00697	0.01015
32	0.00834	0.00595	0.00794	0.00953	0.00992	0.00556	0.00635	0.00953	0.01310	0.01746	0.03771	0.75510	0.04525	0.02143	0.00873	0.00278	0.00397	0.01945	0.00635	0.00556
33	0.01288	0.00707	0.00747	0.00716	0.00894	0.00708	0.00543	0.04696	0.01597	0.02663	0.13144	0.02914	0.02471	0.00893	0.00540	0.00170	0.00340	0.00732	0.63574	0.00663
34	0.00933	0.00692	0.00870	0.00838	0.01004	0.00629	0.00624	0.01219	0.01836	0.02534	0.56489	0.09498	0.17303	0.01499	0.00811	0.00222	0.00331	0.01314	0.00726	0.00629
35	0.02518	0.01811	0.01959	0.01528	0.02054	0.01996	0.01254	0.56808	0.11626	0.08537	0.01855	0.01802	0.01315	0.00836	0.00686	0.00209	0.00715	0.00641	0.00696	0.01153
36	0.01188	0.00594	0.00891	0.00891	0.00891	0.00594	0.00594	0.00891	0.00891	0.01188	0.01188	0.02080	0.01188	0.02377	0.02674	0.80095	0.00594	0.00594	0.00297	0.00297
37	0.01419	0.01216	0.01419	0.01013	0.01621	0.00912	0.00811	0.01723	0.01419	0.02229	0.01216	0.01419	0.01013	0.00507	0.00507	0.00101	0.00507	0.00405	0.00405	0.80139
38	0.01441	0.05747	0.55124	0.02125	0.03052	0.01659	0.16964	0.02168	0.01479	0.02152	0.01252	0.01519	0.00904	0.00632	0.00677	0.00217	0.01032	0.00566	0.00301	0.00987
39	0.01154	0.00753	0.00899	0.00858	0.00940	0.00756	0.00557	0.04336	0.01286	0.04933	0.11259	0.06694	0.02917	0.50752	0.08577	0.00585	0.00707	0.01007	0.00495	0.00535
40	0.60225	0.16386	0.01586	0.00995	0.01458	0.01805	0.00861	0.06116	0.01334	0.02853	0.00994	0.01141	0.00794	0.00636	0.00442	0.00198	0.00583	0.00384	0.00413	0.00794
41	0.28056	0.01256	0.01349	0.01175	0.04301	0.01262	0.00900	0.10225	0.01725	0.15508	0.10293	0.02209	0.04959	0.00818	0.00591	0.00194	0.00540	0.00628	0.00576	0.13434
42	0.07515	0.01854	0.04154	0.01482	0.02043	0.01936	0.01250	0.55598	0.02833	0.03938	0.01539	0.01578	0.01110	0.00770	0.00647	0.00195	0.00720	0.00574	0.00625	0.09640
43	0.03535	0.00737	0.00944	0.00876	0.01060	0.00687	0.00663	0.01394	0.01913	0.05502	0.66421	0.04876	0.06089	0.01353	0.00790	0.00215	0.00339	0.01189	0.00747	0.00669
44	0.01031	0.00803	0.00954	0.00926	0.01128	0.00777	0.00707	0.01523	0.10963	0.02440	0.38077	0.08773	0.21381	0.01490	0.00806	0.00232	0.00385	0.06221	0.00702	0.00682
45	0.02110	0.04656	0.06486	0.12973	0.02398	0.01710	0.01348	0.32902	0.06250	0.10665	0.01780	0.04514	0.01369	0.03699	0.00780	0.00226	0.00737	0.00668	0.00578	0.04150
46	0.00896	0.00631	0.00819	0.00946	0.00992	0.00603	0.00644	0.01014	0.01277	0.01697	0.03434	0.53791	0.04055	0.16724	0.01398	0.00358	0.00476	0.09117	0.00591	0.00536
47	0.00958	0.00698	0.00838	0.00823	0.01005	0.00620	0.00609	0.01196	0.01712	0.04501	0.36126	0.15304	0.29895	0.01607	0.00813	0.00230	0.00350	0.01393	0.00697	0.00625
48	0.14139	0.01510	0.02411	0.16685	0.45375	0.01596	0.04504	0.02024	0.01462	0.02275	0.01225	0.01632	0.00996	0.00626	0.00643	0.00210	0.00800	0.00579	0.00346	0.00963
49	0.10203	0.07284	0.02005	0.01433	0.01969	0.01964	0.01198	0.49351	0.02720	0.12729	0.01660	0.01639	0.01169	0.00789	0.00641	0.00202	0.00708	0.00583	0.00651	0.01101
50	0.00860	0.00650	0.00861	0.05682	0.01224	0.00621	0.00701	0.01008	0.01349	0.01761	0.04059	0.60820	0.13899	0.01990	0.00852	0.00268	0.00423	0.01786	0.00614	0.00572
51	0.00840	0.00610	0.00794	0.00926	0.00989	0.00563	0.00627	0.00977	0.01371	0.01819	0.08414	0.65413	0.10010	0.02062	0.00864	0.00270	0.00388	0.01859	0.00643	0.00563

[dist]
# distance from previous block
# <min> <max>
0	4

[block]
# block no. 7 follows, 31 sequences, length 6
# corresponding to MSA columns:
# 249-254
name=unknown_H
#
# <colnr> <probs for GDERKNQSTAVLIFYWHMCP>
#	G	D	E	R	K	N	Q	S	T	A	V	L	I	F	Y	W	H	M	C	P
0	0.00869	0.00616	0.00803	0.00917	0.00966	0.00579	0.00610	0.00999	0.01348	0.01817	0.11747	0.58502	0.04515	0.10881	0.01177	0.00316	0.00420	0.01746	0.00623	0.00550
1	0.04679	0.01522	0.01692	0.01411	0.03847	0.06801	0.03070	0.14415	0.06443	0.02550	0.01589	0.08228	0.01403	0.00829	0.00763	0.00180	0.07366	0.00645	0.00481	0.32086
2	0.34074	0.06521	0.05841	0.04069	0.01925	0.01681	0.07241	0.11386	0.01582	0.07132	0.01286	0.01483	0.00977	0.00725	0.00695	0.00214	0.07067	0.00514	0.04726	0.00863
3	0.00987	0.00718	0.00894	0.00901	0.01032	0.00662	0.00638	0.01166	0.01435	0.01969	0.20351	0.23113	0.07090	0.20640	0.01495	0.00346	0.00477	0.07764	0.00587	0.07735
4	0.01732	0.36037	0.10471	0.04395	0.11832	0.06404	0.01449	0.06570	0.01579	0.01975	0.01630	0.01801	0.07295	0.00748	0.00631	0.00184	0.03455	0.00552	0.00361	0.00900
5	0.01085	0.00912	0.01058	0.01053	0.01139	0.04743	0.00766	0.01234	0.01341	0.01778	0.11566	0.23718	0.09178	0.17781	0.06509	0.00403	0.10339	0.04290	0.00525	0.00584

[dist]
# distance from previous block
# <min> <max>
2	7

[block]
# block no. 8 follows, 31 sequences, length 6
# corresponding to MSA columns:
# 262-267
name=unknown_I
#
# <colnr> <probs for GDERKNQSTAVLIFYWHMCP>
#	G	D	E	R	K	N	Q	S	T	A	V	L	I	F	Y	W	H	M	C	P
0	0.16050	0.06793	0.01360	0.01116	0.01406	0.03901	0.00885	0.12193	0.01693	0.05449	0.06406	0.23479	0.04823	0.01513	0.04471	0.00278	0.00628	0.06228	0.00569	0.00758
1	0.14311	0.10533	0.40382	0.01765	0.02546	0.01667	0.11047	0.02085	0.01443	0.02288	0.04953	0.01606	0.01172	0.00671	0.00621	0.00210	0.00885	0.00549	0.00344	0.00921
2	0.01721	0.42872	0.18416	0.04935	0.08080	0.02131	0.01570	0.02101	0.01454	0.05480	0.01276	0.01649	0.01088	0.00684	0.00555	0.00182	0.00796	0.03746	0.00342	0.00922
3	0.05397	0.14647	0.22977	0.02174	0.12669	0.08867	0.13290	0.02114	0.01489	0.02036	0.01236	0.01555	0.00993	0.00986	0.06471	0.00272	0.01025	0.00555	0.00326	0.00918
4	0.05062	0.00974	0.01180	0.01080	0.01296	0.01065	0.00833	0.15043	0.01670	0.02423	0.11065	0.07002	0.02407	0.08961	0.29967	0.00604	0.01056	0.00842	0.06753	0.00716
5	0.01695	0.01094	0.01306	0.01157	0.01446	0.01099	0.00889	0.20719	0.02013	0.12166	0.11204	0.26576	0.03166	0.05360	0.00915	0.00256	0.00542	0.03970	0.00672	0.03755

[dist]
# distance from previous block
# <min> <max>
3	11

[block]
# block no. 9 follows, 31 sequences, length 7
# corresponding to MSA columns:
# 279-285
name=unknown_J
#
# <colnr> <probs for GDERKNQSTAVLIFYWHMCP>
#	G	D	E	R	K	N	Q	S	T	A	V	L	I	F	Y	W	H	M	C	P
0	0.00964	0.00692	0.00921	0.01057	0.04538	0.00680	0.00671	0.01111	0.01301	0.01796	0.10994	0.35633	0.03686	0.20950	0.08630	0.00441	0.00615	0.01386	0.03367	0.00566
1	0.01645	0.50389	0.08469	0.01419	0.01960	0.02251	0.08232	0.01939	0.01375	0.01718	0.01212	0.04784	0.01127	0.01040	0.06200	0.00247	0.04287	0.00534	0.00320	0.00851
2	0.02130	0.01604	0.01739	0.01410	0.01849	0.01754	0.01125	0.45199	0.13166	0.03558	0.02070	0.10323	0.01751	0.04857	0.00845	0.00237	0.00665	0.00802	0.00655	0.04261
3	0.05921	0.23320	0.42211	0.01661	0.02418	0.01947	0.01948	0.02072	0.01373	0.02009	0.01102	0.01335	0.00866	0.00688	0.00743	0.00205	0.08481	0.00469	0.00298	0.00932
4	0.00862	0.00620	0.00804	0.00941	0.00997	0.00581	0.00642	0.00989	0.01319	0.01741	0.03836	0.61196	0.08542	0.07782	0.01075	0.00307	0.00430	0.06169	0.00618	0.00551
5	0.00977	0.00733	0.01100	0.01100	0.01222	0.00855	0.00855	0.01222	0.01100	0.01588	0.01833	0.02688	0.01710	0.05131	0.73245	0.01100	0.01833	0.00733	0.00367	0.00611
6	0.01583	0.01346	0.01412	0.01267	0.01633	0.01508	0.00986	0.07215	0.52810	0.02754	0.03523	0.03283	0.15568	0.01079	0.00717	0.00230	0.00517	0.00895	0.00684	0.00989

[dist]
# distance from previous block
# <min> <max>
0	0

# created by:
# /st0/software/busco_prod/Augustus/scripts/msa2prfl.pl ./align_prep/138339.fa
