[name]
unknown

[dist]
# distance from previous block
# <min> <max>
0	16

[block]
# block no. 0 follows, 20 sequences, length 6
# corresponding to MSA columns:
# 22-27
name=unknown_A
#
# <colnr> <probs for GDERKNQSTAVLIFYWHMCP>
#	G	D	E	R	K	N	Q	S	T	A	V	L	I	F	Y	W	H	M	C	P
0	0.01406	0.01004	0.01406	0.01606	0.01807	0.01004	0.01406	0.01807	0.02008	0.02610	0.04618	0.09839	0.05020	0.02410	0.01205	0.00402	0.00803	0.58032	0.00803	0.00803
1	0.56741	0.01643	0.01550	0.09714	0.02313	0.01867	0.01179	0.02739	0.01649	0.11526	0.01546	0.01735	0.01130	0.00853	0.00626	0.00273	0.00746	0.00564	0.00590	0.01018
2	0.02347	0.01779	0.01981	0.01608	0.02139	0.01823	0.01266	0.29557	0.05906	0.03988	0.05632	0.13619	0.02653	0.05214	0.01079	0.00285	0.00771	0.01089	0.00774	0.16488
3	0.02066	0.18134	0.44167	0.02248	0.03315	0.10570	0.02662	0.02824	0.01909	0.02533	0.01464	0.01714	0.01110	0.00821	0.00767	0.00251	0.01251	0.00597	0.00380	0.01218
4	0.02809	0.02164	0.02403	0.06322	0.02771	0.02337	0.01574	0.40068	0.11458	0.04605	0.02168	0.02222	0.01591	0.00990	0.00839	0.00247	0.00888	0.00769	0.00785	0.12990
5	0.20800	0.03057	0.02088	0.01842	0.02334	0.35982	0.01425	0.12015	0.02437	0.03165	0.01535	0.01732	0.01213	0.00908	0.00727	0.00240	0.01178	0.00592	0.05676	0.01054

[dist]
# distance from previous block
# <min> <max>
3	21

[block]
# block no. 1 follows, 20 sequences, length 33
# corresponding to MSA columns:
# 53-68,70-86
name=unknown_B
#
# <colnr> <probs for GDERKNQSTAVLIFYWHMCP>
#	G	D	E	R	K	N	Q	S	T	A	V	L	I	F	Y	W	H	M	C	P
0	0.05976	0.01923	0.02314	0.01794	0.02451	0.01940	0.05098	0.25866	0.07466	0.14337	0.02438	0.06408	0.01884	0.01061	0.00841	0.00248	0.00834	0.00872	0.00795	0.15456
1	0.02583	0.01944	0.02136	0.01722	0.02353	0.02040	0.01381	0.21090	0.26713	0.09090	0.02670	0.02568	0.01969	0.01018	0.00830	0.00247	0.00766	0.00815	0.00819	0.17246
2	0.02858	0.02030	0.02245	0.01776	0.02399	0.02163	0.01442	0.35062	0.13516	0.10710	0.07979	0.02755	0.02346	0.01104	0.00870	0.00258	0.00814	0.00877	0.00872	0.07926
3	0.02797	0.02039	0.02224	0.01819	0.02405	0.02251	0.01464	0.30397	0.26292	0.09997	0.06649	0.02900	0.02425	0.01149	0.00889	0.00276	0.00802	0.00921	0.00903	0.01402
4	0.02928	0.01874	0.02205	0.01692	0.02352	0.01861	0.01385	0.22920	0.05496	0.20819	0.02325	0.02299	0.01651	0.00982	0.00936	0.00237	0.04953	0.00745	0.00802	0.21537
5	0.02917	0.02177	0.02344	0.01820	0.02479	0.02341	0.01488	0.44869	0.08669	0.04855	0.02197	0.02230	0.01608	0.01005	0.00828	0.00244	0.00861	0.00770	0.05455	0.10842
6	0.11993	0.01772	0.01956	0.01471	0.02186	0.01644	0.01197	0.16388	0.02386	0.10491	0.01846	0.01955	0.01389	0.00811	0.00712	0.00195	0.00735	0.00615	0.00667	0.39591
7	0.09525	0.02324	0.02271	0.01849	0.02448	0.07587	0.01492	0.36474	0.16112	0.04590	0.02297	0.02288	0.01690	0.01041	0.00828	0.00264	0.00903	0.00783	0.03887	0.01346
8	0.54338	0.01849	0.01538	0.01324	0.01885	0.07122	0.01078	0.02998	0.01781	0.16601	0.01697	0.01759	0.01217	0.00874	0.00632	0.00266	0.00764	0.00566	0.00647	0.01065
9	0.02159	0.02073	0.03541	0.05354	0.63903	0.02073	0.02677	0.02677	0.01986	0.02850	0.01641	0.02159	0.01382	0.00777	0.00864	0.00259	0.01036	0.00777	0.00432	0.01382
10	0.01647	0.01550	0.02616	0.67248	0.06008	0.01938	0.02422	0.02229	0.01744	0.02229	0.01550	0.02326	0.01163	0.00872	0.00872	0.00291	0.01163	0.00775	0.00388	0.00969
11	0.14555	0.02688	0.02269	0.01861	0.02466	0.20604	0.01486	0.27110	0.02952	0.08762	0.01813	0.01889	0.01337	0.00945	0.00782	0.00245	0.01056	0.00662	0.00692	0.05826
12	0.01647	0.01550	0.02616	0.67248	0.06008	0.01938	0.02422	0.02229	0.01744	0.02229	0.01550	0.02326	0.01163	0.00872	0.00872	0.00291	0.01163	0.00775	0.00388	0.00969
13	0.02258	0.61551	0.12240	0.01619	0.02434	0.03270	0.01713	0.02631	0.01781	0.02143	0.01258	0.01456	0.01118	0.00757	0.00594	0.00198	0.00978	0.00489	0.00373	0.01141
14	0.01984	0.01545	0.01827	0.01314	0.02080	0.01173	0.01054	0.02367	0.01866	0.07966	0.01708	0.01905	0.01364	0.00682	0.00665	0.00141	0.00654	0.00547	0.00564	0.68595
15	0.01802	0.10424	0.59374	0.02396	0.03636	0.02155	0.03066	0.02749	0.01835	0.02698	0.01533	0.01802	0.01106	0.00821	0.00804	0.00268	0.01257	0.00628	0.00369	0.01274
16	0.02296	0.65795	0.08327	0.01554	0.02335	0.03363	0.01600	0.02621	0.01777	0.02097	0.01235	0.01427	0.01119	0.00751	0.00576	0.00192	0.00955	0.00478	0.00373	0.01130
17	0.01750	0.04512	0.64825	0.02486	0.03775	0.02026	0.03223	0.02762	0.01842	0.02762	0.01565	0.01842	0.01105	0.00829	0.00829	0.00276	0.01289	0.00645	0.00368	0.01289
18	0.01235	0.00892	0.01166	0.01097	0.01303	0.00823	0.00823	0.01646	0.02469	0.03498	0.63443	0.06516	0.08230	0.01783	0.01029	0.00274	0.00412	0.01578	0.00960	0.00823
19	0.01246	0.00935	0.01402	0.01402	0.01558	0.01090	0.01090	0.01558	0.01402	0.02025	0.02336	0.03427	0.02181	0.06542	0.65888	0.01402	0.02336	0.00935	0.00467	0.00779
20	0.01102	0.00812	0.01032	0.01135	0.01262	0.00742	0.00791	0.01331	0.01923	0.02572	0.20465	0.43779	0.15022	0.02411	0.01079	0.00325	0.00472	0.02153	0.00848	0.00742
21	0.02332	0.69869	0.04571	0.01493	0.02239	0.03451	0.01493	0.02612	0.01772	0.02052	0.01213	0.01399	0.01119	0.00746	0.00560	0.00187	0.00933	0.00466	0.00373	0.01119
22	0.03258	0.04157	0.02472	0.02247	0.02697	0.65843	0.01685	0.03483	0.02472	0.02135	0.01348	0.01573	0.01124	0.00899	0.00787	0.00225	0.01573	0.00562	0.00449	0.01011
23	0.01119	0.00792	0.01040	0.01217	0.01275	0.00752	0.00829	0.01275	0.01651	0.02195	0.04536	0.55644	0.05380	0.10942	0.01533	0.00419	0.00575	0.07355	0.00774	0.00695
24	0.01990	0.02066	0.02524	0.10292	0.02739	0.10600	0.01870	0.02245	0.01539	0.02113	0.01330	0.02054	0.01238	0.01818	0.08048	0.00442	0.44990	0.00754	0.00399	0.00948
25	0.03204	0.02336	0.02498	0.01928	0.02593	0.02580	0.01589	0.57097	0.03951	0.05349	0.02144	0.02171	0.01533	0.01045	0.00855	0.00258	0.00923	0.00787	0.05719	0.01439
26	0.01908	0.01908	0.02672	0.02290	0.02290	0.02672	0.01908	0.02099	0.01336	0.02099	0.01145	0.01908	0.01145	0.01527	0.02863	0.00382	0.67748	0.00763	0.00382	0.00954
27	0.02159	0.02073	0.03541	0.05354	0.63903	0.02073	0.02677	0.02677	0.01986	0.02850	0.01641	0.02159	0.01382	0.00777	0.00864	0.00259	0.01036	0.00777	0.00432	0.01382
28	0.01647	0.01550	0.02616	0.67248	0.06008	0.01938	0.02422	0.02229	0.01744	0.02229	0.01550	0.02326	0.01163	0.00872	0.00872	0.00291	0.01163	0.00775	0.00388	0.00969
29	0.01247	0.00929	0.01374	0.01374	0.01520	0.01075	0.01055	0.01540	0.01394	0.02004	0.02362	0.03569	0.02242	0.10446	0.62068	0.01367	0.02244	0.00955	0.00471	0.00763
30	0.01063	0.00759	0.01012	0.01215	0.01265	0.00709	0.00810	0.01215	0.01670	0.02227	0.04808	0.68775	0.05769	0.02733	0.01113	0.00354	0.00506	0.02480	0.00810	0.00709
31	0.03316	0.02443	0.02618	0.02007	0.02705	0.02705	0.01658	0.60995	0.04101	0.05497	0.02094	0.02094	0.01483	0.01047	0.00873	0.00262	0.00960	0.00785	0.00873	0.01483
32	0.01750	0.04512	0.64825	0.02486	0.03775	0.02026	0.03223	0.02762	0.01842	0.02762	0.01565	0.01842	0.01105	0.00829	0.00829	0.00276	0.01289	0.00645	0.00368	0.01289

[dist]
# distance from previous block
# <min> <max>
0	22

[block]
# block no. 2 follows, 20 sequences, length 24
# corresponding to MSA columns:
# 109-132
name=unknown_C
#
# <colnr> <probs for GDERKNQSTAVLIFYWHMCP>
#	G	D	E	R	K	N	Q	S	T	A	V	L	I	F	Y	W	H	M	C	P
0	0.01074	0.00893	0.00944	0.00954	0.01234	0.00763	0.00730	0.01323	0.02027	0.02464	0.12763	0.08355	0.54942	0.02191	0.01044	0.00301	0.00466	0.05962	0.00821	0.00748
1	0.01406	0.01004	0.01406	0.01606	0.01807	0.01004	0.01406	0.01807	0.02008	0.02610	0.04618	0.09839	0.05020	0.02410	0.01205	0.00402	0.00803	0.58032	0.00803	0.00803
2	0.03914	0.01484	0.02024	0.01552	0.02227	0.01282	0.01282	0.04251	0.02497	0.64507	0.03441	0.02969	0.02159	0.01080	0.00877	0.00270	0.00742	0.00877	0.01080	0.01484
3	0.03316	0.02443	0.02618	0.02007	0.02705	0.02705	0.01658	0.60995	0.04101	0.05497	0.02094	0.02094	0.01483	0.01047	0.00873	0.00262	0.00960	0.00785	0.00873	0.01483
4	0.03316	0.02443	0.02618	0.02007	0.02705	0.02705	0.01658	0.60995	0.04101	0.05497	0.02094	0.02094	0.01483	0.01047	0.00873	0.00262	0.00960	0.00785	0.00873	0.01483
5	0.01063	0.00759	0.01012	0.01215	0.01265	0.00709	0.00810	0.01215	0.01670	0.02227	0.04808	0.68775	0.05769	0.02733	0.01113	0.00354	0.00506	0.02480	0.00810	0.00709
6	0.03258	0.04157	0.02472	0.02247	0.02697	0.65843	0.01685	0.03483	0.02472	0.02135	0.01348	0.01573	0.01124	0.00899	0.00787	0.00225	0.01573	0.00562	0.00449	0.01011
7	0.75506	0.01687	0.01282	0.01147	0.01687	0.01957	0.00945	0.02564	0.01484	0.03914	0.01215	0.01417	0.00945	0.00810	0.00540	0.00270	0.00675	0.00472	0.00540	0.00945
8	0.01063	0.00759	0.01012	0.01215	0.01265	0.00709	0.00810	0.01215	0.01670	0.02227	0.04808	0.68775	0.05769	0.02733	0.01113	0.00354	0.00506	0.02480	0.00810	0.00709
9	0.02170	0.01874	0.01972	0.01775	0.02268	0.02170	0.01381	0.04635	0.62327	0.03649	0.03550	0.03254	0.02663	0.01183	0.00888	0.00296	0.00690	0.00986	0.00888	0.01381
10	0.01235	0.00892	0.01166	0.01097	0.01303	0.00823	0.00823	0.01646	0.02469	0.03498	0.63443	0.06516	0.08230	0.01783	0.01029	0.00274	0.00412	0.01578	0.00960	0.00823
11	0.75506	0.01687	0.01282	0.01147	0.01687	0.01957	0.00945	0.02564	0.01484	0.03914	0.01215	0.01417	0.00945	0.00810	0.00540	0.00270	0.00675	0.00472	0.00540	0.00945
12	0.02274	0.63386	0.10548	0.01591	0.02391	0.03310	0.01664	0.02627	0.01779	0.02123	0.01248	0.01443	0.01118	0.00754	0.00586	0.00195	0.00968	0.00484	0.00373	0.01136
13	0.02409	0.01859	0.02075	0.01606	0.02292	0.01808	0.01292	0.18681	0.15888	0.07085	0.02243	0.02269	0.01695	0.00897	0.00773	0.00210	0.00746	0.00713	0.00725	0.34734
14	0.01061	0.00766	0.01005	0.01195	0.01260	0.00710	0.00801	0.01217	0.01688	0.02234	0.05040	0.65294	0.09101	0.02703	0.01109	0.00351	0.00502	0.02443	0.00810	0.00710
15	0.07628	0.01715	0.01953	0.01458	0.02162	0.01544	0.01183	0.11734	0.02175	0.07463	0.01721	0.01908	0.01349	0.00791	0.00791	0.00182	0.03769	0.00592	0.00607	0.49276
16	0.02014	0.34166	0.37486	0.02035	0.03078	0.02673	0.02438	0.02694	0.01810	0.02440	0.01405	0.01641	0.01112	0.00791	0.00707	0.00236	0.01127	0.00564	0.00371	0.01212
17	0.03185	0.04004	0.02438	0.02215	0.02668	0.61555	0.01665	0.03561	0.06502	0.02237	0.01497	0.01686	0.01227	0.00918	0.00793	0.00230	0.01514	0.00590	0.00479	0.01036
18	0.01069	0.00801	0.01011	0.01151	0.01266	0.00743	0.00796	0.01249	0.01724	0.02242	0.05564	0.49891	0.18967	0.02892	0.05869	0.00418	0.00626	0.02217	0.00785	0.00720
19	0.01511	0.01009	0.01393	0.01505	0.01733	0.00984	0.01286	0.01911	0.02124	0.06194	0.15923	0.08818	0.05483	0.02215	0.01153	0.00370	0.00724	0.43970	0.00849	0.00845
20	0.02018	0.33021	0.33533	0.02034	0.02985	0.02702	0.02361	0.02645	0.01772	0.02399	0.01378	0.01652	0.01114	0.00847	0.00868	0.00245	0.06290	0.00576	0.00371	0.01189
21	0.03316	0.02443	0.02618	0.02007	0.02705	0.02705	0.01658	0.60995	0.04101	0.05497	0.02094	0.02094	0.01483	0.01047	0.00873	0.00262	0.00960	0.00785	0.00873	0.01483
22	0.01900	0.01604	0.01858	0.01335	0.02106	0.01256	0.01071	0.05740	0.01947	0.03002	0.01583	0.01826	0.01304	0.00670	0.00660	0.00137	0.00665	0.00533	0.00538	0.70266
23	0.03557	0.01677	0.02105	0.01630	0.02274	0.01600	0.01340	0.18144	0.02893	0.45114	0.07763	0.03027	0.02463	0.01126	0.00888	0.00268	0.00771	0.00909	0.01019	0.01433

[dist]
# distance from previous block
# <min> <max>
5	13

[block]
# block no. 3 follows, 20 sequences, length 18
# corresponding to MSA columns:
# 150-167
name=unknown_D
#
# <colnr> <probs for GDERKNQSTAVLIFYWHMCP>
#	G	D	E	R	K	N	Q	S	T	A	V	L	I	F	Y	W	H	M	C	P
0	0.01368	0.01247	0.07442	0.01334	0.01531	0.00991	0.01057	0.04374	0.01668	0.02252	0.03451	0.32987	0.03916	0.16852	0.02107	0.10501	0.00730	0.04816	0.00650	0.00726
1	0.02052	0.02433	0.08352	0.03418	0.04286	0.02192	0.51461	0.02975	0.08019	0.02877	0.01930	0.02412	0.01443	0.00785	0.01004	0.00293	0.01383	0.01002	0.00481	0.01203
2	0.01451	0.01084	0.01522	0.01462	0.01671	0.01250	0.01147	0.07449	0.01669	0.02369	0.02312	0.03295	0.02112	0.05997	0.59444	0.01289	0.02200	0.00920	0.00507	0.00849
3	0.03316	0.02443	0.02618	0.02007	0.02705	0.02705	0.01658	0.60995	0.04101	0.05497	0.02094	0.02094	0.01483	0.01047	0.00873	0.00262	0.00960	0.00785	0.00873	0.01483
4	0.01809	0.01550	0.01809	0.01292	0.02067	0.01163	0.01034	0.02196	0.01809	0.02842	0.01550	0.01809	0.01292	0.00646	0.00646	0.00129	0.00646	0.00517	0.00517	0.74677
5	0.01406	0.01004	0.01406	0.01606	0.01807	0.01004	0.01406	0.01807	0.02008	0.02610	0.04618	0.09839	0.05020	0.02410	0.01205	0.00402	0.00803	0.58032	0.00803	0.00803
6	0.03316	0.02443	0.02618	0.02007	0.02705	0.02705	0.01658	0.60995	0.04101	0.05497	0.02094	0.02094	0.01483	0.01047	0.00873	0.00262	0.00960	0.00785	0.00873	0.01483
7	0.01750	0.04512	0.64825	0.02486	0.03775	0.02026	0.03223	0.02762	0.01842	0.02762	0.01565	0.01842	0.01105	0.00829	0.00829	0.00276	0.01289	0.00645	0.00368	0.01289
8	0.02332	0.69869	0.04571	0.01493	0.02239	0.03451	0.01493	0.02612	0.01772	0.02052	0.01213	0.01399	0.01119	0.00746	0.00560	0.00187	0.00933	0.00466	0.00373	0.01119
9	0.03141	0.02312	0.02493	0.01945	0.02593	0.02550	0.01592	0.56348	0.03912	0.05243	0.02305	0.07278	0.01817	0.01178	0.00891	0.00269	0.00925	0.00917	0.00868	0.01423
10	0.02332	0.69869	0.04571	0.01493	0.02239	0.03451	0.01493	0.02612	0.01772	0.02052	0.01213	0.01399	0.01119	0.00746	0.00560	0.00187	0.00933	0.00466	0.00373	0.01119
11	0.02332	0.69869	0.04571	0.01493	0.02239	0.03451	0.01493	0.02612	0.01772	0.02052	0.01213	0.01399	0.01119	0.00746	0.00560	0.00187	0.00933	0.00466	0.00373	0.01119
12	0.03055	0.02338	0.02379	0.01884	0.02502	0.06208	0.01534	0.47335	0.08305	0.04931	0.02238	0.02269	0.01629	0.01046	0.00842	0.00256	0.00920	0.00790	0.08157	0.01381
13	0.01647	0.01550	0.02616	0.67248	0.06008	0.01938	0.02422	0.02229	0.01744	0.02229	0.01550	0.02326	0.01163	0.00872	0.00872	0.00291	0.01163	0.00775	0.00388	0.00969
14	0.01341	0.00857	0.01017	0.01017	0.01094	0.00890	0.00665	0.01494	0.01418	0.02099	0.02682	0.04696	0.02760	0.41328	0.16603	0.00825	0.01066	0.01100	0.16406	0.00643
15	0.09176	0.00949	0.01079	0.01064	0.01285	0.01034	0.00821	0.01913	0.01636	0.02869	0.02488	0.03125	0.02081	0.03028	0.24624	0.00651	0.01145	0.00822	0.39393	0.00814
16	0.01750	0.04512	0.64825	0.02486	0.03775	0.02026	0.03223	0.02762	0.01842	0.02762	0.01565	0.01842	0.01105	0.00829	0.00829	0.00276	0.01289	0.00645	0.00368	0.01289
17	0.02653	0.01952	0.01990	0.01644	0.02221	0.08156	0.01304	0.12300	0.19332	0.16606	0.03372	0.03200	0.08651	0.01146	0.00854	0.00254	0.00798	0.00915	0.00821	0.11831

[dist]
# distance from previous block
# <min> <max>
0	1

[block]
# block no. 4 follows, 20 sequences, length 26
# corresponding to MSA columns:
# 169-171,174-188,190-197
name=unknown_E
#
# <colnr> <probs for GDERKNQSTAVLIFYWHMCP>
#	G	D	E	R	K	N	Q	S	T	A	V	L	I	F	Y	W	H	M	C	P
0	0.01828	0.01498	0.01731	0.01393	0.01976	0.01316	0.01081	0.07752	0.08391	0.03044	0.02513	0.16380	0.02417	0.01189	0.00793	0.00208	0.00650	0.01013	0.00652	0.44175
1	0.04939	0.01583	0.01501	0.01417	0.01776	0.08154	0.01100	0.02707	0.20723	0.03020	0.15143	0.05588	0.20573	0.01637	0.00955	0.00293	0.00676	0.06414	0.00809	0.00994
2	0.02815	0.03387	0.02255	0.02059	0.02437	0.48131	0.01554	0.05631	0.02354	0.02306	0.02125	0.09082	0.04900	0.01213	0.00988	0.00255	0.06149	0.00856	0.00521	0.00982
3	0.02328	0.01744	0.01892	0.01649	0.02122	0.01933	0.01278	0.10605	0.40168	0.09725	0.03543	0.03600	0.05488	0.08413	0.01267	0.00347	0.00731	0.01023	0.00863	0.01282
4	0.02075	0.01322	0.01400	0.01184	0.01569	0.01350	0.00927	0.17552	0.02401	0.03732	0.02506	0.02903	0.01979	0.03998	0.00852	0.00239	0.00597	0.00794	0.43834	0.08785
5	0.02971	0.02207	0.02397	0.01868	0.02515	0.02380	0.01523	0.50085	0.03667	0.04953	0.02288	0.08092	0.01853	0.01162	0.00873	0.00258	0.00889	0.00913	0.00834	0.08271
6	0.02780	0.02180	0.02647	0.01989	0.02696	0.02249	0.07725	0.39905	0.03284	0.04494	0.01968	0.02199	0.01490	0.03560	0.00978	0.00259	0.00942	0.00772	0.00737	0.17144
7	0.02178	0.02322	0.04656	0.03375	0.04158	0.02301	0.49175	0.08884	0.02209	0.03017	0.01744	0.02285	0.01324	0.00840	0.01178	0.00299	0.07405	0.00980	0.00481	0.01189
8	0.02333	0.08993	0.02377	0.07056	0.02583	0.01884	0.01374	0.16164	0.05311	0.06711	0.01841	0.02009	0.01421	0.00819	0.00733	0.00195	0.00800	0.00638	0.00622	0.36134
9	0.02207	0.37095	0.28008	0.01937	0.02891	0.02813	0.02189	0.08843	0.02046	0.02695	0.01444	0.01646	0.01152	0.00810	0.00698	0.00230	0.01076	0.00570	0.00424	0.01224
10	0.03316	0.02443	0.02618	0.02007	0.02705	0.02705	0.01658	0.60995	0.04101	0.05497	0.02094	0.02094	0.01483	0.01047	0.00873	0.00262	0.00960	0.00785	0.00873	0.01483
11	0.08545	0.01187	0.01487	0.08884	0.02097	0.01248	0.01154	0.02290	0.09956	0.08107	0.16940	0.23890	0.04590	0.01767	0.00968	0.00309	0.00634	0.04202	0.00802	0.00945
12	0.01843	0.01581	0.01824	0.01337	0.02086	0.01257	0.01066	0.02425	0.07479	0.02918	0.01738	0.01944	0.01420	0.00696	0.00669	0.00145	0.00650	0.00561	0.00552	0.67810
13	0.07553	0.01905	0.01973	0.01748	0.02261	0.02197	0.01371	0.08933	0.53341	0.03814	0.03267	0.03030	0.02446	0.01146	0.00861	0.00291	0.00710	0.00933	0.00861	0.01357
14	0.03316	0.02443	0.02618	0.02007	0.02705	0.02705	0.01658	0.60995	0.04101	0.05497	0.02094	0.02094	0.01483	0.01047	0.00873	0.00262	0.00960	0.00785	0.00873	0.01483
15	0.01809	0.01550	0.01809	0.01292	0.02067	0.01163	0.01034	0.02196	0.01809	0.02842	0.01550	0.01809	0.01292	0.00646	0.00646	0.00129	0.00646	0.00517	0.00517	0.74677
16	0.01235	0.00892	0.01166	0.01097	0.01303	0.00823	0.00823	0.01646	0.02469	0.03498	0.63443	0.06516	0.08230	0.01783	0.01029	0.00274	0.00412	0.01578	0.00960	0.00823
17	0.03316	0.02443	0.02618	0.02007	0.02705	0.02705	0.01658	0.60995	0.04101	0.05497	0.02094	0.02094	0.01483	0.01047	0.00873	0.00262	0.00960	0.00785	0.00873	0.01483
18	0.01809	0.01550	0.01809	0.01292	0.02067	0.01163	0.01034	0.02196	0.01809	0.02842	0.01550	0.01809	0.01292	0.00646	0.00646	0.00129	0.00646	0.00517	0.00517	0.74677
19	0.01335	0.01016	0.01477	0.01441	0.01586	0.01216	0.01131	0.01642	0.01427	0.02120	0.02263	0.03274	0.02089	0.05681	0.55362	0.01221	0.08232	0.00910	0.05780	0.00797
20	0.01647	0.01550	0.02616	0.67248	0.06008	0.01938	0.02422	0.02229	0.01744	0.02229	0.01550	0.02326	0.01163	0.00872	0.00872	0.00291	0.01163	0.00775	0.00388	0.00969
21	0.08221	0.00999	0.01363	0.01351	0.01545	0.01159	0.01054	0.01674	0.01429	0.02259	0.02255	0.03230	0.02067	0.05748	0.56731	0.01240	0.02091	0.00886	0.03901	0.00796
22	0.02026	0.02257	0.04615	0.03379	0.04071	0.02306	0.48093	0.02645	0.01903	0.02645	0.01632	0.02257	0.01285	0.00905	0.01423	0.00313	0.15714	0.00972	0.00428	0.01129
23	0.01722	0.01627	0.02751	0.58209	0.14463	0.01958	0.02460	0.02294	0.01780	0.02319	0.01564	0.02301	0.01195	0.00858	0.00871	0.00286	0.01144	0.00775	0.00394	0.01029
24	0.01932	0.01543	0.01803	0.01313	0.02038	0.01210	0.01041	0.04489	0.01898	0.05673	0.01722	0.02084	0.01441	0.04409	0.00871	0.00180	0.00673	0.00584	0.00557	0.64538
25	0.01258	0.00935	0.01198	0.01251	0.01343	0.00943	0.00874	0.01415	0.01604	0.02189	0.06279	0.35205	0.04513	0.20955	0.02142	0.00481	0.05482	0.06540	0.00691	0.04704

[dist]
# distance from previous block
# <min> <max>
0	1

[block]
# block no. 5 follows, 20 sequences, length 6
# corresponding to MSA columns:
# 199-204
name=unknown_F
#
# <colnr> <probs for GDERKNQSTAVLIFYWHMCP>
#	G	D	E	R	K	N	Q	S	T	A	V	L	I	F	Y	W	H	M	C	P
0	0.20068	0.02586	0.02104	0.01785	0.02331	0.19466	0.01415	0.22716	0.09105	0.03905	0.01878	0.01976	0.01423	0.00964	0.00759	0.00254	0.01002	0.00674	0.04405	0.01184
1	0.62002	0.01649	0.01422	0.01223	0.01789	0.01830	0.01008	0.02882	0.01675	0.15343	0.01635	0.01710	0.01174	0.00861	0.00603	0.00270	0.00687	0.00549	0.00642	0.01046
2	0.01304	0.00907	0.01083	0.01102	0.01187	0.00877	0.00726	0.01407	0.01458	0.01961	0.03167	0.12239	0.03596	0.47969	0.03366	0.00683	0.00793	0.10289	0.00598	0.05285
3	0.03017	0.02003	0.02222	0.01727	0.02369	0.02098	0.01412	0.36742	0.06682	0.14192	0.02406	0.02383	0.01712	0.01014	0.00824	0.00245	0.00822	0.00785	0.08169	0.09174
4	0.02920	0.02187	0.02397	0.01848	0.02517	0.02338	0.01516	0.47171	0.03533	0.04813	0.02027	0.02151	0.01507	0.01405	0.05816	0.00328	0.01016	0.00754	0.00785	0.12971
5	0.21063	0.01799	0.01896	0.01539	0.02136	0.01907	0.01252	0.18088	0.11343	0.18040	0.02411	0.02351	0.01712	0.00990	0.00763	0.00259	0.00747	0.00744	0.05346	0.05615

[dist]
# distance from previous block
# <min> <max>
4	17

[block]
# block no. 6 follows, 20 sequences, length 38
# corresponding to MSA columns:
# 230-267
name=unknown_G
#
# <colnr> <probs for GDERKNQSTAVLIFYWHMCP>
#	G	D	E	R	K	N	Q	S	T	A	V	L	I	F	Y	W	H	M	C	P
0	0.03051	0.02243	0.02280	0.01955	0.02520	0.08092	0.01519	0.13128	0.32466	0.17041	0.03262	0.03149	0.02411	0.01269	0.00975	0.00323	0.00909	0.00958	0.00955	0.01493
1	0.02639	0.01790	0.01895	0.01529	0.02028	0.01947	0.01238	0.37367	0.03191	0.04598	0.02395	0.02558	0.01785	0.01035	0.00767	0.00238	0.00738	0.00796	0.30251	0.01215
2	0.03045	0.02197	0.02404	0.01859	0.02525	0.02347	0.01520	0.48189	0.03626	0.07912	0.02264	0.06113	0.01753	0.01106	0.00863	0.00253	0.00888	0.00862	0.00840	0.09434
3	0.01973	0.02206	0.04696	0.03412	0.04184	0.02113	0.53010	0.02635	0.01991	0.02714	0.01970	0.07513	0.01661	0.00932	0.01131	0.00303	0.04830	0.01129	0.00467	0.01128
4	0.01987	0.01661	0.01903	0.01392	0.02145	0.01377	0.01117	0.08568	0.05061	0.03165	0.01708	0.01911	0.01380	0.00715	0.00682	0.00152	0.00682	0.00569	0.00573	0.63252
5	0.01663	0.01572	0.02620	0.63345	0.05784	0.01982	0.02392	0.02221	0.01720	0.02221	0.01526	0.02301	0.01162	0.00911	0.00992	0.00296	0.05164	0.00774	0.00387	0.00968
6	0.02059	0.02353	0.05147	0.03676	0.04559	0.02206	0.60735	0.02794	0.02059	0.02794	0.01765	0.02353	0.01324	0.00735	0.01029	0.00294	0.01471	0.01029	0.00441	0.01176
7	0.01647	0.01550	0.02616	0.67248	0.06008	0.01938	0.02422	0.02229	0.01744	0.02229	0.01550	0.02326	0.01163	0.00872	0.00872	0.00291	0.01163	0.00775	0.00388	0.00969
8	0.69873	0.01746	0.01386	0.01214	0.01766	0.02015	0.01000	0.07124	0.01689	0.04037	0.01283	0.01470	0.00987	0.00828	0.00566	0.00269	0.00697	0.00497	0.00566	0.00987
9	0.03316	0.02443	0.02618	0.02007	0.02705	0.02705	0.01658	0.60995	0.04101	0.05497	0.02094	0.02094	0.01483	0.01047	0.00873	0.00262	0.00960	0.00785	0.00873	0.01483
10	0.02332	0.69869	0.04571	0.01493	0.02239	0.03451	0.01493	0.02612	0.01772	0.02052	0.01213	0.01399	0.01119	0.00746	0.00560	0.00187	0.00933	0.00466	0.00373	0.01119
11	0.03012	0.02241	0.02391	0.01890	0.02521	0.02491	0.01543	0.47647	0.13748	0.05039	0.02388	0.02365	0.01731	0.01068	0.00858	0.00264	0.00878	0.00821	0.05683	0.01422
12	0.01783	0.08289	0.61343	0.02429	0.03687	0.02108	0.03123	0.02754	0.01838	0.02721	0.01545	0.01816	0.01106	0.00824	0.00813	0.00271	0.01269	0.00634	0.00369	0.01279
13	0.75506	0.01687	0.01282	0.01147	0.01687	0.01957	0.00945	0.02564	0.01484	0.03914	0.01215	0.01417	0.00945	0.00810	0.00540	0.00270	0.00675	0.00472	0.00540	0.00945
14	0.01647	0.01550	0.02616	0.67248	0.06008	0.01938	0.02422	0.02229	0.01744	0.02229	0.01550	0.02326	0.01163	0.00872	0.00872	0.00291	0.01163	0.00775	0.00388	0.00969
15	0.01267	0.00851	0.00977	0.00977	0.00985	0.00859	0.00560	0.01285	0.01276	0.01710	0.02725	0.05580	0.03116	0.65827	0.07881	0.00877	0.00929	0.01250	0.00525	0.00543
16	0.01809	0.01550	0.01809	0.01292	0.02067	0.01163	0.01034	0.02196	0.01809	0.02842	0.01550	0.01809	0.01292	0.00646	0.00646	0.00129	0.00646	0.00517	0.00517	0.74677
17	0.03316	0.02443	0.02618	0.02007	0.02705	0.02705	0.01658	0.60995	0.04101	0.05497	0.02094	0.02094	0.01483	0.01047	0.00873	0.00262	0.00960	0.00785	0.00873	0.01483
18	0.03316	0.02443	0.02618	0.02007	0.02705	0.02705	0.01658	0.60995	0.04101	0.05497	0.02094	0.02094	0.01483	0.01047	0.00873	0.00262	0.00960	0.00785	0.00873	0.01483
19	0.01809	0.01550	0.01809	0.01292	0.02067	0.01163	0.01034	0.02196	0.01809	0.02842	0.01550	0.01809	0.01292	0.00646	0.00646	0.00129	0.00646	0.00517	0.00517	0.74677
20	0.03316	0.02443	0.02618	0.02007	0.02705	0.02705	0.01658	0.60995	0.04101	0.05497	0.02094	0.02094	0.01483	0.01047	0.00873	0.00262	0.00960	0.00785	0.00873	0.01483
21	0.02332	0.69869	0.04571	0.01493	0.02239	0.03451	0.01493	0.02612	0.01772	0.02052	0.01213	0.01399	0.01119	0.00746	0.00560	0.00187	0.00933	0.00466	0.00373	0.01119
22	0.01031	0.00884	0.00884	0.00884	0.01178	0.00736	0.00663	0.01252	0.01988	0.02356	0.08837	0.08395	0.63549	0.02209	0.01031	0.00295	0.00442	0.01841	0.00810	0.00736
23	0.01626	0.00813	0.00813	0.00813	0.01016	0.00813	0.00610	0.02033	0.01829	0.03252	0.02846	0.03252	0.02236	0.01016	0.00610	0.00203	0.00407	0.00813	0.74187	0.00813
24	0.01908	0.01908	0.02672	0.02290	0.02290	0.02672	0.01908	0.02099	0.01336	0.02099	0.01145	0.01908	0.01145	0.01527	0.02863	0.00382	0.67748	0.00763	0.00382	0.00954
25	0.03316	0.02443	0.02618	0.02007	0.02705	0.02705	0.01658	0.60995	0.04101	0.05497	0.02094	0.02094	0.01483	0.01047	0.00873	0.00262	0.00960	0.00785	0.00873	0.01483
26	0.07774	0.01495	0.01984	0.01530	0.02198	0.01318	0.01264	0.04160	0.02442	0.61240	0.03321	0.02885	0.02094	0.01065	0.00859	0.00270	0.00739	0.00855	0.01051	0.01455
27	0.02332	0.69869	0.04571	0.01493	0.02239	0.03451	0.01493	0.02612	0.01772	0.02052	0.01213	0.01399	0.01119	0.00746	0.00560	0.00187	0.00933	0.00466	0.00373	0.01119
28	0.01063	0.00759	0.01012	0.01215	0.01265	0.00709	0.00810	0.01215	0.01670	0.02227	0.04808	0.68775	0.05769	0.02733	0.01113	0.00354	0.00506	0.02480	0.00810	0.00709
29	0.01647	0.01550	0.02616	0.67248	0.06008	0.01938	0.02422	0.02229	0.01744	0.02229	0.01550	0.02326	0.01163	0.00872	0.00872	0.00291	0.01163	0.00775	0.00388	0.00969
30	0.01647	0.01550	0.02616	0.67248	0.06008	0.01938	0.02422	0.02229	0.01744	0.02229	0.01550	0.02326	0.01163	0.00872	0.00872	0.00291	0.01163	0.00775	0.00388	0.00969
31	0.03778	0.01515	0.02020	0.01569	0.02230	0.01351	0.01290	0.04281	0.07166	0.59758	0.03450	0.02991	0.02199	0.01088	0.00878	0.00272	0.00738	0.00886	0.01065	0.01476
32	0.03914	0.01484	0.02024	0.01552	0.02227	0.01282	0.01282	0.04251	0.02497	0.64507	0.03441	0.02969	0.02159	0.01080	0.00877	0.00270	0.00742	0.00877	0.01080	0.01484
33	0.01063	0.00759	0.01012	0.01215	0.01265	0.00709	0.00810	0.01215	0.01670	0.02227	0.04808	0.68775	0.05769	0.02733	0.01113	0.00354	0.00506	0.02480	0.00810	0.00709
34	0.01085	0.00775	0.01038	0.01240	0.01301	0.00728	0.00849	0.01253	0.01692	0.02252	0.04795	0.64911	0.05720	0.02712	0.01119	0.00357	0.00526	0.06123	0.00809	0.00715
35	0.01647	0.01550	0.02616	0.67248	0.06008	0.01938	0.02422	0.02229	0.01744	0.02229	0.01550	0.02326	0.01163	0.00872	0.00872	0.00291	0.01163	0.00775	0.00388	0.00969
36	0.03316	0.02443	0.02618	0.02007	0.02705	0.02705	0.01658	0.60995	0.04101	0.05497	0.02094	0.02094	0.01483	0.01047	0.00873	0.00262	0.00960	0.00785	0.00873	0.01483
37	0.01235	0.00892	0.01166	0.01097	0.01303	0.00823	0.00823	0.01646	0.02469	0.03498	0.63443	0.06516	0.08230	0.01783	0.01029	0.00274	0.00412	0.01578	0.00960	0.00823

[dist]
# distance from previous block
# <min> <max>
0	1

[block]
# block no. 7 follows, 20 sequences, length 22
# corresponding to MSA columns:
# 269-290
name=unknown_H
#
# <colnr> <probs for GDERKNQSTAVLIFYWHMCP>
#	G	D	E	R	K	N	Q	S	T	A	V	L	I	F	Y	W	H	M	C	P
0	0.01374	0.00994	0.01362	0.01546	0.01755	0.00982	0.01344	0.01761	0.02006	0.02589	0.04969	0.09719	0.09890	0.02393	0.01190	0.00393	0.00773	0.53357	0.00804	0.00798
1	0.01647	0.01550	0.02616	0.67248	0.06008	0.01938	0.02422	0.02229	0.01744	0.02229	0.01550	0.02326	0.01163	0.00872	0.00872	0.00291	0.01163	0.00775	0.00388	0.00969
2	0.02672	0.01857	0.02058	0.01755	0.02310	0.02043	0.01392	0.11062	0.42904	0.16779	0.03359	0.03060	0.02420	0.01146	0.00884	0.00286	0.00732	0.00940	0.00927	0.01415
3	0.02049	0.02324	0.04984	0.03585	0.04409	0.02237	0.56855	0.02748	0.02011	0.02748	0.01724	0.02324	0.01312	0.00787	0.01150	0.00300	0.05842	0.01012	0.00437	0.01162
4	0.01934	0.01625	0.01876	0.01351	0.02120	0.01291	0.01086	0.07089	0.02000	0.03063	0.01596	0.01833	0.01308	0.00679	0.00665	0.00140	0.00672	0.00539	0.00546	0.68587
5	0.02242	0.01440	0.01735	0.01393	0.01951	0.01268	0.01086	0.06494	0.06471	0.16594	0.05282	0.11821	0.02615	0.05173	0.01033	0.00260	0.00674	0.01007	0.00751	0.30709
6	0.52276	0.01626	0.01453	0.01254	0.01795	0.01769	0.01015	0.06031	0.01776	0.09477	0.01796	0.07105	0.01512	0.00991	0.00647	0.00264	0.00682	0.00696	0.00630	0.07205
7	0.02206	0.01912	0.01989	0.01519	0.02208	0.06899	0.01208	0.14712	0.02342	0.03309	0.01841	0.05802	0.01583	0.00875	0.00733	0.00179	0.00782	0.00693	0.00604	0.48602
8	0.03011	0.02123	0.02318	0.01780	0.02446	0.02245	0.01461	0.44388	0.03496	0.08844	0.02173	0.02211	0.01565	0.00993	0.00820	0.00240	0.00857	0.00758	0.07000	0.11271
9	0.02558	0.01975	0.02381	0.01852	0.02449	0.02047	0.06171	0.35485	0.03112	0.04243	0.05122	0.08089	0.02236	0.06082	0.01137	0.00295	0.00883	0.00978	0.00759	0.12145
10	0.01353	0.04986	0.01404	0.01240	0.01332	0.01162	0.00882	0.01486	0.01438	0.01943	0.02915	0.14505	0.03260	0.35327	0.13525	0.00760	0.05888	0.05354	0.00560	0.00682
11	0.01805	0.10691	0.59129	0.02392	0.03630	0.02161	0.03059	0.02748	0.01835	0.02695	0.01532	0.01800	0.01106	0.00821	0.00803	0.00268	0.01255	0.00628	0.00369	0.01273
12	0.01326	0.00953	0.01231	0.01365	0.01502	0.00940	0.01009	0.06366	0.01947	0.02584	0.04539	0.50541	0.05248	0.02522	0.01113	0.00357	0.00608	0.14242	0.00814	0.00794
13	0.02394	0.01810	0.02338	0.01757	0.02434	0.01712	0.06204	0.12946	0.04838	0.11357	0.01960	0.02126	0.01487	0.00881	0.00954	0.00214	0.06707	0.00695	0.00651	0.36534
14	0.01469	0.00905	0.01104	0.01077	0.01156	0.00907	0.00683	0.01547	0.01409	0.06867	0.02864	0.08721	0.03099	0.51438	0.12394	0.00848	0.01023	0.01259	0.00581	0.00651
15	0.24535	0.02007	0.01840	0.01542	0.02079	0.07715	0.01241	0.20199	0.07853	0.09197	0.02115	0.02188	0.01559	0.00973	0.00730	0.00256	0.00808	0.00701	0.11285	0.01175
16	0.02777	0.02034	0.02253	0.01739	0.02403	0.02083	0.01412	0.38501	0.03244	0.07307	0.02239	0.07476	0.01814	0.01083	0.00835	0.00236	0.00833	0.00859	0.00786	0.20085
17	0.66002	0.01626	0.01335	0.01204	0.01727	0.01849	0.00997	0.02610	0.01582	0.07397	0.01588	0.02109	0.01307	0.00940	0.00607	0.00279	0.00688	0.04597	0.00590	0.00966
18	0.01985	0.02206	0.04677	0.03368	0.04196	0.02047	0.53111	0.02663	0.02019	0.02766	0.01921	0.06051	0.01571	0.00841	0.01007	0.00286	0.01358	0.01074	0.00467	0.06386
19	0.01792	0.09244	0.60462	0.02414	0.03664	0.02129	0.03098	0.02752	0.01837	0.02711	0.01540	0.01810	0.01106	0.00823	0.00809	0.00270	0.01263	0.00632	0.00369	0.01277
20	0.02416	0.01854	0.02008	0.01501	0.02230	0.05688	0.01207	0.11781	0.02302	0.11272	0.01870	0.01990	0.01424	0.00782	0.00721	0.00175	0.00769	0.00609	0.00642	0.48759
21	0.13288	0.01499	0.01493	0.01309	0.01688	0.05370	0.01025	0.12354	0.02514	0.05487	0.28327	0.04427	0.09142	0.01400	0.00873	0.00264	0.00632	0.01143	0.06785	0.00981

[dist]
# distance from previous block
# <min> <max>
0	1

[block]
# block no. 8 follows, 20 sequences, length 6
# corresponding to MSA columns:
# 292-297
name=unknown_I
#
# <colnr> <probs for GDERKNQSTAVLIFYWHMCP>
#	G	D	E	R	K	N	Q	S	T	A	V	L	I	F	Y	W	H	M	C	P
0	0.02998	0.03456	0.02533	0.02220	0.02617	0.43911	0.01726	0.11739	0.02488	0.02627	0.01419	0.01717	0.01181	0.01046	0.01212	0.00261	0.14647	0.00635	0.00499	0.01070
1	0.01165	0.00919	0.01070	0.01118	0.01374	0.00824	0.00896	0.01463	0.02058	0.02581	0.14934	0.08555	0.39462	0.02209	0.01080	0.00322	0.00541	0.17830	0.00828	0.00767
2	0.11670	0.10830	0.50156	0.02205	0.03339	0.02163	0.02741	0.02720	0.01787	0.02844	0.01482	0.01740	0.01085	0.00818	0.00763	0.00266	0.01170	0.00603	0.00392	0.01226
3	0.07569	0.01458	0.01676	0.01423	0.01894	0.01470	0.01122	0.06348	0.17665	0.14128	0.23459	0.03966	0.04137	0.01279	0.00883	0.00263	0.00614	0.01071	0.00881	0.08692
4	0.01848	0.12583	0.52362	0.02458	0.03645	0.02220	0.07688	0.02746	0.01851	0.02675	0.01537	0.01827	0.01125	0.00811	0.00811	0.00266	0.01259	0.00653	0.00375	0.01259
5	0.01995	0.32094	0.39397	0.02067	0.03127	0.02627	0.02493	0.02699	0.01812	0.02463	0.01417	0.01655	0.01111	0.00794	0.00715	0.00238	0.01139	0.00569	0.00370	0.01218

[dist]
# distance from previous block
# <min> <max>
6	12

[block]
# block no. 9 follows, 20 sequences, length 14
# corresponding to MSA columns:
# 311-324
name=unknown_J
#
# <colnr> <probs for GDERKNQSTAVLIFYWHMCP>
#	G	D	E	R	K	N	Q	S	T	A	V	L	I	F	Y	W	H	M	C	P
0	0.01868	0.17808	0.52567	0.02284	0.03463	0.02316	0.02871	0.02732	0.01828	0.02618	0.01494	0.01752	0.01108	0.00812	0.00774	0.00258	0.01217	0.00608	0.00369	0.01255
1	0.01733	0.01947	0.08996	0.50721	0.10795	0.01978	0.06833	0.02363	0.01798	0.02378	0.01576	0.02265	0.01188	0.00849	0.00879	0.00287	0.01187	0.00781	0.00394	0.01052
2	0.01917	0.26582	0.40383	0.02062	0.03100	0.02439	0.02486	0.02643	0.01856	0.02565	0.05227	0.01976	0.01545	0.00859	0.00749	0.00246	0.01114	0.00641	0.00406	0.01203
3	0.01507	0.01353	0.01541	0.01512	0.01705	0.09488	0.01168	0.01807	0.01541	0.02039	0.02208	0.03186	0.02044	0.05810	0.57445	0.01249	0.02237	0.00886	0.00465	0.00809
4	0.01983	0.02344	0.09878	0.05444	0.13943	0.02241	0.25585	0.02547	0.01815	0.02601	0.01546	0.02131	0.01259	0.00961	0.01446	0.00303	0.18822	0.00851	0.00418	0.03882
5	0.01047	0.00870	0.00916	0.00936	0.01196	0.00739	0.00690	0.01272	0.01981	0.02413	0.11783	0.15327	0.53342	0.02244	0.01040	0.00300	0.00447	0.01899	0.00819	0.00739
6	0.04597	0.07623	0.42075	0.02071	0.03076	0.01856	0.02461	0.02803	0.01995	0.11208	0.09810	0.02558	0.02167	0.00981	0.00834	0.00269	0.01057	0.00780	0.00548	0.01232
7	0.01828	0.07829	0.52652	0.02607	0.03806	0.02132	0.11628	0.02759	0.01870	0.02728	0.01575	0.01893	0.01138	0.00810	0.00843	0.00274	0.01296	0.00692	0.00379	0.01263
8	0.11394	0.01159	0.01255	0.01108	0.01436	0.01213	0.03583	0.07930	0.02019	0.03537	0.02509	0.02858	0.01952	0.00979	0.00646	0.00222	0.00546	0.00776	0.53966	0.00913
9	0.02851	0.02097	0.02249	0.01766	0.02387	0.02271	0.01440	0.42618	0.09324	0.04790	0.02287	0.02333	0.01680	0.01021	0.00820	0.00246	0.00834	0.00785	0.10351	0.07851
10	0.02898	0.02170	0.02364	0.01829	0.02492	0.02300	0.01491	0.46777	0.03539	0.04813	0.02204	0.06975	0.01768	0.01105	0.00853	0.00247	0.00874	0.00866	0.00809	0.13625
11	0.01538	0.01158	0.01423	0.01475	0.01719	0.01191	0.01170	0.07180	0.09936	0.02910	0.07295	0.25516	0.08784	0.02184	0.01087	0.00348	0.00672	0.22677	0.00830	0.00906
12	0.41156	0.01832	0.01783	0.06892	0.02317	0.02080	0.01271	0.19983	0.02378	0.04212	0.07002	0.02146	0.01768	0.00972	0.00710	0.00270	0.00778	0.00689	0.00664	0.01098
13	0.01978	0.01206	0.01453	0.01298	0.01674	0.01153	0.01013	0.05252	0.09540	0.16539	0.22065	0.09503	0.18282	0.01702	0.00984	0.00290	0.00570	0.03537	0.00924	0.01038

[dist]
# distance from previous block
# <min> <max>
6	9

[block]
# block no. 10 follows, 20 sequences, length 16
# corresponding to MSA columns:
# 335-350
name=unknown_K
#
# <colnr> <probs for GDERKNQSTAVLIFYWHMCP>
#	G	D	E	R	K	N	Q	S	T	A	V	L	I	F	Y	W	H	M	C	P
0	0.08702	0.16493	0.38586	0.02274	0.03308	0.05701	0.08035	0.02757	0.01850	0.02702	0.01473	0.01753	0.01115	0.00806	0.00768	0.00258	0.01197	0.00627	0.00396	0.01200
1	0.02285	0.09650	0.03511	0.07291	0.47588	0.02291	0.02419	0.09200	0.02189	0.03031	0.01640	0.02074	0.01354	0.00808	0.00831	0.00253	0.01022	0.00743	0.00473	0.01346
2	0.02934	0.02173	0.02373	0.01824	0.02518	0.02289	0.01492	0.41768	0.08891	0.07216	0.02174	0.02179	0.01580	0.00981	0.00829	0.00239	0.00864	0.00754	0.00811	0.16111
3	0.01626	0.00813	0.00813	0.00813	0.01016	0.00813	0.00610	0.02033	0.01829	0.03252	0.02846	0.03252	0.02236	0.01016	0.00610	0.00203	0.00407	0.00813	0.74187	0.00813
4	0.07832	0.01651	0.02594	0.53036	0.10972	0.01987	0.02291	0.04948	0.01852	0.02573	0.01556	0.02225	0.01180	0.00866	0.00844	0.00285	0.01102	0.00751	0.00426	0.01029
5	0.01710	0.07639	0.01676	0.01312	0.01674	0.01349	0.01062	0.02422	0.12635	0.08240	0.24790	0.05918	0.16083	0.01677	0.00969	0.00288	0.00590	0.08128	0.00855	0.00985
6	0.01346	0.00971	0.01222	0.01328	0.01463	0.00959	0.00941	0.08304	0.01975	0.02633	0.04478	0.57866	0.05225	0.02517	0.01090	0.00346	0.00575	0.05140	0.00817	0.00805
7	0.03019	0.09337	0.02562	0.02060	0.02544	0.47773	0.01595	0.09972	0.02602	0.02632	0.06520	0.02025	0.01748	0.00976	0.00797	0.00230	0.01351	0.00663	0.00534	0.01060
8	0.01589	0.01178	0.01611	0.07801	0.02245	0.01233	0.01477	0.07235	0.02212	0.02911	0.08926	0.08150	0.04597	0.02089	0.01129	0.00368	0.00819	0.42767	0.00783	0.00883
9	0.10044	0.20049	0.10574	0.02093	0.06972	0.16662	0.01766	0.10798	0.04945	0.03009	0.04289	0.01952	0.01551	0.00905	0.00741	0.00239	0.01070	0.00648	0.00527	0.01165
10	0.01716	0.01346	0.04181	0.06152	0.02097	0.01163	0.01212	0.04655	0.03644	0.08406	0.09485	0.20241	0.09197	0.01672	0.00947	0.00280	0.00674	0.06734	0.00746	0.15454
11	0.08846	0.07072	0.06276	0.04556	0.50938	0.02160	0.02458	0.02666	0.01918	0.02885	0.01567	0.02021	0.01310	0.00780	0.00810	0.00256	0.01008	0.00721	0.00434	0.01318
12	0.44060	0.08547	0.11296	0.10297	0.05924	0.02112	0.01620	0.02560	0.01625	0.03289	0.01333	0.01637	0.01037	0.00813	0.00645	0.00265	0.00874	0.00553	0.00473	0.01039
13	0.02533	0.36893	0.06091	0.01697	0.02373	0.11564	0.01554	0.15469	0.02404	0.02880	0.02136	0.02233	0.06897	0.00971	0.00714	0.00222	0.00997	0.00683	0.00533	0.01157
14	0.08561	0.06538	0.40610	0.02501	0.03510	0.02173	0.12422	0.02681	0.01795	0.02779	0.01512	0.01875	0.01131	0.00873	0.01014	0.00285	0.07447	0.00696	0.00398	0.01200
15	0.03052	0.10769	0.02733	0.01858	0.02536	0.02587	0.01558	0.46194	0.03538	0.07183	0.02135	0.04998	0.01647	0.01068	0.00834	0.00251	0.00914	0.00813	0.00800	0.04531

[dist]
# distance from previous block
# <min> <max>
0	3

# created by:
# /st0/software/busco_prod/Augustus/scripts/msa2prfl.pl ./align_prep/138554.fa
