[name]
unknown

[dist]
# distance from previous block
# <min> <max>
0	5

[block]
# block no. 0 follows, 30 sequences, length 7
# corresponding to MSA columns:
# 5-11
name=unknown_A
#
# <colnr> <probs for GDERKNQSTAVLIFYWHMCP>
#	G	D	E	R	K	N	Q	S	T	A	V	L	I	F	Y	W	H	M	C	P
0	0.01906	0.01573	0.04890	0.04170	0.11828	0.05644	0.01315	0.20985	0.02132	0.09353	0.06037	0.05221	0.09390	0.01085	0.00746	0.00226	0.00707	0.09093	0.00594	0.03106
1	0.01192	0.01137	0.07071	0.01102	0.01450	0.00901	0.04278	0.01643	0.08835	0.06226	0.06725	0.16106	0.33390	0.01462	0.00785	0.00233	0.00504	0.01259	0.00614	0.05086
2	0.01641	0.01818	0.09372	0.13524	0.14178	0.01663	0.25791	0.08229	0.01698	0.02345	0.01445	0.02008	0.01159	0.00718	0.00803	0.00225	0.03909	0.03440	0.00386	0.05647
3	0.01799	0.01532	0.01503	0.01245	0.01703	0.09425	0.00978	0.09070	0.20117	0.07469	0.02717	0.02652	0.12331	0.00908	0.00661	0.00187	0.00616	0.00727	0.00584	0.23774
4	0.00862	0.00624	0.00794	0.00924	0.00983	0.00579	0.00616	0.00979	0.01336	0.01756	0.04059	0.61452	0.11720	0.08440	0.01112	0.00312	0.00423	0.01844	0.00628	0.00557
5	0.01447	0.01240	0.01447	0.01034	0.01654	0.00930	0.00827	0.01757	0.01447	0.02274	0.01240	0.01447	0.01034	0.00517	0.00517	0.00103	0.00517	0.00413	0.00413	0.79742
6	0.01504	0.01294	0.01727	0.05907	0.02015	0.01127	0.07354	0.08396	0.01632	0.02390	0.01624	0.10681	0.01490	0.00775	0.00622	0.00157	0.00617	0.00682	0.00459	0.49548

[dist]
# distance from previous block
# <min> <max>
0	3

[block]
# block no. 1 follows, 30 sequences, length 19
# corresponding to MSA columns:
# 15-33
name=unknown_B
#
# <colnr> <probs for GDERKNQSTAVLIFYWHMCP>
#	G	D	E	R	K	N	Q	S	T	A	V	L	I	F	Y	W	H	M	C	P
0	0.00866	0.00628	0.00791	0.00915	0.00975	0.00582	0.00608	0.00980	0.01332	0.01746	0.04067	0.58488	0.12721	0.10384	0.01182	0.00322	0.00429	0.01810	0.00622	0.00553
1	0.02602	0.01925	0.02067	0.01582	0.02143	0.02112	0.01305	0.65976	0.03204	0.04309	0.01657	0.01666	0.01180	0.00824	0.00690	0.00205	0.00757	0.00619	0.00686	0.04491
2	0.02019	0.01401	0.01666	0.04180	0.01911	0.01392	0.01080	0.14834	0.13200	0.15875	0.04567	0.02024	0.01581	0.00795	0.00736	0.00187	0.04704	0.00622	0.00604	0.26621
3	0.02562	0.01812	0.02005	0.01566	0.02076	0.02009	0.01289	0.52709	0.08423	0.11142	0.01838	0.01815	0.01304	0.00872	0.00794	0.00218	0.05072	0.00648	0.00693	0.01155
4	0.01704	0.00947	0.01201	0.01041	0.01348	0.00892	0.00814	0.02203	0.10032	0.23181	0.39118	0.04140	0.08030	0.01221	0.00774	0.00221	0.00436	0.01051	0.00783	0.00865
5	0.01046	0.00771	0.00919	0.00933	0.01075	0.00739	0.00660	0.06860	0.01643	0.02180	0.17472	0.33854	0.17076	0.10089	0.01148	0.00299	0.00442	0.01517	0.00651	0.00626
6	0.02539	0.01823	0.01989	0.01550	0.02074	0.02009	0.01274	0.58454	0.06063	0.07703	0.01796	0.01817	0.01290	0.01104	0.04955	0.00265	0.00814	0.00646	0.00688	0.01150
7	0.01068	0.00696	0.00804	0.00798	0.00835	0.00688	0.00476	0.01102	0.01094	0.03729	0.02516	0.06989	0.06140	0.63443	0.06301	0.00644	0.00700	0.01051	0.00455	0.00471
8	0.00850	0.00607	0.00810	0.00972	0.01012	0.00567	0.00648	0.00972	0.01336	0.01781	0.03846	0.75020	0.04615	0.02186	0.00891	0.00283	0.00405	0.01984	0.00648	0.00567
9	0.02312	0.32209	0.02646	0.01557	0.02012	0.44848	0.01287	0.02509	0.01755	0.01682	0.01035	0.01203	0.00898	0.00671	0.00557	0.00168	0.01055	0.00419	0.00335	0.00843
10	0.07687	0.19089	0.05429	0.01506	0.04476	0.01906	0.01276	0.09991	0.10760	0.17781	0.01710	0.01755	0.01276	0.00827	0.00852	0.00215	0.11343	0.00580	0.00535	0.01005
11	0.01674	0.01864	0.07974	0.17476	0.36373	0.07438	0.06465	0.02152	0.03512	0.02109	0.01302	0.01720	0.01052	0.00691	0.00789	0.00220	0.05251	0.00617	0.00344	0.00978
12	0.00905	0.00635	0.00789	0.00890	0.00924	0.00605	0.00567	0.00988	0.01237	0.01640	0.03411	0.48344	0.06501	0.27137	0.01795	0.00415	0.00495	0.01634	0.00571	0.00519
13	0.10194	0.01639	0.01861	0.19727	0.05869	0.11331	0.01424	0.06021	0.07083	0.02222	0.04410	0.01840	0.01308	0.01008	0.03406	0.00262	0.16159	0.00610	0.00412	0.03213
14	0.01949	0.08085	0.09575	0.04252	0.02134	0.11592	0.01355	0.08920	0.36317	0.05347	0.02104	0.02054	0.01579	0.00833	0.00670	0.00217	0.00753	0.00654	0.00572	0.01037
15	0.01948	0.05675	0.04655	0.11078	0.32135	0.07765	0.04942	0.06166	0.04024	0.09969	0.01498	0.01758	0.01153	0.00684	0.00675	0.00205	0.00846	0.00608	0.00431	0.03784
16	0.06882	0.02300	0.30637	0.01746	0.02344	0.01617	0.07088	0.02276	0.09181	0.06133	0.03841	0.01859	0.01325	0.00836	0.00963	0.00236	0.14362	0.00622	0.04811	0.00939
17	0.01919	0.50482	0.02908	0.01228	0.01733	0.07575	0.01131	0.02210	0.03816	0.08438	0.05178	0.01660	0.01403	0.01066	0.06384	0.00244	0.00832	0.00504	0.00403	0.00889
18	0.00941	0.00739	0.01065	0.01129	0.01196	0.00748	0.03744	0.01085	0.01328	0.01793	0.03500	0.65795	0.04157	0.02037	0.01001	0.00283	0.06432	0.01821	0.00607	0.00599

[dist]
# distance from previous block
# <min> <max>
0	2

[block]
# block no. 2 follows, 30 sequences, length 59
# corresponding to MSA columns:
# 36-94
name=unknown_C
#
# <colnr> <probs for GDERKNQSTAVLIFYWHMCP>
#	G	D	E	R	K	N	Q	S	T	A	V	L	I	F	Y	W	H	M	C	P
0	0.02212	0.08659	0.14261	0.01676	0.04795	0.06192	0.04581	0.17806	0.09046	0.17686	0.02054	0.02034	0.04218	0.00814	0.00678	0.00211	0.00787	0.00651	0.00576	0.01062
1	0.03483	0.10519	0.12187	0.10576	0.02945	0.01741	0.25675	0.05183	0.05983	0.06485	0.01625	0.06016	0.01312	0.00770	0.00748	0.00225	0.02432	0.00740	0.00421	0.00935
2	0.02995	0.01406	0.01755	0.01345	0.01890	0.01350	0.01111	0.22029	0.02363	0.52461	0.02446	0.02176	0.01573	0.00856	0.00701	0.00214	0.00643	0.00681	0.00817	0.01187
3	0.01796	0.01413	0.01597	0.01212	0.01781	0.01294	0.00974	0.14757	0.12592	0.05923	0.01643	0.01714	0.01267	0.00661	0.00590	0.00149	0.00573	0.00526	0.00534	0.49005
4	0.16941	0.01776	0.01700	0.11009	0.02177	0.15139	0.01230	0.12116	0.08689	0.07001	0.04225	0.01809	0.01349	0.00836	0.00802	0.00220	0.08534	0.00590	0.02967	0.00888
5	0.00866	0.00618	0.00801	0.00940	0.00984	0.00579	0.00621	0.00977	0.01314	0.01743	0.03810	0.65269	0.07050	0.09479	0.01153	0.00321	0.00430	0.01867	0.00625	0.00553
6	0.01176	0.00737	0.00974	0.00938	0.01112	0.00674	0.00694	0.01449	0.01823	0.09662	0.47550	0.21798	0.05606	0.01552	0.00827	0.00235	0.00375	0.01379	0.00749	0.00691
7	0.02392	0.01660	0.01825	0.01457	0.01944	0.01798	0.01182	0.44707	0.12078	0.12081	0.02342	0.06612	0.04724	0.00980	0.00718	0.00220	0.00676	0.00780	0.00714	0.01111
8	0.01462	0.13310	0.62708	0.01882	0.02855	0.01774	0.02393	0.02194	0.01466	0.02134	0.01214	0.01426	0.00886	0.00654	0.00634	0.00211	0.00993	0.00497	0.00295	0.01013
9	0.00857	0.00610	0.00808	0.00963	0.01002	0.00571	0.00639	0.00973	0.01323	0.01764	0.03780	0.72210	0.04532	0.05110	0.00997	0.00299	0.00416	0.01945	0.00639	0.00561
10	0.01478	0.06656	0.15709	0.17978	0.03350	0.01696	0.27903	0.01992	0.01482	0.02021	0.01454	0.06936	0.01231	0.00786	0.00853	0.00235	0.06253	0.00761	0.00347	0.00879
11	0.01959	0.01731	0.01683	0.01544	0.04732	0.10982	0.01153	0.14312	0.37608	0.04927	0.02645	0.02591	0.06948	0.03054	0.00785	0.00235	0.00683	0.00765	0.00638	0.01024
12	0.01598	0.05513	0.13181	0.05599	0.03352	0.01817	0.47244	0.02154	0.01548	0.02133	0.01315	0.01756	0.01008	0.00663	0.00916	0.00236	0.07971	0.00732	0.00336	0.00928
13	0.01324	0.00712	0.00719	0.00697	0.00883	0.00713	0.00528	0.04550	0.01554	0.02626	0.02618	0.02877	0.07064	0.00887	0.00523	0.00170	0.00347	0.00713	0.69827	0.00669
14	0.07165	0.10249	0.02102	0.05707	0.02051	0.06294	0.01312	0.22704	0.01976	0.08084	0.01514	0.03721	0.01264	0.00956	0.01060	0.00233	0.19064	0.03105	0.00503	0.00936
15	0.06515	0.28134	0.24926	0.01426	0.02065	0.01862	0.01545	0.02124	0.01530	0.08323	0.10296	0.01898	0.01699	0.00782	0.00671	0.00199	0.04092	0.00575	0.00417	0.00920
16	0.00850	0.00607	0.00810	0.00972	0.01012	0.00567	0.00648	0.00972	0.01336	0.01781	0.03846	0.75020	0.04615	0.02186	0.00891	0.00283	0.00405	0.01984	0.00648	0.00567
17	0.01828	0.57774	0.12945	0.01338	0.01980	0.02510	0.01387	0.05208	0.05868	0.01926	0.01160	0.01288	0.00986	0.00639	0.00506	0.00168	0.00775	0.00431	0.00342	0.00941
18	0.01518	0.01566	0.02994	0.26727	0.10453	0.01686	0.30165	0.01972	0.01471	0.01995	0.01284	0.01828	0.01009	0.00754	0.00987	0.02718	0.08974	0.00705	0.00331	0.00862
19	0.02342	0.01831	0.01868	0.07081	0.02191	0.12561	0.01281	0.21719	0.18413	0.15685	0.01979	0.01967	0.01430	0.00864	0.00792	0.00220	0.05448	0.00651	0.00625	0.01051
20	0.00870	0.00631	0.00844	0.00988	0.01032	0.00605	0.00668	0.00998	0.01350	0.01811	0.05874	0.71175	0.04593	0.02141	0.00920	0.00282	0.02069	0.01930	0.00644	0.00574
21	0.01868	0.06569	0.01564	0.01174	0.01569	0.01366	0.00952	0.20888	0.08131	0.13236	0.15048	0.05401	0.16988	0.01166	0.00735	0.00218	0.00549	0.00958	0.00696	0.00926
22	0.11329	0.37118	0.15116	0.01501	0.02102	0.06743	0.05328	0.04661	0.01495	0.02068	0.01075	0.01287	0.00899	0.00676	0.00658	0.00190	0.06060	0.00456	0.00337	0.00901
23	0.00857	0.00617	0.00813	0.00955	0.01011	0.00573	0.00644	0.00993	0.01383	0.01845	0.07853	0.68205	0.07416	0.02125	0.00884	0.00278	0.00398	0.01921	0.00655	0.00573
24	0.02390	0.02906	0.01919	0.05907	0.02255	0.56961	0.01343	0.02879	0.13037	0.01910	0.01376	0.01513	0.01102	0.00755	0.00646	0.00192	0.01124	0.00515	0.00414	0.00855
25	0.01619	0.01488	0.05158	0.40416	0.03577	0.01645	0.04801	0.10251	0.09729	0.05029	0.01612	0.04191	0.01253	0.00823	0.00807	0.00235	0.05345	0.00691	0.00438	0.00892
26	0.01678	0.01767	0.05524	0.25486	0.05446	0.08176	0.17301	0.08732	0.09463	0.02307	0.01849	0.02153	0.05409	0.00778	0.00728	0.00225	0.00925	0.00720	0.00429	0.00905
27	0.00856	0.00617	0.00801	0.00946	0.00997	0.00573	0.00630	0.00975	0.01338	0.01769	0.03979	0.67576	0.08741	0.05378	0.01003	0.00298	0.00414	0.01909	0.00638	0.00562
28	0.20378	0.07044	0.31187	0.16353	0.08096	0.01669	0.01891	0.02073	0.01394	0.02314	0.01169	0.01467	0.00880	0.00659	0.00603	0.00216	0.00859	0.00503	0.00335	0.00911
29	0.02394	0.03951	0.03571	0.01466	0.01919	0.10771	0.01206	0.27956	0.05537	0.18338	0.05967	0.06688	0.01817	0.00960	0.00774	0.00216	0.04041	0.00741	0.00653	0.01033
30	0.15607	0.01452	0.01694	0.05940	0.05063	0.04390	0.04126	0.16638	0.07706	0.02701	0.01913	0.02197	0.05690	0.01759	0.15465	0.00408	0.05212	0.00676	0.00491	0.00871
31	0.00849	0.00610	0.00807	0.00964	0.01010	0.00567	0.00644	0.00973	0.01343	0.01784	0.03940	0.73036	0.06539	0.02174	0.00889	0.00282	0.00403	0.01969	0.00648	0.00567
32	0.01691	0.02626	0.01210	0.01056	0.01336	0.00922	0.00801	0.06503	0.04739	0.21736	0.06428	0.26091	0.14333	0.06023	0.00956	0.00268	0.00502	0.01266	0.00698	0.00814
33	0.02621	0.01706	0.01763	0.04612	0.02012	0.12646	0.01165	0.20470	0.05030	0.31513	0.05209	0.02197	0.01680	0.03191	0.00784	0.00225	0.00749	0.00678	0.00691	0.01058
34	0.01094	0.00898	0.01386	0.01294	0.01429	0.01074	0.04000	0.01346	0.01138	0.01655	0.01727	0.02548	0.01608	0.04512	0.60487	0.00977	0.11073	0.00734	0.00364	0.00655
35	0.02988	0.04288	0.01792	0.01310	0.01856	0.01315	0.01091	0.16022	0.02223	0.55817	0.02474	0.02190	0.01590	0.00848	0.00691	0.00212	0.00634	0.00675	0.00809	0.01176
36	0.02519	0.01828	0.01972	0.01538	0.02058	0.02016	0.01256	0.57335	0.09233	0.06861	0.01848	0.01910	0.01352	0.03982	0.00819	0.00232	0.00737	0.00662	0.00694	0.01147
37	0.01224	0.00940	0.01165	0.03910	0.01227	0.01079	0.00761	0.05498	0.01215	0.01674	0.03945	0.03694	0.02193	0.50281	0.04503	0.00557	0.14251	0.00902	0.00424	0.00560
38	0.02611	0.01934	0.02071	0.01597	0.02148	0.02145	0.01316	0.65841	0.06304	0.04331	0.01728	0.01718	0.01230	0.00843	0.00699	0.00211	0.00758	0.00636	0.00699	0.01183
39	0.09800	0.47181	0.05685	0.01340	0.01867	0.11338	0.01254	0.06243	0.01560	0.01992	0.01035	0.01212	0.00901	0.00675	0.00610	0.00176	0.05480	0.00420	0.00344	0.00885
40	0.04710	0.01591	0.09331	0.50491	0.06934	0.01594	0.11686	0.01917	0.01439	0.01968	0.01258	0.01789	0.00944	0.00673	0.00701	0.00230	0.00956	0.00629	0.00321	0.00837
41	0.01097	0.00836	0.00938	0.00903	0.01116	0.00806	0.00664	0.01572	0.12372	0.04291	0.20174	0.11310	0.30406	0.09078	0.01086	0.00281	0.00424	0.01291	0.00669	0.00685
42	0.33179	0.04522	0.01682	0.01368	0.01658	0.03891	0.01134	0.05158	0.05695	0.06748	0.01215	0.01473	0.00990	0.00896	0.01156	0.00246	0.27200	0.00521	0.00435	0.00834
43	0.32677	0.11589	0.01727	0.04120	0.01754	0.01706	0.01026	0.10793	0.05835	0.13693	0.01599	0.04979	0.01261	0.00814	0.00634	0.00215	0.03554	0.00579	0.00533	0.00911
44	0.01161	0.00788	0.01015	0.01055	0.01153	0.00798	0.00742	0.05111	0.01456	0.06353	0.04824	0.52879	0.03839	0.09409	0.01223	0.00315	0.04989	0.01624	0.00623	0.00642
45	0.00949	0.00651	0.00787	0.00848	0.00871	0.00633	0.00520	0.01009	0.01178	0.01577	0.05449	0.32325	0.03509	0.43816	0.02401	0.00504	0.00556	0.01406	0.00524	0.00488
46	0.18868	0.05409	0.01942	0.11111	0.08076	0.04567	0.05526	0.15285	0.09121	0.02834	0.06314	0.02050	0.02840	0.02337	0.00703	0.00225	0.00727	0.00649	0.00503	0.00914
47	0.11968	0.32128	0.06522	0.01374	0.01820	0.10463	0.01253	0.06123	0.01521	0.02063	0.01364	0.03701	0.03800	0.00829	0.00812	0.00201	0.12298	0.00536	0.00373	0.00850
48	0.00989	0.00752	0.00861	0.00822	0.01041	0.00674	0.00620	0.01302	0.04358	0.04131	0.34218	0.05800	0.38768	0.01566	0.00816	0.00228	0.00357	0.01336	0.00708	0.00654
49	0.02252	0.08745	0.02136	0.01838	0.06272	0.40724	0.01367	0.06403	0.11638	0.02059	0.01353	0.01521	0.01106	0.00797	0.00813	0.00202	0.08933	0.00530	0.00417	0.00893
50	0.05946	0.04985	0.03930	0.05913	0.01991	0.01433	0.01153	0.20336	0.02174	0.31269	0.05490	0.05392	0.04988	0.00941	0.00694	0.00216	0.00649	0.00756	0.00696	0.01045
51	0.01743	0.01793	0.03045	0.07143	0.47939	0.06033	0.17624	0.02186	0.01617	0.02211	0.01318	0.01741	0.01073	0.00624	0.00718	0.00213	0.00941	0.00658	0.00346	0.01033
52	0.00860	0.00611	0.00807	0.00959	0.00998	0.00573	0.00635	0.00974	0.01317	0.01757	0.03751	0.70939	0.04495	0.06432	0.01045	0.00306	0.00421	0.01928	0.00635	0.00558
53	0.14344	0.01552	0.04770	0.01431	0.01884	0.03214	0.05409	0.06939	0.27380	0.13774	0.02413	0.02524	0.04477	0.00924	0.00728	0.00232	0.02729	0.03656	0.00624	0.00996
54	0.06259	0.45482	0.08928	0.04362	0.02052	0.03694	0.01325	0.10331	0.01698	0.08299	0.01251	0.01363	0.00997	0.00665	0.00532	0.00176	0.00767	0.00458	0.00406	0.00954
55	0.00858	0.00611	0.00807	0.00962	0.01000	0.00572	0.00637	0.00974	0.01321	0.01761	0.03769	0.71733	0.04518	0.05605	0.01015	0.00302	0.00418	0.01939	0.00637	0.00560
56	0.17519	0.07315	0.02348	0.01856	0.06522	0.04793	0.14336	0.13853	0.01751	0.05773	0.01447	0.05811	0.01221	0.00849	0.00890	0.00228	0.11450	0.00669	0.00459	0.00913
57	0.02404	0.01761	0.01933	0.01510	0.01997	0.01933	0.01230	0.54669	0.02867	0.05821	0.01765	0.04725	0.01388	0.04745	0.00915	0.00236	0.03981	0.00693	0.00656	0.04769
58	0.02229	0.01503	0.01625	0.01361	0.01773	0.05982	0.01080	0.24595	0.11886	0.19155	0.02551	0.11655	0.04548	0.01330	0.05142	0.00279	0.00733	0.00871	0.00689	0.01014

[dist]
# distance from previous block
# <min> <max>
12	26

[block]
# block no. 3 follows, 30 sequences, length 44
# corresponding to MSA columns:
# 121-164
name=unknown_D
#
# <colnr> <probs for GDERKNQSTAVLIFYWHMCP>
#	G	D	E	R	K	N	Q	S	T	A	V	L	I	F	Y	W	H	M	C	P
0	0.04277	0.00798	0.01002	0.01015	0.01169	0.00764	0.00721	0.03821	0.01466	0.13316	0.03201	0.42932	0.03502	0.14153	0.01286	0.00335	0.00510	0.04418	0.00639	0.00677
1	0.59139	0.01344	0.01332	0.11329	0.06420	0.01534	0.01029	0.02109	0.01296	0.07396	0.01149	0.01356	0.00867	0.00667	0.00504	0.00218	0.00617	0.00449	0.00438	0.00810
2	0.01487	0.06077	0.54235	0.02156	0.09846	0.01651	0.04306	0.04627	0.01578	0.02303	0.04410	0.01674	0.01181	0.00695	0.00670	0.00217	0.00962	0.00568	0.00338	0.01020
3	0.01418	0.06440	0.69189	0.01958	0.02972	0.01665	0.02524	0.02205	0.01471	0.02188	0.01241	0.01459	0.00884	0.00660	0.00655	0.00218	0.01020	0.00510	0.00295	0.01026
4	0.00850	0.00607	0.00810	0.00972	0.01012	0.00567	0.00648	0.00972	0.01336	0.01781	0.03846	0.75020	0.04615	0.02186	0.00891	0.00283	0.00405	0.01984	0.00648	0.00567
5	0.01763	0.01308	0.01633	0.01185	0.01794	0.01061	0.03950	0.06347	0.01650	0.11823	0.01482	0.01608	0.01139	0.00588	0.00568	0.00131	0.00573	0.00485	0.00490	0.60421
6	0.02813	0.01378	0.01701	0.01331	0.01848	0.01345	0.01090	0.18195	0.09214	0.47196	0.04653	0.02329	0.01798	0.00884	0.00706	0.00217	0.00621	0.00712	0.00807	0.01162
7	0.00850	0.00607	0.00810	0.00972	0.01012	0.00567	0.00648	0.00972	0.01336	0.01781	0.03846	0.75020	0.04615	0.02186	0.00891	0.00283	0.00405	0.01984	0.00648	0.00567
8	0.03131	0.01188	0.01619	0.01242	0.01781	0.01026	0.01026	0.03401	0.01997	0.71606	0.02753	0.02375	0.01727	0.00864	0.00702	0.00216	0.00594	0.00702	0.00864	0.01188
9	0.01712	0.01642	0.02805	0.06899	0.68627	0.01654	0.02134	0.02128	0.01582	0.02261	0.01310	0.01732	0.01099	0.00625	0.00691	0.00208	0.00833	0.00622	0.00344	0.01093
10	0.01400	0.03610	0.71860	0.01989	0.03020	0.01621	0.02578	0.02210	0.01473	0.02210	0.01252	0.01473	0.00884	0.00663	0.00663	0.00221	0.01031	0.00516	0.00295	0.01031
11	0.00988	0.00713	0.00933	0.00878	0.01043	0.00658	0.00658	0.01317	0.01975	0.02798	0.70754	0.05213	0.06584	0.01427	0.00823	0.00219	0.00329	0.01262	0.00768	0.00658
12	0.03131	0.01188	0.01619	0.01242	0.01781	0.01026	0.01026	0.03401	0.01997	0.71606	0.02753	0.02375	0.01727	0.00864	0.00702	0.00216	0.00594	0.00702	0.00864	0.01188
13	0.01359	0.01320	0.02344	0.65032	0.04663	0.01577	0.10184	0.01839	0.01426	0.01839	0.01262	0.01863	0.00946	0.00684	0.00713	0.00233	0.00961	0.00645	0.00315	0.00796
14	0.00973	0.00701	0.00924	0.00920	0.01063	0.00652	0.00687	0.01266	0.01842	0.02579	0.54973	0.17315	0.06081	0.01589	0.00844	0.00237	0.00362	0.05609	0.00739	0.00642
15	0.01522	0.07746	0.62382	0.01928	0.02881	0.07333	0.02401	0.02249	0.01510	0.02137	0.01222	0.01436	0.00886	0.00664	0.00648	0.00214	0.01033	0.00502	0.00300	0.01006
16	0.02036	0.01508	0.01655	0.01428	0.01856	0.01678	0.01141	0.16561	0.44244	0.10915	0.02655	0.02748	0.02023	0.00982	0.00724	0.00235	0.00606	0.05185	0.00720	0.01099
17	0.00988	0.00713	0.00933	0.00878	0.01043	0.00658	0.00658	0.01317	0.01975	0.02798	0.70754	0.05213	0.06584	0.01427	0.00823	0.00219	0.00329	0.01262	0.00768	0.00658
18	0.01318	0.01240	0.02093	0.73798	0.04806	0.01550	0.01938	0.01783	0.01395	0.01783	0.01240	0.01860	0.00930	0.00698	0.00698	0.00233	0.00930	0.00620	0.00310	0.00775
19	0.02112	0.01262	0.01423	0.01252	0.01614	0.07154	0.01003	0.02665	0.13010	0.29840	0.14592	0.06296	0.03002	0.01165	0.00763	0.00235	0.00598	0.10328	0.00739	0.00948
20	0.00997	0.00748	0.01121	0.01121	0.01246	0.00872	0.00872	0.01246	0.01121	0.01620	0.01869	0.02741	0.01745	0.05234	0.72710	0.01121	0.01869	0.00748	0.00374	0.00623
21	0.03131	0.01188	0.01619	0.01242	0.01781	0.01026	0.01026	0.03401	0.01997	0.71606	0.02753	0.02375	0.01727	0.00864	0.00702	0.00216	0.00594	0.00702	0.00864	0.01188
22	0.01400	0.03610	0.71860	0.01989	0.03020	0.01621	0.02578	0.02210	0.01473	0.02210	0.01252	0.01473	0.00884	0.00663	0.00663	0.00221	0.01031	0.00516	0.00295	0.01031
23	0.01677	0.01442	0.01524	0.01375	0.01756	0.01656	0.01068	0.03526	0.64977	0.02880	0.05577	0.02841	0.04606	0.00993	0.00718	0.00236	0.00537	0.00830	0.00710	0.01070
24	0.03040	0.01208	0.01617	0.01253	0.01784	0.01072	0.01031	0.03421	0.06396	0.67154	0.02759	0.02390	0.01754	0.00869	0.00702	0.00217	0.00591	0.00707	0.00854	0.01182
25	0.01003	0.00721	0.00928	0.01033	0.01124	0.00701	0.00728	0.05885	0.01521	0.02033	0.06550	0.62411	0.04415	0.02040	0.00879	0.00278	0.00443	0.06033	0.00656	0.00620
26	0.01727	0.01658	0.02832	0.04283	0.71123	0.01658	0.02142	0.02142	0.01589	0.02280	0.01313	0.01727	0.01105	0.00622	0.00691	0.00207	0.00829	0.00622	0.00345	0.01105
27	0.00850	0.00607	0.00810	0.00972	0.01012	0.00567	0.00648	0.00972	0.01336	0.01781	0.03846	0.75020	0.04615	0.02186	0.00891	0.00283	0.00405	0.01984	0.00648	0.00567
28	0.01849	0.70224	0.03692	0.01328	0.01933	0.02685	0.06359	0.02101	0.01435	0.01687	0.01004	0.01178	0.00908	0.00596	0.00477	0.00156	0.00779	0.00408	0.00303	0.00899
29	0.02030	0.01779	0.01735	0.01499	0.01928	0.08646	0.01179	0.18557	0.48064	0.03142	0.02404	0.02261	0.01795	0.00900	0.00700	0.00225	0.00670	0.00719	0.00674	0.01095
30	0.00889	0.00635	0.00854	0.01016	0.01073	0.00600	0.00715	0.01039	0.01374	0.01825	0.03825	0.65522	0.04531	0.02150	0.00901	0.00289	0.00438	0.11099	0.00647	0.00578
31	0.00962	0.00712	0.00897	0.00851	0.01027	0.00648	0.00638	0.01267	0.01915	0.02655	0.60781	0.05448	0.16647	0.01480	0.00823	0.00222	0.00333	0.01295	0.00749	0.00648
32	0.80405	0.01350	0.01026	0.00918	0.01350	0.01565	0.00756	0.02051	0.01188	0.03131	0.00972	0.01134	0.00756	0.00648	0.00432	0.00216	0.00540	0.00378	0.00432	0.00756
33	0.01866	0.75896	0.03657	0.01194	0.01791	0.02761	0.01194	0.02090	0.01418	0.01642	0.00970	0.01119	0.00896	0.00597	0.00448	0.00149	0.00746	0.00373	0.00299	0.00896
34	0.00839	0.00707	0.00727	0.00722	0.00951	0.00595	0.00541	0.01029	0.01624	0.01965	0.12608	0.06585	0.65251	0.01738	0.00825	0.00234	0.00351	0.01454	0.00658	0.00595
35	0.01400	0.03610	0.71860	0.01989	0.03020	0.01621	0.02578	0.02210	0.01473	0.02210	0.01252	0.01473	0.00884	0.00663	0.00663	0.00221	0.01031	0.00516	0.00295	0.01031
36	0.01846	0.72877	0.06504	0.01227	0.01842	0.02714	0.01252	0.02095	0.01420	0.01666	0.00982	0.01134	0.00895	0.00600	0.00457	0.00152	0.00758	0.00379	0.00298	0.00901
37	0.05800	0.01203	0.01597	0.01236	0.01767	0.01067	0.01019	0.03363	0.04144	0.66999	0.02693	0.02339	0.01706	0.00859	0.00693	0.00217	0.00591	0.00693	0.00844	0.01170
38	0.00988	0.00713	0.00933	0.00878	0.01043	0.00658	0.00658	0.01317	0.01975	0.02798	0.70754	0.05213	0.06584	0.01427	0.00823	0.00219	0.00329	0.01262	0.00768	0.00658
39	0.02356	0.01741	0.01903	0.01534	0.02016	0.01916	0.01266	0.55173	0.05678	0.03950	0.02058	0.05366	0.01710	0.01030	0.00739	0.00227	0.00729	0.08829	0.00690	0.01092
40	0.02492	0.01890	0.01984	0.01554	0.02059	0.04808	0.01268	0.59677	0.03018	0.04015	0.01682	0.01823	0.01256	0.03625	0.05307	0.00281	0.00853	0.00642	0.00655	0.01111
41	0.01973	0.01445	0.01594	0.01367	0.01780	0.01595	0.01080	0.13903	0.43053	0.11677	0.10279	0.02719	0.02429	0.00973	0.00720	0.00228	0.00567	0.00805	0.00734	0.01078
42	0.01020	0.00738	0.00994	0.01105	0.01245	0.00711	0.00897	0.01290	0.01613	0.02136	0.16038	0.22049	0.08942	0.01884	0.00913	0.00289	0.00515	0.36328	0.00667	0.00625
43	0.02326	0.02609	0.02268	0.02389	0.18415	0.40464	0.04404	0.11332	0.05113	0.02273	0.01306	0.01511	0.01048	0.00716	0.00665	0.00195	0.01058	0.00545	0.00416	0.00947

[dist]
# distance from previous block
# <min> <max>
6	10

[block]
# block no. 4 follows, 30 sequences, length 74
# corresponding to MSA columns:
# 175-248
name=unknown_E
#
# <colnr> <probs for GDERKNQSTAVLIFYWHMCP>
#	G	D	E	R	K	N	Q	S	T	A	V	L	I	F	Y	W	H	M	C	P
0	0.12993	0.07793	0.01955	0.01544	0.01972	0.34311	0.01224	0.20953	0.02146	0.02640	0.01267	0.01431	0.01007	0.00987	0.04649	0.00243	0.01022	0.00501	0.00460	0.00903
1	0.02209	0.01616	0.01756	0.01413	0.01832	0.01766	0.01120	0.51263	0.02735	0.03663	0.02014	0.11117	0.01792	0.11094	0.01108	0.00282	0.00711	0.00848	0.00655	0.01007
2	0.06925	0.03335	0.62334	0.01979	0.02946	0.01627	0.06921	0.02201	0.01465	0.02276	0.01244	0.01477	0.00887	0.00657	0.00658	0.00222	0.01007	0.00527	0.00308	0.01006
3	0.01499	0.19035	0.57305	0.01819	0.02758	0.01864	0.02283	0.02184	0.01461	0.02089	0.01192	0.01398	0.00886	0.00649	0.00617	0.00206	0.00970	0.00485	0.00295	0.01002
4	0.01278	0.00867	0.01130	0.01161	0.01375	0.00858	0.00964	0.01741	0.08197	0.07502	0.19170	0.07832	0.08016	0.01637	0.00878	0.00276	0.00537	0.35161	0.00695	0.00726
5	0.01344	0.01276	0.02099	0.64891	0.04438	0.01623	0.01887	0.01770	0.01355	0.01770	0.01200	0.01819	0.00928	0.00762	0.00895	0.00242	0.09998	0.00619	0.00309	0.00774
6	0.06866	0.00842	0.01014	0.01045	0.01213	0.00841	0.00782	0.06892	0.01609	0.05182	0.09301	0.37598	0.05691	0.04625	0.00929	0.00280	0.00488	0.11104	0.03025	0.00675
7	0.01199	0.01018	0.01208	0.01144	0.01260	0.04995	0.00865	0.01398	0.01537	0.03674	0.24693	0.20949	0.09686	0.05955	0.01305	0.00280	0.16347	0.01239	0.00588	0.00660
8	0.03044	0.01169	0.01585	0.01221	0.01750	0.01009	0.01007	0.03310	0.01982	0.68966	0.02916	0.02540	0.04344	0.00898	0.00706	0.00217	0.00585	0.00731	0.00856	0.01165
9	0.00827	0.00700	0.00714	0.00726	0.00948	0.00587	0.00539	0.00999	0.01572	0.01878	0.06833	0.11723	0.65984	0.01798	0.00830	0.00239	0.00357	0.01510	0.00648	0.00587
10	0.01707	0.01874	0.07533	0.17502	0.46698	0.08400	0.02057	0.02138	0.01580	0.02123	0.01272	0.01690	0.01036	0.00649	0.00684	0.00211	0.00904	0.00597	0.00336	0.01007
11	0.01964	0.01460	0.01627	0.01474	0.04011	0.01618	0.01121	0.07180	0.51938	0.13025	0.02841	0.02614	0.04062	0.00943	0.00711	0.00231	0.00573	0.00783	0.00718	0.01106
12	0.00862	0.00612	0.00806	0.00956	0.00994	0.00575	0.00631	0.00975	0.01312	0.01750	0.03725	0.69856	0.04463	0.07558	0.01086	0.00312	0.00425	0.01913	0.00631	0.00556
13	0.04332	0.04631	0.02891	0.03798	0.56061	0.05196	0.08630	0.02178	0.01594	0.02250	0.01287	0.01677	0.01071	0.00623	0.00683	0.00207	0.00872	0.00616	0.00348	0.01055
14	0.01263	0.01259	0.07282	0.01539	0.04727	0.01109	0.08815	0.04601	0.12441	0.02232	0.05090	0.36577	0.03235	0.01516	0.00821	0.00259	0.00614	0.05243	0.00587	0.00790
15	0.01755	0.01326	0.01457	0.01305	0.01681	0.01462	0.01023	0.03226	0.49899	0.10725	0.07021	0.03270	0.08118	0.01070	0.00735	0.00237	0.00532	0.03408	0.00723	0.01028
16	0.01400	0.03610	0.71860	0.01989	0.03020	0.01621	0.02578	0.02210	0.01473	0.02210	0.01252	0.01473	0.00884	0.00663	0.00663	0.00221	0.01031	0.00516	0.00295	0.01031
17	0.07096	0.51151	0.19776	0.01386	0.02068	0.04686	0.01501	0.02139	0.01434	0.01881	0.01041	0.01210	0.00883	0.00620	0.00504	0.00172	0.00817	0.00410	0.00309	0.00916
18	0.01023	0.00820	0.00929	0.00894	0.01114	0.00783	0.00672	0.01520	0.11748	0.02386	0.31055	0.09643	0.31738	0.01539	0.00811	0.00232	0.00376	0.01321	0.00704	0.00690
19	0.00849	0.00612	0.00805	0.00959	0.01009	0.00568	0.00642	0.00973	0.01349	0.01786	0.04004	0.71666	0.07868	0.02166	0.00887	0.00281	0.00402	0.01959	0.00648	0.00568
20	0.01999	0.01472	0.01728	0.12035	0.02284	0.01651	0.01240	0.14839	0.36450	0.12272	0.04793	0.02392	0.01890	0.00897	0.00709	0.00228	0.00644	0.00741	0.00672	0.01066
21	0.02016	0.01519	0.01814	0.01556	0.04553	0.01635	0.04426	0.39871	0.05019	0.03297	0.02092	0.14728	0.01923	0.07383	0.01070	0.03909	0.00704	0.00911	0.00618	0.00956
22	0.00955	0.00712	0.00888	0.00844	0.01023	0.00645	0.00633	0.01254	0.01899	0.02617	0.58099	0.05511	0.19353	0.01494	0.00823	0.00223	0.00334	0.01304	0.00744	0.00645
23	0.02225	0.01457	0.01675	0.04441	0.01974	0.01581	0.01145	0.11596	0.39601	0.22424	0.02604	0.02393	0.01849	0.00899	0.00706	0.00227	0.00607	0.00737	0.00735	0.01124
24	0.01653	0.01651	0.04802	0.15183	0.58600	0.01640	0.02123	0.02087	0.01555	0.02199	0.01299	0.01740	0.01071	0.00635	0.00691	0.00212	0.00851	0.00618	0.00338	0.01051
25	0.06247	0.01337	0.01625	0.08190	0.07897	0.01460	0.01184	0.02966	0.35091	0.14192	0.04513	0.06099	0.04222	0.00966	0.00706	0.00231	0.00597	0.00815	0.00649	0.01014
26	0.01387	0.01331	0.02025	0.33104	0.03074	0.01766	0.01646	0.01685	0.01216	0.01719	0.01144	0.01783	0.00998	0.01359	0.08019	0.00348	0.35699	0.00627	0.00314	0.00756
27	0.01447	0.01240	0.01447	0.01034	0.01654	0.00930	0.00827	0.01757	0.01447	0.02274	0.01240	0.01447	0.01034	0.00517	0.00517	0.00103	0.00517	0.00413	0.00413	0.79742
28	0.01571	0.01720	0.03586	0.20018	0.06268	0.01709	0.50262	0.02123	0.01585	0.02128	0.01367	0.01872	0.01030	0.00616	0.00789	0.00234	0.01105	0.00768	0.00342	0.00907
29	0.01212	0.00606	0.00909	0.00909	0.00909	0.00606	0.00606	0.00909	0.00909	0.01212	0.01212	0.02121	0.01212	0.02424	0.02727	0.79697	0.00606	0.00606	0.00303	0.00303
30	0.05572	0.01433	0.04084	0.01684	0.10598	0.01405	0.01216	0.05634	0.25055	0.25577	0.08197	0.02499	0.02105	0.00892	0.00700	0.00222	0.00607	0.00746	0.00693	0.01080
31	0.01404	0.01376	0.02285	0.47756	0.03887	0.01731	0.07731	0.01795	0.01328	0.01795	0.01166	0.01771	0.00938	0.00832	0.01146	0.00253	0.21073	0.00636	0.00313	0.00787
32	0.00849	0.00614	0.00803	0.00955	0.01008	0.00568	0.00640	0.00974	0.01352	0.01788	0.04052	0.70659	0.08844	0.02159	0.00886	0.00280	0.00402	0.01951	0.00648	0.00568
33	0.00973	0.00707	0.00916	0.00876	0.01037	0.00650	0.00652	0.01284	0.01923	0.02703	0.64322	0.09189	0.09180	0.01484	0.00827	0.00224	0.00334	0.01311	0.00756	0.00650
34	0.02361	0.01688	0.01838	0.01463	0.01933	0.01843	0.01186	0.54503	0.02894	0.06004	0.02026	0.11483	0.01688	0.01016	0.00713	0.00217	0.00693	0.00812	0.04559	0.01078
35	0.03114	0.01214	0.01636	0.01254	0.01795	0.01065	0.01036	0.05671	0.02042	0.69273	0.02716	0.02351	0.01709	0.00863	0.00702	0.00216	0.00600	0.00699	0.00858	0.01188
36	0.01108	0.00740	0.00971	0.00898	0.01084	0.00679	0.00679	0.01434	0.01977	0.06655	0.66943	0.05054	0.06312	0.01395	0.00816	0.00219	0.00344	0.01231	0.00774	0.00688
37	0.01866	0.75896	0.03657	0.01194	0.01791	0.02761	0.01194	0.02090	0.01418	0.01642	0.00970	0.01119	0.00896	0.00597	0.00448	0.00149	0.00746	0.00373	0.00299	0.00896
38	0.01530	0.01538	0.02199	0.01867	0.01889	0.02126	0.03619	0.01697	0.01087	0.01697	0.00931	0.01538	0.00920	0.01202	0.02244	0.00303	0.71920	0.00617	0.00307	0.00769
39	0.01318	0.01240	0.02093	0.73798	0.04806	0.01550	0.01938	0.01783	0.01395	0.01783	0.01240	0.01860	0.00930	0.00698	0.00698	0.00233	0.00930	0.00620	0.00310	0.00775
40	0.00966	0.00712	0.00903	0.00856	0.01030	0.00649	0.00642	0.01276	0.01925	0.02680	0.62475	0.05408	0.14938	0.01471	0.00823	0.00222	0.00332	0.01289	0.00753	0.00649
41	0.01866	0.75896	0.03657	0.01194	0.01791	0.02761	0.01194	0.02090	0.01418	0.01642	0.00970	0.01119	0.00896	0.00597	0.00448	0.00149	0.00746	0.00373	0.00299	0.00896
42	0.01336	0.01258	0.02125	0.70780	0.07685	0.01555	0.01947	0.01799	0.01404	0.01805	0.01243	0.01855	0.00938	0.00694	0.00697	0.00231	0.00926	0.00620	0.00312	0.00790
43	0.03082	0.01267	0.01668	0.01279	0.01821	0.01143	0.01057	0.10145	0.02130	0.64675	0.02642	0.02303	0.01672	0.00861	0.00701	0.00215	0.00612	0.00694	0.00847	0.01187
44	0.00850	0.00607	0.00810	0.00972	0.01012	0.00567	0.00648	0.00972	0.01336	0.01781	0.03846	0.75020	0.04615	0.02186	0.00891	0.00283	0.00405	0.01984	0.00648	0.00567
45	0.03131	0.01188	0.01619	0.01242	0.01781	0.01026	0.01026	0.03401	0.01997	0.71606	0.02753	0.02375	0.01727	0.00864	0.00702	0.00216	0.00594	0.00702	0.00864	0.01188
46	0.00926	0.00760	0.00830	0.00846	0.01072	0.00681	0.00663	0.01218	0.04747	0.02021	0.10164	0.06628	0.52743	0.01736	0.00842	0.00249	0.00409	0.12183	0.00657	0.00626
47	0.00875	0.00625	0.00839	0.01000	0.01052	0.00588	0.00692	0.01015	0.01361	0.01810	0.03832	0.68858	0.04560	0.02163	0.00897	0.00287	0.00427	0.07898	0.00647	0.00574
48	0.01318	0.01240	0.02093	0.73798	0.04806	0.01550	0.01938	0.01783	0.01395	0.01783	0.01240	0.01860	0.00930	0.00698	0.00698	0.00233	0.00930	0.00620	0.00310	0.00775
49	0.01447	0.01240	0.01447	0.01034	0.01654	0.00930	0.00827	0.01757	0.01447	0.02274	0.01240	0.01447	0.01034	0.00517	0.00517	0.00103	0.00517	0.00413	0.00413	0.79742
50	0.01620	0.01834	0.03955	0.02847	0.03509	0.01743	0.64351	0.02180	0.01618	0.02203	0.01465	0.03975	0.01156	0.00656	0.00875	0.00239	0.03638	0.00850	0.00360	0.00924
51	0.03038	0.01167	0.01590	0.01226	0.01749	0.01010	0.01010	0.03310	0.01996	0.68619	0.05705	0.02498	0.01938	0.00888	0.00707	0.00216	0.00582	0.00726	0.00860	0.01165
52	0.00831	0.00707	0.00716	0.00714	0.00946	0.00592	0.00535	0.01014	0.01605	0.01921	0.09539	0.06657	0.68347	0.01754	0.00825	0.00235	0.00353	0.01465	0.00653	0.00592
53	0.03099	0.01238	0.01651	0.01266	0.01807	0.01101	0.01046	0.07720	0.02082	0.67167	0.02682	0.02329	0.01692	0.00862	0.00702	0.00215	0.00605	0.00697	0.00853	0.01188
54	0.01834	0.71001	0.08275	0.01248	0.01874	0.02684	0.01288	0.02098	0.01422	0.01680	0.00989	0.01143	0.00895	0.00601	0.00462	0.00154	0.00766	0.00383	0.00298	0.00905
55	0.01420	0.01369	0.01932	0.01688	0.01714	0.01882	0.01394	0.01592	0.01079	0.01667	0.01109	0.01772	0.01084	0.02033	0.16528	0.00470	0.59575	0.00638	0.00319	0.00735
56	0.01318	0.01240	0.02093	0.73798	0.04806	0.01550	0.01938	0.01783	0.01395	0.01783	0.01240	0.01860	0.00930	0.00698	0.00698	0.00233	0.00930	0.00620	0.00310	0.00775
57	0.02804	0.01463	0.01759	0.01376	0.01903	0.01466	0.01128	0.23458	0.11170	0.42148	0.02434	0.02191	0.01614	0.00866	0.00702	0.00217	0.00642	0.00691	0.00793	0.01177
58	0.00858	0.00611	0.00807	0.00961	0.01000	0.00572	0.00637	0.00974	0.01320	0.01760	0.03765	0.71560	0.04513	0.05785	0.01021	0.00303	0.00418	0.01936	0.00637	0.00560
59	0.00850	0.00607	0.00810	0.00972	0.01012	0.00567	0.00648	0.00972	0.01336	0.01781	0.03846	0.75020	0.04615	0.02186	0.00891	0.00283	0.00405	0.01984	0.00648	0.00567
60	0.02158	0.01469	0.01647	0.01375	0.01815	0.01591	0.01098	0.19322	0.33297	0.16794	0.09459	0.02597	0.02274	0.00953	0.00717	0.00224	0.00590	0.00781	0.00743	0.01096
61	0.02653	0.01955	0.02094	0.01606	0.02164	0.02164	0.01326	0.68796	0.03281	0.04398	0.01675	0.01675	0.01187	0.00838	0.00698	0.00209	0.00768	0.00628	0.00698	0.01187
62	0.00855	0.00609	0.00808	0.00965	0.01004	0.00570	0.00641	0.00973	0.01326	0.01768	0.03794	0.72802	0.04550	0.04494	0.00974	0.00296	0.00413	0.01953	0.00641	0.00562
63	0.72721	0.01350	0.01131	0.05184	0.01569	0.01587	0.00855	0.02021	0.01195	0.02996	0.00985	0.01191	0.00772	0.00673	0.00520	0.00220	0.03452	0.00401	0.00420	0.00757
64	0.01212	0.00606	0.00909	0.00909	0.00909	0.00606	0.00606	0.00909	0.00909	0.01212	0.01212	0.02121	0.01212	0.02424	0.02727	0.79697	0.00606	0.00606	0.00303	0.00303
65	0.01447	0.01240	0.01447	0.01034	0.01654	0.00930	0.00827	0.01757	0.01447	0.02274	0.01240	0.01447	0.01034	0.00517	0.00517	0.00103	0.00517	0.00413	0.00413	0.79742
66	0.01447	0.01240	0.01447	0.01034	0.01654	0.00930	0.00827	0.01757	0.01447	0.02274	0.01240	0.01447	0.01034	0.00517	0.00517	0.00103	0.00517	0.00413	0.00413	0.79742
67	0.01635	0.01422	0.01894	0.01368	0.01991	0.01208	0.10054	0.10764	0.01719	0.02552	0.01322	0.01536	0.01057	0.00569	0.00582	0.00135	0.00639	0.00498	0.00443	0.58610
68	0.00849	0.00612	0.00805	0.00960	0.01009	0.00568	0.00642	0.00973	0.01348	0.01786	0.03994	0.71888	0.07652	0.02167	0.00888	0.00281	0.00403	0.01960	0.00648	0.00568
69	0.02669	0.01929	0.02078	0.01593	0.02151	0.02125	0.01316	0.66571	0.03237	0.06684	0.01712	0.01699	0.01205	0.00839	0.00698	0.00210	0.00762	0.00631	0.00704	0.01187
70	0.01942	0.01616	0.01584	0.01391	0.01790	0.08945	0.01087	0.08568	0.44206	0.09199	0.05400	0.02732	0.06483	0.00978	0.00712	0.00226	0.00625	0.00795	0.00685	0.01038
71	0.01116	0.00800	0.00988	0.01042	0.01154	0.00797	0.00732	0.09802	0.01589	0.02126	0.05765	0.53416	0.04010	0.09272	0.01131	0.00312	0.00486	0.04185	0.00636	0.00639
72	0.02068	0.01925	0.01710	0.01499	0.01908	0.17146	0.01167	0.12778	0.41094	0.04920	0.02434	0.02314	0.04100	0.00908	0.00695	0.00220	0.00731	0.00713	0.00635	0.01037
73	0.02504	0.01862	0.02004	0.01549	0.02088	0.02043	0.01273	0.60791	0.06216	0.04190	0.04159	0.01834	0.01415	0.00851	0.00696	0.00207	0.00733	0.00650	0.00690	0.04245

[dist]
# distance from previous block
# <min> <max>
5	6

[block]
# block no. 5 follows, 30 sequences, length 49
# corresponding to MSA columns:
# 255-303
name=unknown_F
#
# <colnr> <probs for GDERKNQSTAVLIFYWHMCP>
#	G	D	E	R	K	N	Q	S	T	A	V	L	I	F	Y	W	H	M	C	P
0	0.05043	0.01520	0.02357	0.19916	0.32445	0.03958	0.06848	0.02138	0.06508	0.03985	0.01883	0.02203	0.06637	0.00762	0.00701	0.00219	0.00818	0.00702	0.00406	0.00950
1	0.02342	0.01685	0.01838	0.01454	0.01936	0.01831	0.01183	0.51830	0.05395	0.07088	0.07156	0.05748	0.05312	0.00997	0.00723	0.00216	0.00682	0.00791	0.00706	0.01086
2	0.02179	0.04964	0.09833	0.01512	0.02045	0.16007	0.01315	0.11293	0.20402	0.13069	0.01916	0.01882	0.01405	0.00787	0.00657	0.00201	0.00788	0.00603	0.00569	0.08573
3	0.01801	0.22261	0.29040	0.01804	0.02558	0.07562	0.11913	0.02306	0.01567	0.07694	0.01310	0.01496	0.00990	0.00649	0.00624	0.00195	0.00938	0.00530	0.00361	0.04401
4	0.01254	0.00871	0.01089	0.00973	0.01196	0.00842	0.00747	0.09009	0.02123	0.05507	0.60460	0.04709	0.05797	0.01339	0.00804	0.00218	0.00388	0.01170	0.00764	0.00737
5	0.01667	0.01565	0.02614	0.01957	0.02513	0.01494	0.29748	0.12530	0.07052	0.02577	0.01838	0.11175	0.01611	0.00844	0.00738	0.00209	0.00825	0.00852	0.00485	0.17704
6	0.02610	0.03236	0.01985	0.01785	0.02158	0.68042	0.01347	0.07123	0.02063	0.01885	0.01118	0.01286	0.00918	0.00727	0.00634	0.00182	0.01226	0.00461	0.00382	0.00834
7	0.01447	0.01240	0.01447	0.01034	0.01654	0.00930	0.00827	0.01757	0.01447	0.02274	0.01240	0.01447	0.01034	0.00517	0.00517	0.00103	0.00517	0.00413	0.00413	0.79742
8	0.00850	0.00607	0.00810	0.00972	0.01012	0.00567	0.00648	0.00972	0.01336	0.01781	0.03846	0.75020	0.04615	0.02186	0.00891	0.00283	0.00405	0.01984	0.00648	0.00567
9	0.01136	0.00827	0.01096	0.00998	0.01092	0.00823	0.05882	0.04541	0.01232	0.01667	0.02311	0.12618	0.02579	0.54663	0.02777	0.00555	0.00677	0.01085	0.02914	0.00527
10	0.01992	0.01907	0.05264	0.01528	0.01981	0.10229	0.01249	0.15603	0.46001	0.03014	0.02335	0.02215	0.01746	0.00885	0.00696	0.00224	0.00700	0.00705	0.00645	0.01081
11	0.01124	0.00803	0.01124	0.01285	0.01446	0.00803	0.01124	0.01446	0.01606	0.02088	0.03695	0.07871	0.04016	0.01928	0.00964	0.00321	0.00643	0.66426	0.00643	0.00643
12	0.01710	0.02097	0.13446	0.04723	0.17506	0.05290	0.32747	0.02229	0.01591	0.04535	0.01357	0.01749	0.01044	0.00670	0.00858	0.00229	0.06196	0.00692	0.00356	0.00974
13	0.68693	0.01325	0.01116	0.00967	0.01415	0.01484	0.00797	0.02256	0.01310	0.13509	0.01242	0.01322	0.00903	0.00681	0.00473	0.00216	0.00548	0.00427	0.00497	0.00821
14	0.01940	0.55876	0.09143	0.01442	0.04441	0.05252	0.01366	0.09754	0.01663	0.02030	0.01091	0.01240	0.00936	0.00636	0.00510	0.00165	0.00796	0.00426	0.00348	0.00944
15	0.00915	0.00686	0.00916	0.01028	0.01067	0.00698	0.00708	0.01040	0.01321	0.01786	0.05625	0.63977	0.04294	0.05275	0.01115	0.00300	0.06244	0.01811	0.00615	0.00579
16	0.01727	0.01658	0.02832	0.04283	0.71123	0.01658	0.02142	0.02142	0.01589	0.02280	0.01313	0.01727	0.01105	0.00622	0.00691	0.00207	0.00829	0.00622	0.00345	0.01105
17	0.01596	0.05506	0.02302	0.09401	0.02418	0.04829	0.16221	0.09578	0.07557	0.02254	0.01972	0.17956	0.01901	0.01114	0.00993	0.00246	0.11874	0.00960	0.00474	0.00848
18	0.01592	0.01728	0.03574	0.09906	0.14093	0.01673	0.48791	0.02120	0.01600	0.02178	0.01490	0.05155	0.01214	0.00676	0.00794	0.00233	0.01064	0.00825	0.00361	0.00934
19	0.00997	0.00748	0.01121	0.01121	0.01246	0.00872	0.00872	0.01246	0.01121	0.01620	0.01869	0.02741	0.01745	0.05234	0.72710	0.01121	0.01869	0.00748	0.00374	0.00623
20	0.01456	0.00829	0.00857	0.00798	0.01012	0.00865	0.00614	0.08784	0.04813	0.02781	0.02229	0.02508	0.01740	0.00930	0.02286	0.00194	0.00420	0.00657	0.65498	0.00727
21	0.13530	0.11482	0.53278	0.01735	0.02625	0.01742	0.02142	0.02172	0.01423	0.02286	0.01177	0.01381	0.00866	0.00653	0.00603	0.00212	0.00924	0.00478	0.00316	0.00974
22	0.02624	0.02808	0.02022	0.01725	0.02160	0.46027	0.01340	0.27733	0.02470	0.02724	0.01304	0.01416	0.01008	0.00764	0.00655	0.00191	0.01073	0.00517	0.00487	0.00952
23	0.01015	0.00677	0.00761	0.00761	0.00761	0.00677	0.00423	0.01015	0.01015	0.01353	0.02199	0.04567	0.02537	0.75476	0.03552	0.00677	0.00677	0.01015	0.00423	0.00423
24	0.00983	0.00773	0.01085	0.01116	0.01173	0.00808	0.03460	0.01109	0.01270	0.01724	0.03170	0.53198	0.03743	0.13042	0.01446	0.00343	0.08773	0.01637	0.00564	0.00582
25	0.03083	0.01264	0.01667	0.01278	0.01819	0.01139	0.01056	0.09903	0.02125	0.64923	0.02646	0.02306	0.01674	0.00861	0.00701	0.00215	0.00611	0.00694	0.00847	0.01188
26	0.00850	0.00607	0.00810	0.00972	0.01012	0.00567	0.00648	0.00972	0.01336	0.01781	0.03846	0.75020	0.04615	0.02186	0.00891	0.00283	0.00405	0.01984	0.00648	0.00567
27	0.01301	0.00650	0.00650	0.00650	0.00813	0.00650	0.00488	0.01626	0.01463	0.02602	0.02276	0.02602	0.01789	0.00813	0.00488	0.00163	0.00325	0.00650	0.79350	0.00650
28	0.05688	0.01947	0.02162	0.12554	0.05882	0.10385	0.04478	0.38661	0.02494	0.03305	0.01444	0.01635	0.01073	0.00791	0.00759	0.00215	0.04362	0.00603	0.00537	0.01027
29	0.00850	0.00607	0.00810	0.00972	0.01012	0.00567	0.00648	0.00972	0.01336	0.01781	0.03846	0.75020	0.04615	0.02186	0.00891	0.00283	0.00405	0.01984	0.00648	0.00567
30	0.01647	0.01882	0.04118	0.02941	0.03647	0.01765	0.68588	0.02235	0.01647	0.02235	0.01412	0.01882	0.01059	0.00588	0.00824	0.00235	0.01176	0.00824	0.00353	0.00941
31	0.13526	0.03195	0.59016	0.01804	0.02729	0.01595	0.02255	0.02220	0.01445	0.04342	0.01252	0.01447	0.00889	0.00666	0.00629	0.00220	0.00944	0.00500	0.00332	0.00994
32	0.00854	0.00613	0.00805	0.00956	0.01002	0.00571	0.00637	0.00974	0.01335	0.01772	0.03911	0.70370	0.06929	0.04457	0.00971	0.00294	0.00411	0.01935	0.00641	0.00563
