[name]
unknown

[dist]
# distance from previous block
# <min> <max>
19	70

[block]
# block no. 0 follows, 28 sequences, length 110
# corresponding to MSA columns:
# 102-211
name=unknown_A
#
# <colnr> <probs for GDERKNQSTAVLIFYWHMCP>
#	G	D	E	R	K	N	Q	S	T	A	V	L	I	F	Y	W	H	M	C	P
0	0.04981	0.02475	0.01845	0.03737	0.02110	0.38176	0.01233	0.08720	0.01949	0.02244	0.01281	0.01517	0.01054	0.01015	0.05291	0.00238	0.01076	0.00500	0.00425	0.20135
1	0.07459	0.01742	0.01660	0.01350	0.01863	0.10844	0.01066	0.11999	0.17696	0.02854	0.04321	0.01927	0.01551	0.00767	0.00635	0.00180	0.00683	0.00592	0.00555	0.30256
2	0.01456	0.01080	0.01361	0.07045	0.01778	0.00966	0.00933	0.05947	0.01622	0.06915	0.02488	0.29879	0.02582	0.01279	0.00731	0.00207	0.00551	0.01121	0.00568	0.31489
3	0.01840	0.01478	0.01626	0.01200	0.01820	0.04448	0.00964	0.09784	0.01801	0.07537	0.01452	0.01596	0.01141	0.00614	0.00580	0.00133	0.00611	0.00481	0.00497	0.60394
4	0.09031	0.03410	0.59425	0.02032	0.03022	0.01693	0.06909	0.02288	0.01518	0.02397	0.01288	0.01530	0.00920	0.00684	0.00679	0.00231	0.01035	0.00545	0.00325	0.01040
5	0.01901	0.01492	0.01605	0.01427	0.01844	0.01682	0.01115	0.03700	0.59179	0.09349	0.03157	0.02891	0.05350	0.01018	0.00744	0.00244	0.00570	0.00847	0.00752	0.01133
6	0.17299	0.18410	0.37108	0.01615	0.02406	0.04300	0.01868	0.02224	0.01502	0.02375	0.03982	0.01537	0.01141	0.00707	0.00600	0.00212	0.00886	0.00506	0.00359	0.00962
7	0.01342	0.00682	0.00698	0.00698	0.00865	0.00687	0.00524	0.01678	0.01510	0.02668	0.02354	0.02716	0.01861	0.01035	0.03407	0.00210	0.00404	0.00682	0.75304	0.00676
8	0.01507	0.01292	0.01507	0.01077	0.01723	0.00969	0.00861	0.01830	0.01507	0.02369	0.01292	0.01507	0.01077	0.00538	0.00538	0.00108	0.00538	0.00431	0.00431	0.78898
9	0.01029	0.00743	0.00972	0.00914	0.01086	0.00686	0.00686	0.01372	0.02058	0.02915	0.69536	0.05430	0.06859	0.01486	0.00857	0.00229	0.00343	0.01315	0.00800	0.00686
10	0.01507	0.01292	0.01507	0.01077	0.01723	0.00969	0.00861	0.01830	0.01507	0.02369	0.01292	0.01507	0.01077	0.00538	0.00538	0.00108	0.00538	0.00431	0.00431	0.78898
11	0.01249	0.01002	0.01398	0.03648	0.04390	0.00905	0.04010	0.01486	0.01464	0.03976	0.02766	0.39726	0.03058	0.01501	0.00835	0.00232	0.02798	0.01342	0.00559	0.23655
12	0.01626	0.28360	0.47559	0.01785	0.02703	0.02099	0.02187	0.02259	0.01515	0.02097	0.01203	0.01407	0.00925	0.00667	0.00613	0.00204	0.00972	0.00486	0.00308	0.01025
13	0.01716	0.01961	0.04289	0.03064	0.03799	0.01838	0.67279	0.02328	0.01716	0.02328	0.01471	0.01961	0.01103	0.00613	0.00858	0.00245	0.01225	0.00858	0.00368	0.00980
14	0.01684	0.01910	0.04157	0.02985	0.03694	0.01790	0.64730	0.02278	0.01703	0.02310	0.01568	0.04717	0.01245	0.00676	0.00861	0.00247	0.01195	0.00904	0.00379	0.00965
15	0.01507	0.01292	0.01507	0.01077	0.01723	0.00969	0.00861	0.01830	0.01507	0.02369	0.01292	0.01507	0.01077	0.00538	0.00538	0.00108	0.00538	0.00431	0.00431	0.78898
16	0.00904	0.00738	0.00799	0.00784	0.01010	0.00633	0.00588	0.01131	0.01763	0.02217	0.23891	0.06579	0.52939	0.01747	0.00859	0.00241	0.00361	0.01476	0.00708	0.00633
17	0.02623	0.03329	0.01994	0.01816	0.02184	0.68014	0.01362	0.02810	0.02040	0.01788	0.01433	0.01593	0.04347	0.00803	0.00666	0.00190	0.01264	0.00521	0.00389	0.00831
18	0.01458	0.03760	0.70688	0.02072	0.03146	0.01688	0.02686	0.02302	0.01535	0.02302	0.01304	0.01535	0.00921	0.00691	0.00691	0.00230	0.01074	0.00537	0.00307	0.01074
19	0.01042	0.00764	0.01095	0.01095	0.01199	0.00869	0.00817	0.01251	0.01146	0.01633	0.02014	0.03229	0.01979	0.18991	0.58255	0.01077	0.01703	0.00833	0.00399	0.00608
20	0.01720	0.01898	0.03936	0.03207	0.14181	0.01847	0.52457	0.02273	0.01665	0.02296	0.01419	0.01910	0.01100	0.00663	0.00940	0.00245	0.06073	0.00809	0.00363	0.00995
21	0.02719	0.02217	0.02037	0.01651	0.02166	0.18036	0.01324	0.38103	0.09514	0.12095	0.01866	0.01835	0.01337	0.00859	0.00712	0.00215	0.00872	0.00638	0.00669	0.01137
22	0.00886	0.00633	0.00843	0.01012	0.01054	0.00590	0.00675	0.01012	0.01392	0.01856	0.04006	0.73979	0.04808	0.02277	0.00928	0.00295	0.00422	0.02066	0.00675	0.00590
23	0.02698	0.01973	0.02112	0.01626	0.02189	0.02181	0.01341	0.64439	0.03330	0.04494	0.01774	0.01790	0.01265	0.00871	0.00717	0.00216	0.00778	0.00656	0.04340	0.01210
24	0.01943	0.13275	0.02052	0.01465	0.01929	0.02031	0.01193	0.11129	0.50216	0.03012	0.02505	0.02352	0.01898	0.00915	0.00695	0.00229	0.00634	0.00733	0.00670	0.01126
25	0.02763	0.02036	0.02182	0.01672	0.02254	0.02254	0.01382	0.67496	0.03418	0.04581	0.01745	0.01745	0.01236	0.00873	0.00727	0.00218	0.00800	0.00654	0.00727	0.01236
26	0.01180	0.00849	0.01087	0.00983	0.01058	0.00851	0.04878	0.04227	0.01210	0.01617	0.02211	0.04433	0.02476	0.66181	0.03375	0.00652	0.00743	0.01025	0.00449	0.00513
27	0.01507	0.01292	0.01507	0.01077	0.01723	0.00969	0.00861	0.01830	0.01507	0.02369	0.01292	0.01507	0.01077	0.00538	0.00538	0.00108	0.00538	0.00431	0.00431	0.78898
28	0.01056	0.00710	0.00817	0.00817	0.00826	0.00718	0.00471	0.01073	0.01064	0.01428	0.02268	0.04632	0.02588	0.69917	0.08162	0.00735	0.00786	0.01039	0.00437	0.00454
29	0.02763	0.02036	0.02182	0.01672	0.02254	0.02254	0.01382	0.67496	0.03418	0.04581	0.01745	0.01745	0.01236	0.00873	0.00727	0.00218	0.00800	0.00654	0.00727	0.01236
30	0.01246	0.00631	0.00942	0.00950	0.00952	0.00630	0.00633	0.00950	0.00966	0.01288	0.01381	0.05312	0.01416	0.02515	0.02758	0.75455	0.00622	0.00693	0.00331	0.00328
31	0.03194	0.01239	0.01680	0.01285	0.01851	0.01065	0.01060	0.03477	0.02059	0.67824	0.02808	0.02437	0.01772	0.00886	0.00724	0.00220	0.00615	0.00720	0.00882	0.04202
32	0.02919	0.01786	0.02027	0.01554	0.02129	0.01883	0.01284	0.47470	0.02999	0.25198	0.02097	0.01973	0.01413	0.00881	0.00728	0.00220	0.00743	0.00678	0.00781	0.01236
33	0.59503	0.01438	0.01159	0.01040	0.01448	0.04559	0.00836	0.06891	0.01482	0.03165	0.03500	0.06392	0.01338	0.00835	0.00527	0.00225	0.00587	0.00571	0.03703	0.00802
34	0.01959	0.70148	0.05638	0.01291	0.01917	0.05464	0.01291	0.02208	0.01501	0.01730	0.01023	0.01182	0.00933	0.00629	0.00480	0.00159	0.00806	0.00396	0.00313	0.00933
35	0.01079	0.00709	0.00887	0.00950	0.01064	0.00650	0.00651	0.01224	0.01486	0.06572	0.09369	0.43706	0.14548	0.12043	0.01282	0.00334	0.00460	0.01694	0.00668	0.00625
36	0.01158	0.00771	0.00997	0.00931	0.01128	0.00702	0.00702	0.01477	0.02005	0.07245	0.58248	0.08160	0.10692	0.01504	0.00852	0.00232	0.00366	0.01322	0.00793	0.00713
37	0.01536	0.03651	0.67704	0.02038	0.03090	0.01661	0.02616	0.02356	0.01558	0.05247	0.01372	0.01575	0.00959	0.00700	0.00692	0.00230	0.01055	0.00546	0.00333	0.01081
38	0.01041	0.00770	0.01126	0.01126	0.01241	0.00886	0.00856	0.01271	0.01156	0.01656	0.01986	0.03070	0.01910	0.13234	0.63918	0.01116	0.01807	0.00810	0.00395	0.00625
39	0.05600	0.01106	0.01178	0.01004	0.01332	0.01149	0.00798	0.17831	0.02034	0.11170	0.02215	0.02377	0.01654	0.00851	0.00585	0.00190	0.00494	0.00665	0.46883	0.00884
40	0.02708	0.02009	0.02150	0.01661	0.02233	0.02228	0.01368	0.63801	0.07203	0.04492	0.01816	0.01801	0.01293	0.00879	0.00728	0.00220	0.00787	0.00664	0.00728	0.01231
41	0.01388	0.01308	0.02208	0.70258	0.07336	0.01619	0.02026	0.01871	0.01461	0.01876	0.01295	0.01933	0.00976	0.00724	0.00726	0.00241	0.00965	0.00646	0.00324	0.00820
42	0.00895	0.00640	0.00852	0.01006	0.01056	0.00597	0.00675	0.01036	0.01435	0.01925	0.08315	0.69473	0.04943	0.02225	0.00923	0.00291	0.00417	0.02017	0.00683	0.00597
43	0.01169	0.00735	0.00863	0.00856	0.00924	0.00707	0.00531	0.01231	0.01252	0.06249	0.05494	0.13778	0.07885	0.52032	0.02824	0.00567	0.00624	0.01210	0.00533	0.00536
44	0.07073	0.00975	0.01250	0.01070	0.01403	0.00895	0.00837	0.02255	0.01946	0.29669	0.32820	0.07989	0.04211	0.03259	0.00863	0.00244	0.00482	0.01059	0.00799	0.00899
45	0.01739	0.01486	0.01575	0.01423	0.01805	0.01708	0.01098	0.03624	0.62556	0.02964	0.06061	0.02928	0.02456	0.04186	0.00873	0.00266	0.00570	0.00855	0.00730	0.01098
46	0.79588	0.01406	0.01068	0.00956	0.01406	0.01631	0.00787	0.02137	0.01237	0.03261	0.01012	0.01181	0.00787	0.00675	0.00450	0.00225	0.00562	0.00394	0.00450	0.00787
47	0.02328	0.01085	0.01410	0.01209	0.01582	0.01005	0.00938	0.05077	0.06431	0.39508	0.04901	0.22269	0.02807	0.04758	0.00928	0.00268	0.00565	0.01132	0.00796	0.01001
48	0.06433	0.01845	0.02030	0.01563	0.02134	0.01985	0.01291	0.51528	0.03046	0.17833	0.01938	0.01866	0.01329	0.00869	0.00715	0.00220	0.00752	0.00658	0.00749	0.01216
49	0.01057	0.00705	0.00793	0.00793	0.00793	0.00705	0.00440	0.01057	0.01057	0.01409	0.02290	0.04757	0.02643	0.74454	0.03700	0.00705	0.00705	0.01057	0.00440	0.00440
50	0.07031	0.01278	0.01676	0.01292	0.01850	0.01145	0.01067	0.06081	0.02093	0.64402	0.02730	0.02380	0.01726	0.00887	0.00717	0.00225	0.00623	0.00711	0.00870	0.01215
51	0.00923	0.00652	0.00852	0.00997	0.01039	0.00618	0.00665	0.01041	0.01358	0.01808	0.03759	0.61233	0.04476	0.12369	0.01319	0.00354	0.00473	0.04850	0.00642	0.00573
52	0.01024	0.00691	0.00803	0.00835	0.00843	0.00683	0.00485	0.01048	0.01121	0.01495	0.02620	0.18061	0.03059	0.60582	0.03167	0.00626	0.00650	0.01251	0.00485	0.00469
53	0.00989	0.00740	0.00907	0.00866	0.01049	0.00669	0.00643	0.01279	0.01919	0.02622	0.51665	0.05783	0.21936	0.04573	0.00975	0.00252	0.00364	0.01357	0.00755	0.00658
54	0.79588	0.01406	0.01068	0.00956	0.01406	0.01631	0.00787	0.02137	0.01237	0.03261	0.01012	0.01181	0.00787	0.00675	0.00450	0.00225	0.00562	0.00394	0.00450	0.00787
55	0.00886	0.00633	0.00843	0.01012	0.01054	0.00590	0.00675	0.01012	0.01392	0.01856	0.04006	0.73979	0.04808	0.02277	0.00928	0.00295	0.00422	0.02066	0.00675	0.00590
56	0.01507	0.01292	0.01507	0.01077	0.01723	0.00969	0.00861	0.01830	0.01507	0.02369	0.01292	0.01507	0.01077	0.00538	0.00538	0.00108	0.00538	0.00431	0.00431	0.78898
57	0.01029	0.00743	0.00972	0.00914	0.01086	0.00686	0.00686	0.01372	0.02058	0.02915	0.69536	0.05430	0.06859	0.01486	0.00857	0.00229	0.00343	0.01315	0.00800	0.00686
58	0.02986	0.01796	0.01855	0.01473	0.02000	0.12586	0.01193	0.20973	0.02430	0.39586	0.02268	0.02095	0.01509	0.00867	0.00712	0.00216	0.00771	0.00667	0.02858	0.01159
59	0.01311	0.00733	0.01020	0.01010	0.01059	0.00742	0.00693	0.05783	0.01197	0.01598	0.01734	0.13585	0.01824	0.02366	0.02384	0.60661	0.00610	0.00861	0.00403	0.00426
60	0.01048	0.00712	0.00843	0.00848	0.00870	0.00723	0.00511	0.01094	0.01119	0.01513	0.04820	0.07134	0.02787	0.61319	0.11107	0.00724	0.00820	0.01073	0.00457	0.00479
61	0.79588	0.01406	0.01068	0.00956	0.01406	0.01631	0.00787	0.02137	0.01237	0.03261	0.01012	0.01181	0.00787	0.00675	0.00450	0.00225	0.00562	0.00394	0.00450	0.00787
62	0.02671	0.01797	0.01989	0.01558	0.02101	0.01943	0.01276	0.46560	0.11043	0.15549	0.04474	0.02116	0.01649	0.00913	0.00734	0.00223	0.00726	0.00711	0.00761	0.01207
63	0.01628	0.00889	0.01163	0.01015	0.01299	0.00793	0.00781	0.01929	0.01971	0.20656	0.42640	0.07078	0.06992	0.03909	0.00915	0.00243	0.00440	0.01153	0.00792	0.03716
64	0.70373	0.01420	0.01200	0.06824	0.01730	0.01653	0.00910	0.04536	0.01335	0.03196	0.01062	0.01263	0.00819	0.00686	0.00483	0.00226	0.00604	0.00424	0.00450	0.00806
65	0.01816	0.01236	0.01478	0.01111	0.01671	0.01004	0.00891	0.05322	0.01766	0.15277	0.07792	0.02394	0.06217	0.00789	0.00632	0.00154	0.00539	0.00646	0.00581	0.48684
66	0.10263	0.10136	0.32158	0.01953	0.04739	0.01698	0.14163	0.02122	0.01565	0.02350	0.04603	0.02196	0.07384	0.00802	0.00694	0.00225	0.00914	0.00691	0.00390	0.00955
67	0.02070	0.01491	0.01736	0.01409	0.01839	0.01578	0.01132	0.30416	0.04685	0.07787	0.01908	0.06710	0.01588	0.01655	0.10809	0.03998	0.04457	0.00738	0.00602	0.13390
68	0.01548	0.16942	0.58294	0.01918	0.02909	0.01908	0.02418	0.02279	0.01524	0.02192	0.01250	0.01466	0.00923	0.00678	0.00649	0.00216	0.01019	0.00510	0.00308	0.01048
69	0.01583	0.01323	0.01652	0.01183	0.01831	0.01016	0.04167	0.01919	0.01539	0.04889	0.01359	0.01566	0.01105	0.00555	0.00561	0.00119	0.00575	0.00463	0.00445	0.72150
70	0.01137	0.00758	0.00975	0.00994	0.01121	0.00726	0.00706	0.01410	0.04737	0.05449	0.27081	0.29600	0.04859	0.10185	0.01289	0.03710	0.00459	0.03458	0.00691	0.00654
71	0.01759	0.01768	0.04871	0.08613	0.60894	0.01724	0.05252	0.02214	0.01642	0.02338	0.01366	0.01808	0.01131	0.00652	0.00726	0.00219	0.00893	0.00654	0.00356	0.01120
72	0.01408	0.01293	0.02021	0.39430	0.03573	0.01351	0.06280	0.01833	0.01517	0.02104	0.04778	0.04220	0.01424	0.00745	0.00690	0.00201	0.00805	0.00671	0.00395	0.25261
73	0.01069	0.00814	0.00906	0.00877	0.01063	0.00761	0.00628	0.05919	0.01709	0.02202	0.16666	0.13219	0.33183	0.16078	0.01417	0.00337	0.00467	0.01395	0.00655	0.00635
74	0.00900	0.00653	0.00850	0.00981	0.01053	0.00603	0.00667	0.01055	0.01486	0.01983	0.11646	0.61287	0.09840	0.02156	0.00915	0.00284	0.00409	0.01942	0.00689	0.00603
75	0.34186	0.01181	0.01201	0.01036	0.01440	0.01245	0.00838	0.02462	0.04296	0.22119	0.01945	0.02022	0.01412	0.01130	0.05710	0.00284	0.00637	0.00589	0.15368	0.00899
76	0.03203	0.01331	0.01745	0.01338	0.01902	0.01207	0.01105	0.11037	0.02237	0.62707	0.02736	0.02389	0.01733	0.00897	0.00731	0.00224	0.00640	0.00722	0.00879	0.01237
77	0.03752	0.00999	0.01246	0.01081	0.01377	0.00959	0.00842	0.09295	0.02161	0.16338	0.43660	0.07722	0.04963	0.01319	0.00810	0.00230	0.00459	0.01138	0.00796	0.00855
78	0.02731	0.01920	0.02079	0.01601	0.02163	0.02103	0.01320	0.60234	0.03242	0.08823	0.01848	0.01838	0.01302	0.00873	0.00717	0.00216	0.00767	0.00661	0.04351	0.01210
79	0.15009	0.01883	0.01972	0.01534	0.02093	0.02077	0.01267	0.52901	0.02983	0.08700	0.01702	0.01703	0.01202	0.00843	0.00683	0.00220	0.00750	0.00618	0.00694	0.01165
80	0.79588	0.01406	0.01068	0.00956	0.01406	0.01631	0.00787	0.02137	0.01237	0.03261	0.01012	0.01181	0.00787	0.00675	0.00450	0.00225	0.00562	0.00394	0.00450	0.00787
81	0.00928	0.00717	0.00819	0.00833	0.00999	0.00638	0.00594	0.01122	0.01647	0.02123	0.21803	0.17602	0.35698	0.09781	0.01181	0.00300	0.00408	0.01516	0.00681	0.00609
82	0.00953	0.00684	0.00808	0.00871	0.00940	0.00643	0.00561	0.01049	0.01335	0.01740	0.06391	0.31806	0.16164	0.30422	0.01998	0.00444	0.00520	0.01544	0.00588	0.00540
83	0.01272	0.00787	0.01034	0.00964	0.01160	0.00721	0.00719	0.01572	0.01952	0.10527	0.52351	0.12309	0.05897	0.04295	0.00959	0.00253	0.00397	0.01317	0.00785	0.00730
84	0.01176	0.00776	0.01019	0.00939	0.01137	0.00711	0.00711	0.01514	0.02059	0.07353	0.65153	0.05235	0.06526	0.01448	0.00849	0.00228	0.00361	0.01276	0.00807	0.00722
85	0.01886	0.01600	0.01687	0.01495	0.01920	0.01844	0.01169	0.09043	0.63299	0.03166	0.02860	0.02633	0.02139	0.00977	0.00739	0.00244	0.00594	0.00808	0.00739	0.01158
86	0.00927	0.00662	0.00858	0.00987	0.01046	0.00622	0.00669	0.01065	0.01420	0.01892	0.08047	0.56039	0.07142	0.10338	0.01237	0.00337	0.00459	0.05012	0.00656	0.00584
87	0.03099	0.01229	0.01655	0.01280	0.01817	0.01080	0.01053	0.05364	0.02120	0.63963	0.07216	0.02646	0.02115	0.00937	0.00739	0.00225	0.00606	0.00767	0.00888	0.01201
88	0.01029	0.00743	0.00972	0.00914	0.01086	0.00686	0.00686	0.01372	0.02058	0.02915	0.69536	0.05430	0.06859	0.01486	0.00857	0.00229	0.00343	0.01315	0.00800	0.00686
89	0.01013	0.00731	0.00957	0.00925	0.01082	0.00675	0.00685	0.01331	0.01983	0.02796	0.62169	0.13137	0.06628	0.01575	0.00865	0.00236	0.00352	0.01399	0.00786	0.00675
90	0.01373	0.01292	0.02180	0.72707	0.05006	0.01615	0.02019	0.01857	0.01453	0.01857	0.01292	0.01938	0.00969	0.00727	0.00727	0.00242	0.00969	0.00646	0.00323	0.00807
91	0.01171	0.00837	0.01171	0.01339	0.01506	0.00837	0.01171	0.01506	0.01673	0.02175	0.03849	0.08199	0.04183	0.02008	0.01004	0.00335	0.00669	0.65027	0.00669	0.00669
92	0.01038	0.00779	0.01168	0.01168	0.01298	0.00909	0.00909	0.01298	0.01168	0.01687	0.01947	0.02856	0.01817	0.05452	0.71573	0.01168	0.01947	0.00779	0.00389	0.00649
93	0.00886	0.00633	0.00843	0.01012	0.01054	0.00590	0.00675	0.01012	0.01392	0.01856	0.04006	0.73979	0.04808	0.02277	0.00928	0.00295	0.00422	0.02066	0.00675	0.00590
94	0.79588	0.01406	0.01068	0.00956	0.01406	0.01631	0.00787	0.02137	0.01237	0.03261	0.01012	0.01181	0.00787	0.00675	0.00450	0.00225	0.00562	0.00394	0.00450	0.00787
95	0.01263	0.00631	0.00947	0.00947	0.00947	0.00631	0.00631	0.00947	0.00947	0.01263	0.01263	0.02210	0.01263	0.02525	0.02841	0.78851	0.00631	0.00631	0.00316	0.00316
96	0.03241	0.01270	0.01707	0.01309	0.01872	0.01117	0.01081	0.06172	0.02136	0.67715	0.02822	0.02444	0.01776	0.00899	0.00731	0.00225	0.00626	0.00728	0.00893	0.01237
97	0.01038	0.00779	0.01168	0.01168	0.01298	0.00909	0.00909	0.01298	0.01168	0.01687	0.01947	0.02856	0.01817	0.05452	0.71573	0.01168	0.01947	0.00779	0.00389	0.00649
98	0.01029	0.00743	0.00972	0.00914	0.01086	0.00686	0.00686	0.01372	0.02058	0.02915	0.69536	0.05430	0.06859	0.01486	0.00857	0.00229	0.00343	0.01315	0.00800	0.00686
99	0.79588	0.01406	0.01068	0.00956	0.01406	0.01631	0.00787	0.02137	0.01237	0.03261	0.01012	0.01181	0.00787	0.00675	0.00450	0.00225	0.00562	0.00394	0.00450	0.00787
100	0.02715	0.03464	0.02060	0.01873	0.02247	0.71536	0.01404	0.02903	0.02060	0.01779	0.01124	0.01311	0.00936	0.00749	0.00655	0.00187	0.01311	0.00468	0.00375	0.00843
101	0.01373	0.01292	0.02180	0.72707	0.05006	0.01615	0.02019	0.01857	0.01453	0.01857	0.01292	0.01938	0.00969	0.00727	0.00727	0.00242	0.00969	0.00646	0.00323	0.00807
102	0.00886	0.00633	0.00843	0.01012	0.01054	0.00590	0.00675	0.01012	0.01392	0.01856	0.04006	0.73979	0.04808	0.02277	0.00928	0.00295	0.00422	0.02066	0.00675	0.00590
103	0.00886	0.00633	0.00843	0.01012	0.01054	0.00590	0.00675	0.01012	0.01392	0.01856	0.04006	0.73979	0.04808	0.02277	0.00928	0.00295	0.00422	0.02066	0.00675	0.00590
104	0.02763	0.02036	0.02182	0.01672	0.02254	0.02254	0.01382	0.67496	0.03418	0.04581	0.01745	0.01745	0.01236	0.00873	0.00727	0.00218	0.00800	0.00654	0.00727	0.01236
105	0.06375	0.01244	0.01662	0.01280	0.01837	0.01091	0.01057	0.03485	0.02046	0.67684	0.02792	0.02421	0.01758	0.00891	0.00720	0.00225	0.00616	0.00717	0.00881	0.01219
106	0.01808	0.01561	0.01644	0.01479	0.01890	0.01808	0.01151	0.03863	0.68606	0.03041	0.02959	0.02712	0.02219	0.00986	0.00740	0.00247	0.00575	0.00822	0.00740	0.01151
107	0.01029	0.00743	0.00972	0.00914	0.01086	0.00686	0.00686	0.01372	0.02058	0.02915	0.69536	0.05430	0.06859	0.01486	0.00857	0.00229	0.00343	0.01315	0.00800	0.00686
108	0.01458	0.03760	0.70688	0.02072	0.03146	0.01688	0.02686	0.02302	0.01535	0.02302	0.01304	0.01535	0.00921	0.00691	0.00691	0.00230	0.01074	0.00537	0.00307	0.01074
109	0.01049	0.00776	0.01152	0.01152	0.01283	0.00901	0.00896	0.01311	0.01180	0.01721	0.01961	0.02851	0.01819	0.05301	0.69251	0.01136	0.01894	0.00776	0.02942	0.00650

[dist]
# distance from previous block
# <min> <max>
1	22

[block]
# block no. 1 follows, 28 sequences, length 49
# corresponding to MSA columns:
# 238-286
name=unknown_B
#
# <colnr> <probs for GDERKNQSTAVLIFYWHMCP>
#	G	D	E	R	K	N	Q	S	T	A	V	L	I	F	Y	W	H	M	C	P
0	0.01396	0.03447	0.63458	0.01934	0.02922	0.01577	0.02465	0.02172	0.01547	0.02267	0.01931	0.02099	0.08022	0.00810	0.00708	0.00232	0.01001	0.00640	0.00345	0.01027
1	0.01763	0.01534	0.01699	0.08841	0.02212	0.01788	0.01240	0.03655	0.61665	0.02918	0.02786	0.02632	0.02090	0.00959	0.00738	0.00246	0.00616	0.00804	0.00697	0.01115
2	0.71504	0.01394	0.01183	0.08372	0.01778	0.01629	0.00915	0.02108	0.01259	0.03116	0.01041	0.01259	0.00806	0.00680	0.00478	0.00227	0.00604	0.00420	0.00437	0.00789
3	0.01241	0.00639	0.00931	0.00931	0.00931	0.00639	0.00612	0.00958	0.00958	0.01278	0.01369	0.02473	0.01405	0.09960	0.02930	0.70774	0.00639	0.00675	0.00329	0.00329
4	0.01087	0.00832	0.01203	0.01159	0.01342	0.00915	0.00904	0.01353	0.01203	0.01758	0.01879	0.02716	0.01741	0.04944	0.64231	0.01059	0.01801	0.00743	0.00394	0.08737
5	0.01920	0.67353	0.03859	0.01432	0.02065	0.02769	0.08069	0.02192	0.01502	0.01774	0.01058	0.01248	0.00950	0.00621	0.00507	0.00165	0.00824	0.00437	0.00317	0.00938
6	0.71699	0.01388	0.01132	0.00991	0.01452	0.01573	0.00816	0.02282	0.01324	0.10203	0.01204	0.01315	0.00892	0.00698	0.00479	0.00225	0.00568	0.00428	0.00496	0.00834
7	0.01630	0.01824	0.03933	0.02852	0.03515	0.01709	0.60395	0.02192	0.01682	0.02280	0.01733	0.09404	0.01486	0.00785	0.00865	0.00250	0.01142	0.00983	0.00399	0.00940
8	0.00912	0.00744	0.00810	0.00809	0.01035	0.00642	0.00617	0.01137	0.01737	0.02166	0.19497	0.06759	0.53112	0.01781	0.00868	0.00248	0.00382	0.05414	0.00700	0.00631
9	0.01263	0.00631	0.00947	0.00947	0.00947	0.00631	0.00631	0.00947	0.00947	0.01263	0.01263	0.02210	0.01263	0.02525	0.02841	0.78851	0.00631	0.00631	0.00316	0.00316
10	0.01029	0.00743	0.00972	0.00914	0.01086	0.00686	0.00686	0.01372	0.02058	0.02915	0.69536	0.05430	0.06859	0.01486	0.00857	0.00229	0.00343	0.01315	0.00800	0.00686
11	0.01799	0.01727	0.02950	0.04462	0.69919	0.01727	0.02231	0.02231	0.01655	0.02375	0.01367	0.01799	0.01151	0.00648	0.00720	0.00216	0.00864	0.00648	0.00360	0.01151
12	0.01808	0.01561	0.01644	0.01479	0.01890	0.01808	0.01151	0.03863	0.68606	0.03041	0.02959	0.02712	0.02219	0.00986	0.00740	0.00247	0.00575	0.00822	0.00740	0.01151
13	0.02550	0.01296	0.01640	0.01226	0.01822	0.01085	0.01002	0.05883	0.01919	0.40635	0.02197	0.02061	0.01489	0.00757	0.00655	0.00179	0.00596	0.00610	0.00708	0.31691
14	0.01486	0.03562	0.63377	0.02181	0.03218	0.01705	0.09798	0.02305	0.01555	0.02305	0.01323	0.01582	0.00941	0.00682	0.00709	0.00232	0.01091	0.00572	0.00314	0.01064
15	0.01019	0.00743	0.00958	0.00904	0.01080	0.00682	0.00678	0.01353	0.02035	0.02861	0.66030	0.05518	0.10398	0.01506	0.00857	0.00230	0.00344	0.01327	0.00793	0.00682
16	0.00886	0.00633	0.00843	0.01012	0.01054	0.00590	0.00675	0.01012	0.01392	0.01856	0.04006	0.73979	0.04808	0.02277	0.00928	0.00295	0.00422	0.02066	0.00675	0.00590
17	0.03242	0.01268	0.01706	0.01308	0.01871	0.01114	0.01080	0.05986	0.02132	0.67907	0.02825	0.02446	0.01778	0.00899	0.00731	0.00225	0.00625	0.00728	0.00893	0.01237
18	0.01373	0.01292	0.02180	0.72707	0.05006	0.01615	0.02019	0.01857	0.01453	0.01857	0.01292	0.01938	0.00969	0.00727	0.00727	0.00242	0.00969	0.00646	0.00323	0.00807
19	0.01943	0.74891	0.03809	0.01244	0.01866	0.02876	0.01244	0.02177	0.01477	0.01710	0.01011	0.01166	0.00933	0.00622	0.00466	0.00155	0.00777	0.00389	0.00311	0.00933
20	0.01373	0.01292	0.02180	0.72707	0.05006	0.01615	0.02019	0.01857	0.01453	0.01857	0.01292	0.01938	0.00969	0.00727	0.00727	0.00242	0.00969	0.00646	0.00323	0.00807
21	0.00886	0.00633	0.00843	0.01012	0.01054	0.00590	0.00675	0.01012	0.01392	0.01856	0.04006	0.73979	0.04808	0.02277	0.00928	0.00295	0.00422	0.02066	0.00675	0.00590
22	0.00886	0.00633	0.00843	0.01012	0.01054	0.00590	0.00675	0.01012	0.01392	0.01856	0.04006	0.73979	0.04808	0.02277	0.00928	0.00295	0.00422	0.02066	0.00675	0.00590
23	0.79588	0.01406	0.01068	0.00956	0.01406	0.01631	0.00787	0.02137	0.01237	0.03261	0.01012	0.01181	0.00787	0.00675	0.00450	0.00225	0.00562	0.00394	0.00450	0.00787
24	0.02763	0.02036	0.02182	0.01672	0.02254	0.02254	0.01382	0.67496	0.03418	0.04581	0.01745	0.01745	0.01236	0.00873	0.00727	0.00218	0.00800	0.00654	0.00727	0.01236
25	0.01056	0.00708	0.00810	0.00810	0.00815	0.00714	0.00461	0.01068	0.01062	0.01422	0.02275	0.04672	0.02606	0.71363	0.06740	0.00725	0.00760	0.01045	0.00438	0.00450
26	0.02598	0.01922	0.02237	0.01726	0.02297	0.02095	0.06144	0.50799	0.11393	0.08292	0.01947	0.01927	0.01385	0.00870	0.00739	0.00224	0.00792	0.00695	0.00713	0.01207
27	0.01029	0.00743	0.00972	0.00914	0.01086	0.00686	0.00686	0.01372	0.02058	0.02915	0.69536	0.05430	0.06859	0.01486	0.00857	0.00229	0.00343	0.01315	0.00800	0.00686
28	0.01800	0.01717	0.02870	0.04277	0.65716	0.01732	0.02164	0.02332	0.05792	0.02416	0.01466	0.01855	0.01217	0.00669	0.00721	0.00218	0.00846	0.00658	0.00383	0.01151
29	0.01507	0.01292	0.01507	0.01077	0.01723	0.00969	0.00861	0.01830	0.01507	0.02369	0.01292	0.01507	0.01077	0.00538	0.00538	0.00108	0.00538	0.00431	0.00431	0.78898
30	0.01021	0.00743	0.00961	0.00906	0.01081	0.00682	0.00680	0.01356	0.02039	0.02870	0.66608	0.05504	0.09815	0.01503	0.00857	0.00229	0.00344	0.01325	0.00794	0.00682
31	0.00886	0.00633	0.00843	0.01012	0.01054	0.00590	0.00675	0.01012	0.01392	0.01856	0.04006	0.73979	0.04808	0.02277	0.00928	0.00295	0.00422	0.02066	0.00675	0.00590
32	0.18743	0.01861	0.01817	0.01457	0.01977	0.07343	0.01188	0.36557	0.04847	0.12403	0.01889	0.01870	0.03176	0.00857	0.00668	0.00220	0.00747	0.00626	0.00663	0.01091
33	0.01388	0.01308	0.02208	0.70217	0.07375	0.01619	0.02026	0.01871	0.01461	0.01876	0.01295	0.01933	0.00976	0.00724	0.00726	0.00241	0.00965	0.00646	0.00324	0.00820
34	0.00886	0.00633	0.00843	0.01012	0.01054	0.00590	0.00675	0.01012	0.01392	0.01856	0.04006	0.73979	0.04808	0.02277	0.00928	0.00295	0.00422	0.02066	0.00675	0.00590
35	0.01799	0.01727	0.02950	0.04462	0.69919	0.01727	0.02231	0.02231	0.01655	0.02375	0.01367	0.01799	0.01151	0.00648	0.00720	0.00216	0.00864	0.00648	0.00360	0.01151
36	0.01805	0.02028	0.01510	0.01417	0.01674	0.33963	0.01068	0.02023	0.01719	0.01867	0.08449	0.02874	0.09245	0.04473	0.22125	0.00508	0.01293	0.00773	0.00453	0.00733
37	0.01849	0.01582	0.01667	0.01488	0.01906	0.01827	0.01161	0.06604	0.65798	0.03107	0.02906	0.02670	0.02177	0.00981	0.00739	0.00245	0.00585	0.00815	0.00739	0.01154
38	0.00886	0.00633	0.00843	0.01012	0.01054	0.00590	0.00675	0.01012	0.01392	0.01856	0.04006	0.73979	0.04808	0.02277	0.00928	0.00295	0.00422	0.02066	0.00675	0.00590
39	0.01008	0.00734	0.00948	0.00912	0.01077	0.00674	0.00677	0.01324	0.01982	0.02776	0.60729	0.10950	0.10347	0.01569	0.00863	0.00235	0.00351	0.01387	0.00783	0.00674
40	0.08179	0.01192	0.01282	0.01134	0.01481	0.01255	0.00888	0.08675	0.21140	0.08125	0.16948	0.03839	0.15760	0.01198	0.00746	0.00232	0.00498	0.00989	0.05530	0.00909
41	0.00886	0.00633	0.00843	0.01012	0.01054	0.00590	0.00675	0.01012	0.01392	0.01856	0.04006	0.73979	0.04808	0.02277	0.00928	0.00295	0.00422	0.02066	0.00675	0.00590
42	0.19777	0.01246	0.01512	0.01198	0.01714	0.01169	0.00986	0.03114	0.01895	0.51973	0.06222	0.02359	0.01864	0.00884	0.00677	0.00225	0.00591	0.00690	0.00796	0.01108
43	0.01932	0.01142	0.01376	0.01233	0.01578	0.01153	0.00950	0.02772	0.24095	0.23317	0.09630	0.19002	0.06010	0.01332	0.00795	0.00249	0.00523	0.01149	0.00777	0.00985
44	0.02548	0.01784	0.01942	0.01526	0.02033	0.01943	0.01241	0.53745	0.03033	0.08281	0.02007	0.06437	0.01570	0.03112	0.00815	0.00235	0.00736	0.00760	0.05111	0.01141
45	0.00883	0.00642	0.00833	0.00986	0.01048	0.00593	0.00663	0.01015	0.01416	0.01866	0.04319	0.67744	0.10841	0.02237	0.00921	0.00291	0.00417	0.02017	0.00675	0.00593
46	0.00966	0.00688	0.00811	0.00864	0.00927	0.00651	0.00551	0.01058	0.01323	0.01733	0.07478	0.28274	0.14466	0.34461	0.02153	0.00467	0.00535	0.01486	0.00577	0.00532
47	0.03970	0.00907	0.01129	0.01046	0.01297	0.00859	0.00807	0.05734	0.01951	0.13051	0.32694	0.16041	0.10706	0.01525	0.00837	0.00246	0.00455	0.05199	0.00760	0.00784
48	0.01350	0.00747	0.00812	0.00780	0.00953	0.00748	0.00581	0.04526	0.01647	0.02702	0.13170	0.03148	0.02638	0.03522	0.00813	0.04636	0.00389	0.00790	0.55375	0.00676

[dist]
# distance from previous block
# <min> <max>
12	23

[block]
# block no. 2 follows, 28 sequences, length 32
# corresponding to MSA columns:
# 310-341
name=unknown_C
#
# <colnr> <probs for GDERKNQSTAVLIFYWHMCP>
#	G	D	E	R	K	N	Q	S	T	A	V	L	I	F	Y	W	H	M	C	P
0	0.01691	0.06303	0.20124	0.15632	0.13386	0.10636	0.08070	0.02272	0.04832	0.02159	0.04079	0.01971	0.01344	0.03473	0.00822	0.00240	0.00984	0.00651	0.00378	0.00955
1	0.06758	0.14765	0.43259	0.01824	0.02703	0.01809	0.05638	0.02426	0.01583	0.10669	0.01440	0.01591	0.01032	0.00700	0.00653	0.00218	0.00945	0.00545	0.00393	0.01048
2	0.04924	0.04828	0.01853	0.12895	0.02365	0.01394	0.01216	0.08221	0.06628	0.31112	0.02087	0.02062	0.01441	0.00789	0.00674	0.00204	0.00679	0.00635	0.00652	0.15343
3	0.39096	0.01583	0.04181	0.16087	0.04456	0.01722	0.01281	0.12849	0.04937	0.05608	0.01373	0.01583	0.01020	0.00741	0.00594	0.00228	0.00716	0.00534	0.00491	0.00920
4	0.27917	0.15357	0.04327	0.01245	0.01730	0.06818	0.01082	0.12797	0.01880	0.06911	0.11655	0.02012	0.01883	0.00839	0.00600	0.00209	0.00683	0.00605	0.00538	0.00912
5	0.01327	0.01336	0.05327	0.55589	0.04268	0.01475	0.03835	0.01788	0.01474	0.01913	0.01729	0.09332	0.01554	0.00956	0.00767	0.00253	0.00909	0.04993	0.00380	0.00795
6	0.02146	0.01210	0.01495	0.01200	0.01650	0.01123	0.00961	0.09766	0.06898	0.26908	0.22519	0.03141	0.03169	0.01020	0.00738	0.00208	0.00540	0.00855	0.00763	0.13691
7	0.00929	0.00739	0.00833	0.00810	0.01025	0.00643	0.00607	0.01179	0.01822	0.02356	0.32976	0.06351	0.43768	0.01695	0.00858	0.00239	0.00358	0.01444	0.00727	0.00643
8	0.01632	0.01298	0.01608	0.07681	0.02040	0.01079	0.01008	0.01961	0.01533	0.07496	0.01401	0.01623	0.01118	0.00609	0.00634	0.00136	0.03099	0.00480	0.00453	0.63111
9	0.79588	0.01406	0.01068	0.00956	0.01406	0.01631	0.00787	0.02137	0.01237	0.03261	0.01012	0.01181	0.00787	0.00675	0.00450	0.00225	0.00562	0.00394	0.00450	0.00787
10	0.01441	0.00836	0.01095	0.00977	0.01226	0.00754	0.00752	0.01765	0.02043	0.15574	0.54056	0.04948	0.08869	0.01392	0.00834	0.00229	0.00396	0.01215	0.00813	0.00786
11	0.01038	0.00779	0.01168	0.01168	0.01298	0.00909	0.00909	0.01298	0.01168	0.01687	0.01947	0.02856	0.01817	0.05452	0.71573	0.01168	0.01947	0.00779	0.00389	0.00649
12	0.02573	0.12995	0.02343	0.04246	0.02294	0.40344	0.01398	0.20566	0.02331	0.02544	0.01285	0.01433	0.01020	0.00765	0.00651	0.00193	0.01083	0.00515	0.00461	0.00963
13	0.01917	0.71029	0.07441	0.01289	0.01935	0.02812	0.01322	0.02183	0.01480	0.01742	0.01027	0.01186	0.00932	0.00626	0.00479	0.00160	0.00793	0.00397	0.00311	0.00941
14	0.01699	0.29532	0.42869	0.01761	0.02635	0.05755	0.02096	0.02288	0.01541	0.02060	0.01189	0.01389	0.00926	0.00669	0.00608	0.00201	0.00979	0.00480	0.00312	0.01011
15	0.02608	0.01959	0.02094	0.01641	0.02195	0.02182	0.01344	0.57150	0.14016	0.04331	0.01942	0.01902	0.01396	0.00891	0.00729	0.00223	0.00763	0.00682	0.00729	0.01222
16	0.03261	0.01237	0.01687	0.01293	0.01856	0.01068	0.01068	0.03543	0.02081	0.70423	0.02868	0.02474	0.01799	0.00900	0.00731	0.00225	0.00619	0.00731	0.00900	0.01237
17	0.01393	0.01313	0.02217	0.69441	0.08113	0.01620	0.02029	0.01875	0.01463	0.01882	0.01296	0.01931	0.00978	0.00723	0.00726	0.00241	0.00964	0.00646	0.00325	0.00824
18	0.02372	0.01703	0.01867	0.01521	0.01999	0.01864	0.01222	0.41518	0.16079	0.08894	0.02359	0.11168	0.01929	0.01076	0.00755	0.00234	0.00693	0.00873	0.00736	0.01137
19	0.01057	0.00705	0.00793	0.00793	0.00793	0.00705	0.00440	0.01057	0.01057	0.01409	0.02290	0.04757	0.02643	0.74454	0.03700	0.00705	0.00705	0.01057	0.00440	0.00440
20	0.01458	0.03760	0.70688	0.02072	0.03146	0.01688	0.02686	0.02302	0.01535	0.02302	0.01304	0.01535	0.00921	0.00691	0.00691	0.00230	0.01074	0.00537	0.00307	0.01074
21	0.01507	0.01292	0.01507	0.01077	0.01723	0.00969	0.00861	0.01830	0.01507	0.02369	0.01292	0.01507	0.01077	0.00538	0.00538	0.00108	0.00538	0.00431	0.00431	0.78898
22	0.01879	0.56290	0.18829	0.01432	0.02154	0.02546	0.01563	0.02252	0.01511	0.04221	0.01141	0.01294	0.00960	0.00647	0.00526	0.00175	0.00839	0.00434	0.00330	0.00975
23	0.03174	0.01359	0.05011	0.01331	0.01918	0.01098	0.01146	0.03483	0.02054	0.67141	0.02792	0.02429	0.01757	0.00890	0.00729	0.00225	0.00640	0.00722	0.00871	0.01229
24	0.01057	0.00705	0.00793	0.00793	0.00793	0.00705	0.00440	0.01057	0.01057	0.01409	0.02290	0.04757	0.02643	0.74454	0.03700	0.00705	0.00705	0.01057	0.00440	0.00440
25	0.01357	0.00736	0.00822	0.07588	0.01246	0.00767	0.00653	0.01709	0.01518	0.02628	0.02268	0.02636	0.01777	0.00835	0.00529	0.00176	0.00399	0.00674	0.70990	0.00690
26	0.72140	0.08456	0.01331	0.00984	0.01450	0.01750	0.00831	0.02141	0.01260	0.03113	0.01012	0.01179	0.00801	0.00670	0.00451	0.00218	0.00583	0.00393	0.00437	0.00801
27	0.11123	0.03145	0.53004	0.01824	0.02735	0.01620	0.02224	0.04757	0.01564	0.02493	0.01407	0.04760	0.01099	0.00760	0.00666	0.00226	0.00946	0.00588	0.00363	0.04696
28	0.05398	0.04354	0.07725	0.01318	0.01986	0.01302	0.04078	0.08427	0.01713	0.04954	0.01377	0.01559	0.01086	0.00610	0.00584	0.00147	0.00654	0.00488	0.00459	0.51782
29	0.25535	0.08345	0.11587	0.01340	0.01922	0.03779	0.01256	0.13618	0.01839	0.06503	0.04513	0.01907	0.01397	0.00793	0.00606	0.00207	0.00713	0.03059	0.00509	0.10571
30	0.01733	0.01157	0.03730	0.01197	0.01537	0.01036	0.00946	0.10269	0.05332	0.16564	0.03420	0.31936	0.08984	0.01513	0.00806	0.00247	0.00546	0.01314	0.00699	0.07036
31	0.01861	0.26124	0.02660	0.01456	0.02034	0.01911	0.09127	0.13834	0.01885	0.02562	0.03974	0.04062	0.01433	0.00742	0.00610	0.00174	0.00729	0.00606	0.03973	0.20242

[dist]
# distance from previous block
# <min> <max>
0	49

# created by:
# /st0/software/busco_prod/Augustus/scripts/msa2prfl.pl ./align_prep/139195.fa
