[name]
unknown

[dist]
# distance from previous block
# <min> <max>
0	23

[block]
# block no. 0 follows, 28 sequences, length 8
# corresponding to MSA columns:
# 23-30
name=unknown_A
#
# <colnr> <probs for GDERKNQSTAVLIFYWHMCP>
#	G	D	E	R	K	N	Q	S	T	A	V	L	I	F	Y	W	H	M	C	P
0	0.03861	0.01664	0.01994	0.14635	0.04840	0.11474	0.03243	0.01953	0.01480	0.02000	0.01516	0.02518	0.01423	0.01040	0.01233	0.00250	0.23071	0.09449	0.00398	0.11959
1	0.01438	0.00907	0.01113	0.01107	0.01284	0.00910	0.00802	0.01889	0.12322	0.11410	0.03227	0.27680	0.03355	0.20175	0.01583	0.00386	0.00573	0.08443	0.00656	0.00741
2	0.02434	0.01214	0.01541	0.04116	0.01839	0.01174	0.01044	0.03104	0.16786	0.40262	0.06043	0.07497	0.07459	0.01096	0.00760	0.00237	0.00580	0.00918	0.00805	0.01089
3	0.02369	0.21084	0.02527	0.01711	0.02105	0.41808	0.01389	0.05305	0.01841	0.01877	0.01098	0.01331	0.00951	0.00794	0.00849	0.00199	0.11042	0.00479	0.00366	0.00876
4	0.00904	0.00655	0.00854	0.00980	0.01054	0.00605	0.00668	0.01064	0.01502	0.02009	0.13261	0.59903	0.09579	0.02138	0.00913	0.00283	0.00407	0.01926	0.00692	0.00605
5	0.02458	0.03042	0.02031	0.01836	0.02144	0.57593	0.01402	0.02645	0.01874	0.01769	0.01148	0.01441	0.00991	0.01099	0.05063	0.00263	0.11498	0.00510	0.00367	0.00825
6	0.38810	0.01393	0.01476	0.11004	0.02059	0.01572	0.03819	0.11015	0.04673	0.03061	0.01805	0.01992	0.05556	0.00813	0.00589	0.00224	0.00645	0.00605	0.08035	0.00854
7	0.04616	0.00786	0.00933	0.01015	0.03452	0.00718	0.00701	0.01265	0.01612	0.04905	0.13141	0.29478	0.31108	0.01816	0.00854	0.00258	0.00420	0.01577	0.00678	0.00666

[dist]
# distance from previous block
# <min> <max>
1	2

[block]
# block no. 1 follows, 28 sequences, length 9
# corresponding to MSA columns:
# 33-41
name=unknown_B
#
# <colnr> <probs for GDERKNQSTAVLIFYWHMCP>
#	G	D	E	R	K	N	Q	S	T	A	V	L	I	F	Y	W	H	M	C	P
0	0.01883	0.02972	0.34301	0.02397	0.15311	0.12910	0.02135	0.09045	0.07550	0.02523	0.01473	0.01670	0.01109	0.00735	0.00698	0.00221	0.01003	0.00583	0.00407	0.01074
1	0.02079	0.01530	0.01612	0.01412	0.01819	0.05407	0.01102	0.10108	0.36653	0.14733	0.02980	0.10504	0.04577	0.01118	0.00757	0.00242	0.00623	0.00931	0.00737	0.01077
2	0.01010	0.00713	0.00892	0.01001	0.01087	0.00683	0.00683	0.04333	0.01500	0.02025	0.03928	0.59673	0.08146	0.05134	0.01007	0.00299	0.00445	0.01847	0.04971	0.00622
3	0.01625	0.01325	0.01502	0.01142	0.01695	0.01141	0.00909	0.13699	0.01868	0.02696	0.02245	0.06290	0.09408	0.00851	0.00633	0.00155	0.00559	0.00694	0.00528	0.51034
4	0.02229	0.01366	0.01555	0.01269	0.01722	0.05229	0.01001	0.11326	0.04308	0.25627	0.06281	0.12642	0.02255	0.01093	0.00779	0.02283	0.00622	0.00872	0.00691	0.16852
5	0.01233	0.00847	0.00979	0.00954	0.01193	0.00782	0.00710	0.01616	0.08266	0.09432	0.12759	0.21768	0.33278	0.01720	0.00850	0.00253	0.00425	0.01480	0.00719	0.00735
6	0.01498	0.01267	0.01495	0.01291	0.04640	0.01148	0.00954	0.05629	0.09861	0.02442	0.02417	0.08534	0.08873	0.02857	0.00800	0.00190	0.03233	0.00782	0.00525	0.41564
7	0.01875	0.01613	0.02284	0.09159	0.37728	0.06920	0.01699	0.02257	0.01674	0.08126	0.01580	0.01907	0.01250	0.00696	0.00672	0.00200	0.00790	0.00621	0.09634	0.09315
8	0.00987	0.00764	0.01053	0.01337	0.08357	0.00719	0.00816	0.01147	0.01437	0.01904	0.04049	0.55420	0.11989	0.05146	0.01016	0.00298	0.00475	0.01809	0.00631	0.00646

[dist]
# distance from previous block
# <min> <max>
3	7

[block]
# block no. 2 follows, 28 sequences, length 9
# corresponding to MSA columns:
# 49-57
name=unknown_C
#
# <colnr> <probs for GDERKNQSTAVLIFYWHMCP>
#	G	D	E	R	K	N	Q	S	T	A	V	L	I	F	Y	W	H	M	C	P
0	0.01498	0.01385	0.02364	0.25892	0.06257	0.01457	0.16315	0.04726	0.01557	0.02107	0.01734	0.05575	0.04236	0.01008	0.01029	0.08161	0.03749	0.00775	0.00396	0.09779
1	0.01810	0.01708	0.02575	0.16437	0.43283	0.04784	0.01962	0.07283	0.01761	0.02425	0.01365	0.01772	0.01108	0.00674	0.00702	0.00210	0.00868	0.00620	0.00389	0.08265
2	0.01570	0.08186	0.02321	0.24122	0.23895	0.01657	0.01732	0.02195	0.10438	0.02226	0.03906	0.02805	0.03681	0.00910	0.00738	0.00236	0.00801	0.07186	0.00447	0.00948
3	0.15593	0.01247	0.01384	0.01170	0.01571	0.01262	0.00926	0.12105	0.07391	0.14046	0.17429	0.09969	0.02947	0.01099	0.00711	0.00222	0.00542	0.00904	0.00689	0.08795
4	0.09175	0.01665	0.02417	0.02921	0.33916	0.04749	0.07645	0.05255	0.07063	0.09463	0.01706	0.01945	0.01313	0.00729	0.00691	0.00218	0.00797	0.00660	0.06608	0.01063
5	0.01631	0.01399	0.08404	0.10946	0.02107	0.01195	0.01199	0.09406	0.05348	0.11536	0.15973	0.03804	0.18260	0.01170	0.00771	0.00228	0.00617	0.00980	0.00641	0.04383
6	0.03437	0.01125	0.01182	0.01082	0.01367	0.05281	0.00844	0.07562	0.04593	0.08802	0.19917	0.05066	0.23224	0.05661	0.00986	0.00269	0.00545	0.07585	0.00695	0.00779
7	0.32329	0.01756	0.05796	0.07896	0.02100	0.05722	0.01203	0.17611	0.05137	0.05620	0.01895	0.01990	0.06441	0.00846	0.00624	0.00226	0.00718	0.00614	0.00538	0.00936
8	0.01277	0.00989	0.01378	0.01500	0.09892	0.01016	0.04234	0.03980	0.01418	0.02002	0.02654	0.16841	0.06393	0.27003	0.01896	0.00406	0.05091	0.01124	0.10227	0.00679

[dist]
# distance from previous block
# <min> <max>
5	18

[block]
# block no. 3 follows, 28 sequences, length 6
# corresponding to MSA columns:
# 76-81
name=unknown_D
#
# <colnr> <probs for GDERKNQSTAVLIFYWHMCP>
#	G	D	E	R	K	N	Q	S	T	A	V	L	I	F	Y	W	H	M	C	P
0	0.01661	0.22199	0.02501	0.01553	0.01898	0.04030	0.08273	0.06415	0.01562	0.02091	0.01796	0.16374	0.01823	0.01134	0.01056	0.00234	0.16750	0.00875	0.04554	0.03221
1	0.01940	0.01522	0.01975	0.01501	0.02065	0.01436	0.08840	0.20260	0.05129	0.07079	0.01876	0.08831	0.01585	0.00852	0.00687	0.00186	0.00687	0.00739	0.00572	0.32238
2	0.01357	0.00905	0.01092	0.01033	0.01281	0.00849	0.00764	0.01793	0.09781	0.10499	0.16088	0.24690	0.14967	0.04916	0.00956	0.00266	0.00462	0.01367	0.00705	0.06228
3	0.01709	0.01751	0.03343	0.03022	0.19090	0.01745	0.36078	0.06108	0.01726	0.02386	0.01671	0.08926	0.01474	0.00851	0.00943	0.00247	0.06638	0.00896	0.00414	0.00984
4	0.01658	0.01391	0.01655	0.01446	0.01805	0.05555	0.07453	0.02626	0.28187	0.07553	0.03248	0.14238	0.09344	0.04597	0.00924	0.00268	0.00649	0.03120	0.00650	0.03633
5	0.01855	0.01576	0.01673	0.01464	0.01904	0.01779	0.01146	0.08347	0.58919	0.03103	0.02748	0.02553	0.02063	0.00945	0.00724	0.00234	0.00589	0.00781	0.00716	0.06881

[dist]
# distance from previous block
# <min> <max>
5	7

[block]
# block no. 4 follows, 28 sequences, length 12
# corresponding to MSA columns:
# 89-100
name=unknown_E
#
# <colnr> <probs for GDERKNQSTAVLIFYWHMCP>
#	G	D	E	R	K	N	Q	S	T	A	V	L	I	F	Y	W	H	M	C	P
0	0.41274	0.01503	0.01413	0.01176	0.01614	0.01676	0.00942	0.22554	0.01940	0.06883	0.01505	0.01894	0.01224	0.10436	0.00978	0.00286	0.00658	0.00580	0.00559	0.00906
1	0.01276	0.00754	0.00954	0.00987	0.01144	0.00682	0.00693	0.01425	0.01516	0.12752	0.04254	0.43993	0.15614	0.08985	0.01153	0.00315	0.00471	0.01661	0.00688	0.00683
2	0.16184	0.01231	0.01428	0.01184	0.01616	0.01227	0.00953	0.06748	0.09028	0.30821	0.18684	0.02942	0.02858	0.01009	0.00712	0.00228	0.00548	0.00817	0.00767	0.01013
3	0.02492	0.01873	0.01999	0.01574	0.02107	0.02067	0.01287	0.54300	0.11334	0.04181	0.02346	0.02286	0.06843	0.00964	0.00739	0.00224	0.00737	0.00746	0.00725	0.01176
4	0.00895	0.00720	0.00802	0.00839	0.01031	0.00626	0.00619	0.01090	0.01641	0.02044	0.12625	0.21055	0.46793	0.01906	0.00880	0.00258	0.00391	0.04480	0.00687	0.00618
5	0.15569	0.01210	0.01481	0.01187	0.01665	0.01139	0.00968	0.05163	0.01983	0.45623	0.13719	0.02730	0.02461	0.00960	0.00705	0.00225	0.00569	0.00770	0.00802	0.01070
6	0.00958	0.00714	0.00901	0.01033	0.01117	0.00690	0.00705	0.01243	0.06799	0.01957	0.04130	0.64125	0.08604	0.02147	0.00908	0.00288	0.00431	0.01934	0.00680	0.00637
7	0.01289	0.01006	0.01116	0.01058	0.01264	0.01055	0.00759	0.04423	0.20966	0.02352	0.13415	0.11757	0.12852	0.21577	0.01610	0.00374	0.00539	0.01186	0.00650	0.00753
8	0.46465	0.01232	0.01210	0.01043	0.01446	0.01316	0.00835	0.02305	0.01409	0.20494	0.01540	0.01692	0.01132	0.01044	0.00925	0.13433	0.00589	0.00522	0.00545	0.00826
9	0.02165	0.02391	0.02008	0.01695	0.02145	0.33363	0.07004	0.07901	0.12717	0.02345	0.02096	0.02178	0.07548	0.00860	0.00697	0.00200	0.00962	0.00668	0.00496	0.10562
10	0.02021	0.01431	0.01580	0.01322	0.01665	0.01540	0.01009	0.35108	0.05280	0.05884	0.02313	0.13085	0.02189	0.20417	0.01538	0.00359	0.00703	0.00975	0.00652	0.00930
11	0.31353	0.04948	0.01722	0.10882	0.02180	0.11857	0.01202	0.10038	0.05139	0.04521	0.01346	0.01563	0.01043	0.00783	0.00707	0.00223	0.05724	0.00527	0.03358	0.00884

[dist]
# distance from previous block
# <min> <max>
5	10

[block]
# block no. 5 follows, 28 sequences, length 6
# corresponding to MSA columns:
# 111-116
name=unknown_F
#
# <colnr> <probs for GDERKNQSTAVLIFYWHMCP>
#	G	D	E	R	K	N	Q	S	T	A	V	L	I	F	Y	W	H	M	C	P
0	0.06120	0.37598	0.11832	0.01483	0.02094	0.17619	0.01426	0.02508	0.01671	0.09769	0.01287	0.01397	0.01024	0.00694	0.00567	0.00184	0.00905	0.00465	0.00399	0.00959
1	0.02715	0.03464	0.02060	0.01873	0.02247	0.71536	0.01404	0.02903	0.02060	0.01779	0.01124	0.01311	0.00936	0.00749	0.00655	0.00187	0.01311	0.00468	0.00375	0.00843
2	0.60384	0.01749	0.09483	0.01361	0.01920	0.01665	0.09746	0.02181	0.01334	0.03029	0.01106	0.01324	0.00844	0.00668	0.00531	0.00228	0.00708	0.00471	0.00423	0.00846
3	0.01021	0.00708	0.00888	0.00920	0.00958	0.00730	0.00592	0.01104	0.01145	0.01557	0.02532	0.17243	0.02857	0.45147	0.18756	0.00735	0.00937	0.01182	0.00472	0.00516
4	0.01227	0.00644	0.00920	0.00920	0.00920	0.00644	0.00598	0.00966	0.00966	0.01288	0.01442	0.02655	0.01504	0.15092	0.02991	0.65198	0.00644	0.00706	0.00337	0.00337
5	0.00953	0.00787	0.01069	0.01038	0.01231	0.00704	0.05560	0.01164	0.01603	0.02058	0.12779	0.32873	0.31727	0.01881	0.00886	0.00263	0.00450	0.01669	0.00667	0.00640

[dist]
# distance from previous block
# <min> <max>
11	13

[block]
# block no. 6 follows, 28 sequences, length 79
# corresponding to MSA columns:
# 131-176,178-210
name=unknown_G
#
# <colnr> <probs for GDERKNQSTAVLIFYWHMCP>
#	G	D	E	R	K	N	Q	S	T	A	V	L	I	F	Y	W	H	M	C	P
0	0.02177	0.11148	0.07695	0.02631	0.24105	0.33085	0.01741	0.02504	0.01807	0.02018	0.01304	0.01725	0.01125	0.00744	0.00670	0.00202	0.01062	0.02926	0.00368	0.00964
1	0.00860	0.00732	0.00741	0.00748	0.00985	0.00613	0.00557	0.01042	0.01646	0.01959	0.07227	0.09729	0.66980	0.01859	0.00862	0.00247	0.00370	0.01556	0.00675	0.00613
2	0.05024	0.03825	0.01409	0.01115	0.01510	0.01077	0.00889	0.02552	0.09273	0.31168	0.15056	0.03801	0.14385	0.04548	0.00892	0.00251	0.00531	0.00970	0.00766	0.00959
3	0.02715	0.03464	0.02060	0.01873	0.02247	0.71536	0.01404	0.02903	0.02060	0.01779	0.01124	0.01311	0.00936	0.00749	0.00655	0.00187	0.01311	0.00468	0.00375	0.00843
4	0.01591	0.03077	0.49862	0.02537	0.18050	0.01629	0.02439	0.02291	0.01580	0.05235	0.01487	0.04332	0.01155	0.00749	0.00708	0.00229	0.00983	0.00627	0.00358	0.01081
5	0.01668	0.05674	0.28928	0.03283	0.35406	0.01772	0.08396	0.02265	0.01607	0.02314	0.01338	0.01686	0.01050	0.00660	0.00710	0.00221	0.00974	0.00614	0.00338	0.01097
6	0.01808	0.01561	0.01644	0.01479	0.01890	0.01808	0.01151	0.03863	0.68606	0.03041	0.02959	0.02712	0.02219	0.00986	0.00740	0.00247	0.00575	0.00822	0.00740	0.01151
7	0.79588	0.01406	0.01068	0.00956	0.01406	0.01631	0.00787	0.02137	0.01237	0.03261	0.01012	0.01181	0.00787	0.00675	0.00450	0.00225	0.00562	0.00394	0.00450	0.00787
8	0.01808	0.01561	0.01644	0.01479	0.01890	0.01808	0.01151	0.03863	0.68606	0.03041	0.02959	0.02712	0.02219	0.00986	0.00740	0.00247	0.00575	0.00822	0.00740	0.01151
9	0.01373	0.01292	0.02180	0.72707	0.05006	0.01615	0.02019	0.01857	0.01453	0.01857	0.01292	0.01938	0.00969	0.00727	0.00727	0.00242	0.00969	0.00646	0.00323	0.00807
10	0.02632	0.01971	0.02108	0.01646	0.02204	0.02193	0.01350	0.58786	0.12340	0.04370	0.01911	0.01878	0.01371	0.00888	0.00729	0.00222	0.00769	0.00677	0.00729	0.01224
11	0.01057	0.00705	0.00793	0.00793	0.00793	0.00705	0.00440	0.01057	0.01057	0.01409	0.02290	0.04757	0.02643	0.74454	0.03700	0.00705	0.00705	0.01057	0.00440	0.00440
12	0.00902	0.00661	0.00848	0.00964	0.01050	0.00606	0.00661	0.01066	0.01516	0.02015	0.13444	0.56195	0.13170	0.02114	0.00910	0.00280	0.00404	0.01897	0.00692	0.00606
13	0.01778	0.01706	0.02913	0.07763	0.66779	0.01722	0.02221	0.02213	0.01645	0.02350	0.01364	0.01806	0.01143	0.00651	0.00720	0.00217	0.00869	0.00648	0.00358	0.01135
14	0.01871	0.01886	0.02687	0.10261	0.51350	0.10165	0.02042	0.02383	0.06003	0.02298	0.01433	0.01812	0.01177	0.00689	0.00714	0.00217	0.00909	0.00637	0.00383	0.01082
15	0.71994	0.01418	0.01191	0.01118	0.03760	0.01638	0.00872	0.02168	0.01272	0.05145	0.01076	0.01254	0.00835	0.00701	0.00535	0.00228	0.03106	0.00421	0.00455	0.00813
16	0.00936	0.00708	0.00870	0.00936	0.01081	0.00642	0.00686	0.01148	0.01649	0.02157	0.19804	0.32053	0.24964	0.01941	0.00898	0.00269	0.00410	0.07520	0.00703	0.00626
17	0.01040	0.00772	0.01134	0.01134	0.01251	0.00890	0.00865	0.01276	0.01158	0.01662	0.01979	0.03031	0.01894	0.11827	0.65302	0.01125	0.01832	0.00805	0.00394	0.00630
18	0.01010	0.00773	0.00946	0.00991	0.01191	0.00709	0.00801	0.01286	0.01761	0.02271	0.21398	0.07032	0.31345	0.01812	0.00909	0.00273	0.00467	0.23670	0.00704	0.00651
19	0.03099	0.01242	0.01670	0.01273	0.01843	0.01059	0.01049	0.03384	0.02028	0.64135	0.02722	0.02385	0.01733	0.00866	0.00713	0.00214	0.00611	0.00703	0.00856	0.08412
20	0.02366	0.35781	0.02851	0.01588	0.02075	0.40471	0.01332	0.02574	0.01796	0.01748	0.01072	0.01245	0.00935	0.00692	0.00570	0.00173	0.01069	0.00432	0.00346	0.00883
21	0.00906	0.00759	0.00793	0.00798	0.01028	0.00660	0.00593	0.01164	0.04177	0.02045	0.10182	0.12730	0.57985	0.01829	0.00861	0.00249	0.00379	0.01543	0.00684	0.00636
22	0.68964	0.01605	0.01248	0.01207	0.04795	0.07875	0.00912	0.02210	0.01331	0.03086	0.01039	0.01222	0.00818	0.00680	0.00481	0.00221	0.00644	0.00413	0.00439	0.00810
23	0.01597	0.01350	0.01459	0.01344	0.01686	0.01521	0.01031	0.03206	0.52150	0.02881	0.11280	0.09765	0.05203	0.01194	0.00775	0.00249	0.00526	0.01020	0.00739	0.01025
24	0.01846	0.01711	0.02910	0.04360	0.67727	0.01706	0.02193	0.02273	0.01669	0.04567	0.01416	0.01821	0.01172	0.00656	0.00720	0.00216	0.00856	0.00650	0.00377	0.01154
25	0.72727	0.01590	0.01157	0.01038	0.01481	0.07870	0.00842	0.02205	0.01311	0.03129	0.01022	0.01192	0.00801	0.00681	0.00468	0.00222	0.00629	0.00400	0.00443	0.00792
26	0.01826	0.01535	0.02181	0.49535	0.04109	0.01824	0.01811	0.23269	0.02094	0.02746	0.01440	0.01875	0.01056	0.00774	0.00727	0.00234	0.00914	0.00649	0.00455	0.00947
27	0.01402	0.01038	0.01558	0.01651	0.08367	0.01001	0.06083	0.01797	0.03760	0.07658	0.12044	0.05989	0.11673	0.01565	0.00899	0.00281	0.00646	0.31139	0.00654	0.00795
28	0.01227	0.01067	0.01645	0.01467	0.01597	0.01269	0.07132	0.01451	0.01211	0.01743	0.01878	0.08861	0.01898	0.12138	0.33462	0.00740	0.19233	0.00896	0.00401	0.00685
29	0.01373	0.01292	0.02180	0.72707	0.05006	0.01615	0.02019	0.01857	0.01453	0.01857	0.01292	0.01938	0.00969	0.00727	0.00727	0.00242	0.00969	0.00646	0.00323	0.00807
30	0.00902	0.00674	0.00838	0.00932	0.01042	0.00611	0.00647	0.01076	0.01559	0.02047	0.15040	0.47394	0.20490	0.02050	0.00901	0.00273	0.00397	0.01823	0.00694	0.00611
31	0.01685	0.01604	0.02729	0.17980	0.54358	0.01674	0.02139	0.02121	0.01596	0.02245	0.01374	0.01867	0.01140	0.00844	0.03391	0.00257	0.00925	0.00652	0.00354	0.01064
32	0.01684	0.01613	0.02726	0.21133	0.50683	0.01723	0.02148	0.02116	0.01580	0.02217	0.01329	0.01823	0.01097	0.00697	0.00801	0.00227	0.04356	0.00647	0.00349	0.01050
33	0.01263	0.01114	0.01261	0.01237	0.01399	0.09816	0.00955	0.01517	0.01295	0.01741	0.01860	0.02655	0.01708	0.04670	0.59720	0.01004	0.01801	0.00735	0.03574	0.00675
34	0.06330	0.01318	0.01707	0.01315	0.01874	0.01201	0.01086	0.09394	0.02170	0.61600	0.02688	0.02354	0.01706	0.00888	0.00719	0.00224	0.00633	0.00710	0.00865	0.01219
35	0.01057	0.00705	0.00793	0.00793	0.00793	0.00705	0.00440	0.01057	0.01057	0.01409	0.02290	0.04757	0.02643	0.74454	0.03700	0.00705	0.00705	0.01057	0.00440	0.00440
36	0.01943	0.74891	0.03809	0.01244	0.01866	0.02876	0.01244	0.02177	0.01477	0.01710	0.01011	0.01166	0.00933	0.00622	0.00466	0.00155	0.00777	0.00389	0.00311	0.00933
37	0.00886	0.00633	0.00843	0.01012	0.01054	0.00590	0.00675	0.01012	0.01392	0.01856	0.04006	0.73979	0.04808	0.02277	0.00928	0.00295	0.00422	0.02066	0.00675	0.00590
38	0.00897	0.00647	0.00853	0.01013	0.01071	0.00603	0.00691	0.01037	0.01419	0.01876	0.04176	0.67407	0.08202	0.02242	0.00928	0.00294	0.00430	0.04943	0.00675	0.00595
39	0.03261	0.01237	0.01687	0.01293	0.01856	0.01068	0.01068	0.03543	0.02081	0.70423	0.02868	0.02474	0.01799	0.00900	0.00731	0.00225	0.00619	0.00731	0.00900	0.01237
40	0.01058	0.00756	0.01041	0.01209	0.01326	0.00739	0.00974	0.01310	0.01561	0.02048	0.03911	0.34363	0.04432	0.02115	0.00974	0.00319	0.00571	0.39985	0.00671	0.00638
41	0.28842	0.02006	0.20938	0.01398	0.02066	0.01435	0.01428	0.02712	0.01638	0.28252	0.01793	0.01767	0.01206	0.00764	0.00624	0.00226	0.00728	0.00561	0.00579	0.01037
42	0.01943	0.74891	0.03809	0.01244	0.01866	0.02876	0.01244	0.02177	0.01477	0.01710	0.01011	0.01166	0.00933	0.00622	0.00466	0.00155	0.00777	0.00389	0.00311	0.00933
43	0.00886	0.00633	0.00843	0.01012	0.01054	0.00590	0.00675	0.01012	0.01392	0.01856	0.04006	0.73979	0.04808	0.02277	0.00928	0.00295	0.00422	0.02066	0.00675	0.00590
44	0.00897	0.00743	0.00789	0.00790	0.01023	0.00634	0.00602	0.01109	0.01708	0.02094	0.14935	0.06864	0.58338	0.01805	0.00867	0.00248	0.00381	0.04860	0.00690	0.00626
45	0.56635	0.05293	0.01412	0.01119	0.01546	0.01700	0.00932	0.02331	0.04435	0.10120	0.01292	0.01425	0.00983	0.00765	0.00673	0.00231	0.07284	0.00471	0.00491	0.00860
46	0.01896	0.01583	0.02396	0.02236	0.16044	0.01473	0.13454	0.07635	0.07948	0.08890	0.01675	0.01869	0.01281	0.00676	0.00686	0.00187	0.00763	0.00635	0.00500	0.28174
47	0.05530	0.71497	0.03682	0.01230	0.01844	0.02819	0.01223	0.02175	0.01466	0.01782	0.01011	0.01167	0.00926	0.00624	0.00466	0.00159	0.00767	0.00389	0.00317	0.00926
48	0.02191	0.01450	0.01640	0.01408	0.01853	0.01569	0.01113	0.05650	0.45464	0.21194	0.06117	0.02749	0.02300	0.00984	0.00743	0.00239	0.00583	0.00816	0.00785	0.01154
49	0.00999	0.00638	0.00866	0.00977	0.01004	0.00611	0.00644	0.00999	0.01247	0.01663	0.03143	0.49343	0.03696	0.08392	0.01662	0.20945	0.00500	0.01605	0.00561	0.00506
50	0.02718	0.03398	0.02066	0.01863	0.02248	0.68335	0.01403	0.05886	0.02123	0.01908	0.01152	0.01331	0.00950	0.00755	0.00659	0.00189	0.01287	0.00477	0.00391	0.00861
51	0.01038	0.00779	0.01168	0.01168	0.01298	0.00909	0.00909	0.01298	0.01168	0.01687	0.01947	0.02856	0.01817	0.05452	0.71573	0.01168	0.01947	0.00779	0.00389	0.00649
52	0.01030	0.00741	0.00962	0.00908	0.01070	0.00687	0.00673	0.01355	0.02005	0.02835	0.65984	0.05394	0.06636	0.05340	0.01007	0.00254	0.00362	0.01301	0.00781	0.00673
53	0.01512	0.01436	0.02415	0.49761	0.20735	0.01660	0.04302	0.02071	0.05059	0.02063	0.01405	0.01946	0.01084	0.00717	0.00730	0.00236	0.00931	0.00663	0.00356	0.00916
54	0.01735	0.01662	0.02836	0.14643	0.60235	0.01710	0.02199	0.02175	0.01625	0.02298	0.01356	0.01820	0.01124	0.00659	0.00721	0.00220	0.00879	0.00647	0.00354	0.01100
55	0.01039	0.00776	0.01154	0.01154	0.01279	0.00901	0.00891	0.01289	0.01164	0.01677	0.01960	0.02926	0.01848	0.07989	0.69078	0.01151	0.01901	0.00789	0.00391	0.00641
56	0.00886	0.00633	0.00843	0.01012	0.01054	0.00590	0.00675	0.01012	0.01392	0.01856	0.04006	0.73979	0.04808	0.02277	0.00928	0.00295	0.00422	0.02066	0.00675	0.00590
57	0.01373	0.01292	0.02180	0.72707	0.05006	0.01615	0.02019	0.01857	0.01453	0.01857	0.01292	0.01938	0.00969	0.00727	0.00727	0.00242	0.00969	0.00646	0.00323	0.00807
58	0.00881	0.00650	0.00825	0.00965	0.01042	0.00594	0.00654	0.01017	0.01437	0.01874	0.04585	0.62432	0.15981	0.02202	0.00916	0.00287	0.00412	0.01975	0.00675	0.00594
59	0.01799	0.01727	0.02950	0.04462	0.69919	0.01727	0.02231	0.02231	0.01655	0.02375	0.01367	0.01799	0.01151	0.00648	0.00720	0.00216	0.00864	0.00648	0.00360	0.01151
60	0.10024	0.01976	0.02076	0.01605	0.02174	0.02195	0.01325	0.61319	0.03212	0.04456	0.01676	0.01692	0.01194	0.00854	0.00701	0.00219	0.00777	0.00630	0.00701	0.01194
61	0.01808	0.01561	0.01644	0.01479	0.01890	0.01808	0.01151	0.03863	0.68606	0.03041	0.02959	0.02712	0.02219	0.00986	0.00740	0.00247	0.00575	0.00822	0.00740	0.01151
62	0.01035	0.00713	0.00812	0.00804	0.00851	0.00694	0.00485	0.01099	0.01250	0.01668	0.12014	0.05056	0.09411	0.57702	0.03046	0.00597	0.00624	0.01137	0.00512	0.00490
63	0.01087	0.00792	0.01065	0.01212	0.01369	0.00770	0.01016	0.01370	0.01627	0.02099	0.04317	0.18325	0.12547	0.02029	0.00974	0.00317	0.00593	0.47170	0.00671	0.00650
64	0.01041	0.00767	0.01110	0.01110	0.01219	0.00877	0.00835	0.01260	0.01151	0.01644	0.02001	0.03153	0.01946	0.16233	0.60969	0.01096	0.01753	0.00822	0.00397	0.00616
65	0.01043	0.00762	0.01084	0.01084	0.01185	0.00863	0.00804	0.01244	0.01143	0.01625	0.02024	0.03280	0.02002	0.20860	0.56417	0.01065	0.01670	0.00841	0.00401	0.00602
66	0.01943	0.74891	0.03809	0.01244	0.01866	0.02876	0.01244	0.02177	0.01477	0.01710	0.01011	0.01166	0.00933	0.00622	0.00466	0.00155	0.00777	0.00389	0.00311	0.00933
67	0.01057	0.00705	0.00793	0.00793	0.00793	0.00705	0.00440	0.01057	0.01057	0.01409	0.02290	0.04757	0.02643	0.74454	0.03700	0.00705	0.00705	0.01057	0.00440	0.00440
68	0.01943	0.74891	0.03809	0.01244	0.01866	0.02876	0.01244	0.02177	0.01477	0.01710	0.01011	0.01166	0.00933	0.00622	0.00466	0.00155	0.00777	0.00389	0.00311	0.00933
69	0.01907	0.02408	0.14512	0.03518	0.43423	0.14675	0.04548	0.02371	0.01712	0.02250	0.01315	0.01669	0.01070	0.00673	0.00708	0.00214	0.00996	0.00603	0.00354	0.01075
70	0.00965	0.00705	0.00907	0.00932	0.01066	0.00647	0.00670	0.01220	0.01796	0.02471	0.41764	0.28816	0.11765	0.01786	0.00881	0.00253	0.00372	0.01589	0.00746	0.00647
71	0.00859	0.00736	0.00736	0.00736	0.00982	0.00614	0.00552	0.01043	0.01657	0.01964	0.07364	0.06996	0.69624	0.01841	0.00859	0.00245	0.00368	0.01534	0.00675	0.00614
72	0.02642	0.01976	0.02113	0.01648	0.02208	0.02198	0.01352	0.59429	0.11682	0.04386	0.01899	0.01868	0.01361	0.00887	0.00729	0.00222	0.00771	0.00676	0.00729	0.01225
73	0.03182	0.01220	0.01662	0.01280	0.01828	0.01055	0.01055	0.03465	0.02080	0.68025	0.05236	0.02579	0.01979	0.00921	0.00735	0.00225	0.00609	0.00752	0.00896	0.01217
74	0.02986	0.01278	0.01668	0.01308	0.01837	0.01171	0.01070	0.06408	0.08287	0.57595	0.06345	0.02619	0.02079	0.00937	0.00738	0.00227	0.00608	0.00767	0.00872	0.01200
75	0.02154	0.01611	0.06147	0.01508	0.02152	0.01336	0.08533	0.11109	0.04429	0.20088	0.01838	0.01883	0.01319	0.00709	0.00665	0.00180	0.00704	0.00606	0.00587	0.32443
76	0.01584	0.05886	0.01475	0.01143	0.01466	0.01211	0.00915	0.14447	0.05122	0.06392	0.41858	0.04150	0.04690	0.01250	0.00791	0.00222	0.00499	0.03013	0.00742	0.03144
77	0.02141	0.29444	0.09038	0.01656	0.02243	0.21346	0.05733	0.08315	0.06140	0.02195	0.01302	0.01458	0.01060	0.00704	0.00608	0.00186	0.00958	0.00508	0.00402	0.04562
78	0.01836	0.59148	0.18611	0.01427	0.02149	0.02613	0.01563	0.02204	0.01490	0.01841	0.01076	0.01248	0.00930	0.00637	0.00516	0.00172	0.00843	0.00422	0.00310	0.00964

[dist]
# distance from previous block
# <min> <max>
0	1

[block]
# block no. 7 follows, 28 sequences, length 49
# corresponding to MSA columns:
# 212-260
name=unknown_H
#
# <colnr> <probs for GDERKNQSTAVLIFYWHMCP>
#	G	D	E	R	K	N	Q	S	T	A	V	L	I	F	Y	W	H	M	C	P
0	0.01799	0.01727	0.02950	0.04462	0.69919	0.01727	0.02231	0.02231	0.01655	0.02375	0.01367	0.01799	0.01151	0.00648	0.00720	0.00216	0.00864	0.00648	0.00360	0.01151
1	0.01676	0.01863	0.03946	0.05284	0.06674	0.01755	0.57531	0.02251	0.01686	0.02303	0.01524	0.03951	0.01203	0.00662	0.00836	0.00239	0.01149	0.00857	0.00377	0.04231
2	0.01651	0.01447	0.01924	0.01517	0.05807	0.01208	0.07636	0.07493	0.01699	0.02553	0.01353	0.01589	0.01097	0.00580	0.00597	0.00137	0.00648	0.00505	0.00446	0.60115
3	0.00886	0.00633	0.00843	0.01012	0.01054	0.00590	0.00675	0.01012	0.01392	0.01856	0.04006	0.73979	0.04808	0.02277	0.00928	0.00295	0.00422	0.02066	0.00675	0.00590
4	0.01659	0.01412	0.01515	0.01395	0.01757	0.01606	0.01080	0.03391	0.56794	0.02885	0.05633	0.08306	0.04900	0.01161	0.00771	0.00252	0.00552	0.03139	0.00733	0.01059
5	0.01934	0.70016	0.03665	0.01259	0.01867	0.02805	0.01238	0.02289	0.05940	0.01799	0.01140	0.01269	0.01018	0.00646	0.00485	0.00162	0.00764	0.00417	0.00339	0.00947
6	0.00930	0.00664	0.00895	0.01063	0.01125	0.00629	0.00752	0.01089	0.01436	0.01906	0.03982	0.63695	0.04710	0.02235	0.00940	0.00301	0.00460	0.11910	0.00674	0.00603
7	0.03261	0.01237	0.01687	0.01293	0.01856	0.01068	0.01068	0.03543	0.02081	0.70423	0.02868	0.02474	0.01799	0.00900	0.00731	0.00225	0.00619	0.00731	0.00900	0.01237
8	0.02715	0.03464	0.02060	0.01873	0.02247	0.71536	0.01404	0.02903	0.02060	0.01779	0.01124	0.01311	0.00936	0.00749	0.00655	0.00187	0.01311	0.00468	0.00375	0.00843
9	0.01456	0.01377	0.02331	0.59368	0.17694	0.01637	0.02060	0.01930	0.01493	0.01958	0.01307	0.01911	0.01005	0.00711	0.00725	0.00237	0.00948	0.00646	0.00330	0.00875
10	0.00886	0.00633	0.00843	0.01012	0.01054	0.00590	0.00675	0.01012	0.01392	0.01856	0.04006	0.73979	0.04808	0.02277	0.00928	0.00295	0.00422	0.02066	0.00675	0.00590
11	0.01057	0.00705	0.00793	0.00793	0.00793	0.00705	0.00440	0.01057	0.01057	0.01409	0.02290	0.04757	0.02643	0.74454	0.03700	0.00705	0.00705	0.01057	0.00440	0.00440
12	0.01944	0.68020	0.07677	0.01316	0.01955	0.05389	0.01335	0.02211	0.01502	0.01748	0.01032	0.01193	0.00932	0.00631	0.00487	0.00161	0.00815	0.00400	0.00313	0.00938
13	0.02536	0.05403	0.02038	0.01712	0.02132	0.44242	0.01325	0.15930	0.09588	0.02522	0.01503	0.01611	0.01180	0.00800	0.00666	0.00198	0.01064	0.00551	0.04049	0.00951
14	0.01048	0.00717	0.00850	0.00832	0.00887	0.00699	0.00519	0.01158	0.01377	0.01891	0.23807	0.04972	0.03992	0.51106	0.02790	0.00552	0.00589	0.01139	0.00556	0.00519
15	0.01458	0.03760	0.70688	0.02072	0.03146	0.01688	0.02686	0.02302	0.01535	0.02302	0.01304	0.01535	0.00921	0.00691	0.00691	0.00230	0.01074	0.00537	0.00307	0.01074
16	0.01727	0.01857	0.08640	0.11094	0.57733	0.01713	0.02248	0.02199	0.01625	0.02317	0.01354	0.01790	0.01114	0.00659	0.00718	0.00220	0.00892	0.00638	0.00352	0.01110
17	0.00886	0.00633	0.00843	0.01012	0.01054	0.00590	0.00675	0.01012	0.01392	0.01856	0.04006	0.73979	0.04808	0.02277	0.00928	0.00295	0.00422	0.02066	0.00675	0.00590
18	0.01501	0.08518	0.63592	0.02054	0.03084	0.01775	0.05075	0.02295	0.01538	0.02263	0.01291	0.01526	0.00929	0.00683	0.00682	0.00226	0.01060	0.00539	0.00310	0.01061
19	0.10633	0.48492	0.13724	0.01344	0.01982	0.04917	0.01391	0.02171	0.01514	0.02052	0.05092	0.01481	0.01263	0.00694	0.00529	0.00180	0.00793	0.00470	0.00357	0.00921
20	0.03261	0.01237	0.01687	0.01293	0.01856	0.01068	0.01068	0.03543	0.02081	0.70423	0.02868	0.02474	0.01799	0.00900	0.00731	0.00225	0.00619	0.00731	0.00900	0.01237
21	0.02108	0.01201	0.01475	0.01210	0.01596	0.01178	0.00967	0.17981	0.02393	0.23291	0.33442	0.03666	0.04004	0.01164	0.00789	0.00225	0.00535	0.00983	0.00812	0.00982
22	0.01724	0.01611	0.02667	0.25408	0.45860	0.01723	0.02115	0.05954	0.01696	0.02344	0.01366	0.01839	0.01100	0.00685	0.00722	0.00224	0.00892	0.00648	0.00370	0.01050
23	0.01731	0.01849	0.05562	0.08601	0.20291	0.08879	0.12661	0.02519	0.16293	0.02358	0.02156	0.05206	0.04696	0.00898	0.00764	0.00236	0.00880	0.02949	0.00477	0.00995
24	0.01697	0.01725	0.05265	0.16486	0.49989	0.01733	0.04901	0.02148	0.01592	0.02249	0.01337	0.01812	0.01099	0.00690	0.00801	0.00227	0.04183	0.00652	0.00350	0.01063
25	0.02595	0.14883	0.02355	0.01751	0.02186	0.53482	0.01376	0.09255	0.02102	0.02049	0.01168	0.01331	0.00966	0.00741	0.00632	0.00185	0.01173	0.00474	0.00400	0.00897
26	0.00895	0.00642	0.00836	0.00987	0.01036	0.00598	0.00655	0.01016	0.01384	0.01834	0.04059	0.66850	0.07639	0.06503	0.01088	0.00317	0.00436	0.01983	0.00661	0.00583
27	0.01986	0.01550	0.04807	0.01272	0.01914	0.01279	0.01077	0.15599	0.01975	0.11431	0.01585	0.01680	0.01194	0.00660	0.00609	0.00151	0.00627	0.00520	0.00545	0.49541
28	0.01597	0.02792	0.34970	0.02605	0.03497	0.01769	0.37433	0.02316	0.01632	0.02316	0.01394	0.01764	0.01019	0.00649	0.00781	0.00238	0.01156	0.00710	0.00340	0.01024
29	0.01808	0.01561	0.01644	0.01479	0.01890	0.01808	0.01151	0.03863	0.68606	0.03041	0.02959	0.02712	0.02219	0.00986	0.00740	0.00247	0.00575	0.00822	0.00740	0.01151
30	0.01579	0.02931	0.40461	0.02596	0.06911	0.01750	0.28609	0.02309	0.01614	0.02316	0.01375	0.01720	0.01006	0.00657	0.00759	0.00235	0.01124	0.00672	0.00334	0.01041
31	0.02516	0.01817	0.01976	0.01573	0.02088	0.01996	0.01277	0.50346	0.11554	0.07861	0.02147	0.07758	0.01683	0.01002	0.00745	0.00228	0.00730	0.00795	0.00734	0.01173
32	0.01426	0.00890	0.01026	0.04200	0.01308	0.00959	0.00768	0.07331	0.05559	0.02630	0.02295	0.05601	0.01905	0.01742	0.13375	0.00367	0.00714	0.00759	0.46397	0.00750
33	0.01038	0.00779	0.01168	0.01168	0.01298	0.00909	0.00909	0.01298	0.01168	0.01687	0.01947	0.02856	0.01817	0.05452	0.71573	0.01168	0.01947	0.00779	0.00389	0.00649
34	0.01860	0.01885	0.03584	0.05467	0.23525	0.04437	0.39307	0.02378	0.01724	0.06312	0.01503	0.01917	0.01148	0.00649	0.00797	0.00233	0.01076	0.00766	0.00395	0.01036
35	0.08429	0.36109	0.24922	0.01712	0.04951	0.06370	0.04116	0.02264	0.01525	0.02084	0.01142	0.01347	0.00931	0.00657	0.00572	0.00193	0.00906	0.00468	0.00329	0.00971
36	0.01808	0.01561	0.01644	0.01479	0.01890	0.01808	0.01151	0.03863	0.68606	0.03041	0.02959	0.02712	0.02219	0.00986	0.00740	0.00247	0.00575	0.00822	0.00740	0.01151
37	0.01870	0.01957	0.12883	0.02534	0.24124	0.01736	0.01744	0.05354	0.30191	0.06729	0.02136	0.02184	0.01610	0.00821	0.00725	0.00232	0.00757	0.00710	0.00558	0.01147
38	0.01328	0.01010	0.01182	0.01132	0.03303	0.02840	0.00813	0.01884	0.12114	0.05719	0.39329	0.04546	0.08848	0.08646	0.01098	0.00274	0.00478	0.01125	0.00713	0.03615
39	0.00890	0.00719	0.00796	0.00841	0.01032	0.00624	0.00621	0.01077	0.01616	0.01994	0.09244	0.22176	0.48391	0.01933	0.00883	0.00261	0.00396	0.05211	0.00680	0.00615
40	0.00886	0.00633	0.00843	0.01012	0.01054	0.00590	0.00675	0.01012	0.01392	0.01856	0.04006	0.73979	0.04808	0.02277	0.00928	0.00295	0.00422	0.02066	0.00675	0.00590
41	0.01695	0.01865	0.03828	0.06418	0.10842	0.01856	0.50256	0.02235	0.01634	0.02251	0.01397	0.01904	0.01086	0.00691	0.00996	0.00249	0.08664	0.00802	0.00360	0.00971
42	0.01546	0.14621	0.56986	0.01995	0.02982	0.01879	0.05774	0.02284	0.01535	0.02212	0.01268	0.01500	0.00932	0.00676	0.00665	0.00219	0.01036	0.00531	0.00311	0.01048
43	0.01029	0.00743	0.00972	0.00914	0.01086	0.00686	0.00686	0.01372	0.02058	0.02915	0.69536	0.05430	0.06859	0.01486	0.00857	0.00229	0.00343	0.01315	0.00800	0.00686
44	0.01171	0.00837	0.01171	0.01339	0.01506	0.00837	0.01171	0.01506	0.01673	0.02175	0.03849	0.08199	0.04183	0.02008	0.01004	0.00335	0.00669	0.65027	0.00669	0.00669
45	0.01880	0.52443	0.07348	0.01454	0.04265	0.02537	0.01344	0.02546	0.15832	0.02053	0.01457	0.01540	0.01214	0.00705	0.00547	0.00181	0.00755	0.00499	0.00404	0.00995
46	0.01449	0.01370	0.02318	0.60511	0.16606	0.01635	0.02057	0.01924	0.01490	0.01950	0.01305	0.01913	0.01002	0.00713	0.00725	0.00238	0.00950	0.00646	0.00330	0.00869
47	0.01157	0.00832	0.01151	0.01311	0.01482	0.00826	0.01143	0.01485	0.01673	0.02166	0.04010	0.08144	0.07194	0.02000	0.00997	0.00331	0.00655	0.62106	0.00670	0.00667
48	0.02898	0.08638	0.01882	0.01280	0.01847	0.01283	0.01073	0.03278	0.05708	0.53962	0.02553	0.02274	0.01675	0.00846	0.00689	0.00209	0.00625	0.00676	0.00792	0.07813

[dist]
# distance from previous block
# <min> <max>
0	6

# created by:
# /st0/software/busco_prod/Augustus/scripts/msa2prfl.pl ./align_prep/139365.fa
